 0 186 251 135 261 27 117 446 206 40 27 131 80 138 445 279 192 203 66 101 0 3 0 0 3 204 0 204 1 0 0 2 0 2 0 0 2 5 0 2 0 0 0 0 0 0 61 0 3 0 0 1 0 0 0 0 0 65 3 2 0 0 0 0 0 0 0 0 2 2 0 0 0 0 0 0 2 1 39 0 53 10 18 1 11 11 14 38 20 0 29 22 14 31 21 15 114 39 24 10 0 0 0 0 0 0 0 0 0 0 0 0 0 0 0 0 0 1 21 0 0 0 0 0 0 0 0 0 0 0 0 0 0 0 0 0 0 0 0 0 0 0 0 0 0 0 0 0 0 2 1 0 0 0 0 1 0 0 0 0 0 15 0 24 7 11 22 10 10 0 31 21 0 12 9 16 24 24 0 10 14 0 0 0 0 0 0 0 0 0 0 0 2 0 0 0 0 0 1 0 0 0 0 0 1 0 0 0 0 2 0 7 0 0 0 0 0 0 0 3 0 0 0 0 0 0 0 0 0 0 0 0 2 0 0 1 0 0 0 0 0 15 0 0 0 0 0 1 92 1 12 11 0 0 0 0 0 0 0 0 0 0 0 0 0 0 2 0 0 0 0 0 0 0 0 14 24 0 0 0 0 0 0 0 0 0 0 0 0 0 
 186 0 281 57 323 115 174 85 401 33 332 109 40 27 94 54 49 194 50 32 0 2 1 0 0 0 0 0 0 0 0 5 0 0 0 0 0 0 0 2 0 0 0 0 0 0 0 0 3 0 0 0 0 0 0 2 0 0 3 3 0 1 0 0 0 0 0 0 0 2 0 0 4 0 6 0 3 0 0 0 9 25 39 2 15 17 0 18 13 10 53 21 0 37 39 7 19 0 0 14 0 0 0 0 0 0 0 0 0 2 0 0 0 0 0 0 0 0 36 17 0 0 0 0 0 0 0 0 1 0 0 0 0 0 0 1 0 0 18 0 0 0 0 0 0 0 0 0 0 0 0 0 0 0 0 0 0 0 1 0 9 0 12 19 10 23 0 0 0 0 22 0 0 13 14 15 15 0 0 0 29 0 0 0 0 0 0 0 2 0 0 0 0 0 0 0 0 0 1 0 2 1 66 0 0 0 0 0 0 0 0 0 0 0 5 0 0 0 0 0 0 0 0 0 0 0 0 0 35 0 0 0 0 0 0 0 0 0 0 0 0 0 0 0 0 0 0 0 1 0 2 11 0 0 0 0 0 0 0 0 0 0 0 0 0 0 0 0 0 0 0 0 0 0 0 19 10 13 0 0 0 0 0 0 0 0 0 0 0 0 
 251 281 0 172 41 260 376 75 295 146 64 201 152 134 128 220 287 59 260 119 76 2 1 2 0 0 0 77 0 2 2 2 0 0 0 2 0 1 61 67 0 0 57 1 2 0 0 8 3 0 2 1 0 0 0 1 2 0 3 7 0 5 0 0 2 3 0 0 0 2 0 2 0 0 0 0 3 2 0 0 36 31 20 39 41 10 13 0 0 21 15 0 0 22 14 1 11 0 0 50 0 0 0 0 16 0 16 0 0 0 0 0 0 10 0 0 0 0 7 18 0 0 0 0 2 0 2 0 0 0 0 0 0 0 0 0 0 20 0 1 6 0 0 0 1 26 0 0 0 0 0 0 0 0 0 0 0 0 0 0 39 0 0 0 81 0 0 14 40 15 17 17 0 12 42 3 31 18 2 12 0 13 0 0 0 0 32 10 0 0 0 0 0 21 0 0 0 0 73 2 0 0 4 0 0 0 0 0 0 0 0 0 23 0 0 0 0 0 2 2 0 0 0 0 0 0 0 0 0 0 0 0 0 0 0 6 0 0 0 0 0 0 0 0 0 0 9 2 0 47 2 8 0 0 0 0 0 0 0 0 1 0 14 0 0 0 0 0 0 0 0 0 0 0 0 0 0 0 0 0 0 0 0 0 0 0 0 0 0 0 
 135 57 172 0 229 127 90 174 198 144 298 229 301 69 302 267 113 155 160 268 76 78 1 3 0 0 75 2 0 2 1 2 0 0 77 1 1 0 213 132 0 2 18 0 0 3 0 66 3 0 0 0 0 0 0 2 3 0 3 7 0 3 0 1 0 0 0 0 0 5 0 0 0 0 0 0 3 0 0 2 0 11 11 49 37 0 14 3 14 14 11 18 0 0 0 2 1 32 0 0 0 15 0 0 0 0 10 15 0 0 0 0 5 0 0 10 16 0 24 22 0 0 0 0 0 0 0 0 0 0 0 2 0 0 0 0 0 0 0 0 0 0 0 8 0 3 0 0 0 0 0 0 0 0 0 0 0 0 2 0 0 0 0 32 16 0 15 0 18 24 61 0 0 0 16 23 25 17 0 0 0 9 0 0 0 0 55 9 0 0 0 0 3 20 0 1 0 0 18 13 0 0 0 0 0 0 0 0 0 0 0 0 0 0 0 0 0 0 0 0 0 0 0 0 0 0 0 0 0 0 0 0 0 0 0 0 0 0 0 0 0 0 0 0 0 1 53 0 1 47 0 6 0 2 0 0 0 0 2 0 0 0 11 0 0 0 0 0 0 0 0 0 0 0 0 0 10 0 0 0 0 0 0 0 0 0 0 0 0 0 
 261 323 41 229 0 73 62 163 145 152 191 84 84 57 431 216 283 140 76 71 1 22 76 0 0 0 81 21 1 0 0 2 78 3 73 100 159 0 74 52 0 0 0 0 0 1 0 0 3 0 0 0 0 0 0 0 0 0 3 2 0 0 0 0 0 0 0 0 1 2 0 0 0 0 0 0 3 0 0 0 2 0 24 10 19 25 16 1 16 0 22 40 0 9 17 13 1 34 1 0 7 7 0 10 17 0 1 0 0 7 14 0 14 19 11 19 0 1 25 0 0 0 0 0 0 0 0 0 0 0 0 0 0 0 0 0 0 2 0 0 0 0 2 0 0 0 0 0 0 0 0 1 0 0 0 0 0 0 0 0 0 1 0 15 0 30 0 9 0 2 11 30 0 0 0 0 1 7 0 0 26 10 0 0 0 0 20 0 10 17 0 0 14 14 26 14 0 1 17 0 0 0 0 0 0 0 0 0 0 0 0 0 0 0 0 0 0 0 0 0 0 0 0 0 2 0 0 0 0 0 0 0 0 0 0 0 0 0 1 0 0 0 0 0 0 5 94 0 3 5 2 8 2 0 0 0 0 0 1 0 0 0 0 0 0 1 0 0 0 0 0 0 0 0 0 13 11 0 0 0 0 0 0 0 0 0 0 0 0 0 
 27 115 260 127 73 0 56 37 151 49 262 288 43 32 43 99 92 88 58 56 136 1 0 0 0 0 74 23 0 1 0 2 92 58 98 1 0 0 63 159 0 0 10 0 0 0 0 3 3 0 0 2 4 0 0 2 7 2 3 3 0 11 0 0 0 0 0 0 0 2 0 0 0 0 35 0 3 0 0 2 0 0 0 10 1 14 0 0 3 27 1 0 0 0 0 16 0 0 0 0 0 9 0 0 0 0 51 64 0 0 0 0 30 8 30 11 14 0 16 49 0 0 0 1 0 0 0 2 0 0 0 0 1 0 0 0 0 0 0 0 0 0 0 1 0 0 0 0 0 0 0 0 0 0 2 0 0 0 9 0 0 0 24 0 16 12 0 0 1 0 44 0 0 0 0 1 6 2 0 0 30 0 0 13 0 0 62 10 0 20 0 1 20 32 39 11 0 0 35 20 0 0 0 0 0 0 0 0 0 0 17 0 0 0 0 0 0 0 0 0 0 0 0 0 0 0 0 0 0 0 0 0 0 0 0 0 1 0 0 0 0 0 0 0 0 1 6 0 1 8 1 3 0 0 0 0 0 0 0 0 0 0 0 0 0 0 0 0 0 0 0 0 0 0 0 14 0 12 0 0 0 0 0 0 0 0 0 0 0 0 
 117 174 376 90 62 56 0 100 66 30 18 55 119 33 125 100 85 121 131 117 0 2 0 0 0 0 0 0 0 0 0 2 4 0 0 0 0 0 0 2 0 0 0 0 0 0 0 0 3 0 0 0 0 0 0 1 0 2 3 2 0 2 1 0 17 0 0 0 1 5 4 5 0 0 0 0 3 1 0 10 13 0 15 1 0 17 16 1 21 0 10 23 0 27 14 13 18 17 0 24 0 2 0 1 0 0 0 0 0 0 0 0 0 0 0 0 0 0 0 0 0 0 1 0 0 0 0 0 0 0 0 0 0 0 0 0 0 0 0 0 0 0 0 0 0 0 0 0 0 0 0 0 0 0 0 0 0 0 0 0 1 1 0 15 0 12 4 9 9 1 15 13 0 0 0 0 1 9 1 13 14 0 0 0 0 0 0 0 0 0 0 0 0 0 0 2 0 0 0 0 0 0 0 0 0 0 0 0 0 0 0 0 0 0 0 0 0 0 0 1 0 0 1 0 0 0 0 0 0 0 0 0 0 0 0 0 1 0 0 0 0 0 0 0 0 0 0 0 0 0 0 7 0 1 0 0 0 0 0 0 0 0 0 0 0 0 0 0 0 0 0 0 0 0 0 14 10 0 0 0 0 0 0 0 0 0 0 0 0 0 
 446 85 75 174 163 37 100 0 87 124 38 49 93 200 143 94 73 156 159 138 2 1 0 0 0 0 0 0 2 0 0 2 88 0 0 0 2 33 82 2 0 0 2 0 0 0 0 0 3 0 0 1 5 0 0 2 3 10 3 3 0 2 0 0 0 4 0 0 0 2 0 0 0 0 0 0 3 0 0 54 26 24 29 25 19 0 10 2 27 0 11 30 16 9 13 0 13 20 17 0 0 0 0 0 0 0 0 0 0 0 0 0 0 19 0 0 0 0 10 1 0 0 0 14 0 0 0 1 0 0 0 0 0 0 0 0 0 0 0 0 0 0 0 0 0 0 0 0 0 0 0 0 0 0 1 0 0 0 0 0 0 17 14 7 12 1 38 0 1 0 0 1 0 47 0 23 29 0 8 15 0 0 0 0 0 0 0 0 0 0 0 9 1 0 0 0 0 0 0 1 0 0 0 0 0 0 0 0 0 0 14 0 0 0 0 0 0 0 0 0 0 0 0 0 0 0 0 0 0 0 0 0 0 0 0 0 0 0 0 0 0 12 0 0 0 34 1 0 3 1 0 2 14 0 0 0 0 0 0 0 0 0 0 0 0 0 0 0 0 0 0 0 0 0 0 0 41 0 0 0 0 0 0 0 0 0 0 0 0 0 
 206 401 295 198 145 151 66 87 0 365 62 138 499 302 115 199 58 333 193 78 5 2 3 1 0 0 74 0 1 0 0 2 99 6 3 1 0 0 77 86 0 0 0 0 0 0 4 0 3 0 4 0 75 0 0 1 0 1 3 5 0 1 0 0 4 69 40 0 0 46 0 0 0 0 0 0 3 0 0 0 12 23 12 28 37 0 22 0 0 27 19 11 14 7 46 35 0 0 0 12 0 0 0 0 2 0 10 1 9 0 0 0 0 19 0 0 0 0 26 20 0 0 0 0 0 0 0 0 0 0 0 0 0 0 0 0 0 0 0 0 0 0 0 7 0 0 0 0 0 0 0 0 0 0 0 0 0 0 14 0 33 0 20 14 34 13 1 16 30 15 1 22 0 10 9 22 16 0 2 0 27 0 0 0 0 0 26 0 0 1 0 21 0 0 0 0 0 0 0 2 0 0 0 0 0 2 0 0 2 0 0 0 0 0 0 0 0 0 0 0 0 0 0 0 0 1 14 0 0 0 0 0 0 0 0 0 0 1 0 0 0 0 0 0 0 1 3 1 0 92 2 2 0 0 1 0 0 1 0 0 0 0 0 47 0 0 0 0 0 0 0 0 0 0 0 10 11 13 0 0 0 0 0 0 0 0 0 0 0 0 
 40 33 146 144 152 49 30 124 365 0 155 131 50 166 304 286 78 136 86 155 76 2 0 2 0 0 1 2 0 0 2 7 17 1 0 0 0 2 63 94 0 0 0 0 0 0 3 2 5 0 3 0 0 0 0 0 0 5 0 10 0 7 2 0 0 0 0 0 0 0 3 0 0 5 0 0 0 0 0 4 15 12 17 53 76 1 0 13 46 59 32 21 0 0 17 13 17 1 0 11 14 0 0 0 0 0 0 0 0 0 2 0 1 9 0 0 0 0 13 15 0 1 0 0 0 0 0 0 0 0 0 0 0 0 0 0 0 0 0 0 0 0 0 0 0 0 12 0 0 0 0 0 0 0 0 0 0 0 0 0 9 10 21 31 8 1 0 10 27 9 47 1 0 0 21 0 31 34 0 13 0 9 0 0 0 0 3 13 0 0 0 0 9 46 0 0 2 0 23 1 0 0 0 0 0 0 0 0 0 0 0 0 0 0 0 0 0 0 0 0 0 0 0 0 0 0 0 0 0 0 0 15 0 0 0 0 0 0 0 0 0 0 0 0 0 0 0 0 88 138 7 15 0 0 0 0 0 0 0 0 0 0 9 0 0 0 0 0 0 0 0 2 0 0 0 0 1 0 0 0 0 0 0 0 0 0 0 0 0 0 
 27 332 64 298 191 262 18 38 62 155 0 123 45 32 63 435 167 51 45 226 33 1 0 0 0 0 27 22 64 2 0 2 22 111 165 1 9 0 74 63 0 0 33 0 0 0 1 63 7 0 0 0 0 0 0 4 0 0 3 3 0 0 0 42 0 6 0 1 0 2 0 0 0 1 0 0 3 0 0 33 22 0 0 0 18 33 20 27 17 15 11 0 0 0 20 16 17 33 0 4 0 23 0 9 2 0 23 10 0 13 0 0 17 10 19 34 24 0 3 23 0 0 6 0 0 0 0 0 0 0 0 0 0 0 0 0 0 0 0 0 0 0 0 0 0 0 0 16 20 0 0 0 0 0 0 0 0 0 0 0 18 10 0 0 15 1 0 34 0 9 21 14 0 0 0 0 11 12 11 0 0 0 0 0 0 0 36 0 0 32 0 0 11 12 26 10 0 0 53 15 0 0 0 0 0 0 0 0 0 0 0 0 0 0 0 0 0 0 0 0 0 0 0 0 0 0 0 0 0 0 0 0 0 0 0 0 0 0 0 0 0 0 0 0 0 0 13 0 1 5 2 3 18 0 0 0 0 0 0 0 0 0 0 0 0 0 0 0 0 0 0 0 0 0 0 0 0 0 0 0 0 0 0 0 0 0 0 0 0 0 
 131 109 201 229 84 288 55 49 138 131 123 0 255 32 69 35 398 182 141 25 69 3 1 1 2 0 0 3 1 0 0 2 77 0 75 0 2 0 147 94 0 0 15 2 0 0 0 67 3 0 0 0 0 0 0 0 0 0 3 5 0 11 0 0 0 0 0 0 2 2 0 0 0 0 1 0 2 1 0 0 0 0 10 39 15 19 0 5 10 26 0 0 0 0 0 7 1 44 0 0 0 29 0 0 0 0 27 27 0 0 0 0 9 0 20 15 15 0 47 43 0 0 0 0 0 2 0 0 0 0 0 1 0 0 0 0 0 0 0 0 0 0 0 0 0 0 0 0 0 0 0 0 0 0 0 0 0 0 5 0 0 0 1 0 16 12 21 0 18 14 70 0 0 0 15 14 13 14 0 0 2 7 1 0 0 0 43 2 0 0 15 0 12 17 2 0 0 46 13 43 0 0 0 0 0 0 0 0 0 0 0 0 0 0 0 0 0 15 0 0 0 0 0 0 0 0 0 0 0 0 0 0 0 0 0 0 0 0 18 0 0 0 0 0 0 3 7 1 0 93 0 1 0 0 1 0 0 0 0 0 0 0 13 0 0 0 0 0 0 0 0 0 0 0 0 16 10 10 0 0 0 0 0 0 0 0 0 0 0 0 
 80 40 152 301 84 43 119 93 499 50 45 255 0 438 53 27 302 61 135 251 0 3 0 0 0 0 0 2 0 0 1 2 1 0 0 2 0 3 1 2 0 0 0 0 0 3 0 0 66 0 0 63 0 0 0 1 0 0 3 2 0 0 0 0 0 0 3 0 0 2 0 0 3 0 0 0 3 0 1 0 42 0 0 0 0 0 10 0 27 9 0 0 26 1 0 0 17 0 21 41 0 0 0 0 0 0 0 0 0 0 0 0 0 0 0 0 0 0 0 0 0 0 0 1 0 0 0 0 0 0 0 0 0 0 0 0 0 0 0 0 0 0 0 0 0 0 0 0 0 0 0 0 0 0 0 0 0 0 0 0 1 2 0 0 0 0 4 0 9 7 0 0 12 0 1 0 0 0 15 13 0 0 0 0 0 0 0 0 0 0 0 1 0 0 0 0 0 0 0 0 0 0 0 1 0 0 0 0 0 0 0 0 0 0 0 0 0 0 0 0 0 0 0 1 0 0 0 0 0 0 0 0 0 0 0 0 0 0 0 0 0 0 0 0 0 3 0 0 1 2 2 17 0 0 0 0 0 0 0 0 0 0 0 0 0 0 0 0 0 0 0 0 0 0 0 0 0 0 0 0 0 0 0 0 0 0 0 0 0 0 
 138 27 134 69 57 32 33 200 302 166 32 32 438 0 133 29 109 53 192 176 0 3 0 0 2 1 0 61 0 0 0 2 0 0 0 1 0 0 0 2 0 0 0 0 1 0 0 0 3 0 0 0 0 0 0 2 0 0 3 3 0 0 0 0 0 6 0 0 0 47 0 0 0 0 0 0 3 0 0 0 24 14 10 0 12 1 25 0 41 25 1 0 16 7 18 12 0 26 7 0 0 0 0 0 0 0 0 0 0 19 0 0 2 0 0 0 0 0 0 0 0 0 0 0 0 0 0 0 9 0 0 0 0 0 0 0 0 0 0 0 9 1 0 0 0 2 0 1 0 0 0 0 2 0 0 1 2 0 0 0 23 23 33 10 0 1 32 16 0 0 19 10 0 36 13 28 0 18 11 14 0 0 0 0 0 0 0 0 0 0 0 0 9 0 0 0 0 0 19 0 0 0 12 0 0 0 0 0 0 0 0 0 0 0 0 0 0 0 0 0 0 0 0 0 0 0 0 0 0 2 0 0 0 1 0 0 0 0 0 0 0 0 0 0 0 1 0 0 12 0 8 16 17 0 0 0 0 0 0 0 0 0 0 0 0 0 0 0 63 0 0 0 0 0 0 0 0 0 0 0 0 0 0 0 0 0 0 0 0 0 
 445 94 128 302 431 43 125 143 115 304 63 69 53 133 0 246 125 130 71 105 3 4 3 4 1 2 0 2 4 3 2 6 77 1 0 2 1 0 0 2 3 3 3 0 0 2 0 0 5 3 3 2 0 0 0 4 0 1 3 12 0 51 5 0 0 0 0 0 0 2 0 0 0 4 0 0 8 0 5 0 14 0 24 31 53 0 1 2 32 5 11 46 14 18 15 15 33 13 14 10 0 1 0 0 0 0 0 0 0 0 1 0 0 20 0 0 0 0 10 3 0 0 0 0 0 0 0 0 0 0 0 0 0 5 0 0 0 0 0 0 2 0 0 0 0 0 0 0 0 0 0 0 0 0 0 0 0 0 0 0 0 9 17 43 19 9 23 0 11 12 35 44 0 0 51 10 11 25 0 10 29 11 0 0 0 0 0 0 0 0 1 0 7 0 0 0 2 0 1 1 0 0 0 0 0 0 0 2 0 0 0 1 0 1 0 0 0 0 0 0 0 0 0 0 0 0 0 0 0 0 0 0 0 0 0 0 0 1 0 0 0 0 0 0 0 0 0 2 48 4 8 7 0 0 0 0 0 0 0 0 0 0 13 0 0 0 0 0 0 1 0 0 0 0 0 11 15 0 0 0 0 0 0 0 0 0 0 0 0 2 
 279 54 220 267 216 99 100 94 199 286 435 35 27 29 246 0 261 444 21 141 0 1 0 0 0 0 0 1 1 0 0 209 79 0 0 0 18 0 0 75 0 0 7 0 65 0 1 4 3 0 0 0 0 0 0 2 0 0 3 5 52 0 0 0 0 1 0 0 3 2 0 0 0 0 0 0 3 0 0 0 10 0 24 25 46 0 53 19 13 18 39 62 0 29 47 9 18 17 0 38 19 0 0 0 0 0 7 11 9 0 0 0 0 13 0 9 0 0 48 28 0 0 0 0 0 0 0 0 0 0 0 0 0 0 0 0 0 0 13 0 0 0 0 0 0 0 0 0 0 0 0 0 0 0 0 0 0 0 0 0 32 15 0 23 33 39 0 25 15 46 9 55 0 0 31 0 15 46 0 4 25 6 0 0 0 0 14 0 0 0 0 29 0 0 0 0 0 0 24 42 0 0 0 0 0 0 0 0 0 0 0 0 0 0 0 0 0 0 0 0 0 10 0 0 0 0 0 0 0 0 0 0 0 0 0 0 0 0 0 0 0 0 0 0 0 2 1 0 2 3 0 7 0 0 0 0 0 0 0 0 0 0 61 0 0 0 0 0 0 0 0 0 0 0 0 1 29 0 0 0 0 0 0 0 0 0 0 0 0 0 
 192 49 287 113 283 92 85 73 58 78 167 398 302 109 125 261 0 82 118 355 0 1 0 0 2 0 0 2 0 0 0 5 0 0 4 3 3 0 4 7 0 0 4 0 0 0 0 8 3 0 0 0 0 0 42 2 3 98 6 6 0 2 0 0 0 2 0 0 0 4 0 0 0 0 1 0 3 1 0 6 39 0 16 32 15 1 21 29 43 11 0 1 18 14 24 14 52 35 31 23 0 0 0 0 0 0 7 1 0 1 0 0 0 0 19 0 0 0 11 47 0 0 0 0 0 0 0 0 2 0 0 0 0 0 0 2 0 0 0 0 0 0 0 0 0 0 0 0 0 0 0 0 0 0 0 0 0 0 0 0 3 13 2 3 29 0 32 11 11 27 10 55 0 1 28 13 12 36 9 9 0 12 2 0 0 0 16 0 0 0 0 0 0 0 0 0 0 0 0 12 1 2 0 0 0 0 0 0 0 0 0 0 0 0 0 0 0 0 0 0 15 0 0 0 0 0 0 0 0 0 0 0 0 0 0 0 0 0 0 0 0 1 2 0 0 1 0 0 1 1 2 8 14 0 0 0 0 0 0 0 0 0 11 0 0 0 0 0 0 0 0 0 0 0 0 0 10 0 0 0 0 0 0 0 2 0 0 0 0 0 
 203 194 59 155 140 88 121 156 333 136 51 182 61 53 130 444 82 0 29 35 83 3 0 0 3 0 19 0 4 0 0 2 73 0 0 3 93 0 138 67 0 0 0 3 0 2 0 1 5 2 62 3 0 0 2 0 0 3 3 4 4 7 2 0 51 0 4 2 5 3 2 0 2 3 43 3 4 3 0 2 11 44 22 35 53 11 0 0 15 35 39 39 0 24 9 17 1 1 14 0 29 0 0 0 0 0 8 11 0 1 0 0 0 1 0 0 0 0 14 17 0 0 0 0 0 0 0 0 2 0 0 0 0 0 0 2 0 0 0 0 27 0 0 3 0 0 0 0 0 0 0 0 0 0 0 0 0 0 9 0 0 55 31 9 13 20 0 0 17 30 0 15 0 13 0 2 31 11 0 0 6 0 0 0 0 0 19 10 1 0 0 0 10 21 0 0 0 0 22 26 1 2 0 0 0 0 0 0 0 0 0 0 0 0 0 0 0 0 0 0 0 0 0 0 0 0 0 0 0 0 9 0 0 0 0 0 0 0 0 0 0 10 0 0 0 0 85 0 8 44 0 10 0 15 0 0 0 0 0 0 0 0 0 0 0 0 2 0 0 0 0 0 0 0 0 13 14 1 0 0 0 0 0 0 0 0 0 0 0 0 
 66 50 260 160 76 58 131 159 193 86 45 141 135 192 71 21 118 29 0 101 2 2 0 0 0 81 0 0 2 2 1 2 0 0 0 0 0 0 26 4 0 0 0 0 0 1 0 0 6 0 0 0 0 0 0 5 0 0 6 6 0 5 0 0 3 1 0 2 6 34 0 1 0 0 0 3 5 0 0 0 0 17 0 12 0 11 7 67 0 10 11 0 17 0 19 13 0 72 38 0 0 0 0 0 2 0 0 0 0 0 0 0 0 0 0 0 0 0 0 0 0 0 0 37 0 0 0 0 7 0 0 0 0 0 0 0 0 0 0 0 0 0 0 2 21 0 0 0 0 0 0 0 0 0 0 0 0 0 0 0 21 0 11 10 14 0 17 20 38 19 0 5 23 0 9 30 10 7 41 13 0 0 0 0 1 0 0 0 0 1 0 0 0 0 0 0 0 0 0 2 0 0 0 0 12 2 0 0 2 0 0 0 1 0 0 0 0 0 0 0 0 0 0 0 0 1 0 0 0 0 0 0 0 0 0 0 0 0 0 0 0 0 0 0 0 0 0 0 2 0 2 11 1 0 0 0 0 0 0 0 0 0 0 0 0 0 0 0 0 0 0 0 0 0 0 1 14 0 0 0 0 0 0 0 0 1 0 0 0 0 
 101 32 119 268 71 56 117 138 78 155 226 25 251 176 105 141 355 35 101 0 0 4 0 0 2 0 0 0 0 0 0 3 0 0 0 0 0 0 0 2 0 0 0 0 0 0 0 0 3 0 0 0 0 0 0 0 0 0 3 2 0 0 0 0 46 7 0 0 1 2 0 0 0 0 0 0 3 0 0 46 95 19 0 0 2 1 27 19 21 0 0 0 62 0 14 0 85 2 43 20 0 0 0 0 0 0 0 0 0 0 0 0 2 0 0 0 0 0 0 0 0 0 0 0 0 0 0 0 0 0 0 0 0 0 0 0 0 0 0 0 0 1 0 0 0 0 0 9 0 0 0 0 2 0 0 1 2 0 0 0 3 17 0 0 10 0 25 0 12 18 0 20 3 27 13 0 0 43 28 13 0 0 0 0 0 0 0 0 0 0 0 0 2 0 0 0 0 0 0 0 0 0 0 0 2 0 0 0 0 0 0 0 0 0 0 0 0 0 0 0 0 0 0 0 0 0 0 0 0 0 0 28 1 0 0 1 0 0 0 0 0 0 0 0 0 1 0 0 0 0 0 30 17 0 0 0 0 0 0 0 0 0 0 0 0 0 0 0 0 0 0 0 0 0 0 0 0 0 0 0 0 0 0 0 0 0 0 0 0 0 
 0 0 76 76 1 136 0 2 5 76 33 69 0 0 3 0 0 83 2 0 0 136 96 111 112 247 247 229 39 29 304 305 159 140 125 119 26 249 138 130 0 0 8 1 0 2 0 6 3 3 2 0 0 0 3 5 0 3 0 3 7 8 0 0 2 1 0 0 0 0 3 4 0 0 4 0 2 3 0 0 0 1 0 3 1 0 0 0 0 20 0 0 0 0 0 0 0 0 0 0 4 8 10 1 0 8 28 7 16 17 0 0 32 0 21 27 0 0 0 16 20 0 0 0 0 0 0 0 0 0 0 2 1 0 0 0 0 0 0 0 0 0 0 0 0 3 0 0 0 0 0 3 0 0 0 0 4 0 0 0 0 0 0 0 18 0 0 0 13 1 0 0 0 0 0 0 1 0 0 0 17 10 5 10 69 27 31 36 1 23 0 0 25 28 25 16 21 10 23 11 0 0 0 0 0 0 0 11 0 0 0 0 11 0 0 0 0 0 0 14 0 0 0 0 0 0 0 0 0 0 0 0 0 0 0 0 0 0 0 0 0 0 0 0 0 0 34 0 0 73 0 0 0 0 7 2 0 76 0 1 4 2 1 0 0 65 0 0 0 0 0 0 0 0 0 0 0 0 0 19 0 0 0 0 0 0 0 0 0 0 
 3 2 2 78 22 1 2 1 2 2 1 3 3 3 4 1 1 3 2 4 136 0 205 71 23 329 213 108 81 47 125 107 117 246 48 330 114 120 108 44 0 0 0 0 6 2 0 0 0 6 2 0 0 0 2 3 0 3 0 0 2 0 0 0 2 0 0 0 0 0 0 2 0 5 3 0 50 0 0 0 0 0 0 0 0 0 0 0 0 0 0 15 0 2 0 0 0 0 0 0 33 0 10 0 13 23 39 0 0 33 26 4 0 51 37 12 30 10 0 0 17 0 0 0 0 0 0 2 0 0 0 0 0 0 1 0 0 0 8 0 0 0 0 6 0 2 0 1 0 0 0 0 0 2 0 0 0 0 0 0 0 0 0 0 0 0 1 0 0 2 0 0 0 0 2 0 2 0 0 0 0 26 47 15 43 49 12 29 0 44 14 57 31 23 18 59 29 10 0 0 0 0 0 1 14 0 0 0 0 0 0 0 0 0 0 0 0 0 0 13 0 2 0 0 0 0 18 0 0 0 0 0 0 0 0 0 0 0 0 0 0 0 0 0 0 0 75 0 0 0 0 0 0 0 20 0 2 77 2 0 4 0 0 0 0 0 0 0 0 0 0 0 0 0 0 0 0 0 0 12 0 0 0 0 0 0 0 10 0 24 
 0 1 1 1 76 0 0 0 3 0 0 1 0 0 3 0 0 0 0 0 96 205 0 534 153 68 51 182 345 191 128 103 158 428 70 142 177 608 98 25 0 61 0 0 0 20 0 0 0 1 2 0 0 0 2 3 1 3 0 0 0 0 0 0 0 0 0 0 0 1 29 2 0 0 3 0 0 0 0 0 0 0 0 0 0 6 0 0 0 0 0 0 0 0 0 0 0 0 0 0 12 8 10 12 20 9 11 0 22 24 24 14 1 2 10 16 8 17 0 0 21 0 0 0 0 1 10 18 0 0 0 0 15 0 15 0 0 0 0 16 0 0 0 0 0 0 0 0 0 0 1 1 1 0 0 0 0 0 1 0 0 0 0 5 0 0 0 0 0 0 0 0 0 0 4 9 0 0 0 0 22 26 36 0 0 11 5 6 4 7 24 11 15 3 13 14 8 25 11 21 14 0 0 0 0 0 0 0 0 0 0 0 0 10 21 0 0 0 25 0 0 0 0 0 0 0 0 0 0 0 10 0 0 0 0 0 0 0 0 0 0 0 14 0 0 0 0 0 0 0 0 0 0 0 5 0 2 86 0 0 19 0 0 0 0 0 0 0 0 0 0 0 0 0 0 0 0 0 0 0 0 2 0 0 0 0 0 0 0 0 
 0 0 2 3 0 0 0 0 1 2 0 1 0 0 4 0 0 0 0 0 111 71 534 0 182 114 59 78 408 263 71 133 54 86 147 269 178 415 59 123 0 1 0 0 0 1 85 0 0 5 2 0 0 1 2 3 0 3 0 0 0 0 0 0 0 0 0 0 0 1 0 2 0 0 3 0 0 0 0 0 0 0 0 0 0 0 0 0 1 0 0 0 0 0 0 0 0 0 0 0 0 0 14 15 34 39 12 0 28 30 16 9 15 9 1 34 43 21 0 0 61 15 0 0 0 0 19 12 21 0 0 0 5 0 27 9 0 0 0 1 0 0 0 0 0 6 0 0 0 0 0 4 3 0 0 0 7 0 0 0 0 0 0 0 0 0 0 0 2 0 0 0 0 0 0 0 0 0 1 0 0 13 9 32 23 28 0 27 0 67 28 62 0 0 0 0 3 10 0 0 8 10 0 17 0 0 1 0 0 0 2 0 26 16 12 0 2 0 18 0 1 0 0 0 0 0 0 0 0 0 0 0 0 0 0 0 0 0 0 0 0 0 2 0 0 0 0 0 0 0 0 0 0 0 2 0 0 4 95 3 14 0 0 0 0 0 0 0 0 0 0 0 0 0 0 0 0 0 0 0 0 23 0 0 0 0 0 0 0 0 
 3 0 0 0 0 0 0 0 0 0 0 2 0 2 1 0 2 3 0 2 112 23 153 182 0 72 39 130 121 286 149 244 65 88 148 68 56 83 288 66 0 2 0 0 1 1 105 84 30 66 23 0 0 26 136 72 0 19 63 64 0 0 0 0 1 0 10 0 0 2 0 2 0 0 3 1 0 0 1 0 0 0 0 2 0 0 0 0 0 13 0 0 0 0 0 0 0 11 0 0 0 41 10 0 1 9 0 0 2 18 9 0 1 0 1 22 0 0 0 0 32 15 25 0 0 9 27 0 21 0 12 0 10 0 30 0 0 0 1 0 0 0 0 0 0 10 0 0 0 0 0 0 0 0 6 0 4 0 0 0 0 0 4 0 0 4 0 0 0 0 0 0 0 0 0 0 0 0 0 0 0 0 0 0 14 15 0 0 7 9 0 11 0 0 0 0 19 10 0 0 10 14 16 17 10 0 23 7 2 0 1 0 20 0 13 0 14 0 33 27 2 0 0 0 0 0 0 0 35 0 0 0 0 0 0 0 0 0 0 0 0 0 9 0 0 0 1 0 0 0 0 0 0 0 7 0 3 0 74 0 0 0 0 0 0 0 0 0 0 0 0 0 0 0 0 0 0 0 0 0 0 0 0 0 1 0 0 0 0 0 
 204 0 0 0 0 0 0 0 0 0 0 0 0 1 2 0 0 0 81 0 247 329 68 114 72 0 25 326 272 161 135 128 20 118 43 75 73 55 127 275 38 63 0 0 0 0 20 63 62 0 2 0 62 62 122 65 6 3 68 0 0 0 0 47 0 0 0 0 0 2 0 2 0 0 3 0 0 0 0 0 0 0 0 0 0 0 0 0 0 0 0 0 0 0 0 0 0 0 0 0 0 0 13 0 18 16 0 0 25 51 0 16 0 0 0 1 0 0 0 0 12 22 0 10 0 0 10 23 0 0 13 0 0 20 0 18 15 0 3 38 0 14 0 0 12 0 0 0 0 0 0 0 0 0 0 0 0 0 0 0 0 0 0 8 0 0 0 0 0 0 0 0 0 0 2 4 0 0 0 0 0 1 16 0 0 12 0 0 15 21 0 1 0 0 0 0 0 8 0 0 32 0 0 0 28 0 13 40 0 13 13 14 15 1 15 1 0 0 9 2 0 0 0 0 0 0 0 0 0 0 0 0 0 0 0 0 0 0 0 0 0 0 0 0 0 0 0 0 0 0 0 0 0 0 7 0 1 5 6 0 0 1 0 0 0 0 0 0 0 0 0 0 0 0 0 0 0 0 0 0 0 0 12 0 7 0 0 0 0 0 
 0 0 0 75 81 74 0 0 74 1 27 0 0 0 0 0 0 19 0 0 247 213 51 59 39 25 0 103 52 71 38 273 420 210 189 146 98 91 107 47 0 0 0 0 4 0 0 136 0 0 2 0 0 0 13 3 0 2 0 0 0 0 0 0 2 3 0 2 0 0 3 5 1 6 5 0 0 0 3 0 0 0 0 37 0 2 0 0 0 2 0 13 0 0 0 0 0 0 2 0 3 17 34 11 0 10 30 1 1 22 37 9 9 66 30 0 38 16 3 22 0 0 0 0 0 0 0 0 0 0 0 0 0 0 0 0 0 14 8 0 0 0 0 4 0 0 1 0 0 0 0 0 0 1 0 0 0 0 4 0 0 0 1 8 0 0 0 0 0 15 0 0 0 0 0 0 0 0 0 0 0 18 51 8 39 33 2 13 18 17 17 69 0 35 76 34 40 94 9 0 0 0 0 0 0 0 0 0 0 0 0 1 0 0 0 0 0 0 0 0 0 0 0 0 0 17 2 2 0 0 0 0 0 0 0 0 0 0 0 0 0 0 0 0 0 0 80 0 0 0 0 0 0 0 21 0 0 0 4 1 0 2 0 0 0 0 0 0 0 0 0 0 0 0 0 13 2 1 0 0 0 0 0 0 0 0 0 0 0 0 
 204 0 77 2 21 23 0 0 0 2 22 3 2 61 2 1 2 0 0 0 229 108 182 78 130 326 103 0 185 259 28 90 184 202 172 78 110 50 106 39 0 0 7 0 0 5 0 4 3 0 2 0 0 0 2 5 0 5 0 62 0 1 0 0 1 0 0 0 1 0 0 2 0 0 5 0 0 0 0 0 0 0 4 0 0 19 0 0 0 0 0 0 0 0 0 0 0 0 0 0 13 7 8 0 12 17 37 0 0 15 9 0 8 0 0 36 0 9 22 17 0 0 0 11 0 11 0 0 0 0 0 0 0 0 0 0 0 0 0 0 7 0 15 0 11 1 0 0 0 0 0 0 0 0 5 0 0 0 0 0 0 0 0 7 13 0 0 0 0 0 3 17 0 0 0 0 0 0 0 0 5 25 7 25 29 69 52 29 16 32 1 0 19 12 10 22 29 77 12 0 0 0 1 0 0 0 0 0 0 0 0 0 11 0 0 0 0 0 0 0 0 0 0 0 0 0 0 0 0 0 0 0 0 0 0 0 0 0 0 0 0 0 0 0 0 0 21 0 0 0 0 0 0 0 8 0 0 0 0 0 2 0 0 0 0 1 0 0 0 0 0 0 0 0 0 0 0 0 0 0 0 0 0 0 0 0 0 0 0 0 
 1 0 0 0 1 0 0 2 1 0 64 1 0 0 4 1 0 4 2 0 39 81 345 408 121 272 52 185 0 322 34 34 244 316 160 55 217 126 128 175 0 0 0 0 4 64 61 0 0 0 3 0 58 0 2 3 0 8 0 0 0 0 0 0 0 0 48 0 0 0 0 2 0 2 6 0 0 0 0 0 0 1 0 0 0 22 0 0 0 0 0 0 0 0 0 0 0 0 0 0 22 10 1 29 28 0 15 9 10 6 9 1 13 24 2 13 27 27 17 14 0 0 0 0 0 0 0 25 0 0 0 17 0 0 0 0 2 0 0 0 2 2 0 0 0 0 0 0 0 0 0 0 3 0 0 0 0 14 0 0 0 0 0 5 0 0 0 0 0 0 0 0 0 0 4 4 0 0 0 0 7 18 30 9 0 10 16 14 27 0 13 27 9 11 5 19 42 26 1 14 1 14 0 0 0 0 2 0 0 0 0 0 11 13 8 0 0 0 13 0 0 0 0 0 0 0 4 0 0 0 1 0 0 0 0 0 0 0 0 0 0 0 0 0 0 0 0 0 0 0 0 0 0 0 10 0 0 18 43 3 14 0 14 0 0 0 0 0 0 0 0 0 0 0 0 18 0 0 0 0 0 14 0 0 0 0 0 0 0 0 
 0 0 2 2 0 1 0 0 0 0 2 0 0 0 3 0 0 0 2 0 29 47 191 263 286 161 71 259 322 0 151 154 66 157 81 523 265 291 28 83 0 3 0 0 0 32 141 2 0 8 2 0 3 1 2 6 3 3 0 2 0 0 0 0 0 0 0 0 0 2 0 2 0 20 3 0 0 0 1 0 0 0 0 0 0 2 0 0 0 0 1 0 0 0 0 0 0 0 0 0 14 19 24 9 15 15 10 0 19 12 58 10 0 11 26 0 29 39 0 14 4 7 1 0 0 0 7 18 8 0 0 0 11 0 15 0 0 0 7 1 0 0 0 0 0 0 0 0 0 0 0 0 0 0 0 0 0 0 0 0 0 0 0 7 0 0 0 0 0 0 0 0 0 0 2 0 0 0 0 0 0 22 35 11 6 27 2 7 15 14 39 50 18 13 18 18 23 30 0 16 8 21 0 8 0 0 0 0 0 0 0 0 10 1 11 1 0 0 92 0 0 0 0 0 0 0 0 0 0 0 0 0 0 0 0 0 0 0 12 0 0 0 0 0 0 0 0 0 23 0 0 0 0 0 2 0 1 85 2 0 16 0 0 0 0 0 0 0 0 0 0 0 0 0 0 0 0 0 0 0 0 11 0 0 0 0 0 0 0 0 
 0 0 2 1 0 0 0 0 0 2 0 0 1 0 2 0 0 0 1 0 304 125 128 71 149 135 38 28 34 151 0 48 35 23 67 101 72 504 41 126 0 60 0 0 0 0 0 21 0 0 8 0 96 0 65 3 0 3 92 1 0 0 0 0 0 0 0 0 0 0 0 2 0 0 3 0 0 0 0 0 0 0 0 0 0 1 0 0 0 0 2 0 0 0 0 0 0 0 0 0 0 22 5 75 13 1 1 0 22 13 1 48 0 0 0 3 0 11 0 0 23 0 12 0 0 0 55 12 0 7 7 0 8 0 15 0 0 0 18 27 1 0 0 0 0 0 0 0 0 0 0 0 0 0 2 0 0 0 0 0 0 0 0 8 0 0 0 0 0 0 0 0 0 0 4 12 0 0 8 0 0 0 30 7 19 1 0 11 15 3 24 25 0 0 0 0 2 5 0 0 38 7 0 0 0 0 10 10 27 13 0 0 2 12 23 18 0 11 32 37 0 0 0 0 18 0 0 9 0 0 0 0 0 0 0 0 0 0 19 0 0 0 13 0 0 0 0 0 0 0 0 0 0 0 6 2 4 21 1 2 0 9 0 0 0 0 10 0 0 0 0 0 0 1 0 0 0 0 0 20 0 0 1 0 0 11 10 0 0 0 
 2 5 2 2 2 2 2 2 2 7 2 2 2 2 6 209 5 2 2 3 305 107 103 133 244 128 273 90 34 154 48 0 248 38 98 41 143 141 6 234 67 74 0 0 0 1 131 288 65 1 11 0 1 25 97 3 41 3 1 61 0 0 0 0 12 0 1 0 0 2 0 2 0 0 4 0 0 1 0 2 0 0 0 0 0 0 0 0 0 0 0 0 0 0 0 0 0 0 0 0 0 0 9 6 10 8 0 0 7 13 0 14 0 0 0 34 0 24 0 0 27 23 22 0 0 0 28 7 18 7 0 0 13 36 11 19 1 1 11 14 0 0 0 2 0 1 0 2 0 0 0 0 0 0 11 0 7 0 0 0 0 0 0 3 2 0 0 0 0 0 0 0 0 0 0 0 1 0 0 0 0 0 12 0 13 17 0 0 0 10 13 13 0 0 0 0 7 6 0 0 22 25 15 2 0 0 13 10 19 0 0 0 36 11 34 11 0 0 24 29 0 2 0 0 0 1 0 0 0 19 0 0 0 0 0 0 0 0 2 0 0 0 13 0 0 0 0 0 0 0 0 0 0 0 16 0 4 0 0 5 8 0 0 0 0 0 0 0 0 0 0 0 0 0 0 0 0 0 0 0 0 0 1 0 0 0 0 2 0 0 
 0 0 0 0 78 92 4 88 99 17 22 77 1 0 77 79 0 73 0 0 159 117 158 54 65 20 420 184 244 66 35 248 0 116 38 59 119 35 148 38 0 0 4 0 0 0 0 2 0 0 2 0 0 2 2 3 0 2 0 0 0 0 0 0 0 0 0 0 0 0 0 2 0 1 3 0 0 0 0 0 0 0 18 21 7 11 0 0 0 0 1 12 17 0 0 6 0 1 0 0 0 18 6 0 1 0 34 0 0 0 8 0 2 13 0 23 12 43 26 37 0 0 0 0 0 0 0 0 0 0 0 0 0 0 0 0 0 0 0 0 0 0 0 4 0 0 0 0 0 0 0 0 0 0 0 0 0 0 3 0 0 0 9 14 19 14 0 0 0 10 0 0 0 0 3 0 0 0 0 0 21 9 12 0 9 21 15 9 17 12 12 10 12 0 0 0 22 26 13 0 2 0 1 0 0 0 0 0 0 0 0 0 0 0 0 0 0 0 0 2 0 0 0 12 0 0 0 0 1 0 0 0 0 1 0 0 0 0 0 0 0 0 1 0 0 0 21 0 0 73 0 0 0 0 7 4 0 1 0 0 2 1 0 0 0 0 0 0 0 0 0 0 0 0 0 10 8 13 0 1 0 0 0 2 0 0 0 0 0 0 
 2 0 0 0 3 58 0 0 6 1 111 0 0 0 1 0 0 0 0 0 140 246 428 86 88 118 210 202 316 157 23 38 116 0 120 225 132 50 63 249 0 0 9 2 3 64 0 5 5 3 2 2 0 0 2 3 3 3 2 1 3 1 9 0 0 0 0 0 2 0 0 2 0 4 3 0 2 0 2 0 0 0 0 0 0 3 0 0 0 1 0 0 0 0 0 0 0 0 0 0 17 27 0 16 8 28 30 0 1 10 10 1 21 18 10 22 34 0 0 14 16 0 0 0 0 0 0 0 0 0 0 0 0 0 0 0 1 0 0 0 0 1 0 0 0 0 0 0 0 0 0 0 6 0 0 0 0 13 0 0 0 0 0 0 25 0 0 2 0 0 0 0 2 0 0 0 0 0 0 0 0 28 28 27 19 31 19 67 1 51 14 35 12 48 12 19 37 0 39 15 1 1 0 0 0 0 1 0 16 0 0 0 0 0 0 0 0 0 0 0 0 0 0 0 0 0 0 0 0 0 1 0 0 0 0 0 0 0 0 0 0 0 0 0 0 0 37 0 0 0 0 0 0 0 19 0 0 36 0 0 0 0 9 0 0 0 0 0 0 0 0 0 0 0 0 0 0 0 0 0 0 16 0 0 0 0 0 0 0 0 
 0 0 0 77 73 98 0 0 3 0 165 75 0 0 0 0 4 0 0 0 125 48 70 147 148 43 189 172 160 81 67 98 38 120 0 175 256 34 146 349 0 0 28 0 2 2 62 0 0 0 2 0 0 0 2 3 2 3 205 1 0 47 0 0 0 0 0 0 0 51 0 4 0 0 3 0 0 0 0 0 0 0 0 0 0 13 0 0 0 0 0 0 0 0 0 0 0 0 0 0 13 1 1 27 0 8 0 24 22 17 7 0 40 5 43 28 11 0 1 11 0 0 0 0 0 0 0 0 0 1 11 0 1 0 0 0 0 0 0 0 0 0 0 0 0 6 0 0 0 0 0 3 0 1 0 0 10 0 0 0 0 0 0 2 0 6 0 0 0 0 0 0 0 0 0 0 0 0 0 0 20 0 0 0 13 20 7 5 12 0 0 0 11 28 34 4 20 5 11 26 0 0 0 0 0 0 0 6 0 0 0 0 11 0 0 0 0 0 0 0 0 0 0 0 0 0 0 0 0 0 0 0 0 0 0 0 0 0 0 0 0 0 0 0 0 0 0 0 72 0 0 0 0 0 8 1 0 0 75 0 2 2 0 0 0 0 0 0 0 0 0 0 0 0 0 0 0 0 0 0 0 0 0 0 0 0 0 0 0 0 
 0 0 2 1 100 1 0 0 1 0 1 0 2 1 2 0 3 3 0 0 119 330 142 269 68 75 146 78 55 523 101 41 59 225 175 0 92 122 248 122 2 1 2 1 1 74 0 0 2 2 4 2 35 2 2 4 1 4 173 0 0 8 0 0 11 29 0 0 3 0 0 2 1 7 3 0 0 1 2 1 0 0 0 1 2 11 0 0 0 0 0 0 0 0 0 1 0 0 0 0 10 29 1 43 6 27 6 0 21 0 12 18 12 0 19 11 0 0 0 0 7 0 0 0 0 5 15 0 0 0 0 0 8 0 10 0 0 0 10 17 0 0 0 0 0 0 0 0 0 0 0 0 0 0 0 0 0 0 0 0 0 0 0 1 0 14 0 0 0 0 0 0 0 0 0 1 0 0 0 0 29 11 31 8 39 0 13 31 1 22 9 1 17 42 9 26 18 0 12 0 0 0 0 0 0 0 0 0 1 0 0 0 2 0 12 8 0 0 0 13 0 0 0 0 0 0 0 0 0 0 0 0 0 0 0 0 0 0 0 0 0 0 38 0 0 0 9 0 0 1 0 2 0 0 4 1 1 14 1 1 0 0 0 0 0 0 10 0 0 0 0 0 0 0 0 0 0 0 0 20 0 0 0 0 2 12 12 0 0 0 
 2 0 0 1 159 0 0 2 0 0 9 2 0 0 1 18 3 93 0 0 26 114 177 178 56 73 98 110 217 265 72 143 119 132 256 92 0 205 102 30 0 0 0 0 0 0 16 0 24 1 2 0 0 0 2 3 0 3 0 63 0 0 0 0 0 1 0 0 0 1 0 2 0 3 3 0 0 0 0 0 0 0 0 0 0 30 0 14 0 0 0 0 0 0 0 0 0 0 0 0 0 19 33 6 33 13 0 0 23 23 10 0 0 1 0 13 18 60 12 0 82 0 0 0 11 0 0 15 0 0 0 0 12 0 11 0 1 0 13 0 10 1 0 0 0 0 0 0 0 0 0 0 0 0 15 0 0 0 0 0 0 0 0 1 0 0 0 2 0 0 0 0 2 0 0 5 0 0 0 0 13 12 1 13 27 25 14 8 17 11 40 1 0 2 1 0 9 36 6 0 37 13 0 11 0 0 3 1 0 0 0 0 13 52 13 29 0 0 26 2 0 0 0 0 0 0 0 30 0 0 2 0 9 0 0 0 0 0 0 0 0 0 0 0 0 1 0 0 0 0 0 0 0 10 16 0 0 4 71 1 14 9 0 0 0 0 0 1 0 0 0 0 0 0 0 0 0 0 0 0 0 6 0 0 0 0 0 0 0 0 
 5 0 1 0 0 0 0 33 0 2 0 0 3 0 0 0 0 0 0 0 249 120 608 415 83 55 91 50 126 291 504 141 35 50 34 122 205 0 110 252 0 1 0 0 0 0 57 66 3 5 2 2 71 6 3 3 0 2 71 1 0 0 0 0 11 0 4 0 0 1 0 2 0 0 3 0 0 0 0 0 0 0 0 0 0 0 0 0 1 0 0 0 0 0 0 0 0 0 0 0 11 0 20 31 13 25 0 0 2 4 11 21 16 27 0 0 0 15 0 0 31 23 0 0 0 0 28 18 37 0 0 0 66 10 41 0 2 0 25 9 18 2 0 0 0 0 0 0 35 0 0 0 0 0 0 0 0 15 0 0 0 0 0 4 0 0 0 0 0 12 0 0 1 0 3 3 0 0 0 0 0 0 11 13 0 10 0 4 9 0 35 14 0 0 0 0 0 15 0 0 40 43 0 0 0 0 3 13 0 0 0 0 17 21 33 18 0 10 37 39 0 0 0 0 0 0 0 24 0 0 0 0 0 0 0 0 15 0 0 0 0 0 2 0 0 0 0 0 0 0 0 0 0 0 12 1 0 80 0 2 30 11 0 0 0 0 62 0 0 0 0 0 0 0 0 0 0 0 0 0 0 9 0 0 0 1 23 0 0 0 
 0 0 61 213 74 63 0 82 77 63 74 147 1 0 0 0 4 138 26 0 138 108 98 59 288 127 107 106 128 28 41 6 148 63 146 248 102 110 0 166 0 0 1 0 8 0 0 0 0 0 2 0 0 0 2 3 0 3 0 0 0 5 0 0 0 0 0 0 0 0 0 2 0 0 3 0 0 0 0 0 0 13 0 8 13 9 0 0 0 11 10 14 0 0 0 0 0 0 0 0 5 0 1 9 17 0 22 81 0 0 6 3 35 9 7 16 19 12 9 6 0 0 0 20 0 0 0 0 0 0 0 0 0 0 0 0 0 0 0 0 3 3 0 5 21 0 1 2 0 0 0 0 0 3 2 0 0 0 0 20 0 0 0 28 3 0 0 0 6 9 5 0 0 0 0 1 13 0 0 0 30 17 2 0 0 20 42 10 48 0 0 0 10 11 15 16 5 13 15 9 0 0 0 0 0 0 0 0 0 0 0 0 0 0 0 0 0 0 0 0 0 0 0 0 0 0 0 0 0 0 0 0 0 0 0 0 0 0 0 0 0 0 0 0 0 0 21 0 0 18 0 0 0 0 15 0 1 1 3 0 0 0 0 0 0 0 0 0 0 0 0 0 0 0 0 0 0 0 0 0 0 0 0 0 0 0 0 0 0 0 
 2 2 67 132 52 159 2 2 86 94 63 94 2 2 2 75 7 67 4 2 130 44 25 123 66 275 47 39 175 83 126 234 38 249 349 122 30 252 166 0 0 0 0 0 0 2 0 62 2 0 2 2 0 0 2 3 0 2 2 0 0 4 2 0 0 0 0 0 0 0 0 2 0 2 3 0 2 0 2 0 0 17 0 7 14 13 0 0 0 12 21 0 0 0 0 0 0 27 0 0 0 34 1 19 0 0 0 18 15 1 1 0 53 18 12 16 21 0 0 8 0 0 0 0 0 0 0 9 0 0 0 0 0 0 0 0 0 0 0 0 0 0 0 0 0 2 0 0 0 0 0 2 4 0 1 0 5 0 0 0 0 0 0 0 17 25 0 0 8 18 0 10 0 0 0 3 12 0 0 0 10 12 0 13 0 0 39 56 1 20 0 33 0 21 0 9 0 1 46 38 0 0 0 0 0 0 0 0 0 0 0 0 0 0 0 0 0 0 0 0 0 0 0 4 0 0 0 0 0 0 0 0 0 0 0 0 0 0 1 0 0 0 0 0 0 0 0 0 2 19 0 0 0 0 8 0 2 75 2 1 3 0 0 0 0 2 0 0 0 0 0 0 0 0 0 0 0 0 0 0 0 8 0 0 0 0 0 0 0 0 
 0 0 0 0 0 0 0 0 0 0 0 0 0 0 3 0 0 0 0 0 0 0 0 0 0 38 0 0 0 0 0 67 0 0 0 2 0 0 0 0 0 86 153 338 113 31 126 38 138 265 101 39 76 81 158 274 45 69 100 208 0 3 0 0 2 0 8 0 1 2 0 0 1 0 4 1 0 0 55 1 0 0 0 0 0 0 0 0 0 0 0 0 0 0 0 0 0 0 0 0 0 0 0 0 0 0 0 0 0 0 0 0 0 0 0 0 0 0 0 4 0 25 0 20 0 8 17 17 1 11 32 0 39 31 0 24 37 0 0 4 6 11 2 0 2 0 0 2 3 0 1 3 22 4 0 3 14 0 0 4 0 0 0 0 0 0 0 0 0 0 0 0 0 0 0 0 0 0 0 0 0 0 0 0 0 0 0 0 0 0 0 0 0 0 0 0 0 0 0 0 0 11 23 0 2 10 17 18 21 47 7 8 0 0 0 4 24 14 0 9 0 12 0 6 0 0 4 0 0 0 0 0 14 13 0 1 3 4 4 15 0 0 0 0 0 0 0 0 0 0 0 29 0 0 0 0 0 0 0 13 0 0 1 0 65 1 1 0 0 0 0 0 0 0 0 0 0 0 0 0 0 0 0 0 0 21 0 10 1 0 
 0 0 0 2 0 0 0 0 0 0 0 0 0 0 3 0 0 0 0 0 0 0 61 1 2 63 0 0 0 3 60 74 0 0 0 1 0 1 0 0 86 0 227 76 109 248 76 390 426 99 87 36 165 143 79 104 271 157 60 83 0 0 0 5 0 0 53 0 0 0 0 0 65 0 0 0 0 0 22 0 0 0 0 0 0 0 0 0 0 0 0 0 0 0 0 0 0 0 0 0 0 0 0 0 0 0 0 0 1 0 0 0 0 0 0 0 0 0 0 0 9 10 56 0 48 10 5 10 25 23 0 19 1 19 17 6 1 29 12 14 0 0 0 0 0 0 6 0 0 0 0 0 0 0 0 0 0 0 10 15 0 0 0 0 1 0 0 0 0 0 0 0 0 0 0 0 5 0 0 0 0 0 0 0 0 0 0 1 0 0 0 0 0 0 0 0 0 0 0 0 0 10 3 14 7 10 10 7 14 0 0 13 0 8 16 9 9 12 10 1 2 3 0 0 8 0 0 0 0 0 0 0 71 0 0 0 0 0 8 0 0 0 2 0 0 0 0 0 0 0 0 12 0 2 0 0 0 0 0 0 0 0 0 1 0 4 0 0 2 0 0 0 0 0 0 0 0 0 0 0 0 0 32 0 0 0 0 0 2 0 
 0 0 57 18 0 10 0 2 0 0 33 15 0 0 3 7 4 0 0 0 8 0 0 0 0 0 0 7 0 0 0 0 4 9 28 2 0 0 1 0 153 227 0 169 112 30 56 89 175 77 63 31 56 73 264 308 81 394 38 67 0 0 0 0 0 0 51 0 0 5 0 0 52 1 0 0 0 0 108 5 0 0 5 0 0 17 0 0 0 0 0 0 0 0 0 0 0 0 0 0 0 1 0 0 0 0 14 0 0 0 0 0 0 0 0 0 0 0 12 5 0 0 25 12 22 15 0 0 12 15 11 23 0 0 0 10 22 51 0 0 0 8 0 0 0 0 37 0 0 0 0 0 12 0 0 0 15 0 13 0 0 0 0 0 12 0 0 0 0 4 19 1 0 0 0 0 3 11 0 0 0 0 0 0 0 0 6 0 0 9 0 0 4 0 0 0 0 0 0 7 0 0 8 0 3 4 0 5 49 11 14 13 0 0 0 10 66 0 0 0 20 9 0 1 0 0 0 0 0 0 0 0 40 10 0 10 0 0 25 0 0 0 0 0 0 0 9 0 0 0 0 13 0 2 0 0 0 0 0 2 0 0 3 70 0 0 2 0 0 0 1 0 0 0 0 0 0 0 0 0 0 0 0 0 0 6 0 0 2 0 
 0 0 1 0 0 0 0 0 0 0 0 2 0 0 0 0 0 3 0 0 1 0 0 0 0 0 0 0 0 0 0 0 0 2 0 1 0 0 0 0 338 76 169 0 79 57 116 56 104 97 131 118 61 333 58 119 75 141 283 122 1 1 0 0 0 0 2 1 0 6 0 0 50 0 0 0 0 1 52 31 0 0 0 9 0 0 0 0 0 0 0 0 0 0 0 0 0 0 0 0 0 0 0 0 0 0 0 0 0 0 0 0 0 0 0 0 0 0 0 0 0 0 7 48 23 26 0 1 5 12 32 24 0 0 32 10 19 21 0 0 0 19 0 0 0 0 8 0 0 0 0 0 15 0 1 0 0 0 17 0 0 0 0 0 7 0 0 0 0 0 0 5 0 0 0 0 0 0 0 0 0 0 0 0 0 0 0 0 0 0 0 0 0 0 0 0 0 0 0 0 0 0 19 9 34 19 0 4 37 20 14 20 0 1 0 9 36 10 0 10 5 11 0 0 0 0 0 0 0 0 0 0 16 31 17 2 0 0 17 2 0 0 0 0 0 0 0 0 0 0 0 7 0 0 0 0 0 0 0 11 0 0 0 40 65 0 0 0 0 0 13 0 0 0 2 0 0 0 0 0 0 0 0 0 8 6 0 8 2 0 
 0 0 2 0 0 0 0 0 0 0 0 0 0 1 0 65 0 0 0 0 0 6 0 0 1 0 4 0 4 0 0 0 0 3 2 1 0 0 8 0 113 109 112 79 0 313 52 67 182 156 112 224 138 110 56 341 61 58 279 358 0 62 0 0 0 0 0 0 0 0 0 0 107 54 55 0 0 0 51 0 0 0 0 0 0 0 0 0 0 0 0 0 0 0 0 0 0 0 0 0 8 0 0 0 0 0 0 21 0 1 12 7 3 8 1 0 10 0 0 0 0 1 1 34 35 15 0 6 11 25 0 43 0 0 0 12 9 15 0 0 9 26 0 0 0 0 20 0 0 0 0 0 0 6 1 7 15 0 14 18 0 0 0 0 6 0 0 0 0 0 0 5 0 0 0 0 0 0 0 0 0 0 7 0 2 1 0 0 7 0 0 7 0 3 8 6 0 6 0 0 0 4 0 32 12 19 0 8 0 0 9 29 0 7 0 0 0 1 0 0 33 20 0 0 0 0 61 0 0 8 0 0 11 23 54 25 6 1 0 5 0 0 0 0 0 0 0 0 0 0 0 8 0 1 0 0 0 0 32 2 0 0 0 57 0 0 0 0 2 0 0 0 0 0 0 0 0 0 0 0 0 5 0 0 0 7 0 0 2 0 
 0 0 0 3 1 0 0 0 0 0 0 0 3 0 2 0 0 2 1 0 2 2 20 1 1 0 0 5 64 32 0 1 0 64 2 74 0 0 0 2 31 248 30 57 313 0 46 38 269 269 515 364 27 46 33 67 265 293 49 49 0 2 4 0 1 0 0 26 0 0 0 0 0 3 109 0 0 0 1 59 0 0 0 0 0 0 0 0 0 0 0 0 0 0 0 0 0 0 0 0 11 13 0 0 0 9 0 0 0 1 20 0 0 0 11 0 0 2 0 0 0 0 0 0 10 11 0 0 0 0 0 0 0 0 0 0 0 0 0 0 43 1 21 9 0 0 10 9 0 63 9 23 1 5 17 11 0 0 12 7 0 0 0 0 0 0 0 0 0 6 0 0 7 0 0 0 0 0 0 0 0 20 32 0 0 0 0 0 0 0 0 0 18 9 13 17 0 0 0 17 0 0 0 0 0 22 0 0 0 0 0 0 0 0 0 0 0 0 0 0 2 7 6 0 13 0 46 7 0 9 18 0 3 0 0 13 24 10 7 21 10 0 0 0 0 0 0 0 0 0 0 12 0 0 0 0 0 63 0 2 0 15 15 0 6 3 0 1 0 0 0 0 0 0 0 0 0 0 0 0 0 0 0 0 0 0 0 0 2 0 
 61 0 0 0 0 0 0 0 4 3 1 0 0 0 0 1 0 0 0 0 0 0 0 85 105 20 0 0 61 141 0 131 0 0 62 0 16 57 0 0 126 76 56 116 52 46 0 148 448 114 460 27 71 67 170 48 34 258 148 65 9 0 0 0 1 0 4 0 3 0 0 0 0 11 0 0 0 2 0 0 0 0 0 0 0 0 0 0 0 0 0 0 0 0 0 0 0 0 0 0 0 0 0 0 17 6 0 0 8 0 10 1 0 0 0 0 1 14 0 0 32 31 23 0 4 0 11 18 21 0 6 0 0 10 22 0 8 1 0 9 0 5 0 0 0 0 6 0 0 0 0 0 0 0 0 2 0 0 0 0 0 0 0 0 0 0 0 0 0 0 0 0 0 0 0 0 0 0 0 0 0 0 0 0 0 0 0 0 0 4 0 12 0 0 0 0 0 0 0 0 20 19 10 23 13 0 23 16 0 13 0 0 11 9 11 0 0 12 16 12 0 0 0 0 0 0 0 8 7 0 0 0 0 0 4 14 7 0 0 0 0 0 0 0 0 0 0 0 28 0 0 12 0 2 0 0 0 0 64 1 10 0 1 0 0 5 0 0 0 0 0 0 0 0 0 0 0 0 0 0 0 0 0 0 0 0 0 0 2 0 
 0 0 8 66 0 3 0 0 0 2 63 67 0 0 0 4 8 1 0 0 6 0 0 0 84 63 136 4 0 2 21 288 2 5 0 0 0 66 0 62 38 390 89 56 67 38 148 0 171 118 23 34 94 82 246 41 110 64 61 94 0 0 0 203 8 0 0 0 203 0 0 0 4 0 0 0 0 0 2 0 0 0 7 1 1 0 0 0 0 0 0 0 0 0 1 0 0 13 0 0 0 13 0 0 10 0 7 15 0 0 0 8 6 0 0 1 0 23 7 14 16 11 20 0 0 0 0 7 0 0 7 0 0 10 0 29 21 0 8 1 8 0 0 0 0 0 12 0 0 0 0 0 0 0 0 0 0 0 0 0 0 0 0 0 3 0 0 0 0 0 11 0 0 0 1 0 0 7 0 0 1 4 0 0 0 0 5 0 6 0 0 0 2 0 0 0 0 0 0 15 20 7 11 0 13 0 31 10 0 10 0 0 22 39 14 15 0 29 27 21 0 0 0 0 0 0 0 20 0 0 0 0 0 0 0 0 0 0 0 0 0 0 0 0 0 0 2 0 0 95 0 5 0 2 0 0 0 0 0 0 0 9 1 0 0 0 0 0 2 0 0 0 0 0 0 0 0 0 0 0 0 0 0 0 0 0 0 0 2 0 
 3 3 3 3 3 3 3 3 3 5 7 3 66 3 5 3 3 5 6 3 3 0 0 0 30 62 0 3 0 0 0 65 0 5 0 2 24 3 0 2 138 426 175 104 182 269 448 171 0 226 106 170 139 80 167 139 334 117 336 59 0 0 9 0 2 0 0 0 0 0 0 0 0 49 0 0 2 3 55 0 0 0 0 0 0 0 16 0 0 0 0 0 0 0 0 0 0 0 0 0 0 0 0 0 0 0 0 0 0 0 0 0 0 0 0 0 0 0 0 0 0 52 19 1 20 14 13 14 0 10 0 9 1 22 0 1 14 0 0 8 0 16 0 7 0 8 52 0 0 0 0 0 0 9 0 0 5 0 0 23 0 0 0 0 0 0 0 0 0 0 0 0 0 0 0 0 22 0 0 0 0 0 0 0 0 0 0 0 0 0 0 0 0 0 0 0 0 0 0 0 0 0 15 10 17 0 21 0 54 0 31 40 0 0 20 36 1 0 24 20 9 9 0 0 7 7 0 0 0 2 4 0 3 0 0 0 0 0 17 0 0 0 0 0 0 0 0 0 0 0 0 7 0 1 0 0 0 0 0 2 0 0 67 0 0 11 15 0 0 0 0 0 0 0 0 4 0 0 0 0 0 0 0 0 0 0 0 0 1 0 
 0 0 0 0 0 0 0 0 0 0 0 0 0 0 3 0 0 2 0 0 3 6 1 5 66 0 0 0 0 8 0 1 0 3 0 2 1 5 0 0 265 99 77 97 156 269 114 118 226 0 217 90 26 502 89 62 177 170 96 177 0 0 0 0 0 0 50 0 0 0 0 0 47 0 0 6 0 0 51 0 0 0 0 0 0 0 0 7 8 0 10 0 0 0 0 0 0 0 0 0 0 0 9 0 0 10 0 0 8 2 0 0 0 0 2 0 0 72 0 0 1 13 9 5 0 10 0 8 18 3 0 19 6 0 1 0 19 25 8 0 0 0 0 0 0 0 9 0 0 0 0 0 0 0 0 2 0 0 1 5 0 0 0 0 0 0 1 0 0 0 0 0 0 0 0 0 4 0 0 0 0 0 0 5 0 3 0 3 0 0 9 0 0 0 0 0 8 0 0 0 0 0 41 22 32 0 9 0 10 9 11 7 19 9 0 7 1 24 8 0 21 14 0 0 0 0 0 0 0 0 0 0 14 10 0 0 0 0 13 9 0 0 0 0 0 0 0 0 0 0 0 4 0 2 0 0 0 0 0 0 0 0 1 1 63 7 0 0 0 0 0 0 0 0 0 0 0 0 0 0 0 5 0 0 1 0 0 9 2 0 
 0 0 2 0 0 0 0 0 4 3 0 0 0 0 3 0 0 62 0 0 2 2 2 2 23 2 2 2 3 2 8 11 2 2 2 4 2 2 2 2 101 87 63 131 112 515 460 23 106 217 0 134 38 33 262 53 200 251 129 259 2 0 0 0 0 2 50 0 0 5 0 0 0 3 0 2 3 0 2 11 0 0 0 0 0 0 0 0 0 0 0 0 0 0 0 0 0 0 0 0 0 0 0 0 0 0 0 0 0 0 0 0 0 0 0 0 0 0 0 0 5 11 13 1 18 1 22 2 17 8 16 9 0 25 5 7 0 23 0 6 21 1 0 0 0 0 1 0 0 0 0 0 9 3 0 0 16 0 0 36 0 0 0 0 0 0 0 0 0 0 0 0 0 0 0 0 6 0 0 0 0 0 0 0 0 0 0 0 0 0 0 0 0 0 0 0 0 0 0 0 0 0 34 0 20 0 0 0 43 19 22 16 0 0 11 10 23 0 0 43 13 0 0 0 0 0 28 0 0 0 0 0 39 10 0 1 0 0 0 14 0 0 15 0 0 0 0 2 0 0 0 16 0 0 0 0 0 0 0 0 0 0 2 0 5 13 1 1 1 0 0 0 0 0 0 0 0 0 0 0 0 0 1 0 13 0 0 3 1 0 
 1 0 1 0 0 2 0 1 0 0 0 0 63 0 2 0 0 3 0 0 0 0 0 0 0 0 0 0 0 0 0 0 0 2 0 2 0 2 0 2 39 36 31 118 224 364 27 34 170 90 134 0 72 55 22 34 360 92 32 154 1 7 0 0 3 0 51 51 5 0 0 0 48 89 36 7 6 0 0 0 0 0 0 0 0 0 6 0 0 0 0 0 0 0 0 0 0 0 0 0 0 0 0 0 0 0 0 0 0 0 0 0 0 0 0 0 0 0 0 0 0 14 0 4 9 14 10 0 57 33 0 30 0 13 0 9 7 0 0 0 11 18 3 0 0 0 21 0 0 0 25 0 18 33 3 26 10 0 7 31 0 0 0 0 0 0 0 0 0 0 9 0 0 0 0 0 9 0 0 0 0 0 0 0 0 0 0 0 0 9 0 0 0 5 0 0 0 0 7 0 0 0 2 16 0 10 0 0 12 0 36 30 0 0 0 0 0 0 0 0 21 28 14 0 0 0 1 0 0 10 1 0 19 0 0 23 30 3 14 56 17 0 0 0 0 0 0 0 0 0 0 12 0 0 0 0 0 0 0 16 0 0 3 2 2 22 4 67 2 0 0 0 0 0 0 0 0 0 0 0 0 0 0 0 0 0 0 0 1 0 
 0 0 0 0 0 4 0 5 75 0 0 0 0 0 0 0 0 0 0 0 0 0 0 0 0 62 0 0 58 3 96 1 0 0 0 35 0 71 0 0 76 165 56 61 138 27 71 94 139 26 38 72 0 84 109 62 126 81 368 165 0 0 0 0 4 0 0 0 0 0 0 0 0 0 0 0 0 0 0 0 0 0 0 0 0 0 0 0 0 0 0 0 0 0 0 0 0 0 0 0 0 0 0 9 0 0 0 0 16 0 0 12 0 0 0 0 0 0 0 0 0 29 0 9 0 55 67 19 0 0 0 0 22 32 33 34 44 4 37 18 0 0 0 0 0 0 0 0 0 0 20 0 13 0 0 0 0 0 0 0 0 0 0 0 0 0 0 0 0 0 0 0 0 18 0 0 0 0 0 0 0 0 0 0 0 0 0 0 0 3 0 0 0 0 0 0 0 0 13 0 2 2 15 4 8 4 18 9 0 10 15 1 20 16 45 7 1 33 13 7 0 0 0 0 13 0 0 0 0 0 0 0 3 0 0 0 0 0 0 26 0 0 0 0 0 0 0 0 0 0 0 4 0 0 0 0 0 33 0 11 0 0 57 0 0 0 11 0 0 0 0 0 0 0 0 11 0 0 0 0 0 0 0 0 0 0 27 0 1 0 
 0 0 0 0 0 0 0 0 0 0 0 0 0 0 0 0 0 0 0 0 0 0 0 1 26 62 0 0 0 1 0 25 2 0 0 2 0 6 0 0 81 143 73 333 110 46 67 82 80 502 33 55 84 0 270 118 61 93 155 100 0 0 0 2 8 0 0 6 2 0 0 5 5 0 0 2 0 0 20 4 0 0 0 0 0 0 0 0 0 0 0 0 0 0 0 0 0 0 0 0 0 0 0 0 0 1 0 0 0 0 0 0 0 0 0 0 0 0 0 0 81 14 9 0 1 0 19 25 51 19 14 13 9 9 20 40 0 15 23 23 0 0 0 0 4 0 0 4 0 5 4 0 0 5 2 0 0 0 0 0 0 0 10 0 0 2 0 0 0 0 0 0 0 0 0 0 0 0 0 0 0 0 0 0 0 0 0 0 0 0 0 0 0 0 0 0 0 9 0 0 0 33 1 47 7 24 23 17 0 3 43 7 0 2 0 0 9 18 9 0 0 1 22 0 0 0 0 0 0 0 1 18 10 1 0 3 0 0 5 0 0 0 0 0 0 0 0 0 0 0 0 18 0 0 0 0 0 0 70 0 0 0 3 0 0 3 0 0 0 0 24 0 0 0 0 0 0 0 0 0 0 0 0 0 6 13 0 0 1 0 
 0 0 0 0 0 0 0 0 0 0 0 0 0 0 0 0 42 2 0 0 3 2 2 2 136 122 13 2 2 2 65 97 2 2 2 2 2 3 2 2 158 79 264 58 56 33 170 246 167 89 262 22 109 270 0 209 92 250 72 350 0 0 0 2 9 0 3 0 0 0 0 0 0 0 0 0 0 0 0 0 0 0 0 0 0 20 0 0 0 0 0 0 0 0 0 0 0 0 0 0 0 0 0 0 3 0 0 0 0 0 1 8 0 0 0 0 0 10 0 0 2 11 14 0 0 0 0 8 7 0 21 0 11 26 0 5 10 0 11 16 0 3 0 0 0 0 0 0 0 0 18 0 0 0 0 0 0 0 0 0 0 0 4 0 0 5 0 0 0 0 0 0 0 0 0 0 0 0 0 0 0 0 0 0 0 0 0 0 9 0 0 0 0 0 0 0 0 0 0 0 11 11 16 0 0 0 33 38 0 15 0 0 14 3 9 0 5 21 14 71 0 0 0 0 0 0 15 0 0 0 0 0 0 0 0 0 0 0 0 0 0 0 0 0 0 0 0 0 0 0 0 8 0 0 0 0 1 0 0 10 0 35 1 0 0 1 1 0 0 0 0 0 0 0 0 0 0 0 0 0 0 0 0 0 0 10 0 0 2 0 
 0 2 1 2 0 2 1 2 1 0 4 0 1 2 4 2 2 0 5 0 5 3 3 3 72 65 3 5 3 6 3 3 3 3 3 4 3 3 3 3 274 104 308 119 341 67 48 41 139 62 53 34 62 118 209 0 186 38 140 83 0 0 0 0 0 0 0 0 0 208 0 0 0 1 0 0 0 0 0 0 0 0 0 0 0 0 0 0 0 0 0 0 0 0 0 0 0 0 0 0 0 0 0 0 0 0 0 0 0 0 0 0 0 0 0 0 0 0 0 0 3 14 19 7 0 20 14 26 8 36 31 4 4 20 0 54 47 5 8 0 0 0 0 0 0 0 0 0 0 0 0 0 4 0 0 0 0 0 9 0 0 0 7 0 0 7 0 0 0 0 0 0 0 0 0 0 0 0 0 0 0 0 0 0 0 0 0 0 0 0 0 0 0 0 0 0 0 0 0 0 0 28 20 5 8 17 14 9 0 17 32 2 20 38 19 0 51 31 3 14 3 19 0 0 0 0 0 0 0 0 0 0 22 0 0 0 0 0 0 5 0 0 1 0 0 0 0 0 0 0 0 6 0 0 0 0 0 0 0 15 0 0 40 0 0 0 0 0 2 0 0 0 0 0 0 0 0 0 0 0 0 0 0 0 0 2 0 0 2 0 
 0 0 2 3 0 7 0 3 0 0 0 0 0 0 0 0 3 0 0 0 0 0 1 0 0 6 0 0 0 3 0 41 0 3 2 1 0 0 0 0 45 271 81 75 61 265 34 110 334 177 200 360 126 61 92 186 0 154 34 99 0 0 0 207 0 4 52 0 0 4 0 0 1 0 0 4 3 0 0 7 0 0 0 0 0 0 0 0 0 0 0 0 0 0 0 0 0 0 0 0 0 0 0 0 0 0 0 0 0 0 0 0 0 0 0 0 0 0 0 1 0 17 8 0 39 0 20 8 23 0 0 8 0 8 0 10 5 22 3 0 0 0 0 0 0 0 0 0 0 0 0 0 24 0 0 0 0 0 6 36 0 0 0 0 0 0 0 0 0 0 0 0 0 0 0 0 4 0 0 0 0 0 0 1 0 0 0 0 0 0 0 0 0 0 0 0 0 0 0 25 0 0 2 0 9 0 8 1 55 1 25 14 4 11 11 0 8 6 12 1 33 1 1 0 0 0 10 0 0 21 0 0 18 18 0 0 0 0 3 14 0 0 19 0 0 0 0 0 0 0 0 15 0 0 0 0 0 0 0 1 32 0 0 1 0 2 3 0 1 0 0 0 0 0 0 0 0 0 0 0 0 0 0 0 7 16 0 0 1 0 
 65 0 0 0 0 2 2 10 1 5 0 0 0 0 1 0 98 3 0 0 3 3 3 3 19 3 2 5 8 3 3 3 2 3 3 4 3 2 3 2 69 157 394 141 58 293 258 64 117 170 251 92 81 93 250 38 154 0 59 241 0 2 0 0 0 0 1 0 0 1 0 8 0 0 0 0 0 0 81 0 0 0 0 0 0 0 0 0 0 0 0 0 0 0 0 0 0 0 0 0 0 0 0 0 0 0 0 0 0 0 0 0 0 0 0 0 0 0 0 0 0 10 17 10 5 8 10 0 12 0 6 0 0 12 0 13 6 15 0 0 0 0 0 0 0 0 0 0 0 0 0 0 19 0 0 0 0 0 0 13 0 0 0 0 0 0 0 0 0 0 0 0 0 0 0 0 4 0 0 0 0 0 0 0 0 0 0 0 0 0 0 0 0 0 0 0 0 0 0 0 0 4 35 10 14 2 28 1 44 17 11 21 0 15 0 19 57 4 0 0 0 0 0 0 0 9 0 0 0 0 0 0 48 0 0 1 0 0 0 50 0 0 0 0 0 0 0 0 0 0 0 4 0 1 0 0 0 0 0 1 0 2 0 2 64 13 1 1 0 0 9 0 0 0 0 0 0 0 0 0 0 3 0 0 10 0 0 14 1 0 
 3 3 3 3 3 3 3 3 3 0 3 3 3 3 3 3 6 3 6 3 0 0 0 0 63 68 0 0 0 0 92 1 0 2 205 173 0 71 0 2 100 60 38 283 279 49 148 61 336 96 129 32 368 155 72 140 34 59 0 444 2 0 0 1 1 53 0 3 0 5 3 0 0 0 0 0 2 0 3 2 0 0 0 0 0 0 0 0 0 0 13 0 0 0 0 0 0 0 0 0 0 21 10 16 0 0 0 0 27 0 0 20 0 0 0 0 6 0 0 0 1 10 4 0 0 8 21 13 8 0 11 0 39 13 9 10 11 0 14 17 0 3 0 0 11 0 0 0 0 0 0 0 0 0 0 0 0 0 0 0 0 0 20 0 0 3 0 0 0 0 0 0 0 0 0 0 0 0 0 0 0 0 0 12 18 1 0 0 0 18 6 1 0 1 0 0 0 0 0 0 3 6 1 0 18 0 13 13 0 23 22 8 1 0 31 21 4 19 0 20 0 0 0 0 0 0 0 0 0 0 0 0 0 0 0 0 0 0 0 0 0 0 0 0 0 0 0 0 0 0 0 13 63 2 1 0 0 94 0 11 0 0 65 0 1 0 9 0 0 0 0 0 0 0 0 0 0 0 0 18 0 0 0 0 2 3 21 0 1 0 
 2 3 7 7 2 3 2 3 5 10 3 5 2 3 12 5 6 4 6 2 3 0 0 0 64 0 0 62 0 2 1 61 0 1 1 0 63 1 0 0 208 83 67 122 358 49 65 94 59 177 259 154 165 100 350 83 99 241 444 0 0 0 0 0 9 0 2 0 0 0 0 0 0 0 0 2 0 0 0 0 0 0 3 17 5 0 0 0 6 0 0 9 0 0 0 22 11 0 0 0 0 0 8 0 0 7 0 0 0 0 0 0 0 0 0 0 0 0 5 0 0 2 1 2 0 8 12 29 20 19 12 0 10 3 0 5 8 24 10 0 4 0 0 0 0 0 0 0 0 0 0 2 3 0 4 0 0 0 1 0 0 0 0 7 0 0 0 0 0 6 7 0 0 0 5 0 0 5 0 0 0 7 0 0 0 10 0 0 0 20 42 0 0 0 0 0 17 2 0 14 0 19 23 18 64 9 0 13 21 24 32 1 0 4 0 11 0 18 0 0 0 0 0 0 0 0 0 0 0 0 0 0 17 1 0 0 0 0 1 20 0 1 0 0 0 0 0 0 0 0 0 10 0 1 0 0 0 0 0 3 0 0 6 0 53 7 0 0 3 0 0 0 0 0 0 0 0 0 0 0 0 0 0 0 16 0 0 12 1 0 
 0 0 0 0 0 0 0 0 0 0 0 0 0 0 0 52 0 4 0 0 7 2 0 0 0 0 0 0 0 0 0 0 0 3 0 0 0 0 0 0 0 0 0 1 0 0 9 0 0 0 2 1 0 0 0 0 0 0 2 0 0 168 113 198 78 22 107 181 86 228 133 51 50 412 61 36 259 92 41 95 0 0 0 0 0 0 0 0 0 0 0 4 0 0 1 0 11 0 0 0 0 0 0 0 0 0 0 0 0 0 0 0 0 0 0 0 0 0 0 0 0 0 0 17 20 0 0 0 1 0 0 2 0 0 0 0 0 1 0 0 33 0 15 0 0 8 1 21 5 11 4 1 0 0 13 35 7 21 0 1 0 0 0 0 0 0 20 0 0 0 0 0 3 0 0 0 0 0 0 0 0 0 0 0 0 0 6 0 0 0 0 7 0 0 0 0 0 0 0 0 0 0 0 0 0 0 0 0 0 0 0 0 0 0 19 0 0 5 0 0 1 8 10 0 12 7 0 22 10 14 7 13 9 5 0 7 18 1 0 30 0 0 0 0 0 0 0 0 0 0 0 0 0 2 24 1 0 0 0 0 0 0 0 0 0 0 0 0 0 0 0 0 0 10 0 0 0 0 0 0 0 0 0 0 0 0 0 12 0 0 
