 0 204 179 34 20 20 181 433 246 110 304 20 304 127 31 436 117 253 291 38 2 3 2 0 2 0 3 0 3 0 0 5 0 1 0 0 0 0 2 10 0 0 2 0 3 0 0 3 0 0 0 0 0 3 0 0 3 4 54 0 0 0 0 0 0 0 3 0 0 6 0 1 0 0 0 0 0 0 0 0 0 46 14 1 20 0 0 51 3 7 2 0 20 65 15 0 38 20 54 1 1 14 0 0 0 0 1 0 0 0 0 0 0 2 0 0 0 0 22 0 0 0 0 0 0 0 0 0 0 0 0 0 0 0 0 0 0 0 0 18 0 0 6 0 11 0 0 0 0 0 0 0 0 0 1 0 0 0 0 0 50 23 19 18 0 6 0 0 0 1 29 6 22 29 26 34 30 1 0 20 0 0 0 0 0 0 0 0 0 0 0 0 1 0 0 0 0 0 0 0 0 0 0 0 0 1 0 0 0 0 0 0 0 0 0 1 0 0 0 0 0 0 0 0 0 0 0 0 0 0 1 0 0 0 0 20 0 0 0 0 0 25 0 0 0 0 88 0 0 4 20 15 0 0 0 0 0 0 0 2 0 0 0 0 0 0 0 0 41 0 0 0 0 0 0 0 15 0 0 0 0 0 0 0 0 0 0 0 0 0 
 204 0 409 55 52 158 464 370 343 339 91 340 174 420 68 139 222 273 56 176 2 3 0 0 3 0 89 0 3 2 0 4 6 0 0 0 0 0 3 5 3 0 0 0 3 0 3 0 0 0 0 0 0 6 0 65 3 3 0 0 0 2 0 0 0 0 2 0 2 0 0 3 0 0 0 0 3 0 0 0 13 43 26 1 21 0 1 23 32 0 58 0 23 15 27 29 0 18 10 1 0 0 0 0 0 0 0 1 0 0 9 0 0 9 9 0 0 0 16 0 0 0 0 0 0 0 0 0 0 0 0 1 0 0 0 0 0 0 0 0 0 0 2 0 11 0 0 0 0 0 0 0 0 18 1 0 0 7 0 0 29 27 29 15 34 24 0 1 13 6 11 12 0 14 11 3 20 16 0 0 0 0 0 16 0 0 0 0 10 0 0 0 23 3 14 0 0 0 8 12 0 0 0 0 0 2 0 0 0 0 0 0 0 0 0 1 0 0 0 0 0 0 0 0 0 0 0 0 0 0 0 0 0 22 0 0 0 0 0 0 0 11 0 0 0 0 88 0 1 6 0 7 12 0 0 0 0 0 2 0 0 0 0 0 0 0 0 0 0 0 0 0 0 0 0 20 0 0 0 0 0 0 0 0 0 0 0 10 0 0 
 179 409 0 160 197 150 128 357 88 97 217 160 51 366 113 85 162 129 258 89 2 5 3 0 0 0 3 0 10 0 0 5 0 1 0 2 0 0 0 77 0 1 0 52 63 0 5 0 0 0 0 0 0 3 0 0 3 3 0 0 8 3 0 0 0 0 2 0 0 3 0 3 0 76 0 0 0 1 0 0 0 1 14 36 1 47 19 28 19 18 0 6 15 19 0 50 13 29 14 1 8 0 0 0 0 22 20 9 9 0 0 0 1 35 0 0 0 0 40 0 0 0 0 0 0 0 0 0 0 0 0 0 0 0 0 0 0 0 0 0 0 0 2 0 25 12 17 0 0 0 0 0 0 0 0 0 0 0 0 13 0 10 19 29 27 28 6 29 0 10 0 13 7 49 11 0 13 23 0 0 0 0 0 2 0 0 19 0 0 0 0 0 18 0 0 0 9 0 24 0 0 0 0 0 0 0 0 0 0 0 0 2 0 2 0 0 0 0 0 0 0 0 0 0 0 0 1 0 0 0 0 0 0 0 1 0 0 0 0 0 0 0 0 0 0 0 178 0 0 42 2 9 0 0 0 0 0 0 0 0 0 0 17 0 0 0 0 0 0 0 0 0 0 0 0 1 20 0 0 0 0 0 0 0 0 0 0 0 0 0 
 34 55 160 0 161 336 84 270 96 564 208 305 60 172 37 119 75 141 67 92 76 3 0 0 0 2 30 0 3 1 0 5 74 82 75 2 0 0 101 81 0 1 70 0 3 0 0 1 0 0 0 0 0 3 0 0 3 0 0 0 0 0 0 2 3 3 2 0 0 0 2 1 0 3 2 0 0 0 0 0 0 15 20 30 12 43 14 10 0 0 0 27 14 0 0 19 29 39 0 14 3 20 2 0 8 0 74 89 5 0 0 0 17 26 0 0 13 0 18 0 0 0 0 0 0 0 0 0 0 0 0 0 0 0 0 0 0 1 0 1 0 0 0 0 0 0 0 0 7 0 0 0 0 0 0 1 0 0 2 0 0 0 0 0 25 1 13 12 10 26 39 19 0 60 0 10 0 1 0 0 0 3 10 1 0 0 22 0 0 0 0 0 27 33 0 10 0 0 75 23 0 0 0 0 0 0 0 0 0 0 0 0 0 0 0 0 0 0 0 0 0 0 0 0 0 1 0 17 0 0 0 0 0 0 0 0 0 0 0 0 0 0 0 0 0 0 89 0 53 53 0 23 0 0 0 0 0 0 0 0 0 0 11 0 0 0 0 0 0 0 0 0 0 0 0 11 0 13 0 0 0 0 0 0 0 0 0 0 0 0 
 20 52 197 161 0 264 122 480 226 187 172 132 46 65 59 86 166 143 47 81 9 3 0 27 3 7 26 1 5 0 1 6 2 100 0 74 74 2 3 9 5 1 4 0 3 0 2 5 0 0 2 5 0 3 1 0 6 5 0 1 0 0 0 2 6 0 2 7 0 5 0 14 0 1 0 3 0 3 3 0 0 30 12 8 16 0 0 0 33 11 0 1 0 24 6 10 34 10 0 6 15 12 27 0 0 0 10 0 0 0 0 0 22 17 0 15 0 0 16 15 0 0 0 0 0 0 0 0 0 0 0 0 0 0 0 0 0 0 0 0 0 0 0 0 2 0 6 0 0 0 0 0 0 0 0 0 0 0 0 0 0 0 44 0 54 19 1 18 26 7 0 14 0 0 17 11 3 27 0 9 0 0 7 0 0 0 29 0 0 12 0 0 40 10 9 12 0 0 16 1 0 0 0 0 0 0 0 0 8 0 0 0 0 0 0 0 0 0 0 0 0 0 0 0 0 0 0 0 0 0 0 0 0 0 0 0 0 0 0 0 0 0 0 0 0 8 87 0 3 8 1 18 0 0 0 0 1 0 0 0 0 0 13 0 0 0 7 0 0 0 0 0 0 0 0 0 0 19 0 0 0 0 0 0 0 0 0 0 0 0 
 20 158 150 336 264 0 249 125 144 171 162 220 36 139 44 160 80 231 56 54 2 3 0 0 0 0 76 0 3 0 0 3 73 2 0 2 0 0 75 83 0 0 1 0 3 0 0 2 0 0 0 0 116 3 0 0 3 1 0 0 46 0 0 0 0 0 2 0 0 0 0 0 0 2 0 0 0 1 0 0 10 8 19 23 6 12 0 0 9 1 19 15 0 0 13 10 23 37 0 0 17 0 0 0 0 0 32 29 2 0 0 0 0 23 0 0 2 0 21 0 0 0 7 0 0 0 15 0 0 0 0 0 0 0 0 0 0 0 0 0 0 1 0 0 0 0 0 0 1 0 0 0 0 0 0 0 0 0 0 0 0 6 17 39 18 26 5 15 15 22 13 19 0 0 0 14 8 1 0 0 0 0 0 0 0 14 37 0 1 0 0 0 39 7 13 0 1 1 17 49 0 0 0 0 0 0 0 1 0 0 1 0 0 0 0 0 0 0 0 0 0 0 0 0 0 0 0 15 2 0 0 0 0 0 0 0 0 0 0 0 0 0 0 0 0 1 6 1 11 6 0 13 4 0 0 0 0 0 0 0 0 0 16 0 0 0 0 0 0 0 0 0 0 0 0 20 0 0 0 0 0 0 0 0 0 0 0 0 0 0 
 181 464 128 84 122 249 0 88 104 34 125 31 421 256 226 288 120 243 545 140 2 3 0 0 0 0 3 3 3 0 0 3 0 5 0 0 0 3 2 3 0 0 1 0 3 0 0 2 0 0 0 0 0 3 0 0 3 0 0 1 0 0 0 1 0 0 2 0 0 2 0 0 0 0 2 0 0 0 0 0 16 46 0 13 2 0 18 24 54 21 26 1 15 17 1 57 37 0 21 16 21 0 0 20 0 0 0 0 1 0 0 0 3 0 16 0 0 0 19 0 0 0 0 23 0 0 0 0 0 21 0 0 0 0 0 0 0 0 0 0 0 0 0 0 6 0 15 1 0 0 0 0 0 0 0 0 0 0 0 0 12 10 14 17 1 15 23 36 1 0 0 0 3 18 12 12 49 24 10 0 0 0 0 2 0 0 0 0 0 0 0 0 0 0 0 0 0 0 2 0 0 0 0 0 0 0 0 0 0 0 0 2 0 0 0 0 0 0 0 0 0 0 0 0 0 0 0 0 0 0 0 0 0 0 1 0 0 0 0 0 0 0 0 0 2 1 88 2 4 1 0 9 0 0 1 0 0 0 0 0 0 0 0 0 0 0 0 0 0 0 0 0 0 0 0 0 26 1 0 0 0 0 0 17 0 0 0 0 0 0 
 433 370 357 270 480 125 88 0 275 171 32 206 159 271 47 301 42 34 138 52 2 3 77 0 0 0 3 6 4 3 0 4 3 2 0 0 6 5 0 3 0 0 1 1 3 0 2 37 0 4 0 2 0 9 0 37 5 72 0 0 0 0 0 0 0 0 3 0 0 0 0 0 0 0 9 0 0 0 0 0 0 37 8 0 34 18 0 36 24 1 22 0 0 17 2 26 47 28 0 0 0 0 0 0 0 0 0 0 0 0 0 0 10 0 0 0 0 0 11 0 0 0 0 0 0 0 0 7 0 0 0 0 0 0 0 0 0 0 0 2 0 0 0 0 0 0 1 0 3 0 0 0 0 0 0 2 0 0 1 0 11 20 29 0 70 71 2 18 29 25 11 26 0 0 0 23 39 25 0 1 0 2 0 0 0 0 0 0 0 2 0 11 36 0 14 0 0 0 13 0 0 2 0 1 0 13 0 0 0 0 0 0 0 0 0 0 0 0 0 0 0 0 0 0 0 1 0 0 0 0 0 0 19 0 0 0 0 0 0 0 0 12 0 0 0 1 2 0 0 88 0 13 0 0 0 0 0 0 0 0 0 0 0 0 0 0 0 0 0 0 0 0 0 0 0 10 0 10 0 0 0 0 0 0 0 0 0 0 0 0 
 246 343 88 96 226 144 104 275 0 196 126 314 403 96 98 58 260 774 69 165 76 0 2 0 0 0 1 2 0 0 4 2 76 0 0 0 0 0 64 9 0 3 0 0 0 0 3 0 0 0 0 0 0 0 0 0 0 1 0 0 4 0 0 0 0 0 0 0 0 0 0 0 0 10 0 0 0 0 0 0 32 6 11 1 0 0 0 0 62 52 13 47 0 20 10 12 0 16 0 0 0 0 0 0 0 0 1 0 0 0 0 0 0 10 0 0 0 0 23 0 0 0 0 0 0 0 0 0 0 11 0 0 0 0 0 0 0 0 0 0 0 0 2 0 7 0 6 0 0 0 0 0 0 0 0 0 0 0 0 0 37 0 31 50 18 37 0 17 0 10 11 26 0 11 35 0 17 47 7 0 0 0 0 14 0 2 15 0 0 0 0 0 7 5 11 0 12 0 0 13 1 0 0 0 0 0 1 0 0 0 0 0 0 0 0 0 0 0 0 0 0 0 0 0 0 0 0 0 0 0 2 0 0 0 0 0 0 0 11 2 0 13 0 0 0 2 90 0 0 2 0 10 28 2 0 0 0 0 1 0 0 0 0 0 0 0 0 0 0 12 0 0 0 0 0 20 0 0 0 0 0 0 0 0 0 1 0 0 0 0 
 110 339 97 564 187 171 34 171 196 0 97 131 52 129 270 70 345 392 70 329 3 3 1 3 5 0 3 0 4 2 3 4 13 4 0 0 2 2 1 78 0 10 0 0 6 5 0 1 0 0 3 3 0 12 0 0 6 3 0 0 6 0 0 0 0 2 52 0 0 0 0 3 0 0 0 0 0 1 0 0 25 26 21 24 10 1 0 17 6 0 22 19 16 0 26 10 14 54 0 0 0 0 0 0 0 0 16 11 7 0 1 0 1 11 2 0 0 0 0 0 0 0 0 2 0 0 0 0 0 0 0 0 0 0 0 0 0 0 0 1 0 0 6 0 0 0 0 0 0 4 0 1 0 0 0 1 0 0 2 0 27 10 9 0 34 31 15 0 19 6 0 5 7 0 0 12 10 1 0 0 10 0 1 0 0 0 31 0 0 0 0 0 45 0 15 0 0 0 37 22 0 0 0 0 0 0 0 0 0 0 0 0 0 0 0 0 0 0 0 0 0 0 16 0 0 2 0 0 0 0 0 0 0 0 0 0 0 0 0 0 0 0 0 0 0 2 88 0 0 0 0 17 2 0 0 0 1 0 0 0 0 0 0 0 0 0 0 0 0 0 0 0 0 0 0 13 0 0 0 0 0 0 0 0 0 0 0 0 0 0 
 304 91 217 208 172 162 125 32 126 97 0 144 391 51 105 243 91 293 60 98 2 3 0 0 0 0 5 0 3 0 0 4 35 3 0 0 0 0 161 3 0 0 0 0 3 0 0 1 0 3 0 0 3 3 0 0 5 0 0 0 0 0 0 0 0 0 2 0 0 0 0 1 0 106 0 0 0 0 0 0 1 0 21 50 27 11 0 11 15 26 30 29 0 0 1 14 8 3 11 0 10 2 0 0 0 5 11 11 0 0 2 0 0 14 14 0 0 0 37 0 0 0 21 0 1 3 0 0 0 0 0 0 1 0 0 1 0 0 1 0 0 0 0 0 0 0 0 0 2 0 0 13 0 0 0 0 0 0 0 0 12 7 0 35 0 0 0 18 0 14 58 11 12 13 1 15 0 0 0 0 0 0 0 0 0 0 0 1 0 0 0 0 48 9 0 0 0 0 0 7 0 0 0 1 0 0 0 0 0 0 0 0 0 0 0 0 0 0 0 9 0 0 0 0 2 0 0 11 0 0 0 0 0 2 0 0 0 0 0 0 0 1 0 0 0 5 2 2 2 4 22 10 15 0 0 0 0 0 0 0 0 0 11 0 0 0 0 0 0 0 0 0 0 0 0 12 19 0 0 0 0 0 0 0 0 0 0 0 0 0 
 20 340 160 305 132 220 31 206 314 131 144 0 128 46 247 58 175 180 36 125 9 3 0 0 0 0 157 0 3 1 0 2 3 75 0 0 0 2 77 102 0 0 2 0 5 0 0 1 0 3 0 0 7 3 0 0 3 0 0 0 0 0 5 0 0 0 2 0 0 0 0 1 0 12 0 2 0 4 0 0 14 0 9 0 7 15 0 0 11 29 12 27 0 16 0 11 12 57 0 0 0 23 0 0 0 0 18 26 10 0 1 0 21 14 16 0 17 0 30 2 0 0 0 0 0 0 0 0 0 0 0 0 2 0 0 0 0 0 0 0 3 0 0 0 4 0 2 0 0 0 0 0 0 0 0 0 0 0 0 0 0 0 9 28 1 14 11 24 3 1 18 1 1 6 29 0 15 28 0 0 0 0 10 0 0 0 0 8 0 0 0 0 2 16 0 4 0 0 47 1 0 0 0 0 0 15 0 10 0 2 0 0 0 0 0 0 0 0 0 0 0 0 0 0 0 0 0 0 0 0 0 0 0 0 0 0 0 0 0 0 0 0 0 0 0 0 86 4 87 0 1 25 4 0 0 0 0 0 0 0 0 0 10 0 0 13 7 0 0 0 0 0 0 0 0 0 0 1 0 0 0 0 0 0 0 0 0 0 0 0 
 304 174 51 60 46 36 421 159 403 52 391 128 0 217 39 246 36 256 277 101 2 3 0 0 0 0 3 4 3 8 0 4 0 5 3 0 0 1 0 3 0 49 1 3 3 0 0 64 0 0 0 0 0 3 0 2 3 0 0 0 0 0 37 0 3 2 2 0 0 5 3 2 0 0 0 0 0 2 0 0 0 19 11 2 24 0 15 10 63 0 17 0 0 12 9 39 20 10 26 0 0 0 0 0 0 0 0 0 1 0 0 0 2 0 0 7 0 0 9 0 0 0 0 0 0 0 0 0 0 2 0 0 0 0 0 0 0 0 0 0 0 0 1 0 0 0 0 1 0 1 0 5 0 0 0 0 0 0 0 0 30 37 26 0 0 0 49 11 16 0 2 10 36 0 0 1 30 9 13 41 12 0 0 2 0 0 0 0 0 0 0 0 0 0 0 0 0 0 2 0 0 0 0 0 0 0 0 0 0 0 0 2 0 0 0 0 0 0 0 0 0 0 0 0 0 0 0 0 0 0 0 0 0 0 0 0 0 0 0 0 0 2 0 0 2 1 2 0 2 2 10 12 0 0 1 0 0 0 0 0 0 0 0 0 0 0 0 2 4 0 0 0 0 0 0 0 0 0 0 0 0 0 0 0 0 0 0 0 0 1 
 127 420 366 172 65 139 256 271 96 129 51 46 217 0 382 357 142 28 348 200 2 3 0 0 0 0 3 6 3 0 0 4 0 2 0 0 3 2 0 3 0 0 0 0 3 0 0 0 0 2 0 0 0 6 0 0 4 0 0 0 0 1 0 0 0 0 2 0 0 0 0 2 0 0 0 0 0 0 0 0 35 40 5 14 32 11 19 71 14 0 24 1 1 9 1 14 13 7 67 0 0 0 0 0 0 2 0 0 0 0 0 0 0 0 0 0 0 0 13 0 1 0 0 0 0 0 0 0 0 0 1 0 0 1 0 0 0 0 0 0 0 0 0 0 0 0 0 0 0 6 0 7 0 0 0 0 0 0 0 0 1 31 1 22 10 18 55 2 7 15 0 14 0 1 0 13 26 0 14 0 0 0 0 0 2 0 0 0 0 0 0 0 0 0 14 0 0 0 0 0 0 0 0 0 0 0 0 0 0 0 0 0 0 2 0 0 12 0 0 0 0 0 0 0 0 0 2 0 0 0 0 0 0 0 2 0 2 0 0 0 0 0 0 0 0 12 0 0 0 93 0 3 0 0 1 0 0 0 0 0 0 0 0 0 0 0 0 0 0 0 0 0 0 0 0 0 0 0 0 0 0 0 0 0 0 0 0 0 0 0 
 31 68 113 37 59 44 226 47 98 270 105 247 39 382 0 169 24 69 158 321 2 3 0 0 3 3 6 0 3 0 4 6 32 1 0 76 5 0 22 3 0 0 3 5 4 0 0 2 4 5 0 0 0 3 0 0 7 2 0 0 0 5 0 0 0 0 38 46 0 0 0 0 0 5 0 0 0 0 5 3 22 0 29 14 0 0 48 34 39 7 0 0 13 9 24 23 0 9 46 0 0 0 0 0 0 0 0 0 0 0 0 0 0 0 0 0 0 0 0 0 0 0 0 0 0 0 0 0 0 0 0 0 0 0 0 0 0 0 0 0 0 0 1 0 0 0 0 0 0 20 0 2 0 0 0 0 0 0 0 0 0 1 0 11 0 0 31 0 0 0 0 0 10 36 0 1 10 0 0 20 0 0 0 0 0 0 0 0 0 0 0 0 0 0 19 0 0 0 0 0 0 0 0 0 0 0 0 0 0 0 0 0 0 0 0 0 0 0 0 0 0 0 0 0 0 0 0 0 0 0 0 0 0 0 0 0 8 0 0 0 0 0 0 0 0 0 1 0 0 2 2 10 4 0 0 0 0 0 0 0 0 0 0 0 0 3 0 0 0 0 0 0 0 0 0 0 41 0 0 0 0 0 0 0 0 0 0 0 0 0 
 436 139 85 119 86 160 288 301 58 70 243 58 246 357 169 0 312 268 211 89 7 5 0 0 0 0 18 2 3 0 0 4 63 2 9 0 0 0 61 3 0 0 1 2 3 0 0 2 0 0 0 0 0 3 0 0 3 0 0 0 0 0 0 0 0 0 2 0 0 0 0 0 0 9 0 0 0 0 5 1 0 20 0 45 48 71 0 51 35 12 14 18 15 12 1 33 39 9 34 18 0 0 16 0 0 0 19 10 0 0 0 0 0 14 0 0 1 1 13 2 0 0 0 0 0 0 0 0 0 0 0 0 0 0 0 0 0 0 0 0 0 0 0 0 0 0 0 0 5 0 0 0 0 0 0 0 0 0 0 0 30 12 17 29 0 0 8 11 2 18 22 9 13 19 0 18 18 10 0 2 0 0 0 0 0 0 1 0 0 0 2 0 1 4 0 0 0 0 2 0 0 0 0 0 0 0 0 0 0 0 0 0 0 0 0 0 0 0 0 0 0 0 0 0 0 0 0 17 0 0 0 0 0 0 0 0 0 0 0 0 0 23 0 0 0 0 0 0 2 2 1 13 0 2 0 0 0 0 0 0 0 0 0 0 0 0 0 0 0 0 0 0 0 0 0 11 17 0 0 0 0 0 0 0 0 0 0 0 0 0 
 117 222 162 75 166 80 120 42 260 345 91 175 36 142 24 312 0 526 462 55 5 6 0 24 0 0 5 0 5 0 0 7 0 1 0 0 0 3 0 5 0 9 4 0 3 0 0 5 3 3 0 0 0 6 0 0 6 0 3 0 0 0 3 0 0 0 3 0 0 1 0 0 0 0 0 0 2 43 0 0 0 12 7 15 7 16 10 12 38 11 31 12 14 0 0 32 13 24 0 3 0 0 0 0 0 2 3 0 7 0 0 0 0 0 0 0 0 0 4 0 0 0 0 0 0 0 0 0 0 0 0 0 0 1 0 0 0 0 0 0 0 0 6 0 6 0 6 0 0 0 0 0 0 0 0 2 0 0 16 0 20 0 48 10 16 14 2 33 12 17 0 27 0 15 1 9 9 13 0 0 10 10 0 0 1 0 32 0 0 0 0 0 61 0 13 0 0 0 14 16 0 0 0 0 0 0 0 0 0 0 0 0 0 2 0 0 2 0 0 0 0 0 1 0 0 0 2 0 0 0 0 0 0 0 2 0 2 0 0 0 0 0 0 0 0 5 129 0 1 56 1 11 0 0 0 0 0 0 0 0 0 0 0 0 0 0 0 0 0 0 0 0 0 0 0 0 0 0 0 0 0 0 0 0 0 0 0 0 0 0 
 253 273 129 141 143 231 243 34 774 392 293 180 256 28 69 268 526 0 260 45 2 3 0 0 2 0 12 0 3 1 0 3 2 1 0 0 0 0 75 3 0 7 0 0 8 0 0 1 0 0 0 1 0 5 0 0 3 0 0 0 0 0 0 0 0 0 2 0 0 9 0 1 0 11 3 0 0 0 0 0 12 10 31 0 0 0 0 75 1 8 13 33 26 0 23 9 0 12 39 0 0 0 0 0 0 3 33 14 11 0 0 0 7 7 0 0 0 0 10 0 0 0 0 0 0 0 0 0 0 0 0 0 0 0 0 0 0 0 0 0 0 1 7 0 16 0 0 0 0 0 0 0 0 0 0 0 0 0 0 0 20 9 17 44 11 15 0 0 4 0 10 0 0 37 10 0 6 10 0 0 11 0 10 0 0 0 22 0 1 0 0 0 30 13 14 0 0 1 40 22 0 0 0 5 0 0 0 0 0 11 2 0 0 0 0 0 0 0 0 0 0 0 0 0 0 0 0 0 1 0 0 0 0 0 0 0 0 0 0 0 0 0 0 0 0 0 171 1 3 1 0 13 21 0 0 0 0 0 0 0 0 0 0 0 0 0 0 0 0 0 0 0 0 0 0 9 0 0 0 0 0 0 0 0 0 0 0 0 0 0 
 291 56 258 67 47 56 545 138 69 70 60 36 277 348 158 211 462 260 0 165 3 3 0 0 0 0 3 2 5 2 0 2 0 0 0 0 0 0 0 3 0 0 1 0 3 59 0 2 0 0 0 0 0 3 0 0 3 0 0 0 0 0 0 0 0 0 2 0 0 0 0 0 0 0 0 0 0 0 0 0 12 24 0 7 0 0 0 49 18 0 0 0 1 11 0 1 20 10 15 31 0 0 0 0 0 0 0 0 0 0 0 0 0 0 0 0 0 0 0 0 0 0 0 0 0 0 0 0 0 0 0 0 0 0 0 0 0 0 0 0 0 0 0 0 0 0 0 0 0 0 0 0 0 0 0 0 0 0 0 0 15 13 14 16 0 0 30 1 0 0 10 0 19 2 0 2 10 15 47 0 0 0 0 0 0 0 0 0 0 0 0 0 0 0 0 0 0 0 0 0 0 0 0 0 0 0 0 0 0 0 0 0 0 0 0 0 0 0 0 0 0 0 0 53 0 0 0 0 0 0 0 0 0 0 0 0 0 0 0 0 0 10 0 0 0 92 0 0 2 2 2 8 0 0 0 0 0 0 0 0 0 0 0 0 0 0 0 0 0 0 0 0 0 0 0 0 0 0 0 0 0 0 0 0 0 0 0 0 0 0 
 38 176 89 92 81 54 140 52 165 329 98 125 101 200 321 89 55 45 165 0 2 3 0 0 0 0 4 1 3 0 0 4 0 7 0 0 0 0 0 5 0 0 7 0 3 0 0 3 0 0 0 0 6 3 0 0 66 0 0 0 0 0 0 0 0 0 2 0 3 0 0 0 0 0 0 0 0 0 0 0 13 3 0 13 13 16 23 20 28 17 20 0 14 0 2 41 0 9 11 23 0 0 0 0 0 0 0 0 1 0 1 0 0 0 0 0 0 0 10 0 0 0 0 0 0 0 0 0 0 1 0 0 0 0 0 0 0 0 0 0 0 0 0 0 0 0 0 1 0 0 0 0 0 0 0 0 0 0 0 0 0 2 0 15 0 3 0 62 0 9 0 21 14 14 27 0 0 10 15 0 0 0 0 0 0 0 0 0 0 0 0 15 1 0 0 0 0 0 0 0 0 0 0 0 0 2 0 0 0 0 0 0 0 0 11 0 0 0 0 0 0 0 0 0 1 0 0 0 0 0 0 0 0 0 0 0 0 0 0 0 0 0 0 0 1 0 0 0 2 51 0 4 0 0 0 0 0 0 0 0 0 0 0 0 0 0 0 0 0 0 0 0 0 0 0 0 1 0 0 0 1 0 0 0 0 0 0 0 0 0 
 2 2 2 76 9 2 2 2 76 3 2 9 2 2 2 7 5 2 3 2 0 242 75 62 114 51 270 257 113 36 32 36 85 165 109 139 38 20 132 344 0 3 0 0 0 0 0 0 0 0 0 0 0 9 0 0 0 2 3 0 0 0 0 0 2 0 47 0 48 0 0 0 3 2 2 0 0 0 0 0 0 0 1 0 11 32 0 0 0 0 0 12 0 0 0 1 0 0 0 0 30 24 20 5 0 0 14 7 0 23 0 0 14 1 14 2 60 11 22 35 0 0 0 0 0 0 0 0 0 0 0 0 0 0 0 0 0 0 0 0 0 0 0 0 0 0 0 0 0 0 0 0 10 0 0 0 0 2 0 9 0 0 0 0 0 18 3 0 0 9 3 0 0 0 0 1 1 22 0 0 10 22 15 10 0 10 15 37 34 0 26 12 2 19 3 40 10 0 22 22 0 0 7 0 0 0 0 9 4 0 0 1 0 0 0 0 0 0 0 10 0 0 0 0 0 0 0 0 0 0 0 0 0 0 0 0 0 0 0 0 0 0 0 0 0 0 0 0 73 0 0 0 0 0 2 1 4 2 38 0 0 0 0 0 0 0 0 0 0 0 0 0 0 0 0 0 0 0 0 0 0 0 0 0 0 0 7 0 0 0 
 3 3 5 3 3 3 3 3 0 3 3 3 3 3 3 5 6 3 3 3 242 0 471 116 122 38 76 363 131 97 50 33 218 76 151 128 298 195 112 133 0 0 0 0 0 0 0 0 0 0 0 0 0 0 0 0 1 0 0 1 0 0 0 0 0 0 0 0 0 1 0 1 0 0 0 0 51 0 0 0 0 0 0 0 0 19 0 0 0 0 0 0 0 0 0 0 0 2 0 0 0 1 33 52 0 0 21 16 1 35 19 13 1 20 10 0 41 16 0 9 0 0 0 0 0 0 16 1 0 0 0 0 22 0 0 0 7 13 0 6 0 0 0 0 0 0 0 0 0 0 0 0 4 0 0 0 0 0 0 0 0 0 0 0 0 16 0 0 0 0 0 0 0 2 6 0 0 0 0 0 32 0 19 17 19 0 1 0 19 29 34 22 0 19 2 33 13 30 0 0 2 3 1 0 0 0 20 0 0 0 0 0 9 0 0 0 0 15 0 0 2 0 0 0 0 23 0 0 0 0 0 0 0 0 0 0 0 0 10 0 0 0 0 0 0 0 0 0 0 0 0 0 0 0 6 0 0 11 0 0 1 0 0 0 0 0 0 0 0 0 0 0 0 0 0 0 0 0 0 0 0 0 0 0 4 9 20 0 0 0 
 2 0 3 0 0 0 0 77 2 1 0 0 0 0 0 0 0 0 0 0 75 471 0 206 211 211 80 434 71 304 182 167 289 158 201 35 125 39 47 43 2 3 7 0 1 0 5 0 0 0 0 0 0 1 0 0 0 6 65 0 6 0 0 0 2 2 0 3 0 0 0 0 0 1 2 0 0 0 0 0 0 0 0 0 0 0 0 0 0 0 0 9 0 1 0 0 0 0 0 0 0 0 23 15 33 0 0 2 5 9 16 1 0 0 11 6 9 0 0 0 19 0 0 0 0 0 32 9 0 0 2 0 1 24 15 0 43 0 14 0 0 6 0 0 0 0 0 0 0 0 0 0 5 0 0 0 0 0 0 0 0 0 0 2 0 0 0 0 0 0 0 0 0 0 3 0 0 0 0 0 20 13 20 18 9 14 0 0 9 6 25 22 0 0 0 3 27 51 0 0 8 0 0 0 0 0 38 6 2 0 0 0 1 0 12 1 0 0 30 20 0 0 0 0 1 0 0 0 0 0 0 0 9 0 0 0 0 0 0 0 0 0 11 0 0 0 0 0 2 0 0 0 0 0 10 2 0 152 76 2 3 0 0 0 0 2 0 0 0 0 0 0 0 0 2 0 0 0 0 0 0 0 0 0 0 0 0 0 0 0 
 0 0 0 0 27 0 0 0 0 3 0 0 0 0 0 0 24 0 0 0 62 116 206 0 198 41 374 211 111 182 134 131 160 176 127 59 160 241 279 61 1 3 0 0 2 1 63 0 6 3 4 2 75 67 0 4 5 211 4 27 0 0 3 0 2 6 0 0 0 4 0 0 0 2 2 3 0 0 0 11 0 0 0 0 0 0 0 0 0 0 0 0 0 0 0 0 0 0 0 0 0 0 24 10 21 0 11 0 33 0 23 47 0 0 0 30 0 1 0 0 2 0 0 0 0 22 25 13 0 0 0 0 64 2 0 8 0 0 9 0 0 0 0 0 0 1 0 0 0 0 0 0 14 0 0 0 0 1 0 0 0 0 0 0 0 0 0 2 0 0 0 0 0 0 0 0 3 0 0 6 0 0 12 4 13 11 0 0 0 16 0 23 0 0 0 0 12 18 0 0 19 0 0 0 0 0 16 17 1 0 0 0 0 0 7 0 0 20 34 11 0 0 0 0 0 0 0 0 0 1 0 0 0 0 0 0 0 0 0 0 0 0 10 0 0 0 0 0 0 0 0 0 0 0 2 0 0 46 86 0 4 9 0 0 0 0 0 0 0 0 0 0 0 0 2 0 0 0 0 0 0 1 0 0 0 8 0 0 0 0 
 2 3 0 0 3 0 0 0 0 5 0 0 0 0 3 0 0 2 0 0 114 122 211 198 0 386 356 232 227 109 143 53 204 166 300 81 48 116 69 91 68 3 0 0 3 0 41 91 0 65 0 0 0 129 4 6 0 69 3 2 0 0 0 0 2 0 0 0 0 0 0 0 0 0 2 0 0 0 0 46 0 0 0 0 0 0 11 0 0 0 0 0 0 1 0 0 0 0 0 0 0 0 9 19 24 42 0 16 0 20 9 0 0 0 7 9 14 21 0 0 1 15 14 0 0 0 19 0 0 16 1 9 0 17 0 16 19 44 22 8 0 0 0 0 0 0 0 0 0 0 0 0 2 6 0 0 0 0 0 0 1 0 0 0 0 0 0 0 0 0 0 0 0 0 2 0 0 0 0 0 0 0 22 6 37 15 0 16 1 10 11 35 0 0 0 0 0 12 0 0 4 0 0 0 0 0 21 0 54 0 0 0 24 0 13 11 0 0 13 15 0 0 0 0 1 0 0 0 0 0 0 1 0 0 0 22 0 0 0 0 0 0 12 0 0 0 0 0 0 0 0 74 0 0 6 3 0 0 40 2 4 0 0 0 0 0 0 0 0 0 19 0 0 0 0 0 0 0 0 0 0 9 0 0 67 0 25 0 0 0 
 0 0 0 2 7 0 0 0 0 0 0 0 0 0 3 0 0 0 0 0 51 38 211 41 386 0 245 59 39 59 97 154 46 51 113 88 135 56 43 137 62 65 0 0 0 0 55 21 25 7 2 1 63 63 26 0 1 4 186 5 2 0 0 0 5 3 1 2 0 0 0 0 0 2 3 0 1 0 0 0 0 0 0 0 0 0 0 0 0 0 0 0 0 0 0 0 0 0 0 0 0 9 19 1 9 0 0 1 0 0 4 2 0 0 0 0 0 1 0 0 2 14 0 0 0 0 0 3 0 14 0 2 0 59 20 9 0 9 45 16 0 6 0 0 0 0 0 0 0 0 0 0 7 0 0 0 0 0 9 0 0 0 0 0 2 0 0 0 2 0 0 0 0 0 0 0 0 0 0 2 0 6 19 0 0 10 0 14 0 0 18 6 0 0 0 9 0 11 0 0 22 0 20 5 10 0 30 1 16 0 4 0 0 0 1 15 10 0 24 18 0 0 14 0 2 0 0 0 0 0 0 0 0 0 0 0 0 0 0 0 0 0 8 0 0 0 0 2 0 0 0 0 0 0 5 0 0 13 75 22 6 5 0 0 0 0 0 0 0 0 0 0 0 0 0 0 0 0 0 0 0 0 0 0 0 0 0 0 0 0 
 3 89 3 30 26 76 3 3 1 3 5 157 3 3 6 18 5 12 3 4 270 76 80 374 356 245 0 73 317 47 44 46 194 159 118 105 132 38 76 164 0 3 3 0 0 0 9 0 0 0 0 0 0 0 0 0 3 3 3 0 0 0 8 0 2 0 0 0 0 0 0 2 0 0 2 0 0 4 1 0 0 0 0 14 6 26 0 0 0 0 13 29 0 0 0 0 0 22 0 0 0 43 18 0 0 0 39 97 18 1 16 11 28 109 0 18 33 10 4 28 0 0 0 0 0 0 0 0 0 0 0 0 0 0 0 0 0 0 0 0 0 0 0 0 0 0 0 0 0 8 0 0 0 0 0 0 0 0 0 14 0 0 1 1 0 0 3 0 0 0 21 3 0 0 0 0 0 4 0 0 7 62 18 1 0 0 29 0 33 45 0 0 0 30 20 45 18 1 68 49 0 0 1 0 0 0 0 3 0 0 0 0 0 0 0 0 0 0 0 0 0 0 0 0 0 0 0 0 0 0 0 13 0 0 0 0 0 0 0 0 0 0 0 0 0 0 0 0 36 0 0 0 0 0 5 0 0 0 0 2 4 0 0 0 0 0 6 0 0 0 0 1 0 0 0 0 0 0 0 0 0 2 0 0 0 0 0 0 0 0 
 0 0 0 0 1 0 3 6 2 0 0 0 4 6 0 2 0 0 2 1 257 363 434 211 232 59 73 0 147 81 120 115 341 150 222 229 396 128 65 338 0 3 0 0 9 0 0 0 0 0 0 0 70 0 0 0 0 3 3 0 0 0 0 0 2 3 0 0 5 1 0 4 0 1 2 0 0 0 2 0 1 0 0 0 0 0 0 0 0 0 0 0 0 0 0 0 0 0 0 1 69 9 15 16 30 31 0 9 1 39 7 1 6 0 18 22 0 33 0 11 0 3 0 0 0 20 0 0 0 0 0 0 2 0 0 7 0 0 2 0 0 0 2 0 2 0 0 13 0 1 0 0 12 0 0 0 3 0 0 0 0 0 0 0 0 2 0 0 0 0 0 0 0 0 0 0 0 0 0 0 30 27 13 5 0 32 16 14 10 0 0 30 0 12 14 0 24 0 0 0 0 8 10 0 0 0 16 0 0 0 0 0 47 0 0 0 0 0 17 16 0 0 0 0 0 0 0 0 0 0 0 1 0 0 0 0 0 0 1 0 0 0 22 0 0 0 0 0 0 0 0 0 0 0 11 1 0 0 76 2 0 0 0 0 0 0 0 0 0 0 0 0 0 0 0 0 0 0 0 3 0 0 0 0 0 0 5 0 0 0 
 3 3 10 3 5 3 3 4 0 4 3 3 3 3 3 3 5 3 5 3 113 131 71 111 227 39 317 147 0 69 263 41 137 122 248 183 125 185 197 370 63 3 0 0 0 1 3 0 0 0 0 0 0 0 0 0 10 3 67 0 0 0 1 0 2 0 0 0 0 0 0 0 0 0 2 0 0 0 1 0 0 0 0 0 0 0 2 0 0 0 0 0 0 0 0 0 0 0 0 0 11 12 12 40 23 8 23 21 57 25 38 23 18 11 1 6 13 33 9 21 8 0 0 2 0 1 0 0 0 0 0 0 2 1 0 0 0 0 0 0 0 1 0 0 0 0 0 0 0 0 0 0 0 0 1 0 0 1 0 0 0 0 0 3 0 1 0 0 0 0 4 0 1 0 0 0 0 0 1 0 9 12 0 0 0 0 0 1 11 25 11 38 0 15 13 1 53 30 0 0 0 0 0 0 0 0 0 0 0 0 0 0 7 0 0 20 0 0 1 1 0 0 0 1 14 0 1 0 0 0 0 0 0 0 0 0 0 0 0 0 0 0 0 0 0 0 0 0 0 0 0 0 0 0 7 0 0 2 0 0 5 9 0 0 0 0 0 0 0 0 0 0 0 0 0 0 0 2 0 0 0 0 0 0 0 9 12 0 0 0 
 0 2 0 1 0 0 0 3 0 2 0 1 8 0 0 0 0 1 2 0 36 97 304 182 109 59 47 81 69 0 91 195 363 147 172 359 258 43 77 93 71 3 2 1 0 3 0 12 0 38 6 2 0 0 0 3 0 4 65 89 0 1 4 0 5 0 0 1 3 1 2 0 0 2 67 3 2 0 0 8 0 0 1 0 0 0 2 0 0 0 0 0 0 0 0 0 0 0 0 0 9 4 12 39 24 15 0 0 26 11 9 9 1 0 0 1 9 0 0 0 24 13 0 0 0 0 15 0 0 1 0 0 33 0 0 0 0 0 8 4 0 0 0 0 0 0 0 0 0 0 0 0 0 0 1 5 0 6 0 0 0 7 0 0 0 0 0 0 0 0 1 0 0 0 0 0 0 0 11 4 1 0 0 4 0 35 0 13 21 8 24 0 0 13 0 0 19 44 0 0 0 0 0 0 0 0 0 1 0 0 0 0 17 0 8 0 0 0 61 21 0 0 0 1 0 0 0 0 0 3 1 0 0 0 0 0 0 0 0 0 0 0 3 0 0 0 0 0 0 0 0 0 0 0 17 2 0 120 0 2 3 0 0 0 0 0 0 0 0 0 0 0 0 2 0 0 0 0 0 0 0 16 0 0 0 14 0 0 0 0 
 0 0 0 0 1 0 0 0 4 3 0 0 0 0 4 0 0 0 0 0 32 50 182 134 143 97 44 120 263 91 0 146 75 37 133 166 293 166 47 155 1 3 0 0 0 0 96 67 0 0 0 0 0 0 0 0 0 3 3 128 0 0 1 0 2 0 0 0 0 0 0 3 0 0 2 0 0 0 1 0 0 0 0 0 1 0 0 0 0 0 0 0 0 14 0 0 0 0 0 0 11 10 12 8 0 7 0 19 0 20 1 9 9 0 0 25 0 18 0 18 20 22 0 0 0 0 88 11 0 10 0 2 11 0 0 6 0 1 26 10 1 3 0 0 0 0 0 0 0 0 11 0 6 0 0 1 0 0 0 0 0 1 0 0 0 0 15 0 1 0 0 0 0 0 63 0 0 0 0 2 13 12 23 14 25 0 9 13 0 1 19 10 0 21 11 11 0 11 0 0 13 0 0 0 0 0 0 18 15 0 0 0 10 0 25 0 1 11 46 12 0 0 0 0 0 0 0 0 0 0 0 0 0 0 0 0 0 0 0 0 0 0 1 0 0 0 0 0 26 0 0 0 0 0 7 4 1 41 78 0 14 0 0 0 0 0 1 0 0 0 0 0 0 0 0 0 0 0 0 0 0 0 0 0 0 0 0 0 0 0 
 5 4 5 5 6 3 3 4 2 4 4 2 4 4 6 4 7 3 2 4 36 33 167 131 53 154 46 115 41 195 146 0 258 35 123 46 192 139 50 61 65 5 3 0 0 2 4 0 0 0 3 0 62 0 0 3 0 2 123 88 0 0 0 4 11 0 0 0 3 0 0 0 0 2 2 0 2 0 0 12 0 0 0 0 0 0 0 0 0 0 0 0 0 2 0 0 0 0 0 0 0 0 0 16 0 0 0 1 0 0 27 19 0 0 0 1 0 0 0 0 0 17 1 0 0 0 1 5 0 10 0 0 25 15 4 0 0 0 44 9 0 12 0 0 45 0 0 0 0 0 0 0 1 0 0 0 0 18 0 0 2 0 0 12 0 0 0 0 0 0 0 0 0 0 0 0 0 0 0 0 0 0 14 8 14 4 11 0 0 1 18 11 0 0 0 0 0 21 0 0 18 0 0 0 0 0 8 15 44 0 0 0 0 0 1 1 0 0 20 7 0 0 0 0 0 0 0 0 0 0 0 1 9 0 0 0 0 0 0 0 0 0 20 0 0 28 0 0 0 2 0 0 0 0 6 0 2 4 1 2 4 21 0 0 0 0 0 0 0 0 0 0 0 0 0 0 0 0 0 0 0 11 0 0 0 0 0 0 0 0 
 0 6 0 74 2 73 0 3 76 13 35 3 0 0 32 63 0 2 0 0 85 218 289 160 204 46 194 341 137 363 75 258 0 98 127 293 188 131 403 219 0 4 2 0 2 0 200 0 0 0 0 0 0 5 0 0 0 3 3 0 0 0 1 0 2 0 0 2 0 0 0 0 5 18 2 0 0 0 2 0 0 0 12 20 30 27 0 0 0 10 1 20 0 0 0 0 0 0 0 0 11 0 10 12 0 0 16 10 15 33 0 14 11 14 24 0 1 30 11 16 0 0 0 0 0 0 0 0 0 1 14 0 19 0 0 0 0 0 0 0 2 0 0 0 0 0 6 0 3 0 0 0 0 0 0 0 0 0 0 0 0 0 0 29 1 27 0 0 1 21 25 20 0 0 0 13 0 18 0 0 32 0 0 0 0 0 0 21 1 15 17 0 0 51 0 19 11 4 0 1 0 0 1 0 0 0 0 0 0 0 0 0 0 0 0 0 1 1 0 0 0 0 0 0 0 0 0 11 0 0 0 0 0 0 26 1 0 0 0 0 0 0 0 0 0 0 0 0 0 0 0 0 14 0 8 2 1 75 0 1 19 1 0 0 0 0 0 0 0 0 0 0 0 0 0 10 0 0 0 0 0 0 0 0 0 0 0 0 0 0 
 1 0 1 82 100 2 5 2 0 4 3 75 5 2 1 2 1 1 0 7 165 76 158 176 166 51 159 150 122 147 37 35 98 0 266 122 433 98 325 265 0 3 65 0 0 0 3 0 0 0 0 2 0 0 0 0 0 2 3 0 0 0 2 1 3 3 0 0 3 0 0 4 0 0 2 0 0 11 3 0 0 19 0 0 9 0 0 0 0 2 0 18 0 0 0 0 0 0 0 0 27 21 71 28 21 11 19 0 1 45 8 7 0 14 19 22 0 1 0 15 0 0 0 0 0 0 0 0 0 0 0 0 0 0 0 0 0 0 0 2 0 0 0 0 0 0 0 0 0 0 0 0 0 0 2 0 0 0 0 0 0 0 1 3 0 0 0 0 0 0 3 0 0 0 0 0 0 0 0 0 8 11 0 14 0 6 10 29 10 13 0 0 0 37 11 37 35 24 0 16 0 0 4 0 0 0 0 1 0 0 0 0 7 0 0 0 0 0 0 9 0 0 0 0 0 0 0 0 1 0 0 0 0 0 0 0 0 19 0 0 0 0 0 0 0 0 2 0 0 0 0 0 0 0 7 0 4 2 1 2 1 2 0 2 0 0 9 0 0 0 0 2 0 0 0 0 0 0 0 9 0 0 0 0 0 0 0 0 0 0 
 0 0 0 75 0 0 0 0 0 0 0 0 3 0 0 9 0 0 0 0 109 151 201 127 300 113 118 222 248 172 133 123 127 266 0 125 123 63 253 117 0 3 0 0 2 0 0 0 0 0 0 0 0 0 0 0 0 3 3 0 0 0 0 0 2 0 0 0 0 0 0 1 0 0 2 0 0 0 0 0 0 0 0 0 0 13 0 0 0 0 0 29 0 0 0 0 0 0 0 0 51 34 2 20 10 0 13 12 0 22 0 0 0 2 0 2 23 42 7 12 0 0 0 0 0 0 0 0 0 0 0 0 0 0 0 2 0 0 1 0 0 1 0 0 0 0 0 0 0 0 0 0 5 0 0 0 0 0 0 2 0 0 0 4 0 0 16 0 0 0 1 0 0 0 0 0 0 1 0 0 13 25 28 1 0 29 28 17 28 0 9 34 0 10 21 25 18 0 21 12 0 0 8 0 0 0 17 0 0 0 0 0 7 0 0 0 0 0 16 9 0 0 0 0 0 0 0 0 0 0 0 0 0 1 0 0 0 0 0 0 0 0 20 0 0 0 0 0 72 0 0 0 0 0 11 0 0 2 75 3 9 0 0 0 0 0 0 0 0 0 0 0 0 0 0 0 0 0 0 0 0 0 0 0 0 0 1 0 0 0 
 0 0 2 2 74 2 0 0 0 0 0 0 0 0 76 0 0 0 0 0 139 128 35 59 81 88 105 229 183 359 166 46 293 122 125 0 348 347 186 89 0 4 0 0 0 0 2 0 0 0 0 0 0 4 0 0 0 3 3 0 0 0 1 0 2 0 0 0 0 39 0 4 0 0 2 0 0 0 1 0 0 0 0 0 1 15 0 0 0 0 0 0 0 0 0 0 0 0 0 0 27 31 14 20 43 0 29 37 10 18 41 9 8 33 32 35 4 64 0 38 0 0 0 0 0 0 0 0 0 0 0 0 12 0 0 0 0 0 0 0 0 0 0 7 0 0 0 0 0 0 0 0 0 0 0 0 0 0 0 0 0 0 0 3 0 11 0 0 0 0 1 0 0 0 0 0 0 0 0 0 24 10 3 6 0 13 4 19 61 18 0 11 0 36 15 36 33 13 0 0 0 0 0 0 0 0 0 0 0 0 0 0 0 0 0 7 0 0 0 0 0 0 0 0 0 0 0 0 0 0 0 9 0 0 0 0 10 0 0 0 0 0 0 0 0 0 0 0 0 0 0 0 0 0 7 0 2 2 0 1 30 7 0 0 0 0 2 0 0 0 0 0 0 0 0 0 0 0 0 6 0 0 0 0 0 0 0 0 0 0 
 0 0 0 0 74 0 0 6 0 2 0 0 0 3 5 0 0 0 0 0 38 298 125 160 48 135 132 396 125 258 293 192 188 433 123 348 0 142 132 265 54 3 1 0 0 0 0 0 0 0 0 0 0 0 0 0 208 3 70 23 0 0 1 0 2 0 0 0 0 0 0 5 0 0 2 0 0 0 1 0 0 0 0 0 4 0 0 0 0 0 0 0 0 0 0 0 0 0 0 0 15 38 35 48 7 4 14 5 1 5 0 4 8 14 0 13 0 29 0 17 0 2 5 12 0 0 0 0 0 26 0 0 39 0 0 0 0 0 20 5 0 0 0 0 0 0 0 0 2 0 0 0 0 0 0 53 0 8 0 2 0 0 0 4 0 0 0 0 0 0 0 0 0 0 0 1 0 0 0 0 14 10 19 5 0 36 4 0 28 20 0 0 2 19 14 14 20 25 0 0 1 10 0 1 0 0 0 0 0 0 0 2 12 0 2 0 0 0 41 1 0 0 0 0 0 0 0 1 0 0 0 0 0 0 0 0 1 0 0 0 0 0 20 0 0 0 0 0 0 0 0 0 0 0 8 0 1 9 1 5 31 1 0 0 0 0 1 0 0 0 0 0 0 0 0 0 0 0 0 0 0 25 0 0 0 15 0 0 0 0 
 0 0 0 0 2 0 3 5 0 2 0 2 1 2 0 0 3 0 0 0 20 195 39 241 116 56 38 128 185 43 166 139 131 98 63 347 142 0 40 37 1 3 0 0 0 0 23 0 0 0 0 0 0 0 0 0 0 2 3 64 0 0 0 0 2 0 0 0 0 0 0 1 0 1 2 0 0 0 0 0 0 0 0 0 0 0 0 0 0 0 0 0 0 0 0 0 0 0 0 0 13 0 0 44 16 0 0 25 21 31 0 10 0 0 20 32 0 26 0 13 21 13 0 0 0 15 14 18 0 0 0 0 32 0 0 0 0 0 7 0 21 0 0 0 0 0 0 0 0 0 0 17 0 0 0 0 0 0 0 0 0 0 0 0 0 0 0 0 2 0 0 8 0 0 3 0 0 0 0 6 70 10 0 20 0 0 0 13 0 21 15 11 0 4 16 0 23 32 0 0 21 0 0 0 0 0 0 0 0 0 0 0 10 0 0 0 0 23 14 11 0 0 0 0 0 24 0 0 0 0 0 0 0 0 0 0 0 0 0 0 0 0 0 0 0 0 0 0 0 0 0 0 0 0 8 1 2 13 87 0 0 0 0 0 0 0 0 0 0 0 0 0 0 0 0 0 0 0 0 6 0 0 0 0 0 0 0 0 0 0 
 2 3 0 101 3 75 2 0 64 1 161 77 0 0 22 61 0 75 0 0 132 112 47 279 69 43 76 65 197 77 47 50 403 325 253 186 132 40 0 156 2 3 0 3 0 1 0 0 4 0 0 0 0 5 0 0 1 2 3 4 0 0 8 0 2 0 0 0 0 0 0 0 0 6 2 0 0 0 0 0 10 6 26 34 21 44 0 0 0 13 2 47 0 0 6 0 0 0 0 0 10 27 7 20 0 0 35 31 0 38 0 0 31 30 10 13 17 27 17 14 1 0 0 0 0 0 0 0 0 0 1 0 0 0 0 0 1 0 0 0 0 0 0 0 0 0 0 0 3 0 0 0 0 0 0 0 0 0 0 0 0 1 0 17 0 16 0 0 0 28 37 30 0 0 0 13 0 0 0 0 10 3 15 1 0 0 1 25 5 0 0 0 16 62 0 34 20 0 6 27 0 0 0 0 0 0 2 0 0 0 0 15 0 0 0 0 0 0 0 1 0 0 0 0 1 0 0 10 0 0 0 0 0 0 0 0 0 2 0 0 0 0 0 0 0 0 0 0 35 0 0 0 9 0 15 2 2 0 0 0 5 2 62 0 0 0 0 0 0 0 0 0 0 0 0 21 0 0 0 0 0 0 0 0 0 0 0 0 0 0 
 10 5 77 81 9 83 3 3 9 78 3 102 3 3 3 3 5 3 3 5 344 133 43 61 91 137 164 338 370 93 155 61 219 265 117 89 265 37 156 0 2 9 3 0 0 0 1 0 0 0 2 0 0 9 0 0 0 9 3 0 0 1 0 0 2 2 0 0 47 3 0 0 0 18 2 0 0 5 0 0 0 0 2 0 8 32 1 0 0 0 0 60 0 0 0 0 0 13 0 0 1 0 22 54 8 0 12 49 9 39 1 0 0 70 38 14 0 6 0 13 0 0 0 0 0 0 0 0 0 0 12 0 12 0 0 0 0 0 14 0 0 8 0 0 0 0 0 0 0 0 0 0 3 0 2 0 0 0 0 0 0 0 0 0 0 1 3 0 0 4 9 0 0 0 0 0 0 0 0 0 50 10 0 15 0 0 1 52 0 3 0 0 6 30 0 11 12 1 9 0 0 0 0 0 0 0 0 12 0 0 0 0 0 0 0 7 0 0 0 8 0 0 0 2 0 0 2 0 0 0 0 0 0 0 0 0 0 0 0 0 0 0 0 0 0 2 0 0 1 0 0 0 0 0 10 2 3 89 1 0 4 0 3 0 0 0 7 0 0 0 0 0 0 0 0 0 0 0 0 6 0 0 0 0 0 0 0 0 0 0 
 0 3 0 0 5 0 0 0 0 0 0 0 0 0 0 0 0 0 0 0 0 0 2 1 68 62 0 0 63 71 1 65 0 0 0 0 54 1 2 2 0 193 114 67 29 26 255 532 173 257 35 24 62 144 122 222 95 257 112 194 0 0 0 0 0 0 0 0 0 0 0 0 0 1 0 0 0 0 0 0 0 0 0 0 0 0 0 0 0 0 0 0 0 0 0 0 0 0 0 0 0 0 0 0 0 20 0 0 0 0 1 1 0 0 0 19 0 0 0 0 18 14 9 0 0 0 45 10 9 60 24 19 6 0 35 29 58 1 18 32 0 0 0 0 0 0 10 0 0 0 0 0 1 0 0 2 0 4 1 0 0 0 0 0 0 0 0 0 0 0 0 0 0 0 0 0 0 0 0 0 0 0 0 8 1 11 0 1 0 0 0 2 0 0 0 0 0 0 0 0 7 6 23 25 1 0 38 0 16 2 0 1 11 16 15 0 16 7 27 0 0 0 0 0 15 0 0 0 0 0 0 0 7 0 0 0 0 0 0 0 0 0 0 0 0 0 0 0 0 0 0 1 0 0 0 0 0 0 0 0 0 0 2 0 0 16 1 0 0 0 0 0 0 0 0 0 0 0 0 0 0 11 0 0 3 0 0 12 0 0 
 0 0 1 1 1 0 0 0 3 10 0 0 49 0 0 0 9 7 0 0 3 0 3 3 3 65 3 3 3 3 3 5 4 3 3 4 3 3 3 9 193 0 514 79 124 37 294 372 140 377 249 41 193 300 266 240 319 57 55 40 0 0 0 0 0 3 1 0 0 0 0 0 0 0 0 0 9 0 0 0 0 0 0 0 15 0 9 0 0 0 0 12 0 0 0 0 0 0 0 0 1 0 0 0 0 0 0 0 0 1 0 12 0 0 0 0 0 0 0 0 24 46 8 97 32 14 0 9 44 3 45 5 0 1 26 0 48 20 0 0 10 3 0 0 0 22 24 0 0 0 0 0 14 0 11 15 0 0 11 18 0 0 0 0 0 0 0 0 6 9 0 0 0 0 0 0 2 0 0 0 5 0 0 0 0 0 6 1 0 0 0 0 1 0 0 0 0 0 0 5 0 14 7 28 0 29 14 6 0 8 1 49 0 9 0 1 0 1 0 0 0 0 9 8 0 0 0 13 0 0 8 0 8 1 0 0 0 0 19 0 0 0 0 0 0 0 0 0 0 0 0 12 0 2 0 0 0 0 1 0 0 0 40 0 2 19 2 0 0 0 0 0 0 0 0 0 0 0 0 0 0 0 0 0 0 6 0 10 0 0 
 2 0 0 70 4 1 1 1 0 0 0 2 1 0 3 1 4 0 1 7 0 0 7 0 0 0 3 0 0 2 0 3 2 65 0 0 1 0 0 3 114 514 0 494 122 36 157 331 333 132 167 94 320 61 374 74 760 188 43 469 1 0 0 3 10 3 0 0 1 0 5 2 75 4 2 0 9 3 0 0 0 20 0 0 0 0 0 0 0 0 0 0 0 0 0 0 0 0 0 0 0 0 0 0 0 0 0 0 0 0 0 0 0 0 0 0 0 0 0 0 10 11 0 71 13 18 8 0 26 0 1 0 0 0 10 0 0 48 0 0 12 16 0 0 1 23 36 7 0 0 0 0 11 0 1 0 5 0 1 17 0 0 0 0 3 14 0 0 0 0 0 0 0 0 0 0 0 0 0 0 0 0 0 0 0 0 0 0 0 0 0 0 0 0 0 0 0 0 0 0 0 27 16 27 7 11 12 22 0 7 36 36 0 5 0 0 11 6 0 53 31 0 0 0 0 5 0 17 1 0 0 0 0 20 0 46 0 0 19 0 0 0 0 0 0 0 0 0 0 0 0 0 1 0 0 0 0 0 0 1 0 0 65 1 1 3 2 1 2 0 1 0 0 0 0 0 0 0 0 0 0 0 0 0 0 17 0 0 2 0 
 0 0 52 0 0 0 0 1 0 0 0 0 3 0 5 2 0 0 0 0 0 0 0 0 0 0 0 0 0 1 0 0 0 0 0 0 0 0 3 0 67 79 494 0 114 90 93 65 221 76 40 158 64 64 76 333 104 171 74 61 51 0 0 0 0 0 9 0 58 0 0 0 20 61 2 0 0 0 60 0 0 0 0 0 0 0 0 1 0 0 0 0 0 0 0 0 0 0 0 0 0 0 0 0 0 0 0 0 0 0 0 0 0 0 0 0 0 0 0 0 1 0 15 1 13 37 4 17 17 3 12 7 0 1 4 17 3 9 0 3 0 6 31 0 0 0 7 36 11 13 0 0 6 0 4 1 2 15 11 5 0 0 2 0 8 0 0 25 0 0 0 0 0 0 0 0 0 0 2 0 0 0 0 0 0 15 0 0 0 0 0 0 0 0 0 0 0 0 0 0 0 13 27 0 8 25 0 0 3 22 17 33 0 3 0 24 9 15 0 0 15 0 11 0 0 0 25 0 0 0 0 0 53 49 0 9 0 0 20 0 0 0 27 0 0 0 0 0 0 0 0 14 0 0 0 0 0 0 0 19 0 0 2 64 0 1 2 64 0 0 0 0 0 0 0 0 0 0 0 0 0 0 0 0 0 14 0 0 2 0 
 3 3 63 3 3 3 3 3 0 6 3 5 3 3 4 3 3 8 3 3 0 0 1 2 3 0 0 9 0 0 0 0 2 0 2 0 0 0 0 0 29 124 122 114 0 131 63 62 177 82 226 164 73 347 77 281 82 69 284 73 28 0 0 0 0 0 1 0 0 0 0 0 0 2 0 0 0 0 51 51 0 0 6 0 0 0 0 0 0 0 0 0 0 0 0 0 0 0 3 0 0 5 8 0 6 17 0 0 1 0 0 1 0 0 0 6 0 14 0 0 0 31 9 13 20 9 0 0 26 8 0 0 0 0 0 0 18 0 0 0 4 13 1 0 0 0 22 7 11 0 0 0 20 11 10 7 0 0 12 11 0 0 0 0 4 0 0 0 0 0 0 0 0 0 0 0 0 0 0 0 0 0 9 14 3 12 0 0 0 0 0 7 0 0 3 0 1 0 0 0 0 10 10 8 17 30 4 0 0 14 0 51 0 0 8 6 9 1 0 0 1 14 0 0 0 0 12 0 18 10 0 0 16 6 0 24 0 12 0 12 0 0 4 0 0 0 0 0 0 0 0 11 0 2 0 0 0 0 7 0 0 0 12 1 0 0 0 7 0 3 0 0 0 0 0 0 0 0 0 0 0 9 0 0 0 0 0 0 2 0 
 0 0 0 0 0 0 0 0 0 5 0 0 0 0 0 0 0 0 59 0 0 0 0 1 0 0 0 0 1 3 0 2 0 0 0 0 0 0 1 0 26 37 36 90 131 0 37 35 62 49 70 121 44 58 43 74 72 45 62 266 76 0 3 5 0 0 22 24 28 0 1 0 56 94 53 0 4 0 86 108 35 0 0 0 0 0 0 0 0 0 0 0 0 0 0 0 0 0 0 0 0 0 0 1 0 0 0 3 0 0 0 0 0 0 0 0 0 0 0 0 0 0 0 0 13 21 0 0 0 0 0 0 0 0 0 0 0 7 0 0 17 10 32 21 0 0 13 15 0 31 20 0 0 15 0 30 5 44 4 23 0 0 0 0 1 0 0 0 0 0 0 0 0 0 0 0 0 0 0 0 28 0 0 0 0 0 0 0 0 0 0 0 0 0 0 0 0 0 0 0 0 0 0 0 17 0 0 0 0 0 0 0 0 0 0 0 0 0 0 0 22 21 10 7 11 0 27 0 20 13 2 0 0 27 1 20 10 4 23 12 0 0 0 0 0 0 0 0 0 0 0 10 0 0 0 0 0 0 0 0 0 0 0 2 64 0 1 0 5 0 0 0 0 0 0 0 0 0 0 0 0 0 0 0 0 0 0 0 10 0 
 0 3 5 0 2 0 0 2 3 0 0 0 0 0 0 0 0 0 0 0 0 0 5 63 41 55 9 0 3 0 96 4 200 3 0 2 0 23 0 1 255 294 157 93 63 37 0 173 119 101 50 37 157 120 62 47 50 130 385 147 0 4 1 0 0 6 0 5 4 0 0 0 0 7 6 0 0 3 3 2 0 0 0 0 0 0 0 0 0 0 0 0 0 0 0 0 0 0 0 0 0 10 5 0 5 17 9 3 73 0 0 9 15 0 0 9 3 23 0 0 35 22 0 1 0 0 31 37 0 18 0 8 15 0 30 20 0 26 10 11 0 0 1 0 0 24 0 0 0 0 0 0 0 0 0 0 0 0 0 0 0 0 0 0 0 0 0 0 22 0 0 0 0 0 5 0 0 0 0 8 0 3 20 22 40 5 0 0 0 22 0 7 0 0 3 0 10 0 4 0 46 10 10 37 11 0 23 13 21 0 0 0 7 10 14 6 15 23 6 26 0 0 0 0 0 0 0 0 0 0 0 0 0 0 0 0 0 0 0 0 0 0 0 0 0 0 0 0 1 0 0 0 0 2 0 0 0 0 67 0 0 0 4 0 0 0 2 0 0 0 14 0 0 38 0 0 0 0 0 0 0 16 0 0 23 0 0 0 0 0 
 3 0 0 1 5 2 2 37 0 1 1 1 64 0 2 2 5 1 2 3 0 0 0 0 91 21 0 0 0 12 67 0 0 0 0 0 0 0 0 0 532 372 331 65 62 35 173 0 296 50 35 26 177 223 285 112 151 73 348 257 0 0 0 0 0 0 1 0 0 0 0 0 0 2 0 0 0 0 0 0 0 0 0 0 0 0 0 0 0 0 0 0 0 0 0 0 0 0 0 0 0 0 0 0 0 26 0 0 0 14 0 0 0 0 0 0 0 0 0 0 0 50 15 0 5 0 3 2 0 22 24 56 1 9 29 24 4 16 4 18 0 0 0 0 0 0 0 0 0 0 0 0 18 3 0 2 0 0 0 0 0 0 0 0 0 0 0 0 1 0 0 0 0 2 0 0 0 0 0 0 0 0 0 0 25 13 0 0 0 0 0 12 0 0 0 0 0 0 0 0 12 2 22 15 7 8 23 0 31 0 5 0 17 16 27 0 47 5 34 0 0 0 0 0 0 0 8 0 0 0 0 0 0 0 0 0 0 0 0 6 0 0 0 0 0 0 0 0 0 29 0 12 0 1 0 1 0 1 0 0 0 1 0 0 0 27 2 0 2 0 0 0 0 0 0 0 0 0 0 0 0 0 4 0 32 0 0 0 0 0 
 0 0 0 0 0 0 0 0 0 0 0 0 0 0 4 0 3 0 0 0 0 0 0 6 0 25 0 0 0 0 0 0 0 0 0 0 0 0 4 0 173 140 333 221 177 62 119 296 0 78 391 63 110 107 314 124 80 41 377 87 23 0 10 4 0 0 1 6 0 0 0 0 50 52 0 3 0 0 0 0 0 6 0 0 0 0 0 0 0 0 0 0 0 0 0 0 0 0 0 0 0 0 0 0 0 0 0 0 0 0 1 0 0 0 0 0 0 0 0 0 1 27 16 31 20 12 0 27 33 0 23 19 0 0 21 0 3 17 0 6 11 6 5 0 0 0 0 7 0 0 0 0 6 0 19 4 13 7 1 5 0 0 0 0 4 0 0 0 0 0 0 0 0 0 0 0 0 0 0 0 0 0 0 0 1 0 0 0 0 0 0 0 0 0 0 0 0 0 0 0 30 28 34 12 14 45 20 0 12 6 12 26 0 0 0 80 19 6 1 0 28 8 16 0 6 0 0 0 9 0 4 0 29 10 0 14 0 7 1 0 0 0 0 0 0 0 0 0 0 0 0 2 0 2 0 0 0 0 0 2 0 0 64 2 0 0 0 0 1 0 2 0 0 0 0 0 0 3 0 0 0 3 0 0 0 0 0 0 0 0 
 0 0 0 0 0 0 0 4 0 0 3 3 0 2 5 0 3 0 0 0 0 0 0 3 65 7 0 0 0 38 0 0 0 0 0 0 0 0 0 0 257 377 132 76 82 49 101 50 78 0 87 179 289 62 278 154 241 92 73 314 0 0 0 0 0 52 0 0 2 46 0 207 73 2 53 0 8 0 1 0 0 0 0 0 0 0 0 0 0 0 0 0 0 0 0 0 0 0 0 0 0 0 0 0 0 0 0 0 0 9 0 0 0 0 0 0 8 0 0 0 24 8 6 12 2 11 7 0 2 0 0 7 0 19 23 7 46 17 1 32 7 0 11 0 0 0 14 3 0 0 0 0 25 6 0 1 29 0 0 19 0 0 0 0 0 0 1 0 2 0 0 0 0 5 0 0 0 0 0 0 0 0 0 0 8 0 0 0 0 0 0 0 0 0 0 0 0 0 0 0 11 18 0 3 0 26 32 20 21 1 45 0 1 24 21 38 21 13 0 15 14 0 7 0 0 0 3 15 0 0 17 0 1 4 0 0 18 0 0 6 0 0 0 0 0 0 0 0 0 0 0 10 0 1 0 0 0 0 0 49 0 0 1 0 73 1 0 1 0 0 19 0 0 0 0 0 0 0 0 0 0 0 1 0 15 0 0 0 0 0 
 0 0 0 0 2 0 0 0 0 3 0 0 0 0 0 0 0 0 0 0 0 0 0 4 0 2 0 0 0 6 0 3 0 0 0 0 0 0 0 2 35 249 167 40 226 70 50 35 391 87 0 120 174 36 161 162 94 68 253 68 0 0 0 0 0 4 0 30 0 0 0 5 0 1 0 0 0 0 0 0 0 0 0 0 0 0 0 0 0 0 0 0 0 0 0 18 0 0 0 0 0 0 0 0 1 0 0 0 0 0 0 0 0 0 0 0 0 0 0 0 19 26 27 16 28 11 0 9 19 9 16 0 7 0 16 0 17 10 0 0 12 0 23 15 6 3 12 13 16 0 0 0 0 11 7 6 0 0 29 0 0 0 0 0 3 0 2 0 0 0 0 0 0 0 0 0 0 0 0 0 0 0 0 0 0 0 0 0 0 0 0 16 0 0 0 0 0 0 0 13 0 9 18 33 0 37 6 1 0 18 0 36 0 15 0 6 12 0 0 1 9 0 2 0 0 0 16 0 2 0 0 4 15 14 0 0 0 15 0 0 0 0 19 0 0 0 0 0 0 0 0 7 0 2 0 2 0 0 0 2 0 16 32 0 0 6 1 64 0 0 1 0 0 0 0 2 0 0 0 0 0 0 0 0 0 0 0 2 1 0 
 0 0 0 0 5 0 0 2 0 3 0 0 0 0 0 0 0 1 0 0 0 0 0 2 0 1 0 0 0 2 0 0 0 2 0 0 0 0 0 0 24 41 94 158 164 121 37 26 63 179 120 0 229 42 102 32 97 229 30 55 50 0 4 0 0 0 9 0 0 0 0 212 51 0 0 0 3 0 68 70 0 0 0 0 0 0 0 0 0 0 0 0 0 0 0 0 0 0 0 0 0 0 0 0 0 5 0 0 0 0 0 0 0 0 0 0 0 0 0 0 0 19 7 21 0 13 0 1 21 1 0 1 24 7 0 4 9 7 0 0 16 0 10 1 0 0 9 0 0 0 0 0 29 7 0 1 0 0 2 9 0 0 0 0 6 0 0 0 0 0 0 0 0 0 8 0 0 0 0 0 0 0 0 0 0 0 0 0 0 0 0 0 0 0 0 0 0 0 0 0 49 4 3 1 19 28 0 0 0 20 1 22 0 4 0 0 0 12 0 0 0 12 0 0 0 0 1 0 0 7 0 0 16 33 0 21 32 0 25 18 0 0 0 0 0 0 0 0 0 0 0 7 0 0 0 0 0 0 0 13 0 0 14 2 67 4 0 0 1 0 0 0 0 2 0 0 0 0 0 0 0 0 0 0 0 0 0 0 1 0 
 0 0 0 0 0 116 0 0 0 0 3 7 0 0 0 0 0 0 0 6 0 0 0 75 0 63 0 70 0 0 0 62 0 0 0 0 0 0 0 0 62 193 320 64 73 44 157 177 110 289 174 229 0 259 241 336 45 36 328 67 0 0 0 0 0 13 0 0 0 0 0 0 0 0 3 0 0 0 0 5 7 0 5 1 0 0 0 0 0 12 5 0 0 0 0 0 9 0 0 0 0 0 0 0 0 1 0 0 7 0 8 6 0 0 0 0 0 0 22 0 38 0 0 18 34 0 28 19 0 1 10 2 10 31 43 11 14 4 39 11 0 0 0 0 0 9 0 0 0 0 0 0 1 0 0 0 0 0 19 0 0 0 0 16 0 0 0 2 1 11 0 0 0 0 5 0 0 0 3 14 0 0 0 0 20 0 0 0 0 0 0 0 0 0 0 0 0 0 0 0 0 21 0 11 0 0 38 29 0 7 1 4 0 19 8 21 20 2 12 16 0 0 0 0 0 0 0 0 0 0 0 0 0 0 0 0 0 0 0 0 0 0 0 0 0 0 0 0 0 17 0 1 0 2 0 0 0 0 2 13 0 0 74 0 0 4 3 0 0 0 0 0 0 0 0 0 0 0 0 0 0 0 0 0 2 0 0 12 0 0 
 3 6 3 3 3 3 3 9 0 12 3 3 3 6 3 3 6 5 3 3 9 0 1 67 129 63 0 0 0 0 0 0 5 0 0 4 0 0 5 9 144 300 61 64 347 58 120 223 107 62 36 42 259 0 204 397 261 114 281 400 1 1 0 23 1 0 4 0 0 3 6 0 0 4 0 0 4 0 0 0 0 0 0 0 15 2 0 0 0 0 0 1 0 0 0 0 0 0 0 0 0 0 0 0 0 30 0 0 0 4 0 0 0 0 0 0 0 0 0 0 17 29 17 7 0 0 8 10 3 31 4 19 10 45 10 22 28 18 17 43 0 0 0 0 0 0 0 0 0 0 0 0 0 6 0 6 0 0 0 0 0 0 0 0 0 2 0 0 3 9 11 0 0 0 0 0 0 0 0 1 12 0 0 0 10 14 4 8 0 0 0 0 0 5 0 12 0 0 0 0 23 0 25 0 10 0 7 0 5 9 0 0 16 0 26 0 13 22 30 0 0 0 0 0 0 0 0 0 0 1 0 0 13 0 9 0 0 0 0 0 0 0 0 0 0 2 0 0 0 29 0 5 0 1 0 1 0 0 63 2 0 0 2 0 0 3 0 0 0 0 0 0 0 0 0 16 0 0 0 0 0 0 0 0 11 0 0 10 0 0 
 0 0 0 0 1 0 0 0 0 0 0 0 0 0 0 0 0 0 0 0 0 0 0 0 4 26 0 0 0 0 0 0 0 0 0 0 0 0 0 0 122 266 374 76 77 43 62 285 314 278 161 102 241 204 0 165 332 95 114 95 1 0 2 3 0 3 0 3 6 0 0 2 5 2 0 0 7 0 10 0 0 0 0 0 0 0 0 0 0 0 0 0 5 0 5 0 0 0 0 5 17 0 0 0 0 17 0 0 0 0 0 0 0 0 0 0 0 0 0 0 13 0 12 0 7 0 8 9 0 34 0 14 0 25 23 31 20 23 24 28 0 0 0 0 0 3 0 0 0 0 0 0 6 1 0 0 0 0 11 9 0 0 9 0 0 0 0 0 1 0 0 0 4 0 0 0 0 0 0 2 0 0 0 0 0 0 0 0 0 0 0 0 0 0 0 0 0 0 0 5 4 23 0 11 0 11 16 5 14 0 2 0 6 22 1 59 4 0 9 8 0 0 0 0 0 0 0 11 0 0 0 0 0 0 0 0 0 0 0 0 0 0 0 0 0 0 0 0 0 0 0 4 0 1 0 0 0 0 0 53 0 0 2 0 0 0 2 0 0 0 11 0 0 0 0 0 0 0 0 0 0 0 0 0 25 0 0 29 0 0 
 0 65 0 0 0 0 0 37 0 0 0 0 2 0 0 0 0 0 0 0 0 0 0 4 6 0 0 0 0 3 0 3 0 0 0 0 0 0 0 0 222 240 74 333 281 74 47 112 124 154 162 32 336 397 165 0 194 111 118 337 0 0 0 51 0 0 4 0 0 0 0 0 0 1 0 0 1 0 0 0 0 0 0 0 23 0 0 0 0 0 0 0 0 0 0 0 0 0 0 0 0 0 0 0 0 14 0 0 0 0 0 0 0 0 0 0 0 0 0 0 17 1 12 38 14 10 18 30 27 37 29 57 0 18 64 15 22 25 11 14 0 0 0 0 0 2 1 0 0 0 0 0 10 0 11 0 6 0 15 0 0 0 0 0 0 0 0 0 1 0 0 0 0 1 0 0 0 0 0 0 0 0 0 0 0 0 0 0 0 0 0 10 0 0 0 0 0 0 0 0 0 27 51 1 12 14 16 0 14 21 8 0 6 15 1 0 47 11 0 0 0 0 10 0 0 0 0 0 0 0 0 0 33 0 0 0 0 0 0 0 0 0 0 0 0 0 0 0 0 0 0 7 0 2 0 0 0 0 0 0 0 0 65 1 2 12 1 0 0 0 0 0 0 0 0 0 0 0 0 0 0 0 2 0 10 0 0 14 0 0 
 3 3 3 3 6 3 3 5 0 6 5 3 3 4 7 3 6 3 3 66 0 1 0 5 0 1 3 0 10 0 0 0 0 0 0 0 208 0 1 0 95 319 760 104 82 72 50 151 80 241 94 97 45 261 332 194 0 188 68 256 23 0 0 0 0 0 1 0 0 0 0 0 20 2 0 0 7 0 99 52 0 0 1 0 0 0 0 0 0 0 0 0 0 0 0 0 0 0 0 0 0 12 3 0 0 0 7 4 7 16 3 10 5 3 0 3 5 3 0 5 10 0 15 1 0 3 0 0 8 0 0 4 0 0 3 0 0 0 0 1 0 15 0 1 0 0 17 8 0 0 0 0 22 1 0 0 22 0 0 3 0 0 0 0 0 0 0 0 1 0 0 0 0 5 0 0 0 0 0 0 0 21 0 3 0 0 0 0 3 3 0 25 0 0 12 0 9 0 0 0 0 14 0 0 14 15 0 0 19 3 29 44 0 14 14 0 19 13 0 0 20 13 0 0 0 0 2 26 1 7 0 9 1 21 0 23 0 0 20 2 0 0 0 0 0 0 0 0 0 0 0 11 0 2 0 0 0 0 0 0 0 0 0 0 0 1 1 0 0 0 0 0 0 0 0 0 0 0 0 0 19 3 0 0 0 2 0 0 0 0 
 4 3 3 0 5 1 0 72 1 3 0 0 0 0 2 0 0 0 0 0 2 0 6 211 69 4 3 3 3 4 3 2 3 2 3 3 3 2 2 9 257 57 188 171 69 45 130 73 41 92 68 229 36 114 95 111 188 0 45 78 0 0 0 0 0 3 12 0 0 0 0 0 50 2 0 0 0 0 0 0 0 0 0 0 0 0 0 0 0 0 0 0 0 0 0 0 0 0 0 0 0 0 0 0 0 0 0 0 0 0 0 0 0 0 0 0 0 0 0 0 21 20 4 11 3 18 8 1 12 15 8 21 0 21 23 9 0 31 1 1 6 0 19 0 0 0 15 0 0 0 0 0 19 6 0 0 21 0 0 0 0 0 0 0 0 0 0 10 2 0 0 0 0 5 0 0 0 0 0 0 0 0 0 0 8 8 0 0 0 0 0 10 0 0 0 8 0 0 0 0 14 19 0 28 0 1 20 27 26 2 39 0 0 19 33 15 22 20 6 35 19 0 0 0 0 0 7 0 0 1 0 0 3 19 0 0 7 0 0 9 0 0 0 0 0 0 0 0 0 0 0 2 0 0 0 0 0 0 0 39 0 0 0 3 64 1 0 2 0 0 21 0 0 0 0 0 0 0 0 0 0 0 0 0 25 0 0 0 1 0 
 54 0 0 0 0 0 0 0 0 0 0 0 0 0 0 0 3 0 0 0 3 0 65 4 3 186 3 3 67 65 3 123 3 3 3 3 70 3 3 3 112 55 43 74 284 62 385 348 377 73 253 30 328 281 114 118 68 45 0 231 0 0 0 0 0 0 0 0 0 0 0 0 0 1 0 0 0 0 0 0 0 0 0 0 0 0 1 0 0 0 0 0 0 0 0 0 0 0 0 0 0 0 1 0 0 0 0 0 0 0 20 0 0 0 0 0 0 0 0 14 0 0 0 0 0 0 0 8 12 38 9 15 12 23 19 10 0 2 14 45 0 0 0 0 0 0 0 0 0 14 0 0 1 0 0 0 0 4 0 0 0 0 0 0 0 0 0 0 1 0 0 0 0 0 0 0 0 0 0 0 0 0 0 10 0 1 0 0 0 0 4 9 0 0 0 0 0 15 0 0 31 0 19 19 2 0 19 0 0 0 0 0 0 0 10 13 3 20 30 7 0 0 0 0 0 0 8 0 0 0 0 0 0 0 0 1 0 0 0 0 0 0 0 0 0 0 0 0 0 0 0 24 0 0 0 0 0 0 1 12 0 7 0 0 2 0 1 0 0 0 0 0 0 0 0 0 0 0 0 0 0 10 0 0 0 0 0 0 0 0 
 0 0 0 0 1 0 1 0 0 0 0 0 0 0 0 0 0 0 0 0 0 1 0 27 2 5 0 0 0 89 128 88 0 0 0 0 23 64 4 0 194 40 469 61 73 266 147 257 87 314 68 55 67 400 95 337 256 78 231 0 0 0 0 0 0 0 2 0 0 0 0 0 0 2 0 0 0 0 2 0 0 0 0 0 0 0 0 0 0 0 0 0 12 0 0 0 0 0 0 0 0 0 0 0 0 10 0 0 0 0 0 8 0 0 20 8 0 0 0 0 4 11 0 18 0 0 0 18 12 16 20 15 37 12 3 0 0 10 10 10 0 0 0 0 0 1 0 0 0 0 0 0 0 0 0 7 0 12 0 0 0 0 0 0 0 0 0 0 1 0 0 0 0 0 1 0 0 13 7 5 0 0 0 1 11 19 0 0 0 0 0 9 0 0 0 0 0 0 0 0 20 0 12 0 11 0 0 19 15 11 0 0 17 0 4 0 23 32 22 0 0 0 0 0 0 0 0 0 0 0 0 0 11 0 0 0 9 0 0 0 0 0 0 0 0 0 0 0 0 0 0 6 0 0 0 0 0 0 22 0 0 1 0 0 3 2 3 0 0 0 0 0 0 0 0 0 0 0 0 0 0 14 0 0 0 0 0 0 2 0 
 0 0 8 0 0 46 0 0 4 6 0 0 0 0 0 0 0 0 0 0 0 0 6 0 0 2 0 0 0 0 0 0 0 0 0 0 0 0 0 0 0 0 1 51 28 76 0 0 23 0 0 50 0 1 1 0 23 0 0 0 0 69 284 112 33 248 91 109 88 315 87 26 111 201 114 34 38 51 179 187 0 0 0 0 0 0 0 0 32 0 0 0 0 0 0 0 0 0 0 0 0 0 0 0 0 0 10 0 0 0 0 0 0 0 0 0 0 0 0 0 0 0 0 0 8 0 12 0 0 0 0 0 0 0 0 0 0 8 0 0 0 12 10 4 0 0 0 10 0 6 0 0 0 6 0 28 16 17 7 7 0 0 0 0 2 0 0 0 0 0 0 0 0 0 0 0 0 0 0 0 2 0 0 0 0 7 2 0 0 0 2 0 2 0 0 1 2 8 0 0 0 0 0 0 94 26 0 0 0 1 0 33 0 0 0 0 0 0 0 0 8 35 0 9 8 0 9 0 17 14 23 0 9 44 0 57 23 17 37 13 0 0 0 0 0 0 0 0 0 0 0 0 0 0 5 0 0 0 0 0 0 0 0 23 13 0 0 0 0 0 0 1 0 2 2 0 0 0 0 0 0 0 0 0 0 0 0 0 0 0 
