 0 393 90 262 29 40 195 525 98 82 128 45 148 47 373 342 35 250 164 200 0 0 0 2 0 0 0 0 0 0 2 0 0 0 1 0 1 0 0 0 0 0 3 0 2 0 0 2 3 6 0 0 0 0 0 0 0 5 0 0 0 0 3 2 0 0 0 3 3 0 3 0 0 3 0 0 0 0 0 0 18 25 34 11 0 0 22 1 29 24 23 8 14 14 2 0 23 0 15 34 0 0 0 0 0 0 0 0 0 0 0 0 0 0 0 0 0 0 0 0 0 0 0 0 0 0 11 14 0 0 0 0 0 0 0 0 0 0 0 0 0 0 0 0 0 1 0 13 0 0 0 0 0 0 0 0 0 0 0 0 27 14 7 0 0 0 0 41 18 2 14 15 15 25 30 0 25 18 0 29 0 0 0 0 0 2 0 0 0 0 0 1 0 0 0 0 0 0 0 0 0 0 0 0 0 0 0 0 0 0 0 0 0 0 0 0 0 0 1 0 1 0 0 0 0 0 0 0 0 0 0 0 0 0 0 0 0 21 0 0 0 0 0 0 0 1 1 1 0 2 0 12 11 0 0 0 0 0 0 0 0 0 21 0 0 0 1 0 0 0 0 0 0 0 0 0 8 0 0 0 0 0 0 0 0 0 0 0 0 0 
 393 0 79 141 252 44 161 93 215 245 247 36 171 325 95 48 225 429 156 114 0 0 0 0 0 0 75 0 0 0 2 0 0 0 2 0 0 0 0 1 1 0 3 0 2 0 0 2 3 4 0 1 0 27 0 0 0 3 0 0 0 0 3 9 0 1 0 2 0 0 0 0 0 3 0 0 0 0 0 0 39 80 40 14 17 0 18 23 25 8 0 10 0 0 51 69 10 12 4 26 12 0 0 0 0 0 0 0 0 2 0 0 0 1 0 0 0 0 7 13 0 0 0 0 0 0 0 0 0 0 0 0 0 0 0 0 0 0 0 0 0 0 0 0 0 2 0 0 0 0 0 0 0 0 0 0 0 0 0 0 5 24 33 40 0 0 17 57 8 28 36 31 10 27 52 0 44 16 0 5 0 0 0 0 0 1 0 0 1 0 0 2 0 0 0 0 0 0 8 10 0 0 0 0 0 0 0 0 0 0 0 0 1 0 0 0 0 0 2 0 2 0 0 2 0 0 0 0 0 0 0 0 0 0 0 0 0 0 0 0 0 0 0 0 0 0 89 0 0 3 1 13 0 0 0 0 0 0 0 0 0 0 0 0 0 0 2 0 0 0 0 0 0 0 0 18 9 0 0 0 0 0 0 0 0 0 0 0 0 0 
 90 79 0 164 315 292 48 94 232 69 125 57 498 96 123 151 52 118 258 262 0 208 0 0 0 0 1 0 1 0 2 1 73 0 0 0 0 0 103 96 2 0 3 0 2 0 0 2 3 0 0 0 0 1 0 0 0 3 0 0 0 0 3 3 1 5 0 4 1 0 0 0 0 3 0 0 0 0 0 0 2 16 32 1 51 0 10 0 29 10 78 28 21 0 11 1 18 22 18 1 0 0 7 1 0 0 9 0 0 0 0 0 0 10 0 0 2 0 20 40 0 15 0 0 0 0 14 18 1 0 0 0 0 0 0 0 0 0 0 0 0 0 0 0 0 0 0 0 0 0 0 0 1 0 0 0 0 0 0 0 21 19 10 22 0 0 19 0 11 12 1 1 0 14 0 1 20 23 10 0 0 1 19 0 0 0 0 0 0 0 0 0 10 0 0 0 0 0 9 10 0 0 0 0 0 0 0 0 0 0 0 0 0 0 0 1 0 0 0 0 0 0 0 0 0 0 0 0 0 0 0 0 0 0 0 17 0 0 2 0 0 9 0 0 2 0 103 0 0 0 0 15 0 0 0 0 0 0 0 0 0 0 0 0 0 0 0 0 0 0 0 0 0 0 0 0 16 10 0 0 0 0 0 0 0 0 0 1 0 0 
 262 141 164 0 177 130 57 153 94 164 137 48 165 184 82 227 145 367 111 236 0 0 0 0 0 4 0 0 0 0 2 0 0 18 1 0 2 0 0 0 0 0 3 0 2 6 0 2 3 18 0 0 2 40 0 0 0 3 0 0 53 0 3 2 0 1 0 3 3 0 0 0 0 3 0 13 0 0 0 2 14 24 0 24 31 7 0 18 0 9 15 16 14 30 24 1 43 36 0 32 6 0 0 0 0 0 0 0 0 0 0 0 6 0 24 0 0 0 0 58 0 0 0 0 11 0 0 0 0 0 0 0 0 0 0 0 0 0 0 0 0 0 0 0 0 0 0 0 0 0 0 0 2 0 0 0 0 0 0 0 16 1 38 1 0 0 0 0 21 23 8 37 40 31 0 0 0 1 0 0 0 21 12 0 0 0 22 0 0 0 0 0 11 0 0 0 0 0 0 0 0 0 0 0 0 0 0 0 0 0 0 0 0 0 0 0 0 0 0 0 0 0 0 0 0 0 0 0 0 0 0 0 0 0 0 0 0 0 0 0 0 0 0 0 0 2 10 0 89 2 0 2 5 0 0 0 0 0 0 0 0 0 1 0 0 0 0 0 0 0 0 0 0 0 0 16 13 0 0 0 0 0 0 0 0 0 0 0 0 0 
 29 252 315 177 0 275 51 95 138 214 504 60 98 152 77 205 139 469 65 192 0 0 0 0 0 0 0 72 0 0 2 0 0 61 0 0 0 0 1 0 0 0 12 0 2 0 0 2 3 0 0 0 0 14 0 0 0 2 0 0 0 0 3 2 0 0 0 3 3 0 0 0 0 3 0 0 0 0 0 0 0 3 0 8 37 16 0 2 25 0 11 5 0 0 29 13 27 7 0 0 35 2 19 1 0 0 0 19 0 0 0 0 30 0 15 1 0 2 9 33 0 0 0 0 0 0 0 1 0 0 0 0 0 0 0 0 0 0 0 0 0 0 0 0 0 0 0 0 0 0 0 0 0 0 0 0 0 0 0 11 0 13 1 10 0 0 0 18 0 30 0 13 0 0 18 0 7 2 0 0 1 13 0 0 0 0 13 0 0 0 0 0 2 4 11 1 0 0 8 7 0 0 0 0 0 4 0 0 0 0 0 0 0 0 0 1 0 0 0 0 0 0 0 0 0 0 0 0 0 0 0 0 0 0 0 0 0 0 0 0 0 0 0 0 0 0 3 0 91 8 0 13 0 0 0 0 0 0 0 0 0 0 0 0 0 0 0 0 0 0 0 0 0 0 0 0 0 20 0 0 0 0 0 0 0 0 0 0 0 0 
 40 44 292 130 275 0 36 96 57 55 206 49 52 33 79 104 218 124 42 276 17 110 2 0 0 5 73 0 73 19 2 0 7 38 2 4 72 3 163 0 3 1 3 0 2 0 0 5 5 6 0 6 0 4 0 0 0 2 0 0 0 0 3 2 0 2 0 5 3 1 0 0 0 3 0 4 0 0 0 0 0 14 0 12 0 0 0 0 0 0 0 0 0 0 0 0 28 8 0 0 13 0 15 10 0 0 23 28 13 2 0 0 16 0 0 7 22 15 12 0 0 0 0 0 0 0 0 0 0 0 1 0 0 0 0 0 0 0 0 0 0 0 4 0 0 0 0 0 0 0 0 1 0 0 0 0 0 0 0 0 0 0 0 0 7 14 0 1 0 0 0 0 0 0 0 0 0 1 2 4 16 24 11 12 0 0 27 0 10 11 0 2 14 22 3 12 9 14 23 23 0 0 12 0 1 0 0 0 0 0 0 0 0 0 0 2 0 2 0 0 2 0 0 2 0 0 0 0 0 0 0 0 0 0 0 0 0 0 0 0 0 0 0 0 0 0 0 0 88 2 0 14 0 0 0 0 0 74 74 0 0 0 0 0 0 0 0 0 0 0 0 0 0 0 0 0 0 0 0 0 0 14 0 0 0 0 0 0 0 0 
 195 161 48 57 51 36 0 174 52 36 37 45 146 149 38 38 24 251 236 57 2 0 0 2 0 0 2 0 0 0 3 0 0 0 0 0 0 0 0 0 2 0 3 0 2 0 0 2 3 0 0 0 0 0 0 0 0 0 0 0 0 0 3 7 0 0 0 3 2 0 41 0 0 3 0 0 0 0 0 0 34 1 18 0 0 0 41 40 7 18 2 0 0 21 55 33 1 0 31 42 0 0 0 0 0 0 0 0 0 0 0 0 0 0 0 0 0 0 0 0 0 0 0 0 0 0 0 13 0 2 0 0 0 0 0 0 0 1 0 0 0 0 0 2 0 0 0 3 2 2 0 0 22 0 0 0 0 0 0 0 36 0 0 23 0 0 1 0 11 0 0 0 9 9 34 34 17 1 10 32 0 0 0 0 0 0 0 0 0 0 2 0 0 1 0 0 0 0 0 0 0 2 0 0 0 0 0 0 2 0 0 0 0 0 0 0 0 0 0 0 0 0 0 0 0 0 0 0 0 0 0 0 0 0 0 0 0 0 0 0 0 0 0 0 0 1 0 0 0 0 0 6 1 1 0 0 0 0 0 0 0 0 4 0 0 0 0 0 0 0 0 0 0 0 0 22 0 0 0 0 0 0 0 0 0 0 0 0 0 0 
 525 93 94 153 95 96 174 0 86 58 146 326 397 374 119 299 127 32 188 112 0 0 0 0 1 0 0 0 0 0 2 5 0 0 0 0 0 0 0 1 1 0 3 0 2 0 0 2 4 7 0 0 0 0 0 0 0 4 2 0 0 0 3 3 0 0 0 3 3 0 0 0 0 3 0 0 0 0 36 36 37 22 53 0 18 0 27 9 7 0 23 13 13 19 10 0 19 37 33 17 0 0 0 0 0 0 0 13 0 0 0 0 0 0 0 0 0 0 0 0 0 15 0 0 0 0 0 0 0 2 0 0 0 0 0 0 0 1 0 0 0 0 0 2 0 0 0 1 0 2 0 0 0 0 0 0 0 0 0 0 11 14 12 3 0 6 16 10 11 0 0 22 25 9 12 19 44 16 13 18 0 0 0 0 0 0 0 0 0 0 2 0 0 0 0 0 0 0 9 0 0 2 0 1 0 0 0 0 2 0 0 0 0 0 0 0 0 0 0 0 0 0 0 0 0 0 0 0 0 0 0 0 0 0 0 0 0 0 0 0 0 0 0 0 0 2 1 2 3 0 8 3 0 0 0 0 1 0 0 0 0 0 3 0 1 0 0 0 0 0 0 0 2 0 0 0 0 0 0 0 0 0 0 0 0 0 0 0 0 2 
 98 215 232 94 138 57 52 86 0 140 132 43 625 236 200 147 123 49 249 392 0 0 0 2 0 8 0 1 0 2 2 0 79 0 2 4 3 2 37 95 0 0 3 0 4 0 0 2 5 0 2 0 0 15 0 0 26 4 0 0 0 0 3 8 0 2 0 3 2 0 2 2 4 3 0 0 0 2 0 0 0 14 10 15 35 0 10 0 29 18 72 32 19 0 33 12 0 27 0 20 0 0 1 0 0 0 0 0 0 1 0 0 0 29 0 0 0 0 15 16 0 0 0 0 0 0 0 0 0 0 2 0 0 0 0 0 0 0 0 0 0 0 0 0 0 0 0 0 0 0 0 2 0 0 0 0 4 0 0 0 38 33 48 28 0 0 0 51 12 10 20 16 2 12 26 0 11 20 0 23 0 0 13 0 4 0 0 0 0 6 0 1 7 0 0 2 0 0 1 0 0 0 0 0 0 0 0 0 0 0 0 0 0 0 0 0 0 19 0 0 0 0 0 1 0 0 0 0 0 0 0 0 0 0 0 0 0 0 0 0 0 0 0 0 0 2 89 0 0 0 1 9 13 0 0 0 1 0 0 0 0 0 0 0 0 0 0 0 0 0 0 0 0 0 0 0 25 17 0 0 0 0 0 0 0 0 0 0 0 0 
 82 245 69 164 214 55 36 58 140 0 370 343 210 121 183 82 301 184 396 194 0 0 0 9 0 0 75 74 0 0 2 0 0 0 0 2 0 0 2 1 0 0 3 0 2 3 3 2 3 0 0 25 0 72 2 7 0 2 0 0 0 0 3 3 0 0 0 3 2 2 3 0 0 3 0 0 0 0 0 0 1 7 1 14 16 0 1 0 45 32 20 17 0 9 23 39 2 2 0 13 5 0 0 0 0 0 0 0 0 0 0 0 0 0 0 0 0 0 11 13 0 15 0 0 0 0 0 0 0 0 0 0 0 0 0 0 0 0 0 18 0 0 0 0 0 0 0 0 0 0 0 0 0 0 0 0 0 0 0 0 13 52 10 10 0 8 0 27 7 46 16 36 13 1 14 0 27 14 0 3 0 0 0 0 0 0 0 0 31 0 0 0 0 0 0 0 0 0 11 8 0 0 0 0 0 0 0 0 0 0 0 0 0 0 0 0 0 0 0 0 0 0 0 0 0 0 0 0 0 0 0 0 0 13 0 0 0 0 0 0 0 0 0 0 0 1 1 0 2 2 0 13 2 0 0 0 0 1 0 0 0 0 0 0 0 0 0 0 0 0 0 0 0 0 0 2 2 0 0 0 0 0 0 0 0 0 0 0 0 0 
 128 247 125 137 504 206 37 146 132 370 0 275 59 144 65 185 102 272 54 306 0 0 0 13 1 0 0 30 0 0 3 2 4 65 0 2 0 6 0 150 0 0 3 0 2 0 0 2 3 1 0 0 0 2 0 0 0 2 0 0 0 0 5 3 4 0 0 1 0 2 0 0 2 3 0 4 0 4 0 4 0 0 0 1 1 0 0 0 14 13 41 25 19 14 2 15 68 15 0 10 42 30 6 0 2 0 0 0 0 0 0 0 12 0 13 1 0 0 2 42 0 0 0 0 0 0 0 0 0 3 0 0 0 0 0 0 0 0 0 0 0 2 0 0 0 0 0 0 2 0 0 0 0 0 0 0 0 0 0 0 0 8 0 22 9 0 0 10 3 11 0 0 5 0 7 18 14 0 0 11 1 18 18 0 0 0 5 27 0 0 0 41 2 11 17 0 0 2 0 0 0 0 0 0 0 0 0 0 0 0 0 0 0 0 0 0 0 0 0 0 0 0 0 0 0 0 0 0 0 0 0 0 0 0 0 0 0 0 0 0 0 0 0 0 0 3 1 0 87 2 2 16 0 0 0 0 0 0 0 0 0 0 0 0 0 0 0 0 0 0 0 0 0 0 0 0 10 0 0 0 0 0 0 0 0 0 0 0 0 0 
 45 36 57 48 60 49 45 326 43 343 275 0 113 136 37 31 74 337 43 129 0 77 0 27 0 0 78 1 0 6 3 0 5 2 154 1 0 0 17 0 0 0 3 0 2 1 0 2 3 0 0 0 0 46 0 0 0 1 0 0 0 0 3 3 5 0 0 2 0 0 0 0 0 3 0 0 0 0 0 0 0 1 5 32 23 62 0 0 0 26 0 57 0 9 0 20 0 19 0 1 23 0 26 10 0 0 17 0 15 9 0 0 74 0 1 0 0 14 23 24 0 0 0 0 0 0 0 0 0 0 0 1 0 0 0 0 0 0 0 11 1 0 0 0 0 0 0 0 0 0 0 0 3 0 1 0 0 0 0 0 11 17 2 0 0 46 0 0 12 32 12 0 11 0 0 0 0 0 0 0 0 46 0 0 0 0 51 11 13 0 0 0 23 10 11 0 3 0 36 12 0 0 0 0 0 0 0 0 0 0 0 0 20 0 0 11 0 0 0 0 0 0 0 0 0 0 0 0 0 0 0 0 0 76 0 0 2 0 0 0 0 0 0 0 0 0 2 0 4 86 12 10 2 2 2 0 0 0 0 0 0 0 0 0 0 0 0 0 0 0 0 0 0 0 0 14 0 0 0 0 0 0 0 0 0 0 0 0 0 0 
 148 171 498 165 98 52 146 397 625 210 59 113 0 387 158 255 123 124 146 452 2 0 0 0 0 2 2 4 0 0 2 0 0 0 1 0 0 0 0 0 1 0 3 0 2 0 0 2 3 0 0 0 3 63 0 0 0 3 0 0 0 0 41 3 0 0 0 3 2 0 0 0 0 3 0 0 0 0 0 0 13 30 2 12 0 0 40 28 0 38 2 27 17 22 12 31 12 0 31 27 0 0 9 0 0 0 0 0 1 0 0 0 0 0 0 0 2 0 0 0 0 0 0 1 0 0 1 0 0 0 0 0 0 0 0 0 0 0 0 0 0 0 0 0 0 0 0 0 0 0 0 0 0 19 0 0 0 0 0 2 16 2 0 0 0 0 16 8 20 33 12 17 26 2 9 19 27 0 12 0 0 0 0 0 0 0 0 0 0 0 0 0 2 0 0 0 0 0 0 0 0 0 0 0 0 2 0 0 0 0 0 0 2 0 0 0 0 0 0 0 0 0 2 0 0 0 0 0 4 0 0 0 0 5 0 0 1 0 0 0 0 0 0 0 0 0 0 2 2 0 0 12 0 0 0 0 0 0 0 0 0 0 0 0 0 0 0 0 0 0 0 0 0 0 0 3 9 0 0 0 0 0 0 0 0 0 0 0 0 0 
 47 325 96 184 152 33 149 374 236 121 144 136 387 0 278 34 208 48 232 290 72 0 0 3 0 0 1 0 2 2 2 0 2 0 0 0 2 1 76 0 2 0 3 2 2 2 0 2 4 0 0 3 0 66 4 0 0 6 0 3 0 0 3 8 0 0 0 3 2 1 0 0 2 8 0 0 0 0 1 6 12 0 17 23 34 5 13 13 28 1 11 1 0 13 25 44 0 0 13 0 0 0 0 0 0 0 0 0 0 1 0 5 0 0 0 0 0 0 11 14 0 0 0 0 0 0 0 0 0 0 0 0 0 17 0 0 0 0 0 0 0 0 0 0 0 1 0 0 0 0 0 0 11 0 0 0 0 0 0 0 54 22 0 33 0 0 19 14 25 11 19 0 25 0 20 28 24 0 20 10 0 0 0 0 0 2 0 0 1 0 0 1 0 0 0 0 0 0 9 0 0 0 0 0 0 0 0 0 0 0 0 0 0 0 0 0 0 0 1 0 0 0 0 1 0 0 0 0 0 0 0 0 0 0 0 0 0 0 0 0 0 12 0 0 0 0 2 0 0 2 0 10 1 0 0 0 0 0 0 0 0 0 0 0 0 0 1 0 0 0 0 0 0 0 0 50 0 0 0 0 0 0 0 0 0 0 0 0 0 0 
 373 95 123 82 77 79 38 119 200 183 65 37 158 278 0 195 46 140 56 168 0 0 3 4 1 0 0 0 0 0 3 0 74 0 0 0 0 3 0 2 0 0 5 0 2 3 2 2 3 5 1 0 0 1 2 0 2 2 0 0 1 0 3 6 0 0 12 2 0 0 0 0 0 3 0 0 5 0 0 0 1 14 0 11 14 1 1 0 0 7 16 23 2 0 10 23 1 56 16 26 0 0 0 0 0 0 0 0 0 12 0 0 0 0 0 0 0 0 10 0 0 0 0 0 0 2 0 0 0 0 0 0 0 0 0 0 0 0 2 0 1 0 0 0 0 1 0 0 0 0 0 0 3 9 1 0 0 0 0 0 11 20 9 0 1 0 0 14 7 26 21 0 13 5 8 0 11 8 1 10 0 0 1 0 0 0 0 0 0 0 0 0 7 0 0 0 0 0 0 0 9 0 0 0 0 0 0 20 0 0 0 0 0 0 0 0 0 20 0 0 0 0 0 0 0 0 0 0 0 0 0 0 0 2 0 0 0 0 0 0 0 0 0 0 0 2 89 1 0 0 2 20 0 0 0 0 0 0 0 0 0 0 11 0 0 0 0 0 0 0 0 0 0 0 10 1 18 10 0 0 0 0 0 0 0 0 0 0 0 0 
 342 48 151 227 205 104 38 299 147 82 185 31 255 34 195 0 66 82 126 83 2 0 1 2 0 1 0 0 1 0 4 0 74 0 3 73 0 0 82 76 2 0 3 1 2 6 0 2 3 0 0 0 1 0 0 0 27 3 0 0 0 0 3 3 0 2 0 2 0 0 0 0 0 3 0 0 0 1 0 0 19 23 29 1 0 0 17 0 1 17 16 27 19 0 10 0 43 18 0 21 0 0 0 0 0 0 8 1 1 0 0 0 0 7 0 9 0 7 1 0 0 0 0 0 0 0 0 0 1 0 0 0 0 0 0 0 0 0 0 0 0 0 0 0 7 0 0 0 0 0 0 32 0 0 0 0 0 0 1 0 0 1 0 0 13 1 0 10 0 1 2 16 4 9 10 9 49 8 0 1 0 0 0 0 0 0 0 0 0 0 0 0 0 46 0 0 7 0 0 10 2 0 0 0 0 0 0 0 0 0 0 1 7 0 0 4 0 0 0 0 1 0 0 0 0 0 2 0 2 2 0 0 0 0 0 0 0 0 0 2 0 11 0 0 0 4 0 1 0 0 2 8 0 0 0 0 0 0 0 0 0 0 0 0 0 0 0 0 0 0 0 0 0 2 0 0 2 0 0 0 0 0 0 0 0 0 0 16 0 0 
 35 225 52 145 139 218 24 127 123 301 102 74 123 208 46 66 0 269 68 230 0 0 0 2 0 0 99 0 0 0 4 0 0 1 76 0 0 0 1 1 0 0 3 0 2 0 2 2 3 2 0 0 0 52 0 0 0 2 0 0 0 0 3 2 4 1 0 3 3 0 0 0 10 3 0 0 0 0 0 0 12 31 0 22 42 23 0 24 4 9 0 19 0 6 36 17 9 31 0 0 42 0 15 0 0 0 0 9 0 0 0 0 19 0 1 0 0 0 14 21 0 0 0 14 0 0 0 0 0 0 0 2 0 0 0 0 9 0 0 0 2 0 0 0 0 0 0 0 0 0 0 12 1 0 2 0 0 0 0 0 11 0 20 16 2 1 0 16 12 14 32 15 9 14 20 1 0 4 0 3 0 10 0 0 0 0 11 1 15 0 0 0 17 0 0 0 0 0 23 11 0 0 0 0 0 0 0 0 0 0 8 0 25 0 0 20 0 0 0 0 0 0 0 0 0 0 0 0 0 0 14 0 0 1 0 0 0 0 0 0 0 0 0 0 0 1 90 2 0 174 11 12 0 0 0 0 0 0 0 0 0 0 0 0 0 0 0 0 0 0 0 0 0 0 0 13 0 0 0 0 0 0 0 0 0 0 0 0 0 0 
 250 429 118 367 469 124 251 32 49 184 272 337 124 48 140 82 269 0 35 50 0 0 0 1 0 0 49 0 0 2 3 0 76 1 0 0 0 0 81 73 2 0 3 0 2 0 0 2 3 0 0 0 0 61 0 0 0 2 0 0 0 0 3 3 0 1 0 2 0 0 0 0 0 3 0 23 0 0 0 0 0 16 20 30 21 8 0 0 1 21 0 29 0 0 0 37 9 0 0 10 9 0 0 0 0 0 5 11 0 0 0 0 8 9 0 0 0 1 14 10 0 0 0 0 0 0 0 0 0 0 0 0 0 0 0 0 0 0 0 0 0 0 0 0 0 0 0 0 0 0 0 0 15 0 0 0 0 0 0 0 14 28 0 0 24 9 0 18 10 17 82 0 30 0 14 18 0 5 0 9 0 0 0 0 0 0 14 0 16 0 0 0 14 0 0 0 11 0 1 16 0 0 0 0 0 0 0 0 0 0 0 0 7 0 0 13 0 0 0 0 0 0 0 0 0 0 0 0 0 0 0 0 0 0 0 0 0 0 1 0 0 5 0 0 21 0 1 1 2 99 0 10 3 0 0 0 0 0 0 0 0 0 0 0 0 0 0 0 0 0 0 0 0 0 0 59 0 0 0 0 0 0 0 0 0 0 0 0 0 0 
 164 156 258 111 65 42 236 188 249 396 54 43 146 232 56 126 68 35 0 101 0 1 0 1 0 0 0 0 0 0 3 0 0 0 0 2 0 0 0 0 2 0 3 0 2 0 0 2 3 0 0 0 0 2 0 0 0 1 0 0 0 0 3 13 0 0 0 1 0 0 0 0 0 3 0 0 0 0 0 0 0 0 22 0 0 0 43 19 16 10 34 11 36 24 13 20 0 19 14 22 0 0 0 0 0 0 0 0 0 0 0 0 0 0 0 2 0 0 0 0 0 0 0 0 1 0 0 0 0 0 0 0 0 0 0 0 0 0 0 0 0 0 0 0 0 0 2 0 0 42 0 0 0 10 0 0 0 0 0 0 11 18 9 38 0 0 38 10 11 0 0 1 7 0 10 11 0 6 32 35 0 0 0 0 0 0 0 0 0 0 0 0 0 0 2 0 0 0 0 0 0 0 0 0 0 0 0 0 0 0 0 0 1 0 0 0 0 0 0 0 0 2 0 10 0 0 0 0 0 0 0 0 0 0 0 0 0 0 0 0 0 0 0 0 0 0 2 0 0 0 0 11 10 0 0 0 0 0 0 0 0 0 0 0 0 0 0 0 0 0 0 0 0 0 0 18 10 0 0 0 0 0 0 0 0 0 0 0 0 0 
 200 114 262 236 192 276 57 112 392 194 306 129 452 290 168 83 230 50 101 0 0 0 0 0 0 0 0 0 0 0 2 0 0 0 19 0 0 0 1 0 2 0 3 0 2 0 0 63 3 0 0 0 0 66 0 0 0 3 2 2 0 0 3 3 0 0 0 3 1 0 0 0 6 3 0 0 0 0 0 27 9 29 8 26 0 0 25 1 14 40 28 6 19 36 9 1 28 0 0 9 0 0 0 0 0 0 0 0 0 0 0 0 0 0 0 0 0 0 0 0 0 1 0 0 0 0 0 0 0 0 0 0 0 0 0 0 0 0 0 1 0 0 0 0 0 0 0 0 0 0 0 0 0 1 0 2 0 0 0 0 32 0 1 0 0 0 15 30 23 11 51 32 27 15 11 0 4 1 1 0 1 17 0 0 0 0 0 0 0 0 0 0 0 0 0 0 0 0 1 1 0 0 0 7 0 0 0 1 1 0 0 0 0 2 2 0 0 0 0 2 0 0 0 0 0 0 0 0 0 0 0 0 0 0 0 0 0 0 0 0 0 0 0 0 0 0 0 0 0 1 1 17 12 0 0 0 0 0 0 0 0 0 0 0 0 0 0 0 0 0 0 0 0 0 0 0 8 0 0 0 0 0 0 0 0 0 0 0 0 0 
 0 0 0 0 0 17 2 0 0 0 0 0 2 72 0 2 0 0 0 0 0 80 184 115 260 23 78 91 244 42 35 58 198 222 150 106 201 52 140 135 24 3 17 0 0 3 0 0 0 21 0 2 0 1 0 0 0 0 1 21 0 0 0 0 0 0 2 0 0 0 0 1 0 0 0 0 0 0 9 2 0 0 0 0 0 18 0 0 0 0 0 0 14 0 0 0 0 2 0 0 0 12 0 10 0 0 22 13 0 18 10 0 32 55 56 28 47 8 0 0 0 0 0 0 0 0 1 0 15 2 0 0 0 0 0 0 0 0 0 0 0 0 6 0 0 0 0 0 0 0 0 0 0 0 0 2 0 0 0 0 5 0 0 0 0 16 0 0 0 1 0 0 0 0 0 0 0 0 0 14 5 0 0 18 0 0 18 3 7 0 0 0 12 8 0 37 11 0 12 10 0 0 0 0 11 0 0 0 0 0 0 0 0 0 0 0 1 0 0 0 0 0 0 0 0 0 0 24 0 0 0 0 0 0 0 0 0 0 0 0 0 0 0 0 0 0 0 0 0 0 0 2 61 0 15 1 0 79 1 0 7 2 0 0 0 0 12 0 0 0 0 0 0 0 0 0 0 0 0 0 0 12 0 0 0 0 14 0 0 0 
 0 0 208 0 0 110 0 0 0 0 0 77 0 0 0 0 0 0 1 0 80 0 92 61 109 331 294 70 65 184 40 319 79 112 78 359 55 48 133 57 4 3 0 0 0 3 0 0 0 62 0 2 0 0 0 0 0 3 62 0 0 0 0 0 0 0 2 0 0 0 2 0 0 2 0 0 0 5 6 2 0 0 0 0 0 0 0 0 0 0 1 0 0 0 0 0 1 0 0 0 1 13 12 0 9 20 13 13 18 0 0 11 26 0 19 13 0 9 0 0 0 1 0 0 0 0 0 0 0 13 0 0 3 0 0 1 0 0 0 0 0 0 0 19 28 0 0 0 0 0 0 2 0 0 0 0 0 0 0 0 1 0 0 0 9 0 0 0 0 0 0 0 0 0 0 0 0 0 0 0 42 0 21 9 0 0 0 15 36 10 0 0 1 1 0 1 0 21 7 17 19 0 0 0 2 0 0 1 0 1 0 1 0 0 12 0 0 0 11 0 0 0 0 0 0 0 0 0 0 0 0 0 0 0 0 0 0 0 0 0 0 0 0 0 0 0 0 0 75 0 0 0 0 0 13 1 0 52 77 1 0 0 0 0 0 0 14 0 0 0 0 0 0 0 0 0 0 0 0 0 0 0 0 0 0 0 0 0 0 0 
 0 0 0 0 0 2 0 0 0 0 0 0 0 0 3 1 0 0 0 0 184 92 0 142 341 181 62 383 179 114 183 113 191 80 62 153 125 269 42 112 72 3 0 16 0 7 0 1 1 0 2 2 61 0 0 0 0 2 1 62 0 0 0 0 1 0 2 0 2 0 0 0 0 0 0 0 0 0 11 2 0 0 0 0 1 0 0 0 1 0 0 0 0 0 0 0 12 0 0 17 0 10 8 25 20 10 11 0 11 14 76 0 15 9 33 53 19 0 0 1 20 0 12 0 0 0 0 0 0 0 0 0 26 0 0 2 0 0 30 78 10 0 0 0 2 0 0 2 0 0 0 0 0 0 0 4 0 0 0 7 0 0 0 0 2 14 3 0 0 0 0 0 0 14 0 0 0 0 2 0 1 18 28 12 16 20 0 13 0 8 11 18 0 13 43 21 11 0 3 0 0 0 6 0 0 0 7 23 0 0 0 0 52 24 1 0 0 0 20 0 0 0 0 0 0 0 0 0 0 1 0 0 0 0 0 0 0 0 0 0 0 0 0 0 0 0 0 0 0 0 0 0 0 0 17 2 0 1 0 1 82 11 0 0 0 0 0 0 0 0 0 0 0 0 0 0 0 0 0 11 0 0 0 0 0 0 12 0 0 0 
 2 0 0 0 0 0 2 0 2 9 13 27 0 3 4 2 2 1 1 0 115 61 142 0 122 96 186 151 159 148 146 407 83 71 195 61 53 204 499 99 64 3 0 0 0 3 65 67 0 4 1 3 6 0 9 4 1 2 0 67 0 0 0 0 1 0 3 0 0 3 0 0 0 0 0 0 0 3 3 4 0 0 0 0 10 12 0 0 0 0 0 0 0 0 0 0 0 0 0 0 17 0 13 31 0 18 2 0 0 0 20 81 0 0 1 1 0 9 0 0 19 30 26 0 0 0 17 13 0 5 1 0 23 0 0 20 0 1 36 15 0 0 0 0 0 0 0 0 0 0 0 0 0 0 9 0 2 0 0 4 0 0 0 2 13 7 0 1 0 0 0 2 0 0 0 0 0 0 0 0 9 19 0 2 105 24 0 16 0 6 0 32 0 0 30 0 9 0 9 0 0 28 36 9 0 0 30 15 12 0 0 0 34 10 26 0 0 10 45 39 0 0 0 0 0 0 0 0 0 0 0 0 0 0 0 0 0 0 0 0 0 0 0 0 0 1 0 0 0 78 0 0 73 0 2 2 3 2 1 2 1 10 0 0 0 0 0 0 0 0 0 0 0 0 0 0 0 0 0 12 0 0 0 0 1 0 0 0 0 2 
 0 0 0 0 0 0 0 1 0 0 1 0 0 0 1 0 0 0 0 0 260 109 341 122 0 194 104 297 231 290 159 137 70 54 95 296 52 342 276 76 65 3 1 4 0 9 0 0 0 1 5 2 61 89 0 0 0 2 55 63 0 0 0 0 0 0 2 0 0 0 0 0 0 0 0 0 0 0 2 2 0 0 0 0 0 0 0 0 0 0 0 0 0 0 0 0 0 0 0 0 0 0 13 0 13 38 1 0 12 15 27 14 0 0 12 40 39 0 0 0 10 0 12 0 0 0 0 10 5 41 0 0 9 0 4 37 0 0 27 32 0 0 0 0 1 0 0 0 0 0 0 0 0 0 0 0 3 0 0 0 0 0 0 0 0 0 0 0 0 0 0 0 0 1 0 0 0 0 0 0 10 0 20 0 22 47 0 7 13 19 42 17 0 0 0 54 1 29 0 48 10 0 17 23 0 0 9 15 8 0 0 0 1 30 21 0 0 10 10 14 0 0 0 0 0 0 0 0 0 0 0 0 0 0 0 0 0 0 0 0 0 0 0 0 0 0 0 0 0 0 0 0 0 0 12 1 0 2 0 4 4 0 0 0 0 0 0 0 0 0 0 0 0 0 0 0 0 0 0 0 0 27 0 2 0 18 0 0 0 0 
 0 0 0 4 0 5 0 0 8 0 0 0 2 0 0 1 0 0 0 0 23 331 181 96 194 0 35 95 341 153 190 225 43 47 52 140 40 331 77 49 64 12 0 0 0 2 0 4 0 0 0 2 79 18 0 4 0 1 20 28 0 0 1 0 2 0 0 0 3 0 0 0 1 0 0 2 0 2 2 9 0 0 0 0 0 0 0 0 0 0 0 0 0 0 0 0 0 0 0 0 0 0 0 8 1 0 0 10 3 0 2 18 0 0 0 22 0 0 0 0 9 0 20 20 0 0 10 28 2 13 8 15 21 0 9 52 18 19 25 20 0 0 0 0 7 0 0 0 0 2 0 0 0 1 1 6 0 0 0 4 0 0 0 0 0 0 0 0 0 0 0 0 0 8 0 2 0 0 0 0 0 0 8 0 0 33 0 0 0 7 44 47 0 0 0 0 17 12 0 0 56 9 5 40 0 0 13 36 20 0 0 0 22 61 35 1 20 1 9 13 0 0 0 0 0 0 0 0 2 0 0 0 0 1 0 0 0 0 0 0 0 0 0 0 0 19 0 0 0 0 0 0 0 0 16 0 1 102 0 2 2 0 0 0 0 0 0 0 0 0 0 0 0 0 2 0 0 0 0 0 0 0 0 0 0 28 0 0 0 0 
 0 75 1 0 0 73 2 0 0 75 0 78 2 1 0 0 99 49 0 0 78 294 62 186 104 35 0 371 300 253 156 90 191 41 314 145 316 127 260 64 4 3 23 62 0 4 0 5 0 0 0 2 0 0 0 51 0 2 0 0 0 0 0 0 4 0 1 0 0 0 0 0 0 0 0 0 0 0 2 49 0 0 0 17 36 12 0 0 0 0 0 21 0 0 1 0 16 0 0 0 58 12 11 9 24 13 11 35 0 15 0 7 0 9 30 20 15 13 1 14 0 0 0 0 0 0 0 6 0 0 0 0 0 0 0 0 0 14 0 0 0 0 2 0 1 0 0 0 0 0 0 0 0 0 0 0 10 0 0 0 0 0 0 1 28 2 0 1 0 0 0 2 0 0 0 0 0 5 0 28 75 9 0 15 16 0 24 24 33 88 46 14 32 31 0 26 46 29 1 11 1 0 0 0 0 0 8 13 0 11 0 0 21 0 0 0 0 0 0 0 0 0 0 0 0 0 0 0 0 0 0 0 0 0 0 0 0 0 0 0 0 0 10 0 0 0 0 0 0 133 0 0 0 0 1 2 0 9 76 0 2 2 0 0 0 0 0 0 0 0 0 0 0 0 0 0 0 0 0 7 0 0 0 0 0 0 0 0 0 0 
 0 0 0 0 72 0 0 0 1 74 30 1 4 0 0 0 0 0 0 0 91 70 383 151 297 95 371 0 116 52 35 118 205 220 266 68 90 102 170 357 2 5 0 3 0 13 0 4 0 2 5 4 3 2 0 0 0 4 2 2 2 1 0 2 1 0 2 3 2 0 0 3 0 0 0 0 0 2 3 2 0 0 0 0 13 26 0 0 0 0 2 0 0 0 0 0 0 0 0 0 42 17 27 25 18 14 1 29 0 40 19 1 14 52 1 36 12 9 0 18 0 21 0 0 0 0 0 0 0 0 0 0 0 0 0 0 0 0 0 10 0 0 0 0 0 0 0 0 0 2 0 0 0 1 1 0 0 0 0 0 2 0 0 0 13 7 0 0 1 0 0 0 0 0 0 2 0 0 0 0 24 33 37 2 28 15 1 10 1 0 1 0 9 9 80 29 25 0 9 0 0 0 13 19 0 0 13 1 0 0 0 0 47 0 0 0 0 0 16 0 0 0 3 0 0 0 0 0 2 3 0 0 0 3 0 0 0 0 0 0 0 0 1 0 0 0 0 0 0 78 0 0 0 0 12 0 0 0 0 0 1 2 0 0 0 0 0 0 0 0 0 0 0 0 0 0 0 0 0 16 0 0 0 0 6 0 0 0 0 2 
 0 0 1 0 0 73 0 0 0 0 0 0 0 2 0 1 0 0 0 0 244 65 179 159 231 341 300 116 0 292 204 275 250 165 255 126 127 193 86 58 5 3 0 1 0 3 0 2 0 0 0 4 62 0 1 0 0 1 1 62 0 0 0 0 32 0 1 0 0 0 0 0 0 0 0 0 0 0 2 3 0 0 0 0 0 1 0 0 0 0 0 0 0 0 0 2 0 0 0 0 5 0 0 37 38 37 0 18 11 7 10 0 0 11 38 0 9 0 1 1 11 0 12 0 0 0 0 0 0 0 0 0 6 0 0 13 0 0 13 19 0 0 0 0 4 0 1 0 2 0 0 0 0 0 0 4 1 2 0 0 0 0 0 0 0 0 0 0 0 0 0 0 0 4 0 0 0 0 0 0 46 30 13 22 20 0 10 10 0 44 33 12 5 5 19 1 0 19 0 0 34 0 0 0 0 0 0 15 0 0 0 0 21 0 1 0 0 0 9 0 0 0 0 0 0 0 1 0 0 0 0 0 0 0 0 0 0 0 0 19 0 0 0 0 0 0 0 0 0 0 0 0 0 0 3 2 0 0 54 2 1 0 0 0 0 0 0 0 0 0 0 0 0 0 0 0 0 0 0 35 0 0 0 0 0 0 0 0 0 0 
 0 0 0 0 0 19 0 0 2 0 0 6 0 2 0 0 0 2 0 0 42 184 114 148 290 153 253 52 292 0 462 121 45 68 126 78 105 37 84 86 3 3 0 0 0 3 0 0 0 0 0 2 18 92 0 0 0 2 64 52 0 0 0 0 0 0 3 0 0 0 0 0 0 0 0 48 0 0 2 2 0 0 0 0 0 0 0 0 0 0 0 0 0 0 0 0 0 0 0 0 13 1 0 10 11 15 1 13 0 19 4 4 0 0 11 32 25 0 5 0 14 0 24 0 0 0 0 12 11 5 0 15 0 0 0 21 0 0 25 17 0 0 2 1 30 0 0 0 0 0 0 0 0 0 0 0 4 0 0 0 0 0 0 0 0 0 0 0 0 0 0 0 0 5 0 0 0 0 0 0 26 0 34 2 14 15 8 9 16 59 51 13 13 14 0 19 0 38 0 0 0 0 12 1 0 0 22 18 20 0 0 0 1 28 41 11 0 1 32 10 0 0 0 0 0 0 0 0 0 0 0 0 0 0 0 0 0 0 0 0 0 0 0 0 0 0 0 0 0 0 0 0 0 0 15 0 2 76 77 0 1 0 0 0 0 0 0 0 0 0 0 0 0 0 0 0 0 0 0 0 0 0 0 0 0 9 0 0 0 0 
 2 2 2 2 2 2 3 2 2 2 3 3 2 2 3 4 4 3 3 2 35 40 183 146 159 190 156 35 204 462 0 72 171 98 71 217 159 138 33 147 4 3 0 2 0 3 0 3 0 0 0 2 68 6 0 0 0 2 0 30 0 0 62 0 0 0 2 0 0 0 0 27 0 0 0 0 0 0 4 2 0 0 0 0 0 0 0 0 0 0 0 0 14 0 17 0 0 0 0 0 1 45 1 19 11 0 14 8 11 31 26 10 0 7 21 0 8 0 0 0 0 0 19 0 0 0 0 12 0 0 0 0 19 0 0 11 0 2 35 6 0 0 0 0 16 0 0 0 0 0 0 0 0 0 0 4 0 0 0 0 0 0 0 0 0 1 0 0 0 0 0 2 0 2 0 0 0 0 0 0 0 0 1 24 32 24 38 0 8 22 39 9 0 10 13 29 10 23 0 0 14 0 19 0 0 0 13 15 11 0 0 0 0 23 29 0 0 0 0 16 0 0 0 0 0 0 0 0 0 0 0 0 0 0 0 0 0 0 0 0 0 0 14 0 0 0 0 0 0 0 0 0 0 0 11 0 7 5 4 0 2 0 0 0 0 0 14 0 0 0 0 0 0 0 0 0 0 0 0 0 0 0 0 0 0 1 13 0 0 0 
 0 0 1 0 0 0 0 5 0 0 2 0 0 0 0 0 0 0 0 0 58 319 113 407 137 225 90 118 275 121 72 0 112 24 34 41 61 75 32 44 6 3 0 0 0 3 3 0 0 7 0 3 1 0 2 0 1 5 3 29 0 0 0 0 0 0 4 0 0 5 0 0 0 0 0 0 0 0 2 1 0 0 0 0 0 0 0 0 0 0 0 0 0 0 0 0 0 0 0 0 0 1 0 0 1 33 0 32 13 2 11 3 0 8 1 14 0 0 0 0 0 40 6 0 0 0 0 0 0 5 0 0 0 0 0 13 0 0 28 7 0 0 0 0 6 0 0 0 0 0 0 0 0 0 0 3 0 0 0 0 0 0 0 0 0 0 0 0 0 0 0 8 0 2 0 0 0 0 0 0 1 16 28 10 14 0 0 14 0 63 41 31 0 14 0 12 8 58 0 0 12 20 14 0 0 0 0 9 17 0 0 0 1 24 13 0 0 0 31 0 0 0 0 0 0 0 0 0 0 0 0 0 0 0 0 0 0 0 0 0 0 0 0 0 0 0 0 0 0 0 0 0 0 0 14 1 0 75 0 3 0 0 27 0 0 0 0 0 0 0 0 0 0 0 0 0 0 0 0 17 0 15 0 0 0 0 0 0 0 0 
 0 0 73 0 0 7 0 0 79 0 4 5 0 2 74 74 0 76 0 0 198 79 191 83 70 43 191 205 250 45 171 112 0 222 233 239 86 257 227 553 5 6 0 5 3 9 0 0 3 0 2 2 6 4 2 0 6 2 0 3 0 0 0 0 5 4 2 2 0 1 6 3 0 2 0 7 7 8 10 3 0 0 19 0 0 12 0 0 0 0 13 20 0 0 0 0 5 12 0 1 0 15 1 0 0 0 32 45 17 0 40 0 0 75 14 12 79 35 11 16 0 0 0 0 0 0 0 0 0 0 0 0 0 0 0 0 0 0 0 0 0 0 0 0 0 0 0 0 0 0 0 0 0 0 0 0 0 0 0 0 5 0 6 20 17 22 0 0 1 0 7 0 0 0 0 0 1 14 0 0 9 19 1 13 0 0 0 1 25 10 0 21 20 24 0 43 9 0 0 0 0 0 0 0 0 0 0 0 0 0 0 0 0 0 0 0 0 0 0 0 0 0 0 0 0 0 0 8 0 0 0 0 0 0 0 0 0 0 0 0 0 24 0 0 0 2 29 0 0 0 0 0 0 0 9 2 4 77 2 0 17 2 0 0 0 0 29 0 0 0 0 0 0 0 0 0 0 1 0 1 0 0 0 0 0 0 28 0 0 0 
 0 0 0 18 61 38 0 0 0 0 65 2 0 0 0 0 1 1 0 0 222 112 80 71 54 47 41 220 165 68 98 24 222 0 154 42 125 147 88 223 3 3 0 0 0 3 0 0 0 0 0 3 0 0 0 8 1 63 0 0 0 0 0 0 0 0 3 0 0 0 0 0 0 0 0 0 0 0 7 0 0 0 0 2 1 1 0 0 1 0 0 0 0 0 0 0 7 1 0 0 28 10 0 11 20 0 24 23 0 1 11 0 23 18 20 10 46 20 0 14 0 0 0 0 0 0 0 0 0 1 0 0 0 0 0 0 0 0 0 0 0 0 14 0 0 0 0 0 0 0 0 0 0 0 0 3 0 0 0 0 3 0 1 0 0 22 0 0 0 0 0 1 0 0 0 1 0 0 0 0 15 0 6 21 0 0 24 1 1 20 0 0 72 23 10 28 17 0 12 10 0 0 0 0 0 0 0 0 0 0 0 0 0 0 0 0 0 0 0 0 0 0 0 0 0 0 0 0 0 0 0 0 0 0 0 0 0 16 0 0 0 0 0 0 0 0 0 0 74 0 6 0 0 0 12 0 1 81 77 2 13 0 59 0 0 0 0 0 0 0 0 0 0 0 0 0 0 0 0 0 0 16 0 0 0 0 8 0 0 0 
 1 2 0 1 0 2 0 0 2 0 0 154 1 0 0 3 76 0 0 19 150 78 62 195 95 52 314 266 255 126 71 34 233 154 0 317 157 41 246 344 4 4 0 0 0 3 3 63 0 0 0 3 0 0 0 2 3 2 0 0 0 0 0 0 3 0 1 0 0 39 0 0 0 0 0 0 0 0 3 3 0 0 25 10 20 20 0 0 0 0 0 19 0 0 0 0 9 0 0 0 17 0 15 31 16 38 7 0 16 10 0 0 17 31 46 42 20 35 2 12 0 0 0 0 0 0 0 0 0 20 0 0 0 0 0 0 0 0 23 6 0 0 1 0 0 0 0 0 0 0 0 0 0 0 0 0 6 0 0 0 1 0 0 0 27 14 0 0 0 0 2 0 0 0 0 0 0 0 10 0 34 37 0 0 20 0 14 43 26 14 19 0 18 0 23 31 40 18 9 17 0 0 0 0 0 1 0 0 0 0 0 0 38 0 0 1 0 0 28 2 0 0 0 0 0 0 0 18 0 0 0 0 0 0 0 0 0 0 0 0 0 0 0 0 0 0 0 0 0 36 0 0 0 0 17 0 1 5 78 0 31 0 0 0 0 0 0 0 0 0 0 0 0 0 0 0 0 0 0 14 0 1 0 0 0 0 0 0 0 0 
 0 0 0 0 0 4 0 0 4 2 2 1 0 0 0 73 0 0 2 0 106 359 153 61 296 140 145 68 126 78 217 41 239 42 317 0 144 320 133 332 3 3 23 0 1 3 0 3 0 21 1 3 55 0 0 1 2 0 89 0 0 0 0 0 0 0 2 0 0 0 0 0 0 0 0 0 0 0 18 1 0 0 0 0 0 0 0 0 0 0 0 0 0 0 0 0 2 0 0 2 0 34 3 1 31 19 12 25 9 20 22 16 0 3 11 0 44 14 0 0 7 0 0 0 0 0 0 0 0 0 0 0 3 0 0 0 0 0 24 4 0 0 2 0 0 0 0 0 0 0 0 0 0 0 0 0 0 0 0 0 0 0 0 0 0 0 0 0 0 0 0 0 0 33 0 0 1 0 0 0 0 0 21 33 19 0 21 0 12 11 39 26 2 44 19 10 32 20 0 18 27 0 0 0 0 0 8 0 0 0 0 0 6 0 0 0 0 0 1 0 0 0 0 0 0 0 0 0 0 0 0 0 0 0 0 0 0 0 0 0 0 0 1 0 0 0 0 0 0 0 0 0 0 0 24 0 0 112 1 2 1 0 0 0 0 0 9 0 0 0 0 0 0 0 0 0 0 0 0 0 0 0 0 0 0 0 1 0 0 2 
 1 0 0 2 0 72 0 0 3 0 0 0 0 2 0 0 0 0 0 0 201 55 125 53 52 40 316 90 127 105 159 61 86 125 157 144 0 110 99 196 3 3 0 4 3 6 0 6 0 0 4 5 0 0 0 0 3 5 0 0 2 2 0 0 2 0 11 2 50 2 0 0 0 0 0 0 0 4 3 5 0 0 0 0 0 0 0 0 0 0 0 0 0 0 0 0 0 0 0 0 0 37 0 1 22 15 15 19 36 58 12 20 0 8 11 38 30 35 0 1 0 0 0 0 0 0 0 0 0 1 0 0 0 0 0 0 0 0 0 15 0 0 5 0 0 0 0 0 0 0 0 0 0 0 0 3 3 0 0 0 3 0 0 0 6 16 0 0 0 0 0 0 0 0 0 0 0 0 0 0 12 0 5 19 20 0 28 15 29 1 31 1 12 0 20 18 21 49 8 17 0 0 0 0 0 0 9 0 0 0 0 0 0 0 0 0 0 0 15 0 0 0 0 0 0 0 0 0 0 0 0 0 0 0 0 0 0 0 0 0 0 0 2 0 0 0 0 0 0 0 0 0 0 0 17 0 9 110 9 0 13 0 0 0 0 0 0 0 0 0 0 11 0 0 0 0 0 0 0 0 0 6 0 0 0 0 0 0 0 0 
 0 0 0 0 0 3 0 0 2 0 6 0 0 1 3 0 0 0 0 0 52 48 269 204 342 331 127 102 193 37 138 75 257 147 41 320 110 0 57 121 22 3 0 0 0 3 1 6 0 2 0 4 75 62 2 0 0 1 129 0 0 17 0 0 1 0 2 2 47 0 0 0 0 0 0 2 0 0 7 2 0 0 0 0 15 3 19 0 0 0 0 0 0 0 0 0 0 0 0 0 8 7 3 11 20 19 0 6 23 24 18 26 0 6 19 0 1 31 0 3 51 11 3 0 0 0 12 12 0 0 0 0 9 0 9 7 0 0 28 2 0 0 0 0 1 0 0 0 0 2 1 0 0 1 3 3 0 0 0 3 0 0 0 0 16 26 0 0 0 0 5 0 0 5 0 2 0 0 0 0 15 14 12 47 11 17 14 0 0 0 33 6 1 1 26 11 15 11 3 0 18 8 19 1 0 0 14 6 0 0 0 0 15 12 15 0 0 0 11 10 0 0 0 0 0 0 0 0 2 0 1 0 0 1 0 1 0 0 7 0 0 0 11 0 0 0 0 0 0 4 0 0 0 11 14 0 2 2 1 5 3 11 0 0 0 0 0 0 0 0 0 0 0 0 0 0 0 0 0 0 0 0 0 0 0 7 11 0 0 0 
 0 0 103 0 1 163 0 0 37 2 0 17 0 76 0 82 1 81 0 1 140 133 42 499 276 77 260 170 86 84 33 32 227 88 246 133 99 57 0 373 2 3 0 0 0 5 0 0 1 0 0 2 0 1 0 0 0 63 0 0 0 0 0 0 0 3 1 0 1 0 0 0 0 0 0 0 0 0 2 3 2 6 1 0 0 8 2 0 0 0 2 20 0 0 2 0 7 21 0 0 0 9 0 1 0 0 10 0 27 28 21 9 15 31 3 20 29 53 46 35 0 0 0 41 0 0 0 0 0 12 0 0 0 0 0 0 0 0 0 0 0 0 0 0 0 0 0 0 0 0 0 0 2 0 0 0 0 0 0 0 2 0 11 11 11 21 0 0 0 0 25 0 0 0 0 1 0 10 0 0 16 14 19 4 0 0 0 6 48 0 0 0 21 0 0 7 52 24 8 45 0 0 29 0 0 2 0 0 0 0 0 0 0 0 0 11 0 0 0 0 0 0 0 0 0 0 0 0 0 0 0 0 0 0 0 0 0 0 0 0 0 0 0 0 0 0 75 0 0 0 0 0 0 0 11 0 0 76 2 1 22 0 0 0 0 0 0 0 0 0 0 0 0 0 0 0 0 10 0 0 0 0 0 0 0 0 0 0 0 0 
 0 1 96 0 0 0 0 1 95 1 150 0 0 0 2 76 1 73 0 0 135 57 112 99 76 49 64 357 58 86 147 44 553 223 344 332 196 121 373 0 3 3 0 0 0 3 0 0 0 0 1 2 0 1 0 0 0 1 0 0 0 0 0 0 0 0 1 0 0 0 0 0 0 0 0 0 0 0 10 3 0 0 0 1 0 0 0 0 15 11 29 10 0 0 0 0 0 0 0 0 20 22 8 0 0 0 31 1 11 0 17 10 0 55 35 16 43 30 1 19 0 2 0 0 0 0 0 0 1 17 0 0 0 0 0 0 0 0 0 0 0 0 0 0 0 0 0 0 0 0 0 0 0 0 0 0 0 0 0 0 2 18 0 19 10 16 0 0 0 12 0 0 0 0 0 0 11 13 0 0 9 10 17 8 0 0 0 0 8 7 0 12 0 27 14 46 23 1 0 17 0 0 1 0 0 0 0 0 0 0 0 0 0 0 0 24 0 0 0 0 0 0 0 0 0 0 0 0 0 0 0 0 0 0 0 0 20 0 0 0 0 9 0 0 0 1 0 0 1 0 0 0 0 0 9 0 1 5 78 2 21 0 64 0 0 0 1 0 0 0 0 0 0 0 0 0 0 0 0 0 0 0 0 0 0 0 36 0 0 0 
 0 1 2 0 0 3 2 1 0 0 0 0 1 2 0 2 0 2 2 2 24 4 72 64 65 64 4 2 5 3 4 6 5 3 4 3 3 22 2 3 0 592 225 46 48 49 499 103 58 37 50 47 65 175 173 35 45 42 108 41 0 0 0 0 0 0 0 0 98 0 0 0 0 0 0 0 0 0 0 0 0 0 0 0 8 0 9 0 0 0 0 0 0 0 0 0 0 0 0 0 0 0 0 6 0 0 0 0 2 0 10 9 0 0 0 0 0 0 0 0 12 20 0 7 0 21 10 9 7 5 0 0 13 18 15 7 6 0 9 0 0 0 0 0 0 0 0 0 0 0 1 0 0 0 2 0 0 0 0 4 0 0 0 0 0 0 0 0 0 0 0 0 7 0 0 0 0 0 0 0 0 0 0 0 0 11 0 0 0 0 9 7 0 0 0 0 1 0 22 0 11 13 7 3 1 0 23 0 0 12 0 0 26 10 0 0 1 0 11 5 0 0 0 0 0 0 0 0 0 0 0 0 0 0 0 11 0 0 0 0 0 0 0 0 0 39 0 0 0 2 0 5 0 0 0 0 0 2 0 9 0 11 2 0 0 3 0 0 2 0 0 0 0 0 0 0 0 0 0 0 0 0 0 0 0 6 0 0 0 2 
 0 0 0 0 0 1 0 0 0 0 0 0 0 0 0 0 0 0 0 0 3 3 3 3 3 12 3 5 3 3 3 3 6 3 4 3 3 3 3 3 592 0 121 245 113 97 365 214 127 49 39 321 128 227 87 120 79 191 141 410 0 0 3 0 0 0 0 0 2 3 0 0 3 0 0 0 0 0 0 3 0 0 0 0 0 0 0 0 0 0 0 0 0 0 0 0 0 0 0 0 0 0 0 0 0 0 0 0 0 1 0 0 0 0 0 0 0 0 0 0 16 15 10 38 0 14 0 14 6 3 10 35 2 48 28 0 28 25 0 0 0 0 0 0 0 0 0 0 0 0 0 0 0 0 0 0 0 0 0 0 0 0 0 0 0 0 0 0 0 0 0 0 0 0 0 1 4 0 0 0 0 0 0 0 0 0 0 0 0 0 0 0 0 0 0 0 0 0 0 0 3 26 0 0 33 24 0 23 7 40 15 39 3 11 19 18 3 4 0 11 0 0 0 0 0 0 26 0 0 0 0 0 16 0 0 0 0 0 0 0 0 0 0 0 0 0 0 0 0 25 0 0 0 2 0 0 0 0 0 10 0 0 2 0 3 8 0 0 2 0 7 0 0 0 0 0 0 0 0 0 0 0 0 0 0 0 0 2 0 0 
 3 3 3 3 12 3 3 3 3 3 3 3 3 3 5 3 3 3 3 3 17 0 0 0 1 0 23 0 0 0 0 0 0 0 0 23 0 0 0 0 225 121 0 101 342 227 84 190 158 199 122 184 96 556 73 68 74 113 39 102 0 0 11 0 0 0 0 0 0 0 0 0 0 52 0 0 0 4 22 46 0 0 0 12 0 0 0 0 0 0 0 0 0 0 0 0 0 0 0 0 0 0 0 1 19 0 0 0 0 0 0 0 0 0 0 0 0 0 0 0 0 14 8 15 0 20 0 2 8 22 20 6 20 32 0 0 16 1 0 0 0 0 0 0 0 0 7 0 0 0 0 0 0 0 0 2 11 11 0 0 0 3 0 0 0 0 0 0 0 0 0 0 0 0 0 0 4 0 0 0 0 0 0 0 0 0 0 0 0 25 9 0 0 0 0 0 0 0 0 0 12 12 0 24 34 17 1 0 0 0 19 0 0 0 0 15 26 0 0 11 0 0 17 0 0 0 7 16 0 0 0 0 16 12 1 31 0 0 0 10 0 0 0 0 0 0 0 0 0 0 0 2 0 0 0 0 0 1 0 22 0 0 70 0 0 2 1 2 0 13 0 0 0 0 0 0 0 0 0 0 0 0 0 0 0 16 0 0 0 0 
 0 0 0 0 0 0 0 0 0 0 0 0 0 2 0 1 0 0 0 0 0 0 16 0 4 0 62 3 1 0 2 0 5 0 0 0 4 0 0 0 46 245 101 0 218 48 158 555 162 170 83 129 74 175 78 220 201 333 101 419 0 0 0 1 0 0 0 0 0 0 0 0 0 0 0 0 0 0 1 52 0 0 0 0 0 0 0 0 0 0 0 0 0 0 0 0 0 0 0 0 0 1 4 0 5 0 0 7 0 2 2 0 0 0 1 4 0 0 0 0 24 17 26 13 0 0 0 27 0 14 2 41 0 16 11 0 18 37 0 4 0 26 0 0 0 0 9 1 0 9 0 0 2 0 17 19 0 0 12 2 0 0 0 0 0 0 0 0 0 0 0 0 0 0 0 4 0 0 0 0 0 0 2 0 9 2 9 0 0 0 0 0 0 10 8 3 0 0 0 0 0 29 2 8 0 15 12 10 3 8 14 41 0 0 18 1 1 35 4 0 0 1 1 0 0 0 10 0 14 8 0 0 32 0 9 0 0 0 0 1 0 0 6 0 0 0 0 0 0 0 0 6 0 0 0 0 0 0 0 0 0 0 0 2 0 4 2 0 0 0 0 0 0 0 0 0 0 0 0 0 0 5 0 0 0 0 0 10 0 0 
 2 2 2 2 2 2 2 2 4 2 2 2 2 2 2 2 2 2 2 2 0 0 0 0 0 0 0 0 0 0 0 0 3 0 0 1 3 0 0 0 48 113 342 218 0 347 55 76 376 216 144 109 95 70 78 86 101 33 81 78 0 5 7 1 2 2 0 0 3 0 2 2 0 0 2 1 0 48 25 58 0 0 0 0 0 0 0 0 0 0 0 0 0 0 0 0 0 0 0 0 0 0 0 0 0 0 0 0 0 0 0 6 0 0 0 0 0 0 0 0 22 18 12 10 0 0 0 0 0 7 35 18 0 0 18 0 18 21 0 0 0 47 0 0 0 0 60 8 0 11 0 0 0 0 9 35 12 0 0 0 0 0 0 0 0 0 0 4 0 0 0 0 0 0 0 0 0 0 0 0 0 0 0 0 0 0 0 0 0 0 0 0 0 0 0 0 0 0 0 0 0 18 0 6 0 35 0 10 6 0 38 18 0 0 0 0 0 11 0 0 0 4 19 0 0 0 0 0 0 7 0 0 21 0 9 31 0 0 34 0 0 0 0 0 0 0 0 0 0 0 0 6 0 0 0 0 0 0 0 1 25 0 1 6 0 10 1 68 0 0 0 0 0 0 0 0 0 0 0 0 0 0 0 0 0 0 0 23 5 0 
 0 0 0 6 0 0 0 0 0 3 0 1 0 2 3 6 0 0 0 0 3 3 7 3 9 2 4 13 3 3 3 3 9 3 3 3 6 3 5 3 49 97 227 48 347 0 97 59 70 84 174 345 52 44 74 66 58 79 66 135 1 0 81 0 0 0 51 0 0 0 0 4 0 25 24 0 0 6 51 0 0 0 0 0 0 0 0 0 0 0 0 0 0 0 0 0 0 0 0 0 0 0 5 0 4 0 0 0 0 4 3 0 0 0 0 6 0 0 0 17 0 0 0 39 29 28 0 0 11 1 11 19 0 11 0 0 0 16 0 8 19 0 0 12 0 0 5 2 9 10 9 0 16 17 0 18 22 14 10 9 0 0 0 0 0 0 0 0 0 6 0 0 0 0 0 0 6 0 0 0 0 0 3 1 4 4 1 0 0 0 1 0 0 0 4 4 0 0 0 0 0 0 36 0 30 0 5 0 11 0 18 0 0 0 0 15 0 0 8 0 10 1 14 0 0 0 3 1 0 0 9 0 20 22 26 24 0 0 13 28 0 0 0 0 0 0 0 0 0 0 0 0 0 0 0 0 0 0 0 1 0 0 8 0 0 1 4 66 0 0 0 0 0 0 0 0 0 0 0 0 0 0 0 0 0 0 0 0 4 0 
 0 0 0 0 0 0 0 0 0 3 0 0 0 0 2 0 2 0 0 0 0 0 0 65 0 0 0 0 0 0 0 3 0 0 3 0 0 1 0 0 499 365 84 158 55 97 0 248 63 85 258 323 291 163 270 108 120 71 349 146 0 0 0 4 0 5 2 0 0 12 0 8 0 0 2 0 0 4 0 2 0 0 0 0 0 0 0 0 0 0 0 0 0 0 0 0 0 0 0 0 0 0 0 1 0 0 0 0 0 0 2 12 8 0 0 0 0 0 0 0 11 22 22 0 2 11 39 17 0 11 7 21 1 9 1 18 8 0 23 0 0 0 0 0 0 0 0 0 0 0 0 0 11 0 4 0 0 0 0 0 0 0 0 0 0 0 0 0 0 0 0 10 0 0 0 0 0 0 0 0 0 0 0 0 0 1 0 0 0 0 0 0 0 0 0 0 0 0 0 0 33 18 18 0 0 0 26 9 2 29 12 2 3 1 0 25 21 9 1 16 0 0 0 0 4 0 0 0 0 0 0 0 1 0 0 0 0 0 0 0 0 0 1 0 0 0 0 0 0 0 0 0 0 0 0 0 0 0 0 24 0 0 0 0 1 3 0 0 0 0 0 0 0 0 0 4 0 0 0 0 0 0 0 0 11 11 0 0 0 0 
 2 2 2 2 2 5 2 2 2 2 2 2 2 2 2 2 2 2 2 63 0 0 1 67 0 4 5 4 2 0 3 0 0 0 63 3 6 6 0 0 103 214 190 555 76 59 248 0 324 327 369 140 194 165 318 79 30 47 88 187 0 0 0 0 0 0 3 0 0 0 0 0 0 0 0 0 0 0 0 0 0 0 0 0 0 0 0 0 0 0 0 18 0 0 0 0 0 0 0 0 6 2 0 1 0 0 0 7 0 1 0 23 0 0 15 0 3 0 0 0 0 31 8 21 0 8 31 10 25 0 6 1 0 10 1 28 25 2 32 9 0 0 0 0 0 0 0 0 0 0 1 0 0 0 4 0 0 0 3 0 0 0 0 0 0 0 0 0 0 0 0 0 0 0 0 0 0 0 15 0 0 23 0 5 0 1 6 0 0 0 5 1 14 6 0 0 0 3 0 0 0 24 7 0 1 10 33 0 0 1 2 18 0 0 0 16 16 0 5 28 0 0 0 0 0 0 29 34 0 0 0 0 13 0 0 0 0 0 0 0 0 0 7 0 0 0 0 0 0 25 0 0 0 2 0 0 0 0 2 16 0 0 0 0 1 4 1 0 0 0 0 0 0 0 0 0 0 0 0 0 0 0 0 0 15 0 0 0 0 0 
 3 3 3 3 3 5 3 4 5 3 3 3 3 4 3 3 3 3 3 3 0 0 1 0 0 0 0 0 0 0 0 0 3 0 0 0 0 0 1 0 58 127 158 162 376 70 63 324 0 288 52 41 317 133 241 101 160 103 237 76 0 0 2 0 1 1 1 0 0 2 2 1 0 2 0 0 0 1 0 0 0 0 0 0 0 0 3 0 0 0 0 0 0 0 0 0 0 0 0 0 0 0 0 0 0 0 0 0 0 0 0 9 0 0 0 0 0 0 0 0 0 35 1 14 11 0 23 7 14 2 1 54 20 0 29 0 5 3 15 4 0 0 0 0 0 0 0 0 0 3 4 0 17 0 1 0 2 1 0 0 0 0 0 0 0 0 0 0 0 0 0 0 0 0 0 0 0 0 0 0 0 0 0 1 29 10 0 0 0 0 0 14 7 0 0 0 0 0 0 0 6 22 31 9 17 9 8 0 19 40 17 0 5 0 55 13 16 17 0 1 0 0 0 0 0 1 0 0 0 0 0 0 10 0 0 0 0 1 0 0 0 0 6 0 0 1 0 1 0 0 0 0 0 0 0 0 0 0 1 1 0 0 0 0 3 2 2 1 0 0 7 0 1 0 10 6 0 0 0 0 0 0 0 0 22 50 0 0 0 0 
 6 4 0 18 0 6 0 7 0 0 1 0 0 0 5 0 2 0 0 0 21 62 0 4 1 0 0 2 0 0 0 7 0 0 0 21 0 2 0 0 37 49 199 170 216 84 85 327 288 0 266 263 119 111 323 234 68 53 301 125 0 0 5 0 0 0 0 0 0 6 0 0 0 0 0 0 0 2 52 0 6 11 0 3 5 0 0 11 0 0 0 0 0 0 2 0 0 6 0 0 0 0 0 0 0 0 0 6 0 0 0 0 0 0 0 0 0 0 0 0 0 0 52 10 0 3 9 0 8 12 11 0 18 18 0 19 0 11 0 0 0 1 0 0 0 0 8 8 0 3 0 0 9 0 0 29 6 0 15 15 5 0 26 0 0 0 0 0 15 0 4 6 15 4 0 0 0 4 0 6 0 0 0 0 0 0 0 0 0 0 0 0 0 0 0 0 0 0 0 0 0 0 0 17 0 4 1 6 0 0 13 1 0 0 0 12 23 0 0 0 0 7 18 0 0 0 0 0 0 6 0 0 12 4 7 31 0 0 0 3 0 0 0 0 0 2 7 0 0 0 0 4 0 20 2 6 0 0 0 0 0 0 21 78 1 1 2 67 0 0 2 0 0 0 0 0 0 0 0 0 0 4 0 0 0 1 0 0 0 0 
 0 0 0 0 0 0 0 0 2 0 0 0 0 0 1 0 0 0 0 0 0 0 2 1 5 0 0 5 0 0 0 0 2 0 0 1 4 0 0 1 50 39 122 83 144 174 258 369 52 266 0 162 47 47 345 177 147 283 47 327 0 0 2 53 1 0 0 2 0 17 45 0 0 49 0 0 0 8 26 0 0 0 0 0 0 0 0 0 0 0 0 0 0 0 0 0 0 0 0 0 0 0 4 0 1 1 0 0 0 0 3 1 0 0 0 5 0 0 0 0 0 0 10 1 0 0 21 0 16 0 44 0 1 0 0 12 19 7 0 8 0 0 0 0 0 0 0 11 0 10 0 0 0 3 0 10 1 5 8 0 0 3 0 0 0 0 0 6 0 5 0 0 0 0 0 0 0 0 0 0 0 0 3 0 0 4 0 0 0 0 0 0 0 0 0 5 0 0 0 0 19 9 0 10 14 40 0 15 0 0 17 15 0 0 0 12 11 0 10 0 17 8 14 0 0 0 10 32 4 13 0 1 0 0 39 14 0 0 25 0 0 0 1 0 0 0 0 0 0 0 0 0 0 1 0 0 0 0 0 4 0 2 63 39 1 14 0 0 0 0 0 0 0 0 0 0 0 0 0 0 0 2 0 0 21 0 0 0 0 0 
 0 1 0 0 0 6 0 0 0 25 0 0 0 3 0 0 0 0 0 0 2 2 2 3 2 2 2 4 4 2 2 3 2 3 3 3 5 4 2 2 47 321 184 129 109 345 323 140 41 263 162 0 102 73 319 43 139 96 486 45 6 0 0 24 0 0 4 3 34 56 0 0 53 55 0 0 0 4 8 30 0 0 0 0 0 0 0 11 0 0 0 0 0 0 0 0 0 0 0 0 0 0 0 0 0 0 0 0 0 0 0 0 0 0 0 0 0 0 0 0 0 11 0 7 6 19 0 10 40 0 10 0 0 10 0 0 13 10 0 0 8 17 0 0 0 0 40 0 0 0 0 0 11 0 12 0 0 25 15 0 0 4 0 0 0 0 21 0 0 0 0 0 0 0 0 0 0 0 0 0 0 0 0 0 0 0 0 0 0 0 0 0 0 0 0 0 0 0 0 0 0 16 0 0 30 23 30 0 2 0 20 0 0 0 0 0 0 25 0 5 23 8 15 1 0 14 7 31 1 12 2 6 6 5 30 20 0 5 20 10 0 0 0 0 0 0 0 0 0 0 0 5 0 0 0 0 0 0 0 9 0 0 68 0 4 0 8 0 0 0 0 0 0 0 0 0 0 0 0 0 0 0 0 0 0 0 0 13 0 0 
 0 0 0 2 0 0 0 0 0 0 0 0 3 0 0 1 0 0 0 0 0 0 61 6 61 79 0 3 62 18 68 1 6 0 0 55 0 75 0 0 65 128 96 74 95 52 291 194 317 119 47 102 0 220 70 110 235 101 284 179 0 0 0 0 2 1 0 17 3 0 0 1 0 6 0 0 0 1 0 4 0 0 0 0 0 0 0 0 0 0 0 0 0 0 0 0 0 0 0 0 0 1 0 0 10 11 0 0 11 10 0 0 0 0 0 0 0 0 0 0 31 0 45 0 16 0 6 21 10 0 0 0 9 0 0 0 0 0 22 18 0 0 0 0 0 11 0 0 0 0 3 0 11 0 2 0 0 0 0 0 0 0 0 0 0 0 0 0 0 0 0 0 0 3 0 0 0 0 0 0 0 0 8 14 38 6 0 0 0 0 10 0 0 0 0 0 0 4 9 0 19 0 54 1 18 0 26 10 10 10 0 0 0 14 6 0 14 8 1 18 0 0 0 0 0 0 0 0 0 0 0 0 0 0 0 11 0 0 13 0 0 0 10 0 0 0 0 0 0 0 0 0 0 32 0 0 0 0 0 0 0 0 0 0 0 2 2 0 0 0 2 0 0 0 0 0 0 0 0 0 0 0 0 0 10 33 0 0 0 1 
 0 27 1 40 14 4 0 0 15 72 2 46 63 66 1 0 52 61 2 66 1 0 0 0 89 18 0 2 0 92 6 0 4 0 0 0 0 62 1 1 175 227 556 175 70 44 163 165 133 111 47 73 220 0 529 51 31 264 170 99 0 0 0 0 0 0 0 0 0 0 0 0 0 0 0 0 0 0 0 0 5 18 0 34 22 43 0 13 2 15 4 0 0 9 14 6 0 5 0 0 15 0 0 0 0 0 0 0 0 1 0 0 0 0 0 0 0 0 0 0 19 3 13 7 0 38 0 36 1 39 0 24 5 23 0 0 7 1 30 0 0 0 0 0 0 0 0 0 0 0 0 0 20 0 0 0 0 0 1 0 13 1 6 5 0 0 0 14 2 17 4 5 20 3 22 0 4 0 0 0 0 0 0 0 0 37 0 0 0 0 14 0 0 0 0 0 0 0 0 0 17 7 13 11 3 0 37 64 0 18 0 15 0 6 11 0 11 11 0 40 0 0 0 0 0 0 0 0 0 0 0 0 0 0 0 0 0 0 0 0 0 0 0 0 0 0 14 0 0 0 0 7 0 2 0 0 0 0 0 3 21 0 0 0 0 5 0 0 0 0 0 0 0 0 0 21 0 0 0 0 0 0 0 0 0 33 0 0 1 0 
 0 0 0 0 0 0 0 0 0 2 0 0 0 4 2 0 0 0 0 0 0 0 0 9 0 0 0 0 1 0 0 2 2 0 0 0 0 2 0 0 173 87 73 78 78 74 270 318 241 323 345 319 70 529 0 450 101 181 320 204 0 0 0 3 3 52 1 0 2 0 4 0 0 5 0 3 0 1 2 5 12 0 0 0 5 0 0 0 0 0 0 0 0 0 0 0 0 0 0 0 0 0 0 0 0 0 0 0 0 0 0 0 0 0 0 0 0 0 0 0 10 9 7 1 47 17 34 31 12 0 11 20 0 2 0 13 2 1 8 19 0 0 0 0 0 0 0 0 0 0 5 0 7 0 4 0 0 0 0 0 0 0 0 0 0 0 0 0 0 0 0 0 0 0 0 0 0 15 0 0 0 0 0 0 9 0 0 0 0 0 1 0 0 0 0 0 0 0 19 0 9 2 12 0 9 0 32 0 19 42 15 7 0 0 0 1 12 8 0 43 0 0 0 0 0 0 0 0 0 0 0 0 0 1 0 0 0 0 0 0 0 0 9 0 0 60 0 0 0 0 0 12 0 1 0 0 0 0 0 14 0 0 2 0 63 6 2 0 2 0 0 0 0 0 0 0 0 0 0 0 0 0 0 0 18 7 0 0 0 0 
 0 0 0 0 0 0 0 0 0 7 0 0 0 0 0 0 0 0 0 0 0 0 0 4 0 4 51 0 0 0 0 0 0 8 2 1 0 0 0 0 35 120 68 220 86 66 108 79 101 234 177 43 110 51 450 0 123 59 103 149 0 0 0 0 50 0 0 0 3 0 0 0 2 4 0 0 3 0 5 0 0 0 0 0 0 9 0 0 0 0 0 0 0 0 0 0 0 0 0 0 0 0 0 0 0 0 0 0 0 0 0 10 0 0 0 16 0 0 0 0 24 2 33 14 1 1 46 17 9 20 12 83 0 14 8 21 15 22 14 0 0 0 0 5 0 0 0 0 0 0 0 0 14 0 0 0 0 0 1 0 0 0 0 0 0 0 0 0 0 0 0 0 0 0 0 0 0 0 0 0 0 0 9 0 18 11 0 0 0 0 0 3 0 0 17 0 0 0 0 9 14 0 9 4 0 9 29 36 6 27 20 4 6 10 4 19 39 23 0 2 0 0 0 0 0 0 0 0 0 0 0 0 1 0 0 0 0 0 0 0 0 0 2 0 0 0 0 0 0 0 0 0 0 2 0 0 0 2 0 2 0 0 0 0 1 0 0 0 0 0 0 0 0 0 0 0 0 0 0 0 0 4 0 0 16 14 0 0 0 10 
 0 0 0 0 0 0 0 0 26 0 0 0 0 0 2 27 0 0 0 0 0 0 0 1 0 0 0 0 0 0 0 1 6 1 3 2 3 0 0 0 45 79 74 201 101 58 120 30 160 68 147 139 235 31 101 123 0 67 104 73 0 0 0 31 0 0 0 0 0 10 0 12 52 0 54 0 0 1 0 17 0 0 0 0 0 0 0 0 0 0 0 0 0 0 0 0 0 0 0 0 0 0 0 1 0 0 0 0 0 0 0 0 0 0 0 0 0 0 24 0 8 0 0 25 10 0 13 24 7 0 7 20 0 21 17 0 38 2 0 0 0 9 0 0 7 0 8 0 0 0 0 0 0 0 11 0 0 0 3 0 0 0 0 0 0 0 0 0 0 0 0 0 0 0 0 0 0 0 0 0 0 0 0 0 0 0 0 0 0 0 0 0 0 0 0 0 0 0 0 0 0 11 0 0 31 31 6 0 38 30 28 32 16 0 4 11 0 47 0 0 0 0 0 0 4 0 36 25 0 10 0 0 17 0 0 0 0 0 16 0 0 0 0 0 0 0 0 0 0 0 0 2 0 0 0 0 0 0 0 1 0 0 0 0 2 3 0 1 0 0 10 0 0 0 0 4 0 0 0 0 0 0 0 0 0 16 0 5 0 0 
 5 3 3 3 2 2 0 4 4 2 2 1 3 6 2 3 2 2 1 3 0 3 2 2 2 1 2 4 1 2 2 5 2 63 2 0 5 1 63 1 42 191 113 333 33 79 71 47 103 53 283 96 101 264 181 59 67 0 114 65 0 0 1 3 0 0 0 2 0 0 50 0 0 0 0 0 0 0 3 0 0 0 0 0 0 0 0 0 0 0 9 0 16 0 0 0 0 0 0 0 0 0 0 0 0 0 0 0 0 0 8 0 0 0 0 0 0 0 0 0 3 9 5 37 0 0 0 3 11 9 28 26 0 25 0 0 0 17 18 0 13 0 0 0 0 0 0 1 0 0 0 0 37 11 0 0 0 0 1 0 0 0 0 0 0 0 10 0 0 6 0 0 0 0 0 0 6 16 10 0 0 0 0 0 0 0 0 0 0 0 0 0 0 0 0 0 0 0 0 0 8 7 45 0 16 0 9 22 13 24 0 6 0 9 0 15 16 10 0 0 0 1 0 0 0 0 0 0 0 3 0 0 20 0 0 0 0 0 0 0 0 1 0 0 0 0 0 0 0 0 0 1 0 0 0 0 0 3 0 13 0 0 3 0 34 6 0 0 3 0 0 0 0 0 0 0 0 0 0 0 0 0 0 0 13 34 0 0 0 0 
 0 0 0 0 0 0 0 2 0 0 0 0 0 0 0 0 0 0 0 2 1 62 1 0 55 20 0 2 1 64 0 3 0 0 0 89 0 129 0 0 108 141 39 101 81 66 349 88 237 301 47 486 284 170 320 103 104 114 0 282 0 22 0 0 4 24 0 0 4 5 0 0 0 0 3 16 0 0 0 0 0 0 0 0 0 0 0 0 0 0 0 0 0 0 0 0 0 0 0 0 0 16 0 0 8 21 0 0 3 32 1 0 0 0 0 0 0 0 0 0 55 0 53 0 19 0 11 28 9 13 0 8 8 10 0 0 0 0 24 18 0 0 0 6 0 2 0 0 6 3 5 1 14 0 0 0 0 5 0 0 0 0 56 0 0 0 0 0 0 0 0 0 0 10 0 0 0 0 0 0 0 0 21 5 11 11 0 0 0 1 13 0 0 0 0 0 0 9 0 0 47 25 6 10 13 0 15 1 18 54 0 11 0 5 23 8 4 23 14 13 0 0 0 0 0 4 0 0 3 0 0 3 0 0 0 0 0 0 0 0 0 0 30 0 0 0 0 0 0 0 0 2 0 1 0 0 0 0 0 0 0 0 0 0 0 1 0 0 0 0 13 0 0 0 0 0 0 0 0 0 0 0 0 0 9 25 0 0 1 0 
 0 0 0 0 0 0 0 0 0 0 0 0 0 3 0 0 0 0 0 2 21 0 62 67 63 28 0 2 62 52 30 29 3 0 0 0 0 0 0 0 41 410 102 419 78 135 146 187 76 125 327 45 179 99 204 149 73 65 282 0 0 6 0 0 0 0 0 0 0 0 0 0 47 6 0 0 58 0 0 7 0 0 0 0 0 0 0 0 0 0 0 0 0 0 0 0 0 0 0 0 0 0 0 0 0 0 0 0 0 0 5 5 0 26 0 0 0 0 0 0 10 0 34 0 0 0 10 5 7 10 40 20 12 29 0 30 10 1 28 19 0 0 5 2 1 0 0 0 2 0 2 5 30 8 0 1 0 0 1 0 0 3 0 0 0 0 0 0 0 3 0 0 0 5 0 0 0 0 0 0 0 0 0 0 0 0 0 0 0 11 18 15 0 0 11 0 0 0 0 0 11 0 11 1 0 9 8 34 27 20 6 19 9 15 47 20 20 15 0 0 0 0 12 0 0 0 0 0 0 0 0 0 1 0 0 0 2 0 0 0 0 0 0 0 0 0 0 0 69 0 0 0 0 1 0 0 0 0 0 0 0 0 0 0 0 4 2 0 0 0 7 0 0 0 0 0 0 0 0 0 0 0 0 0 4 19 0 0 0 0 
 0 0 0 53 0 0 0 0 0 0 0 0 0 0 1 0 0 0 0 0 0 0 0 0 0 0 0 2 0 0 0 0 0 0 0 0 2 0 0 0 0 0 0 0 0 1 0 0 0 0 0 6 0 0 0 0 0 0 0 0 0 133 117 291 467 40 202 110 287 322 36 232 425 115 36 130 41 41 56 184 0 0 0 0 0 0 0 0 0 0 0 0 0 0 0 0 0 0 0 0 0 0 0 0 0 0 0 0 0 0 0 14 0 0 0 0 0 0 0 0 0 0 0 0 26 11 0 0 0 0 0 0 0 0 0 0 0 0 0 0 42 19 21 8 11 0 22 1 27 0 11 0 19 3 14 9 21 17 20 0 0 0 5 0 0 0 4 0 0 0 0 0 0 0 0 0 0 0 0 0 0 0 3 0 0 0 8 0 29 0 39 0 0 0 0 0 0 0 0 0 0 5 0 0 33 0 0 0 0 0 0 0 0 0 0 0 0 36 0 0 9 18 0 4 5 0 15 15 0 16 7 12 0 19 23 16 12 11 7 27 0 0 0 0 0 0 0 0 0 0 0 0 0 0 3 0 0 0 0 0 0 0 0 2 0 0 0 0 0 0 0 0 0 16 2 0 0 0 0 0 0 0 0 0 0 0 0 0 0 0 
