 0 216 69 289 45 222 412 498 248 40 35 39 351 317 274 138 29 251 134 139 0 0 2 3 0 0 2 0 0 0 2 2 3 0 1 0 0 0 0 0 0 0 0 2 0 2 0 4 0 0 0 0 0 0 0 0 3 0 3 2 3 0 0 0 0 0 0 0 0 0 0 3 0 0 3 0 1 4 0 0 0 24 12 38 0 0 17 10 2 20 14 23 10 15 16 3 15 25 26 28 0 0 0 0 0 0 0 0 3 0 0 0 1 0 0 0 0 0 0 0 0 0 0 0 0 0 0 0 0 0 0 0 0 0 0 0 0 11 16 0 0 0 0 8 0 0 0 10 0 0 0 0 0 0 0 5 0 0 0 0 25 2 8 0 0 0 29 8 24 0 2 0 15 59 9 0 0 2 0 15 0 2 12 0 0 0 0 0 0 0 0 0 0 0 0 0 0 0 0 0 0 0 0 0 0 0 0 0 0 0 0 0 0 0 0 0 0 0 2 0 0 0 0 32 0 0 0 0 0 2 0 0 0 0 0 0 0 0 0 0 0 0 0 0 0 1 0 2 0 0 2 4 11 0 0 0 0 0 0 0 2 0 0 0 0 0 2 0 0 0 0 0 0 49 0 0 0 0 0 0 0 0 0 0 0 0 0 0 0 0 
 216 0 297 185 34 70 80 263 147 131 57 52 353 143 82 63 302 96 40 353 0 0 2 3 0 0 2 0 0 0 2 2 26 0 2 1 0 1 67 1 0 0 0 2 0 2 1 0 0 0 0 0 0 0 0 0 3 0 3 2 3 0 0 0 0 0 0 0 0 0 0 3 0 0 3 0 0 0 0 0 0 0 1 19 0 0 0 26 0 41 26 0 14 20 10 27 0 27 7 0 0 0 0 0 0 22 9 0 0 0 10 0 0 2 0 5 0 0 30 0 0 0 0 0 0 0 0 0 0 0 0 0 0 0 0 0 0 0 0 0 0 0 0 0 2 0 0 0 1 0 0 0 0 0 0 0 7 8 0 0 1 15 35 0 0 19 7 27 46 15 55 17 39 12 15 5 0 0 0 8 2 0 0 0 0 0 0 8 0 0 0 0 0 3 2 0 0 0 0 0 4 2 0 0 0 1 0 0 0 0 0 0 0 0 0 0 0 0 0 0 0 0 0 0 0 0 0 0 0 0 0 0 0 0 0 0 0 0 0 0 0 1 0 0 0 0 178 1 0 2 8 7 0 0 0 0 0 0 0 0 0 0 17 0 0 0 0 0 0 0 0 0 0 0 0 0 11 0 0 0 0 0 0 0 0 0 0 0 0 0 
 69 297 0 215 55 289 58 237 172 271 52 120 197 142 177 157 115 58 46 34 1 0 2 3 40 0 2 0 0 1 2 40 118 0 0 0 0 0 96 9 0 0 0 2 0 0 10 0 0 0 0 0 0 0 0 0 3 0 3 0 3 4 2 0 0 0 0 0 0 0 0 3 0 7 2 0 0 0 0 0 3 0 11 14 0 0 7 22 0 21 18 0 0 0 12 28 13 30 14 0 0 0 1 17 0 0 0 0 0 0 11 15 0 0 0 0 0 0 18 0 0 0 0 0 2 0 0 0 0 0 0 0 0 0 0 0 0 0 0 0 0 0 5 0 0 6 0 11 0 0 0 0 2 0 0 0 8 7 2 0 0 0 10 18 13 16 8 1 0 0 35 48 0 0 6 24 17 0 8 0 3 0 0 0 0 2 0 0 0 0 0 0 0 0 0 0 0 0 23 0 2 0 0 0 0 7 17 17 0 0 0 0 1 0 0 8 0 0 0 0 0 0 0 0 1 0 12 0 0 0 0 0 0 9 1 0 0 0 0 0 0 0 0 0 0 2 88 0 1 0 2 11 0 0 0 0 0 0 0 0 0 0 0 0 0 0 0 0 0 0 0 0 0 0 0 0 23 15 0 0 0 0 0 0 0 0 0 0 0 0 
 289 185 215 0 79 129 93 283 200 174 34 137 90 257 321 114 166 101 53 66 89 0 2 2 0 1 2 209 0 0 2 2 3 2 0 0 0 0 159 0 0 0 0 2 0 0 1 7 0 0 0 0 0 0 0 0 3 0 3 0 3 4 0 0 0 0 0 0 0 0 0 3 4 5 2 0 0 3 2 0 24 10 11 33 0 0 0 35 0 47 1 21 2 0 17 39 33 2 14 10 1 0 0 0 0 0 0 0 0 0 0 0 0 0 0 0 0 2 18 0 0 0 2 0 6 0 0 0 0 0 0 0 15 0 15 0 0 0 0 0 0 0 5 0 0 0 0 0 4 0 0 22 0 0 0 0 1 0 0 0 22 19 16 25 15 25 0 32 22 10 43 2 0 0 6 37 34 46 1 0 0 22 0 0 0 0 10 16 0 0 0 0 0 0 0 0 0 0 23 0 0 0 0 0 8 0 0 0 0 0 0 0 0 0 0 0 0 0 0 0 0 0 0 0 0 0 0 0 0 0 0 0 0 0 0 0 0 0 0 0 0 0 0 0 0 0 11 2 1 0 0 17 0 0 0 0 34 0 2 0 0 0 3 0 0 0 0 0 0 0 0 0 0 0 0 20 12 5 0 0 0 0 0 0 0 0 0 0 0 0 
 45 34 55 79 0 79 47 309 374 87 248 157 381 154 164 194 29 261 64 71 146 68 3 2 0 0 61 73 31 2 3 5 77 0 2 1 95 0 1 63 0 0 32 2 0 0 7 0 20 0 0 0 0 0 3 0 3 0 3 0 3 0 56 0 0 0 0 0 0 0 0 3 0 2 2 0 0 0 0 2 4 6 13 8 92 46 0 0 33 0 13 2 0 10 19 23 0 10 0 2 31 55 1 0 0 1 27 0 0 1 0 0 20 0 17 4 0 0 2 82 0 0 0 0 0 0 0 0 0 0 0 0 0 0 15 0 0 0 0 0 0 0 0 0 0 0 0 0 0 0 0 0 0 7 0 0 0 0 0 0 0 16 12 22 14 15 0 3 0 0 15 0 0 0 0 4 13 21 0 0 30 1 0 14 0 0 7 25 13 0 0 0 34 0 0 1 11 2 3 11 0 0 0 0 0 0 0 0 0 0 1 0 0 0 0 0 0 0 1 0 0 2 0 0 0 0 0 0 0 1 0 0 0 0 0 0 0 0 0 0 0 0 0 0 0 0 2 0 96 97 2 2 0 0 0 0 0 0 1 0 0 0 0 0 0 0 1 0 0 0 0 0 0 1 0 0 0 0 0 0 0 0 0 0 0 0 0 0 0 0 
 222 70 289 129 79 0 33 204 53 138 321 117 261 48 139 132 99 55 60 52 89 76 2 3 0 0 85 76 74 74 2 2 36 114 2 0 1 1 136 21 0 0 0 2 0 0 1 0 0 0 0 0 0 0 0 0 3 0 3 1 3 20 0 0 0 0 0 0 0 0 41 3 0 14 2 0 0 0 0 0 0 0 0 15 0 0 0 0 0 42 0 16 0 0 0 22 4 1 0 0 10 0 0 0 0 0 8 16 10 14 10 14 40 1 29 10 0 0 77 19 0 0 0 0 0 0 0 0 0 0 0 0 0 0 1 0 0 0 0 0 0 0 0 0 0 0 0 0 0 0 0 0 0 0 11 0 0 7 0 0 0 0 11 10 26 16 0 0 40 6 44 17 0 0 0 16 0 0 0 0 12 18 13 10 0 0 1 34 14 0 0 1 9 18 18 32 1 14 9 11 0 0 0 1 0 7 0 0 0 0 0 0 0 0 0 0 0 0 0 0 0 18 0 0 0 0 0 0 0 8 0 0 0 0 0 0 2 0 0 0 0 0 0 0 0 0 200 4 2 0 1 4 0 0 0 0 0 3 0 0 9 0 34 0 0 0 0 0 0 0 0 0 0 14 0 0 0 0 0 0 0 0 0 0 0 0 0 0 0 0 
 412 80 58 93 47 33 0 113 204 49 253 32 196 66 473 42 195 249 237 158 2 0 5 39 3 2 2 0 2 2 6 7 5 0 1 4 2 2 2 1 3 2 2 4 0 1 2 0 6 2 0 2 3 0 0 0 3 0 4 0 3 0 37 0 0 2 3 0 0 0 45 8 2 2 4 0 2 2 0 1 2 0 1 0 0 0 68 0 0 0 0 10 10 1 0 36 12 0 8 8 0 0 0 0 0 0 0 0 0 0 0 0 0 0 0 2 0 0 0 0 0 0 0 0 0 0 0 0 0 0 0 0 0 0 0 0 0 0 0 0 0 0 0 0 0 0 0 12 0 0 0 0 0 0 0 13 1 0 0 0 0 0 0 0 0 0 32 1 0 0 0 0 9 23 0 0 0 0 14 11 0 0 14 0 0 0 0 0 0 0 1 0 0 0 0 0 0 0 0 0 0 0 0 0 0 0 0 0 0 1 0 0 0 0 7 0 0 0 0 0 0 0 0 0 0 0 1 0 0 0 0 0 0 0 0 0 0 0 0 13 0 0 0 0 0 0 1 2 0 2 0 7 0 0 0 0 0 0 1 0 74 0 0 0 0 0 0 0 0 0 0 0 0 0 0 0 0 0 0 0 0 0 0 0 0 0 0 0 0 0 
 498 263 237 283 309 204 113 0 174 133 47 209 418 264 166 222 261 29 58 259 0 0 2 3 0 1 2 0 0 0 4 4 5 0 0 0 0 0 81 0 0 0 4 62 0 0 70 0 0 0 0 0 0 0 0 0 3 0 3 1 3 6 0 0 0 0 0 0 0 0 0 3 0 0 2 1 0 3 0 0 20 10 16 26 3 14 0 25 18 1 21 22 16 1 49 13 0 28 34 5 1 0 17 0 0 0 0 0 0 0 70 0 0 0 15 0 0 0 16 0 0 0 0 11 0 0 3 0 0 0 0 0 0 0 26 0 0 1 0 0 0 0 0 0 0 6 0 0 3 0 1 0 0 0 0 0 5 0 0 0 14 20 1 31 16 31 0 17 20 10 47 20 0 9 4 23 0 26 0 0 0 0 0 0 0 0 10 11 0 0 0 0 1 0 0 0 0 0 18 0 0 0 0 0 0 0 0 0 0 0 0 0 0 0 0 0 0 0 0 0 0 0 0 0 0 0 0 0 0 0 0 0 0 0 0 0 0 0 0 0 0 0 0 0 0 2 5 0 91 0 1 3 0 0 0 0 0 0 0 0 0 9 1 0 0 0 0 0 0 0 0 0 0 0 0 24 12 17 0 0 0 0 0 0 0 0 0 0 0 0 
 248 147 172 200 374 53 204 174 0 170 83 290 163 87 371 137 47 597 60 66 1 4 2 3 0 0 2 0 0 0 3 2 81 0 0 0 0 10 74 79 0 0 0 5 0 0 1 0 0 2 0 0 0 0 0 0 3 8 7 56 3 6 3 1 4 2 0 3 1 4 5 9 1 10 4 0 2 4 0 1 1 0 12 22 2 0 31 12 1 26 0 0 12 11 7 29 29 0 23 0 0 0 0 2 0 0 9 0 0 0 7 1 28 0 11 0 0 0 0 13 0 0 0 0 0 15 0 1 0 0 0 0 0 0 0 0 0 0 0 0 0 0 0 0 9 10 0 0 5 0 0 0 0 0 0 0 1 0 0 0 0 8 0 12 18 6 15 28 5 0 15 2 15 0 7 17 8 15 34 0 0 13 0 0 0 0 0 0 0 0 0 0 0 0 0 0 0 2 12 1 0 0 0 0 0 0 0 0 0 0 0 0 0 0 0 0 0 0 0 0 0 0 0 0 0 0 0 0 0 0 0 0 0 0 0 1 0 0 0 0 0 0 0 0 2 0 97 0 2 1 17 5 0 1 0 0 0 0 0 0 0 0 0 0 0 2 0 0 0 0 0 0 0 3 0 2 0 11 0 0 0 0 0 0 0 0 0 0 0 0 
 40 131 271 174 87 138 49 133 170 0 94 294 79 90 179 87 122 237 93 189 1 0 2 3 0 0 2 0 2 0 2 2 271 0 3 2 0 0 17 75 0 0 0 2 0 0 2 0 0 42 2 0 0 0 0 0 3 0 3 2 34 0 0 0 2 0 1 0 2 0 0 3 0 0 48 0 0 2 0 24 0 0 10 48 11 8 9 25 14 22 12 28 0 0 15 22 35 12 0 0 0 0 10 0 0 19 1 0 0 0 8 0 16 22 0 0 0 0 1 0 2 0 0 0 0 0 2 0 0 0 2 1 0 0 0 0 0 0 0 0 0 0 5 0 0 0 0 11 0 0 0 0 0 1 7 0 0 1 0 0 0 14 15 11 31 29 8 12 0 1 13 64 2 0 38 26 36 29 18 0 0 0 0 0 0 0 17 0 0 0 0 0 0 0 0 0 0 1 24 2 0 0 0 0 2 0 0 0 0 0 0 0 22 0 0 3 2 0 0 1 0 0 0 0 0 0 0 0 0 0 0 1 0 0 0 0 0 0 0 0 0 0 0 0 0 1 6 0 0 0 3 16 6 0 0 0 0 0 0 0 0 0 0 0 0 0 0 0 0 0 0 0 0 0 0 11 15 10 0 0 0 0 0 0 0 0 0 0 0 0 
 35 57 52 34 248 321 253 47 83 94 0 198 48 39 69 322 178 350 38 40 83 1 3 7 1 0 73 0 0 0 6 2 154 0 0 0 2 6 5 175 0 0 0 5 0 0 1 0 2 0 0 0 0 0 0 0 3 0 3 5 3 0 0 1 10 0 0 0 0 1 43 3 0 4 6 0 0 5 0 0 0 0 0 44 27 13 0 0 0 0 0 0 0 0 0 1 0 1 0 0 10 0 0 0 0 0 15 26 0 0 0 0 0 0 14 8 0 0 32 19 0 0 0 0 0 0 0 10 0 1 0 0 0 0 0 0 0 0 0 0 0 0 6 0 0 0 0 11 0 0 0 0 1 0 0 0 0 8 1 0 0 0 0 0 9 0 0 1 0 9 19 18 1 0 0 0 24 0 0 0 36 3 0 11 1 1 9 10 0 0 0 0 18 8 0 26 0 48 0 20 0 0 0 0 0 13 0 1 0 0 12 0 4 0 0 0 0 0 0 0 0 0 0 0 2 0 0 0 0 0 0 0 0 0 2 0 0 0 0 0 0 0 0 0 0 3 0 0 0 50 0 8 0 0 2 0 0 0 0 0 0 0 0 0 0 0 0 0 0 0 0 0 0 0 0 0 0 0 0 0 0 0 0 0 0 0 0 0 0 0 
 39 52 120 137 157 117 32 209 290 294 198 0 43 121 206 40 566 129 38 39 1 1 4 5 2 1 3 2 1 208 2 5 29 0 1 2 0 3 110 26 0 0 79 2 0 0 1 0 0 0 0 0 0 0 0 3 3 0 3 1 3 3 0 0 0 0 0 0 0 0 0 53 0 2 2 0 0 0 0 0 38 10 2 38 88 0 9 23 22 26 11 8 0 0 43 3 26 28 0 1 0 0 0 0 0 0 11 0 0 0 0 0 0 0 2 0 0 0 0 0 0 0 0 0 0 0 0 0 0 0 0 0 0 0 11 0 0 0 0 0 0 0 5 0 0 0 0 0 4 0 0 0 0 0 0 0 0 0 0 0 20 29 18 12 14 16 0 32 0 10 13 13 5 0 9 14 53 49 1 0 0 2 0 0 0 0 7 0 0 0 0 0 10 0 0 0 0 0 0 0 0 0 0 0 0 0 0 0 0 0 0 0 0 0 0 0 0 0 2 0 0 0 0 0 0 0 0 0 0 2 12 0 0 0 0 0 0 0 0 0 0 0 0 0 0 5 6 0 8 0 4 4 0 0 0 1 0 0 0 0 31 0 0 0 0 0 2 0 0 0 0 0 0 2 0 20 13 5 0 0 0 0 0 0 0 0 0 0 0 0 
 351 353 197 90 381 261 196 418 163 79 48 43 0 304 141 138 34 40 279 210 0 4 2 3 4 5 2 0 0 3 3 5 8 2 4 3 8 5 0 0 3 0 3 11 2 2 2 0 3 11 0 0 0 0 0 1 6 2 8 1 3 7 0 0 2 0 0 4 0 0 0 6 0 8 4 0 0 0 5 0 58 0 73 22 13 10 21 35 71 18 39 0 0 10 19 0 10 23 8 7 0 0 0 1 0 0 0 0 0 0 0 2 1 0 0 0 0 0 0 0 0 0 0 0 0 0 0 0 2 0 0 0 0 0 0 0 0 0 0 0 0 0 0 0 0 0 0 6 0 0 0 0 0 0 0 4 3 0 0 0 13 1 17 16 0 35 27 20 29 11 4 0 14 32 16 0 0 11 14 31 0 0 0 0 0 0 0 0 0 0 0 10 0 0 0 0 0 2 0 0 0 0 0 0 0 0 0 0 0 0 0 0 0 0 0 0 0 0 0 0 0 0 0 0 11 13 0 0 0 0 0 0 0 0 0 0 0 0 0 0 0 0 0 0 0 3 0 0 5 0 1 21 7 1 0 0 0 0 0 4 0 2 0 0 0 0 0 0 0 0 0 2 0 0 0 0 0 0 0 0 0 0 0 0 0 0 0 0 0 0 
 317 143 142 257 154 48 66 264 87 90 39 121 304 0 101 38 120 191 90 179 2 0 5 3 0 3 4 1 3 0 3 2 3 0 1 0 0 0 0 2 0 0 2 2 0 0 3 0 2 0 0 3 0 3 0 0 3 0 3 2 3 1 2 0 0 0 0 0 0 0 0 6 1 0 2 0 3 0 3 0 7 14 55 3 10 16 13 15 21 0 35 34 12 10 23 0 22 1 15 46 0 0 0 1 3 0 0 18 0 0 0 0 0 0 0 0 0 0 0 3 0 0 0 0 0 0 0 2 0 0 0 0 1 0 12 0 0 24 0 0 0 0 0 0 0 0 0 18 0 0 0 0 0 0 0 5 10 0 0 0 0 0 0 19 12 37 13 38 25 73 8 1 9 21 0 0 7 19 6 31 0 0 0 0 0 0 9 0 0 0 0 0 0 0 0 0 0 1 0 2 0 0 0 0 0 0 0 0 0 0 0 0 0 0 0 0 0 0 0 0 0 0 0 0 0 0 0 0 0 0 13 0 2 0 0 2 0 0 0 0 0 0 0 0 0 0 90 1 0 2 11 11 0 2 1 0 32 0 0 0 0 0 0 0 0 0 0 0 0 0 0 0 0 0 0 0 0 0 0 0 0 0 0 0 0 0 0 0 0 0 
 274 82 177 321 164 139 473 166 371 179 69 206 141 101 0 373 156 235 54 215 0 0 2 2 2 0 2 0 0 1 2 3 3 0 0 0 0 3 0 0 0 3 0 2 0 0 0 0 1 0 0 0 0 0 0 0 3 1 3 61 3 8 0 0 0 0 0 1 0 0 0 3 0 0 2 0 0 1 0 0 26 21 0 7 0 0 0 26 11 26 0 13 0 11 23 28 12 0 0 0 0 0 0 0 0 2 0 0 0 0 0 0 0 2 0 6 0 0 0 7 0 0 0 0 0 0 0 0 0 0 0 0 0 0 0 0 0 0 0 0 0 0 14 0 2 0 0 0 11 0 0 0 0 0 0 0 0 2 0 0 11 25 20 20 13 0 0 19 0 0 28 19 11 0 15 45 10 17 9 0 12 0 0 0 0 0 0 0 0 0 0 0 1 0 2 0 1 0 16 0 0 2 0 0 0 0 0 0 0 0 0 0 0 0 0 0 0 0 0 0 0 0 0 0 0 0 0 0 0 0 0 0 0 0 0 0 0 0 0 0 0 0 0 0 0 4 5 0 91 4 0 5 0 0 0 0 0 0 0 0 0 0 0 2 0 0 0 0 0 0 0 0 0 0 0 63 17 12 0 0 0 0 0 0 0 0 0 0 0 0 
 138 63 157 114 194 132 42 222 137 87 322 40 138 38 373 0 304 257 30 259 0 205 2 4 0 0 2 0 0 0 2 2 3 0 0 0 0 2 0 0 0 4 0 2 0 3 0 0 2 52 0 0 0 0 0 0 3 0 3 0 3 0 0 0 0 0 0 1 0 0 0 3 0 0 2 0 0 37 0 0 40 17 29 18 11 6 1 0 51 28 72 32 6 37 39 29 15 19 9 25 0 0 2 0 0 0 0 0 0 0 22 0 14 0 0 0 11 0 0 0 0 0 0 0 1 0 0 0 0 0 0 0 0 0 0 0 0 0 0 0 0 0 8 0 0 0 0 0 0 0 0 0 1 0 0 0 0 0 1 0 28 10 21 40 15 18 0 1 14 0 23 12 29 1 69 0 0 22 10 1 0 0 0 7 0 1 0 0 0 1 0 0 0 0 0 0 0 0 13 0 1 0 0 0 0 0 2 0 0 0 0 0 0 24 0 0 0 0 0 0 0 0 0 0 0 0 0 0 0 0 0 0 0 0 2 0 0 0 0 0 0 0 0 0 0 1 1 0 3 17 0 2 0 0 0 0 0 0 0 0 0 0 0 0 0 0 0 0 0 0 0 0 0 0 0 10 2 0 0 0 0 0 0 0 0 0 0 0 0 0 
 29 302 115 166 29 99 195 261 47 122 178 566 34 120 156 304 0 149 123 47 4 207 2 2 2 0 2 1 0 0 2 4 243 0 0 0 0 4 99 3 0 0 0 2 0 0 1 0 0 0 0 0 0 0 0 0 3 1 3 0 6 4 3 0 0 0 0 0 0 0 0 3 0 7 2 0 0 2 0 0 0 11 0 0 13 0 11 17 0 36 8 11 7 10 12 25 11 17 24 0 0 0 0 0 0 0 0 0 0 0 10 0 0 0 0 1 0 0 17 0 0 0 0 0 0 0 0 0 0 0 0 0 0 0 14 0 0 0 0 0 0 0 0 0 0 0 0 0 0 0 0 0 0 0 0 0 8 6 0 0 0 0 12 16 22 31 0 24 0 11 53 18 0 0 0 8 10 10 10 0 1 0 1 0 0 0 8 1 17 0 2 0 0 1 0 0 0 0 9 0 0 0 0 0 0 6 0 0 0 2 0 0 0 0 0 0 0 0 0 0 0 0 20 0 1 0 2 0 0 0 0 0 0 0 0 0 0 0 0 0 0 0 0 0 0 0 172 0 1 0 10 8 0 0 0 0 0 0 0 0 0 0 0 0 0 0 0 0 0 0 0 0 0 0 0 0 9 0 0 0 0 0 0 0 0 0 0 0 0 0 
 251 96 58 101 261 55 249 29 597 237 350 129 40 191 235 257 149 0 125 141 0 0 2 2 2 0 2 0 0 0 2 2 84 0 2 0 0 75 73 35 0 0 0 2 0 0 1 0 2 0 0 0 0 0 0 28 3 0 3 0 3 0 0 0 0 4 0 0 0 0 5 3 3 0 3 0 0 0 0 0 9 12 10 12 11 2 12 0 0 11 1 0 27 11 0 10 0 1 0 16 2 0 0 0 0 0 6 0 0 0 10 0 0 0 0 1 0 0 14 0 0 0 0 0 0 0 0 0 0 1 0 0 0 0 0 0 0 0 0 0 0 0 0 0 0 0 0 0 0 0 0 7 0 0 0 0 0 5 1 0 0 5 13 0 0 16 0 18 34 11 22 17 4 0 0 0 1 1 7 0 11 0 0 0 1 1 0 0 0 0 0 0 0 0 0 0 0 0 0 0 0 0 0 0 0 1 0 0 0 0 0 0 1 0 0 0 0 0 0 0 0 0 0 0 2 0 0 0 0 0 0 0 0 0 2 0 0 0 0 0 0 0 0 0 0 0 89 0 5 0 17 9 0 0 0 0 0 0 0 0 0 0 0 0 0 0 0 0 0 0 0 0 0 0 0 0 0 0 0 0 0 0 0 0 0 0 0 0 0 0 
 134 40 46 53 64 60 237 58 60 93 38 38 279 90 54 30 123 125 0 158 0 2 2 4 13 0 2 9 0 0 2 2 3 0 1 2 0 0 0 0 0 0 3 2 0 0 0 0 0 0 0 3 0 0 0 0 3 0 3 2 3 0 52 0 0 0 0 0 0 0 0 3 0 0 3 0 0 0 0 0 12 8 1 0 0 0 33 0 1 0 0 12 12 30 0 0 12 0 54 39 0 0 2 0 0 0 0 0 0 0 0 0 0 0 0 0 0 0 0 0 0 0 0 15 1 0 0 0 0 0 0 0 0 0 0 0 0 0 0 0 0 0 0 0 0 0 0 6 0 0 0 2 1 0 0 5 0 0 1 0 0 0 0 0 0 0 24 0 0 0 0 0 35 33 0 0 0 0 6 22 0 0 15 0 0 0 0 0 0 0 0 0 0 0 0 0 0 0 0 0 1 8 0 0 0 0 2 0 0 0 0 0 1 0 0 0 0 0 0 0 0 0 0 0 2 0 0 0 0 0 0 1 0 0 2 0 0 0 0 0 0 0 0 0 20 0 2 2 0 0 0 4 0 0 0 0 0 0 0 0 0 0 0 0 0 0 0 0 0 0 0 0 0 0 0 0 0 0 0 0 0 0 0 0 0 0 0 0 0 0 
 139 353 34 66 71 52 158 259 66 189 40 39 210 179 215 259 47 141 158 0 0 0 4 2 0 0 2 0 0 0 2 2 3 0 0 0 2 0 0 0 0 0 0 2 0 0 0 0 0 0 0 0 0 0 0 0 3 1 3 2 3 0 30 0 0 0 0 0 0 0 0 3 0 0 2 74 0 0 0 0 6 10 23 16 2 27 10 0 65 11 27 18 19 41 50 17 25 0 15 16 0 0 0 0 0 0 0 0 0 0 0 0 8 0 0 0 0 0 0 0 0 0 0 0 0 0 0 0 0 0 0 0 0 0 0 0 0 0 0 0 0 0 0 0 0 0 0 4 0 0 0 0 0 0 0 5 0 0 0 0 31 0 0 20 1 44 14 15 39 4 0 14 29 32 1 0 0 31 1 19 0 0 0 0 0 0 0 0 0 0 0 0 0 0 0 0 0 0 0 0 0 0 0 0 0 13 0 0 0 0 0 0 0 0 0 0 0 0 0 0 0 0 0 0 0 0 0 0 0 0 0 0 0 0 0 0 0 0 0 0 0 0 0 0 0 0 0 1 4 95 13 7 6 0 0 0 0 0 0 0 0 0 0 0 0 0 0 0 0 0 0 0 0 0 0 20 0 0 0 0 0 0 0 0 0 0 0 0 0 0 
 0 0 1 89 146 89 2 0 1 1 83 1 0 2 0 0 4 0 0 0 0 242 372 125 268 30 252 162 206 105 58 43 255 305 65 116 26 123 158 84 0 0 3 0 4 0 4 1 0 3 2 3 0 4 0 0 0 0 0 0 3 0 2 0 2 2 0 3 0 0 51 0 0 0 0 0 0 2 0 2 0 0 0 0 21 0 0 0 0 0 0 14 0 0 0 0 0 0 1 0 39 14 14 18 0 1 31 24 18 25 11 14 51 15 36 17 18 0 36 22 0 0 0 0 0 0 0 0 0 0 0 0 0 0 0 0 0 0 1 2 0 0 0 0 2 0 0 0 0 0 0 0 10 11 0 0 0 0 0 0 0 0 1 0 11 0 0 0 4 8 0 0 0 0 0 1 0 0 0 0 12 68 13 20 10 1 12 32 26 42 0 1 20 9 18 30 1 14 0 18 0 0 0 0 0 0 0 0 0 0 0 0 0 0 0 2 0 0 0 0 0 0 0 0 0 0 0 0 0 0 0 0 0 0 0 0 0 0 0 0 0 0 1 0 0 0 0 0 0 79 0 0 0 0 6 0 0 0 74 0 12 0 0 0 0 0 0 0 0 0 0 0 0 0 0 0 0 0 0 0 0 13 0 0 0 0 0 0 0 0 
 0 0 0 0 68 76 0 0 4 0 1 1 4 0 0 205 207 0 2 0 242 0 210 194 129 31 76 155 53 160 236 124 115 153 374 118 182 44 80 162 1 0 34 0 3 0 3 0 13 3 2 3 0 2 1 0 0 0 1 0 3 0 2 0 2 2 0 3 0 3 0 2 0 0 0 0 5 3 0 4 0 0 0 0 0 14 2 0 0 0 0 0 0 0 0 0 0 1 0 0 13 11 0 0 34 17 15 3 15 2 19 15 8 10 9 35 0 0 37 29 0 0 3 1 0 0 17 5 0 0 0 0 0 0 0 2 0 0 18 0 0 0 0 0 0 0 1 0 0 0 0 0 0 2 0 0 2 0 0 4 0 0 0 0 0 0 0 0 0 1 0 0 3 1 0 0 0 0 0 0 25 12 14 11 0 0 32 9 20 15 20 27 31 0 19 80 2 21 0 13 0 10 9 0 0 0 0 0 0 0 0 0 0 14 0 0 0 0 0 22 0 0 0 0 0 0 0 0 0 14 0 0 0 0 0 0 0 0 0 0 0 0 0 0 0 0 0 0 0 1 0 0 0 0 16 0 4 0 0 0 0 18 0 0 0 0 0 0 0 0 0 0 0 20 0 0 0 0 0 0 0 14 0 0 0 1 0 0 0 0 
 2 2 2 2 3 2 5 2 2 2 3 4 2 5 2 2 2 2 2 4 372 210 0 153 54 122 158 105 168 169 205 434 44 54 136 92 39 214 38 42 64 0 3 0 2 0 60 0 0 3 2 3 55 2 0 0 0 0 31 0 2 0 2 2 0 2 0 3 0 0 0 0 52 0 0 0 0 4 0 2 2 0 0 0 0 0 0 0 0 0 0 0 0 0 0 0 0 0 0 0 8 7 0 0 0 0 0 0 0 0 10 14 0 10 1 12 19 31 0 0 0 0 15 0 0 0 21 0 0 0 0 0 12 13 0 0 9 0 13 16 0 0 0 5 0 0 0 0 0 0 0 0 0 0 0 0 0 0 0 2 1 0 2 0 0 0 0 0 0 0 0 0 0 0 0 0 0 0 0 0 8 0 0 0 32 33 0 11 11 20 48 1 1 8 7 0 18 0 0 0 1 9 22 2 0 1 0 0 0 0 2 0 0 0 1 2 0 0 7 7 0 2 0 0 0 0 0 0 0 0 0 0 0 0 0 0 0 0 0 0 0 0 0 0 0 0 0 0 0 0 0 0 0 0 5 2 0 7 96 2 0 19 0 0 0 0 25 0 0 0 0 0 0 0 0 0 0 0 0 0 0 0 0 0 0 0 0 0 0 0 
 3 3 3 2 2 3 39 3 3 3 7 5 3 3 2 4 2 2 4 2 125 194 153 0 165 115 101 57 61 85 236 363 65 154 162 185 150 147 74 67 62 3 6 3 1 0 3 0 26 3 2 6 89 2 0 1 64 0 25 3 2 0 51 0 22 2 2 3 25 2 0 0 0 0 0 0 0 3 0 4 0 0 0 0 0 0 0 0 2 0 0 0 0 0 0 0 0 0 0 0 0 19 12 2 13 10 0 2 13 0 31 13 0 32 17 20 12 9 0 0 0 0 15 0 1 0 30 10 0 9 0 0 5 19 10 9 0 0 0 26 0 0 0 6 0 2 0 2 13 0 0 0 2 0 0 0 19 0 0 0 0 0 11 0 0 0 0 0 0 0 0 0 0 12 2 0 0 0 0 2 0 27 11 0 32 10 0 0 0 26 36 39 0 0 0 0 0 0 0 0 19 0 8 0 0 0 12 0 0 15 0 10 0 0 0 0 1 0 21 36 0 0 0 0 0 0 0 0 0 1 0 0 0 0 0 0 0 0 0 0 0 0 0 0 0 0 0 0 0 0 0 0 0 0 23 0 0 128 76 0 5 2 0 0 0 0 0 0 0 0 0 0 0 0 0 0 0 0 0 0 0 1 0 0 0 1 0 0 0 0 
 0 0 40 0 0 0 3 0 0 0 1 2 4 0 2 0 2 2 13 0 268 129 54 165 0 430 60 386 71 124 267 92 67 120 136 418 198 497 49 57 0 0 3 0 1 0 3 0 0 3 2 3 0 63 1 0 0 0 0 1 2 0 2 0 2 2 0 4 0 0 0 0 0 2 0 0 0 3 0 3 0 0 0 0 0 0 0 0 0 0 0 0 0 0 0 0 0 0 1 0 1 6 7 0 37 22 7 0 29 1 21 22 0 2 0 7 18 9 0 0 14 9 9 0 0 0 31 11 0 9 12 0 14 0 30 13 0 0 32 0 0 0 0 0 1 0 0 0 0 0 0 0 0 0 0 0 0 0 0 22 0 0 0 0 21 0 0 0 0 0 0 0 16 0 0 0 0 0 0 0 1 26 12 1 13 0 0 1 0 13 11 14 0 14 18 17 13 13 0 0 0 19 11 0 12 0 10 0 0 13 10 0 12 32 0 0 12 15 14 43 0 0 0 0 0 0 0 0 0 0 0 0 0 12 0 0 0 0 0 2 0 0 0 0 0 0 0 0 0 0 0 0 0 0 5 2 2 50 0 1 6 1 0 0 0 0 0 0 0 0 0 0 0 0 0 0 0 0 0 0 0 20 0 0 12 2 0 0 0 0 
 0 0 0 1 0 0 2 1 0 0 0 1 5 3 0 0 0 0 0 0 30 31 122 115 430 0 22 102 254 126 188 291 20 280 109 101 174 50 36 36 63 0 3 0 216 1 68 0 0 3 2 6 0 22 72 0 4 4 56 1 2 0 2 15 0 2 0 3 0 0 1 0 0 0 0 0 0 6 0 3 0 0 20 0 0 0 0 0 0 0 0 0 0 0 0 0 0 0 0 0 0 0 0 11 24 0 1 0 12 0 20 26 0 0 10 0 19 23 0 0 0 15 9 13 0 0 0 31 0 0 1 0 2 0 22 0 17 1 14 9 0 0 0 0 0 0 0 0 0 0 0 0 0 0 0 0 0 0 0 0 0 0 0 0 0 0 0 0 0 0 0 0 0 0 0 0 0 0 0 0 0 0 59 10 18 3 0 0 0 0 11 11 0 0 9 12 14 30 0 0 2 9 0 12 0 0 13 1 8 0 0 0 32 16 25 22 1 0 14 19 0 0 0 0 0 0 0 0 0 0 0 0 0 0 0 0 0 0 0 0 0 0 12 0 0 1 0 0 0 0 0 1 0 0 0 0 1 1 5 1 1 0 0 0 0 0 14 0 0 0 0 0 0 0 0 0 0 0 0 0 0 13 0 0 1 0 0 0 0 0 
 2 2 2 2 61 85 2 2 2 2 73 3 2 4 2 2 2 2 2 2 252 76 158 101 60 22 0 217 170 375 40 59 70 164 84 25 34 43 42 154 2 0 3 0 4 0 4 0 1 3 2 3 0 4 6 0 0 0 0 0 5 2 8 0 1 5 0 3 0 2 0 0 0 1 0 3 0 4 0 4 0 0 0 0 8 19 0 0 1 1 0 0 0 0 0 0 0 0 0 0 27 21 21 0 4 1 0 17 13 10 0 10 18 7 48 8 22 17 13 11 0 0 0 0 2 0 0 0 0 0 0 0 0 0 0 0 0 0 0 0 0 0 14 0 0 11 5 0 0 0 0 0 0 0 0 0 0 7 0 0 0 0 10 10 0 0 0 0 4 17 52 0 0 0 1 0 10 0 0 7 44 40 0 36 0 0 0 37 0 0 0 0 36 42 11 10 10 0 10 12 0 0 0 0 0 17 0 0 0 0 10 0 0 0 0 0 0 6 0 0 0 0 0 0 0 0 2 10 0 0 0 0 0 0 0 0 0 0 0 0 0 6 0 0 0 0 0 0 0 64 0 0 0 0 6 0 1 78 0 0 6 0 0 0 0 0 0 0 0 0 0 0 0 0 2 0 0 0 0 0 7 0 0 0 0 0 0 0 0 0 
 0 0 0 209 73 76 0 0 0 0 0 2 0 1 0 0 1 0 9 0 162 155 105 57 386 102 217 0 234 61 45 113 101 270 181 27 36 130 56 63 63 0 4 0 1 0 4 0 0 3 4 3 0 2 5 0 0 0 0 0 2 0 2 35 0 3 0 3 0 0 51 0 0 0 0 0 0 5 1 3 0 0 0 0 0 7 0 0 0 0 0 31 0 1 0 0 0 0 2 0 26 29 11 0 0 0 0 14 16 11 58 52 0 1 17 11 14 20 12 0 0 0 0 0 0 0 0 0 0 0 0 33 0 0 10 0 0 0 0 0 0 0 17 0 0 0 0 0 0 0 0 0 0 5 0 0 0 0 0 0 0 0 11 9 9 0 0 0 0 2 0 0 0 0 0 23 0 19 0 0 29 11 8 23 0 0 10 3 44 0 11 0 60 30 21 10 9 0 9 19 0 0 0 0 0 0 0 0 0 0 11 0 0 0 0 0 0 0 0 0 0 0 0 0 0 0 0 0 0 0 0 0 0 0 0 0 0 0 0 0 0 8 0 0 0 1 0 0 0 0 0 0 0 0 4 0 0 130 1 1 0 0 0 15 0 0 0 2 0 0 0 0 0 0 0 0 0 0 0 0 0 0 0 0 0 0 0 0 0 0 
 0 0 0 0 31 74 2 0 0 2 0 1 0 3 0 0 0 0 0 0 206 53 168 61 71 254 170 234 0 132 45 37 177 174 119 207 30 80 291 142 0 0 5 0 2 0 5 0 1 3 2 3 0 2 0 65 0 0 0 0 3 0 2 0 1 2 0 3 0 0 0 0 0 0 0 0 0 3 0 2 0 0 0 0 24 0 0 0 2 0 0 14 0 0 0 0 0 0 0 0 11 48 49 11 18 4 0 20 21 30 0 14 17 21 0 0 26 17 0 0 0 0 0 0 0 0 0 0 0 0 0 0 0 0 0 0 0 0 0 0 0 0 0 0 0 0 0 0 0 0 0 0 0 7 0 14 0 0 0 0 0 0 0 0 14 0 0 0 4 1 0 0 0 0 9 0 0 0 0 4 14 23 11 37 0 0 27 43 49 9 0 1 20 31 23 21 21 9 0 49 0 0 0 0 0 0 0 0 0 0 11 0 0 0 0 0 0 0 1 0 0 0 0 0 0 0 0 0 0 0 0 0 0 0 0 0 0 0 0 0 0 0 0 0 0 0 0 0 0 0 0 0 0 0 9 0 0 79 79 0 11 0 0 0 0 0 0 0 0 0 0 0 0 0 0 0 0 0 0 0 0 15 0 0 0 0 43 0 0 0 
 0 0 1 0 2 74 2 0 0 0 0 208 3 0 1 0 0 0 0 0 105 160 169 85 124 126 375 61 132 0 68 334 44 93 223 136 37 118 59 76 0 0 3 0 11 3 273 0 0 3 2 3 0 2 0 0 7 0 62 0 2 0 2 0 0 2 0 3 0 0 0 0 0 0 0 0 0 8 0 2 0 0 0 0 0 0 0 0 0 0 0 0 0 0 0 0 0 0 0 0 51 60 7 9 19 27 0 0 34 13 0 16 13 0 0 1 10 21 0 0 5 0 15 0 0 0 12 11 0 0 0 0 14 0 0 0 18 0 22 0 0 0 0 0 0 0 0 0 0 0 0 0 0 0 0 0 0 3 3 23 0 8 0 0 0 0 0 0 4 1 0 0 0 0 0 0 0 0 0 6 7 8 18 66 64 8 0 13 9 18 0 13 0 32 66 58 39 13 1 6 7 0 0 13 0 0 18 3 18 0 11 0 1 17 12 27 0 0 16 30 0 0 0 0 0 0 0 0 0 0 0 0 0 0 0 0 0 0 0 0 0 0 17 0 0 0 0 0 0 0 0 0 0 0 1 0 0 36 0 2 10 0 0 0 0 0 16 0 0 0 0 0 0 0 0 0 0 0 0 0 0 24 0 0 0 0 0 0 0 0 
 2 2 2 2 3 2 6 4 3 2 6 2 3 3 2 2 2 2 2 2 58 236 205 236 267 188 40 45 45 68 0 289 245 129 185 127 174 58 30 277 62 0 3 0 1 2 3 0 2 3 2 3 24 2 0 0 9 0 21 0 3 4 5 2 47 5 0 6 0 0 0 0 3 1 3 0 0 4 0 3 0 0 0 0 0 0 0 0 0 0 0 0 0 0 1 0 0 0 0 0 0 15 41 7 19 20 0 0 1 0 13 22 0 9 1 27 15 10 0 0 0 0 16 0 0 0 64 0 0 0 0 0 5 20 10 0 0 0 27 8 0 0 0 4 0 0 0 0 0 0 0 0 2 0 0 0 0 0 0 3 0 0 4 0 0 0 0 0 0 14 0 0 0 0 0 0 0 0 0 0 0 32 7 39 52 15 0 0 0 13 39 12 0 0 0 1 0 0 0 0 1 8 9 0 0 0 0 0 1 0 0 3 0 1 0 0 0 0 24 7 0 0 0 0 0 0 0 0 0 2 0 0 0 0 0 0 0 0 0 0 0 0 0 0 0 0 0 0 0 0 0 0 0 0 8 0 0 77 78 0 0 10 0 0 0 0 0 0 0 0 0 0 0 0 0 0 0 5 0 0 0 1 0 0 0 0 0 0 0 0 
 2 2 40 2 5 2 7 4 2 2 2 5 5 2 3 2 4 2 2 2 43 124 434 363 92 291 59 113 37 334 289 0 241 31 36 304 130 67 27 246 65 0 3 0 211 2 9 0 0 3 2 10 24 2 0 0 66 1 103 0 2 0 2 0 0 2 0 3 31 0 0 0 0 0 0 0 0 8 0 2 0 0 0 0 0 0 0 0 0 0 0 0 0 0 0 0 0 0 0 0 9 18 20 7 11 8 0 0 2 0 3 12 0 10 0 11 8 1 0 0 9 0 20 0 0 0 36 15 0 0 0 0 39 31 0 0 0 0 27 9 0 0 0 12 5 0 0 0 0 0 0 0 0 0 0 0 0 0 0 1 0 6 10 0 0 0 0 0 0 0 0 0 0 0 0 0 0 7 0 0 9 1 7 19 38 10 0 9 0 0 15 1 0 19 4 1 0 1 0 0 7 11 8 0 0 0 10 9 10 10 12 0 6 0 0 13 0 0 57 9 0 0 0 0 0 0 0 0 0 0 0 0 0 11 0 0 0 0 0 2 0 0 0 0 0 0 0 0 0 0 0 0 0 0 19 2 2 77 74 0 3 10 0 0 0 0 0 0 0 0 0 0 0 7 0 0 0 0 0 0 0 0 0 0 0 0 0 0 0 0 
 3 26 118 3 77 36 5 5 81 271 154 29 8 3 3 3 243 84 3 3 255 115 44 65 67 20 70 101 177 44 245 241 0 59 36 104 71 44 451 244 2 0 68 0 4 0 4 0 3 3 2 3 0 2 0 0 52 0 0 0 3 2 2 0 2 5 0 3 0 0 0 0 0 0 0 3 0 5 0 4 0 0 0 11 11 11 0 0 0 19 0 0 0 0 0 10 4 1 0 0 0 16 0 10 3 0 23 15 0 17 9 0 12 9 0 0 0 15 21 15 0 0 0 10 0 0 0 0 0 0 0 0 0 0 0 0 0 0 0 0 0 0 14 0 0 0 0 16 0 0 0 0 0 0 0 0 0 7 0 0 0 0 12 0 0 17 0 0 0 0 26 26 5 0 0 19 21 0 0 0 2 1 10 0 0 0 40 0 19 0 0 0 0 5 21 24 30 34 0 55 0 0 9 0 0 8 0 0 0 0 0 0 12 0 0 0 0 0 0 0 0 0 0 0 0 0 0 0 0 0 0 0 0 0 0 0 0 0 0 0 0 0 0 0 0 0 74 0 0 0 0 0 0 0 11 0 3 0 0 0 2 0 0 0 0 0 0 0 0 0 0 0 0 0 0 0 1 0 0 0 0 0 0 0 0 0 44 0 0 0 
 0 0 0 2 0 114 0 0 0 0 0 0 2 0 0 0 0 0 0 0 305 153 54 154 120 280 164 270 174 93 129 31 59 0 180 28 116 285 121 104 0 0 4 0 1 0 4 0 0 3 2 3 0 2 3 64 0 0 0 0 2 0 2 0 4 3 0 3 3 0 47 0 0 0 47 0 0 3 0 9 0 0 0 0 18 0 0 0 1 0 0 0 0 0 0 6 0 0 0 0 31 8 24 11 0 16 8 9 29 84 69 13 47 16 37 5 22 1 32 33 0 0 0 0 0 1 0 0 0 0 0 0 0 20 15 0 0 0 0 0 0 0 0 0 0 0 0 0 0 0 0 0 0 4 0 11 0 0 0 0 0 0 11 11 12 0 0 0 4 13 0 0 9 0 0 11 0 0 0 0 12 13 10 19 9 20 0 14 26 10 1 7 69 18 17 19 1 15 11 10 0 0 0 0 0 0 0 0 0 0 0 0 0 0 0 0 0 0 0 0 0 0 0 0 0 0 0 0 0 0 0 0 0 0 0 0 0 0 0 0 0 7 0 0 0 0 0 0 0 0 0 0 0 0 3 0 1 49 0 2 2 2 12 0 0 0 0 0 0 0 0 0 0 0 0 0 0 0 0 0 0 0 0 0 0 0 0 0 0 0 
 1 2 0 0 2 2 1 0 0 3 0 1 4 1 0 0 0 2 1 0 65 374 136 162 136 109 84 181 119 223 185 36 36 180 0 168 41 95 56 110 0 0 3 0 1 0 3 0 0 3 2 3 0 2 8 0 0 0 0 0 2 0 2 0 0 3 0 3 0 0 0 0 0 0 0 0 0 8 0 3 0 2 0 0 0 0 0 0 0 0 0 0 0 0 0 0 0 0 0 0 20 19 3 6 14 1 0 9 9 3 0 14 19 0 18 0 1 23 0 18 14 0 0 0 0 0 24 0 0 1 0 0 0 19 0 0 0 0 12 15 0 0 0 2 0 0 0 0 0 0 2 1 0 0 0 0 0 0 0 2 0 2 11 9 0 0 0 0 0 0 0 0 0 0 0 0 0 0 0 0 12 0 6 0 32 1 0 13 5 5 13 2 16 37 22 17 18 30 9 0 0 2 0 0 0 2 0 0 0 0 0 0 0 8 0 0 0 0 23 10 0 0 0 0 1 2 0 0 12 0 1 0 0 0 0 0 0 0 0 0 0 3 0 0 0 0 0 0 0 0 0 0 0 0 10 0 3 85 1 0 1 0 0 0 0 0 0 0 0 0 0 0 0 0 0 0 0 0 0 0 0 8 0 0 0 0 0 0 0 0 
 0 1 0 0 1 0 4 0 0 2 0 2 3 0 0 0 0 0 2 0 116 118 92 185 418 101 25 27 207 136 127 304 104 28 168 0 245 205 27 270 0 65 7 0 2 0 7 0 0 3 2 3 30 6 0 0 0 0 28 0 2 0 2 0 3 6 2 3 0 0 5 2 3 0 1 0 1 6 0 2 0 0 0 0 0 0 0 0 0 0 0 0 0 0 0 13 0 0 0 0 0 8 28 12 56 12 0 25 61 22 13 31 0 28 14 1 21 4 19 0 0 0 1 0 0 0 26 0 0 0 0 0 9 12 8 0 0 0 0 0 0 0 0 0 0 0 0 0 0 0 0 0 0 0 1 0 0 0 0 1 0 9 1 0 0 0 5 0 0 0 0 1 0 0 0 0 0 0 0 0 0 39 17 19 40 11 0 0 34 35 0 17 0 14 37 56 17 12 0 2 0 0 0 0 0 0 0 0 0 0 0 2 0 17 0 0 0 1 17 0 0 0 0 2 0 0 0 0 0 0 0 0 0 0 0 0 0 0 0 0 0 0 15 0 0 2 0 0 0 0 0 0 0 0 6 2 0 1 79 0 0 0 0 0 0 0 0 0 0 0 2 0 0 0 0 0 0 0 0 0 0 26 0 0 0 0 9 0 0 0 
 0 0 0 0 95 1 2 0 0 0 2 0 8 0 0 0 0 0 0 2 26 182 39 150 198 174 34 36 30 37 174 130 71 116 41 245 0 75 44 113 0 0 66 0 1 0 4 0 4 3 2 3 67 3 0 0 0 0 33 0 11 0 2 0 7 3 0 3 0 0 0 0 0 0 0 0 0 6 0 3 0 0 0 0 0 8 0 9 0 2 0 0 0 0 0 0 0 0 0 0 0 18 56 9 25 25 0 0 31 27 4 47 8 33 2 2 19 29 0 21 1 0 1 0 0 0 28 0 0 0 0 0 35 16 0 0 0 0 16 1 0 0 0 0 0 0 0 0 0 0 0 0 0 0 0 0 0 0 0 1 0 0 4 1 0 0 0 0 0 0 0 0 0 0 0 0 0 0 0 0 0 35 50 18 35 45 0 0 2 14 6 14 1 12 28 9 34 60 1 11 0 0 0 19 0 0 0 0 0 0 0 0 0 6 0 0 0 0 17 0 0 10 0 0 0 0 0 0 0 0 0 0 0 0 0 0 22 0 5 0 0 0 0 0 0 0 0 0 0 0 0 0 0 0 16 0 1 73 77 0 1 0 0 0 0 0 0 0 0 0 0 0 0 0 0 0 0 0 0 0 0 1 0 0 0 0 14 0 0 0 
 0 1 0 0 0 1 2 0 10 0 6 3 5 0 3 2 4 75 0 0 123 44 214 147 497 50 43 130 80 118 58 67 44 285 95 205 75 0 247 313 0 0 4 0 1 0 4 0 0 3 2 3 2 2 0 62 0 0 0 0 2 0 2 0 0 2 0 3 0 0 1 0 51 51 0 0 2 3 0 3 0 0 0 0 14 0 0 0 0 0 0 0 0 0 0 0 0 0 0 8 19 19 24 31 0 13 13 37 9 23 11 1 31 36 0 0 30 4 0 54 12 0 0 0 0 2 33 0 0 0 0 2 75 24 0 0 0 0 0 13 0 2 0 0 0 0 0 0 1 0 0 0 0 1 0 0 0 2 0 0 0 0 4 0 1 0 0 0 0 0 1 0 0 0 0 0 0 0 0 0 9 0 10 1 33 27 9 26 56 45 25 0 0 22 11 9 0 19 0 14 0 0 0 0 0 0 0 0 0 0 0 0 0 0 0 0 0 0 0 0 0 0 0 0 0 0 0 0 0 0 0 0 1 0 0 0 0 0 0 0 0 0 0 0 0 0 0 0 0 0 0 0 0 0 11 0 0 94 72 3 3 2 0 0 0 0 0 0 0 0 0 0 0 0 0 0 0 0 0 0 0 12 0 0 0 0 15 0 0 0 
 0 67 96 159 1 136 2 81 74 17 5 110 0 0 0 0 99 73 0 0 158 80 38 74 49 36 42 56 291 59 30 27 451 121 56 27 44 247 0 161 0 0 3 0 2 0 5 0 0 3 2 3 0 68 0 0 0 0 3 0 3 8 2 0 2 2 0 3 0 0 52 0 0 9 0 0 1 2 0 2 0 0 0 32 14 0 0 0 0 20 11 0 0 0 0 8 0 0 0 0 10 0 12 10 0 12 21 0 0 13 0 0 62 20 19 0 35 0 30 38 0 0 0 0 0 0 0 0 0 0 0 0 0 0 0 0 0 0 0 0 0 0 0 0 0 0 0 0 0 0 0 0 0 1 0 0 0 0 0 0 0 0 0 14 18 0 0 0 21 0 17 0 5 0 0 15 16 0 0 0 0 0 0 1 0 13 11 66 11 8 0 0 20 2 0 19 1 15 0 0 0 0 0 0 0 0 0 0 0 0 0 0 0 0 0 0 0 0 0 0 0 0 0 0 0 0 0 0 0 0 0 0 0 0 0 0 0 0 0 0 0 1 0 0 0 0 76 0 0 0 0 0 0 0 11 0 2 0 0 0 2 0 17 0 0 0 0 0 0 0 0 0 0 0 0 0 0 0 0 0 0 0 0 0 0 0 0 0 0 0 
 0 1 9 0 63 21 1 0 79 75 175 26 0 2 0 0 3 35 0 0 84 162 42 67 57 36 154 63 142 76 277 246 244 104 110 270 113 313 161 0 1 0 34 0 2 0 4 0 7 3 2 5 0 2 2 0 1 1 64 0 2 0 2 0 0 2 0 3 0 0 46 0 0 0 0 0 0 4 0 3 0 0 0 10 9 20 6 0 0 0 0 0 0 0 0 10 0 11 0 0 2 10 1 1 0 0 96 40 1 3 0 0 27 0 18 0 0 0 37 32 0 0 0 0 0 0 0 0 0 0 0 0 0 0 0 0 0 0 0 0 0 0 5 0 0 0 0 0 0 0 0 0 0 0 0 0 0 4 0 0 0 0 0 0 10 0 0 0 0 10 13 0 5 0 0 1 0 0 0 0 13 13 1 0 0 0 4 0 20 0 0 0 23 21 16 33 2 33 0 13 0 0 0 0 0 20 0 0 0 0 11 0 1 0 0 0 0 13 0 0 0 0 0 0 0 0 0 0 0 0 0 0 0 0 0 0 0 0 0 0 0 2 0 0 0 0 0 0 0 0 0 0 0 0 12 2 0 3 0 0 0 3 0 0 0 0 0 0 0 0 0 0 0 0 2 0 0 0 0 0 0 0 0 0 0 0 0 0 0 0 
 0 0 0 0 0 0 3 0 0 0 0 0 3 0 0 0 0 0 0 0 0 1 64 62 0 63 2 63 0 0 62 65 2 0 0 0 0 0 0 1 0 445 303 266 81 49 70 521 355 62 246 244 276 568 98 35 52 98 162 136 16 2 0 0 0 0 0 0 0 4 1 1 0 2 2 0 0 4 6 0 0 0 0 0 0 0 0 0 0 0 0 0 0 0 0 0 0 0 0 0 0 0 0 0 0 0 0 0 0 0 7 0 0 0 0 8 0 0 0 0 11 21 22 11 13 0 19 25 1 32 0 0 0 1 21 0 21 0 0 10 0 0 0 11 0 0 0 0 0 0 0 7 21 0 0 0 8 0 10 0 0 0 0 0 0 0 0 0 0 0 0 0 0 0 0 13 31 0 0 0 0 0 0 0 0 0 0 0 0 0 8 15 0 0 0 0 0 0 0 0 31 48 38 0 0 0 0 21 10 15 0 0 0 0 22 0 5 25 11 7 0 0 0 0 0 0 0 0 0 0 0 0 0 0 0 0 0 0 0 0 0 0 0 0 0 0 0 0 0 0 0 11 0 0 0 0 0 63 0 39 0 16 1 1 1 0 2 0 0 0 0 0 0 0 0 0 0 0 0 2 0 0 0 0 0 0 0 0 0 0 
 0 0 0 0 0 0 2 0 0 0 0 0 0 0 3 4 0 0 0 0 0 0 0 3 0 0 0 0 0 0 0 0 0 0 0 65 0 0 0 0 445 0 522 282 101 62 45 214 148 185 104 105 358 275 38 39 44 38 84 49 0 0 1 0 0 0 0 0 0 0 6 1 0 0 0 0 0 0 0 53 0 0 0 0 0 0 0 0 0 0 0 0 0 0 0 0 0 0 0 0 0 0 0 0 0 0 0 0 0 0 0 0 0 0 0 0 0 0 2 0 12 9 1 8 29 11 0 10 12 34 0 37 0 0 0 4 22 35 14 46 19 0 0 0 0 0 0 0 31 0 0 0 14 0 0 0 0 0 10 0 0 0 0 0 0 0 0 0 0 0 0 0 0 0 0 0 5 0 0 0 0 0 0 0 10 6 0 0 0 0 7 0 0 0 0 0 0 0 0 0 0 10 0 22 0 0 5 12 0 11 0 7 10 0 0 0 38 6 1 0 0 0 0 0 0 0 0 0 0 0 0 17 0 0 0 0 0 0 15 0 0 0 1 0 0 0 0 0 50 0 0 16 0 1 0 0 0 1 0 8 0 1 0 67 0 0 0 1 0 0 0 0 0 0 0 0 0 0 0 0 0 0 0 0 0 37 0 0 0 0 
 0 0 0 0 32 0 2 4 0 0 0 79 3 2 0 0 0 0 3 0 3 34 3 6 3 3 3 4 5 3 3 3 68 4 3 7 66 4 3 34 303 522 0 156 99 76 145 109 239 124 135 303 342 258 101 421 90 105 261 374 4 0 0 0 0 4 2 3 0 0 8 5 0 0 1 52 0 0 4 2 13 0 0 0 0 20 0 0 0 0 0 0 0 0 0 0 0 0 0 0 0 34 1 0 0 0 0 0 0 0 0 0 9 0 1 0 0 0 0 16 0 0 0 11 21 12 0 0 14 9 18 40 0 0 0 28 4 12 0 37 1 0 17 0 0 0 0 0 29 0 0 0 10 14 15 0 0 0 3 0 0 0 0 0 0 0 0 0 0 0 0 0 0 0 0 0 2 0 0 0 0 0 0 0 0 0 0 0 0 0 0 0 26 0 1 6 0 3 0 1 0 0 0 43 0 0 19 2 0 15 0 17 19 0 0 10 41 0 0 0 7 0 1 0 0 0 10 0 0 0 0 0 20 0 0 0 16 0 0 10 0 0 0 0 0 0 0 0 0 0 0 8 0 0 0 0 0 0 2 4 0 0 0 71 67 2 2 1 0 0 0 0 0 0 0 0 0 0 0 0 0 0 0 0 0 35 0 9 1 0 
 2 2 2 2 2 2 4 62 5 2 5 2 11 2 2 2 2 2 2 2 0 0 0 3 0 0 0 0 0 0 0 0 0 0 0 0 0 0 0 0 266 282 156 0 113 167 144 117 312 226 359 175 283 85 119 141 47 106 101 350 0 0 7 0 0 0 0 0 0 0 0 0 0 1 25 0 0 1 0 1 0 0 0 0 0 0 0 0 0 0 0 0 0 0 0 0 0 0 0 0 0 0 0 0 0 0 0 0 0 0 0 0 0 0 5 0 0 0 0 0 0 0 16 28 5 9 0 0 12 1 9 0 0 0 18 10 0 28 0 0 4 17 0 0 5 0 8 7 1 9 9 0 13 13 77 1 2 0 38 25 0 0 0 0 0 0 0 0 0 0 0 0 0 5 0 0 0 0 0 0 0 0 0 0 0 0 0 0 0 0 0 0 0 0 0 0 0 0 1 0 24 12 19 11 40 13 21 24 23 10 31 55 0 2 22 6 0 19 0 0 6 1 20 0 0 0 40 0 2 14 12 0 10 11 24 23 3 0 25 3 0 0 14 0 0 0 0 0 0 0 0 8 0 0 0 0 0 0 0 8 0 0 61 0 2 21 2 65 2 0 0 0 0 0 0 0 0 0 0 0 0 0 0 0 9 15 0 0 2 0 
 0 0 0 0 0 0 0 0 0 0 0 0 2 0 0 0 0 0 0 0 4 3 2 1 1 216 4 1 2 11 1 211 4 1 1 2 1 1 2 2 81 101 99 113 0 386 312 324 114 142 123 228 66 571 120 274 172 112 90 138 0 0 0 0 0 2 0 20 0 0 3 0 0 0 0 0 0 1 0 0 0 0 0 0 0 0 0 0 0 0 0 0 0 0 0 0 0 0 0 0 0 0 0 10 0 0 0 0 0 0 0 12 0 0 0 0 0 0 0 0 8 0 53 20 6 22 0 0 30 1 16 4 15 8 9 25 30 12 0 0 18 0 10 0 0 0 6 0 10 0 4 0 18 9 22 0 0 0 38 1 0 0 0 0 0 0 0 0 0 0 0 0 0 5 0 0 0 0 0 0 0 0 6 4 0 0 0 0 0 0 0 6 0 0 0 0 0 0 0 0 27 1 80 15 32 0 19 13 72 10 19 56 0 2 34 6 5 9 0 3 21 20 0 0 0 0 0 0 0 1 0 0 0 0 17 0 3 0 0 0 0 0 8 0 0 0 0 0 0 0 0 5 0 0 0 0 0 0 0 1 0 0 3 2 1 22 2 1 0 0 0 0 0 0 0 0 0 0 0 0 0 0 0 0 1 9 0 0 2 0 
 2 2 0 0 0 0 1 0 0 0 0 0 2 0 0 3 0 0 0 0 0 0 0 0 0 1 0 0 0 3 2 2 0 0 0 0 0 0 0 0 49 62 76 167 386 0 42 40 48 181 505 58 241 50 270 75 79 148 257 33 0 0 8 0 0 0 0 1 0 0 2 0 1 0 0 1 0 1 1 0 0 0 0 0 0 0 0 0 0 0 0 0 0 0 0 0 0 0 0 0 0 0 0 5 0 0 0 0 0 0 0 0 0 0 0 0 0 0 0 0 0 0 4 19 11 49 0 0 0 0 0 0 2 0 0 1 14 29 0 2 36 3 0 8 5 0 0 11 0 0 0 0 0 27 19 0 9 0 0 0 0 0 15 0 0 0 0 0 0 0 0 0 0 0 0 0 5 0 0 0 0 0 4 1 0 0 0 0 0 0 2 8 0 0 0 0 0 0 0 0 0 0 23 20 38 9 0 0 19 0 0 34 0 0 0 14 9 4 21 0 30 28 30 0 0 0 24 3 8 0 1 0 24 10 15 14 13 0 12 20 0 0 14 0 0 0 0 0 0 0 0 7 0 2 0 0 0 0 0 2 0 1 62 67 65 1 2 2 0 0 0 0 0 0 0 0 0 0 0 0 0 0 0 0 34 4 0 0 0 0 
 0 1 10 1 7 1 2 70 1 2 1 1 2 3 0 0 1 1 0 0 4 3 60 3 3 68 4 4 5 273 3 9 4 4 3 7 4 4 5 4 70 45 145 144 312 42 0 151 122 20 237 150 142 331 69 126 292 16 279 120 0 0 0 0 0 0 0 0 0 0 1 4 0 0 0 0 0 50 0 0 19 0 0 0 0 0 0 0 7 0 1 0 22 14 0 0 0 0 7 0 0 0 0 0 2 0 0 0 0 0 1 11 0 0 0 0 1 7 0 0 0 1 0 0 11 0 0 0 9 0 18 11 11 36 1 22 7 26 0 0 0 0 0 0 0 1 0 0 1 0 0 0 0 0 0 32 0 0 5 0 20 1 0 8 0 0 0 0 1 0 0 0 0 5 0 0 0 0 4 0 0 0 0 0 0 12 0 0 0 9 14 0 0 0 0 0 7 0 30 0 21 9 10 6 19 0 20 0 8 8 25 6 0 20 4 12 10 0 0 1 0 0 0 0 0 0 0 0 0 0 0 0 15 0 0 0 0 0 0 0 0 0 0 0 0 0 2 0 0 0 0 2 0 0 0 0 0 0 0 0 0 0 2 0 1 21 12 0 0 0 0 0 0 0 0 19 0 0 0 0 0 0 0 0 10 0 0 25 0 5 
 4 0 0 7 0 0 0 0 0 0 0 0 0 0 0 0 0 0 0 0 1 0 0 0 0 0 0 0 0 0 0 0 0 0 0 0 0 0 0 0 521 214 109 117 324 40 151 0 226 56 37 78 375 384 209 161 41 52 85 193 1 2 0 3 2 5 0 0 0 6 2 0 3 5 6 0 3 2 0 4 0 0 0 0 0 0 0 0 0 14 0 0 0 0 0 0 0 0 0 0 0 0 0 21 0 0 0 0 0 0 0 0 0 0 0 0 0 0 0 0 30 2 20 12 0 0 0 2 64 23 19 8 14 57 10 9 0 25 19 1 0 0 0 0 0 0 0 0 0 0 1 0 1 0 5 0 6 0 32 0 0 0 0 0 0 0 0 0 0 0 0 0 0 5 0 0 0 0 0 0 0 0 0 0 14 2 0 0 0 0 0 0 0 0 0 0 0 0 0 0 24 19 22 0 19 2 51 31 23 10 22 37 16 7 23 0 7 1 11 0 0 0 0 0 0 0 0 9 0 0 0 0 0 0 0 0 0 0 6 8 0 0 0 0 0 0 0 0 0 0 0 8 0 2 0 0 0 0 0 0 0 0 0 0 0 18 2 0 0 0 0 0 1 0 0 0 0 1 0 8 0 0 0 0 0 14 0 0 0 0 
 0 0 0 0 20 0 6 0 0 0 2 0 3 2 1 2 0 2 0 0 0 13 0 26 0 0 1 0 1 0 2 0 3 0 0 0 4 0 0 7 355 148 239 312 114 48 122 226 0 104 47 256 369 295 67 414 104 59 307 127 0 0 0 0 0 2 2 0 0 5 5 2 6 0 4 0 0 0 0 15 9 0 0 0 0 1 0 0 0 0 0 0 0 0 0 0 2 0 0 0 0 4 1 0 0 0 0 0 0 2 0 0 5 0 0 0 0 2 0 4 8 27 10 20 17 0 0 0 14 11 3 20 11 10 20 36 8 12 0 0 0 0 0 0 0 0 0 0 0 0 10 0 13 0 16 0 7 0 25 0 0 0 0 0 0 0 0 0 0 0 0 0 0 2 0 0 3 0 0 0 0 0 0 0 0 0 0 0 1 0 0 0 2 0 2 3 1 5 0 1 0 7 23 0 0 0 0 18 18 16 0 46 28 11 27 9 26 24 0 12 0 0 0 0 0 0 0 0 0 0 0 0 12 0 0 0 0 0 0 7 0 0 0 0 0 0 0 0 0 0 0 7 0 2 0 0 0 0 1 8 0 0 1 1 66 0 1 0 0 0 0 0 0 0 0 0 0 0 0 0 0 0 0 0 0 0 0 18 0 0 
 0 0 0 0 0 0 2 0 2 42 0 0 11 0 0 52 0 0 0 0 3 3 3 3 3 3 3 3 3 3 3 3 3 3 3 3 3 3 3 3 62 185 124 226 142 181 20 56 104 0 383 54 60 71 67 176 39 87 91 74 2 0 1 3 3 0 2 0 3 0 6 0 0 0 52 10 2 7 0 64 0 0 0 0 0 0 0 0 0 0 0 0 0 0 0 4 0 0 0 0 0 0 0 0 0 0 0 0 0 0 3 0 0 0 0 0 0 0 0 0 0 12 23 28 27 49 0 0 0 19 7 0 0 0 15 9 8 8 0 0 26 0 0 0 8 3 7 13 10 0 4 5 29 27 30 6 0 0 12 0 0 0 0 0 0 0 0 0 0 0 2 0 0 1 0 0 3 0 0 0 0 0 0 0 0 0 0 0 0 0 0 0 0 0 0 0 0 0 0 0 0 0 17 9 24 0 0 15 42 10 1 30 19 0 12 19 0 27 0 0 11 18 10 0 0 0 10 1 1 0 0 4 0 12 28 0 27 0 13 1 0 0 10 0 0 70 0 0 0 0 0 16 0 0 16 0 22 0 0 17 0 0 66 2 3 0 21 67 0 0 6 0 0 0 0 0 0 0 0 0 0 0 0 0 10 24 0 0 1 0 
 0 0 0 0 0 0 0 0 0 2 0 0 0 0 0 0 0 0 0 0 2 2 2 2 2 2 2 4 2 2 2 2 2 2 2 2 2 2 2 2 246 104 135 359 123 505 237 37 47 383 0 117 44 46 46 96 228 106 266 39 0 0 16 0 0 0 0 0 0 0 2 158 0 158 1 51 0 3 0 0 0 0 0 0 0 0 0 0 0 0 0 0 0 0 0 0 0 0 0 0 11 0 4 0 0 0 0 0 0 0 0 0 0 0 0 1 0 0 0 0 0 0 1 12 18 25 0 0 0 1 7 0 0 0 0 1 7 12 0 0 18 23 0 0 7 0 8 7 0 9 0 0 12 28 32 1 4 0 1 19 0 0 0 13 0 0 0 0 0 0 0 0 0 1 0 0 5 0 0 0 0 0 0 0 0 0 0 0 0 0 0 0 0 0 0 0 6 0 0 0 0 0 6 5 53 13 0 1 13 1 1 0 0 0 0 18 3 45 0 0 13 14 11 0 0 0 17 3 2 15 0 0 10 9 60 16 14 0 0 20 0 0 14 0 0 0 0 0 0 0 0 6 0 0 0 0 0 0 0 13 0 0 91 33 6 1 5 63 0 0 0 0 0 0 0 0 0 0 0 0 0 0 0 0 14 15 0 0 2 1 
 0 0 0 0 0 0 2 0 0 0 0 0 0 3 0 0 0 0 3 0 3 3 3 6 3 6 3 3 3 3 3 10 3 3 3 3 3 3 3 5 244 105 303 175 228 58 150 78 256 54 117 0 242 272 168 173 124 78 247 160 0 0 0 0 2 3 0 0 4 2 5 0 0 0 0 0 4 6 0 24 0 0 0 0 0 0 0 0 0 0 0 11 0 0 0 0 0 0 0 0 0 0 0 0 1 0 0 0 0 0 0 0 0 0 0 0 0 0 0 0 0 4 10 49 21 10 0 0 56 0 16 19 20 14 0 21 14 26 0 8 5 0 0 0 9 7 0 0 13 0 5 4 7 0 0 17 0 0 31 0 0 0 6 0 0 0 0 0 0 0 0 0 0 14 0 0 0 0 0 0 0 0 0 0 0 0 0 0 0 0 0 0 0 0 0 0 0 0 0 0 12 1 12 27 4 0 21 10 30 16 22 8 0 3 32 10 8 0 0 1 0 0 0 6 0 0 0 0 0 0 0 5 9 0 0 0 0 0 3 0 0 0 0 0 0 0 0 0 0 0 0 16 0 0 0 0 0 0 0 11 0 0 1 2 0 16 3 0 0 0 18 0 0 0 0 0 0 0 0 0 0 0 0 0 13 13 0 6 1 0 
 0 0 0 0 0 0 3 0 0 0 0 0 0 0 0 0 0 0 0 0 0 0 55 89 0 0 0 0 0 0 24 24 0 0 0 30 67 2 0 0 276 358 342 283 66 241 142 375 369 60 44 242 0 162 154 47 33 94 194 501 2 0 0 0 0 0 0 0 0 0 0 0 0 0 1 0 0 2 0 0 0 0 15 0 0 0 0 0 0 0 0 0 0 0 0 0 0 0 0 0 0 0 0 13 0 1 0 0 9 0 7 0 0 0 0 34 2 0 0 0 1 0 8 0 0 0 19 13 10 20 0 0 18 23 0 0 0 0 40 28 0 0 0 2 0 0 0 0 0 0 0 0 0 0 0 0 0 0 0 0 0 0 6 0 0 0 0 0 15 0 0 0 0 0 0 0 0 0 0 0 0 0 0 0 30 24 0 0 0 0 11 13 0 0 0 0 0 1 0 0 20 1 1 0 0 0 21 0 0 5 6 0 0 0 16 0 0 7 15 40 0 0 0 0 0 0 0 0 0 0 0 0 0 0 0 0 0 0 0 0 0 0 0 0 0 0 0 0 0 0 0 23 0 0 0 0 0 62 65 0 0 0 0 0 0 0 0 0 0 0 0 0 0 0 0 0 0 0 0 8 0 0 0 0 0 6 0 0 0 0 
 0 0 0 0 0 0 0 0 0 0 0 0 0 3 0 0 0 0 0 0 4 2 2 2 63 22 4 2 2 2 2 2 2 2 2 6 3 2 68 2 568 275 258 85 571 50 331 384 295 71 46 272 162 0 65 34 117 56 149 128 6 0 0 0 0 0 0 0 0 0 0 4 0 0 0 0 1 5 3 2 0 0 0 7 0 8 0 0 8 0 0 0 0 0 0 0 0 0 0 0 0 0 0 0 17 0 0 0 0 0 0 0 6 0 0 0 0 1 9 0 4 1 0 0 0 11 0 32 30 20 0 1 0 20 7 4 23 5 61 3 1 0 0 0 0 0 0 0 0 0 3 0 4 0 1 0 1 0 1 0 0 0 1 0 4 0 0 0 0 0 0 0 0 0 0 0 0 0 0 0 0 0 0 0 10 6 0 0 0 0 0 0 0 0 0 0 0 0 0 0 0 10 0 3 0 7 0 0 14 0 0 0 18 0 17 10 0 6 36 50 0 6 0 0 0 0 0 0 0 0 0 0 0 0 0 0 0 0 0 1 0 0 0 0 0 0 0 0 0 0 0 18 0 1 0 0 0 0 1 0 0 0 1 0 0 0 2 0 0 0 18 0 0 0 0 0 0 0 0 0 0 0 0 0 0 0 0 0 0 0 
 0 0 0 0 3 0 0 0 0 0 0 0 0 0 0 0 0 0 0 0 0 1 0 0 1 72 6 5 0 0 0 0 0 3 8 0 0 0 0 2 98 38 101 119 120 270 69 209 67 67 46 168 154 65 0 80 100 30 208 99 0 0 0 0 0 6 0 0 0 7 1 0 0 0 4 0 0 204 0 2 0 0 0 0 0 0 0 0 0 0 0 0 0 0 0 0 0 0 0 0 5 0 0 0 0 0 0 0 0 0 0 0 0 0 5 0 0 0 0 0 0 18 0 17 0 24 0 0 11 19 10 10 19 17 8 18 0 42 0 19 0 0 0 0 0 0 0 0 0 0 0 0 0 0 0 18 0 0 1 0 0 0 4 22 0 0 0 0 0 0 0 0 0 2 0 0 0 0 0 0 7 0 0 0 0 0 0 0 0 0 0 0 23 4 0 5 0 3 4 0 13 17 11 6 13 0 13 8 1 9 4 8 10 30 12 0 7 0 0 17 0 0 0 0 0 0 0 0 0 0 0 0 0 0 0 0 0 0 0 7 0 9 0 0 0 0 0 0 0 0 0 2 0 1 0 0 0 0 2 0 0 0 0 0 0 8 0 0 0 0 0 0 0 0 0 0 0 0 0 0 0 0 0 0 16 0 0 0 0 0 
 0 0 0 0 0 0 0 0 0 0 0 3 1 0 0 0 0 28 0 0 0 0 0 1 0 0 0 0 65 0 0 0 0 64 0 0 0 62 0 0 35 39 421 141 274 75 126 161 414 176 96 173 47 34 80 0 321 72 99 134 5 3 0 0 0 0 6 0 0 0 26 6 0 0 0 0 0 2 0 2 0 0 0 0 0 0 0 0 17 0 0 0 0 0 0 0 0 0 0 21 0 0 0 0 0 0 0 0 0 0 0 0 0 0 0 0 0 0 0 0 12 36 0 5 33 7 0 0 16 0 18 40 16 5 5 35 14 65 0 1 23 0 0 0 0 0 4 0 22 0 48 0 6 0 9 20 7 8 18 0 0 1 0 0 0 0 0 0 0 0 0 0 0 2 0 0 0 0 0 0 11 0 0 0 0 0 0 0 0 0 0 16 0 0 0 0 0 0 0 0 6 9 1 5 44 1 7 17 1 8 4 52 0 9 16 8 57 0 0 0 0 15 0 0 0 0 0 0 0 0 0 0 8 0 0 0 0 0 36 0 0 0 2 0 0 0 0 0 0 19 0 4 0 0 0 0 0 22 0 2 0 0 0 0 62 13 1 1 1 0 0 0 0 0 0 0 0 0 0 0 0 0 7 0 0 22 0 7 0 0 
 3 3 3 3 3 3 3 3 3 3 3 3 6 3 3 3 3 3 3 3 0 0 0 64 0 4 0 0 0 7 9 66 52 0 0 0 0 0 0 1 52 44 90 47 172 79 292 41 104 39 228 124 33 117 100 321 0 187 62 101 7 0 0 6 0 0 0 1 0 0 1 0 1 0 0 0 0 9 3 0 0 0 0 0 0 0 0 0 0 0 0 0 0 0 0 0 0 1 0 0 0 0 0 11 2 5 0 0 0 0 0 0 0 0 0 0 0 0 0 0 23 1 26 7 0 24 8 0 0 0 0 11 8 31 4 3 22 7 13 35 0 0 0 0 0 0 0 0 0 0 4 0 0 14 10 6 0 0 0 1 0 0 0 0 0 0 0 0 0 0 0 0 0 0 0 0 13 0 0 0 0 0 8 3 6 0 0 0 0 0 3 6 0 0 0 0 0 0 0 0 1 1 0 19 0 0 7 39 59 27 0 18 18 16 32 11 9 46 35 0 25 0 0 0 0 0 11 0 0 0 1 0 40 0 0 0 0 0 2 19 0 0 2 0 0 0 0 0 1 0 0 7 0 1 0 0 0 0 0 2 0 0 0 64 0 4 0 0 0 0 15 0 0 0 0 0 0 0 0 0 0 0 0 0 19 0 0 7 0 0 
 0 0 0 0 0 0 0 0 8 0 0 0 2 0 1 0 1 0 0 1 0 0 0 0 0 4 0 0 0 0 0 1 0 0 0 0 0 0 0 1 98 38 105 106 112 148 16 52 59 87 106 78 94 56 30 72 187 0 42 45 9 0 0 0 0 0 51 0 0 0 5 0 0 0 0 0 0 2 4 2 0 0 0 0 0 0 5 0 0 0 0 0 3 0 0 0 0 0 0 0 0 0 0 0 8 0 0 0 0 0 0 0 0 0 0 0 0 0 0 11 0 0 0 0 12 18 0 0 9 7 0 1 0 20 0 0 0 5 20 3 29 0 0 0 0 0 0 0 0 0 0 0 9 25 5 0 0 0 0 0 0 0 0 0 0 0 0 0 0 0 0 0 0 0 0 0 0 0 0 0 0 0 0 0 0 0 0 0 0 0 0 0 0 0 0 0 0 0 0 0 0 0 9 8 9 34 0 0 26 0 0 10 0 0 9 53 1 20 21 20 30 13 0 0 0 0 3 20 0 0 0 0 37 13 1 0 10 0 9 19 0 0 0 0 0 0 0 0 0 0 0 7 0 2 0 0 0 0 0 0 0 28 0 1 66 0 0 1 1 0 10 0 0 0 0 0 0 0 0 0 0 2 0 0 10 0 0 0 0 0 
 3 3 3 3 3 3 4 3 7 3 3 3 8 3 3 3 3 3 3 3 0 1 31 25 0 56 0 0 0 62 21 103 0 0 0 28 33 0 3 64 162 84 261 101 90 257 279 85 307 91 266 247 194 149 208 99 62 42 0 148 1 0 0 0 0 0 0 0 0 0 3 0 0 0 0 0 0 7 0 4 0 0 0 0 0 0 0 5 0 0 0 0 0 0 0 0 0 0 0 0 0 0 0 0 1 4 0 1 13 0 0 0 0 0 0 0 2 0 0 0 21 24 7 11 0 0 39 37 7 8 0 15 27 33 32 0 17 12 0 31 20 0 0 0 10 0 0 0 0 0 0 0 7 0 0 1 0 4 0 0 1 0 7 0 0 0 0 0 0 0 0 0 0 0 0 0 0 0 0 0 0 0 0 0 22 27 0 9 0 18 0 0 0 0 0 0 9 2 0 0 13 9 0 0 5 12 57 19 21 19 19 0 33 0 7 14 7 0 0 1 0 8 0 0 0 0 0 0 0 0 0 0 0 0 0 0 0 0 0 0 0 0 0 0 0 0 0 0 0 31 0 0 0 2 0 0 1 0 62 1 0 0 0 0 1 0 20 0 1 0 0 0 0 0 0 0 0 0 0 0 0 0 0 0 1 0 0 0 0 0 
 2 2 0 0 0 1 0 1 56 2 5 1 1 2 61 0 0 0 2 2 0 0 0 3 1 1 0 0 0 0 0 0 0 0 0 0 0 0 0 0 136 49 374 350 138 33 120 193 127 74 39 160 501 128 99 134 101 45 148 0 3 0 0 0 0 0 0 5 0 2 1 2 3 0 7 0 0 0 6 2 0 12 0 0 0 0 0 0 5 0 0 0 0 0 0 0 0 0 0 0 0 0 0 0 1 0 0 0 0 0 0 0 0 0 0 0 0 0 0 0 0 0 1 0 17 2 1 2 26 17 13 15 18 13 1 27 0 37 0 18 0 4 0 1 5 0 3 6 7 7 0 0 0 0 11 14 0 0 26 2 0 0 0 0 0 0 0 0 0 0 0 0 0 2 0 0 0 0 0 0 0 0 0 0 0 0 0 0 0 0 0 1 0 0 0 0 0 0 0 0 16 19 13 17 9 0 16 2 6 17 6 12 9 37 21 2 44 0 0 12 6 0 1 0 0 0 0 0 5 4 13 0 6 7 1 0 0 0 0 7 0 0 0 0 0 0 0 0 0 0 0 5 0 0 0 0 0 2 0 0 0 0 0 0 2 6 1 0 3 0 0 0 0 0 0 0 0 0 0 0 0 0 0 1 14 0 0 2 0 0 
 3 3 3 3 3 3 3 3 3 34 3 3 3 3 3 3 6 3 3 3 3 3 2 2 2 2 5 2 3 2 3 2 3 2 2 2 11 2 3 2 16 0 4 0 0 0 0 1 0 2 0 0 2 6 0 5 7 9 1 3 0 427 145 122 46 249 315 467 258 83 74 79 161 65 357 67 254 261 215 388 0 0 0 0 0 0 0 0 0 0 0 0 0 0 0 0 0 0 0 0 2 3 2 2 5 4 3 2 1 3 0 3 3 3 2 2 2 2 2 2 1 0 0 0 23 7 1 0 16 5 12 8 0 8 0 0 0 0 1 4 0 16 0 0 0 0 40 26 15 28 19 0 0 0 1 0 0 3 9 4 0 0 0 0 4 0 0 0 0 0 0 0 0 0 0 0 0 0 0 0 0 0 0 0 1 0 0 0 0 0 0 0 0 0 19 8 0 0 0 0 8 0 0 0 0 13 1 3 0 2 0 0 0 0 3 0 0 8 20 1 20 14 27 0 0 0 1 15 43 14 19 28 0 38 5 24 28 0 2 1 0 0 0 0 0 0 0 0 0 0 0 0 0 0 1 0 0 0 0 0 0 0 0 0 0 0 0 0 0 0 30 2 0 4 4 14 0 0 0 0 0 0 6 0 0 0 0 0 0 0 
