 0 299 101 59 34 32 499 746 278 136 306 120 96 545 418 304 232 52 133 60 0 0 0 1 2 1 2 0 0 0 0 1 0 5 1 0 0 3 0 0 3 3 0 0 3 0 0 0 0 0 3 0 4 0 0 0 17 67 0 1 0 0 0 0 0 0 0 0 3 1 0 2 52 0 0 0 0 0 0 0 14 36 25 27 0 0 33 47 2 22 19 0 17 25 22 21 15 12 48 14 19 0 0 0 0 0 0 7 0 0 0 0 0 0 0 0 0 0 0 10 15 0 0 0 0 0 0 0 0 0 0 0 0 0 0 0 0 0 0 0 0 0 0 0 0 0 0 0 0 0 0 5 0 0 0 0 0 30 53 0 1 43 12 1 19 3 11 3 0 1 0 0 37 49 14 21 47 18 0 26 0 0 0 0 0 0 0 0 0 0 0 0 0 0 0 0 0 0 0 9 0 0 0 0 0 7 0 33 0 0 0 0 0 0 0 0 0 0 0 0 0 0 0 0 0 0 0 0 0 0 0 0 0 0 0 0 0 0 0 0 0 0 0 0 0 4 6 2 0 52 0 16 0 0 0 0 0 0 0 0 0 0 0 0 0 0 0 0 0 0 0 0 0 0 0 28 17 0 0 0 0 0 0 0 0 0 0 0 0 0 
 299 0 336 260 123 99 166 200 168 375 36 57 71 57 186 165 345 191 259 46 1 1 2 5 2 8 3 4 2 2 5 3 3 5 4 4 207 5 81 0 5 3 1 1 4 3 5 0 1 6 8 1 4 3 0 1 7 4 1 24 4 2 2 7 2 8 2 5 9 2 0 3 35 0 13 2 0 7 0 0 0 0 32 10 11 0 0 11 20 22 15 10 0 1 22 0 0 7 0 1 15 0 0 0 0 0 33 0 0 0 0 0 0 69 1 0 0 1 3 1 0 0 0 0 19 0 19 0 0 0 0 1 11 0 0 0 0 0 0 0 0 0 0 2 0 0 0 0 0 0 0 6 0 0 0 0 0 0 0 0 0 21 27 22 45 7 4 5 0 0 31 0 0 13 37 29 25 32 0 0 0 13 0 0 0 0 36 3 0 0 0 0 0 0 0 0 1 0 23 0 0 0 0 0 0 0 0 0 0 0 0 0 0 0 0 40 0 2 0 6 0 0 0 0 0 0 0 0 0 1 0 0 0 0 0 0 0 2 0 0 0 14 0 0 0 2 94 2 3 88 0 4 0 2 0 0 0 2 0 0 0 0 14 0 2 0 0 0 0 0 0 0 0 0 0 0 0 12 0 0 0 0 0 0 0 0 0 0 0 0 
 101 336 0 205 155 130 163 192 172 175 59 312 74 285 150 329 41 210 60 49 0 0 2 2 0 205 2 2 0 0 0 1 1 0 2 0 0 3 43 0 3 0 0 0 90 1 0 0 0 0 3 0 4 0 0 0 0 3 0 9 0 0 0 0 0 0 0 0 5 0 0 43 0 0 0 0 0 1 0 0 11 0 31 32 0 31 20 5 38 24 11 16 0 2 0 21 24 0 0 0 0 0 0 0 0 0 23 0 0 2 0 0 0 11 0 0 0 0 0 2 0 0 0 0 19 0 0 0 0 0 0 0 0 0 0 0 0 1 0 0 1 0 0 2 0 0 1 0 0 0 0 0 0 1 0 0 0 0 0 0 0 22 30 0 23 1 14 0 1 5 17 8 0 17 36 13 28 10 0 0 0 13 0 0 0 0 0 0 0 0 0 0 33 0 0 0 0 0 21 0 0 0 0 0 0 0 0 0 0 0 0 0 0 0 0 0 0 0 0 0 0 0 0 0 0 0 0 0 0 0 0 0 0 1 0 1 0 0 0 0 0 17 0 0 0 0 8 2 1 2 0 8 12 0 0 0 0 0 0 0 0 0 63 0 0 0 0 0 0 0 0 0 0 0 0 36 0 0 0 0 0 0 0 0 0 0 0 0 0 0 
 59 260 205 0 138 185 76 156 168 165 59 130 60 219 139 36 148 184 68 59 0 0 0 1 0 1 81 0 0 0 0 2 34 0 95 117 0 3 35 73 3 0 0 0 3 0 0 0 0 0 3 0 0 0 0 0 0 3 0 8 0 0 0 0 0 0 0 14 2 2 0 2 0 0 0 0 34 0 0 0 0 15 1 42 25 14 0 0 1 0 19 19 0 15 1 10 12 12 14 0 0 0 0 0 0 0 28 29 0 0 0 0 22 0 0 22 0 0 0 14 0 1 0 0 16 0 0 0 0 0 0 0 0 0 0 0 18 0 0 0 2 0 0 0 0 0 0 0 0 0 0 0 0 0 0 0 0 0 0 0 17 0 14 13 11 14 23 21 9 16 40 23 13 0 0 11 14 0 0 14 0 0 0 0 0 2 0 12 0 1 0 0 29 0 0 11 0 0 12 35 0 0 0 0 0 0 0 0 0 0 0 1 2 0 0 0 0 0 0 0 0 8 0 0 0 0 0 0 0 0 0 0 0 0 0 0 13 0 0 0 0 16 0 0 0 2 87 0 4 4 2 12 0 0 0 0 0 0 0 0 0 13 0 0 0 0 0 0 0 0 0 0 0 0 0 17 1 0 0 0 0 0 0 0 0 0 0 0 0 0 
 34 123 155 138 0 77 46 61 101 98 210 54 83 277 73 293 150 261 58 101 210 0 16 1 0 0 153 30 0 0 0 1 75 80 1 1 0 3 74 1 3 0 0 0 3 0 0 0 0 0 3 80 0 0 0 0 0 3 0 6 0 0 0 0 0 0 0 0 3 0 0 2 16 0 0 0 0 5 0 0 0 0 0 28 48 7 0 2 0 10 0 17 0 0 0 0 0 0 0 0 13 21 3 1 0 2 9 36 29 36 36 0 3 20 15 31 16 0 69 26 0 0 0 0 8 0 0 0 0 0 0 0 0 0 0 0 0 0 0 0 0 0 0 0 0 0 0 0 0 0 0 0 0 0 0 0 0 15 0 0 0 0 14 14 20 10 13 0 0 0 36 14 0 0 0 11 15 0 0 0 18 15 21 0 0 0 44 20 10 29 11 9 53 0 0 13 7 55 29 11 0 0 0 0 0 0 0 0 0 0 0 0 0 0 0 0 0 0 0 0 0 0 0 0 0 0 0 0 0 0 0 0 0 0 2 0 14 0 0 1 0 12 0 0 1 2 90 0 0 1 1 14 0 0 0 0 0 0 0 0 0 0 6 0 0 0 12 0 0 0 0 0 0 0 0 0 0 6 0 0 0 0 0 0 0 0 0 0 0 0 
 32 99 130 185 77 0 537 35 629 244 174 279 38 72 489 93 370 65 42 42 2 3 0 2 0 0 2 35 0 74 0 4 167 74 3 1 73 22 98 81 3 0 0 0 3 30 0 0 0 0 5 0 27 0 1 0 0 3 0 3 0 0 0 0 0 0 0 0 3 1 0 53 0 0 0 0 0 0 0 0 0 0 0 0 53 1 2 1 0 0 22 14 0 0 0 0 0 0 0 0 0 0 0 7 0 0 15 0 27 1 23 0 21 0 6 0 1 10 0 0 0 0 0 0 1 0 0 0 0 1 0 0 0 0 0 0 0 0 0 0 0 0 0 0 0 0 2 0 0 0 1 0 0 0 2 0 0 0 0 0 0 0 0 14 1 21 0 8 6 2 15 23 0 0 0 1 0 0 0 0 0 0 0 0 0 0 0 16 0 0 0 0 42 0 13 1 13 14 15 17 0 0 2 0 0 0 0 0 0 0 0 0 0 0 0 0 0 0 0 0 0 2 0 0 0 0 0 0 0 0 0 0 0 2 0 0 0 0 0 0 0 0 0 0 0 0 87 1 8 4 4 20 0 0 0 0 0 0 0 0 0 0 0 0 0 0 0 0 0 0 0 0 0 2 0 0 1 0 0 0 0 0 0 0 0 0 0 0 0 0 
 499 166 163 76 46 537 0 281 277 275 55 381 144 80 70 204 92 40 141 264 1 0 0 2 0 0 2 2 0 0 0 3 2 0 0 0 0 3 0 0 3 0 0 0 3 0 0 0 0 34 3 0 0 0 0 0 7 3 0 0 0 0 0 0 0 0 0 0 2 2 0 2 0 0 0 0 0 1 0 0 14 20 9 0 0 0 0 14 10 12 12 0 2 21 16 13 37 19 0 0 0 0 0 0 0 0 0 0 0 0 0 0 0 0 0 0 0 0 0 0 0 1 0 0 0 0 0 0 10 0 0 0 0 0 0 0 0 0 0 0 0 0 0 1 10 1 0 0 0 0 0 4 0 0 0 0 1 0 0 0 0 17 0 2 21 0 14 5 9 11 0 0 12 20 0 17 40 15 20 0 0 0 0 0 0 0 0 0 0 0 2 0 1 0 0 0 1 0 0 2 0 0 0 0 2 2 0 0 0 0 0 0 0 0 0 0 0 0 0 0 0 0 0 0 0 2 0 0 0 0 0 0 0 0 0 0 0 0 0 0 0 0 0 0 0 0 88 2 2 0 0 11 0 0 0 0 0 0 0 0 0 0 0 0 0 0 0 0 0 0 0 0 0 0 0 11 0 0 0 0 0 0 0 0 0 0 0 0 0 0 
 746 200 192 156 61 35 281 0 689 248 239 71 344 78 153 162 206 132 52 256 0 0 0 2 0 0 2 0 0 1 0 2 0 0 4 0 0 3 0 2 3 0 0 0 3 0 0 0 0 0 3 2 8 0 0 0 3 3 0 0 0 0 0 0 0 0 0 0 2 2 0 2 32 0 0 0 0 0 0 0 1 12 27 0 8 0 30 44 17 12 16 0 0 0 25 11 1 31 16 1 28 0 0 0 0 1 23 0 0 0 0 0 0 14 0 0 0 0 7 43 0 0 1 0 0 0 2 0 0 0 0 0 0 0 0 0 0 0 0 0 0 0 0 0 0 0 0 0 0 0 0 2 0 0 0 0 1 0 2 0 0 15 15 25 14 1 0 0 4 0 8 0 9 11 0 23 0 30 13 12 0 0 0 0 0 0 11 13 0 0 2 0 0 0 0 0 0 0 0 0 0 0 0 0 0 0 0 0 0 0 0 0 0 0 0 0 0 0 0 0 0 0 0 0 0 0 0 0 0 0 0 0 0 0 1 0 0 0 0 0 0 0 0 0 2 2 87 0 0 0 0 2 0 0 0 0 0 0 0 0 0 0 7 0 0 0 0 0 0 0 0 0 0 0 0 0 0 12 0 0 0 2 0 0 0 0 0 0 0 0 
 278 168 172 168 101 629 277 689 0 299 241 216 139 311 77 226 67 50 121 281 0 0 0 1 0 0 2 0 0 0 6 1 0 0 1 0 2 4 0 3 3 0 0 0 3 0 0 0 0 0 14 0 0 0 0 0 0 3 59 25 0 0 0 0 1 0 0 9 1 3 0 2 0 0 0 0 0 0 0 0 1 15 9 21 11 2 0 12 16 10 9 1 2 31 0 23 9 15 29 24 26 0 0 0 0 0 18 3 1 0 0 0 27 0 2 0 0 1 0 0 0 0 0 0 0 0 0 0 0 0 0 2 0 0 0 0 0 0 0 49 3 0 0 21 0 0 0 0 0 0 0 0 0 15 0 0 1 0 0 0 14 5 25 22 0 0 4 10 13 30 0 14 33 1 25 0 1 40 0 33 0 0 0 0 0 0 0 0 0 0 0 0 7 0 11 0 0 0 0 0 0 0 0 0 0 0 0 0 0 0 0 0 0 0 0 0 0 0 0 0 0 0 0 0 0 0 0 0 0 0 0 0 0 1 0 0 0 0 0 0 0 0 0 0 0 0 88 0 0 3 1 5 0 0 0 0 0 0 0 0 0 0 0 0 0 0 0 0 0 0 0 0 0 0 0 23 0 0 0 0 0 0 0 0 0 0 0 0 0 0 
 136 375 175 165 98 244 275 248 299 0 215 126 52 368 185 196 146 298 266 102 0 3 0 1 0 0 3 3 0 2 2 3 75 0 2 3 0 3 76 60 3 0 5 1 3 0 0 0 0 0 6 0 4 0 0 0 0 3 0 3 0 0 0 0 2 2 0 0 4 2 0 2 37 0 0 0 0 1 0 1 1 14 29 28 20 12 14 25 10 11 10 1 0 15 19 0 26 16 30 0 14 0 0 0 0 0 8 0 2 0 0 0 3 62 0 0 0 0 0 9 0 0 0 0 0 0 0 0 0 1 0 0 0 0 0 0 0 2 0 0 0 0 0 0 0 0 1 0 2 0 2 4 0 0 1 0 0 0 0 0 26 0 43 15 32 22 26 1 11 0 60 5 0 54 10 28 38 22 0 7 0 0 0 0 2 0 33 28 0 0 0 0 0 0 0 0 0 0 12 10 0 0 0 0 0 0 15 0 0 1 0 0 0 0 0 0 0 0 0 0 0 0 0 0 0 0 0 0 0 0 0 0 0 1 0 0 0 0 0 0 0 0 0 0 0 0 91 0 88 51 3 4 0 0 0 2 0 0 0 0 0 0 9 0 0 0 0 0 0 0 0 0 0 0 0 51 16 7 0 0 0 0 0 0 0 0 0 0 0 0 
 306 36 59 59 210 174 55 239 241 215 0 220 35 251 45 184 269 104 37 69 1 0 0 1 0 0 77 0 2 4 1 1 78 74 2 0 0 3 1 76 3 0 0 5 13 0 0 0 0 0 11 0 0 0 0 0 0 5 0 1 0 0 0 0 0 0 0 0 3 0 0 2 0 0 0 0 0 1 0 0 13 0 0 19 26 31 17 12 0 11 33 8 10 12 0 0 22 0 9 18 0 0 2 0 0 0 37 82 23 0 22 0 35 0 1 31 0 0 31 10 0 0 0 0 0 0 0 1 0 0 0 0 0 0 0 0 0 0 0 0 0 0 0 0 0 0 0 0 0 0 0 0 0 0 0 2 0 0 0 0 0 0 0 9 0 19 0 0 0 13 10 37 0 0 1 0 0 0 0 0 7 0 0 0 0 0 0 24 0 0 0 0 41 19 7 11 10 15 0 13 0 0 0 0 0 0 0 0 0 0 2 0 0 0 0 0 0 0 0 0 0 0 0 0 0 0 0 0 0 0 0 1 0 0 0 0 15 0 0 0 0 0 0 0 0 7 1 1 48 0 10 6 0 0 0 0 0 0 0 0 0 32 0 0 0 0 0 0 0 0 0 0 0 0 0 0 23 0 0 0 0 0 0 0 0 0 0 0 0 0 
 120 57 312 130 54 279 381 71 216 126 220 0 74 133 359 132 261 77 104 126 0 1 0 1 0 0 2 86 0 0 0 2 25 22 2 0 0 78 2 0 3 0 0 27 3 0 0 0 0 0 6 0 0 2 0 0 0 3 0 0 0 0 0 0 0 0 0 0 1 3 0 2 0 0 0 0 0 3 0 0 13 0 24 20 1 27 0 0 9 0 14 18 0 0 10 16 19 0 0 22 1 0 3 0 0 0 30 0 10 0 0 0 35 0 0 12 0 0 0 1 0 0 0 0 0 0 0 0 2 0 0 0 0 0 0 0 0 0 0 0 0 2 11 0 0 3 0 9 0 0 0 20 0 2 0 0 0 0 0 0 0 12 11 9 14 19 13 0 0 0 3 11 0 0 16 1 12 1 0 8 1 0 1 0 0 14 0 0 0 0 0 2 23 13 12 0 0 7 1 0 0 0 0 0 0 0 0 0 0 0 0 0 0 0 0 0 0 1 0 0 0 0 0 0 0 0 0 0 0 0 0 1 1 0 0 0 0 0 0 0 0 0 0 0 0 2 96 2 4 2 0 6 18 0 0 0 0 0 0 0 0 0 0 0 0 0 0 1 0 0 0 0 0 0 10 11 0 0 0 0 0 0 0 0 0 0 0 0 0 0 
 96 71 74 60 83 38 144 344 139 52 35 74 0 139 41 242 171 27 204 251 0 0 0 2 0 0 2 0 0 0 0 0 0 0 3 1 0 3 0 0 5 66 0 0 3 0 0 0 0 0 3 0 0 0 0 0 0 3 0 0 0 0 0 0 0 0 0 0 2 2 0 2 0 0 0 0 0 51 0 26 17 12 0 0 2 0 0 24 35 17 0 0 0 25 37 3 0 0 7 0 13 1 0 0 0 0 0 0 0 0 0 0 0 0 12 0 0 0 0 0 0 0 0 0 0 0 0 0 0 0 1 0 0 0 0 0 0 12 0 0 7 0 0 6 0 0 0 1 0 0 0 0 0 6 0 0 5 0 0 0 13 0 0 0 0 0 2 0 23 7 0 0 13 9 18 0 29 10 2 14 0 0 2 0 9 0 0 0 0 0 0 0 0 0 0 0 0 0 0 0 1 0 0 0 0 0 0 0 0 0 0 0 0 1 0 0 0 0 0 0 0 0 0 0 0 0 0 0 0 0 0 0 0 0 0 0 0 0 0 0 0 0 0 0 0 0 2 0 1 2 1 9 0 0 0 0 0 0 0 0 2 0 0 0 0 0 0 0 0 0 0 0 0 0 58 4 0 0 0 0 0 4 0 0 0 0 0 0 0 0 
 545 57 285 219 277 72 80 78 311 368 251 133 139 0 111 240 81 126 374 453 0 0 0 2 0 1 2 0 0 0 0 36 0 0 3 1 2 3 0 0 3 0 0 0 3 0 0 0 0 0 3 0 0 0 1 0 0 3 0 0 0 0 0 0 0 0 0 3 3 1 0 2 0 39 0 0 0 0 0 0 43 54 11 46 9 1 0 0 11 9 0 0 0 35 11 26 38 26 31 10 0 0 0 0 0 0 1 0 0 0 0 0 0 0 0 0 0 0 0 0 0 15 0 0 9 0 0 0 2 0 0 0 0 0 0 0 0 17 0 0 1 2 0 2 0 0 0 1 0 0 0 0 0 0 0 0 2 0 0 0 40 7 4 28 0 4 0 14 15 16 0 0 0 26 51 0 10 0 0 23 0 0 0 0 10 0 0 13 0 0 0 0 0 0 2 0 2 0 0 0 0 0 0 0 0 0 0 0 0 0 0 0 0 0 0 0 0 1 0 0 0 0 0 0 0 0 0 0 0 0 0 0 0 0 0 0 0 0 0 0 0 0 0 0 0 1 2 1 1 118 0 16 0 0 66 0 0 0 0 0 0 0 0 0 0 0 0 0 0 0 0 0 0 0 0 14 1 0 0 0 0 0 0 0 0 0 0 0 0 0 
 418 186 150 139 73 489 70 153 77 185 45 359 41 111 0 165 37 398 54 108 0 2 0 2 0 0 2 2 0 0 0 3 75 0 3 2 77 3 79 9 72 0 3 2 3 0 0 0 0 0 3 0 24 0 2 0 2 67 0 2 0 0 1 0 0 0 0 2 2 5 0 5 35 0 0 0 3 0 44 0 0 0 83 0 9 19 26 22 16 1 10 10 0 0 20 0 0 17 8 0 14 0 0 0 1 0 23 0 0 0 1 0 0 22 0 0 0 0 0 54 0 0 0 0 0 0 0 0 0 0 0 0 0 0 0 0 0 0 0 0 0 0 0 0 0 0 0 0 0 0 0 3 2 0 0 0 0 0 0 2 0 2 34 14 14 7 3 0 10 7 18 1 0 12 0 10 0 24 0 0 0 0 0 0 0 0 11 10 0 0 1 0 18 0 0 0 0 0 0 12 0 0 0 0 0 0 0 0 0 0 0 0 0 0 0 0 0 0 0 0 0 0 0 0 0 0 0 0 0 0 0 0 0 0 0 0 0 0 0 0 0 0 0 0 0 1 87 5 3 0 0 20 0 0 0 0 0 0 0 0 0 0 9 0 0 0 0 0 0 0 0 0 0 0 0 0 0 7 0 0 0 0 0 0 0 1 0 0 0 0 
 304 165 329 36 293 93 204 162 226 196 184 132 242 240 165 0 251 227 147 103 6 0 0 7 0 0 2 0 0 0 0 2 74 74 1 0 0 3 5 1 3 0 0 0 3 0 0 0 0 0 3 0 6 6 0 0 0 4 0 1 0 0 2 0 0 0 0 0 3 0 0 2 0 4 0 0 0 0 0 0 16 13 18 14 0 15 26 48 24 13 11 10 40 58 12 48 21 21 18 36 18 0 0 0 0 0 20 0 0 0 12 0 11 1 0 0 0 0 8 11 0 0 0 0 0 0 0 0 0 0 0 0 0 0 0 1 0 0 0 0 7 0 0 5 0 0 0 0 0 0 0 0 0 6 0 0 1 0 0 0 0 12 13 24 9 10 13 0 0 18 12 7 17 10 2 13 14 14 0 13 0 0 0 0 0 0 0 0 0 0 0 0 0 0 0 0 0 0 25 0 0 0 0 0 0 0 0 0 0 0 0 0 0 0 0 0 0 0 0 0 0 0 0 0 0 0 2 0 0 0 0 0 0 0 0 0 0 0 0 0 0 0 0 0 0 3 0 0 2 0 0 19 17 0 0 0 0 0 0 0 0 0 14 0 0 0 0 0 0 0 0 0 0 0 0 16 15 0 0 0 0 0 0 0 0 0 0 0 0 0 
 232 345 41 148 150 370 92 206 67 146 269 261 171 81 37 251 0 384 150 22 0 0 0 2 1 0 27 0 20 0 0 1 75 75 3 0 0 3 1 2 3 0 0 0 3 0 0 0 0 0 3 0 0 0 0 0 27 3 0 0 0 0 0 0 0 0 0 0 1 3 0 2 0 0 0 0 0 1 0 0 0 45 3 10 0 20 1 10 3 47 22 15 0 18 5 11 18 24 10 0 20 0 0 0 0 0 16 0 0 0 0 0 25 1 0 0 2 0 15 3 0 0 0 0 0 0 0 0 0 0 3 0 0 0 0 0 0 0 0 0 0 0 0 0 0 0 0 0 0 0 0 0 0 0 0 0 0 0 0 0 0 11 0 0 0 21 0 0 0 6 0 27 30 12 0 0 24 34 0 17 0 0 0 0 0 0 0 19 0 0 0 0 16 0 0 0 0 0 0 24 0 2 0 0 0 0 0 0 0 0 0 0 0 0 0 0 0 0 0 0 13 0 0 0 0 0 0 0 0 0 0 0 0 0 0 0 10 0 0 0 0 0 0 0 0 2 2 0 2 2 0 9 10 0 0 0 0 0 0 0 0 0 0 0 0 0 0 0 0 0 0 0 0 0 0 0 0 6 0 0 0 0 0 0 0 0 0 0 0 0 
 52 191 210 184 261 65 40 132 50 298 104 77 27 126 398 227 384 0 58 38 0 0 0 2 0 2 77 0 3 0 0 2 0 0 5 1 0 3 76 155 3 0 0 0 3 0 0 0 0 0 3 0 1 0 2 0 65 7 0 2 0 0 0 0 0 0 0 0 3 1 0 2 45 6 2 0 0 0 16 0 0 0 9 12 38 29 0 19 38 28 14 34 0 0 16 0 19 32 0 0 21 0 0 0 0 0 36 0 0 0 0 0 26 36 22 0 1 0 40 9 0 0 0 0 14 0 0 0 1 0 0 0 0 0 0 0 0 0 0 0 0 1 0 2 0 0 0 0 0 0 0 0 0 0 0 0 0 0 0 0 0 15 29 17 9 49 15 0 0 4 20 38 0 0 0 47 13 22 0 0 12 0 0 0 0 0 1 19 0 0 0 0 0 21 1 0 12 1 27 0 0 0 0 0 0 0 0 0 0 0 0 0 0 0 0 0 0 2 0 0 0 0 0 0 0 0 0 0 0 2 0 0 0 0 0 0 0 0 0 0 0 24 0 0 0 0 5 0 4 88 13 17 14 0 0 0 0 0 0 0 0 0 17 0 0 0 0 0 0 0 0 0 0 0 0 0 12 5 0 0 0 0 0 0 0 0 0 0 0 0 
 133 259 60 68 58 42 141 52 121 266 37 104 204 374 54 147 150 58 0 379 0 0 0 2 2 2 2 0 1 0 0 0 1 0 1 0 2 3 1 3 3 0 0 0 3 0 0 0 0 0 5 0 0 0 0 0 2 3 0 0 0 0 0 65 2 0 0 0 4 2 0 4 0 0 0 0 0 1 0 0 25 22 0 12 0 0 4 1 11 0 0 0 30 65 9 23 14 0 13 25 0 0 0 0 1 0 0 0 0 0 1 0 0 0 0 0 0 0 2 0 0 0 0 0 0 0 0 0 0 0 0 0 0 0 0 0 0 0 0 0 7 0 0 6 0 0 0 0 0 0 0 0 2 27 0 0 5 0 0 2 10 2 2 14 0 2 35 10 14 12 0 0 0 8 1 0 33 0 0 0 0 0 0 0 9 0 0 0 0 0 0 0 0 0 0 0 0 0 0 0 0 0 0 0 0 0 0 0 0 0 0 11 0 0 0 0 0 0 0 1 0 0 9 0 0 0 0 0 0 0 0 0 0 0 0 0 0 0 0 0 0 0 0 0 0 2 1 0 1 0 0 2 0 0 0 0 0 0 0 0 0 0 0 0 0 0 0 0 0 0 0 0 0 0 0 2 0 0 0 0 0 0 0 0 0 0 0 0 0 0 
 60 46 49 59 101 42 264 256 281 102 69 126 251 453 108 103 22 38 379 0 0 0 0 1 1 0 2 0 0 0 0 2 0 0 0 0 0 3 0 0 3 0 0 0 3 0 0 1 0 0 3 0 0 0 0 0 0 3 22 0 0 0 0 0 0 56 0 0 3 0 0 2 0 0 0 0 0 1 0 0 31 36 26 34 0 8 8 0 4 0 0 0 0 22 1 21 0 14 0 40 0 0 0 0 0 0 0 0 0 0 0 0 0 0 0 0 0 0 0 0 0 0 0 0 0 0 0 0 0 0 0 0 0 0 0 0 0 15 0 0 6 0 0 10 0 0 0 0 0 15 0 0 0 15 0 0 4 0 0 0 42 15 0 11 0 0 21 0 10 11 0 0 0 20 20 0 0 0 12 0 0 0 0 0 9 0 0 0 0 0 0 0 0 0 0 0 0 0 0 0 0 0 0 0 0 0 0 0 0 0 0 0 0 0 0 0 0 29 0 0 0 0 0 1 10 0 0 0 0 0 9 1 0 0 0 0 0 0 0 0 0 0 0 0 0 3 0 0 4 1 0 9 0 0 0 0 0 0 0 0 0 0 0 0 0 0 0 0 0 0 0 0 0 0 0 0 0 0 0 0 0 0 0 0 0 0 0 0 0 0 
 0 1 0 0 210 2 1 0 0 0 1 0 0 0 0 6 0 0 0 0 0 73 55 262 47 46 202 167 346 99 41 38 51 253 43 106 98 110 110 112 0 3 0 5 2 65 0 3 21 3 2 89 0 2 3 2 0 2 3 3 0 0 3 0 3 4 0 5 0 0 3 0 4 2 2 3 0 3 0 6 0 2 0 0 9 0 0 0 0 0 0 19 0 0 0 0 0 0 0 0 9 36 25 31 0 0 10 23 51 22 46 0 10 0 22 13 33 16 23 57 0 0 0 0 0 0 0 0 0 0 2 0 15 0 0 0 0 11 0 0 0 0 0 0 0 4 0 0 0 0 0 0 0 0 0 2 0 0 0 0 0 0 0 2 0 18 0 0 0 0 12 1 0 0 0 0 0 0 0 0 78 13 13 11 0 0 122 10 17 70 10 8 8 34 12 1 18 42 13 33 0 0 0 0 0 0 0 0 0 0 0 0 0 0 0 0 0 0 1 0 0 0 0 0 0 0 0 0 0 0 0 0 0 0 0 0 0 0 2 0 0 0 0 0 0 0 0 0 0 74 0 0 0 1 5 0 0 76 0 0 2 0 0 0 0 6 10 0 0 0 0 0 0 0 0 0 0 0 0 0 0 1 0 0 0 0 0 0 0 0 
 0 1 0 0 0 3 0 0 0 3 0 1 0 0 2 0 0 0 0 0 73 0 217 199 89 150 76 72 121 417 133 53 40 111 179 132 285 128 88 182 0 0 0 2 1 0 65 0 2 2 0 2 0 63 3 2 0 2 0 2 0 2 0 0 1 0 0 0 3 2 2 0 0 0 0 3 0 2 0 0 0 0 0 0 0 0 0 0 0 0 0 0 0 0 0 0 0 0 0 0 0 44 0 37 8 8 0 14 0 25 1 18 0 9 7 6 12 2 2 0 0 0 0 0 0 0 10 0 0 0 1 0 1 11 0 0 0 0 33 9 0 0 0 0 0 1 0 0 0 0 0 0 0 0 0 0 0 0 0 0 0 15 0 2 0 0 0 0 0 0 0 0 0 0 0 0 5 0 0 0 1 19 24 20 36 10 2 12 22 22 25 56 0 1 24 9 14 11 0 1 0 10 0 0 0 0 0 0 0 0 0 0 30 0 0 0 0 0 20 82 0 0 0 0 0 0 14 0 1 1 0 0 0 0 0 0 10 0 2 0 0 0 1 0 0 0 0 0 0 0 0 0 0 0 2 2 2 78 40 0 18 0 0 0 0 0 0 0 0 0 0 0 0 0 0 0 0 0 0 9 0 0 0 0 0 10 11 0 0 0 
 0 2 2 0 16 0 0 0 0 0 0 0 0 0 0 0 0 0 0 0 55 217 0 221 188 152 317 170 83 202 416 220 44 154 240 192 414 182 42 116 0 3 3 2 2 61 70 2 0 0 0 2 0 0 0 1 0 1 5 5 0 1 5 0 3 11 0 3 0 0 3 0 0 2 3 3 2 2 0 5 0 0 0 0 0 0 0 0 0 0 0 2 0 0 0 0 0 0 0 0 0 19 6 12 0 0 0 12 0 14 0 30 0 10 0 17 0 21 0 0 0 0 0 0 0 0 13 4 0 0 0 0 38 10 0 0 0 0 8 22 0 0 11 0 0 0 0 0 0 0 0 0 0 0 0 0 0 0 0 0 1 0 0 0 0 15 0 0 0 0 0 0 0 0 0 0 0 0 0 0 0 0 18 22 33 22 0 9 0 55 5 22 0 19 23 14 6 0 18 0 0 0 0 0 0 0 0 0 0 0 0 0 11 3 2 0 0 0 32 41 0 0 0 0 0 0 0 0 0 0 0 0 0 0 18 0 10 0 0 0 0 0 0 0 0 0 0 0 0 0 0 0 0 0 5 0 0 0 1 2 16 1 1 0 0 0 0 0 0 0 0 0 0 0 0 0 0 0 0 0 0 17 0 0 0 0 12 0 0 0 
 1 5 2 1 1 2 2 2 1 1 1 1 2 2 2 7 2 2 2 1 262 199 221 0 107 172 216 88 167 149 438 122 51 60 518 431 379 126 81 65 0 0 0 2 0 0 0 1 0 1 0 0 62 0 1 66 1 0 83 3 0 7 0 2 2 2 0 0 2 4 2 0 0 5 0 5 2 3 3 2 0 0 0 0 0 0 0 0 0 0 0 0 0 0 0 0 0 0 0 0 14 0 1 0 81 18 18 14 0 25 7 54 0 0 0 0 0 0 0 0 0 0 0 1 0 0 12 37 0 0 0 0 7 0 9 0 0 0 0 23 0 0 0 0 0 0 0 1 0 0 0 0 0 0 0 0 0 0 0 0 0 0 0 0 0 0 0 0 0 0 0 0 0 0 0 0 0 0 0 0 3 9 15 23 19 18 0 10 33 13 0 38 0 1 19 9 21 1 0 10 10 0 0 0 0 0 10 0 10 0 0 0 2 2 31 0 1 1 13 30 0 0 0 0 0 0 0 0 0 0 0 0 1 0 0 8 0 0 0 0 0 0 0 0 0 0 2 0 0 0 0 0 0 0 7 0 0 1 40 2 22 0 0 0 0 0 2 0 0 0 0 0 0 0 0 2 0 0 0 0 0 0 0 0 0 0 0 0 0 0 
 2 2 0 0 0 0 0 0 0 0 0 0 0 0 0 0 1 0 2 1 47 89 188 107 0 236 31 131 156 102 170 184 72 158 244 225 47 131 73 84 62 52 0 2 0 0 0 67 0 1 0 0 64 76 0 0 67 3 70 68 0 0 0 0 3 2 0 0 0 0 3 0 0 2 0 3 0 1 0 3 0 0 0 0 0 0 0 0 0 0 0 0 0 0 0 0 0 0 0 0 13 0 34 1 0 7 0 1 14 12 0 12 0 10 2 25 0 36 0 0 27 10 22 7 0 0 13 1 9 15 0 0 11 11 6 9 14 0 18 66 0 1 0 0 0 0 0 0 0 0 0 0 0 0 0 0 0 0 0 2 0 0 0 5 4 0 0 0 0 0 0 0 19 1 0 0 0 0 0 0 0 10 12 20 8 28 0 0 14 46 0 11 0 11 7 0 0 0 13 0 0 0 65 20 0 0 39 10 1 0 21 1 0 8 2 0 18 0 39 19 0 0 0 0 0 0 0 0 0 0 0 0 0 0 0 0 0 0 0 0 0 0 0 0 0 0 0 0 0 0 0 0 0 0 4 0 1 2 0 3 2 0 0 0 0 0 0 0 0 0 0 0 0 0 0 0 0 0 0 0 0 2 0 0 0 0 0 0 0 11 
 1 8 205 1 0 0 0 0 0 0 0 0 0 1 0 0 0 2 2 0 46 150 152 172 236 0 92 107 158 295 74 187 18 61 207 376 135 71 253 260 32 0 0 2 0 4 0 2 0 10 212 1 0 65 0 9 0 2 5 23 0 29 0 0 29 2 0 0 0 3 3 0 0 2 51 3 0 2 0 2 0 0 0 0 0 0 0 0 0 0 0 0 0 0 0 0 0 0 0 0 12 0 0 0 1 11 0 15 0 13 0 50 0 2 0 0 0 0 0 0 18 0 10 0 0 0 6 42 7 8 0 0 31 1 28 0 23 0 8 36 0 0 0 0 0 0 0 0 0 0 0 0 0 0 2 0 0 0 1 0 0 0 1 5 43 0 0 0 0 0 0 0 0 1 0 0 0 0 0 0 0 14 25 20 9 17 0 0 26 20 0 18 0 0 7 9 0 2 0 0 0 10 32 1 0 0 11 0 33 0 7 0 0 0 46 0 0 0 23 47 0 0 0 0 0 0 0 2 0 0 0 0 0 0 13 0 0 0 0 0 0 0 1 0 0 0 0 0 0 0 0 0 0 0 6 3 0 76 0 2 6 0 0 0 0 0 0 0 0 0 0 0 0 0 0 0 0 0 0 0 0 0 0 0 0 0 0 0 0 0 
 2 3 2 81 153 2 2 2 2 3 77 2 2 2 2 2 27 77 2 2 202 76 317 216 31 92 0 91 37 106 228 39 151 122 254 20 140 33 34 103 0 0 0 9 0 0 0 2 276 0 1 0 0 0 0 1 0 0 0 5 0 0 0 0 3 7 0 0 55 0 3 0 0 2 0 3 0 0 0 2 0 0 0 12 10 18 0 0 0 13 0 27 0 0 0 0 36 12 0 0 35 38 6 0 0 0 18 31 19 21 14 9 18 0 26 9 1 1 51 34 0 0 0 11 0 0 0 0 0 0 0 0 0 0 0 0 0 0 9 0 0 0 0 0 0 0 0 0 0 0 0 0 0 0 0 0 0 0 0 0 0 0 0 0 11 27 1 0 0 1 0 20 0 0 0 0 0 0 0 0 10 2 1 15 26 0 0 19 0 13 0 0 31 95 24 20 10 0 12 19 0 0 12 0 0 0 0 0 0 0 0 0 0 0 0 0 0 0 0 69 0 0 0 0 0 0 0 0 0 0 0 0 8 0 0 0 11 0 0 0 0 0 0 0 0 0 0 0 0 18 11 0 0 0 2 0 2 0 1 3 2 0 0 0 0 0 0 0 0 0 0 0 0 0 0 0 0 0 0 0 0 0 0 0 0 0 11 0 0 0 
 0 4 2 0 30 35 2 0 0 3 0 86 0 0 2 0 0 0 0 0 167 72 170 88 131 107 91 0 368 222 149 145 104 113 64 135 210 160 250 33 2 0 66 2 0 0 5 2 60 0 0 2 0 0 0 1 0 0 0 3 0 0 0 0 54 2 0 0 0 0 3 0 4 2 0 3 0 33 0 2 0 0 0 0 10 2 0 0 0 0 1 0 0 0 0 0 0 0 0 0 0 0 6 10 6 19 9 10 23 17 54 10 14 17 10 30 26 31 15 5 0 0 0 0 0 0 0 0 0 0 0 0 0 0 2 0 0 0 16 0 0 0 0 0 0 9 0 0 0 0 0 0 0 0 0 0 0 0 0 0 1 0 0 0 0 19 0 0 0 0 8 0 0 0 0 0 0 0 0 19 12 2 2 18 8 21 31 61 30 28 9 57 8 35 9 5 123 19 22 40 0 0 0 0 0 0 0 0 0 0 0 0 1 0 2 0 0 0 0 0 0 0 0 0 0 0 0 0 0 0 13 0 0 0 0 6 0 0 0 0 0 0 21 0 0 0 0 0 0 0 0 0 0 0 1 2 0 0 3 0 20 2 0 0 0 0 9 0 0 0 0 0 0 0 0 0 0 0 0 0 0 0 0 4 0 17 0 0 0 0 
 0 2 0 0 0 0 0 0 0 0 2 0 0 0 0 0 20 3 1 0 346 121 83 167 156 158 37 368 0 174 31 132 334 108 162 394 137 49 263 184 58 0 0 2 0 207 5 2 60 0 0 1 34 0 0 1 0 2 0 6 0 0 0 0 3 2 0 0 0 0 3 0 0 2 0 3 0 29 1 2 0 0 0 0 0 0 0 0 0 0 0 0 0 0 0 0 0 0 0 0 1 15 0 10 9 39 0 9 14 51 21 15 0 1 14 0 18 124 0 0 0 0 0 0 0 0 12 46 0 0 0 0 14 0 14 0 0 0 9 15 0 0 0 0 1 4 0 0 0 0 0 0 0 0 0 0 0 0 0 0 0 0 0 0 0 18 0 0 0 0 0 0 0 0 0 0 4 0 0 0 42 14 0 14 0 17 21 11 28 30 13 4 0 13 12 0 34 0 0 30 0 12 0 0 0 0 14 0 12 0 0 0 0 0 68 0 0 0 21 9 0 0 0 0 0 0 0 0 0 0 0 0 0 0 0 0 0 0 0 0 0 0 21 0 0 0 0 0 0 0 0 0 0 0 0 0 2 222 80 0 0 2 0 0 0 0 0 0 0 0 0 0 0 0 0 0 0 6 0 43 0 1 0 0 0 0 0 0 0 0 
 0 2 0 0 0 74 0 1 0 2 4 0 0 0 0 0 0 0 0 0 99 417 202 149 102 295 106 222 174 0 139 194 146 154 504 325 332 136 86 104 0 0 0 2 0 0 67 3 1 0 1 1 0 0 0 0 0 0 0 11 0 0 0 0 3 2 0 0 0 0 3 0 0 2 0 3 0 2 0 34 0 0 0 0 0 0 0 0 0 0 0 0 0 0 0 0 0 0 0 0 13 10 1 24 37 21 19 13 10 0 2 14 0 10 51 10 25 23 0 0 1 0 0 0 0 0 11 0 0 0 0 0 14 0 0 0 0 0 18 0 0 0 0 0 0 6 0 0 0 0 0 0 0 0 0 0 0 0 0 0 0 0 0 0 15 0 0 0 0 0 0 0 0 5 0 0 0 0 0 0 2 12 0 12 37 1 0 0 56 17 30 0 0 47 40 18 35 13 0 0 0 0 0 1 0 0 1 2 0 0 3 0 23 15 12 0 0 0 9 18 0 0 0 4 0 0 0 0 0 0 0 0 0 0 0 2 11 0 0 13 0 0 0 0 0 0 0 0 0 0 0 0 0 0 7 0 3 9 1 2 3 2 0 0 0 0 0 0 0 0 0 0 0 0 0 0 0 2 0 8 0 1 0 0 0 3 2 0 0 0 
 0 5 0 0 0 0 0 0 6 2 1 0 0 0 0 0 0 0 0 0 41 133 416 438 170 74 228 149 31 139 0 260 246 35 155 390 85 75 35 110 1 28 0 2 0 0 1 2 1 0 1 0 58 35 65 1 0 0 0 3 2 0 0 0 3 2 0 0 0 0 3 0 0 53 2 42 0 0 4 2 0 0 0 0 0 0 0 0 2 0 0 0 0 0 0 2 0 0 0 0 0 0 0 1 44 1 0 0 0 0 0 36 2 0 10 0 9 12 0 0 17 0 0 0 0 0 0 9 1 0 0 0 21 11 12 0 0 0 66 10 0 0 0 1 0 0 0 0 0 2 22 0 0 0 0 0 0 0 0 3 0 0 0 0 0 0 0 0 0 22 0 0 0 11 0 0 2 0 0 1 0 0 18 26 0 24 0 12 13 0 43 13 0 0 0 65 9 20 0 0 0 0 0 0 0 1 0 16 0 8 13 0 50 44 27 0 30 34 13 10 0 0 0 0 0 0 0 0 0 0 0 0 0 0 0 0 0 2 0 0 0 0 0 0 0 0 0 0 0 0 0 0 0 0 3 5 2 74 75 1 6 2 0 0 0 0 0 0 0 0 0 0 0 0 0 0 0 0 0 0 0 3 0 2 0 0 0 0 0 0 
 1 3 1 2 1 4 3 2 1 3 1 2 0 36 3 2 1 2 0 2 38 53 220 122 184 187 39 145 132 194 260 0 48 269 50 115 436 290 241 25 2 2 0 2 0 5 63 5 0 7 2 4 3 21 29 4 2 8 40 67 0 2 0 0 3 2 1 0 0 0 4 1 0 34 0 3 1 0 0 3 0 0 0 0 0 0 0 0 0 0 0 0 0 0 0 0 0 0 0 0 13 0 0 1 16 58 0 1 0 0 0 9 0 1 16 2 2 33 2 0 19 13 0 0 0 0 1 0 0 7 1 0 0 12 13 0 16 0 33 14 0 0 0 0 0 0 0 0 7 2 7 0 0 0 0 0 0 0 0 4 0 0 3 2 0 0 0 0 0 0 0 0 0 0 0 0 0 0 0 0 1 12 1 25 14 9 0 0 24 10 34 0 0 1 25 0 0 0 0 0 0 11 15 0 0 0 21 15 24 0 0 0 10 0 12 0 0 0 4 33 0 0 0 0 0 0 0 0 1 0 0 0 0 0 0 0 0 0 2 0 0 0 0 0 0 0 0 0 0 1 0 0 0 0 14 1 4 77 0 0 6 1 0 2 0 0 0 0 0 0 0 0 0 0 0 0 0 0 0 10 0 0 0 0 0 12 0 0 0 0 
 0 3 1 34 75 167 2 0 0 75 78 25 0 0 75 74 75 0 1 0 51 40 44 51 72 18 151 104 334 146 246 48 0 88 36 479 316 71 228 121 0 0 0 2 0 0 0 2 0 0 0 0 0 0 0 1 0 3 0 4 0 0 0 0 3 2 0 0 0 0 3 0 0 2 0 3 0 0 0 2 0 0 0 0 16 1 0 0 0 0 1 32 0 0 0 0 1 0 0 0 0 0 1 8 0 0 0 1 17 0 18 0 63 0 28 1 8 9 0 11 0 0 0 0 0 0 1 0 0 0 0 0 0 0 0 0 0 0 0 0 0 1 0 0 0 0 0 0 0 0 1 0 0 0 0 0 0 0 0 0 0 2 0 0 0 43 0 0 7 0 5 13 0 0 0 0 0 0 0 0 0 2 1 0 0 0 20 5 1 19 0 0 14 18 0 2 19 30 30 2 0 0 0 0 0 0 0 0 0 0 0 0 0 0 0 0 0 0 0 0 0 0 10 0 9 0 0 0 0 0 0 0 0 0 0 0 0 0 0 0 0 0 0 0 0 0 0 0 1 74 0 0 18 0 10 2 0 0 0 0 0 1 0 0 0 0 0 0 0 0 0 0 0 0 0 0 3 0 0 0 0 0 0 0 0 0 0 0 0 0 
 5 5 0 0 80 74 0 0 0 0 74 22 0 0 0 74 75 0 0 0 253 111 154 60 158 61 122 113 108 154 35 269 88 0 276 117 70 99 143 167 0 0 0 2 0 0 3 2 2 0 0 2 6 0 65 1 3 0 0 3 0 0 0 0 5 2 0 0 2 0 3 43 0 2 0 3 0 0 3 2 0 0 0 0 7 0 0 0 0 0 1 33 0 0 0 0 0 0 0 0 0 18 25 18 8 0 0 3 32 26 16 10 20 24 27 44 43 6 10 16 0 0 0 0 0 0 0 0 0 0 0 0 11 0 0 2 0 0 9 2 0 6 0 0 0 0 0 0 0 0 0 0 0 0 0 0 0 0 0 0 0 0 0 0 0 19 0 0 0 0 0 1 1 0 0 0 0 1 0 0 20 24 18 12 11 34 21 0 27 56 18 29 6 29 10 9 0 25 18 0 0 0 0 0 0 0 0 0 12 1 0 0 15 0 0 0 16 0 20 0 0 0 0 0 0 0 0 0 0 0 0 0 3 0 24 0 0 0 0 0 0 0 0 0 0 0 0 0 0 76 0 1 18 0 2 0 1 81 2 1 0 0 0 0 0 0 0 0 0 0 0 0 0 0 0 0 0 0 0 0 0 66 0 0 0 11 0 0 0 0 
 1 4 2 95 1 3 0 4 1 2 2 2 3 3 3 1 3 5 1 0 43 179 240 518 244 207 254 64 162 504 155 50 36 276 0 598 396 162 296 266 2 0 0 3 2 0 2 1 1 0 2 1 0 0 1 2 0 2 0 3 0 1 0 0 2 2 0 0 3 0 2 1 0 2 0 3 0 1 4 4 0 0 0 0 0 0 0 0 0 0 0 0 0 0 0 0 0 0 14 0 0 19 76 19 33 15 0 20 19 34 0 11 0 16 10 13 33 50 0 9 0 0 0 0 0 0 0 0 0 0 0 0 0 0 0 0 0 0 30 9 0 4 0 0 0 1 0 0 0 0 0 0 0 0 0 0 0 0 0 0 0 0 18 0 0 0 0 0 0 0 0 0 0 0 0 0 0 0 0 0 18 40 15 1 44 13 9 0 9 12 29 1 0 0 35 30 0 15 17 8 1 0 0 0 0 0 0 0 0 0 0 0 9 0 1 0 0 0 18 32 0 0 0 14 0 0 0 14 0 0 0 0 0 0 0 0 0 0 0 0 0 0 0 0 0 0 0 0 0 0 0 0 0 0 2 1 2 2 78 2 4 0 0 0 0 0 0 0 1 0 0 0 0 0 0 0 0 0 0 0 0 18 0 7 0 0 42 0 0 0 
 0 4 0 117 1 1 0 0 0 3 0 0 1 1 2 0 0 1 0 0 106 132 192 431 225 376 20 135 394 325 390 115 479 117 598 0 508 137 441 72 0 0 0 2 207 0 7 2 60 6 0 3 123 0 0 3 2 0 4 3 0 0 3 0 4 3 0 0 0 0 3 0 0 2 5 5 0 5 3 4 0 0 0 0 0 0 0 0 0 0 0 0 0 0 0 0 0 0 14 0 13 0 13 0 0 0 0 24 0 2 14 12 0 36 1 18 5 52 18 16 0 0 0 0 0 0 0 8 0 0 0 0 0 0 0 0 12 0 0 9 0 0 0 0 0 0 0 0 0 0 0 0 0 0 0 0 0 0 0 0 0 0 0 0 0 35 0 0 0 0 0 0 0 0 0 0 0 0 0 0 16 22 12 33 8 1 12 15 23 23 12 8 13 15 21 10 14 0 22 15 7 0 0 0 0 0 18 0 1 0 0 0 0 12 1 0 0 0 20 36 0 0 0 0 0 0 0 0 0 0 0 0 0 0 0 0 0 0 0 0 0 0 23 0 0 0 0 0 0 0 0 0 0 0 4 2 2 1 0 0 0 0 0 0 0 0 0 0 0 0 0 0 0 2 0 0 0 0 0 0 0 0 0 0 0 0 0 0 0 0 
 0 207 0 0 0 73 0 0 2 0 0 0 0 2 77 0 0 0 2 0 98 285 414 379 47 135 140 210 137 332 85 436 316 70 396 508 0 133 70 81 0 0 1 2 65 0 1 2 2 0 0 1 0 0 0 1 0 20 0 3 0 2 0 0 4 2 0 0 0 0 3 0 0 2 0 3 0 0 0 2 0 0 0 0 0 0 0 0 0 0 0 0 0 0 0 0 0 0 1 0 15 0 0 27 54 13 0 13 15 15 13 25 0 6 44 1 23 14 0 0 2 2 0 0 0 0 12 11 0 0 0 0 0 12 0 0 0 0 19 63 0 0 0 0 0 3 0 0 0 0 0 0 1 0 0 0 2 0 0 0 0 0 0 0 0 0 0 0 0 0 0 0 0 0 0 0 0 0 0 0 1 23 17 25 21 19 1 11 56 17 26 22 0 24 20 21 24 12 5 0 0 12 0 0 0 0 2 0 22 0 0 0 32 0 14 0 0 0 0 61 1 0 0 0 0 0 0 0 0 0 0 0 0 0 0 0 0 0 0 0 0 0 0 0 0 1 0 0 0 0 0 0 0 0 5 1 0 41 117 0 6 1 0 0 0 0 0 0 0 0 0 0 0 0 0 0 0 0 0 6 15 0 0 0 0 0 0 0 0 0 
 3 5 3 3 3 22 3 3 4 3 3 78 3 3 3 3 3 3 3 3 110 128 182 126 131 71 33 160 49 136 75 290 71 99 162 137 133 0 102 44 0 0 0 2 0 1 0 3 0 6 0 61 30 0 0 6 0 0 0 3 0 0 0 0 3 2 0 0 0 0 3 4 0 2 0 34 0 0 0 3 0 0 0 0 0 0 0 0 0 0 0 0 0 0 0 0 0 0 0 0 1 0 0 28 2 1 0 0 1 0 30 25 29 0 20 0 4 20 0 1 1 0 0 0 0 0 0 0 0 1 0 0 0 11 12 0 1 0 0 10 0 0 0 0 0 49 0 0 0 0 0 0 2 0 0 0 1 2 8 0 0 0 0 0 0 0 0 0 2 0 0 0 0 0 0 0 0 0 0 0 0 13 7 22 1 13 8 12 1 20 0 18 0 0 0 1 22 20 39 0 0 0 0 0 0 0 14 0 20 2 0 0 12 0 0 0 0 0 16 10 0 0 0 0 0 0 0 0 0 0 0 0 0 0 0 0 0 0 0 0 0 0 0 0 1 2 2 0 0 0 0 0 0 0 6 0 3 73 75 0 11 0 0 0 0 0 0 0 0 0 0 0 0 0 0 0 0 0 0 0 0 13 0 0 0 0 0 0 0 0 
 0 81 43 35 74 98 0 0 0 76 1 2 0 0 79 5 1 76 1 0 110 88 42 81 73 253 34 250 263 86 35 241 228 143 296 441 70 102 0 156 0 0 0 2 0 0 18 2 1 0 0 0 0 0 0 1 0 0 0 4 0 0 0 0 3 2 0 0 0 0 3 0 0 3 0 3 0 3 0 2 0 0 8 0 17 15 0 0 0 18 19 1 0 0 0 0 0 0 0 0 0 0 7 82 0 3 0 8 1 1 15 0 19 41 0 25 31 17 9 0 0 0 0 0 0 0 0 0 0 0 0 0 0 0 0 0 0 0 0 0 0 0 0 0 0 12 0 0 0 0 0 0 0 0 0 0 0 0 0 0 0 10 0 0 20 21 0 0 4 0 4 17 0 0 12 9 3 10 0 0 12 1 20 0 0 0 17 5 28 33 13 21 22 20 48 8 22 6 31 22 0 0 0 0 0 0 0 0 0 0 0 0 0 0 0 0 0 0 0 0 0 0 0 0 0 0 0 0 0 0 0 0 0 0 0 0 0 0 0 0 0 0 26 0 0 0 0 0 0 0 0 0 6 0 2 2 4 2 1 0 2 0 0 0 0 0 0 0 0 0 0 0 0 0 0 0 1 0 0 0 0 0 0 0 0 0 0 0 0 0 
 0 0 0 73 1 81 0 2 3 60 76 0 0 0 9 1 2 155 3 0 112 182 116 65 84 260 103 33 184 104 110 25 121 167 266 72 81 44 156 0 0 1 5 4 0 0 3 2 7 4 0 0 0 0 6 6 2 0 0 5 0 0 0 50 12 2 0 0 2 1 9 4 1 2 0 50 4 6 2 2 0 0 0 0 9 14 0 0 0 0 10 0 0 0 0 0 12 14 0 0 14 33 43 39 11 0 10 15 8 13 0 1 11 10 11 0 21 0 0 1 0 0 16 0 0 0 0 0 0 0 0 0 13 0 0 0 0 0 13 0 0 44 0 11 0 7 0 0 0 0 0 0 0 0 0 0 0 0 0 1 0 0 0 0 0 8 3 0 6 5 10 11 0 0 0 0 0 0 0 0 10 13 30 0 52 1 0 9 27 0 20 19 0 22 26 18 9 17 0 15 0 0 0 0 0 0 0 0 0 0 0 0 15 0 0 0 0 22 0 21 0 0 0 0 0 0 0 0 0 0 0 0 0 0 0 0 0 0 0 0 0 0 0 0 0 0 0 0 73 2 0 0 0 0 9 0 0 4 5 0 1 0 0 0 0 0 5 0 0 0 0 0 0 0 0 0 12 0 0 0 0 12 0 0 0 0 1 0 0 0 
 3 5 3 3 3 3 3 3 3 3 3 3 5 3 72 3 3 3 3 3 0 0 0 0 62 32 0 2 58 0 1 2 0 0 2 0 0 0 0 0 0 222 83 272 279 29 82 146 141 131 241 253 282 230 183 132 96 331 120 75 0 5 14 2 6 4 0 0 0 0 0 0 0 0 9 5 7 2 55 0 0 0 0 0 0 0 0 0 0 0 0 0 0 0 0 0 0 0 0 0 0 0 0 0 1 1 0 0 0 0 0 0 0 0 0 0 1 0 0 0 13 9 30 0 0 10 12 0 17 12 0 0 49 16 31 20 41 0 6 12 0 10 0 5 3 0 2 0 0 1 0 6 0 0 0 0 0 0 0 0 0 0 0 6 15 0 0 0 0 0 0 0 0 1 0 0 0 0 0 0 0 0 0 0 0 14 0 0 0 0 0 0 0 0 0 0 0 0 0 0 12 0 0 8 0 0 10 13 1 0 14 0 1 13 8 4 9 29 9 0 0 0 0 0 0 0 1 0 0 0 0 0 1 0 0 0 0 0 0 6 0 0 0 0 0 0 0 0 0 0 0 11 0 0 0 0 0 0 0 0 0 0 3 0 0 2 4 0 0 0 6 0 0 0 0 4 0 0 0 0 0 0 0 0 1 0 0 0 0 0 
 3 3 0 0 0 0 0 0 0 0 0 0 66 0 0 0 0 0 0 0 3 0 3 0 52 0 0 0 0 0 28 2 0 0 0 0 0 0 0 1 222 0 279 67 33 84 68 440 134 386 112 47 62 95 401 391 24 35 41 108 0 26 0 2 0 0 0 0 0 0 2 0 2 0 0 0 0 0 0 0 0 0 0 0 0 0 0 0 0 0 0 20 0 0 0 0 0 0 0 0 0 0 0 0 0 0 3 0 0 0 0 0 0 0 0 0 0 6 0 0 1 57 21 23 18 1 18 0 27 17 0 14 0 19 19 33 0 0 0 0 0 0 0 0 0 0 19 11 3 0 7 0 23 6 0 0 0 0 0 0 0 0 0 0 0 0 0 0 0 0 0 0 0 0 0 0 0 0 0 0 0 0 0 0 0 0 0 0 0 0 0 0 0 0 0 0 0 5 0 0 20 10 0 7 23 20 0 0 13 0 52 0 0 0 0 32 86 1 0 0 29 0 1 0 0 0 0 0 0 0 0 0 1 1 1 10 0 0 16 23 0 0 0 0 0 0 0 0 0 0 0 9 0 0 0 0 0 0 0 26 0 0 39 5 2 2 2 66 0 0 0 0 0 0 0 0 0 0 0 0 0 0 0 0 0 28 0 24 0 0 
 0 1 0 0 0 0 0 0 0 5 0 0 0 0 3 0 0 0 0 0 0 0 3 0 0 0 0 66 0 0 0 0 0 0 0 0 1 0 0 5 83 279 0 220 61 642 51 158 213 133 99 87 45 42 135 391 98 124 43 128 1 6 2 0 51 0 0 0 0 0 6 0 0 82 1 0 0 0 50 44 0 0 0 0 0 0 0 0 0 0 8 0 0 11 0 0 0 0 0 0 0 0 0 0 0 0 0 0 0 0 0 0 0 0 0 0 0 0 0 0 0 39 1 37 18 7 3 6 11 10 47 16 14 0 0 35 20 14 0 0 0 0 0 0 0 0 30 16 0 0 1 0 10 3 0 0 15 0 16 0 0 0 0 0 0 0 0 0 0 0 0 1 0 0 0 0 0 0 0 1 0 0 0 0 0 0 0 0 0 0 0 0 0 0 0 0 0 0 0 0 14 37 16 30 5 14 1 8 14 32 27 57 0 11 16 20 35 2 0 0 37 0 0 0 22 0 4 21 0 0 0 0 2 39 0 0 0 0 9 9 0 0 0 0 0 0 0 0 0 0 0 14 0 0 0 0 0 22 0 1 0 0 0 65 3 3 2 85 0 0 0 0 0 0 0 0 0 0 0 0 0 0 6 0 0 26 0 0 0 0 
 0 1 0 0 0 0 0 0 0 1 5 27 0 0 2 0 0 0 0 0 5 2 2 2 2 2 9 2 2 2 2 2 2 2 3 2 2 2 2 4 272 67 220 0 102 158 281 92 136 145 220 106 264 88 102 129 93 96 66 280 17 0 0 0 5 0 52 0 5 0 0 3 51 74 52 9 0 12 0 11 0 0 0 0 0 5 0 0 0 0 0 0 0 0 0 0 0 0 0 0 8 1 4 0 0 0 0 3 7 0 12 0 5 0 0 6 0 0 8 0 0 20 0 37 24 26 0 0 0 1 26 13 0 0 0 0 12 0 0 0 0 17 0 0 0 0 10 0 12 0 7 0 9 33 1 9 10 23 16 0 0 0 0 10 0 0 0 0 0 0 0 5 0 0 0 0 0 0 0 0 0 0 0 1 0 0 0 0 0 0 0 0 0 5 5 0 0 0 0 0 0 0 18 7 50 42 0 0 0 1 0 26 0 0 0 0 0 22 0 0 37 21 13 0 35 0 0 8 3 0 18 0 15 25 7 2 0 0 0 0 0 0 0 0 0 0 0 0 0 2 0 11 0 2 0 0 0 0 0 5 0 0 2 0 64 0 0 0 2 0 20 0 0 0 0 0 0 0 0 0 0 0 0 0 0 0 0 0 0 0 
 3 4 90 3 3 3 3 3 3 3 13 3 3 3 3 3 3 3 3 3 2 1 2 0 0 0 0 0 0 0 0 0 0 0 2 207 65 0 0 0 279 33 61 102 0 136 38 65 128 139 220 117 74 97 102 100 119 124 57 82 27 4 4 5 3 0 1 0 0 6 0 5 53 53 0 7 2 0 51 2 0 0 0 0 0 0 0 0 0 0 0 0 0 38 0 0 0 0 0 0 0 12 0 0 0 0 0 0 0 0 0 0 0 0 0 0 0 0 0 0 0 19 0 3 13 34 0 0 0 13 25 2 0 0 0 0 0 14 0 0 6 1 0 5 4 0 2 0 13 0 0 5 28 12 5 9 21 0 20 0 0 0 0 0 0 0 0 0 0 0 0 0 0 0 0 0 0 0 0 0 0 0 0 0 0 0 0 0 0 0 0 0 0 0 0 0 0 0 0 0 0 0 28 0 48 43 0 0 0 1 14 31 0 0 0 0 0 39 0 0 0 20 27 0 0 0 4 9 1 17 11 0 63 12 10 42 0 0 0 0 0 0 16 0 0 0 0 0 0 0 0 11 0 0 0 0 0 0 0 1 0 22 0 1 1 4 4 0 0 0 20 0 0 0 0 4 0 0 0 0 0 3 0 0 0 0 0 0 0 0 
 0 3 1 0 0 30 0 0 0 0 0 0 0 0 0 0 0 0 0 0 65 0 61 0 0 4 0 0 207 0 0 5 0 0 0 0 0 1 0 0 29 84 642 158 136 0 64 184 119 601 146 91 21 483 183 192 101 54 50 114 0 6 0 0 0 0 0 0 0 0 6 52 13 52 0 0 0 0 51 0 0 0 0 0 0 0 0 0 0 0 0 0 0 0 0 0 0 0 0 0 0 0 0 0 0 8 0 0 0 0 0 0 0 0 0 0 0 0 0 0 3 66 0 71 0 24 0 0 0 28 17 8 0 0 28 8 11 13 0 3 0 0 0 0 0 0 9 15 27 0 0 0 9 15 0 0 0 0 12 0 0 0 0 0 0 3 0 3 0 0 0 0 0 0 0 0 0 0 0 0 12 0 0 0 0 3 0 0 0 0 0 0 0 0 8 0 0 0 0 0 2 15 45 33 37 0 0 1 21 0 28 12 0 0 0 14 28 21 0 5 21 1 3 0 12 12 0 0 0 0 0 0 4 1 2 12 0 0 9 13 0 0 0 0 0 0 0 0 0 0 0 2 0 0 0 0 0 0 0 27 0 0 13 15 1 2 2 62 0 0 24 0 0 0 0 0 0 0 0 0 0 0 0 0 0 29 0 0 0 0 
 0 5 0 0 0 0 0 0 0 0 0 0 0 0 0 0 0 0 0 0 0 65 70 0 0 0 0 5 5 67 1 63 0 3 2 7 1 0 18 3 82 68 51 281 38 64 0 415 40 106 53 27 186 192 161 106 96 337 207 208 0 0 0 0 0 0 0 0 0 0 6 0 0 0 0 0 0 0 0 0 0 0 0 0 0 0 0 0 0 0 0 0 0 0 0 0 0 0 0 0 0 8 0 24 11 25 0 6 0 2 0 0 0 7 0 0 0 6 0 0 18 21 0 22 0 0 44 24 0 0 21 9 24 31 0 7 11 9 1 17 0 0 12 0 0 0 0 0 4 4 3 0 0 16 0 0 0 0 0 10 0 0 0 0 0 0 0 0 0 0 0 0 0 0 0 0 0 0 0 0 4 3 7 27 8 0 6 11 0 3 1 12 0 18 0 0 21 0 0 3 20 0 14 0 0 0 37 16 11 13 16 0 31 4 0 33 20 0 6 16 0 0 0 0 0 0 0 0 0 0 0 0 0 0 0 0 14 0 0 0 0 0 51 0 0 0 0 0 0 0 0 14 0 2 0 0 0 0 4 0 27 0 0 0 0 0 0 0 2 0 0 0 0 0 0 0 0 0 0 0 0 0 0 0 11 18 0 0 0 0 
 0 0 0 0 0 0 0 0 0 0 0 0 0 0 0 0 0 0 0 1 3 0 2 1 67 2 2 2 2 3 2 5 2 2 1 2 2 3 2 2 146 440 158 92 65 184 415 0 154 38 33 27 98 137 81 181 171 197 101 139 4 0 0 0 0 1 0 0 4 3 20 0 0 0 1 0 0 2 1 2 0 0 0 0 0 0 0 0 0 0 0 0 0 0 0 0 0 0 0 0 0 0 0 0 1 0 0 0 0 0 0 0 0 0 0 0 0 0 0 0 16 20 9 20 9 0 31 31 16 43 0 4 18 0 9 26 45 28 0 7 3 0 6 0 0 0 12 0 0 3 0 0 0 1 0 4 0 4 0 0 2 0 0 4 0 34 6 0 0 0 0 1 6 0 0 0 14 0 4 0 0 0 0 0 0 0 0 0 0 0 0 0 0 0 0 0 0 0 0 0 24 23 29 5 0 9 10 11 0 4 30 0 12 25 0 56 14 0 12 0 0 1 0 0 0 0 5 1 0 2 0 0 0 0 0 1 3 4 0 1 0 0 0 0 0 0 0 0 0 0 0 4 0 0 0 0 0 0 0 0 0 0 2 0 1 3 2 1 1 0 0 0 2 0 0 0 0 0 0 0 0 0 0 0 28 13 0 11 0 0 
 0 1 0 0 0 0 0 0 0 0 0 0 0 0 0 0 0 0 0 0 21 2 0 0 0 0 276 60 60 1 1 0 0 2 1 60 2 0 1 7 141 134 213 136 128 119 40 154 0 92 194 94 154 205 105 44 50 102 75 149 2 6 1 2 0 0 2 1 2 3 4 0 0 52 2 0 0 7 0 71 0 0 0 0 0 5 0 0 0 0 0 0 0 0 0 39 0 0 0 0 26 0 20 0 0 0 0 7 7 0 6 0 0 0 0 4 0 0 12 0 10 24 4 29 14 10 0 0 11 7 35 34 0 17 9 13 0 9 0 0 0 0 0 0 0 0 11 17 0 0 0 0 17 0 0 0 0 0 7 19 0 0 0 0 0 19 0 0 0 0 0 3 0 0 0 0 0 0 0 5 8 0 0 14 0 0 0 0 0 18 0 9 3 17 0 0 0 0 4 14 30 10 14 0 19 19 0 7 0 33 12 22 0 0 0 24 25 26 0 0 16 0 0 0 0 0 22 11 0 0 0 0 1 17 0 0 0 0 13 0 0 0 0 0 0 0 0 0 0 0 0 10 0 0 0 0 0 0 2 1 0 0 0 0 0 12 0 64 0 0 1 0 0 0 0 0 0 0 0 0 0 0 0 0 0 31 0 11 0 0 
 0 6 0 0 0 0 34 0 0 0 0 0 0 0 0 0 0 0 0 0 3 2 0 1 1 10 0 0 0 0 0 7 0 0 0 6 0 6 0 4 131 386 133 145 139 601 106 38 92 0 126 65 42 102 429 232 72 120 165 113 0 0 0 0 0 59 0 0 0 0 1 0 0 0 3 0 0 0 5 0 0 0 0 0 0 0 0 0 0 0 0 0 0 0 0 0 0 0 0 0 0 0 0 0 0 32 0 0 0 0 0 0 0 0 0 0 0 0 0 0 3 63 22 12 11 34 24 12 10 14 7 0 13 17 2 7 35 20 0 2 0 0 0 0 0 0 3 9 0 0 0 0 0 7 0 0 0 0 0 0 0 0 0 0 0 0 0 0 0 0 0 1 0 0 0 15 0 3 0 1 0 0 0 0 36 3 0 0 0 0 0 0 0 0 0 0 0 0 0 0 0 0 39 10 29 11 0 15 54 1 0 3 0 0 0 1 11 29 1 10 0 0 1 0 0 0 0 0 0 0 0 0 3 0 0 11 0 0 0 11 0 0 11 0 0 0 0 0 0 0 0 5 0 0 0 0 0 0 0 10 0 0 3 38 2 0 0 0 0 0 27 0 0 0 0 0 0 0 0 0 0 0 0 0 1 11 0 11 0 0 
 3 8 3 3 3 5 3 3 14 6 11 6 3 3 3 3 3 3 5 3 2 0 0 0 0 212 1 0 0 1 1 2 0 0 2 0 0 0 0 0 241 112 99 220 220 146 53 33 194 126 0 153 50 105 64 190 146 57 31 64 0 2 0 3 0 208 17 6 0 0 1 209 0 51 23 0 0 2 0 0 22 0 0 0 0 6 12 0 0 0 0 0 0 0 0 0 0 0 0 0 3 0 2 1 14 0 0 0 20 0 0 0 12 0 0 5 0 0 3 0 0 21 0 37 0 21 0 18 0 56 0 31 0 0 7 5 0 1 0 0 0 15 0 11 0 0 19 8 0 2 8 0 12 0 0 0 0 0 9 7 6 8 0 4 0 0 0 0 0 0 0 33 2 0 0 0 0 0 0 3 1 0 0 0 0 0 0 0 0 0 0 0 1 6 7 0 0 0 0 0 31 38 17 44 20 0 0 0 9 13 1 0 0 14 0 19 1 30 0 0 12 19 0 0 12 0 11 0 0 0 0 0 2 0 10 0 1 0 18 13 0 0 0 0 0 0 0 0 0 0 0 2 2 0 1 0 0 0 0 0 0 1 6 0 2 21 0 13 2 0 20 0 0 0 0 0 0 0 0 0 0 3 0 0 0 1 0 0 0 0 
 0 1 0 0 80 0 0 2 0 0 0 0 0 0 0 0 0 0 0 0 89 2 2 0 0 1 0 2 1 1 0 4 0 2 1 3 1 61 0 0 253 47 87 106 117 91 27 27 94 65 153 0 30 258 301 98 69 284 29 34 0 5 0 4 0 0 39 0 0 5 0 0 1 0 0 0 0 1 0 5 0 0 0 0 0 0 0 0 0 10 0 0 0 0 0 0 0 0 0 0 0 18 1 24 0 0 0 9 10 9 20 0 0 0 0 0 6 1 0 9 0 28 0 28 0 26 0 0 0 17 10 0 0 0 11 0 0 17 0 0 0 0 0 0 0 0 2 37 0 0 0 0 13 1 0 0 0 0 15 12 0 0 0 0 0 0 0 0 0 0 0 0 0 0 0 0 0 0 0 2 1 13 0 0 0 0 6 0 0 20 0 0 0 0 0 0 1 44 0 0 2 11 9 12 10 1 0 6 7 18 0 4 0 9 0 1 29 18 0 4 13 0 0 0 0 0 18 0 0 0 0 0 23 0 0 0 0 0 13 13 0 0 0 0 0 0 0 0 0 0 1 7 0 14 0 0 0 1 0 15 0 0 6 0 0 0 1 64 0 0 5 0 0 0 0 0 0 0 0 0 0 0 0 0 0 0 0 0 0 0 
 4 4 4 0 0 27 0 8 0 4 0 0 0 0 24 6 0 1 0 0 0 0 0 62 64 0 0 0 34 0 58 3 0 6 0 123 0 30 0 0 282 62 45 264 74 21 186 98 154 42 50 30 0 155 265 88 34 294 424 278 0 0 0 0 0 0 0 0 0 0 0 0 0 0 0 0 0 2 0 0 0 0 44 2 0 0 27 29 7 0 0 17 0 0 0 0 0 0 6 0 0 0 0 0 52 0 11 0 0 0 0 24 0 0 24 0 0 11 0 47 0 0 0 19 0 0 0 27 2 8 0 36 40 0 42 1 0 1 7 1 0 0 0 0 0 0 0 0 0 0 2 0 0 0 0 0 0 0 0 6 9 0 9 1 5 0 4 0 0 0 1 4 19 9 0 4 2 0 0 4 0 0 25 10 0 0 0 0 0 0 13 13 0 0 0 0 0 0 4 0 30 16 1 0 0 0 35 17 1 9 0 0 12 34 10 24 9 9 34 0 0 0 0 0 0 0 9 0 0 0 0 0 0 0 0 0 0 0 0 0 0 0 0 0 0 0 0 0 0 18 0 2 0 1 0 0 0 66 0 4 0 0 10 0 0 20 2 0 0 0 0 0 0 0 0 0 0 0 0 0 0 0 0 0 1 0 0 0 0 0 
 0 3 0 0 0 0 0 0 0 0 0 2 0 0 0 6 0 0 0 0 2 63 0 0 76 65 0 0 0 0 35 21 0 0 0 0 0 0 0 0 230 95 42 88 97 483 192 137 205 102 105 258 155 0 248 26 103 44 220 210 0 0 15 33 0 2 0 0 0 1 20 0 0 0 1 0 0 1 0 0 0 0 0 0 0 0 0 0 0 0 0 0 0 0 0 0 0 0 0 0 0 0 0 0 12 8 0 0 0 0 0 0 0 0 0 0 0 0 0 0 36 11 15 0 12 1 0 49 21 0 0 0 10 21 22 17 16 0 20 0 0 0 1 0 0 0 0 0 4 2 7 0 0 0 0 0 0 0 0 15 1 3 0 4 1 0 0 0 0 0 0 0 10 0 0 0 0 0 0 5 0 0 0 28 14 13 0 0 0 0 13 0 8 0 0 0 0 0 0 0 0 1 16 10 0 11 16 11 10 0 8 0 12 22 33 0 0 18 0 0 0 0 0 0 0 0 15 0 0 0 0 0 0 0 0 0 0 0 0 0 0 0 0 0 0 0 0 0 0 26 0 1 0 2 0 0 0 66 0 0 0 0 0 0 0 1 0 0 0 0 0 0 0 0 0 0 0 0 0 0 0 0 0 0 0 0 0 12 0 0 
 0 0 0 0 0 1 0 0 0 0 0 0 0 1 2 0 0 2 0 0 3 3 0 1 0 0 0 0 0 0 65 29 0 65 1 0 0 0 0 6 183 401 135 102 102 183 161 81 105 429 64 301 265 248 0 106 41 100 101 349 7 0 0 0 0 0 5 0 3 0 0 3 0 2 10 0 0 0 0 1 0 0 0 0 0 0 0 0 0 0 0 0 8 0 0 0 0 0 0 0 0 9 0 0 13 13 0 7 1 0 0 8 0 0 0 0 0 0 0 0 72 5 1 1 12 7 0 1 10 1 10 0 0 2 2 0 20 0 23 10 4 3 0 0 0 0 5 0 6 4 5 0 0 7 0 0 0 0 0 6 1 0 0 0 0 0 0 0 0 0 0 0 0 0 0 0 0 0 0 0 0 0 1 11 0 46 0 0 0 0 13 6 0 0 0 0 0 0 0 0 0 0 0 0 0 10 38 37 23 4 0 8 37 21 29 13 22 9 10 0 0 0 5 0 0 0 20 0 3 5 0 0 6 0 0 0 0 1 0 10 0 0 0 0 0 0 0 0 0 0 0 2 2 0 0 0 0 0 0 0 0 0 2 64 2 4 4 0 0 0 0 0 0 10 0 0 0 0 0 0 0 0 0 0 18 0 0 10 0 0 
 0 1 0 0 0 0 0 0 0 0 0 0 0 0 0 0 0 0 0 0 2 2 1 66 0 9 1 1 1 0 1 4 1 1 2 3 1 6 1 6 132 391 391 129 100 192 106 181 44 232 190 98 88 26 106 0 97 138 52 140 0 3 2 0 0 0 206 2 3 0 2 0 0 0 0 2 0 0 0 1 0 0 1 7 0 0 0 0 0 0 0 0 0 0 0 0 0 0 0 0 0 0 0 0 22 12 0 0 0 0 0 9 0 0 0 0 0 0 0 0 0 19 11 12 0 8 5 3 10 7 11 7 3 0 26 21 4 9 0 0 0 0 0 0 11 0 22 10 0 0 0 0 11 0 0 0 0 0 0 0 0 0 0 0 0 0 0 0 0 0 0 0 0 0 0 0 0 0 0 0 0 0 0 0 0 0 0 0 0 0 0 6 0 0 0 0 0 0 0 0 28 36 4 0 0 0 8 12 15 0 19 15 18 21 0 32 35 8 15 8 11 0 0 0 0 0 0 0 0 0 0 0 0 0 0 0 0 0 11 20 0 0 0 0 0 0 0 0 0 0 0 9 0 1 0 0 0 0 0 0 0 0 63 65 0 1 1 68 2 0 0 0 0 0 0 0 0 0 0 0 0 0 0 0 13 11 0 0 0 0 
 17 7 0 0 0 0 7 3 0 0 0 0 0 0 2 0 27 65 2 0 0 0 0 1 67 0 0 0 0 0 0 2 0 3 0 2 0 0 0 2 96 24 98 93 119 101 96 171 50 72 146 69 34 103 41 97 0 314 83 184 0 8 49 0 2 0 0 0 0 0 2 0 0 0 0 0 0 2 0 0 0 10 5 1 0 0 3 3 0 0 9 0 0 0 0 6 0 0 14 0 0 0 0 0 0 9 0 0 0 0 0 0 0 0 0 0 0 0 0 5 20 12 20 13 0 6 1 10 42 26 0 16 11 0 0 24 16 11 0 0 0 0 5 0 0 0 11 23 19 4 0 0 57 0 0 0 0 0 1 0 3 0 0 4 0 0 0 0 0 0 0 2 26 6 0 0 0 15 0 0 0 0 0 0 0 0 0 0 0 0 0 0 0 0 0 0 0 0 0 0 15 33 19 4 10 0 18 0 8 0 21 0 15 11 0 10 15 4 0 0 16 0 0 0 0 0 7 0 0 0 0 0 10 0 0 0 0 0 13 0 0 0 0 0 0 0 0 0 0 0 0 4 0 1 0 0 0 0 0 0 0 0 0 0 0 0 0 63 0 0 0 0 0 0 0 0 0 0 0 0 0 0 0 0 21 16 0 0 0 0 
 67 4 3 3 3 3 3 3 3 3 5 3 3 3 67 4 3 7 3 3 2 2 1 0 3 2 0 0 2 0 0 8 3 0 2 0 20 0 0 0 331 35 124 96 124 54 337 197 102 120 57 284 294 44 100 138 314 0 76 353 0 0 0 1 0 0 3 0 0 0 4 208 2 0 0 0 0 4 11 0 0 0 0 0 0 0 0 0 0 0 0 0 0 0 0 0 0 0 0 0 0 0 0 0 0 13 0 0 0 0 0 0 0 0 0 0 0 0 0 0 38 60 20 48 0 13 27 4 26 23 33 37 11 20 14 13 2 63 0 33 0 0 6 0 0 0 0 0 4 1 0 0 10 1 0 0 0 0 1 7 1 0 0 0 0 0 0 0 0 0 0 0 0 0 0 0 0 0 0 2 0 0 0 0 0 12 0 0 0 0 0 0 0 0 0 0 0 0 0 0 0 12 8 0 12 0 15 9 9 8 24 10 0 0 0 10 49 23 0 2 0 0 0 0 0 0 16 0 0 0 0 0 23 0 0 0 0 0 0 0 0 0 8 0 0 0 0 0 0 0 0 14 0 1 0 0 0 0 0 0 0 2 0 0 0 0 3 0 2 0 0 0 0 0 0 0 0 0 0 0 0 0 0 0 19 19 0 1 0 0 
 0 1 0 0 0 0 0 0 59 0 0 0 0 0 0 0 0 0 0 22 3 0 5 83 70 5 0 0 0 0 0 40 0 0 0 4 0 0 0 0 120 41 43 66 57 50 207 101 75 165 31 29 424 220 101 52 83 76 0 361 0 0 0 0 0 14 0 0 0 0 0 0 0 0 3 0 0 2 7 0 0 0 0 0 0 0 0 0 0 0 0 0 0 0 0 0 0 0 0 0 0 0 0 0 67 45 0 0 0 0 0 16 0 0 0 0 0 0 0 0 29 0 20 3 0 0 27 22 20 15 21 0 27 29 13 5 63 18 8 12 0 0 0 0 0 0 0 0 11 2 6 0 0 0 0 0 0 0 1 5 2 0 0 3 0 0 0 0 0 0 0 0 6 1 0 0 0 0 12 0 0 0 0 10 0 8 0 0 0 0 15 3 0 0 0 0 0 0 0 0 3 14 7 49 2 0 24 39 12 0 45 0 31 38 20 14 14 1 16 7 0 0 0 1 0 0 0 0 0 0 15 0 0 0 0 0 0 14 0 0 0 0 9 0 0 0 0 0 0 26 0 15 0 2 0 0 0 0 0 1 0 0 0 0 2 0 0 0 1 0 0 0 0 0 1 0 0 0 0 0 0 0 0 0 2 0 0 0 0 0 
 1 24 9 8 6 3 0 0 25 3 1 0 0 0 2 1 0 2 0 0 3 2 5 3 68 23 5 3 6 11 3 67 4 3 3 3 3 3 4 5 75 108 128 280 82 114 208 139 149 113 64 34 278 210 349 140 184 353 361 0 0 0 0 0 0 0 0 0 0 0 2 0 0 0 0 0 0 2 0 0 0 0 0 3 6 0 0 0 0 0 0 6 0 0 0 0 0 0 0 0 0 0 0 0 0 11 5 0 0 0 0 0 0 0 0 0 0 0 0 0 30 5 7 5 54 20 0 10 0 0 0 8 12 7 0 31 23 1 4 0 0 0 2 0 0 0 26 0 5 3 0 0 0 0 0 0 0 0 0 1 0 0 1 3 15 0 5 0 0 7 2 0 0 3 0 12 36 0 1 0 15 0 0 0 0 0 0 0 0 0 0 0 1 0 0 0 0 0 21 0 12 4 9 1 0 12 17 13 13 6 14 0 22 10 14 52 23 0 19 0 0 0 0 0 0 0 0 0 0 0 0 0 0 0 0 0 0 0 0 0 0 3 1 0 0 0 4 0 0 0 0 6 0 2 0 0 0 0 2 0 0 0 4 0 0 0 0 19 0 0 0 0 0 0 0 0 0 0 0 0 0 0 0 0 7 7 0 10 2 0 
 0 4 0 0 0 0 0 0 0 0 0 0 0 0 0 0 0 0 0 0 0 0 0 0 0 0 0 0 0 0 2 0 0 0 0 0 0 0 0 0 0 0 1 17 27 0 0 4 2 0 0 0 0 0 7 0 0 0 0 0 0 150 113 121 36 38 126 109 97 50 60 43 123 147 430 160 130 320 76 76 0 0 0 0 0 0 0 0 0 0 0 0 0 0 0 0 0 0 0 6 0 0 6 0 0 0 0 0 0 0 0 0 0 0 0 0 0 0 0 0 0 0 0 0 8 0 0 0 0 0 0 0 0 0 0 0 0 0 0 0 28 0 2 0 22 2 26 14 12 16 0 3 17 5 2 27 1 5 0 0 0 0 0 0 0 0 0 0 0 0 0 0 0 0 0 1 0 0 0 0 0 0 0 0 0 0 0 0 0 0 0 0 0 0 0 0 0 0 0 0 0 0 0 0 2 38 0 0 0 0 0 0 0 0 0 0 0 0 0 0 0 74 14 16 0 18 7 48 27 64 0 0 8 9 73 0 0 7 0 0 0 0 0 0 0 0 0 0 0 0 0 0 0 0 8 0 0 0 0 0 0 0 0 0 0 0 20 0 0 0 21 0 0 1 1 1 0 0 0 0 0 0 0 0 13 2 0 0 0 0 
