 0 187 57 155 166 30 288 234 40 116 199 107 43 216 128 136 292 207 41 157 0 3 0 4 0 0 2 5 6 0 2 2 0 0 0 1 4 3 0 0 0 0 0 6 0 0 0 3 0 0 0 1 0 1 0 0 0 0 0 0 0 2 0 0 31 0 0 3 4 1 0 3 0 24 3 2 0 0 0 0 7 19 49 27 14 0 0 11 25 0 35 0 1 0 10 0 39 48 0 10 0 1 0 0 0 0 0 0 0 0 0 0 34 0 0 0 0 0 59 0 0 0 0 0 0 6 0 0 0 0 0 1 0 0 0 0 0 0 0 0 0 0 0 0 0 0 0 0 0 4 0 0 0 0 0 0 0 0 0 0 3 39 44 22 0 0 0 14 69 0 1 34 0 0 0 1 7 0 0 2 0 0 1 0 0 0 0 0 2 0 0 0 0 0 0 0 2 0 20 22 0 0 0 0 0 0 0 0 0 0 1 0 0 0 0 0 0 0 0 0 0 0 0 0 0 0 0 0 0 0 0 1 0 0 0 0 0 0 0 0 0 1 0 0 0 94 2 0 0 88 0 7 0 0 0 0 2 0 0 0 0 0 0 0 0 0 3 0 0 0 0 0 0 0 0 10 29 0 0 0 0 0 0 0 0 0 0 0 0 0 
 187 0 406 289 31 37 177 412 37 53 38 29 128 77 70 50 118 168 240 88 0 3 0 0 0 0 2 4 4 0 0 2 0 0 0 1 4 0 0 0 10 0 0 0 0 0 0 3 0 0 1 3 0 2 0 0 0 0 0 0 0 0 0 0 0 0 33 3 3 3 0 0 0 6 2 3 0 0 0 0 14 0 0 29 14 0 12 0 0 34 15 13 14 9 0 2 22 25 23 16 0 0 0 0 0 0 0 0 0 0 0 0 0 0 0 11 0 0 45 0 0 0 0 0 0 0 0 0 0 0 0 0 0 0 0 0 0 0 0 0 0 0 0 0 0 0 0 0 0 5 0 0 0 0 0 0 0 0 0 0 16 21 20 20 11 0 7 10 0 0 0 20 16 0 48 0 0 7 15 2 0 0 0 0 0 0 0 0 0 0 0 0 0 0 0 0 0 0 0 0 0 0 0 0 0 0 0 0 0 0 0 0 0 0 0 0 0 0 0 0 0 0 0 0 0 0 0 0 0 0 0 0 0 0 0 0 0 0 0 0 0 0 0 0 0 0 0 1 2 88 0 2 3 0 0 0 0 0 0 0 0 0 0 0 0 0 0 0 0 0 0 0 0 0 0 0 0 0 0 0 0 0 0 0 0 0 0 0 0 0 
 57 406 0 183 118 54 221 100 171 280 359 110 167 233 163 147 162 98 43 100 0 3 0 0 0 0 2 3 5 0 0 2 78 0 0 2 2 1 0 0 0 0 0 0 0 0 0 9 0 0 0 1 0 2 0 0 0 0 0 5 0 0 0 0 0 0 0 2 3 1 0 0 0 0 3 2 5 0 0 0 5 0 19 87 0 5 0 13 10 33 14 62 7 38 0 19 0 7 21 13 0 0 0 0 0 0 9 0 6 0 0 0 0 0 0 0 9 0 42 42 0 0 0 7 0 0 0 0 0 0 0 0 0 11 0 0 0 0 0 0 0 0 0 0 0 0 0 0 0 0 0 0 0 0 0 0 0 0 0 0 11 1 7 21 13 3 0 0 0 28 19 13 14 0 0 47 12 0 19 0 0 0 0 0 0 0 19 0 0 0 0 0 19 43 0 0 0 0 76 15 0 0 0 0 0 0 0 0 0 0 0 4 0 0 0 0 0 0 0 17 0 0 0 0 0 0 0 0 0 0 0 0 0 0 0 0 0 0 0 0 0 0 0 0 0 1 4 0 2 88 0 6 0 0 0 0 0 0 0 0 0 0 10 0 0 0 0 0 0 0 0 0 0 0 0 18 0 17 0 0 0 0 0 0 0 0 0 0 0 0 
 155 289 183 0 124 327 73 81 174 621 391 136 134 92 83 208 97 210 163 158 0 3 3 0 0 0 78 78 6 209 2 2 22 0 2 3 2 1 76 98 0 0 2 3 0 2 64 3 0 0 3 1 3 70 3 0 0 0 2 0 2 0 0 0 0 0 0 3 3 1 0 6 0 2 6 2 1 0 0 3 26 16 12 29 33 10 0 0 62 23 1 41 0 13 11 22 22 22 16 0 17 31 0 0 0 0 0 0 0 0 0 0 0 17 0 0 0 14 0 1 0 0 0 0 0 0 0 0 0 0 0 0 0 0 0 0 0 0 2 0 0 0 0 0 0 0 0 0 0 0 0 0 0 0 0 1 0 0 0 19 0 8 31 0 10 29 0 10 0 19 6 2 0 36 42 28 14 2 9 5 0 13 1 0 0 0 10 11 12 1 0 0 16 0 0 0 31 0 23 0 0 0 0 0 0 0 0 0 0 0 0 0 0 0 0 0 0 0 0 0 0 0 0 0 0 0 0 0 0 0 0 2 0 0 0 0 0 0 0 0 0 11 0 0 0 0 62 1 90 3 2 9 0 0 0 0 0 0 0 0 0 0 0 0 0 0 0 0 0 0 0 0 0 0 0 7 28 0 0 0 0 0 0 0 0 0 0 0 0 0 
 166 31 118 124 0 168 78 351 161 377 214 148 89 216 181 188 145 125 270 81 75 3 74 0 1 0 79 3 4 0 0 2 3 0 0 20 2 0 3 0 0 0 0 8 1 0 0 2 0 0 0 67 0 4 0 0 0 0 0 0 0 0 0 0 1 0 0 3 3 3 0 1 0 2 2 3 0 0 0 0 4 36 30 0 0 0 0 3 20 0 21 0 0 0 21 44 34 55 1 1 8 0 0 12 0 0 10 0 0 0 0 0 29 0 8 9 0 0 11 5 0 0 0 0 0 9 0 0 0 2 2 0 2 0 0 0 0 0 11 0 0 0 0 0 0 0 0 0 0 0 0 3 0 0 0 0 0 0 0 1 5 20 66 35 2 0 0 0 23 1 1 28 0 0 0 0 23 16 10 0 0 2 18 1 0 0 13 16 4 12 0 0 0 0 0 0 0 24 31 6 0 2 0 2 0 0 0 0 0 0 0 0 0 0 0 0 0 0 0 0 0 0 0 0 0 0 0 0 0 2 0 0 0 0 1 11 0 0 0 0 0 11 0 0 0 2 0 0 1 2 0 3 19 0 0 0 0 0 1 0 0 0 0 0 0 0 0 0 0 0 0 0 0 0 0 0 24 0 0 0 0 0 0 0 0 0 0 0 0 0 
 30 37 54 327 168 0 36 37 51 62 310 141 37 39 46 89 46 67 60 65 120 3 77 0 0 0 97 76 105 35 73 2 76 75 109 74 2 0 132 3 0 0 0 0 0 0 0 3 0 0 0 3 7 4 0 0 0 0 0 71 0 0 0 0 0 0 0 3 3 3 0 0 0 0 2 3 0 0 0 0 0 0 0 0 0 41 0 0 0 0 0 0 0 0 0 0 0 0 2 0 21 2 15 0 11 10 49 13 0 59 0 0 36 14 25 20 15 1 0 4 0 0 0 0 0 0 0 0 0 0 0 0 0 0 0 0 0 0 2 0 0 0 0 0 0 0 0 0 0 0 0 2 10 0 0 0 0 0 0 4 0 0 0 1 9 2 0 0 3 0 0 0 0 0 0 0 0 0 22 0 9 25 18 2 0 0 31 35 14 54 0 10 35 5 29 25 1 0 16 19 0 0 0 1 0 0 0 0 0 0 0 0 0 0 0 0 9 0 0 0 0 0 0 0 0 0 0 0 0 0 10 0 0 0 0 0 2 0 0 0 0 0 8 0 0 0 4 0 4 5 0 24 0 0 0 0 0 0 0 0 0 0 0 0 0 0 0 0 0 0 0 0 0 0 0 0 0 0 0 0 0 0 0 0 0 0 0 0 0 0 
 288 177 221 73 78 36 0 352 90 115 127 99 70 156 138 22 205 23 35 438 3 5 0 1 0 0 2 3 6 2 0 2 2 0 0 0 2 2 0 0 4 2 0 0 3 0 0 3 2 2 5 3 62 2 0 0 0 2 0 3 4 0 4 0 0 7 4 3 48 3 4 0 0 11 8 3 0 4 4 0 20 39 9 36 3 0 2 16 0 12 23 10 22 45 11 5 3 28 18 33 0 0 0 0 0 0 0 0 0 0 0 0 16 0 0 0 0 0 18 0 0 0 0 0 0 0 0 0 0 0 0 0 0 0 0 0 0 0 0 0 0 0 0 0 0 0 0 0 0 0 0 0 0 0 0 0 0 0 0 8 49 17 57 25 0 10 1 22 20 0 18 21 0 10 0 43 20 2 18 9 0 0 0 0 0 0 0 0 0 0 0 0 0 0 0 0 0 0 0 12 0 0 0 0 0 0 0 0 0 0 0 0 0 0 0 0 0 0 0 0 0 0 0 0 0 0 0 0 0 0 0 0 0 0 0 0 0 0 0 0 0 0 0 0 0 0 2 1 0 44 19 19 0 0 0 0 1 0 0 0 0 0 0 0 0 0 0 0 0 0 0 0 0 0 0 5 0 0 0 0 0 0 0 0 0 0 0 0 0 0 
 234 412 100 81 351 37 352 0 173 278 168 452 168 357 61 231 206 31 286 106 0 3 0 0 0 0 0 2 4 0 0 2 0 1 0 0 6 1 0 0 63 0 2 6 3 0 0 0 0 2 5 3 0 6 0 0 2 0 0 0 3 2 3 0 0 0 2 0 0 5 0 3 3 8 0 0 3 2 37 3 6 1 44 45 0 0 0 41 18 32 35 55 7 25 0 30 12 42 9 0 0 0 0 0 0 0 0 0 0 0 0 0 11 18 0 0 0 0 8 30 0 0 0 0 0 0 0 9 0 0 0 0 0 0 0 0 0 0 0 0 0 1 0 0 0 0 0 0 0 0 0 0 0 0 0 0 0 0 0 0 20 17 11 40 18 24 0 0 0 7 22 18 16 0 0 8 14 0 13 1 4 0 0 0 0 0 0 1 0 0 0 0 20 11 0 0 0 0 36 39 0 0 0 0 0 0 0 0 0 0 0 1 0 0 0 0 0 0 0 0 0 0 0 0 0 0 0 0 0 0 0 0 0 1 0 0 0 0 0 0 0 0 0 0 0 0 0 2 2 1 0 20 20 0 0 0 0 0 0 0 0 0 0 0 0 0 0 0 0 0 0 0 0 0 0 0 0 11 0 0 0 0 0 0 0 0 0 0 0 0 
 40 37 171 174 161 51 90 173 0 283 48 37 279 319 296 491 51 142 94 174 0 3 0 0 0 0 2 2 7 0 1 2 2 0 0 1 3 0 79 0 0 0 0 0 0 0 0 3 0 0 0 2 0 0 0 0 62 0 0 0 0 0 0 0 0 24 0 3 5 6 0 0 0 0 3 2 0 0 0 0 15 27 2 56 0 0 0 19 23 39 23 31 8 15 26 23 0 20 15 17 0 0 0 0 0 0 0 0 2 0 0 0 0 0 0 0 0 0 7 21 0 0 0 24 2 0 0 0 0 0 0 0 0 0 0 0 0 0 0 0 0 0 0 0 0 0 0 0 0 0 0 0 0 0 13 0 0 0 0 0 21 43 1 35 51 23 0 20 11 17 88 0 0 38 2 27 67 0 22 99 0 0 0 0 0 0 1 0 0 0 0 0 18 10 0 1 0 0 19 15 0 0 0 0 0 0 0 0 0 0 0 0 0 0 19 0 0 0 0 0 0 0 0 0 0 0 0 0 0 0 0 0 0 0 0 0 0 0 0 0 0 11 0 0 0 0 0 0 4 0 16 12 0 0 0 0 0 0 0 0 0 0 0 0 0 0 0 0 0 0 0 0 0 0 0 1 0 11 0 0 0 0 0 0 0 0 0 0 0 0 
 116 53 280 621 377 62 115 278 283 0 343 181 132 171 305 114 314 164 169 271 76 3 0 0 0 0 35 153 3 7 0 2 0 0 0 0 2 0 0 225 0 0 0 0 1 0 0 3 0 0 0 2 0 4 0 63 0 0 0 27 0 0 0 0 0 0 0 3 3 2 0 0 0 0 2 3 0 0 0 0 24 13 16 7 13 10 0 12 0 1 50 0 0 0 16 32 0 36 0 0 5 10 0 0 0 0 0 1 0 0 0 0 9 27 0 0 1 0 1 52 0 0 0 0 0 0 0 15 0 16 0 0 0 0 0 0 0 0 4 0 0 0 0 0 0 0 0 0 0 0 0 0 0 0 0 0 0 0 0 16 1 0 0 0 10 25 6 0 0 0 31 0 0 14 3 10 0 12 34 21 0 14 0 0 0 0 13 11 13 1 0 0 14 1 13 0 0 1 0 49 0 0 0 0 0 0 0 0 0 0 0 0 0 0 0 0 0 0 0 0 0 0 0 13 0 17 0 0 0 0 0 0 0 0 0 0 0 0 0 0 0 11 0 0 0 1 61 1 91 2 1 16 14 0 0 0 0 0 0 0 0 0 0 0 0 0 0 0 0 0 0 0 0 2 0 0 0 0 0 0 0 0 0 0 0 0 0 0 0 0 
 199 38 359 391 214 310 127 168 48 343 0 428 20 94 69 322 184 167 260 172 1 3 0 0 0 0 78 64 4 1 0 2 1 0 1 0 2 0 0 100 0 0 0 7 0 0 0 3 0 0 0 2 2 2 0 0 0 0 0 1 0 0 0 0 1 0 0 6 3 2 0 0 0 0 2 3 0 0 0 0 19 0 46 14 2 26 0 1 35 29 14 19 0 14 1 1 1 18 0 1 11 5 0 0 0 0 0 16 0 0 5 3 58 66 0 0 0 0 0 34 0 0 0 0 0 0 0 0 0 0 0 0 9 0 0 0 0 0 0 0 0 0 0 0 0 0 0 0 0 0 0 5 0 0 0 0 0 0 0 10 0 18 26 31 0 21 0 0 0 9 34 0 0 1 0 14 26 0 0 0 0 46 0 0 7 0 19 3 0 0 0 0 0 14 3 0 0 0 58 46 0 0 0 6 0 0 0 0 0 0 0 0 0 0 0 0 0 0 0 0 0 0 0 0 0 0 0 0 0 0 3 0 0 0 15 0 0 0 0 8 0 0 0 0 0 3 91 2 1 1 0 14 0 0 0 0 1 0 0 0 0 0 0 0 0 0 0 0 0 0 0 0 0 0 0 8 0 0 0 0 0 0 0 0 0 0 0 0 0 0 
 107 29 110 136 148 141 99 452 37 181 428 0 52 28 40 41 63 65 284 31 74 3 4 1 0 0 194 113 9 0 81 2 153 4 4 0 2 9 75 158 0 3 0 0 0 0 0 3 0 0 0 3 0 2 4 0 0 0 0 3 38 0 0 0 2 0 0 3 5 3 4 0 0 0 8 3 0 4 0 0 6 0 33 0 25 20 0 1 0 0 14 10 0 0 0 0 0 15 0 0 0 28 11 2 11 4 15 0 9 0 0 1 34 49 0 13 12 0 8 24 0 0 0 0 0 0 8 0 0 0 0 0 0 0 0 1 2 0 10 0 0 0 0 0 0 0 0 0 0 0 2 0 0 0 0 0 0 0 0 4 0 0 0 0 18 19 0 0 1 10 14 11 0 0 0 0 0 1 0 5 14 33 13 0 0 0 29 0 24 0 0 0 14 14 10 0 0 0 0 8 1 0 0 0 0 2 0 0 0 0 0 0 0 0 1 0 0 0 0 0 0 0 0 0 0 0 0 0 0 0 17 0 0 0 0 0 0 2 0 0 0 0 0 0 0 6 85 0 92 2 0 5 2 2 0 0 0 0 0 0 2 0 8 0 0 0 0 1 0 0 0 0 0 0 0 0 0 0 0 0 0 0 0 0 0 0 0 0 0 0 
 43 128 167 134 89 37 70 168 279 132 20 52 0 66 72 56 49 323 306 121 74 3 0 0 1 0 2 2 5 0 0 4 0 2 0 0 2 0 0 0 0 0 0 23 1 0 0 3 0 22 0 6 0 2 3 0 1 2 0 0 10 1 0 0 56 3 0 3 3 2 0 2 10 5 2 3 0 0 11 1 12 27 0 52 9 0 25 22 0 16 36 12 12 12 10 20 0 39 61 0 0 0 0 0 0 0 0 0 0 10 0 0 0 0 0 0 0 0 0 0 0 0 10 12 0 0 0 0 1 0 0 0 0 0 0 0 0 0 0 0 11 0 0 2 0 0 0 0 0 15 0 0 0 4 0 0 0 0 0 0 15 2 0 25 0 12 9 51 0 0 21 0 1 20 55 28 61 0 44 10 0 0 0 0 0 0 0 0 0 2 0 0 0 0 0 0 0 0 0 0 0 0 0 0 0 0 0 0 0 7 0 0 0 0 0 0 0 0 0 0 0 0 0 0 0 0 0 0 0 0 2 0 0 0 0 1 0 0 0 0 0 12 0 0 0 0 0 0 1 0 21 8 0 0 0 0 0 0 0 0 0 0 0 0 0 0 0 0 0 0 0 0 0 0 0 1 0 0 0 0 0 0 0 0 0 0 0 0 0 0 
 216 77 233 92 216 39 156 357 319 171 94 28 66 0 149 309 433 32 87 419 0 3 0 2 0 0 2 2 5 0 2 2 0 5 0 2 4 2 1 0 0 0 0 23 0 0 0 3 0 0 0 3 0 2 0 0 0 0 0 0 0 0 0 0 0 0 0 3 54 3 0 0 0 0 2 3 0 0 0 0 14 37 35 0 0 0 0 5 75 20 16 27 0 34 15 19 17 36 0 1 0 0 0 0 0 0 0 0 0 0 13 0 12 8 0 0 0 0 18 0 0 0 0 0 0 20 0 0 0 0 0 0 0 0 0 0 0 0 0 0 0 0 0 0 0 0 0 2 0 1 0 0 0 0 0 0 0 1 0 26 0 35 58 10 17 10 0 0 36 17 4 30 0 1 0 23 33 3 10 10 0 0 0 0 0 0 0 0 0 0 0 0 9 0 0 0 0 0 57 11 0 0 0 0 0 0 1 0 0 0 0 0 0 0 0 0 0 0 0 0 0 0 0 0 0 0 2 0 0 0 0 0 0 0 0 0 0 0 0 0 0 10 0 0 0 90 0 0 4 6 0 15 0 0 0 0 0 0 0 0 0 0 0 0 0 0 0 0 0 0 0 0 0 0 0 7 11 15 0 0 0 0 0 0 0 0 0 0 0 0 
 128 70 163 83 181 46 138 61 296 305 69 40 72 149 0 261 33 34 77 200 0 3 0 2 0 0 2 76 6 0 3 2 0 2 0 0 2 2 0 20 0 0 0 0 0 0 0 3 0 0 0 2 0 2 0 0 0 0 0 6 0 46 0 0 0 0 0 3 69 2 0 0 3 0 2 57 0 0 0 0 14 11 37 0 0 0 8 8 12 14 18 10 1 53 24 8 0 18 13 0 0 0 8 0 0 0 6 0 8 2 0 0 1 0 8 0 0 1 0 0 0 0 26 0 0 0 0 0 0 0 0 0 0 2 0 0 0 1 0 1 0 0 0 0 0 0 0 1 0 0 0 0 0 4 0 0 0 0 0 0 1 0 10 0 0 2 18 1 0 9 0 0 16 12 0 18 15 0 11 0 4 8 9 0 11 0 0 6 0 0 10 0 0 8 0 0 6 0 13 10 0 0 0 0 0 0 1 0 0 0 0 0 0 0 0 0 0 0 0 0 0 0 0 0 0 0 0 0 0 0 0 0 0 0 0 0 0 0 9 0 0 0 0 0 2 0 0 0 0 2 1 14 0 0 0 0 0 0 0 0 0 0 0 0 0 0 0 0 0 0 0 0 0 0 0 8 0 0 0 10 0 0 0 0 0 0 0 0 0 0 
 136 50 147 208 188 89 22 231 491 114 322 41 56 309 261 0 174 134 254 69 0 3 0 2 0 0 78 5 4 0 0 2 36 1 0 0 2 1 80 76 62 0 0 6 62 0 0 3 0 0 0 1 0 0 0 0 0 0 0 0 0 2 0 0 2 5 0 3 4 1 0 3 0 1 3 6 0 0 36 0 1 12 33 3 8 0 0 1 49 27 0 42 0 48 0 0 25 0 0 34 11 0 0 0 0 0 0 2 0 0 0 0 0 0 0 0 0 0 11 18 0 0 0 0 0 1 0 2 0 0 0 0 0 0 0 0 0 2 0 0 0 0 0 0 0 0 0 0 0 2 0 0 0 0 0 12 0 0 0 10 0 24 60 27 24 16 0 0 0 24 10 3 0 17 0 19 31 10 0 1 2 0 0 0 0 0 43 9 18 0 0 2 21 5 0 0 14 0 63 43 0 0 0 0 0 0 2 0 0 0 0 0 0 0 0 0 0 0 0 0 0 0 0 0 0 0 0 0 0 0 0 0 0 0 0 1 0 0 0 0 0 0 0 0 1 1 1 0 94 3 2 7 0 0 0 0 0 0 0 0 0 0 0 0 0 0 0 0 0 0 0 0 0 0 0 21 26 0 0 0 0 0 0 0 0 0 0 0 0 0 
 292 118 162 97 145 46 205 206 51 314 184 63 49 433 33 174 0 259 49 217 0 3 0 0 0 0 75 2 5 0 0 4 37 1 0 0 2 0 79 0 0 0 0 6 0 0 0 3 0 0 0 3 0 2 0 0 0 0 0 0 0 0 0 0 0 0 0 3 35 3 0 0 0 30 2 3 0 0 0 0 0 49 19 40 18 0 0 11 14 9 13 45 0 23 1 0 27 20 33 0 9 0 0 0 0 0 0 0 0 1 0 11 0 0 0 0 0 0 19 0 0 0 0 1 0 0 0 0 0 0 0 0 0 2 0 0 0 0 2 17 0 0 0 0 2 0 0 0 0 0 0 0 0 0 0 0 19 0 0 0 2 70 10 22 17 35 2 24 34 0 0 29 10 0 0 2 23 0 7 23 0 0 0 0 0 0 0 0 0 0 0 0 14 0 0 0 16 0 26 16 0 0 18 0 8 0 0 0 0 0 0 0 0 0 0 0 0 0 0 0 0 0 0 0 0 0 0 0 0 0 0 0 0 0 0 0 0 0 0 0 0 2 0 0 0 2 0 0 0 87 0 0 0 0 0 0 0 0 0 0 0 0 0 0 0 0 0 0 0 0 0 0 0 0 0 6 18 13 0 0 0 0 0 0 0 0 0 0 0 0 
 207 168 98 210 125 67 23 31 142 164 167 65 323 32 34 134 259 0 208 61 0 3 1 0 0 0 36 75 4 0 0 2 74 0 0 0 2 0 25 75 0 70 0 0 0 1 0 3 0 0 0 2 0 2 0 0 0 0 0 0 0 0 0 0 0 0 0 3 3 3 0 0 0 6 2 3 0 0 0 0 22 15 1 33 20 0 0 0 7 6 30 1 16 1 10 29 20 45 16 15 20 7 0 0 0 0 0 0 2 0 0 0 0 11 0 0 0 0 0 18 0 0 0 0 0 0 0 0 0 0 0 0 0 0 0 0 0 10 11 0 0 0 0 0 0 0 0 0 0 5 0 0 0 0 0 0 0 19 0 0 28 3 15 16 9 7 0 6 0 0 29 16 0 12 35 10 0 0 32 8 0 0 0 0 0 0 6 0 9 0 0 0 13 0 10 0 3 0 1 0 0 0 0 0 0 0 0 0 0 0 0 51 0 0 0 0 0 0 0 0 13 0 0 0 0 0 0 0 0 0 0 0 0 0 0 0 0 0 0 0 0 11 0 0 0 1 5 0 86 2 0 18 15 0 0 0 0 0 1 0 0 0 0 0 0 0 0 0 0 0 0 0 0 0 0 1 15 11 0 0 0 0 0 13 0 0 0 0 0 0 
 41 240 43 163 270 60 35 286 94 169 260 284 306 87 77 254 49 208 0 176 0 3 0 1 0 0 2 3 6 3 1 2 3 0 0 4 3 1 2 0 2 0 2 0 0 3 2 3 0 1 0 2 0 3 0 0 0 0 0 0 0 1 0 0 0 4 0 3 3 2 0 2 0 0 2 3 0 0 0 0 93 8 0 33 12 0 64 13 0 19 23 16 9 13 15 1 18 12 30 14 0 0 0 0 0 0 0 0 0 0 0 0 0 0 0 0 0 0 0 0 0 0 0 0 0 2 14 0 0 0 0 0 0 0 0 0 0 0 0 0 0 26 0 0 0 0 0 2 0 2 0 17 0 0 0 0 0 1 7 0 8 15 0 0 0 0 29 9 9 1 11 0 1 14 35 15 2 11 22 42 0 0 0 0 0 10 0 0 0 0 0 0 0 0 0 0 0 0 0 0 1 0 0 0 0 0 1 0 0 0 0 0 0 0 0 0 0 0 0 0 0 0 0 0 0 19 2 0 0 0 0 0 0 0 0 0 0 0 0 0 0 0 0 0 0 0 1 2 2 2 0 15 0 0 0 2 0 0 0 0 0 0 0 0 0 0 0 0 0 0 0 0 0 0 0 1 0 0 0 0 0 0 0 0 0 0 0 0 0 0 
 157 88 100 158 81 65 438 106 174 271 172 31 121 419 200 69 217 61 176 0 1 3 1 0 0 0 4 2 4 2 0 2 0 8 1 1 3 2 0 1 1 0 0 0 0 65 6 3 0 0 0 1 0 2 0 0 0 0 0 0 2 0 0 0 0 0 3 2 51 0 1 0 0 41 3 2 0 0 2 2 7 25 18 50 3 0 0 19 0 35 16 36 10 44 0 10 0 10 32 20 0 0 0 0 0 0 0 0 0 0 0 0 0 0 0 0 0 0 20 0 0 0 0 0 0 0 0 0 0 19 0 0 0 0 0 0 0 0 0 0 0 0 0 0 0 0 0 0 0 0 0 0 0 0 0 1 0 0 0 0 25 13 47 33 0 0 0 3 19 0 0 21 14 2 0 13 18 0 23 9 0 0 0 0 0 0 0 0 0 0 0 0 0 0 0 0 0 0 14 0 0 0 0 0 0 0 0 0 0 0 0 0 0 0 0 0 0 0 0 0 0 0 0 10 0 9 0 0 0 0 0 0 0 0 0 0 0 0 0 0 0 0 0 0 0 2 0 3 3 91 1 15 0 0 0 0 0 0 0 0 0 0 0 0 0 0 0 0 0 0 0 0 0 0 0 26 0 0 0 0 0 0 0 0 0 0 0 0 0 0 
 0 0 0 0 75 120 3 0 0 76 1 74 74 0 0 0 0 0 0 1 0 64 71 55 252 36 269 182 115 27 27 41 51 129 103 188 33 467 130 193 0 0 2 4 0 3 0 1 0 0 0 0 6 4 3 51 0 0 2 66 0 0 0 0 0 0 3 3 0 0 0 2 0 0 3 2 0 2 0 2 0 0 0 0 28 9 0 0 0 0 0 0 0 0 0 0 0 0 0 0 14 35 0 0 27 0 50 14 0 41 0 2 17 33 20 3 12 21 11 7 0 0 0 0 0 0 0 0 0 0 0 0 0 0 0 0 0 0 1 0 0 0 0 0 0 0 0 0 0 0 0 2 0 0 0 0 2 0 0 2 0 2 0 0 15 69 0 2 17 0 21 0 0 0 0 0 0 14 0 0 25 17 20 0 0 1 15 23 18 91 1 27 6 1 12 23 16 8 0 9 0 0 0 0 0 0 0 0 0 9 0 0 0 0 0 0 0 0 2 0 0 0 0 0 0 0 0 0 0 0 0 1 0 0 0 0 0 0 0 0 0 0 13 0 0 0 0 0 0 77 0 0 0 0 5 0 2 0 0 0 3 0 0 0 0 0 0 0 0 0 0 0 0 0 0 0 0 1 0 1 0 0 0 0 0 0 0 0 0 0 
 3 3 3 3 3 3 5 3 3 3 3 3 3 3 3 3 3 3 3 3 64 0 462 245 113 32 293 164 163 255 165 81 136 466 125 128 58 126 37 34 0 0 2 3 0 3 0 0 0 0 0 1 3 4 3 0 0 0 7 0 0 0 0 0 0 0 3 10 0 0 0 0 0 0 2 2 0 2 0 1 0 0 0 0 0 0 0 0 0 0 0 0 0 0 0 0 0 0 0 0 7 0 16 16 1 0 25 22 2 24 12 46 0 2 10 35 0 57 0 0 1 0 1 0 0 0 13 0 0 0 0 0 14 25 0 0 0 0 20 0 4 0 3 0 0 0 0 0 0 0 0 0 0 0 0 0 0 0 2 0 2 0 0 1 0 0 0 0 0 0 0 0 3 0 0 8 0 0 0 1 0 21 5 7 21 18 17 18 0 0 6 12 22 0 13 27 27 26 0 0 0 0 0 1 0 0 0 0 0 0 0 0 0 0 21 0 0 0 7 11 0 0 0 0 0 0 0 0 0 0 0 0 0 0 0 0 0 0 0 0 0 18 0 0 0 0 0 0 0 0 0 0 0 0 3 0 1 1 66 0 2 0 0 0 0 0 0 0 0 0 0 0 0 0 0 0 0 0 0 0 0 0 0 0 0 0 29 0 0 0 
 0 0 0 3 74 77 0 0 0 0 0 4 0 0 0 0 0 1 0 1 71 462 0 204 425 32 102 134 242 346 57 155 504 88 155 416 384 552 199 44 0 1 2 3 0 2 0 3 0 0 0 2 3 5 3 0 0 0 65 0 0 0 0 0 0 0 2 3 0 0 0 5 0 0 3 2 0 2 0 2 0 0 0 20 0 17 0 0 0 0 0 0 0 0 0 0 0 0 0 0 10 11 0 36 9 8 14 12 26 41 2 42 1 13 21 41 0 8 0 0 1 0 0 0 0 0 0 0 0 0 0 0 14 13 0 0 0 0 7 19 6 0 2 0 0 0 0 0 0 0 0 5 0 0 0 0 0 0 0 0 0 0 0 8 0 0 0 0 0 0 0 0 1 0 0 0 0 1 0 0 10 0 12 21 0 12 25 15 0 15 23 25 5 20 2 14 0 20 0 0 0 0 0 0 0 0 15 9 0 0 1 0 0 0 34 1 1 0 4 0 0 0 0 0 2 0 0 0 0 0 0 0 0 0 0 0 0 0 0 0 0 0 0 0 0 0 0 0 0 0 0 2 0 0 21 2 4 43 2 0 2 0 0 0 0 0 0 0 0 0 0 0 0 0 0 0 0 0 0 0 0 12 0 0 0 0 0 0 0 0 
 4 0 0 0 0 0 1 0 0 0 0 1 0 2 2 2 0 0 1 0 55 245 204 0 208 178 66 123 87 169 277 326 51 311 174 174 193 84 248 75 2 73 2 3 3 3 0 63 2 5 2 0 22 65 59 0 0 2 2 70 3 0 3 0 0 0 6 11 0 0 0 2 2 0 2 5 0 2 3 1 0 0 0 0 2 0 0 0 0 0 0 0 0 0 0 0 0 0 0 0 35 1 23 26 13 9 7 12 1 0 11 10 0 11 14 22 0 11 0 0 0 0 0 0 0 0 13 0 0 0 1 0 11 27 9 0 0 0 0 0 0 0 2 2 0 0 0 3 0 0 0 0 0 0 0 0 0 0 0 0 0 0 0 0 0 0 0 0 0 0 0 0 0 0 0 0 0 0 0 0 2 0 8 21 24 7 12 12 0 0 14 10 9 1 20 14 37 11 0 0 14 0 0 0 0 0 0 1 0 0 0 0 0 0 1 0 22 0 23 10 0 0 0 0 0 0 0 0 0 0 0 0 0 0 0 0 0 5 0 0 0 0 0 0 0 0 0 0 0 0 0 0 0 0 16 0 3 80 74 0 4 0 0 0 0 0 0 0 0 0 0 0 0 0 0 0 0 0 0 0 0 0 0 0 0 12 10 0 0 0 
 0 0 0 0 1 0 0 0 0 0 0 0 1 0 0 0 0 0 0 0 252 113 425 208 0 130 46 188 68 93 159 267 593 167 171 174 191 306 64 87 65 65 90 3 3 5 271 63 0 1 1 0 70 4 76 3 0 98 5 0 2 2 3 1 1 0 2 3 1 2 35 0 2 0 4 2 1 4 72 2 0 0 0 0 0 0 0 0 0 0 0 0 0 0 0 12 0 0 0 0 1 13 34 29 21 38 0 16 13 0 28 23 0 9 0 1 7 12 0 0 3 0 0 0 0 0 15 13 0 14 26 13 11 33 11 11 0 20 24 0 0 0 3 0 0 0 2 0 0 0 0 0 0 0 0 0 0 0 0 0 0 0 0 0 11 0 0 0 0 0 0 0 0 0 0 0 0 0 0 0 12 0 0 17 16 51 0 1 1 0 31 18 0 0 9 11 11 14 0 0 13 25 13 0 0 0 12 1 0 0 26 0 12 19 3 15 17 0 58 0 0 2 0 0 0 0 0 0 0 0 0 1 0 0 0 0 0 10 0 0 0 0 0 0 0 0 1 0 0 0 0 0 0 0 6 0 1 2 3 0 3 11 0 0 0 0 0 0 0 0 0 0 0 0 0 0 0 0 0 0 0 7 0 0 0 14 0 0 0 0 
 0 0 0 0 0 0 0 0 0 0 0 0 0 0 0 0 0 0 0 0 36 32 32 178 130 0 233 322 82 284 283 119 50 64 93 216 316 196 128 60 0 0 18 65 0 3 2 69 2 22 0 0 67 2 4 0 0 29 67 62 0 0 0 0 0 0 3 3 0 0 0 0 0 0 2 2 0 2 0 1 0 0 0 0 0 0 0 0 0 0 0 0 0 0 0 0 0 0 0 0 12 26 0 39 24 15 0 0 0 0 15 14 0 0 0 0 0 0 0 0 0 11 0 0 0 0 14 35 11 0 0 0 25 1 0 0 0 12 2 20 0 0 0 0 0 0 1 1 0 0 1 0 0 0 0 0 2 0 0 0 0 0 0 0 0 13 0 2 0 0 0 0 0 0 0 1 0 10 0 0 10 0 0 28 16 8 0 0 19 0 9 44 0 0 0 13 4 8 0 0 7 0 8 7 0 0 0 50 0 0 7 0 9 0 0 14 1 0 2 34 0 0 0 0 0 0 0 0 0 0 0 1 0 0 0 0 0 0 0 0 0 0 0 0 0 0 0 0 18 0 0 0 0 0 6 0 0 41 2 1 1 0 0 0 0 0 0 0 0 0 0 0 0 0 0 0 0 0 0 0 0 0 0 0 20 0 0 0 0 0 
 2 2 2 78 79 97 2 0 2 35 78 194 2 2 2 78 75 36 2 4 269 293 102 66 46 233 0 464 131 142 21 51 170 44 42 133 530 35 140 209 0 0 2 3 0 3 0 1 0 0 0 5 35 4 68 64 0 0 2 0 0 0 0 0 0 0 3 3 0 0 0 0 0 0 3 2 0 2 0 2 0 0 0 0 35 9 0 0 0 0 0 0 0 0 0 0 18 0 0 0 21 42 0 0 0 0 17 26 0 11 0 0 17 12 10 3 10 1 0 12 0 0 0 0 0 0 0 0 0 0 0 0 0 0 0 0 0 0 15 0 0 0 0 0 0 0 0 0 0 0 0 4 0 0 0 0 0 0 0 2 0 6 0 0 36 14 0 0 0 0 22 0 0 0 0 0 0 2 0 0 10 33 38 0 0 0 41 15 41 18 0 0 15 14 32 0 9 12 16 1 0 0 0 0 0 0 0 0 0 0 0 0 0 0 0 0 0 0 0 0 0 0 0 0 0 0 0 0 0 0 0 0 0 0 0 0 0 0 0 0 0 0 18 0 0 0 0 0 79 73 0 0 0 0 8 0 0 0 0 2 0 2 0 0 0 0 0 0 0 0 0 0 0 0 0 0 1 0 0 0 0 21 0 0 0 0 0 0 0 0 
 5 4 3 78 3 76 3 2 2 153 64 113 2 2 76 5 2 75 3 2 182 164 134 123 188 322 464 0 202 50 51 67 333 83 202 261 116 45 64 160 0 5 2 3 0 2 0 0 3 8 4 0 3 4 7 0 0 3 62 3 0 0 5 0 4 3 2 3 0 0 4 0 0 2 9 9 2 6 0 2 0 0 0 0 12 16 0 0 0 0 0 0 0 0 0 0 0 0 0 0 24 44 23 8 1 3 0 21 12 12 15 0 20 19 0 10 18 10 18 28 3 0 10 0 0 0 26 0 0 0 0 0 0 0 19 2 0 0 21 2 0 0 0 0 0 0 0 0 0 0 0 0 0 0 2 0 0 0 6 7 0 5 0 0 1 0 0 0 9 0 9 0 0 0 0 0 0 0 0 0 11 15 30 22 36 0 8 11 6 25 29 9 0 2 18 27 9 14 0 13 0 2 0 0 0 0 1 7 0 0 0 0 12 0 14 1 0 0 19 0 0 0 0 0 0 0 0 1 0 0 0 0 0 0 0 0 0 0 0 0 0 0 0 0 0 0 75 0 22 116 0 0 0 0 16 0 4 2 76 1 3 0 0 0 0 0 8 0 0 0 0 0 0 0 0 0 0 0 0 0 0 0 0 0 0 0 2 0 0 0 
 6 4 5 6 4 105 6 4 7 3 4 9 5 5 6 4 5 4 6 4 115 163 242 87 68 82 131 202 0 137 127 265 110 195 81 56 155 55 112 89 0 0 2 3 0 3 93 8 0 0 0 7 3 3 3 6 0 0 64 0 0 0 0 0 0 0 3 3 6 0 0 0 0 0 3 2 0 2 0 3 0 1 0 0 1 13 0 0 0 0 0 0 0 0 0 0 15 0 0 0 0 18 0 0 46 29 0 12 0 13 10 11 0 22 0 30 26 0 18 18 12 0 0 0 0 0 0 0 0 0 0 0 0 13 0 0 0 0 8 0 0 0 1 1 0 0 0 0 0 0 0 0 0 1 0 0 0 0 0 0 0 0 0 0 0 0 0 0 8 0 0 0 0 0 13 0 0 0 0 0 0 16 67 14 0 0 35 43 17 17 0 0 1 7 14 0 0 14 0 0 1 0 0 0 0 0 0 0 0 0 0 0 0 0 6 0 0 0 0 2 0 0 0 0 0 14 0 3 0 0 0 0 0 0 0 0 0 0 0 0 0 0 0 0 0 0 0 0 0 0 0 0 0 0 3 0 0 78 0 0 4 0 0 0 0 0 0 0 0 0 0 0 0 0 0 0 0 0 0 0 0 19 0 0 0 0 0 0 0 1 
 0 0 0 209 0 35 2 0 0 7 1 0 0 0 0 0 0 0 3 2 27 255 346 169 93 284 142 50 137 0 157 67 150 283 86 92 222 323 201 289 0 0 2 3 0 2 61 12 0 0 0 3 3 63 88 0 1 0 64 37 0 0 0 0 0 0 2 4 0 0 0 0 0 1 4 2 0 2 0 3 0 0 0 0 0 7 0 0 0 0 0 0 0 0 0 0 0 0 0 0 0 0 30 47 40 57 0 11 13 13 73 30 19 50 0 16 10 0 0 0 19 15 0 0 0 0 13 0 0 0 0 0 0 0 0 0 0 0 56 5 19 0 0 0 0 0 0 0 0 0 0 0 0 0 0 0 0 0 0 0 0 0 0 0 2 0 0 0 0 0 0 0 0 0 0 0 0 1 0 0 10 24 14 1 10 0 0 23 47 13 0 16 10 7 14 0 12 4 0 0 30 0 19 0 0 0 1 33 0 0 0 0 2 0 0 18 0 0 0 20 0 0 0 0 0 0 0 0 0 0 0 0 0 2 0 0 0 0 0 0 0 0 1 0 0 0 0 0 0 0 0 0 0 0 8 2 1 213 0 3 14 0 1 0 0 0 0 0 0 0 0 0 0 0 0 0 0 0 0 0 0 12 0 0 0 0 0 0 0 0 
 2 0 0 2 0 73 0 0 1 0 0 81 0 2 3 0 0 0 1 0 27 165 57 277 159 283 21 51 127 157 0 65 20 46 44 253 243 137 37 75 0 4 2 3 0 3 0 0 0 0 0 0 66 33 5 0 0 0 21 0 53 0 1 1 1 1 8 4 0 0 2 0 0 0 6 2 1 6 11 4 0 0 0 0 2 9 0 0 0 0 0 0 0 0 0 0 0 0 0 0 10 0 2 11 27 16 11 1 0 0 11 10 14 21 10 17 0 28 0 0 1 10 0 0 0 0 0 11 0 0 0 0 47 20 0 0 0 0 17 8 0 0 0 2 0 0 0 5 0 0 0 0 0 0 0 0 7 0 0 0 0 0 0 1 0 0 0 0 0 0 0 0 0 0 0 4 0 2 0 0 3 9 1 19 16 12 17 2 7 0 3 0 11 0 14 1 0 11 0 2 12 0 0 0 0 0 8 0 0 0 0 2 0 0 12 12 19 0 0 42 0 0 0 0 0 0 0 0 0 0 0 0 0 0 0 0 0 0 0 0 0 0 0 0 0 1 0 0 0 0 0 0 0 0 11 0 2 5 4 0 4 0 0 0 2 0 0 0 0 0 0 0 0 0 0 0 0 0 0 0 0 0 0 0 0 0 1 0 0 0 
 2 2 2 2 2 2 2 2 2 2 2 2 4 2 2 2 4 2 2 2 41 81 155 326 267 119 51 67 265 67 65 0 42 381 40 127 169 312 40 66 0 0 2 2 0 16 0 58 0 1 0 0 3 4 3 0 0 0 64 0 0 0 3 0 0 0 3 2 0 0 0 0 0 0 1 2 0 2 0 0 0 0 0 0 0 0 0 0 0 0 0 0 0 0 0 0 0 0 0 0 0 0 12 0 0 0 19 6 14 22 0 21 0 0 14 0 0 8 0 0 6 16 0 0 0 2 14 38 0 1 0 0 10 23 0 0 5 0 29 12 0 0 0 0 0 0 0 0 2 0 0 0 0 0 0 0 10 0 0 0 0 0 0 0 0 0 0 0 0 0 0 0 9 0 22 6 0 1 0 0 0 9 29 14 46 2 1 1 1 12 18 0 0 0 0 20 0 10 0 0 19 0 32 9 0 0 40 27 0 0 19 0 25 15 14 19 19 4 0 50 0 0 0 0 0 0 0 0 0 0 0 0 0 0 0 0 0 0 0 0 0 0 3 0 0 0 0 0 0 0 0 0 0 0 13 0 0 1 5 0 4 2 0 0 0 0 8 0 0 0 0 0 0 0 0 0 0 0 0 0 0 0 0 0 13 0 1 0 0 0 
 0 0 78 22 3 76 2 0 2 0 1 153 0 0 0 36 37 74 3 0 51 136 504 51 593 50 170 333 110 150 20 42 0 234 155 111 57 47 332 61 1 0 2 3 2 2 200 0 0 0 8 0 5 2 3 0 0 0 1 7 0 0 3 0 0 0 3 3 6 0 0 0 52 0 2 12 0 2 0 1 0 0 0 0 36 74 0 0 9 0 0 0 0 0 0 0 15 0 0 0 17 12 5 0 52 29 5 14 23 30 0 0 21 12 12 9 28 20 9 10 0 0 0 0 1 0 0 0 0 0 0 0 2 0 0 0 0 0 0 0 3 0 3 0 2 14 0 0 0 0 0 0 0 1 0 0 0 0 0 0 0 1 1 0 10 17 0 0 0 16 2 15 0 0 0 0 0 0 2 0 67 28 12 12 0 1 0 33 10 0 19 0 0 60 14 11 73 1 11 0 0 0 10 0 0 1 0 0 13 0 0 0 0 0 0 0 0 0 15 0 0 0 0 0 0 0 1 0 0 0 0 0 0 0 0 0 0 0 0 0 0 0 0 0 0 0 74 0 0 0 0 0 0 1 15 0 4 0 0 0 1 13 19 0 0 0 0 0 0 0 0 0 0 0 0 0 13 0 0 11 0 14 0 0 0 16 0 0 0 0 
 0 0 0 0 0 75 0 1 0 0 0 4 2 5 2 1 1 0 0 8 129 466 88 311 167 64 44 83 195 283 46 381 234 0 234 169 107 429 97 381 0 0 2 3 0 3 0 0 0 0 0 0 7 3 4 0 0 0 2 0 0 0 8 0 0 0 2 9 0 0 0 2 70 0 3 2 39 2 0 2 0 0 0 0 0 0 0 0 2 0 0 0 0 0 0 0 0 0 0 0 17 7 17 24 14 11 34 14 52 12 11 10 19 10 32 0 6 1 0 10 0 0 1 0 0 0 0 0 2 0 0 0 11 0 0 0 0 0 11 0 0 0 2 0 0 0 0 0 0 0 0 0 0 0 0 0 0 0 0 0 0 0 0 2 13 14 0 0 0 0 0 0 3 0 0 0 0 0 0 0 29 3 29 7 0 15 9 12 3 11 20 7 5 14 23 19 9 11 0 0 0 0 0 0 0 0 0 0 0 0 0 0 11 0 0 0 0 9 12 0 0 0 0 0 0 0 0 2 0 0 1 0 0 0 0 0 0 0 0 16 0 0 12 0 0 0 73 0 0 0 0 0 0 0 16 0 1 0 75 2 3 11 0 0 0 0 0 0 0 0 0 0 0 0 0 0 0 0 0 9 0 6 0 0 0 8 16 0 0 0 
 0 0 0 2 0 109 0 0 0 0 1 4 0 0 0 0 0 0 0 1 103 125 155 174 171 93 42 202 81 86 44 40 155 234 0 158 121 141 229 82 0 0 2 2 0 4 0 2 0 6 0 3 3 4 3 0 0 0 68 37 0 2 14 8 0 0 3 2 0 0 0 0 0 0 1 2 0 2 0 0 0 0 0 15 1 1 0 0 0 0 0 0 0 0 23 0 0 0 0 0 13 76 22 7 24 14 18 18 21 53 4 5 1 0 10 8 21 22 0 0 0 0 0 0 0 0 12 0 0 0 0 0 0 0 0 11 0 0 23 0 10 0 10 0 0 0 0 0 0 0 0 0 0 0 0 0 0 0 0 0 0 0 0 3 0 0 0 0 0 19 0 0 23 0 0 0 0 0 0 0 44 12 12 70 9 0 2 9 0 31 46 28 10 2 46 84 15 1 0 7 0 0 15 0 0 0 0 7 0 0 0 0 38 0 12 0 0 0 0 0 0 0 0 0 0 0 0 0 0 0 0 0 0 0 0 0 0 14 0 0 0 0 0 0 0 0 0 0 0 0 0 0 0 0 16 0 2 3 5 0 0 14 0 0 0 0 9 0 0 0 0 0 0 0 51 0 0 0 0 0 0 19 0 0 0 0 0 0 0 0 
 1 1 2 3 20 74 0 0 1 0 0 0 0 2 0 0 0 0 4 1 188 128 416 174 174 216 133 261 56 92 253 127 111 169 158 0 107 158 58 287 0 0 2 2 0 3 0 7 0 33 1 13 3 3 3 0 0 2 85 1 0 0 0 0 0 0 3 11 0 0 5 0 0 0 1 2 0 2 0 0 0 0 0 0 0 0 0 0 0 0 0 0 1 0 0 0 0 0 0 0 37 20 6 14 21 14 27 20 9 0 0 0 11 0 30 22 0 26 0 0 0 0 0 0 0 0 0 0 0 0 0 0 22 0 0 1 0 0 20 13 0 0 0 0 0 0 0 0 0 0 0 4 0 0 0 0 0 0 0 0 0 0 0 0 2 0 0 0 2 0 1 13 0 0 0 10 0 0 0 0 2 15 35 40 26 12 24 17 0 14 7 0 12 12 41 26 8 15 0 0 0 1 0 0 0 0 0 0 0 0 0 0 0 0 0 2 0 0 11 8 0 0 0 0 0 0 0 0 0 0 0 0 0 0 0 0 1 0 0 0 0 0 0 0 0 0 0 0 0 0 0 0 0 0 12 2 0 0 75 2 1 3 0 0 0 0 0 0 0 0 0 0 0 0 0 0 0 0 0 11 0 0 0 14 0 10 11 0 0 0 
 4 4 2 2 2 2 2 6 3 2 2 2 2 4 2 2 2 2 3 3 33 58 384 193 191 316 530 116 155 222 243 169 57 107 121 107 0 243 81 29 0 0 8 3 0 3 0 2 0 0 0 5 66 4 3 0 0 0 65 62 0 0 5 0 0 0 3 10 0 0 0 0 0 0 2 2 0 2 0 1 0 2 15 0 2 0 0 0 0 0 0 0 0 0 0 0 0 0 1 0 0 0 0 25 28 18 0 27 10 12 12 23 0 6 0 22 0 1 0 0 0 0 0 0 0 0 26 0 0 0 0 0 51 21 0 0 0 0 27 14 0 0 2 0 0 0 0 1 0 0 0 0 0 0 0 0 0 0 0 0 0 0 0 0 0 0 0 0 0 0 0 0 0 0 0 4 0 15 0 0 0 12 25 20 52 18 16 30 31 37 5 0 22 0 12 1 14 2 0 0 0 0 0 0 0 0 0 0 0 0 0 0 18 2 21 0 0 0 0 25 0 0 0 0 0 0 0 0 0 0 0 0 0 0 0 0 0 0 0 0 0 0 0 0 0 0 0 0 0 0 0 0 0 0 19 0 3 36 0 3 1 0 0 0 0 0 9 0 0 0 0 0 0 0 0 0 0 0 0 0 0 9 0 0 0 0 12 0 0 0 
 3 0 1 1 0 0 2 1 0 0 0 9 0 2 2 1 0 0 1 2 467 126 552 84 306 196 35 45 55 323 137 312 47 429 141 158 243 0 39 68 0 0 67 3 0 3 6 5 0 3 0 6 4 70 3 0 0 0 2 0 0 0 0 0 0 0 3 3 0 6 0 0 0 6 2 2 0 5 0 1 0 0 0 0 2 0 0 0 0 0 0 0 0 0 0 0 0 0 0 0 12 8 49 16 21 7 7 1 23 10 66 45 0 23 1 19 0 0 0 0 0 0 0 0 0 0 18 0 0 0 1 0 32 12 20 0 0 0 0 2 0 0 2 2 0 0 0 0 0 0 0 0 0 0 0 0 0 0 0 0 0 0 0 6 1 1 0 0 0 0 0 0 4 0 0 0 0 0 0 0 12 0 2 32 41 6 0 0 8 0 10 29 8 0 10 11 20 0 0 0 0 2 0 0 0 0 29 0 0 0 0 0 0 0 1 16 0 0 11 2 0 0 0 0 0 0 0 0 0 0 0 0 0 0 0 0 0 0 0 0 0 0 1 0 0 0 0 0 0 0 0 0 0 0 4 0 0 153 4 1 1 2 0 0 0 0 0 0 0 0 0 0 0 0 0 0 0 0 0 0 0 1 0 0 0 16 0 0 0 0 
 0 0 0 76 3 132 0 0 79 0 0 75 0 1 0 80 79 25 2 0 130 37 199 248 64 128 140 64 112 201 37 40 332 97 229 58 81 39 0 328 0 0 2 6 0 2 0 6 0 0 0 9 3 4 91 0 2 0 1 64 0 0 0 0 0 2 3 5 0 0 2 0 0 1 3 2 3 2 1 3 0 0 0 0 14 27 0 0 16 0 0 0 0 0 0 0 9 0 0 0 51 1 20 0 25 38 17 24 0 26 0 0 23 26 16 21 19 12 0 1 0 0 0 0 0 0 2 0 0 0 0 0 0 0 0 0 0 0 0 0 10 0 7 0 0 0 0 0 0 0 0 11 0 0 0 0 0 0 0 0 0 0 0 0 8 8 0 0 0 0 0 0 0 0 0 0 0 0 0 0 12 42 14 1 0 0 1 17 22 19 0 0 0 10 14 20 6 17 0 11 0 0 0 0 0 0 0 10 0 0 0 0 0 0 0 0 0 0 0 0 0 0 0 0 0 0 0 0 0 0 0 0 9 0 9 0 0 0 0 0 0 0 0 0 0 0 0 0 0 0 0 0 0 2 2 1 2 0 0 1 0 0 0 0 0 0 0 0 0 0 0 0 0 0 0 0 13 0 0 0 0 18 0 0 0 0 0 0 0 0 
 0 0 0 98 0 3 0 0 0 225 100 158 0 0 20 76 0 75 0 1 193 34 44 75 87 60 209 160 89 289 75 66 61 381 82 287 29 68 328 0 0 0 2 3 0 3 0 0 0 0 0 0 3 3 3 62 0 0 2 5 0 0 0 0 0 0 3 3 0 0 0 0 3 0 3 2 0 2 2 1 0 0 0 13 55 19 0 0 10 14 0 0 0 0 0 0 0 0 0 0 21 43 0 0 0 0 0 15 0 0 0 0 14 24 0 0 17 0 20 50 1 0 0 0 0 0 0 32 0 0 2 1 0 0 0 0 0 0 0 0 0 0 0 0 0 0 0 0 0 0 0 0 1 0 0 0 0 0 0 11 0 13 0 20 15 38 0 0 6 0 49 0 0 0 0 0 0 0 0 0 2 63 0 0 0 0 0 1 16 0 0 0 0 23 12 0 24 17 30 24 0 0 0 0 0 0 0 0 0 0 0 0 0 0 0 0 0 0 0 0 0 0 0 0 0 0 0 0 0 0 0 0 0 0 0 0 0 1 0 0 0 0 0 0 17 0 78 0 0 30 0 1 0 0 13 1 0 0 0 4 1 0 0 0 0 0 0 0 0 0 0 0 0 0 0 0 1 0 0 0 0 0 0 0 0 0 0 0 0 0 
 0 10 0 0 0 0 4 63 0 0 0 0 0 0 0 62 0 0 2 1 0 0 0 2 65 0 0 0 0 0 0 0 1 0 0 0 0 0 0 0 0 403 170 56 131 340 130 91 282 102 221 95 321 347 125 48 76 79 35 335 0 0 4 2 0 0 0 0 2 0 0 0 0 0 0 3 0 0 65 0 0 0 0 0 14 0 1 13 0 12 0 0 0 3 0 0 5 0 3 0 0 0 0 0 0 0 0 0 0 0 0 0 0 0 0 0 0 33 0 0 0 31 13 26 2 0 22 8 14 20 18 51 0 9 43 47 14 87 0 0 0 0 0 0 0 0 10 0 0 0 0 0 0 0 0 0 0 0 26 0 0 0 0 0 0 0 9 4 0 0 0 0 0 0 1 0 34 15 1 0 0 0 0 0 0 20 0 0 0 0 0 0 0 0 0 0 0 0 0 0 0 58 54 20 16 37 14 0 41 19 10 33 22 33 19 18 16 24 9 0 0 0 0 0 0 0 25 0 0 0 0 0 19 0 0 0 0 0 6 0 0 0 11 0 0 0 0 0 0 0 0 7 0 2 0 0 0 0 0 0 0 0 2 1 0 1 1 65 2 0 13 0 0 0 0 0 0 0 0 0 0 0 0 0 0 0 0 0 0 0 
 0 0 0 0 0 0 2 0 0 0 0 3 0 0 0 0 0 70 0 0 0 0 1 73 65 0 0 5 0 0 4 0 0 0 0 0 0 0 0 0 403 0 231 321 57 36 94 552 96 29 114 38 119 71 186 104 53 50 97 62 0 4 0 0 0 0 0 0 2 0 0 0 0 0 0 0 0 2 0 0 0 0 0 0 0 0 0 0 0 0 0 0 0 0 0 0 0 0 0 0 0 0 0 0 0 3 0 0 0 0 0 6 0 0 0 0 0 0 0 0 36 0 0 34 1 0 18 0 48 13 20 23 0 0 45 19 26 14 0 19 0 0 0 0 0 5 1 0 0 0 0 0 1 0 6 0 0 0 20 0 0 0 0 0 0 0 0 0 0 0 0 0 0 0 0 0 8 0 0 0 0 0 0 0 0 16 0 0 0 0 0 0 0 0 0 0 0 0 0 0 12 34 23 0 2 3 10 10 22 0 2 0 48 19 10 18 51 14 25 1 0 0 0 0 0 0 0 0 0 0 0 0 1 0 0 0 0 0 2 0 0 0 0 0 0 0 0 0 0 0 0 10 0 0 62 0 0 0 0 0 9 0 0 0 0 2 0 0 0 0 0 0 0 0 0 0 0 4 0 0 0 0 0 0 0 0 0 1 2 0 
 0 0 0 2 0 0 0 2 0 0 0 0 0 0 0 0 0 0 2 0 2 2 2 2 90 18 2 2 2 2 2 2 2 2 2 2 8 67 2 2 170 231 0 175 101 489 78 172 326 157 121 287 79 286 336 294 43 94 112 48 0 2 0 0 0 106 0 0 5 0 16 2 0 0 7 0 0 0 0 0 0 0 0 0 0 0 0 0 0 0 0 0 0 0 0 0 0 0 0 0 0 0 0 0 0 0 0 0 0 0 0 0 0 0 0 0 0 0 0 0 14 0 3 16 3 0 1 40 14 14 16 1 15 13 11 9 5 81 0 21 5 0 0 0 0 35 0 7 0 0 0 0 0 0 11 6 0 7 0 0 0 0 0 0 0 0 0 0 0 0 0 0 0 0 0 0 0 0 0 0 0 0 0 0 0 28 0 0 0 0 0 0 0 0 0 0 0 0 0 0 0 11 8 0 0 19 17 28 21 16 24 14 31 14 32 8 25 0 38 0 0 0 0 0 0 0 0 0 0 0 0 0 34 0 0 9 0 3 12 0 0 0 0 0 0 0 0 0 0 0 0 11 0 0 0 0 0 0 0 14 0 0 2 0 0 69 2 0 0 0 0 0 0 0 0 0 0 0 0 0 0 0 0 0 0 11 0 26 2 0 
 6 0 0 3 8 0 0 6 0 0 7 0 23 23 0 6 6 0 0 0 4 3 3 3 3 65 3 3 3 3 3 2 3 3 2 2 3 3 6 3 56 321 175 0 174 68 517 360 292 337 65 116 62 76 274 88 464 197 91 131 19 0 1 0 0 0 52 1 3 0 0 0 40 50 0 1 0 0 32 51 0 0 38 0 0 0 0 6 9 0 0 2 0 8 0 0 0 9 0 0 0 0 0 0 0 0 0 0 0 0 0 0 14 0 0 0 0 0 0 0 19 0 0 0 3 12 0 7 3 0 0 0 0 1 0 0 1 0 0 0 7 16 0 16 0 0 1 7 29 0 7 0 26 20 0 0 0 0 0 13 8 13 11 9 0 0 0 0 0 0 1 4 0 0 0 0 10 0 0 6 0 0 0 0 0 18 0 0 0 0 0 0 0 0 0 0 0 0 5 5 1 0 0 0 1 7 0 0 0 1 18 0 0 0 0 0 14 2 1 6 0 51 0 0 0 0 0 17 1 24 0 0 39 0 2 46 44 0 0 37 1 0 0 0 0 0 0 0 0 0 0 6 0 0 0 0 0 0 0 1 0 18 67 0 2 2 2 0 0 19 17 0 0 0 0 0 0 0 0 0 0 0 0 0 0 0 0 0 0 0 
 0 0 0 0 1 0 3 3 0 1 0 0 1 0 0 62 0 0 0 0 0 0 0 3 3 0 0 0 0 0 0 0 2 0 0 0 0 0 0 0 131 57 101 174 0 88 60 54 141 91 515 50 64 72 51 141 377 167 288 76 50 0 0 4 0 0 2 0 5 0 0 1 56 0 0 1 0 0 49 141 0 0 0 0 0 0 0 0 0 0 0 0 0 0 0 0 0 0 0 0 0 0 0 0 0 19 0 0 0 0 0 0 0 0 0 0 0 0 0 0 0 19 37 3 19 28 19 0 14 13 19 7 0 6 0 16 10 0 0 0 0 0 0 7 0 0 25 0 9 1 0 9 8 0 0 0 0 0 14 12 12 0 0 0 0 0 0 0 0 0 0 0 0 0 0 0 0 3 0 28 0 0 0 0 0 0 0 0 0 0 0 0 0 0 0 0 0 0 0 0 0 27 0 62 49 0 0 0 12 7 8 32 0 0 0 0 0 6 0 0 10 0 0 0 0 0 15 1 0 5 0 0 20 28 8 6 23 0 15 4 0 0 8 0 0 0 0 0 0 0 0 13 0 0 0 0 0 0 0 1 0 0 64 0 2 7 6 3 0 0 0 0 0 0 0 0 0 0 0 0 0 0 0 0 17 0 0 20 0 0 
 0 0 0 2 0 0 0 0 0 0 0 0 0 0 0 0 0 1 3 65 3 3 2 3 5 3 3 2 3 2 3 16 2 3 4 3 3 3 2 3 340 36 489 68 88 0 310 35 104 45 584 164 41 269 41 83 59 511 470 55 0 44 19 0 0 0 45 23 51 0 0 0 0 48 57 50 0 53 57 68 0 0 0 0 0 0 0 0 0 0 0 0 0 0 0 0 0 0 0 0 0 0 0 0 0 0 0 0 0 0 0 15 0 0 0 0 0 0 0 0 12 23 1 9 0 0 0 8 7 0 0 0 0 4 0 0 7 27 15 4 28 18 1 1 2 0 0 0 13 0 16 28 0 13 16 5 39 3 0 13 0 0 0 0 0 0 0 0 0 0 0 0 0 0 0 0 0 0 0 0 0 0 0 0 0 0 0 0 0 0 0 0 0 0 11 9 0 7 0 0 0 0 0 0 0 20 13 0 1 13 0 0 6 4 0 0 0 0 0 0 0 0 18 41 0 0 0 21 32 3 26 0 3 17 2 8 0 18 25 18 18 0 0 0 0 0 0 0 0 0 0 0 0 0 1 0 0 0 0 12 0 19 1 3 0 24 0 0 0 0 0 0 0 0 0 0 0 0 0 0 0 0 0 10 0 0 0 0 0 0 
 0 0 0 64 0 0 0 0 0 0 0 0 0 0 0 0 0 0 2 6 0 0 0 0 271 2 0 0 93 61 0 0 200 0 0 0 0 6 0 0 130 94 78 517 60 310 0 106 57 91 162 164 182 216 55 303 253 70 74 310 0 0 0 0 0 0 0 0 2 0 25 0 0 0 0 0 0 0 0 0 0 0 0 0 0 0 0 0 0 0 0 0 0 0 0 0 0 0 0 0 0 0 0 16 0 28 0 0 0 0 3 10 0 0 0 9 4 0 0 0 28 12 9 14 4 1 0 13 19 0 24 26 26 0 84 1 0 42 7 7 0 0 0 0 0 0 0 0 0 0 0 0 0 0 0 2 0 0 0 0 0 0 0 0 0 0 0 0 0 0 1 0 0 0 0 0 3 0 0 0 0 0 0 0 0 0 0 0 0 0 0 30 0 0 0 0 0 10 0 0 3 61 2 10 17 16 0 40 22 31 0 0 10 35 18 37 0 1 4 0 0 0 0 0 0 0 27 0 0 0 0 0 19 7 0 0 0 0 32 0 0 0 0 0 0 0 0 0 0 0 0 3 0 0 0 0 0 34 0 20 0 0 0 65 0 12 2 0 0 0 13 0 0 0 0 0 0 0 0 0 0 0 0 0 5 0 0 0 0 0 
 3 3 9 3 2 3 3 0 3 3 3 3 3 3 3 3 3 3 3 3 1 0 3 63 63 69 1 0 8 12 0 58 0 0 2 7 2 5 6 0 91 552 172 360 54 35 106 0 99 59 109 127 349 89 155 48 50 41 55 77 0 63 0 2 0 0 0 0 2 0 0 0 2 0 0 0 0 0 7 1 0 0 0 0 0 0 0 0 0 0 0 0 0 0 0 0 0 0 0 0 4 7 0 0 15 23 0 3 0 0 0 0 0 0 0 28 0 0 0 0 19 53 0 17 0 0 0 11 8 0 22 0 0 0 38 70 1 18 0 0 0 0 0 6 0 0 1 7 0 0 0 0 0 0 0 0 0 0 0 0 0 0 0 0 0 0 0 0 0 0 0 0 0 0 0 0 0 0 0 0 4 3 5 5 6 7 0 1 0 0 0 0 0 0 0 10 0 1 0 0 59 26 40 15 0 0 10 13 1 20 0 19 12 0 0 7 20 0 0 13 0 0 0 0 0 0 19 0 0 0 0 0 0 20 0 0 0 0 0 0 0 0 0 0 0 0 0 0 0 19 0 1 0 2 0 0 0 0 0 0 9 0 2 0 1 0 0 0 0 0 0 0 0 0 0 0 0 0 0 0 0 5 0 0 24 0 0 0 0 0 
 0 0 0 0 0 0 2 0 0 0 0 0 0 0 0 0 0 0 0 0 0 0 0 2 0 2 0 3 0 0 0 0 0 0 0 0 0 0 0 0 282 96 326 292 141 104 57 99 0 106 124 145 82 344 123 195 173 68 66 287 0 5 0 204 4 3 0 0 6 0 1 0 46 0 0 6 0 0 0 0 0 0 0 0 0 0 0 0 0 0 0 0 0 0 0 0 0 0 0 0 0 2 0 0 21 0 0 0 0 0 0 0 0 5 0 0 4 14 0 0 33 27 13 49 0 8 0 0 22 50 25 19 0 8 0 11 36 2 0 34 0 2 0 0 0 7 17 0 0 0 0 0 15 1 11 0 0 0 0 13 0 0 0 0 0 0 0 0 0 0 2 0 0 0 0 0 0 0 0 0 0 0 0 0 0 0 0 0 0 0 0 0 0 0 0 0 0 0 0 0 0 30 17 0 61 9 0 0 20 21 0 58 19 0 10 0 4 17 21 14 0 0 0 0 0 0 16 0 0 0 0 0 0 20 8 0 0 0 13 12 0 0 13 0 0 0 0 0 0 0 0 0 1 0 0 0 0 0 0 16 0 0 1 0 2 0 2 63 1 0 1 0 0 0 0 0 0 0 0 0 0 0 0 0 0 0 0 0 2 0 
 0 0 0 0 0 0 2 2 0 0 0 0 22 0 0 0 0 0 1 0 0 0 0 5 1 22 0 8 0 0 0 1 0 0 6 33 0 3 0 0 102 29 157 337 91 45 91 59 106 0 150 454 140 89 98 232 121 152 293 148 3 1 0 1 0 0 2 0 2 0 0 2 3 0 0 0 11 52 0 1 0 0 0 0 0 23 0 0 0 0 0 0 0 0 0 0 0 0 0 0 5 16 1 7 0 0 0 0 0 0 0 0 0 0 0 0 0 24 0 0 0 9 31 20 27 0 23 7 30 9 18 24 0 13 19 22 0 20 0 0 10 16 0 0 0 0 0 11 0 13 0 0 6 10 0 0 10 0 9 0 0 0 0 0 0 0 0 0 0 0 0 0 0 23 0 0 4 10 0 0 6 0 0 6 1 11 0 0 0 0 7 1 0 0 0 6 1 0 0 0 0 25 0 16 43 23 27 0 20 0 0 0 0 10 10 0 0 0 9 0 12 4 0 0 0 0 21 6 0 0 0 0 20 8 9 0 0 0 36 17 0 0 0 0 0 0 0 0 0 0 0 4 0 0 0 0 0 0 0 14 0 0 0 94 0 2 2 0 0 0 13 0 0 0 0 0 0 0 0 0 0 0 0 0 0 24 0 22 2 0 
 0 1 0 3 0 0 5 5 0 0 0 0 0 0 0 0 0 0 0 0 0 0 0 2 1 0 0 4 0 0 0 0 8 0 0 1 0 0 0 0 221 114 121 65 515 584 162 109 124 150 0 372 162 59 392 88 164 237 47 131 0 0 5 0 0 0 1 0 2 0 0 0 0 0 0 7 0 0 0 209 0 0 0 0 0 0 6 0 24 0 0 0 10 0 0 0 0 0 0 4 0 0 0 0 0 0 0 0 0 0 0 0 0 0 0 0 0 0 0 0 21 7 26 18 12 0 13 3 6 0 1 19 0 6 0 25 0 22 0 0 0 0 0 9 0 0 0 0 0 0 0 0 0 0 0 0 0 0 53 0 3 0 0 0 0 0 1 0 0 0 0 0 1 14 0 9 6 1 0 0 0 0 0 0 0 1 0 0 0 0 0 0 15 0 0 0 27 0 0 0 0 15 3 25 0 26 0 0 63 23 20 39 0 14 18 5 32 0 0 11 0 0 0 0 0 0 19 0 0 0 16 0 0 21 0 0 9 0 41 0 0 0 1 0 0 0 0 0 0 0 0 15 0 0 0 0 0 0 0 0 0 0 2 1 1 7 0 1 2 0 0 0 0 0 0 0 0 0 0 0 0 3 0 0 9 0 0 0 0 0 
 1 3 1 1 67 3 3 3 2 2 2 3 6 3 2 1 3 2 2 1 0 1 2 0 0 0 5 0 7 3 0 0 0 0 3 13 5 6 9 0 95 38 287 116 50 164 164 127 145 454 372 0 35 57 332 111 84 376 37 102 5 0 0 9 0 1 0 0 0 1 0 4 16 0 0 0 4 1 0 1 0 0 0 0 0 0 0 0 0 0 0 0 0 0 0 0 0 0 0 0 0 0 0 0 7 8 0 4 0 4 0 0 0 0 0 6 0 0 0 0 2 27 26 27 21 0 0 0 28 6 12 0 0 0 10 14 0 10 0 0 22 22 0 1 0 0 7 16 0 22 0 0 13 10 0 0 15 0 8 1 0 0 0 0 0 0 0 0 0 0 13 0 0 0 0 0 0 16 0 0 2 7 4 0 0 4 0 5 4 5 0 0 0 0 4 0 0 0 0 0 0 0 0 7 22 31 0 0 15 28 0 0 0 0 0 0 0 2 0 0 16 19 0 0 0 0 12 0 0 0 0 0 11 7 9 0 0 1 56 22 0 0 0 0 0 0 0 0 0 0 0 8 0 0 0 0 0 0 0 20 0 12 6 1 0 13 6 0 0 0 10 0 0 0 0 0 0 0 0 0 0 4 0 0 0 19 0 1 0 0 
 0 0 0 3 0 7 62 0 0 0 2 0 0 0 0 0 0 0 0 0 6 3 3 22 70 67 35 3 3 3 66 3 5 7 3 3 66 4 3 3 321 119 79 62 64 41 182 349 82 140 162 35 0 300 107 294 44 263 99 67 0 0 0 0 0 0 0 0 1 0 0 0 0 0 0 0 0 0 0 0 0 0 0 0 0 0 0 0 0 0 0 0 0 0 0 0 0 0 0 0 0 0 0 0 0 0 3 15 0 6 0 1 5 6 1 0 1 0 0 5 0 0 9 0 0 0 18 20 9 0 20 19 8 0 72 0 10 52 0 0 0 0 0 0 0 0 0 4 0 0 0 0 0 0 0 0 0 0 16 0 0 0 0 0 6 0 0 0 0 1 3 0 0 0 0 0 23 0 0 0 0 6 0 0 9 0 0 2 4 21 0 0 12 0 15 0 6 0 0 0 24 21 0 11 0 11 0 0 28 11 11 11 0 57 11 21 17 11 5 6 0 0 14 0 0 0 0 0 0 0 0 0 0 0 0 0 0 0 3 0 0 0 6 0 0 0 0 0 0 0 0 3 0 1 0 0 0 62 1 0 0 0 0 35 0 8 0 0 0 0 0 0 0 0 0 0 0 0 0 0 0 0 0 0 0 0 0 0 0 0 
 1 2 2 70 4 4 2 6 0 4 2 2 2 2 2 0 2 2 3 2 4 4 5 65 4 2 4 4 3 63 33 4 2 3 4 3 4 70 4 3 347 71 286 76 72 269 216 89 344 89 59 57 300 0 243 127 44 33 298 117 0 2 0 5 14 29 5 0 0 12 0 3 5 0 0 26 4 17 0 1 0 0 2 0 0 0 0 0 0 0 0 0 0 0 0 0 0 0 0 0 0 0 0 0 0 0 0 0 0 0 0 20 0 0 0 0 0 13 0 0 0 0 0 0 0 0 1 26 0 0 22 1 7 9 46 1 13 0 0 10 0 0 0 6 6 0 0 3 0 0 11 0 0 0 0 0 9 0 22 16 0 0 0 0 0 0 0 0 0 0 0 0 0 9 0 0 0 0 0 0 0 3 0 0 0 3 0 0 0 0 0 40 0 0 0 0 0 0 0 0 25 28 0 0 0 0 16 0 0 0 5 0 0 40 0 35 20 15 14 14 0 0 0 0 0 0 0 0 0 0 5 0 0 0 0 0 0 0 0 0 0 0 0 0 0 0 0 0 0 1 0 12 0 0 0 0 0 0 2 0 0 0 1 0 1 2 2 0 0 0 12 0 0 0 0 0 0 0 0 0 0 0 0 0 2 0 0 1 2 1 
 0 0 0 3 0 0 0 0 0 0 0 4 3 0 0 0 0 0 0 0 3 3 3 59 76 4 68 7 3 88 5 3 3 4 3 3 3 3 91 3 125 186 336 274 51 41 55 155 123 98 392 332 107 243 0 71 44 327 66 194 0 0 0 0 0 0 0 0 2 0 0 0 0 0 0 0 0 49 0 0 0 0 0 0 0 0 0 0 0 0 0 0 0 0 0 0 0 0 0 0 0 0 0 0 0 8 0 0 0 0 0 9 0 0 0 0 0 0 0 0 0 9 1 0 14 0 0 0 1 0 20 2 10 0 33 18 2 26 0 0 21 0 0 10 0 0 1 0 28 0 0 0 0 0 0 0 0 0 12 0 0 0 0 0 0 0 0 0 0 0 0 0 0 0 0 0 0 0 0 0 0 0 0 0 0 2 0 0 0 0 0 0 0 0 0 0 0 0 0 0 18 29 0 8 0 7 1 15 6 19 1 19 0 38 0 11 19 2 11 0 0 0 0 0 0 0 11 0 0 0 0 0 0 11 0 0 0 0 17 0 0 0 0 0 0 0 0 0 0 0 0 15 0 28 0 0 0 0 0 0 11 0 3 0 1 0 1 0 0 0 0 0 0 0 0 0 0 0 0 0 0 0 0 0 12 0 0 1 0 7 
 0 0 0 0 0 0 0 0 0 63 0 0 0 0 0 0 0 0 0 0 51 0 0 0 3 0 64 0 6 0 0 0 0 0 0 0 0 0 0 62 48 104 294 88 141 83 303 48 195 232 88 111 294 127 71 0 357 56 251 57 0 4 3 1 10 12 0 0 12 10 4 5 57 2 0 14 4 4 0 0 0 0 0 0 0 0 0 0 0 0 0 0 0 0 0 0 0 0 0 0 0 11 0 0 0 0 0 0 0 0 0 0 0 0 0 0 0 12 0 0 14 0 28 14 0 0 15 8 11 18 17 20 12 0 0 0 4 0 0 43 1 0 0 5 2 11 1 0 0 0 8 0 0 0 9 0 0 0 0 0 0 0 0 0 0 10 0 0 0 0 6 0 0 0 0 0 11 10 0 0 0 0 0 0 0 0 0 0 0 0 0 0 0 0 0 0 0 0 0 0 0 0 0 20 20 0 0 22 3 2 27 0 21 56 24 0 0 0 23 0 0 0 0 0 0 10 15 0 0 0 7 0 0 33 6 0 0 0 0 0 0 0 0 0 0 2 0 0 0 0 0 7 2 2 0 0 0 0 2 6 0 0 0 2 0 9 0 2 0 0 10 0 0 0 0 0 0 0 0 0 0 0 0 0 0 0 0 19 0 0 
 0 0 0 0 0 0 0 2 62 0 0 0 1 0 0 0 0 0 0 0 0 0 0 0 0 0 0 0 0 1 0 0 0 0 0 0 0 0 2 0 76 53 43 464 377 59 253 50 173 121 164 84 44 44 44 357 0 77 25 251 2 0 7 0 0 0 0 0 2 7 0 0 20 2 0 5 0 0 23 106 0 0 0 0 0 0 0 0 0 0 0 0 0 0 0 0 0 0 0 0 0 0 0 0 0 0 0 0 0 1 0 0 0 0 0 0 0 12 0 0 0 38 10 30 1 20 0 5 10 29 14 0 0 2 9 6 8 2 9 1 0 0 0 3 0 0 21 0 4 0 0 0 11 1 0 0 0 0 11 0 0 0 0 0 0 0 0 0 0 0 4 0 0 0 0 0 0 7 0 1 0 0 0 0 0 0 0 0 0 0 0 0 0 0 0 0 0 0 0 0 4 0 8 8 22 0 0 0 24 17 11 66 0 7 6 5 0 39 0 4 11 0 0 10 0 0 13 0 0 0 0 0 0 29 23 0 10 0 1 0 0 0 15 0 0 0 0 0 0 0 0 12 0 0 0 0 0 0 0 1 0 0 68 1 0 2 1 62 0 0 0 0 0 0 0 0 0 0 0 0 0 4 7 0 11 0 0 0 0 0 
 0 0 0 0 0 0 2 0 0 0 0 0 2 0 0 0 0 0 0 0 0 0 0 2 98 29 0 3 0 0 0 0 0 0 0 2 0 0 0 0 79 50 94 197 167 511 70 41 68 152 237 376 263 33 327 56 77 0 33 242 52 0 0 0 0 0 0 0 2 0 0 0 54 0 0 0 0 0 0 59 0 0 0 0 0 0 0 0 0 0 0 0 0 0 0 0 14 0 0 0 0 0 0 0 0 0 0 0 0 0 0 0 0 0 0 0 0 0 0 0 4 7 21 26 36 3 0 4 25 9 2 11 0 0 16 10 0 46 1 25 0 1 0 1 0 0 0 0 0 0 0 0 10 0 0 0 0 0 10 6 13 0 0 0 0 0 0 0 0 0 3 0 0 0 0 0 0 0 0 13 0 1 0 0 0 28 0 0 0 0 0 0 0 0 0 0 0 1 0 0 1 14 0 1 8 27 0 1 34 9 37 15 0 9 11 3 26 7 1 4 0 0 0 19 0 0 9 6 0 1 8 0 12 13 0 0 1 0 22 12 0 0 0 0 0 0 0 0 0 0 0 4 0 1 0 0 0 0 0 3 0 1 2 0 3 6 0 0 0 0 6 0 0 0 0 0 0 0 0 0 0 0 23 0 0 0 0 23 0 0 
 0 0 0 2 0 0 0 0 0 0 0 0 0 0 0 0 0 0 0 0 2 7 65 2 5 67 2 62 64 64 21 64 1 2 68 85 65 2 1 2 35 97 112 91 288 470 74 55 66 293 47 37 99 298 66 251 25 33 0 102 0 0 2 0 0 0 0 50 2 0 0 0 0 0 0 19 0 0 0 0 0 0 0 0 0 0 0 0 0 0 0 0 0 0 0 0 0 6 0 0 0 0 0 50 11 8 0 0 0 6 45 17 0 1 0 14 18 23 0 0 21 0 0 27 0 0 9 13 0 11 11 19 12 2 0 1 13 0 22 51 0 0 0 0 0 4 0 0 0 0 0 0 0 0 6 0 0 0 9 0 0 0 0 0 0 10 0 0 0 0 0 0 0 8 0 13 0 2 0 0 0 12 11 21 47 1 0 0 7 0 6 8 0 0 0 6 0 8 0 0 0 19 1 0 0 0 10 18 9 8 0 0 34 0 23 20 0 0 19 11 0 0 0 0 0 0 0 0 7 0 0 0 2 0 0 0 0 0 0 0 0 0 0 0 0 0 0 0 0 0 0 13 0 2 0 0 0 85 0 0 0 0 1 0 1 1 8 0 0 0 0 0 0 0 0 1 0 0 0 0 0 0 0 0 0 0 0 0 0 0 
 0 0 5 0 0 71 3 0 0 27 1 3 0 0 6 0 0 0 0 0 66 0 0 70 0 62 0 3 0 37 0 0 7 0 37 1 62 0 64 5 335 62 48 131 76 55 310 77 287 148 131 102 67 117 194 57 251 242 102 0 0 0 0 0 0 2 0 0 2 0 0 0 0 1 0 3 1 0 1 0 0 0 0 0 0 6 0 0 0 0 0 0 0 0 0 0 0 0 0 0 2 6 12 14 18 2 5 1 13 12 14 5 1 0 12 0 12 11 9 8 21 7 8 37 11 0 0 0 16 0 0 11 1 0 4 2 0 4 8 0 0 0 0 0 0 0 1 0 0 0 0 0 0 0 21 0 0 0 0 0 0 0 0 0 0 1 0 0 0 5 0 4 0 0 0 0 0 4 0 0 11 11 0 0 0 0 0 8 21 37 0 0 3 5 1 21 11 0 0 4 9 11 62 0 6 6 0 9 10 0 0 0 0 0 0 0 13 0 1 9 0 0 0 0 0 0 9 0 0 0 0 11 20 0 0 0 0 0 9 0 0 0 1 0 0 0 5 0 0 0 0 9 0 2 0 0 0 0 0 2 10 0 9 0 3 4 0 1 0 0 6 0 0 0 0 1 0 0 0 0 0 0 0 0 0 0 0 0 0 0 
 0 0 0 2 0 0 4 3 0 0 0 38 10 0 0 0 0 0 0 2 0 0 0 3 2 0 0 0 0 0 53 0 0 0 0 0 0 0 0 0 0 0 0 19 50 0 0 0 0 3 0 5 0 0 0 0 2 52 0 0 0 107 494 71 45 80 364 44 85 78 90 121 107 160 132 94 52 229 65 85 0 0 0 0 0 0 0 0 0 0 0 0 0 0 0 0 0 0 0 0 0 0 0 0 0 0 0 0 0 0 0 0 0 0 0 0 0 0 0 0 0 1 0 0 12 0 0 0 0 1 0 9 0 0 0 1 0 0 0 0 9 23 0 16 0 40 1 4 0 17 0 9 7 21 9 15 23 27 8 15 7 0 6 0 0 0 0 0 0 0 0 4 0 0 0 0 0 0 0 6 0 0 0 0 0 0 0 0 0 0 0 0 0 0 0 0 0 0 0 0 0 0 0 10 14 8 0 0 0 0 0 1 0 0 0 0 0 0 0 0 27 9 13 7 27 0 0 23 0 16 0 10 29 10 10 0 0 23 38 24 0 0 0 0 0 0 0 0 0 0 0 0 0 28 12 0 0 0 0 0 0 0 3 0 0 0 18 0 0 0 2 0 0 1 0 2 0 0 0 0 0 0 0 0 0 4 0 0 0 0 
