 0 232 156 44 120 31 162 54 39 115 119 69 63 39 118 27 135 278 166 151 2 0 1 1 0 0 0 78 0 0 2 0 2 0 2 0 7 0 0 1 2 0 0 2 0 1 0 0 15 0 3 3 0 3 0 0 2 3 0 3 1 0 3 0 0 0 0 0 0 0 54 0 5 0 0 2 0 0 0 0 23 49 3 46 19 22 20 61 25 20 0 0 11 11 15 15 44 32 35 23 0 0 2 0 0 0 0 0 0 0 0 5 0 0 0 0 0 10 0 0 0 0 0 0 0 0 0 2 0 0 0 0 0 0 0 0 0 0 0 0 0 17 0 2 0 0 0 0 2 0 0 0 0 0 4 0 0 0 0 0 35 12 9 27 17 15 14 18 0 10 9 0 16 8 10 39 17 25 0 7 0 0 0 0 0 0 0 0 0 0 0 0 0 0 0 0 0 0 0 0 0 0 0 0 0 1 5 0 0 0 0 0 1 0 0 0 0 0 0 0 15 0 0 0 0 2 0 0 0 0 0 0 0 0 0 0 0 0 0 0 0 0 0 0 0 2 90 0 95 0 21 14 0 0 0 0 0 0 0 0 0 0 13 0 0 0 2 0 0 0 0 0 0 0 0 0 0 0 0 0 0 0 0 0 0 0 0 0 0 0 
 232 0 208 342 207 72 267 241 133 132 196 426 143 62 83 127 240 84 81 130 0 0 0 0 2 0 1 0 0 3 0 0 0 1 0 2 4 0 101 0 0 0 3 2 0 4 0 0 5 0 3 3 0 6 0 0 2 3 0 6 3 1 10 0 3 0 0 2 0 3 0 1 3 0 0 0 0 0 0 0 0 27 28 1 21 17 0 15 16 13 21 12 0 16 20 0 24 13 11 23 0 0 0 0 0 0 0 0 0 0 0 0 17 0 0 0 0 0 13 14 0 0 0 0 0 0 0 0 0 0 0 0 0 6 0 0 0 0 0 0 0 0 0 0 0 0 0 0 0 0 0 0 0 0 6 0 1 0 0 0 0 10 22 28 16 28 0 22 18 8 0 2 0 0 10 12 20 33 0 0 9 0 0 0 0 0 10 0 0 0 0 0 0 0 2 0 0 1 38 10 0 0 0 0 0 0 0 0 0 0 0 2 0 0 0 0 0 0 9 0 0 0 0 0 0 0 0 0 0 0 0 10 0 0 0 0 0 0 0 0 0 0 0 0 0 0 89 1 0 0 0 3 0 0 2 0 0 0 0 0 0 0 12 0 0 0 0 0 0 0 0 0 0 0 0 13 9 0 0 0 0 0 0 0 0 0 0 0 0 0 
 156 208 0 123 50 403 151 398 167 244 22 260 54 44 58 205 56 231 128 116 76 0 0 0 0 0 82 2 0 0 0 0 4 76 2 0 4 2 43 0 0 2 1 2 0 67 0 0 0 0 3 0 0 3 0 0 2 0 0 3 0 0 3 0 0 0 0 0 0 0 0 3 2 0 1 0 0 0 0 0 11 1 35 33 2 0 11 1 12 3 0 23 13 0 0 18 0 21 16 0 4 0 9 0 0 0 0 23 17 0 0 0 12 2 0 0 0 0 16 0 0 0 0 0 0 0 0 0 0 0 0 0 0 0 0 0 0 0 0 0 0 0 0 0 0 0 0 0 0 0 0 0 0 0 0 0 0 0 0 0 23 53 17 7 19 0 0 0 10 17 33 35 0 44 0 0 0 20 0 10 9 0 0 0 0 0 0 0 1 0 24 0 0 0 31 0 0 0 20 25 0 0 0 17 0 0 0 0 0 0 0 0 0 0 0 0 0 0 0 0 0 0 0 0 0 0 0 0 0 0 0 10 0 0 0 0 0 0 0 0 0 0 0 0 0 0 111 0 2 0 0 12 37 0 0 0 0 0 0 0 0 0 0 0 0 0 0 0 0 0 0 0 0 0 0 3 0 6 0 0 0 0 0 0 0 0 0 0 0 0 
 44 342 123 0 149 25 128 120 66 156 174 49 53 152 376 71 220 89 81 70 74 0 1 0 0 0 188 6 0 75 2 0 74 0 27 0 1 0 75 72 1 0 10 2 11 15 2 3 127 0 2 2 1 3 1 10 16 11 3 3 0 0 10 0 0 0 0 4 35 0 0 0 2 3 0 26 0 0 0 0 0 29 0 10 0 0 1 1 12 7 57 17 0 25 22 10 33 0 0 20 0 0 0 0 0 0 0 0 9 0 0 0 14 9 21 0 0 0 0 23 0 0 0 0 0 0 0 0 0 0 0 0 0 0 0 0 0 0 0 0 0 0 0 0 0 0 0 0 0 0 0 0 0 0 2 8 0 0 0 0 0 0 1 47 5 0 0 2 1 0 0 35 0 0 0 1 2 24 0 10 15 0 36 1 0 0 0 13 7 0 1 0 6 0 24 0 0 0 26 40 0 0 0 0 0 0 0 0 0 0 0 0 0 0 0 0 0 0 0 0 0 0 0 0 0 0 0 0 0 0 0 0 0 0 9 0 0 0 0 0 0 20 0 0 0 0 0 0 0 3 0 1 0 0 0 0 0 0 0 0 0 0 0 0 0 0 0 0 0 0 0 0 0 0 0 14 16 0 0 0 0 0 0 0 0 0 0 0 0 0 
 120 207 50 149 0 51 49 187 72 81 96 124 41 201 348 120 59 116 63 127 73 25 1 0 0 70 0 1 0 0 17 0 75 73 0 21 1 0 0 2 0 0 0 2 0 0 0 5 22 0 3 0 0 3 0 0 2 0 44 3 0 0 3 0 0 0 0 0 0 0 0 0 2 0 0 3 0 0 0 0 0 13 10 0 0 43 15 0 1 93 1 0 0 18 25 1 33 27 1 0 0 19 0 0 0 0 33 0 0 0 0 0 0 0 14 0 14 0 1 32 0 0 0 0 0 0 0 0 0 0 0 0 0 0 0 0 0 0 0 0 0 2 0 0 0 0 0 0 0 0 0 0 10 0 0 0 16 0 0 0 0 5 0 0 25 11 0 0 28 0 0 0 0 0 20 0 11 18 0 9 1 0 7 0 0 0 0 0 16 0 0 0 16 15 21 9 10 13 0 0 0 0 0 0 0 0 0 0 0 0 12 0 0 0 39 0 0 0 0 0 0 0 0 0 0 17 0 0 0 0 0 0 0 0 0 0 0 0 0 0 0 0 0 0 0 2 40 0 1 4 2 2 0 0 0 0 0 0 0 0 0 0 98 0 0 0 0 0 0 0 0 0 0 0 0 0 9 0 0 0 0 0 0 0 0 0 2 0 0 0 
 31 72 403 25 51 0 38 241 257 124 167 259 27 36 49 278 147 87 64 49 0 151 81 0 1 0 2 81 60 0 75 0 163 70 0 80 1 1 217 2 0 0 0 2 0 0 0 0 1 0 17 0 0 3 0 0 2 0 0 3 0 0 3 0 0 0 0 2 0 0 0 6 2 0 0 0 0 0 5 0 0 0 11 0 42 14 0 2 0 12 1 35 0 0 0 13 2 0 0 0 16 0 0 24 0 13 21 40 16 0 37 0 81 29 18 21 0 0 0 0 0 0 0 0 0 0 20 0 0 0 0 0 0 0 0 0 1 0 0 0 0 0 2 0 0 0 0 0 5 0 2 18 0 0 0 0 0 0 0 0 10 2 17 0 0 10 0 1 15 10 0 0 0 60 0 0 0 1 0 0 10 0 23 1 0 0 0 3 13 41 20 11 13 0 40 11 15 0 24 14 0 0 0 1 0 0 1 0 0 0 0 0 0 0 0 0 0 0 0 0 0 0 0 0 0 0 0 0 0 2 0 0 0 0 0 0 0 0 0 0 0 0 0 0 0 4 1 0 1 3 0 4 0 2 0 0 0 0 4 0 0 0 0 0 0 0 0 0 0 0 0 0 0 0 0 11 0 21 0 0 0 0 0 0 0 0 7 0 0 0 
 162 267 151 128 49 38 0 217 140 123 55 35 179 150 136 41 122 458 56 68 2 1 82 28 0 0 0 3 0 0 2 0 0 0 2 0 3 0 0 3 2 0 0 2 0 0 0 0 3 0 2 3 1 3 0 0 3 3 0 3 0 0 3 0 0 0 0 0 0 0 0 0 6 0 0 2 0 0 0 0 33 12 32 0 0 30 12 2 9 7 0 0 11 9 12 9 36 0 25 1 0 0 0 0 0 0 0 0 0 0 0 0 0 0 0 0 0 0 0 0 0 0 0 1 0 0 0 0 0 0 0 0 1 0 0 0 0 0 0 0 0 0 0 0 0 0 0 0 0 0 0 0 0 0 1 0 0 0 0 0 12 0 0 66 2 0 2 7 11 11 14 0 0 9 12 9 1 31 11 43 0 0 0 0 0 0 0 0 0 0 0 0 0 0 0 0 0 0 0 0 0 0 2 1 0 0 0 0 0 0 0 0 0 0 0 0 0 0 0 2 0 0 0 0 0 0 0 15 0 1 0 0 0 0 0 17 0 0 0 0 0 0 0 0 0 0 1 0 0 2 0 13 0 9 0 0 0 0 0 0 0 0 0 0 0 0 0 0 0 0 0 0 0 0 0 0 0 0 0 0 0 0 0 0 0 0 0 0 0 0 
 54 241 398 120 187 241 217 0 355 69 89 65 114 248 331 226 327 513 153 188 0 0 0 0 0 0 0 0 0 0 0 0 0 0 0 0 3 0 0 0 3 0 0 2 0 0 0 0 0 0 3 0 0 3 0 0 2 0 0 3 0 0 3 0 0 0 0 0 0 0 0 0 2 0 0 0 0 0 0 0 21 51 14 0 0 0 3 12 17 13 0 0 11 19 36 2 15 15 36 2 0 0 11 0 0 0 11 0 0 0 0 0 0 20 0 31 0 0 2 1 0 0 0 0 0 0 0 0 0 0 1 0 0 0 0 0 0 1 0 0 0 1 0 0 0 0 0 0 0 0 0 0 0 0 0 0 0 0 0 0 1 30 14 15 10 0 14 16 1 32 36 2 10 11 0 10 2 22 10 28 0 2 0 0 0 0 0 24 0 0 0 0 0 26 0 0 0 0 0 0 0 0 0 0 0 0 0 0 0 16 0 0 0 0 0 0 0 0 0 0 0 0 0 6 0 0 0 2 0 0 0 0 0 0 0 0 0 0 0 0 0 0 0 0 0 1 2 0 4 0 0 3 10 0 0 0 0 0 39 0 0 0 0 0 0 0 0 0 0 0 0 0 0 0 0 0 0 0 0 0 0 0 0 0 0 0 0 0 0 0 
 39 133 167 66 72 257 140 355 0 181 70 174 76 210 397 82 420 154 108 173 0 0 2 0 0 0 0 0 0 2 5 0 0 0 0 0 2 1 0 0 0 0 4 2 0 0 2 0 6 0 2 4 1 3 63 1 23 9 2 3 0 0 3 0 0 40 0 0 0 0 0 2 2 6 0 0 0 0 0 0 10 64 22 12 14 16 14 13 29 12 1 0 0 7 44 29 14 9 9 1 0 0 25 0 0 0 0 0 0 0 0 0 0 0 0 0 0 0 0 0 0 0 0 0 0 1 0 0 0 0 0 0 0 0 0 0 0 0 0 2 0 0 0 0 0 0 0 0 0 0 0 0 0 0 0 0 0 0 0 0 26 33 19 14 7 0 22 10 2 21 31 0 0 21 0 0 15 27 0 37 0 0 0 0 0 0 0 0 2 0 0 0 0 0 0 0 0 0 0 0 0 0 0 0 0 0 0 0 0 3 0 0 0 2 0 0 0 0 0 0 0 0 0 0 0 0 0 0 0 23 0 0 0 0 0 0 0 0 0 0 0 0 0 0 0 0 3 1 2 0 0 16 19 0 0 0 0 0 0 0 0 0 0 0 0 0 0 0 0 0 0 0 0 0 0 0 0 0 0 0 0 0 0 0 0 0 0 0 0 0 
 115 132 244 156 81 124 123 69 181 0 135 46 44 75 212 331 43 171 232 193 75 0 75 0 0 0 100 76 0 0 4 0 0 41 0 2 0 0 113 0 2 0 8 5 0 6 1 0 67 67 63 4 1 3 0 0 6 3 3 3 0 4 11 0 1 0 0 0 0 48 0 0 2 0 2 2 2 0 0 2 10 18 1 23 0 0 11 0 2 2 0 25 24 3 1 0 21 13 22 0 6 0 0 0 0 0 0 14 10 0 0 0 14 13 0 0 0 0 9 0 0 0 0 0 0 0 0 0 0 2 0 0 0 0 1 1 0 0 0 0 0 0 0 2 5 0 0 0 0 0 0 0 0 0 0 0 0 0 0 0 0 3 42 0 15 0 0 1 7 20 15 83 1 14 0 4 23 0 17 42 20 0 1 0 0 1 2 0 0 0 0 0 15 16 21 0 0 1 39 37 0 0 0 0 0 0 0 0 13 0 0 0 2 0 0 0 0 0 0 0 0 0 0 0 0 2 0 0 0 0 0 0 0 0 0 0 0 0 0 0 0 0 0 0 0 0 21 0 2 91 1 14 0 0 0 2 0 0 0 0 0 0 0 0 0 0 2 0 0 0 0 0 0 0 0 1 0 8 0 0 0 0 0 0 0 1 0 0 0 0 
 119 196 22 174 96 167 55 89 70 135 0 110 23 32 175 310 208 210 40 284 1 0 0 0 0 0 72 0 0 0 0 0 1 0 36 0 3 0 2 1 0 0 0 2 5 3 0 0 24 0 3 0 0 3 0 0 2 0 0 3 0 0 5 0 0 0 0 0 37 0 0 0 2 0 0 0 0 3 0 0 1 22 7 8 32 1 14 0 9 20 29 36 1 7 41 9 22 1 0 0 0 0 0 0 0 0 0 0 0 0 0 0 41 0 33 0 15 0 15 25 0 0 0 1 0 0 0 0 0 0 0 0 0 0 0 0 0 0 0 2 0 0 0 0 0 0 0 0 0 0 0 0 0 0 0 0 0 0 0 0 0 0 34 23 0 21 0 0 0 0 0 10 1 0 0 14 0 14 8 22 30 0 10 0 0 0 8 0 2 0 0 0 8 0 0 0 0 0 51 8 0 0 0 0 0 0 0 0 0 0 0 0 0 2 0 0 0 0 0 0 0 0 0 0 0 0 0 0 0 0 0 0 0 0 0 0 0 0 0 24 0 9 0 0 0 2 0 0 0 88 0 9 0 0 1 0 0 0 0 0 0 0 0 0 0 0 0 0 0 0 0 0 0 0 0 0 14 0 0 0 0 0 0 0 0 0 0 0 0 0 
 69 426 260 49 124 259 35 65 174 46 110 0 72 206 417 113 240 272 47 361 1 0 0 0 0 2 1 0 1 18 0 0 0 0 0 2 1 0 0 0 1 2 0 3 66 0 2 0 2 0 2 2 1 3 2 2 9 0 0 3 0 0 3 0 0 1 0 0 0 0 0 2 2 0 0 0 59 0 0 0 0 21 14 0 39 43 13 22 0 6 1 1 12 18 10 12 0 13 20 0 0 0 0 0 0 0 0 0 0 0 0 1 7 0 0 0 0 1 27 0 0 0 0 0 1 0 1 0 0 0 0 0 0 0 0 0 0 0 0 0 0 1 0 0 0 0 0 0 0 0 0 0 0 0 0 0 0 0 0 0 17 10 30 0 9 8 0 9 0 29 7 0 0 36 16 15 20 1 0 0 0 0 0 0 1 0 0 0 1 0 0 0 0 0 1 0 0 0 15 0 0 0 0 0 0 0 0 0 0 0 0 0 0 0 0 0 0 0 0 0 0 0 0 1 0 2 0 0 0 0 0 0 0 1 1 0 0 0 0 0 1 0 0 0 0 1 3 2 4 1 0 0 0 0 0 0 0 0 0 0 0 0 0 0 0 0 0 0 0 0 0 0 0 0 0 9 14 0 0 0 0 0 0 0 0 0 0 0 0 1 
 63 143 54 53 41 27 179 114 76 44 23 72 0 47 301 34 163 50 149 77 0 0 0 0 0 0 0 0 0 0 0 0 0 0 0 0 3 0 0 0 0 0 0 2 0 0 0 0 0 0 3 0 0 3 0 0 6 0 0 3 0 0 3 0 0 0 0 0 0 0 0 0 2 0 0 0 0 0 0 0 1 49 7 0 14 14 0 13 36 7 0 0 18 7 12 11 15 0 47 18 0 0 0 0 0 0 0 0 0 0 0 0 0 0 0 0 0 0 0 0 0 0 0 0 0 0 0 0 0 0 2 0 0 0 0 0 0 1 0 15 0 0 0 0 0 0 0 0 0 0 0 0 0 0 0 0 0 1 0 0 25 0 12 15 1 0 0 13 0 9 12 0 2 1 2 0 14 13 17 10 0 0 0 0 0 0 0 0 0 1 0 0 0 0 0 0 0 0 0 0 0 0 0 0 0 0 0 0 0 54 27 0 0 0 0 0 10 0 0 0 0 0 0 0 0 0 0 0 0 0 0 0 0 0 0 0 1 0 0 0 0 0 0 0 0 0 1 0 0 0 0 17 0 0 0 0 0 0 0 0 2 0 0 0 0 0 0 0 0 0 0 0 0 30 0 0 0 0 0 0 0 0 0 0 0 0 0 0 0 0 
 39 62 44 152 201 36 150 248 210 75 32 206 47 0 217 134 377 124 309 198 0 0 0 0 0 0 0 0 0 5 0 0 0 0 0 0 75 0 2 0 0 0 0 2 0 0 0 0 0 0 3 0 0 3 0 0 2 0 0 3 0 0 3 0 49 6 0 0 0 0 0 0 2 0 0 0 0 0 0 0 14 15 4 2 11 19 19 23 9 0 3 36 12 15 14 31 0 12 0 22 0 0 12 0 0 0 0 0 0 0 0 0 4 0 0 0 0 0 9 14 0 0 0 0 0 0 0 0 0 0 0 0 0 0 0 1 0 0 0 0 0 7 0 0 0 9 0 0 0 0 0 0 0 0 0 0 0 0 0 0 23 1 18 1 14 23 8 16 21 17 13 2 0 24 30 13 51 0 12 18 0 2 0 0 0 0 1 2 0 0 0 0 0 0 1 0 0 0 0 0 0 0 0 0 0 0 0 0 0 14 0 2 0 0 0 0 0 0 0 0 0 0 0 0 0 0 5 0 0 0 0 0 0 0 0 0 0 1 0 0 0 0 0 0 0 1 0 0 2 2 0 27 1 0 0 0 0 0 0 0 0 0 0 0 0 0 0 0 0 0 0 0 0 0 2 21 9 0 0 0 0 0 0 0 0 0 0 0 0 0 
 118 83 58 376 348 49 136 331 397 212 175 417 301 217 0 396 690 128 152 428 0 0 0 1 0 0 1 0 0 0 2 0 0 0 0 0 4 0 21 0 0 0 0 2 0 0 0 0 0 0 3 1 0 3 0 0 7 0 2 3 0 2 3 0 3 53 2 0 38 0 0 1 2 0 0 0 0 0 0 0 0 21 1 0 30 0 0 25 13 6 22 1 0 24 7 40 24 0 10 31 0 0 0 0 0 0 0 0 0 0 0 0 11 0 0 0 0 0 10 20 0 0 0 0 1 0 0 0 2 0 0 0 0 0 0 0 0 0 0 0 0 0 0 0 0 0 0 0 0 0 0 0 0 0 5 0 0 0 11 0 21 0 35 28 8 15 9 16 24 15 22 0 0 13 2 24 49 1 0 19 10 0 0 0 0 0 0 0 0 0 3 0 1 0 0 0 0 0 18 0 0 0 0 0 0 0 0 0 2 12 0 0 0 0 0 0 0 0 2 0 0 13 0 0 1 0 0 5 0 0 0 1 0 1 0 0 0 0 0 0 0 0 0 0 0 0 2 0 1 3 2 12 0 0 0 0 0 0 0 0 0 0 0 0 0 0 0 0 2 0 0 0 0 0 0 9 21 0 0 0 0 0 0 0 0 0 0 0 0 0 
 27 127 205 71 120 278 41 226 82 331 310 113 34 134 396 0 390 213 33 202 74 0 0 0 0 0 106 0 0 0 0 0 35 74 0 0 2 0 37 25 0 0 0 3 0 0 0 3 1 0 4 0 67 3 0 0 3 0 0 3 0 0 3 0 2 0 0 4 2 0 0 0 2 0 0 0 0 0 0 0 1 17 13 33 1 0 14 35 18 14 1 22 0 7 14 0 1 23 9 0 9 22 10 0 0 0 0 13 14 0 0 0 10 1 0 0 0 0 20 0 0 1 0 1 0 0 0 0 0 0 0 0 1 0 0 0 0 0 0 18 0 0 0 0 0 0 0 0 0 0 0 0 0 0 0 0 0 0 0 0 0 23 24 10 56 4 0 12 10 15 10 24 0 0 0 6 16 0 0 0 31 1 1 0 0 0 8 0 1 0 0 15 0 0 58 0 1 0 12 27 0 0 1 0 0 0 0 0 0 0 0 0 0 0 2 2 0 0 0 0 0 0 2 0 0 0 0 0 0 0 0 0 0 0 0 0 0 0 34 0 0 0 0 0 0 2 87 2 0 2 2 11 18 0 0 0 0 0 0 0 0 0 1 0 0 0 0 0 0 1 0 0 0 0 0 0 0 10 0 0 0 0 0 0 0 0 0 0 0 0 
 135 240 56 220 59 147 122 327 420 43 208 240 163 377 690 390 0 322 20 253 0 5 0 0 0 0 0 0 0 0 2 0 108 0 0 0 3 2 0 0 0 3 0 3 0 2 0 0 0 0 2 0 2 3 0 0 11 0 0 3 0 0 3 0 3 0 0 0 0 0 0 0 2 0 0 0 0 0 0 0 0 39 20 0 46 30 42 36 12 23 1 0 0 12 26 4 10 11 7 10 0 0 10 0 0 0 0 0 12 0 0 0 8 0 0 0 0 0 20 13 0 0 0 0 0 0 1 0 0 0 0 0 0 0 0 0 0 0 0 0 0 1 0 0 0 0 0 0 3 0 0 0 0 0 5 0 0 0 0 0 5 13 54 24 17 0 0 31 0 12 6 0 0 2 1 35 43 2 0 0 0 0 0 0 0 0 0 0 0 0 0 0 0 0 0 0 0 0 8 14 0 0 0 0 0 0 0 0 0 0 0 0 1 0 0 0 0 0 0 0 0 0 0 1 0 0 0 0 0 0 0 0 0 0 0 0 0 0 0 18 0 0 0 0 0 0 2 0 2 2 0 16 14 0 0 0 0 0 2 1 0 0 0 0 0 0 0 0 0 0 0 0 0 0 0 0 29 0 0 0 0 0 0 0 0 0 0 0 0 0 
 278 84 231 89 116 87 458 513 154 171 210 272 50 124 128 213 322 0 50 250 1 0 0 2 0 0 78 0 3 0 3 0 3 1 0 3 2 0 88 0 0 0 2 4 0 30 1 4 7 0 3 2 0 3 3 0 11 9 3 5 0 0 3 0 4 0 3 1 0 0 0 3 4 3 0 0 0 0 0 0 19 0 38 0 37 8 14 0 0 12 0 56 12 0 0 14 0 14 0 0 22 0 3 0 12 0 0 0 0 0 0 0 10 0 0 0 10 0 16 0 0 0 0 0 0 0 0 0 0 2 0 0 0 2 0 0 0 0 2 0 0 5 0 0 0 0 0 0 0 0 0 0 0 0 0 0 0 0 0 0 10 10 36 0 0 7 0 15 43 11 19 0 0 61 9 20 36 0 13 11 13 0 0 0 1 0 20 0 0 0 0 0 18 0 1 0 0 0 12 2 0 0 0 0 0 0 0 0 0 0 0 0 0 0 0 0 0 0 0 0 0 0 0 0 0 0 0 0 0 0 0 0 0 0 0 0 0 0 9 0 0 0 0 0 0 0 4 0 4 83 0 14 16 0 0 2 0 0 0 0 0 0 0 0 0 0 0 0 0 0 0 0 0 0 0 7 0 0 0 0 0 0 0 0 0 0 0 0 0 23 
 166 81 128 81 63 64 56 153 108 232 40 47 149 309 152 33 20 50 0 128 0 0 2 0 0 0 0 0 0 0 0 0 0 0 2 0 2 0 1 0 0 0 0 2 0 0 0 0 0 0 3 0 0 67 1 0 2 0 0 3 0 0 3 0 0 0 0 0 0 0 0 0 2 0 0 0 0 0 0 0 10 0 0 9 0 1 30 25 32 9 0 0 85 17 24 0 8 25 41 25 0 0 0 0 0 0 0 0 0 0 0 0 0 0 0 0 0 0 1 0 0 0 0 0 0 0 0 0 0 0 1 0 0 0 0 2 0 0 0 0 0 0 0 0 0 0 0 1 1 0 3 0 0 0 0 0 0 0 0 0 13 0 2 1 0 0 34 2 0 1 11 1 38 2 13 0 0 0 26 0 0 0 0 0 0 0 0 0 0 0 0 0 0 0 2 0 0 0 0 0 0 0 0 0 0 0 0 0 0 0 0 1 0 0 0 0 0 0 0 0 0 0 0 0 0 0 0 19 0 0 0 0 0 0 0 38 0 2 0 0 0 0 0 0 0 1 0 0 1 0 0 8 0 0 0 0 0 0 0 0 0 0 0 0 0 0 0 0 0 0 0 0 0 0 0 0 0 0 0 0 0 0 0 0 0 0 0 0 0 0 
 151 130 116 70 127 49 68 188 173 193 284 361 77 198 428 202 253 250 128 0 0 0 83 2 0 0 0 2 0 0 0 0 2 0 0 2 1 0 9 0 0 0 0 3 3 0 0 0 0 6 2 0 2 3 6 0 8 76 0 3 4 0 2 0 5 0 0 0 0 0 4 0 4 6 0 0 0 7 0 0 10 46 0 27 20 25 29 44 45 10 3 0 5 28 53 3 49 16 11 10 0 0 0 0 0 0 0 0 0 0 0 0 0 0 0 0 0 0 7 0 0 0 1 0 0 0 0 0 0 0 0 0 0 0 0 0 0 0 0 0 0 0 0 0 0 0 0 0 0 0 0 0 0 0 0 0 0 0 0 0 15 0 24 16 22 16 18 23 9 10 11 0 13 0 1 8 34 13 0 10 0 0 0 0 0 3 0 0 0 0 0 0 0 0 0 0 0 0 0 0 0 0 0 0 0 0 15 0 0 0 0 0 0 0 0 0 0 0 0 0 0 0 0 0 0 0 0 0 0 0 0 0 0 0 0 0 16 0 0 0 0 0 0 0 0 0 0 0 6 0 1 0 0 0 0 0 0 0 0 0 0 0 11 0 0 0 0 0 0 0 0 0 0 0 0 0 0 0 0 0 0 0 0 0 0 0 0 0 0 0 
 2 0 76 74 73 0 2 0 0 75 1 1 0 0 0 74 0 1 0 0 0 363 75 78 47 33 189 139 183 112 49 18 165 54 110 117 116 111 217 90 0 0 26 0 0 0 1 1 0 0 0 0 0 2 0 0 0 0 2 0 27 0 0 0 0 0 39 0 0 0 0 0 0 0 3 0 0 0 0 0 0 0 0 0 1 6 0 0 0 7 1 18 0 0 0 0 0 0 0 0 12 44 0 12 4 0 2 28 40 22 25 13 14 18 14 0 22 24 0 33 0 0 0 0 0 0 0 0 0 0 0 0 13 0 0 0 0 0 1 14 0 11 0 0 1 0 0 2 0 0 0 0 0 0 0 8 0 0 0 0 0 0 0 0 0 0 0 0 9 0 2 17 0 0 0 0 0 0 0 0 0 27 15 6 14 0 0 29 49 9 19 32 9 19 21 11 60 34 8 23 0 0 0 0 0 0 0 0 0 0 0 0 0 0 0 0 0 0 8 0 0 0 0 0 0 0 0 0 0 0 0 0 0 0 0 1 0 0 0 0 0 0 0 0 0 2 0 0 0 92 0 0 0 0 5 0 2 1 45 1 11 0 0 0 0 0 0 0 0 0 0 2 0 0 0 0 0 0 0 0 0 11 0 0 1 0 0 0 0 0 
 0 0 0 0 25 151 1 0 0 0 0 0 0 0 0 0 5 0 0 0 363 0 68 138 40 46 76 88 149 186 184 37 292 133 129 131 203 159 334 106 2 0 3 2 0 3 0 0 1 0 0 0 62 2 0 2 0 0 2 0 47 0 0 0 0 0 0 0 2 2 0 0 0 0 0 0 0 0 0 0 0 0 0 0 0 10 0 0 0 0 0 0 0 0 0 0 0 0 0 0 3 2 41 35 11 0 40 2 21 1 0 1 11 25 28 21 8 10 8 9 6 14 0 0 0 0 0 8 0 0 0 0 10 0 0 0 0 0 17 0 0 6 0 0 0 0 1 14 2 0 0 5 0 0 0 0 0 0 0 0 0 0 0 0 0 0 0 0 0 0 1 0 0 0 0 0 0 0 0 0 9 8 28 23 9 0 12 10 8 0 26 10 2 27 8 1 0 17 0 7 0 11 0 0 0 0 0 0 0 0 0 0 2 0 0 0 0 0 0 0 0 0 0 0 0 0 0 9 0 0 0 1 0 0 0 2 0 0 0 0 0 0 13 0 0 0 0 0 0 1 0 0 0 0 5 0 2 77 1 0 0 0 0 0 0 0 10 0 0 0 0 1 0 0 0 0 0 0 0 1 0 0 0 0 0 0 0 0 0 0 
 1 0 0 1 1 81 82 0 2 75 0 0 0 0 0 0 0 0 2 83 75 68 0 170 216 29 60 173 71 142 245 95 148 68 40 155 48 118 140 180 0 0 6 5 0 3 0 0 62 0 0 0 55 2 3 2 2 2 61 0 0 1 0 0 0 0 0 0 2 2 0 3 0 0 5 6 3 0 10 2 0 0 0 0 0 0 0 0 0 0 0 0 0 0 0 0 0 0 0 2 9 15 26 0 13 1 8 21 14 0 22 18 0 17 0 18 15 0 0 0 0 1 0 1 0 0 10 12 0 1 0 0 0 0 1 1 0 0 33 0 0 19 0 0 0 0 0 0 0 0 0 0 0 0 0 0 0 0 0 0 0 0 0 5 0 10 0 0 0 0 0 0 0 0 0 0 0 9 0 0 0 31 25 1 10 8 11 13 2 17 42 13 5 18 0 18 0 0 0 0 0 0 10 0 2 0 6 0 34 0 1 0 8 11 30 0 0 0 1 28 2 0 0 0 0 0 0 12 0 0 0 0 0 0 0 0 0 0 2 0 0 0 0 0 0 0 0 0 0 0 0 0 0 0 6 0 0 0 0 2 0 0 0 0 0 2 0 0 0 0 0 0 0 0 0 0 0 2 0 0 0 32 0 2 0 0 12 0 0 0 
 1 0 0 0 0 0 28 0 0 0 0 0 0 0 1 0 0 2 0 2 78 138 170 0 233 117 55 83 368 108 289 123 79 74 241 150 131 374 61 59 5 63 3 3 0 3 0 62 0 0 0 0 259 2 61 2 0 0 64 2 0 0 0 0 0 0 0 0 3 2 0 0 0 0 0 0 0 0 1 0 0 2 0 0 0 0 0 0 2 0 0 0 0 0 0 0 0 0 0 0 20 0 62 0 27 15 0 14 38 19 1 23 13 0 0 23 2 29 0 0 0 1 0 2 0 0 0 11 7 0 0 0 24 1 0 0 2 0 10 61 0 0 0 0 0 0 1 0 0 0 0 5 0 0 0 0 0 0 0 0 0 0 0 0 0 0 0 0 0 0 0 0 0 0 11 0 0 4 0 0 0 9 6 22 0 41 0 13 0 10 0 23 0 2 21 9 0 14 0 0 0 14 0 0 0 0 3 0 0 5 2 0 0 9 0 0 18 0 7 23 0 0 0 0 0 0 0 10 0 0 0 0 0 0 0 0 10 0 0 0 0 0 2 0 0 0 0 0 0 0 0 0 0 0 7 0 1 162 1 0 1 0 0 0 0 0 0 0 0 0 0 0 0 0 0 0 0 2 0 4 0 0 0 0 0 1 0 0 0 0 
 0 2 0 0 0 1 0 0 0 0 0 0 0 0 0 0 0 0 0 0 47 40 216 233 0 89 34 73 124 167 407 47 57 73 153 153 66 189 58 64 68 34 9 3 0 3 1 81 0 0 0 0 46 57 50 2 1 0 84 124 0 0 0 1 2 6 0 0 3 2 6 0 0 0 9 0 4 2 3 32 0 8 0 0 0 0 0 0 0 0 0 12 0 0 0 0 0 0 0 0 0 0 15 0 7 29 1 0 0 0 11 6 0 0 0 0 0 0 0 0 1 21 9 0 0 0 34 12 23 1 45 0 25 59 0 9 13 0 32 2 0 0 0 0 0 0 6 0 0 0 0 2 0 0 0 0 0 0 0 0 0 0 0 4 0 0 0 0 0 0 0 0 0 0 1 0 0 4 0 0 0 37 0 0 0 14 0 0 0 21 0 30 0 0 0 12 0 0 0 0 12 7 13 0 0 0 27 19 78 11 0 0 12 41 9 33 72 15 27 62 0 0 0 2 0 0 0 0 0 0 0 0 0 0 0 0 0 0 1 0 0 0 0 0 0 0 0 0 0 0 0 0 0 0 9 0 0 2 3 0 0 10 0 0 0 0 0 0 0 0 0 0 0 0 0 0 0 1 0 0 0 0 0 0 17 0 0 0 0 0 
 0 0 0 0 70 0 0 0 0 0 0 2 0 0 0 0 0 0 0 0 33 46 29 117 89 0 104 107 276 410 178 110 11 271 137 86 142 146 56 50 0 0 3 2 0 3 0 63 0 0 0 0 29 2 0 7 0 0 6 0 0 0 0 0 0 0 0 0 2 2 0 0 0 0 0 1 0 0 0 0 0 0 0 0 0 1 0 0 0 0 0 0 0 1 0 0 0 0 0 0 0 0 12 14 35 27 12 0 0 19 16 22 0 0 12 29 0 12 0 0 0 25 0 0 0 0 0 1 59 1 0 0 11 12 6 0 32 1 0 38 0 0 0 0 0 0 0 0 0 0 0 0 0 0 0 0 0 0 0 2 0 0 0 0 0 0 0 0 0 0 0 0 0 1 6 0 0 1 0 0 0 0 7 32 55 36 13 0 0 10 0 9 0 2 7 21 0 28 0 0 0 0 0 0 0 0 11 15 11 0 14 0 0 0 0 0 1 1 44 1 0 0 0 0 0 0 0 0 0 0 0 0 0 0 0 0 0 0 0 0 0 0 1 0 0 0 0 0 0 0 0 0 0 2 21 5 0 75 1 0 14 4 0 0 0 0 0 0 0 0 0 0 0 0 0 0 0 0 0 0 0 0 10 0 0 0 0 0 0 0 
 0 1 82 188 0 2 0 0 0 100 72 1 0 0 1 106 0 78 0 0 189 76 60 55 34 104 0 138 41 105 25 18 75 44 71 132 36 48 139 110 0 2 3 3 11 19 0 0 54 0 0 3 0 2 0 2 0 0 2 0 0 0 7 0 0 0 0 0 48 2 0 0 0 0 0 0 0 0 0 0 0 13 6 5 0 0 0 0 1 0 19 51 0 0 0 1 16 0 0 0 8 11 0 19 8 0 52 0 22 0 11 3 0 19 22 1 42 17 7 22 0 0 0 0 0 1 0 0 0 0 0 0 0 0 2 0 2 0 0 0 0 0 0 0 0 0 0 0 0 0 0 0 2 0 0 8 0 0 0 0 0 0 0 16 0 0 0 0 8 0 0 31 0 0 0 0 0 0 24 0 34 15 48 0 0 0 0 9 14 0 2 0 7 14 23 0 10 1 28 44 0 0 0 0 0 1 0 0 0 0 0 0 0 0 0 0 0 0 0 0 0 0 0 0 1 0 1 0 0 0 0 0 0 0 0 0 0 0 0 0 0 21 0 0 0 0 0 0 0 137 0 0 0 0 5 0 0 0 0 0 0 0 0 0 0 0 0 0 0 0 0 0 0 0 0 0 0 0 0 0 0 0 0 0 0 0 0 0 0 2 
 78 0 2 6 1 81 3 0 0 76 0 0 0 0 0 0 0 0 0 2 139 88 173 83 73 107 138 0 156 250 47 93 305 303 308 51 244 99 152 255 0 3 3 7 0 6 2 0 64 0 11 0 0 2 0 2 0 0 2 2 2 0 0 0 0 0 0 0 3 2 0 0 0 0 0 17 2 5 51 0 0 1 0 0 0 0 0 0 1 0 0 0 0 0 0 0 0 0 0 2 1 43 3 35 8 9 14 16 9 52 17 24 1 9 29 21 17 29 0 34 0 1 0 0 0 0 0 2 0 0 0 0 10 1 0 0 0 0 0 0 0 4 0 0 0 0 0 0 0 0 0 0 0 0 0 2 0 0 0 0 0 0 0 0 0 14 0 0 0 0 0 0 0 0 0 12 1 0 0 0 0 10 11 23 10 9 58 52 0 0 44 0 30 33 12 0 10 9 15 22 0 0 0 0 0 0 0 0 0 1 1 0 0 0 0 0 0 0 10 0 0 0 0 0 0 0 0 2 0 0 0 0 0 6 0 0 0 0 0 0 0 0 20 0 0 0 0 0 0 0 0 0 0 0 11 0 0 2 77 0 12 2 0 0 0 0 20 0 0 0 0 0 0 0 0 0 0 0 0 0 0 9 0 2 0 0 0 2 0 0 
 0 0 0 0 0 60 0 0 0 0 0 1 0 0 0 0 0 3 0 0 183 149 71 368 124 276 41 156 0 277 112 100 156 300 229 158 122 36 252 238 0 0 3 3 0 3 0 0 0 0 0 0 1 2 0 2 0 0 8 0 0 2 0 0 0 0 0 0 3 2 0 0 0 0 0 0 59 0 1 0 0 0 0 0 0 13 0 0 0 0 0 0 0 0 0 0 0 0 0 0 0 13 12 12 26 0 12 22 40 0 18 13 12 27 24 31 15 23 0 0 0 0 0 0 0 0 0 0 4 0 0 0 0 0 0 0 0 0 12 30 0 0 0 0 0 0 0 0 0 0 0 0 0 0 0 0 0 0 0 0 0 0 0 0 0 0 0 0 0 0 0 0 0 0 0 0 0 0 0 0 0 74 13 10 26 12 26 31 48 32 36 10 0 13 0 21 20 10 46 17 0 0 0 0 0 0 1 0 0 0 0 0 1 0 0 0 0 1 15 0 0 0 0 0 0 0 0 0 0 0 0 0 0 0 0 0 0 0 0 0 0 0 1 0 0 0 0 0 0 0 0 1 0 0 3 2 0 38 77 2 1 1 0 0 0 0 12 0 0 0 0 0 0 0 0 0 0 0 0 10 0 20 0 0 0 18 0 0 0 0 
 0 3 0 75 0 0 0 0 2 0 0 18 0 5 0 0 0 0 0 0 112 186 142 108 167 410 105 250 277 0 245 197 53 378 170 126 388 148 283 81 0 0 3 3 0 3 0 0 0 54 2 0 62 209 0 2 2 0 76 0 0 0 0 0 0 3 0 0 3 2 0 2 0 6 0 5 0 1 2 0 0 0 0 0 0 0 0 0 0 0 0 0 0 0 0 0 0 0 6 0 9 14 30 14 26 33 20 0 0 46 2 32 0 0 6 21 13 27 0 0 0 6 0 0 0 0 1 1 0 0 0 0 0 4 0 0 0 0 37 49 1 0 0 0 0 0 0 0 0 0 0 0 0 0 0 0 0 0 0 0 0 0 2 0 0 0 0 0 0 0 0 0 0 0 1 0 1 3 0 0 0 53 0 0 9 39 9 10 9 44 52 7 0 9 1 92 24 22 0 0 1 0 0 0 0 0 2 0 0 0 0 0 1 0 0 0 1 0 6 6 0 0 0 0 0 0 0 0 0 0 0 0 0 0 0 0 0 0 1 0 0 0 0 0 0 0 0 0 0 0 0 0 0 0 11 3 4 43 76 1 2 2 0 0 0 0 0 0 0 0 0 0 0 0 2 0 0 0 0 0 0 17 0 0 0 0 0 0 0 0 
 2 0 0 2 17 75 2 0 5 4 0 0 0 0 2 0 2 3 0 0 49 184 245 289 407 178 25 47 112 245 0 119 456 259 151 188 345 135 40 154 0 0 15 3 0 9 0 0 2 0 0 0 68 8 0 2 0 6 71 6 6 0 0 0 4 6 0 4 3 2 6 2 2 0 2 0 0 0 13 0 0 0 0 0 0 0 0 0 0 0 0 0 0 0 0 0 0 0 0 0 20 21 36 25 16 13 21 15 15 13 10 15 0 10 18 34 15 4 0 1 0 0 0 0 0 0 0 7 0 0 0 0 18 0 0 0 0 0 31 12 0 0 0 0 0 0 0 0 0 0 0 0 0 17 0 0 0 0 0 0 0 0 0 0 8 10 0 0 0 0 0 0 0 0 4 0 0 8 0 2 4 40 18 7 13 22 1 0 0 52 17 48 1 0 13 34 0 20 0 9 0 0 0 0 1 0 12 0 0 0 0 0 12 19 0 0 0 0 0 25 0 0 1 0 9 0 0 11 0 0 0 0 0 0 0 0 0 0 1 0 0 0 0 0 0 1 0 0 0 0 0 0 0 0 4 3 4 8 1 0 0 0 0 0 0 0 0 0 0 0 0 0 0 0 0 0 0 0 0 0 0 13 0 0 0 0 9 0 0 0 
 0 0 0 0 0 0 0 0 0 0 0 0 0 0 0 0 0 0 0 0 18 37 95 123 47 110 18 93 100 197 119 0 39 34 50 22 171 134 30 33 1 0 6 6 1 3 62 65 2 0 0 0 92 69 6 2 4 0 5 26 0 0 0 0 4 4 6 2 2 2 3 6 4 0 2 5 0 0 0 0 0 0 0 0 0 0 0 0 0 0 0 0 0 0 0 8 0 0 0 0 0 1 18 0 29 14 0 0 0 20 0 17 0 0 0 0 1 0 0 0 0 22 11 0 0 0 36 14 8 8 14 0 9 29 12 9 12 0 11 13 0 0 0 0 0 0 1 0 0 0 0 5 1 0 0 0 0 0 1 0 0 0 0 0 0 0 0 0 0 0 0 18 0 10 0 0 0 0 0 0 0 14 6 26 12 23 0 18 42 1 0 17 0 1 0 3 2 25 0 20 10 17 0 0 0 0 44 0 0 0 0 0 14 11 1 0 5 18 18 8 0 0 0 0 0 0 0 8 0 0 0 0 0 0 0 0 0 0 1 0 0 0 1 0 0 0 0 0 0 0 0 0 0 0 4 0 0 147 4 0 0 0 0 0 0 0 0 0 0 0 0 0 0 0 0 0 0 0 0 0 0 11 0 0 0 0 0 0 0 0 
 2 0 4 74 75 163 0 0 0 0 1 0 0 0 0 35 108 3 0 2 165 292 148 79 57 11 75 305 156 53 456 39 0 279 138 125 29 18 67 212 0 2 3 3 1 3 0 5 57 0 0 3 0 2 0 2 1 0 2 0 0 0 0 0 0 0 0 0 3 2 0 0 0 0 0 0 1 0 4 1 0 0 2 5 0 12 2 0 8 14 0 0 0 0 0 0 0 0 0 0 6 12 7 29 10 0 26 0 2 0 33 11 7 48 29 0 0 25 32 36 0 0 0 18 0 0 0 0 0 0 0 0 0 0 0 0 0 0 0 0 0 0 0 2 0 0 0 0 0 0 0 0 0 0 0 7 0 0 0 0 0 6 0 11 0 0 0 0 0 0 0 2 0 8 0 0 0 0 1 0 10 14 28 10 0 0 31 23 49 0 26 0 7 30 34 11 19 7 0 59 0 0 0 0 0 0 2 0 0 0 0 0 12 0 0 0 1 0 0 0 0 0 0 0 0 0 0 0 0 0 0 0 0 0 0 0 0 0 0 0 0 1 0 0 0 0 0 0 0 0 0 0 0 0 12 0 2 0 1 0 2 0 0 0 0 0 0 0 0 0 0 0 0 0 27 0 0 0 0 0 0 0 0 0 0 0 10 0 0 0 
 0 1 76 0 73 70 0 0 0 41 0 0 0 0 0 74 0 1 0 0 54 133 68 74 73 271 44 303 300 378 259 34 279 0 258 33 208 110 194 77 0 2 3 3 0 3 0 0 0 0 19 0 0 2 0 2 0 1 2 0 0 0 0 0 0 0 0 0 3 2 0 0 0 0 0 0 0 0 0 0 0 1 0 17 0 10 0 0 0 5 0 22 0 0 0 0 0 0 0 0 9 9 0 69 0 41 13 19 0 12 54 10 38 19 8 26 17 0 9 10 0 0 0 0 0 0 0 0 0 0 0 0 0 0 0 0 0 0 15 7 0 0 0 0 13 0 0 0 0 0 0 0 0 0 0 0 0 0 0 0 0 0 14 0 13 0 0 0 0 0 3 4 0 0 4 0 0 1 0 0 3 18 0 8 13 18 0 0 25 6 6 0 50 8 30 7 56 14 7 0 0 0 0 0 0 0 0 0 0 1 0 0 0 2 0 0 0 0 0 1 0 0 0 2 0 0 0 0 0 0 0 0 0 0 0 0 0 0 0 0 0 0 0 0 0 0 42 0 0 73 0 0 0 0 5 0 4 1 1 0 10 0 0 0 0 0 0 0 0 0 0 0 0 0 0 0 0 12 0 9 0 0 0 0 0 21 0 16 0 0 
 2 0 2 27 0 0 2 0 0 0 36 0 0 0 0 0 0 0 2 0 110 129 40 241 153 137 71 308 229 170 151 50 138 258 0 226 35 73 155 205 2 0 3 3 8 11 0 0 3 0 3 3 0 2 0 2 0 2 5 0 1 0 0 0 0 0 0 0 49 2 0 0 3 0 0 2 1 0 1 0 0 0 0 2 0 0 0 0 0 0 77 19 0 0 0 0 0 0 0 0 0 10 0 43 10 12 0 0 12 30 23 37 0 0 21 11 0 26 0 34 0 0 0 0 0 0 0 0 0 0 0 0 0 0 0 0 0 0 0 8 3 0 0 0 0 34 0 0 0 0 0 0 0 0 0 0 0 0 0 0 0 0 0 11 0 0 0 1 0 0 0 20 0 0 6 0 0 7 0 0 9 69 23 22 3 13 33 20 17 27 1 0 1 0 33 30 22 14 16 22 0 0 0 0 2 0 0 2 0 0 0 0 0 0 0 0 0 0 0 21 0 0 0 0 0 0 0 0 0 0 0 0 0 0 0 0 0 10 0 0 0 20 0 0 0 0 0 0 0 0 0 0 0 0 16 0 2 76 0 0 1 0 0 0 2 0 3 0 0 0 0 0 0 0 0 0 1 0 0 12 0 0 0 0 0 8 0 0 0 0 
 0 2 0 0 21 80 0 0 0 2 0 2 0 0 0 0 0 3 0 2 117 131 155 150 153 86 132 51 158 126 188 22 125 33 226 0 150 149 259 417 4 0 3 2 0 3 0 0 1 0 0 0 67 208 0 2 0 0 64 0 0 0 0 0 0 0 0 0 2 2 0 0 60 0 0 0 0 0 6 0 0 2 0 0 0 0 0 0 0 0 0 0 0 0 0 0 0 0 0 0 35 59 16 12 27 16 15 30 34 18 21 21 0 17 10 58 41 29 0 23 0 0 0 0 0 0 0 0 22 0 0 0 0 0 0 0 0 0 21 65 0 0 0 0 0 0 0 0 0 0 0 0 0 0 0 0 0 0 0 0 0 0 0 0 0 6 0 0 0 0 0 0 0 0 14 0 0 4 0 0 8 26 10 5 10 20 2 44 9 35 47 7 0 24 0 20 18 0 0 2 0 0 0 0 0 0 0 0 0 0 22 0 1 1 0 0 0 0 33 6 0 0 0 1 0 0 0 0 0 0 0 0 0 0 0 0 0 0 0 0 0 0 13 0 0 0 0 0 0 0 0 0 0 0 14 0 2 1 75 3 1 1 4 0 0 0 0 0 0 0 0 0 0 0 0 0 0 2 0 0 0 8 0 0 0 0 10 0 0 0 
 7 4 4 1 1 1 3 3 2 0 3 1 3 75 4 2 3 2 2 1 116 203 48 131 66 142 36 244 122 388 345 171 29 208 35 150 0 126 246 106 0 0 3 3 2 6 0 0 9 0 0 0 22 2 0 3 1 0 11 0 1 4 0 0 0 0 0 0 3 2 0 0 0 0 0 0 0 0 0 0 0 0 0 0 13 0 0 0 0 0 0 0 0 0 0 0 0 0 0 8 21 15 0 36 1 16 18 12 12 39 18 0 0 0 0 0 11 14 0 0 0 0 0 0 0 0 0 9 0 0 0 0 24 0 0 0 0 0 21 13 0 0 0 0 0 0 6 0 0 0 0 7 0 0 0 0 0 0 0 0 15 0 0 0 0 0 0 0 0 0 0 0 0 0 0 0 0 0 0 0 0 33 0 20 8 0 0 11 13 20 0 11 0 6 11 42 45 52 0 0 0 17 0 0 0 0 0 0 0 0 0 0 0 0 0 0 1 0 0 0 0 0 0 0 0 0 0 14 0 0 0 0 0 0 0 0 0 0 0 0 0 0 3 0 0 0 0 0 0 0 0 3 0 0 8 1 0 1 75 0 16 8 0 0 0 0 0 0 0 0 0 0 0 0 0 0 0 1 0 0 0 0 0 0 0 0 0 0 0 0 
 0 0 2 0 0 1 0 0 1 0 0 0 0 0 0 0 2 0 0 0 111 159 118 374 189 146 48 99 36 148 135 134 18 110 73 149 126 0 27 114 0 0 3 3 206 3 61 0 0 0 0 0 71 2 0 2 0 2 73 0 0 0 0 0 0 0 48 0 3 2 0 0 48 0 0 0 0 0 1 0 0 0 0 0 0 0 0 0 0 0 0 0 0 0 0 0 0 0 0 0 9 16 26 34 40 1 12 0 1 12 11 20 0 0 0 0 0 22 0 3 0 35 0 0 0 0 10 10 0 1 0 0 0 22 0 10 10 0 35 10 0 0 0 0 0 0 0 0 0 0 0 0 0 0 0 0 0 0 0 0 0 0 0 3 2 0 0 1 0 0 0 0 0 0 9 0 0 1 0 0 0 28 1 0 0 14 0 0 0 29 0 29 0 0 9 47 20 30 0 10 11 0 11 0 2 0 23 2 9 24 0 0 13 7 12 1 12 0 1 23 0 0 0 0 0 0 0 0 0 0 0 0 11 2 0 0 0 2 20 0 0 0 0 0 0 0 0 0 1 0 0 0 0 0 3 0 4 76 1 1 3 2 0 0 0 0 0 0 0 0 0 0 0 0 0 0 1 0 0 0 0 11 0 0 0 0 0 0 0 0 
 0 101 43 75 0 217 0 0 0 113 2 0 0 2 21 37 0 88 1 9 217 334 140 61 58 56 139 152 252 283 40 30 67 194 155 259 246 27 0 147 0 0 3 2 0 3 0 2 1 0 4 0 0 2 2 2 0 0 2 0 0 0 0 0 24 0 0 0 6 2 0 0 0 0 0 0 0 0 0 0 0 1 0 12 0 1 0 0 0 9 23 11 0 14 0 0 9 16 0 0 0 7 0 14 0 0 13 24 18 8 0 0 28 52 1 13 0 0 18 0 0 0 0 0 0 0 0 16 0 0 0 2 11 0 0 0 0 0 0 0 0 0 0 0 6 0 0 0 0 0 16 0 0 8 0 4 0 0 0 0 0 0 19 11 9 16 0 0 31 0 18 77 0 0 0 0 0 0 0 0 39 0 9 0 0 0 0 11 15 0 17 23 10 0 33 0 7 0 81 29 0 0 2 0 0 0 0 0 0 0 0 0 0 0 0 0 0 0 0 0 0 6 0 1 0 0 0 0 0 0 0 0 0 0 0 0 0 0 0 0 0 0 0 0 0 0 77 0 0 0 0 0 0 0 6 0 0 0 75 0 2 1 0 0 0 0 0 0 0 0 0 0 0 0 0 4 0 1 0 0 0 0 0 0 0 0 0 0 0 0 
 1 0 0 72 2 2 3 0 0 0 1 0 0 0 0 25 0 0 0 0 90 106 180 59 64 50 110 255 238 81 154 33 212 77 205 417 106 114 147 0 0 0 2 1 2 3 0 4 43 62 0 0 0 2 0 2 0 0 2 0 0 0 0 0 0 0 0 0 2 2 0 0 0 34 0 0 0 0 2 0 0 0 0 11 0 0 0 0 17 12 0 0 0 0 0 0 0 0 0 0 0 25 10 18 10 0 2 25 25 12 30 24 12 16 2 15 0 17 8 21 0 0 0 0 0 0 0 0 0 0 0 0 20 0 0 0 1 0 0 0 0 0 0 0 0 0 0 0 0 0 0 0 0 0 0 12 0 0 0 0 0 2 2 35 1 0 0 0 14 0 2 4 0 0 28 0 1 10 0 0 10 26 28 20 17 0 36 35 12 14 34 10 33 36 2 0 19 8 11 55 0 0 0 0 0 0 0 0 0 0 0 0 0 0 0 0 0 0 22 0 0 0 0 37 0 0 0 0 0 0 0 0 0 0 0 0 0 0 0 0 0 1 0 0 0 0 0 0 0 0 0 0 0 0 10 1 1 0 40 4 12 0 0 0 0 0 0 0 0 0 0 0 0 0 0 0 0 0 0 0 0 7 0 0 0 0 1 0 0 0 
 2 0 0 1 0 0 2 3 0 2 0 1 0 0 0 0 0 0 0 0 0 2 0 5 68 0 0 0 0 0 0 1 0 0 2 4 0 0 0 0 0 391 210 107 77 72 68 163 48 340 166 61 42 266 162 147 74 340 115 154 0 15 0 1 0 0 0 0 3 0 0 4 0 0 0 0 0 0 0 0 0 0 0 0 0 0 0 0 0 0 0 0 0 0 0 40 0 0 0 0 7 0 0 0 5 8 0 4 1 1 0 0 8 1 0 0 0 4 0 0 0 15 9 25 8 17 24 16 0 12 18 6 18 18 47 13 14 0 0 25 0 0 0 0 0 0 0 0 0 0 0 0 0 0 0 0 0 0 34 0 0 0 0 0 0 0 0 0 0 0 0 10 12 1 0 0 0 0 0 0 0 0 0 27 24 0 0 4 0 2 1 0 1 6 2 0 0 0 0 0 0 0 0 28 0 49 30 31 0 0 1 0 7 14 1 16 8 43 10 0 0 0 0 16 0 0 0 0 0 0 0 0 0 0 0 0 0 0 37 1 0 0 5 0 0 0 0 0 0 30 0 11 0 15 0 0 0 0 0 2 0 0 2 0 2 1 0 0 0 0 1 0 0 0 0 0 0 0 0 0 0 0 0 0 3 0 0 0 1 0 
 0 0 2 0 0 0 0 0 0 0 0 2 0 0 0 0 3 0 0 0 0 0 0 63 34 0 2 3 0 0 0 0 2 2 0 0 0 0 0 0 391 0 120 97 49 238 170 253 364 51 65 131 302 105 101 340 139 119 191 181 0 2 0 1 11 9 0 0 0 2 0 0 0 0 0 0 5 0 50 0 0 0 0 0 0 0 0 0 0 0 0 0 0 0 20 0 0 0 14 0 0 0 0 0 0 0 0 0 0 0 0 7 0 0 0 0 0 0 0 0 23 1 13 11 8 1 7 0 32 9 8 15 9 0 32 10 15 22 3 0 0 0 0 0 0 0 0 0 9 0 0 0 6 0 0 0 0 0 0 0 0 0 0 0 0 0 0 0 3 0 0 0 0 0 0 0 0 0 8 0 0 0 0 0 0 0 0 0 0 0 0 17 0 0 0 0 0 0 0 0 11 23 0 1 0 27 16 4 0 19 45 12 21 34 6 6 38 4 18 46 0 0 0 0 6 0 0 0 0 0 0 0 9 0 0 0 0 0 0 7 0 0 0 0 0 0 0 0 40 0 0 17 0 0 0 0 0 0 0 9 0 0 0 13 0 13 2 0 0 0 0 0 0 0 0 3 0 0 0 0 0 0 0 0 0 13 0 25 0 0 
 0 3 1 10 0 0 0 0 4 8 0 0 0 0 0 0 0 2 0 0 26 3 6 3 9 3 3 3 3 3 15 6 3 3 3 3 3 3 3 2 210 120 0 367 126 308 286 563 100 201 50 46 59 44 368 398 174 51 43 466 0 7 0 0 10 0 49 1 4 1 4 54 21 0 0 0 0 0 0 54 0 0 0 0 0 0 0 0 0 0 0 0 0 0 0 0 0 5 0 0 0 0 0 0 0 0 0 0 0 0 0 0 0 0 0 0 0 20 0 0 22 7 10 0 1 1 0 1 11 16 48 0 0 18 9 21 0 2 0 10 13 0 7 0 1 0 0 0 0 0 0 0 16 0 0 0 0 0 13 0 0 0 0 0 0 0 0 0 4 4 0 0 7 0 0 0 0 0 0 0 0 0 0 0 0 0 0 0 0 0 0 0 0 0 0 0 0 0 0 0 11 1 22 2 48 13 0 63 13 11 35 0 11 11 0 23 10 8 0 0 0 0 0 0 0 0 16 0 0 0 0 0 15 0 0 16 0 0 36 0 0 0 0 0 0 0 0 0 0 0 0 13 0 1 0 0 0 0 0 3 0 0 0 5 68 53 0 0 2 0 0 0 0 0 0 0 0 0 0 0 0 0 0 0 8 9 0 0 1 0 
 2 2 2 2 2 2 2 2 2 5 2 3 2 2 2 3 3 4 2 3 0 2 5 3 3 2 3 7 3 3 3 6 3 3 3 2 3 3 2 1 107 97 367 0 326 106 132 263 89 395 273 230 96 99 270 38 303 74 146 350 0 0 4 0 1 0 0 6 0 71 7 5 0 0 3 0 9 5 51 0 0 0 0 0 0 0 0 0 0 0 0 0 0 0 0 0 0 0 0 0 0 0 0 0 0 0 0 0 0 0 0 0 0 0 0 0 0 0 0 0 0 8 0 0 11 13 7 0 0 8 0 30 0 0 7 6 12 0 0 0 9 3 2 0 0 0 0 35 0 15 16 0 11 11 0 61 12 0 2 28 0 24 17 0 0 0 0 0 0 0 0 0 0 0 0 0 6 0 0 0 0 0 0 0 0 0 0 0 0 0 0 0 0 0 0 0 0 0 0 0 0 0 11 8 27 5 6 9 0 0 15 25 0 9 6 10 0 0 0 0 15 1 27 1 0 0 44 21 0 0 7 6 15 0 0 0 22 2 0 9 0 0 15 0 0 0 0 0 0 0 0 17 0 2 0 0 0 0 0 2 0 12 2 0 0 1 1 65 1 0 8 0 0 0 0 0 0 0 0 0 0 3 0 0 0 9 0 0 0 0 
 0 0 0 11 0 0 0 0 0 0 5 66 0 0 0 0 0 0 0 3 0 0 0 0 0 0 11 0 0 0 0 1 1 0 8 0 2 206 0 2 77 49 126 326 0 144 51 62 219 53 67 53 283 272 272 350 43 256 73 136 25 63 7 0 0 0 70 1 10 0 58 4 54 53 117 14 1 49 49 0 0 0 0 1 0 0 0 0 3 0 6 5 0 0 0 0 0 0 0 0 0 0 0 0 0 0 0 0 0 0 0 0 0 2 12 0 0 0 0 7 0 0 0 5 53 18 0 0 0 13 0 1 0 0 12 0 0 0 0 0 12 0 20 10 0 0 17 0 0 0 0 1 14 11 0 0 0 18 16 5 0 0 5 15 0 0 1 0 0 0 0 30 0 0 0 0 0 0 0 0 9 0 8 0 0 0 0 0 0 0 2 0 1 0 0 0 0 0 7 3 0 0 0 10 20 10 0 0 0 18 0 1 1 0 0 6 0 11 0 12 17 15 0 0 1 0 0 0 0 8 17 13 11 19 0 33 13 21 38 13 0 37 0 0 0 0 0 0 0 0 0 8 0 2 0 0 1 0 20 5 0 0 65 2 0 2 3 0 0 0 6 0 0 9 0 0 0 0 0 0 0 0 0 0 0 0 0 0 0 0 
 1 4 67 15 0 0 0 0 0 6 3 0 0 0 0 0 2 30 0 0 0 3 3 3 3 3 19 6 3 3 9 3 3 3 11 3 6 3 3 3 72 238 308 106 144 0 36 254 43 56 128 126 43 263 51 354 138 56 67 50 12 8 3 0 0 0 54 212 8 0 0 5 0 59 47 53 0 0 101 1 0 0 0 0 0 0 0 0 1 0 3 3 0 0 0 0 0 0 0 0 0 0 0 0 0 0 10 0 0 0 0 0 0 2 4 0 0 0 0 5 0 0 0 1 22 33 0 0 0 21 0 0 0 0 17 0 0 0 0 0 1 10 22 0 0 0 10 11 0 0 0 1 12 37 0 0 0 25 24 38 0 16 7 48 0 0 1 0 3 0 0 14 0 0 0 0 7 0 0 0 8 0 11 0 0 0 5 0 0 0 1 0 0 0 0 0 0 0 5 1 0 0 0 38 19 12 0 1 0 0 0 15 0 0 0 7 0 11 0 0 21 0 14 4 0 0 20 18 3 5 22 12 9 23 0 31 22 15 27 3 0 10 0 0 0 0 0 0 0 0 0 3 0 0 0 0 0 0 0 0 0 0 66 0 2 2 0 1 0 0 11 0 0 0 0 0 0 0 0 0 0 0 0 0 0 0 0 0 0 0 
 0 0 0 2 0 0 0 0 2 1 0 2 0 0 0 0 0 1 0 0 1 0 0 0 1 0 0 2 0 0 0 62 0 0 0 0 0 61 0 0 68 170 286 132 51 36 0 117 37 123 199 40 98 218 37 119 67 212 212 253 0 0 0 5 0 0 0 4 1 0 0 0 0 0 1 0 4 2 0 0 0 0 0 0 0 0 0 0 9 0 0 0 0 0 0 0 0 0 0 0 0 0 0 0 1 0 0 0 0 15 0 0 0 0 0 0 0 0 0 0 18 17 30 9 0 0 16 7 7 20 7 6 1 11 54 21 0 8 6 1 0 0 0 0 0 0 0 0 0 0 0 0 0 0 0 0 0 0 0 0 0 0 0 1 0 0 0 0 0 0 0 0 0 25 0 0 0 0 0 0 0 0 0 0 0 0 0 0 0 0 0 0 0 0 0 0 0 0 0 0 58 14 8 22 0 11 12 1 23 0 59 12 19 22 17 0 9 0 11 0 0 0 0 0 0 0 0 0 0 0 0 0 0 0 0 0 0 0 0 1 0 0 0 0 0 0 0 0 0 0 0 4 1 0 0 0 0 0 0 0 0 0 0 0 0 0 0 0 0 0 1 0 0 0 0 0 0 0 0 0 0 0 0 0 0 0 0 29 0 0 
 0 0 0 3 5 0 0 0 0 0 0 0 0 0 0 3 0 4 0 0 1 0 0 62 81 63 0 0 0 0 0 65 5 0 0 0 0 0 2 4 163 253 563 263 62 254 117 0 167 256 44 42 181 147 143 116 35 115 143 209 0 0 0 1 0 0 0 2 0 0 0 0 0 0 0 0 7 0 0 0 0 0 0 5 0 0 0 0 6 14 0 0 0 0 0 0 0 2 0 0 0 0 0 0 0 19 0 0 0 0 0 20 0 0 0 0 0 0 4 0 13 0 1 0 7 0 0 0 31 0 23 0 54 12 0 9 28 1 9 8 0 0 0 10 0 11 3 0 0 0 0 0 9 0 0 0 0 0 0 0 0 0 0 4 16 0 0 0 4 4 0 1 0 0 0 0 0 0 0 0 3 0 2 0 8 10 4 0 0 0 0 18 0 0 0 0 0 0 0 5 21 7 0 0 0 11 14 0 10 14 0 0 3 13 0 8 55 10 25 43 0 0 9 0 0 0 0 0 0 0 0 0 0 0 0 0 0 0 0 0 0 1 0 0 0 0 0 0 0 0 0 5 0 0 0 0 0 0 0 8 0 6 0 66 2 8 2 0 0 0 0 0 0 0 0 0 0 0 0 0 0 0 0 0 0 0 0 0 0 0 
 15 5 0 127 22 1 3 0 6 67 24 2 0 0 0 1 0 7 0 0 0 1 62 0 0 0 54 64 0 0 2 2 57 0 3 1 9 0 1 43 48 364 100 89 219 43 37 167 0 53 257 39 301 95 318 65 127 64 87 66 0 3 2 0 0 0 50 0 0 0 0 3 47 0 1 0 0 0 53 1 0 6 4 12 0 1 0 0 4 33 0 10 0 0 0 0 24 9 0 0 0 9 7 0 0 0 0 0 0 0 0 0 2 14 0 0 0 0 1 1 8 0 0 0 3 10 0 0 3 0 0 0 0 0 0 0 0 15 0 0 0 0 6 0 0 0 0 0 0 0 0 0 8 0 0 24 0 0 5 0 0 8 0 0 22 5 0 0 6 0 0 0 0 0 6 0 0 6 0 0 30 0 16 9 0 0 17 14 19 0 19 0 14 42 0 0 0 0 10 7 0 14 1 44 1 7 0 0 0 34 0 0 0 0 0 8 7 0 0 0 0 0 0 0 0 0 0 0 0 0 0 0 10 0 0 13 0 0 3 0 0 0 0 0 0 0 4 0 0 62 0 6 0 1 0 0 0 0 0 1 0 0 16 36 0 18 4 0 0 0 8 0 0 0 0 0 0 0 0 0 0 0 0 0 0 0 0 0 0 0 
 0 0 0 0 0 0 0 0 0 67 0 0 0 0 0 0 0 0 0 6 0 0 0 0 0 0 0 0 0 54 0 0 0 0 0 0 0 0 0 62 340 51 201 395 53 56 123 256 53 0 147 107 36 91 241 156 50 137 190 119 0 0 0 0 0 0 0 0 0 0 0 19 71 72 0 0 0 0 0 52 0 0 0 0 0 0 0 0 0 0 0 0 0 20 0 0 0 0 0 0 0 0 0 0 0 0 0 0 18 0 0 0 0 0 0 0 0 0 0 0 0 19 0 32 0 0 8 8 0 0 57 4 7 0 29 18 0 24 0 0 0 0 7 0 0 0 0 0 0 0 0 0 9 13 0 11 22 0 2 0 0 0 0 0 0 0 0 0 0 7 0 0 0 0 6 0 0 0 0 0 0 0 0 0 0 0 0 0 0 0 0 0 0 0 0 0 0 0 0 0 0 0 55 20 24 1 7 21 0 1 10 15 0 27 8 14 0 0 0 0 0 0 10 0 0 0 3 0 0 0 0 0 0 0 0 10 18 0 13 0 0 0 9 0 0 0 0 0 0 0 0 8 0 0 0 0 0 0 0 16 0 0 0 1 65 3 1 5 0 0 1 0 0 0 0 0 0 0 0 0 0 0 0 0 0 13 0 0 0 0 
 3 3 3 2 3 17 2 3 2 63 3 2 3 3 3 4 2 3 3 2 0 0 0 0 0 0 0 11 0 2 0 0 0 19 3 0 0 0 4 0 166 65 50 273 67 128 199 44 257 147 0 180 446 163 280 186 573 88 40 150 0 1 0 6 0 0 0 9 0 0 0 1 0 0 8 0 5 0 81 1 0 0 0 0 0 0 0 0 0 0 0 0 0 0 0 0 0 0 0 0 0 0 0 10 0 0 6 0 0 0 0 0 7 9 4 5 8 0 0 10 3 1 34 22 17 7 28 2 2 0 14 43 0 0 1 3 0 21 22 0 12 0 0 0 0 0 0 9 0 0 10 9 0 0 11 0 0 0 0 0 0 0 0 6 0 0 0 0 0 0 0 3 0 0 0 0 0 0 0 0 0 0 0 0 0 0 0 0 0 0 8 0 11 0 0 0 0 0 10 0 0 0 21 2 0 16 0 38 16 0 16 20 17 12 22 0 0 0 0 0 0 0 0 0 0 0 10 0 0 0 0 0 0 0 0 0 11 0 1 17 0 0 0 0 0 0 0 0 0 0 0 9 0 2 0 0 0 0 0 0 0 0 0 0 0 0 0 0 2 0 0 0 0 0 0 0 0 0 0 0 0 0 0 0 0 0 0 0 0 0 
 3 3 0 2 0 0 3 0 4 4 0 2 0 0 1 0 0 2 0 0 0 0 0 0 0 0 3 0 0 0 0 0 3 0 3 0 0 0 0 0 61 131 46 230 53 126 40 42 39 107 180 0 36 350 63 267 307 210 75 95 0 0 0 0 0 0 0 0 51 0 0 1 1 0 0 0 0 0 0 50 0 0 0 0 0 0 0 0 0 0 0 0 0 0 0 0 0 0 0 0 0 0 0 0 0 0 0 0 0 0 0 0 0 0 0 5 0 0 0 0 0 15 12 12 9 12 2 0 0 0 0 33 0 0 20 13 7 3 0 0 2 13 13 0 0 0 0 44 0 0 15 10 0 3 9 0 0 0 12 6 0 13 0 0 0 0 0 19 0 0 0 0 0 0 0 0 7 0 0 19 0 0 0 0 0 0 0 0 0 0 0 0 0 0 0 0 0 0 0 0 1 0 0 33 40 29 0 0 0 0 0 11 0 20 0 0 0 0 0 0 18 0 10 0 0 0 11 5 0 22 1 0 0 9 0 28 0 2 1 24 0 0 1 0 0 0 0 0 0 0 0 6 0 0 0 0 0 0 0 17 0 0 3 0 0 0 0 2 0 0 1 0 0 0 0 0 0 0 0 0 0 0 0 0 0 0 0 0 0 14 
 0 0 0 1 0 0 1 0 1 1 0 1 0 0 0 67 2 0 0 2 0 62 55 259 46 29 0 0 1 62 68 92 0 0 0 67 22 71 0 0 42 302 59 96 283 43 98 181 301 36 446 36 0 292 118 37 50 40 213 121 9 0 0 6 0 0 2 0 0 0 24 0 3 0 0 0 3 0 0 5 0 0 0 0 0 0 0 11 0 0 0 0 0 0 0 0 0 0 0 0 0 0 29 0 16 23 0 0 0 1 0 23 0 0 0 1 0 0 0 0 0 7 2 0 0 0 0 8 2 0 7 0 16 1 0 9 24 0 21 27 0 0 0 0 0 0 6 3 0 0 0 8 0 6 7 0 0 0 0 0 0 0 0 5 0 0 0 0 0 0 0 0 0 0 4 0 0 3 0 0 6 13 0 0 20 21 0 36 0 14 0 24 0 0 0 12 1 16 0 0 21 27 0 0 0 0 27 0 10 7 0 0 0 3 11 0 21 0 20 28 0 0 3 0 0 0 6 18 3 0 0 0 0 0 6 9 0 0 3 3 0 0 0 0 0 0 0 0 0 0 0 18 0 0 0 0 0 0 0 0 0 7 0 0 0 1 2 0 2 0 0 0 0 0 0 0 0 0 0 0 0 0 0 0 0 0 0 0 1 0 
 3 6 3 3 3 3 3 3 3 3 3 3 3 3 3 3 3 3 67 3 2 2 2 2 57 2 2 2 2 209 8 69 2 2 2 208 2 2 2 2 266 105 44 99 272 263 218 147 95 91 163 350 292 0 128 319 105 95 219 370 0 0 0 6 0 0 0 209 0 0 0 0 0 0 3 19 10 0 0 0 0 0 0 0 0 0 0 0 0 0 0 0 0 0 0 0 0 0 0 0 0 19 0 0 0 0 0 0 0 0 0 0 0 0 0 0 0 12 0 0 8 9 47 9 1 1 57 18 6 12 13 7 7 12 6 10 0 34 31 0 2 20 1 0 0 0 0 0 0 0 0 0 0 0 0 0 0 0 1 0 0 0 0 0 0 0 0 0 0 0 0 5 0 5 0 0 0 0 0 0 0 0 0 0 0 0 0 0 0 0 0 0 0 0 0 0 0 0 0 0 18 7 8 9 0 3 22 4 25 4 14 7 58 17 20 9 6 35 31 10 0 0 0 0 0 0 0 0 0 0 0 0 3 0 0 0 0 0 0 7 0 0 0 0 0 0 0 0 0 0 0 8 0 0 0 0 0 0 0 0 0 0 2 0 0 4 2 0 0 0 0 0 0 0 0 0 0 0 0 0 0 0 0 0 9 0 0 0 0 0 
 0 0 0 1 0 0 0 0 63 0 0 2 0 0 0 0 0 3 1 6 0 0 3 61 50 0 0 0 0 0 0 6 0 0 0 0 0 0 2 0 162 101 368 270 272 51 37 143 318 241 280 63 118 128 0 373 252 58 134 365 205 0 0 1 0 0 0 56 0 0 0 51 51 0 0 0 2 0 3 6 0 0 0 0 0 0 0 0 0 0 0 0 0 0 0 0 0 0 0 0 0 0 0 0 0 14 0 0 0 0 0 6 25 0 0 0 0 0 0 0 0 0 9 19 0 0 0 5 21 1 49 4 5 43 0 29 18 7 9 0 3 0 0 0 0 0 6 7 0 0 0 2 0 0 0 0 0 0 14 0 0 0 0 0 0 0 0 0 0 0 0 2 0 0 0 0 0 0 0 0 0 0 0 0 0 0 0 0 0 0 6 10 0 0 0 0 0 0 0 0 25 7 18 14 0 0 6 15 15 24 19 0 7 11 0 0 13 9 9 11 0 47 0 0 0 0 0 0 0 0 0 0 18 0 15 1 0 0 4 0 0 0 0 0 0 0 0 0 0 16 0 5 0 2 0 0 0 0 0 0 0 8 2 0 35 4 0 0 0 0 0 0 0 0 0 0 0 0 0 0 0 0 0 0 1 0 0 0 2 0 
 0 0 0 10 0 0 0 0 1 0 0 2 0 0 0 0 0 0 0 0 0 2 2 2 2 7 2 2 2 2 2 2 2 2 2 2 3 2 2 2 147 340 398 38 350 354 119 116 65 156 186 267 37 319 373 0 375 140 46 58 0 4 0 0 0 0 0 0 9 0 0 35 1 0 2 0 0 0 0 5 10 0 0 0 0 0 0 0 0 0 0 0 0 0 0 0 0 0 0 0 0 0 0 0 0 0 0 0 0 0 0 0 0 0 0 0 0 0 0 0 12 5 33 21 11 7 4 0 8 11 0 20 0 47 32 0 2 7 0 0 0 0 0 0 0 0 3 0 0 0 0 0 7 0 0 11 0 0 13 0 0 0 0 0 0 0 0 0 6 10 0 0 0 0 0 0 0 1 0 0 1 0 0 0 7 0 0 0 0 0 0 0 0 0 0 0 0 0 0 0 29 2 50 12 0 19 0 30 1 16 37 14 0 5 0 21 46 10 2 0 0 0 0 0 0 14 0 0 0 0 0 0 1 0 0 0 0 0 10 8 0 0 0 0 0 0 0 0 25 0 0 5 0 2 0 0 0 0 0 3 0 0 0 3 63 25 3 0 0 0 10 0 0 0 0 0 0 0 0 0 0 0 4 0 0 0 0 7 2 0 
 2 2 2 16 2 2 3 2 23 6 2 9 6 2 7 3 11 11 2 8 0 0 2 0 1 0 0 0 0 2 0 4 1 0 0 0 1 0 0 0 74 139 174 303 43 138 67 35 127 50 573 307 50 105 252 375 0 113 85 65 0 8 57 0 0 0 0 0 4 0 0 4 1 0 1 0 0 0 2 0 0 8 0 1 2 7 0 3 0 0 20 0 0 0 0 5 0 0 0 0 0 0 0 0 0 11 0 0 0 0 0 0 0 0 0 0 0 0 0 0 6 0 14 12 10 31 10 1 0 33 0 20 0 0 37 0 8 6 0 0 0 12 1 0 0 0 0 10 0 0 0 0 0 0 0 10 0 0 26 4 6 3 4 0 0 0 0 3 0 4 18 4 0 0 1 0 6 0 0 0 0 0 0 0 0 0 0 0 0 0 0 0 0 0 0 0 0 0 0 0 0 21 15 24 12 23 0 1 0 0 7 11 7 13 18 7 0 11 0 0 9 0 9 0 0 0 6 8 0 0 2 0 3 0 0 0 0 0 15 8 0 0 0 0 0 0 0 0 0 0 0 4 0 2 0 0 0 0 0 0 0 0 1 0 0 0 0 0 0 0 10 0 0 0 0 0 0 0 0 0 0 0 0 0 0 0 0 6 2 0 
 3 3 0 11 0 0 3 0 9 3 0 0 0 0 0 0 0 9 0 76 0 0 2 0 0 0 0 0 0 0 6 0 0 1 2 0 0 2 0 0 340 119 51 74 256 56 212 115 64 137 88 210 40 95 58 140 113 0 116 321 0 26 0 7 3 0 0 5 0 0 0 0 0 6 15 0 5 0 0 0 0 0 0 0 0 0 1 0 0 0 0 0 0 0 8 0 0 0 0 7 0 0 0 0 0 0 0 0 0 0 0 0 0 0 0 0 0 0 0 0 43 7 24 15 0 10 25 1 6 12 1 20 0 0 9 6 0 10 14 0 1 0 0 0 0 0 0 0 0 0 0 0 8 0 0 0 0 0 9 0 0 0 0 0 0 0 7 0 3 11 0 0 0 15 0 0 1 0 0 0 0 0 0 0 0 0 0 0 0 0 0 0 0 0 0 0 0 0 0 0 21 12 34 4 0 7 6 31 12 10 17 44 20 31 26 17 9 0 0 1 0 0 0 0 0 0 0 0 0 0 0 0 7 0 0 0 7 0 0 5 0 0 0 0 0 0 0 0 0 0 0 3 0 2 0 3 0 0 0 1 0 0 0 0 3 13 0 0 0 0 1 0 0 0 0 0 0 0 0 0 0 3 0 0 0 0 0 9 0 0 
 0 0 0 3 44 0 0 0 2 3 0 0 0 0 2 0 0 3 0 0 2 2 61 64 84 6 2 2 8 76 71 5 2 2 5 64 11 73 2 2 115 191 43 146 73 67 212 143 87 190 40 75 213 219 134 46 85 116 0 131 3 4 0 7 0 0 0 2 51 0 1 14 3 10 0 0 10 9 0 0 0 0 0 0 0 0 0 0 0 0 0 0 0 0 0 0 0 0 0 0 0 4 14 0 6 1 0 0 0 0 1 1 0 0 0 1 4 1 0 0 24 25 27 1 0 0 44 2 0 28 1 0 15 0 19 15 0 16 49 14 2 0 0 0 0 0 0 0 0 0 0 0 3 0 0 0 0 0 0 2 0 0 0 2 0 0 0 0 0 0 0 0 0 0 0 0 0 6 0 0 0 23 0 0 0 8 0 0 6 19 0 0 0 0 0 25 17 4 0 1 37 12 20 21 0 1 8 5 20 1 18 25 22 20 42 27 0 0 21 20 0 0 0 0 0 0 0 0 0 0 0 0 0 0 0 0 0 0 8 0 0 0 0 0 0 0 0 0 0 0 0 0 0 0 0 0 0 0 2 1 0 0 1 0 2 3 0 0 0 0 0 0 0 0 0 1 0 0 0 0 0 5 0 0 12 0 0 0 0 0 
 3 6 3 3 3 3 3 3 3 3 3 3 3 3 3 3 3 5 3 3 0 0 0 2 124 0 0 2 0 0 6 26 0 0 0 0 0 0 0 0 154 181 466 350 136 50 253 209 66 119 150 95 121 370 365 58 65 321 131 0 0 0 2 7 0 0 0 8 0 2 2 0 0 0 4 0 21 1 0 0 0 0 0 0 0 0 0 0 0 0 0 0 0 0 0 0 0 0 0 0 0 0 0 0 2 6 0 0 0 0 0 1 0 0 0 0 14 0 0 0 2 24 43 14 0 0 38 11 0 6 7 11 36 20 21 17 11 11 17 10 0 0 0 11 20 0 0 0 0 2 2 8 0 0 0 0 0 0 0 0 0 0 0 0 0 0 0 0 0 0 0 6 0 4 0 0 0 0 3 0 0 0 0 0 10 0 0 0 0 0 0 0 0 0 0 0 0 0 0 0 29 2 12 9 0 9 49 9 0 0 0 0 18 39 19 0 8 19 29 0 0 0 0 4 0 6 0 0 0 0 0 0 0 0 0 0 0 13 0 1 0 0 0 0 0 0 0 0 0 0 0 10 0 1 0 0 0 0 0 0 63 0 64 0 0 0 0 0 1 0 3 0 0 0 0 0 0 0 0 0 0 0 0 0 0 2 0 0 0 0 
 1 3 0 0 0 0 0 0 0 0 0 0 0 0 0 0 0 0 0 4 27 47 0 0 0 0 0 2 0 0 6 0 0 0 1 0 1 0 0 0 0 0 0 0 25 12 0 0 0 0 0 0 9 0 205 0 0 0 3 0 0 147 115 99 82 83 174 268 96 89 31 27 69 72 119 342 28 57 83 139 0 0 0 0 0 0 0 0 0 0 0 0 0 0 0 0 0 0 0 0 0 0 7 0 0 0 0 0 0 0 0 0 0 0 0 0 0 0 0 0 0 0 0 0 0 18 0 0 0 0 0 0 0 0 0 0 0 0 0 0 4 9 19 0 18 0 59 0 1 0 0 10 0 22 23 0 8 10 19 8 9 0 8 0 0 0 0 0 0 0 0 6 0 0 0 0 0 0 0 7 3 23 0 0 0 0 0 0 0 0 0 0 0 0 0 0 0 0 0 0 0 0 0 0 0 0 0 0 0 0 0 0 0 0 0 0 0 0 0 0 18 11 11 24 7 0 0 15 20 17 25 31 20 9 23 7 9 17 13 0 0 0 0 0 0 0 0 0 0 0 0 0 0 58 4 0 0 0 0 0 0 0 12 0 0 0 0 0 0 0 32 2 0 2 1 0 0 0 0 0 0 0 0 0 0 2 0 0 0 0 
