 0 177 361 165 246 40 548 153 208 663 43 47 67 99 149 38 21 207 114 255 0 2 3 1 3 2 2 4 0 75 0 0 0 0 3 0 3 0 0 3 3 4 7 0 64 0 0 0 0 0 0 0 3 0 3 3 0 0 5 1 3 0 0 0 0 2 0 45 3 0 0 0 0 0 3 0 1 0 0 3 10 19 10 0 0 15 32 28 33 15 5 11 11 22 14 33 11 78 0 15 31 0 0 0 0 0 0 0 0 0 0 0 0 0 0 0 0 0 0 10 0 0 0 0 0 0 0 0 0 0 0 0 0 0 0 0 0 0 0 0 0 0 0 0 0 0 0 0 0 0 0 0 0 0 0 6 0 0 0 0 0 11 1 15 0 0 16 11 0 0 0 33 19 19 7 15 14 0 32 0 0 0 0 0 0 10 0 0 0 0 0 0 13 0 0 0 0 0 9 13 0 0 0 0 0 0 0 0 0 0 0 0 0 0 0 0 0 0 0 0 0 0 0 0 0 0 0 0 0 0 0 0 0 0 0 0 0 0 0 0 0 0 0 0 0 0 0 2 3 26 0 8 0 0 0 0 0 0 0 0 0 0 0 0 0 0 0 0 0 0 0 0 0 0 0 0 4 0 0 0 0 0 0 0 0 0 0 0 0 0 
 177 0 103 72 37 324 319 170 251 175 226 345 156 50 471 179 130 430 47 241 0 206 3 0 3 2 2 2 0 0 0 0 77 0 3 1 5 0 1 223 3 4 0 0 66 0 0 6 0 0 0 0 3 0 4 3 0 0 2 0 3 0 0 0 0 3 20 0 2 0 0 0 0 0 3 0 28 0 0 3 0 20 16 0 0 23 25 35 12 0 0 28 27 28 16 8 0 18 0 23 13 0 0 0 0 0 20 0 0 0 0 0 0 17 2 0 0 0 0 9 0 0 0 0 0 0 0 0 0 0 0 0 0 0 0 0 0 0 0 0 0 0 0 0 0 0 0 0 0 0 0 0 0 7 0 0 0 0 0 0 7 10 30 0 0 15 27 0 17 26 0 0 0 12 17 0 14 9 77 0 0 14 0 0 0 0 0 0 0 0 0 0 0 0 2 0 0 0 13 24 0 0 0 0 0 0 0 0 0 0 0 0 0 0 0 0 0 0 0 0 0 0 0 12 0 0 0 0 0 0 0 0 0 0 0 0 0 0 2 0 0 17 0 0 1 4 0 0 18 2 0 4 0 0 0 0 0 0 0 0 0 0 0 0 0 0 2 0 0 0 0 0 0 0 0 0 7 0 0 0 0 0 0 0 0 0 0 0 0 0 
 361 103 0 325 48 174 83 82 202 180 225 58 73 45 73 49 228 130 61 293 0 3 3 0 7 2 2 5 1 0 0 0 5 0 3 0 5 0 0 105 3 4 0 3 78 0 0 0 0 4 0 3 3 0 7 3 0 0 0 0 3 0 0 0 2 3 0 0 6 0 3 0 0 0 3 0 108 0 0 3 0 1 13 4 0 45 20 10 31 12 12 0 17 31 1 4 11 0 3 0 0 0 0 0 0 0 0 2 0 0 0 0 0 16 0 0 0 5 4 0 0 0 1 0 0 0 0 0 0 0 22 14 0 0 0 0 0 1 0 0 2 0 0 0 0 0 0 0 0 0 0 0 0 0 3 0 2 0 0 0 1 0 37 16 1 22 0 30 0 0 10 1 0 28 21 0 70 18 0 0 0 0 17 0 0 0 0 1 0 0 0 0 20 0 0 14 0 0 8 17 0 0 0 0 0 0 0 0 0 0 0 0 0 0 0 0 0 0 0 0 0 0 0 0 9 0 0 0 0 0 0 0 0 1 0 0 0 0 0 0 0 0 0 0 0 0 91 0 2 0 0 4 0 0 0 0 0 0 0 0 0 0 0 0 0 0 0 0 0 0 0 0 0 0 0 0 19 0 0 0 0 0 0 0 0 0 0 0 0 0 
 165 72 325 0 342 65 468 361 76 187 298 370 49 164 106 284 100 92 495 90 80 0 3 0 3 2 38 2 0 1 0 2 72 1 76 4 3 0 0 81 3 5 2 0 0 0 0 0 0 0 0 1 3 0 3 3 0 2 0 2 3 0 0 0 0 3 0 0 3 23 0 0 0 0 3 0 0 0 0 3 0 6 23 34 17 23 37 0 0 13 19 6 0 0 75 32 41 34 2 0 0 2 0 0 0 0 0 0 0 0 0 0 33 0 6 0 0 0 13 0 0 0 0 0 0 0 0 0 0 0 0 0 0 0 0 0 0 1 0 0 0 0 0 0 0 0 0 0 14 0 0 19 0 0 0 9 1 0 0 0 15 20 13 32 14 8 0 2 28 10 1 12 4 8 1 36 0 7 0 12 7 0 0 0 0 0 0 0 0 0 0 0 1 11 18 14 0 0 16 0 0 0 0 0 0 0 0 0 0 0 0 0 0 0 0 0 0 0 0 0 0 0 0 0 0 0 0 0 0 0 0 0 0 0 0 0 0 0 17 0 0 0 0 0 2 4 88 0 2 90 2 17 10 0 0 0 0 0 0 0 0 0 0 0 0 0 0 0 0 0 0 0 0 0 0 0 0 0 0 0 0 0 0 0 0 0 0 0 0 0 
 246 37 48 342 0 160 37 136 135 51 622 183 71 49 170 110 241 125 94 62 18 2 3 0 4 2 106 76 0 1 0 1 7 3 32 0 61 1 25 5 3 3 0 0 2 0 7 0 0 0 0 0 3 0 3 3 0 4 0 0 5 0 3 0 0 3 0 0 3 2 0 1 2 0 3 0 1 2 2 3 0 11 15 15 32 8 0 2 0 35 13 15 0 0 10 12 33 11 0 0 13 24 0 0 0 0 0 33 13 28 16 1 33 8 32 0 21 0 14 12 11 0 0 0 0 8 0 10 0 0 0 0 0 0 0 0 0 0 0 0 0 0 0 0 0 6 0 0 3 0 1 0 20 0 0 0 0 0 2 0 0 16 13 16 22 11 0 14 29 12 13 13 0 0 7 0 0 10 0 0 11 0 10 1 0 0 17 5 38 12 13 20 0 14 41 58 17 20 0 0 0 0 0 0 0 14 0 0 0 0 0 0 0 0 0 0 0 0 0 5 0 0 0 0 0 0 0 0 0 0 0 0 2 0 8 0 0 0 0 0 0 0 0 0 0 2 48 0 2 72 0 12 14 0 0 0 0 10 0 1 0 4 0 0 0 0 0 0 0 0 0 0 0 0 0 0 0 0 0 0 0 0 0 0 0 0 0 0 0 0 
 40 324 174 65 160 0 43 320 76 30 235 90 42 42 361 334 123 154 130 34 108 0 4 2 3 5 121 3 0 3 1 0 35 113 4 76 7 0 154 80 4 3 2 0 63 0 2 0 2 0 0 0 3 0 3 3 0 2 0 2 31 0 0 0 2 4 0 0 3 2 0 0 37 0 3 0 1 29 0 3 0 4 0 0 25 18 0 0 0 28 18 52 8 0 6 49 11 12 0 0 14 0 0 0 0 0 1 27 11 0 14 11 29 1 30 20 0 0 15 15 0 0 0 0 0 0 0 0 30 0 0 2 0 0 0 0 1 0 0 0 0 0 0 0 0 2 0 0 0 0 13 3 2 0 9 0 0 0 0 0 10 0 20 17 36 12 0 0 10 1 12 0 2 25 0 3 0 42 0 0 10 22 23 12 0 0 2 14 0 0 0 0 27 0 0 0 2 9 15 43 0 0 0 0 0 14 0 0 0 0 0 0 0 0 0 0 0 2 0 0 0 0 0 0 0 0 0 0 0 0 0 0 0 0 0 1 0 0 0 0 0 0 0 0 0 9 0 1 4 0 0 8 0 0 0 0 0 0 0 0 0 0 0 0 0 0 0 0 0 0 0 0 11 0 0 9 0 0 0 0 0 0 0 0 0 0 0 0 0 0 
 548 319 83 468 37 43 0 116 68 310 133 119 484 365 220 25 113 452 100 258 0 0 3 0 3 2 2 3 0 0 0 2 0 0 3 0 3 0 2 3 3 4 3 0 0 0 0 1 0 0 0 0 3 0 3 3 0 0 6 1 3 0 0 3 0 2 0 0 3 29 0 0 0 0 3 0 36 2 0 3 8 1 23 16 0 12 12 38 51 20 13 17 12 49 19 30 21 21 13 44 7 0 0 0 11 0 0 2 16 0 0 0 0 0 5 0 0 0 11 0 0 0 1 0 0 0 0 0 1 0 0 0 0 0 0 11 0 1 0 0 3 0 0 0 0 0 16 0 0 0 0 0 0 0 0 2 0 0 0 0 10 22 0 7 0 54 21 0 7 6 1 8 5 1 18 0 19 0 72 2 1 0 0 0 0 0 0 1 0 0 0 0 28 0 0 0 0 0 0 20 0 0 0 0 0 0 0 0 0 29 0 0 0 0 0 0 0 0 0 0 0 0 0 84 0 0 0 0 0 0 0 0 0 0 0 0 0 0 0 0 0 0 0 0 0 0 0 0 46 116 2 10 0 0 0 0 0 0 0 0 0 0 0 0 0 0 0 0 0 0 0 0 0 0 0 0 10 0 0 0 0 0 0 0 0 0 0 0 0 0 
 153 170 82 361 136 320 116 0 94 37 355 41 70 361 381 131 155 38 213 53 0 0 3 0 3 2 2 2 0 0 0 0 1 0 3 1 3 0 0 3 3 3 0 0 0 0 0 0 75 0 0 0 3 0 3 3 1 0 0 0 3 0 0 0 0 3 0 0 3 0 0 0 0 0 3 2 0 0 0 3 12 14 97 30 13 14 30 33 19 29 10 0 0 0 56 24 26 0 10 38 1 0 0 0 0 0 0 0 0 0 0 0 10 0 0 0 0 0 55 0 0 0 2 0 0 0 0 0 0 0 0 0 0 0 16 0 14 0 0 0 1 1 0 1 0 0 0 0 0 0 0 0 0 3 0 0 0 0 0 0 10 0 21 46 6 11 16 5 22 10 0 6 4 2 34 11 2 22 10 26 0 0 0 0 1 0 0 0 0 0 0 0 10 0 0 2 0 0 10 1 0 0 0 0 0 0 0 0 0 0 2 0 0 0 0 8 0 0 0 0 0 0 0 0 0 0 0 0 0 0 0 0 0 2 0 0 0 0 0 0 0 0 0 0 0 1 0 1 0 89 0 11 0 0 0 0 0 0 0 0 0 0 11 0 0 0 0 0 0 0 0 0 0 0 0 0 13 0 0 0 0 0 0 0 0 0 0 0 0 0 
 208 251 202 76 135 76 68 94 0 163 67 136 76 106 220 133 266 413 100 254 0 0 3 0 3 2 2 2 0 0 0 0 11 0 3 0 3 2 0 250 3 5 2 0 0 0 0 0 0 0 0 0 3 0 3 3 0 4 0 2 3 0 0 0 0 3 0 0 3 0 0 0 0 0 3 0 52 0 0 3 19 0 0 0 10 24 37 1 26 24 11 29 2 11 0 0 26 55 16 1 0 0 0 0 0 0 15 0 9 0 0 0 35 22 0 13 0 0 0 0 0 0 0 0 0 0 0 0 0 0 0 0 0 0 0 0 0 0 0 0 0 0 0 0 0 0 0 0 0 0 0 0 0 0 2 0 0 0 0 1 0 42 9 2 11 25 0 24 10 11 22 43 20 9 13 14 42 0 14 1 0 18 2 0 0 0 0 0 0 0 0 0 0 0 11 0 1 0 0 14 0 0 0 0 0 0 0 0 0 0 0 0 0 0 0 0 0 1 0 0 0 0 0 11 0 0 0 0 0 0 0 0 0 0 1 0 0 0 0 0 0 0 0 0 0 1 183 2 0 1 0 16 0 0 2 0 0 0 0 0 0 0 0 0 0 0 1 0 0 0 0 0 0 0 0 0 0 0 0 0 0 0 0 0 0 2 0 0 0 0 
 663 175 180 187 51 30 310 37 163 0 148 44 101 151 178 256 83 93 89 173 0 0 3 0 3 2 2 3 0 0 0 0 76 0 3 0 3 2 0 9 3 5 2 0 1 0 0 4 0 0 0 0 67 0 3 3 0 0 1 2 3 0 0 0 0 3 0 36 3 0 0 0 0 0 3 0 57 0 0 3 0 18 27 14 2 10 12 22 49 22 10 35 12 36 27 33 12 10 0 16 0 0 0 0 0 2 0 0 0 0 0 1 0 7 10 0 20 0 10 0 0 0 0 0 0 0 0 0 0 0 0 0 0 0 1 0 0 0 0 0 0 0 0 0 0 0 0 0 23 0 0 0 0 0 3 2 0 0 0 0 11 16 17 6 32 14 10 51 0 23 10 16 9 0 17 0 49 0 27 0 0 0 0 0 0 0 10 0 0 0 0 0 9 0 9 0 0 0 0 27 0 0 0 10 2 0 0 0 0 0 0 0 1 0 0 0 0 0 0 0 0 0 0 0 0 0 0 0 0 0 2 0 0 0 0 0 0 0 0 0 0 13 0 0 0 0 3 0 88 90 0 12 8 0 2 0 0 0 0 0 0 0 0 0 0 0 0 0 0 0 0 0 0 0 0 17 9 0 0 0 0 0 0 0 0 0 0 0 0 0 
 43 226 225 298 622 235 133 355 67 148 0 272 50 39 76 251 366 229 52 76 36 0 3 0 3 2 2 3 0 0 0 2 80 0 77 1 78 2 2 151 2 3 4 0 134 2 0 0 0 0 3 5 6 0 3 3 0 0 0 5 2 0 0 0 0 2 2 0 3 2 3 0 0 2 6 0 50 2 0 3 0 0 13 10 37 25 1 0 13 12 19 15 0 9 2 37 8 11 0 0 11 23 0 1 0 0 14 10 10 10 0 0 29 43 0 14 0 0 15 0 0 0 0 0 0 0 0 0 0 0 0 0 0 0 0 0 0 0 0 0 0 2 0 2 0 0 0 0 0 0 0 0 0 0 2 1 0 0 0 0 0 0 21 0 25 24 0 8 0 0 21 3 0 4 23 4 6 15 0 0 0 0 12 0 2 0 39 0 14 12 0 0 1 23 15 1 15 0 0 59 0 0 0 0 0 0 0 0 0 0 0 0 0 0 0 0 0 0 0 0 0 0 0 0 0 0 0 0 0 0 0 0 0 0 0 0 0 0 0 0 0 0 0 0 0 4 84 0 4 0 1 10 0 2 0 0 0 1 0 0 0 0 0 0 0 0 0 0 0 0 0 0 0 0 0 0 0 0 0 0 0 0 0 0 0 0 0 0 0 0 
 47 345 58 370 183 90 119 41 136 44 272 0 18 34 47 250 184 66 45 29 161 0 3 0 3 79 245 81 0 2 0 0 0 27 66 0 3 0 149 38 3 4 2 0 0 0 0 0 0 0 0 0 3 0 3 3 0 3 0 2 3 0 0 0 0 3 0 0 3 19 0 0 0 0 3 0 55 4 0 3 0 0 0 20 25 6 18 15 2 0 14 35 0 2 0 18 7 3 0 19 25 12 0 0 0 0 22 38 9 0 26 0 1 33 0 4 0 0 31 7 0 2 0 0 0 0 0 0 19 0 0 0 0 0 0 0 0 0 0 0 0 0 0 0 0 1 0 0 0 1 6 6 2 0 5 0 0 0 0 0 10 0 0 1 22 17 1 0 0 7 15 17 0 0 0 1 23 0 0 0 9 0 15 0 0 2 22 25 15 13 9 1 39 18 45 10 15 0 15 0 0 0 0 0 0 16 0 0 0 0 0 0 0 0 0 0 0 0 0 0 2 0 0 0 18 0 0 0 0 0 0 0 1 0 0 0 0 0 0 0 0 0 0 0 0 3 1 4 88 1 0 2 14 0 0 0 0 0 0 0 1 0 0 0 0 0 0 0 0 0 0 0 0 0 0 22 0 0 0 0 0 0 0 0 0 0 0 0 0 0 
 67 156 73 49 71 42 484 70 76 101 50 18 0 137 305 117 49 21 208 318 0 0 3 2 3 2 2 3 1 0 0 0 0 0 3 0 3 0 0 3 3 5 2 0 0 0 0 4 0 0 0 0 3 0 3 3 0 2 2 1 3 0 0 0 0 3 0 0 3 0 3 0 0 0 3 0 0 0 0 3 36 10 14 0 6 0 0 37 21 0 0 0 12 35 40 0 2 0 23 8 0 0 0 0 0 0 1 2 0 0 0 0 0 0 0 0 0 0 0 0 0 0 1 0 0 0 0 0 0 0 0 0 0 0 0 1 0 1 0 0 2 0 0 0 0 0 0 0 0 0 0 0 0 3 0 0 0 0 9 0 4 11 0 0 0 16 11 0 1 3 0 1 10 1 13 15 2 0 28 10 0 0 0 0 0 0 0 1 0 0 0 0 0 0 0 0 0 0 0 0 0 0 0 0 0 0 0 0 0 0 0 0 0 0 0 0 0 0 0 0 0 0 0 0 0 0 0 0 0 15 0 0 0 1 0 0 0 0 0 0 0 20 0 0 0 0 0 0 0 0 2 11 0 18 0 0 0 0 0 0 0 0 0 0 0 0 0 0 0 0 0 0 0 0 0 0 0 0 0 0 0 0 0 0 0 0 0 0 0 0 
 99 50 45 164 49 42 365 361 106 151 39 34 137 0 81 100 32 29 469 101 0 0 3 1 3 2 87 3 0 0 0 0 0 0 3 0 3 0 0 4 3 5 11 0 0 0 63 0 0 0 0 0 12 0 3 3 0 0 6 1 3 0 0 0 0 2 0 0 3 8 0 0 0 0 3 0 0 0 0 3 39 20 13 2 0 16 23 9 2 1 0 9 9 17 13 17 8 16 16 22 20 0 0 0 0 0 0 0 0 0 0 0 0 0 0 0 0 0 1 9 0 0 0 0 0 0 0 0 0 0 0 0 0 0 0 0 0 0 0 0 0 0 0 0 0 0 0 0 0 0 0 0 0 0 0 34 0 0 0 0 15 0 0 2 0 1 32 6 18 14 0 4 16 53 6 54 0 0 19 8 0 0 0 1 0 0 0 0 0 0 0 0 30 0 0 0 0 0 12 17 0 0 0 51 0 0 0 0 8 0 0 0 0 0 0 0 0 1 0 0 0 31 0 0 1 0 0 0 0 0 0 0 0 0 0 2 0 0 0 0 0 0 0 0 0 2 0 0 2 93 0 7 0 0 0 0 0 0 0 0 0 0 0 0 0 0 0 0 0 0 0 0 0 0 0 0 16 12 0 0 0 0 0 0 0 0 0 0 0 0 
 149 471 73 106 170 361 220 381 220 178 76 47 305 81 0 115 344 175 178 270 0 0 29 0 3 2 2 3 0 0 0 0 87 0 3 0 3 0 0 19 5 5 2 0 0 0 0 0 0 0 0 0 3 0 3 3 0 0 0 2 2 0 0 0 0 2 0 0 3 0 0 8 0 0 3 0 40 0 0 3 34 9 0 0 11 0 0 52 23 0 19 34 13 4 20 0 56 27 11 50 13 0 0 0 0 0 0 0 0 0 0 0 16 0 0 5 1 0 0 51 0 0 0 0 12 0 0 0 0 0 0 0 0 0 0 0 0 0 0 0 0 0 0 0 0 0 0 0 0 0 0 0 0 8 0 0 0 0 0 0 0 39 0 1 0 0 27 24 11 18 0 0 0 0 25 16 18 2 14 1 0 13 0 1 0 0 0 0 0 0 0 0 0 0 0 0 0 0 31 10 0 0 0 20 0 0 0 0 0 1 0 0 0 0 0 0 0 1 0 0 0 0 0 0 2 0 0 0 10 0 7 0 0 0 0 6 0 0 0 0 0 0 0 0 0 0 88 0 90 1 2 8 0 0 0 0 0 0 0 0 0 0 0 0 0 0 0 0 0 0 0 0 0 0 0 0 0 0 0 0 0 0 0 0 0 0 0 0 0 0 
 38 179 49 284 110 334 25 131 133 256 251 250 117 100 115 0 316 249 51 59 2 0 3 5 6 4 4 2 1 4 2 3 79 0 3 0 5 1 0 63 3 6 3 16 4 5 3 3 1 7 3 4 3 31 8 3 5 4 2 0 3 0 0 0 2 6 0 1 3 0 0 2 0 0 3 0 0 5 0 5 0 41 44 0 37 13 25 7 15 10 10 39 0 24 31 5 2 13 0 0 32 0 0 0 0 0 0 0 0 0 0 0 11 7 0 2 0 0 9 11 0 0 0 0 0 2 0 0 0 0 0 0 0 0 0 0 0 0 0 0 0 0 0 0 0 0 0 0 1 0 0 0 0 1 0 3 0 0 0 0 10 0 36 32 14 13 0 0 44 29 12 0 0 9 24 19 10 29 7 12 0 27 1 0 0 0 14 0 0 0 0 0 1 0 0 0 0 0 11 19 0 0 0 0 0 2 0 0 0 0 0 0 0 1 0 1 0 1 0 2 0 1 0 0 0 0 0 2 0 9 0 0 0 0 0 0 0 0 0 0 0 11 0 0 0 0 0 0 2 5 0 2 0 0 0 0 0 0 0 2 0 0 0 0 0 0 0 0 0 10 0 0 0 0 0 16 0 0 0 0 0 0 0 0 0 0 0 0 0 0 
 21 130 228 100 241 123 113 155 266 83 366 184 49 32 344 316 0 160 43 109 80 0 3 0 3 2 126 3 0 0 0 0 97 1 79 0 3 0 74 151 3 4 2 0 0 2 0 5 0 0 0 0 3 0 3 3 0 0 3 2 3 0 0 0 0 3 0 0 3 8 0 0 0 0 3 0 49 0 0 3 0 15 52 81 15 18 0 11 11 11 13 31 11 17 15 33 7 28 0 0 1 0 0 0 0 0 24 0 9 0 11 0 30 21 10 10 0 0 0 0 0 34 0 0 0 0 0 0 20 0 0 0 0 0 0 0 10 0 0 0 0 0 0 0 0 0 0 0 19 2 0 17 0 0 12 0 0 0 0 0 1 0 0 0 11 15 1 0 0 0 11 10 0 0 14 5 14 1 23 0 11 19 8 0 0 0 0 8 0 0 0 0 9 7 34 17 40 0 17 3 0 0 0 0 0 0 0 0 0 0 0 0 0 0 0 0 0 0 0 0 0 0 0 0 0 0 0 0 0 0 0 0 0 0 0 0 0 0 0 0 0 14 0 0 0 0 89 0 0 85 1 7 10 0 0 0 0 0 0 0 0 0 0 2 0 0 0 0 0 0 0 0 0 0 0 0 0 13 0 0 0 0 0 0 0 0 0 0 0 0 
 207 430 130 92 125 154 452 38 413 93 229 66 21 29 175 249 160 0 29 356 83 2 3 1 4 2 2 4 0 0 0 0 73 0 3 0 3 0 3 3 3 5 2 0 2 0 0 0 0 0 0 0 3 0 3 3 0 0 0 2 3 0 0 0 0 2 0 0 3 0 0 0 0 0 3 0 37 0 0 3 0 0 0 0 24 0 15 26 21 20 14 39 1 27 0 0 17 45 1 21 0 0 0 0 0 0 23 15 8 0 1 0 24 21 0 2 0 0 0 0 0 0 0 0 0 0 0 0 0 0 0 0 0 0 0 0 0 0 0 0 0 0 0 0 0 0 0 0 0 1 0 0 0 0 3 0 0 0 0 2 0 45 19 27 0 0 17 40 19 28 0 13 0 17 10 60 49 12 55 2 0 24 1 0 0 0 0 0 0 0 0 1 0 11 0 0 17 0 10 47 0 0 0 0 0 0 0 0 0 0 0 0 0 0 0 0 0 0 0 0 0 0 0 0 0 19 15 0 0 0 0 0 0 0 0 0 0 0 0 0 0 0 0 0 0 6 88 0 99 1 0 14 0 0 0 0 0 0 0 0 0 0 0 0 0 0 2 0 0 0 0 0 0 0 0 0 0 0 0 0 0 0 0 0 0 0 0 0 0 0 
 114 47 61 495 94 130 100 213 100 89 52 45 208 469 178 51 43 29 0 285 0 0 3 0 3 2 2 3 0 0 0 0 0 0 3 0 3 0 0 5 3 3 7 2 0 0 0 0 0 0 0 0 3 0 3 3 0 0 5 0 3 7 0 0 0 3 0 0 3 0 0 0 0 33 3 3 0 0 0 3 30 0 19 17 0 3 26 11 16 11 0 7 14 1 0 10 10 11 10 18 0 0 0 0 0 1 0 0 0 0 0 1 0 0 0 0 0 0 26 0 0 0 0 0 0 0 2 0 0 0 0 0 0 0 2 0 2 0 16 0 0 0 0 0 2 2 0 0 1 0 0 0 0 1 0 4 0 0 0 0 20 0 0 18 0 6 14 3 13 13 1 0 15 44 14 34 0 0 4 29 0 0 0 0 0 0 0 0 0 0 0 0 0 0 0 0 0 0 0 0 0 0 0 0 0 0 0 0 0 0 0 0 2 0 0 0 0 0 0 0 0 0 0 0 0 0 0 0 0 0 1 2 0 0 0 0 0 0 0 0 0 0 0 0 0 1 2 0 1 1 2 17 0 0 0 0 2 0 0 0 0 0 0 0 0 0 0 0 0 0 0 0 0 0 0 0 0 0 0 0 0 0 0 0 0 0 0 0 0 0 
 255 241 293 90 62 34 258 53 254 173 76 29 318 101 270 59 109 356 285 0 27 0 3 0 3 2 2 3 0 0 0 0 0 0 3 0 3 0 0 3 3 5 2 0 71 0 0 3 0 62 0 0 3 0 3 3 0 0 0 1 3 0 0 0 0 2 0 0 3 0 0 0 0 0 3 0 0 0 1 3 19 0 24 30 6 13 20 0 16 14 1 0 19 19 22 12 1 19 41 45 0 0 0 0 0 0 0 0 0 0 0 0 0 0 0 0 0 0 0 0 0 0 0 0 0 0 0 0 0 0 0 0 0 0 0 0 0 0 0 1 0 0 0 0 0 0 0 0 0 0 0 0 0 2 0 0 0 2 0 2 22 16 10 20 0 2 10 0 0 0 0 11 0 18 26 14 12 10 0 0 0 0 0 0 0 0 0 0 0 0 0 0 0 0 0 0 0 0 0 0 0 0 0 0 0 0 0 0 0 0 0 0 0 0 0 0 0 0 0 0 0 0 0 0 0 0 0 0 0 0 0 0 8 0 0 10 0 0 0 0 0 28 0 0 0 0 2 0 0 2 0 13 0 0 0 0 0 0 0 0 0 0 1 0 0 0 2 0 0 0 0 0 0 2 0 0 0 0 0 0 0 0 0 0 0 1 0 0 0 0 
 0 0 0 80 18 108 0 0 0 0 36 161 0 0 0 2 80 83 0 27 0 105 122 105 49 252 338 157 93 51 40 249 151 263 186 44 186 252 107 111 2 0 2 0 0 0 0 0 0 0 0 4 3 0 0 0 0 0 0 2 0 2 0 0 0 0 3 3 0 2 2 0 0 0 2 0 4 2 30 0 0 0 0 19 4 0 0 0 0 0 9 0 0 0 0 18 0 11 0 0 17 21 0 0 0 0 21 27 35 9 16 0 14 17 9 26 18 28 9 5 0 0 0 0 0 0 25 0 19 1 1 0 0 0 0 0 0 0 0 0 0 0 0 0 0 1 0 0 0 0 4 6 1 0 9 0 0 0 0 0 0 0 0 0 0 0 0 0 0 0 0 0 0 0 0 6 0 9 0 0 9 26 44 11 0 0 20 42 24 9 11 2 15 28 4 8 12 30 15 13 0 0 0 0 0 81 0 0 0 0 0 0 0 0 0 0 0 0 0 0 0 0 0 0 0 0 0 0 0 0 0 0 0 0 0 0 0 0 0 0 0 0 0 0 0 0 0 0 0 60 0 0 12 0 20 0 0 0 2 1 0 0 0 0 0 0 0 0 0 0 0 0 0 0 0 24 0 0 0 0 0 0 0 0 0 0 0 0 0 0 
 2 206 3 0 2 0 0 0 0 0 0 0 0 0 0 0 0 2 0 0 105 0 273 280 265 39 60 309 107 112 55 112 77 49 190 44 97 367 21 422 2 0 2 0 0 0 72 62 0 0 0 3 3 0 0 0 0 0 118 75 11 2 0 0 0 0 2 54 0 0 2 0 0 0 3 0 2 1 0 0 2 0 0 1 0 0 0 0 0 0 0 0 0 0 0 9 0 0 0 0 0 5 32 7 16 8 0 0 12 22 15 0 0 0 0 20 13 48 0 0 0 7 0 0 0 2 13 0 0 0 0 0 7 17 0 0 0 0 20 0 2 0 0 0 4 0 2 0 0 0 0 0 0 2 2 0 0 0 0 0 0 0 0 0 0 0 0 0 0 0 0 1 0 0 0 16 0 0 0 0 1 11 0 23 2 29 0 12 10 29 21 13 0 0 7 36 28 29 0 1 0 0 0 0 0 0 0 10 0 0 0 0 7 0 0 0 0 0 10 15 0 0 2 0 0 0 0 0 0 0 0 0 0 0 0 0 0 0 0 0 0 0 0 0 1 0 0 0 0 0 0 0 0 0 15 2 0 1 77 2 21 0 0 0 0 0 0 0 0 0 0 0 0 0 0 0 0 0 0 0 0 0 0 0 0 0 0 0 0 0 
 3 3 3 3 3 4 3 3 3 3 3 3 3 3 29 3 3 3 3 3 122 273 0 92 167 256 111 287 174 40 48 122 55 203 165 219 189 124 103 145 4 0 2 0 0 0 22 0 1 0 0 3 3 72 0 0 0 0 65 56 0 2 0 0 0 0 2 3 0 0 2 0 0 0 3 0 2 1 0 0 0 2 0 0 0 0 0 0 0 0 0 0 0 0 0 0 0 0 0 0 8 33 30 40 11 0 7 9 1 23 10 0 25 0 0 9 7 1 0 0 0 9 0 0 29 0 15 0 0 0 0 0 0 0 0 0 0 0 2 0 0 0 0 0 12 0 5 0 0 0 0 0 0 0 1 2 1 0 0 0 0 0 0 1 1 0 0 0 0 0 0 12 0 0 0 0 0 0 0 0 9 20 11 15 11 39 0 0 0 24 12 0 0 0 0 1 14 0 9 10 0 0 2 0 0 0 0 0 0 0 0 0 6 0 0 0 0 12 9 13 0 0 0 0 0 0 0 0 0 0 0 0 19 0 0 0 0 0 0 0 0 0 0 0 0 0 0 0 0 0 0 0 0 0 8 0 0 4 76 0 21 0 0 0 0 0 0 0 0 0 0 0 0 0 0 0 0 0 0 11 0 0 0 0 0 0 14 0 0 0 
 1 0 0 0 0 2 0 0 0 0 0 0 2 1 0 5 0 1 0 0 105 280 92 0 112 250 277 108 152 304 278 266 328 85 139 162 156 374 270 152 2 2 2 0 0 0 63 63 0 60 0 3 81 0 0 0 0 0 1 131 0 2 0 0 0 0 2 3 0 0 2 0 0 0 3 0 2 0 0 0 0 0 0 0 0 0 2 0 0 0 0 0 0 0 0 0 0 0 0 0 0 28 0 0 24 11 0 0 0 13 21 15 8 0 0 14 20 14 1 0 9 2 0 0 0 0 0 28 0 0 0 0 18 32 0 0 9 0 11 43 0 0 0 0 0 0 0 0 0 0 0 2 0 0 0 0 0 0 0 0 0 0 0 0 0 2 0 0 0 0 0 0 0 0 0 0 1 2 0 0 2 47 0 1 10 0 14 10 2 3 8 13 0 9 2 0 0 24 0 0 1 8 0 0 0 0 36 10 0 0 0 2 0 0 0 1 0 0 1 0 0 0 0 0 0 0 0 0 0 0 0 2 0 0 0 0 0 0 0 0 0 0 13 0 0 0 0 0 0 0 0 0 0 0 5 2 3 1 8 4 0 2 0 0 0 0 0 0 0 1 0 0 0 0 0 0 0 0 0 0 0 9 0 0 0 0 0 0 0 0 
 3 3 7 3 4 3 3 3 3 3 3 3 3 3 3 6 3 4 3 3 49 265 167 112 0 406 47 159 369 181 146 41 72 154 542 236 163 383 136 288 2 0 0 0 0 0 0 0 0 0 0 3 3 0 0 0 0 0 0 62 0 2 0 0 0 0 2 3 0 0 2 0 0 0 3 0 3 1 4 0 0 0 0 0 0 0 0 0 0 0 0 0 0 0 0 0 0 0 0 0 0 31 30 53 3 0 0 0 12 0 23 34 0 0 6 0 29 11 0 0 11 18 0 0 0 0 2 9 0 0 17 0 19 34 0 15 0 0 0 21 1 0 0 0 10 0 1 0 0 0 0 0 0 1 1 0 0 0 0 0 0 0 0 0 0 0 14 0 0 0 6 2 0 0 0 0 0 0 2 0 0 0 0 9 30 39 0 0 0 34 8 8 0 0 0 10 14 0 0 0 10 19 0 18 0 0 10 0 0 0 0 0 4 17 8 0 0 0 33 14 0 0 1 0 0 0 0 2 0 0 0 0 0 0 0 0 0 0 0 0 0 0 0 0 0 0 0 0 0 0 0 0 0 0 14 0 3 2 75 2 16 0 0 0 0 0 2 0 0 0 0 0 0 0 0 0 0 0 0 0 0 19 0 0 0 10 0 0 0 0 
 2 2 2 2 2 5 2 2 2 2 2 79 2 2 2 4 2 2 2 2 252 39 256 250 406 0 486 265 155 337 184 273 53 54 467 141 130 271 127 250 2 38 3 0 0 0 0 19 128 64 0 3 10 85 1 0 81 19 134 2 7 2 0 0 0 0 2 3 0 0 2 0 0 0 3 0 4 1 0 0 0 0 0 0 0 0 0 0 0 0 0 0 0 0 0 0 0 0 0 0 0 0 9 9 30 0 0 0 1 25 32 13 0 0 0 6 0 12 0 0 30 7 12 0 0 0 28 1 0 0 0 8 20 58 14 10 1 0 56 23 0 0 0 0 0 0 0 0 20 0 0 0 57 0 2 0 0 0 0 0 0 0 0 0 0 0 45 0 0 0 0 19 0 0 18 0 7 0 0 0 0 0 0 3 0 5 0 0 9 24 27 34 0 0 42 0 53 0 0 0 23 7 0 14 0 0 26 21 0 0 0 0 17 29 0 0 12 16 29 0 0 0 0 0 0 0 0 0 0 0 0 0 0 0 0 0 0 0 0 0 0 0 0 0 0 0 0 0 0 0 0 0 0 0 13 0 5 6 0 13 18 0 0 0 0 0 5 0 0 0 0 0 0 0 0 0 0 0 0 0 0 0 0 0 24 11 0 0 0 0 
 2 2 2 38 106 121 2 2 2 2 2 245 2 87 2 4 126 2 2 2 338 60 111 277 47 486 0 84 267 38 259 43 191 268 425 207 159 31 142 253 3 0 5 0 0 0 0 0 3 2 0 3 206 0 203 0 0 60 3 5 0 2 0 0 0 0 3 3 0 5 2 0 0 0 1 0 45 0 0 0 0 0 24 37 0 2 9 3 33 0 0 0 0 0 14 22 0 0 0 0 0 51 0 1 0 0 27 20 3 1 2 11 0 0 22 9 23 0 0 32 0 0 0 15 0 0 0 0 25 0 0 0 0 0 0 0 0 0 0 0 0 0 0 0 0 0 0 0 19 0 43 6 1 0 14 0 0 0 0 0 0 0 0 0 0 0 0 0 0 0 0 43 0 0 0 0 7 0 0 0 141 23 42 31 0 0 30 24 12 11 0 20 21 5 32 43 1 21 14 8 0 0 0 0 0 0 0 0 0 0 0 0 0 0 0 0 0 0 0 0 0 23 0 0 0 0 0 0 2 0 0 0 0 2 0 0 0 0 0 0 0 0 0 0 0 0 0 0 0 74 0 0 11 0 20 0 0 0 0 2 2 0 0 0 0 0 0 1 0 0 0 0 0 0 0 19 0 24 0 22 0 0 0 0 0 0 0 0 0 0 
 4 2 5 2 76 3 3 2 2 3 3 81 3 3 3 2 3 4 3 3 157 309 287 108 159 265 84 0 458 39 36 115 74 318 525 43 196 385 61 151 2 0 2 0 0 0 0 0 0 0 0 3 3 0 0 0 0 0 13 2 0 2 0 0 0 0 2 3 0 0 2 0 0 0 3 0 2 6 0 0 1 0 0 0 0 0 0 0 0 0 0 0 0 0 0 0 0 0 0 0 0 56 25 12 0 0 0 3 2 11 12 1 0 0 1 21 33 23 1 0 0 5 0 0 0 0 0 0 0 0 0 0 0 14 0 0 0 0 0 12 0 0 0 0 7 0 0 0 0 0 0 2 0 1 1 0 0 0 0 0 0 0 0 0 0 2 0 0 7 0 0 0 0 0 0 0 0 2 0 0 11 15 1 0 0 53 0 11 11 22 35 0 0 1 0 16 22 23 1 0 0 0 0 0 0 0 0 0 0 0 0 0 8 0 0 0 0 0 8 0 0 0 1 0 0 0 0 2 0 0 0 0 0 0 0 0 0 0 0 0 0 0 0 0 0 0 0 0 0 74 0 0 0 0 4 2 0 0 79 0 13 0 0 0 0 0 0 0 0 0 0 1 0 0 0 0 0 0 0 1 0 0 0 0 0 0 0 0 0 0 
 0 0 1 0 0 0 0 0 0 0 0 0 1 0 0 1 0 0 0 0 93 107 174 152 369 155 267 458 0 239 309 43 77 92 153 77 96 261 90 158 2 0 2 82 0 0 66 0 0 0 0 3 76 0 0 0 1 0 3 131 0 2 0 0 0 0 2 3 0 0 2 0 0 0 3 0 2 0 0 0 0 0 0 0 0 0 0 0 0 0 0 0 0 0 0 0 0 0 0 0 0 0 38 10 64 0 0 0 11 31 23 6 0 0 0 22 0 39 0 0 14 7 40 0 0 0 12 0 0 0 0 0 20 25 0 0 0 0 0 16 0 0 0 0 6 0 0 0 0 0 0 0 0 0 2 0 0 0 0 0 0 0 0 2 0 0 0 0 0 0 0 0 0 0 0 0 0 0 0 0 0 0 0 25 8 19 0 13 21 24 65 22 0 0 24 0 3 22 0 0 6 0 0 1 0 0 0 0 0 0 1 0 9 0 0 0 0 0 49 22 0 0 0 0 0 0 0 0 0 0 0 0 0 0 0 0 0 0 0 2 0 0 0 0 0 0 0 0 0 0 0 0 0 0 5 0 0 0 0 1 2 0 0 0 0 0 8 0 0 0 0 0 0 0 0 0 0 0 0 0 0 0 0 0 0 0 0 0 0 0 
 75 0 0 1 1 3 0 0 0 0 0 2 0 0 0 4 0 0 0 0 51 112 40 304 181 337 38 39 239 0 112 123 44 136 133 179 67 192 87 88 2 1 0 0 0 2 23 0 0 0 0 3 8 0 0 0 0 0 1 67 0 2 0 0 0 0 3 3 0 0 2 0 0 0 2 0 3 0 6 0 0 0 0 0 0 0 0 0 0 0 0 0 0 0 0 0 0 0 0 0 0 0 38 11 34 0 0 0 0 8 32 47 0 0 20 0 12 19 0 7 18 0 21 0 0 0 1 6 0 1 0 0 0 29 0 9 0 0 1 40 0 0 0 0 9 0 0 0 0 0 0 0 0 0 1 0 0 0 0 0 19 0 0 0 0 0 0 0 0 0 0 0 0 0 2 0 0 0 5 1 0 0 0 14 1 16 0 1 0 70 23 27 0 0 0 0 1 0 0 0 11 0 0 0 0 0 17 0 0 0 0 0 0 0 0 0 0 0 34 3 0 0 0 0 0 0 0 0 0 0 0 0 0 0 0 0 0 0 0 0 0 0 13 0 0 0 0 0 0 0 0 0 0 0 3 0 0 2 77 0 0 2 0 0 0 0 0 0 0 0 0 0 0 0 0 0 0 0 0 0 0 0 0 0 0 17 0 0 0 0 
 0 0 0 0 0 1 0 0 0 0 0 0 0 0 0 2 0 0 0 0 40 55 48 278 146 184 259 36 309 112 0 53 49 60 50 247 311 71 345 170 20 3 2 0 0 0 60 0 0 2 0 3 140 61 64 0 0 0 3 64 1 2 0 27 0 0 2 3 0 0 55 0 0 0 3 0 4 1 0 0 0 0 0 0 0 0 0 0 0 0 0 0 0 0 0 0 0 0 0 0 12 0 40 12 18 9 15 0 0 0 19 25 8 0 0 9 0 0 0 0 14 2 0 0 0 0 0 23 0 0 0 1 0 0 0 30 0 0 1 10 0 0 0 0 0 0 1 0 0 0 2 9 0 0 1 0 0 0 0 0 0 0 0 0 0 0 0 0 0 2 0 0 0 0 0 0 1 0 0 0 0 27 6 1 7 2 0 0 5 28 35 35 1 0 0 0 0 1 6 0 19 0 12 0 0 0 28 1 0 0 0 0 0 0 29 0 0 0 61 15 4 0 0 0 0 0 0 0 0 1 0 0 0 0 0 0 0 0 0 0 0 0 0 0 0 0 0 0 0 0 0 0 0 0 16 0 2 3 0 1 6 4 0 0 0 0 0 0 0 0 0 0 0 0 0 0 0 0 0 0 0 0 0 0 1 22 12 0 0 0 
 0 0 0 2 1 0 2 0 0 0 2 0 0 0 0 3 0 0 0 0 249 112 122 266 41 273 43 115 43 123 53 0 119 544 22 126 151 437 40 14 65 0 0 0 209 0 0 0 0 0 0 3 25 30 62 0 66 0 0 63 0 2 0 0 0 0 3 3 0 0 2 0 0 0 2 0 3 0 5 0 0 0 0 15 0 0 0 0 0 0 0 0 0 0 0 0 0 0 0 15 1 12 17 26 1 6 0 1 22 0 21 33 0 0 6 0 32 11 0 0 10 19 10 0 0 0 1 13 17 1 42 0 11 16 13 0 0 14 11 10 0 0 0 0 0 0 0 7 0 0 0 0 0 0 0 0 0 0 0 0 0 0 0 0 0 0 0 1 0 0 0 0 0 0 0 0 0 0 3 0 8 20 0 19 38 33 63 20 0 9 0 12 0 11 0 10 13 0 0 0 15 23 0 16 0 0 0 0 0 0 0 0 0 32 17 0 0 12 4 18 0 11 0 0 0 0 0 0 0 0 0 0 0 0 0 0 0 0 0 0 0 0 0 0 0 2 0 0 0 0 0 0 0 0 6 2 2 73 74 3 11 1 0 0 0 0 0 0 0 0 0 0 0 0 0 0 0 0 0 0 0 27 0 0 0 0 0 0 0 0 
 0 77 5 72 7 35 0 1 11 76 80 0 0 0 87 79 97 73 0 0 151 77 55 328 72 53 191 74 77 44 49 119 0 70 42 321 79 51 129 235 2 0 1 0 1 0 0 0 1 0 0 3 3 0 0 0 0 0 0 0 0 2 0 0 0 0 2 3 0 2 2 0 0 0 3 0 2 1 0 30 0 13 9 12 10 9 0 0 0 1 27 18 0 0 10 1 0 10 0 0 32 29 0 11 0 0 11 3 11 18 0 0 36 12 40 21 0 0 30 20 0 0 0 0 0 0 0 0 2 0 0 0 0 0 0 0 0 0 0 15 0 8 0 0 0 0 0 0 17 0 0 0 0 0 0 0 0 0 0 0 0 0 0 0 2 0 0 0 0 13 0 0 0 0 0 0 14 0 0 0 10 38 15 10 0 0 53 0 0 0 0 12 25 36 9 13 2 1 9 9 0 0 0 0 0 0 0 0 0 0 0 0 0 0 0 0 0 0 0 0 2 0 0 0 0 0 0 0 0 0 0 0 0 0 0 0 0 0 0 0 0 0 0 0 0 0 0 0 0 0 6 0 15 0 25 0 0 80 0 0 2 0 0 0 0 0 0 0 0 0 0 0 0 0 0 13 13 0 0 0 0 24 0 0 0 0 0 0 0 0 
 0 0 0 1 3 113 0 0 0 0 0 27 0 0 0 0 1 0 0 0 263 49 203 85 154 54 268 318 92 136 60 544 70 0 304 244 38 337 369 62 2 24 1 0 0 0 0 0 0 0 0 4 3 0 0 0 0 0 0 0 0 2 0 0 0 0 2 3 0 1 2 0 0 0 4 0 3 0 0 0 0 0 0 0 0 9 0 0 0 0 6 0 0 0 0 19 0 0 0 0 26 13 19 23 20 0 58 20 28 20 15 24 0 1 24 11 8 21 21 32 0 0 0 0 0 0 0 0 28 1 0 0 0 0 0 0 0 0 0 0 0 0 0 0 0 2 0 0 10 0 13 5 4 0 9 0 0 0 0 0 0 0 0 0 0 0 0 0 0 0 0 0 0 0 2 0 0 0 4 1 1 10 44 11 14 0 13 23 7 0 2 2 45 17 5 9 0 19 23 0 0 0 0 0 0 15 0 0 0 0 0 0 0 0 0 0 0 0 0 0 0 0 0 0 0 0 0 0 0 0 0 0 0 0 0 0 0 0 0 0 0 0 0 0 0 0 0 0 0 0 8 0 0 0 15 1 0 3 1 0 2 0 0 0 0 0 0 0 0 0 0 0 0 0 0 17 15 0 0 0 0 19 0 0 0 0 12 0 0 0 
 3 3 3 76 32 4 3 3 3 3 77 66 3 3 3 3 79 3 3 3 186 190 165 139 542 467 425 525 153 133 50 22 42 304 0 225 153 188 30 308 3 0 1 0 0 3 5 0 0 0 0 3 4 0 0 0 0 0 63 1 0 2 0 0 0 0 2 3 0 3 2 0 0 0 3 0 2 3 0 0 0 0 1 12 0 4 0 0 0 0 0 0 0 0 30 0 0 0 0 0 15 10 0 0 0 0 1 24 10 35 0 0 0 1 18 0 23 0 10 0 0 0 0 0 0 0 0 0 0 0 0 0 0 13 0 0 6 0 0 6 0 0 0 0 4 0 0 0 4 0 0 0 0 0 1 0 21 0 0 0 0 0 0 0 0 0 0 0 0 1 0 6 2 0 0 0 0 0 0 0 29 10 0 54 0 16 9 0 0 12 25 0 0 24 1 10 0 5 0 12 0 0 0 0 0 0 11 0 0 0 0 0 3 0 0 0 0 0 11 0 0 0 0 0 0 0 0 0 0 0 0 0 0 0 0 0 0 0 0 0 0 0 0 0 0 0 0 0 0 72 0 0 12 0 17 0 0 0 81 0 20 0 0 0 0 0 2 0 0 0 0 0 0 0 0 0 0 0 0 0 0 0 0 0 0 0 0 0 0 0 
 0 1 0 4 0 76 0 1 0 0 1 0 0 0 0 0 0 0 0 0 44 44 219 162 236 141 207 43 77 179 247 126 321 244 225 0 56 250 202 74 5 3 1 0 0 0 0 0 0 0 0 4 6 0 3 3 0 0 0 1 3 2 0 0 53 3 3 3 0 0 2 6 0 0 2 0 2 0 0 1 10 0 0 0 0 0 0 0 0 0 0 0 0 0 0 0 0 0 0 0 31 0 10 47 19 0 30 20 30 11 1 6 9 0 1 11 52 19 14 21 0 0 0 0 0 0 0 0 0 0 0 0 0 15 0 1 0 0 0 8 0 0 0 0 0 0 0 0 0 0 0 0 0 0 1 0 0 0 0 0 0 0 0 2 0 0 0 0 0 1 0 21 0 0 0 0 0 0 12 0 27 33 20 28 14 0 18 61 0 0 1 35 61 30 0 11 0 22 20 7 0 0 0 0 0 0 0 0 0 0 1 0 0 0 0 0 0 0 0 39 0 0 0 0 0 0 0 0 0 2 0 0 0 0 0 0 0 2 0 0 0 0 0 0 0 0 0 0 0 0 0 0 0 0 21 0 0 76 0 0 1 0 0 0 0 0 0 0 0 0 0 0 0 0 0 0 0 0 0 10 0 30 0 0 0 0 13 0 0 0 
 3 5 5 3 61 7 3 3 3 3 78 3 3 3 3 5 3 3 3 3 186 97 189 156 163 130 159 196 96 67 311 151 79 38 153 56 0 143 23 39 2 0 4 0 0 0 0 0 61 0 0 6 3 0 0 0 0 0 65 98 0 2 0 0 0 0 3 3 0 0 2 0 0 0 2 0 2 0 0 0 0 0 0 0 0 0 0 0 0 0 0 0 0 0 0 0 0 0 0 0 27 10 21 16 15 0 1 23 0 15 35 26 15 11 75 0 11 0 21 1 10 0 12 0 0 0 0 0 0 0 0 0 0 0 0 0 0 0 0 8 0 0 0 0 0 11 0 0 0 0 0 0 4 0 0 0 0 0 0 0 0 0 0 0 0 0 0 0 0 0 0 0 0 0 0 0 0 0 0 0 13 8 1 18 0 37 10 0 0 9 0 0 0 12 8 12 12 17 0 28 0 0 0 0 0 22 0 0 0 0 0 0 12 0 0 0 0 0 0 0 0 0 0 0 0 0 0 0 0 0 0 20 0 0 0 0 0 0 0 0 0 0 0 0 0 1 0 0 0 0 0 0 2 0 12 1 0 0 3 0 22 11 0 0 0 0 0 1 0 0 0 0 0 0 0 0 0 0 0 0 0 0 0 0 0 0 0 0 0 0 
 0 0 0 0 1 0 0 0 2 2 2 0 0 0 0 1 0 0 0 0 252 367 124 374 383 271 31 385 261 192 71 437 51 337 188 250 143 0 91 124 2 0 3 0 0 0 0 0 0 0 0 6 3 0 0 0 0 0 63 4 3 2 0 0 0 0 3 3 0 0 2 0 0 0 2 0 2 0 0 46 0 0 0 19 0 0 0 0 0 0 0 0 0 0 0 0 0 2 0 0 1 19 9 27 7 6 0 27 21 0 25 1 1 2 0 0 60 28 0 4 0 1 0 0 0 0 0 0 0 0 0 0 0 17 0 0 0 0 11 9 0 0 0 0 5 0 0 0 0 0 0 0 0 0 1 7 0 0 0 0 0 0 0 0 0 0 0 0 0 0 0 14 0 2 0 0 0 0 8 0 11 30 0 23 13 44 0 29 0 11 0 23 0 1 0 27 27 8 2 8 1 0 0 0 0 0 0 10 0 2 0 0 0 0 0 0 0 0 0 0 0 0 0 0 0 0 0 0 0 0 1 0 0 0 0 0 0 0 2 0 0 0 0 0 0 0 0 0 0 0 0 0 0 0 12 0 0 11 2 0 5 0 0 0 0 0 0 0 0 0 0 0 0 0 0 0 0 0 0 13 0 31 0 0 0 0 0 0 0 0 
 0 1 0 0 25 154 2 0 0 0 2 149 0 0 0 0 74 3 0 0 107 21 103 270 136 127 142 61 90 87 345 40 129 369 30 202 23 91 0 94 2 3 69 0 0 0 0 0 2 3 0 3 3 0 2 0 0 1 2 2 2 48 0 2 0 0 3 3 0 4 2 0 11 0 2 0 3 0 0 0 0 0 0 19 0 17 0 0 0 0 0 0 0 0 0 23 1 0 0 0 29 14 6 9 0 0 63 10 41 14 11 11 8 8 56 20 44 0 54 20 0 0 0 0 0 0 0 0 21 0 0 0 0 0 0 0 0 0 0 0 0 0 0 0 0 3 0 0 1 0 7 4 0 0 13 0 0 0 0 0 0 13 0 0 0 0 0 0 0 0 4 36 0 0 1 0 7 0 7 0 18 30 49 31 12 0 55 50 9 9 0 22 29 8 10 10 1 15 43 0 0 0 0 0 0 0 0 0 0 0 0 0 0 0 0 0 0 0 0 0 0 0 0 0 0 0 0 0 0 0 0 0 0 0 0 0 0 0 0 0 0 0 0 0 0 75 0 0 1 0 16 0 0 0 8 0 1 76 0 0 0 0 0 0 0 0 0 0 0 0 0 0 0 0 0 19 0 9 0 19 0 11 0 0 0 0 13 0 0 0 
 3 223 105 81 5 80 3 3 250 9 151 38 3 4 19 63 151 3 5 3 111 422 145 152 288 250 253 151 158 88 170 14 235 62 308 74 39 124 94 0 3 0 1 0 0 0 0 65 0 0 0 3 3 1 0 0 0 7 0 1 9 3 0 0 0 0 3 3 0 0 2 0 0 0 1 0 65 0 0 0 0 9 0 23 18 21 0 0 0 0 0 31 0 0 0 1 8 3 0 2 35 11 0 0 20 11 22 0 61 0 0 0 6 0 0 14 23 23 11 25 2 0 0 0 0 0 10 2 1 0 0 0 0 13 0 15 0 0 0 0 0 0 0 1 0 0 0 0 0 0 0 31 0 0 53 0 0 0 0 0 0 1 15 0 13 20 0 37 0 0 32 32 0 0 16 19 13 0 0 0 0 56 17 0 0 0 0 2 16 0 1 0 0 0 26 0 8 25 30 10 0 0 0 0 0 0 0 0 0 0 0 0 0 0 0 0 0 0 1 0 0 1 0 0 0 0 0 0 0 0 0 0 0 0 0 0 0 0 0 0 0 0 0 0 0 0 22 0 0 0 0 1 0 0 19 0 2 73 1 2 2 0 0 0 0 0 0 0 0 0 0 0 0 0 0 0 0 18 0 0 0 0 0 0 0 0 0 0 0 0 
 3 3 3 3 3 4 3 3 3 3 2 3 3 3 5 3 3 3 3 3 2 2 4 2 2 2 3 2 2 2 20 65 2 2 3 5 2 2 2 3 0 81 156 256 30 38 379 116 65 78 147 39 140 208 57 116 38 240 343 40 2 5 3 1 4 0 3 0 9 1 4 0 0 4 1 29 5 9 0 3 0 0 0 0 0 0 0 0 0 0 0 0 0 0 0 0 0 0 0 0 0 0 0 11 0 27 0 0 0 0 0 28 0 0 0 0 0 0 0 0 0 0 10 18 0 0 0 0 13 33 14 21 0 0 10 33 1 65 9 0 1 0 0 0 0 18 1 1 0 0 0 0 20 0 0 0 0 1 8 0 0 0 0 0 0 0 0 0 0 6 0 0 0 0 0 0 0 0 0 0 0 0 0 1 32 19 0 0 0 0 0 0 0 0 0 0 0 0 0 0 0 7 15 0 11 5 24 19 6 34 1 0 0 7 14 26 1 23 0 17 0 4 0 3 8 7 9 0 0 0 0 0 64 23 0 0 0 0 1 6 0 0 0 0 0 0 0 0 0 0 0 8 0 0 0 0 0 0 0 0 0 0 1 78 0 19 1 1 2 0 0 0 0 0 0 3 0 0 0 0 0 0 0 0 1 0 0 0 1 0 
 4 4 4 5 3 3 4 3 5 5 3 4 5 5 5 6 4 5 3 5 0 0 0 2 0 38 0 0 0 1 3 0 0 24 0 3 0 0 3 0 81 0 370 326 83 25 95 222 445 101 64 27 79 116 89 52 198 69 103 76 0 16 0 0 0 0 0 7 1 0 0 0 0 0 0 2 2 1 4 0 0 0 0 0 0 0 0 0 0 0 0 0 0 0 0 0 0 0 0 0 0 0 0 0 0 7 0 0 9 0 0 0 0 0 0 0 0 0 0 0 26 8 23 0 0 0 26 12 0 0 0 0 20 26 22 10 37 0 26 5 0 7 0 0 0 0 22 0 0 0 0 0 0 0 2 0 0 0 1 0 0 0 0 0 0 0 12 0 0 0 0 0 0 0 0 0 9 0 0 0 0 0 0 0 0 0 0 0 0 0 0 0 0 0 0 0 0 0 0 0 19 8 4 17 1 0 41 0 0 6 2 0 0 31 0 15 24 24 0 30 0 0 0 0 0 0 0 10 0 0 0 0 0 0 0 0 0 0 6 0 0 0 4 0 0 0 0 0 1 0 0 4 0 1 0 16 0 0 2 19 0 0 69 0 1 2 0 0 0 30 0 0 0 0 0 0 0 0 0 0 0 4 0 0 0 0 0 0 2 0 
 7 0 0 2 0 2 3 0 2 2 4 2 2 11 2 3 2 2 7 2 2 2 2 2 0 3 5 2 2 0 2 0 1 1 1 1 4 3 69 1 156 370 0 98 325 93 49 159 61 344 53 128 73 56 157 75 167 132 301 49 0 21 0 0 0 0 2 4 0 6 0 0 1 0 0 0 54 0 0 0 48 5 0 0 0 0 0 4 0 0 0 0 3 0 0 7 0 0 0 7 0 0 0 0 0 0 0 0 0 0 0 0 0 12 0 0 0 0 0 0 19 0 0 7 0 43 11 8 33 15 14 17 0 0 12 0 10 19 12 0 18 10 12 0 0 1 4 15 0 0 1 0 29 0 7 0 0 0 0 3 0 0 0 0 0 0 0 0 0 6 1 0 14 5 0 0 0 0 0 0 0 0 0 0 0 0 0 0 0 0 0 0 0 0 0 0 0 0 0 0 8 7 0 0 15 8 0 10 36 76 27 0 3 22 0 18 0 14 0 0 0 13 0 0 0 0 9 0 0 0 1 0 23 23 4 0 0 0 5 0 0 0 0 0 0 0 0 0 0 0 0 12 0 2 0 0 0 0 0 2 0 0 77 65 0 19 2 65 0 0 0 0 0 0 0 0 0 0 0 0 0 0 0 0 0 0 0 0 1 6 
 0 0 3 0 0 0 0 0 0 0 0 0 0 0 0 16 0 0 2 0 0 0 0 0 0 0 0 0 82 0 0 0 0 0 0 0 0 0 0 0 256 326 98 0 313 102 157 214 218 196 62 99 121 96 90 122 65 35 266 65 76 0 3 3 0 0 0 14 2 0 0 16 21 3 3 5 84 54 83 8 0 0 0 0 0 0 0 0 0 0 0 0 0 0 0 0 7 0 0 0 21 0 0 0 0 0 0 0 0 0 0 0 0 0 0 0 0 0 0 0 14 16 0 0 18 11 8 13 0 0 0 0 0 0 0 0 19 0 0 0 4 0 8 6 0 0 0 0 10 0 0 3 0 18 14 22 13 0 11 13 0 0 0 0 0 0 0 0 0 0 0 0 0 0 0 0 0 0 0 0 0 0 0 0 0 0 0 0 0 0 0 0 0 0 0 0 0 0 0 0 17 0 12 14 20 0 11 21 0 7 15 16 0 0 9 1 8 0 0 12 8 9 13 0 0 0 0 11 0 28 0 0 0 5 18 0 35 6 0 0 0 0 13 0 0 0 0 0 0 0 0 4 0 1 0 0 0 0 0 15 1 0 0 0 66 1 0 0 1 0 3 2 0 0 0 0 0 0 0 0 0 0 0 0 9 0 0 13 1 0 
 64 66 78 0 2 63 0 0 0 1 134 0 0 0 0 4 0 2 0 71 0 0 0 0 0 0 0 0 0 0 0 209 1 0 0 0 0 0 0 0 30 83 325 313 0 355 50 119 87 95 218 80 77 46 162 106 74 35 57 81 1 0 0 0 0 0 0 0 0 0 0 0 1 0 0 0 1 0 51 0 0 0 0 0 0 18 14 0 0 1 0 0 0 0 0 11 0 1 0 0 0 0 13 0 0 0 0 0 0 0 0 0 0 0 0 0 0 0 0 0 0 33 23 0 75 22 0 13 0 0 21 0 0 0 8 0 13 5 0 0 0 30 0 9 0 0 0 31 1 14 0 0 2 5 12 19 27 0 5 23 0 0 19 3 0 0 0 0 0 0 0 1 0 12 0 0 10 23 0 0 0 0 0 0 0 0 0 0 0 8 0 0 0 0 0 0 0 0 0 0 15 0 28 0 12 0 0 0 9 10 19 31 0 0 12 20 3 12 0 0 74 8 11 0 1 0 19 0 10 25 0 0 0 21 8 0 15 0 17 33 0 0 0 0 0 0 0 0 0 0 0 7 0 1 0 0 0 0 0 0 0 19 22 0 1 4 2 0 0 0 0 0 0 0 0 0 0 0 0 0 0 0 7 0 0 0 0 0 2 0 
 0 0 0 0 0 0 0 0 0 0 2 0 0 0 0 5 2 0 0 0 0 0 0 0 0 0 0 0 0 2 0 0 0 0 3 0 0 0 0 0 38 25 93 102 355 0 23 37 41 145 47 187 24 109 42 88 135 56 40 58 75 4 2 0 2 0 53 13 0 0 3 0 51 51 0 56 55 10 70 48 0 0 0 0 0 0 0 0 0 0 0 0 0 0 0 0 0 0 0 0 0 0 1 0 0 0 0 0 0 0 0 0 0 0 0 0 0 0 0 0 0 0 0 1 0 11 0 0 10 0 0 9 0 0 0 0 3 0 0 0 31 0 38 10 0 0 25 8 3 0 22 0 0 12 14 11 0 1 22 13 0 0 0 0 0 0 0 0 0 0 0 0 0 0 0 0 0 0 0 0 0 0 0 0 10 0 0 0 0 0 0 0 0 0 0 0 0 0 0 0 0 0 0 13 0 17 0 0 7 0 11 0 0 0 0 0 0 0 0 0 1 12 23 20 0 0 1 23 0 33 0 0 4 16 41 0 37 19 0 0 0 0 0 0 0 2 0 0 0 0 0 0 0 2 0 0 1 0 0 0 0 0 4 0 0 2 6 70 0 0 14 0 0 2 0 0 0 0 0 0 0 0 0 0 0 0 0 14 2 0 
 0 0 0 0 7 2 0 0 0 0 0 0 0 63 0 3 0 0 0 0 0 72 22 63 0 0 0 0 66 23 60 0 0 0 5 0 0 0 0 0 379 95 49 157 50 23 0 175 113 38 23 22 239 186 246 45 42 101 477 174 1 2 0 0 6 2 52 0 0 0 0 0 0 6 0 0 2 7 0 0 0 0 0 0 0 0 0 0 0 0 0 0 0 0 0 0 0 0 0 0 0 0 17 19 2 58 0 0 0 0 0 0 0 0 0 0 0 0 0 44 13 2 0 24 6 0 4 11 0 6 0 0 7 0 12 20 32 45 6 0 0 0 0 0 8 0 5 0 0 0 0 0 2 0 1 0 0 0 8 4 0 0 0 0 0 0 0 0 0 0 0 0 0 0 0 0 0 0 0 0 0 0 0 9 17 15 0 0 0 13 14 0 0 17 0 0 0 1 9 0 9 23 1 6 22 7 0 21 14 27 2 19 0 0 36 23 0 10 18 70 12 0 0 0 0 0 0 0 0 0 0 0 14 0 0 0 0 0 0 31 0 0 3 0 0 0 0 0 0 0 0 18 0 2 0 0 0 0 0 3 0 0 4 0 35 2 0 1 0 0 0 0 0 0 0 0 0 0 0 0 0 0 0 0 0 0 0 13 1 0 
 0 6 0 0 0 0 1 0 0 4 0 0 4 0 0 3 5 0 0 3 0 62 0 63 0 19 0 0 0 0 0 0 0 0 0 0 0 0 0 65 116 222 159 214 119 37 175 0 169 103 66 23 179 154 64 167 392 288 348 52 2 0 0 0 5 0 0 20 0 0 0 0 0 0 0 4 4 6 3 0 0 2 0 0 0 0 0 1 5 0 1 0 1 4 7 14 1 0 0 0 0 0 0 0 0 0 0 0 0 0 0 0 0 0 0 0 0 0 0 0 28 14 10 0 7 15 39 14 0 0 0 0 0 12 29 26 55 1 29 12 9 10 0 0 0 0 0 0 0 0 0 0 15 0 13 0 1 0 1 0 7 0 0 0 0 0 17 0 0 0 0 0 0 0 5 0 14 5 3 0 0 0 0 0 0 0 0 0 0 0 0 0 0 0 0 0 0 0 0 0 12 0 16 12 0 0 30 1 17 14 0 0 0 27 0 42 30 37 4 12 4 0 0 0 0 0 0 0 0 0 0 0 0 0 0 1 0 0 10 11 0 3 11 0 0 0 0 0 0 17 1 8 0 2 0 0 0 0 0 10 0 0 65 0 4 1 0 0 0 0 0 0 0 0 0 0 0 0 0 0 0 0 0 0 10 0 0 16 1 0 
 0 0 0 0 0 2 0 75 0 0 0 0 0 0 0 1 0 0 0 0 0 0 1 0 0 128 3 0 0 0 0 0 1 0 0 0 61 0 2 0 65 445 61 218 87 41 113 169 0 327 20 254 457 109 177 77 368 106 93 166 0 0 0 3 5 0 0 0 8 10 2 0 0 0 0 1 3 4 0 0 0 0 0 0 0 0 0 0 0 0 0 0 0 0 0 0 0 0 0 0 0 0 1 0 0 1 0 0 0 0 0 1 0 0 0 0 0 0 0 0 1 9 21 0 6 10 20 19 0 0 0 0 2 19 46 32 23 2 8 10 8 0 0 3 0 1 0 0 0 0 0 0 27 0 1 0 0 0 0 0 0 0 0 0 0 0 7 0 0 0 0 0 0 0 0 0 5 0 0 0 0 0 0 0 0 0 0 0 0 0 0 0 0 0 0 0 0 0 0 0 0 19 10 16 1 0 49 13 0 11 8 0 6 0 10 29 54 3 10 45 0 8 0 7 8 14 0 0 0 0 0 0 0 0 0 1 0 0 11 1 0 0 10 0 0 0 0 0 0 0 0 3 0 0 0 0 0 0 0 19 0 0 2 0 6 3 2 0 0 0 0 0 0 0 0 6 0 0 0 0 0 0 0 0 34 8 0 9 1 0 
 0 0 4 0 0 0 0 0 0 0 0 0 0 0 0 7 0 0 0 62 0 0 0 60 0 64 2 0 0 0 2 0 0 0 0 0 0 0 3 0 78 101 344 196 95 145 38 103 327 0 154 120 61 65 90 213 396 155 237 279 0 8 0 18 3 2 37 4 5 3 1 1 5 0 0 0 4 8 0 23 36 0 0 0 0 0 0 0 0 0 0 0 0 0 0 0 0 0 0 0 0 0 0 0 0 0 0 0 0 0 0 0 7 0 0 0 0 0 0 0 8 0 23 30 10 54 16 0 2 11 16 18 0 21 0 6 8 14 7 9 25 1 5 0 0 1 8 18 0 0 0 0 18 7 28 8 9 0 0 11 0 0 0 0 0 0 0 0 0 0 0 0 0 0 0 0 4 0 0 0 0 0 0 0 0 9 0 0 0 0 0 0 0 0 0 0 0 0 0 0 1 0 0 11 0 9 7 0 13 0 36 6 0 7 0 1 30 0 0 0 26 9 9 16 5 9 0 10 0 0 0 0 0 0 7 22 0 0 23 9 0 0 0 0 0 0 0 0 0 0 0 2 0 0 0 0 0 0 0 15 0 0 1 2 0 2 2 38 0 0 14 0 0 0 0 48 0 0 0 0 0 3 0 0 9 0 0 0 0 0 
 0 0 0 0 0 0 0 0 0 0 3 0 0 0 0 3 0 0 0 0 0 0 0 0 0 0 0 0 0 0 0 0 0 0 0 0 0 0 0 0 147 64 53 62 218 47 23 66 20 154 0 35 233 107 143 204 238 112 94 45 0 7 0 36 7 5 17 0 0 11 5 0 0 5 0 0 12 5 50 1 0 0 0 8 0 0 0 0 0 0 0 0 0 0 0 0 0 0 0 0 0 0 0 0 0 0 0 0 0 0 0 0 0 0 0 0 0 0 0 0 11 0 0 44 4 21 12 9 11 1 0 24 13 0 11 0 41 23 10 0 21 13 0 0 0 23 0 21 0 6 0 0 24 8 2 6 7 0 20 8 0 0 0 0 0 0 0 0 0 1 0 0 0 0 0 0 0 3 0 3 0 0 0 0 0 0 0 0 0 0 0 0 0 0 0 0 0 0 0 0 7 9 4 0 26 1 0 0 7 22 29 0 0 11 0 33 0 22 0 0 6 0 10 11 0 0 22 0 0 10 0 0 11 21 6 8 1 0 1 42 0 0 0 0 0 0 0 0 0 0 0 6 0 2 0 0 0 0 0 2 0 0 62 0 0 15 0 67 0 0 0 0 0 0 0 17 0 0 0 0 0 0 0 0 0 0 0 0 0 0 
 0 0 3 1 0 0 0 0 0 0 5 0 0 0 0 4 0 0 0 0 4 3 3 3 3 3 3 3 3 3 3 3 3 4 3 4 6 6 3 3 39 27 128 99 80 187 22 23 254 120 35 0 25 45 53 237 69 81 43 40 17 0 0 0 0 0 1 2 0 2 0 0 25 47 0 2 23 1 104 47 9 0 0 0 0 0 0 0 0 0 0 0 0 0 0 0 0 0 0 0 0 0 0 9 0 0 0 0 0 0 0 0 0 0 0 0 0 0 0 0 0 0 0 0 12 21 0 0 2 0 0 1 0 0 0 0 0 0 0 0 4 22 12 7 0 0 24 29 10 12 13 0 0 37 26 17 4 0 24 29 0 0 0 0 0 0 0 0 11 0 0 0 0 0 0 0 0 0 0 0 0 0 0 10 0 0 0 0 0 0 0 0 0 0 0 0 0 0 0 0 0 0 0 13 7 9 0 0 2 0 0 36 0 0 0 0 0 0 0 0 7 26 25 20 0 0 12 30 0 30 0 0 14 14 70 1 25 0 0 5 0 0 0 0 0 0 2 0 0 0 0 10 0 0 0 0 0 0 0 17 0 0 8 0 0 2 2 2 0 0 0 0 0 0 0 0 0 0 0 0 0 0 0 0 0 11 0 0 0 0 
 3 3 3 3 3 3 3 3 3 67 6 3 3 12 3 3 3 3 3 3 3 3 3 81 3 10 206 3 76 8 140 25 3 3 4 6 3 3 3 3 140 79 73 121 77 24 239 179 457 61 233 25 0 94 61 241 42 56 165 84 0 0 0 0 0 0 51 259 0 3 0 0 0 0 0 0 1 0 4 0 0 0 0 0 0 0 0 0 0 0 0 0 0 0 0 0 0 0 0 0 0 0 0 0 12 22 0 0 0 0 0 33 0 0 0 0 0 0 0 0 62 0 0 18 0 1 3 18 0 0 0 0 37 6 0 25 17 0 0 10 0 0 0 0 0 0 0 0 0 0 0 0 0 0 2 0 0 0 1 39 0 0 0 37 0 0 0 0 0 0 0 2 0 0 0 0 0 0 0 0 0 0 0 0 7 0 0 0 10 0 16 24 0 0 0 0 0 10 0 0 24 10 41 8 0 3 61 67 5 1 10 34 0 0 23 1 63 1 40 14 10 0 0 0 0 0 0 0 0 0 0 0 17 0 0 0 0 0 0 0 0 0 18 0 0 0 0 0 0 0 0 10 0 0 0 0 0 0 2 1 0 0 0 0 64 2 2 0 1 0 0 0 0 0 0 2 0 0 0 0 0 0 0 0 21 0 0 0 1 0 
 0 0 0 0 0 0 0 0 0 0 0 0 0 0 0 31 0 0 0 0 0 0 72 0 0 85 0 0 0 0 61 30 0 0 0 0 0 0 0 1 208 116 56 96 46 109 186 154 109 65 107 45 94 0 675 133 114 113 87 196 4 11 3 0 11 1 5 10 0 0 2 4 2 13 0 8 12 0 6 1 0 0 0 0 0 0 0 0 0 0 0 0 0 0 0 0 0 0 0 0 0 0 11 11 15 28 0 0 0 0 0 12 0 17 0 0 0 0 0 0 0 17 24 9 0 16 13 10 18 2 0 0 0 12 42 13 0 30 16 10 4 0 0 7 5 0 3 0 0 0 0 0 13 7 3 9 8 1 8 0 0 0 0 0 0 0 41 0 0 0 0 0 0 0 0 0 5 0 0 0 0 0 0 12 27 20 0 5 0 2 0 0 0 0 0 0 0 0 0 0 12 0 12 14 6 0 1 0 0 25 0 0 0 1 28 9 13 41 10 44 6 0 0 0 0 0 4 0 0 9 0 0 18 5 11 0 1 5 3 7 0 0 0 0 0 0 2 0 0 0 0 10 0 0 0 0 0 62 0 4 0 0 0 0 0 2 0 1 0 4 0 0 0 0 0 0 0 0 0 0 0 0 0 0 0 0 0 0 1 0 
 3 4 7 3 3 3 3 3 3 3 3 3 3 3 3 8 3 3 3 3 0 0 0 0 0 1 203 0 0 0 64 62 0 0 0 3 0 0 2 0 57 89 157 90 162 42 246 64 177 90 143 53 61 675 0 418 192 118 138 97 0 4 2 0 2 0 5 0 0 0 0 0 0 5 0 0 3 0 0 0 0 0 0 0 0 0 0 14 0 0 0 0 0 0 0 0 0 0 0 12 0 0 0 0 0 29 0 0 0 0 0 0 0 0 0 0 0 0 0 0 19 7 0 24 1 0 18 39 5 7 0 0 4 0 36 40 24 35 28 0 1 13 0 0 0 0 0 0 0 0 0 0 6 0 2 0 0 0 9 0 0 0 0 0 0 0 5 0 0 0 0 0 0 0 0 0 0 0 0 0 0 0 0 0 2 0 0 0 0 0 0 0 0 0 0 28 0 1 0 0 65 27 0 0 10 0 0 2 1 17 0 0 1 24 2 27 0 35 11 24 47 0 0 0 0 0 0 0 0 0 0 0 0 0 0 0 0 0 0 35 0 0 3 0 0 0 0 0 0 0 0 7 0 1 0 0 0 20 1 26 0 0 66 0 0 4 0 3 2 0 0 0 0 0 0 0 0 0 0 0 0 0 0 0 1 0 0 0 2 0 
 3 3 3 3 3 3 3 3 3 3 3 3 3 3 3 3 3 3 3 3 0 0 0 0 0 0 0 0 0 0 0 0 0 0 0 3 0 0 0 0 116 52 75 122 106 88 45 167 77 213 204 237 241 133 418 0 498 243 43 57 2 9 0 0 2 0 9 0 0 2 0 2 0 9 3 0 8 3 0 0 0 0 0 0 0 0 0 0 0 0 0 8 0 0 0 0 0 0 0 0 10 0 0 0 0 0 0 0 0 0 0 12 0 0 15 0 0 0 0 0 0 10 1 22 26 44 4 0 12 19 0 27 3 0 3 8 10 28 0 0 35 0 0 0 0 0 1 10 0 0 27 0 10 1 15 0 4 0 11 70 0 0 0 0 0 0 0 0 0 0 0 0 0 0 0 0 0 12 0 0 0 0 0 0 0 0 0 0 0 0 0 0 0 0 0 0 0 0 0 0 0 0 25 0 20 1 0 4 7 35 29 30 21 0 0 0 3 9 0 4 0 7 0 0 0 0 0 0 0 0 0 0 0 0 1 1 0 0 12 26 0 0 0 0 0 0 0 0 0 0 0 3 0 1 0 2 0 0 0 0 0 0 0 0 1 0 0 88 1 0 3 0 0 0 0 0 0 0 0 0 0 0 0 0 14 0 0 13 2 0 
 0 0 0 0 0 0 0 1 0 0 0 0 0 0 0 5 0 0 0 0 0 0 0 0 0 81 0 0 1 0 0 66 0 0 0 0 0 0 0 0 38 198 167 65 74 135 42 392 368 396 238 69 42 114 192 498 0 131 58 51 0 4 0 0 0 0 13 2 3 0 0 0 0 0 4 0 2 0 0 0 0 0 13 0 8 0 0 8 0 0 0 0 0 0 0 0 0 0 0 0 0 0 0 0 0 19 0 0 0 0 0 0 0 0 0 0 0 0 0 0 0 9 26 25 9 5 15 20 13 24 13 11 15 17 22 7 7 17 22 10 4 2 15 0 0 0 9 15 6 0 5 0 0 0 13 0 4 7 0 11 0 0 0 0 1 0 17 0 0 0 0 0 0 0 0 0 5 0 0 0 0 0 0 0 13 19 0 0 0 0 0 0 0 0 0 0 0 0 0 0 9 0 1 11 1 10 1 0 18 23 19 0 0 7 8 13 14 39 15 44 10 6 0 0 4 0 0 0 0 5 4 5 0 0 7 4 0 0 29 8 0 0 0 0 0 0 0 0 0 0 0 18 0 0 0 0 0 1 0 4 0 0 34 1 3 2 12 6 0 0 52 0 0 0 0 0 0 0 0 0 0 0 0 0 0 15 0 0 0 0 
 0 0 0 2 4 2 0 0 4 0 0 3 2 0 0 4 0 0 0 0 0 0 0 0 0 19 60 0 0 0 0 0 0 0 0 0 0 0 1 7 240 69 132 35 35 56 101 288 106 155 112 81 56 113 118 243 131 0 45 35 15 5 0 0 2 0 24 0 0 0 0 0 0 4 0 0 2 0 0 21 0 0 0 0 10 13 0 0 29 0 0 13 0 0 0 0 0 6 0 0 3 0 0 0 0 0 10 0 0 0 0 0 5 7 0 0 0 0 3 0 7 11 15 22 7 27 12 3 0 3 27 19 0 6 21 21 2 29 9 14 9 2 0 0 0 0 0 0 0 0 0 0 39 1 0 0 8 9 17 0 0 0 0 0 5 31 4 0 0 7 8 6 0 0 0 0 11 0 0 0 0 0 0 0 0 0 0 0 0 0 0 0 0 0 8 9 0 0 0 0 0 0 1 10 7 0 12 0 8 13 14 2 0 9 2 14 38 23 0 1 22 0 0 0 0 0 1 20 0 0 0 0 0 0 0 19 0 0 27 25 0 0 1 0 0 0 8 0 0 0 0 3 0 2 0 0 0 0 0 14 0 1 2 0 0 1 0 9 0 0 6 0 0 0 0 0 0 0 0 0 0 0 0 0 8 0 0 0 1 0 
 5 2 0 0 0 0 6 0 0 1 0 0 2 6 0 2 3 0 5 0 0 118 65 1 0 134 3 13 3 1 3 0 0 0 63 0 65 63 2 0 343 103 301 266 57 40 477 348 93 237 94 43 165 87 138 43 58 45 0 71 215 1 3 0 0 0 0 1 0 0 3 0 0 2 0 1 5 3 0 2 5 9 0 0 0 0 0 8 1 0 0 0 6 1 3 5 0 0 0 5 0 0 1 26 0 18 0 0 0 24 0 0 0 0 0 0 0 15 0 0 11 0 2 3 0 0 6 13 0 14 0 0 0 78 10 0 0 0 36 0 0 15 0 0 0 0 0 0 0 0 0 0 0 0 1 0 0 0 0 0 2 0 0 0 0 0 0 0 0 0 0 0 0 0 0 0 5 0 6 0 0 3 0 7 0 14 0 0 0 0 0 2 0 0 0 0 13 52 0 0 0 18 22 22 0 6 0 7 11 10 0 20 44 14 4 7 0 14 14 0 0 0 0 0 0 0 0 0 0 0 0 0 17 0 0 0 0 0 0 0 0 0 0 0 0 0 0 0 0 0 0 7 0 0 0 0 2 0 66 1 11 0 1 0 2 2 6 1 0 0 0 0 0 0 0 0 0 0 0 0 0 0 0 0 0 0 0 0 2 0 
 1 0 0 2 0 2 1 0 2 2 5 2 1 1 2 0 2 2 0 1 2 75 56 131 62 2 5 2 131 67 64 63 0 0 1 1 98 4 2 1 40 76 49 65 81 58 174 52 166 279 45 40 84 196 97 57 51 35 71 0 5 0 3 0 0 0 2 13 0 0 0 0 1 24 0 12 17 5 13 0 0 0 0 0 0 0 0 0 0 0 0 0 0 0 0 0 0 0 0 0 0 0 34 10 12 12 0 0 0 0 0 16 0 0 0 0 0 0 0 0 3 30 13 0 0 9 0 1 0 0 27 0 9 0 0 0 0 0 0 14 4 0 0 21 4 0 3 0 0 0 0 1 0 7 0 11 0 0 0 0 0 0 0 0 0 0 0 0 0 0 9 0 0 0 0 0 0 0 0 0 0 0 0 17 34 11 0 0 0 32 14 0 0 0 0 0 0 6 0 0 7 25 0 0 0 0 0 0 19 0 0 0 0 25 0 0 0 0 24 33 51 10 0 0 0 0 8 0 0 11 0 0 7 12 34 0 1 6 0 0 0 0 0 0 0 0 0 0 0 0 0 4 0 0 0 0 0 0 0 0 0 0 0 0 0 0 4 0 3 0 0 0 0 0 0 0 0 0 0 0 0 0 0 0 0 0 0 0 2 0 
 3 3 3 3 5 31 3 3 3 3 2 3 3 3 2 3 3 3 3 3 0 11 0 0 0 7 0 0 0 0 1 0 0 0 0 3 0 3 2 9 2 0 0 76 1 75 1 2 0 0 0 17 0 4 0 2 0 15 215 5 0 115 88 48 44 48 76 227 36 18 260 306 109 53 52 87 87 52 182 330 0 0 0 0 0 0 0 0 0 0 0 0 0 0 0 0 0 0 0 0 0 0 0 6 0 5 0 0 0 13 1 0 0 0 0 0 0 4 0 0 0 0 0 2 0 8 0 0 0 0 0 0 0 6 0 0 0 0 5 0 2 0 7 12 3 0 6 1 8 0 18 0 0 24 50 21 9 2 21 0 0 0 0 0 0 0 0 0 0 0 0 0 0 0 1 0 0 0 0 0 0 9 0 9 0 8 0 0 0 0 0 9 0 0 0 0 10 6 0 0 0 0 0 8 3 0 3 6 0 0 0 14 6 41 0 0 0 0 4 0 14 16 17 0 1 0 1 10 0 39 0 0 0 67 18 0 56 40 0 0 0 0 0 0 0 0 0 0 0 0 0 0 0 0 9 0 0 2 0 0 0 0 0 0 0 0 8 0 0 0 29 0 0 0 4 0 0 0 0 0 0 0 0 0 0 0 0 0 0 0 
