 0 378 165 472 29 109 152 370 155 103 173 28 48 216 241 47 125 54 212 130 3 0 0 5 0 0 0 2 3 1 1 5 0 0 0 0 3 0 0 0 0 0 0 2 0 0 0 0 3 3 0 0 2 0 2 6 0 0 6 0 3 2 0 4 48 0 0 0 0 6 3 2 4 3 3 0 0 0 0 3 27 21 31 8 16 1 29 24 19 18 0 5 40 36 12 0 21 20 24 49 0 0 5 2 0 0 5 7 2 0 0 0 0 0 0 0 0 0 0 0 0 0 0 0 0 0 0 0 0 0 0 0 0 0 0 2 0 0 0 0 0 0 0 0 0 0 0 0 8 0 0 0 0 0 0 0 0 0 0 0 5 20 44 0 0 25 0 16 17 1 0 0 10 14 37 0 10 1 22 3 0 0 1 0 0 0 0 0 17 0 0 0 14 0 1 0 0 0 0 0 0 0 0 0 0 0 0 0 0 2 0 0 0 0 0 0 0 13 0 0 0 0 0 0 0 0 2 0 0 0 0 0 0 0 0 0 1 0 0 0 0 0 0 0 0 0 1 0 0 11 0 3 0 0 0 0 0 0 0 0 0 0 14 0 0 0 0 0 0 0 0 0 0 0 0 30 0 0 0 0 0 0 0 0 0 0 0 0 0 0 
 378 0 110 489 302 166 95 401 520 362 246 148 235 77 318 79 179 276 62 67 0 0 2 0 1 0 73 0 0 0 0 6 0 0 0 1 0 0 136 0 64 0 0 0 0 0 0 0 0 3 0 0 0 0 0 0 0 0 1 0 3 0 0 0 16 0 0 0 0 0 3 0 2 4 0 0 0 0 0 0 0 0 9 17 0 14 17 29 14 48 55 6 0 14 11 9 25 34 0 9 0 15 14 0 0 1 4 0 0 0 0 1 1 19 1 0 0 0 12 11 0 0 0 0 0 0 0 2 0 0 15 0 0 0 0 0 0 0 0 0 0 0 0 20 0 0 0 0 0 2 0 0 0 0 0 0 0 0 5 0 0 0 0 53 22 14 0 34 16 25 23 23 0 0 0 24 6 11 0 0 0 0 0 0 0 0 0 1 0 0 0 0 1 0 0 2 0 0 1 0 0 0 3 0 0 0 0 0 0 0 0 0 0 0 0 0 0 0 0 0 2 0 0 0 0 0 0 0 0 0 0 0 0 0 0 0 0 0 0 0 0 0 0 0 0 2 1 0 0 0 0 15 5 0 0 1 0 0 0 0 0 0 0 0 0 0 2 0 0 0 0 0 0 0 0 0 0 0 0 0 0 0 0 0 0 0 0 0 0 0 
 165 110 0 116 66 122 266 219 401 201 256 45 166 48 73 239 73 40 49 127 0 0 0 0 0 0 81 0 0 0 0 3 0 0 33 0 0 0 1 0 0 0 0 0 0 0 0 0 0 3 0 0 0 0 0 0 0 0 0 0 3 1 0 0 0 0 0 0 0 0 3 0 2 3 0 0 0 0 0 0 31 24 26 14 20 12 17 12 0 0 0 24 10 10 0 6 0 0 12 19 17 2 0 0 1 0 0 6 0 0 0 0 0 0 0 0 0 0 1 0 0 0 0 0 0 2 0 0 0 0 0 0 0 0 0 0 0 0 0 0 0 0 0 0 0 0 0 0 0 0 0 0 1 0 2 0 0 0 0 1 0 51 46 0 0 17 6 0 11 0 10 15 0 10 0 0 14 0 0 0 1 1 0 0 0 1 21 0 0 0 0 0 16 0 12 0 0 0 0 29 0 0 0 0 0 0 0 0 0 0 0 0 0 0 0 0 0 0 0 0 0 0 0 0 0 0 0 0 0 0 0 0 0 0 0 0 0 0 0 0 0 14 0 0 0 2 7 2 3 4 10 3 0 0 1 0 0 0 0 0 0 0 14 0 0 0 0 0 0 0 0 0 0 0 0 12 21 0 0 0 0 0 0 0 0 0 0 0 0 0 
 472 489 116 0 133 347 104 518 215 162 134 237 258 159 159 136 300 165 127 56 0 0 0 0 2 1 73 0 1 0 2 4 76 35 0 0 2 0 75 107 0 0 0 0 0 0 0 0 0 3 0 0 0 0 0 0 0 0 0 0 4 0 0 0 0 0 0 0 0 5 3 0 5 3 0 0 0 31 0 0 0 1 7 0 10 0 9 0 57 12 15 8 0 0 0 20 9 11 0 10 0 0 38 0 0 0 8 0 0 0 0 0 39 0 9 0 0 0 0 21 1 0 0 0 0 0 0 0 0 0 0 0 16 0 0 0 0 0 0 0 0 0 11 0 0 0 0 0 0 0 0 0 0 2 0 0 0 0 0 0 15 0 1 0 1 0 1 0 0 20 31 10 0 9 16 28 14 0 0 8 0 30 0 0 0 0 13 20 0 0 0 0 29 0 0 0 0 2 19 0 0 0 0 0 0 0 0 0 0 0 0 0 0 0 0 0 0 0 0 0 0 0 0 0 0 0 0 0 0 0 0 0 0 2 1 0 0 0 0 0 0 0 0 0 0 3 5 0 2 135 0 2 0 0 0 0 0 0 0 0 0 0 0 0 0 0 0 0 0 0 0 0 0 0 0 15 0 10 0 0 0 0 0 0 0 0 0 0 0 0 
 29 302 66 133 0 68 279 107 268 65 290 319 104 291 189 77 132 116 56 62 0 76 1 0 0 1 72 90 0 0 0 6 83 35 94 0 0 0 152 23 0 0 0 0 0 0 0 0 0 3 0 0 0 0 0 0 0 0 0 0 34 10 0 0 0 0 0 0 0 0 3 0 2 3 0 0 0 0 0 33 0 0 0 0 0 23 0 11 16 26 25 18 0 0 19 0 14 14 0 28 0 0 41 0 15 0 34 32 0 0 8 1 33 0 2 14 0 0 32 41 0 0 0 0 0 0 0 0 0 0 0 0 14 0 0 0 0 0 0 0 0 0 0 0 0 0 0 0 0 0 0 0 0 0 0 0 0 0 0 0 0 0 2 33 0 4 0 13 0 11 39 12 0 0 0 13 2 0 0 0 0 23 22 0 0 0 12 22 37 6 0 0 0 13 1 0 0 19 24 0 0 0 0 0 0 0 0 0 0 0 0 0 0 0 0 0 0 0 0 0 0 0 0 0 0 0 0 0 0 0 0 0 0 0 0 0 0 0 7 0 0 0 0 0 0 3 11 0 3 1 0 10 0 2 0 0 0 0 0 0 0 0 0 0 0 0 0 0 0 0 0 0 0 0 0 0 0 0 0 0 0 0 0 0 0 0 17 0 0 0 
 109 166 122 347 68 0 37 244 159 236 194 55 28 45 224 320 148 262 49 50 79 0 0 0 0 0 0 3 0 0 0 4 65 45 0 0 0 0 74 144 0 0 0 0 0 0 0 0 2 3 0 0 2 0 0 0 0 1 0 0 3 0 0 0 0 0 0 0 0 1 3 0 2 3 0 0 0 0 0 0 0 0 8 30 39 11 0 11 0 8 11 0 0 8 0 13 0 27 0 0 10 0 0 0 0 0 20 10 0 0 0 0 19 15 0 0 0 15 0 0 0 0 1 0 0 0 0 0 0 0 10 0 0 0 0 0 0 2 0 0 0 0 0 0 1 1 2 0 0 0 0 0 0 0 0 0 20 0 0 0 0 0 0 0 26 20 0 14 0 13 0 1 0 0 0 15 0 10 0 0 0 36 0 0 0 0 25 3 0 0 0 0 60 0 0 0 0 0 0 15 2 0 0 0 0 0 0 0 0 0 0 0 0 0 0 0 1 0 8 0 0 0 0 0 0 0 0 0 0 0 0 0 0 0 0 0 19 0 0 0 0 0 0 0 0 0 4 1 0 7 0 5 0 0 0 0 0 0 0 0 1 0 20 0 0 0 0 1 0 0 0 0 0 0 0 1 30 18 0 0 0 0 0 0 0 0 0 0 0 0 
 152 95 266 104 279 37 0 193 121 31 52 48 104 354 145 95 24 28 209 184 0 2 0 1 0 1 0 1 0 1 0 29 1 0 0 0 0 0 0 0 5 0 3 0 3 0 3 0 3 3 0 0 0 0 0 0 2 0 0 0 8 0 0 0 0 2 0 40 0 2 3 0 3 3 0 3 0 29 0 0 44 49 10 2 0 0 14 21 25 0 0 2 37 16 85 23 13 0 37 16 0 0 0 0 2 0 0 0 0 0 0 0 0 0 0 0 0 0 0 0 0 0 0 0 0 0 0 0 0 0 0 0 0 0 0 0 18 0 0 0 0 0 0 0 0 7 0 0 0 0 0 0 2 0 1 0 0 0 0 0 6 36 31 15 0 0 9 4 17 0 0 0 14 46 40 0 15 19 16 2 0 2 0 0 1 0 0 0 0 2 0 0 1 0 0 0 0 0 0 0 0 0 1 0 0 0 2 0 0 0 0 0 0 0 0 0 0 0 0 0 0 0 0 0 0 0 0 21 0 0 0 0 0 0 0 0 0 0 0 0 0 0 0 0 0 1 0 0 0 0 7 7 0 0 2 0 0 0 0 0 0 0 0 0 0 0 0 0 0 0 0 0 0 0 0 27 13 0 0 0 0 0 0 0 0 0 0 0 0 0 
 370 401 219 518 107 244 193 0 206 154 53 330 266 81 272 471 97 35 270 131 0 0 0 4 0 4 1 1 1 0 0 5 0 0 0 0 0 0 1 0 6 0 6 0 0 0 0 0 0 3 0 0 0 6 62 0 0 0 0 0 3 18 0 0 0 0 0 4 0 6 3 6 3 9 0 0 0 0 0 0 19 25 111 17 0 8 45 21 33 19 2 10 31 37 11 1 27 28 10 70 0 0 0 0 0 11 14 0 0 0 0 0 0 1 0 0 0 0 12 0 1 0 0 0 0 0 0 0 0 0 2 0 0 0 0 0 0 0 0 0 0 0 0 0 17 0 0 0 0 0 10 0 0 2 0 0 0 0 0 0 10 28 74 0 17 14 0 20 10 12 14 7 0 48 1 20 25 1 0 0 0 0 0 0 0 0 0 0 0 0 0 0 3 0 0 14 0 0 0 0 0 0 0 0 0 0 0 0 0 0 0 0 0 0 11 0 0 0 0 0 0 0 0 0 0 0 0 0 0 0 0 0 0 2 0 0 0 0 0 0 0 0 0 0 0 1 2 0 8 91 2 4 0 0 0 0 0 0 0 0 0 0 0 0 0 0 0 0 0 0 0 0 0 0 0 31 0 0 0 0 0 0 0 0 0 0 0 0 0 0 
 155 520 401 215 268 159 121 206 0 444 145 123 422 377 132 138 371 214 92 80 5 73 1 212 6 0 20 79 6 0 0 5 1 1 1 2 4 0 80 0 0 0 1 4 0 0 0 0 2 3 0 2 4 0 4 0 0 0 0 0 3 53 0 0 0 0 0 0 0 0 2 0 3 3 6 0 0 0 0 6 0 0 18 19 1 13 34 34 0 66 35 45 0 6 14 15 15 19 0 8 0 8 0 0 0 0 22 0 0 0 0 0 6 0 0 3 0 0 23 13 0 0 0 0 0 2 0 0 0 0 0 0 0 0 0 0 1 0 0 0 0 0 0 0 0 0 0 0 0 0 0 0 0 0 2 0 0 0 3 0 4 0 0 28 28 20 0 28 18 69 14 8 0 0 0 3 0 8 0 1 0 24 0 0 0 0 0 0 0 0 0 0 13 0 0 26 0 0 0 0 0 1 0 0 0 0 0 0 0 0 0 0 0 0 0 0 0 2 0 0 0 0 0 0 0 0 0 0 2 0 0 0 0 0 0 0 0 0 0 0 0 0 0 0 0 0 93 0 1 0 2 18 24 0 0 0 0 0 0 0 26 0 1 0 0 0 0 0 0 2 0 0 0 0 0 0 0 0 0 0 0 0 0 0 0 16 0 0 0 10 
 103 362 201 162 65 236 31 154 444 0 87 116 42 285 193 61 168 258 179 102 0 0 0 0 0 2 73 3 0 0 0 4 0 81 1 0 1 0 114 1 0 0 0 0 0 0 0 0 0 3 0 0 0 0 0 0 0 0 0 0 3 0 0 0 0 0 0 0 0 0 3 0 3 3 0 0 0 0 0 0 0 11 72 37 43 17 0 11 0 0 28 23 0 0 0 18 1 16 0 11 12 5 0 0 0 0 11 10 0 0 0 0 0 1 13 0 0 0 37 11 0 0 0 0 0 0 0 0 0 0 0 0 0 0 14 0 1 0 0 0 1 0 0 0 0 0 0 0 0 0 0 0 0 0 0 0 0 0 0 0 0 12 0 15 18 26 0 14 22 1 52 9 0 1 0 11 0 0 0 0 0 65 0 1 0 0 13 15 0 0 0 0 15 0 0 29 0 0 17 14 0 0 0 0 0 0 0 0 0 0 0 0 0 2 0 0 0 0 0 0 0 0 0 0 0 0 0 0 0 0 0 2 0 0 0 0 0 1 0 0 0 0 0 0 0 3 2 0 87 2 6 4 51 0 0 0 0 0 0 0 0 0 31 0 0 0 0 0 0 0 0 0 0 0 0 0 24 18 0 0 0 0 0 0 0 0 1 0 0 0 
 173 246 256 134 290 194 52 53 145 87 0 240 54 48 381 147 66 32 52 61 0 75 3 0 1 2 83 0 1 0 1 4 0 0 0 0 2 0 101 0 0 0 0 0 0 0 0 0 0 6 0 0 0 0 0 0 0 51 0 0 3 0 0 0 0 0 16 0 0 9 6 0 2 3 0 0 0 0 0 0 2 7 19 6 34 0 26 24 23 14 14 24 2 6 0 0 22 55 0 0 2 8 0 0 1 0 29 27 0 0 0 0 15 2 15 0 0 0 26 37 0 0 0 0 0 0 0 0 0 0 0 0 0 0 0 0 0 0 0 0 0 0 0 0 0 0 0 0 0 0 0 0 0 0 0 1 0 0 0 0 26 0 10 39 0 38 1 29 0 0 13 25 0 28 0 12 11 0 0 0 11 0 3 0 0 0 0 17 1 0 0 0 15 10 0 0 0 0 28 16 0 0 0 0 0 0 0 0 0 0 0 0 0 0 0 0 0 0 0 0 0 0 0 0 2 0 0 0 0 0 0 0 2 0 4 0 0 0 0 0 0 0 0 0 0 0 0 0 22 95 0 8 0 0 0 0 1 0 0 0 0 0 20 0 0 0 0 0 0 0 0 0 0 2 0 16 0 1 0 0 0 0 0 0 0 0 0 0 0 0 
 28 148 45 237 319 55 48 330 123 116 240 0 26 17 30 14 99 93 38 40 2 92 0 0 0 0 75 0 0 0 0 5 74 74 58 0 75 0 163 73 0 0 1 0 0 0 0 0 0 3 0 0 0 0 0 3 0 0 0 0 3 0 0 0 0 0 0 0 0 0 3 0 2 3 0 0 0 0 0 0 0 0 9 14 14 9 0 11 22 0 16 28 0 0 6 14 13 26 0 0 2 17 5 0 0 0 7 11 0 1 9 0 10 11 15 0 10 0 63 34 0 0 0 0 0 0 0 0 0 0 0 0 0 0 0 0 0 0 0 0 10 0 0 0 0 1 0 0 0 0 0 0 0 0 0 0 0 0 0 0 0 0 10 53 18 17 0 20 35 6 50 35 0 9 0 14 24 0 0 0 10 31 21 0 0 0 0 18 20 17 0 0 10 18 0 20 0 28 35 13 0 0 0 0 0 0 0 0 0 0 0 0 12 0 0 0 0 0 2 0 0 0 0 0 0 0 0 0 0 0 0 0 0 0 0 0 0 0 0 0 0 0 0 0 0 2 86 1 86 86 2 9 14 0 0 0 0 0 0 0 0 0 0 0 0 0 0 0 0 0 0 0 0 0 0 0 0 0 0 0 0 0 0 0 0 0 1 0 0 0 
 48 235 166 258 104 28 104 266 422 42 54 26 0 93 160 20 79 305 302 56 0 0 0 0 0 0 0 0 0 1 0 5 0 0 204 0 0 71 0 0 51 0 0 0 0 0 84 0 0 3 0 0 0 0 0 0 0 51 0 0 3 45 0 0 2 2 0 0 0 1 3 0 7 3 0 0 0 0 0 11 11 0 18 1 0 17 17 31 11 31 18 10 14 25 24 8 16 0 0 37 0 0 0 0 0 0 0 0 0 0 0 0 0 0 0 16 0 0 0 0 0 0 0 0 0 0 0 0 0 0 0 0 0 16 0 0 0 0 0 0 0 0 0 0 0 0 0 0 0 0 0 0 0 0 0 0 0 0 11 0 7 0 0 5 17 0 8 30 0 105 9 1 1 2 18 21 13 25 0 3 0 0 0 0 12 0 0 0 0 0 0 1 0 0 0 4 0 1 0 0 18 0 0 0 1 0 0 0 0 0 0 0 0 0 0 0 0 0 0 0 0 0 0 0 0 35 0 0 0 0 0 0 0 0 0 0 0 0 0 0 0 0 0 0 0 0 4 0 2 3 9 0 0 0 0 0 0 1 0 0 0 0 0 0 0 0 0 0 0 2 0 0 0 0 0 0 15 0 0 0 0 0 0 0 0 0 0 0 0 0 
 216 77 48 159 291 45 354 81 377 285 48 17 93 0 171 203 59 111 177 538 0 0 1 0 0 0 0 0 0 0 0 85 0 0 0 5 0 0 0 0 2 0 4 0 0 0 0 0 0 3 0 0 0 0 0 0 0 0 0 0 3 0 0 0 0 0 0 0 0 0 3 8 7 3 0 0 0 0 0 0 0 26 6 12 0 21 8 34 14 39 0 0 15 35 34 1 10 16 24 6 0 0 0 0 0 0 0 0 0 0 0 0 0 0 0 0 0 0 0 15 0 0 0 0 0 0 0 0 0 0 0 0 0 0 0 0 10 0 0 0 0 0 4 0 0 0 0 0 0 0 0 0 0 0 0 0 0 0 0 1 7 23 59 0 0 0 14 49 14 0 0 0 15 34 22 1 20 0 42 12 15 0 0 0 0 0 0 0 0 0 0 12 0 0 0 0 0 0 0 0 0 0 0 0 17 0 0 0 0 0 0 0 0 0 0 0 0 0 0 0 0 0 0 0 0 0 0 0 0 0 0 0 0 0 0 0 1 0 0 0 0 0 0 0 0 1 1 0 3 1 0 8 0 0 0 0 0 0 0 0 0 0 0 0 0 0 0 0 0 0 0 0 0 0 0 0 0 0 0 0 0 0 0 0 0 0 0 0 0 0 
 241 318 73 159 189 224 145 272 132 193 381 30 160 171 0 179 132 115 61 82 0 0 8 6 0 0 0 2 4 5 0 6 0 0 3 6 0 0 73 0 0 0 3 6 3 0 0 0 4 8 3 1 0 0 0 3 3 0 0 0 3 0 0 2 3 3 0 0 0 2 6 101 3 3 0 3 4 3 0 0 2 6 1 7 33 0 12 11 18 6 38 0 11 63 2 0 25 96 0 0 0 0 0 0 0 0 8 0 0 0 0 0 0 15 14 0 0 0 9 10 0 0 0 0 0 0 0 0 0 0 14 0 0 0 0 0 0 0 0 0 0 0 0 0 0 0 0 0 0 0 0 0 0 0 0 0 0 0 0 0 7 0 0 26 29 10 0 36 21 0 8 12 0 0 1 1 0 75 11 0 0 0 0 0 0 0 0 14 0 0 0 2 0 0 0 0 0 0 14 0 2 0 0 0 0 0 0 0 0 0 0 0 0 0 0 0 0 0 0 0 0 0 0 0 0 0 0 0 0 0 0 0 0 0 0 0 0 0 0 0 0 0 0 0 0 0 0 0 2 0 1 11 8 0 0 0 0 3 0 0 0 0 1 0 0 0 2 0 0 0 0 0 0 0 2 0 0 0 0 0 0 0 0 0 0 0 0 0 0 0 
 47 79 239 136 77 320 95 471 138 61 147 14 20 203 179 0 390 427 28 67 8 1 0 0 0 0 4 2 0 0 1 4 77 2 0 1 0 2 2 2 0 2 2 2 2 2 0 2 3 3 0 0 0 2 0 0 2 0 2 2 3 51 0 2 0 0 0 0 0 1 5 0 2 3 0 0 0 3 0 0 23 41 17 9 0 0 23 24 0 22 6 1 20 26 0 0 26 33 17 33 0 0 0 0 0 0 17 0 0 0 0 0 0 17 0 0 11 0 0 0 0 0 0 0 0 0 0 0 0 0 10 0 15 0 0 0 0 0 0 0 0 0 0 0 0 0 0 0 0 0 0 0 0 0 0 0 0 0 0 0 1 11 18 0 0 0 0 0 16 1 15 22 0 47 20 0 12 14 0 0 0 0 0 0 0 0 9 0 0 0 0 0 10 0 10 0 0 0 1 14 0 0 0 0 0 0 0 0 0 0 0 0 0 0 0 0 0 0 0 0 0 0 0 0 0 0 20 0 0 0 0 0 0 0 0 0 0 0 0 0 0 10 0 0 0 0 1 0 2 1 0 14 0 1 0 0 0 1 0 0 0 0 0 0 1 0 0 0 0 0 0 0 0 0 0 34 0 0 0 0 0 0 0 0 0 0 0 0 0 0 
 125 179 73 300 132 148 24 97 371 168 66 99 79 59 132 390 0 295 38 35 3 0 0 0 0 0 18 2 0 0 0 6 0 77 77 0 0 0 36 1 0 0 1 0 0 0 0 0 0 3 0 0 0 0 0 0 0 0 0 0 3 0 0 0 0 0 0 0 3 0 3 0 3 3 0 0 0 0 0 0 0 0 13 43 15 0 10 10 0 84 29 11 0 14 0 35 8 14 2 6 0 10 10 0 0 0 17 0 0 0 0 0 10 0 14 16 0 0 19 39 0 11 9 0 5 0 0 0 0 0 0 0 0 0 0 0 1 0 0 0 0 0 0 0 0 0 0 2 0 0 0 0 0 0 0 0 0 14 0 0 0 0 0 0 8 10 1 14 0 20 20 13 0 0 0 29 1 0 0 1 2 39 0 0 0 0 1 21 0 0 0 0 12 15 0 26 0 0 15 0 0 0 1 0 0 0 0 2 0 0 0 0 0 0 0 0 0 0 20 0 0 0 0 0 0 0 0 0 0 0 0 0 0 0 0 0 0 0 0 0 0 0 0 0 0 0 0 1 0 0 2 11 0 0 0 0 0 0 0 0 0 0 0 0 0 0 0 0 0 0 0 0 0 0 0 0 0 18 0 0 0 0 0 0 0 0 0 0 0 0 
 54 276 40 165 116 262 28 35 214 258 32 93 305 111 115 427 295 0 123 35 2 2 0 7 0 2 72 8 13 5 0 11 77 0 4 0 2 0 0 85 0 0 1 5 2 6 0 0 2 3 3 0 62 2 11 7 0 0 3 0 3 52 0 0 0 0 3 6 6 43 3 0 5 3 5 0 0 4 6 7 0 0 11 7 21 20 12 36 10 13 0 0 0 14 22 0 17 64 15 0 0 0 0 0 0 23 0 1 0 0 0 0 14 0 0 0 0 0 10 2 0 0 0 0 0 0 0 0 0 0 0 0 0 0 0 0 0 0 0 2 0 0 0 0 0 0 0 0 0 0 0 0 7 0 0 0 0 0 11 0 0 0 0 15 18 0 0 32 0 38 0 2 2 0 17 40 12 6 0 0 0 10 0 0 0 0 13 21 0 0 0 0 28 0 0 6 0 1 0 0 0 0 0 33 2 0 0 0 0 0 0 0 0 0 0 0 0 0 0 0 0 0 0 0 0 0 0 0 0 0 0 0 0 0 0 0 0 0 0 0 0 0 0 0 0 1 86 3 0 2 0 8 0 0 0 2 1 0 0 0 0 0 0 2 0 0 0 0 0 1 0 2 0 0 0 0 3 0 0 0 0 0 0 0 0 0 0 0 0 0 
 212 62 49 127 56 49 209 270 92 179 52 38 302 177 61 28 38 123 0 103 0 0 2 0 0 0 0 2 0 0 0 64 1 0 0 1 0 0 0 0 6 0 77 0 1 0 0 0 0 3 1 0 0 1 0 0 0 0 0 0 2 0 0 0 0 0 0 0 0 5 3 0 2 2 31 0 0 0 0 0 14 10 0 13 0 0 27 0 70 0 0 0 17 0 31 61 18 10 21 0 0 0 0 0 0 0 0 0 0 0 17 0 0 0 8 0 0 0 0 0 0 0 0 0 0 0 0 0 0 0 0 0 0 0 0 0 15 0 0 0 0 0 0 0 0 0 13 0 0 0 0 0 0 0 0 0 0 44 0 1 10 7 36 25 0 0 10 0 0 7 0 0 21 27 31 15 15 1 2 25 0 0 0 0 0 0 0 0 0 0 0 0 0 0 0 1 0 0 0 0 0 2 0 0 0 0 0 0 0 0 0 0 0 0 0 0 0 1 0 0 0 0 0 0 0 0 0 0 1 0 0 0 0 0 0 0 22 0 0 10 0 0 0 0 0 4 0 0 3 87 11 15 0 0 0 0 0 0 0 0 0 0 0 0 0 0 0 0 0 0 0 0 0 0 0 21 9 0 0 0 0 0 0 0 0 0 0 0 0 0 
 130 67 127 56 62 50 184 131 80 102 61 40 56 538 82 67 35 35 103 0 1 0 0 0 0 0 3 0 0 0 0 3 0 3 2 0 0 2 0 2 4 0 2 35 0 0 35 0 0 3 0 0 1 0 2 0 1 0 0 0 3 0 0 0 0 0 0 0 0 0 3 0 6 3 0 0 0 0 0 0 33 17 10 0 0 0 42 70 1 1 1 2 38 2 10 3 14 0 42 21 19 0 0 0 15 2 0 0 0 0 0 0 2 1 0 18 0 0 0 0 0 0 0 0 0 0 0 0 0 0 3 0 0 9 0 0 0 0 0 0 0 0 0 0 0 0 0 0 0 1 0 0 0 0 0 0 21 0 0 0 0 29 48 0 2 0 0 11 18 1 0 0 1 9 19 0 11 1 29 9 0 0 0 0 0 0 0 0 0 0 0 0 0 0 0 0 0 0 0 10 0 0 0 0 0 0 0 0 0 0 0 0 0 1 0 0 0 0 0 0 0 0 0 0 0 0 0 0 0 0 0 0 0 0 0 0 0 0 0 0 0 0 0 0 0 0 1 0 1 0 0 0 0 0 2 0 0 0 0 0 0 0 0 0 0 0 0 0 0 0 0 0 0 0 0 20 0 0 0 0 0 0 0 0 0 0 0 0 0 0 
 3 0 0 0 0 79 0 0 5 0 0 2 0 0 0 8 3 2 0 1 0 109 107 356 31 115 128 37 315 120 173 49 124 413 222 258 51 382 46 121 0 0 1 0 2 0 0 0 0 0 4 0 0 0 0 0 1 5 0 2 7 2 0 0 0 0 10 0 3 0 0 0 4 5 0 0 2 2 43 0 0 0 0 2 0 2 0 0 0 0 2 0 0 0 0 0 0 0 0 0 42 16 6 12 2 0 0 0 19 44 0 12 1 4 13 1 8 23 13 0 0 0 0 0 1 0 0 0 0 0 0 0 11 0 0 1 0 0 0 0 0 0 0 0 0 0 0 8 9 17 0 0 0 0 0 0 15 0 0 0 0 1 0 0 1 0 0 0 0 0 0 0 0 0 2 3 0 0 0 0 0 0 33 15 22 0 1 0 14 24 39 24 1 13 13 26 10 13 0 7 0 0 0 0 0 0 0 0 0 0 0 0 24 0 0 0 0 0 0 21 0 0 0 2 0 0 0 0 0 0 0 0 0 0 23 0 0 0 0 0 0 0 0 0 0 0 0 0 0 2 0 0 0 0 11 0 0 1 1 1 14 1 0 0 0 0 13 0 0 0 0 0 0 0 0 0 0 0 0 0 0 19 0 0 0 0 0 0 0 0 
 0 0 0 0 76 0 2 0 73 0 75 92 0 0 0 1 0 2 0 0 109 0 259 234 138 170 97 112 286 216 39 246 42 33 224 284 273 58 74 141 0 4 0 4 2 0 2 0 9 0 0 0 11 0 0 0 1 0 0 0 7 3 0 0 0 0 0 0 0 4 0 0 0 0 0 0 3 0 0 0 0 0 0 0 0 15 0 2 0 0 0 1 0 0 0 0 0 0 0 1 3 18 3 10 7 34 10 12 4 0 32 21 1 0 27 22 43 17 7 8 0 0 0 0 0 0 14 12 0 0 0 0 5 0 0 0 0 0 0 0 0 0 0 0 0 0 0 0 0 0 0 0 0 0 0 0 1 0 0 0 0 0 0 0 0 0 0 0 0 5 0 0 0 0 0 0 0 0 0 0 24 1 13 6 0 7 0 14 25 32 31 19 1 12 11 6 0 15 18 0 0 0 0 0 0 0 39 0 0 0 0 0 18 9 0 0 0 1 12 21 8 1 0 0 0 0 0 0 0 0 0 0 0 2 0 0 3 0 0 0 0 0 2 0 0 0 0 0 0 73 0 0 0 0 13 0 4 100 2 4 0 3 0 0 0 0 6 0 0 0 0 0 0 0 0 0 0 0 0 0 0 12 0 0 0 0 0 0 0 2 
 0 2 0 0 1 0 0 0 1 0 3 0 0 1 8 0 0 0 2 0 107 259 0 185 136 344 327 110 253 56 59 249 153 227 296 563 316 118 21 69 1 0 0 4 3 0 3 3 3 1 0 0 62 0 0 0 0 0 0 0 2 3 0 0 0 0 0 53 0 0 4 1 0 0 0 0 3 3 0 0 0 0 0 0 4 0 0 0 0 0 0 0 0 0 0 0 0 0 0 0 32 0 0 19 53 13 0 9 18 20 15 1 0 17 1 8 11 30 0 9 8 0 0 0 0 0 11 6 0 0 0 0 0 10 0 0 0 0 0 10 0 0 0 0 0 0 0 22 0 0 12 0 0 0 0 0 4 0 0 0 0 0 0 0 1 0 1 0 0 0 0 0 0 0 0 2 0 0 0 0 18 0 11 31 60 19 1 18 8 23 29 25 0 29 0 52 20 16 24 9 0 0 0 0 2 10 22 0 0 0 0 0 19 0 0 2 1 0 34 10 0 0 0 0 0 0 2 0 0 0 0 0 0 0 0 0 0 0 0 0 0 0 13 0 0 0 0 0 0 0 0 0 0 0 9 0 4 9 1 0 1 1 0 0 0 0 0 0 0 0 0 0 0 11 0 0 0 0 0 0 0 2 0 0 0 0 0 0 0 0 
 5 0 0 0 0 0 1 4 212 0 0 0 0 0 6 0 0 7 0 0 356 234 185 0 86 61 196 142 294 164 116 200 88 131 57 155 363 475 61 107 0 0 0 4 2 10 5 0 0 0 0 0 274 29 0 0 1 0 2 0 8 2 0 0 0 0 0 0 0 0 0 0 0 0 0 0 2 1 0 0 0 0 0 0 0 14 0 0 0 0 0 0 0 0 0 0 0 1 0 0 22 0 9 8 1 41 0 0 31 0 49 21 1 0 31 48 0 35 1 0 9 6 0 1 0 0 25 18 0 0 0 0 0 50 0 8 0 0 10 34 0 0 0 0 0 0 0 0 0 0 0 0 1 3 0 0 0 0 0 0 0 0 0 0 0 0 0 7 0 0 0 0 0 1 0 0 0 0 6 0 0 0 8 23 49 31 0 0 10 22 6 0 0 0 32 0 20 20 0 0 0 1 0 0 0 0 11 11 23 0 0 0 23 1 0 12 0 0 0 11 0 0 0 0 0 0 0 0 0 0 0 0 25 0 0 0 0 0 0 0 0 0 8 0 0 2 0 0 0 0 0 0 0 0 3 2 1 75 0 3 13 12 0 0 0 0 0 0 0 0 10 0 0 0 0 0 0 0 0 0 0 0 0 0 0 0 0 0 0 0 
 0 1 0 2 0 0 0 0 6 0 1 0 0 0 0 0 0 0 0 0 31 138 136 86 0 141 59 129 152 75 75 182 54 342 189 114 161 383 58 66 4 0 0 13 2 0 65 63 8 0 0 1 29 0 53 65 64 0 63 138 2 1 0 0 0 0 0 0 0 0 0 0 0 2 0 0 3 0 0 0 0 0 0 11 0 0 0 0 0 0 0 0 0 2 0 0 0 0 2 0 10 11 0 0 0 62 0 0 0 12 12 22 0 0 22 25 30 9 0 0 18 1 0 0 0 0 52 38 0 0 1 0 0 9 0 5 1 14 24 33 0 0 0 0 0 1 0 0 0 0 0 0 0 0 0 0 0 1 0 0 0 0 0 0 0 0 0 0 0 0 0 0 0 0 0 0 0 0 0 0 0 0 0 1 1 52 0 2 0 0 14 9 0 0 14 1 0 0 0 0 8 0 1 0 0 0 6 2 14 0 8 0 13 49 1 0 3 5 28 0 0 0 0 0 0 0 0 8 0 0 2 0 0 0 0 0 0 0 0 1 0 0 1 0 0 0 0 0 0 0 0 0 0 0 11 1 0 76 77 1 2 0 0 0 0 0 0 0 0 0 9 0 0 0 0 0 0 0 0 0 0 18 0 0 0 0 0 0 0 0 
 0 0 0 1 1 0 1 4 0 2 2 0 0 0 0 0 0 2 0 0 115 170 344 61 141 0 244 199 192 141 212 75 54 48 238 160 292 52 39 56 0 0 63 64 2 0 0 0 1 0 0 0 0 1 64 25 1 59 66 63 2 2 0 0 0 0 0 0 0 0 0 0 0 0 0 0 2 3 0 0 0 0 0 0 0 1 0 0 0 0 0 0 0 0 0 7 2 0 0 0 2 33 13 9 14 30 0 0 8 27 12 28 0 0 29 20 16 20 0 0 9 16 0 0 0 2 0 23 0 20 1 0 24 1 0 4 1 7 0 10 0 0 0 0 0 0 0 14 0 0 10 0 1 0 0 0 3 0 0 0 0 0 0 6 0 0 9 0 0 0 0 0 0 0 0 0 0 0 0 0 0 0 0 2 14 12 0 7 22 22 10 94 0 1 0 5 6 0 0 9 0 20 0 0 0 0 25 12 0 0 0 0 18 9 18 0 0 0 12 16 0 0 0 0 0 0 15 0 0 0 0 0 0 0 3 0 1 0 0 0 0 0 0 0 0 0 1 0 0 0 0 0 0 0 12 0 1 92 8 36 1 3 0 0 0 15 0 0 0 0 0 0 0 0 0 0 0 0 0 0 0 22 0 0 0 59 0 0 0 0 
 0 73 81 73 72 0 0 1 20 73 83 75 0 0 0 4 18 72 0 3 128 97 327 196 59 244 0 163 66 30 61 51 153 147 304 110 33 107 136 283 0 0 0 0 3 0 0 1 0 7 0 0 0 0 64 0 0 0 0 0 6 3 0 0 0 0 0 0 0 0 0 0 0 0 0 0 3 1 0 0 0 0 1 0 0 10 0 0 0 6 24 13 0 0 0 0 0 0 0 0 23 7 11 0 0 0 12 57 20 17 2 0 1 28 13 15 31 16 0 32 2 0 0 0 0 0 0 0 0 0 0 0 0 0 0 0 11 0 0 0 0 0 0 0 4 14 0 0 1 1 0 2 0 0 2 0 0 0 0 0 0 0 0 0 6 1 0 0 0 7 0 0 0 1 0 0 0 0 0 0 28 14 49 0 0 0 19 0 27 26 0 0 38 13 24 0 10 9 25 36 0 3 0 0 13 0 0 0 0 0 0 0 0 0 0 2 0 0 0 9 1 0 0 0 0 2 0 0 2 0 36 0 0 0 2 0 0 0 0 0 0 0 0 0 0 0 1 0 0 87 0 0 0 0 6 0 2 1 0 2 2 0 0 0 0 0 0 0 0 0 0 0 0 0 0 0 12 0 0 0 0 0 0 0 0 0 0 0 0 0 
 2 0 0 0 90 3 1 1 79 3 0 0 0 0 2 2 2 8 2 0 37 112 110 142 129 199 163 0 200 178 94 411 102 132 226 190 29 68 59 146 0 0 0 0 2 0 0 0 1 0 0 0 0 0 0 0 1 2 0 0 2 1 0 0 0 0 0 0 0 0 0 0 0 0 0 0 2 2 0 0 0 0 0 1 0 0 0 0 0 0 1 0 0 0 2 0 0 0 0 0 11 13 0 7 8 4 1 19 29 12 22 33 22 11 13 10 17 18 0 0 8 0 0 0 0 0 0 0 0 0 0 0 0 0 0 0 0 0 0 0 0 0 0 0 2 0 0 0 0 1 0 0 2 0 0 0 0 0 0 0 0 0 0 0 9 0 0 0 1 24 0 2 0 0 0 0 0 0 4 0 25 13 29 5 0 1 9 18 39 23 20 30 9 0 32 1 19 13 0 17 0 0 0 0 0 0 21 0 0 0 0 0 9 11 0 0 0 0 0 0 0 0 13 0 0 0 0 0 0 0 0 0 0 0 0 0 0 0 0 0 0 0 0 0 0 0 0 0 0 0 0 0 0 0 12 2 0 46 42 0 2 0 0 0 0 0 0 0 0 0 0 0 0 0 0 0 0 0 0 0 0 14 0 0 0 0 0 0 0 0 
 3 0 0 1 0 0 0 1 6 0 1 0 0 0 4 0 0 13 0 0 315 286 253 294 152 192 66 200 0 159 285 36 93 148 548 127 54 113 283 285 0 0 0 1 2 0 0 0 1 0 0 0 5 0 0 0 1 6 0 80 2 1 0 0 0 0 0 0 0 0 0 0 0 1 0 0 2 19 53 0 0 0 0 0 0 0 0 1 9 0 8 0 0 0 0 0 0 0 0 2 0 38 19 9 8 10 0 0 25 40 14 13 0 8 26 0 28 20 15 0 9 0 0 0 0 0 0 5 0 0 0 0 9 0 0 0 0 0 0 22 0 0 0 0 0 0 0 0 0 55 0 0 0 0 0 0 5 0 12 0 0 0 0 0 0 4 0 0 0 0 0 0 0 0 0 7 0 0 0 0 0 2 20 0 21 16 0 10 13 2 31 51 0 9 0 24 19 0 0 0 0 0 0 0 0 0 36 0 0 0 0 0 44 9 0 0 0 2 30 9 0 1 0 0 0 0 0 0 0 0 0 0 0 1 0 0 8 0 0 0 0 0 0 0 0 0 0 0 0 0 0 0 0 0 4 0 2 153 4 0 10 0 0 0 0 0 0 0 0 0 0 0 0 0 0 0 0 0 0 0 0 22 0 0 0 12 0 0 0 0 
 1 0 0 0 0 0 1 0 0 0 0 0 1 0 5 0 0 5 0 0 120 216 56 164 75 141 30 178 159 0 162 40 56 61 191 64 414 99 63 148 0 0 0 0 3 0 0 207 1 0 5 0 135 0 1 0 0 14 0 0 42 3 0 0 0 0 0 0 0 0 0 0 0 0 0 0 3 0 0 0 0 0 0 0 0 13 0 0 1 0 0 0 0 0 0 0 2 4 0 0 12 22 0 1 10 0 0 0 17 10 34 48 0 0 13 36 2 10 0 0 9 10 0 0 0 0 0 0 0 0 0 0 18 0 0 0 0 0 3 3 0 0 0 0 0 0 0 0 0 0 0 0 6 0 0 0 0 0 1 0 0 10 0 0 0 0 0 0 0 0 0 0 0 0 0 2 0 0 0 0 6 0 2 33 20 0 0 0 12 62 31 51 0 3 14 21 0 7 0 0 0 0 0 0 0 0 0 0 0 26 0 0 18 0 0 0 1 0 1 43 0 0 0 0 0 0 0 0 0 0 0 0 0 0 0 0 0 0 0 0 0 0 0 0 0 0 0 0 0 0 0 0 0 0 6 3 2 76 86 0 1 21 0 0 0 0 6 0 0 0 0 0 0 0 0 0 0 0 0 0 0 0 0 0 0 0 0 0 0 0 
 1 0 0 2 0 0 0 0 0 0 1 0 0 0 0 1 0 0 0 0 173 39 59 116 75 212 61 94 285 162 0 61 195 155 234 269 129 181 20 141 0 0 0 0 3 0 0 0 0 0 0 2 14 0 1 0 0 7 0 7 2 4 0 0 0 0 0 1 0 1 0 0 2 1 0 0 3 23 2 0 0 14 0 0 0 0 0 0 0 1 0 0 0 0 0 0 0 0 0 0 16 29 21 18 0 1 0 0 40 31 9 9 0 8 40 12 7 55 1 0 9 0 2 0 1 0 0 0 0 0 0 0 16 0 0 0 0 0 0 4 0 0 0 0 0 0 0 7 4 10 0 0 0 0 0 0 0 0 0 0 0 0 2 0 0 2 0 0 0 0 0 0 0 0 0 3 0 0 3 0 0 0 6 11 31 48 0 9 27 1 8 30 0 0 7 12 51 14 0 6 0 0 0 1 0 0 13 0 1 0 0 0 38 10 0 0 0 0 11 2 0 0 0 0 0 0 0 0 0 0 0 4 0 0 0 0 0 0 0 0 0 0 0 0 0 0 0 0 0 0 0 0 0 0 11 0 2 9 2 0 6 0 0 0 0 0 0 0 0 0 0 0 0 0 0 0 0 0 0 64 0 61 0 0 12 10 0 0 0 0 
 5 6 3 4 6 4 29 5 5 4 4 5 5 85 6 4 6 11 64 3 49 246 249 200 182 75 51 411 36 40 61 0 55 114 29 307 306 337 26 316 2 0 71 0 3 0 22 67 1 0 0 0 1 62 117 0 0 0 63 63 9 3 0 0 0 0 0 0 0 0 0 0 0 0 0 0 3 3 0 0 0 0 0 0 0 0 0 0 9 0 0 0 6 0 10 12 0 0 21 0 11 0 0 0 22 62 0 0 0 0 0 0 0 0 14 0 7 46 0 0 25 1 13 0 0 2 66 31 12 2 0 0 15 5 10 12 22 0 9 24 0 0 0 0 0 0 0 0 0 0 0 0 0 4 0 0 5 0 0 0 0 0 6 17 0 0 7 0 2 0 0 0 10 12 29 0 0 0 0 1 0 0 12 2 42 26 1 2 12 15 0 0 0 0 15 0 0 8 0 7 0 2 1 0 0 0 0 23 26 0 9 0 6 31 11 12 9 9 4 35 0 0 23 0 2 0 0 2 0 0 0 19 0 0 0 0 0 8 0 0 0 0 0 0 0 0 1 0 0 0 0 0 0 0 15 2 2 2 3 2 4 1 0 0 0 0 0 0 0 0 13 0 0 0 0 0 0 0 0 0 0 0 0 0 0 0 0 0 0 0 
 0 0 0 76 83 65 1 0 1 0 0 74 0 0 0 77 0 77 1 0 124 42 153 88 54 54 153 102 93 56 195 55 0 165 108 125 112 115 140 80 0 0 1 62 3 9 0 0 0 4 0 0 0 0 0 0 0 0 0 0 2 3 0 0 0 0 0 47 0 0 0 0 0 0 0 0 3 0 0 0 0 0 0 0 8 25 0 0 0 0 15 0 0 0 0 8 14 0 0 0 9 0 13 5 13 0 0 11 20 16 8 14 13 8 19 11 12 29 0 9 0 0 0 0 0 0 0 0 0 0 0 0 21 0 0 2 0 0 0 0 0 0 0 0 0 1 0 14 1 3 0 1 0 2 0 0 0 0 0 0 0 0 0 0 12 0 0 0 0 12 0 0 0 0 0 0 0 1 6 0 7 27 4 8 12 18 70 28 29 1 13 0 48 17 27 1 29 22 19 12 0 0 0 0 0 0 0 0 0 0 0 0 9 0 0 0 0 0 39 0 0 0 0 0 0 1 0 0 0 0 0 0 0 0 1 0 0 0 0 0 0 0 0 0 0 0 1 0 0 0 0 0 0 0 15 0 0 0 0 0 10 0 0 0 0 0 8 0 0 0 0 0 0 0 0 0 0 0 0 0 0 12 0 0 0 0 6 0 0 0 
 0 0 0 35 35 45 0 0 1 81 0 74 0 0 0 2 77 0 0 3 413 33 227 131 342 48 147 132 148 61 155 114 165 0 85 43 22 374 163 313 0 0 0 0 3 64 0 0 0 0 0 0 1 0 5 0 0 0 0 0 2 3 0 0 0 0 0 0 0 0 0 0 0 1 0 0 3 21 0 0 0 0 0 18 9 1 0 0 0 0 21 18 0 0 0 13 2 0 0 0 11 20 19 29 0 0 24 4 18 1 0 2 2 27 19 0 11 14 0 10 7 0 0 0 0 2 0 0 0 0 1 0 34 1 0 0 0 0 0 0 0 0 0 0 1 0 0 0 0 0 0 0 0 0 0 0 0 0 0 0 0 12 0 0 19 0 0 0 0 1 1 0 0 0 0 16 0 0 3 0 16 48 24 2 0 20 0 7 0 15 0 2 1 15 19 4 22 15 25 17 0 0 0 0 0 0 0 0 0 0 0 0 32 0 0 0 0 0 0 10 8 0 0 0 0 0 0 0 0 0 0 0 0 0 0 0 1 0 0 0 0 0 0 0 0 0 41 0 0 0 0 0 0 0 16 0 0 78 0 3 2 0 0 0 0 0 0 0 0 0 0 0 0 0 0 0 0 25 0 0 0 0 0 0 0 0 0 0 0 1 
 0 0 33 0 94 0 0 0 1 1 0 58 204 0 3 0 77 4 0 2 222 224 296 57 189 238 304 226 548 191 234 29 108 85 0 202 415 134 66 85 0 0 1 0 3 0 0 0 6 0 1 2 0 0 0 0 0 0 0 0 2 3 0 0 0 0 0 0 0 0 0 0 0 2 0 0 3 0 0 0 0 0 0 2 0 0 2 0 0 0 0 13 0 0 0 1 0 0 0 0 30 16 17 0 5 18 0 8 9 31 2 16 11 6 19 23 12 10 29 15 0 0 0 0 0 0 4 0 0 0 0 0 12 0 0 0 0 0 0 0 0 0 0 0 0 0 0 11 3 4 0 0 0 0 0 0 0 0 0 0 0 0 0 0 2 18 0 2 0 0 0 7 0 0 0 3 0 3 13 0 0 11 0 11 17 21 8 9 25 9 36 36 0 20 14 23 1 26 10 0 0 0 0 0 1 0 6 0 0 0 0 0 5 2 0 1 0 0 27 11 0 0 0 0 0 0 0 0 7 0 0 0 0 0 0 0 0 0 0 0 0 0 0 0 0 0 0 0 0 0 0 0 0 0 2 0 0 79 76 0 3 0 0 0 0 0 0 0 0 0 0 0 0 0 0 0 0 0 0 0 0 33 0 0 0 40 7 0 0 0 
 0 1 0 0 0 0 0 0 2 0 0 0 0 5 6 1 0 0 1 0 258 284 563 155 114 160 110 190 127 64 269 307 125 43 202 0 74 202 37 136 0 0 0 16 3 0 1 0 46 0 0 0 0 5 0 0 0 0 0 0 3 3 0 0 0 0 0 0 0 0 0 1 6 0 0 0 3 2 0 0 0 0 0 0 0 0 0 0 0 0 0 0 0 0 0 0 0 0 0 0 14 16 28 14 14 11 0 0 4 40 18 12 14 1 49 71 25 25 0 0 8 0 0 0 0 0 12 14 0 0 0 0 0 0 0 0 0 0 0 0 0 0 0 0 0 0 0 3 1 1 7 0 0 0 0 0 1 0 0 0 0 0 0 0 0 0 2 0 0 0 0 0 0 0 0 0 0 0 7 0 1 8 7 11 9 37 0 43 25 2 27 29 0 10 12 0 23 20 0 13 0 0 0 0 1 0 0 0 0 0 0 0 71 12 0 0 0 0 42 0 0 0 0 0 0 0 0 0 7 0 0 0 0 0 0 0 4 0 10 0 0 0 1 0 0 0 0 0 0 0 0 0 0 0 6 0 0 73 3 0 0 2 0 0 0 0 0 0 0 0 0 0 0 0 0 0 0 0 0 15 0 21 0 0 0 17 0 0 0 0 
 3 0 0 2 0 0 0 0 4 1 2 75 0 0 0 0 0 2 0 0 51 273 316 363 161 292 33 29 54 414 129 306 112 22 415 74 0 357 48 44 0 0 0 2 5 0 0 0 0 1 208 2 137 0 0 0 4 3 3 0 2 3 2 0 0 1 0 2 2 2 0 0 0 0 0 0 3 0 0 0 0 0 0 0 0 9 0 0 0 1 1 0 0 0 0 0 0 0 0 0 49 11 1 32 12 1 0 2 0 21 24 49 0 0 0 42 27 0 10 1 10 7 2 0 0 0 0 0 0 0 0 0 12 0 0 0 0 0 14 1 0 0 0 0 0 0 0 0 0 0 0 0 2 0 0 0 0 0 0 0 0 0 2 0 0 2 0 0 0 0 0 0 0 0 0 0 0 0 0 0 8 0 14 31 6 0 0 0 1 26 29 30 0 13 8 15 2 0 1 0 0 0 0 1 0 0 10 0 1 0 10 0 6 0 0 0 0 0 0 33 0 0 0 0 0 0 0 0 0 0 0 1 0 0 0 0 0 0 0 0 0 0 0 0 0 1 0 0 0 0 0 0 0 0 11 0 3 40 1 2 3 13 0 0 0 0 8 0 0 0 0 0 0 0 0 1 0 0 0 0 0 0 0 0 0 0 0 0 0 0 
 0 0 0 0 0 0 0 0 0 0 0 0 71 0 0 2 0 0 0 2 382 58 118 475 383 52 107 68 113 99 181 337 115 374 134 202 357 0 52 190 61 0 0 3 3 0 0 0 4 0 0 0 86 62 0 2 0 61 0 0 9 3 0 0 0 0 0 0 0 0 0 0 0 1 0 0 3 10 0 34 0 0 0 13 0 0 2 0 0 0 0 0 0 0 0 0 0 12 0 0 6 20 20 19 0 19 0 0 8 0 22 0 0 7 40 35 19 20 0 0 11 8 0 0 0 0 10 28 1 0 0 0 12 0 0 20 0 0 11 11 0 0 0 0 0 0 0 0 0 0 0 0 3 2 0 0 0 0 0 0 0 0 0 0 0 0 0 2 0 0 0 0 0 0 0 14 0 0 0 0 0 0 11 0 12 49 0 21 26 11 25 0 0 0 13 0 22 18 0 8 7 0 2 0 0 0 0 10 0 0 0 20 62 23 0 0 9 0 34 25 0 0 0 0 0 0 0 0 0 0 0 0 0 14 0 0 0 0 0 0 0 0 0 0 0 0 0 0 0 0 0 0 0 0 80 0 0 0 5 2 12 6 0 0 0 0 0 0 0 0 0 0 0 0 0 0 0 0 0 16 0 14 0 0 0 13 0 0 0 0 
 0 136 1 75 152 74 0 1 80 114 101 163 0 0 73 2 36 0 0 0 46 74 21 61 58 39 136 59 283 63 20 26 140 163 66 37 48 52 0 59 0 0 0 0 3 0 0 0 0 6 0 0 0 0 0 0 0 0 0 0 2 3 0 0 0 0 0 0 0 0 0 0 47 0 0 0 3 0 0 0 0 0 13 26 19 2 0 19 11 7 38 7 0 0 0 30 6 5 0 0 9 18 0 19 0 0 24 11 0 15 18 0 1 25 20 0 10 0 29 54 0 0 0 0 0 0 0 0 0 0 9 0 0 0 0 0 0 0 0 0 0 0 0 0 0 0 0 0 0 0 0 0 0 0 0 0 11 0 0 0 0 0 9 31 7 21 0 0 11 5 11 19 0 13 0 22 11 9 0 0 9 20 40 0 0 0 0 18 27 15 0 0 10 38 0 0 2 28 32 0 0 0 0 0 0 0 0 0 7 0 0 0 0 0 0 0 0 0 0 0 0 0 0 0 0 0 0 0 0 0 0 0 0 0 0 0 0 0 0 0 0 0 0 0 0 0 0 0 1 74 0 0 14 2 8 0 1 0 1 0 0 0 0 0 0 0 0 0 0 0 0 0 0 0 0 0 0 1 0 0 0 0 0 0 0 0 0 0 0 0 
 0 0 0 107 23 144 0 0 0 1 0 73 0 0 0 2 1 85 0 2 121 141 69 107 66 56 283 146 285 148 141 316 80 313 85 136 44 190 59 0 0 0 0 0 2 0 0 1 0 0 0 0 0 0 3 0 1 0 0 0 9 2 0 0 0 0 0 0 0 0 0 0 0 0 2 0 2 0 0 0 0 0 0 13 7 1 0 0 0 0 38 5 0 0 0 1 0 0 0 0 9 0 21 9 2 0 21 0 12 0 1 15 36 0 26 12 6 53 0 10 0 0 0 0 0 0 0 0 0 0 0 0 16 0 0 0 16 0 0 0 0 0 0 0 0 0 0 0 0 0 0 0 0 0 0 13 0 0 0 0 0 0 0 0 21 0 15 0 0 6 1 1 0 0 0 1 0 0 3 0 1 38 9 13 10 6 18 12 8 64 0 0 33 0 22 0 6 13 15 11 0 0 0 0 0 0 0 0 0 0 0 0 10 0 0 0 0 0 0 12 0 0 0 0 0 0 0 0 0 0 0 0 0 0 0 0 0 0 0 0 0 0 0 0 0 0 33 0 0 0 0 0 0 0 17 2 2 1 0 0 12 1 0 0 0 0 0 0 0 0 0 0 0 0 0 0 0 0 0 0 0 0 0 0 0 0 0 0 0 0 
 0 64 0 0 0 0 5 6 0 0 0 0 51 2 0 0 0 0 6 4 0 0 1 0 4 0 0 0 0 0 0 2 0 0 0 0 0 61 0 0 0 186 173 266 107 128 149 182 68 66 43 28 269 55 179 80 159 35 354 64 0 2 0 23 48 2 0 2 0 0 0 2 0 1 0 0 1 0 3 0 1 0 2 0 0 0 0 0 3 0 0 0 2 0 4 6 0 0 0 0 0 0 0 0 0 0 0 0 0 0 0 0 0 0 0 30 0 0 0 0 0 25 18 10 0 34 19 12 56 14 20 0 10 20 23 1 21 6 0 0 0 26 0 0 0 0 1 0 0 0 0 0 0 0 0 0 0 0 0 0 0 0 10 0 0 0 0 0 9 0 0 0 4 2 0 0 0 0 6 0 0 0 0 0 0 0 0 0 0 0 0 0 0 0 0 2 0 0 0 0 24 0 18 15 10 0 10 9 10 0 0 30 0 0 23 10 23 0 0 0 0 1 0 0 0 0 8 0 0 0 0 0 40 0 10 0 0 11 0 10 0 0 0 0 0 0 0 0 0 32 0 8 0 1 0 0 0 0 1 11 0 0 65 0 2 7 2 0 0 0 0 0 0 0 0 0 0 0 0 0 0 0 0 0 21 0 0 3 0 0 
 0 0 0 0 0 0 0 0 0 0 0 0 0 0 0 2 0 0 0 0 0 4 0 0 0 0 0 0 0 0 0 0 0 0 0 0 0 0 0 0 186 0 150 71 171 294 94 484 182 142 463 97 266 119 111 273 147 382 42 42 0 0 5 0 0 0 6 0 0 2 0 0 0 1 0 1 0 0 55 0 0 0 0 0 0 0 0 0 0 0 0 0 0 0 0 0 0 0 0 0 0 0 0 0 0 0 0 0 0 0 0 0 8 0 0 0 0 0 0 0 0 0 3 2 13 34 8 0 15 10 8 35 36 0 9 0 19 20 0 0 0 0 0 0 0 0 20 0 17 0 11 0 8 19 0 0 0 0 6 13 0 0 0 0 0 0 0 0 0 0 0 0 0 0 0 0 5 7 0 0 0 0 0 0 0 0 0 0 0 0 0 0 0 0 0 0 0 0 0 0 0 11 41 54 13 10 0 0 0 24 11 26 1 0 4 39 43 39 0 0 0 9 0 0 0 0 33 0 0 0 5 0 30 0 0 0 0 0 20 30 0 0 17 0 0 0 0 0 0 0 0 10 0 0 0 0 0 0 0 0 0 0 1 0 0 67 2 0 0 0 0 0 0 0 0 0 0 0 0 0 0 0 0 0 1 5 0 11 1 0 
 0 0 0 0 0 0 3 6 1 0 0 1 0 4 3 2 1 1 77 2 1 0 0 0 0 63 0 0 0 0 0 71 1 0 1 0 0 0 0 0 173 150 0 138 139 247 422 142 151 249 50 23 77 77 250 318 56 124 331 112 0 4 0 0 0 0 0 0 0 0 3 0 0 2 52 33 0 0 53 6 0 0 0 0 0 0 0 0 1 1 0 0 2 0 19 0 0 0 0 0 0 0 0 1 0 0 0 0 0 0 0 0 0 0 0 0 0 0 0 0 3 21 31 0 0 19 1 8 10 41 2 0 16 8 17 9 40 22 0 1 0 1 0 0 0 0 0 0 0 0 5 1 0 0 0 0 0 0 0 0 0 0 10 29 0 0 0 0 0 0 0 0 26 2 0 0 0 0 2 0 0 0 0 0 5 0 0 0 0 0 10 0 0 0 0 1 0 0 0 0 11 24 0 26 0 0 6 11 0 14 0 0 0 0 13 1 26 0 0 4 0 0 0 0 0 0 13 0 0 0 0 0 0 0 0 0 0 4 14 0 0 0 0 0 0 0 0 0 0 0 0 8 0 1 0 0 0 0 0 7 0 0 1 0 0 10 0 0 0 0 0 0 0 0 0 0 0 0 0 0 0 1 0 0 0 0 0 0 1 0 
 2 0 0 0 0 0 0 0 4 0 0 0 0 0 6 2 0 5 0 35 0 4 4 4 13 64 0 0 1 0 0 0 62 0 0 16 2 3 0 0 266 71 138 0 140 42 117 101 177 104 121 268 69 129 338 459 136 255 197 242 0 1 2 111 1 7 0 4 4 4 2 0 0 2 0 2 0 0 0 2 0 0 0 0 0 0 0 0 0 0 0 0 0 0 0 0 10 0 0 0 0 0 0 0 0 5 0 0 0 0 0 0 0 0 0 6 0 0 0 0 0 18 24 1 0 21 22 11 11 30 18 0 0 17 0 10 16 42 0 7 0 6 0 0 0 0 10 0 0 0 0 0 0 0 0 0 1 0 0 0 0 0 0 3 0 0 0 0 0 0 0 0 0 0 0 0 0 0 0 0 0 0 0 3 0 3 0 8 0 0 7 0 0 0 0 1 0 0 5 0 35 11 23 10 0 12 36 12 0 0 0 22 10 1 0 0 17 10 5 0 0 0 0 0 0 0 10 11 0 0 0 0 10 14 22 0 0 0 0 12 0 0 5 0 0 0 0 0 0 0 0 18 0 0 2 0 0 0 0 5 0 0 2 0 2 11 0 0 1 0 0 0 0 0 0 0 0 0 0 0 0 3 0 0 33 0 0 10 1 0 
 0 0 0 0 0 0 3 0 0 0 0 0 0 0 3 2 0 2 1 0 2 2 3 2 2 2 3 2 2 3 3 3 3 3 3 3 5 3 3 2 107 171 139 140 0 133 51 88 57 144 436 202 497 89 128 167 542 189 74 103 0 7 2 0 0 0 53 0 0 0 0 0 52 0 2 6 7 6 22 5 0 0 0 0 0 0 0 0 0 0 0 0 0 0 0 0 0 0 0 0 0 0 0 0 0 0 0 0 0 0 0 0 0 0 0 0 0 0 0 0 0 10 29 12 0 36 0 0 10 91 7 34 0 9 14 0 15 21 0 0 5 0 0 0 13 0 10 0 0 5 38 13 2 3 0 14 0 7 55 11 0 0 0 0 0 0 0 0 0 0 0 0 0 0 0 0 9 0 0 0 0 0 0 0 0 0 0 0 0 0 0 0 0 0 0 0 8 0 0 0 1 18 24 27 11 24 0 0 0 17 0 11 0 0 12 10 51 26 0 0 0 13 3 3 0 1 131 0 0 4 32 8 12 0 0 0 0 2 0 15 0 0 0 0 0 0 0 0 0 0 0 20 0 0 0 0 0 0 0 1 0 0 2 1 3 2 2 0 0 0 0 0 0 0 0 0 0 0 0 0 0 0 0 0 1 0 0 10 2 0 
 0 0 0 0 0 0 0 0 0 0 0 0 0 0 0 2 0 6 0 0 0 0 0 10 0 0 0 0 0 0 0 0 9 64 0 0 0 0 0 0 128 294 247 42 133 0 81 71 34 71 164 113 51 52 48 144 324 121 60 55 56 2 21 0 0 0 3 0 24 0 0 1 50 0 87 15 51 56 49 23 0 0 0 0 0 0 0 0 0 0 0 0 0 0 0 0 0 0 0 0 0 0 0 0 0 0 0 0 0 0 0 0 0 0 29 0 0 0 0 0 4 5 0 0 15 10 5 0 0 7 7 19 0 5 0 0 11 30 0 15 0 0 11 0 0 0 30 2 7 0 0 0 0 0 0 10 0 4 0 0 0 13 0 0 0 0 0 0 3 0 0 0 0 0 0 0 0 0 0 0 0 0 0 10 0 0 0 0 0 0 0 0 0 0 0 0 0 0 0 0 0 0 26 5 6 45 5 1 2 0 0 11 0 0 1 3 9 15 0 0 11 7 15 0 0 0 40 11 9 0 0 0 16 0 8 19 14 0 50 36 0 0 3 0 0 0 0 0 0 0 0 7 0 0 0 0 0 0 0 0 0 0 0 1 0 5 2 70 0 0 0 0 0 0 0 0 0 0 0 0 0 0 0 0 1 0 0 10 1 0 
 0 0 0 0 0 0 3 0 0 0 0 0 84 0 0 0 0 0 0 35 0 2 3 5 65 0 0 0 0 0 0 22 0 0 0 1 0 0 0 0 149 94 422 117 51 81 0 213 132 103 41 48 99 126 196 389 108 256 256 142 0 1 0 51 0 2 0 0 0 0 4 0 0 0 0 0 7 0 0 2 0 0 0 0 0 0 0 0 0 0 11 0 0 0 0 0 0 0 0 0 0 0 0 0 0 19 0 0 0 1 0 0 0 0 0 5 0 0 0 0 26 1 0 21 0 12 23 4 0 0 6 0 79 23 9 18 0 15 2 31 0 7 0 0 0 0 0 0 0 0 0 0 0 0 0 0 2 0 0 0 0 0 0 18 0 0 8 0 0 0 0 0 0 0 0 0 0 0 0 0 0 0 0 6 10 0 0 2 0 0 2 5 0 0 0 0 0 0 0 0 26 10 19 0 21 0 31 15 0 10 2 6 9 21 21 20 8 0 5 12 0 0 0 0 0 0 0 0 0 0 0 0 0 0 0 0 0 1 0 0 0 0 9 0 0 0 0 0 0 0 0 15 0 0 0 0 0 2 1 0 0 0 1 0 0 2 0 0 0 0 0 0 0 0 3 0 0 0 0 0 0 0 0 0 21 2 0 0 2 0 
 0 0 0 0 0 0 0 0 0 0 0 0 0 0 0 2 0 0 0 0 0 0 3 0 63 0 1 0 0 207 0 67 0 0 0 0 0 0 0 1 182 484 142 101 88 71 213 0 130 156 102 39 128 75 85 134 283 186 141 303 0 2 0 0 0 14 1 0 0 0 0 1 12 0 0 0 3 0 5 0 0 0 0 0 0 0 0 0 0 0 0 0 0 0 0 0 0 0 0 0 0 0 0 0 0 16 0 0 0 0 0 13 0 0 0 0 0 0 0 0 10 0 19 39 1 26 31 0 34 20 11 14 10 0 12 0 2 9 20 0 0 0 0 0 0 0 11 13 0 0 0 0 0 0 3 0 0 0 0 9 0 0 0 2 0 0 2 0 0 0 0 0 0 0 0 0 0 0 0 0 0 0 0 0 0 0 0 0 0 0 0 0 0 0 0 0 0 0 0 0 0 2 10 8 20 24 0 44 0 3 15 34 0 10 31 19 27 19 8 0 7 0 0 0 0 0 17 20 4 0 0 0 50 2 37 0 0 0 19 37 0 0 0 0 0 0 0 0 0 2 0 7 0 0 0 0 1 0 0 0 0 0 63 0 1 2 1 0 0 0 0 0 0 0 0 0 0 0 0 0 0 0 6 0 7 25 0 32 2 0 
 3 0 0 0 0 2 3 0 2 0 0 0 0 0 4 3 0 2 0 0 0 9 3 0 8 1 0 1 1 1 0 1 0 0 6 46 0 4 0 0 68 182 151 177 57 34 132 130 0 206 100 26 112 223 164 42 115 64 173 72 0 2 0 24 0 4 0 0 2 0 0 0 0 1 0 0 0 1 19 0 0 0 0 0 0 0 0 0 0 0 0 0 0 0 0 0 0 0 0 0 0 0 0 0 0 7 0 1 0 0 21 1 5 0 3 1 0 8 0 0 8 7 24 49 0 8 21 1 27 1 16 0 37 67 24 0 7 1 1 15 0 3 0 0 0 0 0 0 0 0 0 0 7 4 0 0 0 0 0 18 0 0 0 0 0 0 0 0 0 0 0 0 0 0 0 0 12 0 0 0 7 0 0 0 12 4 0 7 0 1 6 0 0 0 0 0 0 0 0 0 17 0 27 0 28 0 15 0 11 64 0 10 4 5 17 24 0 5 13 11 0 9 0 0 0 0 0 0 0 0 0 0 9 0 16 0 0 0 0 9 0 0 1 0 0 0 0 0 0 0 0 0 0 0 0 0 0 0 1 2 0 0 64 1 0 2 2 0 0 0 1 0 0 0 0 0 0 7 0 0 0 2 0 0 5 13 0 0 2 0 
 3 3 3 3 3 3 3 3 3 3 6 3 3 3 8 3 3 3 3 3 0 0 1 0 0 0 7 0 0 0 0 0 4 0 0 0 1 0 6 0 66 142 249 104 144 71 103 156 206 0 76 107 468 236 154 88 115 108 181 83 0 2 0 1 0 7 0 0 0 0 0 0 0 1 0 50 0 0 8 0 0 0 0 0 0 5 0 0 0 0 0 0 0 0 0 0 0 0 0 0 6 0 0 4 0 0 1 0 1 2 0 15 0 7 0 0 7 0 5 0 7 6 29 36 0 4 7 0 15 13 0 10 32 28 51 0 1 1 0 30 0 0 0 0 0 0 0 0 0 0 0 0 13 24 0 0 0 0 0 16 0 0 0 0 0 0 0 0 0 0 0 0 0 0 0 0 12 6 0 0 0 1 2 0 10 0 0 0 3 0 0 0 8 2 0 0 6 6 0 0 9 0 12 25 29 1 0 0 0 41 0 0 0 0 20 16 1 12 0 10 0 11 0 0 0 0 6 0 0 0 0 8 28 0 0 0 0 0 8 20 0 0 0 0 0 0 0 0 0 0 0 13 0 2 0 0 0 1 0 8 0 1 64 0 3 2 2 0 1 0 0 0 0 0 0 0 0 0 0 0 0 0 0 0 0 0 0 0 2 0 
 0 0 0 0 0 0 0 0 0 0 0 0 0 0 3 0 0 3 1 0 4 0 0 0 0 0 0 0 0 5 0 0 0 0 1 0 208 0 0 0 43 463 50 121 436 164 41 102 100 76 0 154 41 95 74 102 311 163 46 287 50 2 3 0 0 0 59 49 1 0 0 0 63 3 0 1 0 0 0 1 0 0 0 0 0 0 0 0 0 0 0 0 8 0 0 0 0 0 0 0 6 2 0 2 0 0 0 0 1 4 0 5 0 0 0 0 0 1 5 2 0 0 0 9 15 14 0 0 0 1 1 13 0 0 0 0 10 4 0 0 0 1 1 4 0 0 18 0 10 0 0 0 10 9 0 4 0 0 10 7 0 0 0 0 0 0 0 0 0 0 0 0 0 0 0 0 5 0 0 0 0 0 2 0 5 1 0 0 0 0 0 0 0 25 0 0 0 0 0 0 0 0 30 16 30 9 0 0 14 18 27 6 0 0 0 6 14 33 0 0 0 13 0 0 0 0 9 11 0 0 0 0 1 12 8 0 13 0 0 23 0 0 7 0 0 0 0 0 0 0 0 3 0 0 0 0 0 0 0 2 0 17 0 2 1 3 0 1 0 0 0 17 0 0 0 0 0 0 0 0 0 0 0 0 0 0 0 1 2 0 
 0 0 0 0 0 0 0 0 2 0 0 0 0 0 1 0 0 0 0 0 0 0 0 0 1 0 0 0 0 0 2 0 0 0 2 0 2 0 0 0 28 97 23 268 202 113 48 39 26 107 154 0 25 72 45 40 108 85 21 64 104 2 3 0 0 0 0 50 1 0 8 0 105 1 0 0 0 2 51 13 0 0 0 0 0 0 0 0 0 0 0 0 15 0 0 0 0 0 0 0 0 0 0 0 0 0 0 0 0 0 0 0 0 0 0 0 0 0 1 0 0 0 13 7 38 0 0 0 15 0 9 16 0 9 26 0 7 0 0 0 8 8 16 13 1 17 10 6 7 0 0 0 8 48 14 0 0 16 8 41 0 22 16 0 0 0 0 0 0 0 0 0 0 0 0 0 0 0 0 0 0 0 0 0 0 0 0 0 0 0 0 0 0 0 0 0 0 0 0 0 0 0 15 2 45 0 0 0 9 19 13 0 0 0 0 15 0 6 0 0 0 0 19 0 0 0 0 25 8 12 0 0 1 16 32 7 36 0 2 20 0 0 0 0 0 0 0 0 0 0 0 57 0 0 0 0 0 0 0 15 0 0 0 0 1 4 5 1 0 0 0 0 0 0 0 0 0 0 0 0 0 0 0 0 0 0 0 0 1 0 
 2 0 0 0 0 2 0 0 4 0 0 0 0 0 0 0 0 62 0 1 0 11 62 274 29 0 0 0 5 135 14 1 0 1 0 0 137 86 0 0 269 266 77 69 497 51 99 128 112 468 41 25 0 184 35 241 36 52 101 433 0 0 0 0 0 0 0 0 0 31 0 0 0 2 0 0 4 0 0 0 0 0 0 0 0 10 0 0 0 0 0 0 0 0 0 0 0 0 0 4 0 0 0 9 20 15 0 0 1 1 8 12 0 0 0 0 28 0 0 0 11 9 12 0 0 0 24 23 16 0 0 0 1 0 1 29 0 0 17 52 0 0 0 0 0 0 0 0 0 0 0 0 4 2 0 0 0 0 0 0 12 0 0 0 0 0 0 0 0 0 0 0 0 0 0 0 0 0 1 0 0 0 0 1 6 47 0 0 0 3 16 0 0 0 0 0 0 0 0 0 19 0 0 0 0 0 0 25 23 0 0 6 27 44 0 19 0 0 20 3 0 0 0 0 0 0 0 0 0 0 0 0 0 0 0 0 0 1 0 0 0 0 0 0 0 0 0 0 0 0 0 7 0 2 0 0 0 0 63 0 1 6 0 0 2 1 2 0 0 0 0 0 0 0 0 0 0 0 0 32 0 0 0 0 0 0 0 0 0 0 
 0 0 0 0 0 0 0 6 0 0 0 0 0 0 0 2 0 2 1 0 0 0 0 29 0 1 0 0 0 0 0 62 0 0 0 5 0 62 0 0 55 119 77 129 89 52 126 75 223 236 95 72 184 0 172 30 240 43 355 310 0 0 2 0 0 0 0 3 6 9 0 2 2 1 0 4 0 0 1 6 0 0 0 0 0 0 0 0 0 0 0 6 0 0 0 0 8 0 0 1 0 0 0 0 0 19 0 0 0 0 13 0 0 0 0 0 0 0 0 0 22 16 30 22 0 22 20 0 24 14 6 15 0 51 10 3 16 10 13 33 7 0 0 0 0 0 0 0 0 3 9 7 15 46 0 4 0 8 0 9 0 0 0 0 0 0 0 0 0 0 0 0 0 0 0 0 0 0 0 0 0 0 0 0 0 22 0 0 0 0 0 0 0 0 0 0 0 0 0 0 6 35 10 35 9 0 2 17 27 26 0 0 0 0 1 22 20 11 0 0 0 0 15 0 0 5 0 0 0 2 4 3 0 0 12 0 7 0 39 0 0 0 0 0 0 0 0 0 0 0 0 4 0 1 0 0 0 0 1 0 0 18 0 0 0 2 7 0 2 0 9 0 0 0 0 4 0 0 0 0 0 0 0 0 2 0 0 0 0 0 
 2 0 0 0 0 0 0 62 4 0 0 0 0 0 0 0 0 11 0 2 0 0 0 0 53 64 64 0 0 1 1 117 0 5 0 0 0 0 0 3 179 111 250 338 128 48 196 85 164 154 74 45 35 172 0 397 111 117 271 314 1 0 0 3 0 4 0 2 0 0 1 0 1 2 4 0 0 7 4 0 0 0 0 0 0 0 0 0 0 0 0 0 0 0 0 0 0 0 0 0 0 0 0 0 16 11 0 0 0 0 0 0 0 0 0 0 0 0 0 0 8 17 20 0 0 0 28 39 19 21 4 0 10 27 26 9 11 20 9 1 0 0 0 0 0 0 0 0 0 0 0 0 0 0 0 0 0 0 0 0 0 0 0 2 0 0 0 0 0 0 0 0 0 0 0 0 0 0 8 0 0 0 0 0 7 11 18 0 0 0 0 0 0 0 0 0 0 0 0 0 10 11 2 0 4 0 7 22 28 0 0 0 0 9 0 12 0 15 0 7 0 0 0 0 0 0 0 0 0 0 0 0 0 0 0 0 0 4 0 0 0 0 0 0 0 0 0 0 2 0 0 16 0 0 0 0 0 0 0 5 0 0 2 0 0 10 0 0 0 0 41 0 0 21 0 0 0 0 0 0 0 0 0 0 0 13 0 0 2 0 
 6 0 0 0 0 0 0 0 0 0 0 3 0 0 3 0 0 7 0 0 0 0 0 0 65 25 0 0 0 0 0 0 0 0 0 0 0 2 0 0 80 273 318 459 167 144 389 134 42 88 102 40 241 30 397 0 583 344 134 519 0 1 1 7 6 0 0 0 0 13 4 5 0 1 0 7 0 1 206 0 0 0 0 0 0 0 0 0 0 0 0 0 0 0 0 0 0 0 0 0 0 0 0 0 0 0 0 2 0 0 0 0 1 0 0 0 0 0 0 0 0 13 0 0 0 24 16 41 0 31 11 0 0 4 0 4 28 24 0 0 0 4 5 0 9 2 0 0 48 0 0 0 0 0 0 0 0 0 11 0 0 0 0 11 0 0 5 0 0 0 0 0 0 0 0 0 0 0 0 0 0 0 0 0 0 0 0 0 0 0 0 10 0 0 0 0 0 0 0 0 1 19 62 15 0 0 12 54 10 12 9 32 0 22 28 0 11 36 0 0 0 6 0 0 8 0 5 0 0 0 0 0 11 0 0 37 0 0 0 0 0 0 16 0 0 0 0 0 0 0 0 5 2 0 0 0 0 0 0 24 0 0 0 0 1 10 2 1 2 0 0 0 0 0 0 0 0 0 0 0 0 0 0 0 13 13 0 15 2 0 
 0 0 0 0 0 0 2 0 0 0 0 0 0 0 3 2 0 0 0 1 1 1 0 1 64 1 0 1 1 0 0 0 0 0 0 0 4 0 0 1 159 147 56 136 542 324 108 283 115 115 311 108 36 240 111 583 0 123 36 126 0 1 1 1 0 0 4 0 0 0 6 15 4 1 0 0 0 0 0 0 0 0 0 0 0 0 0 0 0 0 0 0 0 0 0 0 0 0 0 0 0 0 0 0 0 0 0 0 0 0 0 0 0 0 0 0 0 0 0 0 13 0 25 7 13 41 0 12 10 8 17 5 0 6 9 0 28 44 0 0 0 7 0 0 0 0 14 5 6 0 0 0 13 11 0 7 0 0 1 14 0 0 0 0 0 0 0 0 0 0 0 0 0 0 0 0 0 0 0 0 0 0 0 0 0 0 0 0 0 0 0 0 0 0 0 0 0 0 0 0 1 0 60 4 14 71 21 0 21 20 28 41 0 11 0 31 21 68 0 0 0 10 0 0 0 0 26 5 1 0 0 0 23 0 17 0 0 5 15 16 0 0 0 0 0 0 0 0 0 0 0 4 0 0 0 0 0 0 0 9 0 0 1 0 1 0 4 61 2 0 0 0 0 0 0 0 0 0 0 0 0 0 7 0 6 0 0 9 1 0 
 0 0 0 0 0 1 0 0 0 0 51 0 51 0 0 0 0 0 0 0 5 0 0 0 0 59 0 2 6 14 7 0 0 0 0 0 3 61 0 0 35 382 124 255 189 121 256 186 64 108 163 85 52 43 117 344 123 0 301 27 0 0 12 0 0 0 51 0 0 25 0 0 0 1 0 2 0 0 51 0 0 7 0 0 0 0 0 0 0 0 0 0 0 0 0 0 0 0 0 0 0 4 0 0 0 1 0 0 7 0 0 27 0 0 0 10 0 0 0 0 0 11 13 1 4 23 0 9 10 13 0 0 0 0 11 11 14 22 0 0 0 1 0 0 0 0 12 0 0 0 4 0 0 0 0 1 0 0 4 0 0 0 0 6 0 0 3 0 0 2 0 0 0 0 0 0 0 0 0 0 0 0 0 0 9 0 0 0 0 49 0 5 0 0 0 0 0 0 0 0 6 14 0 22 0 10 8 10 0 11 12 16 0 1 19 1 34 23 14 10 0 0 0 0 0 0 18 0 0 0 0 0 1 0 0 0 0 0 12 24 0 0 11 0 0 1 0 0 0 0 0 10 0 0 0 0 0 0 28 12 1 1 7 0 1 11 0 0 0 0 0 0 0 0 0 0 0 0 0 0 0 4 0 0 0 0 0 0 1 0 
 6 1 0 0 0 0 0 0 0 0 0 0 0 0 0 2 0 3 0 0 0 0 0 2 63 66 0 0 0 0 0 63 0 0 0 0 3 0 0 0 354 42 331 197 74 60 256 141 173 181 46 21 101 355 271 134 36 301 0 248 0 1 0 1 0 7 0 2 0 0 0 0 0 2 0 0 8 0 0 0 0 0 0 0 0 0 0 0 0 0 0 0 0 0 0 0 0 0 0 0 0 0 0 0 0 5 0 0 0 0 0 0 0 0 0 0 0 0 0 0 11 45 1 26 0 0 19 24 2 21 0 0 21 9 18 20 17 26 25 10 0 31 0 0 0 0 0 0 0 0 0 0 0 1 0 0 0 0 0 20 0 0 0 4 0 0 0 0 0 0 0 0 0 0 0 0 0 0 0 0 0 0 0 2 11 0 0 1 0 0 1 0 0 0 0 0 0 0 0 0 26 32 17 0 16 0 76 29 2 0 0 10 0 29 11 21 1 8 1 14 0 0 0 0 0 0 0 0 0 0 0 0 0 0 1 0 0 5 0 0 0 0 2 0 0 0 0 0 0 0 0 14 0 0 8 0 0 0 0 21 0 0 3 0 0 5 1 0 0 0 49 0 0 0 0 0 0 0 0 0 0 0 0 0 1 14 0 0 2 0 
 0 0 0 0 0 0 0 0 0 0 0 0 0 0 0 2 0 0 0 0 2 0 0 0 138 63 0 0 80 0 7 63 0 0 0 0 0 0 0 0 64 42 112 242 103 55 142 303 72 83 287 64 433 310 314 519 126 27 248 0 0 1 0 0 0 0 3 0 0 0 0 0 3 1 0 0 0 3 0 0 0 0 0 0 0 0 0 0 0 0 0 0 0 0 0 0 0 0 0 0 0 0 0 7 21 10 0 0 18 10 0 11 0 0 0 0 0 0 0 0 4 0 27 0 14 4 1 46 24 1 10 32 1 7 10 18 22 6 22 42 0 3 0 0 0 0 0 3 0 0 0 0 2 0 0 0 0 0 0 35 0 0 0 0 0 0 0 0 0 0 0 0 0 0 0 0 0 13 0 0 0 0 0 0 10 8 0 0 0 0 16 8 0 0 0 0 10 0 0 0 20 1 10 4 3 6 53 71 25 0 2 10 0 25 0 19 0 8 0 0 0 0 0 0 0 0 0 13 0 0 0 0 0 0 29 0 0 11 4 0 0 0 0 0 0 0 0 0 0 0 0 4 0 0 0 0 0 0 0 13 0 0 3 0 2 16 0 0 2 0 0 0 0 2 0 0 0 0 0 0 0 0 8 0 6 0 0 0 2 0 
 3 3 3 4 34 3 8 3 3 3 3 3 3 3 3 3 3 3 2 3 7 7 2 8 2 2 6 2 2 42 2 9 2 2 2 3 2 9 2 9 0 0 0 0 0 56 0 0 0 0 50 104 0 0 1 0 0 0 0 0 0 152 100 127 23 124 164 204 165 38 279 29 98 171 180 60 250 31 37 151 0 11 0 0 0 0 0 0 0 0 0 0 0 0 0 0 0 0 0 0 25 0 0 0 0 0 0 0 0 0 0 0 0 0 5 0 3 8 0 0 0 0 0 0 0 0 0 0 0 0 0 0 0 0 0 0 0 0 0 0 27 30 13 49 0 0 1 0 42 23 0 20 0 0 25 18 40 13 10 2 0 0 0 0 0 0 0 0 0 0 0 0 0 0 0 0 0 10 0 0 0 0 44 6 0 0 0 0 7 5 0 0 0 0 75 0 0 14 0 3 0 0 0 0 8 0 0 0 0 0 0 0 0 0 0 0 0 0 0 22 2 0 43 10 8 20 0 4 27 17 12 0 0 63 12 0 10 10 12 0 0 0 0 0 0 0 0 0 0 0 0 0 0 0 9 0 0 0 0 0 0 0 7 0 0 0 0 0 0 0 18 0 5 26 0 0 0 0 0 0 0 0 0 0 0 1 0 8 0 0 
