 0 92 90 69 335 30 282 284 164 266 43 31 263 268 518 440 179 162 223 85 0 0 0 3 3 0 0 4 3 0 0 0 0 0 3 0 4 2 0 0 0 0 20 0 2 0 0 17 0 0 63 0 0 0 0 0 1 0 0 0 2 0 0 79 0 2 0 0 0 37 0 0 2 0 0 6 2 0 0 0 7 2 0 10 13 8 3 0 23 3 1 27 8 0 2 20 43 23 11 14 0 0 0 1 15 0 0 0 0 1 0 0 0 0 0 0 0 0 0 0 0 17 0 0 0 0 0 0 20 0 0 0 0 0 0 0 0 0 0 0 0 0 0 2 0 0 0 0 0 0 0 0 0 0 0 0 0 0 0 0 22 1 19 0 15 10 17 9 28 2 43 35 0 26 29 10 13 14 10 17 0 0 0 0 0 2 0 0 0 0 0 0 0 0 0 0 0 0 0 0 0 0 0 0 0 2 0 0 0 0 0 0 0 0 10 0 0 0 0 0 0 1 0 2 0 0 0 0 0 0 0 0 0 0 0 0 0 0 0 0 0 0 0 0 0 0 2 2 0 0 0 7 0 2 0 0 0 0 0 0 0 0 0 0 0 0 0 0 0 1 6 0 0 0 0 10 0 0 0 0 0 0 0 0 0 0 0 0 0 0 
 92 0 500 79 46 141 417 188 239 312 24 175 35 117 359 306 304 43 203 193 0 0 0 3 3 0 0 2 3 0 81 0 2 2 3 3 3 4 76 1 1 0 0 1 2 2 0 0 0 2 0 1 0 0 0 0 4 0 0 0 0 0 0 0 0 5 0 0 1 5 0 0 2 0 1 0 3 0 2 0 0 49 16 46 18 13 16 3 3 0 40 25 25 29 0 27 19 25 23 23 0 1 0 0 0 0 0 0 0 0 0 0 39 0 0 0 0 0 11 11 0 1 0 0 0 0 1 0 0 0 2 0 0 0 0 0 0 0 0 0 5 0 0 9 6 0 0 0 0 0 0 0 0 0 16 0 0 0 0 0 0 20 0 0 8 36 1 16 21 28 4 0 0 0 0 0 1 23 0 0 0 0 2 0 0 0 15 12 0 0 0 0 15 0 0 0 0 0 15 0 0 0 0 0 1 0 0 0 0 2 0 0 0 0 13 0 2 0 0 0 0 0 0 0 0 0 0 0 0 0 0 0 0 0 0 0 0 0 0 0 0 1 0 0 0 0 123 0 3 90 1 0 16 0 0 0 0 0 0 0 0 0 0 0 0 0 0 0 0 0 0 0 0 0 0 0 23 22 0 0 0 0 0 0 0 0 0 0 0 2 
 90 500 0 113 201 190 77 149 423 332 127 215 234 55 269 133 168 482 25 50 0 207 0 5 4 0 75 2 3 0 3 0 0 0 3 2 3 2 74 2 0 0 0 3 2 1 2 4 0 7 0 0 0 1 0 0 1 4 3 0 4 0 0 0 0 4 0 0 0 6 0 0 2 0 0 0 1 0 0 0 22 23 20 28 15 39 15 44 10 12 30 11 0 0 15 22 6 13 0 0 2 2 0 0 0 0 15 0 0 0 0 0 14 0 0 0 0 0 16 48 0 0 0 0 0 0 0 0 0 0 0 0 0 0 0 0 0 2 0 0 10 0 0 2 0 0 0 0 0 0 0 0 0 2 0 0 0 0 0 1 22 61 0 0 14 0 26 15 11 29 0 0 24 6 13 10 7 17 0 0 0 0 0 0 0 0 0 0 2 0 2 0 14 11 2 0 0 0 11 15 15 0 0 25 0 0 0 0 0 0 0 0 0 0 0 0 0 0 0 0 1 0 0 0 0 0 0 0 0 0 0 0 0 0 0 0 0 0 0 0 0 13 0 0 0 0 47 0 2 1 10 0 13 0 0 0 2 0 0 0 0 0 14 0 0 0 0 0 0 0 0 0 0 0 0 0 0 12 0 0 0 0 0 0 0 0 0 0 0 0 
 69 79 113 0 292 116 63 98 96 509 218 329 67 476 64 55 70 127 70 59 25 90 0 3 3 2 0 2 3 0 10 0 72 155 4 1 3 2 146 74 0 0 0 0 2 3 0 0 0 0 0 0 0 0 0 0 2 0 0 0 3 0 0 0 2 2 0 0 0 0 0 4 2 0 0 0 5 0 0 0 0 0 0 2 24 16 0 9 0 25 0 15 0 0 0 0 0 0 0 1 3 12 0 0 0 0 34 27 37 0 0 0 0 28 8 43 18 0 47 55 0 2 0 0 0 0 2 0 0 0 0 0 0 0 0 0 1 0 0 12 0 0 0 0 0 0 0 0 2 0 7 0 0 0 0 13 0 0 0 0 0 0 15 26 1 11 1 0 0 9 0 2 1 0 0 26 18 0 0 0 24 0 0 0 0 0 6 0 0 0 0 0 30 63 11 0 17 0 45 18 14 0 0 0 2 0 0 0 0 0 0 0 0 0 0 0 1 0 0 0 0 0 0 0 0 0 0 0 0 0 0 0 0 0 0 0 0 0 0 0 0 0 0 0 0 2 2 0 1 0 0 2 0 0 0 0 0 0 0 0 0 0 0 0 0 0 0 0 0 0 0 0 0 0 0 0 0 0 0 0 0 0 0 0 0 10 0 0 0 0 
 335 46 201 292 0 266 63 366 295 90 190 398 65 308 83 68 69 79 162 71 74 4 0 3 3 0 151 2 3 0 0 1 1 76 3 1 3 2 223 0 1 0 0 0 2 0 0 0 0 0 0 0 0 0 0 0 2 0 0 4 2 0 0 1 0 2 0 4 33 2 0 4 34 0 0 0 3 0 1 0 0 9 35 19 14 22 0 5 10 41 1 0 0 14 0 13 0 1 0 0 24 1 0 0 0 0 33 12 41 0 0 0 12 31 19 29 1 0 28 28 0 0 0 0 0 0 0 2 0 0 0 0 1 0 1 0 0 0 2 1 0 0 0 0 1 0 0 0 0 0 0 0 0 0 2 0 0 0 0 0 0 14 0 29 10 1 11 12 0 20 0 0 0 2 0 0 13 0 0 0 7 9 0 0 0 0 1 0 0 0 0 0 17 60 0 12 0 0 49 48 13 0 0 16 0 0 1 0 0 0 0 0 0 11 0 0 0 0 0 0 0 0 0 0 0 0 0 0 0 0 0 0 0 0 0 0 0 0 6 0 0 0 0 0 2 0 147 0 3 7 0 4 0 0 0 0 0 0 0 0 0 0 0 0 0 0 0 0 0 0 0 0 0 0 0 0 0 19 0 0 0 0 0 0 0 8 0 0 0 0 
 30 141 190 116 266 0 30 170 364 97 183 136 40 118 53 169 282 136 49 56 1 75 0 3 4 0 19 3 46 0 0 0 38 0 3 0 3 4 59 1 0 0 0 0 2 0 0 0 0 0 0 0 0 0 0 0 1 0 0 0 0 2 0 0 0 2 0 0 49 0 0 0 2 0 0 0 2 0 1 1 0 32 0 23 63 0 0 14 0 14 9 53 0 0 0 1 0 23 0 0 43 12 0 0 22 0 27 0 0 10 0 13 52 26 10 0 0 19 1 23 0 0 0 0 0 0 9 0 0 0 0 0 0 0 0 2 0 0 0 0 4 0 0 15 0 0 0 0 0 0 0 0 0 0 0 0 0 0 0 0 0 0 2 0 0 6 0 0 0 1 0 0 0 0 0 10 15 6 0 0 0 29 0 2 0 0 73 11 3 0 0 0 41 8 0 0 16 0 0 0 12 0 0 0 0 0 0 0 0 0 0 0 0 0 19 0 0 0 0 0 0 0 15 0 0 0 2 0 0 0 0 11 0 0 0 0 0 0 0 0 0 0 0 0 0 5 2 1 0 5 0 0 0 0 0 0 0 0 0 0 0 0 0 0 0 0 0 0 0 0 0 0 0 0 0 22 22 0 0 0 0 0 0 0 0 0 0 0 0 0 
 282 417 77 63 63 30 0 236 164 224 18 223 261 137 136 186 133 116 139 44 0 0 0 3 3 0 2 2 3 0 0 0 2 0 3 0 3 76 2 1 0 0 0 0 2 0 0 0 0 1 0 0 3 0 0 0 7 0 0 0 0 6 0 0 0 2 17 0 0 3 0 0 2 0 0 0 2 0 0 0 8 11 43 23 18 25 13 14 0 0 13 78 0 1 40 0 15 30 9 14 0 0 0 2 0 0 0 0 0 0 0 0 0 1 0 7 0 26 23 0 0 0 0 0 0 0 0 0 0 0 0 0 0 0 0 0 0 0 0 0 0 0 0 0 0 0 0 0 0 0 0 0 0 0 0 2 0 2 0 0 56 14 4 0 14 0 0 0 15 0 44 9 27 6 30 11 9 8 12 0 0 0 0 0 0 0 0 0 0 0 0 0 0 0 0 0 0 0 0 0 0 0 0 0 0 0 0 0 0 0 0 0 0 0 15 0 0 0 0 0 0 0 0 0 0 0 0 0 1 0 0 0 0 0 0 0 0 0 0 0 0 0 0 0 0 2 2 2 0 90 0 2 11 0 0 0 0 0 0 0 0 0 0 0 0 0 0 0 0 0 0 0 0 0 0 0 11 0 0 0 0 0 0 0 8 0 0 0 0 0 
 284 188 149 98 366 170 236 0 254 220 120 226 168 258 146 263 197 140 50 62 0 0 0 6 6 0 2 2 4 2 2 2 0 0 3 0 3 4 78 1 0 0 0 7 3 1 0 5 0 2 0 0 0 0 0 0 0 0 0 0 0 0 0 7 0 2 0 2 0 0 0 0 2 2 0 1 3 0 0 0 8 13 14 49 57 51 11 27 13 10 19 43 0 10 12 36 35 12 0 0 0 0 0 0 0 0 0 0 0 0 0 0 13 6 0 0 0 0 12 23 0 2 0 0 0 0 0 0 0 0 0 2 0 0 0 0 0 0 0 0 10 0 0 2 0 2 0 0 0 1 0 0 0 0 0 0 0 0 0 0 22 35 13 0 16 0 13 31 7 27 15 11 6 27 20 53 18 18 0 1 0 0 0 0 0 0 0 0 0 2 0 0 1 10 0 0 0 0 11 0 15 0 0 24 0 0 0 0 1 0 0 0 0 0 2 0 0 0 0 0 0 0 0 0 0 0 0 0 0 0 0 0 0 0 0 2 2 0 0 0 0 0 0 0 0 1 55 2 0 0 0 5 0 0 0 0 0 0 0 0 0 0 14 0 0 0 0 0 0 0 0 0 0 0 0 1 0 11 0 0 0 0 0 0 0 0 0 0 0 0 
 164 239 423 96 295 364 164 254 0 572 377 284 73 393 346 376 91 96 107 54 0 0 2 5 3 0 0 2 6 1 5 0 0 0 3 0 6 2 137 4 0 0 0 2 2 0 0 38 3 6 0 0 0 0 0 0 0 0 3 0 0 0 0 4 3 2 0 0 0 0 0 0 3 2 1 0 3 0 0 2 25 52 7 31 54 22 1 12 20 10 36 43 0 9 0 35 50 20 0 0 0 19 0 0 19 0 22 0 0 0 0 0 22 28 0 3 0 0 11 17 9 0 0 0 0 0 0 0 0 0 0 0 0 0 0 0 0 0 0 0 10 0 0 6 0 0 0 0 0 0 1 0 0 0 0 0 0 0 0 0 39 11 9 0 7 17 0 24 17 1 17 0 11 15 17 23 23 28 0 0 0 31 0 11 0 0 0 1 0 0 0 1 13 7 0 0 0 2 0 0 14 1 0 0 0 0 0 0 0 0 0 0 0 0 2 0 0 0 0 0 0 0 0 0 0 1 1 0 0 0 0 0 0 0 0 0 0 0 0 0 0 0 0 0 0 2 1 1 3 1 0 0 0 0 0 0 0 0 0 0 0 0 9 0 0 0 0 0 0 0 47 0 0 2 0 20 13 0 0 0 0 0 0 0 0 2 0 0 0 0 
 266 312 332 509 90 97 224 220 572 0 89 309 81 351 522 581 300 275 64 75 0 0 0 3 3 0 2 2 3 1 0 0 75 74 3 0 4 5 2 62 1 2 0 64 2 0 0 3 0 7 0 0 0 0 0 0 4 0 0 0 0 3 0 0 0 3 0 0 0 11 0 0 2 0 0 0 3 0 0 0 9 22 10 50 48 0 0 24 14 21 13 82 0 0 15 12 6 51 14 0 0 2 7 0 0 0 3 17 0 0 0 0 14 10 0 0 0 0 47 0 0 0 0 3 0 0 0 0 0 0 0 0 0 0 0 0 0 0 0 0 1 0 0 1 0 0 0 0 0 0 8 0 0 0 5 0 0 29 0 0 22 30 10 0 8 8 0 0 0 0 5 0 16 23 12 59 31 40 0 0 0 14 0 0 0 0 19 10 0 0 0 0 0 0 0 0 0 0 0 0 0 0 0 0 0 0 0 0 0 0 0 0 0 0 12 0 0 12 0 0 14 0 0 0 0 0 0 0 27 0 0 0 0 0 0 0 0 0 0 0 0 0 6 0 0 2 1 2 11 5 3 7 15 0 0 0 0 0 0 0 0 0 8 0 0 0 0 0 0 0 0 0 0 0 0 13 26 0 0 0 0 0 0 0 0 0 0 0 0 0 
 43 24 127 218 190 183 18 120 377 89 0 54 122 201 151 500 63 225 126 51 149 76 79 4 3 0 1 2 3 0 0 2 75 0 3 30 79 77 76 76 3 0 0 5 2 0 0 9 0 9 0 0 0 0 0 4 1 0 0 0 0 0 0 0 0 7 0 0 0 0 0 0 2 0 0 0 1 0 0 0 12 2 1 14 0 0 0 10 34 13 28 2 0 11 0 72 0 10 0 0 11 0 0 0 0 0 1 46 0 0 0 11 35 0 37 43 18 0 0 18 0 0 10 0 0 0 0 0 0 0 0 0 0 11 0 0 0 0 0 0 0 0 0 0 0 0 0 0 0 0 0 0 0 0 0 0 0 0 0 0 10 11 0 12 7 0 21 11 15 0 1 41 7 14 25 6 27 31 0 0 12 0 0 5 0 0 4 33 12 10 0 2 10 0 0 0 0 1 25 17 0 0 0 13 0 0 0 0 0 0 0 0 0 11 0 0 0 0 0 0 0 0 0 0 0 2 14 0 0 0 0 0 0 0 0 0 0 0 0 0 0 0 0 0 0 1 1 0 1 0 0 0 0 0 0 0 0 0 0 0 0 0 8 0 0 0 0 0 0 0 0 0 0 1 0 0 0 0 0 0 0 0 0 0 0 1 0 0 0 0 
 31 175 215 329 398 136 223 226 284 309 54 0 131 288 255 557 412 111 28 44 77 0 0 6 3 0 77 2 5 1 0 0 0 36 3 0 3 10 189 74 3 2 0 0 2 0 2 0 0 0 0 0 0 5 2 3 0 0 0 0 0 0 0 1 0 2 1 0 0 8 0 0 2 3 0 0 1 1 0 0 0 18 36 27 26 14 0 35 14 30 14 19 0 10 15 12 13 23 0 0 0 16 0 0 0 0 12 16 30 0 0 0 12 34 14 17 0 0 43 11 0 0 0 0 0 0 0 0 0 0 0 0 0 0 0 0 0 0 0 10 7 0 0 20 0 0 0 0 0 0 0 0 0 0 0 0 0 0 0 0 0 34 0 3 15 0 0 1 0 15 0 0 16 15 0 13 1 32 0 0 22 0 0 0 0 0 0 0 0 0 0 0 33 39 0 10 0 0 62 29 0 0 0 0 0 0 0 0 0 0 0 0 12 0 0 0 0 0 0 0 0 0 0 0 0 0 0 0 0 0 0 0 0 0 17 0 0 0 0 0 0 0 0 0 0 2 176 2 0 3 0 4 15 0 0 0 0 0 0 0 0 0 0 0 0 0 0 0 0 0 0 0 0 0 0 5 12 18 0 0 0 0 0 0 0 11 0 0 0 0 
 263 35 234 67 65 40 261 168 73 81 122 131 0 142 291 223 151 81 93 220 0 0 0 3 3 0 0 2 3 0 0 1 0 0 3 0 4 67 0 1 0 0 0 9 2 9 0 0 62 0 0 0 0 0 0 0 1 0 0 0 0 0 0 0 0 2 0 0 0 53 0 0 7 0 0 0 1 0 0 0 10 8 9 11 12 25 10 24 44 38 0 0 0 33 13 0 37 11 2 0 0 0 2 3 0 0 0 0 0 0 0 0 1 0 0 0 0 0 0 0 0 0 0 0 0 0 0 0 0 0 0 2 0 0 0 0 0 1 3 0 0 1 0 0 0 0 0 0 0 0 2 0 0 0 0 1 0 0 0 0 18 27 1 48 1 1 0 22 24 10 30 20 19 15 17 30 14 23 0 0 0 12 0 0 0 0 0 0 0 0 0 0 0 0 0 0 0 0 0 0 0 0 0 0 0 0 0 0 1 0 0 0 0 12 2 0 0 0 0 0 0 75 0 0 0 0 0 15 2 0 0 0 1 0 0 2 2 0 8 0 0 11 0 0 0 3 0 0 2 0 2 0 13 0 2 0 0 0 0 0 0 0 8 0 0 0 0 0 0 0 0 0 0 0 0 0 0 1 0 0 0 0 0 0 0 0 0 0 0 0 
 268 117 55 476 308 118 137 258 393 351 201 288 142 0 208 183 207 66 120 164 0 0 2 3 3 3 1 2 6 0 3 0 33 0 3 0 3 3 0 5 3 2 3 2 2 0 0 2 0 0 0 0 0 0 2 0 0 2 0 0 0 0 0 24 0 2 0 31 0 0 0 0 3 0 0 3 0 0 0 0 0 11 0 9 44 0 16 20 10 9 1 19 0 25 18 16 0 26 0 0 0 0 0 0 0 0 0 1 0 0 0 0 14 9 0 0 0 8 3 0 0 0 0 2 0 1 0 0 0 0 0 0 0 0 0 0 0 0 0 0 0 0 0 0 0 0 0 0 0 0 0 1 0 0 0 0 12 0 0 0 15 0 15 10 0 8 15 19 9 0 13 7 0 0 1 3 0 0 4 24 0 0 0 0 0 0 8 10 0 0 0 0 0 0 0 0 0 0 0 0 0 0 0 1 0 0 0 0 0 0 1 0 0 13 9 0 0 0 0 0 0 0 0 0 0 0 0 0 0 0 0 0 0 0 0 0 0 0 0 0 0 2 0 0 0 4 0 0 5 3 0 0 1 2 0 0 0 0 0 2 0 0 0 0 0 0 0 0 0 0 0 0 0 0 0 17 26 0 0 0 0 0 0 0 0 0 0 0 0 0 
 518 359 269 64 83 53 136 146 346 522 151 255 291 208 0 187 42 61 78 259 0 0 0 5 3 0 0 2 3 0 0 0 0 0 3 2 3 2 7 0 0 0 0 1 2 0 0 0 0 0 0 0 0 0 0 0 1 0 0 0 0 0 0 34 0 2 51 0 0 0 0 0 2 0 0 1 2 0 0 0 5 7 8 10 10 20 12 0 15 20 0 8 13 8 14 24 48 19 35 28 0 0 0 0 0 0 0 0 0 0 2 0 1 1 0 0 0 0 0 0 0 9 0 0 0 0 0 0 0 9 0 0 0 0 0 0 0 0 0 0 0 0 0 0 0 0 0 0 0 0 0 0 0 0 0 0 0 18 0 0 29 21 30 0 1 1 2 17 12 10 44 7 1 6 20 17 2 1 0 1 0 1 0 0 0 0 0 0 0 0 0 1 0 0 0 0 0 0 0 0 0 1 0 0 0 0 0 0 0 0 0 0 0 0 16 11 0 0 0 0 0 0 0 0 0 0 0 0 0 0 0 0 0 0 0 0 0 0 0 0 0 0 0 0 0 0 4 0 5 1 2 2 0 0 0 0 0 0 0 0 1 0 0 0 0 0 0 0 0 0 0 0 0 7 0 1 0 0 0 0 0 0 0 0 0 0 0 0 0 0 
 440 306 133 55 68 169 186 263 376 581 500 557 223 183 187 0 154 309 133 145 0 0 3 3 3 2 1 2 3 0 3 0 0 3 3 2 5 2 2 2 2 0 0 8 2 1 2 14 0 2 0 0 0 0 0 0 3 0 0 0 0 0 0 0 0 2 0 0 1 12 0 0 2 0 1 0 5 0 1 2 16 36 0 81 9 26 1 36 17 11 35 22 21 18 0 38 43 12 0 14 0 0 0 0 0 0 0 0 0 0 0 0 1 0 0 0 0 12 33 0 0 0 0 0 0 0 0 0 0 0 0 0 0 0 0 0 0 0 0 0 0 0 0 0 0 0 0 0 0 0 0 0 0 0 0 0 0 0 0 0 21 31 0 11 21 7 0 11 25 0 2 17 36 13 14 21 8 51 0 0 0 0 13 0 0 0 0 0 0 0 0 0 0 0 0 3 0 0 0 0 0 0 0 0 0 0 0 0 0 0 0 0 0 11 17 0 0 0 0 0 0 0 0 0 0 7 0 0 0 0 0 0 0 0 0 0 0 0 0 0 0 23 0 0 0 0 2 2 1 5 0 7 10 0 0 0 0 0 0 0 0 0 15 0 0 0 0 0 0 0 0 0 0 0 0 5 1 0 0 0 0 0 0 0 0 0 0 0 0 0 
 179 304 168 70 69 282 133 197 91 300 63 412 151 207 42 154 0 163 30 29 0 0 0 3 3 0 0 4 3 2 0 0 0 74 3 1 3 32 137 0 1 0 0 0 2 0 0 0 0 0 0 0 0 0 0 0 2 0 0 0 0 0 0 2 0 2 0 0 0 12 0 0 2 0 1 0 3 0 0 0 0 37 12 28 60 16 0 22 0 35 34 61 0 0 0 0 14 23 0 0 0 1 0 0 0 0 20 0 9 0 0 0 20 25 0 0 0 0 43 32 0 1 0 0 0 0 0 0 0 0 0 0 0 0 0 0 0 0 0 0 10 0 0 5 0 0 0 0 0 0 1 0 0 0 0 0 0 0 0 0 11 15 2 9 16 7 0 0 14 10 0 0 14 8 0 8 15 42 0 0 0 24 0 0 0 0 0 0 0 0 0 0 28 53 0 0 0 0 0 17 13 0 0 0 0 0 0 0 0 0 0 0 0 0 15 0 0 0 0 0 34 0 0 4 0 0 0 0 0 0 0 0 0 0 0 0 0 0 0 0 0 0 0 0 0 0 56 0 0 0 2 4 11 0 0 0 0 0 0 0 0 0 0 0 0 0 0 0 0 0 0 0 0 0 0 17 1 0 0 0 0 0 0 0 0 0 0 0 0 0 
 162 43 482 127 79 136 116 140 96 275 225 111 81 66 61 309 163 0 79 124 72 0 0 40 3 0 78 5 7 1 2 2 2 0 6 4 4 6 151 1 0 3 7 7 2 0 0 24 1 8 3 0 4 2 0 3 3 0 0 0 1 2 8 1 57 4 0 0 0 11 1 0 6 2 1 2 1 0 3 0 23 8 8 42 21 0 0 9 59 45 5 0 0 10 0 5 10 20 0 0 14 0 0 0 0 0 11 7 0 0 0 0 0 2 15 21 0 0 4 14 0 3 0 0 0 0 0 0 0 0 0 0 0 10 0 0 0 0 0 0 0 0 0 0 0 0 0 0 0 0 0 0 0 0 0 12 0 17 0 0 11 14 1 10 26 0 1 10 9 0 0 8 28 33 4 29 5 61 0 0 0 0 0 0 0 0 0 0 0 0 0 0 19 11 0 0 0 0 2 34 13 0 0 0 0 0 0 0 0 0 0 0 0 12 0 0 0 0 0 0 0 0 0 0 0 0 0 0 0 0 0 0 0 0 0 0 0 0 0 0 0 0 0 0 0 2 2 0 5 0 0 1 14 0 0 0 1 0 0 0 0 0 19 0 0 0 7 0 0 0 0 0 0 0 0 0 0 0 0 0 0 0 0 0 0 0 0 0 0 0 
 223 203 25 70 162 49 139 50 107 64 126 28 93 120 78 133 30 79 0 255 0 0 0 90 5 0 3 5 5 0 0 0 0 0 3 2 3 2 4 2 2 0 0 0 2 1 0 0 4 0 0 2 3 0 0 3 5 0 0 0 0 0 0 0 0 2 0 1 0 3 0 0 2 0 2 0 3 0 0 0 2 19 0 0 0 0 25 0 35 18 11 0 23 14 0 10 12 12 52 45 0 1 0 0 22 0 0 0 0 0 0 0 0 0 0 0 0 0 0 0 0 3 0 0 0 0 0 0 0 0 0 0 0 0 0 0 0 0 0 0 0 0 0 0 0 0 2 0 1 0 0 0 0 0 0 0 0 0 0 0 0 3 0 26 0 0 1 54 30 0 18 17 14 0 0 0 0 0 0 0 0 0 2 0 0 0 0 0 0 0 0 0 0 0 0 5 1 0 0 0 0 0 0 0 0 0 0 0 0 0 0 0 0 13 0 0 2 0 0 0 19 0 0 0 0 0 0 0 0 0 0 0 0 4 0 0 0 0 0 0 0 0 0 0 0 1 0 0 1 0 0 6 0 10 0 0 0 0 0 0 0 0 0 0 0 0 0 0 0 0 0 0 0 0 0 0 0 0 0 0 0 0 0 0 0 0 0 0 0 1 
 85 193 50 59 71 56 44 62 54 75 51 44 220 164 259 145 29 124 255 0 0 1 0 3 5 0 0 2 3 0 0 0 0 0 3 0 3 4 0 2 0 0 0 0 2 2 0 2 0 0 0 0 0 0 43 0 0 1 0 0 0 0 0 0 0 2 0 2 0 0 0 0 2 0 0 0 1 0 39 0 10 8 0 1 0 7 17 13 33 11 0 0 25 34 2 31 21 28 13 42 0 0 0 0 0 0 0 0 0 0 12 0 0 0 0 0 0 0 2 0 0 0 0 0 0 0 0 0 0 0 0 0 0 0 0 0 0 0 0 14 0 0 1 0 0 0 0 0 0 0 0 0 0 2 0 0 0 0 0 1 1 2 9 0 0 0 6 16 30 0 9 23 1 22 0 0 0 0 13 10 0 0 0 0 0 0 0 0 2 0 2 0 0 0 1 0 0 0 0 0 2 0 0 0 0 0 0 0 0 0 0 0 0 11 0 0 0 0 0 11 1 0 0 0 0 0 0 0 0 0 0 0 0 0 0 0 0 0 0 0 0 13 0 0 0 0 2 0 0 1 1 3 0 0 0 0 0 0 0 0 0 0 0 0 0 0 0 0 0 0 0 0 0 0 0 0 0 0 0 0 0 0 0 0 0 0 0 0 0 0 
 0 0 0 25 74 1 0 0 0 0 149 77 0 0 0 0 0 72 0 0 0 177 199 243 442 132 211 131 48 106 24 47 85 75 359 123 109 81 67 48 3 0 2 0 0 0 0 0 1 0 0 0 0 0 6 3 63 0 0 0 0 0 6 0 0 4 0 0 2 3 0 3 0 3 0 3 1 0 0 0 0 0 1 0 0 0 0 0 8 37 9 0 0 0 8 0 0 0 0 0 25 0 0 0 10 37 15 8 1 0 0 0 12 1 32 20 3 21 12 1 0 0 0 0 0 0 0 1 0 0 0 0 8 0 0 0 0 0 0 0 6 9 0 0 0 0 0 0 0 0 1 2 0 1 0 0 0 0 0 0 0 0 1 1 8 12 0 0 0 0 0 0 0 0 0 2 0 0 0 1 25 21 9 24 0 26 0 39 0 12 26 13 18 26 23 12 0 8 22 13 13 0 0 0 0 0 0 0 0 0 0 0 1 0 0 0 0 0 14 0 0 0 0 0 0 0 0 0 0 0 0 0 0 0 0 0 0 0 0 0 0 0 0 0 0 0 0 0 0 0 0 0 0 0 5 2 0 0 0 2 0 8 0 0 0 0 0 0 0 0 0 0 0 0 0 0 0 0 0 0 0 0 0 0 0 10 0 0 0 0 
 0 0 207 90 4 75 0 0 0 0 76 0 0 0 0 0 0 0 0 1 177 0 146 179 156 354 205 310 74 189 31 103 113 24 273 118 267 283 101 384 3 0 2 4 0 0 2 0 1 0 0 0 1 3 0 3 1 2 0 0 0 0 16 0 0 3 0 0 2 3 0 3 0 3 0 3 7 0 6 0 0 0 0 0 0 0 0 0 0 0 2 0 3 0 0 0 0 0 2 0 56 27 6 11 0 0 0 35 19 0 0 0 39 0 10 27 27 59 0 0 0 0 0 18 2 0 2 5 0 0 0 0 0 0 0 0 15 0 0 12 0 6 0 0 0 0 0 0 0 0 0 0 0 0 0 31 0 0 0 0 0 0 0 0 7 2 0 0 8 0 0 0 0 0 0 0 0 0 0 0 16 2 18 34 0 59 9 49 8 27 8 28 32 13 10 12 39 15 22 9 0 0 0 0 0 0 0 0 0 0 0 0 0 0 0 0 0 0 0 0 0 0 0 0 0 0 2 0 0 0 0 0 0 0 0 0 0 0 0 0 0 0 0 0 0 1 0 0 0 0 0 0 0 0 9 1 0 0 0 0 0 2 0 0 0 0 0 0 0 0 0 0 0 0 0 0 0 0 0 0 0 0 0 0 0 0 9 0 0 0 
 0 0 0 0 0 0 0 0 2 0 79 0 0 2 0 3 0 0 0 0 199 146 0 140 322 387 56 185 165 135 134 114 508 108 128 286 272 128 121 108 3 0 2 0 0 0 0 0 0 0 0 0 1 0 0 6 1 0 10 61 0 0 29 0 0 3 0 0 2 3 0 3 3 3 0 3 0 0 0 0 2 0 0 0 0 1 0 0 0 0 0 0 2 0 0 0 0 0 0 0 0 11 10 39 5 0 0 15 26 12 7 17 15 30 60 14 13 22 0 0 0 0 0 0 0 0 0 0 0 0 0 0 4 1 0 0 0 0 10 9 0 0 0 0 0 0 0 0 6 2 0 0 0 0 0 0 0 0 0 0 0 2 0 0 0 0 0 0 4 0 0 0 0 0 0 0 0 0 0 0 29 2 37 33 8 28 10 21 45 57 31 15 0 7 34 8 21 17 11 0 11 0 0 1 0 0 0 0 0 0 0 0 14 0 0 0 0 0 10 0 0 0 0 0 0 11 0 0 0 0 0 0 0 0 0 0 31 0 0 0 0 0 0 0 0 0 0 0 0 0 0 0 0 0 7 0 0 153 3 0 2 0 0 0 0 0 9 0 0 0 0 0 0 0 0 0 2 0 0 1 0 12 0 0 0 0 0 0 0 0 
 3 3 5 3 3 3 3 6 5 3 4 6 3 3 5 3 3 40 90 3 243 179 140 0 471 144 158 240 110 154 104 229 63 188 214 339 62 129 72 84 3 1 3 0 0 0 2 0 0 0 0 1 68 0 0 3 54 2 0 1 0 0 5 1 0 3 0 0 2 3 0 3 0 5 0 3 3 0 0 0 0 0 0 0 0 0 0 0 0 0 0 0 0 0 2 0 0 0 0 0 31 1 2 43 42 28 0 18 0 20 8 11 0 4 11 0 13 38 0 0 0 0 0 0 0 0 0 14 2 2 0 0 12 10 12 12 16 0 19 10 0 6 0 0 0 0 0 0 0 0 0 7 0 0 0 0 0 0 1 0 0 0 0 0 11 22 0 0 2 1 0 0 0 0 0 8 0 1 0 0 2 0 32 24 13 25 0 0 20 65 0 0 0 18 1 27 0 0 0 0 14 0 0 0 0 0 11 0 0 1 0 0 0 11 11 0 0 0 9 0 0 0 0 0 0 0 0 0 0 0 0 0 0 0 0 0 0 0 0 0 0 0 0 0 0 0 0 0 0 0 0 0 0 0 12 0 0 78 81 1 10 10 0 0 0 0 1 0 0 0 0 0 0 0 0 0 0 0 0 0 0 9 0 0 0 0 18 0 0 0 
 3 3 4 3 3 4 3 6 3 3 3 3 3 3 3 3 3 3 5 5 442 156 322 471 0 189 48 537 110 167 177 84 80 75 183 229 221 119 76 170 3 0 2 0 3 3 63 3 0 83 3 30 0 0 8 3 3 3 0 0 0 55 3 0 0 5 0 0 2 3 0 5 0 5 0 3 2 1 0 0 0 0 0 0 0 0 0 14 0 0 0 0 0 0 4 0 0 0 0 0 10 0 22 30 9 38 0 0 0 1 16 0 0 44 0 0 1 25 0 0 0 0 0 0 0 0 9 12 30 0 0 0 8 12 0 2 18 0 0 14 0 0 0 0 0 0 0 0 45 0 0 4 0 0 0 0 0 0 0 0 1 0 0 0 0 0 6 0 0 0 7 0 0 0 0 0 0 0 0 0 24 13 15 21 10 66 0 0 47 62 28 16 0 25 41 18 0 8 0 2 17 0 0 0 0 0 0 0 0 0 0 0 12 0 0 12 0 0 17 9 0 0 0 0 0 0 0 0 2 0 0 0 0 0 7 0 0 0 0 0 0 0 0 0 0 75 0 0 0 0 0 0 0 0 0 0 3 78 10 0 12 6 0 0 0 0 1 0 0 0 0 0 0 0 0 0 0 0 0 0 0 0 0 0 0 0 0 0 0 0 
 0 0 0 2 0 0 0 0 0 0 0 0 0 3 0 2 0 0 0 0 132 354 387 144 189 0 245 38 98 48 316 195 257 153 77 167 100 297 41 346 3 0 2 0 0 0 0 0 0 0 0 0 71 0 0 3 2 1 29 62 0 0 23 2 0 3 0 0 2 3 0 3 0 4 0 3 1 0 0 30 2 0 0 0 0 0 0 0 0 0 0 0 0 0 0 4 0 0 0 0 0 18 30 8 15 13 0 0 29 13 0 36 2 0 0 0 0 8 0 0 24 1 0 0 2 0 7 0 8 0 0 0 34 18 13 0 0 16 3 14 0 0 6 0 0 0 0 2 0 2 0 0 0 0 0 0 0 0 0 0 0 0 0 0 0 0 0 0 0 0 0 0 0 0 0 2 0 0 0 11 22 0 25 0 26 8 0 0 10 24 22 12 0 0 30 0 10 37 0 0 20 2 15 1 0 0 24 9 0 0 12 12 22 2 11 0 13 0 13 17 0 9 0 0 0 0 0 0 0 0 0 0 0 0 0 0 0 0 0 0 0 0 0 0 0 0 0 0 0 0 0 0 0 0 12 0 0 1 6 1 7 0 0 0 0 0 7 0 0 0 0 0 0 0 0 0 0 0 0 0 0 0 0 0 0 0 0 0 0 0 
 0 0 75 0 151 19 2 2 0 2 1 77 0 1 0 1 0 78 3 0 211 205 56 158 48 245 0 299 191 96 85 23 414 125 50 41 49 134 49 45 3 0 2 0 0 0 2 0 5 0 0 0 0 0 0 3 64 0 7 0 0 0 0 0 0 3 0 3 2 4 0 3 3 3 0 3 0 0 0 0 0 0 0 0 0 0 0 0 10 10 14 0 0 0 0 0 0 0 0 0 30 14 0 0 0 0 19 0 7 16 0 57 53 40 61 19 7 35 18 16 0 0 9 0 0 0 0 0 0 0 0 0 0 0 0 0 0 0 0 0 0 8 0 0 0 0 0 11 0 0 0 4 0 0 0 0 2 0 0 0 0 0 0 0 51 22 0 0 0 0 0 2 0 0 0 0 0 0 0 0 8 9 15 24 11 0 30 49 4 18 15 26 34 14 0 12 24 0 12 14 1 0 0 0 0 0 0 0 0 0 0 0 0 0 0 0 1 0 0 0 0 0 0 0 0 0 0 0 0 0 2 0 0 0 0 0 0 0 0 0 0 0 0 0 0 0 0 0 0 0 0 1 0 0 7 0 1 0 0 0 4 10 0 0 0 0 0 0 0 0 0 0 0 0 0 0 0 0 0 0 0 21 0 0 0 10 0 0 0 0 
 4 2 2 2 2 3 2 2 2 2 2 2 2 2 2 2 4 5 5 2 131 310 185 240 537 38 299 0 414 233 45 82 216 173 145 42 422 102 34 163 5 0 2 2 0 0 0 0 0 0 0 4 0 0 5 3 63 0 0 0 0 0 6 0 0 7 0 0 2 39 0 3 0 3 0 3 5 0 3 0 0 0 0 0 0 22 0 0 0 2 0 0 0 0 0 0 0 0 0 0 42 11 19 12 0 33 15 26 4 8 3 0 20 19 13 2 28 70 0 0 0 0 0 0 0 0 0 18 0 0 0 0 0 0 0 1 0 0 0 0 0 1 0 0 0 0 0 0 0 0 0 12 2 0 0 0 0 0 0 0 0 0 0 0 21 14 0 0 6 0 0 6 0 0 0 0 0 0 0 0 19 52 14 52 0 45 1 0 0 14 4 20 15 19 24 22 0 19 1 18 0 0 0 0 0 0 0 0 0 0 0 0 0 0 0 0 0 0 0 0 0 0 0 4 0 22 0 0 0 1 0 0 0 0 0 0 0 0 0 0 0 0 0 0 0 0 0 0 0 0 0 0 0 0 4 0 0 75 0 2 0 8 0 0 0 0 0 0 0 0 0 0 0 0 0 0 0 0 0 0 0 9 0 0 1 0 9 0 0 0 
 3 3 3 3 3 46 3 4 6 3 3 5 3 6 3 3 3 7 5 3 48 74 165 110 110 98 191 414 0 172 342 106 181 184 378 55 262 280 56 61 3 0 2 0 21 0 0 0 6 2 0 1 129 0 2 9 2 8 62 63 0 0 1 0 3 3 0 0 2 3 3 3 0 5 0 3 2 0 0 0 1 0 0 0 0 0 0 0 0 0 0 0 0 0 0 0 0 0 0 0 13 34 0 25 20 30 32 0 15 35 8 23 40 26 24 12 13 32 0 32 8 0 0 0 1 0 0 13 17 0 0 0 13 14 0 0 21 0 0 0 0 0 4 0 0 0 3 0 1 0 0 0 0 0 0 0 0 0 0 0 0 0 0 0 15 0 0 0 0 0 0 0 0 0 0 0 0 0 0 0 12 20 22 23 6 0 33 13 17 8 22 29 24 0 0 12 22 63 0 6 0 0 0 0 0 0 0 0 0 0 0 0 0 0 0 0 20 1 2 0 0 0 0 0 0 0 0 0 0 0 0 0 0 0 0 0 0 0 0 0 0 0 0 0 0 1 0 0 0 0 0 0 0 0 3 4 2 0 4 5 7 0 0 2 0 0 0 0 61 0 0 0 0 0 0 0 0 0 0 0 0 17 0 0 0 0 0 0 0 0 
 0 0 0 0 0 0 0 2 1 1 0 1 0 0 0 0 2 1 0 0 106 189 135 154 167 48 96 233 172 0 147 62 204 96 215 98 146 133 64 187 3 6 2 0 0 6 0 0 3 0 0 1 0 0 2 3 0 0 1 0 0 2 21 32 0 9 0 0 2 3 0 5 0 3 0 3 4 0 0 0 0 0 0 0 0 11 0 0 0 0 0 0 0 0 0 0 0 0 0 0 22 16 24 1 0 11 13 17 0 16 0 24 47 7 0 13 32 42 0 11 12 0 0 0 0 0 0 0 0 0 0 0 0 0 0 0 0 2 0 0 0 0 0 0 0 0 0 0 0 0 17 0 0 0 0 0 0 0 0 2 0 0 0 0 0 0 0 0 0 0 0 9 0 0 0 0 0 0 0 0 19 37 24 26 7 32 13 13 32 2 22 40 30 29 15 41 0 25 0 14 0 0 2 0 0 0 16 0 0 1 0 0 0 0 0 0 0 0 23 0 0 0 0 0 0 9 0 0 0 1 0 0 5 0 0 0 0 0 0 0 0 0 0 0 0 0 0 0 0 0 0 0 0 0 0 0 0 21 3 0 0 0 0 0 0 0 0 0 0 0 0 0 0 1 0 0 0 0 0 0 0 11 0 1 1 0 18 0 0 0 
 0 81 3 10 0 0 0 2 5 0 0 0 0 3 0 3 0 2 0 0 24 31 134 104 177 316 85 45 342 147 0 47 288 41 316 179 260 109 23 64 3 1 2 0 0 3 127 0 24 2 0 2 65 0 64 3 2 0 34 1 5 6 0 57 2 41 0 0 2 3 0 3 0 3 0 3 6 0 0 0 0 0 0 0 0 12 0 0 0 0 0 0 0 0 0 0 0 0 0 0 0 18 27 25 1 39 0 0 1 58 36 44 7 23 11 7 0 5 0 23 0 8 0 0 0 0 0 0 8 0 0 0 9 20 15 0 0 0 26 0 0 0 0 0 0 0 0 0 8 0 0 0 0 0 0 0 0 0 0 4 0 0 0 0 0 7 0 0 0 0 0 8 0 0 0 0 0 0 0 0 25 15 13 14 19 0 6 8 23 27 20 41 0 0 0 13 6 23 0 0 0 0 0 0 0 0 8 0 11 25 0 0 1 0 0 0 0 0 0 0 0 0 0 0 0 0 0 0 0 0 0 0 0 0 0 0 0 0 0 0 0 0 0 0 0 0 0 0 0 0 0 0 0 0 6 0 1 127 0 0 2 4 0 0 0 0 3 0 0 0 0 0 0 0 0 0 0 0 0 11 0 10 0 16 0 0 0 0 0 0 
 0 0 0 0 1 0 0 2 0 0 2 0 1 0 0 0 0 2 0 0 47 103 114 229 84 195 23 82 106 62 47 0 37 142 102 193 174 217 50 115 3 0 2 0 0 0 0 25 62 0 0 1 63 18 34 3 1 0 0 1 0 0 4 1 0 4 0 0 17 3 0 3 0 7 0 3 2 0 0 0 0 0 0 0 0 0 0 0 0 0 0 0 0 0 0 1 0 0 0 0 16 9 13 0 41 19 12 0 1 0 0 0 0 0 0 0 2 11 0 0 9 0 10 0 12 0 0 1 1 0 0 1 50 11 16 13 11 0 16 12 1 0 1 0 0 0 0 2 0 0 0 0 0 1 0 0 0 0 22 0 6 0 1 0 0 0 0 0 0 0 0 0 0 0 0 8 0 0 0 0 12 12 38 19 20 28 1 0 23 10 45 27 1 42 30 1 4 63 0 12 33 0 9 0 0 0 1 0 0 8 7 0 2 4 1 0 0 8 15 11 0 0 0 0 2 1 0 0 0 0 0 0 0 0 0 0 0 0 0 0 0 0 0 0 0 0 0 0 0 0 0 0 0 1 6 2 0 4 80 0 5 0 0 0 0 0 0 0 0 0 0 0 0 0 0 0 0 0 0 0 0 0 0 0 0 0 1 0 0 0 
 0 2 0 72 1 38 2 0 0 75 75 0 0 33 0 0 0 2 0 0 85 113 508 63 80 257 414 216 181 204 288 37 0 105 38 36 106 61 65 189 4 2 2 4 0 0 0 1 8 0 0 1 0 1 5 4 1 0 8 0 0 0 0 0 0 5 0 0 2 3 0 3 0 3 51 3 8 0 6 0 0 0 0 0 19 1 0 0 14 0 12 12 0 0 0 0 0 5 0 0 0 1 0 0 0 7 45 17 11 12 0 24 44 23 34 33 12 32 13 2 0 0 19 0 0 0 0 0 0 0 1 0 0 11 0 0 0 0 0 0 0 1 0 0 0 22 0 0 0 0 5 0 0 0 0 14 12 0 0 0 0 0 20 8 0 0 0 0 4 0 10 2 0 2 0 26 0 12 0 0 35 17 15 32 0 0 72 53 3 31 11 19 18 0 0 0 31 4 12 8 0 0 0 0 0 0 1 0 2 0 0 0 0 0 2 0 0 0 0 0 0 0 0 3 0 0 0 0 0 0 0 0 0 0 0 0 0 2 0 0 0 0 0 0 0 0 0 0 66 0 0 0 0 0 5 2 1 1 0 0 3 0 0 0 0 0 0 0 0 0 0 0 0 0 0 1 13 0 0 0 0 13 0 0 0 0 0 0 0 0 
 0 2 0 155 76 0 0 0 0 74 0 36 0 0 0 3 74 0 0 0 75 24 108 188 75 153 125 173 184 96 41 142 105 0 163 392 102 38 76 167 3 1 2 0 0 0 0 0 0 0 0 2 4 0 0 3 0 0 0 1 0 0 4 0 0 7 0 0 2 53 0 3 0 4 0 3 3 0 0 0 0 0 10 0 15 0 0 0 0 20 0 0 0 0 0 0 0 0 0 0 2 25 0 21 24 13 41 15 31 0 0 15 0 14 0 0 8 0 32 27 5 0 0 0 0 0 0 0 0 0 0 0 13 0 0 0 0 0 0 10 0 0 0 0 0 0 0 0 0 0 3 4 0 0 0 2 0 0 0 0 0 0 12 2 22 0 0 0 0 0 0 0 0 0 0 37 0 0 0 0 0 20 42 23 18 17 11 0 0 12 58 32 0 43 25 16 46 25 41 56 16 0 0 0 0 0 10 0 0 0 0 0 2 0 0 0 0 0 5 0 0 0 0 0 0 17 0 0 0 0 0 0 0 0 0 0 0 0 0 0 0 0 0 0 0 0 75 0 0 0 0 0 0 0 3 0 3 0 0 2 9 0 0 0 0 0 0 0 0 0 0 0 0 0 0 0 0 0 0 0 0 0 0 0 21 0 0 0 0 0 
 3 3 3 4 3 3 3 3 3 3 3 3 3 3 3 3 3 6 3 3 359 273 128 214 183 77 50 145 378 215 316 102 38 163 0 160 46 109 148 170 3 0 207 0 0 0 0 0 0 0 0 1 0 0 0 3 68 0 3 0 0 0 4 0 0 3 0 0 2 3 0 3 0 3 0 5 2 0 0 0 0 0 0 0 0 18 0 0 0 0 0 0 0 0 0 0 0 0 0 0 21 10 14 8 0 0 0 19 0 10 0 15 7 15 26 0 1 32 0 0 0 0 0 0 0 7 0 0 0 0 0 0 1 0 0 0 0 0 0 7 0 6 0 0 0 0 0 0 0 0 1 8 0 0 0 0 0 0 0 0 0 0 0 0 11 19 0 0 2 0 0 3 0 0 0 1 0 0 0 0 13 19 29 32 0 21 1 9 8 59 0 1 0 18 7 15 15 27 0 0 14 0 0 0 0 0 8 0 0 3 0 0 0 0 0 0 0 0 8 0 0 0 0 0 0 0 0 0 0 0 0 0 0 0 0 0 0 0 0 0 0 0 0 0 0 0 0 0 0 0 0 0 0 0 3 3 4 4 1 0 4 8 0 0 0 0 1 0 0 0 0 0 0 0 0 0 0 0 0 0 0 10 0 0 0 0 18 0 0 0 
 0 3 2 1 1 0 0 0 0 0 30 0 0 0 2 2 1 4 2 0 123 118 286 339 229 167 41 42 55 98 179 193 36 392 160 0 134 275 64 82 3 6 5 0 0 3 0 0 0 0 0 2 1 0 0 3 2 0 1 1 0 1 2 0 0 9 0 0 2 3 0 6 0 4 0 3 3 0 0 0 0 0 1 0 1 0 0 0 0 0 0 0 0 0 0 0 0 0 0 0 0 21 13 11 18 0 0 0 10 28 10 48 0 0 0 0 9 1 0 0 5 0 0 0 0 0 0 0 0 2 0 0 21 25 26 0 0 0 1 11 0 0 0 0 0 0 0 0 6 0 0 0 0 0 0 0 0 0 1 0 0 0 0 0 0 11 0 0 2 0 0 0 0 0 0 14 0 2 0 0 18 0 45 0 22 0 0 0 10 14 70 38 13 0 33 15 60 40 1 0 12 0 0 0 0 0 10 0 0 0 0 0 15 0 0 0 0 0 10 0 0 0 0 0 0 0 0 0 0 0 0 0 0 0 0 0 0 0 0 0 0 0 0 0 0 0 0 0 0 0 0 0 0 0 6 2 0 39 2 3 9 0 0 0 0 0 8 0 0 22 0 0 0 0 0 0 0 0 0 0 0 0 0 0 0 0 0 0 0 0 
 4 3 3 3 3 3 3 3 6 4 79 3 4 3 3 5 3 4 3 3 109 267 272 62 221 100 49 422 262 146 260 174 106 102 46 134 0 665 245 119 64 0 2 0 2 0 29 0 2 0 0 3 11 0 3 3 1 1 1 1 0 0 57 0 0 3 0 0 2 3 0 3 0 3 0 3 2 0 0 0 1 0 0 0 0 0 0 0 0 0 0 0 0 0 0 0 0 0 0 0 0 10 31 70 24 13 0 19 31 0 29 0 1 15 12 24 21 10 0 0 1 15 0 0 0 5 0 0 8 0 0 0 22 0 46 1 0 0 4 0 0 0 0 0 0 0 0 1 4 1 0 0 0 0 0 0 0 0 0 0 0 1 0 0 1 0 0 0 5 0 0 0 0 0 0 0 0 0 0 0 21 2 15 22 21 25 9 29 14 30 24 27 0 6 59 6 56 7 10 0 19 0 10 2 0 0 0 0 0 12 0 0 35 0 0 0 12 0 37 0 0 0 0 0 0 0 0 0 0 0 0 0 0 0 0 0 2 0 0 0 0 0 7 0 0 0 0 0 0 0 0 0 0 0 2 1 3 74 0 1 2 0 0 0 0 0 10 0 0 0 0 0 0 0 0 0 1 0 0 9 0 0 0 0 0 0 0 0 0 0 
 2 4 2 2 2 4 76 4 2 5 77 10 67 3 2 2 32 6 2 4 81 283 128 129 119 297 134 102 280 133 109 217 61 38 109 275 665 0 28 36 3 0 2 0 0 2 63 0 0 0 0 5 0 22 0 3 2 2 0 0 0 0 5 0 0 3 0 0 2 3 0 3 0 4 0 3 3 0 0 0 0 0 0 0 12 0 0 0 0 0 0 0 0 0 0 0 0 0 0 0 2 9 40 24 21 0 0 0 0 13 29 24 0 12 0 13 1 2 0 0 5 2 0 0 0 0 0 0 10 1 0 0 22 0 8 1 0 0 23 3 0 0 26 0 0 0 0 0 3 0 0 0 0 0 0 0 0 0 1 0 0 0 0 1 0 2 0 0 0 2 0 0 2 0 0 9 0 19 0 0 12 0 44 14 21 45 0 0 12 12 41 36 0 33 53 14 21 33 0 0 18 0 0 0 0 0 10 0 0 1 0 0 2 0 0 0 1 0 5 0 0 0 0 0 0 0 0 0 0 0 0 0 0 0 0 0 0 0 0 0 0 0 7 0 0 0 0 0 0 0 0 0 0 0 2 3 3 150 0 1 9 3 0 0 0 0 0 0 0 0 0 0 0 0 0 0 0 0 0 11 0 0 0 0 0 0 0 0 0 0 
 0 76 74 146 223 59 2 78 137 2 76 189 0 0 7 2 137 151 4 0 67 101 121 72 76 41 49 34 56 64 23 50 65 76 148 64 245 28 0 73 3 0 2 0 3 4 0 0 0 0 4 4 0 0 0 3 3 2 0 0 77 0 2 3 3 3 2 0 9 6 2 11 0 3 0 5 2 0 6 0 0 13 0 0 27 11 0 18 0 31 6 21 0 0 0 0 0 0 0 0 10 0 0 3 0 0 0 4 0 0 0 0 18 10 18 20 13 0 25 33 0 0 0 0 0 0 0 0 0 0 0 0 0 0 0 0 0 11 0 0 7 0 0 18 0 0 0 0 0 0 0 0 0 0 0 0 0 0 0 0 0 0 0 11 0 44 0 0 0 20 0 0 0 0 0 1 14 6 0 0 29 18 0 6 0 0 0 1 1 0 0 0 30 43 15 1 31 11 17 1 22 0 0 0 0 0 0 0 0 0 0 0 0 0 0 0 0 0 0 0 0 0 0 0 0 0 0 0 0 0 0 0 0 0 0 0 0 0 0 0 0 0 0 0 0 0 0 0 0 75 0 0 0 0 5 3 2 0 2 0 0 0 0 0 0 0 0 0 0 0 0 0 0 0 0 50 0 0 0 0 0 3 0 0 0 10 0 0 0 0 
 0 1 2 74 0 1 1 1 4 62 76 74 1 5 0 2 0 1 2 2 48 384 108 84 170 346 45 163 61 187 64 115 189 167 170 82 119 36 73 0 3 0 2 0 0 0 4 0 0 2 0 1 0 2 1 3 0 4 6 0 0 0 0 0 0 4 0 0 2 5 0 3 0 3 0 45 2 0 0 0 0 0 0 0 10 15 0 2 0 0 0 13 0 0 0 0 1 0 0 0 20 19 20 20 0 0 13 23 9 22 0 0 0 15 0 2 13 30 6 0 0 0 0 0 0 0 0 0 0 0 0 0 0 0 0 0 0 0 0 0 0 0 2 0 0 2 0 0 0 0 2 0 0 0 0 0 0 0 0 0 0 0 10 0 2 0 0 14 2 0 0 39 0 0 0 8 20 0 0 0 31 33 10 8 0 17 35 7 36 25 33 21 0 0 12 0 27 18 11 17 0 0 0 0 0 0 0 14 0 0 0 0 0 0 0 0 0 0 0 0 0 0 0 0 1 0 0 0 0 0 0 1 2 0 10 0 0 0 0 0 0 0 0 0 0 1 0 0 0 0 0 0 0 0 2 0 0 1 0 0 0 0 0 0 0 0 0 0 0 0 0 0 0 0 0 13 0 0 0 0 0 0 0 0 0 0 0 0 0 2 
 0 1 0 0 1 0 0 0 0 1 3 3 0 3 0 2 1 0 2 0 3 3 3 3 3 3 3 5 3 3 3 3 4 3 3 3 64 3 3 3 0 91 90 42 105 32 74 124 144 35 33 247 69 210 310 90 334 41 235 266 0 0 0 3 3 0 0 0 0 0 0 0 0 4 1 0 0 0 0 0 0 0 0 9 0 0 0 0 0 0 0 0 0 0 0 0 0 0 0 0 0 0 0 0 0 0 0 7 0 0 0 0 0 0 0 0 0 0 0 0 2 6 14 14 11 20 31 10 9 16 20 19 0 9 1 52 12 33 3 11 0 0 0 0 0 0 0 0 0 4 0 0 0 0 0 0 0 0 12 0 0 19 0 3 0 0 0 0 0 0 0 0 0 0 0 0 0 0 0 0 0 0 0 0 0 0 0 0 0 0 0 0 2 0 0 1 0 0 0 0 25 24 1 10 2 12 20 81 10 0 5 47 29 16 22 0 9 18 13 7 0 0 0 0 0 0 2 0 0 0 0 0 0 0 0 0 0 0 0 0 0 0 8 0 0 0 0 0 0 0 0 0 0 5 0 0 0 0 0 14 0 1 2 0 0 2 0 0 2 0 0 0 0 0 0 0 0 0 0 0 0 0 0 0 18 0 0 10 0 0 
 0 0 0 0 0 0 0 0 0 2 0 2 0 2 0 0 0 3 0 0 0 0 0 1 0 0 0 0 0 6 1 0 2 1 0 6 0 0 0 0 91 0 244 103 53 39 512 266 166 74 132 30 255 50 111 429 364 63 119 264 0 0 0 0 0 0 205 0 2 0 0 0 53 2 0 0 0 0 23 0 0 0 0 3 0 0 0 0 0 0 0 0 0 0 0 0 0 0 0 0 0 0 0 0 1 0 0 0 0 0 10 0 0 0 0 0 0 13 0 0 6 0 0 1 0 31 7 11 0 19 28 0 0 0 19 1 18 2 0 10 0 0 0 0 0 0 0 0 0 0 0 0 13 2 1 0 0 0 35 17 0 0 0 0 0 0 0 0 0 9 0 0 0 0 0 0 0 0 0 0 0 0 0 0 0 0 0 0 0 0 0 0 0 0 0 0 0 0 0 0 0 29 4 11 16 6 0 1 37 0 15 0 11 22 16 0 9 21 13 14 0 0 0 0 0 0 0 0 0 0 0 0 0 1 0 0 0 0 0 10 0 0 0 0 0 0 0 0 0 0 0 4 0 1 0 0 0 0 0 24 0 0 3 1 0 3 0 0 0 0 9 0 0 0 0 0 0 0 0 0 0 0 0 0 0 0 0 10 0 0 
 20 0 0 0 0 0 0 0 0 0 0 0 0 3 0 0 0 7 0 0 2 2 2 3 2 2 2 2 2 2 2 2 2 2 207 5 2 2 2 2 90 244 0 180 190 26 90 530 216 129 187 45 99 214 54 435 186 229 28 89 0 0 0 0 0 15 0 2 49 1 4 2 21 2 0 2 3 0 53 51 0 0 0 0 0 0 0 0 0 0 0 0 0 0 0 0 0 0 0 0 0 0 0 0 0 0 0 0 0 0 0 0 0 0 0 0 0 0 0 0 19 0 21 1 28 0 32 12 1 14 27 0 0 0 18 12 0 9 0 19 0 0 0 0 0 5 0 0 0 10 0 0 0 2 0 0 0 0 10 4 0 0 0 0 0 0 0 0 0 13 0 0 0 0 0 0 0 0 0 0 0 0 0 0 0 0 0 0 0 0 0 0 0 0 0 0 0 11 0 19 0 9 11 11 31 0 0 22 49 0 17 10 0 23 25 0 12 8 10 7 0 0 0 0 2 0 0 0 0 0 0 6 7 17 37 0 1 0 0 0 0 0 14 0 0 0 0 0 0 0 0 3 0 0 0 0 0 0 0 20 0 0 3 1 65 4 0 0 2 0 7 0 0 0 0 4 0 0 0 0 0 0 0 0 7 0 0 14 1 0 
 0 1 3 0 0 0 0 7 2 64 5 0 9 2 1 8 0 7 0 0 0 4 0 0 0 0 0 2 0 0 0 0 4 0 0 0 0 0 0 0 42 103 180 0 72 105 300 100 159 253 167 37 274 292 76 66 81 93 72 67 0 0 0 0 0 6 0 0 0 0 0 0 65 0 0 0 0 0 126 26 5 0 0 10 0 9 0 2 1 0 4 0 1 0 0 4 10 0 0 1 0 0 0 0 0 0 0 0 0 0 0 0 0 0 0 15 0 0 0 0 0 0 0 13 25 14 0 0 10 9 0 0 0 0 0 0 0 0 0 0 24 1 8 0 0 0 0 18 26 0 0 0 0 7 0 0 0 27 0 1 7 5 0 0 0 0 1 0 0 0 0 0 34 6 4 22 6 0 0 0 0 0 0 0 0 0 0 0 0 0 0 0 3 0 0 0 0 0 0 0 0 0 1 0 0 26 0 0 0 14 0 0 0 0 0 7 18 8 0 0 11 14 7 0 0 0 12 0 0 0 0 6 1 17 21 1 11 0 22 26 0 5 0 0 0 0 0 0 0 0 0 4 0 1 0 0 0 0 2 0 0 0 7 1 2 6 0 12 0 0 19 0 0 0 0 0 0 0 0 0 0 4 0 0 0 11 0 0 0 0 
 2 2 2 2 2 2 2 3 2 2 2 2 2 2 2 2 2 2 2 2 0 0 0 0 3 0 0 0 21 0 0 0 0 0 0 0 2 0 3 0 105 53 190 72 0 186 51 58 125 571 341 115 63 91 78 57 271 42 61 125 24 59 0 0 0 0 0 0 0 0 0 0 50 51 0 52 2 0 50 51 0 0 0 0 0 0 0 0 0 0 0 0 0 0 0 0 0 0 0 0 0 0 0 0 0 0 0 0 0 0 0 0 0 0 0 0 0 0 0 0 16 0 15 0 7 0 0 0 21 1 1 0 0 0 0 19 0 0 0 0 0 27 0 0 0 1 76 0 9 11 0 0 11 15 0 0 8 1 11 0 0 0 0 0 0 0 22 0 0 0 0 0 0 0 0 0 0 0 0 0 0 0 0 0 0 0 0 0 0 0 0 0 0 0 0 0 9 0 0 0 0 0 0 0 20 0 0 14 0 0 10 10 0 0 21 16 8 2 0 0 24 29 0 11 0 0 0 32 17 4 0 10 16 14 2 10 23 0 0 7 0 0 12 0 0 0 0 0 0 0 0 9 0 0 0 0 0 0 0 0 0 0 2 0 0 1 2 0 2 0 1 0 0 0 0 0 0 0 0 0 0 0 0 0 0 0 0 0 0 0 
 0 2 1 3 0 0 0 1 0 0 0 0 9 0 0 1 0 0 1 2 0 0 0 0 3 0 0 0 0 6 3 0 0 0 0 3 0 2 4 0 32 39 26 105 186 0 104 40 29 291 79 122 42 49 281 98 271 131 50 60 27 0 0 0 0 0 0 0 6 0 2 0 0 0 6 51 0 1 21 52 0 0 0 10 0 5 0 3 0 0 0 0 0 3 0 0 6 1 1 0 0 0 0 0 0 0 0 0 0 0 0 0 11 0 0 0 0 0 0 0 0 8 0 0 5 16 0 18 0 10 34 41 0 0 11 0 0 9 0 32 2 25 20 0 0 1 7 0 0 25 0 0 11 22 20 0 27 23 2 0 3 0 0 0 0 0 4 0 0 0 0 0 4 0 0 5 0 0 0 0 0 0 0 0 0 0 0 0 0 0 0 0 0 0 0 0 0 0 0 0 0 0 0 0 13 11 0 0 9 17 0 14 0 0 0 7 1 2 0 0 0 0 0 36 0 0 14 47 16 10 2 12 5 14 1 30 15 20 17 53 0 4 0 0 0 0 0 0 0 0 0 5 0 0 0 0 0 0 0 0 0 0 60 0 5 4 1 0 0 0 12 0 0 0 0 0 0 0 0 0 0 0 0 0 0 0 0 0 11 0 
 0 0 2 0 0 0 0 0 0 0 0 2 0 0 0 2 0 0 0 0 0 2 0 2 63 0 2 0 0 0 127 0 0 0 0 0 29 63 0 4 74 512 90 300 51 104 0 196 56 36 51 62 153 61 67 524 200 55 309 550 0 74 0 2 5 0 0 0 0 0 0 0 0 2 0 0 0 0 0 0 0 0 0 0 0 0 0 0 0 0 0 0 0 0 0 0 7 2 0 0 0 0 0 1 0 37 0 0 0 0 24 0 0 0 0 0 0 0 0 0 0 22 9 0 0 0 7 5 17 0 13 9 11 0 36 0 1 11 11 11 0 0 0 0 0 0 0 0 0 2 0 1 0 0 5 0 3 0 0 0 3 0 0 0 0 0 0 0 0 0 0 0 0 0 0 0 0 0 0 0 0 0 0 0 11 11 0 0 1 33 0 1 0 0 0 0 18 0 0 0 0 10 23 0 13 7 8 0 15 24 0 11 6 0 0 15 18 0 6 18 0 0 0 0 0 0 0 0 0 0 0 0 0 0 0 0 19 0 7 0 0 11 0 0 0 0 0 0 0 0 0 11 0 1 0 0 0 65 62 0 0 0 64 0 2 3 0 0 0 0 0 0 0 0 0 0 0 0 0 12 0 0 0 0 35 0 0 0 1 0 
 17 0 4 0 0 0 0 5 38 3 9 0 0 2 0 14 0 24 0 2 0 0 0 0 3 0 0 0 0 0 0 25 1 0 0 0 0 0 0 0 124 266 530 100 58 40 196 0 180 135 463 107 453 120 154 98 114 166 474 168 0 0 0 0 0 0 0 0 0 0 0 0 0 1 0 0 0 0 0 0 23 0 0 16 0 0 0 0 0 0 12 0 0 0 0 14 4 5 0 0 0 0 0 0 0 0 0 0 0 0 0 0 0 0 8 0 0 0 0 0 14 9 42 0 28 42 27 27 0 23 44 24 0 0 20 32 14 21 0 8 0 0 0 0 0 0 0 7 0 2 0 0 0 1 11 0 4 0 33 9 5 8 0 8 7 0 0 0 0 3 0 0 5 5 12 4 10 8 0 0 0 0 0 0 0 0 0 0 0 0 0 0 0 0 0 0 0 18 9 0 0 25 9 6 55 0 0 14 27 0 27 1 0 30 0 7 0 0 0 11 0 0 0 3 0 0 0 0 0 0 0 0 0 33 0 0 0 0 1 20 0 0 13 0 0 1 0 0 0 0 0 9 0 1 0 0 0 0 1 2 0 0 42 1 4 9 2 0 0 0 10 0 0 0 0 0 0 0 0 0 0 0 0 0 7 0 0 1 1 0 
 0 0 0 0 0 0 0 0 3 0 0 0 62 0 0 0 0 1 4 0 1 1 0 0 0 0 5 0 6 3 24 62 8 0 0 0 2 0 0 0 144 166 216 159 125 29 56 180 0 289 110 49 90 489 183 273 140 65 95 97 0 0 53 0 0 0 0 0 0 0 0 0 0 1 0 0 0 0 49 3 0 0 0 0 0 0 0 0 0 0 0 0 0 0 0 0 0 0 0 0 3 0 0 0 13 3 0 0 0 6 0 8 12 5 3 8 0 0 0 18 2 16 18 25 8 20 18 19 7 5 20 21 0 0 21 41 7 11 0 18 12 0 7 0 0 0 0 8 0 0 0 0 0 0 0 0 0 2 35 0 0 0 0 5 0 2 0 0 0 5 0 0 0 0 0 0 0 0 0 0 8 0 2 3 0 0 9 6 5 16 12 7 0 0 0 3 1 0 0 0 27 1 11 0 19 9 26 39 32 9 8 57 20 19 32 10 9 13 18 21 11 3 0 0 0 0 0 0 0 0 0 0 0 0 0 1 0 0 9 0 0 0 3 0 0 0 0 0 0 0 0 17 0 2 0 0 0 0 62 40 0 0 0 0 0 2 1 0 0 0 0 0 0 0 0 0 0 0 0 0 0 5 0 0 0 0 0 0 2 0 
 0 2 7 0 0 0 1 2 6 7 9 0 0 0 0 2 0 8 0 0 0 0 0 0 83 0 0 0 2 0 2 0 0 0 0 0 0 0 0 2 35 74 129 253 571 291 36 135 289 0 163 32 81 146 148 87 184 52 62 84 28 2 0 0 4 0 2 0 0 0 3 0 86 20 0 3 0 0 24 19 6 0 0 4 0 6 0 4 0 0 16 0 0 0 0 5 1 3 0 0 0 0 0 0 0 0 0 0 0 0 0 0 0 0 0 0 0 9 0 0 13 0 0 9 2 23 1 0 20 17 28 0 0 0 19 19 0 0 0 0 45 0 1 0 0 0 0 0 0 0 0 0 19 2 0 0 0 0 9 44 13 4 0 0 4 6 0 0 7 20 0 0 8 2 6 8 5 19 0 0 0 0 8 0 0 0 0 28 0 0 0 0 0 0 0 0 0 0 0 0 0 0 26 6 30 0 0 0 21 0 55 16 0 18 34 18 8 7 0 1 4 0 0 0 0 0 0 0 0 0 0 0 0 1 0 0 0 0 5 10 0 1 5 0 0 0 0 0 0 0 0 13 0 1 0 0 1 0 2 19 0 0 5 1 0 3 5 1 0 0 15 0 0 0 0 0 0 0 0 0 0 3 0 0 0 0 0 0 0 0 
 63 0 0 0 0 0 0 0 0 0 0 0 0 0 0 0 0 3 0 0 0 0 0 0 3 0 0 0 0 0 0 0 0 0 0 0 0 0 4 0 33 132 187 167 341 79 51 463 110 163 0 242 43 54 152 103 179 84 269 64 8 0 0 0 0 15 0 0 0 0 4 0 50 52 0 0 0 0 50 17 0 0 0 0 0 0 0 0 0 0 0 0 0 0 0 0 0 0 0 0 0 0 0 0 22 0 0 0 0 0 0 0 0 0 0 0 0 0 0 0 0 0 0 10 24 2 0 0 0 11 0 0 0 0 10 0 0 18 0 0 26 0 1 0 0 6 18 20 43 0 0 0 3 1 2 0 5 0 38 35 0 0 0 0 0 0 0 0 0 9 0 0 0 0 0 0 0 0 0 6 0 0 0 0 0 0 0 0 0 0 0 0 0 0 0 0 0 0 0 0 0 0 12 2 16 23 0 0 16 0 8 7 0 0 0 14 0 0 0 0 0 10 0 0 3 0 6 0 0 0 0 7 26 26 13 16 7 0 21 11 0 0 0 0 0 0 0 0 0 0 0 6 0 0 0 0 0 0 0 13 0 0 0 1 0 12 3 21 0 0 0 0 0 0 0 5 0 0 0 0 0 0 0 0 0 11 0 0 1 0 
 0 1 0 0 0 0 0 0 0 0 0 0 0 0 0 0 0 0 2 0 0 0 0 1 30 0 0 4 1 1 2 1 1 2 1 2 3 5 4 1 247 30 45 37 115 122 62 107 49 32 242 0 35 29 91 21 81 83 29 51 51 54 49 0 0 0 3 0 3 0 0 1 51 58 55 0 0 2 50 2 6 0 0 0 0 0 0 10 0 0 0 0 0 0 11 0 0 0 0 0 1 0 4 31 0 1 0 0 0 0 26 0 0 0 0 0 0 0 0 0 0 0 0 16 0 0 0 0 0 0 0 0 0 3 0 7 0 0 1 0 0 11 7 0 1 0 0 24 13 0 0 0 12 0 10 0 16 0 10 11 0 0 0 0 2 0 0 0 0 1 0 0 0 0 0 0 0 0 0 0 0 0 0 0 0 3 0 0 0 0 0 0 0 0 0 2 0 0 0 0 0 0 0 11 0 28 0 0 0 0 10 16 0 0 0 0 0 0 9 0 1 23 31 0 0 0 7 11 36 0 10 0 15 11 8 12 17 0 18 29 10 0 5 0 0 0 0 0 0 0 0 3 0 0 0 0 0 0 1 15 0 0 0 63 4 9 1 2 0 0 0 0 0 0 0 0 0 0 0 0 0 0 0 13 0 10 0 0 2 0 
 0 0 0 0 0 0 3 0 0 0 0 0 0 0 0 0 0 4 3 0 0 1 1 68 0 71 0 0 129 0 65 63 0 4 0 1 11 0 0 0 69 255 99 274 63 42 153 453 90 81 43 35 0 208 276 103 98 95 222 117 3 1 0 3 0 3 0 0 49 0 9 0 0 2 0 0 0 0 0 0 0 5 0 0 0 0 0 0 0 0 0 0 0 0 8 0 0 0 3 0 0 0 0 47 18 42 0 0 14 0 16 5 0 0 0 0 0 0 0 0 23 9 19 0 36 0 17 0 0 12 19 1 33 3 26 1 2 15 64 18 0 0 7 0 0 0 0 4 0 0 0 0 0 0 0 0 0 0 0 0 0 0 0 0 0 0 1 0 0 0 4 0 0 0 0 3 0 0 0 1 0 0 14 0 10 8 0 0 2 0 0 37 0 0 0 14 10 3 0 0 4 1 0 14 19 0 0 7 11 2 0 11 27 19 0 0 6 0 10 1 0 0 0 0 0 0 0 0 0 0 0 0 0 1 0 0 0 0 0 0 0 0 0 0 0 0 0 0 0 0 0 6 0 2 0 0 0 71 0 16 12 0 0 0 64 0 8 0 0 0 0 0 0 0 0 0 0 0 0 0 0 0 0 24 7 0 0 16 1 0 
 0 0 1 0 0 0 0 0 0 0 0 5 0 0 0 0 0 2 0 0 0 3 0 0 0 0 0 0 0 0 0 18 1 0 0 0 0 22 0 2 210 50 214 292 91 49 61 120 489 146 54 29 208 0 149 98 247 69 322 300 2 0 0 1 0 0 0 0 0 0 0 0 0 1 52 0 0 0 0 6 0 0 0 0 0 0 1 0 0 0 0 0 0 0 0 0 0 0 0 0 0 14 0 0 10 0 0 0 0 0 0 0 0 0 0 0 0 0 0 0 43 25 56 3 46 58 19 0 22 16 18 19 11 5 0 57 18 61 21 30 5 0 2 0 0 0 6 3 0 0 0 0 5 0 0 0 0 0 4 0 0 0 0 4 0 0 0 0 0 0 0 0 0 0 0 0 0 0 0 3 0 0 0 0 0 0 0 0 0 0 0 0 0 0 0 0 0 0 0 0 0 27 7 5 47 0 0 26 5 9 7 19 1 18 19 12 6 16 10 12 10 0 0 0 0 0 0 0 0 0 0 0 6 13 0 0 0 0 0 8 0 0 8 0 0 0 0 0 0 0 0 6 0 1 0 0 0 0 0 6 0 0 2 0 7 24 2 0 0 0 0 0 0 2 0 0 0 0 0 0 0 0 0 0 4 0 0 4 1 0 
 0 0 0 0 0 0 0 0 0 0 0 2 0 2 0 0 0 0 0 43 6 0 0 0 8 0 0 5 2 2 64 34 5 0 0 0 3 0 0 1 310 111 54 76 78 281 67 154 183 148 152 91 276 149 0 440 335 47 197 87 10 5 0 0 3 2 206 0 0 0 3 0 50 4 0 0 0 0 0 0 0 0 0 0 0 0 0 0 0 0 0 0 0 0 0 0 0 0 0 0 8 0 0 1 14 16 0 0 0 0 25 0 0 0 0 18 0 4 0 0 2 10 34 8 14 0 1 0 2 1 0 9 25 0 20 0 12 0 34 20 0 0 3 0 0 0 0 36 0 0 0 0 20 0 16 0 0 0 17 13 0 0 0 0 4 0 0 0 0 3 0 0 0 0 0 0 0 0 0 0 0 4 0 0 6 2 20 0 0 0 0 36 0 0 0 5 6 0 0 0 1 0 19 38 0 0 8 0 10 15 14 26 22 0 0 0 1 16 29 3 0 0 0 0 0 0 2 0 0 0 0 0 0 0 0 0 0 0 1 20 0 0 1 0 0 0 0 0 0 0 0 11 0 0 0 0 0 121 0 0 0 0 0 65 4 14 2 0 0 0 0 0 0 0 0 0 0 0 0 0 0 0 0 0 0 9 0 12 1 0 
 0 0 0 0 0 0 0 0 0 0 4 3 0 0 0 0 0 3 3 0 3 3 6 3 3 3 3 3 9 3 3 3 4 3 3 3 3 3 3 3 90 429 435 66 57 98 524 98 273 87 103 21 103 98 440 0 109 48 106 347 0 0 0 0 0 3 0 0 0 0 0 0 55 4 0 0 0 3 28 0 0 0 0 1 1 0 0 0 0 1 0 1 0 0 0 0 0 0 0 0 0 0 0 0 0 0 2 0 2 1 0 0 1 0 0 0 2 0 0 0 15 1 50 0 1 12 15 12 24 20 19 0 0 13 1 0 9 2 4 34 0 0 0 0 0 0 0 0 0 0 0 0 14 5 0 0 0 0 9 0 0 0 1 2 0 2 0 0 0 13 0 0 0 0 0 0 1 0 0 0 1 0 0 1 0 0 0 0 0 0 0 0 2 2 4 0 1 1 0 1 0 17 0 22 1 0 0 1 12 0 0 0 18 14 0 28 0 6 30 10 0 0 0 0 0 0 0 0 0 0 0 0 0 0 0 0 0 0 1 11 0 0 0 0 0 0 0 0 0 0 0 6 0 0 0 0 0 0 2 21 0 0 2 0 3 2 1 0 0 0 12 0 0 0 0 0 0 0 0 0 0 0 0 0 0 15 0 14 2 0 
 1 4 1 2 2 1 7 0 0 4 1 0 1 0 1 3 2 3 5 0 63 1 1 54 3 2 64 63 2 0 2 1 1 0 68 2 1 2 3 0 334 364 186 81 271 271 200 114 140 184 179 81 98 247 335 109 0 262 39 106 6 0 0 1 0 0 2 0 1 0 3 0 0 2 4 6 6 0 0 4 0 13 0 0 0 0 0 0 0 0 7 0 0 0 9 0 0 0 2 0 5 0 0 0 0 0 0 0 0 0 0 0 0 1 6 0 7 5 0 0 28 0 17 9 0 0 7 0 14 46 52 0 0 0 4 0 0 9 0 0 11 3 0 0 0 0 19 0 0 0 1 16 6 0 0 0 0 0 6 13 0 0 0 0 10 4 5 0 0 5 3 0 0 0 0 0 0 0 4 5 0 1 7 11 0 0 1 0 0 0 0 0 0 0 1 0 0 0 0 0 0 0 18 17 24 0 0 0 9 0 72 0 0 46 15 45 1 0 5 0 0 0 0 0 0 0 0 0 0 10 0 0 14 0 0 0 0 0 0 0 0 0 0 0 0 0 0 0 0 0 0 9 0 1 0 0 0 0 0 13 0 8 0 0 1 0 1 0 1 0 0 0 0 0 0 0 0 0 0 0 0 7 0 0 0 0 0 3 0 0 
 0 0 4 0 0 0 0 0 0 0 0 0 0 2 0 0 0 0 0 1 0 2 0 2 3 1 0 0 8 0 0 0 0 0 0 0 1 2 2 4 41 63 229 93 42 131 55 166 65 52 84 83 95 69 47 48 262 0 38 156 0 0 1 0 1 51 0 18 0 0 1 0 55 0 208 13 1 208 82 25 0 0 0 0 0 0 0 0 0 0 0 0 0 0 0 0 0 0 0 0 0 0 0 0 0 0 0 0 0 14 0 0 0 0 0 0 0 0 0 0 27 0 11 0 12 32 13 27 0 43 73 13 0 7 0 11 24 7 0 11 24 0 0 0 0 8 0 0 1 0 0 2 0 2 0 0 1 6 17 0 0 0 0 0 0 0 2 24 0 0 0 0 0 0 0 0 0 0 0 0 0 0 0 0 0 0 0 0 0 0 0 0 0 0 0 0 0 0 0 7 0 34 0 0 8 19 0 14 0 12 13 0 0 42 0 0 22 7 0 16 0 0 0 0 0 0 2 0 0 0 0 0 0 14 9 0 0 0 10 10 0 0 0 0 0 0 0 0 0 0 0 2 0 0 0 0 0 0 0 11 0 0 14 1 33 2 0 0 0 0 34 0 0 0 0 0 0 0 0 0 0 0 0 0 18 0 0 0 2 0 
 0 0 3 0 0 0 0 0 3 0 0 0 0 0 0 0 0 0 0 0 0 0 10 0 0 29 7 0 62 1 34 0 8 0 3 1 1 0 0 6 235 119 28 72 61 50 309 474 95 62 269 29 222 322 197 106 39 38 0 239 0 19 0 0 0 0 0 0 0 0 0 0 1 1 0 0 0 0 0 0 0 0 0 0 0 0 0 0 0 0 0 0 0 0 0 0 0 0 0 0 0 10 0 18 24 16 0 0 8 17 4 38 9 6 7 3 0 0 0 7 10 31 11 0 1 12 0 25 8 0 0 0 1 28 8 11 11 8 19 16 0 0 9 0 7 0 0 0 0 0 0 0 0 0 0 0 0 0 0 0 0 0 0 2 0 0 0 0 0 0 0 0 0 0 0 0 0 0 0 0 9 0 5 6 19 0 3 3 6 3 4 13 0 0 0 0 0 31 0 0 9 10 0 0 0 0 0 8 0 21 13 0 7 0 0 1 12 12 0 10 0 0 0 0 0 0 0 0 0 0 0 0 0 11 0 0 0 0 0 0 0 0 0 0 0 0 0 0 0 0 0 4 0 0 62 0 0 23 0 3 0 0 1 0 1 0 2 0 0 0 0 0 0 0 0 1 0 0 0 0 0 7 0 0 0 0 0 0 0 0 
 0 0 0 0 4 0 0 0 0 0 0 0 0 0 0 0 0 0 0 0 0 0 61 1 0 62 0 0 63 0 1 1 0 1 0 1 1 0 0 0 266 264 89 67 125 60 550 168 97 84 64 51 117 300 87 347 106 156 239 0 0 0 0 0 60 0 51 6 0 0 0 1 2 2 0 6 0 0 0 0 0 0 0 0 0 0 0 0 0 0 0 0 0 0 0 0 0 0 0 0 0 0 0 0 1 12 0 0 6 0 0 0 0 0 0 0 0 0 0 0 40 0 67 0 38 12 10 14 9 39 59 5 11 9 1 17 3 19 25 40 0 0 4 0 0 0 0 10 0 0 0 9 0 0 0 0 0 0 0 0 0 0 0 0 0 0 0 0 0 0 0 0 0 0 0 0 0 0 0 0 0 0 0 0 0 8 0 0 0 0 0 0 8 0 0 9 0 0 0 0 0 12 0 10 21 0 0 14 8 0 0 33 19 60 20 19 18 18 25 9 0 0 6 0 1 0 0 0 0 0 0 0 0 0 0 1 0 0 0 0 0 0 9 0 0 0 0 0 0 0 0 6 0 0 0 0 0 0 2 0 0 0 2 0 63 0 2 0 1 0 5 0 0 0 0 0 0 0 0 0 0 0 0 0 21 0 0 9 1 0 
 2 0 4 3 2 0 0 0 0 0 0 0 0 0 0 0 0 1 0 0 0 0 0 0 0 0 0 0 0 0 5 0 0 0 0 0 0 0 77 0 0 0 0 0 24 27 0 0 0 28 8 51 3 2 10 0 6 0 0 0 0 182 101 291 43 31 170 105 87 22 30 55 54 121 161 149 378 42 98 101 0 0 0 0 15 0 0 0 0 0 0 0 0 0 0 9 0 0 0 0 0 0 0 0 1 0 0 0 0 0 0 0 0 0 0 12 0 0 0 0 1 0 0 8 0 6 0 0 1 10 0 0 0 0 0 0 0 16 0 0 6 6 0 26 0 12 22 0 4 40 1 0 15 5 0 5 27 0 14 25 1 0 0 0 0 0 0 0 0 0 0 0 0 0 0 0 0 0 0 0 0 0 0 0 8 0 0 0 0 0 0 0 0 0 0 0 0 0 18 0 0 0 0 6 1 0 0 0 0 0 4 8 0 0 0 0 0 0 0 0 9 0 16 41 0 0 13 7 25 3 19 0 20 0 1 20 0 5 11 16 16 0 0 12 0 0 0 0 0 2 0 0 0 0 12 0 25 0 0 0 0 0 0 0 0 0 0 8 0 0 1 0 0 3 0 0 0 0 0 0 0 0 0 0 0 3 0 0 0 0 
