 0 83 267 52 115 34 126 272 95 139 128 35 147 33 125 107 128 19 23 137 0 0 0 2 85 3 0 0 0 0 1 0 0 2 0 0 0 2 0 9 0 0 7 3 0 0 0 0 3 0 0 0 0 0 0 0 0 0 3 0 0 0 0 2 0 3 0 2 0 0 0 0 3 0 3 0 0 2 0 0 10 38 0 9 0 3 1 59 41 13 30 0 0 19 43 0 6 25 26 28 0 0 0 0 0 0 33 0 0 0 0 0 0 0 0 0 0 0 31 0 0 0 0 0 0 0 0 0 0 0 0 20 0 0 0 0 0 0 0 0 0 0 0 0 0 5 0 0 0 0 0 0 0 0 0 0 0 0 0 0 1 13 17 0 1 1 0 18 0 0 9 0 16 20 0 0 35 7 16 0 2 0 0 0 0 0 0 0 0 0 0 0 0 0 0 0 0 0 0 17 0 0 0 0 0 0 0 0 0 0 0 0 0 0 0 0 0 0 0 0 0 0 0 0 0 0 0 0 0 0 0 0 0 0 0 0 0 0 0 0 0 23 0 0 0 0 0 0 0 2 15 22 0 0 0 0 0 0 0 0 2 0 0 0 0 0 0 0 0 0 0 0 0 0 0 0 0 0 0 0 0 0 0 0 0 0 0 0 0 0 
 83 0 108 172 32 55 143 64 83 227 413 335 176 111 647 136 117 309 46 140 0 0 0 0 0 3 0 0 4 0 0 3 79 2 0 0 0 2 0 24 0 0 1 3 2 0 0 0 5 0 0 0 1 0 0 13 0 0 3 0 0 0 0 3 0 3 0 33 0 3 0 0 3 0 3 0 0 3 0 2 2 1 0 46 15 41 5 17 11 50 45 35 0 19 17 0 41 1 0 1 0 0 0 0 0 0 4 0 0 0 0 0 24 0 15 0 0 0 12 9 0 0 0 0 1 0 0 0 0 0 0 0 0 0 0 0 0 1 0 0 0 0 0 0 0 1 0 0 0 0 0 0 0 0 2 0 4 0 0 0 23 10 11 8 10 0 10 42 16 36 0 43 1 0 10 0 14 8 14 20 0 0 0 0 0 11 0 0 0 0 0 7 18 0 0 0 0 0 20 34 0 0 0 1 0 0 0 0 0 0 0 2 12 0 0 0 0 0 0 0 0 0 0 0 0 1 0 0 0 0 0 1 0 0 2 2 0 0 0 0 0 0 0 0 0 0 2 2 5 93 0 8 0 0 0 0 0 0 0 0 0 0 17 0 0 0 0 0 0 0 0 0 0 0 0 29 0 1 0 0 0 0 0 0 0 0 0 0 0 0 
 267 108 0 138 118 142 463 169 276 87 142 46 153 56 235 369 85 165 134 440 0 0 0 1 0 3 0 0 0 0 0 0 0 4 0 0 0 2 0 5 0 0 8 3 0 0 0 0 0 0 0 0 68 0 1 0 70 0 3 0 0 0 0 3 50 3 4 2 0 0 0 0 4 0 3 7 0 2 0 0 9 52 11 27 0 9 59 33 1 30 114 0 11 51 0 12 0 27 15 19 0 0 0 0 0 0 12 0 0 0 0 0 41 0 0 0 0 0 0 7 0 0 0 0 0 0 0 0 0 0 0 0 0 0 2 0 0 0 0 0 0 0 0 0 0 13 0 0 0 0 0 0 0 0 7 18 4 0 0 0 27 9 17 0 19 0 46 19 0 1 9 19 20 35 16 0 4 14 32 20 0 1 0 0 0 0 0 0 0 0 0 0 0 0 1 0 0 0 0 1 0 0 0 0 0 0 0 0 0 0 0 0 0 0 0 0 0 0 0 0 0 0 0 15 0 0 0 0 0 0 0 30 0 2 0 0 0 0 0 0 0 6 0 0 0 0 1 0 4 2 8 6 0 1 0 0 0 0 0 0 0 0 0 0 0 0 0 0 0 0 0 0 0 0 0 19 0 1 0 0 0 0 0 0 0 0 0 0 0 0 
 52 172 138 0 100 183 263 69 314 86 267 199 71 104 156 127 154 266 111 49 0 0 0 0 0 79 74 0 0 0 0 0 136 76 74 5 5 2 2 77 0 0 0 4 0 0 0 0 0 0 0 0 1 0 0 0 0 0 3 0 0 0 0 2 0 3 7 2 0 0 0 0 3 56 39 0 0 2 0 0 0 0 21 39 12 40 0 0 18 0 0 16 0 0 0 9 0 11 0 0 0 0 0 0 0 0 17 0 20 10 0 0 0 11 16 9 11 0 8 24 0 0 45 10 0 0 0 0 0 0 0 0 0 0 0 0 0 0 0 0 0 0 0 0 11 0 0 0 0 0 7 0 0 0 0 0 0 0 0 0 15 1 35 35 10 21 0 0 33 0 30 25 0 0 14 10 0 29 0 0 1 0 0 0 0 0 25 18 0 0 0 0 28 0 9 0 0 20 21 14 0 0 0 0 0 0 0 0 0 0 0 0 0 0 0 0 0 0 19 0 0 0 0 0 0 0 0 0 0 0 0 0 0 0 0 0 0 0 0 0 0 0 0 0 0 6 55 0 90 186 1 7 0 0 0 0 0 0 0 0 0 0 0 0 0 0 1 0 0 0 0 0 0 0 0 0 14 0 0 0 0 0 0 0 0 0 0 0 0 0 
 115 32 118 100 0 464 41 77 180 98 427 282 283 90 367 297 136 38 84 189 17 74 0 0 0 5 75 0 0 0 0 1 81 2 35 0 2 2 92 77 63 0 4 3 0 81 0 0 0 0 0 0 62 0 0 0 0 0 3 0 0 0 0 3 28 3 1 4 4 4 0 0 3 0 3 0 5 3 0 0 0 31 0 18 69 29 0 37 2 15 71 25 0 20 0 41 3 51 44 0 12 0 7 0 0 0 14 7 0 0 0 0 21 0 0 0 0 0 25 17 0 0 0 0 0 0 0 0 22 0 1 0 0 0 0 0 0 10 0 0 0 0 0 0 0 0 0 0 0 0 0 0 0 0 10 10 0 0 0 16 0 40 1 11 0 0 3 18 1 21 4 30 0 14 0 12 9 19 0 20 1 0 0 0 0 0 0 3 0 0 0 0 2 7 0 0 0 0 0 8 0 0 0 0 0 0 2 0 0 0 0 0 0 0 0 0 0 0 0 0 0 0 0 0 0 0 0 0 0 0 0 0 0 0 0 0 0 0 0 0 0 13 0 0 0 2 0 0 2 4 0 4 15 0 0 0 0 0 0 0 0 0 0 0 0 0 0 0 0 0 0 0 0 0 0 0 0 0 0 0 0 0 0 0 0 0 0 0 0 0 
 34 55 142 183 464 0 29 12 134 46 189 135 17 41 142 164 144 40 66 135 0 0 0 0 0 3 75 0 0 2 0 0 72 2 0 73 0 2 0 32 0 0 10 3 0 0 0 0 4 0 0 1 1 0 0 0 0 0 3 0 0 0 0 2 0 3 0 2 0 0 0 0 3 0 3 0 0 2 0 0 0 30 0 13 11 34 0 10 11 11 26 24 0 0 0 27 10 30 0 0 0 15 0 0 0 0 25 0 16 0 0 0 1 0 14 12 0 0 11 24 0 0 0 0 0 0 0 0 0 0 0 0 0 0 0 0 0 0 0 0 0 0 0 0 0 0 0 0 0 0 0 0 0 0 2 0 0 0 0 0 4 13 8 21 1 6 0 0 11 13 10 0 0 0 0 15 10 0 0 0 0 2 0 0 0 0 10 30 15 0 0 0 14 7 0 16 0 0 0 15 0 0 0 0 0 0 0 0 0 0 0 0 0 0 0 0 0 0 0 0 0 0 0 0 0 0 0 0 0 0 0 0 0 24 0 0 0 0 0 0 0 11 0 0 0 4 0 0 1 88 0 4 13 0 0 0 0 0 0 0 0 0 0 0 0 0 0 0 0 0 0 0 0 0 0 0 0 18 0 0 0 0 0 0 0 7 0 0 0 0 
 126 143 463 263 41 29 0 81 131 185 53 28 83 42 32 387 126 442 143 126 0 0 0 0 0 4 0 0 0 2 0 0 0 2 0 0 0 2 1 3 0 0 0 3 0 0 0 0 0 0 0 0 63 0 0 71 0 1 3 0 0 0 0 3 0 23 3 2 0 0 31 0 3 0 44 0 0 2 0 9 16 3 55 1 0 0 18 17 13 60 0 0 26 21 18 1 27 14 3 1 0 19 0 0 0 0 0 0 0 0 0 0 0 0 0 2 0 0 0 0 0 0 0 0 0 0 0 0 0 0 0 0 0 0 0 0 0 0 0 0 2 0 0 0 0 0 0 0 14 0 0 0 1 0 0 0 0 0 0 0 20 0 1 0 15 0 18 17 0 14 0 0 11 0 10 11 49 0 0 1 0 0 0 0 1 1 14 0 2 0 0 0 10 0 1 0 0 0 0 0 0 0 0 0 0 0 0 0 0 0 0 0 19 0 0 0 0 0 0 0 0 0 0 0 0 0 0 0 0 0 0 0 0 0 0 0 0 0 1 0 0 0 0 0 0 2 0 0 3 3 7 11 0 0 0 0 0 0 0 0 0 0 0 0 0 0 0 0 41 0 0 0 0 0 0 20 9 0 0 0 0 0 0 0 0 0 0 0 0 0 
 272 64 169 69 77 12 81 0 50 147 44 33 302 123 251 115 116 214 57 186 0 2 0 0 0 3 1 0 0 0 0 0 0 2 0 2 0 2 3 4 0 0 0 3 0 0 0 0 0 0 1 0 0 0 0 0 3 0 6 0 0 0 0 3 0 3 3 2 0 48 0 0 3 0 3 2 0 3 0 0 16 0 24 3 0 0 49 16 69 28 0 0 47 13 18 0 0 0 0 2 0 0 0 0 1 0 2 0 0 0 0 0 13 0 0 0 0 0 0 0 0 0 0 0 0 0 0 0 0 0 0 0 1 0 0 0 0 0 0 0 0 0 0 0 0 7 0 0 0 0 0 0 10 0 0 0 8 0 0 0 7 0 0 0 8 2 36 0 0 2 0 9 20 33 20 0 0 0 20 2 0 0 0 0 0 0 0 0 0 0 0 0 0 1 0 0 0 0 0 0 0 0 0 0 0 0 0 0 0 0 0 0 0 0 0 0 0 0 0 0 0 0 0 0 0 0 0 0 0 0 1 0 0 0 0 0 0 0 0 0 0 2 0 0 0 1 0 0 1 0 9 5 0 0 0 0 0 0 0 0 0 0 0 0 0 0 0 0 0 0 0 0 0 1 0 0 4 0 0 0 0 0 0 0 0 0 0 0 0 0 
 95 83 276 314 180 134 131 50 0 484 238 124 112 367 478 156 144 38 80 256 2 0 2 3 0 2 2 2 0 0 2 2 5 2 1 0 1 2 0 3 3 0 0 6 3 0 0 0 0 2 0 0 66 0 0 2 0 0 3 5 0 0 0 2 2 2 0 3 0 3 5 2 6 0 4 0 0 5 0 39 13 51 1 53 30 12 31 24 11 13 56 17 1 33 13 62 2 24 0 15 0 0 0 0 0 0 0 0 0 0 0 0 11 0 0 0 0 0 0 10 0 0 0 0 2 0 0 0 0 0 0 0 0 0 0 0 0 0 0 0 0 0 8 0 0 2 0 0 0 0 0 0 0 0 4 0 0 0 0 0 12 53 8 9 0 0 18 38 32 31 0 17 2 14 0 8 0 9 18 20 0 0 0 0 0 0 0 0 0 0 0 0 0 0 0 0 0 0 11 1 2 0 0 2 0 12 0 0 0 0 0 1 0 0 0 0 0 0 0 0 0 13 0 0 0 2 0 0 0 0 0 2 17 0 1 1 0 0 0 0 0 0 0 0 0 0 0 0 3 0 0 8 0 0 0 0 0 0 0 0 0 0 0 0 0 0 0 0 0 0 0 0 0 0 0 0 19 1 0 0 0 0 0 0 0 0 0 0 0 0 
 139 227 87 86 98 46 185 147 484 0 170 44 271 102 315 276 109 116 177 45 0 94 0 0 0 3 74 0 0 0 0 0 41 76 0 0 0 2 0 167 0 0 0 3 0 0 0 0 0 0 0 0 63 0 0 4 2 0 3 0 0 0 0 3 0 3 0 2 0 0 0 0 3 30 3 0 0 3 0 0 10 7 23 15 10 0 0 40 53 38 29 10 24 14 17 11 36 30 0 8 0 0 0 2 0 0 0 0 0 2 0 0 0 14 0 1 15 0 8 0 0 0 2 0 0 0 0 0 0 0 0 0 9 0 0 0 0 0 0 0 0 0 0 0 23 0 0 0 0 0 10 0 0 0 0 0 0 0 0 0 10 0 16 0 0 0 1 10 16 5 2 0 0 0 14 0 1 6 35 0 0 0 2 0 0 0 8 0 0 0 0 0 51 0 1 0 0 0 13 0 0 0 0 7 0 0 0 0 2 0 0 0 10 0 0 0 0 0 0 0 0 0 0 0 0 0 0 2 0 0 0 0 0 0 0 0 0 0 0 2 0 0 0 0 0 2 8 0 94 0 0 9 0 0 0 0 0 0 0 0 0 0 15 0 0 0 0 0 0 0 0 0 0 0 0 16 48 0 0 0 0 0 0 0 0 0 0 0 0 0 
 128 413 142 267 427 189 53 44 238 170 0 305 265 57 102 345 97 284 40 52 66 74 0 1 0 3 75 0 0 0 0 0 73 25 24 1 1 2 63 82 0 0 0 3 0 0 0 0 1 0 0 0 2 0 0 1 0 0 3 0 0 0 0 3 0 3 0 2 0 0 0 0 3 0 3 0 0 3 0 0 0 32 1 27 35 46 0 1 1 3 29 29 12 1 0 31 20 14 0 0 9 0 10 0 0 0 7 10 0 0 0 0 5 0 0 0 1 0 7 41 1 0 33 0 0 0 0 0 0 0 0 6 0 0 0 0 0 0 0 1 0 0 0 0 0 0 0 2 0 0 0 0 0 0 3 0 0 0 7 4 3 16 11 34 0 17 1 1 0 24 0 44 0 0 0 32 0 11 0 1 0 0 0 0 0 0 7 0 0 0 0 0 12 15 0 0 0 2 0 10 0 0 0 0 0 0 0 0 0 0 0 0 0 0 0 0 0 0 0 0 0 0 0 0 0 0 0 0 0 0 0 0 0 0 0 0 0 10 0 0 0 0 0 0 0 1 86 0 3 4 0 18 30 0 0 0 0 0 0 0 13 0 0 0 0 0 0 0 0 0 0 0 0 0 0 0 0 16 0 0 0 0 0 0 0 0 0 0 0 0 
 35 335 46 199 282 135 28 33 124 44 305 0 37 39 43 45 165 43 29 26 73 0 0 0 0 3 36 0 0 0 0 2 96 76 99 0 1 4 144 5 0 0 0 3 0 0 0 0 0 0 0 0 0 0 0 0 0 0 3 0 0 0 0 2 0 3 0 2 0 0 0 0 3 0 3 0 0 2 0 0 0 0 0 20 47 23 0 0 0 0 20 36 0 0 0 1 0 0 0 0 10 0 0 0 0 0 12 7 23 11 0 0 30 22 10 13 13 28 22 15 0 0 8 0 0 0 0 0 0 0 1 0 0 0 0 0 0 1 0 0 0 0 0 0 2 0 0 0 0 0 1 0 0 0 44 0 0 0 0 0 0 14 16 46 28 27 0 0 24 11 28 25 0 0 0 10 0 12 0 0 11 34 0 0 0 0 39 44 1 18 0 1 23 20 12 0 0 14 9 31 0 0 0 0 0 0 2 0 0 0 0 0 0 0 0 0 0 0 0 0 0 0 0 0 0 0 0 0 0 0 0 0 0 0 0 0 0 0 0 0 0 0 1 0 0 4 4 0 0 16 0 11 8 0 0 0 0 0 0 0 0 0 0 0 0 0 0 0 0 0 0 0 0 0 0 0 0 0 0 0 0 0 0 0 0 0 0 0 0 11 
 147 176 153 71 283 17 83 302 112 271 265 37 0 273 46 302 183 47 78 227 2 0 0 0 1 3 3 2 1 0 3 0 0 2 0 0 0 2 3 3 45 0 2 3 0 32 0 0 0 0 0 0 2 4 0 1 0 1 3 3 2 3 0 54 0 3 0 2 0 0 0 0 3 0 3 0 0 3 0 0 25 0 0 0 0 0 0 10 32 0 4 0 23 15 30 0 10 60 56 18 0 0 0 0 0 0 0 0 0 0 0 0 10 0 0 0 2 0 0 0 0 0 1 0 0 0 0 0 0 0 0 0 0 0 0 0 0 0 2 0 0 0 9 0 0 2 0 0 0 0 0 0 0 0 0 0 0 0 0 0 15 2 0 18 1 0 1 3 0 0 24 0 27 42 16 0 45 17 16 10 0 0 2 0 0 0 0 0 0 0 0 0 0 0 0 0 0 0 0 0 0 0 0 0 0 0 0 0 0 0 0 1 0 0 0 0 0 0 0 0 0 0 0 0 0 0 0 0 0 0 0 0 0 0 0 0 0 0 0 1 0 14 0 0 0 2 2 0 0 0 0 30 0 0 0 0 0 0 0 0 0 0 9 0 0 0 0 0 0 0 0 0 0 0 0 0 0 0 0 0 0 0 0 0 0 0 0 0 0 0 
 33 111 56 104 90 41 42 123 367 102 57 39 273 0 113 19 56 89 95 113 2 0 0 0 0 3 0 0 1 0 1 0 0 2 0 0 0 3 0 3 0 0 0 3 0 0 0 0 0 0 0 0 78 0 0 0 0 0 3 0 0 0 0 2 0 3 0 2 0 0 2 0 3 0 3 0 0 2 3 0 4 1 22 10 0 14 33 42 81 16 0 0 12 0 0 21 1 20 0 2 0 0 0 0 0 0 0 0 0 0 0 0 0 0 0 0 9 0 0 0 0 0 0 0 0 0 0 0 0 0 0 0 0 1 0 19 0 0 0 0 0 0 0 0 0 16 0 0 0 0 0 0 0 0 0 0 6 0 0 0 1 6 13 7 0 0 78 0 15 5 0 1 10 17 29 0 0 7 11 19 0 1 0 0 0 0 0 0 0 0 0 0 0 0 0 0 0 0 8 1 0 0 0 0 0 0 0 0 0 0 0 0 0 0 0 0 0 0 0 0 0 0 0 0 0 0 0 0 0 0 0 0 0 2 0 0 0 0 0 0 0 0 0 0 0 0 0 0 88 0 0 7 0 0 0 0 0 0 0 0 0 0 0 0 0 0 0 0 0 0 0 0 0 0 0 0 40 0 0 0 0 0 0 0 0 0 0 0 0 0 
 125 647 235 156 367 142 32 251 478 315 102 43 46 113 0 260 49 129 91 124 0 0 0 0 0 2 0 0 0 0 0 1 1 2 0 0 0 35 0 3 43 0 0 3 0 0 0 0 0 0 0 0 1 0 0 0 0 0 3 0 0 34 0 2 0 3 0 2 5 0 0 0 3 0 3 0 0 2 1 0 11 17 1 74 0 25 10 28 20 30 44 19 0 30 16 86 30 27 0 0 0 0 0 0 0 0 21 0 0 0 0 0 0 0 8 0 12 0 0 15 16 0 0 0 0 0 0 0 0 0 1 8 0 0 0 0 6 0 0 0 0 0 0 6 0 0 0 7 0 0 0 0 0 0 9 0 0 0 0 0 14 16 23 30 0 0 25 27 18 38 20 0 16 1 14 0 1 12 18 17 0 0 0 0 0 0 0 2 0 0 0 0 1 0 0 0 0 0 6 1 0 0 1 0 0 0 2 0 0 0 0 0 12 0 0 0 0 12 0 0 0 14 0 5 0 0 0 0 0 0 0 0 0 0 0 0 0 0 0 0 0 0 0 0 0 0 2 0 96 2 0 14 0 0 0 0 0 0 0 0 0 0 0 0 0 0 0 0 0 0 0 0 0 0 0 18 15 3 0 0 0 0 0 0 0 0 0 0 0 0 
 107 136 369 127 297 164 387 115 156 276 345 45 302 19 260 0 270 115 292 243 3 0 0 3 2 3 4 3 0 0 13 0 2 4 0 3 4 2 2 7 2 4 0 5 0 1 0 0 1 3 4 2 2 9 3 2 66 3 5 1 2 0 2 6 0 6 2 2 4 0 0 0 3 3 6 3 3 3 0 0 9 43 5 11 0 2 43 5 8 19 31 0 19 48 1 16 0 39 12 19 0 0 0 0 1 0 7 0 0 0 0 0 8 0 0 0 0 0 0 34 0 1 0 0 2 0 18 0 0 0 0 0 0 0 0 0 0 12 0 0 0 0 0 0 0 0 0 0 0 0 0 0 0 0 0 0 0 0 0 0 22 9 3 44 0 0 40 0 41 1 14 2 32 22 0 12 12 21 19 0 0 0 0 0 0 0 0 0 0 0 0 0 14 0 0 0 0 0 0 0 0 0 0 2 0 0 0 0 0 0 0 0 0 0 0 0 0 0 0 0 0 0 0 0 0 0 0 0 0 0 0 2 0 0 0 0 0 0 0 0 0 24 0 0 0 2 84 0 2 1 14 7 0 0 0 0 0 0 0 0 0 0 0 0 1 0 0 0 0 0 0 0 2 0 0 0 29 13 0 0 0 0 0 0 0 0 0 0 0 0 
 128 117 85 154 136 144 126 116 144 109 97 165 183 56 49 270 0 64 240 96 0 0 0 0 0 3 74 0 0 0 0 0 73 2 0 2 0 3 0 3 0 0 7 3 0 0 0 0 3 0 62 0 64 0 0 0 0 0 3 0 0 0 0 34 0 3 0 2 0 0 0 0 3 0 3 0 0 3 0 0 0 10 50 0 0 22 0 40 31 12 15 14 27 0 1 14 0 34 14 0 0 0 21 0 0 0 21 0 0 0 0 0 11 0 0 0 11 0 0 7 0 0 0 1 0 0 0 0 0 0 0 0 0 0 0 0 0 0 0 0 0 0 0 0 0 0 0 0 0 0 0 0 11 0 0 0 0 0 0 0 0 0 28 7 0 7 2 0 10 11 11 0 0 19 15 6 4 14 0 0 0 0 0 6 0 0 0 10 0 0 0 0 0 7 0 0 0 0 0 0 0 0 0 0 0 0 0 0 0 0 0 0 0 0 0 0 0 0 0 0 0 0 0 0 0 0 0 0 0 0 0 0 0 0 0 0 0 0 0 0 0 5 0 0 0 0 2 0 89 4 2 2 13 0 0 0 0 0 0 0 0 0 0 0 0 0 0 0 0 0 0 0 0 0 0 0 26 0 0 0 0 0 0 0 0 0 0 0 0 0 
 19 309 165 266 38 40 442 214 38 116 284 43 47 89 129 115 64 0 118 40 0 1 0 0 0 2 0 2 0 0 0 0 0 2 0 0 0 2 1 4 0 0 0 3 0 0 0 0 61 0 0 0 0 0 0 0 0 0 3 0 0 0 0 2 0 2 0 3 0 0 0 0 2 0 2 0 0 2 0 8 28 0 20 22 0 0 11 15 18 27 0 0 9 13 35 0 14 13 2 11 0 0 1 0 0 0 0 0 0 0 0 0 0 0 0 0 2 0 0 0 0 0 0 0 0 0 0 0 0 0 9 0 0 0 0 2 0 0 2 0 0 0 0 0 2 0 0 0 19 0 0 0 0 0 0 0 18 1 0 0 15 0 12 0 20 4 18 14 0 12 10 22 0 17 13 0 36 2 17 0 0 0 0 2 0 0 0 0 0 0 0 0 0 0 0 0 0 0 0 0 0 0 0 0 0 0 0 0 0 0 0 7 19 0 0 0 0 0 0 0 0 0 0 0 0 0 0 0 0 0 0 0 0 0 0 0 0 0 17 0 0 0 0 0 0 0 1 1 3 0 5 9 0 0 0 0 0 0 0 0 0 0 0 0 0 0 0 0 0 1 0 0 0 0 0 38 0 0 0 0 0 0 0 0 0 0 0 0 0 1 
 23 46 134 111 84 66 143 57 80 177 40 29 78 95 91 292 240 118 0 273 0 0 3 5 0 6 6 0 3 0 0 2 40 74 2 0 0 6 0 3 0 0 0 3 55 4 0 0 0 0 2 0 3 0 0 0 0 0 3 2 0 0 0 2 3 3 52 2 3 0 3 1 3 0 5 0 1 8 0 0 0 0 33 0 0 0 48 2 0 27 0 0 12 52 0 0 0 0 35 0 0 0 0 0 0 0 0 0 0 0 0 0 0 0 0 0 0 0 0 0 0 0 0 0 0 0 0 0 0 0 0 0 0 0 0 0 0 0 0 0 0 0 0 0 0 0 0 0 0 0 0 0 0 0 0 0 0 0 0 9 6 0 16 0 0 0 47 0 0 0 1 0 0 0 1 0 0 0 6 15 0 30 0 0 0 12 0 0 0 0 0 0 0 0 0 0 0 0 0 0 0 0 0 0 0 0 0 0 0 0 0 0 7 0 0 0 0 0 0 0 0 0 0 0 0 0 0 0 0 0 0 0 0 0 0 0 0 0 0 0 0 0 0 0 0 0 0 0 1 2 9 12 0 0 0 0 0 0 0 2 0 0 0 0 0 0 0 0 0 0 0 0 0 0 0 0 0 0 0 0 0 0 0 0 0 0 0 0 0 0 
 137 140 440 49 189 135 126 186 256 45 52 26 227 113 124 243 96 40 273 0 0 201 0 0 0 3 0 0 0 0 0 1 0 2 0 1 0 3 0 3 0 0 6 3 0 0 0 0 0 0 0 0 0 0 0 0 0 0 3 0 0 0 0 2 0 3 0 2 0 0 0 0 3 53 3 0 0 2 0 89 1 11 17 0 0 23 67 21 10 12 21 12 37 34 0 12 10 4 17 1 0 0 0 0 0 0 10 0 0 0 0 0 10 0 0 0 0 0 0 0 0 0 0 0 0 0 0 0 0 0 0 0 0 0 0 0 0 0 0 0 0 0 0 0 0 0 0 0 0 0 0 0 0 0 3 0 0 0 0 0 4 12 2 2 0 0 58 7 0 24 11 1 8 20 19 0 19 16 1 7 6 0 0 0 0 0 0 0 0 0 0 0 0 0 0 0 0 0 0 0 0 0 0 13 0 0 0 0 0 0 0 0 0 0 0 0 0 0 0 0 0 0 0 0 0 0 0 0 0 0 0 0 0 0 0 0 0 0 0 0 0 6 0 0 0 0 1 1 1 0 6 15 0 0 0 0 0 0 0 0 0 0 0 0 0 0 0 0 0 0 0 0 0 0 0 1 0 0 0 0 0 0 0 0 0 0 0 0 0 0 
 0 0 0 0 17 0 0 0 2 0 66 73 2 2 0 3 0 0 0 0 0 263 93 37 33 60 307 352 311 45 124 124 64 393 430 63 329 157 103 208 0 0 1 2 3 0 0 3 0 0 0 0 0 0 0 0 3 3 0 3 0 2 0 0 2 0 0 0 32 0 0 3 0 2 3 0 0 0 0 0 0 0 0 0 10 15 0 0 1 0 0 13 0 0 0 0 0 0 1 0 40 29 22 7 0 0 2 45 0 10 7 1 8 1 19 0 0 20 20 1 0 0 0 0 1 0 16 0 0 0 0 0 0 0 0 0 0 0 2 0 0 0 0 0 0 0 0 0 0 0 0 0 0 0 0 0 0 0 0 0 0 0 0 6 0 7 0 0 0 0 34 15 0 0 0 0 0 0 0 0 35 0 53 38 0 24 0 15 18 23 12 32 0 62 26 10 21 0 9 0 0 0 8 0 0 29 0 0 0 0 0 0 14 1 0 0 0 0 0 0 0 0 0 0 0 0 0 0 0 0 0 0 0 0 1 0 0 0 0 0 0 0 1 0 0 0 0 0 0 0 0 0 19 0 2 0 2 13 0 2 2 2 0 0 0 0 0 0 0 0 0 0 0 0 0 0 0 2 0 10 0 12 0 0 0 0 0 0 0 0 
 0 0 0 0 74 0 0 2 0 94 74 0 0 0 0 0 0 1 0 201 263 0 87 115 119 133 281 303 151 131 193 302 62 239 289 268 192 110 218 178 0 0 0 2 4 0 0 3 0 0 0 0 0 64 0 0 209 4 0 0 0 2 0 0 2 0 0 0 0 0 0 3 1 6 3 0 0 0 0 0 0 0 0 0 14 0 0 0 0 0 0 0 0 0 0 0 0 0 0 2 12 11 33 21 1 0 1 4 0 12 1 12 0 40 27 8 19 20 10 12 0 0 0 0 0 0 16 0 0 0 0 0 1 0 0 0 0 0 17 1 0 0 0 0 13 0 0 0 0 0 0 0 0 0 0 0 0 0 0 14 0 3 0 0 0 0 0 0 0 0 24 10 0 0 0 0 0 5 0 0 14 23 15 0 12 13 0 21 13 0 35 0 9 31 11 15 6 0 15 0 0 0 0 0 0 0 0 0 0 0 0 0 0 0 2 1 2 0 0 0 0 0 0 0 0 0 0 0 0 1 0 0 1 0 0 0 0 0 0 0 0 0 0 0 0 0 0 0 0 0 0 0 0 0 14 0 0 80 0 0 2 0 0 0 0 0 0 0 0 0 0 0 0 0 0 0 0 0 0 0 0 0 0 0 0 0 0 0 0 0 
 0 0 0 0 0 0 0 0 2 0 0 0 0 0 0 0 0 0 3 0 93 87 0 259 57 552 153 188 97 154 124 320 49 179 345 68 258 74 39 32 0 0 0 2 0 0 15 3 0 0 0 0 0 130 0 0 3 0 7 0 0 2 0 0 2 0 0 0 0 0 0 3 5 3 3 0 0 0 0 0 0 0 19 0 0 0 0 0 0 0 0 0 0 0 0 0 0 0 0 0 29 0 15 15 48 22 0 15 11 11 78 19 73 0 12 12 18 10 0 0 0 0 0 0 0 0 19 0 0 19 0 0 1 0 0 0 0 0 38 1 0 0 0 0 0 0 0 0 0 0 0 0 0 0 0 0 0 0 0 0 0 0 0 0 0 0 0 0 6 0 0 0 6 18 0 16 0 0 0 6 0 0 31 0 19 22 0 0 13 16 13 35 0 0 16 0 39 23 0 17 1 0 0 0 0 0 0 13 0 0 0 0 58 8 13 27 0 0 25 26 0 0 0 0 0 1 0 0 0 0 0 0 0 0 0 0 0 0 0 0 0 0 0 0 0 0 0 0 0 0 0 0 0 0 5 0 0 201 2 0 8 0 0 0 0 0 0 0 0 0 0 0 0 0 0 0 0 0 0 10 0 3 0 0 0 0 0 0 0 1 
 2 0 1 0 0 0 0 0 3 0 1 0 0 0 0 3 0 0 5 0 37 115 259 0 309 60 67 83 414 531 289 318 280 110 80 56 338 112 115 259 64 66 5 5 2 3 65 2 1 0 0 2 1 95 0 0 3 0 0 64 14 16 0 1 2 0 53 0 2 3 0 5 3 6 5 3 3 3 0 3 0 0 0 0 0 0 0 0 0 0 0 0 2 0 0 0 0 0 0 0 0 13 11 0 20 17 2 0 1 19 59 23 0 0 0 0 0 8 0 0 1 0 20 0 0 0 20 0 0 0 0 0 9 11 12 11 1 0 20 0 0 0 0 0 0 0 0 0 0 0 0 1 0 0 0 0 0 0 0 0 0 0 0 0 0 0 0 0 6 0 0 0 8 0 0 0 0 0 0 0 0 33 13 28 67 0 0 1 28 11 40 33 0 0 0 13 14 1 0 0 0 0 1 0 0 0 0 1 0 0 0 0 0 0 0 18 35 0 35 16 0 33 0 0 0 0 0 0 0 0 13 0 0 0 0 0 0 0 0 0 0 0 0 0 0 0 0 0 0 3 0 0 0 0 5 0 2 6 49 0 0 1 0 0 0 0 11 1 0 0 0 0 0 0 0 0 0 0 0 0 0 25 0 0 0 0 0 0 0 0 
 85 0 0 0 0 0 0 0 0 0 0 0 1 0 0 2 0 0 0 0 33 119 57 309 0 369 294 126 322 189 141 128 269 170 126 177 139 343 64 154 55 0 0 2 0 0 7 77 63 1 0 2 0 0 0 0 10 63 23 29 10 9 0 0 2 2 3 0 0 0 0 3 0 2 3 0 1 0 4 0 0 0 0 0 0 0 0 0 0 0 0 0 0 0 2 8 0 0 0 0 14 20 0 0 0 14 0 0 0 10 0 0 0 0 0 1 0 0 0 0 20 11 11 12 0 0 0 0 0 0 3 2 16 19 0 0 29 0 0 4 0 0 0 0 0 0 7 0 0 0 0 0 0 0 0 0 0 0 0 0 0 11 21 0 0 0 0 0 0 0 6 0 0 0 0 0 0 12 0 0 0 0 0 25 23 12 0 0 0 2 12 0 0 0 14 29 1 1 0 0 24 11 19 4 1 0 32 23 27 12 0 17 0 33 2 0 0 0 9 10 0 0 0 0 0 0 7 0 0 0 0 0 0 0 0 0 0 0 0 0 0 0 0 0 0 0 0 0 0 0 0 0 0 0 0 3 0 0 0 0 3 0 0 0 0 0 0 0 0 0 0 0 0 0 0 0 0 0 0 0 0 0 0 0 16 0 0 0 0 0 
 3 3 3 79 5 3 4 3 2 3 3 3 3 3 2 3 3 2 6 3 60 133 552 60 369 0 45 325 120 142 122 216 29 268 285 165 77 288 41 71 66 54 0 3 0 0 0 2 63 24 1 0 65 29 61 0 65 0 60 63 0 2 38 0 2 0 0 0 0 0 0 2 0 2 3 0 0 0 0 0 0 0 0 0 0 0 0 0 3 0 0 0 0 0 0 0 0 0 0 0 0 0 9 7 47 30 0 0 0 22 37 10 0 0 1 20 0 35 0 0 2 26 0 0 21 0 12 0 0 0 0 0 0 0 17 1 0 14 58 0 0 0 0 0 0 0 0 19 0 0 0 0 0 0 0 0 0 0 0 0 0 3 6 0 0 0 0 0 0 0 0 0 0 0 0 0 0 0 0 10 0 0 23 25 0 28 2 0 19 34 15 0 0 0 14 14 49 35 0 0 1 0 14 1 0 0 22 2 0 1 1 0 54 2 16 27 0 6 20 28 0 0 0 0 0 0 0 0 0 0 0 0 0 0 0 0 0 0 1 0 0 0 14 0 0 0 0 0 0 0 0 0 0 1 6 5 0 16 8 1 1 1 0 0 0 0 0 0 0 0 0 0 0 0 0 0 0 0 0 21 0 0 1 0 0 0 0 0 0 0 
 0 0 0 74 75 75 0 1 2 74 75 36 3 0 0 4 74 0 6 0 307 281 153 67 294 45 0 121 77 412 111 333 114 240 263 65 201 212 127 200 0 0 0 2 13 0 0 3 0 0 0 0 0 0 0 0 3 5 1 5 0 2 0 0 2 0 0 0 0 0 0 3 0 2 3 0 0 0 0 0 0 0 14 0 20 29 0 0 0 0 0 14 0 0 0 0 0 0 0 0 29 7 18 8 0 1 11 20 0 29 9 9 0 30 6 24 0 3 28 1 0 0 0 0 0 0 0 0 0 0 0 0 0 0 0 0 0 0 1 0 0 0 1 0 9 0 2 1 0 0 6 0 0 0 0 0 0 0 0 0 0 7 19 4 0 0 17 0 14 0 58 0 0 0 0 1 0 0 0 0 25 14 0 9 4 23 20 36 31 7 42 0 9 29 54 39 26 0 1 5 2 0 43 0 1 2 0 0 0 0 0 0 0 0 0 0 0 0 0 0 0 0 0 0 0 0 0 0 0 0 0 0 0 0 0 1 0 0 0 0 0 0 0 0 0 2 74 0 0 0 0 0 20 0 8 0 0 77 0 2 4 0 0 0 0 0 0 0 0 0 0 0 0 0 0 0 0 0 0 4 0 0 0 0 0 1 0 0 0 0 
 0 0 0 0 0 0 0 0 2 0 0 0 2 0 0 3 0 2 0 0 352 303 188 83 126 325 121 0 343 170 387 273 160 273 132 163 106 382 70 64 0 0 0 2 0 1 0 3 0 0 0 0 0 0 0 0 3 1 0 0 9 8 0 0 2 0 0 0 0 0 0 3 0 0 3 0 0 0 0 0 0 0 0 0 0 0 0 0 0 0 0 1 0 0 0 0 0 0 0 0 10 44 11 1 0 11 19 25 12 22 7 0 1 12 26 13 11 20 11 14 0 0 0 0 0 0 8 0 0 0 0 0 17 25 0 0 0 0 7 0 0 1 0 0 0 0 0 0 0 0 0 0 0 0 10 0 2 0 0 0 0 0 0 0 13 8 0 0 0 0 0 12 0 0 0 0 0 0 0 0 11 3 75 41 0 11 1 14 30 50 0 35 0 11 1 13 7 33 9 0 0 0 0 0 0 0 0 0 0 0 0 0 8 0 1 0 11 0 0 0 0 0 0 0 0 0 0 0 0 0 0 0 0 0 0 0 0 0 0 0 0 0 17 0 0 1 0 0 0 0 0 0 0 0 6 0 3 78 0 0 75 0 0 0 0 0 48 0 0 0 0 0 0 0 0 0 0 0 0 11 0 6 0 0 0 0 0 0 0 11 
 0 4 0 0 0 0 0 0 0 0 0 0 1 1 0 0 0 0 3 0 311 151 97 414 322 120 77 343 0 164 127 133 81 196 314 142 159 343 178 348 0 0 0 2 0 0 0 65 0 0 0 0 0 61 0 0 3 0 0 30 9 8 0 0 2 0 0 0 0 7 0 3 0 0 3 0 0 0 0 0 0 0 0 0 1 0 0 0 0 0 0 0 0 0 0 0 0 0 0 0 26 49 8 0 11 24 0 17 18 9 11 0 13 15 27 8 11 23 10 17 0 0 0 0 0 0 0 0 0 0 0 0 11 11 0 10 0 0 6 0 0 0 0 0 0 0 0 0 0 0 0 0 0 0 0 0 0 15 0 0 0 0 0 0 7 8 0 0 0 0 3 12 0 0 3 0 0 0 0 0 24 0 41 29 0 11 1 1 35 53 0 44 0 8 0 17 0 32 1 0 0 0 0 0 0 0 0 0 0 0 0 17 0 1 0 7 0 0 6 1 0 0 0 0 0 0 2 0 1 0 0 0 0 0 0 0 0 0 0 0 0 0 9 0 0 0 1 0 0 0 0 0 0 0 7 2 0 1 0 2 2 0 0 0 0 0 35 0 0 0 0 0 0 0 0 0 0 0 0 0 0 21 0 0 0 0 0 11 0 0 
 0 0 0 0 0 2 2 0 0 0 0 0 0 0 0 0 0 0 0 0 45 131 154 531 189 142 412 170 164 0 117 165 38 304 168 159 412 209 295 371 0 2 2 2 6 0 0 2 2 0 2 0 0 0 1 0 3 0 2 2 4 5 0 0 2 1 3 45 0 0 0 2 0 3 6 2 3 3 9 0 0 0 0 0 0 0 0 0 0 0 0 0 0 0 0 0 0 0 0 0 57 27 1 18 1 11 0 12 0 63 8 25 0 3 8 21 0 16 0 0 0 0 3 0 0 0 37 0 0 0 0 0 1 18 0 0 0 0 20 1 0 0 0 0 0 0 0 0 0 0 0 0 0 0 0 0 0 0 0 0 0 7 0 0 0 0 0 0 0 0 15 0 0 1 0 0 0 0 0 0 1 36 10 24 40 24 0 0 0 30 36 13 0 6 25 67 25 0 0 0 0 0 0 0 0 0 0 0 46 0 0 0 11 0 0 4 0 0 25 0 0 0 0 0 0 0 0 0 0 0 0 0 0 0 0 0 0 0 0 0 0 0 0 0 0 0 0 0 0 0 0 0 0 0 17 0 0 80 1 0 0 0 0 0 0 0 0 0 0 0 0 0 0 0 0 0 0 0 0 12 0 23 0 0 0 0 0 0 0 0 
 1 0 0 0 0 0 0 0 2 0 0 0 3 1 0 13 0 0 0 0 124 193 124 289 141 122 111 387 127 117 0 64 33 123 144 79 174 428 106 131 0 0 0 2 4 0 23 3 0 0 0 0 4 0 1 0 3 6 0 115 0 2 42 0 2 0 0 0 0 0 0 3 24 1 3 2 0 0 2 0 0 0 0 0 0 0 0 12 0 0 0 0 0 0 0 0 0 0 0 0 28 9 23 22 14 0 0 11 20 13 40 11 10 0 0 28 2 26 9 0 1 0 0 0 0 0 0 6 0 0 0 0 6 0 14 0 2 0 6 18 0 0 0 0 0 0 0 0 0 0 0 0 0 0 0 0 0 0 0 0 0 0 0 0 0 0 0 0 0 0 4 0 0 0 0 0 0 0 0 0 24 8 12 20 10 14 0 9 10 21 13 12 0 15 19 9 27 40 0 11 0 1 0 0 0 0 0 12 12 0 0 0 30 8 0 10 0 0 34 12 0 0 0 0 0 0 2 0 0 0 0 0 0 0 0 0 0 0 0 0 0 0 0 0 0 0 0 0 0 0 0 0 0 0 8 0 1 9 0 2 0 9 0 0 0 0 0 0 0 0 0 0 0 0 0 0 2 0 0 11 0 0 0 0 0 0 12 0 0 0 
 0 3 0 0 1 0 0 0 2 0 0 2 0 0 1 0 0 0 2 1 124 302 320 318 128 216 333 273 133 165 64 0 23 137 335 125 422 150 237 44 84 22 0 2 0 0 0 2 0 0 0 0 0 0 0 0 4 0 0 0 16 9 0 0 2 0 2 0 0 3 0 2 39 2 5 0 0 2 0 0 0 0 0 0 0 0 0 0 0 0 0 0 0 0 0 0 0 0 0 0 0 8 12 14 3 21 0 3 0 50 2 16 0 0 12 0 0 15 1 0 0 14 11 8 0 0 13 0 0 0 7 0 21 29 15 11 1 0 13 40 0 0 0 0 0 0 0 0 0 0 0 0 0 0 0 0 0 0 0 0 0 0 0 0 2 0 0 0 2 0 0 0 3 0 0 0 0 2 9 0 0 31 30 16 1 19 0 0 2 32 14 0 0 0 14 9 68 0 0 0 7 9 0 0 0 0 7 9 12 0 0 7 32 13 0 22 4 11 0 0 0 0 0 0 0 0 0 0 0 0 0 0 0 0 0 0 1 0 0 0 0 0 0 0 0 0 0 0 0 0 0 2 0 0 9 0 4 123 151 1 2 2 1 0 0 0 34 0 0 0 0 0 0 0 0 0 0 0 0 9 0 0 0 0 0 0 0 0 0 0 
 0 79 0 136 81 72 0 0 5 41 73 96 0 0 1 2 73 0 40 0 64 62 49 280 269 29 114 160 81 38 33 23 0 149 254 53 74 45 174 242 0 0 0 2 1 0 0 3 2 0 0 0 0 0 0 10 3 0 0 0 0 2 0 0 2 0 2 0 3 7 0 3 0 0 3 0 0 0 0 0 0 0 58 10 37 0 0 0 0 0 1 49 0 0 0 10 4 0 0 2 10 0 0 0 0 0 10 6 13 0 0 0 11 27 0 15 14 20 17 31 0 0 0 0 0 0 0 0 4 0 0 0 0 0 1 0 0 0 0 0 0 0 0 0 5 0 0 0 0 0 2 0 0 0 0 0 0 0 8 0 0 0 12 0 10 28 0 0 12 9 26 0 0 0 0 15 0 1 0 0 11 1 0 0 0 0 23 23 6 0 0 1 26 1 19 0 0 0 10 34 0 0 1 0 0 0 0 0 0 0 0 0 0 0 0 0 2 0 0 0 0 0 0 0 0 0 0 0 0 1 0 0 1 0 0 0 0 0 0 0 0 0 0 0 1 0 3 0 0 74 0 1 9 0 10 2 0 0 0 5 3 0 21 0 0 0 0 0 0 0 0 0 0 0 0 0 0 0 0 0 0 0 0 0 0 0 0 0 0 0 
 2 2 4 76 2 2 2 2 2 76 25 76 2 2 2 4 2 2 74 2 393 239 179 110 170 268 240 273 196 304 123 137 149 0 257 59 199 85 163 124 0 0 0 2 0 0 0 3 0 2 0 0 0 0 0 2 3 0 0 2 0 2 0 0 4 0 0 0 0 0 2 5 1 2 4 0 3 0 0 0 0 0 0 12 18 0 0 0 0 7 0 14 0 0 0 0 10 0 0 0 13 0 24 20 18 0 0 2 15 80 6 24 8 0 14 0 14 11 0 0 0 0 22 0 0 0 1 0 0 0 0 0 0 0 0 0 0 0 0 10 0 0 0 0 0 9 0 0 0 0 0 14 0 0 0 0 0 0 0 0 0 3 0 0 0 15 0 0 0 0 9 1 0 0 0 0 0 0 0 0 24 26 10 0 38 36 13 1 0 20 41 0 15 18 23 7 39 23 0 9 0 0 0 0 0 0 0 0 0 0 0 0 25 0 0 0 0 0 8 0 0 0 0 0 0 0 0 0 0 0 0 0 0 0 0 0 0 0 0 0 0 0 0 0 0 0 82 0 0 0 0 1 0 0 12 0 0 51 2 2 1 0 0 0 0 0 0 0 0 0 0 0 0 0 0 0 0 0 0 11 0 0 0 0 0 0 13 0 0 0 
 0 0 0 74 35 0 0 0 1 0 24 99 0 0 0 0 0 0 2 0 430 289 345 80 126 285 263 132 314 168 144 335 254 257 0 89 192 180 128 695 0 0 0 2 5 0 0 3 0 1 8 0 87 0 0 0 3 14 0 8 0 2 0 0 8 0 0 0 0 0 8 3 0 6 9 0 0 4 0 0 0 0 0 0 22 34 0 0 2 0 0 0 14 0 0 0 0 0 0 0 13 9 34 10 0 0 0 121 0 71 8 19 18 15 8 11 0 10 30 0 0 0 0 0 1 0 0 0 0 0 0 0 0 0 0 0 0 0 0 0 0 0 0 0 2 0 0 0 0 0 3 0 0 0 0 2 1 0 0 0 0 3 0 9 0 0 0 49 0 0 13 14 0 0 2 0 0 0 0 0 50 12 0 12 11 29 12 18 2 2 28 6 1 30 71 33 13 0 0 7 0 0 0 0 0 0 0 0 2 0 0 0 0 0 0 0 0 0 0 0 0 0 0 0 0 0 0 0 0 0 0 0 0 11 0 0 0 0 0 0 0 0 0 0 0 0 0 0 0 0 0 0 19 0 12 0 2 74 0 0 0 0 0 0 0 0 0 0 0 0 0 2 0 0 0 0 0 0 0 0 0 0 0 0 0 0 0 0 0 0 
 0 0 0 5 0 73 0 2 0 0 1 0 0 0 0 3 2 0 0 1 63 268 68 56 177 165 65 163 142 159 79 125 53 59 89 0 569 51 117 134 0 0 0 2 0 0 0 4 0 0 0 0 0 0 0 0 4 0 28 0 7 9 0 0 2 0 0 0 0 0 0 4 0 1 3 0 0 0 0 0 0 0 0 1 1 15 0 0 0 0 0 0 0 0 0 0 0 0 0 0 15 38 1 0 9 19 28 15 50 18 10 17 0 26 38 24 27 0 2 18 5 0 0 0 0 0 1 0 0 0 0 0 17 10 0 0 21 0 10 0 0 0 0 0 0 0 0 0 0 0 0 1 0 0 0 0 0 0 0 0 0 0 4 0 10 22 0 0 0 0 0 18 0 0 0 0 0 1 0 5 0 2 63 42 20 15 16 9 20 14 0 12 0 12 21 33 8 33 0 0 0 1 0 0 0 7 24 0 11 0 0 0 11 24 12 0 0 0 0 36 0 0 0 0 0 0 0 0 0 0 0 0 0 0 0 0 2 0 0 0 0 0 11 0 0 0 0 0 0 0 0 0 0 0 4 2 0 0 0 4 0 1 1 0 0 0 0 0 0 0 0 0 0 0 0 0 0 0 0 0 0 18 0 0 0 10 0 0 0 0 
 0 0 0 5 2 0 0 0 1 0 1 1 0 0 0 4 0 0 0 0 329 192 258 338 139 77 201 106 159 412 174 422 74 199 192 569 0 127 43 154 0 0 0 2 0 0 0 3 0 0 0 0 0 0 0 0 3 2 0 0 0 2 0 0 2 0 0 3 0 0 3 3 20 2 3 0 0 3 0 0 0 1 0 0 0 0 0 0 0 2 0 0 0 0 0 0 0 0 0 0 3 0 37 17 30 1 0 28 14 37 0 11 34 57 50 48 43 10 4 18 0 0 2 0 0 3 2 0 0 0 0 0 0 0 0 0 0 0 0 0 0 0 0 1 0 2 0 0 0 0 0 0 0 0 0 0 0 0 1 0 0 13 0 0 7 1 0 0 0 0 10 31 0 0 0 0 0 0 0 0 0 13 24 0 28 41 0 0 0 22 31 0 2 19 14 13 29 15 11 0 0 0 0 0 0 0 2 1 0 0 0 0 13 0 0 0 0 0 0 0 0 0 0 2 0 0 0 0 0 0 0 0 0 0 0 0 0 0 0 0 0 0 9 0 0 0 2 0 0 0 0 0 0 0 5 4 1 12 0 2 1 1 1 0 0 0 0 0 0 0 0 0 0 0 0 0 0 0 0 10 0 0 0 0 0 0 0 0 0 0 
 2 2 2 2 2 2 2 2 2 2 2 4 2 3 35 2 3 2 6 3 157 110 74 112 343 288 212 382 343 209 428 150 45 85 180 51 127 0 107 47 0 0 0 2 8 2 0 3 0 0 0 0 0 3 0 0 3 3 2 1 8 61 0 0 2 3 0 0 0 2 2 5 1 1 3 2 3 0 0 1 0 0 0 0 0 0 0 0 0 0 0 0 0 0 0 0 0 18 0 0 49 80 27 6 0 10 0 18 11 0 2 12 27 21 49 7 12 42 2 13 0 0 0 0 0 0 0 0 0 0 0 0 0 8 0 0 0 0 1 0 0 0 0 9 0 0 0 7 0 0 0 0 0 0 1 0 0 0 0 0 0 3 0 0 0 8 0 0 0 0 9 0 0 0 0 0 0 0 0 0 24 9 39 9 11 12 0 22 50 19 26 45 0 35 12 34 1 3 2 0 0 0 0 13 0 0 19 0 0 0 0 0 0 0 0 0 0 0 0 1 0 19 0 0 0 0 2 0 0 0 0 0 0 0 0 0 14 0 0 0 0 0 0 0 0 0 1 0 0 0 0 1 0 0 2 3 0 2 3 5 4 0 64 0 0 0 11 0 0 0 0 0 0 1 0 0 2 0 0 0 0 21 0 0 0 0 2 0 0 0 
 0 0 0 2 92 0 1 3 0 0 63 144 3 0 0 2 0 1 0 0 103 218 39 115 64 41 127 70 178 295 106 237 174 163 128 117 43 107 0 189 0 0 0 2 4 0 0 2 0 0 201 0 0 0 0 0 3 1 0 0 0 2 0 0 2 0 0 0 0 0 0 2 0 3 3 0 0 0 0 0 0 0 0 0 29 16 0 0 0 0 0 17 0 0 0 0 0 2 0 0 50 8 15 1 0 0 13 32 12 2 0 0 16 26 25 9 22 23 84 40 0 0 0 0 0 0 0 0 14 0 0 0 0 0 0 0 0 0 0 0 0 0 0 0 1 0 0 0 0 0 0 0 9 0 2 0 0 1 0 0 0 1 1 7 12 34 2 0 0 28 2 12 0 0 0 36 0 0 2 0 5 0 20 8 0 0 19 29 25 13 0 15 11 19 0 0 0 7 11 26 0 0 0 2 0 0 0 0 0 0 0 0 0 0 0 0 0 1 0 0 2 0 0 0 0 0 0 0 0 0 0 0 32 0 0 0 0 0 2 0 0 0 0 0 0 0 0 0 0 0 0 0 13 2 5 0 0 0 0 2 0 0 0 0 0 0 0 0 0 0 0 0 0 0 0 0 0 0 0 0 0 9 0 0 0 0 0 0 0 0 
 9 24 5 77 77 32 3 4 3 167 82 5 3 3 3 7 3 4 3 3 208 178 32 259 154 71 200 64 348 371 131 44 242 124 695 134 154 47 189 0 0 0 1 2 0 0 0 3 67 0 0 0 0 0 0 6 3 0 0 61 0 2 0 0 2 0 0 0 0 0 0 3 1 0 3 0 0 0 0 0 0 0 2 2 16 0 0 2 32 13 0 15 0 0 0 0 10 0 0 0 11 15 78 0 1 0 11 5 18 0 0 0 0 38 16 74 2 0 53 1 1 0 0 0 0 0 0 0 0 0 0 0 0 0 0 2 0 1 0 0 0 0 0 0 4 0 0 0 0 0 4 0 0 13 0 0 0 0 0 0 0 3 0 0 0 0 0 0 1 0 16 12 0 1 0 2 0 7 0 0 0 0 0 0 20 10 21 9 15 0 10 2 31 15 14 17 0 0 31 19 0 0 0 0 0 0 0 0 0 0 0 0 0 0 0 1 0 0 0 0 0 0 0 0 0 0 0 0 0 0 0 0 10 0 0 0 0 0 0 0 0 0 0 0 0 0 75 0 0 0 0 0 0 0 4 0 0 0 0 2 1 0 12 0 0 0 0 0 0 0 0 0 0 0 0 0 0 0 0 0 0 0 0 0 0 10 0 0 0 0 
 0 0 0 0 63 0 0 0 3 0 0 0 45 0 43 2 0 0 0 0 0 0 0 64 55 66 0 0 0 0 0 84 0 0 0 0 0 0 0 0 0 237 77 266 246 26 181 188 191 320 30 40 140 146 164 470 123 247 214 247 0 0 4 7 4 0 2 0 0 0 4 0 6 5 0 0 0 1 0 0 0 0 0 0 0 0 0 1 0 0 0 0 0 0 0 0 0 0 0 0 0 0 0 0 0 0 0 0 0 0 0 0 0 0 0 0 0 0 0 0 28 41 29 28 8 9 9 0 12 0 13 5 9 20 5 1 7 46 1 16 0 0 7 0 0 0 1 0 0 0 0 3 0 0 0 7 0 0 1 10 0 0 0 0 0 0 0 0 2 0 0 0 3 0 0 0 0 0 0 0 0 0 0 0 10 0 0 0 0 0 0 0 0 0 0 0 0 0 0 0 8 10 32 23 0 0 10 19 0 9 8 10 0 7 20 19 7 1 0 1 0 0 0 0 0 7 0 0 0 0 0 7 19 0 0 0 0 0 0 0 0 0 0 0 0 0 0 0 0 0 0 0 0 0 0 0 0 0 65 0 0 0 0 0 2 1 2 0 0 0 10 0 0 0 0 0 0 0 0 0 0 0 0 0 0 0 0 0 0 0 
 0 0 0 0 0 0 0 0 0 0 0 0 0 0 0 4 0 0 0 0 0 0 0 66 0 54 0 0 0 2 0 22 0 0 0 0 0 0 0 0 237 0 175 86 28 117 61 125 127 112 87 246 343 89 326 40 243 100 143 32 0 0 1 12 0 8 2 0 0 0 27 0 5 0 0 0 2 0 0 0 0 0 0 0 0 0 0 0 0 0 0 0 0 0 0 0 0 0 0 0 0 0 0 0 0 0 0 0 0 0 0 0 0 0 0 0 0 0 0 0 10 22 20 0 11 12 64 0 52 0 0 16 10 37 18 0 1 7 9 16 0 0 0 0 5 0 4 0 0 0 0 0 0 0 0 9 0 0 0 1 0 0 0 0 0 0 0 0 2 0 0 0 3 0 0 0 0 0 0 0 0 0 0 0 0 12 0 0 0 0 0 0 0 0 0 0 0 0 0 0 0 23 11 16 0 3 6 12 58 2 6 0 0 0 9 14 4 0 0 0 0 0 0 0 0 7 1 30 0 0 0 0 14 0 0 0 0 0 55 0 0 0 15 0 0 0 0 0 0 0 0 0 0 0 0 0 0 0 62 0 0 0 0 0 0 1 1 0 0 0 9 0 0 0 0 0 0 0 0 0 0 0 0 0 14 0 0 0 0 0 
 7 1 8 0 4 10 0 0 0 0 0 0 2 0 0 0 7 0 0 6 1 0 0 5 0 0 0 0 0 2 0 0 0 0 0 0 0 0 0 1 77 175 0 317 89 124 27 142 160 349 99 119 279 42 69 174 80 137 53 41 0 0 0 29 0 1 112 0 0 0 0 0 69 0 0 0 0 0 0 0 0 8 0 0 0 6 0 4 6 6 7 0 0 0 0 0 0 8 1 0 0 0 0 0 0 0 7 0 0 0 0 0 3 0 0 0 0 0 6 0 0 0 0 4 2 10 0 3 9 14 34 0 0 0 0 10 14 31 0 0 4 12 0 0 0 0 54 24 1 0 0 1 4 0 9 0 0 0 10 27 0 0 0 0 9 0 0 0 0 0 0 0 0 3 0 0 5 0 0 0 0 0 12 0 0 0 0 0 0 0 0 0 0 0 0 0 0 0 0 3 0 2 0 2 8 20 0 0 23 9 10 16 0 0 0 0 0 49 0 0 16 11 0 0 0 0 7 1 0 0 0 0 36 11 15 0 0 0 49 24 0 7 0 0 0 0 0 0 0 0 0 2 0 1 0 0 0 0 0 0 0 0 34 67 0 1 0 0 0 0 0 0 0 0 0 0 0 0 0 0 0 0 0 0 1 0 0 0 0 0 
 3 3 3 4 3 3 3 3 6 3 3 3 3 3 3 5 3 3 3 3 2 2 2 5 2 3 2 2 2 2 2 2 2 2 2 2 2 2 2 2 266 86 317 0 107 115 111 294 74 188 78 176 290 65 63 127 56 66 60 64 0 57 0 0 0 5 3 2 0 0 0 4 0 59 0 0 2 0 50 3 0 0 0 0 0 0 0 0 0 0 0 0 0 0 0 0 0 0 9 0 0 0 0 0 0 0 0 0 0 0 0 0 0 0 0 0 0 0 0 0 0 0 21 20 13 0 21 24 1 31 9 14 1 40 2 1 0 31 1 0 0 0 0 0 10 0 1 0 0 0 0 0 3 0 0 0 0 0 5 11 0 0 0 0 0 0 0 0 0 0 0 0 0 0 0 0 0 3 0 0 6 0 14 0 0 0 0 0 0 0 0 0 0 0 0 0 0 0 0 0 1 4 0 0 20 7 1 1 0 18 44 0 0 0 4 0 11 32 0 0 6 0 0 0 0 0 0 0 0 5 0 0 2 0 7 0 7 0 0 2 0 0 0 0 0 2 0 0 0 0 0 2 0 0 0 0 0 0 0 0 0 0 2 2 36 11 0 64 1 0 2 0 0 0 0 0 0 0 0 0 0 3 0 0 3 6 0 6 0 0 
 0 2 0 0 0 0 0 0 3 0 0 0 0 0 0 0 0 0 55 0 3 4 0 2 0 0 13 0 0 6 4 0 1 0 5 0 0 8 4 0 246 28 89 107 0 129 50 138 84 344 139 132 71 69 80 144 51 119 45 169 58 3 0 0 0 0 53 109 0 6 3 3 0 0 21 2 1 0 52 52 9 0 0 0 0 0 0 0 0 0 0 0 0 0 0 0 0 0 0 0 7 4 9 4 0 0 0 7 0 1 4 0 0 1 1 0 0 5 0 1 0 0 0 7 3 46 0 0 0 0 3 0 0 0 0 8 0 14 0 0 33 0 35 31 0 14 19 27 18 3 16 2 0 12 0 25 0 9 5 19 0 0 0 0 1 0 0 0 0 0 0 0 0 0 0 1 0 0 0 0 10 0 1 0 0 0 0 8 5 0 3 0 0 9 3 7 3 0 0 0 0 0 0 1 1 60 0 0 0 0 0 36 0 0 0 0 0 2 0 0 1 52 30 25 0 0 34 11 0 0 10 0 18 40 32 20 69 0 22 59 2 0 0 0 0 0 0 0 0 0 0 2 0 0 0 0 0 0 0 17 0 0 8 0 0 4 1 0 0 0 0 0 0 0 0 0 0 0 0 0 0 0 0 0 0 0 0 0 0 0 
 0 0 0 0 81 0 0 0 0 0 0 0 32 0 0 1 0 0 4 0 0 0 0 3 0 0 0 1 0 0 0 0 0 0 0 0 0 2 0 0 26 117 124 115 129 0 248 307 50 50 102 80 28 35 55 67 149 394 47 59 0 17 0 53 47 56 24 34 0 56 7 0 0 77 0 26 55 0 13 0 0 0 0 0 0 0 0 0 0 0 0 0 0 0 0 0 0 0 0 0 0 0 0 0 0 0 0 9 0 0 0 0 0 0 0 0 0 0 0 0 0 0 0 20 10 1 0 10 0 23 8 11 0 0 3 0 0 10 0 0 0 0 13 0 0 0 7 0 0 0 11 0 10 1 24 0 0 1 36 7 0 0 0 0 0 0 0 0 0 0 0 0 0 0 0 4 0 0 0 0 0 0 0 0 0 0 0 0 0 0 0 0 0 0 0 0 0 0 0 0 0 9 0 10 0 34 0 0 30 6 17 41 0 0 15 0 10 6 0 0 14 1 0 0 0 15 15 23 0 0 0 12 9 0 0 0 22 0 2 5 0 0 0 0 0 1 0 0 0 0 0 5 0 0 0 0 0 0 0 0 0 0 68 0 0 0 0 2 0 0 0 0 0 10 0 0 0 0 0 0 0 0 0 0 0 13 0 0 0 0 
 0 0 0 0 0 0 0 0 0 0 0 0 0 0 0 0 0 0 0 0 0 0 15 65 7 0 0 0 0 0 23 0 0 0 0 0 0 0 0 0 181 61 27 111 50 248 0 112 109 30 40 42 127 173 37 61 28 43 33 101 0 0 0 0 0 0 0 11 0 0 0 0 0 17 0 0 4 0 0 0 0 0 0 0 0 0 0 0 0 0 0 0 0 0 0 0 0 0 0 0 0 0 0 0 29 0 0 0 0 0 5 0 0 0 0 0 0 0 0 0 14 5 17 8 21 0 17 8 21 10 2 36 15 0 26 33 12 0 0 6 0 0 0 0 0 0 0 0 0 0 0 0 0 0 0 0 0 0 22 23 0 0 0 0 0 0 0 0 0 0 0 0 0 18 0 0 0 6 0 0 0 0 0 2 0 0 0 0 0 0 7 0 0 6 0 0 0 0 0 0 37 1 42 0 0 0 1 10 15 6 16 0 13 9 35 25 32 0 15 31 0 0 0 0 0 0 0 0 0 0 0 0 0 0 0 0 0 0 0 0 0 0 0 0 0 0 0 0 0 0 0 2 0 0 0 0 0 0 0 0 0 8 0 0 0 18 0 2 0 0 0 0 0 0 0 0 0 0 0 0 0 0 0 0 0 38 0 0 0 0 
 0 0 0 0 0 0 0 0 0 0 0 0 0 0 0 0 0 0 0 0 3 3 3 2 77 2 3 3 65 2 3 2 3 3 3 4 3 3 2 3 188 125 142 294 138 307 112 0 168 54 35 115 99 161 55 40 44 57 119 39 0 0 0 0 0 4 2 1 0 0 0 0 0 0 0 0 1 0 0 0 0 0 0 0 0 0 0 0 0 0 0 0 0 0 0 0 0 4 0 0 0 0 0 8 0 0 0 0 0 0 0 0 0 0 0 33 0 0 0 0 18 5 0 28 0 0 16 24 8 16 7 9 1 0 21 16 15 18 0 0 5 0 0 0 0 0 12 3 0 3 0 5 12 0 0 0 0 0 30 9 0 0 0 0 0 0 0 0 0 0 0 0 0 2 0 0 18 2 0 0 0 0 0 0 0 0 0 0 13 0 36 0 0 0 0 0 0 0 0 0 0 8 21 26 5 15 0 22 3 17 22 26 0 0 2 0 27 10 0 20 13 0 0 0 0 0 0 0 0 0 0 0 14 0 1 0 0 0 3 13 0 0 0 0 0 0 0 0 0 0 0 4 0 0 0 0 0 0 0 0 0 0 66 0 0 12 1 64 0 0 12 0 0 0 0 0 0 0 0 0 0 0 0 0 6 1 0 0 0 0 
 3 5 0 0 0 4 0 0 0 0 1 0 0 0 0 1 3 61 0 0 0 0 0 1 63 63 0 0 0 2 0 0 2 0 0 0 0 0 0 67 191 127 160 74 84 50 109 168 0 175 344 44 435 126 157 66 240 100 172 139 0 0 2 0 0 0 2 0 0 0 0 0 0 0 0 0 0 0 0 0 0 3 0 0 0 3 0 2 8 5 2 0 0 0 0 0 2 0 0 0 0 0 0 0 0 0 3 0 0 0 0 0 0 0 0 0 0 0 5 0 36 23 10 8 8 0 9 0 20 0 1 18 10 12 29 11 16 6 7 21 0 0 0 0 0 0 5 0 22 0 0 1 0 0 0 6 0 0 0 0 20 0 0 0 0 0 0 0 0 0 0 0 0 6 0 0 0 0 0 0 0 0 0 0 7 10 0 0 0 0 1 0 0 0 0 0 0 0 0 4 56 22 30 24 0 0 29 27 0 35 14 12 0 7 0 5 0 0 35 1 0 0 0 0 0 0 0 0 0 0 0 0 0 0 0 0 0 0 0 0 0 0 10 0 0 0 0 0 0 0 0 2 0 2 0 0 0 0 0 2 0 0 1 0 2 13 0 0 0 0 0 0 0 0 0 0 0 0 0 0 0 0 0 0 1 0 0 0 0 0 
 0 0 0 0 0 0 0 0 2 0 0 0 0 0 0 3 0 0 0 0 0 0 0 0 1 24 0 0 0 0 0 0 0 2 1 0 0 0 0 0 320 112 349 188 344 50 30 54 175 0 198 67 208 73 188 153 152 71 51 83 0 0 12 0 0 3 36 0 0 0 2 3 0 51 0 0 0 0 0 0 0 0 0 0 0 0 0 0 0 0 0 0 0 0 0 0 0 0 0 0 0 0 0 0 0 0 0 0 0 6 0 0 1 0 0 0 0 0 0 0 2 51 14 10 59 0 30 0 21 35 40 6 0 0 28 21 8 79 16 21 2 0 1 0 5 0 0 1 0 0 9 0 0 0 0 0 0 0 0 0 0 0 0 0 0 0 0 0 0 0 0 0 0 5 0 0 0 7 0 0 0 0 0 0 0 18 0 0 0 0 7 0 0 0 0 0 0 0 0 0 16 0 23 0 3 1 7 0 0 1 15 15 0 0 36 14 0 9 9 0 1 0 0 0 0 0 0 0 0 0 0 1 21 0 0 0 8 0 1 4 0 0 14 0 0 0 0 0 0 0 0 6 0 0 0 0 0 0 0 13 0 0 66 0 65 10 0 0 0 0 0 0 0 0 0 0 0 0 0 0 0 0 0 0 0 12 0 0 0 0 
 0 0 0 0 0 0 0 1 0 0 0 0 0 0 0 4 62 0 2 0 0 0 0 0 0 1 0 0 0 2 0 0 0 0 8 0 0 0 201 0 30 87 99 78 139 102 40 35 344 198 0 177 58 34 118 224 174 226 146 51 52 0 0 16 0 209 1 28 5 0 0 0 0 0 5 0 2 5 62 56 0 0 0 0 0 0 0 0 0 0 0 0 0 0 0 0 0 0 0 0 0 0 0 0 0 0 0 0 0 0 0 0 0 7 0 0 0 0 0 0 19 23 9 0 10 31 9 19 23 0 0 59 0 14 1 1 12 19 0 0 19 9 19 11 0 0 12 13 60 10 0 1 3 11 0 46 0 13 1 0 0 0 0 0 0 0 0 0 0 0 0 0 0 0 0 0 0 0 0 0 0 0 0 0 0 0 0 0 0 0 0 0 0 0 0 0 21 0 0 0 0 0 0 16 15 7 2 0 15 8 7 11 0 0 19 0 0 22 0 0 47 28 12 4 0 0 49 6 0 10 0 0 12 19 25 15 18 0 9 18 11 0 0 0 0 0 0 0 0 0 0 2 0 0 0 0 0 0 0 19 0 0 1 0 37 2 2 0 0 0 25 0 0 0 0 3 0 0 0 0 0 0 0 0 0 16 0 6 0 17 
 0 0 0 0 0 1 0 0 0 0 0 0 0 0 0 2 0 0 0 0 0 0 0 2 2 0 0 0 0 0 0 0 0 0 0 0 0 0 0 0 40 246 119 176 132 80 42 115 44 67 177 0 85 51 40 126 86 585 229 31 47 16 0 54 0 5 1 119 0 0 0 0 0 0 6 0 0 0 42 44 0 17 0 0 0 0 0 0 0 0 0 0 0 0 0 0 0 0 0 0 0 0 0 4 0 0 0 0 0 0 0 0 0 0 0 0 0 0 0 0 0 1 0 0 14 39 21 11 17 10 12 14 0 0 0 0 10 5 0 10 20 11 68 16 0 0 33 0 0 8 0 0 20 5 1 26 0 0 31 0 0 0 0 0 0 0 0 0 0 0 0 0 0 0 0 0 0 0 0 0 0 0 0 0 3 0 0 0 0 0 0 0 0 0 0 0 0 0 0 0 0 8 0 15 43 13 0 0 0 1 10 22 0 4 13 0 0 26 0 0 25 24 0 0 0 0 1 1 0 10 0 0 40 51 30 0 17 0 10 53 0 0 0 0 0 0 0 0 0 0 0 2 0 0 0 0 0 0 0 1 0 0 2 0 66 0 2 1 1 0 0 0 0 39 0 0 0 0 0 0 0 0 0 0 0 0 0 0 0 0 
 0 1 68 1 62 1 63 0 66 63 2 0 2 78 1 2 64 0 3 0 0 0 0 1 0 65 0 0 0 0 4 0 0 0 87 0 0 0 0 0 140 343 279 290 71 28 127 99 435 208 58 85 0 369 105 186 91 34 250 85 0 3 4 0 0 4 0 0 0 2 0 4 2 5 0 0 2 0 7 2 0 10 0 0 0 0 0 8 41 0 7 0 0 0 0 10 0 10 0 0 0 0 0 0 0 0 0 0 0 0 0 0 0 0 0 0 0 0 0 0 17 33 14 0 62 12 18 0 6 12 15 18 0 0 9 0 0 36 10 6 0 0 0 0 0 0 0 0 0 0 0 0 0 0 0 4 0 0 1 10 0 0 0 0 0 0 3 0 0 0 0 0 0 0 0 0 0 0 0 0 0 0 0 0 6 0 0 0 0 0 0 0 0 0 0 0 0 0 0 0 32 0 12 11 10 0 11 0 0 16 6 31 0 6 23 11 0 33 0 0 0 0 0 0 0 0 0 0 0 0 0 0 0 0 0 0 0 0 0 0 0 0 0 0 0 0 0 0 0 1 0 11 0 2 0 0 0 0 0 2 0 0 0 0 2 6 0 0 0 0 10 0 0 0 0 0 42 0 0 0 0 0 0 0 0 0 0 0 0 0 
 0 0 0 0 0 0 0 0 0 0 0 0 4 0 0 9 0 0 0 0 0 64 130 95 0 29 0 0 61 0 0 0 0 0 0 0 0 3 0 0 146 89 42 65 69 35 173 161 126 73 34 51 369 0 204 28 86 28 83 128 4 2 4 6 0 1 1 7 0 3 3 0 28 0 0 0 0 0 50 0 0 0 0 0 0 0 0 0 0 0 0 0 0 0 0 0 0 0 0 0 0 0 0 24 19 0 0 0 0 0 25 7 0 0 0 0 0 0 0 0 1 33 1 0 57 12 5 0 0 0 1 7 6 0 21 23 0 20 14 0 8 0 1 0 38 0 0 7 0 5 0 5 0 0 0 0 0 0 0 0 0 0 0 0 0 0 0 0 3 0 0 0 11 0 0 0 0 0 0 1 0 0 0 12 0 18 0 0 0 0 14 0 0 0 0 0 0 3 0 0 0 0 33 2 0 11 9 0 0 12 1 0 1 10 11 33 19 0 12 12 0 0 0 0 1 11 0 0 0 0 0 0 1 0 0 0 0 0 17 0 0 0 14 0 0 0 0 1 0 0 0 0 0 0 0 0 1 0 62 0 10 0 1 0 0 0 2 0 0 0 9 0 0 0 0 0 0 0 0 0 0 0 0 0 0 0 0 0 0 0 
 0 0 1 0 0 0 0 0 0 0 0 0 0 0 0 3 0 0 0 0 0 0 0 0 0 61 0 0 0 1 1 0 0 0 0 0 0 0 0 0 164 326 69 63 80 55 37 55 157 188 118 40 105 204 0 63 112 193 112 79 6 0 17 0 0 0 1 0 0 0 0 0 52 0 0 0 2 0 0 0 0 0 0 0 0 0 0 0 0 0 0 0 0 0 0 0 0 0 0 0 0 0 0 0 0 0 0 0 0 0 0 0 0 0 0 0 0 0 0 0 19 29 19 6 4 0 35 11 1 21 17 6 1 12 10 0 0 38 2 1 0 0 0 0 0 0 13 0 0 0 0 0 2 0 0 6 0 0 0 29 0 0 0 0 0 0 0 0 0 0 0 0 0 0 0 0 0 0 0 0 0 0 7 0 0 21 0 0 0 0 0 0 0 0 0 0 0 0 0 0 20 42 17 9 4 1 17 0 22 0 1 0 0 0 0 16 0 21 8 0 4 0 0 0 0 0 0 13 0 0 0 0 15 0 0 0 0 0 30 0 0 0 15 0 0 0 0 0 0 0 0 6 0 16 0 0 0 0 0 0 0 1 0 75 1 0 0 0 0 0 0 0 0 0 0 0 0 0 0 0 0 0 0 0 28 0 0 6 0 0 
 0 13 0 0 0 0 71 0 2 4 1 0 1 0 0 2 0 0 0 0 0 0 0 0 0 0 0 0 0 0 0 0 10 2 0 0 0 0 0 6 470 40 174 127 144 67 61 40 66 153 224 126 186 28 63 0 65 117 249 43 0 0 206 26 0 206 23 0 0 0 0 1 50 51 50 0 0 0 0 0 0 0 0 1 1 0 0 0 6 64 0 4 0 0 0 0 18 0 0 0 0 0 0 0 0 0 0 0 0 0 0 0 0 0 0 0 0 0 7 0 0 1 0 9 17 12 22 4 12 20 34 13 0 0 0 3 5 36 8 11 0 5 0 0 0 0 11 4 0 1 0 0 14 0 0 0 0 0 0 19 0 0 0 0 0 0 0 0 0 0 0 0 0 0 0 0 0 0 0 0 0 0 0 0 3 0 1 0 0 0 0 0 0 0 0 0 0 0 0 21 1 0 0 4 19 11 0 0 7 7 0 19 0 1 15 0 0 33 0 0 36 16 9 0 0 0 0 0 0 0 0 12 49 14 16 20 0 0 27 32 0 0 0 0 0 0 0 0 0 0 0 0 0 1 0 0 0 0 0 14 0 0 78 64 65 3 0 0 64 0 1 0 0 0 0 0 0 0 0 0 0 0 0 0 0 0 0 0 0 0 
 0 0 70 0 0 0 0 3 0 2 0 0 0 0 0 66 0 0 0 0 3 209 3 3 10 65 3 3 3 3 3 4 3 3 3 4 3 3 3 3 123 243 80 56 51 149 28 44 240 152 174 86 91 86 112 65 0 178 142 44 0 4 3 0 27 0 3 57 0 3 3 0 0 50 12 2 1 5 3 4 0 0 0 0 0 0 0 0 0 0 1 0 0 0 0 0 0 0 0 0 0 0 0 0 0 0 0 0 0 0 0 0 0 0 0 0 0 0 0 0 8 12 12 0 0 10 21 0 37 0 0 11 0 0 45 20 10 10 8 0 0 0 0 0 0 26 7 0 11 0 0 3 0 5 10 7 0 11 12 10 0 0 0 0 0 0 0 0 10 0 0 0 0 4 0 0 0 6 0 0 0 0 0 0 0 4 0 0 0 0 0 0 0 0 0 4 0 0 0 0 25 10 15 12 0 8 20 0 6 12 35 0 0 0 0 9 1 0 15 0 0 15 0 33 0 0 19 52 2 9 4 0 6 0 18 15 18 0 0 0 0 0 6 0 0 0 0 0 0 0 0 2 0 0 0 0 0 0 0 0 0 0 1 0 0 10 0 0 0 0 11 0 0 0 0 3 0 0 0 0 0 0 0 0 4 20 0 0 0 0 
 0 0 0 0 0 0 1 0 0 0 0 0 1 0 0 3 0 0 0 0 3 4 0 0 63 0 5 1 0 0 6 0 0 0 14 0 2 3 1 0 247 100 137 66 119 394 43 57 100 71 226 585 34 28 193 117 178 0 101 103 0 0 0 11 0 0 2 52 0 0 1 0 0 0 0 0 0 3 0 1 0 0 0 0 0 0 0 0 0 0 0 0 0 0 0 0 0 0 0 0 5 3 8 3 0 0 0 26 0 0 3 0 0 0 0 0 0 2 0 0 13 0 11 0 7 11 0 0 21 0 0 0 0 11 0 0 15 0 0 0 0 8 0 1 0 0 26 47 0 7 0 0 12 0 0 16 0 11 1 0 0 0 0 0 0 0 0 0 0 0 0 0 0 0 0 0 0 0 0 0 5 0 0 0 0 0 0 4 3 0 3 0 0 3 3 10 4 0 0 0 6 36 0 21 0 11 10 0 10 9 7 8 0 0 0 0 0 12 8 0 27 18 38 0 0 0 0 16 0 0 0 0 42 25 21 30 0 0 17 19 0 0 0 0 0 1 0 0 0 0 0 9 0 0 0 0 0 0 0 26 0 0 2 1 0 8 2 0 0 0 0 0 0 0 0 0 0 0 0 0 0 0 0 0 38 11 0 0 0 0 
 3 3 3 3 3 3 3 6 3 3 3 3 3 3 3 5 3 3 3 3 0 0 7 0 23 60 1 0 0 2 0 0 0 0 0 28 0 2 0 0 214 143 53 60 45 47 33 119 172 51 146 229 250 83 112 249 142 101 0 117 0 0 4 0 0 0 0 16 0 1 0 0 0 1 15 2 3 10 0 0 0 0 0 0 0 0 0 0 0 0 0 0 0 0 0 0 0 0 0 0 0 0 0 3 0 8 0 0 0 7 11 0 0 0 0 22 0 0 0 0 34 29 15 28 21 0 2 0 4 0 1 15 0 0 25 1 12 18 20 0 0 0 0 0 0 1 9 0 2 0 0 1 0 0 0 9 0 0 0 0 0 3 6 0 0 0 0 0 0 0 0 0 1 0 0 0 0 0 0 13 0 0 14 8 13 18 0 0 19 22 1 0 0 0 14 14 32 18 0 0 29 14 41 33 1 0 51 15 0 9 3 15 25 8 19 13 2 0 10 2 0 4 0 7 0 12 10 8 0 7 1 0 1 0 5 6 9 9 0 0 0 0 14 0 0 0 0 0 0 0 0 2 0 0 0 0 0 0 0 0 0 0 0 0 0 2 4 0 0 0 6 0 0 0 0 6 0 0 0 0 0 0 0 0 0 0 0 0 0 0 
 0 0 0 0 0 0 0 0 5 0 0 0 3 0 0 1 0 0 2 0 3 0 0 64 29 63 5 0 30 2 115 0 0 2 8 0 0 1 0 61 247 32 41 64 169 59 101 39 139 83 51 31 85 128 79 43 44 103 117 0 0 0 3 0 0 0 4 0 0 0 0 0 0 0 0 0 0 6 0 0 0 0 0 0 0 6 0 0 0 0 0 0 0 0 0 0 0 0 0 0 9 9 10 5 21 1 0 17 7 0 22 0 0 0 0 0 0 1 0 0 15 3 21 0 0 0 16 0 21 0 0 3 23 12 21 86 15 0 7 0 0 0 0 0 0 0 5 0 0 0 0 0 0 0 0 0 0 0 0 0 0 0 0 0 0 0 0 0 0 0 0 0 0 5 0 0 0 7 0 0 9 0 0 14 0 0 0 5 6 51 7 0 0 5 6 14 10 23 0 0 51 8 7 0 0 0 23 2 10 0 14 0 0 18 0 7 0 0 47 13 0 0 0 0 0 0 0 0 0 0 0 0 0 0 0 0 0 0 0 0 0 0 0 0 0 0 0 0 0 0 0 8 0 0 0 0 0 0 0 0 0 0 0 0 2 13 0 0 0 0 0 0 0 0 0 0 0 0 0 0 0 1 0 0 9 0 0 0 0 0 
 0 0 0 0 0 0 0 0 0 0 0 0 2 0 0 2 0 0 0 0 0 0 0 14 10 0 0 9 9 4 0 16 0 0 0 7 0 8 0 0 0 0 0 0 58 0 0 0 0 0 52 47 0 4 6 0 0 0 0 0 0 141 156 112 100 37 219 143 71 291 25 83 95 72 379 52 51 23 158 90 0 0 0 0 0 0 0 0 0 0 0 0 0 0 0 0 0 0 0 0 0 5 0 0 0 8 0 0 0 0 0 0 0 0 0 0 0 6 0 0 0 0 0 0 30 6 0 0 0 0 0 0 5 9 0 0 0 11 0 0 25 6 8 6 0 0 8 0 0 17 0 0 1 10 10 10 0 0 9 0 0 0 0 0 0 0 0 0 0 0 0 0 0 0 0 0 0 0 0 0 0 0 0 18 0 0 0 0 0 14 0 0 0 0 0 7 0 0 0 0 0 0 0 2 0 8 0 0 6 0 0 2 0 0 0 0 0 0 0 2 0 28 19 9 19 0 1 0 9 0 9 8 8 24 0 18 0 0 0 5 0 0 0 9 0 0 0 0 0 0 0 0 0 0 6 0 15 0 0 0 0 0 18 0 0 0 0 0 0 0 0 2 0 2 0 2 0 0 0 0 0 0 0 0 0 0 0 0 0 0 
