 0 335 97 63 48 19 506 235 134 54 35 25 185 108 627 38 16 128 160 119 0 0 0 2 0 0 2 0 0 0 0 3 0 0 0 3 2 0 0 0 0 3 3 0 0 3 0 3 0 2 2 6 0 2 0 0 3 0 0 0 0 0 8 0 0 0 0 3 0 0 1 2 0 0 0 0 1 0 0 0 31 11 13 14 2 0 39 24 10 0 0 0 10 65 27 9 17 0 32 1 0 0 0 0 0 0 0 0 8 0 0 0 0 0 0 0 0 0 0 0 0 0 0 0 0 0 0 0 0 0 0 0 0 0 0 0 0 0 0 0 0 0 0 0 0 0 0 0 0 0 0 0 0 0 0 13 0 19 0 0 0 24 2 0 0 2 0 44 50 2 0 3 17 28 4 9 0 15 18 20 1 0 0 0 0 0 0 0 0 1 0 0 0 0 0 0 0 0 1 0 0 0 0 0 0 0 0 0 0 0 0 0 0 0 0 0 0 0 0 0 8 0 0 0 0 0 0 0 0 0 0 0 0 0 0 0 0 0 0 0 0 0 0 0 0 0 0 0 3 0 0 19 0 0 0 0 0 0 0 0 0 0 0 0 0 0 0 0 0 0 0 0 0 0 0 0 0 0 0 0 0 0 0 0 0 0 0 0 0 0 
 335 0 257 54 217 56 261 280 156 163 16 117 130 202 130 38 28 126 296 53 0 3 0 3 0 0 2 1 78 0 0 3 0 0 0 5 0 0 3 1 2 0 7 0 0 0 1 3 0 2 1 0 0 1 0 0 3 0 0 0 0 0 0 0 0 0 0 3 0 0 1 4 0 0 0 0 0 0 0 18 9 17 50 0 14 28 20 0 40 44 15 12 19 10 10 14 31 29 0 0 0 0 0 0 0 0 0 1 0 0 0 0 10 0 0 0 0 0 0 17 0 0 0 0 0 0 0 0 0 0 0 0 2 0 0 0 0 0 0 0 0 0 0 0 0 1 0 0 0 0 0 0 0 0 0 0 0 0 0 0 70 30 11 34 14 0 0 19 12 23 0 12 0 11 13 35 15 29 13 12 0 0 0 0 0 0 0 1 0 0 0 0 8 0 0 0 0 0 11 2 0 0 0 0 0 0 0 18 0 0 2 0 0 0 0 0 0 0 0 0 0 0 0 0 0 0 0 0 0 0 0 0 0 0 0 0 0 0 0 0 0 0 0 0 0 0 117 0 1 0 0 15 12 1 0 1 0 0 0 0 0 0 0 0 0 0 0 0 0 0 0 0 0 0 0 0 0 0 0 0 0 0 0 0 0 0 0 0 0 0 
 97 257 0 409 369 44 248 489 531 139 253 124 158 153 435 51 40 118 188 123 0 0 0 209 0 0 3 0 0 0 0 3 0 0 0 3 0 0 74 0 0 0 3 5 0 0 0 3 0 2 2 0 1 0 0 0 3 0 0 0 0 0 0 0 0 0 0 2 0 1 0 4 0 0 0 0 0 0 0 0 13 10 10 32 5 26 32 0 21 47 0 18 23 14 11 34 0 20 0 21 29 0 0 0 0 0 14 0 0 0 0 0 0 0 0 0 0 0 0 0 0 0 0 0 0 0 0 0 0 0 0 0 0 0 0 0 0 0 0 0 0 0 0 0 0 0 0 0 0 0 0 0 0 0 0 0 0 3 0 0 23 35 29 8 0 0 13 21 0 10 0 7 10 0 15 23 14 0 2 15 0 0 0 0 0 0 0 0 0 0 0 0 0 0 0 0 0 0 9 0 0 0 0 0 0 0 0 0 0 0 0 0 0 0 0 0 0 0 0 0 0 0 0 0 0 0 0 0 0 0 0 0 0 0 0 0 0 0 0 0 0 0 0 0 0 2 50 1 2 91 0 10 0 0 0 0 0 0 0 0 0 0 7 0 0 0 0 0 0 0 0 0 0 0 0 1 11 0 0 0 0 0 0 0 0 0 0 0 0 0 
 63 54 409 0 407 132 84 111 180 192 234 248 467 71 54 56 118 218 80 271 2 0 0 1 2 0 76 0 0 0 1 5 73 0 0 3 0 0 57 0 0 0 3 0 81 0 0 18 0 2 3 0 0 0 0 0 2 0 0 0 0 0 0 0 0 0 0 0 0 3 0 3 0 0 0 0 0 0 0 1 0 0 12 18 20 34 0 10 6 18 38 26 0 0 19 6 0 11 0 0 11 15 0 0 0 0 0 10 0 0 0 0 61 0 19 0 0 0 30 21 0 0 0 0 0 0 0 0 0 0 0 0 0 0 0 0 0 0 0 0 0 0 0 0 0 0 0 0 0 0 0 0 0 0 0 0 0 1 0 0 38 31 8 35 6 22 0 1 10 0 14 0 0 11 15 23 0 20 0 1 0 0 1 0 0 0 1 1 4 0 0 0 10 10 20 0 0 0 27 32 0 0 0 0 0 0 0 0 0 0 0 0 0 0 0 0 0 0 0 0 0 0 0 0 2 0 0 0 0 0 0 0 0 0 0 0 0 0 0 0 0 8 0 0 0 5 90 1 1 49 0 8 0 0 0 0 0 0 0 0 0 0 0 0 0 0 0 0 0 0 0 0 0 0 0 0 8 0 0 0 0 0 0 0 0 0 0 0 0 0 
 48 217 369 407 0 163 141 163 256 254 186 316 282 94 89 220 115 95 278 162 0 0 0 3 0 0 109 0 2 74 0 3 149 24 35 3 0 0 74 109 0 0 3 0 0 0 1 3 0 2 1 0 2 0 0 0 3 0 0 0 0 1 0 0 0 0 0 3 0 0 2 2 3 0 0 0 0 0 0 0 0 1 22 7 28 19 0 0 11 1 27 17 0 0 0 4 0 36 0 0 42 7 11 0 0 0 2 13 0 0 0 1 18 14 0 0 56 17 30 7 0 0 0 0 0 0 0 0 0 0 0 0 0 0 0 0 0 13 0 0 0 0 0 2 0 0 0 0 0 0 0 0 0 2 0 0 0 0 0 0 9 8 9 4 15 23 0 2 13 0 13 17 0 2 0 1 0 1 0 0 0 11 9 0 1 0 23 18 0 19 0 0 22 1 0 0 0 0 25 47 0 0 2 0 0 0 0 0 0 0 0 0 1 0 8 0 0 0 0 0 0 0 0 0 0 0 0 0 0 0 0 0 0 0 0 11 0 0 0 0 0 8 0 0 0 0 0 0 5 6 44 7 0 0 0 15 0 0 0 0 0 0 0 0 0 0 0 0 0 0 0 0 0 0 0 16 16 11 0 0 0 0 0 0 0 0 0 0 0 0 
 19 56 44 132 163 0 35 59 51 266 213 98 305 138 64 156 47 61 54 157 149 81 73 2 0 1 70 74 8 0 0 3 108 0 154 228 76 74 109 103 0 0 3 0 63 0 0 3 0 2 2 0 4 0 0 0 3 10 0 71 0 0 0 0 0 0 0 1 0 2 0 3 0 0 0 0 0 0 0 0 0 0 0 0 37 0 0 14 3 0 0 7 0 0 0 67 0 1 0 0 0 25 34 1 0 0 28 49 32 7 20 1 0 0 23 29 31 0 44 52 0 0 0 0 1 0 0 1 2 0 0 0 0 0 10 0 0 0 0 0 0 0 0 0 0 0 0 2 0 6 0 0 0 0 0 0 0 0 0 0 2 25 0 0 0 1 0 0 18 1 10 22 0 0 0 0 0 15 0 0 38 17 0 14 0 0 28 27 12 15 0 0 0 19 64 72 0 10 32 21 0 2 0 26 10 1 0 0 0 0 0 0 0 0 0 0 0 2 0 0 0 1 0 0 0 0 0 0 0 0 0 0 0 0 0 0 0 0 0 0 0 0 0 0 0 1 0 1 4 51 0 3 0 0 0 0 0 0 0 0 0 1 0 0 0 0 0 0 0 0 0 0 0 0 0 1 0 1 0 0 0 8 0 0 0 0 0 0 0 0 
 506 261 248 84 141 35 0 385 177 149 95 28 258 136 196 38 31 32 286 88 0 3 0 5 7 3 14 0 0 0 0 7 0 11 5 3 1 2 2 0 0 0 3 0 7 4 0 3 3 2 2 0 0 1 0 0 70 5 0 0 4 2 0 4 3 3 0 2 27 6 0 7 0 15 0 0 2 1 0 35 10 13 0 16 0 10 22 7 35 7 0 0 33 11 13 18 7 19 0 0 0 0 0 0 0 0 18 0 0 0 0 0 0 0 0 0 0 0 0 0 0 0 0 0 0 0 0 0 0 0 0 0 0 0 0 0 0 0 0 0 0 0 0 0 0 0 0 0 0 0 0 0 0 0 0 0 0 6 0 0 32 28 2 29 0 0 14 44 1 23 0 1 12 22 12 20 1 26 21 30 0 0 0 0 0 0 0 0 0 0 0 0 0 0 0 0 0 0 0 0 0 0 0 0 0 0 0 0 0 0 0 0 0 0 0 16 0 0 0 0 0 0 0 0 0 0 0 0 0 0 0 0 0 0 0 0 0 0 0 0 0 0 0 0 0 2 89 0 0 0 1 8 11 0 0 0 0 0 0 19 0 0 0 0 0 0 0 0 0 0 0 0 0 0 0 0 0 0 0 0 0 0 0 0 0 0 0 0 0 0 
 235 280 489 111 163 59 385 0 191 109 46 20 434 314 357 44 28 119 381 199 0 0 0 2 0 63 2 0 1 2 4 3 0 0 0 3 0 0 26 0 0 0 3 0 0 0 0 3 0 2 2 0 0 0 0 0 3 0 0 0 0 48 0 0 0 0 0 2 0 1 0 2 0 0 4 0 0 0 0 5 33 16 0 0 0 0 46 32 35 10 7 1 25 20 94 26 8 19 11 0 0 0 0 0 0 0 1 0 0 0 0 0 0 0 0 0 0 0 0 0 0 0 0 0 0 0 0 0 0 0 0 0 0 0 0 0 1 0 1 0 0 0 0 0 0 0 0 0 0 0 1 0 0 0 0 0 0 17 0 0 11 33 0 11 0 0 10 40 24 31 0 0 3 20 18 19 5 13 57 25 0 0 0 0 0 0 12 0 0 0 1 4 0 0 2 0 0 0 0 0 0 0 0 0 0 0 0 0 0 0 0 0 0 0 0 0 3 0 17 0 0 0 0 1 0 0 0 0 1 0 0 0 0 0 0 0 2 0 0 0 0 0 0 0 0 0 92 0 3 0 1 0 9 0 0 11 0 0 0 0 0 0 0 0 0 0 0 0 0 0 0 0 0 0 0 0 0 0 0 0 0 0 0 0 0 0 0 0 0 0 
 134 156 531 180 256 51 177 191 0 181 201 33 476 49 226 68 38 47 154 70 0 0 0 5 2 0 5 0 0 0 0 3 0 118 0 5 0 0 0 0 1 0 3 0 0 63 0 4 0 2 3 0 2 0 0 0 3 0 1 0 37 0 8 0 0 0 0 3 0 0 30 2 0 0 0 0 0 0 0 0 20 52 24 26 14 0 67 35 19 74 0 14 0 5 1 29 7 10 19 16 10 0 0 0 0 0 15 0 0 0 0 0 8 0 0 0 0 0 0 0 0 0 0 0 0 0 0 0 0 0 0 0 0 1 0 25 0 0 0 2 0 0 0 0 0 0 0 0 0 0 0 0 1 0 0 0 0 1 0 0 27 17 26 12 0 0 22 34 0 11 10 0 41 10 0 61 1 14 19 15 0 2 0 0 0 0 0 0 1 0 0 0 0 0 0 0 1 0 19 0 0 11 0 0 0 0 32 0 0 0 0 0 0 0 10 0 0 0 0 22 0 0 0 0 0 0 0 0 0 0 0 0 0 0 0 0 0 0 0 0 0 0 0 0 0 2 4 0 1 88 0 18 0 0 0 0 0 0 0 0 0 0 1 0 0 0 0 0 0 1 0 0 0 0 0 0 13 0 0 0 0 0 0 0 0 0 0 0 0 0 
 54 163 139 192 254 266 149 109 181 0 85 47 269 84 201 422 256 365 275 219 96 0 0 4 0 0 152 2 0 0 0 3 2 0 0 3 0 0 1 131 0 0 3 2 0 0 1 3 0 2 3 0 1 0 0 0 3 0 0 0 0 3 52 53 0 0 0 0 0 2 2 5 0 0 1 0 0 0 0 8 0 19 23 8 1 2 5 0 38 50 5 41 0 0 40 24 0 31 0 1 0 0 1 0 0 0 10 0 0 0 0 0 5 0 7 0 0 0 10 16 0 0 0 0 0 0 0 0 0 0 0 0 1 0 0 0 0 12 0 0 0 0 0 0 0 1 0 0 0 0 0 0 0 2 0 0 0 0 0 0 9 0 0 12 0 9 10 11 0 33 17 7 0 10 9 36 22 0 19 9 0 0 0 0 0 0 0 0 0 0 0 0 12 0 0 0 0 0 0 34 0 0 2 1 0 0 0 0 0 0 0 0 0 0 0 1 0 0 1 1 0 0 0 0 0 0 0 0 0 0 0 0 0 0 1 0 0 0 0 0 0 2 0 0 0 0 95 0 2 4 8 0 10 0 0 0 0 0 0 0 0 0 2 0 0 0 0 0 0 0 0 0 0 0 0 9 0 16 0 0 0 0 0 0 0 0 0 0 0 0 
 35 16 253 234 186 213 95 46 201 85 0 403 358 249 157 197 267 66 56 268 0 75 2 3 0 0 177 0 1 0 32 3 74 0 0 3 1 0 147 73 0 0 3 0 0 0 0 9 0 2 1 0 0 0 0 0 3 0 0 0 0 31 0 0 0 0 0 3 0 0 2 2 0 0 0 0 0 0 0 0 8 10 1 21 31 0 0 21 0 1 16 24 0 0 4 0 0 17 0 0 33 10 0 0 0 0 31 0 0 0 10 0 0 26 11 1 1 0 46 11 0 2 0 0 0 0 0 0 0 0 2 0 0 1 8 0 0 19 0 1 0 2 0 0 0 0 0 0 0 0 0 0 0 0 0 0 0 23 0 0 22 10 46 8 5 28 1 19 1 0 43 7 0 0 0 0 15 15 2 15 0 0 3 1 0 0 28 0 11 0 0 0 14 0 12 0 0 0 28 31 0 0 0 0 0 0 0 0 0 0 0 0 0 0 0 0 0 0 0 0 0 0 0 2 0 1 22 0 0 0 0 0 0 0 0 0 0 0 0 0 0 10 0 0 0 4 86 0 4 91 10 15 0 0 0 0 0 0 0 0 0 0 0 0 0 0 0 0 0 0 0 0 0 0 0 0 14 0 0 0 0 0 0 0 0 0 0 0 0 0 
 25 117 124 248 316 98 28 20 33 47 403 0 33 34 55 135 259 240 49 21 76 0 4 4 0 2 158 0 0 0 0 27 55 81 0 75 0 2 74 1 0 0 3 0 0 2 0 11 0 2 2 2 0 0 0 0 3 2 0 0 0 0 0 0 3 3 0 3 1 0 4 5 0 0 0 0 3 3 0 0 0 0 6 6 26 30 0 0 23 19 21 14 0 0 0 10 0 11 0 0 26 13 0 0 0 0 0 10 0 0 0 0 10 25 18 0 18 0 11 12 0 0 0 2 0 0 0 0 0 0 0 0 0 0 0 0 0 0 0 0 0 0 0 1 0 0 0 0 0 0 0 0 0 0 0 0 0 0 0 0 0 0 0 0 9 43 0 1 0 0 7 27 0 0 0 22 0 0 0 0 8 0 13 0 2 0 15 11 28 17 0 0 13 0 1 0 0 0 1 91 0 0 1 0 0 0 0 0 0 0 14 0 1 0 0 0 7 0 0 0 0 0 0 0 0 0 0 0 0 1 0 0 0 0 0 0 0 0 0 0 0 6 0 0 0 0 1 0 0 0 4 235 4 16 0 0 0 0 0 0 0 0 0 0 0 0 0 0 0 0 0 0 0 2 2 25 4 11 0 0 0 0 0 0 0 0 0 0 0 0 
 185 130 158 467 282 305 258 434 476 269 358 33 0 199 267 37 21 415 184 71 0 1 4 2 0 0 4 0 0 3 1 3 0 0 0 3 0 1 3 4 3 2 5 2 0 0 0 5 0 4 4 0 1 0 0 0 3 1 6 0 0 0 0 0 0 0 1 3 0 0 1 2 0 0 5 5 0 0 0 0 60 21 14 38 0 0 57 9 18 17 0 1 41 0 27 20 0 0 0 11 0 0 0 0 1 0 16 0 2 1 0 0 0 0 0 0 0 0 0 0 0 0 0 11 0 14 0 0 0 0 0 0 0 0 0 0 0 0 1 0 0 0 0 0 0 0 0 0 0 2 0 0 0 0 0 0 0 9 0 0 1 20 25 0 0 0 0 18 0 21 0 7 21 0 10 17 0 11 12 97 0 0 0 0 0 0 0 0 0 0 0 0 0 8 2 0 0 0 20 0 2 0 0 0 0 0 0 0 0 0 0 0 0 0 0 0 0 0 0 0 0 0 0 0 0 0 1 0 1 0 0 0 0 0 0 0 2 0 0 0 0 0 0 0 0 0 1 2 0 0 0 24 0 0 0 0 0 0 0 0 0 0 0 0 0 0 0 0 0 0 0 0 0 0 0 0 0 0 0 0 0 0 0 0 0 0 0 0 0 0 
 108 202 153 71 94 138 136 314 49 84 249 34 199 0 432 41 33 117 464 350 0 0 3 2 3 0 2 0 1 0 4 6 1 0 1 4 2 0 3 0 0 0 3 2 4 0 28 3 3 2 1 0 0 39 0 2 3 0 0 0 3 0 0 3 0 0 0 3 0 0 1 3 3 0 0 0 3 3 0 13 13 9 10 0 0 11 23 32 27 2 11 0 0 21 35 9 0 19 22 8 0 0 0 0 0 0 1 0 0 0 0 0 0 0 0 0 0 0 0 5 0 0 0 0 0 0 0 0 0 0 0 0 0 0 0 1 0 0 1 0 1 0 0 0 0 0 0 0 0 0 10 0 0 0 0 2 0 4 0 0 14 38 0 20 0 0 0 24 21 48 0 12 0 25 35 14 23 38 23 86 0 0 0 0 0 0 0 0 0 0 0 0 0 0 0 0 0 0 1 0 0 0 0 0 0 0 0 0 0 0 0 0 0 0 0 0 0 0 0 0 0 0 0 0 0 0 0 0 0 0 14 1 0 0 0 0 0 2 0 2 0 1 0 0 0 0 89 2 1 0 2 13 11 0 0 0 0 0 0 0 0 0 8 0 0 0 0 0 0 0 0 0 0 0 0 0 0 0 0 0 0 0 0 0 0 0 0 0 0 0 
 627 130 435 54 89 64 196 357 226 201 157 55 267 432 0 170 17 32 377 169 0 0 0 2 0 0 2 0 0 2 0 3 0 0 0 3 0 0 0 0 0 0 3 0 0 0 64 3 0 2 3 0 0 0 0 0 3 0 0 0 0 0 13 0 0 0 0 1 0 2 0 3 0 0 0 0 6 0 0 0 46 34 22 38 0 20 63 16 9 18 10 2 16 34 24 6 19 0 42 10 0 0 0 0 2 0 16 0 0 2 0 0 7 0 0 13 0 0 2 0 0 0 0 0 0 0 0 0 0 8 0 0 0 0 0 0 2 0 2 0 0 0 0 0 0 0 11 0 0 0 2 0 0 0 0 0 0 17 0 0 16 38 13 0 0 0 14 39 1 19 0 10 5 0 28 0 20 12 30 17 0 0 0 0 0 0 0 0 0 0 0 0 0 0 0 0 0 0 56 0 1 0 0 0 0 0 0 0 0 0 0 14 0 0 0 0 0 0 0 0 0 0 0 0 0 0 2 0 2 0 0 0 0 0 0 0 1 0 0 0 0 0 0 0 0 2 50 1 0 0 0 94 0 0 0 0 0 0 0 0 0 0 9 0 0 0 0 0 0 0 0 0 0 0 0 0 0 0 0 0 0 0 0 0 0 0 0 0 0 0 
 38 38 51 56 220 156 38 44 68 422 197 135 37 41 170 0 396 324 46 275 76 55 0 6 4 0 85 0 0 0 0 3 0 4 0 3 0 0 1 146 0 0 3 0 0 4 40 4 6 2 1 8 0 0 0 0 3 0 0 55 4 0 0 0 0 0 0 3 0 0 1 2 0 0 2 0 0 0 0 0 0 12 42 1 30 12 0 10 10 0 24 27 0 7 16 6 0 25 10 0 46 2 0 0 1 0 17 0 0 1 0 0 11 0 0 0 0 0 0 10 0 0 0 0 0 0 2 0 0 0 0 0 0 0 0 0 0 0 1 0 0 0 0 0 0 0 0 0 0 0 1 0 0 0 0 1 0 0 0 0 13 13 7 17 15 19 0 0 10 0 24 0 2 0 11 0 13 13 25 0 1 0 1 0 0 0 9 10 10 0 2 2 37 12 26 0 0 0 10 16 0 0 0 0 0 0 0 0 0 0 0 0 0 0 0 0 0 0 0 0 0 0 0 0 0 0 0 0 1 0 0 0 0 0 0 0 2 0 0 0 0 3 0 0 0 0 1 0 3 2 2 4 0 0 0 0 0 0 0 0 0 0 0 0 0 0 0 0 0 0 0 0 0 0 0 18 13 2 0 0 0 0 0 0 1 0 0 0 0 0 
 16 28 40 118 115 47 31 28 38 256 267 259 21 33 17 396 0 33 35 204 75 0 0 3 0 0 112 0 2 1 0 92 62 0 0 4 1 0 73 106 0 0 3 0 0 0 4 9 0 8 0 0 2 0 0 0 3 0 0 0 0 0 0 0 0 0 0 3 0 0 3 2 0 0 0 0 0 6 0 0 0 9 35 24 18 12 0 0 10 8 25 31 0 0 0 0 0 18 0 0 54 0 0 0 0 0 17 0 1 0 0 0 11 0 10 0 0 0 0 21 0 0 0 0 0 0 0 0 0 0 0 0 0 0 0 0 0 10 0 0 0 0 0 0 0 0 31 0 0 0 0 0 0 0 0 0 0 0 0 0 0 0 1 1 37 38 0 0 0 0 37 0 0 0 0 0 10 0 1 0 3 0 1 0 0 0 31 12 86 0 0 0 18 0 25 0 0 0 1 45 0 0 0 0 0 0 0 0 0 0 0 0 0 0 0 0 0 0 0 0 0 0 0 0 0 0 0 0 0 0 0 0 0 0 0 0 0 0 0 0 0 10 0 0 0 0 1 0 85 1 7 2 0 0 0 0 0 0 0 0 0 0 0 0 0 0 0 0 0 0 0 0 0 0 0 31 13 2 0 0 0 0 0 0 0 0 0 0 0 0 
 128 126 118 218 95 61 32 119 47 365 66 240 415 117 32 324 33 0 134 123 0 0 0 3 86 0 99 0 0 0 2 3 1 0 0 3 0 0 0 81 0 0 3 0 0 0 0 3 0 2 1 0 64 0 0 0 3 0 0 0 0 0 0 0 0 0 0 3 0 0 2 2 0 0 0 0 0 0 0 0 0 0 49 15 0 19 0 0 14 13 32 0 17 0 11 12 0 41 0 24 31 0 0 0 0 0 6 0 0 0 0 0 10 22 0 2 0 0 2 16 0 1 0 4 0 0 0 0 0 0 1 0 0 0 0 0 32 0 0 0 0 0 0 0 0 0 1 0 0 0 0 0 0 0 0 21 0 0 0 0 0 0 22 19 25 10 1 0 13 11 68 11 22 0 19 5 16 11 0 0 1 1 2 0 0 0 16 9 10 0 0 0 34 4 9 0 0 1 0 37 0 0 0 0 0 0 0 0 0 0 0 1 0 0 0 0 0 0 0 0 0 0 0 0 0 0 0 0 0 0 0 0 0 1 0 2 0 0 0 0 0 0 0 0 0 3 4 0 97 3 0 9 0 2 0 0 0 0 0 0 0 0 7 0 0 0 0 0 0 0 0 0 0 0 0 5 17 6 0 0 0 0 0 0 17 0 0 0 0 0 
 160 296 188 80 278 54 286 381 154 275 56 49 184 464 377 46 35 134 0 287 0 0 38 38 0 0 2 0 0 29 0 3 2 3 0 6 0 0 0 0 12 0 3 0 0 0 1 3 2 2 5 0 0 1 2 0 3 0 0 3 0 2 0 0 0 0 0 3 1 0 4 5 0 0 0 0 0 0 3 0 15 22 0 0 0 9 70 21 25 11 0 1 42 20 38 20 14 11 10 10 0 0 0 0 1 0 0 0 0 0 0 0 0 0 0 0 0 0 0 0 0 0 0 0 0 0 0 0 0 0 0 0 0 0 0 0 0 0 1 0 0 0 0 0 0 0 0 0 0 0 1 0 13 0 0 0 0 5 0 0 1 21 13 13 0 0 18 24 11 11 0 44 1 12 30 2 56 25 29 19 0 0 0 0 0 0 0 0 0 0 0 0 0 0 2 0 0 0 0 0 2 0 0 0 0 0 0 0 0 0 0 0 0 0 0 0 0 0 0 6 0 0 0 0 0 0 0 0 1 0 0 0 0 0 0 0 3 0 0 0 0 0 0 0 0 1 50 0 2 0 0 22 22 0 0 0 0 0 0 0 0 0 12 0 0 0 0 0 0 0 0 0 0 0 0 0 0 0 0 0 0 0 0 0 0 0 0 0 0 0 
 119 53 123 271 162 157 88 199 70 219 268 21 71 350 169 275 204 123 287 0 2 0 0 2 0 0 3 0 0 0 1 4 0 0 0 3 2 0 0 0 0 0 3 0 0 0 1 50 0 2 3 0 0 0 0 0 3 0 0 0 0 0 0 0 3 0 0 1 0 2 0 3 0 0 0 0 0 0 0 8 0 0 14 13 0 25 0 0 16 18 0 18 10 9 23 1 48 16 29 23 2 0 0 0 0 0 0 0 14 0 0 0 0 0 0 0 0 0 0 0 0 0 0 0 0 0 0 0 0 0 0 0 0 0 1 0 0 0 0 0 0 0 0 0 0 0 0 0 0 0 0 0 0 0 2 0 0 0 0 2 18 12 2 19 0 0 9 47 21 31 0 8 2 40 29 15 37 14 17 18 0 0 0 0 0 0 0 2 0 0 0 0 0 0 0 0 0 0 0 0 0 0 0 0 0 0 0 0 0 0 0 1 0 0 1 0 0 0 21 0 2 0 0 0 0 0 0 0 0 0 0 0 0 0 0 0 0 0 0 0 0 1 0 0 0 0 86 0 0 90 0 9 16 0 0 0 0 0 0 0 2 0 8 0 0 0 0 0 0 0 0 0 0 0 0 0 0 0 0 0 0 0 0 0 0 0 0 0 0 0 
 0 0 0 2 0 149 0 0 0 96 0 76 0 0 0 76 75 0 0 2 0 174 162 132 58 28 134 130 108 38 115 25 204 110 164 188 93 521 184 98 0 0 2 4 0 0 0 0 2 0 0 0 1 3 3 0 0 0 0 10 10 1 17 0 3 0 0 0 0 3 8 1 0 0 2 0 60 0 0 4 0 0 0 0 22 12 0 0 0 0 0 14 0 0 0 0 0 0 0 0 0 19 26 12 0 0 49 10 44 26 23 18 25 2 17 29 20 0 43 23 0 0 0 0 0 0 0 0 0 0 0 0 0 0 1 0 0 0 1 0 0 0 0 0 0 33 0 0 0 17 0 0 0 0 0 0 0 0 0 0 0 0 0 0 0 22 0 0 0 0 0 21 0 0 0 0 0 0 0 0 46 43 12 19 0 0 11 0 11 19 0 8 5 22 60 26 2 13 19 1 0 0 0 0 0 0 0 0 0 0 2 0 0 0 0 0 0 0 0 0 0 0 0 0 0 0 0 0 0 0 0 0 0 0 0 0 0 0 0 0 0 0 0 0 0 0 0 0 0 0 0 0 0 0 8 0 0 78 1 2 0 0 0 0 0 0 0 0 0 0 0 0 0 0 0 43 0 0 0 0 0 26 0 0 0 0 0 0 0 0 
 0 3 0 0 0 81 3 0 0 0 75 0 1 0 0 55 0 0 0 0 174 0 98 41 33 249 272 127 300 120 109 119 72 164 70 200 119 549 171 126 3 0 0 0 0 0 0 0 0 0 0 0 2 5 0 2 1 11 0 0 0 0 0 0 3 0 0 0 0 2 3 0 0 0 9 0 0 0 0 0 0 0 0 0 9 6 0 0 0 0 0 28 0 0 0 0 0 0 0 0 0 21 3 14 18 0 15 17 70 12 32 2 0 55 10 12 26 16 0 14 0 0 0 0 0 0 10 0 0 0 0 0 8 0 0 0 0 0 12 0 0 0 0 0 0 0 0 0 2 0 0 0 0 0 0 0 0 1 0 0 0 0 0 1 0 0 0 2 3 0 2 0 0 0 2 0 0 0 0 0 22 11 14 16 0 0 45 7 0 69 1 11 5 0 19 60 19 10 0 0 13 0 0 0 0 0 0 0 0 0 0 0 11 12 0 0 0 0 0 0 0 0 0 14 0 0 0 0 0 0 0 0 0 0 0 0 0 0 0 0 0 0 0 0 0 0 0 0 0 0 0 0 0 0 13 0 2 2 0 2 18 9 0 0 0 0 0 0 0 0 0 0 0 0 0 0 0 0 0 0 0 0 0 0 0 0 0 0 0 0 
 0 0 0 0 0 73 0 0 0 0 2 4 4 3 0 0 0 0 38 0 162 98 0 258 267 254 59 345 210 67 101 44 88 274 60 242 348 138 60 343 91 1 0 3 0 207 20 0 3 0 1 0 34 2 3 0 0 6 0 1 0 2 0 0 3 0 7 0 0 0 4 8 0 0 2 0 0 0 3 1 0 0 0 0 0 0 0 0 0 0 0 0 1 0 0 0 0 0 0 2 0 40 9 50 17 11 1 0 20 0 3 18 0 0 9 0 0 7 13 0 22 0 0 0 0 0 7 39 0 0 14 0 18 13 0 24 0 0 39 6 2 0 0 13 0 0 0 0 0 0 6 0 0 0 0 0 0 0 0 0 0 0 4 6 0 0 0 0 1 0 0 0 0 12 0 0 0 0 1 0 1 0 8 21 8 17 0 8 1 30 10 17 0 14 12 22 8 20 2 0 0 0 2 0 0 0 1 33 2 0 0 0 38 21 0 0 0 0 12 7 0 0 0 0 0 0 0 16 0 0 0 0 2 0 0 0 0 0 0 0 0 0 0 0 0 0 0 0 0 2 0 1 0 0 2 1 0 42 1 0 2 0 0 0 0 0 0 0 0 0 0 0 0 0 2 0 0 0 0 0 0 0 0 0 0 13 0 0 0 0 
 2 3 209 1 3 2 5 2 5 4 3 4 2 2 2 6 3 3 38 2 132 41 258 0 243 123 116 152 195 229 101 150 77 177 174 37 373 83 113 150 27 15 0 0 2 153 0 61 2 0 2 5 77 4 0 5 0 0 24 1 0 1 2 0 3 0 0 25 0 3 3 0 0 0 2 3 0 0 3 4 0 0 0 0 0 0 0 0 0 0 0 0 0 0 0 0 0 9 0 0 0 0 12 22 13 17 0 0 9 19 21 33 0 0 17 21 8 15 0 15 31 0 0 0 0 0 13 19 0 12 2 0 14 18 9 9 0 0 20 0 0 0 0 0 0 0 0 8 0 0 0 0 0 0 0 0 0 0 1 0 0 0 0 0 0 0 0 0 0 0 0 0 0 0 0 0 0 0 0 0 44 8 1 32 14 7 0 15 0 17 9 23 0 14 0 13 12 9 0 0 16 0 0 0 0 0 18 32 0 1 0 0 0 9 2 15 0 0 34 29 0 0 0 0 0 0 0 0 0 0 0 0 0 0 25 0 2 0 0 0 0 0 2 0 0 0 0 0 0 0 0 0 0 0 1 1 0 0 0 3 2 0 0 0 0 0 12 0 0 0 0 0 0 0 0 0 0 0 0 0 0 19 0 0 0 0 12 0 0 0 
 0 0 0 2 0 0 7 0 2 0 0 0 0 3 0 4 0 86 0 0 58 33 267 243 0 149 41 48 70 65 67 87 81 146 63 274 91 263 45 65 62 275 4 228 25 211 21 0 0 0 0 0 38 24 33 56 0 211 8 64 0 0 0 0 3 24 0 0 0 0 32 0 49 0 52 0 0 0 0 0 0 0 0 0 0 0 0 0 0 0 0 0 0 0 0 0 0 0 0 0 0 14 0 2 17 12 8 11 0 13 10 15 11 16 0 8 0 18 0 0 10 0 21 0 0 0 0 22 1 0 1 0 1 31 5 64 0 0 59 8 0 0 0 0 0 0 0 0 0 0 12 0 0 0 0 0 0 0 0 0 0 0 13 5 0 2 0 0 0 0 0 0 0 6 0 0 0 0 0 15 0 0 11 4 66 31 0 1 0 0 17 21 0 8 0 0 8 22 0 0 0 10 1 0 0 0 0 1 29 9 0 0 6 0 2 86 2 15 16 13 0 0 0 0 0 0 0 0 0 0 0 0 0 0 0 0 0 0 0 0 0 0 0 0 0 0 0 0 0 0 0 0 0 0 4 1 2 6 59 4 4 2 0 0 0 0 0 0 0 0 0 0 0 0 0 0 0 0 0 0 0 0 0 0 9 0 0 0 0 0 
 0 0 0 0 0 1 3 63 0 0 0 2 0 0 0 0 0 0 0 0 28 249 254 123 149 0 48 39 99 288 154 43 34 266 52 194 79 52 55 284 64 0 0 0 0 0 67 2 88 0 3 6 0 65 63 123 2 62 0 48 5 1 0 0 3 0 0 0 0 3 29 0 8 0 2 27 0 0 0 1 0 0 0 0 0 0 0 0 0 0 0 0 0 0 0 0 14 0 0 0 0 0 0 14 39 10 0 8 14 0 0 0 0 0 0 12 1 1 0 0 1 0 29 9 0 0 45 16 0 0 35 3 29 20 11 0 0 0 24 39 6 0 8 0 0 5 0 2 0 0 0 0 0 0 0 0 0 0 1 0 0 0 7 3 0 0 0 0 2 0 0 0 0 0 0 0 0 0 0 0 0 0 1 0 0 0 0 6 0 21 35 57 0 0 0 13 7 10 0 0 54 13 0 15 15 0 30 1 9 0 0 0 14 15 34 9 47 18 15 21 0 0 0 1 0 0 0 0 0 0 0 0 0 0 4 0 2 0 0 0 0 0 0 0 0 0 0 0 0 0 0 0 0 0 8 0 1 7 4 0 3 4 0 0 0 0 0 0 0 0 0 0 0 0 0 0 0 0 0 0 0 0 0 0 0 0 0 0 0 0 
 2 2 3 76 109 70 14 2 5 152 177 158 4 2 2 85 112 99 2 3 134 272 59 116 41 48 0 104 50 49 24 53 220 87 50 152 43 48 163 239 0 0 0 0 1 0 0 6 0 0 0 0 0 2 0 0 0 0 0 0 0 0 50 0 3 0 0 0 0 1 3 0 0 0 2 0 0 0 0 0 2 0 16 9 29 20 0 0 21 0 53 31 0 0 0 0 0 6 0 0 43 1 0 0 0 0 44 19 0 0 0 0 10 8 12 4 7 0 14 20 0 0 0 0 0 0 0 0 0 0 0 0 0 0 0 0 0 0 0 0 0 0 0 0 2 0 0 0 0 2 0 0 0 0 0 0 0 0 0 0 0 0 2 0 1 29 0 0 0 0 36 6 0 0 2 3 0 0 0 0 1 5 3 0 1 2 22 20 34 15 0 1 12 0 15 0 0 0 1 59 4 0 0 0 0 0 0 0 0 0 0 0 0 0 0 0 0 0 0 0 0 0 0 0 0 0 0 0 0 0 0 0 0 0 0 0 0 0 0 0 0 9 0 0 0 1 0 0 0 0 0 0 0 0 4 0 2 0 0 1 1 0 0 0 0 0 0 0 0 0 0 0 0 0 0 18 1 2 0 0 0 0 0 0 0 0 0 0 0 0 
 0 1 0 0 0 74 0 0 0 2 0 0 0 0 0 0 0 0 0 0 130 127 345 152 48 39 104 0 141 39 163 176 212 266 340 159 402 164 62 143 0 0 0 0 0 0 0 0 0 0 0 0 2 3 0 1 0 2 0 0 0 0 0 0 3 0 0 0 0 2 3 0 0 0 2 0 0 0 0 0 0 0 0 0 0 6 0 0 0 0 0 12 0 0 0 0 0 0 0 0 0 42 0 0 0 1 14 0 18 12 19 30 0 13 16 0 3 77 0 12 0 0 0 0 10 0 0 20 11 0 0 0 0 0 0 31 0 0 55 0 0 0 0 0 0 0 0 17 0 0 7 0 0 0 0 0 0 0 0 0 0 0 0 0 0 0 0 0 1 0 0 0 0 0 8 0 0 0 0 0 32 25 15 25 7 12 0 25 20 13 0 0 0 12 0 11 39 10 0 17 0 2 0 0 0 0 0 0 0 0 0 0 0 0 0 0 0 0 0 0 0 0 0 0 0 2 0 0 0 0 0 0 0 0 0 0 0 0 0 0 0 0 0 0 0 0 0 0 0 0 0 0 0 0 5 0 2 3 0 0 24 0 0 0 0 0 0 0 0 0 0 0 0 0 0 0 0 0 0 0 0 0 0 0 0 0 0 0 0 0 
 0 78 0 0 2 8 0 1 0 0 1 0 0 1 0 0 2 0 0 0 108 300 210 195 70 99 50 141 0 115 247 203 89 173 179 134 151 530 82 88 4 112 1 6 2 0 11 0 8 0 6 0 74 19 0 0 0 111 0 3 3 0 0 0 3 0 0 0 0 4 3 2 0 0 6 0 0 2 0 0 0 2 0 0 0 16 0 0 0 0 0 0 2 0 0 0 0 0 0 0 0 8 13 56 13 8 0 0 0 28 0 0 14 0 0 18 25 0 13 0 20 11 7 0 0 0 46 16 0 0 0 0 11 0 0 11 0 0 1 10 1 0 0 0 0 0 0 0 0 0 0 0 12 0 0 0 0 0 0 0 0 0 0 0 0 0 0 0 5 0 0 0 9 0 5 0 0 0 0 0 0 0 0 1 10 15 0 0 20 21 28 47 0 1 11 49 39 20 0 0 28 0 2 0 0 0 1 15 1 0 0 0 34 39 0 2 0 0 24 13 0 0 0 0 0 0 0 0 0 0 0 0 0 0 0 0 0 0 0 0 0 0 0 0 0 0 0 0 0 0 0 0 0 0 5 0 0 0 1 1 16 1 0 0 0 0 1 0 0 0 0 0 0 0 0 0 0 0 0 0 0 0 0 1 0 13 15 0 0 1 
 0 0 0 0 74 0 0 2 0 0 0 0 3 0 2 0 1 0 29 0 38 120 67 229 65 288 49 39 115 0 244 105 153 283 474 287 66 50 109 235 208 6 0 0 0 0 0 0 0 0 0 3 1 2 6 0 0 1 0 1 0 0 0 0 3 0 0 0 0 0 3 0 50 1 2 0 0 0 0 0 0 0 0 0 0 0 0 0 0 0 0 0 0 0 0 0 0 0 0 0 4 0 26 9 19 17 0 0 13 10 48 45 20 19 25 7 10 47 18 0 15 0 0 0 0 0 0 0 0 0 0 0 5 0 0 0 0 0 0 0 0 0 0 0 0 0 0 0 0 0 0 0 0 0 0 0 0 2 0 0 0 0 0 2 6 0 0 1 1 0 0 0 0 0 27 36 0 0 0 0 1 48 10 75 0 1 28 34 0 0 17 9 0 18 0 9 22 0 0 0 0 0 0 0 0 0 0 4 0 0 0 0 21 0 9 0 0 0 43 0 0 0 0 0 0 0 0 0 0 0 0 0 0 0 0 0 4 0 0 0 0 0 2 0 0 0 0 0 0 0 0 0 0 0 18 1 2 90 0 3 24 5 0 0 0 0 0 0 0 0 0 0 5 0 0 0 0 0 0 11 0 5 0 0 0 0 0 0 0 0 
 0 0 0 1 0 0 0 4 0 0 32 0 1 4 0 0 0 2 0 1 115 109 101 101 67 154 24 163 247 244 0 138 43 199 71 142 203 217 31 64 0 0 0 0 4 0 5 0 0 0 0 4 64 7 3 2 0 0 0 0 11 0 0 6 3 0 0 0 0 0 5 4 5 0 3 0 0 0 0 0 0 0 0 0 0 0 0 0 0 0 0 0 0 0 0 0 0 0 0 0 0 0 61 21 14 26 0 40 22 19 21 23 0 1 25 56 25 12 0 0 0 0 0 0 0 0 9 12 0 0 0 0 19 1 0 0 0 0 0 0 0 0 0 0 0 0 0 0 0 0 0 0 0 0 0 0 0 0 0 0 0 0 0 2 1 0 0 0 3 0 0 0 0 0 2 2 0 0 0 0 14 7 59 39 22 21 0 10 0 26 53 48 0 0 0 21 44 9 0 0 13 0 0 0 0 0 0 0 0 0 0 19 18 16 0 0 0 0 61 0 0 0 7 0 0 0 0 0 0 0 0 0 0 0 0 0 0 0 0 0 0 0 12 0 0 0 0 0 0 0 0 0 0 0 11 0 2 7 1 0 3 1 0 0 0 0 11 0 0 0 0 0 0 0 0 0 0 0 0 14 0 10 0 0 0 0 9 0 0 0 
 3 3 3 5 3 3 7 3 3 3 3 27 3 6 3 3 92 3 3 4 25 119 44 150 87 43 53 176 203 105 138 0 48 59 109 482 112 201 32 36 32 0 0 0 2 0 0 0 0 0 0 5 87 2 0 4 0 0 27 0 0 0 0 0 3 0 0 0 0 0 3 0 0 0 3 0 0 0 0 0 0 0 0 0 0 0 0 0 0 0 0 0 0 0 0 0 0 0 0 0 0 1 0 33 14 25 0 0 0 20 0 11 0 0 1 12 11 13 0 0 14 0 39 0 0 0 16 28 9 18 0 0 13 24 23 28 0 0 33 0 0 0 0 0 0 0 0 0 0 0 0 0 0 0 0 0 0 0 0 0 0 0 0 0 0 9 0 0 0 0 0 0 0 0 5 0 0 0 0 0 0 0 0 0 18 8 0 43 11 7 0 1 0 0 0 25 35 9 0 0 24 7 0 12 0 0 19 28 10 1 0 0 0 9 1 25 0 0 27 24 0 0 0 0 0 0 0 0 10 0 0 0 0 0 0 0 0 0 0 0 0 0 0 0 0 0 0 0 0 0 0 0 0 0 7 2 5 0 0 1 14 4 0 0 0 0 11 0 0 0 0 0 0 0 0 0 0 0 0 0 0 0 0 0 0 0 11 0 0 0 
 0 0 0 73 149 108 0 0 0 2 74 55 0 1 0 0 62 1 2 0 204 72 88 77 81 34 220 212 89 153 43 48 0 173 197 133 118 333 238 308 0 12 0 7 3 0 0 4 4 0 4 0 3 2 0 2 0 3 0 3 6 0 0 6 3 0 0 0 0 1 3 0 12 0 3 5 3 3 50 0 0 1 0 6 18 1 0 20 0 0 12 20 2 0 0 0 0 0 0 0 22 0 26 0 0 25 0 13 9 0 22 36 19 0 21 18 20 27 38 22 0 0 0 0 0 0 0 0 0 0 0 0 0 0 0 0 0 0 0 0 5 0 0 0 0 0 0 0 0 9 0 0 0 0 0 0 0 0 0 0 1 24 13 0 13 26 0 0 0 0 34 21 0 0 0 0 0 0 0 0 21 34 0 40 0 0 14 38 20 0 0 3 9 50 2 22 0 0 14 29 0 0 2 0 0 0 0 0 1 0 0 0 0 0 4 14 0 0 0 0 0 0 0 0 0 0 0 0 0 0 0 0 1 0 0 0 0 0 0 0 0 6 0 0 0 0 0 0 0 0 0 0 0 0 8 2 1 1 0 1 2 0 0 0 0 0 0 0 0 0 0 0 0 0 0 1 0 1 0 0 0 10 0 1 0 0 0 0 0 2 
 0 0 0 0 24 0 11 0 118 0 0 81 0 0 0 4 0 0 3 0 110 164 274 177 146 266 87 266 173 283 199 59 173 0 269 101 105 277 94 224 0 4 0 0 0 0 0 0 0 0 0 2 3 3 8 0 0 0 5 0 0 1 0 0 3 0 2 0 0 3 2 2 12 0 2 0 0 0 0 1 0 0 0 0 0 16 0 0 0 0 0 0 0 0 1 0 0 0 0 0 14 19 16 0 0 12 1 36 0 24 18 20 8 33 13 10 19 45 9 12 0 0 0 0 0 0 0 0 0 0 0 0 0 2 0 0 0 0 18 0 0 2 0 0 0 0 0 12 0 0 1 0 0 0 0 0 0 0 0 0 0 0 0 0 16 0 0 0 0 0 0 2 10 0 8 0 0 0 0 0 12 57 50 13 19 25 18 29 20 49 8 0 13 21 0 11 36 24 0 26 0 0 0 0 0 0 0 3 0 0 0 0 8 2 12 0 22 0 26 0 2 0 0 0 0 0 0 0 0 0 0 0 0 0 0 0 0 0 0 0 0 0 0 0 0 0 0 0 0 1 0 0 0 0 23 2 0 2 82 2 41 2 0 0 0 0 0 0 0 0 0 0 0 0 0 0 0 0 0 0 0 0 0 0 0 0 0 0 0 0 
 0 0 0 0 35 154 5 0 0 0 0 0 0 1 0 0 0 0 0 0 164 70 60 174 63 52 50 340 179 474 71 109 197 269 0 117 176 142 171 251 0 0 0 0 0 0 0 2 0 64 2 0 2 2 0 0 0 16 0 0 0 0 2 0 3 0 0 0 0 0 3 0 5 0 2 2 0 0 0 3 0 0 0 0 0 17 0 18 0 2 0 13 0 0 0 0 0 0 0 0 9 63 33 0 0 11 27 0 44 28 19 49 19 24 9 32 9 21 17 16 0 0 0 0 0 0 0 18 0 0 0 0 21 0 0 23 0 0 19 0 0 0 0 0 0 0 0 0 0 0 6 0 0 2 0 0 0 0 0 0 0 0 1 0 9 0 0 0 0 0 0 0 0 0 0 0 0 0 0 0 44 25 26 27 0 10 10 0 19 27 21 6 10 14 0 1 28 23 0 18 0 0 0 0 0 1 0 0 0 0 0 0 0 0 8 0 0 0 17 0 20 0 0 0 0 0 0 0 0 0 0 0 0 0 1 0 0 0 0 0 0 0 1 0 0 0 0 0 0 0 0 1 0 0 7 0 0 5 2 3 0 0 0 0 0 0 0 0 0 0 0 0 0 0 0 1 0 0 0 13 0 0 0 0 0 0 0 0 0 0 
 3 5 3 3 3 228 3 3 5 3 3 75 3 4 3 3 4 3 6 3 188 200 242 37 274 194 152 159 134 287 142 482 133 101 117 0 234 64 46 161 66 1 62 7 0 0 0 0 0 162 27 1 2 3 1 1 0 65 0 0 0 1 0 0 3 0 3 0 0 3 2 3 0 0 2 0 0 0 0 1 0 0 0 0 29 2 0 1 0 0 1 0 0 0 1 0 0 0 0 0 1 21 11 63 37 0 1 42 31 11 28 0 0 20 0 5 18 24 3 0 0 0 0 0 0 0 0 2 0 0 0 0 21 12 1 0 0 0 28 0 0 2 0 0 0 0 0 0 29 4 0 0 0 0 0 0 0 0 0 0 0 0 7 9 0 1 0 0 3 0 0 0 0 0 0 0 0 0 0 0 13 0 0 0 0 0 4 19 16 33 13 11 1 14 34 27 6 0 0 0 0 0 0 0 0 0 0 2 0 0 0 0 36 36 1 0 0 0 17 0 2 0 0 0 0 0 0 0 0 0 12 0 0 0 0 0 0 0 0 0 0 0 0 0 0 33 0 0 0 1 0 0 0 0 15 0 1 76 1 1 0 0 0 0 0 0 1 0 0 0 0 0 0 0 0 0 0 0 0 0 0 9 0 0 0 0 0 0 0 0 
 2 0 0 0 0 76 1 0 0 0 1 0 0 2 0 0 1 0 0 2 93 119 348 373 91 79 43 402 151 66 203 112 118 105 176 234 0 162 207 46 0 0 2 7 2 0 0 0 0 0 0 0 114 2 0 0 0 3 1 4 1 0 0 0 9 0 0 0 0 90 3 0 0 2 2 0 0 0 0 0 0 0 0 2 0 17 0 0 9 0 0 0 0 0 0 0 0 0 0 0 0 25 25 25 0 24 0 0 35 25 12 10 17 2 11 13 0 7 11 26 0 0 0 0 0 0 9 13 0 0 0 0 2 9 0 13 0 0 16 0 0 0 0 0 0 0 0 0 0 0 6 0 0 0 0 0 0 0 0 0 1 0 0 0 0 0 0 0 0 0 0 0 0 0 0 0 0 0 8 0 9 28 26 59 19 0 0 1 1 19 0 19 20 24 12 25 1 47 0 0 12 0 0 0 0 1 0 18 0 0 0 0 0 6 0 0 0 0 11 0 0 12 2 0 0 0 0 0 0 0 0 0 0 0 0 0 0 0 0 0 0 0 0 0 0 0 0 0 0 0 0 0 2 0 18 0 1 74 0 1 1 0 0 0 0 0 11 0 0 0 0 0 0 0 0 0 0 0 0 12 0 0 0 0 0 0 9 0 0 0 
 0 0 0 0 0 74 2 0 0 0 0 2 1 0 0 0 0 0 0 0 521 549 138 83 263 52 48 164 530 50 217 201 333 277 142 64 162 0 107 111 0 0 0 2 2 1 0 0 0 0 0 0 63 3 2 0 0 2 0 0 0 0 0 0 3 0 0 0 0 2 3 0 0 0 2 0 0 0 3 55 0 0 0 0 0 15 0 0 0 0 0 0 0 0 0 0 0 0 0 0 0 19 9 40 0 8 1 0 17 18 0 0 0 0 11 12 13 11 13 7 0 0 0 0 0 0 10 15 0 0 0 0 0 0 0 16 0 0 22 0 0 0 0 0 18 0 0 0 0 0 4 0 0 0 0 0 0 0 2 0 0 0 4 0 0 0 0 0 2 0 0 0 0 0 4 0 0 0 0 1 9 22 20 15 10 7 0 0 8 12 5 46 0 0 12 64 27 19 0 0 15 0 0 0 0 0 0 0 0 0 0 0 13 19 1 0 0 0 15 0 0 0 0 0 0 0 0 0 0 0 0 0 0 0 0 2 0 0 0 0 0 0 0 0 0 0 0 0 0 0 0 1 0 0 4 0 3 76 2 3 17 0 0 0 0 0 11 0 0 13 0 0 0 0 0 0 0 0 0 0 0 0 0 0 0 0 10 0 0 0 
 0 3 74 57 74 109 2 26 0 1 147 74 3 3 0 1 73 0 0 0 184 171 60 113 45 55 163 62 82 109 31 32 238 94 171 46 207 107 0 180 0 0 0 2 62 0 0 5 1 0 0 0 2 2 0 0 0 0 0 0 0 0 0 0 3 0 0 0 0 1 3 0 30 0 8 0 0 25 0 46 0 0 0 9 43 6 0 17 0 0 9 0 0 0 0 0 0 6 0 0 14 27 15 10 17 0 19 1 18 36 2 55 0 27 54 10 0 13 0 32 0 0 0 0 0 0 0 0 0 0 0 0 0 0 0 0 0 0 0 0 0 0 0 0 0 0 0 0 0 0 0 0 0 0 0 0 0 0 0 0 32 40 26 0 37 8 0 0 9 13 11 0 0 1 0 2 1 14 1 0 38 11 10 23 0 0 42 0 0 22 10 0 0 11 30 0 0 10 20 12 0 0 0 13 0 0 0 0 0 0 0 0 0 0 0 0 0 0 0 0 0 0 0 0 0 0 0 0 0 0 0 0 2 0 0 0 0 0 0 0 0 8 0 0 0 0 0 0 0 23 0 0 0 0 14 0 0 1 0 2 1 12 0 0 0 0 0 0 0 0 0 0 0 0 0 0 0 0 0 0 0 0 0 0 0 0 0 0 0 0 
 0 1 0 0 109 103 0 0 0 131 73 1 4 0 0 146 106 81 0 0 98 126 343 150 65 284 239 143 88 235 64 36 308 224 251 161 46 111 180 0 0 1 0 0 0 3 0 0 0 0 0 0 2 2 0 0 0 6 0 0 0 0 53 0 3 0 0 0 0 0 6 0 6 0 2 0 0 5 0 0 0 0 13 0 0 10 0 0 15 0 0 1 0 0 0 0 0 20 0 0 28 31 60 1 2 1 22 1 6 11 9 11 17 18 5 14 9 11 41 17 0 0 2 0 0 0 10 0 0 0 0 0 0 0 0 0 0 10 0 0 0 0 0 14 0 8 0 0 0 4 0 0 0 0 0 0 0 0 0 0 0 1 0 0 27 22 2 0 0 1 12 15 0 1 0 0 11 0 0 0 15 46 10 10 0 0 17 8 2 35 0 0 31 7 10 14 0 14 10 33 0 0 0 0 0 0 0 3 0 0 0 0 0 0 9 0 0 0 1 0 1 0 0 0 0 0 0 0 0 0 0 0 0 0 0 0 0 8 0 0 0 0 0 0 0 0 0 0 73 0 7 1 0 0 13 0 3 1 0 2 0 0 0 0 0 0 0 0 0 0 0 0 0 0 0 6 12 27 0 0 0 0 0 0 0 0 0 0 0 0 
 0 2 0 0 0 0 0 0 1 0 0 0 3 0 0 0 0 0 12 0 0 3 91 27 62 64 0 0 4 208 0 32 0 0 0 66 0 0 0 0 0 123 380 31 95 15 69 121 108 164 137 254 32 80 333 66 40 25 49 98 0 1 0 0 0 0 0 0 0 0 0 4 7 11 2 49 0 0 8 3 0 0 0 0 0 0 0 0 0 0 0 0 0 0 13 0 0 0 0 0 0 0 0 10 19 0 0 0 0 0 0 13 0 0 0 0 0 0 0 0 52 18 0 0 23 11 0 52 18 0 0 7 17 35 29 33 5 4 26 0 0 0 4 0 0 0 3 0 0 0 0 0 0 19 0 0 0 0 7 0 0 0 5 9 0 1 0 0 0 0 0 0 0 0 0 0 0 0 0 4 0 0 0 0 3 0 0 0 0 9 14 0 0 0 0 0 0 1 0 0 0 0 0 16 0 3 20 22 0 4 37 67 4 20 1 24 8 0 13 14 0 0 0 0 0 3 16 0 20 0 0 0 3 0 3 0 0 0 19 3 0 0 0 0 0 0 0 0 0 0 0 5 0 1 0 0 0 0 61 0 0 0 0 0 0 4 3 63 0 0 0 0 0 0 0 0 0 0 0 0 0 0 0 0 22 0 2 0 2 0 
 3 0 0 0 0 0 0 0 0 0 0 0 2 0 0 0 0 0 0 0 0 0 1 15 275 0 0 0 112 6 0 0 12 4 0 1 0 0 0 1 123 0 253 144 52 39 49 93 412 43 53 46 86 35 230 132 24 321 74 187 6 0 0 6 6 0 7 62 1 0 3 0 6 2 54 4 0 0 0 0 0 14 0 0 0 0 0 0 0 0 0 0 0 0 0 0 0 0 0 0 0 0 0 0 0 0 0 1 0 0 0 0 0 0 0 1 23 1 0 0 6 10 44 8 10 52 25 10 21 15 18 0 32 14 36 0 16 0 0 37 0 0 2 0 0 0 0 13 0 0 0 0 0 0 0 0 0 0 0 0 0 0 2 0 0 5 0 0 0 0 0 0 0 7 0 0 0 0 0 2 0 0 1 4 4 4 0 2 0 0 1 5 0 0 0 0 1 0 0 0 14 1 7 22 14 12 7 4 0 49 0 0 0 1 1 0 25 9 7 20 0 0 0 0 0 0 0 0 0 0 0 0 0 0 0 0 0 0 5 0 0 0 5 0 0 0 0 0 0 2 0 2 0 2 0 0 0 63 62 0 0 0 0 0 1 1 2 0 2 0 0 0 0 0 0 0 0 0 0 0 0 25 0 0 0 0 0 0 1 0 
 3 7 3 3 3 3 3 3 3 3 3 3 5 3 3 3 3 3 3 3 2 0 0 0 4 0 0 0 1 0 0 0 0 0 0 62 2 0 0 0 380 253 0 94 48 265 40 231 113 495 195 47 61 127 73 136 129 57 343 44 6 0 5 0 0 0 2 0 0 2 0 8 0 10 0 0 0 7 50 0 0 0 29 0 10 0 0 0 0 0 0 0 0 0 0 0 0 0 0 0 0 0 0 0 0 0 0 0 0 0 0 0 0 0 0 0 0 0 0 0 25 12 0 10 0 0 0 2 3 0 17 8 0 13 5 16 10 61 0 0 0 0 7 0 6 8 0 7 2 0 2 0 12 0 0 4 0 0 0 0 0 0 0 0 0 19 0 0 0 0 0 0 0 4 0 0 8 9 0 11 0 0 0 0 37 10 0 0 0 0 0 0 0 9 0 0 0 0 0 0 0 1 12 11 32 1 18 10 14 0 26 7 0 13 2 0 0 38 0 7 0 0 5 0 10 0 9 0 14 3 0 1 10 0 0 6 7 0 0 8 0 0 0 0 0 63 0 0 0 0 0 9 0 1 0 0 0 0 0 0 0 0 33 0 37 2 2 5 0 0 1 0 0 0 0 3 0 0 0 0 0 0 0 0 0 0 0 0 2 0 
 0 0 5 0 0 0 0 0 0 2 0 0 2 2 0 0 0 0 0 0 4 0 3 0 228 0 0 0 6 0 0 0 7 0 0 7 7 2 2 0 31 144 94 0 71 41 78 72 277 405 237 295 69 78 131 42 56 65 315 291 52 52 0 0 0 1 0 0 0 0 0 0 10 0 0 0 0 50 50 31 0 0 0 0 0 0 0 0 0 0 0 0 0 0 0 0 0 0 0 0 0 0 3 10 0 0 1 0 0 0 0 0 1 0 0 0 0 0 4 0 0 15 8 19 0 14 0 0 0 47 5 0 0 0 0 0 9 9 35 0 16 0 12 0 0 0 6 1 28 18 0 0 57 22 28 0 8 0 10 0 0 0 0 0 8 0 0 0 0 0 0 0 0 0 0 0 0 0 0 0 1 0 0 0 0 0 0 0 1 8 0 0 0 0 3 4 0 10 0 0 0 0 0 0 13 51 0 0 0 16 0 41 0 0 0 0 30 0 0 0 7 38 22 0 0 0 0 36 0 0 0 0 0 19 17 30 0 6 46 12 0 0 0 0 0 0 0 0 0 0 0 10 0 1 0 0 0 0 0 0 0 0 3 69 2 4 1 0 0 0 0 0 0 0 0 0 0 0 0 0 0 2 0 0 0 0 0 15 2 0 
 0 0 0 81 0 63 7 0 0 0 0 0 0 4 0 0 0 0 0 0 0 0 0 2 25 0 1 0 2 0 4 2 3 0 0 0 2 2 62 0 95 52 48 71 0 120 55 150 72 161 231 112 79 170 155 294 74 90 58 75 0 0 0 0 0 0 1 0 19 0 0 0 0 53 11 6 1 0 117 7 0 0 14 0 0 0 0 19 12 0 0 0 0 0 0 0 0 18 0 0 0 0 0 0 0 0 9 0 0 14 0 0 0 0 0 0 0 0 0 6 8 20 0 0 16 24 0 0 0 0 0 15 0 0 8 0 3 0 0 0 4 8 30 5 0 2 21 10 1 21 8 0 1 18 24 21 13 0 9 11 9 14 0 0 0 3 0 9 4 18 0 0 10 8 9 13 0 32 0 8 0 0 0 0 0 0 0 0 0 0 0 0 0 0 1 0 0 0 18 0 0 0 1 13 3 9 0 0 0 0 18 25 11 14 0 0 0 0 0 0 4 6 0 10 0 0 26 15 5 0 5 0 10 44 8 0 0 12 14 10 0 0 0 0 0 0 0 0 0 62 0 2 0 0 0 0 0 0 0 1 0 0 0 0 0 0 0 0 0 0 15 0 0 0 0 0 0 0 0 0 0 0 0 0 19 0 0 0 0 0 
 3 0 0 0 0 0 4 0 63 0 0 2 0 0 0 4 0 0 0 0 0 0 207 153 211 0 0 0 0 0 0 0 0 0 0 0 0 1 0 3 15 39 265 41 120 0 33 45 32 445 156 125 26 271 48 57 51 40 41 97 52 70 1 6 2 0 5 0 1 3 0 0 101 56 22 0 40 6 7 73 0 0 0 0 0 0 0 0 0 0 0 0 0 0 0 0 13 0 0 0 0 0 0 0 0 0 0 0 0 0 0 0 0 0 0 0 0 0 0 0 0 0 0 0 0 6 0 0 0 0 0 1 0 0 0 0 0 0 0 0 10 2 1 10 0 0 28 7 3 12 0 0 13 28 13 16 9 22 0 36 0 0 0 0 0 0 0 13 17 0 0 0 3 0 0 0 0 0 0 0 0 0 0 10 0 0 0 0 0 0 0 0 0 0 0 0 0 0 0 0 0 0 0 0 0 31 1 0 0 9 10 6 0 0 0 10 0 0 0 12 16 14 0 11 0 5 26 22 12 37 27 0 0 29 21 7 11 18 7 4 0 0 0 0 0 0 0 0 0 0 0 11 1 0 0 0 0 0 1 2 0 14 0 0 4 0 1 0 0 0 10 0 1 0 0 0 0 0 0 0 0 0 15 0 5 0 0 0 1 0 
 0 1 0 0 1 0 0 0 0 1 0 0 0 28 64 40 4 0 1 1 0 0 20 0 21 67 0 0 11 0 5 0 0 0 0 0 0 0 0 0 69 49 40 78 55 33 0 141 47 35 44 37 128 123 121 38 43 97 54 121 0 0 25 20 9 0 0 0 0 0 12 1 0 0 0 0 8 0 0 0 0 6 12 0 13 0 0 9 1 0 3 0 1 8 0 0 0 0 9 0 0 0 0 10 0 1 0 0 0 0 0 0 0 0 0 0 0 0 0 0 25 0 0 0 0 10 12 9 0 0 0 11 18 0 0 10 0 0 4 16 6 0 6 0 0 6 0 0 0 0 0 0 0 0 0 0 0 0 0 0 0 0 0 0 0 0 0 2 0 0 0 0 0 0 0 0 0 0 16 0 0 0 0 0 6 21 0 0 0 0 9 34 0 0 0 13 0 21 0 0 0 35 0 11 0 0 2 9 0 0 0 0 33 11 10 26 8 15 0 20 0 0 0 0 0 0 0 0 0 0 0 0 17 0 0 0 0 0 1 0 0 0 0 0 0 0 0 0 0 1 0 15 0 0 0 0 0 0 0 0 0 0 0 0 0 0 2 0 0 0 9 0 0 0 0 0 0 0 0 0 0 0 0 0 0 23 0 0 0 16 
 3 3 3 18 3 3 3 3 4 3 9 11 5 3 3 4 9 3 3 50 0 0 0 61 0 2 6 0 0 0 0 0 4 0 2 0 0 0 5 0 121 93 231 72 150 45 141 0 80 166 107 41 316 249 90 112 320 84 304 56 2 0 0 0 0 0 0 0 0 0 6 0 0 3 0 6 0 2 1 0 0 0 0 4 0 0 0 0 0 0 3 0 0 0 0 0 0 0 0 0 5 0 0 0 0 6 0 0 3 0 0 0 0 0 7 0 0 0 0 7 32 11 4 0 0 7 0 0 9 15 1 32 0 1 9 16 32 0 0 0 25 0 7 0 0 20 1 0 0 0 0 0 2 0 0 0 0 0 0 0 0 0 0 0 0 25 0 0 0 0 7 0 0 0 0 0 0 3 0 0 0 0 0 0 0 0 3 0 8 0 0 0 0 0 0 0 0 0 0 4 0 12 33 6 1 1 15 7 41 20 34 19 9 14 41 38 10 14 0 11 0 0 0 0 0 0 0 0 0 0 0 0 31 0 1 0 0 0 28 4 0 4 0 0 0 0 0 0 0 0 0 0 0 2 0 0 0 0 0 34 0 0 0 0 65 0 2 1 0 0 5 0 0 0 0 0 0 0 0 0 0 0 0 0 0 0 0 0 1 0 
 0 0 0 0 0 0 3 0 0 0 0 0 0 3 0 6 0 0 2 0 2 0 3 2 0 88 0 0 8 0 0 0 4 0 0 0 0 0 1 0 108 412 113 277 72 32 47 80 0 56 199 35 154 119 228 159 167 368 185 117 2 0 0 3 0 1 0 0 0 0 0 1 0 7 3 3 52 0 2 3 0 0 0 10 0 0 0 0 0 0 19 0 0 0 0 0 0 0 0 0 0 0 0 0 0 20 0 0 0 0 0 0 0 0 0 0 0 0 0 0 10 12 7 9 27 12 20 11 44 7 30 11 18 16 16 0 13 13 0 0 3 0 1 0 0 0 0 6 0 0 0 0 0 0 0 0 0 0 0 0 0 0 0 0 0 1 0 0 0 0 0 0 0 1 0 0 0 0 0 0 0 0 0 0 0 0 0 0 0 0 0 0 0 0 0 0 0 0 0 0 27 19 0 33 37 9 17 9 0 22 1 0 0 0 10 0 36 30 0 54 0 0 0 0 0 13 0 0 0 0 0 0 0 0 0 20 0 0 10 0 0 0 0 0 0 0 0 0 0 0 0 0 0 0 0 0 0 0 0 1 0 0 0 0 1 0 1 7 0 0 0 0 0 0 0 0 0 0 0 0 0 0 0 0 0 14 0 0 0 0 
 2 2 2 2 2 2 2 2 2 2 2 2 4 2 2 2 8 2 2 2 0 0 0 0 0 0 0 0 0 0 0 0 0 0 64 162 0 0 0 0 164 43 495 405 161 445 35 166 56 0 202 134 41 158 111 163 205 118 110 173 6 2 7 0 0 0 0 2 0 5 1 3 0 21 4 0 0 1 86 2 0 0 0 0 0 0 0 0 0 0 0 0 0 0 0 0 0 0 0 0 0 0 0 0 0 0 0 0 0 0 0 0 0 0 0 0 0 0 0 0 8 1 10 0 26 14 11 4 3 0 0 11 0 13 1 35 44 42 0 0 0 3 12 0 4 6 8 4 15 6 0 5 0 11 0 4 0 0 0 0 0 0 0 0 0 0 0 0 0 0 0 0 0 0 0 0 0 6 0 0 0 0 0 0 0 0 0 0 0 0 0 0 0 0 0 0 0 0 0 0 0 0 36 2 12 9 24 33 11 10 31 16 1 0 0 1 0 8 0 0 10 10 4 0 6 0 0 10 10 0 0 9 0 0 7 2 4 9 0 7 0 0 0 0 0 0 0 0 0 0 0 12 0 1 0 0 0 0 0 3 0 0 4 0 0 11 5 7 2 0 0 0 0 0 0 0 0 0 0 0 0 0 0 0 10 0 0 13 2 0 
 2 1 2 3 1 2 2 2 3 3 1 2 4 1 3 1 0 1 5 3 0 0 1 2 0 3 0 0 6 0 0 0 4 0 2 27 0 0 0 0 137 53 195 237 231 156 44 107 199 202 0 104 258 106 124 82 182 114 258 161 0 205 0 0 0 0 0 0 4 0 0 0 0 64 8 13 0 0 23 1 0 0 0 0 0 0 0 0 0 0 0 10 0 0 0 0 0 0 0 0 0 0 0 0 0 0 0 0 0 0 0 0 0 0 0 0 0 0 0 0 19 17 0 0 12 97 0 12 21 1 0 9 0 10 22 4 0 17 1 0 18 0 7 7 0 0 6 0 14 71 6 0 20 48 19 0 3 0 3 5 0 0 0 0 4 0 0 0 0 0 0 0 0 0 0 0 0 0 0 0 0 0 0 0 0 0 0 0 0 0 0 0 0 0 0 0 0 0 0 0 0 0 0 21 20 24 0 17 13 0 24 33 6 10 0 13 23 3 0 0 3 29 6 4 0 0 0 23 4 0 8 0 7 4 6 0 0 18 25 42 0 0 0 0 0 45 0 0 0 0 0 5 0 0 0 0 0 0 0 15 0 27 1 12 0 11 2 64 1 0 40 0 0 0 0 0 0 0 0 0 0 0 0 0 33 0 0 10 2 0 
 6 0 0 0 0 0 0 0 0 0 0 2 0 0 0 8 0 0 0 0 0 0 0 5 0 6 0 0 0 3 4 5 0 2 0 1 0 0 0 0 254 46 47 295 112 125 37 41 35 134 104 0 28 256 28 54 138 110 281 248 21 19 0 4 0 0 12 0 0 0 0 0 53 3 0 0 0 0 22 52 0 0 0 0 0 0 0 0 0 0 0 0 10 0 0 0 0 0 0 0 0 0 0 0 6 0 0 0 0 0 0 0 0 0 0 0 0 26 0 0 1 0 0 7 0 36 0 12 9 16 29 0 0 0 5 0 0 0 0 0 21 0 9 0 0 0 2 14 19 14 0 0 7 21 16 0 6 0 3 0 1 0 0 0 7 0 0 0 0 0 0 0 0 0 13 0 0 0 0 0 0 0 1 0 0 0 0 0 0 0 0 8 0 0 0 0 0 47 0 0 0 0 0 1 3 4 0 8 17 0 0 28 1 0 0 17 39 0 1 5 0 31 1 0 0 0 0 65 0 4 0 0 0 21 13 0 0 9 7 44 0 0 21 0 0 0 0 0 0 0 0 2 1 2 0 0 0 0 0 19 0 2 0 1 0 2 1 0 2 0 0 0 0 0 0 0 0 0 0 0 0 3 0 0 0 12 0 10 1 0 
 0 0 1 0 2 4 0 0 2 1 0 0 1 0 0 0 2 64 0 0 1 2 34 77 38 0 0 2 74 1 64 87 3 3 2 2 114 63 2 2 32 86 61 69 79 26 128 316 154 41 258 28 0 81 62 47 60 25 174 493 0 3 0 4 14 0 0 0 0 0 29 2 0 0 0 0 0 3 0 0 0 0 0 0 0 0 0 0 0 0 0 0 0 0 0 0 0 0 0 0 0 14 0 7 0 44 0 0 0 14 0 0 0 1 0 0 0 7 0 0 9 0 0 0 0 0 6 14 1 0 0 0 0 1 5 19 0 0 13 0 0 0 0 0 0 0 0 0 0 0 7 0 0 0 0 21 0 0 0 8 0 0 20 0 0 12 0 0 0 0 0 0 0 4 0 0 0 0 0 6 0 0 12 13 38 11 0 0 0 0 9 25 0 0 0 0 0 9 0 0 2 1 1 4 0 0 0 6 0 0 0 0 10 12 1 0 0 12 12 7 0 0 0 0 0 0 0 0 0 0 0 0 0 0 0 0 0 0 0 0 0 0 0 0 0 0 0 0 0 0 0 5 0 0 0 0 0 3 0 0 0 0 2 0 0 1 11 0 0 0 0 0 0 0 1 0 0 0 0 0 0 0 0 0 16 0 12 0 0 1 
 2 1 0 0 0 0 1 0 0 0 0 0 0 39 0 0 0 0 1 0 3 5 2 4 24 65 2 3 19 2 7 2 2 3 2 3 2 3 2 2 80 35 127 78 170 271 123 249 119 158 106 256 81 0 135 80 90 47 189 152 0 0 0 0 0 0 0 1 0 2 2 0 0 3 9 6 0 2 0 0 0 0 0 0 0 0 0 0 0 0 0 0 0 0 0 0 0 0 0 0 0 1 0 0 32 26 0 0 1 13 0 1 0 0 0 0 2 7 0 1 18 21 23 1 1 21 0 2 10 0 6 6 2 24 16 17 2 2 0 1 4 3 9 10 0 19 1 1 1 13 2 3 0 1 4 9 10 6 1 2 0 0 0 0 0 0 0 0 0 0 0 0 0 0 0 0 0 0 0 0 2 0 0 0 0 1 1 1 0 2 3 0 5 1 0 1 1 0 0 0 2 8 33 14 0 0 7 1 25 9 16 1 3 13 44 32 28 11 1 2 8 5 0 14 1 0 0 0 0 0 5 7 4 4 0 0 0 11 19 0 0 0 0 0 0 0 0 0 0 0 0 0 2 1 0 0 0 0 0 2 0 0 1 0 0 0 1 64 0 0 14 0 0 0 0 0 0 0 0 0 0 0 0 0 10 0 0 0 2 0 
 0 0 0 0 0 0 0 0 0 0 0 0 0 0 0 0 0 0 2 0 3 0 3 0 33 63 0 0 0 6 3 0 0 8 0 1 0 2 0 0 333 230 73 131 155 48 121 90 228 111 124 28 62 135 0 67 255 96 115 450 0 0 0 0 0 0 0 0 0 0 0 1 0 5 0 0 0 0 0 2 0 0 0 0 0 0 0 0 0 0 0 0 0 0 0 0 0 0 0 0 0 0 0 0 17 0 0 8 0 3 0 4 0 0 0 8 8 3 0 0 36 26 23 4 14 16 0 20 25 22 20 12 41 8 36 0 12 0 12 0 3 0 6 0 0 6 0 0 0 0 0 0 0 2 1 0 0 0 0 0 0 0 10 5 0 3 0 0 0 0 0 0 0 6 0 0 0 0 0 15 14 45 12 15 15 43 0 11 0 5 9 0 0 0 0 0 15 6 0 0 10 7 0 21 20 20 0 0 9 24 10 0 18 6 17 10 47 26 19 1 0 0 0 0 0 0 0 0 0 0 0 0 38 0 0 0 0 0 55 0 0 0 14 0 0 0 0 0 0 0 0 4 0 0 0 0 0 0 23 0 0 0 0 0 1 3 0 0 0 0 6 0 0 0 0 0 0 0 0 0 0 7 0 0 9 0 0 0 0 0 
 0 0 0 0 0 0 0 0 0 0 0 0 0 2 0 0 0 0 0 0 0 2 0 5 56 123 0 1 0 0 2 4 2 0 0 1 0 0 0 0 66 132 136 42 294 57 38 112 159 163 82 54 47 80 67 0 78 95 125 498 0 4 0 1 0 0 0 0 0 0 3 4 0 10 0 0 0 0 0 4 0 0 0 0 0 0 0 0 0 0 0 0 0 0 0 0 0 0 0 0 0 0 0 1 13 0 0 0 0 0 0 0 0 0 0 0 0 0 0 0 37 0 41 0 27 12 55 10 17 40 1 0 34 34 38 34 12 13 0 0 18 0 0 0 0 1 0 7 0 0 0 0 0 0 0 0 0 0 0 0 0 0 0 0 0 0 0 0 0 0 0 0 0 0 0 0 0 5 0 0 0 0 0 0 19 0 0 0 0 0 0 5 0 0 0 0 0 0 0 0 13 7 49 11 14 10 10 24 12 46 18 0 0 0 25 13 2 33 3 17 0 0 0 0 0 0 0 0 0 0 0 0 0 0 0 0 0 0 1 0 0 0 0 0 0 0 0 0 0 20 0 5 0 2 0 1 0 0 0 3 0 0 2 0 0 10 0 64 0 0 0 0 0 0 0 0 0 15 0 0 0 0 0 0 15 0 0 0 0 0 
 3 3 3 2 3 3 70 3 3 3 3 3 3 3 3 3 3 3 3 3 0 1 0 0 0 2 0 0 0 0 0 0 0 0 0 0 0 0 0 0 40 24 129 56 74 51 43 320 167 205 182 138 60 90 255 78 0 89 395 120 0 0 0 0 0 0 0 0 72 0 1 2 0 3 3 6 0 0 106 0 0 0 0 0 0 4 0 0 0 0 0 0 0 0 0 0 0 0 0 0 0 0 0 0 0 10 0 0 0 0 0 0 0 0 0 0 0 0 0 0 15 11 0 10 13 0 9 0 10 14 6 14 0 11 0 15 10 12 0 0 0 0 17 5 0 0 11 0 15 30 0 0 0 20 0 5 10 0 0 0 0 0 0 0 0 4 0 0 0 0 10 0 0 0 0 0 0 5 0 0 0 0 0 0 1 0 0 0 0 0 0 0 0 0 0 0 0 0 0 0 6 17 19 22 22 7 21 0 28 0 14 18 0 1 13 1 0 10 0 12 6 9 0 3 0 0 9 0 11 0 8 0 0 0 0 0 0 12 8 18 0 0 0 0 0 0 0 0 22 0 0 6 0 0 0 0 1 0 0 9 0 0 30 0 1 13 2 62 1 0 0 0 0 0 0 0 0 0 0 0 0 0 0 0 0 15 0 3 0 0 
 0 0 0 0 0 10 5 0 0 0 0 2 1 0 0 0 0 0 0 0 0 11 6 0 211 62 0 2 111 1 0 0 3 0 16 65 3 2 0 6 25 321 57 65 90 40 97 84 368 118 114 110 25 47 96 95 89 0 34 105 1 0 0 0 0 0 3 0 0 0 0 2 0 0 0 0 0 0 0 0 0 0 0 0 0 0 0 0 0 0 0 0 0 0 0 0 0 0 0 0 0 8 1 0 30 0 19 0 0 0 0 0 0 0 0 0 0 0 6 0 4 19 21 10 1 21 0 0 26 0 34 5 0 0 9 1 18 0 0 0 27 0 9 0 0 15 0 6 0 0 0 16 0 1 9 0 0 0 0 0 0 0 0 0 0 0 0 0 0 0 0 0 0 0 0 0 0 3 0 0 12 0 0 0 0 0 0 0 0 4 0 0 0 0 0 2 9 0 0 0 10 7 20 13 24 1 1 2 39 29 21 8 3 13 26 23 46 2 0 2 0 0 1 0 0 0 0 0 0 0 0 0 27 0 0 0 0 0 19 0 0 0 5 0 0 0 0 0 0 0 0 6 0 0 0 0 0 0 0 24 0 0 0 2 0 5 0 0 0 0 14 0 0 0 0 0 0 0 0 0 0 0 0 0 9 26 0 0 0 0 
 0 0 0 0 0 0 0 0 1 0 0 0 6 0 0 0 0 0 0 0 0 0 0 24 8 0 0 0 0 0 0 27 0 5 0 0 1 0 0 0 49 74 343 315 58 41 54 304 185 110 258 281 174 189 115 125 395 34 0 430 0 0 0 0 2 0 0 0 0 0 6 0 0 0 0 0 0 0 0 0 0 0 0 0 0 0 0 0 0 0 0 0 0 0 0 0 0 0 0 0 8 0 0 9 0 6 0 5 0 2 5 23 4 34 0 6 0 0 0 0 26 46 9 0 0 0 12 19 8 14 0 13 22 23 19 19 0 0 46 12 0 0 0 0 0 0 0 6 0 0 0 0 0 0 0 0 0 0 0 0 0 0 0 0 0 6 0 0 0 0 0 0 4 3 0 0 0 6 0 0 11 0 0 0 6 3 0 2 0 0 5 0 0 12 0 0 8 15 0 0 26 42 15 18 0 12 43 19 14 7 9 0 1 0 27 33 0 36 0 53 0 0 0 0 0 0 0 0 0 7 0 0 0 0 0 0 0 0 0 0 0 0 0 0 0 0 0 0 0 0 0 8 0 2 0 0 0 62 7 2 0 0 0 0 0 2 2 1 0 0 0 0 0 0 0 2 0 0 0 0 0 0 0 0 0 0 0 0 1 0 
 0 0 0 0 0 71 0 0 0 0 0 0 0 0 0 55 0 0 3 0 10 0 1 1 64 48 0 0 3 1 0 0 3 0 0 0 4 0 0 0 98 187 44 291 75 97 121 56 117 173 161 248 493 152 450 498 120 105 430 0 0 0 0 0 0 0 5 0 0 0 30 1 207 10 0 2 0 0 5 0 0 0 0 0 0 0 0 0 0 0 0 0 0 0 0 0 0 0 0 0 0 0 0 0 13 4 0 0 0 0 0 0 0 0 0 0 0 0 0 0 9 30 32 10 21 14 22 7 8 10 22 13 9 19 18 19 31 14 0 12 0 0 0 0 0 4 8 4 0 0 0 0 1 0 0 0 0 3 4 0 0 0 0 0 0 0 0 0 0 0 0 0 0 0 0 0 0 25 0 0 0 0 1 3 0 18 0 0 0 0 0 1 0 0 0 0 0 0 0 0 38 30 9 22 24 47 1 19 20 29 42 8 0 0 80 13 33 0 0 2 0 0 0 0 0 7 0 0 0 0 0 0 0 0 3 0 0 0 24 0 0 0 0 0 0 0 0 0 0 0 0 0 0 0 0 0 0 22 0 0 0 0 0 0 0 13 0 1 1 0 0 0 0 0 0 0 0 0 0 0 0 0 16 0 19 0 0 0 0 0 
 0 0 0 0 0 0 4 0 37 0 0 0 0 3 0 4 0 0 0 0 10 0 0 0 0 5 0 0 3 0 11 0 6 0 0 0 1 0 0 0 0 6 6 52 0 52 0 2 2 6 0 21 0 0 0 0 0 1 0 0 0 158 169 43 52 32 161 91 99 54 64 44 130 118 361 48 57 82 44 109 0 0 0 0 0 0 11 0 0 0 0 0 0 0 0 0 0 0 0 0 0 0 0 0 0 0 0 0 0 0 0 0 0 0 0 0 0 0 0 0 0 1 0 20 8 0 0 0 0 2 13 0 0 0 0 0 0 9 0 0 12 0 24 0 8 19 0 43 0 0 7 5 0 0 14 0 0 0 25 7 0 0 0 0 0 0 1 0 0 0 0 0 0 0 0 0 0 0 0 0 0 0 0 0 0 0 0 0 0 0 0 0 0 0 0 0 0 0 0 0 0 0 0 0 5 3 0 0 0 1 0 9 0 0 0 0 8 0 0 0 18 6 10 11 25 6 8 0 0 18 6 10 8 0 1 28 8 13 0 0 6 0 1 0 0 0 0 0 0 0 0 0 0 0 5 0 0 0 0 0 0 0 0 16 0 0 2 0 0 0 1 0 0 5 3 55 0 0 0 0 0 0 0 0 0 3 0 0 0 0 
