 0 104 190 91 30 257 240 133 47 207 344 58 40 86 36 240 78 230 61 293 0 3 3 1 3 0 0 4 0 0 9 0 2 0 0 3 0 3 0 1 0 0 0 0 3 0 3 2 0 0 2 1 0 3 0 0 0 0 0 0 1 0 0 0 0 0 0 1 0 0 4 0 3 2 0 2 0 0 0 0 1 13 21 0 0 0 17 9 46 10 0 0 36 0 19 21 13 18 26 46 0 0 0 0 0 0 0 0 0 1 0 0 14 0 0 2 0 1 10 0 0 0 0 0 0 0 7 0 10 0 0 0 0 0 0 0 0 0 2 0 0 16 0 0 0 0 0 0 0 0 0 0 0 0 0 0 0 0 0 0 0 21 0 12 8 0 0 18 0 24 0 3 0 24 19 11 18 10 10 0 0 0 0 0 0 0 18 0 0 0 0 0 0 0 0 1 0 0 0 0 0 0 0 0 0 0 0 0 0 0 0 0 1 0 0 0 0 1 0 1 0 0 0 0 0 0 0 0 0 0 0 0 0 0 0 0 0 0 0 0 0 0 0 0 0 2 1 0 46 0 0 6 0 0 0 0 0 0 0 0 0 0 1 0 0 0 0 0 0 0 0 0 0 0 0 13 0 0 0 0 0 0 0 0 0 2 0 0 0 0 
 104 0 443 65 20 30 143 174 225 124 36 325 91 263 347 170 138 402 201 71 0 1 0 0 3 0 0 74 0 0 3 0 0 0 0 2 2 3 0 5 0 0 0 0 6 0 0 2 0 13 3 7 3 33 0 0 0 0 0 0 3 0 0 0 0 0 0 3 0 0 3 0 3 2 0 3 0 0 0 0 7 22 0 30 19 0 13 17 28 28 11 1 23 59 8 17 12 17 17 12 0 0 9 0 0 0 18 0 0 0 0 0 0 0 0 0 0 0 1 0 0 0 0 12 0 0 0 0 0 0 11 0 0 0 0 0 0 0 0 0 0 0 0 0 0 0 0 0 0 0 0 0 0 0 0 0 0 0 0 0 0 34 25 15 0 5 10 36 13 0 13 0 19 25 23 20 26 10 30 1 0 0 0 0 0 0 0 0 0 0 0 0 11 0 0 0 0 0 0 18 0 0 0 0 2 0 0 0 0 0 0 0 0 0 0 0 2 0 0 0 0 0 0 0 0 0 0 0 0 0 0 2 0 0 0 0 0 0 0 0 0 0 0 0 0 2 2 0 0 88 2 12 0 0 2 0 0 0 0 0 2 0 0 0 0 0 0 0 0 0 0 0 0 0 0 0 32 1 0 0 0 0 0 0 0 0 0 0 0 0 
 190 443 0 254 127 42 171 369 251 270 116 273 60 164 54 172 75 137 113 45 0 4 2 0 5 0 0 3 2 0 3 0 4 8 0 4 0 3 73 3 0 0 2 0 8 4 0 2 4 0 4 4 3 3 0 0 6 0 0 0 1 0 0 0 0 27 0 1 3 0 2 0 6 2 0 2 0 0 2 4 0 16 18 49 33 35 0 7 0 36 21 2 0 75 0 1 1 13 13 0 11 14 0 0 0 0 25 0 0 0 0 0 20 0 16 0 10 0 31 24 0 0 0 0 0 0 0 0 0 0 0 0 0 0 16 0 0 0 0 0 0 9 0 0 0 0 0 0 0 0 0 0 0 0 0 0 0 0 0 0 0 0 9 0 0 6 0 44 10 30 18 8 0 0 31 16 0 19 0 0 10 0 0 0 2 0 19 0 0 0 0 0 1 0 10 0 0 0 0 25 0 0 0 1 0 0 0 0 0 0 0 0 0 0 23 0 0 0 0 0 0 0 0 0 0 0 25 0 0 0 0 0 15 0 0 10 1 0 0 0 0 0 0 0 0 0 0 0 0 1 16 4 6 0 0 0 0 0 0 0 0 0 0 0 0 0 0 0 0 0 0 0 0 21 0 0 24 0 0 0 0 0 0 0 0 0 0 0 0 0 
 91 65 254 0 73 123 113 162 157 92 117 240 304 296 58 342 234 253 88 55 89 2 0 0 3 0 0 3 0 0 3 0 75 150 0 2 0 3 78 1 0 0 9 62 3 37 0 2 0 0 3 0 0 3 0 0 0 0 0 0 3 0 0 0 0 0 0 3 0 0 3 0 3 2 0 3 0 0 0 0 0 13 10 14 13 54 0 0 10 9 16 66 2 11 13 16 14 0 2 10 0 0 0 0 0 0 5 0 0 12 0 0 60 0 0 1 0 0 19 0 0 0 0 0 0 0 12 0 0 0 0 0 0 0 0 17 0 1 2 0 0 8 0 0 0 0 0 0 0 6 0 0 0 0 0 0 0 0 0 2 5 0 18 0 32 0 0 31 18 15 17 12 0 0 0 17 0 0 0 0 0 25 0 0 0 0 21 1 0 26 0 0 0 0 0 18 0 0 8 20 0 0 0 0 0 0 0 0 0 0 0 0 0 0 0 0 0 0 0 0 0 2 0 0 0 0 0 0 0 0 0 0 0 0 0 0 0 0 0 0 0 17 0 0 0 4 2 0 3 10 10 7 1 0 0 0 0 0 0 0 0 0 0 0 0 0 0 0 0 0 0 0 0 0 0 13 3 2 0 0 0 0 0 0 0 2 0 0 0 0 
 30 20 127 73 0 158 49 57 151 74 303 188 61 79 168 89 38 48 78 67 0 8 74 0 3 0 2 3 0 0 3 0 3 1 0 3 0 3 224 87 0 0 0 0 3 0 0 2 0 0 2 11 0 3 0 0 0 0 0 1 0 32 0 0 0 0 2 0 0 0 1 0 3 2 0 1 0 0 0 0 0 0 10 11 23 21 0 0 0 18 0 16 0 0 34 30 0 0 0 0 43 28 4 0 0 0 6 14 0 6 10 1 19 30 30 0 16 0 68 0 0 0 0 0 0 0 0 0 0 0 0 0 0 0 0 0 0 0 0 0 0 0 0 0 0 0 0 0 0 0 0 0 0 0 0 1 15 0 0 0 12 0 1 0 0 0 0 0 0 10 13 10 0 0 16 14 1 10 0 0 57 18 0 0 0 0 0 11 23 9 10 0 10 0 0 14 0 0 26 33 0 0 0 0 0 0 0 0 0 0 0 23 0 0 0 0 0 0 6 0 0 0 0 0 0 0 0 0 0 0 0 0 0 0 0 0 0 0 0 0 0 0 0 0 0 2 90 0 0 3 0 12 12 0 1 0 0 0 0 0 0 0 0 0 0 0 0 0 0 0 0 0 0 0 0 0 0 0 0 0 0 0 0 0 0 0 0 0 0 0 
 257 30 42 123 158 0 32 38 38 140 74 63 33 64 50 185 57 229 77 242 60 75 73 2 3 0 0 29 77 74 78 2 69 37 34 3 2 43 160 99 0 0 0 0 3 0 0 2 0 0 3 8 0 3 0 0 0 0 0 0 3 0 0 0 0 0 0 2 0 0 3 5 3 2 0 3 0 0 0 0 0 0 20 23 15 0 0 0 0 0 7 0 0 1 0 0 0 0 0 0 39 40 0 21 0 0 22 42 1 19 0 0 20 44 0 0 34 2 15 25 0 0 0 0 2 0 0 0 0 0 0 0 0 2 0 0 0 0 0 0 0 0 0 0 0 0 0 0 0 0 0 0 0 5 2 4 0 0 0 0 2 7 4 0 15 16 0 0 0 0 0 11 0 0 0 0 0 0 0 0 33 28 0 0 0 6 0 6 18 19 11 2 13 20 26 30 10 0 46 6 2 0 2 0 0 0 0 0 1 0 0 0 0 0 0 0 0 0 0 0 2 0 0 0 0 0 0 0 0 0 0 0 0 0 0 0 0 0 0 0 0 0 0 0 0 0 2 0 4 93 0 4 0 0 0 0 0 0 0 0 6 0 0 0 0 0 13 0 0 0 0 0 0 0 0 9 0 0 0 0 0 7 0 0 0 0 0 0 0 0 
 240 143 171 113 49 32 0 576 167 130 121 273 218 155 130 245 141 306 254 682 2 2 0 1 7 0 0 3 0 0 3 0 0 0 2 3 0 3 0 3 0 2 0 0 4 0 0 2 0 0 2 0 0 3 2 0 2 0 0 0 3 3 0 0 0 0 0 3 0 0 3 0 3 2 0 3 0 0 0 0 37 20 14 12 0 0 28 12 25 12 0 0 12 0 22 0 34 37 37 46 0 0 0 0 0 0 0 0 0 0 0 0 1 0 0 0 0 0 0 9 0 0 0 0 0 0 5 0 1 0 0 0 0 0 0 0 0 0 0 2 0 0 1 0 1 0 0 0 0 0 0 0 0 0 0 0 0 0 0 0 14 44 4 6 21 0 12 1 32 1 0 0 0 18 12 10 31 1 31 9 0 0 1 0 0 0 0 0 0 0 2 0 0 2 0 0 0 0 0 0 0 0 0 0 1 0 0 0 0 0 0 0 0 0 0 0 1 0 0 0 0 0 0 0 0 0 0 1 0 0 0 0 1 0 1 0 0 7 14 0 0 0 0 0 0 4 1 0 92 0 2 3 0 0 0 0 0 0 2 0 0 0 0 2 0 0 1 0 0 0 0 0 0 0 0 0 0 0 0 0 0 0 0 0 0 0 0 0 0 0 
 133 174 369 162 57 38 576 0 148 240 93 321 541 248 149 270 32 200 274 133 0 39 0 81 3 0 0 3 0 0 3 0 0 2 0 2 0 3 1 2 0 0 0 0 3 0 8 2 2 0 3 0 0 3 0 0 0 0 0 0 3 0 0 0 0 0 0 2 0 0 3 0 3 2 0 3 0 0 0 0 16 27 16 12 1 11 12 10 12 16 13 0 12 20 9 56 38 10 40 0 0 0 0 0 0 0 8 16 0 0 0 0 10 0 0 0 0 0 0 7 0 0 0 19 0 0 3 0 0 0 0 0 0 0 0 0 0 0 0 0 0 0 0 0 0 0 0 0 0 0 0 0 0 0 0 0 0 0 0 0 13 44 48 0 0 0 14 31 59 10 0 9 0 13 0 13 61 1 22 11 0 0 0 0 2 0 0 0 0 0 0 0 0 0 0 0 0 0 0 0 0 0 0 0 0 0 1 0 0 0 0 0 0 0 2 0 0 0 0 0 0 0 0 0 0 0 0 0 0 0 0 0 0 0 0 0 0 0 0 0 0 0 0 0 0 2 2 0 1 4 15 2 0 2 0 0 0 0 0 0 0 0 0 0 0 0 0 0 0 0 0 0 0 0 0 0 22 1 0 0 0 0 0 0 0 0 0 0 0 0 
 47 225 251 157 151 38 167 148 0 268 242 45 98 115 93 262 114 304 125 143 2 1 1 0 3 0 0 3 1 0 3 0 0 1 0 76 0 3 2 2 0 0 0 0 3 0 0 2 0 0 3 4 0 3 0 0 0 0 0 0 3 0 0 0 0 0 0 2 0 0 3 0 3 2 0 3 0 2 0 0 10 0 57 39 0 0 0 7 13 91 9 0 13 25 30 11 0 18 19 0 11 13 0 0 0 0 15 0 0 0 0 0 1 7 0 0 0 0 0 17 0 0 0 0 0 0 7 0 0 0 0 0 0 0 0 0 0 0 0 0 0 0 0 0 0 0 0 0 0 0 0 0 0 0 0 0 1 0 0 0 6 26 2 14 13 6 0 17 21 1 0 0 0 0 23 0 11 10 18 0 10 0 0 0 2 0 4 0 0 0 0 0 0 0 13 0 0 0 0 19 0 0 0 0 0 0 1 0 0 0 0 0 0 0 2 1 0 0 0 0 0 0 0 0 1 2 0 0 0 0 0 0 0 0 0 0 0 0 0 0 0 0 0 0 0 0 1 0 46 0 2 0 8 0 0 0 0 0 0 0 0 0 0 0 0 0 2 0 0 0 0 0 0 0 0 0 0 0 0 0 0 0 0 0 0 0 0 0 0 0 
 207 124 270 92 74 140 130 240 268 0 178 445 137 147 82 336 265 117 533 287 0 2 0 0 3 0 0 3 16 0 3 0 74 90 0 3 0 3 0 1 0 0 0 0 3 0 0 2 0 0 2 0 0 3 0 0 0 0 0 0 1 1 0 0 0 0 3 3 2 0 1 0 5 2 3 6 0 0 1 1 17 30 0 45 0 0 13 0 26 26 39 0 0 18 14 23 9 16 19 0 5 10 0 0 0 0 0 0 0 0 0 0 0 0 0 0 0 0 0 12 0 0 0 0 0 0 0 0 0 0 0 0 0 0 0 0 0 0 0 0 1 0 0 9 0 0 14 0 0 0 0 0 0 2 0 0 0 0 0 0 0 11 12 16 33 0 0 0 10 0 13 0 0 29 28 0 22 0 0 12 4 0 0 0 0 0 2 1 0 0 0 0 0 0 2 0 0 0 4 15 0 0 0 0 0 0 0 0 0 0 0 1 0 0 0 0 0 0 0 0 0 0 0 1 0 0 0 0 0 0 0 0 0 2 0 0 0 0 0 0 0 0 0 0 2 3 1 0 87 1 0 6 0 2 0 0 0 0 2 0 0 0 0 10 0 0 0 0 0 0 0 0 0 0 0 0 17 0 0 0 0 0 0 0 0 0 0 0 0 0 
 344 36 116 117 303 74 121 93 242 178 0 277 39 53 49 195 481 294 250 293 2 2 0 0 78 0 0 3 0 0 3 0 0 0 0 3 0 5 0 1 0 0 0 0 3 0 0 2 0 0 2 0 0 3 0 0 0 0 2 0 1 0 0 0 0 0 0 1 0 0 2 0 3 2 0 2 0 0 0 23 10 25 42 13 0 1 0 0 48 70 0 14 1 15 56 50 19 11 0 12 0 0 0 0 0 0 0 0 0 0 0 0 28 0 0 0 0 0 1 0 0 0 0 0 0 0 13 0 0 0 2 0 0 0 0 0 0 10 0 1 0 0 2 1 2 0 0 0 0 0 0 0 0 0 0 0 0 0 0 0 17 18 25 10 15 10 0 20 18 23 14 1 0 1 13 0 13 13 0 4 0 0 2 1 0 0 10 0 0 0 1 0 0 2 0 0 0 0 0 0 0 0 0 0 2 0 0 0 0 0 0 0 0 0 0 0 2 0 0 0 0 0 0 0 0 0 0 0 0 0 0 0 2 0 1 0 0 0 0 0 0 0 0 0 0 0 155 1 59 1 0 12 10 0 0 0 0 0 0 0 0 0 6 0 0 0 2 0 0 0 0 0 0 0 0 14 0 18 0 0 0 0 0 0 0 0 0 0 0 0 
 58 325 273 240 188 63 273 321 45 445 277 0 291 42 130 124 101 243 249 60 0 3 0 7 3 0 0 2 0 0 3 0 34 23 0 3 0 4 74 2 0 0 0 0 5 0 0 2 0 3 2 0 2 2 0 62 0 0 0 9 0 0 0 0 0 0 0 0 0 0 0 0 2 2 0 0 0 0 0 0 11 27 0 28 32 17 0 0 9 9 8 42 0 9 20 34 9 20 1 0 34 13 0 0 0 0 0 0 0 0 0 16 7 22 0 0 0 0 37 14 0 0 0 0 0 0 0 0 0 0 0 0 0 0 0 0 0 13 0 0 0 0 0 0 0 1 0 0 0 0 0 0 0 0 0 1 0 0 0 0 0 14 0 0 21 0 0 14 17 1 3 1 0 0 18 10 9 0 0 0 10 0 0 0 0 28 0 0 0 1 0 1 12 0 10 21 1 0 15 41 0 0 0 0 0 0 0 0 0 0 0 0 0 0 0 0 0 0 0 0 0 2 0 0 4 0 0 0 0 1 0 4 0 0 0 0 2 0 0 0 0 0 0 0 0 2 6 0 0 87 0 11 0 1 0 0 0 0 0 0 0 0 0 0 0 0 0 0 0 0 0 0 0 0 0 14 44 10 0 0 0 0 0 0 0 0 0 0 0 8 
 40 91 60 304 61 33 218 541 98 137 39 291 0 170 358 33 28 117 116 81 0 4 0 1 4 2 0 2 0 0 3 0 2 2 0 5 0 3 0 4 0 0 0 0 7 2 0 2 5 0 3 1 0 2 0 0 3 0 0 2 0 0 0 0 0 0 0 0 0 0 0 0 2 3 0 0 0 0 0 2 38 33 0 0 18 0 24 5 13 50 0 2 12 26 0 76 28 19 25 1 0 0 0 0 0 0 14 0 0 0 0 0 9 0 0 0 0 0 0 0 0 0 0 23 0 0 0 0 2 0 2 0 0 0 0 0 0 11 0 0 0 0 2 0 2 0 0 0 0 0 0 0 0 0 0 0 0 0 0 0 28 33 4 0 0 0 30 23 29 0 1 0 15 0 0 2 49 0 0 10 0 0 2 0 0 0 5 1 0 0 0 0 10 1 0 0 0 0 28 0 0 0 0 0 0 28 0 0 0 14 0 0 0 0 0 0 1 0 0 0 0 0 0 0 0 0 0 16 0 0 0 0 2 0 2 0 0 10 0 0 0 0 0 0 0 2 43 0 1 94 0 0 0 0 0 0 0 0 0 0 0 0 0 0 0 0 2 0 0 0 0 0 0 0 0 29 11 11 0 0 0 0 0 0 0 0 0 0 0 0 
 86 263 164 296 79 64 155 248 115 147 53 42 170 0 180 26 48 32 148 111 0 3 0 1 5 2 3 7 0 0 3 0 0 0 3 5 0 5 2 6 0 0 0 0 9 0 0 2 0 0 4 2 0 3 0 2 2 2 0 30 34 0 0 0 0 0 0 0 1 0 0 0 3 2 0 2 0 0 0 0 11 28 2 10 0 0 0 0 12 0 0 1 30 1 14 30 16 0 14 11 0 0 0 0 0 0 0 0 0 1 0 0 7 0 3 2 0 0 0 0 0 0 0 0 0 0 0 0 0 0 0 0 0 0 0 0 0 0 2 0 0 5 0 0 0 0 0 0 0 0 0 0 0 0 15 0 0 0 0 2 32 23 3 0 0 0 32 34 7 19 3 11 0 0 0 30 2 10 17 10 0 0 0 0 0 0 29 0 0 0 0 0 0 0 0 1 0 0 0 0 0 0 0 0 0 0 2 0 0 0 0 0 0 0 0 0 0 1 0 0 0 0 0 0 0 0 0 0 0 0 0 0 0 0 0 0 0 0 0 0 0 1 0 0 0 0 89 0 2 0 2 0 0 0 0 0 0 1 0 0 0 0 0 0 0 0 0 0 0 0 0 0 0 0 0 16 15 0 0 0 0 0 0 0 0 2 0 0 0 0 
 36 347 54 58 168 50 130 149 93 82 49 130 358 180 0 263 463 128 186 201 203 3 0 0 3 0 0 5 0 2 3 0 0 0 1 3 0 3 0 2 0 0 0 0 3 0 0 65 0 0 2 4 0 3 64 0 0 0 0 0 2 0 0 0 0 0 0 1 0 0 2 0 3 2 0 2 0 0 0 0 16 24 10 3 12 13 34 83 26 3 21 19 2 19 0 18 16 30 2 0 0 1 0 0 0 0 14 0 0 0 0 0 13 7 0 0 0 0 0 29 0 54 0 0 0 0 7 0 0 0 0 0 2 0 0 0 13 0 2 0 0 0 0 0 0 0 0 0 0 0 0 0 0 0 0 0 0 0 0 2 24 0 0 57 1 7 13 61 0 0 0 25 17 26 9 24 11 21 1 8 0 0 0 2 0 0 9 0 0 0 10 0 6 0 0 1 0 0 0 1 0 0 0 0 0 0 6 0 0 0 0 0 0 0 0 0 0 0 0 0 0 2 9 0 0 0 0 0 0 0 0 0 0 0 0 0 0 0 0 0 0 1 0 0 0 2 1 0 2 46 7 6 1 0 0 0 0 0 0 0 0 0 0 0 0 0 0 0 0 0 0 0 0 0 0 0 0 0 0 0 0 0 0 0 0 2 0 0 0 0 
 240 170 172 342 89 185 245 270 262 336 195 124 33 26 263 0 309 160 146 68 3 4 0 0 3 2 0 4 0 0 3 0 73 87 1 3 0 3 0 1 0 0 0 0 6 0 0 2 0 0 2 64 0 6 0 0 0 0 0 0 2 0 51 0 0 0 0 1 0 0 5 0 3 2 0 7 0 0 0 0 1 13 14 33 0 0 14 40 10 32 19 0 27 25 10 21 11 0 1 9 7 10 0 0 0 0 0 0 0 0 0 0 0 41 0 0 1 0 0 15 0 0 0 0 0 0 0 0 0 0 0 0 0 0 0 0 15 0 13 0 0 0 0 0 0 0 0 0 0 0 0 0 0 0 0 0 0 0 0 0 20 1 25 31 13 0 16 12 0 0 10 0 12 20 29 0 20 0 14 15 3 0 0 0 0 0 0 0 0 0 0 0 1 0 2 1 0 0 1 15 0 0 0 0 0 0 0 0 0 0 0 1 0 0 0 0 0 0 0 0 0 0 0 0 0 0 0 0 0 0 0 0 0 0 0 0 0 0 0 0 0 0 0 0 0 4 0 0 1 2 0 8 0 0 0 0 0 0 0 0 0 0 0 0 0 0 0 0 0 0 0 0 0 0 0 0 0 0 0 0 0 0 0 0 0 0 0 0 0 0 
 78 138 75 234 38 57 141 32 114 265 481 101 28 48 463 309 0 292 137 60 0 2 0 0 3 0 2 3 0 0 3 0 32 13 0 4 0 8 0 2 0 0 0 0 3 0 0 2 0 0 3 0 0 3 0 0 0 0 0 0 4 0 0 0 0 0 0 2 0 0 3 3 3 2 0 54 0 0 0 0 1 18 59 32 18 0 11 23 17 14 24 8 27 7 13 19 10 62 3 0 17 13 0 0 0 0 0 0 0 0 0 0 0 0 0 0 0 0 14 39 0 0 0 0 0 0 10 0 0 0 0 0 1 0 0 0 0 0 1 0 0 0 0 22 0 0 0 0 0 0 0 0 0 0 0 0 0 0 0 1 0 0 0 26 28 0 0 4 0 0 0 0 16 15 0 0 0 11 21 19 9 0 0 1 0 0 12 0 0 0 0 0 10 0 9 2 0 0 11 10 0 0 0 0 0 0 0 0 0 0 0 0 0 0 0 0 0 0 0 0 0 0 0 0 0 0 0 0 0 0 0 0 0 0 0 0 0 0 0 0 0 2 1 0 0 0 0 2 5 84 2 17 1 0 0 0 0 0 0 0 0 0 0 0 0 0 0 0 0 0 0 0 0 0 0 0 0 0 0 0 0 0 0 0 0 1 0 0 0 0 
 230 402 137 253 48 229 306 200 304 117 294 243 117 32 128 160 292 0 131 179 0 2 75 1 3 0 1 3 0 0 3 0 0 0 0 5 0 4 2 2 0 0 0 0 3 0 0 2 0 0 2 0 0 3 0 0 0 0 0 0 2 0 0 0 0 0 0 1 0 0 2 0 3 2 0 2 0 0 0 0 24 30 24 13 18 1 0 1 29 34 0 0 0 8 50 29 25 57 16 13 0 0 0 0 0 0 0 0 0 0 0 0 0 0 0 0 0 0 0 1 0 0 0 0 0 0 0 0 0 0 16 0 2 0 0 0 0 21 0 0 0 0 0 0 0 0 17 0 0 0 0 2 0 0 0 0 0 0 0 0 0 27 40 5 23 0 0 0 12 0 41 0 0 18 82 0 18 2 11 11 0 0 0 0 0 0 1 0 0 0 0 0 17 0 0 1 0 1 0 0 0 0 0 0 0 0 0 0 0 0 0 0 0 0 0 0 0 0 0 0 0 0 0 0 0 0 0 0 0 0 0 0 0 0 0 1 0 0 0 0 0 0 17 0 0 2 84 0 86 88 3 4 14 0 0 0 0 0 0 0 0 0 7 0 0 0 0 0 0 0 0 0 0 0 0 0 14 14 0 0 0 0 0 0 0 0 0 0 0 0 
 61 201 113 88 78 77 254 274 125 533 250 249 116 148 186 146 137 131 0 127 3 33 0 0 3 0 0 3 0 2 3 0 1 2 77 3 35 3 0 0 0 0 0 0 3 0 12 2 1 0 2 0 0 3 0 0 0 0 0 0 2 0 49 0 0 1 1 1 0 0 2 0 3 2 0 2 0 0 0 0 0 20 9 0 0 0 35 19 10 9 18 0 18 18 10 20 3 0 51 24 0 0 0 0 0 0 0 0 0 0 0 0 0 0 0 0 0 0 0 0 0 0 0 0 0 0 0 0 1 0 0 1 0 0 0 0 1 0 0 0 2 0 1 0 1 0 0 0 0 0 0 0 0 1 0 0 0 2 0 0 1 3 14 23 0 0 19 9 6 0 19 0 50 26 34 0 42 0 0 0 2 0 0 0 0 0 0 2 0 0 0 0 0 0 0 0 0 0 0 60 0 0 0 0 0 0 0 0 0 0 0 0 0 0 0 0 0 0 0 0 0 0 0 0 0 0 0 1 0 0 0 0 1 1 1 0 0 0 0 0 0 0 0 0 0 4 1 1 3 0 4 4 0 1 0 0 0 0 0 2 74 0 0 0 0 0 1 0 0 0 0 0 0 0 0 0 9 0 0 0 0 0 0 0 0 0 0 0 0 0 
 293 71 45 55 67 242 682 133 143 287 293 60 81 111 201 68 60 179 127 0 0 1 0 0 3 0 0 3 2 1 3 0 0 0 0 2 0 3 0 2 0 2 0 0 3 0 49 3 0 0 3 0 0 3 64 0 0 0 0 0 3 0 0 0 0 0 0 3 0 0 3 0 3 2 1 3 1 0 0 0 10 18 47 0 0 0 22 0 26 12 0 0 10 0 30 26 27 21 3 53 0 0 0 0 0 0 0 0 0 0 0 0 0 0 0 1 1 0 0 0 0 0 0 0 0 0 10 0 0 0 0 0 0 0 0 0 13 0 0 0 0 0 0 0 0 0 0 0 0 0 0 0 0 0 0 0 2 3 0 0 22 29 21 12 21 0 23 0 8 17 11 5 0 13 21 0 2 13 13 50 0 0 0 0 0 0 0 0 0 0 0 0 0 0 0 0 0 0 0 0 0 0 0 0 0 0 0 0 0 0 0 0 1 0 0 2 0 1 0 1 0 0 0 0 0 1 0 0 0 0 0 0 0 0 0 0 0 0 0 2 0 0 0 0 0 0 2 0 5 0 1 9 0 0 0 0 0 0 0 0 0 0 10 0 0 0 0 0 0 0 0 0 0 0 0 0 0 0 0 0 0 0 0 0 0 0 0 0 0 0 
 0 0 0 89 0 60 2 0 2 0 2 0 0 0 203 3 0 0 3 0 0 263 330 93 46 30 397 651 180 192 207 130 82 85 592 60 121 187 59 82 3 3 12 2 0 2 0 0 0 2 0 0 0 0 0 0 0 0 1 0 7 0 2 0 0 0 2 2 0 1 0 3 0 0 0 1 0 2 6 0 0 0 0 0 3 0 0 10 0 0 0 0 0 0 0 0 2 0 0 0 0 11 14 20 4 12 12 17 41 0 18 13 32 0 2 15 17 50 19 8 0 0 0 0 0 0 25 0 0 0 0 0 0 0 0 12 0 0 15 22 0 0 0 0 0 0 0 0 0 0 0 0 0 2 0 0 0 0 0 0 2 0 0 1 1 0 0 0 0 0 0 0 0 0 2 0 0 0 0 0 0 28 0 0 19 1 1 1 0 48 10 9 7 0 48 15 4 11 28 2 0 0 0 0 0 0 0 0 0 2 0 0 11 0 0 0 0 9 51 20 0 0 0 0 0 0 0 2 0 0 0 0 0 0 0 0 0 1 0 0 0 12 0 0 3 0 0 0 0 0 0 0 0 0 21 2 0 2 0 0 2 27 0 0 0 0 0 0 0 0 56 0 0 0 0 0 0 1 0 0 0 0 0 0 0 0 0 0 0 0 
 3 1 4 2 8 75 2 39 1 2 2 3 4 3 3 4 2 2 33 1 263 0 159 218 113 28 249 662 132 435 105 101 233 129 400 667 105 228 44 223 3 3 0 3 0 19 0 0 0 0 0 0 0 0 0 0 0 0 0 0 3 0 2 0 0 1 34 6 0 1 0 3 0 0 0 0 0 0 0 0 0 14 0 0 0 13 0 0 0 0 0 0 1 0 0 0 1 0 0 0 13 23 12 19 17 9 0 0 34 41 16 0 0 0 21 22 24 34 10 0 25 0 0 0 0 0 28 0 0 0 0 0 9 0 7 0 0 0 9 0 0 0 0 0 2 0 0 0 0 0 0 0 0 0 0 0 0 0 0 0 0 0 0 0 0 1 0 0 0 0 0 0 0 0 3 0 2 0 0 0 34 17 12 12 0 0 22 33 39 0 27 1 0 28 65 11 7 0 18 0 0 0 0 0 0 0 0 0 0 0 0 0 8 0 11 0 0 0 0 25 0 0 0 0 0 0 0 0 2 0 0 0 0 0 0 0 0 0 0 0 0 0 6 0 0 0 0 0 0 0 0 0 0 0 24 0 0 89 0 0 3 11 0 2 0 0 0 0 0 0 0 0 0 0 0 0 1 0 0 0 0 8 0 0 0 0 0 0 0 0 
 3 0 2 0 74 73 0 0 1 0 0 0 0 0 0 0 0 75 0 0 330 159 0 187 42 239 244 341 68 69 123 33 167 144 482 135 283 160 45 330 3 3 0 0 0 0 0 0 0 0 0 0 0 0 0 0 0 0 5 0 3 0 2 0 0 46 2 2 0 0 48 3 0 1 0 0 0 0 11 0 0 1 0 0 0 0 0 0 0 0 0 0 0 0 0 0 0 0 0 0 0 12 15 0 11 29 18 0 100 2 12 23 14 11 0 29 8 12 0 0 34 0 2 0 0 0 33 0 0 0 2 1 0 0 7 1 0 0 30 20 0 0 0 0 0 0 11 1 0 0 0 0 0 0 0 0 0 0 0 0 0 0 0 0 1 10 0 0 0 0 0 0 0 0 19 0 0 0 0 0 0 85 1 50 21 12 0 9 8 17 0 0 23 0 2 6 19 19 12 3 0 1 0 0 0 0 0 0 0 0 11 0 37 0 0 0 0 0 46 19 0 0 0 0 0 0 0 0 0 0 0 0 0 0 0 0 0 0 0 0 0 1 0 0 0 0 2 0 0 0 0 0 0 0 14 2 2 88 0 0 2 12 0 2 0 0 0 0 0 0 0 0 0 0 0 0 0 0 0 0 0 0 0 0 0 0 13 0 0 0 
 1 0 0 0 0 2 1 81 0 0 0 7 1 1 0 0 0 1 0 0 93 218 187 0 285 118 609 184 255 341 438 135 60 113 280 189 270 117 293 90 2 3 0 0 0 0 0 0 0 0 0 0 0 0 0 0 0 0 63 0 3 0 2 0 0 0 2 3 0 0 0 3 1 2 0 0 0 0 0 0 0 0 0 1 0 0 0 0 0 0 0 0 0 0 0 0 0 0 0 0 0 0 0 0 15 4 0 1 29 23 13 0 0 0 0 0 12 29 0 0 49 0 0 0 0 0 28 6 0 0 0 0 21 0 13 0 1 0 0 9 0 0 0 0 1 0 0 0 0 0 0 0 0 0 0 0 0 0 0 0 0 0 0 0 0 0 0 0 0 0 0 0 4 0 0 0 0 0 0 0 0 19 10 0 12 30 8 29 35 10 34 30 0 0 12 12 30 13 0 0 4 2 9 0 0 0 20 0 0 0 0 0 19 11 25 0 0 0 1 34 0 0 0 0 0 0 0 0 0 0 0 0 0 0 0 0 0 0 0 0 0 0 0 0 0 1 0 0 0 0 0 0 0 0 14 0 4 76 19 2 20 14 0 0 0 0 0 0 0 0 0 0 0 0 0 0 0 0 0 0 0 0 0 1 0 0 0 0 0 0 
 3 3 5 3 3 3 7 3 3 3 78 3 4 5 3 3 3 3 3 3 46 113 42 285 0 159 70 81 94 129 374 152 76 303 78 204 197 49 63 95 64 3 0 1 3 2 67 63 31 0 3 3 20 61 1 3 2 2 0 3 9 0 32 0 2 2 2 2 3 0 0 3 2 7 0 2 0 4 0 0 0 0 0 0 0 0 0 0 0 0 0 0 0 0 0 0 0 0 0 0 0 0 0 17 0 56 0 0 2 18 0 27 0 0 0 19 0 9 0 0 40 0 25 0 0 0 9 0 19 0 22 0 18 11 32 1 0 0 24 7 0 0 0 0 0 0 0 0 0 0 0 0 0 0 5 0 2 0 0 0 0 0 16 0 0 2 0 0 0 0 0 0 0 0 0 0 0 0 0 0 0 0 16 0 4 13 1 0 14 14 0 31 0 0 0 0 1 0 0 0 25 0 0 0 0 0 22 10 9 0 1 7 49 10 10 0 0 0 29 0 0 0 0 0 0 0 0 0 0 0 0 0 0 0 0 0 0 0 0 0 0 0 0 0 0 4 2 0 0 0 0 0 2 0 15 1 0 116 2 2 2 6 0 2 0 2 0 0 0 0 0 0 0 0 0 0 0 0 0 0 0 12 0 0 0 60 0 0 0 0 
 0 0 0 0 0 0 0 0 0 0 0 0 2 2 0 2 0 0 0 0 30 28 239 118 159 0 624 48 108 105 327 168 34 97 42 79 397 53 65 271 167 100 0 0 0 0 63 64 93 3 3 0 131 185 0 159 25 73 78 116 3 0 2 0 12 0 5 4 0 30 0 3 0 2 0 0 1 0 0 0 0 0 0 0 0 0 0 0 0 0 0 0 1 0 0 0 10 0 0 0 0 0 11 0 0 10 0 18 1 0 14 8 9 0 32 0 0 5 0 0 1 22 21 5 21 0 1 5 14 0 0 31 5 20 10 19 14 8 9 0 0 0 0 0 6 9 0 0 0 0 0 1 0 0 0 0 0 0 0 0 0 0 0 0 5 6 0 0 0 0 0 0 0 0 3 0 0 0 0 0 13 0 9 2 0 0 7 0 1 8 11 21 1 0 0 0 7 0 0 0 20 25 13 0 0 0 0 24 53 33 7 4 0 11 29 11 0 19 0 3 0 0 0 0 15 0 0 0 2 0 0 0 0 0 1 0 0 0 1 0 0 0 0 0 0 0 0 0 0 0 0 0 0 0 13 0 1 0 77 13 4 0 0 0 0 0 0 0 0 0 0 0 8 0 0 0 1 0 0 0 0 0 0 0 0 0 0 0 0 0 
 0 0 0 0 2 0 0 0 0 0 0 0 0 3 0 0 2 1 0 0 397 249 244 609 70 624 0 569 338 151 376 411 266 401 146 188 262 128 387 87 3 3 3 0 2 0 0 0 203 0 1 0 3 0 0 203 0 0 0 0 3 0 5 0 51 0 2 14 3 29 0 4 0 2 0 0 0 0 2 0 0 0 0 0 20 24 0 0 0 0 6 2 0 0 0 0 27 0 1 0 0 23 34 1 19 20 9 31 41 1 15 10 9 21 9 46 41 43 18 30 0 0 0 0 0 0 12 0 0 0 0 0 0 0 0 0 0 0 20 0 0 0 0 0 0 0 0 0 0 0 0 3 0 0 0 0 0 0 1 0 0 0 0 15 11 30 0 0 0 0 0 40 0 0 1 0 2 0 0 0 41 31 16 0 41 0 35 38 0 38 14 0 16 8 5 31 24 37 0 6 0 0 0 9 0 0 0 0 0 0 0 0 0 0 0 0 0 1 0 0 0 0 0 0 0 0 0 0 0 0 0 0 0 0 0 0 0 0 0 0 0 1 1 0 4 0 0 0 0 0 0 0 0 0 12 2 4 0 0 3 2 0 0 0 0 0 15 0 0 0 0 0 0 0 0 0 0 0 0 0 0 1 0 0 0 0 0 0 0 0 
 4 74 3 3 3 29 3 3 3 3 3 2 2 7 5 4 3 3 3 3 651 662 341 184 81 48 569 0 184 209 405 103 226 242 499 412 82 378 170 387 2 3 2 0 0 0 0 3 0 78 0 1 0 0 0 0 0 1 0 0 3 0 2 0 0 0 2 9 0 1 0 4 0 0 0 0 0 0 0 0 0 0 0 0 12 0 0 0 0 0 0 0 0 0 0 0 2 0 0 5 0 27 10 22 28 1 1 0 33 9 15 0 17 0 2 39 55 18 0 26 20 0 0 14 0 0 8 0 0 0 0 0 0 0 0 19 0 0 0 0 0 0 0 0 1 0 0 0 0 1 0 0 0 0 0 0 0 0 13 0 0 0 0 0 0 18 0 0 0 0 0 0 0 0 2 0 2 0 0 0 0 1 0 11 29 0 18 16 0 13 1 0 10 10 40 78 55 14 8 8 12 0 14 0 0 0 0 0 0 2 0 0 0 0 0 0 0 0 0 8 10 0 0 0 0 0 0 2 1 0 0 2 0 0 0 0 0 1 0 0 0 9 0 0 0 0 0 0 0 0 0 0 0 8 31 0 0 93 0 2 2 10 0 0 0 0 19 0 0 0 0 0 0 0 34 0 2 1 0 0 0 0 0 0 0 0 0 0 0 0 
 0 0 2 0 0 77 0 0 1 16 0 0 0 0 0 0 0 0 0 2 180 132 68 255 94 108 338 184 0 157 438 41 79 106 177 166 316 66 97 375 2 4 0 1 0 0 0 0 0 0 0 0 0 0 0 0 0 0 21 0 3 0 2 0 1 0 2 14 0 1 0 8 0 0 0 0 1 0 0 0 0 1 0 0 0 0 0 0 0 0 0 0 0 0 2 0 0 0 0 0 13 17 23 0 31 29 0 11 18 14 0 19 8 32 18 2 45 17 0 13 28 1 2 0 0 0 0 10 0 0 0 0 0 0 12 0 0 0 8 27 0 0 0 0 0 0 0 1 0 0 0 0 0 0 0 0 0 0 0 0 0 0 0 0 0 6 0 0 0 0 0 0 6 0 2 0 0 0 0 1 12 23 3 17 9 11 60 44 0 0 11 7 11 22 25 31 39 1 1 0 0 0 1 0 0 0 15 0 0 0 0 0 16 0 9 0 0 0 29 11 0 0 0 0 1 0 0 0 0 0 0 0 0 0 0 0 0 0 0 0 0 0 0 0 0 0 0 0 0 10 0 0 0 0 9 0 0 75 75 2 33 0 0 0 0 0 7 0 0 0 0 0 0 0 0 0 0 0 0 0 0 0 0 0 0 0 0 0 0 0 
 0 0 0 0 0 74 0 0 0 0 0 0 0 0 2 0 0 0 2 1 192 435 69 341 129 105 151 209 157 0 463 342 179 282 183 266 158 287 58 178 3 66 4 0 2 0 207 0 0 0 2 0 2 0 0 0 2 67 0 2 6 0 4 0 2 4 2 3 0 0 0 5 0 2 0 0 0 2 9 0 0 0 0 0 0 0 0 0 12 0 0 0 0 0 0 0 0 0 0 0 0 14 15 13 0 12 23 3 60 0 25 0 0 0 1 15 21 20 1 5 14 2 0 0 7 0 36 0 0 0 2 0 0 0 13 0 15 0 66 66 0 0 0 0 0 0 2 0 0 0 0 0 0 2 0 0 0 0 0 10 1 0 0 1 0 1 0 0 0 0 0 2 0 0 2 0 0 0 0 0 0 26 2 24 17 13 0 20 1 0 24 22 0 0 38 11 0 8 18 4 20 9 0 0 0 0 0 1 0 0 0 0 6 13 0 0 0 0 10 0 0 0 0 0 0 0 0 0 0 0 0 0 0 0 0 0 0 2 0 0 0 0 0 0 0 0 0 0 0 0 0 0 0 0 0 2 3 77 136 1 5 1 0 0 0 0 0 0 0 0 0 0 0 0 0 0 0 1 0 0 0 0 0 0 0 0 0 0 0 0 
 9 3 3 3 3 78 3 3 3 3 3 3 3 3 3 3 3 3 3 3 207 105 123 438 374 327 376 405 438 463 0 311 145 356 179 276 117 316 115 150 3 3 0 0 0 0 0 0 0 0 0 0 0 0 0 3 0 0 0 0 3 0 2 0 1 0 2 2 0 0 0 3 0 1 0 0 0 0 7 0 0 0 0 0 1 0 0 0 0 0 0 0 0 0 0 0 0 0 0 0 0 17 11 15 0 12 17 11 84 0 2 0 2 6 1 23 34 22 0 10 14 0 0 0 0 0 11 0 0 0 0 0 0 0 13 1 0 0 39 26 0 0 0 0 0 1 0 0 0 0 0 0 0 0 3 0 0 0 0 0 0 0 0 0 0 0 0 12 0 0 0 0 0 0 2 0 2 0 0 0 0 31 0 52 33 12 11 18 0 2 12 1 9 1 20 22 6 21 14 9 0 0 0 0 0 0 0 0 0 0 0 0 7 2 0 0 0 0 10 0 0 0 0 0 0 0 0 0 0 0 0 0 0 0 0 0 0 0 0 0 0 0 0 0 0 0 0 0 0 0 0 0 0 0 4 1 1 75 4 2 0 3 0 0 0 0 0 0 0 0 0 0 0 0 0 0 0 0 0 0 0 0 0 0 0 0 0 0 0 0 
 0 0 0 0 0 2 0 0 0 0 0 0 0 0 0 0 0 0 0 0 130 101 33 135 152 168 411 103 41 342 311 0 27 129 255 104 94 96 35 27 10 3 0 0 0 0 0 29 0 0 0 2 0 7 0 1 24 1 2 3 3 2 2 0 0 1 2 3 3 0 0 3 0 7 0 0 0 2 43 3 0 0 0 0 0 0 0 0 0 0 0 0 0 12 0 0 0 0 0 0 0 0 25 0 11 34 18 15 34 0 21 10 0 0 5 35 0 9 0 0 19 28 13 0 0 0 28 0 0 12 41 1 0 8 0 1 10 0 19 29 0 0 0 0 0 0 0 0 0 0 0 0 0 0 0 0 0 0 0 0 0 14 0 0 0 9 0 0 0 0 0 0 0 0 2 0 0 0 0 0 1 10 12 0 21 0 9 0 0 14 15 0 1 0 0 0 21 7 0 0 8 8 0 0 0 0 13 15 0 0 0 0 20 11 12 0 0 10 37 21 0 0 0 0 0 0 0 0 0 0 0 0 0 0 0 0 0 0 0 0 0 0 0 0 0 0 0 0 0 0 0 0 0 0 10 0 2 79 9 6 5 13 0 0 0 0 0 0 0 8 0 0 0 0 0 0 0 0 0 0 0 0 0 0 0 8 0 0 0 5 
 2 0 4 75 3 69 0 0 0 74 0 34 2 0 0 73 32 0 1 0 82 233 167 60 76 34 266 226 79 179 145 27 0 110 134 96 24 122 166 82 2 3 3 2 3 2 0 64 0 0 0 3 4 0 0 0 0 11 0 0 6 0 4 0 5 2 2 8 0 2 0 3 0 0 0 4 0 0 0 0 1 0 0 18 0 9 0 0 0 0 16 9 2 0 0 0 0 0 0 0 9 57 63 5 18 2 24 17 19 18 0 0 0 7 0 22 25 11 23 32 0 1 0 0 0 0 1 0 0 0 0 0 0 0 0 0 0 0 12 0 0 0 0 2 1 0 0 0 0 2 0 0 0 0 0 0 0 0 0 0 0 0 0 0 21 13 0 0 0 0 0 0 0 0 4 0 1 0 0 0 52 35 19 22 23 0 10 9 18 2 43 0 6 1 56 29 0 11 40 22 0 0 0 0 0 0 0 0 0 1 0 0 0 0 0 0 0 0 0 0 0 0 0 0 0 0 0 27 1 0 0 0 0 0 2 0 0 0 0 0 0 1 0 0 0 0 0 0 0 0 0 0 0 0 10 0 0 0 0 0 2 1 0 0 0 0 0 0 0 0 0 0 0 0 0 0 2 0 0 0 0 0 0 0 0 0 0 0 0 0 
 0 0 8 150 1 37 0 2 1 90 0 23 2 0 0 87 13 0 2 0 85 129 144 113 303 97 401 242 106 282 356 129 110 0 442 44 137 138 379 151 3 3 0 0 0 0 0 0 18 0 0 0 0 0 0 0 0 66 0 0 3 3 2 0 0 21 2 3 0 0 0 3 0 2 0 0 0 0 0 3 0 0 0 38 14 14 0 0 0 9 9 10 0 0 0 0 0 0 0 0 11 32 9 0 12 13 35 24 12 0 9 49 17 6 4 12 0 10 23 17 2 0 0 0 0 0 13 2 0 2 0 0 0 0 0 0 0 0 22 0 0 0 0 0 0 0 0 0 0 0 0 0 2 0 22 0 0 0 0 1 1 0 22 0 24 0 0 0 0 0 2 10 0 0 0 9 0 0 12 2 11 0 42 0 0 0 16 0 0 11 0 2 0 0 26 19 64 0 48 14 0 0 0 0 0 0 0 0 0 13 0 0 2 0 0 0 0 0 0 14 0 0 1 0 0 0 0 0 0 2 0 0 0 0 0 2 0 0 0 0 0 0 0 0 0 0 0 0 0 73 0 0 0 0 11 0 2 8 0 2 0 12 0 0 0 0 0 0 0 0 0 0 0 0 0 34 0 0 0 0 0 0 0 0 0 1 0 0 0 1 
 0 0 0 0 0 34 2 0 0 0 0 0 0 3 1 1 0 0 77 0 592 400 482 280 78 42 146 499 177 183 179 255 134 442 0 268 54 227 163 257 2 5 0 0 0 0 0 0 0 0 0 0 0 0 0 0 1 0 0 0 3 0 2 0 0 3 2 63 0 1 0 3 0 0 0 0 0 0 0 0 0 0 0 0 0 0 0 0 0 0 0 10 2 0 0 0 2 0 0 0 21 37 19 28 26 2 0 64 30 19 0 11 0 20 14 46 64 30 10 6 0 0 0 0 0 0 1 0 0 0 0 0 0 0 10 0 0 2 0 0 0 0 0 0 1 0 0 0 0 2 0 0 0 20 0 0 0 0 16 0 0 0 0 0 0 0 0 0 0 0 0 0 18 0 3 0 8 0 0 0 18 20 0 11 73 0 41 25 56 0 16 0 11 28 66 64 26 16 17 0 0 0 0 0 0 0 0 0 0 2 0 9 0 0 0 0 0 0 0 0 0 0 0 0 0 0 0 1 1 0 0 2 0 0 0 0 0 0 0 0 0 0 1 0 0 0 0 0 0 0 0 0 0 0 2 0 4 1 0 0 0 1 0 0 0 0 0 0 0 0 0 0 0 0 0 0 2 0 0 0 0 1 0 0 0 0 0 0 0 0 
 3 2 4 2 3 3 3 2 76 3 3 3 5 5 3 3 4 5 3 2 60 667 135 189 204 79 188 412 166 266 276 104 96 44 268 0 212 638 26 85 3 3 1 27 0 4 0 0 0 0 0 4 0 2 0 0 0 0 0 0 3 2 2 0 0 0 2 8 0 0 0 6 1 1 0 0 0 0 1 0 0 0 0 0 0 0 0 0 0 0 0 2 0 0 0 0 0 0 0 0 0 20 33 2 18 44 22 25 60 17 10 0 0 0 0 31 31 40 0 6 90 0 0 0 0 0 23 1 0 2 1 0 3 0 9 0 0 0 42 14 0 0 0 0 0 0 0 0 0 1 0 0 2 0 0 0 0 0 0 1 0 0 1 0 0 1 0 0 0 0 0 0 0 0 2 0 0 0 0 2 1 43 11 12 78 11 31 15 34 0 23 24 0 2 35 13 7 0 1 8 8 0 0 0 1 0 0 0 0 0 0 0 83 0 22 0 17 0 0 11 0 0 0 0 0 0 0 0 0 2 0 0 0 0 0 1 0 0 0 0 0 0 0 0 0 0 0 0 0 0 0 0 0 0 3 0 2 13 1 2 4 13 0 0 0 0 0 0 0 0 0 0 0 0 0 0 0 0 0 0 0 14 0 0 0 0 0 0 0 0 
 0 2 0 0 0 2 0 0 0 0 0 0 0 0 0 0 0 0 35 0 121 105 283 270 197 397 262 82 316 158 117 94 24 137 54 212 0 60 236 41 3 3 0 0 0 1 58 0 0 0 58 0 0 0 0 0 0 0 126 1 3 0 2 0 0 0 2 3 0 0 0 3 0 14 0 0 0 0 0 0 0 0 0 0 0 11 0 0 0 0 0 0 0 0 0 0 0 0 0 0 0 0 2 19 35 8 0 0 27 27 7 13 0 0 0 39 0 1 0 0 49 0 16 0 18 0 51 9 0 0 0 0 32 0 12 0 1 2 7 1 0 0 0 0 0 0 0 0 0 0 0 0 0 0 0 0 0 0 0 0 0 0 0 0 0 0 0 0 0 0 0 0 3 0 0 0 0 0 0 0 0 1 6 17 19 22 0 0 12 12 26 57 0 0 1 0 24 25 0 0 9 0 10 2 0 0 7 0 0 0 0 0 12 10 23 0 1 0 1 42 0 0 0 0 0 0 0 12 0 0 0 0 0 0 0 0 0 0 0 0 0 4 4 0 0 0 0 0 0 0 0 0 0 1 14 0 1 168 51 5 22 11 0 0 0 0 0 0 0 0 0 24 0 30 0 0 0 0 0 8 0 0 0 0 0 15 14 0 0 0 
 3 3 3 3 3 43 3 3 3 3 5 4 3 5 3 3 8 4 3 3 187 228 160 117 49 53 128 378 66 287 316 96 122 138 227 638 60 0 55 65 2 3 0 1 0 0 0 0 0 0 0 0 0 0 0 0 26 0 0 1 5 0 2 0 0 1 2 2 0 2 0 5 0 0 0 0 0 2 20 0 0 0 1 0 0 2 0 2 0 2 0 0 0 0 0 0 0 0 0 0 0 13 8 28 34 0 1 15 40 0 18 36 0 20 17 9 57 5 0 14 22 0 0 0 0 0 21 0 0 0 0 0 0 0 2 0 0 0 12 14 0 0 0 0 0 0 0 0 0 0 0 0 0 0 0 0 0 2 0 0 0 0 0 0 20 0 0 0 0 0 0 0 0 0 2 0 8 0 0 0 0 10 0 36 0 0 18 0 0 0 0 0 2 28 34 19 9 8 30 9 0 0 0 0 0 0 0 0 0 0 0 0 0 0 2 0 0 0 0 18 0 0 0 0 0 0 1 0 0 0 0 0 0 0 0 0 1 0 0 0 0 0 0 0 0 0 0 0 0 0 0 0 0 0 13 0 1 80 2 4 1 12 0 0 0 0 0 0 0 0 0 0 0 0 0 0 0 0 0 0 0 0 0 0 0 0 0 0 0 0 
 0 0 73 78 224 160 0 1 2 0 0 74 0 2 0 0 0 2 0 0 59 44 45 293 63 65 387 170 97 58 115 35 166 379 163 26 236 55 0 271 3 3 2 0 2 0 0 0 0 0 0 0 3 0 0 0 0 0 0 0 11 0 2 0 0 0 2 2 3 1 0 9 0 0 0 0 0 0 2 0 0 2 0 17 61 38 0 0 0 0 11 1 0 0 1 0 0 0 0 0 35 18 15 1 0 0 32 19 22 23 27 0 31 81 0 7 10 1 13 58 0 0 0 0 0 0 0 0 0 0 0 2 0 0 0 0 0 0 0 0 0 0 0 0 0 0 0 0 0 0 0 0 0 0 1 13 0 0 0 0 0 0 33 0 14 35 0 0 15 9 0 4 0 0 1 1 0 0 0 0 83 64 20 0 16 0 0 26 28 16 2 0 20 0 0 43 10 32 46 91 0 0 0 0 3 0 0 2 0 0 0 0 0 0 0 0 0 0 0 0 0 0 0 0 0 0 0 0 0 0 0 0 0 0 0 0 0 0 0 0 0 0 0 0 0 0 0 0 0 31 0 18 0 0 10 0 3 0 0 1 0 2 0 0 0 0 0 0 0 0 0 0 0 0 0 5 16 0 0 0 0 1 0 0 0 0 0 0 0 0 
 1 5 3 1 87 99 3 2 2 1 1 2 4 6 2 1 2 2 0 2 82 223 330 90 95 271 87 387 375 178 150 27 82 151 257 85 41 65 271 0 3 3 203 0 7 0 0 2 2 14 2 0 0 0 0 0 0 0 0 2 3 0 2 0 2 0 4 7 0 0 0 3 0 4 0 0 0 0 0 54 0 0 0 0 0 14 0 0 0 0 0 0 0 0 0 0 0 0 0 0 30 52 1 2 19 0 8 12 1 15 8 0 23 6 50 10 36 8 57 9 0 0 0 0 0 0 0 0 0 0 0 0 0 0 0 0 0 0 0 0 17 0 0 8 8 0 0 0 0 0 0 0 0 0 0 2 0 0 0 0 0 0 1 0 0 13 0 0 0 0 0 0 0 0 1 0 1 0 0 0 21 22 0 0 0 0 8 24 36 8 11 0 2 31 20 20 9 0 58 53 0 0 0 0 0 23 0 0 0 0 0 0 3 0 0 0 0 0 0 0 0 0 0 0 0 0 0 0 0 0 0 0 0 13 0 0 0 0 0 0 0 0 0 0 0 0 3 0 0 0 0 0 2 0 9 2 0 0 0 0 3 0 2 0 0 0 37 0 0 0 0 0 0 0 0 3 0 0 0 0 0 0 0 0 0 0 0 0 0 0 
 0 0 0 0 0 0 0 0 0 0 0 0 0 0 0 0 0 0 0 0 3 3 3 2 64 167 3 2 2 3 3 10 2 3 2 3 3 2 3 3 0 486 64 52 58 242 151 194 378 39 239 43 308 232 91 203 53 133 110 126 0 0 0 0 11 0 67 0 0 0 0 0 0 0 0 0 2 0 5 0 0 0 0 0 0 0 0 0 0 0 0 0 0 0 0 0 9 0 0 0 0 0 0 0 0 0 0 0 0 0 2 0 0 0 0 19 0 0 10 0 0 38 36 12 16 20 0 49 12 0 9 27 17 23 10 3 2 8 0 4 0 0 0 0 4 0 0 0 0 0 0 0 9 0 0 0 0 0 0 0 0 0 0 0 8 3 0 0 0 0 0 0 0 0 2 0 0 0 0 0 0 0 0 0 0 4 0 0 0 18 0 0 0 0 0 0 0 0 0 0 6 4 19 12 0 0 0 31 22 14 6 21 0 6 4 11 32 8 1 0 0 0 0 0 0 0 6 0 0 0 0 0 13 0 0 0 0 10 35 19 0 0 0 0 0 0 0 0 0 0 0 3 0 0 0 0 0 0 6 9 0 0 2 0 3 0 2 0 0 0 0 0 0 0 0 0 0 0 0 0 0 0 0 0 0 0 0 0 2 0 
 0 0 0 0 0 0 2 0 0 0 0 0 0 0 0 0 0 0 0 2 3 3 3 3 3 100 3 3 4 66 3 3 3 3 5 3 3 3 3 3 486 0 354 76 94 300 106 298 130 114 65 129 190 208 127 175 417 143 156 197 1 1 2 2 7 0 0 0 2 0 2 3 2 2 1 0 3 3 52 0 0 0 0 0 0 0 0 0 0 2 0 0 0 0 0 0 0 0 0 0 0 0 0 0 0 0 0 0 0 0 0 0 0 0 0 0 8 0 0 0 0 32 32 18 0 18 0 11 14 0 19 29 20 0 1 44 12 26 0 0 0 0 0 0 4 0 0 0 0 0 0 0 0 0 0 0 0 0 0 9 0 0 0 0 0 0 0 0 10 0 0 0 0 10 1 5 0 0 0 0 0 0 0 0 0 0 0 0 0 0 0 0 0 0 0 0 0 0 0 0 12 32 14 0 0 0 1 2 0 23 14 0 0 28 2 3 0 11 0 7 0 5 0 0 0 0 22 0 0 0 0 0 0 0 0 0 0 0 1 9 0 0 0 0 0 0 0 0 0 0 0 5 1 0 0 0 0 0 0 0 0 0 0 1 66 6 1 0 2 0 0 0 0 0 2 0 0 0 0 0 0 0 0 0 0 9 0 1 2 0 
 0 0 2 9 0 0 0 0 0 0 0 0 0 0 0 0 0 0 0 0 12 0 0 0 0 0 3 2 0 4 0 0 3 0 0 1 0 0 2 203 64 354 0 199 41 288 209 91 165 254 110 59 49 43 244 59 347 175 42 360 1 0 0 0 1 0 0 0 0 0 0 0 0 0 54 0 0 0 0 0 0 0 0 0 6 0 0 0 0 0 0 0 0 0 0 0 9 0 0 0 0 0 0 0 0 0 0 0 0 4 0 0 6 0 0 0 7 0 2 0 11 14 15 10 9 7 10 0 20 10 2 38 0 0 17 24 24 26 0 0 0 0 0 0 0 0 0 0 3 0 0 0 0 0 0 0 0 0 0 0 0 0 0 0 11 10 0 0 0 0 0 0 0 5 1 0 0 0 0 0 0 1 0 0 2 0 0 2 0 8 0 0 3 0 0 0 2 0 8 0 35 32 0 0 21 0 31 2 19 11 17 10 1 8 0 14 57 0 0 0 21 0 0 0 0 0 28 0 0 0 0 0 8 0 0 0 0 0 11 12 0 9 10 0 0 0 0 0 0 31 0 13 0 1 0 0 0 0 0 0 0 0 21 0 0 16 2 1 0 0 0 0 0 0 0 0 0 0 0 0 0 0 0 0 26 0 0 16 0 0 
 0 0 0 62 0 0 0 0 0 0 0 0 0 0 0 0 0 0 0 0 2 3 0 0 1 0 0 0 1 0 0 0 2 0 0 27 0 1 0 0 52 76 199 0 297 46 105 77 93 132 111 43 55 67 221 113 147 121 50 92 1 0 0 0 1 4 0 0 0 0 0 0 0 0 57 0 0 0 0 0 0 0 0 0 0 5 0 0 0 0 0 0 0 0 0 0 0 0 0 0 0 0 0 5 0 21 0 0 0 0 1 0 0 0 0 0 1 5 0 0 39 12 1 17 28 2 13 0 7 11 0 20 4 19 23 0 34 14 3 0 0 0 0 0 0 0 0 7 10 0 0 0 0 0 0 0 0 7 9 0 0 0 0 0 7 4 0 0 0 16 0 0 0 0 2 0 0 0 0 0 0 0 8 0 0 0 0 0 12 0 0 4 0 26 0 0 0 0 0 0 4 29 15 16 14 0 14 18 0 0 20 11 6 12 4 61 53 9 0 3 0 13 0 0 0 0 0 0 0 0 0 0 20 1 0 0 0 0 24 0 0 0 17 0 0 0 0 0 0 0 0 14 0 0 0 0 0 0 0 9 0 11 2 0 0 31 2 34 0 0 4 0 0 0 0 0 0 0 0 0 0 7 0 0 48 0 0 33 0 0 
 3 6 8 3 3 3 4 3 3 3 3 5 7 9 3 6 3 3 3 3 0 0 0 0 3 0 2 0 0 2 0 0 3 0 0 0 0 0 2 7 58 94 41 297 0 163 122 380 93 77 90 187 71 36 64 104 48 46 258 87 49 0 0 0 1 0 0 53 0 0 0 2 0 47 0 0 0 0 104 57 0 11 0 0 0 0 0 0 0 0 0 0 8 0 14 0 0 0 0 0 0 0 0 0 0 0 0 0 0 0 0 0 0 0 0 0 0 0 0 0 0 0 0 60 24 16 0 5 0 51 1 0 0 0 0 0 0 0 0 0 30 0 16 0 0 0 7 45 25 0 0 0 1 0 1 0 1 19 28 6 0 0 0 0 0 0 0 0 2 0 7 0 0 0 2 0 0 0 0 0 0 0 0 0 0 0 0 0 0 0 0 0 0 0 0 0 0 0 0 0 0 0 12 1 9 10 8 0 7 0 7 1 0 0 0 0 0 18 0 0 3 0 48 0 3 0 44 27 1 1 0 1 30 11 8 23 1 10 37 1 0 0 0 0 0 0 0 0 0 33 0 11 0 1 0 0 0 0 0 0 0 1 0 65 4 3 2 0 0 0 0 0 0 0 0 0 0 0 0 0 0 0 4 0 22 0 0 0 0 0 
 0 0 4 37 0 0 0 0 0 0 0 0 2 0 0 0 0 0 0 0 2 19 0 0 2 0 0 0 0 0 0 0 2 0 0 4 1 0 0 0 242 300 288 46 163 0 43 45 57 127 177 170 24 45 106 284 173 215 66 44 0 0 0 0 1 0 24 0 0 4 0 0 0 51 0 0 0 2 0 0 8 0 0 0 0 0 0 0 0 0 0 0 0 0 0 0 0 0 0 0 0 0 4 8 4 9 0 0 0 0 0 6 0 0 3 0 0 6 1 0 1 0 23 24 17 9 2 0 0 0 23 0 8 0 6 26 12 0 5 0 7 8 8 0 0 8 8 11 13 2 10 0 0 7 10 0 0 15 0 0 0 0 0 0 1 0 0 0 6 0 0 0 0 5 1 0 0 0 0 0 0 0 6 4 0 0 0 0 2 0 0 0 0 8 0 0 0 0 0 0 1 17 0 0 17 19 1 0 28 7 9 10 6 0 1 0 9 20 0 18 0 20 26 0 0 0 27 4 15 1 0 10 10 10 12 0 0 11 0 39 0 0 10 0 0 31 0 0 0 0 0 14 0 0 0 0 0 0 20 2 0 16 32 5 0 4 5 0 0 0 0 0 0 0 0 0 0 0 0 0 0 6 0 0 32 0 0 0 0 0 
 3 0 0 0 0 0 0 8 0 0 0 0 0 0 0 0 0 0 12 49 0 0 0 0 67 63 0 0 0 207 0 0 0 0 0 0 58 0 0 0 151 106 209 105 122 43 0 98 46 44 35 232 144 76 34 131 115 27 203 199 0 0 0 0 7 0 0 0 0 0 0 0 0 0 0 0 0 0 0 203 0 1 0 0 0 0 3 0 16 0 0 0 0 0 0 0 0 2 7 0 0 0 0 11 0 0 0 0 0 11 0 0 0 0 5 5 0 0 0 0 0 8 8 7 27 0 0 31 0 0 1 9 24 68 19 31 0 10 0 0 0 0 9 0 0 0 0 0 0 0 0 0 0 0 0 0 9 0 0 0 0 7 0 8 4 5 0 0 5 0 0 0 2 5 2 0 25 0 2 0 0 0 0 7 0 0 0 0 0 0 0 12 0 0 0 0 0 9 0 28 7 20 2 0 2 10 1 21 0 6 29 1 0 0 0 7 22 37 0 8 0 0 0 0 0 0 0 0 0 0 0 0 0 0 0 0 0 0 14 1 0 0 0 0 0 0 0 0 0 18 0 19 0 2 0 0 0 62 0 10 0 0 1 0 2 15 2 0 0 0 0 0 0 0 0 0 0 0 0 7 0 0 0 0 0 13 0 0 0 0 
 2 2 2 2 2 2 2 2 2 2 2 2 2 2 65 2 2 2 2 3 0 0 0 0 63 64 0 3 0 0 0 29 64 0 0 0 0 0 0 2 194 298 91 77 380 45 98 0 145 176 252 321 102 205 35 200 123 84 135 101 0 0 0 0 2 0 0 0 0 0 0 0 0 6 0 0 0 0 51 0 13 0 0 0 0 0 0 0 0 7 0 0 0 0 0 0 0 0 0 0 0 0 0 0 0 0 0 0 0 0 0 0 0 0 0 0 0 0 0 0 0 52 30 19 0 18 0 0 13 0 43 13 7 10 0 46 12 11 0 0 0 0 0 0 0 0 0 0 0 0 0 0 0 5 0 0 0 0 0 0 0 0 0 0 0 0 0 0 15 0 0 0 0 6 1 0 0 0 0 0 0 0 0 0 0 0 0 0 0 0 8 0 0 0 22 0 0 0 0 0 14 14 21 0 0 0 27 17 0 14 42 12 0 26 20 14 1 9 19 0 0 20 21 0 0 0 38 8 0 0 0 0 7 0 0 0 0 0 0 13 0 0 0 0 0 0 0 0 0 0 0 8 1 2 0 0 0 0 0 2 0 0 0 1 64 0 0 0 0 0 0 0 0 0 0 0 0 0 0 0 0 0 0 0 0 22 1 0 0 0 
 0 0 4 0 0 0 0 2 0 0 0 0 5 0 0 0 0 0 1 0 0 0 0 0 31 93 203 0 0 0 0 0 0 18 0 0 0 0 0 2 378 130 165 93 93 57 46 145 0 150 106 44 186 152 158 351 332 102 57 79 0 6 0 0 1 0 1 4 0 14 2 0 0 0 0 0 21 7 44 0 0 0 0 0 0 0 0 0 0 0 0 0 0 0 0 0 0 0 0 0 0 0 0 0 0 0 0 0 0 0 0 0 0 3 0 0 0 0 0 0 0 7 0 9 34 0 0 14 22 0 10 7 13 0 0 11 10 0 0 0 0 0 0 11 5 0 0 65 25 0 0 6 5 0 0 0 0 12 0 0 0 0 0 0 0 1 0 0 0 0 0 0 0 0 0 0 0 0 0 0 0 0 0 0 0 0 0 0 0 0 0 0 0 0 0 0 0 0 0 0 1 10 3 0 9 0 0 1 44 0 0 25 0 0 1 0 51 19 0 0 0 1 15 0 0 0 25 0 1 1 31 0 33 0 0 0 0 0 0 5 0 0 0 0 0 0 0 0 0 0 0 2 0 1 0 0 0 0 0 0 0 0 48 0 3 2 0 0 0 0 0 0 0 0 0 27 0 0 0 0 0 0 0 0 24 0 0 0 2 0 
 0 13 0 0 0 0 0 0 0 0 0 3 0 0 0 0 0 0 0 0 2 0 0 0 0 3 0 78 0 0 0 0 0 0 0 0 0 0 0 14 39 114 254 132 77 127 44 176 150 0 245 272 61 107 215 338 148 41 51 167 3 0 2 0 0 0 0 0 0 0 0 0 0 1 51 0 1 1 0 0 0 8 0 0 0 0 0 0 0 0 0 0 0 0 0 0 0 0 0 0 0 0 0 0 0 0 0 0 0 0 0 0 0 0 0 0 0 0 0 0 55 30 11 22 6 2 0 11 25 0 0 44 9 7 10 1 23 10 1 0 0 0 1 0 0 0 23 3 0 3 13 0 16 0 1 3 7 0 8 0 0 0 0 0 0 0 0 0 1 0 0 7 0 6 2 0 0 0 0 0 0 0 0 0 0 0 0 0 0 0 0 0 0 0 0 0 0 0 0 0 4 17 0 4 0 0 13 6 9 10 0 10 1 15 0 10 19 9 1 0 9 23 0 0 3 0 25 0 0 0 0 0 0 1 0 0 0 0 2 16 0 0 0 0 0 0 0 0 0 0 0 12 0 0 0 0 0 0 0 3 0 0 0 1 2 19 4 1 0 0 1 0 0 0 85 0 0 0 0 0 0 2 0 0 0 0 0 4 0 0 
 2 3 4 3 2 3 2 3 3 2 2 2 3 4 2 2 3 2 2 3 0 0 0 0 3 3 1 0 0 2 0 0 0 0 0 0 58 0 0 2 239 65 110 111 90 177 35 252 106 245 0 406 53 47 152 263 385 198 57 67 8 0 0 0 2 6 0 0 0 0 0 0 0 0 53 3 0 0 0 2 0 0 0 0 0 0 0 0 0 0 0 0 0 0 0 0 0 0 0 0 0 0 0 0 0 0 0 6 0 0 0 0 0 0 0 0 0 1 0 0 63 40 16 18 2 10 0 2 7 11 33 10 0 0 12 15 20 0 0 0 0 0 0 0 0 0 0 0 18 0 0 0 0 0 0 0 0 0 0 20 0 0 0 0 0 0 0 0 7 0 0 0 0 5 1 0 0 0 0 0 0 0 0 0 0 0 0 0 0 0 0 0 1 0 0 0 0 0 0 0 0 64 0 7 24 0 14 0 21 11 0 9 4 12 0 0 29 0 0 0 0 22 0 0 0 0 21 9 0 0 7 0 10 0 0 6 0 1 22 37 0 0 21 0 0 0 0 0 0 0 0 18 0 0 0 0 0 0 0 6 0 0 70 1 0 2 1 10 2 0 12 0 0 0 0 0 0 0 0 0 0 0 0 0 23 0 0 14 1 0 
 1 7 4 0 11 8 0 0 4 0 0 0 1 2 4 64 0 0 0 0 0 0 0 0 3 0 0 1 0 0 0 2 3 0 0 4 0 0 0 0 43 129 59 43 187 170 232 321 44 272 406 0 44 38 235 55 388 84 254 47 7 4 2 2 1 4 23 0 9 3 3 1 0 84 51 0 0 3 67 61 0 0 0 0 0 0 0 0 0 6 5 0 0 3 0 0 0 0 0 0 0 0 0 0 0 0 13 0 0 0 0 0 0 0 0 0 0 0 1 0 0 0 13 20 18 24 0 7 0 1 13 0 0 0 0 23 38 0 0 0 19 0 48 0 0 0 0 19 24 0 0 0 0 0 0 0 0 12 0 12 0 0 0 0 0 6 0 6 12 0 0 0 0 5 16 4 0 6 0 0 0 0 0 0 0 0 0 0 0 0 0 0 0 0 0 0 0 0 0 3 0 10 0 0 21 27 0 0 9 0 2 0 0 0 0 0 0 14 0 0 0 19 50 0 0 0 22 36 15 0 0 0 11 19 3 6 0 35 30 32 0 0 0 0 0 0 0 0 0 0 0 5 0 0 0 0 0 0 0 1 0 0 0 62 0 1 1 0 0 0 0 0 0 0 0 0 0 0 0 0 0 0 0 0 19 0 0 0 0 0 
 0 3 3 0 0 0 0 0 0 0 0 2 0 0 0 0 0 0 0 0 0 0 0 0 20 131 3 0 0 2 0 0 4 0 0 0 0 0 3 0 308 190 49 55 71 24 144 102 186 61 53 44 0 226 36 127 65 105 212 187 0 0 0 0 6 0 0 0 0 0 0 0 51 0 0 0 7 0 0 0 0 0 0 0 7 0 0 0 0 0 0 0 0 0 0 9 0 0 0 0 0 0 0 0 1 12 0 0 0 0 0 0 0 0 0 0 0 0 0 0 14 11 10 7 6 0 0 47 11 28 5 16 11 22 10 0 0 11 13 19 0 0 0 0 3 0 0 0 0 0 0 0 19 0 0 0 0 20 0 0 0 0 0 0 0 0 0 0 0 0 0 0 0 0 0 0 0 0 0 0 0 0 0 0 3 18 0 0 0 0 0 0 0 0 0 0 10 0 0 0 15 9 28 0 0 0 0 27 19 27 18 41 11 7 21 34 12 1 60 12 0 0 0 0 0 0 0 0 0 0 0 0 0 0 0 0 0 0 0 0 0 0 0 0 0 0 0 0 0 0 0 10 0 0 0 0 0 0 0 0 0 0 0 0 0 2 0 0 0 0 0 0 0 0 0 0 0 0 0 0 0 0 0 0 0 0 0 0 2 0 
 3 33 3 3 3 3 3 3 3 3 3 2 2 3 3 6 3 3 3 3 0 0 0 0 61 185 0 0 0 0 0 7 0 0 0 2 0 0 0 0 232 208 43 67 36 45 76 205 152 107 47 38 226 0 50 215 118 94 212 494 0 0 0 0 54 0 0 0 0 0 0 0 0 0 1 2 0 0 0 0 0 0 0 0 0 0 0 0 0 0 0 0 0 0 0 0 0 0 0 0 0 16 10 0 0 0 0 0 0 0 1 0 0 0 0 0 24 0 0 0 0 32 10 7 11 9 0 20 19 0 26 21 46 25 11 10 1 33 0 5 0 0 0 0 0 0 0 0 0 0 0 0 0 0 0 0 0 0 0 11 0 0 0 0 1 2 0 0 0 0 0 0 0 0 2 0 0 0 0 0 0 0 0 0 0 5 0 0 0 43 0 0 0 0 0 0 0 0 0 0 9 23 22 12 0 0 14 22 8 47 17 10 0 10 7 21 5 8 5 7 0 0 0 0 0 0 9 0 0 0 0 0 0 0 0 0 0 0 15 9 0 0 0 0 0 0 0 0 0 0 0 14 0 1 2 0 0 0 7 10 0 0 0 0 41 0 0 0 2 0 0 0 0 0 0 0 0 0 0 0 0 0 1 0 0 0 0 0 0 0 
 0 0 0 0 0 0 2 0 0 0 0 0 0 0 64 0 0 0 0 64 0 0 0 0 1 0 0 0 0 0 0 0 0 0 0 0 0 0 0 0 91 127 244 221 64 106 34 35 158 215 152 235 36 50 0 53 328 81 279 117 3 0 0 2 9 0 8 18 11 0 0 4 12 0 23 0 1 0 0 2 0 0 0 0 0 0 0 0 0 0 0 0 0 0 0 0 0 0 0 0 0 0 0 0 0 0 0 0 0 0 0 0 0 0 0 0 0 0 0 0 1 12 0 0 9 0 0 9 43 21 7 12 13 0 10 1 17 0 0 1 1 13 0 0 0 21 0 0 6 0 0 0 1 0 0 0 0 0 0 0 0 0 0 0 0 0 0 0 0 0 0 0 0 0 0 0 0 0 0 4 0 0 0 0 0 16 0 0 0 0 0 0 0 0 0 0 0 0 0 0 0 11 8 10 13 0 10 0 11 1 0 21 0 20 0 7 27 0 0 0 17 5 5 6 0 0 7 0 0 2 0 0 12 0 0 0 4 5 9 19 0 0 10 0 0 0 2 0 0 0 0 3 0 0 0 0 0 0 0 0 0 0 71 1 2 0 11 2 0 0 12 0 0 0 0 1 0 0 0 0 0 0 0 0 39 18 0 10 1 0 
 0 0 0 0 0 0 0 0 0 0 0 62 0 2 0 0 0 0 0 0 0 0 0 0 3 159 203 0 0 0 3 1 0 0 0 0 0 0 0 0 203 175 59 113 104 284 131 200 351 338 263 55 127 215 53 0 213 268 106 281 5 0 1 4 13 0 0 0 0 0 0 0 0 3 7 5 0 0 45 3 0 0 0 0 0 0 0 0 0 0 0 0 0 0 0 0 0 0 0 0 0 0 0 0 0 0 0 0 0 0 0 0 0 0 0 0 0 0 0 0 0 57 30 10 41 1 0 53 11 0 1 11 12 29 4 22 0 1 0 0 10 0 7 0 0 12 0 20 23 0 1 0 0 6 4 0 8 0 0 0 0 0 0 0 14 4 0 0 0 0 0 0 0 0 0 0 0 0 0 0 0 0 0 0 0 0 0 0 0 0 0 0 0 0 0 0 0 0 0 0 28 18 7 0 15 0 4 48 9 3 59 8 0 1 1 3 26 42 0 7 19 18 10 1 0 0 20 1 9 1 0 5 10 0 0 0 0 0 16 1 0 0 0 0 0 2 0 0 0 0 0 14 0 2 0 0 0 0 0 3 0 0 1 0 2 1 2 0 0 0 1 0 0 0 0 0 0 0 0 0 0 0 0 0 22 0 0 0 1 3 
 0 0 6 0 0 0 2 0 0 0 0 0 3 2 0 0 0 0 0 0 0 0 0 0 2 25 0 0 0 2 0 24 0 0 1 0 0 26 0 0 53 417 347 147 48 173 115 123 332 148 385 388 65 118 328 213 0 425 57 80 0 0 4 0 13 3 0 0 0 0 0 2 0 2 0 15 1 2 71 0 0 1 0 0 0 0 0 0 0 0 0 0 0 0 0 0 0 0 0 0 0 0 0 0 0 0 0 0 0 0 2 0 0 0 0 0 0 0 0 0 0 7 17 10 24 9 0 1 0 10 33 2 13 6 0 31 10 9 0 3 0 0 0 0 0 0 0 22 45 0 0 0 0 8 0 0 0 0 0 0 0 0 0 0 0 0 0 0 4 0 0 0 0 4 1 0 0 0 0 0 0 0 0 0 0 3 0 0 0 0 0 0 0 0 0 0 0 0 0 0 0 49 6 1 14 0 0 4 32 21 2 5 0 0 9 0 23 71 0 2 0 5 17 0 0 0 64 3 2 1 0 0 30 0 0 0 0 1 0 19 0 0 0 0 0 0 0 0 0 0 0 16 0 1 0 0 0 0 50 1 0 0 65 2 2 4 0 0 0 0 11 0 0 0 0 0 0 0 0 0 0 0 0 0 61 0 0 0 2 0 
 0 0 0 0 0 0 0 0 0 0 0 0 0 2 0 0 0 0 0 0 0 0 0 0 2 73 0 1 0 67 0 1 11 66 0 0 0 0 0 0 133 143 175 121 46 215 27 84 102 41 198 84 105 94 81 268 425 0 93 95 7 1 4 0 16 2 22 3 2 0 0 1 1 52 4 5 1 0 4 1 0 0 0 0 0 0 0 0 3 0 0 0 0 0 0 0 0 0 0 0 0 0 0 0 0 0 0 0 11 0 0 0 0 0 0 0 0 0 0 0 0 6 5 55 61 2 0 19 0 10 7 12 12 8 0 20 0 12 0 12 0 12 7 0 0 0 0 19 19 0 0 0 0 0 0 0 0 0 0 0 12 0 0 0 0 0 0 0 1 0 9 0 0 3 2 0 0 0 0 0 0 0 0 0 0 14 0 0 0 0 0 0 0 0 0 0 0 0 0 0 0 37 4 1 12 21 0 12 28 15 13 30 0 0 4 0 23 18 10 7 0 22 8 0 0 0 22 0 17 3 0 0 20 0 0 0 0 26 0 47 0 0 0 0 0 0 0 0 0 0 0 3 0 0 0 0 0 0 1 9 0 0 84 0 0 15 4 2 0 0 12 0 0 0 0 0 0 0 0 0 0 0 0 0 46 0 0 0 2 0 
 0 0 0 0 0 0 0 0 0 0 2 0 0 0 0 0 0 0 0 0 1 0 5 63 0 78 0 0 21 0 0 2 0 0 0 0 126 0 0 0 110 156 42 50 258 66 203 135 57 51 57 254 212 212 279 106 57 93 0 247 0 0 0 0 8 5 0 0 0 0 0 0 0 3 0 0 1 0 0 0 0 0 0 0 0 0 0 0 0 0 0 0 0 0 0 0 0 0 0 0 0 0 0 0 37 18 0 0 0 21 0 0 7 0 0 13 0 0 0 0 3 11 22 0 0 0 0 9 9 0 2 9 8 1 0 26 0 19 0 28 0 0 0 0 1 0 0 0 0 0 0 0 0 0 0 0 0 0 0 0 0 0 0 0 0 0 0 0 0 0 0 0 4 0 2 0 0 0 0 1 0 0 1 10 11 25 0 0 0 1 0 6 0 0 0 0 20 12 0 0 1 23 27 0 0 0 19 0 0 18 12 0 9 8 30 13 0 9 31 30 0 0 0 0 0 0 0 0 0 0 0 0 0 0 0 0 0 0 0 0 0 0 0 0 0 0 0 0 0 0 0 3 0 0 0 0 0 0 69 0 20 0 0 0 2 0 2 0 0 0 0 0 0 0 0 0 0 0 0 21 0 0 0 0 0 6 0 0 0 0 
 0 0 0 0 1 0 0 0 0 0 0 9 2 30 0 0 0 0 0 0 0 0 0 0 3 116 0 0 0 2 0 3 0 0 0 0 1 1 0 2 126 197 360 92 87 44 199 101 79 167 67 47 187 494 117 281 80 95 247 0 0 0 0 0 6 0 0 0 0 6 8 0 0 0 0 0 0 8 0 0 0 0 0 0 0 0 0 0 0 0 0 0 0 0 0 0 0 0 0 0 0 0 0 0 9 0 0 0 0 0 0 0 0 0 0 0 0 0 0 0 0 20 25 1 11 0 7 2 7 12 0 16 62 18 9 11 0 15 0 13 0 0 0 1 0 0 0 0 0 0 0 1 0 0 0 0 0 0 0 0 0 0 0 0 3 1 0 0 0 0 0 0 0 0 2 0 0 0 0 0 0 0 0 1 11 8 0 0 0 0 0 0 0 0 0 0 0 0 0 0 45 4 28 0 8 0 14 43 0 55 21 21 8 9 25 43 4 26 13 23 0 2 0 0 12 4 0 0 0 0 4 0 0 0 0 0 0 0 7 0 0 0 0 0 0 0 0 0 0 0 0 13 0 0 0 0 0 0 0 16 0 0 1 0 0 11 0 0 2 0 0 0 0 0 0 0 0 0 0 1 0 0 0 0 0 0 0 0 2 0 
 1 3 1 3 0 3 3 3 3 1 1 0 0 34 2 2 4 2 2 3 7 3 3 3 9 3 3 3 3 6 3 3 6 3 3 3 3 5 11 3 0 1 1 1 49 0 0 0 0 3 8 7 0 0 3 5 0 7 0 0 0 149 431 100 96 31 127 201 45 140 80 259 279 214 61 49 45 76 99 158 0 0 0 0 0 0 0 0 0 0 0 0 0 15 9 10 0 0 0 0 0 0 0 0 0 0 0 0 0 0 0 0 0 0 0 0 0 0 0 0 0 0 0 14 0 6 0 0 0 12 0 0 0 0 0 0 14 0 0 0 0 0 10 0 1 10 3 3 6 18 0 0 10 19 2 2 17 30 9 3 0 0 0 0 0 0 0 0 12 0 41 0 0 0 0 0 0 0 0 0 0 0 0 0 0 0 11 0 0 0 0 0 0 0 0 0 0 0 0 0 0 0 0 27 6 1 0 0 0 11 0 0 0 0 0 0 0 0 0 0 16 0 19 0 0 15 0 13 12 0 0 0 2 65 2 56 0 0 2 6 11 0 0 0 0 0 0 0 0 2 0 0 0 4 6 0 0 0 0 0 0 0 0 50 0 0 0 3 0 0 23 0 0 3 4 0 0 0 0 0 0 0 0 0 0 2 0 0 0 0 
