 0 172 353 154 38 35 138 236 231 39 117 137 78 38 343 43 284 112 66 106 0 6 3 4 8 0 3 3 0 6 0 0 0 3 0 8 5 2 0 0 3 3 0 0 5 0 66 3 7 0 16 5 3 3 5 0 0 3 63 0 0 0 0 0 3 6 0 0 3 0 0 0 5 2 0 0 0 0 0 0 20 34 58 0 0 12 0 30 11 8 22 0 2 27 0 22 35 0 11 12 0 0 0 0 1 1 0 0 0 0 2 0 0 0 0 0 0 0 0 0 0 0 0 0 0 18 0 0 0 0 0 0 0 0 0 0 0 0 0 0 0 0 0 0 0 2 0 0 0 0 0 0 0 0 0 0 0 0 0 0 0 10 0 17 0 0 38 0 0 1 16 72 9 13 27 0 13 28 53 19 0 0 0 0 0 0 2 0 0 0 0 15 0 18 0 2 0 0 0 0 2 0 0 0 0 0 2 0 0 0 0 0 0 0 0 0 0 0 0 0 0 0 0 8 21 0 0 0 0 0 0 2 0 0 0 0 0 0 0 0 0 0 0 0 0 2 0 0 9 5 0 4 0 0 0 0 0 0 0 0 0 0 14 0 0 0 0 0 0 0 0 0 0 0 0 0 13 0 0 0 0 0 0 0 0 0 0 0 0 0 
 172 0 128 172 335 30 215 106 243 220 31 23 52 146 608 127 280 26 22 109 0 0 1 0 3 0 3 3 0 5 0 0 0 0 0 109 1 2 0 0 0 3 0 0 0 10 0 3 3 62 0 0 3 3 3 0 3 3 0 0 0 4 0 0 3 1 0 0 3 0 0 0 0 2 4 0 0 0 0 0 2 13 10 36 0 0 47 0 31 20 0 0 25 18 5 37 16 47 102 63 0 0 0 1 9 0 0 0 0 0 0 0 0 0 0 0 0 0 21 0 0 0 0 0 0 0 0 0 0 0 0 0 0 0 0 0 0 0 0 0 0 7 0 0 0 0 0 0 0 0 0 9 0 0 0 0 0 0 0 0 39 0 17 0 32 0 20 37 17 10 0 0 20 14 76 2 11 0 22 16 0 0 0 0 0 0 0 0 0 0 0 0 6 19 0 0 0 0 17 0 0 0 0 0 0 0 0 0 0 0 0 0 0 0 0 0 0 0 14 0 0 0 0 0 0 0 0 0 2 0 0 0 0 0 0 0 0 0 0 0 0 0 0 0 0 0 3 0 2 0 0 2 20 0 0 0 0 0 0 0 0 0 0 0 0 0 0 0 0 1 0 0 0 0 0 0 0 15 0 0 0 0 0 0 0 0 0 0 0 0 
 353 128 0 281 150 33 190 302 266 38 135 141 74 58 147 343 232 212 242 272 0 0 2 0 2 0 4 4 0 4 0 0 28 0 0 2 0 0 0 1 0 3 0 0 0 2 0 3 2 0 5 0 3 2 3 0 0 1 9 0 0 0 0 0 3 0 0 0 3 0 0 0 0 2 5 0 0 0 0 0 11 25 28 0 4 0 0 21 53 0 26 1 0 13 10 27 0 15 39 15 32 0 0 0 0 0 0 0 0 0 0 0 0 24 0 0 0 0 3 0 0 0 0 0 0 0 2 0 0 0 1 0 0 0 0 0 0 0 0 2 0 0 7 0 0 0 0 2 0 0 0 0 0 0 0 0 0 0 0 0 11 0 0 19 19 1 0 2 0 43 30 21 11 2 0 7 8 52 22 14 1 4 0 0 0 0 0 0 0 10 0 0 0 1 0 0 0 1 7 0 1 0 0 0 0 0 0 0 0 0 0 0 0 0 0 0 0 0 0 0 0 0 0 0 0 0 0 2 0 0 0 0 0 0 0 0 0 0 0 0 0 0 0 0 0 0 3 0 87 90 0 9 0 1 0 0 0 0 0 0 0 0 13 0 0 0 0 0 0 0 0 0 0 0 0 0 10 0 0 0 0 0 0 0 0 0 0 0 0 0 
 154 172 281 0 118 39 131 85 101 246 168 47 82 156 193 53 211 40 490 176 3 0 0 69 3 0 79 3 3 5 0 0 2 0 0 2 0 1 1 0 2 3 0 3 0 10 0 3 4 0 0 0 3 2 3 0 2 1 0 0 0 1 0 0 3 0 0 2 20 0 0 0 0 2 0 0 0 0 0 0 11 24 11 24 27 10 2 12 36 7 33 3 2 0 53 28 1 26 1 13 16 0 0 0 0 0 28 0 2 0 2 0 0 9 0 0 0 0 9 35 9 0 0 0 0 0 0 0 0 0 1 0 0 0 0 0 0 0 0 0 0 0 9 0 0 2 0 0 0 0 0 0 0 1 0 0 0 0 0 0 1 0 0 20 9 7 17 17 16 39 0 0 0 41 0 11 17 18 0 0 1 0 0 0 0 1 0 0 0 0 0 0 0 0 0 0 0 0 7 33 1 0 0 0 0 0 2 0 0 0 0 0 0 0 0 0 0 0 0 0 0 0 10 0 0 0 0 0 0 0 0 0 0 0 0 0 0 0 0 0 0 0 0 0 0 4 0 2 2 93 0 2 9 0 0 0 0 0 0 0 0 0 0 0 0 0 0 0 0 0 0 0 0 0 0 14 15 0 0 0 0 0 0 0 0 0 0 0 0 0 
 38 335 150 118 0 174 98 69 194 73 493 114 77 105 391 102 139 38 65 289 0 1 0 0 4 0 175 78 0 3 75 2 3 1 76 2 0 0 48 0 0 3 0 0 1 2 8 3 2 0 0 0 3 2 3 0 0 1 0 0 0 1 0 0 3 0 0 0 5 0 0 0 0 2 0 0 0 0 0 0 9 16 12 30 33 27 0 10 0 0 14 19 12 0 29 16 0 0 0 0 26 7 9 0 0 0 62 0 5 1 10 0 15 14 17 0 16 0 28 63 0 0 0 0 0 0 0 0 0 0 0 0 0 0 0 0 0 0 0 0 0 0 6 0 0 12 0 0 0 0 0 0 0 0 0 0 1 0 0 0 0 1 0 22 28 13 0 17 60 10 11 0 0 1 0 11 14 14 0 0 16 1 0 0 0 0 18 15 0 0 0 2 1 0 0 0 1 0 53 0 0 0 0 1 0 0 0 0 0 0 0 1 0 0 0 0 0 0 0 0 0 9 0 0 0 0 0 0 0 0 0 0 0 0 1 0 0 0 0 0 0 13 0 0 0 0 90 0 3 5 7 5 12 0 0 0 0 0 0 0 1 0 0 0 0 0 0 0 0 0 0 0 0 0 0 40 0 0 0 0 0 0 0 0 0 0 0 0 0 0 
 35 30 33 39 174 0 41 28 79 255 276 227 257 37 37 589 334 233 264 50 120 24 105 0 4 0 84 4 33 25 0 0 184 1 167 3 2 0 107 154 0 3 0 0 0 0 38 3 2 0 0 44 3 3 3 0 0 3 0 0 0 0 0 0 3 0 0 0 3 0 0 4 6 2 0 0 0 0 0 0 0 0 0 24 27 10 0 0 0 0 19 14 0 0 0 0 2 0 0 0 10 55 19 0 0 0 17 12 26 0 0 1 48 36 40 15 1 11 7 0 0 0 0 0 0 0 0 0 0 0 13 0 0 2 0 0 0 0 2 0 0 0 0 0 0 0 0 0 0 0 0 0 0 3 0 0 0 0 0 2 0 0 0 19 14 51 0 0 0 0 0 14 0 0 0 9 0 0 0 0 17 20 1 0 0 0 42 46 29 1 0 0 48 0 0 1 0 0 34 26 0 0 0 0 0 0 0 0 0 0 0 0 0 0 0 0 0 0 0 2 0 0 0 0 0 0 0 0 0 0 0 1 0 2 6 0 0 0 0 0 0 24 0 0 0 7 47 1 0 7 0 4 0 2 0 0 0 0 2 0 0 0 0 0 0 0 0 0 0 0 0 0 0 0 2 0 0 0 0 0 0 8 0 0 0 0 0 0 0 0 
 138 215 190 131 98 41 0 357 92 115 58 50 377 336 74 31 325 22 61 153 0 0 0 0 2 0 3 3 202 5 0 0 202 2 0 2 2 3 0 0 0 3 0 0 0 1 0 4 5 1 0 0 3 3 3 0 0 2 0 0 0 2 0 0 3 0 0 0 3 0 0 0 0 2 5 0 0 0 0 0 10 4 16 13 0 0 20 30 13 0 2 0 5 0 25 2 10 9 15 45 0 0 0 0 0 0 0 0 0 0 0 0 0 0 0 0 0 0 1 0 0 0 0 0 0 0 0 0 0 0 0 0 0 0 0 0 2 0 0 15 0 0 0 0 2 0 0 0 0 0 19 0 0 0 0 1 0 0 0 0 10 3 10 0 22 0 25 42 7 10 16 0 38 0 21 0 3 17 12 27 0 0 0 0 0 0 0 0 0 0 0 0 0 1 0 0 0 0 0 0 0 0 0 0 0 0 0 0 0 0 0 0 0 0 2 0 0 0 0 0 0 0 0 0 0 0 0 0 0 0 0 0 0 0 0 0 0 0 0 0 0 0 0 0 0 0 0 0 1 0 0 0 1 0 0 0 0 0 0 0 0 0 0 0 0 0 0 0 0 0 0 0 0 0 0 0 0 0 0 0 0 0 0 0 0 0 0 0 0 0 
 236 106 302 85 69 28 357 0 178 216 35 59 98 150 469 56 129 49 254 323 0 0 0 0 1 0 3 3 0 5 0 0 0 0 0 2 0 1 0 0 0 3 0 0 0 67 2 3 2 1 0 0 3 2 3 0 0 4 0 0 0 0 0 0 3 0 0 0 3 0 4 0 0 2 0 0 0 0 0 0 12 10 17 7 16 0 12 24 0 2 45 2 5 11 12 4 1 29 17 41 0 0 0 0 0 0 0 0 0 0 0 0 0 0 0 0 0 0 0 0 0 0 0 0 0 1 0 0 0 0 0 0 0 0 0 0 0 12 1 0 0 3 0 0 0 17 0 0 0 0 0 0 0 0 0 0 0 0 0 1 22 13 20 11 13 1 17 25 20 4 25 9 41 6 0 0 12 25 10 28 0 1 0 0 0 0 0 0 0 0 0 0 0 13 3 0 0 0 0 0 0 0 0 0 0 0 0 0 0 0 0 0 0 0 0 0 0 0 0 1 0 0 0 0 2 0 0 0 0 0 0 2 0 0 0 0 12 0 12 0 0 0 0 0 0 0 1 2 88 92 0 5 0 0 0 1 0 0 0 0 2 0 69 0 0 0 0 0 0 0 0 0 0 0 0 0 14 0 0 0 0 0 0 0 0 0 0 0 0 0 
 231 243 266 101 194 79 92 178 0 78 63 46 315 78 142 167 158 40 113 78 0 1 0 1 4 0 9 6 0 11 2 0 0 0 0 2 0 0 1 1 0 3 0 0 0 1 0 3 2 0 3 0 3 3 3 0 32 5 0 0 0 0 0 0 3 3 0 0 3 0 0 0 0 2 0 0 0 2 3 3 11 6 0 12 0 0 8 31 25 17 0 1 0 29 10 33 14 0 21 42 0 0 0 0 1 0 1 0 27 0 2 0 0 0 0 0 0 0 0 0 0 0 0 0 0 0 0 0 0 0 1 0 0 0 0 0 0 0 0 0 0 0 1 0 0 2 0 0 0 0 0 7 0 0 0 0 0 0 0 0 32 0 0 0 0 0 13 0 0 12 1 10 27 17 49 6 10 1 18 10 1 0 0 0 0 2 0 0 0 0 0 0 0 19 0 0 0 0 0 20 0 0 0 0 0 0 1 0 0 0 0 0 0 0 0 0 0 0 0 0 0 0 0 0 1 0 0 0 0 0 0 0 0 0 0 0 0 0 0 0 0 0 0 0 0 2 87 0 1 3 2 2 0 0 0 0 0 0 0 0 0 0 0 0 0 0 0 0 0 11 0 0 0 0 0 10 0 16 0 0 0 0 0 0 0 0 0 0 0 1 
 39 220 38 246 73 255 115 216 78 0 356 173 64 63 162 242 65 129 200 168 77 0 2 0 2 0 187 3 0 4 21 0 78 1 1 2 0 2 22 154 27 3 0 0 0 27 6 3 2 0 0 0 3 3 3 0 0 2 0 0 0 0 0 0 3 0 0 0 3 0 0 0 8 2 4 0 0 0 0 0 0 11 0 28 20 8 10 13 1 23 21 18 11 21 13 12 0 21 0 14 22 21 21 0 0 0 15 0 0 0 0 0 24 11 18 15 0 0 18 14 0 0 0 0 0 0 0 0 2 0 0 0 8 0 0 0 0 0 0 0 0 9 0 0 0 0 0 0 0 0 0 0 0 0 0 0 0 0 0 0 17 0 42 0 54 0 26 10 36 13 29 17 13 10 0 0 11 0 0 0 8 0 1 0 0 0 0 48 0 0 0 0 30 2 0 0 0 0 37 25 0 0 0 0 0 0 0 0 0 0 0 0 0 0 0 0 2 0 0 0 0 0 0 0 0 0 0 0 0 0 0 0 0 0 0 17 0 2 0 0 0 0 0 0 0 2 1 0 0 1 5 3 0 0 0 0 0 0 0 0 0 0 0 0 0 0 0 0 0 0 0 0 0 9 0 0 0 1 0 0 0 0 0 0 0 0 0 0 0 0 
 117 31 135 168 493 276 58 35 63 356 0 385 35 42 375 117 81 52 51 51 60 74 0 0 2 0 143 3 0 5 0 0 174 2 0 76 2 0 73 60 0 3 0 0 0 0 0 3 4 0 10 0 3 3 3 0 0 3 19 0 0 0 0 2 3 0 0 0 3 0 0 0 3 2 0 0 29 0 0 0 1 0 6 14 32 33 0 0 0 0 33 0 0 14 0 0 0 1 0 0 32 34 16 0 0 0 8 22 5 7 0 0 6 8 14 10 0 0 19 10 0 0 0 0 0 0 0 0 0 0 0 2 1 0 0 0 0 0 0 0 0 0 2 0 1 0 0 0 0 0 0 1 0 0 0 0 0 0 0 0 0 0 0 12 34 1 6 0 0 0 16 33 0 0 0 2 0 15 1 0 14 2 1 0 0 0 10 47 0 0 0 0 14 17 0 0 0 0 35 13 0 0 0 0 0 0 0 0 0 0 0 0 0 2 0 0 0 0 2 0 2 0 0 0 0 2 0 0 0 0 0 0 0 0 0 0 0 0 0 0 0 0 0 0 0 0 1 0 4 2 13 1 0 0 0 0 0 0 0 0 0 0 12 0 0 0 17 0 0 0 0 0 0 0 0 1 0 0 0 0 0 0 0 0 1 0 0 0 0 0 
 137 23 141 47 114 227 50 59 46 173 385 0 54 139 336 271 64 127 48 336 134 0 1 59 76 0 156 3 65 5 121 1 24 0 72 2 0 0 38 60 0 3 0 0 0 5 0 3 2 0 33 0 3 3 3 0 0 2 0 0 0 0 0 0 3 0 0 0 3 3 0 0 3 2 0 0 0 0 0 0 2 1 0 1 30 64 0 1 0 6 60 30 0 16 10 1 14 0 1 0 0 11 21 0 0 0 21 0 2 0 2 0 7 0 23 10 0 13 31 10 9 0 0 0 0 0 0 0 0 0 1 0 0 0 0 0 0 0 1 0 0 0 1 0 0 2 15 0 0 0 0 0 0 3 0 0 0 0 0 0 0 0 0 9 14 14 0 0 15 11 11 3 0 6 10 1 0 17 0 0 12 8 0 0 1 0 0 35 0 0 0 0 13 15 0 0 0 0 26 10 2 0 0 10 0 0 2 0 0 0 0 0 0 0 0 1 0 0 0 0 0 0 8 0 0 0 0 0 0 0 0 0 0 0 0 0 0 0 0 0 0 0 0 0 0 1 5 1 2 86 11 5 0 2 0 0 0 0 0 0 0 0 1 0 0 0 0 0 0 0 0 0 0 0 0 0 3 0 0 0 0 7 0 0 0 0 0 0 0 0 
 78 52 74 82 77 257 377 98 315 64 35 54 0 246 104 137 146 27 302 188 0 0 0 0 1 0 3 3 0 4 0 0 0 1 0 2 1 0 0 0 53 2 0 0 0 3 0 4 2 63 0 0 3 2 3 0 0 0 0 0 0 0 0 0 3 0 0 0 2 0 0 0 0 2 0 0 0 0 0 0 0 2 0 0 16 0 18 0 0 0 20 11 63 0 10 1 16 24 43 0 0 0 0 0 0 0 0 0 0 0 0 0 0 0 0 0 0 0 0 0 0 0 0 0 0 0 0 0 0 0 0 0 0 0 0 0 0 0 0 0 0 0 0 0 2 0 0 0 0 0 0 0 0 0 0 0 0 0 0 0 10 7 30 0 0 0 10 10 0 0 0 0 0 6 19 1 0 0 17 23 0 0 0 0 0 0 0 0 0 0 0 0 1 0 0 0 0 0 0 0 0 0 0 0 21 0 0 0 0 0 0 0 0 2 1 0 0 0 0 0 0 0 0 0 0 0 0 0 0 0 0 0 0 0 0 1 0 0 0 0 0 0 0 0 0 4 0 0 0 91 0 2 0 0 0 0 0 0 0 0 0 0 0 0 0 0 0 0 0 0 0 0 0 1 0 0 2 0 0 0 0 0 0 0 0 0 8 0 0 0 
 38 146 58 156 105 37 336 150 78 63 42 139 246 0 71 233 120 27 107 332 0 0 0 0 3 0 3 3 0 6 1 0 0 2 0 4 3 3 1 0 0 3 0 0 0 0 0 68 2 73 0 6 3 3 10 0 0 3 62 0 0 0 0 0 3 0 2 0 3 0 0 0 2 2 0 0 0 0 0 31 11 0 10 20 15 1 30 0 17 28 1 15 18 32 31 14 30 34 20 9 0 1 0 0 0 0 0 0 0 0 0 0 0 0 0 0 0 0 0 0 1 0 0 0 0 0 0 0 0 0 0 0 0 2 0 0 0 0 0 0 0 0 0 0 0 0 0 0 0 1 22 4 0 0 0 0 0 0 1 0 19 27 27 0 0 0 1 9 1 0 2 11 61 17 28 0 9 0 20 51 0 0 0 0 0 0 0 0 0 2 0 0 0 0 0 0 0 0 0 0 0 0 0 0 0 0 0 0 0 2 0 0 0 12 0 0 0 0 0 0 0 0 0 0 0 3 0 0 0 0 0 0 0 0 0 0 0 0 0 0 0 0 0 0 0 0 86 0 2 1 0 0 0 0 0 0 0 0 0 0 0 0 0 0 0 0 0 0 0 0 0 0 0 0 0 13 11 8 0 0 0 0 0 0 0 0 0 0 0 0 
 343 608 147 193 391 37 74 469 142 162 375 336 104 71 0 86 348 347 62 327 102 0 75 26 30 0 3 4 102 4 0 1 0 102 0 2 0 17 0 0 0 3 0 0 0 0 0 3 2 0 2 0 3 3 3 0 0 3 2 0 33 17 0 0 3 2 0 0 3 0 0 0 0 2 2 0 0 0 0 0 2 19 65 5 0 21 0 0 11 45 10 22 0 27 14 23 15 13 0 8 0 0 0 0 1 2 13 0 2 0 0 0 0 0 0 0 0 0 26 9 1 0 0 0 0 0 0 0 0 0 0 0 0 1 0 0 0 0 1 0 0 11 1 0 0 2 23 0 0 0 0 0 0 0 0 0 0 0 0 0 9 0 21 21 15 10 0 1 24 0 33 34 10 0 13 13 17 12 0 0 0 0 0 0 1 2 0 0 0 0 0 0 1 0 0 0 0 0 10 0 0 0 0 0 0 0 0 0 0 0 0 0 0 0 0 0 0 0 1 0 0 0 0 0 0 0 15 0 0 0 0 0 0 0 0 0 0 0 0 0 0 0 0 0 0 0 1 0 53 88 2 2 27 0 0 0 0 0 0 0 0 0 7 0 0 0 0 0 0 0 0 0 0 0 0 14 6 2 0 0 0 0 0 0 0 0 0 0 0 0 
 43 127 343 53 102 589 31 56 167 242 117 271 137 233 86 0 77 293 333 60 2 0 2 0 1 1 3 4 1 4 0 0 76 0 0 2 0 1 1 78 0 3 0 0 0 2 0 3 4 31 0 0 38 2 3 0 0 1 0 0 0 0 0 0 3 0 0 0 3 0 0 0 10 2 0 0 0 0 4 0 24 1 7 12 25 14 9 20 40 1 1 13 23 0 0 12 17 19 27 0 20 11 2 0 0 0 0 0 0 0 0 0 43 8 1 0 0 0 16 0 0 0 0 0 0 0 0 0 0 0 14 0 0 0 0 0 2 0 0 0 0 2 0 0 0 0 0 0 14 0 0 3 0 0 2 0 0 0 0 0 14 0 19 27 9 0 0 6 0 0 0 34 0 10 7 12 7 1 10 17 0 0 0 0 1 0 0 0 1 0 0 0 20 0 0 0 0 0 35 23 0 0 1 0 0 0 0 0 1 0 0 0 0 0 0 0 0 2 0 0 0 1 0 0 0 0 0 0 0 0 0 0 0 0 0 0 0 0 0 0 0 0 0 0 0 2 17 0 0 89 0 0 0 0 2 0 0 0 0 0 0 0 0 0 0 0 0 0 0 0 0 0 0 0 0 14 0 7 0 0 0 0 0 0 0 0 0 0 0 0 
 284 280 232 211 139 334 325 129 158 65 81 64 146 120 348 77 0 209 17 276 0 0 0 0 6 1 5 3 0 3 0 2 0 0 2 5 3 0 3 0 0 3 0 0 0 1 32 5 5 0 0 0 3 5 3 0 0 2 0 0 0 12 0 0 3 0 0 0 3 0 0 0 0 2 19 0 0 0 0 0 33 9 37 13 0 20 0 0 26 17 0 1 0 19 6 10 5 21 0 1 0 1 0 0 0 0 0 0 0 0 0 0 0 0 0 0 0 0 24 0 0 0 0 0 0 0 0 0 0 0 0 0 0 1 0 0 0 0 0 0 0 0 0 0 0 0 0 0 0 2 0 0 0 0 0 0 0 0 0 0 0 11 13 0 12 0 8 32 31 61 13 0 7 0 0 0 24 9 1 2 0 0 0 0 0 0 0 0 0 0 0 0 0 0 0 0 0 0 0 0 0 0 0 0 0 0 0 0 0 0 0 0 0 0 0 0 0 0 0 1 0 0 0 0 0 1 0 0 0 0 0 2 0 1 0 0 0 0 0 0 0 0 0 0 0 1 0 0 88 0 0 3 37 1 0 0 0 0 0 0 2 0 0 0 0 2 0 0 0 0 0 0 0 0 0 0 15 0 0 0 0 0 0 0 0 0 0 0 0 0 
 112 26 212 40 38 233 22 49 40 129 52 127 27 27 347 293 209 0 49 261 0 0 0 0 2 0 3 3 0 5 0 0 0 0 0 2 0 1 1 0 0 3 1 0 0 3 0 3 2 0 1 0 4 3 3 0 0 2 0 0 0 0 0 0 3 0 0 0 3 0 0 0 3 2 0 0 0 0 0 0 28 2 12 12 29 31 4 29 36 26 65 14 2 43 0 14 29 10 0 9 13 7 0 0 0 0 0 0 0 0 0 0 0 8 0 0 0 0 0 0 0 0 0 0 1 0 0 0 0 0 0 0 0 0 0 0 0 0 0 0 0 0 4 0 0 0 0 0 0 0 0 5 0 0 0 0 0 0 0 0 0 0 0 34 0 27 1 1 0 21 0 26 0 0 10 40 1 32 0 11 0 0 0 0 0 0 0 1 0 0 0 0 10 0 0 0 0 0 0 31 0 0 0 0 0 0 0 0 0 0 0 0 0 0 0 0 0 0 0 0 0 0 0 0 0 0 0 0 0 0 0 0 0 0 0 0 0 0 0 1 0 0 0 0 0 4 91 0 2 86 0 0 2 0 0 0 0 0 0 0 0 0 0 0 0 0 0 0 0 0 0 0 0 45 0 34 1 0 0 0 0 0 0 0 0 0 0 0 0 0 
 66 22 242 490 65 264 61 254 113 200 51 48 302 107 62 333 17 49 0 124 0 2 2 3 36 1 2 3 0 5 0 0 0 4 0 2 2 1 2 0 0 2 6 2 7 7 0 3 4 65 0 0 4 2 5 0 0 0 0 0 12 0 0 0 3 0 0 0 2 0 0 0 0 2 0 0 0 0 0 0 0 1 0 5 0 0 0 48 0 0 0 0 21 15 0 19 20 18 40 38 0 0 0 0 0 0 0 0 0 0 0 0 0 0 0 0 0 0 0 0 0 0 0 0 0 0 0 0 0 0 0 0 0 0 0 0 1 0 0 0 0 0 0 0 0 2 0 2 0 0 0 7 0 0 0 0 0 0 0 0 11 1 13 13 0 0 18 10 0 5 1 13 17 11 15 2 5 7 45 73 0 0 0 0 0 0 0 0 0 0 0 0 0 0 0 0 0 0 0 1 0 0 0 0 0 14 0 0 0 0 0 0 0 0 0 0 2 0 0 0 0 0 0 0 1 0 0 0 2 1 0 0 0 0 0 0 0 0 0 0 0 0 0 0 0 0 0 0 2 0 0 5 0 0 0 0 0 2 0 0 0 0 0 0 0 0 0 0 0 0 0 0 0 0 0 0 0 0 0 0 0 0 0 0 0 0 0 0 0 0 
 106 109 272 176 289 50 153 323 78 168 51 336 188 332 327 60 276 261 124 0 1 3 6 0 2 0 2 3 0 5 0 0 0 0 1 2 0 1 0 0 0 3 3 3 0 10 0 3 2 0 0 0 3 3 3 0 0 2 0 0 0 2 0 7 3 0 0 0 3 2 3 31 0 2 5 46 0 1 0 0 1 13 17 21 19 1 15 10 23 1 16 12 18 14 6 15 3 14 18 50 0 15 0 0 0 0 0 0 0 0 0 0 0 0 0 0 0 0 0 0 0 0 0 0 0 0 0 0 0 0 0 0 0 2 0 0 0 0 2 0 0 0 0 0 0 0 0 0 0 0 0 0 0 0 0 0 0 0 1 2 0 0 0 20 11 0 31 13 13 7 16 21 2 12 0 0 4 13 16 7 0 0 0 0 19 0 0 2 0 0 0 0 0 0 0 0 0 0 0 0 0 0 0 0 0 0 0 0 20 2 0 0 0 0 0 0 0 0 0 0 0 0 15 0 0 1 0 0 0 0 0 0 0 0 0 0 0 0 0 0 0 0 0 0 0 3 3 0 49 6 0 0 0 0 0 2 0 0 0 0 0 0 0 2 0 0 0 0 3 0 0 2 0 1 0 0 13 0 0 0 0 0 0 0 0 0 0 0 0 0 
 0 0 0 3 0 120 0 0 0 77 60 134 0 0 102 2 0 0 0 1 0 104 237 209 252 42 186 102 55 187 32 48 332 159 135 117 38 67 52 108 0 2 0 0 3 0 4 62 5 1 0 0 0 0 0 0 0 0 0 2 3 2 2 0 0 0 0 3 3 3 2 0 1 0 0 0 0 3 51 3 0 0 0 0 0 10 0 0 0 0 8 17 0 0 0 0 0 0 0 23 0 6 8 8 0 0 0 31 33 31 1 25 2 1 28 47 0 32 22 9 0 0 0 0 0 0 0 0 0 0 12 0 12 1 0 0 0 0 0 0 0 0 0 0 0 0 0 0 0 0 0 0 0 6 0 0 0 0 0 0 7 0 0 10 0 12 6 0 0 3 0 0 0 0 4 0 0 0 0 0 13 16 36 12 0 0 23 28 17 31 4 8 13 0 20 13 10 30 34 24 0 0 0 0 0 0 0 0 0 0 0 0 0 0 0 0 0 0 6 0 0 0 0 0 0 9 0 0 0 0 0 0 20 0 0 0 0 0 0 0 0 0 0 0 0 2 0 0 0 0 0 0 0 0 11 0 0 1 0 2 0 0 0 0 0 0 0 0 0 0 0 0 0 0 0 0 0 0 0 0 0 17 0 0 0 6 0 0 0 1 
 6 0 0 0 1 24 0 0 1 0 74 0 0 0 0 0 0 0 2 3 104 0 70 422 45 106 150 66 271 110 360 72 128 167 244 91 209 36 124 141 0 0 4 0 0 0 0 0 0 0 63 0 0 27 0 2 1 0 0 2 2 2 2 0 0 0 0 3 3 2 0 0 31 0 0 0 0 3 0 0 0 0 0 11 0 0 0 0 0 0 0 0 0 0 0 0 0 10 0 0 0 31 8 16 0 21 30 12 16 1 0 24 27 0 14 9 21 13 1 1 1 0 0 0 0 0 0 0 0 1 0 0 10 0 0 0 0 0 10 18 0 0 0 0 0 0 0 4 5 0 0 0 0 0 0 2 0 0 0 0 1 0 0 8 14 0 0 0 3 3 1 0 0 0 0 2 0 0 0 0 0 0 25 34 1 1 6 14 9 10 0 16 0 5 2 42 8 14 18 0 13 0 0 0 0 0 10 1 0 0 0 0 37 0 0 0 0 0 20 0 0 0 0 0 0 0 0 0 2 0 0 0 0 0 0 0 0 0 0 0 0 0 0 0 0 0 0 0 0 0 0 0 0 0 29 0 0 76 2 0 1 17 0 0 0 0 0 0 0 0 0 0 0 0 0 0 0 0 0 0 0 0 0 0 0 0 0 0 0 0 
 3 1 2 0 0 105 0 0 0 2 0 1 0 0 75 2 0 0 2 6 237 70 0 162 360 33 82 151 179 126 137 81 540 76 199 123 71 55 203 56 0 0 0 0 0 0 0 0 0 0 0 0 0 0 0 14 1 0 0 2 3 2 2 0 0 0 0 3 3 2 0 0 0 0 4 0 0 3 0 1 0 0 1 0 1 1 0 0 0 0 0 10 0 0 0 0 0 0 0 0 25 1 11 11 18 9 0 35 25 11 11 31 11 24 23 17 0 47 22 10 21 0 0 0 0 0 1 0 0 0 0 0 2 0 0 21 18 0 31 14 0 1 0 0 0 0 0 0 0 0 0 0 0 1 0 0 0 0 0 0 4 2 0 0 0 20 1 0 0 11 2 0 0 0 3 0 0 0 0 0 23 37 18 2 23 0 55 24 10 10 16 15 23 13 48 32 0 11 8 29 0 14 0 0 0 0 0 0 0 0 0 0 9 0 1 0 0 0 43 0 0 0 0 0 0 0 0 0 0 0 0 0 0 0 0 0 0 1 0 0 0 0 7 0 0 0 0 0 0 0 0 0 0 0 6 0 0 0 5 0 0 0 0 0 0 0 20 0 0 0 0 0 0 0 0 0 0 0 0 13 0 10 0 0 0 8 9 0 0 0 
 4 0 0 69 0 0 0 0 1 0 0 59 0 0 26 0 0 0 3 0 209 422 162 0 215 296 97 248 186 100 83 295 307 129 387 128 121 266 464 360 0 7 2 0 0 0 0 0 4 3 0 0 0 150 0 0 0 1 2 2 4 2 2 0 0 0 2 3 3 5 2 0 3 0 0 0 0 6 0 5 0 0 0 0 0 0 0 0 0 0 0 0 0 0 0 0 0 2 0 0 0 1 62 36 15 7 12 24 44 18 22 15 9 0 15 22 13 0 0 0 12 8 0 0 0 0 20 0 0 0 0 0 11 0 11 0 0 0 38 37 0 0 0 0 0 0 0 14 2 0 0 0 0 0 0 0 0 0 0 0 0 0 0 0 0 10 0 18 0 13 0 0 0 0 0 0 0 0 0 0 16 8 28 29 2 14 13 25 25 1 0 10 0 4 29 7 17 117 0 0 10 0 0 0 0 0 15 1 0 0 0 0 15 27 0 0 0 0 0 26 0 0 6 0 0 0 0 0 2 0 0 0 0 0 0 0 0 0 0 0 0 0 0 0 0 0 0 0 2 0 0 0 0 0 17 1 2 81 1 1 15 14 0 0 0 2 0 0 0 0 0 0 0 2 0 0 0 0 0 0 0 8 0 0 0 0 0 0 0 0 
 8 3 2 3 4 4 2 1 4 2 2 76 1 3 30 1 6 2 36 2 252 45 360 215 0 231 58 59 178 156 266 154 84 284 74 86 131 200 65 112 7 0 0 0 0 0 0 7 0 2 0 0 87 0 11 0 0 0 22 64 3 2 2 0 5 0 0 3 3 3 53 0 0 0 0 0 0 3 0 2 0 0 0 0 0 0 0 19 0 0 0 0 0 0 0 0 0 0 0 1 0 23 26 15 60 14 0 1 0 0 0 9 0 0 17 17 13 0 0 0 57 18 0 0 16 0 29 1 12 22 0 45 45 0 54 30 0 0 25 53 0 0 0 0 0 0 12 31 15 0 0 0 0 0 14 0 0 0 0 12 2 0 0 8 2 1 0 4 0 0 0 0 0 0 0 0 2 0 0 0 27 25 9 53 51 9 0 0 1 16 2 21 0 9 0 0 23 25 0 0 13 0 27 0 0 0 29 0 19 0 0 0 46 20 27 21 26 0 0 6 0 0 0 0 0 0 0 0 0 0 0 0 0 2 0 0 0 0 0 0 0 0 0 0 0 0 0 0 0 0 0 1 0 0 8 0 0 83 2 6 21 13 0 0 0 0 9 0 0 0 0 0 0 0 0 0 0 0 0 0 0 0 19 0 0 0 10 0 0 0 
 0 0 0 0 0 0 0 0 0 0 0 0 0 0 0 1 1 0 1 0 42 106 33 296 231 0 35 41 50 78 152 69 36 73 54 66 91 65 41 52 65 7 5 211 0 0 61 4 1 2 3 0 64 0 63 4 1 67 141 3 7 3 4 3 3 0 2 5 3 2 1 0 0 0 5 0 3 3 0 5 0 0 0 0 0 0 0 0 0 0 0 19 0 0 0 0 0 0 0 0 0 0 0 12 1 23 0 0 0 0 0 0 0 0 9 0 0 7 0 0 11 7 0 18 0 0 45 21 22 15 8 0 35 14 0 8 0 11 1 28 0 0 0 0 0 0 6 0 0 0 0 0 0 0 0 17 0 0 0 0 0 0 0 0 0 0 0 0 1 0 0 0 0 0 1 0 2 0 0 0 0 12 0 8 8 11 0 0 0 0 1 37 25 0 0 7 0 0 0 0 8 15 12 0 0 0 13 0 23 11 2 1 20 29 16 1 1 10 0 7 0 0 0 0 0 0 0 0 0 0 0 0 0 0 0 0 0 0 10 0 0 0 0 0 0 0 0 0 0 0 0 0 0 0 12 0 0 0 1 1 10 1 0 0 0 0 17 0 0 0 0 1 0 1 0 0 0 0 0 0 0 0 6 0 0 0 7 0 0 0 
 3 3 4 79 175 84 3 3 9 187 143 156 3 3 3 3 5 3 2 2 186 150 82 97 58 35 0 380 324 33 633 254 303 385 141 180 42 47 151 169 3 3 0 0 0 0 8 2 3 0 3 0 0 3 0 0 2 3 0 2 2 2 2 0 0 3 0 3 3 2 0 0 0 0 0 4 0 5 3 2 0 0 0 0 62 14 0 6 0 0 15 53 0 0 0 0 0 0 0 0 39 7 41 0 0 0 49 0 11 9 9 0 0 63 0 12 16 0 10 30 0 0 0 0 0 0 1 1 0 0 0 0 0 0 0 0 0 0 0 0 0 0 1 0 0 0 0 1 0 0 0 0 0 0 0 0 0 2 0 0 0 0 0 15 0 2 4 0 5 4 4 0 0 0 1 15 0 0 0 0 57 0 10 0 0 0 19 13 0 0 0 0 20 19 0 0 0 0 21 39 0 0 0 0 2 0 4 0 0 0 0 0 0 0 0 0 0 0 0 0 0 0 0 0 0 6 0 0 0 0 0 0 0 0 0 2 0 0 0 0 0 10 15 0 0 0 74 0 0 0 10 0 0 0 1 9 0 0 0 0 0 0 0 0 0 0 0 0 0 0 0 0 0 0 0 0 0 0 0 0 0 0 0 0 0 0 0 0 0 0 
 3 3 4 3 78 4 3 3 6 3 3 3 3 3 4 4 3 3 3 3 102 66 151 248 59 41 380 0 155 328 260 161 203 344 140 82 74 249 294 65 0 0 0 0 0 0 3 0 0 0 0 0 0 0 0 0 62 33 0 2 4 2 2 0 0 0 0 2 3 3 2 0 0 0 0 0 10 3 0 3 0 0 0 0 0 0 0 0 0 0 0 0 0 0 0 0 0 0 0 0 0 2 50 52 0 20 19 28 51 0 45 20 30 12 0 37 20 0 0 10 0 0 0 0 0 0 11 0 0 0 0 0 20 0 0 0 0 0 15 1 0 0 0 0 0 0 0 0 15 0 8 0 0 0 0 0 0 0 0 0 0 0 0 0 1 36 0 0 0 0 0 0 0 0 0 0 0 0 0 0 25 26 10 41 0 12 67 9 45 24 0 25 50 15 26 40 10 27 0 7 0 0 0 0 0 0 0 0 0 0 0 0 1 5 0 0 0 0 9 30 0 0 0 0 0 0 0 0 0 0 0 0 0 0 0 2 0 0 0 0 0 13 0 0 0 1 1 0 0 0 0 76 0 0 20 0 0 1 79 0 5 2 0 0 0 0 0 0 0 0 0 0 0 0 0 0 0 0 0 0 0 0 0 0 0 17 0 0 0 0 
 0 0 0 3 0 33 202 0 0 0 0 65 0 0 102 1 0 0 0 0 55 271 179 186 178 50 324 155 0 154 135 175 200 182 266 131 70 113 154 153 2 4 52 5 0 0 0 0 3 0 0 0 0 0 0 0 2 67 65 2 3 2 2 0 5 0 0 5 3 3 1 0 0 0 0 5 108 3 0 2 0 0 0 0 12 0 0 0 0 0 0 0 0 0 0 0 0 0 0 0 16 21 26 20 13 21 11 9 0 17 0 29 0 21 9 25 28 47 13 9 56 0 0 0 0 0 0 0 0 0 0 0 21 0 0 13 0 0 1 8 0 0 0 0 0 0 0 0 3 0 0 0 0 0 0 0 0 0 0 0 2 0 0 0 0 35 0 0 0 4 0 0 0 0 0 3 0 0 0 0 0 0 0 17 7 0 6 0 11 0 0 30 14 5 0 10 31 27 0 0 10 0 0 0 0 0 11 0 0 0 0 0 8 0 11 1 0 0 0 0 0 0 0 0 0 0 0 0 15 0 0 0 0 0 0 0 0 0 0 0 0 0 1 0 0 0 0 0 0 0 0 0 0 0 8 2 1 7 0 0 0 10 0 0 0 0 0 0 0 0 0 0 0 0 0 0 0 0 0 19 0 0 0 0 0 0 0 0 0 0 
 6 5 4 5 3 25 5 5 11 4 5 5 4 6 4 4 3 5 5 5 187 110 126 100 156 78 33 328 154 0 313 115 86 225 110 151 183 194 161 99 0 0 1 1 0 2 0 0 0 0 26 0 36 4 2 0 1 3 0 4 3 2 2 0 0 0 0 3 3 2 0 0 0 0 4 4 0 5 0 1 0 0 0 0 0 0 0 0 0 0 0 0 0 0 0 0 0 0 0 0 0 10 12 6 18 20 10 23 0 6 60 19 0 10 11 7 30 17 8 12 1 0 0 0 0 0 23 0 10 0 0 0 21 18 0 17 0 0 0 21 0 0 0 0 0 0 0 0 5 0 0 1 0 0 0 0 15 0 0 0 6 0 0 0 0 0 3 0 2 3 0 23 0 0 4 5 0 0 10 0 0 23 39 18 0 31 11 0 0 8 21 29 0 0 21 10 40 28 0 1 9 0 0 0 0 0 24 18 15 0 1 0 8 0 11 8 0 0 12 8 0 0 0 0 0 0 16 0 0 0 0 0 0 0 0 0 0 0 0 0 0 0 0 0 0 0 0 0 0 0 0 0 0 0 21 0 0 82 0 2 2 10 0 0 0 0 0 0 0 0 0 2 0 0 0 0 0 0 0 0 0 0 0 0 0 3 0 0 0 3 
 0 0 0 0 75 0 0 0 2 21 0 121 0 1 0 0 0 0 0 0 32 360 137 83 266 152 633 260 135 313 0 215 30 315 486 239 189 195 198 84 0 0 0 0 0 0 0 0 0 1 0 0 0 0 0 0 1 0 63 2 3 2 2 0 2 0 0 3 3 2 0 0 0 0 0 0 0 3 0 1 0 0 0 7 0 0 0 0 0 0 0 0 0 0 0 0 0 0 0 0 0 12 22 1 10 57 20 0 6 0 63 7 0 11 11 8 54 0 2 9 0 0 0 39 0 0 10 13 0 0 0 0 10 0 11 0 1 0 0 19 0 0 0 0 0 0 0 0 5 0 0 0 0 0 0 0 0 0 0 0 14 0 0 0 0 11 0 0 5 6 0 0 0 0 14 6 0 0 0 0 14 29 4 12 8 10 11 0 0 9 10 69 12 10 0 12 20 11 0 7 2 0 7 0 0 0 26 0 0 0 0 0 27 0 0 0 0 0 10 11 0 0 0 0 0 0 0 0 0 0 0 0 0 0 0 0 0 0 0 2 0 13 0 0 0 0 0 0 0 0 0 0 0 0 11 0 2 78 3 0 0 10 0 0 0 0 7 0 0 0 0 0 0 0 0 0 0 0 0 0 0 0 0 0 0 0 8 0 0 0 
 0 0 0 0 2 0 0 0 0 0 0 1 0 0 1 0 2 0 0 0 48 72 81 295 154 69 254 161 175 115 215 0 56 136 272 100 177 120 121 31 0 3 6 0 4 0 31 20 0 2 0 0 65 18 0 0 1 0 0 2 4 2 2 0 1 0 0 3 3 3 0 0 0 0 0 0 0 3 0 2 0 0 0 0 0 0 0 1 1 0 0 0 0 0 0 0 0 0 0 2 0 15 31 28 1 16 0 10 9 4 4 8 1 0 13 34 15 16 0 0 0 9 0 0 0 0 21 12 0 0 0 2 6 12 0 0 0 0 41 20 0 0 0 0 0 0 0 5 5 0 0 0 0 0 0 0 0 0 0 0 0 0 0 0 3 6 0 0 0 0 0 0 0 0 0 0 0 0 0 0 51 26 35 22 0 27 13 49 13 0 0 27 0 3 12 28 17 36 0 0 13 24 0 0 0 0 20 18 0 0 0 0 20 2 8 0 44 0 9 14 0 0 0 0 0 0 0 0 0 0 0 7 0 0 0 0 0 0 0 0 0 0 0 0 0 0 0 0 0 0 0 0 0 0 8 0 3 85 83 5 1 13 0 0 0 0 12 0 0 0 0 0 0 0 0 0 1 0 0 0 0 0 0 0 0 0 8 0 0 0 
 0 0 28 2 3 184 202 0 0 78 174 24 0 0 0 76 0 0 0 0 332 128 540 307 84 36 303 203 200 86 30 56 0 98 124 61 18 100 299 119 0 0 0 0 0 26 0 0 0 1 3 0 0 0 0 0 2 0 4 2 2 2 2 0 0 0 0 3 7 2 0 0 4 0 0 0 0 3 0 0 0 0 9 0 1 0 0 0 24 0 17 28 0 0 0 0 0 0 0 0 26 77 46 31 0 0 24 28 36 9 19 6 16 32 10 22 7 36 27 12 0 15 0 0 0 0 0 0 0 0 0 0 0 0 0 0 0 0 0 0 0 0 0 0 2 0 0 0 0 0 0 0 26 2 11 0 0 0 0 0 4 0 0 10 5 4 0 0 0 9 19 20 0 0 1 3 1 0 0 0 13 24 12 3 0 0 26 23 9 26 7 0 28 1 34 16 0 11 15 9 0 0 0 0 0 0 0 0 0 0 0 0 0 0 20 0 0 0 9 0 0 0 0 0 0 0 0 0 0 0 0 0 0 0 2 0 0 0 0 0 0 0 0 0 0 0 0 0 0 0 0 0 2 0 7 2 2 0 0 3 1 0 12 0 0 0 0 0 0 2 0 0 0 1 0 0 0 0 0 13 0 9 0 0 0 12 0 0 0 0 
 3 0 0 0 1 1 2 0 0 1 2 0 1 2 102 0 0 0 4 0 159 167 76 129 284 73 385 344 182 225 315 136 98 0 400 258 343 104 111 193 0 0 0 0 0 0 0 0 1 0 12 1 0 0 0 0 1 6 0 2 3 2 2 0 0 0 0 3 3 2 0 0 0 0 0 0 0 7 0 1 0 0 3 0 0 2 0 0 0 0 0 0 0 0 0 0 0 0 1 0 0 18 17 10 29 27 32 0 16 13 33 0 8 11 1 10 51 0 0 13 0 0 0 0 0 0 1 0 0 0 0 0 32 0 0 0 0 0 0 10 0 0 0 0 0 0 0 0 11 0 0 0 0 0 0 0 0 0 0 0 0 0 0 31 2 11 0 0 4 0 0 0 0 0 1 0 0 0 0 0 12 40 11 77 0 38 1 11 8 23 1 28 31 25 37 30 15 13 0 9 0 0 0 0 0 0 13 0 0 0 0 0 14 0 0 0 0 0 11 11 0 0 0 0 0 3 0 0 0 0 0 0 0 9 0 0 0 0 0 0 0 0 0 0 0 0 0 0 0 0 0 0 0 2 14 2 0 86 75 0 3 0 0 0 0 0 0 0 0 0 0 0 0 0 0 0 0 0 0 0 0 0 0 0 0 1 0 0 0 0 
 0 0 0 0 76 167 0 0 0 1 0 72 0 0 0 0 2 0 0 1 135 244 199 387 74 54 141 140 266 110 486 272 124 400 0 172 67 64 354 151 0 97 0 0 0 0 18 0 0 0 0 0 0 0 0 0 2 0 0 3 2 2 2 0 0 0 0 3 3 2 0 0 0 0 0 0 0 3 0 0 0 0 0 13 1 39 0 0 0 0 0 11 0 0 0 0 0 0 0 0 7 10 0 0 0 0 29 36 37 0 1 0 21 10 24 0 14 50 42 12 14 0 0 0 0 0 0 0 0 0 12 22 0 0 0 0 0 0 0 0 0 0 0 0 0 0 0 0 0 0 0 0 0 22 0 0 0 0 0 0 4 0 0 14 1 32 3 0 0 3 0 0 0 0 3 2 0 0 0 0 42 25 41 0 0 0 114 12 1 0 7 0 18 39 26 2 0 13 22 23 0 0 0 0 0 0 0 0 0 0 0 0 0 0 0 0 0 0 1 0 0 0 0 0 0 0 0 0 0 0 0 0 0 0 0 0 0 0 0 0 0 13 0 0 0 1 14 0 0 0 1 0 0 0 4 0 2 0 0 0 2 0 0 0 0 0 0 0 0 0 0 0 0 0 0 0 0 0 0 4 0 9 0 0 0 0 0 0 0 0 
 8 109 2 2 2 3 2 2 2 2 76 2 2 4 2 2 5 2 2 2 117 91 123 128 86 66 180 82 131 151 239 100 61 258 172 0 80 356 105 91 0 1 4 0 0 7 0 0 0 0 0 0 0 0 0 2 1 0 22 2 3 2 2 0 0 0 0 3 3 3 1 0 0 0 0 0 0 3 49 2 0 0 12 0 1 0 1 0 0 0 0 0 0 0 0 0 0 0 0 0 0 73 0 18 13 59 12 15 12 7 46 2 94 11 20 1 12 16 0 0 1 0 0 0 0 0 0 0 0 0 0 0 13 0 0 0 0 0 0 19 0 0 0 0 0 0 0 0 4 0 0 0 0 0 0 0 0 0 0 0 5 0 0 9 0 0 6 0 0 0 0 0 0 0 11 0 0 0 0 0 0 21 47 47 12 11 2 0 13 10 10 7 0 8 65 39 0 4 51 10 2 0 0 0 0 0 0 0 0 0 0 0 0 1 0 0 0 0 10 12 0 0 0 0 0 0 0 0 0 0 0 0 0 0 0 0 0 0 0 0 0 0 0 0 0 0 0 0 0 0 0 0 0 0 17 0 3 43 1 0 2 1 0 0 0 0 0 0 0 0 0 0 0 0 0 0 0 0 0 0 0 0 0 0 0 0 0 0 0 0 
 5 1 0 0 0 2 2 0 0 0 2 0 1 3 0 0 3 0 2 0 38 209 71 121 131 91 42 74 70 183 189 177 18 343 67 80 0 146 39 36 0 0 1 0 3 65 0 9 3 7 62 0 27 3 0 7 0 5 0 5 7 5 3 0 0 3 0 4 7 3 5 3 3 2 0 13 3 6 1 6 0 0 0 1 0 0 0 0 1 0 0 0 0 7 0 0 0 0 0 0 2 9 26 0 40 13 0 0 10 9 12 49 0 0 0 26 17 14 0 2 19 0 0 0 0 0 25 0 9 1 0 2 8 34 0 28 0 0 22 19 0 0 0 0 0 0 0 0 4 1 0 0 0 0 0 0 0 0 0 0 0 1 0 0 6 4 0 0 0 0 0 0 0 0 0 0 0 0 0 0 18 0 25 0 18 20 0 17 9 11 8 14 2 0 3 43 38 22 0 0 11 25 0 0 0 0 12 20 12 0 0 0 8 0 10 10 0 0 30 11 0 0 0 0 0 0 1 0 0 0 0 0 0 0 0 0 0 0 0 0 0 0 1 0 0 2 0 0 0 0 0 0 0 0 2 2 0 1 80 1 1 10 0 0 0 0 0 0 0 0 0 0 0 0 0 0 0 0 0 0 0 0 0 0 0 0 0 0 0 0 
 2 2 0 1 0 0 3 1 0 2 0 0 0 3 17 1 0 1 1 1 67 36 55 266 200 65 47 249 113 194 195 120 100 104 64 356 146 0 137 318 0 0 0 26 0 0 0 0 0 1 0 0 2 0 0 0 1 0 0 4 5 2 2 0 1 0 4 5 3 2 0 0 0 2 1 0 0 3 2 4 0 0 0 0 0 0 0 0 0 0 0 0 0 0 0 0 0 0 0 0 0 13 0 20 11 61 0 21 21 0 13 12 0 0 10 12 13 0 0 0 0 0 0 0 0 0 0 0 0 0 0 0 39 0 15 0 0 0 0 27 0 25 0 0 0 0 0 0 5 0 0 0 0 0 0 0 0 0 0 0 0 0 0 0 1 5 0 4 0 0 12 0 0 0 0 0 0 0 0 0 13 16 11 31 3 24 22 0 11 0 0 73 0 0 85 71 11 23 0 0 0 0 0 0 0 0 42 0 0 0 0 0 35 18 1 3 2 0 6 11 0 0 0 0 0 0 0 0 0 0 0 0 0 0 0 0 0 12 0 0 0 0 0 0 0 2 0 0 0 0 0 0 0 0 8 0 3 8 0 0 14 3 0 0 0 0 24 0 0 0 0 0 0 0 0 0 0 0 0 0 0 0 0 0 0 19 11 0 0 0 
 0 0 0 1 48 107 0 0 1 22 73 38 0 1 0 1 3 1 2 0 52 124 203 464 65 41 151 294 154 161 198 121 299 111 354 105 39 137 0 177 0 0 0 0 0 0 27 0 0 0 0 0 62 0 0 0 2 0 61 2 2 2 2 0 0 0 0 3 3 2 0 0 0 0 0 0 0 3 0 0 0 0 0 0 6 4 0 0 16 0 0 18 0 0 0 0 0 0 0 0 0 0 9 19 0 0 72 21 48 0 19 0 83 10 15 0 40 12 23 37 0 0 0 0 0 0 0 0 0 0 0 0 0 0 0 0 0 0 0 1 0 0 0 0 0 0 0 0 0 0 0 0 0 0 0 0 0 0 0 0 3 0 0 0 15 5 0 0 11 10 25 0 0 0 0 23 0 0 0 0 45 14 0 12 0 0 78 15 11 14 0 12 6 2 73 8 0 4 21 0 0 0 0 0 0 0 0 0 0 0 0 0 2 0 14 0 0 0 0 0 0 0 0 0 0 0 0 0 0 0 0 0 0 0 0 0 0 0 0 0 0 10 0 0 0 2 79 0 0 0 4 0 0 0 2 0 0 0 0 1 2 2 0 0 0 0 6 0 0 0 0 0 0 0 0 0 0 0 0 0 0 0 0 0 0 0 2 0 0 0 
 0 0 1 0 0 154 0 0 1 154 60 60 0 0 0 78 0 0 0 0 108 141 56 360 112 52 169 65 153 99 84 31 119 193 151 91 36 318 177 0 0 2 0 0 0 0 0 0 4 0 1 0 0 2 0 0 0 0 0 2 3 2 2 0 0 0 50 2 3 3 2 0 3 0 0 0 0 3 0 3 0 0 0 13 0 0 0 0 12 0 26 0 0 0 0 0 0 0 0 0 21 28 8 10 0 27 0 40 1 13 26 10 19 4 12 18 0 0 0 0 0 0 0 0 0 0 0 1 0 0 0 0 1 0 0 0 0 0 0 1 0 0 0 0 0 0 0 0 8 0 1 0 0 0 0 0 0 0 0 0 0 0 0 10 0 15 0 1 0 0 0 15 0 0 0 0 0 0 0 0 0 1 0 20 0 0 18 23 44 18 0 0 16 12 55 15 16 13 0 1 0 0 0 0 0 0 0 0 0 0 0 0 1 0 0 0 13 0 0 0 0 0 0 0 0 0 0 0 0 0 0 0 0 0 0 0 0 0 0 0 0 0 0 0 0 0 0 0 0 0 0 1 0 0 12 2 1 0 0 1 1 3 0 0 0 0 0 0 0 7 0 0 0 0 0 0 0 0 0 1 0 10 0 0 0 0 0 0 0 16 
 3 0 0 2 0 0 0 0 0 27 0 0 53 0 0 0 0 0 0 0 0 0 0 0 7 65 3 0 2 0 0 0 0 0 0 0 0 0 0 0 0 85 66 147 24 23 166 306 271 252 24 31 199 64 58 63 316 32 42 214 0 0 3 2 0 3 0 0 0 3 0 0 0 0 0 0 1 4 7 6 0 0 0 0 0 0 0 0 0 0 0 0 0 0 0 0 0 0 0 0 0 0 0 0 19 0 0 0 0 13 0 0 26 0 0 0 0 0 0 0 0 21 2 0 16 3 0 47 29 10 29 7 16 0 1 31 26 0 13 0 0 0 0 0 0 0 20 0 0 0 0 0 0 0 1 0 0 0 21 17 0 0 0 0 0 0 0 0 0 0 0 0 0 0 0 0 5 0 0 0 0 0 1 0 30 13 0 0 0 0 12 0 0 0 0 0 0 0 0 0 0 0 1 11 11 1 12 0 34 26 18 35 0 28 16 45 22 14 19 13 1 0 0 0 0 0 0 0 0 0 0 0 0 0 0 0 0 0 0 0 0 0 0 0 0 0 0 0 0 27 0 17 0 1 0 0 0 0 0 0 0 0 0 0 67 2 0 70 0 0 0 0 0 8 0 0 0 0 0 0 0 0 0 0 15 0 0 10 0 0 
 3 3 3 3 3 3 3 3 3 3 3 3 2 3 3 3 3 3 2 3 2 0 0 7 0 7 3 0 4 0 0 3 0 0 97 1 0 0 0 2 85 0 186 194 92 261 83 186 80 150 45 215 64 544 128 62 122 98 42 126 13 0 0 4 0 3 0 0 0 0 2 2 0 3 0 1 0 0 0 23 0 0 0 0 0 0 0 0 0 0 0 0 0 0 0 0 0 0 0 0 0 4 0 6 13 3 0 2 0 0 0 7 0 0 8 7 19 0 0 0 10 7 5 48 17 8 15 1 9 22 9 10 0 10 0 45 27 11 0 0 0 0 0 0 0 0 3 0 0 0 0 0 0 10 1 12 0 0 0 26 0 0 0 0 0 0 0 0 0 15 0 0 0 0 0 0 0 0 0 0 0 0 0 1 1 6 0 0 3 0 0 0 0 0 3 0 0 4 0 0 8 24 26 45 10 10 0 0 11 8 13 0 0 35 8 0 12 11 23 11 0 0 0 0 0 0 11 0 0 0 0 0 9 0 0 0 8 0 17 0 0 0 0 0 0 0 0 0 0 0 0 8 0 1 0 0 0 0 0 0 0 0 0 0 2 1 0 0 2 0 0 0 0 0 0 0 0 0 0 0 0 2 0 0 11 10 0 12 0 0 
 0 0 0 0 0 0 0 0 0 0 0 0 0 0 0 0 0 1 6 3 0 4 0 2 0 5 0 0 52 1 0 6 0 0 0 4 1 0 0 0 66 186 0 124 128 34 285 212 78 149 34 122 52 64 129 119 126 266 50 48 59 0 2 0 0 0 59 0 0 0 0 0 4 7 0 0 0 0 51 70 0 0 0 0 0 0 0 0 0 0 0 0 0 0 0 0 0 0 0 0 0 5 0 12 0 8 0 0 0 0 0 5 0 6 3 3 0 4 0 0 0 0 8 11 19 39 0 0 0 7 18 10 0 0 0 0 1 10 0 5 14 3 11 0 0 0 1 0 0 0 0 0 9 0 23 0 0 0 1 22 0 0 0 0 19 0 0 0 0 0 0 0 0 0 0 0 0 0 0 0 0 0 7 7 0 0 0 0 0 0 0 0 0 0 0 2 0 4 0 0 0 9 7 0 8 47 0 0 14 0 24 17 0 0 0 10 0 9 5 0 33 0 0 0 0 0 11 0 0 18 0 0 0 27 28 5 11 0 39 54 0 0 0 0 0 0 0 0 0 0 0 2 0 1 0 0 0 0 0 14 0 0 1 65 1 16 0 0 0 0 8 0 0 0 0 0 0 0 0 0 0 0 0 0 0 14 0 15 0 0 
 0 0 0 3 0 0 0 0 0 0 0 0 0 0 0 0 0 0 2 3 0 0 0 0 0 211 0 0 5 1 0 0 0 0 0 0 0 26 0 0 147 194 124 0 205 105 92 157 148 232 385 101 62 195 123 201 46 133 113 315 3 0 0 3 1 0 0 51 0 0 0 1 0 0 0 0 0 0 0 0 0 0 0 0 0 0 0 4 0 0 0 0 0 0 0 0 0 0 0 0 0 0 0 0 0 0 0 0 0 0 0 0 0 0 0 0 0 0 0 0 0 1 47 0 36 0 0 0 10 0 12 24 0 0 0 13 1 3 0 0 0 13 0 0 0 0 30 9 0 0 7 0 0 0 6 0 0 0 0 11 0 0 0 0 0 0 0 0 0 0 0 0 0 0 0 0 0 0 0 0 0 24 0 0 0 0 0 0 0 0 0 0 0 0 0 0 0 0 0 0 14 17 0 20 14 14 0 30 1 15 32 0 0 0 1 1 0 1 0 0 0 0 0 0 4 0 0 3 0 0 0 3 41 8 8 9 0 0 3 0 0 0 0 0 0 0 0 0 0 0 0 8 0 0 0 0 0 0 0 2 0 13 17 0 1 2 0 0 0 0 0 0 0 0 0 5 0 0 0 0 0 0 0 0 21 0 0 7 0 0 
 5 0 0 0 1 0 0 0 0 0 0 0 0 0 0 0 0 0 7 0 3 0 0 0 0 0 0 0 0 0 0 4 0 0 0 0 3 0 0 0 24 92 128 205 0 108 42 45 81 313 71 77 47 97 77 89 107 80 47 154 5 50 0 6 0 0 0 0 2 55 0 0 0 4 52 0 0 1 0 5 0 0 0 0 0 0 0 0 0 0 0 0 0 0 0 0 0 0 0 0 0 0 0 0 0 0 0 11 0 0 0 0 0 0 0 0 0 0 0 0 0 0 12 14 8 27 0 0 19 0 22 10 0 0 0 1 1 0 0 0 5 1 0 22 0 0 13 0 21 0 0 0 0 37 0 0 0 0 9 15 0 6 0 0 0 0 0 0 0 0 33 0 0 0 11 0 0 0 0 0 0 0 0 0 0 0 0 0 0 0 0 0 0 0 0 0 0 0 0 0 0 11 1 7 9 10 0 11 0 1 15 10 0 38 0 17 0 8 0 0 0 0 17 0 0 0 25 13 0 0 10 0 0 10 10 0 9 0 9 36 0 0 0 0 0 0 0 0 0 0 0 12 0 0 0 0 0 0 0 1 0 0 63 2 65 9 2 0 0 0 0 0 0 0 0 0 0 0 0 0 0 0 0 0 11 6 0 39 2 0 
 0 10 2 10 2 0 1 67 1 27 0 5 3 0 0 2 1 3 7 10 0 0 0 0 0 0 0 0 0 2 0 0 26 0 0 7 65 0 0 0 23 261 34 105 108 0 37 30 46 56 84 80 26 268 35 84 65 64 64 65 51 66 0 20 0 0 53 198 0 48 0 2 133 8 19 50 0 53 72 103 0 8 0 10 0 0 8 0 0 5 0 0 15 0 0 3 12 8 0 4 0 0 0 0 0 0 0 0 0 0 0 0 0 0 0 0 0 0 0 0 0 0 0 0 0 0 0 0 0 0 0 8 0 0 0 0 0 0 0 0 3 25 0 29 0 0 18 2 9 15 38 19 10 11 1 14 1 8 0 0 0 0 0 0 0 0 6 8 8 1 3 3 0 10 2 1 10 0 0 0 0 0 0 0 0 0 0 0 0 0 0 0 0 0 0 0 0 0 0 0 0 0 0 0 0 0 0 0 1 0 0 0 0 0 9 0 0 0 0 0 13 15 25 13 7 0 58 17 1 21 35 0 26 14 0 3 20 0 1 23 23 0 0 0 0 0 0 0 0 0 0 13 0 0 0 0 0 0 0 1 0 0 0 0 0 0 1 0 1 0 6 0 1 1 0 0 0 0 0 0 0 0 0 0 0 0 0 0 0 0 
 66 0 0 0 8 38 0 2 0 6 0 0 0 0 0 0 32 0 0 0 4 0 0 0 0 61 8 3 0 0 0 31 0 0 18 0 0 0 27 0 166 83 285 92 42 37 0 114 46 20 35 40 212 224 37 46 255 115 130 140 0 0 0 0 0 0 0 0 0 0 0 0 0 0 0 0 0 3 8 2 0 0 0 0 0 0 0 0 0 0 0 0 0 0 0 0 0 0 0 0 1 0 3 0 0 0 1 0 7 14 4 1 4 3 0 1 15 0 0 0 7 23 0 4 0 23 15 34 11 19 14 10 0 16 18 0 10 11 6 0 0 0 2 0 0 0 0 2 0 0 0 0 0 0 0 0 0 0 0 0 0 0 0 4 0 0 0 0 0 0 0 0 0 0 0 0 0 0 0 0 7 13 0 0 19 0 11 0 0 0 23 0 0 0 0 0 0 1 0 0 1 35 0 15 0 0 9 19 18 15 0 0 0 19 22 0 5 12 0 0 0 0 0 0 22 0 0 0 0 0 0 0 0 0 0 0 0 0 0 0 0 5 0 0 0 0 10 0 0 0 0 10 0 0 10 0 0 0 1 1 0 1 0 0 0 3 0 0 0 0 0 0 0 0 0 0 0 0 0 0 0 0 0 0 0 0 0 0 0 0 
 3 3 3 3 3 3 4 3 3 3 3 3 4 68 3 3 5 3 3 3 62 0 0 0 7 4 2 0 0 0 0 20 0 0 0 0 9 0 0 0 306 186 212 157 45 30 114 0 285 532 527 105 163 187 126 255 183 36 53 65 5 0 19 1 0 3 0 0 0 1 2 2 0 0 0 2 0 0 19 2 0 0 0 0 0 0 0 0 0 0 0 0 0 0 0 0 0 0 0 21 0 0 0 0 0 0 10 0 0 0 0 0 0 0 0 0 0 1 0 0 0 31 0 15 10 16 2 36 25 17 10 4 4 9 0 3 9 17 0 0 3 0 0 0 0 0 0 0 0 0 0 0 3 0 0 0 0 0 1 4 0 0 0 0 0 0 0 0 0 0 0 0 0 0 0 0 0 0 0 0 0 0 0 0 0 4 0 0 0 0 0 8 0 0 0 0 0 0 0 0 1 41 27 28 31 0 2 12 8 22 16 19 2 8 11 29 8 23 0 9 0 0 0 0 0 0 0 0 1 0 0 0 17 0 0 0 0 0 1 0 0 0 2 0 0 0 0 0 0 0 0 0 0 2 0 0 0 0 0 0 0 0 2 0 0 1 2 66 2 0 8 0 0 0 0 0 0 0 0 0 0 0 4 0 0 0 0 0 0 0 
 7 3 2 4 2 2 5 2 2 2 4 2 2 2 2 4 5 2 4 2 5 0 0 4 0 1 3 0 3 0 0 0 0 1 0 0 3 0 0 4 271 80 78 148 81 46 46 285 0 391 262 46 280 146 305 121 251 43 47 149 1 0 5 0 0 0 0 0 0 12 0 0 0 0 0 0 0 0 4 0 0 0 0 0 0 0 0 0 0 12 0 0 0 0 0 0 0 0 0 0 0 0 0 1 0 0 0 2 0 4 0 6 0 0 7 6 0 0 0 0 0 6 9 8 38 22 0 9 15 10 12 0 0 0 0 1 0 2 6 0 0 0 0 0 0 0 9 0 0 0 0 0 15 0 7 1 0 0 18 29 0 0 0 0 0 1 16 0 0 0 0 0 0 0 0 0 0 0 0 0 0 1 0 0 0 0 0 7 9 6 0 0 1 1 9 0 7 2 0 5 0 0 4 14 8 0 9 0 0 63 18 47 0 0 0 10 0 7 0 14 23 15 0 0 0 0 0 0 10 0 0 0 8 15 10 11 0 0 21 0 0 0 0 0 0 0 0 0 0 0 0 7 0 2 0 0 0 0 0 14 0 0 0 65 62 21 0 63 0 0 0 0 0 0 0 0 0 0 0 0 0 8 0 0 20 0 0 18 0 0 
 0 62 0 0 0 0 1 1 0 0 0 0 63 73 0 31 0 0 65 0 1 0 0 3 2 2 0 0 0 0 1 2 1 0 0 0 7 1 0 0 252 150 149 232 313 56 20 532 391 0 92 132 83 182 326 376 322 109 255 305 2 0 0 1 2 0 4 2 0 1 0 0 0 19 0 0 0 2 2 4 0 1 0 0 0 0 0 19 0 0 0 0 19 7 0 0 15 31 20 0 24 0 0 0 0 0 0 0 0 0 0 0 0 0 0 0 0 0 0 0 6 53 41 20 5 9 1 0 0 13 14 10 0 0 0 0 72 5 0 0 5 6 0 0 0 0 4 0 0 0 9 0 3 0 2 0 0 0 9 10 14 1 21 0 0 0 1 4 0 0 0 0 1 0 0 0 0 8 13 36 0 0 0 0 0 0 0 0 0 0 0 0 0 0 0 0 0 0 0 0 0 22 12 3 16 32 0 18 0 0 25 0 0 0 0 8 8 0 0 1 2 0 0 0 7 0 0 0 0 0 0 0 29 20 10 0 16 0 16 0 0 0 0 0 0 0 0 0 1 0 0 6 1 1 0 0 0 0 0 0 0 0 65 1 0 2 0 1 2 0 1 0 0 0 0 0 0 0 0 0 0 4 1 0 5 25 0 0 5 0 
 16 0 5 0 0 0 0 0 3 0 10 33 0 0 2 0 0 1 0 0 0 63 0 0 0 3 3 0 0 26 0 0 3 12 0 0 62 0 0 1 24 45 34 385 71 84 35 527 262 92 0 122 34 30 137 83 296 422 56 134 0 51 0 4 0 0 56 59 0 0 0 0 0 0 46 0 2 0 0 21 1 0 5 21 3 2 0 0 0 0 25 0 0 4 0 0 1 0 0 0 0 0 0 0 0 0 0 0 0 0 0 0 0 0 0 0 0 0 3 0 0 0 4 8 16 7 0 1 0 0 9 0 0 0 0 7 9 24 0 1 0 0 0 0 0 0 0 0 21 0 0 0 0 29 0 40 0 7 0 29 0 0 0 0 28 0 0 0 0 0 3 15 0 0 0 0 0 3 0 0 0 0 0 0 0 0 0 0 0 0 0 0 0 0 0 0 0 0 3 2 17 0 24 0 11 7 0 0 0 13 1 9 0 28 0 0 1 8 0 0 0 0 5 0 0 0 38 0 0 0 0 0 0 32 35 44 0 0 7 0 0 0 10 0 0 0 0 0 0 2 0 3 0 0 0 0 0 0 1 2 0 22 10 64 1 0 0 4 2 0 20 0 0 0 0 0 0 0 0 0 0 0 0 0 28 0 0 16 0 0 
 5 0 0 0 0 44 0 0 0 0 0 0 0 6 0 0 0 0 0 0 0 0 0 0 0 0 0 0 0 0 0 0 0 1 0 0 0 0 0 0 31 215 122 101 77 80 40 105 46 132 122 0 34 62 76 261 165 276 32 38 12 0 0 7 0 0 4 53 0 0 0 0 56 10 0 53 10 0 36 6 0 0 0 0 0 0 0 0 0 0 0 0 0 0 0 0 0 0 0 0 0 0 0 0 0 0 0 0 0 0 0 0 0 0 14 0 0 0 0 0 0 8 26 28 18 18 0 0 0 11 16 9 0 0 0 0 9 9 0 0 16 16 40 6 0 0 0 4 11 1 0 9 21 26 3 0 0 0 7 25 0 0 0 0 0 0 0 0 0 0 0 0 0 0 0 0 0 0 0 0 0 0 0 0 0 0 0 0 0 0 0 0 0 0 0 0 0 0 0 0 0 26 27 19 32 6 0 11 0 0 23 9 0 14 0 7 0 29 0 0 12 9 8 0 0 0 26 20 0 4 0 0 18 10 12 0 9 0 10 38 0 0 0 0 0 0 0 0 0 0 0 15 1 0 0 0 0 0 0 0 0 0 63 2 2 10 4 0 0 0 8 0 0 0 0 0 0 0 0 0 0 0 0 0 0 0 0 0 0 0 
 3 3 3 3 3 3 3 3 3 3 3 3 3 3 3 38 3 4 4 3 0 0 0 0 87 64 0 0 0 36 0 65 0 0 0 0 27 2 62 0 199 64 52 62 47 26 212 163 280 83 34 34 0 210 323 37 31 50 72 177 2 0 0 0 0 0 1 0 0 4 0 0 0 0 0 7 0 3 0 3 0 0 0 0 0 0 0 0 0 0 0 0 0 0 0 0 0 0 0 0 0 0 0 1 32 0 0 0 0 22 11 19 0 0 0 0 0 0 0 0 0 11 0 18 0 0 3 19 9 1 0 0 9 40 21 36 0 6 4 23 0 4 0 0 0 0 14 2 0 0 0 0 0 0 0 0 0 0 0 0 0 2 0 0 0 0 0 2 0 0 0 0 0 0 0 0 6 0 0 0 0 0 0 36 30 14 0 0 0 13 19 0 0 0 0 0 16 0 0 0 8 15 0 0 0 0 13 16 11 0 3 0 0 20 41 25 28 0 21 0 0 0 0 0 0 0 0 0 0 0 0 0 0 1 0 0 0 0 8 0 0 0 0 0 0 0 0 0 0 2 0 3 0 1 0 0 0 1 0 0 0 0 0 0 0 0 1 0 0 0 0 0 0 0 0 0 0 0 0 0 0 0 0 9 4 0 0 1 0 0 
 3 3 2 2 2 3 3 2 3 3 3 3 2 3 3 2 5 3 2 3 0 27 0 150 0 0 3 0 0 4 0 18 0 0 0 0 3 0 0 2 64 544 64 195 97 268 224 187 146 182 30 62 210 0 198 348 47 33 282 103 2 0 4 6 0 0 0 0 5 0 0 2 26 0 0 0 4 5 10 0 0 0 2 0 0 0 0 0 0 0 0 0 0 0 0 0 0 0 0 0 0 0 0 0 21 0 3 0 0 0 53 0 0 0 0 0 0 0 0 0 6 22 0 1 0 34 42 19 9 1 0 0 0 25 12 11 24 1 1 0 0 0 0 0 0 0 1 0 0 0 0 0 0 0 1 0 0 0 0 0 0 0 0 0 0 0 0 0 0 0 0 0 0 0 0 0 0 0 0 0 0 0 0 0 19 23 0 0 0 3 12 0 0 0 0 0 0 0 0 0 10 16 0 17 0 0 0 26 50 0 11 0 0 19 20 0 20 0 29 0 0 0 0 0 10 0 0 0 0 0 0 6 4 0 0 0 0 0 0 0 0 0 0 0 0 0 0 0 0 0 0 25 0 2 0 0 0 0 0 0 0 0 0 0 2 2 4 0 2 0 0 0 0 0 0 5 0 0 0 0 0 0 0 0 0 0 0 0 0 0 
 5 3 3 3 3 3 3 3 3 3 3 3 3 10 3 3 3 3 5 3 0 0 0 0 11 63 0 0 0 2 0 0 0 0 0 0 0 0 0 0 58 128 129 123 77 35 37 126 305 326 137 76 323 198 0 112 348 169 78 252 2 0 0 3 0 0 4 0 7 3 0 2 4 3 0 5 0 8 46 5 0 0 0 0 0 0 0 0 0 0 0 0 0 0 0 0 0 0 0 0 0 0 0 0 0 0 0 0 0 0 0 0 0 0 0 0 0 0 0 0 0 0 7 18 46 16 0 0 12 0 27 0 6 0 2 21 9 16 0 0 9 0 0 0 8 0 12 0 0 0 0 0 12 8 0 10 0 0 0 32 0 0 0 0 0 0 0 0 0 0 0 0 0 0 0 0 6 0 0 0 0 0 0 2 31 0 0 0 0 0 0 0 0 0 0 0 0 0 0 0 9 0 11 4 11 0 1 0 0 18 21 0 0 18 15 23 15 12 0 0 8 0 0 0 2 0 7 0 2 0 0 6 8 0 0 0 0 18 38 0 0 0 0 0 0 0 0 0 0 0 0 13 0 0 0 0 0 0 0 0 0 0 0 0 1 2 0 0 2 0 5 0 41 0 0 0 0 0 0 0 0 0 0 0 14 0 0 11 0 0 
 0 0 0 0 0 0 0 0 0 0 0 0 0 0 0 0 0 0 0 0 0 2 14 0 0 4 0 0 0 0 0 0 0 0 0 2 7 0 0 0 63 62 119 201 89 84 46 255 121 376 83 261 37 348 112 0 163 262 69 88 66 0 0 0 0 0 51 0 0 0 0 0 0 0 0 2 0 13 7 23 0 0 6 0 0 0 0 0 0 0 0 0 0 0 0 0 0 0 0 0 0 0 0 0 11 0 0 0 0 0 0 0 0 0 0 0 0 3 0 0 38 16 44 0 14 18 30 0 16 38 1 6 0 13 54 1 1 0 17 3 20 0 16 0 0 0 1 0 0 0 0 0 10 0 22 0 0 0 14 23 0 0 0 0 0 0 0 0 0 0 0 0 7 0 11 0 0 0 0 0 0 16 0 0 4 2 0 0 0 0 10 7 0 0 0 0 0 0 0 0 0 26 2 14 13 50 14 19 5 0 1 11 3 0 1 0 1 0 1 9 32 0 0 0 0 0 4 4 0 3 0 0 1 23 17 0 0 0 18 33 0 0 7 0 0 0 0 0 0 0 0 7 0 2 0 0 0 0 7 9 0 0 68 64 1 11 2 0 1 0 1 0 0 0 0 0 0 0 0 0 0 4 0 0 0 0 0 0 0 0 
 0 3 0 2 0 0 0 0 32 0 0 0 0 0 0 0 0 0 0 0 0 1 1 0 0 1 2 62 2 1 1 1 2 1 2 1 0 1 2 0 316 122 126 46 107 65 255 183 251 322 296 165 31 47 348 163 0 120 51 59 5 0 0 4 0 0 4 14 0 0 0 0 0 9 0 0 0 0 58 7 0 0 21 0 0 0 0 0 0 0 0 0 0 0 0 0 0 0 0 0 0 0 0 0 0 0 0 0 0 0 0 0 0 0 0 0 0 0 0 0 0 0 0 55 31 16 0 0 9 10 21 0 0 0 0 0 14 15 0 0 15 33 0 0 0 0 16 0 11 5 10 0 15 9 23 21 0 0 26 41 0 0 0 0 0 0 0 0 0 0 0 0 0 0 0 0 0 0 0 7 0 0 0 0 0 0 0 0 0 0 0 0 0 0 0 0 0 37 0 0 0 1 31 40 32 18 0 0 0 17 23 14 0 19 0 38 0 21 0 0 36 15 5 0 0 0 9 0 17 0 0 0 4 25 6 20 0 0 15 4 0 0 0 0 0 0 0 0 0 0 0 3 0 1 0 0 0 0 2 20 0 0 1 32 9 8 0 0 1 0 28 0 0 0 0 0 0 0 0 0 0 0 0 0 8 0 0 0 0 0 
 3 3 1 1 1 3 2 4 5 2 3 2 0 3 3 1 2 2 0 2 0 0 0 1 0 67 3 33 67 3 0 0 0 6 0 0 5 0 0 0 32 98 266 133 80 64 115 36 43 109 422 276 50 33 169 262 120 0 121 243 2 0 0 0 0 0 0 4 0 0 0 0 0 7 0 0 10 0 18 0 0 0 1 0 0 0 0 0 0 0 0 0 0 0 0 0 0 0 0 0 0 0 0 0 0 0 0 0 0 0 0 0 0 0 0 0 0 0 0 0 11 1 9 19 25 6 0 7 0 0 9 25 0 1 0 10 0 29 0 11 5 22 0 0 0 0 19 0 0 0 0 0 30 0 0 11 0 0 0 1 0 0 0 0 0 0 0 0 0 0 0 0 0 0 0 0 0 0 0 0 0 0 0 0 0 0 0 0 0 0 0 0 0 0 1 0 0 8 0 0 18 1 8 0 0 20 0 22 6 9 14 0 0 4 0 6 0 30 0 0 0 0 1 0 0 13 0 0 1 8 0 0 7 4 7 0 12 0 43 0 0 0 0 0 0 0 0 0 0 0 0 9 0 0 0 0 0 0 0 0 0 12 0 0 2 3 0 0 0 0 8 5 0 0 0 0 0 0 0 0 0 0 0 0 0 22 0 1 0 0 
 63 0 9 0 0 0 0 0 0 0 19 0 0 62 2 0 0 0 0 0 0 0 0 2 22 141 0 0 65 0 63 0 4 0 0 22 0 0 61 0 42 42 50 113 47 64 130 53 47 255 56 32 72 282 78 69 51 121 0 58 0 0 0 0 4 0 0 0 0 0 0 0 0 0 0 0 0 0 0 0 0 0 18 0 4 2 0 0 1 0 4 0 0 5 0 0 0 0 0 0 0 0 0 12 16 0 0 0 0 8 0 0 0 0 0 0 20 3 4 0 41 0 25 0 0 0 10 9 23 7 14 20 21 13 22 1 0 10 19 8 0 0 0 0 0 0 1 0 0 0 0 0 0 0 8 0 0 0 0 0 0 0 0 0 8 0 0 0 0 0 3 51 0 0 0 0 0 4 0 0 0 0 0 22 15 1 0 0 0 13 4 0 0 0 0 3 6 0 5 0 2 0 3 0 13 17 2 19 8 53 0 0 4 0 0 0 1 24 1 8 0 0 0 0 0 0 0 4 0 0 0 0 0 0 0 0 0 0 0 0 0 0 0 0 0 0 0 0 0 0 0 14 0 2 0 0 0 64 2 0 0 0 81 0 0 2 1 0 0 0 0 0 0 0 0 1 0 0 0 0 0 0 0 0 0 0 0 0 0 0 
 0 0 0 0 0 0 0 0 0 0 0 0 0 0 0 0 0 0 0 0 2 2 2 2 64 3 2 2 2 4 2 2 2 2 3 2 5 4 2 2 214 126 48 315 154 65 140 65 149 305 134 38 177 103 252 88 59 243 58 0 2 0 4 5 0 0 0 0 4 6 0 0 0 0 1 0 0 0 1 3 0 0 0 0 0 0 0 0 0 0 0 0 0 0 0 0 0 0 0 0 0 0 0 0 26 0 0 0 0 0 0 0 0 0 0 0 0 0 0 0 0 6 18 0 5 0 0 13 9 10 11 0 2 8 11 46 21 0 8 0 0 0 0 0 0 0 5 0 0 0 0 0 0 0 1 0 0 0 13 36 0 0 0 0 0 0 0 0 0 0 0 0 0 0 10 0 8 0 0 0 0 0 0 0 34 7 0 0 0 0 14 0 0 0 0 0 0 0 0 0 0 0 0 27 0 0 27 0 22 32 29 11 0 20 14 15 39 1 25 7 0 0 0 0 4 0 0 0 0 0 0 2 0 0 0 0 0 17 2 0 0 0 0 0 0 0 0 0 0 0 0 11 0 0 0 0 0 0 64 0 0 0 0 0 2 2 1 65 0 0 0 0 0 0 0 6 0 0 0 0 0 0 0 0 13 0 0 13 0 0 
 0 0 0 0 0 0 0 0 0 0 0 0 0 0 33 0 0 0 12 0 3 2 3 4 3 7 2 4 3 3 3 4 2 3 2 3 7 5 2 3 0 13 59 3 5 51 0 5 1 2 0 12 2 2 2 66 5 2 0 2 0 362 94 119 60 34 153 196 51 35 96 42 114 166 45 248 27 65 100 172 13 0 0 0 0 0 0 0 0 0 0 0 0 0 0 0 0 0 0 0 0 0 0 0 0 0 0 0 0 0 0 0 0 0 0 0 0 0 0 0 0 0 0 9 6 19 0 0 7 0 6 9 0 0 10 0 7 1 0 0 5 0 4 1 0 0 1 7 28 19 19 1 7 19 10 0 5 1 9 8 0 0 0 0 0 0 0 0 0 0 0 0 0 0 0 0 0 14 0 0 0 0 0 0 0 0 0 0 0 0 6 0 0 0 0 0 0 0 0 0 0 0 3 0 9 1 0 0 11 0 0 0 0 6 0 0 0 0 0 0 13 3 6 3 0 0 65 13 0 9 0 0 29 0 18 0 20 0 3 13 20 0 1 0 0 0 0 0 0 0 0 0 0 0 6 0 0 0 0 0 0 0 0 0 0 0 23 0 0 0 2 0 0 13 0 0 0 0 0 0 0 0 0 0 1 1 0 12 0 0 
