 0 110 94 134 58 46 371 148 273 139 49 33 73 373 30 105 50 115 159 48 1 0 0 72 6 0 0 0 1 3 3 2 0 0 0 39 0 0 0 1 0 0 0 0 0 0 3 3 0 4 0 0 0 0 1 73 0 3 3 0 0 0 0 0 2 0 0 2 0 2 0 3 3 3 0 0 3 0 5 4 8 17 47 14 0 39 14 17 1 12 29 0 28 14 21 21 60 0 11 0 10 0 0 0 0 0 0 1 0 0 0 0 0 0 1 0 0 0 0 0 0 0 0 0 0 0 1 0 0 0 0 0 0 0 0 0 0 0 0 0 1 0 0 18 0 0 0 0 0 0 0 0 0 0 0 0 0 0 0 0 0 17 2 2 0 16 24 18 10 2 10 9 0 21 28 0 12 34 20 0 7 0 10 0 0 2 0 0 0 2 0 0 40 0 0 0 8 0 12 3 0 0 0 2 0 0 0 0 0 0 2 22 0 0 0 0 0 2 0 0 0 8 0 0 0 0 0 0 0 0 0 0 0 0 0 0 0 0 0 0 0 16 0 0 0 2 3 0 2 0 0 4 0 0 0 0 0 0 0 0 0 0 0 0 0 0 0 0 0 0 0 0 0 0 0 0 0 11 0 0 0 0 0 0 0 0 0 0 0 0 
 110 0 231 253 130 34 151 305 392 360 342 119 107 241 224 222 336 220 154 51 1 0 0 0 3 0 0 0 1 2 3 2 7 0 0 0 0 0 1 74 0 0 0 0 0 0 3 0 65 2 0 0 0 0 2 60 0 3 3 0 0 0 0 0 2 0 0 2 0 2 0 3 0 3 0 0 3 0 3 0 27 33 22 15 19 20 16 22 31 0 9 0 7 0 10 27 28 40 6 13 0 0 0 0 0 0 0 0 0 1 0 0 46 0 0 14 0 0 23 0 0 0 0 0 1 0 0 0 0 0 0 0 0 0 0 0 0 0 0 0 0 0 0 0 0 0 0 0 0 0 1 0 0 0 0 0 0 0 0 0 5 14 21 54 5 11 0 10 0 24 38 0 1 0 29 15 18 55 10 5 11 0 0 0 0 0 0 0 0 0 0 2 24 0 0 0 0 0 13 14 0 0 0 0 0 0 1 0 0 0 0 0 0 0 0 0 0 6 0 0 0 0 0 0 2 0 0 0 0 0 0 0 0 0 0 0 0 0 0 0 0 17 0 0 0 2 0 2 0 3 0 12 0 0 0 0 0 0 0 0 0 0 46 0 0 0 0 0 0 0 0 0 0 0 0 0 0 0 0 0 0 0 0 0 0 0 0 0 0 0 
 94 231 0 234 52 30 66 470 188 161 64 339 58 126 55 109 49 169 143 46 1 0 0 0 3 73 75 1 1 4 3 2 67 0 2 0 28 0 148 0 0 0 0 0 0 0 3 0 65 4 0 0 0 0 1 4 0 3 3 0 0 0 0 0 2 0 0 2 3 2 0 3 0 3 0 0 3 2 3 0 11 20 31 8 13 52 0 0 30 49 20 24 0 13 11 0 42 46 0 24 0 0 0 0 0 0 10 0 0 0 0 0 0 0 0 0 0 0 22 13 0 0 0 0 0 0 0 0 0 0 0 0 0 0 0 0 0 0 0 0 0 45 0 0 0 0 0 0 0 0 0 0 0 0 0 0 0 0 1 0 0 17 1 10 0 0 0 10 29 25 13 20 14 0 23 0 0 11 0 0 0 0 0 0 0 1 7 1 0 0 0 0 2 0 0 0 0 0 13 28 0 0 0 1 0 0 0 0 0 0 0 0 9 0 0 0 0 0 0 0 0 0 10 0 0 0 0 0 0 0 0 0 0 0 0 0 0 0 2 0 0 17 0 0 0 0 6 0 1 88 18 2 21 0 0 0 0 0 0 0 0 0 59 0 0 0 0 0 0 0 0 0 0 7 0 0 0 0 0 0 0 0 0 0 0 0 0 0 0 0 
 134 253 234 0 201 170 60 166 235 185 265 155 47 220 152 132 138 335 151 262 2 1 0 0 4 0 198 0 3 2 3 2 83 0 25 0 1 0 1 82 0 0 0 0 0 0 3 0 38 4 0 0 0 0 1 4 0 3 3 0 0 0 0 3 2 0 0 3 0 3 0 3 0 3 0 0 3 0 0 1 25 13 31 0 44 10 0 2 26 0 0 12 0 0 0 37 6 30 1 10 9 26 0 0 0 0 29 16 0 0 0 0 27 0 0 13 0 0 4 42 0 0 0 0 0 0 0 0 0 0 0 0 0 0 0 0 0 0 0 0 0 0 0 0 0 0 0 0 1 0 0 0 2 0 0 0 0 0 0 0 5 16 14 20 0 0 0 7 28 13 28 15 0 0 23 0 0 26 0 0 0 11 14 1 0 0 0 1 0 0 0 0 15 0 0 0 0 0 32 2 0 0 0 0 17 2 0 0 0 0 0 0 0 0 0 0 0 0 0 0 0 0 0 0 0 0 0 0 0 0 0 0 0 0 0 0 0 0 0 0 0 16 0 0 0 3 4 2 0 1 0 3 0 1 0 0 0 0 0 0 9 0 15 0 0 0 0 0 0 0 0 0 0 0 0 0 0 0 0 0 0 0 0 0 0 0 0 0 0 0 
 58 130 52 201 0 286 64 308 138 176 115 169 61 72 268 152 430 133 57 63 2 7 1 0 6 3 2 5 2 4 3 4 76 0 4 7 1 2 2 89 0 2 0 64 5 5 4 0 1 4 0 2 1 1 4 3 3 8 4 2 0 0 0 1 2 0 0 3 4 2 0 3 10 3 2 6 3 4 3 37 7 0 33 0 0 22 0 0 12 2 10 13 0 0 27 10 41 0 0 0 2 20 0 0 0 0 0 0 1 0 1 0 48 20 14 0 0 0 0 0 0 0 0 0 0 0 0 0 0 0 0 1 0 0 0 0 0 0 0 0 0 0 0 0 0 0 0 0 0 0 0 0 0 0 0 0 0 0 32 0 0 14 23 21 10 13 0 1 0 18 5 0 0 1 20 6 3 0 0 0 23 1 0 1 0 0 25 0 18 33 16 11 15 0 14 0 0 0 28 12 14 0 0 0 0 0 0 0 0 0 0 0 0 0 0 0 0 0 0 1 0 0 0 0 0 0 0 0 0 0 0 0 0 0 0 0 0 0 0 0 0 0 0 0 0 3 6 0 0 1 0 30 0 0 0 0 0 2 0 0 0 0 2 0 0 0 0 0 0 0 30 0 0 0 0 0 23 0 0 0 0 0 0 0 0 0 0 0 0 0 
 46 34 30 170 286 0 29 31 48 49 162 57 30 98 136 51 54 42 110 42 1 149 19 0 3 0 148 101 76 152 3 2 0 101 62 2 74 0 79 148 0 0 0 0 0 0 3 0 1 2 0 42 0 0 0 3 0 3 3 0 0 0 0 1 2 0 0 3 0 2 0 3 0 3 4 47 3 0 2 0 0 0 0 0 48 15 0 0 18 0 2 31 16 0 1 0 0 0 0 0 15 30 21 1 0 0 34 27 21 9 26 0 14 0 15 0 1 10 0 37 0 0 0 0 0 0 0 0 0 0 0 0 0 0 0 0 0 0 0 0 0 0 0 0 0 0 2 0 2 0 0 0 0 0 0 0 0 0 0 0 17 0 1 0 12 3 0 0 0 0 0 15 1 0 0 0 0 0 0 0 61 44 43 2 0 0 11 0 1 16 27 9 28 11 14 0 14 2 3 0 0 0 0 0 0 0 0 0 0 0 1 0 0 0 0 0 0 0 0 0 0 0 0 0 0 0 0 0 0 0 0 0 0 0 0 0 0 0 0 0 0 0 1 0 0 0 1 1 1 0 0 17 0 0 0 0 0 0 0 0 0 0 0 0 0 0 0 0 0 0 0 0 0 2 0 0 23 0 0 0 0 0 0 0 0 0 0 0 0 0 
 371 151 66 60 64 29 0 340 177 144 15 177 188 42 134 127 112 402 49 68 0 0 2 0 3 73 0 0 3 3 6 3 0 4 0 0 0 2 0 2 0 2 0 3 0 1 3 0 0 2 0 0 0 3 0 3 0 5 3 0 0 2 0 2 2 0 0 4 3 2 0 3 2 3 1 4 3 0 1 0 0 17 12 0 0 0 10 59 0 119 8 0 23 57 11 0 0 1 13 0 0 0 0 0 0 0 0 0 0 0 0 0 0 0 0 0 0 0 0 0 0 0 0 0 0 0 0 0 0 0 0 0 0 0 0 0 0 0 0 0 0 0 0 0 0 0 0 0 0 0 0 0 0 0 0 0 0 2 0 7 0 0 1 2 0 0 26 13 14 5 0 8 9 38 21 13 0 8 15 0 0 0 0 0 0 0 0 0 0 0 0 0 0 0 0 0 0 0 0 0 0 0 0 25 0 0 0 0 0 0 0 0 0 0 0 0 0 0 0 0 0 0 0 0 0 0 0 0 0 0 0 0 0 0 0 0 0 0 0 0 0 0 0 0 0 3 2 0 91 0 0 7 0 0 0 0 0 0 0 0 0 0 0 0 0 0 0 0 0 0 0 0 0 0 0 0 0 0 0 0 0 0 0 0 0 0 0 0 0 0 
 148 305 470 166 308 31 340 0 169 233 109 260 89 238 65 205 211 135 42 55 0 0 0 0 3 0 0 0 2 2 3 2 76 0 0 0 0 0 0 0 0 0 0 0 0 2 3 0 44 3 0 0 0 0 1 3 3 3 3 0 0 0 0 1 2 0 0 3 0 2 0 32 1 3 0 0 3 0 2 0 85 25 15 26 11 29 0 14 27 16 14 3 0 9 15 36 5 9 12 23 0 0 0 0 2 0 14 0 0 0 0 0 0 1 0 0 0 0 1 0 0 2 0 0 0 1 0 0 0 0 0 0 0 0 0 0 0 0 0 0 2 0 0 0 0 25 0 0 0 0 0 0 0 0 0 2 0 0 0 0 0 27 29 16 9 20 3 18 2 64 0 0 0 12 18 7 0 8 9 0 0 0 0 0 1 0 0 0 0 0 0 0 0 0 0 0 0 0 13 1 0 0 0 0 0 0 0 0 0 0 0 0 0 0 0 0 0 0 0 0 0 0 0 0 0 0 0 0 0 0 0 0 2 0 0 0 0 0 0 0 0 0 0 0 0 0 1 0 2 45 2 20 0 0 0 0 0 0 0 0 0 0 10 0 0 0 0 0 0 0 0 0 0 0 0 0 0 12 0 0 0 0 0 0 0 2 0 0 0 0 
 273 392 188 235 138 48 177 169 0 399 225 224 262 123 98 282 142 78 126 155 0 0 0 0 3 0 76 0 3 2 3 2 0 2 0 0 0 0 74 0 0 0 0 0 0 1 3 0 0 2 0 0 0 0 62 13 0 3 3 0 0 0 0 5 2 0 0 3 0 3 0 3 0 3 0 0 3 0 0 1 0 23 15 7 9 41 9 13 31 37 25 0 0 31 23 27 0 5 0 12 9 0 0 2 0 0 0 0 0 0 0 0 0 0 3 0 0 0 0 10 0 0 0 0 0 0 0 0 0 0 0 0 0 0 0 0 0 0 0 0 0 0 0 0 0 0 0 0 0 0 0 0 1 0 0 0 0 0 10 0 0 0 0 17 0 4 13 0 1 0 18 22 6 28 2 2 5 18 0 0 8 21 0 0 0 0 0 1 0 0 0 0 7 0 0 0 0 0 28 2 0 0 10 2 0 1 0 0 0 0 0 0 0 0 0 0 0 0 0 0 0 0 0 0 0 0 0 0 0 0 0 0 0 0 0 0 0 0 0 0 0 19 0 0 0 1 2 2 29 0 0 7 2 2 0 2 0 0 0 0 0 0 10 0 0 0 0 0 0 0 0 0 0 0 0 2 13 0 0 0 0 0 0 0 0 0 0 0 0 0 
 139 360 161 185 176 49 144 233 399 0 426 44 242 217 322 513 727 94 281 170 0 0 0 0 3 0 0 0 3 76 3 2 0 0 0 0 0 0 0 0 0 0 0 0 0 0 3 0 0 3 0 0 0 0 62 10 0 3 3 0 0 0 0 2 2 0 0 3 0 2 0 3 0 3 0 0 3 46 1 0 10 12 14 23 0 55 20 0 7 48 37 0 0 53 21 12 9 37 0 24 0 0 0 0 0 0 0 0 0 0 0 17 0 0 0 0 0 0 0 0 0 0 0 0 0 0 0 0 0 0 0 0 0 0 0 0 0 0 0 0 0 0 0 0 0 0 0 0 0 0 15 0 0 0 0 0 0 0 0 0 2 41 0 21 5 12 0 48 9 4 16 26 0 42 10 2 0 27 13 0 0 0 0 0 14 0 0 0 0 0 0 0 0 0 0 0 0 0 16 0 0 0 0 2 0 0 0 0 0 0 0 0 0 0 0 0 0 0 0 0 0 0 0 0 0 0 0 0 0 0 0 0 0 0 0 0 0 0 0 0 0 11 0 0 0 2 4 0 56 86 0 14 20 0 0 0 0 0 0 0 0 0 1 0 0 0 0 0 0 0 0 0 0 0 0 0 0 27 0 0 0 0 0 0 0 0 0 0 0 0 
 49 342 64 265 115 162 15 109 225 426 0 153 83 32 149 163 433 256 47 118 74 0 0 0 3 0 127 2 4 2 3 2 0 0 74 2 0 0 122 5 0 8 0 0 0 0 3 0 0 4 0 0 0 0 35 3 0 3 9 0 0 0 0 2 2 0 8 3 0 2 0 3 0 3 0 0 3 0 1 2 10 2 13 20 1 0 0 19 0 31 16 14 0 12 0 15 14 0 0 14 6 17 0 11 0 0 0 0 1 0 0 0 11 1 11 22 0 0 2 4 0 0 0 0 0 0 0 0 2 0 0 0 0 0 0 0 0 2 0 0 0 0 0 0 2 0 0 0 0 0 0 9 0 0 0 21 0 0 5 0 0 0 0 52 0 11 0 0 13 0 2 36 0 0 23 15 0 18 2 0 0 1 0 0 0 0 1 1 1 0 0 0 36 0 0 0 0 0 0 12 1 0 0 0 0 0 0 0 0 0 0 0 0 0 0 26 0 0 0 0 2 0 0 0 0 0 0 0 0 0 0 0 0 0 0 0 1 0 0 0 0 16 0 0 2 1 98 0 101 191 0 11 0 0 2 0 0 0 1 0 0 0 0 0 0 0 0 0 0 0 0 0 0 0 0 11 0 0 0 0 0 0 0 0 0 0 0 0 0 0 
 33 119 339 155 169 57 177 260 224 44 153 0 42 37 126 46 178 292 29 242 37 148 2 0 3 0 163 0 3 2 3 2 87 0 0 0 0 0 133 0 0 5 0 0 0 0 3 0 1 2 0 0 0 0 0 3 0 3 20 0 0 0 0 4 2 0 4 3 0 16 0 3 0 3 0 0 42 0 1 7 1 0 1 17 40 26 1 0 36 0 12 16 0 0 1 16 0 14 0 0 14 0 0 16 0 0 1 1 0 0 1 0 12 25 25 9 0 0 36 17 0 0 0 0 0 0 1 0 0 0 0 0 0 0 0 20 0 0 0 0 0 0 0 0 0 0 0 0 1 0 0 0 0 0 0 0 0 0 20 0 4 0 2 0 10 17 0 1 22 0 0 1 0 0 0 0 0 0 0 0 0 30 1 0 0 0 34 14 13 41 0 0 11 0 7 0 1 15 16 41 0 0 0 0 0 0 0 0 0 0 2 0 0 0 0 0 0 2 0 0 0 0 0 0 19 0 0 0 0 0 6 0 0 0 0 0 0 0 0 0 0 0 0 0 0 1 99 2 7 4 14 3 0 0 0 0 0 0 0 0 0 0 0 0 0 0 0 0 0 0 0 0 0 0 0 26 48 1 0 0 0 0 0 0 0 0 0 0 0 0 
 73 107 58 47 61 30 188 89 262 242 83 42 0 161 140 125 120 133 181 168 0 2 0 0 3 0 0 0 3 2 3 2 0 1 0 0 0 0 2 0 0 0 0 0 0 0 3 3 0 2 0 0 0 0 33 9 0 4 5 0 0 50 0 2 2 0 0 3 0 2 0 3 4 3 0 0 3 0 1 0 2 20 9 0 0 1 15 30 0 31 4 2 41 63 25 13 0 1 10 18 0 0 11 0 0 0 0 0 0 0 0 0 1 0 0 0 0 0 0 0 0 10 0 0 0 0 0 0 0 0 0 0 0 0 0 0 0 0 0 0 0 0 1 0 0 0 0 0 0 0 5 0 0 0 0 0 9 9 0 0 2 7 1 18 0 8 4 10 16 1 24 0 15 7 0 63 30 12 8 0 0 0 0 0 0 0 0 0 0 0 0 0 0 0 0 0 0 0 1 0 0 0 2 0 0 0 1 0 0 0 0 0 0 0 0 2 0 0 0 0 0 0 0 0 0 24 0 0 0 0 0 0 0 0 0 0 0 0 0 0 0 16 0 0 0 0 1 2 90 0 0 16 0 0 0 0 0 0 0 0 0 0 0 0 0 0 0 0 0 0 0 0 0 0 0 0 0 0 0 0 0 0 0 0 0 0 0 0 0 0 
 373 241 126 220 72 98 42 238 123 217 32 37 161 0 167 145 152 235 351 151 0 0 0 0 4 0 4 0 2 4 5 2 0 0 0 0 0 0 0 0 0 0 3 0 0 0 3 0 0 3 0 0 0 0 0 6 0 3 3 0 0 0 0 1 5 0 1 3 2 2 2 5 0 3 0 0 5 2 3 0 7 1 22 15 0 14 58 2 0 10 12 0 26 0 7 11 1 0 10 70 0 0 0 0 0 0 0 0 0 0 0 0 0 0 0 0 0 0 14 0 0 0 0 0 0 0 0 0 0 0 0 0 0 0 0 0 0 0 0 0 0 0 0 14 0 0 0 0 0 0 5 0 0 0 0 0 0 0 0 0 12 7 12 15 11 14 21 34 0 1 11 0 0 21 0 0 44 22 19 7 0 0 0 0 0 0 0 0 0 0 0 0 0 0 0 0 0 0 14 0 0 0 0 0 0 0 0 0 0 0 0 0 0 0 0 0 0 0 0 0 0 0 0 0 0 0 0 0 0 0 0 0 0 0 0 0 0 0 0 0 0 10 0 0 0 2 1 0 0 85 0 8 0 0 0 0 0 0 0 0 0 0 1 0 0 0 0 0 0 0 0 0 0 9 0 0 0 15 0 0 0 0 0 0 0 0 0 0 0 0 
 30 224 55 152 268 136 134 65 98 322 149 126 140 167 0 240 433 78 66 374 0 0 0 6 3 0 1 73 2 8 5 2 23 2 0 0 6 0 73 0 0 0 0 0 8 0 3 2 0 2 0 63 0 4 60 3 10 3 3 0 0 0 0 0 6 4 0 3 0 2 0 3 0 3 0 0 4 3 3 0 28 22 7 35 2 24 0 18 30 0 16 22 11 15 7 31 25 13 0 0 0 0 0 0 0 0 0 0 0 0 0 0 23 0 0 2 0 0 0 0 0 11 0 0 0 0 0 0 0 0 0 0 0 0 0 0 0 0 0 0 0 0 0 0 0 0 0 0 0 0 0 0 2 0 0 0 0 0 3 1 0 46 35 17 27 4 0 6 20 16 34 30 0 0 17 12 0 0 3 0 0 0 0 0 8 0 5 0 0 0 0 0 0 0 0 0 0 0 0 11 0 0 0 0 0 0 0 0 0 0 0 0 0 0 0 19 10 0 0 0 0 0 0 0 0 0 0 0 0 0 0 1 0 0 0 0 0 0 0 0 0 0 0 0 0 0 98 0 3 3 1 6 16 0 0 0 0 0 0 0 0 0 0 0 0 0 1 0 0 0 0 0 0 0 0 0 0 3 0 0 0 0 0 0 0 0 0 0 0 0 
 105 222 109 132 152 51 127 205 282 513 163 46 125 145 240 0 153 227 249 152 0 0 6 0 3 0 0 0 2 2 3 2 36 0 0 2 0 0 0 0 0 0 0 0 0 0 3 0 0 3 0 0 0 0 66 3 62 9 3 0 5 0 0 0 2 0 0 3 0 2 0 3 0 3 0 0 5 3 3 0 14 13 13 25 0 4 21 0 11 36 11 16 0 14 21 4 14 0 10 24 0 0 0 0 0 0 0 0 0 0 0 0 15 0 0 1 0 0 19 0 0 0 0 0 0 0 0 0 0 0 0 0 0 0 16 0 0 0 0 0 0 0 0 0 0 0 1 0 0 0 0 0 0 0 0 0 0 0 0 0 11 9 34 20 49 16 0 9 10 2 21 20 2 20 19 2 14 29 1 12 0 0 0 0 0 0 9 0 0 0 0 0 0 0 0 0 0 0 0 9 0 0 0 1 0 0 0 0 0 0 2 0 0 0 0 13 0 1 0 0 0 0 0 0 0 0 0 0 0 0 0 0 0 0 0 0 0 0 0 0 0 0 0 0 0 0 88 0 27 89 0 5 0 0 15 0 0 0 0 0 0 0 0 0 0 0 0 0 0 0 0 0 0 1 0 0 0 9 0 0 0 0 0 0 0 0 0 0 0 0 
 50 336 49 138 430 54 112 211 142 727 433 178 120 152 433 153 0 143 37 44 0 3 3 0 3 1 99 0 2 2 3 5 78 0 0 0 0 2 0 0 0 0 2 0 3 0 3 0 63 4 0 0 2 0 4 6 3 3 11 0 3 0 0 0 2 3 0 3 0 2 0 3 0 3 4 0 3 0 3 0 17 1 19 6 18 21 0 14 27 68 26 0 0 32 27 18 71 38 0 2 0 0 0 3 0 0 0 0 0 0 1 0 0 0 2 9 0 0 17 0 0 0 0 0 0 0 0 0 0 0 0 0 0 0 0 0 0 0 0 0 0 0 0 0 0 0 0 0 0 10 0 0 0 0 0 0 0 0 0 0 0 29 10 33 0 10 0 0 24 28 42 28 22 2 2 30 7 0 0 0 7 0 0 0 0 0 13 0 2 0 0 0 10 0 0 0 0 0 11 0 0 0 0 0 0 0 0 0 0 0 0 0 0 0 0 0 0 0 0 2 0 0 0 0 0 0 1 0 0 0 0 0 0 0 0 0 0 0 0 0 0 0 0 0 0 0 6 1 1 2 0 14 25 2 0 0 0 0 0 0 0 0 0 0 0 0 0 0 0 0 0 0 0 0 0 0 0 0 0 0 0 0 0 0 0 0 0 0 0 0 
 115 220 169 335 133 42 402 135 78 94 256 292 133 235 78 227 143 0 82 39 0 0 0 0 3 1 75 0 2 2 3 2 43 0 0 1 1 0 74 2 0 0 0 0 0 0 3 0 65 2 0 0 0 0 1 9 0 3 3 0 0 0 0 0 2 0 0 3 1 2 0 3 0 6 0 0 3 9 3 0 21 0 8 1 54 45 41 12 54 14 14 20 0 0 20 19 34 39 9 7 0 0 0 1 0 0 10 0 0 0 2 0 10 0 0 3 0 0 36 0 0 0 2 0 0 0 13 0 0 0 0 0 0 0 0 6 0 0 0 0 0 0 0 0 0 0 0 0 0 0 0 0 0 0 0 0 0 0 0 0 14 0 16 25 12 3 1 0 55 11 29 13 1 0 2 0 15 22 0 9 2 15 2 0 0 0 0 2 0 0 0 0 0 0 0 2 1 0 24 17 0 0 0 0 0 0 0 0 0 0 0 0 0 0 0 0 0 0 0 0 0 0 0 0 0 0 0 0 2 0 0 0 0 0 2 0 0 0 1 9 0 23 0 0 0 1 7 0 2 2 15 8 19 0 2 0 0 0 0 0 0 0 1 0 0 0 0 0 0 0 0 0 0 0 0 0 19 0 0 0 0 0 0 0 0 0 0 0 0 0 
 159 154 143 151 57 110 49 42 126 281 47 29 181 351 66 249 37 82 0 377 0 0 2 3 3 0 0 1 2 8 3 2 0 0 3 0 3 1 0 3 0 0 4 0 9 2 3 0 0 2 0 1 0 8 0 10 0 3 3 0 0 0 11 2 4 2 0 3 4 2 0 3 31 3 0 0 7 0 38 0 0 0 6 0 0 22 29 0 0 0 0 0 10 0 0 10 0 0 6 49 0 0 0 0 0 0 0 0 0 0 0 0 0 0 0 0 0 0 0 13 0 0 0 0 0 0 0 0 0 0 0 0 0 0 0 0 0 0 0 0 0 0 0 1 0 0 0 0 0 0 0 0 0 0 0 0 0 0 0 7 14 0 0 36 0 0 0 11 0 3 11 0 0 7 14 20 33 17 17 0 0 0 0 0 0 0 0 0 0 0 0 0 0 0 1 0 0 0 17 0 0 0 0 0 1 0 0 0 0 0 0 0 17 0 0 0 0 0 0 2 0 0 0 0 0 0 1 0 0 0 0 0 0 0 0 0 0 0 0 0 0 11 0 0 0 0 0 0 0 2 0 13 0 0 0 0 0 0 0 0 0 0 2 0 0 0 0 0 0 0 0 0 0 0 0 0 0 0 0 0 0 0 0 0 0 0 0 0 0 0 
 48 51 46 262 63 42 68 55 155 170 118 242 168 151 374 152 44 39 377 0 0 0 0 0 3 0 0 0 2 2 3 2 0 0 0 0 0 0 0 0 0 0 0 0 0 0 3 3 0 2 0 0 0 0 58 4 1 3 3 0 0 0 0 1 2 0 0 3 0 2 0 3 0 3 0 0 3 0 3 0 1 21 0 0 0 0 40 20 0 28 1 0 1 11 1 0 0 0 27 9 0 0 0 0 0 0 2 2 0 0 0 0 0 0 0 0 0 0 0 0 0 0 0 0 0 0 2 0 0 0 0 0 0 0 0 0 0 0 8 0 0 0 0 0 0 0 0 0 0 0 11 0 0 0 0 0 0 10 0 2 16 10 1 13 0 7 11 12 0 6 12 2 0 42 0 37 31 1 15 0 0 0 0 0 0 0 0 0 0 0 0 0 0 0 9 0 0 0 0 0 0 0 0 0 0 0 0 0 0 0 1 0 0 0 0 0 0 15 0 0 0 2 0 0 0 0 0 0 0 18 3 9 0 0 0 0 0 0 0 0 0 0 0 0 0 0 1 0 86 0 0 10 0 0 0 0 0 0 0 0 0 0 0 0 0 0 0 0 0 0 0 0 0 0 0 0 0 0 0 0 0 0 0 0 0 0 0 0 0 0 
 1 1 1 2 2 1 0 0 0 0 74 37 0 0 0 0 0 0 0 0 0 250 65 129 220 58 148 53 135 149 248 119 179 234 188 121 276 169 47 54 2 5 0 0 0 2 0 2 0 2 0 2 2 3 0 0 0 0 67 0 3 0 0 3 0 0 4 0 0 3 0 0 2 0 3 0 0 2 0 7 0 0 0 7 20 14 0 0 0 1 8 0 0 2 0 2 0 0 0 0 18 0 7 19 13 3 0 28 8 0 2 0 0 9 0 17 8 21 17 58 9 0 0 0 0 0 16 0 0 0 22 0 0 0 0 0 1 0 15 0 0 0 0 0 0 0 0 0 0 0 0 0 0 0 0 0 0 0 0 0 0 0 1 0 1 14 0 0 0 0 1 0 0 0 0 1 0 0 0 0 4 42 24 12 0 0 17 1 8 13 43 0 7 0 1 9 0 21 11 13 0 0 0 0 0 0 0 0 0 0 0 0 11 0 0 0 0 0 11 1 0 0 0 0 0 0 14 1 1 0 0 0 0 0 0 0 0 0 0 0 0 0 0 0 0 0 0 0 0 0 0 0 0 0 19 0 0 80 0 0 0 2 0 0 0 0 0 0 0 0 0 0 0 0 0 12 0 0 0 0 0 0 0 0 0 5 0 0 0 0 
 0 0 0 1 7 149 0 0 0 0 0 148 2 0 0 0 3 0 0 0 250 0 183 278 321 30 90 618 68 32 29 134 77 131 274 111 28 115 274 61 2 6 0 0 0 2 0 2 0 2 0 0 3 3 0 0 0 2 64 0 3 0 0 3 0 0 3 0 0 5 0 0 2 0 3 0 0 3 0 48 0 0 0 6 15 0 0 1 0 0 10 38 11 0 0 0 0 0 0 1 22 11 31 32 0 0 0 29 7 18 37 2 9 11 11 23 3 11 0 30 0 0 0 0 0 0 12 0 0 0 0 0 0 0 2 0 0 0 0 0 0 0 0 0 0 0 0 0 0 0 0 0 0 0 0 0 0 0 0 0 0 0 0 0 14 0 0 0 0 0 2 0 0 0 0 0 0 0 0 5 0 17 20 34 11 0 13 57 9 31 0 30 13 59 7 46 15 34 32 7 0 0 0 0 0 0 0 13 0 0 0 0 0 0 8 0 0 0 2 0 0 0 0 0 0 0 0 0 0 0 0 0 6 0 0 0 0 0 0 1 0 0 0 0 0 2 2 0 0 1 0 0 2 0 6 1 1 0 2 0 2 13 0 0 0 0 0 2 0 0 0 0 0 0 0 9 0 0 0 8 0 0 0 0 0 2 0 0 0 0 
 0 0 0 0 1 19 2 0 0 0 0 2 0 0 0 6 3 0 2 0 65 183 0 105 347 122 280 172 213 243 39 113 153 42 273 659 117 241 467 375 2 4 0 0 0 0 0 2 2 0 0 0 2 4 1 0 0 3 45 0 3 0 0 3 0 0 17 0 0 0 0 0 2 0 3 0 4 3 2 0 0 0 0 0 0 0 0 0 0 0 0 11 0 0 0 9 0 0 0 0 13 65 0 26 8 20 12 8 10 14 15 8 0 0 0 0 89 17 0 13 0 0 0 0 0 0 10 0 0 0 0 13 1 0 0 0 10 0 19 28 0 0 0 0 0 0 6 6 0 0 0 0 0 0 0 0 0 0 0 0 0 0 0 45 0 0 0 0 0 0 0 0 0 0 0 0 0 0 0 6 26 0 19 13 0 54 23 29 6 0 11 65 9 46 0 21 11 0 0 10 0 0 0 1 0 0 40 11 0 0 0 0 8 1 42 0 0 0 0 22 0 0 0 20 0 0 0 0 0 0 0 0 0 0 0 0 2 0 0 0 0 0 0 0 0 0 0 0 0 0 0 0 0 0 0 0 1 76 0 0 2 1 0 0 0 0 13 0 0 0 0 0 0 0 0 0 0 0 0 0 0 0 0 0 0 0 0 0 0 0 
 72 0 0 0 0 0 0 0 0 0 0 0 0 0 6 0 0 0 3 0 129 278 105 0 265 55 321 68 170 178 178 219 55 93 154 135 116 46 66 63 69 0 1 0 1 0 82 2 0 2 0 0 96 95 3 40 0 0 108 67 3 0 0 3 0 0 0 0 0 44 0 0 2 0 3 3 0 3 0 0 0 0 0 1 0 0 0 0 0 0 0 0 0 0 0 0 0 0 0 0 0 0 0 0 18 9 0 0 0 22 0 115 0 0 0 1 24 17 0 0 25 4 1 0 0 0 9 31 0 0 3 0 35 0 49 19 18 0 0 15 0 0 0 0 16 0 0 0 0 2 0 0 0 0 0 0 0 0 0 0 0 0 0 0 0 0 0 0 0 1 0 0 0 25 0 0 2 6 2 0 0 1 0 38 53 21 0 0 0 16 25 42 21 0 0 0 17 20 0 0 0 0 0 9 2 0 0 30 13 0 0 20 34 8 48 23 8 0 13 46 0 6 0 0 0 0 0 0 0 0 0 0 0 0 0 0 0 0 0 0 0 0 0 0 0 0 0 0 0 0 0 0 0 0 11 2 2 0 76 0 35 1 0 0 0 0 0 0 0 0 0 0 0 0 0 0 0 0 0 0 0 0 0 0 14 0 0 0 0 0 
 6 3 3 4 6 3 3 3 3 3 3 3 3 4 3 3 3 3 3 3 220 321 347 265 0 468 57 43 248 385 326 540 136 77 79 82 37 46 50 145 133 0 0 0 35 0 98 65 0 2 0 0 99 128 30 0 65 65 68 1 3 0 0 3 0 0 0 0 0 0 5 0 4 0 3 0 0 3 0 0 0 0 0 0 0 0 0 0 0 0 0 0 0 0 0 0 1 0 0 0 0 0 15 18 1 59 0 0 0 10 29 26 0 13 0 13 0 15 0 0 18 0 18 0 0 0 14 2 0 0 19 0 30 0 0 19 23 0 0 12 0 0 0 0 0 0 0 0 0 13 0 0 0 0 0 0 1 0 0 0 0 0 0 0 0 0 0 1 0 1 1 0 0 0 0 0 0 10 0 0 9 11 0 0 12 30 13 0 1 0 0 0 0 0 0 13 20 0 0 0 15 14 10 1 0 0 26 20 0 0 0 0 0 25 22 12 22 27 49 23 0 0 0 0 0 0 0 0 0 0 0 0 0 0 0 0 0 0 0 0 0 0 0 0 0 0 0 0 0 0 0 0 0 0 5 3 0 121 80 0 18 0 0 0 0 0 0 0 0 0 0 0 0 0 0 0 0 0 0 0 0 0 0 0 0 0 0 0 0 0 
 0 0 73 0 3 0 73 0 0 0 0 0 0 0 0 0 1 1 0 0 58 30 122 55 468 0 108 60 152 53 80 354 38 281 370 401 64 132 66 182 2 0 1 0 0 0 133 4 0 3 0 0 64 216 63 65 63 65 119 55 3 0 0 3 0 0 40 0 1 0 1 0 2 0 3 1 0 3 0 0 0 0 1 0 0 0 0 0 0 0 0 0 0 0 0 0 0 0 0 0 0 0 0 20 10 17 0 0 0 9 0 25 0 0 0 0 62 10 0 0 9 0 6 0 0 0 24 4 0 1 12 0 40 12 0 0 0 0 16 27 0 0 1 0 0 0 4 7 0 0 0 0 0 0 0 0 0 0 0 0 0 0 0 0 0 0 0 0 0 1 0 0 1 6 0 0 0 12 0 0 0 0 13 0 30 43 4 0 0 0 14 18 0 0 0 6 1 10 1 0 0 0 43 0 15 0 28 17 11 0 1 0 15 24 35 0 11 20 9 35 0 0 0 0 0 0 0 0 0 0 0 0 0 0 0 0 0 0 0 0 0 0 0 0 0 1 0 0 0 0 0 0 0 0 7 0 2 0 82 3 21 0 0 0 0 0 0 0 0 0 0 0 0 0 0 0 0 0 0 0 0 0 0 0 0 0 0 0 0 0 
 0 0 75 198 2 148 0 0 76 0 127 163 0 4 1 0 99 75 0 0 148 90 280 321 57 108 0 392 515 48 47 33 720 62 127 108 253 130 465 139 2 10 2 0 0 0 0 2 3 1 0 0 2 4 3 3 34 2 3 0 3 0 0 4 2 0 0 2 0 3 3 2 2 0 10 0 3 6 0 0 0 0 0 41 14 0 0 0 0 0 39 36 0 0 0 13 0 32 0 0 9 11 1 0 0 0 45 0 10 14 18 0 0 5 28 11 14 0 29 29 0 0 0 0 0 0 0 0 0 0 0 0 0 0 0 0 0 0 0 0 0 0 0 0 0 0 0 0 0 2 0 0 0 0 0 0 0 0 5 0 10 0 0 0 8 0 0 0 23 0 0 25 0 0 0 0 2 0 2 0 0 29 58 0 0 0 1 36 8 1 0 1 0 9 17 0 24 0 0 33 0 0 0 0 2 0 0 0 0 0 0 0 0 0 0 2 0 0 0 2 0 0 0 0 0 0 0 0 0 0 0 0 0 0 0 0 0 0 0 0 0 0 0 0 0 0 75 0 0 0 12 0 0 0 163 0 2 77 0 0 0 0 0 0 0 0 19 0 0 0 0 0 0 1 0 10 1 0 0 0 0 0 0 0 0 0 0 0 0 0 
 0 0 1 0 5 101 0 0 0 0 2 0 0 0 73 0 0 0 1 0 53 618 172 68 43 60 392 0 460 161 31 109 190 155 44 208 150 45 72 273 2 2 0 0 9 0 0 2 0 0 0 0 4 3 28 0 64 0 0 0 3 0 0 3 0 0 0 46 1 5 0 0 2 0 9 0 0 2 0 0 0 0 0 0 0 0 0 0 0 0 0 6 0 0 0 0 0 0 0 0 23 13 23 6 11 0 14 23 10 26 39 0 0 17 27 14 10 23 0 13 0 0 0 0 0 0 0 0 0 0 0 0 0 0 0 0 0 0 10 17 0 0 0 0 0 0 7 1 0 0 0 0 0 0 0 0 0 0 0 0 0 0 0 0 12 0 0 0 0 0 0 0 0 0 0 0 0 0 0 4 30 25 28 14 0 21 11 15 20 0 25 25 14 73 1 15 10 0 0 8 0 0 0 0 0 0 62 0 0 0 0 0 0 1 0 0 7 0 0 45 0 0 0 0 0 0 0 0 0 0 0 0 0 0 0 0 0 0 0 0 0 0 0 0 0 0 0 0 0 0 0 0 0 1 9 1 2 83 1 2 0 0 0 0 0 0 6 0 0 0 0 0 0 0 0 0 0 0 0 0 0 12 0 0 0 0 1 0 0 0 
 1 1 1 3 2 76 3 2 3 3 4 3 3 2 2 2 2 2 2 2 135 68 213 170 248 152 515 460 0 223 124 320 167 114 110 111 377 205 68 194 2 0 1 0 63 0 26 3 1 1 0 0 3 4 0 0 0 1 55 0 3 0 0 3 0 0 0 0 0 0 0 0 2 0 3 0 0 5 0 0 0 0 0 0 0 0 0 0 0 0 0 0 0 0 0 0 0 0 0 0 0 0 12 45 10 44 0 14 8 0 16 27 0 14 0 24 50 21 0 0 0 0 0 0 0 0 10 18 0 0 0 0 30 0 0 0 1 0 21 64 0 0 0 0 2 0 0 0 0 0 0 0 0 0 0 0 0 0 0 0 0 0 0 9 0 0 0 0 0 10 0 0 0 7 0 0 0 5 2 0 16 8 0 1 18 43 0 12 11 0 1 19 11 11 0 87 0 15 0 0 0 0 0 0 2 0 62 20 1 0 0 0 41 0 15 2 0 0 0 26 0 0 0 0 0 0 0 0 0 0 0 0 0 0 0 0 0 0 0 0 0 0 0 0 0 0 0 0 0 0 0 0 0 0 15 0 1 176 4 4 20 0 0 0 0 0 18 21 0 0 0 0 0 0 0 0 0 0 0 0 0 0 0 0 0 1 0 0 0 0 
 3 2 4 2 4 152 3 2 2 76 2 2 2 4 8 2 2 2 8 2 149 32 243 178 385 53 48 161 223 0 491 55 72 301 123 315 426 51 68 143 64 0 0 0 0 0 0 2 1 1 0 0 7 3 0 0 0 62 70 0 3 0 0 3 0 2 0 0 0 0 1 0 2 0 3 0 0 46 0 0 0 0 0 0 0 0 1 2 0 0 0 0 0 0 0 0 0 0 0 0 21 0 21 24 7 0 15 27 27 0 27 20 0 0 22 0 0 36 0 0 0 0 2 0 0 0 0 0 0 0 0 0 0 0 0 0 10 0 12 0 0 0 0 0 0 0 2 0 2 0 0 0 2 0 0 0 0 0 0 0 0 0 0 0 13 0 0 0 3 1 3 0 0 0 0 0 0 0 0 0 21 11 16 0 11 0 33 0 58 22 25 0 12 43 14 0 3 17 0 0 0 0 0 0 0 0 0 1 0 0 0 0 0 0 0 0 0 0 2 0 0 0 0 0 2 0 0 0 0 0 2 0 0 0 0 0 0 0 10 1 0 0 0 0 0 0 0 0 0 0 0 1 0 0 15 0 3 4 0 4 0 0 0 0 0 0 0 0 0 0 0 0 0 0 0 0 0 0 0 0 0 1 0 0 0 0 0 0 0 0 
 3 3 3 3 3 3 6 3 3 3 3 3 3 5 5 3 3 3 3 3 248 29 39 178 326 80 47 31 124 491 0 288 108 132 278 247 149 416 300 185 2 0 1 0 2 0 1 5 0 2 2 0 2 5 0 3 1 50 64 32 3 0 0 3 3 3 0 0 0 0 0 0 2 0 3 22 0 3 0 0 0 0 0 0 0 0 0 0 0 0 0 0 0 0 0 0 0 0 0 2 0 19 32 25 47 14 0 18 26 3 13 41 0 36 0 16 41 34 0 18 8 0 0 8 0 0 1 0 0 0 0 0 0 0 11 0 0 14 18 0 0 0 0 0 0 0 0 0 0 0 0 0 0 0 0 0 0 0 0 0 0 1 0 0 0 0 0 0 0 0 2 0 0 0 0 0 0 0 0 0 10 64 5 8 18 0 22 3 13 2 28 68 0 3 10 26 15 33 0 0 0 0 0 0 0 0 7 0 0 2 2 0 17 0 1 0 0 0 24 0 0 0 0 0 0 0 0 0 0 0 0 0 0 0 0 0 0 0 10 0 0 0 0 0 0 0 0 0 0 0 0 0 76 0 17 0 0 81 79 0 0 0 0 0 0 55 0 0 0 0 0 1 0 0 0 0 1 0 0 0 0 0 0 0 0 11 12 0 0 0 
 2 2 2 2 4 2 3 2 2 2 2 2 2 2 2 2 5 2 2 2 119 134 113 219 540 354 33 109 320 55 288 0 238 214 351 62 136 267 46 97 79 5 1 0 25 4 147 4 0 2 0 2 69 71 0 0 0 0 183 0 3 0 42 3 4 2 0 0 1 76 0 0 2 0 3 2 1 3 0 0 0 0 0 0 0 0 0 0 0 0 0 0 0 0 0 1 0 0 0 0 30 0 12 13 18 23 0 30 0 10 0 30 0 0 15 16 32 0 7 0 1 0 0 0 0 0 14 21 0 0 0 0 0 0 17 0 2 0 30 14 0 0 0 0 0 0 2 9 0 0 0 8 0 2 0 0 0 0 0 0 0 0 0 0 0 0 0 0 0 1 0 0 0 0 0 2 0 12 0 0 33 0 16 21 0 27 1 12 21 0 1 0 9 21 0 41 0 0 0 0 7 0 0 0 0 0 1 9 32 0 0 0 10 19 36 12 0 0 30 7 0 0 0 0 0 0 0 2 0 0 0 0 0 0 0 0 0 0 0 0 0 0 8 0 0 0 0 0 0 0 0 0 0 0 8 2 0 76 83 0 23 5 0 0 0 0 17 0 0 0 0 0 0 0 0 0 0 0 0 20 0 12 0 0 0 18 0 0 0 2 
 0 7 67 83 76 0 0 76 0 0 0 87 0 0 23 36 78 43 0 0 179 77 153 55 136 38 720 190 167 72 108 238 0 169 32 30 42 33 226 177 2 0 1 0 0 0 0 66 64 3 1 0 2 7 1 0 4 0 0 0 3 0 0 3 0 4 13 0 1 0 0 0 2 3 3 2 0 3 0 8 0 0 0 11 21 0 0 0 23 0 0 60 0 0 0 0 6 13 0 0 25 0 0 16 0 0 17 0 1 10 0 0 14 0 0 0 0 12 36 10 0 0 0 0 0 0 0 6 0 0 0 0 0 0 0 0 0 0 0 0 0 0 0 0 0 0 0 0 0 0 0 0 0 0 0 0 0 0 0 0 0 39 0 0 0 13 0 0 32 0 0 28 0 0 0 0 0 0 0 0 19 12 8 0 0 0 21 4 2 0 0 11 1 12 0 0 27 13 7 79 0 0 0 0 0 0 0 0 0 0 0 0 0 0 0 0 0 0 0 0 0 0 0 0 0 0 0 0 0 0 0 0 0 0 0 0 0 0 0 0 0 0 0 0 0 0 83 0 0 82 13 76 0 0 6 2 0 1 0 1 2 2 0 0 0 0 0 0 0 0 0 0 0 0 0 15 0 0 0 0 0 1 0 0 0 0 0 0 0 0 
 0 0 0 0 0 101 4 0 2 0 0 0 1 0 2 0 0 0 0 0 234 131 42 93 77 281 62 155 114 301 132 214 169 0 156 123 228 156 98 209 2 21 21 0 11 4 4 23 0 4 1 12 3 3 0 0 0 4 3 2 5 0 0 3 0 0 0 0 0 3 2 1 2 0 10 0 0 2 0 0 0 0 0 0 0 0 0 0 1 0 0 0 0 0 0 0 0 0 0 0 0 0 19 1 29 0 29 27 48 32 20 1 0 24 17 0 16 62 46 0 0 0 0 0 0 0 0 1 0 0 0 0 0 2 0 0 0 0 18 0 0 0 0 0 0 2 0 0 0 0 0 0 0 0 0 0 0 0 0 0 0 0 0 0 0 0 0 0 4 0 9 0 0 2 0 0 0 0 0 0 26 36 0 1 13 0 35 15 25 9 8 0 34 11 51 1 43 16 0 0 18 0 0 0 0 0 0 0 0 0 0 0 28 0 0 0 0 0 12 0 0 0 0 0 0 0 0 0 0 12 0 0 0 0 9 1 0 0 0 0 0 0 14 0 0 0 0 0 0 0 0 0 0 0 8 1 0 79 77 0 0 10 0 0 3 0 28 0 2 0 0 0 0 0 0 0 0 0 0 0 0 19 0 0 0 0 0 0 0 0 
 0 0 2 25 4 62 0 0 0 0 74 0 0 0 0 0 0 0 3 0 188 274 273 154 79 370 127 44 110 123 278 351 32 156 0 278 284 53 48 92 2 0 1 0 0 3 0 2 0 1 0 0 2 3 3 0 4 1 2 64 3 0 0 3 3 0 0 0 0 0 0 0 2 0 3 6 18 3 0 0 0 0 0 0 13 0 0 0 0 0 14 9 0 0 0 0 0 0 0 0 7 20 12 25 20 10 11 41 31 13 12 13 0 13 4 0 38 29 13 21 8 0 0 0 0 13 1 7 0 0 0 0 12 0 12 0 0 1 32 31 0 0 0 0 0 0 0 0 0 0 0 0 0 0 0 0 0 13 0 0 0 0 0 0 0 0 0 0 0 11 0 15 0 2 7 0 0 0 0 0 0 0 11 28 25 14 16 1 14 0 19 14 0 3 9 16 12 32 12 1 0 0 0 0 0 0 0 0 13 0 0 0 21 0 0 0 0 8 20 19 12 0 0 0 0 0 0 0 0 0 0 0 0 0 0 0 0 0 0 0 0 0 12 0 0 0 0 0 0 0 0 0 0 0 2 3 0 45 79 0 2 0 0 0 0 0 0 0 0 0 0 0 0 0 0 1 0 0 0 0 0 13 0 0 0 7 9 13 0 0 
 39 0 0 0 7 2 0 0 0 0 2 0 0 0 0 2 0 1 0 0 121 111 659 135 82 401 108 208 111 315 247 62 30 123 278 0 169 172 334 137 2 0 1 0 0 3 0 2 0 2 0 0 2 3 0 0 0 0 142 18 3 0 0 3 3 0 0 0 3 0 0 1 2 0 3 6 0 3 0 0 0 0 2 0 0 0 0 0 0 0 0 0 0 0 0 0 0 0 0 0 26 54 0 52 6 10 0 0 4 51 13 12 0 29 38 32 15 12 0 7 0 0 0 2 0 0 2 0 0 0 0 0 0 0 16 0 0 0 18 34 0 0 0 0 0 2 7 9 0 0 0 0 0 0 0 0 0 0 0 0 0 0 0 0 0 0 0 0 0 0 1 0 0 10 0 0 0 0 0 10 0 0 48 38 7 19 0 17 0 3 14 28 0 21 5 22 22 18 0 14 0 0 0 0 0 0 21 0 0 0 0 0 0 10 3 0 0 0 12 15 0 0 0 0 0 17 0 0 0 0 0 0 0 0 0 0 0 0 0 0 0 0 0 0 0 2 0 0 0 0 0 0 0 0 14 4 0 54 51 5 1 0 0 0 0 0 0 0 0 0 0 0 0 0 0 0 0 1 0 0 0 13 0 0 2 7 13 0 0 0 
 0 0 28 1 1 74 0 0 0 0 0 0 0 0 6 0 0 1 3 0 276 28 117 116 37 64 253 150 377 426 149 136 42 228 284 169 0 140 48 63 2 0 0 31 0 9 0 2 1 2 0 0 6 3 0 62 0 0 62 18 3 0 0 3 1 0 0 0 0 0 0 1 2 0 3 7 51 2 0 0 2 0 0 0 0 0 0 0 0 0 0 0 0 0 20 0 0 0 0 0 21 6 26 32 22 1 0 13 12 26 15 12 16 13 38 14 0 64 19 0 9 0 0 0 0 0 1 0 0 0 0 0 0 0 6 0 0 0 14 11 0 0 0 0 1 0 4 0 0 0 0 0 0 0 0 0 0 0 0 0 0 0 3 0 3 0 0 0 0 0 2 0 0 0 0 0 0 0 1 0 0 3 0 18 21 12 17 0 25 1 25 15 14 21 0 13 0 29 0 0 0 0 0 0 1 0 12 0 0 0 0 0 36 1 0 1 0 0 0 13 0 0 0 0 0 0 0 0 0 0 0 0 0 0 0 0 0 0 0 0 0 0 11 0 0 0 0 0 0 0 0 0 0 0 9 0 2 72 12 0 3 2 0 0 0 0 0 0 0 0 0 0 0 0 0 0 0 0 0 0 0 29 0 0 0 1 12 0 0 0 
 0 0 0 0 2 0 2 0 0 0 0 0 0 0 0 0 2 0 1 0 169 115 241 46 46 132 130 45 205 51 416 267 33 156 53 172 140 0 32 101 0 0 2 0 0 0 0 0 0 1 1 0 0 3 0 0 0 0 90 0 0 0 2 0 0 0 0 0 2 0 0 0 0 0 2 0 2 0 0 0 0 0 0 0 0 0 0 0 0 0 0 0 0 0 0 0 0 0 0 0 0 15 21 28 46 60 0 35 13 8 14 0 0 1 12 14 31 28 0 1 0 0 0 0 0 0 8 0 0 0 0 0 0 0 0 0 24 0 37 3 0 2 4 0 0 0 5 6 3 0 0 0 0 22 0 0 0 0 0 0 0 0 0 0 0 11 0 0 2 1 10 0 0 0 0 12 0 0 0 0 13 12 53 9 7 28 21 21 26 11 21 16 0 13 15 21 3 0 0 0 0 0 9 2 0 0 55 19 0 0 0 0 4 11 14 0 0 0 9 17 0 0 1 0 0 0 0 0 0 0 0 0 0 0 0 0 0 9 0 0 0 0 0 0 0 0 0 0 0 0 0 0 0 0 0 3 0 26 5 1 5 0 1 0 0 0 7 0 69 0 0 0 0 0 26 0 0 0 0 50 0 0 0 0 0 6 1 0 0 0 
 0 1 148 1 2 79 0 0 74 0 122 133 2 0 73 0 0 74 0 0 47 274 467 66 50 66 465 72 68 68 300 46 226 98 48 334 48 32 0 128 2 8 1 0 0 62 0 2 1 0 0 0 2 3 0 0 0 0 2 0 3 0 0 3 0 0 0 0 1 4 0 0 2 0 3 2 0 3 0 0 0 0 0 35 13 0 1 1 18 0 15 21 0 0 0 16 0 20 0 0 12 0 10 25 0 0 59 1 28 26 12 0 0 12 28 21 0 0 21 30 0 0 0 0 0 0 0 0 0 0 0 0 0 0 2 0 0 0 0 0 0 0 0 0 0 0 0 0 1 0 0 0 0 0 0 0 0 0 12 0 0 1 0 0 9 0 0 0 11 0 0 1 0 0 3 0 0 0 0 4 0 12 25 18 0 0 0 31 0 18 0 9 7 7 16 0 48 17 24 41 0 0 0 0 0 0 0 0 0 0 0 0 0 0 0 0 0 0 0 0 0 0 0 0 0 0 0 0 0 0 0 21 0 0 0 0 0 0 0 1 0 0 0 0 0 0 73 0 0 0 13 0 0 0 13 0 1 0 0 0 0 0 0 0 0 0 0 0 0 0 0 0 0 0 0 10 0 0 0 0 0 0 0 0 0 0 0 0 0 0 
 1 74 0 82 89 148 2 0 0 0 5 0 0 0 0 0 0 2 3 0 54 61 375 63 145 182 139 273 194 143 185 97 177 209 92 137 63 101 128 0 2 0 1 0 0 7 2 2 5 0 4 0 10 3 0 1 0 0 1 3 3 0 0 3 1 0 0 0 3 0 2 2 2 0 5 3 2 5 0 2 0 0 2 0 2 0 0 0 0 0 0 7 0 0 0 0 0 8 0 0 41 17 15 1 18 0 19 33 0 3 14 0 26 0 25 0 14 30 0 13 0 0 0 0 13 0 0 0 0 2 0 0 0 0 0 0 0 0 11 17 0 0 2 0 0 0 0 0 0 0 0 0 0 0 16 0 0 0 0 0 19 21 0 0 15 0 0 0 0 0 0 0 2 0 0 0 0 0 0 11 63 69 34 0 0 20 13 17 30 1 84 3 18 35 1 17 10 0 21 0 0 0 0 0 0 0 0 0 0 0 0 0 10 2 0 0 0 0 2 8 0 0 0 0 0 0 0 0 0 0 0 7 0 0 0 0 0 0 0 0 0 0 0 0 0 2 1 0 0 0 0 0 0 0 7 0 0 83 1 0 0 2 0 0 0 0 22 0 0 0 0 0 0 2 0 0 0 0 0 0 0 3 0 0 0 0 0 0 0 0 
 0 0 0 0 0 0 0 0 0 0 0 0 0 0 0 0 0 0 0 0 2 2 2 69 133 2 2 2 2 64 2 79 2 2 2 2 2 0 2 2 0 72 52 48 164 44 88 303 46 39 36 34 274 209 97 43 118 39 60 150 0 0 0 0 0 0 0 0 5 0 6 0 0 0 0 0 0 0 0 0 0 0 0 0 0 0 0 0 0 0 0 0 0 0 0 0 0 0 0 0 0 0 0 0 0 1 0 0 0 6 0 13 0 0 0 0 0 0 0 0 44 23 0 0 0 0 0 0 21 9 13 0 1 48 0 14 14 13 0 0 0 0 0 0 0 0 0 0 0 0 0 0 0 0 0 4 0 0 0 0 0 0 0 0 0 0 0 0 0 2 0 0 0 0 0 0 0 2 0 0 0 0 0 0 0 7 0 0 0 0 0 0 0 0 0 0 10 0 24 0 58 19 0 0 0 8 19 1 22 0 10 0 36 24 1 9 9 15 16 11 0 0 0 0 0 0 0 0 0 0 0 0 0 0 0 0 0 1 0 0 0 0 0 0 0 0 0 0 0 0 0 5 0 0 0 0 0 0 0 0 0 0 0 0 0 2 0 8 0 0 0 0 0 0 0 0 0 0 0 0 0 0 0 0 17 0 0 0 0 9 
 0 0 0 0 2 0 2 0 0 0 8 5 0 0 0 0 0 0 0 0 5 6 4 0 0 0 10 2 0 0 0 5 0 21 0 0 0 0 8 0 72 0 365 112 118 175 93 60 131 88 83 152 70 99 69 199 103 48 49 44 0 5 0 0 0 5 53 9 0 0 3 3 0 2 0 2 3 2 51 2 0 0 0 0 12 0 0 0 0 0 12 0 0 0 0 0 0 0 0 7 0 0 0 0 0 21 0 1 0 0 1 0 0 0 0 6 22 0 0 3 0 0 10 21 19 7 11 0 18 1 6 35 0 14 1 0 45 0 0 0 1 0 0 0 0 0 0 25 0 0 0 5 11 0 0 8 0 0 10 14 0 0 0 2 1 0 0 0 0 1 0 0 0 0 0 0 0 0 0 0 0 3 0 0 0 0 0 0 0 21 0 0 5 0 0 0 0 0 0 0 2 1 43 29 19 14 0 0 0 1 5 11 0 0 0 0 23 41 0 0 13 1 1 0 0 0 16 27 0 0 0 0 10 8 20 9 0 0 5 12 0 0 2 0 0 0 2 0 0 0 0 9 0 0 0 0 1 0 25 1 0 0 1 0 0 4 1 0 0 0 0 0 0 2 0 0 0 0 0 0 0 5 0 0 0 0 0 0 1 0 
 0 0 0 0 0 0 0 0 0 0 0 0 0 3 0 0 2 0 4 0 0 0 0 1 0 1 2 0 1 0 1 1 1 21 1 1 0 2 1 1 52 365 0 161 196 107 152 178 180 129 178 204 268 58 51 39 57 268 36 49 0 5 0 0 0 0 0 7 0 0 0 0 20 0 0 0 0 0 51 0 0 0 0 0 0 0 0 0 0 0 0 0 0 0 0 0 0 0 0 0 0 0 0 0 0 1 0 0 0 0 0 3 0 0 0 0 0 0 0 0 0 5 9 48 11 13 10 33 7 12 0 17 7 0 11 1 29 23 0 0 21 0 0 0 4 0 0 26 0 0 0 10 12 0 0 17 0 0 11 19 0 0 0 0 0 0 0 4 0 2 0 6 2 0 0 0 0 0 0 13 0 0 0 0 12 0 0 0 0 13 0 0 0 0 0 0 0 0 0 0 4 17 0 0 37 32 0 9 4 29 20 14 0 0 6 19 27 0 22 0 0 0 0 1 0 0 12 0 0 0 0 0 0 7 8 6 0 0 0 0 0 0 12 0 0 0 0 0 0 0 0 7 0 0 0 0 0 0 0 1 0 0 0 1 68 9 0 0 0 0 0 0 0 0 0 0 0 0 0 0 0 0 0 0 0 27 0 0 0 2 
 0 0 0 0 64 0 3 0 0 0 0 0 0 0 0 0 0 0 0 0 0 0 0 0 0 0 0 0 0 0 0 0 0 0 0 0 31 0 0 0 48 112 161 0 109 122 187 80 123 358 145 158 59 74 277 119 273 118 74 78 56 0 2 0 0 0 50 79 0 0 0 0 1 22 54 0 0 0 127 45 0 7 0 0 0 0 0 0 0 0 0 0 0 0 0 0 0 0 0 0 0 0 0 0 0 0 0 0 0 0 0 0 0 0 0 0 0 0 0 0 0 11 0 1 9 46 0 14 1 0 25 41 0 0 0 0 1 0 0 0 9 0 11 0 0 1 20 18 0 0 0 0 1 0 3 8 9 0 22 40 0 0 0 0 0 0 0 3 0 2 0 8 6 0 0 0 0 0 0 0 0 0 0 0 0 0 0 0 0 0 0 0 0 0 0 0 0 0 0 0 0 0 0 4 0 0 0 0 0 16 16 1 0 0 0 0 0 18 0 0 7 0 0 1 0 0 21 18 17 0 0 0 8 13 0 16 6 0 0 6 0 0 35 0 0 0 0 0 0 0 0 9 0 0 0 0 0 0 0 8 0 0 2 0 0 2 2 0 0 0 58 0 0 0 0 0 0 0 0 0 0 0 0 0 1 23 0 12 0 2 
 0 0 0 0 5 0 0 0 0 0 0 0 0 0 8 0 3 0 9 0 0 0 0 1 35 0 0 9 63 0 2 25 0 11 0 0 0 0 0 0 164 118 196 109 0 145 152 146 73 97 143 215 286 126 97 327 55 124 133 88 48 6 2 1 0 0 50 57 2 4 0 2 72 2 0 0 3 0 49 45 0 0 0 0 0 0 0 0 0 0 0 0 0 0 0 0 0 0 0 0 0 0 0 0 0 0 0 0 0 0 0 0 0 0 0 0 0 0 0 0 0 1 6 20 14 14 0 0 9 6 0 26 0 6 13 0 12 8 0 0 1 0 0 0 0 5 0 19 0 0 0 8 12 0 0 5 0 0 11 14 0 0 0 0 0 0 0 0 0 1 0 0 0 0 0 0 0 6 0 0 0 0 0 0 0 15 0 0 0 0 0 0 0 0 0 0 0 0 0 0 22 12 0 15 19 24 7 0 9 7 6 27 0 7 22 6 11 0 15 0 36 15 20 0 0 0 39 21 0 17 1 0 21 0 26 20 0 22 34 24 0 0 0 0 0 0 0 1 0 0 0 15 0 0 0 0 2 0 63 3 24 0 64 4 1 1 0 0 3 0 0 0 0 0 0 0 0 0 0 0 0 0 0 0 0 13 0 0 0 0 
 0 0 0 0 5 0 1 2 1 0 0 0 0 0 0 0 0 0 2 0 2 2 0 0 0 0 0 0 0 0 0 4 0 4 3 3 9 0 62 7 44 175 107 122 145 0 54 90 71 46 501 81 32 53 80 426 71 58 57 103 0 4 56 0 0 0 47 7 0 0 51 0 6 104 3 49 0 0 18 1 0 0 0 0 0 0 0 0 0 0 0 0 0 0 0 0 0 0 0 0 2 0 1 0 3 0 0 0 3 15 0 0 0 0 2 0 0 0 3 0 6 0 0 13 20 16 0 0 0 0 0 23 0 0 0 11 0 0 0 0 0 0 0 0 0 3 0 19 0 0 0 7 2 3 0 16 16 0 11 10 0 0 0 0 0 0 0 12 0 0 0 0 1 13 0 8 0 0 0 0 0 0 0 6 3 0 0 0 2 0 0 0 0 2 3 0 3 8 0 0 0 11 0 8 19 20 0 0 0 11 21 18 0 0 0 8 0 0 3 0 13 0 2 0 1 0 10 38 0 1 59 0 11 14 20 19 0 0 25 21 0 0 4 0 0 0 0 17 0 0 0 10 0 0 0 0 0 0 0 17 0 0 0 121 0 19 0 4 1 0 0 0 0 0 0 0 0 0 0 0 0 9 0 0 0 0 0 0 0 0 
 3 3 3 3 4 3 3 3 3 3 3 3 3 3 3 3 3 3 3 3 0 0 0 82 98 133 0 0 26 0 1 147 0 4 0 0 0 0 0 2 88 93 152 187 152 54 0 444 64 496 291 249 167 160 38 82 112 273 132 50 0 0 0 0 0 0 0 0 0 0 7 0 0 0 0 0 0 0 0 0 0 0 0 0 0 0 0 0 0 0 0 0 0 0 0 0 0 0 0 0 0 0 0 0 12 10 3 0 0 0 0 32 0 0 0 0 30 0 0 0 0 0 19 15 0 0 21 25 0 39 13 0 23 0 74 0 17 1 0 18 0 0 0 21 7 0 0 0 0 0 0 0 0 0 0 0 0 0 0 0 4 0 0 0 0 0 0 0 0 2 0 0 0 4 0 0 0 8 0 0 0 0 0 0 35 14 0 0 0 0 0 0 0 0 0 0 0 0 0 0 28 14 11 0 0 37 9 12 23 12 0 7 0 13 14 43 15 17 27 19 0 0 0 0 0 0 0 1 0 0 0 0 0 0 0 0 0 0 0 1 0 0 0 0 0 0 0 0 0 0 0 11 0 2 0 0 0 0 42 0 21 0 0 0 6 4 0 1 2 0 0 0 0 0 0 0 0 0 0 0 0 0 0 0 0 0 0 0 0 0 
 3 0 0 0 0 0 0 0 0 0 0 0 3 0 2 0 0 0 0 3 2 2 2 2 65 4 2 2 3 2 5 4 66 23 2 2 2 0 2 2 303 60 178 80 146 90 444 0 81 178 94 154 163 526 180 50 104 88 74 54 0 0 6 4 4 7 0 0 5 1 6 0 0 2 4 0 3 1 52 2 0 0 12 0 0 0 2 9 0 6 0 0 0 0 0 3 0 0 11 0 0 0 0 0 0 8 0 0 0 10 0 0 0 0 0 0 0 0 0 0 0 15 10 32 11 0 19 19 17 20 14 1 23 16 8 21 11 43 3 0 0 0 0 0 2 0 0 0 0 0 0 4 20 0 0 3 0 0 11 0 0 0 0 0 0 0 15 0 0 2 0 0 0 21 0 6 13 0 0 0 0 0 0 0 0 0 0 0 0 1 0 0 0 0 0 0 0 0 0 0 10 56 7 7 27 18 0 9 0 33 0 21 1 14 0 19 19 34 0 0 0 0 0 0 0 0 0 0 0 0 0 0 10 0 4 7 0 0 11 13 0 0 0 0 0 2 0 0 0 0 0 38 0 0 0 20 0 0 0 8 0 0 2 35 72 5 1 64 0 0 15 1 0 0 0 1 0 0 0 0 0 0 0 0 0 13 0 0 0 0 
 0 65 65 38 1 1 0 44 0 0 0 1 0 0 0 0 63 65 0 0 0 0 2 0 0 0 3 0 1 1 0 0 64 0 0 0 1 0 1 5 46 131 180 123 73 71 64 81 0 158 51 102 157 93 194 62 67 317 327 154 11 56 0 0 0 2 0 9 4 0 17 2 0 4 0 0 5 0 4 5 18 0 0 0 14 0 0 0 33 0 0 2 0 0 0 27 2 0 0 0 0 0 0 0 9 20 14 0 0 0 0 0 0 0 0 0 0 0 1 0 14 9 0 21 21 0 1 9 52 27 1 31 0 11 0 0 24 0 0 0 0 0 5 3 0 0 1 0 0 0 0 0 0 0 0 4 0 5 10 17 0 8 16 14 0 0 0 0 10 37 0 0 0 0 0 0 0 0 0 0 0 0 0 0 0 0 0 0 0 0 0 0 10 0 0 0 0 0 0 1 23 0 15 0 0 11 0 7 22 11 7 0 13 0 0 0 0 0 0 0 0 0 1 0 0 0 10 0 0 0 0 10 1 4 0 0 0 0 0 6 0 0 22 0 0 0 0 0 18 0 0 6 0 1 0 0 0 0 0 0 0 0 0 0 0 0 1 0 0 0 0 0 0 0 0 0 0 0 0 0 0 0 0 0 9 9 0 0 2 0 
 4 2 4 4 4 2 2 3 2 3 4 2 2 3 2 3 4 2 2 2 2 2 0 2 2 3 1 0 1 1 2 2 3 4 1 2 2 1 0 0 39 88 129 358 97 46 496 178 158 0 361 46 50 99 105 108 282 282 86 170 0 0 0 5 0 0 0 7 0 0 0 0 0 0 0 0 0 0 0 0 0 0 0 0 0 0 0 0 0 0 0 0 0 0 0 0 0 0 0 0 0 0 0 0 0 0 0 0 0 0 0 0 0 0 0 0 0 0 0 10 58 27 0 14 1 0 0 34 22 22 29 27 0 6 7 20 29 0 0 0 3 0 11 0 0 0 1 10 0 0 0 1 4 0 0 7 0 0 2 3 0 0 0 0 0 0 0 0 0 0 0 0 0 0 0 0 0 0 0 0 0 0 0 0 1 0 0 0 0 0 0 0 0 0 0 0 3 0 0 0 19 32 2 0 14 19 0 1 26 35 1 0 6 0 0 26 22 0 0 0 8 10 0 0 0 0 1 1 0 4 7 0 0 0 0 0 0 0 0 1 0 0 15 0 0 0 0 0 0 1 0 10 2 1 0 0 0 0 1 0 0 0 0 0 6 4 0 8 0 2 3 0 0 2 0 0 0 0 0 0 0 3 3 0 0 19 0 0 2 1 
 0 0 0 0 0 0 0 0 0 0 0 0 0 0 0 0 0 0 0 0 0 0 0 0 0 0 0 0 0 0 2 0 1 1 0 0 0 1 0 4 36 83 178 145 143 501 291 94 51 361 0 153 37 29 282 153 343 216 56 72 38 0 0 0 0 0 53 17 0 0 0 0 53 0 0 0 1 0 0 73 0 0 0 0 0 0 0 0 0 0 0 0 0 0 0 0 0 0 0 0 0 0 0 0 0 0 0 0 0 0 0 0 0 0 0 0 0 0 0 0 0 8 0 17 13 30 0 13 0 6 0 0 0 0 8 0 10 4 0 0 18 21 0 0 0 4 1 6 0 0 0 0 0 0 0 11 0 0 0 10 0 0 0 0 0 0 0 10 0 0 0 10 3 0 0 0 0 0 0 0 0 0 0 0 0 0 0 0 0 0 0 0 0 0 0 0 0 0 0 14 16 47 4 1 0 7 0 0 0 7 12 30 0 18 0 10 7 3 0 0 13 17 34 6 0 0 37 0 2 37 0 0 22 10 26 25 0 10 11 8 0 0 0 0 0 0 0 0 0 0 0 4 0 0 0 0 0 0 0 4 0 1 99 0 40 13 0 0 1 0 0 0 0 0 0 0 0 0 0 0 0 0 0 0 5 0 0 0 2 0 
 0 0 0 0 2 42 0 0 0 0 0 0 0 0 63 0 0 0 1 0 2 0 0 0 0 0 0 0 0 0 0 2 0 12 0 0 0 0 0 0 34 152 204 158 215 81 249 154 102 46 153 0 43 34 34 114 103 92 17 40 54 11 0 0 0 0 229 58 0 3 0 0 1 0 0 0 0 1 67 52 0 0 0 0 0 1 0 0 0 0 0 0 0 0 0 0 0 0 0 0 0 0 0 0 0 0 0 0 0 0 0 0 10 0 0 0 0 0 0 0 0 0 6 22 51 9 0 16 9 1 1 43 0 0 11 0 12 0 0 0 3 0 0 9 0 0 0 1 0 0 0 17 12 1 0 7 0 0 9 29 0 0 0 0 0 0 0 7 0 0 0 0 0 0 0 2 0 0 0 0 0 0 0 0 8 0 0 0 0 0 0 0 0 0 0 0 0 0 0 0 11 27 0 4 37 41 21 0 0 33 25 30 0 0 0 13 11 16 0 0 13 14 0 0 0 0 3 1 0 0 0 0 23 18 19 35 0 1 11 33 0 0 19 0 0 0 0 0 0 0 0 18 0 0 0 0 0 0 0 25 0 0 8 67 3 14 0 0 1 0 0 0 0 0 0 0 0 0 0 0 0 0 0 0 0 20 0 0 0 0 
 0 0 0 0 1 0 0 0 0 0 0 0 0 0 0 0 2 0 0 0 2 3 2 96 99 64 2 4 3 7 2 69 2 3 2 2 6 0 2 10 274 70 268 59 286 32 167 163 157 50 37 43 0 438 38 237 178 42 331 48 0 0 0 0 0 0 0 0 0 0 8 0 0 0 0 0 0 0 0 0 1 0 0 0 0 0 0 0 0 16 0 0 0 0 0 0 0 0 0 0 6 0 1 0 3 51 0 0 1 9 0 25 0 0 3 0 20 0 1 0 11 10 19 0 0 0 34 0 1 0 23 20 6 14 4 7 21 11 1 0 0 0 0 0 5 0 0 23 0 0 0 0 0 0 0 0 0 0 0 0 0 0 0 13 0 0 0 0 0 1 0 0 0 0 0 0 0 0 0 0 12 0 4 0 10 7 0 0 15 0 2 0 1 3 0 0 12 1 0 0 30 3 22 0 0 0 10 11 23 0 0 1 9 21 18 16 9 23 74 6 0 0 0 0 0 0 0 0 0 0 0 0 1 0 0 0 0 0 0 0 0 0 1 0 0 0 0 0 0 0 0 10 0 0 0 0 0 0 0 1 0 0 0 0 2 2 2 2 0 0 0 0 0 0 0 0 0 0 0 0 0 19 0 0 10 13 0 0 0 0 
 0 0 0 0 1 0 3 0 0 0 0 0 0 0 4 0 0 0 8 0 3 3 4 95 128 216 4 3 4 3 5 71 7 3 3 3 3 3 3 3 209 99 58 74 126 53 160 526 93 99 29 34 438 0 144 243 147 238 107 373 0 0 0 0 0 0 0 0 0 0 5 3 0 0 0 0 0 0 0 0 0 0 0 0 0 0 0 0 0 0 0 0 0 0 0 0 0 0 0 0 0 0 1 1 3 34 0 0 0 5 1 34 19 0 6 0 23 0 6 0 7 10 1 0 0 0 16 0 0 13 28 0 13 18 4 6 0 30 2 0 0 0 0 0 5 0 0 1 0 0 0 0 0 0 18 0 0 0 0 0 0 0 0 0 0 0 0 0 0 0 0 0 0 0 0 0 0 0 0 0 0 0 0 0 10 13 0 0 0 0 0 0 0 0 0 0 18 0 0 0 20 10 0 0 0 0 11 26 23 0 1 0 8 32 20 14 76 7 61 9 0 0 0 0 0 0 0 0 0 0 0 0 0 0 0 0 0 0 0 0 0 0 0 0 0 0 0 0 0 0 0 5 0 0 0 0 0 0 0 0 0 0 0 0 0 2 1 65 0 0 0 0 0 0 0 0 0 0 0 0 0 0 0 0 19 0 0 0 0 0 
 1 2 1 1 4 0 0 1 62 62 35 0 33 0 60 66 4 1 0 58 0 0 1 3 30 63 3 28 0 0 0 0 1 0 3 0 0 0 0 0 97 69 51 277 97 80 38 180 194 105 282 34 38 144 0 184 211 46 95 421 0 0 0 1 0 2 1 0 3 0 8 0 3 0 0 0 5 0 2 5 1 3 0 0 0 0 0 13 0 19 0 0 0 14 0 0 1 0 0 0 0 0 0 0 0 2 0 0 0 0 0 0 0 0 0 0 0 0 0 0 14 16 37 0 20 0 27 0 19 3 27 0 3 1 8 38 9 4 0 0 0 0 0 5 0 0 35 0 9 0 0 0 2 7 0 0 0 18 39 1 0 0 0 22 0 6 4 0 0 0 4 0 0 1 0 23 0 0 0 0 0 0 0 0 0 0 0 0 0 0 0 3 0 0 0 0 0 0 0 0 33 46 9 5 34 11 0 17 0 19 3 10 1 13 0 13 8 19 15 0 0 0 14 0 0 0 3 8 0 0 0 0 14 5 0 4 0 2 13 21 0 0 0 0 0 0 0 0 63 0 0 3 0 2 0 0 0 0 0 21 0 0 0 73 0 3 0 2 0 0 0 0 0 0 0 0 0 0 0 0 0 0 0 0 12 0 0 0 1 0 
 73 60 4 4 3 3 3 3 13 10 3 3 9 6 3 3 6 9 10 4 0 0 0 40 0 65 3 0 0 0 3 0 0 0 0 0 62 0 0 1 43 199 39 119 327 426 82 50 62 108 153 114 237 243 184 0 391 137 46 92 0 6 0 0 0 0 0 2 0 0 0 1 0 0 0 206 206 0 49 0 0 0 8 0 0 1 7 0 0 1 0 0 0 0 0 7 0 0 0 1 0 0 0 0 10 0 0 0 0 0 0 0 0 0 0 0 0 0 0 0 0 0 0 19 30 12 0 0 0 40 10 10 8 13 0 3 1 0 0 7 8 0 0 6 0 0 0 33 0 0 0 9 0 0 0 22 0 0 0 11 0 0 0 0 0 0 0 2 0 2 10 3 2 0 0 0 7 8 0 0 13 0 0 0 0 0 0 0 0 0 0 0 7 0 0 0 0 0 1 0 10 0 7 44 36 24 26 0 17 1 36 35 0 0 0 6 0 12 0 0 9 14 7 1 0 0 14 8 0 0 0 0 0 10 21 6 0 0 0 0 0 26 0 0 0 0 0 0 0 0 0 7 0 1 0 0 0 0 0 0 0 0 0 1 0 11 0 0 1 0 0 0 0 0 0 0 0 0 0 0 0 0 0 0 2 0 0 0 2 0 
 0 0 0 0 3 0 0 3 0 0 0 0 0 0 10 62 3 0 0 1 0 0 0 0 65 63 34 64 0 0 1 0 4 0 4 0 0 0 0 0 118 103 57 273 55 71 112 104 67 282 343 103 178 147 211 391 0 123 51 302 0 1 0 0 0 0 0 2 1 0 5 0 0 2 0 0 0 0 0 0 0 0 0 3 0 0 0 0 6 0 0 2 0 0 0 0 4 1 0 0 0 0 0 0 0 54 0 0 0 0 0 0 3 0 0 0 0 0 0 0 8 1 1 30 0 0 16 22 19 12 14 20 48 40 1 3 24 19 0 10 0 0 0 4 4 0 0 0 0 0 0 4 26 0 0 0 0 0 0 0 0 4 0 0 0 0 1 1 3 2 0 1 0 0 0 0 0 0 0 0 0 0 0 0 10 0 6 0 0 0 0 0 0 0 0 0 0 0 0 4 21 47 28 0 21 0 0 14 22 17 9 0 0 14 0 6 24 16 12 0 0 0 0 0 0 0 0 0 0 0 0 0 0 0 0 0 0 0 0 0 0 0 0 0 0 0 3 0 0 0 0 3 0 1 0 0 0 0 0 10 0 0 0 2 1 3 1 104 0 0 0 0 0 0 0 0 0 0 0 0 0 0 0 0 0 0 0 0 2 0 
 3 3 3 3 8 3 5 3 3 3 3 3 4 3 3 9 3 3 3 3 0 2 3 0 65 65 2 0 1 62 50 0 0 4 1 0 0 0 0 0 39 48 268 118 124 58 273 88 317 282 216 92 42 238 46 137 123 0 43 162 95 0 0 3 0 0 20 52 0 0 0 0 2 0 0 0 2 0 51 52 0 0 0 0 0 0 0 0 0 0 0 0 0 0 0 0 0 0 0 0 0 0 0 0 0 0 0 0 0 0 0 0 0 0 0 0 0 0 0 0 18 17 18 33 33 12 0 35 17 4 41 23 0 3 8 19 12 5 0 14 11 0 3 0 0 0 1 3 0 0 0 1 1 1 0 0 0 0 22 4 0 0 0 4 0 0 4 0 0 0 0 0 0 0 0 7 0 0 0 0 0 0 0 0 0 0 0 0 0 0 0 0 0 0 0 0 0 0 0 0 0 26 21 4 28 29 0 15 14 40 18 19 0 0 0 3 1 16 0 0 15 21 0 0 0 0 1 0 0 8 3 0 26 10 11 21 0 0 13 16 0 0 15 0 0 3 0 0 0 0 0 21 2 0 0 0 0 0 2 21 0 22 9 69 0 4 0 3 0 0 0 0 0 0 0 0 0 0 0 0 0 0 2 0 0 19 0 0 1 0 
 3 3 3 3 4 3 3 3 3 3 9 20 5 3 3 3 11 3 3 3 67 64 45 108 68 119 3 0 55 70 64 183 0 3 2 142 62 90 2 1 60 49 36 74 133 57 132 74 327 86 56 17 331 107 95 46 51 43 0 405 0 2 0 0 0 0 0 0 0 0 0 0 0 0 0 2 1 0 0 0 0 0 0 5 0 0 0 0 0 0 7 1 0 0 0 0 0 0 0 0 0 0 10 2 0 14 0 5 0 2 0 42 1 0 0 17 34 18 0 0 0 0 1 0 0 0 6 6 0 0 1 0 12 0 21 0 0 0 6 11 0 0 0 0 0 0 15 6 0 0 0 0 0 0 0 0 0 0 0 0 0 0 0 0 0 0 0 0 5 2 0 4 0 2 0 0 0 46 0 0 0 1 71 27 18 28 0 0 0 18 41 31 2 0 0 11 0 1 0 0 0 24 0 0 0 0 28 30 0 13 0 0 1 2 36 0 1 0 7 23 0 0 0 0 0 0 0 0 0 0 7 0 0 0 0 0 0 0 0 0 0 0 0 0 0 0 5 0 0 0 0 10 0 2 0 0 0 0 56 0 9 0 1 0 2 2 0 0 1 0 0 0 0 0 0 0 0 0 0 45 0 0 0 0 0 6 0 0 0 0 
 0 0 0 0 2 0 0 0 0 0 0 0 0 0 0 0 0 0 0 0 0 0 0 67 1 55 0 0 0 0 32 0 0 2 64 18 18 0 0 3 150 44 49 78 88 103 50 54 154 170 72 40 48 373 421 92 302 162 405 0 0 56 2 1 1 0 3 3 17 21 0 0 0 0 0 42 0 0 0 0 0 0 7 0 0 0 0 0 0 0 0 0 0 0 0 0 0 0 0 0 0 8 0 0 11 0 0 0 0 0 0 20 0 0 0 0 0 11 0 0 10 34 20 19 20 0 0 0 24 18 7 0 14 18 10 31 10 11 2 10 0 0 0 0 0 0 0 0 0 0 0 0 0 0 0 8 0 0 20 0 0 0 0 5 0 0 9 0 0 2 0 0 0 0 0 0 0 0 0 0 0 0 0 4 0 8 0 0 0 2 15 17 0 0 0 0 0 0 0 0 1 5 10 7 9 11 1 14 10 0 34 0 11 1 0 0 0 17 0 2 0 0 0 0 0 0 0 0 0 0 0 0 17 0 0 0 0 0 15 0 0 0 0 0 0 0 0 0 0 0 0 6 0 0 0 0 0 0 0 0 0 0 1 7 3 65 2 0 0 0 9 0 0 0 0 0 0 0 0 0 0 0 0 0 11 0 10 0 0 0 
 0 0 0 0 0 0 0 0 0 0 0 0 0 0 0 5 3 0 0 0 3 3 3 3 3 3 3 3 3 3 3 3 3 5 3 3 3 0 3 3 0 0 0 56 48 0 0 0 11 0 38 54 0 0 0 0 0 95 0 0 0 77 356 73 29 34 187 391 139 32 94 93 217 82 79 119 26 36 106 97 0 0 47 0 0 0 0 0 0 0 0 0 0 0 0 0 0 0 0 8 0 0 0 0 0 0 0 0 0 0 0 0 0 0 6 0 0 0 0 0 0 0 0 0 11 12 0 0 0 0 0 0 0 0 0 0 0 0 0 0 0 0 11 0 0 4 45 0 10 0 22 23 8 0 88 0 2 0 0 17 0 0 0 0 16 0 0 0 0 1 0 1 9 0 0 0 0 0 0 0 0 0 0 0 0 0 0 0 14 0 0 0 0 0 0 0 0 0 3 0 0 0 0 0 0 0 0 0 0 0 0 10 0 0 0 0 0 0 0 0 21 13 32 10 2 0 56 0 38 22 4 31 13 16 17 3 19 8 8 8 0 0 0 0 0 0 0 0 0 0 0 0 0 0 17 0 0 0 0 0 0 0 52 0 0 0 0 0 0 0 2 0 0 2 0 0 0 0 0 0 0 0 0 0 0 2 0 9 0 0 
