 0 489 212 53 44 42 141 671 78 23 34 99 149 239 119 436 520 49 50 47 0 3 3 0 0 0 0 0 2 3 0 2 3 1 4 0 0 0 81 0 0 0 0 2 3 0 0 2 0 0 45 3 1 3 0 10 2 0 0 3 3 3 0 0 0 0 30 6 1 3 0 0 0 3 0 0 0 0 0 0 0 37 30 11 13 0 1 52 11 0 8 21 22 0 23 29 2 15 0 9 0 0 0 0 0 0 0 0 0 0 0 0 0 0 0 0 0 0 24 0 0 0 0 0 0 0 0 0 0 0 0 0 0 0 0 0 0 0 0 0 0 0 0 0 0 0 0 0 0 0 0 0 0 0 3 0 0 0 0 0 12 29 0 1 0 11 19 17 0 0 24 23 14 0 18 16 0 39 0 16 0 0 0 0 0 0 0 0 0 0 0 0 0 0 0 0 0 0 0 0 0 0 0 0 0 0 0 0 0 0 0 0 0 0 0 0 0 0 0 1 0 0 0 0 0 0 0 2 0 0 0 0 0 0 0 0 0 0 0 0 0 0 0 0 0 2 0 1 0 0 1 0 0 0 0 0 0 0 0 0 0 0 14 0 0 0 1 0 0 0 0 0 0 0 0 0 0 0 0 0 0 0 0 0 0 0 0 0 0 0 
 489 0 273 64 159 33 68 167 162 66 28 50 27 145 58 231 195 261 134 287 0 3 0 0 0 0 0 0 0 3 0 2 40 0 2 0 0 0 108 35 0 0 0 2 0 0 0 2 0 0 3 1 0 0 0 3 0 0 0 1 34 3 0 0 0 1 4 2 0 0 0 41 2 3 0 0 33 0 0 0 2 12 15 0 0 23 0 10 2 16 31 0 0 0 0 0 12 1 0 0 0 0 0 0 0 0 0 0 0 11 0 0 0 0 0 11 0 0 0 0 0 0 0 0 0 0 0 0 0 0 0 0 2 0 0 0 0 0 0 0 0 0 0 0 0 0 0 0 0 0 0 0 0 0 0 0 0 0 0 0 50 29 24 4 0 0 15 22 0 15 22 26 17 18 0 17 0 28 0 26 0 15 0 0 0 0 0 0 0 0 5 0 15 0 0 0 0 0 0 0 0 0 0 0 0 0 13 1 0 0 0 0 0 0 0 0 0 0 0 0 0 0 0 19 0 0 0 0 0 0 0 0 0 0 0 0 0 0 0 0 0 0 0 0 0 2 1 0 3 0 0 4 0 0 0 0 0 0 0 0 0 0 0 0 0 0 0 0 0 0 0 0 0 2 0 0 0 0 0 0 0 0 0 0 0 0 0 0 0 0 
 212 273 0 271 49 144 293 363 295 83 56 239 157 210 150 193 543 121 242 264 5 3 3 0 3 0 0 0 2 3 0 1 81 0 2 3 0 1 37 75 0 0 0 2 0 0 0 2 6 0 3 0 0 0 0 6 1 6 0 7 3 3 0 0 0 0 5 3 1 47 4 3 0 3 0 0 0 0 3 0 4 17 27 0 30 13 0 0 10 6 16 0 7 0 0 1 20 0 0 8 0 0 0 0 0 0 18 0 14 0 0 20 11 0 0 0 0 0 18 0 0 0 0 0 0 12 0 0 0 0 0 0 0 0 0 0 0 1 0 0 0 0 0 0 0 0 0 0 0 0 0 0 0 0 0 0 0 0 0 0 24 12 0 4 9 7 0 32 14 59 22 22 14 0 0 24 0 36 0 3 12 1 0 0 0 0 13 14 0 8 0 0 12 0 0 0 0 0 0 0 1 0 0 0 1 0 0 0 0 0 0 0 0 0 0 0 0 0 0 0 1 0 0 0 0 0 0 0 0 0 0 0 0 0 0 0 0 0 0 0 0 0 0 0 0 0 2 1 0 1 8 63 0 0 0 0 0 0 0 0 0 0 0 0 0 0 0 0 0 0 0 0 0 0 0 0 0 0 0 0 0 0 0 0 0 0 0 0 0 0 
 53 64 271 0 100 352 210 83 158 101 301 221 300 148 61 250 130 154 305 153 0 3 2 0 0 2 0 0 0 3 3 2 87 0 0 0 10 0 91 82 0 0 72 2 0 6 0 2 0 0 15 0 0 62 0 7 0 38 0 9 3 3 0 0 0 0 0 6 5 0 4 0 0 6 0 0 3 0 1 17 12 17 28 11 24 0 0 13 10 24 8 29 1 11 0 18 23 22 0 0 0 11 0 0 34 0 24 5 0 0 0 0 0 0 0 0 0 0 34 6 0 0 0 0 0 0 22 0 2 0 0 6 0 0 0 2 0 1 0 0 0 0 1 0 0 0 0 0 0 0 0 0 0 0 0 0 0 9 0 0 9 0 26 11 28 53 0 16 32 21 4 0 0 0 12 18 13 27 0 0 24 8 0 0 0 0 47 55 0 0 1 0 0 15 0 0 0 0 16 10 0 0 0 0 0 0 0 0 0 0 0 0 0 0 0 0 0 0 0 0 1 0 0 0 0 8 0 0 0 0 0 0 0 0 0 0 0 0 0 0 0 0 0 0 0 3 6 2 6 95 11 6 0 0 2 0 1 0 0 0 0 0 13 0 0 0 0 0 0 0 0 0 1 0 0 14 0 22 0 0 0 0 0 0 0 1 0 0 0 0 
 44 159 49 100 0 62 66 293 288 110 399 212 106 75 276 85 55 133 93 61 0 78 0 0 2 0 0 163 0 3 0 2 105 97 1 2 0 137 96 74 0 59 0 2 6 0 0 2 0 0 3 4 0 4 0 3 0 1 2 0 3 3 0 0 0 4 3 3 3 0 3 3 0 2 0 0 0 0 5 0 0 0 1 0 17 12 0 0 0 0 10 0 0 0 0 0 0 0 0 0 59 10 0 2 0 0 19 14 0 12 0 0 13 20 11 2 15 0 42 29 0 0 0 0 0 0 0 0 0 0 0 0 0 0 0 0 0 0 0 0 0 0 0 0 0 0 0 0 0 0 0 0 0 0 0 3 11 0 0 0 15 0 0 1 7 6 0 0 0 23 23 0 1 0 0 0 26 0 0 0 11 8 16 0 0 0 3 18 0 15 2 22 26 16 20 13 24 19 42 26 0 0 0 0 0 0 0 0 0 2 0 0 0 0 9 0 0 0 0 0 0 0 14 0 0 0 0 0 0 0 0 0 0 0 0 0 0 0 0 0 0 0 0 0 0 5 119 0 0 2 0 4 0 0 0 0 0 0 0 0 74 0 0 0 0 0 1 0 0 0 0 0 0 0 0 0 0 10 0 18 0 0 0 0 0 0 0 0 0 0 
 42 33 144 352 62 0 233 28 95 90 173 204 34 34 43 65 406 115 61 35 0 3 0 0 2 2 0 0 0 3 0 2 125 2 0 0 0 0 77 111 3 0 0 2 0 3 0 2 0 0 5 0 1 0 0 66 0 0 0 2 2 3 0 5 2 0 0 6 4 0 3 0 3 5 0 0 0 0 0 55 0 12 20 11 14 14 0 0 11 21 21 12 2 6 0 0 13 23 0 0 0 13 0 4 0 0 14 11 0 1 0 0 0 0 0 0 2 0 15 0 2 0 0 0 0 0 0 0 0 0 0 6 0 0 0 0 0 0 0 0 0 0 0 0 0 0 2 0 0 0 0 0 0 0 0 0 0 0 0 0 5 0 9 12 14 21 0 24 18 9 0 0 0 0 13 18 12 0 2 11 20 43 0 0 0 0 36 0 0 0 14 0 0 10 0 13 0 0 15 13 0 0 0 0 0 0 0 0 0 0 0 0 0 0 1 0 0 0 0 0 0 0 2 0 0 0 0 0 0 0 0 0 16 0 0 0 0 0 0 0 0 0 0 0 0 0 45 0 1 95 1 1 0 0 0 0 0 0 0 0 0 0 0 0 0 0 0 0 0 0 0 0 0 0 0 14 3 10 0 0 0 0 0 0 0 0 0 0 0 0 
 141 68 293 210 66 233 0 75 70 136 42 117 323 85 41 271 33 35 67 508 2 3 3 0 0 0 0 0 1 8 0 2 4 0 2 0 0 0 0 0 2 0 4 2 0 0 0 3 8 0 3 0 64 0 36 6 0 0 0 0 3 3 2 0 0 0 3 3 1 0 0 3 0 3 0 0 0 0 3 0 16 25 0 9 0 0 2 2 35 0 2 9 13 1 9 25 0 0 9 12 0 0 0 0 0 0 0 0 0 0 0 0 0 0 0 0 0 0 0 0 0 0 0 0 0 0 0 0 0 0 0 0 0 2 0 0 0 0 0 0 2 0 0 0 0 2 0 0 3 0 1 0 0 0 2 0 0 10 0 0 0 14 33 1 0 0 19 37 14 0 0 17 14 44 1 0 0 0 11 9 0 0 0 1 0 0 0 2 0 0 0 0 0 0 0 1 0 0 0 0 0 0 0 0 0 0 0 0 0 0 0 0 1 0 0 0 0 2 0 0 0 0 0 2 0 0 0 0 0 0 0 0 2 0 0 0 0 3 0 0 0 0 0 0 0 0 2 0 50 2 0 2 0 0 0 0 0 0 0 0 0 0 0 0 0 0 0 0 0 0 0 0 0 0 0 0 0 0 0 0 0 0 0 0 0 0 0 0 0 0 
 671 167 363 83 293 28 75 0 108 151 125 55 108 332 140 137 253 144 166 230 0 3 0 0 0 0 1 2 2 3 0 2 3 0 3 0 0 0 0 0 28 0 0 2 0 0 0 4 0 0 3 0 0 0 0 6 1 0 0 3 3 3 0 0 0 2 2 3 1 0 0 0 0 3 0 0 0 0 0 0 0 14 3 14 1 2 14 40 14 13 68 0 0 25 15 9 32 2 0 12 2 0 0 0 0 0 0 0 0 0 0 0 0 0 11 0 0 0 0 0 0 0 2 14 0 0 0 0 0 0 0 0 0 0 0 0 0 0 0 5 0 2 0 0 0 0 0 0 0 0 0 0 0 0 0 0 0 0 0 0 25 57 47 18 0 0 24 0 17 0 47 43 22 20 0 15 0 33 13 11 0 0 0 0 0 0 0 0 0 0 0 0 17 0 0 0 2 0 0 0 0 0 0 0 0 0 0 0 0 0 0 0 0 0 0 0 0 0 0 19 0 0 0 0 1 0 0 0 0 0 0 0 0 0 0 3 0 1 0 0 0 6 0 0 0 0 0 1 1 0 0 10 0 0 0 0 0 0 0 0 0 0 0 0 0 0 0 0 0 0 0 0 0 0 0 19 0 0 0 0 0 0 0 0 0 0 0 0 0 0 
 78 162 295 158 288 95 70 108 0 333 204 376 341 293 512 685 43 41 79 93 0 3 0 0 0 0 0 0 2 3 0 0 3 0 0 0 0 0 75 83 0 0 0 2 0 0 0 2 0 0 3 0 0 0 0 4 0 0 0 2 3 3 0 0 49 0 1 3 2 0 26 0 0 2 0 0 0 0 36 0 53 14 30 0 22 1 9 29 9 11 0 15 0 12 0 15 10 9 0 0 0 41 0 0 0 0 1 0 0 0 0 0 0 0 0 0 0 0 25 8 0 0 0 0 0 0 0 0 0 0 10 0 0 0 0 0 0 0 0 0 0 0 0 0 0 0 0 0 0 0 0 0 0 0 0 0 0 0 0 0 27 0 10 16 38 0 0 13 10 16 0 0 14 0 0 0 0 24 0 10 34 0 0 0 0 0 12 8 0 0 0 0 0 59 0 7 1 0 1 0 0 0 0 0 0 0 0 0 0 0 0 0 9 0 0 0 0 0 0 0 0 0 0 7 0 0 0 0 0 0 0 0 0 0 0 0 0 0 0 0 0 0 0 0 0 2 8 0 0 0 32 8 0 0 0 0 0 0 0 0 0 0 12 0 0 0 0 0 0 0 0 0 0 0 0 14 0 9 0 0 0 0 0 0 0 0 0 0 0 0 
 23 66 83 101 110 90 136 151 333 0 364 229 261 165 178 206 138 455 149 345 3 3 0 0 0 73 0 5 2 3 0 2 3 0 0 0 0 0 0 80 0 0 0 2 0 0 0 2 2 0 3 0 0 0 64 6 0 0 0 0 2 46 0 0 0 0 7 2 0 0 0 0 0 3 0 0 0 0 0 0 0 17 0 47 0 0 3 0 14 43 15 34 7 17 29 65 13 0 0 12 0 22 0 0 0 1 0 0 0 0 2 0 0 0 0 0 0 0 15 0 0 0 0 0 0 1 0 0 0 0 0 0 0 0 0 0 0 0 0 0 0 0 10 0 0 0 0 0 0 0 0 0 0 0 0 0 0 0 2 45 0 14 48 1 18 0 0 25 17 19 28 27 0 10 1 8 11 24 15 0 13 0 2 0 0 0 0 0 0 0 0 0 0 20 0 2 0 0 12 0 0 0 2 0 0 0 1 0 0 0 0 0 0 0 0 0 18 0 0 0 0 19 0 0 0 0 0 0 0 0 0 0 0 0 0 0 0 0 0 0 0 6 0 0 0 0 5 3 1 4 0 2 0 0 0 0 0 0 0 0 0 0 0 0 0 0 0 0 0 0 0 0 0 0 0 31 5 9 0 0 0 0 0 0 0 0 0 0 0 0 
 34 28 56 301 399 173 42 125 204 364 0 63 34 52 146 386 226 152 45 151 1 3 0 0 0 0 76 131 0 3 0 2 6 75 0 0 0 0 77 145 0 0 0 2 0 0 1 2 0 0 3 0 0 0 0 25 0 0 0 0 3 3 0 0 0 0 0 5 1 0 0 0 0 3 0 0 1 0 0 0 16 0 19 29 0 14 1 14 36 14 8 35 0 0 2 19 29 20 0 0 0 22 0 0 0 0 0 15 1 0 0 0 3 15 0 0 0 0 25 0 14 0 0 0 0 0 2 0 0 0 0 0 0 0 0 0 0 0 0 0 0 0 0 0 0 0 0 0 0 0 0 0 0 0 0 0 0 0 0 0 3 0 11 0 15 2 0 1 31 33 0 1 0 14 1 2 12 38 1 0 21 8 0 0 2 0 0 18 0 2 0 0 0 14 0 15 0 19 67 10 0 0 0 0 0 16 0 24 0 0 0 0 0 2 0 0 0 0 0 0 0 0 0 0 0 0 0 0 0 0 0 0 0 0 0 0 0 0 0 0 0 5 0 0 0 0 94 0 4 6 12 2 13 0 0 0 0 0 0 0 0 0 17 0 0 0 0 0 0 0 0 0 0 0 0 0 17 5 0 0 0 0 0 0 0 0 0 0 0 0 
 99 50 239 221 212 204 117 55 376 229 63 0 31 60 143 52 120 272 60 89 0 3 0 0 0 0 74 1 0 4 76 2 77 148 0 0 2 75 0 78 0 0 0 2 4 0 0 2 0 0 3 1 0 0 0 3 0 0 0 0 2 3 0 0 0 1 0 2 0 0 0 0 0 3 0 0 0 0 0 3 0 14 0 24 21 11 0 14 6 38 15 15 0 25 0 10 0 14 23 0 0 47 13 0 2 0 10 0 0 11 0 0 16 11 0 13 11 0 17 0 0 2 0 0 0 0 0 0 0 0 0 19 1 0 1 0 0 0 0 0 0 0 0 0 0 0 0 0 0 0 0 0 0 0 0 0 0 0 0 0 0 0 13 8 11 22 0 17 8 16 20 10 0 0 8 23 11 0 0 0 0 0 15 0 0 0 0 20 24 15 0 0 7 7 31 0 40 0 24 45 0 0 0 0 0 0 0 2 0 0 0 0 0 0 11 0 0 0 0 0 0 0 0 0 0 0 0 0 0 0 0 0 0 0 0 0 0 0 0 0 0 0 0 0 0 0 88 2 89 0 0 0 0 0 2 0 0 0 0 0 0 0 0 0 0 0 0 0 0 0 0 0 0 0 0 11 10 0 0 0 0 0 0 0 0 0 0 0 0 0 
 149 27 157 300 106 34 323 108 341 261 34 31 0 186 55 59 48 44 108 229 2 3 0 3 0 0 0 0 1 6 3 2 3 0 4 0 2 79 0 0 0 0 8 2 0 3 0 2 0 0 3 2 0 0 1 6 3 0 0 0 3 5 3 0 1 0 0 6 2 3 3 0 0 2 0 0 0 0 1 0 3 23 0 20 0 0 19 0 6 14 0 10 24 14 23 13 0 0 52 15 0 0 0 17 0 0 0 0 0 0 0 0 0 0 0 0 0 0 0 0 0 0 0 0 0 0 0 0 0 0 0 0 0 1 0 0 0 0 0 0 1 0 0 0 0 0 0 0 0 0 0 0 0 0 0 0 0 1 0 0 9 0 0 9 0 0 29 14 0 0 0 57 14 49 0 14 0 0 0 9 0 0 0 0 0 0 0 1 0 0 0 0 0 0 0 2 0 0 0 0 0 0 0 6 0 0 0 0 0 9 0 0 1 0 0 0 0 0 0 0 0 0 0 0 0 0 0 0 0 0 1 0 0 0 0 0 0 0 0 0 0 1 4 0 0 0 1 1 106 0 0 5 0 0 0 0 0 0 0 0 0 0 0 0 2 0 0 0 0 0 0 0 0 0 0 0 13 0 0 0 0 0 0 0 0 0 0 0 0 0 
 239 145 210 148 75 34 85 332 293 165 52 60 186 0 215 362 146 43 84 508 0 3 0 2 0 1 0 0 1 3 0 2 3 0 0 0 0 0 0 0 0 0 61 2 0 0 0 2 3 0 3 0 2 0 0 13 0 0 0 0 3 3 0 0 0 0 0 3 3 0 0 0 0 2 0 0 0 49 2 0 17 16 28 3 21 17 10 49 12 0 8 36 14 18 26 34 13 23 0 28 0 29 0 0 0 0 0 0 0 0 0 0 9 0 0 0 0 0 1 0 0 0 0 0 0 0 0 0 1 0 0 0 0 0 0 1 0 1 0 0 0 0 2 0 0 0 0 0 0 0 0 0 0 16 0 0 0 0 0 0 20 20 17 0 0 0 18 9 17 2 0 1 12 15 2 0 6 17 0 39 0 0 0 0 0 0 0 0 0 0 0 0 0 0 0 0 20 0 0 9 0 0 0 0 0 0 0 0 2 0 0 0 0 0 0 0 0 0 0 0 0 0 0 0 0 0 0 0 0 0 0 0 0 0 8 0 0 0 0 0 0 0 0 0 0 2 1 0 0 0 0 11 0 0 0 0 0 0 0 0 0 0 21 0 0 0 0 0 0 0 0 0 0 0 0 1 0 0 0 0 0 0 0 0 0 2 0 0 0 0 
 119 58 150 61 276 43 41 140 512 178 146 143 55 215 0 394 31 264 85 209 0 3 0 110 0 2 0 0 1 6 2 2 78 0 0 0 0 74 1 0 0 0 6 2 0 0 0 2 0 0 3 0 0 0 0 3 0 0 0 0 2 3 0 0 50 0 5 2 0 0 13 0 0 3 0 0 0 2 0 0 45 1 42 13 0 0 2 9 3 34 0 28 1 75 32 0 1 0 71 0 0 0 0 0 0 0 0 6 0 0 0 0 5 0 0 0 0 0 0 0 0 0 0 0 0 0 0 0 0 0 0 0 0 0 0 0 0 0 7 0 0 0 0 0 0 0 0 0 0 0 0 0 0 10 0 0 0 0 0 0 57 1 9 9 24 0 11 14 0 26 0 1 0 0 1 10 16 1 0 32 2 0 0 0 0 0 1 0 0 0 0 0 0 14 0 0 0 26 5 8 1 0 0 0 0 0 0 0 0 0 0 0 0 0 0 0 0 0 0 0 0 0 0 0 0 0 0 0 0 0 0 0 0 0 0 0 0 0 0 0 0 1 0 0 0 0 2 0 1 1 13 3 0 0 0 0 0 0 0 0 0 0 0 0 0 0 0 0 0 0 0 0 0 0 0 16 11 1 0 0 0 0 0 0 0 0 0 0 0 0 
 436 231 193 250 85 65 271 137 685 206 386 52 59 362 394 0 182 257 45 279 0 3 0 0 0 1 0 0 1 3 0 2 3 0 0 0 0 0 1 0 0 0 1 2 0 0 0 2 0 0 3 0 0 0 0 8 0 0 0 0 3 3 0 0 0 0 23 3 2 0 0 0 0 2 0 0 0 0 1 0 0 38 43 10 36 0 0 11 49 20 12 10 0 1 20 31 75 13 0 9 0 0 0 0 0 0 17 0 0 0 0 0 13 0 0 0 0 0 27 0 0 0 0 0 0 0 0 0 0 0 0 2 0 0 0 0 0 1 0 0 0 0 2 0 0 0 0 0 0 0 0 0 0 0 0 0 1 0 0 0 19 20 13 12 17 9 9 13 37 11 12 16 0 0 0 14 0 56 12 0 11 0 0 0 0 2 2 13 0 26 0 0 0 0 0 0 0 0 20 0 0 0 17 0 0 0 8 0 2 0 0 0 0 0 0 0 0 0 0 0 0 0 0 0 0 0 2 0 0 0 0 0 0 0 0 0 0 0 0 0 0 0 0 0 0 1 0 2 2 56 0 0 0 0 0 0 0 0 0 0 0 0 26 0 0 0 0 0 0 0 0 0 0 0 0 19 11 0 0 0 0 0 0 0 0 2 0 0 0 0 
 520 195 543 130 55 406 33 253 43 138 226 120 48 146 31 182 0 162 126 116 3 8 0 0 0 2 75 0 0 3 0 2 38 0 3 3 3 0 88 0 3 103 2 2 2 0 6 4 0 0 5 0 0 3 0 12 0 5 0 0 5 3 2 0 12 1 0 6 4 2 0 0 5 2 3 0 0 5 3 1 0 14 36 11 8 0 0 23 29 34 36 21 0 0 12 13 52 16 0 10 2 1 0 0 0 0 0 6 0 0 0 0 0 0 0 0 0 0 10 0 0 0 0 0 0 0 0 0 0 0 0 7 0 0 0 0 0 0 0 0 0 2 0 0 0 0 0 0 0 0 0 0 0 0 0 0 0 0 0 0 54 23 25 15 0 11 22 0 9 0 10 10 17 33 2 15 3 27 0 13 14 7 0 0 0 0 8 6 0 0 0 0 0 0 2 0 2 0 22 15 0 0 0 0 0 1 0 0 0 0 0 0 0 0 0 0 0 0 0 0 0 0 0 0 2 0 0 0 0 0 0 0 0 0 0 0 0 2 0 0 0 4 0 0 0 0 1 0 1 47 2 3 7 0 0 0 0 0 0 0 0 0 13 0 0 0 0 0 0 0 0 0 0 0 0 0 0 0 0 0 0 0 0 0 0 0 0 0 0 0 
 49 261 121 154 133 115 35 144 41 455 152 272 44 43 264 257 162 0 41 138 2 3 0 2 0 0 80 0 1 3 2 2 80 0 0 0 1 0 79 74 3 0 0 2 0 0 0 5 0 0 7 1 0 23 0 4 0 0 0 3 3 3 0 0 0 0 0 16 3 0 0 0 0 2 0 0 0 0 5 6 0 0 0 84 14 9 11 0 24 22 0 45 0 4 18 18 23 24 0 21 10 11 0 0 0 0 11 0 0 0 0 0 2 0 0 0 0 0 15 0 0 0 0 0 0 1 17 0 0 0 0 27 0 0 0 0 0 1 0 0 0 0 2 0 0 0 0 0 0 0 0 0 0 0 0 0 1 0 0 0 0 11 22 32 34 17 0 1 18 5 0 3 0 16 34 44 24 10 12 0 10 0 0 0 0 2 32 0 1 11 0 0 0 9 0 0 12 0 0 8 0 0 2 0 0 0 0 0 2 0 0 0 0 0 0 0 0 0 0 0 16 0 0 0 0 0 2 0 0 0 0 0 0 0 0 0 0 0 0 0 0 5 0 0 0 3 2 0 1 186 0 0 0 0 1 0 0 0 0 0 0 0 0 0 0 0 0 0 0 0 0 0 0 0 0 14 19 9 0 0 0 0 0 0 0 2 0 0 0 0 
 50 134 242 305 93 61 67 166 79 149 45 60 108 84 85 45 126 41 0 156 3 3 0 0 2 0 0 4 2 5 0 2 5 0 0 3 3 0 5 2 6 3 2 2 0 6 3 2 0 0 9 2 0 0 0 3 4 4 0 0 5 3 0 0 4 4 2 5 3 0 6 4 0 5 3 1 0 18 1 0 0 0 0 0 0 0 1 15 0 0 7 0 0 0 6 0 0 0 1 0 0 0 0 0 0 0 0 0 0 1 0 0 0 0 0 0 0 0 0 0 0 0 0 0 9 0 0 0 1 0 2 0 0 0 0 0 0 0 0 0 0 1 0 0 0 0 0 0 0 0 0 0 0 0 0 0 0 0 0 0 11 20 0 0 0 0 10 0 0 0 0 0 11 0 4 0 4 0 0 43 0 0 0 0 0 0 0 0 0 0 0 0 0 9 0 0 0 0 0 0 2 0 0 0 2 0 0 0 0 0 0 0 0 0 0 0 0 11 0 0 0 0 0 0 0 0 0 0 0 0 0 2 0 0 2 0 0 0 0 0 0 0 0 0 0 0 2 0 0 1 0 1 0 0 0 0 0 0 0 0 0 0 0 0 0 16 0 0 0 0 0 0 0 0 0 0 0 0 0 0 0 0 0 0 0 0 0 0 0 1 
 47 287 264 153 61 35 508 230 93 345 151 89 229 508 209 279 116 138 156 0 0 3 0 0 0 0 0 0 4 3 0 2 3 0 0 1 0 0 0 0 0 0 0 2 0 0 0 2 0 0 3 0 0 0 0 8 0 0 0 0 3 56 0 0 0 0 2 3 2 0 0 2 0 2 0 0 0 0 1 0 0 25 1 22 0 2 9 31 30 25 14 0 0 45 12 64 18 0 19 13 0 0 0 0 0 0 0 0 2 0 0 0 1 0 0 0 0 0 0 0 0 0 0 0 0 0 1 0 0 0 0 0 0 0 0 0 0 0 0 0 0 0 0 0 0 0 0 0 5 0 0 0 0 0 0 0 0 0 0 0 1 23 28 0 0 0 0 11 23 1 13 45 0 21 0 9 0 38 20 11 0 0 0 0 1 0 0 0 2 0 0 0 0 1 0 0 0 0 0 0 0 0 0 0 0 0 0 0 0 0 21 0 0 1 0 0 2 15 0 0 0 0 0 0 0 0 0 0 0 0 0 0 0 0 0 0 0 0 0 0 0 10 0 0 0 1 0 1 86 1 0 2 0 0 0 0 0 0 0 0 0 0 1 0 0 0 0 0 0 0 0 0 0 0 0 15 9 0 0 0 0 0 0 0 0 0 0 0 0 0 
 0 0 5 0 0 0 2 0 0 3 1 0 2 0 0 0 3 2 3 0 0 322 296 450 50 72 225 122 106 356 87 124 60 120 289 135 329 114 127 163 0 0 0 65 0 0 1 2 65 0 0 0 4 1 0 3 0 3 51 0 0 0 0 2 0 0 2 3 0 0 3 0 0 0 3 0 0 0 2 0 0 0 0 1 0 0 0 0 0 0 0 0 0 0 0 0 0 0 0 0 16 21 30 0 20 55 20 0 92 0 76 14 13 10 25 25 28 9 0 67 0 0 0 0 0 0 21 0 0 0 0 0 19 0 0 0 0 1 8 1 0 6 0 0 0 0 0 0 0 0 0 0 0 0 0 3 0 0 0 0 23 12 0 0 0 12 2 0 0 0 0 0 7 0 0 0 0 0 0 1 24 21 9 33 0 1 0 19 1 18 29 10 0 17 0 37 0 19 0 0 0 0 0 0 9 0 7 0 0 0 0 0 18 0 0 28 0 0 8 1 0 0 0 0 0 0 0 1 0 0 0 2 2 0 0 0 0 0 0 0 0 0 0 0 0 0 0 0 0 0 0 0 0 0 4 0 2 159 0 0 0 0 0 0 0 0 19 0 0 0 0 0 0 0 0 0 0 1 0 0 0 18 0 0 0 15 0 0 0 0 
 3 3 3 3 78 3 3 3 3 3 3 3 3 3 3 3 8 3 3 3 322 0 157 799 172 323 49 170 42 39 290 39 334 109 322 138 21 112 124 130 0 0 0 206 1 0 2 2 0 0 0 2 53 7 204 207 0 7 0 3 0 0 0 2 0 0 2 3 0 0 4 0 0 0 3 0 0 0 2 0 0 0 0 0 0 0 0 0 0 0 0 0 0 0 0 0 0 0 0 0 40 12 13 18 16 0 13 17 13 36 2 13 0 13 21 16 11 19 0 51 0 0 0 0 0 0 19 0 0 0 0 0 42 0 13 1 23 0 19 0 0 0 0 0 3 0 0 0 0 0 0 0 0 0 0 38 0 1 0 0 0 4 0 0 6 0 0 0 0 0 0 0 6 5 0 0 0 0 0 0 35 10 37 0 21 12 23 10 59 25 2 43 7 0 30 25 22 12 0 9 0 0 0 0 0 15 0 2 0 0 0 0 26 0 0 0 0 0 15 0 0 0 0 0 0 0 0 0 0 0 13 0 0 0 0 0 7 0 0 0 0 0 0 0 0 0 0 0 0 0 0 0 0 0 6 0 0 155 105 0 4 22 0 0 0 0 0 0 0 0 0 0 0 0 0 0 0 0 0 12 0 14 0 0 0 0 0 0 0 0 
 3 0 3 2 0 0 3 0 0 0 0 0 0 0 0 0 0 0 0 0 296 157 0 153 130 207 189 238 137 291 441 181 92 245 197 209 83 54 35 53 0 0 0 29 0 1 2 2 0 4 0 5 4 0 0 3 4 32 0 0 7 0 11 3 0 0 8 9 6 0 9 0 0 0 3 0 0 0 2 0 0 0 0 1 0 0 0 0 0 0 0 0 0 0 0 0 0 0 0 0 14 15 24 26 15 8 15 0 67 0 12 52 0 9 76 18 28 21 0 0 0 0 0 0 0 0 11 0 0 0 0 0 7 0 0 0 0 0 47 10 0 0 0 0 0 0 0 0 0 0 0 0 0 0 0 0 0 0 0 0 0 4 0 41 0 0 0 0 0 0 0 13 0 0 0 0 0 0 0 0 0 7 61 0 37 0 38 0 19 28 12 6 0 0 19 20 4 22 0 0 0 0 0 0 0 0 0 0 0 0 0 0 61 0 0 13 0 0 4 18 0 0 0 0 0 0 0 0 0 0 0 0 0 0 0 0 0 0 0 0 0 0 0 0 0 0 0 0 0 0 0 0 0 0 7 0 0 7 0 0 101 0 0 0 0 0 0 0 0 0 0 0 0 0 0 0 0 0 0 0 0 0 0 0 0 8 0 0 0 0 
 0 0 0 0 0 0 0 0 0 0 0 0 3 2 110 0 0 2 0 0 450 799 153 0 124 399 45 242 84 397 357 123 223 308 295 308 129 94 135 80 0 0 0 0 0 0 3 2 0 20 0 0 64 0 0 3 0 3 0 26 0 0 0 3 0 0 3 3 0 0 3 2 0 0 6 0 0 0 2 0 0 0 0 0 0 0 0 0 0 0 0 0 0 0 0 0 0 0 0 0 9 10 20 27 31 2 0 15 5 37 11 33 0 0 0 11 45 38 0 17 0 0 0 0 0 0 14 0 0 0 0 0 12 0 12 0 15 0 21 0 0 0 0 0 0 0 0 0 0 0 0 0 2 0 0 1 0 0 0 0 0 21 0 0 0 2 0 0 0 0 0 0 4 0 0 0 0 0 0 2 25 0 43 32 63 12 0 0 31 50 38 25 0 17 36 36 4 23 0 0 0 2 0 0 0 0 6 14 0 1 0 0 58 0 0 0 0 0 14 12 0 0 0 0 0 0 0 0 0 0 0 0 0 0 0 0 0 0 0 0 0 0 0 0 0 0 0 0 0 0 0 0 0 0 30 2 0 6 2 2 4 16 0 0 0 0 0 0 0 0 0 0 0 0 0 0 0 0 0 0 0 17 0 0 0 0 0 0 0 0 
 0 0 3 0 2 2 0 0 0 0 0 0 0 0 0 0 0 0 2 0 50 172 130 124 0 385 39 65 102 189 95 177 75 68 174 391 138 44 78 70 21 65 0 0 0 0 200 2 0 0 11 0 157 21 0 3 0 3 0 72 0 0 0 3 6 0 2 3 0 0 5 0 2 0 6 0 0 0 2 49 0 10 0 0 0 0 0 0 0 0 0 0 0 0 0 0 0 0 0 0 0 0 0 37 3 44 0 8 18 15 7 19 0 0 4 0 5 7 0 0 32 13 0 0 8 0 21 0 1 0 0 0 36 0 16 0 0 0 10 43 0 0 0 0 0 0 9 0 0 0 0 0 0 0 0 0 0 9 0 0 0 1 0 0 0 0 0 0 0 0 0 0 1 0 0 0 0 0 0 12 0 10 10 7 23 9 0 0 0 1 0 7 0 0 11 0 0 9 0 0 32 0 1 10 0 0 15 14 0 5 0 0 14 12 8 5 0 0 33 43 0 0 0 0 0 0 0 0 0 0 34 0 0 0 0 0 0 0 0 0 0 0 3 0 0 1 0 0 0 0 0 0 0 0 20 0 3 4 5 0 5 32 0 0 0 0 0 0 0 0 0 0 0 0 0 0 0 0 0 0 0 10 0 0 0 0 0 0 0 0 
 0 0 0 2 0 2 0 0 0 73 0 0 0 1 2 1 2 0 0 0 72 323 207 399 385 0 131 75 122 86 179 93 123 315 344 124 150 64 55 58 0 34 67 0 0 0 63 2 0 0 0 0 128 0 0 3 0 5 62 0 0 0 2 55 2 1 2 3 2 0 3 0 0 0 3 0 0 0 3 0 0 0 0 0 0 0 0 0 0 0 0 0 0 0 0 0 0 0 0 0 0 0 11 28 29 19 0 8 0 19 10 16 0 0 1 7 10 11 2 0 0 9 2 14 1 0 49 23 11 0 12 0 0 0 41 0 0 7 17 0 0 0 16 0 0 1 0 0 0 0 0 0 0 0 0 0 0 0 0 0 0 14 0 0 0 0 0 0 6 1 0 0 0 0 0 0 0 0 0 0 0 6 6 50 10 1 0 0 15 9 0 35 0 14 30 6 6 11 0 0 11 0 1 1 0 0 37 0 1 0 0 0 7 0 0 14 0 0 52 22 0 0 0 0 2 0 0 0 0 0 0 0 0 2 0 0 0 0 0 0 0 0 0 0 0 76 0 0 0 0 0 0 0 0 6 0 0 9 0 0 0 20 0 0 0 0 0 0 0 0 0 0 0 0 0 0 0 0 0 0 0 31 0 1 0 0 10 0 0 0 
 0 0 0 0 0 0 0 1 0 0 76 74 0 0 0 0 75 80 0 0 225 49 189 45 39 131 0 150 141 137 104 97 241 25 43 34 85 19 137 88 0 0 23 5 0 0 1 2 0 1 0 0 3 0 0 3 0 3 62 0 2 0 0 1 0 1 2 38 2 2 3 0 0 52 5 0 0 1 3 0 0 0 1 0 33 53 0 0 0 1 0 56 0 0 0 0 0 3 0 0 17 18 18 1 6 0 41 0 18 10 0 14 10 29 34 24 8 16 61 23 2 0 0 0 0 0 0 18 0 0 0 1 0 0 0 0 0 0 0 0 0 7 0 0 0 0 0 0 0 0 0 0 0 0 0 0 0 0 0 0 3 0 0 17 14 27 0 1 0 5 9 0 0 0 0 0 0 3 0 0 11 0 4 14 0 0 22 4 1 21 16 0 0 16 1 8 18 0 0 10 0 0 0 0 0 0 0 0 0 0 0 0 0 0 0 17 0 0 2 10 0 0 0 0 0 0 0 0 0 0 0 0 0 0 0 0 0 0 0 0 0 0 0 0 0 0 0 0 0 74 0 0 3 0 11 0 0 0 1 0 2 0 0 0 0 0 0 0 0 0 0 0 0 0 0 0 0 0 0 0 0 10 0 0 0 0 0 0 0 0 
 0 0 0 0 163 0 0 2 0 5 131 1 0 0 0 0 0 0 4 0 122 170 238 242 65 75 150 0 67 87 77 32 225 138 137 50 179 102 260 188 68 0 0 0 0 0 2 2 0 0 2 2 4 0 0 3 0 3 4 0 0 0 0 3 2 0 2 3 0 0 6 0 2 0 3 0 0 0 2 0 0 0 0 0 0 0 0 0 0 0 1 0 0 0 0 0 0 0 0 0 12 2 4 1 19 44 12 6 13 0 14 9 0 0 2 12 63 6 24 25 9 0 0 2 0 1 0 0 0 0 0 0 10 0 0 0 0 0 8 0 0 1 0 0 0 0 0 0 0 0 1 0 0 0 2 12 0 0 0 0 0 6 0 0 0 2 0 0 0 0 9 0 3 0 0 0 0 9 0 0 29 21 0 35 17 2 0 68 0 12 17 19 20 41 0 35 0 41 14 7 0 0 0 0 0 0 0 0 0 0 0 0 7 0 0 0 0 0 9 1 0 0 0 0 1 0 0 0 2 0 0 0 0 0 0 11 0 0 0 0 0 0 0 0 0 0 0 0 0 0 0 0 0 0 8 0 0 0 0 0 2 2 0 0 0 0 0 0 0 0 0 2 0 0 0 0 0 9 0 8 0 20 0 0 0 0 0 0 0 0 
 2 0 2 0 0 0 1 2 2 2 0 0 1 1 1 1 0 1 2 4 106 42 137 84 102 122 141 67 0 483 135 44 396 88 432 316 77 42 98 54 0 0 0 0 0 0 2 2 0 0 4 0 2 0 0 5 0 3 4 0 0 0 0 3 3 10 8 3 0 0 3 0 0 0 3 0 0 0 2 8 0 0 2 0 0 0 0 0 0 0 0 1 0 0 4 0 0 0 0 0 14 10 38 24 14 12 18 0 24 22 1 38 0 0 21 33 8 50 0 0 0 0 39 0 2 0 0 12 0 0 0 0 6 0 0 0 7 0 2 11 0 0 0 2 0 0 0 0 0 0 0 0 0 0 14 0 0 0 0 1 0 0 1 0 1 0 1 1 0 0 0 0 0 2 0 0 0 2 0 0 0 0 6 13 34 49 20 1 17 18 13 3 0 1 1 1 0 18 0 0 1 0 0 0 1 0 0 10 0 0 0 0 29 10 0 13 0 0 0 12 0 0 0 0 0 0 0 0 0 1 0 0 0 0 0 0 0 0 0 6 0 0 2 0 0 0 0 0 0 1 0 0 0 0 11 0 2 1 0 0 2 0 0 0 0 0 0 0 0 0 0 0 0 0 0 0 0 0 0 0 0 0 0 0 0 0 10 0 0 0 
 3 3 3 3 3 3 8 3 3 3 3 4 6 3 6 3 3 3 5 3 356 39 291 397 189 86 137 87 483 0 110 92 262 68 509 275 212 55 155 57 0 0 0 2 0 1 2 3 2 2 4 0 3 1 0 3 66 4 0 0 0 0 0 2 2 4 8 9 6 0 6 0 0 0 8 0 0 0 2 0 0 0 0 0 0 0 0 0 1 0 0 0 0 0 0 0 0 0 0 0 12 15 7 12 1 74 18 1 28 12 31 76 0 8 47 51 15 12 0 13 0 1 12 0 0 0 2 13 0 0 0 0 19 0 0 0 9 0 8 15 0 0 0 0 0 0 0 0 0 0 0 0 0 0 0 0 0 0 0 0 0 5 0 0 0 0 0 0 0 0 0 0 1 0 0 0 0 10 0 1 18 10 15 0 0 35 12 0 11 10 0 25 0 0 0 21 21 27 0 1 1 0 0 1 0 0 0 0 0 0 0 0 17 0 0 14 0 0 6 11 0 0 0 0 0 0 0 0 0 0 0 0 0 0 0 0 0 13 0 0 0 0 0 0 0 0 0 0 0 0 0 0 0 0 14 0 0 44 0 0 1 0 0 0 0 0 0 0 0 0 0 0 0 0 0 0 0 0 0 0 0 0 0 0 0 5 12 0 0 0 
 0 0 0 3 0 0 0 0 0 0 0 76 3 0 2 0 0 2 0 0 87 290 441 357 95 179 104 77 135 110 0 79 41 139 413 268 361 185 117 216 0 0 0 0 0 0 2 2 0 0 3 0 1 1 0 3 0 3 1 0 0 0 0 3 0 5 2 3 0 0 19 0 0 0 3 0 2 0 2 0 0 0 0 0 0 0 0 0 0 0 0 0 0 0 0 0 0 0 0 0 0 3 19 30 35 22 1 0 56 26 1 49 0 0 0 13 35 72 2 16 0 0 0 0 0 0 0 0 0 0 0 0 19 0 0 0 0 0 35 0 0 0 0 0 0 1 0 0 0 0 0 0 0 0 0 0 1 0 0 0 0 23 0 0 0 0 0 0 0 0 0 0 0 0 0 3 0 0 0 0 39 0 24 26 40 0 32 0 70 54 24 11 0 10 63 37 5 31 0 0 0 0 1 0 0 0 0 0 0 0 0 0 40 0 0 0 0 0 0 0 0 0 9 0 0 0 0 0 0 0 0 0 0 2 0 0 0 31 0 0 0 0 0 0 0 1 0 0 0 0 0 0 0 0 19 0 0 2 76 2 2 0 0 0 0 0 0 0 0 0 0 0 0 0 0 0 0 0 0 0 0 16 0 1 0 0 0 0 0 0 
 2 2 1 2 2 2 2 2 0 2 2 2 2 2 2 2 2 2 2 2 124 39 181 123 177 93 97 32 44 92 79 0 143 242 221 473 228 108 23 51 65 0 0 0 0 0 92 4 0 0 0 3 67 1 0 3 0 3 2 0 0 0 0 15 0 0 2 3 0 0 3 0 2 0 12 0 0 0 2 0 0 0 0 0 0 0 0 0 0 0 0 0 0 0 0 0 0 0 0 0 7 15 4 11 18 35 0 1 31 0 40 12 0 26 25 9 13 0 0 0 25 0 11 0 0 0 11 0 0 0 0 0 12 0 0 0 9 0 16 11 0 0 1 15 0 8 0 0 0 13 0 0 0 11 0 0 0 26 0 0 0 1 0 0 0 0 0 0 0 0 0 0 0 0 0 0 0 0 0 0 0 7 7 13 30 19 0 0 0 0 3 0 0 27 0 20 0 25 0 0 5 0 16 0 0 0 18 19 0 0 0 0 0 20 9 0 0 0 20 70 0 0 0 0 0 0 0 0 0 0 0 0 0 0 0 0 0 27 0 0 0 0 0 0 0 0 0 0 0 0 0 0 0 0 6 2 0 6 2 1 7 2 0 0 0 64 0 0 0 0 0 0 0 0 0 0 0 0 0 0 0 15 0 0 11 8 0 0 0 0 
 3 40 81 87 105 125 4 3 3 3 6 77 3 3 78 3 38 80 5 3 60 334 92 223 75 123 241 225 396 262 41 143 0 188 254 197 48 102 406 155 0 0 0 0 1 0 1 2 3 0 0 0 3 0 201 3 0 3 2 4 0 0 0 1 26 6 2 10 0 0 3 0 0 0 3 0 0 0 2 3 0 13 0 0 31 14 0 0 0 0 1 5 0 0 0 0 0 0 0 0 43 16 16 19 0 2 13 25 14 18 0 49 0 30 9 9 11 9 21 0 0 0 0 2 0 0 0 0 0 11 0 10 0 0 0 0 0 0 0 0 0 10 0 0 0 0 0 0 0 0 1 0 0 0 2 0 0 0 0 0 0 0 0 0 0 7 0 15 0 6 13 0 1 0 0 0 0 0 0 0 19 15 68 0 0 3 55 0 22 0 1 19 18 7 18 0 17 29 0 11 1 0 0 0 0 0 0 0 0 0 0 0 0 0 0 13 0 0 0 0 1 0 0 0 0 0 0 0 0 0 0 0 0 0 0 0 0 0 0 0 0 0 0 0 0 0 0 0 0 26 0 0 10 0 16 0 0 0 0 1 1 1 0 0 0 0 0 0 0 0 0 2 0 0 0 0 0 0 0 20 0 0 0 0 0 0 0 0 0 0 
 1 0 0 0 97 2 0 0 0 0 75 148 0 0 0 0 0 0 0 0 120 109 245 308 68 315 25 138 88 68 139 242 188 0 112 149 98 89 116 115 0 0 0 0 6 0 1 2 0 0 0 0 3 0 0 3 0 3 1 1 0 0 0 1 0 0 48 3 0 0 3 0 50 0 3 0 0 0 3 0 0 0 0 0 23 27 0 0 0 0 9 0 0 0 0 0 0 0 0 0 19 11 15 8 0 0 0 3 0 22 0 14 0 29 0 2 13 27 10 0 0 3 0 0 0 0 0 0 0 0 0 0 0 0 0 0 0 0 0 0 0 0 0 0 0 0 0 12 0 0 0 0 0 0 0 0 0 0 0 0 1 0 0 20 10 5 0 0 0 6 5 0 1 0 0 0 0 0 0 0 0 13 5 22 12 0 16 0 19 0 10 13 5 5 36 0 17 43 10 0 0 0 0 0 0 0 0 0 0 0 0 0 0 0 0 0 0 0 0 0 0 0 0 0 0 0 0 0 0 10 0 0 0 0 0 0 0 0 0 0 0 0 0 0 0 0 83 0 0 0 0 0 0 0 9 0 0 1 0 1 2 0 0 0 0 0 0 0 0 0 0 0 0 0 0 0 1 0 0 0 0 0 0 0 0 0 0 0 0 0 
 4 2 2 0 1 0 2 3 0 0 0 0 4 0 0 0 3 0 0 0 289 322 197 295 174 344 43 137 432 509 413 221 254 112 0 344 588 267 272 86 0 0 0 2 0 0 3 23 0 2 0 2 3 4 0 6 2 3 1 0 0 0 0 2 3 2 2 3 0 0 6 4 0 0 3 0 0 2 2 0 0 2 0 0 0 0 0 0 0 0 0 0 0 0 0 0 0 0 0 0 13 14 9 32 15 23 12 12 94 14 10 27 0 17 31 11 41 33 0 12 1 0 0 0 0 0 10 0 0 0 0 0 17 0 0 0 0 0 27 1 0 0 0 0 0 0 0 0 0 0 0 0 0 0 0 0 0 0 0 0 0 6 0 0 6 15 0 0 0 0 0 6 0 0 0 0 0 0 0 14 14 2 45 30 23 0 33 0 41 35 12 0 0 0 30 19 14 45 0 27 0 0 0 17 0 0 0 0 0 0 0 0 38 1 4 1 0 2 0 21 0 0 0 0 0 0 0 0 0 0 1 0 0 0 0 2 0 0 0 0 0 0 6 0 0 0 0 0 0 0 0 0 0 0 0 1 3 77 79 0 7 0 1 0 0 0 0 0 0 0 0 0 0 0 0 0 0 0 0 0 0 1 0 0 0 7 0 0 0 0 
 0 0 3 0 2 0 0 0 0 0 0 0 0 0 0 0 3 0 3 1 135 138 209 308 391 124 34 50 316 275 268 473 197 149 344 0 310 117 123 99 0 0 0 0 204 0 63 2 0 0 6 1 3 1 0 4 3 3 1 0 0 0 0 2 0 0 2 3 0 0 5 0 0 0 5 0 0 0 2 0 0 5 1 0 0 0 0 0 0 0 0 0 0 0 0 0 0 0 0 0 12 0 1 33 0 12 16 0 25 23 12 12 13 0 34 1 9 10 0 12 0 0 0 0 1 0 0 0 0 0 0 0 12 0 0 0 0 0 11 9 0 0 0 1 0 0 0 0 0 1 0 0 0 0 0 0 0 0 0 0 0 0 0 0 2 0 0 2 0 0 0 1 0 1 0 0 0 0 0 0 0 0 0 31 47 3 12 15 33 0 16 21 9 8 37 0 0 40 0 0 0 0 0 2 20 0 0 12 0 0 0 0 9 12 7 0 0 0 2 13 0 0 0 0 0 0 0 0 0 17 0 0 0 0 0 0 0 20 0 2 0 0 1 0 0 0 0 0 0 0 0 0 0 0 6 2 0 1 0 0 5 0 0 0 0 0 8 0 0 0 0 0 0 0 0 0 0 0 0 0 0 0 0 0 0 0 0 0 0 0 
 0 0 0 10 0 0 0 0 0 0 0 2 2 0 0 0 3 1 3 0 329 21 83 129 138 150 85 179 77 212 361 228 48 98 588 310 0 358 158 87 0 0 0 0 2 39 1 2 0 1 2 0 3 0 0 3 2 3 1 0 0 0 0 2 3 1 2 3 2 1 3 6 0 3 3 1 3 0 3 3 0 0 0 0 0 0 0 0 0 0 0 0 0 0 0 0 0 0 0 0 18 21 12 13 19 6 18 1 18 0 22 59 1 8 79 10 12 32 0 1 0 0 0 0 0 0 11 0 0 0 0 0 7 0 0 0 0 0 13 0 21 1 0 0 0 0 8 3 0 0 0 0 0 2 1 0 0 0 0 2 0 4 0 0 0 0 0 0 0 0 0 0 0 0 0 0 0 0 0 0 2 28 8 20 0 0 13 0 8 0 18 1 10 26 7 25 0 16 1 0 0 0 0 0 0 0 5 0 0 0 0 0 17 0 0 0 0 0 1 10 0 0 0 0 0 0 0 0 0 0 0 0 0 0 0 0 0 0 0 0 0 0 0 0 0 1 0 0 0 0 0 0 0 0 59 0 4 2 2 0 2 0 0 0 0 0 18 0 0 0 1 0 0 0 0 0 0 0 0 0 0 14 0 0 0 8 0 0 0 0 
 0 0 1 0 137 0 0 0 0 0 0 75 79 0 74 0 0 0 0 0 114 112 54 94 44 64 19 102 42 55 185 108 102 89 267 117 358 0 89 116 0 0 0 0 0 0 2 2 0 0 0 0 3 0 0 3 0 3 0 0 0 0 2 3 0 0 2 3 0 0 3 0 0 0 3 0 0 0 2 0 0 1 0 0 9 17 0 0 0 0 0 0 0 0 1 0 0 0 0 0 31 45 2 0 2 0 32 28 53 44 7 42 9 19 13 10 17 12 10 10 0 0 0 0 0 0 0 0 0 0 0 0 0 0 0 0 0 14 0 2 0 0 0 0 0 0 0 0 0 0 0 0 0 2 0 0 0 0 0 0 0 0 0 0 1 0 0 0 0 4 5 0 0 0 0 0 0 0 0 0 9 0 0 25 14 0 28 1 9 0 11 0 15 25 1 0 21 0 0 14 1 0 0 27 0 0 11 0 0 0 0 0 2 0 1 0 0 1 0 0 0 0 0 0 0 0 0 0 0 0 2 0 0 0 0 0 0 0 0 0 0 0 26 0 0 0 0 0 0 0 0 0 0 0 9 0 0 38 39 3 3 1 0 0 0 0 19 0 0 0 0 0 0 0 0 0 0 0 0 0 0 2 0 0 0 0 0 0 0 0 
 81 108 37 91 96 77 0 0 75 0 77 0 0 0 1 1 88 79 5 0 127 124 35 135 78 55 137 260 98 155 117 23 406 116 272 123 158 89 0 355 0 72 5 0 0 0 3 4 3 0 2 0 1 0 2 4 0 3 1 4 2 0 0 8 3 0 2 3 0 0 5 1 3 1 3 51 3 3 4 3 0 10 0 0 23 26 2 0 0 0 0 4 0 0 0 0 1 17 0 0 20 2 0 0 0 1 20 1 0 0 0 14 22 0 0 8 0 11 99 34 1 0 0 0 0 0 0 0 0 0 0 0 0 0 0 0 0 0 0 0 0 0 0 0 0 0 0 0 0 0 0 0 0 0 0 2 0 0 0 0 0 4 0 10 0 7 0 12 0 7 8 0 1 0 0 1 0 4 0 3 23 8 16 11 0 0 1 7 29 19 10 11 12 22 0 16 19 1 9 10 0 0 0 0 0 0 6 0 0 0 0 0 14 0 0 0 0 0 0 0 0 0 0 0 0 0 0 0 0 0 0 0 0 0 0 0 0 0 0 0 0 0 0 0 0 0 3 0 0 0 0 0 1 0 6 0 2 0 0 0 0 0 0 0 0 0 11 0 0 0 0 0 2 0 0 0 0 10 0 0 0 0 0 0 0 0 0 0 0 0 
 0 35 75 82 74 111 0 0 83 80 145 78 0 0 0 0 0 74 2 0 163 130 53 80 70 58 88 188 54 57 216 51 155 115 86 99 87 116 355 0 6 4 0 0 1 5 6 2 0 0 5 0 6 0 5 5 1 3 0 75 3 0 3 4 5 0 2 3 0 0 60 7 2 6 6 4 0 0 2 0 0 13 0 0 1 11 0 0 0 0 1 0 0 0 0 0 0 0 0 0 12 24 17 17 0 0 28 2 15 29 15 0 15 10 0 1 18 3 7 57 0 0 0 0 0 0 0 0 0 0 0 0 0 0 0 0 0 0 0 0 20 0 0 0 0 0 0 0 0 1 0 0 0 0 0 6 0 0 0 0 6 0 0 1 0 5 0 14 0 13 0 0 0 0 0 0 0 2 0 0 14 29 0 48 55 0 0 11 27 0 16 19 16 20 29 36 0 25 8 0 0 0 0 0 0 0 0 0 0 0 0 1 0 0 0 0 0 0 0 0 0 0 0 1 0 2 1 0 0 0 0 2 0 0 1 0 1 1 2 0 0 0 0 0 0 0 77 0 0 0 0 0 0 0 4 1 0 2 0 0 1 0 0 0 0 0 14 0 0 0 0 0 0 0 0 0 0 11 0 0 0 0 0 0 0 0 0 0 0 0 
 0 0 0 0 0 3 2 28 0 0 0 0 0 0 0 0 3 3 6 0 0 0 0 0 21 0 0 68 0 0 0 65 0 0 0 0 0 0 0 6 0 187 111 63 36 29 122 356 46 53 150 30 133 166 58 118 33 115 52 136 0 0 0 0 0 0 0 0 0 0 2 0 0 0 3 0 0 0 0 0 0 0 0 0 0 0 0 0 0 0 0 0 0 0 0 0 0 0 0 0 0 0 0 0 11 8 0 0 0 0 0 0 0 0 0 0 0 0 0 0 48 15 18 0 11 4 33 0 0 3 10 0 14 14 0 30 40 22 49 55 0 0 9 0 0 6 0 2 0 0 0 0 0 0 0 0 0 0 0 11 0 0 0 0 0 0 0 9 0 0 0 0 0 0 0 0 0 0 0 0 0 0 0 8 16 0 0 0 0 0 0 0 0 0 0 0 0 0 0 0 39 0 20 12 8 0 0 14 21 0 0 0 0 33 12 0 19 3 9 2 0 0 0 0 0 0 0 0 0 0 0 0 0 0 0 0 0 0 22 0 0 0 0 0 0 0 0 0 0 0 0 21 0 0 0 0 0 1 29 2 15 0 2 0 3 2 0 0 2 0 0 0 0 0 0 0 0 0 0 0 0 0 0 0 0 0 0 26 2 4 
 0 0 0 0 59 0 0 0 0 0 0 0 0 0 0 0 103 0 3 0 0 0 0 0 65 34 0 0 0 0 0 0 0 0 0 0 0 0 72 4 187 0 399 61 276 57 150 176 151 171 92 80 124 221 121 64 55 242 174 101 0 0 0 0 0 0 0 0 0 0 0 0 0 0 51 8 0 0 0 0 0 0 14 0 0 0 0 0 0 0 0 0 0 0 0 0 0 0 0 0 0 0 0 0 0 0 0 0 0 0 0 0 0 0 0 0 0 0 0 0 34 8 27 38 33 3 28 18 27 15 13 9 14 13 37 11 0 34 0 23 0 0 0 13 0 0 0 0 0 0 16 3 0 3 5 0 1 0 0 21 3 0 0 0 0 0 0 0 6 0 0 0 0 0 0 0 1 0 0 0 0 0 0 0 0 0 0 0 0 0 0 0 0 0 0 0 0 9 0 0 79 0 5 16 0 0 32 0 15 19 0 3 0 33 15 14 50 16 23 0 0 0 0 0 0 0 0 3 0 0 0 0 0 0 14 0 0 0 7 0 0 0 0 0 0 0 0 0 0 25 0 10 0 0 1 0 0 0 0 0 0 0 15 0 0 2 2 1 0 9 0 0 0 0 0 0 0 0 0 0 0 0 0 0 8 0 0 10 0 0 
 0 0 0 72 0 0 4 0 0 0 0 0 8 61 6 1 2 0 2 0 0 0 0 0 0 67 23 0 0 0 0 0 0 0 0 0 0 0 5 0 111 399 0 259 113 49 132 240 165 196 71 75 378 85 168 69 130 167 72 277 0 0 0 0 0 0 1 6 0 0 15 0 2 0 0 0 0 0 0 0 9 0 0 0 0 0 0 0 0 0 0 0 23 0 6 0 0 0 1 0 0 9 0 0 32 0 0 0 0 0 0 0 0 0 0 0 0 0 0 0 0 0 0 0 9 7 35 10 24 18 70 0 0 0 10 28 0 35 0 12 0 0 0 3 0 0 23 7 1 0 3 7 0 0 0 1 0 0 0 0 4 0 0 6 0 0 21 0 4 0 0 0 0 0 0 0 0 0 0 0 0 0 0 2 0 0 0 0 0 0 0 0 0 0 0 0 0 0 0 0 0 54 0 0 0 20 1 11 19 33 31 2 0 0 0 7 14 0 9 0 10 0 21 0 0 0 2 0 0 0 0 0 19 5 20 0 0 0 12 0 0 9 12 0 0 0 0 0 0 0 0 11 0 1 0 0 0 0 0 1 0 1 3 0 65 2 0 0 2 0 4 0 0 0 0 0 0 4 0 0 0 5 0 0 0 11 0 0 2 0 
 2 2 2 2 2 2 2 2 2 2 2 2 2 2 2 2 2 2 2 2 65 206 29 0 0 0 5 0 0 2 0 0 0 0 2 0 0 0 0 0 63 61 259 0 98 195 61 154 156 68 72 196 69 56 146 59 100 53 72 63 0 0 4 4 4 5 59 4 16 0 5 8 0 0 1 52 3 3 0 0 0 0 0 0 0 0 0 0 0 0 0 0 0 0 0 7 0 0 0 0 0 0 0 0 0 0 0 0 0 0 0 0 0 0 0 0 0 0 0 0 3 0 0 0 4 24 0 0 0 0 24 0 0 0 0 68 10 3 0 0 0 0 0 3 0 5 33 0 18 1 7 17 20 7 0 13 0 0 12 1 0 0 0 0 0 0 0 0 0 0 0 0 0 0 0 0 0 0 0 0 0 0 0 0 0 0 0 0 0 0 0 0 9 0 0 0 0 0 0 0 0 29 8 0 13 11 10 0 9 41 26 47 0 0 1 0 9 0 0 0 21 28 22 0 0 3 12 13 18 13 0 1 0 23 31 0 0 0 32 18 0 0 0 0 0 2 0 0 0 0 0 14 0 1 0 0 0 0 0 12 0 0 2 0 6 0 0 0 2 2 15 0 0 0 0 0 0 0 0 0 0 4 0 0 13 0 0 0 2 0 
 3 0 0 0 6 0 0 0 0 0 0 4 0 0 0 0 2 0 0 0 0 1 0 0 0 0 0 0 0 0 0 0 1 6 0 204 2 0 0 1 36 276 113 98 0 134 57 55 189 114 92 123 93 39 94 129 94 40 131 96 78 50 1 0 0 4 102 100 52 1 0 3 4 1 54 49 0 0 70 2 0 0 0 0 0 1 0 0 0 0 4 0 0 0 0 0 0 0 0 0 0 0 0 0 0 0 0 0 0 0 0 0 4 0 0 5 0 0 0 0 0 0 0 7 0 21 0 0 0 0 0 0 0 0 0 12 0 0 0 0 0 43 7 1 10 0 0 5 33 46 1 14 32 6 40 0 28 0 0 14 0 0 30 0 1 14 0 0 0 0 0 0 0 0 0 0 0 1 0 0 19 0 4 0 0 0 0 4 0 3 0 0 0 0 8 0 0 0 9 0 0 0 0 0 17 1 0 0 0 0 9 8 0 0 3 0 0 22 0 0 45 11 65 0 0 1 27 20 0 13 0 0 57 24 10 0 18 0 0 6 0 0 0 0 0 0 8 0 0 0 0 8 0 1 0 0 1 0 0 2 0 0 5 3 3 6 1 0 0 0 14 0 0 11 0 0 0 0 0 0 0 0 0 0 9 0 0 0 2 0 
 0 0 0 6 0 3 0 0 0 0 0 0 3 0 0 0 0 0 6 0 0 0 1 0 0 0 0 0 0 1 0 0 0 0 0 0 39 0 0 5 29 57 49 195 134 0 234 75 336 128 101 98 237 50 71 376 46 44 40 81 21 20 7 0 3 50 69 53 0 0 11 2 0 71 51 0 58 0 61 107 0 0 0 0 0 0 0 0 0 0 0 0 0 0 0 0 0 0 0 0 0 0 0 0 0 0 0 0 0 0 0 0 0 0 0 11 0 0 0 0 0 0 0 0 0 0 0 0 0 0 0 0 0 0 0 0 0 0 0 0 0 0 0 0 27 0 7 2 16 16 8 0 0 0 8 2 2 0 11 27 0 0 0 0 0 0 0 0 0 0 0 0 0 0 0 0 0 0 6 4 0 0 0 0 0 0 0 0 0 0 0 0 0 0 0 0 0 0 0 0 0 46 0 0 0 7 0 0 0 0 0 19 0 0 5 0 0 0 0 0 11 0 1 7 10 0 8 11 14 7 42 0 25 8 25 15 24 9 22 56 0 0 0 0 0 0 0 0 0 0 0 14 0 0 0 0 0 0 0 0 0 0 1 0 0 1 0 0 4 0 9 0 0 1 0 9 0 0 0 0 0 0 0 0 0 0 0 0 2 0 
 0 0 0 0 0 0 0 0 0 0 1 0 0 0 0 0 6 0 3 0 1 2 2 3 200 63 1 2 2 2 2 92 1 1 3 63 1 2 3 6 122 150 132 61 57 234 0 77 245 54 38 37 163 253 105 43 26 16 38 93 0 0 0 0 3 6 0 0 20 0 0 8 0 0 6 0 0 9 0 0 0 0 0 0 0 0 0 0 0 0 0 0 0 0 0 0 0 0 0 0 0 0 0 17 10 28 0 0 1 0 0 0 0 0 9 0 0 0 0 0 25 13 0 0 8 22 0 21 13 0 0 0 10 0 10 9 3 12 1 1 0 0 0 16 0 7 0 0 0 0 12 11 0 0 0 8 0 0 0 0 0 0 0 0 0 0 0 0 0 0 0 0 0 0 0 0 0 0 0 0 0 0 0 8 8 0 0 0 0 0 0 0 0 0 0 0 0 9 0 0 32 0 0 0 0 0 10 11 1 1 0 10 26 13 16 7 0 0 3 25 7 18 10 0 0 5 0 0 0 4 0 0 0 0 0 0 0 20 0 0 0 0 0 0 0 0 0 0 0 25 0 5 0 0 0 0 0 0 2 0 21 0 65 0 0 2 0 0 0 0 0 0 0 0 0 0 0 0 0 0 0 0 0 0 0 0 0 0 0 0 
 2 2 2 2 2 2 3 4 2 2 2 2 2 2 2 2 4 5 2 2 2 2 2 2 2 2 2 2 2 3 2 4 2 2 23 2 2 2 4 2 356 176 240 154 55 75 77 0 144 77 104 68 106 283 114 149 47 87 66 111 0 0 0 0 0 0 0 0 0 4 10 0 0 0 0 0 0 0 0 0 0 0 0 0 0 0 0 0 0 0 0 0 0 0 0 0 0 0 0 0 0 0 0 0 0 0 0 0 0 0 0 0 0 0 0 0 0 0 0 0 0 6 17 6 29 14 0 11 30 11 27 11 0 35 0 23 9 23 0 0 0 0 0 3 0 0 9 0 0 0 16 3 0 2 1 0 0 0 0 11 0 0 0 0 0 0 0 1 0 0 0 0 0 0 0 0 0 0 0 9 0 0 0 0 0 0 0 0 0 0 0 0 0 0 0 0 0 0 0 0 5 14 19 13 5 20 0 13 26 13 13 10 0 0 6 20 43 0 21 0 7 0 0 0 0 0 0 1 0 0 0 0 0 10 0 0 0 0 40 9 0 0 10 0 0 0 0 0 0 0 0 6 0 0 0 1 0 0 0 9 0 0 64 0 1 0 0 1 0 0 0 0 0 0 0 0 0 0 0 0 0 0 0 0 4 22 0 10 0 0 
 0 0 6 0 0 0 8 0 0 2 0 0 0 3 0 0 0 0 0 0 65 0 0 0 0 0 0 0 0 2 0 0 3 0 0 0 0 0 3 0 46 151 165 156 189 336 245 144 0 138 230 380 126 289 222 84 125 44 71 346 0 0 0 1 0 4 104 5 0 0 3 0 0 4 0 55 0 18 0 0 0 0 0 0 0 0 0 0 0 0 0 20 0 0 0 0 0 0 0 0 0 0 0 0 0 0 0 0 0 0 0 0 0 22 0 0 0 0 0 0 1 10 0 18 0 9 9 0 0 0 2 0 11 1 9 11 0 10 0 13 0 4 4 0 0 0 14 8 0 0 0 0 0 3 11 0 0 4 4 9 0 0 0 0 0 0 0 0 0 0 0 0 0 0 0 0 0 0 0 0 0 0 0 0 0 0 0 0 0 0 0 0 0 0 0 0 0 0 0 0 11 34 18 14 12 14 9 0 0 18 16 28 0 6 29 0 11 20 0 0 0 0 17 0 0 0 11 9 4 0 0 0 13 30 42 0 0 0 20 23 0 0 0 0 0 0 0 0 0 0 0 14 0 1 1 0 0 0 0 9 0 0 3 0 63 0 2 63 0 0 11 0 0 0 0 0 0 0 0 0 0 4 0 0 11 0 0 0 2 0 
 0 0 0 0 0 0 0 0 0 0 0 0 0 0 0 0 0 0 0 0 0 0 4 20 0 0 1 0 0 2 0 0 0 0 2 0 1 0 0 0 53 171 196 68 114 128 54 77 138 0 109 115 269 195 116 188 85 113 81 168 0 18 0 3 2 0 112 53 0 11 19 4 0 1 4 0 7 0 0 24 0 0 0 0 0 0 0 0 0 0 15 0 0 0 0 0 0 0 0 0 0 0 0 0 0 0 0 0 0 0 10 0 0 0 0 0 0 0 0 0 10 10 0 0 0 0 0 10 23 24 23 0 0 25 0 80 0 0 3 0 0 0 5 1 0 0 11 28 20 33 9 1 10 0 0 0 4 0 1 7 0 0 0 0 0 0 12 0 0 0 0 0 0 0 0 0 0 0 4 3 0 0 0 0 0 0 0 0 0 0 0 0 0 0 0 0 0 0 0 0 0 0 0 12 0 21 0 26 2 0 23 37 0 0 21 10 20 0 0 1 12 0 23 0 0 0 19 1 0 0 0 2 39 9 12 0 3 0 22 21 0 0 10 0 5 0 0 0 0 0 0 3 0 0 1 0 0 0 0 13 0 0 72 64 1 1 1 1 0 0 0 0 0 0 0 0 0 0 0 0 0 0 0 0 0 13 0 0 2 0 
 45 3 3 15 3 5 3 3 3 3 3 3 3 3 3 3 5 7 9 3 0 0 0 0 11 0 0 2 4 4 3 0 0 0 0 6 2 0 2 5 150 92 71 72 92 101 38 104 230 109 0 118 35 62 71 170 86 37 44 61 12 52 0 3 2 51 51 2 3 2 1 0 0 6 58 0 3 0 8 54 0 0 0 0 0 0 0 0 0 0 0 0 0 0 0 0 0 0 0 0 0 0 0 8 0 1 0 0 0 0 1 0 0 0 0 0 0 0 0 0 1 0 10 0 15 56 0 0 10 1 1 0 0 15 0 0 0 20 9 17 8 41 0 0 0 0 19 23 24 7 0 0 13 0 30 4 1 0 7 31 0 0 25 0 0 0 0 0 0 0 0 0 0 0 0 0 0 0 12 3 0 9 0 0 9 8 0 0 0 0 0 5 0 0 0 0 0 0 0 0 0 0 10 0 36 8 0 6 20 13 0 9 9 7 15 5 12 23 0 0 0 0 32 19 0 0 9 39 9 0 0 0 9 0 0 0 4 10 21 0 0 0 5 0 0 0 0 0 0 0 0 11 0 1 0 0 0 0 0 0 0 0 5 34 0 0 0 0 2 0 0 0 0 9 0 0 0 0 0 0 0 5 0 0 0 1 0 21 2 0 
 3 1 0 0 4 0 0 0 0 0 0 1 2 0 0 0 0 1 2 0 0 2 5 0 0 0 0 2 0 0 0 3 0 0 2 1 0 0 0 0 30 80 75 196 123 98 37 68 380 115 118 0 36 292 109 252 141 51 20 261 42 50 0 0 0 0 58 54 3 4 0 2 0 26 0 21 0 0 0 103 0 0 0 0 0 0 0 0 0 0 8 0 0 0 0 0 0 0 0 0 13 0 0 0 0 0 3 8 1 1 0 0 9 24 6 0 0 0 0 8 0 0 0 20 1 22 0 0 0 0 19 0 0 0 0 0 0 1 0 0 0 21 0 0 0 0 8 20 28 28 0 0 36 8 17 22 0 0 37 5 0 0 5 0 9 0 0 0 0 0 0 8 0 6 0 0 0 0 4 19 0 0 6 0 0 0 8 11 0 11 1 0 0 0 7 0 2 0 1 5 0 18 0 0 6 0 0 0 7 19 8 14 0 9 54 0 0 0 0 0 16 10 5 0 0 0 55 29 14 34 0 0 29 14 0 0 11 0 0 20 0 0 0 0 0 0 0 0 0 0 0 4 0 2 0 2 0 0 0 0 0 0 2 34 0 3 0 0 0 0 14 0 0 27 0 0 0 0 0 0 0 0 0 0 3 0 0 0 1 0 
 1 0 0 0 0 1 64 0 0 0 0 0 0 2 0 0 0 0 0 0 4 53 4 64 157 128 3 4 2 3 1 67 3 3 3 3 3 3 1 6 133 124 378 69 93 237 163 106 126 269 35 36 0 73 39 51 16 221 248 164 0 0 0 0 0 5 0 2 0 0 0 0 0 0 3 0 0 0 0 0 0 0 0 0 0 0 0 0 0 0 0 0 0 0 0 0 0 0 0 16 0 1 0 7 16 11 0 13 0 19 1 10 0 0 0 1 0 0 0 2 37 20 0 0 0 0 24 7 9 0 0 0 33 0 17 19 0 1 0 48 0 0 0 0 0 0 0 0 0 0 0 0 0 0 0 0 0 0 0 0 0 0 0 0 0 0 0 0 0 0 0 0 0 0 8 0 0 0 21 0 0 0 1 1 0 5 0 0 0 9 0 10 0 0 0 0 0 0 0 0 25 0 1 47 0 0 6 0 0 0 0 0 22 0 20 22 0 3 57 6 0 0 0 0 0 0 0 0 0 0 0 0 0 0 0 0 0 0 0 0 0 0 0 0 0 0 0 0 0 0 0 6 0 1 0 0 0 63 62 0 0 19 2 0 0 1 0 0 1 0 0 0 0 0 0 0 0 0 0 0 10 10 0 1 0 0 0 0 2 1 
 3 0 0 62 4 0 0 0 0 0 0 0 0 0 0 0 3 23 0 0 1 7 0 0 21 0 0 0 0 1 1 1 0 0 4 1 0 0 0 0 166 221 85 56 39 50 253 283 289 195 62 292 73 0 344 309 110 318 93 111 0 0 0 0 0 0 0 0 0 5 10 0 0 0 0 4 0 0 0 0 0 0 0 0 0 0 0 0 0 0 0 0 0 0 0 0 0 0 0 12 10 0 0 1 8 0 6 9 1 2 0 0 5 28 7 0 0 0 0 11 54 27 7 30 36 10 0 11 12 20 23 0 0 43 0 31 0 64 0 0 0 0 0 3 0 0 7 0 0 0 1 4 0 0 0 0 1 22 0 54 0 0 0 0 8 0 0 0 0 0 0 0 1 0 0 0 0 0 0 0 0 0 4 9 10 0 9 5 0 5 1 0 0 0 4 0 13 7 0 13 4 8 18 12 11 21 18 17 17 0 17 4 0 7 56 5 26 0 0 10 0 0 0 0 0 17 0 0 0 0 0 0 0 0 0 0 0 0 51 0 0 0 0 0 0 0 0 0 0 0 0 12 0 2 0 0 0 0 70 2 6 0 22 0 0 6 0 65 0 0 0 0 0 0 0 0 0 0 0 0 0 0 0 0 0 16 0 13 0 0 
 0 0 0 0 0 0 36 0 0 64 0 0 1 0 0 0 0 0 0 0 0 204 0 0 0 0 0 0 0 0 0 0 201 0 0 0 0 0 2 5 58 121 168 146 94 71 105 114 222 116 71 109 39 344 0 583 166 241 175 410 0 0 0 6 0 0 0 0 0 5 5 0 0 0 0 57 0 0 0 0 0 0 0 0 0 0 0 0 0 0 0 0 0 0 2 0 0 0 0 0 0 0 0 0 0 0 0 0 0 0 0 0 0 0 0 0 0 0 0 0 22 25 0 86 15 11 1 0 22 15 17 19 0 27 8 1 1 33 0 9 0 0 0 3 0 0 0 0 0 0 2 4 1 0 0 0 0 0 0 10 0 0 0 1 0 0 11 10 8 0 0 0 0 0 0 0 0 0 0 1 0 0 0 0 0 7 0 0 0 0 0 0 0 0 0 0 0 0 0 0 0 42 8 32 0 36 19 11 9 43 54 0 2 43 9 9 42 36 36 0 9 0 0 0 0 0 11 0 0 0 0 0 0 20 0 0 0 0 24 0 0 0 1 0 0 0 0 0 0 0 0 7 0 2 0 0 0 0 0 7 0 0 0 0 0 4 0 33 0 0 33 0 0 0 0 0 0 0 0 0 0 0 0 0 38 0 0 0 0 0 
 10 3 6 7 3 66 6 6 4 6 25 3 6 13 3 8 12 4 3 8 3 207 3 3 3 3 3 3 5 3 3 3 3 3 6 4 3 3 4 5 118 64 69 59 129 376 43 149 84 188 170 252 51 309 583 0 216 51 30 67 0 0 0 0 0 0 54 0 1 205 0 0 0 0 0 0 0 0 0 27 0 0 7 8 3 0 0 6 20 0 0 4 0 0 0 4 8 7 0 2 0 0 0 2 0 0 14 0 0 0 0 0 0 0 0 0 13 0 1 0 8 11 9 0 17 6 0 0 0 6 13 0 0 19 0 0 8 8 0 0 11 0 3 0 0 0 1 0 0 0 0 0 0 7 0 12 18 0 7 12 13 4 7 0 0 11 0 0 5 0 0 3 0 3 0 0 0 36 0 0 0 0 0 0 0 0 0 0 0 0 0 0 0 0 0 0 0 0 0 0 0 20 12 7 13 0 0 0 9 0 0 32 14 11 17 0 25 0 0 21 0 0 0 0 0 0 9 10 38 11 0 0 0 3 20 0 0 0 32 17 0 37 0 0 0 0 0 0 0 0 0 0 0 1 0 0 0 0 0 12 0 0 10 0 2 3 3 0 2 1 0 0 0 0 0 0 0 0 0 0 0 0 0 0 0 0 0 11 0 0 
 2 0 1 0 0 0 0 1 0 0 0 0 3 0 0 0 0 0 4 0 0 0 4 0 0 0 0 0 0 66 0 0 0 0 2 3 2 0 0 1 33 55 130 100 94 46 26 47 125 85 86 141 16 110 166 216 0 437 111 80 0 0 0 0 0 0 52 6 0 4 5 0 6 13 0 50 0 0 4 26 0 0 0 11 0 0 0 0 0 0 0 0 0 0 0 0 0 0 0 0 0 0 0 0 11 0 0 0 0 0 0 0 0 0 0 0 0 0 0 0 0 1 0 11 10 4 1 0 23 8 7 10 0 18 0 9 1 1 13 2 0 0 10 0 0 6 18 2 0 0 0 0 7 0 0 0 4 7 3 0 0 0 0 0 0 0 0 19 0 0 0 0 0 0 0 0 0 0 0 0 0 0 0 0 0 1 0 0 0 0 0 0 0 0 0 0 0 0 0 0 0 22 44 22 17 30 1 11 12 16 19 7 6 0 0 9 25 37 20 0 9 0 12 0 0 0 21 0 5 0 7 0 9 29 5 3 0 6 14 0 0 0 11 0 0 0 0 0 0 0 0 7 0 2 0 0 0 0 0 12 0 0 0 1 0 2 2 2 0 0 13 0 0 0 0 0 0 0 0 0 0 0 0 0 29 6 0 0 0 0 
 0 0 6 38 1 0 0 0 0 0 0 0 0 0 0 0 5 0 4 0 3 7 32 3 3 5 3 3 3 4 3 3 3 3 3 3 3 3 3 3 115 242 167 53 40 44 16 87 44 113 37 51 221 318 241 51 437 0 271 112 0 0 0 0 2 0 0 0 1 8 12 0 3 0 0 0 0 3 2 0 0 0 0 0 0 0 0 0 0 0 0 0 0 0 0 7 0 0 0 0 0 0 0 0 17 0 0 0 0 0 0 0 0 0 0 0 0 0 0 0 26 25 15 31 1 0 19 10 12 46 51 13 0 46 2 22 10 14 0 12 0 0 3 0 0 0 2 9 0 0 0 0 0 0 0 0 5 0 9 0 0 0 0 0 0 0 0 0 1 0 0 0 0 0 0 0 0 0 0 0 0 0 0 0 0 7 0 0 0 0 0 19 0 0 0 0 0 0 0 0 0 0 1 47 12 19 12 53 9 0 15 1 2 43 11 21 7 33 23 8 0 0 0 0 0 0 0 0 0 0 0 0 0 0 0 0 12 0 20 0 0 0 16 0 0 0 0 0 1 0 0 13 0 1 0 0 0 0 0 0 0 1 3 0 5 11 3 1 0 11 0 0 0 1 0 0 0 0 0 0 0 0 0 0 25 13 0 0 0 0 
 0 0 0 0 2 0 0 0 0 0 0 0 0 0 0 0 0 0 0 0 51 0 0 0 0 62 62 4 4 0 1 2 2 1 1 1 1 0 1 0 52 174 72 72 131 40 38 66 71 81 44 20 248 93 175 30 111 271 0 271 0 0 0 0 0 0 4 0 0 0 0 0 0 0 23 3 53 0 1 3 0 0 0 0 0 0 0 0 0 0 0 0 0 0 0 0 0 0 0 0 32 0 21 0 0 0 9 0 10 0 0 0 0 0 0 7 0 0 0 0 13 9 0 27 0 0 10 0 37 15 0 13 11 1 29 0 0 18 0 28 0 53 0 0 0 3 0 0 0 0 0 0 0 0 0 4 0 0 0 0 0 0 0 0 0 59 0 0 14 0 0 0 0 0 0 0 0 0 0 0 0 8 8 0 0 6 0 10 0 0 23 0 0 0 0 2 0 0 13 0 11 7 10 25 0 0 10 15 0 4 0 0 8 18 10 23 4 22 72 0 0 0 0 0 0 0 0 0 0 0 0 0 0 0 0 0 0 0 0 0 0 0 0 0 0 0 0 1 0 0 0 8 0 2 0 0 1 0 0 0 0 0 0 0 0 2 0 63 2 0 0 0 0 0 0 0 0 0 0 0 0 0 0 0 11 0 0 0 0 0 
 3 1 7 9 0 2 0 3 2 0 0 0 0 0 0 0 0 3 0 0 0 3 0 26 72 0 0 0 0 0 0 0 4 1 0 0 0 0 4 75 136 101 277 63 96 81 93 111 346 168 61 261 164 111 410 67 80 112 271 0 0 0 0 0 2 0 0 0 1 2 1 2 3 0 0 6 0 3 2 0 0 4 0 0 2 3 0 0 0 0 0 0 0 0 0 0 0 0 0 0 0 0 1 0 8 0 0 0 0 0 0 0 1 0 0 0 0 0 2 0 28 1 10 14 10 0 14 25 0 10 8 20 14 21 27 16 16 11 9 33 0 0 4 0 0 0 0 0 0 0 1 3 0 0 0 0 1 0 19 0 0 0 0 0 0 0 0 4 6 0 0 0 0 0 0 0 0 0 0 0 0 2 0 0 0 8 0 1 0 0 0 0 0 0 0 0 0 0 0 0 29 6 0 35 13 0 11 19 7 22 10 19 7 15 16 0 28 32 6 0 0 0 0 0 0 0 0 0 0 0 0 0 0 0 0 0 0 0 0 0 0 0 0 0 0 0 0 0 0 0 0 7 0 1 0 0 0 0 0 0 0 0 6 0 0 16 0 2 0 0 0 0 0 0 0 0 0 0 0 0 0 0 0 0 38 0 0 0 2 0 
 3 34 3 3 3 2 3 3 3 2 3 2 3 3 2 3 5 3 5 3 0 0 7 0 0 0 2 0 0 0 0 0 0 0 0 0 0 0 2 3 0 0 0 0 78 21 0 0 0 0 12 42 0 0 0 0 0 0 0 0 0 151 141 38 62 56 211 173 98 82 57 61 113 364 172 90 46 298 118 106 0 0 0 0 0 0 0 0 0 0 0 0 0 0 0 0 0 0 0 0 0 0 0 0 0 0 0 0 0 0 0 0 0 0 0 0 0 0 0 0 0 0 0 0 15 22 0 0 0 0 0 0 0 0 0 0 0 0 0 0 0 36 18 0 0 0 1 16 19 49 0 9 0 2 47 11 18 0 4 20 0 0 31 0 0 0 0 0 0 0 0 0 0 0 0 0 0 4 0 0 0 0 0 0 0 0 0 0 0 0 0 0 0 0 0 0 0 0 0 0 0 0 0 0 0 0 0 0 0 0 0 0 0 0 0 0 0 0 0 0 19 28 5 2 2 0 9 10 0 4 7 14 2 8 8 0 26 1 1 26 1 0 0 0 0 0 0 0 0 0 0 0 0 0 13 0 0 0 0 0 0 0 0 0 0 0 23 0 0 0 2 2 1 13 2 0 0 0 0 0 0 0 0 0 0 2 0 0 0 0 
