 0 397 193 143 38 236 171 63 718 257 137 330 133 137 136 474 154 231 156 433 2 5 206 0 0 0 0 0 0 0 0 3 0 3 0 0 2 3 0 0 0 3 0 3 0 3 0 0 0 0 3 3 0 0 0 0 0 0 0 0 12 2 0 0 0 0 2 0 3 0 0 0 0 2 3 0 0 0 2 0 25 34 34 2 0 0 57 21 40 0 16 0 55 32 1 21 10 8 0 15 0 0 5 0 0 0 0 0 0 0 0 0 0 0 1 0 0 0 10 13 0 0 0 2 0 0 0 0 0 0 0 0 0 0 0 16 0 0 0 0 0 0 0 0 4 1 0 0 0 0 0 0 1 0 0 0 0 0 0 0 21 0 0 14 2 1 0 8 2 11 9 8 0 19 30 13 44 8 17 0 0 0 0 0 0 0 1 0 0 0 0 0 0 0 0 0 0 0 0 0 0 0 0 0 0 0 0 0 0 0 2 0 0 0 0 0 0 0 0 0 1 0 0 0 0 0 0 0 0 0 0 0 0 0 0 0 0 0 0 0 0 23 0 0 0 89 2 2 2 1 9 6 0 0 0 0 0 0 0 0 0 0 0 0 0 0 0 0 0 0 0 0 0 0 0 0 20 0 0 0 0 0 0 0 0 0 0 0 0 0 
 397 0 503 132 339 30 82 89 95 48 372 333 413 227 167 217 337 110 95 131 1 3 2 0 0 0 0 0 0 0 0 3 0 3 0 0 2 3 73 77 3 38 0 3 0 3 1 4 0 0 3 2 0 0 0 0 0 0 0 0 5 3 0 0 0 0 3 0 4 0 1 1 0 0 3 0 0 0 3 0 0 35 41 10 0 49 17 0 34 10 9 0 0 29 18 9 59 12 20 0 2 0 0 0 0 0 6 12 0 0 0 0 0 0 1 0 0 0 0 0 0 0 0 0 0 0 0 0 0 0 19 0 0 0 0 0 0 0 0 0 0 0 0 0 0 0 0 0 0 0 0 0 1 0 0 0 0 0 0 0 10 40 0 12 19 0 0 41 8 19 1 0 0 0 40 0 0 25 11 14 0 0 0 0 0 0 0 0 1 0 0 0 9 0 0 0 0 6 10 0 0 0 0 15 0 0 0 22 0 0 0 0 0 16 0 0 19 0 0 0 0 0 0 0 0 0 0 0 0 0 0 0 0 0 0 0 0 0 0 30 0 0 0 0 0 2 1 2 1 2 0 5 0 0 0 0 0 0 0 0 0 0 0 0 0 0 0 0 0 0 0 0 0 0 0 15 0 0 0 0 0 0 0 0 0 0 0 0 0 0 
 193 503 0 479 370 22 501 195 194 56 304 247 156 173 564 190 122 71 128 170 4 1 0 0 0 0 0 0 2 0 0 0 0 3 0 0 0 1 0 0 0 0 0 0 0 0 0 0 0 0 0 0 0 2 2 0 0 0 0 3 9 0 0 2 0 0 0 0 0 0 0 3 0 0 0 0 2 0 0 0 0 22 53 36 8 0 36 16 17 19 14 0 23 47 30 20 20 26 19 1 0 1 0 0 2 0 0 0 2 0 0 0 0 0 0 0 0 0 0 1 0 1 0 0 0 0 0 0 0 0 0 0 0 0 9 0 0 0 0 0 0 1 0 1 0 0 0 1 0 0 0 0 2 14 0 7 0 0 0 0 0 18 0 0 14 11 0 0 13 2 15 7 1 24 54 19 0 13 5 0 0 0 0 0 0 0 20 0 0 0 2 0 0 2 0 0 2 0 15 15 0 0 0 10 0 0 0 0 0 0 0 0 0 0 0 0 0 0 0 0 0 0 0 6 0 0 0 0 0 0 0 0 0 0 0 0 0 0 0 0 0 0 0 0 0 0 2 2 0 88 0 11 0 0 0 0 0 0 0 0 0 0 0 0 0 0 0 0 0 0 2 0 0 0 0 3 0 12 0 0 0 0 0 0 0 0 0 0 0 0 
 143 132 479 0 358 50 109 288 847 194 499 221 66 264 55 136 357 144 69 81 2 3 2 0 0 0 0 75 0 0 0 3 0 4 1 0 2 6 193 41 0 0 0 3 0 3 1 0 0 0 3 2 0 0 0 0 0 0 0 0 0 3 0 0 0 0 3 0 3 0 0 0 0 0 3 0 0 0 3 0 0 0 19 21 0 24 0 0 0 0 11 15 0 32 23 25 15 0 0 0 3 2 0 0 0 0 0 0 0 0 4 0 0 3 14 0 0 0 30 0 0 2 0 0 0 0 0 0 0 0 0 28 0 0 0 0 0 0 0 0 51 0 0 0 0 0 0 2 0 0 0 0 2 10 0 1 0 0 0 0 0 0 23 3 33 0 10 4 14 17 0 0 0 0 0 0 5 12 0 0 32 0 0 0 0 0 0 0 21 0 1 0 0 22 0 0 14 0 0 21 0 0 0 0 0 0 0 1 0 0 0 0 0 18 0 0 0 8 0 0 0 0 0 0 0 0 0 0 0 21 0 0 0 0 0 0 0 0 0 0 0 0 0 0 0 1 90 0 55 1 0 4 0 0 0 0 0 0 0 0 1 0 0 0 0 0 0 0 0 0 0 0 0 0 0 15 0 14 0 0 0 0 0 0 0 0 0 0 0 2 
 38 339 370 358 0 189 630 278 75 343 161 78 75 63 94 136 365 57 73 281 3 3 77 3 0 0 80 82 1 0 10 3 1 3 0 0 2 4 75 1 0 0 0 6 0 3 0 0 0 0 3 3 1 0 14 0 0 0 65 0 0 3 35 0 0 0 3 0 5 0 0 0 2 0 3 46 2 0 2 1 0 0 13 45 31 12 0 10 2 17 10 11 1 0 0 13 35 23 0 0 5 0 14 0 0 0 14 39 19 0 0 0 26 0 14 10 4 16 0 21 0 0 0 0 0 0 0 0 0 0 0 0 0 0 0 0 0 0 0 0 0 0 0 0 0 3 0 0 0 0 0 0 3 0 0 0 0 0 0 5 0 0 20 16 0 46 0 0 0 0 0 17 0 0 0 17 1 17 0 0 14 22 10 0 0 0 31 0 34 19 22 0 12 34 13 27 2 2 10 39 0 0 0 0 0 0 0 2 0 0 0 0 0 0 0 0 0 8 0 0 0 0 0 0 0 0 0 0 0 0 0 0 0 0 0 0 0 0 0 0 0 1 0 0 0 2 88 2 7 0 0 4 0 0 0 2 0 0 0 0 0 11 14 0 0 0 0 0 0 0 0 0 0 0 0 0 0 0 0 0 0 0 0 0 0 0 0 0 0 0 
 236 30 22 50 189 0 39 115 63 167 159 188 251 131 155 374 197 298 52 63 2 3 2 0 0 0 176 0 16 1 0 3 73 90 2 0 2 4 77 16 0 0 0 3 3 3 0 0 0 0 3 3 0 0 3 0 0 0 0 0 0 3 0 0 3 0 3 0 6 0 1 0 3 0 3 33 0 0 2 0 0 0 1 19 29 0 0 2 0 19 0 8 0 0 9 0 0 26 0 0 1 0 27 0 0 0 27 0 33 0 0 14 14 1 0 2 20 14 33 0 0 0 0 0 0 2 0 0 0 0 0 0 0 0 0 0 0 0 0 0 0 0 2 0 0 5 0 0 0 0 0 0 2 0 0 0 0 0 0 6 0 0 22 17 0 28 0 0 0 0 9 17 0 0 0 19 0 22 0 0 0 46 2 0 1 0 22 0 56 0 0 0 14 10 56 44 6 17 48 9 0 0 0 0 0 0 7 0 0 0 15 0 0 0 0 0 0 0 0 0 0 0 0 0 0 0 0 0 0 0 0 0 0 0 0 0 0 0 0 0 0 0 0 0 0 0 99 0 0 0 0 9 0 0 0 0 0 0 0 0 17 9 9 0 0 0 2 0 0 0 0 0 0 2 0 10 0 0 0 0 0 0 0 0 0 0 0 0 0 0 
 171 82 501 109 630 39 0 83 49 47 31 32 87 27 237 17 140 32 66 149 4 3 2 0 0 0 2 0 2 0 0 4 0 3 0 0 2 6 0 0 0 2 0 3 0 3 0 0 0 0 3 4 0 0 0 2 0 0 0 0 0 39 0 0 0 0 3 0 3 0 0 1 0 0 3 6 0 0 3 0 15 0 0 21 15 0 27 22 0 11 16 0 2 1 9 0 8 12 15 24 0 0 0 0 0 0 0 0 0 0 0 0 0 0 2 0 0 0 0 1 0 57 0 0 0 0 0 0 0 0 0 0 0 0 0 1 0 0 0 0 0 0 0 0 0 0 0 0 0 0 0 0 1 0 0 0 0 0 0 0 14 0 3 0 0 3 10 0 20 0 1 0 31 0 1 11 0 2 15 2 0 0 0 0 0 0 0 17 0 0 0 0 0 0 0 0 0 0 0 0 0 13 0 0 0 0 0 2 0 0 3 3 0 0 0 0 0 0 0 0 0 0 0 0 0 0 0 0 0 0 0 0 0 0 0 0 0 0 0 0 0 0 0 0 0 0 0 2 0 88 2 7 2 0 0 0 0 0 0 0 0 0 0 0 0 0 0 0 0 2 0 0 0 1 0 0 0 0 0 0 0 0 0 0 0 0 0 0 0 3 
 63 89 195 288 278 115 83 0 168 340 200 75 188 436 120 39 226 105 200 73 1 3 2 0 0 0 2 0 0 0 0 3 0 3 32 0 2 3 0 4 0 0 0 3 0 3 1 0 0 0 3 2 0 0 0 0 0 0 0 0 0 6 0 0 8 3 3 0 8 40 0 0 4 0 3 0 0 0 3 0 10 1 9 21 5 1 0 16 0 10 2 13 14 13 16 21 0 12 0 12 0 0 0 0 0 0 0 0 0 0 0 0 0 0 1 0 0 0 2 0 0 0 0 2 0 0 0 0 0 0 0 0 0 0 0 0 0 0 0 0 0 0 0 11 0 1 0 0 0 0 0 0 2 0 0 7 0 0 0 0 0 0 14 20 14 13 0 31 10 0 16 47 6 13 0 34 9 0 0 0 0 0 0 0 0 0 0 0 0 0 0 0 15 0 0 8 0 0 10 16 0 0 0 0 0 0 0 0 0 0 16 0 0 0 0 0 0 0 0 0 1 0 0 0 0 0 0 0 0 0 0 0 0 0 0 0 0 0 0 0 0 8 0 0 0 0 0 0 0 0 0 5 0 0 0 0 0 0 0 0 0 0 0 0 0 0 0 0 0 0 0 0 0 0 0 11 14 0 0 0 0 0 0 0 0 0 0 0 0 0 
 718 95 194 847 75 63 49 168 0 161 58 298 401 165 102 552 258 204 105 152 77 3 2 0 0 0 0 0 0 0 0 5 0 3 0 0 2 3 74 75 0 2 0 3 0 3 0 0 0 0 3 3 0 0 0 0 0 0 0 0 6 2 0 0 0 0 2 0 3 0 0 0 0 0 3 0 0 0 2 0 14 34 25 29 0 12 0 0 5 10 0 0 12 29 23 19 34 0 0 17 3 0 0 0 0 0 1 23 0 0 0 0 2 0 0 0 26 0 11 14 0 0 0 0 0 0 0 0 0 0 0 0 0 1 0 10 0 1 0 0 0 0 0 0 0 0 0 0 0 0 0 0 1 0 0 0 0 0 0 0 52 15 0 50 29 0 0 68 53 38 20 18 0 19 21 0 4 27 12 16 0 0 0 0 0 0 0 0 1 0 0 0 11 0 0 0 0 0 0 32 0 0 0 14 0 0 0 0 13 0 0 0 0 0 0 0 0 0 1 0 0 0 0 0 0 0 0 0 1 0 0 0 0 0 2 0 0 0 0 2 0 0 0 0 0 1 1 0 4 1 15 2 0 0 0 8 0 0 0 0 0 0 0 0 0 0 0 0 0 0 0 0 0 0 0 14 12 0 0 0 0 0 0 0 0 0 0 0 0 0 
 257 48 56 194 343 167 47 340 161 0 230 156 246 270 194 289 673 134 97 115 3 3 2 5 3 2 0 1 0 3 3 3 4 3 0 1 4 3 74 80 0 0 2 3 3 5 0 4 0 1 6 8 0 5 0 0 3 3 0 0 0 3 2 0 0 38 2 0 5 0 0 2 1 0 8 51 6 13 2 0 72 15 1 25 28 8 0 11 8 0 50 25 8 27 1 14 0 10 0 0 0 0 0 0 0 0 0 2 19 0 0 0 0 0 9 0 7 0 15 13 0 0 0 0 0 0 0 0 0 0 0 0 0 0 0 0 0 0 0 0 0 0 0 0 0 0 0 0 0 0 0 0 2 0 0 4 0 0 0 0 0 0 21 12 9 0 0 0 0 11 1 14 0 2 4 43 16 12 0 0 0 0 0 0 0 0 15 0 15 0 0 0 1 0 10 0 22 0 8 17 0 0 0 0 0 0 0 0 0 0 0 0 0 0 0 0 0 0 0 0 0 0 0 0 0 37 0 0 0 0 0 0 0 0 0 0 0 0 0 0 0 0 0 0 0 3 1 0 0 4 0 9 16 0 0 0 0 0 1 0 0 0 13 0 0 0 0 0 0 0 0 0 0 0 0 0 24 0 0 0 8 0 0 0 0 0 0 0 0 0 
 137 372 304 499 161 159 31 200 58 230 0 147 51 144 60 180 353 223 137 68 2 3 2 0 0 0 0 61 0 2 0 3 0 4 1 0 4 3 0 76 1 0 0 3 0 3 0 0 0 0 3 5 0 2 0 0 0 0 0 0 0 3 0 0 3 0 3 0 6 0 0 0 1 0 3 1 0 0 2 0 0 0 19 14 16 37 0 1 0 1 0 25 0 28 21 26 16 0 0 0 28 0 0 0 0 0 2 14 0 0 32 0 1 37 5 0 0 0 29 0 0 0 0 0 0 0 10 0 0 0 0 0 0 0 0 0 0 8 0 0 0 0 0 0 0 0 0 0 0 0 0 0 2 7 0 9 0 0 0 0 23 0 12 25 0 1 0 20 14 11 13 33 0 19 0 18 13 0 0 0 26 0 0 0 0 0 13 0 1 0 0 0 8 16 0 0 14 0 7 19 0 0 0 0 0 0 0 0 0 0 1 0 0 0 0 0 0 1 0 0 0 0 0 0 0 0 0 0 0 0 0 0 0 0 0 0 0 0 0 0 0 0 0 0 0 0 2 0 1 2 10 8 0 0 0 0 0 0 0 0 0 0 0 0 0 0 0 0 0 0 0 0 0 0 0 12 5 9 0 0 0 9 0 0 0 0 0 0 0 0 
 330 333 247 221 78 188 32 75 298 156 147 0 31 125 52 127 341 168 28 42 2 3 2 0 1 0 0 19 2 0 0 3 0 3 1 0 2 3 6 96 0 0 63 3 0 3 0 2 0 0 3 38 0 0 0 0 0 0 0 0 50 3 0 0 4 0 3 0 7 0 0 0 5 0 3 43 0 0 2 0 9 12 11 19 11 4 0 2 7 17 16 24 0 0 14 23 5 20 0 0 11 0 0 0 0 0 1 4 0 0 0 0 17 0 0 0 0 0 12 26 0 0 0 0 0 2 0 0 0 0 15 0 0 7 0 14 0 0 0 0 0 0 0 0 0 0 0 0 0 0 0 0 2 0 0 0 0 0 0 0 0 2 28 31 31 12 0 19 10 26 27 0 0 0 3 0 17 22 0 0 14 1 0 0 0 3 0 0 6 0 0 0 28 9 21 0 15 0 1 31 0 0 0 0 0 0 0 0 0 0 14 0 0 0 0 0 0 0 10 0 0 0 0 0 0 11 0 0 0 0 0 0 2 13 0 0 0 0 0 0 0 0 0 0 0 0 85 1 86 91 2 8 0 0 0 0 0 0 0 0 0 0 13 0 0 0 0 0 0 0 0 0 0 2 0 9 14 0 0 0 0 0 0 0 0 0 0 0 0 0 
 133 413 156 66 75 251 87 188 401 246 51 31 0 281 128 51 317 109 111 263 5 5 2 0 0 2 2 0 0 0 0 5 4 3 0 3 2 7 2 2 3 6 1 4 0 9 0 0 0 2 11 49 0 2 2 1 0 2 3 0 0 2 3 5 0 1 4 2 3 0 1 1 6 2 3 2 3 3 4 5 0 28 18 0 0 0 11 21 53 0 12 0 1 19 12 0 36 9 31 25 0 0 0 0 7 0 0 0 0 2 0 0 0 0 0 0 0 0 0 0 2 0 0 0 0 0 0 0 0 0 0 0 0 0 0 0 0 0 0 0 1 0 0 2 10 0 0 0 1 0 0 0 1 0 0 0 0 0 0 0 8 32 12 0 0 1 1 15 19 26 0 0 0 23 46 0 12 0 12 9 0 0 0 0 0 0 0 0 0 0 0 0 0 1 2 1 0 0 0 23 2 0 0 15 0 0 0 0 0 2 0 0 0 0 0 0 0 0 0 0 0 0 0 0 0 0 0 0 0 0 10 1 0 0 0 0 0 0 0 0 0 0 0 0 0 0 2 0 1 0 0 11 0 2 0 0 2 0 0 0 0 0 0 0 0 0 0 0 0 0 0 0 0 2 0 0 0 0 0 0 0 0 0 0 0 0 0 0 0 0 
 137 227 173 264 63 131 27 436 165 270 144 125 281 0 178 114 93 477 205 123 2 3 2 0 0 0 1 0 0 0 1 3 0 3 0 0 2 3 0 0 0 6 0 3 2 3 0 0 0 0 3 3 0 0 0 0 0 0 0 0 0 3 0 0 9 0 3 0 3 0 0 0 16 0 3 0 0 0 2 0 0 19 11 23 0 0 0 0 28 12 24 31 9 40 24 14 31 22 18 13 0 0 0 0 0 0 0 0 0 0 0 0 0 0 5 0 0 0 0 0 0 0 0 0 0 0 0 0 0 0 0 0 1 0 0 0 0 0 2 0 0 0 0 14 0 0 0 0 0 0 0 19 1 8 0 4 0 0 0 0 8 26 16 19 0 1 0 9 33 17 5 2 5 0 13 16 1 0 0 0 0 0 0 0 0 0 0 0 0 0 0 2 1 0 0 0 0 0 0 10 0 0 0 13 0 0 0 0 0 9 19 0 0 0 0 0 0 0 0 0 0 0 0 0 0 0 0 0 0 0 0 0 0 0 0 0 0 0 0 0 0 2 0 0 0 0 0 0 2 0 0 0 0 0 0 0 0 0 0 0 0 0 0 2 0 0 0 0 0 0 0 0 0 0 0 0 0 0 0 0 0 0 0 0 0 0 0 0 0 0 
 136 167 564 55 94 155 237 120 102 194 60 52 128 178 0 298 227 28 130 407 2 3 2 6 0 0 0 1 0 0 0 5 0 3 0 0 2 3 0 0 35 30 0 3 0 3 0 0 0 0 3 69 2 0 4 0 0 0 0 0 5 3 0 0 0 0 3 0 3 0 0 12 0 0 3 45 0 0 2 52 9 30 12 23 27 0 26 67 21 27 13 11 9 19 11 1 6 14 27 0 0 0 0 0 0 0 0 0 0 0 0 0 0 0 0 0 0 0 0 0 0 0 0 0 0 0 0 0 0 0 15 0 1 0 0 0 0 0 0 0 0 0 0 0 0 0 0 0 0 1 0 0 2 2 0 7 0 1 0 0 2 39 0 0 0 14 14 14 22 2 0 6 5 2 34 38 0 10 23 0 0 0 0 0 2 0 18 0 1 0 0 0 0 0 0 0 0 1 10 36 0 0 0 0 1 0 0 0 0 0 0 0 0 0 0 0 0 0 0 0 0 0 0 0 1 0 0 10 0 0 0 0 0 0 13 0 0 0 0 0 0 0 0 0 0 3 0 0 2 2 0 4 0 0 0 0 0 0 0 0 0 0 15 0 0 0 0 0 0 0 0 0 0 0 0 0 0 0 0 0 0 0 0 0 0 0 0 0 0 0 
 474 217 190 136 136 374 17 39 552 289 180 127 51 114 298 0 337 35 127 171 2 3 2 0 0 0 0 0 0 0 0 5 0 3 0 0 2 3 0 0 0 0 0 3 0 3 0 0 0 0 3 3 0 0 20 0 0 66 0 0 53 2 0 0 0 0 2 0 3 0 0 0 0 0 3 51 0 0 2 0 11 15 30 50 7 0 15 7 12 8 2 2 14 35 26 26 0 10 0 2 0 0 0 0 0 0 0 0 0 0 0 0 0 0 0 0 0 0 8 0 0 0 0 0 0 0 0 0 0 0 0 0 0 0 0 10 0 0 0 0 0 0 0 0 0 0 1 0 0 0 0 0 2 0 0 9 0 0 0 0 16 1 0 10 11 26 0 18 39 9 8 29 0 17 18 27 12 12 9 0 1 0 0 0 11 0 8 0 0 0 0 0 0 0 0 0 0 0 6 38 0 0 0 0 0 0 0 0 0 0 0 0 0 0 0 0 0 0 0 0 0 24 14 0 0 0 0 0 0 0 0 0 0 0 0 0 0 0 0 0 0 0 0 0 0 1 0 2 4 0 8 7 0 0 0 0 0 0 0 0 0 0 13 0 0 0 0 0 0 0 0 0 0 0 0 1 16 0 0 0 0 0 0 0 0 0 0 0 0 0 
 154 337 122 357 365 197 140 226 258 673 353 341 317 93 227 337 0 268 31 46 3 3 22 0 1 0 0 0 0 0 4 3 0 3 1 0 4 3 0 0 0 0 0 3 0 3 0 0 0 0 67 66 0 0 1 0 0 0 0 0 0 2 0 0 6 0 2 0 3 0 0 0 5 0 3 35 0 0 2 0 0 0 29 67 11 0 0 48 10 15 24 20 13 33 11 47 2 18 0 0 0 0 0 0 0 0 0 0 0 0 0 0 0 0 0 0 0 0 11 0 9 0 14 11 3 1 2 0 0 0 0 0 0 0 0 13 0 0 0 0 0 0 0 0 0 0 0 0 0 0 0 0 1 17 0 18 0 0 0 0 18 1 24 29 1 0 0 9 2 12 23 16 0 19 3 58 10 12 0 0 0 0 0 0 0 0 15 0 27 0 0 0 1 0 0 0 2 0 22 45 0 0 0 0 0 0 0 0 0 0 22 0 0 0 0 0 0 0 4 0 0 0 0 0 0 0 0 0 0 0 0 0 1 0 0 0 0 0 0 0 0 0 0 0 0 0 1 1 1 1 28 6 0 0 0 0 0 0 0 0 0 0 11 0 0 0 0 0 0 0 0 0 0 1 0 0 22 5 0 0 0 0 0 0 0 0 0 0 0 0 
 231 110 71 144 57 298 32 105 204 134 223 168 109 477 28 35 268 0 229 243 3 4 2 0 0 0 31 90 1 32 1 3 1 3 0 0 2 3 0 0 0 3 0 66 0 3 0 0 0 0 3 3 0 0 0 0 0 0 0 0 0 2 0 0 6 0 3 0 7 0 0 0 6 0 3 0 0 0 2 0 0 12 18 12 0 5 0 3 18 0 7 5 10 11 20 26 10 14 2 0 0 0 0 2 0 0 0 0 0 0 0 0 0 0 0 0 0 0 10 0 0 0 0 0 13 0 0 0 0 0 0 0 2 0 0 10 0 0 0 0 0 0 0 1 0 0 0 0 0 2 0 0 0 0 0 0 0 2 0 0 27 0 18 29 20 0 0 16 14 13 18 23 0 18 3 1 32 0 0 0 0 0 0 4 11 0 0 0 0 0 0 1 24 0 0 0 0 2 0 14 0 0 0 0 1 0 0 0 0 0 15 0 0 0 0 0 0 0 0 0 0 0 1 0 0 0 0 0 0 0 0 0 0 0 0 0 0 0 0 0 0 12 0 0 0 0 2 3 1 3 8 1 0 0 0 0 0 0 0 0 0 0 0 0 0 0 0 0 0 0 0 0 0 0 0 14 33 0 0 0 0 0 0 0 0 0 0 0 0 0 
 156 95 128 69 73 52 66 200 105 97 137 28 111 205 130 127 31 229 0 536 3 5 2 1 0 0 2 0 0 5 0 7 0 56 0 1 4 3 0 6 0 0 0 5 0 3 1 4 4 0 3 2 0 0 0 0 0 0 6 0 3 3 36 4 0 2 3 0 5 0 0 0 0 0 3 0 0 0 3 0 14 17 26 16 5 0 13 9 15 0 0 0 0 26 1 0 0 0 28 32 0 15 0 2 0 0 0 0 0 0 0 0 0 0 0 0 16 0 0 0 0 0 0 0 0 0 0 0 0 0 0 0 2 0 0 0 0 0 0 0 0 0 0 8 0 0 0 0 0 2 0 5 0 1 0 0 0 3 0 0 5 22 0 0 0 0 15 37 0 1 0 6 21 0 11 17 0 16 7 5 0 0 0 0 0 0 0 0 0 0 0 0 0 0 0 0 0 2 0 6 0 0 0 0 2 0 0 18 0 0 0 0 0 0 0 0 0 0 0 0 0 0 0 0 2 0 0 0 0 0 0 0 0 0 0 0 0 0 0 1 0 0 0 0 0 0 0 2 1 2 2 6 0 0 0 0 0 0 0 0 0 0 0 0 0 0 0 0 0 0 0 0 0 0 0 0 12 0 0 0 0 0 0 0 0 0 0 0 0 0 
 433 131 170 81 281 63 149 73 152 115 68 42 263 123 407 171 46 243 536 0 3 4 2 7 0 0 0 0 2 0 0 7 2 6 0 0 3 4 0 0 0 0 0 3 0 3 1 0 0 0 3 2 0 4 0 0 0 0 1 6 11 3 0 4 0 0 3 0 6 0 0 6 0 0 3 0 4 0 3 0 10 21 20 26 0 0 9 10 8 0 0 0 10 21 0 0 10 9 49 40 0 0 0 0 0 0 0 0 0 0 0 0 0 0 0 0 0 0 0 0 0 0 0 0 0 0 0 0 0 0 0 0 0 0 0 0 0 0 0 0 0 0 0 11 2 0 0 0 2 0 0 12 0 0 1 0 0 0 0 0 14 33 0 0 0 0 21 0 14 0 0 0 11 0 27 0 66 10 6 0 0 0 0 6 0 0 0 0 0 0 0 0 0 0 0 0 0 0 0 0 1 0 0 10 0 0 0 0 0 0 0 0 0 0 0 0 0 0 0 0 0 2 0 21 0 1 0 0 0 0 0 2 0 0 0 0 0 0 0 0 0 0 0 0 0 2 2 0 1 0 2 85 0 0 0 0 0 0 0 0 2 0 0 0 0 0 0 0 0 0 0 0 0 0 0 0 0 0 0 0 0 0 0 0 0 0 0 0 0 0 
 2 1 4 2 3 2 4 1 77 3 2 2 5 2 2 2 3 3 3 3 0 288 287 50 109 38 241 107 135 265 141 131 146 93 125 209 103 223 66 281 5 0 0 6 1 0 6 0 3 5 0 0 0 0 0 2 3 0 0 3 0 0 3 1 3 0 2 0 0 0 0 0 6 0 3 4 6 0 0 0 0 0 0 0 13 0 11 0 13 0 0 0 0 0 0 0 0 0 0 0 0 42 15 17 10 0 0 8 12 1 0 12 2 29 18 11 47 38 8 0 0 0 0 0 0 0 0 0 0 0 0 0 7 0 0 0 0 0 20 0 0 0 0 0 0 34 0 0 0 0 10 0 2 0 0 0 0 0 0 1 0 0 0 0 1 0 0 0 0 0 0 0 0 0 0 0 0 0 0 0 17 23 35 5 19 0 0 18 20 14 21 0 26 26 19 0 24 13 17 0 0 0 0 0 0 0 0 0 18 0 0 0 44 0 0 0 0 0 0 0 0 0 0 0 0 0 0 0 0 0 0 0 0 0 0 0 0 0 0 0 0 0 0 0 0 0 0 0 0 0 0 0 0 0 9 2 0 78 0 0 4 13 0 0 0 5 19 0 0 0 0 0 0 0 0 0 0 0 0 0 0 9 0 0 0 10 2 0 0 0 
 5 3 1 3 3 3 3 3 3 3 3 3 5 3 3 3 3 4 5 4 288 0 178 68 403 60 230 122 141 241 187 91 116 154 126 254 200 374 81 340 0 0 0 2 63 0 3 4 23 0 0 0 3 0 0 0 3 0 0 3 0 0 0 0 3 0 2 0 0 0 0 0 0 0 3 0 0 0 0 0 0 0 0 0 13 0 0 0 0 0 0 0 0 0 0 0 0 0 0 0 12 47 29 22 16 0 0 40 12 0 0 18 3 29 14 16 48 23 8 0 24 0 0 0 0 0 0 0 1 0 0 0 6 0 0 0 0 0 0 0 1 0 0 0 1 12 0 0 0 0 0 0 2 0 0 0 0 0 0 1 0 0 0 0 4 0 0 0 0 0 0 0 2 0 0 0 0 0 0 0 8 27 20 9 11 38 0 20 19 14 22 0 8 27 0 9 34 0 18 0 0 0 0 0 0 0 0 0 0 0 0 0 1 0 11 0 0 0 0 0 2 0 0 0 0 0 0 0 0 0 0 0 0 0 0 0 2 0 0 0 0 0 0 0 0 0 0 0 0 0 0 0 0 0 4 0 0 82 0 2 3 43 0 0 0 0 0 0 0 0 0 0 0 0 0 0 0 0 0 0 0 10 0 0 0 0 9 0 0 6 
 206 2 0 2 77 2 2 2 2 2 2 2 2 2 2 2 22 2 2 2 287 178 0 181 122 81 166 95 229 117 103 252 246 202 133 133 143 220 94 101 0 0 0 6 32 1 3 0 0 1 0 3 0 0 0 0 3 0 2 66 0 0 0 0 3 0 2 0 0 0 0 0 0 34 3 0 0 0 0 0 0 0 0 0 0 14 0 0 0 0 0 0 0 0 0 0 0 9 0 0 39 0 14 57 7 0 2 25 2 35 0 21 8 1 12 79 35 43 0 31 0 0 0 0 0 0 12 0 0 0 0 0 8 0 3 0 0 0 3 0 0 0 9 0 0 0 0 0 1 0 0 0 0 0 0 0 0 0 0 0 0 0 0 0 0 0 3 0 0 0 0 0 0 0 0 0 0 0 3 2 13 1 19 39 8 12 14 22 0 30 0 37 1 18 18 15 12 44 0 2 0 6 0 0 0 0 0 59 0 0 0 1 12 12 0 0 0 0 0 0 0 0 0 0 0 0 0 0 1 0 0 1 0 0 2 0 0 0 0 0 0 0 0 0 0 0 0 0 2 0 0 0 0 0 8 2 2 59 43 0 0 1 0 0 0 0 0 0 0 0 0 0 0 0 0 0 0 0 0 0 0 0 0 0 2 0 0 0 0 0 
 0 0 0 0 3 0 0 0 0 5 0 0 0 0 6 0 0 0 1 7 50 68 181 0 168 39 105 61 305 106 52 134 61 353 121 124 172 132 101 294 66 0 0 2 2 0 6 2 5 0 0 0 124 14 1 0 3 0 66 13 1 0 0 4 3 0 2 0 0 3 0 23 0 0 3 0 0 0 0 0 0 0 0 0 0 0 0 0 0 0 0 0 0 0 0 0 0 0 0 0 1 13 12 0 30 67 0 0 0 5 28 23 0 0 0 0 16 0 0 34 13 1 10 0 0 0 9 27 0 0 0 0 0 6 32 0 0 0 0 0 0 0 0 0 0 0 0 0 0 0 0 0 2 0 0 0 0 0 0 6 0 11 0 0 0 0 0 0 0 0 0 0 0 0 0 0 0 6 0 4 0 0 0 0 15 31 0 15 0 22 9 42 0 0 0 11 1 16 0 0 0 0 15 0 0 0 18 1 0 27 0 0 9 14 44 12 0 13 22 0 0 0 0 0 0 0 0 0 0 0 0 0 0 0 0 0 0 0 0 0 0 0 16 0 0 0 0 0 0 0 0 0 0 0 3 2 0 5 60 0 0 2 0 0 0 0 0 0 0 0 0 0 0 0 0 0 0 0 0 0 0 0 0 0 2 0 0 0 0 12 
 0 0 0 0 0 0 0 0 0 3 0 1 0 0 0 0 1 0 0 0 109 403 122 168 0 149 51 64 171 361 163 206 74 126 425 258 62 457 89 156 23 4 0 2 0 0 67 29 63 0 0 0 4 62 1 62 67 0 0 71 0 0 0 1 3 0 2 0 3 0 0 0 0 0 3 0 0 0 0 0 0 0 0 0 0 0 0 0 0 0 0 0 0 0 0 0 0 0 0 0 0 17 1 32 1 14 0 0 0 17 18 16 0 1 0 16 12 4 0 0 0 10 19 0 0 0 8 20 0 0 2 0 24 24 0 21 16 0 33 18 9 0 0 0 17 0 0 0 0 0 0 0 2 0 0 0 0 0 14 0 0 6 2 0 0 2 0 0 0 0 0 0 0 1 0 0 0 6 1 0 9 17 14 3 21 20 0 0 0 0 18 24 0 0 0 10 11 0 0 0 31 11 11 0 0 0 0 14 0 26 12 0 23 1 40 1 22 0 0 26 0 0 0 0 0 0 0 0 0 0 0 2 0 0 0 0 0 0 0 1 0 0 2 0 0 0 0 0 0 0 0 0 0 0 18 0 1 150 75 2 0 1 0 0 0 0 19 0 0 0 0 0 0 0 0 0 0 0 0 0 0 0 0 1 0 0 0 0 0 0 
 0 0 0 0 0 0 0 0 0 2 0 0 2 0 0 0 0 0 0 0 38 60 81 39 149 0 39 47 50 138 151 176 62 150 51 179 276 56 271 57 64 0 0 2 2 212 65 61 19 62 0 5 0 21 31 0 65 0 72 263 0 0 0 0 3 0 2 3 0 0 0 1 80 0 3 0 0 3 0 0 0 1 0 0 0 0 0 2 0 0 0 0 0 0 0 1 11 0 0 0 21 0 0 15 11 8 0 0 0 10 0 23 0 0 0 13 0 9 0 1 15 28 0 11 0 0 60 14 0 20 8 0 30 7 8 22 23 11 1 41 3 0 0 0 0 0 0 0 4 0 0 0 2 0 0 0 0 0 0 0 0 0 0 0 0 0 6 0 0 0 0 0 0 0 0 0 0 0 5 23 0 10 0 18 55 1 0 0 0 16 0 8 0 0 0 0 1 0 0 0 39 51 57 0 0 0 22 60 13 40 13 0 17 44 13 0 23 0 0 22 0 0 0 0 0 0 0 1 0 0 0 0 0 0 0 0 0 0 0 0 0 0 21 0 0 1 0 0 0 0 0 0 0 0 10 0 2 84 1 5 0 2 0 0 62 0 1 0 0 0 0 0 0 0 0 0 0 0 0 0 0 0 0 0 0 0 0 0 0 0 
 0 0 0 0 80 176 2 2 0 0 0 0 2 1 0 0 0 31 2 0 241 230 166 105 51 39 0 159 365 25 114 34 360 165 128 224 31 82 97 62 3 0 0 87 0 2 4 28 0 0 0 1 3 0 6 0 6 0 0 3 0 0 0 0 3 0 2 0 0 0 0 2 1 0 5 2 2 2 2 0 0 0 0 0 0 0 0 0 0 0 0 14 0 0 0 0 0 0 0 0 1 0 41 60 12 0 26 12 11 0 0 32 34 11 0 0 40 47 6 14 0 0 0 0 0 0 0 0 0 0 0 0 0 0 0 0 0 0 25 0 0 0 0 0 0 6 0 0 0 0 0 0 1 0 0 0 0 0 0 0 0 0 1 0 36 8 0 0 0 0 0 0 0 0 0 0 0 11 0 0 6 50 26 0 2 0 1 21 11 8 9 13 15 0 21 71 15 20 13 0 0 0 0 0 0 0 0 0 0 0 0 0 7 0 0 0 0 11 0 0 0 0 0 0 0 0 0 0 0 0 0 0 0 0 0 0 0 0 0 0 0 0 0 0 0 0 0 0 0 0 0 0 0 0 4 0 1 0 2 0 21 0 3 0 0 65 0 0 0 0 0 0 28 0 0 14 0 0 0 0 0 13 0 0 0 0 0 0 0 0 
 0 0 0 75 82 0 0 0 0 1 61 19 0 0 1 0 0 90 0 0 107 122 95 61 64 47 159 0 305 305 150 42 121 80 50 106 110 129 246 609 0 0 0 2 5 0 3 0 0 0 1 0 61 0 1 0 3 0 0 3 0 0 0 49 3 0 2 0 0 0 0 0 0 0 3 0 6 0 0 0 0 0 0 0 0 13 0 0 0 0 1 13 0 0 0 0 0 1 0 12 20 2 0 1 19 3 1 22 29 8 20 2 6 25 25 26 9 13 6 3 0 0 0 0 0 2 0 17 0 0 0 0 0 0 11 0 0 0 7 0 0 0 0 0 0 0 0 0 0 0 0 0 1 0 0 0 0 0 0 0 0 0 10 10 4 0 0 0 0 0 0 1 0 0 0 0 0 0 0 1 0 0 15 45 11 0 17 12 19 47 69 0 7 78 13 17 36 34 35 4 0 0 0 0 0 0 0 0 0 0 0 2 1 1 0 0 0 0 10 0 0 0 0 0 0 0 0 0 0 0 0 0 0 0 0 0 0 0 0 0 0 0 0 0 0 0 79 0 0 0 0 0 18 0 14 2 0 0 0 1 2 2 0 0 0 0 0 0 0 13 0 0 0 0 0 0 0 0 0 0 0 10 0 0 0 9 0 0 0 7 
 0 0 2 0 1 16 2 0 0 0 0 2 0 0 0 0 0 1 0 2 135 141 229 305 171 50 365 305 0 82 213 127 197 466 175 124 142 59 96 106 0 0 0 2 63 0 3 21 66 0 0 0 2 3 0 0 3 0 0 68 0 0 54 0 3 0 2 0 0 0 0 0 0 0 3 0 0 0 0 0 0 0 1 0 14 1 0 0 0 0 0 0 0 0 0 0 1 2 0 0 23 14 23 0 27 0 14 19 14 12 0 40 0 22 21 9 0 25 9 0 12 0 0 0 0 0 24 1 0 2 0 0 16 4 0 0 0 1 13 0 0 0 0 0 0 3 0 0 0 0 0 0 2 0 0 30 0 0 0 2 0 0 0 1 1 0 10 2 0 0 0 0 0 0 0 0 2 0 7 3 55 20 11 43 8 10 9 13 26 36 7 0 1 10 14 10 53 0 34 0 0 38 0 2 0 0 0 10 0 0 0 0 15 21 19 10 0 0 5 0 0 0 0 0 0 0 0 0 0 0 0 0 0 0 0 0 0 2 0 0 0 0 5 0 0 0 0 0 0 0 0 0 0 1 2 1 0 75 0 0 0 10 0 0 0 0 8 0 0 0 0 0 0 0 0 0 0 0 0 0 0 8 0 0 0 0 10 0 0 0 
 0 0 0 0 0 1 0 0 0 3 2 0 0 0 0 0 0 32 5 0 265 241 117 106 361 138 25 305 82 0 376 106 67 95 183 308 192 167 320 142 0 0 0 2 61 0 3 1 0 0 0 0 22 0 0 0 3 1 0 3 0 2 0 3 3 0 2 0 0 0 0 0 0 0 3 0 0 0 0 0 11 0 2 0 0 0 0 0 0 0 0 0 0 0 0 0 0 0 0 0 21 45 0 17 38 13 0 0 0 9 13 22 0 19 13 17 6 12 1 13 9 1 0 0 0 0 13 0 0 1 0 0 5 0 0 0 0 2 14 0 0 0 0 0 0 0 0 0 0 0 0 0 2 0 0 0 0 0 0 0 0 13 0 0 2 0 6 2 0 0 0 0 0 0 0 0 0 0 0 1 0 0 29 9 18 26 17 36 29 14 22 0 6 19 0 42 0 13 0 0 0 3 0 1 0 0 0 0 0 0 0 0 18 0 45 1 0 0 0 0 0 0 0 0 0 0 0 0 0 9 0 0 0 0 0 0 0 0 0 0 0 0 0 0 0 0 0 0 76 0 0 0 0 2 4 0 0 80 0 0 2 0 0 0 0 0 0 0 0 0 0 0 0 0 0 0 0 0 0 0 0 0 0 0 0 2 0 0 0 0 
 0 0 0 0 10 0 0 0 0 3 0 0 0 1 0 0 4 1 0 0 141 187 103 52 163 151 114 150 213 376 0 95 204 166 178 209 115 244 108 234 0 0 0 13 4 0 3 0 0 0 0 0 0 0 0 0 3 0 0 3 0 1 2 0 3 0 2 0 0 0 0 0 1 0 3 0 0 0 0 0 0 0 0 0 0 2 0 0 0 0 0 0 8 0 0 0 0 0 0 0 0 13 2 39 5 0 23 21 0 46 0 22 11 4 19 73 15 48 0 5 0 0 0 0 4 0 0 0 0 0 0 0 1 0 0 0 0 0 47 12 0 0 0 0 0 0 0 0 3 0 0 0 1 0 0 0 0 0 0 0 0 0 0 0 0 0 0 0 0 0 0 0 0 0 0 0 0 0 0 1 25 0 25 1 0 1 2 66 6 12 0 67 8 15 5 0 0 31 0 1 13 0 0 0 0 0 0 7 0 0 0 2 1 0 0 0 0 0 1 0 0 0 0 0 0 0 0 0 2 0 0 0 0 0 0 0 0 0 0 0 0 0 0 0 0 0 0 0 0 0 0 0 0 0 9 6 1 43 10 0 1 0 0 2 0 0 23 0 0 0 0 0 0 0 0 0 0 0 0 0 0 0 0 0 1 11 0 0 0 0 
 3 3 0 3 3 3 4 3 5 3 3 3 5 3 5 5 3 3 7 7 131 91 252 134 206 176 34 42 127 106 95 0 33 40 26 82 306 175 120 35 1 0 0 2 3 0 67 8 1 0 0 0 24 0 24 2 66 0 22 66 12 0 2 0 3 0 2 0 0 0 0 0 0 0 4 0 51 10 0 0 0 0 0 0 0 0 0 0 0 0 0 0 0 0 0 0 0 0 0 0 1 0 4 11 12 40 0 0 0 9 39 47 0 0 0 10 0 0 0 0 29 37 1 0 0 0 30 27 0 0 0 0 33 50 32 1 24 24 0 61 10 0 0 0 0 0 0 0 6 0 0 0 0 0 0 1 12 0 0 0 0 6 0 0 0 0 3 0 0 0 0 0 0 13 0 0 0 6 5 5 0 0 0 21 24 15 0 1 0 0 22 50 0 0 0 11 0 0 0 0 2 14 0 1 0 0 10 31 11 0 0 0 24 19 41 8 3 0 0 13 0 0 0 0 0 0 0 1 0 0 0 0 0 0 0 0 0 1 0 0 0 0 8 0 0 0 0 0 0 0 0 0 1 0 13 4 2 14 76 2 0 2 0 0 0 0 0 0 0 0 0 0 0 0 0 0 0 0 0 9 0 0 0 0 21 0 0 0 0 0 
 0 0 0 0 1 73 0 0 0 4 0 0 4 0 0 0 0 1 0 2 146 116 246 61 74 62 360 121 197 67 204 33 0 254 363 168 124 126 252 215 0 0 0 8 61 1 3 0 0 0 0 0 0 0 0 0 103 0 0 30 0 0 0 0 3 0 2 0 0 0 0 0 0 0 8 0 0 0 0 0 0 0 0 0 17 0 0 0 0 0 0 0 0 0 0 0 0 1 0 0 19 38 32 33 26 0 12 18 24 0 0 26 13 9 8 0 39 9 18 12 0 1 0 0 0 0 2 0 0 0 0 0 1 0 0 0 0 0 20 0 0 0 0 0 0 3 11 0 0 0 0 0 2 0 0 1 0 0 0 1 0 0 0 0 0 6 0 0 0 0 0 8 0 0 1 0 0 0 0 0 70 22 20 0 0 2 9 39 25 16 9 19 0 9 18 19 16 19 15 0 0 0 0 0 0 0 0 0 0 0 0 0 1 0 0 0 0 0 7 0 0 0 0 0 0 0 0 9 0 0 0 0 0 0 0 0 0 0 0 0 0 0 0 0 0 0 0 0 0 0 0 0 0 0 14 0 2 77 77 2 23 13 0 0 0 0 24 0 0 0 0 0 0 0 0 0 0 0 0 0 0 13 0 3 0 0 0 0 0 0 
 3 3 3 4 3 90 3 3 3 3 4 3 3 3 3 3 3 3 56 6 93 154 202 353 126 150 165 80 466 95 166 40 254 0 501 34 323 109 387 169 0 2 0 10 0 0 3 0 0 0 0 0 0 0 0 0 3 0 0 3 46 0 0 61 3 0 2 0 0 0 0 4 0 0 9 0 0 0 0 0 0 0 0 1 0 0 0 0 0 0 0 0 0 0 0 0 0 0 0 0 1 31 23 0 2 18 13 11 0 0 0 0 13 21 15 8 51 12 10 23 0 0 0 0 0 0 0 0 0 0 0 0 1 0 0 0 0 0 2 0 0 0 0 0 0 0 2 7 0 0 2 0 2 0 0 0 0 0 0 0 0 0 0 0 0 7 0 0 0 0 0 5 0 0 0 0 0 0 0 0 23 11 0 38 1 8 16 8 0 0 0 20 0 1 30 19 17 1 10 9 0 0 0 0 0 0 0 0 0 0 1 0 11 0 0 0 0 0 0 0 0 0 0 0 0 0 0 0 0 0 0 0 0 0 0 0 0 0 0 0 0 0 0 0 0 0 0 0 0 0 0 0 0 0 15 0 0 77 77 1 2 0 0 0 0 0 13 0 0 0 0 0 0 0 0 0 0 0 0 0 0 0 0 0 0 0 41 0 0 0 
 0 0 0 1 0 2 0 32 0 0 1 1 0 0 0 0 1 0 0 0 125 126 133 121 425 51 128 50 175 183 178 26 363 501 0 136 52 117 92 277 0 0 0 5 0 0 3 0 0 0 0 0 0 0 0 0 3 0 0 3 0 0 0 0 3 0 2 0 0 53 0 0 0 0 3 0 0 0 0 0 0 0 0 1 0 0 0 2 0 12 0 0 0 0 0 1 0 1 0 0 0 27 0 30 17 0 9 8 0 12 0 17 0 9 27 0 46 0 9 0 0 0 0 0 0 0 0 0 0 0 1 0 0 2 0 0 0 0 26 0 0 2 0 0 31 0 0 0 0 0 0 0 1 0 0 0 0 0 0 0 0 0 0 0 0 7 0 0 0 0 0 5 0 0 0 0 0 0 0 0 27 0 39 0 1 10 2 36 58 0 14 46 1 12 8 18 0 12 1 9 0 0 0 0 0 0 0 1 0 0 0 0 7 0 0 0 0 0 0 0 0 0 0 0 0 2 0 0 0 0 0 0 0 0 0 0 0 0 0 0 0 0 0 0 0 0 0 0 0 0 0 0 0 0 13 0 0 4 1 1 2 0 0 0 0 0 12 0 0 0 0 0 0 0 0 0 0 0 0 0 0 0 0 0 0 11 0 0 0 0 
 0 0 0 0 0 0 0 0 0 1 0 0 3 0 0 0 0 0 1 0 209 254 133 124 258 179 224 106 124 308 209 82 168 34 136 0 267 75 229 70 6 207 0 2 63 0 3 8 1 0 0 0 67 0 0 0 3 0 0 4 0 0 12 6 3 0 2 0 0 0 0 0 0 0 3 3 0 2 0 0 0 0 0 0 0 0 0 0 0 0 0 0 0 0 0 0 0 0 0 0 12 35 1 18 34 1 0 0 0 20 0 54 0 10 26 11 15 15 0 17 23 0 1 0 0 0 0 0 0 0 0 0 11 0 0 0 0 0 0 15 0 0 0 0 0 0 0 0 3 0 0 0 1 0 0 14 0 0 0 0 0 0 0 0 0 10 0 0 0 0 0 7 0 0 0 0 0 10 0 0 1 14 3 1 18 13 0 26 7 17 19 12 9 24 14 27 0 0 0 0 15 4 0 0 0 0 0 7 0 0 0 0 11 1 19 0 0 0 0 0 0 0 0 0 0 0 0 10 0 0 0 0 0 0 0 0 0 0 0 0 0 0 0 0 0 0 0 0 0 0 0 0 0 0 4 1 3 192 0 2 0 2 0 0 0 0 0 0 0 0 0 0 0 13 0 0 0 0 0 0 0 0 0 0 0 0 1 0 0 0 
 2 2 0 2 2 2 2 2 2 4 4 2 2 2 2 2 4 2 4 3 103 200 143 172 62 276 31 110 142 192 115 306 124 323 52 267 0 227 129 177 0 0 0 2 32 0 3 0 0 0 0 0 19 0 0 0 3 0 0 5 28 0 3 20 3 0 2 0 1 0 0 0 0 0 3 0 0 0 0 0 0 0 0 0 8 15 0 0 0 0 0 0 0 0 0 0 0 0 0 1 25 38 0 44 14 7 17 37 42 30 25 1 8 33 17 46 12 35 1 8 9 2 0 0 0 0 10 0 1 7 0 0 0 0 0 0 0 0 0 0 0 0 0 0 1 0 0 0 0 0 0 0 1 0 0 0 0 16 0 0 0 0 0 0 4 0 0 0 0 0 0 0 0 0 0 0 12 0 0 0 19 2 2 42 0 20 25 22 1 0 0 0 15 0 15 12 0 37 19 0 0 0 0 0 0 0 0 0 0 0 0 0 4 0 12 0 0 0 0 0 0 14 28 0 0 0 2 0 0 0 15 20 0 0 0 0 2 0 0 0 0 0 0 0 0 0 0 0 0 0 0 0 0 12 8 0 1 5 0 0 0 0 0 0 0 0 0 0 0 0 0 0 0 0 0 0 0 0 0 0 0 14 0 0 0 0 2 0 0 0 
 3 3 1 6 4 4 6 3 3 3 3 3 7 3 3 3 3 3 3 4 223 374 220 132 457 56 82 129 59 167 244 175 126 109 117 75 227 0 109 93 0 0 0 3 2 32 3 0 0 0 3 1 62 0 1 0 3 0 24 3 0 52 0 0 3 0 2 0 0 0 0 1 0 0 3 0 0 0 0 0 0 0 0 0 0 2 0 0 0 0 0 0 0 0 0 0 0 0 1 0 1 35 21 14 1 17 35 21 32 17 3 23 12 0 9 46 7 33 0 39 2 0 0 0 0 8 0 0 0 0 0 0 2 0 19 0 0 0 20 0 0 2 0 0 0 0 0 0 0 0 0 0 0 0 0 0 0 0 0 0 0 0 0 0 0 0 1 2 0 0 0 0 0 0 0 0 0 0 0 0 11 11 14 24 14 11 13 43 0 29 1 36 24 18 0 0 0 35 0 0 0 2 0 2 0 0 5 0 0 0 0 0 9 0 0 0 0 0 9 0 0 0 0 0 0 0 6 0 0 0 0 0 0 0 0 0 0 2 0 0 0 0 0 0 0 0 0 0 0 0 0 0 0 0 8 2 3 4 75 2 0 0 0 0 0 0 0 0 0 0 0 0 0 0 0 0 0 0 0 0 0 7 0 0 0 0 1 0 0 0 
 0 73 0 193 75 77 0 0 74 74 0 6 2 0 0 0 0 0 0 0 66 81 94 101 89 271 97 246 96 320 108 120 252 387 92 229 129 109 0 82 0 0 0 9 2 0 3 0 202 0 0 0 200 0 0 0 3 0 0 3 0 0 0 0 3 0 2 0 0 0 0 2 0 2 3 0 9 0 0 0 0 0 10 0 13 11 0 0 0 22 18 13 0 0 18 19 0 0 0 0 17 0 19 22 0 0 0 0 29 14 0 0 42 0 13 3 5 20 0 12 0 0 0 0 0 1 0 0 0 0 0 0 0 0 0 0 0 14 0 0 0 0 0 0 0 0 0 0 0 0 0 0 2 2 0 0 6 0 0 0 0 0 14 0 26 0 0 20 0 19 10 0 0 0 0 1 0 25 0 2 72 28 0 0 0 0 1 17 38 0 20 20 14 0 21 1 0 53 4 12 0 0 0 0 20 0 0 0 0 0 0 0 0 0 0 0 0 12 0 0 0 0 0 2 0 0 0 0 0 0 0 0 0 0 0 0 0 0 0 0 0 0 0 0 0 2 1 0 72 74 0 0 20 0 9 2 1 0 4 0 20 0 0 0 0 0 0 0 0 0 91 0 0 0 0 11 0 11 0 0 0 0 0 0 0 0 0 0 0 0 
 0 77 0 41 1 16 0 4 75 80 76 96 2 0 0 0 0 0 6 0 281 340 101 294 156 57 62 609 106 142 234 35 215 169 277 70 177 93 82 0 0 0 0 2 63 0 3 7 0 0 0 0 0 0 0 0 3 0 0 3 0 3 0 0 3 0 2 58 0 3 0 0 0 3 3 0 0 0 0 0 0 0 9 0 0 7 0 0 0 14 0 32 0 0 0 0 6 1 0 0 24 35 11 22 10 0 14 22 1 0 4 0 24 36 25 8 11 7 19 0 0 0 0 0 0 0 0 0 0 0 0 0 8 0 0 0 0 0 13 0 0 0 0 0 0 0 0 0 0 0 0 0 2 0 0 0 0 0 0 0 0 0 10 7 23 8 0 18 0 0 9 0 0 0 0 0 0 28 0 0 17 1 1 7 0 0 0 51 29 1 0 0 18 39 15 0 43 0 3 1 0 0 0 0 0 0 0 0 0 0 0 0 0 0 0 0 0 0 0 0 0 0 0 0 0 0 0 0 0 0 0 0 0 0 0 0 0 0 0 0 0 0 0 0 0 0 155 0 0 0 0 0 0 0 7 1 0 89 0 0 5 3 0 0 0 0 10 0 0 0 0 0 0 0 0 0 0 1 0 0 0 0 0 0 0 0 10 0 0 0 
 0 3 0 0 0 0 0 0 0 0 1 0 3 0 35 0 0 0 0 0 5 0 0 66 23 64 3 0 0 0 0 1 0 0 0 6 0 0 0 0 0 107 192 40 32 100 221 134 436 176 454 90 50 124 67 313 161 77 77 177 51 0 0 0 0 0 6 0 1 0 0 8 0 0 0 4 0 1 7 0 0 0 0 0 0 0 21 0 0 0 0 0 0 0 0 0 0 0 0 0 0 0 0 0 0 15 0 0 0 0 22 0 0 0 0 0 0 0 0 0 0 1 34 40 14 31 3 23 15 13 25 0 1 0 0 57 12 0 19 7 0 0 12 0 0 0 0 2 0 0 0 0 0 4 7 0 3 0 0 7 12 7 0 0 0 0 0 0 0 0 0 0 0 0 0 0 0 6 0 0 0 0 0 0 1 12 0 0 0 0 0 15 0 0 0 0 0 0 0 0 31 0 26 10 10 5 10 9 15 21 23 12 0 29 14 9 34 11 15 12 0 0 0 8 0 0 0 0 0 0 0 0 11 0 23 0 11 15 5 0 0 0 1 0 0 0 0 0 0 0 0 18 0 0 0 0 1 0 65 0 0 0 32 0 36 2 0 0 0 0 7 0 0 0 0 0 0 0 0 0 0 0 0 0 0 0 0 2 0 0 
 3 38 0 0 0 0 2 0 2 0 0 0 6 6 30 0 0 3 0 0 0 0 0 0 4 0 0 0 0 0 0 0 0 2 0 207 0 0 0 0 107 0 177 114 115 41 223 197 76 60 321 42 86 120 172 128 97 92 251 40 0 0 0 0 0 0 0 0 0 0 0 14 0 2 0 0 0 22 0 0 0 4 0 0 0 0 0 0 4 0 4 0 0 21 9 0 1 0 0 0 0 0 0 0 0 0 0 0 0 0 0 0 0 0 0 0 0 0 0 0 0 0 40 11 28 14 0 20 0 11 1 19 13 0 0 25 27 10 11 7 0 0 0 0 0 0 21 0 0 0 0 0 0 1 0 0 0 0 0 0 8 4 0 0 0 0 0 5 7 3 0 0 0 0 7 0 0 0 0 21 24 0 0 0 0 0 0 0 0 0 0 0 0 0 0 0 0 0 0 0 11 0 9 1 5 8 0 0 6 10 0 21 0 0 0 0 24 10 13 54 0 0 0 0 0 0 0 0 0 0 0 0 0 7 0 0 0 0 0 32 0 0 0 0 0 0 0 0 0 0 0 5 0 2 0 0 0 0 0 1 0 0 4 0 0 0 1 33 0 0 0 0 0 0 0 0 0 0 0 0 0 5 0 0 14 10 0 0 0 0 
 0 0 0 0 0 0 0 0 0 2 0 63 1 0 0 0 0 0 0 0 0 0 0 0 0 0 0 0 0 0 0 0 0 0 0 0 0 0 0 0 192 177 0 191 64 29 192 177 158 215 107 30 171 113 66 59 231 166 108 304 52 0 0 0 0 0 0 0 0 0 0 21 0 0 0 0 0 6 1 0 0 0 0 0 0 0 3 5 0 0 0 20 0 2 2 0 1 0 0 0 0 0 0 0 0 0 0 0 0 0 0 0 0 0 0 0 0 0 0 0 6 1 23 23 10 20 0 0 55 0 11 15 1 21 0 15 29 19 0 0 0 0 0 12 0 0 0 0 0 0 0 0 2 0 12 0 0 0 0 0 0 1 0 0 0 0 0 40 43 8 0 0 0 0 2 0 1 0 10 3 0 0 0 0 0 0 0 0 0 0 0 0 31 0 0 0 0 0 0 0 0 0 29 22 25 0 19 0 13 0 9 3 0 7 0 10 33 14 9 8 0 0 0 0 0 10 0 0 0 0 0 4 4 12 15 0 0 9 0 2 0 0 12 0 0 0 0 0 0 0 0 14 0 1 0 0 0 0 0 0 0 0 7 0 1 15 1 0 0 0 9 0 0 0 0 0 0 0 0 0 0 0 0 0 14 0 0 2 2 0 
 3 3 0 3 6 3 3 3 3 3 3 3 4 3 3 3 3 66 5 3 6 2 6 2 2 2 87 2 2 2 13 2 8 10 5 2 2 3 9 2 40 114 191 0 107 31 105 86 94 148 182 54 106 142 135 96 403 122 50 83 50 1 8 4 2 4 0 0 8 1 0 1 1 0 6 0 0 0 19 0 0 0 0 0 0 0 0 0 0 0 0 0 0 0 0 0 0 0 0 0 0 0 7 0 0 0 0 0 0 1 0 0 15 0 0 0 8 1 0 7 2 0 0 0 21 33 0 0 3 0 1 25 0 3 0 0 0 2 1 1 14 0 20 0 0 0 6 0 0 0 0 0 2 0 64 0 0 0 0 4 3 0 0 0 0 0 0 0 0 0 0 0 0 0 0 0 4 0 0 0 1 0 0 0 1 0 0 7 0 0 0 2 0 0 7 0 0 1 0 0 0 17 1 0 15 1 0 0 2 14 25 22 0 0 0 14 0 14 0 1 0 0 0 0 0 0 13 0 0 0 0 19 0 20 12 0 0 0 0 17 0 0 0 0 0 0 0 0 1 0 0 13 0 1 0 0 0 0 7 1 0 0 1 0 2 14 1 1 0 0 8 0 0 1 0 11 0 0 0 0 0 0 0 0 6 9 0 1 2 0 
 0 0 0 0 0 3 0 0 0 3 0 0 0 2 0 0 0 0 0 0 1 63 32 2 0 2 0 5 63 61 4 3 61 0 0 63 32 2 2 63 32 115 64 107 0 294 36 89 305 295 364 143 67 144 75 55 60 49 57 300 2 47 3 0 0 0 20 2 2 5 4 0 23 52 45 8 0 0 56 16 0 0 0 0 0 0 0 0 0 0 0 0 0 0 0 0 0 0 0 0 20 0 0 20 0 0 0 21 0 0 0 0 16 0 11 7 7 0 0 0 0 0 12 0 6 18 0 4 0 14 0 2 0 0 0 0 0 0 0 0 0 1 0 0 0 0 15 0 0 0 10 0 0 8 7 0 31 0 0 0 0 0 2 4 0 0 0 0 0 38 0 0 0 0 0 0 0 0 0 0 0 0 1 21 0 0 14 0 0 0 0 0 0 0 9 0 0 0 1 0 1 0 8 0 20 20 0 0 0 15 0 0 0 0 0 0 0 9 20 0 1 0 7 0 0 0 0 0 14 16 13 0 0 13 16 26 0 0 0 10 0 0 0 0 0 0 2 0 0 0 0 2 0 1 0 0 0 33 0 5 0 0 2 1 0 2 2 6 1 0 0 0 0 0 0 0 0 0 0 0 0 0 0 0 0 10 0 0 2 0 
 3 3 0 3 3 3 3 3 3 5 3 3 9 3 3 3 3 3 3 3 0 0 1 0 0 212 2 0 0 0 0 0 1 0 0 0 0 32 0 0 100 41 29 31 294 0 431 32 68 77 159 521 58 51 50 75 72 106 66 60 52 0 50 0 0 0 0 8 31 51 0 0 25 1 1 59 0 57 49 1 0 0 0 0 0 0 0 0 0 0 0 0 0 0 0 0 0 0 0 0 0 0 0 0 0 0 0 0 0 0 0 0 0 0 0 0 0 0 0 0 0 29 0 12 19 10 0 1 0 19 21 20 0 0 0 0 9 22 0 0 1 32 0 0 0 0 0 1 14 11 2 7 52 0 0 0 2 20 26 11 0 0 0 0 0 0 0 0 0 0 0 0 0 0 0 0 0 0 0 0 0 0 0 0 0 0 0 0 0 0 0 0 0 0 0 0 0 0 0 0 0 2 0 25 0 14 18 0 4 0 18 32 0 0 0 0 0 0 0 0 0 17 26 1 1 1 5 2 19 0 14 18 57 0 0 1 0 0 34 33 0 0 0 0 0 0 0 1 0 0 0 8 0 0 0 0 0 0 0 10 0 0 0 1 0 1 1 0 1 0 30 0 0 0 0 0 0 0 0 0 0 0 19 0 3 0 0 1 2 0 
 0 1 0 1 0 0 0 1 0 0 0 0 0 0 0 0 0 0 1 1 6 3 3 6 67 65 4 3 3 3 3 67 3 3 3 3 3 3 3 3 221 223 192 105 36 431 0 366 141 30 151 291 194 141 114 133 82 94 44 141 4 0 0 0 0 0 0 0 2 0 0 5 0 0 0 0 0 8 0 0 0 0 0 0 0 0 0 0 0 0 0 0 0 0 0 0 0 0 0 0 0 0 0 0 0 13 0 0 0 0 0 0 0 0 0 0 0 0 0 0 0 4 42 19 3 16 5 38 37 0 0 0 0 1 25 36 55 29 21 19 0 0 0 0 0 0 0 0 0 0 0 0 1 10 0 0 0 0 0 0 0 4 0 0 0 0 0 0 0 0 0 0 0 0 0 0 1 2 0 0 0 0 0 0 8 0 0 0 0 0 0 8 0 0 0 0 0 0 0 0 12 4 33 9 16 14 21 34 18 21 1 60 0 20 1 0 16 0 9 26 0 0 0 0 0 0 0 0 0 0 0 0 9 0 0 0 0 0 0 7 0 0 1 0 0 0 0 0 0 0 0 3 0 1 0 0 0 0 0 2 0 0 67 0 2 0 0 0 2 0 0 0 0 0 0 0 0 0 0 0 0 0 2 0 1 0 0 0 2 0 
 0 4 0 0 0 0 0 0 0 4 0 2 0 0 0 0 0 0 4 0 0 4 0 2 29 61 28 0 21 1 0 8 0 0 0 8 0 0 0 7 134 197 177 86 89 32 366 0 777 38 339 29 386 339 358 112 150 98 264 178 3 2 1 0 0 0 0 0 0 0 0 0 0 0 0 0 0 0 0 0 0 0 0 0 0 0 0 0 0 0 0 0 0 0 0 0 0 0 0 1 0 0 0 0 6 2 0 0 0 0 0 7 0 0 0 0 0 0 0 0 5 6 34 3 8 17 5 4 15 14 4 3 14 15 0 14 34 0 11 18 8 0 0 0 0 0 0 0 0 0 0 0 1 0 0 0 0 0 0 0 2 0 0 0 0 0 0 0 0 0 0 0 0 0 0 0 0 0 0 0 0 0 0 0 0 6 0 0 0 7 0 0 0 0 0 6 0 6 0 0 19 11 22 0 43 14 0 1 27 27 10 7 0 15 10 7 16 10 16 51 0 0 0 0 0 0 4 0 0 0 0 0 9 0 0 0 0 0 0 0 0 0 0 0 0 0 0 0 0 0 0 14 0 1 0 0 0 0 0 2 0 0 69 0 2 2 2 5 0 0 0 0 0 0 0 0 0 0 0 0 0 0 0 0 0 12 0 0 2 1 
 0 0 0 0 0 0 0 0 0 0 0 0 0 0 0 0 0 0 4 0 3 23 0 5 63 19 0 0 66 0 0 1 0 0 0 1 0 0 202 0 436 76 158 94 305 68 141 777 0 307 39 90 322 165 83 61 128 88 668 114 103 55 2 0 0 0 0 0 0 0 49 2 1 0 0 3 0 1 1 1 0 0 0 0 0 0 0 0 0 0 0 0 0 0 0 0 15 0 0 0 0 10 0 0 2 3 0 0 0 0 0 1 0 0 0 0 0 0 0 0 30 36 35 18 0 32 20 0 13 28 39 0 0 3 0 0 14 1 0 13 43 0 0 0 0 0 0 0 0 0 0 0 9 0 0 0 0 0 8 12 0 0 0 1 0 0 0 0 0 0 0 0 0 0 0 0 0 0 0 0 0 0 0 0 0 4 0 0 0 4 0 0 0 0 0 1 0 0 0 0 16 9 3 6 13 0 0 10 6 13 10 0 0 13 8 13 26 23 12 15 0 0 0 14 0 0 6 18 0 0 0 0 4 0 0 0 0 4 0 0 0 0 1 0 0 0 0 0 0 0 0 14 0 2 0 0 0 0 0 17 0 0 9 1 64 6 4 0 0 0 6 0 0 0 0 0 0 0 0 0 0 3 0 0 0 0 0 0 0 0 
 0 0 0 0 0 0 0 0 0 1 0 0 2 0 0 0 0 0 0 0 5 0 1 0 0 62 0 0 0 0 0 0 0 0 0 0 0 0 0 0 176 60 215 148 295 77 30 38 307 0 137 45 61 272 99 154 100 176 129 448 19 0 0 29 0 0 50 0 2 0 3 7 5 0 7 4 7 2 52 0 0 0 19 0 0 0 0 0 0 0 0 0 0 0 0 0 0 0 0 0 0 0 0 0 0 0 0 0 0 0 0 0 0 0 0 0 0 0 0 0 0 6 27 27 15 40 0 0 41 34 38 0 0 0 0 15 27 8 0 0 12 7 0 0 0 0 0 0 0 4 0 8 12 0 0 6 0 0 0 38 0 0 0 0 0 0 0 0 0 0 0 0 0 0 0 0 0 0 0 0 0 0 0 0 0 0 0 0 0 0 0 0 0 0 0 0 0 0 0 0 14 19 11 13 16 0 18 6 8 0 11 10 0 28 0 15 4 8 21 0 5 7 0 0 0 1 0 0 0 0 0 26 23 14 0 9 0 21 11 12 0 0 0 0 0 0 0 0 0 0 0 8 0 0 0 0 0 0 0 20 0 0 64 2 36 1 4 0 0 0 9 0 0 0 0 0 0 0 0 0 0 0 0 0 0 15 0 0 0 0 
 3 3 0 3 3 3 3 3 3 6 3 3 11 3 3 3 67 3 3 3 0 0 0 0 0 0 0 1 0 0 0 0 0 0 0 0 0 3 0 0 454 321 107 182 364 159 151 339 39 137 0 137 44 102 196 429 154 172 32 272 3 0 12 0 3 0 1 0 2 0 47 3 23 0 0 0 0 0 0 0 9 0 0 0 0 0 0 0 0 0 0 0 0 0 0 0 0 0 0 0 12 0 0 0 0 0 8 0 0 0 0 0 0 0 0 0 0 0 0 0 13 0 8 6 10 19 0 0 33 0 9 42 0 15 0 0 0 38 0 0 6 0 0 0 0 0 0 0 0 0 0 0 1 16 0 0 0 0 2 18 15 12 0 0 0 0 0 0 0 0 0 0 0 0 0 0 19 0 8 0 0 0 0 0 0 0 0 0 0 0 0 0 0 0 0 0 0 0 0 0 0 3 11 43 36 29 0 35 26 26 36 45 0 0 0 12 0 0 52 0 0 0 16 0 0 0 16 0 0 0 0 18 0 0 9 0 0 0 14 13 0 0 0 0 0 0 0 0 0 0 0 7 0 0 0 0 0 0 0 10 0 0 15 0 0 9 1 62 4 0 0 0 0 0 0 0 0 0 0 0 0 0 29 0 2 4 0 0 0 5 
 3 2 0 2 3 3 4 2 3 8 5 38 49 3 69 3 66 3 2 2 0 0 3 0 0 5 1 0 0 0 0 0 0 0 0 0 0 1 0 0 90 42 30 54 143 521 291 29 90 45 137 0 46 37 98 315 143 121 43 105 0 52 0 0 2 0 50 8 0 2 0 4 0 0 80 0 0 9 0 0 0 0 0 0 0 0 0 0 0 0 0 0 0 0 0 0 0 0 0 0 0 0 0 0 0 0 0 0 0 0 0 0 0 0 0 0 0 0 0 0 0 0 9 5 12 45 0 0 11 11 20 0 0 0 0 0 0 16 0 0 12 8 0 0 2 0 0 0 0 7 0 1 12 30 0 0 4 16 25 10 0 0 0 0 0 0 0 0 0 0 0 0 0 0 0 0 0 0 0 0 0 0 0 0 0 0 0 0 0 0 0 0 0 0 0 0 0 0 0 0 0 0 12 11 10 21 0 0 0 0 0 11 0 0 0 0 0 10 13 0 0 20 0 8 3 0 1 10 0 3 5 0 8 4 15 21 0 1 46 10 0 0 0 0 0 0 0 0 0 0 0 24 0 0 0 0 0 0 0 30 0 0 0 0 1 1 2 4 1 0 0 0 0 0 0 3 0 0 0 0 0 0 0 0 0 0 0 0 0 0 
 0 0 0 0 1 0 0 0 0 0 0 0 0 0 2 0 0 0 0 0 0 3 0 124 4 0 3 61 2 22 0 24 0 0 0 67 19 62 200 0 50 86 171 106 67 58 194 386 322 61 44 46 0 155 127 49 32 34 174 93 0 3 200 4 0 0 2 0 2 0 0 2 0 2 2 0 51 2 1 0 0 0 0 0 1 0 0 0 0 0 0 0 0 0 0 0 0 0 0 0 0 0 7 0 9 2 0 0 9 21 31 4 0 0 0 6 0 0 0 0 20 1 6 11 13 0 11 12 40 0 0 11 32 11 14 12 36 0 0 0 0 0 0 0 0 0 0 0 0 0 0 0 0 0 0 0 0 0 0 0 3 0 0 0 0 0 0 0 0 0 0 0 0 0 0 0 3 0 0 0 0 0 0 0 21 36 0 0 0 11 1 0 0 0 0 10 15 0 0 0 0 0 0 0 19 0 7 0 24 0 11 27 0 21 16 9 0 0 11 20 0 0 0 0 0 0 0 0 0 0 0 11 0 0 10 0 0 0 0 0 0 0 0 0 0 0 0 0 0 0 0 15 0 2 0 0 0 13 1 0 0 0 2 0 1 9 2 0 0 0 0 0 0 4 0 0 0 0 0 1 0 0 0 0 0 0 0 0 0 0 
 0 0 2 0 0 0 0 0 0 5 2 0 2 0 0 0 0 0 0 4 0 0 0 14 62 21 0 0 3 0 0 0 0 0 0 0 0 0 0 0 124 120 113 142 144 51 141 339 165 272 102 37 155 0 102 23 97 180 161 143 51 0 0 0 0 0 0 0 0 0 2 0 0 0 6 32 0 0 0 0 0 0 0 0 0 0 0 0 0 0 0 0 0 0 0 0 0 0 0 0 0 0 0 0 14 9 0 0 0 0 0 0 0 0 0 0 0 0 0 0 7 13 14 23 30 16 12 1 24 25 7 16 1 18 0 0 22 1 0 0 0 0 0 0 0 0 0 0 0 0 0 0 1 0 0 0 0 0 5 0 0 0 0 0 0 3 0 0 0 0 0 0 0 0 0 0 3 0 0 0 0 0 0 0 0 1 0 0 0 6 0 0 0 0 0 0 0 0 0 0 28 19 51 10 47 7 0 15 8 15 14 0 0 26 1 20 12 19 12 11 0 0 0 0 0 0 0 0 0 0 0 20 13 0 1 0 0 0 0 5 0 0 11 0 0 0 0 0 0 0 0 7 0 1 0 0 0 0 0 2 0 0 33 0 64 18 0 63 2 0 8 0 0 0 0 0 0 0 0 0 0 0 0 0 0 0 0 0 2 0 
 0 0 2 0 14 3 0 0 0 0 0 0 2 0 4 20 1 0 0 0 0 0 0 1 1 31 6 1 0 0 0 24 0 0 0 0 0 1 0 0 67 172 66 135 75 50 114 358 83 99 196 98 127 102 0 159 181 106 106 190 0 0 0 0 0 0 0 0 0 0 0 0 0 0 0 4 0 5 0 0 0 0 0 3 3 0 0 6 0 3 0 0 1 0 0 0 0 6 0 0 0 0 0 0 0 15 0 0 0 0 1 0 0 0 0 0 0 0 0 0 18 27 14 0 7 0 12 19 11 9 0 1 8 31 31 0 20 27 11 2 5 0 3 0 0 0 0 0 1 0 0 0 1 11 0 0 0 0 0 0 3 0 0 0 0 3 0 0 0 0 0 6 0 0 0 3 6 0 0 0 0 0 0 0 12 1 3 0 0 0 0 1 0 0 0 0 0 0 6 21 0 16 9 1 32 0 1 2 7 10 9 17 27 0 0 27 6 0 18 20 0 0 0 0 0 0 0 0 0 0 0 1 0 14 0 0 0 1 0 8 0 1 6 0 0 0 0 0 0 0 0 4 0 1 0 0 0 0 0 3 0 0 1 0 0 18 2 0 0 0 0 0 0 0 0 0 0 0 0 0 0 0 0 0 17 0 0 0 2 0 
 0 0 0 0 0 0 2 0 0 0 0 0 1 0 0 0 0 0 0 0 2 0 0 0 62 0 0 0 0 0 0 2 0 0 0 0 0 0 0 0 313 128 59 96 55 75 133 112 61 154 429 315 49 23 159 0 130 76 177 302 0 0 4 2 0 51 0 0 2 88 2 0 2 0 4 0 4 2 0 0 0 0 0 0 0 0 0 0 0 0 0 0 0 0 0 0 0 0 0 0 0 0 0 0 0 0 0 0 0 0 0 0 0 0 0 0 0 0 0 0 0 19 5 12 36 23 0 9 7 25 0 0 0 18 13 5 6 4 19 12 16 4 23 0 0 0 10 0 0 0 0 4 4 11 0 4 0 0 0 12 0 1 0 0 4 0 0 0 0 0 0 0 9 0 0 0 0 0 0 0 0 0 0 0 0 0 0 0 0 0 0 0 0 0 0 0 0 0 0 0 10 0 26 28 9 7 22 1 1 32 0 0 18 0 18 14 28 0 15 14 3 13 0 0 0 0 8 0 0 0 0 7 0 6 11 2 0 0 0 8 0 0 0 0 0 0 0 0 0 0 0 3 0 0 0 0 0 0 0 1 0 0 0 0 2 4 1 1 0 0 0 0 0 0 0 0 0 0 0 0 0 0 0 0 32 22 0 0 1 0 
 0 0 0 0 0 0 0 0 0 3 0 0 0 0 0 0 0 0 0 0 3 3 3 3 67 65 6 3 3 3 3 66 103 3 3 3 3 3 3 3 161 97 231 403 60 72 82 150 128 100 154 143 32 97 181 130 0 116 72 314 52 0 0 4 0 0 0 3 1 0 11 7 1 0 14 0 7 12 51 0 0 0 0 0 0 0 0 0 0 0 0 0 0 0 0 0 0 0 0 0 0 0 0 0 0 13 1 0 0 0 0 0 0 0 0 0 0 0 0 0 0 0 39 11 12 16 0 30 35 1 1 4 8 0 18 24 21 23 12 18 7 19 0 0 0 0 0 0 3 0 0 9 7 10 0 19 0 0 0 14 0 1 0 0 0 0 0 0 0 0 0 0 0 0 0 0 0 1 0 0 0 0 0 10 14 0 0 0 0 0 0 25 0 0 0 0 0 0 0 0 7 14 30 0 45 14 19 10 4 29 0 10 0 19 1 0 9 12 10 32 4 9 0 0 0 2 0 0 0 0 0 6 13 10 2 4 0 0 0 22 0 0 4 0 0 0 0 0 0 0 0 5 0 2 0 0 0 0 0 1 0 0 67 0 2 1 4 0 0 0 6 0 0 52 0 0 0 0 0 0 0 0 0 0 0 0 0 0 0 0 
 0 0 0 0 0 0 0 0 0 3 0 0 2 0 0 66 0 0 0 0 0 0 0 0 0 0 0 0 0 1 0 0 0 0 0 0 0 0 0 0 77 92 166 122 49 106 94 98 88 176 172 121 34 180 106 76 116 0 35 36 53 3 5 0 0 0 2 0 3 0 0 0 2 0 0 0 0 0 1 7 0 0 0 0 0 0 0 0 0 0 0 0 0 0 0 0 0 0 0 0 0 0 0 0 0 0 0 0 0 0 0 0 0 0 0 0 0 0 0 0 0 13 31 19 97 53 0 0 19 53 1 35 9 0 0 0 0 28 0 0 16 0 9 0 0 0 11 0 0 0 0 0 4 2 0 0 0 0 10 15 0 0 0 0 0 0 0 0 0 0 0 0 0 0 0 0 0 0 0 0 0 0 0 0 0 0 0 0 0 0 0 0 0 0 0 0 0 0 0 0 0 0 32 0 35 11 0 0 0 19 7 14 0 3 0 0 0 33 0 0 0 0 0 0 0 0 21 4 7 0 0 0 33 20 0 0 1 0 24 12 0 0 0 0 0 0 0 0 0 0 0 9 0 0 0 0 0 0 0 13 0 0 8 0 1 2 0 2 0 0 20 0 0 0 0 0 0 0 0 0 0 0 0 0 6 25 0 1 0 0 
 0 0 0 0 65 0 0 0 0 0 0 0 3 0 0 0 0 0 6 1 0 0 2 66 0 72 0 0 0 0 0 22 0 0 0 0 0 24 0 0 77 251 108 50 57 66 44 264 668 129 32 43 174 161 106 177 72 35 0 411 0 0 0 0 0 0 0 0 0 0 0 4 0 0 0 5 0 2 0 0 0 0 0 0 0 0 0 0 0 0 10 0 0 11 0 0 0 0 0 0 0 0 0 0 13 22 6 0 0 0 19 0 0 0 0 0 0 0 0 0 14 21 19 19 1 14 41 0 8 32 27 0 0 8 53 11 11 0 13 0 6 0 8 0 0 0 0 0 0 0 0 9 1 0 0 0 0 0 0 0 0 5 0 0 0 0 3 0 0 0 0 0 0 0 0 0 0 10 5 5 0 0 0 14 10 9 0 0 0 32 4 19 0 0 0 0 0 0 0 0 15 0 10 12 0 0 30 44 52 12 21 12 34 38 22 17 22 6 31 4 0 0 0 0 0 17 0 0 0 0 0 0 0 0 0 0 0 11 0 0 0 0 3 0 0 0 0 0 0 0 0 11 0 0 0 0 0 0 64 0 0 0 0 0 36 4 1 0 0 0 0 0 0 0 0 0 0 0 0 0 0 0 0 0 24 0 0 0 0 0 
 0 0 3 0 0 0 0 0 0 0 0 0 0 0 0 0 0 0 0 6 3 3 66 13 71 263 3 3 68 3 3 66 30 3 3 4 5 3 3 3 177 40 304 83 300 60 141 178 114 448 272 105 93 143 190 302 314 36 411 0 0 0 0 0 0 0 0 17 0 0 0 4 0 0 0 2 0 9 0 0 0 0 0 0 0 0 0 0 0 0 0 0 0 0 0 0 0 0 0 0 8 0 0 0 7 35 0 0 0 24 1 1 0 0 0 0 0 0 0 0 8 14 9 21 0 0 39 3 18 10 22 0 14 25 25 7 65 17 11 13 10 0 2 0 0 0 0 0 10 0 0 0 1 0 0 0 0 0 0 0 0 0 0 0 0 0 15 0 0 0 0 0 0 0 0 0 0 0 16 7 0 0 0 15 22 1 0 0 0 4 24 0 0 0 0 1 16 0 0 0 11 31 0 7 0 0 24 15 7 11 6 20 23 52 0 35 22 4 36 32 0 0 0 0 0 0 0 0 0 0 0 0 0 0 0 0 0 1 0 0 0 0 9 0 0 0 0 0 0 0 0 0 0 0 0 0 0 21 1 1 0 0 2 0 64 6 1 0 0 0 0 0 0 0 0 1 0 0 0 0 0 0 0 0 1 0 0 0 0 0 
 12 5 9 0 0 0 0 0 6 0 0 50 0 0 5 53 0 0 3 11 0 0 0 1 0 0 0 0 0 0 0 12 0 46 0 0 28 0 0 0 51 0 52 50 2 52 4 3 103 19 3 0 0 51 0 0 52 53 0 0 0 116 123 347 33 110 142 80 189 295 84 246 72 156 67 51 353 28 98 61 0 4 6 0 0 0 3 0 0 0 0 0 7 4 0 0 25 0 0 1 0 14 0 0 0 0 0 0 0 0 0 0 0 0 0 0 0 0 0 0 0 0 10 0 0 10 0 0 12 0 1 0 0 5 0 0 0 0 0 0 0 54 9 0 0 0 6 8 12 1 32 24 8 0 7 9 48 5 18 1 1 0 4 4 0 0 0 0 11 0 0 0 0 0 3 0 0 6 8 0 0 0 0 0 0 0 0 0 0 0 0 0 0 0 0 0 0 0 0 0 0 7 10 0 9 0 0 0 0 0 0 0 0 10 0 11 0 4 0 0 14 37 36 17 0 19 5 0 8 1 10 14 29 12 32 16 0 14 0 21 0 0 0 0 0 0 0 0 0 1 0 0 0 0 4 0 0 0 0 0 0 0 52 0 0 0 6 0 0 0 34 0 0 2 2 0 0 0 0 0 0 0 0 0 0 2 0 0 0 0 
