 0 187 213 142 46 47 429 190 351 40 40 265 279 147 217 194 323 209 54 517 74 0 0 0 0 0 2 0 0 0 0 0 0 0 0 0 0 0 0 2 0 0 31 0 0 2 3 0 3 0 65 29 0 0 0 0 0 0 0 0 3 0 3 3 2 3 0 0 0 0 0 2 0 0 0 0 0 0 1 0 15 11 0 28 19 19 17 13 12 13 1 29 38 0 0 18 2 39 1 0 0 0 0 0 0 0 0 0 0 2 0 0 0 0 0 3 0 0 10 0 0 0 0 0 0 0 9 0 0 0 0 0 0 0 0 0 0 0 0 0 0 0 0 0 0 0 0 0 0 0 0 0 0 0 1 0 0 1 0 0 0 0 17 0 1 1 0 0 0 1 0 28 0 8 7 9 0 9 4 19 0 0 0 0 0 0 0 0 0 0 29 0 0 0 0 0 0 0 0 0 0 0 0 0 0 0 0 0 0 0 0 0 0 0 0 0 0 0 0 0 0 0 0 0 0 0 0 0 0 0 0 0 0 0 0 0 1 0 0 0 0 13 0 0 12 2 90 2 0 3 0 5 13 0 0 0 0 0 0 0 0 0 0 1 0 0 0 0 0 0 0 0 0 1 0 11 0 0 0 0 0 0 0 0 0 0 0 0 0 0 
 187 0 177 46 156 127 269 185 205 252 28 114 31 173 111 261 162 266 59 432 0 5 0 0 4 0 2 2 0 0 0 0 0 0 1 0 0 0 9 2 1 0 0 0 63 2 4 0 3 0 2 0 0 0 64 0 0 0 0 3 0 0 4 3 4 7 0 0 0 3 0 1 0 3 0 0 0 0 2 7 0 23 7 10 24 0 19 0 8 16 21 10 0 13 14 37 19 12 16 25 2 0 0 0 0 0 24 0 2 0 0 0 20 0 0 0 0 13 0 0 0 0 0 0 0 2 0 0 0 0 0 0 0 0 0 0 0 0 0 0 2 0 0 0 0 0 0 0 0 0 0 0 0 0 0 0 0 0 0 0 0 9 27 11 13 0 0 0 18 35 2 27 12 0 2 21 10 23 0 0 0 0 0 0 0 0 0 0 0 0 2 0 0 0 0 0 0 0 19 0 0 0 0 0 0 0 0 0 0 0 0 0 0 0 0 11 0 0 0 0 0 2 0 1 21 0 0 0 0 0 0 0 0 1 0 0 0 0 0 0 0 0 0 0 0 1 2 0 2 0 0 10 0 0 0 0 0 0 0 0 0 0 0 2 0 0 0 0 0 0 0 0 0 0 0 0 9 1 0 0 0 0 0 16 0 0 0 0 0 0 
 213 177 0 231 150 185 251 202 118 545 43 31 39 379 125 273 228 30 45 28 0 0 4 0 0 0 6 0 8 2 0 0 0 0 4 0 4 3 4 75 0 0 3 0 0 2 6 0 3 0 5 0 0 0 0 0 0 2 0 0 6 0 3 3 5 3 3 0 0 0 3 0 0 0 0 5 3 0 5 0 2 0 0 2 34 24 20 11 7 7 30 31 9 11 0 29 13 0 0 0 10 15 10 0 0 0 28 0 0 0 0 0 1 10 0 7 0 0 15 15 0 0 0 0 0 3 0 0 0 0 0 1 0 0 22 0 0 0 0 0 0 0 0 0 0 0 0 0 0 0 0 0 0 0 0 0 0 0 0 0 0 0 7 11 13 1 0 23 16 27 0 39 17 2 0 52 9 15 10 0 0 0 0 0 0 0 0 10 0 0 0 0 12 9 0 0 0 0 27 12 0 0 0 0 0 0 0 0 0 0 0 0 0 0 0 0 0 0 0 0 0 0 0 0 0 0 0 10 0 0 0 0 0 0 0 0 0 0 0 0 0 0 0 0 0 1 0 0 14 4 0 7 0 0 0 0 0 0 0 0 75 0 0 0 0 0 0 0 0 0 0 0 0 0 0 3 0 1 0 0 0 0 0 0 0 0 0 0 0 0 
 142 46 231 0 175 386 100 307 85 189 402 149 99 72 56 378 140 126 87 334 3 0 2 5 0 0 7 0 0 0 3 0 79 0 30 0 5 0 75 75 2 0 0 3 0 2 6 65 6 0 5 0 3 2 0 0 0 0 0 6 6 0 3 3 3 3 0 0 0 0 0 51 0 0 0 9 0 0 6 0 21 2 0 15 29 33 16 12 9 25 0 39 7 0 0 10 17 56 0 1 12 15 17 0 0 0 8 0 10 0 0 0 0 26 0 7 0 0 52 26 0 0 0 0 0 0 0 0 0 0 0 0 0 0 0 0 0 0 0 0 0 0 0 0 0 0 0 0 0 0 0 0 0 0 0 0 0 0 0 0 1 0 10 1 1 2 0 0 1 23 0 22 0 1 1 21 0 25 2 32 0 0 0 0 0 0 0 30 14 0 0 19 14 7 3 0 0 0 14 20 0 0 0 0 0 0 0 0 0 0 0 0 0 0 0 0 0 0 0 0 0 0 0 0 0 0 0 0 0 0 0 0 0 0 0 0 0 0 0 0 0 15 0 0 0 6 94 1 2 2 2 6 13 0 2 0 0 0 0 0 0 0 0 0 0 0 0 1 0 0 0 0 0 0 0 12 1 0 0 0 0 0 0 0 0 0 0 0 0 0 
 46 156 150 175 0 90 61 163 171 85 104 250 48 75 85 176 230 203 58 77 37 89 1 0 0 0 157 10 1 0 0 0 33 177 0 36 21 94 74 2 0 0 0 0 0 2 3 0 3 0 3 0 0 0 0 0 0 0 0 0 0 0 3 4 3 2 0 0 0 0 0 0 0 0 0 0 0 0 3 0 0 12 2 18 16 49 1 0 5 72 0 0 0 0 1 0 13 0 0 0 1 11 19 37 0 0 1 5 11 10 0 0 0 30 55 0 0 0 28 11 0 0 0 0 0 0 0 0 0 0 0 0 2 18 0 0 0 0 0 0 0 0 0 0 0 0 0 1 0 0 0 0 0 0 0 0 1 0 0 1 0 0 0 11 0 12 0 0 14 16 0 11 0 2 0 29 18 0 0 0 5 22 0 0 0 0 2 0 30 0 65 0 36 6 0 0 1 0 9 23 0 0 0 0 0 0 0 0 0 0 0 0 1 0 0 0 0 0 1 2 0 0 0 0 0 0 0 0 0 1 0 0 0 0 0 0 0 0 0 0 0 15 0 0 1 3 1 0 0 2 0 10 0 0 2 0 0 0 0 0 0 10 0 0 0 0 2 0 0 0 0 0 0 1 0 0 0 0 0 0 0 0 0 0 0 0 0 0 0 0 
 47 127 185 386 90 0 134 37 354 270 82 284 34 48 158 299 163 123 50 260 74 0 3 0 0 0 99 0 0 2 0 77 39 0 1 0 0 2 2 78 0 0 0 4 0 2 3 0 3 0 2 7 2 0 0 0 0 0 0 2 0 0 3 3 3 4 0 0 0 8 0 0 0 0 0 0 0 42 3 0 0 25 22 14 31 7 0 0 14 22 32 54 0 0 10 23 15 0 0 0 12 20 10 0 0 0 59 0 0 2 0 0 20 9 0 11 0 0 19 81 0 17 0 0 0 0 0 0 0 0 0 26 0 0 0 2 0 0 0 0 0 0 0 0 0 0 0 0 0 0 0 0 0 0 0 0 0 1 0 0 1 11 10 13 44 19 1 0 0 21 46 18 0 3 0 8 16 10 0 0 0 0 0 0 0 0 10 10 0 0 0 0 0 31 0 14 0 0 48 1 0 0 0 0 0 0 0 0 0 0 0 0 0 0 0 0 0 1 0 0 0 0 0 0 0 0 0 0 0 0 0 0 0 0 0 0 0 0 0 0 0 0 0 0 0 7 1 0 0 98 2 11 0 1 0 0 0 0 0 0 0 0 13 0 0 0 0 0 0 0 0 0 0 0 0 0 0 13 0 0 0 0 0 0 0 0 0 0 0 0 
 429 269 251 100 61 134 0 332 380 346 59 242 91 176 138 308 140 53 82 323 0 65 0 0 0 0 3 2 0 0 0 0 0 0 2 0 5 0 0 4 0 0 0 0 0 2 3 0 3 0 3 0 0 0 0 0 0 0 0 0 0 0 2 3 3 2 0 0 0 0 0 0 0 0 0 0 0 0 3 0 10 15 7 11 9 0 39 9 10 18 34 10 9 53 24 13 6 18 41 34 0 0 0 0 0 0 58 0 0 0 0 0 0 0 0 0 2 0 0 0 0 0 0 0 0 0 0 0 1 0 0 0 0 0 0 0 0 0 0 0 18 0 0 0 0 0 14 0 0 0 0 0 0 2 0 0 0 0 0 0 0 11 42 4 0 1 28 25 0 0 0 15 33 10 0 0 0 0 10 0 0 0 0 0 0 2 0 2 0 0 0 0 0 21 0 0 0 0 14 0 0 0 0 1 0 0 0 0 0 0 0 0 0 0 0 0 0 0 0 0 0 0 0 0 0 0 0 0 0 0 0 0 0 0 0 0 0 0 0 2 0 0 0 0 0 0 1 2 2 0 3 11 0 0 0 0 0 0 0 0 0 0 0 0 0 0 0 0 0 0 0 0 0 0 0 26 9 10 0 0 0 0 0 0 0 0 0 0 0 0 
 190 185 202 307 163 37 332 0 115 127 40 36 223 415 178 370 98 141 229 333 2 2 1 1 1 1 5 0 2 4 1 3 0 2 2 2 2 3 2 2 0 2 0 3 2 4 3 0 3 2 5 2 2 8 2 0 0 2 0 0 0 0 3 4 3 2 3 0 0 1 1 0 0 0 0 0 0 0 3 1 10 14 0 0 33 0 26 29 14 0 0 0 19 0 13 10 13 14 1 10 0 0 1 0 0 0 0 0 0 0 0 0 0 0 2 0 0 0 5 0 0 0 0 11 0 0 0 0 0 0 0 0 0 0 0 0 0 0 0 0 0 0 0 0 0 0 0 0 0 0 0 0 0 0 0 2 0 0 0 0 10 12 25 0 1 3 0 0 20 0 10 0 0 0 11 15 21 24 14 0 0 0 1 0 0 0 0 0 0 0 0 0 0 0 0 0 0 0 2 20 0 0 0 0 0 0 0 0 0 0 1 0 0 0 0 0 0 0 0 0 0 0 0 0 0 0 21 0 0 0 0 2 0 0 15 0 0 0 0 0 0 0 0 0 0 5 3 0 0 3 0 26 18 0 0 0 1 2 0 0 0 0 0 0 0 0 0 0 0 0 0 0 0 0 0 8 0 0 0 0 0 0 0 0 0 0 0 0 0 0 
 351 205 118 85 171 354 380 115 0 432 346 263 53 191 176 196 144 111 169 93 1 3 0 0 0 0 2 0 0 0 0 0 99 0 0 0 0 0 2 3 0 0 0 0 0 2 3 0 3 0 2 0 0 0 0 0 0 0 0 0 0 0 19 3 2 3 0 0 0 40 0 0 0 0 0 0 0 0 2 0 0 8 25 19 0 1 38 17 10 2 0 19 0 9 0 28 21 10 13 9 0 0 0 0 0 0 0 0 0 0 0 0 0 0 0 0 0 0 0 0 0 0 0 0 0 0 0 0 0 0 0 0 0 1 0 0 0 0 0 0 0 0 0 0 0 0 0 0 0 0 0 0 0 0 0 0 0 0 0 0 0 0 3 14 25 0 0 0 9 6 16 17 0 2 6 21 39 11 0 15 0 0 0 0 0 0 1 10 0 0 0 9 1 0 0 0 0 0 0 10 0 0 0 0 0 0 0 0 0 0 0 0 0 0 0 0 0 0 0 0 0 0 0 0 0 0 0 13 0 0 0 0 0 0 0 0 0 0 0 0 0 0 0 0 0 0 43 1 0 2 1 6 0 0 0 0 0 0 0 0 0 0 8 0 0 0 0 0 0 0 0 0 0 0 0 17 8 0 0 0 0 0 0 0 0 0 0 0 0 0 
 40 252 545 189 85 270 346 127 432 0 87 162 27 83 388 288 168 109 72 195 3 0 3 0 0 0 86 0 0 0 0 2 2 3 0 4 0 1 77 7 0 0 0 3 0 4 3 1 3 0 6 0 1 0 0 2 0 0 3 3 6 0 3 3 3 2 1 0 0 0 3 0 0 0 0 5 0 0 3 0 0 12 12 0 62 0 0 0 13 0 36 20 0 0 5 58 0 0 2 0 17 0 16 15 0 0 57 0 0 0 0 0 24 0 0 2 0 0 1 0 0 0 0 0 0 0 0 0 0 0 0 12 0 0 2 0 0 0 0 0 0 2 0 0 0 2 0 0 0 0 0 2 0 0 0 0 0 0 0 0 1 5 46 30 10 6 0 0 20 19 32 9 0 5 0 4 16 18 0 0 0 0 0 0 0 0 11 0 0 0 0 15 18 1 0 0 0 0 29 27 0 12 0 0 0 0 0 0 0 0 0 4 0 0 0 0 0 0 0 0 0 0 0 0 2 0 0 0 16 0 0 0 0 0 0 0 0 0 0 0 0 0 0 0 0 1 0 0 2 4 1 18 0 0 0 0 0 0 0 0 2 0 19 0 0 0 0 0 0 0 0 0 0 0 0 1 0 33 0 0 0 0 0 0 0 0 0 0 0 0 
 40 28 43 402 104 82 59 40 346 87 0 143 36 29 51 182 173 250 162 176 0 0 0 0 0 2 26 0 0 0 0 0 75 0 0 0 1 0 74 3 0 0 0 0 0 2 3 0 3 0 2 0 0 0 0 0 0 2 0 0 0 0 3 3 2 3 0 0 0 0 0 44 0 0 0 0 0 0 2 53 8 12 0 17 23 22 16 23 0 15 32 18 8 0 0 35 0 22 0 0 0 0 0 0 0 0 16 22 20 13 15 0 36 0 0 15 0 0 10 17 0 0 0 35 0 0 0 0 0 0 0 0 0 0 0 0 0 0 0 0 0 0 0 0 0 0 0 0 0 0 0 0 0 0 0 0 0 0 0 0 0 0 10 1 14 25 0 0 0 31 30 0 0 6 0 10 0 28 0 9 0 14 0 0 0 0 35 54 3 0 0 0 29 0 0 25 0 14 0 36 0 12 0 0 0 0 0 0 0 0 0 0 0 0 0 0 0 0 0 0 0 0 0 0 0 0 0 0 0 0 0 0 0 0 0 6 0 0 0 0 0 19 0 0 0 2 182 0 6 1 0 13 22 0 0 0 0 0 0 0 0 0 0 0 0 0 0 0 0 0 0 1 0 0 0 22 11 0 0 0 0 0 0 0 0 0 0 0 0 0 
 265 114 31 149 250 284 242 36 263 162 143 0 17 48 258 259 70 48 36 20 74 1 0 0 4 0 127 0 0 0 0 3 72 53 3 1 74 2 133 77 0 0 0 0 3 2 3 0 14 0 3 0 0 0 26 0 0 0 0 2 3 0 3 3 3 2 0 0 0 1 0 0 0 0 0 0 0 0 3 0 0 6 1 0 33 24 0 0 12 0 15 15 0 0 0 0 1 2 0 0 18 2 8 13 0 0 1 9 48 0 0 0 47 0 41 1 2 0 0 16 0 0 0 0 0 0 0 0 0 0 0 2 0 0 0 0 0 0 0 0 0 0 0 1 0 0 1 0 0 0 0 0 0 0 0 0 0 0 0 0 0 0 0 0 0 32 0 0 0 8 1 0 0 7 0 0 0 10 0 0 7 13 0 0 0 0 25 15 10 0 0 12 64 24 0 14 0 0 15 47 0 5 0 0 0 2 0 0 0 0 0 0 0 0 0 0 0 0 0 0 0 30 0 14 9 0 0 0 0 0 0 0 1 0 0 1 0 0 0 0 0 0 0 0 0 5 4 0 2 6 0 0 0 0 0 0 0 0 0 0 0 0 12 0 0 0 0 0 0 2 0 0 0 0 0 0 0 0 0 0 0 0 0 0 0 0 0 0 0 0 
 279 31 39 99 48 34 91 223 53 27 36 17 0 160 211 21 224 221 204 45 0 0 2 0 36 0 2 0 0 0 0 0 0 0 0 0 0 0 0 2 0 0 0 0 0 2 3 66 3 0 2 0 0 0 0 0 1 0 0 0 0 0 6 3 3 18 0 0 0 0 0 0 0 0 0 0 1 0 3 0 19 0 0 1 0 0 19 15 0 0 1 1 32 1 21 0 25 0 10 24 0 0 0 0 0 0 16 0 0 0 0 0 0 0 0 1 0 0 0 0 0 5 0 0 0 0 0 0 0 0 0 0 0 0 0 0 0 0 0 0 0 0 0 0 14 0 0 0 0 0 0 0 0 0 0 0 0 0 0 0 66 0 17 0 0 0 0 9 10 0 0 0 4 18 12 0 18 0 38 18 0 0 0 0 0 0 0 0 0 0 0 0 0 0 0 0 0 0 0 0 0 0 0 0 0 0 0 0 0 0 0 0 0 0 0 0 0 0 0 0 0 0 0 0 0 0 0 0 0 0 0 0 0 0 0 0 0 0 0 0 0 0 0 0 0 0 0 1 1 0 0 8 0 0 2 0 0 0 0 0 0 0 0 0 0 0 0 0 0 0 0 0 0 0 0 0 0 0 0 0 0 0 0 0 0 0 0 0 0 0 
 147 173 379 72 75 48 176 415 191 83 29 48 160 0 179 450 29 77 91 288 0 5 0 2 0 0 3 0 0 0 0 0 0 0 0 1 0 0 1 2 0 0 0 0 0 2 3 0 3 0 3 0 0 0 0 0 0 0 0 0 0 0 3 3 3 3 0 0 0 0 0 0 0 0 0 0 0 51 3 0 40 19 8 20 0 0 29 17 8 14 26 0 26 48 18 0 28 36 42 65 0 0 0 0 0 0 1 6 0 0 0 0 0 0 0 0 0 0 0 0 0 2 0 0 0 0 3 0 0 1 0 2 0 0 1 0 0 0 0 0 2 1 0 0 0 1 0 0 0 0 0 0 0 0 7 0 1 0 0 0 27 0 31 5 0 0 47 27 10 35 0 16 12 0 12 21 0 0 30 0 0 0 0 0 0 0 0 0 0 0 0 0 0 0 0 0 0 2 0 0 0 10 0 0 0 0 0 0 0 0 0 0 0 0 0 0 0 0 0 0 0 0 0 0 1 0 0 0 0 0 0 0 0 0 0 0 0 0 0 0 0 0 0 0 0 2 1 0 0 0 12 14 0 0 0 0 0 0 0 0 0 0 0 0 0 0 0 0 0 0 0 0 0 0 0 0 11 0 0 0 0 0 0 0 0 0 0 0 0 0 
 217 111 125 56 85 158 138 178 176 388 51 258 211 179 0 267 43 119 68 210 0 0 0 0 0 0 3 0 0 0 0 0 0 0 0 0 0 0 0 2 0 0 0 0 0 2 3 0 3 0 3 20 62 0 0 0 0 0 0 0 0 0 3 3 3 2 0 0 0 0 0 6 0 0 0 0 0 0 3 0 19 0 40 0 11 0 29 32 1 0 27 6 18 26 12 19 0 0 11 14 0 0 0 0 0 0 16 0 0 0 15 0 0 0 0 0 0 0 0 9 0 0 0 0 0 0 0 0 0 0 0 0 0 0 0 0 0 0 0 0 0 0 0 0 0 0 0 0 0 0 0 0 0 0 0 0 0 13 0 0 0 0 32 0 0 0 11 25 0 0 0 17 15 29 6 1 18 4 13 19 0 0 0 0 0 0 0 0 0 0 0 2 0 0 0 0 0 0 9 0 0 0 0 11 18 0 0 0 2 0 0 0 0 0 0 0 0 0 0 0 0 0 0 0 0 0 0 2 0 7 0 0 0 0 0 0 2 0 1 0 0 0 0 0 0 3 2 0 0 2 0 5 0 0 0 0 0 0 0 0 0 0 0 0 0 0 0 0 0 0 0 0 0 0 0 1 0 0 0 0 0 0 0 0 0 0 0 0 0 2 
 194 261 273 378 176 299 308 370 196 288 182 259 21 450 267 0 82 168 51 328 0 0 0 0 0 0 3 0 0 0 0 0 2 0 0 0 0 0 0 2 0 0 0 0 0 3 3 0 3 43 3 0 0 0 0 0 0 0 0 0 40 0 2 3 3 2 35 0 0 0 0 0 0 0 0 0 0 0 3 0 2 22 7 27 6 0 25 3 19 13 24 11 4 29 16 14 6 21 15 17 0 0 0 0 0 0 0 0 0 0 0 0 0 0 0 0 0 0 1 0 0 0 0 0 0 0 10 0 0 0 0 0 0 0 0 0 0 1 0 0 0 0 0 0 0 0 0 0 0 0 0 0 0 0 3 2 0 0 0 0 0 11 10 11 15 2 14 12 0 1 0 15 12 0 0 18 0 26 13 0 0 0 0 0 0 0 1 0 0 0 0 0 0 0 0 1 28 0 2 0 0 0 0 0 0 0 0 0 0 0 0 0 0 0 0 0 0 0 0 0 0 0 0 0 0 0 0 0 0 0 0 2 0 0 0 0 0 0 0 0 0 0 0 0 0 2 1 1 0 2 11 18 0 0 0 0 0 0 0 0 0 0 0 0 0 0 0 0 0 0 0 0 0 0 0 22 13 0 0 0 0 0 0 0 0 0 0 0 0 0 
 323 162 228 140 230 163 140 98 144 168 173 70 224 29 43 82 0 194 56 47 0 209 73 0 2 0 2 0 0 0 0 2 75 0 0 0 74 0 1 2 0 0 0 64 0 2 3 0 3 0 2 0 0 0 0 0 0 0 0 0 0 0 3 3 3 3 0 0 0 0 0 0 0 0 0 1 0 0 3 50 14 55 39 11 9 8 0 15 17 46 0 1 0 0 18 27 11 22 0 0 0 0 0 0 0 0 2 10 0 1 0 0 7 0 0 0 0 0 12 0 0 0 2 0 0 0 0 0 0 0 0 0 0 0 0 1 0 0 0 2 0 0 1 0 0 0 0 0 0 0 0 0 0 0 0 0 0 0 0 0 0 23 10 14 1 8 2 1 11 0 14 7 1 0 0 29 54 8 0 0 0 0 0 0 0 0 1 0 0 0 0 0 0 0 0 0 0 0 1 29 0 0 2 0 0 0 0 0 0 0 0 0 0 5 0 0 2 2 0 0 0 0 0 0 0 0 0 0 0 11 0 0 0 0 0 0 0 0 0 0 0 39 0 0 0 2 85 0 0 44 0 10 18 2 0 0 0 0 0 0 0 0 0 0 0 0 0 0 0 0 0 0 0 0 0 25 0 18 0 0 0 0 0 0 0 1 0 0 0 0 
 209 266 30 126 203 123 53 141 111 109 250 48 221 77 119 168 194 0 41 186 0 0 0 0 4 0 80 0 0 0 0 2 94 0 89 0 0 0 1 41 60 0 0 0 0 2 3 46 3 0 3 0 0 0 0 0 0 0 0 0 0 0 3 3 9 99 0 0 0 1 0 0 0 0 0 0 0 0 3 0 14 26 8 18 0 12 0 14 10 30 0 19 2 1 24 103 0 36 0 1 0 0 0 0 0 0 0 0 0 0 0 0 16 0 0 0 0 0 0 0 0 0 0 0 0 0 13 0 0 0 0 0 1 0 0 0 0 0 0 0 0 0 0 0 0 0 0 0 0 0 0 0 0 0 4 11 0 0 0 0 11 9 10 11 23 32 15 0 5 30 9 40 0 0 0 30 16 53 0 0 2 30 0 0 0 0 11 0 0 0 0 0 1 0 0 0 0 21 0 0 0 0 0 0 2 0 0 0 0 0 0 0 2 0 0 0 0 0 2 1 0 0 0 0 0 0 0 0 0 2 0 0 0 0 0 0 0 0 0 0 0 0 0 0 2 0 2 0 85 88 0 6 10 0 0 0 0 0 0 0 0 0 0 0 0 0 1 0 0 0 0 0 0 2 0 21 12 0 0 0 0 0 0 0 0 0 0 0 0 0 
 54 59 45 87 58 50 82 229 169 72 162 36 204 91 68 51 56 41 0 321 0 0 0 0 0 0 67 0 0 0 0 1 0 2 0 0 0 1 0 2 0 0 0 0 0 2 3 0 65 0 3 0 0 0 0 2 0 0 0 0 0 0 3 3 3 3 0 0 0 51 0 0 0 0 0 0 0 0 3 0 0 20 21 6 0 0 60 14 0 27 0 0 25 28 10 0 31 12 38 34 12 5 0 0 0 0 0 0 0 0 0 0 0 0 0 0 0 0 0 0 0 0 0 15 0 0 0 0 0 0 0 0 0 0 0 0 0 0 0 0 0 0 0 0 0 0 0 0 0 0 0 0 0 0 1 0 3 0 0 0 53 13 12 0 13 0 21 0 20 13 0 0 6 15 21 0 0 0 8 18 0 0 0 0 0 0 0 0 0 0 0 16 0 0 0 0 0 0 0 0 0 8 0 0 0 0 0 0 0 0 0 0 0 0 0 0 0 0 0 0 0 0 0 0 0 0 0 0 0 0 0 0 0 0 0 0 0 0 0 0 0 0 0 0 0 1 1 0 2 0 0 15 0 0 0 0 0 0 0 0 0 0 0 0 0 0 0 0 0 0 0 0 0 0 0 0 9 0 0 0 0 0 0 0 0 26 0 0 0 0 
 517 432 28 334 77 260 323 333 93 195 176 20 45 288 210 328 47 186 321 0 0 0 0 0 0 0 2 0 0 0 0 0 0 0 1 0 0 0 0 3 6 0 0 0 0 2 3 0 3 0 2 0 0 0 4 0 124 0 0 0 0 0 3 3 32 7 2 0 0 0 0 4 0 0 1 0 0 0 2 0 16 29 13 9 11 0 82 12 58 12 15 1 13 76 11 9 9 53 51 18 0 0 0 0 9 0 0 0 0 0 0 0 0 11 0 0 0 45 0 0 0 0 0 0 0 0 0 0 0 0 0 0 0 0 0 0 0 0 0 0 0 0 0 0 0 0 0 0 0 0 0 0 0 0 12 0 2 0 0 0 10 43 9 10 10 0 56 2 13 11 0 0 10 10 3 16 5 13 0 16 0 0 0 0 0 0 0 0 0 0 0 0 0 0 0 0 0 0 0 0 0 0 0 0 0 0 0 0 0 0 0 0 0 0 0 0 0 0 0 0 0 0 0 0 0 0 0 0 0 0 0 0 0 0 0 0 0 0 0 0 0 0 0 0 0 1 0 3 0 2 12 7 15 0 0 0 0 0 0 0 0 0 0 0 0 0 0 0 0 0 0 0 0 0 0 17 8 0 0 0 0 0 0 0 0 0 0 9 0 8 
 74 0 0 3 37 74 0 2 1 3 0 74 0 0 0 0 0 0 0 0 0 198 348 69 257 36 147 341 40 133 44 118 298 134 194 187 42 37 282 338 0 0 0 2 0 2 0 0 0 3 5 0 2 3 69 0 0 0 1 0 0 5 3 3 0 0 2 0 0 0 0 0 0 0 0 3 3 2 0 5 0 0 10 0 7 12 0 0 0 0 9 0 0 0 0 1 0 0 0 0 42 0 27 12 0 11 0 25 12 31 19 9 1 10 9 9 5 11 0 8 0 0 0 0 0 0 0 10 0 0 0 12 2 0 0 0 0 0 0 0 0 0 0 0 0 0 0 0 0 0 2 0 0 0 0 0 0 0 0 0 0 13 0 4 1 0 0 0 0 0 10 0 0 0 0 0 0 0 0 0 8 17 12 0 20 0 13 28 33 28 58 30 1 27 12 42 0 14 10 0 0 0 0 0 0 0 0 0 0 0 0 0 0 12 0 0 0 0 14 1 0 0 0 0 0 0 0 0 0 0 0 0 0 2 0 0 0 0 0 0 0 0 0 0 0 0 0 0 0 4 0 0 0 0 0 0 0 27 0 0 0 0 18 0 0 0 0 0 0 0 0 0 0 0 0 0 0 0 0 7 0 0 0 0 0 0 13 0 0 0 
 0 5 0 0 89 0 65 2 3 0 0 1 0 5 0 0 209 0 0 0 198 0 152 222 263 52 92 91 450 40 55 39 142 264 418 46 257 74 391 116 0 0 0 0 6 0 0 0 10 3 7 0 62 3 0 0 0 0 0 0 3 2 3 21 0 0 0 0 0 0 0 0 0 0 0 3 40 0 0 51 0 0 0 0 0 1 0 0 0 0 0 0 0 0 0 0 0 0 0 0 50 23 0 34 55 0 29 15 28 5 11 4 13 33 54 28 22 10 29 20 0 0 0 0 0 0 0 28 0 0 0 0 0 0 0 0 0 0 10 0 6 0 0 0 0 0 0 10 0 0 0 0 0 0 0 0 0 0 0 0 0 0 0 0 0 22 1 0 0 0 0 0 0 0 0 1 0 2 0 0 25 27 15 9 0 2 9 4 30 0 28 0 35 6 27 0 0 0 0 11 0 0 0 2 0 0 0 0 0 0 0 0 1 0 0 0 0 0 0 2 0 1 0 0 2 2 0 0 0 0 0 0 0 0 0 0 0 0 0 15 0 0 1 0 0 2 0 0 0 0 0 0 0 0 10 0 4 0 2 1 1 3 0 0 0 0 0 0 0 0 0 0 0 0 0 0 0 0 0 4 0 10 0 0 14 0 0 0 0 0 
 0 0 4 2 1 3 0 1 0 3 0 0 2 0 0 0 73 0 0 0 348 152 0 190 72 120 472 231 127 249 241 71 81 119 168 296 174 63 39 114 0 6 0 3 2 0 0 1 1 4 4 1 62 3 0 23 0 0 63 0 0 4 2 3 6 0 0 2 0 0 0 0 3 0 1 0 0 2 0 6 0 0 0 0 0 0 12 0 0 0 0 0 0 0 0 0 11 0 0 0 15 15 1 20 3 4 32 19 12 7 10 47 8 35 20 7 7 1 25 1 1 0 0 0 0 0 5 0 0 0 0 0 34 1 14 0 0 0 36 26 0 0 0 0 0 0 0 0 0 0 0 0 0 0 0 0 27 1 0 0 0 1 0 0 0 0 4 0 0 0 0 0 0 0 0 0 0 0 0 0 12 2 50 23 22 15 0 7 13 22 7 27 2 11 0 19 0 2 0 0 0 0 0 0 0 0 18 0 0 0 0 0 11 23 0 0 0 0 24 0 0 0 0 0 0 0 0 0 0 0 0 0 0 0 0 0 0 1 0 0 0 0 9 0 0 0 1 0 0 0 0 0 0 0 10 2 0 89 48 1 0 0 0 0 0 0 0 0 0 0 0 0 0 0 0 0 0 0 0 6 0 0 0 0 0 0 11 0 0 0 
 0 0 0 5 0 0 0 1 0 0 0 0 0 2 0 0 0 0 0 0 69 222 190 0 73 40 306 245 111 241 231 297 54 158 283 196 327 123 83 91 0 0 0 0 0 0 0 127 0 2 48 0 0 68 0 0 0 0 65 63 0 2 2 5 0 0 1 0 0 0 0 0 0 0 0 11 0 0 0 0 0 13 0 0 0 0 0 0 0 0 0 0 0 0 0 0 0 0 0 0 28 13 8 20 27 0 19 16 19 33 10 33 21 30 0 17 36 28 0 1 21 0 7 0 0 0 0 54 0 0 0 0 1 10 16 0 0 0 16 0 0 0 0 0 12 0 0 0 0 1 0 0 0 0 0 0 0 5 2 0 0 3 0 0 0 0 0 1 0 0 0 0 0 0 0 0 0 0 18 0 20 11 11 12 14 28 0 7 19 21 7 0 0 10 34 1 0 18 6 18 34 0 7 0 0 0 14 0 0 0 0 26 2 31 0 0 15 0 21 25 0 0 0 0 0 0 2 0 0 9 0 0 7 15 0 0 0 0 0 0 0 0 0 0 0 0 0 0 0 0 0 0 0 0 3 0 1 11 2 0 4 1 0 0 0 0 0 0 0 0 0 0 0 0 0 0 1 0 0 11 0 0 0 0 2 0 16 0 0 0 
 0 4 0 0 0 0 0 1 0 0 0 4 36 0 0 0 2 4 0 0 257 263 72 73 0 172 67 282 57 291 81 144 328 54 289 279 55 73 141 79 2 0 0 0 0 0 1 125 30 7 1 0 1 67 4 62 1 64 1 99 49 2 3 0 0 0 0 0 0 0 0 0 0 0 0 3 0 0 0 0 0 0 0 0 0 0 0 0 0 0 0 0 0 0 0 0 0 0 0 0 0 0 0 0 21 39 0 0 0 0 0 14 0 0 0 0 0 34 0 0 23 37 20 8 0 0 16 2 31 49 19 0 14 43 15 20 14 14 37 23 0 0 0 1 0 0 0 0 0 0 0 0 0 0 0 0 0 0 6 0 0 1 0 9 0 0 0 6 0 0 0 0 0 2 0 0 0 0 4 0 0 0 0 0 0 0 0 0 0 1 14 0 0 0 0 0 1 10 0 0 19 10 65 0 12 0 52 21 0 11 1 13 24 0 12 27 27 6 15 28 0 0 0 0 0 0 0 0 0 0 0 0 0 13 0 0 0 0 0 0 0 0 28 0 0 0 0 0 0 0 0 0 2 0 6 0 1 0 0 1 1 0 2 0 0 20 0 0 0 0 0 0 0 0 0 0 0 1 0 0 0 0 0 0 12 0 0 0 0 0 
 0 0 0 0 0 0 0 1 0 0 2 0 0 0 0 0 0 0 0 0 36 52 120 40 172 0 45 128 431 128 288 59 32 53 83 116 117 267 55 56 0 1 3 0 0 1 69 69 0 2 15 0 68 65 1 2 0 0 0 63 0 5 2 0 0 0 3 0 0 0 0 0 0 0 0 30 0 1 0 1 0 0 2 0 0 0 0 0 0 0 0 0 0 0 0 0 0 2 25 0 0 0 17 0 39 0 0 0 0 23 0 11 0 0 0 0 19 0 0 0 18 6 0 0 0 0 7 36 35 13 0 0 61 9 9 16 0 7 0 2 0 0 0 1 0 0 0 0 0 0 0 0 0 0 0 0 0 0 9 0 0 0 0 0 0 0 23 0 0 0 0 0 0 0 0 0 0 0 0 0 0 0 19 10 30 15 0 16 0 29 3 13 0 0 2 1 38 4 0 0 33 0 0 0 0 0 1 25 49 0 0 0 11 0 20 0 11 0 1 0 0 0 0 0 0 0 0 0 0 0 0 0 0 0 0 0 8 0 0 0 0 0 5 0 0 0 0 0 0 0 0 0 0 0 2 2 1 4 74 0 6 0 0 0 0 0 32 0 0 0 0 0 0 0 0 0 0 2 0 0 0 0 0 0 0 0 0 0 0 0 
 2 2 6 7 157 99 3 5 2 86 26 127 2 3 3 3 2 80 67 2 147 92 472 306 67 45 0 101 129 262 39 243 106 146 50 38 129 52 131 138 0 0 3 2 2 0 0 0 7 1 6 0 61 68 3 0 0 0 0 0 4 2 2 4 0 0 0 0 0 2 0 0 3 0 0 3 3 0 25 2 0 0 10 0 28 28 0 0 0 0 11 14 0 0 0 0 0 0 0 2 24 15 18 34 19 0 32 22 30 0 12 0 13 34 29 23 0 0 53 46 0 0 0 15 0 0 0 0 0 0 0 11 1 0 0 0 0 1 0 0 0 0 0 0 0 0 0 6 0 0 0 0 0 0 0 0 0 0 0 0 0 0 2 0 12 29 0 0 0 0 21 5 0 0 0 0 0 0 0 0 16 31 0 15 0 0 25 25 16 0 20 25 17 60 12 32 0 14 39 10 0 13 0 0 0 0 0 0 0 0 0 0 0 0 0 0 20 0 0 0 0 0 0 0 0 0 0 0 0 0 0 0 0 0 0 0 0 0 0 0 0 0 0 0 0 0 0 0 19 67 0 0 0 0 5 0 2 0 0 0 3 4 37 0 0 0 0 0 0 0 0 0 0 0 0 0 11 0 0 0 0 10 0 0 0 0 0 0 0 0 
 0 2 0 0 10 0 2 0 0 0 0 0 0 0 0 0 0 0 0 0 341 91 231 245 282 128 101 0 82 130 423 49 359 89 71 242 50 106 148 220 2 0 0 0 0 0 0 0 0 2 4 0 0 3 0 2 0 0 0 0 0 6 2 0 0 0 0 0 0 0 64 0 0 0 6 2 1 0 0 2 0 0 0 0 0 8 0 0 0 0 0 0 0 0 0 0 0 0 13 0 20 49 30 31 0 9 0 20 1 40 23 2 7 22 22 5 20 8 5 0 0 0 0 0 0 0 0 0 0 0 0 0 36 0 0 0 0 0 0 0 0 0 0 0 0 0 0 5 0 0 0 0 0 0 0 0 0 0 0 0 0 0 0 0 0 0 0 0 0 0 0 0 0 0 0 0 0 0 0 0 28 14 11 33 1 0 0 11 33 43 0 19 0 21 25 30 9 11 9 0 0 0 0 0 0 0 0 0 0 0 0 0 0 0 0 0 0 0 10 1 0 0 0 0 0 0 0 0 0 0 0 0 0 0 0 0 0 0 0 0 0 0 10 0 0 0 0 0 0 0 0 0 0 0 7 0 0 162 5 1 4 0 1 0 0 0 0 0 0 0 0 0 0 0 0 0 0 0 0 0 0 0 0 0 0 0 11 0 0 0 
 0 0 8 0 1 0 0 2 0 0 0 0 0 0 0 0 0 0 0 0 40 450 127 111 57 431 129 82 0 217 116 151 101 250 475 225 225 154 289 119 0 0 0 3 0 0 0 0 0 2 4 2 0 6 0 10 3 0 0 0 1 2 2 0 0 0 0 0 0 0 3 0 0 1 0 1 56 0 0 0 0 0 0 0 0 0 0 0 0 0 0 0 0 0 0 0 0 0 0 0 16 27 17 5 15 0 0 13 14 28 33 58 0 18 19 0 0 11 18 15 0 0 0 0 0 0 0 38 0 0 0 0 35 0 0 0 0 0 5 12 0 0 0 0 0 0 0 26 0 0 0 0 0 0 0 0 0 0 0 0 0 0 0 0 0 0 0 0 0 0 0 0 0 0 0 0 0 0 0 0 19 0 16 23 16 31 0 1 10 12 34 24 0 40 22 10 30 10 0 0 10 10 0 0 0 0 19 0 0 20 0 0 11 0 0 0 0 0 1 1 0 0 0 0 0 0 0 0 0 0 0 0 0 0 0 0 0 0 2 0 0 0 14 0 0 0 0 0 0 0 0 0 0 0 9 0 1 0 1 1 1 9 2 0 0 0 21 0 0 0 0 0 0 0 0 0 0 0 0 16 0 1 0 0 0 0 0 0 0 0 
 0 0 2 0 0 2 0 4 0 0 0 0 0 0 0 0 0 0 0 0 133 40 249 241 291 128 262 130 217 0 139 275 267 70 328 107 100 142 195 315 0 0 0 0 0 0 0 0 0 3 6 0 0 3 0 11 0 0 68 0 0 2 2 0 0 0 0 0 1 2 0 0 0 0 0 3 0 0 0 3 10 0 0 0 2 0 0 0 1 0 2 0 0 0 0 0 9 0 0 0 19 14 49 0 12 19 3 18 1 19 16 63 0 24 0 17 0 19 0 0 29 0 0 0 0 2 14 62 0 0 0 0 11 0 17 0 0 0 0 17 0 0 0 0 2 0 0 0 0 0 0 0 0 0 0 0 0 0 0 0 0 5 0 2 0 0 2 0 0 0 1 0 0 0 0 0 0 0 5 0 11 0 0 11 60 28 0 0 23 42 15 29 3 0 11 18 25 2 11 0 11 10 0 0 0 0 19 0 0 0 0 0 14 4 0 0 0 0 0 33 0 0 0 1 0 0 0 0 0 2 1 0 0 0 0 0 0 0 2 0 0 0 0 0 0 0 1 0 0 0 0 0 0 0 23 0 1 9 101 3 0 2 0 1 0 0 12 0 0 0 0 2 0 0 0 0 0 0 0 0 0 1 0 0 0 0 0 0 0 0 
 0 0 0 3 0 0 0 1 0 0 0 0 0 0 0 0 0 0 0 0 44 55 241 231 81 288 39 423 116 139 0 76 50 287 158 189 330 47 43 112 0 0 0 0 0 0 0 0 0 1 1 0 1 3 0 0 81 0 61 0 0 2 2 5 0 0 57 1 0 0 0 0 0 0 0 2 0 0 0 0 0 0 0 0 0 0 0 0 0 11 0 0 0 1 0 0 0 0 0 0 4 22 0 28 31 0 0 13 0 7 9 17 4 30 14 27 38 17 0 1 0 0 0 0 0 0 0 0 0 0 0 0 17 0 0 0 0 0 18 13 0 0 0 0 0 0 2 0 2 0 0 9 0 0 0 0 1 2 0 0 0 0 0 0 0 0 0 0 0 0 0 0 0 0 0 0 0 0 0 0 18 12 62 14 0 26 0 13 3 17 0 34 0 0 14 13 0 30 0 0 0 0 0 0 0 0 0 0 0 0 2 0 10 9 0 0 0 0 29 8 0 0 0 0 0 0 0 0 0 0 0 0 0 0 0 0 0 0 0 2 0 0 0 0 0 0 0 0 0 0 0 0 0 0 11 0 0 8 77 3 5 0 0 0 0 0 0 0 0 0 0 0 0 0 0 0 0 0 0 0 0 0 0 0 0 0 15 0 0 1 
 0 0 0 0 0 77 0 3 0 2 0 3 0 0 0 0 2 2 1 0 118 39 71 297 144 59 243 49 151 275 76 0 21 42 75 323 288 47 31 29 0 0 0 0 0 0 0 62 0 3 2 0 0 40 0 0 0 0 2 0 16 3 2 0 0 0 0 0 0 0 0 0 0 0 0 1 0 50 0 5 0 0 0 0 0 0 0 0 0 0 0 0 0 0 2 0 0 1 0 0 0 0 0 0 1 24 0 53 0 0 0 36 1 0 0 0 0 0 12 0 6 17 9 1 0 0 0 24 0 1 0 0 30 10 9 10 20 16 50 22 0 0 0 0 0 0 0 0 0 0 0 0 0 0 0 0 0 1 0 0 0 3 0 0 0 1 0 0 0 0 0 0 0 2 0 0 0 0 42 0 0 0 34 12 23 9 0 14 0 40 0 29 0 0 1 27 11 2 0 0 44 0 7 0 0 0 35 0 0 0 0 0 9 24 1 19 26 0 32 17 0 0 0 0 0 0 0 0 0 0 0 0 0 0 0 0 0 0 0 0 0 0 0 0 0 19 0 0 0 0 0 1 0 0 2 2 0 77 1 2 4 0 0 0 0 0 11 0 0 0 0 0 0 0 0 0 0 1 0 0 0 0 0 0 0 0 0 0 0 0 
 0 0 0 79 33 39 0 0 99 2 75 72 0 0 0 2 75 94 0 0 298 142 81 54 328 32 106 359 101 267 50 21 0 229 17 255 31 127 98 324 0 0 0 0 6 0 0 0 2 2 0 0 0 3 0 0 0 0 0 0 0 2 2 0 0 1 0 0 0 0 0 0 0 0 0 1 0 0 0 0 0 0 0 0 1 22 0 0 0 11 0 18 0 0 0 0 26 0 0 0 12 0 0 11 0 0 12 0 11 8 0 0 32 1 17 1 39 0 15 0 0 0 0 0 0 11 0 0 0 0 0 0 0 0 0 0 0 0 0 0 0 0 0 0 0 0 0 0 0 0 0 0 0 0 13 0 0 0 0 0 0 0 0 0 17 10 0 0 0 18 0 6 0 0 0 10 15 0 0 0 0 19 0 0 0 0 17 9 9 0 0 15 8 1 0 0 0 1 0 22 0 0 0 0 0 0 0 0 0 0 0 0 0 0 0 0 0 0 0 0 0 0 0 0 0 0 0 0 0 0 0 0 0 0 0 0 0 0 28 0 0 0 0 0 0 0 20 0 1 0 0 0 0 0 0 2 2 0 0 1 0 0 0 0 0 0 0 0 62 0 0 0 0 0 0 15 0 3 0 0 0 0 0 0 0 0 0 0 0 0 
 0 0 0 0 177 0 0 2 0 3 0 53 0 0 0 0 0 0 2 0 134 264 119 158 54 53 146 89 250 70 287 42 229 0 313 124 154 55 258 245 0 5 0 0 6 0 0 0 36 1 63 0 0 3 0 0 0 0 0 0 3 2 2 9 0 0 0 0 0 0 0 0 0 0 0 0 0 0 0 0 0 0 0 0 19 0 0 0 0 17 0 0 0 0 0 0 0 0 0 0 44 3 0 33 1 0 10 16 76 12 25 7 9 41 65 6 33 12 35 37 0 0 0 0 0 0 0 0 0 0 0 0 0 0 0 0 0 0 14 0 0 0 0 0 0 0 0 10 0 0 0 0 0 1 0 0 0 2 0 0 0 0 0 0 0 23 0 0 0 0 0 0 0 0 0 0 2 0 0 0 39 14 15 14 0 18 19 0 33 0 53 36 17 33 11 52 0 59 0 10 0 0 0 0 0 0 32 0 0 0 0 0 0 0 0 0 0 0 0 0 0 0 0 0 0 0 0 0 0 0 0 0 0 0 0 0 2 0 0 0 0 0 0 0 0 0 0 0 0 0 0 0 0 0 7 0 0 2 0 1 12 4 0 0 0 0 0 0 0 0 0 0 0 0 0 0 0 0 0 7 0 10 0 0 0 0 0 0 0 0 
 0 1 4 30 0 1 2 2 0 0 0 3 0 0 0 0 0 89 0 1 194 418 168 283 289 83 50 71 475 328 158 75 17 313 0 189 99 341 73 122 22 0 0 0 0 0 0 0 4 2 2 0 68 3 0 0 0 0 0 0 53 4 2 0 0 0 0 0 0 0 0 0 34 0 0 1 0 0 0 3 0 0 0 0 0 0 0 2 0 0 0 0 0 0 0 0 0 0 0 0 25 53 0 42 41 2 18 29 16 13 0 39 14 16 1 17 30 3 0 7 0 0 0 0 0 0 0 14 0 0 0 0 33 0 0 0 0 9 21 21 0 0 1 0 0 0 0 0 0 0 0 0 0 0 0 0 0 1 0 0 0 0 0 0 0 0 3 0 0 0 0 0 0 0 0 0 0 0 0 0 22 5 49 8 31 0 0 35 29 1 17 41 0 12 13 19 1 0 0 0 17 0 1 0 0 0 18 0 0 0 0 0 15 10 0 0 0 0 9 0 0 0 0 0 0 0 0 0 0 0 0 1 0 0 0 0 0 0 0 0 0 0 0 0 0 0 0 0 0 0 0 0 0 0 2 0 0 76 4 1 3 0 0 0 0 0 18 0 0 0 0 0 0 0 0 0 0 0 0 12 0 0 0 0 0 0 0 0 0 0 
 0 0 0 0 36 0 0 2 0 4 0 1 0 1 0 0 0 0 0 0 187 46 296 196 279 116 38 242 225 107 189 323 255 124 189 0 147 78 35 65 0 0 5 0 61 0 0 0 0 6 15 0 0 3 4 2 0 2 3 0 1 7 3 0 0 0 0 0 0 0 36 0 0 0 2 3 0 0 0 5 9 0 0 0 0 12 2 0 0 0 0 0 0 0 0 0 0 0 12 0 15 0 12 12 13 2 0 1 14 26 13 22 0 1 9 1 0 0 0 0 0 1 0 0 0 0 0 16 0 0 1 0 15 0 0 0 0 0 22 7 0 20 0 0 0 0 0 0 0 0 0 0 1 0 0 0 0 0 0 0 0 0 0 0 0 0 0 0 0 0 0 0 0 0 0 0 0 0 0 0 0 17 20 6 3 33 0 15 27 15 4 0 0 1 0 2 22 15 1 0 0 0 0 0 0 0 0 0 0 0 0 1 0 12 1 0 0 0 76 7 0 0 0 1 0 0 0 0 0 0 0 0 0 13 0 0 0 0 0 0 0 0 9 0 0 0 0 0 0 12 0 0 0 0 28 0 2 35 77 1 0 0 0 0 0 0 0 0 0 0 0 0 0 0 0 0 0 0 0 5 0 0 0 0 0 0 19 0 0 0 
 0 0 4 5 21 0 5 2 0 0 1 74 0 0 0 0 74 0 0 0 42 257 174 327 55 117 129 50 225 100 330 288 31 154 99 147 0 342 202 111 0 0 17 0 2 3 0 0 3 3 66 0 0 5 0 30 0 0 0 0 2 2 5 6 0 1 0 0 3 3 0 0 2 0 0 6 0 0 0 5 0 0 0 0 0 15 0 0 0 0 0 0 0 0 4 0 0 0 0 0 23 0 14 28 0 0 10 19 15 33 42 8 7 28 23 8 12 42 15 25 7 0 0 0 0 0 0 13 0 0 0 0 6 0 0 0 0 0 32 6 0 0 0 0 0 0 0 0 0 0 0 0 0 0 0 0 0 0 0 0 0 0 0 0 0 24 0 0 0 0 0 0 0 0 0 0 0 0 0 0 50 14 12 32 7 22 2 0 33 0 43 15 18 13 7 5 14 32 0 1 0 0 0 0 0 0 0 0 0 0 0 0 0 0 0 0 0 0 0 14 0 0 0 0 0 0 0 0 0 0 0 0 0 0 0 0 0 0 0 0 0 0 0 0 0 0 0 0 0 0 0 0 0 0 6 0 0 0 2 0 29 9 0 0 0 0 0 0 0 8 0 0 0 0 0 0 0 0 0 12 0 0 0 0 0 0 0 0 0 0 
 0 0 3 0 94 2 0 3 0 1 0 2 0 0 0 0 0 0 1 0 37 74 63 123 73 267 52 106 154 142 47 47 127 55 341 78 342 0 119 173 0 0 0 0 2 0 1 22 16 2 2 2 61 3 0 20 0 0 60 0 0 5 2 0 0 0 0 3 0 0 0 0 0 0 6 2 0 0 0 6 0 0 0 0 0 0 0 0 0 0 22 0 0 0 0 0 0 0 0 0 1 2 0 21 12 1 10 14 21 11 0 36 11 65 24 12 12 11 22 4 0 0 0 0 0 0 4 11 0 0 0 0 0 1 1 0 0 0 0 0 0 0 0 0 0 0 0 8 0 0 0 0 0 0 0 0 0 0 0 0 0 0 0 0 0 20 4 0 1 0 0 0 0 0 0 14 0 0 0 0 12 24 10 0 26 0 9 11 0 20 42 0 12 3 16 13 12 12 0 9 0 0 0 0 0 0 22 0 0 0 0 0 0 14 0 0 0 0 13 0 0 0 0 0 0 0 2 0 0 0 0 0 0 0 0 0 0 0 0 0 0 0 0 0 0 0 0 0 0 0 0 0 0 0 7 0 0 3 1 0 0 2 0 0 0 0 0 0 0 0 0 0 0 0 0 0 1 0 0 0 0 10 0 0 2 0 13 0 0 0 
 0 9 4 75 74 2 0 2 2 77 74 133 0 1 0 0 1 1 0 0 282 391 39 83 141 55 131 148 289 195 43 31 98 258 73 35 202 119 0 146 0 0 0 0 4 0 0 0 2 3 63 0 0 3 0 0 0 0 0 0 5 2 2 16 0 0 0 0 0 0 0 0 0 0 0 3 0 0 0 0 0 0 0 0 10 5 0 0 8 0 12 15 0 0 0 0 0 0 0 0 17 13 9 19 0 0 47 28 29 0 30 1 23 22 23 30 46 0 13 70 0 0 0 17 0 0 0 0 0 2 0 0 0 0 0 0 19 0 0 0 0 0 8 0 1 0 0 0 0 0 0 0 0 0 0 0 0 0 0 0 0 0 0 0 0 48 10 0 0 4 0 0 0 6 0 0 0 10 0 0 52 20 0 13 0 0 10 36 36 18 0 16 37 1 21 22 0 19 1 30 0 4 0 0 0 0 1 0 0 0 0 0 0 0 0 0 0 0 0 0 0 0 0 0 0 0 0 0 0 0 0 0 0 2 18 0 0 0 0 0 0 0 5 0 0 0 0 0 0 0 0 0 0 0 7 0 0 0 0 1 1 0 0 0 0 0 0 0 0 0 0 0 0 0 0 0 0 0 0 0 0 0 0 0 0 0 0 0 0 0 
 2 2 75 75 2 78 4 2 3 7 3 77 2 2 2 2 2 41 2 3 338 116 114 91 79 56 138 220 119 315 112 29 324 245 122 65 111 173 146 0 0 0 0 0 5 0 3 0 5 3 1 0 0 3 0 39 0 1 0 0 2 2 3 5 0 2 2 0 0 3 0 0 0 0 0 3 1 0 0 0 0 0 0 0 14 0 0 0 1 0 0 1 0 0 0 0 0 0 0 0 35 57 28 10 1 13 46 41 15 0 33 0 22 45 5 52 33 13 9 24 0 0 0 13 0 0 0 0 0 0 0 0 0 0 0 0 0 0 0 0 0 0 0 0 0 0 0 39 0 0 0 0 0 0 2 5 0 0 0 2 0 0 0 0 0 4 0 0 0 3 0 0 0 0 0 0 0 0 0 0 7 1 1 13 13 2 0 30 0 17 0 36 24 59 44 27 9 17 40 1 0 0 0 2 0 0 0 1 0 1 0 0 0 0 0 0 0 0 20 2 0 0 0 0 0 2 0 0 0 0 0 0 0 0 0 0 0 0 0 0 0 0 1 0 0 2 0 0 1 85 0 0 0 0 6 0 4 79 0 2 1 0 0 0 0 0 0 0 0 0 0 0 0 0 0 0 8 0 0 0 0 0 0 2 0 0 15 0 0 0 
 0 1 0 2 0 0 0 0 0 0 0 0 0 0 0 0 0 60 0 6 0 0 0 0 2 0 0 2 0 0 0 0 0 0 22 0 0 0 0 0 0 125 187 96 256 44 432 105 243 22 178 27 146 47 300 38 21 26 38 179 0 0 0 3 0 0 0 57 0 3 0 5 4 0 0 0 1 0 0 4 0 0 0 0 0 0 0 0 0 0 0 0 0 0 0 0 0 0 0 0 0 0 0 0 0 10 0 0 0 0 0 0 0 0 0 0 0 0 0 0 13 10 16 21 12 15 0 11 26 18 32 8 8 9 36 10 10 11 11 11 0 0 0 0 0 0 0 0 0 0 0 0 0 1 0 0 0 0 10 0 0 0 0 0 0 0 0 0 0 0 0 0 0 0 5 0 0 0 0 0 0 0 0 0 0 8 0 0 0 0 1 0 0 0 0 0 0 0 0 0 9 16 0 0 0 17 3 4 4 33 22 0 0 10 22 15 1 7 0 0 0 0 0 0 0 0 10 0 0 0 0 0 0 0 0 0 0 0 6 0 0 0 13 0 0 0 2 0 0 0 0 4 0 0 0 1 0 0 0 6 0 4 0 0 2 0 0 0 0 0 6 0 0 0 0 0 0 0 0 0 0 0 0 0 9 0 0 0 0 1 
 0 0 0 0 0 0 0 2 0 0 0 0 0 0 0 0 0 0 0 0 0 0 6 0 0 1 0 0 0 0 0 0 0 5 0 0 0 0 0 0 125 0 238 133 277 51 124 74 453 119 88 72 116 59 148 151 104 112 43 112 4 204 0 0 0 0 0 50 0 0 0 0 30 0 0 0 4 0 0 204 0 0 0 0 0 0 0 0 0 0 0 0 0 0 0 0 0 0 0 0 0 0 0 0 0 13 0 0 0 0 0 0 0 0 0 0 0 0 0 0 21 0 0 0 0 23 0 17 3 10 0 12 0 8 26 0 0 2 21 11 17 0 0 0 0 0 0 0 0 0 0 0 20 0 0 0 0 0 0 0 10 0 0 0 0 0 0 0 3 2 0 0 0 0 0 0 0 0 7 0 0 0 0 0 0 5 0 15 0 0 0 0 0 0 0 0 0 0 0 0 21 7 0 31 15 0 0 0 0 11 22 0 0 10 4 9 11 22 0 0 0 0 0 0 0 0 11 0 0 0 0 0 0 11 0 0 0 0 0 0 0 0 8 0 0 0 0 0 0 0 0 13 0 1 0 0 0 0 0 2 0 0 0 1 1 0 0 0 0 0 0 0 0 0 0 0 0 1 0 0 0 0 0 0 40 0 0 0 0 0 
 31 0 3 0 0 0 0 0 0 0 0 0 0 0 0 0 0 0 0 0 0 0 0 0 0 3 3 0 0 0 0 0 0 0 0 5 17 0 0 0 187 238 0 243 66 28 172 74 371 110 162 46 430 67 168 117 43 105 114 48 51 0 0 0 3 1 0 23 0 0 0 0 0 0 0 50 0 0 2 1 0 0 0 0 0 0 0 0 0 0 0 0 0 0 0 0 0 0 0 7 0 0 0 0 0 13 0 0 0 0 0 0 0 0 0 0 0 0 0 0 0 14 3 14 29 10 0 0 14 0 20 11 0 38 0 0 8 37 0 5 10 0 0 0 0 0 19 14 0 0 0 0 9 5 0 0 0 0 0 1 1 0 0 0 0 0 0 0 0 0 0 0 0 0 0 0 0 0 0 0 0 0 0 0 0 9 0 0 0 0 0 0 0 0 0 0 0 0 0 0 0 2 0 52 51 7 0 0 20 30 23 0 0 10 10 31 0 34 0 0 0 19 0 0 1 0 25 2 0 0 0 0 3 18 0 0 0 0 27 0 0 0 0 0 16 0 0 0 0 0 0 10 0 1 0 0 0 0 0 0 0 0 0 68 3 2 0 0 0 0 7 0 0 1 0 0 0 0 0 0 0 0 0 0 1 0 0 0 0 0 
 0 0 0 3 0 4 0 3 0 3 0 0 0 0 0 0 64 0 0 0 2 0 3 0 0 0 2 0 3 0 0 0 0 0 0 0 0 0 0 0 96 133 243 0 117 55 287 376 369 226 79 358 283 353 164 298 557 117 274 61 22 208 1 0 0 0 0 49 6 0 7 0 0 0 0 6 2 5 58 208 0 0 0 0 0 0 0 0 0 0 0 0 0 0 0 0 0 0 0 4 0 0 0 0 0 0 0 0 0 0 0 0 0 0 0 0 0 0 0 0 0 32 0 0 7 22 20 0 0 10 35 14 0 0 6 0 10 0 0 0 24 0 0 22 0 0 17 7 1 0 0 0 71 0 0 0 0 0 39 29 0 0 0 0 0 0 0 0 0 0 0 0 0 0 0 0 0 9 0 0 0 0 0 0 0 0 0 0 0 0 0 0 0 0 0 0 0 0 0 0 10 0 2 11 23 11 0 36 3 0 0 7 0 11 0 0 15 0 0 0 0 0 0 0 0 0 31 10 1 0 0 0 27 15 18 0 3 0 6 0 0 0 13 0 0 0 0 0 0 0 0 11 0 2 0 0 0 0 1 0 0 0 35 41 64 6 4 0 0 0 0 0 0 4 0 0 0 0 0 0 0 0 6 0 10 0 0 7 0 0 
 0 63 0 0 0 0 0 2 0 0 0 3 0 0 0 0 0 0 0 0 0 6 2 0 0 0 2 0 0 0 0 0 6 6 0 61 2 2 4 5 256 277 66 117 0 327 46 44 146 80 91 353 295 50 114 399 143 111 271 73 0 0 37 0 0 0 5 2 7 1 2 9 26 71 59 1 0 0 0 2 0 0 0 0 3 0 0 0 0 0 0 0 0 0 0 0 0 0 0 0 5 0 0 0 3 0 26 9 7 0 0 0 16 0 11 0 7 0 0 0 0 0 0 1 4 0 0 0 0 0 0 7 0 0 0 0 0 0 0 0 0 13 25 0 1 0 21 14 4 0 0 0 0 10 1 2 20 19 0 0 0 0 0 0 0 7 0 0 0 0 0 0 0 0 0 0 0 4 0 0 0 1 0 0 0 0 0 0 0 0 0 4 14 0 8 0 0 0 0 6 0 0 0 24 29 6 0 0 0 0 40 26 0 1 0 0 0 0 0 0 10 27 1 0 0 0 2 2 0 0 0 0 18 58 20 11 10 0 49 1 1 0 0 0 0 0 0 0 0 0 0 5 0 1 0 0 0 0 0 2 0 0 4 0 1 0 0 0 0 0 0 0 0 0 0 0 0 0 0 0 0 3 0 0 34 0 0 0 0 0 
 2 2 2 2 2 2 2 4 2 4 2 2 2 2 2 3 2 2 2 2 2 0 0 0 0 1 0 0 0 0 0 0 0 0 0 0 3 0 0 0 44 51 28 55 327 0 799 102 332 47 265 155 60 108 294 153 103 59 53 44 0 0 0 0 0 0 0 0 0 3 0 0 26 50 0 0 0 0 0 53 0 0 0 0 0 0 0 0 0 0 0 0 0 0 0 0 0 0 0 0 0 0 0 0 0 0 0 0 0 0 0 0 0 0 0 0 0 0 0 0 0 0 44 9 26 1 27 0 11 15 13 14 0 7 5 18 22 0 8 0 0 11 0 0 0 0 1 0 0 0 0 0 3 0 11 0 0 0 29 30 1 0 0 0 0 0 0 0 7 0 0 0 0 0 0 0 0 0 0 0 0 0 0 0 0 0 0 0 0 0 0 0 0 7 0 0 0 0 0 0 0 4 31 65 22 17 0 1 50 16 36 19 8 0 29 23 20 11 0 0 7 11 5 7 0 0 0 0 0 0 0 0 0 1 0 0 0 0 19 4 0 0 0 0 0 0 0 0 0 0 0 5 0 0 0 0 0 0 0 0 0 0 0 1 1 1 0 5 4 0 0 0 0 0 0 0 0 0 0 0 0 0 0 0 20 30 0 0 0 0 
 3 4 6 6 3 3 3 3 3 3 3 3 3 3 3 3 3 3 3 3 0 0 0 0 1 69 0 0 0 0 0 0 0 0 0 0 0 1 0 3 432 124 172 287 46 799 0 93 61 40 165 35 272 133 185 47 20 254 49 125 0 2 0 0 0 1 0 0 2 7 6 0 1 14 4 0 1 31 4 6 0 0 0 0 0 0 0 0 0 0 0 33 0 0 0 0 0 0 0 0 0 0 0 0 0 30 0 0 0 0 0 0 0 0 0 0 0 0 0 0 19 13 15 11 7 0 19 0 11 1 10 0 27 13 11 7 32 13 22 11 0 1 0 19 8 0 0 0 7 0 0 0 0 8 0 0 5 6 21 0 1 0 0 0 0 0 0 0 3 0 0 0 0 0 0 0 0 0 0 0 0 0 0 0 5 9 0 0 0 0 0 0 0 0 0 0 24 0 0 0 0 8 2 19 0 8 0 24 46 14 26 0 0 0 84 37 0 36 0 4 0 0 24 0 0 0 0 0 11 2 10 0 0 3 0 0 0 1 10 3 0 0 9 0 0 0 0 0 0 0 0 2 0 0 0 0 0 0 0 14 0 0 0 0 2 1 0 0 0 0 15 0 0 0 0 3 0 0 0 0 0 0 0 0 3 0 0 0 0 0 
 0 0 0 65 0 0 0 0 0 1 0 0 66 0 0 0 0 46 0 0 0 0 1 127 125 69 0 0 0 0 0 62 0 0 0 0 0 22 0 0 105 74 74 376 44 102 93 0 144 39 19 107 186 287 69 115 56 41 188 189 0 2 0 6 0 0 0 4 0 0 0 0 0 0 1 0 4 2 0 0 0 0 0 0 0 0 0 0 11 0 0 0 0 0 0 0 0 0 0 0 0 0 0 0 0 1 0 0 0 8 0 0 0 0 0 0 0 0 0 0 54 0 39 0 0 10 12 25 17 6 10 16 0 12 22 7 7 6 19 0 0 0 0 0 0 2 0 0 0 0 0 0 11 0 1 0 0 1 23 27 0 4 0 0 0 0 1 4 0 0 0 0 0 0 0 0 0 0 4 0 0 0 0 8 0 29 0 0 0 0 0 0 0 0 0 13 0 0 0 0 24 0 37 0 0 5 8 9 27 0 0 4 28 0 0 18 14 0 10 36 0 0 0 0 0 0 0 0 0 0 0 0 0 0 0 0 0 0 0 0 0 0 0 0 0 0 0 0 0 0 0 0 0 0 0 0 0 0 1 1 0 0 1 0 0 3 0 0 0 0 0 0 0 0 0 0 0 0 0 0 0 0 0 0 0 6 0 0 0 0 
 3 3 3 6 3 3 3 3 3 3 3 14 3 3 3 3 3 3 65 3 0 10 1 0 30 0 7 0 0 0 0 0 2 36 4 0 3 16 2 5 243 453 371 369 146 332 61 144 0 234 89 107 101 310 236 258 97 48 106 64 67 208 0 1 21 0 0 25 0 0 1 0 52 0 0 0 0 0 1 206 0 0 1 0 0 0 0 0 0 0 1 0 0 0 0 0 0 0 0 0 32 0 0 0 12 48 1 0 43 0 0 0 1 0 10 0 2 0 0 0 0 11 0 0 1 10 0 0 0 1 14 11 17 15 0 15 0 6 0 0 11 0 0 0 0 0 0 0 0 0 0 0 7 0 0 0 0 0 0 0 12 0 0 0 0 3 0 0 0 0 1 0 0 0 0 0 0 0 0 0 0 0 0 0 2 0 0 0 0 0 0 1 3 0 0 0 0 0 1 5 0 0 14 10 27 0 0 14 0 11 27 0 6 11 0 20 5 39 0 48 0 7 0 0 0 0 11 0 13 0 0 0 0 0 0 0 0 0 0 0 0 0 10 0 0 0 0 0 0 25 0 4 0 2 0 0 0 0 0 0 0 0 0 65 0 0 0 0 0 0 0 0 0 0 0 0 0 0 0 0 0 0 0 0 29 0 0 0 0 0 
 0 0 0 0 0 0 0 2 0 0 0 0 0 0 0 43 0 0 0 0 3 3 4 2 7 2 1 2 2 3 1 3 2 1 2 6 3 2 3 3 22 119 110 226 80 47 40 39 234 0 204 66 293 98 138 257 95 183 73 300 99 0 1 0 0 0 37 18 0 0 0 0 19 0 0 0 0 0 1 0 0 0 0 0 0 0 0 0 0 0 0 0 0 0 0 0 0 0 0 0 0 0 0 0 0 6 0 0 0 0 0 0 0 0 0 0 0 0 10 0 0 6 9 15 32 38 5 0 1 22 36 22 0 1 4 31 13 10 0 0 14 0 0 0 0 0 0 26 0 0 0 0 44 10 10 0 1 0 0 0 9 0 0 0 0 0 0 0 0 0 0 0 0 0 0 0 0 0 0 0 11 0 0 0 0 0 0 0 0 0 0 0 0 0 0 0 0 0 0 0 19 0 0 42 17 0 6 0 4 23 35 11 4 8 0 2 23 23 0 0 11 0 10 0 0 0 28 10 0 0 0 0 0 34 12 0 0 0 0 0 0 0 0 0 0 0 0 0 0 0 0 5 0 1 0 0 0 1 0 0 0 0 2 64 11 4 0 64 0 0 0 0 0 0 0 0 0 0 0 0 0 3 0 0 40 20 0 16 0 0 
 65 2 5 5 3 2 3 5 2 6 2 3 2 3 3 3 2 3 3 2 5 7 4 48 1 15 6 4 4 6 1 2 0 63 2 15 66 2 63 1 178 88 162 79 91 265 165 19 89 204 0 97 34 37 222 107 83 254 34 66 4 0 0 7 0 0 0 0 0 0 0 2 0 0 0 0 0 0 0 0 0 0 0 0 0 0 0 0 0 0 0 0 0 0 0 0 0 0 0 0 12 0 6 0 0 0 9 0 0 4 13 3 0 11 0 10 2 0 16 18 1 1 16 16 10 13 0 4 11 0 21 9 12 0 11 12 18 1 0 2 0 0 0 0 0 0 0 0 19 0 0 0 19 0 0 0 0 0 10 0 0 0 0 0 0 0 0 0 0 0 0 16 0 0 0 0 0 0 0 0 13 0 0 18 0 21 0 0 15 3 0 0 0 0 10 0 27 5 0 0 19 6 0 19 11 15 1 4 33 10 20 0 0 26 12 29 15 12 0 0 0 0 0 0 0 0 4 0 0 0 0 0 0 0 0 0 0 0 0 0 0 0 11 0 0 0 0 0 0 0 0 14 0 2 0 0 0 2 3 7 0 0 0 0 62 0 0 1 2 0 17 0 0 0 0 0 0 0 0 0 0 0 0 0 29 0 0 6 0 0 
 29 0 0 0 0 7 0 2 0 0 0 0 0 0 20 0 0 0 0 0 0 0 1 0 0 0 0 0 2 0 0 0 0 0 0 0 0 2 0 0 27 72 46 358 353 155 35 107 107 66 97 0 30 115 38 134 147 95 21 41 1 0 66 0 0 0 1 8 0 0 1 0 23 52 0 0 0 0 49 0 0 0 0 0 17 0 0 0 0 0 0 0 0 0 0 0 0 0 0 0 0 0 0 0 0 0 0 0 0 0 0 0 0 0 0 0 0 0 0 8 0 0 20 1 22 11 0 12 0 27 19 27 0 0 8 13 3 0 0 0 0 0 20 0 0 0 14 7 29 1 0 1 0 3 17 9 35 0 19 9 0 0 0 0 0 0 0 0 0 0 0 0 0 0 0 0 0 5 0 0 0 0 0 0 0 0 0 0 0 0 0 0 0 0 0 0 0 0 0 0 12 13 19 10 16 8 0 0 35 11 12 25 0 10 0 0 8 0 0 0 6 13 0 0 0 0 10 0 0 0 0 0 0 19 19 3 2 0 14 0 0 0 0 0 0 0 0 0 0 0 0 7 0 0 0 0 0 0 0 11 0 0 0 1 2 0 0 2 0 0 0 0 0 0 0 0 0 0 0 0 0 0 0 0 25 23 0 0 0 0 
 0 0 0 3 0 2 0 2 0 1 0 0 0 0 62 0 0 0 0 0 2 62 62 0 1 68 61 0 0 0 1 0 0 0 68 0 0 61 0 0 146 116 430 283 295 60 272 186 101 293 34 30 0 109 341 103 39 105 209 134 0 0 0 0 0 0 0 0 0 0 0 0 0 0 0 1 0 0 0 0 0 0 0 17 0 0 0 0 0 0 0 0 0 0 0 0 0 0 0 0 0 0 0 0 3 22 0 0 0 0 0 0 0 0 0 0 19 2 0 0 40 11 16 7 5 0 9 15 30 25 2 13 0 14 20 9 10 6 18 8 3 0 0 66 0 0 0 0 0 0 0 0 0 5 0 0 0 0 0 0 0 1 0 0 0 0 14 0 0 13 0 0 0 0 0 0 0 0 0 7 0 0 0 0 0 3 0 0 0 0 9 0 0 0 0 4 0 0 0 0 0 22 23 13 6 0 41 7 19 26 19 0 8 1 3 16 0 31 0 0 0 0 0 0 0 0 1 0 0 0 0 18 0 0 0 0 0 0 12 0 0 0 24 0 0 2 0 0 2 0 0 10 0 2 0 0 0 0 63 2 1 0 1 0 2 4 0 2 1 0 9 0 0 21 0 0 0 0 0 0 0 0 0 0 0 0 0 0 0 0 
 0 0 0 2 0 0 0 8 0 0 0 0 0 0 0 0 0 0 0 0 3 3 3 68 67 65 68 3 6 3 3 40 3 3 3 3 5 3 3 3 47 59 67 353 50 108 133 287 310 98 37 115 109 0 235 387 30 78 444 298 0 0 0 0 0 0 0 0 0 0 0 0 0 0 0 0 0 0 51 0 0 0 0 0 0 0 0 0 0 0 0 0 0 0 0 0 0 0 0 0 0 0 0 0 0 1 0 0 0 11 0 0 0 0 0 0 0 0 14 0 15 8 74 9 19 9 29 36 21 35 12 62 0 8 3 13 9 6 0 11 0 0 0 0 0 32 0 0 0 0 0 3 46 0 0 0 0 5 37 9 0 0 0 0 0 0 0 22 0 0 0 0 0 0 0 0 0 0 0 0 0 0 0 0 0 19 0 0 0 0 0 0 0 0 33 0 0 0 0 0 38 26 17 0 0 29 2 2 15 23 0 2 9 1 0 0 19 1 9 0 0 0 0 0 7 0 1 0 0 0 0 0 0 0 0 0 0 0 0 0 0 0 0 0 0 0 0 0 0 0 0 4 0 0 0 0 0 0 0 1 0 0 0 0 1 9 1 0 0 0 0 0 0 0 0 0 0 0 0 0 0 0 0 0 0 4 0 0 0 0 
 0 64 0 0 0 0 0 2 0 0 0 26 0 0 0 0 0 0 0 4 69 0 0 0 4 1 3 0 0 0 0 0 0 0 0 4 0 0 0 0 300 148 168 164 114 294 185 69 236 138 222 38 341 235 0 77 44 321 165 131 0 4 0 20 30 16 2 0 0 25 0 7 0 0 9 0 0 0 0 3 0 0 0 0 0 0 0 0 0 0 0 0 0 0 0 0 0 0 0 0 0 0 0 0 0 14 0 0 0 0 0 0 0 0 0 0 0 0 0 0 0 17 19 66 6 14 0 0 37 11 42 0 7 0 0 7 10 23 0 11 0 0 6 0 0 0 0 16 0 7 4 0 24 1 0 0 0 0 4 0 0 0 0 0 0 0 0 3 0 0 0 0 0 0 0 0 0 0 0 0 0 0 0 0 0 10 0 0 0 0 0 0 0 0 0 0 0 0 0 0 34 6 0 52 1 10 0 24 14 49 36 0 0 17 16 26 16 38 2 0 0 5 0 18 4 26 8 0 13 0 0 0 0 20 0 0 0 2 1 0 0 0 0 0 0 18 0 0 0 0 0 8 0 0 0 0 0 0 0 17 0 0 0 0 9 17 0 0 0 0 8 0 0 0 0 0 0 0 0 0 0 0 0 0 48 0 0 3 0 0 
 0 0 0 0 0 0 0 0 0 2 0 0 0 0 0 0 0 0 2 0 0 0 23 0 62 2 0 2 10 11 0 0 0 0 0 2 30 20 0 39 38 151 117 298 399 153 47 115 258 257 107 134 103 387 77 0 89 122 106 150 0 0 0 0 1 0 0 53 0 0 0 0 50 0 0 0 0 0 0 0 0 0 0 0 0 0 0 0 0 0 0 0 0 0 0 0 0 0 0 0 0 0 5 0 0 1 0 0 21 5 0 0 0 0 0 0 0 0 0 0 13 0 31 0 15 8 0 8 19 12 9 9 4 1 0 31 9 0 0 1 9 0 0 0 8 0 0 0 0 0 0 0 30 0 16 0 0 0 11 1 5 0 0 0 0 0 0 0 2 0 0 0 0 0 0 0 0 0 0 0 0 1 0 0 3 5 0 0 0 0 0 0 0 0 0 12 4 6 0 0 0 0 23 24 14 7 9 10 8 1 0 11 14 1 0 19 20 13 0 25 0 0 0 0 0 0 1 0 0 0 0 0 23 18 0 0 0 0 0 0 0 0 2 0 0 0 0 0 0 0 0 7 0 1 0 0 1 0 1 2 0 0 1 1 0 0 0 0 1 0 0 0 0 0 0 0 0 0 0 0 0 0 0 0 0 9 0 0 0 0 
 0 0 0 0 0 0 0 0 0 0 0 0 1 0 0 0 0 0 0 124 0 0 0 0 1 0 0 0 3 0 81 0 0 0 0 0 0 0 0 0 21 104 43 557 143 103 20 56 97 95 83 147 39 30 44 89 0 172 100 33 1 0 11 51 4 0 27 0 0 0 0 0 54 11 0 0 0 0 10 1 0 9 0 0 0 0 0 0 0 0 0 0 0 0 0 0 0 0 0 0 0 0 0 0 0 0 0 0 0 0 0 10 0 7 0 0 0 0 0 0 1 22 0 2 11 12 13 0 0 0 1 9 0 0 10 0 0 25 0 0 0 18 0 0 0 0 19 20 0 0 0 0 16 0 1 0 0 0 0 22 0 0 0 0 4 0 0 0 0 0 0 0 0 0 0 0 0 0 0 0 0 0 0 0 0 0 0 0 0 6 0 0 0 0 0 0 0 0 0 0 2 0 1 28 35 14 0 23 1 10 35 2 0 8 0 0 0 14 0 0 0 43 0 0 10 0 1 5 0 0 0 0 18 43 0 0 0 0 16 0 0 0 0 0 0 0 0 0 0 0 0 9 0 0 0 0 0 0 0 0 0 0 1 1 1 0 0 0 0 0 0 0 0 0 0 0 0 0 0 0 0 0 0 0 11 13 0 0 0 0 
 0 0 2 0 0 0 0 2 0 0 2 0 0 0 0 0 0 0 0 0 0 0 0 0 64 0 0 0 0 0 0 0 0 0 0 2 0 0 0 1 26 112 105 117 111 59 254 41 48 183 254 95 105 78 321 122 172 0 42 263 51 0 0 0 0 0 0 23 0 0 0 0 0 0 0 0 0 0 0 0 0 0 0 11 0 0 0 0 0 0 0 0 0 0 0 0 0 0 0 0 0 0 0 0 0 1 0 0 0 0 0 0 0 0 0 0 0 0 0 0 0 1 0 6 31 11 0 11 9 25 12 9 0 0 0 25 9 0 0 4 6 0 0 5 0 0 9 7 0 0 0 0 18 3 14 0 0 0 2 0 2 0 0 0 0 0 0 0 0 0 0 0 0 0 0 0 0 0 0 0 0 0 0 0 0 0 0 0 0 0 0 0 0 0 0 0 0 0 0 0 0 0 15 17 10 0 3 21 0 0 11 34 0 0 8 0 12 11 0 0 10 0 13 0 0 0 20 14 0 0 0 0 34 4 21 0 0 0 1 0 0 0 0 0 0 0 0 0 0 0 0 3 0 0 0 0 0 0 0 7 0 0 0 62 65 2 3 62 0 0 0 0 0 42 0 0 0 0 0 0 0 0 0 0 0 20 0 6 0 0 
 0 0 0 0 0 0 0 0 0 3 0 0 0 0 0 0 0 0 0 0 1 0 63 65 1 0 0 0 0 68 61 2 0 0 0 3 0 60 0 0 38 43 114 274 271 53 49 188 106 73 34 21 209 444 165 106 100 42 0 423 0 52 0 0 17 0 0 0 0 24 2 0 0 0 2 0 0 0 0 6 0 0 0 0 0 8 0 0 1 0 0 0 2 1 2 0 0 0 1 1 0 0 0 0 12 41 0 0 0 15 0 21 0 0 0 0 0 0 0 0 22 11 11 0 0 0 35 23 6 9 0 7 0 0 8 10 0 7 1 0 0 0 0 0 0 0 0 0 0 0 0 0 0 0 0 0 0 4 1 0 1 2 0 0 0 0 4 2 1 0 0 0 0 2 1 0 0 0 0 0 0 11 0 0 19 6 0 0 0 14 0 0 0 0 0 0 0 12 0 0 21 7 1 8 15 0 25 19 0 20 0 0 13 42 0 1 19 12 1 9 0 0 0 0 0 0 0 0 0 0 0 0 0 0 0 0 0 0 0 0 0 0 0 0 0 0 0 0 0 0 0 2 0 0 0 0 0 0 62 2 0 0 0 0 0 2 0 0 0 0 0 0 0 0 0 1 0 0 0 0 0 0 0 0 0 0 0 0 2 0 
 0 3 0 6 0 2 0 0 0 3 0 2 0 0 0 0 0 0 0 0 0 0 0 63 99 63 0 0 0 0 0 0 0 0 0 0 0 0 0 0 179 112 48 61 73 44 125 189 64 300 66 41 134 298 131 150 33 263 423 0 0 0 5 51 0 0 0 10 9 0 2 5 8 0 1 11 8 3 7 0 0 0 0 0 0 0 0 0 0 0 0 0 0 0 0 0 0 0 0 0 0 0 0 0 1 0 0 0 0 6 0 0 0 0 0 0 0 8 13 0 18 7 23 1 0 14 0 20 32 26 20 6 1 32 17 45 0 8 53 27 0 10 0 14 0 0 0 4 0 0 0 0 0 1 0 1 0 1 3 0 0 0 0 0 0 0 0 7 0 0 0 0 0 0 0 0 0 0 4 0 0 0 0 0 0 40 0 0 0 0 18 0 0 0 0 0 0 0 0 0 54 7 8 0 0 1 26 0 0 50 10 0 9 1 11 11 11 0 4 78 0 12 11 12 0 0 1 0 1 12 0 5 0 0 0 0 0 0 0 11 0 0 18 0 0 1 0 0 0 0 0 11 0 0 0 0 0 0 0 0 0 0 0 0 0 22 3 0 0 0 0 0 0 0 0 6 0 0 0 0 0 0 0 0 0 0 0 0 0 0 
 3 0 6 6 0 0 0 0 0 6 0 3 0 0 0 40 0 0 0 0 0 3 0 0 49 0 4 0 1 0 0 16 0 3 53 1 2 0 5 2 0 4 51 22 0 0 0 0 67 99 4 1 0 0 0 0 1 51 0 0 0 151 128 42 34 22 64 162 119 53 41 29 66 54 120 159 96 41 207 134 0 0 0 9 0 0 0 0 0 0 0 0 0 0 0 0 0 0 0 0 5 0 4 0 0 12 7 0 0 0 3 0 0 2 0 4 0 0 5 5 0 23 8 9 3 3 11 0 2 0 0 13 0 8 1 1 19 13 0 0 23 0 6 0 0 0 15 6 1 4 58 0 18 21 9 7 0 0 0 9 0 0 0 0 0 0 0 0 0 0 0 0 0 0 0 0 0 3 0 0 6 0 0 5 0 0 0 16 5 0 0 0 4 0 8 26 0 0 0 0 0 0 0 0 6 0 37 0 0 6 0 3 13 0 0 14 19 2 10 0 0 0 14 0 0 28 5 0 16 33 0 33 0 0 1 0 18 0 0 19 0 0 0 0 0 0 0 0 0 0 0 0 0 0 1 0 0 0 0 0 0 0 0 22 0 0 0 0 0 0 19 2 0 3 0 0 0 0 0 0 0 0 0 0 22 2 0 0 0 0 
