 0 95 65 165 203 49 291 268 154 125 111 46 261 354 275 153 141 45 62 176 1 0 0 0 204 0 0 0 3 2 1 4 2 202 3 3 3 90 0 1 0 0 2 2 4 0 0 0 2 0 0 0 3 0 0 0 0 2 0 0 0 0 0 0 0 0 0 0 0 3 0 0 3 0 2 0 3 0 28 2 25 62 15 35 0 0 24 24 26 33 14 9 0 0 15 3 0 43 15 11 1 0 0 0 0 0 0 0 0 0 0 1 0 0 0 0 0 0 0 0 0 0 0 0 0 0 0 0 0 0 0 0 0 0 0 0 0 2 0 0 0 0 0 0 0 0 0 0 0 0 0 7 0 0 0 0 6 0 0 1 12 11 10 11 0 38 20 0 14 0 0 9 9 23 11 0 10 0 0 0 0 0 0 0 0 0 0 0 0 0 0 0 0 0 0 0 0 0 0 0 0 0 0 0 0 0 0 1 0 0 0 0 0 0 1 0 0 0 0 0 0 0 0 0 0 0 0 0 0 0 0 0 0 0 0 0 0 0 0 2 0 0 0 0 0 2 2 2 0 0 0 3 14 1 0 0 0 0 0 0 0 0 0 0 0 0 0 0 0 0 0 0 0 0 0 0 7 20 0 0 0 0 0 0 0 0 0 0 0 0 
 95 0 69 258 118 74 168 174 156 51 110 105 89 212 65 146 123 35 168 212 1 0 0 0 0 0 0 0 3 3 0 3 0 0 3 3 3 3 1 208 0 1 0 2 2 0 0 0 0 0 0 1 3 0 0 0 68 0 5 0 0 0 0 0 0 0 0 0 0 3 0 0 0 0 2 0 3 0 0 2 18 14 0 0 0 22 10 0 12 8 0 0 15 16 23 14 57 7 1 34 22 0 0 0 0 0 0 0 0 0 0 0 0 0 0 0 0 0 0 9 0 0 0 0 0 0 0 0 0 0 0 0 0 0 0 0 0 0 0 0 0 0 0 0 0 2 2 0 0 0 1 0 0 0 0 0 0 0 0 0 19 0 8 8 20 29 17 2 0 11 0 17 0 11 13 2 0 0 0 1 0 0 0 0 0 7 0 1 0 0 0 0 0 0 1 0 0 0 0 0 0 0 0 0 0 0 0 0 9 0 0 0 0 0 0 0 0 0 0 0 0 0 0 0 0 0 0 1 0 0 0 0 0 0 0 0 0 0 0 0 0 0 0 0 0 0 2 2 1 0 0 9 0 0 0 0 0 0 0 0 16 0 0 0 0 0 0 1 0 0 0 0 0 0 0 0 0 0 0 0 0 0 0 0 0 2 0 0 0 0 
 65 69 0 307 132 128 60 182 347 134 92 28 286 56 58 63 232 124 58 44 2 0 0 0 0 0 0 0 3 2 0 2 0 0 4 3 3 2 1 1 0 2 0 0 4 0 6 0 1 0 0 0 3 0 62 0 0 0 0 0 0 0 0 0 0 0 0 4 0 3 0 0 0 0 2 0 3 0 0 3 16 36 13 35 16 0 0 1 20 5 64 11 16 17 2 9 0 1 0 14 0 0 0 0 0 0 0 0 11 1 0 0 26 0 0 0 0 0 0 11 0 0 9 0 0 0 2 0 2 0 0 0 0 0 0 0 0 0 0 0 0 7 0 0 0 2 2 0 0 0 0 28 6 0 8 0 0 0 0 0 0 19 10 24 14 10 11 9 24 33 23 9 0 3 3 49 0 27 0 17 46 1 0 0 0 0 8 0 0 0 0 0 0 0 49 7 1 0 27 15 0 0 0 0 0 0 0 0 1 0 0 0 0 0 0 0 0 0 0 0 0 0 0 0 0 0 11 0 0 0 0 0 0 0 0 0 0 0 0 0 0 0 0 0 0 1 8 0 1 90 17 10 0 0 0 0 0 0 0 2 0 0 0 0 0 0 0 0 0 0 0 0 2 0 0 0 0 0 0 0 0 0 0 0 0 2 0 0 0 0 
 165 258 307 0 624 139 99 376 177 102 181 211 517 55 95 68 299 145 70 167 74 0 1 0 0 0 154 0 3 2 0 3 74 1 3 3 3 2 73 1 0 0 2 2 2 0 1 0 0 0 0 0 3 0 2 0 62 0 0 0 0 0 0 0 0 3 0 0 0 3 0 0 14 0 2 0 3 0 0 2 36 42 2 0 22 6 10 9 32 65 10 49 50 9 12 3 0 13 24 15 3 24 0 2 0 0 3 0 0 0 13 0 11 1 16 8 0 0 0 34 0 0 0 0 0 0 0 0 0 0 0 0 0 0 0 0 13 0 0 0 0 0 2 0 0 0 0 0 0 0 0 0 0 0 0 1 1 15 15 0 18 20 25 20 0 22 31 7 16 19 33 0 0 9 3 10 10 1 0 8 9 11 21 0 0 0 0 0 1 11 0 0 14 4 16 0 10 0 30 12 0 0 0 0 0 0 2 0 0 1 0 0 0 1 0 0 0 0 0 0 0 0 0 0 0 0 0 0 0 0 0 0 0 0 0 0 0 0 0 0 0 15 0 0 0 0 93 0 93 0 19 21 10 0 0 0 0 0 0 0 0 0 0 0 0 0 0 0 0 0 0 0 0 0 0 11 0 0 0 0 0 0 0 0 0 0 0 0 0 0 
 203 118 132 624 0 121 69 133 106 302 286 143 102 128 177 143 175 37 60 170 74 0 1 2 2 0 82 0 3 2 0 3 6 0 3 5 3 4 0 78 0 2 0 1 2 0 0 0 0 0 0 0 3 0 0 0 0 0 4 0 0 0 0 0 0 0 0 0 0 3 0 0 21 0 2 0 3 0 0 2 0 28 1 0 13 0 0 0 23 32 16 38 0 0 15 11 14 0 9 0 36 9 0 0 0 0 0 0 0 1 0 0 13 0 0 0 0 0 0 15 0 0 0 0 0 0 0 0 0 20 0 0 0 0 0 0 5 0 0 0 0 0 0 0 0 0 0 0 0 0 0 1 3 0 0 0 0 0 0 0 29 12 14 9 0 48 0 0 32 0 0 24 0 8 0 11 99 0 0 0 10 0 0 0 0 0 1 0 0 0 0 0 0 1 1 1 0 0 0 1 0 0 0 0 0 0 0 0 0 0 0 0 0 0 0 0 0 0 0 0 14 15 0 0 0 0 0 0 0 0 0 0 0 0 0 0 0 0 0 0 0 0 0 0 0 0 0 0 86 4 19 18 26 0 0 0 0 0 0 0 0 0 13 0 0 0 0 0 0 0 0 0 0 0 0 24 0 8 0 0 0 0 0 0 0 0 0 0 0 0 
 49 74 128 139 121 0 12 356 222 143 293 64 27 256 62 157 73 46 31 74 82 0 0 0 34 0 0 0 4 0 0 0 76 0 0 3 2 2 74 2 0 1 0 2 2 0 0 0 0 0 0 0 2 0 29 0 0 0 0 9 0 0 0 0 0 0 42 6 0 0 0 0 3 0 0 2 0 3 0 0 0 0 27 24 17 12 0 0 0 0 26 25 0 0 0 9 0 0 0 0 11 19 0 7 0 1 0 2 24 14 0 0 32 24 1 19 15 0 46 0 0 0 0 2 0 0 0 0 0 0 2 0 0 0 0 0 0 0 0 0 0 8 0 35 0 0 0 0 0 0 0 0 1 0 8 0 0 0 51 0 1 43 0 16 28 0 9 0 16 14 15 10 0 0 0 34 0 18 2 0 57 19 0 2 0 0 24 5 0 1 0 0 26 17 27 25 0 0 1 20 0 0 0 0 0 0 0 0 0 0 0 0 0 0 0 13 0 0 0 0 0 0 0 0 2 0 0 0 0 0 0 0 1 0 0 0 0 0 0 0 0 0 0 0 0 1 1 0 3 179 18 11 0 0 2 0 0 0 0 0 14 0 56 0 0 0 0 0 0 0 0 0 0 0 0 0 0 0 0 0 0 0 0 0 0 0 0 0 0 0 
 291 168 60 99 69 12 0 110 564 35 16 121 110 227 388 129 35 213 175 49 2 0 0 0 0 0 0 0 3 2 0 3 0 1 3 3 4 121 0 1 0 1 2 1 3 0 0 0 0 0 0 0 3 0 0 0 0 0 0 0 0 0 0 0 0 3 0 0 0 3 0 0 0 0 2 0 3 0 0 2 18 14 28 12 0 1 34 0 40 33 9 1 11 0 0 37 10 1 52 9 0 0 0 0 0 1 0 2 0 0 0 0 0 2 0 0 1 0 0 0 0 0 0 2 0 0 0 0 0 0 2 15 0 0 0 0 0 0 0 0 0 0 0 2 0 0 0 0 0 0 0 2 0 0 0 0 0 0 0 0 0 14 0 25 0 0 30 6 1 50 22 0 0 11 36 1 18 9 23 0 0 0 0 2 0 0 0 0 0 0 0 0 0 0 0 0 0 0 27 0 0 0 0 0 0 0 0 0 0 0 0 0 0 0 0 0 0 0 0 0 0 0 0 0 2 0 0 0 0 0 0 0 1 0 0 0 0 0 0 0 0 12 0 0 0 5 1 0 0 2 2 7 0 0 0 0 0 0 0 0 0 0 0 0 0 0 0 0 0 0 0 0 0 0 0 0 32 1 0 0 0 0 0 0 0 0 0 0 0 0 
 268 174 182 376 133 356 110 0 428 33 116 77 101 79 366 105 152 37 71 37 1 0 4 2 0 0 5 0 3 8 0 3 0 3 3 3 7 2 0 1 0 2 1 0 6 4 0 0 0 0 0 0 3 0 0 8 16 0 0 0 0 2 0 0 0 0 0 5 6 3 0 0 0 0 2 0 3 0 4 2 0 21 81 17 54 18 1 0 11 0 45 0 0 8 13 19 31 0 14 0 48 0 0 0 0 0 0 0 2 0 0 0 15 0 0 0 0 0 0 28 0 0 0 0 0 2 0 0 1 0 0 0 2 0 0 0 0 0 0 0 0 0 8 0 0 0 0 0 0 0 0 5 5 2 0 0 0 0 0 0 0 32 0 22 23 6 0 0 10 24 0 44 0 0 0 1 34 25 0 0 0 0 0 0 0 0 0 0 0 6 0 1 2 0 1 1 0 0 2 0 0 0 0 1 0 0 0 0 0 0 0 0 0 0 0 0 0 0 0 0 0 0 0 1 0 0 0 0 0 0 0 0 0 0 0 0 0 0 0 0 0 0 0 0 0 2 2 0 0 0 15 2 0 0 0 0 0 0 0 0 0 0 0 0 0 0 0 0 0 0 0 0 0 0 0 30 0 16 0 0 0 0 0 0 0 0 0 0 0 0 
 154 156 347 177 106 222 564 428 0 92 125 68 187 78 574 81 128 216 71 248 2 5 1 0 2 2 3 0 3 3 2 2 2 5 5 7 5 4 2 2 1 4 1 0 2 0 0 1 0 1 0 0 3 0 0 62 0 2 1 1 0 0 0 0 0 0 0 6 0 3 2 0 0 0 4 6 3 8 0 3 15 19 22 23 47 1 0 6 10 11 18 0 18 19 14 22 10 9 0 0 0 0 0 0 0 0 0 0 20 0 0 0 15 0 0 0 0 0 0 15 0 0 0 0 0 0 0 0 0 0 0 0 0 0 0 0 0 0 0 0 0 0 0 0 0 0 0 0 0 0 0 0 0 0 0 0 0 0 0 0 9 19 12 27 1 14 29 26 10 72 4 16 0 0 18 11 0 35 0 19 14 0 0 0 0 0 7 0 0 0 0 0 0 0 14 0 0 0 17 1 0 0 0 0 0 0 0 0 0 11 0 0 0 0 0 0 0 0 0 0 0 0 0 0 0 0 0 0 0 0 0 0 0 0 0 0 0 0 0 0 0 9 0 0 0 0 111 0 0 4 15 4 0 0 0 0 0 0 2 0 0 0 0 0 0 0 10 0 0 0 0 0 0 0 0 5 0 0 0 0 0 0 0 0 0 0 0 0 0 0 
 125 51 134 102 302 143 35 33 92 0 415 275 70 154 210 559 55 278 92 656 0 1 0 0 0 0 73 1 3 2 0 2 76 0 3 3 3 2 8 25 0 0 0 2 3 0 0 0 0 0 0 0 10 0 30 0 0 0 4 0 0 0 0 0 0 0 0 0 0 3 0 0 33 0 2 2 3 0 0 3 0 12 14 6 18 15 0 0 22 33 0 38 0 0 21 0 28 13 0 0 33 3 0 1 0 0 0 0 1 21 0 0 11 47 0 1 0 0 14 0 0 0 0 0 0 0 0 0 0 0 0 0 0 0 0 0 0 0 0 0 0 3 0 7 0 0 0 0 0 0 0 0 1 0 19 0 0 0 0 0 72 25 25 0 32 20 2 14 38 8 1 1 0 9 0 14 65 22 0 0 10 0 0 0 0 0 0 9 0 0 16 0 18 17 0 20 0 0 0 1 0 0 0 0 0 0 0 0 0 0 0 0 0 0 0 0 0 0 0 0 0 0 0 0 0 0 0 1 0 0 0 0 0 0 0 0 0 0 0 0 0 10 0 0 0 0 1 5 0 87 0 4 25 0 0 0 0 0 0 0 0 0 21 0 0 0 0 0 0 0 0 0 0 0 0 23 0 0 0 0 0 0 0 0 0 0 0 0 0 0 
 111 110 92 181 286 293 16 116 125 415 0 187 57 51 172 313 201 162 45 165 12 0 0 0 0 1 2 0 3 2 0 2 149 0 3 3 5 2 80 81 0 3 0 0 4 0 0 0 63 0 0 0 3 0 89 0 0 0 4 0 0 0 0 0 0 0 0 0 0 2 30 0 35 0 2 0 3 0 0 3 1 10 11 14 25 10 0 1 20 39 14 32 0 0 14 10 15 13 0 0 32 16 0 0 0 0 0 0 0 19 0 0 20 17 0 0 0 0 10 24 21 0 0 0 0 0 0 0 0 0 0 0 0 0 0 0 0 0 0 2 0 2 0 6 0 0 0 0 0 0 0 0 0 0 3 0 0 1 0 0 33 26 15 0 20 25 0 0 34 0 15 15 0 8 26 31 67 0 0 0 40 14 0 0 0 0 2 0 0 0 0 0 15 12 2 0 7 0 18 11 0 12 0 0 0 0 0 0 0 0 0 0 0 0 0 0 0 0 0 0 2 0 0 0 0 0 0 0 0 0 0 0 0 0 0 0 0 0 0 0 0 0 0 0 0 0 2 1 1 9 12 17 16 0 0 0 0 0 0 0 0 0 13 0 0 0 0 0 0 0 0 0 0 0 0 15 0 0 0 0 0 0 0 0 0 0 0 0 0 0 
 46 105 28 211 143 64 121 77 68 275 187 0 245 36 166 398 320 154 41 207 2 0 2 2 3 0 78 0 3 4 0 3 59 3 3 3 7 2 60 80 0 7 1 3 6 2 0 0 0 2 0 0 3 1 4 0 6 0 0 1 0 0 0 0 0 0 0 0 3 3 0 0 5 0 2 0 3 0 4 3 0 10 14 0 19 10 0 0 31 16 0 57 0 0 10 14 8 0 0 0 17 11 0 0 0 0 0 0 13 1 0 0 32 16 21 21 0 0 34 25 0 0 0 0 0 0 0 0 0 0 0 0 0 0 0 0 0 0 0 0 0 0 0 5 0 1 1 0 0 0 0 0 0 0 0 0 0 7 5 0 0 15 10 17 23 0 1 13 19 14 9 6 0 15 0 2 23 33 0 0 1 1 0 0 0 0 1 5 0 0 0 0 23 10 0 18 4 0 16 0 0 0 0 0 0 0 0 0 1 0 0 0 0 0 0 0 0 0 0 0 0 0 0 0 0 0 0 2 0 0 0 0 0 0 0 0 0 0 8 0 0 0 0 0 0 0 86 0 4 0 0 5 21 0 0 0 0 0 0 1 0 0 21 0 0 0 0 0 0 0 0 0 0 0 0 19 8 0 0 0 0 0 0 0 0 1 0 0 0 0 
 261 89 286 517 102 27 110 101 187 70 57 245 0 213 46 36 51 44 561 130 2 0 2 2 2 2 0 0 5 2 0 3 1 0 5 5 3 3 2 1 2 3 73 2 2 0 6 2 7 2 0 2 3 3 2 2 0 2 3 0 0 0 0 0 1 0 0 0 0 3 0 0 0 0 2 0 3 2 0 55 18 15 0 7 0 0 0 10 0 0 7 0 30 0 55 5 17 28 0 26 0 0 0 0 0 0 0 0 0 0 0 0 0 0 0 0 0 0 0 0 0 0 0 0 0 0 0 0 0 0 0 0 0 0 0 0 0 0 0 0 0 0 0 0 0 0 18 0 0 0 0 0 0 0 0 0 0 0 0 0 1 14 61 0 0 0 6 0 42 0 0 0 23 0 0 23 0 1 30 17 0 0 0 0 0 0 0 0 0 0 0 0 0 0 0 0 0 0 0 0 0 0 0 0 0 0 0 0 0 0 0 0 15 0 0 0 0 0 0 0 0 0 0 0 0 0 0 0 0 0 0 0 0 0 0 0 0 0 0 0 0 0 0 0 0 2 4 0 3 0 1 3 0 2 0 0 0 0 0 0 0 0 0 0 0 0 0 0 0 0 0 0 0 0 0 0 0 0 0 0 0 0 0 0 0 0 0 0 0 0 
 354 212 56 55 128 256 227 79 78 154 51 36 213 0 117 30 32 226 137 180 1 0 1 0 0 0 0 2 5 5 0 4 0 0 5 5 3 8 0 6 0 2 2 0 2 1 1 0 6 0 0 0 5 0 0 0 0 0 0 0 0 0 34 0 0 2 2 0 0 4 0 0 7 1 2 3 3 7 0 4 33 32 1 0 0 0 29 23 0 0 15 1 26 0 21 24 41 20 36 11 0 0 0 0 0 0 0 0 0 0 0 0 0 0 0 0 0 4 0 2 17 1 0 0 0 0 0 0 0 0 0 13 0 0 1 1 0 0 0 0 0 0 0 0 0 0 0 0 0 0 0 3 5 0 0 0 7 0 0 0 22 0 8 0 0 2 23 0 1 19 0 2 13 46 10 12 5 0 16 0 0 0 0 0 0 0 0 2 0 0 0 1 0 0 0 0 0 0 1 0 0 0 0 0 0 0 0 0 0 0 0 0 0 0 0 0 0 0 0 0 0 0 0 0 0 0 0 0 0 0 0 0 0 0 0 0 0 0 0 0 0 0 0 0 0 2 0 0 2 0 2 10 0 0 0 0 0 0 0 0 0 0 0 0 0 0 0 0 0 0 0 0 0 0 0 0 9 16 0 0 0 0 0 0 0 0 0 0 0 0 
 275 65 58 95 177 62 388 366 574 210 172 166 46 117 0 204 333 147 268 193 4 0 3 0 7 0 3 0 6 4 0 4 2 0 6 3 3 3 0 7 0 4 1 0 4 0 6 5 0 0 0 2 3 0 2 0 36 4 0 0 3 0 0 0 0 0 0 2 3 3 0 0 0 3 2 6 3 5 0 5 15 15 22 56 26 19 7 10 20 10 13 0 0 8 32 21 34 16 0 7 29 0 0 0 0 0 0 0 0 0 0 0 0 0 0 0 0 0 0 21 0 0 0 0 0 0 0 0 20 0 0 0 0 0 0 0 0 0 7 0 0 0 0 0 0 0 0 0 0 0 0 0 0 0 0 0 0 0 0 0 1 15 10 25 22 0 15 8 18 31 1 0 0 20 24 0 24 17 3 0 0 0 2 0 0 0 1 0 0 0 0 0 0 0 0 0 0 0 0 0 0 0 0 0 0 0 0 0 0 0 0 0 0 0 0 0 0 0 0 0 0 0 0 0 0 0 0 0 2 0 0 0 0 0 0 0 0 0 0 0 0 6 0 0 0 1 1 0 2 3 2 11 31 0 0 0 0 0 0 0 0 0 0 0 0 0 0 0 0 0 2 0 0 14 0 29 7 0 0 0 0 0 0 0 0 0 0 0 0 0 
 153 146 63 68 143 157 129 105 81 559 313 398 36 30 204 0 255 206 55 561 0 3 0 3 18 0 0 0 3 4 3 3 74 3 3 4 5 2 73 2 0 5 0 0 8 3 0 0 0 0 4 5 7 0 62 0 4 3 5 0 0 0 0 1 0 2 0 0 0 3 0 2 0 0 3 8 3 1 0 2 0 18 17 0 0 3 0 0 37 30 20 49 0 29 15 0 14 6 0 0 32 13 0 0 0 0 0 7 0 0 0 0 37 8 0 0 0 0 7 31 0 0 0 0 0 0 0 0 0 0 0 0 0 0 0 0 0 0 0 0 0 0 0 4 0 0 0 0 15 0 0 0 0 0 1 0 0 0 0 0 12 38 28 0 21 9 0 13 21 0 18 15 0 8 0 14 17 15 4 0 17 10 0 0 0 0 0 0 0 0 0 0 13 0 0 1 7 0 0 0 0 0 0 0 0 0 0 0 1 0 0 0 0 0 0 0 0 0 0 0 0 0 0 0 0 0 0 0 0 0 0 0 0 0 0 0 0 0 0 0 0 0 0 0 0 1 4 2 0 0 0 1 11 0 0 0 0 0 0 0 0 0 14 0 0 0 0 0 0 0 0 0 0 0 0 14 12 0 0 0 0 0 0 0 0 0 0 0 0 0 
 141 123 232 299 175 73 35 152 128 55 201 320 51 32 333 255 0 173 111 141 0 0 2 4 0 0 0 0 3 2 0 3 2 0 5 3 3 2 0 1 0 0 0 2 3 0 0 3 0 0 0 0 3 0 48 0 4 0 0 0 0 0 1 0 0 26 0 8 2 3 0 0 0 0 3 0 3 1 0 2 0 14 52 8 20 19 2 1 15 33 2 6 0 0 13 9 29 0 2 0 46 0 0 0 0 0 0 0 15 0 1 0 0 7 0 0 0 0 15 49 0 0 0 0 0 2 0 0 1 0 0 0 2 0 0 0 0 0 0 0 0 2 17 3 0 0 0 0 0 0 0 0 2 12 6 0 0 0 0 0 0 44 3 16 80 0 0 2 13 53 2 34 0 8 0 11 32 33 0 0 10 0 0 0 0 0 0 1 0 0 0 2 0 0 0 0 0 0 17 0 0 0 0 0 0 0 0 0 0 0 0 0 0 0 0 0 0 10 0 0 0 0 0 0 0 0 0 0 0 0 0 0 0 0 0 0 0 0 0 0 0 0 0 0 0 0 0 1 1 1 0 6 1 0 0 0 0 0 0 0 0 0 0 0 0 6 0 0 0 0 0 0 0 0 0 19 10 0 0 0 0 0 0 0 0 0 0 0 0 0 
 45 35 124 145 37 46 213 37 216 278 162 154 44 226 147 206 173 0 25 189 0 0 0 0 0 0 76 0 3 2 0 24 60 1 3 3 3 2 60 2 0 0 2 2 4 0 4 0 0 0 0 2 3 0 1 0 0 0 0 0 0 0 0 31 0 54 0 4 0 3 0 0 1 0 2 7 3 0 0 2 48 39 41 11 11 9 0 5 16 41 21 24 10 8 26 1 0 20 0 13 0 10 0 0 0 1 0 2 12 0 0 0 32 12 19 9 2 0 19 3 0 0 0 2 0 0 0 1 0 0 0 0 0 0 0 0 0 0 0 0 0 1 0 6 0 0 0 0 0 0 0 0 0 0 0 0 3 8 7 0 0 32 24 44 40 0 11 52 0 50 39 10 0 1 1 0 0 36 2 9 10 10 0 2 1 0 19 0 0 0 0 0 10 9 29 7 19 0 27 14 0 0 0 0 0 0 1 0 0 0 0 0 0 0 0 0 0 0 0 0 0 0 0 0 2 0 0 0 0 0 12 0 0 0 0 1 0 0 0 0 0 0 0 0 0 0 127 0 6 85 0 12 0 0 0 0 0 0 0 0 63 0 0 0 0 0 0 0 0 0 0 0 0 0 0 0 32 0 0 0 0 0 0 0 0 0 0 0 0 0 
 62 168 58 70 60 31 175 71 71 92 45 41 561 137 268 55 111 25 0 200 3 0 0 0 0 0 1 0 4 2 0 204 0 0 3 3 3 2 0 2 0 2 0 1 4 0 0 0 0 6 0 0 3 0 0 0 0 0 0 0 0 0 0 0 0 3 0 0 0 3 0 0 0 0 2 0 3 0 0 2 26 0 0 0 0 0 32 16 0 0 0 0 53 21 11 10 16 1 38 7 0 0 0 0 0 0 0 0 0 0 0 0 0 0 0 2 0 0 0 0 0 0 2 0 0 0 2 0 0 0 0 0 0 0 0 0 0 0 0 0 0 0 0 0 0 9 0 10 0 0 0 0 15 0 0 0 0 0 0 0 0 0 2 2 0 0 15 0 0 0 0 0 18 9 42 13 0 0 23 27 0 0 0 0 0 0 2 0 0 0 0 0 0 12 0 0 1 0 0 0 0 0 0 12 0 0 0 0 0 0 0 0 0 0 0 0 1 13 0 0 0 0 0 0 0 0 0 0 0 0 0 0 0 2 0 0 2 0 0 0 0 0 0 0 0 0 0 0 14 2 0 7 0 0 1 0 0 0 0 0 0 0 0 0 0 0 0 0 0 2 0 0 0 0 0 0 0 0 0 0 0 0 0 0 0 0 0 0 0 0 
 176 212 44 167 170 74 49 37 248 656 165 207 130 180 193 561 141 189 200 0 4 3 3 0 73 0 4 1 5 5 0 6 0 3 5 3 3 4 0 5 0 0 1 2 3 0 4 0 7 0 31 0 3 0 3 0 0 0 0 3 0 0 3 0 3 3 0 0 0 3 2 3 29 3 2 0 3 2 0 4 31 25 0 13 0 0 0 68 50 39 1 22 1 7 48 1 0 63 0 19 1 2 0 0 0 0 1 0 0 0 0 0 0 0 0 0 0 0 0 0 0 0 0 0 0 0 0 0 0 0 0 0 0 0 0 0 0 0 0 0 2 0 0 0 2 0 0 0 14 2 0 0 0 0 0 0 0 14 0 0 61 14 38 0 6 0 10 20 26 18 0 0 0 17 0 23 8 10 29 14 0 0 0 0 0 0 0 0 0 1 0 0 0 1 0 0 0 0 0 0 0 0 0 0 0 0 0 0 0 0 0 0 0 0 0 0 21 19 0 0 0 0 0 0 0 0 0 0 15 14 0 0 0 0 0 0 0 0 1 0 0 0 0 0 0 0 6 0 0 0 2 2 16 0 0 0 0 0 0 0 0 0 0 0 0 0 0 0 0 0 0 0 0 0 0 0 17 0 0 0 0 0 0 0 0 0 0 0 0 0 
 1 1 2 74 74 82 2 1 2 0 12 2 2 1 4 0 0 0 3 4 0 172 306 124 16 24 490 34 363 40 109 32 131 335 128 38 63 115 186 249 0 2 3 3 2 0 0 63 0 1 0 0 3 0 0 0 0 0 0 0 0 3 0 0 2 0 0 0 3 2 3 0 0 0 2 0 54 0 0 0 0 0 1 0 0 1 0 0 0 0 0 0 0 0 0 9 0 0 0 0 0 29 39 9 16 32 11 31 11 1 0 1 0 38 9 9 6 0 24 0 0 0 0 0 0 0 6 0 0 0 0 0 14 13 2 0 0 0 0 0 0 0 0 0 0 0 0 0 0 0 0 0 0 0 0 0 0 0 0 0 0 0 0 39 0 5 0 8 0 0 0 36 0 0 0 11 9 0 0 0 16 21 10 0 0 0 9 4 0 5 13 30 9 10 7 7 18 0 0 18 0 0 0 0 0 1 0 0 0 0 0 11 0 9 0 0 0 0 1 21 0 0 0 0 0 2 0 0 0 0 0 0 0 0 0 0 0 0 0 0 0 0 10 0 0 0 0 0 91 0 0 0 0 0 13 0 2 76 0 2 19 0 2 0 0 0 0 0 0 0 0 0 1 0 0 0 0 0 0 0 0 0 0 0 0 0 0 0 0 2 
 0 0 0 0 0 0 0 0 5 1 0 0 0 0 0 3 0 0 0 3 172 0 91 223 173 25 121 139 136 157 28 29 84 72 78 39 116 137 233 204 0 1 3 2 2 0 0 0 0 0 3 0 3 0 0 0 0 0 28 1 0 3 0 0 2 0 0 0 3 2 0 0 0 0 2 0 0 0 0 0 0 0 0 0 0 9 0 0 0 0 0 18 0 0 0 0 0 0 0 0 0 17 12 9 13 0 1 8 30 30 27 17 18 0 16 19 27 13 47 0 0 0 0 0 0 0 0 12 0 0 0 0 14 0 0 0 0 0 10 1 0 0 0 0 0 0 0 0 0 3 0 0 0 0 0 2 0 0 0 0 7 0 0 0 0 0 0 0 0 0 0 0 0 0 0 0 0 0 0 0 10 28 1 0 0 17 19 0 9 8 0 66 55 6 22 18 0 0 12 39 0 0 0 0 0 0 15 0 0 0 0 0 13 0 0 0 0 0 34 0 0 0 14 0 0 0 0 0 0 0 0 0 0 0 0 0 0 0 0 0 0 0 0 0 0 0 0 0 0 0 0 32 0 0 5 0 0 78 1 0 17 0 0 0 0 0 0 0 0 0 0 0 0 0 0 0 0 0 0 0 0 10 0 0 0 19 0 0 0 0 
 0 0 0 1 1 0 0 4 1 0 0 2 2 1 3 0 2 0 0 3 306 91 0 243 346 166 111 539 116 466 63 43 84 85 208 154 242 143 158 49 0 3 3 1 2 0 64 0 0 0 62 0 3 66 0 0 0 0 62 2 51 3 6 0 2 0 0 0 3 2 0 1 0 0 2 0 0 0 1 0 5 0 0 0 0 9 0 0 1 0 0 17 0 0 0 0 0 0 0 0 14 0 11 26 6 2 5 0 21 15 0 41 9 0 61 52 16 20 13 18 0 8 0 0 1 0 7 29 0 0 1 0 28 31 0 0 0 19 3 10 0 0 0 0 0 1 0 0 0 6 0 0 0 6 0 0 0 0 0 0 0 0 0 0 0 2 3 4 0 0 0 0 0 0 0 0 6 2 2 9 0 0 0 0 13 0 0 14 0 12 42 14 0 15 0 0 0 14 0 12 10 0 0 0 0 0 0 0 12 0 2 0 24 4 0 0 0 0 71 0 0 0 0 0 0 0 0 0 0 0 0 0 0 0 0 0 0 0 0 0 0 0 0 0 0 0 0 0 0 0 0 0 0 0 6 0 3 0 0 0 2 1 0 0 0 0 9 0 0 0 0 0 0 0 0 0 0 0 0 0 0 10 0 0 0 21 0 0 0 0 
 0 0 0 0 2 0 0 2 0 0 0 2 2 0 0 3 4 0 0 0 124 223 243 0 84 79 212 329 253 294 54 59 245 256 146 148 197 200 129 160 0 5 3 0 5 5 0 0 0 1 0 0 65 6 0 0 5 0 125 11 0 3 0 0 2 0 0 0 9 2 0 0 0 0 4 6 3 0 4 0 1 0 0 0 0 0 0 0 2 0 0 0 0 0 0 0 0 0 0 0 0 8 1 8 0 18 13 37 12 15 1 18 22 10 10 9 9 14 0 0 0 0 0 0 2 0 9 0 0 0 2 0 53 0 0 0 0 0 14 18 0 0 0 0 0 0 0 0 0 0 0 0 0 0 0 9 0 0 0 0 2 0 0 0 0 6 0 0 0 0 0 0 0 0 0 0 6 1 0 30 13 7 9 1 5 7 11 27 28 18 47 21 0 9 19 19 23 6 0 1 9 0 0 0 0 0 36 0 1 0 1 0 27 0 0 0 0 0 34 26 0 0 0 0 0 0 0 0 0 0 0 0 0 0 0 0 0 0 0 0 0 0 11 0 0 0 0 0 34 0 0 0 0 0 17 2 0 84 4 0 0 2 0 0 0 0 0 0 0 0 0 0 1 0 0 0 0 0 0 0 0 13 0 0 0 8 8 0 0 0 
 204 0 0 0 2 34 0 0 2 0 0 3 2 0 7 18 0 0 0 73 16 173 346 84 0 102 78 54 140 168 400 350 157 69 70 392 103 232 81 229 99 0 10 0 1 1 66 2 66 0 1 0 3 82 123 0 1 2 61 4 2 16 0 0 2 0 0 0 3 2 0 0 0 5 4 0 0 0 0 0 0 0 19 0 0 0 0 0 0 0 0 0 23 0 0 0 0 0 0 0 0 0 4 39 20 20 0 0 0 33 0 0 0 0 9 39 0 21 2 0 28 14 12 0 0 0 10 35 0 36 30 10 14 20 1 12 0 0 41 12 0 0 0 0 0 0 0 2 15 3 0 0 0 0 0 0 0 0 0 0 3 0 0 0 0 0 0 0 0 0 0 0 6 0 0 1 0 0 0 0 0 2 0 0 23 6 0 0 0 9 0 2 0 8 50 22 0 1 0 0 0 0 1 25 0 0 0 32 25 9 0 0 2 7 27 13 0 11 15 2 0 0 0 0 0 0 0 12 2 0 0 0 0 0 0 0 0 0 0 1 0 0 0 0 0 0 0 0 0 0 0 0 0 0 16 1 1 75 77 2 0 0 0 0 0 0 0 0 0 0 0 0 0 0 0 0 0 0 0 0 0 9 3 0 0 3 0 0 0 0 
 0 0 0 0 0 0 0 0 2 0 1 0 2 0 0 0 0 0 0 0 24 25 166 79 102 0 126 128 125 127 220 160 243 55 58 381 139 43 261 53 0 212 9 0 1 0 66 0 211 1 0 0 81 59 0 0 0 0 61 1 48 3 10 0 2 0 0 0 3 2 0 1 0 0 2 0 1 0 0 0 0 0 0 2 0 0 0 0 0 2 0 0 0 0 2 0 0 0 0 2 0 0 1 31 9 28 0 0 0 20 22 4 0 0 0 0 15 8 0 0 0 9 0 0 0 0 6 0 0 11 8 0 35 2 8 9 0 0 28 19 0 0 0 0 0 0 0 0 0 3 0 0 0 10 0 0 2 0 0 0 2 0 0 0 0 4 0 0 0 0 0 0 0 0 0 15 2 0 0 8 0 9 0 33 23 11 0 0 13 0 35 19 0 0 0 16 14 7 0 8 11 0 0 0 0 0 7 21 30 0 0 0 15 9 15 0 1 8 29 13 2 0 0 0 0 0 0 0 0 0 0 0 0 0 0 0 0 0 0 0 0 0 0 0 0 0 0 0 0 0 0 0 0 0 4 4 0 4 75 5 5 0 0 0 0 0 12 0 0 0 0 0 0 0 0 0 0 0 0 0 0 0 0 0 0 0 0 0 0 0 
 0 0 0 154 82 0 0 5 3 73 2 78 0 0 3 0 0 76 1 4 490 121 111 212 78 126 0 195 160 140 39 36 207 47 201 136 345 100 420 140 0 22 3 2 2 0 0 8 0 1 0 0 3 0 2 0 0 0 0 3 0 7 0 0 34 0 0 0 3 2 0 0 0 0 2 0 5 0 0 0 0 1 0 7 0 10 0 0 0 0 0 13 0 0 0 9 0 0 0 0 0 55 3 9 1 28 14 21 33 0 32 9 8 24 17 28 43 0 27 10 0 0 0 0 0 0 0 0 0 0 0 0 1 0 0 0 0 0 0 0 0 0 0 1 0 1 0 0 0 0 0 0 0 0 0 0 0 14 13 2 0 1 0 11 3 6 0 0 0 0 13 10 0 0 0 12 8 9 0 0 34 30 36 0 0 9 31 11 8 10 0 2 34 15 62 10 20 0 8 19 0 0 0 0 0 0 0 3 0 0 0 0 0 0 0 0 0 0 0 23 0 0 32 0 0 0 0 0 0 0 0 0 0 1 0 0 0 0 0 0 0 0 10 0 0 0 22 0 60 0 0 0 0 0 14 0 2 57 1 2 18 2 0 0 0 0 0 0 0 0 0 0 0 0 0 7 0 0 0 0 0 19 0 0 0 0 9 0 0 0 
 0 0 0 0 0 0 0 0 0 1 0 0 0 2 0 0 0 0 0 1 34 139 539 329 54 128 195 0 76 134 177 47 188 340 235 199 243 307 236 149 0 2 3 1 2 0 2 0 0 0 78 0 3 0 2 0 0 0 0 0 2 3 13 46 2 0 0 48 3 2 0 0 0 0 2 0 0 1 0 7 0 0 0 0 0 10 0 1 0 0 0 0 0 0 0 0 0 0 0 0 39 15 23 11 5 0 112 12 10 19 1 32 8 0 21 0 21 20 0 12 0 1 0 0 0 0 0 0 0 0 0 0 21 0 0 0 0 0 0 1 0 0 0 0 0 0 0 0 0 0 0 0 0 0 0 0 0 0 0 0 0 0 0 0 0 0 2 1 0 0 2 0 0 0 0 4 0 0 0 1 55 0 26 26 33 1 16 17 7 38 46 30 0 22 12 0 0 10 0 7 0 2 0 0 0 0 0 0 0 0 0 0 12 0 0 0 0 0 28 21 0 0 0 0 0 0 0 2 0 0 1 0 0 0 0 0 0 0 0 0 0 1 2 0 0 0 0 0 0 0 0 0 0 0 2 2 0 1 78 0 2 18 0 0 0 0 8 0 0 0 0 0 0 0 0 0 0 0 0 0 0 17 0 0 2 15 11 0 0 0 
 3 3 3 3 3 4 3 3 3 3 3 3 5 5 6 3 3 3 4 5 363 136 116 253 140 125 160 76 0 321 38 59 515 272 182 146 197 244 154 145 0 3 6 1 3 2 0 0 0 0 1 0 3 63 0 0 3 0 87 0 0 3 5 0 31 0 0 0 3 2 0 0 0 0 2 0 9 0 0 0 0 0 0 0 0 0 0 0 0 0 0 0 0 0 0 0 0 0 0 0 0 0 13 18 4 19 19 17 0 19 0 3 0 14 32 22 8 6 0 0 0 0 0 0 0 0 8 28 0 0 0 0 14 7 0 0 0 0 5 0 0 0 0 0 0 10 8 0 10 12 0 0 0 3 0 0 0 0 5 0 0 0 1 0 0 3 3 8 0 0 0 0 0 0 0 1 3 0 0 4 1 10 0 1 0 1 10 8 2 27 19 23 0 22 9 0 24 9 0 0 13 0 0 0 0 0 0 0 0 0 0 0 8 3 0 0 0 0 31 7 0 0 0 0 0 7 0 0 0 13 0 0 0 0 0 0 0 0 0 0 0 0 10 0 0 0 0 0 0 0 0 0 0 0 14 0 2 154 0 2 2 0 0 0 0 0 0 0 0 0 0 0 0 0 0 0 0 0 0 0 0 11 0 0 0 0 0 0 0 0 
 2 3 2 2 2 0 2 8 3 2 2 4 2 5 4 4 2 2 2 5 40 157 466 294 168 127 140 134 321 0 315 54 141 88 483 305 560 364 248 156 2 5 3 1 2 3 3 2 0 4 67 0 3 0 0 0 0 2 122 0 10 3 9 0 2 0 0 1 3 6 0 0 0 0 2 5 0 0 0 0 0 0 0 0 2 10 0 0 0 0 0 0 0 0 0 0 0 1 0 0 14 12 11 7 6 1 15 0 10 31 0 26 8 0 25 1 14 18 0 18 0 3 0 0 0 0 7 23 0 0 0 0 39 10 0 0 0 0 0 0 0 0 0 0 0 0 0 0 0 4 0 0 0 0 2 15 0 0 0 0 0 0 0 0 0 10 6 27 0 0 0 0 0 0 1 2 4 0 0 4 21 0 10 1 12 6 1 11 7 11 28 24 0 37 28 14 0 10 0 6 12 0 0 0 0 0 29 1 0 0 0 0 34 0 0 0 1 1 49 14 0 0 0 0 0 0 0 0 0 0 0 0 2 0 0 0 0 0 0 0 0 0 0 0 0 1 0 0 0 0 0 0 0 0 2 2 2 76 0 3 0 1 0 0 0 0 10 0 0 0 0 0 0 0 0 0 0 0 0 0 0 43 0 0 0 25 14 0 0 0 
 1 0 0 0 0 0 0 0 2 0 0 0 0 0 0 3 0 0 0 0 109 28 63 54 400 220 39 177 38 315 0 86 54 120 72 177 191 182 12 63 64 2 3 2 2 0 0 0 0 1 0 0 6 68 62 0 0 0 7 25 1 4 0 0 2 0 0 0 3 2 0 7 0 0 2 0 0 4 0 3 0 0 0 0 0 0 0 0 0 0 0 0 0 0 0 0 0 0 0 0 0 13 31 22 12 70 8 5 0 0 47 13 0 0 0 0 0 27 0 0 27 0 0 0 0 0 10 33 0 0 0 0 0 7 0 0 0 1 23 0 0 0 0 0 0 0 0 0 0 6 0 0 0 8 0 0 0 0 0 0 0 0 0 0 0 0 0 1 0 13 0 0 0 0 0 7 0 0 0 0 14 0 24 22 0 20 0 19 0 9 0 13 0 0 0 0 8 22 0 0 36 0 0 0 0 20 12 16 0 0 0 0 1 17 0 0 10 0 14 10 0 0 0 0 0 0 0 0 0 0 0 0 0 0 0 0 0 0 0 0 0 0 0 0 0 0 0 0 0 0 0 0 0 0 4 0 1 0 20 2 0 0 0 0 0 0 0 0 0 0 0 0 0 0 0 0 0 0 0 58 0 10 0 0 0 0 0 0 0 0 
 4 3 2 3 3 0 3 3 2 2 2 3 3 4 4 3 3 24 204 6 32 29 43 59 350 160 36 47 59 54 86 0 40 27 49 110 157 369 206 35 63 2 5 0 2 0 3 0 2 0 0 3 3 97 67 0 0 0 124 95 1 3 0 0 2 52 0 0 3 2 0 5 0 0 2 0 56 0 0 2 0 0 0 1 0 0 0 0 0 1 0 0 0 0 0 0 0 0 0 0 0 0 0 33 0 16 0 0 0 12 14 4 0 0 0 0 0 1 0 0 39 2 0 0 0 0 10 29 6 16 8 0 15 0 1 10 0 0 17 40 0 0 0 0 0 0 0 0 0 6 1 0 0 5 0 0 1 0 0 0 3 0 0 0 0 7 0 0 0 0 0 0 0 0 0 0 14 0 0 7 0 0 1 17 20 14 0 0 30 0 15 0 0 0 0 0 40 46 0 0 39 0 0 0 0 0 41 27 14 0 0 0 65 5 1 0 8 25 30 1 0 0 0 0 0 0 0 2 0 0 12 0 0 0 0 0 0 0 0 0 0 0 0 0 0 0 0 0 0 0 0 0 0 0 5 0 2 0 81 2 4 0 0 0 0 0 0 0 0 0 0 0 0 0 0 0 0 0 0 13 0 18 0 0 0 0 0 0 0 0 
 2 0 0 74 6 76 0 0 2 76 149 59 1 0 2 74 2 60 0 0 131 84 84 245 157 243 207 188 515 141 54 40 0 107 87 30 56 162 473 220 0 29 3 1 2 0 0 0 0 2 1 0 3 3 60 0 0 59 0 3 0 3 0 0 2 0 0 0 4 2 0 0 0 0 2 0 5 0 0 0 0 0 12 0 12 20 0 0 0 0 0 21 0 0 0 0 0 0 0 0 12 29 11 12 15 0 23 15 0 31 9 17 26 26 32 31 9 0 12 14 0 0 0 0 0 0 0 0 0 0 0 0 1 0 0 0 0 0 10 0 0 0 0 10 0 0 0 0 2 0 0 0 0 0 0 0 0 5 2 0 0 13 0 0 13 0 0 0 0 0 9 0 0 0 0 5 0 0 0 0 11 13 11 9 0 0 12 8 11 16 0 34 15 37 21 0 30 14 8 20 0 0 0 0 0 0 0 0 0 0 0 0 0 0 0 0 0 0 25 0 0 0 0 0 0 0 0 0 0 1 0 0 0 0 0 0 0 0 0 0 0 0 16 0 0 0 83 0 0 62 0 0 0 0 11 0 0 2 0 0 1 2 0 0 0 0 0 0 0 0 0 0 0 0 0 0 2 0 0 0 0 10 0 0 0 19 0 0 0 0 
 202 0 0 1 0 0 1 3 5 0 0 3 0 0 0 3 0 1 0 3 335 72 85 256 69 55 47 340 272 88 120 27 107 0 165 119 109 293 112 93 0 1 3 2 4 0 0 1 0 1 95 0 3 0 1 0 0 0 1 3 0 4 2 0 5 0 0 0 3 10 0 0 0 0 8 50 3 0 0 0 0 1 0 0 0 10 0 0 0 0 0 14 0 0 0 0 0 0 0 0 13 11 28 1 44 23 32 56 22 0 24 18 0 22 1 0 18 20 7 12 0 0 0 0 0 0 0 0 0 0 0 0 17 12 0 0 0 0 0 11 0 0 2 0 0 1 0 0 0 0 8 0 0 0 0 6 0 0 0 0 0 0 0 1 0 0 0 0 0 0 10 11 0 0 0 8 5 0 0 0 9 14 55 33 56 1 14 53 11 32 59 46 0 0 12 0 0 2 0 12 0 0 0 0 0 11 12 0 0 0 0 0 0 1 2 0 0 0 5 38 0 0 0 0 0 0 0 0 0 0 0 0 12 2 0 0 0 0 0 0 0 0 0 0 0 0 0 0 1 0 0 2 0 0 9 0 0 44 5 2 0 1 0 0 0 0 0 0 0 0 0 0 0 0 0 0 0 0 0 0 0 0 0 0 0 0 9 0 0 0 
 3 3 4 3 3 0 3 3 5 3 3 3 5 5 6 3 5 3 3 5 128 78 208 146 70 58 201 235 182 483 72 49 87 165 0 165 127 48 77 317 206 3 3 2 0 0 6 4 0 1 3 4 3 0 2 0 0 4 2 1 2 3 31 0 2 0 0 0 3 2 0 0 0 0 2 6 0 0 0 0 0 0 0 0 0 9 0 0 0 0 1 0 0 0 0 1 0 0 0 0 20 11 1 0 0 0 55 17 0 0 5 19 0 9 21 0 28 23 57 0 0 0 0 0 1 0 0 0 0 0 0 0 0 0 0 2 20 0 0 0 1 0 0 0 1 0 0 0 0 0 0 0 0 0 0 0 0 0 0 0 0 0 0 11 0 19 5 18 0 0 15 12 0 0 0 7 9 0 0 0 14 12 18 30 1 0 36 22 58 19 13 18 24 0 12 0 25 2 18 29 1 0 0 0 0 0 0 0 0 0 0 0 0 0 0 0 0 0 0 5 0 0 0 0 0 0 0 0 0 0 0 0 0 0 0 0 0 0 44 0 0 0 11 0 0 0 0 0 76 0 0 0 0 0 7 0 0 0 3 1 4 17 0 0 0 0 0 0 0 0 0 0 0 0 0 0 0 0 0 0 0 17 0 0 3 0 0 0 0 0 
 3 3 3 3 5 3 3 3 7 3 3 3 5 5 3 4 3 3 3 3 38 39 154 148 392 381 136 199 146 305 177 110 30 119 165 0 302 188 41 168 0 2 3 2 1 0 0 0 0 0 0 0 69 64 0 0 109 0 1 3 0 3 13 0 2 0 0 0 3 2 2 0 0 0 2 0 2 0 0 0 0 0 0 0 0 0 0 0 0 32 0 0 0 0 10 0 0 0 0 0 0 59 0 22 7 28 6 0 0 20 16 34 0 0 8 0 0 33 1 1 23 0 0 0 0 0 11 23 1 1 0 0 0 0 0 0 0 0 15 17 0 0 0 0 0 0 0 0 0 6 0 0 0 4 0 0 0 0 0 0 0 2 0 0 0 3 5 14 0 0 0 0 0 0 0 4 0 0 0 0 0 33 13 41 12 26 0 12 0 9 5 26 0 0 0 13 9 28 0 0 1 0 0 1 0 0 0 8 0 0 0 0 9 4 0 13 0 0 70 47 0 0 0 0 0 0 0 0 0 0 0 0 0 0 0 0 0 0 0 0 0 0 0 0 0 0 0 0 0 0 0 0 0 0 13 1 0 76 4 4 2 0 0 0 0 0 31 0 0 0 0 0 0 0 0 0 0 0 0 0 0 9 0 0 0 0 15 0 0 0 
 3 3 3 3 3 2 4 7 5 3 5 7 3 3 3 5 3 3 3 3 63 116 242 197 103 139 345 243 197 560 191 157 56 109 127 302 0 272 43 51 0 4 3 2 2 0 0 0 0 1 0 0 32 0 0 0 0 0 69 0 0 3 0 0 2 0 0 7 3 2 0 0 0 0 2 0 1 0 0 0 0 0 0 0 0 0 0 0 0 0 0 0 0 0 0 0 0 0 0 0 0 10 16 19 8 42 19 1 1 34 9 9 0 2 25 0 42 19 0 0 0 0 0 0 0 0 8 18 0 0 0 0 2 0 0 0 0 0 0 11 0 0 0 0 0 0 0 0 0 8 0 0 0 0 0 1 0 0 0 0 0 0 0 0 0 0 7 5 0 0 0 0 0 0 0 4 0 0 0 0 10 12 1 24 18 39 12 17 20 11 1 36 0 1 14 24 13 0 0 13 0 0 0 0 0 0 0 0 0 0 0 0 41 10 0 0 0 0 21 17 0 0 0 0 0 0 0 0 0 0 0 0 0 0 0 0 0 1 0 0 0 0 16 0 0 0 0 0 0 1 0 1 0 0 16 0 0 76 1 1 1 0 0 0 0 0 19 0 0 0 0 0 0 0 0 0 0 0 0 0 0 20 0 0 0 0 4 0 0 0 
 90 3 2 2 4 2 121 2 4 2 2 2 3 8 3 2 2 2 2 4 115 137 143 200 232 43 100 307 244 364 182 369 162 293 48 188 272 0 190 145 0 1 3 4 2 0 0 0 0 0 1 0 3 2 0 0 0 0 62 3 0 3 0 0 2 0 0 0 3 2 0 1 0 0 2 0 1 1 47 0 0 22 0 0 0 0 0 0 0 0 0 0 0 0 0 0 0 0 21 0 0 0 37 43 24 26 38 34 15 32 30 28 8 0 21 9 10 27 0 0 0 0 0 0 2 0 0 24 0 0 0 0 11 11 0 0 0 0 9 0 2 0 0 0 2 0 0 0 12 6 1 0 0 0 0 0 0 0 0 0 0 0 0 0 0 0 22 0 0 0 0 0 0 0 0 25 0 1 0 14 9 11 11 21 0 9 12 14 0 10 49 42 0 20 8 20 29 11 0 0 0 0 0 0 0 0 0 0 0 0 0 0 0 8 0 0 0 0 25 24 0 0 0 0 0 0 0 0 0 0 0 0 0 0 33 0 0 0 0 0 0 0 11 0 0 0 0 0 0 0 0 0 0 0 10 0 0 1 43 0 0 0 0 0 0 0 0 0 0 0 0 0 0 0 0 0 0 0 0 0 0 5 0 0 0 16 0 0 0 0 
 0 1 1 73 0 74 0 0 2 8 80 60 2 0 0 73 0 60 0 0 186 233 158 129 81 261 420 236 154 248 12 206 473 112 77 41 43 190 0 229 1 201 3 1 0 1 3 2 199 0 1 0 3 0 0 0 0 2 0 0 1 3 0 0 4 1 0 1 3 2 2 1 0 1 2 0 15 0 0 0 0 0 12 0 0 10 0 0 0 0 0 37 0 0 0 0 0 0 0 0 0 40 1 24 0 2 65 20 29 1 11 24 20 18 48 54 18 0 52 14 0 0 0 0 0 0 0 0 0 0 0 0 1 0 0 0 0 0 1 0 0 2 0 5 0 0 0 0 0 0 0 0 0 0 0 0 0 5 38 0 0 13 0 0 15 0 0 0 2 0 9 0 0 0 0 2 0 0 0 0 0 33 0 8 0 0 24 33 0 13 0 0 18 39 29 8 18 28 8 37 0 0 0 0 0 0 0 0 0 0 0 0 1 0 0 0 0 0 21 0 0 0 0 0 1 0 0 0 0 0 0 0 0 0 0 0 0 0 0 0 0 0 0 0 0 0 84 0 0 0 0 0 0 0 5 0 0 1 0 1 11 0 0 0 0 0 0 0 0 0 0 0 0 0 0 0 0 0 0 0 0 0 0 0 0 18 0 0 0 0 
 1 208 1 1 78 2 1 1 2 25 81 80 1 6 7 2 1 2 2 5 249 204 49 160 229 53 140 149 145 156 63 35 220 93 317 168 51 145 229 0 0 0 3 2 2 0 0 0 1 0 0 0 3 0 1 0 101 0 0 8 0 3 0 0 2 0 0 2 3 2 0 1 0 0 2 0 0 0 0 0 0 0 0 0 9 14 0 0 0 9 1 15 0 0 0 0 0 0 0 0 9 0 25 10 10 0 1 10 15 37 10 13 7 14 19 33 18 0 21 0 0 0 0 0 0 0 0 0 0 0 0 0 0 0 0 2 0 0 7 9 0 0 0 0 0 0 0 0 0 0 0 8 0 0 0 4 0 0 0 0 0 1 0 0 0 0 0 0 0 0 0 0 0 4 8 0 12 0 0 0 0 14 0 27 19 2 14 19 26 23 14 20 19 39 42 2 0 23 1 13 0 1 0 0 0 0 0 0 0 0 0 0 0 0 0 0 0 0 13 0 0 0 0 0 0 0 0 0 0 0 0 0 0 0 0 0 0 0 0 0 0 0 2 0 0 0 0 0 0 76 0 0 0 0 7 2 1 4 0 3 2 1 0 0 0 0 0 0 0 0 0 0 0 0 0 0 0 0 0 0 0 0 0 0 2 14 0 0 0 0 
 0 0 0 0 0 0 0 0 1 0 0 0 2 0 0 0 0 0 0 0 0 0 0 0 99 0 0 0 0 2 64 63 0 0 206 0 0 0 1 0 0 119 186 69 66 172 222 110 51 154 328 133 147 180 152 175 107 277 60 288 1 2 77 0 0 4 0 0 0 0 0 3 2 0 0 0 0 0 2 0 0 0 0 0 0 0 0 0 0 0 0 0 0 0 0 0 0 0 0 0 0 0 0 0 0 0 0 0 0 0 0 0 0 0 0 0 0 0 0 0 11 20 8 4 34 17 0 34 13 14 4 97 0 48 1 21 35 38 12 8 11 0 0 0 0 6 0 0 0 0 6 0 0 0 0 0 8 0 0 3 0 0 0 0 25 0 0 0 30 0 8 0 0 0 0 0 0 0 0 0 0 0 0 0 0 0 1 0 0 0 0 0 0 0 0 0 0 0 0 0 2 33 18 41 56 26 24 6 0 6 24 17 0 16 7 51 88 21 0 0 0 0 0 0 0 0 16 0 1 0 0 0 0 11 0 0 0 0 5 27 0 0 0 0 0 0 0 0 0 0 0 0 0 0 0 0 0 0 0 0 0 0 0 0 75 23 2 0 2 0 0 0 0 0 0 0 0 0 0 0 0 0 7 0 22 18 0 46 0 0 
 0 1 2 0 2 1 1 2 4 0 3 7 3 2 4 5 0 0 2 0 2 1 3 5 0 212 22 2 3 5 2 2 29 1 3 2 4 1 201 0 119 0 206 144 282 97 292 161 106 38 105 48 71 269 128 109 99 46 39 117 1 0 0 4 21 0 0 0 0 3 0 6 0 0 1 5 0 0 0 0 0 0 0 0 0 0 0 0 0 0 0 0 0 8 0 0 0 0 0 0 0 0 0 0 12 1 0 0 0 0 0 20 0 0 0 0 0 0 0 0 9 0 9 9 0 0 2 0 10 20 8 0 0 0 1 4 15 0 3 0 19 0 0 0 0 0 0 0 6 0 2 1 10 16 0 0 0 0 9 0 0 0 0 0 0 0 0 0 0 0 7 0 0 0 0 0 0 0 5 0 0 0 0 0 0 0 0 0 0 0 0 0 0 0 0 0 0 1 0 0 10 0 0 20 43 18 0 24 0 10 11 0 0 1 13 5 6 1 0 12 17 0 0 3 0 0 12 0 0 0 0 0 10 0 0 0 0 0 0 19 0 0 1 0 0 1 0 0 0 2 0 6 0 0 0 0 0 0 1 0 0 0 0 0 0 4 0 1 0 0 0 0 0 0 0 0 0 0 0 0 0 0 0 0 10 16 0 0 0 0 
 2 0 0 2 0 0 2 1 1 0 0 1 73 2 1 0 0 2 0 1 3 3 3 3 10 9 3 3 6 3 3 5 3 3 3 3 3 3 3 3 186 206 0 175 115 525 62 130 368 174 133 175 377 245 80 223 209 214 27 101 2 0 0 0 1 6 3 0 0 1 0 0 6 0 0 4 0 6 0 0 0 0 0 0 0 0 0 0 0 0 0 0 0 0 0 0 7 0 0 0 0 0 0 0 0 0 0 0 0 0 0 0 0 0 0 0 0 0 0 0 0 5 22 15 30 17 36 0 14 20 20 3 0 0 3 20 10 18 0 0 21 0 0 0 0 2 0 0 0 0 5 0 9 13 6 0 7 0 25 6 0 0 0 0 16 0 0 0 6 0 7 0 0 0 0 0 0 0 0 0 0 0 0 0 0 0 0 0 0 0 0 0 0 0 0 0 0 0 0 0 0 7 18 28 9 59 0 1 4 36 35 15 0 0 6 15 44 28 0 0 0 0 0 0 0 0 26 0 0 0 0 0 32 45 1 0 0 7 2 39 0 0 0 0 0 0 0 0 0 0 0 4 0 0 0 2 0 0 0 2 0 0 4 0 0 21 0 75 0 0 0 1 0 0 0 0 0 0 0 0 0 0 5 0 33 0 0 0 2 0 
 2 2 0 2 1 2 1 0 0 2 0 3 2 0 0 0 2 2 1 2 3 2 1 0 0 0 2 1 1 1 2 0 1 2 2 2 2 4 1 2 69 144 175 0 121 36 161 68 142 206 288 162 74 82 76 397 56 166 108 132 2 3 0 0 0 0 0 0 3 0 0 0 51 0 0 5 0 0 2 0 0 0 0 0 0 0 0 0 0 0 0 0 0 0 0 0 0 0 0 0 0 0 0 0 14 0 0 0 0 0 0 0 0 0 0 0 0 0 0 0 0 8 0 0 49 0 0 0 17 0 3 19 0 0 0 0 0 7 0 0 20 0 0 0 0 13 32 1 11 1 21 2 0 0 25 0 18 0 0 4 0 0 0 0 7 0 0 0 0 0 0 0 0 9 0 0 0 0 0 0 0 0 0 0 0 0 0 0 0 0 0 0 0 0 0 0 0 7 0 0 0 10 0 15 23 4 0 0 0 6 29 12 0 0 0 36 27 20 0 0 0 16 0 0 0 0 0 0 11 0 0 0 11 5 0 20 0 0 0 20 0 0 0 0 0 0 0 0 0 1 0 6 0 0 0 0 0 20 2 9 0 0 2 0 0 0 0 64 0 0 11 0 0 0 0 0 0 0 0 0 0 0 0 9 23 0 0 0 37 0 
 4 2 4 2 2 2 3 6 2 3 4 6 2 2 4 8 3 4 4 3 2 2 2 5 1 1 2 2 3 2 2 2 2 4 0 1 2 2 0 2 66 282 115 121 0 286 130 49 166 84 101 53 145 95 76 119 135 115 52 150 2 0 0 0 0 0 57 0 0 0 0 0 51 0 4 63 0 0 0 0 0 0 0 0 0 0 0 0 0 0 0 0 0 0 0 0 0 0 0 0 0 0 0 0 0 0 0 0 0 0 0 0 0 0 0 0 0 0 0 0 0 10 1 12 20 14 1 0 8 0 14 8 0 23 19 0 0 7 0 0 21 0 0 0 0 2 0 0 0 0 4 0 15 7 0 0 2 0 0 34 0 0 0 0 0 0 0 0 0 0 0 6 0 0 0 0 0 0 5 0 0 0 0 0 0 0 0 0 0 0 0 0 0 0 0 0 0 0 0 0 0 25 12 0 10 17 0 0 0 21 19 9 0 0 11 12 6 22 0 0 0 0 0 1 0 0 21 0 0 0 1 0 2 0 0 0 3 0 0 4 0 0 4 0 0 0 0 0 2 0 0 4 1 0 0 0 0 2 0 0 64 15 3 68 2 0 2 0 0 0 0 0 0 0 0 0 0 0 0 0 0 2 0 0 10 0 0 0 0 0 
 0 0 0 0 0 0 0 4 0 0 0 2 0 1 0 3 0 0 0 0 0 0 0 5 1 0 0 0 2 3 0 0 0 0 0 0 0 0 1 0 172 97 525 36 286 0 236 106 51 224 114 352 99 102 45 100 77 188 263 58 2 4 11 0 0 0 0 0 0 0 10 0 0 60 5 1 2 2 61 5 0 0 15 0 0 0 0 17 0 0 0 0 0 0 0 0 0 0 0 0 0 0 0 0 0 0 20 0 0 0 0 0 0 0 0 0 0 10 0 0 0 0 8 10 5 29 0 0 1 21 1 0 0 0 0 0 0 4 0 0 20 8 11 0 11 0 2 1 0 2 0 0 4 13 12 0 1 0 5 14 0 0 0 0 9 0 0 0 2 0 15 2 0 0 0 0 0 0 0 0 0 0 0 0 0 0 0 0 0 0 0 0 0 0 0 0 0 0 0 0 0 0 0 30 33 90 0 0 0 29 0 0 0 0 0 13 4 26 0 0 0 4 5 0 0 0 17 0 0 0 22 0 0 2 0 31 0 19 1 18 0 0 0 0 0 0 0 0 0 0 0 0 2 0 0 0 0 0 0 1 0 11 1 0 0 28 0 75 5 0 19 0 0 0 0 0 0 0 0 0 0 0 0 0 0 0 0 0 6 0 
 0 0 6 1 0 0 0 0 0 0 0 0 6 1 6 0 0 4 0 4 0 0 64 0 66 66 0 2 0 3 0 3 0 0 6 0 0 0 3 0 222 292 62 161 130 236 0 170 51 58 92 48 253 197 272 36 104 260 53 47 50 0 17 0 0 3 0 0 0 0 0 15 0 0 4 7 0 0 0 0 0 1 0 6 1 0 0 0 0 3 1 0 1 1 3 1 0 0 0 8 0 0 8 0 9 0 0 0 0 0 0 4 0 0 0 0 17 5 0 0 0 16 10 56 20 6 0 9 21 26 9 20 19 13 7 1 12 0 0 0 10 0 0 0 0 14 0 0 0 0 5 0 0 0 0 0 1 0 8 4 3 3 5 0 0 0 3 1 4 0 0 0 4 0 1 2 0 0 6 7 0 0 0 0 7 0 0 0 11 0 15 0 0 0 0 0 7 0 0 0 22 13 6 11 0 19 8 8 14 0 1 1 11 0 21 26 30 53 10 0 0 0 0 0 0 0 18 6 0 0 0 0 10 0 0 0 0 0 40 17 0 0 0 0 0 0 5 0 0 0 0 2 0 0 0 0 0 0 0 0 0 0 0 0 65 0 4 0 0 0 0 0 0 0 0 0 0 0 0 0 0 0 0 0 2 0 0 0 0 0 
 0 0 0 0 0 0 0 0 1 0 0 0 2 0 5 0 3 0 0 0 63 0 0 0 2 0 8 0 0 2 0 0 0 1 4 0 0 0 2 0 110 161 130 68 49 106 170 0 358 79 108 102 341 108 88 105 228 405 93 175 2 5 0 0 0 0 7 0 0 0 0 0 4 2 5 3 0 12 0 0 0 0 0 0 11 0 0 0 0 0 0 0 0 0 0 0 0 0 0 0 0 0 0 0 0 0 0 0 0 0 0 0 0 0 0 0 0 0 0 0 1 9 37 38 38 25 10 0 1 7 0 17 0 1 17 42 18 15 1 0 17 10 11 0 37 0 0 9 0 6 2 0 27 0 8 0 0 0 1 0 0 0 0 0 7 0 0 0 7 0 7 0 0 0 0 0 0 0 0 0 0 0 0 0 0 0 0 0 0 0 0 0 0 0 0 0 0 0 0 0 0 16 41 7 0 30 0 1 32 2 20 6 0 7 13 32 26 11 0 0 1 3 6 0 1 0 35 0 0 0 5 0 16 15 0 5 0 0 16 1 0 0 0 0 0 0 0 0 0 0 0 0 0 0 0 0 0 0 0 0 0 0 0 0 0 19 3 0 0 0 2 0 51 0 0 0 0 0 0 0 0 0 0 0 15 23 0 0 0 0 
 2 0 1 0 0 0 0 0 0 0 63 0 7 6 0 0 0 0 0 7 0 0 0 0 66 211 0 0 0 0 0 2 0 0 0 0 0 0 199 1 51 106 368 142 166 51 51 358 0 422 261 125 96 347 82 164 117 113 157 63 1 6 6 0 0 8 20 0 0 0 0 0 20 0 3 0 0 0 1 8 0 0 0 3 0 0 0 5 0 0 0 0 0 0 0 0 0 5 7 4 0 0 0 0 0 0 0 0 0 0 0 0 0 0 0 0 0 0 0 0 33 0 12 0 2 0 11 0 0 0 0 0 0 0 0 7 0 19 4 0 26 0 0 0 0 0 0 19 0 0 0 0 33 0 28 8 10 0 0 0 0 0 0 0 0 0 1 0 4 0 0 8 8 0 0 14 0 0 3 0 5 0 0 0 0 0 0 0 0 0 0 0 0 0 0 0 0 0 0 0 0 8 0 7 18 0 0 1 0 15 40 8 0 9 0 22 0 0 0 1 0 0 0 0 0 0 0 0 0 0 0 0 30 50 10 0 1 0 37 0 0 0 0 0 0 0 0 0 0 0 0 8 0 2 0 0 0 0 0 10 0 0 64 6 0 0 2 0 0 0 0 0 0 0 0 0 0 0 0 0 0 0 0 0 20 11 0 0 0 0 
 0 0 0 0 0 0 0 0 1 0 0 2 2 0 0 0 0 0 6 0 1 0 0 1 0 1 1 0 0 4 1 0 2 1 1 0 1 0 0 0 154 38 174 206 84 224 58 79 422 0 221 210 133 184 122 193 193 61 306 187 1 0 0 1 0 0 0 0 0 0 0 3 0 1 0 4 0 2 46 0 0 0 0 0 0 0 0 0 0 0 0 0 0 0 0 0 0 0 0 0 0 0 0 0 0 1 0 0 0 0 6 0 0 0 0 0 0 0 0 0 1 10 7 8 12 9 0 6 7 14 1 13 0 56 1 12 26 23 0 19 18 0 0 0 0 0 0 34 0 0 0 0 0 0 20 0 0 0 8 0 0 0 0 0 3 0 0 0 4 0 3 0 0 0 0 0 0 0 0 0 0 0 0 0 0 0 0 0 0 0 0 0 0 0 0 0 0 0 0 0 0 11 15 11 16 4 0 0 1 0 0 1 0 13 7 20 10 8 0 0 0 0 0 5 0 0 9 0 0 0 0 0 0 0 19 0 0 0 0 7 0 0 0 0 0 0 0 0 0 0 0 2 0 0 0 0 0 0 0 10 0 0 66 0 67 4 0 36 2 0 21 0 0 0 0 0 0 0 0 0 0 0 0 0 0 0 0 33 25 0 
 0 0 0 0 0 0 0 0 0 0 0 0 0 0 0 4 0 0 0 31 0 3 62 0 1 0 0 78 1 67 0 0 1 95 3 0 0 1 1 0 328 105 133 288 101 114 92 108 261 221 0 89 103 45 291 112 118 275 247 319 2 0 11 25 19 0 13 0 6 3 0 0 5 0 4 0 5 0 2 6 0 0 0 0 0 11 0 0 0 0 0 0 0 0 0 0 0 0 0 0 7 0 0 7 0 0 15 11 13 0 0 0 0 1 0 0 0 10 1 5 0 22 12 6 12 10 0 0 8 48 5 8 0 0 0 4 13 30 0 0 9 0 0 0 0 4 0 0 11 0 2 0 14 18 0 12 0 0 0 8 0 0 0 0 19 0 0 0 1 0 29 2 0 0 0 0 0 0 0 0 0 0 13 0 0 0 0 9 0 0 13 0 0 0 0 0 0 7 0 10 0 20 13 42 2 25 0 0 9 19 0 8 0 0 0 16 12 9 0 0 0 0 0 0 0 13 26 0 0 7 0 0 0 0 6 0 0 5 7 20 0 0 0 0 0 0 0 0 0 0 0 2 0 0 0 0 0 0 0 8 0 0 0 0 0 14 8 0 2 0 0 0 0 0 0 0 0 0 0 0 0 0 0 0 0 0 0 0 0 0 
 0 1 0 0 0 0 0 0 0 0 0 0 2 0 2 5 0 2 0 0 0 0 0 0 0 0 0 0 0 0 0 3 0 0 4 0 0 0 0 0 133 48 175 162 53 352 48 102 125 210 89 0 259 57 41 141 60 145 41 54 3 0 0 0 0 0 0 0 0 0 0 0 1 0 0 9 0 0 51 0 0 0 0 0 0 0 0 0 0 0 0 0 0 0 0 0 0 0 0 0 0 0 0 0 0 0 0 0 0 0 0 10 0 0 0 0 0 0 0 0 0 5 3 19 8 15 0 4 0 1 6 13 0 0 3 0 0 4 0 0 53 0 0 0 0 0 0 0 2 0 0 0 23 0 50 0 0 0 12 9 0 0 0 0 7 0 0 0 2 0 11 3 0 0 0 0 18 0 0 0 0 0 0 0 0 0 0 0 0 0 0 0 0 0 0 0 0 0 0 0 3 7 0 21 0 28 18 0 0 51 10 15 0 8 0 26 21 11 0 0 0 4 0 0 0 0 31 16 0 0 0 0 9 44 7 0 0 0 0 0 0 0 0 0 0 0 0 0 0 0 0 3 1 0 0 1 0 0 0 1 0 17 32 0 1 26 0 5 0 0 2 0 0 0 0 0 0 0 0 0 0 1 14 0 10 0 0 0 16 0 
 3 3 3 3 3 2 3 3 3 10 3 3 3 5 3 7 3 3 3 3 3 3 3 65 3 81 3 3 3 3 6 3 3 3 3 69 32 3 3 3 147 71 377 74 145 99 253 341 96 133 103 259 0 113 50 110 126 104 202 249 1 0 0 3 5 0 12 0 8 0 3 6 0 0 7 5 0 1 0 0 0 0 0 8 0 0 0 0 0 0 0 0 0 0 0 0 12 0 0 0 0 0 0 0 0 14 0 0 0 0 13 0 0 0 0 6 10 0 0 0 0 7 8 24 14 7 20 0 0 14 0 14 0 10 21 40 14 25 0 0 26 0 0 4 0 7 0 0 0 0 5 0 0 0 0 6 0 0 0 0 0 0 0 0 30 0 0 0 33 0 0 0 1 0 0 0 0 0 0 0 0 3 0 20 0 0 0 0 13 0 0 0 0 0 0 16 0 0 0 0 0 14 37 38 0 20 0 0 25 0 7 20 3 37 9 25 11 17 36 3 0 0 0 0 0 3 1 0 0 0 0 5 0 0 0 0 0 1 31 0 0 0 9 0 0 0 0 0 0 0 0 6 0 0 0 0 0 0 0 0 0 0 0 2 0 22 6 0 1 0 0 0 0 0 0 4 0 0 0 0 0 0 0 0 0 11 0 0 0 0 
 0 0 0 0 0 0 0 0 0 0 0 1 3 0 0 0 0 0 0 0 0 0 66 6 82 59 0 0 63 0 68 97 3 0 0 64 0 2 0 0 180 269 245 82 95 102 197 108 347 184 45 57 113 0 243 27 21 42 152 237 2 3 5 3 3 0 5 0 3 0 4 0 0 0 0 0 5 1 0 23 0 0 0 0 0 0 0 0 0 0 0 0 0 0 0 0 0 0 0 0 0 0 0 16 23 59 0 0 0 0 0 3 11 0 0 0 0 0 0 0 19 25 16 0 0 1 14 28 0 22 2 16 16 38 0 0 2 13 9 14 5 0 0 0 0 1 0 0 2 1 0 0 0 13 0 3 0 0 0 0 3 0 0 0 0 0 0 0 0 0 0 0 9 0 0 0 0 0 0 0 0 0 0 0 14 0 0 0 0 0 0 0 0 0 0 0 0 56 0 0 0 8 0 0 10 0 1 38 20 0 0 0 0 25 28 12 0 0 2 0 0 0 20 0 0 3 0 0 0 3 0 0 0 1 11 0 0 20 0 0 0 0 0 0 0 0 0 0 0 0 0 5 0 0 0 0 0 0 2 0 0 0 1 0 1 0 4 0 0 0 4 0 0 0 0 0 0 0 0 0 0 1 0 0 0 18 0 28 0 0 
 0 0 62 2 0 29 0 0 0 30 89 4 2 0 2 62 48 1 0 3 0 0 0 0 123 0 2 2 0 0 62 67 60 1 2 0 0 0 0 1 152 128 80 76 76 45 272 88 82 122 291 41 50 243 0 71 119 49 302 209 1 6 0 0 0 0 0 0 0 0 0 4 0 0 0 0 0 0 0 0 0 0 17 8 0 0 0 0 0 0 0 0 0 0 0 0 0 0 0 0 0 0 0 0 4 9 0 5 0 0 0 0 0 12 0 0 0 0 22 0 11 10 12 43 0 20 0 16 0 14 1 24 19 14 12 0 18 4 3 0 0 4 0 6 0 0 0 0 0 0 9 0 3 0 6 0 0 0 16 0 0 10 0 0 31 7 0 0 13 0 2 0 4 0 0 20 0 0 0 0 19 0 0 0 11 0 0 0 1 0 0 0 0 0 0 0 0 0 0 0 0 0 21 0 0 8 16 38 13 0 0 0 0 0 15 17 9 0 1 0 0 0 0 0 0 0 16 0 0 0 0 0 16 0 0 0 0 0 4 7 0 0 0 0 0 0 1 0 0 0 0 0 0 0 0 0 0 0 0 0 6 0 0 0 64 2 0 0 0 0 0 0 0 0 0 0 0 0 0 0 0 0 0 0 0 9 0 0 0 0 
 0 0 0 0 0 0 0 8 62 0 0 0 2 0 0 0 0 0 0 0 0 0 0 0 0 0 0 0 0 0 0 0 0 0 0 0 0 0 0 0 175 109 223 397 119 100 36 105 164 193 112 141 110 27 71 0 87 188 21 110 2 12 0 0 0 0 2 0 0 0 0 6 3 0 4 2 1 6 0 0 0 0 0 0 0 0 0 0 0 0 0 0 0 0 0 0 0 0 0 0 0 0 0 0 0 0 0 0 0 0 0 0 0 0 0 0 0 0 0 0 0 0 1 9 47 0 0 0 10 19 10 4 0 0 15 17 12 8 0 0 34 5 6 0 6 6 0 0 0 3 2 0 22 13 13 0 20 0 7 5 0 0 0 0 1 0 12 0 10 0 0 0 0 0 0 0 0 0 0 0 0 0 0 0 0 0 0 0 0 0 0 0 0 0 0 0 7 0 0 0 0 15 8 51 11 38 0 0 0 19 27 20 0 1 0 5 19 23 0 6 0 8 4 0 0 0 0 6 0 0 4 0 39 39 0 4 0 0 0 31 0 0 0 0 0 0 0 0 0 0 0 4 0 1 0 0 0 0 0 1 0 0 1 0 0 11 0 71 0 0 0 0 0 0 0 0 0 0 0 0 0 0 0 0 20 0 0 0 2 0 
 0 68 0 62 0 0 0 16 0 0 0 6 0 0 36 4 4 0 0 0 0 0 0 5 1 0 0 0 3 0 0 0 0 0 0 109 0 0 0 101 107 99 209 56 135 77 104 228 117 193 118 60 126 21 119 87 0 203 95 45 1 1 0 1 0 0 7 0 0 0 0 0 0 0 4 0 0 0 51 206 0 0 26 0 0 5 0 0 2 0 0 0 0 0 0 0 4 0 0 10 4 0 0 0 0 0 0 0 0 0 0 0 0 0 0 0 1 0 0 4 0 1 36 15 14 56 0 0 0 2 1 19 0 16 48 36 56 20 0 0 0 0 0 0 0 0 0 0 0 0 0 0 0 0 0 0 0 0 14 0 0 0 0 0 7 0 0 0 4 0 0 8 0 0 0 0 5 0 0 0 0 0 0 0 0 0 0 0 0 0 0 0 0 0 0 0 0 0 0 0 0 1 38 10 1 43 0 15 0 41 9 24 0 18 3 0 13 20 0 3 0 0 0 0 0 0 30 0 0 0 0 1 26 11 5 0 0 0 31 0 0 0 6 0 0 0 0 0 0 0 0 2 0 0 0 0 0 0 0 0 0 1 30 0 3 11 0 0 0 0 0 0 0 0 0 0 0 0 0 0 0 2 0 0 1 18 0 0 0 0 
 2 0 0 0 0 0 0 0 2 0 0 0 2 0 4 3 0 0 0 0 0 0 0 0 2 0 0 0 0 2 0 0 59 0 4 0 0 0 2 0 277 46 214 166 115 188 260 405 113 61 275 145 104 42 49 188 203 0 42 187 2 0 3 5 7 1 7 0 3 2 1 0 2 7 0 0 5 3 1 3 0 0 0 0 9 0 0 0 0 0 0 0 0 0 0 0 0 0 0 0 0 0 0 0 0 0 0 0 0 0 0 0 0 0 0 0 0 0 0 0 0 0 19 73 48 10 0 0 19 22 23 13 0 0 0 15 17 18 0 0 23 0 0 0 0 3 0 0 23 0 2 0 9 13 0 5 4 0 15 1 0 0 0 0 4 0 0 0 4 0 8 0 0 0 0 0 22 0 0 0 0 0 0 0 0 0 0 0 0 0 0 0 0 0 0 0 0 0 0 0 0 0 36 32 16 37 0 0 0 29 27 11 0 0 0 11 43 19 0 0 0 0 0 0 0 5 30 0 0 13 0 0 27 11 5 0 0 7 39 30 0 0 0 0 0 0 0 0 0 0 0 2 0 0 0 0 0 0 0 8 0 0 3 2 3 4 5 17 0 0 0 0 0 0 0 3 0 0 0 0 0 0 0 0 16 0 0 0 0 0 
 0 5 0 0 4 0 0 0 1 4 4 0 3 0 0 5 0 0 0 0 0 28 62 125 61 61 0 0 87 122 7 124 0 1 2 1 69 62 0 0 60 39 27 108 52 263 53 93 157 306 247 41 202 152 302 21 95 42 0 97 2 0 0 0 0 0 6 0 0 0 0 0 0 0 7 0 0 0 0 0 0 0 0 0 0 0 0 0 0 0 0 0 0 0 0 0 0 0 0 0 3 0 0 0 0 0 0 4 0 6 0 1 21 0 0 0 0 15 0 5 0 0 16 10 11 9 29 10 38 0 12 0 19 8 10 10 0 4 8 8 0 0 0 17 0 0 0 0 0 3 0 0 0 0 0 1 0 0 0 0 0 0 0 0 0 48 1 6 0 0 17 7 0 0 0 0 6 0 0 4 0 0 0 0 49 51 0 0 0 10 7 0 0 0 0 8 0 27 0 0 20 11 10 0 0 0 22 0 6 0 0 0 21 42 7 2 0 16 10 0 0 0 0 0 0 0 0 0 0 0 0 0 0 0 0 0 0 5 5 0 0 0 0 0 0 0 0 0 0 0 0 0 0 0 0 0 0 63 0 0 0 0 4 0 0 0 0 0 0 0 0 0 0 0 0 2 0 0 0 0 0 9 0 0 0 8 0 10 1 0 
 0 0 0 0 0 9 0 0 1 0 0 1 0 0 0 0 0 0 0 3 0 1 2 11 4 1 3 0 0 0 25 95 3 3 1 3 0 3 0 8 288 117 101 132 150 58 47 175 63 187 319 54 249 237 209 110 45 187 97 0 1 0 0 0 0 12 0 0 3 0 0 22 4 3 0 0 1 3 5 0 0 0 0 0 0 0 0 0 0 0 0 0 0 0 0 0 0 0 0 0 0 0 0 0 0 0 0 0 0 0 0 0 0 0 0 0 0 0 0 0 8 8 0 8 9 0 0 15 22 11 14 9 7 8 14 40 12 1 10 0 3 0 0 0 0 2 0 0 0 0 5 0 0 0 0 0 0 0 0 2 0 0 0 0 1 0 0 0 12 0 0 0 0 0 0 0 0 0 0 0 0 0 0 0 11 1 0 0 0 0 0 0 0 0 0 0 0 0 0 0 15 23 9 25 0 20 39 15 6 0 0 11 0 20 0 19 47 56 0 3 0 0 0 0 0 0 0 0 0 11 0 0 0 0 0 0 0 0 12 11 0 0 0 0 0 0 0 0 0 0 0 5 0 0 0 0 0 0 0 0 0 0 0 0 1 14 0 0 2 0 0 0 0 0 0 0 0 10 0 0 0 0 0 0 2 0 0 11 0 0 
 0 0 0 0 0 0 0 0 0 0 0 0 0 0 3 0 0 0 0 0 0 0 51 0 2 48 0 2 0 10 1 1 0 0 2 0 0 0 1 0 1 1 2 2 2 2 50 2 1 1 2 3 1 2 1 2 1 2 2 1 0 172 81 101 51 24 119 335 88 312 28 42 53 47 162 253 47 50 110 100 0 0 0 0 0 0 0 0 0 0 0 0 0 0 0 0 0 0 0 0 0 0 10 0 0 0 0 0 0 0 0 0 0 0 0 0 32 61 0 0 0 8 0 0 11 12 0 0 0 0 0 0 8 0 0 0 0 0 11 0 0 0 0 0 0 0 34 12 21 41 0 1 0 10 0 0 30 13 0 10 0 0 0 0 0 0 0 0 0 0 0 0 0 0 0 8 0 0 0 0 0 0 0 0 0 0 0 0 0 0 9 0 0 0 0 0 0 0 0 0 16 0 0 0 7 0 0 0 10 0 0 0 12 0 8 0 9 0 0 0 13 9 19 0 10 8 7 22 21 9 0 2 17 1 23 0 22 1 9 1 0 0 0 0 0 0 0 0 0 0 0 0 0 0 13 0 0 0 0 0 0 0 0 67 0 0 2 1 0 0 7 0 0 33 1 0 0 0 0 0 0 0 0 0 0 1 0 0 0 0 
