 0 136 193 146 459 68 138 151 76 165 180 26 68 276 203 135 152 158 265 241 1 0 4 0 0 0 0 0 2 6 0 0 1 0 0 3 0 0 95 0 0 0 0 0 0 0 0 0 2 0 0 0 59 3 0 2 0 0 0 0 0 2 0 2 0 0 0 0 3 1 0 0 0 2 0 3 0 0 0 0 1 2 18 23 0 30 0 57 12 22 0 30 0 0 0 20 8 41 11 1 0 0 0 0 0 0 10 0 0 0 0 7 0 2 0 0 0 1 14 0 1 0 0 0 0 0 0 0 23 0 0 0 0 15 2 0 0 0 0 0 0 0 0 0 0 0 0 0 0 0 0 0 0 0 0 0 13 0 0 0 17 13 0 14 0 14 27 24 37 0 30 0 0 26 25 25 16 14 0 17 0 0 0 0 0 0 1 1 2 0 0 0 35 14 0 0 0 0 23 0 0 0 0 0 15 0 0 0 0 0 0 0 0 0 0 0 0 0 0 0 14 0 0 0 0 0 0 0 0 0 0 0 0 0 0 0 0 0 0 0 0 13 0 0 0 1 91 0 2 87 15 10 14 0 0 0 0 0 0 0 0 0 14 0 0 0 0 0 0 0 0 0 0 0 0 19 0 0 0 0 0 0 0 0 0 0 0 0 0 0 
 136 0 187 116 48 24 333 72 172 47 203 40 89 234 158 129 121 27 121 150 0 0 3 0 0 0 0 0 2 5 2 0 0 0 2 3 0 0 3 2 0 0 0 3 3 0 0 0 2 0 2 0 0 3 0 1 0 0 1 0 7 2 3 2 0 0 0 0 2 0 0 1 0 3 0 2 0 0 0 2 18 30 33 27 13 14 27 0 36 21 5 0 0 6 32 33 20 0 1 43 0 0 0 0 0 0 0 0 0 0 0 0 0 23 0 0 0 4 2 0 0 0 0 0 0 0 0 0 0 2 0 0 0 0 0 0 0 0 0 0 0 0 0 0 0 1 0 0 0 0 0 0 0 0 0 0 0 0 0 0 12 0 19 36 0 0 31 21 5 0 0 9 0 7 22 11 0 9 9 30 0 0 0 0 0 0 0 0 0 0 0 0 0 0 0 0 0 0 0 0 0 0 0 0 19 0 0 0 0 0 0 0 0 0 0 0 0 0 0 0 0 0 1 0 0 0 0 1 0 0 0 0 0 0 2 0 0 0 0 0 0 0 0 0 0 1 94 0 1 0 0 8 0 0 0 0 0 0 0 1 0 0 0 0 0 0 0 0 0 0 0 0 0 0 0 0 0 0 0 0 0 0 0 0 0 0 0 0 0 0 
 193 187 0 168 266 36 408 125 172 182 34 507 87 223 279 277 82 287 56 40 2 76 3 79 0 0 159 0 2 3 0 0 1 0 0 5 0 0 78 77 0 0 0 0 0 0 0 0 2 0 0 0 0 3 0 0 0 0 1 0 0 2 0 2 0 55 0 0 2 0 0 0 0 2 0 1 0 0 0 0 0 9 13 2 27 30 53 15 14 27 11 1 0 0 9 44 42 35 0 0 0 0 0 0 0 0 0 0 0 0 0 0 44 0 16 0 1 0 0 4 0 0 0 0 0 0 0 0 0 0 0 0 0 0 28 0 0 0 0 0 0 0 0 1 0 0 0 0 0 0 5 0 0 0 0 0 0 0 0 0 10 0 0 19 0 13 0 0 15 21 26 5 0 22 0 1 7 10 0 0 2 0 0 0 0 0 0 0 0 0 0 0 30 13 21 2 1 1 11 0 0 0 0 0 0 0 0 0 0 0 2 0 0 0 0 0 0 0 0 0 0 0 0 0 0 2 0 0 0 0 0 0 0 2 0 0 0 0 0 0 0 44 0 0 0 2 7 0 0 1 2 2 0 0 0 0 0 0 0 0 0 0 2 0 0 0 0 0 0 0 0 0 0 0 0 0 14 0 0 0 0 0 0 0 0 0 0 0 0 0 
 146 116 168 0 108 475 307 159 83 691 242 152 145 73 170 199 260 378 73 234 0 0 3 0 2 1 81 1 2 3 0 0 75 0 0 5 1 207 75 92 0 0 0 0 0 0 0 0 2 0 0 0 0 3 0 0 0 6 0 0 3 2 0 2 0 0 0 2 2 0 0 5 0 2 0 2 0 0 0 0 21 0 10 21 69 0 5 12 18 64 15 19 0 8 0 4 1 28 0 0 0 13 0 1 0 0 7 0 0 0 2 0 37 0 17 0 33 1 0 10 0 0 0 0 0 0 0 0 18 0 0 0 21 0 0 0 0 0 0 0 0 0 0 0 0 0 0 0 0 0 6 0 0 0 1 0 0 1 15 0 17 0 0 3 2 36 10 7 0 18 3 0 0 29 38 20 25 46 0 0 0 5 0 0 0 0 0 0 26 0 0 0 0 0 21 17 15 11 10 16 0 0 0 0 0 0 11 0 0 0 0 0 0 0 1 0 0 0 0 0 0 0 0 2 0 11 0 0 0 1 0 0 0 0 0 0 0 0 0 0 0 0 0 0 2 0 0 0 1 93 0 3 0 0 0 0 0 0 0 0 0 0 16 0 0 0 2 0 0 0 0 0 0 0 0 0 27 0 0 0 0 0 0 0 0 0 0 38 0 0 
 459 48 266 108 0 117 482 271 74 87 195 140 285 73 85 161 384 389 188 81 76 0 33 0 0 0 65 90 76 3 0 0 75 74 5 102 19 0 62 75 0 0 0 0 0 0 0 0 2 0 0 0 0 3 0 2 0 0 0 0 0 2 0 2 0 0 0 0 3 0 0 0 0 3 0 3 0 0 0 2 0 1 0 12 25 20 0 1 0 0 4 13 0 0 0 0 10 10 0 10 2 0 9 0 1 0 6 0 0 14 0 0 0 10 14 9 14 8 17 15 2 0 0 0 0 0 0 0 0 12 0 0 0 0 1 10 0 0 0 0 0 5 0 0 0 0 0 0 0 0 0 0 0 0 0 0 0 0 0 0 1 15 0 1 0 11 0 6 21 1 10 0 0 0 0 10 11 0 1 0 31 9 0 0 0 0 30 3 91 0 0 0 34 46 16 14 22 11 25 17 0 0 0 0 0 0 1 0 0 0 0 0 0 0 0 0 0 0 0 1 0 0 0 0 0 0 0 0 0 0 0 0 0 0 0 0 0 0 0 15 0 16 0 0 0 0 86 3 3 2 13 9 0 0 0 0 0 0 0 0 0 12 16 0 0 0 1 0 0 0 0 0 0 0 0 2 1 0 0 0 0 0 0 0 0 0 16 0 0 0 
 68 24 36 475 117 0 35 23 62 357 90 44 34 58 64 63 277 89 40 36 24 0 3 0 0 0 0 1 96 6 0 0 1 226 99 139 66 65 77 154 0 0 0 10 2 3 0 0 2 3 0 0 0 3 0 2 0 0 1 0 0 2 0 2 0 4 3 0 2 2 0 0 41 2 2 2 0 0 0 4 0 0 2 0 0 18 0 18 18 0 12 6 0 0 0 10 10 0 0 25 13 19 25 11 1 0 3 40 10 0 24 0 11 17 19 21 0 20 17 11 1 0 0 2 0 0 2 1 0 0 0 0 3 3 0 0 0 0 1 1 0 2 2 1 0 0 0 0 3 3 1 0 0 0 1 2 0 0 0 0 0 10 17 0 13 1 0 0 0 2 0 13 0 0 0 0 0 16 0 0 50 22 23 0 0 0 17 34 17 7 0 10 0 44 0 13 26 0 0 10 0 0 0 0 0 0 0 0 0 0 9 0 0 0 0 0 0 0 3 0 0 0 0 0 0 0 0 0 0 0 0 0 0 6 0 2 0 0 0 0 0 0 38 0 0 0 1 0 0 0 0 10 0 0 0 0 0 0 0 0 1 0 0 0 0 2 9 0 0 0 0 0 0 0 0 19 0 14 0 0 0 0 0 0 0 18 13 0 0 0 
 138 333 408 307 482 35 0 245 146 50 208 43 205 119 124 49 52 293 269 267 2 2 4 2 0 2 2 5 2 5 0 2 2 0 0 3 0 0 0 0 0 0 0 0 0 5 0 0 2 0 0 0 0 3 0 0 0 0 2 0 2 7 0 2 0 0 0 3 3 4 0 3 0 3 0 3 0 0 0 0 13 13 0 10 0 0 14 21 0 11 0 0 10 10 0 0 10 0 22 1 0 0 0 0 0 0 0 0 0 0 0 0 0 0 0 0 0 0 0 0 2 0 0 0 0 0 0 0 0 0 0 0 0 0 1 0 0 0 0 0 0 0 0 0 0 0 0 0 0 0 14 0 0 0 0 0 0 0 0 0 36 0 7 8 0 0 47 24 10 0 0 7 0 9 32 12 1 11 1 18 0 2 0 0 0 0 0 2 1 15 0 0 0 0 0 0 0 0 0 0 0 0 0 0 18 0 0 0 0 0 0 0 0 0 0 0 0 0 0 0 0 0 0 0 0 0 0 0 0 0 0 0 0 0 0 0 0 0 0 14 0 0 0 0 0 0 88 0 4 0 0 8 0 0 0 0 0 0 0 0 0 0 0 0 0 0 0 0 0 1 0 0 0 1 0 0 0 0 0 0 0 0 0 0 0 0 0 0 0 0 
 151 72 125 159 271 23 245 0 458 82 238 269 349 297 211 150 252 39 97 154 0 0 3 0 0 0 0 0 2 5 0 0 0 0 0 3 0 0 0 0 0 0 0 0 0 0 0 0 2 0 0 0 0 3 0 69 0 0 0 0 0 2 0 2 0 0 0 0 2 0 0 0 0 2 0 2 0 0 0 0 10 22 10 0 0 0 24 7 31 18 0 41 0 0 25 33 16 29 9 9 0 2 0 6 0 0 10 0 0 0 0 0 0 0 0 0 0 0 14 0 0 0 0 0 0 0 0 0 0 0 2 0 0 0 0 0 0 0 0 0 0 0 0 0 0 0 0 7 0 0 0 0 0 0 0 0 0 0 0 0 34 9 0 19 0 0 11 9 0 0 14 8 0 14 0 14 13 48 12 0 0 0 0 0 0 0 0 0 0 0 0 0 7 0 0 0 0 0 17 0 2 0 0 0 2 0 0 0 0 0 0 0 0 0 0 0 0 0 2 0 17 0 0 0 2 19 0 0 0 0 0 0 0 0 0 0 0 0 0 0 0 0 0 0 0 1 0 0 2 87 0 23 13 0 0 0 0 0 0 0 0 0 0 0 0 0 0 0 0 0 0 0 0 0 0 12 0 0 0 0 0 0 0 0 0 0 0 0 0 0 
 76 172 172 83 74 62 146 458 0 95 132 30 333 319 489 275 124 132 93 247 0 0 3 0 0 0 0 0 5 5 0 0 0 208 0 3 2 0 2 0 2 3 0 0 0 0 0 0 2 0 0 0 3 3 0 3 0 0 59 0 0 3 0 3 0 0 0 0 2 41 0 0 0 2 0 1 0 0 0 0 29 12 70 11 10 34 31 48 50 11 5 21 0 58 13 39 18 0 11 14 0 0 0 0 0 0 0 0 0 0 0 0 0 2 0 0 0 0 0 0 0 0 0 0 0 0 0 0 0 2 0 0 6 0 0 0 0 0 0 0 0 0 0 0 0 1 0 0 0 0 0 0 0 0 15 0 0 0 0 0 10 12 17 9 54 0 1 0 0 11 0 14 0 1 13 1 0 11 8 11 0 0 0 0 0 0 0 0 0 0 0 0 25 0 0 0 0 0 0 0 0 0 0 0 0 0 0 0 0 0 0 0 0 0 0 0 0 0 0 0 0 0 0 0 0 0 0 0 0 0 0 0 0 0 0 0 0 0 0 0 0 0 0 0 0 0 2 2 3 0 0 8 16 0 0 0 0 0 0 0 0 0 0 0 0 0 0 0 0 0 0 0 0 0 0 14 0 17 0 0 0 0 0 0 0 0 0 0 0 0 
 165 47 182 691 87 357 50 82 95 0 303 136 62 79 181 279 87 84 89 121 0 0 76 1 0 0 132 0 79 2 0 0 43 0 0 4 6 0 62 77 0 0 0 0 0 0 0 0 2 0 0 0 0 3 4 2 0 0 2 0 0 3 0 2 0 0 0 0 3 0 0 5 0 3 0 57 0 0 0 0 59 0 24 2 1 0 0 10 20 28 0 24 0 1 30 55 14 22 0 45 2 0 0 0 0 0 11 0 0 0 0 0 33 15 0 0 9 0 2 15 0 0 0 0 0 0 0 0 19 2 0 0 0 0 0 0 0 0 0 0 0 0 0 0 0 0 0 0 0 0 0 0 0 0 0 0 0 0 0 0 33 9 15 27 0 11 3 19 23 40 42 1 0 29 13 28 23 41 0 0 16 0 0 0 0 0 0 0 1 1 30 0 0 1 18 0 0 0 1 0 16 0 0 0 0 0 0 0 0 0 0 0 0 0 0 0 0 0 0 0 0 0 0 0 0 0 0 0 0 10 0 0 0 0 2 0 0 0 0 0 0 0 0 0 0 2 1 1 2 87 12 7 0 0 0 0 0 0 0 0 0 0 21 0 0 0 0 0 0 0 0 0 0 0 0 11 23 1 0 0 0 0 0 0 0 0 0 0 0 32 
 180 203 34 242 195 90 208 238 132 303 0 124 121 236 88 630 143 156 266 85 76 0 79 0 0 0 60 2 2 4 0 0 74 0 0 6 3 0 1 152 0 0 0 0 54 0 0 0 2 0 0 0 0 3 0 2 0 0 59 0 0 2 0 15 0 0 0 0 3 0 45 2 0 3 0 3 0 0 0 0 14 0 0 16 20 27 17 8 11 14 71 31 0 20 0 0 7 24 0 13 0 12 0 0 2 0 0 0 0 0 0 0 0 0 3 0 10 0 17 20 0 3 0 0 0 0 0 0 0 0 0 0 0 0 0 0 0 0 0 0 0 0 0 1 0 0 0 0 0 0 0 0 0 0 0 0 0 0 0 0 19 0 0 18 35 7 10 0 27 0 11 0 0 28 11 20 11 39 5 10 1 8 15 0 0 0 10 0 0 0 0 0 1 1 11 0 0 1 16 0 0 1 0 0 0 0 0 0 0 0 0 0 0 0 0 0 0 0 0 0 15 0 0 0 0 2 0 0 0 0 0 0 0 0 0 0 0 0 0 0 0 10 0 0 0 83 48 0 86 88 0 12 14 0 0 0 0 0 0 0 0 0 13 0 0 0 0 0 0 0 0 0 0 0 0 0 0 0 0 0 0 0 0 0 0 0 0 0 0 0 
 26 40 507 152 140 44 43 269 30 136 124 0 41 39 52 448 167 257 69 26 4 0 3 0 0 0 93 2 2 3 0 0 45 0 0 3 0 2 81 76 0 0 97 0 0 0 0 0 2 0 0 0 0 3 0 2 0 0 1 0 0 2 0 2 0 0 0 0 2 0 0 6 0 2 0 1 0 0 0 0 0 0 0 4 14 18 0 1 0 27 0 46 2 0 0 1 14 27 0 8 0 0 0 0 0 0 14 0 0 0 0 0 47 8 11 0 10 0 44 16 0 0 0 0 2 0 0 0 0 0 16 0 0 2 0 1 0 0 0 0 0 0 8 0 0 0 0 0 0 0 2 0 0 0 0 0 1 0 0 0 0 22 1 16 31 13 0 0 26 9 24 1 0 0 0 70 15 25 0 0 12 2 0 1 0 0 0 0 0 0 0 0 44 23 20 1 0 0 12 0 0 0 0 0 2 0 0 0 0 0 0 2 0 2 0 0 0 2 0 0 0 0 0 0 0 0 0 0 0 0 0 0 0 0 0 1 0 0 0 0 0 14 0 0 0 0 2 0 0 176 0 13 0 0 0 0 0 0 0 0 0 0 0 0 0 0 0 0 0 0 0 0 0 0 1 15 0 0 0 0 0 0 0 0 0 0 0 0 0 0 
 68 89 87 145 285 34 205 349 333 62 121 41 0 120 263 115 125 269 191 146 36 0 3 0 0 0 0 0 2 5 0 0 0 0 0 3 0 0 0 0 0 0 0 0 0 1 0 0 2 0 0 0 0 3 0 1 0 0 0 0 0 2 0 2 0 0 0 0 3 0 0 0 0 3 0 3 0 0 0 0 0 22 25 8 0 15 33 18 12 0 17 0 31 0 17 0 1 0 0 37 0 0 0 0 0 0 0 0 0 0 0 0 0 0 0 0 0 0 0 0 0 0 0 0 2 0 0 0 0 0 0 0 0 2 0 0 0 0 0 0 2 0 0 0 0 17 0 0 0 2 0 6 0 0 0 0 17 0 0 0 10 0 0 0 0 2 9 9 0 1 0 0 0 0 20 0 0 0 37 0 0 0 0 0 0 0 0 0 0 0 0 0 0 2 0 0 0 0 0 0 0 0 0 0 2 0 0 0 0 0 0 2 0 0 0 0 0 0 0 0 0 0 0 0 0 9 0 0 0 0 0 0 0 0 0 0 0 0 1 0 0 0 0 0 0 1 0 0 2 0 0 9 0 0 0 0 0 0 0 0 0 0 0 0 0 1 0 0 0 0 0 0 0 0 0 0 0 0 0 0 0 0 0 15 0 0 0 0 0 0 
 276 234 223 73 73 58 119 297 319 79 236 39 120 0 286 221 134 47 82 151 0 0 3 0 0 3 1 0 3 8 2 0 1 0 1 7 5 0 3 4 0 2 1 0 0 0 0 0 2 0 0 3 3 3 3 1 0 0 28 0 1 2 0 2 0 0 0 0 3 3 0 0 2 7 0 3 0 0 1 0 2 15 22 10 19 12 3 20 1 23 9 1 1 7 0 17 8 37 11 72 0 0 0 0 0 0 0 0 0 0 0 0 0 0 0 0 0 0 1 1 0 0 0 0 1 0 0 0 0 0 0 0 0 1 0 1 0 0 1 0 0 0 0 1 0 0 0 0 0 0 0 0 0 0 24 0 2 0 0 0 14 0 32 65 2 0 6 11 13 2 0 10 6 5 25 12 0 12 1 27 0 0 0 2 0 1 0 0 0 0 0 0 12 1 0 0 0 0 19 0 0 0 1 0 22 0 0 0 0 15 0 0 0 0 0 0 0 0 0 0 13 0 0 0 0 0 0 0 0 0 0 0 0 0 0 0 0 0 2 0 0 0 0 0 0 1 88 0 0 1 2 4 0 0 0 0 0 0 0 0 0 0 0 0 0 0 0 0 0 0 0 0 0 0 0 0 0 0 0 0 0 0 0 0 0 0 0 0 0 0 
 203 158 279 170 85 64 124 211 489 181 88 52 263 286 0 513 41 244 90 91 0 0 2 0 2 0 3 2 5 3 0 0 0 208 0 77 2 0 0 0 0 0 0 0 0 0 0 0 2 0 0 0 0 3 0 2 0 0 64 0 0 3 33 2 0 0 0 0 3 0 0 0 0 3 0 3 0 0 0 0 27 9 13 0 0 5 21 90 62 19 0 34 0 26 25 27 51 27 8 12 0 0 0 0 0 0 10 0 0 0 0 0 7 0 0 0 0 0 22 0 0 0 0 0 0 0 0 0 0 2 0 0 0 0 0 0 0 0 0 0 0 0 0 0 0 0 0 0 0 0 0 0 0 0 0 0 0 0 0 0 24 10 0 19 16 0 16 7 0 14 0 15 0 14 0 17 9 25 0 0 0 0 0 0 0 0 0 0 0 0 0 0 10 0 0 0 0 0 18 0 0 0 0 0 0 0 0 0 0 0 0 0 0 0 0 0 12 0 0 0 14 0 0 0 0 0 0 0 0 0 0 0 0 0 2 0 0 0 0 0 0 0 0 0 0 3 1 0 0 91 0 0 11 0 0 0 0 0 0 0 0 0 0 0 0 2 0 0 0 0 0 0 0 0 0 13 0 15 0 0 0 0 0 0 0 0 0 0 0 0 
 135 129 277 199 161 63 49 150 275 279 630 448 115 221 513 0 236 305 258 199 2 0 3 2 3 3 0 0 2 7 0 0 156 2 1 7 91 3 78 39 0 2 0 0 0 0 0 0 2 0 2 0 0 3 2 2 0 0 29 0 0 2 0 25 0 0 3 0 2 0 0 8 0 2 0 0 1 0 0 0 13 0 0 26 1 0 16 8 14 0 33 43 0 25 0 0 7 43 0 14 0 9 0 0 0 0 0 0 0 0 0 0 16 15 0 0 17 0 0 23 0 0 0 0 0 0 0 0 0 0 0 0 0 0 0 0 0 0 0 0 0 0 0 0 0 0 0 0 0 0 0 1 0 2 0 0 0 0 0 0 9 18 0 11 20 1 10 0 20 28 10 0 0 9 0 34 33 31 5 0 0 9 0 0 0 0 0 0 0 0 0 0 12 0 0 2 0 0 20 0 0 0 0 0 0 0 0 0 0 0 0 0 0 0 1 0 0 0 0 0 15 14 0 1 0 0 15 0 0 1 0 0 0 0 0 0 0 0 0 0 0 0 0 0 2 6 118 0 3 12 0 109 0 0 0 0 0 0 0 0 0 0 13 0 0 0 2 0 0 0 0 0 0 0 0 0 0 1 0 0 0 0 0 0 0 0 0 0 0 0 
 152 121 82 260 384 277 52 252 124 87 143 167 125 134 41 236 0 373 39 92 0 31 26 0 0 22 73 0 4 4 0 0 0 0 0 3 74 0 39 73 0 0 0 0 0 0 0 0 2 0 0 0 0 3 0 2 39 1 1 0 0 2 0 43 0 0 0 0 2 0 0 0 0 2 0 2 1 0 0 0 0 0 0 18 12 13 15 8 1 0 18 11 0 2 0 0 7 47 0 14 0 8 0 0 0 10 0 0 0 1 0 1 17 8 15 1 8 0 0 0 0 0 0 0 0 0 0 0 1 0 0 7 0 0 1 0 1 2 0 0 0 0 0 0 0 0 0 0 0 0 5 0 0 0 0 0 0 0 0 0 16 14 0 0 0 10 11 9 23 0 26 14 0 15 1 42 11 15 4 0 1 0 0 0 0 0 2 2 1 0 0 0 11 0 0 1 1 0 22 0 0 0 0 0 0 0 2 0 0 0 0 0 0 0 0 0 0 0 0 1 21 0 0 0 0 0 0 0 0 0 0 0 0 0 0 0 0 0 0 0 0 10 0 0 0 2 1 0 1 0 13 10 0 0 0 0 0 1 0 0 0 0 11 0 0 0 0 0 0 0 0 0 0 0 0 0 0 0 0 0 0 0 0 0 0 0 0 0 0 0 
 158 27 287 378 389 89 293 39 132 84 156 257 269 47 244 305 373 0 39 40 2 0 3 0 0 0 16 5 2 3 0 0 84 0 0 3 0 2 111 3 1 0 0 2 0 0 0 0 2 0 0 2 0 4 3 6 0 1 0 0 0 2 0 9 0 0 0 0 3 27 0 0 0 3 0 3 0 0 0 0 0 0 18 9 0 17 0 15 1 27 0 26 0 0 0 18 11 39 9 0 0 2 0 0 0 0 0 0 0 0 0 0 9 8 0 0 0 0 0 22 0 0 0 2 0 0 0 0 0 0 0 0 0 0 0 0 0 0 0 0 0 0 0 0 0 0 0 0 0 0 0 0 0 0 0 0 0 0 0 0 0 20 0 28 2 19 6 16 9 13 18 14 0 10 4 13 0 0 0 6 20 0 0 0 0 0 1 0 0 0 0 0 31 12 18 0 0 11 11 0 3 0 0 0 19 0 0 0 0 0 0 0 0 0 0 0 0 0 0 0 0 0 0 0 1 0 0 0 0 0 0 0 0 0 0 2 0 0 11 0 0 1 0 0 0 6 174 0 2 0 0 6 0 0 0 0 0 0 0 0 0 0 0 0 21 0 0 0 0 0 0 0 0 0 0 0 13 0 0 0 0 0 0 0 0 0 0 0 0 0 
 265 121 56 73 188 40 269 97 93 89 266 69 191 82 90 258 39 39 0 93 0 0 3 2 0 0 0 74 5 5 0 0 0 3 0 3 1 1 3 1 0 0 0 2 0 1 61 0 2 0 0 0 4 5 0 1 11 3 2 0 0 2 0 2 0 39 0 0 3 0 0 0 0 2 0 3 2 0 0 0 17 32 26 9 0 28 1 0 10 0 0 0 15 20 17 41 10 0 19 31 0 0 0 0 0 0 0 0 0 0 0 0 0 0 0 0 0 0 0 0 0 0 0 0 0 0 0 0 0 0 0 0 0 0 0 0 0 0 0 0 0 0 0 0 0 0 0 0 0 0 0 10 0 0 0 0 0 0 0 0 20 0 0 0 0 0 27 0 0 0 0 18 10 24 0 0 0 0 24 6 0 0 0 0 0 0 0 0 0 0 0 0 0 0 0 0 0 0 0 0 0 0 0 0 0 0 0 0 0 0 0 0 0 0 0 0 0 0 0 0 0 0 0 0 0 0 0 0 0 0 0 0 37 0 0 0 0 0 0 0 0 0 0 0 0 2 4 0 0 1 0 3 0 0 0 0 0 0 0 0 0 0 0 0 0 0 0 0 0 0 0 0 0 0 0 0 0 0 0 0 13 0 0 0 0 0 0 0 0 0 
 241 150 40 234 81 36 267 154 247 121 85 26 146 151 91 199 92 40 93 0 0 0 3 0 0 0 0 0 2 4 0 0 0 0 8 3 0 0 0 0 0 0 0 0 0 0 0 0 2 54 0 0 0 3 4 2 0 0 0 0 0 2 0 2 0 0 0 0 3 0 0 1 0 3 0 3 0 0 0 0 15 48 37 11 0 1 40 18 19 36 12 0 0 0 22 16 9 26 10 23 0 0 0 0 0 0 1 0 2 2 0 1 0 0 0 1 0 0 0 0 0 0 0 0 0 0 0 0 13 0 0 0 0 0 0 0 1 0 0 0 0 0 0 0 1 0 0 2 2 0 0 1 0 0 0 0 0 0 0 0 34 9 0 9 0 12 49 14 13 6 10 0 0 22 10 20 46 13 8 0 0 0 0 0 0 0 0 0 0 0 0 0 2 0 0 0 0 0 0 0 0 0 0 2 8 0 2 0 0 0 0 0 0 0 0 0 1 0 0 0 16 0 0 0 0 0 0 0 0 0 0 0 0 0 0 0 0 0 0 0 0 0 0 0 0 0 0 0 0 1 18 5 19 0 0 0 0 0 0 0 0 0 0 0 0 0 0 0 0 0 0 0 0 0 0 11 22 0 0 0 0 0 0 0 0 0 0 0 0 0 
 1 0 2 0 76 24 2 0 0 0 76 4 36 0 0 2 0 2 0 0 0 58 173 151 37 39 211 213 98 136 58 53 261 256 104 79 408 166 48 295 3 1 3 0 16 0 0 0 3 0 0 0 2 5 63 5 3 0 0 2 0 0 0 0 0 0 2 45 0 2 3 0 0 0 6 3 0 0 0 0 0 0 0 0 6 16 0 0 0 0 11 0 0 0 0 0 0 0 2 0 8 0 27 7 12 11 7 16 1 0 0 13 0 25 16 13 14 16 28 0 0 0 0 0 0 0 0 0 0 0 0 0 0 0 0 0 0 1 10 0 0 2 0 0 0 2 0 0 0 0 0 0 0 37 1 0 0 0 0 0 0 0 0 0 7 1 2 0 0 0 0 0 0 0 0 0 0 2 12 0 18 16 27 1 22 0 17 19 10 11 0 8 13 0 26 0 1 11 22 21 1 0 0 0 0 1 0 0 0 8 0 2 1 0 0 0 0 0 38 9 0 0 0 0 0 0 0 0 0 0 0 2 0 0 0 0 0 0 0 0 0 0 0 0 0 0 0 0 21 0 0 0 0 0 16 0 2 79 78 2 1 22 0 0 0 0 12 0 0 0 0 0 0 0 0 0 0 24 0 0 0 11 0 0 0 0 13 0 0 0 
 0 0 76 0 0 0 2 0 0 0 0 0 0 0 0 0 31 0 0 0 58 0 184 140 197 122 61 121 144 216 202 236 255 59 52 89 176 77 34 26 11 1 0 0 0 3 0 0 3 0 0 0 99 0 0 5 0 0 62 16 0 0 2 4 0 0 2 0 5 2 3 0 0 0 0 3 0 0 0 0 0 0 0 0 0 0 0 0 0 0 0 0 0 0 0 0 0 0 1 0 0 4 0 40 7 24 0 34 29 2 23 40 0 0 0 13 45 19 0 0 25 0 0 15 0 0 0 8 0 0 0 0 14 47 0 0 0 2 24 12 0 0 0 0 0 0 0 0 0 0 0 0 0 0 1 0 0 16 0 3 0 0 0 0 0 0 2 0 0 0 0 12 0 0 0 0 0 2 0 0 0 14 0 9 0 25 0 37 13 56 31 35 0 0 0 19 0 38 0 0 22 0 0 0 0 0 34 0 0 0 0 2 27 1 21 0 0 0 15 12 0 0 0 0 0 0 0 0 0 0 0 2 0 0 0 0 0 0 0 0 0 0 0 0 0 0 0 0 0 0 0 0 0 0 14 0 0 90 160 2 2 0 0 0 0 0 0 0 0 0 0 0 0 0 0 0 0 0 0 0 0 0 0 0 0 0 0 0 0 0 
 4 3 3 3 33 3 4 3 3 76 79 3 3 3 2 3 26 3 3 3 173 184 0 89 132 258 89 384 176 73 419 52 160 86 102 66 125 42 164 133 3 0 0 0 0 0 0 0 3 0 0 1 70 0 0 5 2 5 61 2 0 0 0 3 0 0 2 0 20 2 3 2 1 0 0 25 0 0 0 0 0 0 2 0 1 8 0 0 0 0 3 11 14 0 0 0 1 0 0 0 0 7 18 47 0 0 18 15 17 42 9 0 0 0 1 1 28 0 15 10 1 2 2 0 0 0 0 0 0 0 0 0 7 1 15 0 0 1 10 12 0 4 0 0 0 0 0 0 0 0 0 0 0 0 0 0 0 0 0 0 0 13 0 0 1 0 0 0 0 0 0 4 0 0 0 1 0 0 0 0 1 0 2 34 11 12 31 20 21 51 26 13 14 0 10 15 27 18 10 17 1 0 0 0 0 0 0 4 0 0 0 0 8 0 35 0 0 0 11 2 0 0 1 0 0 0 0 0 0 8 0 0 0 0 0 6 0 0 0 0 0 0 17 0 0 1 0 0 0 0 0 0 0 0 10 0 0 4 78 4 0 10 0 0 0 0 0 0 0 0 0 0 0 0 0 0 0 0 0 8 0 0 0 0 0 0 0 0 0 0 
 0 0 79 0 0 0 2 0 0 1 0 0 0 0 0 2 0 0 2 0 151 140 89 0 190 75 305 312 91 182 155 136 86 315 447 38 113 111 94 308 9 1 0 0 0 0 2 0 3 0 2 3 15 0 24 5 0 0 126 2 0 0 0 2 99 0 4 0 3 2 3 0 0 1 3 3 0 0 2 0 0 0 0 0 0 0 0 0 0 0 0 0 0 1 0 0 0 0 0 0 5 0 0 30 3 24 0 0 0 14 0 26 0 17 0 0 33 23 0 0 37 1 0 0 0 0 0 0 0 0 0 0 9 26 23 17 0 0 18 0 0 5 0 0 0 0 0 0 0 0 0 0 0 19 0 0 0 0 0 0 0 0 0 0 0 0 0 0 0 0 0 3 0 7 0 2 0 0 0 0 0 22 11 63 11 47 19 33 20 41 0 25 59 0 11 0 0 25 0 0 0 0 0 11 0 0 12 2 5 0 1 0 15 0 13 9 0 23 19 6 0 0 0 1 0 0 0 0 0 0 0 0 0 0 2 0 0 0 0 0 0 0 0 0 0 0 1 0 0 0 0 0 0 0 3 2 4 43 152 3 0 2 0 0 0 0 0 0 0 0 0 0 0 0 0 0 0 0 0 5 0 17 0 0 0 0 0 0 0 0 
 0 0 0 2 0 0 0 0 0 0 0 0 0 0 2 3 0 0 0 0 37 197 132 190 0 70 48 228 182 385 279 132 62 63 168 132 126 122 67 86 3 63 0 0 0 0 0 67 3 0 0 28 0 0 0 4 0 0 32 132 0 0 0 0 0 0 2 0 1 2 3 0 0 0 0 3 0 0 0 0 0 0 0 0 0 0 0 0 0 0 0 0 0 0 0 0 0 0 0 0 0 18 0 49 29 42 15 17 30 25 13 19 25 17 0 1 13 0 0 0 2 0 0 0 0 0 9 22 0 0 0 0 10 20 25 0 0 0 46 11 0 0 0 0 0 0 0 0 0 0 0 0 0 0 0 0 0 0 0 3 0 0 0 0 0 3 0 0 0 0 0 7 0 0 0 0 0 0 0 0 0 1 24 52 9 47 0 24 14 16 54 1 0 0 38 9 35 0 0 0 1 11 11 0 0 0 0 0 0 14 0 0 0 26 21 0 0 0 15 2 0 0 0 0 0 0 0 0 0 0 0 0 0 0 0 0 0 0 0 0 0 0 0 0 0 0 0 0 0 0 0 0 0 0 9 2 2 3 46 2 2 3 0 0 0 0 0 0 0 0 0 0 0 0 0 0 0 0 0 0 0 0 0 0 0 0 0 0 0 0 
 0 0 0 1 0 0 2 0 0 0 0 0 0 3 0 3 22 0 0 0 39 122 258 75 70 0 21 232 38 325 321 90 52 68 240 286 137 61 66 55 76 65 62 3 0 2 90 68 148 4 3 4 145 22 2 5 0 4 21 129 0 0 0 8 0 0 2 3 2 2 3 0 0 0 0 3 0 5 0 0 0 0 0 0 0 0 0 0 0 0 0 0 0 0 0 0 0 0 0 0 0 0 0 16 0 21 2 0 12 0 1 17 0 0 0 2 11 0 0 0 44 0 0 1 0 0 29 20 35 8 0 15 20 12 0 21 14 57 25 36 0 0 0 0 0 0 0 4 0 0 2 0 0 0 0 0 0 0 0 0 0 0 0 0 0 0 0 0 0 0 0 0 0 0 0 0 0 0 0 4 0 15 0 17 2 3 0 0 0 32 16 24 0 0 0 0 0 68 0 0 29 50 1 0 0 0 12 22 0 37 0 0 33 13 15 18 13 0 4 34 0 0 0 0 0 0 0 0 0 0 0 0 0 0 0 0 0 0 0 0 0 0 0 0 0 0 0 0 0 0 0 2 0 0 7 0 0 1 85 0 3 0 0 0 0 0 0 0 0 0 0 0 0 0 0 0 1 0 0 0 0 0 0 0 0 0 0 0 0 0 
 0 0 159 81 65 0 2 0 0 132 60 93 0 1 3 0 73 16 0 0 211 61 89 305 48 21 0 87 271 26 116 39 621 140 251 150 28 46 428 134 3 0 0 0 0 0 0 0 3 0 0 1 2 12 0 5 5 0 1 2 0 0 0 0 0 4 40 0 0 2 3 1 0 0 0 3 0 1 0 0 0 0 0 0 25 0 0 0 0 1 4 0 0 0 0 0 0 24 0 0 12 2 3 1 0 0 1 0 12 12 0 0 9 10 11 7 0 11 25 25 0 0 0 0 0 0 0 0 0 0 0 0 0 0 0 0 0 0 0 0 0 0 0 0 0 0 0 0 0 0 3 0 0 0 0 0 0 0 0 0 0 6 0 0 9 48 0 0 0 3 9 0 0 0 0 0 2 12 0 0 40 4 17 12 8 0 20 1 13 0 0 0 14 17 23 0 0 0 25 0 0 0 0 0 0 0 0 0 0 0 0 0 0 0 0 0 0 0 10 0 0 0 0 0 0 0 0 0 0 0 0 0 0 0 0 0 0 0 0 0 0 0 0 0 0 0 0 0 73 0 0 0 0 0 11 0 2 0 1 2 0 2 0 0 0 0 0 0 0 0 0 0 0 0 0 15 8 0 0 0 0 11 0 0 0 0 15 0 0 0 
 0 0 0 1 90 1 5 0 0 0 2 2 0 0 2 0 0 5 74 0 213 121 384 312 228 232 87 0 200 242 332 42 417 267 125 116 224 636 77 55 3 28 0 0 0 2 2 0 3 0 3 0 0 2 0 5 5 1 63 2 0 0 0 2 0 0 2 0 0 2 3 0 0 0 0 52 0 0 0 3 13 0 0 0 0 17 0 0 0 0 0 0 0 0 0 0 0 0 0 0 11 0 7 7 6 0 10 6 24 1 13 40 0 30 26 21 44 35 1 1 0 0 0 0 0 5 0 0 0 0 0 4 0 0 0 0 0 0 19 0 0 8 0 0 0 0 0 0 0 0 0 0 0 0 0 0 0 0 0 0 0 0 0 0 0 0 0 0 0 0 0 15 0 0 0 0 0 0 2 0 9 1 23 32 12 0 21 16 117 50 18 9 19 16 65 60 45 32 11 18 37 0 0 0 0 0 1 0 0 0 0 0 0 12 0 0 0 0 49 14 0 0 0 0 0 0 0 0 0 0 0 0 0 0 0 0 0 0 0 0 0 0 0 0 0 0 0 0 0 0 0 0 0 0 6 2 2 80 105 4 0 11 0 0 0 0 0 0 0 0 0 0 0 0 0 0 0 0 0 0 0 10 0 0 0 0 0 0 0 1 
 2 2 2 2 76 96 2 2 5 79 2 2 2 3 5 2 4 2 5 2 98 144 176 91 182 38 271 200 0 82 146 58 170 198 310 108 141 39 104 431 4 1 0 0 0 0 0 0 3 0 0 0 0 1 0 3 0 8 0 25 2 0 0 0 0 0 2 0 0 2 3 0 0 0 0 3 0 0 0 0 0 0 2 0 0 0 0 0 0 0 0 0 0 0 0 0 0 0 0 0 31 6 25 12 1 10 1 18 90 35 19 18 0 0 18 52 19 52 20 2 19 0 2 0 0 0 0 9 0 0 0 0 15 19 0 0 22 4 14 0 0 0 0 0 0 0 0 0 0 0 0 0 0 0 0 0 0 0 0 3 9 0 1 0 1 0 0 1 0 0 0 0 0 0 0 0 0 0 0 0 23 26 21 37 59 14 14 1 48 47 16 30 0 33 18 17 86 50 0 8 22 0 0 0 0 0 0 0 0 0 0 0 0 10 0 0 0 0 12 1 0 0 11 0 0 0 0 0 0 0 0 0 0 0 0 19 0 0 0 0 0 0 0 0 0 0 0 0 0 0 0 1 0 0 3 0 1 44 0 0 21 0 0 0 0 0 0 0 0 0 0 0 0 0 0 0 0 0 0 0 0 0 0 0 9 0 0 0 0 0 
 6 5 3 3 3 6 5 5 5 2 4 3 5 8 3 7 4 3 5 4 136 216 73 182 385 325 26 242 82 0 171 122 61 164 198 495 119 435 66 102 6 1 3 1 0 0 0 1 3 2 2 2 2 0 0 17 0 1 0 2 0 0 0 0 2 1 2 0 0 2 3 0 2 0 0 3 1 0 2 1 0 0 0 0 0 2 0 0 0 0 0 0 0 0 0 0 0 0 0 0 6 0 23 29 17 7 40 0 0 20 0 38 0 17 13 0 1 56 0 1 0 0 0 0 0 0 0 13 0 0 0 0 27 0 0 0 0 0 0 0 0 5 0 0 0 10 0 0 1 0 0 0 0 9 0 2 0 0 0 0 0 0 0 0 0 0 0 0 0 0 0 0 0 0 0 0 0 0 0 0 0 10 22 6 0 13 19 23 52 0 0 15 19 4 11 13 0 15 0 0 0 1 18 0 0 0 25 0 0 0 0 0 26 7 1 0 0 0 0 23 0 0 0 0 0 0 0 0 0 0 0 0 0 0 0 0 0 0 0 0 0 0 0 0 0 0 0 0 0 1 0 0 0 0 4 2 3 137 1 0 2 0 0 0 0 0 10 0 0 0 0 0 0 0 0 0 0 0 0 0 0 16 0 0 0 0 0 0 0 0 
 0 2 0 0 0 0 0 0 0 0 0 0 0 2 0 0 0 0 0 0 58 202 419 155 279 321 116 332 146 171 0 360 33 113 309 54 186 54 326 79 4 2 3 0 0 25 0 4 3 0 3 2 30 63 0 4 1 7 0 8 0 0 0 0 3 0 3 1 0 2 3 0 0 0 5 3 0 3 0 0 0 0 0 0 0 0 0 0 0 0 0 0 0 0 0 0 0 0 0 0 1 9 29 11 30 27 20 1 31 26 48 0 0 34 9 34 0 1 18 12 13 0 0 0 0 0 0 10 0 0 0 1 25 1 10 11 3 0 2 8 0 0 0 2 0 0 0 0 1 0 0 0 0 0 0 1 0 5 7 0 0 0 0 0 0 0 0 0 0 0 0 5 0 0 0 0 0 0 0 3 0 0 23 51 44 21 0 1 13 0 7 0 0 0 0 16 14 0 0 3 0 0 0 0 0 0 18 13 0 0 0 0 16 0 16 0 0 0 20 23 0 0 0 0 0 0 0 0 0 0 0 0 0 0 0 0 0 0 0 0 0 0 0 0 0 0 0 0 0 0 0 0 0 0 2 5 3 1 3 0 2 0 0 0 0 0 11 0 0 0 0 0 0 0 0 0 0 0 0 24 0 0 0 0 0 0 0 0 0 0 
 0 0 0 0 0 0 2 0 0 0 0 0 0 0 0 0 0 0 0 0 53 236 52 136 132 90 39 42 58 122 360 0 248 112 278 37 282 157 40 61 3 84 1 0 0 0 30 67 87 1 0 1 0 2 0 29 12 2 13 127 1 0 0 0 0 0 2 0 0 2 3 0 0 0 3 3 0 0 0 0 0 0 0 0 0 0 0 0 0 0 0 0 0 0 0 0 1 0 0 0 9 0 0 0 12 14 0 0 0 16 0 0 7 1 0 1 0 18 0 0 14 0 1 0 0 2 51 12 16 14 0 0 29 27 35 0 14 8 0 10 0 1 0 0 0 0 0 0 0 0 0 0 0 7 0 0 0 0 2 0 0 0 0 0 0 0 0 0 0 0 0 0 0 0 0 0 0 0 0 2 4 0 0 0 10 19 0 3 0 6 0 9 1 9 0 0 0 0 0 2 11 1 1 0 0 0 0 57 0 14 6 0 1 1 0 0 0 0 0 0 0 0 0 0 0 0 0 0 0 0 0 0 0 0 0 0 0 0 0 0 0 0 0 0 0 0 0 0 0 0 0 0 0 0 4 4 2 74 4 2 8 0 0 0 0 0 0 0 0 0 0 0 0 0 0 0 0 0 0 0 0 15 0 0 0 7 0 0 0 0 
 1 0 1 75 75 1 2 0 0 43 74 45 0 1 0 156 0 84 0 0 261 255 160 86 62 52 621 417 170 61 33 248 0 178 429 259 114 340 215 768 3 0 0 0 2 0 0 0 3 0 0 0 0 0 0 5 0 7 0 2 0 0 0 0 0 0 2 0 0 2 3 5 0 0 0 3 0 0 0 0 0 0 1 0 18 20 0 0 0 1 10 27 0 0 0 0 0 14 2 0 0 0 21 23 11 14 13 33 0 11 3 19 17 25 30 0 19 0 36 25 0 0 0 1 0 0 0 0 0 0 0 0 0 0 0 0 0 2 0 0 0 10 0 0 0 0 0 0 0 0 5 10 0 0 2 0 0 0 0 0 0 16 0 12 10 8 0 0 12 10 1 0 0 0 0 22 0 10 0 0 0 0 9 1 0 0 13 16 2 0 0 14 0 0 12 17 37 14 28 18 2 0 0 0 0 0 0 0 0 0 0 1 0 0 0 0 0 8 0 0 0 0 0 0 0 0 0 0 0 0 0 1 0 0 0 0 0 0 0 0 0 0 13 0 0 0 0 0 11 74 0 0 0 0 25 0 0 0 0 2 2 17 0 0 0 0 0 0 0 0 0 0 0 0 0 0 0 0 0 0 0 0 0 0 0 0 0 0 0 0 
 0 0 0 0 74 226 0 0 208 0 0 0 0 0 208 2 0 0 3 0 256 59 86 315 63 68 140 267 198 164 113 112 178 0 343 159 115 121 300 213 4 1 0 0 0 0 0 0 3 0 0 0 3 5 0 3 3 0 0 205 0 0 0 0 0 0 2 0 0 2 3 0 0 0 0 3 0 0 0 0 0 1 0 0 0 0 0 1 0 0 0 0 0 0 0 0 0 0 0 0 70 23 37 1 30 0 17 22 21 11 26 0 13 18 14 51 9 50 0 2 0 0 0 0 0 0 0 0 0 0 0 0 0 0 0 0 0 0 9 0 0 5 0 0 0 0 0 0 0 0 0 0 0 21 0 0 0 0 0 0 0 0 1 0 0 0 0 0 0 1 0 0 0 0 0 0 0 0 0 0 23 67 20 0 29 1 28 30 55 32 1 8 18 29 29 0 28 1 0 25 0 0 0 0 1 0 15 0 0 2 0 0 8 0 0 0 0 0 26 29 0 0 0 0 0 0 0 0 0 0 0 0 0 0 0 0 0 0 0 1 0 0 1 0 0 0 0 0 0 0 0 0 0 0 14 0 2 41 75 1 21 0 0 0 0 0 1 0 0 0 0 0 0 0 0 0 0 0 0 0 0 15 0 0 0 16 0 0 0 0 
 0 2 0 0 5 99 0 0 0 0 0 0 0 1 0 1 0 0 0 8 104 52 102 447 168 240 251 125 310 198 309 278 429 343 0 335 76 164 104 384 3 1 0 5 0 4 0 0 66 0 0 0 0 0 2 4 5 2 0 2 0 0 0 0 0 0 2 0 0 2 3 3 0 0 0 3 0 0 0 0 0 0 0 1 0 33 0 0 0 0 9 2 0 0 0 0 0 0 0 0 31 23 20 25 32 14 11 21 31 11 33 20 12 36 27 12 1 6 0 1 0 0 0 0 0 20 0 0 0 0 0 0 0 0 0 0 0 0 0 0 0 1 0 0 0 0 0 1 0 0 0 0 0 3 0 0 0 0 0 0 21 0 0 1 0 0 0 0 0 0 0 0 0 0 0 0 0 0 0 0 8 22 34 65 1 0 13 59 3 3 1 29 1 26 1 0 40 11 0 6 0 0 0 0 0 0 0 0 0 0 1 0 1 0 0 0 0 0 0 9 0 0 0 0 0 1 0 0 0 0 12 0 0 0 0 0 0 0 0 0 0 0 17 0 0 0 0 0 0 0 0 0 0 0 24 0 4 75 2 0 3 0 0 0 0 0 10 0 0 0 0 0 0 0 0 0 0 0 0 0 0 8 0 0 0 22 0 0 0 0 
 3 3 5 5 102 139 3 3 3 4 6 3 3 7 77 7 3 3 3 3 79 89 66 38 132 286 150 116 108 495 54 37 259 159 335 0 56 45 41 128 3 2 0 0 0 0 0 0 3 0 0 0 3 6 0 3 3 2 1 31 4 0 0 0 0 0 2 44 0 2 3 0 0 0 0 3 1 0 0 0 0 0 0 0 22 14 0 0 0 0 0 0 0 0 0 0 0 0 1 0 42 23 16 1 1 8 1 34 25 16 22 12 8 18 14 47 9 26 17 1 19 0 0 15 0 0 0 7 0 0 0 0 11 10 0 0 0 1 9 0 0 0 0 0 0 0 0 0 0 0 0 0 0 0 1 0 0 0 0 1 0 0 1 0 0 9 2 0 0 0 0 0 0 0 0 0 0 2 0 0 40 38 0 0 27 11 23 1 12 29 0 7 0 42 0 0 25 0 1 36 1 0 0 2 0 0 0 0 0 0 0 2 14 0 0 0 19 0 15 10 0 0 0 0 0 0 0 0 0 0 0 2 0 0 0 0 0 0 0 0 0 0 0 0 0 0 0 0 0 0 0 0 0 0 12 0 1 0 74 0 19 0 0 0 0 35 1 0 0 0 0 0 0 0 0 0 0 0 0 0 0 0 0 0 0 9 15 0 0 0 
 0 0 0 1 19 66 0 0 2 6 3 0 0 5 2 91 74 0 1 0 408 176 125 113 126 137 28 224 141 119 186 282 114 115 76 56 0 142 21 254 6 0 0 5 2 0 3 1 3 0 2 8 2 0 0 4 0 0 32 5 0 2 3 35 0 0 2 0 0 2 3 0 0 2 3 3 0 0 0 2 0 33 0 0 0 7 0 0 0 0 0 0 0 0 0 0 0 0 0 0 11 10 42 12 10 19 9 11 11 13 0 7 0 0 0 0 35 17 27 0 15 2 0 0 0 0 0 4 1 0 0 10 15 0 0 0 0 0 10 14 0 4 0 0 0 0 0 0 0 0 0 0 0 0 0 0 0 0 0 0 0 0 0 0 0 0 0 1 0 0 0 7 0 0 0 0 0 0 0 0 17 0 42 27 0 20 13 40 25 41 24 11 20 0 10 12 12 30 21 35 0 0 3 0 0 0 1 0 0 0 0 0 0 4 1 0 0 0 25 0 0 0 0 2 0 0 0 0 0 0 0 0 0 0 0 0 0 0 0 0 0 0 0 0 0 0 0 0 0 0 0 0 0 0 5 0 0 80 43 1 0 14 0 0 0 0 10 0 0 0 0 0 0 0 0 0 0 0 0 0 0 0 0 0 0 0 12 0 0 0 
 0 0 0 207 0 65 0 0 0 0 0 2 0 0 0 3 0 2 1 0 166 77 42 111 122 61 46 636 39 435 54 157 340 121 164 45 142 0 26 41 3 0 2 0 0 0 0 0 3 54 0 17 0 0 0 4 0 0 1 3 0 0 0 0 0 0 2 0 0 2 3 0 0 0 5 3 0 0 0 4 0 0 0 0 0 0 0 0 0 0 0 0 0 0 0 0 0 0 0 0 11 0 12 41 8 30 0 32 2 17 0 24 0 7 0 0 13 71 12 0 0 0 0 0 0 0 0 17 1 0 0 0 15 0 0 0 0 0 20 9 0 0 0 0 0 0 0 0 0 0 0 0 2 0 0 0 0 0 0 1 0 0 0 0 0 0 0 0 0 0 0 0 0 0 0 0 0 0 0 0 13 10 38 7 0 28 0 38 54 1 27 32 0 3 0 10 20 20 0 21 0 0 2 0 0 0 12 0 0 0 0 0 13 5 0 0 0 0 0 0 0 0 0 0 7 0 0 0 0 0 0 0 0 0 0 0 0 0 0 0 0 0 0 0 0 0 0 0 0 0 0 0 0 0 12 3 3 45 1 0 3 3 0 0 0 0 10 0 0 0 0 0 0 0 0 0 0 0 0 0 0 16 0 0 0 0 14 0 0 0 
 95 3 78 75 62 77 0 0 2 62 1 81 0 3 0 78 39 111 3 0 48 34 164 94 67 66 428 77 104 66 326 40 215 300 104 41 21 26 0 265 3 3 0 0 0 0 0 0 3 0 0 0 2 1 0 5 0 7 2 202 0 0 0 0 4 2 2 0 0 2 3 0 0 0 0 5 0 0 0 0 0 1 10 0 20 7 0 0 0 0 3 2 0 0 0 13 14 11 0 11 17 0 2 6 1 0 6 0 20 36 0 0 24 30 0 0 0 19 46 34 0 0 0 0 0 0 0 0 0 0 0 0 0 0 0 0 0 0 2 0 0 0 0 0 0 0 0 0 0 0 0 0 0 0 0 0 0 0 0 0 0 30 20 0 0 17 0 13 13 8 47 2 1 0 0 34 22 14 0 0 43 0 11 20 0 2 17 3 16 0 0 0 37 2 22 1 13 0 12 0 0 0 0 0 0 0 0 0 2 0 0 0 0 0 0 0 0 0 0 0 0 0 0 0 0 0 0 0 0 0 0 0 0 0 0 0 0 0 0 0 0 0 0 0 0 0 0 0 0 0 13 0 0 0 9 0 2 0 0 3 1 2 0 0 0 0 1 0 0 0 0 0 0 0 0 17 10 0 0 0 0 0 0 0 0 0 17 0 0 0 
 0 2 77 92 75 154 0 0 0 77 152 76 0 4 0 39 73 3 1 0 295 26 133 308 86 55 134 55 431 102 79 61 768 213 384 128 254 41 265 0 4 1 0 65 0 0 0 0 3 0 0 0 0 0 0 3 0 1 0 2 0 0 0 0 0 0 2 0 0 2 3 6 0 0 6 3 0 0 0 0 0 2 0 0 33 0 0 2 0 0 45 20 0 0 0 0 0 10 0 0 12 8 15 0 0 0 14 29 0 12 9 0 18 0 68 18 13 9 13 33 0 0 0 0 0 0 0 0 0 0 0 0 0 0 0 0 0 0 0 0 0 0 0 0 0 0 0 0 0 0 6 0 0 0 0 0 0 0 0 0 0 0 3 0 17 13 0 0 14 15 13 0 2 0 0 6 15 1 0 0 12 29 8 0 14 0 31 7 14 0 0 0 1 12 14 12 22 17 0 25 0 0 0 0 2 0 0 0 1 1 0 0 0 0 0 2 0 0 0 0 0 0 0 0 0 0 0 0 0 0 0 0 0 0 0 0 0 0 0 2 0 0 8 0 0 0 0 0 19 36 0 0 0 0 13 0 3 0 0 5 15 0 0 0 0 0 1 0 0 0 0 0 0 0 51 0 0 0 0 0 0 0 0 0 0 0 0 0 0 0 
 0 0 0 0 0 0 0 0 2 0 0 0 0 0 0 0 0 1 0 0 3 11 3 9 3 76 3 3 4 6 4 3 3 4 3 3 6 3 3 4 0 114 88 50 33 55 170 150 17 178 35 66 217 154 28 272 232 41 124 545 0 0 0 0 0 0 0 0 0 0 0 0 0 4 0 0 6 0 0 0 0 0 0 0 0 0 0 0 0 0 0 0 0 0 0 0 0 0 0 0 0 1 0 0 11 23 14 0 0 12 0 23 10 0 0 2 7 0 0 0 11 13 24 0 0 0 13 36 1 0 1 11 0 0 18 43 0 10 20 18 0 0 0 0 0 0 0 0 0 0 0 0 0 0 0 0 0 0 0 0 0 0 0 0 9 0 0 0 0 0 0 0 0 0 0 0 0 0 8 0 0 6 0 1 1 1 0 0 0 30 0 7 7 0 0 0 0 16 0 0 9 20 44 9 8 20 44 2 0 0 3 0 4 12 17 17 22 0 2 42 30 0 0 0 0 0 0 0 0 12 0 0 0 0 0 0 0 0 0 0 0 0 7 0 0 0 0 0 0 0 0 9 0 2 0 0 0 0 7 0 0 0 0 67 0 19 2 1 0 0 0 0 0 0 0 0 0 0 0 0 0 0 0 0 16 0 0 1 0 0 
 0 0 0 0 0 0 0 0 3 0 0 0 0 2 0 2 0 0 0 0 1 1 0 1 63 65 0 28 1 1 2 84 0 1 1 2 0 0 3 1 114 0 143 62 47 103 138 123 404 416 237 35 70 194 112 600 145 52 751 49 0 0 0 0 1 0 0 0 0 0 0 0 0 0 0 3 7 0 14 0 0 0 0 0 0 0 0 0 0 0 0 0 0 0 0 0 0 0 0 0 0 0 0 0 0 8 0 0 0 0 0 0 0 0 0 0 0 0 0 1 25 4 6 15 0 0 32 9 6 30 11 12 30 0 21 57 9 16 15 0 0 0 0 0 0 7 3 10 0 0 0 0 0 0 0 3 0 8 19 6 0 0 0 0 8 0 0 0 0 0 0 0 0 0 0 0 0 0 0 0 0 0 0 0 0 13 0 0 0 0 0 0 0 0 0 0 0 0 0 0 18 0 30 17 8 22 8 0 13 26 11 0 8 37 0 30 0 15 0 10 0 0 0 0 0 0 6 0 0 0 0 0 6 0 0 0 0 0 13 0 0 0 1 0 0 0 0 0 0 0 0 5 0 2 0 0 2 0 1 0 0 0 0 0 0 13 2 0 0 0 0 0 0 0 0 0 0 0 0 0 0 0 0 0 16 19 0 1 0 0 
 0 0 0 0 0 0 0 0 0 0 0 97 0 1 0 0 0 0 0 0 3 0 0 0 0 62 0 0 0 3 3 1 0 0 0 0 0 2 0 0 88 143 0 372 138 308 76 140 130 192 334 122 145 75 116 78 146 119 35 26 0 0 0 7 1 4 3 0 0 0 0 4 0 0 1 6 0 0 3 0 0 0 0 0 0 0 0 0 0 14 0 0 0 0 0 0 0 0 0 0 0 0 0 0 0 0 0 0 15 0 0 0 0 0 0 0 0 0 0 0 0 35 0 0 30 0 11 0 12 29 10 11 0 9 0 0 19 4 0 0 0 23 5 0 1 0 0 4 0 0 0 6 0 0 10 0 12 0 10 0 0 0 0 0 0 0 0 0 6 0 0 0 0 7 0 0 0 0 0 0 0 0 0 0 0 0 0 0 0 0 0 0 0 0 0 0 0 0 0 0 41 17 0 12 0 10 0 11 2 25 14 111 0 0 0 0 37 0 13 6 0 0 0 0 8 2 9 0 0 0 0 0 0 10 0 0 0 12 7 0 0 0 0 0 0 0 0 0 0 0 0 16 0 0 0 0 0 0 0 14 0 0 0 0 66 4 0 1 0 0 0 0 0 0 0 0 0 0 0 0 0 0 0 0 0 0 0 0 0 0 
 0 3 0 0 0 10 0 0 0 0 0 0 0 0 0 0 0 2 2 0 0 0 0 0 0 3 0 0 0 1 0 0 0 0 5 0 5 0 0 65 50 62 372 0 68 479 89 143 121 289 343 114 59 130 591 102 278 116 244 80 0 2 0 0 6 0 8 0 0 4 0 0 0 0 0 0 0 0 59 53 0 0 0 0 0 0 0 0 0 5 10 11 0 0 0 0 0 0 0 0 0 48 0 0 0 1 0 5 0 0 5 0 10 0 5 0 0 0 0 0 0 3 24 21 0 20 0 0 3 3 8 38 0 0 0 0 18 0 0 0 0 0 0 0 0 0 8 0 0 0 0 0 21 13 8 8 1 0 10 11 0 0 0 0 12 17 0 0 0 7 0 7 0 0 0 0 0 0 0 0 2 0 0 0 1 0 15 2 0 0 0 0 0 0 3 7 0 0 0 0 0 20 0 4 12 16 0 1 2 14 23 73 0 0 0 0 69 0 1 0 0 11 0 0 0 0 12 31 0 12 0 0 0 25 0 0 0 0 23 4 0 0 17 0 0 0 0 0 0 0 0 4 0 2 1 0 0 0 0 2 0 0 71 67 1 4 0 64 0 0 42 0 0 0 0 0 0 0 0 0 0 0 0 0 0 0 0 0 0 0 
 0 3 0 0 0 2 0 0 0 0 54 0 0 0 0 0 0 0 0 0 16 0 0 0 0 0 0 0 0 0 0 0 2 0 0 0 2 0 0 0 33 47 138 68 0 198 264 107 70 344 283 155 91 114 349 79 173 50 61 63 6 0 52 0 0 3 0 0 0 0 0 0 0 0 0 53 0 0 16 0 0 0 0 0 0 0 0 0 0 0 0 0 0 0 0 0 0 0 0 0 0 0 0 0 0 0 0 0 0 0 0 0 0 0 0 0 0 0 0 0 0 19 0 3 15 17 0 0 0 0 8 8 0 0 9 0 6 0 0 0 0 9 21 21 0 0 21 23 0 0 0 0 3 22 7 0 54 0 0 0 6 0 0 0 0 0 0 0 5 0 0 0 0 5 0 0 0 0 0 0 0 0 0 0 0 0 0 0 0 0 0 0 0 0 0 0 0 0 0 0 0 0 6 19 1 21 0 0 0 0 0 15 0 11 0 10 1 15 0 0 0 83 1 0 0 0 7 2 10 24 0 9 27 3 20 0 0 16 36 32 0 0 0 0 0 0 0 1 0 0 0 43 0 0 0 0 0 0 0 11 0 0 4 0 0 2 3 0 0 0 1 0 0 0 1 0 0 0 0 0 0 0 0 0 8 0 0 0 10 0 
 0 0 0 0 0 3 5 0 0 0 0 0 1 0 0 0 0 0 1 0 0 3 0 0 0 2 0 2 0 0 25 0 0 0 4 0 0 0 0 0 55 103 308 479 198 0 31 28 80 56 451 118 60 43 105 84 119 69 47 64 0 0 51 0 0 0 0 0 0 0 0 0 0 0 0 50 53 0 0 17 0 0 0 0 0 0 8 3 0 0 0 0 5 0 0 0 0 0 10 0 0 0 0 0 0 0 0 0 0 0 0 0 0 0 0 0 0 0 0 0 0 8 0 0 0 51 0 0 0 0 0 10 0 0 0 0 0 0 0 3 22 14 10 10 0 0 17 34 0 0 0 0 27 24 4 0 30 0 5 0 0 0 0 0 0 0 0 0 26 0 0 0 0 4 0 0 0 0 0 0 0 0 0 0 0 0 0 0 0 0 0 0 0 0 0 0 0 0 0 0 0 0 0 0 0 5 0 0 0 0 0 9 0 0 0 0 0 0 0 0 16 15 11 0 0 0 1 9 61 50 0 15 15 11 23 0 0 6 27 59 0 0 0 0 0 0 0 0 0 0 0 10 0 0 0 0 0 0 0 4 0 0 1 0 0 0 2 0 5 0 10 0 0 0 0 0 0 0 0 0 0 0 0 0 0 0 0 0 10 0 
 0 0 0 0 0 0 0 0 0 0 0 0 0 0 0 0 0 0 61 0 0 0 0 2 0 90 0 2 0 0 0 30 0 0 0 0 3 0 0 0 170 138 76 89 264 31 0 90 167 164 21 75 195 190 103 34 94 121 118 151 0 2 0 0 7 1 0 0 0 2 0 0 1 0 1 0 0 0 3 0 0 0 0 0 0 0 0 0 0 0 0 0 0 0 0 0 0 0 0 0 0 0 0 0 0 6 0 0 0 0 0 3 0 0 0 0 0 0 0 0 31 18 7 9 3 3 24 26 6 24 11 14 8 14 21 22 25 18 23 28 0 0 0 0 0 3 4 1 0 0 0 0 0 1 0 1 0 8 2 0 0 0 0 0 0 0 0 0 10 0 0 0 0 0 0 0 0 0 0 4 0 0 0 0 9 0 0 0 0 0 0 0 0 0 0 1 0 0 0 0 10 4 27 35 0 15 14 29 0 0 0 0 0 33 28 16 1 11 50 26 0 8 0 0 0 0 1 0 0 0 0 0 1 0 0 0 0 0 0 31 0 0 10 0 0 0 0 0 0 0 0 5 0 0 0 0 0 0 0 0 0 0 2 0 0 3 0 64 1 0 0 0 0 0 0 0 0 0 0 0 0 0 6 0 19 0 0 1 0 0 
 0 0 0 0 0 0 0 0 0 0 0 0 0 0 0 0 0 0 0 0 0 0 0 0 67 68 0 0 0 1 4 67 0 0 0 0 1 0 0 0 150 123 140 143 107 28 90 0 70 263 51 187 126 242 50 51 122 40 152 95 0 2 3 0 2 0 7 0 0 0 0 0 0 0 2 0 0 0 52 0 0 0 0 0 0 0 0 0 0 0 0 0 0 8 0 0 0 0 0 0 0 0 0 0 0 9 0 0 0 7 0 0 0 9 0 0 0 0 0 0 9 0 10 1 15 0 8 10 7 28 34 21 11 0 9 9 15 0 9 12 0 0 0 0 0 2 1 0 0 0 0 0 1 0 0 1 0 0 3 0 0 0 0 0 13 0 0 0 0 0 0 0 0 0 0 0 0 0 0 0 0 0 0 0 9 12 0 0 0 0 0 0 0 0 0 0 0 0 0 0 0 24 33 2 0 47 0 0 0 14 13 12 0 13 0 28 20 13 0 10 0 0 0 0 0 0 22 0 0 0 0 0 3 0 0 0 0 0 8 0 0 0 0 0 0 0 0 0 0 0 0 5 0 0 0 0 0 0 0 0 0 0 1 65 0 13 0 1 0 0 0 0 0 0 0 0 0 0 0 0 0 0 0 0 0 16 0 0 0 0 
 2 2 2 2 2 2 2 2 2 2 2 2 2 2 2 2 2 2 2 2 3 3 3 3 3 148 3 3 3 3 3 87 3 3 66 3 3 3 3 3 17 404 130 121 70 80 167 70 0 133 53 60 191 60 83 66 160 23 293 61 0 0 0 1 0 0 0 52 0 0 0 2 0 0 0 5 2 0 52 52 0 0 0 0 0 0 0 0 0 0 0 0 0 0 0 0 0 0 0 0 0 0 0 0 0 0 0 0 0 0 0 19 0 0 0 0 0 0 0 0 9 0 0 31 33 18 11 0 37 10 6 22 0 10 11 11 0 38 0 0 0 0 0 0 0 0 8 4 0 0 0 0 0 5 7 23 2 0 11 31 0 0 0 0 0 0 0 0 0 0 0 0 0 0 0 0 0 0 0 0 0 0 0 0 0 3 0 0 0 0 0 0 0 0 0 0 0 0 0 0 38 22 3 20 2 0 9 3 9 22 9 18 7 13 0 9 31 17 4 7 0 1 0 0 0 0 22 16 3 0 24 0 10 19 1 0 0 1 1 0 0 0 0 0 0 0 0 0 0 0 0 14 0 0 0 0 0 0 0 1 0 0 2 0 1 5 0 0 2 0 0 0 0 0 0 0 0 0 0 0 0 0 0 0 0 11 0 0 0 3 
 0 0 0 0 0 3 0 0 0 0 0 0 0 0 0 0 0 0 0 54 0 0 0 0 0 4 0 0 0 2 0 1 0 0 0 0 0 54 0 0 178 416 192 289 344 56 164 263 133 0 352 64 129 201 120 72 146 93 104 100 0 6 0 1 6 1 10 2 2 14 0 50 0 0 0 27 3 2 54 0 0 0 0 0 0 0 0 0 0 0 0 0 0 0 0 0 0 0 0 0 0 0 0 0 13 0 0 0 0 0 0 0 0 0 24 0 0 0 0 0 5 0 9 1 0 0 0 16 3 12 0 22 0 0 21 33 28 13 0 19 0 5 0 38 0 2 0 0 0 2 0 0 0 0 0 0 0 2 0 0 0 0 0 0 9 0 0 0 0 0 0 0 0 0 0 0 0 0 0 0 0 0 0 0 0 0 0 0 0 0 0 0 0 0 0 0 0 0 0 0 8 39 19 41 0 9 6 0 9 0 34 4 6 39 9 6 24 43 0 1 0 0 0 0 0 0 10 0 5 0 0 0 12 0 0 0 0 4 0 0 0 0 14 0 0 0 0 0 0 0 0 10 0 0 0 0 0 0 0 13 0 0 0 3 0 8 0 63 0 0 0 0 0 0 0 4 0 0 0 0 0 0 0 0 22 0 0 11 0 0 
 0 2 0 0 0 0 0 0 0 0 0 0 0 0 0 2 0 0 0 0 0 0 0 2 0 3 0 3 0 2 3 0 0 0 0 0 2 0 0 0 35 237 334 343 283 451 21 51 53 352 0 145 49 244 150 67 127 155 46 58 0 0 1 0 2 2 0 0 0 0 0 0 1 0 0 0 0 0 50 0 0 0 0 0 0 0 0 0 0 0 0 0 0 0 0 0 0 0 0 0 0 0 0 0 0 0 0 0 0 0 0 0 0 0 0 0 0 0 0 0 0 15 0 21 9 24 0 0 0 0 6 13 0 0 0 0 0 0 0 0 0 11 11 1 0 0 24 10 0 0 0 0 8 0 8 1 18 0 4 33 0 0 0 0 0 0 0 0 3 0 0 0 0 5 0 0 0 0 0 0 0 14 0 19 0 0 0 0 0 0 0 0 0 0 0 0 0 0 0 0 0 0 0 0 0 11 0 0 0 0 1 24 0 0 0 0 1 0 0 0 0 30 0 0 0 0 16 42 30 25 0 0 14 21 10 0 0 26 16 2 0 0 0 0 0 0 0 0 0 0 0 5 0 0 0 0 0 0 0 11 0 0 63 0 0 1 0 4 0 0 8 0 0 0 0 0 0 0 0 0 0 0 0 0 0 0 0 0 0 3 
 0 0 0 0 0 0 0 0 0 0 0 0 0 3 0 0 0 2 0 0 0 0 1 3 28 4 1 0 0 2 2 1 0 0 0 0 8 17 0 0 66 35 122 114 155 118 75 187 60 64 145 0 91 116 88 76 434 85 26 75 0 0 0 0 6 0 10 0 0 6 0 78 51 4 0 0 0 0 52 21 0 0 0 0 0 0 0 0 0 0 0 0 0 0 0 0 0 0 0 0 0 0 0 0 11 2 0 0 1 0 0 0 0 0 19 0 1 0 0 0 0 33 11 11 25 25 0 3 4 45 21 9 1 8 0 0 74 0 1 3 0 3 0 0 0 0 1 0 0 0 0 0 10 0 0 1 0 0 0 0 0 0 0 0 0 0 0 0 0 7 0 0 0 0 0 0 0 0 0 0 0 0 0 0 0 19 0 0 0 0 0 4 0 0 0 14 0 0 0 0 0 27 15 41 0 5 0 0 11 12 25 21 0 21 0 4 13 11 0 1 0 0 0 0 0 0 16 0 0 0 0 0 10 0 0 0 0 0 8 26 0 0 14 0 0 0 0 0 0 0 0 5 0 0 0 0 0 0 1 0 0 0 0 2 53 4 2 62 0 0 0 0 0 0 0 0 0 0 0 0 0 0 0 0 0 0 0 0 0 0 
 59 0 0 0 0 0 0 0 3 0 0 0 0 3 0 0 0 0 4 0 2 99 70 15 0 145 2 0 0 2 30 0 0 3 0 3 2 0 2 0 217 70 145 59 91 60 195 126 191 129 49 91 0 257 107 30 27 552 208 87 5 0 2 2 7 2 4 0 0 3 0 1 66 2 1 0 1 0 3 0 0 0 0 0 7 0 0 0 0 0 0 0 0 0 0 0 0 0 0 0 0 10 0 0 0 12 0 0 9 9 6 7 0 3 0 0 11 0 0 0 15 10 1 9 0 0 22 54 12 13 0 9 0 0 1 53 12 32 30 5 0 0 0 1 0 1 2 4 21 0 0 0 0 0 0 15 0 0 0 0 0 0 0 0 0 0 0 0 0 0 0 0 0 0 0 0 0 0 0 3 0 5 0 0 7 17 0 0 0 6 30 4 0 0 0 27 0 7 0 0 0 39 20 12 0 0 18 22 0 6 0 0 4 4 53 29 13 0 26 77 0 0 0 1 0 0 0 0 0 0 0 0 0 0 0 0 0 0 0 0 0 0 9 0 0 0 0 0 0 0 0 8 0 2 0 0 0 0 8 2 0 0 2 0 1 2 0 64 1 0 0 0 0 0 0 0 0 0 0 0 0 5 0 0 14 0 0 0 0 0 
 3 3 3 3 3 3 3 3 3 3 3 3 3 3 3 3 3 4 5 3 5 0 0 0 0 22 12 2 1 0 63 2 0 5 0 6 0 0 1 0 154 194 75 130 114 43 190 242 60 201 244 116 257 0 50 39 63 37 112 215 0 0 0 0 2 0 7 0 0 0 0 0 0 0 0 0 0 0 58 0 13 0 0 10 0 0 0 0 0 0 0 0 0 0 0 0 0 0 0 0 0 0 1 1 0 0 1 0 0 1 6 0 0 2 0 2 4 0 0 1 16 0 0 0 0 0 22 18 7 12 18 0 10 1 3 24 28 26 20 12 0 0 0 0 0 8 0 0 0 0 0 0 0 0 0 2 0 3 14 0 0 0 0 0 0 0 0 0 0 0 0 0 0 0 0 0 0 0 0 6 0 5 0 0 2 6 0 0 0 1 0 0 0 0 0 9 0 0 0 0 0 70 18 6 0 50 0 12 0 19 13 9 1 22 11 42 14 15 5 23 0 0 0 0 0 0 21 0 0 0 0 0 10 0 0 0 0 0 9 0 0 0 0 0 0 0 0 0 0 0 0 9 0 2 0 0 0 0 38 0 0 0 0 0 2 2 0 1 1 0 0 0 0 0 0 0 0 0 0 0 0 4 0 0 15 1 0 0 0 0 
 0 0 0 0 0 0 0 0 0 4 0 0 0 3 0 2 0 3 0 4 63 0 0 24 0 2 0 0 0 0 0 0 0 0 2 0 0 0 0 0 28 112 116 591 349 105 103 50 83 120 150 88 107 50 0 132 175 112 143 85 0 1 0 1 0 0 2 2 1 0 0 0 0 1 2 0 1 0 0 50 0 0 0 0 0 0 0 0 0 0 0 0 0 0 0 0 0 0 0 0 0 0 0 0 0 1 0 0 0 0 0 0 0 0 0 0 7 0 0 0 7 15 22 30 0 37 9 0 0 29 6 0 8 30 11 0 18 0 0 1 0 7 0 12 0 5 4 3 0 0 0 0 10 0 0 5 0 4 0 1 0 0 0 0 0 0 0 0 0 0 0 0 0 0 0 0 0 0 0 0 0 0 0 0 0 10 0 0 0 0 0 0 0 0 0 0 0 0 0 0 7 14 1 0 0 1 0 8 18 24 11 8 10 1 13 37 0 34 1 0 0 0 0 0 0 0 0 0 14 0 0 0 0 0 0 0 0 0 11 10 0 0 0 0 0 0 0 0 0 0 0 8 0 0 0 0 0 0 0 0 0 0 0 1 2 3 0 0 0 0 0 0 0 0 0 0 0 5 0 0 0 0 0 0 16 5 0 14 0 0 
 2 1 0 0 2 2 0 69 3 2 2 2 1 1 2 2 2 6 1 2 5 5 5 5 4 5 5 5 3 17 4 29 5 3 4 3 4 4 5 3 272 600 78 102 79 84 34 51 66 72 67 76 30 39 132 0 433 46 252 265 0 0 25 0 0 0 0 0 0 0 0 0 0 0 0 4 0 0 0 0 0 0 0 0 0 0 0 0 0 0 0 0 0 0 0 0 0 0 0 0 0 0 0 0 13 0 0 0 0 0 0 0 0 0 0 0 0 0 0 0 0 34 17 15 24 11 0 9 4 6 0 0 0 12 2 14 5 33 0 1 0 9 0 2 0 0 0 0 0 0 0 0 0 0 0 0 0 0 11 9 0 0 0 0 0 0 0 0 0 0 0 0 0 0 0 0 0 0 0 0 0 0 0 1 4 0 0 0 0 0 0 0 0 0 0 0 0 0 0 0 10 4 0 16 0 0 11 10 11 1 0 10 1 0 9 4 0 2 0 7 0 1 0 0 0 12 8 0 0 0 0 0 23 14 0 0 0 0 0 0 0 0 0 0 0 0 0 0 0 0 0 13 0 1 0 0 0 0 1 0 0 0 0 0 63 0 0 0 0 0 0 0 0 0 0 0 0 0 0 0 0 0 0 0 0 35 0 0 0 0 
 0 0 0 0 0 0 0 0 0 0 0 0 0 0 0 0 39 0 11 0 3 0 2 0 0 0 5 5 0 0 1 12 0 3 5 3 0 0 0 0 232 145 146 278 173 119 94 122 160 146 127 434 27 63 175 433 0 304 37 34 0 0 0 35 0 0 0 0 0 0 0 0 0 0 0 20 26 0 52 0 0 0 0 0 0 0 0 0 0 0 0 0 0 9 0 0 0 0 0 0 3 0 0 0 0 22 0 0 3 0 0 0 0 15 0 7 3 13 0 0 0 16 0 1 21 2 14 0 0 6 10 1 0 8 3 0 22 12 3 1 0 9 0 2 0 7 0 0 0 0 0 0 1 0 1 0 7 3 6 7 0 0 0 0 0 0 0 0 7 0 0 0 0 6 0 0 0 0 0 0 0 1 7 2 4 0 0 0 2 0 0 0 0 0 0 0 0 0 0 0 2 0 15 46 0 40 0 0 10 10 2 9 0 12 0 0 0 16 5 3 0 0 0 0 0 0 27 0 0 0 0 0 17 0 0 0 0 0 17 0 0 0 0 0 0 0 0 0 0 0 0 6 0 2 0 0 0 0 3 0 0 0 3 0 62 2 0 0 2 0 0 0 0 0 0 0 0 0 0 0 0 6 0 0 14 5 0 0 0 0 
 0 0 0 6 0 0 0 0 0 0 0 0 0 0 0 0 1 1 3 0 0 0 5 0 0 4 0 1 8 1 7 2 7 0 2 2 0 0 7 1 41 52 119 116 50 69 121 40 23 93 155 85 552 37 112 46 304 0 92 117 4 0 0 0 0 0 50 2 0 0 0 0 53 4 50 0 6 0 0 2 0 0 0 0 0 0 0 0 0 0 6 0 0 0 0 0 0 0 0 0 7 0 8 10 0 5 8 0 3 6 0 0 0 0 2 0 0 7 5 8 0 6 30 0 14 0 16 12 1 2 0 10 0 7 23 20 2 0 0 0 0 0 0 23 0 0 0 0 0 0 0 0 0 0 13 0 8 0 39 0 0 0 0 0 0 0 0 14 5 0 0 0 0 6 0 0 0 0 0 0 0 0 10 11 4 0 1 1 10 0 0 0 0 0 0 0 11 0 0 0 2 0 24 37 15 0 13 6 13 0 30 16 0 0 7 1 0 2 26 8 0 10 0 0 0 0 0 7 0 0 0 0 0 12 1 0 0 13 0 0 0 0 1 0 0 0 0 0 0 0 0 7 0 0 0 0 0 2 0 22 0 1 7 0 0 2 2 0 0 18 5 0 0 0 0 0 0 0 0 0 0 2 0 0 7 0 0 13 0 0 
 0 1 1 0 0 1 2 0 59 2 59 1 0 28 64 29 1 0 2 0 0 62 61 126 32 21 1 63 0 0 0 13 0 0 0 1 32 1 2 0 124 751 35 244 61 47 118 152 293 104 46 26 208 112 143 252 37 92 0 364 0 0 0 48 0 0 0 0 3 4 0 7 0 2 0 26 2 0 0 0 8 0 0 9 0 0 0 12 1 0 0 8 0 6 0 0 0 0 0 0 0 9 0 0 0 1 0 0 10 10 0 1 28 0 0 0 2 0 0 0 32 0 7 0 0 0 11 14 0 0 0 0 1 10 10 20 0 29 15 9 0 5 9 0 0 0 0 0 0 13 0 1 0 0 0 0 0 0 0 0 0 0 0 0 6 0 1 0 0 59 0 7 0 0 0 0 0 0 0 1 0 0 14 7 0 16 0 7 0 3 6 0 0 0 0 0 0 1 0 0 0 20 4 0 30 0 0 0 7 13 0 0 0 9 0 27 0 5 2 3 0 0 0 0 0 0 0 0 3 0 0 0 0 0 0 0 0 5 0 0 0 0 0 0 0 0 66 0 0 0 0 17 0 2 0 0 0 0 23 0 0 0 2 0 0 0 4 0 0 0 0 0 0 0 0 0 0 5 0 0 0 0 0 0 0 0 0 0 0 0 
 0 0 0 0 0 0 0 0 0 0 0 0 0 0 0 0 0 0 0 0 2 16 2 2 132 129 2 2 25 2 8 127 2 205 2 31 5 3 202 2 545 49 26 80 63 64 151 95 61 100 58 75 87 215 85 265 34 117 364 0 0 0 0 0 4 49 2 0 0 3 0 0 0 5 5 0 0 0 0 0 0 8 0 0 0 0 20 0 0 0 0 0 0 0 0 0 0 0 0 0 0 2 0 0 0 30 0 18 19 0 6 18 0 0 0 0 0 0 0 0 47 10 2 0 0 0 21 19 0 0 0 0 38 31 1 37 16 11 36 1 0 0 0 0 0 0 0 0 0 0 0 0 0 0 0 0 0 0 0 3 0 0 0 0 0 0 0 0 0 0 0 0 0 0 0 0 0 0 0 21 0 0 0 0 7 28 0 0 0 8 0 1 0 1 0 6 0 0 0 0 2 0 24 12 0 0 11 22 0 12 0 0 0 0 0 27 1 0 11 26 0 0 0 0 0 0 0 0 0 0 0 0 0 0 0 0 0 0 0 0 0 0 9 0 0 0 0 0 0 0 0 14 0 0 0 0 0 0 0 0 0 0 0 0 0 1 2 64 0 15 0 0 0 0 0 0 0 0 0 0 0 0 0 0 0 0 0 1 0 5 
 0 7 0 3 0 0 2 0 0 0 0 0 0 1 0 0 0 0 0 0 0 0 0 0 0 0 0 0 2 0 0 1 0 0 0 4 0 0 0 0 0 0 0 0 6 0 0 0 0 0 0 0 5 0 0 0 0 4 0 0 0 290 142 50 29 45 283 382 83 360 175 42 285 104 160 31 30 266 90 73 16 3 0 0 0 0 0 0 0 0 0 0 0 6 0 0 5 0 0 0 0 0 0 0 0 0 0 0 0 0 0 0 0 0 5 0 0 0 0 0 0 0 0 0 2 0 0 0 0 0 0 0 0 0 0 0 0 0 0 0 9 22 16 18 13 4 0 0 24 20 8 11 4 0 8 14 10 6 17 0 0 0 0 0 0 0 8 6 0 0 0 0 0 0 12 4 0 0 0 11 0 0 0 0 0 0 0 0 0 0 0 0 0 0 0 0 0 5 0 0 0 0 0 0 0 0 0 0 0 0 0 0 0 0 0 0 0 0 0 0 8 0 29 31 8 1 0 0 13 10 37 31 0 0 20 15 8 7 8 10 0 0 0 0 0 0 0 0 0 2 0 0 0 0 10 0 0 0 0 0 0 0 0 54 0 0 12 1 0 0 39 0 52 1 0 52 0 0 0 0 0 0 0 0 0 1 0 0 0 0 
