 0 481 56 176 37 239 213 231 244 26 45 34 40 150 307 30 39 29 107 218 1 4 3 3 0 0 0 2 0 2 0 1 0 0 30 0 0 2 2 0 0 0 0 2 0 1 0 1 0 3 0 0 0 60 0 0 33 4 0 0 0 2 0 3 2 0 0 0 0 3 0 0 1 0 3 2 0 0 0 3 24 0 8 14 0 11 44 40 22 0 0 0 0 9 14 42 7 37 0 29 0 0 0 0 0 0 8 0 0 0 0 0 18 0 0 0 0 0 13 0 0 0 0 0 0 0 0 0 0 0 0 0 0 0 0 0 0 0 0 0 0 0 0 0 0 9 0 0 0 0 0 6 0 0 0 0 0 0 1 0 29 10 36 0 12 0 0 21 3 12 56 0 0 45 1 0 12 39 0 67 0 0 0 0 0 0 0 0 0 0 0 0 12 0 0 0 0 0 0 0 0 0 0 0 0 0 0 0 0 0 0 0 0 0 0 0 0 0 0 18 0 0 0 0 0 0 0 0 0 0 0 0 0 0 0 0 0 0 0 0 0 13 0 0 0 2 1 0 107 0 0 5 0 0 0 0 0 0 0 0 0 0 0 0 0 0 0 0 0 0 0 0 0 0 0 0 0 0 0 0 0 0 0 0 0 0 0 0 0 0 
 481 0 299 93 334 43 153 137 208 258 294 244 340 62 274 53 39 135 47 54 2 2 3 3 0 2 75 6 0 2 2 3 1 3 0 0 2 0 75 134 2 0 0 0 0 0 4 5 0 3 0 0 0 0 3 0 0 0 2 0 0 3 0 4 2 0 0 0 0 3 0 0 5 0 3 1 0 2 3 2 15 16 41 26 33 15 28 2 0 1 18 8 0 0 10 73 46 4 0 7 0 0 0 0 0 0 1 16 2 0 0 0 32 0 0 0 0 0 21 16 0 0 0 0 0 0 0 0 0 0 0 0 0 0 0 0 0 0 0 0 0 0 0 0 0 4 0 0 0 2 0 0 0 0 0 0 0 0 0 0 10 10 20 15 9 35 0 5 28 11 15 7 0 22 11 11 9 44 1 8 0 0 0 0 0 0 0 11 0 0 0 0 47 0 0 0 0 0 44 2 0 0 1 0 0 2 0 0 0 0 0 0 0 0 0 0 0 0 0 0 0 0 0 0 1 0 0 0 0 0 0 0 0 0 0 0 2 0 0 0 0 0 0 0 0 3 88 0 52 3 3 10 16 0 0 0 0 0 0 0 0 2 1 0 0 0 0 0 0 0 0 0 0 0 0 1 0 0 0 0 0 0 0 0 0 0 0 0 0 0 
 56 299 0 128 272 417 393 92 182 76 55 23 173 139 493 181 37 154 251 45 1 3 4 1 0 2 30 1 0 2 0 0 74 3 0 0 0 0 2 25 0 0 0 0 2 0 1 0 0 3 0 0 2 0 2 0 1 0 0 0 0 2 0 3 2 2 0 1 52 3 0 2 0 2 3 4 0 0 0 3 5 37 16 0 26 0 23 0 9 0 12 32 26 0 31 0 0 2 0 9 0 0 0 0 0 0 0 15 0 0 0 0 34 0 10 0 0 0 6 36 0 0 0 0 0 0 0 0 0 0 0 0 42 0 0 0 0 0 0 0 0 5 0 0 0 0 0 0 11 0 0 0 0 0 2 0 0 0 0 0 17 15 30 9 0 48 1 21 13 6 0 0 0 0 18 42 0 0 26 13 1 1 0 0 0 0 0 0 0 0 0 0 3 10 0 0 9 0 0 23 0 0 0 0 0 0 0 0 0 0 0 0 0 0 0 0 0 0 0 0 0 0 0 0 0 0 0 0 0 0 0 0 0 0 0 0 0 0 0 0 0 0 0 0 0 1 1 0 2 91 13 5 0 0 0 0 0 0 0 0 0 0 0 0 0 0 0 0 0 0 0 0 0 0 0 0 0 0 0 0 0 0 0 0 0 0 0 0 0 0 
 176 93 128 0 538 135 63 54 151 88 359 26 338 315 149 198 210 330 68 165 0 2 3 3 0 0 2 2 0 2 0 0 19 0 0 0 0 1 191 1 0 0 0 0 0 0 2 2 0 3 0 0 0 0 0 0 0 0 0 0 3 3 0 2 2 0 0 0 0 3 0 0 3 44 3 1 1 0 0 2 0 0 33 11 9 12 37 0 15 53 59 0 0 0 18 15 15 29 0 0 29 0 14 0 0 0 10 0 15 0 0 0 23 7 6 1 1 0 53 12 0 0 0 0 0 0 0 0 20 0 0 0 0 0 0 2 0 0 0 0 0 0 0 0 0 0 3 0 0 12 0 1 0 0 0 0 0 0 2 0 17 34 18 17 28 20 0 0 7 48 34 15 0 15 0 16 26 25 1 0 11 11 0 0 0 0 25 17 7 14 0 0 0 0 46 0 6 0 10 30 0 0 0 0 0 0 0 0 0 0 0 0 0 0 0 0 0 0 0 0 0 2 0 0 0 0 0 0 2 0 0 0 0 0 0 0 12 0 0 0 0 0 0 0 2 0 98 0 1 0 1 17 0 2 0 0 0 0 0 0 0 0 11 0 0 0 0 0 0 0 0 0 0 0 0 0 10 24 0 0 0 0 0 0 0 0 0 0 0 0 
 37 334 272 538 0 72 68 84 86 191 185 89 177 88 95 147 195 35 71 90 1 3 5 35 0 3 0 0 0 22 3 0 76 2 0 0 3 0 73 75 5 0 0 0 3 0 2 2 0 13 0 2 2 4 4 1 0 1 0 0 10 2 0 3 2 4 0 19 0 3 0 0 0 3 3 3 0 0 0 3 0 0 1 4 32 28 0 0 10 28 35 1 0 0 15 9 0 13 0 0 42 0 11 0 0 0 11 7 0 0 0 0 14 13 1 0 14 1 41 9 0 0 0 0 0 0 0 0 0 0 0 0 0 0 2 0 0 0 0 0 0 0 0 0 0 0 4 0 1 0 0 3 0 0 0 0 0 0 0 0 0 16 0 4 29 14 0 0 24 19 11 37 0 0 7 11 16 0 0 0 27 4 0 0 0 1 40 18 19 19 11 0 10 17 45 9 19 0 1 0 0 0 0 0 0 0 0 0 0 0 0 0 0 0 0 0 0 0 0 0 0 0 0 0 0 0 0 0 0 0 0 0 0 0 0 0 0 0 0 0 0 0 0 0 0 4 3 0 3 0 0 1 0 0 0 0 2 0 0 0 8 0 11 0 0 0 1 0 0 0 0 0 0 0 0 0 0 0 0 0 0 0 0 0 0 0 0 0 0 0 
 239 43 417 135 72 0 36 252 94 755 731 254 42 60 218 158 152 179 248 41 0 37 3 3 0 5 75 0 0 2 0 1 0 58 0 0 0 25 285 148 0 0 0 0 0 0 2 1 0 3 0 0 0 0 7 0 0 0 0 0 0 3 0 3 2 0 0 0 0 3 0 0 2 0 3 2 0 0 0 3 0 2 19 6 20 0 0 23 0 29 74 75 0 0 0 0 39 17 0 0 14 20 1 0 0 0 1 2 0 0 0 0 25 9 9 15 15 0 11 36 0 0 0 0 0 2 0 0 0 0 0 0 0 0 0 0 0 0 0 1 0 0 0 1 0 0 0 0 0 0 0 0 0 0 0 0 0 0 6 0 0 0 0 47 10 41 0 0 0 13 3 34 0 1 0 1 1 0 0 0 0 24 0 14 0 1 15 18 0 0 10 0 29 2 18 1 62 2 43 12 0 0 0 0 0 0 0 0 0 0 0 0 0 0 1 0 0 0 0 0 0 7 0 0 0 0 0 0 0 0 1 0 0 0 0 0 0 0 0 0 0 0 0 0 0 0 86 0 1 96 0 5 0 1 0 0 0 0 0 0 1 0 1 0 0 0 1 0 0 0 0 0 0 0 0 0 0 21 0 0 0 0 0 0 0 0 0 0 0 0 
 213 153 393 63 68 36 0 621 363 447 246 130 187 268 120 39 74 121 326 202 1 2 3 2 2 1 0 2 0 2 0 2 3 0 0 3 0 0 0 0 0 0 0 0 0 7 2 0 0 3 0 2 0 0 0 0 2 0 1 0 0 4 0 3 6 0 0 2 0 55 0 0 0 0 3 5 0 0 1 3 23 22 8 14 14 13 0 10 12 0 0 0 13 21 10 18 23 3 0 15 0 0 0 0 0 0 0 0 0 0 0 0 0 0 0 0 0 0 0 0 0 0 0 0 0 0 0 0 0 0 0 0 0 0 0 1 0 0 0 0 0 0 1 0 0 0 0 0 0 0 0 0 0 0 9 0 0 0 0 0 13 2 20 0 0 0 0 9 0 0 0 0 11 28 18 13 0 0 0 60 0 0 0 0 0 0 0 0 0 0 0 0 0 0 2 0 0 0 18 0 0 0 0 0 0 0 0 0 16 1 0 0 0 2 0 0 2 0 0 0 0 1 0 0 0 0 0 0 0 0 0 0 0 0 0 0 0 0 0 0 0 16 0 0 0 2 0 0 4 3 53 1 0 0 0 0 0 0 0 0 0 0 0 0 0 0 0 0 0 0 0 0 0 0 0 0 0 0 0 0 0 0 0 0 0 0 0 0 0 0 
 231 137 92 54 84 252 621 0 163 56 50 138 100 117 44 30 42 240 263 138 0 2 3 2 0 0 0 0 0 2 1 0 0 0 0 0 1 0 0 0 0 0 0 0 0 0 0 0 0 3 0 0 0 0 0 0 4 0 0 0 0 2 0 3 2 0 0 0 0 3 0 0 0 0 3 3 0 0 4 3 0 0 1 2 0 1 18 27 13 11 0 1 0 21 0 21 28 0 13 15 0 0 0 0 0 0 0 0 0 0 0 0 11 0 0 0 0 0 8 0 0 0 0 0 0 0 0 0 0 0 0 0 0 0 0 2 0 5 0 0 0 0 0 0 0 33 0 0 0 0 0 0 0 0 0 0 0 0 0 0 15 7 18 6 0 1 0 14 13 0 13 0 1 21 0 0 1 9 0 10 0 0 0 0 0 0 0 11 0 0 0 0 8 0 15 0 0 0 0 0 0 0 0 0 0 0 0 0 0 2 0 0 0 1 0 0 0 0 0 0 0 0 0 0 0 0 0 0 0 0 0 0 0 0 0 0 0 0 0 0 0 11 0 0 2 0 0 0 0 0 0 9 0 0 0 0 0 0 0 0 0 0 0 0 0 0 0 0 0 0 0 0 0 0 0 0 19 0 0 0 0 0 0 0 0 0 0 0 0 0 
 244 208 182 151 86 94 363 163 0 167 357 270 252 371 409 74 40 214 165 164 2 4 3 2 0 0 74 1 0 2 0 0 1 0 0 0 0 0 79 89 0 0 0 0 0 0 0 1 0 3 0 0 0 0 0 28 0 0 0 0 0 2 0 3 2 0 0 0 0 3 0 0 1 0 3 3 0 0 0 3 22 58 31 40 22 37 10 19 47 0 15 0 19 1 27 45 23 26 0 0 0 2 0 0 0 0 8 11 0 0 0 0 1 0 0 0 2 0 6 14 0 0 0 0 0 1 0 0 0 0 0 0 0 0 0 0 0 0 0 0 0 0 0 2 0 0 0 0 0 0 0 0 0 0 0 0 0 1 1 0 28 13 9 17 15 14 20 28 0 19 15 0 0 33 20 0 60 22 7 20 0 0 0 0 0 0 0 0 0 7 0 0 23 0 0 0 0 0 12 12 0 0 0 0 0 0 0 0 0 0 0 0 0 0 0 0 0 0 0 1 0 0 0 0 0 0 0 0 0 0 0 0 0 0 0 0 0 0 0 0 0 0 0 0 0 2 103 0 85 2 0 11 1 0 0 0 0 0 0 0 0 0 0 0 0 0 0 0 0 0 0 0 0 0 0 12 17 0 0 0 0 0 0 0 0 0 0 0 0 0 
 26 258 76 88 191 755 447 56 167 0 204 228 49 75 112 323 170 178 98 67 14 2 5 6 2 1 22 1 0 2 3 1 83 0 3 14 0 0 95 23 3 1 0 3 0 0 6 0 0 3 0 3 7 5 0 0 0 0 0 53 9 6 0 3 4 1 2 0 0 3 6 0 4 0 6 3 0 0 2 4 1 11 0 17 51 8 0 0 1 39 45 32 0 0 0 0 25 28 0 0 29 0 15 0 0 0 0 10 2 0 0 0 25 10 21 0 0 0 1 10 0 0 0 0 0 0 0 0 0 0 0 0 0 0 0 0 0 0 0 0 0 17 0 0 0 0 0 0 0 2 0 0 0 0 0 0 0 0 5 0 0 0 0 30 16 30 0 0 31 9 28 16 0 0 0 0 0 0 1 3 0 11 0 0 0 0 1 10 0 0 0 0 3 41 21 0 0 0 74 24 0 0 1 0 0 2 0 0 0 0 0 0 0 0 0 0 0 0 0 0 0 0 0 0 1 0 0 0 0 0 0 0 0 0 0 0 2 0 0 0 0 0 0 0 0 2 3 0 2 3 0 27 3 0 0 0 0 0 0 1 0 0 0 0 0 0 0 0 0 0 0 0 0 0 0 14 12 16 0 0 0 0 0 0 0 0 0 0 0 0 
 45 294 55 359 185 731 246 50 357 204 0 225 31 123 114 304 146 198 35 78 1 2 3 2 0 0 0 0 0 2 0 2 0 0 0 0 0 0 142 0 0 0 0 0 0 0 0 0 0 3 0 1 0 0 0 5 0 2 0 0 54 2 0 3 2 0 0 0 0 3 0 0 0 0 3 3 0 0 0 3 0 18 28 0 40 23 19 0 12 19 42 35 0 0 6 0 38 0 0 7 5 0 0 0 0 0 0 23 2 0 0 0 16 0 13 0 0 8 26 17 0 0 0 0 0 0 0 0 0 0 0 0 0 0 0 0 0 0 0 0 0 0 0 0 0 17 0 0 0 2 0 0 0 0 0 0 0 8 5 0 2 19 0 57 29 6 0 0 70 5 5 49 0 0 11 26 39 24 19 2 1 0 0 0 0 0 17 28 1 0 1 0 16 12 40 0 19 0 34 24 0 0 13 0 0 0 0 0 0 0 0 0 0 0 0 0 0 0 0 0 0 17 0 0 1 0 0 0 0 0 0 0 0 0 0 0 2 0 0 0 0 0 0 0 0 2 46 0 1 2 2 18 15 0 0 0 0 0 0 0 0 0 0 0 0 0 0 0 0 0 0 0 0 0 0 14 0 23 0 0 0 0 0 0 0 0 0 0 0 0 
 34 244 23 26 89 254 130 138 270 228 225 0 41 36 124 353 250 180 30 25 2 103 3 3 0 0 0 0 0 2 0 6 0 0 0 64 0 0 147 0 8 0 0 8 0 0 2 1 0 3 0 0 0 0 0 0 0 0 0 3 0 3 0 3 2 0 0 0 0 3 0 0 2 0 3 2 0 0 0 40 14 0 0 0 15 12 0 0 0 12 0 27 9 1 0 0 38 14 1 0 30 0 0 0 0 1 10 0 0 0 0 0 17 0 1 1 0 0 20 1 0 0 0 0 0 0 0 0 0 0 0 0 0 0 0 0 0 0 1 0 0 0 0 0 0 4 0 1 0 0 0 0 0 1 0 0 0 0 2 0 0 10 0 20 12 0 0 5 4 11 10 14 0 0 2 0 0 0 0 0 23 2 1 0 31 0 30 14 0 24 9 0 45 0 17 15 30 24 14 0 0 18 0 2 0 0 0 0 0 0 0 0 0 0 0 0 0 0 0 0 0 0 0 0 0 3 0 0 0 0 0 0 0 0 0 0 0 0 0 0 0 0 0 0 0 0 0 0 1 87 0 3 0 0 2 0 0 0 0 0 2 0 0 0 0 0 0 0 0 0 0 0 0 0 0 0 0 0 0 0 0 0 0 0 0 0 0 0 0 0 
 40 340 173 338 177 42 187 100 252 49 31 41 0 491 169 55 288 154 176 169 2 2 3 2 0 0 0 203 0 2 0 0 73 0 0 1 0 0 2 0 0 0 0 0 0 0 1 0 0 3 0 0 0 0 0 0 0 0 0 0 0 4 0 3 2 0 0 0 50 3 0 0 0 16 3 47 0 0 36 3 20 33 10 59 11 28 31 20 62 55 2 10 41 18 116 18 14 34 0 62 0 0 0 2 24 6 0 0 0 0 0 0 0 0 0 0 2 0 0 0 0 0 0 0 0 0 0 0 0 0 0 2 0 0 0 0 0 0 0 0 0 0 0 0 17 0 2 0 0 0 0 0 2 0 0 0 0 0 2 0 1 18 0 3 2 22 27 24 11 21 0 12 22 17 33 14 27 10 30 0 0 2 10 0 0 0 11 2 0 0 0 0 0 0 0 0 0 0 0 0 0 12 0 0 0 0 0 0 0 0 0 0 0 18 0 0 0 0 0 0 0 0 0 1 0 0 0 0 0 0 0 0 0 0 0 0 0 0 0 0 0 0 0 0 0 2 6 0 0 11 0 7 0 0 0 0 0 0 0 0 0 0 10 0 0 0 0 0 0 0 0 0 0 19 0 12 14 0 0 0 0 0 0 0 0 0 0 0 0 0 
 150 62 139 315 88 60 268 117 371 75 123 36 491 0 79 233 132 272 76 143 2 2 5 4 2 1 0 2 0 2 0 2 3 0 2 3 0 0 0 1 0 0 0 0 0 0 2 0 0 3 0 0 0 0 0 0 0 0 2 0 0 2 0 4 2 0 0 1 0 4 0 0 0 0 3 66 0 0 1 3 0 1 17 19 15 1 52 16 19 11 22 8 17 10 24 30 0 20 0 8 0 0 0 0 1 0 5 14 0 0 0 0 0 0 0 0 0 0 0 0 1 0 0 0 0 0 3 0 0 0 0 0 0 0 0 0 0 0 0 0 0 0 0 0 0 0 19 0 0 0 0 0 0 0 0 0 0 0 0 0 37 0 32 0 10 22 23 0 19 10 30 25 0 20 40 12 35 25 10 0 0 0 1 0 0 13 0 17 0 0 0 0 0 0 0 0 0 0 11 14 0 0 0 0 0 0 0 0 1 0 0 0 0 0 0 0 0 0 0 0 0 0 0 0 0 0 0 0 0 0 0 0 0 0 0 0 0 0 0 19 0 0 0 0 0 0 92 0 2 6 0 8 13 0 0 0 0 0 0 0 0 0 1 1 0 0 0 0 0 0 0 0 0 0 0 54 23 0 0 0 0 0 0 0 0 0 0 0 0 0 
 307 274 493 149 95 218 120 44 409 112 114 124 169 79 0 194 38 38 50 311 0 2 3 2 1 0 0 2 0 2 0 0 0 0 0 1 0 1 51 0 72 0 0 0 0 0 2 0 0 3 0 0 0 0 0 0 0 0 0 0 0 2 0 3 2 0 0 0 0 3 49 0 0 0 3 3 0 0 0 3 18 20 8 12 0 28 15 20 9 0 11 0 0 0 1 48 22 59 14 0 15 0 0 0 0 0 0 10 0 0 0 0 1 0 0 0 0 0 10 1 0 0 0 0 0 0 0 7 2 0 0 0 0 0 0 0 0 0 0 0 0 0 0 0 0 10 0 0 2 0 0 0 0 0 0 0 0 0 0 0 19 17 23 18 28 0 0 0 22 7 0 0 0 43 23 0 58 25 0 18 0 0 0 9 0 0 0 0 0 0 0 0 0 10 0 0 0 0 21 10 0 0 0 0 0 0 0 0 0 0 0 0 0 0 0 0 0 0 0 0 0 0 0 0 0 0 2 2 0 0 0 0 0 0 0 1 0 0 0 0 0 0 0 0 0 2 96 2 4 6 1 6 2 0 0 0 0 0 0 0 0 0 0 0 0 2 0 0 0 0 0 0 0 0 0 16 0 43 0 0 0 0 0 0 0 0 0 0 0 0 
 30 53 181 198 147 158 39 30 74 323 304 353 55 233 194 0 574 39 247 143 2 4 3 3 0 0 0 1 0 2 0 30 0 0 0 0 0 0 74 1 0 0 0 0 0 0 0 1 0 3 0 0 0 0 0 0 0 0 0 0 5 2 0 3 2 0 0 0 0 3 0 0 1 0 3 2 0 0 0 3 7 0 53 0 13 28 9 0 26 56 35 6 16 0 26 9 14 37 2 0 0 0 0 0 0 2 13 20 0 0 0 0 21 17 2 0 0 0 12 3 0 0 0 0 0 0 0 0 0 0 0 0 0 0 0 0 0 0 2 0 0 13 0 0 0 0 13 20 0 0 0 0 0 2 0 0 0 0 0 0 15 9 11 15 11 4 22 0 24 18 26 11 0 12 1 28 9 11 18 0 2 0 0 0 0 0 0 0 0 0 0 0 0 44 0 0 0 0 22 22 0 34 0 0 0 0 0 0 0 0 0 0 0 0 0 0 0 0 0 0 0 0 0 0 0 0 0 0 0 0 0 0 0 0 0 0 0 0 0 0 0 0 0 0 0 0 90 0 2 2 0 9 18 0 0 2 0 0 0 0 0 0 9 2 0 0 0 0 0 0 0 2 0 0 0 16 3 0 0 0 0 0 0 0 0 0 0 0 0 0 
 39 39 37 210 195 152 74 42 40 170 146 250 288 132 38 574 0 160 23 101 1 2 3 7 0 0 0 1 2 3 0 0 0 0 3 0 0 0 75 0 0 0 0 0 0 0 0 0 0 3 0 0 0 0 0 0 0 2 26 0 6 2 0 3 2 0 0 0 0 3 0 3 0 0 3 3 0 0 0 3 32 12 33 25 19 47 0 0 10 46 33 10 0 2 35 23 32 22 0 0 54 0 16 0 0 0 31 0 0 0 0 0 1 0 13 0 0 0 0 0 0 0 0 0 0 0 0 0 0 0 0 0 0 2 0 0 0 0 0 0 0 9 0 6 1 0 0 0 0 0 0 0 0 0 0 0 0 0 4 0 1 19 0 17 36 19 0 0 40 11 66 72 2 0 0 3 22 0 0 0 0 10 0 0 0 0 1 13 0 0 0 0 0 12 16 0 0 0 18 10 0 0 0 0 0 0 0 0 0 1 0 0 2 1 0 0 0 0 0 0 0 0 1 0 0 0 0 0 0 0 0 0 0 0 0 0 0 0 0 21 0 0 0 0 0 1 3 1 0 0 1 8 0 0 0 0 0 0 0 0 0 0 1 0 0 0 0 0 0 0 0 0 0 0 0 14 5 22 0 0 0 0 0 0 0 0 0 0 0 0 
 29 135 154 330 35 179 121 240 214 178 198 180 154 272 38 39 160 0 68 36 1 3 7 4 0 94 75 0 1 4 0 0 26 0 0 0 0 0 75 73 0 0 0 4 5 0 2 0 55 8 0 0 4 5 5 0 0 0 0 0 0 2 0 3 2 4 0 1 0 3 0 1 0 2 3 3 0 0 0 3 17 18 6 30 42 12 0 0 19 30 6 29 7 10 0 9 45 31 0 0 14 0 0 0 0 0 16 0 0 0 0 0 28 20 12 0 0 0 5 14 0 0 0 0 0 0 0 0 0 0 0 0 0 0 1 0 0 0 0 0 0 0 0 0 0 0 0 0 2 0 0 0 0 0 0 0 0 0 5 0 0 14 0 43 22 20 24 11 21 16 3 39 0 0 0 0 9 0 8 0 1 0 1 0 0 2 35 11 0 4 12 0 10 0 27 1 19 0 52 0 0 0 0 0 0 0 0 0 0 0 0 0 0 0 0 0 0 0 0 0 0 0 0 0 0 0 0 0 0 0 0 0 0 0 0 2 0 0 0 0 0 0 0 0 0 2 0 0 3 85 0 7 0 2 0 0 0 0 0 0 0 0 0 0 0 0 2 0 0 0 12 0 0 0 0 0 18 16 0 0 0 0 0 0 0 0 0 0 0 0 
 107 47 251 68 71 248 326 263 165 98 35 30 176 76 50 247 23 68 0 183 1 2 3 5 1 0 0 0 0 2 0 0 0 0 2 0 0 0 0 0 0 0 0 0 0 6 0 1 0 3 8 0 4 0 0 0 0 0 2 64 0 2 2 4 2 0 0 0 0 3 0 0 1 6 3 2 0 0 0 3 15 10 0 0 0 0 19 94 25 0 0 0 14 10 16 0 0 14 20 33 0 0 0 0 0 0 0 0 0 0 0 0 0 0 0 0 0 0 0 0 0 0 4 0 0 0 0 0 0 0 0 0 0 14 0 0 0 0 0 0 0 0 0 0 0 0 0 0 0 0 0 0 14 0 6 0 0 0 0 0 2 12 1 9 0 2 0 12 1 18 0 0 9 14 0 0 10 0 40 1 0 0 0 0 0 0 0 0 0 0 0 0 0 0 0 0 0 0 0 0 0 0 0 0 0 0 0 0 0 0 0 0 0 0 0 0 0 0 0 0 0 0 0 0 0 0 0 0 0 0 0 0 0 0 0 0 0 29 0 0 0 0 0 0 0 0 2 0 0 92 0 8 0 0 0 0 0 0 0 0 0 0 0 0 0 0 0 0 0 0 0 0 0 0 0 0 0 0 0 0 0 0 0 0 0 0 0 0 0 0 
 218 54 45 165 90 41 202 138 164 67 78 25 169 143 311 143 101 36 183 0 1 2 6 3 0 0 0 5 0 5 2 0 0 0 0 0 2 0 0 0 3 0 0 32 0 2 0 2 0 3 0 2 0 0 4 0 0 0 0 0 0 2 0 5 2 0 0 0 0 3 0 0 0 0 3 3 0 0 0 3 5 0 1 0 0 14 11 12 40 9 1 0 0 10 10 11 1 26 10 19 0 0 0 0 1 0 0 0 0 0 0 0 0 0 0 0 0 0 0 17 0 0 0 0 0 0 0 0 0 0 0 0 0 0 0 0 0 0 0 0 0 0 0 0 0 0 0 0 26 0 0 0 0 0 4 0 0 0 0 0 1 23 1 7 56 0 16 0 12 12 0 15 35 0 0 13 14 0 0 10 0 0 1 0 11 0 9 0 0 9 0 0 0 0 0 0 1 0 0 0 0 0 0 0 0 0 0 0 1 0 0 0 0 0 0 0 0 0 0 0 0 0 0 0 0 0 0 1 1 0 0 0 0 0 0 0 0 0 0 0 0 0 0 0 0 0 5 2 0 0 2 4 0 0 0 0 0 0 0 0 0 0 11 0 0 0 0 0 0 0 0 0 0 0 0 0 0 0 0 0 0 0 0 0 0 0 0 0 0 0 
 1 2 1 0 1 0 1 0 2 14 1 2 2 2 0 2 1 1 1 1 0 166 190 155 36 31 144 88 295 296 190 111 154 122 270 323 141 349 258 360 0 204 3 0 0 205 204 0 3 2 0 11 3 1 3 0 0 0 0 0 0 2 0 3 0 3 0 0 0 5 50 3 10 0 0 3 0 0 2 0 0 0 0 0 0 0 0 0 0 0 0 0 18 0 0 0 2 0 0 0 1 45 56 12 12 0 20 21 12 56 12 0 0 3 6 0 39 14 23 1 0 0 0 0 0 0 0 0 0 0 0 0 59 0 0 0 0 0 9 10 0 0 0 0 0 0 0 0 0 0 0 0 1 0 0 15 0 0 0 3 0 0 8 0 0 0 10 0 0 5 0 2 0 2 0 0 0 0 0 12 17 14 17 1 1 31 0 0 27 0 7 12 21 0 8 0 9 17 0 0 0 0 0 0 0 0 0 0 0 0 0 0 16 0 0 0 0 0 0 0 0 0 0 0 0 1 0 0 0 0 0 0 0 0 0 0 0 0 0 0 0 0 15 0 0 0 0 0 0 2 0 0 0 0 11 1 2 77 174 3 0 2 0 0 1 0 0 0 0 0 0 0 0 0 0 0 0 0 0 0 0 0 0 0 0 7 0 0 0 0 
 4 2 3 2 3 37 2 2 4 2 2 103 2 2 2 4 2 3 2 2 166 0 318 258 137 126 119 340 122 154 133 27 53 186 154 122 64 199 199 448 0 0 0 9 0 6 2 0 0 2 0 2 0 0 3 0 0 0 0 16 0 0 0 3 8 3 0 0 0 2 0 0 0 0 0 0 0 0 4 0 0 0 0 0 14 0 0 0 2 1 0 0 0 0 0 0 0 0 0 0 15 19 0 14 13 0 11 8 1 0 14 15 0 0 48 17 34 11 13 12 0 1 1 0 0 0 11 0 0 0 0 0 0 0 0 0 0 0 2 0 0 0 0 0 0 0 0 0 0 0 0 0 0 0 0 0 0 0 0 0 1 0 3 0 0 0 2 0 0 4 0 0 0 0 0 0 0 0 0 0 25 32 98 74 40 0 0 16 34 22 0 0 31 25 1 58 0 21 0 10 10 0 0 0 0 0 0 0 0 0 0 0 0 0 0 0 0 0 0 10 0 0 0 0 0 0 0 0 0 0 0 0 0 0 0 0 0 0 0 2 0 0 0 0 0 2 0 0 0 0 0 0 0 0 10 0 0 0 77 0 2 12 0 0 0 0 0 0 0 0 0 0 0 0 0 0 0 0 0 0 0 11 0 0 0 0 0 0 0 0 
 3 3 4 3 5 3 3 3 3 5 3 3 3 5 3 3 3 7 3 6 190 318 0 433 163 35 99 96 80 334 60 64 288 61 159 310 154 112 53 128 0 2 2 0 0 2 33 0 0 2 0 6 0 11 3 0 0 0 63 23 0 0 0 63 0 2 0 0 1 2 0 0 0 0 0 47 0 0 1 0 0 0 0 0 0 0 0 0 0 0 0 0 0 0 0 0 0 0 0 12 0 28 13 53 9 0 0 0 12 23 25 0 0 0 0 0 25 0 0 0 23 0 0 0 0 0 1 15 0 0 0 0 19 0 0 0 1 0 22 14 0 0 0 0 0 0 0 0 0 0 0 0 0 0 0 0 0 0 0 13 0 0 0 0 0 0 0 0 18 0 0 0 0 0 0 0 0 0 0 0 0 0 40 27 6 25 0 0 0 24 0 35 0 0 0 13 26 23 0 0 0 0 0 0 0 0 0 0 0 0 0 0 22 2 4 0 12 0 4 36 0 0 0 0 0 0 0 0 0 0 0 0 0 0 0 1 0 0 0 0 0 0 20 0 0 0 0 0 0 0 0 0 0 0 5 0 3 78 75 0 2 0 0 0 0 0 0 0 0 0 0 2 0 0 0 0 0 0 0 0 0 0 0 0 0 0 0 0 0 1 
 3 3 1 3 35 3 2 2 2 6 2 3 2 4 2 3 7 4 5 3 155 258 433 0 180 35 417 100 70 363 123 277 86 136 182 131 143 253 97 174 0 0 0 0 0 2 73 0 0 2 0 2 0 5 3 2 0 37 0 62 0 5 0 11 0 3 0 0 44 2 0 0 0 0 0 1 0 0 2 0 0 0 0 0 0 0 0 0 0 0 0 15 0 0 0 0 0 0 0 0 0 18 0 29 73 0 13 0 1 44 14 10 0 0 1 16 14 32 0 0 0 19 28 0 0 0 2 0 1 0 0 0 0 18 29 21 1 0 1 10 0 0 0 0 0 0 0 0 0 0 0 0 0 0 0 0 0 0 0 9 0 0 6 10 0 0 1 0 0 7 0 0 0 0 2 0 0 0 0 37 0 1 33 36 28 0 1 0 0 52 9 15 19 0 0 8 46 21 0 1 8 0 0 0 0 0 0 0 0 0 0 0 0 24 9 1 0 0 9 2 0 0 0 0 0 0 0 0 0 0 0 0 0 0 0 0 0 0 0 0 0 0 0 0 0 0 0 0 0 0 0 0 0 6 3 4 4 2 76 0 0 0 0 0 0 0 0 0 0 0 0 0 0 0 0 0 0 0 0 0 0 0 0 0 0 0 0 0 0 0 
 0 0 0 0 0 0 2 0 0 2 0 0 0 2 1 0 0 0 1 0 36 137 163 180 0 389 70 88 371 250 262 139 315 127 183 330 158 229 69 122 0 0 0 0 0 2 1 0 0 2 0 2 0 1 3 0 66 0 0 0 0 4 0 3 0 1 0 0 1 2 0 0 0 0 0 0 0 0 0 0 0 0 0 0 0 0 0 0 0 0 0 0 0 0 0 0 0 0 0 0 0 2 0 23 10 38 0 0 0 23 49 13 0 1 0 0 0 26 0 0 1 0 12 14 0 0 11 0 18 3 0 14 6 50 1 0 10 0 19 5 0 2 0 5 0 0 2 12 0 0 1 0 0 0 0 0 0 0 0 0 0 0 0 0 0 0 0 0 6 0 0 0 0 1 0 0 0 0 0 0 0 0 12 0 23 0 0 0 1 10 11 15 0 0 0 13 10 16 0 0 23 7 4 0 0 0 12 19 0 61 0 0 23 18 0 21 0 0 47 26 0 0 0 0 0 2 0 0 0 0 0 19 0 0 0 0 0 0 0 0 0 0 2 0 0 0 0 0 0 0 0 0 0 0 15 0 2 80 76 0 4 17 0 1 0 0 0 0 0 0 0 0 0 0 0 0 0 0 0 0 0 21 0 0 0 0 9 0 0 0 
 0 2 2 0 3 5 1 0 0 1 0 0 0 1 0 0 0 94 0 0 31 126 35 35 389 0 46 57 190 39 166 301 245 42 48 61 131 208 271 67 32 70 0 0 0 2 0 127 64 65 0 2 0 68 3 130 0 33 0 125 0 0 0 3 0 3 0 0 2 2 0 0 3 0 3 0 1 0 2 0 0 0 0 0 16 0 0 0 0 0 0 0 0 0 0 0 0 0 0 0 0 0 20 32 2 70 0 0 0 2 12 11 0 0 0 0 0 8 0 14 27 11 0 0 0 0 19 10 21 26 10 0 11 12 1 14 6 0 18 13 0 0 0 0 0 0 0 0 0 0 0 0 0 0 0 0 0 0 0 2 0 0 0 0 0 0 0 0 0 0 0 0 0 0 0 0 0 0 0 0 0 0 27 14 20 17 0 0 0 0 17 15 0 0 0 9 11 21 0 0 69 25 0 0 0 0 12 9 12 15 0 0 2 12 0 23 17 12 0 35 0 1 0 0 0 0 0 7 0 0 0 0 0 0 2 0 0 0 0 0 0 0 0 0 0 0 0 0 2 0 0 0 0 0 15 6 0 0 83 0 9 9 0 0 0 0 0 0 0 0 0 0 0 0 0 0 0 0 0 0 0 20 0 0 25 13 0 0 0 0 
 0 75 30 2 0 75 0 0 74 22 0 0 0 0 0 0 0 75 0 0 144 119 99 417 70 46 0 168 145 148 140 235 204 549 227 238 42 45 142 132 0 0 0 0 35 2 2 0 76 2 0 2 0 0 3 4 202 0 0 0 0 0 0 3 0 1 0 0 0 2 0 0 0 0 0 0 0 0 5 0 0 9 0 0 43 0 0 0 0 0 0 15 0 0 0 0 0 0 0 0 14 2 20 2 0 27 2 32 36 29 65 60 17 2 36 26 2 14 1 45 0 0 0 0 0 0 0 0 0 2 0 0 20 0 0 14 0 15 20 0 0 2 0 0 0 0 2 0 0 0 1 1 46 0 0 0 0 0 0 0 0 0 2 0 0 24 0 0 0 0 0 0 0 1 0 0 0 0 0 8 9 48 17 14 2 0 14 0 21 35 10 19 1 35 0 9 47 0 0 25 1 0 0 0 0 0 0 0 0 0 0 0 0 0 0 4 0 0 0 0 0 0 0 0 0 2 0 14 0 0 0 0 4 0 0 0 0 0 0 0 0 0 0 0 0 0 0 0 0 0 0 0 0 3 8 0 0 81 1 0 36 1 0 0 0 0 10 0 0 0 0 0 0 0 0 0 0 0 0 0 0 0 0 0 0 0 1 0 0 0 
 2 6 1 2 0 0 2 0 1 1 0 0 203 2 2 1 1 0 0 5 88 340 96 100 88 57 168 0 156 108 99 179 109 296 204 130 40 110 56 145 0 3 0 0 0 2 0 1 0 4 0 2 0 0 6 0 0 1 0 64 0 7 49 3 0 1 1 50 0 2 0 3 0 0 4 0 0 0 0 0 0 0 0 0 0 0 0 0 0 0 0 0 0 0 0 0 0 0 0 0 20 20 11 0 0 41 0 5 29 56 18 32 0 19 20 11 1 10 0 0 3 0 0 0 0 0 0 0 0 0 0 0 25 7 73 0 0 0 32 0 0 0 0 0 0 0 0 0 0 0 0 0 3 0 0 0 0 0 0 0 0 0 0 0 0 0 0 0 0 0 0 0 0 0 0 0 0 9 0 0 0 25 47 2 34 0 10 0 17 0 37 19 0 19 11 49 10 11 0 8 0 0 0 0 0 0 1 0 0 0 0 0 8 0 0 12 0 0 30 0 0 0 0 0 0 0 0 0 0 0 0 0 0 0 0 0 0 0 0 0 0 0 0 0 0 1 0 0 2 0 0 0 0 0 13 1 0 78 0 0 23 4 0 0 0 0 0 0 0 0 0 0 0 0 0 0 0 0 0 0 0 0 0 0 0 0 9 0 0 0 
 0 0 0 0 0 0 0 0 0 0 0 0 0 0 0 0 2 1 0 0 295 122 80 70 371 190 145 156 0 251 157 397 248 103 273 84 104 126 79 132 0 4 7 0 0 2 1 0 0 2 0 2 0 0 3 0 0 0 0 0 0 0 0 2 0 0 45 0 0 3 0 0 51 0 0 0 0 0 5 0 0 0 0 0 0 0 0 0 0 0 0 0 1 0 0 0 0 0 0 0 0 18 15 11 41 40 5 36 32 14 9 28 0 17 25 17 1 42 0 9 11 4 0 0 0 0 11 0 0 0 0 0 6 12 0 0 0 0 22 0 0 0 0 5 0 0 0 0 0 0 0 0 0 0 0 19 0 0 0 0 0 0 0 0 0 0 0 0 0 0 0 0 0 0 0 0 0 0 0 3 16 8 0 26 0 0 14 0 19 24 19 0 0 0 1 23 2 26 2 12 14 7 0 0 0 0 0 10 0 0 0 0 0 0 0 7 0 0 1 18 0 0 0 0 0 0 0 0 0 0 0 1 0 0 0 0 0 0 0 0 0 0 0 0 0 0 0 0 0 0 0 0 0 0 8 0 2 2 2 0 8 13 0 0 0 0 4 0 0 0 0 0 0 0 0 0 0 0 0 5 0 29 0 0 0 10 0 0 0 0 
 2 2 2 2 22 2 2 2 2 2 2 2 2 2 2 2 3 4 2 5 296 154 334 363 250 39 148 108 251 0 214 41 442 373 463 161 249 102 176 107 62 0 0 0 0 2 3 0 0 3 0 8 1 0 6 0 0 1 0 0 0 2 0 3 0 2 0 0 0 2 0 0 0 0 0 0 0 0 12 0 0 0 0 0 13 0 0 0 0 0 0 0 0 0 0 0 0 14 0 0 32 12 2 15 1 25 30 0 28 11 18 35 0 12 0 11 13 56 0 35 0 0 0 0 0 0 11 0 0 0 0 0 14 0 0 0 0 0 17 9 0 0 0 4 0 0 0 0 0 0 0 0 0 0 0 11 0 0 0 0 0 0 3 0 0 0 13 0 0 3 0 0 0 0 7 0 0 0 0 0 10 12 24 0 26 11 1 0 17 14 0 1 10 12 3 9 29 21 1 0 0 27 0 0 0 0 0 0 0 0 0 0 47 0 2 0 0 0 16 12 0 0 0 0 0 0 0 0 0 0 0 0 0 0 0 0 0 0 0 0 0 0 1 0 0 0 0 0 0 0 0 0 0 0 3 2 2 76 84 0 0 14 9 0 0 0 7 0 0 0 0 0 0 0 0 0 0 0 0 0 0 15 0 0 0 0 32 0 0 0 
 0 2 0 0 3 0 0 1 0 3 0 0 0 0 0 0 0 0 0 2 190 133 60 123 262 166 140 99 157 214 0 163 183 198 93 179 211 216 28 339 32 0 29 0 0 2 1 0 20 2 1 2 0 0 3 0 0 1 0 0 0 17 6 3 0 3 0 0 0 2 0 0 0 4 0 0 0 0 5 0 0 0 0 0 0 0 0 0 0 0 0 0 0 0 0 0 0 0 0 0 0 10 15 0 31 81 21 21 38 5 2 35 0 9 17 22 3 49 0 0 11 13 0 0 0 2 0 0 0 0 0 0 0 13 0 0 2 1 20 0 2 0 0 4 0 0 0 0 0 2 0 0 0 0 0 0 0 0 0 0 0 2 9 0 0 0 5 0 0 3 1 0 0 0 0 0 0 0 0 0 22 0 5 5 15 12 0 0 23 11 0 0 8 0 0 0 14 12 0 0 0 13 0 0 0 0 0 10 0 0 0 0 38 0 0 7 7 0 9 8 0 0 0 0 0 0 2 0 0 0 0 0 0 0 22 0 2 0 0 0 0 0 0 0 0 0 0 0 0 0 0 0 0 0 8 5 0 79 5 0 0 1 0 0 0 0 12 0 0 0 0 0 0 0 0 0 0 0 0 6 0 14 0 0 0 11 16 0 0 0 
 1 3 0 0 0 1 2 0 0 1 2 6 0 2 0 30 0 0 0 0 111 27 64 277 139 301 235 179 397 41 163 0 118 189 159 126 131 62 233 33 1 0 0 0 0 4 0 0 76 2 0 2 0 14 3 73 0 3 0 0 0 5 0 3 0 2 0 0 2 2 0 0 0 0 0 1 0 0 2 0 0 0 0 0 0 2 0 0 0 0 0 0 0 0 0 0 0 0 0 0 0 13 6 13 0 9 9 16 35 28 16 13 0 9 24 51 15 13 0 0 0 31 12 0 0 8 10 15 0 14 0 0 13 23 11 20 9 0 6 12 0 0 0 0 1 0 0 0 0 0 0 0 5 17 0 0 0 0 0 1 0 0 0 0 10 0 0 0 0 3 0 0 0 0 0 0 0 0 0 14 6 21 0 14 1 0 22 0 12 26 0 12 2 0 0 0 15 0 0 9 7 12 0 0 10 0 11 0 12 0 0 0 12 41 14 26 1 11 0 0 0 0 0 0 0 0 0 0 2 0 0 0 0 0 0 0 0 0 0 0 0 0 0 0 0 0 0 0 0 0 0 0 0 0 108 0 2 120 1 0 21 1 0 0 0 0 6 0 0 0 0 0 0 6 0 0 0 0 0 0 0 0 0 0 12 0 11 0 0 0 
 0 1 74 19 76 0 3 0 1 83 0 0 73 3 0 0 0 26 0 0 154 53 288 86 315 245 204 109 248 442 183 118 0 258 413 30 195 287 76 290 0 0 0 0 1 2 2 1 0 2 0 4 0 2 5 5 3 0 0 0 0 0 0 2 0 0 1 0 0 3 0 0 0 1 0 0 1 3 59 0 1 1 0 0 19 0 35 0 0 2 0 16 0 0 0 16 0 0 0 0 10 4 18 0 0 19 11 6 19 1 1 86 23 2 21 14 1 17 0 64 14 0 0 0 0 0 0 0 0 0 0 0 0 0 0 0 0 0 20 0 0 0 0 0 0 0 0 0 0 0 0 0 0 0 0 0 0 0 0 0 1 0 0 0 0 19 2 0 0 1 0 0 0 0 1 0 0 0 0 0 42 13 0 13 0 0 19 14 46 1 5 0 12 18 13 1 0 0 0 19 0 0 0 0 0 0 0 0 0 0 0 0 0 0 0 0 0 0 0 0 0 0 0 0 0 0 0 0 0 0 0 0 0 0 0 0 0 0 0 0 0 0 0 0 0 0 0 20 0 0 0 0 0 0 11 0 4 8 0 1 2 0 0 0 0 0 5 0 0 0 0 0 0 0 0 0 0 0 0 0 0 0 0 0 0 0 2 0 0 0 
 0 3 3 0 2 58 0 0 0 0 0 0 0 0 0 0 0 0 0 0 122 186 61 136 127 42 549 296 103 373 198 189 258 0 311 99 46 199 93 159 0 0 0 7 1 3 2 0 0 2 0 2 0 0 3 0 0 0 0 7 0 9 0 3 0 2 0 0 0 2 0 0 0 0 0 0 0 0 1 0 0 0 0 0 0 0 0 0 0 0 0 0 0 9 0 0 0 0 0 0 0 21 21 11 0 14 25 24 11 46 51 33 0 9 0 23 0 37 0 13 0 0 0 0 0 0 0 0 0 0 0 0 0 8 0 0 0 0 18 0 0 0 0 0 0 0 1 0 0 0 0 2 5 0 0 0 0 0 0 0 1 0 3 0 0 0 1 0 0 5 0 0 0 0 0 2 0 0 0 3 25 19 39 0 36 0 0 0 20 23 55 12 15 47 9 16 19 26 0 8 0 0 0 0 0 0 0 0 0 0 0 0 18 0 0 17 0 0 9 1 0 0 0 0 0 0 0 0 0 0 0 0 0 0 0 0 0 0 0 0 0 0 0 0 0 0 0 0 0 0 0 0 0 0 8 0 2 43 75 0 0 0 0 0 0 0 0 0 0 0 0 0 0 0 0 0 0 0 0 0 0 0 0 0 0 0 12 0 0 0 
 30 0 0 0 0 0 0 0 0 3 0 0 0 2 0 0 3 0 2 0 270 154 159 182 183 48 227 204 273 463 93 159 413 311 0 189 63 228 64 141 0 0 0 2 0 2 1 0 0 3 0 3 0 0 3 0 0 2 0 73 0 13 0 3 0 1 0 0 0 2 0 0 0 0 0 0 0 0 3 0 0 0 0 0 0 0 0 0 0 0 0 0 0 0 0 0 0 0 0 0 12 22 24 0 0 52 10 12 111 17 36 28 0 43 24 1 10 13 0 11 0 0 0 0 0 0 0 0 0 0 0 0 19 1 0 0 16 0 49 0 0 0 0 0 0 0 0 0 4 0 0 6 2 0 7 0 0 0 0 4 0 0 0 0 0 0 0 0 0 0 0 1 0 0 0 0 10 0 0 0 20 47 30 11 24 0 15 0 42 1 30 12 0 26 1 31 0 65 0 0 0 0 0 0 0 0 1 0 0 0 0 0 27 0 0 4 0 0 0 0 0 2 0 0 0 0 0 0 0 0 0 0 0 0 1 0 0 0 0 0 0 0 0 0 0 0 27 0 0 0 0 0 0 0 3 1 4 155 0 2 21 0 0 0 0 0 15 0 0 0 0 0 0 0 0 0 0 0 0 0 0 0 0 0 0 0 16 0 0 0 
 0 0 0 0 0 0 3 0 0 14 0 64 1 3 1 0 0 0 0 0 323 122 310 131 330 61 238 130 84 161 179 126 30 99 189 0 123 124 50 92 0 208 5 5 6 2 33 0 6 3 0 3 1 1 6 2 3 1 63 85 0 0 0 9 0 11 3 2 5 2 3 0 0 5 4 0 0 0 0 0 0 0 0 0 38 0 0 0 0 0 0 0 0 0 0 0 0 0 0 0 0 12 6 27 9 0 20 12 12 39 47 0 0 0 13 8 14 13 0 0 25 0 0 0 0 0 0 0 6 2 0 0 19 0 0 0 15 0 10 0 0 2 0 0 0 0 0 0 0 0 0 0 17 0 0 0 0 0 0 0 0 0 6 0 0 0 1 0 0 17 9 0 0 0 0 0 0 0 0 7 9 21 0 0 25 19 14 0 0 39 2 35 25 0 0 0 42 27 0 6 0 0 0 0 0 0 0 6 0 0 0 0 15 0 5 12 0 0 0 29 0 0 0 2 0 2 0 0 0 0 0 0 0 0 0 0 0 0 5 0 0 0 0 0 0 0 0 0 0 0 0 0 0 0 6 0 1 123 75 2 2 0 0 0 0 0 0 0 0 0 0 0 0 0 0 0 0 0 0 3 0 0 0 0 0 1 0 0 0 0 
 0 2 0 0 3 0 0 1 0 0 0 0 0 0 0 0 0 0 0 2 141 64 154 143 158 131 42 40 104 249 211 131 195 46 63 123 0 65 42 61 62 0 3 0 0 2 27 0 21 4 2 6 3 66 4 27 0 0 63 90 0 1 0 7 0 3 0 0 2 5 0 3 12 1 0 3 0 0 2 0 0 0 0 0 0 0 0 0 0 0 0 0 11 0 0 0 0 0 0 8 19 11 16 10 8 47 0 0 9 13 15 11 0 11 0 0 12 10 2 0 16 0 0 0 0 2 9 0 0 0 1 0 10 6 0 0 3 0 39 22 0 0 0 5 0 0 0 0 0 0 0 0 0 0 0 0 0 0 0 7 0 2 1 0 2 2 0 0 0 0 17 0 1 0 0 0 0 0 0 1 0 0 18 1 32 36 0 0 0 24 14 45 0 0 0 1 30 51 0 0 0 51 7 1 0 0 9 0 0 0 0 0 26 0 4 0 0 0 13 42 0 0 0 0 0 0 2 0 0 0 0 0 0 0 0 0 0 0 1 0 0 0 10 0 0 0 0 0 0 0 0 0 0 0 2 1 0 0 0 2 1 12 0 0 0 0 0 0 0 1 0 0 0 2 0 0 0 0 0 0 0 13 0 0 0 0 0 0 0 0 
 2 0 0 1 0 25 0 0 0 0 0 0 0 0 1 0 0 0 0 0 349 199 112 253 229 208 45 110 126 102 216 62 287 199 228 124 65 0 36 187 0 0 0 0 2 2 2 0 0 2 6 2 0 0 3 63 0 0 0 5 0 5 0 5 0 3 0 0 0 2 0 0 0 0 0 0 0 0 2 0 0 0 0 0 0 0 0 0 0 0 0 13 0 0 0 0 0 0 0 0 2 24 19 21 26 12 18 21 0 9 12 31 0 0 16 2 18 24 14 0 12 0 0 0 0 0 0 0 0 0 0 0 0 23 2 0 0 0 0 0 0 0 0 0 0 0 0 0 0 0 0 0 0 0 0 1 0 0 0 12 0 0 5 0 0 0 7 0 0 53 26 0 0 0 0 0 0 0 0 1 18 13 21 13 6 0 0 0 20 8 13 0 31 12 0 13 13 12 0 0 12 0 0 0 0 0 0 29 0 0 0 0 25 0 12 6 0 0 32 13 0 0 0 0 1 0 0 0 0 0 1 0 0 0 0 0 0 0 0 0 0 0 0 0 0 0 0 0 0 0 0 0 0 0 11 0 0 77 76 0 0 1 0 0 0 0 0 0 0 0 0 0 0 0 0 0 0 0 0 0 0 11 0 0 0 0 13 0 0 0 
 2 75 2 191 73 285 0 0 79 95 142 147 2 0 51 74 75 75 0 0 258 199 53 97 69 271 142 56 79 176 28 233 76 93 64 50 42 36 0 158 0 0 0 0 26 4 1 4 0 2 0 31 0 0 3 1 0 0 0 0 0 54 0 3 0 2 0 0 0 2 0 0 0 0 0 0 0 0 1 0 0 14 6 1 24 22 0 10 13 8 23 13 0 0 0 0 11 9 0 0 22 6 0 0 0 0 0 10 0 0 17 0 0 0 17 1 8 0 33 17 16 1 1 0 0 0 0 0 0 0 0 0 0 0 0 0 0 0 2 0 0 0 0 0 0 0 0 1 0 0 0 0 0 0 0 0 0 0 2 0 0 13 0 47 33 12 0 0 12 8 0 7 0 0 0 0 14 0 0 0 0 1 21 0 0 0 2 23 0 21 0 0 21 13 23 23 0 0 29 11 0 0 0 0 0 0 0 0 0 0 0 0 0 0 0 0 0 0 0 0 0 0 0 0 0 0 0 0 0 0 0 0 0 0 0 0 0 0 0 19 0 0 0 0 0 0 23 0 0 18 0 0 0 0 11 0 1 0 0 0 3 0 0 0 0 0 0 0 0 0 0 0 0 0 0 0 0 8 0 0 0 0 0 0 0 0 0 0 0 0 
 0 134 25 1 75 148 0 0 89 23 0 0 0 1 0 1 0 73 0 0 360 448 128 174 122 67 132 145 132 107 339 33 290 159 141 92 61 187 158 0 0 0 0 0 0 2 11 0 3 3 2 2 11 0 3 0 0 0 11 0 0 0 0 52 0 0 0 0 0 3 0 0 0 0 0 0 0 3 1 0 0 21 0 0 23 0 0 0 0 0 1 27 2 0 0 0 0 0 0 0 10 35 49 0 17 0 9 48 10 0 9 19 16 1 39 0 36 12 8 14 0 0 0 0 0 0 1 0 0 0 0 0 0 0 11 0 0 0 7 0 0 0 0 0 0 0 4 0 1 0 0 6 4 0 0 0 0 0 0 0 0 0 0 0 0 19 3 0 0 0 0 0 0 0 0 0 0 0 0 0 68 1 0 1 0 0 0 28 20 0 2 22 22 17 13 10 3 23 0 21 0 0 0 0 0 0 0 0 0 0 0 0 0 1 0 9 0 0 2 0 0 0 0 0 0 12 0 0 0 0 0 0 0 0 0 23 0 0 0 1 0 0 0 0 0 0 0 0 0 0 0 0 0 2 2 2 4 3 2 0 3 0 0 0 0 0 0 0 0 0 0 0 0 0 0 0 0 0 0 0 0 0 0 0 0 7 0 0 0 0 
 0 2 0 0 5 0 0 0 0 3 0 8 0 0 72 0 0 0 0 3 0 0 0 0 0 32 0 0 0 62 32 1 0 0 0 0 62 0 0 0 0 109 71 74 111 89 131 67 169 118 36 28 263 37 102 91 29 115 45 104 0 0 0 31 28 5 0 0 5 0 0 51 0 5 0 0 0 5 0 0 0 0 0 0 0 0 0 0 0 0 0 0 7 0 0 0 2 0 0 0 0 0 0 0 1 9 0 0 0 0 0 0 0 0 0 0 0 0 0 0 16 21 8 3 10 0 0 23 9 20 21 1 0 0 0 37 1 1 0 0 16 0 5 6 21 6 0 0 8 0 0 0 23 0 0 0 4 3 16 0 0 0 0 0 0 0 0 0 0 0 0 0 0 0 0 0 0 9 4 0 0 0 0 0 14 15 0 0 0 11 0 0 0 0 0 0 0 1 0 0 19 28 9 0 15 0 8 0 36 0 24 0 13 0 0 1 30 29 21 0 7 0 0 2 0 0 0 0 0 0 15 0 0 0 0 0 0 0 29 3 0 0 35 0 0 0 0 0 0 0 0 9 0 0 0 0 0 0 0 19 0 0 0 1 1 3 0 2 0 0 3 0 0 0 0 11 0 44 0 0 0 0 0 0 19 0 0 0 0 0 
 0 0 0 0 0 0 0 0 0 1 0 0 0 0 0 0 0 0 0 0 204 0 2 0 0 70 0 3 4 0 0 0 0 0 0 208 0 0 0 0 109 0 321 193 29 126 139 381 63 155 160 23 45 182 113 165 92 174 53 103 0 6 0 0 6 6 2 2 5 0 0 1 26 0 54 0 0 0 77 2 0 0 0 0 0 0 0 0 0 0 0 0 0 0 0 0 0 8 0 0 0 0 0 0 0 0 0 0 0 0 0 12 0 0 0 0 0 18 0 0 7 44 5 12 18 31 17 0 11 29 10 20 11 34 10 19 20 7 0 6 0 10 0 0 0 0 0 0 0 0 0 0 37 0 0 0 0 0 0 5 0 0 0 0 0 0 0 0 0 0 0 0 0 0 0 0 0 2 1 0 0 0 0 0 0 0 0 0 0 0 21 0 0 0 5 0 0 0 0 0 9 0 24 22 0 0 14 2 26 4 40 84 0 9 14 16 7 19 11 0 9 0 0 0 0 0 0 0 0 0 0 0 8 1 7 0 0 0 1 29 0 0 0 0 0 0 0 0 0 0 0 6 0 0 0 0 0 0 0 30 0 0 15 0 0 3 1 66 0 0 10 0 0 0 0 0 0 0 0 0 0 0 0 0 10 24 0 13 0 0 
 0 0 0 0 0 0 0 0 0 0 0 0 0 0 0 0 0 0 0 0 3 0 2 0 0 0 0 0 7 0 29 0 0 0 0 5 3 0 0 0 71 321 0 481 45 125 60 177 207 158 248 38 141 106 76 341 145 185 41 287 0 0 0 1 15 1 0 0 5 0 3 3 52 0 0 207 2 3 59 0 0 0 0 0 0 0 0 0 0 0 0 0 0 0 0 0 0 0 0 0 0 0 0 0 0 0 0 21 0 0 0 5 9 0 0 0 0 0 0 0 1 0 0 19 13 26 0 0 0 13 18 16 0 3 0 2 11 22 0 0 7 22 0 0 0 0 0 12 0 5 0 0 1 1 0 0 0 0 6 18 0 0 0 0 0 0 0 0 0 0 0 0 0 0 0 0 0 3 14 0 0 0 0 0 0 0 7 0 0 0 0 0 0 0 0 0 0 0 0 0 0 0 16 16 0 0 8 43 24 18 23 42 0 0 0 41 0 1 0 0 20 7 0 0 0 0 0 0 7 0 0 0 8 21 0 0 0 0 10 7 0 0 0 0 0 0 0 0 0 0 0 12 1 0 0 0 0 1 0 2 0 0 2 0 2 3 1 0 1 0 3 0 0 1 0 0 0 0 0 0 0 0 0 0 0 9 0 6 0 0 
 2 0 0 0 0 0 0 0 0 3 0 8 0 0 0 0 0 4 0 32 0 9 0 0 0 0 0 0 0 0 0 0 0 7 2 5 0 0 0 0 74 193 481 0 161 116 177 138 514 227 42 20 145 77 151 231 35 183 79 239 0 0 0 0 0 45 0 0 2 0 0 1 42 0 0 0 0 2 0 0 0 0 0 0 0 0 0 0 0 0 0 0 0 0 0 0 0 0 0 0 0 0 0 0 0 0 1 0 0 0 0 0 0 0 0 2 0 0 0 0 18 20 0 38 0 11 0 23 10 35 19 4 0 7 25 26 0 17 0 28 0 15 0 0 0 0 0 2 0 0 0 0 22 0 0 1 0 0 0 0 0 0 0 0 0 0 0 0 0 0 0 0 0 0 0 0 0 4 3 0 7 7 0 0 8 0 0 0 4 8 0 0 0 1 2 1 0 9 0 0 20 0 12 12 16 0 6 33 41 0 22 47 0 13 8 62 9 0 0 0 10 0 0 0 0 0 0 0 0 15 0 0 3 0 0 0 0 0 16 0 0 0 0 0 0 0 0 0 0 0 0 2 0 1 0 0 0 0 0 18 0 0 0 2 5 0 0 7 0 0 9 0 0 0 0 0 0 0 0 0 0 3 0 0 0 19 0 0 0 0 
 0 0 2 0 3 0 0 0 0 0 0 0 0 0 0 0 0 5 0 0 0 0 0 0 0 0 35 0 0 0 0 0 1 1 0 6 0 2 26 0 111 29 45 161 0 70 61 87 86 99 77 188 74 82 119 295 50 43 65 60 52 51 0 211 0 0 0 0 0 0 0 1 50 50 3 35 59 0 76 46 0 0 0 0 0 0 0 0 0 0 0 0 0 0 0 0 0 0 0 0 0 0 0 0 0 0 0 0 0 0 0 0 0 0 0 0 0 0 0 0 0 9 28 0 0 0 0 12 0 0 0 0 0 0 11 28 15 1 0 0 19 0 0 0 1 15 5 21 2 7 0 0 0 25 0 22 0 13 21 2 0 0 0 0 0 0 0 7 0 0 0 0 0 0 3 0 0 0 0 0 0 0 0 0 14 15 0 0 0 0 0 0 0 0 0 0 0 0 0 0 0 18 16 0 13 10 13 0 0 0 10 22 0 0 0 13 28 0 0 0 0 0 22 35 0 0 26 9 0 0 7 26 14 0 25 10 3 0 12 25 0 0 0 0 0 0 0 0 0 0 0 4 0 0 0 0 0 0 0 2 0 0 1 0 0 2 3 70 0 0 0 0 0 0 0 0 0 0 0 0 0 0 0 0 10 0 0 0 0 0 
 1 0 0 0 0 0 7 0 0 0 0 0 0 0 0 0 0 0 6 2 205 6 2 2 2 2 2 2 2 2 2 4 2 3 2 2 2 2 4 2 89 126 125 116 70 0 246 490 62 323 225 55 32 132 105 97 139 70 125 46 0 67 0 0 17 0 0 0 51 4 52 52 102 0 46 46 0 0 68 0 0 0 0 0 0 0 1 8 0 0 0 0 0 2 0 0 0 0 0 3 0 0 0 0 0 0 0 0 0 0 0 0 0 0 0 0 0 0 0 0 0 0 0 10 0 17 0 0 0 0 10 21 0 0 0 12 18 1 0 0 23 9 14 0 0 0 0 0 0 0 0 0 17 0 0 10 17 1 12 8 8 0 5 0 0 0 0 0 0 0 0 0 7 6 0 0 0 1 4 2 0 0 0 0 0 0 0 0 0 0 0 0 0 0 11 0 21 0 0 0 0 0 10 19 0 0 5 0 5 0 26 13 0 10 0 20 0 12 0 0 17 14 0 25 0 0 1 9 15 7 19 0 15 12 20 0 10 3 0 21 3 4 0 0 0 0 0 0 0 0 0 13 0 0 0 0 0 0 1 37 0 0 5 0 0 10 0 0 0 0 0 0 0 0 0 0 0 0 0 0 0 0 0 0 0 18 0 13 0 0 
 0 4 1 2 2 2 2 0 0 6 0 2 1 2 2 0 0 2 0 0 204 2 33 73 1 0 2 0 1 3 1 0 2 2 1 33 27 2 1 11 131 139 60 177 61 246 0 262 351 47 33 76 379 51 66 28 109 99 147 91 6 0 0 209 0 0 6 4 2 0 0 0 0 2 6 0 1 0 15 0 0 0 0 0 0 0 0 12 0 0 0 0 0 0 0 0 0 0 0 0 0 0 0 8 6 0 0 0 0 0 14 0 0 0 0 0 0 1 0 0 7 7 0 0 1 0 0 4 14 23 1 13 0 6 0 0 10 0 1 6 0 6 0 0 0 0 0 9 0 2 0 0 0 0 0 0 3 0 0 4 0 0 0 11 0 0 0 0 0 0 0 0 0 9 0 0 0 0 0 0 0 0 0 0 10 28 0 0 0 29 0 13 0 0 0 0 41 21 0 0 9 0 8 0 0 0 15 37 23 0 0 13 0 0 23 0 14 1 1 21 0 6 0 0 0 1 6 8 12 1 0 0 0 9 0 0 9 7 0 0 0 0 0 0 0 0 0 0 2 0 0 13 0 0 0 0 0 1 0 0 0 0 0 67 0 0 2 0 0 0 22 0 0 0 0 0 0 0 0 0 0 0 0 0 0 0 0 0 0 0 
 1 5 0 2 2 1 0 0 1 0 0 1 0 0 0 1 0 0 1 2 0 0 0 0 0 127 0 1 0 0 0 0 1 0 0 0 0 0 4 0 67 381 177 138 87 490 262 0 257 351 188 24 102 258 147 310 154 497 128 106 0 0 0 0 0 0 51 0 1 0 0 0 6 0 0 0 0 0 52 0 7 0 0 0 0 0 0 3 0 12 0 0 0 0 0 0 0 0 4 0 0 0 0 0 1 0 0 0 0 0 0 0 0 0 0 0 0 0 0 0 7 17 0 1 22 15 11 10 1 30 0 11 14 7 54 7 32 0 0 29 0 0 0 0 0 0 0 0 0 0 0 0 0 0 0 0 0 0 0 17 0 0 1 0 0 0 0 0 0 0 0 0 0 4 0 0 0 0 2 0 0 0 0 0 0 0 0 0 0 0 0 0 0 0 0 0 0 0 0 0 8 0 27 15 0 0 8 14 8 1 18 37 0 21 21 10 9 16 5 0 10 0 0 0 0 0 0 0 0 0 0 0 0 0 0 0 0 0 1 12 0 0 0 0 0 0 0 0 0 0 0 8 0 2 0 0 0 0 0 2 0 0 2 36 0 4 0 75 2 0 8 0 0 0 0 0 0 0 0 0 0 0 0 0 25 5 0 7 0 0 
 0 0 0 0 0 0 0 0 0 0 0 0 0 0 0 0 0 55 0 0 3 0 0 0 0 64 76 0 0 0 20 76 0 0 0 6 21 0 0 3 169 63 207 514 86 62 351 257 0 77 202 60 175 181 331 41 168 356 94 135 1 0 0 0 8 5 0 1 5 0 0 0 0 0 0 0 0 0 0 0 0 0 0 0 0 0 0 0 0 0 0 0 0 0 0 0 0 0 0 0 0 0 0 9 0 1 12 0 0 0 0 0 0 0 0 0 0 0 0 0 8 14 23 20 24 26 2 7 14 49 40 20 0 10 7 15 22 18 0 9 0 0 0 0 0 0 0 0 0 0 0 0 0 0 0 0 0 0 7 7 0 0 0 0 0 0 0 0 0 0 0 0 0 5 0 0 0 0 0 0 0 0 0 1 0 0 0 0 0 0 7 0 0 0 0 0 0 0 0 0 20 26 10 3 6 0 6 20 36 1 19 51 0 6 35 0 7 37 0 0 20 0 0 0 0 0 0 0 0 0 0 0 0 16 1 0 0 0 8 12 0 0 0 0 0 0 0 0 0 0 0 4 0 1 0 0 0 0 0 0 0 0 3 64 0 1 0 0 0 0 9 0 0 0 0 0 0 0 0 0 0 1 0 0 20 0 0 0 0 0 
 3 3 3 3 13 3 3 3 3 3 3 3 3 3 3 3 3 8 3 3 2 2 2 2 2 65 2 4 2 3 2 2 2 2 3 3 4 2 2 3 118 155 158 227 99 323 47 351 77 0 255 51 38 141 104 94 120 88 86 76 0 0 0 2 6 0 2 2 1 0 0 50 58 5 19 0 103 0 85 0 0 0 0 0 0 0 0 0 0 0 0 0 0 0 0 0 0 0 0 0 0 0 0 0 0 0 0 0 0 0 0 0 0 0 0 0 0 0 0 0 0 0 11 32 0 12 19 0 0 20 26 20 14 0 18 19 33 0 0 14 18 0 0 0 1 0 0 1 57 6 0 0 21 6 0 0 15 0 35 63 0 0 0 0 0 0 0 0 0 0 0 0 0 0 0 0 0 3 5 0 0 0 0 0 0 0 0 0 0 0 0 0 0 0 0 0 0 0 0 0 7 0 10 30 0 10 6 1 21 0 36 102 0 10 0 41 9 24 0 0 25 0 7 11 0 0 20 0 9 12 6 0 13 6 0 0 0 62 44 20 0 15 0 0 0 0 0 0 0 0 0 12 0 0 0 0 0 0 0 27 0 0 2 0 0 12 2 64 2 0 0 0 0 0 0 0 0 0 0 0 0 0 0 0 5 35 0 14 0 0 
 0 0 0 0 0 0 0 0 0 0 0 0 0 0 0 0 0 0 8 0 0 0 0 0 0 0 0 0 0 0 1 0 0 0 0 0 2 6 0 2 36 160 248 42 77 225 33 188 202 255 0 180 24 238 157 145 115 450 22 54 0 0 0 2 0 20 0 2 4 0 0 2 2 57 0 0 6 2 0 1 0 0 0 0 0 0 14 11 0 0 0 0 0 0 0 0 0 0 0 0 0 0 0 0 0 0 0 0 0 0 0 0 0 0 0 0 0 0 0 0 0 9 0 20 22 11 0 0 0 0 47 9 0 0 19 9 4 21 0 0 0 10 0 0 0 0 0 5 0 36 0 0 0 0 0 1 0 0 8 10 0 0 0 0 0 0 0 0 0 0 0 0 15 0 2 0 0 0 0 0 0 0 0 0 0 0 0 0 0 0 0 0 0 0 25 0 0 0 0 0 0 0 9 56 6 0 0 9 22 10 15 0 0 0 6 21 0 14 0 0 22 12 0 0 0 0 0 0 0 0 0 0 0 16 0 0 0 0 13 57 0 0 0 0 0 0 0 0 0 0 0 6 0 0 0 0 0 0 0 9 0 0 64 0 2 0 0 0 0 0 0 0 0 0 0 0 0 0 0 0 0 0 0 0 0 0 0 10 0 0 
 0 0 0 0 2 0 2 0 0 3 1 0 0 0 0 0 0 0 0 2 11 2 6 2 2 2 2 2 2 8 2 2 4 2 3 3 6 2 31 2 28 23 38 20 188 55 76 24 60 51 180 0 47 43 82 37 128 327 48 30 2 7 0 0 0 5 51 5 56 0 0 1 52 18 0 52 5 0 0 107 0 0 0 0 0 0 0 0 0 0 0 0 0 0 0 0 0 0 0 0 7 10 14 0 0 0 0 0 6 15 2 0 0 6 0 0 12 0 0 0 0 0 7 3 27 0 0 0 0 6 0 42 13 0 0 0 0 21 4 7 10 0 0 0 0 0 14 22 0 38 0 0 10 9 0 10 6 26 8 10 0 0 0 0 15 0 0 14 0 3 0 1 0 0 12 0 2 0 0 0 0 0 6 0 0 15 0 0 0 8 10 7 0 1 0 2 3 0 0 0 0 0 1 0 8 3 0 0 0 0 30 0 9 0 0 0 0 6 0 0 22 18 13 21 0 0 29 2 13 2 20 0 0 12 10 26 8 16 19 11 0 0 20 0 0 0 0 0 0 0 0 13 0 2 0 0 0 0 2 0 0 17 0 0 0 1 0 0 0 0 0 0 0 0 0 0 0 0 0 0 0 2 0 0 0 0 0 0 0 0 
 0 0 2 0 2 0 0 0 0 7 0 0 0 0 0 0 0 4 4 0 3 0 0 0 0 0 0 0 0 1 0 0 0 0 0 1 3 0 0 11 263 45 141 145 74 32 379 102 175 38 24 47 0 373 178 110 43 33 315 190 0 0 6 0 0 0 0 0 4 0 0 0 0 0 0 0 0 0 0 0 0 0 0 0 0 0 0 0 0 0 0 0 0 0 0 15 0 0 0 0 0 0 0 0 9 0 0 0 0 0 0 0 0 0 0 0 0 0 0 0 29 12 0 9 8 22 0 26 14 17 2 0 0 7 9 19 8 21 0 0 0 0 0 0 0 0 0 0 0 0 0 0 0 0 0 0 0 0 0 1 0 0 5 0 0 0 23 0 0 0 0 0 0 7 0 0 0 0 0 0 0 0 0 0 0 14 0 0 0 0 0 0 0 0 0 0 0 0 0 0 19 0 20 0 6 0 11 43 10 10 0 38 0 12 12 17 55 1 0 10 1 0 0 0 0 3 0 0 0 0 0 24 0 0 0 0 0 0 0 0 0 0 0 0 0 0 0 0 0 0 0 7 0 0 0 0 0 0 0 0 0 0 0 38 38 0 2 0 1 0 10 0 0 0 0 0 0 0 0 0 0 0 0 0 0 0 0 0 0 0 
 60 0 0 0 4 0 0 0 0 5 0 0 0 0 0 0 0 5 0 0 1 0 11 5 1 68 0 0 0 0 0 14 2 0 0 1 66 0 0 0 37 182 106 77 82 132 51 258 181 141 238 43 373 0 107 31 38 100 92 79 3 0 0 0 3 1 3 0 2 0 0 0 2 0 5 3 0 0 0 0 0 0 0 0 0 0 0 0 0 0 0 0 0 0 13 0 0 0 0 0 0 0 1 0 5 8 0 0 0 0 0 16 0 0 0 0 0 9 0 0 1 12 0 35 13 14 22 1 12 0 0 0 9 1 69 10 31 18 0 1 1 0 0 0 0 0 0 0 0 0 0 7 14 11 0 0 0 0 0 47 0 0 0 0 0 0 0 0 4 0 9 0 0 0 0 0 0 0 0 0 0 0 0 3 0 1 0 0 0 0 0 0 0 0 0 0 0 0 0 0 14 7 4 54 11 0 0 21 0 29 10 7 6 22 14 14 1 14 0 15 10 0 0 0 0 0 0 0 0 0 0 0 1 0 0 0 0 0 0 20 0 0 0 0 0 0 0 0 0 0 0 12 0 2 0 0 0 0 1 2 0 0 65 0 1 0 4 0 3 2 0 0 0 0 2 0 0 0 0 0 0 0 0 0 0 0 0 17 2 0 
 0 3 2 0 4 7 0 0 0 0 0 0 0 0 0 0 0 5 0 4 3 3 3 3 3 3 3 6 3 6 3 3 5 3 3 6 4 3 3 3 102 113 76 151 119 105 66 147 331 104 157 82 178 107 0 204 218 38 142 108 1 11 5 11 0 2 0 3 2 10 0 0 0 0 2 0 8 11 0 205 0 0 0 0 0 0 0 0 0 0 0 0 0 0 16 0 0 0 0 0 0 0 0 0 0 0 0 0 0 0 0 0 0 0 0 0 0 0 0 0 1 3 7 15 0 0 0 33 34 16 13 32 20 0 0 9 15 32 12 19 0 0 0 0 0 0 0 0 0 15 0 0 0 0 0 0 0 0 7 0 0 0 0 0 0 0 0 0 0 0 0 0 0 6 0 0 0 0 0 0 0 0 0 0 0 0 0 0 0 0 0 0 0 0 0 7 0 0 0 0 11 0 2 0 1 0 9 43 0 0 40 0 0 3 17 0 8 10 0 0 10 0 0 0 0 0 0 0 0 0 0 0 0 13 0 0 0 0 0 1 0 0 13 0 0 0 0 0 0 0 0 7 0 1 0 0 0 1 0 2 0 6 0 63 0 2 2 0 0 0 0 0 0 1 0 0 0 0 0 0 0 0 0 0 0 0 0 0 0 0 
 0 0 0 0 1 0 0 0 28 0 5 0 0 0 0 0 0 0 0 0 0 0 0 2 0 130 4 0 0 0 0 73 5 0 0 2 27 63 1 0 91 165 341 231 295 97 28 310 41 94 145 37 110 31 204 0 108 163 88 68 0 33 0 0 0 0 0 0 0 0 0 1 57 0 0 0 0 7 0 0 0 0 0 0 0 0 0 0 0 0 0 0 0 0 0 0 0 0 0 0 0 0 0 0 0 0 0 0 0 0 0 0 0 0 0 0 0 0 0 0 2 3 15 24 0 25 19 9 16 47 60 0 26 0 26 5 0 19 14 59 0 6 0 0 0 0 0 10 0 0 0 0 0 1 0 0 0 0 0 0 0 10 0 0 0 0 0 0 0 0 0 0 0 0 0 0 0 1 0 0 0 0 0 0 0 0 0 0 0 0 0 0 0 0 0 0 0 0 0 0 8 14 0 0 0 0 19 16 14 0 0 25 0 33 0 30 0 13 0 0 0 10 0 0 0 0 0 0 0 0 0 0 6 10 0 0 0 0 12 1 0 0 0 0 0 0 0 0 0 0 0 2 2 0 0 0 0 0 0 0 0 0 0 0 0 3 1 79 1 2 0 0 0 0 0 0 0 0 0 0 0 0 0 0 20 37 0 0 0 0 
 33 0 1 0 0 0 2 4 0 0 0 0 0 0 0 0 0 0 0 0 0 0 0 0 66 0 202 0 0 0 0 0 3 0 0 3 0 0 0 0 29 92 145 35 50 139 109 154 168 120 115 128 43 38 218 108 0 44 125 26 0 2 0 0 0 6 6 4 6 0 0 0 0 49 0 0 2 0 0 0 0 0 0 5 0 0 0 0 0 0 0 0 1 6 0 0 0 0 0 2 0 0 0 0 0 0 0 0 0 0 0 0 0 0 0 0 0 0 0 0 0 15 14 70 10 1 0 16 34 7 13 23 21 7 8 0 23 64 3 52 18 0 0 0 0 0 23 0 0 0 0 0 0 9 0 0 0 0 9 9 0 0 2 0 0 0 0 7 2 0 3 0 0 2 0 0 0 5 0 6 0 0 0 0 0 14 0 0 0 0 0 0 0 0 0 0 0 0 0 0 3 0 11 30 7 0 0 27 10 21 16 0 0 27 1 18 17 11 10 0 11 0 0 0 0 0 0 0 0 0 0 0 1 0 0 0 0 0 0 23 0 6 1 0 0 0 0 0 0 0 0 17 0 1 0 0 0 0 0 1 0 0 0 1 2 0 0 0 0 0 0 0 0 0 0 0 0 0 0 0 0 0 0 0 0 0 0 16 0 13 
 4 0 0 0 1 0 0 0 0 0 2 0 0 0 0 0 2 0 0 0 0 0 0 37 0 33 0 1 0 1 1 3 0 0 2 1 0 0 0 0 115 174 185 183 43 70 99 497 356 88 450 327 33 100 38 163 44 0 56 151 0 0 0 0 0 0 0 0 2 0 3 6 52 0 0 0 0 0 0 0 0 0 0 0 0 0 0 0 0 0 0 36 0 0 0 0 0 0 0 0 0 0 0 0 0 0 0 0 0 0 0 0 0 0 0 0 0 0 0 0 30 37 0 33 14 26 0 19 10 30 38 0 0 30 12 42 1 2 0 3 0 14 0 0 0 0 0 27 0 19 0 0 0 15 0 0 0 0 1 0 0 0 0 34 0 0 0 0 17 0 0 0 0 0 0 0 0 2 0 0 0 10 3 0 0 0 0 0 7 0 0 0 0 0 0 0 0 0 0 0 23 23 19 0 10 0 17 0 26 1 0 48 0 0 9 30 22 27 0 0 6 7 0 0 0 4 0 0 0 0 0 16 19 13 0 0 0 0 24 21 0 0 2 0 0 0 0 0 0 0 0 12 0 0 14 0 0 0 0 11 0 0 11 0 3 0 2 65 3 0 12 0 0 8 0 0 0 0 0 0 0 0 0 0 19 16 0 0 0 0 
 0 2 0 0 0 0 1 0 0 0 0 0 0 2 0 0 26 0 2 0 0 0 63 0 0 0 0 0 0 0 0 0 0 0 0 63 63 0 0 11 45 53 41 79 65 125 147 128 94 86 22 48 315 92 142 88 125 56 0 164 0 2 0 0 0 0 10 2 0 0 14 7 0 0 0 2 0 0 55 0 0 0 0 0 0 0 0 0 0 0 0 0 0 0 0 0 0 0 0 0 0 0 0 0 8 0 0 0 0 0 0 0 0 0 0 0 0 0 0 0 8 11 0 12 0 0 0 9 44 2 3 13 20 0 0 0 10 22 2 20 0 0 26 0 0 0 0 0 0 0 4 0 0 0 0 0 0 0 0 0 0 0 0 0 0 0 0 0 0 0 0 0 0 13 0 0 0 0 0 0 0 0 0 0 0 21 0 0 0 0 0 10 0 0 6 0 0 0 0 0 9 0 6 0 0 0 0 29 1 0 0 0 0 10 32 0 20 0 0 4 0 0 0 0 0 12 0 0 0 0 0 11 0 0 0 0 0 0 0 0 0 0 0 0 0 0 0 0 0 0 1 6 0 1 0 0 0 0 0 0 0 0 0 64 2 0 0 0 0 0 0 0 0 0 0 0 0 0 0 0 0 0 0 0 0 0 0 0 0 8 
 0 0 0 0 0 0 0 0 0 53 0 3 0 0 0 0 0 0 64 0 0 16 23 62 0 125 0 64 0 0 0 0 0 7 73 85 90 5 0 0 104 103 287 239 60 46 91 106 135 76 54 30 190 79 108 68 26 151 164 0 0 1 2 3 1 1 0 1 2 0 0 0 0 0 0 2 0 0 3 0 0 0 0 0 0 0 0 0 0 0 0 0 0 0 0 0 0 0 0 0 0 9 19 8 12 20 1 0 22 0 40 12 0 0 2 4 0 0 0 0 30 0 0 0 1 25 0 11 14 6 40 0 0 8 0 18 1 1 21 0 0 0 0 0 0 0 0 0 1 0 0 0 0 0 0 0 0 0 0 0 0 0 0 0 0 0 0 0 0 0 0 0 0 0 0 0 0 0 0 0 0 0 3 23 35 34 11 0 3 12 9 22 0 22 4 29 18 37 0 0 4 0 1 0 0 0 16 17 11 0 0 13 0 0 12 0 11 1 3 24 0 0 0 0 0 0 0 0 0 0 0 0 0 0 0 0 0 0 0 0 0 0 0 0 0 0 0 0 0 0 0 10 0 0 0 0 0 0 0 2 0 0 1 0 91 0 2 0 1 0 11 0 0 0 0 1 0 0 0 0 0 0 0 0 0 0 0 0 2 0 
 0 0 0 3 10 0 0 0 0 9 54 0 0 0 0 5 6 0 0 0 0 0 0 0 0 0 0 0 0 0 0 0 0 0 0 0 0 0 0 0 0 0 0 0 52 0 6 0 1 0 0 2 0 3 1 0 0 0 0 0 0 115 128 46 31 56 180 111 39 109 39 22 51 170 48 91 84 33 61 52 0 0 0 21 1 23 0 0 0 19 7 0 0 0 0 0 0 0 0 0 6 0 10 0 0 0 0 0 0 0 0 0 4 9 0 0 0 6 3 0 3 2 1 2 2 1 2 3 1 1 2 2 2 2 2 2 2 2 2 3 0 7 7 1 1 1 13 30 21 0 1 0 0 27 23 18 23 19 0 7 0 0 0 0 3 0 0 0 0 3 7 2 0 0 0 0 10 3 0 0 0 14 0 0 0 0 2 0 0 0 0 0 0 11 6 0 0 0 1 0 11 0 0 0 0 10 0 0 0 0 0 0 0 0 0 0 0 0 0 0 0 25 0 0 7 6 0 32 0 1 13 21 0 14 61 21 10 23 0 1 0 0 0 17 0 0 0 0 0 2 0 0 1 29 15 0 21 0 0 0 0 0 6 0 0 0 0 0 0 0 19 0 0 0 1 5 0 0 0 0 0 0 0 0 0 0 0 0 0 0 
