 0 175 517 229 54 240 285 433 336 423 32 116 96 425 101 131 64 24 226 163 3 3 0 0 2 0 0 49 2 0 2 2 0 0 0 3 0 2 4 0 0 2 0 0 64 3 0 0 0 0 0 6 0 0 2 31 2 0 3 0 3 0 0 0 0 0 0 0 3 0 0 3 0 0 0 0 0 0 16 0 26 19 25 44 40 0 12 13 30 29 31 0 1 0 20 13 10 25 0 10 0 0 1 0 0 0 17 0 0 0 0 0 1 0 2 0 0 0 12 14 0 1 0 0 0 0 0 0 0 0 0 0 0 0 0 0 0 0 0 0 0 0 0 0 0 0 0 0 0 13 13 0 0 0 0 0 0 1 0 0 19 35 25 30 39 11 15 18 6 4 11 0 12 29 27 13 29 0 36 16 0 0 0 0 0 0 0 0 0 0 0 0 29 0 1 0 0 0 0 31 0 0 0 0 11 0 0 0 0 0 0 0 0 0 0 0 0 0 0 0 0 0 0 0 0 7 0 0 0 0 0 0 0 0 0 0 0 0 0 0 0 6 0 0 0 2 183 0 0 131 24 7 0 0 0 0 0 0 0 0 0 0 26 0 0 0 0 0 0 0 0 0 0 0 0 31 14 0 0 0 0 0 0 0 0 0 0 0 0 13 
 175 0 179 220 30 29 175 111 435 189 44 241 49 92 229 219 55 126 152 128 4 6 0 0 1 0 0 3 0 4 77 1 0 2 0 3 0 206 5 26 0 2 0 2 2 7 1 2 2 2 1 3 4 0 2 2 2 2 5 1 3 2 0 1 0 0 0 0 3 0 0 3 2 0 0 30 0 5 3 9 0 2 27 28 35 17 0 23 25 0 13 13 13 1 30 13 13 21 0 20 1 24 0 0 0 0 0 0 0 0 0 0 0 0 0 0 0 0 14 23 0 0 0 0 0 0 0 0 0 2 0 0 0 0 0 0 0 0 0 0 0 0 3 0 0 0 0 0 0 0 0 0 0 2 0 0 0 0 0 0 12 10 1 0 18 1 0 17 23 13 15 0 0 25 12 33 0 26 9 16 0 0 2 0 0 0 0 0 0 0 0 0 29 15 0 0 0 0 10 3 0 0 0 0 0 0 0 0 0 0 0 7 21 0 0 0 0 0 0 0 0 0 0 0 0 0 0 0 0 0 0 0 5 0 0 0 0 0 0 0 0 0 0 0 0 1 91 0 45 2 0 13 67 0 0 0 0 0 0 0 0 2 0 0 0 0 0 0 0 0 0 2 0 0 0 38 0 0 0 0 0 0 0 0 0 0 0 0 0 0 
 517 179 0 345 158 129 473 295 207 229 120 50 283 158 256 125 220 32 135 242 4 3 0 207 2 0 0 0 1 0 2 0 0 0 1 3 0 2 77 89 0 2 0 0 59 3 0 0 0 0 0 0 3 0 0 0 2 0 3 0 2 0 0 0 0 0 8 0 3 0 7 3 0 0 0 0 0 0 7 0 7 32 38 47 40 0 1 20 40 10 29 7 0 6 15 15 18 52 0 0 0 0 0 0 0 0 14 0 0 0 0 0 0 0 0 0 0 0 38 39 0 12 2 2 0 0 0 0 0 0 0 0 0 0 0 0 0 0 0 0 0 0 0 0 16 0 0 0 0 0 0 0 0 0 0 0 0 2 0 0 2 35 1 2 26 2 12 1 36 5 0 0 14 0 9 6 4 22 3 14 1 0 0 0 0 0 14 0 0 0 0 0 20 0 1 2 0 0 15 33 0 2 0 0 0 0 0 0 0 0 0 0 2 0 0 0 0 0 0 0 0 0 0 0 0 0 0 0 0 2 0 34 19 2 0 0 0 0 0 2 0 12 0 0 0 0 89 2 1 69 0 20 0 0 0 0 0 0 0 0 0 0 0 0 0 0 0 0 0 0 0 0 0 0 0 0 14 0 0 0 0 0 0 0 0 0 0 0 0 0 
 229 220 345 0 541 132 120 528 203 190 207 88 477 161 150 83 422 260 140 127 3 3 2 0 0 0 73 0 0 0 2 0 5 0 64 3 0 2 45 148 0 2 0 0 61 3 5 0 0 0 0 5 0 0 0 0 2 0 3 0 2 0 0 45 0 0 0 0 5 0 0 3 0 0 0 0 0 0 7 6 0 0 37 39 9 22 0 15 14 15 25 21 0 0 14 0 10 24 0 13 53 0 0 0 0 0 31 0 0 0 0 0 30 0 0 0 0 0 16 19 0 0 0 0 0 4 0 0 0 0 0 0 0 0 0 0 0 0 0 0 0 0 18 0 0 0 0 0 0 0 0 0 0 0 0 0 0 0 0 0 0 13 0 0 8 14 10 0 7 1 0 0 0 0 14 8 0 10 0 0 0 18 0 0 0 0 24 40 0 0 0 0 40 0 41 0 0 0 18 30 0 0 0 0 6 0 0 0 0 0 0 0 0 0 0 0 0 0 0 0 0 0 0 0 0 0 0 0 0 0 0 0 0 0 0 0 0 0 0 0 0 15 0 0 0 0 8 0 0 115 2 6 0 0 0 0 0 0 0 0 0 0 0 0 0 0 0 0 0 0 0 0 0 0 0 14 0 0 0 0 0 0 0 0 0 0 0 0 0 0 
 54 30 158 541 0 97 51 404 189 210 328 138 65 87 81 64 98 40 312 291 82 79 95 0 0 0 23 0 0 80 3 4 75 1 75 3 165 7 76 3 2 2 0 0 0 3 0 0 0 2 2 0 0 0 0 0 2 0 3 0 2 36 0 0 0 0 0 3 3 0 0 3 0 0 0 0 0 0 24 0 0 0 14 20 0 39 10 0 5 31 0 34 0 0 0 0 0 15 0 0 6 0 0 14 0 0 81 2 1 0 0 0 29 23 0 16 0 14 7 0 0 0 0 0 1 0 0 0 0 0 0 0 0 0 0 0 2 0 0 0 0 0 0 0 1 0 0 2 19 0 0 0 0 0 0 0 0 0 0 0 0 11 14 14 0 11 0 14 0 0 0 0 0 0 0 0 12 0 0 0 14 12 0 0 0 0 31 58 12 0 10 0 4 24 11 0 37 0 0 27 0 0 11 0 0 0 0 0 0 0 0 0 0 0 0 0 0 0 0 0 0 0 0 0 0 1 0 0 0 0 0 0 0 0 0 0 0 0 0 0 0 0 0 0 1 3 2 0 0 91 1 6 2 0 0 0 0 0 0 0 0 0 0 0 0 0 0 0 0 2 0 0 0 2 0 0 0 0 0 0 0 28 0 0 0 0 0 0 0 0 
 240 29 129 132 97 0 76 66 75 77 621 134 34 28 276 156 53 225 275 62 204 3 0 0 0 0 220 1 1 0 4 0 147 0 146 3 0 2 24 138 0 2 0 31 1 3 0 0 0 0 0 0 0 0 0 0 2 0 3 0 2 0 31 0 0 2 0 0 3 0 0 2 0 0 0 0 0 0 3 0 0 0 27 18 31 26 0 10 10 12 14 3 0 0 0 13 11 26 0 2 24 0 0 1 0 0 0 21 1 11 0 0 10 15 11 17 0 0 70 9 0 0 0 0 0 0 0 0 0 0 0 0 0 0 0 0 0 0 0 0 2 0 0 0 0 0 0 0 0 0 0 0 0 0 0 0 0 0 2 0 0 10 0 10 31 15 0 0 46 15 10 13 0 0 0 2 29 9 0 0 36 15 0 0 0 0 1 0 0 10 12 1 28 10 0 9 7 7 17 13 0 0 0 0 0 0 0 0 0 0 0 0 0 0 0 0 0 0 15 0 0 8 0 0 0 0 0 0 0 2 0 0 0 0 0 0 0 0 0 2 0 0 0 0 0 5 8 0 1 2 1 14 0 0 0 0 0 0 0 0 1 0 0 0 0 0 0 0 0 0 0 0 0 0 0 0 0 0 0 0 0 0 0 0 0 0 0 0 0 0 
 285 175 473 120 51 76 0 84 226 134 62 34 188 241 128 115 122 108 199 242 3 3 0 0 2 0 0 0 0 0 3 0 0 0 2 3 0 3 0 1 0 2 0 0 0 3 0 0 2 0 0 1 0 0 0 0 3 2 3 0 2 0 0 0 0 0 0 1 3 0 0 2 0 0 0 0 0 0 2 0 5 27 0 36 0 0 4 11 3 0 16 0 29 0 25 23 23 19 5 14 0 0 1 1 0 0 0 0 0 0 0 0 2 0 0 0 0 0 0 0 0 0 0 0 0 0 0 0 0 0 0 0 0 0 0 0 0 0 0 0 0 2 0 0 0 0 1 0 0 0 0 0 0 0 0 0 2 0 0 0 0 0 0 2 0 0 11 0 14 0 16 0 30 0 23 5 0 10 36 11 0 0 0 0 0 0 0 0 0 1 0 0 0 0 0 0 0 0 0 17 10 0 0 0 2 0 0 0 0 0 0 0 0 16 0 29 0 0 0 0 0 0 0 21 0 0 0 8 23 0 0 0 0 0 0 0 0 1 0 0 0 0 0 0 0 0 46 0 0 92 0 6 0 0 0 0 0 0 0 0 0 0 0 0 0 0 0 0 0 1 0 0 0 0 0 15 17 0 0 0 0 0 0 0 0 0 0 0 0 0 
 433 111 295 528 404 66 84 0 560 437 119 33 305 364 91 236 435 32 282 359 3 5 2 0 2 2 0 0 0 0 4 0 0 0 0 5 0 2 135 18 0 2 0 0 64 3 0 0 0 52 0 0 0 0 2 0 2 0 3 0 2 0 0 0 0 2 0 0 3 0 0 3 0 0 0 0 0 0 9 0 13 9 33 38 21 12 0 54 24 5 19 26 20 27 2 1 10 18 0 1 10 0 0 0 0 0 10 0 0 0 0 0 15 0 0 2 0 0 12 0 0 0 0 0 0 0 0 0 0 1 0 0 0 10 0 0 0 0 0 0 0 0 0 0 0 0 0 0 0 0 0 0 0 0 0 0 0 0 0 0 4 28 0 16 19 17 14 10 6 4 0 0 0 54 0 0 0 17 5 18 1 1 0 0 0 0 35 0 0 0 0 0 38 4 15 0 0 0 0 36 2 0 0 0 0 0 0 1 0 0 0 0 0 0 0 0 0 0 0 0 0 0 0 0 0 0 0 0 0 0 0 2 0 0 0 0 0 0 1 0 0 10 0 0 0 1 99 0 2 16 2 12 0 1 0 1 0 0 0 0 2 0 21 0 0 0 0 0 0 0 0 1 0 0 0 2 0 0 0 0 0 0 0 0 0 0 0 0 0 0 
 336 435 207 203 189 75 226 560 0 482 154 51 207 75 303 146 518 452 165 141 3 3 0 0 4 0 82 0 76 0 2 0 0 0 3 5 0 2 70 2 0 2 0 2 0 3 3 80 0 0 0 0 0 0 24 0 2 0 3 0 3 0 0 0 0 0 29 0 9 0 0 3 0 0 0 0 0 0 23 0 0 0 29 11 0 48 0 1 0 10 21 22 13 6 37 40 0 1 0 30 40 0 0 2 0 0 0 0 0 4 0 0 14 0 0 0 0 11 15 0 0 0 0 0 0 0 0 0 0 0 2 0 0 0 0 0 0 0 0 0 0 0 0 0 0 0 0 0 0 0 0 0 0 19 0 0 0 0 1 0 27 0 0 0 0 0 10 0 57 14 30 0 0 1 35 29 0 25 7 10 0 11 0 0 0 0 8 0 0 0 0 1 40 0 14 1 0 0 0 1 0 0 0 0 0 0 0 0 0 0 0 0 0 0 0 0 0 0 0 0 0 0 0 0 0 0 0 0 0 1 0 0 0 0 0 0 0 0 0 0 0 0 0 0 0 0 24 0 3 1 0 30 14 0 0 0 0 0 0 0 0 0 2 0 0 0 0 0 0 0 0 0 0 0 0 28 0 0 0 0 0 0 0 0 0 0 0 0 0 0 
 423 189 229 190 210 77 134 437 482 0 72 59 363 177 276 143 189 234 186 183 3 3 0 0 1 0 0 0 0 2 2 0 1 0 2 3 1 3 4 0 0 2 0 0 0 3 0 5 0 0 0 1 2 0 6 0 2 0 3 0 2 46 0 0 0 0 0 0 3 0 0 2 0 0 0 0 0 0 9 50 2 7 13 46 1 0 7 11 9 20 10 10 1 10 59 64 16 0 0 10 0 60 0 0 0 0 22 0 0 0 0 0 0 0 0 0 0 0 0 1 0 0 0 0 0 0 0 0 2 0 0 0 0 0 0 0 0 0 0 0 0 0 0 0 0 0 0 0 0 0 0 0 0 0 0 0 0 1 0 0 35 20 13 19 1 0 0 13 0 9 27 1 0 31 17 37 43 18 47 14 0 0 0 0 0 0 1 0 0 0 0 0 0 0 0 0 0 0 0 0 0 0 0 0 0 9 0 0 0 0 0 0 0 0 0 2 0 0 0 0 0 0 0 0 0 0 0 0 0 0 0 0 0 0 0 0 0 0 0 0 0 0 0 0 0 4 93 0 3 91 15 8 0 0 0 0 1 0 0 0 0 0 0 0 0 0 0 0 0 0 0 0 0 0 0 31 10 0 0 0 0 0 0 0 0 0 0 0 0 0 
 32 44 120 207 328 621 62 119 154 72 0 371 17 31 496 105 413 141 270 277 3 3 0 0 0 0 94 2 0 0 3 0 110 0 165 3 0 2 159 133 0 2 0 0 0 3 0 0 0 7 12 0 0 0 0 0 3 4 3 0 3 0 40 0 0 0 0 1 3 0 0 2 0 0 0 0 0 0 30 0 0 0 13 19 43 24 0 0 0 46 20 5 0 0 0 0 0 20 1 0 28 0 0 2 0 0 38 8 0 0 0 0 22 17 0 64 0 0 21 0 0 0 0 0 0 0 0 0 0 0 0 0 0 0 0 0 0 0 0 0 0 18 0 25 0 0 2 1 0 0 0 0 0 0 0 0 0 0 0 0 0 0 0 10 0 21 0 0 0 0 6 14 0 0 0 0 26 0 0 0 16 18 0 0 0 0 31 0 0 2 1 0 14 42 1 64 0 0 8 15 0 0 10 0 1 0 0 0 0 0 0 0 0 0 0 10 0 0 0 0 0 10 0 0 0 0 0 0 0 0 0 0 0 0 0 0 1 2 0 0 0 0 0 0 0 0 1 0 0 89 0 2 0 2 0 0 0 0 0 0 1 0 0 0 0 0 0 0 0 2 0 0 0 0 0 0 0 0 0 0 0 1 0 0 0 16 0 0 0 0 
 116 241 50 88 138 134 34 33 51 59 371 0 461 55 47 51 81 388 240 40 78 3 102 2 3 2 146 0 4 0 2 0 25 32 103 5 0 6 93 54 2 5 0 1 3 3 0 0 3 4 4 0 1 0 0 0 2 1 3 0 3 0 1 4 2 1 2 16 3 1 14 4 0 0 0 0 1 0 3 0 0 0 1 0 0 0 0 0 0 24 0 0 0 0 0 1 1 1 0 0 0 0 0 0 0 0 52 26 16 1 0 2 25 47 5 67 2 0 25 10 0 0 0 0 0 1 3 0 0 0 0 0 0 0 0 0 0 0 0 0 0 0 0 19 0 0 0 0 0 0 0 1 2 0 0 0 0 2 9 0 0 0 1 10 0 3 0 1 0 1 13 13 14 0 0 0 19 12 0 0 54 16 0 0 0 0 0 18 0 0 14 0 0 19 16 55 0 0 14 0 0 0 10 0 0 0 0 0 0 0 0 0 0 0 0 0 0 0 0 0 1 16 0 0 0 0 0 0 0 0 0 0 0 0 2 0 0 0 0 0 0 0 0 0 0 0 0 2 2 5 1 10 1 0 92 0 0 0 0 0 1 0 0 0 0 0 0 0 0 0 0 0 0 3 0 0 0 1 0 0 0 0 0 0 0 0 0 0 0 1 
 96 49 283 477 65 34 188 305 207 363 17 461 0 97 52 341 45 87 112 177 5 3 0 0 2 0 0 73 0 0 7 0 0 0 0 3 0 2 0 0 0 2 0 0 2 3 0 0 0 0 0 0 0 0 5 0 2 1 3 0 43 0 0 0 0 0 0 33 3 0 0 3 0 0 0 0 0 0 3 0 1 0 1 2 0 0 25 0 0 14 0 5 38 27 27 17 0 0 0 0 0 0 0 0 0 0 10 0 0 0 0 0 0 0 0 0 0 0 0 0 0 0 0 0 0 0 0 0 0 0 0 0 0 0 0 0 0 0 0 0 0 0 0 0 0 0 0 0 0 0 0 0 0 0 0 0 0 0 0 0 32 2 17 26 0 16 14 16 0 0 12 11 19 6 4 14 14 7 27 33 0 0 0 0 0 0 0 0 0 0 0 0 0 0 0 0 0 0 0 0 0 0 0 0 0 0 0 0 0 0 0 0 0 0 0 0 0 0 0 0 0 0 0 0 0 0 0 0 0 0 0 0 0 0 0 0 0 0 0 0 0 0 0 0 0 0 88 0 0 0 2 8 20 0 0 0 0 0 0 0 0 0 20 0 0 0 0 0 0 0 0 0 0 0 0 26 0 0 0 0 0 0 0 0 0 0 0 0 0 0 
 425 92 158 161 87 28 241 364 75 177 31 55 97 0 183 226 51 32 220 222 3 3 2 0 2 0 0 0 0 0 2 0 0 0 2 3 0 2 0 0 0 2 0 0 23 3 0 0 0 0 0 0 0 0 2 0 2 0 3 27 2 0 0 31 31 0 0 0 3 0 0 3 2 0 0 0 0 0 3 0 25 46 11 32 14 0 10 47 11 0 32 0 2 9 0 32 28 31 6 17 0 0 0 0 0 0 0 0 0 1 0 0 0 0 0 0 0 0 10 0 0 0 0 0 0 0 0 0 0 0 0 0 0 0 0 0 0 0 0 0 0 9 0 0 0 0 0 0 0 0 0 0 0 0 0 0 0 11 0 0 13 10 0 13 15 9 13 0 9 0 0 0 64 9 0 0 0 0 6 13 0 0 0 3 0 0 0 0 1 0 0 0 13 0 0 0 0 0 0 14 0 0 0 0 0 0 0 0 0 0 0 0 0 11 0 2 0 0 0 0 0 0 0 0 0 0 0 7 0 0 0 0 0 0 0 0 0 0 0 0 0 8 0 0 0 2 88 0 2 3 1 12 0 0 0 0 0 0 0 1 77 0 14 0 0 0 0 0 0 0 0 0 0 0 0 0 1 0 0 0 0 0 0 0 0 0 0 0 0 0 
 101 229 256 150 81 276 128 91 303 276 496 47 52 183 0 182 156 54 479 561 4 3 1 0 2 0 1 0 0 0 26 0 1 0 0 4 1 2 2 0 0 2 0 0 1 3 0 0 0 0 0 0 0 0 8 0 2 3 3 0 3 35 0 2 2 3 2 3 5 0 0 3 0 0 0 0 2 2 3 0 0 0 0 17 16 10 0 22 22 14 10 49 1 30 49 29 13 14 0 22 0 0 0 0 1 0 0 0 0 0 0 0 0 0 0 0 0 0 34 8 0 0 0 0 0 0 0 0 0 0 0 0 0 0 0 0 0 0 0 0 0 0 0 0 0 0 0 0 0 0 0 0 0 0 0 18 0 0 0 0 3 14 24 60 0 13 14 15 25 11 47 6 21 15 12 24 0 1 0 0 0 0 0 0 0 0 0 0 0 0 0 0 0 0 0 0 0 0 0 0 0 0 0 0 0 0 0 5 0 0 0 0 0 0 0 0 0 0 0 0 0 0 0 0 0 0 0 0 0 0 0 0 0 0 0 0 0 0 0 1 0 0 0 0 0 4 183 2 87 0 0 6 0 1 0 0 0 0 0 0 0 0 20 0 0 0 0 0 0 0 1 0 0 0 0 11 0 0 0 0 0 0 0 0 0 0 0 0 0 0 
 131 219 125 83 64 156 115 236 146 143 105 51 341 226 182 0 136 500 30 154 3 3 0 1 0 0 4 0 0 0 3 0 0 0 0 3 0 2 64 75 0 2 0 0 64 3 0 0 0 0 0 0 0 0 6 0 2 13 3 0 3 0 3 0 0 0 0 0 3 0 0 3 0 0 0 0 0 0 18 0 0 0 33 46 0 39 14 9 1 17 42 41 0 0 14 28 34 49 0 0 41 0 0 0 0 20 27 0 1 2 0 0 9 0 9 0 0 1 47 10 0 0 0 0 1 0 0 0 0 0 0 0 0 0 0 0 2 0 0 0 0 0 0 0 0 0 0 0 0 0 0 0 0 0 0 0 0 0 0 0 11 0 8 10 0 35 9 11 21 11 26 0 0 0 10 19 0 0 0 0 0 0 0 0 0 0 25 22 0 0 0 0 7 0 1 0 0 0 4 49 0 0 1 0 0 0 0 0 0 0 0 0 0 2 0 0 0 0 0 0 0 0 0 0 0 2 0 0 0 0 0 0 0 0 0 0 0 0 0 16 0 13 0 0 0 2 11 0 88 88 0 5 0 0 0 0 0 0 0 0 0 0 17 0 0 0 0 0 0 0 0 0 0 0 0 0 0 8 0 0 0 0 0 0 0 0 0 0 0 0 
 64 55 220 422 98 53 122 435 518 189 413 81 45 51 156 136 0 144 145 147 78 3 1 0 75 1 0 0 0 2 3 0 0 0 0 5 0 2 75 0 0 2 0 0 0 3 0 0 0 0 0 0 0 54 0 0 2 61 3 0 2 0 0 0 0 0 0 0 3 0 0 2 42 0 0 0 0 0 38 0 13 39 27 48 24 56 11 0 14 41 53 23 0 7 18 13 0 13 0 0 8 0 0 14 0 0 47 0 0 0 0 0 14 0 0 0 3 0 20 21 0 0 2 2 0 0 0 0 0 0 0 0 0 0 0 0 9 0 0 0 0 0 0 0 0 0 0 0 0 0 0 0 0 0 0 0 0 8 0 25 0 36 16 21 13 0 4 16 28 25 3 3 35 17 14 33 12 6 0 0 0 0 0 0 0 0 20 0 0 0 0 0 15 7 1 0 0 13 0 0 0 2 10 0 0 0 0 0 0 0 0 0 0 2 0 0 0 0 0 0 21 0 0 0 0 0 1 9 0 0 1 70 0 2 0 0 0 11 0 0 0 0 0 0 0 0 86 1 43 87 0 7 0 0 0 0 0 0 0 0 0 0 0 0 0 0 0 0 0 0 0 0 0 0 0 0 1 1 0 0 0 0 0 0 0 0 0 0 0 0 
 24 126 32 260 40 225 108 32 452 234 141 388 87 32 54 500 144 0 37 242 3 3 0 5 2 0 1 0 0 2 210 0 76 0 0 3 1 5 77 75 0 3 0 0 0 3 0 0 0 0 0 0 0 0 8 0 2 5 3 0 2 0 0 2 3 0 0 2 3 0 0 3 0 0 0 0 0 0 3 0 27 0 9 24 1 1 9 0 1 28 29 14 13 28 32 36 9 34 0 0 17 0 0 0 0 0 0 0 0 0 0 0 0 0 0 0 0 0 23 1 0 0 0 0 0 0 0 0 0 0 0 0 0 0 0 0 0 0 0 0 0 0 0 0 0 0 0 0 0 0 0 0 0 0 0 0 0 0 0 0 9 1 16 41 0 22 25 16 8 1 23 54 0 0 4 34 31 0 30 13 0 0 0 0 0 0 0 0 0 0 0 10 17 1 0 14 0 0 14 1 0 0 0 0 0 0 0 0 0 0 0 0 0 0 0 0 0 0 0 0 0 19 0 0 0 0 0 0 0 0 0 0 0 0 0 0 0 0 0 0 0 3 0 0 0 0 142 1 91 0 0 12 19 0 0 0 0 0 0 0 0 0 21 0 0 0 0 0 0 0 0 0 0 0 0 19 0 0 0 0 0 0 0 0 0 0 0 0 0 0 
 226 152 135 140 312 275 199 282 165 186 270 240 112 220 479 30 145 37 0 345 5 3 6 0 2 0 0 0 0 6 2 2 1 0 0 202 0 2 0 0 0 2 0 0 0 3 0 4 3 0 0 0 0 0 0 0 2 2 3 0 2 0 0 0 0 0 0 0 3 0 0 3 24 2 0 0 0 0 3 0 3 3 0 17 0 0 14 5 5 11 2 0 12 1 19 2 20 0 6 28 0 0 2 0 0 0 0 0 0 0 0 0 0 0 1 0 0 0 0 2 0 0 0 0 0 0 0 0 0 0 0 14 0 0 0 0 0 0 0 0 0 1 0 0 0 0 0 0 0 0 0 0 0 0 0 0 0 0 0 0 14 26 25 15 17 0 13 26 20 0 40 22 20 14 35 10 12 15 28 22 0 0 0 0 0 0 0 0 0 2 0 0 0 0 0 0 0 0 0 0 0 0 0 0 0 0 0 0 0 0 0 0 16 0 0 0 0 0 0 0 0 0 0 0 0 0 0 0 0 0 0 0 0 0 0 0 0 2 0 0 0 0 0 0 0 2 46 0 0 2 15 13 2 2 0 0 0 0 0 0 0 3 0 0 0 0 0 0 0 2 0 0 0 0 0 15 12 0 0 0 16 0 0 0 0 13 0 0 0 0 
 163 128 242 127 291 62 242 359 141 183 277 40 177 222 561 154 147 242 345 0 12 5 0 0 1 110 2 0 0 0 4 0 0 0 0 3 0 2 0 1 0 2 0 0 0 4 0 63 125 0 0 0 0 0 0 0 2 6 3 0 3 4 0 0 1 1 0 0 3 0 0 3 0 0 0 0 0 0 3 0 1 15 0 19 0 0 36 20 0 0 0 0 23 17 19 12 8 0 15 44 0 0 0 0 0 0 0 0 0 0 0 0 0 0 0 0 0 0 0 0 0 0 0 0 0 2 0 0 0 0 0 0 0 0 0 0 0 0 1 0 0 0 0 0 0 0 0 0 0 0 0 0 0 0 0 0 0 0 0 0 0 3 14 0 2 0 15 14 4 0 7 0 20 41 16 5 0 30 10 22 0 15 0 0 0 0 0 0 0 0 0 0 0 0 0 0 0 0 2 0 15 0 0 0 0 0 0 0 0 0 0 0 0 0 0 0 0 0 0 0 2 0 0 0 0 0 0 0 0 0 0 0 0 0 0 0 0 0 0 0 0 0 0 0 0 0 42 0 0 0 0 2 0 0 0 0 0 0 0 0 0 0 0 2 0 0 0 0 0 0 0 0 0 0 0 15 0 0 0 0 1 0 0 0 0 0 0 0 0 0 
 3 4 4 3 82 204 3 3 3 3 3 78 5 3 4 3 78 3 5 12 0 117 263 267 52 43 106 285 288 223 34 143 209 647 102 178 53 56 68 50 0 0 2 68 3 0 0 0 0 3 0 0 0 0 0 0 3 3 62 0 3 0 54 3 0 3 1 0 0 0 4 67 55 50 0 3 2 1 2 0 0 0 0 0 14 1 0 0 0 0 0 0 0 0 0 0 0 0 0 0 1 24 11 33 0 26 22 111 40 41 15 33 9 31 24 18 59 12 8 0 0 0 0 0 0 0 0 0 0 0 0 13 0 0 0 0 0 0 0 19 0 0 15 0 2 0 0 0 0 0 2 0 0 0 0 0 0 0 0 0 0 0 2 0 12 16 0 0 0 30 0 0 0 0 0 0 0 0 0 1 20 9 12 13 13 1 7 53 4 22 37 0 0 0 32 14 15 41 10 13 1 0 0 0 0 0 0 0 0 0 0 0 3 0 0 0 0 0 0 0 1 0 9 0 0 0 0 0 1 0 0 0 0 0 0 0 0 0 0 0 0 0 0 0 0 0 0 0 0 0 0 1 0 0 7 0 2 0 1 1 14 1 0 0 0 0 0 0 0 0 0 0 0 0 0 0 0 0 0 0 0 0 0 0 0 0 0 0 0 0 
 3 6 3 3 79 3 3 5 3 3 3 3 3 3 3 3 3 3 3 5 117 0 193 185 36 39 87 353 129 53 345 24 28 54 139 58 365 113 139 367 4 3 0 1 3 0 0 2 2 0 0 0 8 2 0 0 0 72 3 0 3 2 0 3 0 3 11 0 0 2 4 0 0 0 0 0 2 1 5 0 0 0 0 0 0 0 0 0 0 0 0 10 0 2 0 0 0 0 0 0 1 101 37 42 14 11 15 0 34 35 16 0 9 13 14 9 13 106 0 0 0 0 0 0 0 0 1 0 0 0 0 0 8 0 0 0 2 0 25 1 0 0 0 0 0 0 0 2 3 0 0 0 0 0 1 0 0 0 0 0 0 0 0 0 0 2 1 0 0 0 0 0 0 0 0 0 0 0 0 0 21 2 14 67 15 0 14 0 6 28 0 13 12 12 0 27 0 37 0 0 0 0 0 0 0 0 0 0 0 0 0 0 0 0 1 0 0 1 15 22 0 0 0 0 2 0 0 0 0 1 0 0 0 0 0 0 0 0 0 0 0 0 14 0 0 0 0 0 0 0 0 0 0 0 6 0 2 127 75 0 20 0 0 0 0 0 1 0 0 0 0 0 0 0 0 0 0 0 0 0 0 14 0 0 0 12 0 0 0 0 
 0 0 0 2 95 0 0 2 0 0 0 102 0 2 1 0 1 0 6 0 263 193 0 190 88 122 146 105 76 75 116 295 229 207 135 106 51 143 54 65 0 0 0 1 3 21 62 2 2 0 0 0 0 0 0 0 0 3 0 0 3 0 45 14 0 3 0 0 0 0 2 0 0 0 0 3 2 1 2 0 0 0 2 0 0 0 0 0 0 0 0 0 0 0 1 0 0 0 0 0 0 21 23 10 12 13 18 13 29 42 25 54 9 21 6 0 11 8 0 8 0 0 0 0 0 0 1 8 0 0 0 0 11 0 7 0 0 0 1 17 0 0 1 0 0 2 0 0 0 0 0 0 0 0 0 0 0 0 0 0 0 1 0 0 0 10 0 0 1 0 0 0 0 0 0 0 0 0 0 0 21 14 32 15 0 17 7 41 0 23 17 19 0 0 22 42 21 28 9 28 7 0 0 0 0 0 0 0 0 0 0 0 17 0 0 0 0 0 0 0 0 0 0 0 0 0 0 0 0 0 0 0 0 0 0 0 0 0 2 0 0 0 8 0 0 0 0 0 0 0 0 0 0 0 18 2 0 2 0 0 6 12 0 0 0 0 0 0 0 0 0 0 0 0 0 0 0 0 0 0 0 0 0 0 0 0 0 0 0 0 
 0 0 207 0 0 0 0 0 0 0 0 2 0 0 0 1 0 5 0 0 267 185 190 0 365 30 71 179 81 474 362 92 84 75 59 117 43 206 147 152 12 1 0 0 3 0 29 0 0 0 0 1 66 63 0 0 0 6 127 0 3 0 0 5 3 3 0 2 0 5 2 0 6 0 0 0 2 11 2 0 0 0 0 0 1 0 0 0 0 0 0 1 0 0 0 0 0 0 0 0 0 1 34 1 18 0 0 0 0 11 36 2 0 2 18 10 0 0 0 0 1 10 21 0 0 0 27 16 43 0 0 0 31 0 20 0 1 0 35 1 0 0 0 11 0 0 0 0 0 0 0 19 0 0 2 2 0 0 0 0 0 10 0 0 0 0 0 0 21 0 0 0 0 0 1 0 0 0 0 0 0 1 11 12 10 34 1 0 31 22 12 99 0 14 2 20 0 9 0 1 38 14 0 0 0 0 46 0 15 0 0 2 44 0 25 24 12 11 9 0 0 0 0 0 1 0 0 0 0 1 0 0 0 0 0 0 0 0 0 0 0 0 4 0 0 0 0 0 0 0 0 0 0 0 9 0 1 56 88 0 5 14 0 0 0 0 0 0 0 0 0 0 0 0 0 0 0 0 0 0 0 0 0 0 0 12 19 0 0 0 
 2 1 2 0 0 0 2 2 4 1 0 3 2 2 2 0 75 2 2 1 52 36 88 365 0 217 37 57 76 56 104 59 87 61 113 318 90 348 57 92 81 63 43 0 3 0 63 0 113 0 0 1 2 54 0 39 0 68 0 19 3 0 0 3 0 3 0 1 0 0 2 0 0 1 0 0 2 8 2 0 0 0 0 0 12 8 0 0 0 0 0 0 0 0 0 0 0 0 0 0 0 0 0 0 0 0 0 0 0 18 15 14 0 0 0 0 0 0 0 0 3 0 54 0 0 0 10 30 0 16 0 0 20 10 0 0 15 3 16 0 0 9 2 0 0 0 0 0 0 16 5 0 8 1 0 0 0 1 0 0 0 0 0 0 0 0 0 8 0 0 2 0 0 0 6 0 0 0 0 0 0 0 0 0 23 0 0 0 0 17 0 12 2 0 0 18 0 9 0 0 19 30 0 0 0 0 15 42 25 0 13 0 0 0 0 18 12 0 21 0 14 0 0 0 0 0 0 0 0 0 0 0 0 0 0 0 0 0 0 0 0 0 22 0 0 2 0 0 1 0 0 0 0 0 14 0 2 1 0 0 3 0 0 0 0 0 0 3 0 0 0 0 0 0 0 0 0 0 0 0 0 0 0 0 21 1 18 0 0 1 
 0 0 0 0 0 0 0 2 0 0 0 2 0 0 0 0 1 0 0 110 43 39 122 30 217 0 29 120 133 163 95 38 118 120 61 258 174 66 44 76 5 55 77 3 111 0 2 19 0 0 0 0 68 0 0 27 0 3 66 68 2 0 0 2 0 3 6 0 0 0 2 0 0 0 0 0 2 0 2 0 0 0 0 0 0 0 0 0 0 0 0 0 0 0 0 0 0 1 0 0 0 50 21 50 40 20 0 11 0 37 7 20 0 0 0 0 46 46 0 0 21 0 0 11 0 0 13 13 0 11 20 0 12 2 0 0 0 0 31 41 12 17 0 0 0 0 0 0 0 4 5 0 3 0 0 0 0 0 0 4 0 0 0 0 0 0 0 0 0 0 0 0 0 0 0 0 0 0 0 0 0 0 15 2 30 2 0 5 0 47 6 16 0 0 0 0 2 20 0 2 13 21 15 12 0 0 0 21 1 0 19 0 2 0 1 0 0 1 40 9 0 0 0 0 0 0 0 0 0 0 0 0 0 0 0 1 0 0 0 0 0 0 1 0 0 0 0 0 0 0 0 0 0 0 11 2 1 94 4 0 5 0 0 0 0 0 0 0 0 0 0 0 0 0 0 0 0 0 0 10 0 0 0 0 19 0 0 0 0 0 
 0 0 0 73 23 220 0 0 82 0 94 146 0 0 1 4 0 1 0 2 106 87 146 71 37 29 0 305 166 123 235 100 255 110 341 122 194 31 261 211 0 0 0 1 3 2 0 0 0 4 3 1 5 0 0 3 0 6 0 0 2 0 3 2 0 5 1 2 0 0 2 3 1 0 0 0 2 0 2 0 0 0 1 0 0 12 0 0 0 12 0 0 0 0 0 1 0 0 0 0 26 9 14 47 17 0 0 24 26 10 0 1 1 12 13 12 14 25 14 0 0 0 0 0 0 0 0 0 2 0 0 0 5 0 0 0 0 0 26 0 0 0 0 1 0 0 0 2 0 0 0 0 0 0 0 0 0 0 0 0 0 0 0 0 0 0 0 0 0 0 0 0 0 0 15 0 0 0 0 0 16 20 2 0 10 0 10 0 28 35 35 0 21 38 1 13 43 8 0 0 0 0 0 0 0 0 0 0 0 0 0 0 0 0 0 0 0 0 0 0 0 27 0 0 0 0 0 0 0 0 0 0 0 0 0 0 0 0 0 0 0 0 0 0 0 0 0 0 0 0 0 0 0 0 11 0 0 76 0 2 13 14 0 0 0 0 9 0 0 0 0 0 0 0 0 0 0 0 0 0 0 17 0 0 0 0 0 0 0 2 
 49 3 0 0 0 1 0 0 0 0 2 0 73 0 0 0 0 0 0 0 285 353 105 179 57 120 305 0 183 266 121 146 274 142 501 71 101 22 129 73 0 0 62 5 3 0 0 0 0 0 0 0 0 0 2 62 0 6 32 2 2 0 0 2 0 3 53 3 0 0 4 0 0 0 0 0 3 0 2 0 0 0 0 0 0 0 0 0 0 0 0 0 0 0 2 0 0 0 0 0 0 33 44 49 34 16 0 13 47 41 8 13 0 32 18 31 28 41 0 0 0 0 0 0 0 0 0 0 0 0 0 0 8 0 7 2 0 0 0 20 0 0 1 0 0 1 2 0 0 0 17 1 0 0 0 0 0 0 0 0 0 2 22 1 0 0 0 0 2 0 0 0 0 0 0 0 0 0 0 0 18 32 13 28 8 16 10 8 5 44 41 2 0 49 8 24 20 29 0 20 0 0 0 0 0 0 0 0 0 0 0 0 12 0 9 0 0 0 0 0 0 0 0 0 0 0 0 0 0 0 0 0 0 0 0 0 0 0 1 0 0 0 0 0 0 0 0 0 0 0 0 0 0 0 8 0 0 121 1 0 14 14 0 0 0 0 0 0 0 0 0 1 0 0 0 0 0 0 0 0 0 0 0 0 0 12 0 0 0 0 
 2 0 1 0 0 1 0 0 76 0 0 4 0 0 0 0 0 0 0 0 288 129 76 81 76 133 166 183 0 75 194 84 414 162 265 423 47 47 282 69 0 6 0 1 3 0 0 0 0 0 0 0 28 0 0 1 0 3 28 0 3 0 0 3 0 3 5 0 0 0 2 0 0 0 0 0 2 1 7 0 0 0 0 0 0 0 2 0 0 0 0 0 0 0 0 0 0 0 0 0 0 34 40 64 55 28 14 45 34 74 21 9 0 14 8 0 68 101 0 0 0 0 0 0 0 0 0 10 0 0 0 0 0 0 8 0 0 0 0 34 0 0 0 0 0 0 0 0 0 0 0 0 0 0 0 0 0 0 0 0 0 0 0 0 0 0 0 0 0 0 0 13 0 0 0 0 0 0 0 0 19 16 13 29 0 13 0 0 0 47 23 0 0 0 1 0 27 42 0 0 1 22 0 0 0 0 0 0 0 0 6 0 22 0 2 0 0 1 29 18 0 0 0 0 0 0 0 0 0 0 0 0 0 0 0 0 0 0 0 0 0 0 0 0 0 0 0 0 0 0 0 0 0 0 8 0 0 81 74 0 7 29 0 0 0 0 0 0 0 0 0 0 0 0 0 0 0 0 0 0 0 0 0 0 0 0 0 0 0 0 
 0 4 0 0 80 0 0 0 0 2 0 0 0 0 0 0 2 2 6 0 223 53 75 474 56 163 123 266 75 0 325 124 72 151 108 101 290 257 182 224 64 0 0 1 3 0 130 0 0 0 0 0 55 34 0 0 0 3 20 0 2 0 0 2 0 3 5 0 0 0 2 0 47 0 0 0 2 0 2 0 0 0 0 0 0 29 0 0 0 0 0 0 0 0 0 25 0 0 16 0 10 40 12 43 17 0 0 1 4 48 1 0 1 0 13 23 19 22 0 2 0 1 9 0 7 0 20 11 14 0 0 0 10 0 3 0 0 0 0 2 0 0 0 7 0 0 0 0 0 0 0 0 0 0 3 0 0 0 0 0 0 0 0 0 0 0 0 1 0 0 0 0 0 0 0 0 0 0 0 0 0 12 6 13 8 1 3 14 37 19 13 30 0 20 7 0 15 30 0 0 0 0 0 0 0 0 20 0 0 0 0 0 16 0 17 9 0 1 1 12 0 0 22 0 0 0 0 0 0 0 0 2 0 0 0 0 0 0 0 0 0 0 0 0 0 0 0 0 0 0 0 0 1 0 12 3 1 205 1 0 0 0 0 0 0 0 0 0 0 0 0 0 0 0 0 0 0 0 0 1 0 13 0 0 0 15 0 0 0 0 
 2 77 2 2 3 4 3 4 2 2 3 2 7 2 26 3 3 210 2 4 34 345 116 362 104 95 235 121 194 325 0 154 54 38 156 167 152 358 274 279 0 72 0 1 7 0 159 2 0 0 0 0 2 0 0 0 2 3 0 0 2 0 2 2 5 3 29 0 2 4 4 0 7 0 0 0 3 0 2 2 0 0 0 0 0 0 0 12 19 0 0 2 3 2 29 0 0 0 0 2 0 14 21 0 7 26 9 0 0 50 33 19 0 0 5 1 39 38 0 0 1 0 0 0 0 0 54 0 0 0 0 0 6 0 28 0 2 0 28 78 0 0 0 2 0 0 0 2 0 0 0 0 0 0 2 0 0 0 0 0 0 0 0 0 0 2 0 0 0 0 0 0 0 0 0 0 0 0 0 0 0 2 10 25 12 35 0 0 7 10 19 15 0 0 0 0 1 12 0 0 0 14 0 19 0 0 18 0 28 0 0 1 6 10 10 0 14 1 18 39 0 0 0 0 2 0 0 0 0 4 0 0 0 0 0 0 0 0 0 0 0 0 0 0 0 0 0 0 2 0 0 0 0 0 5 0 0 0 9 2 7 15 0 0 0 2 0 0 0 0 0 0 0 1 0 0 0 0 0 0 0 0 0 0 0 0 0 0 0 0 
 2 1 0 0 4 0 0 0 0 0 0 0 0 0 0 0 0 0 2 0 143 24 295 92 59 38 100 146 84 124 154 0 58 121 38 187 245 260 189 37 0 88 0 1 3 0 62 0 0 0 0 5 66 1 0 0 0 3 0 0 2 0 0 2 0 3 1 0 0 0 2 0 0 0 0 0 3 0 2 0 0 0 0 2 0 0 0 0 0 0 0 0 0 0 0 2 0 0 2 0 0 0 13 21 44 40 0 0 8 14 31 29 29 0 1 21 42 0 0 0 2 10 0 2 0 6 9 0 0 0 0 0 22 0 27 0 0 0 1 5 0 0 0 1 0 0 0 0 13 0 0 0 16 0 0 0 14 0 0 0 0 0 0 0 0 0 0 0 0 0 0 0 0 0 0 0 0 0 0 0 0 0 0 0 0 44 0 0 30 23 4 23 18 15 0 0 0 24 0 0 0 1 0 0 0 0 0 0 0 0 0 0 34 10 0 0 13 2 0 10 0 0 2 0 0 0 0 0 0 0 0 0 0 0 0 0 0 0 0 0 0 0 0 0 0 0 0 0 0 0 0 0 0 0 6 4 1 77 73 1 0 16 0 0 0 0 24 0 0 0 0 0 0 0 0 0 0 0 0 0 0 0 0 0 0 0 0 0 0 0 
 0 0 0 5 75 147 0 0 0 1 110 25 0 0 1 0 0 76 1 0 209 28 229 84 87 118 255 274 414 72 54 58 0 84 176 40 37 33 208 231 0 3 0 24 3 2 0 0 0 6 6 0 67 0 0 0 0 3 0 0 2 0 8 3 0 39 0 0 0 0 2 0 0 0 0 0 2 0 2 0 0 0 0 0 17 33 0 1 0 12 18 0 0 0 0 0 2 18 0 0 55 21 10 12 0 0 0 28 34 18 0 0 30 32 13 4 0 8 89 0 0 0 0 0 0 0 0 0 0 0 0 0 0 0 0 0 0 0 0 0 0 0 0 1 0 0 0 0 0 2 0 0 1 0 0 0 0 0 0 0 0 0 0 11 2 28 0 0 0 3 26 13 0 0 0 0 10 0 0 0 59 1 1 15 0 0 17 0 23 13 32 0 0 40 0 21 32 16 11 24 0 0 9 0 0 0 0 0 0 0 0 0 0 0 0 0 0 0 0 2 0 17 0 0 0 0 0 0 0 0 0 0 0 0 0 0 0 0 0 0 0 0 0 0 0 0 0 0 0 0 0 0 0 0 14 0 0 1 0 2 14 0 0 0 0 0 0 0 0 0 0 0 0 0 0 0 0 0 0 0 0 41 0 0 0 0 0 0 0 0 
 0 2 0 0 1 0 0 0 0 0 0 32 0 0 0 0 0 0 0 0 647 54 207 75 61 120 110 142 162 151 38 121 84 0 196 194 109 23 91 129 0 1 0 16 4 21 0 0 4 21 24 1 0 0 3 2 0 6 0 0 2 0 1 2 0 3 10 0 0 0 2 0 0 0 3 0 3 3 16 0 0 0 0 0 0 0 2 0 0 0 0 0 0 0 0 0 0 0 0 0 5 15 24 20 0 19 0 51 33 15 30 35 0 34 14 24 28 0 1 9 0 0 0 0 0 0 0 0 0 0 0 0 0 0 1 0 0 0 0 22 18 0 3 1 5 0 0 0 0 0 0 0 0 0 0 0 0 0 0 0 0 0 2 0 0 0 0 0 0 0 0 0 0 0 0 0 0 0 0 0 23 16 22 9 14 0 0 17 0 23 32 8 0 0 21 8 11 11 1 7 0 0 0 0 0 0 0 0 0 13 0 0 6 0 1 0 1 0 20 0 0 0 0 0 0 0 0 0 0 0 0 0 0 0 0 0 0 0 0 0 0 0 0 0 0 0 0 0 0 0 0 7 0 0 14 1 0 3 1 0 0 2 0 0 0 0 0 0 0 0 0 0 0 0 0 0 0 0 0 12 0 3 0 0 0 1 0 11 0 0 
 0 0 1 64 75 146 2 0 3 2 165 103 0 2 0 0 0 0 0 0 102 139 135 59 113 61 341 501 265 108 156 38 176 196 0 152 123 34 247 212 0 7 0 1 3 0 6 0 0 0 0 0 2 0 0 0 0 3 0 0 2 0 0 3 0 3 1 0 0 0 2 0 0 0 0 0 2 0 2 0 0 0 1 0 0 0 0 0 0 12 0 0 0 0 2 0 0 0 0 1 0 8 19 87 18 26 38 24 23 9 1 0 10 12 17 15 56 19 13 0 0 0 0 0 0 0 0 0 0 0 0 0 6 0 0 1 0 0 10 21 0 0 0 1 0 1 0 2 0 0 0 0 0 0 0 0 0 0 1 0 0 0 0 0 0 2 0 0 2 0 0 0 0 0 0 0 0 0 10 0 10 14 26 11 0 0 0 16 30 35 10 0 18 25 12 14 4 4 1 0 0 0 0 0 0 0 0 0 0 0 0 0 0 0 0 0 0 0 11 12 0 32 0 0 0 0 0 0 0 0 9 0 0 0 32 0 0 0 1 0 0 0 2 0 0 0 1 0 1 0 0 0 0 0 15 2 0 120 3 0 31 0 0 0 0 0 10 0 0 0 0 0 0 1 0 0 0 0 0 0 0 0 0 0 0 0 0 0 0 0 
 3 3 3 3 3 3 3 5 5 3 3 5 3 3 4 3 5 3 202 3 178 58 106 117 318 258 122 71 423 101 167 187 40 194 152 0 77 433 249 77 0 0 0 2 3 53 0 0 0 0 0 0 69 1 0 0 0 64 66 0 2 0 0 2 0 3 0 0 0 0 2 0 0 0 0 0 2 0 2 0 0 0 0 0 0 0 0 0 0 2 0 0 0 0 0 0 0 0 0 0 0 0 23 37 50 51 0 10 0 19 54 56 0 0 0 15 34 16 0 1 0 0 0 16 0 3 3 16 0 0 0 0 34 0 9 0 0 0 2 22 7 0 0 4 0 0 0 0 19 11 0 0 0 0 0 0 0 0 0 0 0 0 0 0 0 0 0 0 0 0 0 1 0 0 0 0 0 0 0 0 0 0 47 0 14 59 0 6 18 34 17 32 22 15 0 17 13 24 12 2 6 0 0 0 0 0 0 0 0 0 0 0 25 0 0 0 0 0 10 0 0 1 0 0 0 0 0 0 0 0 0 0 1 0 0 0 0 0 0 0 0 0 8 0 0 0 0 0 0 0 0 0 0 0 15 0 0 1 73 1 0 16 0 0 0 0 0 0 0 0 0 0 0 0 0 0 0 0 0 10 0 0 0 0 0 0 0 0 0 0 
 0 0 0 0 165 0 0 0 0 1 0 0 0 0 1 0 0 1 0 0 53 365 51 43 90 174 194 101 47 290 152 245 37 109 123 77 0 423 33 23 1 3 0 2 3 0 51 0 0 0 0 0 1 0 0 0 0 4 0 0 2 0 0 1 0 3 0 0 0 0 2 0 0 0 0 0 3 0 2 0 0 0 0 0 2 13 0 0 0 0 0 6 0 0 0 0 0 0 0 0 13 13 0 28 15 47 0 1 13 0 0 11 11 5 0 33 5 18 0 0 0 0 0 0 0 0 9 10 0 0 0 0 28 0 17 0 0 0 15 0 0 0 0 0 0 0 0 0 3 1 0 0 0 0 0 0 0 0 0 0 0 0 0 0 0 0 0 0 0 0 0 0 0 0 0 0 0 0 0 0 16 9 14 16 22 16 4 24 44 1 12 10 32 35 31 0 13 1 0 0 0 20 0 1 0 0 0 0 0 0 0 6 10 0 0 0 0 0 0 17 0 0 0 0 0 0 0 0 0 0 0 0 0 0 0 0 0 0 0 0 0 0 0 0 0 0 0 0 0 0 0 0 0 0 1 1 3 9 1 2 1 0 0 0 0 0 3 0 0 0 0 0 0 0 0 0 0 0 0 0 0 29 0 0 1 0 0 0 0 0 
 2 206 2 2 7 2 3 2 2 3 2 6 2 2 2 2 2 5 2 2 56 113 143 206 348 66 31 22 47 257 358 260 33 23 34 433 423 0 30 29 62 3 0 1 3 0 141 3 0 0 0 0 59 29 1 0 0 3 33 0 3 0 0 8 0 52 0 0 0 0 2 0 0 0 0 0 2 2 2 0 0 0 0 0 0 0 0 0 0 0 0 0 0 0 0 0 0 0 0 0 0 0 11 0 14 34 0 0 0 45 13 9 0 0 1 0 0 0 0 27 0 6 9 0 0 0 18 35 12 0 0 0 22 0 20 0 0 0 11 0 0 0 0 1 0 0 0 0 0 0 0 0 0 0 5 0 0 0 0 0 0 0 0 0 0 0 0 4 0 0 0 0 0 0 0 0 0 0 0 0 0 14 24 0 0 5 19 1 35 19 0 31 28 0 1 17 18 0 1 0 21 19 0 0 0 0 24 0 0 0 0 0 23 0 11 15 1 0 0 26 0 0 0 0 0 0 0 0 0 0 0 0 0 0 0 1 0 0 0 0 0 0 5 0 0 0 0 0 0 0 0 0 0 0 17 0 2 74 8 6 0 0 0 0 0 0 9 0 0 0 0 0 62 0 0 0 0 0 0 0 0 0 0 0 0 0 0 0 0 0 
 4 5 77 45 76 24 0 135 70 4 159 93 0 0 2 64 75 77 0 0 68 139 54 147 57 44 261 129 282 182 274 189 208 91 247 249 33 30 0 290 1 0 0 0 4 0 0 31 0 4 5 0 1 3 0 0 0 4 0 0 2 0 1 1 0 3 0 0 0 0 2 0 0 0 0 0 3 0 8 0 0 0 25 31 0 27 0 2 0 36 13 18 0 0 0 0 0 13 0 0 22 7 0 0 0 0 16 7 12 12 0 0 33 17 8 11 0 0 9 0 0 0 0 0 0 0 0 0 0 0 0 0 0 0 0 0 0 0 0 0 0 0 0 0 0 0 0 0 0 0 0 0 2 0 0 0 0 0 0 0 0 1 0 10 0 13 0 0 0 1 8 13 0 0 0 0 17 17 0 0 13 0 0 9 7 0 33 0 11 1 0 0 12 39 13 27 0 10 7 57 0 0 1 0 0 0 0 0 0 2 0 0 0 0 0 0 0 0 0 0 0 6 0 0 0 0 0 0 0 0 0 0 0 0 2 0 0 0 0 0 0 0 0 0 0 0 0 0 8 76 0 0 0 0 0 0 0 76 0 0 1 0 0 0 0 0 0 0 0 0 0 0 0 0 0 0 0 0 0 0 0 0 0 0 0 14 0 0 0 0 
 0 26 89 148 3 138 1 18 2 0 133 54 0 0 0 75 0 75 0 1 50 367 65 152 92 76 211 73 69 224 279 37 231 129 212 77 23 29 290 0 0 1 2 65 4 0 0 3 2 1 2 2 0 0 3 4 0 5 2 0 2 1 3 2 3 3 0 0 3 0 5 4 0 1 0 2 4 3 3 2 0 0 24 20 31 7 1 10 10 25 16 10 0 0 0 0 15 34 0 0 9 10 0 0 0 0 20 10 19 14 0 0 16 46 15 32 0 0 61 10 0 0 0 0 0 0 0 0 0 0 2 0 0 0 0 0 0 0 0 0 0 0 1 5 0 0 0 0 0 0 1 0 0 0 0 0 0 0 0 0 0 10 0 12 28 12 0 0 3 7 14 13 1 0 0 2 11 17 2 0 0 1 0 11 8 0 25 0 3 0 0 0 19 40 0 35 0 6 38 30 0 0 10 0 0 0 0 0 0 0 0 0 0 0 0 0 0 0 0 0 0 17 0 2 0 2 0 0 8 0 0 0 0 0 14 0 0 0 0 0 0 0 0 0 0 3 0 0 0 0 0 0 0 0 12 0 3 82 0 1 3 2 0 0 0 0 0 0 0 0 0 0 0 0 0 0 2 0 0 0 0 0 0 0 0 10 0 0 0 0 
 0 0 0 0 2 0 0 0 0 0 0 2 0 0 0 0 0 0 0 0 0 4 0 12 81 5 0 0 0 64 0 0 0 0 0 0 1 62 1 0 0 620 118 62 305 38 179 42 314 27 52 30 75 166 81 111 246 101 195 66 0 4 0 0 0 0 0 0 0 0 4 0 0 0 2 0 1 44 6 0 0 0 0 0 0 0 0 0 0 0 0 0 0 0 0 0 0 0 0 0 0 0 0 0 7 0 0 0 0 0 0 4 0 0 0 0 0 0 0 0 22 1 19 0 0 0 20 16 5 7 4 0 13 1 1 0 9 9 3 0 0 0 0 0 0 0 0 0 0 0 1 0 3 0 3 0 0 0 0 0 0 0 0 0 0 0 0 6 0 0 0 0 0 0 12 0 0 0 0 0 0 0 0 0 5 17 0 0 3 0 0 1 0 0 0 0 0 0 0 0 1 0 7 0 0 0 21 18 34 1 1 0 2 11 13 26 30 0 18 0 0 0 0 0 0 0 1 0 0 0 0 23 0 0 0 0 0 0 0 0 0 0 9 0 0 0 0 0 0 21 0 6 0 2 0 0 0 56 0 0 0 0 1 0 0 2 2 3 0 0 0 0 0 0 0 0 0 0 0 0 0 0 0 0 18 0 11 0 0 0 
 2 2 2 2 2 2 2 2 2 2 2 5 2 2 2 2 2 3 2 2 0 3 0 1 63 55 0 0 6 0 72 88 3 1 7 0 3 3 0 1 620 0 174 87 96 112 145 269 56 225 24 261 66 114 120 481 61 95 79 121 0 0 0 0 4 0 63 6 0 0 53 0 0 0 0 0 0 0 0 0 0 0 0 0 0 0 0 0 0 0 0 0 0 0 0 0 0 0 17 0 0 1 3 0 0 23 2 4 0 0 1 0 0 0 12 0 9 6 0 11 40 0 0 27 10 0 7 3 20 19 13 0 11 21 0 21 14 0 32 12 0 8 0 0 0 0 0 0 0 5 26 0 5 0 0 0 0 0 0 0 0 0 0 0 5 0 0 0 0 0 0 0 0 1 0 0 0 0 0 0 0 0 6 5 0 6 0 0 0 0 0 0 0 0 1 16 0 1 0 0 0 13 10 16 0 9 0 28 1 23 11 23 7 12 0 0 6 0 28 16 0 0 0 0 0 0 26 0 0 0 0 0 9 0 0 0 0 0 11 0 0 0 47 0 0 0 0 0 0 0 0 7 0 1 0 0 0 0 2 2 0 0 2 0 0 0 1 37 2 0 0 0 0 0 0 0 0 0 0 0 0 0 0 0 6 0 0 0 0 0 
 0 0 0 0 0 0 0 0 0 0 0 0 0 0 0 0 0 0 0 0 2 0 0 0 43 77 0 62 0 0 0 0 0 0 0 0 0 0 0 2 118 174 0 153 37 93 85 265 129 121 55 100 87 85 47 73 398 57 53 38 0 0 0 0 4 0 0 20 0 0 0 0 0 0 0 0 0 0 55 28 0 0 0 0 0 0 0 0 0 0 0 0 0 0 0 0 0 0 0 0 0 0 0 0 0 0 0 0 0 0 0 0 0 0 0 0 0 0 0 0 8 0 34 7 10 19 0 7 10 17 0 9 0 11 14 1 28 24 13 0 0 13 1 0 0 0 11 8 0 6 4 0 13 11 1 0 0 0 1 9 0 0 0 7 0 1 0 0 0 0 0 0 0 0 0 0 0 0 0 0 0 0 0 0 0 0 0 0 0 0 0 0 0 0 0 0 0 0 0 0 0 11 27 26 3 11 0 12 27 21 37 41 6 8 0 0 8 28 6 0 17 8 0 0 6 0 10 0 0 0 0 0 2 18 0 0 0 0 32 0 0 0 0 0 0 0 0 0 0 0 0 4 0 1 0 0 0 0 0 8 0 0 0 76 2 8 2 1 0 0 0 0 0 0 0 0 0 0 0 0 0 0 0 0 14 6 0 3 0 0 
 0 2 0 0 0 31 0 0 2 0 0 1 0 0 0 0 0 0 0 0 68 1 1 0 0 3 1 5 1 1 1 1 24 16 1 2 2 1 0 65 62 87 153 0 304 415 92 102 89 234 651 97 289 70 299 69 53 36 80 268 1 0 10 6 0 5 74 0 0 0 3 3 57 209 1 0 0 0 103 54 0 0 0 0 30 21 0 0 0 0 18 0 0 0 0 0 0 18 0 0 15 0 0 0 0 0 0 1 0 0 0 0 8 26 0 0 0 0 7 3 0 0 0 17 0 36 0 0 20 0 0 8 0 0 0 0 0 0 0 0 16 0 0 0 0 7 11 8 0 0 0 0 29 15 14 2 3 0 9 20 0 0 0 0 15 19 0 0 0 3 0 0 0 0 0 0 0 0 0 0 21 0 0 0 0 0 0 0 0 0 0 0 0 0 0 1 1 0 1 13 0 0 0 12 10 8 0 0 0 3 0 33 0 0 0 0 0 0 0 0 24 0 0 4 15 9 4 10 13 16 0 0 18 23 0 1 0 0 9 10 0 0 0 0 0 0 0 0 0 0 0 13 0 0 0 0 0 2 0 9 0 0 0 0 2 2 0 0 0 0 0 0 0 0 0 0 0 0 0 0 0 0 0 0 0 13 0 14 0 0 
 64 2 59 61 0 1 0 64 0 0 0 3 2 23 1 64 0 0 0 0 3 3 3 3 3 111 3 3 3 3 7 3 3 4 3 3 3 3 4 4 305 96 37 304 0 306 48 196 103 154 156 351 334 76 93 95 263 108 126 86 74 3 0 0 0 30 104 0 55 0 0 0 52 0 6 0 0 9 0 66 8 0 10 10 9 0 0 7 10 0 11 1 0 0 0 1 7 7 0 0 0 0 0 0 0 0 0 0 0 0 0 0 0 0 0 0 0 0 7 0 0 19 0 19 21 14 0 0 13 5 0 17 0 0 0 0 0 0 0 0 6 21 8 0 0 0 7 9 4 0 0 0 4 0 31 1 1 0 0 30 0 10 0 11 18 11 11 0 9 1 1 0 0 0 0 0 0 0 0 0 0 0 0 0 0 0 0 0 0 0 0 0 9 0 0 0 0 0 0 6 0 0 0 24 13 31 0 0 0 8 0 0 0 0 0 0 0 0 0 0 2 0 0 0 0 0 18 18 10 11 0 12 20 14 0 37 0 1 34 21 0 8 0 0 0 0 64 0 0 0 0 0 0 0 0 0 0 0 0 2 0 0 12 0 0 5 1 0 0 0 0 0 0 21 0 0 0 0 0 0 0 0 0 0 0 0 0 0 0 0 
 3 7 3 3 3 3 3 3 3 3 3 3 3 3 3 3 3 3 3 4 0 0 21 0 0 0 2 0 0 0 0 0 2 21 0 53 0 0 0 0 38 112 93 415 306 0 258 45 63 72 166 60 90 39 55 109 117 121 280 95 1 2 55 0 0 58 54 1 0 0 1 0 0 0 0 0 0 0 69 80 0 0 0 0 0 0 0 0 13 0 0 0 0 0 0 0 0 0 0 0 0 0 0 0 0 0 0 10 7 0 0 0 0 0 0 0 0 0 0 0 0 24 0 40 8 22 0 0 9 0 1 0 0 10 8 6 1 0 0 0 4 0 2 0 3 0 20 1 0 6 1 0 20 0 13 21 0 0 8 21 0 0 0 0 7 0 0 0 0 0 0 0 0 0 0 0 0 0 0 0 0 0 0 0 0 0 0 0 0 0 0 0 0 0 0 0 0 0 0 0 0 4 1 61 45 12 8 0 1 27 2 14 1 0 3 0 20 0 0 0 17 0 0 21 9 9 20 22 24 14 0 3 1 20 24 0 0 0 10 10 0 0 0 0 0 0 0 0 0 0 0 0 0 0 0 0 0 0 0 1 0 0 2 0 0 6 0 0 0 0 11 0 0 0 0 0 0 0 0 0 0 0 0 0 0 0 0 12 0 0 
 0 1 0 5 0 0 0 0 3 0 0 0 0 0 0 0 0 0 0 0 0 0 62 29 63 2 0 0 0 130 159 62 0 0 6 0 51 141 0 0 179 145 85 92 48 258 0 99 41 48 41 29 208 210 102 33 142 27 156 107 0 0 2 66 0 3 0 0 2 0 0 3 21 0 0 0 0 1 15 0 0 0 0 0 0 0 0 0 0 0 0 0 0 0 0 0 0 0 0 0 0 0 10 0 26 10 0 0 0 0 0 0 0 0 0 0 0 0 0 5 14 8 33 0 4 0 17 24 3 0 0 0 18 7 19 9 9 7 0 0 0 0 2 6 0 0 14 13 0 0 0 0 1 4 6 0 0 0 9 0 0 0 0 0 0 0 0 6 0 0 0 0 0 0 0 0 0 0 0 0 0 0 0 0 0 16 0 0 13 0 0 26 0 0 0 0 0 0 0 0 0 10 0 0 2 3 18 9 0 0 0 0 44 0 10 30 1 0 1 14 7 0 0 0 0 0 5 0 0 0 0 1 3 0 0 0 8 0 0 0 0 0 9 0 0 0 0 0 0 31 0 4 0 1 0 0 0 1 0 0 0 16 2 0 0 2 1 64 0 0 0 0 0 0 0 0 0 0 0 0 0 0 0 0 18 0 1 0 0 0 
 0 2 0 0 0 0 0 0 80 5 0 0 0 0 0 0 0 0 4 63 0 2 2 0 0 19 0 0 0 0 2 0 0 0 0 0 0 3 31 3 42 269 265 102 196 45 99 0 466 386 252 257 201 224 114 46 181 644 145 98 0 0 2 0 8 3 1 5 0 5 0 11 2 0 0 1 0 0 0 0 0 0 0 0 0 0 0 0 0 0 9 0 0 0 0 0 0 0 0 0 0 0 0 0 0 0 0 0 0 0 0 0 0 0 0 0 0 0 0 0 10 19 55 14 30 12 0 9 0 11 5 0 0 15 10 49 25 15 0 0 0 16 0 0 0 0 11 1 0 0 0 0 10 16 0 0 0 0 0 6 0 0 0 4 0 0 0 0 0 0 0 0 0 0 0 0 0 0 0 0 0 0 0 0 10 0 0 0 0 0 0 0 0 0 0 0 0 0 0 0 12 0 18 14 0 33 0 2 11 35 6 17 9 13 11 20 25 7 0 4 0 0 0 0 0 0 26 0 0 0 0 0 17 0 0 0 0 0 0 0 0 0 0 0 0 0 0 0 0 0 0 2 0 1 0 1 2 0 2 12 0 0 35 1 65 13 0 69 0 0 16 0 0 0 0 0 0 0 0 0 0 3 3 0 0 10 0 0 0 0 
 0 2 0 0 0 0 2 0 0 0 0 3 0 0 0 0 0 0 3 125 0 2 2 0 113 0 0 0 0 0 0 0 0 4 0 0 0 0 0 2 314 56 129 89 103 63 41 466 0 199 258 46 99 400 330 108 41 110 69 137 0 0 20 0 3 0 50 1 0 0 0 0 0 2 8 19 2 0 0 0 0 0 0 0 0 0 0 0 0 0 0 0 0 0 0 0 0 0 0 0 0 0 0 0 0 0 0 0 0 0 0 0 0 0 0 0 0 0 0 0 8 17 16 8 13 14 0 10 23 26 35 0 0 10 3 18 9 14 0 0 0 8 0 3 2 0 0 0 0 18 19 2 33 6 2 0 26 0 17 0 0 0 0 0 4 0 0 0 0 0 0 0 0 0 0 0 0 0 0 0 0 1 0 0 0 0 0 0 0 0 0 0 0 0 0 0 0 0 0 0 4 17 13 20 7 22 0 0 17 29 21 0 0 6 11 8 1 16 18 0 21 0 3 0 0 0 13 0 0 5 0 0 25 0 0 0 0 0 11 0 0 0 0 0 0 0 0 0 0 0 0 4 0 0 0 0 0 63 0 1 0 0 0 0 65 21 1 0 0 0 6 0 0 0 0 0 0 0 0 0 0 0 0 0 0 0 0 0 0 0 
 0 2 0 0 2 0 0 52 0 0 7 4 0 0 0 0 0 0 0 0 3 0 0 0 0 0 4 0 0 0 0 0 6 21 0 0 0 0 4 1 27 225 121 234 154 72 48 386 199 0 101 476 120 160 174 320 344 302 133 118 50 0 0 0 26 0 99 5 0 0 0 0 25 0 0 0 0 0 3 0 0 0 0 0 0 0 0 0 0 0 0 0 0 0 0 0 0 0 0 0 2 0 0 0 0 0 0 0 0 3 0 0 5 0 0 0 0 0 0 0 10 23 9 27 18 1 0 9 5 30 25 8 1 8 10 29 0 15 1 0 0 19 0 0 0 0 0 0 0 1 0 0 27 0 0 0 2 0 0 7 0 0 0 0 11 0 0 0 0 0 0 0 0 0 0 0 5 0 0 0 3 0 0 0 0 0 18 0 0 0 1 0 0 5 0 0 0 0 0 0 18 0 19 22 0 0 0 13 0 28 0 14 9 0 3 2 0 28 0 0 12 0 0 0 0 0 15 0 19 0 0 0 21 6 0 43 0 0 16 1 0 0 0 0 0 0 0 0 0 0 0 14 0 2 0 0 0 0 0 0 0 0 0 0 33 15 2 64 0 0 0 0 0 0 0 0 0 0 0 0 0 0 0 0 0 10 0 0 0 0 
 0 1 0 0 2 0 0 0 0 0 12 4 0 0 0 0 0 0 0 0 0 0 0 0 0 0 3 0 0 0 0 0 6 24 0 0 0 0 5 2 52 24 55 651 156 166 41 252 258 101 0 425 53 27 129 131 174 110 46 249 0 0 0 0 0 50 69 0 0 0 0 0 1 2 0 0 0 0 21 0 0 0 0 0 0 0 0 0 0 0 0 0 0 0 0 0 0 0 0 0 2 0 0 0 0 0 0 0 0 0 0 0 12 0 0 5 0 0 0 0 0 13 0 11 19 21 0 0 10 9 26 1 0 0 0 10 21 0 0 0 24 0 11 8 0 0 15 6 0 7 0 0 15 0 16 20 0 0 11 11 0 29 0 0 1 0 0 0 0 0 1 8 0 0 0 0 16 0 0 0 2 0 0 0 0 0 25 0 12 0 1 0 0 9 0 0 0 0 0 0 7 0 0 12 23 38 0 0 0 4 13 0 0 36 0 0 9 0 0 0 32 0 0 0 12 12 23 5 17 17 0 0 26 2 0 0 0 0 0 12 0 0 0 0 0 0 0 0 0 0 0 15 0 1 0 0 0 0 0 2 0 22 45 0 2 2 0 0 0 0 55 0 0 0 0 0 0 0 0 0 0 0 0 0 0 0 0 8 0 0 
 6 3 0 5 0 0 1 0 0 1 0 0 0 0 0 0 0 0 0 0 0 0 0 1 1 0 1 0 0 0 0 5 0 1 0 0 0 0 0 2 30 261 100 97 351 60 29 257 46 476 425 0 53 245 154 243 195 120 103 284 209 5 0 1 0 0 1 0 12 25 3 1 8 4 7 2 0 0 0 51 0 0 0 0 0 0 0 0 0 0 0 0 9 0 0 0 0 0 0 0 0 0 0 0 0 0 0 0 0 0 0 0 0 0 0 0 0 0 0 0 8 21 0 7 24 26 1 50 9 0 32 3 0 14 0 14 40 0 0 0 22 0 0 0 0 0 17 11 0 0 0 0 43 0 36 0 5 1 18 15 0 0 5 0 0 6 0 0 4 0 0 0 0 0 0 0 0 0 0 0 0 0 0 0 0 0 0 0 0 1 0 0 0 0 18 0 0 0 0 0 54 19 0 20 27 19 0 0 0 4 29 17 0 14 5 0 12 6 21 0 0 0 0 0 0 16 16 29 0 0 0 4 12 13 18 1 3 3 0 19 0 0 0 0 0 0 0 0 0 0 0 14 0 2 0 0 0 0 0 0 0 1 37 62 2 7 49 0 4 1 15 0 0 0 0 0 0 0 0 0 0 0 0 0 1 0 0 8 0 0 
 0 4 3 0 0 0 0 0 0 2 0 1 0 0 0 0 0 0 0 0 0 8 0 66 2 68 5 0 28 55 2 66 67 0 2 69 1 59 1 0 75 66 87 289 334 90 208 201 99 120 53 53 0 130 51 75 62 54 199 368 0 0 0 0 4 55 0 16 0 0 0 0 0 0 0 0 0 6 0 0 0 0 0 0 0 0 0 0 0 0 0 0 0 0 0 0 0 0 0 0 0 0 0 0 8 0 0 13 0 0 11 0 0 0 0 0 37 22 0 0 20 14 0 10 21 0 0 13 0 0 19 0 0 2 11 26 16 3 11 62 0 3 0 0 0 0 9 0 0 0 0 0 0 5 0 0 0 0 0 9 0 0 0 0 0 0 0 0 0 0 0 0 0 0 0 0 0 0 0 0 9 0 0 0 0 2 0 0 12 14 8 1 0 0 0 0 10 0 0 0 6 21 17 10 0 0 11 10 0 14 0 28 25 26 0 0 1 21 19 16 0 0 0 0 0 0 16 0 0 0 0 0 0 5 0 0 0 0 0 0 0 0 10 0 0 0 0 0 0 0 0 3 0 9 0 0 0 0 1 0 0 0 1 0 0 0 2 40 2 0 0 0 0 0 0 0 0 0 0 0 0 0 0 0 0 0 0 0 0 0 
 0 0 0 0 0 0 0 0 0 0 0 0 0 0 0 0 54 0 0 0 0 2 0 63 54 0 0 0 0 34 0 1 0 0 0 1 0 29 3 0 166 114 85 70 76 39 210 224 400 160 27 245 130 0 104 81 240 88 159 297 0 0 0 0 3 0 0 0 0 0 0 0 3 0 0 0 51 1 61 0 0 0 0 0 0 0 0 0 0 0 0 0 0 0 0 0 0 0 0 0 0 0 0 0 0 0 0 0 0 0 0 0 22 7 0 0 0 0 0 0 6 9 37 0 3 0 27 22 20 36 11 0 3 10 0 13 19 15 0 1 0 0 3 10 0 0 3 3 0 0 0 0 4 5 10 0 0 0 5 0 0 0 0 0 0 0 0 5 0 0 0 0 0 0 12 0 0 0 0 0 0 0 0 0 0 0 0 0 8 1 1 19 0 0 0 0 0 0 0 0 0 0 10 0 1 4 16 17 1 33 11 19 7 0 19 24 0 10 1 1 20 0 0 0 0 0 12 0 0 0 0 1 7 0 0 0 0 0 8 0 0 0 7 0 0 0 0 0 0 0 0 5 0 1 0 0 0 62 0 1 0 0 0 0 4 5 4 6 2 0 0 0 0 0 0 0 0 0 0 0 0 0 0 0 6 1 0 0 0 0 
 2 2 0 0 0 0 0 2 24 6 0 0 5 2 8 6 0 8 0 0 0 0 0 0 0 0 0 2 0 0 0 0 0 3 0 0 0 1 0 3 81 120 47 299 93 55 102 114 330 174 129 154 51 104 0 210 131 236 295 167 0 1 2 0 0 5 0 0 58 49 0 0 15 2 0 0 0 0 0 0 0 0 17 0 0 0 0 0 0 4 6 5 0 5 8 5 18 0 2 0 0 0 0 0 0 11 0 0 0 9 0 0 0 0 0 0 0 0 0 0 9 24 1 0 12 10 10 25 0 16 22 0 0 13 1 20 4 9 8 0 0 0 0 0 0 0 5 0 0 0 0 0 0 2 0 0 0 0 11 2 8 0 5 16 0 10 11 0 8 0 7 0 0 0 11 0 0 0 0 0 0 0 0 0 0 10 0 0 0 0 0 0 0 0 0 0 0 0 0 0 14 20 0 12 7 13 10 8 9 14 12 0 0 26 9 1 33 1 16 0 8 0 0 0 0 0 10 1 0 0 0 0 12 0 0 0 0 0 0 0 0 3 10 0 0 0 8 0 0 0 0 15 0 1 0 0 0 0 0 1 0 0 24 2 2 1 1 0 0 0 9 0 0 0 0 0 0 0 0 0 0 3 0 0 10 0 0 0 0 0 
 31 2 0 0 0 0 0 0 0 0 0 0 0 0 0 0 0 0 0 0 0 0 0 0 39 27 3 62 1 0 0 0 0 2 0 0 0 0 0 4 111 481 73 69 95 109 33 46 108 320 131 243 75 81 210 0 100 118 34 142 0 2 0 0 0 0 0 3 0 0 0 0 0 14 0 0 0 0 0 0 0 0 0 0 0 0 0 0 0 0 0 0 0 0 0 0 0 0 0 0 0 0 0 0 8 0 0 0 0 0 0 4 0 0 0 7 0 0 0 0 34 19 31 10 29 9 10 0 1 13 22 2 8 1 0 13 0 12 15 0 0 2 0 0 0 0 4 1 0 0 0 0 2 4 0 0 0 0 4 3 0 0 0 0 0 0 0 8 0 0 8 1 0 0 6 0 0 0 0 0 0 0 0 0 10 6 0 0 0 0 0 0 0 0 0 0 0 0 0 0 27 1 30 10 19 0 16 43 55 0 20 0 11 16 0 9 1 4 0 11 6 14 0 0 0 7 0 0 0 0 0 0 20 0 0 1 0 0 0 0 0 0 0 0 0 0 0 0 0 0 0 7 0 0 0 0 0 0 0 1 0 0 1 0 2 4 0 0 3 0 0 0 0 0 0 0 0 0 0 0 0 0 0 0 13 0 0 0 0 0 
 2 2 2 2 2 2 3 2 2 2 3 2 2 2 2 2 2 2 2 2 3 0 0 0 0 0 0 0 0 0 2 0 0 0 0 0 0 0 0 0 246 61 398 53 263 117 142 181 41 344 174 195 62 240 131 100 0 139 86 110 0 0 0 0 6 0 0 0 0 0 0 0 0 0 3 0 0 0 69 52 0 0 0 0 0 0 0 0 0 0 0 0 0 0 0 0 0 0 0 0 0 0 0 0 0 0 0 0 0 0 0 0 0 0 0 0 0 0 0 0 8 13 12 0 1 9 8 28 0 0 11 0 0 24 0 28 29 6 0 0 0 0 0 0 0 0 12 0 0 0 0 0 0 0 0 0 0 0 11 0 0 0 9 0 0 7 10 0 6 0 0 20 0 0 2 6 0 0 0 0 0 0 0 0 0 9 0 0 0 0 0 0 0 0 0 0 0 0 0 0 4 20 1 10 0 11 0 20 0 43 8 21 10 1 11 0 24 0 12 0 11 0 0 0 0 0 27 0 0 0 0 0 11 11 0 0 0 0 0 0 0 0 6 0 0 0 0 0 0 0 0 4 0 2 0 0 0 0 0 2 0 0 63 0 0 3 0 6 0 0 6 0 0 0 0 0 0 0 0 0 0 0 0 0 0 1 0 11 0 0 
 0 2 0 0 0 0 2 0 0 0 4 1 1 0 3 13 61 5 2 6 3 72 3 6 68 3 6 6 3 3 3 3 3 6 3 64 4 3 4 5 101 95 57 36 108 121 27 644 110 302 110 120 54 88 236 118 139 0 88 33 0 0 0 4 6 0 0 4 0 0 19 0 0 6 10 2 0 0 50 0 3 0 0 0 0 0 0 0 0 0 0 0 0 0 0 0 0 0 0 4 0 0 0 0 0 0 0 0 0 0 0 0 0 1 0 0 0 0 0 0 29 33 0 0 17 33 9 1 0 15 17 5 0 23 0 12 11 9 0 0 11 0 0 0 0 0 5 4 0 0 0 0 15 0 20 0 0 0 4 11 0 0 26 0 0 0 0 43 12 3 0 0 15 2 2 3 0 0 2 4 0 0 0 0 0 0 0 0 0 0 0 0 0 0 0 0 0 0 0 0 18 9 10 2 0 24 0 46 1 35 19 0 0 3 15 8 12 11 10 0 0 0 0 0 0 0 12 0 0 0 0 0 11 1 0 1 0 0 0 3 0 0 0 0 0 0 0 0 0 0 0 14 1 2 0 0 0 0 0 1 0 2 66 0 1 1 0 0 0 0 8 0 0 0 0 0 0 0 0 0 0 0 0 0 1 0 0 0 0 5 
 3 5 3 3 3 3 3 3 3 3 3 3 3 3 3 3 3 3 3 3 62 3 0 127 0 66 0 32 28 20 0 0 0 0 0 66 0 33 0 2 195 79 53 80 126 280 156 145 69 133 46 103 199 159 295 34 86 88 0 230 2 1 3 2 6 0 3 6 1 3 1 9 0 0 9 6 3 5 0 0 0 0 0 0 0 0 0 0 0 0 0 0 0 0 0 0 0 0 0 0 0 0 0 0 11 0 0 13 0 5 10 0 0 0 0 4 38 24 0 0 22 0 9 0 0 0 19 40 10 0 9 0 8 15 0 36 20 0 0 48 1 0 0 1 3 0 0 0 0 8 0 0 0 0 4 2 0 0 0 0 0 0 5 0 0 4 0 0 4 0 0 0 0 0 2 0 0 0 0 0 0 12 0 0 0 1 0 0 6 14 8 11 0 0 0 0 10 0 0 0 8 41 0 0 0 0 15 20 0 14 1 23 20 0 20 20 0 0 43 0 0 0 3 3 0 4 15 11 0 0 2 1 0 0 0 0 0 0 0 1 0 0 20 0 0 0 0 0 9 0 0 8 0 0 0 0 0 63 0 0 0 0 0 1 1 4 0 31 2 0 4 0 0 0 0 4 0 0 0 0 0 0 0 1 0 0 0 0 0 0 
 0 1 0 0 0 0 0 0 0 0 0 0 0 27 0 0 0 0 0 0 0 0 0 0 19 68 0 2 0 0 0 0 0 0 0 0 0 0 0 0 66 121 38 268 86 95 107 98 137 118 249 284 368 297 167 142 110 33 230 0 0 0 0 0 20 0 0 0 0 0 0 0 0 0 0 0 0 4 0 0 0 0 0 0 0 0 0 0 0 0 0 0 0 0 0 0 0 0 0 0 0 0 0 0 0 0 0 0 0 0 0 0 0 0 5 0 0 0 0 0 25 11 0 8 15 0 1 9 0 17 86 0 0 30 10 34 29 22 17 0 0 15 0 0 0 0 6 0 0 5 0 0 15 11 0 0 0 10 1 23 0 0 6 0 0 5 0 0 6 0 0 0 0 0 0 0 0 0 0 0 0 0 0 0 0 0 0 0 0 0 1 0 0 0 0 0 23 0 0 0 17 10 25 12 0 0 16 41 0 17 7 10 0 0 33 21 10 46 11 17 0 0 0 0 0 0 0 0 0 0 0 0 0 0 0 0 0 0 0 0 0 0 6 0 0 0 0 0 0 0 0 6 0 0 0 0 0 0 0 0 0 0 0 65 6 2 0 2 0 0 0 0 0 0 0 0 0 0 0 0 0 0 0 0 19 1 18 0 0 0 
 3 3 2 2 2 2 2 2 3 2 3 3 43 2 3 3 2 2 2 3 3 3 3 3 3 2 2 2 3 2 2 2 2 2 2 2 2 3 2 2 0 0 0 1 74 1 0 0 0 50 0 209 0 0 0 0 0 0 2 0 0 98 155 61 27 45 168 119 92 294 26 88 220 106 81 30 287 100 49 151 0 0 0 0 0 0 0 0 0 14 0 0 4 0 0 0 0 0 0 0 0 0 0 0 0 0 0 0 0 0 0 7 0 0 0 0 0 0 0 0 0 0 0 0 0 0 1 0 0 0 0 15 0 0 0 0 0 0 0 0 1 14 9 8 0 8 21 3 28 7 26 0 0 1 0 4 3 1 5 25 0 6 0 0 0 0 0 0 0 0 21 3 0 0 0 0 3 0 0 0 0 0 0 0 0 0 0 0 0 0 0 0 0 0 12 0 0 0 0 0 0 0 0 0 25 0 0 0 0 0 0 1 0 0 0 0 0 0 0 0 12 1 1 18 6 12 0 17 40 2 15 0 11 17 0 4 0 8 25 1 0 0 0 0 0 0 0 0 0 0 0 0 0 0 5 0 12 0 0 0 0 0 3 0 0 0 0 0 0 0 1 0 11 2 0 59 0 0 0 0 0 0 0 0 0 0 0 0 0 0 
