 0 71 83 131 35 24 183 46 249 86 24 22 134 183 52 73 110 29 103 239 0 3 0 0 1 1 0 0 3 0 0 2 0 75 4 0 5 3 3 0 3 17 0 1 37 4 1 2 0 0 0 1 3 0 56 3 0 0 2 3 0 6 0 0 2 1 0 0 2 0 0 0 0 0 0 24 0 3 0 0 20 10 0 9 37 0 39 27 1 15 26 0 14 13 0 64 12 3 49 30 0 0 0 0 20 0 0 0 0 0 0 0 0 0 0 0 0 0 0 14 0 1 0 0 0 1 1 0 0 0 0 0 0 0 0 0 0 0 0 0 0 0 0 0 0 0 0 0 0 0 0 0 0 2 0 0 2 0 22 0 0 13 2 21 0 0 18 1 8 9 0 0 14 0 23 0 0 0 0 10 0 0 0 0 0 0 0 0 0 0 0 0 0 0 0 0 0 0 5 0 0 0 0 0 0 0 0 1 0 0 0 0 0 0 0 1 0 0 0 0 0 16 0 0 0 0 0 0 0 0 0 0 0 0 0 2 0 0 0 0 0 0 0 0 0 0 0 0 0 0 1 5 0 0 0 0 0 0 0 0 0 0 0 0 0 0 0 0 0 0 0 0 0 0 0 0 0 0 0 0 0 0 0 0 0 0 0 0 0 0 
 71 0 170 387 177 252 88 228 400 248 55 47 305 78 229 165 139 396 350 261 0 3 0 0 0 0 72 1 1 0 2 3 75 0 2 0 6 4 2 0 3 0 0 0 0 0 0 2 0 0 0 0 3 0 1 13 0 0 9 3 0 0 0 0 3 0 0 0 3 0 0 0 0 0 0 0 0 3 0 0 0 3 20 22 18 0 0 30 8 1 28 46 0 32 0 14 18 40 0 0 0 0 0 0 1 0 22 13 0 0 0 0 0 7 0 0 0 0 47 0 0 0 4 0 20 1 0 0 0 0 0 0 0 0 0 0 0 10 1 0 0 0 0 4 0 1 0 11 0 0 0 0 0 0 0 0 0 0 0 0 41 10 9 80 0 9 0 0 9 43 7 24 0 2 11 0 25 16 12 11 14 0 0 0 0 0 0 0 13 0 0 0 9 13 0 0 0 0 14 14 0 0 0 0 2 21 0 1 0 0 0 0 0 0 0 0 0 2 0 0 0 19 0 0 2 0 0 0 0 2 0 0 0 2 7 0 0 0 0 0 0 0 0 0 0 0 88 0 0 0 2 4 0 0 0 0 0 0 0 0 0 0 0 0 0 0 0 0 0 11 0 0 0 0 0 0 11 0 0 0 0 0 0 0 0 0 0 0 0 0 
 83 170 0 218 133 124 173 259 251 328 37 45 167 71 444 149 69 67 36 185 1 5 1 0 0 0 1 0 1 0 0 3 1 74 2 0 5 3 2 0 3 0 0 0 0 0 0 2 0 0 0 0 3 0 0 2 0 0 2 3 0 0 0 0 3 0 0 0 3 0 0 0 0 0 0 0 0 3 0 6 0 17 15 3 0 33 1 11 37 4 13 0 0 54 0 0 10 16 0 48 0 0 13 0 0 0 0 0 0 0 0 0 0 0 0 0 37 0 0 11 0 0 0 0 0 0 0 1 0 0 0 0 0 0 0 0 0 0 0 0 0 0 0 0 2 0 0 0 0 0 0 2 0 0 0 0 0 2 0 0 51 24 8 13 11 0 10 12 16 7 2 1 0 19 11 17 27 9 32 18 0 0 0 0 0 0 0 1 0 0 0 0 1 0 0 0 0 0 15 21 0 0 0 0 0 1 0 0 0 2 0 0 0 0 9 0 0 0 0 0 2 0 0 0 0 0 0 0 0 0 0 0 0 0 0 0 0 0 13 0 0 2 0 0 0 0 46 0 0 2 0 13 47 0 0 0 0 0 0 0 0 0 0 0 0 0 0 0 0 0 0 0 0 0 0 13 10 13 0 0 0 0 0 0 0 0 0 0 0 0 
 131 387 218 0 113 63 100 57 257 191 158 141 154 298 466 391 74 342 286 191 75 4 0 0 0 0 0 0 1 0 0 2 0 0 2 0 3 3 2 61 3 0 0 1 0 0 0 2 0 0 0 0 3 2 0 2 0 2 2 3 0 31 0 0 3 0 0 0 3 0 0 0 0 0 0 9 0 3 0 0 0 30 16 55 10 2 14 1 74 10 18 5 5 38 16 9 12 45 25 40 0 0 3 12 0 0 7 0 21 0 0 0 0 12 0 0 0 0 0 29 0 0 0 0 9 0 0 0 0 0 0 0 0 0 0 0 0 0 0 0 0 0 0 3 0 0 18 0 0 0 0 2 0 0 2 0 0 0 1 0 0 1 0 1 28 0 12 0 30 1 0 0 0 20 23 78 25 13 1 13 0 0 0 1 0 21 34 0 0 0 0 0 15 0 0 0 0 0 6 15 0 0 0 0 0 0 0 0 0 0 0 0 0 0 0 9 0 0 0 0 0 0 0 0 0 0 0 0 0 0 0 0 16 0 0 0 0 0 0 0 0 13 0 0 0 0 2 0 2 29 1 4 0 0 0 0 0 0 0 0 0 0 0 0 0 0 0 0 0 0 0 0 0 2 0 0 0 0 0 0 0 0 0 0 0 0 0 0 0 0 
 35 177 133 113 0 142 50 152 280 67 228 36 148 133 382 97 296 93 48 94 0 3 0 0 0 0 75 0 0 0 0 3 61 0 2 0 4 3 4 0 3 0 0 1 0 0 0 2 69 0 0 0 3 0 1 2 2 0 2 3 0 0 1 0 3 0 0 0 3 0 0 0 0 0 0 0 0 3 0 0 10 0 10 25 0 10 0 0 2 2 11 41 0 17 16 15 12 18 0 2 0 0 11 0 0 0 14 20 0 0 0 0 1 0 0 10 0 0 0 0 0 0 0 0 0 0 9 0 0 0 0 0 2 0 0 0 0 0 0 0 0 0 0 2 0 0 0 0 0 0 0 0 0 0 0 0 0 0 0 0 0 0 19 2 0 15 0 10 22 30 37 0 0 0 2 0 13 0 0 10 0 0 0 0 0 0 2 30 33 0 0 0 1 9 0 0 0 0 13 2 2 2 0 0 0 0 0 0 0 5 0 0 0 0 0 0 0 0 0 0 0 0 0 0 0 0 0 7 1 0 1 0 0 0 0 0 10 2 0 0 0 0 0 0 0 2 2 0 43 4 20 13 0 0 0 0 0 0 0 0 0 0 12 0 0 0 0 0 0 2 0 0 0 0 0 0 13 0 0 0 0 0 0 0 0 0 0 0 0 0 
 24 252 124 63 142 0 33 113 49 55 218 151 22 56 165 71 155 347 53 73 82 3 28 0 2 0 224 75 1 0 0 3 1 100 141 103 4 3 2 2 3 0 0 0 0 0 0 2 0 0 0 0 3 0 28 3 0 0 2 3 0 0 0 0 3 50 0 0 3 0 0 0 0 0 0 0 1 3 0 0 2 8 8 16 6 27 0 0 10 16 12 9 0 0 9 20 0 1 0 0 49 19 16 32 0 0 14 26 16 0 0 15 73 16 26 1 15 1 17 13 0 0 0 7 0 0 0 0 0 0 0 0 0 0 0 0 0 0 0 9 0 0 0 0 16 0 0 0 0 1 0 1 0 0 2 0 0 6 0 0 0 0 0 10 15 1 0 0 0 32 13 0 0 0 0 16 34 10 0 0 0 0 0 0 22 0 2 13 24 0 1 12 43 42 3 0 1 20 31 30 0 0 0 0 0 1 0 0 0 0 0 0 0 0 0 0 0 14 0 0 0 0 0 0 0 0 0 0 0 0 0 0 0 0 0 0 0 0 0 0 0 0 0 0 0 1 91 0 0 85 2 13 6 0 0 0 0 0 0 0 0 0 0 0 0 63 0 0 0 0 0 0 0 2 0 0 18 11 0 7 0 0 0 0 0 0 0 0 0 0 
 183 88 173 100 50 33 0 86 40 98 206 114 192 326 86 365 95 36 142 145 0 3 0 0 0 0 0 0 1 0 0 3 0 0 2 0 4 3 2 0 3 0 0 0 0 0 0 2 0 0 0 0 33 0 0 2 1 0 2 3 0 10 0 0 3 0 0 0 3 0 0 0 0 0 0 0 0 3 0 0 21 42 5 0 0 10 17 27 11 1 1 0 0 18 15 0 20 18 0 0 0 0 0 0 2 0 0 0 0 0 0 0 0 0 0 0 0 0 0 0 0 0 0 0 0 2 1 0 0 0 0 0 10 0 0 0 0 0 2 0 0 0 0 0 0 2 0 0 0 0 7 0 0 0 0 0 0 0 0 0 10 0 21 0 0 0 23 15 23 0 23 0 15 12 77 0 12 19 0 11 0 2 0 0 0 0 0 0 0 0 0 0 0 0 0 0 0 0 2 0 0 0 0 0 1 0 0 2 0 0 0 0 0 0 0 0 0 0 0 0 0 0 0 0 0 0 0 14 0 0 0 0 0 1 0 0 0 0 0 0 0 0 0 0 0 0 1 2 0 0 0 15 0 0 0 0 0 0 0 0 0 0 12 0 0 0 0 0 0 0 0 0 0 0 0 20 0 0 0 0 0 0 0 0 0 0 0 0 0 0 
 46 228 259 57 152 113 86 0 176 121 335 35 124 64 254 133 323 30 72 131 0 4 3 1 3 4 2 3 3 0 2 5 1 4 4 0 5 3 2 3 5 2 0 3 2 2 2 4 2 2 2 3 5 0 65 4 0 2 2 3 0 0 2 2 3 2 0 0 3 0 0 0 0 1 1 0 2 6 0 1 32 26 8 12 0 0 0 18 11 0 15 0 0 15 17 16 29 34 0 26 23 0 0 0 0 0 0 7 0 0 0 0 7 0 0 0 0 0 0 19 0 0 0 0 0 0 0 0 0 39 0 2 0 1 0 0 0 0 0 0 13 0 0 0 0 0 0 0 0 0 0 0 0 0 0 0 0 0 0 0 25 12 69 0 0 7 18 0 1 9 22 9 0 12 37 24 25 22 15 9 0 0 0 0 0 0 0 0 0 12 1 0 0 14 0 0 0 0 0 1 0 0 0 0 0 0 0 0 0 0 0 0 0 0 0 0 0 0 0 0 0 0 0 0 0 0 0 0 1 0 0 0 0 0 0 0 0 0 0 0 0 0 0 0 0 0 0 0 0 2 0 2 0 0 0 0 0 0 0 0 0 0 0 1 0 0 0 0 72 0 0 0 2 0 0 18 10 0 0 0 0 0 0 0 0 0 0 0 0 0 
 249 400 251 257 280 49 40 176 0 115 359 126 188 115 308 87 121 332 133 154 0 3 0 0 0 0 163 0 0 0 0 2 84 0 2 0 6 3 2 0 3 0 0 1 0 0 0 2 0 0 0 0 3 0 0 2 0 0 2 3 0 0 0 0 2 0 0 0 2 0 0 51 0 0 0 0 0 3 0 3 32 0 43 13 0 12 14 1 12 34 1 30 0 12 25 10 24 0 0 12 15 0 0 0 0 0 11 0 0 2 0 0 0 0 0 0 0 0 0 1 0 0 0 0 0 0 0 0 0 0 0 0 0 0 0 0 0 0 0 0 0 0 0 3 0 0 0 0 0 8 0 0 8 0 0 2 0 0 0 0 18 1 8 13 0 0 21 4 31 0 27 10 0 15 20 2 0 18 0 0 8 0 0 0 0 0 0 0 13 0 0 13 0 20 0 0 0 0 11 0 0 0 0 0 0 0 0 0 0 0 0 0 0 0 0 0 0 0 0 0 0 0 0 0 0 0 0 12 0 0 0 0 0 0 0 0 0 2 0 0 0 12 0 0 1 0 0 0 87 0 10 5 12 0 0 0 0 0 0 0 0 0 14 0 0 0 0 0 0 0 0 0 0 0 0 9 2 0 0 0 0 0 0 0 0 0 0 0 0 0 
 86 248 328 191 67 55 98 121 115 0 170 199 39 97 99 226 229 305 294 150 0 5 0 0 3 0 75 1 2 1 0 3 28 21 2 2 4 3 2 75 71 1 0 2 3 0 0 3 45 0 2 0 3 1 23 9 5 12 10 5 0 4 35 0 3 0 4 0 3 0 4 2 0 0 0 0 0 3 0 12 0 0 0 14 30 17 16 20 24 27 22 46 0 26 33 16 0 17 10 28 5 19 17 0 2 0 6 22 0 0 0 0 3 65 0 1 0 0 7 0 0 0 0 0 0 2 1 0 0 0 0 0 0 0 0 0 0 0 0 0 0 0 0 0 4 2 0 0 0 0 0 2 0 2 0 0 0 7 0 0 76 6 0 45 16 10 2 4 18 22 4 10 0 5 1 1 27 32 9 4 0 2 0 0 0 0 0 0 0 0 0 0 22 9 0 0 0 0 11 14 0 0 0 0 1 18 0 2 0 0 0 0 0 0 0 22 0 0 0 0 0 0 0 0 0 0 0 0 0 0 0 0 0 0 0 2 0 0 0 0 0 0 0 0 0 0 89 2 1 0 1 7 17 0 0 0 1 0 0 1 0 0 0 0 2 0 0 0 0 0 0 0 0 0 0 32 18 10 0 0 0 0 0 0 0 0 0 0 0 0 
 24 55 37 158 228 218 206 335 359 170 0 161 86 169 168 73 312 58 36 153 0 3 0 0 0 0 47 0 4 0 1 2 20 74 5 0 4 3 3 0 3 0 0 2 0 0 2 3 2 0 6 0 3 0 2 2 0 0 2 3 0 2 0 3 2 1 0 2 2 1 2 0 0 1 2 0 0 3 0 0 0 1 24 34 14 52 18 15 15 0 11 74 0 13 12 1 26 34 0 0 1 9 16 0 0 0 1 8 0 0 0 0 0 19 7 9 0 0 7 0 0 0 0 0 0 0 0 1 6 0 0 0 0 0 0 0 0 0 0 0 0 0 0 0 20 0 0 0 1 0 2 0 0 0 0 0 0 8 0 0 0 0 10 15 0 20 5 0 15 19 11 0 0 1 1 0 45 14 0 14 0 35 0 0 0 0 15 2 23 0 0 0 8 13 0 0 0 0 14 0 0 0 0 0 0 0 0 0 0 0 0 0 0 0 0 0 0 0 0 0 0 0 0 2 0 0 2 0 0 0 0 0 0 0 0 0 0 0 0 0 0 18 0 0 0 4 1 0 0 0 14 15 0 0 0 0 0 0 0 0 0 0 8 0 0 0 0 0 0 0 0 0 0 0 0 0 0 14 0 0 0 0 0 0 0 2 0 0 0 0 
 22 47 45 141 36 151 114 35 126 199 161 0 43 87 249 47 75 136 33 27 67 5 0 0 0 0 63 74 0 1 0 3 140 74 21 0 3 3 8 74 3 0 0 0 2 0 0 2 2 1 0 1 3 0 0 8 0 2 9 3 0 0 0 0 3 0 4 0 3 8 0 0 0 0 0 10 0 3 0 0 0 0 23 0 40 61 0 0 11 0 21 51 0 0 0 0 10 0 0 0 0 0 40 0 0 0 20 0 20 0 0 0 0 20 0 36 0 0 19 0 0 0 0 0 7 0 0 0 0 0 0 0 0 0 0 0 0 0 0 0 0 0 0 0 2 0 0 0 0 0 0 2 0 0 0 0 0 2 0 0 0 0 0 19 61 15 0 0 0 18 12 10 0 0 1 7 13 0 0 0 14 0 0 0 0 0 0 10 11 0 0 0 12 0 0 0 0 0 35 33 0 0 0 0 0 20 0 0 0 0 0 0 0 0 1 0 0 0 0 0 0 0 0 0 0 0 0 0 0 0 0 0 0 0 0 0 0 0 0 0 0 0 0 0 0 5 130 0 45 88 18 3 0 0 0 0 0 0 0 0 0 0 1 0 0 0 0 0 0 0 0 0 0 0 0 0 0 13 0 0 0 0 0 0 0 0 0 0 0 0 
 134 305 167 154 148 22 192 124 188 39 86 43 0 220 125 33 331 196 422 99 2 3 0 1 0 0 0 3 21 0 0 3 0 0 2 0 206 3 2 0 3 0 0 0 0 0 0 2 0 70 0 0 3 0 0 2 0 0 2 3 0 0 0 0 3 0 0 0 3 0 0 0 0 0 0 0 0 3 0 2 26 10 0 14 0 0 49 11 24 9 0 0 10 28 56 30 0 14 38 33 0 0 0 0 0 0 0 0 0 0 0 0 0 0 0 0 0 0 10 0 0 0 0 0 0 0 0 0 0 0 15 0 0 0 0 0 2 0 0 0 0 0 0 0 13 0 0 0 0 0 0 0 0 0 0 0 0 0 23 0 24 8 0 11 0 0 0 53 28 0 11 2 0 0 3 0 11 11 0 23 0 0 0 0 0 0 0 0 0 0 0 0 0 12 0 0 0 0 0 0 0 0 0 0 0 0 0 0 0 0 0 0 0 0 0 0 0 0 0 0 0 0 0 0 0 2 0 1 9 0 0 0 0 0 0 0 0 0 0 2 0 16 0 0 0 0 2 0 0 2 0 6 0 0 0 0 0 0 0 0 0 0 53 0 0 0 0 0 0 0 0 0 0 0 0 7 0 0 0 0 0 0 0 0 0 0 0 0 0 0 
 183 78 71 298 133 56 326 64 115 97 169 87 220 0 351 225 56 78 387 233 0 3 0 0 91 0 0 0 2 0 0 3 0 0 2 0 4 3 2 203 3 0 0 0 0 0 0 2 0 0 0 0 3 0 0 2 0 1 2 3 0 6 0 0 3 0 0 0 3 0 0 0 0 0 0 0 0 4 0 0 18 32 0 23 17 20 27 7 16 29 21 0 27 20 17 32 0 11 16 69 0 0 0 0 0 0 0 0 0 0 0 0 0 0 0 0 0 0 0 0 0 0 2 0 0 0 0 0 0 0 0 0 0 0 0 0 1 0 0 0 0 0 0 0 0 0 0 0 0 0 1 0 0 0 15 0 0 0 3 0 0 0 0 0 0 0 20 10 16 1 14 0 0 19 31 10 9 1 0 22 0 0 0 9 0 0 0 0 0 1 0 0 0 0 0 0 0 0 0 0 0 0 0 0 0 0 0 0 0 0 9 0 0 1 0 6 0 0 0 0 0 0 0 0 0 0 0 0 0 0 1 0 0 0 0 0 2 0 4 0 0 0 0 0 0 0 2 0 0 0 1 6 0 0 0 0 0 0 0 0 0 0 22 0 0 0 0 0 0 0 0 0 0 7 0 0 0 0 0 0 0 0 0 0 0 0 0 0 0 0 
 52 229 444 466 382 165 86 254 308 99 168 249 125 351 0 168 198 143 233 141 0 9 0 0 0 0 0 0 2 0 0 3 0 0 2 0 5 3 2 0 3 0 0 0 0 46 0 8 23 11 0 0 3 0 61 2 0 0 2 3 0 6 0 0 3 4 0 0 3 0 0 0 0 0 0 0 0 3 0 6 2 19 29 35 0 12 15 24 26 0 17 0 9 16 0 34 51 42 0 14 20 0 0 0 0 0 0 12 0 0 0 0 12 0 3 0 0 0 0 18 0 0 0 0 0 0 0 0 0 0 0 0 0 0 0 0 0 0 0 0 0 2 0 0 0 0 0 0 0 0 0 0 0 0 0 0 0 0 0 0 9 2 102 0 0 11 38 12 0 11 13 0 13 73 33 19 25 47 1 0 0 0 0 0 0 0 0 0 2 0 0 0 0 0 0 0 0 0 0 0 0 0 0 0 0 1 7 0 0 1 0 0 2 0 0 0 0 0 0 0 0 0 0 0 0 6 0 0 0 0 0 0 0 0 0 0 0 0 0 0 0 14 0 0 0 0 3 0 2 0 0 5 0 31 0 0 0 0 0 0 0 0 0 0 0 0 0 0 0 0 0 0 0 0 0 17 17 0 0 0 0 0 0 0 0 0 0 0 0 0 
 73 165 149 391 97 71 365 133 87 226 73 47 33 225 168 0 187 286 52 329 0 3 0 0 0 0 2 0 1 0 0 3 74 0 2 0 4 3 55 1 3 0 0 0 0 0 0 2 0 0 0 0 3 0 3 55 0 0 8 3 0 0 0 43 2 0 0 2 2 0 0 0 0 0 0 0 0 3 0 9 0 19 0 42 19 0 0 14 0 33 27 16 4 40 9 21 0 55 29 12 1 0 0 0 0 0 46 2 0 0 13 0 0 6 0 0 0 0 10 0 0 0 0 0 2 0 0 0 0 0 0 0 0 0 0 0 0 0 0 0 0 0 0 2 0 0 0 0 0 0 0 6 0 0 0 0 0 0 0 0 19 0 0 33 7 1 2 1 48 12 1 10 0 24 20 23 16 12 0 0 14 0 0 0 0 0 0 0 0 0 0 0 10 0 0 52 1 0 1 35 0 0 0 0 0 31 0 0 0 0 0 0 0 0 0 10 0 0 0 0 0 0 0 0 0 15 0 0 0 0 0 0 0 0 0 0 0 0 0 0 0 0 0 0 0 0 88 0 0 0 2 21 11 0 1 0 0 0 0 0 0 0 0 0 0 0 0 0 0 0 0 0 0 0 0 12 0 0 0 0 0 0 0 0 0 0 0 0 0 0 
 110 139 69 74 296 155 95 323 121 229 312 75 331 56 198 187 0 75 212 49 2 8 2 3 0 0 0 3 0 3 3 3 0 0 2 3 215 3 3 2 3 0 5 0 0 3 0 2 32 60 0 0 3 0 57 2 2 0 2 10 44 0 3 0 5 2 0 0 3 5 0 0 7 8 0 0 0 3 0 0 4 18 23 38 0 10 0 18 0 23 26 0 0 9 13 19 54 40 14 0 62 0 0 0 0 0 0 10 0 0 0 0 11 0 0 0 0 0 0 26 2 0 0 0 0 0 0 0 0 0 0 0 0 0 0 0 1 0 0 0 0 0 0 0 1 0 0 0 0 0 0 0 0 0 0 0 0 14 0 0 10 8 40 19 0 9 28 12 13 9 37 2 14 13 1 10 19 15 0 9 18 0 0 0 0 0 0 0 10 0 0 0 0 0 0 0 0 0 0 0 0 0 0 0 0 0 0 0 0 0 0 0 0 0 0 0 0 0 0 0 0 0 0 0 0 2 0 1 0 0 0 0 0 0 0 0 0 0 0 2 0 0 0 0 0 3 1 1 2 5 20 12 1 0 0 1 1 0 0 0 0 0 8 0 0 0 0 2 0 0 0 0 0 0 0 21 0 0 0 0 0 0 0 0 0 0 0 0 0 0 
 29 396 67 342 93 347 36 30 332 305 58 136 196 78 143 286 75 0 421 206 0 3 2 0 0 0 19 0 2 0 0 2 76 76 2 0 5 3 2 0 3 0 0 1 0 0 0 2 27 0 0 0 3 0 64 8 0 0 5 3 44 0 0 0 2 0 0 0 2 0 0 0 0 0 0 0 0 3 0 1 0 26 0 22 36 20 0 0 13 11 44 18 51 3 12 51 0 0 0 0 15 0 15 0 0 0 21 1 1 0 0 0 10 15 2 0 0 0 12 10 0 0 0 0 0 0 0 0 0 1 0 0 0 0 0 0 0 0 0 0 0 0 0 0 2 0 0 2 0 0 0 2 0 0 0 3 0 7 2 0 2 0 0 33 6 0 15 1 1 29 32 18 0 21 16 24 19 10 0 0 17 0 0 0 0 0 0 30 0 0 0 0 11 10 0 2 2 0 29 25 0 0 0 0 0 15 0 0 0 0 1 22 0 0 0 12 0 0 0 2 0 0 0 0 0 0 0 0 0 0 0 0 0 0 0 0 0 0 0 0 0 0 0 0 0 3 130 0 4 3 0 10 16 0 0 0 0 0 0 0 0 0 0 0 0 0 0 0 0 0 0 0 0 0 0 2 14 14 0 0 0 0 0 0 0 0 0 0 0 0 
 103 350 36 286 48 53 142 72 133 294 36 33 422 387 233 52 212 421 0 197 0 3 0 0 0 0 0 0 4 0 0 2 0 0 3 1 5 3 2 0 3 0 0 2 0 0 2 3 3 0 0 0 3 0 0 2 0 0 2 3 1 45 0 3 2 0 0 6 5 0 1 0 0 0 0 0 1 3 42 0 0 20 0 38 2 0 18 26 0 10 14 0 20 64 0 15 0 27 11 13 0 0 0 0 2 0 0 0 0 0 0 0 0 0 0 0 0 0 0 0 0 0 0 0 0 2 1 0 0 0 0 0 14 7 0 0 0 0 0 0 0 0 0 0 0 2 19 8 0 0 0 0 0 2 0 0 0 0 0 0 17 21 0 2 0 0 3 9 0 1 2 0 10 22 38 15 15 0 0 0 0 2 0 0 0 0 0 0 11 0 0 0 0 0 0 0 0 0 1 0 0 0 0 0 1 0 0 2 0 0 0 0 0 0 0 11 0 0 0 0 0 0 0 0 0 0 0 0 0 1 0 0 0 1 0 0 0 0 0 0 0 0 0 0 0 0 1 0 5 0 0 7 0 0 0 0 0 0 0 0 2 0 0 0 0 2 0 0 0 7 0 0 0 0 2 3 0 0 0 0 0 0 0 0 0 0 0 0 0 0 
 239 261 185 191 94 73 145 131 154 150 153 27 99 233 141 329 49 206 197 0 2 9 2 0 8 1 0 3 1 0 3 3 2 3 2 7 4 8 2 0 3 8 0 0 0 0 0 2 1 0 0 0 3 3 1 2 0 61 2 5 0 0 0 0 8 5 1 1 3 0 0 0 3 1 0 0 0 3 0 4 18 50 0 21 11 13 0 0 11 20 10 0 11 11 15 3 0 0 30 26 1 0 0 1 0 0 2 0 19 0 0 0 1 0 0 0 0 0 0 0 0 0 0 0 0 0 0 0 1 0 0 0 0 0 0 0 0 0 0 1 0 0 0 0 0 0 0 6 0 0 0 0 0 0 0 0 0 0 0 0 18 0 0 11 0 0 3 0 37 9 2 0 0 46 1 27 0 10 21 0 0 0 0 0 0 2 0 0 0 0 0 0 0 0 0 0 0 0 9 0 0 0 0 0 0 0 0 0 0 0 0 0 0 0 0 11 0 0 0 0 0 0 0 0 2 0 0 0 0 0 0 0 0 0 0 0 0 1 0 0 0 0 0 0 2 0 0 0 1 1 0 19 10 0 0 0 0 0 0 0 0 0 0 0 0 0 0 0 0 0 0 0 0 0 0 10 0 0 0 0 0 0 0 0 0 0 0 0 0 0 
 0 0 1 75 0 82 0 0 0 0 0 67 2 0 0 0 2 0 0 2 0 95 156 73 40 40 77 142 27 113 314 34 132 291 45 156 44 53 129 303 0 3 0 1 0 5 2 0 11 0 0 62 1 5 3 0 2 0 2 0 0 0 0 0 2 0 2 3 0 6 3 0 2 0 0 10 0 3 0 0 0 0 0 0 31 28 0 0 3 12 1 0 0 0 0 13 0 15 0 0 18 29 23 4 0 8 13 14 25 4 2 12 17 48 23 15 12 53 44 24 0 2 0 23 12 0 0 0 0 0 0 0 0 0 6 0 0 0 0 0 0 0 0 1 0 0 0 0 0 0 5 0 0 0 0 0 0 0 0 0 0 0 1 9 25 29 0 0 0 0 0 7 0 0 1 0 0 3 2 0 0 27 0 0 25 0 86 13 0 0 24 7 1 6 11 29 14 15 8 52 0 0 0 0 0 0 0 1 0 0 0 0 0 0 15 2 0 0 0 0 0 0 0 0 0 0 0 0 0 2 0 0 0 0 0 0 0 0 0 0 0 0 0 0 0 0 0 0 0 75 0 0 0 0 3 0 2 1 79 1 0 2 0 0 0 0 0 0 0 0 0 0 0 0 0 0 0 0 0 10 0 0 0 0 0 0 0 0 0 0 
 3 3 5 4 3 3 3 4 3 5 3 5 3 3 9 3 8 3 3 9 95 0 185 418 394 423 42 572 226 210 131 351 94 259 66 58 108 143 69 51 0 0 2 4 0 3 0 0 206 2 0 2 64 2 3 4 4 0 64 9 0 0 0 0 6 2 0 4 0 0 3 3 0 0 1 0 1 5 0 0 0 0 0 0 0 0 0 0 0 0 0 0 0 0 1 0 0 0 0 1 2 0 26 29 8 36 0 0 0 20 18 18 0 19 23 0 17 0 17 0 9 0 0 0 0 0 0 0 0 0 0 0 3 11 20 0 1 0 14 0 0 17 4 0 0 0 0 2 0 0 0 0 0 2 0 0 0 0 0 5 0 0 13 0 0 0 0 0 0 0 0 0 0 0 2 2 0 2 0 0 0 16 56 8 9 0 2 20 20 35 11 28 0 0 16 11 33 20 0 0 0 12 0 0 0 0 0 0 0 0 2 0 68 20 0 0 0 0 0 19 0 0 0 0 0 0 0 0 0 0 0 0 0 0 0 0 0 0 0 0 0 0 11 0 0 2 0 0 0 0 0 0 0 0 7 2 2 81 3 4 16 12 0 0 0 0 3 2 0 0 0 0 0 0 0 0 0 0 0 0 0 0 0 0 2 0 0 0 0 0 
 0 0 1 0 0 28 0 3 0 0 0 0 0 0 0 0 2 2 0 2 156 185 0 115 72 19 46 479 114 114 237 146 168 89 56 324 102 355 162 196 0 0 0 2 1 3 70 0 0 3 0 1 66 5 3 5 2 3 3 0 1 0 0 0 3 0 0 53 0 0 1 0 0 0 3 0 2 3 0 0 0 0 0 0 0 0 0 0 0 0 0 14 0 0 0 0 0 0 0 0 12 14 8 39 9 25 9 0 30 0 8 2 9 41 15 69 23 1 4 0 0 0 0 0 0 0 1 0 0 0 0 0 0 17 0 0 0 0 0 13 0 0 0 0 0 0 0 0 0 0 0 0 0 0 0 0 0 0 0 0 9 0 0 0 18 15 0 1 0 0 0 0 0 0 3 0 0 0 0 0 12 1 12 75 36 12 0 15 6 1 0 25 5 26 15 12 33 1 0 17 0 0 0 0 0 0 2 0 0 0 0 0 10 9 18 0 0 0 0 0 0 0 0 0 0 0 0 0 0 0 9 0 0 0 0 0 0 0 0 0 0 0 11 0 0 0 0 0 0 0 0 0 0 0 6 0 0 73 42 0 16 0 0 0 0 0 0 0 0 0 0 0 0 0 0 0 0 0 0 0 0 0 0 0 0 0 0 0 0 0 
 0 0 0 0 0 0 0 1 0 0 0 0 1 0 0 0 3 0 0 0 73 418 115 0 110 235 92 155 99 173 145 96 263 196 75 87 257 208 63 86 80 0 0 64 0 5 0 0 0 0 2 0 76 76 3 3 3 0 66 0 1 3 1 3 3 2 2 3 1 1 0 0 2 0 0 0 0 3 0 0 0 0 12 0 0 19 0 0 0 0 0 0 0 1 0 0 0 0 0 0 18 13 11 6 1 25 0 0 0 9 50 20 0 1 17 14 14 14 0 0 35 0 0 0 0 1 20 1 0 0 0 0 10 43 28 0 0 0 23 40 0 0 0 0 2 0 0 0 0 0 0 0 0 0 0 0 0 15 1 3 0 0 19 0 0 0 0 0 0 0 0 0 0 0 1 0 0 0 0 1 0 10 39 26 19 14 0 0 0 12 35 58 0 8 26 39 16 32 0 0 3 13 0 0 0 0 0 0 0 0 0 0 8 22 17 0 0 0 8 72 0 0 0 0 0 0 0 0 0 0 0 0 0 0 0 0 0 0 0 0 0 0 0 0 0 0 0 0 0 0 0 0 0 0 0 0 0 46 41 3 3 18 0 0 0 0 9 0 0 0 0 0 0 0 0 0 0 0 0 0 0 15 0 0 0 0 0 0 0 0 
 1 0 0 0 0 2 0 3 0 3 0 0 0 91 0 0 0 0 0 8 40 394 72 110 0 182 33 73 98 72 181 216 42 82 154 89 279 103 263 76 69 2 0 1 6 3 1 3 62 0 0 6 66 3 3 1 2 0 24 55 3 0 8 0 3 0 3 7 2 0 6 3 0 4 0 4 0 4 5 0 23 0 0 0 0 0 0 0 0 1 0 0 0 0 0 0 0 0 0 0 0 0 27 8 20 6 0 0 0 14 13 0 0 0 0 0 17 6 0 0 1 15 8 0 0 0 17 9 0 0 17 20 1 0 27 0 0 0 4 9 0 0 11 0 0 0 0 0 0 0 0 0 0 0 21 0 0 0 0 0 1 19 4 0 0 0 0 0 11 15 0 0 0 0 1 0 0 0 0 0 18 10 72 27 0 0 0 21 0 48 13 0 0 0 1 0 23 29 0 0 48 0 0 0 0 0 1 0 11 0 0 0 10 30 0 0 0 2 0 38 0 0 0 0 0 0 0 0 0 0 0 0 0 0 0 1 0 0 0 0 0 6 11 0 0 0 1 0 0 0 0 0 0 0 12 0 0 2 1 4 5 0 0 0 0 0 0 0 0 0 0 0 0 0 0 0 0 0 0 0 0 18 0 2 0 0 22 0 0 0 
 1 0 0 0 0 0 0 4 0 0 0 0 0 0 0 0 0 0 0 1 40 423 19 235 182 0 35 248 114 148 277 85 47 46 71 80 112 137 39 45 0 0 77 2 0 3 24 1 0 0 0 0 47 126 4 0 2 0 64 70 0 0 0 0 2 0 0 3 0 0 0 0 0 0 0 0 0 3 0 0 0 0 0 0 0 0 2 0 0 0 0 0 0 0 0 0 0 0 0 0 0 11 0 16 0 13 0 0 0 21 8 26 2 0 14 11 9 11 0 0 54 8 0 8 18 0 36 2 18 0 0 12 28 9 19 27 11 10 30 21 0 0 0 0 0 0 0 0 6 0 0 0 0 9 0 0 0 8 0 0 0 0 0 0 0 0 0 0 0 1 0 0 0 0 20 0 0 0 0 0 2 2 30 12 13 17 0 18 0 0 22 40 0 9 0 7 15 18 0 0 0 9 0 1 0 0 2 22 15 17 0 0 13 53 0 0 13 1 52 44 9 0 0 0 0 0 0 0 0 0 0 0 0 0 0 0 0 0 0 0 0 0 0 0 0 0 0 0 0 0 0 0 0 0 9 0 4 80 80 6 5 0 0 0 0 0 10 0 0 0 6 0 0 8 0 12 0 0 0 0 0 11 0 0 12 0 0 0 0 0 
 0 72 1 0 75 224 0 2 163 75 47 63 0 0 0 2 0 19 0 0 77 42 46 92 33 35 0 66 136 262 70 38 273 195 182 29 28 24 211 46 0 0 0 1 0 3 0 0 0 0 0 0 0 2 3 1 2 0 2 0 0 0 0 0 52 0 0 3 26 1 0 0 0 0 0 0 0 3 0 0 0 0 3 0 13 22 0 0 1 1 1 35 0 0 0 11 2 0 0 17 7 23 13 35 0 0 32 0 7 0 1 0 1 12 20 20 0 14 9 0 0 0 0 0 0 0 0 0 0 0 0 0 0 0 0 0 2 0 0 0 0 0 0 0 3 0 0 0 1 0 4 0 0 0 0 0 0 0 2 0 0 0 0 15 0 10 0 0 0 7 11 0 0 0 2 0 0 0 0 0 0 71 1 0 0 15 10 32 12 30 22 0 7 30 11 14 0 8 40 19 0 0 0 0 0 0 0 0 0 0 0 0 0 0 0 0 0 6 0 0 0 0 0 0 0 0 0 0 0 0 0 0 0 0 0 0 0 0 0 0 0 0 0 0 0 1 1 0 23 1 15 0 0 0 11 0 0 82 1 0 0 1 0 0 0 0 0 0 0 0 0 0 0 0 0 0 14 13 0 0 0 0 0 0 0 0 0 0 0 0 
 0 1 0 0 0 75 0 3 0 1 0 74 3 0 0 0 3 0 0 3 142 572 479 155 73 248 66 0 192 27 48 236 492 241 275 130 72 101 264 104 0 0 2 0 0 3 0 0 0 0 0 0 0 2 3 0 2 0 2 1 0 46 0 0 2 0 3 9 0 3 0 0 0 0 0 7 0 3 0 0 0 0 0 0 17 6 1 0 21 0 0 0 0 0 0 0 0 0 0 0 9 41 6 18 13 0 29 23 29 0 26 2 37 11 4 2 25 27 21 4 10 0 0 0 6 0 11 0 0 0 0 0 0 1 0 0 0 0 0 1 0 0 0 0 0 0 0 0 0 0 1 0 15 0 0 0 0 0 0 0 0 0 1 0 25 0 0 0 0 0 0 0 0 0 2 0 0 7 0 0 31 1 0 48 16 0 5 29 36 0 23 18 25 9 22 18 0 23 0 11 0 0 0 0 0 0 2 0 11 0 0 0 10 0 0 0 0 11 0 0 0 0 0 0 0 0 0 0 0 0 0 19 5 0 0 0 0 0 0 0 0 0 0 0 0 0 0 0 0 77 0 0 0 0 7 0 0 45 75 1 1 0 0 0 0 0 0 0 0 0 0 0 0 0 0 0 0 0 0 7 0 18 0 0 0 0 0 0 0 0 
 3 1 1 1 0 1 1 3 0 2 4 0 21 2 2 1 0 2 4 1 27 226 114 99 98 114 136 192 0 286 161 45 67 142 307 51 198 104 75 167 0 0 0 5 1 3 0 0 0 0 0 0 0 2 5 1 2 0 2 0 0 0 0 0 3 0 0 3 7 0 0 0 0 0 0 0 0 3 0 0 0 0 0 0 0 0 0 0 0 0 0 0 0 0 0 0 0 0 0 0 10 0 10 8 9 0 5 0 0 11 39 1 0 0 0 24 34 18 18 0 11 13 0 0 0 0 8 0 0 0 17 0 0 18 0 0 0 0 0 1 0 0 2 1 0 0 0 0 0 0 0 0 0 0 0 0 0 7 0 0 0 0 8 0 0 0 0 0 2 0 0 0 0 0 1 0 0 0 0 0 13 23 41 20 0 0 0 0 0 32 31 26 0 35 12 14 13 21 0 0 33 0 0 0 0 0 0 0 0 0 0 0 9 0 0 0 0 0 0 0 0 0 0 0 0 0 0 0 0 0 0 0 0 0 0 0 0 0 0 0 0 0 0 0 0 0 0 0 0 0 0 0 0 0 10 0 1 6 45 0 0 0 0 1 0 26 11 0 0 0 0 0 0 0 0 0 0 0 0 0 0 23 0 0 0 0 0 0 0 0 
 0 0 0 0 0 0 0 0 0 1 0 1 0 0 0 0 3 0 0 0 113 210 114 173 72 148 262 27 286 0 157 168 127 74 84 364 126 192 164 145 0 64 0 1 0 3 1 0 0 0 0 48 0 3 3 0 2 0 2 0 0 0 2 0 2 0 0 3 0 0 0 0 0 0 0 0 0 3 0 0 0 0 0 0 0 0 0 0 0 0 0 0 0 0 0 0 0 0 0 2 9 33 8 0 14 25 16 0 9 36 28 12 0 18 18 12 9 36 10 0 10 0 0 8 0 0 0 0 0 0 0 0 0 17 0 10 1 0 0 15 0 0 5 0 0 0 0 1 2 0 0 0 0 0 0 0 0 6 0 0 0 0 0 16 0 0 0 0 0 0 0 0 0 0 1 1 0 1 0 0 18 6 21 37 20 0 20 5 0 38 11 25 0 9 0 23 15 54 0 18 0 0 0 0 0 0 0 0 0 0 1 0 24 17 0 0 0 0 9 9 0 0 0 0 0 0 0 0 0 0 0 0 0 0 0 0 0 0 0 10 0 0 0 0 0 1 0 0 0 0 0 0 0 0 8 0 3 2 160 0 97 0 0 0 0 0 11 0 0 0 0 0 0 0 0 0 0 0 0 0 0 29 0 0 0 0 0 0 0 37 
 0 2 0 0 0 0 0 2 0 0 1 0 0 0 0 0 3 0 0 3 314 131 237 145 181 277 70 48 161 157 0 715 51 275 174 165 65 219 255 52 119 2 0 0 0 6 33 65 1 3 3 0 32 66 3 1 3 0 125 28 2 6 0 0 3 6 1 2 3 0 0 0 0 0 0 0 0 3 0 5 0 0 0 0 0 0 0 0 0 0 0 0 0 0 0 0 0 0 0 0 0 29 11 23 4 24 0 13 8 11 0 52 0 0 65 0 8 10 0 0 9 0 1 1 0 0 0 16 0 0 0 0 19 14 18 10 9 0 9 21 0 8 0 0 0 0 0 0 0 0 0 0 0 0 0 0 0 0 0 1 0 0 0 0 0 0 0 0 0 0 0 0 0 0 0 0 0 0 0 0 0 10 23 0 9 42 0 7 0 17 0 24 0 13 0 31 39 12 0 0 8 12 0 0 0 2 0 12 14 0 0 2 27 35 23 0 12 0 22 20 0 0 0 0 0 0 0 0 0 0 0 0 0 0 0 12 0 0 0 0 0 0 12 0 0 1 0 0 0 0 0 0 1 0 2 6 0 1 0 1 0 3 0 0 0 1 0 0 0 0 0 0 0 0 0 0 0 0 0 0 0 0 0 0 10 11 0 0 0 0 
 2 3 3 2 3 3 3 5 2 3 2 3 3 3 3 3 3 2 2 3 34 351 146 96 216 85 38 236 45 168 715 0 34 40 203 35 150 304 119 116 65 0 0 1 0 3 0 27 0 0 0 0 0 63 3 7 2 0 4 0 0 0 0 0 3 0 0 3 0 0 0 5 0 0 0 0 0 3 0 0 0 0 0 0 0 0 0 0 0 0 2 0 0 0 0 0 0 0 0 0 10 39 28 18 0 33 1 20 9 19 32 19 0 0 18 2 21 2 0 0 0 1 0 0 12 0 12 0 0 0 0 0 8 1 13 9 0 0 0 12 0 3 0 0 0 0 0 0 0 0 0 0 0 0 0 0 0 0 0 0 0 0 9 0 0 0 0 14 0 0 0 0 0 0 3 0 0 1 1 0 0 30 97 3 12 15 0 20 0 33 0 21 0 7 11 39 14 9 0 0 43 8 0 0 0 0 0 2 0 0 0 0 25 13 4 1 12 0 14 11 0 5 0 0 0 0 0 0 0 0 3 0 0 0 0 0 2 0 0 0 0 0 12 0 0 0 1 0 0 0 0 0 0 0 10 1 0 4 2 0 1 0 0 1 0 0 10 0 0 0 14 0 0 0 0 0 0 0 0 0 0 0 0 0 0 0 0 0 0 0 
 0 75 1 0 61 1 0 1 84 28 20 140 0 0 0 74 0 76 0 2 132 94 168 263 42 47 273 492 67 127 51 34 0 80 144 345 101 105 164 241 0 0 0 1 0 3 0 0 7 0 0 0 0 2 3 6 2 0 13 0 0 0 0 0 2 1 3 3 7 4 0 0 0 0 0 7 0 3 0 0 0 0 2 0 2 27 0 0 0 1 0 42 0 0 0 14 0 0 0 2 16 2 18 26 0 0 32 20 37 16 14 0 7 37 15 21 7 17 23 0 0 0 0 0 1 0 0 0 0 10 0 0 0 0 0 0 0 0 0 0 0 0 0 0 0 0 0 1 2 0 0 0 0 1 0 0 0 0 0 0 0 0 0 21 25 20 0 0 0 16 11 4 19 0 2 1 0 1 0 0 3 2 0 0 17 0 0 35 24 16 28 0 1 1 11 16 15 0 0 41 0 0 0 0 0 18 0 0 0 0 0 0 0 0 0 0 0 0 0 0 0 0 0 0 0 0 0 0 0 0 0 0 0 0 0 0 0 0 0 0 0 0 7 0 0 1 0 0 21 0 15 0 0 0 15 0 2 5 42 0 15 0 0 0 0 0 0 0 0 0 0 0 0 0 0 0 0 0 0 0 0 0 0 0 1 0 0 0 0 0 
 75 0 74 0 0 100 0 4 0 21 74 74 0 0 0 0 0 76 0 3 291 259 89 196 82 46 195 241 142 74 275 40 80 0 98 289 47 31 97 153 0 0 0 1 0 66 0 0 4 0 0 0 0 4 3 2 2 0 2 0 0 0 0 0 5 0 0 3 4 0 0 0 0 0 0 0 0 3 6 0 0 0 0 1 24 32 0 0 10 37 16 22 0 0 0 22 0 2 0 0 11 21 17 18 0 0 9 26 23 11 8 1 39 22 0 26 9 13 2 31 0 0 1 0 0 0 0 0 0 1 0 0 0 1 0 0 0 0 0 1 1 0 0 0 8 0 1 0 0 0 2 4 0 0 0 0 9 6 0 0 0 0 0 11 26 22 0 0 0 4 0 0 0 0 2 0 19 15 0 0 20 13 0 19 0 0 22 14 2 9 19 0 46 48 6 0 1 0 14 4 0 0 0 0 0 0 0 0 2 0 0 0 0 0 0 0 0 7 0 0 0 1 0 1 0 0 0 0 13 0 0 0 0 15 0 0 0 0 1 2 0 0 1 0 0 0 76 0 0 35 0 2 0 0 6 0 2 40 0 2 0 0 0 0 0 0 13 0 0 0 0 0 0 0 0 1 23 30 0 1 0 0 0 0 0 0 0 0 0 0 
 4 2 2 2 2 141 2 4 2 2 5 21 2 2 2 2 2 2 3 2 45 66 56 75 154 71 182 275 307 84 174 203 144 98 0 100 124 97 387 243 0 0 0 0 0 3 0 0 0 0 0 0 0 2 3 0 2 0 2 0 0 0 0 0 2 0 2 1 2 3 0 0 0 0 1 7 0 3 0 0 0 0 0 0 21 25 0 0 0 6 0 13 0 0 0 0 0 0 0 0 22 22 27 15 1 4 57 5 6 15 18 0 29 0 0 12 12 25 7 9 0 0 0 0 0 0 0 0 0 0 0 0 0 0 0 0 0 2 0 0 0 0 0 0 1 0 0 0 0 0 0 0 0 0 0 12 0 0 0 0 0 0 0 0 2 0 0 0 0 0 0 0 0 0 2 0 0 6 0 0 36 5 0 1 8 0 27 41 15 54 34 0 16 0 24 1 0 1 17 7 0 0 0 0 0 0 0 0 0 0 0 0 18 0 0 0 0 13 0 2 0 0 32 0 0 0 0 0 0 0 0 0 0 0 8 2 0 0 0 0 0 0 0 0 0 0 0 0 0 36 0 0 0 0 6 0 1 84 0 0 6 0 0 0 0 0 0 0 0 0 0 0 0 0 0 0 20 0 0 0 0 0 0 0 0 0 0 0 0 0 
 0 0 0 0 0 103 0 0 0 2 0 0 0 0 0 0 3 0 1 7 156 58 324 87 89 80 29 130 51 364 165 35 345 289 100 0 147 104 372 213 0 0 3 1 0 5 86 0 0 0 0 0 82 10 3 1 4 0 2 0 3 0 0 0 3 0 0 3 0 3 0 1 3 0 0 0 0 3 3 0 0 0 0 0 0 0 0 0 0 0 0 0 0 0 0 0 0 0 0 0 8 18 1 36 2 15 50 0 34 0 12 12 0 26 44 1 31 12 23 0 0 3 0 0 0 22 1 0 0 0 0 0 0 18 0 0 0 0 0 13 0 0 1 0 0 0 9 0 0 0 0 0 0 0 0 0 0 0 0 0 0 0 0 0 0 0 0 0 0 0 0 0 0 0 2 0 0 0 0 0 21 0 0 27 54 10 21 24 18 1 0 18 0 10 24 13 50 52 0 38 0 0 0 0 0 0 0 0 0 0 0 0 4 6 17 0 2 0 0 0 0 0 0 0 0 0 0 0 0 0 0 0 0 0 0 0 0 2 0 0 0 0 0 0 0 0 0 0 0 0 0 0 0 0 11 0 0 75 35 4 15 0 0 0 0 0 0 0 0 0 0 0 0 0 0 0 0 0 0 10 0 4 0 0 0 0 0 0 0 0 
 5 6 5 3 4 4 4 5 6 4 4 3 206 4 5 4 215 5 5 4 44 108 102 257 279 112 28 72 198 126 65 150 101 47 124 147 0 204 258 42 61 0 21 1 0 3 0 0 0 0 0 207 65 2 3 1 2 0 2 2 0 0 0 0 3 0 0 3 0 0 0 0 0 0 0 0 0 3 0 0 0 0 0 0 0 0 0 0 0 0 0 0 8 0 0 0 0 0 0 0 31 0 0 22 9 0 11 0 24 8 48 0 7 16 0 0 19 0 0 3 26 0 0 0 0 0 15 0 0 0 0 0 13 0 23 0 0 0 20 8 0 0 0 0 0 0 0 0 0 0 9 0 0 0 0 1 0 0 0 0 0 0 5 0 0 0 0 0 0 0 0 0 0 0 0 0 0 0 0 0 1 2 5 32 16 24 0 44 13 8 26 28 0 0 26 23 13 0 0 0 0 0 0 0 0 2 0 0 0 0 18 2 11 23 0 0 0 0 34 22 0 0 0 0 0 0 0 0 0 0 0 0 0 0 0 0 0 0 0 0 0 0 0 0 0 0 0 0 0 0 0 0 0 0 11 0 1 61 74 0 14 1 0 0 0 19 0 0 0 0 0 0 0 0 0 0 0 0 0 0 0 11 0 0 0 0 0 0 0 1 
 3 4 3 3 3 3 3 3 3 3 3 3 3 3 3 3 3 3 3 8 53 143 355 208 103 137 24 101 104 192 219 304 105 31 97 104 204 0 95 290 29 0 0 1 0 3 0 0 0 0 0 0 1 2 3 1 2 0 2 71 0 0 0 0 3 0 3 3 0 0 0 0 0 0 0 0 0 3 0 0 0 0 0 0 0 0 0 0 0 0 0 0 0 0 0 0 15 0 1 0 0 16 0 20 19 13 1 0 8 13 40 16 1 0 25 24 9 16 7 0 21 1 0 0 0 0 72 21 0 0 0 0 15 77 1 0 0 0 15 41 0 0 2 0 0 0 0 0 0 1 0 0 1 0 0 2 0 11 0 0 0 0 0 0 0 0 0 0 0 0 1 0 0 0 0 0 0 0 0 0 16 0 22 19 23 7 0 0 1 8 24 23 0 16 0 7 32 34 0 11 0 0 0 0 0 0 0 0 0 0 0 0 10 6 1 12 0 0 24 2 0 0 0 0 0 0 0 0 0 0 0 0 0 0 0 0 0 0 0 0 0 0 0 0 0 0 0 0 0 0 0 0 0 1 13 3 3 76 76 0 4 0 0 0 0 0 13 0 0 0 0 0 0 0 0 0 0 0 0 0 0 19 0 0 0 0 0 0 0 0 
 3 2 2 2 4 2 2 2 2 2 3 8 2 2 2 55 3 2 2 2 129 69 162 63 263 39 211 264 75 164 255 119 164 97 387 372 258 95 0 204 0 0 0 2 0 3 2 0 1 0 0 0 0 3 3 3 2 0 6 0 0 0 2 0 7 4 4 4 22 7 55 0 0 0 1 8 1 3 0 29 0 0 0 0 0 15 0 0 0 0 0 13 0 0 0 0 0 0 1 0 10 16 85 32 0 0 34 0 48 0 14 0 23 31 27 37 6 15 26 0 0 0 26 0 1 0 0 0 0 0 0 0 0 0 0 0 0 0 0 0 0 0 0 0 0 0 0 0 0 0 0 0 0 0 0 0 0 0 0 0 0 0 0 0 10 12 0 0 0 0 0 0 0 0 0 0 0 0 0 0 1 32 0 18 17 6 0 29 12 21 33 0 8 15 21 69 7 0 18 35 10 0 0 0 0 0 0 0 0 0 0 0 0 0 0 0 0 0 0 0 0 0 0 0 0 0 0 0 0 0 0 0 0 0 0 0 0 0 0 0 0 0 0 0 0 0 0 0 0 0 0 0 0 0 16 0 1 5 10 1 14 0 0 0 0 20 0 0 0 0 0 0 0 0 0 0 0 0 0 2 0 0 0 0 0 0 0 0 0 0 
 0 0 0 61 0 2 0 3 0 75 0 74 0 203 0 1 2 0 0 0 303 51 196 86 76 45 46 104 167 145 52 116 241 153 243 213 42 290 204 0 0 0 0 1 1 3 0 0 5 0 0 0 0 2 4 7 2 0 4 0 0 0 9 0 3 0 0 3 0 0 0 0 0 0 0 9 0 3 0 0 0 0 0 0 12 1 0 0 18 31 1 1 0 0 20 14 2 0 0 0 12 52 9 11 0 23 34 20 43 10 22 0 8 14 2 19 10 40 23 25 0 14 0 0 7 0 0 0 0 0 0 0 0 0 9 0 0 0 0 0 0 0 0 2 0 0 0 5 0 0 0 0 0 0 0 0 0 0 0 0 0 0 0 19 32 1 0 0 0 0 0 10 0 0 1 0 0 3 0 0 2 23 0 0 10 0 52 16 39 13 25 5 29 23 8 13 5 0 3 42 0 12 0 0 0 20 0 0 0 0 13 0 10 0 0 0 0 0 0 0 0 0 0 0 0 0 0 0 0 0 0 0 0 0 0 0 0 0 0 0 0 0 0 0 0 0 0 0 0 58 0 0 0 0 4 0 2 29 83 2 4 0 0 0 0 0 0 0 0 0 0 0 0 0 0 0 0 0 0 0 0 0 0 0 0 0 0 0 0 0 
 3 3 3 3 3 3 3 5 3 71 3 3 3 3 3 3 3 3 3 3 0 0 0 80 69 0 0 0 0 0 119 65 0 0 0 0 61 29 0 0 0 333 68 321 271 43 78 426 46 67 46 34 56 141 44 68 97 296 175 201 7 0 0 0 0 6 0 1 7 0 0 0 0 0 20 1 0 0 24 0 0 0 0 0 0 0 0 0 0 0 0 0 0 0 0 0 0 0 0 0 0 0 0 0 28 0 0 0 0 0 0 7 0 0 0 0 0 14 0 0 15 17 15 0 0 14 23 31 0 30 7 18 37 13 28 0 1 0 41 6 0 5 1 0 0 5 0 0 0 0 0 18 0 0 0 0 0 0 0 20 0 0 0 0 0 0 0 2 0 0 0 0 21 0 0 0 0 0 0 6 0 0 0 0 0 38 0 0 0 0 0 0 0 0 0 0 13 0 0 0 13 3 0 0 3 0 12 0 21 0 1 31 14 20 17 10 10 1 34 25 0 0 0 0 0 0 0 0 0 0 0 6 0 0 0 0 0 0 14 48 0 0 0 0 0 0 0 0 0 0 0 6 0 0 0 0 0 65 0 0 0 4 0 0 0 9 3 0 0 0 0 0 0 0 0 7 0 0 0 0 0 0 0 0 0 12 6 17 0 0 
 17 0 0 0 0 0 0 2 0 1 0 0 0 0 0 0 0 0 0 8 3 0 0 0 2 0 0 0 0 64 2 0 0 0 0 0 0 0 0 0 333 0 148 125 45 52 432 82 95 29 331 35 111 554 44 99 61 262 322 258 0 0 2 0 0 0 0 0 0 0 0 0 0 0 0 50 0 0 0 0 2 0 0 0 0 0 0 7 0 0 0 0 4 0 0 0 0 0 13 0 0 0 0 0 15 0 0 0 0 0 0 0 0 0 0 0 0 0 0 0 2 1 25 0 0 0 9 13 10 6 0 5 0 10 12 34 28 42 0 22 4 0 0 0 0 0 0 0 0 0 0 17 9 6 0 0 0 0 0 1 2 4 1 0 0 0 0 3 0 0 0 0 0 0 0 0 3 0 0 8 0 0 0 0 0 0 0 0 0 0 0 0 0 0 0 0 0 0 0 0 1 0 29 29 22 0 41 20 32 19 25 9 12 0 12 23 8 38 0 0 0 0 0 0 0 0 0 0 0 0 0 0 0 0 0 0 0 0 14 2 0 0 0 0 0 0 0 0 0 0 0 9 0 1 0 0 0 0 0 10 0 0 64 0 69 0 2 0 0 0 0 0 0 0 0 0 0 0 0 0 0 0 0 0 0 0 0 3 1 0 
 0 0 0 0 0 0 0 0 0 0 0 0 0 0 0 0 5 0 0 0 0 2 0 0 0 77 0 2 0 0 0 0 0 0 0 3 21 0 0 0 68 148 0 225 110 27 135 180 96 175 54 111 153 47 126 135 188 208 46 37 0 0 0 0 16 0 0 0 0 0 0 0 0 2 0 2 207 0 0 0 0 0 0 0 0 0 0 0 0 0 0 0 0 0 0 0 0 0 0 0 0 0 0 0 14 0 0 0 0 0 0 0 0 0 0 0 0 0 0 0 0 39 16 7 0 0 0 0 30 11 10 3 0 2 3 14 26 31 0 31 12 4 0 0 0 0 0 0 0 6 0 0 11 22 0 1 0 0 11 0 0 0 0 0 0 0 0 19 0 0 0 0 0 0 0 0 14 0 0 0 0 0 0 0 0 0 0 0 0 0 0 0 0 0 0 0 0 0 0 0 0 0 17 51 1 4 22 23 1 23 39 0 26 0 8 0 20 9 0 0 0 0 0 0 0 0 0 0 0 0 0 0 0 5 0 0 0 0 0 10 0 0 15 0 0 0 0 0 0 0 0 6 0 0 0 0 0 0 0 23 0 0 0 0 0 2 0 46 2 0 0 0 0 0 0 0 0 0 0 0 0 0 0 0 20 0 0 0 3 0 
 1 0 0 1 1 0 0 3 1 2 2 0 0 0 0 0 0 1 2 0 1 4 2 64 1 2 1 0 5 1 0 1 1 1 0 1 1 1 2 1 321 125 225 0 112 79 159 71 165 226 140 351 84 155 64 154 249 279 77 351 0 0 0 0 4 0 0 0 0 0 0 0 58 7 0 1 0 0 0 0 0 0 0 0 0 0 0 0 0 0 0 0 0 0 0 7 0 5 0 0 0 0 0 0 0 0 0 0 0 0 0 15 0 0 0 0 0 0 0 0 7 12 0 5 43 8 0 16 14 9 1 20 0 0 0 8 1 6 0 4 13 19 0 0 0 0 0 19 0 20 0 0 0 4 0 33 0 0 5 6 0 0 0 0 0 0 0 1 0 0 0 0 0 0 0 0 0 0 0 3 0 0 0 0 0 0 0 0 0 0 0 0 0 0 0 0 0 0 0 0 24 4 37 25 9 20 28 1 9 15 11 14 1 0 0 8 17 10 10 0 1 0 0 0 0 0 0 8 11 0 12 0 5 1 0 0 0 0 11 18 0 0 0 0 0 0 0 0 0 0 0 9 0 0 0 0 0 0 0 8 0 0 3 0 78 11 1 64 2 0 0 0 0 0 0 0 0 0 0 0 0 0 3 0 15 1 0 0 22 0 
 37 0 0 0 0 0 0 2 0 3 0 2 0 0 0 0 0 0 0 0 0 0 1 0 6 0 0 0 1 0 0 0 0 0 0 0 0 0 0 1 271 45 110 112 0 355 56 74 115 168 252 125 85 90 117 102 94 126 66 92 106 106 0 0 3 0 2 0 0 0 0 0 2 31 54 1 0 0 2 0 0 0 0 0 0 0 0 0 8 0 17 0 0 0 0 0 0 0 0 0 0 0 0 0 0 0 0 0 0 0 0 0 0 0 0 0 0 0 16 0 0 19 0 0 4 28 0 0 0 0 7 2 0 0 0 0 0 0 0 0 49 30 0 0 2 0 16 39 13 27 0 0 13 7 0 36 14 7 0 16 0 0 0 5 0 0 0 0 0 0 0 0 5 0 0 0 0 0 0 0 0 0 0 0 0 0 0 0 0 0 0 0 0 0 0 0 0 0 0 0 0 0 0 0 11 47 0 0 0 11 2 9 0 0 0 3 0 2 0 0 3 4 0 0 0 0 18 74 15 37 0 0 7 2 25 20 11 0 41 0 0 0 0 0 0 0 0 0 0 0 0 7 0 1 0 0 0 0 1 0 0 18 0 0 0 2 2 65 0 0 1 0 0 0 0 0 0 0 0 0 0 0 0 0 4 1 0 0 20 0 
 4 0 0 0 0 0 0 2 0 0 0 0 0 0 46 0 3 0 0 0 5 3 3 5 3 3 3 3 3 3 6 3 3 66 3 5 3 3 3 3 43 52 27 79 355 0 35 30 276 34 141 87 22 68 69 89 82 62 53 52 82 29 0 0 6 0 25 8 0 1 6 0 0 0 20 4 6 0 2 53 0 0 0 0 0 0 0 0 0 0 0 0 0 0 0 0 0 0 0 0 0 0 0 0 0 0 0 0 0 0 0 0 0 0 0 0 0 0 0 0 0 0 19 25 8 11 0 0 0 18 29 0 0 0 0 0 0 23 0 0 10 0 12 20 10 0 27 0 0 0 18 0 10 1 0 0 10 13 10 6 0 0 0 24 0 0 0 0 15 0 0 0 0 0 0 0 0 0 0 0 0 0 0 0 0 0 0 0 0 0 0 0 0 0 0 0 0 0 0 0 0 0 0 0 20 0 0 0 0 10 0 0 0 0 0 19 0 0 0 0 4 8 0 12 0 0 9 21 11 4 0 15 15 7 15 8 1 0 0 23 9 0 0 0 0 0 0 0 0 0 0 10 0 0 0 0 0 0 0 0 0 0 67 69 0 0 0 0 0 0 0 0 0 0 0 0 0 0 0 0 0 0 0 0 0 0 0 0 1 0 
 1 0 0 0 0 0 0 2 0 0 2 0 0 0 0 0 0 0 2 0 2 0 70 0 1 24 0 0 0 1 33 0 0 0 0 86 0 0 2 0 78 432 135 159 56 35 0 73 130 43 19 53 177 431 41 120 110 30 360 161 0 2 0 0 0 0 2 0 0 0 2 2 0 0 0 0 0 0 4 3 0 0 0 0 0 0 0 0 0 0 0 0 0 0 0 0 0 0 0 0 0 1 0 0 11 0 0 0 0 0 0 14 0 0 0 0 0 0 0 0 30 14 14 0 0 0 1 25 14 21 0 18 17 19 10 25 1 0 20 20 6 0 0 0 0 0 0 0 0 0 0 8 0 3 0 0 0 0 0 0 0 1 0 0 0 0 0 0 0 1 0 0 1 0 0 0 0 0 0 0 0 0 0 25 0 30 0 0 0 0 0 7 0 2 0 1 10 0 0 0 0 10 19 24 0 0 23 13 46 7 3 0 13 17 26 0 0 4 21 21 0 0 0 0 0 0 0 0 0 0 0 0 0 0 0 0 0 0 0 7 0 0 0 0 0 0 0 0 0 0 0 16 0 2 0 0 0 0 1 0 0 0 5 0 1 0 4 0 0 0 1 0 0 0 0 0 0 0 0 0 0 0 0 0 26 10 0 10 0 0 
 2 2 2 2 2 2 2 4 2 3 3 2 2 2 8 2 2 2 3 2 0 0 0 0 3 1 0 0 0 0 65 27 0 0 0 0 0 0 0 0 426 82 180 71 74 30 73 0 231 106 31 130 92 140 31 86 164 57 80 48 0 0 0 0 0 0 0 0 0 0 0 0 51 2 4 2 0 2 42 0 0 0 0 0 0 0 0 0 0 0 0 8 0 0 0 0 0 0 0 0 0 0 0 0 0 0 0 0 0 0 0 9 0 0 0 18 0 7 0 0 12 12 0 30 37 10 10 0 9 40 11 22 8 0 9 2 15 17 0 0 0 4 0 0 0 0 0 0 0 0 0 0 1 4 0 0 10 0 34 14 0 0 0 0 0 0 0 0 0 0 0 15 0 0 0 0 0 0 0 0 0 0 0 0 0 13 0 0 0 0 0 0 0 0 0 0 0 0 0 0 10 10 0 1 0 40 0 7 0 0 18 12 21 15 3 22 23 10 20 12 0 0 0 0 0 0 15 0 0 0 0 0 32 9 0 0 0 0 0 47 0 0 0 0 0 0 0 0 0 0 0 6 0 1 0 0 0 0 0 0 0 0 0 89 2 12 0 0 0 0 8 0 0 0 0 0 0 0 0 0 0 0 0 0 0 10 0 0 2 0 
 0 0 0 0 69 0 0 2 0 45 2 2 0 0 23 0 32 27 3 1 11 206 0 0 62 0 0 0 0 0 1 0 7 4 0 0 0 0 1 5 46 95 96 165 115 276 130 231 0 95 45 74 152 107 84 165 211 43 175 317 52 0 5 0 0 0 0 0 0 0 0 0 21 0 0 0 0 0 31 0 9 10 0 0 0 0 0 0 0 4 0 0 0 0 0 6 0 0 0 0 0 0 0 0 0 0 7 5 0 0 0 0 0 7 0 0 0 0 11 14 10 0 14 11 2 0 14 23 0 17 76 16 0 0 1 0 32 15 0 12 9 0 0 0 0 0 0 0 0 0 0 0 0 9 0 0 0 0 2 1 0 0 0 11 4 3 0 0 0 0 0 30 0 0 0 0 0 0 0 0 0 0 0 0 0 0 2 0 0 0 0 0 4 2 0 0 0 0 0 0 21 0 7 10 1 23 15 19 30 23 54 9 0 0 0 24 0 7 0 0 0 0 0 0 0 0 0 0 0 0 0 0 0 0 21 0 0 0 19 36 0 0 0 0 0 0 0 0 0 0 0 2 0 1 0 0 0 0 0 0 0 0 64 72 0 10 4 0 1 0 0 0 0 0 0 0 0 0 0 0 0 0 0 0 0 0 2 0 1 0 
 0 0 0 0 0 0 0 2 0 0 0 1 70 0 11 0 60 0 0 0 0 2 3 0 0 0 0 0 0 0 3 0 0 0 0 0 0 0 0 0 67 29 175 226 168 34 43 106 95 0 177 109 44 300 103 200 202 160 97 133 54 0 0 0 4 2 31 0 0 0 0 0 21 6 0 2 0 0 0 0 2 0 1 2 0 43 2 2 1 0 0 0 0 0 1 0 1 0 1 2 0 0 0 0 0 0 0 0 0 0 0 0 0 0 0 0 0 0 0 0 0 0 0 0 0 21 0 10 30 43 13 13 0 0 0 0 17 18 0 0 10 48 0 0 0 0 0 2 0 0 0 0 27 57 0 1 0 0 4 6 0 21 18 0 0 0 1 1 0 0 0 0 2 1 2 1 0 1 1 3 13 0 0 0 6 0 0 0 2 0 0 0 0 0 0 0 0 0 0 0 0 0 0 16 9 49 4 0 0 8 20 41 0 0 0 9 15 0 0 0 27 0 0 0 0 0 24 1 0 0 0 0 14 0 5 0 10 0 14 25 0 2 12 0 0 0 0 0 0 0 0 4 0 13 0 0 0 0 0 9 0 0 1 1 0 13 2 4 0 0 0 0 0 0 0 0 0 0 0 0 0 0 0 0 0 0 0 0 1 0 
 0 0 0 0 0 0 0 2 0 2 6 0 0 0 0 0 0 0 0 0 0 0 0 2 0 0 0 0 0 0 3 0 0 0 0 0 0 0 0 0 46 331 54 140 252 141 19 31 45 177 0 55 40 66 162 91 198 173 238 48 5 56 8 10 0 0 8 6 7 8 1 0 0 10 6 4 0 13 0 53 0 0 0 0 0 0 0 0 0 0 0 0 0 0 0 0 0 0 0 0 0 0 0 0 0 0 0 0 0 0 0 0 0 0 0 0 0 0 12 0 0 9 35 9 9 0 0 0 0 60 19 8 0 15 0 0 0 11 0 0 4 5 2 0 11 0 23 0 0 4 0 0 6 44 8 4 9 0 9 14 0 0 0 2 0 0 0 0 0 0 0 0 5 0 0 0 0 0 0 0 0 0 0 0 0 0 0 0 0 0 0 0 0 0 0 0 0 0 0 0 20 12 15 0 15 0 14 8 0 0 0 0 0 0 13 14 0 0 0 0 7 0 14 0 10 0 37 19 5 30 0 0 37 2 21 10 0 9 2 0 0 0 6 0 0 0 0 0 0 0 0 9 0 0 0 0 0 0 0 7 0 0 62 0 32 1 4 1 0 0 0 0 0 0 0 0 0 0 0 0 0 0 0 0 1 3 0 9 2 0 
 1 0 0 0 0 0 0 3 0 0 0 1 0 0 0 0 0 0 0 0 62 2 1 0 6 0 0 0 0 48 0 0 0 0 0 0 207 0 0 0 34 35 111 351 125 87 53 130 74 109 55 0 50 38 30 126 430 148 44 15 51 0 0 0 3 0 28 1 0 0 0 0 40 31 2 0 0 2 28 0 0 0 0 0 0 0 0 0 0 0 0 0 0 0 0 0 0 0 0 0 0 0 0 0 0 0 0 0 0 0 0 0 0 0 0 0 0 0 0 0 0 0 0 36 1 0 0 0 0 13 36 14 0 0 0 0 10 10 0 0 21 10 0 0 0 0 0 11 0 17 0 0 1 25 0 44 6 0 6 0 0 0 0 1 0 0 0 0 0 0 0 14 0 0 0 0 0 0 0 0 0 0 18 0 0 0 0 0 0 0 0 0 0 0 0 0 0 0 0 0 0 0 0 0 0 43 0 0 0 0 0 20 10 0 0 24 0 0 0 0 1 0 0 0 0 0 14 8 0 0 0 0 0 0 1 0 10 0 18 42 0 0 1 0 0 0 0 0 0 0 0 3 0 1 0 0 0 0 0 0 0 0 2 66 5 19 0 65 0 0 0 0 0 0 0 0 0 0 0 0 0 1 0 0 0 2 0 0 12 0 
 3 3 3 3 3 3 33 5 3 3 3 3 3 3 3 3 3 3 3 3 1 64 66 76 66 47 0 0 0 0 32 0 0 0 0 82 65 1 0 0 56 111 153 84 85 22 177 92 152 44 40 50 0 222 28 98 106 49 159 218 8 6 0 0 0 5 0 0 6 3 4 2 0 0 5 4 9 0 5 0 0 0 0 0 0 0 0 0 0 0 0 0 0 0 0 0 0 0 0 0 0 2 0 2 23 0 0 0 0 0 0 21 0 0 0 0 0 0 0 0 39 17 0 0 0 0 6 6 15 0 0 10 40 18 31 22 1 0 49 24 8 0 10 11 0 0 0 0 0 1 0 4 0 11 0 7 0 0 0 0 0 0 5 0 0 0 0 0 0 1 0 0 0 0 0 0 0 30 0 0 0 0 70 15 0 24 0 29 0 0 31 0 0 0 0 1 14 0 0 0 0 10 16 20 0 0 26 4 37 26 4 0 10 75 18 2 0 4 49 53 0 1 0 15 0 9 0 0 0 0 0 3 0 0 0 0 21 0 0 6 0 0 0 0 0 0 0 0 0 0 0 12 0 1 0 0 0 74 0 0 0 0 2 0 0 0 1 0 2 0 0 0 0 0 0 4 0 0 0 0 0 0 0 0 18 0 0 0 0 0 
 0 0 0 2 0 0 0 0 0 1 0 0 0 0 0 0 0 0 0 3 5 2 5 76 3 126 2 2 2 3 66 63 2 4 2 10 2 2 3 2 141 554 47 155 90 68 431 140 107 300 66 38 222 0 182 43 30 56 559 338 8 0 7 0 0 0 0 0 0 0 23 0 7 103 0 0 0 2 8 2 0 0 0 0 0 0 0 0 0 0 0 4 0 0 0 0 0 0 0 0 0 6 0 0 8 0 0 0 0 0 0 17 14 0 0 0 0 0 0 0 11 43 13 7 14 2 6 0 0 7 1 7 19 22 10 20 9 0 17 6 0 0 0 0 0 0 0 0 1 0 1 0 3 1 0 4 4 0 0 0 0 0 0 0 0 1 0 0 0 3 0 0 0 0 0 0 0 0 0 0 0 0 0 18 0 26 0 0 0 0 0 0 0 0 0 0 0 14 0 0 26 14 15 0 0 0 23 28 12 1 0 0 33 9 13 0 0 0 25 9 0 0 0 0 0 0 4 8 0 0 4 0 0 5 0 4 0 0 1 4 0 0 0 0 0 0 0 0 0 0 0 7 0 1 0 0 0 0 0 2 0 0 1 0 35 0 2 0 0 0 14 0 0 0 0 0 0 7 0 0 0 0 0 0 3 1 13 9 0 0 
 56 1 0 0 1 28 0 65 0 23 2 0 0 0 61 3 57 64 0 1 3 3 3 3 3 4 3 3 5 3 3 3 3 3 3 3 3 3 3 4 44 44 126 64 117 69 41 31 84 103 162 30 28 182 0 76 53 315 286 114 0 0 0 0 0 0 0 0 0 0 0 0 0 0 0 10 49 0 0 51 0 5 7 11 0 0 0 0 0 12 1 0 0 0 25 5 0 11 0 0 11 0 0 0 43 0 0 0 0 0 0 0 11 0 0 0 0 0 0 15 2 16 27 0 4 0 0 9 9 18 17 0 0 7 19 0 27 20 1 0 0 0 0 0 0 0 0 0 0 0 0 0 0 0 0 0 0 0 0 1 0 0 0 0 0 0 0 2 0 10 9 0 0 0 0 29 22 11 0 11 0 0 0 0 0 0 0 0 0 0 0 0 0 0 0 0 0 0 0 0 23 4 14 49 4 10 19 1 0 6 0 0 11 1 0 13 23 0 0 0 1 0 0 0 0 0 0 0 0 0 0 0 0 0 1 0 0 0 31 0 0 0 0 0 0 0 0 0 0 21 0 2 1 2 0 0 0 0 0 5 0 0 63 0 64 2 0 0 0 0 0 0 0 0 0 0 0 0 0 0 0 0 0 0 0 0 0 2 0 0 
 3 13 2 2 2 3 2 4 2 9 2 8 2 2 2 55 2 8 2 2 0 4 5 3 1 0 1 0 1 0 1 7 6 2 0 1 1 1 3 7 68 99 135 154 102 89 120 86 165 200 91 126 98 43 76 0 202 80 47 278 0 0 0 0 0 0 0 4 2 206 3 0 53 0 0 4 72 0 0 0 0 0 0 0 0 0 0 0 0 0 3 5 0 0 0 41 0 0 0 0 0 0 0 0 0 0 40 54 0 0 0 0 0 9 0 0 0 0 14 0 19 0 0 17 1 15 0 18 7 50 14 20 0 0 0 0 6 7 0 11 14 0 0 0 0 0 0 0 0 0 0 0 7 17 0 0 10 0 19 27 0 0 0 6 2 5 0 5 0 8 1 9 0 0 0 0 0 0 7 6 0 0 9 0 0 0 1 0 0 0 0 0 6 1 0 0 0 0 0 9 1 0 9 10 2 20 10 0 12 1 26 11 18 0 0 21 0 7 0 0 11 0 0 0 0 0 12 0 0 0 0 0 0 11 0 0 0 0 29 72 0 0 7 0 0 0 0 0 0 19 0 15 0 2 0 0 0 0 0 2 0 0 65 0 0 7 0 1 0 0 0 0 0 0 0 0 0 0 0 0 0 0 0 0 0 11 0 0 0 0 
 0 0 0 0 2 0 1 0 0 5 0 0 0 0 0 0 2 0 0 0 2 4 2 3 2 2 2 2 2 2 3 2 2 2 2 4 2 2 2 2 97 61 188 249 94 82 110 164 211 202 198 430 106 30 53 202 0 213 32 42 0 0 0 0 19 0 0 0 0 0 0 0 56 0 0 2 0 0 55 1 0 0 0 0 0 0 0 0 0 0 0 0 0 0 0 0 0 0 0 0 0 0 0 0 0 0 11 0 0 0 0 0 0 0 0 0 0 0 0 0 33 0 0 21 13 16 0 2 7 17 36 19 0 0 0 0 13 10 0 19 6 0 0 0 0 0 0 0 0 0 7 0 9 18 0 0 13 0 22 28 0 0 0 0 0 0 0 0 0 0 0 9 0 0 0 0 0 0 0 1 0 0 0 0 0 0 0 0 0 0 0 0 0 0 0 0 0 0 0 0 0 0 16 21 7 31 12 0 23 2 22 3 0 0 0 19 1 7 0 0 12 0 0 0 0 3 21 1 0 0 0 0 11 24 0 0 0 0 11 38 0 0 9 0 0 0 0 0 0 0 0 10 0 0 0 0 1 0 0 7 0 0 63 2 0 5 0 2 0 0 0 0 0 0 0 0 0 0 0 0 0 0 0 0 0 12 0 0 0 0 
 0 0 0 2 0 0 0 2 0 12 0 2 0 1 0 0 0 0 0 61 0 0 3 0 0 0 0 0 0 0 0 0 0 0 0 0 0 0 0 0 296 262 208 279 126 62 30 57 43 160 173 148 49 56 315 80 213 0 27 459 0 0 2 0 10 0 0 0 0 2 0 0 9 22 0 2 0 2 59 53 0 0 0 0 0 0 0 0 0 0 0 0 0 0 0 0 0 0 0 0 0 0 0 10 0 0 0 0 0 0 4 0 0 0 12 0 0 0 0 18 0 9 24 0 9 27 0 9 21 83 26 18 0 0 0 0 1 19 0 0 12 23 0 0 0 0 0 10 0 0 15 0 11 38 2 7 7 0 10 22 0 0 0 0 0 0 0 2 0 0 0 20 0 0 0 0 0 0 0 11 0 0 0 0 0 0 0 0 0 0 0 40 0 0 0 0 0 0 0 0 19 9 14 20 9 38 13 0 0 2 19 19 0 0 0 24 13 0 0 0 15 0 2 0 0 0 28 1 0 0 16 0 0 4 3 0 0 2 14 45 0 0 9 0 0 0 0 0 0 0 0 8 0 0 0 0 0 0 0 9 0 0 62 0 1 7 3 7 0 0 3 0 0 0 0 0 0 0 0 0 0 0 0 0 0 1 0 0 4 0 
 2 9 2 2 2 2 2 2 2 10 2 9 2 2 2 8 2 5 2 2 2 64 3 66 24 64 2 2 2 2 125 4 13 2 2 2 2 2 6 4 175 322 46 77 66 53 360 80 175 97 238 44 159 559 286 47 32 27 0 109 6 0 4 0 0 0 0 0 0 0 0 0 3 0 0 0 0 0 0 0 0 0 0 0 9 0 0 0 0 0 6 2 0 0 0 0 0 0 0 0 0 0 0 0 1 15 7 0 0 0 0 16 0 10 0 0 0 11 7 0 19 15 16 0 0 0 10 12 0 11 19 12 22 21 20 23 0 0 24 7 0 6 0 0 0 0 1 0 0 0 0 0 0 0 0 0 0 0 0 2 0 0 0 4 3 2 0 0 0 9 0 8 0 0 0 0 0 0 0 0 13 0 0 1 0 53 0 0 0 0 0 0 6 0 0 0 0 10 0 5 11 42 0 0 0 3 0 17 26 0 0 0 1 33 15 0 31 8 3 22 0 0 0 0 0 0 0 0 0 0 0 0 0 0 0 0 0 0 0 0 0 0 0 0 0 0 3 0 0 0 0 4 0 1 0 0 0 0 1 0 0 16 1 0 3 1 0 0 0 0 0 0 0 0 0 0 0 0 0 0 0 0 0 0 9 29 13 10 0 0 
 3 3 3 3 3 3 3 3 3 5 3 3 3 3 3 3 10 3 3 5 0 9 0 0 55 70 0 1 0 0 28 0 0 0 0 0 2 71 0 0 201 258 37 351 92 52 161 48 317 133 48 15 218 338 114 278 42 459 109 0 2 0 0 0 0 0 0 0 0 0 0 0 0 0 0 0 0 0 4 0 0 0 0 0 0 0 0 0 0 0 0 0 0 0 0 0 0 0 0 0 0 0 9 1 11 0 0 0 0 0 0 0 0 15 0 0 0 0 0 0 0 30 3 7 9 0 9 38 19 0 0 7 17 1 9 14 15 0 9 40 1 0 0 0 0 0 0 0 0 0 0 0 0 31 0 0 0 0 0 0 0 0 1 0 0 0 0 0 0 3 0 0 0 0 0 0 0 0 0 0 0 9 10 19 0 24 0 0 0 0 1 0 0 0 0 1 15 10 0 0 4 0 0 21 0 0 9 17 1 11 10 0 0 0 1 0 0 14 0 12 0 0 0 0 0 0 0 0 0 0 0 0 0 0 0 0 0 0 0 0 0 0 0 0 0 0 0 0 0 0 0 13 0 1 0 0 0 0 0 0 0 0 1 0 2 0 0 0 2 0 0 0 0 0 0 0 0 0 0 0 0 0 0 0 30 9 10 0 0 0 
 0 0 0 0 0 0 0 0 0 0 0 0 0 0 0 0 44 44 1 0 0 0 1 1 3 0 0 0 0 0 2 0 0 0 0 3 0 0 0 0 7 0 0 0 106 82 0 0 52 54 5 51 8 8 0 0 0 0 6 2 0 162 54 497 38 47 140 326 53 310 98 48 142 106 72 42 28 60 97 29 0 0 0 17 0 0 0 0 0 0 0 0 0 0 0 0 0 0 0 0 0 0 0 0 3 0 0 0 12 0 25 0 0 0 0 0 0 0 0 0 0 36 1 0 0 35 3 13 0 0 12 12 3 0 7 0 1 0 7 0 18 1 0 0 2 0 25 13 4 13 14 7 14 0 1 18 36 17 0 14 8 0 0 0 0 0 0 0 0 0 0 0 0 10 0 0 0 0 2 0 0 0 0 9 0 0 0 0 0 0 0 0 0 0 0 0 0 0 0 0 0 0 0 0 24 11 7 0 12 8 10 12 1 1 0 0 1 31 0 3 2 18 8 30 0 0 31 33 11 22 0 0 28 11 24 20 13 8 22 1 0 0 0 0 0 0 0 0 0 0 0 0 2 0 12 0 0 2 0 0 0 0 0 0 0 0 0 0 0 0 0 1 0 9 1 0 0 0 0 0 0 0 0 0 30 1 16 9 0 0 
