 0 236 75 342 30 53 187 168 34 302 199 324 122 133 168 353 44 33 78 51 0 0 0 0 0 2 0 1 0 0 0 3 0 0 2 3 3 0 2 0 3 0 0 3 0 0 0 0 3 0 0 0 0 0 0 0 0 2 0 0 2 0 3 0 0 0 2 0 0 1 0 0 2 9 0 0 0 0 3 0 10 14 1 43 14 0 13 41 25 0 22 14 49 0 11 36 33 21 0 33 0 0 0 0 0 0 0 1 0 0 0 0 0 0 0 2 0 0 22 0 0 0 0 0 1 0 0 0 2 0 0 0 0 0 0 2 0 0 0 0 0 0 0 0 0 0 8 0 0 0 0 0 7 0 13 0 0 0 0 0 8 60 9 2 0 0 9 30 32 35 3 0 0 52 12 24 0 50 7 0 0 0 0 0 0 0 0 3 0 0 0 0 0 0 0 0 0 1 40 0 0 0 0 0 0 0 0 1 0 0 0 0 0 38 0 0 0 0 0 2 0 0 0 0 0 0 0 0 0 0 0 1 0 0 0 0 0 0 0 0 0 0 0 0 0 1 1 2 1 3 0 10 14 0 0 0 0 0 0 0 0 0 0 0 0 0 0 0 0 0 0 0 0 0 0 27 0 9 0 0 0 0 0 0 0 0 0 0 0 0 
 236 0 275 263 128 31 125 215 75 432 142 143 157 65 271 155 144 253 37 93 0 0 0 0 0 0 0 0 0 3 0 3 1 0 2 2 3 0 0 0 2 35 0 3 3 0 0 0 3 2 0 0 0 0 0 0 2 2 2 8 2 0 4 0 0 3 5 0 0 7 0 8 0 9 0 0 1 2 3 1 28 0 15 16 28 0 25 8 0 1 11 32 5 31 1 40 29 21 2 1 23 0 2 0 0 0 12 0 12 0 0 0 0 0 0 0 0 0 0 10 0 0 0 0 0 0 0 1 0 0 0 0 2 0 0 0 0 0 0 0 0 0 0 0 0 0 10 2 0 0 0 0 6 0 0 0 0 0 0 0 1 0 15 1 17 19 18 24 19 27 74 0 0 0 12 49 18 30 0 15 0 0 0 0 0 2 14 14 0 0 0 2 8 0 0 0 0 0 2 0 16 0 0 1 0 0 0 0 0 2 0 10 0 13 0 0 0 0 0 0 0 0 2 0 0 0 0 0 0 0 0 0 0 0 0 1 0 0 0 0 0 1 0 0 0 2 4 0 2 88 8 13 13 0 0 0 0 0 0 0 2 0 0 0 0 0 0 0 4 0 0 0 0 0 0 27 9 10 0 0 0 0 0 0 0 0 0 0 0 0 
 75 275 0 335 56 122 292 380 207 64 217 234 260 160 57 76 321 182 300 133 0 0 0 0 0 1 5 0 0 0 0 3 0 4 0 6 3 3 1 5 2 0 0 22 0 3 0 3 3 0 0 1 0 0 2 0 0 5 0 2 4 0 3 2 0 0 2 2 0 4 0 6 1 0 0 3 0 2 3 0 0 30 50 12 2 0 18 16 9 13 57 11 16 14 1 0 49 40 10 0 0 20 0 0 0 0 3 14 36 1 1 0 66 0 0 0 0 0 31 0 0 0 0 0 0 0 0 0 14 0 0 0 0 0 0 0 0 2 0 0 0 0 0 0 0 0 1 0 0 0 0 0 0 0 0 0 0 0 0 0 0 11 56 81 15 0 0 22 12 0 9 24 0 13 19 4 6 6 0 13 25 0 0 0 0 0 0 0 0 0 0 0 3 0 0 0 0 0 19 0 16 0 0 0 0 0 0 0 2 0 0 0 0 0 0 0 0 0 0 0 0 0 0 0 0 0 0 0 0 0 0 0 0 0 0 0 0 0 0 0 0 0 0 0 0 0 1 0 89 57 0 6 0 0 0 0 0 0 0 0 0 0 0 0 0 0 0 0 0 0 0 0 0 0 0 0 37 0 0 0 0 0 0 0 0 0 0 0 0 0 
 342 263 335 0 245 48 82 159 165 254 174 419 261 158 156 286 227 140 168 60 75 0 0 0 0 0 13 1 1 0 0 3 0 1 3 3 3 0 17 15 4 0 3 3 0 3 0 0 2 0 0 0 0 0 0 0 1 2 0 25 2 0 2 0 0 0 3 0 0 0 0 0 3 5 0 0 0 0 3 0 77 0 0 33 44 0 4 0 0 0 14 49 0 14 12 23 29 9 0 15 30 0 0 0 0 0 20 1 0 0 0 0 0 17 0 0 0 0 12 14 0 0 0 0 0 0 0 0 0 0 0 0 0 0 0 0 0 7 0 0 0 0 0 0 0 0 0 0 0 0 0 0 0 0 0 0 0 26 0 0 34 0 31 17 79 44 9 17 0 15 17 0 0 2 24 32 15 12 1 14 15 9 0 0 0 0 18 50 0 0 0 0 10 11 0 0 0 0 0 0 0 0 0 0 0 0 0 0 0 0 0 16 0 12 0 0 0 0 0 0 0 0 0 0 0 0 0 0 0 0 0 0 0 0 0 0 0 0 0 0 0 0 0 0 0 0 135 0 2 3 8 13 25 0 0 0 0 0 0 0 0 0 0 0 0 0 0 0 0 0 0 0 0 0 0 36 0 0 0 0 0 0 0 0 0 0 0 0 0 0 
 30 128 56 245 0 138 31 72 212 177 100 34 66 57 87 208 232 256 85 55 48 0 0 0 0 0 73 0 0 0 0 5 85 3 1 2 3 0 97 151 3 0 0 3 0 0 0 0 3 0 0 0 0 0 0 0 0 2 0 8 2 0 3 2 0 0 2 0 0 3 0 0 0 0 0 0 0 0 0 0 0 0 0 25 12 14 0 0 29 25 18 38 0 0 0 22 0 5 0 0 14 15 0 0 0 0 19 29 0 36 0 0 2 56 0 0 0 0 37 0 0 2 10 0 0 0 0 0 0 0 0 0 0 0 0 0 0 0 0 10 0 0 0 0 0 0 0 0 0 0 0 0 0 0 0 0 0 3 0 0 0 0 2 1 24 52 20 0 9 0 26 68 0 0 15 0 0 1 0 0 35 9 0 0 0 0 1 1 0 0 0 0 20 10 0 18 0 10 14 21 0 0 0 12 0 0 0 10 0 8 0 0 0 0 0 1 0 0 0 0 0 0 0 0 0 0 0 0 0 0 0 0 0 0 0 0 0 0 0 0 0 1 10 0 0 2 103 0 88 47 0 16 0 0 0 0 0 0 0 0 0 0 0 0 0 0 0 0 0 0 0 0 0 0 0 0 17 4 0 0 0 0 0 0 0 0 0 0 0 0 
 53 31 122 48 138 0 101 38 103 137 207 49 33 35 59 210 138 222 60 43 0 91 6 0 60 0 16 137 147 0 0 3 76 73 43 113 84 0 222 117 2 0 0 3 0 0 0 0 3 0 0 40 0 0 0 0 0 2 0 0 2 23 3 2 4 0 2 0 0 1 0 0 2 0 0 48 2 0 3 0 0 0 14 48 17 18 0 0 20 11 5 33 0 0 0 0 0 18 0 0 12 10 10 10 0 0 9 0 23 10 5 0 21 14 23 21 0 21 27 13 0 0 0 0 0 0 0 0 0 0 2 0 0 0 0 0 0 9 0 2 0 0 0 0 0 0 0 0 0 0 0 0 0 0 0 0 0 4 0 0 0 19 16 34 23 12 0 1 0 0 0 17 0 0 19 0 0 6 0 0 58 2 12 0 0 0 24 14 20 0 9 0 11 0 76 0 0 13 22 19 0 0 0 0 0 0 0 0 0 0 0 0 0 0 0 0 0 0 0 0 0 0 0 0 0 0 5 0 0 0 2 0 0 0 0 0 0 0 0 0 0 0 0 0 0 5 106 0 5 1 0 12 0 1 0 0 0 0 74 0 39 0 0 0 0 0 26 0 0 0 0 0 0 0 0 0 1 1 0 0 0 0 0 0 0 0 0 0 0 0 
 187 125 292 82 31 101 0 138 152 97 24 48 217 42 49 52 10 107 143 132 0 0 0 0 0 0 0 0 0 0 0 3 0 0 0 2 3 0 0 0 2 0 0 7 0 0 0 0 3 0 0 0 0 0 0 0 0 2 0 0 6 0 3 0 0 0 2 0 0 3 0 0 0 0 0 0 0 0 1 0 14 30 48 11 18 0 21 27 21 0 24 9 11 20 0 0 17 39 23 0 0 0 0 0 0 0 0 0 11 0 0 2 0 2 0 0 0 0 12 0 0 0 0 0 0 0 0 0 0 0 0 0 0 0 0 0 0 0 0 0 0 0 1 0 0 0 0 0 0 0 0 0 0 0 0 1 2 0 0 2 38 47 0 18 9 0 12 18 1 12 0 0 46 26 0 21 6 0 1 16 1 0 0 0 12 0 0 0 0 0 0 0 2 0 0 0 19 0 0 0 20 0 0 0 0 0 0 0 0 0 0 0 0 0 0 0 0 0 0 0 0 0 0 0 0 0 0 0 0 0 0 0 0 0 2 0 0 2 0 0 0 0 0 0 0 0 0 0 0 89 0 8 0 0 0 0 0 0 0 0 0 0 0 0 0 0 0 0 0 0 0 0 0 0 0 0 9 0 0 0 0 0 0 0 0 0 0 0 0 0 
 168 215 380 159 72 38 138 0 424 33 61 292 89 173 86 273 127 206 42 70 0 0 0 0 0 0 0 0 0 0 0 3 0 0 0 3 3 1 0 2 68 0 0 5 0 0 0 0 3 0 0 0 0 0 0 0 0 2 0 0 2 0 3 0 0 0 2 0 0 3 0 0 0 0 0 0 0 0 2 0 36 1 50 1 15 0 14 39 23 13 20 14 10 39 16 0 17 41 0 0 0 1 0 0 0 0 3 0 0 0 0 0 26 0 0 12 0 1 7 0 0 0 1 0 0 0 0 0 0 0 0 0 0 0 0 0 0 0 8 2 0 0 0 0 0 0 0 1 0 0 0 0 0 0 0 0 0 0 0 0 7 8 0 39 8 0 2 18 6 1 0 0 21 9 10 23 22 37 14 14 0 0 0 0 0 0 19 0 0 2 0 0 10 0 0 0 0 0 1 0 20 0 0 1 0 0 0 0 0 0 0 0 0 12 0 0 0 0 0 0 0 0 0 0 13 0 0 0 0 0 0 0 0 0 0 2 0 0 0 0 0 0 0 0 0 0 0 2 2 89 2 4 0 0 0 0 0 0 0 0 0 0 0 0 0 0 0 0 0 0 0 0 0 0 0 0 10 0 0 0 0 0 0 0 0 0 0 0 0 0 
 34 75 207 165 212 103 152 424 0 184 280 23 151 300 161 158 552 282 75 154 3 0 207 0 0 2 60 0 0 0 0 3 0 1 2 3 4 0 87 85 3 0 0 10 3 5 4 0 3 0 0 0 0 0 2 2 3 46 0 1 4 0 3 0 0 0 2 0 0 3 2 37 1 2 2 1 0 2 5 0 0 0 10 29 25 0 19 14 14 26 10 14 16 0 0 15 0 19 0 0 1 4 14 0 0 0 0 15 0 0 0 0 75 41 0 0 0 0 22 0 0 0 0 0 0 0 0 0 0 0 0 0 0 0 0 0 0 0 0 0 0 0 0 0 0 0 0 0 0 0 0 0 0 0 0 0 1 6 0 0 2 13 13 68 16 10 1 28 4 0 0 0 0 0 31 1 10 27 0 0 14 0 0 0 0 0 37 14 0 0 0 0 20 0 0 0 0 0 0 6 0 0 0 0 0 0 0 6 0 0 0 0 0 0 0 0 0 0 0 0 0 0 0 0 0 0 0 0 0 0 0 0 0 0 0 0 0 0 0 0 0 0 0 0 0 3 99 1 2 0 0 5 0 0 0 0 0 0 0 0 0 0 0 0 0 0 0 0 0 0 0 0 0 0 0 0 0 0 0 0 0 0 0 0 0 0 0 0 0 0 
 302 432 64 254 177 137 97 33 184 0 277 258 230 199 86 94 48 132 210 172 0 0 2 3 3 1 0 0 0 2 3 64 0 0 0 79 66 0 0 1 4 0 0 4 3 2 0 0 5 0 3 3 0 0 28 0 3 5 0 5 2 0 3 0 3 2 2 0 0 47 0 3 5 3 0 0 0 1 1 0 19 0 21 25 19 0 0 8 37 30 21 22 38 6 48 21 33 0 13 66 0 0 0 0 0 12 0 0 0 0 0 0 10 0 0 0 0 0 48 2 0 0 0 0 0 0 0 0 0 0 0 0 0 0 0 0 0 0 0 0 12 0 0 0 0 0 0 0 0 0 0 0 7 0 0 0 0 0 0 0 12 8 13 0 0 0 21 0 12 24 27 19 0 23 1 20 0 3 0 0 0 0 0 0 4 0 0 0 0 0 0 0 0 0 7 0 0 0 16 18 0 0 7 0 0 0 0 22 0 0 0 26 0 9 0 0 0 0 0 0 0 22 0 0 0 0 0 0 0 0 0 0 0 0 0 0 0 0 8 0 0 0 3 0 0 0 90 1 0 0 9 3 0 0 0 0 0 0 0 0 0 0 0 0 0 0 0 0 0 0 0 0 0 0 0 1 0 0 0 0 0 0 0 0 0 0 0 0 0 0 
 199 142 217 174 100 207 24 61 280 277 0 128 113 105 151 106 511 252 49 109 0 0 74 0 0 0 4 0 0 1 0 3 0 1 1 3 3 0 1 0 5 0 0 6 0 0 0 0 3 0 0 0 0 0 0 0 0 3 0 5 2 13 3 0 0 0 2 0 0 2 0 0 1 0 2 0 0 0 3 0 15 19 18 13 32 0 0 1 22 23 28 34 13 14 0 13 10 1 0 21 0 0 0 0 0 0 0 0 0 0 0 0 20 0 0 0 0 0 24 0 0 0 0 0 0 0 0 0 0 0 0 0 0 0 0 0 0 0 2 0 0 0 0 0 12 0 5 0 0 0 0 2 0 0 0 0 0 0 0 0 12 0 0 21 2 0 21 0 33 14 1 12 2 11 0 30 18 21 15 13 0 0 0 0 0 0 19 0 0 0 0 0 10 0 0 0 0 0 9 0 20 0 0 0 12 0 0 0 0 0 0 9 0 9 0 0 1 0 0 0 0 0 0 0 1 2 0 0 0 0 0 7 0 1 0 0 0 0 0 0 0 0 0 0 0 0 86 0 1 87 17 17 0 0 0 0 0 0 0 0 0 0 0 0 0 0 0 0 0 0 0 0 0 0 0 14 0 0 0 0 0 0 0 0 0 0 0 0 0 0 
 324 143 234 419 34 49 48 292 23 258 128 0 34 17 149 106 242 54 21 33 0 0 0 0 2 2 3 0 3 0 2 4 0 1 2 2 3 0 2 0 3 0 0 3 0 0 0 0 3 0 0 0 0 3 0 0 0 2 5 2 2 32 3 0 0 0 2 0 0 3 0 0 0 9 0 0 0 0 1 0 20 0 20 20 29 0 11 0 59 22 12 23 13 15 0 66 22 9 0 17 0 0 0 0 0 0 0 19 0 0 0 0 3 20 0 20 0 1 20 10 0 0 0 0 0 0 0 0 0 0 1 0 0 0 0 0 0 0 0 1 0 0 16 0 0 0 48 0 0 0 0 0 1 0 0 0 0 0 0 0 6 0 1 0 12 0 19 27 15 10 0 16 0 13 21 39 17 24 0 22 0 2 0 0 0 0 15 0 0 0 0 0 35 2 0 0 0 0 0 22 0 0 0 0 0 0 0 5 0 0 0 0 0 10 0 0 0 0 0 0 0 0 0 0 0 0 0 0 0 0 1 0 0 0 24 0 0 0 0 0 0 0 0 0 0 2 101 2 3 0 0 0 27 2 0 0 0 0 0 0 0 0 74 0 0 0 0 0 0 0 0 0 0 0 0 33 0 1 0 0 0 0 0 0 0 0 0 0 0 0 
 122 157 260 261 66 33 217 89 151 230 113 34 0 254 57 254 32 151 183 274 0 1 0 0 0 0 0 2 0 0 0 3 0 0 0 3 3 0 0 0 2 0 0 7 0 0 0 0 3 0 0 0 0 0 0 0 0 2 0 0 2 0 3 0 0 0 35 0 0 1 0 0 2 9 0 0 0 0 3 0 12 19 39 12 0 0 32 7 2 0 31 0 33 1 23 29 41 18 15 52 0 0 0 0 0 0 0 0 0 0 0 0 2 0 0 0 0 0 1 0 0 0 0 0 0 1 0 0 0 0 0 0 0 0 1 0 2 0 0 0 0 0 0 0 0 1 0 0 2 0 0 0 0 0 0 0 0 0 0 0 1 10 10 21 0 2 1 12 30 10 20 0 0 12 14 0 0 5 0 11 0 0 0 0 0 0 0 0 0 0 0 0 0 0 0 0 0 0 0 0 18 0 0 0 0 0 2 0 0 0 0 21 0 0 0 0 0 0 0 0 0 0 0 2 0 0 0 0 0 0 0 0 0 0 0 0 0 0 0 0 0 0 0 0 0 0 0 0 2 0 10 10 23 0 0 0 0 0 0 0 0 0 0 0 0 0 0 0 0 0 0 0 0 0 0 15 0 0 0 0 0 0 0 0 0 2 0 0 0 0 
 133 65 160 158 57 35 42 173 300 199 105 17 254 0 267 124 134 193 73 322 0 1 0 2 77 0 2 0 3 0 2 3 1 0 1 2 6 0 0 0 3 0 0 3 0 1 3 103 5 2 3 2 0 3 0 0 3 2 0 0 2 0 3 0 3 0 2 0 0 2 0 0 1 3 0 0 0 0 3 0 28 19 36 1 2 0 15 10 0 0 6 16 0 68 17 15 0 1 10 17 0 0 0 0 0 0 0 0 0 0 0 0 0 0 0 0 0 0 0 0 0 1 0 0 0 0 1 0 0 0 0 0 0 0 0 0 0 0 0 0 1 0 0 0 0 0 0 15 0 0 0 0 0 2 1 0 0 0 0 0 44 17 0 1 0 0 12 0 0 13 4 0 21 16 10 10 19 1 38 17 0 0 0 0 0 0 0 0 15 0 0 0 0 0 0 2 2 0 7 20 13 0 0 0 0 0 0 0 0 0 0 52 23 0 0 0 0 0 0 1 1 0 0 0 0 0 0 0 0 0 0 0 0 0 0 0 0 0 0 0 0 0 0 0 0 1 0 0 2 87 8 4 0 0 0 0 0 0 0 0 0 0 0 0 0 0 0 0 0 0 0 0 0 0 0 0 0 0 0 0 0 0 0 0 0 0 0 0 0 0 
 168 271 57 156 87 59 49 86 161 86 151 149 57 267 0 311 129 59 72 89 3 4 5 0 39 5 5 4 6 1 3 3 0 0 0 3 3 3 0 0 2 0 0 3 3 4 0 0 3 0 0 0 0 0 5 3 0 2 5 9 2 0 3 0 0 0 2 2 0 1 0 0 2 1 4 5 0 0 3 0 25 13 13 2 0 5 0 0 21 33 0 13 0 22 0 11 11 0 13 16 0 0 0 0 0 0 5 0 0 0 0 13 0 0 0 13 0 0 0 0 0 0 0 0 0 0 0 0 0 0 1 0 0 0 0 0 0 0 0 0 0 0 0 0 0 0 5 0 0 0 0 0 13 0 0 15 0 0 0 0 16 0 4 0 1 16 23 15 46 26 30 58 13 10 8 25 6 25 8 18 0 2 0 0 0 0 0 0 0 0 0 0 11 0 0 0 0 0 1 0 0 0 0 0 0 0 0 0 0 0 0 0 0 0 0 0 0 0 0 20 0 0 0 0 0 0 0 0 0 0 1 0 0 0 0 0 0 0 0 0 0 1 0 0 0 0 114 0 0 0 0 3 0 2 0 0 0 1 2 0 0 0 19 0 0 0 0 2 0 0 0 0 0 0 0 12 0 0 0 0 0 0 0 0 0 0 0 0 0 0 
 353 155 76 286 208 210 52 273 158 94 106 106 254 124 311 0 178 310 48 51 75 1 76 2 2 1 2 2 0 0 2 3 23 0 2 3 3 2 62 0 6 0 3 4 2 2 0 2 3 0 0 2 0 0 4 2 2 3 0 9 2 0 3 0 1 0 2 0 0 3 0 0 0 0 0 0 0 1 0 0 0 0 0 6 9 6 14 0 1 36 21 16 0 0 0 15 0 25 0 0 14 21 0 0 0 0 2 28 1 1 0 0 31 27 4 0 2 0 33 0 0 0 2 0 0 0 0 0 0 0 0 0 0 0 0 0 0 7 0 0 0 0 0 0 0 0 2 0 0 0 2 0 11 0 0 0 0 0 0 0 0 0 33 36 25 9 0 11 11 19 28 50 0 0 21 25 0 14 0 0 31 0 0 0 0 0 31 33 0 0 0 0 14 0 0 0 0 0 14 16 0 0 0 0 0 0 0 6 0 0 0 0 0 0 0 0 0 0 0 0 0 0 0 0 0 13 0 0 0 0 0 0 0 6 0 0 0 0 1 0 0 9 0 0 1 2 0 1 86 1 0 7 0 0 0 0 0 1 0 0 0 0 10 0 0 0 0 2 0 0 0 0 0 0 0 0 23 10 0 0 0 0 0 0 0 0 0 0 0 0 
 44 144 321 227 232 138 10 127 552 48 511 242 32 134 129 178 0 131 263 148 75 0 0 0 0 2 76 0 0 0 0 3 74 0 0 2 3 74 166 98 4 0 0 3 0 0 0 0 3 2 0 0 0 0 0 0 0 2 0 10 2 0 3 1 0 0 2 0 0 3 0 0 0 2 0 0 0 39 0 0 0 0 0 11 9 9 0 1 15 53 0 13 1 0 10 21 1 0 0 1 14 0 0 0 0 0 9 13 0 0 0 0 39 12 0 0 0 0 39 0 0 0 0 0 0 0 0 0 0 0 2 0 0 6 0 0 0 13 0 0 4 0 0 0 0 0 0 0 0 0 0 0 0 0 0 0 0 7 0 0 0 0 25 18 0 29 0 0 18 10 52 13 0 0 3 0 0 29 5 0 13 1 0 0 0 0 15 15 0 0 0 0 21 0 0 0 0 13 0 11 0 0 0 0 0 0 0 8 0 0 0 19 0 0 0 0 0 0 0 1 0 0 0 0 0 0 0 0 0 0 2 0 0 0 0 0 0 0 0 0 0 0 0 0 0 0 18 5 1 3 15 13 0 1 0 0 0 0 0 0 0 0 15 0 0 0 1 0 0 0 0 0 0 0 0 0 0 0 0 0 0 0 0 0 0 0 0 0 0 0 
 33 253 182 140 256 222 107 206 282 132 252 54 151 193 59 310 131 0 59 131 0 0 4 1 0 0 79 0 3 1 2 3 0 0 0 6 3 1 81 75 5 0 0 9 0 1 0 0 2 0 0 1 0 0 0 0 0 2 1 0 2 0 2 0 0 0 3 0 0 0 0 0 3 0 0 0 0 0 4 0 0 21 12 25 0 0 10 14 32 17 23 12 15 0 0 0 0 29 0 0 0 61 0 0 0 0 13 12 0 0 0 0 50 0 0 0 0 0 32 0 0 0 0 0 0 0 0 0 0 0 7 0 0 0 0 0 0 0 0 0 0 0 0 0 0 0 0 16 0 0 0 0 0 0 0 0 0 3 0 0 0 11 10 35 10 14 0 24 22 0 17 15 0 2 14 1 0 3 0 0 44 0 0 0 0 0 0 0 0 0 0 0 21 0 0 0 0 12 23 1 1 0 0 0 0 0 0 0 0 0 0 0 14 0 0 0 2 0 0 2 0 0 0 0 2 0 0 0 0 0 0 0 0 2 0 0 0 0 0 0 0 0 0 0 0 3 9 0 89 1 3 4 4 0 0 0 0 0 0 0 0 0 0 0 0 0 0 0 0 0 30 0 0 0 0 0 15 0 0 0 0 0 0 0 0 0 0 0 0 0 
 78 37 300 168 85 60 143 42 75 210 49 21 183 73 72 48 263 59 0 94 0 0 1 0 0 2 0 0 0 0 0 4 0 0 0 4 3 1 2 0 2 0 0 3 0 0 0 3 3 0 0 0 0 0 0 0 0 4 0 0 2 1 10 0 50 0 2 3 0 2 2 0 1 10 0 0 0 0 28 2 39 60 17 12 0 0 10 8 2 0 18 0 31 42 12 10 22 26 27 11 0 0 0 0 0 0 0 0 0 0 0 0 0 0 0 0 0 2 0 0 0 0 0 0 0 0 0 0 0 0 0 0 0 0 0 0 0 0 0 2 0 0 0 0 0 0 0 0 0 0 0 0 0 0 0 0 0 0 0 0 5 14 9 0 0 0 9 7 0 0 0 0 24 15 9 0 1 0 7 5 0 0 0 0 0 0 0 0 0 2 0 0 12 1 0 0 0 0 0 0 0 0 0 1 0 0 0 0 0 0 0 0 0 0 0 0 9 0 0 0 0 0 0 0 0 10 0 0 0 0 0 0 0 9 0 2 0 0 0 0 0 0 0 0 0 2 2 0 0 4 2 11 13 0 0 0 0 0 0 0 0 0 0 0 0 0 0 0 0 0 0 0 0 0 0 13 0 0 0 0 0 0 0 0 0 0 0 0 0 0 
 51 93 133 60 55 43 132 70 154 172 109 33 274 322 89 51 148 131 94 0 0 0 0 0 0 0 0 0 0 0 0 3 0 0 0 3 3 0 0 0 2 0 0 5 0 0 23 0 3 0 0 0 0 0 0 0 0 2 0 0 8 0 3 0 0 0 2 0 0 2 0 0 1 0 0 0 0 0 3 0 30 0 15 0 9 0 22 11 1 0 0 15 3 25 15 0 0 14 0 15 0 0 0 2 0 0 1 0 0 0 0 0 0 0 0 11 0 0 1 0 0 0 0 0 0 0 0 0 0 0 0 0 0 33 0 0 0 0 0 0 0 0 0 1 1 0 0 0 0 0 0 0 0 0 0 0 0 0 0 0 34 10 0 19 0 0 19 0 0 0 0 14 10 1 3 11 9 4 14 40 0 0 2 0 0 0 15 2 0 0 0 0 0 0 0 0 0 0 0 0 0 0 0 0 0 0 0 0 0 0 0 19 1 0 0 0 0 0 0 1 0 0 0 0 0 0 0 0 0 0 0 0 0 0 0 0 0 0 0 0 0 0 0 0 0 1 0 0 3 2 5 0 0 0 0 0 0 0 0 0 0 0 0 0 0 0 0 0 0 0 0 0 0 0 0 0 0 0 0 0 0 0 0 0 0 0 0 0 0 0 
 0 0 0 75 48 0 0 0 3 0 0 0 0 0 3 75 75 0 0 0 0 319 87 127 118 57 67 46 33 254 93 32 199 120 139 197 65 452 70 147 0 2 0 0 2 0 3 3 0 0 0 0 0 0 0 0 0 0 0 0 0 0 2 0 0 0 0 3 0 0 0 2 4 2 0 0 0 3 3 0 0 0 0 0 0 14 0 0 12 0 0 39 0 0 0 15 0 0 0 0 41 6 21 12 16 0 34 58 14 19 15 0 0 71 8 31 0 12 22 13 0 3 0 0 0 0 0 0 0 0 0 0 0 0 0 0 0 8 25 0 0 0 0 0 0 0 0 0 4 0 0 0 0 0 0 12 0 0 2 0 0 0 0 0 1 2 1 0 0 0 13 26 0 0 0 0 0 0 0 0 56 27 25 31 0 20 0 4 34 32 0 0 24 15 1 39 14 27 2 14 0 0 0 0 0 0 0 0 0 13 0 0 0 0 0 27 0 0 0 0 0 0 0 0 0 0 0 0 0 0 0 0 0 0 0 0 0 0 0 0 0 0 22 0 0 0 0 0 0 23 0 0 0 0 5 2 4 79 44 0 2 0 0 0 0 0 0 0 0 0 0 0 0 0 0 0 0 0 0 18 0 2 0 0 0 0 0 0 0 0 
 0 0 0 0 0 91 0 0 0 0 0 0 1 1 4 1 0 0 0 0 319 0 290 204 127 63 160 473 70 42 110 86 100 240 89 138 242 277 57 245 2 5 0 0 2 25 10 3 0 0 2 37 3 63 0 0 0 0 0 0 0 1 2 0 0 0 1 3 3 3 0 2 3 2 3 0 0 2 3 0 0 0 0 0 0 11 2 0 0 0 0 0 0 0 0 0 0 0 0 0 8 26 9 32 28 0 38 18 67 5 0 1 0 18 0 11 8 7 0 11 0 19 0 0 0 0 0 0 0 0 0 0 0 0 0 0 0 48 12 10 0 0 0 0 0 1 0 0 3 0 0 0 0 0 0 0 0 0 2 0 0 0 0 0 14 0 7 0 0 0 0 10 3 0 0 0 0 0 0 0 18 6 19 11 1 36 0 18 20 26 9 1 0 9 3 49 17 14 17 0 0 0 0 0 0 1 0 0 0 12 0 0 0 0 0 0 0 0 8 31 0 0 0 0 0 0 0 0 0 0 0 0 0 0 0 0 0 0 0 0 0 0 2 0 0 0 0 0 0 3 0 0 2 0 8 0 2 151 2 1 2 2 2 0 0 0 15 0 0 0 0 0 0 0 0 0 0 0 0 0 0 1 0 0 0 10 0 0 0 0 
 0 0 0 0 0 6 0 0 207 2 74 0 0 0 5 76 0 4 1 0 87 290 0 286 36 96 267 456 366 51 261 346 78 213 87 80 137 252 140 45 2 5 0 0 2 0 4 4 0 0 0 7 0 63 0 0 0 0 62 70 0 0 2 0 5 0 0 3 0 0 0 2 3 3 41 0 0 3 3 0 0 0 6 0 0 0 0 0 0 0 2 0 0 0 0 0 1 0 0 0 11 18 18 15 23 0 0 0 0 0 7 19 0 16 0 26 12 13 0 19 0 2 0 0 0 0 0 12 0 0 0 0 14 0 0 0 0 0 0 0 0 0 0 0 0 4 0 0 3 0 0 0 0 0 1 0 0 0 0 0 0 0 0 0 8 0 16 0 0 0 3 0 0 0 0 0 0 0 0 0 0 1 26 1 1 2 0 30 15 27 28 22 1 48 23 18 2 19 24 2 0 10 0 0 23 0 0 0 0 0 0 0 0 13 0 0 0 0 0 29 0 0 0 0 0 0 0 2 0 0 2 0 0 0 0 0 0 0 0 0 0 0 0 0 0 0 0 0 0 0 0 0 0 2 2 2 2 8 0 0 1 2 0 0 0 0 0 0 0 0 0 0 0 0 0 0 0 0 0 0 0 10 0 0 0 0 9 0 0 0 
 0 0 0 0 0 0 0 0 0 3 0 0 0 2 0 2 0 1 0 0 127 204 286 0 109 107 159 152 98 497 514 116 48 61 368 98 183 263 89 243 1 10 0 0 2 0 3 3 0 62 0 0 60 0 56 0 0 0 55 18 0 0 2 3 52 5 1 2 0 0 0 2 3 4 0 0 0 2 10 0 0 0 0 0 1 0 0 0 0 0 0 0 0 0 0 0 0 0 0 0 13 1 0 52 19 32 0 7 15 39 0 8 0 0 31 1 9 28 0 0 0 0 0 0 1 0 0 0 0 0 0 0 30 0 0 0 0 0 9 0 0 0 0 0 0 0 0 0 8 21 0 0 0 0 1 0 0 0 5 0 0 0 0 0 0 0 0 18 0 0 0 0 0 0 0 0 0 0 0 0 0 0 5 39 5 47 0 12 11 19 20 32 0 1 0 47 44 50 0 0 35 17 0 0 0 0 7 0 0 0 0 0 19 14 0 0 0 0 14 13 0 0 0 0 0 0 0 0 0 0 0 0 0 0 0 0 0 0 0 0 0 0 0 0 0 0 0 0 0 0 0 0 0 0 11 3 2 81 0 0 2 10 0 0 0 0 0 0 0 0 0 0 0 0 0 0 0 0 0 0 0 1 0 0 0 10 1 0 0 0 
 0 0 0 0 0 60 0 0 0 3 0 2 0 77 39 2 0 0 0 0 118 127 36 109 0 106 54 93 112 325 148 49 87 83 202 124 126 35 294 92 2 2 0 0 2 0 3 3 0 0 0 0 20 0 0 64 0 0 0 1 0 0 2 0 0 0 0 3 0 0 0 2 58 4 0 0 0 3 3 0 0 0 0 0 0 0 0 0 0 0 0 0 0 0 0 0 0 0 0 0 14 0 1 27 10 35 0 21 21 24 0 0 0 0 29 0 15 4 0 0 33 30 25 0 0 0 30 27 15 7 21 10 8 33 23 0 39 0 50 16 0 0 0 0 0 0 0 0 7 0 0 1 0 0 6 0 0 0 11 0 9 0 10 0 0 0 0 1 0 0 0 0 0 2 0 0 0 2 0 3 0 0 0 27 43 4 0 2 36 36 19 23 0 0 0 0 24 13 0 0 0 12 0 19 0 0 25 0 12 21 17 0 23 0 0 12 12 12 51 12 0 0 0 0 0 0 0 0 0 0 0 0 0 0 0 0 0 0 0 0 0 0 0 0 0 0 0 0 0 0 0 0 0 0 23 0 2 79 3 0 50 9 0 0 0 0 0 0 0 0 0 0 0 0 0 0 0 0 0 0 0 0 0 0 0 0 0 0 0 0 
 2 0 1 0 0 0 0 0 2 1 0 2 0 0 5 1 2 0 2 0 57 63 96 107 106 0 44 35 133 63 225 120 44 137 285 299 63 170 42 240 126 35 11 0 3 0 119 64 0 136 0 1 34 3 63 0 0 69 79 62 0 0 2 2 0 0 0 9 0 0 51 2 2 2 0 0 0 3 5 0 0 0 0 0 0 1 0 0 0 0 0 0 0 0 0 0 0 0 0 2 0 0 0 11 0 11 0 2 0 0 0 0 0 0 27 5 0 0 0 0 72 14 13 18 0 11 27 14 30 0 0 5 66 11 13 1 1 10 9 30 1 0 0 0 0 0 0 0 0 0 1 0 0 0 0 0 0 0 0 0 1 0 0 6 0 0 0 0 0 0 0 0 2 0 0 0 0 0 0 0 0 0 32 18 27 0 0 0 0 3 2 14 0 0 0 4 0 5 0 0 34 53 45 10 0 0 27 14 11 10 1 9 35 75 3 0 8 8 2 21 0 0 0 0 0 0 0 0 0 0 0 0 0 0 0 0 7 0 0 0 0 0 0 0 0 0 0 0 0 0 0 2 0 0 2 1 2 0 5 2 3 0 0 0 0 0 0 0 0 0 0 0 0 0 0 0 0 0 0 0 0 0 0 0 9 0 0 0 0 0 
 0 0 5 13 73 16 0 0 60 0 4 3 0 2 5 2 76 79 0 0 67 160 267 159 54 44 0 156 358 124 37 206 66 179 46 45 225 100 70 133 2 2 0 0 2 0 3 3 0 0 0 32 0 0 0 0 0 0 0 0 0 0 2 0 4 0 0 3 0 0 0 2 3 4 0 0 0 2 3 0 0 0 0 8 11 2 0 0 0 0 0 17 5 0 0 0 0 0 0 1 4 0 45 34 44 5 0 2 19 1 45 15 0 46 19 15 30 19 10 0 10 0 0 0 0 0 0 1 0 0 1 0 0 0 0 0 0 0 15 13 0 0 0 0 0 0 0 0 0 0 0 0 0 0 0 0 0 13 0 0 0 0 12 14 12 10 0 0 0 0 0 0 1 4 13 0 0 0 0 0 17 23 19 0 49 4 14 40 0 29 1 19 0 17 1 31 35 2 0 0 0 2 0 0 0 0 0 0 2 0 0 0 0 0 0 0 0 0 26 4 0 0 0 0 0 0 0 0 0 0 0 0 0 0 0 7 1 13 0 0 0 0 0 0 0 0 72 0 0 0 0 0 0 0 4 0 0 89 13 0 1 0 0 0 0 0 0 0 0 0 0 0 0 0 0 0 0 0 0 0 0 0 0 0 0 0 4 0 0 0 
 1 0 0 1 0 137 0 0 0 0 0 0 2 0 4 2 0 0 0 0 46 473 456 152 93 35 156 0 238 106 39 119 75 165 202 37 307 76 98 119 2 2 0 9 2 205 3 3 0 0 2 5 0 0 0 0 0 0 0 2 0 0 2 0 0 0 0 3 0 0 3 2 3 4 0 0 0 3 3 0 0 0 8 0 0 0 0 0 0 10 0 0 2 0 0 0 0 0 0 0 0 8 37 41 39 12 1 0 28 11 11 0 0 14 25 15 0 6 0 25 0 0 0 0 0 0 0 1 0 0 0 0 0 0 0 0 0 0 14 0 0 1 0 0 0 0 0 0 1 0 0 0 0 0 0 0 0 0 1 0 0 15 0 47 11 0 0 0 0 0 0 0 0 2 0 0 0 0 0 0 6 0 19 20 14 0 13 17 22 15 31 39 0 16 11 22 33 13 9 0 0 0 0 0 0 0 5 0 17 0 0 0 0 0 0 0 0 0 17 5 0 0 0 0 0 0 0 0 0 0 0 1 0 0 0 0 0 0 0 0 0 0 0 0 0 0 0 0 0 0 0 0 0 0 23 2 0 169 43 0 12 2 0 0 0 0 0 0 0 0 0 0 0 0 0 0 0 0 0 0 0 13 0 0 0 0 0 0 0 0 
 0 0 0 1 0 147 0 0 0 0 0 3 0 3 6 0 0 3 0 0 33 70 366 98 112 133 358 238 0 142 250 185 86 207 510 468 206 150 127 250 2 39 0 0 5 3 3 3 0 0 0 0 0 0 2 4 0 0 3 0 3 3 2 0 3 0 0 5 0 0 0 2 3 4 2 0 0 2 3 0 0 0 0 0 13 9 2 13 0 0 13 13 0 0 0 0 0 0 0 0 10 14 15 0 0 14 0 0 1 29 24 34 19 13 7 0 0 27 0 26 0 0 0 0 0 0 0 0 0 0 0 0 0 0 0 0 0 1 0 0 0 0 0 0 0 1 3 0 0 0 0 0 0 0 1 0 0 0 0 0 4 1 0 0 0 0 0 0 0 0 0 1 0 0 0 0 0 2 0 0 0 0 21 0 10 0 70 48 31 0 22 1 9 2 52 15 0 11 13 16 22 11 0 0 0 0 0 0 0 1 0 0 0 0 0 0 0 0 0 1 0 0 0 0 0 0 0 0 0 0 0 0 0 0 0 0 0 0 0 0 0 0 2 0 0 0 0 0 0 0 0 0 0 0 15 2 2 91 1 2 12 0 0 0 0 0 1 0 0 0 0 0 0 0 0 0 0 0 0 0 0 0 0 0 0 1 0 0 0 0 
 0 3 0 0 0 0 0 0 0 2 1 0 0 0 1 0 0 1 0 0 254 42 51 497 325 63 124 106 142 0 232 50 52 173 253 147 58 178 99 92 2 15 0 0 2 0 3 5 0 0 0 0 64 0 0 0 0 3 70 0 0 0 2 0 0 0 2 3 0 0 0 2 3 3 0 8 0 3 3 0 0 0 0 0 0 0 0 0 0 0 0 0 0 0 0 0 0 0 0 0 0 1 1 11 0 16 0 9 27 21 0 12 0 0 4 42 23 40 0 0 12 0 0 0 0 0 0 34 1 0 0 0 0 13 0 0 0 0 53 20 0 0 0 0 0 0 0 0 2 0 21 0 0 0 0 0 0 0 26 0 0 0 0 0 0 0 0 0 0 0 0 0 0 0 0 0 0 0 0 0 0 0 9 44 26 10 0 0 14 11 15 22 0 7 0 10 26 1 0 0 20 0 0 0 0 0 16 0 0 0 0 0 4 0 0 0 0 0 18 13 0 0 0 0 0 0 0 0 0 0 0 0 0 0 0 0 0 0 0 0 0 0 1 0 0 0 0 0 75 0 0 0 0 0 6 1 1 15 5 3 4 6 0 0 0 0 0 0 0 0 0 0 0 0 0 0 0 0 0 0 0 0 0 0 0 0 16 0 0 0 
 0 0 0 0 0 0 0 0 0 3 0 2 0 2 3 2 0 2 0 0 93 110 261 514 148 225 37 39 250 232 0 37 49 46 76 168 109 562 49 262 45 26 0 0 2 1 67 4 0 0 0 0 105 0 35 0 0 0 152 1 0 0 2 4 0 0 0 12 45 0 0 2 3 4 0 0 0 2 4 0 0 0 0 0 2 0 0 0 0 1 0 2 0 0 0 0 0 0 0 0 11 0 11 16 47 17 0 11 0 17 0 18 0 0 35 27 0 18 0 0 12 0 0 2 0 0 30 12 12 0 0 0 57 25 1 0 0 0 15 18 0 0 0 0 0 0 0 10 7 0 0 0 0 0 0 0 0 0 4 0 0 0 0 0 0 0 0 0 0 0 0 0 0 0 0 0 0 0 0 0 0 0 9 19 28 28 0 0 18 25 13 17 0 0 0 24 24 12 0 0 26 26 0 12 0 0 0 0 0 0 0 0 1 42 2 0 0 2 14 0 0 1 0 0 0 0 0 0 0 0 0 0 0 0 0 0 0 0 0 0 0 4 1 0 0 0 0 0 0 0 0 0 0 0 10 2 0 78 1 1 2 0 0 0 0 0 0 0 0 0 0 0 0 0 0 0 0 0 0 0 0 0 0 0 0 0 0 0 0 0 
 3 3 3 3 5 3 3 3 3 64 3 4 3 3 3 3 3 3 4 3 32 86 346 116 49 120 206 119 185 50 37 0 23 235 43 108 191 258 399 233 2 30 0 0 2 0 3 69 0 0 0 0 0 58 0 0 22 0 0 0 0 0 2 0 8 0 1 3 0 0 0 2 3 3 0 0 0 2 3 0 0 0 0 0 0 2 0 0 0 0 0 0 0 0 0 0 0 0 0 1 2 1 13 9 6 13 0 1 16 2 7 0 0 3 3 14 15 23 0 0 0 19 26 0 0 0 0 10 12 0 0 0 11 14 1 0 26 10 0 31 0 0 0 6 0 0 0 0 0 0 9 0 0 0 6 0 0 0 0 0 0 0 0 0 0 0 0 0 0 0 0 0 1 0 0 0 0 0 0 0 0 0 0 0 24 18 0 26 0 1 0 14 0 21 15 20 9 19 0 0 46 12 16 0 0 0 16 26 3 0 29 12 0 11 0 10 1 0 41 27 0 0 0 0 0 0 0 0 0 18 0 0 2 0 0 0 0 0 2 0 0 0 0 0 0 0 0 0 0 0 0 0 0 0 12 1 0 76 7 0 5 0 2 0 0 0 0 0 0 0 0 0 0 0 0 0 0 0 0 0 0 0 0 0 0 10 12 0 0 0 
 0 1 0 0 85 76 0 0 0 0 0 0 0 1 0 23 74 0 0 0 199 100 78 48 87 44 66 75 86 52 49 23 0 180 122 260 35 37 255 190 2 2 0 0 2 0 3 3 1 0 0 0 0 0 0 3 2 0 0 6 0 1 2 0 0 0 0 3 0 0 0 2 3 3 0 3 0 7 3 0 0 0 0 0 21 38 0 0 0 9 1 10 0 0 0 0 1 0 0 0 10 6 2 0 0 0 13 13 12 30 12 0 0 13 0 0 0 1 0 10 0 7 0 0 0 0 1 0 0 0 0 0 2 0 0 0 0 10 0 0 0 0 0 0 0 0 1 2 0 0 0 0 0 0 0 1 0 0 0 0 0 1 0 1 24 12 0 0 10 0 0 27 0 0 0 0 0 0 0 0 1 14 12 0 15 0 27 32 11 20 0 0 9 14 18 13 0 0 0 17 0 0 0 0 0 0 0 0 0 6 0 0 0 0 0 14 0 0 0 0 0 0 0 0 0 0 0 0 0 1 0 0 0 0 0 0 0 0 0 0 0 12 0 0 0 0 1 0 0 0 0 0 0 0 14 2 0 0 1 0 2 0 10 0 0 0 12 0 0 0 0 0 0 0 0 0 1 0 0 11 0 0 0 0 0 0 0 0 0 0 
 0 0 4 1 3 73 0 0 1 0 1 1 0 0 0 0 0 0 0 0 120 240 213 61 83 137 179 165 207 173 46 235 180 0 173 389 110 35 301 382 0 2 0 0 2 3 3 3 0 0 0 0 0 0 0 5 0 0 0 0 0 6 2 0 28 0 0 3 0 0 0 2 3 3 0 0 6 3 3 0 0 0 0 0 0 12 2 2 0 0 0 0 0 0 0 0 0 0 0 1 47 30 29 0 17 2 0 14 25 34 47 17 13 13 21 3 25 23 0 15 0 0 0 0 18 0 0 0 0 0 0 0 0 0 0 0 0 0 0 0 0 0 0 0 0 0 0 0 0 0 0 12 0 0 0 0 1 16 0 0 0 5 0 0 0 0 0 0 0 0 2 0 0 0 0 2 0 0 0 0 0 15 11 19 0 14 0 14 17 15 0 53 3 24 17 0 26 17 6 38 0 0 0 0 0 0 11 0 0 0 1 0 0 0 0 10 0 0 42 0 0 0 0 0 0 2 0 0 0 0 0 0 0 0 0 0 0 0 2 0 0 0 11 0 0 0 0 0 0 0 0 2 0 0 9 0 0 0 158 2 17 0 0 0 0 0 0 0 0 0 0 0 0 0 0 0 0 0 0 16 0 27 0 0 0 0 0 0 0 0 
 2 2 0 3 1 43 0 0 2 0 1 2 0 1 0 2 0 0 0 0 139 89 87 368 202 285 46 202 510 253 76 43 122 173 0 277 157 117 387 371 0 2 0 0 2 1 3 3 0 0 0 0 0 0 0 0 0 0 62 1 12 0 2 0 0 0 0 3 0 0 0 2 3 4 0 0 0 3 3 0 0 0 0 0 0 11 0 0 0 0 0 18 0 0 0 0 0 2 0 2 14 47 34 9 13 21 0 13 20 23 33 20 0 25 16 0 24 47 0 22 0 0 0 0 0 0 0 12 0 0 0 0 0 0 0 0 0 0 21 0 2 0 0 0 0 0 0 0 1 0 0 0 11 0 0 0 0 0 4 0 0 9 0 0 0 0 0 0 0 0 0 0 1 0 0 0 0 8 0 0 0 18 26 45 12 15 27 1 25 14 43 38 0 1 40 0 42 20 0 0 0 0 2 0 0 0 0 0 0 0 0 0 8 0 0 0 0 0 12 20 0 0 0 0 0 1 0 0 0 0 0 0 17 0 0 0 0 0 1 0 0 0 15 0 0 0 0 0 14 0 0 0 0 0 11 1 2 118 153 1 46 10 0 0 2 0 0 0 0 0 0 0 0 0 0 0 0 0 0 1 0 10 0 0 0 0 0 0 0 0 
 3 2 6 3 2 113 2 3 3 79 3 2 3 2 3 3 2 6 4 3 197 138 80 98 124 299 45 37 468 147 168 108 260 389 277 0 168 44 335 205 2 5 1 0 2 0 3 3 0 0 0 3 1 0 0 0 1 0 0 2 0 5 2 0 3 2 0 2 0 56 3 2 3 2 0 0 0 2 3 0 2 0 0 0 13 11 0 0 0 0 0 15 0 0 0 0 0 0 0 0 18 9 29 15 13 10 0 32 45 14 48 14 0 21 31 2 0 24 0 24 0 0 0 0 1 0 14 0 0 0 0 0 0 0 0 0 0 16 12 0 0 0 0 1 0 0 11 2 3 0 0 0 0 0 0 0 0 0 5 0 0 2 0 0 0 0 0 0 0 0 0 0 0 0 0 0 0 0 0 0 0 19 55 37 0 18 26 22 43 18 11 18 1 2 35 0 31 3 0 4 0 0 0 0 0 0 0 0 0 0 0 0 11 0 0 0 0 0 0 0 0 9 0 0 0 0 0 0 0 0 0 0 0 0 0 1 0 0 0 0 0 0 15 0 0 0 0 0 0 0 0 0 0 0 5 0 0 2 77 0 22 8 0 0 0 0 14 0 0 0 0 0 0 0 0 0 0 0 0 0 0 11 0 0 0 0 0 0 0 0 
 3 3 3 3 3 84 3 3 4 66 3 3 3 6 3 3 3 3 3 3 65 242 137 183 126 63 225 307 206 58 109 191 35 110 157 168 0 57 108 141 2 2 0 0 2 0 3 3 0 0 0 4 0 0 0 0 0 0 1 0 0 0 2 0 5 0 0 3 0 0 0 44 3 3 0 0 0 3 3 0 0 0 0 0 44 31 0 0 0 0 0 6 0 0 0 0 1 0 0 0 41 0 33 25 34 0 0 8 0 0 21 0 0 14 11 51 28 63 0 9 0 0 0 0 0 0 0 0 0 0 0 0 0 0 0 0 0 0 5 0 0 0 0 0 0 0 0 0 6 0 0 0 7 0 0 0 0 0 4 0 0 9 0 0 0 0 0 0 1 0 0 0 0 0 0 0 0 0 0 0 1 0 14 0 2 11 12 32 42 17 14 0 7 17 22 49 17 0 9 1 0 0 0 0 0 0 0 0 0 0 0 20 0 0 0 0 0 0 11 4 0 0 0 0 0 0 0 0 0 1 0 0 0 0 0 0 0 0 0 0 0 0 0 0 0 0 0 0 15 0 0 0 0 0 2 0 1 117 1 0 1 0 0 0 0 0 0 0 0 0 0 0 0 0 0 0 0 0 0 0 0 0 0 0 0 0 8 0 0 0 
 0 0 3 0 0 0 0 1 0 0 0 0 0 0 3 2 74 1 1 0 452 277 252 263 35 170 100 76 150 178 562 258 37 35 117 44 57 0 47 225 0 8 0 0 2 0 4 3 0 0 0 0 64 0 0 0 0 0 25 54 0 0 2 15 0 8 1 2 0 0 0 2 3 4 0 46 0 2 12 0 0 0 1 0 0 0 0 0 0 0 0 0 0 0 0 0 0 0 0 0 0 1 1 23 36 35 0 0 19 25 1 11 1 3 22 0 60 0 0 0 1 1 1 0 0 0 1 0 0 0 0 0 21 1 0 0 0 1 0 13 0 0 0 0 0 0 0 0 0 0 2 6 0 0 0 0 0 0 0 0 0 1 0 0 1 1 0 0 0 0 0 0 0 0 0 0 0 0 0 0 0 12 2 12 19 41 0 0 0 0 32 11 0 0 0 12 31 16 0 0 41 0 0 0 0 2 41 0 0 0 0 0 25 0 0 2 2 0 30 22 0 0 0 0 0 0 0 0 0 0 0 0 0 0 0 0 0 0 0 0 0 0 0 0 0 0 0 0 0 0 0 0 0 18 10 2 1 1 0 0 5 9 0 0 0 0 0 0 0 0 0 2 0 0 0 0 0 0 0 0 0 0 0 0 0 2 0 0 0 0 
 2 0 1 17 97 222 0 0 87 0 1 2 0 0 0 62 166 81 2 0 70 57 140 89 294 42 70 98 127 99 49 399 255 301 387 335 108 47 0 381 2 2 0 0 37 0 9 3 0 0 0 0 0 6 0 0 0 0 0 4 0 2 2 0 13 0 0 7 0 0 0 2 3 4 0 0 3 2 3 0 0 0 0 12 22 14 0 0 0 27 13 13 0 0 0 0 0 0 0 2 47 52 11 0 0 0 0 10 17 26 21 0 0 13 25 0 6 19 15 1 0 0 0 0 0 0 0 0 0 0 0 0 0 0 0 0 0 0 0 0 0 13 0 0 0 0 0 0 0 0 0 0 0 0 0 0 0 6 0 0 0 4 22 18 21 19 0 0 38 0 0 15 2 0 26 0 0 0 0 0 13 8 0 0 0 0 44 48 13 0 0 0 10 19 14 0 1 0 1 51 0 0 0 0 0 0 0 0 0 0 0 0 0 0 0 1 0 0 49 0 0 0 0 0 0 0 1 0 0 0 0 0 3 0 0 0 0 0 0 6 0 10 0 0 0 0 79 0 74 0 0 0 0 0 9 0 2 0 12 0 24 1 15 39 0 0 0 0 0 0 0 0 0 0 0 0 13 0 0 0 0 0 0 0 0 0 0 0 0 0 
 0 0 5 15 151 117 0 2 85 1 0 0 0 0 0 0 98 75 0 0 147 245 45 243 92 240 133 119 250 92 262 233 190 382 371 205 141 225 381 0 0 2 0 0 2 0 3 3 0 26 0 3 0 0 0 0 0 0 2 0 0 34 2 0 4 0 0 3 0 0 0 2 3 3 0 0 0 3 3 0 0 0 0 12 21 22 0 0 0 0 8 28 0 0 0 0 0 0 0 0 40 7 13 4 1 0 0 1 18 30 24 0 0 13 9 0 14 12 14 12 0 0 0 0 0 0 0 0 0 0 0 10 0 0 0 0 0 9 0 0 0 0 0 0 0 2 0 0 0 0 0 0 0 0 0 0 0 5 0 0 0 5 12 18 17 24 0 0 0 0 0 0 0 0 26 0 0 1 14 0 13 9 12 0 0 0 23 17 25 26 8 0 0 31 19 12 1 0 6 24 0 0 0 0 0 0 0 0 0 0 0 0 0 0 0 28 0 0 0 0 0 0 0 0 0 0 0 0 0 19 0 0 0 0 0 0 0 0 0 0 0 0 1 0 0 1 78 0 0 0 0 0 0 0 13 1 2 0 75 5 13 0 0 0 0 0 38 0 0 0 0 0 0 0 0 0 0 0 0 14 0 0 0 0 0 0 0 0 0 0 
 3 2 2 4 3 2 2 68 3 4 5 3 2 3 2 6 4 5 2 2 0 2 2 1 2 126 2 2 2 2 45 2 2 0 0 2 2 0 2 0 0 70 80 63 37 248 156 116 100 40 25 260 199 140 42 245 34 68 213 37 0 0 0 8 1 0 2 16 0 0 0 0 0 2 0 0 207 0 0 3 0 0 0 0 0 0 0 12 0 0 0 0 0 0 0 0 0 0 0 0 0 0 0 0 29 0 0 0 0 0 21 0 0 0 0 0 0 0 0 0 2 0 9 19 0 0 19 20 0 0 0 8 62 30 22 0 0 9 2 23 0 0 20 8 5 0 0 0 0 0 1 1 0 0 0 0 0 0 0 0 0 0 0 0 0 0 2 0 0 0 0 0 0 0 0 0 0 0 0 0 0 13 0 0 9 19 12 0 0 0 0 0 0 0 0 0 0 0 0 0 27 50 14 10 6 0 0 0 0 0 1 0 12 19 15 7 8 0 0 0 0 0 0 0 0 13 0 0 0 0 0 0 0 0 0 0 0 0 0 0 0 0 0 0 0 0 0 0 0 0 0 20 0 0 0 0 0 0 2 0 0 0 0 1 68 2 0 0 2 0 0 0 0 0 0 0 0 0 0 0 0 0 0 0 2 0 0 0 0 0 
 0 35 0 0 0 0 0 0 0 0 0 0 0 0 0 0 0 0 0 0 2 5 5 10 2 35 2 2 39 15 26 30 2 2 2 5 2 8 2 2 70 0 279 49 244 23 426 902 185 51 91 41 318 360 197 109 90 128 41 102 0 0 0 0 0 0 1 0 0 18 0 0 1 0 0 0 0 0 1 3 0 0 0 0 0 0 1 0 0 0 0 0 0 0 0 0 0 0 0 6 22 0 0 0 0 6 0 0 0 8 0 0 0 0 0 0 0 3 0 0 15 19 0 10 1 54 10 0 12 27 1 0 0 0 10 28 20 0 0 11 0 0 0 0 0 1 0 0 0 0 0 0 0 0 0 0 0 0 0 0 0 0 0 4 0 0 0 0 0 0 0 0 0 26 0 0 1 0 0 0 0 0 0 0 22 0 0 0 0 19 0 0 0 0 0 0 0 0 0 0 6 0 0 0 5 12 6 16 46 9 14 8 13 0 54 12 26 28 50 4 0 0 0 0 0 0 1 0 0 0 0 0 0 0 0 0 0 0 1 0 0 0 0 0 0 0 0 0 0 0 0 5 0 1 0 0 0 0 0 7 0 0 1 65 3 1 0 0 0 0 0 0 0 0 0 0 0 0 0 0 0 0 0 0 0 8 0 0 1 0 
 0 0 0 3 0 0 0 0 0 0 0 0 0 0 0 3 0 0 0 0 0 0 0 0 0 11 0 0 0 0 0 0 0 0 0 1 0 0 0 0 80 279 0 78 44 100 87 227 221 156 122 130 58 94 187 138 248 106 32 50 0 0 0 0 0 0 2 0 0 0 0 0 21 0 1 1 0 0 2 58 8 0 0 0 0 0 0 0 0 0 0 7 0 0 0 0 0 0 0 0 0 0 0 0 0 0 0 0 0 0 0 9 0 0 0 0 0 0 0 0 27 11 0 3 2 0 4 3 20 30 34 17 0 14 14 34 10 0 0 13 1 0 0 0 15 11 0 0 0 5 0 0 0 0 0 0 0 0 0 0 0 0 0 0 0 0 0 0 0 0 0 0 0 0 0 0 0 0 0 0 0 0 0 0 0 0 1 0 0 0 0 0 0 0 0 0 0 0 0 0 1 0 0 26 15 44 0 33 32 24 3 5 26 0 30 0 18 34 0 0 0 0 0 0 0 0 29 0 0 13 0 0 45 0 0 0 0 0 0 20 0 0 0 0 0 0 0 0 0 0 0 14 0 0 0 0 0 0 0 21 0 0 34 0 0 7 2 2 0 0 0 0 0 0 0 0 0 0 0 0 0 0 0 0 21 20 0 11 2 0 
 3 3 22 3 3 3 7 5 10 4 6 3 7 3 3 4 3 9 3 5 0 0 0 0 0 0 0 9 0 0 0 0 0 0 0 0 0 0 0 0 63 49 78 0 218 53 114 82 290 228 95 46 72 97 49 190 98 343 69 66 0 0 0 1 0 0 21 0 4 0 0 0 51 1 65 0 1 2 0 51 0 0 27 0 0 0 4 3 3 0 4 0 2 0 0 0 0 5 0 0 0 0 0 0 0 0 0 0 0 0 0 0 0 0 0 0 0 0 3 0 0 0 0 0 41 0 0 0 0 0 32 12 0 0 0 0 0 0 0 0 18 23 0 0 0 6 0 22 0 10 0 0 7 1 0 5 19 14 10 20 3 2 0 15 0 5 0 5 0 0 0 0 0 9 5 5 0 0 0 0 0 0 0 0 0 0 0 0 43 0 0 0 0 0 0 0 0 0 0 0 0 0 0 0 5 25 0 0 0 0 0 7 0 0 0 0 0 0 7 0 1 15 0 0 0 0 32 19 32 1 1 0 15 19 0 21 0 9 19 18 0 0 1 0 0 0 0 0 0 0 0 7 0 2 0 0 0 0 0 2 0 0 0 0 2 10 0 0 0 0 0 0 0 0 0 0 0 0 0 0 0 1 0 0 0 0 0 0 2 1 
 0 3 0 0 0 0 0 0 3 3 0 0 0 0 3 2 0 0 0 0 2 2 2 2 2 3 2 2 5 2 2 2 2 2 2 2 2 2 37 2 37 244 44 218 0 142 266 286 81 76 117 36 48 67 61 109 345 42 67 275 50 0 0 0 0 0 21 0 0 0 0 0 52 27 77 55 0 0 149 0 0 0 0 0 0 0 0 0 0 0 0 0 0 0 0 0 0 0 0 0 0 0 0 0 0 0 0 0 0 0 0 0 0 0 0 0 0 0 0 0 0 0 0 0 41 18 0 0 0 0 0 0 0 0 0 0 0 0 0 0 47 24 0 11 0 0 0 49 0 14 0 72 10 6 16 0 21 0 4 40 0 0 0 0 0 4 13 4 0 0 0 0 0 0 18 0 0 7 0 0 12 0 0 0 0 0 0 0 0 0 0 0 0 0 0 0 0 0 0 0 0 0 0 0 24 18 0 0 0 0 0 0 0 0 0 0 0 0 0 0 13 7 0 0 0 0 24 9 11 11 21 0 1 0 33 19 0 9 35 9 9 0 0 0 0 0 0 0 0 0 0 32 0 0 0 0 0 0 0 1 0 0 1 0 0 15 2 0 0 0 0 0 0 0 0 0 0 0 0 0 0 0 0 0 0 0 0 6 10 0 
 0 0 3 3 0 0 0 0 5 2 0 0 0 1 4 2 0 1 0 0 0 25 0 0 0 0 0 205 3 0 1 0 0 3 1 0 0 0 0 0 248 23 100 53 142 0 36 30 164 126 83 117 28 51 257 318 138 54 41 35 1 1 0 0 0 5 3 0 0 4 1 4 1 2 4 6 1 28 6 1 0 0 0 0 0 0 0 0 0 0 0 0 0 0 0 0 0 0 0 0 0 0 0 0 0 0 0 0 0 0 0 0 0 0 0 0 0 0 0 0 0 0 0 8 22 10 0 0 12 0 39 11 0 0 0 0 0 0 0 0 6 23 0 0 0 10 9 8 0 3 0 0 16 0 0 0 0 0 20 3 0 0 0 0 0 5 0 0 0 0 0 0 0 0 0 0 0 0 0 0 0 0 0 0 0 6 0 0 0 0 0 0 0 0 0 0 0 0 0 0 0 0 0 12 12 4 0 0 0 0 10 3 0 0 0 9 0 0 0 0 1 0 0 0 0 0 30 1 0 0 1 0 10 0 0 9 0 11 8 18 0 0 9 0 0 0 0 0 0 0 0 7 0 3 0 0 0 0 0 3 0 13 67 0 0 14 2 1 7 0 0 0 0 0 0 0 0 0 0 0 0 0 0 0 10 0 0 0 2 0 
 0 0 0 0 0 0 0 0 4 0 0 0 0 3 0 0 0 0 0 23 3 10 4 3 3 119 3 3 3 3 67 3 3 3 3 3 3 4 9 3 156 426 87 114 266 36 0 169 123 190 365 49 226 150 367 70 50 66 170 340 0 0 0 5 3 0 2 7 0 0 0 2 0 0 0 1 0 2 3 3 3 1 0 0 0 0 1 0 0 0 0 0 0 0 0 0 0 0 0 0 0 0 0 0 1 0 0 0 0 0 0 0 0 0 0 0 0 0 0 0 25 20 8 9 0 65 15 0 26 0 0 0 1 8 12 10 10 8 0 16 0 0 0 0 0 0 0 0 0 0 0 0 17 0 0 0 0 0 0 12 0 0 0 4 0 0 0 0 0 0 0 0 0 6 0 0 0 0 4 0 0 0 0 0 0 0 16 0 0 0 0 0 0 0 0 0 0 0 0 0 11 12 7 15 25 0 27 11 23 6 13 26 13 9 23 13 31 18 0 14 0 0 0 0 0 0 0 0 0 0 7 0 0 0 3 0 0 0 21 0 0 0 0 0 0 0 0 0 0 0 0 6 0 2 0 0 0 0 0 2 0 0 2 66 73 2 0 0 0 0 9 0 0 0 0 0 0 0 0 0 0 0 0 0 0 0 0 0 2 0 
 0 0 3 0 0 0 0 0 0 0 0 0 0 103 0 2 0 0 3 0 3 3 4 3 3 64 3 3 3 5 4 69 3 3 3 3 3 3 3 3 116 902 227 82 286 30 169 0 82 57 97 54 154 445 123 135 104 75 133 272 0 0 203 0 0 0 1 5 0 0 0 0 0 3 0 0 0 0 1 0 0 0 0 0 0 0 0 0 0 0 0 0 0 0 0 0 0 0 0 0 0 0 0 0 0 0 0 0 0 0 10 0 0 0 0 0 0 0 0 0 22 0 0 29 0 15 62 10 12 30 2 0 0 27 43 25 84 0 0 21 0 0 0 4 0 0 0 0 0 0 21 1 0 1 3 0 0 0 0 0 0 0 0 4 0 0 0 0 0 6 0 0 0 8 0 0 0 0 0 0 0 1 65 0 2 0 0 0 0 0 0 0 0 0 0 0 0 0 0 10 3 13 0 0 0 0 0 22 32 8 25 15 15 24 8 23 11 37 8 0 0 0 0 0 0 0 22 0 0 0 0 0 0 0 0 0 0 0 0 0 0 0 0 0 0 0 0 0 0 0 0 15 0 0 0 0 0 0 0 2 0 0 2 67 0 2 2 0 0 0 0 0 0 0 0 0 0 0 0 0 0 0 0 0 0 0 0 0 2 0 
 3 3 3 2 3 3 3 3 3 5 3 3 3 5 3 3 3 2 3 3 0 0 0 0 0 0 0 0 0 0 0 0 1 0 0 0 0 0 0 0 100 185 221 290 81 164 123 82 0 130 290 164 146 108 88 379 367 99 335 121 1 9 0 0 0 0 1 0 0 0 0 9 4 0 1 6 0 62 1 1 0 0 0 0 0 0 0 0 0 0 0 0 0 0 0 0 0 0 0 9 0 0 0 0 0 0 0 14 0 0 0 0 0 0 0 0 0 0 0 0 8 1 12 26 7 10 6 0 2 0 10 29 19 0 1 0 15 6 10 0 14 6 12 0 0 10 18 0 9 9 1 0 0 0 0 0 3 0 10 0 15 0 0 5 0 0 0 0 0 0 0 0 0 0 0 0 0 0 0 0 0 0 0 0 0 0 0 0 0 11 0 0 0 0 0 0 0 0 0 0 10 0 14 45 9 13 14 0 1 6 21 6 13 0 14 0 18 10 0 0 6 12 0 0 0 10 18 0 3 0 0 0 30 7 0 19 22 9 0 0 0 0 7 0 0 0 0 0 0 0 0 14 0 0 0 0 0 0 0 1 0 0 66 67 35 2 4 65 2 0 0 0 0 0 0 0 0 0 0 0 0 0 0 0 28 14 0 0 2 0 
 0 2 0 0 0 0 0 0 0 0 0 0 0 2 0 0 2 0 0 0 0 0 0 62 0 136 0 0 0 0 0 0 0 0 0 0 0 0 0 26 40 51 156 228 76 126 190 57 130 0 136 105 137 84 98 106 234 42 90 193 0 0 0 7 0 0 4 0 0 0 1 0 5 3 3 2 0 0 0 2 0 0 0 0 0 0 0 0 0 0 0 0 0 0 0 0 0 0 0 0 24 0 0 0 0 0 0 0 0 0 0 0 0 0 0 0 0 0 0 0 12 5 21 8 18 7 0 0 1 0 0 9 0 0 8 0 0 0 0 0 1 24 0 5 0 0 0 1 0 0 0 0 10 0 0 0 21 0 3 8 0 0 0 0 0 4 1 8 0 0 1 0 0 0 0 0 0 0 0 0 0 0 0 0 0 0 0 0 0 0 0 0 0 0 0 0 0 0 0 0 1 0 13 0 33 9 11 15 37 22 10 12 0 0 10 0 10 17 0 12 0 0 0 0 0 0 0 7 0 0 0 0 11 0 0 0 0 0 14 0 0 0 0 0 0 0 0 0 0 0 0 9 0 0 0 0 0 0 0 10 1 0 0 0 1 0 0 64 0 0 7 0 0 0 0 0 0 0 0 0 0 0 0 0 0 16 0 0 1 0 
 0 0 0 0 0 0 0 0 0 3 0 0 0 3 0 0 0 0 0 0 0 2 0 0 0 0 0 2 0 0 0 0 0 0 0 0 0 0 0 0 25 91 122 95 117 83 365 97 290 136 0 123 328 284 112 100 409 40 54 140 1 8 0 0 0 0 27 0 0 0 0 0 10 3 23 17 0 8 1 3 0 0 0 0 0 0 0 0 0 0 0 0 0 0 0 0 0 0 0 0 0 0 0 0 0 0 0 0 0 0 0 0 0 0 0 0 0 0 0 0 0 20 10 13 0 7 13 0 64 0 1 2 0 0 20 9 8 1 0 0 1 6 10 0 0 2 6 0 9 1 0 0 0 0 0 0 0 0 4 0 1 0 0 6 0 0 0 6 0 0 0 0 0 7 0 0 0 0 0 0 0 0 0 0 0 0 0 0 0 0 0 0 0 0 0 0 0 0 0 0 1 0 4 1 1 27 0 3 41 9 14 19 0 0 14 5 57 17 0 0 6 18 0 0 0 14 10 0 0 0 3 0 16 7 0 10 58 9 0 0 0 0 0 0 0 24 0 0 0 0 0 5 0 2 0 0 0 0 0 6 0 12 1 63 4 0 2 64 0 0 0 0 0 0 0 0 0 0 0 0 0 0 0 0 1 7 0 0 2 0 
 0 0 1 0 0 40 0 0 0 3 0 0 0 2 0 2 0 1 0 0 0 37 7 0 0 1 32 5 0 0 0 0 0 0 0 3 4 0 0 3 260 41 130 46 36 117 49 54 164 105 123 0 32 37 97 189 181 131 37 238 2 0 0 0 0 0 47 0 0 0 0 2 45 53 1 4 0 0 0 5 0 0 0 0 0 0 0 0 0 0 8 0 0 0 0 0 0 0 0 0 0 0 0 18 0 0 19 0 7 0 0 0 0 0 3 0 0 0 0 8 0 0 12 14 1 0 0 0 8 18 20 16 0 0 14 8 9 0 0 12 11 0 20 12 0 12 0 24 0 27 0 0 0 0 0 0 14 2 1 19 0 0 0 0 14 0 0 5 0 0 0 0 0 0 0 0 0 0 0 0 13 0 0 0 0 0 0 0 6 4 8 0 0 5 22 0 0 0 6 1 0 0 11 20 18 10 0 0 14 9 0 0 0 0 1 1 9 0 0 0 17 0 0 0 0 0 8 42 4 0 0 14 57 0 0 0 0 13 0 0 0 0 0 0 0 1 0 0 0 0 0 18 0 2 0 0 0 0 0 0 0 0 35 0 0 0 2 13 0 0 0 0 0 0 0 0 0 0 0 0 0 3 0 0 21 1 0 0 2 0 
 0 0 0 0 0 0 0 0 0 0 0 0 0 0 0 0 0 0 0 0 0 3 0 60 20 34 0 0 0 64 105 0 0 0 0 1 0 64 0 0 199 318 58 72 48 28 226 154 146 137 328 32 0 311 183 27 45 112 128 179 0 0 0 4 2 1 0 10 0 0 0 0 0 0 0 0 0 0 3 0 0 0 0 0 0 0 0 0 0 0 0 0 0 0 0 0 0 0 0 0 0 0 0 0 23 10 0 0 0 0 0 40 14 0 0 0 12 0 0 0 33 21 18 19 0 25 39 13 32 0 2 0 36 14 14 0 33 8 0 8 0 0 0 0 0 0 0 0 0 0 0 0 0 0 9 0 0 0 0 0 0 0 0 3 0 0 0 0 0 0 0 0 0 2 0 0 0 0 0 0 0 0 8 0 10 4 0 0 0 0 0 2 0 0 0 0 0 7 0 0 22 23 14 12 0 0 28 13 28 10 4 35 1 18 8 14 3 15 14 17 0 0 0 0 0 0 0 0 0 0 0 0 0 0 0 0 0 0 0 0 0 0 0 0 0 0 0 0 0 0 0 2 0 0 0 0 0 0 0 0 0 0 0 41 2 0 0 0 0 0 0 0 0 0 0 0 0 0 0 0 0 0 0 0 0 0 0 0 2 0 
 0 0 0 0 0 0 0 0 0 0 0 3 0 3 0 0 0 0 0 0 0 63 63 0 0 3 0 0 0 0 0 58 0 0 0 0 0 0 6 0 140 360 94 97 67 51 150 445 108 84 284 37 311 0 102 64 54 118 333 185 0 0 0 0 0 0 1 0 0 0 0 0 1 0 0 1 0 0 2 5 0 0 0 0 0 0 0 0 0 0 0 0 0 0 0 0 0 0 0 0 0 0 0 0 0 1 0 0 0 0 8 0 0 0 0 22 0 0 0 0 19 41 17 2 5 0 11 43 10 12 0 9 35 13 1 7 7 32 14 23 0 0 0 49 0 0 0 0 5 0 2 0 0 1 33 0 0 0 0 0 0 0 0 0 0 0 9 0 0 0 5 0 0 0 0 0 0 0 0 0 0 0 0 0 0 0 0 0 0 0 0 0 0 0 0 0 0 0 0 0 13 51 56 6 7 17 0 38 11 5 24 4 28 7 48 6 0 28 8 1 0 0 1 0 0 0 0 0 0 0 0 0 0 0 0 0 0 0 0 0 0 0 0 0 0 0 0 0 0 0 0 6 2 0 0 0 0 0 0 2 0 0 0 0 36 1 1 0 1 0 0 0 0 0 0 0 0 0 0 0 0 0 0 0 16 7 0 0 2 0 
 0 0 2 0 0 0 0 0 2 28 0 0 0 0 5 4 0 0 0 0 0 0 0 56 0 63 0 0 2 0 35 0 0 0 0 0 0 0 0 0 42 197 187 49 61 257 367 123 88 98 112 97 183 102 0 151 85 83 141 305 0 0 0 10 17 0 1 18 0 0 0 0 1 2 0 0 0 0 1 0 0 0 0 0 0 0 0 0 0 0 0 0 0 0 0 0 0 0 0 0 0 0 0 0 19 0 0 0 0 0 0 0 0 0 0 0 0 0 0 0 3 0 0 17 7 25 13 0 16 6 34 14 21 16 12 18 48 0 0 13 0 0 0 0 0 7 0 0 0 14 0 0 0 0 0 0 0 0 13 0 0 0 0 3 0 0 0 0 0 0 0 0 0 7 0 0 0 0 0 0 0 0 0 0 0 19 0 0 0 0 0 0 0 0 0 0 0 0 0 0 24 17 0 2 0 0 0 0 21 9 0 5 1 19 8 14 39 10 0 0 0 0 0 0 0 0 12 0 0 0 0 0 1 0 0 0 0 0 0 0 0 0 0 0 0 0 0 0 0 0 0 7 0 0 0 0 0 0 0 1 0 0 65 64 2 1 0 0 0 0 0 0 0 0 0 0 0 0 0 0 0 0 0 0 11 0 0 0 2 3 
 0 0 0 0 0 0 0 0 2 0 0 0 0 0 3 2 0 0 0 0 0 0 0 0 64 0 0 0 4 0 0 0 3 5 0 0 0 0 0 0 245 109 138 190 109 318 70 135 379 106 100 189 27 64 151 0 160 161 251 68 2 0 0 3 48 0 1 0 2 0 0 0 0 23 0 0 3 1 3 0 0 0 0 0 0 0 0 0 0 0 0 0 0 0 0 0 0 0 0 0 0 0 0 0 7 0 0 0 0 0 0 0 0 0 0 0 0 0 0 0 12 1 0 20 36 18 0 1 1 17 47 81 0 10 1 32 21 0 10 0 0 0 0 0 0 14 0 0 0 5 0 0 26 2 0 7 8 0 18 0 22 0 0 0 0 0 0 0 0 0 0 0 0 0 0 0 0 0 0 0 0 0 0 0 12 0 0 0 0 0 0 0 0 0 0 0 0 0 0 0 0 1 0 14 7 1 13 1 0 23 17 12 0 0 2 13 11 1 0 9 0 9 3 0 0 0 53 20 20 0 0 0 17 0 0 9 0 0 0 0 0 0 0 0 0 0 0 0 0 0 0 19 0 2 0 0 0 0 0 0 0 0 63 1 2 1 2 0 0 0 0 0 0 0 0 0 0 0 0 0 0 0 0 0 12 0 0 0 2 0 
 0 2 0 1 0 0 0 0 3 3 0 0 0 3 0 2 0 0 0 0 0 0 0 0 0 0 0 0 0 0 0 22 2 0 0 1 0 0 0 0 34 90 248 98 345 138 50 104 367 234 409 181 45 54 85 160 0 63 13 27 0 0 0 0 0 0 1 0 0 0 0 1 51 2 0 4 0 0 0 5 0 0 0 0 0 0 0 0 0 0 0 0 0 0 0 0 0 0 0 0 0 0 0 0 0 0 0 0 0 0 0 0 0 0 0 0 0 0 0 0 0 0 12 18 34 0 0 0 8 0 35 13 0 0 14 8 16 0 0 0 5 15 0 0 0 7 0 0 0 6 0 0 13 0 0 0 0 0 10 0 0 0 0 0 0 3 0 0 0 0 0 0 0 0 0 0 0 0 0 0 0 0 0 0 0 0 0 0 0 0 0 0 0 0 0 0 0 0 0 0 0 0 11 19 5 9 0 0 14 9 0 0 0 0 1 1 9 0 0 0 0 0 0 0 0 0 37 0 0 0 0 0 27 0 0 19 0 9 13 11 0 0 0 0 0 0 0 0 0 0 0 16 0 0 0 0 0 0 0 0 0 0 63 0 0 9 5 8 0 0 0 0 0 0 0 0 0 0 0 0 0 0 0 0 19 3 0 0 1 0 
 2 2 5 2 2 2 2 2 46 5 3 2 2 2 2 3 2 2 4 2 0 0 0 0 0 69 0 0 0 3 0 0 0 0 0 0 0 0 0 0 68 128 106 343 42 54 66 75 99 42 40 131 112 118 83 161 63 0 89 43 0 0 0 0 0 0 3 0 0 0 0 0 0 1 0 0 0 2 3 0 0 0 0 0 0 0 0 0 0 0 0 0 0 0 0 0 0 0 0 0 0 0 0 0 0 0 0 0 0 0 0 8 0 0 0 0 0 0 0 0 0 0 10 38 20 4 14 0 20 12 15 28 23 0 25 13 12 11 11 43 0 0 0 0 0 5 0 0 0 9 0 0 6 11 0 13 19 0 0 10 0 0 0 11 0 0 0 0 0 0 0 0 0 5 0 0 0 1 0 0 0 0 0 0 0 0 0 0 0 0 0 0 0 0 0 0 0 0 0 0 7 20 18 14 40 0 0 0 46 0 1 28 13 0 15 3 82 12 0 0 0 4 2 0 0 0 0 18 19 0 0 1 0 17 0 3 0 0 0 0 0 0 1 0 0 0 0 0 0 0 0 5 0 1 0 0 0 0 0 4 0 1 89 76 64 1 2 0 0 0 0 0 0 0 0 0 0 0 0 0 0 0 0 0 20 0 0 0 0 0 
 0 2 0 0 0 0 0 0 0 0 0 5 0 0 5 0 0 1 0 0 0 0 62 55 0 79 0 0 3 70 152 0 0 0 62 0 1 25 0 2 213 41 32 69 67 41 170 133 335 90 54 37 128 333 141 251 13 89 0 157 0 6 0 2 0 0 1 19 0 0 0 0 15 1 0 0 23 0 2 0 0 0 0 0 0 0 0 0 0 0 0 0 11 0 0 0 0 0 0 0 0 0 0 13 0 7 0 0 14 18 0 0 0 0 18 1 12 0 0 0 22 0 3 0 0 50 2 1 0 0 0 0 27 14 0 1 0 4 9 22 7 4 4 0 0 0 4 0 4 0 0 6 2 0 0 4 0 0 12 0 0 0 0 0 0 0 0 0 0 0 1 0 0 0 0 0 0 0 10 0 0 6 16 11 6 0 0 0 0 9 26 10 0 0 0 2 0 10 0 0 5 49 14 14 4 0 0 8 0 1 17 0 47 29 13 1 0 15 0 0 5 6 0 0 0 0 0 9 1 4 6 0 6 5 2 2 7 0 0 1 0 0 0 0 0 0 0 0 0 0 0 19 0 0 0 0 0 0 0 0 0 9 2 0 38 1 1 0 0 0 0 0 0 0 0 0 0 0 0 0 0 0 0 0 8 0 0 0 2 0 
 0 8 2 25 8 0 0 0 1 5 5 2 0 0 9 9 10 0 0 0 0 0 70 18 1 62 0 2 0 0 1 0 6 0 1 2 0 54 4 0 37 102 50 66 275 35 340 272 121 193 140 238 179 185 305 68 27 43 157 0 2 2 2 6 1 4 4 2 2 2 1 1 0 2 2 2 2 2 7 2 0 0 7 5 3 6 0 0 0 4 0 3 0 0 0 19 4 0 0 0 0 0 0 0 10 15 21 0 0 0 0 24 0 0 0 7 19 0 0 0 8 10 9 0 0 28 0 6 0 0 0 0 10 0 0 0 0 9 0 0 0 0 0 0 0 0 0 0 0 0 0 0 0 0 0 0 0 0 0 0 1 0 42 19 0 6 3 0 5 5 12 4 0 0 0 0 0 6 0 4 0 0 0 0 0 10 4 6 0 0 13 5 5 0 0 0 9 9 0 0 16 11 20 9 22 0 22 12 14 8 6 19 0 9 10 0 1 12 10 14 0 0 0 0 0 0 0 0 0 0 0 0 0 0 0 0 0 0 21 0 0 0 0 0 0 0 6 0 0 0 0 7 0 0 0 0 0 0 0 0 0 0 7 0 70 2 2 0 0 0 10 0 0 0 0 1 0 0 0 0 0 0 0 0 0 0 0 0 2 2 
 2 2 4 2 2 2 6 2 4 2 2 2 2 2 2 2 2 2 2 8 0 0 0 0 0 0 0 0 3 0 0 0 0 0 12 0 0 0 0 0 0 0 0 0 50 1 0 0 1 0 1 2 0 0 0 2 0 0 0 2 0 174 80 40 29 32 73 98 41 100 29 86 174 104 67 109 71 86 105 170 0 0 0 0 0 0 0 0 4 0 0 0 0 0 0 0 0 0 0 0 0 0 0 0 0 0 0 0 0 0 0 0 0 0 0 0 0 0 0 1 0 0 0 0 0 9 0 0 0 15 0 0 0 0 0 0 0 0 0 0 0 0 0 1 9 0 24 0 12 9 8 23 0 30 8 4 17 16 0 3 4 0 0 0 0 0 7 0 0 0 0 0 0 0 0 0 0 0 0 0 0 0 0 7 0 0 0 0 0 0 0 0 0 0 0 0 0 0 0 0 0 0 23 0 0 8 0 0 0 0 0 0 0 0 0 0 0 0 0 0 14 15 11 8 14 0 0 8 28 8 11 31 24 26 34 8 73 7 0 10 0 0 0 0 0 0 0 0 0 2 0 0 0 0 4 0 0 0 0 0 0 0 0 0 0 0 8 1 0 0 4 0 0 1 3 0 0 0 0 0 0 0 0 0 0 0 0 11 0 0 
