 0 283 165 38 111 41 126 129 60 84 36 56 138 39 324 24 158 37 46 132 2 8 4 0 2 1 4 4 0 2 0 0 0 2 0 4 0 3 3 2 1 2 3 0 0 0 0 0 0 0 0 3 4 3 0 0 0 0 2 0 0 0 0 2 3 3 0 0 4 0 9 6 0 0 3 1 0 0 0 3 0 1 18 0 0 15 11 20 35 19 17 37 26 12 17 26 9 15 12 29 0 0 0 0 0 0 0 0 0 0 0 0 0 0 0 0 0 0 0 1 0 0 0 0 0 0 0 2 0 0 0 0 0 0 0 0 0 0 0 0 0 0 0 2 1 0 0 0 0 0 0 0 0 0 0 0 0 0 0 0 35 31 45 0 7 10 11 0 0 14 14 10 0 0 2 14 13 7 0 5 0 0 0 0 0 0 1 0 0 0 0 0 0 0 0 1 0 0 0 0 0 0 0 0 0 18 0 0 0 0 15 0 0 0 0 0 0 0 0 7 0 0 0 0 0 0 0 0 2 0 0 0 0 0 0 0 0 0 0 0 0 0 0 0 0 2 2 0 1 0 0 11 0 0 0 0 0 0 0 0 0 0 0 38 0 0 0 0 0 0 0 0 0 0 0 0 0 0 0 0 0 0 0 0 0 0 0 0 0 0 
 283 0 100 57 261 256 163 79 298 255 265 108 319 520 194 39 343 249 208 148 2 0 6 5 0 0 0 3 6 6 0 0 0 0 4 11 0 0 3 0 0 0 6 6 6 0 0 0 0 4 6 3 0 0 0 0 4 1 3 5 0 0 0 0 3 0 0 0 0 0 0 3 0 0 3 2 0 0 4 0 49 16 11 45 0 0 23 18 2 0 15 12 10 76 39 0 52 1 17 34 0 0 0 0 0 0 0 2 0 0 0 0 0 0 0 0 0 0 0 0 16 0 0 0 0 20 0 0 0 0 5 0 0 0 0 0 0 0 0 0 0 0 0 0 0 0 0 0 1 0 0 0 0 0 0 0 0 0 0 0 2 34 45 0 0 0 0 11 9 19 26 0 21 34 0 11 36 17 0 0 0 0 0 0 0 0 0 0 0 0 0 0 0 0 0 0 0 0 0 11 0 0 0 0 0 0 0 0 0 0 0 0 0 0 0 0 0 2 0 0 0 0 0 0 0 0 0 0 0 0 0 0 0 0 14 0 0 0 0 0 0 23 0 0 0 2 0 0 0 0 0 7 0 0 0 0 0 2 0 0 0 0 0 0 0 0 0 3 0 0 0 0 0 0 0 22 10 25 0 0 0 0 0 0 0 0 0 0 0 0 
 165 100 0 222 203 118 110 278 70 161 47 34 51 46 76 176 26 46 31 57 99 2 0 0 0 0 75 6 2 0 0 0 43 0 73 4 0 102 161 1 2 0 3 0 0 1 2 1 0 5 3 4 0 0 2 0 0 7 3 1 1 0 0 0 3 1 1 0 0 0 0 3 0 0 4 6 5 0 0 34 19 24 32 19 56 47 0 19 0 50 35 48 0 9 21 16 0 54 0 1 0 0 0 0 0 0 25 0 0 0 0 0 0 17 0 0 5 0 10 1 0 0 2 0 2 0 0 0 0 1 0 0 0 0 0 0 0 0 0 1 0 0 0 0 0 0 0 1 0 0 0 0 0 0 0 0 0 0 0 0 6 0 11 0 0 14 0 19 11 55 0 36 0 19 2 14 17 37 0 0 0 0 0 0 2 0 0 0 0 0 0 0 26 8 16 0 9 2 16 42 0 0 0 0 0 0 0 0 0 0 15 0 0 2 2 0 0 0 0 0 0 0 0 0 2 0 1 0 0 0 0 0 0 0 0 0 0 0 0 0 0 0 0 0 0 2 1 0 89 1 0 15 15 0 0 0 0 1 0 0 20 0 19 0 0 0 0 0 0 0 0 0 0 0 0 0 57 0 0 0 0 0 0 0 0 0 0 0 0 0 
 38 57 222 0 164 132 181 204 246 90 376 268 261 190 36 222 25 35 67 41 73 0 0 0 3 5 9 106 0 4 105 0 3 0 2 0 78 3 76 74 0 1 3 0 0 0 0 3 0 0 0 0 3 0 0 0 0 3 4 0 14 0 1 51 10 1 23 0 2 0 3 2 0 27 0 0 8 6 0 2 9 27 0 26 20 20 0 0 10 15 8 7 0 12 2 11 10 39 0 0 28 11 0 0 0 0 0 0 0 0 2 0 12 0 0 3 0 1 26 15 0 0 0 16 0 0 0 0 0 0 0 0 0 0 0 0 0 0 0 0 0 0 0 1 0 0 0 0 0 0 0 9 0 0 0 0 0 0 0 0 15 6 0 0 13 0 0 9 10 3 17 0 0 15 30 25 0 18 0 0 0 18 0 0 0 0 0 16 0 0 0 0 0 0 0 2 0 0 20 0 0 0 0 0 0 0 0 0 0 0 20 0 1 0 0 0 0 0 0 0 0 0 0 0 0 0 0 0 1 0 0 0 0 0 0 0 0 0 0 0 0 0 0 0 0 3 2 1 1 5 0 5 0 1 0 0 1 0 0 0 0 0 8 0 1 0 0 0 0 0 0 0 0 0 0 11 0 0 0 0 0 0 0 0 0 0 0 0 0 0 
 111 261 203 164 0 266 52 72 386 224 185 83 78 73 81 257 151 205 72 64 7 2 1 0 0 1 163 70 1 0 0 0 172 76 158 77 0 0 77 22 0 2 3 0 0 0 0 0 0 0 0 3 0 0 0 0 0 0 2 0 7 0 0 0 3 1 8 0 0 1 0 3 0 0 3 0 3 2 0 0 1 13 14 0 1 9 0 0 11 23 2 19 0 0 0 0 0 1 0 0 13 14 0 0 0 0 19 15 10 0 0 22 30 26 0 20 0 2 10 0 14 0 0 0 0 0 0 0 0 0 0 0 0 0 0 0 0 0 0 0 0 0 0 0 0 0 0 7 0 0 0 0 0 0 0 0 0 0 0 0 0 0 0 0 38 11 0 8 26 0 0 10 0 0 0 0 0 0 0 0 0 16 20 0 0 1 1 7 0 0 4 0 60 0 0 1 10 21 73 17 13 0 0 0 0 0 6 0 0 0 0 7 0 0 0 0 0 0 0 0 0 0 0 0 0 0 0 0 0 1 0 0 0 0 0 0 0 0 0 0 0 0 0 0 0 2 5 0 0 0 1 6 0 0 1 0 0 0 0 0 0 0 1 0 0 0 0 0 0 0 0 0 0 0 0 0 0 0 0 0 0 0 0 0 0 0 0 0 0 0 
 41 256 118 132 266 0 56 389 127 236 182 71 30 60 53 196 69 112 50 58 72 60 80 0 1 4 21 62 0 2 0 0 34 1 17 3 0 0 66 149 0 0 5 0 0 0 0 0 56 0 0 3 0 0 0 0 0 0 3 0 1 0 0 0 3 0 1 0 0 0 0 3 0 0 3 2 1 0 0 0 38 18 18 0 41 30 0 0 12 19 11 30 0 11 18 0 0 31 0 0 19 20 0 6 0 1 23 0 0 14 0 18 30 15 0 1 1 0 5 15 0 0 0 0 0 0 0 0 0 0 0 0 0 0 2 0 0 0 0 0 0 0 0 0 0 0 0 0 0 0 0 12 5 0 0 0 0 3 0 0 0 0 0 19 0 0 0 7 12 0 10 21 0 0 0 0 0 14 0 0 1 0 11 9 0 0 21 13 0 3 0 0 17 24 13 0 0 0 11 6 1 0 0 0 0 0 0 0 0 0 0 0 0 0 0 0 0 0 0 0 0 0 0 0 0 0 0 1 0 0 0 0 19 0 0 0 0 0 0 0 0 0 0 0 0 13 1 1 95 13 23 3 103 0 0 0 0 0 0 0 0 0 46 0 0 0 2 0 0 0 0 0 0 0 0 0 25 0 0 0 0 16 0 0 0 0 0 0 0 0 
 126 163 110 181 52 56 0 270 312 35 40 44 150 227 171 36 36 13 136 189 5 0 0 0 3 0 0 3 0 0 2 0 0 0 0 80 0 3 3 0 0 0 2 0 3 2 0 0 3 2 0 3 0 3 0 0 3 6 3 0 0 0 0 0 6 0 0 0 5 0 0 4 0 0 3 5 0 0 0 0 18 12 0 19 8 27 11 57 0 0 10 19 0 12 12 24 0 10 0 22 0 0 0 0 0 0 0 0 0 0 0 0 0 0 0 0 0 0 0 0 0 0 0 0 0 0 0 0 2 0 1 0 0 0 0 0 0 0 0 0 2 0 0 0 0 0 0 0 0 0 0 0 0 0 0 2 0 0 0 0 0 10 6 0 0 15 0 0 0 23 7 22 12 30 12 8 2 34 5 0 0 0 37 0 0 0 0 0 0 0 0 0 0 0 0 0 0 0 0 0 0 2 0 0 0 2 0 0 0 0 4 0 0 0 0 0 0 0 0 0 0 0 0 0 0 0 0 0 0 0 0 0 0 0 0 0 0 0 0 0 0 0 0 0 0 2 0 0 1 0 0 14 0 0 0 0 0 0 0 0 0 0 14 0 0 0 0 0 0 0 0 0 0 0 0 3 0 11 0 0 0 0 0 0 0 1 0 0 0 0 
 129 79 278 204 72 389 270 0 184 143 43 154 68 93 130 114 31 56 71 144 2 0 0 0 0 2 1 3 0 0 2 45 0 0 0 3 0 1 6 0 2 2 5 0 2 2 0 0 0 0 0 3 0 1 0 0 0 5 1 0 0 1 0 0 3 0 0 0 0 3 0 5 0 0 3 0 0 0 3 0 26 12 18 29 25 15 2 9 12 25 7 32 26 34 1 30 11 29 0 48 1 0 0 0 0 0 16 0 0 0 0 0 27 0 0 0 0 0 1 24 0 0 0 0 0 0 0 0 0 0 0 0 0 0 0 0 0 0 0 0 0 0 0 0 0 0 2 0 13 0 0 1 0 0 0 0 0 0 0 1 26 15 1 11 13 10 0 10 15 11 15 35 0 23 39 0 0 49 0 0 0 1 0 0 58 0 2 0 0 0 0 0 0 0 0 0 0 0 0 0 18 0 0 0 0 0 0 0 0 0 13 0 0 0 0 0 13 0 0 0 0 0 0 0 0 0 0 0 0 0 0 0 0 0 0 0 0 0 0 0 0 0 0 0 0 0 0 2 1 47 2 17 17 0 0 0 0 0 0 0 0 0 9 0 0 0 0 0 0 0 0 0 0 0 0 19 18 0 0 0 0 0 0 0 0 0 0 0 0 0 
 60 298 70 246 386 127 312 184 0 97 75 13 129 340 268 176 35 193 149 154 2 0 0 0 0 1 0 4 0 0 0 0 0 0 0 3 0 1 79 0 0 2 2 0 0 0 0 0 0 0 0 3 0 0 0 0 0 3 5 1 0 0 0 0 3 0 0 0 0 0 4 3 0 0 3 2 0 0 0 0 21 28 11 21 11 22 23 0 19 5 32 1 0 25 16 0 8 28 1 18 0 23 0 0 0 0 0 0 0 0 0 0 0 0 0 0 0 0 15 0 0 0 0 0 0 0 0 2 0 0 0 0 0 7 0 0 0 0 0 0 0 0 0 0 0 0 0 0 0 0 0 4 0 22 0 0 0 0 0 0 13 65 67 0 1 6 0 5 0 15 14 0 0 34 1 23 22 32 0 0 0 23 0 0 0 0 0 7 2 0 0 0 19 0 0 0 0 0 26 0 0 0 0 0 0 0 0 0 0 0 0 0 0 0 0 0 0 0 0 0 0 0 0 0 0 0 0 0 1 0 0 0 0 14 0 0 0 0 0 0 0 0 0 0 0 0 0 0 0 89 0 10 0 0 0 0 0 0 0 0 0 0 26 0 0 0 0 0 0 0 0 0 0 0 0 0 0 26 0 0 0 0 0 0 0 0 0 0 0 0 
 84 255 161 90 224 236 35 143 97 0 150 265 41 79 80 183 247 115 59 393 2 0 0 3 3 0 2 0 1 3 2 0 17 3 77 1 0 3 72 0 2 62 0 5 7 4 0 0 0 0 0 0 0 0 3 0 0 0 0 0 4 6 0 0 0 2 0 0 0 2 0 2 5 0 0 0 0 2 0 1 0 23 0 0 13 26 16 0 36 3 68 29 51 13 0 0 0 0 0 11 0 1 0 0 0 0 16 0 0 2 0 0 1 11 2 0 11 1 7 3 0 0 0 0 0 0 0 0 0 0 0 0 0 0 0 0 1 0 0 0 0 0 0 0 0 1 0 0 0 0 1 0 0 0 0 0 0 0 0 0 2 21 38 7 15 0 0 8 7 14 1 52 0 0 0 0 74 29 0 0 0 0 0 0 0 0 10 0 0 0 0 0 74 33 16 0 0 0 17 0 11 0 0 0 0 0 0 0 0 0 0 0 0 0 0 0 0 0 0 0 0 0 0 0 0 0 0 0 0 0 0 0 0 0 0 0 0 0 0 2 0 0 0 0 0 0 2 0 0 91 1 6 14 0 0 0 2 0 0 0 0 4 0 0 0 61 0 0 0 0 0 0 0 0 0 0 0 0 0 0 0 0 0 0 0 0 0 0 0 0 
 36 265 47 376 185 182 40 43 75 150 0 238 246 33 47 150 232 344 36 64 63 0 0 0 3 1 10 3 1 0 0 0 80 91 2 5 0 0 78 1 0 9 2 0 0 0 0 0 0 3 0 3 0 0 0 0 0 0 3 0 0 0 0 0 3 0 0 0 0 0 0 3 0 0 3 1 0 32 0 0 11 7 0 10 0 17 0 12 26 63 11 1 8 10 0 0 0 34 0 2 13 1 0 0 0 0 9 15 13 2 0 0 24 0 2 11 0 1 31 1 0 0 0 0 0 0 0 0 0 2 0 0 0 0 0 0 0 0 0 0 0 0 0 0 0 0 0 3 0 0 0 10 0 0 0 0 0 6 0 0 2 16 0 23 10 12 0 4 12 14 0 10 12 0 0 0 0 0 15 13 12 25 0 0 0 0 23 24 0 0 0 0 14 0 5 0 22 0 29 0 14 0 0 0 0 0 0 0 0 0 0 0 0 0 0 0 0 0 13 0 0 9 0 1 0 0 0 0 0 0 0 0 20 0 0 0 0 7 0 2 0 0 0 0 0 2 8 0 0 96 0 13 0 2 0 0 0 0 0 1 1 0 0 0 0 0 0 0 0 0 0 0 0 0 0 0 0 0 0 0 0 0 0 0 0 0 0 0 0 0 
 56 108 34 268 83 71 44 154 13 265 238 0 49 270 63 45 307 158 51 249 76 2 0 0 2 1 77 3 76 0 5 0 0 2 6 3 0 3 76 73 0 5 3 0 0 0 0 0 0 0 0 3 3 0 3 0 0 1 2 0 0 3 0 0 3 0 0 0 0 1 1 3 0 0 3 0 0 0 0 0 9 14 5 22 1 0 13 13 0 10 13 2 25 10 0 19 11 3 0 11 10 0 0 0 0 0 0 1 0 9 0 0 9 21 11 0 0 0 27 37 0 0 0 0 0 0 0 0 0 0 0 0 0 0 0 0 0 0 0 0 0 0 0 0 0 0 0 13 2 0 0 0 0 0 0 0 0 0 0 0 16 23 0 23 10 6 0 9 10 18 24 13 13 23 21 0 0 14 0 11 28 20 14 0 0 0 20 9 0 0 0 0 2 20 10 3 0 0 31 0 1 0 0 0 0 0 0 0 0 0 0 0 0 0 0 0 0 1 0 0 0 0 0 0 0 0 0 0 0 2 0 0 0 0 0 0 0 0 0 0 0 0 18 0 0 2 87 1 6 100 22 9 0 0 1 0 0 0 0 0 0 0 0 0 3 0 2 0 0 0 0 0 11 0 0 19 0 0 0 0 0 0 0 0 0 0 0 0 0 0 
 138 319 51 261 78 30 150 68 129 41 246 49 0 221 109 33 147 221 225 249 2 0 0 0 65 0 0 3 0 0 0 0 0 0 75 3 0 1 3 0 0 2 2 0 0 0 0 0 0 0 0 3 0 0 0 0 0 1 3 4 0 0 0 0 3 0 0 0 0 0 0 3 0 0 2 2 0 0 0 0 21 15 0 21 0 0 30 31 66 0 20 2 0 17 25 23 36 0 22 13 0 14 0 0 0 0 0 0 0 0 0 0 0 0 0 0 0 0 0 0 0 0 0 0 0 0 0 0 0 0 0 0 1 9 28 2 0 0 0 0 0 2 0 0 0 0 0 0 2 0 0 0 0 21 0 0 0 9 0 0 0 61 25 0 0 0 38 24 1 20 14 0 28 14 2 7 31 0 18 4 0 0 0 0 0 0 0 0 0 0 0 0 0 0 0 0 0 0 0 0 0 0 0 0 0 0 0 0 1 0 0 0 0 0 0 0 0 0 0 0 0 0 0 0 0 0 0 0 0 0 0 0 0 2 0 0 0 0 0 0 0 18 0 0 0 2 2 0 2 0 0 10 0 0 0 0 0 0 0 0 0 0 0 0 0 0 0 0 0 0 0 0 0 0 0 9 0 15 0 0 0 0 0 0 0 0 0 0 0 0 
 39 520 46 190 73 60 227 93 340 79 33 270 221 0 98 46 176 249 233 174 2 35 11 22 0 4 5 6 1 3 4 1 0 32 17 3 2 30 6 0 2 2 3 0 0 2 0 0 3 0 0 3 0 0 3 0 0 3 0 11 0 2 0 29 3 0 0 2 0 3 0 3 0 0 58 0 0 2 2 2 18 0 10 14 0 0 10 36 10 0 19 0 6 41 18 66 42 0 68 4 9 0 0 0 0 0 0 0 0 0 0 0 0 0 0 0 0 0 0 0 0 0 1 16 1 0 0 0 0 2 0 0 0 0 0 0 0 0 0 2 0 0 2 0 0 0 0 0 0 0 0 0 0 0 0 0 0 0 0 0 22 34 39 0 1 0 0 16 1 1 10 7 21 0 0 0 24 6 4 0 0 0 0 0 0 0 0 0 0 0 0 0 0 0 0 0 0 1 0 0 0 0 0 0 0 0 0 0 0 0 0 0 0 0 1 0 0 0 0 0 0 6 0 0 1 0 2 0 0 0 0 0 0 0 0 0 0 0 0 0 0 21 0 0 0 4 0 1 1 2 0 11 0 0 0 0 0 22 0 0 0 0 0 0 0 0 0 0 0 0 0 0 0 0 0 0 0 19 0 0 0 0 0 0 0 0 0 0 0 0 
 324 194 76 36 81 53 171 130 268 80 47 63 109 98 0 63 141 116 118 188 2 36 0 2 3 1 0 3 0 0 0 3 0 0 0 3 0 0 3 0 0 0 3 0 3 0 0 0 1 0 0 6 0 0 0 0 0 0 2 0 0 0 0 0 3 0 0 0 0 4 3 3 0 0 3 1 0 0 0 0 0 0 29 0 0 1 25 35 18 0 22 17 0 15 12 61 15 10 2 21 0 0 0 0 0 0 0 0 0 0 0 0 0 0 0 0 0 0 0 0 0 0 0 0 0 0 0 0 0 0 0 0 0 0 0 0 0 9 0 0 0 0 0 0 0 0 0 0 0 0 0 0 0 0 0 0 0 0 0 0 25 34 33 0 1 15 9 0 0 11 9 1 4 13 0 18 12 14 1 23 0 0 10 0 0 0 0 0 0 0 0 0 0 0 0 0 0 0 0 0 0 0 0 0 0 0 0 0 0 0 0 0 0 0 0 0 0 0 0 0 0 0 0 0 0 0 0 0 0 0 0 0 0 0 8 0 0 0 0 0 0 0 0 0 0 2 0 0 1 0 0 7 0 0 0 0 0 0 0 0 0 0 0 0 0 0 0 0 0 0 0 0 0 0 0 0 0 30 0 0 0 0 0 0 0 0 0 0 0 0 
 24 39 176 222 257 196 36 114 176 183 150 45 33 46 63 0 80 135 27 138 77 0 1 0 0 3 75 6 3 0 0 0 16 0 0 4 0 2 162 1 0 8 2 0 1 0 0 0 0 61 0 3 0 1 0 0 0 0 3 0 3 2 0 0 3 0 2 3 0 0 0 3 0 4 8 5 13 8 3 4 18 26 54 1 31 65 0 2 4 12 17 43 0 10 0 0 2 44 0 15 0 3 0 0 0 0 10 3 0 0 0 0 8 9 0 0 2 0 59 0 0 0 0 0 0 0 0 0 0 0 0 0 0 0 0 0 0 0 0 0 0 0 0 0 1 0 0 1 0 0 0 9 0 0 0 0 0 0 0 0 0 8 0 0 0 0 0 4 22 0 0 19 0 0 0 0 5 18 0 0 1 15 0 1 0 0 1 0 0 1 0 0 25 6 6 0 0 0 14 22 2 0 0 0 0 0 0 0 0 0 0 0 0 0 0 0 0 0 0 0 0 0 0 0 0 0 0 0 0 0 0 2 0 0 0 0 0 0 0 0 0 0 0 0 0 2 0 0 1 95 0 8 14 0 0 0 0 1 0 0 0 0 18 0 0 0 6 0 0 0 0 0 0 0 0 0 0 0 0 0 0 0 0 0 0 0 0 0 0 0 
 158 343 26 25 151 69 36 31 35 247 232 307 147 176 141 80 0 57 54 29 2 0 0 0 0 2 77 3 0 0 0 0 2 15 2 3 0 0 3 0 0 7 3 0 0 0 0 0 0 0 0 3 0 0 62 0 0 3 1 5 0 1 0 0 3 0 0 0 0 3 0 2 2 0 3 0 0 0 3 0 25 0 0 64 0 9 0 61 2 26 0 39 23 59 15 0 37 16 40 23 0 0 0 0 0 0 0 30 11 0 0 3 10 7 0 12 0 0 0 0 0 0 0 0 8 0 0 0 0 7 0 0 16 0 0 0 0 0 0 0 0 0 0 0 0 0 0 4 3 0 0 0 0 0 0 0 0 3 0 0 0 27 31 10 0 47 0 11 58 37 21 12 62 14 0 7 27 2 0 14 10 0 0 0 0 0 15 0 0 0 0 0 14 11 7 0 24 0 15 15 0 0 0 0 0 0 6 0 0 0 0 0 0 0 0 0 0 0 0 0 0 0 0 0 0 0 0 0 0 0 0 0 0 0 0 0 0 0 0 0 0 13 0 0 0 0 94 1 0 2 0 13 0 0 0 0 0 0 0 0 0 0 0 0 0 0 0 0 0 0 0 0 0 0 0 0 0 0 0 0 0 0 0 0 0 0 0 0 0 0 
 37 249 46 35 205 112 13 56 193 115 344 158 221 249 116 135 57 0 45 45 2 0 3 0 0 2 73 5 0 0 0 0 1 16 0 3 0 0 5 75 0 1 3 0 0 0 0 0 0 2 0 3 0 0 0 0 0 0 1 0 3 0 0 0 3 0 0 0 0 2 1 3 0 0 3 48 0 0 0 0 0 7 9 38 8 45 2 18 14 37 1 15 7 36 27 0 0 67 0 8 0 0 0 9 0 0 0 12 23 0 0 0 1 6 0 28 0 0 20 11 0 0 0 0 0 0 0 1 0 0 0 0 0 0 0 0 0 0 0 0 0 0 0 0 1 0 0 5 0 0 0 11 0 1 0 0 0 2 0 0 19 8 25 22 7 13 0 0 19 18 11 11 15 0 0 22 0 0 0 7 10 17 0 0 0 0 48 1 1 0 0 0 51 0 21 10 14 0 10 41 0 0 0 0 0 0 0 0 0 0 0 0 0 0 0 0 0 0 0 0 0 0 0 0 0 0 0 0 1 0 0 0 0 0 0 0 0 0 0 0 0 0 0 0 0 3 88 3 87 6 14 13 0 0 0 0 0 0 0 0 0 0 0 0 0 0 0 0 0 2 2 0 0 0 0 0 42 0 0 0 0 0 0 0 0 0 0 0 0 0 
 46 208 31 67 72 50 136 71 149 59 36 51 225 233 118 27 54 45 0 300 2 0 0 2 2 0 0 3 0 0 0 0 0 0 0 3 0 0 3 0 0 1 1 0 0 0 0 0 0 0 0 3 0 0 0 0 0 1 3 4 0 0 0 0 3 0 0 0 0 8 0 5 0 0 1 3 0 0 0 0 9 1 47 16 0 0 11 14 0 1 16 13 15 30 36 13 24 0 9 27 0 0 0 0 2 0 0 0 0 0 0 0 0 0 0 0 0 0 0 0 0 0 0 0 0 0 0 0 0 0 0 0 0 0 19 0 0 0 0 0 0 2 0 0 0 0 0 0 0 0 0 0 0 0 0 0 0 0 0 0 0 32 27 0 0 0 21 28 0 17 14 0 17 16 19 7 26 0 40 22 1 0 0 0 0 0 0 0 8 0 0 0 0 0 13 0 0 0 0 0 0 0 0 1 0 0 0 0 0 0 0 0 0 0 0 0 0 0 0 0 0 1 0 0 0 0 0 0 0 0 0 0 1 0 0 0 0 0 0 0 0 31 0 0 0 0 0 1 1 0 2 6 0 0 0 0 0 1 0 0 16 0 0 0 0 0 0 0 0 0 0 0 0 0 0 4 8 17 0 0 0 0 0 0 0 0 0 0 0 0 
 132 148 57 41 64 58 189 144 154 393 64 249 249 174 188 138 29 45 300 0 2 0 0 0 2 47 0 3 2 59 0 0 0 1 0 3 0 0 3 0 0 2 3 0 0 0 0 0 0 0 0 3 0 0 0 0 0 0 2 0 0 0 0 0 3 0 0 0 0 3 0 3 2 0 3 0 0 0 0 0 29 0 9 0 0 0 40 1 62 0 25 0 44 20 34 11 35 0 11 11 0 0 0 0 0 0 9 0 0 0 16 0 0 0 0 0 0 0 0 0 0 0 0 0 0 0 0 0 0 0 0 0 0 0 0 0 0 0 0 0 0 0 0 0 0 14 0 2 0 0 7 0 0 0 0 0 0 0 0 0 0 14 19 5 0 0 30 11 1 18 0 0 0 0 16 0 12 0 35 14 0 0 0 2 0 0 21 5 0 2 0 0 0 0 0 0 0 0 0 0 1 0 0 0 0 0 0 0 0 0 0 0 0 0 0 0 0 0 0 0 0 0 0 0 0 0 0 0 0 0 2 0 0 0 0 0 0 0 0 0 0 0 0 0 0 0 0 0 1 1 1 10 0 0 0 0 0 0 0 0 0 0 0 0 0 0 0 0 0 0 0 0 0 0 0 0 12 0 0 0 0 0 0 0 0 0 0 0 0 0 
 2 2 99 73 7 72 5 2 2 2 63 76 2 2 2 77 2 2 2 2 0 133 269 56 126 47 337 595 32 48 35 113 216 119 335 342 149 56 361 317 0 2 3 0 0 2 7 2 2 3 2 8 0 0 0 0 2 0 2 2 9 2 3 3 0 2 1 0 3 22 0 0 4 0 0 0 7 0 0 2 0 0 0 0 9 13 0 0 0 0 35 0 0 0 0 0 0 0 0 0 32 39 1 29 9 0 40 17 20 11 41 22 0 0 0 0 13 21 11 0 0 1 0 0 0 0 0 0 0 0 0 0 3 1 0 0 0 0 0 0 0 0 0 0 0 0 0 1 0 0 0 0 2 0 0 0 0 0 0 0 0 13 1 16 1 1 0 0 0 2 0 1 0 0 0 0 31 0 0 0 27 6 8 1 0 0 20 38 0 6 0 0 0 29 27 2 24 1 13 19 15 0 0 0 0 0 22 0 0 0 1 0 0 0 0 0 0 0 0 0 0 0 0 0 0 0 0 0 0 0 0 0 0 0 0 0 0 0 0 0 0 0 0 0 0 0 0 0 0 0 0 0 0 0 10 0 0 0 0 0 4 0 0 0 0 0 0 0 0 0 0 0 0 0 0 0 0 0 0 0 0 6 0 2 0 0 0 0 0 0 
 8 0 2 0 2 60 0 0 0 0 0 2 0 35 36 0 0 0 0 0 133 0 251 231 194 39 302 293 198 79 341 109 65 224 186 338 193 265 46 207 0 3 6 0 0 1 3 0 2 6 2 4 0 6 0 0 2 0 2 5 5 0 3 0 0 1 0 0 2 3 0 0 10 0 31 0 3 0 7 0 0 0 0 0 0 0 0 2 0 0 0 0 0 0 0 0 0 0 2 0 14 44 42 52 26 21 7 5 0 26 14 11 1 2 8 1 34 16 10 2 0 1 0 0 0 0 0 0 0 1 0 2 0 10 0 0 0 0 11 0 0 0 1 0 0 0 0 0 0 0 0 0 6 0 0 0 0 0 15 0 0 0 0 0 0 0 0 0 0 0 0 0 0 0 0 0 0 0 0 0 1 13 20 38 12 3 0 13 34 52 1 45 0 20 0 27 41 9 0 0 0 0 0 0 0 0 1 0 0 0 0 0 13 0 14 0 0 0 0 11 0 0 0 0 0 1 1 0 0 0 0 0 0 0 0 0 0 0 18 0 0 0 0 0 0 0 0 0 0 0 0 0 0 0 31 0 0 83 45 2 12 0 0 0 0 0 0 0 0 0 0 0 0 0 0 0 0 0 0 8 0 22 0 0 0 8 0 0 0 0 
 4 6 0 0 1 80 0 0 0 0 0 0 0 11 0 1 0 3 0 0 269 251 0 87 62 132 292 449 242 115 207 33 141 52 212 93 198 118 247 49 0 1 5 4 0 0 6 0 2 8 2 2 206 0 0 0 2 0 3 2 3 0 3 0 1 1 0 0 0 3 0 0 3 0 0 0 0 0 0 0 0 0 0 0 2 0 0 0 0 0 2 0 0 0 0 0 0 27 0 0 30 13 38 32 8 10 11 77 39 42 22 26 0 13 14 13 37 44 13 8 0 0 0 2 0 0 0 1 0 0 0 0 41 0 0 0 0 0 2 1 0 0 3 0 0 1 0 0 0 0 1 0 4 0 0 0 1 0 0 0 0 0 0 0 11 11 0 0 1 1 0 0 0 0 1 2 0 0 0 0 1 8 54 9 13 8 16 23 0 70 0 29 14 55 14 10 30 0 0 20 0 9 0 0 0 2 20 0 0 0 0 0 0 0 0 0 19 0 0 0 10 0 1 0 0 0 0 0 0 0 0 0 0 0 0 0 0 0 0 2 0 0 1 0 0 0 0 0 0 0 0 0 0 0 5 0 1 74 80 3 14 0 0 0 0 0 0 0 0 0 0 0 0 0 0 0 0 0 0 0 0 13 0 0 0 0 0 0 0 0 
 0 5 0 0 0 0 0 0 0 3 0 0 0 22 2 0 0 0 2 0 56 231 87 0 87 104 319 109 335 150 185 57 90 240 84 61 118 292 75 74 0 2 3 0 0 0 0 0 2 3 2 57 63 0 2 0 2 0 66 2 3 0 3 0 0 1 0 0 0 3 0 0 7 0 1 0 0 0 0 0 0 0 0 0 0 0 0 0 0 0 13 0 0 0 0 0 0 0 0 0 0 12 33 11 23 20 0 0 0 12 25 11 0 12 9 0 1 13 0 0 10 19 0 0 0 0 2 0 1 0 0 0 22 0 29 0 0 0 22 34 0 0 0 0 0 0 0 0 1 0 0 0 0 0 0 0 0 0 0 0 0 0 0 0 1 0 0 0 0 0 0 0 0 0 0 0 0 0 0 0 12 0 0 12 11 9 0 0 50 11 35 0 0 0 0 21 11 0 0 0 20 0 0 0 0 0 0 2 1 0 0 0 22 0 1 0 0 0 6 27 0 0 0 0 0 0 0 0 0 0 0 0 0 0 0 0 0 0 0 0 0 0 0 0 0 0 0 0 0 0 0 0 0 0 5 0 0 3 9 2 2 10 0 0 0 0 0 0 0 0 0 0 0 0 0 0 0 0 0 10 0 0 0 0 0 8 0 7 0 0 
 2 0 0 3 0 1 3 0 0 3 3 2 65 0 3 0 0 0 2 2 126 194 62 87 0 231 68 60 88 164 560 131 78 189 224 313 134 46 64 306 31 1 66 0 0 6 64 63 2 3 4 9 88 122 66 63 2 0 70 2 3 0 3 0 0 1 0 0 0 3 0 0 4 1 0 0 0 0 0 0 0 0 0 0 0 0 0 0 0 0 0 0 0 0 0 0 2 0 0 0 11 30 12 13 15 27 0 21 0 0 14 8 0 0 0 0 8 11 0 0 12 0 13 0 0 0 12 0 14 0 58 3 54 0 21 2 0 0 10 31 0 0 1 0 0 0 0 0 0 0 0 0 0 1 0 0 0 0 0 0 0 0 0 0 0 0 0 0 4 0 0 0 0 9 0 0 0 0 0 0 0 16 0 18 24 12 0 0 3 21 10 15 0 0 0 12 14 13 0 1 50 0 0 0 0 0 26 1 5 43 0 1 11 0 0 21 17 10 45 0 0 0 0 0 0 0 0 0 38 0 1 0 0 0 0 0 0 0 0 0 0 7 0 0 0 0 0 0 0 0 0 0 0 0 5 0 0 76 2 0 4 2 0 1 1 0 0 0 0 0 0 0 0 0 0 0 0 0 0 0 0 0 0 0 0 0 0 0 0 0 
 1 0 0 5 1 4 0 2 1 0 1 1 0 4 1 3 2 2 0 47 47 39 132 104 231 0 248 60 273 285 170 181 51 34 71 92 93 73 40 133 129 0 3 0 0 0 185 3 2 3 2 4 150 100 0 66 2 21 127 153 3 0 3 0 0 2 0 0 0 3 0 0 3 2 0 0 0 2 0 0 0 0 0 0 0 0 0 0 0 0 0 0 0 0 0 0 0 0 0 0 0 0 0 0 19 22 5 0 0 0 0 0 0 0 5 0 0 0 0 0 26 14 6 11 1 0 30 40 34 18 24 32 11 39 17 0 0 0 0 41 0 0 0 0 0 19 1 0 3 0 9 0 0 0 0 0 0 0 0 0 0 2 0 25 0 0 0 0 19 2 0 0 0 7 0 0 0 0 0 0 0 0 0 14 13 3 0 0 0 0 14 0 0 0 0 0 0 16 0 0 29 0 38 0 0 0 12 29 19 20 2 20 26 40 10 5 16 1 62 1 0 0 0 0 0 0 0 0 0 0 0 0 0 0 0 0 0 0 0 0 0 0 0 0 0 0 0 0 0 0 0 0 0 0 9 0 0 2 77 0 8 1 0 64 0 5 0 0 0 0 0 0 0 0 0 0 0 0 0 0 0 0 0 0 0 13 0 0 0 0 
 4 0 75 9 163 21 0 1 0 2 10 77 0 5 0 75 77 73 0 0 337 302 292 319 68 248 0 169 143 60 41 26 257 178 100 204 313 60 574 113 0 7 6 0 0 0 0 0 4 6 3 3 0 2 3 3 2 0 60 2 9 0 3 1 0 46 10 0 0 3 3 0 3 0 2 0 3 4 0 0 0 2 13 0 9 9 0 0 0 12 1 11 0 0 0 0 0 12 0 0 29 0 0 0 21 1 1 21 31 13 24 11 20 22 34 17 13 31 10 2 0 0 0 1 0 0 0 2 0 0 0 0 0 0 0 0 0 0 0 0 0 0 0 1 2 2 0 2 0 0 2 0 0 0 2 0 0 0 0 0 0 0 0 10 23 28 0 0 13 0 0 21 0 0 1 0 0 0 0 0 28 13 14 7 0 0 26 43 0 1 10 1 18 25 8 10 4 17 26 26 0 0 0 0 0 0 0 0 0 0 0 0 0 0 0 0 8 0 0 0 0 0 7 0 0 0 0 0 0 0 0 0 0 0 0 0 0 0 0 0 0 0 0 0 0 1 30 0 0 0 0 0 75 0 13 2 0 82 0 0 2 0 0 1 2 0 0 0 0 0 0 1 0 13 0 0 0 0 0 0 0 0 0 0 0 0 0 0 0 0 
 4 3 6 106 70 62 3 3 4 0 3 3 3 6 3 6 3 5 3 3 595 293 449 109 60 60 169 0 97 216 35 116 123 150 183 268 146 192 276 219 0 2 3 0 0 0 5 0 2 3 3 2 0 1 0 0 2 0 2 2 9 0 3 0 0 1 30 0 0 3 0 0 3 0 1 0 1 50 0 0 0 0 0 0 0 0 0 0 0 0 0 2 0 0 0 0 0 0 0 0 43 45 50 27 31 14 18 26 8 33 4 17 0 0 23 34 19 31 9 0 0 0 2 15 0 0 0 0 0 0 0 0 7 0 0 0 1 0 26 0 0 0 0 0 16 0 0 0 0 0 0 0 2 0 0 0 0 0 0 0 0 0 0 0 10 0 2 0 0 0 0 0 0 0 0 0 0 2 0 0 0 9 21 1 0 0 8 55 13 36 0 26 17 10 36 0 9 0 8 10 0 0 0 0 0 0 19 0 0 0 0 0 0 0 3 0 0 2 0 11 0 2 0 0 0 0 0 0 0 0 0 0 0 0 0 2 1 0 0 0 0 0 0 0 0 0 0 0 0 0 0 0 0 0 11 3 3 0 140 4 0 0 0 0 0 0 0 0 0 0 0 2 0 0 0 0 2 0 0 10 0 6 0 0 0 8 0 0 0 0 
 0 6 2 0 1 0 0 0 0 1 1 76 0 1 0 3 0 0 0 2 32 198 242 335 88 273 143 97 0 150 393 28 331 53 113 218 152 346 160 142 5 2 6 5 1 2 61 0 2 5 5 2 52 0 9 4 5 0 65 2 5 2 3 0 57 35 2 0 30 3 3 5 3 0 4 3 1 2 0 0 0 0 0 0 0 0 0 0 0 0 0 0 0 0 0 0 0 0 0 0 1 0 1 1 0 0 0 45 31 13 14 25 18 48 12 0 1 24 9 27 7 8 0 0 0 0 0 0 2 0 0 0 15 0 10 0 0 0 0 13 0 0 0 0 0 0 0 9 0 0 0 0 0 0 0 0 0 0 0 0 0 0 0 0 18 21 0 0 0 0 0 0 0 0 0 0 0 0 0 1 33 31 13 0 0 17 7 1 22 0 14 0 0 29 0 2 0 32 20 13 15 0 0 0 0 0 7 12 2 0 0 0 0 0 7 0 0 0 18 19 0 0 0 0 0 0 0 0 0 0 0 0 2 0 0 0 0 0 0 0 0 0 7 0 0 0 0 0 1 0 0 0 20 0 4 0 2 18 2 2 0 0 0 0 0 29 0 0 0 0 0 0 0 0 0 0 0 0 0 0 0 0 0 0 0 0 0 0 0 0 
 2 6 0 4 0 2 0 0 0 3 0 0 0 3 0 0 0 0 0 59 48 79 115 150 164 285 60 216 150 0 163 148 229 164 190 122 281 83 74 100 0 4 3 0 3 0 35 7 2 4 2 2 98 85 5 3 2 0 4 5 8 2 3 1 47 49 0 0 2 5 2 0 9 0 1 0 3 0 0 0 0 0 0 0 10 0 0 0 0 0 1 0 0 0 8 0 0 0 0 1 0 17 37 39 39 1 17 14 31 9 32 28 0 0 20 10 28 12 1 2 10 18 7 0 0 0 0 0 0 10 0 0 12 7 35 0 0 0 21 0 0 0 0 0 0 0 0 0 0 0 0 0 0 0 0 0 0 0 0 0 0 0 0 0 2 0 0 0 0 0 0 0 0 0 0 0 0 0 0 0 17 9 7 1 11 0 27 26 20 2 4 30 0 0 30 36 1 17 0 5 9 0 0 0 0 0 10 10 0 0 0 0 11 0 17 0 0 0 11 5 0 0 0 0 2 0 0 0 0 0 0 0 0 0 0 0 0 0 0 0 0 0 0 0 0 0 0 0 0 0 0 0 0 0 8 0 0 0 1 1 14 0 0 0 0 0 0 0 0 1 0 0 0 0 0 0 0 0 0 5 0 0 0 0 0 10 0 0 0 0 
 0 0 0 105 0 0 2 2 0 2 0 5 0 4 0 0 0 0 0 0 35 341 207 185 560 170 41 35 393 163 0 170 120 121 233 397 186 592 151 98 0 2 9 0 2 1 3 32 2 3 5 3 0 1 1 2 4 1 65 2 3 0 3 0 0 1 0 3 51 3 3 2 3 0 1 0 0 0 2 0 0 0 0 0 0 0 0 0 0 0 0 0 0 2 0 0 0 0 0 0 5 28 0 0 1 11 0 23 14 7 75 10 0 38 54 2 15 19 0 5 14 0 0 0 0 0 10 0 0 0 0 0 15 0 0 1 0 0 23 31 0 0 1 0 0 0 0 0 0 0 0 0 0 0 58 0 0 0 0 0 0 0 0 0 3 9 0 12 0 0 0 0 0 0 0 0 0 0 2 0 78 0 17 36 24 20 22 0 21 26 12 8 0 0 0 1 0 0 0 20 10 0 0 0 0 0 0 0 0 21 0 0 19 0 0 0 0 0 18 29 0 0 0 0 0 0 0 0 0 0 0 0 0 0 2 0 0 0 0 0 0 0 0 0 0 0 0 0 0 0 0 0 0 0 18 2 1 76 40 4 2 1 0 0 0 0 0 0 0 0 0 0 0 0 0 0 0 0 0 9 0 0 0 0 0 8 0 0 0 0 
 0 0 0 0 0 0 0 45 0 0 0 0 0 1 3 0 0 0 0 0 113 109 33 57 131 181 26 116 28 148 170 0 82 277 165 32 145 181 42 244 41 0 4 0 0 0 61 62 212 3 3 3 69 128 73 142 5 0 133 180 3 0 3 0 0 1 0 0 0 3 0 0 3 11 1 0 0 0 0 0 0 0 0 0 0 0 0 0 2 0 0 0 0 0 0 0 0 0 0 0 20 10 37 20 11 25 12 20 21 14 0 13 0 0 0 0 22 36 0 0 0 0 7 0 0 0 3 18 4 9 28 0 13 30 10 0 0 12 13 24 0 0 0 0 0 0 0 0 3 0 5 0 0 0 0 3 0 0 0 0 0 0 0 0 3 0 0 0 0 0 0 0 0 0 0 0 0 0 0 0 0 10 11 14 27 7 0 14 0 21 0 25 0 12 32 0 10 0 0 11 1 14 9 0 0 0 31 0 47 1 0 0 10 19 0 19 20 12 10 9 0 0 0 0 0 0 0 0 0 0 0 0 0 0 1 0 0 0 0 3 0 0 0 0 0 2 0 0 0 0 0 0 0 2 11 0 2 0 95 2 13 0 0 0 0 0 0 0 0 0 0 0 0 0 0 0 0 0 0 0 0 0 0 0 0 15 13 0 0 0 
 0 0 43 3 172 34 0 0 0 17 80 0 0 0 0 16 2 1 0 0 216 65 141 90 78 51 257 123 331 229 120 82 0 68 388 194 258 136 309 122 0 4 6 0 0 0 4 0 2 3 2 2 1 0 0 0 7 2 2 2 3 0 3 0 3 0 0 0 0 9 0 1 3 0 1 0 2 0 0 0 0 37 21 0 27 11 0 1 0 1 15 21 0 0 0 26 0 0 1 0 23 0 14 28 12 0 31 37 30 0 22 12 0 11 18 46 15 23 0 11 0 2 0 0 0 0 0 0 0 2 0 0 8 0 0 0 0 0 2 0 0 0 0 0 0 0 0 3 0 0 0 0 0 0 0 0 0 0 1 0 0 0 0 0 22 11 0 1 18 0 0 0 0 0 0 0 0 0 0 0 25 7 12 0 3 0 37 13 0 7 7 10 64 0 14 0 8 0 16 79 8 0 0 0 0 0 11 0 0 0 0 0 0 0 0 0 0 0 0 0 0 0 0 0 0 2 2 0 0 0 0 0 0 0 0 0 9 0 0 0 0 0 0 0 0 0 0 0 0 0 0 0 0 0 7 0 4 0 0 2 0 1 0 0 0 0 0 0 0 0 0 0 0 0 0 0 0 0 0 0 0 0 0 0 0 0 0 0 0 0 
 2 0 0 0 76 1 0 0 0 3 91 2 0 32 0 0 15 16 0 1 119 224 52 240 189 34 178 150 53 164 121 277 68 0 220 76 182 42 83 115 0 1 3 0 0 4 0 0 2 3 2 9 0 66 0 0 3 0 2 2 3 0 3 0 0 1 0 0 0 3 0 0 6 0 1 0 0 0 0 0 0 0 0 0 0 18 0 0 0 8 0 13 0 0 0 0 0 12 0 0 18 22 13 8 15 13 0 28 16 12 14 0 0 7 17 28 12 32 6 0 0 3 0 0 0 0 0 0 0 0 0 0 16 0 0 0 0 0 2 1 0 1 12 0 0 0 0 5 0 0 0 0 0 0 0 0 0 2 0 0 0 0 0 0 4 13 12 2 0 0 0 11 0 0 0 0 0 0 0 0 10 17 14 23 14 5 12 0 28 29 1 20 28 11 7 23 37 27 10 29 0 0 0 0 0 0 19 0 1 0 0 0 11 0 0 0 0 0 0 8 0 0 18 0 0 0 0 0 0 0 0 0 1 0 0 0 0 0 0 0 0 0 0 0 0 0 74 0 0 0 0 0 0 0 13 2 0 75 105 0 12 0 0 0 0 0 0 0 0 0 0 0 0 0 0 0 0 0 0 9 0 0 0 0 0 39 0 0 0 0 
 0 4 73 2 158 17 0 0 0 77 2 6 75 17 0 0 2 0 0 0 335 186 212 84 224 71 100 183 113 190 233 165 388 220 0 381 144 161 78 201 3 2 6 1 0 7 0 0 141 4 3 12 3 11 2 0 3 1 4 2 5 0 3 1 0 0 8 6 0 3 0 1 3 0 4 0 2 3 2 5 0 1 0 0 0 0 0 0 0 0 11 0 0 0 0 0 0 0 0 0 15 22 19 11 15 0 28 0 0 12 10 9 0 12 24 29 6 23 0 0 0 0 0 1 0 0 14 2 1 0 0 0 0 9 0 0 0 0 27 0 0 0 7 0 0 2 0 0 0 0 2 0 0 0 0 0 2 0 0 0 0 0 0 0 6 10 0 0 2 12 0 0 0 0 2 0 0 0 0 0 5 0 18 15 3 0 6 11 22 30 1 17 28 2 0 13 15 12 19 38 0 0 0 0 0 10 0 0 3 0 21 0 0 0 1 0 0 0 0 9 0 9 0 0 0 0 0 0 0 0 0 0 0 0 0 0 12 0 0 1 0 0 0 0 0 0 0 0 0 0 0 0 0 0 14 2 1 78 0 1 1 0 0 0 0 0 0 0 0 0 0 0 0 0 0 0 0 0 0 12 0 23 0 0 0 7 0 0 0 0 
 4 11 4 0 77 3 80 3 3 1 5 3 3 3 3 4 3 3 3 3 342 338 93 61 313 92 204 268 218 122 397 32 194 76 381 0 472 408 116 283 0 22 0 0 0 4 5 0 0 0 0 4 69 52 0 4 0 0 1 0 0 0 0 0 0 45 0 0 0 0 0 0 0 0 0 0 0 0 0 0 2 0 0 0 10 1 0 0 0 0 0 0 0 0 1 0 0 0 0 0 12 11 22 0 20 1 6 34 31 0 21 16 12 12 20 24 0 71 0 11 0 26 0 0 0 0 0 0 0 0 0 0 6 0 16 0 0 0 0 11 2 0 0 0 0 0 0 0 1 0 0 2 1 0 2 0 0 2 0 0 0 0 0 0 20 0 0 0 0 0 0 0 0 0 0 0 0 0 0 0 14 21 19 3 0 1 41 15 33 9 15 0 22 0 3 10 19 26 0 27 22 0 0 0 0 0 14 2 0 1 0 0 0 0 0 0 0 0 0 0 0 0 0 15 0 0 0 0 0 0 0 0 0 0 0 0 0 0 0 0 0 0 0 0 0 2 0 0 0 0 0 0 0 8 15 1 3 3 2 0 1 17 0 0 0 0 0 0 0 0 0 0 0 0 0 0 0 0 0 0 0 22 0 0 1 0 0 0 0 0 
 0 0 0 78 0 0 0 0 0 0 0 0 0 2 0 0 0 0 0 0 149 193 198 118 134 93 313 146 152 281 186 145 258 182 144 472 0 300 82 50 0 2 3 0 2 2 70 0 3 3 3 5 25 6 2 3 4 0 2 3 3 0 3 0 3 47 0 0 0 3 4 0 3 0 3 3 0 0 0 0 0 0 0 0 1 1 0 0 0 0 0 0 0 0 0 0 0 0 17 0 13 27 13 40 17 0 15 17 35 17 47 14 0 21 25 10 1 38 0 17 11 19 1 0 0 0 1 0 0 3 0 0 10 0 11 0 0 0 10 0 2 0 0 0 0 0 0 0 0 0 0 2 0 0 2 0 0 2 4 2 0 0 0 0 0 9 0 0 12 0 0 0 0 0 0 0 0 0 0 0 40 8 0 2 0 12 44 1 11 17 0 0 2 0 11 10 13 10 0 41 4 0 0 0 0 0 18 17 0 4 0 0 1 0 9 0 0 0 0 6 0 0 0 8 0 0 0 0 0 0 0 0 0 0 0 0 0 0 0 0 0 0 1 0 0 0 0 0 0 0 0 0 0 0 14 0 0 2 1 1 2 2 0 0 0 0 0 0 0 0 1 0 0 0 11 0 0 0 0 6 0 0 0 0 0 6 0 0 0 0 
 3 0 102 3 0 0 3 1 1 3 0 3 1 30 0 2 0 0 0 0 56 265 118 292 46 73 60 192 346 83 592 181 136 42 161 408 300 0 191 254 0 7 4 0 0 1 4 3 2 5 2 2 0 3 2 0 2 1 2 8 7 0 3 0 50 48 0 0 0 3 0 44 15 0 0 0 6 0 2 0 0 0 0 0 13 0 0 0 43 0 0 0 0 0 0 0 0 0 0 0 1 0 34 28 40 5 12 28 40 21 35 11 0 19 21 3 6 15 0 14 0 25 0 0 0 0 13 0 0 0 0 0 0 0 7 0 0 0 11 1 0 0 0 0 0 0 0 0 0 0 0 0 0 0 0 0 0 0 0 0 0 0 0 1 0 0 0 0 0 0 0 0 0 0 0 17 0 0 0 0 54 1 0 35 3 4 38 24 62 1 3 13 0 0 14 7 17 0 0 8 0 0 0 0 0 0 1 0 0 0 0 0 9 0 15 0 0 0 0 0 0 0 0 0 0 0 10 0 0 0 0 0 0 0 0 0 0 0 0 0 0 0 0 0 0 0 0 0 0 0 0 0 0 0 19 0 3 152 1 9 8 5 0 0 0 0 0 0 0 0 0 0 0 0 0 0 0 0 0 0 0 0 0 0 0 0 0 0 0 0 
 3 3 161 76 77 66 3 6 79 72 78 76 3 6 3 162 3 5 3 3 361 46 247 75 64 40 574 276 160 74 151 42 309 83 78 116 82 191 0 157 0 8 3 0 0 0 0 0 2 5 2 2 0 0 0 0 7 0 2 2 3 0 3 0 0 0 0 0 0 3 0 0 3 0 1 0 0 0 0 0 0 27 72 11 0 13 1 0 0 7 10 2 0 0 0 18 13 14 0 0 0 0 0 0 0 0 0 52 17 14 12 18 20 38 17 0 0 12 5 8 0 0 0 0 0 0 4 0 0 0 0 15 0 0 0 0 0 0 13 0 0 0 0 0 0 0 0 0 0 0 0 11 0 0 0 0 0 0 0 0 5 1 0 11 0 19 0 3 35 0 0 11 0 18 10 0 0 7 0 0 24 17 26 0 0 18 7 0 0 0 0 0 8 42 0 9 0 21 20 12 0 0 0 0 0 14 0 0 0 0 0 0 0 0 1 0 0 0 1 0 0 0 0 0 0 0 0 0 0 0 0 0 0 0 0 0 0 0 0 0 0 0 0 0 0 0 26 0 0 0 0 0 0 0 12 2 2 42 0 0 0 2 0 0 0 0 0 0 0 0 0 0 0 0 0 18 0 0 0 0 0 0 0 0 0 1 0 0 0 0 
 2 0 1 74 22 149 0 0 0 0 1 73 0 0 0 1 0 75 0 0 317 207 49 74 306 133 113 219 142 100 98 244 122 115 201 283 50 254 157 0 0 2 65 0 0 0 0 3 2 3 2 2 0 0 0 0 2 0 4 2 9 0 3 0 0 2 4 0 0 3 0 0 3 0 0 0 3 0 0 0 0 8 11 0 16 0 0 0 0 0 14 0 0 0 0 0 0 1 10 1 28 14 12 7 14 19 2 10 2 37 11 17 0 0 14 22 10 19 12 6 0 9 0 0 0 0 16 0 17 0 0 0 0 9 0 0 0 0 10 13 0 0 2 0 0 0 0 0 0 0 0 0 7 0 0 0 0 0 0 0 0 0 0 12 8 1 0 0 0 0 11 0 0 0 0 0 1 0 0 0 10 0 39 9 12 0 5 42 16 22 10 9 87 12 19 6 11 7 18 21 0 0 0 0 0 0 3 0 8 0 0 0 25 0 19 0 1 0 0 0 1 0 2 0 2 0 0 0 0 0 0 0 0 0 0 0 0 0 0 0 0 0 0 0 0 0 0 0 0 0 6 0 0 0 9 1 0 1 76 4 2 0 0 0 0 0 0 0 0 0 0 0 0 0 0 0 0 0 0 0 0 48 0 0 0 0 0 0 0 0 
 1 0 2 0 0 0 0 2 0 2 0 0 0 2 0 0 0 0 0 0 0 0 0 0 31 129 0 0 5 0 0 41 0 0 3 0 0 0 0 0 0 171 102 62 43 55 97 318 44 390 49 118 124 476 202 31 43 254 37 99 0 0 0 0 0 1 0 0 3 5 0 2 0 0 0 10 1 0 0 0 0 0 0 0 0 8 0 0 0 0 0 0 0 0 0 0 0 0 0 8 0 0 0 0 20 0 0 0 0 0 0 0 14 0 0 0 20 0 0 0 7 0 40 4 19 47 2 6 0 9 0 17 0 18 0 30 30 21 0 0 0 0 0 0 0 1 1 0 4 0 5 1 16 0 2 1 0 0 0 14 0 0 0 0 0 0 0 0 5 0 0 0 0 8 0 0 3 0 0 0 0 0 0 0 0 19 0 0 0 0 0 0 0 0 0 0 0 0 0 0 20 50 37 0 0 10 18 19 32 42 1 19 9 29 14 40 1 38 7 0 0 0 0 0 0 0 2 0 0 0 0 0 29 0 0 0 0 0 21 0 0 0 0 0 0 0 0 0 0 0 0 10 0 0 0 0 0 0 0 0 0 0 0 1 3 0 1 0 0 0 0 0 0 0 0 0 0 0 0 0 0 0 0 0 6 0 0 18 1 0 
 2 0 0 1 2 0 0 2 2 62 9 5 2 2 0 8 7 1 1 2 2 3 1 2 1 0 7 2 2 4 2 0 4 1 2 22 2 7 8 2 171 0 359 181 45 248 139 53 120 92 127 145 67 287 109 122 203 161 70 54 2 0 0 0 1 0 0 6 0 0 0 0 3 7 0 8 1 0 56 33 0 0 0 0 0 0 0 0 0 0 0 0 0 0 0 0 0 0 0 0 0 0 0 0 0 0 0 0 0 3 0 7 0 5 5 0 0 0 0 0 13 0 10 78 5 68 0 0 14 12 32 0 0 0 0 13 42 4 0 0 0 0 0 0 0 2 0 0 0 0 0 0 14 4 0 0 0 0 1 0 0 0 0 4 0 4 0 0 0 0 0 4 0 0 0 7 5 4 0 0 1 0 8 0 0 0 0 1 0 0 0 0 0 0 0 4 0 0 1 0 0 12 22 3 7 15 0 36 19 12 0 0 0 18 10 6 0 12 0 0 0 0 0 6 1 0 0 0 0 0 0 0 4 8 10 0 0 0 19 16 0 0 0 0 0 0 4 0 2 32 0 10 0 1 0 22 0 14 0 0 7 0 2 0 0 0 2 0 0 0 10 0 0 0 0 0 0 0 0 0 0 0 0 0 20 0 0 0 0 0 
 3 6 3 3 3 5 2 5 2 0 2 3 2 3 3 2 3 3 1 3 3 6 5 3 66 3 6 3 6 3 9 4 6 3 6 0 3 4 3 65 102 359 0 156 132 70 83 290 171 59 186 114 348 113 295 174 292 217 107 32 0 0 0 0 2 1 2 4 1 3 0 0 0 0 21 3 1 0 0 75 0 0 0 0 0 0 0 0 0 0 0 0 0 0 0 0 0 0 0 0 0 0 0 0 0 1 0 0 0 0 0 4 0 0 0 0 0 0 0 0 7 15 13 1 27 1 0 13 5 27 21 7 0 13 7 0 1 2 0 11 4 0 0 16 0 0 0 17 0 0 0 0 0 34 0 5 4 0 0 13 0 0 0 0 0 0 0 0 0 0 0 0 0 0 0 0 0 0 0 0 0 0 0 0 1 0 0 0 0 0 0 0 0 0 0 0 0 0 0 0 0 11 7 2 4 0 10 0 6 4 6 17 0 21 0 7 27 0 6 0 0 32 1 4 3 0 0 7 5 0 0 0 2 0 9 0 0 0 0 29 0 0 2 0 0 0 0 0 0 0 0 5 0 0 0 0 0 0 0 6 0 0 2 1 66 20 2 1 2 0 9 0 0 0 0 0 0 0 0 0 0 0 0 0 0 10 0 0 2 0 
 0 6 0 0 0 0 0 0 0 5 0 0 0 0 0 0 0 0 0 0 0 0 4 0 0 0 0 0 5 0 0 0 0 0 1 0 0 0 0 0 62 181 156 0 67 26 85 59 132 139 423 192 83 69 63 116 92 386 80 43 0 0 0 0 0 0 0 0 0 0 0 0 0 0 0 0 0 0 50 0 0 0 0 0 0 0 0 0 0 0 0 0 0 0 0 0 0 0 0 0 0 0 0 0 0 0 0 0 0 0 0 0 0 0 0 0 0 0 0 0 2 0 23 5 0 28 3 0 0 0 26 30 0 0 0 13 14 5 0 0 0 10 0 0 0 0 0 22 0 0 10 0 14 0 8 0 0 0 12 13 0 0 0 0 0 0 0 0 0 0 0 0 0 0 15 0 5 4 0 0 0 11 0 0 0 0 0 0 0 0 0 0 0 0 0 0 0 0 0 0 0 0 23 11 7 22 1 17 19 8 0 29 0 33 0 27 0 0 0 10 11 14 12 0 0 0 14 0 0 0 0 0 29 10 0 1 0 0 24 0 1 0 0 0 0 1 0 0 0 0 0 11 0 0 0 0 0 0 0 11 0 0 1 0 2 0 0 4 2 0 0 0 0 0 0 0 0 0 0 0 0 0 0 0 12 0 0 18 2 0 
 0 6 0 0 0 0 3 2 0 7 0 0 0 0 3 1 0 0 0 0 0 0 0 0 0 0 0 0 1 3 2 0 0 0 0 0 2 0 0 0 43 45 132 67 0 195 93 65 79 133 90 57 90 64 276 74 118 36 71 55 101 49 0 0 0 1 0 55 23 0 49 0 94 1 103 4 60 0 1 0 0 0 0 0 0 0 0 0 0 0 0 22 0 0 0 0 0 0 0 0 0 0 0 2 0 0 0 0 0 0 9 0 0 0 0 0 0 0 0 0 5 6 25 0 0 0 0 0 0 2 0 11 0 0 2 0 6 11 10 0 6 1 0 33 0 6 20 25 25 4 14 30 20 30 19 8 0 0 8 26 0 0 0 0 0 4 0 0 0 0 0 0 0 0 0 0 0 0 0 0 0 0 0 0 0 8 0 0 0 0 0 0 0 0 0 0 0 0 0 0 5 0 0 7 22 7 0 0 1 2 12 6 0 9 0 0 0 1 1 7 20 0 12 0 0 0 0 7 40 35 16 0 11 0 14 13 11 7 30 25 0 0 11 0 0 0 0 0 0 0 0 14 0 0 0 0 2 0 0 0 0 0 0 0 4 2 0 1 0 0 0 0 0 0 0 0 0 0 0 0 0 0 0 0 0 0 0 0 2 0 
 0 0 1 0 0 0 2 2 0 4 0 0 0 2 0 0 0 0 0 0 2 1 0 0 6 0 0 0 2 0 1 0 0 4 7 4 2 1 0 0 55 248 70 26 195 0 37 114 93 50 181 70 192 99 260 297 86 272 58 44 74 98 3 69 0 3 1 25 3 2 53 0 71 52 96 104 52 75 51 48 0 0 0 0 0 0 22 0 0 0 5 0 0 0 0 0 0 0 0 0 2 7 0 0 0 0 0 2 0 0 0 0 0 0 0 0 0 2 0 0 7 14 0 0 0 1 0 0 2 0 0 19 2 2 0 0 0 19 0 0 39 0 0 0 8 5 0 9 0 6 0 0 14 49 14 0 4 0 43 20 0 0 0 0 0 4 0 0 0 0 0 0 0 0 0 0 0 0 0 0 0 3 0 0 1 0 0 0 3 8 0 0 0 0 0 0 8 10 0 0 0 0 0 0 0 11 2 0 14 0 18 14 0 0 0 0 0 0 0 0 19 11 20 11 0 8 1 0 2 26 15 0 19 13 0 14 14 21 25 54 16 0 18 0 0 0 0 0 0 0 0 11 0 0 0 0 0 0 0 0 0 0 40 0 1 1 0 0 4 0 1 0 0 0 0 0 0 0 0 0 0 0 0 0 0 0 0 0 1 0 
 0 0 2 0 0 0 0 0 0 0 0 0 0 0 0 0 0 0 0 0 7 3 6 0 64 185 0 5 61 35 3 61 4 0 0 5 70 4 0 0 97 139 83 85 93 37 0 80 61 49 247 34 354 268 75 110 261 116 185 182 0 0 0 0 3 0 0 0 0 0 0 0 0 2 0 4 3 0 0 0 0 0 0 0 0 0 0 0 0 0 0 0 0 0 0 0 0 0 0 0 4 0 9 8 14 10 13 4 9 0 0 15 0 0 0 0 16 14 0 0 49 11 7 33 0 0 18 18 18 31 10 8 20 35 33 0 0 0 0 15 0 0 0 0 0 0 0 0 0 0 0 0 0 0 0 0 0 0 0 0 0 0 0 0 0 0 0 0 6 0 0 0 0 2 0 0 0 0 0 0 0 11 0 0 10 0 0 7 0 28 0 10 0 0 9 0 25 8 0 15 31 10 0 0 0 0 12 8 17 1 0 6 30 8 14 2 16 12 7 0 0 0 0 0 0 0 0 0 0 0 0 0 0 0 0 0 0 0 0 0 0 0 0 0 0 0 0 0 0 0 0 14 0 1 0 0 0 0 0 0 0 0 0 10 1 13 4 0 0 0 0 0 0 0 0 0 0 0 0 0 0 0 0 0 0 17 0 0 0 0 
 0 0 1 3 0 0 0 0 0 0 0 0 0 0 0 0 0 0 0 0 2 0 0 0 63 3 0 0 0 7 32 62 0 0 0 0 0 3 0 3 318 53 290 59 65 114 80 0 46 36 195 15 119 99 291 54 29 26 58 105 0 0 1 0 0 1 0 3 0 0 0 0 0 0 0 0 0 0 0 0 0 0 0 0 0 0 15 0 0 0 0 0 0 0 0 0 0 0 0 0 0 0 0 0 18 10 0 0 0 0 0 0 0 0 0 0 0 0 0 0 0 0 15 0 0 18 8 37 8 0 1 35 15 1 0 29 58 48 0 0 0 0 0 0 0 0 9 0 4 0 5 0 13 31 9 4 0 0 0 0 0 0 0 0 0 0 0 0 0 0 0 0 0 5 0 0 0 0 0 0 0 0 0 0 1 14 0 0 0 0 0 0 0 0 0 0 0 0 0 0 1 16 49 16 0 12 19 7 26 36 34 16 25 27 33 21 0 25 22 0 0 0 0 0 16 0 0 0 0 0 0 0 22 0 0 0 0 0 20 19 0 0 19 0 0 0 0 0 0 0 0 0 0 0 0 0 0 0 0 0 0 0 1 0 2 0 1 0 0 0 0 0 0 0 0 0 0 0 0 0 0 0 0 0 5 0 0 0 2 0 
 0 0 0 0 0 56 3 0 0 0 0 0 0 3 1 0 0 0 0 0 2 2 2 2 2 2 4 2 2 2 2 212 2 2 141 0 3 2 2 2 44 120 171 132 79 93 61 46 0 486 198 46 123 116 90 57 210 47 145 272 0 0 0 0 0 2 4 4 4 0 1 0 51 0 21 0 0 0 25 93 0 0 0 0 0 0 0 0 0 0 0 0 0 0 0 0 0 0 0 0 0 0 0 0 0 17 0 0 0 0 0 0 0 0 0 0 0 0 0 0 0 6 0 30 39 0 0 0 0 0 0 20 14 0 0 15 12 27 0 0 26 0 0 25 0 0 25 8 0 0 0 0 21 16 10 16 10 0 0 21 0 0 0 0 0 0 0 12 0 2 0 0 0 0 0 0 4 8 0 0 0 0 0 0 0 0 0 0 0 0 0 0 0 0 0 0 0 0 0 0 0 1 0 12 24 19 0 19 11 9 31 16 0 0 0 0 0 0 12 10 22 57 0 16 9 0 0 5 6 0 0 0 24 10 22 0 0 0 10 14 0 0 13 0 0 2 0 0 0 0 0 7 0 2 0 0 0 0 0 0 0 0 6 0 0 1 0 0 0 0 0 0 0 0 0 0 0 0 0 0 0 0 0 0 0 0 0 0 2 0 
 0 4 5 0 0 0 2 0 0 0 3 0 0 0 0 61 0 2 0 0 3 6 8 3 3 3 6 3 5 4 3 3 3 3 4 0 3 5 5 3 390 92 59 139 133 50 49 36 486 0 171 126 224 69 115 387 246 66 329 74 0 0 0 0 0 1 0 0 0 0 0 0 24 50 0 11 0 0 52 25 0 0 0 0 0 0 0 0 0 4 0 0 0 0 0 0 0 0 0 1 0 0 0 0 0 9 0 0 0 0 9 0 0 0 4 0 0 10 3 0 19 0 18 22 60 20 0 0 0 13 1 14 14 0 0 24 20 42 0 0 0 0 0 0 0 0 15 2 9 0 11 0 43 0 1 12 0 0 0 0 12 0 0 5 9 0 0 0 0 6 0 2 0 0 0 0 1 4 0 0 0 0 36 0 2 6 7 0 0 0 0 0 7 0 0 4 10 0 1 0 0 21 15 0 6 22 0 6 1 24 14 10 0 1 14 38 0 2 19 14 11 4 0 0 0 0 0 0 0 0 0 0 16 8 8 0 0 0 21 0 0 0 1 0 0 0 2 0 0 0 0 7 0 0 0 0 0 0 0 2 0 21 47 0 2 0 1 0 0 0 0 0 0 0 0 0 0 0 0 0 0 2 0 0 0 0 0 0 0 0 
 0 6 3 0 0 0 0 0 0 0 0 0 0 0 0 0 0 0 0 0 2 2 2 2 4 2 3 3 5 2 5 3 2 2 3 0 3 2 2 2 49 127 186 423 90 181 247 195 198 171 0 139 270 53 341 160 450 227 102 51 0 0 0 2 0 0 0 0 0 0 0 0 0 0 0 0 0 0 54 0 0 0 0 0 0 0 0 0 0 0 0 0 0 0 0 0 0 0 0 8 0 0 0 0 0 1 15 0 0 0 0 0 0 0 0 0 0 0 0 0 43 10 35 11 0 29 0 10 13 10 35 62 0 0 9 39 5 20 0 13 0 0 0 0 0 0 4 0 0 0 0 0 33 6 0 0 0 0 0 0 0 0 0 0 0 0 0 0 0 0 0 0 0 0 0 0 5 18 0 0 0 0 0 0 0 1 0 0 5 0 0 0 0 0 0 0 0 0 0 0 0 9 6 12 19 17 26 24 6 45 21 25 0 21 10 19 3 0 7 6 0 5 0 0 0 0 0 0 0 0 0 0 22 16 0 0 0 0 10 11 0 0 12 0 0 0 0 0 0 0 0 10 0 0 0 0 0 0 0 21 0 0 63 0 23 0 1 4 1 0 0 0 0 0 0 0 0 0 0 0 0 0 3 0 0 0 0 19 2 0 
 3 3 4 0 3 3 3 3 3 0 3 3 3 3 6 3 3 3 3 3 8 4 2 57 9 4 3 2 2 2 3 3 2 9 12 4 5 2 2 2 118 145 114 192 57 70 34 15 46 126 139 0 42 48 31 40 234 177 36 21 54 1 0 0 0 2 0 0 0 0 0 0 55 1 0 9 0 5 0 1 0 0 0 0 0 0 0 0 0 0 0 0 0 0 0 0 0 0 0 0 3 9 0 0 13 0 6 4 1 0 0 1 0 0 0 0 0 4 0 0 20 0 27 28 21 44 0 11 0 34 28 0 6 13 0 22 60 7 0 0 0 0 0 8 0 0 23 20 21 0 0 0 20 0 0 14 0 0 0 0 0 0 0 0 0 0 0 0 0 0 0 0 0 0 0 0 1 0 0 0 0 7 0 0 0 0 0 0 2 9 0 0 0 0 0 0 10 8 0 0 0 17 26 4 9 15 4 51 9 17 8 0 0 7 14 31 0 4 0 0 0 0 0 0 0 0 0 7 10 0 0 0 10 0 42 0 0 0 20 24 0 0 0 0 0 0 0 0 0 0 0 13 0 1 0 0 0 0 0 15 0 1 1 0 0 3 0 0 0 0 9 0 0 0 0 0 0 0 0 0 0 0 0 0 26 0 0 5 0 0 
 4 0 0 3 0 0 0 0 0 0 0 3 0 0 0 0 0 0 0 0 0 0 206 63 88 150 0 0 52 98 0 69 1 0 3 69 25 0 0 0 124 67 348 83 90 192 354 119 123 224 270 42 0 183 335 112 52 269 229 112 0 0 0 3 0 29 0 3 0 0 0 0 0 2 0 1 0 0 21 0 0 0 0 0 0 0 0 0 0 0 0 0 0 0 0 0 0 0 0 0 9 0 0 0 0 0 0 0 0 0 0 0 0 0 0 0 0 12 0 0 38 24 0 48 7 0 20 0 11 21 21 10 18 20 37 0 0 5 0 26 0 0 0 0 0 0 27 0 0 0 0 0 0 0 0 0 0 0 12 0 0 0 0 0 0 0 0 0 5 4 0 0 0 28 0 0 0 0 0 0 0 0 0 0 0 2 0 0 0 0 0 0 0 0 0 0 0 7 0 0 15 0 0 0 5 0 9 18 6 56 0 21 0 8 10 32 19 66 3 0 0 0 6 0 0 0 6 0 0 0 0 0 0 0 0 0 0 0 0 0 0 0 0 0 2 0 0 0 0 0 0 5 0 1 0 0 0 0 0 3 0 0 0 71 24 4 0 0 2 0 0 0 0 2 0 0 0 0 0 0 0 0 0 0 0 14 0 0 0 11 
 3 0 0 0 0 0 3 1 0 0 0 0 0 0 0 1 0 0 0 0 0 6 0 0 122 100 2 1 0 85 1 128 0 66 11 52 6 3 0 0 476 287 113 69 64 99 268 99 116 69 53 48 183 0 239 27 42 49 106 153 0 0 0 0 0 1 0 0 3 0 3 0 0 0 0 0 0 0 0 0 0 0 0 0 0 0 0 65 0 0 0 0 0 0 0 0 0 0 0 0 0 5 0 0 19 3 0 0 0 0 0 0 0 0 0 0 0 0 46 0 8 8 20 0 0 22 8 26 18 6 5 20 9 14 8 69 41 32 0 10 0 0 0 0 0 0 1 0 3 0 0 0 18 0 0 0 0 0 0 0 0 0 0 0 0 0 0 0 0 0 0 0 0 6 0 0 0 0 0 0 0 0 0 0 0 9 0 0 8 0 1 0 0 0 0 0 6 23 0 0 1 13 36 0 0 3 28 24 29 47 21 0 19 49 61 11 5 0 9 0 0 0 0 0 0 0 0 0 0 0 0 0 22 0 0 0 0 0 23 19 0 0 28 0 0 0 0 0 0 0 0 9 0 2 0 0 0 0 0 0 0 0 1 0 2 0 1 0 0 0 0 0 0 0 0 0 0 0 0 0 0 51 0 0 0 0 0 1 0 0 
 0 0 2 0 0 0 0 0 0 3 0 3 0 3 0 0 62 0 0 0 0 0 0 2 66 0 3 0 9 5 1 73 0 0 2 0 2 2 0 0 202 109 295 63 276 260 75 291 90 115 341 31 335 239 0 66 44 145 157 76 0 0 0 0 5 1 0 0 0 0 0 0 0 0 0 3 0 0 0 0 0 0 0 0 0 0 0 0 0 0 0 0 0 0 0 0 0 0 0 0 0 0 3 0 11 15 12 0 0 4 0 10 0 6 17 0 2 0 0 10 27 0 15 9 21 19 13 8 15 19 18 9 12 0 8 30 24 5 0 4 0 0 0 0 0 0 4 0 1 0 3 0 0 0 0 5 0 0 0 0 0 0 0 0 0 5 27 0 0 0 0 0 0 1 0 0 0 0 0 0 3 0 0 0 0 21 0 4 0 0 0 5 12 21 3 0 0 0 4 6 1 27 24 0 0 0 24 7 29 36 12 0 8 12 23 59 18 8 22 27 0 0 0 0 0 0 1 0 0 0 0 0 0 0 0 0 0 0 0 0 0 0 10 0 0 0 0 0 0 30 0 7 0 1 0 0 0 0 0 0 0 0 2 0 63 0 5 0 0 0 0 0 0 0 0 0 0 0 0 0 0 0 0 0 0 0 0 0 1 0 
 0 0 0 0 0 0 0 0 0 0 0 0 0 0 0 0 0 0 0 0 0 0 0 0 63 66 3 0 4 3 2 142 0 0 0 4 3 0 0 0 31 122 174 116 74 297 110 54 57 387 160 40 112 27 66 0 205 178 79 112 0 0 0 54 0 2 4 0 2 0 0 18 51 14 2 0 0 0 0 23 0 0 0 0 0 0 0 0 0 0 0 0 0 0 0 0 0 0 0 0 0 0 0 0 0 0 0 0 0 0 0 0 0 0 0 0 0 0 0 0 4 0 7 29 24 0 35 10 36 29 21 0 0 41 0 0 10 23 0 25 0 0 0 0 0 0 21 0 0 0 0 0 13 5 9 7 0 0 0 0 0 0 0 0 0 0 0 0 0 0 0 0 0 0 0 0 2 0 0 0 0 0 3 0 0 0 0 0 0 0 0 0 0 0 0 0 0 0 0 0 7 0 8 1 8 0 26 10 19 0 6 0 0 8 0 9 33 0 0 0 13 9 0 0 0 0 0 1 0 0 0 0 10 0 28 0 0 0 0 12 0 0 0 0 0 0 0 0 0 0 0 21 0 0 0 0 0 0 0 10 0 0 0 0 0 2 0 0 0 0 9 0 0 0 0 0 0 0 0 0 0 0 0 0 2 23 0 0 2 0 
 0 4 0 0 0 0 3 0 0 0 0 0 0 0 0 0 0 0 0 0 2 2 2 2 2 2 2 2 5 2 4 5 7 3 3 0 4 2 7 2 43 203 292 92 118 86 261 29 210 246 450 234 52 42 44 205 0 114 30 71 7 0 0 0 0 0 0 4 0 2 0 0 53 0 2 0 0 0 54 7 0 0 0 0 0 0 0 0 0 0 0 0 0 0 0 0 0 0 0 0 0 0 0 0 0 0 0 0 0 0 13 0 0 0 0 0 0 0 0 0 1 17 9 15 6 9 1 0 0 0 23 2 0 0 0 10 17 33 0 0 0 0 2 0 0 0 9 31 0 0 0 0 20 17 11 10 0 0 0 3 0 0 0 0 0 0 0 0 0 0 29 0 0 0 0 0 3 6 0 0 32 0 0 0 0 0 0 0 0 0 0 0 0 0 14 0 0 0 0 0 0 0 6 22 24 10 0 14 4 0 0 25 0 16 0 0 0 1 0 13 6 18 0 3 1 0 1 6 1 0 0 0 16 56 9 0 0 6 21 0 0 0 8 0 0 0 0 0 0 0 0 20 0 0 0 0 0 0 0 4 0 0 5 0 0 2 1 0 0 0 0 0 0 0 0 0 0 0 0 0 0 3 0 0 15 0 0 0 2 0 
 0 1 7 3 0 0 6 5 3 0 0 1 1 3 0 0 3 0 1 0 0 0 0 0 0 21 0 0 0 0 1 0 2 0 1 0 0 1 0 0 254 161 217 386 36 272 116 26 47 66 227 177 269 49 145 178 114 0 84 68 0 24 0 0 0 2 0 51 2 0 0 0 0 0 0 4 0 0 2 0 8 3 0 10 4 1 0 0 0 0 8 0 0 18 0 0 0 4 0 0 0 0 0 0 0 0 11 0 0 0 0 0 0 0 0 0 10 0 0 19 13 0 28 36 1 26 10 14 14 28 14 16 0 23 1 7 7 8 0 19 0 0 16 0 0 0 1 1 0 0 0 0 15 3 0 0 0 0 0 1 0 0 7 0 0 0 0 0 0 4 2 0 1 30 3 8 0 4 0 0 0 0 0 0 0 0 0 0 0 0 0 0 0 0 0 0 0 0 0 0 9 3 4 12 1 0 3 9 19 19 18 9 0 28 0 29 2 2 0 10 0 0 0 0 0 0 0 0 0 0 0 0 11 0 0 0 0 0 0 0 0 0 0 0 0 1 2 0 0 0 0 10 0 0 0 0 0 0 0 15 0 0 3 0 1 5 0 0 3 0 0 0 0 0 0 0 0 0 0 0 0 0 0 0 39 39 0 19 1 0 
 2 3 3 4 2 3 3 1 5 0 3 2 3 0 2 3 1 1 3 2 2 2 3 66 70 127 60 2 65 4 65 133 2 2 4 1 2 2 2 4 37 70 107 80 71 58 185 58 145 329 102 36 229 106 157 79 30 84 0 166 0 0 3 2 0 0 0 0 1 2 1 0 0 4 0 2 3 0 0 0 0 0 0 0 0 0 0 0 0 0 0 0 0 0 0 0 0 0 0 0 0 10 0 6 0 42 0 0 0 20 0 0 0 0 0 0 0 0 0 0 0 0 0 0 0 0 10 1 14 0 25 14 52 10 16 8 0 0 0 33 0 0 0 0 0 0 7 0 0 0 2 0 0 0 0 3 0 0 0 0 0 0 0 0 4 2 0 0 0 0 0 0 0 0 0 0 0 0 0 0 0 13 11 0 1 0 0 0 8 0 17 18 16 0 0 0 0 0 0 0 7 0 0 0 0 2 8 0 9 22 19 9 0 18 0 11 15 0 41 19 0 0 0 0 0 0 0 0 0 0 0 0 0 0 0 0 0 0 0 0 0 0 0 0 0 0 0 0 0 0 0 7 0 0 0 0 0 0 0 0 10 0 46 0 1 2 0 0 2 0 0 0 0 0 0 0 0 0 0 0 0 0 0 0 0 6 1 1 2 0 
 0 5 1 0 0 0 0 0 1 0 0 0 4 11 0 0 5 0 4 0 2 5 2 2 2 153 2 2 2 5 2 180 2 2 2 0 3 8 2 2 99 54 32 43 55 44 182 105 272 74 51 21 112 153 76 112 71 68 166 0 0 0 0 0 0 0 0 0 0 0 0 20 0 3 0 0 0 0 0 0 0 1 0 4 0 0 0 3 0 0 1 0 0 0 5 0 7 0 3 6 0 0 0 0 10 17 0 0 0 0 0 0 0 0 0 0 0 0 0 0 12 0 0 0 0 0 0 63 13 1 8 19 20 8 11 0 0 5 0 10 0 0 0 0 0 0 6 0 1 0 4 0 0 0 0 5 0 0 0 0 1 3 7 0 0 0 0 3 6 3 6 0 6 22 1 5 8 0 0 0 0 0 0 0 7 27 0 0 0 0 0 10 0 0 0 0 0 0 0 0 13 31 22 0 26 0 9 0 7 0 10 4 21 24 0 4 18 13 15 6 0 0 0 0 0 0 0 0 0 0 0 0 0 0 0 0 0 0 0 0 0 3 0 0 0 0 0 0 0 0 0 9 0 1 0 0 0 1 0 2 0 5 4 5 0 14 2 0 0 0 0 0 0 0 0 0 0 0 0 0 0 0 0 0 0 11 14 0 0 0 
 0 0 1 14 7 1 0 0 0 4 0 0 0 0 0 3 0 3 0 0 9 5 3 3 3 3 9 9 5 8 3 3 3 3 5 0 3 7 3 9 0 2 0 0 101 74 0 0 0 0 0 54 0 0 0 0 7 0 0 0 0 154 115 121 30 19 90 84 283 476 281 54 566 98 97 141 82 279 95 82 0 0 0 0 0 7 0 0 0 0 0 0 0 0 0 0 0 0 0 0 12 6 0 0 0 0 10 0 0 0 0 0 0 0 0 1 1 0 20 0 4 0 0 0 6 0 0 0 0 0 0 6 0 0 0 0 0 0 0 9 5 2 27 5 10 5 19 36 19 35 0 0 24 0 0 6 27 11 14 0 0 0 0 0 2 0 0 0 7 0 0 0 12 0 0 0 1 0 0 0 0 0 0 0 0 0 0 17 0 0 0 0 0 1 1 0 0 0 3 0 0 0 0 0 4 15 0 0 0 0 0 6 0 0 0 0 0 0 0 0 0 0 30 0 1 14 0 2 5 1 0 0 20 20 10 16 15 11 22 0 21 0 0 0 0 0 0 0 0 0 0 0 0 0 9 0 0 0 0 0 0 0 0 0 0 0 0 0 0 0 13 0 0 1 1 0 0 0 0 0 0 0 0 0 26 2 0 0 0 0 
