 0 320 142 235 121 113 203 233 116 118 73 391 49 58 103 120 404 31 121 116 3 3 3 0 1 0 0 5 0 0 0 3 0 0 0 0 0 4 0 0 0 0 0 0 0 29 0 0 3 0 0 0 3 2 63 0 0 0 0 2 0 0 2 0 0 55 0 0 5 0 0 0 0 0 0 0 0 0 0 0 0 17 19 22 0 40 0 15 34 12 15 22 19 11 37 18 21 13 0 2 0 0 0 0 0 0 0 0 1 0 0 0 0 0 0 0 0 0 0 0 0 0 0 0 0 0 0 0 0 0 0 0 0 0 0 0 0 0 0 0 0 0 0 0 0 0 0 0 0 0 0 0 4 0 0 0 0 0 0 0 16 0 0 62 35 24 12 12 20 0 19 22 0 47 25 28 1 70 9 0 0 18 11 0 9 0 1 0 0 0 0 0 0 0 0 0 0 0 29 0 7 0 0 0 0 0 0 0 0 0 2 0 0 0 49 0 12 0 0 0 0 0 0 20 0 0 0 0 0 0 0 0 0 33 0 0 0 0 0 0 0 0 0 0 0 2 92 0 0 90 0 10 0 0 0 0 0 0 0 0 0 0 15 0 0 0 0 0 0 0 0 0 0 0 0 0 25 13 0 0 0 0 0 0 0 0 0 0 0 0 
 320 0 244 99 106 44 74 142 390 186 298 96 445 370 313 59 401 315 671 244 5 3 3 0 3 1 0 4 0 3 3 3 82 0 0 0 1 2 0 106 2 0 0 2 0 4 0 0 3 2 0 0 2 3 3 2 3 0 6 8 4 0 2 0 0 2 0 0 0 1 0 0 2 1 0 0 0 2 1 37 0 15 0 34 12 9 0 14 0 56 1 47 17 13 17 2 0 12 0 0 14 0 0 0 0 1 57 0 1 0 0 0 10 0 0 0 0 1 32 10 0 0 0 0 0 0 0 0 0 0 0 0 0 0 0 0 0 0 0 0 0 0 0 0 2 0 0 0 0 0 2 0 0 0 0 0 0 0 0 0 10 13 54 0 0 0 25 0 10 0 13 0 0 0 24 0 0 18 0 0 0 0 0 0 0 0 24 0 0 0 0 0 0 0 0 0 0 0 0 0 0 0 0 2 0 0 0 0 0 0 0 0 0 0 0 0 0 0 0 1 0 1 0 0 0 0 0 1 0 0 0 0 1 0 0 0 0 0 0 0 0 5 0 0 0 2 99 0 91 0 0 10 0 1 2 0 0 0 0 0 0 0 45 0 0 0 0 0 0 0 0 0 0 0 0 0 0 0 0 0 0 0 0 0 0 0 0 0 0 0 
 142 244 0 301 53 133 63 167 114 131 60 198 84 104 467 511 499 106 32 28 3 5 3 1 0 5 2 3 3 0 73 3 0 4 0 3 3 3 74 3 3 0 1 9 0 1 0 0 3 2 2 0 5 2 0 0 0 0 0 0 3 0 2 0 0 0 0 0 2 2 3 0 0 2 0 0 0 3 0 3 0 14 10 15 0 29 0 1 29 13 0 22 30 0 0 17 0 0 0 1 0 0 0 0 0 0 3 0 1 0 0 0 0 1 0 0 0 2 0 0 0 0 0 0 0 0 0 0 0 0 0 0 0 0 0 0 0 0 0 0 0 0 0 0 0 0 0 0 0 0 0 0 0 0 0 2 0 0 0 0 23 0 0 44 18 9 59 13 0 0 8 15 0 0 2 19 0 84 0 0 0 0 0 0 0 0 1 0 0 0 0 0 0 0 0 0 0 0 23 0 0 0 0 0 0 0 0 0 0 0 0 0 0 0 0 0 12 0 0 0 0 0 0 13 0 0 0 2 0 0 0 0 0 0 0 0 0 0 0 0 0 7 0 0 0 2 1 1 93 86 0 83 0 0 0 0 2 0 0 0 0 0 0 0 0 0 0 0 0 0 0 0 0 0 0 0 14 0 0 0 0 0 0 0 0 0 0 0 0 0 
 235 99 301 0 505 121 162 253 88 308 180 54 149 175 235 44 121 213 85 140 3 3 3 0 0 2 78 3 0 0 4 3 81 33 0 2 3 2 1 74 0 0 0 0 0 5 2 0 3 2 0 0 3 2 5 0 5 0 0 30 1 3 2 0 0 0 0 0 0 7 0 0 0 0 0 1 0 0 0 0 15 7 49 0 13 22 0 0 13 33 22 10 0 0 14 28 12 32 0 0 0 25 0 0 0 2 20 0 17 15 0 0 17 28 0 41 0 0 25 14 0 0 0 0 0 0 0 10 0 0 0 0 0 0 0 0 0 0 0 0 0 0 0 0 0 0 0 0 0 0 0 0 0 0 6 1 0 0 0 0 0 14 0 47 35 0 8 0 15 27 9 0 0 0 8 0 15 1 7 0 12 0 0 1 0 0 9 0 7 0 0 0 0 0 0 0 0 11 23 0 0 0 0 0 0 0 0 0 0 0 0 0 0 0 0 0 0 0 2 0 0 0 0 0 0 32 0 1 0 0 0 0 0 0 0 0 0 0 0 0 0 0 0 0 0 2 2 0 2 2 1 8 8 0 0 0 0 0 0 0 0 0 0 0 0 0 0 0 0 0 0 0 0 0 0 19 5 0 0 0 0 0 0 0 0 0 0 0 0 0 
 121 106 53 505 0 46 253 69 337 477 221 223 57 372 71 86 660 137 58 56 3 5 3 0 0 0 0 3 0 0 0 3 74 0 0 0 0 2 0 77 0 0 0 0 0 2 63 0 2 6 0 0 2 2 0 0 6 1 0 65 0 0 55 0 0 0 0 0 1 0 0 0 0 2 0 0 0 0 0 0 6 10 24 15 11 27 0 0 15 36 1 46 1 8 19 1 37 35 0 0 19 0 0 0 0 0 34 0 0 0 0 18 78 20 0 20 0 0 23 0 0 0 0 0 0 0 0 0 0 0 9 0 0 0 0 0 0 0 0 0 0 0 0 0 0 0 0 0 0 0 0 0 0 0 20 0 0 0 0 15 4 0 18 0 28 0 1 1 0 38 0 3 12 8 1 12 16 11 0 0 36 0 0 0 0 0 23 0 0 0 0 0 0 0 0 0 0 0 14 0 0 0 0 0 0 0 0 0 0 0 0 0 0 0 13 0 0 0 0 0 0 0 0 0 0 0 0 0 0 0 0 0 0 0 0 0 0 0 0 0 0 0 0 0 0 2 0 2 126 3 2 9 0 0 0 0 0 0 0 0 0 0 0 0 0 0 0 0 0 0 0 0 0 0 0 0 0 0 0 0 0 0 0 0 0 0 0 0 0 0 
 113 44 133 121 46 0 49 27 140 162 251 259 109 54 125 72 147 87 125 37 80 4 4 80 0 0 151 61 0 76 2 3 90 79 0 2 1 2 75 0 0 0 0 0 0 1 0 0 3 0 0 0 2 2 0 0 4 58 0 70 0 0 2 0 0 0 0 0 7 0 0 0 0 2 0 0 0 0 1 45 16 12 0 0 28 32 0 0 11 3 0 12 0 1 0 0 1 44 0 0 0 19 1 0 0 0 1 11 19 0 1 0 21 2 39 10 0 0 14 0 0 0 0 0 0 0 0 0 0 0 0 0 0 11 0 2 0 0 0 0 2 0 0 40 0 0 0 0 0 0 0 0 2 0 5 7 0 0 0 0 0 9 2 1 16 1 0 0 2 19 21 29 0 1 0 0 0 1 0 0 38 0 0 0 0 0 10 1 22 0 0 0 10 0 2 0 15 9 40 0 0 0 0 0 0 0 0 0 0 2 0 0 0 0 19 0 0 0 0 0 0 0 0 0 0 0 0 0 7 0 0 0 0 0 0 0 10 0 0 0 0 0 0 0 1 1 1 0 0 45 0 9 0 0 0 0 0 0 0 0 1 0 0 0 0 0 1 0 0 0 0 0 0 0 0 0 0 17 0 0 0 1 0 0 0 16 0 0 0 0 
 203 74 63 162 253 49 0 220 62 49 127 57 114 49 144 34 54 247 53 213 5 3 3 0 0 1 0 3 0 0 0 5 0 0 0 0 0 3 0 0 0 0 0 63 0 1 0 0 3 0 0 0 3 2 0 0 0 0 0 0 0 0 2 0 0 0 7 0 0 0 0 0 6 0 0 0 0 5 0 0 18 0 29 0 1 0 15 18 10 0 11 0 1 0 35 46 23 0 10 42 0 0 0 0 0 0 2 0 0 1 0 0 0 2 0 0 19 0 22 0 0 0 0 0 0 1 0 0 0 0 0 0 0 0 0 0 0 0 0 0 0 0 0 0 0 1 0 0 0 1 0 0 0 0 0 0 0 0 0 0 7 13 5 33 0 0 0 1 9 2 0 0 41 0 12 22 15 0 0 26 0 9 0 0 0 1 0 0 0 0 0 1 0 0 0 0 0 13 0 0 0 2 0 0 0 0 0 0 0 0 0 13 0 13 0 0 0 0 0 0 0 0 0 0 0 0 0 0 0 0 0 0 0 20 0 0 0 0 0 0 0 1 0 0 0 0 2 0 0 0 0 15 0 0 0 0 0 1 0 0 0 0 1 0 0 0 0 0 0 0 0 0 0 0 0 0 13 0 0 0 0 0 0 0 0 0 0 0 0 13 
 233 142 167 253 69 27 220 0 164 70 124 45 212 93 161 212 139 47 171 134 5 3 3 6 2 6 5 3 0 0 6 5 0 0 0 5 10 6 0 0 0 3 11 0 3 9 6 0 3 6 0 1 3 2 1 0 2 0 0 0 0 4 5 3 3 2 8 3 0 0 0 0 15 0 0 0 0 6 31 0 1 8 13 12 0 1 25 0 0 10 42 0 10 17 14 36 29 15 22 26 0 0 0 0 0 0 0 0 0 0 0 0 0 0 0 0 0 2 14 0 0 0 0 0 0 0 0 0 0 0 0 0 0 0 0 0 0 0 0 0 0 0 0 0 1 0 0 0 0 0 0 0 0 0 0 0 0 0 0 0 15 70 0 8 1 0 1 17 25 1 7 0 29 7 25 16 35 25 10 19 0 0 0 0 0 0 0 0 0 0 0 0 0 0 0 0 0 0 26 0 0 0 0 1 0 0 0 0 0 0 0 0 0 0 0 0 7 0 0 2 0 0 0 0 0 0 0 2 0 0 0 0 2 0 0 0 0 0 0 0 0 0 0 0 0 0 0 2 50 0 0 12 0 0 0 0 0 0 0 0 0 0 0 0 0 0 0 0 0 0 0 0 0 0 0 0 23 0 0 0 0 0 0 0 0 0 0 0 0 0 
 116 390 114 88 337 140 62 164 0 340 425 207 313 383 279 53 158 235 68 47 3 3 5 0 0 0 0 3 0 74 0 4 77 0 73 0 0 2 0 74 3 0 0 3 0 1 2 0 3 0 0 0 2 2 0 0 0 0 0 0 0 0 2 0 0 0 7 0 0 0 0 0 0 1 0 0 0 0 0 0 11 17 24 22 33 10 0 20 6 12 0 13 30 0 11 1 9 21 0 15 11 0 0 0 0 0 18 1 0 0 0 0 36 24 0 0 0 0 11 0 0 0 0 2 0 0 0 0 0 0 0 0 0 14 0 0 0 0 0 0 0 0 0 0 0 2 0 0 0 2 0 0 0 0 5 2 0 0 14 0 21 0 26 19 0 0 12 10 0 25 18 10 0 0 10 26 30 20 0 0 19 4 0 0 0 0 20 0 0 0 0 0 0 0 13 0 0 0 0 0 0 0 0 0 2 0 0 0 0 0 0 0 0 0 0 0 0 0 0 0 0 0 0 0 0 0 0 0 0 2 0 0 0 0 0 0 0 0 0 1 0 9 0 0 0 1 44 0 89 90 2 18 0 0 0 0 0 0 0 0 0 0 17 0 0 0 0 0 0 0 0 0 0 0 0 0 0 20 0 0 0 0 0 0 0 0 0 0 0 0 
 118 186 131 308 477 162 49 70 340 0 165 53 136 97 288 188 137 359 131 84 5 3 3 0 0 2 0 3 69 2 0 5 34 0 83 1 0 8 0 0 0 0 0 0 0 2 0 0 3 0 0 0 3 2 0 0 0 0 0 0 0 0 2 0 0 0 5 0 0 0 0 0 0 0 0 0 0 0 0 0 3 21 25 46 27 13 17 23 10 11 11 27 39 0 0 1 21 37 1 18 0 0 0 0 0 0 0 0 0 0 0 0 9 16 1 0 0 0 0 0 0 0 0 0 0 0 1 0 0 0 0 0 0 0 0 0 0 8 0 0 0 0 0 0 0 0 0 0 2 0 0 10 1 0 8 0 0 2 0 0 28 1 16 0 2 0 29 17 14 41 14 10 0 0 8 10 37 17 10 0 14 0 0 0 0 0 27 0 0 0 0 0 0 13 0 0 0 0 18 19 0 0 2 0 0 0 0 0 0 0 0 0 0 0 10 0 0 0 0 0 0 0 0 0 0 0 0 0 0 0 0 0 0 0 0 0 0 0 0 0 0 8 0 0 1 3 85 0 0 2 1 0 0 0 0 0 0 0 0 0 0 0 13 0 0 0 0 0 0 0 0 0 0 2 0 0 8 13 0 0 0 0 0 0 0 0 0 0 0 0 
 73 298 60 180 221 251 127 124 425 165 0 101 143 137 376 81 283 70 42 111 104 5 3 0 0 0 0 3 0 1 0 3 78 0 1 0 0 4 0 2 0 0 0 0 0 2 0 0 6 0 0 0 2 2 0 0 2 0 0 2 0 0 2 0 0 0 0 0 5 0 0 0 0 2 0 0 0 0 0 0 15 5 27 0 12 65 15 1 7 3 15 45 0 11 22 11 10 56 0 0 1 15 0 12 0 0 55 7 1 0 0 0 18 21 0 13 0 0 31 13 0 0 0 0 0 0 0 0 0 0 0 0 0 1 0 15 0 0 0 0 0 0 0 0 0 0 0 0 0 0 0 0 0 0 7 0 0 0 0 2 0 12 1 0 21 29 0 0 0 14 0 45 0 62 2 0 8 20 0 0 30 0 0 0 0 0 2 0 0 0 0 0 11 0 0 0 0 13 21 8 0 0 0 0 0 0 0 2 0 0 0 0 0 0 32 0 0 0 0 0 0 0 0 2 0 0 0 0 0 0 0 0 0 0 0 0 0 0 0 0 0 0 0 0 0 5 1 0 0 87 16 13 0 0 0 0 0 0 0 0 0 0 0 0 0 0 0 0 0 0 0 0 0 0 0 0 0 0 0 0 0 0 0 0 0 0 0 0 0 0 
 391 96 198 54 223 259 57 45 207 53 101 0 28 108 214 52 363 131 56 39 0 0 0 0 0 5 2 3 0 0 3 1 1 0 0 2 5 76 86 0 0 2 0 0 2 7 35 0 0 2 0 1 0 0 3 0 0 62 0 76 0 2 0 47 0 0 2 32 8 0 0 0 2 0 0 0 1 0 0 0 19 33 17 22 11 31 0 13 14 11 10 17 8 11 0 19 13 12 0 7 0 0 0 0 0 0 0 0 1 0 0 0 1 0 0 1 0 0 0 0 0 0 0 0 2 0 0 0 0 0 0 0 0 16 0 0 0 0 0 0 0 0 0 0 0 0 0 0 2 0 0 0 1 0 0 0 0 2 0 0 23 0 0 12 29 31 31 17 14 2 15 22 0 40 8 34 1 40 17 0 0 0 0 0 0 0 0 19 0 0 0 0 0 0 17 0 0 0 56 0 0 0 2 0 0 0 0 0 0 1 0 0 0 0 44 0 12 0 0 0 0 0 0 0 0 1 0 0 0 0 0 0 0 0 0 0 0 0 0 0 0 8 0 0 0 2 181 0 5 119 0 6 0 0 0 1 0 0 0 0 0 0 14 0 0 0 2 0 0 0 0 0 0 0 0 14 0 0 0 0 0 0 0 0 0 0 0 0 0 0 
 49 445 84 149 57 109 114 212 313 136 143 28 0 84 105 45 71 126 293 549 3 3 2 0 4 1 1 3 0 0 0 3 0 0 0 0 0 2 0 0 0 0 0 0 0 2 0 0 2 0 0 0 2 2 0 0 0 0 0 0 0 0 2 0 0 0 0 0 0 0 45 0 0 3 0 0 0 0 0 0 1 0 11 15 0 0 34 0 2 0 25 2 22 11 28 10 36 44 21 10 0 0 0 2 0 0 0 0 0 0 0 0 0 0 0 0 0 0 11 0 0 0 0 0 0 0 0 0 0 0 0 0 0 0 41 0 0 0 0 0 0 0 0 1 1 0 0 10 0 0 0 1 0 0 0 0 0 0 0 0 0 14 10 0 0 0 0 13 24 0 0 0 0 0 7 0 2 21 34 13 0 0 0 0 0 0 0 0 0 0 0 0 0 0 0 0 0 0 3 0 0 0 0 0 0 0 0 0 0 0 0 0 0 0 4 0 0 0 0 0 0 0 0 0 0 0 0 0 0 0 0 0 0 0 0 0 0 0 0 0 0 0 0 0 0 3 2 0 0 0 0 6 2 0 0 0 0 0 0 0 0 0 0 0 0 0 0 0 0 0 0 0 0 0 0 0 22 22 0 0 0 0 0 0 0 0 0 0 0 0 
 58 370 104 175 372 54 49 93 383 97 137 108 84 0 405 126 226 31 143 61 4 4 3 3 0 3 148 3 1 0 0 3 0 0 0 5 0 2 149 0 3 0 5 2 4 2 0 0 2 3 0 4 2 2 55 3 0 0 0 4 3 1 4 2 1 1 2 0 2 0 2 4 0 5 1 2 2 2 2 0 7 19 23 0 12 13 27 25 20 10 2 0 13 97 20 13 0 0 0 13 0 0 0 0 0 0 6 4 0 0 0 0 0 0 0 1 0 0 1 0 0 0 0 0 0 0 0 0 0 0 0 0 0 2 0 0 0 0 0 0 0 0 0 0 0 0 0 0 0 0 0 0 0 0 0 0 0 0 0 1 19 0 37 15 40 0 16 24 22 0 1 0 21 20 9 11 28 12 3 8 2 0 0 9 0 0 0 0 0 0 0 0 0 0 0 0 0 0 0 0 0 0 0 0 0 0 0 1 0 0 0 0 0 0 0 0 0 0 0 0 0 0 2 0 0 9 0 0 0 0 0 0 0 0 6 0 0 0 0 0 0 0 0 0 0 3 2 1 96 3 0 7 0 0 0 0 2 0 0 0 0 0 0 0 0 0 0 0 0 0 0 0 0 0 0 0 0 0 0 0 0 0 0 0 0 0 0 0 0 0 
 103 313 467 235 71 125 144 161 279 288 376 214 105 405 0 200 136 46 258 169 3 3 3 1 0 0 34 3 0 0 3 5 0 3 1 0 3 2 2 2 0 2 0 0 0 5 3 0 63 3 0 1 2 4 1 0 0 0 0 36 0 2 2 0 0 0 4 0 2 0 4 0 2 3 2 0 0 10 0 0 18 27 11 31 0 17 2 13 0 0 44 17 30 1 13 29 52 0 16 23 0 0 0 0 0 0 0 2 0 0 0 0 0 0 0 0 0 0 10 0 0 2 0 0 0 0 0 0 0 0 0 0 0 0 0 0 0 0 0 0 0 0 0 0 2 0 2 0 0 0 0 0 0 0 0 0 1 0 0 0 9 41 21 25 22 0 63 45 30 44 14 0 0 13 18 0 2 36 17 12 0 0 14 0 0 0 0 0 0 1 0 0 0 0 0 0 0 0 10 0 0 0 0 0 0 0 0 0 0 0 0 0 17 0 0 1 0 0 0 0 0 0 0 0 0 0 0 0 0 0 0 0 0 0 0 0 0 0 0 0 0 8 0 0 0 1 100 0 1 0 0 15 0 0 0 1 0 0 0 0 0 0 14 0 0 0 0 0 0 0 0 0 0 0 0 12 23 0 0 0 0 0 0 0 0 0 0 0 0 0 
 120 59 511 44 86 72 34 212 53 188 81 52 45 126 200 0 264 340 343 79 3 3 3 0 0 0 0 3 78 5 0 92 0 0 0 0 0 2 72 0 0 0 0 0 0 2 0 0 3 0 0 0 3 2 0 0 0 0 0 56 0 0 2 0 0 0 0 0 3 0 0 0 0 0 0 0 0 0 0 0 23 7 1 48 0 0 27 0 14 22 27 78 27 0 0 2 89 39 0 36 0 13 54 0 0 0 10 0 21 1 0 0 0 0 0 15 0 0 0 11 0 2 0 0 0 0 0 0 0 0 0 0 0 0 0 0 0 0 0 0 0 0 0 0 0 0 2 0 0 0 0 0 0 14 0 0 1 14 0 0 25 14 0 0 0 1 13 24 0 0 8 0 0 34 0 21 3 41 14 7 0 0 0 0 0 0 3 0 0 2 0 0 0 0 9 0 0 8 3 0 0 0 0 0 0 0 0 0 0 0 0 0 0 0 0 1 10 0 0 0 0 0 0 0 0 0 0 0 0 0 0 0 0 0 0 0 0 0 0 0 0 2 0 0 0 2 88 0 0 1 0 15 0 0 0 0 0 0 0 0 0 0 0 0 0 3 0 0 0 0 0 0 0 0 0 35 10 0 0 0 0 0 0 0 0 11 0 0 0 0 
 404 401 499 121 660 147 54 139 158 137 283 363 71 226 136 264 0 396 261 124 80 3 2 0 0 1 0 3 0 0 0 3 1 0 0 0 0 2 1 0 0 0 0 0 0 0 0 0 2 0 0 0 2 3 1 0 0 0 0 1 0 0 2 0 0 0 0 0 7 40 0 0 0 3 0 0 0 0 0 0 1 81 15 2 10 38 0 0 17 35 49 28 14 0 16 41 31 41 0 10 41 1 0 2 0 0 34 0 0 0 0 0 0 0 0 0 0 0 27 0 0 0 0 15 0 0 0 12 0 0 0 0 0 0 0 0 0 0 0 0 0 16 0 1 2 0 0 0 0 0 0 1 0 0 0 0 0 0 0 0 20 0 0 15 0 4 15 22 0 0 0 32 0 23 2 15 0 57 1 0 0 0 0 0 0 0 29 0 0 0 0 0 0 0 0 0 0 0 17 0 0 0 0 0 0 0 0 0 0 0 0 0 0 0 26 0 24 0 0 0 0 0 0 0 0 0 0 0 0 15 0 0 0 0 0 0 0 0 0 0 0 6 0 0 0 1 7 0 8 48 0 19 4 0 0 0 0 0 0 0 0 0 0 0 0 0 0 0 0 0 0 0 0 0 0 2 0 0 0 0 0 0 0 0 0 0 0 0 0 0 
 31 315 106 213 137 87 247 47 235 359 70 131 126 31 46 340 396 0 31 30 3 3 3 0 0 0 76 3 2 0 0 3 2 75 0 2 0 2 147 84 0 3 0 0 0 2 0 0 4 0 2 0 3 2 0 0 2 0 0 63 0 0 2 0 3 0 0 0 0 10 32 0 0 0 0 0 0 0 0 0 0 0 0 15 33 15 0 0 10 56 13 26 0 0 0 0 10 27 0 1 10 18 1 0 0 0 27 0 8 1 0 0 32 0 16 24 0 2 22 12 0 0 5 0 0 0 0 0 0 0 0 0 0 8 0 0 0 0 0 0 0 0 0 2 0 0 0 0 0 0 0 0 0 0 6 17 0 0 0 0 0 0 35 16 11 0 0 0 0 13 25 1 0 0 0 0 0 0 0 0 62 9 0 0 0 0 30 0 0 0 0 0 0 0 8 0 0 10 7 0 0 0 0 0 0 0 0 0 0 1 0 0 0 0 0 0 0 0 0 0 0 0 0 0 0 6 0 2 0 0 0 0 0 0 0 0 0 0 0 0 0 0 0 0 0 3 0 0 86 48 0 88 7 0 0 0 0 0 0 0 0 0 0 0 0 0 0 0 0 0 1 0 0 0 0 8 0 18 0 0 0 1 0 0 0 0 0 0 0 9 
 121 671 32 85 58 125 53 171 68 131 42 56 293 143 258 343 261 31 0 72 3 3 3 0 2 1 0 3 0 2 3 3 0 0 2 0 0 6 3 2 0 3 7 1 2 1 0 0 3 0 0 0 2 2 0 2 0 0 0 61 0 0 2 0 1 1 0 0 35 1 0 2 0 1 2 0 0 2 36 0 22 31 5 15 0 0 25 0 0 0 14 0 11 27 0 7 45 18 12 16 2 1 0 0 0 0 0 0 0 0 0 0 0 0 0 0 0 0 0 0 0 0 1 0 1 0 0 0 0 0 0 0 0 0 0 2 0 0 0 0 2 0 20 0 30 0 0 0 0 0 0 0 2 0 0 0 0 2 0 0 0 19 0 19 0 0 3 10 70 0 19 0 3 15 15 3 39 22 27 14 0 0 1 0 0 0 0 0 0 0 0 0 0 0 2 0 0 0 16 0 0 0 0 0 0 0 0 0 0 2 0 0 2 0 0 0 0 0 0 0 0 0 0 0 0 0 0 0 0 0 0 0 0 0 0 0 0 1 2 0 0 0 0 0 0 2 104 0 1 0 1 2 0 0 0 0 0 0 0 0 0 0 1 0 0 0 1 0 0 0 0 0 0 0 1 16 5 0 0 0 0 0 0 0 0 2 0 0 0 0 
 116 244 28 140 56 37 213 134 47 84 111 39 549 61 169 79 124 30 72 0 3 3 2 0 73 0 0 3 0 0 75 3 0 0 0 0 0 2 0 51 0 0 5 0 48 1 0 0 2 0 30 1 2 2 0 0 0 0 0 0 0 0 2 64 0 0 5 0 0 0 0 0 0 3 0 0 0 0 0 0 0 15 13 0 0 9 28 15 12 0 4 9 11 52 50 5 17 9 33 0 0 0 0 0 0 0 20 0 18 0 0 0 0 0 0 0 0 0 2 0 0 0 0 0 0 0 0 0 0 0 0 0 0 0 0 0 0 0 0 0 0 0 0 0 0 0 0 0 0 0 0 0 0 0 0 0 0 0 0 0 0 0 0 0 0 0 0 4 0 0 0 0 14 16 16 0 0 0 12 27 0 0 0 0 0 0 0 0 0 0 0 0 0 0 0 0 0 0 0 0 0 0 0 0 0 0 0 0 0 0 0 0 0 0 0 0 0 0 0 0 0 0 0 0 0 0 0 1 0 0 0 0 0 0 0 0 0 0 0 0 0 0 0 0 0 0 0 0 2 0 0 4 0 0 0 0 0 0 0 0 0 0 0 0 0 0 0 0 0 0 0 0 0 0 0 0 0 0 0 0 0 0 0 0 0 0 0 0 0 0 
 3 5 3 3 3 80 5 5 3 5 104 0 3 4 3 3 80 3 3 3 0 67 78 74 51 50 120 195 243 224 25 26 155 130 131 34 44 307 183 44 0 0 0 0 2 2 0 0 9 1 0 0 0 0 0 0 2 1 2 0 0 0 0 0 0 4 4 8 0 0 0 0 0 0 2 1 0 0 0 0 17 2 0 0 26 22 0 0 5 1 0 0 0 0 0 0 0 1 0 0 17 12 16 0 11 0 17 38 10 0 0 0 0 28 43 12 14 1 12 11 1 0 0 0 0 0 0 0 0 0 0 0 0 0 0 0 0 0 0 0 0 0 2 5 0 0 0 0 0 2 0 0 0 0 0 3 0 0 0 0 0 33 0 0 16 10 5 0 0 7 14 25 0 0 0 0 0 0 0 0 0 9 7 0 25 0 2 0 15 13 0 18 18 29 22 17 22 23 0 25 0 0 0 0 20 0 0 0 0 0 0 0 0 0 0 0 0 0 0 13 0 0 0 0 0 0 0 0 0 0 0 0 0 0 0 2 0 0 0 0 0 0 0 0 0 0 0 0 0 0 0 0 0 0 8 0 4 0 0 1 24 0 0 0 0 0 0 0 0 0 0 0 0 0 0 0 0 1 0 0 0 1 0 0 0 11 0 0 0 0 
 3 3 5 3 5 4 3 3 3 3 5 0 3 4 3 3 3 3 3 3 67 0 307 432 33 40 102 86 112 407 51 165 70 53 121 188 268 32 110 118 0 0 0 0 2 1 0 0 0 1 0 0 0 0 0 0 1 0 207 0 0 0 0 0 0 3 4 0 0 0 0 0 2 1 2 0 1 62 0 0 0 0 0 0 0 0 0 0 0 0 0 0 0 0 0 0 15 0 0 0 0 18 15 29 7 21 0 0 12 26 44 30 1 21 0 3 36 23 0 34 32 0 0 0 0 0 0 16 0 0 0 0 1 9 0 0 0 0 67 0 0 1 0 0 0 0 0 0 0 0 0 0 0 0 0 1 0 0 0 0 4 0 9 0 2 0 0 1 0 0 0 0 0 0 0 0 0 0 3 0 16 15 0 15 0 0 0 50 11 15 0 16 11 42 26 0 0 14 13 21 0 0 0 0 0 4 0 0 2 0 0 0 2 0 0 0 0 0 14 10 0 0 2 0 0 0 0 0 0 0 0 0 0 0 0 0 0 0 10 0 0 0 8 0 0 0 0 0 0 0 0 0 0 0 21 0 1 4 0 1 13 21 0 0 0 0 0 0 0 0 0 0 0 0 0 0 0 0 0 1 0 6 0 0 1 0 15 0 0 0 
 3 3 3 3 3 4 3 3 5 3 3 0 2 3 3 3 2 3 3 2 78 307 0 73 122 184 61 374 69 193 210 130 124 211 135 179 44 191 111 76 3 0 0 0 2 1 77 0 0 0 0 0 21 2 5 67 0 0 0 66 0 0 0 0 0 3 3 0 3 0 0 0 0 93 41 0 6 6 1 0 0 0 0 0 0 1 0 0 0 0 14 0 0 0 0 0 0 0 0 0 14 8 17 52 39 26 11 13 1 18 27 19 0 1 0 13 12 23 0 0 15 0 0 0 0 0 8 13 11 0 0 0 10 0 8 9 0 0 17 8 0 0 0 0 0 0 0 0 17 0 0 0 0 0 0 0 0 0 0 0 0 0 0 0 0 20 0 0 0 0 2 0 0 0 0 1 0 0 0 0 21 17 13 14 12 1 0 49 0 43 7 40 0 0 14 21 11 12 0 6 0 0 0 0 2 0 0 0 12 0 0 0 11 8 27 0 0 19 38 0 0 12 0 0 0 0 0 0 0 0 0 14 0 0 0 0 18 2 0 0 0 0 11 0 0 54 0 0 0 0 0 0 0 1 14 0 2 169 39 0 0 0 0 0 0 0 0 0 0 0 0 0 0 0 0 0 0 0 0 9 0 11 0 0 0 0 26 0 0 0 
 0 0 1 0 0 80 0 6 0 0 0 0 0 3 1 0 0 0 0 0 74 432 73 0 188 189 73 71 70 336 191 137 41 66 73 306 119 126 74 53 0 0 2 0 2 0 0 0 0 0 0 0 0 61 1 22 0 0 61 0 0 0 0 0 0 3 4 0 0 6 0 0 0 2 0 0 0 0 5 0 0 0 0 0 0 0 0 0 0 0 0 0 0 0 0 0 0 0 2 0 0 8 14 28 0 56 0 0 5 16 27 8 1 10 0 0 12 7 0 0 16 0 0 0 0 0 17 6 0 0 1 0 1 0 32 8 0 0 9 30 0 0 0 0 0 0 0 0 0 0 0 0 0 0 0 0 7 0 0 0 0 0 0 0 0 6 0 0 0 2 0 1 0 0 0 0 0 0 0 0 12 12 0 58 27 22 0 8 0 20 8 0 0 12 8 0 54 0 0 31 7 0 0 0 2 0 3 19 14 0 0 0 18 38 9 0 0 2 32 7 0 0 0 0 0 0 0 0 0 0 0 12 0 0 0 0 0 0 11 0 0 0 0 0 0 0 0 0 0 0 0 0 0 0 12 0 0 160 113 0 0 2 0 0 0 0 0 0 0 0 0 0 0 0 0 0 0 0 0 0 0 0 0 0 21 0 0 0 0 0 
 1 3 0 0 0 0 0 2 0 0 0 0 4 0 0 0 0 0 2 73 51 33 122 188 0 154 42 159 79 178 320 57 43 354 190 75 72 278 53 79 0 210 2 0 2 1 35 62 28 9 0 4 0 1 0 0 0 119 6 6 0 0 0 0 0 3 4 5 0 0 0 0 0 0 3 0 0 6 0 0 0 12 0 0 0 0 0 0 0 0 2 2 0 0 0 0 1 0 0 2 23 0 20 10 18 0 1 25 0 0 11 19 0 13 0 0 8 26 0 0 24 0 0 0 0 0 13 0 0 10 32 0 0 0 2 6 3 0 33 21 0 0 0 0 2 0 0 0 0 0 0 0 1 0 0 0 1 0 16 0 0 0 0 0 0 5 1 0 0 3 0 0 0 0 49 10 0 0 0 0 1 16 0 0 22 50 0 6 13 28 0 44 0 20 3 1 19 0 0 0 9 15 0 8 0 0 46 1 21 15 11 0 7 1 1 7 4 11 43 13 0 0 0 0 0 0 0 0 0 0 0 4 0 0 0 0 0 0 0 0 0 0 0 0 0 0 0 0 0 0 0 0 0 0 19 2 2 2 3 3 5 0 0 0 0 0 0 0 0 0 9 0 0 0 0 0 0 0 0 0 0 0 0 0 23 0 14 0 0 0 
 0 1 5 2 0 0 1 6 0 2 0 5 1 3 0 0 1 0 1 0 50 40 184 189 154 0 31 124 125 54 80 125 48 50 119 215 156 76 247 47 2 5 0 3 4 4 65 0 2 7 0 0 128 22 3 2 1 0 64 39 0 3 1 1 0 5 6 0 4 0 0 2 2 6 0 0 3 3 0 0 0 0 0 0 0 0 0 0 0 0 0 0 0 0 0 0 0 0 0 0 0 0 0 51 14 37 0 0 0 0 0 0 0 0 0 0 1 10 0 0 0 23 0 0 0 0 65 7 1 0 15 0 33 0 26 29 14 0 12 39 0 0 0 0 0 0 0 0 0 0 0 0 0 0 0 0 2 0 0 0 1 0 0 0 0 9 0 0 0 0 2 0 0 0 2 0 0 0 0 0 0 0 0 29 80 20 0 0 0 8 27 12 0 0 0 0 27 0 0 0 12 0 0 7 2 18 0 21 42 0 0 20 1 33 2 0 15 11 23 0 0 0 0 0 0 14 0 0 0 0 0 0 0 0 0 0 0 2 0 0 0 0 0 0 0 0 0 0 0 0 0 0 0 0 6 0 8 129 74 0 0 0 0 0 0 0 0 0 0 0 0 0 0 1 0 0 0 0 0 12 0 0 0 0 22 0 0 0 0 0 
 0 0 2 78 0 151 0 5 0 0 0 2 1 148 34 0 0 76 0 0 120 102 61 73 42 31 0 251 130 99 37 163 172 174 106 172 118 30 343 64 0 1 0 0 2 0 2 0 0 0 0 7 0 0 1 0 0 0 0 0 0 0 0 0 0 9 3 0 0 4 3 0 46 0 0 0 0 0 1 0 0 0 0 0 12 0 0 0 0 0 8 6 0 0 0 0 19 18 0 0 15 30 0 0 34 1 0 10 21 9 8 0 28 11 36 27 0 0 11 15 0 0 0 0 0 0 0 0 0 0 0 0 0 0 0 0 0 0 0 0 0 0 9 4 0 0 0 0 0 10 0 0 0 0 0 2 0 0 0 0 2 0 0 11 12 0 0 5 0 0 9 9 0 0 0 0 0 0 0 0 0 16 15 0 0 0 24 13 66 0 8 0 45 19 19 16 12 15 34 0 0 0 0 0 0 0 0 0 0 0 0 0 0 0 0 0 0 0 12 0 0 0 0 0 0 0 0 0 0 0 0 0 0 0 0 0 0 0 0 0 0 0 0 0 0 0 0 0 0 0 0 0 6 0 5 0 2 0 1 0 0 0 0 0 0 0 10 0 0 0 0 0 0 0 0 4 0 30 0 0 0 0 0 0 0 0 0 0 0 0 
 5 4 3 3 3 61 3 3 3 3 3 3 3 3 3 3 3 3 3 3 195 86 374 71 159 124 251 0 148 93 115 147 297 160 90 92 276 144 55 133 0 0 0 0 2 1 227 0 0 0 0 7 0 0 1 1 0 4 0 0 0 0 0 0 0 9 3 0 0 0 0 0 0 0 0 0 0 0 0 0 0 1 0 0 0 0 0 0 0 0 0 0 0 0 0 0 0 0 0 0 0 13 9 18 46 78 16 10 19 21 35 14 28 0 0 6 22 30 0 2 59 0 0 0 0 0 0 21 0 0 0 0 0 1 0 0 0 0 24 0 0 0 0 0 0 0 0 0 8 0 0 0 0 0 0 0 0 0 0 0 0 0 0 2 0 3 0 0 0 1 0 0 0 0 0 28 0 0 0 0 0 0 10 16 3 19 0 0 27 13 17 9 27 15 14 96 26 13 0 19 0 0 0 0 0 0 19 0 0 0 0 0 0 0 0 0 0 0 12 8 0 0 0 0 0 0 0 0 0 0 0 2 0 0 0 0 0 0 0 0 0 0 0 0 0 0 0 0 0 0 0 0 0 0 9 0 2 78 75 0 2 0 0 0 0 0 3 0 0 0 0 0 0 0 0 0 0 0 0 9 0 0 0 0 0 0 0 0 0 0 
 0 0 3 0 0 0 0 0 0 69 0 0 0 1 0 78 0 2 0 0 243 112 69 70 79 125 130 148 0 84 153 176 58 91 79 227 139 27 66 135 0 0 0 0 0 0 1 0 0 0 0 5 0 0 2 0 0 0 1 0 0 0 18 0 0 6 0 0 0 0 0 0 0 0 0 0 3 3 0 0 0 0 0 0 0 0 0 0 0 0 0 0 0 0 0 0 0 0 0 0 0 9 8 25 24 38 1 2 11 66 35 0 18 11 0 0 35 0 0 1 21 0 0 0 0 0 12 9 0 0 0 0 1 13 16 0 0 7 8 18 0 0 0 0 0 0 0 0 0 0 0 0 0 0 0 0 0 0 0 0 0 0 0 0 0 6 0 2 0 0 0 0 0 0 8 0 0 0 0 0 0 29 8 27 0 0 0 8 9 31 10 3 6 36 9 22 10 14 1 33 0 0 5 1 0 0 13 0 16 0 0 0 26 20 7 0 0 0 33 10 0 0 0 0 0 0 0 0 0 0 0 12 0 1 0 0 0 0 0 0 0 0 0 0 0 1 0 0 0 0 0 0 0 0 4 0 1 1 97 2 3 21 0 0 0 0 4 0 0 0 0 0 0 0 0 0 0 0 0 0 0 0 2 0 1 0 0 0 0 0 
 0 3 0 0 0 76 0 0 74 2 1 0 0 0 0 5 0 0 2 0 224 407 193 336 178 54 99 93 84 0 255 229 418 421 510 415 74 65 168 78 0 0 0 0 2 7 0 4 0 0 0 0 0 0 0 0 0 0 0 0 0 0 0 1 0 3 4 8 0 0 0 5 6 0 4 0 0 0 5 0 0 0 0 0 0 0 0 8 0 0 19 0 0 0 0 0 0 0 0 0 33 12 20 0 9 24 33 27 52 45 21 1 7 21 14 7 16 42 0 0 18 0 0 0 0 0 0 0 0 0 0 3 0 0 0 2 0 2 0 0 0 0 0 0 0 0 0 0 5 0 0 0 0 0 0 1 0 0 14 0 0 0 2 0 0 19 2 0 0 5 0 0 0 0 0 0 0 0 0 0 4 0 20 0 15 0 0 22 33 21 0 34 2 22 34 44 42 16 0 32 0 0 0 0 0 0 0 0 0 0 0 0 1 0 0 0 0 0 28 0 0 0 0 0 0 0 0 0 0 0 2 0 0 0 0 0 0 0 0 9 0 0 18 0 0 0 0 0 0 0 0 0 0 0 10 0 5 1 0 0 9 4 0 0 0 0 0 0 0 0 0 0 0 0 0 0 0 1 0 0 0 21 0 0 0 0 0 0 0 0 
 0 3 73 4 0 2 0 6 0 0 0 3 0 0 3 0 0 0 3 75 25 51 210 191 320 80 37 115 153 255 0 46 109 124 157 168 165 263 108 274 0 0 0 0 48 0 71 0 0 2 0 0 63 0 0 2 0 0 0 10 0 0 0 0 0 3 4 3 0 0 0 0 0 0 3 0 0 0 0 0 0 0 0 0 0 0 0 0 0 0 0 0 0 0 0 0 0 2 0 0 17 15 11 37 29 8 16 19 1 58 24 22 0 25 0 27 26 1 0 0 23 0 0 1 0 0 27 1 9 0 12 0 26 0 10 0 0 0 22 11 0 0 0 0 0 0 0 0 9 0 0 0 0 0 0 0 1 0 0 0 0 0 0 2 0 9 0 0 0 0 0 0 0 0 0 2 0 0 0 0 1 22 0 15 60 0 2 29 0 49 1 18 0 41 30 34 13 0 0 0 0 0 0 0 0 0 0 0 25 0 0 0 14 10 0 0 0 0 41 8 20 0 0 7 2 0 0 0 0 0 0 0 0 0 0 0 0 0 0 18 0 0 7 0 0 0 0 0 0 0 0 0 0 0 18 9 1 1 80 2 2 0 0 0 0 0 0 0 0 0 0 0 0 0 0 0 0 0 0 1 0 0 0 0 0 0 16 0 0 0 
 3 3 3 3 3 3 5 5 4 5 3 1 3 3 5 92 3 3 3 3 26 165 130 137 57 125 163 147 176 229 46 0 36 105 74 132 187 263 452 40 0 0 0 0 2 0 66 0 0 2 0 11 61 0 0 0 0 0 0 57 0 0 0 0 0 3 4 0 0 0 0 0 0 7 3 0 0 48 4 0 0 0 1 0 0 23 0 0 0 0 0 0 0 0 0 0 0 0 0 0 0 0 0 27 40 75 12 0 10 0 10 16 0 0 0 0 22 61 0 0 27 0 0 0 20 0 11 28 0 0 0 0 10 0 1 0 2 0 39 1 0 14 0 0 0 0 0 0 5 0 0 0 0 2 0 0 0 0 0 0 0 0 0 0 7 1 0 0 1 0 0 0 0 0 0 0 0 0 0 0 17 22 0 47 2 0 0 0 0 20 14 18 2 15 0 28 0 17 0 0 0 0 0 0 0 0 13 2 0 0 0 0 8 1 0 0 0 11 15 0 0 0 0 0 0 0 0 0 0 0 0 0 2 0 0 0 0 0 9 2 0 0 0 0 0 0 0 0 0 0 0 0 0 0 4 0 2 116 81 1 0 11 0 0 0 0 0 0 0 0 0 0 0 0 0 0 0 0 0 9 0 0 0 0 0 0 19 0 0 0 
 0 82 0 81 74 90 0 0 77 34 78 1 0 0 0 0 1 2 0 0 155 70 124 41 43 48 172 297 58 418 109 36 0 155 124 43 35 245 152 37 0 0 0 0 2 1 0 5 0 1 0 0 0 63 0 0 4 0 0 63 0 0 0 0 0 4 4 3 0 0 0 0 0 0 2 0 0 0 0 0 20 0 0 12 20 0 0 0 0 42 0 0 0 0 17 0 0 13 0 0 12 23 0 27 15 0 0 18 35 0 0 6 16 11 14 12 28 0 12 8 0 0 0 0 0 0 0 0 0 0 0 0 0 0 0 0 0 0 0 0 0 0 0 0 0 0 0 0 0 0 0 0 0 0 0 0 0 0 0 0 0 11 0 0 11 13 0 0 0 18 0 12 0 0 2 0 0 0 0 0 14 0 9 0 11 0 10 14 21 25 0 0 16 11 28 16 25 15 11 12 0 0 0 0 0 0 0 0 0 0 0 0 0 0 0 0 0 0 0 20 0 0 0 0 0 0 0 0 0 0 0 0 0 0 0 0 0 0 0 0 0 0 0 0 0 0 0 0 0 1 0 0 0 0 8 0 0 0 0 2 1 0 0 0 0 0 1 0 0 0 0 0 0 0 0 0 0 0 0 0 0 0 0 0 0 13 0 0 0 0 
 0 0 4 33 0 79 0 0 0 0 0 0 0 0 3 0 0 75 0 0 130 53 211 66 354 50 174 160 91 421 124 105 155 0 125 62 27 165 153 266 0 0 0 0 2 2 0 0 23 1 0 0 0 0 1 0 0 24 8 1 0 0 0 0 0 3 3 0 0 5 2 1 2 0 0 0 0 0 1 0 0 0 0 0 0 24 0 0 0 0 12 0 0 0 0 0 0 0 0 0 8 33 8 0 52 21 41 22 47 22 17 0 0 11 16 14 10 15 0 9 20 0 0 0 0 11 0 0 2 0 0 0 0 1 0 0 0 0 0 0 0 0 9 0 0 0 0 0 5 0 0 0 0 0 0 0 0 1 0 0 0 0 0 0 0 8 2 0 0 6 1 0 0 0 2 0 0 0 0 0 0 0 11 0 12 2 19 10 29 0 2 15 40 0 13 21 44 13 0 13 0 0 0 0 0 0 0 0 0 2 0 0 0 0 0 0 0 0 22 12 0 0 0 0 0 0 0 0 0 0 0 0 12 0 0 0 0 0 0 0 0 0 0 0 0 0 0 0 0 0 0 2 3 17 15 2 0 0 0 0 0 0 0 0 0 0 0 0 0 0 0 0 0 0 0 18 0 0 0 0 0 0 0 0 0 0 0 0 0 0 
 0 0 0 0 0 0 0 0 73 83 1 0 0 0 1 0 0 0 2 0 131 121 135 73 190 119 106 90 79 510 157 74 124 125 0 531 202 42 369 466 0 0 7 0 2 5 0 0 5 0 0 0 0 0 1 3 0 0 0 1 0 0 3 0 0 3 4 10 0 2 0 0 0 0 3 3 0 0 0 0 0 0 0 0 0 19 0 0 0 0 21 0 0 0 0 0 0 0 0 0 58 21 12 16 0 11 14 28 28 12 0 0 9 11 0 1 84 38 0 29 0 0 12 0 0 0 0 14 0 0 0 0 0 0 0 0 0 0 12 0 0 0 17 1 0 0 0 0 15 4 0 0 0 0 0 0 0 0 13 0 9 0 0 0 0 44 0 2 0 0 0 41 0 0 1 0 0 0 0 0 5 3 36 13 32 0 0 50 20 42 18 55 36 51 62 2 0 4 18 34 0 0 0 0 0 0 0 0 0 0 0 0 5 0 0 0 0 0 0 0 0 0 0 0 0 0 0 0 0 0 0 0 0 0 0 0 0 0 0 9 0 0 6 0 0 0 0 0 1 0 0 0 0 0 4 0 1 104 0 2 13 1 0 0 0 0 0 0 0 0 0 0 5 0 0 0 0 0 0 10 0 14 0 0 0 0 0 0 0 0 
 0 0 3 2 0 2 0 5 0 1 0 2 0 5 0 0 0 2 0 0 34 188 179 306 75 215 172 92 227 415 168 132 43 62 531 0 398 219 38 166 0 0 0 0 2 0 79 0 0 0 0 6 52 5 0 0 0 0 0 65 0 0 0 0 0 9 3 0 0 0 0 1 0 0 1 0 0 2 0 0 0 0 0 1 0 0 0 2 0 0 0 0 0 0 0 0 0 0 0 0 2 0 1 23 11 54 5 0 10 28 29 0 19 0 0 1 0 14 0 15 15 0 0 0 0 0 19 30 0 0 0 0 10 10 4 8 0 0 23 5 0 0 0 0 0 2 0 0 0 0 0 11 0 0 0 0 0 0 0 0 0 0 0 0 0 6 0 0 0 0 0 0 0 0 0 1 0 0 0 0 0 0 8 13 1 0 0 0 9 1 18 30 4 0 0 34 0 28 0 19 0 0 0 0 3 1 12 10 15 0 0 0 0 4 24 0 0 0 14 12 0 0 0 0 0 0 2 0 0 0 0 13 0 0 0 0 0 0 0 0 0 0 0 0 0 0 0 0 0 0 0 0 0 0 0 2 2 84 78 0 1 17 0 0 0 0 3 0 0 0 0 0 0 0 0 0 0 0 0 9 0 0 0 0 0 0 0 0 0 0 
 0 1 3 3 0 1 0 10 0 0 0 5 0 0 3 0 0 0 0 0 44 268 44 119 72 156 118 276 139 74 165 187 35 27 202 398 0 446 266 343 2 147 0 2 8 2 62 0 0 0 2 0 21 62 0 2 6 4 63 62 0 0 0 1 3 3 4 0 0 0 0 0 0 17 1 0 0 0 0 1 0 0 0 0 0 0 0 0 0 0 0 0 0 0 0 0 0 0 0 0 10 12 0 15 19 30 0 0 0 0 14 19 12 13 14 8 14 28 0 14 17 0 0 0 0 0 12 35 11 0 0 0 19 11 0 12 0 0 16 12 0 0 0 0 0 0 0 0 0 0 0 0 0 0 0 0 0 0 0 0 23 0 0 0 0 0 1 8 0 0 0 1 0 0 0 0 0 0 0 0 22 20 11 14 11 13 0 7 0 0 0 15 49 1 0 0 11 27 9 10 0 0 0 0 0 0 0 19 1 0 0 0 13 0 12 0 0 0 7 20 0 0 10 0 0 0 0 0 0 18 0 0 0 0 0 0 0 0 11 0 0 0 0 0 0 0 0 0 0 0 0 0 0 0 11 1 2 229 0 0 3 6 0 3 0 0 0 0 0 0 0 0 0 0 0 0 0 0 0 9 0 0 0 0 0 0 1 0 0 0 
 4 2 3 2 2 2 3 6 2 8 4 76 2 2 2 2 2 2 6 2 307 32 191 126 278 76 30 144 27 65 263 263 245 165 42 219 446 0 37 42 0 0 0 0 2 0 29 0 0 1 0 2 63 62 0 0 0 0 65 17 0 0 0 0 0 3 4 0 0 0 0 0 0 0 2 0 0 0 0 0 0 0 0 0 0 0 0 0 0 0 0 0 0 0 0 0 0 0 0 0 0 1 0 21 34 27 0 0 21 0 18 13 0 0 0 0 2 19 0 0 26 0 0 0 0 0 1 8 12 0 0 0 22 12 0 41 0 10 17 0 0 0 0 0 0 0 0 0 0 0 0 0 0 0 0 0 0 0 0 0 0 0 0 0 0 0 3 0 0 8 0 0 0 0 0 0 0 0 0 0 6 12 0 0 7 0 0 0 12 21 0 13 0 10 0 12 22 48 0 0 0 0 0 0 0 0 7 7 0 0 0 0 0 0 16 0 0 10 0 9 0 0 0 0 0 0 0 0 0 0 0 0 0 0 0 1 0 0 10 0 0 0 0 0 0 0 0 0 0 0 0 0 0 0 8 3 0 3 40 0 14 29 0 0 0 0 0 0 0 0 0 0 0 0 0 0 0 0 0 0 0 0 0 0 1 0 12 0 0 0 
 0 0 74 1 0 75 0 0 0 0 0 86 0 149 2 72 1 147 3 0 183 110 111 74 53 247 343 55 66 168 108 452 152 153 369 38 266 37 0 483 0 0 0 0 2 2 0 0 4 0 0 0 0 0 68 0 0 0 0 1 1 0 0 0 0 3 3 0 0 0 0 0 0 0 0 0 0 0 0 0 0 0 0 11 0 19 0 0 0 0 27 15 0 0 0 0 0 0 0 0 86 2 16 1 0 0 21 57 33 33 0 0 19 0 26 24 40 32 9 45 0 0 0 1 0 0 0 0 0 1 0 0 0 18 0 0 0 0 0 0 0 0 6 6 0 0 0 0 0 4 2 0 0 0 0 1 0 0 0 0 0 0 0 2 18 52 0 17 0 0 11 2 0 0 1 0 0 0 0 0 0 30 46 0 0 0 1 13 36 0 9 0 25 2 19 0 20 1 0 30 0 0 0 0 8 0 0 0 0 0 0 0 0 0 0 0 0 0 0 0 0 0 0 2 1 0 0 12 0 0 0 0 0 0 0 0 0 0 0 0 0 0 11 0 0 0 0 0 0 95 0 0 0 0 13 12 0 0 0 2 1 2 0 0 0 0 0 0 0 0 0 0 0 0 0 13 0 0 0 0 0 18 0 0 0 11 0 0 0 0 
 0 106 3 74 77 0 0 0 74 0 2 0 0 0 2 0 0 84 2 51 44 118 76 53 79 47 64 133 135 78 274 40 37 266 466 166 343 42 483 0 0 0 0 0 2 0 0 0 0 1 19 1 4 0 0 0 0 0 1 0 0 0 0 0 0 9 3 0 0 3 0 0 0 0 3 0 0 0 0 0 0 1 0 0 10 0 0 0 0 12 29 14 0 0 0 0 2 1 0 1 40 55 30 0 0 0 21 28 10 31 0 0 53 17 0 0 32 17 16 30 0 0 0 0 0 0 0 0 0 0 0 0 0 0 0 0 0 0 0 0 0 0 2 1 0 0 0 9 0 4 0 0 0 0 0 0 0 0 0 0 3 0 40 10 0 37 0 0 0 0 0 10 0 0 0 0 0 0 0 0 33 1 36 0 0 0 26 32 53 51 3 15 34 21 0 3 0 42 17 49 0 0 0 0 0 0 0 0 0 0 0 0 0 0 0 0 0 0 7 0 0 0 0 0 0 0 0 0 0 0 0 0 0 0 0 0 0 0 0 0 0 0 20 0 0 0 0 0 0 0 15 0 6 0 10 3 4 0 0 0 7 1 0 0 0 0 9 0 0 0 0 0 0 6 80 2 0 1 0 0 0 33 0 0 0 0 0 0 0 0 
 0 2 3 0 0 0 0 0 3 0 0 0 0 3 0 0 0 0 0 0 0 0 3 0 0 2 0 0 0 0 0 0 0 0 0 0 2 0 0 0 0 95 139 275 98 49 56 176 118 350 254 32 103 129 209 170 315 36 43 45 0 0 0 0 0 0 0 3 0 0 0 0 0 0 0 0 0 0 52 0 0 0 0 0 0 0 0 0 0 0 0 0 0 0 0 0 0 0 0 0 0 0 0 0 0 0 8 0 0 0 0 0 0 0 0 0 0 0 0 0 0 16 10 0 0 0 20 0 11 37 18 22 11 0 11 14 26 11 0 0 0 0 0 0 0 0 0 4 0 0 0 0 15 0 0 0 0 0 14 0 8 0 0 0 0 0 0 0 3 0 0 6 0 0 0 0 0 0 0 0 0 0 0 0 0 9 0 0 0 0 15 0 0 0 0 0 0 0 0 0 9 9 26 10 20 7 9 0 0 0 0 11 12 1 21 25 0 12 0 1 0 0 0 0 0 0 0 0 0 0 0 0 0 0 12 0 0 0 9 0 0 0 0 0 0 0 0 0 0 0 0 4 0 0 0 0 0 0 0 11 0 0 36 0 1 4 0 0 0 0 0 0 0 0 0 0 0 0 0 0 0 0 0 0 4 0 0 0 1 0 
 0 0 0 0 0 0 0 3 0 0 0 2 0 0 2 0 0 3 3 0 0 0 0 0 210 5 1 0 0 0 0 0 0 0 0 0 147 0 0 0 95 0 281 61 112 110 134 151 114 395 110 33 120 90 53 144 389 98 61 53 0 0 0 0 0 0 0 0 0 0 0 0 5 0 23 0 0 0 7 29 0 0 0 0 0 0 0 0 0 0 0 0 0 0 0 0 0 0 0 0 0 0 0 0 0 0 0 0 0 0 0 0 0 0 0 0 0 0 0 0 3 19 18 18 3 8 32 14 10 1 0 54 0 15 46 0 15 21 0 0 18 12 0 0 0 0 10 0 0 3 0 0 7 0 1 1 4 0 4 34 0 0 0 4 0 0 0 0 0 0 0 0 0 0 0 0 0 0 0 0 0 0 0 0 0 0 0 0 0 0 0 0 0 0 0 0 0 0 0 0 18 19 18 16 4 12 8 20 9 27 16 50 0 8 9 0 28 13 0 12 16 20 0 4 0 0 17 10 0 0 0 0 4 0 6 5 2 0 0 10 0 0 0 0 0 0 0 0 0 0 0 10 0 1 2 0 0 0 0 0 0 0 1 65 0 4 2 0 0 0 0 0 0 0 0 0 0 0 0 0 0 0 7 0 0 0 0 0 0 0 
 0 0 1 0 0 0 0 11 0 0 0 0 0 5 0 0 0 0 7 5 0 0 0 2 2 0 0 0 0 0 0 0 0 0 7 0 0 0 0 0 139 281 0 93 105 101 197 143 99 132 94 43 57 292 130 93 89 130 79 24 0 0 0 0 0 0 0 0 0 0 0 0 0 0 0 0 0 2 3 0 0 0 0 0 0 0 3 0 1 0 10 0 0 11 0 0 0 0 0 0 0 0 0 0 0 0 0 0 0 0 0 0 0 0 0 0 0 0 0 0 0 2 4 20 19 0 18 14 15 9 11 0 0 0 0 8 0 0 0 17 0 0 0 0 0 0 0 0 0 0 2 0 7 0 0 0 17 0 0 5 0 0 0 0 0 0 0 3 0 0 0 1 13 7 0 0 0 0 0 8 0 1 0 0 32 12 0 0 0 0 22 0 0 0 0 0 0 0 0 0 17 24 9 0 21 8 9 13 12 36 10 22 16 0 2 0 8 24 0 0 7 9 0 0 0 0 0 0 0 0 0 0 0 0 0 0 0 0 14 0 0 0 0 0 0 0 0 0 0 0 0 0 0 29 0 0 0 0 0 8 0 0 2 0 0 3 4 0 0 0 16 0 0 0 0 0 0 0 0 0 0 0 0 0 33 0 0 0 0 0 
 0 2 9 0 0 0 63 0 3 0 0 0 0 2 0 0 0 0 1 0 0 0 0 0 0 3 0 0 0 0 0 0 0 0 0 0 2 0 0 0 275 61 93 0 152 110 89 70 80 142 110 116 74 71 192 136 58 98 71 47 62 5 0 0 0 0 1 0 0 0 0 5 9 49 57 7 0 0 56 4 0 0 0 0 0 0 0 0 0 0 0 0 0 0 0 0 0 0 0 0 0 0 0 0 0 0 0 0 0 0 0 0 0 0 0 0 51 0 0 0 12 0 0 3 29 7 0 0 11 15 0 25 0 0 0 0 1 11 0 0 3 3 0 2 0 0 1 7 15 12 10 7 7 26 3 2 78 0 19 6 0 0 0 0 0 2 0 0 0 0 0 0 0 0 0 0 0 0 3 0 0 0 0 0 0 0 0 0 0 0 0 0 0 0 0 0 0 0 0 0 0 0 7 10 16 0 0 0 0 0 27 15 0 10 0 0 0 19 0 0 0 14 0 7 23 0 21 23 13 8 0 1 51 7 40 15 15 0 9 8 0 0 0 0 0 0 0 0 0 0 0 4 0 0 0 0 0 0 0 13 0 0 36 0 1 2 3 0 0 0 0 0 0 6 0 0 0 0 0 0 0 0 0 0 0 28 0 0 2 0 
 0 0 0 0 0 0 0 3 0 0 0 2 0 4 0 0 0 0 2 48 2 2 2 2 2 4 2 2 0 2 48 2 2 2 2 2 8 2 2 2 98 112 105 152 0 109 47 60 58 159 107 128 67 87 341 81 172 36 61 93 0 0 6 0 0 3 25 23 7 0 0 0 49 2 0 1 16 1 4 0 0 0 0 0 0 0 0 0 0 0 0 0 0 0 0 0 0 0 0 0 0 0 0 0 0 0 0 0 0 0 3 0 0 6 6 0 0 0 0 0 0 0 18 0 14 8 13 0 1 0 0 6 0 0 0 0 0 0 0 0 0 10 0 0 10 4 22 14 27 21 9 6 16 0 0 7 13 0 0 3 0 0 0 0 0 0 8 0 0 0 0 0 0 0 0 0 0 0 0 0 0 0 0 0 0 0 0 0 0 0 0 0 0 0 0 0 0 0 0 0 0 0 0 0 0 1 0 0 0 0 10 22 0 0 0 0 14 45 0 17 21 2 0 0 0 16 2 8 16 7 0 0 2 0 0 0 0 3 0 10 9 0 0 0 0 0 0 0 0 0 0 4 0 0 0 0 0 0 0 1 0 0 0 0 1 3 2 0 0 0 0 0 0 10 0 0 0 0 0 0 0 0 0 0 16 0 0 0 2 0 
 29 4 1 5 2 1 1 9 1 2 2 7 2 2 5 2 0 2 1 1 2 1 1 0 1 4 0 1 0 7 0 0 1 2 5 0 2 0 2 0 49 110 101 110 109 0 22 36 29 263 177 87 39 59 46 263 303 73 36 54 0 51 0 0 0 0 2 57 0 0 0 0 0 133 6 27 50 22 57 69 0 0 0 0 0 0 0 14 0 0 0 0 0 0 0 0 0 0 0 0 0 0 1 1 1 2 0 0 2 0 2 2 0 0 0 0 0 0 0 1 0 2 0 14 2 2 1 2 3 1 1 0 0 1 2 2 16 2 0 0 1 0 2 0 1 0 40 3 11 14 5 12 2 8 1 1 20 0 2 12 0 0 0 0 0 0 0 0 0 0 0 0 0 10 0 0 0 0 5 0 0 0 0 2 5 2 6 0 1 1 0 0 0 1 0 13 1 0 0 0 11 2 4 1 11 17 2 5 2 2 41 1 2 2 0 0 25 10 1 0 15 16 9 26 1 2 9 47 12 0 0 7 17 18 32 2 20 0 14 9 0 0 0 0 0 0 0 0 0 0 0 8 0 0 0 0 1 0 3 4 0 0 0 0 65 3 1 0 1 0 0 0 0 22 0 0 0 0 0 0 0 1 1 0 2 0 0 14 1 0 
 0 0 0 2 63 0 0 6 2 0 0 35 0 0 3 0 0 0 0 0 0 0 77 0 35 65 2 227 1 0 71 66 0 0 0 79 62 29 0 0 56 134 197 89 47 22 0 372 67 58 111 258 184 373 57 40 62 95 388 470 0 0 0 0 0 0 2 0 53 0 0 0 0 0 0 0 0 0 6 3 0 0 0 0 0 0 0 0 0 0 0 0 0 0 0 0 0 0 0 0 0 0 0 0 12 4 0 0 4 0 0 0 0 0 0 0 0 0 0 1 0 2 2 0 0 1 0 16 26 0 29 0 23 12 0 9 0 12 0 5 0 0 0 0 0 0 0 0 0 0 0 0 0 0 0 0 4 0 0 9 0 0 0 0 0 0 0 0 0 0 0 0 0 0 0 19 0 0 0 0 0 0 0 0 16 18 0 0 0 2 9 2 0 0 0 2 0 12 0 0 15 6 8 11 0 8 16 19 25 4 10 4 23 0 47 0 8 0 0 0 0 0 0 0 0 0 0 0 0 0 2 0 0 0 0 0 0 0 0 0 0 0 0 0 0 0 0 0 0 0 0 12 0 2 0 0 0 3 5 0 0 0 0 0 0 0 0 7 1 0 22 0 0 0 0 0 0 0 0 0 1 0 0 0 19 0 0 0 0 0 
 0 0 0 0 0 0 0 0 0 0 0 0 0 0 0 0 0 0 0 0 0 0 0 0 62 0 0 0 0 4 0 0 5 0 0 0 0 0 0 0 176 151 143 70 60 36 372 0 557 105 41 53 100 219 270 137 281 172 106 256 0 0 0 0 0 0 2 0 0 0 0 0 0 0 50 20 0 0 53 4 0 0 0 0 0 0 0 0 0 0 0 0 0 0 0 0 0 0 0 0 0 0 0 0 0 0 12 0 0 0 0 0 0 0 0 0 0 0 0 0 0 20 12 18 0 8 0 0 8 0 0 11 0 15 0 7 7 38 0 9 2 0 0 0 0 0 0 0 0 0 0 0 0 0 0 0 1 0 0 19 0 0 0 0 0 1 0 0 0 0 0 0 0 0 0 0 5 0 0 0 0 0 0 0 1 1 0 0 0 0 0 0 0 0 0 0 0 0 0 0 1 0 0 15 11 9 29 1 0 11 12 0 11 1 30 0 20 0 0 13 6 0 0 0 0 0 68 0 0 0 0 0 0 0 0 0 0 0 0 0 0 0 12 0 0 0 0 0 0 0 0 9 0 0 0 0 0 1 0 0 0 0 0 38 63 20 0 36 0 0 8 0 0 0 0 0 0 0 0 0 0 0 0 0 11 0 0 0 2 0 
 3 3 3 3 2 3 3 3 3 3 6 0 2 2 63 3 2 4 3 2 9 0 0 0 28 2 0 0 0 0 0 0 0 23 5 0 0 0 4 0 118 114 99 80 58 29 67 557 0 67 53 56 339 334 95 82 57 255 88 63 0 0 0 0 0 0 2 0 206 0 0 0 0 0 0 0 0 0 2 0 3 0 0 0 0 17 0 0 0 0 2 0 0 0 0 0 0 0 0 0 8 0 0 0 0 0 10 3 0 0 0 0 0 4 0 0 0 0 0 0 9 0 0 0 0 1 11 0 0 38 15 0 19 9 11 14 30 13 0 17 0 0 0 0 0 0 0 0 0 0 0 0 22 0 0 0 5 0 25 0 0 11 0 0 0 9 0 0 3 0 0 20 0 0 0 0 0 0 0 0 0 0 24 0 14 17 0 0 0 0 0 0 8 0 0 0 0 5 0 0 10 9 19 8 0 7 38 1 0 47 10 16 38 11 47 33 0 11 0 11 0 0 0 0 0 0 0 0 0 0 0 0 0 0 0 0 0 0 9 0 0 0 16 0 0 0 0 0 0 0 0 4 0 8 0 0 0 1 0 12 0 0 0 0 0 0 1 1 2 0 2 0 0 0 0 0 0 0 0 0 0 0 0 0 19 13 0 0 2 6 
 0 2 2 2 6 0 0 6 0 0 0 2 0 3 3 0 0 0 0 0 1 1 0 0 9 7 0 0 0 0 2 2 1 1 0 0 0 1 0 1 350 395 132 142 159 263 58 105 67 0 771 86 45 62 259 261 65 97 65 71 0 0 0 0 0 0 2 0 0 0 0 0 0 0 89 0 0 0 54 6 0 0 0 0 0 0 0 0 0 0 0 0 0 0 0 0 7 0 0 0 0 0 0 0 0 0 0 0 0 0 0 1 0 0 0 0 0 0 0 0 0 1 35 3 0 1 13 0 10 14 0 38 0 23 17 0 20 73 0 0 1 20 0 0 0 0 19 1 0 0 0 0 6 0 0 0 17 0 0 13 0 0 3 0 0 2 0 0 0 0 0 0 0 0 0 0 1 0 5 0 7 0 0 0 0 0 0 0 14 0 0 8 0 0 0 0 0 0 0 0 21 0 7 46 12 20 13 1 0 1 13 50 0 11 0 0 18 43 0 2 19 0 0 0 0 0 14 0 0 0 0 0 0 0 0 0 0 0 0 27 0 0 14 0 0 0 0 0 0 0 0 8 0 2 0 0 0 0 0 0 0 0 3 1 2 5 0 5 0 0 0 0 0 0 0 0 0 0 0 0 0 0 0 0 58 0 0 0 1 0 
 0 0 2 0 0 0 0 0 0 0 0 0 0 0 0 0 0 2 0 30 0 0 0 0 0 0 0 0 0 0 0 0 0 0 0 0 2 0 0 19 254 110 94 110 107 177 111 41 53 771 0 224 23 319 133 353 229 337 32 71 52 0 1 0 0 0 1 1 0 0 0 0 51 51 80 0 0 0 58 2 0 0 0 0 0 0 0 0 0 0 0 0 0 0 0 0 0 0 0 0 0 0 0 0 0 0 0 0 0 0 0 0 0 0 0 0 0 0 0 0 0 37 0 0 34 12 1 14 35 17 1 0 0 3 3 1 0 12 0 0 11 0 0 0 0 8 0 18 0 0 0 0 0 0 1 4 0 0 0 34 0 0 0 0 0 1 0 0 0 0 0 1 0 1 0 0 6 0 0 0 0 0 0 0 0 0 0 0 0 0 0 0 0 0 1 0 0 0 0 0 25 22 10 24 2 14 14 22 9 45 12 18 0 3 0 0 20 17 1 1 32 31 0 0 7 0 15 11 9 11 0 0 3 7 9 1 0 0 12 0 0 0 0 0 0 0 2 0 0 0 0 10 0 2 0 0 0 0 0 0 0 0 34 35 0 82 0 1 0 0 0 0 0 0 0 0 0 0 0 0 0 4 0 0 0 0 0 0 1 0 
 0 0 0 0 0 0 0 1 0 0 0 1 0 4 1 0 0 0 0 1 0 0 0 0 4 0 7 7 5 0 0 11 0 0 0 6 0 2 0 1 32 33 43 116 128 87 258 53 56 86 224 0 42 58 280 66 83 75 239 237 57 0 0 0 0 0 54 1 0 0 3 4 19 103 49 0 0 0 1 50 0 0 0 0 0 0 0 0 0 0 0 0 0 0 0 0 0 0 0 0 0 0 0 32 9 4 0 0 4 0 0 0 0 0 0 0 0 0 0 0 0 0 0 0 15 7 0 0 7 0 0 21 0 0 0 0 0 0 0 15 11 0 0 0 0 6 0 2 13 11 8 8 0 7 0 0 20 0 20 5 0 0 0 0 0 0 0 0 0 0 0 0 0 0 0 0 0 0 3 0 0 0 11 0 0 0 0 0 0 5 3 0 0 0 0 4 5 0 0 0 0 0 3 0 20 0 4 0 0 22 38 0 0 0 6 0 0 0 0 0 11 21 0 9 13 0 43 22 23 12 0 1 11 14 32 10 4 0 3 22 0 0 0 0 0 0 0 0 0 0 0 12 0 1 0 0 0 0 17 2 0 2 1 0 0 1 6 0 0 0 0 0 0 11 0 0 0 0 0 0 0 4 0 0 0 0 0 0 2 0 
 3 2 5 3 2 2 3 3 2 3 2 0 2 2 2 3 2 3 2 2 0 0 21 0 0 128 0 0 0 0 63 61 0 0 0 52 21 63 0 4 103 120 57 74 67 39 184 100 339 45 23 42 0 146 25 93 103 47 118 190 0 0 0 3 6 0 1 0 0 0 0 3 0 0 0 0 0 2 0 0 0 0 0 0 0 0 0 0 0 0 0 0 0 0 0 0 0 0 0 0 0 0 0 11 16 9 0 0 0 0 0 0 0 0 0 0 0 13 0 0 0 35 4 21 0 2 0 17 0 17 9 37 62 0 25 37 25 17 0 6 3 0 0 0 0 0 0 0 12 0 4 0 0 0 0 0 0 0 0 0 0 0 7 0 0 0 0 0 0 0 0 0 0 0 0 0 0 0 0 0 0 0 0 0 0 8 0 0 0 0 19 6 0 0 0 0 0 15 0 0 7 0 14 0 0 19 19 1 26 0 0 22 25 0 24 13 0 0 0 0 0 0 0 0 0 0 0 0 0 17 0 0 0 0 0 0 0 0 0 0 0 0 6 0 0 0 0 0 0 0 0 11 0 0 0 0 0 63 0 0 0 0 2 0 2 0 0 1 2 0 4 8 0 0 0 0 0 0 0 9 0 0 0 0 0 0 0 0 1 0 
 2 3 2 2 2 2 2 2 2 2 2 0 2 2 4 2 3 2 2 2 0 0 2 61 1 22 0 0 0 0 0 0 63 0 0 5 62 62 0 0 129 90 292 71 87 59 373 219 334 62 319 58 146 0 180 58 344 142 213 178 0 0 0 0 0 0 2 0 0 1 0 0 0 0 0 0 0 0 0 0 0 0 0 0 0 0 0 0 0 0 0 0 0 0 0 0 0 0 0 0 0 0 0 0 1 0 0 0 0 0 0 11 0 0 0 0 0 0 0 0 0 11 0 0 0 8 1 0 14 6 61 0 16 0 0 14 9 4 0 1 0 0 7 0 0 0 0 0 0 0 0 0 18 0 0 0 2 0 21 0 0 0 0 0 0 0 0 0 0 0 0 4 0 0 0 0 21 0 0 0 0 0 0 11 11 28 0 0 0 0 0 0 0 0 0 0 0 10 0 0 21 6 0 16 0 8 26 43 11 9 0 0 11 12 44 10 16 0 4 2 0 0 0 0 10 0 0 0 0 0 0 0 0 0 0 0 0 0 0 1 0 0 10 0 0 0 0 0 0 0 0 4 0 0 0 2 0 74 0 0 0 0 0 71 0 16 2 1 0 0 0 0 0 0 0 0 0 0 0 0 0 0 0 0 10 0 0 0 1 0 
 63 3 0 5 0 0 0 1 0 0 0 3 0 55 1 0 1 0 0 0 0 0 5 1 0 3 1 1 2 0 0 0 0 1 1 0 0 0 68 0 209 53 130 192 341 46 57 270 95 259 133 280 25 180 0 176 50 98 157 114 18 1 0 0 0 0 2 1 0 0 0 0 7 0 0 4 0 0 23 7 0 0 0 0 0 0 0 0 0 0 0 1 0 0 0 0 0 0 0 0 0 0 0 0 0 0 0 0 0 0 1 0 0 0 0 0 0 0 0 0 0 16 16 1 4 0 0 12 2 20 15 12 1 9 1 0 13 9 0 0 3 1 0 0 0 0 0 4 0 4 0 0 19 0 1 0 14 0 15 4 0 0 0 0 0 0 0 0 3 0 0 6 0 0 0 0 0 0 0 0 0 0 0 0 0 1 0 0 0 0 0 0 0 0 0 0 0 0 0 0 30 9 20 30 26 7 1 0 0 15 0 21 1 0 22 19 0 15 0 11 1 0 0 3 0 0 3 4 0 4 0 0 5 0 3 4 7 0 9 6 0 0 11 0 0 0 0 0 0 0 0 8 0 0 0 1 0 0 0 11 0 0 71 1 2 1 0 45 2 0 0 0 0 0 0 0 0 0 0 0 0 0 0 0 21 0 0 0 2 0 
 0 2 0 0 0 0 0 0 0 0 0 0 0 3 0 0 0 0 2 0 0 0 67 22 0 2 0 1 0 0 2 0 0 0 3 0 2 0 0 0 170 144 93 136 81 263 40 137 82 261 353 66 93 58 176 0 129 159 63 61 0 0 0 1 0 0 2 0 0 0 0 0 0 23 30 0 0 0 53 5 0 0 0 0 0 0 0 0 0 0 0 0 0 0 0 0 0 0 0 0 0 0 0 1 0 0 0 0 0 0 5 6 0 0 0 0 0 0 0 0 11 24 16 17 0 6 0 11 2 0 0 17 0 11 10 1 15 19 5 0 0 20 0 0 0 0 19 0 0 0 0 0 0 0 0 0 1 0 0 13 0 0 0 0 0 1 0 0 0 0 0 1 0 0 0 0 3 0 0 0 0 0 0 5 8 4 0 0 0 1 0 0 0 0 0 0 0 0 0 0 1 0 16 36 33 20 12 6 1 1 15 26 4 0 0 0 17 0 0 20 5 11 0 0 0 0 20 1 0 0 0 0 0 0 0 0 0 0 0 19 0 0 15 0 0 0 0 0 0 0 0 20 0 0 0 0 0 0 0 1 0 0 64 64 66 0 0 34 0 0 0 0 0 0 0 0 0 0 0 0 0 0 0 0 11 13 0 0 2 0 
 0 3 0 5 6 4 0 2 0 0 2 0 0 0 0 0 0 2 0 0 2 1 0 0 0 1 0 0 0 0 0 0 4 0 0 0 6 0 0 0 315 389 89 58 172 303 62 281 57 65 229 83 103 344 50 129 0 167 33 274 0 0 0 0 0 0 55 0 0 0 0 0 20 52 62 0 0 0 58 25 7 0 0 0 5 0 0 0 0 0 0 0 0 0 0 0 0 10 0 19 0 5 0 0 0 0 0 0 9 0 0 0 8 11 9 19 0 0 10 0 0 19 0 13 15 9 0 0 24 19 12 0 19 0 1 0 31 24 0 0 0 0 8 0 0 7 6 5 0 0 0 0 1 0 0 0 8 0 1 13 0 54 0 0 13 2 0 0 0 4 0 8 6 0 0 0 4 0 0 0 5 0 0 0 0 1 0 0 0 0 0 0 0 40 0 0 0 4 16 0 1 0 19 12 0 18 28 0 0 58 20 0 18 1 0 14 22 2 0 0 21 0 0 0 1 0 47 11 0 0 0 0 0 8 12 0 0 0 0 0 0 0 15 0 0 0 0 0 0 0 0 12 0 2 0 0 0 0 0 1 0 0 0 3 64 13 2 0 0 0 0 0 0 0 0 0 0 0 0 0 0 0 0 0 0 0 0 17 0 0 
 0 0 0 0 1 58 0 0 0 0 0 62 0 0 0 0 0 0 0 0 1 0 0 0 119 0 0 4 0 0 0 0 0 24 0 0 4 0 0 0 36 98 130 98 36 73 95 172 255 97 337 75 47 142 98 159 167 0 83 29 0 0 0 0 0 0 1 0 0 0 0 0 0 0 0 0 0 0 6 2 0 0 0 0 0 9 0 0 0 0 0 0 0 0 0 0 0 0 0 0 0 0 0 0 0 0 0 0 0 0 0 0 0 0 0 0 0 0 0 0 9 20 17 47 0 4 11 0 4 25 8 0 25 26 8 0 0 35 0 6 2 0 0 0 0 0 0 0 0 0 0 14 23 0 0 0 0 0 29 0 0 0 0 0 0 0 0 0 0 0 0 4 0 0 0 0 7 0 0 0 0 0 0 0 0 0 0 0 0 0 0 0 12 0 0 0 8 0 0 0 0 0 0 27 0 9 53 0 0 35 11 14 14 11 10 0 20 9 0 20 0 0 0 0 0 0 0 0 0 0 0 0 0 0 0 0 0 0 0 1 0 0 15 0 0 0 0 0 0 0 0 2 0 0 0 0 0 2 0 13 0 0 2 66 0 31 1 61 0 0 7 0 0 0 0 0 0 0 0 0 0 0 0 0 0 5 0 0 0 7 
 0 6 0 0 0 0 0 0 0 0 0 0 0 0 0 0 0 0 0 0 2 207 0 61 6 64 0 0 1 0 0 0 0 8 0 0 63 65 0 1 43 61 79 71 61 36 388 106 88 65 32 239 118 213 157 63 33 83 0 377 0 0 2 2 2 0 3 1 0 0 1 2 6 0 0 1 1 2 3 36 0 0 0 0 0 0 0 0 0 0 0 0 0 0 0 0 0 0 0 0 0 0 0 0 0 0 0 0 0 0 0 11 10 0 0 0 0 0 0 0 1 0 20 13 19 0 1 8 31 8 28 0 9 24 0 11 1 20 1 0 12 0 0 0 0 0 0 0 0 3 0 0 2 0 0 0 3 0 2 4 0 0 0 0 0 1 0 0 0 11 0 18 0 0 0 0 0 0 0 0 0 0 0 15 0 16 0 0 0 0 0 1 0 0 0 0 0 15 0 0 30 11 0 15 11 0 1 14 9 0 0 7 6 20 16 0 1 8 0 11 0 0 0 3 0 0 7 10 0 0 0 0 2 0 5 3 1 0 10 1 0 0 14 0 0 0 0 0 0 0 0 34 0 0 0 0 0 23 0 9 0 18 0 0 0 0 0 14 2 0 0 0 0 0 0 1 0 0 0 0 0 0 6 0 0 0 0 0 0 0 
 2 8 0 30 65 70 0 0 0 0 2 76 0 4 36 56 1 63 61 0 0 0 66 0 6 39 0 0 0 0 10 57 63 1 1 65 62 17 1 0 45 53 24 47 93 54 470 256 63 71 71 237 190 178 114 61 274 29 377 0 0 0 0 0 0 4 1 0 0 0 0 0 3 6 0 0 0 4 0 0 43 9 0 2 14 0 0 0 0 0 15 0 0 0 0 12 6 3 0 7 0 16 0 1 11 16 0 0 0 0 0 0 5 13 0 19 0 1 3 0 0 57 0 0 9 0 16 13 9 0 1 0 28 0 6 33 0 11 0 28 0 0 0 0 4 0 0 0 0 0 0 0 0 0 0 14 0 0 0 0 0 64 0 0 12 0 8 0 0 19 0 0 0 21 0 1 0 0 3 0 14 0 0 19 1 6 0 0 0 0 21 8 0 0 0 0 17 6 9 0 0 0 0 0 1 0 0 9 0 0 0 0 9 4 13 0 1 0 7 0 0 0 0 0 0 0 0 0 0 0 0 0 0 0 0 0 0 0 0 0 0 0 0 0 0 1 38 0 0 0 0 6 0 0 0 0 0 8 1 0 0 0 66 0 0 3 2 0 0 0 3 0 0 0 0 8 0 0 0 0 0 0 0 0 0 0 0 0 0 0 
 0 4 3 1 0 0 0 0 0 0 0 0 0 3 0 0 0 0 0 0 0 0 0 0 0 0 0 0 0 0 0 0 0 0 0 0 0 0 1 0 0 0 0 62 0 0 0 0 0 0 52 57 0 0 18 0 0 0 0 0 0 117 44 104 22 24 121 167 45 88 240 42 189 71 107 39 31 70 37 81 0 0 0 0 0 0 0 0 0 0 0 0 0 0 0 0 0 0 0 0 0 0 0 0 0 0 0 0 0 0 0 3 23 0 0 0 0 0 0 0 0 0 0 13 26 39 0 0 0 0 0 8 0 0 0 0 0 0 0 0 18 9 14 4 0 12 0 12 8 11 40 1 18 8 29 22 21 14 2 9 0 0 0 0 1 2 0 0 0 0 18 0 0 0 0 0 0 0 0 0 0 0 0 0 0 0 8 0 0 0 0 0 0 0 0 0 0 0 0 0 0 0 0 0 6 0 0 0 0 0 22 6 0 0 0 0 0 7 0 0 0 28 2 7 8 8 2 3 6 39 4 8 21 8 13 27 31 0 24 100 0 0 0 0 0 0 0 0 0 2 0 0 0 0 11 0 0 0 0 0 0 0 0 0 0 0 9 0 0 0 7 0 0 0 2 1 0 0 0 0 0 0 0 0 0 7 0 0 0 0 
