 0 92 88 54 23 254 283 210 119 289 122 78 348 77 141 27 253 40 225 654 0 0 0 0 0 0 3 0 2 0 0 0 0 0 2 0 0 3 0 2 0 0 2 0 3 0 0 3 2 0 0 0 0 0 0 0 0 0 0 1 0 2 7 0 0 0 2 0 0 0 0 0 2 0 8 0 6 1 0 0 11 15 12 8 0 0 77 0 31 16 0 9 10 10 7 44 11 12 1 12 0 0 0 0 0 0 0 0 0 0 0 0 0 0 0 0 0 0 0 10 0 0 0 0 0 0 0 0 0 0 0 0 0 0 0 0 0 0 0 0 0 8 0 0 0 0 0 0 0 0 0 0 0 0 0 0 0 0 0 0 21 11 18 16 0 49 6 0 0 0 29 62 9 19 1 39 11 20 14 0 0 0 0 0 0 3 9 0 0 0 0 0 0 0 0 0 0 0 11 0 0 0 0 0 0 0 0 0 0 0 0 0 0 0 0 0 0 0 0 0 0 0 0 0 0 0 0 0 0 0 0 0 0 13 0 0 0 0 0 0 0 0 0 0 0 1 106 0 0 0 17 5 0 0 0 0 0 0 0 0 0 0 8 0 0 0 0 0 0 0 0 0 0 0 0 0 0 0 0 0 0 0 0 0 0 0 0 0 0 0 
 92 0 229 155 100 43 106 197 152 123 76 25 276 41 232 146 111 123 209 131 0 3 0 3 0 0 7 4 0 0 0 0 0 0 3 1 0 3 206 4 0 2 5 3 3 3 6 3 3 0 0 0 2 0 3 0 3 5 5 2 0 2 3 0 0 0 2 2 2 0 0 0 2 1 0 0 0 3 6 0 74 0 43 44 30 0 34 16 4 17 19 36 9 32 24 14 1 14 1 39 0 0 0 0 0 0 10 0 0 0 0 0 2 0 0 0 0 0 0 0 0 0 0 0 0 0 0 0 0 0 0 0 0 0 0 0 0 0 0 0 0 0 0 0 0 16 14 0 0 0 0 0 0 0 0 0 0 0 0 0 13 14 10 18 0 0 9 24 1 0 10 0 19 47 21 13 10 27 13 3 0 0 0 0 0 0 0 0 0 0 0 0 0 0 0 0 0 0 0 0 0 0 0 0 0 0 0 0 0 0 0 0 0 0 0 0 0 0 0 0 0 0 0 0 0 0 0 0 0 0 0 0 0 0 0 0 0 0 0 0 0 6 0 0 0 2 1 0 0 2 1 3 0 0 0 0 0 0 0 0 0 0 0 0 0 0 1 0 0 0 0 0 0 0 1 22 0 0 0 0 0 0 0 0 0 0 0 0 0 0 
 88 229 0 295 240 58 276 293 235 292 34 121 179 52 50 106 249 194 119 24 138 0 0 0 0 0 41 0 0 0 0 2 80 0 3 0 0 3 126 2 5 0 2 0 3 0 0 3 2 0 62 2 0 0 0 0 0 0 0 0 0 36 2 0 0 0 2 0 50 0 0 0 2 0 4 0 0 2 0 0 18 0 7 40 24 0 1 12 5 29 24 0 0 10 13 0 0 13 0 13 0 28 0 0 0 0 10 0 0 1 0 0 33 8 3 0 48 0 0 0 0 2 0 0 0 0 0 0 0 0 0 0 0 0 0 0 0 0 1 0 0 0 0 0 0 0 0 0 0 0 0 0 0 0 2 0 0 0 0 0 25 0 5 36 6 16 0 8 38 72 0 0 1 18 0 0 19 14 0 30 41 3 0 0 0 0 11 12 0 0 0 0 0 0 0 15 4 1 14 14 0 0 0 0 0 0 0 0 0 0 0 0 0 0 1 0 0 0 0 0 0 0 0 0 2 0 0 0 0 0 0 11 0 0 0 0 0 0 0 0 0 0 0 0 0 0 1 0 0 2 0 6 0 0 0 0 0 0 0 0 0 0 0 0 0 0 0 0 0 0 0 0 0 0 0 41 9 0 0 0 0 0 0 0 0 0 0 0 0 0 
 54 155 295 0 226 85 209 69 171 585 42 155 239 91 94 66 293 110 105 228 74 0 0 0 0 0 26 0 0 0 2 0 79 0 6 0 0 3 80 2 3 0 2 0 3 1 0 67 2 0 0 0 0 0 0 0 1 0 0 0 0 2 2 0 0 0 2 26 0 0 0 0 2 0 0 0 0 3 0 0 0 4 0 10 15 0 0 0 44 34 21 0 0 0 18 29 19 12 0 36 0 0 0 0 0 0 0 0 0 0 0 0 22 0 0 13 0 0 0 7 0 11 0 0 0 0 0 0 0 0 0 0 0 0 0 0 0 0 0 0 0 0 1 0 0 0 0 2 0 0 0 0 0 0 0 0 0 0 0 0 0 7 14 18 10 2 0 0 20 21 0 10 5 9 1 33 12 10 0 0 55 0 1 0 0 0 0 15 0 0 0 0 0 0 0 34 61 0 0 0 0 0 0 1 1 0 0 16 0 0 0 0 0 0 0 0 0 0 0 0 0 0 0 0 0 0 0 0 0 0 0 0 0 0 0 0 0 0 0 0 0 0 0 0 0 0 4 1 2 2 0 11 0 0 0 0 0 0 0 0 2 0 0 0 0 0 0 2 0 0 0 0 0 0 0 0 22 0 0 0 0 0 0 0 0 0 0 0 0 0 
 23 100 240 226 0 162 128 270 395 303 350 159 67 67 590 86 349 141 91 145 73 2 0 0 0 0 3 0 0 0 0 0 48 0 2 0 0 3 148 2 5 0 2 0 3 0 0 3 2 0 30 0 1 0 0 0 71 0 0 0 0 2 4 0 48 0 2 0 0 0 0 0 2 0 3 0 0 0 0 0 14 12 14 0 35 0 0 1 33 10 17 21 0 17 19 24 15 11 0 0 21 15 0 0 0 0 30 0 0 0 1 0 0 1 18 0 14 0 0 0 0 0 0 0 0 0 0 0 0 0 0 10 0 0 0 0 0 0 0 0 0 0 0 0 0 0 0 18 0 0 15 0 0 0 0 0 0 0 0 0 11 1 1 66 19 35 0 0 34 68 0 0 0 0 0 27 0 0 0 0 10 17 14 0 0 0 38 0 0 0 0 0 0 11 0 0 8 0 1 14 0 0 0 0 31 0 0 0 0 0 0 0 0 0 0 0 0 0 0 0 0 0 0 0 0 0 0 0 0 0 0 0 0 0 0 0 0 0 0 0 0 0 0 0 0 0 90 0 8 2 0 8 0 0 0 0 0 0 0 0 0 0 1 0 0 0 0 0 0 0 0 0 0 0 0 19 0 0 0 0 0 0 0 0 0 0 0 0 0 0 
 254 43 58 85 162 0 43 268 118 51 304 189 41 45 60 76 283 117 57 63 267 0 63 0 0 73 244 75 2 81 0 0 239 179 107 155 153 80 173 3 5 0 2 0 3 0 0 7 3 3 0 0 0 0 0 1 0 0 0 0 0 2 5 0 0 0 2 0 0 0 0 0 2 0 0 0 0 39 0 0 0 0 0 1 3 40 1 12 0 22 0 0 0 0 0 0 0 0 0 0 23 10 10 0 0 0 0 14 12 9 24 22 0 10 19 41 0 31 11 23 0 0 0 0 0 0 0 0 0 0 0 0 0 0 0 0 0 0 0 0 1 0 0 0 0 0 0 7 0 0 0 0 0 0 0 0 7 0 0 0 6 1 1 10 5 13 0 0 16 17 0 21 0 0 0 0 10 0 0 0 57 18 13 6 0 0 12 32 11 4 19 1 20 15 0 19 15 19 1 49 0 0 2 0 0 0 0 27 0 0 0 0 0 0 0 0 0 0 0 0 0 0 0 0 0 0 0 0 0 0 0 0 0 0 0 0 0 0 0 0 0 0 0 0 0 1 5 0 1 88 0 7 0 0 0 0 0 0 0 0 0 0 0 0 0 0 0 0 0 0 0 0 0 0 0 0 0 0 0 0 0 17 0 0 0 0 16 0 0 0 
 283 106 276 209 128 43 0 108 105 121 214 173 82 164 117 258 365 212 119 418 3 0 0 1 0 0 3 2 0 2 0 0 0 1 2 0 0 3 0 2 0 0 2 1 7 0 0 3 2 0 3 0 0 0 0 0 0 0 0 1 0 2 8 0 0 0 2 0 0 6 0 0 2 0 0 0 4 1 0 0 0 35 15 9 2 11 0 13 32 22 2 10 0 0 20 39 52 47 0 31 0 0 0 0 0 0 0 0 0 0 0 0 1 0 0 0 0 0 9 12 0 0 0 0 0 0 0 0 0 0 2 0 0 0 0 0 0 0 0 0 0 0 0 0 2 1 0 0 5 0 0 0 11 0 0 0 0 8 0 0 16 26 43 15 0 0 11 14 1 7 20 17 33 1 0 12 32 24 0 0 0 0 0 0 0 0 16 0 0 0 0 0 0 0 0 0 0 0 0 0 10 9 0 0 9 0 0 0 0 0 0 6 0 0 0 0 0 0 0 0 0 0 0 0 0 0 0 0 0 0 0 0 0 0 0 0 9 0 0 0 0 0 0 0 0 0 90 0 0 0 19 9 2 0 0 1 0 0 0 0 1 0 0 0 0 0 0 0 0 0 0 0 0 0 0 0 0 0 0 0 0 0 0 0 0 0 0 0 0 0 
 210 197 293 69 270 268 108 0 67 28 45 37 277 604 73 250 39 44 249 102 0 0 0 1 0 0 3 0 0 2 0 0 2 0 2 0 0 3 0 2 0 0 2 4 3 0 0 3 2 0 0 0 0 0 0 0 0 0 0 0 0 2 12 0 0 0 2 0 0 0 0 0 2 0 0 0 2 0 3 0 41 32 1 0 0 0 17 42 17 0 0 0 30 0 6 16 14 0 30 13 0 0 0 0 0 0 0 0 0 0 0 0 0 8 0 0 0 0 0 0 0 15 0 0 0 0 0 0 0 0 0 0 0 0 0 0 0 0 0 0 2 0 0 0 0 0 0 0 0 0 11 0 0 1 0 0 0 0 0 0 14 0 16 1 0 0 8 11 2 3 11 0 47 11 18 8 19 0 26 32 2 0 0 0 0 0 0 0 0 0 0 1 0 0 0 0 0 0 0 0 1 0 2 0 0 0 0 0 0 0 0 0 0 0 0 0 0 0 0 0 0 0 0 0 0 0 0 1 0 0 0 0 0 0 0 0 0 0 0 0 0 0 0 0 0 0 0 2 0 0 0 7 0 0 0 0 0 0 0 0 0 0 0 0 0 0 0 0 0 0 0 0 0 0 0 0 0 0 0 0 0 0 0 0 0 0 0 0 0 0 
 119 152 235 171 395 118 105 67 0 260 252 36 81 90 541 218 32 211 332 43 2 1 0 2 3 3 4 9 0 3 0 0 38 0 2 0 0 4 73 14 7 0 2 2 94 0 0 3 2 0 0 0 0 0 0 0 0 0 3 3 2 2 2 0 0 0 2 0 0 0 0 0 2 0 7 0 0 3 2 3 5 11 16 24 35 0 11 0 31 27 1 24 0 12 10 0 29 52 0 25 0 15 0 0 0 0 13 0 0 0 0 0 12 8 0 0 0 0 20 0 0 0 0 0 0 0 0 0 0 0 0 0 0 0 0 0 0 0 0 0 0 0 0 0 0 0 0 0 0 0 0 0 0 0 0 0 0 0 0 15 0 73 15 72 18 17 2 17 42 64 0 0 13 1 8 13 13 15 0 9 10 0 13 0 0 0 46 0 0 0 0 0 0 21 0 0 9 0 21 2 0 0 0 0 0 0 0 2 0 0 0 0 0 13 0 0 0 0 14 0 0 0 0 0 0 0 0 0 0 0 0 0 0 0 0 0 0 0 2 0 0 0 0 0 0 3 180 0 103 95 0 11 0 0 0 0 0 0 0 0 0 0 0 0 0 0 0 0 0 1 0 0 0 0 0 48 22 0 0 0 0 0 0 0 0 0 0 0 0 0 
 289 123 292 585 303 51 121 28 260 0 184 131 258 74 154 67 397 382 300 107 0 3 6 3 0 0 3 0 0 3 0 0 0 0 2 1 0 3 6 2 0 7 2 0 3 0 0 3 3 0 3 0 0 0 0 0 3 3 3 0 0 2 2 0 0 2 2 0 0 0 0 2 2 2 4 0 0 3 0 2 1 36 17 22 9 37 18 1 7 7 43 18 8 0 43 13 10 66 0 27 14 13 0 0 0 0 9 0 0 0 0 0 16 10 1 0 15 0 0 0 0 0 0 0 0 0 0 0 0 0 0 0 0 0 0 0 18 0 1 0 0 0 0 0 0 0 0 0 0 0 0 0 0 0 0 0 2 0 1 0 2 13 10 0 6 14 0 17 0 16 0 0 0 7 2 17 17 0 0 2 0 18 0 0 0 0 11 0 0 0 0 0 2 0 0 0 0 0 12 14 0 0 0 0 0 10 1 0 0 0 0 0 0 0 0 1 0 0 0 0 0 0 0 0 0 0 9 0 0 0 0 0 0 0 2 0 0 0 0 0 0 10 0 0 0 1 1 2 3 1 0 11 0 0 0 0 0 0 0 7 76 0 0 0 0 0 5 1 0 0 0 0 0 0 0 8 0 0 0 0 0 0 0 0 0 0 0 0 0 0 
 122 76 34 42 350 304 214 45 252 184 0 169 146 269 479 126 608 166 59 280 6 0 1 3 5 0 6 2 0 8 0 58 2 6 4 2 1 3 7 78 0 0 22 0 5 7 1 18 16 0 0 3 3 0 0 22 0 6 23 24 4 5 2 0 5 0 2 0 0 3 2 0 2 3 0 0 0 4 0 0 25 16 67 33 10 7 17 0 21 11 9 45 7 53 6 53 1 75 1 11 13 3 0 0 0 0 0 1 0 0 0 0 0 0 0 0 0 0 21 0 0 0 0 0 0 0 0 24 0 0 0 0 1 0 2 0 0 0 0 0 0 0 0 0 0 0 0 0 0 0 0 0 0 0 0 2 0 0 11 0 34 2 0 10 10 1 63 0 26 55 23 19 0 25 0 1 0 25 0 0 0 0 0 0 1 0 22 0 0 0 0 0 15 0 0 0 0 2 17 1 0 0 0 0 0 0 0 0 0 2 0 0 0 1 0 0 0 0 0 0 0 0 0 0 11 0 0 0 0 0 0 0 0 0 0 0 0 0 0 0 0 12 0 0 0 2 0 0 2 8 18 12 10 0 0 0 0 0 0 0 0 0 0 0 0 0 0 0 0 0 4 0 0 0 0 0 0 6 0 0 0 0 0 0 0 0 0 0 0 0 
 78 25 121 155 159 189 173 37 36 131 169 0 54 38 125 39 199 176 109 215 56 76 0 0 0 0 3 0 0 0 0 0 40 0 236 0 75 3 75 75 9 0 2 0 14 0 0 3 2 2 0 0 0 0 0 0 0 0 0 0 0 2 2 0 0 0 2 0 0 0 0 10 33 0 0 0 0 0 0 0 2 4 38 14 9 41 0 0 28 27 21 15 0 0 18 26 19 17 0 0 13 0 14 0 0 0 0 0 0 10 15 0 0 0 8 0 14 9 0 23 0 0 0 0 0 0 0 11 0 0 0 0 0 0 0 0 0 0 0 0 0 0 0 0 1 3 0 0 11 0 0 0 0 0 0 0 0 0 2 0 3 26 16 30 60 14 41 0 0 16 0 26 1 0 3 50 0 12 0 0 17 9 8 0 0 2 16 3 0 0 0 0 0 3 0 0 8 15 0 24 0 0 0 0 0 0 0 0 0 0 0 0 0 0 0 0 0 0 0 0 0 0 0 0 0 0 0 0 0 0 0 0 0 0 1 0 0 0 0 0 0 0 0 0 0 2 7 0 2 89 18 14 0 0 0 0 0 0 0 0 0 0 0 0 0 0 0 0 0 0 0 0 0 15 0 0 0 24 0 0 0 0 0 0 0 0 0 0 0 0 
 348 276 179 239 67 41 82 277 81 258 146 54 0 75 25 38 131 131 438 243 0 0 0 0 2 95 3 2 73 0 1 1 0 0 4 0 0 3 0 2 24 0 2 0 3 1 0 3 2 0 0 0 0 0 0 0 0 0 1 2 0 2 2 0 0 0 2 0 38 0 0 0 39 6 0 0 0 0 4 0 46 23 15 13 0 0 21 15 0 0 19 11 23 31 16 0 17 0 20 17 0 0 0 0 0 0 0 0 0 0 0 0 0 8 0 0 0 0 0 0 0 17 0 0 0 0 0 0 0 1 0 0 0 0 0 0 0 0 0 0 0 0 0 0 0 0 0 0 0 0 2 2 0 0 0 0 0 0 0 0 20 12 2 1 0 0 0 26 1 2 12 0 0 35 0 2 0 10 0 22 0 0 0 0 9 0 0 0 0 0 0 0 0 0 0 0 0 0 0 0 0 0 0 0 0 0 0 0 0 0 0 0 0 0 0 0 0 0 0 2 0 0 0 0 0 0 0 0 0 0 0 0 0 0 0 0 0 0 0 2 0 9 0 0 0 3 0 0 0 0 0 8 0 0 0 0 0 0 0 0 0 0 2 0 0 0 0 0 0 0 0 0 0 0 0 0 0 0 0 0 0 0 0 0 0 0 0 0 0 0 
 77 41 52 91 67 45 164 604 90 74 269 38 75 0 75 20 43 38 476 209 0 1 0 0 2 3 6 20 3 0 0 2 0 0 2 0 0 3 0 5 1 2 2 2 3 2 0 3 64 0 2 0 1 0 0 0 2 0 2 1 0 2 6 0 0 0 4 0 0 0 0 0 3 0 52 0 8 3 0 4 0 23 0 0 0 0 0 58 9 8 0 0 11 2 14 25 21 0 33 15 0 0 0 0 0 0 0 0 0 0 1 0 0 7 0 0 0 0 0 0 0 0 2 0 17 0 0 0 0 0 0 0 0 0 0 0 0 0 0 1 0 0 0 0 0 0 0 0 1 0 0 0 2 0 0 0 0 2 0 0 24 0 3 0 0 35 0 14 16 3 12 1 39 0 0 17 35 0 28 22 0 0 0 0 0 0 0 0 0 0 0 0 0 0 0 0 0 0 0 0 0 0 0 0 0 0 0 0 0 0 0 0 0 0 0 0 0 2 0 0 0 0 0 0 0 0 0 0 0 0 0 0 0 0 0 0 2 0 0 0 0 0 0 0 0 0 0 0 0 0 2 6 0 0 0 0 0 0 0 0 0 0 0 0 0 0 0 0 0 0 0 0 0 0 0 0 0 0 0 0 0 0 0 0 0 1 0 0 0 0 
 141 232 50 94 590 60 117 73 541 154 479 125 25 75 0 358 55 263 418 167 0 0 2 0 3 0 3 0 0 0 0 0 78 0 2 0 0 3 2 2 2 0 8 6 3 0 0 12 3 8 0 0 2 4 0 0 0 0 0 0 0 2 8 0 0 5 2 0 0 2 3 6 3 0 0 0 0 3 0 0 40 0 11 0 4 0 19 12 31 29 0 27 11 31 5 18 13 6 2 42 0 2 9 0 0 0 0 2 0 0 0 0 25 0 0 0 0 0 11 2 0 0 0 0 0 0 0 0 0 0 0 0 0 0 2 41 0 0 0 0 0 0 0 0 1 5 0 12 0 0 0 0 0 0 0 0 0 0 0 0 1 9 29 15 0 18 10 1 27 14 0 18 7 10 15 10 0 0 0 0 0 0 0 0 0 0 11 0 0 0 0 0 0 14 0 0 2 0 11 0 0 0 0 0 0 0 0 0 0 2 0 0 0 0 0 0 0 0 0 0 2 2 0 0 0 0 0 0 0 0 0 0 0 0 0 0 0 1 0 0 0 0 0 0 0 1 55 0 90 0 1 4 0 0 0 0 0 0 0 0 0 0 20 1 0 0 0 0 0 0 0 0 0 0 0 1 0 0 0 0 0 0 0 0 0 0 0 0 0 0 
 27 146 106 66 86 76 258 250 218 67 126 39 38 20 358 0 277 241 245 235 0 0 0 1 0 0 33 0 0 0 0 0 0 0 3 0 0 3 139 2 0 3 2 0 3 0 0 3 3 0 0 0 0 0 0 0 0 0 0 10 0 2 2 0 0 0 2 0 0 0 2 0 3 0 0 0 1 3 0 0 14 0 12 31 11 10 31 0 18 12 0 10 5 23 0 1 1 0 1 12 0 2 0 0 0 0 0 0 0 0 0 0 21 0 0 0 0 0 0 0 0 0 0 0 1 0 0 0 0 0 0 0 1 0 2 0 0 0 0 0 0 0 0 1 0 0 0 0 0 0 0 0 0 0 0 2 0 0 0 0 45 16 16 19 0 26 1 0 22 18 13 19 13 25 14 15 14 46 0 10 27 1 0 0 0 0 0 11 0 0 0 0 19 10 0 21 0 0 12 0 0 0 15 0 0 14 0 0 11 2 0 0 0 1 0 0 0 0 0 0 0 0 0 0 0 0 0 0 0 0 0 0 0 0 0 0 0 0 0 0 0 0 0 0 0 2 172 2 5 4 0 4 9 0 0 0 0 0 0 0 0 0 12 0 0 0 0 0 0 0 0 0 0 0 0 24 19 0 0 0 0 0 0 0 23 0 0 0 0 0 
 253 111 249 293 349 283 365 39 32 397 608 199 131 43 55 277 0 192 28 271 9 2 0 0 2 0 86 0 0 0 0 1 2 0 2 0 0 3 77 2 0 0 2 1 6 0 0 3 46 0 0 0 0 0 0 3 0 0 0 0 0 2 3 0 0 0 2 0 0 0 0 0 8 0 0 0 7 0 0 0 0 32 21 17 0 10 0 13 12 14 22 0 0 0 14 32 11 44 0 19 18 0 9 0 0 0 12 0 0 0 0 0 11 0 0 0 0 0 0 10 0 0 0 0 0 0 0 0 0 0 0 0 0 0 0 0 0 0 0 0 0 0 0 0 1 0 0 0 0 0 0 0 0 0 0 0 0 0 1 2 11 17 36 0 0 0 5 15 1 0 7 40 18 5 0 22 15 23 0 0 0 0 0 0 0 0 0 0 0 0 0 2 0 0 0 0 0 0 0 0 0 0 1 0 0 0 0 0 0 0 0 0 0 0 0 0 0 0 0 0 0 0 0 0 0 0 0 1 0 0 0 0 0 0 0 0 0 0 0 0 0 0 0 0 0 0 1 1 2 0 0 11 17 3 0 0 0 0 0 0 0 0 0 0 0 0 0 0 0 0 0 0 0 0 0 0 18 0 0 0 0 0 0 0 0 0 0 14 0 0 
 40 123 194 110 141 117 212 44 211 382 166 176 131 38 263 241 192 0 58 266 75 1 0 0 0 0 42 4 0 0 0 0 74 2 5 0 0 5 37 3 5 2 2 0 5 0 0 3 3 0 0 0 0 0 0 0 0 0 0 0 0 2 2 0 0 0 2 0 0 0 0 2 3 0 0 0 0 3 0 0 0 1 1 12 11 8 14 0 0 40 13 0 0 0 2 7 14 0 0 43 0 0 0 0 0 0 1 0 0 0 0 0 15 0 0 0 1 0 0 7 0 0 0 0 0 0 0 0 0 0 0 0 0 0 0 0 8 0 0 0 0 0 0 0 0 0 0 0 10 0 0 0 0 0 0 0 0 0 0 0 10 18 24 10 9 0 0 0 13 9 0 25 11 20 6 7 0 21 0 0 19 0 0 0 0 0 0 11 0 0 0 0 0 0 0 14 28 0 16 0 0 0 0 0 0 0 0 0 0 0 0 0 0 0 0 20 0 0 0 0 0 0 0 0 0 0 0 0 0 0 0 0 0 0 0 0 0 0 0 0 0 0 0 0 0 3 45 2 6 0 0 2 13 0 0 0 0 0 0 0 0 0 0 0 0 0 0 0 0 0 0 0 0 0 2 0 12 0 0 0 0 0 0 0 0 0 0 0 0 0 
 225 209 119 105 91 57 119 249 332 300 59 109 438 476 418 245 28 58 0 180 5 0 1 0 0 0 3 0 0 2 0 0 2 0 2 0 0 6 2 2 0 0 7 4 5 1 0 9 2 6 0 2 0 5 0 0 0 2 1 2 5 2 15 0 0 2 2 0 0 2 3 8 5 6 0 0 3 0 4 0 9 1 0 11 0 0 1 42 16 0 0 0 5 0 21 2 0 0 32 13 0 0 0 0 0 0 0 0 9 0 0 0 0 11 0 0 2 0 0 0 0 0 0 2 0 0 0 0 0 2 0 0 0 0 0 0 0 0 0 0 0 0 0 0 0 0 0 0 0 0 1 0 0 0 0 0 0 0 0 0 14 0 14 0 0 0 29 0 0 5 14 0 14 13 10 9 22 16 9 22 0 0 0 0 0 0 0 0 0 0 0 0 0 0 0 0 0 0 0 0 0 0 0 0 0 0 0 0 0 0 0 0 0 0 0 0 0 0 0 0 0 0 0 0 0 0 0 0 0 0 0 0 0 0 0 0 0 0 0 0 0 0 0 0 0 1 2 0 1 0 0 14 0 1 0 0 0 0 0 0 0 0 0 2 0 0 0 0 0 0 0 0 0 0 0 0 0 0 0 0 0 0 0 0 0 0 0 0 0 0 
 654 131 24 228 145 63 418 102 43 107 280 215 243 209 167 235 271 266 180 0 0 0 0 2 0 0 6 1 0 0 0 3 2 2 3 0 0 3 0 2 62 37 4 0 7 0 0 3 3 0 0 0 68 0 7 0 0 3 0 4 3 2 43 6 3 0 2 0 0 3 0 0 3 3 0 0 3 3 0 0 14 12 45 8 0 8 32 11 0 9 29 17 22 14 22 65 18 14 10 13 0 0 0 0 0 0 0 0 0 0 0 0 0 13 0 0 0 0 0 28 17 0 0 0 0 0 0 0 0 0 1 0 0 0 0 0 0 0 0 0 0 0 0 0 0 0 0 0 0 0 0 0 0 2 0 0 0 0 17 0 28 36 28 0 0 0 8 0 0 6 20 38 9 34 0 11 0 43 0 0 0 0 0 0 0 0 0 0 0 0 0 0 0 0 0 0 0 0 10 0 0 0 0 0 0 0 0 0 0 0 0 0 0 0 0 0 0 0 0 0 0 0 0 0 0 9 0 0 0 0 0 0 0 0 0 0 17 0 0 0 0 2 0 0 0 2 88 0 0 2 15 15 15 0 2 0 0 0 0 0 0 0 18 0 0 0 0 0 0 0 0 0 0 0 0 0 0 0 0 0 0 0 0 0 0 0 0 0 0 0 
 0 0 138 74 73 267 3 0 2 0 6 56 0 0 0 0 9 75 5 0 0 189 204 127 97 193 149 33 54 128 356 68 201 244 418 267 105 121 122 184 6 2 2 0 0 3 2 0 0 31 5 0 1 0 0 264 4 2 3 2 0 0 1 0 0 0 2 0 0 0 0 6 0 3 3 0 53 2 0 3 0 0 0 16 10 29 0 0 1 26 12 25 0 0 0 0 0 0 0 9 30 18 11 0 0 0 19 18 14 9 34 1 23 14 6 41 17 1 0 44 0 0 0 0 0 0 0 13 0 0 0 0 0 0 12 0 0 0 10 0 0 0 0 0 0 0 0 4 0 0 0 0 0 0 0 0 7 0 0 0 0 0 0 15 30 42 0 0 0 18 0 9 0 0 0 0 0 0 0 0 10 9 8 22 0 1 15 22 17 1 44 0 11 22 0 0 18 41 0 57 0 0 0 0 0 0 0 0 0 0 0 0 0 0 0 0 0 0 9 0 0 0 0 0 0 0 0 0 0 0 0 0 0 0 0 0 0 0 0 0 0 0 0 0 0 0 0 0 0 0 0 0 2 2 21 1 0 0 104 0 2 0 0 0 0 0 0 0 0 0 0 0 0 0 0 0 0 0 0 0 0 18 0 0 2 0 0 0 0 0 
 0 3 0 0 2 0 0 0 1 3 0 76 0 1 0 0 2 1 0 0 189 0 108 87 142 104 296 242 433 207 121 217 41 68 145 124 123 114 125 66 0 0 2 0 0 65 3 4 0 3 0 31 61 0 205 0 3 2 22 0 0 0 0 0 0 0 26 0 0 0 0 13 0 3 0 0 0 2 0 4 0 0 0 0 0 0 0 0 0 0 0 0 0 0 0 0 9 0 0 0 8 17 0 12 0 11 1 18 10 8 14 11 12 0 19 20 21 46 0 19 0 0 0 0 0 0 24 14 0 0 0 0 16 0 1 0 0 4 3 14 0 0 0 0 2 0 0 0 0 11 0 0 0 0 0 0 2 0 0 0 0 0 0 0 14 1 0 1 0 0 0 0 0 0 3 0 0 0 0 0 26 20 22 11 7 25 0 16 13 12 0 10 0 15 0 0 9 13 0 0 0 0 0 0 0 0 0 14 0 0 0 0 9 6 0 0 0 0 1 0 0 0 0 0 0 0 0 0 0 0 0 0 0 0 0 0 0 0 0 0 0 0 0 0 0 0 0 0 0 0 0 0 0 0 18 0 0 8 3 2 22 1 0 0 0 0 0 0 0 0 0 0 0 0 0 0 0 0 0 7 0 0 0 0 0 0 0 0 0 0 
 0 0 0 0 0 63 0 0 0 6 1 0 0 0 2 0 0 0 1 0 204 108 0 115 71 680 257 185 91 53 84 180 85 130 248 190 134 131 54 173 73 0 2 0 0 3 3 0 0 3 0 0 32 0 0 0 2 2 129 63 0 0 0 0 0 0 0 0 0 0 3 0 0 3 0 0 0 2 0 0 0 1 2 0 0 15 0 0 0 0 0 0 0 31 0 0 0 0 0 0 52 0 47 1 11 10 28 20 19 9 22 8 7 0 24 16 22 40 16 39 43 0 0 0 0 0 0 0 0 0 0 0 0 0 0 0 0 0 1 11 0 0 0 3 0 0 0 0 0 0 1 0 0 0 0 0 0 5 0 0 0 2 0 0 0 0 0 0 0 33 0 1 0 0 0 0 0 1 0 0 14 23 19 37 18 15 7 0 0 0 23 0 7 3 34 35 13 9 13 58 0 11 0 0 0 0 14 0 0 0 0 0 0 0 0 0 0 0 0 11 0 0 0 0 0 0 0 0 0 0 0 0 0 2 0 0 0 0 0 0 0 0 0 0 0 0 0 0 0 0 0 0 0 0 6 2 1 46 0 0 2 0 0 0 0 0 1 0 0 0 0 0 0 0 0 0 0 0 0 0 0 0 0 0 0 0 0 0 0 0 
 0 3 0 0 0 0 1 1 2 3 3 0 0 0 0 1 0 0 0 2 127 87 115 0 164 378 378 104 170 180 233 190 165 98 59 137 154 76 114 274 136 1 2 0 0 3 67 68 0 3 0 0 62 0 62 0 2 2 58 0 0 0 0 0 0 0 0 0 0 0 0 0 0 3 0 0 0 2 0 0 0 0 0 0 0 0 0 0 1 0 0 0 0 0 0 0 0 0 0 0 0 14 0 16 46 2 0 0 10 9 0 49 0 2 0 0 0 52 0 0 42 21 31 0 0 0 9 29 9 0 42 0 12 8 18 0 0 0 5 42 0 0 0 7 0 0 0 0 0 0 11 0 0 0 0 0 0 20 0 0 0 0 0 0 1 0 0 0 0 0 0 0 1 0 7 0 0 0 0 5 0 0 2 3 56 1 0 0 29 32 21 10 0 20 12 12 0 63 0 0 0 0 0 0 0 0 1 29 26 0 0 0 27 48 0 14 0 1 20 3 0 0 1 0 0 0 0 0 0 1 0 0 0 0 0 0 0 0 0 0 0 0 0 0 0 0 0 0 0 0 0 0 26 0 10 0 2 3 9 2 20 0 0 0 0 0 11 0 0 0 50 0 0 0 0 0 0 0 0 0 0 0 0 0 0 9 0 0 0 0 
 0 0 0 0 0 0 0 0 3 0 5 0 2 2 3 0 2 0 0 0 97 142 71 164 0 148 60 105 149 69 129 146 59 151 75 258 44 142 70 62 117 0 70 3 0 4 64 66 62 6 0 0 0 5 60 0 2 2 65 1 0 0 3 0 0 1 0 0 0 0 0 3 0 3 0 0 0 8 0 0 0 0 0 0 0 0 0 0 0 0 0 0 0 0 0 0 0 0 0 0 0 14 0 0 4 32 0 0 0 0 0 28 0 0 0 0 0 26 0 0 73 10 0 0 0 0 12 15 0 0 15 13 25 0 14 9 2 0 24 27 9 0 0 2 0 0 0 0 0 0 1 0 0 0 0 0 0 4 0 0 0 0 2 0 2 0 0 0 0 0 0 0 0 0 0 0 0 0 0 0 0 0 10 13 72 12 0 0 18 35 0 2 0 9 0 9 11 0 0 0 1 10 9 0 0 0 0 29 21 8 0 0 40 99 0 10 1 0 10 49 0 0 0 0 1 0 0 0 0 0 0 0 0 0 0 0 0 0 0 0 0 0 0 0 0 0 0 0 0 0 0 0 0 0 14 2 2 43 110 0 2 3 0 0 0 0 0 0 0 0 0 0 0 0 0 0 0 0 0 0 0 0 0 0 0 54 0 0 0 0 
 0 0 0 0 0 73 0 0 3 0 0 0 95 3 0 0 0 0 0 0 193 104 680 378 148 0 266 30 43 119 63 151 35 44 43 140 361 121 58 96 61 64 64 0 0 3 69 85 191 7 0 1 65 127 63 1 67 5 210 29 0 0 0 0 0 0 0 0 0 0 0 0 5 3 0 0 0 2 0 0 0 0 0 0 0 0 0 0 0 0 0 0 1 0 0 0 0 0 0 0 0 13 0 1 18 44 0 0 0 0 0 0 0 0 0 0 0 12 1 0 14 4 17 33 0 0 11 8 0 9 0 23 34 3 1 58 27 22 1 6 0 0 0 0 0 0 0 0 0 0 0 0 0 0 0 0 0 0 24 0 0 0 5 0 0 0 0 0 17 0 0 0 0 0 0 6 0 0 1 1 0 0 0 0 0 30 0 7 12 0 0 13 0 9 0 0 0 0 0 0 18 1 10 1 6 2 48 28 20 22 13 10 13 0 15 11 29 21 49 35 0 0 0 0 0 0 0 0 0 0 0 0 0 0 0 0 0 0 0 0 0 0 0 0 0 0 0 0 0 0 0 0 0 0 2 4 0 0 1 8 7 0 0 0 0 0 0 1 0 0 0 0 0 0 0 0 0 0 0 0 0 0 0 0 0 0 0 0 0 0 
 3 7 41 26 3 244 3 3 4 3 6 3 3 6 3 33 86 42 3 6 149 296 257 378 60 266 0 204 270 297 34 49 410 194 60 82 106 121 370 284 0 0 2 0 0 3 3 0 61 3 0 0 0 0 0 63 2 2 2 0 0 0 0 0 0 0 0 0 0 0 0 0 0 3 0 0 0 2 0 0 0 0 0 0 12 18 0 0 2 0 0 19 0 0 0 0 0 0 0 0 11 12 30 38 0 0 30 26 28 14 21 0 21 18 6 21 7 0 20 19 0 0 0 0 0 0 0 0 0 0 0 0 0 0 0 0 0 0 0 0 0 0 0 0 0 0 0 5 0 0 0 0 1 0 0 0 4 0 0 0 3 0 0 0 0 16 0 0 0 0 0 10 6 0 2 0 0 0 0 0 29 6 12 12 1 0 17 31 10 6 1 0 0 13 12 41 0 19 0 37 0 0 0 0 0 0 0 0 0 0 0 0 0 0 0 0 0 0 0 0 0 0 0 0 0 0 0 0 0 0 0 0 0 0 0 0 0 0 0 0 0 0 0 0 0 0 0 0 0 0 0 0 0 0 18 2 0 0 0 1 4 1 0 0 0 0 0 0 0 0 0 0 0 0 0 0 22 0 0 0 0 16 0 0 0 0 8 0 0 0 
 0 4 0 0 0 75 2 0 9 0 2 0 2 20 0 0 0 4 0 1 33 242 185 104 105 30 204 0 264 130 41 111 192 184 178 101 177 124 166 159 1 1 2 64 3 3 2 0 65 3 0 0 1 2 5 3 2 2 5 1 0 2 1 0 0 0 1 2 5 0 0 0 3 6 0 0 0 2 2 7 0 0 0 0 0 1 0 0 11 0 0 0 0 0 0 0 0 0 0 2 28 0 19 30 12 30 35 36 14 11 59 0 16 1 3 11 26 0 0 0 0 0 0 0 0 0 25 0 0 0 0 0 0 0 0 0 0 0 0 8 0 0 0 0 2 0 0 0 0 0 0 0 0 0 0 0 1 0 0 0 0 0 0 0 5 15 0 0 0 0 0 0 0 0 0 0 0 0 0 0 11 0 12 31 0 21 0 23 22 44 16 0 2 9 28 18 12 14 0 19 0 0 0 0 0 0 0 0 1 0 0 0 8 24 0 18 1 0 0 0 0 0 0 0 0 0 0 0 0 0 0 0 0 0 0 0 0 0 0 0 0 0 0 0 0 0 0 0 0 0 0 0 0 0 9 0 2 4 78 0 1 1 0 0 0 0 0 0 0 0 2 0 0 0 1 0 0 0 0 8 0 0 0 0 1 0 12 0 0 0 
 2 0 0 0 0 2 0 0 0 0 0 0 73 3 0 0 0 0 0 0 54 433 91 170 149 43 270 264 0 470 223 288 79 330 240 212 191 125 101 78 65 0 2 0 0 3 3 0 0 4 0 0 110 0 0 0 2 2 68 65 0 0 0 0 0 0 0 0 76 0 3 0 0 5 0 0 0 2 0 0 0 0 0 0 0 0 0 0 0 2 0 0 0 0 0 0 0 0 0 7 3 0 9 27 40 21 0 0 24 42 19 37 0 8 0 0 0 0 0 0 0 12 0 0 0 0 4 18 0 0 0 1 7 0 0 0 0 0 36 9 0 0 0 0 0 0 0 0 0 0 0 0 11 0 0 0 8 0 0 0 0 0 0 0 8 0 0 0 0 0 0 0 0 0 22 0 0 0 1 0 3 23 18 29 10 12 0 0 0 18 18 23 0 25 0 1 0 1 0 0 18 0 0 2 0 0 15 23 0 0 0 0 3 19 0 0 12 0 0 23 0 33 0 0 0 0 0 0 0 0 0 0 0 0 0 0 0 0 16 0 0 0 0 0 0 0 0 0 0 0 0 0 0 0 3 0 0 2 1 0 25 16 0 0 0 0 5 0 0 0 0 0 0 0 0 0 2 0 0 0 0 0 0 2 0 0 0 0 0 0 
 0 0 0 0 0 81 2 2 3 3 8 0 0 0 0 0 0 0 2 0 128 207 53 180 69 119 297 130 470 0 152 80 125 176 154 179 291 194 317 196 61 0 2 63 0 4 3 1 0 3 0 0 0 2 0 1 3 2 2 0 0 0 3 0 0 0 2 0 0 0 0 0 0 5 0 0 0 4 0 5 0 0 0 0 9 0 0 0 0 0 0 0 0 0 0 0 0 0 0 0 0 13 0 19 32 20 0 55 0 19 24 24 8 6 6 20 23 1 0 3 0 4 0 0 0 0 0 0 0 0 5 0 0 0 0 0 0 0 31 13 0 0 0 0 0 0 0 0 0 0 0 0 0 0 0 0 14 0 0 0 0 14 0 0 0 6 0 0 0 0 0 0 0 0 0 0 0 0 0 0 0 13 9 66 15 1 0 13 29 12 12 0 25 12 16 1 9 0 14 0 0 0 0 0 0 0 11 10 0 0 0 0 1 0 0 0 0 0 18 0 0 0 0 0 0 0 0 0 0 0 0 0 0 0 0 0 0 0 0 0 0 0 0 0 0 0 0 0 0 0 0 0 0 0 9 1 2 0 2 2 2 2 0 0 0 0 0 0 0 0 0 0 0 0 0 0 0 0 0 0 0 0 0 0 0 24 11 0 0 0 
 0 0 0 2 0 0 0 0 0 0 0 0 1 0 0 0 0 0 0 0 356 121 84 233 129 63 34 41 223 152 0 289 44 35 51 165 491 197 37 66 62 0 2 0 17 3 2 0 0 3 0 0 4 2 0 1 2 2 129 0 0 0 0 0 0 0 0 0 0 0 1 0 0 3 0 0 0 2 0 0 0 0 0 0 0 0 0 0 0 0 0 9 0 0 0 2 0 0 0 0 0 11 10 36 23 19 0 0 11 14 1 0 0 0 11 2 16 24 0 0 17 0 0 0 0 0 5 0 0 0 18 0 12 7 1 17 0 7 43 10 0 0 0 0 0 4 2 7 1 0 0 0 10 0 0 0 16 0 0 0 0 0 15 0 20 0 0 0 0 2 0 1 0 0 4 2 0 0 0 11 12 6 0 13 0 25 0 6 19 11 12 65 0 47 13 2 0 73 0 0 13 0 0 0 0 0 14 0 11 0 43 0 1 2 0 11 9 0 0 29 0 0 0 0 0 0 0 0 0 0 0 0 2 1 0 0 0 0 0 0 0 0 0 0 0 0 0 0 0 0 0 0 0 0 5 0 0 75 5 0 4 11 0 0 0 0 2 0 0 0 0 0 0 0 0 0 0 0 0 0 0 0 0 0 0 0 0 0 0 0 
 0 0 2 0 0 0 0 0 0 0 58 0 1 2 0 0 1 0 0 3 68 217 180 190 146 151 49 111 288 80 289 0 109 33 47 46 206 149 51 242 7 5 6 0 3 3 3 0 0 5 4 0 67 0 0 3 6 8 146 0 0 2 2 0 0 0 4 2 2 0 0 0 0 6 6 0 0 2 0 4 0 0 0 0 0 0 0 0 0 0 0 0 0 0 0 0 2 0 0 0 0 3 0 33 17 2 24 6 10 28 11 14 0 9 9 0 27 10 0 0 39 0 0 0 0 0 21 14 12 0 0 0 0 17 0 6 0 0 64 48 2 0 0 0 0 0 0 0 0 0 0 0 6 0 0 0 0 6 0 0 0 0 0 0 0 0 0 0 0 0 0 0 0 2 20 0 0 0 0 13 0 10 2 0 7 9 0 27 23 42 25 29 0 32 14 11 18 33 0 0 0 2 0 0 0 0 12 14 13 2 0 0 17 0 0 13 12 0 0 1 0 0 0 0 0 0 0 0 0 0 0 0 0 0 0 0 0 0 2 0 0 0 0 0 0 0 0 0 0 0 0 0 0 0 10 0 0 145 0 0 18 0 0 0 0 0 12 0 0 0 7 0 0 0 2 0 0 0 0 11 0 0 0 0 0 0 0 0 0 0 
 0 0 80 79 48 239 0 2 38 0 2 40 0 0 78 0 2 74 2 2 201 41 85 165 59 35 410 192 79 125 44 109 0 170 102 109 385 142 381 53 6 62 5 3 1 3 3 3 0 7 0 0 0 2 0 87 2 2 30 0 3 0 3 0 0 1 0 0 57 0 0 3 2 3 0 0 0 2 6 0 0 0 0 0 13 44 0 0 14 0 0 12 0 0 0 0 0 0 0 0 14 12 17 18 0 0 15 0 27 65 56 0 0 36 21 13 0 9 10 15 0 0 0 12 0 0 0 0 0 0 0 0 0 0 0 0 0 0 0 0 0 0 0 0 0 0 0 4 0 0 0 0 0 0 0 15 2 0 0 0 6 1 0 27 12 23 0 0 15 28 0 6 0 0 0 14 0 0 0 2 25 15 11 0 0 0 23 7 4 10 36 20 1 10 20 7 9 14 0 34 0 0 0 0 0 0 0 0 0 0 0 0 0 0 0 0 0 0 0 0 0 0 0 0 0 0 0 0 0 0 0 0 0 0 0 13 0 0 0 0 0 0 0 0 0 0 74 0 0 77 0 1 0 0 16 1 2 0 0 1 0 0 0 0 0 0 0 0 0 0 0 0 0 0 0 0 0 0 0 0 0 12 0 0 0 0 14 0 0 0 
 0 0 0 0 0 179 1 0 0 0 6 0 0 0 0 0 0 2 0 2 244 68 130 98 151 44 194 184 330 176 35 33 170 0 109 82 323 104 210 201 0 0 4 0 0 3 3 0 0 3 0 0 0 0 0 1 2 2 3 0 0 0 0 0 0 0 0 51 0 0 0 1 0 3 0 0 0 2 0 0 0 0 0 0 0 12 0 2 0 0 0 0 0 0 0 0 0 0 0 2 31 0 43 30 16 0 18 29 0 26 23 10 18 62 2 19 10 0 11 0 0 0 0 1 0 0 0 1 9 0 0 0 0 0 0 0 0 0 0 2 0 0 18 1 0 0 0 1 0 0 0 0 1 0 0 0 3 0 0 1 0 0 0 1 1 15 0 0 0 0 9 0 0 0 0 0 0 0 0 0 0 1 15 50 2 1 14 10 34 11 46 0 18 4 38 11 0 0 0 31 0 0 0 0 0 0 0 1 0 0 0 0 1 0 0 0 0 0 0 0 0 0 0 13 0 0 0 0 12 0 0 56 0 0 0 0 0 0 0 0 0 0 0 0 0 0 0 0 0 0 0 2 0 0 18 2 0 0 6 2 0 0 0 0 0 0 0 0 0 0 0 0 0 0 0 0 0 0 0 0 0 14 0 0 1 0 22 0 0 0 
 2 3 3 6 2 107 2 2 2 2 4 236 4 2 2 3 2 5 2 3 418 145 248 59 75 43 60 178 240 154 51 47 102 109 0 83 34 264 161 358 0 0 2 0 0 3 2 0 0 30 0 0 0 0 0 0 2 2 64 0 0 1 0 0 0 0 0 0 0 0 0 5 0 3 0 0 0 2 0 0 0 0 0 10 1 6 0 0 11 16 0 0 0 0 0 0 0 0 0 0 22 0 11 11 0 0 13 22 10 8 16 0 12 0 21 29 21 31 0 18 0 0 0 0 2 0 9 4 0 0 0 0 0 0 0 0 0 0 0 0 0 0 0 0 0 0 1 0 0 0 0 0 0 29 0 0 0 0 0 0 4 0 0 1 10 1 0 0 0 1 0 0 0 1 0 0 0 0 0 0 32 19 19 30 0 11 7 24 14 14 0 0 10 0 0 13 32 19 0 0 2 0 0 0 0 0 0 0 0 0 0 0 0 0 0 0 0 0 0 0 0 0 0 0 0 0 0 0 0 0 0 0 0 0 0 0 0 0 33 0 0 0 0 0 0 0 0 0 0 65 0 0 0 0 0 2 0 78 0 1 3 0 0 0 0 0 0 0 0 0 0 0 0 0 0 0 0 0 0 8 0 7 0 0 0 0 0 0 0 0 
 0 1 0 0 0 155 0 0 0 1 2 0 0 0 0 0 0 0 0 0 267 124 190 137 258 140 82 101 212 179 165 46 109 82 83 0 62 147 133 65 0 0 2 0 0 3 3 8 0 3 0 0 130 0 0 0 2 2 31 30 0 0 0 36 0 0 0 0 0 0 9 0 0 3 0 0 0 2 0 0 0 2 0 0 14 9 0 0 0 0 0 0 0 0 0 0 0 0 0 0 3 32 20 0 10 11 0 12 13 0 10 33 12 13 19 24 10 18 6 0 11 0 0 0 0 0 11 11 0 9 0 0 9 0 74 0 0 0 8 54 0 0 0 0 0 1 0 0 0 0 0 0 0 0 0 0 25 0 0 0 0 0 2 1 5 13 0 0 0 0 0 0 0 0 3 0 0 0 0 0 42 18 5 20 8 2 13 14 22 23 0 10 7 8 0 7 1 0 0 39 0 0 2 0 0 0 11 15 0 0 0 0 9 19 0 14 0 0 1 14 0 0 0 0 1 0 0 0 0 0 0 0 0 0 0 0 0 0 0 0 0 0 0 0 0 0 0 0 0 0 0 0 0 0 21 0 0 84 2 0 20 1 1 0 0 0 0 0 0 0 0 0 0 0 0 0 0 0 0 0 0 12 0 0 0 0 0 0 0 0 
 0 0 0 0 0 153 0 0 0 0 1 75 0 0 0 0 0 0 0 0 105 123 134 154 44 361 106 177 191 291 491 206 385 323 34 62 0 160 188 117 62 2 2 17 5 4 3 0 0 3 3 4 1 0 0 0 4 6 7 3 2 0 0 0 0 2 0 0 0 1 0 2 0 3 0 0 0 5 3 1 0 0 0 0 0 11 1 0 0 0 0 0 13 0 0 0 0 0 0 0 21 0 11 18 27 9 0 18 0 42 49 15 12 6 9 0 11 7 0 21 0 7 0 0 0 0 0 0 0 0 0 0 9 0 0 0 0 0 9 13 0 0 0 0 0 0 0 0 0 0 0 0 0 0 0 0 12 0 0 0 0 1 0 0 0 0 0 0 0 0 0 0 0 0 0 0 0 0 0 0 10 29 8 21 0 0 23 13 3 3 6 30 1 13 43 0 1 12 7 2 1 0 0 0 0 11 0 7 0 0 0 0 0 0 0 0 0 0 1 0 0 0 0 0 0 0 0 21 0 0 0 0 0 0 0 0 0 0 0 0 0 0 0 0 0 0 0 0 0 2 0 0 0 0 2 0 0 4 0 0 2 2 0 0 0 0 0 0 0 0 0 2 0 0 0 0 0 0 0 0 0 0 0 0 0 0 14 0 0 0 
 3 3 3 3 3 80 3 3 4 3 3 3 3 3 3 3 3 5 6 3 121 114 131 76 142 121 121 124 125 194 197 149 142 104 264 147 160 0 153 251 0 0 2 0 1 3 2 0 0 3 0 0 62 0 0 1 2 2 3 0 0 10 4 0 1 0 0 0 0 0 11 0 0 3 0 0 0 2 0 0 0 0 0 0 0 14 0 0 0 0 0 0 0 0 0 0 0 0 0 2 0 22 10 0 8 2 0 24 3 0 32 41 16 60 2 12 9 28 0 0 0 0 0 0 0 0 26 0 0 0 0 0 10 6 1 0 0 0 13 29 0 0 0 0 2 0 0 0 0 0 0 0 0 0 0 0 4 0 0 0 0 0 0 0 0 15 0 0 0 0 0 0 0 0 0 0 0 0 0 0 1 1 0 22 0 11 24 23 22 2 14 1 17 29 0 9 0 32 0 33 0 0 0 0 0 0 9 0 0 0 0 0 0 2 0 0 0 0 0 8 0 0 0 0 0 0 0 0 0 0 0 0 0 0 0 0 0 0 0 0 0 0 0 0 0 0 0 0 0 0 0 0 0 0 6 1 0 1 52 5 2 1 0 0 0 0 10 0 0 0 0 0 0 0 0 12 0 0 0 0 0 16 0 0 1 0 0 0 0 0 
 0 206 126 80 148 173 0 0 73 6 7 75 0 0 2 139 77 37 2 0 122 125 54 114 70 58 370 166 101 317 37 51 381 210 161 133 188 153 0 90 38 3 2 0 0 6 3 2 0 3 4 0 0 3 3 1 2 5 2 1 0 0 0 6 0 0 0 0 0 0 6 2 0 4 0 0 0 2 0 2 1 0 1 1 12 10 1 0 1 14 0 0 0 1 0 0 0 0 0 0 0 1 0 19 0 0 0 31 0 0 0 13 66 0 0 14 11 0 0 0 0 0 0 0 0 0 0 0 0 0 0 0 0 0 0 0 0 0 0 0 0 0 0 0 0 0 0 0 0 0 0 0 0 0 0 0 9 0 7 0 0 0 0 8 17 1 0 0 14 26 1 0 2 0 0 1 0 1 0 0 21 0 0 12 0 1 0 15 18 31 0 0 12 32 1 16 10 0 0 0 0 0 0 0 0 0 0 0 0 0 0 0 0 0 0 11 0 0 0 0 0 0 0 0 0 0 0 0 0 0 0 0 0 0 0 0 0 0 0 0 0 0 1 0 0 0 1 0 74 0 0 0 0 0 11 0 0 0 0 1 0 0 0 0 0 0 0 0 0 0 0 0 0 0 0 0 58 0 0 0 0 0 0 0 0 0 11 0 0 0 
 2 4 2 2 2 3 2 2 14 2 78 75 2 5 2 2 2 3 2 2 184 66 173 274 62 96 284 159 78 196 66 242 53 201 358 65 117 251 90 0 0 0 21 63 2 3 3 0 0 3 0 0 0 201 0 66 2 2 2 0 0 0 0 0 0 0 0 0 0 0 51 9 0 3 0 0 0 2 0 0 0 0 0 0 0 1 0 0 0 0 0 22 0 0 0 0 0 0 0 0 120 12 12 12 0 0 33 27 18 11 47 14 7 0 32 54 15 23 11 55 0 0 0 0 0 0 0 4 0 17 0 0 0 0 0 0 0 0 11 0 0 0 0 13 0 0 0 0 0 0 0 0 0 0 0 0 0 9 0 0 0 14 0 0 10 3 0 0 0 15 19 34 0 0 0 0 0 0 0 0 14 32 19 15 0 0 13 19 14 3 29 0 27 4 31 15 22 9 23 11 0 0 0 0 9 0 0 0 0 0 0 0 0 0 0 0 0 0 7 0 0 0 0 0 0 0 0 11 0 0 0 0 0 0 0 0 0 0 0 0 0 0 0 0 0 0 0 0 0 0 0 0 0 0 5 0 2 0 1 1 0 0 0 0 0 0 0 0 0 0 0 0 0 0 0 0 0 11 0 0 0 0 0 0 0 0 0 0 0 0 
 0 0 5 3 5 5 0 0 7 0 0 9 24 1 2 0 0 5 0 62 6 0 73 136 117 61 0 1 65 61 62 7 6 0 0 0 62 0 38 0 0 68 123 61 55 237 112 44 111 27 38 29 39 99 132 50 24 36 62 36 0 0 0 0 3 0 0 0 0 0 0 0 0 0 0 0 0 0 0 7 0 0 0 0 6 0 0 0 0 2 0 0 0 0 0 0 0 0 0 0 0 0 0 0 11 33 0 0 0 0 0 6 0 0 0 0 0 18 0 0 21 63 0 0 0 0 0 11 9 0 0 10 4 6 0 41 0 3 36 10 0 0 0 9 0 0 0 0 0 0 1 0 0 0 0 21 10 2 11 0 0 0 3 6 10 13 0 0 7 3 0 0 0 0 0 4 0 14 0 1 6 0 0 14 59 8 1 0 0 0 10 5 0 0 0 0 12 0 0 0 3 2 6 0 0 0 0 30 19 3 9 0 5 23 0 18 0 0 7 15 0 0 0 0 0 0 0 0 0 0 0 0 0 0 0 0 0 0 0 0 0 0 0 0 0 0 9 0 0 0 0 0 0 2 0 0 0 61 0 0 0 0 0 0 0 3 0 0 2 0 0 0 0 0 0 0 0 0 0 0 0 0 0 0 0 28 0 0 0 0 
 0 2 0 0 0 0 0 0 0 7 0 0 0 2 0 3 0 2 0 37 2 0 0 1 0 64 0 1 0 0 0 5 62 0 0 0 2 0 3 0 68 0 229 332 41 128 414 208 386 97 109 88 366 180 366 307 127 125 51 250 0 0 9 1 0 0 0 0 5 0 4 0 7 0 0 2 0 0 3 57 0 0 0 0 0 0 0 0 0 0 0 0 0 0 2 0 0 0 0 0 0 0 0 0 0 11 0 0 0 0 0 0 0 0 0 0 0 0 0 0 1 8 21 37 15 16 21 1 1 21 15 0 15 2 26 0 1 49 0 0 2 7 0 0 0 0 0 8 11 0 46 4 11 4 0 6 0 11 13 16 0 0 0 0 0 0 0 1 0 0 0 0 0 0 0 0 0 0 0 0 0 0 0 0 1 5 0 0 0 0 0 0 0 0 7 0 0 0 0 0 0 21 1 22 25 18 10 6 14 1 8 22 9 2 16 7 0 11 10 1 0 0 1 0 0 0 0 0 0 3 12 5 28 10 5 14 0 0 21 13 0 0 0 0 0 0 0 0 0 19 0 1 0 2 0 0 0 0 0 21 0 0 0 1 9 25 0 0 0 0 0 0 0 0 0 0 0 0 0 0 0 0 0 0 9 0 0 1 0 0 
 2 5 2 2 2 2 2 2 2 2 22 2 2 2 8 2 2 2 7 4 2 2 2 2 70 64 2 2 2 2 2 6 5 4 2 2 2 2 2 21 123 229 0 347 48 106 184 250 167 160 60 127 67 111 221 64 102 610 240 135 2 3 0 2 0 0 0 0 1 0 0 0 0 0 4 209 6 4 0 0 0 0 0 0 0 0 0 0 0 0 0 0 0 0 0 0 0 0 0 0 0 0 0 0 0 0 0 0 0 0 0 0 0 0 0 0 0 0 0 0 0 14 16 0 17 0 0 0 31 11 8 6 9 14 29 0 28 6 11 0 0 5 4 0 3 0 0 0 0 0 0 0 32 10 9 0 2 0 0 0 0 0 0 0 0 0 0 0 0 0 0 0 0 0 0 0 3 0 0 0 0 0 0 0 27 0 0 0 0 0 0 0 0 9 0 0 0 0 0 12 25 16 3 0 14 12 3 20 23 8 55 0 13 8 30 28 23 9 15 0 0 2 0 0 3 0 0 0 5 0 14 0 26 0 0 0 2 14 24 7 0 0 12 0 0 0 0 0 0 0 0 6 0 0 0 0 0 0 0 10 0 0 8 1 41 2 0 0 0 0 0 0 0 0 0 0 0 0 0 0 0 0 0 0 35 13 0 0 2 0 
 0 3 0 0 0 0 1 4 2 0 0 0 0 2 6 0 1 0 4 0 0 0 0 0 3 0 0 64 0 63 0 0 3 0 0 0 17 0 0 63 61 332 347 0 144 88 153 284 104 314 130 392 85 563 82 300 324 635 314 127 1 0 0 0 0 0 0 0 0 0 0 0 0 0 0 4 0 1 31 4 0 42 0 0 10 0 0 3 0 0 1 0 0 0 0 32 1 0 0 7 13 0 0 0 0 0 0 0 12 0 0 0 0 0 0 0 0 0 0 0 1 2 13 24 19 19 0 0 19 25 20 29 0 4 13 8 7 22 0 0 9 0 0 0 0 0 11 18 0 0 0 0 0 0 0 0 0 0 19 20 0 0 0 0 0 0 0 0 0 0 0 0 7 0 0 0 3 0 22 0 0 0 0 0 0 7 0 0 1 0 0 0 0 0 0 0 0 0 0 0 8 0 41 43 32 6 5 0 0 47 25 2 0 19 44 9 0 4 0 0 0 0 0 0 0 0 14 0 0 0 15 0 4 0 0 0 0 0 27 6 0 0 0 0 0 0 0 0 0 0 0 2 0 0 0 0 0 0 0 0 0 0 0 0 14 5 0 1 0 0 14 0 0 0 0 0 0 0 0 0 0 4 0 0 0 1 0 20 1 0 
 3 3 3 3 3 3 7 3 94 3 5 14 3 3 3 3 6 5 5 7 0 0 0 0 0 0 0 3 0 0 17 3 1 0 0 0 5 1 0 2 55 41 48 144 0 67 105 331 63 137 216 105 85 121 307 258 42 39 68 66 12 4 0 2 0 1 4 3 0 4 0 0 50 28 110 54 0 0 112 8 0 0 0 0 1 0 0 0 0 0 0 0 0 0 0 0 0 0 0 0 0 0 0 0 0 0 0 0 0 0 0 0 0 0 0 0 0 0 0 0 13 14 10 0 17 32 0 0 18 25 23 5 0 10 0 0 10 20 0 0 0 0 10 0 11 0 26 11 0 14 0 0 13 1 0 0 0 0 0 1 0 0 0 7 0 0 0 10 0 0 0 0 0 0 0 0 0 0 0 0 0 0 0 0 0 0 0 0 1 0 0 0 0 0 0 0 0 0 0 0 0 11 17 15 30 13 0 0 5 12 0 0 0 0 27 0 0 29 0 0 12 22 0 9 0 0 49 0 32 0 7 42 10 9 0 0 13 9 37 14 0 0 0 0 0 1 0 0 0 0 0 2 0 0 0 0 0 0 2 1 0 0 2 2 0 3 2 39 2 7 9 0 0 11 0 0 21 0 0 0 0 0 0 0 0 11 0 0 0 0 
 0 3 0 1 0 0 0 0 0 0 7 0 1 2 0 0 0 0 1 0 3 65 3 3 4 3 3 3 3 4 3 3 3 3 3 3 4 3 6 3 237 128 106 88 67 0 44 243 18 63 81 107 36 41 56 147 63 264 53 31 51 0 0 1 0 0 84 0 0 0 1 0 50 0 51 2 2 5 55 26 0 0 0 0 0 0 0 0 0 0 0 0 0 0 0 0 10 0 0 0 4 0 0 0 0 0 0 0 0 0 0 0 0 0 0 0 0 0 0 0 1 0 16 11 1 22 0 0 0 1 1 0 0 2 18 0 1 0 0 0 10 0 0 0 0 0 2 11 0 23 0 0 34 0 0 0 0 9 0 13 0 0 0 0 11 0 0 0 0 0 0 0 0 0 0 0 1 0 0 0 0 0 0 0 0 0 0 0 0 0 0 0 0 0 0 0 0 0 0 0 0 4 0 14 1 12 1 0 0 4 9 8 0 0 0 13 13 11 0 0 17 30 13 17 0 0 1 0 0 0 9 1 23 14 8 9 0 20 48 25 0 0 0 0 0 0 0 0 0 0 0 2 0 0 11 0 0 0 0 5 0 26 4 0 63 6 4 0 2 0 0 0 0 8 0 0 0 0 0 0 0 0 0 0 13 0 0 0 1 2 
 0 6 0 0 0 0 0 0 0 0 1 0 0 0 0 0 0 0 0 0 2 3 3 67 64 69 3 2 3 3 2 3 3 3 2 3 3 2 3 3 112 414 184 153 105 44 0 222 175 76 460 126 560 104 174 62 24 107 289 112 0 0 0 0 0 0 0 0 0 0 0 0 0 0 0 0 0 0 0 0 0 0 0 0 0 0 0 0 0 0 0 0 0 0 0 0 0 0 0 0 0 0 0 0 18 1 0 0 0 0 0 0 0 0 0 0 0 19 0 0 0 29 50 7 6 0 4 15 11 6 1 17 27 19 10 5 6 22 12 0 0 0 0 4 0 0 0 0 0 0 6 0 2 0 0 0 0 0 0 0 0 0 0 0 0 0 0 0 13 0 9 0 0 0 0 0 0 2 8 0 0 0 0 0 13 9 0 0 0 0 9 0 0 0 0 0 0 0 13 0 28 7 52 17 15 0 18 6 17 38 0 0 33 12 16 29 12 18 29 11 0 0 0 0 1 0 0 0 0 0 14 0 1 0 0 0 0 0 1 12 0 0 12 0 0 0 0 0 17 0 0 0 0 0 0 0 0 0 0 0 0 0 2 0 66 2 2 0 0 0 0 0 0 0 0 0 0 0 0 0 0 0 0 0 0 0 0 11 2 0 
 3 3 3 67 3 7 3 3 3 3 18 3 3 3 12 3 3 3 9 3 0 4 0 68 66 85 0 0 0 1 0 0 3 0 0 8 0 0 2 0 44 208 250 284 331 243 222 0 209 254 46 33 143 305 109 252 283 57 95 60 0 0 0 0 0 0 0 0 0 0 0 0 0 3 0 0 0 0 0 3 0 0 0 0 0 0 0 0 0 0 0 0 0 0 0 0 0 0 0 0 0 2 0 0 15 11 0 0 0 0 0 7 0 0 0 9 0 5 0 0 19 8 9 31 14 0 28 33 0 22 23 8 17 0 8 1 8 39 5 11 0 0 12 0 0 0 0 0 0 0 4 0 0 11 0 0 0 0 0 0 0 0 0 0 0 0 0 0 0 9 0 3 0 0 0 0 5 0 0 0 0 0 0 0 14 3 0 0 2 3 5 4 0 0 12 0 0 0 0 0 13 15 10 0 0 4 8 35 30 0 0 15 16 6 16 44 21 0 32 13 0 0 0 0 0 0 0 0 0 0 0 0 13 0 0 0 0 0 0 0 0 0 3 0 0 0 0 0 0 0 0 6 0 0 0 0 0 0 2 20 0 0 2 0 0 0 0 1 1 0 0 0 0 0 0 0 0 0 0 0 0 0 0 0 0 23 0 0 2 0 
 2 3 2 2 2 3 2 2 2 3 16 2 2 64 3 3 46 3 2 3 0 0 0 0 62 191 61 65 0 0 0 0 0 0 0 0 0 0 0 0 111 386 167 104 63 18 175 209 0 117 69 36 229 102 143 68 130 38 119 119 4 0 5 1 5 0 0 8 6 2 55 2 0 6 0 3 0 6 4 4 0 0 0 0 0 0 0 0 0 0 0 0 0 0 0 0 0 0 0 0 0 0 0 0 0 14 0 0 0 0 0 0 0 0 0 0 0 0 0 0 0 27 13 41 17 0 17 9 20 29 30 22 56 9 1 3 21 58 9 0 7 9 0 0 0 2 0 0 0 2 14 0 6 29 0 10 0 0 26 13 0 0 0 0 0 0 0 0 0 0 0 0 0 0 0 0 5 0 1 0 0 0 0 0 18 36 0 0 0 0 0 0 0 0 0 0 0 0 0 0 31 12 32 0 48 1 22 26 19 39 0 16 22 20 0 3 34 0 21 0 11 0 0 1 0 0 0 2 0 7 25 9 19 12 9 2 0 1 1 0 0 0 11 0 0 0 0 0 0 0 0 3 0 0 0 0 0 0 0 21 0 0 0 0 0 46 9 0 2 0 0 0 0 0 0 0 0 0 0 0 0 0 0 0 0 13 0 21 2 0 
 0 0 0 0 0 3 0 0 0 0 0 2 0 0 8 0 0 0 6 0 31 3 3 3 6 7 3 3 4 3 3 5 7 3 30 3 3 3 3 3 27 97 160 314 137 63 76 254 117 0 222 126 42 401 155 233 72 127 90 127 2 3 0 0 0 0 1 0 0 0 0 0 0 0 0 34 0 0 19 0 0 21 0 5 0 3 0 0 0 2 0 0 0 0 0 0 0 0 0 0 0 0 0 1 0 0 0 0 3 0 0 0 0 0 0 0 0 0 0 0 14 11 46 20 6 16 0 0 0 19 32 12 10 7 11 0 1 0 0 0 15 16 0 0 0 0 8 1 0 0 0 0 10 0 1 0 0 0 0 0 0 0 0 0 0 0 0 0 2 0 0 0 0 0 0 1 0 0 16 0 0 0 0 0 0 1 8 0 0 0 0 0 3 0 0 0 0 3 0 0 8 27 18 38 13 0 0 0 0 31 0 4 0 0 8 11 1 11 0 0 0 0 0 0 0 0 14 0 0 0 0 0 22 0 1 7 7 0 19 1 0 0 0 0 0 0 0 0 0 0 0 20 0 0 0 0 0 0 0 9 0 0 1 0 64 0 1 64 0 0 13 0 0 0 0 0 0 0 0 0 0 4 0 0 7 22 0 0 1 0 
 0 0 62 0 30 0 3 0 0 3 0 0 0 2 0 0 0 0 0 0 5 0 0 0 0 0 0 0 0 0 0 4 0 0 0 0 3 0 4 0 38 109 60 130 216 81 460 46 69 222 0 216 44 266 65 63 156 64 33 44 58 57 4 4 0 0 64 0 4 2 5 0 8 103 3 5 0 0 60 40 0 1 0 0 0 0 0 0 0 0 0 0 0 0 0 0 0 0 0 0 7 0 0 0 0 0 0 0 0 0 0 0 0 0 0 0 0 0 0 0 1 0 0 0 2 8 0 0 19 24 9 11 0 4 0 0 9 27 0 0 1 16 0 0 0 0 7 0 3 0 5 4 0 13 0 5 0 6 16 7 0 0 0 33 0 0 0 0 0 0 0 0 0 0 0 0 0 0 0 0 0 0 0 0 0 0 0 0 0 0 0 0 0 0 0 0 0 0 0 2 0 1 13 23 13 16 0 0 0 23 2 7 0 0 31 0 0 9 0 0 3 0 22 0 0 0 7 14 0 2 0 4 2 7 4 6 0 11 22 7 0 0 0 0 0 0 0 0 0 0 0 2 10 0 0 0 0 0 0 8 0 0 2 64 0 7 1 63 66 0 10 0 0 0 0 0 0 0 0 0 0 0 0 0 0 7 0 0 2 0 
 0 0 2 0 0 0 0 0 0 0 3 0 0 0 0 0 0 0 2 0 0 31 0 0 0 1 0 0 0 0 0 0 0 0 0 0 4 0 0 0 29 88 127 392 105 107 126 33 36 126 216 0 290 95 371 161 257 213 37 63 55 0 0 0 1 0 52 0 0 0 0 0 0 0 0 1 0 0 50 0 0 0 0 0 0 0 0 0 0 0 0 0 0 0 0 0 0 0 0 0 0 0 0 0 0 7 0 0 0 0 0 3 0 0 0 0 0 0 0 0 0 12 12 28 5 4 0 3 36 0 2 17 8 20 14 18 23 0 0 0 22 0 0 0 0 0 0 52 0 0 0 0 1 1 41 26 0 0 0 30 0 0 0 0 0 0 0 0 0 0 0 0 0 0 0 0 0 3 37 0 0 0 0 0 5 11 0 0 0 0 0 0 0 0 0 0 0 0 0 0 19 0 8 15 27 17 6 10 0 17 88 26 7 5 9 15 41 11 4 1 8 0 23 0 0 0 2 20 0 0 0 0 9 6 20 17 0 1 15 0 0 0 5 0 0 0 0 0 0 0 0 2 0 0 0 0 0 0 6 1 0 0 63 1 0 1 4 4 7 0 0 0 0 0 0 0 0 0 0 0 0 0 0 0 19 0 0 0 2 0 
 0 2 0 0 1 0 0 0 0 0 3 0 0 1 2 0 0 0 0 68 1 61 32 62 0 65 0 1 110 0 4 67 0 0 0 130 1 62 0 0 39 366 67 85 85 36 560 143 229 42 44 290 0 163 253 47 37 109 528 116 0 0 2 0 0 0 0 0 4 0 21 0 6 0 0 0 0 1 4 4 0 0 0 0 0 0 0 15 0 0 0 0 0 0 0 0 0 0 0 0 0 0 9 7 23 23 0 0 21 0 0 28 0 0 0 0 0 0 0 0 11 44 17 39 0 0 27 9 20 0 0 19 15 8 1 11 0 33 0 7 0 0 0 0 0 0 0 0 5 0 17 11 0 0 0 5 0 8 22 0 0 0 0 0 39 0 0 0 0 0 0 0 0 0 7 0 0 0 0 1 0 0 0 15 18 19 0 0 0 9 0 0 0 6 0 0 0 0 0 0 0 0 25 0 79 0 39 16 20 0 0 15 20 32 21 1 10 0 5 5 0 0 9 0 0 0 0 0 0 6 33 4 1 5 4 12 0 0 5 16 0 0 0 0 1 0 0 0 0 0 0 4 0 0 0 0 0 0 0 0 6 0 0 0 1 1 1 0 0 0 0 0 0 0 0 0 0 0 0 0 0 0 0 0 0 0 0 21 0 0 
 0 0 0 0 0 0 0 0 0 0 0 0 0 0 4 0 0 0 5 0 0 0 0 0 5 127 0 2 0 2 2 0 2 0 0 0 0 0 3 201 99 180 111 563 121 41 104 305 102 401 266 95 163 0 76 96 32 128 119 140 4 6 0 0 0 0 11 0 1 0 0 0 7 0 0 29 0 0 4 2 0 0 0 0 0 0 0 0 0 0 0 0 0 0 0 0 0 0 0 0 0 0 0 0 24 10 0 0 0 0 0 0 0 0 0 0 0 0 0 0 13 10 30 29 28 14 14 0 16 0 14 15 21 18 36 23 23 28 0 0 0 16 0 0 0 0 3 8 4 0 3 2 1 0 7 0 0 0 0 0 0 0 2 0 0 0 0 0 2 0 0 0 0 0 0 0 0 0 2 0 0 0 0 0 0 0 0 0 0 12 0 0 0 0 0 0 0 0 0 0 0 24 11 37 9 0 17 13 16 0 8 63 30 22 4 28 3 7 0 0 0 0 11 0 0 0 5 0 0 0 7 0 11 0 0 0 0 0 17 15 0 0 0 0 0 0 2 0 0 32 0 0 0 1 0 0 0 0 0 1 0 0 1 0 64 2 0 70 2 0 0 0 0 0 0 0 0 0 0 0 0 0 10 0 3 7 0 58 0 0 
 0 3 0 0 0 0 0 0 0 0 0 0 0 0 0 0 0 0 0 7 0 205 0 62 60 63 0 5 0 0 0 0 0 0 0 0 0 0 3 0 132 366 221 82 307 56 174 109 143 155 65 371 253 76 0 153 38 157 279 190 0 0 0 0 0 0 0 0 0 0 0 0 0 0 0 0 0 0 0 0 15 0 0 0 0 0 0 0 0 0 0 0 0 0 0 0 0 0 0 0 0 0 0 0 9 12 0 0 0 0 0 0 0 0 0 0 0 0 0 0 11 20 0 7 11 0 2 2 53 3 15 37 17 8 12 9 20 4 15 4 0 4 0 0 0 0 0 0 0 0 0 0 0 0 11 0 0 0 0 0 3 0 2 0 0 0 0 0 1 0 0 0 0 0 16 0 0 0 2 0 0 0 0 0 25 0 0 0 0 0 0 0 0 0 0 0 0 0 0 0 3 0 8 1 0 1 11 20 16 8 45 0 32 26 0 21 1 18 17 15 0 0 0 0 0 0 0 0 0 0 0 0 11 0 0 0 0 0 1 0 0 0 0 0 0 0 0 0 0 31 0 6 0 1 0 0 0 0 0 1 0 0 34 0 0 3 0 0 0 0 0 0 0 0 0 0 0 0 0 0 0 0 0 0 5 18 0 0 0 0 
 0 0 0 0 0 1 0 0 0 0 22 0 0 0 0 0 3 0 0 0 264 0 0 0 0 1 63 3 0 1 1 3 87 1 0 0 0 1 1 66 50 307 64 300 258 147 62 252 68 233 63 161 47 96 153 0 201 94 54 121 0 0 0 0 0 0 2 0 51 0 0 0 0 0 0 4 0 2 53 6 0 0 0 0 0 0 0 0 0 0 0 11 0 0 0 0 0 0 0 0 0 11 0 0 0 0 6 0 8 12 0 0 0 0 0 0 0 0 10 11 0 9 10 13 4 8 0 0 1 0 0 11 31 8 1 0 0 0 0 0 36 0 0 0 0 0 0 28 0 0 0 0 12 0 11 21 0 0 0 37 0 0 0 0 11 12 0 0 0 16 9 12 0 0 0 0 0 0 3 1 0 0 0 0 0 0 0 11 0 0 0 1 0 16 0 0 0 37 3 1 7 11 9 29 0 3 19 0 0 9 19 25 0 0 0 1 10 17 0 0 0 0 0 0 0 0 0 0 0 0 0 0 7 0 23 0 0 0 42 0 0 0 0 0 0 0 0 0 0 0 0 7 0 0 0 0 0 0 0 1 0 0 3 0 1 1 0 0 2 0 0 0 0 0 0 0 0 1 0 0 0 1 0 0 11 13 0 0 2 0 
 0 3 0 1 71 0 0 0 0 3 0 0 0 2 0 0 0 0 0 0 4 3 2 2 2 67 2 2 2 3 2 6 2 2 2 2 4 2 2 2 24 127 102 324 42 63 24 283 130 72 156 257 37 32 38 201 0 118 27 98 0 0 0 0 0 1 6 0 0 0 0 0 0 0 0 17 0 0 48 0 0 0 0 0 0 0 0 0 0 0 0 0 0 0 0 0 0 0 0 0 0 11 0 0 0 10 0 0 0 0 0 0 0 0 0 0 0 0 0 0 0 0 0 39 20 15 14 44 0 9 10 18 14 1 16 20 35 22 0 0 9 0 0 0 0 0 0 51 0 0 22 0 0 10 16 0 0 0 0 23 0 0 0 0 0 0 0 0 0 0 0 0 0 0 0 0 3 0 0 0 0 0 0 0 0 0 0 0 0 0 0 0 0 0 0 0 0 0 0 0 0 7 0 22 4 20 8 9 13 0 21 37 12 7 1 17 27 16 0 0 0 0 0 0 0 0 0 0 0 0 0 0 32 1 20 0 0 1 7 0 0 0 0 0 0 0 0 0 0 0 0 17 0 0 0 0 0 0 0 11 0 0 0 0 0 0 0 0 0 0 0 0 0 0 0 0 0 0 0 0 0 0 0 0 0 0 0 0 1 0 
 0 5 0 0 0 0 0 0 0 3 6 0 0 0 0 0 0 0 2 3 2 2 2 2 2 5 2 2 2 2 2 8 2 2 2 2 6 2 5 2 36 125 610 635 39 264 107 57 38 127 64 213 109 128 157 94 118 0 257 82 0 2 3 52 0 0 3 0 0 0 0 0 0 0 0 208 0 2 0 0 0 0 0 0 0 0 0 0 0 0 0 2 0 0 0 0 0 0 0 0 0 0 0 0 0 3 0 0 0 0 0 0 0 0 0 0 0 0 0 0 0 10 17 12 13 0 0 0 25 0 8 21 0 17 52 11 12 10 0 0 7 2 0 0 0 0 0 37 0 0 0 0 1 0 10 23 0 0 0 10 0 0 0 0 0 0 4 0 0 0 0 0 0 0 0 0 0 19 3 0 0 2 0 0 0 0 0 0 0 0 0 0 0 0 0 0 0 0 0 0 10 0 28 7 17 5 11 5 0 11 41 2 2 26 14 21 14 7 0 0 10 0 18 0 0 0 0 17 15 0 8 0 8 0 0 12 0 0 1 11 0 0 0 0 0 0 0 0 0 0 0 2 0 1 0 0 0 0 0 1 0 1 64 2 64 3 0 0 0 0 0 0 0 0 0 0 0 0 0 0 0 0 0 0 11 0 0 55 0 0 
 0 5 0 0 0 0 0 0 3 3 23 0 1 2 0 0 0 0 1 0 3 22 129 58 65 210 2 5 68 2 129 146 30 3 64 31 7 3 2 2 62 51 240 314 68 53 289 95 119 90 33 37 528 119 279 54 27 257 0 398 0 0 0 0 0 0 0 0 55 0 4 0 0 0 0 0 0 0 0 0 0 0 3 0 0 0 0 0 0 0 2 1 3 0 0 0 0 5 0 6 0 0 0 23 11 0 0 9 11 12 0 36 0 0 9 0 19 22 0 0 15 0 0 2 0 0 11 12 15 12 0 0 12 7 10 0 0 0 21 10 0 0 0 0 0 0 0 0 0 0 0 0 3 0 0 41 1 8 0 0 0 3 5 0 0 0 0 2 0 0 0 0 0 0 4 1 16 13 0 2 0 3 11 14 6 10 0 0 2 21 0 21 0 0 0 11 16 30 1 0 0 17 0 0 0 0 35 11 10 0 0 0 0 0 0 10 11 0 0 7 0 0 0 0 0 0 0 0 0 0 0 0 0 0 0 0 0 0 0 0 0 9 0 0 0 0 0 0 0 0 0 0 0 1 0 0 0 141 0 2 10 0 1 0 0 4 1 0 0 0 0 1 0 0 0 0 0 0 0 6 0 0 0 0 0 0 0 0 0 0 
 1 2 0 0 0 0 1 0 3 0 24 0 2 1 0 10 0 0 2 4 2 0 63 0 1 29 0 1 65 0 0 0 0 0 0 30 3 0 1 0 36 250 135 127 66 31 112 60 119 127 44 63 116 140 190 121 98 82 398 0 0 0 1 0 0 2 2 0 0 0 5 2 0 0 3 0 2 3 0 3 5 0 3 0 0 0 16 0 0 0 3 3 8 5 0 0 0 0 0 0 0 0 0 0 8 0 0 0 0 0 0 63 0 8 0 0 0 0 0 0 8 10 6 25 5 0 0 4 14 18 0 60 0 15 29 27 42 10 0 0 0 1 0 0 0 0 0 0 0 0 0 0 0 0 19 0 0 0 20 0 4 4 0 0 0 0 0 0 1 0 6 4 0 8 0 10 0 9 2 0 12 0 0 18 0 0 0 0 0 0 0 0 0 0 0 0 0 0 6 0 35 0 24 6 0 0 9 1 0 29 35 0 0 4 11 13 9 0 1 23 0 0 0 0 0 0 0 0 0 0 0 0 8 0 0 0 0 0 0 0 0 0 0 0 0 0 0 0 0 0 0 2 0 27 0 0 0 67 0 0 0 0 66 0 0 0 0 0 0 0 0 0 0 0 0 0 0 0 0 0 0 0 2 0 19 0 0 0 0 0 
 0 0 0 0 0 0 0 0 2 0 4 0 0 0 0 0 0 0 5 3 0 0 0 0 0 0 0 0 0 0 0 0 3 0 0 0 2 0 0 0 0 0 2 1 12 51 0 0 4 2 58 55 0 4 0 0 0 0 0 0 0 246 143 124 462 42 373 43 46 83 41 88 132 113 151 48 42 22 59 108 0 0 0 0 0 0 0 0 0 0 0 0 0 0 0 0 0 0 0 0 0 0 0 0 0 0 0 0 1 0 0 0 0 0 0 0 0 0 0 0 6 0 4 0 2 13 0 0 0 0 6 0 0 2 0 0 9 7 0 0 0 0 8 0 12 9 0 0 0 7 18 0 0 0 2 0 36 4 0 4 0 0 0 0 0 0 0 0 0 0 11 0 0 0 0 0 0 0 0 0 0 0 0 0 0 0 0 0 0 0 0 0 0 0 0 0 0 0 0 0 0 3 0 9 0 8 0 0 0 0 23 0 0 0 6 0 0 0 0 0 22 2 10 9 17 0 0 12 17 1 0 0 4 9 9 0 7 23 0 0 0 0 4 11 0 0 0 0 0 2 0 0 0 0 7 0 0 0 0 0 0 0 0 57 0 0 0 3 0 0 1 1 0 2 0 0 0 0 0 0 0 0 0 0 0 8 0 0 0 0 
