 0 163 180 82 12 30 85 124 31 149 33 34 148 216 161 129 203 107 241 103 3 42 3 0 3 5 0 0 0 2 2 4 1 2 2 2 4 2 0 3 0 0 2 3 3 6 2 0 2 3 3 2 0 7 2 2 3 5 5 3 0 0 2 0 42 0 2 3 4 0 3 0 7 2 7 14 0 4 0 6 12 54 30 7 56 1 19 16 53 15 21 49 7 27 28 30 33 31 12 28 0 0 0 0 0 0 0 0 0 0 0 0 0 0 0 8 0 0 0 0 0 0 0 17 0 0 0 0 0 0 0 0 0 18 0 0 0 0 0 0 0 0 0 0 0 0 4 0 0 0 0 0 0 0 0 0 0 0 0 0 31 25 59 11 36 11 18 1 24 1 22 32 14 25 6 1 12 14 16 0 0 0 0 0 0 0 1 4 0 0 0 0 1 0 0 0 0 0 1 0 0 0 0 0 8 0 0 0 0 0 0 0 0 0 0 0 0 0 0 0 2 0 18 0 0 0 0 0 0 0 0 0 0 0 0 0 0 0 0 0 0 0 0 0 0 0 1 0 1 1 0 6 0 0 0 0 0 0 0 0 0 0 21 0 0 4 0 0 0 0 0 2 0 0 0 0 21 0 0 0 0 0 0 0 0 0 0 0 0 0 
 163 0 111 61 115 43 92 181 214 51 54 125 123 98 147 193 52 137 45 146 0 0 3 0 0 0 0 0 0 0 0 0 1 0 0 0 2 74 0 0 0 0 0 0 0 0 2 0 2 0 4 0 0 0 0 2 2 4 4 3 0 1 0 0 0 0 2 3 0 0 2 0 3 0 3 3 0 0 0 0 14 15 6 29 0 0 36 40 42 25 28 28 0 14 35 19 19 31 70 44 0 0 0 0 0 1 0 0 0 0 0 0 4 0 17 14 0 1 17 0 1 0 0 0 0 0 0 0 0 0 0 0 0 8 0 0 0 0 1 1 0 0 5 0 0 0 1 0 0 0 6 0 0 0 0 0 0 0 0 0 0 17 0 9 1 0 19 0 0 0 38 20 0 22 17 27 2 14 1 11 27 0 0 1 0 0 9 2 0 0 0 0 17 16 0 0 0 0 21 19 0 2 0 0 0 0 9 0 0 0 0 0 0 0 0 0 0 0 0 0 0 0 0 0 0 0 20 0 0 0 0 0 0 1 0 0 0 0 0 0 0 11 0 0 0 1 1 0 0 0 0 10 0 0 0 0 0 2 0 0 0 0 23 0 0 0 0 0 0 0 0 0 0 0 0 10 0 0 0 0 0 0 0 0 0 0 0 3 0 0 
 180 111 0 100 257 66 155 78 237 240 272 131 173 55 250 54 578 337 69 236 0 0 3 0 0 0 10 74 0 0 2 0 74 0 1 0 2 73 0 0 60 0 0 21 1 1 2 0 2 21 18 1 0 0 0 2 2 5 3 6 3 0 0 0 0 0 2 3 0 0 2 0 3 0 3 3 0 0 0 0 17 0 10 0 0 0 32 32 30 22 0 47 20 19 40 0 19 0 26 53 16 0 0 0 0 0 0 0 0 0 0 0 0 0 0 14 0 0 0 0 0 0 0 0 0 0 0 0 0 0 0 0 0 0 0 0 0 0 0 0 0 0 2 0 0 0 0 0 0 0 0 0 0 0 0 0 0 0 0 0 0 19 13 0 0 13 0 34 25 0 14 8 0 0 88 7 0 0 0 10 20 0 0 0 0 0 0 0 0 0 0 0 1 0 0 0 0 0 1 18 0 0 0 0 0 0 0 0 0 0 0 0 0 0 0 0 0 0 0 0 0 0 0 0 0 0 0 0 0 0 0 0 13 0 0 0 0 0 0 0 0 8 0 0 0 0 0 2 1 88 1 3 0 0 0 0 0 0 0 0 0 0 10 0 0 0 0 0 0 0 0 0 0 0 0 12 1 17 0 0 0 0 0 0 0 0 0 0 0 0 
 82 61 100 0 163 23 369 252 175 85 155 341 137 72 151 83 105 254 175 91 2 0 3 0 0 0 4 0 0 0 2 0 152 0 1 0 2 0 79 0 0 0 0 0 0 2 2 0 2 0 3 0 0 4 0 2 3 3 3 3 0 0 0 0 0 0 3 3 0 0 3 0 1 0 3 5 0 0 0 5 12 0 19 33 75 30 0 1 0 23 26 1 15 16 0 48 17 23 0 0 0 14 0 0 0 0 14 38 10 0 3 0 0 56 13 0 0 0 0 34 0 0 0 0 0 0 0 0 0 0 0 0 0 0 0 0 0 0 0 0 0 0 0 0 0 0 8 0 0 0 0 0 0 0 0 0 4 0 0 0 0 0 16 58 13 33 0 0 1 37 9 0 0 36 0 1 30 2 0 0 10 0 0 0 0 0 17 1 1 0 0 0 13 12 15 0 0 0 32 11 0 0 0 0 0 0 0 0 0 0 0 0 0 0 0 0 17 0 0 0 0 0 0 0 0 0 0 0 0 0 0 0 0 0 0 0 0 0 0 0 0 0 0 0 0 1 2 0 2 88 15 5 14 0 0 0 0 0 0 0 0 0 0 0 0 21 0 0 0 0 0 0 0 0 0 0 0 0 0 0 0 0 0 0 0 0 0 0 0 0 
 12 115 257 163 0 307 46 253 61 151 108 249 66 60 79 140 222 48 275 63 0 0 3 1 0 1 185 0 38 0 1 0 75 2 150 0 2 0 82 73 0 3 2 5 0 0 2 0 2 0 6 1 0 0 0 3 3 6 3 4 3 1 3 0 0 4 2 3 49 0 3 1 2 0 3 4 0 0 0 1 0 0 14 0 0 10 0 0 0 1 0 1 0 0 0 0 7 15 0 0 0 15 0 30 0 0 3 20 20 8 1 0 19 26 12 0 0 0 15 0 0 0 0 0 0 0 0 0 0 0 0 0 0 0 0 1 0 0 0 0 0 2 0 0 2 0 0 0 1 0 0 0 0 0 0 0 0 0 1 0 0 0 0 12 9 37 0 0 0 6 0 12 0 7 0 0 0 0 0 0 0 57 11 14 0 0 19 0 49 13 0 10 2 44 13 0 0 0 20 14 0 0 0 0 0 0 0 0 0 8 0 0 0 0 0 0 0 0 0 0 0 0 0 0 0 0 0 0 2 0 0 0 0 0 0 0 0 2 0 0 0 0 39 0 0 1 2 0 6 0 14 3 2 0 0 0 0 0 0 0 1 0 0 0 0 0 0 0 0 0 0 0 0 0 0 8 0 0 0 0 0 0 0 0 0 0 0 0 0 0 
 30 43 66 23 307 0 30 57 44 58 278 98 43 42 58 162 183 53 50 55 39 96 77 0 0 0 187 3 107 0 0 0 27 1 78 0 78 0 147 117 0 3 0 0 3 0 2 2 5 0 3 3 0 0 0 4 5 4 6 3 3 0 0 0 0 2 2 3 0 0 3 0 2 38 3 3 5 0 0 0 0 0 0 0 0 1 0 0 1 0 0 0 0 0 0 0 0 0 0 0 17 16 73 11 0 0 46 10 19 8 12 5 32 0 0 0 15 0 17 0 0 0 0 0 7 0 0 0 0 0 0 0 0 0 0 0 0 0 0 0 0 42 0 0 0 0 0 0 0 0 0 0 0 0 0 0 0 0 0 0 0 0 0 10 0 0 0 0 0 1 0 8 0 0 0 16 0 0 0 0 0 38 11 0 0 0 27 8 17 11 0 0 24 11 0 0 25 23 14 18 0 0 0 0 6 0 0 0 0 0 0 0 0 1 0 0 0 0 0 0 0 0 0 0 0 0 0 0 0 0 0 0 0 0 0 0 0 0 0 0 0 0 3 0 0 0 1 0 47 0 0 12 0 0 0 0 0 0 0 0 0 0 0 0 0 0 0 0 0 0 0 0 50 0 0 0 0 0 0 0 0 0 0 0 0 0 0 0 0 0 
 85 92 155 369 46 30 0 78 66 120 38 24 276 156 146 53 223 231 68 462 0 0 3 3 0 2 0 0 1 0 2 0 3 2 0 0 2 82 0 0 0 0 0 0 0 10 2 2 2 0 3 0 0 0 0 2 3 4 3 3 0 2 0 0 0 0 3 3 2 0 3 1 1 0 3 3 0 0 0 0 9 1 1 22 19 12 0 15 11 20 1 0 24 19 50 0 5 0 8 31 0 0 0 0 0 0 0 0 0 0 0 0 0 0 0 0 0 0 0 17 0 0 0 0 0 0 0 26 0 0 0 0 0 0 0 0 0 0 0 0 0 0 0 0 0 0 6 0 0 0 0 0 0 0 0 2 0 0 0 0 25 5 41 13 11 0 11 39 6 11 15 40 0 0 49 26 11 25 11 0 0 0 0 0 0 0 0 0 0 0 2 0 1 0 7 0 0 0 0 0 0 0 0 0 0 0 0 0 0 0 0 0 0 0 0 0 0 0 0 2 0 0 0 0 2 0 0 0 0 0 1 0 0 0 0 0 0 8 0 0 0 1 0 0 0 0 11 0 0 88 2 0 0 0 0 0 0 0 0 0 0 0 0 0 0 0 0 0 0 0 0 0 0 0 0 0 9 16 0 0 0 0 0 0 0 0 0 0 0 0 
 124 181 78 252 253 57 78 0 375 49 213 113 404 243 134 41 31 38 183 274 0 74 3 0 0 0 1 17 0 1 0 0 5 0 1 0 3 0 0 0 0 0 0 0 0 0 3 0 2 0 3 1 0 4 0 3 3 3 3 3 0 0 0 0 0 0 3 3 0 3 3 0 0 0 2 2 0 0 0 1 36 13 17 14 24 10 7 33 0 2 14 29 29 9 14 32 0 47 20 1 0 0 0 0 0 0 0 0 0 0 0 0 0 0 0 0 0 0 0 13 0 0 33 0 0 0 0 0 0 0 0 0 0 0 0 2 0 0 10 0 0 0 0 2 11 0 0 10 0 0 0 0 0 0 0 0 4 8 0 0 39 5 7 12 19 22 5 0 1 10 13 13 1 0 0 15 31 15 12 19 0 0 0 0 1 0 0 0 0 0 0 13 10 0 0 0 0 0 10 0 0 0 0 0 0 0 0 0 0 0 0 0 0 0 0 11 16 0 0 0 0 2 0 15 0 0 0 0 0 0 0 0 0 0 0 0 0 0 0 0 0 0 0 0 0 0 2 0 0 1 0 2 9 0 0 0 0 0 0 1 0 0 0 0 0 0 0 0 0 0 0 0 0 0 0 0 0 0 0 0 0 0 0 0 0 0 0 0 0 0 
 31 214 237 175 61 44 66 375 0 479 135 216 184 183 228 60 236 39 188 55 2 2 4 0 0 0 0 0 0 73 0 2 138 0 2 0 2 2 0 2 3 0 0 0 0 0 6 0 4 0 3 0 0 2 0 5 3 3 3 3 0 2 0 0 0 0 3 6 39 0 3 0 1 0 3 3 0 0 0 0 20 26 33 16 33 10 6 19 10 25 10 34 16 11 17 43 1 31 10 11 6 0 0 0 0 0 0 0 32 0 0 0 0 0 0 0 0 0 0 0 0 0 0 0 0 0 0 0 0 0 0 0 0 0 0 0 0 0 0 0 0 0 6 0 0 0 0 0 0 0 0 0 0 0 0 0 0 0 0 0 9 1 15 15 14 21 19 1 10 15 31 11 0 0 5 10 14 17 0 0 12 0 0 0 0 0 0 0 0 0 20 0 10 0 0 0 0 0 15 15 0 0 0 0 0 0 0 0 0 0 0 0 0 0 0 0 0 0 0 0 0 0 0 0 0 0 0 0 0 0 0 0 0 0 0 0 0 0 0 0 0 0 0 0 0 0 0 2 1 1 3 5 14 0 0 0 0 0 0 0 0 0 0 0 0 0 0 0 0 0 0 0 0 0 0 15 0 7 0 0 0 0 0 0 0 0 0 0 0 0 
 149 51 240 85 151 58 120 49 479 0 82 72 146 144 89 368 275 359 99 111 0 3 3 0 0 0 74 0 2 2 3 0 88 0 3 0 4 0 147 1 0 0 0 0 0 1 2 63 2 0 3 9 0 0 0 2 4 3 3 3 0 0 1 0 0 0 2 3 0 0 2 0 3 0 3 3 0 0 0 0 16 11 10 56 0 0 11 0 20 3 36 0 16 1 18 1 0 0 15 55 13 27 30 0 0 0 0 25 0 0 0 0 0 17 0 14 59 0 0 0 0 0 0 0 0 0 0 0 4 0 0 0 0 0 0 0 0 2 0 0 0 0 0 0 0 0 0 0 0 0 0 0 0 0 0 0 0 0 0 0 0 0 0 12 0 8 9 0 0 11 16 0 0 0 3 38 2 14 0 0 0 0 0 0 0 0 0 0 1 0 0 0 0 0 0 0 0 0 0 0 0 0 0 0 0 0 0 0 0 0 0 0 0 0 2 0 0 0 0 0 1 0 0 0 0 0 0 0 0 0 0 0 0 0 0 0 0 0 0 0 0 0 0 0 0 3 4 0 55 5 0 7 14 0 1 0 0 0 0 0 0 0 0 0 0 0 0 0 0 0 0 0 0 0 0 0 16 13 0 0 0 0 0 0 0 0 0 0 0 0 
 33 54 272 155 108 278 38 213 135 82 0 205 254 135 143 237 342 222 71 72 0 0 3 0 0 0 1 75 0 0 0 0 105 0 0 0 2 1 151 24 0 1 0 0 0 0 9 2 2 0 3 5 0 0 0 2 2 3 3 3 0 4 0 0 0 0 10 3 0 0 1 0 3 0 3 3 0 0 37 34 12 0 13 5 43 32 0 28 10 26 0 28 0 0 1 23 0 13 0 0 0 0 0 0 0 0 12 15 57 0 19 0 0 45 5 0 0 14 1 16 0 0 0 0 0 0 0 0 0 0 0 0 0 0 0 0 0 0 0 0 0 0 5 0 0 0 19 0 0 0 5 0 0 14 0 0 0 0 0 0 0 0 0 5 1 16 0 0 44 20 25 14 0 11 0 0 16 26 0 0 49 0 0 0 0 0 0 0 0 0 1 0 31 6 11 0 12 0 3 39 0 0 0 0 0 0 0 0 0 0 0 0 0 1 0 0 0 0 0 0 0 0 0 0 1 0 0 1 0 0 2 0 0 0 0 0 0 0 0 0 0 0 0 0 0 3 7 0 5 1 20 7 0 0 0 0 0 0 0 0 0 0 0 0 0 0 0 0 0 0 0 0 0 0 0 9 0 0 0 0 0 0 0 0 0 0 0 0 0 0 
 34 125 131 341 249 98 24 113 216 72 205 0 27 32 122 109 177 246 47 44 0 1 7 0 2 0 78 76 94 0 0 1 131 73 33 2 4 0 151 36 0 0 0 0 0 1 4 0 7 1 3 0 0 0 0 3 5 3 3 3 0 2 0 0 0 0 8 3 0 0 3 0 2 0 2 2 0 1 0 0 0 0 0 45 27 23 0 38 0 23 0 20 0 10 10 19 0 28 10 0 20 0 0 1 0 0 8 38 37 0 25 0 0 31 1 0 0 20 12 19 0 0 0 0 0 0 0 0 0 0 0 0 0 0 0 0 0 0 0 0 0 1 0 0 0 0 0 0 0 0 0 0 0 0 0 0 0 0 0 0 0 0 1 0 0 6 0 0 0 0 11 0 0 16 0 0 30 0 0 0 43 2 4 10 0 15 0 0 11 0 0 0 28 5 19 0 28 0 0 14 0 0 0 0 0 0 9 0 0 0 0 0 0 0 0 0 0 0 0 0 27 0 0 0 0 0 0 0 0 0 0 0 0 0 0 0 0 0 0 0 0 0 19 0 0 1 86 0 3 7 2 8 2 0 0 0 0 0 0 0 0 0 0 0 0 0 0 0 0 0 0 0 0 0 0 0 0 23 0 0 0 0 0 0 0 0 0 0 0 0 
 148 123 173 137 66 43 276 404 184 146 254 27 0 300 184 109 336 38 207 92 0 0 5 2 1 0 1 0 4 0 0 3 1 2 2 0 2 2 0 0 9 0 3 5 1 0 2 3 2 0 3 5 3 2 3 2 3 3 3 5 0 2 5 0 0 0 2 3 0 0 3 0 2 0 3 36 0 0 0 0 0 38 14 15 28 21 8 11 10 2 26 43 14 7 0 20 1 23 16 1 0 0 0 0 0 0 0 0 0 0 0 0 0 0 0 0 0 0 0 20 0 0 0 0 0 0 0 0 0 0 0 0 0 0 0 0 0 0 0 0 0 0 0 0 0 0 7 0 0 0 0 0 0 0 0 0 0 0 0 0 24 0 24 18 20 16 30 19 24 40 17 11 1 18 53 30 13 65 0 0 0 0 0 0 0 0 0 0 0 0 0 0 0 0 0 2 0 0 13 0 1 0 0 2 0 2 0 0 0 0 0 0 0 0 0 0 0 0 0 0 0 0 0 0 0 0 0 0 0 0 0 0 1 0 2 0 0 0 0 0 0 0 0 0 0 4 89 1 0 3 0 0 15 0 0 0 0 0 0 0 24 0 0 0 0 0 0 0 0 0 0 0 0 2 0 0 0 0 0 0 0 0 0 0 0 0 0 0 0 0 
 216 98 55 72 60 42 156 243 183 144 135 32 300 0 98 47 35 270 163 229 0 0 3 77 0 0 0 0 0 0 71 0 4 0 0 0 2 2 0 0 0 0 0 0 0 0 8 42 2 0 6 5 0 4 0 2 3 3 3 3 0 0 0 0 0 33 3 3 0 0 3 0 2 0 3 3 0 0 0 1 16 94 25 13 0 0 37 0 18 3 34 15 17 0 36 18 21 1 39 25 0 0 0 0 0 0 0 14 0 0 0 0 0 2 0 19 0 0 0 0 0 0 0 0 0 0 0 0 0 0 0 0 0 0 0 0 2 0 0 0 0 0 0 0 0 0 1 0 0 0 0 0 0 0 0 0 4 0 0 0 36 0 19 22 19 11 19 0 0 0 36 10 16 0 18 19 0 41 23 10 0 0 1 0 0 0 0 0 0 0 0 0 0 0 0 0 0 0 9 0 0 0 0 0 1 0 0 0 0 2 0 0 0 0 0 0 0 0 0 0 0 0 2 0 0 0 0 0 0 0 0 0 0 0 0 0 0 0 0 0 0 0 0 0 0 2 0 2 2 1 0 8 0 0 0 0 0 0 0 0 0 0 0 0 0 0 0 0 0 0 0 0 0 0 0 0 14 0 0 0 0 0 0 0 0 0 0 0 0 0 
 161 147 250 151 79 58 146 134 228 89 143 122 184 98 0 61 55 132 181 248 0 3 3 0 2 2 0 85 0 1 2 0 66 0 1 2 2 72 0 3 0 0 0 0 0 0 2 0 2 0 3 3 0 0 0 2 4 3 3 3 0 0 0 0 0 2 2 3 0 0 2 2 3 0 6 3 1 3 0 2 30 0 7 26 37 9 27 43 14 55 10 4 0 50 68 46 54 2 36 26 0 0 0 0 0 0 0 0 0 0 0 0 0 0 0 13 0 0 0 0 0 0 0 0 0 0 0 0 0 0 0 0 0 0 0 0 0 0 0 0 0 0 13 0 0 0 8 0 0 0 0 0 0 0 0 0 0 0 0 0 0 20 35 11 14 0 0 42 14 0 15 9 0 20 36 10 24 1 0 13 0 0 0 0 0 0 0 0 0 0 0 0 10 0 0 0 0 0 0 0 0 0 0 0 0 0 0 0 0 0 0 15 0 0 0 0 0 0 0 0 0 0 0 0 0 0 0 0 0 0 0 0 0 0 0 0 0 0 0 0 0 8 0 0 0 0 2 0 2 4 0 10 0 0 0 0 0 0 0 0 0 0 10 0 0 0 0 0 0 0 0 0 0 0 0 0 0 0 0 0 0 0 0 0 0 0 0 0 0 0 
 129 193 54 83 140 162 53 41 60 368 237 109 109 47 61 0 108 122 325 81 0 3 5 0 0 2 0 205 2 0 0 0 77 3 0 2 3 0 169 75 1 2 0 3 0 0 2 1 2 2 6 0 0 0 0 2 50 3 3 3 2 9 3 0 0 3 9 4 2 0 2 2 3 0 3 3 0 0 0 5 0 14 12 26 12 9 0 11 9 3 27 46 0 0 0 15 9 28 0 9 0 9 0 0 0 0 0 7 0 0 0 0 9 27 0 0 24 1 36 0 0 0 0 0 9 0 0 0 0 0 0 0 0 0 0 0 0 0 0 0 0 0 5 0 0 0 0 0 0 0 5 0 0 0 0 0 0 0 0 0 0 0 0 3 0 16 0 0 0 7 14 35 0 23 0 26 16 0 0 0 23 0 0 0 0 0 0 0 0 0 0 0 11 0 0 0 0 0 31 14 0 0 0 0 0 0 0 0 0 18 0 0 0 0 0 0 0 0 7 0 0 0 0 0 0 0 0 0 0 0 0 0 0 0 0 0 12 0 0 0 0 0 0 0 0 1 2 1 94 87 0 14 0 0 0 0 0 0 0 0 0 0 0 0 0 0 0 0 0 0 0 0 0 0 0 13 0 0 0 0 0 0 0 0 0 7 0 0 0 0 
 203 52 578 105 222 183 223 31 236 275 342 177 336 35 55 108 0 84 44 320 0 0 3 2 2 0 0 0 0 0 26 3 75 0 0 0 2 2 73 0 0 0 0 3 0 0 65 0 2 3 3 0 0 0 0 3 3 3 3 3 0 0 0 3 1 2 3 3 0 0 3 0 1 0 3 3 0 0 0 0 44 0 33 14 10 0 21 21 16 22 0 12 11 12 21 1 6 14 15 50 17 0 1 16 0 1 0 0 0 0 0 0 0 1 0 14 0 0 0 0 0 0 0 0 0 0 0 0 0 0 0 0 0 0 0 0 0 0 2 0 0 0 2 0 0 0 0 0 0 0 3 0 0 0 0 0 0 0 0 0 13 8 34 11 0 14 13 14 17 1 19 23 14 0 42 13 0 0 0 1 19 0 0 2 0 8 0 1 0 0 0 0 1 1 0 0 0 0 18 18 0 0 0 0 0 0 2 0 0 15 0 0 0 0 0 0 0 0 0 0 0 0 0 0 0 0 0 0 0 0 0 0 0 2 0 0 0 0 0 2 0 4 0 0 0 0 0 1 84 47 3 4 0 0 0 0 0 0 0 0 0 0 12 0 0 0 0 0 0 0 0 0 0 0 0 37 14 18 0 0 0 0 0 0 0 0 0 0 0 0 
 107 137 337 254 48 53 231 38 39 359 222 246 38 270 132 122 84 0 35 80 2 0 3 0 0 0 78 1 0 0 0 0 35 1 74 0 2 1 44 78 0 0 0 0 0 0 4 0 2 0 3 3 0 0 0 2 2 3 7 3 0 5 36 0 0 0 4 3 0 0 1 0 3 0 4 3 0 0 0 0 0 0 0 91 18 32 0 38 13 52 15 14 12 7 15 1 0 1 6 8 0 16 0 0 0 0 0 0 16 0 0 0 0 15 0 0 0 1 17 20 0 0 0 0 0 0 0 0 0 0 0 0 0 0 0 0 0 0 0 0 0 0 0 0 0 0 6 0 0 0 2 0 0 0 0 0 0 0 0 0 0 16 29 14 4 1 1 9 11 35 0 2 0 29 27 20 45 54 14 0 10 0 0 1 0 0 0 2 0 0 0 0 4 0 0 0 13 0 9 0 1 0 0 0 0 2 0 0 0 0 0 0 0 0 0 0 0 0 0 0 0 0 0 0 0 0 0 0 0 0 0 0 0 0 0 0 0 0 0 0 0 0 0 0 0 0 88 3 3 44 0 6 0 0 0 0 0 0 0 0 0 0 0 0 0 0 0 0 0 0 0 0 0 0 0 0 33 0 0 0 0 0 0 0 0 0 0 0 0 0 
 241 45 69 175 275 50 68 183 188 99 71 47 207 163 181 325 44 35 0 204 0 0 3 0 2 0 2 0 19 0 0 0 1 0 2 0 2 0 0 0 0 2 0 0 0 0 3 0 2 0 3 0 0 0 0 3 3 3 42 3 0 0 0 0 0 0 3 3 0 0 3 0 1 0 3 3 0 0 0 0 14 35 7 0 0 0 11 1 12 0 18 0 0 8 31 20 17 0 25 13 0 0 0 1 0 0 0 0 0 0 0 0 0 0 0 15 0 0 0 1 0 0 0 0 0 0 0 10 0 0 0 0 1 1 0 0 0 0 0 0 0 0 2 0 0 0 0 0 0 0 0 0 1 0 0 0 0 0 0 0 0 0 1 8 0 0 25 0 11 0 15 1 11 41 0 16 10 13 0 12 0 0 0 10 0 0 0 0 0 0 0 0 0 0 0 0 0 0 0 0 0 0 0 0 0 0 0 0 0 0 0 0 0 0 0 0 0 0 0 0 0 0 0 0 0 0 0 0 0 0 0 0 0 0 0 0 0 0 0 0 0 0 0 0 0 0 1 0 2 0 0 1 0 0 0 0 0 0 0 0 0 0 0 0 0 0 0 0 0 0 0 0 0 0 0 0 0 0 0 0 0 0 0 0 0 0 0 0 0 0 
 103 146 236 91 63 55 462 274 55 111 72 44 92 229 248 81 320 80 204 0 2 0 3 0 0 0 0 0 0 0 0 2 2 0 0 0 3 15 0 0 0 0 0 0 0 0 3 0 2 0 5 0 0 0 0 3 3 3 3 3 0 0 0 0 0 0 3 3 2 0 3 0 0 0 2 2 0 0 0 4 13 45 12 19 0 2 0 0 15 3 9 0 18 49 11 22 41 0 14 41 0 0 0 0 0 0 0 0 0 0 0 0 0 0 0 0 0 0 0 0 0 0 0 0 0 0 0 0 0 0 0 0 0 0 0 0 0 0 0 0 0 0 0 0 0 0 0 14 0 0 0 0 0 0 0 0 0 0 29 0 27 30 72 0 2 0 0 0 0 0 0 0 38 10 7 17 0 12 31 19 0 0 0 0 0 1 0 0 0 0 0 0 0 17 0 0 0 0 0 0 0 0 0 0 0 0 0 0 0 0 0 0 0 0 0 0 0 0 0 0 0 0 0 0 0 0 0 0 0 0 0 0 0 0 0 0 0 0 0 0 0 7 0 0 2 0 1 0 1 5 0 12 0 0 0 0 0 0 0 0 0 0 0 0 0 0 0 0 0 0 0 0 0 13 0 0 31 0 0 0 0 0 0 0 0 0 0 0 0 0 
 3 0 0 2 0 39 0 0 2 0 0 0 0 0 0 0 0 2 0 2 0 348 69 386 198 74 334 315 42 132 23 165 55 397 390 49 179 37 179 95 0 0 0 0 0 0 0 0 0 0 2 3 2 2 0 0 3 3 77 0 0 0 0 0 0 0 0 0 0 0 0 0 3 0 0 0 3 0 0 2 0 0 0 0 0 0 14 0 0 0 0 0 0 0 0 0 0 0 0 0 1 14 33 0 34 0 29 9 12 1 8 35 0 20 47 24 37 1 0 0 0 0 0 0 0 0 1 0 0 0 0 0 0 0 0 0 0 0 0 1 0 0 0 0 0 0 0 0 4 0 0 3 0 0 0 0 0 0 0 0 0 0 0 0 0 0 0 0 0 0 0 0 0 0 0 0 0 0 0 0 0 9 2 14 11 19 9 20 2 33 10 67 0 10 35 39 24 38 0 0 20 1 0 0 0 0 0 0 0 0 0 0 10 0 0 0 0 10 8 0 0 0 0 0 0 0 0 0 0 0 0 0 0 0 0 0 0 0 0 0 0 0 0 0 0 0 0 0 0 0 0 0 0 0 4 0 0 0 3 0 2 0 0 0 0 0 0 0 0 0 0 0 0 0 0 0 0 0 0 13 0 21 0 0 0 0 11 0 0 0 
 42 0 0 0 0 96 0 74 2 3 0 1 0 0 3 3 0 0 0 0 348 0 241 615 119 107 243 566 67 32 254 196 53 352 226 321 116 59 137 330 0 0 0 1 0 0 0 2 0 0 2 3 1 1 2 0 3 2 0 0 0 0 0 0 0 0 0 0 0 0 0 1 3 2 0 0 7 1 0 3 0 0 0 0 0 1 1 0 0 0 0 0 0 0 0 0 0 0 0 0 1 18 30 11 13 0 30 19 1 17 3 3 2 19 28 17 15 9 5 0 0 0 0 18 0 0 1 0 0 0 0 0 0 18 0 0 0 0 0 0 0 0 0 0 0 0 0 0 4 0 0 3 0 0 0 0 0 0 2 0 0 0 0 0 0 0 0 0 0 1 1 0 0 0 0 0 0 2 0 0 0 29 10 21 0 0 11 27 0 38 0 32 2 62 2 15 27 9 0 1 14 0 0 0 0 1 1 0 0 0 0 0 0 0 0 0 0 0 13 0 0 0 0 0 20 0 0 0 0 0 0 0 0 0 0 0 0 0 0 15 0 0 0 0 0 0 0 0 0 0 0 0 0 0 6 0 4 0 0 4 3 0 0 0 0 3 0 0 0 0 0 0 0 0 0 0 0 0 0 3 0 10 0 2 0 0 6 0 0 0 
 3 3 3 3 3 77 3 3 4 3 3 7 5 3 3 5 3 3 3 3 69 241 0 143 230 93 217 123 351 190 92 115 44 142 63 128 68 113 32 103 0 0 0 1 1 0 61 0 0 0 3 13 0 66 0 0 209 2 65 64 0 0 0 0 0 0 0 0 0 0 0 2 3 0 3 0 0 0 0 3 0 1 8 0 0 1 0 14 0 0 0 0 0 5 0 0 0 0 1 0 50 0 24 32 26 12 2 22 0 8 1 6 3 17 25 12 24 35 46 14 12 12 9 0 0 0 12 0 0 0 0 0 0 0 12 0 0 0 1 16 0 2 1 0 0 0 0 0 2 0 0 3 0 0 0 0 0 0 0 0 0 0 0 2 15 1 0 7 0 2 0 0 0 0 0 0 0 0 0 0 21 11 17 3 9 1 21 59 18 47 1 28 5 14 8 16 20 48 0 5 18 1 0 0 0 0 0 0 0 0 0 0 0 0 15 0 0 0 6 12 0 0 0 0 0 0 0 0 0 0 0 0 0 0 0 0 18 0 0 0 0 0 0 0 0 0 0 0 0 0 0 0 0 0 2 0 3 77 0 2 12 0 0 0 0 0 1 0 0 0 0 0 0 0 0 0 0 0 0 0 0 0 0 0 0 20 0 0 0 0 
 0 0 0 0 1 0 3 0 0 0 0 0 2 77 0 0 2 0 0 0 386 615 143 0 93 51 79 200 260 165 270 282 42 229 194 132 189 59 57 292 0 0 0 1 0 0 62 0 3 0 2 3 1 62 2 3 3 2 54 84 1 0 0 0 0 0 0 0 0 0 0 0 3 0 0 0 0 0 0 3 0 0 0 0 0 0 0 0 0 0 0 0 0 0 0 0 0 0 0 0 9 20 47 8 33 39 18 0 35 1 22 22 1 0 0 1 0 28 11 0 0 22 0 0 5 0 20 0 2 0 0 3 8 0 0 0 0 0 1 0 2 0 0 0 0 0 0 0 5 1 0 0 0 0 0 13 1 0 0 0 0 0 0 0 0 14 0 0 0 0 0 0 0 0 0 0 0 0 0 0 0 11 9 8 19 64 0 0 67 17 40 7 1 5 0 29 9 14 0 0 30 0 0 0 0 0 12 0 0 0 0 0 0 9 0 0 1 0 0 0 4 0 2 0 0 0 2 0 0 0 0 0 0 0 0 0 0 0 0 0 0 0 2 0 0 0 0 0 0 0 0 0 0 0 2 0 2 79 83 0 1 0 0 0 0 0 0 0 0 0 0 0 0 0 0 0 0 0 0 19 0 22 0 0 0 0 0 0 0 0 
 3 0 0 0 0 0 0 0 0 0 0 2 1 0 2 0 2 0 2 0 198 119 230 93 0 177 38 222 160 240 195 66 112 109 116 486 56 414 49 86 0 0 0 0 3 3 0 0 1 0 4 6 3 63 4 4 3 5 1 0 0 56 0 0 0 2 0 0 0 0 0 2 4 0 0 0 4 1 0 5 0 0 0 0 0 0 0 0 0 0 0 0 0 0 0 0 0 2 0 0 0 0 21 0 28 13 14 22 0 0 0 23 0 25 39 29 54 0 0 0 14 1 0 0 0 0 1 11 0 11 0 0 7 0 0 0 0 0 11 10 0 0 0 0 0 0 0 0 8 0 0 3 0 0 0 0 0 0 0 0 0 0 0 0 0 0 0 46 0 0 0 0 0 0 0 14 0 0 0 0 0 25 0 52 0 13 1 16 0 39 26 39 0 1 12 0 0 39 0 0 4 0 0 0 0 0 30 0 0 0 0 0 29 2 3 0 0 0 9 8 0 0 0 0 0 0 0 0 0 0 12 0 0 0 0 0 0 0 0 0 0 0 0 0 0 0 0 0 0 0 0 0 0 0 5 2 0 79 4 2 25 2 0 0 0 0 1 0 0 0 0 2 0 0 0 0 0 0 0 0 0 11 0 0 0 0 9 0 0 0 
 5 0 0 0 1 0 2 0 0 0 0 0 0 0 2 2 0 0 0 0 74 107 93 51 177 0 29 41 163 135 184 130 30 121 227 154 54 182 40 253 136 19 0 0 1 0 102 57 0 0 2 4 62 127 1 0 3 4 440 62 0 0 0 0 0 0 0 0 0 0 0 0 3 0 0 0 0 0 0 3 0 0 0 0 19 0 0 0 0 0 0 0 0 0 0 2 0 0 0 0 8 0 0 0 15 29 0 0 0 0 0 19 0 9 28 8 8 26 0 0 0 20 7 0 0 0 31 13 22 13 0 1 9 24 1 2 1 4 13 30 0 0 0 0 1 0 0 0 0 0 0 22 0 0 0 0 0 0 0 0 0 0 3 5 0 0 0 0 5 3 0 0 0 0 0 0 0 0 0 0 0 0 0 2 37 17 9 10 12 0 19 10 0 0 7 7 0 14 0 0 14 0 0 0 0 0 0 24 0 0 8 0 9 30 13 56 0 10 16 2 0 0 0 2 0 0 0 0 0 0 0 2 0 0 2 0 0 0 0 0 0 0 0 0 0 0 0 0 0 0 0 0 0 0 4 4 0 80 0 2 11 0 0 0 0 0 0 0 0 0 0 0 0 0 0 0 0 0 0 0 0 0 0 0 0 0 0 0 0 0 
 0 0 10 4 185 187 0 1 0 74 1 78 1 0 0 0 0 78 2 0 334 243 217 79 38 29 0 167 219 23 30 23 139 148 150 92 123 30 95 599 0 0 0 1 2 0 0 0 2 0 2 3 0 0 0 2 3 2 0 0 0 0 0 0 0 5 0 0 0 0 0 0 3 0 0 0 0 0 1 3 0 0 0 1 1 0 0 0 0 17 1 0 0 0 0 0 0 0 0 0 9 15 15 43 2 0 11 15 31 42 17 0 15 1 38 1 0 13 18 1 0 0 0 0 0 0 0 1 0 0 0 0 0 0 0 0 0 0 0 0 0 1 1 0 0 2 0 0 0 0 0 0 0 0 0 0 0 2 0 0 0 0 1 0 15 13 0 0 0 0 0 0 0 0 0 0 0 0 0 0 5 21 8 0 0 0 4 27 32 27 0 24 10 23 1 1 31 0 1 14 0 0 0 0 0 0 0 0 0 0 0 0 0 2 0 0 0 0 0 0 0 0 0 0 0 0 0 0 0 0 0 0 0 0 0 0 0 0 0 0 0 0 0 0 0 0 0 0 0 0 0 0 0 0 4 0 0 1 0 0 0 0 0 0 0 0 2 0 0 0 0 2 0 0 0 10 0 0 0 0 0 0 0 0 0 21 0 0 0 2 
 0 0 74 0 0 3 0 17 0 0 75 76 0 0 85 205 0 1 0 0 315 566 123 200 222 41 167 0 66 33 39 44 165 164 162 111 80 351 50 29 0 0 0 1 0 0 0 0 0 0 2 3 1 2 0 2 3 2 67 0 1 0 0 0 0 0 0 0 0 0 0 0 35 0 0 31 4 0 0 3 0 0 0 0 19 9 0 0 0 0 0 0 2 7 0 0 0 0 0 0 0 10 1 0 20 0 48 22 23 5 46 15 0 30 41 20 53 21 26 22 0 0 11 0 0 0 1 0 0 0 0 0 12 0 0 0 0 0 10 0 0 0 0 0 0 0 0 0 5 0 0 4 0 0 0 0 0 0 0 0 14 0 0 0 0 0 0 0 0 0 0 0 0 0 0 2 0 0 0 0 10 0 2 22 27 14 10 18 0 51 0 42 0 62 69 18 15 27 0 14 19 0 0 0 0 0 1 0 0 0 0 0 29 0 0 0 0 0 6 0 0 0 0 0 0 0 2 0 0 0 0 0 0 0 0 0 0 0 0 0 0 0 0 0 0 0 0 0 0 0 0 0 0 0 5 0 2 0 76 2 0 0 0 0 0 0 2 0 0 0 0 0 0 0 0 0 0 0 0 12 0 17 0 0 0 0 11 0 0 0 
 0 0 0 0 38 107 1 0 0 2 0 94 4 0 0 2 0 0 19 0 42 67 351 260 160 163 219 66 0 137 128 45 87 82 207 335 252 123 60 368 0 0 0 0 0 3 3 0 0 4 5 3 3 83 3 0 3 3 0 0 3 0 0 0 0 1 0 0 5 0 0 0 3 2 0 0 5 0 0 2 0 0 0 0 0 12 0 0 0 0 0 0 0 0 0 0 0 0 0 0 25 9 6 25 25 0 33 19 37 4 12 12 29 0 10 0 14 27 39 14 10 0 9 0 0 0 0 0 0 0 0 0 0 0 0 0 0 0 0 13 0 28 0 0 0 0 0 0 0 0 0 0 0 0 0 0 0 0 0 0 0 0 0 0 15 0 0 5 0 11 0 0 2 0 0 0 0 0 0 0 25 28 31 36 0 1 10 16 3 51 1 11 13 18 13 47 33 44 12 26 8 0 0 0 0 0 0 2 0 0 1 0 0 0 13 0 0 0 6 0 0 0 0 6 1 0 0 0 0 0 0 0 0 0 0 2 0 0 0 9 0 0 18 0 0 0 0 0 0 0 0 0 0 2 74 0 4 1 2 0 10 0 0 0 0 0 4 2 0 0 0 0 0 0 0 0 0 0 0 0 0 0 0 0 0 24 0 0 0 0 
 2 0 0 0 0 0 0 1 73 2 0 0 0 0 1 0 0 0 0 0 132 32 190 165 240 135 23 33 137 0 238 244 136 69 114 173 48 143 82 120 0 0 0 0 0 0 14 0 0 0 2 3 66 72 0 0 3 3 61 31 0 0 0 0 0 0 0 0 0 0 0 0 3 0 0 0 0 0 0 3 0 0 0 0 0 0 0 0 0 2 0 0 0 0 0 11 0 0 0 0 0 0 1 0 29 11 0 0 0 15 0 9 1 0 9 27 28 20 13 0 6 10 21 0 0 0 0 6 0 0 0 0 14 0 12 0 0 0 24 25 3 0 0 19 4 3 2 3 0 0 0 0 0 2 0 0 0 0 0 0 0 0 0 0 0 0 0 7 1 5 0 0 0 0 0 0 0 0 0 0 0 10 0 10 0 15 0 18 13 8 30 10 0 2 0 21 0 18 0 0 17 6 0 0 0 0 11 9 0 0 4 0 16 0 25 1 0 0 24 48 0 0 3 0 0 0 0 0 0 0 0 0 0 0 0 0 0 0 0 0 0 0 0 0 0 0 0 0 0 0 0 0 0 0 4 1 0 142 1 0 13 9 0 0 0 0 0 0 0 0 0 0 0 46 0 0 0 0 0 0 0 0 0 0 0 0 0 0 0 0 
 2 0 2 2 1 0 2 0 0 3 0 0 0 71 2 0 26 0 0 0 23 254 92 270 195 184 30 39 128 238 0 42 27 44 277 324 77 123 245 268 67 18 0 0 0 0 0 0 0 0 2 3 61 66 2 0 3 3 37 1 2 0 0 0 0 0 0 0 0 0 0 4 3 0 0 0 0 45 0 3 0 22 0 0 0 0 0 0 0 0 0 0 0 0 0 0 0 0 0 0 0 0 34 0 24 13 0 0 0 10 19 32 0 0 0 0 36 0 0 0 32 2 1 0 0 0 21 24 13 13 0 1 8 5 24 6 10 2 37 30 8 0 0 0 4 6 0 0 0 0 0 0 0 1 0 0 1 0 0 0 0 0 0 0 0 0 0 16 0 0 0 0 0 0 0 0 0 0 0 0 0 24 0 20 0 13 0 14 0 15 20 5 0 0 0 8 0 17 0 0 4 5 0 0 0 0 0 13 0 0 0 0 14 13 0 12 10 0 8 11 13 0 0 2 0 0 0 0 0 0 0 2 0 0 1 0 0 1 0 0 0 0 0 0 0 0 0 0 0 0 0 0 0 0 1 0 0 2 2 1 41 0 0 0 0 0 24 0 0 0 0 0 0 0 0 0 0 0 0 0 0 0 0 0 0 0 0 0 0 0 
 4 0 0 0 0 0 0 0 2 0 0 1 3 0 0 0 3 0 0 2 165 196 115 282 66 130 23 44 45 244 42 0 41 43 39 130 306 254 117 31 21 4 0 1 0 0 0 66 1 0 2 3 20 68 0 0 3 2 23 55 0 0 0 0 0 0 0 0 0 0 0 0 3 0 0 0 4 0 0 3 0 0 0 22 0 0 0 0 0 0 2 0 0 0 0 0 0 0 0 14 11 0 22 11 11 16 29 22 0 11 0 27 12 0 18 14 20 6 46 0 8 12 9 0 0 0 13 14 10 20 0 0 35 2 0 10 0 0 13 1 0 0 0 0 0 2 0 6 0 0 0 0 0 5 0 0 0 2 0 0 0 0 6 0 0 0 0 0 2 0 0 0 0 0 0 0 0 0 0 0 0 2 0 37 0 41 0 19 0 24 51 1 11 0 16 9 0 0 0 0 12 0 0 19 0 0 21 13 3 0 8 43 52 12 1 0 1 0 6 35 0 0 0 0 0 0 0 0 0 0 0 0 0 0 0 0 0 0 0 0 0 0 0 0 0 2 0 0 0 0 0 0 0 0 8 0 4 153 5 2 2 12 0 0 0 7 2 0 0 0 0 2 0 0 0 0 0 0 0 0 0 0 0 0 0 0 10 0 0 2 
 1 1 74 152 75 27 3 5 138 88 105 131 1 4 66 77 75 35 1 2 55 53 44 42 112 30 139 165 87 136 27 41 0 65 235 32 107 47 177 243 3 0 0 2 3 0 6 1 0 0 7 9 0 0 1 0 3 3 0 0 0 0 2 0 0 3 0 0 3 0 0 0 3 0 0 0 5 0 4 3 0 0 0 1 9 8 0 0 0 0 22 0 0 0 0 0 0 0 0 0 43 23 14 4 18 0 10 20 17 6 14 4 34 15 2 0 16 28 0 28 0 0 0 0 0 0 0 0 0 0 0 0 0 0 0 0 0 0 0 0 0 0 5 0 0 0 0 0 0 0 0 0 0 0 0 0 0 0 10 0 1 0 0 8 18 8 0 0 0 6 0 0 0 2 0 0 11 86 0 0 41 29 0 0 0 0 13 0 10 0 0 0 0 3 20 0 0 40 10 29 0 0 3 2 18 0 0 0 2 0 14 13 0 0 0 0 0 0 0 0 0 0 0 0 0 0 0 0 0 13 0 0 0 1 0 0 0 0 0 0 0 0 0 0 0 0 0 0 0 0 0 0 0 0 11 0 0 0 0 2 2 0 0 0 0 0 0 0 0 0 0 0 0 0 0 0 1 16 0 0 0 0 0 0 0 0 0 0 0 0 
 2 0 0 0 2 1 2 0 0 0 0 73 2 0 0 3 0 1 0 0 397 352 142 229 109 121 148 164 82 69 44 43 65 0 162 126 112 131 98 85 0 0 0 0 0 0 0 0 0 0 2 3 0 0 0 0 3 3 0 1 0 0 0 0 0 0 0 0 0 0 0 0 3 0 0 0 4 0 0 3 0 2 0 12 0 10 0 0 0 0 0 0 0 0 0 0 0 0 2 0 5 6 16 23 1 12 25 48 1 32 9 2 4 24 30 27 40 0 17 0 0 0 0 0 0 0 0 0 0 0 0 0 0 0 0 0 8 0 4 0 0 1 0 0 0 0 0 0 3 0 0 2 0 0 0 0 0 0 0 0 0 0 0 1 0 2 0 0 0 0 0 0 0 0 0 0 0 0 0 0 8 0 7 40 0 5 14 20 11 18 1 29 17 0 22 12 13 0 0 7 1 0 0 0 0 0 0 0 0 0 0 0 15 0 0 0 0 0 7 0 0 0 0 0 0 0 0 0 0 0 0 0 2 0 0 0 0 0 0 0 0 0 12 0 0 0 21 0 0 0 0 0 0 0 0 0 1 0 4 0 0 2 0 0 0 0 0 0 0 0 0 0 0 0 0 0 0 0 0 10 0 10 0 0 0 13 10 0 0 0 
 2 0 1 1 150 78 0 1 2 3 0 33 2 0 1 0 0 74 2 0 390 226 63 194 116 227 150 162 207 114 277 39 235 162 0 246 73 67 52 500 0 0 0 0 0 0 0 0 0 0 2 3 0 18 0 0 3 3 0 0 0 0 0 0 0 11 0 0 0 0 0 0 3 0 0 0 0 0 0 3 0 0 0 22 0 5 0 2 0 13 0 0 0 0 0 0 0 0 0 0 1 9 0 14 23 0 18 0 61 16 36 12 10 0 0 0 0 29 14 0 0 0 0 0 0 0 0 0 0 0 0 0 2 0 0 0 0 0 0 0 0 4 0 0 0 10 0 1 0 0 0 0 0 0 0 0 0 0 0 0 0 0 0 0 12 0 0 0 0 0 0 0 0 0 0 0 0 0 6 0 17 2 12 23 0 13 0 9 10 11 0 13 13 21 11 24 27 0 14 8 12 0 0 0 0 0 0 0 0 0 0 0 0 0 0 0 0 0 1 0 0 0 0 0 0 0 0 0 0 2 0 0 0 0 0 0 0 0 0 0 0 0 18 0 0 0 74 0 0 0 0 0 0 0 0 0 3 1 0 1 3 2 0 0 0 0 0 0 0 0 0 0 0 0 0 18 0 0 0 9 0 0 0 0 0 0 0 0 0 0 
 2 0 0 0 0 0 0 0 0 0 0 2 0 0 2 2 0 0 0 0 49 321 128 132 486 154 92 111 335 173 324 130 32 126 246 0 263 343 41 59 0 0 0 63 0 0 0 0 3 0 2 3 0 62 0 9 6 8 1 0 2 0 37 0 0 0 0 0 0 0 0 0 3 0 3 0 3 0 0 3 0 0 0 0 0 0 0 0 0 0 0 0 0 0 0 0 0 0 0 0 21 0 25 46 33 0 9 24 18 0 12 4 2 0 21 0 15 16 31 14 15 0 0 0 0 0 0 0 0 0 0 0 8 0 0 0 0 12 14 0 0 0 0 0 0 0 0 0 6 0 0 0 0 0 0 0 0 0 0 0 0 0 0 0 13 0 0 9 0 0 0 0 0 0 0 0 0 0 0 0 18 23 5 43 12 16 0 9 0 52 20 19 0 0 18 12 33 31 0 3 4 0 0 0 0 0 16 0 0 0 0 0 0 0 0 0 0 9 11 0 0 0 0 0 0 0 0 0 0 0 0 0 0 0 0 0 0 0 0 0 0 0 0 0 0 0 0 0 0 0 0 0 0 0 5 2 1 0 74 2 24 1 0 0 0 0 0 0 0 0 0 0 0 0 0 0 0 0 0 0 0 9 0 0 0 20 11 0 0 0 
 4 2 2 2 2 78 2 3 2 4 2 4 2 2 2 3 2 2 2 3 179 116 68 189 56 54 123 80 252 48 77 306 107 112 73 263 0 120 103 111 0 0 0 0 0 0 0 0 0 1 2 3 0 54 0 5 3 3 0 0 1 0 0 0 0 39 0 0 0 0 0 0 3 0 0 0 3 0 0 3 0 0 0 0 0 0 0 0 3 0 0 0 0 0 0 0 0 0 0 0 28 13 27 28 15 12 69 24 7 6 33 6 10 0 45 35 18 23 25 13 0 0 0 0 0 0 0 0 0 0 0 0 25 0 0 0 0 0 7 0 0 17 0 0 0 0 0 0 0 0 0 0 0 0 0 0 0 0 0 0 0 0 0 0 24 0 0 0 0 0 0 1 0 0 0 0 0 0 0 0 21 11 26 12 45 7 15 9 18 28 0 0 22 0 10 31 111 71 14 12 2 0 0 0 0 0 0 0 0 0 0 0 25 0 21 0 0 0 0 0 0 0 0 0 15 0 0 0 0 0 0 0 0 0 0 0 0 0 0 0 0 0 0 0 0 0 0 0 0 0 0 0 0 0 7 0 0 0 147 0 1 0 0 0 0 0 0 0 0 0 0 0 0 0 0 0 0 0 0 0 0 29 0 0 0 59 10 0 0 0 
 2 74 73 0 0 0 82 0 2 0 1 0 2 2 72 0 2 1 0 15 37 59 113 59 414 182 30 351 123 143 123 254 47 131 67 343 120 0 32 29 15 0 0 1 0 2 0 2 0 0 2 3 66 57 3 0 3 2 4 3 2 43 0 1 2 0 0 3 0 0 0 0 4 0 0 1 3 3 8 3 13 0 0 0 0 0 0 0 0 0 0 0 0 15 7 0 7 2 28 15 0 0 0 0 25 0 9 10 0 12 0 0 0 0 12 17 1 0 0 0 12 3 27 0 2 0 3 26 15 1 0 0 12 0 0 0 0 0 33 21 2 0 0 0 2 17 0 3 0 0 0 0 0 0 0 0 0 0 0 0 2 11 2 0 0 0 0 13 0 16 0 0 0 0 0 8 0 0 2 11 0 6 0 32 0 0 0 0 0 35 14 4 0 0 29 5 0 0 0 0 0 7 0 1 0 0 12 6 0 0 11 0 20 1 19 1 0 0 22 42 0 0 0 0 0 0 0 0 0 0 0 0 0 2 0 0 0 0 0 0 0 14 0 0 0 0 0 0 0 0 0 0 0 0 3 0 0 80 2 0 14 8 0 0 0 0 0 0 0 0 0 0 0 0 0 0 0 0 0 0 0 0 0 0 0 0 11 0 0 0 
 0 0 0 79 82 147 0 0 0 147 151 151 0 0 0 169 73 44 0 0 179 137 32 57 49 40 95 50 60 82 245 117 177 98 52 41 103 32 0 246 0 0 6 1 2 0 4 2 0 0 2 7 0 0 2 0 4 3 0 0 0 26 0 0 1 0 20 0 0 0 0 0 3 0 0 0 0 0 0 5 0 0 15 20 7 42 0 0 0 1 20 9 2 0 0 13 0 0 0 0 0 32 0 0 0 1 0 10 0 12 0 0 0 32 0 11 0 0 12 0 0 0 0 0 0 0 0 0 0 0 0 0 0 0 0 0 0 0 0 0 0 0 0 0 0 0 0 0 0 0 0 0 0 0 0 0 0 0 0 0 0 12 0 73 0 17 0 0 0 46 0 11 0 8 0 2 10 18 0 0 28 12 3 0 0 1 0 0 13 0 0 0 33 0 0 0 6 16 16 0 0 0 0 0 0 0 0 0 0 24 0 0 0 0 0 0 0 0 0 0 0 0 0 0 0 0 0 0 0 0 0 0 0 0 0 0 0 0 0 0 0 0 0 0 0 0 0 0 1 80 11 0 0 0 1 0 0 0 1 0 108 0 57 0 0 0 0 0 0 0 0 0 0 0 0 0 0 0 0 0 0 0 0 0 0 0 0 0 0 0 
 3 0 0 0 73 117 0 0 2 1 24 36 0 0 3 75 0 78 0 0 95 330 103 292 86 253 599 29 368 120 268 31 243 85 500 59 111 29 246 0 0 0 0 0 0 0 0 0 0 0 2 3 0 63 0 0 3 3 0 0 0 5 6 0 0 0 6 0 0 0 0 0 3 0 0 0 0 0 0 4 0 0 0 2 19 4 0 0 0 19 0 52 0 0 0 0 0 0 0 0 10 14 20 10 0 0 20 0 30 8 4 0 12 19 0 1 0 0 27 1 0 0 0 0 0 0 0 0 0 0 0 0 0 0 0 0 0 2 0 0 0 17 0 0 0 0 0 0 0 0 0 0 0 0 0 0 0 0 0 0 0 0 0 0 0 1 0 0 0 0 0 0 1 1 0 0 0 0 2 0 6 18 13 1 0 0 11 7 27 8 0 0 35 10 1 8 25 0 18 4 0 0 0 0 0 0 0 1 0 0 2 0 0 0 0 0 0 14 0 0 0 0 0 0 2 0 0 0 0 0 0 0 0 0 0 1 0 0 0 0 0 0 0 0 0 0 0 0 0 0 0 0 0 1 7 0 2 0 1 2 2 0 0 0 0 0 0 0 0 0 0 0 0 0 0 0 0 0 0 0 0 0 0 0 0 0 0 0 0 0 
 0 0 60 0 0 0 0 0 3 0 0 0 9 0 0 1 0 0 0 0 0 0 0 0 0 136 0 0 0 0 67 21 3 0 0 0 0 15 0 0 0 203 359 58 37 41 301 131 46 43 41 260 111 251 168 100 97 163 125 126 0 0 0 4 0 0 0 0 0 0 0 0 0 0 0 0 0 0 0 0 0 0 0 0 0 0 0 0 0 14 0 0 0 0 0 0 0 15 0 0 0 0 0 0 0 1 0 0 0 0 0 0 0 0 0 0 0 0 0 0 1 0 6 2 1 0 61 0 73 16 20 17 20 43 22 26 25 88 24 36 0 0 0 0 0 0 0 0 0 0 0 7 4 1 0 0 0 0 0 10 0 0 4 0 0 0 0 4 9 6 0 0 0 0 0 0 0 0 0 0 0 0 0 0 0 0 0 0 0 0 0 0 0 0 0 1 0 0 1 0 0 0 14 12 0 0 0 23 1 21 21 0 12 42 14 9 11 12 4 11 0 0 0 0 0 0 0 0 0 0 0 0 0 0 0 0 0 0 0 0 0 0 0 0 0 0 0 0 0 0 0 0 0 1 0 0 0 0 0 1 0 0 30 0 1 10 0 0 0 0 0 0 0 0 0 0 0 0 0 0 0 0 0 0 0 0 0 0 1 0 
 0 0 0 0 3 3 0 0 0 0 1 0 0 0 0 2 0 0 2 0 0 0 0 0 0 19 0 0 0 0 18 4 0 0 0 0 0 0 0 0 203 0 223 75 241 365 79 196 147 329 529 75 235 141 270 127 122 318 86 341 3 0 0 0 0 0 0 50 0 0 0 0 27 0 0 0 1 0 0 53 0 0 0 0 0 0 0 0 0 0 0 0 0 0 0 0 0 0 0 0 0 0 0 0 0 12 0 0 0 0 0 0 0 0 0 0 0 0 0 0 10 20 8 24 11 9 2 11 14 19 1 1 17 9 2 10 1 27 0 11 0 0 0 0 0 0 0 0 0 0 0 0 0 0 0 0 0 0 11 0 0 0 0 2 0 0 0 0 12 0 0 0 0 0 0 0 0 0 0 0 0 0 0 0 0 0 0 0 0 0 0 0 0 0 0 0 0 0 2 0 0 6 28 0 10 10 5 0 5 9 4 21 0 11 0 55 66 0 0 8 61 14 0 0 0 0 25 0 0 0 0 0 5 0 0 0 0 0 9 0 0 0 0 0 0 0 0 0 0 0 0 4 0 0 0 0 0 0 0 0 0 0 0 0 1 13 0 0 0 0 1 1 0 0 0 0 0 0 0 0 0 0 0 0 14 17 0 0 0 0 
 2 0 0 0 2 0 0 0 0 0 0 0 3 0 0 0 0 0 0 0 0 0 0 0 0 0 0 0 0 0 0 0 0 0 0 0 0 0 6 0 359 223 0 118 82 115 152 143 335 142 173 59 94 61 182 63 279 269 28 79 1 2 0 8 0 1 0 0 0 0 1 0 23 0 0 0 0 0 2 52 0 0 0 0 0 0 0 0 0 0 0 0 0 0 0 0 0 0 0 0 0 0 0 0 0 0 0 0 0 0 0 0 0 0 0 0 0 0 0 0 6 20 13 14 11 1 0 15 9 21 4 0 0 28 0 12 22 4 0 4 0 0 0 0 0 0 22 0 0 0 0 0 0 0 0 12 0 0 12 0 0 0 0 11 0 0 1 26 0 0 0 0 0 0 0 0 0 0 0 0 0 0 0 0 0 0 0 0 0 0 0 0 0 0 0 0 0 0 1 0 0 21 81 0 0 2 36 24 0 28 31 38 0 0 10 30 24 14 0 18 19 10 0 0 0 0 15 0 0 0 0 0 3 0 0 0 0 0 1 15 0 0 12 0 0 0 0 0 0 0 0 2 0 0 0 0 0 0 0 18 1 0 3 4 1 0 4 0 0 0 0 0 0 0 0 0 0 0 0 0 0 0 0 0 19 15 0 47 0 1 
 3 0 21 0 5 0 0 0 0 0 0 0 5 0 0 3 3 0 0 0 0 1 1 1 0 0 1 1 0 0 0 1 2 0 0 63 0 1 1 0 58 75 118 0 138 42 155 152 92 458 128 154 56 98 64 44 48 313 71 90 0 0 0 1 2 0 58 1 0 11 0 2 3 0 0 15 0 0 77 10 0 0 0 0 0 0 0 0 0 0 0 0 0 0 0 0 0 0 0 0 0 0 0 0 0 0 0 0 0 0 0 0 0 0 0 0 0 0 0 0 0 0 0 0 10 0 0 15 0 0 10 15 0 0 10 0 0 10 0 0 2 0 0 0 0 7 20 14 3 0 13 1 17 20 9 0 0 11 20 11 0 0 1 0 0 0 2 0 0 0 0 0 0 0 0 0 0 0 0 0 0 0 0 0 0 0 0 0 0 0 0 0 0 0 0 0 0 0 1 0 0 0 0 20 24 13 0 0 13 0 1 1 0 0 0 0 0 10 0 0 26 13 23 0 0 0 1 6 15 10 0 0 1 12 7 1 0 0 7 0 8 0 0 0 0 1 0 0 0 0 0 4 0 0 0 0 0 0 2 11 0 0 1 67 0 0 3 34 0 0 19 0 0 0 0 0 0 0 0 0 0 0 0 0 0 0 0 0 0 0 
 3 0 1 0 0 3 0 0 0 0 0 0 1 0 0 0 0 0 0 0 0 0 1 0 3 1 2 0 0 0 0 0 3 0 0 0 0 0 2 0 37 241 82 138 0 171 109 634 80 178 125 367 65 62 56 81 84 56 485 111 0 0 0 0 0 0 0 1 2 3 0 1 0 2 3 4 1 0 51 0 0 0 0 0 0 0 0 0 0 0 0 0 0 0 0 0 0 10 0 0 0 0 0 0 0 0 0 0 0 0 0 0 0 0 0 0 0 0 0 0 4 6 5 15 5 44 7 21 0 0 36 7 0 7 26 9 26 21 0 5 11 0 0 0 0 0 10 12 1 0 0 3 9 9 0 0 0 0 20 4 0 0 0 0 0 0 2 0 0 0 0 0 0 0 0 0 0 0 0 18 0 0 0 0 0 0 0 0 0 0 0 0 0 0 0 1 0 0 1 0 3 6 0 6 9 10 0 0 11 11 0 0 0 10 0 0 5 54 3 9 48 0 7 0 0 0 29 7 0 0 0 0 14 0 6 0 0 0 14 31 0 9 0 0 0 0 0 0 2 0 0 0 0 0 0 0 0 0 0 1 2 0 2 63 3 2 1 3 3 0 0 0 0 0 0 0 0 0 0 0 0 0 0 0 23 0 0 0 0 0 
 6 0 1 2 0 0 10 0 0 1 0 1 0 0 0 0 0 0 0 0 0 0 0 0 3 0 0 0 3 0 0 0 0 0 0 0 0 2 0 0 41 365 115 42 171 0 48 305 171 116 83 184 37 70 51 87 143 393 468 97 0 0 0 36 10 0 3 0 0 0 0 0 49 0 0 10 0 0 0 58 3 0 0 0 0 0 0 0 7 0 0 0 0 3 0 0 0 0 0 2 0 0 0 0 0 0 0 0 0 0 0 0 0 0 0 0 0 0 0 0 0 0 15 0 24 31 0 5 0 0 11 21 0 0 0 21 0 0 0 0 4 0 0 0 0 0 0 9 0 0 0 1 6 32 0 0 13 0 20 4 0 0 12 0 0 4 1 10 0 0 0 0 0 0 0 3 0 0 9 0 0 0 0 0 0 0 0 0 0 0 0 0 0 0 0 0 0 0 1 0 0 60 18 0 11 21 0 0 0 0 17 29 0 0 0 18 0 12 0 0 16 8 8 0 0 0 10 0 0 0 14 0 52 0 8 0 8 0 10 24 0 0 0 0 11 0 0 0 0 0 0 2 0 0 0 0 0 0 0 1 0 0 0 2 1 0 0 32 5 0 9 0 0 0 0 0 0 0 0 0 0 0 0 0 9 17 0 0 0 0 
 2 2 2 2 2 2 2 3 6 2 9 4 2 8 2 2 65 4 3 3 0 0 61 62 0 102 0 0 3 14 0 0 6 0 0 0 0 0 4 0 301 79 152 155 109 48 0 201 56 46 99 61 78 131 124 169 242 43 123 91 0 0 0 0 0 0 0 0 0 0 0 0 0 0 0 0 0 0 0 0 0 0 0 0 0 0 0 0 0 0 0 0 0 0 0 0 0 0 0 0 0 0 0 1 7 8 0 0 0 0 0 0 0 0 15 0 0 8 0 0 36 26 12 14 1 0 0 19 9 12 11 0 0 14 12 0 27 12 0 0 0 0 0 0 0 0 26 0 0 0 0 0 5 16 0 22 0 0 0 0 0 0 0 10 0 0 1 0 0 5 0 0 15 0 0 0 3 4 0 0 0 0 0 0 0 11 0 0 12 0 10 0 0 0 0 0 0 0 4 0 9 19 0 15 14 0 6 14 28 0 21 9 7 9 0 0 34 14 0 13 0 0 0 0 0 0 0 0 0 0 0 0 0 0 0 0 0 0 0 0 0 0 0 0 0 0 0 0 0 31 0 0 0 1 0 0 0 53 0 14 0 0 1 35 66 0 0 0 2 0 0 0 0 0 0 0 0 0 0 0 0 0 0 0 0 0 0 12 0 0 
 0 0 0 0 0 2 2 0 0 63 2 0 3 42 0 1 0 0 0 0 0 2 0 0 0 57 0 0 0 0 0 66 1 0 0 0 0 2 2 0 131 196 143 152 634 305 201 0 237 55 106 42 69 91 401 52 111 60 491 378 0 0 203 3 0 51 0 0 0 0 0 0 0 0 0 0 0 0 0 0 0 0 0 0 0 0 0 0 0 0 0 0 0 0 0 0 0 0 0 0 11 0 0 13 0 8 0 13 0 0 0 0 0 0 0 0 0 0 0 0 59 16 12 0 13 13 34 6 25 10 9 0 4 18 9 38 29 1 0 0 0 0 0 0 14 0 8 0 0 0 0 0 2 4 0 17 0 0 1 0 0 0 0 16 0 0 1 0 0 0 37 0 0 0 0 0 0 0 0 0 0 0 0 0 37 18 0 0 0 0 0 0 0 0 0 0 0 0 0 0 13 25 10 31 42 12 1 15 33 0 10 0 17 6 7 0 2 22 0 0 0 0 0 0 0 0 10 0 0 0 0 0 8 0 0 0 0 0 12 11 0 0 0 0 0 0 0 0 0 0 0 4 0 0 0 0 0 0 0 11 0 0 0 4 0 0 1 0 0 0 0 0 0 0 0 0 0 0 0 0 0 0 0 0 11 18 0 0 0 0 
 2 2 2 2 2 5 2 2 4 2 2 7 2 2 2 2 2 2 2 2 0 0 0 3 1 0 2 0 0 0 0 1 0 0 0 3 0 0 0 0 46 147 335 92 80 171 56 237 0 181 107 45 168 98 241 64 443 150 83 163 0 0 0 4 0 0 1 0 0 0 2 0 25 0 0 2 0 13 0 51 0 0 0 0 0 0 0 0 0 0 0 0 0 0 0 0 0 0 0 0 0 0 0 0 0 0 0 0 0 0 0 0 0 0 0 0 0 19 0 0 6 26 8 20 14 61 9 0 15 35 23 7 18 13 19 37 15 0 2 10 0 0 0 0 0 0 2 5 0 12 0 0 9 0 0 1 0 0 9 0 0 0 0 2 0 0 0 0 1 0 0 0 0 0 0 0 0 0 0 0 0 0 0 0 0 0 0 0 0 0 0 0 0 0 0 0 0 0 0 0 0 15 23 0 3 13 6 20 0 42 31 47 0 3 24 24 8 16 12 8 17 14 0 0 0 0 11 0 0 0 0 0 56 0 0 0 0 0 10 7 0 0 0 0 0 0 0 0 0 0 0 3 0 1 0 0 0 0 0 0 0 0 0 0 0 23 2 0 0 0 0 0 0 0 0 0 0 0 0 0 0 0 0 0 27 0 0 1 1 0 
 3 0 21 0 0 0 0 0 0 0 0 1 0 0 0 2 3 0 0 0 0 0 0 0 0 0 0 0 4 0 0 0 0 0 0 0 1 0 0 0 43 329 142 458 178 116 46 55 181 0 214 94 46 84 169 61 99 69 89 155 0 0 1 0 3 1 0 55 0 0 0 0 4 0 0 2 0 0 0 0 0 0 0 0 0 0 0 0 0 0 0 0 0 0 0 0 0 0 0 0 0 0 0 0 0 0 0 0 0 0 0 0 0 0 0 0 0 0 0 0 0 8 0 9 0 8 1 0 0 0 20 10 0 19 18 0 39 0 0 0 17 0 0 0 0 0 23 25 0 11 0 0 30 0 0 21 1 0 5 32 0 4 1 7 0 0 1 0 0 0 0 0 1 0 0 0 0 0 0 0 0 0 0 0 0 0 0 0 0 0 0 0 0 0 0 0 5 0 2 0 0 19 8 3 0 1 18 0 0 60 0 0 0 10 0 6 2 8 0 0 26 0 16 0 0 0 36 7 6 0 0 0 0 0 10 0 0 0 1 17 0 0 0 0 0 0 0 0 0 0 0 0 0 0 0 0 0 0 0 28 0 0 3 2 0 0 0 79 0 0 0 0 0 0 0 1 0 0 0 0 0 0 0 0 7 0 0 0 0 0 
 3 4 18 3 6 3 3 3 3 3 3 3 3 6 3 6 3 3 3 5 2 2 3 2 4 2 2 2 5 2 2 2 7 2 2 2 2 2 2 2 41 529 173 128 125 83 99 106 107 214 0 55 104 40 59 70 423 145 257 72 0 0 2 0 0 0 2 0 2 2 0 0 63 3 1 0 0 0 50 44 0 0 0 0 0 0 0 0 0 0 0 0 0 0 0 0 0 0 0 0 0 0 0 0 0 0 0 0 0 0 0 0 0 0 0 0 0 0 0 0 16 0 0 34 0 0 0 15 7 23 57 0 0 48 7 6 1 75 0 25 2 1 0 0 0 0 61 32 0 0 0 0 32 0 1 1 0 0 4 27 0 0 0 0 0 0 2 0 0 0 0 0 0 0 0 0 0 0 0 0 0 0 8 0 0 0 0 0 0 0 0 0 0 0 0 0 0 0 2 0 0 3 20 13 30 16 5 0 7 4 17 24 0 20 0 45 13 14 0 0 13 6 17 34 0 0 0 0 4 0 0 0 13 0 0 0 0 0 25 0 0 0 3 0 0 0 0 0 0 0 0 5 0 0 0 0 0 0 0 10 0 0 2 63 0 5 0 0 0 0 12 0 0 0 0 0 0 0 0 0 0 0 2 0 0 0 0 0 0 0 
 2 0 1 0 1 3 0 1 0 9 5 0 5 5 3 0 0 3 0 0 3 3 13 3 6 4 3 3 3 3 3 3 9 3 3 3 3 3 7 3 260 75 59 154 367 184 61 42 45 94 55 0 272 23 40 381 311 76 32 64 0 1 0 0 0 0 0 0 0 0 21 50 0 0 0 4 7 0 0 0 0 0 1 0 1 0 0 0 0 0 0 0 1 0 0 0 0 0 0 0 0 13 2 0 0 0 0 0 0 0 0 0 0 0 0 0 0 0 0 0 0 0 0 10 20 4 0 0 11 0 21 47 0 0 12 18 49 12 0 0 45 0 1 0 0 0 2 12 23 0 0 0 67 23 9 0 3 0 20 20 0 0 0 6 0 5 1 0 0 5 0 1 0 0 0 4 0 3 0 0 0 0 0 0 0 0 0 0 0 0 0 0 0 0 0 0 0 0 7 0 0 0 0 0 0 18 0 0 0 18 0 0 0 11 13 0 6 1 0 0 22 42 9 0 0 0 11 14 0 0 0 0 8 0 1 0 0 0 6 21 0 0 0 0 0 0 0 0 0 0 0 3 0 2 2 0 0 0 0 2 0 2 34 0 0 2 0 64 0 0 0 0 0 0 0 0 0 0 0 0 0 0 0 0 0 0 0 0 2 0 
 0 0 0 0 0 0 0 0 0 0 0 0 3 0 0 0 0 0 0 0 2 1 0 1 3 62 0 1 3 66 61 20 0 0 0 0 0 66 0 0 111 235 94 56 65 37 78 69 168 46 104 272 0 79 304 52 86 102 182 49 1 0 0 8 0 0 0 0 0 0 0 0 46 0 0 0 0 2 0 0 13 0 0 0 0 0 0 0 0 0 9 0 0 0 0 0 0 0 0 0 0 1 0 0 2 0 0 0 11 15 0 77 0 1 0 25 0 0 0 0 11 4 4 0 3 2 30 19 17 28 7 2 9 14 3 18 10 3 32 5 7 0 16 0 11 7 21 0 0 0 0 6 0 0 0 0 0 0 0 0 0 0 64 0 0 0 0 0 4 0 0 0 0 0 0 0 0 0 0 0 0 0 0 10 9 10 0 8 0 0 7 0 0 4 8 0 0 19 0 0 16 18 24 0 0 0 25 26 12 16 31 0 29 8 10 2 19 13 23 18 0 0 0 0 0 0 0 0 0 0 0 0 0 0 0 0 0 0 15 0 0 0 10 0 0 0 0 0 0 0 0 4 0 0 0 0 0 67 0 0 0 0 2 0 0 12 2 0 0 0 0 0 0 0 0 0 0 0 0 0 0 0 0 0 4 0 0 0 1 0 
 7 0 0 4 0 0 0 4 2 0 0 0 2 4 0 0 0 0 0 0 2 1 66 62 63 127 0 2 83 72 66 68 0 0 18 62 54 57 0 63 251 141 61 98 62 70 131 91 98 84 40 23 79 0 71 111 46 44 182 139 14 57 0 0 0 0 2 3 3 0 0 1 0 0 1 0 0 0 0 0 0 4 5 0 6 0 1 1 0 1 0 4 8 0 0 40 17 4 0 0 0 1 0 0 58 30 6 0 14 0 9 0 10 0 0 0 2 10 11 0 26 0 23 18 4 12 0 24 1 31 0 0 15 0 0 0 0 14 1 14 0 1 2 0 0 0 0 0 0 0 0 0 0 0 0 0 0 0 0 0 2 0 23 1 3 5 0 13 0 5 4 7 0 0 0 0 0 0 0 0 0 0 12 10 0 0 0 0 0 54 7 0 10 0 0 21 6 0 10 0 0 18 0 1 25 20 0 1 19 0 7 0 47 0 22 22 10 0 0 19 0 0 0 0 0 0 0 0 0 0 0 0 0 0 0 0 0 0 10 1 0 0 1 0 0 0 0 0 0 21 0 3 0 2 0 0 0 1 0 0 14 0 34 1 0 2 2 0 1 0 0 0 0 0 0 0 0 0 0 0 0 0 0 0 0 3 0 0 2 0 
 2 0 0 0 0 0 0 0 0 0 0 0 3 0 0 0 0 0 0 0 0 2 0 2 4 1 0 0 3 0 2 0 1 0 0 0 0 3 2 0 168 270 182 64 56 51 124 401 241 169 59 40 304 71 0 228 175 301 124 285 0 0 0 4 0 0 0 0 0 52 0 0 1 0 0 0 0 0 0 3 0 0 0 0 0 0 0 0 0 0 0 0 0 0 0 0 0 0 0 0 0 0 0 10 0 0 0 0 0 0 0 0 0 0 0 0 0 0 0 0 10 0 0 48 0 21 15 13 19 34 16 6 18 22 36 2 37 11 0 35 0 0 17 8 3 0 10 0 0 2 3 0 0 0 0 9 0 9 15 3 0 0 0 8 0 0 2 0 0 0 0 0 0 0 0 0 0 0 10 0 0 0 0 0 0 0 0 0 0 0 0 0 0 0 0 0 0 0 0 0 0 4 29 31 10 0 0 16 13 10 5 0 0 18 4 6 17 50 0 0 21 3 7 0 0 0 23 6 5 4 0 5 0 10 0 3 2 0 0 20 0 0 0 0 0 0 0 0 0 0 0 2 0 2 0 0 0 0 0 16 0 0 1 65 78 2 5 0 0 0 0 0 0 0 0 0 0 0 0 0 0 0 0 0 6 0 0 0 2 0 
 2 2 2 2 3 4 2 3 5 2 2 3 2 2 2 2 3 2 3 3 0 0 0 3 4 0 2 2 0 0 0 0 0 0 0 9 5 0 0 0 100 127 63 44 81 87 169 52 64 61 70 381 52 111 228 0 553 405 31 167 3 3 4 0 0 0 0 0 0 0 0 0 0 0 0 1 0 0 0 0 0 0 0 0 0 0 0 0 0 0 0 0 0 0 0 0 0 0 0 0 0 0 0 0 0 0 0 0 0 0 4 0 0 0 0 1 0 0 0 0 31 1 6 41 19 21 23 0 67 11 3 25 12 26 13 51 10 21 3 7 0 0 0 0 0 0 0 0 0 0 0 0 10 11 0 0 14 0 0 16 0 0 0 0 0 4 1 0 0 0 0 0 0 0 0 0 0 0 0 0 0 0 0 0 8 3 0 0 0 0 0 5 0 0 0 0 7 2 0 0 0 23 12 33 5 13 8 8 60 17 16 8 20 21 29 0 21 0 1 0 0 0 0 0 0 0 0 0 0 0 0 0 16 0 0 0 0 0 13 19 0 0 0 0 0 0 0 0 0 0 0 2 0 1 0 0 0 0 3 1 0 0 90 0 26 1 0 0 2 0 0 0 0 0 0 0 0 0 0 0 0 4 0 0 0 9 0 13 1 0 
 3 2 2 3 3 5 3 3 3 4 2 5 3 3 4 50 3 2 3 3 3 3 209 3 3 3 3 3 3 3 3 3 3 3 3 6 3 3 4 3 97 122 279 48 84 143 242 111 443 99 423 311 86 46 175 553 0 425 36 99 0 0 0 3 0 0 8 0 0 18 0 1 52 0 0 1 0 0 1 54 0 0 0 0 0 0 0 0 0 1 0 0 0 0 0 0 0 0 0 0 0 0 0 0 0 0 0 0 0 0 0 0 0 0 0 0 0 0 0 0 0 27 19 0 5 21 0 10 58 10 42 0 35 20 0 29 21 4 0 38 0 0 0 0 0 4 16 0 0 0 7 0 0 0 4 0 0 2 9 0 0 0 0 4 0 0 0 0 4 0 0 0 7 0 0 0 0 0 14 0 0 0 0 0 0 0 0 0 0 0 0 3 0 0 0 0 0 0 0 0 0 5 52 0 16 31 51 7 0 21 21 28 0 0 6 25 10 24 11 12 0 12 13 0 0 0 0 0 12 0 1 2 48 42 0 8 0 0 17 14 0 0 7 0 0 1 0 0 0 0 0 0 47 1 0 0 0 0 0 1 0 0 0 0 2 8 1 0 1 0 11 0 0 0 0 0 0 0 0 0 0 0 0 0 4 0 0 0 1 0 
 5 4 5 3 6 4 4 3 3 3 3 3 3 3 3 3 3 3 3 3 3 2 2 2 5 4 2 2 3 3 3 2 3 3 3 8 3 2 3 3 163 318 269 313 56 393 43 60 150 69 145 76 102 44 301 405 425 0 261 43 1 0 0 0 0 0 0 0 0 0 0 0 51 0 0 0 0 7 50 15 0 0 0 0 0 0 0 0 0 0 0 0 0 0 0 0 0 0 0 0 0 0 0 0 0 0 0 0 0 0 0 0 0 0 0 0 0 0 0 0 49 0 0 41 0 7 14 5 16 23 36 18 1 41 19 14 6 57 0 16 0 0 0 0 0 0 26 5 0 0 0 0 19 0 0 0 4 0 9 0 0 0 0 0 0 5 2 0 0 0 0 0 0 0 0 0 0 0 0 0 0 0 0 0 0 0 0 0 0 0 0 0 0 0 0 0 0 0 2 0 0 0 28 7 13 10 3 15 9 4 17 32 0 18 7 32 13 0 0 0 0 11 0 0 0 0 0 0 0 0 0 0 27 0 0 0 0 0 18 0 0 0 4 0 0 0 0 0 0 0 0 4 0 0 0 0 0 0 0 11 0 0 0 0 65 3 2 0 0 0 10 0 0 11 0 0 0 0 0 0 0 0 0 0 0 0 0 0 0 0 
 5 4 3 3 3 6 3 3 3 3 3 3 3 3 3 3 3 7 42 3 77 0 65 54 1 440 0 67 0 61 37 23 0 0 0 1 0 4 0 0 125 86 28 71 485 468 123 491 83 89 257 32 182 182 124 31 36 261 0 184 2 0 7 20 0 12 0 7 2 0 24 0 0 0 2 0 0 2 0 0 0 70 0 0 0 0 0 0 0 0 0 0 0 0 0 2 0 0 0 0 0 0 0 0 10 26 0 0 0 0 0 33 0 18 0 13 37 13 0 0 0 11 0 0 0 0 64 22 22 21 0 0 17 3 3 10 0 7 22 20 0 0 0 0 2 0 0 0 0 0 0 3 0 0 0 0 0 0 0 0 0 0 4 4 0 0 0 0 2 0 0 0 0 0 0 0 0 0 0 0 0 0 0 0 28 4 0 3 10 0 6 26 0 0 30 0 0 37 0 0 12 0 0 1 0 0 0 5 0 0 7 0 11 36 1 3 0 0 1 16 0 0 0 0 7 10 0 0 0 0 0 0 0 0 0 0 0 0 0 0 0 0 0 0 0 0 0 0 0 0 0 2 0 0 0 0 0 63 0 0 0 0 0 0 2 9 8 0 1 0 0 0 0 0 0 6 0 0 0 0 0 0 0 0 0 0 0 0 0 0 
 3 3 6 3 4 3 3 3 3 3 3 3 5 3 3 3 3 3 3 3 0 0 64 84 0 62 0 0 0 31 1 55 0 1 0 0 0 3 0 0 126 341 79 90 111 97 91 378 163 155 72 64 49 139 285 167 99 43 184 0 0 0 0 0 0 0 0 0 4 0 0 0 0 2 200 0 0 0 4 1 0 0 0 0 0 0 0 0 0 0 0 0 0 0 0 0 0 0 0 0 0 0 0 8 13 23 0 0 0 0 0 0 0 0 0 0 0 20 0 0 10 52 14 20 0 0 16 0 12 3 0 13 11 42 26 0 37 22 0 11 3 10 8 3 2 0 6 12 18 5 0 0 0 9 0 34 0 0 2 0 0 0 0 8 0 0 1 20 0 0 0 0 0 7 0 0 0 0 0 0 0 0 0 0 0 31 0 0 19 0 36 0 0 0 0 0 0 0 0 0 20 19 25 13 0 0 26 48 36 25 2 0 0 31 0 4 4 2 0 9 7 0 0 5 0 0 4 9 0 3 0 0 0 0 0 0 2 4 0 16 0 0 0 0 0 0 0 0 0 0 0 0 0 0 0 0 0 87 0 15 1 7 0 53 70 1 1 0 0 0 0 0 0 0 0 0 0 0 0 0 0 0 0 0 0 0 0 0 0 0 
 0 0 3 0 3 3 0 0 0 0 0 0 0 0 0 2 0 0 0 0 0 0 0 1 0 0 0 1 3 0 2 0 0 0 0 2 1 2 0 0 0 3 1 0 0 0 0 0 0 0 0 0 1 14 0 3 0 1 2 0 0 172 170 73 24 39 71 154 153 86 47 87 50 152 164 179 228 36 106 290 0 0 0 0 0 0 0 0 0 0 8 0 0 0 0 0 0 0 0 0 0 0 0 0 0 4 0 0 0 0 0 0 0 0 0 0 0 0 0 0 4 0 5 11 4 4 0 4 0 0 1 12 0 0 0 0 0 24 0 1 15 16 0 26 0 11 0 0 0 0 0 8 0 0 27 0 2 2 10 17 0 1 11 0 0 0 0 0 0 12 0 0 0 0 0 0 0 0 0 0 0 0 0 0 0 0 0 0 8 0 0 0 0 0 0 0 0 0 0 0 0 8 0 0 7 17 0 0 3 0 0 0 0 0 0 3 6 0 0 0 0 24 0 0 0 1 15 8 26 10 7 11 0 49 13 20 24 0 15 33 0 0 4 2 0 0 0 0 0 0 0 0 2 59 11 0 21 0 1 0 0 0 14 31 0 0 0 0 0 0 8 0 0 2 1 2 0 0 0 0 0 0 0 0 0 8 0 0 0 0 
