 0 169 361 133 344 230 63 118 39 53 213 112 146 55 482 80 416 177 34 150 0 0 0 0 3 0 0 0 0 3 84 2 0 0 3 0 0 3 4 1 0 3 1 0 6 2 3 2 3 3 0 1 3 0 0 0 0 0 0 4 49 2 0 0 0 5 5 5 4 0 0 2 2 0 1 15 1 0 4 53 11 21 0 7 10 0 14 30 27 18 0 1 0 26 34 0 42 10 23 9 0 0 0 0 0 0 16 0 0 0 0 0 11 0 0 0 0 0 0 0 0 1 0 0 0 1 0 0 12 0 0 0 0 0 0 0 0 0 0 0 2 0 0 0 0 0 0 0 0 0 0 0 0 0 0 0 0 0 0 0 14 18 28 14 13 20 16 13 28 0 14 0 27 24 0 10 0 12 0 0 0 0 0 0 0 0 1 0 0 0 0 0 0 0 0 2 0 0 30 0 0 0 0 0 0 0 0 0 0 0 0 0 0 0 10 0 0 0 0 0 0 0 0 0 0 0 0 1 0 0 0 0 0 0 0 0 0 1 0 0 0 11 0 0 0 0 0 0 0 3 0 4 20 0 0 2 0 0 0 0 0 0 15 0 0 0 0 0 0 0 0 0 0 0 0 0 0 0 0 0 0 0 0 0 0 0 0 0 0 0 
 169 0 429 178 66 28 243 259 60 426 223 121 175 236 516 119 223 182 249 63 0 0 0 0 0 1 0 2 0 3 0 1 13 0 6 0 1 3 6 6 7 3 2 0 6 0 3 2 3 3 0 4 0 61 0 1 0 0 0 6 2 53 0 57 0 6 14 6 3 0 0 2 0 0 0 2 0 6 0 0 21 16 11 19 7 0 94 16 43 39 14 0 23 10 14 9 17 0 10 8 0 0 0 0 0 0 2 0 0 0 0 0 14 0 0 0 0 0 0 19 0 23 0 0 0 0 0 0 25 0 0 0 0 0 0 0 0 0 0 0 1 0 0 0 4 0 0 0 0 0 0 0 0 0 2 2 0 0 0 0 30 25 1 51 44 14 0 33 0 4 62 13 9 23 26 18 22 24 0 10 0 0 0 0 0 0 0 0 0 0 0 0 21 0 0 0 0 0 20 0 0 0 0 0 0 8 0 0 0 0 0 0 0 0 0 0 0 0 0 0 0 0 0 0 0 0 0 0 0 0 0 0 0 0 15 0 0 0 0 0 0 14 0 0 0 2 0 0 1 63 0 16 0 0 0 0 0 0 0 0 0 0 0 0 0 0 0 0 0 0 0 0 0 0 51 0 0 15 0 0 0 0 0 0 0 0 0 0 0 0 
 361 429 0 184 361 131 105 427 443 72 133 374 46 41 58 146 210 248 363 36 0 0 0 0 0 0 1 0 0 3 2 207 77 0 2 0 0 81 2 0 0 6 0 0 0 0 3 2 3 5 0 0 0 36 0 2 0 0 0 3 0 45 0 12 0 0 0 0 3 0 0 2 0 0 2 3 0 1 0 0 0 27 2 38 25 13 0 16 31 10 0 54 12 14 25 4 2 13 0 1 0 0 0 0 0 0 14 0 0 0 0 18 0 2 0 5 0 0 0 21 0 17 0 0 0 0 0 0 40 0 0 0 0 0 0 0 0 0 0 0 0 0 1 0 4 0 0 0 0 0 0 0 1 4 0 0 1 0 0 1 0 0 2 18 17 24 0 13 21 32 21 0 0 4 10 19 2 0 0 11 0 0 0 0 0 0 16 0 0 0 0 0 17 8 0 0 0 0 14 0 0 0 0 0 0 0 0 0 0 0 0 0 0 0 2 0 0 0 0 0 0 0 0 0 0 1 0 0 0 0 0 0 0 0 0 0 0 0 0 0 0 0 0 0 0 2 2 0 5 1 0 4 0 2 0 0 0 0 0 0 0 0 0 0 0 0 0 0 0 0 0 0 0 0 1 0 9 20 0 0 0 0 0 0 0 0 0 0 0 0 
 133 178 184 0 185 258 76 181 502 433 70 231 164 365 56 58 136 169 164 55 83 0 1 0 2 0 0 0 0 86 0 5 1 158 10 0 4 3 78 74 7 7 0 0 0 0 3 3 3 3 0 0 3 0 0 4 2 0 0 3 2 52 0 0 0 0 2 1 3 6 2 3 0 0 0 2 0 0 0 2 0 1 30 16 10 24 14 1 33 2 14 35 16 24 9 0 14 0 10 0 24 13 0 1 2 0 14 14 0 7 0 0 0 12 11 13 0 0 1 17 0 0 0 0 0 0 0 6 0 0 0 2 0 2 0 0 0 0 0 0 0 0 0 0 1 0 0 0 0 0 0 0 0 0 1 2 0 0 0 0 1 35 0 10 33 16 0 16 0 0 27 54 6 20 11 13 15 6 0 1 0 0 0 0 0 0 34 0 18 0 1 0 4 0 3 0 15 0 32 7 0 0 0 0 0 0 0 0 0 0 0 0 0 0 0 0 0 0 0 0 0 0 0 0 0 0 0 0 0 0 0 0 0 0 0 2 0 0 0 0 0 0 0 0 0 4 49 2 2 50 0 16 0 0 0 0 0 0 0 0 0 0 0 0 0 0 0 0 0 0 2 0 0 0 0 1 17 0 0 0 0 0 0 0 0 0 0 0 0 0 
 344 66 361 185 0 276 347 65 163 180 68 175 72 178 157 154 132 237 155 111 38 0 1 0 5 3 76 186 36 14 1 1 88 31 2 0 3 4 19 140 0 3 0 0 3 0 64 3 3 3 0 2 0 0 0 2 0 4 0 5 0 5 0 3 0 0 4 0 3 2 0 2 2 0 3 2 3 10 0 0 9 0 0 0 6 20 0 0 21 1 14 82 0 0 18 0 5 0 0 0 30 22 13 16 0 0 8 34 28 11 0 0 47 32 22 0 0 0 77 11 0 0 0 0 0 0 0 0 0 0 0 0 0 0 0 0 0 0 0 0 0 0 0 0 0 0 0 0 0 0 0 0 0 0 0 0 0 0 0 0 20 0 2 9 13 18 0 0 14 0 29 7 0 0 3 30 0 19 0 6 0 14 7 0 0 0 20 14 0 1 1 0 16 17 48 1 11 0 20 1 0 0 0 21 0 0 0 0 0 0 0 0 0 0 0 0 0 0 0 0 0 0 0 0 0 0 0 0 0 0 0 9 0 0 0 0 0 0 0 0 0 15 0 0 0 0 7 0 54 3 2 2 0 0 0 0 0 0 0 0 21 0 17 0 0 0 0 0 0 0 0 0 0 0 0 4 16 0 0 0 0 0 0 0 0 0 10 0 0 0 
 230 28 131 258 276 0 14 15 93 34 76 82 32 46 43 301 382 114 36 27 152 78 107 0 0 0 2 99 53 76 0 2 76 3 2 75 0 155 208 45 2 66 0 0 25 0 3 2 3 3 0 0 0 0 0 0 0 0 0 3 0 45 0 0 0 0 0 0 2 35 0 3 3 0 0 2 0 0 0 0 0 0 0 0 0 0 0 0 0 0 0 18 0 0 13 0 10 0 0 0 15 21 30 11 0 0 26 12 64 14 0 0 1 11 1 10 2 0 73 0 0 0 0 0 0 1 0 0 0 0 0 0 0 0 0 0 0 0 0 0 2 0 0 0 0 0 0 0 0 0 0 0 0 1 1 0 0 0 0 0 1 0 0 0 23 10 0 0 0 0 15 0 0 0 5 3 0 0 0 3 40 38 21 0 0 0 13 20 0 24 7 1 22 0 24 14 21 1 14 10 0 13 13 0 0 0 0 0 0 0 0 0 0 0 0 0 0 0 0 0 0 0 0 0 6 0 0 0 0 0 8 0 0 0 0 0 0 0 0 0 0 0 0 0 0 2 89 0 6 4 1 11 5 5 1 0 0 74 0 0 15 0 0 0 0 0 0 0 0 0 0 0 0 0 0 9 0 0 0 17 0 0 0 0 0 0 13 0 0 0 
 63 243 105 76 347 14 0 130 383 255 108 115 100 62 16 115 36 121 215 126 0 0 0 0 3 0 2 0 2 3 0 4 0 0 2 0 0 5 2 0 0 3 0 1 0 0 3 2 3 3 0 0 3 0 0 0 0 0 0 6 0 44 0 3 0 0 2 2 2 0 0 3 0 0 0 2 2 0 0 0 0 0 33 3 15 1 24 0 11 11 29 0 12 13 0 17 0 26 10 70 0 0 0 15 0 0 0 0 0 0 0 0 0 0 0 0 31 0 0 0 0 0 0 0 0 0 0 0 0 0 0 0 0 0 0 0 0 0 0 0 0 0 0 0 0 0 0 0 4 12 0 21 0 0 0 1 0 0 0 0 9 0 40 5 0 0 14 13 0 36 11 14 0 0 0 0 14 15 21 24 0 0 0 0 0 0 0 0 0 0 0 0 0 0 0 0 0 0 0 0 0 0 0 0 0 0 0 0 0 0 0 0 0 0 0 0 0 0 0 0 0 0 0 0 0 0 0 0 0 0 0 0 0 0 0 0 1 0 0 0 0 0 0 0 0 2 0 2 0 0 0 5 0 0 0 0 0 0 0 0 0 0 0 0 0 56 0 0 0 0 0 0 0 0 0 0 0 0 0 0 0 0 0 0 0 0 0 0 0 0 
 118 259 427 181 65 15 130 0 492 86 351 46 171 103 52 138 61 43 134 73 1 2 2 2 2 2 0 2 0 3 0 4 1 0 2 0 0 77 3 0 0 3 0 0 0 0 3 2 3 3 0 0 0 29 0 0 0 0 0 3 0 2 0 0 0 0 0 0 3 0 0 2 0 0 0 2 0 0 0 0 0 0 44 2 1 21 16 14 12 7 43 13 12 28 10 15 1 0 8 10 0 0 0 0 0 0 0 0 0 0 0 0 0 0 1 0 0 0 0 0 0 0 0 0 0 0 1 0 2 0 0 0 0 0 0 0 0 0 0 0 0 0 0 0 0 0 0 0 0 0 0 0 0 9 0 0 0 0 1 0 11 13 14 16 10 0 0 36 0 19 10 16 1 40 13 0 10 30 0 0 0 0 0 1 17 0 1 0 0 0 0 0 12 0 0 0 0 0 13 0 0 0 0 0 0 0 0 0 0 0 0 0 0 0 0 0 0 0 0 0 1 0 0 0 0 0 0 0 0 0 0 0 0 0 0 0 0 0 0 0 0 0 0 0 0 1 2 2 0 181 0 9 0 0 2 0 0 0 0 0 0 0 0 0 0 0 0 0 0 0 0 0 0 1 0 0 7 0 0 0 0 0 0 0 0 0 0 0 0 0 
 39 60 443 502 163 93 383 492 0 270 148 175 66 196 166 145 498 47 199 84 0 0 2 0 1 0 0 0 0 211 0 2 42 74 2 0 2 3 2 1 0 3 0 0 0 0 3 2 3 3 0 2 0 0 0 2 0 0 0 5 0 67 0 0 0 0 0 0 2 0 0 3 0 0 0 2 0 0 0 0 0 31 15 0 59 19 29 34 15 52 12 12 11 30 40 15 14 9 0 0 0 3 0 0 0 0 57 0 0 1 0 0 0 11 0 15 0 0 0 33 0 19 0 0 0 0 0 10 0 2 0 0 0 1 0 0 1 0 0 0 0 0 0 0 0 0 0 0 0 0 0 0 0 0 0 1 0 0 19 0 11 15 14 4 14 27 0 22 2 4 18 33 15 9 0 11 21 7 0 0 0 0 0 0 0 0 0 0 0 0 0 0 27 0 10 0 0 0 16 0 12 0 0 0 0 0 0 0 0 0 0 0 2 0 0 0 0 0 1 0 0 0 0 0 0 0 0 0 0 0 0 0 0 0 0 0 0 0 0 0 0 0 0 0 0 0 90 0 0 1 0 14 0 0 0 0 0 0 0 0 0 0 0 0 0 0 0 0 0 0 0 0 0 0 0 11 0 0 0 0 0 0 0 0 0 0 0 0 0 0 
 53 426 72 433 180 34 255 86 270 0 368 337 27 300 372 217 299 130 165 80 0 0 2 0 1 2 27 0 0 3 75 3 102 108 77 0 0 3 3 0 0 7 0 0 0 0 3 4 3 6 0 0 0 6 1 10 0 2 0 3 0 9 0 0 0 0 0 0 2 6 5 3 0 0 0 2 0 35 0 0 15 10 33 0 10 4 11 0 10 0 32 0 29 39 10 53 1 24 11 4 20 14 21 0 0 0 19 1 15 0 0 0 0 22 0 10 0 0 0 0 0 0 0 0 0 0 0 0 0 0 0 0 0 0 9 0 0 0 0 0 20 0 0 0 0 0 0 0 0 0 0 0 0 0 0 0 0 0 0 0 11 33 2 26 0 69 0 11 11 18 46 70 0 0 21 12 13 5 0 0 0 0 14 0 0 0 9 0 15 0 0 0 36 0 13 0 0 0 0 19 0 0 0 0 0 0 2 0 0 0 0 0 0 0 0 0 0 0 0 0 0 0 0 0 0 0 0 0 0 0 0 0 0 0 1 0 0 0 2 0 0 0 0 0 0 3 182 2 2 90 11 14 0 0 0 0 0 0 0 2 0 0 62 0 0 0 2 0 0 0 0 0 0 0 0 10 0 0 0 0 0 0 0 0 0 0 0 0 0 0 
 213 223 133 70 68 76 108 351 148 368 0 201 124 29 182 189 255 72 28 157 77 2 0 0 0 1 3 0 0 5 0 1 0 2 4 0 4 3 4 2 0 4 0 0 0 0 3 6 3 3 0 0 0 0 0 5 0 0 0 9 0 9 0 7 51 0 3 0 3 0 0 3 0 0 41 5 6 0 0 0 0 34 10 15 6 0 40 32 0 24 11 24 0 18 14 0 13 11 11 13 13 9 0 0 0 0 11 0 0 0 0 0 0 0 0 0 0 0 0 10 0 0 0 0 1 0 0 0 0 0 0 0 0 0 0 0 3 0 0 0 0 7 2 0 4 0 0 0 0 0 0 0 0 0 2 1 0 0 0 0 12 18 14 21 0 31 14 15 28 16 14 2 3 0 2 0 0 18 0 3 8 0 0 0 0 0 14 0 13 0 0 0 20 0 0 0 0 0 67 0 0 0 0 0 0 0 0 0 2 0 0 0 0 0 1 0 0 0 0 0 0 0 0 0 0 0 0 0 0 0 0 0 0 25 0 0 0 0 0 0 0 0 0 0 0 6 1 0 1 87 0 4 10 0 0 0 0 0 0 0 0 0 1 0 0 0 0 0 0 0 8 0 0 0 0 0 1 19 0 0 0 0 0 0 0 0 0 0 0 0 
 112 121 374 231 175 82 115 46 175 337 201 0 242 39 48 345 108 177 26 25 74 0 0 0 0 1 75 75 0 3 2 2 0 73 75 87 0 3 39 0 3 3 0 0 0 0 3 2 3 3 0 0 0 0 0 0 2 0 0 4 0 35 0 0 0 0 0 0 2 0 0 3 1 0 0 2 0 0 0 0 0 0 11 20 37 42 1 31 12 17 0 8 10 15 18 0 1 0 1 2 24 28 14 0 0 0 10 17 13 0 0 0 14 15 0 17 0 0 8 0 2 0 0 0 0 0 0 0 0 0 0 0 0 0 0 0 0 0 2 0 0 0 0 0 1 0 0 0 0 0 0 0 0 0 1 0 0 0 0 0 0 1 0 6 36 0 0 10 0 0 14 0 1 8 1 3 1 0 0 1 0 22 11 0 7 0 16 9 2 0 0 0 10 0 32 0 0 0 37 27 1 0 0 0 0 0 0 0 0 0 0 0 0 0 0 0 2 0 1 0 0 0 2 0 0 0 0 0 0 8 0 0 0 0 2 0 0 0 0 0 0 0 0 0 0 0 186 0 7 1 0 6 0 0 0 0 0 0 0 0 0 0 13 0 0 0 0 0 0 0 0 0 0 0 0 20 7 0 0 0 0 0 0 0 0 0 0 0 0 0 
 146 175 46 164 72 32 100 171 66 27 124 242 0 178 126 326 41 44 98 142 0 2 0 0 0 5 0 0 0 5 0 2 0 0 2 0 0 3 2 0 0 3 0 0 0 0 3 2 3 3 0 0 0 0 0 0 63 0 0 4 5 3 0 0 0 0 0 0 2 0 0 3 51 0 0 6 0 0 0 50 0 27 23 1 11 0 22 33 0 18 21 0 15 63 0 26 45 14 24 0 0 0 0 0 0 0 0 0 0 0 0 0 0 0 0 0 0 0 0 0 0 0 0 0 0 0 0 0 0 0 0 0 0 0 0 0 0 0 0 0 0 0 0 10 0 0 0 0 1 0 0 1 0 0 0 0 0 0 0 0 0 77 3 14 0 19 74 34 24 12 34 23 31 13 51 0 10 13 10 0 0 0 0 0 0 0 0 0 0 0 0 0 0 0 0 0 0 0 2 0 0 0 0 0 0 0 0 0 0 0 0 0 0 0 0 0 0 0 0 0 0 0 0 0 0 0 0 0 0 0 0 0 0 0 0 0 0 0 0 0 0 0 0 0 0 1 0 2 0 117 0 7 0 0 0 0 0 0 0 0 0 0 0 0 0 0 0 0 0 0 0 0 0 0 0 0 0 0 0 0 0 0 0 0 0 0 0 0 0 0 
 55 236 41 365 178 46 62 103 196 300 29 39 178 0 87 119 80 90 92 268 0 0 0 0 2 0 0 1 0 5 0 2 0 0 5 0 0 3 2 0 0 3 0 0 0 0 3 2 3 5 0 0 0 2 0 0 0 2 0 2 0 2 0 0 0 0 0 0 3 0 3 2 0 0 0 2 0 0 0 0 29 17 21 19 0 0 18 0 12 1 19 0 33 19 19 41 57 15 11 0 0 0 0 0 0 0 0 0 0 0 0 0 12 0 0 0 0 0 0 0 0 2 0 0 0 0 0 0 0 0 0 0 0 0 0 0 0 0 0 0 0 0 0 0 0 0 0 0 0 0 0 0 0 0 0 0 0 0 0 0 35 20 17 33 0 33 21 50 0 0 0 15 0 1 30 12 52 23 46 0 0 0 0 0 0 0 0 0 0 0 0 0 0 0 0 0 10 0 11 0 0 0 0 0 0 0 0 0 0 0 0 0 0 0 0 0 0 0 0 0 0 0 0 0 0 0 0 0 0 7 10 0 0 0 0 0 0 0 0 0 0 12 0 0 0 3 0 0 0 89 0 5 0 0 0 0 0 0 0 2 0 0 17 0 0 2 0 0 0 0 0 0 0 0 0 0 0 0 0 0 0 0 0 0 0 0 0 0 0 0 
 482 516 58 56 157 43 16 52 166 372 182 48 126 87 0 167 85 99 77 307 2 0 0 0 0 0 0 0 0 0 0 1 0 0 2 0 0 3 2 0 0 3 0 0 0 0 2 2 3 3 28 0 0 0 60 0 0 0 1 3 0 2 0 32 0 1 0 0 3 0 0 2 0 0 0 3 0 0 0 0 41 95 1 17 9 0 16 32 10 19 0 10 1 44 21 15 9 23 6 11 0 0 0 0 0 0 11 0 0 0 0 0 27 0 0 0 0 0 0 10 0 0 0 0 0 0 0 0 0 0 0 0 0 0 0 0 0 0 0 0 0 0 0 0 8 0 0 0 0 2 0 0 0 10 3 6 0 0 0 0 8 31 0 56 0 0 13 28 13 0 0 0 6 10 9 10 3 46 0 11 0 0 0 0 0 0 14 0 0 0 0 0 0 0 0 0 0 0 52 0 0 0 16 0 0 0 0 0 0 0 0 0 0 0 0 0 0 0 0 0 0 0 0 0 0 0 0 0 0 0 0 0 0 0 0 0 0 1 0 0 0 17 0 0 0 1 0 0 0 0 0 2 10 0 0 0 0 0 0 0 0 0 16 0 0 0 0 0 0 0 0 0 0 0 0 0 0 22 0 0 0 0 0 0 0 0 0 0 0 0 
 80 119 146 58 154 301 115 138 145 217 189 345 326 119 167 0 262 173 40 66 0 0 0 0 0 0 79 0 0 3 1 1 108 0 4 0 0 3 2 0 0 3 0 0 0 0 3 2 3 3 0 2 0 0 0 0 0 0 0 4 5 2 0 0 11 0 0 3 4 0 0 12 0 11 11 10 10 5 0 0 10 0 29 1 19 10 14 17 16 13 0 1 0 0 0 11 14 23 16 7 26 0 0 0 0 0 22 0 0 0 0 0 0 48 0 0 0 0 0 0 0 0 0 0 0 0 0 0 0 0 16 0 0 0 0 0 0 0 0 0 0 0 0 0 0 0 0 0 3 6 0 0 0 0 3 4 0 0 0 0 0 0 29 8 0 20 11 13 6 17 16 14 0 21 0 11 8 9 0 0 0 0 0 0 0 0 17 0 0 0 0 0 21 0 0 0 0 0 8 17 0 0 0 1 0 0 0 0 0 0 0 0 0 0 0 0 0 0 0 0 0 0 0 0 0 0 0 0 0 0 0 0 0 0 0 0 0 0 0 0 0 0 0 0 0 2 0 1 1 2 52 19 20 0 0 0 0 0 0 0 0 0 0 0 0 0 0 0 0 0 0 0 0 0 0 0 0 0 0 0 0 0 0 0 0 0 0 0 0 0 
 416 223 210 136 132 382 36 61 498 299 255 108 41 80 85 262 0 385 166 29 0 0 2 0 0 0 41 0 0 3 0 1 70 73 2 0 0 3 4 0 0 3 0 0 0 0 3 2 3 3 0 0 0 0 0 54 0 0 0 2 0 36 0 0 0 0 0 0 3 0 0 2 0 0 51 4 0 0 0 0 2 0 16 11 5 1 14 0 0 13 26 20 11 23 9 20 3 5 0 0 2 1 2 0 0 0 60 0 0 0 0 0 0 64 0 18 0 10 0 46 0 18 0 0 0 2 0 0 0 0 0 0 0 0 0 0 0 0 0 0 1 0 0 0 4 0 0 0 14 0 0 0 0 0 1 0 0 0 0 0 9 27 1 24 11 61 0 9 9 0 27 51 0 1 48 26 21 8 0 11 0 0 0 0 0 0 1 0 0 0 0 0 35 0 1 0 0 0 0 21 27 0 0 0 12 0 0 0 0 0 0 0 0 0 0 0 0 0 0 0 0 21 0 5 0 0 0 2 0 0 2 0 0 9 0 0 13 1 0 0 0 0 0 0 0 1 0 0 1 99 12 3 0 0 0 0 0 0 0 0 0 0 0 0 0 0 0 0 0 0 0 0 0 0 0 0 0 19 0 0 0 0 0 0 0 0 0 0 0 0 
 177 182 248 169 237 114 121 43 47 130 72 177 44 90 99 173 385 0 37 323 1 0 0 0 1 0 1 2 0 5 0 4 0 3 212 0 0 4 2 2 0 3 0 2 0 1 5 2 3 3 2 2 0 0 0 0 1 0 3 2 2 39 0 2 0 0 2 1 3 0 0 35 0 34 0 2 3 2 0 0 4 24 10 27 0 9 0 0 26 18 0 21 9 0 27 11 21 1 1 16 11 0 0 0 13 0 17 6 0 0 0 0 14 0 0 18 0 0 0 0 4 2 0 0 0 0 0 0 0 0 0 0 0 0 0 0 0 0 0 0 0 0 0 0 0 0 0 0 0 0 0 0 0 0 0 48 0 0 0 0 17 0 0 15 0 8 0 0 12 24 14 0 0 0 1 89 0 18 0 7 0 0 0 0 0 0 0 0 0 0 0 0 15 6 11 0 0 0 17 10 0 0 0 0 0 0 0 0 0 0 0 0 0 0 0 0 0 1 0 0 0 0 0 0 0 0 0 0 0 0 0 0 0 0 0 0 0 0 0 0 0 12 0 0 0 0 88 3 6 2 0 11 2 0 0 2 0 0 0 0 0 0 27 0 0 1 0 0 0 2 0 1 0 0 0 23 11 2 0 0 0 0 0 0 0 0 0 0 0 0 
 34 249 363 164 155 36 215 134 199 165 28 26 98 92 77 40 166 37 0 400 1 2 0 0 0 0 0 0 0 3 0 2 0 0 2 0 0 81 2 0 57 3 0 0 0 0 3 2 3 3 0 0 0 0 0 0 0 0 0 3 0 40 36 0 0 0 0 0 2 0 0 3 0 0 0 2 0 0 0 0 1 0 19 0 0 2 9 0 2 0 11 0 34 19 22 29 0 0 9 10 0 0 0 7 0 0 8 0 0 0 0 0 0 0 0 0 0 0 0 0 0 0 0 0 0 0 1 0 0 2 0 0 0 1 0 0 0 0 0 0 0 0 0 0 0 0 0 0 0 0 0 0 0 0 0 0 0 0 0 0 12 19 0 22 0 0 0 6 2 5 2 15 21 1 22 18 10 9 0 15 0 0 12 0 0 0 0 0 0 0 0 1 0 0 0 0 0 0 0 0 0 0 0 0 0 0 0 0 0 0 0 0 0 0 0 0 0 0 0 0 14 0 0 0 0 0 0 0 0 0 2 0 0 0 0 4 0 0 0 0 0 0 0 0 0 0 1 0 0 87 0 16 0 0 0 0 0 0 0 0 0 0 0 0 0 0 0 0 0 0 0 0 0 0 0 0 0 0 0 0 0 0 0 0 0 0 0 0 0 0 
 150 63 36 55 111 27 126 73 84 80 157 25 142 268 307 66 29 323 400 0 2 0 0 0 0 2 0 0 0 3 0 1 0 0 2 0 0 3 2 0 0 3 0 0 0 0 2 2 3 3 0 1 0 0 0 0 0 2 1 2 0 2 0 0 0 0 0 0 3 0 0 3 0 0 0 2 0 0 0 0 55 9 0 19 0 0 22 0 14 0 0 10 0 24 34 0 32 23 12 19 0 0 0 0 0 0 0 0 0 0 0 0 14 0 0 0 0 0 0 0 0 17 0 0 0 0 0 0 0 0 0 0 0 0 0 0 0 0 0 0 0 23 0 0 3 0 0 47 0 0 0 17 0 0 1 10 0 0 0 0 37 14 18 9 0 0 0 11 13 0 0 0 0 11 11 14 0 14 24 13 0 0 11 0 0 0 0 0 0 0 0 0 0 0 0 0 0 0 8 0 0 0 0 0 0 0 0 0 0 0 0 0 0 0 0 0 0 12 0 0 0 0 0 0 0 0 0 0 0 0 0 0 0 0 0 0 0 0 0 0 0 14 0 0 0 2 1 0 0 0 2 7 0 0 0 0 0 0 0 0 0 0 11 0 0 0 0 0 0 0 0 0 0 0 0 0 0 16 0 0 0 0 0 0 0 0 0 0 0 0 
 0 0 0 83 38 152 0 1 0 0 77 74 0 0 2 0 0 1 1 2 0 320 167 48 45 33 297 193 42 235 39 99 57 50 42 89 101 40 229 139 5 0 0 0 0 0 0 3 0 0 0 2 2 2 51 3 0 0 0 5 0 0 0 0 0 0 0 3 1 5 0 2 5 0 1 0 1 5 4 0 0 0 0 17 8 10 0 0 0 4 37 0 0 0 0 0 0 0 0 0 33 32 14 0 0 0 2 29 25 0 0 0 42 24 64 4 15 0 42 16 0 0 0 0 0 0 0 0 0 0 0 0 0 0 0 0 0 0 0 21 0 0 0 4 0 1 0 0 0 0 0 0 0 0 0 0 0 0 0 0 5 0 2 2 51 0 0 0 0 1 0 0 0 0 0 0 0 0 0 0 34 23 40 0 0 0 10 22 21 13 14 12 15 0 22 0 8 5 19 33 0 0 0 0 2 0 0 0 0 0 0 0 0 0 0 0 0 0 0 0 0 0 1 0 0 0 0 0 0 0 0 0 0 0 0 0 0 0 0 0 0 0 0 0 0 0 0 0 0 0 0 0 0 0 10 0 0 83 0 20 0 1 0 0 0 0 2 0 0 0 0 0 0 0 0 0 16 0 0 0 0 1 0 0 0 0 10 0 0 0 
 0 0 0 0 0 78 0 2 0 0 2 0 2 0 0 0 0 0 2 0 320 0 44 147 33 54 105 128 333 202 126 93 153 141 283 209 136 105 182 133 0 0 0 0 0 0 5 3 0 57 0 0 0 0 0 0 0 0 0 5 0 0 0 0 0 0 53 3 0 0 0 0 0 0 1 0 2 0 0 0 2 2 0 0 0 0 0 0 0 0 0 2 0 0 0 0 0 0 0 0 0 1 34 24 37 63 1 30 10 78 42 34 11 0 10 4 10 41 0 0 0 0 0 0 0 0 1 0 0 0 0 0 0 0 0 0 0 0 0 0 0 0 0 0 0 2 0 0 0 0 0 0 0 0 0 0 2 0 0 0 0 0 0 3 0 0 0 0 0 0 0 1 0 0 0 0 0 0 0 0 12 18 20 27 8 0 4 15 33 15 26 7 0 12 36 23 56 20 0 10 0 0 0 0 0 0 0 0 0 0 0 0 3 0 0 0 0 0 22 12 0 0 0 0 2 0 0 0 0 0 2 0 0 0 20 0 0 0 0 0 0 0 7 0 0 0 0 0 0 0 0 1 0 0 12 1 0 113 0 0 2 0 0 0 0 0 39 0 0 0 0 0 0 0 0 0 0 0 0 8 0 0 0 0 0 0 0 0 0 0 
 0 0 0 1 1 107 0 2 2 2 0 0 0 0 0 0 2 0 0 0 167 44 0 171 93 132 415 150 242 224 63 27 220 209 344 217 50 123 145 215 0 0 18 0 10 28 0 3 0 0 0 0 62 1 0 0 0 0 0 5 0 0 0 48 0 0 0 3 0 0 6 0 0 0 1 2 1 0 0 0 0 0 0 0 0 1 0 0 0 0 1 0 0 0 0 0 0 0 0 0 12 2 0 25 0 0 4 9 15 11 10 11 14 11 9 5 1 24 33 19 0 0 0 0 0 0 2 17 0 0 0 0 0 0 0 0 0 0 0 27 0 0 0 0 0 0 0 0 0 0 0 0 2 0 15 0 0 0 0 0 0 2 4 0 0 0 0 0 0 0 0 0 0 0 7 0 0 0 0 6 19 13 17 29 0 15 36 27 37 19 33 15 0 0 0 11 17 15 25 24 13 12 0 0 0 0 0 0 0 2 0 0 9 2 0 0 0 0 13 47 0 0 0 0 0 0 10 0 0 0 0 0 0 0 0 0 0 0 0 0 0 0 0 0 0 0 0 0 0 0 0 0 75 0 21 0 2 0 0 0 21 0 0 0 0 0 1 0 0 0 0 0 0 0 0 0 0 0 0 0 0 0 0 0 0 0 0 0 0 0 
 0 0 0 0 0 0 0 2 0 0 0 0 0 0 0 0 0 0 0 0 48 147 171 0 140 98 63 87 316 155 426 46 74 43 196 49 288 64 79 50 63 0 0 0 0 0 1 129 0 0 0 0 123 2 65 0 0 0 0 6 0 0 0 0 0 0 0 1 0 0 7 0 0 0 3 0 45 0 0 0 0 0 0 0 0 0 0 0 0 0 0 0 0 0 0 0 0 0 0 0 0 9 40 7 110 40 0 0 0 13 35 59 0 0 19 0 11 32 0 0 19 0 0 0 0 0 1 16 0 0 0 0 26 23 22 0 1 0 25 0 0 0 1 0 0 0 0 0 0 11 0 0 0 0 0 0 0 0 0 0 0 0 0 0 0 0 4 0 0 0 0 0 0 0 0 0 0 0 0 0 0 0 0 26 55 14 0 0 19 0 13 7 0 0 15 28 32 12 0 0 0 0 0 0 0 0 11 1 8 5 0 0 16 0 21 9 0 0 0 51 0 0 0 0 0 0 0 0 0 0 0 0 0 0 0 0 0 0 0 0 0 0 7 0 0 0 0 0 0 0 0 0 0 0 9 0 2 0 0 0 0 0 0 0 0 0 0 0 0 0 0 0 0 0 2 0 0 0 0 0 0 0 0 0 0 19 0 0 0 0 
 3 0 0 2 5 0 3 2 1 1 0 0 0 2 0 0 0 1 0 0 45 33 93 140 0 159 54 150 171 246 101 50 104 81 144 216 37 122 264 234 4 28 0 0 0 0 0 64 0 0 0 0 62 80 63 3 0 0 0 68 0 32 0 1 0 0 2 3 0 1 6 0 0 0 0 0 0 2 1 0 0 0 0 0 0 0 0 0 0 0 0 0 0 0 0 20 0 0 0 0 0 0 0 0 25 19 0 14 2 10 31 35 0 0 0 1 4 0 0 0 54 0 0 10 0 0 12 53 0 0 21 0 41 33 13 0 21 8 20 1 0 0 0 0 0 0 2 0 0 0 0 0 0 0 0 0 0 0 0 0 0 0 0 0 1 0 0 0 0 0 0 0 0 0 0 0 0 0 0 0 0 1 23 22 30 17 0 0 24 14 0 22 0 0 0 0 31 17 0 0 17 20 0 0 1 0 17 34 0 21 0 2 14 0 10 29 18 0 23 18 0 0 0 0 0 0 0 0 0 0 0 0 0 0 0 0 0 0 0 0 0 0 0 0 0 2 0 0 0 0 0 0 0 0 5 0 6 76 82 0 3 0 0 0 0 0 0 0 0 0 0 0 0 0 0 0 0 0 0 0 0 14 0 0 0 0 0 0 0 0 
 0 1 0 0 3 0 0 2 0 2 1 1 5 0 0 0 0 0 0 2 33 54 132 98 159 0 191 19 134 272 66 59 263 50 137 67 124 146 37 59 90 62 76 1 0 27 67 159 64 0 0 0 0 4 62 68 0 53 3 124 0 0 50 0 0 0 3 3 3 0 0 0 0 0 0 0 0 3 0 0 0 0 0 0 0 0 0 0 0 0 0 0 0 0 0 0 0 0 0 0 0 0 0 31 27 28 0 0 0 14 11 15 0 0 0 0 0 34 0 0 20 0 0 27 0 2 36 12 24 0 22 0 39 29 28 19 14 20 34 20 0 0 0 0 0 0 2 0 0 0 0 2 2 0 0 0 0 0 0 0 0 2 2 0 0 28 0 0 0 0 0 0 0 0 0 0 0 0 0 0 0 0 0 30 12 21 0 0 0 0 1 7 0 0 0 1 18 0 0 0 34 1 0 1 0 0 34 30 26 29 0 0 7 2 1 10 4 0 1 23 0 0 0 0 0 0 0 0 0 0 0 0 0 0 0 0 0 0 0 0 0 0 6 0 0 0 0 0 0 0 0 0 0 0 6 0 0 0 2 6 4 0 0 0 0 0 0 0 0 0 0 2 0 0 0 0 0 0 0 0 0 0 0 0 0 14 0 0 0 0 
 0 0 1 0 76 2 2 0 0 27 3 75 0 0 0 79 41 1 0 0 297 105 415 63 54 191 0 321 333 32 33 26 135 32 120 72 147 109 146 41 0 0 0 0 1 0 9 2 0 0 0 0 0 0 0 0 0 0 0 3 0 0 0 0 0 0 0 2 0 0 0 0 0 11 13 0 10 11 0 0 0 0 0 0 22 1 0 0 0 19 19 0 0 0 0 0 0 0 0 0 3 19 14 22 0 0 0 1 15 19 12 7 12 58 0 21 13 21 28 9 1 0 0 0 0 0 23 0 0 0 0 0 0 0 0 0 0 0 9 0 1 0 0 5 0 0 0 0 0 0 0 0 0 0 18 0 0 1 0 0 0 0 0 9 39 26 0 0 11 0 21 9 0 0 0 14 0 0 0 0 0 0 3 10 0 0 0 4 0 19 1 8 21 0 19 0 0 0 15 18 5 0 0 0 0 0 2 0 0 0 0 0 8 0 0 0 0 0 0 0 0 0 0 0 0 0 0 0 0 0 0 1 0 0 0 0 0 0 0 0 0 0 8 0 0 0 0 0 0 0 15 0 0 0 24 0 0 0 3 4 0 0 0 0 0 0 0 0 0 0 0 0 0 0 0 1 0 0 0 0 0 0 0 0 0 0 0 0 0 0 
 0 2 0 0 186 99 0 2 0 0 0 75 0 1 0 0 0 2 0 0 193 128 150 87 150 19 321 0 166 45 25 117 142 64 128 192 62 39 216 77 7 0 0 2 7 0 2 68 1 0 2 12 13 2 0 0 1 0 72 8 0 0 51 0 0 0 5 4 0 0 1 1 32 0 0 0 6 0 0 52 0 0 0 0 8 9 0 0 0 17 0 0 0 0 0 0 0 0 0 0 27 20 13 0 0 46 9 50 35 0 34 1 11 12 0 28 25 1 43 0 0 0 0 0 0 0 0 47 0 0 0 0 0 0 0 0 0 0 0 1 0 0 0 0 0 2 0 0 0 0 0 0 0 0 0 0 0 0 0 0 0 0 0 0 13 3 4 0 0 0 0 0 0 0 0 0 0 0 0 0 18 31 51 1 11 0 0 35 9 0 1 8 2 21 21 15 22 1 17 2 11 0 0 0 0 0 0 0 0 0 0 0 19 4 1 0 0 0 0 0 0 0 0 0 0 0 0 0 0 0 0 0 0 0 0 0 0 0 0 0 0 0 0 0 0 0 0 0 76 0 0 0 0 0 15 1 0 46 40 0 3 12 0 0 0 0 0 0 0 0 0 0 0 0 0 0 0 0 0 2 0 0 0 0 0 0 0 0 0 0 
 0 0 0 0 36 53 2 0 0 0 0 0 0 0 0 0 0 0 0 0 42 333 242 316 171 134 333 166 0 188 112 116 492 81 187 455 136 123 179 77 0 0 0 0 0 0 7 3 0 0 0 0 0 1 0 0 0 0 0 3 0 0 0 0 0 0 0 3 0 0 0 0 0 0 0 0 5 0 0 0 0 0 0 0 0 0 0 0 0 0 0 1 0 0 0 0 0 0 0 0 0 14 25 45 14 0 28 12 27 62 50 13 0 9 8 11 2 50 38 0 0 0 0 0 0 0 12 0 0 0 0 0 1 0 0 0 0 0 0 12 0 0 0 0 0 0 0 0 0 0 0 0 12 0 0 0 0 0 0 0 0 0 0 1 0 0 0 0 0 0 0 1 0 0 5 0 0 0 0 3 6 7 8 10 6 0 0 0 25 12 8 0 0 0 43 21 19 41 12 10 28 0 0 16 0 15 0 0 1 0 10 0 20 0 0 0 0 0 11 17 0 0 0 0 0 0 0 0 0 0 0 0 0 0 0 0 0 26 0 0 0 0 9 0 0 0 0 0 0 0 0 0 0 0 20 0 2 2 0 1 15 2 0 0 0 0 15 0 0 0 0 0 0 0 0 0 0 0 0 15 0 0 0 0 0 0 0 0 0 0 
 3 3 3 86 14 76 3 3 211 3 5 3 5 5 0 3 3 5 3 3 235 202 224 155 246 272 32 45 188 0 305 57 227 36 395 274 185 322 230 91 0 0 0 3 0 0 0 69 0 0 3 0 57 7 65 3 3 0 2 15 3 0 0 8 0 0 2 4 2 0 0 0 0 0 1 0 4 0 0 0 2 2 0 0 0 0 0 0 0 0 0 2 0 0 0 0 0 0 0 0 0 0 14 29 45 1 9 0 9 16 46 64 0 17 13 11 0 35 0 0 31 0 0 0 0 0 0 0 0 0 0 0 18 34 20 1 2 0 16 20 0 0 0 0 0 2 0 0 0 0 0 0 0 0 0 0 2 0 0 0 0 0 0 0 0 0 0 0 0 0 0 0 0 0 0 0 0 0 0 0 0 0 13 34 9 3 0 1 22 18 8 10 0 10 7 35 35 34 0 11 18 1 0 0 0 0 11 0 0 0 1 0 80 0 19 0 15 0 10 55 0 0 0 0 2 0 0 0 0 0 2 0 0 0 0 0 0 0 0 0 0 0 1 0 0 0 0 0 0 0 0 0 0 0 14 0 2 4 40 1 0 0 0 0 0 0 10 0 2 0 0 0 0 0 0 0 0 0 0 0 0 11 0 0 0 19 0 0 0 0 
 84 0 2 0 1 0 0 0 0 75 0 2 0 0 0 1 0 0 0 0 39 126 63 426 101 66 33 25 112 305 0 53 63 23 51 77 165 154 235 60 64 1 0 0 0 0 0 3 0 0 0 0 131 36 0 0 0 0 0 8 0 0 0 0 0 0 0 2 0 1 0 0 0 0 2 0 5 0 0 0 0 0 0 0 0 0 0 0 0 0 0 0 0 0 0 0 0 0 0 0 0 0 0 26 54 0 1 0 0 32 19 16 9 1 42 8 0 9 0 19 18 0 0 0 0 0 11 9 0 0 0 0 22 0 22 0 0 0 12 1 0 0 0 0 0 4 0 0 0 0 0 0 0 0 0 0 0 0 0 0 0 0 0 0 0 0 8 0 0 0 0 0 0 0 0 0 0 0 0 0 30 9 0 9 53 3 0 12 0 26 18 45 0 10 0 17 15 11 0 9 0 10 0 0 0 0 0 8 0 0 0 0 36 0 27 26 11 0 0 9 0 0 0 0 0 0 0 0 0 0 0 0 0 0 0 0 0 0 0 0 0 0 0 0 0 0 0 0 0 0 0 0 0 0 4 0 1 102 79 0 4 9 58 0 0 0 9 0 0 0 0 0 0 0 0 0 0 0 0 0 0 25 0 0 0 27 1 0 0 0 
 2 1 207 5 1 2 4 4 2 3 1 2 2 2 1 1 1 4 2 1 99 93 27 46 50 59 26 117 116 57 53 0 26 65 107 86 217 83 126 78 2 2 1 1 1 1 2 76 1 2 1 2 65 4 58 1 8 2 54 7 1 0 3 0 0 0 2 4 1 4 0 0 1 1 3 0 3 16 2 2 0 0 0 0 0 0 0 0 0 0 0 0 0 0 0 0 0 0 0 0 2 0 27 8 8 60 0 0 0 12 25 12 0 0 13 0 0 14 0 0 2 0 19 0 0 0 4 0 0 0 0 0 9 0 0 0 9 0 9 23 0 0 0 0 0 0 0 0 0 0 0 0 0 0 0 1 0 0 0 0 0 0 0 0 0 0 4 0 0 0 0 0 0 0 0 0 0 0 0 0 0 0 10 0 0 20 0 1 10 13 61 9 0 0 15 9 1 11 0 0 12 0 0 0 0 0 0 0 12 9 0 0 0 23 19 0 11 0 0 0 0 0 0 0 0 0 0 12 0 0 0 0 0 0 1 0 0 0 0 0 0 0 7 0 0 0 0 0 0 0 0 0 0 0 14 0 2 80 74 0 3 1 1 0 0 0 0 0 0 0 0 0 0 0 0 0 0 0 0 0 0 0 0 0 0 9 0 0 0 0 
 0 13 77 1 88 76 0 1 42 102 0 0 0 0 0 108 70 0 0 0 57 153 220 74 104 263 135 142 492 227 63 26 0 261 178 225 113 95 88 131 3 0 5 0 2 0 0 3 0 0 66 0 0 3 0 15 0 0 2 3 0 0 0 2 0 0 2 2 0 0 0 0 0 1 2 0 9 2 1 38 0 0 0 0 7 1 0 0 0 15 19 10 0 0 0 0 0 5 0 0 0 19 0 45 21 0 46 3 19 38 0 7 12 60 30 36 0 9 27 48 0 19 25 0 0 0 0 0 0 0 0 0 1 0 0 13 0 0 0 0 0 0 0 0 0 14 0 12 0 0 0 0 0 0 9 0 2 0 0 0 0 0 1 9 0 41 0 0 11 0 19 34 0 0 8 43 11 0 0 6 25 10 1 0 19 2 14 14 0 10 20 14 39 11 2 32 51 0 18 65 0 0 0 0 0 0 0 0 0 0 0 0 1 0 0 0 0 0 2 0 0 0 0 0 0 2 0 0 0 2 0 2 0 0 0 0 0 0 0 0 0 0 0 0 0 0 0 0 0 1 31 0 0 1 11 2 2 80 0 0 17 20 0 0 0 0 38 0 0 0 0 0 0 0 0 0 0 0 0 0 0 11 0 0 0 5 0 0 0 0 
 0 0 0 158 31 3 0 0 74 108 2 73 0 0 0 0 73 3 0 0 50 141 209 43 81 50 32 64 81 36 23 65 261 0 113 34 34 184 89 245 0 0 0 0 0 1 0 3 0 0 0 0 0 0 1 6 2 4 0 3 0 0 0 0 0 2 0 3 0 0 1 0 0 0 0 0 0 0 0 0 0 10 0 0 25 12 0 0 0 0 0 8 0 0 0 0 0 8 0 0 11 33 36 13 0 0 14 14 21 25 0 0 12 4 10 12 0 22 22 37 0 0 0 0 0 0 0 0 0 0 0 0 1 0 0 0 0 0 0 0 0 0 0 0 0 0 1 0 0 0 0 0 0 0 0 0 0 0 0 0 0 0 2 0 2 20 0 0 4 1 0 30 0 0 1 0 1 0 0 8 3 8 0 0 0 0 47 14 19 11 4 5 1 0 3 18 11 0 24 1 0 11 0 0 0 0 0 0 0 0 0 2 0 0 0 0 0 0 2 0 0 0 0 0 0 0 0 0 0 0 0 0 0 0 0 0 2 0 0 0 0 0 0 0 0 2 78 0 0 0 0 0 0 0 12 1 0 0 0 0 19 0 0 0 0 0 0 0 0 0 0 0 0 0 0 0 14 0 0 14 0 0 0 0 0 0 0 0 0 0 
 3 6 2 10 2 2 2 2 2 77 4 75 2 5 2 4 2 212 2 2 42 283 344 196 144 137 120 128 187 395 51 107 178 113 0 128 244 621 73 291 3 0 4 0 3 0 14 6 2 7 0 0 2 2 2 0 0 4 0 3 0 0 0 2 0 4 0 2 0 6 7 0 0 0 2 0 0 3 0 0 0 0 0 0 12 9 0 0 0 0 0 0 0 0 0 0 0 0 0 0 7 28 33 18 9 11 0 0 22 28 26 11 14 0 31 0 11 48 0 16 0 0 0 0 0 2 27 0 0 0 0 0 0 0 0 0 0 9 0 26 0 0 3 19 0 0 0 0 0 2 0 0 0 0 0 0 0 0 0 0 0 0 0 0 0 5 23 0 0 0 0 0 0 0 0 0 0 0 0 0 11 25 0 7 47 0 18 25 30 21 1 17 0 0 0 7 9 9 0 0 72 0 0 0 0 0 0 0 0 17 0 0 11 17 0 0 0 0 0 11 0 0 0 0 0 0 0 0 0 0 0 0 0 0 0 0 0 0 0 0 0 0 6 0 0 0 0 0 0 0 0 0 0 0 14 2 1 0 77 0 1 1 0 0 0 0 0 0 0 0 0 0 0 0 0 0 0 1 0 19 0 0 0 0 0 0 0 0 0 0 
 0 0 0 0 0 75 0 0 0 0 0 87 0 0 0 0 0 0 0 0 89 209 217 49 216 67 72 192 455 274 77 86 225 34 128 0 227 395 112 77 27 2 1 0 2 0 0 6 2 0 0 0 2 3 0 0 0 0 0 5 0 0 0 0 0 1 0 2 0 4 0 0 0 0 2 0 5 0 0 0 0 0 0 0 0 19 0 0 0 0 0 0 10 0 0 0 0 0 0 0 0 0 0 13 13 2 0 20 16 44 25 5 0 0 24 0 1 17 5 0 0 2 0 0 0 0 0 0 0 0 0 0 0 0 0 0 0 0 0 45 0 0 0 0 0 0 0 0 0 0 0 0 0 0 0 0 0 0 0 0 0 0 0 0 43 7 0 0 0 0 0 2 0 0 0 0 0 0 0 0 14 30 30 1 26 0 11 16 7 23 17 0 2 10 0 8 26 14 19 10 28 0 0 0 0 16 0 0 0 0 0 0 29 10 2 0 0 0 10 1 0 0 0 0 0 0 1 0 0 0 0 0 0 0 2 0 0 0 0 0 0 0 0 0 0 1 0 0 0 0 0 0 0 0 17 0 3 176 74 0 3 0 0 0 0 0 9 0 0 0 0 0 0 0 0 0 0 0 0 0 0 0 0 0 0 0 1 0 0 2 
 0 1 0 4 3 0 0 0 2 0 4 0 0 0 0 0 0 0 0 0 101 136 50 288 37 124 147 62 136 185 165 217 113 34 244 227 0 52 78 94 3 0 0 0 0 0 8 3 3 0 0 0 65 1 0 0 0 64 62 4 0 0 0 0 0 1 4 5 0 47 1 0 0 0 1 0 3 0 0 0 0 0 0 0 12 0 0 0 0 0 0 0 0 0 0 0 0 0 0 0 0 14 11 60 1 9 0 0 0 41 60 21 0 24 12 0 10 30 7 0 0 0 0 0 0 0 43 0 0 0 0 0 0 0 20 0 0 0 9 27 0 0 0 4 0 0 0 0 0 10 0 0 0 0 0 0 0 0 0 0 0 0 0 0 10 3 6 0 0 0 0 0 0 0 0 0 0 0 0 0 0 0 0 28 40 11 0 0 36 19 1 21 0 1 1 9 1 18 0 0 22 0 0 0 0 0 0 0 0 0 0 0 0 12 4 0 0 0 0 24 0 0 0 0 0 0 0 0 0 0 0 0 0 0 0 0 0 0 0 0 0 0 9 0 0 0 0 0 0 0 0 0 0 0 10 1 2 4 6 1 0 2 0 0 0 0 24 0 0 0 0 0 0 0 0 0 0 0 0 0 0 0 0 0 0 23 0 0 0 0 
 3 3 81 3 4 155 5 77 3 3 3 3 3 3 3 3 3 4 81 3 40 105 123 64 122 146 109 39 123 322 154 83 95 184 621 395 52 0 100 206 63 8 0 0 0 1 1 3 0 0 0 0 62 62 0 0 0 0 0 5 0 0 0 1 0 0 0 1 0 4 0 0 4 0 21 0 4 0 0 0 0 0 0 0 0 0 0 0 0 0 0 0 0 0 9 0 0 0 2 0 0 0 9 18 9 2 0 0 13 31 18 8 15 0 0 1 13 9 2 0 12 1 0 0 0 0 25 0 0 0 0 0 3 0 0 0 0 0 11 12 0 0 0 0 0 0 0 2 0 0 0 0 0 0 0 0 0 0 0 0 0 0 0 0 1 0 4 0 0 0 1 1 0 0 0 0 0 0 0 0 10 33 0 8 0 0 1 0 9 20 2 15 19 0 0 2 0 4 0 2 24 10 0 0 0 0 0 0 0 0 0 0 35 1 28 0 0 0 10 11 0 0 0 2 0 0 0 0 0 0 0 0 0 0 0 0 0 0 0 0 0 0 0 0 0 0 0 0 2 2 0 0 0 2 6 2 1 41 71 0 1 1 0 0 0 0 9 0 0 0 0 0 0 0 0 0 0 0 0 40 0 12 0 0 0 0 10 0 0 0 
 4 6 2 78 19 208 2 3 2 3 4 39 2 2 2 2 4 2 2 2 229 182 145 79 264 37 146 216 179 230 235 126 88 89 73 112 78 100 0 425 5 0 1 0 3 0 0 3 0 0 0 0 0 1 0 0 0 2 0 3 0 0 0 0 0 3 5 6 29 2 0 0 2 0 1 0 0 0 0 0 0 0 0 0 32 4 0 0 0 1 0 0 0 0 0 0 0 20 0 0 7 66 38 47 0 1 26 28 34 10 0 12 13 47 0 10 42 9 41 0 0 0 0 0 0 0 0 0 0 0 0 0 22 0 0 0 0 0 0 0 0 0 6 17 0 0 0 0 0 0 19 0 13 0 0 0 0 0 0 0 0 0 1 0 46 0 0 0 0 0 0 0 0 0 7 0 0 7 0 0 0 43 11 12 1 0 1 15 0 36 22 0 11 12 35 13 1 20 49 33 0 0 0 0 0 0 0 0 0 0 0 0 0 0 0 0 0 0 0 0 0 0 0 0 0 0 0 0 0 0 0 0 0 0 0 0 0 0 0 0 0 0 0 0 0 0 75 0 0 0 0 0 0 0 2 0 0 1 0 0 2 2 0 0 0 0 0 0 0 0 0 0 0 0 0 0 0 0 0 13 0 0 0 0 0 0 10 0 0 0 
 1 6 0 74 140 45 0 0 1 0 2 0 0 0 0 0 0 2 0 0 139 133 215 50 234 59 41 77 77 91 60 78 131 245 291 77 94 206 425 0 1 0 2 0 11 0 0 3 9 0 6 0 0 0 2 0 0 0 4 3 0 2 0 4 0 0 0 3 0 7 0 0 5 0 0 0 1 0 6 0 0 0 0 0 2 0 0 0 0 0 0 8 0 0 0 13 0 0 0 0 13 0 27 0 0 13 0 10 26 19 0 0 20 1 37 8 13 12 48 42 0 0 0 0 0 0 0 0 0 0 0 0 2 0 0 0 0 0 0 0 0 0 0 0 0 4 2 0 0 0 0 0 0 0 0 0 0 0 0 0 1 0 0 0 17 0 0 0 8 2 0 0 0 0 2 0 2 0 0 2 56 28 10 0 0 0 25 48 25 22 41 25 12 20 17 12 12 0 13 10 0 0 0 0 0 0 0 0 0 0 0 1 0 0 0 0 0 0 1 0 0 0 0 0 0 0 0 0 0 0 0 0 0 0 0 0 1 0 0 0 0 0 0 0 0 1 0 0 0 0 0 0 0 0 8 2 2 78 0 0 14 8 0 0 0 0 10 0 0 0 0 0 0 0 0 0 12 0 0 13 0 12 0 0 0 0 0 0 0 0 
 0 7 0 7 0 2 0 0 0 0 0 3 0 0 0 0 0 0 57 0 5 0 0 63 4 90 0 7 0 0 64 2 3 0 3 27 3 63 5 1 0 87 227 71 270 288 127 304 167 76 33 31 121 57 389 129 126 132 58 269 2 0 0 0 0 0 0 0 0 0 0 0 0 0 0 0 0 2 0 1 0 0 0 0 0 10 0 0 0 0 0 0 0 0 0 0 0 0 0 0 0 4 0 0 1 0 0 6 21 0 0 0 0 0 0 0 0 0 6 0 4 20 2 24 15 0 10 20 35 0 0 32 0 16 27 41 0 26 7 19 0 0 0 0 0 0 4 0 20 0 0 0 9 6 0 0 0 0 19 0 0 0 0 0 3 0 0 0 0 0 0 0 0 0 0 0 0 0 0 0 0 6 0 0 0 0 2 0 0 0 0 0 0 0 0 0 2 0 4 7 2 10 0 11 0 7 6 27 0 0 12 0 22 22 28 10 22 2 0 4 0 0 0 0 0 0 0 0 0 0 0 0 0 0 0 0 0 0 0 0 0 0 0 0 0 1 17 0 0 26 0 7 0 1 0 0 0 0 0 2 0 0 5 0 0 2 0 0 0 0 26 0 0 0 1 0 0 0 0 0 0 0 0 0 31 13 0 6 1 0 
 3 3 6 7 3 66 3 3 3 7 4 3 3 3 3 3 3 3 3 3 0 0 0 0 28 62 0 0 0 0 1 2 0 0 0 2 0 8 0 0 87 0 325 230 248 120 76 145 319 286 160 41 52 170 37 35 41 32 40 104 0 0 4 8 3 4 60 2 6 0 4 2 104 0 6 5 1 3 1 3 0 0 0 0 0 0 0 21 0 0 0 0 0 0 0 0 0 0 0 0 0 0 0 0 0 0 0 0 0 0 0 0 0 0 0 0 0 0 0 0 17 0 11 37 1 2 2 0 0 45 1 0 6 8 12 2 19 26 7 0 0 0 0 0 0 0 18 8 0 0 0 0 0 11 0 0 11 4 2 12 0 0 0 0 0 0 0 0 0 0 0 0 0 0 0 0 0 0 0 0 0 0 0 0 0 9 0 0 0 0 0 0 0 0 0 0 0 0 0 0 0 19 28 12 19 7 41 14 13 27 55 14 0 0 0 6 20 34 6 0 1 0 0 0 5 0 11 0 0 0 0 0 25 9 0 0 0 0 11 0 0 0 10 0 0 0 0 0 0 0 0 0 0 0 0 0 2 0 0 0 0 0 0 0 3 2 2 2 0 0 2 0 0 0 0 0 0 0 0 0 0 0 0 0 0 0 0 13 0 0 
 1 2 0 0 0 0 0 0 0 0 0 0 0 0 0 0 0 0 0 0 0 0 18 0 0 76 0 0 0 0 0 1 5 0 4 1 0 0 1 2 227 325 0 206 57 185 230 268 127 235 181 80 84 36 52 170 56 122 81 41 0 0 0 0 0 2 51 0 0 0 0 0 23 0 0 0 0 0 0 2 0 0 0 0 0 0 0 0 0 0 0 0 0 0 0 0 0 0 0 0 0 0 0 0 0 0 0 0 0 0 0 0 0 0 0 0 0 0 0 0 0 23 0 26 0 25 9 6 22 16 19 16 0 5 13 11 0 6 0 0 11 2 0 0 0 0 31 3 9 0 0 0 0 9 0 0 2 0 10 0 0 0 0 0 0 0 0 12 0 0 0 0 0 1 0 0 1 0 0 0 0 0 0 0 0 0 0 0 0 0 0 0 0 0 0 0 0 0 0 0 9 26 0 21 17 30 25 18 9 8 5 10 7 13 0 0 0 8 9 0 7 0 0 0 0 0 11 0 10 0 0 0 13 0 0 0 0 0 0 0 0 0 0 0 0 0 0 0 0 0 0 5 0 0 0 0 0 0 0 2 0 0 0 0 0 10 0 5 0 0 0 0 0 0 0 0 0 0 0 0 0 0 0 0 0 0 0 0 0 0 
 0 0 0 0 0 0 1 0 0 0 0 0 0 0 0 0 0 2 0 0 0 0 0 0 0 1 0 2 0 3 0 1 0 0 0 0 0 0 0 0 71 230 206 0 86 23 175 67 155 210 328 43 266 98 45 116 267 94 63 308 0 2 0 0 0 0 50 0 0 0 0 0 23 0 0 0 0 0 0 2 0 0 0 0 0 0 45 0 0 0 0 0 0 0 0 0 0 0 0 0 0 0 0 0 0 0 0 0 0 0 0 0 0 0 0 0 0 0 0 0 0 13 9 14 15 16 0 21 20 19 28 0 0 7 0 7 0 0 0 0 0 8 0 0 0 0 12 4 0 0 0 0 0 6 0 0 6 0 10 1 0 5 0 0 0 0 0 0 0 0 0 0 0 0 0 0 0 0 0 0 0 0 0 0 0 10 0 0 0 0 0 11 0 0 0 0 0 0 0 0 0 9 16 2 19 9 6 8 0 2 6 26 0 0 0 16 11 11 35 0 1 0 0 0 0 0 0 0 23 0 0 0 14 1 0 0 0 0 11 0 0 0 0 0 0 0 0 0 0 0 0 0 0 0 0 0 0 0 0 10 0 0 2 4 0 0 2 66 4 0 0 0 0 0 0 0 0 0 0 0 0 0 0 0 0 13 0 7 0 0 
 6 6 0 0 3 25 0 0 0 0 0 0 0 0 0 0 0 0 0 0 0 0 10 0 0 0 1 7 0 0 0 1 2 0 3 2 0 0 3 11 270 248 57 86 0 81 55 278 72 347 80 366 282 278 282 303 74 40 61 80 54 1 55 59 49 0 54 53 51 0 0 0 2 22 1 0 59 4 52 47 0 0 0 0 0 0 0 0 0 0 0 0 0 0 0 0 0 0 0 0 6 0 0 0 0 0 0 0 6 0 0 0 0 0 6 0 8 0 8 0 0 0 0 0 50 13 8 0 0 0 0 1 0 0 0 0 0 0 0 0 11 47 26 12 0 0 0 36 8 4 0 0 3 7 1 0 17 0 1 24 0 0 0 0 0 0 0 0 0 0 8 0 0 0 0 0 0 0 0 0 21 0 14 0 0 0 14 4 1 0 1 0 0 7 1 1 29 10 0 0 0 0 1 0 0 0 0 0 0 0 0 10 0 0 0 0 0 0 0 0 8 7 32 0 0 2 27 2 56 0 8 0 0 7 13 31 2 25 16 16 0 0 0 0 0 0 0 0 0 0 0 4 0 0 0 0 0 0 0 0 1 14 0 0 3 6 0 0 2 0 0 0 0 0 0 0 0 0 0 0 0 0 0 0 0 0 0 0 9 0 
 2 0 0 0 0 0 0 0 0 0 0 0 0 0 0 0 0 1 0 0 0 0 28 0 0 27 0 0 0 0 0 1 0 1 0 0 0 1 0 0 288 120 185 23 81 0 50 102 124 77 162 77 42 58 292 162 147 64 258 71 0 0 0 0 0 0 0 0 0 0 0 0 0 0 5 0 0 0 0 2 0 0 0 0 0 0 0 0 0 0 0 0 0 0 0 0 0 0 0 0 0 0 0 0 0 0 0 0 0 0 0 0 0 0 0 0 0 0 0 0 0 19 13 7 0 0 0 13 52 5 1 19 0 0 0 28 11 10 0 0 17 0 0 10 0 0 32 0 4 0 0 0 0 3 9 0 11 0 26 0 0 0 0 0 0 0 0 0 0 0 0 0 1 0 0 0 4 0 0 0 0 0 0 0 0 0 0 0 0 0 0 0 0 0 0 0 0 0 0 2 0 7 7 10 12 34 0 0 8 0 1 0 0 8 0 10 0 0 1 0 6 12 0 0 0 0 10 0 1 0 0 0 19 0 0 0 0 0 6 0 0 0 0 0 0 0 0 0 0 0 0 4 0 0 0 0 0 0 0 1 63 0 0 0 0 11 7 0 0 0 0 0 0 0 0 0 0 0 0 0 0 0 0 0 0 0 0 0 0 0 
 3 3 3 3 64 3 3 3 3 3 3 3 3 3 2 3 3 5 3 2 0 5 0 1 0 67 9 2 7 0 0 2 0 0 14 0 8 1 0 0 127 76 230 175 55 50 0 241 409 40 89 32 412 102 101 175 98 225 88 191 0 0 0 0 0 0 1 0 0 0 0 0 3 0 0 0 0 2 0 2 0 0 0 0 0 0 0 0 0 0 0 0 0 0 13 0 0 0 0 0 0 0 5 10 0 0 0 0 0 7 4 2 0 8 0 0 0 10 0 0 9 35 26 20 0 6 42 11 22 0 11 30 1 9 6 25 17 22 5 48 4 0 0 0 0 0 0 0 0 0 0 0 4 0 0 0 0 0 7 0 0 26 4 0 0 0 0 0 0 0 0 0 0 1 0 0 0 0 0 0 0 0 0 5 0 3 0 0 0 0 0 3 0 0 0 0 5 0 0 0 20 32 0 10 13 20 0 21 9 18 0 0 22 43 0 0 0 20 11 11 1 0 0 0 0 0 0 0 0 0 0 0 0 0 0 9 0 0 0 0 0 0 6 0 0 0 0 0 0 24 0 7 0 1 66 0 0 0 0 0 0 0 3 0 2 11 2 0 0 0 0 0 0 0 0 0 0 0 0 0 0 0 0 0 22 11 0 0 1 0 
 2 2 2 3 3 2 2 2 2 4 6 2 2 2 2 2 2 2 2 2 3 3 3 129 64 159 2 68 3 69 3 76 3 3 6 6 3 3 3 3 304 145 268 67 278 102 241 0 374 28 70 360 181 110 180 110 250 52 206 349 0 2 0 0 0 0 0 0 0 0 0 0 6 2 4 0 0 2 3 1 0 0 0 0 0 0 0 0 0 0 0 0 0 0 0 0 0 0 0 0 0 0 0 0 34 48 0 0 0 0 0 34 0 0 0 0 0 0 0 0 19 15 0 10 10 2 0 14 24 10 21 0 48 36 37 34 0 0 71 43 10 0 0 5 0 0 8 5 6 0 3 0 0 43 1 0 2 0 5 4 0 3 0 0 0 0 0 0 0 0 0 0 0 0 0 0 2 0 0 0 0 0 0 10 9 8 0 0 0 0 0 0 0 0 0 1 56 0 0 0 3 0 0 14 0 24 28 1 10 32 0 0 0 0 0 4 2 24 0 0 0 0 0 0 0 0 0 0 0 0 0 0 0 0 0 0 7 0 4 9 0 0 0 0 0 0 0 0 0 0 0 15 0 0 0 0 0 0 0 0 0 0 1 0 2 3 2 0 2 0 0 0 0 0 0 0 0 0 0 0 0 0 0 0 0 34 0 0 0 0 
 3 3 3 3 3 3 3 3 3 3 3 3 3 3 3 3 3 3 3 3 0 0 0 0 0 64 0 1 0 0 0 1 0 0 2 2 3 0 0 9 167 319 127 155 72 124 409 374 0 278 135 29 99 114 93 198 36 161 358 63 0 0 0 0 0 0 51 3 0 0 0 1 43 0 0 4 0 0 51 28 0 0 0 0 0 0 0 0 0 0 0 0 0 0 0 0 0 0 0 0 0 0 0 0 0 0 0 0 0 0 0 0 0 0 0 0 0 0 0 0 0 26 0 62 2 17 0 5 19 21 7 33 0 11 13 0 0 8 0 0 0 8 0 0 0 0 21 5 9 0 0 0 45 0 8 0 14 0 1 0 0 0 0 0 0 0 0 0 0 0 4 0 2 3 0 0 2 0 0 0 0 0 0 0 0 0 0 0 0 0 6 0 0 0 0 0 0 0 0 0 73 11 8 0 32 2 7 7 0 5 12 34 1 10 0 0 0 9 18 1 7 7 0 0 0 0 0 0 17 0 0 0 14 0 0 0 1 0 0 0 0 0 0 0 0 0 0 0 0 0 0 4 0 2 0 0 0 0 0 9 0 0 0 68 1 1 0 3 0 0 4 0 0 0 0 0 0 0 0 0 0 0 0 0 1 0 0 0 0 0 
 3 3 5 3 3 3 3 3 3 6 3 3 3 5 3 3 3 3 3 3 0 57 0 0 0 0 0 0 0 0 0 2 0 0 7 0 0 0 0 0 76 286 235 210 347 77 40 28 278 0 300 39 63 366 82 177 229 63 56 92 2 2 0 0 0 0 27 0 0 0 0 52 98 0 0 0 0 0 22 49 0 0 0 0 0 0 9 0 0 0 0 0 0 0 0 0 0 0 0 0 0 0 0 0 0 0 0 0 0 0 0 0 0 0 0 0 11 0 0 0 0 12 1 20 2 7 0 11 10 30 5 56 0 0 0 9 6 21 0 4 0 4 0 0 0 0 1 8 4 0 0 0 15 0 7 0 0 0 10 11 0 0 0 0 0 0 0 0 0 0 7 0 3 5 0 0 0 0 0 0 0 0 0 0 0 1 0 0 0 0 0 0 0 0 0 0 0 0 0 0 0 1 1 11 28 16 3 3 2 31 37 57 0 7 0 10 0 25 31 0 0 2 0 0 0 5 0 15 13 10 0 0 12 10 30 0 0 6 0 0 0 0 12 0 0 0 0 0 0 0 0 4 0 0 0 0 0 0 0 25 63 0 0 8 0 2 0 2 1 0 15 0 0 0 0 0 0 0 0 0 0 0 0 0 0 15 0 0 0 0 
 0 0 0 0 0 0 0 0 0 0 0 0 0 0 28 0 0 2 0 0 0 0 0 0 0 0 0 2 0 3 0 1 66 0 0 0 0 0 0 6 33 160 181 328 80 162 89 70 135 300 0 123 46 91 130 81 166 51 240 77 0 2 0 37 0 0 62 0 0 0 0 0 77 0 0 0 0 0 0 7 0 0 0 0 0 0 0 0 0 0 0 0 0 0 0 0 0 0 0 0 0 0 0 0 0 0 0 0 0 0 0 0 0 0 0 0 0 0 0 0 0 18 2 25 15 0 0 18 14 49 0 8 0 0 0 15 0 27 0 0 14 2 0 0 0 0 7 3 20 0 0 0 5 7 5 0 2 0 34 1 0 1 0 0 0 0 0 0 0 0 0 0 0 0 0 0 0 0 0 0 0 0 0 0 0 1 0 0 0 0 0 0 0 0 0 0 0 0 0 0 0 11 28 14 5 21 0 1 27 8 18 11 1 19 0 22 0 0 1 0 10 3 0 0 0 0 0 0 10 0 0 0 18 0 0 0 0 0 0 0 0 0 0 0 0 0 0 0 0 0 0 8 0 0 0 0 0 0 0 9 0 0 0 0 0 13 1 68 2 0 0 0 0 0 0 0 0 0 0 0 0 0 0 0 4 13 0 0 0 0 
 1 4 0 0 2 0 0 0 2 0 0 0 0 0 0 2 0 2 0 1 2 0 0 0 0 0 0 12 0 0 0 2 0 0 0 0 0 0 0 0 31 41 80 43 366 77 32 360 29 39 123 0 37 56 80 249 100 311 36 34 3 0 0 0 0 0 56 19 53 0 0 3 53 0 54 0 6 2 69 10 0 0 0 0 0 0 0 0 0 0 0 0 0 0 0 0 0 0 0 0 0 0 0 0 0 14 0 0 0 0 0 0 0 0 0 0 0 0 0 0 0 0 13 0 21 19 0 0 0 11 0 4 0 0 0 13 0 0 0 0 28 0 0 10 0 0 20 2 0 0 1 0 5 19 46 0 1 0 17 8 0 0 0 0 0 0 0 0 0 0 0 0 1 0 0 0 6 0 2 0 0 0 0 0 0 0 0 0 0 0 0 0 0 0 0 0 0 0 0 0 0 0 0 21 11 30 0 0 16 0 0 19 0 0 0 0 0 19 0 0 17 28 28 9 0 0 37 9 0 2 0 11 20 15 11 1 0 9 19 11 0 0 0 0 0 2 0 0 0 0 0 5 0 0 0 0 0 0 0 3 0 1 2 0 38 15 4 0 2 0 0 0 0 0 0 0 0 0 0 0 0 0 0 0 0 0 0 0 0 0 
 3 0 0 3 0 0 3 0 0 0 0 0 0 0 0 0 0 0 0 0 2 0 62 123 62 0 0 13 0 57 131 65 0 0 2 2 65 62 0 0 121 52 84 266 282 42 412 181 99 63 46 37 0 133 323 126 115 239 240 132 0 0 0 0 0 13 0 0 0 0 19 0 0 1 0 0 0 0 0 1 0 0 0 0 0 0 0 0 0 0 0 11 0 0 0 0 0 0 0 0 0 0 0 0 18 4 0 0 0 0 0 12 0 0 0 0 10 0 0 0 30 16 7 0 1 0 11 14 0 0 6 9 4 11 23 0 6 4 18 0 9 0 0 0 0 5 18 0 0 21 0 0 7 35 0 0 0 0 0 0 0 0 0 0 0 0 4 0 0 0 0 0 0 0 0 0 0 0 0 0 11 1 0 15 0 0 6 0 1 0 0 14 0 0 0 16 18 21 0 0 1 19 0 8 0 0 19 1 0 0 7 0 17 15 30 0 0 0 0 6 0 0 0 0 0 0 0 0 2 0 0 0 0 0 0 0 0 0 0 0 0 0 0 0 0 0 0 0 0 0 0 3 0 0 0 0 0 0 1 0 0 0 65 0 0 0 1 0 0 0 0 0 0 0 0 0 0 0 0 0 0 0 0 0 21 8 0 0 0 0 
 0 61 36 0 0 0 0 29 0 6 0 0 0 2 0 0 0 0 0 0 2 0 1 2 80 4 0 2 1 7 36 4 3 0 2 3 1 62 1 0 57 170 36 98 278 58 102 110 114 366 91 56 133 0 83 252 32 329 76 171 2 3 1 0 2 0 4 0 0 0 2 2 0 0 0 2 0 0 0 3 0 0 0 0 0 0 0 0 0 0 0 0 0 0 0 0 0 0 0 0 0 0 0 0 16 0 0 0 0 0 0 0 0 0 0 0 0 0 0 0 35 15 8 23 22 0 16 25 47 3 37 4 22 6 41 11 40 31 1 0 6 0 0 0 0 0 2 0 0 0 0 0 6 14 0 0 0 0 0 0 0 0 0 0 12 0 0 0 0 0 0 0 0 0 0 0 0 0 0 0 0 0 0 14 13 29 0 0 0 2 0 6 0 0 0 0 0 0 0 0 0 51 11 29 0 0 10 1 0 10 17 0 6 32 3 53 7 0 17 3 0 8 0 0 0 2 0 0 0 0 0 0 13 0 0 0 0 0 0 0 0 0 1 0 0 1 0 0 0 0 0 9 0 1 0 0 0 3 9 2 0 0 1 0 2 0 0 67 0 0 0 0 2 0 0 0 0 0 0 0 0 2 0 0 19 0 0 0 1 0 
 0 0 0 0 0 0 0 0 0 1 0 0 0 0 60 0 0 0 0 0 51 0 0 65 63 62 0 0 0 65 0 58 0 1 2 0 0 0 0 2 389 37 52 45 282 292 101 180 93 82 130 80 323 83 0 440 106 49 162 137 0 0 0 0 0 0 0 0 0 0 0 0 0 0 0 0 0 4 0 0 0 0 0 0 0 0 0 0 0 0 0 0 0 0 0 0 0 0 0 0 0 0 0 0 10 30 0 0 0 0 0 1 0 0 0 0 0 0 0 0 18 1 7 0 19 0 13 0 0 20 11 9 31 14 57 7 10 9 39 0 17 0 0 0 0 0 19 0 0 0 0 0 0 16 0 0 0 0 8 0 0 0 0 0 0 0 0 0 0 0 1 0 0 1 0 12 23 0 0 0 0 0 0 11 0 18 5 0 19 0 0 0 0 0 0 7 33 2 0 0 0 0 1 19 4 12 57 4 25 28 10 3 0 4 21 1 43 18 0 0 7 0 0 0 0 7 0 0 0 0 0 0 2 0 0 0 0 0 0 0 0 0 0 0 0 0 0 0 0 0 0 15 0 2 0 22 0 0 0 7 0 0 64 0 2 12 0 0 0 0 6 0 0 0 0 0 0 0 0 0 0 0 7 0 8 12 0 0 1 0 
 0 1 2 4 2 0 0 0 2 10 5 0 0 0 0 0 54 0 0 0 3 0 0 0 3 68 0 0 0 3 0 1 15 6 0 0 0 0 0 0 129 35 170 116 303 162 175 110 198 177 81 249 126 252 440 0 187 684 35 120 0 0 0 0 0 1 4 0 0 3 6 0 22 0 0 0 0 3 55 20 0 0 0 1 7 0 0 0 0 0 0 0 0 0 0 0 0 7 0 0 0 10 0 0 6 0 56 0 0 0 0 0 0 36 0 5 0 0 0 6 26 32 3 12 0 15 0 20 44 0 22 45 0 9 11 7 2 19 0 1 4 0 0 0 0 0 19 0 0 0 0 0 7 0 2 0 0 0 0 0 0 0 0 0 0 2 0 0 0 0 16 5 3 8 0 0 27 0 0 0 0 0 0 0 0 0 0 0 0 0 0 0 0 0 0 0 0 0 0 0 7 37 0 9 8 0 8 24 11 1 13 13 8 15 0 0 0 9 11 11 7 7 0 0 0 0 0 7 40 0 0 0 0 0 0 0 0 0 0 0 0 0 0 0 0 0 3 0 0 25 0 6 0 1 0 0 0 0 0 26 0 0 1 66 0 0 2 1 0 0 0 0 0 0 0 0 0 0 0 0 0 0 0 0 30 4 0 0 1 0 
 0 0 0 2 0 0 0 0 0 0 0 2 63 0 0 0 0 1 0 0 0 0 0 0 0 0 0 1 0 3 0 8 0 2 0 0 0 0 0 0 126 41 56 267 74 147 98 250 36 229 166 100 115 32 106 187 0 124 106 305 0 0 0 1 0 4 0 0 0 0 5 0 23 0 0 0 5 0 65 25 0 0 21 0 0 0 0 0 0 0 0 0 0 0 0 0 0 0 0 0 0 0 0 0 0 0 0 0 0 0 0 0 0 0 0 0 0 0 0 0 0 13 0 9 0 16 7 4 0 13 0 22 0 0 14 1 3 19 0 0 25 0 33 0 0 4 19 0 9 0 0 0 10 5 9 0 0 0 13 14 0 0 0 0 0 0 0 0 0 0 38 0 2 3 0 0 7 0 0 0 0 0 0 0 0 0 0 0 0 0 0 0 0 0 0 0 0 7 0 0 0 11 9 10 22 25 0 7 0 0 11 26 0 9 4 0 20 5 30 1 6 7 0 0 0 0 0 22 0 0 0 0 24 13 0 0 1 0 1 21 0 0 24 0 0 0 2 0 0 0 0 4 0 2 0 0 0 0 0 17 0 0 37 64 0 1 0 2 0 0 8 0 0 0 0 0 0 0 0 0 0 0 0 0 21 0 0 0 1 0 
 0 0 0 0 4 0 0 0 0 2 0 0 0 2 0 0 0 0 0 2 0 0 0 0 0 53 0 0 0 0 0 2 0 4 4 0 64 0 2 0 132 32 122 94 40 64 225 52 161 63 51 311 239 329 49 684 124 0 115 134 0 10 0 7 0 3 2 0 0 1 0 0 0 0 0 0 3 0 0 1 0 0 0 0 0 0 0 0 0 0 0 0 0 0 0 0 0 0 0 0 0 0 0 0 0 0 0 0 0 0 0 0 0 0 0 0 0 9 0 0 57 60 26 12 5 16 0 14 16 0 41 11 0 8 21 13 19 11 0 12 11 0 0 0 0 0 5 0 0 13 0 0 19 6 0 0 0 10 0 0 0 6 0 0 0 0 0 0 0 0 0 0 0 0 0 0 0 0 0 0 0 0 0 0 0 1 0 0 0 0 0 0 0 0 0 0 0 0 0 0 55 42 13 8 15 0 0 3 0 0 8 0 2 18 9 1 0 15 10 14 0 0 0 0 3 0 0 0 0 0 1 0 0 0 0 0 0 0 0 0 0 0 0 0 0 0 0 0 0 0 0 5 0 2 0 0 0 1 0 1 0 2 62 2 1 1 1 0 0 0 1 0 0 0 0 2 0 0 0 0 0 3 0 0 51 10 0 0 0 0 
 0 0 0 0 0 0 0 0 0 0 0 0 0 0 1 0 0 3 0 1 0 0 0 0 0 3 0 72 0 2 0 54 2 0 0 0 62 0 0 4 58 40 81 63 61 258 88 206 358 56 240 36 240 76 162 35 106 115 0 142 0 3 0 0 0 0 0 0 0 0 0 1 0 0 6 0 0 15 0 0 0 0 0 0 0 0 0 0 0 0 0 0 0 0 0 0 0 0 0 0 0 0 0 0 25 0 0 0 0 0 0 0 0 0 6 0 0 0 1 0 5 14 23 0 4 8 8 25 0 0 0 11 29 3 5 4 11 11 17 12 0 0 0 0 0 0 0 0 0 6 0 0 0 0 0 0 0 5 0 0 0 0 0 0 0 0 7 0 0 0 0 13 0 0 0 0 0 0 0 0 0 1 0 0 0 23 0 0 0 0 0 2 0 0 0 23 0 0 0 0 14 7 0 0 12 0 4 18 32 11 0 0 9 28 25 10 63 20 13 23 0 0 0 0 0 0 0 0 0 0 6 0 0 0 0 0 0 0 0 0 0 0 0 0 0 0 0 0 0 0 0 15 0 0 0 0 0 0 62 0 0 0 1 0 0 4 0 0 0 0 9 0 0 0 0 5 0 0 0 0 0 0 0 0 31 0 0 0 0 0 
 4 6 3 3 5 3 6 3 5 3 9 4 4 2 3 4 2 2 3 2 5 5 5 6 68 124 3 8 3 15 8 7 3 3 3 5 4 5 3 3 269 104 41 308 80 71 191 349 63 92 77 34 132 171 137 120 305 134 142 0 3 0 0 0 7 0 2 0 0 3 0 2 0 2 0 1 2 10 0 5 0 0 0 0 0 0 0 0 0 0 0 0 0 0 0 0 0 0 0 0 0 0 0 0 0 0 0 0 0 0 0 0 0 0 0 0 0 0 17 0 12 22 8 28 0 0 38 0 21 0 7 10 61 13 65 23 66 21 22 21 4 0 0 0 0 0 3 0 0 0 0 0 5 13 0 0 0 0 0 0 0 0 0 0 0 0 0 0 0 0 0 0 0 0 0 0 0 0 0 0 0 0 0 0 0 20 0 0 0 0 0 0 0 0 0 0 0 0 11 0 10 21 0 16 0 0 18 19 0 17 7 0 0 9 10 0 11 10 0 7 0 1 0 1 0 0 2 0 0 1 0 0 0 0 0 0 0 2 0 1 0 0 0 0 0 0 0 0 2 0 0 10 3 0 0 0 0 1 0 0 1 0 66 0 2 0 0 0 2 0 4 0 0 0 0 0 0 0 0 0 0 0 0 0 7 12 0 0 0 9 
 49 2 0 2 0 0 0 0 0 0 0 0 5 0 0 5 0 2 0 0 0 0 0 0 0 0 0 0 0 3 0 1 0 0 0 0 0 0 0 0 2 0 0 0 54 0 0 0 0 2 0 3 0 2 0 0 0 0 0 3 0 81 162 95 39 50 157 122 131 40 283 100 63 324 101 86 104 32 74 321 0 0 2 0 0 0 0 0 0 0 9 0 3 0 0 0 4 2 8 0 0 0 0 0 0 0 4 0 0 0 0 0 0 0 0 0 0 0 0 0 0 0 0 0 8 20 0 0 0 0 0 0 0 0 2 0 1 0 0 0 0 22 4 8 0 0 0 0 0 27 10 38 0 6 14 8 1 13 0 9 0 18 0 2 0 9 11 0 7 0 3 2 0 17 2 0 0 0 0 0 0 0 0 0 0 0 0 0 0 0 0 0 0 0 0 0 0 0 0 0 0 0 0 0 11 0 0 0 0 0 0 0 0 0 0 0 0 0 0 0 14 1 8 13 18 0 10 32 0 42 0 25 10 24 18 16 17 19 1 1 0 0 0 0 0 0 0 0 0 4 0 0 0 3 13 0 0 0 0 0 0 0 0 1 0 0 3 0 2 0 20 0 0 3 0 2 0 0 0 0 0 0 0 0 0 0 0 0 0 0 
