 0 256 376 239 164 38 512 264 53 127 36 35 37 42 156 182 114 39 42 40 0 0 1 3 0 2 0 0 2 3 0 2 0 0 2 0 2 127 2 0 0 0 3 0 0 0 0 0 0 1 3 0 0 0 0 0 5 3 0 2 0 0 16 2 0 3 0 0 0 0 0 44 0 3 0 0 0 6 0 0 1 10 15 1 31 0 0 44 41 14 25 7 32 0 10 14 0 31 0 25 0 0 0 0 0 0 0 0 0 0 0 0 14 0 0 0 0 0 0 0 0 0 0 0 0 0 0 0 0 0 0 0 0 7 0 0 0 0 0 0 0 0 0 0 0 13 16 0 0 0 0 0 0 0 0 0 0 0 0 0 14 0 0 10 11 0 15 0 41 0 2 0 19 33 9 35 20 22 0 20 0 0 0 0 0 1 0 0 0 0 0 0 0 0 0 0 0 0 13 0 0 1 0 0 0 0 0 0 0 0 0 0 0 0 0 0 0 0 0 0 0 0 0 0 0 0 0 0 0 0 0 0 0 0 0 0 0 0 0 0 0 16 0 0 0 1 176 0 1 1 0 6 0 0 0 0 0 0 0 0 0 0 15 0 0 0 0 0 0 0 0 0 0 0 0 9 0 0 0 0 0 0 0 0 0 0 0 0 0 1 
 256 0 342 133 227 344 137 188 157 221 128 24 41 144 363 124 165 26 346 223 0 0 3 3 0 2 3 0 2 6 3 4 0 0 0 3 0 4 27 0 2 0 3 3 0 1 0 0 0 2 3 2 0 2 12 2 4 10 0 4 0 0 59 2 0 2 0 3 0 0 2 5 1 6 3 3 0 4 0 0 25 11 54 0 14 0 14 17 19 17 41 14 10 9 0 9 0 12 0 29 10 0 0 0 1 0 13 0 0 0 0 0 9 0 0 0 0 0 0 0 0 0 0 0 0 9 0 0 0 0 0 0 0 0 0 0 0 0 0 0 0 0 0 0 0 0 0 15 0 0 0 0 0 0 0 0 0 10 0 0 3 1 2 1 11 18 14 0 14 0 103 10 3 15 31 27 24 18 0 0 0 0 0 0 0 0 10 0 0 0 0 0 0 11 0 0 0 22 9 13 0 0 0 0 0 0 0 0 0 0 0 0 19 0 0 0 0 0 0 0 0 0 0 0 0 0 0 0 0 0 0 0 0 0 0 0 0 0 0 0 0 1 0 0 0 0 17 0 115 89 2 7 23 0 0 0 0 0 0 0 0 0 10 0 0 0 0 0 0 0 0 0 0 0 0 22 14 0 0 0 0 0 0 0 0 0 0 0 0 0 
 376 342 0 338 323 128 289 374 262 408 173 109 52 35 186 140 145 185 253 44 0 0 2 3 207 3 43 0 2 3 0 2 76 0 0 206 0 127 78 1 0 0 3 0 0 0 0 0 0 2 3 0 0 0 0 0 2 3 0 2 0 0 0 0 0 2 0 0 0 0 0 0 0 2 0 0 0 2 0 0 10 0 0 18 0 14 0 11 17 7 22 12 14 15 28 0 0 0 0 22 22 16 0 12 0 0 4 0 0 0 0 0 0 16 0 0 0 0 0 0 0 0 0 0 0 0 0 0 0 0 0 0 0 0 0 0 0 9 20 0 0 0 0 0 0 0 0 5 0 0 0 0 0 0 0 0 0 6 0 0 17 17 11 17 0 18 7 14 38 0 7 27 26 0 0 14 38 0 0 14 11 0 0 0 0 1 27 0 0 0 0 0 0 2 0 0 0 0 9 25 0 0 0 0 2 0 0 0 0 0 0 0 0 1 0 0 0 0 0 0 0 0 0 0 0 0 0 0 0 1 0 0 0 0 0 0 0 0 0 0 0 0 0 0 0 1 1 1 0 0 0 6 0 0 0 0 0 0 0 0 0 0 0 0 0 0 0 0 0 0 0 0 0 0 0 0 11 0 0 0 0 0 0 0 0 2 0 0 0 0 
 239 133 338 0 185 147 154 525 93 128 73 496 70 67 100 332 89 201 168 155 76 150 1 3 0 2 0 75 2 3 4 2 141 81 5 0 0 0 2 1 0 0 3 0 0 0 0 0 0 0 6 0 0 72 0 0 3 5 2 2 0 2 0 3 0 4 0 0 0 1 0 3 0 3 0 58 0 2 0 3 61 19 17 0 29 10 0 0 7 14 74 0 9 0 0 14 34 13 0 18 17 21 0 0 0 0 1 14 10 0 0 0 38 13 62 6 17 0 5 2 0 0 0 0 0 0 0 0 0 0 0 0 0 0 0 0 0 0 0 0 0 0 0 0 2 0 4 0 0 0 0 0 0 0 0 6 0 0 1 0 0 0 21 11 2 0 30 1 8 16 18 15 0 0 18 48 0 0 2 7 1 19 0 0 0 0 0 0 0 0 0 0 14 0 29 21 0 0 23 0 0 0 0 0 0 0 0 0 0 0 0 0 0 0 0 0 0 0 0 1 0 0 0 0 0 0 0 0 0 0 0 2 0 0 0 0 2 0 0 0 0 1 0 0 0 0 71 1 0 3 0 7 0 0 0 11 0 0 0 0 0 0 11 0 0 0 0 0 0 0 0 0 0 1 0 0 0 0 0 0 0 0 0 0 0 0 0 0 0 0 
 164 227 323 185 0 94 176 574 100 195 134 199 60 64 338 83 551 132 69 83 74 74 1 3 0 3 72 0 2 3 0 2 2 1 73 74 75 74 169 0 1 0 22 0 1 0 0 0 0 3 3 0 0 0 0 0 1 10 0 2 0 1 4 1 2 6 3 2 1 0 52 0 6 7 0 33 1 2 2 0 13 21 31 10 25 1 0 0 0 9 9 0 0 0 0 13 0 31 0 13 25 15 0 0 0 0 12 16 9 0 0 0 23 0 0 0 0 0 10 8 0 0 0 0 0 0 0 0 0 0 0 0 0 0 0 0 0 0 0 0 0 0 0 0 0 0 0 2 0 0 0 0 0 0 3 0 0 9 0 0 1 0 11 1 23 16 0 14 0 0 12 11 1 12 0 11 31 0 0 0 8 0 0 0 13 0 13 0 0 0 0 0 0 14 11 14 12 0 40 0 0 0 0 0 0 0 0 0 0 0 0 0 0 0 0 0 0 0 0 0 0 15 0 0 0 0 0 0 0 0 0 0 0 0 0 0 0 0 0 0 0 19 0 0 0 0 91 0 0 95 3 13 9 0 0 0 2 0 0 0 17 0 20 0 0 0 0 0 0 0 0 0 0 0 0 3 0 0 0 0 0 0 0 0 0 0 0 0 0 0 
 38 344 128 147 94 0 33 21 48 95 91 212 29 38 66 64 96 149 54 39 150 113 0 3 0 3 151 27 2 5 0 2 9 64 74 75 0 77 322 74 0 0 3 0 0 1 0 0 0 2 3 0 0 0 5 2 3 3 0 2 0 3 0 0 0 2 0 0 0 2 0 0 0 2 0 1 0 2 2 0 2 0 0 39 0 1 0 0 0 12 18 23 0 0 0 0 26 0 0 1 43 30 0 0 0 0 53 24 12 0 0 0 56 1 30 10 0 0 21 28 0 0 0 0 0 0 1 0 0 0 0 0 0 0 0 0 0 2 0 1 14 0 0 0 0 0 0 4 0 0 0 0 0 0 0 0 0 2 0 0 0 0 11 15 2 30 0 0 0 0 0 19 0 0 5 0 17 12 0 0 10 14 3 1 0 0 14 20 18 1 0 0 31 15 25 14 31 0 56 5 0 0 1 0 0 0 0 0 0 0 0 0 16 0 0 0 0 0 0 0 0 0 0 0 0 0 0 2 0 0 0 0 0 0 0 0 0 0 20 0 0 0 0 0 0 8 0 0 11 47 0 9 0 0 0 0 0 0 0 0 0 0 0 0 0 0 0 0 0 0 0 0 0 0 0 0 0 35 0 0 0 0 0 0 0 0 0 0 0 0 
 512 137 289 154 176 33 0 237 77 31 44 37 437 51 144 166 174 34 230 447 0 3 3 3 1 2 2 3 5 3 0 2 1 1 4 0 0 2 2 0 0 0 4 2 0 0 0 0 0 3 3 1 0 0 0 3 5 3 0 2 0 0 0 1 3 5 0 0 0 0 3 3 0 3 0 37 1 6 0 0 18 4 16 0 23 0 15 27 21 19 36 0 38 11 32 18 17 25 2 17 2 0 0 0 0 0 0 0 0 0 0 0 11 0 0 0 0 0 0 0 0 14 0 0 0 0 0 1 0 0 0 0 0 0 0 0 0 0 0 0 0 0 0 0 0 0 11 0 0 0 0 0 0 0 0 0 0 0 1 0 5 68 0 0 7 0 93 0 35 20 19 0 19 0 34 45 38 0 0 34 0 0 0 0 0 0 0 0 0 0 0 0 0 0 0 0 0 0 0 0 0 0 0 0 0 0 0 0 0 0 0 0 0 0 0 0 0 0 0 0 0 0 0 0 0 0 0 0 0 0 0 0 0 0 0 0 0 0 0 0 0 3 0 0 0 2 46 0 0 2 0 0 0 0 0 0 0 0 0 0 0 0 24 0 0 0 1 0 0 0 0 0 0 0 0 0 0 0 0 0 0 0 0 0 0 0 0 0 0 0 
 264 188 374 525 574 21 237 0 186 56 123 77 239 176 298 213 98 117 113 182 1 0 1 3 0 8 0 0 2 3 0 2 76 5 2 5 1 79 4 1 3 2 3 0 0 5 3 0 0 1 3 0 0 0 0 0 5 3 0 2 0 3 1 3 32 4 0 1 2 0 0 2 0 3 31 33 0 2 0 3 65 44 39 14 10 16 0 0 2 41 18 0 39 0 14 12 24 12 0 18 0 0 0 0 0 1 0 0 2 0 0 0 53 0 0 0 0 0 0 0 0 0 3 0 0 0 0 0 0 0 0 0 0 0 0 0 12 0 0 0 0 0 0 0 0 0 5 0 0 0 0 0 1 0 0 0 0 0 0 0 19 9 0 0 3 19 46 7 31 21 18 0 16 1 18 32 15 1 0 13 0 22 14 0 0 0 11 0 0 0 0 0 0 0 0 0 0 0 14 1 0 1 0 0 0 0 0 0 0 0 0 0 0 0 0 0 0 0 0 1 0 0 0 0 0 0 0 0 0 0 0 0 0 0 0 0 0 0 4 0 0 1 0 0 0 2 54 0 0 1 0 5 0 0 0 0 0 0 0 1 0 0 12 0 0 0 0 0 0 0 0 0 2 0 0 0 0 0 0 0 0 0 0 11 0 0 0 0 0 0 
 53 157 262 93 100 48 77 186 0 192 234 239 186 94 361 73 212 211 58 148 2 0 2 3 5 2 0 0 70 3 0 2 74 1 0 0 1 0 142 77 0 0 3 0 2 0 0 2 0 0 3 0 2 3 0 0 3 3 0 6 0 0 4 3 0 5 3 2 0 0 0 0 0 32 0 0 0 2 0 0 2 8 10 11 12 9 0 0 44 0 0 5 1 36 20 60 1 24 16 19 14 0 0 0 0 0 13 0 0 0 0 0 0 10 0 0 0 0 0 0 0 0 0 0 0 0 0 0 0 0 0 0 0 0 0 0 0 0 0 0 0 0 0 0 0 0 0 5 0 8 0 0 0 0 0 0 0 5 0 0 0 20 26 0 1 10 1 27 0 22 8 25 24 0 1 1 40 26 14 30 0 0 0 0 0 0 30 0 0 0 0 0 0 0 0 0 0 0 10 1 0 0 0 0 0 0 0 0 0 0 0 0 0 0 0 0 0 0 0 11 2 0 0 0 0 0 0 1 0 0 22 0 0 0 0 0 0 0 0 0 0 0 0 0 0 4 1 0 1 95 2 8 9 0 0 0 0 0 0 0 0 0 0 0 0 0 0 0 0 0 0 0 0 0 0 0 14 0 0 0 0 0 0 0 0 0 0 0 0 0 
 127 221 408 128 195 95 31 56 192 0 133 128 41 52 130 318 511 284 55 318 0 1 0 3 0 2 146 0 2 3 1 2 0 0 85 0 0 2 80 76 0 0 3 0 0 0 0 0 0 63 3 0 0 0 0 0 3 3 0 2 0 0 0 1 2 3 0 3 29 0 0 0 0 3 0 0 0 2 0 0 9 12 28 12 44 0 9 30 43 46 53 59 2 16 7 19 0 35 0 19 32 13 0 0 0 0 19 0 0 0 0 0 0 0 0 0 0 0 0 0 0 0 0 0 0 0 0 0 0 0 0 0 0 0 0 0 0 0 0 0 0 0 0 0 0 0 4 0 0 0 0 0 0 0 0 0 0 0 0 0 11 0 17 17 3 2 0 44 0 0 29 17 10 19 7 0 33 21 0 13 0 11 0 0 0 0 0 0 11 0 0 0 0 0 0 0 0 0 0 0 0 0 0 0 0 0 0 0 0 0 0 0 0 0 0 0 0 0 0 0 3 0 0 0 0 0 0 0 0 0 0 0 0 0 0 0 0 0 0 0 0 0 0 0 0 4 50 0 51 2 28 2 0 0 0 0 0 0 0 0 0 0 0 0 0 0 0 0 0 0 0 0 0 0 0 37 50 0 0 0 0 0 0 0 0 0 0 16 0 0 
 36 128 173 73 134 91 44 123 234 133 0 230 36 93 457 207 437 214 46 76 0 3 0 3 0 2 93 0 2 3 0 2 103 0 0 0 1 3 2 75 0 0 3 0 0 29 0 0 0 2 3 0 0 0 0 0 3 3 0 2 0 0 9 0 0 2 0 5 0 0 0 0 0 5 0 0 0 2 0 0 0 12 15 46 31 20 0 0 32 35 10 9 0 20 9 35 6 10 0 17 0 24 0 0 0 0 1 8 15 0 0 0 13 10 14 0 0 1 7 1 0 0 0 0 0 0 0 0 0 0 0 0 0 0 0 0 0 0 0 0 0 0 0 0 0 0 0 0 19 0 0 0 0 0 0 0 0 0 0 18 0 0 29 19 16 0 0 0 0 13 6 10 1 14 0 0 20 22 0 0 23 0 0 0 0 0 0 0 0 0 0 0 0 0 0 0 40 0 19 10 0 0 0 0 0 0 0 0 0 0 0 0 0 0 0 0 0 0 0 20 0 0 0 0 0 0 0 0 0 0 0 0 0 0 0 0 0 0 0 0 0 14 0 0 0 4 2 2 0 88 0 10 10 0 67 0 0 0 0 0 0 2 0 0 0 0 0 0 0 0 0 0 0 0 0 0 10 19 0 0 0 0 0 0 0 0 0 0 0 0 
 35 24 109 496 199 212 37 77 239 128 230 0 34 12 29 67 80 202 25 42 0 0 1 3 0 2 3 1 2 3 2 2 108 35 227 0 0 0 45 130 0 0 3 0 0 74 0 0 0 1 3 0 0 0 0 0 5 3 0 2 4 0 0 1 0 3 0 0 0 1 0 0 0 3 7 0 0 2 0 0 11 16 10 1 4 43 0 2 0 18 1 17 0 0 1 20 6 16 14 1 25 14 0 0 14 0 19 0 19 1 0 0 0 11 7 13 13 0 12 7 0 0 0 0 0 0 0 2 0 0 0 0 0 0 0 0 0 0 0 0 0 0 0 0 0 0 0 5 0 0 0 0 0 0 0 0 0 6 0 2 0 0 19 18 0 43 0 4 13 20 14 50 0 0 2 0 11 12 10 0 2 25 0 0 0 0 11 0 9 0 0 0 23 0 0 13 0 0 16 7 0 0 0 0 0 0 0 0 0 0 0 0 30 0 0 0 0 0 0 17 0 0 0 0 0 0 0 0 0 0 0 15 0 0 0 0 0 0 0 0 0 0 0 0 0 0 0 0 2 0 0 6 0 0 0 0 0 0 2 0 0 0 0 0 0 0 0 0 0 0 0 0 0 1 0 1 0 0 0 0 0 0 0 0 0 0 0 0 0 3 
 37 41 52 70 60 29 437 239 186 41 36 34 0 316 46 133 44 26 173 497 4 1 1 3 0 2 0 0 2 3 0 2 0 0 2 0 0 0 2 0 0 0 3 0 0 0 0 0 0 1 3 0 1 0 0 0 5 3 0 4 0 0 1 2 0 3 0 0 0 0 0 0 1 3 0 0 31 2 0 0 22 0 0 0 15 0 40 27 11 0 0 25 2 67 28 33 0 0 70 18 0 0 0 0 0 0 0 0 0 0 0 0 0 0 0 0 0 0 0 0 0 0 0 0 0 0 0 0 0 0 0 0 0 0 0 0 0 0 0 0 0 0 0 0 0 0 0 0 0 0 0 0 0 0 0 0 0 0 0 0 41 67 11 0 0 0 18 7 0 13 18 0 12 0 17 0 11 0 12 45 0 0 0 0 0 0 0 0 0 0 0 0 0 0 0 0 0 0 0 0 0 0 0 0 0 0 0 0 0 0 0 0 0 0 0 0 0 0 0 0 0 0 0 0 0 0 2 0 0 0 0 0 0 0 0 0 0 0 0 0 0 2 0 0 0 3 2 2 4 0 2 0 0 1 0 0 0 0 0 0 0 0 1 0 0 0 0 0 0 0 0 0 0 0 0 0 0 0 0 0 0 0 0 0 0 0 0 0 0 0 
 42 144 35 67 64 38 51 176 94 52 93 12 316 0 278 34 28 30 120 272 0 0 2 4 0 2 0 0 5 3 1 2 0 4 7 3 4 0 2 0 67 0 3 1 0 0 2 0 0 1 6 0 0 3 2 0 5 5 2 2 2 2 59 4 2 4 1 7 0 0 0 11 1 8 0 0 42 4 0 4 14 49 9 24 0 0 13 11 10 0 0 0 0 19 33 24 2 0 15 7 0 0 0 0 0 0 0 12 0 2 0 0 0 0 0 0 0 0 2 1 11 0 0 0 0 0 0 0 0 0 0 0 0 0 0 1 0 0 0 0 2 0 0 0 0 2 0 0 0 0 0 0 0 0 0 1 0 0 0 0 9 0 2 0 0 0 1 10 2 0 4 0 0 11 10 3 0 10 33 20 0 0 0 0 0 0 0 0 0 0 0 0 0 0 0 2 2 0 0 0 0 0 0 0 0 0 0 0 0 0 0 0 0 0 0 0 0 0 0 0 0 0 0 0 0 0 0 0 0 0 0 0 0 0 0 0 0 1 2 0 0 0 0 0 0 2 2 0 0 88 2 18 11 0 0 0 0 0 0 0 0 0 0 0 0 0 0 0 0 0 0 0 0 0 0 0 0 0 0 0 0 0 0 0 0 0 0 0 0 15 
 156 363 186 100 338 66 144 298 361 130 457 29 46 278 0 266 96 138 154 56 0 1 18 3 0 2 0 0 2 3 0 2 74 1 1 203 0 0 2 0 0 0 3 0 0 0 0 0 0 0 3 0 0 0 0 0 6 3 0 2 0 0 1 3 8 3 0 0 0 0 0 0 0 3 0 36 0 2 0 0 10 16 29 27 28 14 0 16 37 72 35 23 29 27 47 9 25 15 0 15 0 0 0 0 0 0 0 0 0 0 0 0 0 0 0 0 0 0 0 37 0 0 0 0 0 0 0 0 0 0 0 0 0 0 0 0 0 0 0 0 0 0 0 0 0 0 0 2 0 0 0 0 0 0 0 0 0 0 0 0 26 0 0 6 2 0 22 6 11 34 0 0 18 33 27 23 10 20 0 0 10 0 0 0 0 1 10 0 0 0 0 0 0 2 0 0 2 0 9 9 0 0 0 0 2 0 0 0 0 0 0 0 0 1 0 0 0 0 0 0 0 0 0 0 0 0 0 0 0 1 0 0 0 0 0 0 0 0 0 0 0 18 0 0 0 4 2 0 7 1 1 9 0 10 0 0 0 0 0 0 0 0 0 0 0 0 0 0 0 0 0 0 0 0 0 0 0 0 0 0 0 0 0 0 0 2 0 0 0 0 
 182 124 140 332 83 64 166 213 73 318 207 67 133 34 266 0 252 51 225 136 0 2 1 3 2 3 0 0 2 3 1 2 3 0 1 2 0 3 2 74 1 0 5 0 0 0 0 0 0 3 3 0 1 0 2 0 1 4 0 4 0 0 0 0 0 2 0 0 0 0 33 2 0 2 0 48 0 5 0 0 8 24 19 23 55 1 32 15 41 64 61 14 24 27 5 14 28 44 0 37 0 0 0 0 0 0 10 0 0 0 0 0 14 0 0 0 0 11 0 0 0 0 4 0 0 0 0 0 0 0 0 0 0 3 0 0 0 0 15 0 0 0 15 0 0 1 4 0 0 0 0 0 0 9 0 3 0 0 0 0 12 0 11 1 29 0 10 13 11 36 35 0 0 10 0 10 15 0 0 9 0 0 0 0 0 0 0 0 0 0 0 0 0 0 0 0 0 0 20 7 0 0 0 0 0 0 0 0 0 11 0 0 0 0 0 0 0 0 0 1 0 0 0 0 0 0 0 0 0 0 0 0 0 0 0 0 0 0 0 0 0 17 0 0 0 0 88 1 3 0 23 11 0 0 0 0 0 0 0 0 0 0 14 0 0 0 0 1 0 0 0 0 0 0 0 13 64 0 0 0 0 0 0 0 0 0 0 0 0 0 
 114 165 145 89 551 96 174 98 212 511 437 80 44 28 96 252 0 185 41 223 0 0 2 3 0 3 0 0 2 3 0 2 0 0 2 0 1 0 2 0 1 0 3 0 0 65 0 0 0 3 3 0 0 1 1 0 3 3 0 2 0 0 15 0 6 2 0 6 0 0 0 0 0 4 0 0 0 2 0 0 25 23 34 7 28 1 9 14 106 45 26 15 9 29 8 1 0 58 0 25 10 0 0 0 0 0 12 0 0 0 0 0 11 0 0 1 0 2 0 0 1 0 0 0 0 0 0 2 12 0 0 0 0 0 0 0 0 0 0 0 0 0 0 0 0 0 0 0 0 0 0 0 0 0 0 0 17 7 0 2 0 0 1 21 21 13 32 18 1 0 45 10 11 11 25 15 11 15 0 2 2 0 0 0 2 0 0 0 0 0 0 0 0 0 0 0 0 0 0 0 0 0 0 0 0 0 0 0 0 0 0 0 0 0 0 0 2 0 0 0 0 0 0 0 0 0 0 0 0 0 0 0 0 14 0 0 0 0 0 0 0 1 0 0 0 0 90 1 1 87 13 10 12 0 1 0 0 0 0 0 0 0 19 0 0 0 0 0 0 0 0 0 0 0 0 44 14 0 0 0 0 0 0 0 0 0 0 0 0 0 
 39 26 185 201 132 149 34 117 211 284 214 202 26 30 138 51 185 0 36 51 0 2 0 3 0 3 47 0 2 3 73 2 137 24 1 0 0 0 4 76 1 0 3 0 0 0 0 0 0 3 3 43 0 0 0 0 3 3 0 2 0 0 64 0 0 2 0 0 0 1 0 0 0 2 0 0 0 57 0 0 14 1 12 14 9 39 1 0 1 19 1 0 0 1 0 13 0 22 0 10 25 14 0 0 0 0 15 0 0 0 0 0 0 13 12 9 0 0 9 0 0 0 0 0 0 0 0 0 0 0 0 0 0 0 0 0 0 0 0 0 0 0 0 0 16 0 0 0 0 0 0 0 0 0 0 0 0 9 1 0 0 0 16 91 0 29 0 8 11 17 14 44 0 1 0 1 19 11 0 0 8 0 1 0 0 0 0 0 0 0 0 0 70 0 0 0 0 0 27 41 0 0 0 0 0 0 0 0 0 0 0 0 0 0 0 0 0 0 0 34 0 0 0 9 0 0 0 0 0 7 0 0 0 0 0 0 0 0 0 9 0 0 0 0 0 0 89 0 2 2 0 6 0 0 0 0 0 0 0 0 0 0 0 0 0 0 0 0 0 0 0 0 0 0 0 16 0 0 0 0 0 0 0 0 0 0 0 0 0 0 
 42 346 253 168 69 54 230 113 58 55 46 25 173 120 154 225 41 36 0 193 0 0 2 3 0 2 0 0 2 3 80 3 2 2 2 74 1 0 2 0 0 0 3 0 5 0 0 0 0 0 3 0 0 31 0 0 5 3 0 2 0 0 29 2 0 3 0 0 0 0 0 0 0 3 0 35 0 2 0 0 13 10 0 0 0 0 30 35 23 30 0 22 22 10 0 13 10 9 16 37 0 0 0 0 0 0 0 0 0 0 0 0 0 0 0 0 0 0 0 0 0 0 0 0 0 0 0 0 0 0 0 0 0 0 0 0 0 0 0 0 0 0 0 0 0 0 4 0 0 0 0 0 0 0 0 0 0 0 0 0 10 0 12 0 0 0 3 0 22 25 4 0 20 0 6 4 10 0 20 14 0 0 9 0 0 0 36 0 0 0 3 0 0 0 0 0 0 0 0 0 0 0 0 0 0 0 0 0 0 0 0 0 0 0 0 0 0 0 0 0 0 0 0 0 0 0 2 0 0 0 0 0 0 0 0 0 0 0 0 0 0 1 0 0 0 0 0 0 0 2 2 9 0 1 0 0 0 0 0 0 0 0 0 0 0 0 0 0 0 0 0 0 0 0 0 1 0 0 0 0 0 0 0 0 0 0 0 0 0 0 
 40 223 44 155 83 39 447 182 148 318 76 42 497 272 56 136 223 51 193 0 0 0 2 3 0 7 0 1 2 3 0 2 0 2 1 0 0 1 2 0 0 0 3 0 0 2 0 62 0 2 3 0 0 0 0 0 3 3 0 2 46 0 48 0 0 2 0 0 0 0 0 7 0 2 0 0 0 2 44 0 75 15 0 1 0 0 11 14 0 0 11 26 12 16 1 9 0 50 39 12 0 0 0 0 71 0 0 0 0 0 0 0 20 0 0 0 0 0 0 2 0 0 0 0 0 0 1 0 0 0 0 0 0 0 0 2 0 1 20 1 2 0 0 3 0 1 0 0 0 0 2 0 0 0 0 2 0 0 0 0 19 38 12 0 13 0 21 14 0 0 26 0 34 0 17 5 0 0 14 1 0 0 0 1 0 0 0 0 0 0 0 0 0 0 0 0 1 0 0 0 0 0 0 0 0 0 0 0 0 0 0 0 0 0 0 0 0 0 0 0 0 0 0 0 0 0 0 0 0 0 0 0 0 0 0 0 0 2 0 0 0 0 0 0 0 2 87 0 39 2 0 3 0 0 0 0 0 0 0 0 0 0 17 0 0 0 0 0 0 0 0 0 0 0 0 10 0 0 0 0 0 0 0 0 0 0 0 0 0 0 
 0 0 0 76 74 150 0 1 2 0 0 0 4 0 0 0 0 0 0 0 0 213 55 224 194 51 79 47 66 166 116 35 269 117 196 37 289 84 46 41 0 0 0 0 2 0 0 0 0 0 3 3 0 0 3 0 1 0 3 0 3 0 0 0 0 0 0 0 0 3 42 0 0 4 0 0 0 5 0 0 0 0 0 51 0 0 0 0 0 0 0 0 0 0 0 0 0 0 0 16 44 56 0 13 11 0 22 22 16 11 16 10 26 10 21 10 13 22 39 30 0 1 0 0 0 0 0 0 0 0 0 0 0 22 0 0 0 0 0 8 6 0 0 0 0 0 0 0 0 0 0 0 1 0 0 0 0 0 0 0 0 1 0 10 0 56 0 0 9 0 0 0 0 2 6 0 0 0 13 0 47 5 1 0 0 9 19 57 26 24 0 10 38 33 35 37 32 12 4 11 0 0 0 0 0 0 0 0 0 0 0 0 0 0 0 0 14 0 43 0 0 0 0 0 0 0 0 0 0 0 0 0 0 0 0 0 0 0 10 0 0 0 0 0 0 0 0 0 0 74 0 0 0 0 12 0 0 0 0 1 0 0 0 0 0 0 14 0 0 0 0 0 0 0 0 0 0 0 0 0 0 1 0 0 0 0 0 0 0 2 
 0 0 0 150 74 113 3 0 0 1 3 0 1 0 1 2 0 2 0 0 213 0 411 141 20 34 324 241 336 559 114 31 129 137 128 112 25 186 136 273 0 0 0 0 3 0 0 0 5 0 18 9 0 0 2 1 1 0 4 0 2 0 0 2 0 6 0 0 0 2 3 0 0 0 0 0 0 3 0 0 0 0 0 0 0 0 0 0 0 0 0 0 0 0 0 0 0 0 0 1 12 12 0 0 37 10 0 30 11 0 11 0 28 8 43 10 14 10 33 42 29 10 0 0 0 0 0 0 1 0 0 0 0 1 0 0 0 0 10 0 1 0 0 0 13 0 0 2 0 0 0 0 6 0 0 0 0 0 0 1 0 2 0 7 0 12 0 0 6 0 0 10 0 0 0 0 0 1 0 0 11 20 5 14 29 10 14 0 20 0 27 0 27 8 53 18 13 0 56 11 2 0 0 2 0 0 0 0 0 0 0 0 0 0 0 0 0 0 0 16 0 0 0 0 0 2 0 0 0 0 0 1 0 0 0 0 0 0 0 0 0 0 1 0 0 1 0 0 0 0 0 0 0 0 10 2 2 0 20 4 0 0 0 0 0 0 0 1 0 0 0 0 0 0 0 0 0 0 0 0 0 10 0 0 0 0 0 0 0 0 
 1 3 2 1 1 0 3 1 2 0 0 1 1 2 18 1 2 0 2 2 55 411 0 152 120 87 176 182 444 345 186 34 338 62 59 57 136 34 110 132 0 0 0 0 3 0 0 0 0 0 3 2 0 0 3 0 2 0 3 0 2 3 1 0 0 0 3 0 0 2 3 25 0 1 4 0 6 3 1 0 0 0 0 0 0 0 0 0 0 0 0 0 0 0 2 0 0 0 0 8 12 8 9 19 27 0 39 18 0 42 21 12 12 13 0 1 26 0 0 27 31 0 0 0 0 0 0 0 0 1 0 0 0 0 0 3 1 0 14 9 0 0 0 1 0 0 0 0 0 0 0 0 3 0 0 0 0 0 0 1 0 0 0 0 0 0 0 0 0 0 0 0 0 0 0 0 2 4 0 0 2 22 52 12 19 15 0 24 11 14 17 24 0 10 7 1 12 0 12 11 13 8 0 0 0 0 0 0 0 0 0 0 0 1 11 0 8 0 40 0 0 0 0 0 0 0 0 0 0 0 0 0 0 0 0 0 0 0 2 0 0 0 0 0 0 0 1 0 0 0 0 0 0 0 14 0 0 9 1 2 17 0 0 0 0 0 0 0 0 0 0 0 0 0 0 0 1 0 0 12 0 0 0 0 0 10 15 0 0 0 
 3 3 3 3 3 3 3 3 3 3 3 3 3 4 3 3 3 3 3 3 224 141 152 0 164 127 351 138 257 198 67 301 90 63 190 140 81 214 81 70 0 0 0 0 2 0 0 1 6 0 3 3 3 0 3 3 0 0 6 0 3 0 0 0 1 0 2 3 0 3 3 0 0 0 0 0 0 3 0 0 0 0 0 0 0 0 0 0 0 0 0 0 0 0 0 0 0 2 0 0 19 16 17 15 19 8 23 11 17 17 0 17 0 30 0 12 10 9 0 0 1 19 60 0 0 0 0 0 0 0 1 0 0 10 1 0 0 0 36 8 5 0 0 0 0 0 0 0 0 0 0 2 0 0 0 0 0 0 0 0 1 0 0 0 0 0 0 0 0 0 0 0 0 1 0 0 0 3 0 0 21 18 9 10 11 0 0 35 10 16 10 33 0 21 9 12 15 9 0 2 0 19 9 0 0 0 74 13 3 0 11 0 0 0 35 21 17 0 15 11 0 0 7 0 0 0 0 0 0 0 0 0 0 0 0 0 0 0 0 0 0 0 0 0 0 0 0 0 0 0 0 0 0 0 6 0 2 0 77 3 10 8 0 0 0 0 9 0 0 0 0 0 0 0 0 0 0 0 0 0 0 11 0 0 0 0 21 0 0 0 
 0 0 207 0 0 0 1 0 5 0 0 0 0 0 0 2 0 0 0 0 194 20 120 164 0 455 65 135 168 176 214 290 86 73 389 539 52 334 73 75 0 0 0 0 2 0 0 0 0 0 3 3 97 0 83 0 0 0 3 3 3 0 0 0 0 0 0 0 0 2 3 0 0 0 0 0 0 3 0 0 0 0 0 0 2 0 0 0 0 0 0 0 0 0 0 0 0 0 0 0 0 2 9 22 14 10 0 0 0 3 12 0 0 0 0 3 0 27 0 0 0 9 0 0 0 0 0 2 11 1 0 0 0 24 12 45 9 0 0 27 12 11 4 0 0 0 0 0 0 0 0 0 2 0 0 0 0 0 0 0 0 0 0 0 4 0 0 0 0 0 0 0 0 0 0 0 2 0 0 0 1 0 0 14 0 21 0 47 35 0 1 29 0 0 11 1 13 14 0 0 28 2 0 19 0 0 13 13 0 0 1 0 8 28 33 0 9 0 25 0 1 0 0 0 0 0 1 0 0 0 0 5 0 0 1 0 0 0 0 0 0 0 11 0 0 0 0 0 0 1 0 0 0 0 4 0 1 1 80 2 4 9 0 0 0 0 13 0 0 0 0 0 0 0 0 0 0 2 0 2 0 0 0 0 0 19 0 0 0 0 
 2 2 3 2 3 3 2 8 2 2 2 2 2 2 2 3 3 3 2 7 51 34 87 127 455 0 33 67 135 151 162 304 32 266 42 389 161 75 47 50 0 0 0 0 3 0 62 0 1 0 3 2 63 0 15 59 2 0 3 0 2 0 2 0 0 0 0 0 0 1 7 0 6 0 10 0 28 3 0 0 0 0 0 0 0 0 0 0 0 0 0 0 0 0 0 0 0 0 0 0 0 0 0 16 19 9 0 0 0 9 24 0 0 0 0 10 9 0 0 0 33 13 2 0 0 0 5 0 11 0 0 0 6 20 16 26 10 0 20 27 4 1 24 0 0 0 0 0 0 0 0 0 0 0 0 0 0 0 0 0 0 0 0 0 0 0 0 0 0 0 0 0 0 0 0 1 0 0 0 0 0 7 2 18 60 32 0 12 28 22 0 18 0 0 14 10 0 17 0 0 50 12 3 19 0 0 0 1 0 0 0 0 13 14 58 0 62 1 63 28 0 0 0 0 0 0 0 0 0 0 0 0 0 0 0 0 0 0 0 0 0 0 0 0 0 0 0 0 0 0 0 0 0 0 15 1 0 87 38 0 2 7 0 0 0 0 0 0 0 0 0 0 0 0 0 0 0 0 0 13 0 9 0 0 0 18 0 0 0 4 
 0 3 43 0 72 151 2 0 0 146 93 3 0 0 0 0 0 47 0 0 79 324 176 351 65 33 0 442 159 70 46 36 320 129 416 207 145 113 88 67 0 3 0 0 4 0 0 0 0 0 3 2 0 0 3 0 1 0 3 0 2 0 0 0 0 0 0 0 0 2 3 0 0 0 0 0 0 3 0 0 0 0 24 18 0 14 1 0 0 6 0 0 1 0 0 27 1 0 0 0 34 27 38 0 6 0 13 0 6 26 0 0 7 18 7 0 31 1 25 41 0 0 0 0 0 0 0 0 0 0 0 0 0 0 0 0 0 0 0 0 0 0 0 6 0 0 0 0 13 7 0 0 8 0 0 1 5 0 1 0 0 2 0 17 0 11 0 0 3 0 0 20 0 0 1 0 17 0 0 2 34 41 25 10 1 0 24 13 0 19 23 10 9 18 27 7 24 26 0 28 0 0 0 0 0 0 1 0 0 0 0 0 0 0 0 0 0 0 0 0 0 0 0 0 8 0 0 0 0 0 0 0 0 0 0 0 0 0 0 0 0 0 0 0 0 0 0 0 0 0 0 0 0 0 11 0 0 1 0 1 2 2 0 0 0 0 7 0 0 0 0 0 0 51 0 0 0 0 0 0 0 0 0 0 1 0 7 0 0 0 
 0 0 0 75 0 27 3 0 0 0 0 1 0 0 0 0 0 0 0 1 47 241 182 138 135 67 442 0 175 346 110 95 229 231 71 35 329 79 330 128 4 0 0 0 3 0 0 0 6 0 3 64 0 2 3 0 4 0 3 0 2 0 0 0 0 0 0 0 0 2 3 1 0 0 0 0 0 5 0 0 0 0 0 0 0 2 0 0 0 0 0 0 0 0 0 0 0 0 0 0 2 10 13 14 10 6 0 2 10 19 11 0 16 29 7 12 28 4 34 31 0 0 0 0 0 0 21 0 0 0 0 0 0 0 0 0 0 0 19 1 0 0 0 17 0 0 0 0 0 9 0 0 5 0 0 0 3 0 0 0 0 6 0 0 0 0 0 0 6 0 0 12 0 0 0 0 0 0 0 0 1 11 26 22 14 7 1 10 10 20 22 25 30 0 35 6 14 10 21 35 12 0 0 0 0 0 0 0 0 0 0 0 0 0 0 0 0 0 0 42 0 0 0 0 0 0 0 0 0 0 0 0 0 0 0 0 0 0 0 0 0 0 0 0 0 0 0 0 0 0 0 0 0 0 2 0 2 5 78 0 1 0 0 0 0 0 0 0 0 0 0 0 0 0 0 0 0 0 0 11 0 17 0 0 0 19 0 0 0 0 
 2 2 2 2 2 2 5 2 70 2 2 2 2 5 2 2 2 2 2 2 66 336 444 257 168 135 159 175 0 423 221 132 203 91 175 215 128 444 89 75 1 0 0 0 3 0 0 0 0 0 3 4 3 0 2 0 1 0 3 0 72 0 0 0 0 0 0 0 0 1 3 49 0 2 0 0 0 3 0 0 0 0 9 0 0 0 0 0 14 0 0 0 0 0 0 0 0 2 0 0 7 9 22 44 23 0 10 0 24 56 14 11 0 21 0 12 22 21 0 14 0 0 0 0 0 0 0 0 0 0 0 0 0 21 0 0 0 0 4 39 5 0 0 0 0 0 0 0 0 0 0 0 1 0 0 0 0 0 0 0 6 0 0 1 0 24 0 0 0 0 0 0 0 16 0 0 0 0 0 0 8 11 22 34 0 48 0 48 38 18 8 9 24 31 14 19 0 3 0 1 13 1 0 0 0 0 10 0 0 0 0 0 0 0 0 0 1 0 15 0 0 0 0 0 0 0 0 0 0 0 0 0 0 0 0 6 0 0 0 0 0 0 0 0 0 0 0 0 0 0 0 1 0 0 9 2 0 0 0 1 1 0 0 0 0 0 0 0 0 0 0 0 0 0 0 0 0 0 0 0 0 1 0 0 0 19 11 0 0 2 
 3 6 3 3 3 5 3 3 3 3 3 3 3 3 3 3 3 3 3 3 166 559 345 198 176 151 70 346 423 0 342 52 54 152 156 89 136 123 373 99 0 0 0 0 3 0 0 2 0 0 3 2 62 0 3 1 1 0 3 0 2 0 0 0 0 10 0 0 0 0 3 0 0 0 0 0 0 3 0 0 0 0 0 0 0 0 0 0 0 0 0 27 0 0 0 0 0 0 0 0 0 27 33 16 24 0 0 0 14 21 76 2 0 9 0 20 9 24 19 0 0 0 0 0 0 0 1 0 0 0 0 0 1 12 0 0 9 0 0 7 2 0 0 0 0 0 1 0 0 0 0 0 0 0 4 0 0 0 0 0 8 0 0 0 0 2 0 0 0 0 0 0 0 0 0 0 0 0 0 0 11 13 26 27 8 40 14 26 26 17 11 0 14 48 17 12 14 1 7 0 0 0 0 0 25 0 14 67 0 0 0 0 10 9 0 0 0 0 70 3 0 0 0 0 0 0 0 0 0 0 0 0 0 0 0 0 0 0 0 0 0 0 0 0 0 0 0 0 0 0 0 0 0 0 2 1 0 84 0 3 3 2 0 0 0 0 0 0 0 0 0 0 0 0 0 0 0 0 0 0 0 0 0 0 0 17 0 0 0 0 
 0 3 0 4 0 0 0 0 0 1 0 2 0 1 0 1 0 73 80 0 116 114 186 67 214 162 46 110 221 342 0 54 123 118 151 195 108 114 35 157 0 0 0 0 6 3 69 0 0 67 6 9 1 0 2 1 4 3 3 0 2 0 0 0 0 3 0 0 0 2 3 0 0 0 2 0 0 3 0 0 0 2 0 0 0 0 0 0 0 0 14 0 0 0 0 1 0 0 0 0 0 10 2 12 55 9 0 0 5 23 64 16 0 11 0 11 2 32 0 0 30 0 0 0 0 0 0 0 10 0 1 0 0 1 0 11 43 0 8 12 1 0 0 0 0 0 0 0 0 0 0 2 4 0 0 0 0 0 0 0 5 0 0 1 0 0 0 1 0 2 0 1 0 5 0 0 0 0 0 0 10 26 13 31 47 35 0 13 30 8 25 7 0 68 0 0 0 9 0 10 27 0 0 1 1 0 0 15 0 0 0 0 18 24 21 0 12 0 0 13 0 5 0 0 0 0 0 0 0 0 0 0 0 0 2 0 0 0 0 0 0 0 7 0 0 0 0 0 0 0 0 0 0 0 10 2 6 76 2 1 5 0 0 0 0 0 0 0 0 0 0 0 0 0 0 0 0 0 0 11 0 2 0 0 0 20 0 0 0 0 
 2 4 2 2 2 2 2 2 2 2 2 2 2 2 2 2 2 2 3 2 35 31 34 301 290 304 36 95 132 52 54 0 246 309 44 286 72 185 35 46 127 0 1 0 3 0 62 79 1 0 3 2 62 0 141 60 0 0 3 1 2 0 0 0 0 1 0 0 0 1 7 0 3 0 44 2 0 3 0 0 0 0 0 0 0 0 0 0 0 0 0 0 0 0 0 0 0 0 0 0 0 0 20 54 0 30 0 10 0 0 0 12 0 7 6 28 0 0 0 0 9 15 20 0 0 0 4 0 6 20 24 13 6 20 0 0 0 20 69 3 0 0 0 0 0 0 2 0 5 0 0 0 0 0 1 0 0 0 0 0 3 0 0 0 0 0 0 0 0 0 0 0 0 16 0 0 0 1 0 0 0 0 13 56 29 10 2 0 13 9 2 14 0 0 0 0 29 21 1 0 25 14 10 18 0 0 40 55 19 0 13 0 0 12 20 37 39 0 2 26 0 0 0 0 0 0 0 0 2 0 1 0 13 0 0 0 0 0 0 0 0 0 0 0 0 0 0 0 0 0 0 0 0 0 9 1 2 153 2 6 22 0 0 0 0 0 0 0 0 0 0 0 0 0 0 0 0 0 0 0 0 0 0 2 0 0 0 0 0 0 
 0 0 76 141 2 9 1 76 74 0 103 108 0 0 74 3 0 137 2 0 269 129 338 90 86 32 320 229 203 54 123 246 0 106 110 29 53 33 69 167 64 0 0 0 3 0 0 0 0 0 3 1 1 0 2 0 2 0 3 6 2 0 0 0 0 0 0 0 0 2 3 0 0 15 0 0 0 3 0 0 12 9 0 21 14 28 0 0 0 8 28 0 0 0 0 14 23 19 0 0 20 43 10 0 30 0 18 11 25 28 20 0 0 46 26 0 27 0 0 0 0 0 0 0 0 0 0 0 0 0 0 0 0 14 0 0 0 0 0 1 0 0 0 4 0 0 0 0 0 2 0 0 7 0 0 0 0 0 0 0 0 0 20 75 1 0 0 0 0 18 0 1 0 9 0 0 19 2 0 0 38 45 19 13 0 11 0 13 2 17 18 12 16 25 0 0 0 0 32 12 0 0 0 0 0 0 0 0 22 0 0 0 0 0 0 0 0 0 0 27 12 0 0 0 0 0 0 0 0 0 0 0 7 0 2 0 1 0 0 0 0 14 0 0 0 0 0 0 0 1 0 0 0 0 8 0 1 0 0 3 0 8 0 2 0 0 32 0 0 0 0 0 2 0 0 0 0 13 0 0 0 0 0 0 0 0 10 0 0 0 
 0 0 0 81 1 64 1 5 1 0 0 35 0 4 1 0 0 24 2 2 117 137 62 63 73 266 129 231 91 152 118 309 106 0 99 35 73 45 97 255 0 0 0 0 2 0 0 0 3 0 6 3 0 2 5 0 2 2 5 0 3 0 0 0 0 2 2 0 0 2 3 2 0 0 1 0 0 3 1 0 0 1 0 26 0 30 14 0 0 0 13 0 0 0 0 0 13 0 0 0 11 0 24 2 9 9 10 25 0 19 1 11 14 16 1 49 22 0 19 18 3 0 0 0 0 0 0 0 0 0 0 0 0 0 0 0 0 0 12 0 0 0 0 6 0 0 2 0 0 5 0 0 0 0 2 7 4 0 0 0 0 0 0 9 0 18 0 0 11 0 0 19 2 0 3 0 0 11 0 0 1 17 34 33 47 1 15 44 1 15 20 12 21 1 6 0 9 27 1 19 0 0 0 0 0 0 0 0 0 1 0 0 0 0 0 16 0 0 0 11 0 0 1 0 0 0 0 0 0 0 0 0 0 0 0 0 23 0 0 0 0 0 0 0 0 0 0 0 0 24 0 0 0 0 4 0 2 4 76 0 0 0 0 0 0 0 0 0 0 0 0 0 0 0 0 0 0 13 0 0 0 12 0 0 0 0 0 0 0 0 
 2 0 0 5 73 74 4 2 0 85 0 227 2 7 1 1 2 1 2 1 196 128 59 190 389 42 416 71 175 156 151 44 110 99 0 413 209 315 78 309 0 0 0 0 3 0 0 0 0 0 9 1 85 0 3 0 0 0 3 0 2 0 0 0 0 0 0 0 0 1 3 0 0 0 0 0 0 3 0 0 0 0 0 15 0 0 0 0 0 0 0 9 0 0 0 0 0 0 0 0 31 26 0 20 13 22 8 8 25 16 8 14 13 20 8 0 26 60 11 30 0 6 0 0 0 0 0 0 0 0 0 0 0 0 0 0 0 0 1 37 11 0 0 0 0 8 0 0 0 0 0 0 0 0 0 0 0 0 0 0 0 11 0 0 5 12 0 0 3 0 0 13 0 0 1 0 0 0 0 0 8 12 0 4 0 0 6 15 17 8 24 14 1 9 11 10 0 0 0 5 13 0 0 0 0 0 3 0 0 0 0 0 0 11 1 0 0 0 0 0 0 0 0 0 0 0 0 0 0 11 0 0 0 0 0 0 0 0 0 0 0 0 0 0 0 0 1 0 0 1 0 0 0 0 5 3 2 0 0 0 71 0 0 0 0 0 8 0 0 0 0 0 0 49 0 0 0 0 0 9 0 0 0 0 0 0 0 0 0 0 
 0 3 206 0 74 75 0 5 0 0 0 0 0 3 203 2 0 0 74 0 37 112 57 140 539 389 207 35 215 89 195 286 29 35 413 0 96 143 46 61 74 0 0 0 3 0 77 0 7 0 3 8 0 0 4 0 0 0 3 0 2 0 0 0 0 0 0 0 0 2 3 1 0 0 0 0 0 54 0 0 0 0 0 0 0 0 1 0 0 0 0 0 8 0 0 0 0 0 0 0 21 17 37 23 28 0 25 0 22 16 0 27 0 21 0 11 12 0 18 42 44 0 0 0 0 0 0 0 0 0 0 0 0 0 0 0 0 0 38 2 0 0 11 0 0 0 1 0 1 0 0 0 0 0 1 0 0 0 0 0 3 0 0 0 0 10 0 0 0 0 0 0 7 19 0 0 0 0 0 0 45 18 10 2 9 0 17 15 15 30 9 24 0 58 22 0 34 30 2 0 0 0 0 0 0 0 3 0 0 0 0 0 0 16 13 0 0 0 0 46 0 0 0 12 0 0 0 0 0 0 0 0 0 0 0 0 0 0 0 0 0 0 19 0 0 0 0 0 0 0 0 0 0 0 15 2 3 3 75 2 19 11 0 0 0 0 9 0 0 0 0 0 0 0 0 0 0 0 0 0 0 15 0 1 0 0 12 0 0 0 
 2 0 0 0 75 0 0 1 1 0 1 0 0 4 0 0 1 0 1 0 289 25 136 81 52 161 145 329 128 136 108 72 53 73 209 96 0 66 43 115 3 0 2 0 14 1 0 0 0 0 3 1 35 0 2 0 7 2 3 0 2 0 1 2 0 0 0 0 0 2 37 0 0 1 0 0 0 3 0 1 0 0 0 0 0 8 0 0 0 0 0 0 0 0 0 0 0 2 0 0 23 17 11 0 18 7 18 0 31 35 0 20 0 20 2 0 36 16 0 22 12 33 0 0 0 0 0 0 0 0 0 0 0 0 0 22 0 0 6 18 0 0 0 9 0 0 0 0 0 6 0 0 0 0 0 3 9 0 0 0 0 0 0 0 0 27 0 0 0 0 0 0 0 0 0 0 0 5 0 0 21 32 12 25 6 0 0 40 7 30 10 90 20 25 0 12 0 0 0 2 0 14 0 0 0 0 2 7 0 0 0 0 0 16 10 1 9 0 29 0 0 0 0 0 0 0 0 0 0 0 0 0 0 0 0 0 0 0 0 0 0 0 0 0 0 0 0 0 0 0 0 0 0 0 12 0 1 4 82 1 0 0 0 0 0 0 10 0 0 0 0 0 0 0 0 0 0 0 0 0 0 0 0 0 0 0 9 0 0 0 
 127 4 127 0 74 77 2 79 0 2 3 0 0 0 0 3 0 0 0 1 84 186 34 214 334 75 113 79 444 123 114 185 33 45 315 143 66 0 27 33 0 0 0 0 3 0 0 0 3 0 3 2 0 0 3 0 1 0 3 0 2 0 2 4 0 0 0 0 0 2 7 0 0 0 6 1 0 3 0 0 0 0 0 0 0 2 0 0 0 0 0 0 0 0 0 0 0 0 0 0 24 35 22 6 29 10 18 14 33 11 16 11 0 46 2 20 22 3 18 29 3 0 19 0 1 0 0 0 0 0 0 0 0 22 0 0 0 0 22 8 6 0 13 1 0 0 0 0 0 0 0 0 1 0 0 0 0 0 1 0 1 0 1 0 0 10 0 0 0 0 0 0 0 2 0 0 0 0 0 0 48 19 14 8 14 9 16 13 30 24 18 20 0 43 33 10 35 26 0 0 0 0 0 0 12 0 11 0 0 0 0 0 0 0 0 0 0 0 26 11 0 0 0 0 0 0 0 0 0 0 0 0 0 2 0 0 0 0 0 0 0 0 0 0 0 0 0 0 0 0 0 0 0 0 12 0 0 3 75 3 12 0 0 0 0 0 12 0 0 0 0 0 0 0 0 0 0 0 0 0 0 12 0 0 0 0 11 0 0 0 
 2 27 78 2 169 322 2 4 142 80 2 45 2 2 2 2 2 4 2 2 46 136 110 81 73 47 88 330 89 373 35 35 69 97 78 46 43 27 0 176 0 0 0 9 6 0 61 46 1 0 3 32 0 0 3 3 2 0 6 0 2 0 0 0 1 0 0 0 0 1 3 0 0 0 0 0 0 3 0 0 0 0 0 0 0 0 0 0 0 3 0 28 0 0 0 0 0 0 0 0 25 68 16 0 0 0 22 3 33 11 10 0 12 0 17 0 34 14 21 54 0 0 0 0 0 0 0 0 0 0 0 0 0 0 0 0 0 0 0 0 0 0 0 0 0 0 0 5 0 0 0 0 0 0 0 0 0 8 0 0 0 0 1 0 0 42 0 3 0 0 10 22 0 0 0 0 15 0 0 0 20 55 27 1 0 1 20 0 13 1 19 0 6 17 40 27 15 9 19 0 0 0 0 0 0 0 0 0 0 61 0 0 19 0 0 0 0 0 0 0 0 0 9 0 0 0 0 0 0 0 0 0 0 0 0 0 0 0 0 0 0 0 0 0 0 0 0 0 0 0 0 0 0 0 7 1 0 1 0 0 3 0 0 0 0 0 0 0 0 0 0 0 0 0 0 0 0 0 0 0 0 0 0 0 0 0 0 0 0 0 
 0 0 1 1 0 74 0 1 77 76 75 130 0 0 0 74 0 76 0 0 41 273 132 70 75 50 67 128 75 99 157 46 167 255 309 61 115 33 176 0 0 0 0 0 3 2 0 0 1 201 3 2 0 0 2 0 1 0 3 0 2 0 0 0 0 0 0 79 0 0 3 0 0 0 0 0 0 3 0 0 0 0 0 0 19 43 0 0 0 10 0 6 0 1 0 22 40 19 0 0 13 23 2 0 1 0 20 12 27 37 4 0 1 2 1 2 21 11 0 8 0 0 0 9 0 0 0 0 0 0 0 0 0 9 0 0 0 0 0 2 0 0 0 9 0 0 0 0 0 6 0 0 7 0 0 0 5 0 0 2 12 0 21 2 18 15 0 0 17 44 0 13 0 0 1 0 1 16 0 0 12 32 27 30 1 47 11 0 9 0 33 2 27 10 0 12 1 0 0 24 0 0 0 0 0 0 0 0 0 0 0 0 0 0 0 0 0 0 0 21 0 0 0 0 0 0 0 0 2 0 0 0 0 0 0 0 0 0 0 0 0 0 0 0 0 0 0 0 0 0 0 0 0 0 10 2 0 0 0 1 2 2 0 0 0 0 0 0 0 0 0 0 0 0 0 0 2 0 0 0 0 0 0 2 0 0 0 0 0 0 
 0 2 0 0 1 0 0 3 0 0 0 0 0 67 0 1 1 1 0 0 0 0 0 0 0 0 0 4 1 0 0 127 64 0 0 74 3 0 0 0 0 405 80 117 238 45 253 389 90 65 235 40 106 128 411 46 133 33 54 281 0 0 1 0 0 0 1 0 2 2 0 0 3 0 0 1 0 0 4 0 0 18 0 0 0 0 0 0 0 0 0 0 0 0 0 0 0 0 0 0 0 0 0 15 0 0 0 9 0 0 0 8 0 0 0 0 0 0 0 0 36 11 15 0 0 1 0 0 24 44 4 11 53 10 11 10 0 0 7 0 0 0 8 0 0 0 0 0 5 0 0 0 38 0 0 0 0 0 0 0 0 0 0 0 0 0 0 0 0 0 0 0 0 0 0 0 1 0 0 0 0 0 0 0 9 0 0 0 0 6 0 0 0 0 0 0 0 11 0 0 1 21 26 0 1 0 21 0 12 14 15 0 0 7 27 10 15 25 0 15 0 0 0 0 0 0 0 0 0 0 0 0 14 0 0 0 0 0 0 22 0 0 0 0 0 0 0 0 0 0 0 10 0 0 0 0 0 62 0 0 0 0 0 0 0 0 4 0 2 0 0 0 0 0 0 0 0 0 0 0 0 9 0 0 0 0 0 1 0 32 
 0 0 0 0 0 0 0 2 0 0 0 0 0 0 0 0 0 0 0 0 0 0 0 0 0 0 3 0 0 0 0 0 0 0 0 0 0 0 0 0 405 0 168 135 38 30 151 68 223 210 63 61 48 396 104 94 60 56 242 84 0 35 0 0 0 0 1 0 0 0 11 0 3 0 17 2 0 0 0 0 0 0 0 0 0 0 0 0 0 0 0 0 0 0 0 0 0 0 0 0 0 0 0 0 0 0 0 0 0 29 0 0 0 0 0 0 0 0 0 0 0 0 11 0 3 2 1 74 37 1 5 10 54 1 25 3 6 16 11 0 0 0 0 0 0 0 3 9 5 0 1 0 4 3 0 7 0 0 12 0 0 0 0 0 1 0 0 0 0 0 0 0 0 0 0 0 0 0 0 0 0 0 0 0 0 0 0 0 0 0 0 0 0 3 0 0 0 0 0 0 0 49 24 25 9 0 0 0 29 0 19 43 0 0 0 0 0 38 0 0 0 0 0 0 0 0 0 0 3 0 2 0 1 4 0 0 0 0 12 1 0 0 0 0 0 0 0 0 0 0 0 0 0 0 0 0 0 0 0 0 0 0 0 0 66 13 2 0 0 0 0 0 0 0 0 0 0 0 0 0 7 0 0 0 0 14 0 0 0 0 
 3 3 3 3 22 3 4 3 3 3 3 3 3 3 3 5 3 3 3 3 0 0 0 0 0 0 0 0 0 0 0 1 0 0 0 0 2 0 0 0 80 168 0 127 120 33 61 150 64 132 190 40 65 86 69 107 73 239 100 114 0 0 2 0 0 0 102 0 0 2 0 0 99 0 1 0 0 0 50 0 0 0 0 0 0 0 0 0 0 0 0 0 0 0 0 0 0 0 0 0 0 0 0 14 0 0 0 0 0 12 0 0 0 0 0 0 0 0 0 0 0 1 8 25 11 0 10 27 1 20 7 18 13 0 15 11 0 10 0 0 0 0 0 0 0 0 39 0 0 0 0 0 23 23 11 0 0 0 0 0 0 0 4 0 0 0 0 0 0 0 0 0 0 0 0 0 9 0 13 0 0 0 0 0 0 0 0 0 0 0 0 0 0 0 0 0 0 0 0 0 0 7 0 32 29 16 0 0 18 24 0 38 0 0 0 0 0 0 0 0 27 1 24 0 0 0 10 0 0 3 0 0 15 9 3 0 18 0 0 0 0 0 0 0 0 0 0 0 0 0 0 5 0 0 0 0 0 0 0 8 1 0 0 1 1 3 0 67 0 0 0 0 0 0 0 0 0 0 0 0 0 0 0 0 9 28 0 0 0 0 
 0 3 0 0 0 0 2 0 0 0 0 0 0 1 0 0 0 0 0 0 0 0 0 0 0 0 0 0 0 0 0 0 0 0 0 0 0 0 9 0 117 135 127 0 87 33 129 415 136 519 68 322 46 140 344 101 172 391 300 139 0 0 2 2 0 0 1 0 0 2 4 0 56 0 3 3 0 4 0 52 0 0 0 0 0 0 0 0 0 0 0 0 0 0 0 0 0 0 0 0 0 0 0 0 0 0 0 0 0 0 0 0 0 0 0 0 0 0 0 0 0 0 21 0 0 10 0 10 36 51 0 14 0 21 4 10 8 2 0 0 0 3 0 0 0 3 0 0 0 14 0 0 1 1 0 0 0 0 0 0 0 0 0 0 0 0 0 0 0 0 0 1 0 0 0 0 0 0 2 0 0 0 0 0 0 0 0 0 0 0 0 0 0 0 0 0 0 0 0 0 0 22 17 0 11 5 0 0 10 17 37 14 0 2 0 17 0 18 0 0 8 0 0 0 0 0 8 0 0 0 0 0 39 0 0 21 7 15 11 23 0 0 0 0 0 0 0 0 0 0 0 3 0 0 0 0 0 0 0 10 0 0 1 0 71 2 4 0 0 0 0 0 0 0 0 0 0 0 0 0 0 0 0 0 8 0 0 0 0 2 
 0 0 0 0 1 0 0 0 2 0 0 0 0 0 0 0 0 0 5 0 2 3 3 2 2 3 4 3 3 3 6 3 3 2 3 3 14 3 6 3 238 38 120 87 0 173 47 282 54 95 229 178 99 105 104 74 52 40 59 87 50 10 0 50 2 0 0 66 0 1 1 60 0 101 49 2 0 0 0 0 0 0 0 0 0 0 5 3 0 0 0 0 7 0 0 0 0 0 0 0 0 0 0 0 0 0 0 0 0 0 0 0 0 0 0 0 0 0 0 0 0 11 0 14 50 21 0 10 0 1 0 13 0 2 1 5 19 0 0 0 26 2 0 0 1 4 0 9 0 0 0 0 22 25 27 36 0 6 38 3 0 0 1 0 0 0 0 0 0 0 0 0 0 0 0 0 0 0 0 0 0 0 0 0 0 0 0 0 0 0 0 0 0 0 0 0 0 0 0 0 0 19 19 0 32 9 0 0 19 1 0 0 0 0 0 10 17 8 0 0 11 17 0 0 0 0 9 9 0 28 0 0 1 33 30 7 3 1 21 25 0 0 10 0 0 0 0 0 0 0 0 5 0 0 0 0 0 0 0 2 0 0 3 66 0 3 3 7 2 0 17 0 0 0 0 0 0 0 0 0 0 0 0 0 0 11 0 0 0 0 
 0 1 0 0 0 1 0 5 0 0 29 74 0 0 0 0 65 0 0 2 0 0 0 0 0 0 0 0 0 0 3 0 0 0 0 0 1 0 0 2 45 30 33 33 173 0 51 43 113 52 131 61 63 59 270 70 58 278 40 70 55 53 0 0 3 0 97 86 0 70 5 0 0 1 27 3 0 5 52 52 0 0 0 0 0 0 0 0 0 0 0 0 0 0 0 0 0 0 0 0 0 0 0 0 0 0 0 0 0 0 0 0 0 0 0 0 0 0 0 0 0 0 0 0 10 21 0 10 0 0 0 10 0 0 0 0 0 0 0 0 13 0 0 0 1 2 8 11 8 0 0 0 21 10 1 34 33 2 7 26 0 0 0 0 0 0 0 0 0 0 0 0 0 0 0 0 0 0 0 0 0 0 0 0 0 0 0 0 0 0 0 0 0 0 0 0 0 0 0 0 0 0 0 0 2 0 0 0 0 0 0 0 0 0 0 0 0 0 0 0 10 59 0 5 0 0 3 21 30 20 1 2 8 19 69 10 11 6 21 12 11 0 0 0 0 0 0 0 0 0 0 8 0 0 0 0 0 0 0 19 0 0 1 1 0 1 1 0 0 0 2 0 0 0 0 0 0 0 0 0 0 0 0 0 0 0 0 0 6 0 
 0 0 0 0 0 0 0 3 0 0 0 0 0 2 0 0 0 0 0 0 0 0 0 0 0 62 0 0 0 0 69 62 0 0 0 77 0 0 61 0 253 151 61 129 47 51 0 402 73 248 42 99 198 147 154 114 167 261 69 202 0 0 2 0 0 1 0 0 0 1 0 0 0 0 3 0 0 0 0 0 0 0 0 0 0 0 0 0 0 0 0 0 0 0 0 0 0 20 0 0 0 0 0 10 0 10 0 0 0 0 0 14 0 0 0 0 0 0 0 0 59 11 0 0 0 7 17 7 14 5 4 1 28 0 7 10 9 30 7 0 0 0 5 0 0 7 0 0 5 0 0 0 0 0 0 0 0 0 4 0 0 0 0 0 0 0 0 0 0 0 0 0 0 0 0 0 0 0 0 0 0 0 0 6 14 10 0 0 0 6 0 0 0 0 0 0 0 10 0 0 9 0 18 10 1 0 14 0 8 0 12 0 31 27 17 0 70 16 71 37 0 0 0 0 0 2 16 0 0 0 0 0 0 0 0 0 0 0 0 50 0 0 0 0 0 0 0 0 0 0 0 5 0 0 0 0 0 79 1 0 0 0 1 0 0 3 0 0 0 0 0 0 0 0 0 0 0 0 0 0 0 9 0 0 0 0 0 10 0 0 
 0 0 0 0 0 0 0 0 2 0 0 0 0 0 0 0 0 0 0 62 0 0 0 1 0 0 0 0 0 2 0 79 0 0 0 0 0 0 46 0 389 68 150 415 282 43 402 0 395 26 37 267 169 146 319 59 99 29 219 197 0 0 1 15 0 0 0 0 0 1 0 0 3 0 0 2 0 0 2 0 0 0 0 0 0 0 0 0 0 0 0 0 0 0 0 0 0 0 0 0 0 3 0 0 0 0 0 0 0 0 0 0 0 0 0 0 0 0 0 0 50 17 79 6 0 1 4 27 20 37 10 21 32 11 27 21 0 6 0 1 0 0 0 0 0 0 0 0 0 0 0 0 1 0 0 0 0 0 0 0 0 0 0 0 0 0 0 0 0 0 0 0 0 0 0 0 0 0 0 0 0 0 0 11 0 1 0 0 0 0 0 0 0 0 0 0 16 0 0 0 0 0 30 22 1 0 5 11 14 12 10 19 3 0 18 21 57 5 0 0 0 0 0 0 0 0 0 0 0 0 0 0 17 0 0 0 0 0 32 4 0 0 10 0 0 0 0 0 0 31 0 10 0 2 0 0 0 0 2 0 0 0 0 0 0 0 0 2 0 0 0 0 0 0 0 0 0 0 0 0 0 0 4 0 17 0 0 1 1 0 
 0 0 0 0 0 0 0 0 0 0 0 0 0 0 0 0 0 0 0 0 0 5 0 6 0 1 0 6 0 0 0 1 0 3 0 7 0 3 1 1 90 223 64 136 54 113 73 395 0 121 91 138 93 255 625 174 332 139 172 247 5 0 2 0 0 0 0 0 0 2 2 0 109 0 0 1 0 0 0 51 0 0 0 0 0 0 0 0 0 0 0 0 0 0 0 0 0 0 0 0 0 0 0 0 15 8 0 5 0 0 0 0 0 0 0 0 0 0 0 0 4 0 29 0 2 17 52 18 28 15 9 14 20 44 5 23 36 19 5 0 0 5 0 0 0 3 0 0 0 0 0 0 0 1 0 0 0 0 6 0 0 0 0 0 7 0 0 0 0 0 0 6 0 0 0 0 0 0 0 0 0 0 0 6 5 0 0 63 0 0 5 0 0 0 0 0 0 0 0 0 14 19 13 0 4 2 0 0 8 3 40 8 10 9 1 0 1 16 1 22 9 0 0 0 0 0 39 0 0 0 0 0 6 0 0 23 37 0 1 8 0 0 1 0 0 0 0 0 0 0 0 7 0 1 0 0 0 0 5 0 0 0 5 0 1 51 0 0 0 0 0 0 0 0 0 0 0 0 0 0 0 5 0 0 9 0 0 9 1 0 
 1 2 2 0 3 2 3 1 0 63 2 1 1 1 0 3 3 3 0 2 0 0 0 0 0 0 0 0 0 0 67 0 0 0 0 0 0 0 0 201 65 210 132 519 95 52 248 26 121 0 174 124 50 229 157 264 113 205 271 159 0 0 3 4 0 1 1 0 0 2 0 0 98 0 0 1 0 0 53 51 0 0 0 0 0 0 0 0 0 0 12 0 0 0 0 0 0 0 0 0 0 0 0 0 0 0 0 0 0 0 0 0 0 0 0 0 0 0 0 0 0 0 12 7 52 18 12 17 11 11 22 0 46 13 0 0 29 79 0 0 9 22 0 0 0 3 0 0 0 1 0 0 9 0 10 0 0 0 22 0 0 0 0 0 0 0 0 0 0 0 11 4 0 0 0 0 0 0 0 0 0 0 12 0 11 0 0 0 0 0 0 0 0 0 3 0 0 0 0 0 12 0 0 11 0 12 0 0 0 26 25 18 0 0 0 0 0 6 0 12 12 0 0 1 0 3 13 0 0 0 0 0 11 0 8 25 14 0 9 0 0 0 0 0 0 0 0 0 0 0 0 16 0 0 0 0 0 0 0 13 0 0 3 0 17 8 3 1 2 0 0 0 0 0 0 0 0 0 0 0 0 0 0 0 21 15 0 0 0 0 
 3 3 3 6 3 3 3 3 3 3 3 3 3 6 3 3 3 3 3 3 3 18 3 3 3 3 3 3 3 3 6 3 3 6 9 3 3 3 3 3 235 63 190 68 229 131 42 37 91 174 0 159 41 246 61 97 131 187 94 58 22 5 1 0 30 0 3 105 0 1 0 0 0 26 58 3 2 0 4 2 0 0 0 0 0 0 0 0 0 0 0 0 0 0 0 0 0 0 0 0 0 0 0 0 0 0 0 0 0 0 0 0 0 0 0 0 0 0 0 0 0 0 0 2 25 0 0 14 0 0 25 8 18 0 13 18 0 7 0 0 0 0 9 4 3 0 0 12 0 0 5 4 19 28 37 28 0 5 43 11 0 0 3 0 0 0 0 0 0 0 0 0 0 0 0 0 4 0 0 0 0 0 0 0 0 0 0 0 0 0 0 0 0 0 0 3 12 0 0 0 0 25 0 19 18 23 0 1 0 18 0 33 0 0 0 1 0 9 0 0 36 16 13 5 35 0 8 5 4 39 9 0 0 29 6 0 11 0 0 1 0 0 1 0 0 0 0 0 0 0 0 16 0 2 0 0 0 0 0 2 0 0 1 34 0 2 2 1 0 0 0 0 0 0 0 0 0 0 0 0 0 3 0 0 0 14 0 0 0 0 
 0 2 0 0 0 0 1 0 0 0 0 0 0 0 0 0 0 43 0 0 3 9 2 3 3 2 2 64 4 2 9 2 1 3 1 8 1 2 32 2 40 61 40 322 178 61 99 267 138 124 159 0 39 45 43 101 92 445 41 251 0 208 1 0 0 0 6 52 0 2 0 0 56 27 0 1 0 51 0 51 0 0 0 0 0 0 0 0 0 0 0 0 0 0 0 0 0 0 0 0 0 9 0 0 4 0 0 0 0 0 0 0 0 0 0 0 0 0 0 0 4 0 0 8 22 11 0 13 3 1 1 0 0 0 0 0 12 1 5 0 0 5 0 0 4 3 0 0 0 0 0 0 10 4 15 10 0 0 0 12 0 0 2 0 0 0 0 0 0 0 0 0 0 0 0 0 1 0 0 0 0 0 0 16 0 0 0 0 0 0 5 0 0 0 0 0 0 0 0 0 5 0 0 0 22 28 0 0 15 13 12 5 0 9 9 0 0 0 0 8 27 11 0 0 0 0 23 0 0 0 0 0 2 8 0 25 46 0 20 0 0 0 2 0 0 0 0 0 0 0 0 8 0 0 12 0 0 0 6 12 0 18 0 5 72 4 2 62 0 0 0 0 0 0 0 0 0 0 0 0 0 5 0 0 9 7 0 0 0 0 
 0 0 0 0 0 0 0 0 2 0 0 0 1 0 0 1 0 0 0 0 0 0 0 3 97 63 0 0 3 62 1 62 1 0 85 0 35 0 0 0 106 48 65 46 99 63 198 169 93 50 41 39 0 88 29 23 35 30 108 58 0 0 0 0 0 0 0 0 0 2 0 0 0 0 0 0 0 0 0 1 0 9 0 0 0 0 0 0 0 0 0 0 0 0 0 0 0 0 0 0 0 0 9 32 6 51 0 0 0 4 11 68 0 0 0 0 0 7 1 0 5 41 9 0 0 0 15 0 7 13 0 3 0 0 21 25 0 19 31 29 0 0 12 0 0 0 0 0 0 0 0 0 0 0 0 0 0 0 0 0 0 0 0 0 2 0 0 0 0 0 0 0 0 0 0 0 0 0 0 0 0 0 0 9 1 0 0 0 6 0 25 9 0 0 0 0 18 27 0 0 14 1 1 7 0 0 19 40 0 0 0 0 5 14 0 16 0 0 0 4 0 0 0 0 0 0 0 0 0 0 0 0 0 0 0 0 0 0 0 0 0 0 0 0 0 0 0 0 0 0 0 8 0 0 0 0 0 0 64 0 0 0 0 0 0 1 1 0 0 0 0 0 0 0 0 0 0 0 0 0 0 0 0 0 0 0 0 0 0 13 
 0 2 0 72 0 0 0 0 3 0 0 0 0 3 0 0 1 0 31 0 0 0 0 0 0 0 0 2 0 0 0 0 0 2 0 0 0 0 0 0 128 396 86 140 105 59 147 146 255 229 246 45 88 0 745 86 117 250 215 161 0 0 0 0 3 0 0 0 0 2 2 0 5 0 0 2 0 0 0 0 0 0 0 0 0 0 0 0 0 0 0 0 0 0 0 0 0 0 0 0 0 0 0 0 0 11 0 0 20 0 0 0 0 0 0 0 0 0 0 0 0 7 25 9 0 8 26 2 14 29 3 14 0 34 24 10 59 0 0 0 0 1 0 0 0 4 0 0 0 0 0 0 0 1 0 0 0 0 16 0 0 0 0 0 15 0 0 0 0 0 0 6 0 0 0 0 0 0 0 0 0 0 0 0 15 0 0 0 0 0 0 0 0 0 0 0 0 0 0 0 13 40 27 7 35 6 0 15 27 0 42 3 6 0 0 0 21 48 0 21 0 0 0 0 0 0 1 0 0 0 0 0 17 0 0 0 0 0 19 0 0 0 0 0 0 0 0 0 0 0 0 11 0 0 0 0 0 0 0 0 0 0 0 0 67 25 0 0 0 0 17 0 0 0 0 0 0 0 0 0 0 0 0 0 0 0 0 10 0 0 
 0 12 0 0 0 5 0 0 0 0 0 0 0 2 0 2 1 0 0 0 3 2 3 3 83 15 3 3 2 3 2 141 2 5 3 4 2 3 3 2 411 104 69 344 104 270 154 319 625 157 61 43 29 745 0 170 38 255 210 266 3 0 5 3 0 0 0 0 0 0 3 0 9 0 6 10 0 3 0 0 0 0 0 0 0 0 0 0 0 0 0 0 0 0 0 0 0 0 0 0 0 0 0 4 0 10 0 0 0 0 0 13 0 0 0 0 0 0 0 0 26 13 62 0 0 8 19 9 69 0 18 6 31 15 11 0 18 23 20 0 0 0 1 0 0 0 0 0 4 0 0 0 0 0 0 0 0 0 5 0 0 0 8 0 10 0 0 0 0 0 0 6 0 0 0 0 0 0 0 0 0 0 0 0 0 6 0 0 0 1 0 0 0 0 0 0 0 0 0 0 25 6 23 0 1 0 11 0 8 0 32 0 0 16 18 15 21 21 1 19 0 0 0 0 0 7 0 0 0 0 0 0 0 0 0 0 1 0 22 0 0 0 0 0 0 0 0 0 0 0 0 2 0 1 0 0 0 53 1 0 0 0 2 0 2 20 0 0 0 0 0 0 0 0 0 0 0 0 0 0 0 0 0 0 0 0 0 1 2 0 
 0 2 0 0 0 2 3 0 0 0 0 0 0 0 0 0 0 0 0 0 0 1 0 3 0 59 0 0 0 1 1 60 0 0 0 0 0 0 3 0 46 94 107 101 74 70 114 59 174 264 97 101 23 86 170 0 88 195 324 279 0 3 0 0 0 0 47 2 2 68 7 0 106 2 1 2 8 0 58 1 0 0 0 0 0 0 0 0 0 0 0 0 0 0 0 0 0 0 0 0 0 0 0 0 0 18 0 2 0 0 0 0 0 0 0 0 0 0 0 0 46 0 16 26 0 2 15 0 0 19 13 0 8 6 11 0 6 8 28 0 0 8 4 19 3 5 20 0 0 0 5 4 10 1 5 0 0 0 14 0 0 0 0 9 2 0 0 0 6 0 0 13 19 0 0 0 0 0 0 0 0 0 0 10 9 5 0 0 0 0 0 0 0 0 0 0 0 0 0 0 19 0 0 28 20 11 0 11 24 29 17 0 0 0 10 0 28 8 34 23 5 0 15 3 6 0 10 23 0 0 4 0 14 0 5 10 14 2 1 0 0 0 0 0 0 0 0 0 0 0 0 5 0 0 0 0 0 61 0 1 0 0 2 0 2 7 0 0 0 0 16 0 0 0 0 0 0 0 0 0 0 0 0 0 13 14 0 0 0 0 
 5 4 2 3 1 3 5 5 3 3 3 5 5 5 6 1 3 3 5 3 1 1 2 0 0 2 1 4 1 1 4 0 2 2 0 0 7 1 2 1 133 60 73 172 52 58 167 99 332 113 131 92 35 117 38 88 0 145 141 79 3 0 1 3 0 4 50 0 0 1 61 14 64 0 0 2 3 8 65 0 0 0 0 0 0 0 0 0 0 0 0 0 0 0 0 0 0 0 0 0 0 0 0 0 0 0 0 0 0 0 4 0 0 0 0 13 0 0 0 0 0 21 24 19 0 0 0 2 12 44 0 20 0 21 10 7 1 9 0 27 0 0 0 0 0 0 19 0 0 0 0 0 1 4 0 0 0 0 0 0 0 0 0 6 0 0 0 0 0 0 0 0 0 0 0 0 0 0 1 0 0 0 0 0 0 3 0 0 0 0 0 0 0 0 0 0 0 0 0 0 0 3 10 26 0 7 6 0 8 37 2 0 0 0 1 23 0 1 2 0 1 0 18 0 0 1 0 0 0 0 0 0 94 1 2 0 18 0 0 8 0 0 9 0 0 0 0 0 0 0 0 12 0 0 0 0 0 0 0 0 0 0 5 0 1 2 2 4 0 0 1 0 0 0 0 0 0 0 0 0 0 0 0 0 7 15 0 0 0 0 
 3 10 3 5 10 3 3 3 3 3 3 3 3 5 3 4 3 3 3 3 0 0 0 0 0 0 0 0 0 0 3 0 0 2 0 0 2 0 0 0 33 56 239 391 40 278 261 29 139 205 187 445 30 250 255 195 145 0 50 259 0 3 1 0 0 0 117 0 0 2 0 2 108 85 5 2 1 0 18 0 0 0 0 0 0 0 0 0 0 0 0 0 0 0 0 0 0 0 0 0 0 0 0 0 0 0 0 0 0 0 0 0 0 0 0 0 0 0 0 0 0 0 0 49 32 28 0 0 0 39 20 0 0 0 0 0 0 20 0 0 19 3 42 0 0 3 23 36 6 0 0 3 42 34 37 7 0 3 20 1 0 0 5 0 0 0 0 0 0 0 0 0 0 0 0 0 9 0 2 0 0 0 0 0 0 0 0 0 0 0 0 0 0 0 0 0 0 0 0 0 0 0 0 12 12 43 0 0 20 37 10 14 0 0 0 0 10 0 0 0 31 0 0 0 0 0 32 0 5 0 5 6 32 2 15 2 27 0 18 0 0 0 0 0 0 2 0 0 0 0 0 14 63 0 0 0 0 0 0 12 0 0 0 64 63 7 2 2 0 2 11 0 0 0 0 0 0 0 0 0 0 0 0 0 26 15 0 0 0 0 
 0 0 0 2 0 0 0 0 0 0 0 0 0 2 0 0 0 0 0 0 3 4 3 6 3 3 3 3 3 3 3 3 3 5 3 3 3 3 6 3 54 242 100 300 59 40 69 219 172 271 94 41 108 215 210 324 141 50 0 390 0 0 2 67 0 0 0 0 0 2 0 0 3 0 0 0 0 0 0 0 0 0 0 0 0 0 0 0 0 0 0 0 0 0 0 0 0 0 0 0 0 0 0 0 0 4 0 0 0 4 0 0 0 0 0 0 0 0 0 0 11 1 29 0 0 8 42 13 26 13 16 10 33 21 29 38 11 14 3 0 0 0 0 0 0 16 0 0 1 0 0 0 0 0 0 0 0 0 15 0 0 0 0 0 9 0 0 0 0 0 0 3 0 0 0 0 0 0 0 0 0 0 0 0 0 0 0 0 0 0 0 0 0 0 0 0 0 0 0 0 11 13 6 9 1 0 0 1 30 0 25 4 11 16 0 0 6 74 0 12 0 0 0 0 0 0 7 0 0 0 0 0 34 0 0 0 0 0 0 0 0 0 0 0 0 0 0 0 0 0 0 10 0 1 0 0 0 1 1 2 0 0 2 0 1 31 2 0 0 0 0 0 0 0 0 0 0 0 0 0 0 0 0 0 0 0 0 10 2 0 
 2 4 2 2 2 2 2 2 6 2 2 2 4 2 2 4 2 2 2 2 0 0 0 0 3 0 0 0 0 0 0 1 6 0 0 0 0 0 0 0 281 84 114 139 87 70 202 197 247 159 58 251 58 161 266 279 79 259 390 0 0 0 0 0 0 0 0 0 0 1 0 0 2 0 0 2 0 0 0 0 0 0 1 10 0 0 0 0 3 0 0 19 11 2 3 6 0 0 4 0 0 0 0 0 0 0 0 0 0 0 0 0 0 20 0 0 0 0 0 0 22 11 21 0 0 0 1 41 20 8 22 0 40 6 42 35 0 16 0 0 0 0 0 0 0 36 0 0 0 0 0 0 0 0 0 0 0 0 11 0 0 1 0 0 6 0 0 9 0 3 0 0 2 0 1 0 0 0 3 2 0 0 0 0 0 0 0 0 0 0 0 0 0 0 0 0 0 0 0 0 0 21 24 43 0 0 0 0 7 0 9 18 0 0 0 12 15 30 0 0 0 0 0 0 0 0 0 0 0 9 0 0 17 0 0 0 0 0 0 1 0 0 10 0 0 0 0 0 0 0 0 5 0 1 0 0 0 0 1 4 0 0 0 0 0 19 2 4 2 0 0 0 1 0 0 0 0 0 0 0 0 0 0 0 0 0 0 0 2 0 
 0 0 0 0 0 0 0 0 0 0 0 4 0 2 0 0 0 0 0 46 3 2 2 3 3 2 2 2 72 2 2 2 2 3 2 2 2 2 2 2 0 0 0 0 50 55 0 0 5 0 22 0 0 0 3 0 3 0 0 0 0 98 95 28 90 33 81 165 78 141 43 88 74 92 93 80 34 96 44 148 0 0 0 3 0 0 0 0 0 0 0 0 0 0 0 0 0 0 0 0 0 0 0 0 0 0 0 0 0 0 0 0 0 0 0 0 0 0 0 0 0 0 0 1 26 1 0 0 0 0 0 5 0 0 0 0 0 0 0 0 1 36 0 0 37 24 7 14 7 0 1 7 8 28 0 8 0 3 8 0 0 0 0 16 0 0 0 0 0 0 0 0 0 0 0 0 0 0 0 0 0 0 0 0 0 0 0 0 0 0 0 0 0 0 0 0 0 0 0 0 0 0 0 0 0 7 0 0 0 0 0 0 0 0 0 0 0 0 0 0 14 17 12 25 0 20 4 17 7 24 8 30 0 15 11 42 71 9 23 10 0 0 0 0 0 0 0 0 0 0 0 0 0 0 8 0 0 0 0 0 0 0 31 0 0 0 0 0 0 0 23 0 0 0 0 2 0 0 0 0 0 0 0 0 0 0 0 0 0 0 
