 0 192 84 58 124 42 643 178 243 110 40 42 126 62 537 34 345 82 37 63 6 0 4 0 3 2 0 0 5 3 2 0 0 11 0 0 0 72 0 0 0 0 0 0 2 3 0 3 3 0 2 3 0 0 0 0 0 0 0 0 3 0 3 0 0 0 0 3 0 0 0 0 0 52 0 0 3 0 0 0 0 31 0 1 0 0 0 0 1 35 1 13 0 1 10 0 27 10 1 4 0 0 0 0 0 0 0 0 0 0 0 0 0 0 0 0 0 0 0 0 0 0 0 0 0 0 0 0 0 0 0 0 0 0 0 0 0 13 0 0 0 0 0 0 0 0 0 0 0 0 4 0 0 0 0 0 0 0 0 0 24 36 16 0 25 0 0 12 1 10 9 18 32 19 0 0 1 19 0 0 0 0 0 0 0 0 0 0 0 0 0 1 0 0 0 0 0 0 0 0 0 0 0 0 0 0 0 0 0 3 0 2 0 2 0 0 0 0 0 0 0 0 0 0 0 0 0 0 0 0 0 0 0 0 0 0 0 0 0 0 0 0 0 0 0 1 2 0 2 88 18 5 0 0 0 0 0 0 0 0 0 0 0 0 0 0 0 0 0 0 0 0 0 0 0 19 0 0 0 0 0 0 0 0 0 0 0 0 0 0 
 192 0 136 266 34 31 92 182 272 150 62 298 69 54 71 82 46 212 71 60 4 2 3 0 3 2 0 0 7 0 2 3 2 3 0 0 0 4 0 50 0 0 0 0 1 0 0 3 3 0 0 0 0 0 0 0 0 0 0 0 1 0 0 0 2 0 0 3 0 0 0 0 0 0 0 0 3 0 0 0 37 9 10 5 0 16 17 13 16 13 83 52 0 29 0 22 29 36 0 0 0 0 0 0 0 0 8 0 0 0 0 0 16 12 0 0 13 0 32 24 2 0 0 0 0 0 0 0 0 0 0 0 0 0 0 0 0 1 0 0 0 0 0 0 0 1 0 0 0 0 0 0 0 0 0 0 0 0 0 0 0 2 0 31 74 14 0 40 2 61 0 26 0 11 20 10 6 24 0 19 46 10 0 0 0 0 0 0 0 0 0 0 15 0 0 0 0 0 1 0 0 0 0 0 0 0 0 0 0 1 0 0 0 0 0 0 0 0 0 0 0 0 0 0 0 0 0 0 0 0 0 0 0 0 0 0 0 1 0 0 0 0 0 0 0 2 91 0 0 3 0 78 0 1 0 0 0 0 0 0 0 0 0 0 0 0 0 0 0 0 0 0 0 0 0 0 15 38 0 0 0 0 0 0 0 0 0 0 0 0 
 84 136 0 367 159 33 185 481 414 71 49 351 65 146 49 491 64 221 134 46 6 0 3 0 3 2 0 4 8 0 3 0 0 4 0 2 0 74 2 63 0 0 0 0 0 0 0 3 4 0 0 3 4 2 0 6 2 0 1 0 3 0 2 0 0 6 0 3 0 1 0 0 0 3 0 0 3 6 0 4 20 10 6 16 11 9 19 13 30 10 51 26 8 0 26 48 21 46 10 0 10 0 0 0 0 0 28 0 0 0 0 0 30 13 0 0 0 0 4 11 0 0 0 0 0 2 0 0 1 0 0 0 1 0 0 0 0 0 0 0 0 1 0 0 0 0 0 0 0 0 2 0 0 0 0 0 0 0 0 0 0 0 0 24 16 11 19 34 0 2 2 0 0 11 10 0 16 0 10 0 14 6 0 0 0 0 21 11 0 0 0 0 26 12 18 21 0 0 12 11 0 1 0 0 0 0 0 0 4 0 0 0 0 0 0 0 0 0 0 0 0 0 0 0 0 0 0 1 0 0 0 0 0 0 0 0 0 0 0 0 0 0 0 0 0 2 0 0 0 0 0 13 0 0 0 0 0 0 0 0 0 0 0 0 0 0 0 0 0 0 0 0 0 0 0 0 26 21 0 0 0 0 0 0 0 0 0 0 0 0 
 58 266 367 0 297 149 106 346 101 89 103 160 56 82 286 244 343 75 85 240 3 0 5 0 3 2 0 0 5 0 0 0 0 2 0 0 47 1 0 74 0 0 0 0 0 31 0 3 3 0 0 0 0 0 0 0 2 0 0 0 3 0 1 0 0 0 0 3 0 0 0 0 0 0 0 0 3 0 0 0 16 8 22 28 52 0 0 18 12 10 13 61 0 6 21 68 10 13 0 13 19 0 0 0 0 0 16 0 0 0 0 0 33 4 0 0 0 0 11 15 0 0 0 0 0 0 0 0 0 1 0 0 0 0 0 0 0 0 0 0 0 0 0 0 0 0 0 0 0 0 0 0 0 0 0 0 2 0 0 2 14 14 15 23 0 2 1 14 18 2 61 0 0 9 14 36 10 14 0 0 0 1 0 0 0 1 26 27 0 0 0 0 17 10 16 12 0 2 45 19 0 0 0 0 0 0 0 0 0 0 0 0 0 0 0 1 0 0 0 0 0 0 2 0 0 0 0 0 0 0 0 0 0 0 2 0 0 0 0 0 0 0 0 0 0 5 0 0 1 0 0 9 2 0 0 0 0 0 0 0 0 0 0 0 0 0 0 0 0 0 0 0 0 0 0 0 20 0 0 0 0 0 0 0 0 0 0 0 0 0 
 124 34 159 297 0 175 53 133 373 165 152 66 151 68 162 84 263 158 154 78 3 34 5 0 3 0 0 0 5 2 0 3 0 15 0 0 0 74 72 0 0 0 0 127 0 0 0 3 3 0 0 0 0 0 0 3 2 3 0 0 3 0 0 0 0 0 0 4 0 0 0 0 2 2 38 0 3 1 0 0 25 7 0 17 3 0 0 0 15 14 22 12 0 0 8 10 0 25 0 0 33 0 0 0 0 0 1 0 0 0 11 0 13 0 1 0 0 8 0 0 0 0 0 0 0 2 0 0 1 0 0 0 1 0 0 0 0 0 0 0 0 1 0 0 0 0 0 0 0 0 7 0 0 0 0 0 0 0 0 0 21 1 14 15 0 0 0 9 24 29 14 0 0 18 0 37 0 3 0 0 0 7 9 0 5 0 0 0 8 0 0 0 10 25 1 11 0 0 0 31 0 0 0 0 0 0 0 0 0 0 0 0 0 0 0 0 0 0 0 0 0 0 0 0 0 0 0 1 0 0 0 0 0 0 0 0 0 0 0 0 0 0 0 0 0 3 89 0 0 1 0 16 0 0 0 0 31 0 0 0 0 0 0 0 0 0 0 0 0 0 0 0 0 0 0 18 11 0 0 0 0 0 0 0 0 0 0 0 0 0 
 42 31 33 149 175 0 58 139 144 37 81 169 247 30 149 285 71 65 60 146 18 5 78 0 3 0 176 0 7 82 0 0 97 151 0 103 0 75 99 27 0 0 0 42 0 0 0 3 3 0 0 0 0 0 49 67 0 0 0 0 3 0 2 0 4 0 0 3 0 39 8 0 0 0 0 0 3 30 0 0 19 0 21 0 3 18 0 0 15 0 0 56 0 3 0 0 0 0 0 0 0 0 0 0 0 0 8 0 23 16 35 0 40 46 0 0 29 2 24 14 0 0 0 0 0 0 2 0 0 0 0 0 0 0 0 0 0 0 0 0 0 0 0 2 0 0 0 13 2 3 0 0 0 0 0 5 0 0 14 0 18 0 0 0 1 0 0 0 0 0 11 0 0 0 9 10 0 0 0 0 36 3 41 0 0 0 14 1 8 0 0 0 17 24 18 1 0 32 0 17 0 0 2 1 0 0 0 0 0 0 0 0 0 0 0 1 0 0 0 0 0 0 0 0 0 0 0 0 0 0 0 0 0 0 0 0 0 0 0 0 0 0 8 0 0 1 3 0 93 0 1 9 0 0 0 0 0 0 0 0 0 0 0 0 0 0 0 0 0 0 0 0 0 0 0 0 21 0 0 0 0 0 0 0 0 0 0 0 0 0 
 643 92 185 106 53 58 0 105 349 145 269 44 60 63 150 53 274 67 172 140 2 0 3 0 3 0 0 4 5 0 0 0 1 2 0 117 107 0 0 0 0 0 0 0 0 0 0 23 4 0 3 0 0 0 0 3 2 0 0 3 1 31 2 0 5 0 0 3 0 3 1 0 3 0 1 0 5 2 0 0 1 9 1 0 20 15 19 1 9 0 0 0 0 24 11 0 16 12 33 14 0 0 0 0 0 0 0 0 0 0 0 0 0 0 0 0 0 0 0 0 0 0 0 0 0 0 0 0 0 0 0 2 0 0 0 0 0 0 0 0 0 0 0 0 0 0 5 0 0 0 1 0 0 2 0 0 0 0 0 0 3 42 28 0 17 0 0 11 36 0 0 3 18 6 13 1 15 0 20 0 0 0 0 0 0 0 0 0 0 0 0 2 0 0 0 0 0 0 0 0 0 0 0 0 0 0 0 0 13 0 0 0 0 0 0 0 0 0 1 0 0 0 0 0 0 0 0 0 0 0 0 2 0 0 0 1 0 17 0 0 0 0 0 0 0 1 0 0 1 0 26 0 0 0 0 0 0 0 0 0 0 0 0 0 0 0 0 0 0 0 0 15 0 0 0 0 0 0 0 0 0 0 0 0 0 0 0 0 0 0 
 178 182 481 346 133 139 105 0 336 124 48 70 199 89 69 342 168 41 69 148 2 0 3 0 3 2 205 0 5 0 5 0 0 2 77 0 2 1 0 129 0 0 0 0 0 0 0 3 3 0 0 0 0 62 0 0 2 0 0 0 3 0 2 0 0 0 0 3 0 0 1 0 0 0 0 0 3 31 0 0 11 6 15 55 4 0 25 14 25 14 12 19 1 2 32 25 2 29 27 0 16 0 0 0 0 1 1 0 0 0 0 0 36 9 2 0 0 0 10 53 0 2 0 0 0 0 0 0 0 13 0 0 0 2 0 0 0 0 0 0 0 0 0 4 0 0 5 0 0 0 0 0 0 0 0 2 0 0 0 0 16 0 4 0 0 11 11 9 19 14 78 0 0 0 35 28 8 0 28 1 0 0 0 0 0 0 18 12 0 0 0 0 57 15 1 0 0 0 10 28 0 0 0 0 0 0 0 0 0 0 0 0 0 0 0 0 0 0 0 0 0 0 7 1 0 0 0 0 0 0 0 0 0 0 0 0 0 0 0 0 0 1 0 0 0 2 0 0 1 2 0 5 0 0 0 0 0 0 0 0 0 0 21 0 0 0 2 0 0 0 0 0 0 0 0 0 23 9 0 0 0 0 0 0 0 0 0 0 0 0 
 243 272 414 101 373 144 349 336 0 269 54 35 104 245 146 277 357 48 223 58 2 0 3 2 3 0 0 0 4 0 0 0 0 2 0 0 4 6 0 75 0 0 0 0 0 0 0 3 3 0 0 0 5 0 0 0 2 0 0 0 3 0 46 0 0 0 0 3 0 0 0 0 0 0 0 31 3 0 0 0 26 28 28 29 0 6 36 10 0 0 0 16 0 26 0 21 16 0 0 11 0 0 0 0 0 0 1 0 0 0 0 0 0 6 0 2 0 0 9 11 0 0 0 0 0 0 0 0 0 0 0 0 0 0 0 0 0 0 0 0 0 0 0 2 0 0 2 0 2 0 0 0 0 0 0 0 0 0 0 0 0 10 1 0 23 0 0 4 15 14 1 9 0 2 5 16 23 1 18 0 0 0 0 0 0 0 0 0 0 0 0 0 0 0 0 0 0 0 0 0 0 0 2 1 0 0 0 0 0 0 0 0 0 0 0 0 0 0 0 0 0 0 0 0 0 0 0 0 0 0 0 0 0 0 0 0 0 0 0 0 0 0 0 0 0 1 0 2 1 3 2 23 0 0 0 0 0 0 0 0 0 0 0 0 0 0 0 1 0 0 0 0 0 1 0 2 10 0 0 0 0 0 0 0 0 0 0 0 0 0 
 110 150 71 89 165 37 145 124 269 0 160 92 226 147 196 118 268 143 73 284 6 1 3 0 3 0 0 4 5 7 0 0 0 5 0 0 0 0 0 76 0 0 0 0 3 6 0 3 3 0 4 6 0 0 0 28 0 2 0 0 3 0 38 0 0 0 0 3 0 0 0 4 0 4 0 0 3 0 0 0 18 17 24 23 0 5 0 28 24 69 10 0 0 1 10 13 21 33 0 0 0 0 0 0 0 0 0 2 0 0 0 0 12 0 0 0 0 0 66 19 0 0 0 0 0 0 1 0 0 0 0 0 0 0 0 17 0 0 0 0 0 0 0 1 0 0 0 0 1 2 1 0 0 0 0 0 0 0 0 0 20 32 14 0 20 9 0 47 8 33 1 35 27 28 19 0 11 31 0 0 0 25 0 0 0 0 0 0 0 8 0 0 32 11 0 0 0 0 39 0 0 0 1 2 0 0 0 0 0 0 0 0 62 0 0 0 0 0 12 0 0 0 0 0 0 0 0 0 1 0 0 0 0 0 0 11 0 0 0 0 0 0 0 0 0 4 171 0 2 89 15 10 1 0 71 0 0 0 0 0 0 0 14 0 0 0 0 0 0 0 0 0 0 0 0 0 0 15 0 0 0 0 0 0 0 0 0 0 0 0 
 40 62 49 103 152 81 269 48 54 160 0 201 37 249 172 100 182 138 44 365 2 0 3 1 3 1 151 1 5 0 0 0 0 2 76 0 0 0 74 108 57 0 0 0 0 0 0 3 3 78 0 0 0 0 0 55 0 1 0 0 2 0 0 0 2 0 0 3 0 0 0 0 1 0 0 0 9 0 0 0 15 1 0 0 11 21 0 0 14 0 44 5 0 8 6 10 18 10 0 0 0 0 0 0 0 8 19 0 17 1 0 0 19 7 16 0 0 0 4 11 0 0 0 0 0 0 0 2 1 0 0 0 0 0 0 0 0 0 7 0 0 2 0 0 0 0 0 0 0 0 1 0 3 0 0 0 0 0 0 0 41 16 45 6 10 6 0 11 35 26 42 32 11 21 0 10 19 39 2 0 0 22 0 0 1 0 16 10 0 0 0 0 1 13 17 1 8 11 0 0 0 0 0 0 0 0 0 0 0 0 0 0 0 0 0 0 0 0 0 0 0 0 0 0 0 0 0 0 0 0 0 0 0 0 0 0 0 0 0 0 0 0 0 0 0 0 161 0 90 1 11 14 1 0 0 0 0 0 0 0 0 0 0 0 0 0 0 0 0 0 0 0 0 0 0 15 1 0 0 0 0 0 0 0 0 0 0 0 0 0 
 42 298 351 160 66 169 44 70 35 92 201 0 21 38 62 36 77 387 266 243 76 0 3 0 3 0 0 47 5 0 0 0 0 2 1 85 0 0 1 150 0 0 0 0 0 0 0 2 3 0 0 0 0 0 0 0 1 0 0 0 0 0 0 0 11 0 0 3 0 0 0 0 0 0 0 0 3 0 0 0 16 0 7 35 27 102 0 0 8 14 31 0 0 0 8 1 14 84 0 0 32 11 0 0 0 0 56 0 1 20 18 0 25 0 1 0 10 1 58 29 0 0 0 0 0 0 0 2 1 0 0 0 0 0 2 0 0 0 2 0 0 2 0 0 0 0 0 0 0 0 1 0 0 0 0 0 0 0 0 0 0 0 3 10 0 21 0 15 0 28 13 0 0 0 0 8 4 16 0 0 25 9 0 0 2 0 37 27 0 10 0 0 75 29 10 2 0 2 12 19 0 0 0 0 0 0 0 0 0 0 0 0 0 0 0 0 0 0 0 0 0 0 0 0 0 0 0 0 0 0 0 0 0 0 0 0 0 0 0 0 0 12 0 0 0 4 89 0 2 2 0 14 0 2 0 0 0 0 0 0 0 0 15 0 0 0 0 0 0 0 0 0 0 0 0 14 8 15 0 0 0 0 0 0 0 0 0 0 0 0 
 126 69 65 56 151 247 60 199 104 226 37 21 0 151 31 164 159 33 110 143 2 0 3 0 3 0 0 2 3 0 0 0 0 2 0 0 2 2 0 0 0 0 0 0 0 0 0 2 3 0 0 0 0 0 0 0 2 0 1 0 2 0 0 0 2 0 3 6 0 0 0 0 0 0 0 0 3 51 0 0 8 16 10 24 0 0 0 55 1 21 0 0 1 18 1 1 15 0 22 26 0 0 0 0 0 1 0 0 9 0 0 0 0 0 2 0 0 0 0 0 0 2 0 0 0 0 0 0 0 0 0 0 0 1 0 0 0 0 0 0 0 0 0 0 0 0 0 0 0 0 0 0 0 0 0 2 0 0 0 0 23 35 14 0 0 0 0 17 12 0 0 1 13 2 0 10 1 15 1 0 0 0 0 0 0 0 0 0 0 0 0 0 0 0 0 0 0 0 0 0 0 0 0 1 0 0 0 0 0 0 0 0 0 0 0 0 0 0 0 0 0 0 0 2 0 0 0 0 0 0 0 0 0 0 0 0 0 0 0 0 0 0 0 0 0 0 0 0 2 1 0 11 0 0 0 0 0 0 0 0 0 0 0 0 0 0 2 0 0 0 0 0 0 0 0 0 0 0 0 0 0 0 0 0 0 0 0 0 0 0 
 62 54 146 82 68 30 63 89 245 147 249 38 151 0 84 246 246 44 385 189 2 0 3 2 4 0 0 0 5 1 0 2 0 2 1 0 0 0 76 0 0 0 2 0 0 0 0 3 3 0 0 1 0 3 0 3 0 3 0 0 3 0 2 0 0 0 6 6 26 0 0 0 0 2 0 0 3 0 3 4 17 7 14 19 0 0 22 37 18 14 0 0 0 12 24 0 48 2 69 0 0 0 0 0 0 0 0 0 0 2 0 1 0 0 0 0 0 19 0 0 0 0 0 0 0 0 0 0 0 0 0 0 0 0 0 0 0 18 0 0 0 0 0 4 0 0 10 0 0 0 0 0 0 0 0 0 0 0 0 0 0 0 0 0 0 0 0 4 1 0 0 0 2 13 19 0 23 2 19 11 0 0 2 0 0 0 0 11 0 0 0 0 0 0 0 0 0 0 0 0 0 0 0 0 0 0 0 0 0 0 0 0 0 0 0 0 0 0 0 0 0 0 0 0 0 0 0 0 0 0 0 0 0 0 0 0 0 0 0 0 0 0 0 0 0 0 1 0 0 89 1 12 0 0 0 0 0 0 0 0 0 0 0 0 0 0 0 0 0 0 0 0 0 0 0 0 0 0 0 0 0 0 0 0 0 0 0 0 0 0 
 537 71 49 286 162 149 150 69 146 196 172 62 31 84 0 67 230 75 165 148 2 0 3 0 3 2 0 0 6 0 0 2 0 4 2 2 0 2 2 3 0 3 3 0 0 4 0 5 5 0 2 0 0 1 2 4 5 0 0 0 2 0 1 0 0 0 0 3 0 0 0 0 0 3 0 1 48 0 0 0 1 19 21 0 18 0 0 0 9 41 3 21 20 16 1 0 30 0 0 12 0 0 0 0 0 0 0 0 0 0 14 0 24 0 0 0 0 0 0 9 0 0 0 0 0 0 0 0 0 0 0 0 0 0 0 0 0 0 0 0 30 0 0 0 0 0 2 0 0 0 0 0 0 0 0 0 0 0 1 0 20 10 11 0 45 0 0 11 30 19 2 5 0 0 0 16 9 0 0 0 10 0 0 0 0 0 0 0 0 0 0 0 0 0 0 0 2 0 0 0 0 0 0 0 2 0 0 0 0 0 0 0 0 0 0 0 0 0 0 0 0 0 0 0 0 0 0 0 0 0 0 2 0 0 0 0 0 0 0 0 0 0 0 0 0 2 0 0 8 89 15 6 0 0 0 0 0 0 0 0 0 0 2 0 0 0 0 0 0 0 0 0 0 0 0 0 0 0 0 0 0 0 0 0 0 1 0 0 0 14 
 34 82 491 244 84 285 53 342 277 118 100 36 164 246 67 0 87 94 141 205 2 0 3 0 3 0 0 2 5 0 0 0 2 2 0 0 0 0 1 64 0 0 0 0 0 0 0 3 3 0 0 0 0 0 0 0 0 0 0 0 3 0 0 2 0 58 0 3 0 0 0 0 48 0 0 0 3 0 0 0 30 0 27 35 19 10 0 0 18 8 0 22 11 24 6 38 37 40 14 16 0 0 0 0 0 0 10 0 0 0 0 0 16 13 0 0 0 0 15 13 0 0 0 0 0 0 4 0 0 0 0 0 0 0 0 0 0 0 0 0 0 0 0 0 0 0 0 0 0 0 0 0 0 0 0 0 0 0 0 0 11 13 14 21 0 10 9 21 3 4 0 0 0 34 11 1 22 0 11 0 20 24 0 0 0 0 35 0 0 0 0 0 17 0 0 14 0 0 17 0 0 0 0 0 1 0 0 0 0 0 0 0 0 0 0 0 0 0 0 0 0 26 0 0 0 0 0 0 0 0 12 0 0 0 0 0 0 0 0 0 0 0 0 0 0 2 2 1 1 2 0 9 0 0 0 0 0 0 0 0 0 0 0 0 0 0 0 0 0 0 0 0 0 0 0 0 14 14 0 0 0 0 0 0 0 2 0 0 0 0 
 345 46 64 343 263 71 274 168 357 268 182 77 159 246 230 87 0 177 39 40 2 0 3 0 5 3 1 0 5 0 3 3 0 2 0 2 4 5 0 83 0 3 0 0 3 3 0 3 4 0 1 2 0 0 0 65 2 2 0 0 3 0 0 43 0 2 0 3 0 41 0 33 0 0 0 0 3 0 0 0 0 27 1 36 0 0 0 24 9 33 16 2 0 1 14 15 1 13 0 12 0 7 0 0 0 0 1 0 0 0 0 0 26 0 0 0 0 0 10 17 0 0 0 0 0 0 0 0 0 0 0 0 0 0 0 0 0 0 0 0 0 0 0 0 0 0 1 2 0 0 2 0 0 0 0 0 0 0 0 0 28 14 23 0 40 10 23 10 16 44 13 21 0 14 0 17 3 11 0 0 0 20 0 0 0 0 1 0 0 0 0 1 16 15 1 0 0 0 50 13 0 0 0 0 0 0 0 0 0 0 2 15 0 0 0 14 0 0 2 2 0 0 0 0 0 0 0 0 0 1 0 0 0 0 0 1 0 6 0 0 0 4 0 0 0 2 86 0 2 11 0 9 0 1 0 0 2 0 0 0 2 0 18 0 0 0 0 0 0 0 0 0 1 0 0 16 0 0 0 0 0 0 0 0 0 0 0 1 0 13 
 82 212 221 75 158 65 67 41 48 143 138 387 33 44 75 94 177 0 59 331 77 0 3 0 3 0 0 1 4 1 0 0 0 2 0 0 0 0 4 0 0 0 0 0 0 0 0 2 3 0 0 0 0 0 0 0 0 0 0 0 0 0 0 0 2 0 0 3 0 0 0 0 7 0 0 0 3 0 0 0 10 20 2 17 0 18 11 16 48 33 51 28 20 11 10 6 27 34 14 51 0 20 0 0 0 0 12 0 0 0 0 0 16 0 0 0 5 1 7 21 0 0 0 0 0 0 0 0 0 0 0 0 0 0 0 0 0 0 0 0 0 0 0 0 0 0 0 0 0 0 6 0 0 0 0 0 0 0 0 0 4 32 27 24 9 11 9 13 0 34 1 0 0 22 13 16 24 21 40 0 12 0 0 0 0 0 0 13 0 11 0 0 2 1 0 0 0 0 0 1 0 0 0 0 1 0 0 0 0 0 0 0 0 0 0 0 0 0 0 0 4 0 0 14 0 0 0 8 0 0 0 0 0 0 0 0 0 0 0 0 0 0 0 0 0 1 3 0 0 87 0 5 0 0 2 0 0 0 0 0 0 0 0 0 0 0 0 0 0 0 0 0 0 0 0 1 0 0 0 0 0 0 0 0 0 2 0 0 0 0 
 37 71 134 85 154 60 172 69 223 73 44 266 110 385 165 141 39 59 0 192 2 1 4 73 3 0 0 1 5 0 0 0 0 2 0 0 0 0 0 0 0 7 2 0 0 0 0 3 3 0 0 2 0 0 2 0 3 0 0 0 3 1 3 0 0 0 0 3 0 0 0 0 0 0 0 0 3 0 0 0 91 11 0 0 0 0 18 40 11 0 0 0 19 32 7 0 23 0 36 0 0 22 0 0 2 0 0 0 0 0 0 0 0 0 0 1 0 0 2 0 0 0 0 0 0 0 0 0 0 0 0 0 0 0 0 0 1 0 0 1 0 0 0 0 0 0 18 0 0 0 1 0 0 0 0 0 0 0 0 0 1 10 0 0 5 0 0 0 9 8 0 0 0 24 16 0 23 1 5 34 0 0 0 0 0 0 0 0 0 0 7 0 0 15 0 0 0 0 0 0 0 0 0 0 0 0 0 0 0 0 0 0 2 0 0 0 0 0 0 0 0 0 0 0 0 2 0 0 0 0 0 0 0 0 0 0 0 0 0 0 0 0 0 0 0 0 2 0 2 0 0 16 0 0 0 0 0 0 0 0 0 0 0 0 0 0 0 0 0 0 0 0 0 0 0 0 0 0 0 0 0 0 0 0 0 0 0 0 0 0 
 63 60 46 240 78 146 140 148 58 284 365 243 143 189 148 205 40 331 192 0 2 0 5 0 3 0 0 0 5 0 0 0 0 2 0 0 74 0 0 0 0 0 0 0 0 0 0 3 3 0 0 0 0 0 0 0 2 0 0 58 3 0 1 0 0 0 24 3 0 0 0 0 0 0 0 0 3 0 0 0 1 21 21 14 14 0 19 24 20 15 14 11 5 18 14 0 0 11 2 51 0 1 0 0 0 0 0 0 0 0 0 0 0 1 0 0 0 0 0 0 0 0 19 0 0 9 0 0 0 0 0 0 0 0 0 2 0 0 0 0 0 0 0 3 0 0 0 0 0 0 0 0 1 0 0 0 0 0 0 0 10 14 25 11 36 0 1 32 20 0 35 0 0 16 10 46 3 18 107 0 0 0 0 0 0 0 0 0 0 0 0 0 0 0 0 0 0 0 0 0 0 0 0 0 0 2 10 0 0 0 0 0 0 0 0 0 0 1 0 0 0 0 0 0 0 0 0 0 0 0 0 0 0 1 0 0 1 0 0 0 0 0 0 0 0 2 2 0 77 1 15 7 0 0 0 0 0 0 0 0 0 0 0 0 0 0 0 0 0 0 0 0 0 0 0 0 0 0 0 0 0 0 0 0 0 2 0 0 0 0 
 6 4 6 3 3 18 2 2 2 6 2 76 2 2 2 2 2 77 2 2 0 114 93 560 33 59 375 63 145 68 34 317 63 197 360 47 43 25 472 115 0 8 3 0 0 0 0 2 2 0 3 0 21 2 2 3 5 0 21 22 0 0 0 0 0 0 0 0 0 0 0 0 0 0 0 0 0 2 0 0 0 1 1 24 11 0 0 0 0 0 15 7 0 0 0 0 1 0 0 0 41 11 3 16 0 0 38 0 7 0 1 0 13 10 29 0 21 12 12 19 0 11 0 0 0 0 0 0 0 0 0 0 0 0 0 0 0 0 0 0 0 0 0 0 0 0 0 0 0 8 0 0 0 0 0 2 0 0 18 0 0 0 6 17 0 0 1 0 0 15 0 4 0 0 6 0 0 0 0 0 20 3 27 1 0 0 2 9 0 9 14 0 11 8 7 52 37 0 5 36 0 0 0 0 0 0 0 0 0 0 0 0 0 0 0 0 0 0 0 0 0 0 0 0 0 0 0 0 0 17 0 0 0 0 0 0 0 0 0 0 0 0 0 0 0 3 0 0 0 0 0 0 0 1 2 0 0 3 0 0 3 2 0 0 0 0 0 0 0 0 0 0 0 0 0 0 0 0 0 0 0 0 0 0 0 0 0 0 0 0 
 0 2 0 0 34 5 0 0 0 1 0 0 0 0 0 0 0 0 1 0 114 0 96 85 37 30 88 97 145 271 30 180 74 91 65 51 100 193 161 128 2 70 6 2 0 0 0 2 4 3 3 1 4 102 2 11 9 0 1 0 0 3 0 0 0 6 0 2 2 0 3 0 0 0 1 0 14 6 0 7 0 0 0 0 0 0 0 0 0 0 0 0 0 0 0 0 0 0 6 0 42 11 21 39 0 15 22 15 21 14 6 22 0 10 50 8 48 55 1 0 2 30 0 0 0 0 0 0 0 57 0 0 0 0 0 0 0 0 3 18 0 0 0 2 0 0 0 0 0 0 0 0 0 0 2 0 0 0 0 0 0 0 0 0 0 6 0 0 0 0 1 0 0 0 0 0 0 0 0 0 10 19 33 15 0 33 0 18 5 7 21 0 0 4 2 18 0 31 25 22 0 0 0 0 0 0 0 0 0 0 0 0 25 0 0 0 0 0 10 0 0 0 2 0 0 9 0 0 40 0 0 0 0 0 0 0 0 0 0 0 0 0 0 0 0 0 1 0 0 0 0 0 0 0 16 2 1 0 0 0 0 9 0 0 0 0 0 0 0 0 0 0 0 0 0 0 2 0 0 0 0 0 0 15 0 0 0 0 0 0 
 4 3 3 5 5 78 3 3 3 3 3 3 3 3 3 3 3 3 4 5 93 96 0 125 271 257 147 209 188 257 82 112 215 76 149 232 217 151 121 255 2 3 3 5 0 0 0 2 5 0 4 2 69 5 2 3 8 0 65 66 7 0 0 2 0 0 0 0 1 2 0 0 0 49 0 21 0 0 6 2 0 0 0 0 0 0 0 0 0 0 0 0 0 0 0 0 0 0 0 0 24 0 2 2 19 0 74 20 4 1 22 47 0 2 0 0 0 17 0 0 0 0 0 0 0 0 0 0 0 0 0 0 4 0 1 0 0 3 0 0 0 0 0 0 0 0 0 0 0 0 0 0 0 0 0 0 2 0 0 0 0 0 0 0 48 0 0 0 0 0 0 0 0 0 0 2 0 2 0 0 17 0 9 0 18 7 2 14 12 12 11 15 2 1 7 14 25 0 0 12 0 1 0 0 0 0 33 0 0 0 0 0 10 0 0 0 0 0 11 0 0 0 0 2 0 0 0 0 0 1 0 2 0 0 0 0 0 0 0 0 0 0 0 0 0 0 0 0 0 0 0 0 0 0 9 0 2 81 0 2 0 0 0 0 0 0 0 0 0 0 0 0 0 0 0 0 0 0 0 0 0 26 0 0 0 0 0 0 0 0 
 0 0 0 0 0 0 0 0 2 0 1 0 0 2 0 0 0 0 73 0 560 85 125 0 331 238 294 133 90 150 422 284 91 105 95 49 56 128 99 47 124 3 3 0 0 0 0 64 2 0 3 0 4 2 66 3 6 0 0 0 0 0 0 0 0 18 0 0 0 2 0 0 0 0 0 0 8 0 0 0 0 0 0 0 0 0 0 0 0 0 0 0 0 0 0 0 0 0 0 0 0 0 68 10 13 9 8 23 13 16 0 0 2 0 13 1 0 0 0 0 28 10 2 0 0 0 12 0 0 0 3 0 11 15 20 16 8 0 81 14 0 0 0 2 0 0 0 3 0 0 0 0 3 0 0 0 0 0 3 0 0 0 0 0 0 0 0 0 0 8 7 0 0 0 0 1 0 0 0 2 0 10 1 0 9 32 0 0 18 1 44 14 0 0 7 10 3 10 7 0 26 10 0 0 0 0 0 16 11 0 0 0 1 31 1 0 41 0 26 70 0 0 2 0 0 0 0 0 0 0 0 0 0 0 0 1 0 0 1 0 0 0 0 0 0 0 0 0 0 0 0 0 0 0 9 2 2 8 11 2 12 0 0 0 0 0 9 0 0 0 0 0 0 0 0 0 2 0 0 0 0 1 0 0 1 1 8 0 0 0 
 3 3 3 3 3 3 3 3 3 3 3 3 3 4 3 3 5 3 3 3 33 37 271 331 0 300 122 154 352 430 464 310 71 49 132 108 127 111 69 56 124 3 3 0 0 0 0 64 2 0 3 1 2 4 66 3 6 0 1 0 0 0 0 0 0 9 6 0 0 0 0 4 0 0 0 0 10 0 0 0 0 0 0 0 0 0 0 0 0 0 3 0 0 0 0 0 0 0 0 0 0 0 22 10 20 23 4 30 20 13 0 7 0 0 0 1 0 0 0 0 38 4 0 0 0 0 8 0 0 0 3 0 14 32 21 16 10 0 23 30 0 0 0 0 0 0 0 0 0 0 0 0 4 0 0 0 0 0 2 0 0 0 0 0 0 0 0 0 0 0 7 0 0 0 0 0 0 7 0 0 0 10 0 14 9 44 1 0 28 0 51 14 0 0 9 10 39 1 9 0 24 10 0 0 0 0 1 11 4 0 0 0 2 30 0 0 41 16 29 59 0 0 0 0 0 0 0 0 0 19 0 0 0 0 0 0 0 0 0 0 0 0 0 0 0 0 0 0 0 0 0 0 0 0 6 0 4 77 8 0 13 0 0 0 0 0 6 0 0 0 0 0 0 0 0 0 0 0 0 10 0 19 0 0 2 0 4 0 0 0 
 2 2 2 2 0 0 0 2 0 0 1 0 0 0 2 0 3 0 0 0 59 30 257 238 300 0 29 122 57 250 264 113 105 40 146 365 181 429 48 60 0 3 4 4 0 0 0 2 2 0 3 0 73 2 2 3 5 0 64 70 4 0 0 0 0 0 0 0 6 0 0 0 0 0 0 7 0 0 0 0 0 0 0 0 0 0 0 0 0 0 0 0 0 0 0 0 2 0 0 2 0 0 33 0 8 1 0 15 1 0 2 18 0 0 0 27 0 0 0 0 52 0 0 0 0 0 8 0 0 0 7 0 0 0 13 0 0 0 45 0 0 0 0 0 0 0 0 0 0 0 0 0 0 0 0 0 26 0 0 0 0 0 0 0 0 0 0 0 0 0 6 0 0 0 0 0 0 0 0 0 0 0 2 16 17 9 0 0 0 0 21 25 0 0 0 0 12 24 0 0 23 22 0 0 0 0 17 0 34 0 0 0 29 28 0 0 7 0 13 11 0 0 1 0 0 1 0 0 0 0 0 0 0 0 1 0 0 5 0 0 0 0 0 0 0 0 0 0 0 0 0 0 0 0 12 0 11 0 145 1 16 0 0 0 0 0 0 0 0 0 0 0 0 8 0 0 0 0 0 0 0 0 0 0 0 0 0 0 0 0 
 0 0 0 0 0 176 0 205 0 0 151 0 0 0 0 0 1 0 0 0 375 88 147 294 122 29 0 92 275 124 39 35 275 409 254 182 48 98 235 124 0 6 3 0 0 0 0 2 2 0 3 0 0 2 2 4 5 61 0 0 0 0 0 0 0 0 2 0 0 7 0 0 0 0 0 0 0 0 0 0 0 0 0 0 2 4 0 0 0 0 31 7 0 0 0 14 14 1 0 0 7 1 7 10 0 14 5 14 25 0 1 0 8 14 0 0 11 0 9 0 0 0 0 0 0 0 0 0 0 0 0 0 12 0 0 0 0 0 0 0 0 0 0 0 0 6 0 0 0 3 0 0 0 0 0 10 0 0 14 0 0 0 0 8 0 17 0 0 0 0 13 0 0 0 0 1 0 17 0 0 44 19 4 10 0 9 2 15 0 10 13 0 0 19 9 3 17 18 1 13 0 0 0 0 0 0 0 0 0 0 0 0 19 0 0 0 0 0 0 0 0 0 0 0 2 0 0 0 0 0 0 5 0 0 0 0 0 0 0 0 0 0 0 0 0 1 74 0 0 75 0 0 9 0 0 0 0 0 0 0 0 2 0 0 0 0 0 0 0 0 0 0 0 0 0 14 0 0 0 13 0 0 0 0 0 0 0 0 0 0 
 0 0 4 0 0 0 4 0 0 4 1 47 2 0 0 2 0 1 1 0 63 97 209 133 154 122 92 0 177 155 346 184 307 316 129 47 474 51 79 125 0 3 3 0 0 0 0 2 2 0 3 0 63 2 2 3 5 0 62 0 7 0 0 0 0 3 0 0 8 0 0 0 0 0 0 0 0 0 2 0 0 0 0 0 0 0 0 0 0 0 0 0 0 0 0 0 0 0 0 0 16 18 23 0 4 8 0 25 22 0 1 43 0 11 10 60 27 0 0 1 0 0 0 0 0 0 4 0 0 0 0 0 0 2 0 0 0 0 27 20 0 0 0 2 0 0 0 0 0 0 0 0 0 0 3 0 1 0 0 0 0 0 0 0 0 0 0 0 0 7 0 0 0 0 0 0 0 30 0 0 0 30 0 4 13 3 6 15 27 38 44 0 0 0 11 32 21 10 0 0 0 1 0 0 0 0 10 0 0 0 0 0 1 0 0 0 0 0 29 0 0 0 0 0 0 2 0 0 2 0 0 0 0 0 0 0 1 0 0 0 0 0 0 0 0 0 0 0 0 0 0 0 0 0 21 0 0 1 0 0 4 11 0 0 0 0 0 0 0 0 0 0 0 0 35 0 0 0 0 0 0 1 0 0 0 3 0 0 0 0 
 5 7 8 5 5 7 5 5 4 5 5 5 3 5 6 5 5 4 5 5 145 145 188 90 352 57 275 177 0 180 147 146 370 143 101 299 98 135 205 45 0 7 3 0 0 0 24 2 2 0 3 0 0 2 2 209 2 1 22 0 0 0 0 0 0 4 0 0 0 0 0 0 0 47 0 0 4 0 0 0 0 0 0 20 0 0 0 0 0 0 0 0 0 0 0 0 0 0 0 0 0 0 26 36 21 23 13 7 23 30 0 44 0 23 9 33 94 0 0 0 6 0 0 0 0 0 6 0 0 1 1 0 0 1 0 0 1 0 14 14 0 1 0 0 0 0 0 2 2 0 0 2 0 0 0 0 0 0 0 0 0 0 0 0 70 0 0 0 0 0 0 0 0 0 0 0 0 18 0 0 0 18 13 10 2 26 0 8 23 2 10 36 2 0 30 42 0 14 6 3 0 0 0 0 0 0 10 0 0 0 2 0 0 0 0 0 0 1 18 28 0 0 0 0 0 0 0 0 0 0 0 0 0 0 0 10 0 0 0 0 0 0 7 0 0 0 1 0 0 0 0 0 0 0 5 0 1 38 0 3 4 2 0 0 0 0 18 0 0 0 0 0 0 0 0 0 0 0 0 0 0 0 0 0 0 23 8 0 0 0 
 3 0 0 0 2 82 0 0 0 7 0 0 0 1 0 0 0 1 0 0 68 271 257 150 430 250 124 155 180 0 482 75 66 190 270 192 445 67 415 87 65 3 3 0 0 0 64 2 2 0 3 1 43 2 2 3 5 1 96 1 4 0 0 0 0 0 0 0 56 1 2 0 0 0 0 6 25 2 0 0 0 0 0 0 0 0 0 0 0 0 0 0 0 0 0 0 0 0 0 0 0 24 15 0 21 7 0 20 0 41 9 27 15 0 0 50 0 10 0 0 21 11 0 0 0 14 15 0 0 0 0 0 0 0 0 0 0 0 1 0 0 0 0 0 0 0 0 0 0 0 0 0 10 0 0 0 0 0 0 0 0 0 0 0 0 0 0 0 0 0 0 0 0 0 0 0 0 9 0 2 15 19 0 0 7 13 0 0 10 46 0 39 0 0 0 22 13 17 0 0 13 10 0 0 0 0 24 0 0 13 0 0 10 2 0 0 44 0 1 35 0 0 0 0 0 0 0 0 0 0 0 0 0 0 0 0 0 0 1 0 0 0 0 0 0 0 0 0 0 0 0 0 0 0 11 3 4 119 3 2 2 0 0 0 0 0 0 0 0 0 0 0 0 0 0 0 1 0 0 0 0 9 0 0 0 20 0 0 0 0 
 2 2 3 0 0 0 0 5 0 0 0 0 0 0 0 0 3 0 0 0 34 30 82 422 464 264 39 346 147 482 0 140 303 194 234 94 272 60 34 261 65 3 3 4 0 0 43 65 2 0 3 0 13 4 65 3 3 0 20 0 0 0 0 2 0 3 0 52 2 0 0 0 0 2 0 0 1 0 0 7 0 0 0 0 1 0 0 0 0 0 0 0 2 0 0 0 0 0 0 0 0 11 15 1 9 2 8 18 1 17 5 20 0 0 0 36 1 10 0 5 77 0 1 0 0 1 2 0 0 1 15 0 1 15 17 15 7 0 43 6 1 1 0 0 11 0 0 0 0 0 0 0 0 0 0 0 0 0 0 0 0 0 0 0 0 0 0 0 0 0 20 0 0 0 0 0 0 0 0 0 0 16 0 0 15 38 0 0 6 20 29 43 0 0 12 13 25 30 3 0 21 11 0 0 0 0 11 13 8 0 0 0 1 35 14 0 30 2 11 104 0 0 5 0 0 0 0 0 0 0 2 0 0 0 0 0 0 0 0 0 0 0 0 0 0 1 0 0 0 0 0 0 0 0 10 0 1 112 23 4 13 1 0 0 0 0 6 0 0 0 0 0 0 0 0 0 0 0 0 0 0 21 0 0 1 12 15 0 0 0 
 0 3 0 0 3 0 0 0 0 0 0 0 0 2 2 0 3 0 0 0 317 180 112 284 310 113 35 184 146 75 140 0 264 144 64 121 191 244 330 114 0 6 3 0 0 1 0 32 212 0 3 0 1 8 2 3 2 0 0 0 0 0 0 0 0 4 0 0 0 0 0 0 0 0 0 0 4 0 0 0 0 1 0 0 0 0 0 0 0 0 0 0 0 0 0 0 0 0 0 0 28 14 13 26 11 15 44 40 30 12 20 20 0 12 2 34 14 8 0 0 0 11 0 0 0 0 0 0 12 0 0 1 0 12 0 0 0 0 15 28 0 0 0 0 0 0 0 0 0 1 0 0 0 0 4 1 0 0 0 0 0 0 0 0 0 0 1 0 0 0 0 0 0 0 0 0 0 2 0 0 2 19 20 23 10 27 0 12 12 5 23 0 0 0 13 10 1 2 8 11 0 9 14 0 0 0 0 8 0 10 0 0 0 0 0 2 0 8 33 12 0 0 0 0 0 0 0 0 1 0 0 0 0 0 0 12 0 0 0 0 0 0 0 0 0 0 0 0 0 0 0 0 0 1 3 0 1 1 0 3 9 4 0 0 0 0 8 0 0 0 0 0 0 0 0 0 0 0 0 0 0 9 0 0 19 0 16 0 0 0 
 0 2 0 0 0 97 1 0 0 0 0 0 0 0 0 2 0 0 0 0 63 74 215 91 71 105 275 307 370 66 303 264 0 169 36 128 22 114 224 54 0 4 3 0 0 0 0 2 2 0 3 0 0 2 2 4 5 1 0 0 0 5 1 0 0 0 10 10 0 1 0 0 0 3 11 3 12 0 0 0 0 0 0 0 2 2 0 0 0 0 0 6 0 0 0 0 0 0 0 0 0 0 27 11 0 13 7 1 54 0 0 0 14 33 41 0 12 5 0 12 0 0 0 0 0 2 0 0 0 0 0 0 10 0 0 0 0 0 0 0 0 0 0 0 0 0 0 0 0 2 0 0 0 0 0 6 0 0 0 0 0 36 0 0 0 0 0 0 0 0 13 0 0 0 0 0 0 2 0 0 22 0 8 27 0 60 21 18 11 0 1 0 0 12 29 14 13 35 9 12 0 0 0 0 0 0 0 0 0 0 0 0 12 0 0 0 0 0 0 0 0 0 0 0 2 0 0 2 0 0 0 0 0 0 0 0 0 0 0 0 0 0 9 0 0 0 0 0 0 0 0 0 0 0 7 2 2 0 0 2 1 0 0 0 0 0 0 0 0 0 0 0 0 0 0 0 0 0 0 10 0 0 0 0 0 0 0 0 0 0 
 11 3 4 2 15 151 2 2 2 5 2 2 2 2 4 2 2 2 2 2 197 91 76 105 49 40 409 316 143 190 194 144 169 0 82 116 31 189 382 82 0 5 3 0 2 3 0 2 2 0 5 3 0 2 2 3 4 0 67 0 0 0 3 0 0 7 0 0 0 0 0 2 0 2 0 0 34 2 0 0 0 0 0 0 14 0 0 0 0 0 0 2 0 0 0 0 0 0 0 0 66 32 35 70 19 0 33 34 27 8 54 22 0 11 0 7 9 25 13 22 0 0 0 0 0 0 0 0 0 0 0 0 0 0 0 0 0 0 0 21 0 0 13 0 0 0 0 0 0 8 0 0 0 0 0 4 0 0 12 0 0 0 0 0 0 12 0 0 19 0 0 3 0 0 13 2 0 0 0 0 33 22 22 0 8 19 0 0 55 13 36 0 0 20 44 61 20 16 25 72 1 0 0 0 0 0 0 0 0 0 0 0 0 0 0 0 0 0 21 2 0 0 0 0 0 0 0 0 0 0 0 0 0 0 0 0 0 0 0 18 0 0 0 0 0 0 0 0 0 0 0 0 0 0 2 1 0 0 1 0 1 1 0 0 0 0 4 0 0 0 0 0 0 0 0 0 0 0 0 0 0 7 0 0 0 0 5 0 0 0 
 0 0 0 0 0 0 0 77 0 0 76 1 0 1 2 0 0 0 0 0 360 65 149 95 132 146 254 129 101 270 234 64 36 82 0 168 98 123 91 171 0 3 65 0 0 0 1 2 4 0 9 0 134 2 2 3 4 0 68 0 8 0 0 0 0 0 0 0 2 0 0 0 0 0 0 0 0 46 0 0 0 0 0 1 15 13 0 0 0 0 0 1 0 0 22 0 18 2 14 0 0 28 46 0 1 0 1 14 0 21 21 26 0 19 15 15 0 24 17 10 20 0 0 0 0 0 24 0 0 0 0 0 0 0 0 0 0 0 16 42 0 0 0 0 0 0 0 0 0 0 0 0 0 0 1 0 0 0 2 0 0 1 6 0 0 0 0 0 0 0 0 5 0 0 6 0 0 0 0 0 0 9 0 1 0 12 4 0 16 14 29 8 0 0 6 9 79 29 9 0 20 0 0 0 0 0 35 0 0 0 0 0 35 0 0 0 0 0 28 1 0 0 0 0 2 0 1 0 0 0 0 0 0 1 0 0 0 0 0 0 0 0 0 0 0 0 0 0 0 0 0 0 0 0 9 0 0 4 74 1 5 0 0 0 0 0 0 0 0 0 0 0 0 0 0 0 0 0 0 0 0 1 0 0 0 27 0 0 0 0 
 0 0 2 0 0 103 117 0 0 0 0 85 0 0 2 0 2 0 0 0 47 51 232 49 108 365 182 47 299 192 94 121 128 116 168 0 606 115 130 80 7 3 3 0 0 0 0 2 2 0 6 0 0 2 2 3 5 0 0 0 0 0 0 0 69 0 0 0 0 0 0 0 0 0 0 0 0 0 0 0 0 0 0 0 2 11 0 0 0 0 0 0 0 0 0 0 0 2 0 0 1 10 13 0 6 2 0 27 4 19 68 42 0 11 0 0 11 3 37 0 2 1 0 0 0 0 0 0 0 0 0 0 4 17 0 0 0 2 0 5 0 0 0 0 0 0 0 0 0 0 0 0 1 0 0 0 0 2 0 0 0 1 0 0 0 0 0 0 0 0 0 0 0 0 0 0 0 36 0 0 16 1 9 3 14 18 27 16 11 48 0 0 12 11 10 23 56 19 0 0 0 0 0 0 2 0 12 0 0 0 0 0 18 0 0 0 0 0 1 0 0 0 0 0 0 0 1 0 0 0 0 0 0 0 0 0 0 0 0 2 0 0 0 0 0 0 0 0 0 0 0 0 0 0 5 0 1 124 0 1 15 0 0 0 0 0 0 0 0 0 0 0 0 0 0 0 0 0 0 2 0 30 0 0 0 0 0 0 0 0 
 0 0 0 47 0 0 107 2 4 0 0 0 2 0 0 0 4 0 0 74 43 100 217 56 127 181 48 474 98 445 272 191 22 31 98 606 0 67 44 21 65 3 8 0 0 58 32 4 2 2 3 2 62 5 2 3 5 0 90 65 9 0 0 0 0 2 0 0 4 0 0 0 0 0 0 5 0 0 0 0 0 0 0 1 0 0 0 0 0 2 0 0 0 0 0 0 0 0 0 0 19 0 12 0 53 8 21 11 0 29 55 120 0 0 0 8 0 19 0 0 23 17 2 1 0 0 0 0 0 0 0 0 0 0 0 0 0 0 12 38 0 0 0 0 0 1 0 0 0 0 0 0 2 0 0 0 0 0 0 0 7 0 0 2 0 0 0 0 0 0 4 0 0 0 0 0 0 0 0 0 9 1 21 0 25 14 0 0 0 0 46 21 0 0 1 1 28 12 0 13 21 12 0 0 0 0 27 0 0 0 0 1 8 2 2 0 9 0 1 26 0 0 0 0 0 0 0 0 0 0 0 0 0 0 0 0 0 0 0 0 0 0 0 0 0 0 0 0 0 0 0 0 0 2 8 0 3 121 2 1 7 1 0 0 0 0 0 0 0 0 0 0 0 0 0 0 0 0 0 0 0 18 0 0 2 16 0 0 0 0 
 72 4 74 1 74 75 0 1 6 0 0 0 2 0 2 0 5 0 0 0 25 193 151 128 111 429 98 51 135 67 60 244 114 189 123 115 67 0 116 110 0 3 3 2 0 2 0 2 2 0 3 2 13 2 3 3 4 2 0 0 0 0 0 0 1 4 0 0 0 6 0 0 0 28 0 0 7 0 0 0 0 0 0 0 0 0 0 0 0 0 0 0 0 0 0 0 1 0 0 0 14 19 28 11 0 0 7 39 15 13 12 0 0 0 21 22 0 21 1 1 13 0 0 0 0 0 15 0 0 0 0 12 0 0 0 0 0 0 12 0 0 0 0 0 0 0 0 0 0 0 1 0 0 0 6 0 0 0 0 0 0 0 0 0 0 0 0 0 0 0 0 1 0 1 1 0 0 3 0 0 11 20 8 1 0 8 11 14 18 19 12 22 0 10 9 37 0 20 17 27 7 0 0 0 0 0 0 0 0 0 0 0 10 2 0 0 13 0 16 23 0 0 0 0 0 0 0 0 10 0 0 0 0 0 0 0 0 0 0 0 0 0 0 0 0 0 0 0 0 1 0 0 0 0 2 2 1 2 5 3 2 9 0 0 0 0 8 1 0 0 0 2 0 0 0 0 0 0 0 0 0 1 0 0 0 0 7 0 0 0 
 0 0 2 0 72 99 0 0 0 0 74 1 0 76 2 1 0 4 0 0 472 161 121 99 69 48 235 79 205 415 34 330 224 382 91 130 44 116 0 210 0 6 3 0 0 18 0 2 2 0 3 0 0 2 2 3 4 0 0 0 0 0 0 2 0 0 0 0 0 3 0 0 2 0 0 0 0 0 0 0 0 0 0 1 1 0 0 0 2 0 38 11 0 0 0 13 19 0 0 0 34 14 0 19 0 0 22 1 8 1 16 0 20 13 13 0 11 14 2 1 0 0 0 0 0 0 0 0 0 0 0 0 0 0 0 0 0 0 0 0 0 0 1 0 2 0 0 0 0 3 25 0 0 0 0 4 0 0 14 0 0 21 0 11 0 20 0 1 0 0 14 0 0 0 0 0 0 18 2 0 61 59 14 26 0 0 15 16 19 22 7 0 0 20 8 27 0 11 1 37 0 0 0 0 0 0 0 0 0 0 0 0 0 0 0 0 0 0 0 0 0 0 0 0 0 0 0 0 0 0 0 0 0 0 0 0 0 0 0 0 0 0 0 0 0 0 0 0 0 77 0 0 11 0 2 0 1 0 0 1 3 0 0 0 0 0 0 0 0 0 0 0 0 0 0 16 0 0 0 0 0 0 0 0 0 0 0 0 0 0 
 0 50 63 74 0 27 0 129 75 76 108 150 0 0 3 64 83 0 0 0 115 128 255 47 56 60 124 125 45 87 261 114 54 82 171 80 21 110 210 0 0 3 3 2 5 3 0 2 2 2 5 3 0 2 2 68 2 0 0 0 0 0 3 51 4 0 0 0 0 0 2 5 0 2 0 0 0 0 0 0 14 2 0 0 4 39 0 0 0 0 0 14 0 0 0 19 12 14 0 0 13 9 0 2 0 0 22 21 0 17 20 0 28 20 20 14 51 0 48 20 0 0 0 0 0 0 0 0 0 0 0 0 0 0 0 13 0 0 48 0 0 0 0 0 0 0 0 0 0 0 0 0 0 0 16 0 0 0 0 0 0 0 20 0 0 8 16 0 6 1 0 20 0 0 11 0 28 0 0 0 11 8 0 10 0 0 27 34 0 0 1 0 27 22 15 0 5 28 0 0 0 0 0 0 0 0 0 0 0 0 0 0 0 0 0 1 0 0 0 0 0 0 0 0 0 0 0 0 0 0 0 0 0 0 0 0 0 0 0 0 0 0 0 0 0 0 20 0 0 0 0 0 0 1 14 2 0 0 0 2 0 5 0 0 0 0 0 0 0 0 0 0 0 0 0 0 13 0 0 0 0 0 0 0 0 0 0 0 0 0 
 0 0 0 0 0 0 0 0 0 0 57 0 0 0 0 0 0 0 0 0 0 2 2 124 124 0 0 0 0 65 65 0 0 0 0 7 65 0 0 0 0 82 67 65 40 229 115 140 249 32 18 245 59 85 128 93 52 36 48 98 0 0 32 0 0 0 0 7 9 0 3 0 2 0 28 16 52 7 0 0 0 0 0 0 0 0 0 0 0 0 0 0 0 19 0 0 0 0 0 0 0 0 0 0 8 9 0 0 0 8 5 8 0 0 0 0 0 1 0 0 9 28 11 0 4 0 6 7 1 20 8 37 28 32 27 20 11 26 16 0 0 0 0 27 0 24 0 0 0 0 0 0 30 10 0 0 9 0 1 0 0 0 0 0 0 0 0 0 0 0 4 0 0 0 0 0 0 0 0 0 0 0 0 0 9 0 0 0 0 0 0 0 0 0 0 0 11 0 0 0 9 0 17 8 0 0 0 0 20 13 19 0 15 44 39 0 34 11 0 20 0 5 0 0 0 1 0 0 2 0 0 0 0 0 0 0 0 0 0 0 0 0 0 0 0 0 0 0 0 0 0 0 0 0 0 0 0 73 63 0 0 0 0 0 75 2 0 0 1 0 0 0 0 0 0 5 0 0 0 0 0 9 0 0 12 0 0 0 0 0 
 0 0 0 0 0 0 0 0 0 0 0 0 0 0 3 0 3 0 7 0 8 70 3 3 3 3 6 3 7 3 3 6 4 5 3 3 3 3 6 3 82 0 187 211 49 106 143 305 336 54 45 106 122 128 131 341 69 33 57 71 0 0 0 0 0 0 0 4 0 0 2 0 6 0 0 0 0 0 0 0 0 0 0 0 0 0 0 0 0 0 0 0 0 0 0 0 0 0 0 0 2 0 0 6 0 0 3 0 0 0 0 0 0 0 6 0 1 20 0 0 2 8 10 11 7 35 0 0 0 0 17 10 10 28 10 20 24 15 0 10 9 0 22 0 0 0 0 0 0 0 0 3 12 1 0 0 0 0 0 0 0 0 0 0 0 8 0 0 0 0 0 0 0 0 0 0 0 0 0 0 3 0 6 3 1 0 0 4 0 0 5 0 0 0 17 4 0 0 0 1 1 8 23 25 7 0 14 33 11 43 0 31 42 14 0 47 25 16 0 0 0 0 0 0 0 0 0 0 0 0 0 0 0 0 16 0 0 0 22 14 0 0 3 0 0 0 0 0 0 0 0 3 0 1 0 0 0 0 0 11 0 0 2 89 2 1 0 0 0 0 0 0 0 0 0 0 0 0 0 0 0 0 0 0 0 0 0 2 0 0 
 0 0 0 0 0 0 0 0 0 0 0 0 0 2 3 0 0 0 2 0 3 6 3 3 3 4 3 3 3 3 3 3 3 3 65 3 8 3 3 3 67 187 0 111 55 78 318 101 66 318 148 261 284 126 128 88 260 79 40 50 1 0 0 19 0 6 0 3 0 0 7 0 106 0 2 6 0 17 1 0 15 0 8 0 0 0 0 0 0 0 0 0 0 0 0 0 0 0 0 0 0 0 0 0 0 0 0 0 10 0 0 0 0 0 0 0 0 0 0 0 0 7 18 16 0 6 0 0 21 2 9 21 0 7 25 0 27 8 0 1 0 25 11 0 13 0 0 0 4 0 21 21 0 0 0 2 2 0 0 10 15 0 0 0 0 1 0 0 0 0 0 0 0 0 0 0 0 0 0 0 0 0 0 0 0 0 0 0 0 0 0 0 0 0 0 0 0 0 0 0 1 14 1 17 26 56 0 15 19 8 1 21 1 19 0 31 9 0 0 0 0 0 4 6 5 0 12 0 0 8 5 1 0 0 0 0 1 2 42 38 0 0 0 0 0 0 0 0 0 1 0 2 0 0 0 0 0 2 0 1 0 0 2 67 0 14 2 0 0 0 12 0 0 0 0 0 0 0 0 0 0 0 0 0 5 8 0 8 1 0 
 0 0 0 0 127 42 0 0 0 0 0 0 0 0 0 0 0 0 0 0 0 2 5 0 0 4 0 0 0 0 4 0 0 0 0 0 0 2 0 2 65 211 111 0 114 23 135 86 79 349 61 199 312 106 70 50 54 233 154 122 57 3 3 0 0 0 0 0 3 1 0 2 55 1 0 0 1 52 0 1 0 0 0 0 0 0 0 0 0 0 0 0 0 0 0 58 0 0 0 0 0 0 0 0 0 0 0 0 0 0 0 0 0 0 0 0 0 0 0 0 0 10 10 14 7 6 0 0 6 1 24 7 0 8 11 14 0 57 0 0 20 0 0 22 0 0 31 26 13 0 10 2 37 22 11 7 10 13 15 21 0 0 0 7 6 1 0 0 0 0 0 0 0 0 0 0 0 0 0 0 0 0 0 0 0 0 0 0 0 0 0 0 0 0 0 0 0 0 0 0 0 14 8 14 2 17 0 4 4 1 0 7 0 8 0 9 8 22 0 0 0 22 1 0 0 0 0 0 0 0 0 0 39 10 14 1 14 0 37 31 17 0 7 0 0 0 0 0 0 0 0 3 0 0 0 0 0 0 0 8 0 0 1 0 0 8 0 9 0 0 0 0 0 0 0 0 0 0 0 0 0 0 2 0 0 0 0 1 1 0 
 2 1 0 0 0 0 0 0 0 3 0 0 0 0 0 0 3 0 0 0 0 0 0 0 0 0 0 0 0 0 0 0 0 2 0 0 0 0 0 5 40 49 55 114 0 310 33 112 78 84 148 124 81 104 65 69 53 120 66 84 24 0 0 0 31 0 0 51 51 0 0 0 58 23 0 0 50 0 0 58 0 0 0 0 0 0 0 0 0 0 0 0 0 0 0 0 0 0 0 0 0 0 0 0 0 0 0 0 0 0 0 0 0 0 0 0 0 0 0 0 0 8 0 34 22 7 0 0 10 25 7 9 0 0 10 0 12 0 0 0 2 0 16 0 4 0 27 9 9 0 11 10 7 12 14 7 23 28 9 23 0 0 0 0 0 0 0 0 0 0 0 0 0 0 0 0 0 0 0 0 0 0 0 0 16 0 0 7 0 0 0 0 0 0 0 0 0 0 0 0 0 0 9 0 17 22 0 0 0 0 0 5 0 0 0 0 0 0 0 0 19 1 29 21 11 0 85 27 0 12 0 0 1 46 12 6 20 9 15 5 17 0 0 0 0 0 0 0 0 0 0 7 0 0 0 0 0 0 0 1 0 0 68 0 0 1 3 0 0 0 0 0 0 0 0 0 0 0 0 0 0 0 7 0 9 0 0 0 11 0 
 3 0 0 31 0 0 0 0 0 6 0 0 0 0 4 0 3 0 0 0 0 0 0 0 0 0 0 0 0 0 0 1 0 3 0 0 58 2 18 3 229 106 78 23 310 0 12 89 60 311 137 378 103 54 37 70 121 154 49 90 0 0 0 1 0 0 30 0 0 0 0 3 2 1 0 0 0 3 0 0 0 0 0 0 0 0 0 0 0 0 0 0 0 0 0 0 0 0 0 9 0 0 0 0 0 0 0 0 0 0 0 0 0 0 0 0 0 0 0 0 0 0 9 40 23 9 1 0 22 14 8 0 0 0 29 5 14 8 0 0 0 0 6 0 2 0 0 0 29 0 11 1 1 26 14 8 0 19 0 8 0 23 0 0 0 10 0 0 0 0 0 0 0 0 0 0 0 0 0 0 0 0 0 0 0 0 0 0 0 0 0 0 0 0 0 0 0 0 0 0 0 0 0 0 11 0 1 1 0 7 0 0 0 0 0 9 0 18 0 0 8 8 19 11 0 0 29 12 0 0 7 0 11 11 0 0 0 11 0 6 0 0 0 0 0 0 0 0 0 0 0 15 0 0 0 0 0 0 0 8 0 0 33 4 0 1 0 0 0 0 0 0 0 0 0 0 0 0 0 0 0 0 0 0 7 0 0 0 13 0 
 0 0 0 0 0 0 0 0 0 0 0 0 0 0 0 0 0 0 0 0 0 0 0 0 0 0 0 0 24 64 43 0 0 0 1 0 32 0 0 0 115 143 318 135 33 12 0 154 122 138 44 108 127 32 399 143 92 244 400 97 0 0 0 0 0 0 0 3 0 0 1 0 1 0 0 0 0 0 0 0 0 0 0 0 0 0 0 0 0 0 0 0 0 0 0 0 0 0 0 0 0 0 14 0 7 0 0 0 0 18 0 15 0 0 0 19 0 0 0 0 53 35 15 14 40 11 3 9 11 0 0 38 0 30 15 12 10 34 14 10 0 0 10 0 0 0 0 0 0 0 0 0 0 0 0 0 0 0 0 0 0 0 0 0 0 0 6 0 0 0 11 0 13 0 0 0 0 0 0 0 0 0 0 0 0 0 0 0 0 0 0 27 0 0 0 1 0 19 0 0 0 8 31 22 0 9 35 39 14 15 21 11 7 20 0 11 0 1 0 62 0 0 0 0 0 0 0 0 0 0 0 0 0 0 13 0 0 0 0 0 0 0 0 0 0 0 0 0 0 0 0 7 0 1 0 0 0 31 0 10 0 0 0 0 2 0 2 0 0 0 0 0 0 0 0 0 0 0 0 0 0 0 0 0 0 15 0 0 0 0 
 3 3 3 3 3 3 23 3 3 3 3 2 2 3 5 3 3 2 3 3 2 2 2 64 64 2 2 2 2 2 65 32 2 2 2 2 4 2 2 2 140 305 101 86 112 89 154 0 89 50 107 29 103 122 381 105 64 121 74 146 0 0 0 0 0 0 6 9 0 0 5 0 88 5 0 1 0 2 5 0 0 0 0 0 0 14 0 0 0 0 0 0 0 0 0 0 0 0 0 7 3 0 0 0 0 0 0 0 0 0 0 0 0 0 0 0 0 0 0 0 0 10 19 9 1 0 0 0 34 20 18 24 32 42 27 13 41 9 15 29 5 0 5 0 44 0 0 0 0 6 0 0 0 1 0 0 0 3 0 12 0 0 0 0 0 0 0 0 0 0 4 0 0 0 0 0 0 0 0 0 0 0 0 0 18 0 0 0 0 0 5 1 0 0 0 0 0 0 0 0 0 8 19 0 18 1 0 24 28 28 1 0 0 38 21 0 16 11 0 14 36 0 0 0 0 0 24 0 0 0 1 0 0 29 3 4 6 13 0 0 0 0 0 0 0 0 0 0 0 0 0 11 0 0 0 0 0 0 63 0 0 0 65 0 2 0 2 0 1 0 0 0 0 0 0 0 0 0 0 0 0 0 0 0 28 0 0 0 0 0 
 3 3 4 3 3 3 4 3 3 3 3 3 3 3 5 3 4 3 3 3 2 4 5 2 2 2 2 2 2 2 2 212 2 2 4 2 2 2 2 2 249 336 66 79 78 60 122 89 0 80 118 160 168 135 487 260 317 29 72 67 5 0 3 0 0 0 2 6 3 1 0 7 4 5 4 0 0 0 3 2 0 0 0 0 14 0 0 0 0 0 0 0 0 0 0 0 0 0 0 0 0 0 0 0 0 0 0 0 0 0 0 0 0 0 0 0 0 0 0 0 12 19 15 11 13 18 30 21 10 25 10 6 13 0 1 10 11 22 0 17 10 18 4 0 0 0 6 41 0 2 0 0 0 3 13 0 0 2 18 1 0 0 0 0 0 0 1 0 0 0 0 0 0 0 0 0 0 0 0 0 0 2 0 0 7 0 0 0 0 0 0 0 0 0 0 0 0 0 0 0 8 0 36 23 42 6 22 21 45 16 12 15 8 1 26 3 0 0 0 0 15 0 0 0 0 0 0 0 0 0 1 0 0 3 0 0 0 1 2 3 0 0 0 0 0 0 0 0 0 0 0 9 0 1 0 0 0 0 0 8 0 29 0 2 67 4 0 1 2 0 0 0 0 0 1 0 0 0 0 0 0 3 2 0 0 0 0 0 0 0 
 0 0 0 0 0 0 0 0 0 0 78 0 0 0 0 0 0 0 0 0 0 3 0 0 0 0 0 0 0 0 0 0 0 0 0 0 2 0 0 2 32 54 318 349 84 311 138 50 80 0 85 90 75 75 184 473 71 107 126 154 0 0 0 0 0 0 3 6 0 0 0 0 0 4 0 0 0 0 3 0 0 0 0 1 0 0 0 0 0 0 0 0 0 0 0 0 0 0 0 0 0 0 0 0 0 0 0 0 0 0 0 0 0 0 0 0 0 0 0 0 0 24 9 0 25 33 13 12 0 14 15 0 14 20 9 19 0 2 0 13 27 11 5 0 0 0 2 8 0 7 0 1 9 27 10 7 0 5 0 3 0 0 0 0 0 0 8 0 0 0 0 0 0 0 0 0 0 0 0 0 0 0 0 0 5 0 0 0 0 0 0 0 0 0 0 0 0 0 0 0 0 4 38 23 6 7 0 22 0 11 30 28 10 3 21 3 0 6 0 0 7 26 0 0 0 0 6 0 0 0 1 0 24 5 7 3 3 5 9 11 0 0 28 0 0 0 0 0 0 0 0 6 0 0 0 0 0 0 0 9 0 0 1 0 0 3 2 64 0 0 0 0 0 0 0 0 0 0 0 0 0 0 0 0 0 22 0 0 2 0 
 2 0 0 0 0 0 3 0 0 4 0 0 0 0 2 0 1 0 0 0 3 3 4 3 3 3 3 3 3 3 3 3 3 5 9 6 3 3 3 5 18 45 148 61 148 137 44 107 118 85 0 110 31 318 126 161 667 67 54 62 1 2 0 0 0 0 0 2 0 0 0 2 97 0 0 0 0 0 4 0 0 0 0 0 0 0 0 0 0 0 16 0 0 0 0 0 0 0 0 0 0 8 6 0 3 0 0 0 0 4 0 3 0 0 0 6 0 0 0 0 3 0 13 36 7 34 3 6 27 18 10 1 0 0 0 37 31 17 0 0 27 13 19 0 4 0 1 0 0 6 20 1 3 6 3 0 0 0 62 18 0 0 0 0 0 6 0 0 0 0 0 0 0 0 0 0 0 0 0 4 0 0 0 0 5 0 0 0 0 8 0 0 0 0 0 0 4 0 0 0 24 0 0 0 34 6 3 11 10 29 32 0 0 0 11 14 0 0 0 0 15 0 0 9 0 0 12 0 0 0 0 0 0 20 0 0 0 0 19 45 0 0 0 0 12 0 0 0 0 0 0 17 0 2 1 0 0 0 1 0 0 0 2 64 70 6 1 88 1 0 9 0 0 0 0 0 0 0 0 0 0 1 0 0 8 6 0 4 0 0 
 3 0 3 0 0 0 0 0 0 6 0 0 0 1 0 0 2 0 2 0 0 1 2 0 1 0 0 0 0 1 0 0 0 3 0 0 2 2 0 3 245 106 261 199 124 378 108 29 160 90 110 0 239 49 33 378 90 212 62 58 0 0 0 0 0 0 0 0 0 0 0 0 1 6 0 0 0 0 0 0 0 0 0 0 0 0 0 0 0 0 0 0 0 0 0 0 0 0 0 0 0 0 0 0 0 0 0 0 0 0 0 0 0 0 0 0 0 0 0 0 0 13 20 8 18 12 6 0 5 0 9 0 0 16 8 21 13 21 0 0 0 0 0 0 0 0 11 8 6 0 19 3 13 19 4 10 6 14 16 44 0 0 0 0 0 0 0 0 0 0 0 0 0 0 0 0 0 0 0 0 0 0 0 0 0 0 0 0 0 0 0 0 54 0 0 0 0 0 0 0 0 6 15 10 0 11 10 26 9 0 1 68 0 0 0 1 1 7 0 0 2 26 25 10 0 0 2 10 0 0 0 0 23 5 0 0 7 9 6 2 11 0 10 0 0 0 0 0 0 0 0 9 0 1 0 0 0 0 0 23 0 1 74 0 0 3 2 1 0 0 0 0 0 0 0 0 0 0 0 0 0 4 1 0 0 0 0 0 0 0 
 0 0 4 0 0 0 0 0 5 0 0 0 0 0 0 0 0 0 0 0 21 4 69 4 2 73 0 63 0 43 13 1 0 0 134 0 62 13 0 0 59 122 284 312 81 103 127 103 168 75 31 239 0 170 135 381 239 28 117 75 9 0 0 0 0 0 53 0 5 0 1 0 0 0 0 6 0 0 0 5 0 0 0 0 0 0 0 0 0 0 0 0 0 0 0 0 6 0 0 0 0 10 0 0 0 0 0 0 0 0 0 8 0 0 0 15 9 0 0 0 0 54 10 0 1 0 39 24 1 0 0 8 10 21 0 0 0 18 1 11 0 0 1 0 0 0 0 3 0 0 0 0 0 17 0 0 0 0 2 0 0 0 0 0 0 0 1 0 0 0 0 0 0 0 0 0 0 0 0 0 0 0 0 0 26 3 0 0 0 10 0 8 0 0 0 0 4 7 0 0 2 0 49 20 0 3 28 13 6 8 10 9 9 17 15 1 4 7 0 5 0 0 0 0 0 0 0 0 0 0 0 0 0 0 0 0 0 0 0 0 0 0 0 0 0 0 0 0 0 19 0 5 0 2 0 0 0 0 2 45 0 0 0 1 64 2 0 1 0 0 0 0 0 0 0 0 0 0 0 0 0 0 0 0 11 0 0 0 0 0 
 0 0 2 0 0 0 0 62 0 0 0 0 0 3 1 0 0 0 0 0 2 102 5 2 4 2 2 2 2 2 4 8 2 2 2 2 5 2 2 2 85 128 126 106 104 54 32 122 135 75 318 49 170 0 183 112 28 27 84 117 0 0 0 0 0 0 3 0 0 0 1 0 7 0 0 0 0 0 0 0 0 0 14 0 0 0 0 0 0 0 0 0 0 0 0 0 0 0 0 0 0 0 0 0 1 23 0 0 0 0 0 0 0 0 0 0 0 0 0 0 3 6 0 18 0 8 59 22 21 1 0 26 31 28 0 2 18 28 1 16 0 0 6 0 0 0 1 47 0 0 0 0 5 0 0 0 0 0 12 1 0 0 0 0 0 3 0 0 0 0 0 0 6 0 0 0 0 0 0 0 0 0 0 10 11 0 0 0 0 0 0 0 0 0 0 0 9 0 0 0 12 24 35 16 10 0 3 1 18 16 11 0 23 11 24 11 4 22 0 0 0 0 0 0 13 0 0 0 0 0 0 0 0 0 0 0 0 0 0 0 0 0 0 0 0 0 0 0 0 0 0 9 0 2 0 0 0 0 0 0 0 0 1 10 64 2 0 0 2 0 0 0 0 0 0 0 0 0 0 0 0 0 0 0 10 0 0 0 0 0 
 0 0 0 0 0 49 0 0 0 0 0 0 0 0 2 0 0 0 2 0 2 2 2 66 66 2 2 2 2 2 65 2 2 2 2 2 2 3 2 2 128 131 128 70 65 37 399 381 487 184 126 33 135 183 0 193 324 23 563 199 0 0 58 0 0 0 0 0 0 0 0 0 0 0 0 0 0 0 0 0 0 0 0 0 0 0 0 0 0 0 0 0 7 0 0 0 0 0 0 0 27 0 0 0 0 11 0 0 0 0 0 0 0 0 0 0 0 0 0 0 0 4 14 30 60 16 13 48 7 21 15 2 10 13 22 32 13 24 6 26 12 0 0 0 0 0 0 0 0 0 0 0 0 0 0 0 0 0 16 0 6 0 0 0 0 0 0 0 0 0 1 0 0 0 0 0 0 0 0 0 0 0 0 0 12 0 0 0 0 0 0 0 0 0 0 0 0 0 0 0 1 7 18 12 8 0 6 13 35 31 11 0 9 18 59 10 6 0 0 7 14 0 0 0 0 0 0 0 0 0 0 0 0 0 0 0 0 0 0 0 0 0 0 0 0 0 0 0 0 0 0 15 0 0 0 0 0 0 63 0 0 0 0 0 66 2 2 1 0 0 0 0 0 20 0 0 0 0 0 0 0 0 0 0 0 0 0 0 1 0 
 0 0 6 0 3 67 3 0 0 28 55 0 0 3 4 0 65 0 0 0 3 11 3 3 3 3 4 3 209 3 3 3 4 3 3 3 3 3 3 68 93 341 88 50 69 70 143 105 260 473 161 378 381 112 193 0 412 36 404 416 0 0 0 0 0 0 0 0 0 52 0 0 4 0 0 0 0 0 4 0 0 0 1 10 0 0 0 0 0 0 0 0 0 0 0 0 0 9 0 0 11 0 0 0 0 0 0 0 0 0 0 0 11 0 0 0 0 0 11 11 8 8 41 0 47 23 9 19 0 0 16 14 0 4 10 12 0 9 0 0 26 22 0 0 0 0 0 18 0 0 0 3 0 6 2 0 0 0 0 0 0 0 7 0 0 9 11 0 8 0 0 8 0 0 0 0 11 0 0 0 0 10 0 0 1 0 0 0 0 0 20 0 11 11 0 0 0 0 10 0 7 12 8 16 25 11 16 56 23 29 38 15 0 17 29 11 0 9 0 0 15 0 0 0 0 0 0 0 0 0 0 0 0 1 0 0 0 19 0 21 0 0 0 0 0 0 61 0 0 0 0 2 0 0 0 0 0 0 0 10 0 0 12 0 13 1 2 71 0 0 0 0 0 0 0 0 0 0 0 0 0 0 0 0 0 6 0 0 0 0 
 0 0 2 2 2 0 2 2 2 0 0 1 2 0 5 0 2 0 3 2 5 9 8 6 6 5 5 5 2 5 3 2 5 4 4 5 5 4 4 2 52 69 260 54 53 121 92 64 317 71 667 90 239 28 324 412 0 133 84 88 0 0 6 0 0 0 0 0 6 0 1 0 50 0 4 0 3 2 7 1 0 0 0 0 0 0 0 0 0 0 0 0 0 1 0 0 0 0 0 0 0 0 0 0 0 0 0 0 0 0 0 0 0 0 0 0 0 0 0 0 0 20 40 12 3 0 6 2 24 26 8 0 14 0 1 0 11 0 0 26 26 0 0 5 5 8 0 0 1 0 0 3 0 0 8 0 26 0 0 0 0 0 0 0 0 0 4 0 0 0 0 0 0 0 26 7 0 0 0 0 0 0 0 0 0 0 0 0 0 0 0 0 0 0 0 0 0 0 0 0 0 0 20 15 25 4 0 8 1 22 19 9 0 0 19 0 0 1 0 0 15 22 0 0 0 3 9 0 4 0 0 0 0 18 0 0 0 0 0 0 0 0 0 0 0 0 0 0 2 0 0 4 0 1 0 0 0 0 1 2 0 27 66 1 1 0 0 0 0 0 0 0 0 0 0 6 0 0 0 0 0 3 0 0 11 0 0 0 0 2 
 0 0 0 0 3 0 0 0 0 2 1 0 0 3 0 0 2 0 0 0 0 0 0 0 0 0 61 0 1 1 0 0 1 0 0 0 0 2 0 0 36 33 79 233 120 154 244 121 29 107 67 212 28 27 23 36 133 0 34 109 23 1 0 2 0 3 0 4 0 0 2 0 2 1 0 0 0 0 0 72 0 0 0 0 0 0 0 0 0 0 0 0 0 0 0 0 0 13 0 0 0 0 0 0 0 0 0 0 0 0 0 0 0 0 0 0 0 0 0 0 0 7 28 22 0 0 0 11 8 10 22 20 10 22 90 11 31 14 0 10 10 0 0 0 9 28 16 0 20 0 5 3 21 4 10 7 14 5 0 0 0 0 0 6 5 0 0 0 0 0 0 0 0 0 0 0 0 0 0 0 0 0 0 0 0 0 0 0 0 0 0 0 0 0 0 0 0 0 0 0 0 1 6 8 0 0 0 0 10 3 7 1 7 9 4 12 0 63 2 0 7 10 1 0 0 0 11 19 0 0 0 0 13 22 0 43 0 0 0 4 0 0 0 0 0 0 0 0 0 0 0 6 0 0 0 0 0 0 0 7 0 0 3 0 1 4 0 2 2 0 9 0 1 0 0 0 0 0 0 0 0 0 0 0 11 15 0 0 2 0 
 0 0 1 0 0 0 0 0 0 0 0 0 1 0 0 0 0 0 0 0 21 1 65 0 1 64 0 62 22 96 20 0 0 67 68 0 90 0 0 0 48 57 40 154 66 49 400 74 72 126 54 62 117 84 563 404 84 34 0 227 8 4 0 1 0 3 1 1 34 0 0 0 0 0 52 11 0 4 1 3 6 0 0 0 0 0 13 0 0 0 0 0 0 0 0 0 0 0 0 0 0 19 14 0 17 0 0 0 0 20 0 29 0 0 0 41 0 0 0 0 2 10 12 0 23 22 7 9 0 10 0 1 11 20 0 9 0 2 14 12 0 0 0 0 0 0 1 0 0 4 1 1 0 0 1 0 0 8 0 1 0 0 0 0 0 0 11 0 0 0 0 0 0 0 15 0 0 0 0 0 0 6 0 0 7 0 0 0 2 25 0 27 0 0 0 0 19 9 0 0 0 8 18 24 1 11 13 35 1 7 7 14 7 2 11 4 0 1 0 15 1 0 0 0 0 0 0 0 0 1 0 0 0 0 2 1 4 7 0 0 0 0 0 0 0 0 0 0 0 0 0 7 0 2 0 0 0 29 0 0 0 0 0 0 2 0 4 0 0 0 0 0 0 0 0 0 0 0 0 0 0 0 0 0 0 14 0 0 0 0 
 0 0 0 0 0 0 3 0 0 0 0 0 0 0 0 0 0 0 0 58 22 0 66 0 0 70 0 0 0 1 0 0 0 0 0 0 65 0 0 0 98 71 50 122 84 90 97 146 67 154 62 58 75 117 199 416 88 109 227 0 0 0 0 0 0 0 0 2 0 0 0 0 5 2 0 6 0 1 0 0 0 0 0 0 0 0 0 0 0 0 0 0 1 0 0 0 0 0 0 0 0 0 0 0 12 5 0 8 0 0 0 2 0 0 0 0 0 0 0 0 0 22 12 0 19 58 0 14 0 18 45 26 5 30 11 24 9 10 20 0 2 0 2 0 0 0 7 7 0 0 0 20 0 12 6 0 0 0 0 0 0 0 0 0 0 0 2 0 0 0 0 0 0 0 0 0 0 0 0 0 0 0 0 0 26 0 0 0 0 0 0 11 0 0 0 0 0 0 0 0 0 11 23 0 0 12 5 9 0 0 26 5 0 12 24 10 9 18 0 9 0 0 0 0 0 0 0 0 0 0 0 0 0 4 0 0 0 0 9 7 0 0 0 0 0 0 0 0 0 0 0 6 0 1 0 0 0 65 0 0 0 0 66 0 64 0 0 0 0 0 0 0 0 0 0 0 0 0 0 0 0 0 7 0 9 0 0 0 0 0 
 3 1 3 3 3 3 1 3 3 3 2 0 2 3 2 3 3 0 3 3 0 0 7 0 0 4 0 7 0 4 0 0 0 0 8 0 9 0 0 0 0 0 1 57 24 0 0 0 5 0 1 0 9 0 0 0 0 23 8 0 0 154 59 52 37 52 116 175 50 57 253 40 57 95 39 56 94 32 44 231 0 0 0 0 0 0 0 0 0 0 0 0 0 0 0 0 0 0 0 0 0 4 0 0 0 0 0 0 0 0 0 9 0 0 0 7 0 30 0 0 0 0 0 0 0 0 0 0 0 0 0 24 0 0 0 3 0 0 0 0 4 1 4 0 0 0 23 3 41 0 27 15 20 0 0 0 18 14 0 7 0 0 0 5 4 0 0 0 0 0 0 0 0 0 0 0 0 0 0 0 0 0 0 0 8 0 0 0 0 4 0 0 0 0 0 0 3 0 0 0 0 0 0 0 0 0 6 0 0 1 9 13 0 0 0 0 0 11 10 0 9 0 24 0 18 0 4 51 0 14 11 9 13 8 13 20 8 0 1 1 0 0 0 0 0 0 0 0 0 2 0 0 0 0 11 0 0 0 0 0 0 0 0 0 0 0 12 0 0 0 11 0 0 2 0 0 0 0 0 0 0 0 0 0 0 0 0 0 0 0 
