 0 71 145 59 126 30 127 104 38 31 262 19 71 61 350 34 42 37 210 141 3 0 0 3 0 1 2 0 202 0 3 0 2 0 4 0 2 1 2 0 0 0 0 2 0 0 0 0 0 1 0 0 0 1 0 2 2 0 0 0 0 3 0 51 0 0 0 3 0 0 0 2 3 0 0 0 0 0 0 0 12 15 22 0 0 0 49 40 0 21 0 0 14 29 0 0 18 25 3 18 0 0 0 0 0 0 0 0 0 0 0 0 0 0 2 0 1 0 0 0 0 0 0 0 0 0 0 0 0 0 0 20 0 0 1 0 0 0 0 0 1 3 0 1 1 0 0 15 12 0 0 0 0 0 0 0 0 0 0 0 14 23 19 0 0 0 34 22 0 10 0 13 0 23 20 11 3 1 14 12 0 0 0 0 0 0 2 0 0 0 15 0 0 0 0 0 0 0 0 0 0 19 0 0 0 0 0 0 2 2 0 0 0 0 0 0 1 0 0 0 0 0 0 0 0 0 2 0 0 0 0 0 0 0 0 0 0 0 0 0 0 0 0 0 0 0 0 0 1 0 0 7 0 0 0 0 0 0 0 0 0 0 0 0 0 0 0 0 0 0 0 0 0 0 0 0 0 0 0 0 0 0 0 0 0 2 0 0 0 0 
 71 0 123 68 25 119 185 203 260 147 91 19 146 38 224 135 348 163 35 462 3 2 0 3 0 1 3 0 3 0 6 0 4 0 4 1 2 0 85 1 0 4 0 2 0 2 0 0 0 1 0 0 0 1 0 2 2 0 0 0 0 3 0 4 0 0 0 3 0 0 0 2 3 0 0 0 4 4 0 0 6 30 19 31 1 17 10 29 18 19 14 2 0 19 10 0 26 22 0 1 0 0 0 0 0 0 19 0 0 0 0 0 16 0 0 0 34 0 0 10 0 0 0 0 0 0 0 0 0 0 0 0 0 0 0 0 1 0 0 0 0 0 0 2 0 0 0 6 0 1 0 0 0 0 0 0 0 0 0 0 1 11 31 14 23 19 12 8 7 10 20 16 0 16 17 41 0 27 18 1 30 0 0 0 0 0 0 0 2 0 0 0 0 0 0 0 0 0 0 0 0 0 0 0 0 0 0 0 0 0 0 0 0 0 0 0 0 0 0 0 0 0 0 2 0 0 0 0 0 0 0 0 0 0 0 0 0 0 0 0 0 10 0 0 0 2 2 0 23 1 5 10 0 0 0 0 0 0 0 0 0 0 0 0 0 0 0 0 0 0 0 0 0 0 0 0 0 0 0 0 0 0 0 0 0 0 0 0 0 0 
 145 123 0 92 178 236 87 230 276 122 222 41 295 72 293 804 124 94 166 149 4 0 0 3 0 0 2 0 2 0 3 0 35 0 2 0 2 0 77 38 0 0 0 3 0 2 5 0 0 3 0 0 0 0 0 2 2 0 0 0 0 3 0 0 0 0 0 1 0 3 0 2 2 0 4 0 0 0 0 0 0 18 1 24 15 0 36 1 13 0 27 40 2 20 34 11 14 2 13 0 0 0 0 0 0 0 39 33 0 0 0 0 18 0 0 0 2 0 10 27 0 0 0 0 0 0 0 0 0 0 0 0 0 0 0 0 0 0 0 0 2 2 0 0 2 19 0 0 0 0 15 16 0 1 0 0 0 3 0 0 0 16 0 15 9 19 0 14 7 18 35 2 0 17 67 0 0 6 9 0 0 0 0 0 0 0 1 0 24 0 0 0 1 0 11 0 0 0 0 30 0 0 0 0 0 0 0 0 1 0 0 0 0 0 0 0 1 0 0 0 0 0 0 0 0 0 1 0 0 11 0 0 0 0 0 0 0 0 0 0 0 0 0 0 0 45 1 2 48 4 16 11 0 0 0 0 0 0 0 0 0 0 18 0 0 0 0 0 0 0 0 0 0 0 0 8 0 9 0 0 0 0 0 0 0 1 0 0 0 0 
 59 68 92 0 186 34 361 176 76 98 73 133 212 179 481 58 56 259 95 252 3 73 2 5 0 0 2 0 0 0 3 0 25 0 62 2 2 0 76 73 0 0 0 3 0 0 8 0 0 3 0 0 0 0 0 2 2 0 0 0 0 6 0 3 0 0 1 1 0 0 2 2 2 0 0 0 0 0 0 0 1 19 11 12 18 0 0 49 28 40 0 42 20 30 32 11 19 18 0 0 10 0 15 0 0 0 0 23 0 0 0 0 0 31 1 0 1 0 0 40 0 0 0 0 0 0 0 0 0 0 0 0 0 0 0 0 1 0 0 0 0 0 0 3 0 15 0 0 0 0 0 0 14 5 0 0 0 0 0 0 10 8 0 15 10 0 0 0 30 5 26 36 0 0 13 24 0 15 18 0 0 0 0 0 0 0 0 19 0 0 0 2 0 0 0 5 0 0 11 11 0 0 0 0 0 0 0 0 0 0 0 0 0 0 0 0 0 0 0 0 0 0 0 1 0 0 0 0 0 0 0 0 0 0 0 0 0 0 0 0 0 1 0 0 0 1 88 0 3 90 0 17 0 0 0 0 0 0 0 0 0 0 0 0 0 0 0 0 0 0 0 0 0 0 0 1 0 0 0 0 0 0 0 0 0 0 0 0 0 0 
 126 25 178 186 0 93 61 40 67 82 203 49 65 167 177 186 168 154 63 80 90 0 0 2 0 3 77 2 0 0 4 3 77 148 19 0 3 0 76 83 0 0 0 3 0 2 3 0 0 3 0 0 0 0 0 2 9 0 0 0 0 3 73 32 0 0 0 0 0 0 0 2 2 0 0 0 0 0 0 0 0 4 9 9 21 17 2 0 0 27 7 25 0 6 32 19 14 35 0 0 0 21 0 0 0 0 29 34 0 0 0 0 23 21 8 1 2 0 12 17 0 0 0 0 0 0 0 0 0 0 0 0 0 0 0 0 0 0 0 0 2 1 0 0 2 0 0 0 0 0 4 4 0 0 0 0 0 0 0 0 5 0 0 29 10 41 0 2 14 24 45 1 0 0 0 2 23 1 0 0 20 14 0 0 0 0 19 0 46 0 0 0 7 0 11 0 7 0 15 18 0 0 0 0 0 0 0 0 0 1 0 0 0 0 0 0 0 0 0 0 0 0 0 0 21 0 1 0 9 0 0 0 0 0 0 0 0 0 0 0 0 0 0 0 0 0 87 1 4 2 0 9 0 2 0 0 0 0 0 0 0 0 0 0 0 0 0 0 0 0 0 0 0 0 0 10 10 0 0 0 0 0 0 0 0 0 0 0 0 0 
 30 119 236 34 93 0 30 36 346 51 241 166 241 42 52 187 152 160 265 34 6 0 0 3 2 83 2 1 1 0 3 5 21 74 24 24 2 2 76 95 0 0 0 3 0 0 0 0 0 4 0 0 5 0 0 2 6 0 0 0 0 3 0 0 0 0 0 1 0 0 2 2 2 0 2 0 0 0 0 0 0 0 0 22 27 28 0 0 0 0 19 26 0 0 0 15 0 18 0 0 8 26 33 41 0 0 41 11 2 0 0 1 50 15 11 15 9 22 38 18 0 4 0 0 0 0 0 0 0 0 0 0 0 0 1 0 0 0 0 0 0 0 0 0 0 0 0 0 0 0 0 0 0 0 0 0 0 0 0 1 0 2 0 0 0 9 0 0 0 37 11 12 0 0 0 0 0 1 4 0 51 10 0 0 31 0 2 1 22 8 17 14 13 5 34 13 7 26 12 23 0 0 0 0 0 0 0 0 0 0 0 0 0 1 0 0 0 0 0 0 0 0 0 0 0 0 0 0 0 0 9 0 0 0 0 0 10 0 0 0 0 0 0 0 0 5 2 0 4 5 0 6 97 0 0 0 0 0 2 0 0 0 0 0 0 0 0 0 0 0 0 0 0 0 0 10 0 0 0 0 0 21 0 0 0 0 0 0 0 0 
 127 185 87 361 61 30 0 318 61 140 262 133 204 159 312 34 241 208 51 148 3 5 5 75 0 3 6 3 4 0 3 1 25 1 5 2 2 0 6 0 0 0 0 3 0 2 3 0 0 3 1 0 0 0 0 2 2 0 2 0 0 6 0 0 3 2 0 3 0 0 3 5 2 0 0 0 3 2 0 0 10 15 14 7 14 0 59 21 0 62 0 0 0 0 24 3 23 36 14 0 0 0 0 0 0 0 2 0 0 0 0 0 0 0 0 0 0 0 54 18 4 0 0 0 0 5 0 0 0 0 0 0 0 0 0 0 0 0 0 0 0 0 0 0 0 0 0 7 0 0 1 0 0 0 0 0 0 0 0 0 5 12 20 36 0 30 44 5 60 24 19 17 16 23 31 35 31 0 4 1 8 0 0 0 0 0 0 0 0 0 0 0 0 8 0 0 0 0 32 6 0 0 0 0 0 0 0 0 0 0 0 0 0 0 0 0 0 0 0 0 0 0 0 0 0 0 3 0 0 0 0 0 0 0 0 0 0 0 0 0 0 0 0 0 0 2 1 2 2 47 0 12 0 0 0 0 0 2 0 0 0 0 0 0 0 0 0 0 0 0 0 0 0 0 0 0 0 0 0 0 0 0 0 0 0 0 0 0 0 0 
 104 203 230 176 40 36 318 0 135 59 70 42 202 138 286 311 72 154 124 64 3 0 0 2 0 0 3 0 0 0 3 1 2 0 2 0 2 0 80 0 0 0 0 3 0 43 6 0 0 3 0 0 0 0 0 2 2 0 0 0 0 3 0 0 0 0 0 0 0 0 0 2 2 0 0 0 3 0 0 0 1 26 26 2 16 0 0 14 16 44 14 30 19 40 11 1 19 32 17 0 12 0 0 0 1 0 2 0 0 0 0 1 0 0 0 0 0 0 1 1 1 0 1 0 0 0 0 0 2 0 0 0 0 8 0 0 0 0 0 1 0 0 0 22 0 5 0 0 0 0 0 0 0 6 0 3 0 0 2 9 0 43 0 28 12 18 10 6 35 0 31 45 28 5 46 23 20 14 0 2 0 0 0 0 0 0 0 0 0 0 0 0 0 0 0 0 0 0 16 1 0 0 0 0 0 0 0 0 0 0 0 0 0 0 0 0 0 0 0 0 0 0 0 0 0 0 1 0 0 0 0 0 0 0 0 1 0 0 0 1 0 0 0 0 0 0 106 1 6 92 7 6 0 1 0 0 0 0 0 0 0 0 15 0 0 0 0 0 0 0 0 0 0 0 0 1 0 0 0 0 0 0 0 0 0 0 0 0 0 0 
 38 260 276 76 67 346 61 135 0 147 487 31 188 99 80 135 123 125 191 157 209 22 0 3 0 3 28 1 0 0 3 0 34 0 2 0 2 206 6 2 0 0 0 2 0 1 0 6 0 2 0 0 0 0 0 2 2 58 0 5 0 3 0 0 0 1 0 2 0 0 0 2 3 0 0 0 33 0 0 0 0 28 0 35 0 9 11 0 33 1 15 0 0 12 0 13 17 15 0 10 0 0 0 0 0 0 0 0 0 0 0 0 8 0 0 0 0 0 0 0 0 0 0 0 0 0 0 0 0 0 0 0 0 0 0 0 0 0 0 0 0 0 0 0 0 0 0 6 0 0 0 0 0 0 0 0 0 0 0 0 0 0 26 0 13 6 11 9 9 0 0 0 0 8 12 43 37 7 9 21 3 0 0 0 0 0 0 0 0 0 0 0 0 0 0 0 0 0 0 0 0 0 0 0 0 0 0 0 0 0 0 0 0 0 0 0 0 0 0 0 0 0 0 0 0 0 0 0 0 0 0 0 0 0 0 0 0 0 0 0 0 10 0 0 0 0 1 2 88 0 13 4 0 0 0 0 0 0 0 0 0 0 0 0 0 0 0 0 0 0 0 0 0 0 0 0 0 0 0 0 0 0 0 0 0 0 0 0 0 0 
 31 147 122 98 82 51 140 59 147 0 93 270 148 144 435 185 174 75 254 194 3 0 2 3 0 0 2 0 0 0 3 0 3 2 2 0 2 0 2 1 0 0 0 2 0 1 0 0 0 0 0 0 0 2 0 2 2 0 0 0 0 2 0 0 2 0 0 3 0 0 0 2 3 0 4 0 0 0 0 0 4 82 11 43 25 10 0 19 37 27 31 10 0 0 5 43 20 21 10 16 0 0 0 0 0 0 23 0 0 0 0 0 0 0 0 0 0 0 50 21 0 0 0 0 1 0 0 0 0 0 0 0 2 0 0 2 1 0 0 0 0 0 0 3 0 6 0 0 0 0 0 0 0 10 0 0 0 0 0 0 0 13 19 0 42 32 1 17 20 4 55 22 0 11 27 36 25 39 0 33 0 0 0 0 0 0 0 0 0 0 0 0 0 0 0 0 0 0 41 10 0 0 2 0 0 0 0 0 0 0 0 0 11 0 0 0 0 0 0 0 0 0 0 0 0 0 0 0 0 0 0 0 0 0 0 0 0 0 0 0 0 14 0 0 1 0 0 0 1 137 1 12 11 32 0 3 0 0 0 0 0 0 0 1 0 0 0 0 0 0 0 0 0 0 0 1 0 0 0 0 0 0 0 0 0 0 0 0 0 0 
 262 91 222 73 203 241 262 70 487 93 0 103 27 44 381 352 284 360 49 147 4 0 0 3 0 0 2 0 1 1 4 6 2 74 7 0 2 0 76 83 2 0 0 2 0 2 0 2 2 2 0 0 0 2 0 2 23 0 0 3 0 2 0 0 0 2 0 3 2 0 2 2 3 0 0 0 0 0 0 0 6 12 1 10 30 11 10 20 0 15 38 48 0 14 14 0 0 48 0 0 2 0 23 0 0 0 32 10 0 4 0 0 38 0 0 1 0 0 4 13 0 0 0 0 0 0 0 0 0 0 0 0 0 0 0 0 0 0 0 0 0 0 0 1 0 0 0 24 0 0 1 0 0 0 0 0 0 0 0 0 1 12 29 20 0 28 10 15 0 25 27 11 0 15 35 29 0 6 8 0 2 0 0 0 0 0 5 0 51 0 0 0 0 2 14 0 10 0 0 9 0 0 0 0 0 0 0 0 0 0 0 0 0 0 0 0 0 0 0 0 0 0 0 0 0 0 0 0 0 0 0 0 0 0 0 0 0 0 0 0 0 0 0 0 0 3 2 0 3 4 16 6 0 18 0 0 0 0 0 0 0 0 0 0 0 0 0 0 0 0 0 0 0 0 0 10 0 0 0 0 0 0 0 0 0 0 0 0 0 0 
 19 19 41 133 49 166 133 42 31 270 103 0 54 36 109 62 191 83 46 50 84 3 9 3 0 0 198 36 0 0 5 0 77 150 145 0 2 0 37 2 0 0 0 2 0 2 0 0 0 3 0 0 0 0 0 2 52 0 0 0 0 3 0 0 0 0 0 2 0 0 0 2 3 0 0 3 0 0 0 35 0 18 0 8 48 10 0 0 0 0 17 10 0 0 2 0 18 0 0 0 53 0 46 7 0 0 33 0 11 11 0 1 29 23 0 0 0 18 25 25 0 0 0 0 0 0 0 0 0 0 0 0 0 0 0 0 0 0 0 0 0 0 0 0 0 0 1 0 2 0 0 8 0 0 0 0 0 3 0 0 0 0 10 0 0 19 0 0 0 0 0 3 18 0 0 0 15 42 0 0 0 11 0 0 0 0 29 16 18 12 10 0 25 0 0 30 6 1 18 26 0 2 0 0 0 0 0 0 0 0 0 0 0 0 0 0 0 0 0 0 0 0 0 0 0 1 0 0 0 0 0 0 1 0 0 0 0 0 0 0 0 0 0 0 0 1 90 0 2 87 0 13 0 0 0 0 0 0 0 0 0 0 0 0 0 0 0 0 0 0 0 0 0 0 0 9 0 0 0 0 0 21 0 0 0 0 0 0 0 0 
 71 146 295 212 65 241 204 202 188 148 27 54 0 189 284 59 131 58 91 108 3 0 0 6 2 0 2 0 0 0 3 2 5 0 2 0 2 0 2 0 0 1 0 2 0 5 0 3 0 1 0 0 0 1 0 2 2 0 0 49 0 3 0 0 0 0 0 3 0 0 1 3 6 0 0 3 0 3 0 0 0 23 0 30 22 0 0 12 34 43 13 16 0 74 0 11 18 1 14 0 1 0 0 0 0 7 0 0 0 0 0 0 0 0 0 0 0 0 4 0 0 0 0 0 0 0 0 0 0 0 0 0 0 0 0 0 0 0 0 0 0 0 0 0 0 0 0 2 0 0 0 0 0 0 2 0 0 0 0 0 0 0 16 0 12 18 0 12 38 0 9 9 24 12 26 1 10 34 31 31 2 0 0 0 0 0 0 0 0 0 0 0 0 2 0 0 0 0 2 0 0 0 0 0 0 0 0 0 0 0 0 0 0 1 0 0 0 0 0 0 0 0 0 0 0 0 17 0 0 0 0 0 0 0 0 0 0 0 0 0 0 0 0 0 0 1 0 1 3 88 1 8 2 0 0 0 0 0 0 0 2 0 0 0 0 0 0 0 0 0 0 0 0 0 0 0 6 0 0 0 0 0 0 0 0 0 0 0 0 0 
 61 38 72 179 167 42 159 138 99 144 44 36 189 0 320 30 83 84 318 271 4 0 0 2 1 0 3 0 1 0 205 1 2 2 2 0 2 0 2 1 67 0 3 3 6 1 18 0 0 3 0 0 0 0 0 2 2 0 0 0 0 3 0 0 1 0 3 0 0 0 0 4 2 0 0 0 0 0 0 0 0 16 9 2 21 0 11 53 35 23 5 9 37 0 19 22 0 11 38 9 0 0 0 0 0 0 0 0 0 0 0 0 0 0 2 0 0 0 0 21 0 0 0 0 0 0 0 0 0 0 0 0 0 0 0 0 0 0 0 0 0 1 0 23 0 14 0 0 0 0 0 0 0 8 0 0 0 0 0 0 18 11 0 15 10 2 0 10 32 2 44 10 0 0 27 29 5 12 0 21 0 0 0 0 0 0 0 0 0 0 0 0 0 0 1 21 0 0 0 9 0 0 0 0 0 0 0 0 0 2 0 0 0 0 0 0 2 0 0 0 0 0 0 0 0 0 11 0 0 0 0 0 0 0 0 0 0 0 0 0 0 1 0 0 0 1 88 0 0 1 0 19 0 0 0 0 0 0 0 0 0 0 0 0 0 0 0 0 0 0 0 0 0 0 0 0 9 0 0 0 0 0 0 0 0 2 0 0 0 0 
 350 224 293 481 177 52 312 286 80 435 381 109 284 320 0 336 361 169 128 195 3 0 0 6 0 0 2 0 0 0 3 18 4 0 2 0 2 0 2 0 0 0 0 3 11 3 0 0 1 1 0 1 0 1 0 2 3 45 0 0 0 2 0 0 0 0 0 3 0 0 0 2 3 0 0 0 0 0 0 0 12 25 30 23 43 18 0 51 18 56 0 0 16 0 27 30 40 39 39 39 0 0 0 1 0 2 14 0 0 0 0 0 0 0 0 0 0 0 13 28 0 0 0 0 0 0 0 0 0 0 0 0 0 0 0 0 0 0 0 0 0 0 0 5 0 18 0 3 0 0 0 0 0 6 0 0 0 1 0 0 22 5 0 46 22 17 11 10 9 37 0 3 13 26 17 40 24 42 0 10 0 0 0 0 1 0 0 0 0 0 2 0 2 0 0 0 0 0 23 10 0 0 16 0 0 0 0 0 0 0 0 0 0 0 0 0 0 0 0 0 0 0 1 0 1 0 0 0 0 0 2 0 0 0 0 0 2 3 0 0 0 0 0 0 0 2 0 0 4 87 0 14 0 0 0 0 0 0 0 0 0 0 0 0 0 0 0 0 0 0 0 0 0 0 0 0 0 0 0 0 0 0 0 0 0 0 0 0 0 0 
 34 135 804 58 186 187 34 311 135 185 352 62 59 30 336 0 181 200 42 80 3 3 0 3 0 0 3 0 0 0 6 2 25 75 3 0 4 0 5 154 0 0 0 2 0 0 11 0 0 2 0 0 0 0 0 2 2 5 0 0 60 7 1 5 0 0 0 3 0 0 0 32 3 0 0 0 0 0 0 0 11 0 13 32 13 18 0 0 14 0 20 35 15 0 2 9 23 1 15 1 10 0 0 0 0 0 32 60 0 0 0 0 27 36 20 0 0 0 14 24 0 0 0 0 0 0 0 0 0 17 0 0 0 0 0 0 0 0 0 0 0 0 0 0 0 0 0 0 0 0 4 0 0 3 0 0 0 4 0 0 0 13 2 5 13 10 0 0 13 17 29 21 0 0 21 0 13 6 5 0 0 7 0 0 0 0 0 0 15 0 0 0 1 0 17 0 7 0 10 3 0 0 0 0 0 42 0 0 0 0 0 10 0 0 2 1 0 1 0 1 0 0 0 0 0 0 0 0 0 0 0 0 0 0 0 0 0 0 0 0 0 2 0 0 2 0 87 0 2 1 0 0 0 0 0 0 0 0 0 0 0 0 14 0 0 0 0 0 0 0 0 0 0 0 0 27 1 6 0 0 0 0 0 0 0 0 0 0 0 0 
 42 348 124 56 168 152 241 72 123 174 284 191 131 83 361 181 0 74 223 323 3 0 1 4 0 0 3 0 0 0 3 0 35 0 4 1 2 0 4 24 0 0 3 2 0 5 0 0 0 3 0 0 0 0 0 2 2 1 0 0 0 3 0 0 0 0 1 2 0 0 2 2 3 0 4 0 0 0 0 0 0 53 2 1 19 0 0 10 54 1 50 69 25 1 3 24 19 1 18 10 0 0 0 0 0 0 20 33 0 0 0 0 0 2 0 0 0 1 9 11 0 0 0 0 0 0 0 0 0 0 0 0 0 0 0 0 0 0 0 0 0 0 0 2 0 2 0 0 0 0 4 0 0 9 0 0 0 4 0 0 0 0 3 0 20 6 0 10 37 12 56 0 0 0 14 13 8 21 0 13 0 0 0 0 0 0 12 0 2 0 0 0 2 0 5 1 0 0 0 12 0 0 0 0 0 0 0 0 0 0 0 0 0 0 0 16 0 0 0 0 0 0 0 9 0 0 10 0 0 0 0 0 0 0 13 0 0 0 0 0 0 14 0 0 0 2 3 1 2 2 0 2 0 0 0 0 0 0 0 0 0 0 0 0 0 0 0 0 0 0 0 0 0 0 0 18 20 20 0 0 0 0 0 0 0 0 0 0 0 0 
 37 163 94 259 154 160 208 154 125 75 360 83 58 84 169 200 74 0 50 119 6 0 0 3 0 0 74 0 1 3 5 77 77 0 79 0 2 0 2 23 4 0 0 2 65 4 7 4 4 6 0 0 0 0 0 2 2 2 0 8 0 14 0 0 0 0 0 2 0 0 71 2 4 0 0 0 0 0 0 0 5 0 24 8 0 0 0 16 14 21 21 25 18 0 19 9 10 38 14 0 3 0 0 1 0 0 23 27 0 0 2 0 18 19 13 0 0 0 1 56 0 0 0 0 0 16 0 0 0 0 0 0 0 0 0 0 0 0 0 0 0 0 18 3 0 6 0 0 0 0 0 1 0 11 0 0 0 0 0 0 9 13 0 23 22 0 14 0 31 8 66 27 13 0 15 57 14 20 7 0 0 0 0 0 0 0 0 27 0 1 0 0 0 0 0 10 0 0 12 27 0 0 0 0 0 0 0 0 0 0 0 16 0 0 0 12 0 0 0 0 0 0 0 0 20 0 0 0 0 0 0 0 0 0 0 0 0 0 0 0 0 1 0 0 0 0 86 0 0 7 0 7 0 0 0 0 0 0 0 0 0 0 0 0 0 0 0 0 0 0 0 0 0 0 0 1 15 2 0 0 0 0 0 0 0 0 0 0 0 0 
 210 35 166 95 63 265 51 124 191 254 49 46 91 318 128 42 223 50 0 149 3 0 0 3 0 0 2 0 0 0 3 1 7 0 2 0 6 18 2 0 0 0 0 2 0 1 15 3 0 2 0 0 0 0 0 2 2 0 0 0 0 35 0 0 0 0 0 2 0 0 0 2 3 0 0 0 0 0 0 0 0 1 14 0 9 0 9 20 25 3 17 0 43 9 0 20 0 15 49 20 0 0 0 0 0 0 0 0 0 0 0 0 0 0 0 12 0 0 0 0 0 0 0 0 0 0 0 0 0 0 0 0 1 0 0 0 1 0 0 0 0 0 0 0 0 0 0 0 20 1 0 0 0 0 0 0 0 0 0 0 16 14 2 1 0 1 2 1 1 14 0 0 0 0 35 9 35 24 5 41 0 0 0 0 0 0 0 0 2 0 0 0 0 0 0 0 0 0 0 0 10 0 0 0 0 0 0 0 0 0 0 0 0 0 0 0 0 0 0 0 0 0 0 1 0 0 0 0 0 0 0 0 0 0 0 0 0 0 0 0 0 0 0 0 0 0 90 0 1 0 0 18 0 0 0 0 0 0 0 0 0 0 16 0 0 0 0 0 0 0 0 0 0 0 0 0 0 0 0 0 0 0 0 0 0 0 0 0 0 0 
 141 462 149 252 80 34 148 64 157 194 147 50 108 271 195 80 323 119 149 0 4 3 0 3 0 0 5 0 1 0 3 0 4 0 2 0 2 0 2 1 2 0 0 2 0 1 3 0 0 2 0 0 2 0 0 2 2 0 0 0 0 3 0 0 0 0 0 3 0 0 0 4 3 0 0 0 0 0 0 0 8 14 0 34 9 0 22 14 27 28 0 0 56 13 23 16 21 68 13 41 0 0 0 0 0 0 0 0 0 0 0 0 0 0 2 0 0 0 0 17 0 0 0 0 0 0 0 0 0 0 0 0 0 0 0 0 0 0 0 0 0 1 0 0 0 0 0 6 0 0 0 0 0 0 0 0 0 0 0 0 15 1 32 9 2 20 11 12 25 41 19 0 0 28 26 11 17 16 2 29 0 0 0 0 0 0 0 0 0 0 15 0 14 0 1 0 0 0 15 7 0 0 0 0 0 0 0 0 0 2 0 0 0 0 0 12 2 0 11 0 0 0 0 0 0 0 2 0 1 0 0 0 0 0 0 0 0 0 0 0 0 0 0 0 0 2 1 0 2 2 0 20 1 0 0 0 0 0 0 0 0 0 0 0 0 1 0 0 0 0 0 0 0 0 0 0 0 0 0 0 0 0 0 0 0 2 0 0 0 0 
 3 3 4 3 90 6 3 3 209 3 4 84 3 4 3 3 3 6 3 4 0 131 240 270 262 40 426 118 359 131 111 91 483 167 433 219 116 322 30 155 0 0 0 8 0 1 0 5 0 0 0 0 0 0 0 0 0 0 0 0 0 0 2 0 0 49 3 0 3 0 4 0 0 3 0 3 0 0 0 0 0 0 0 3 14 21 0 0 0 0 0 0 0 0 0 0 1 0 0 4 6 42 0 0 51 44 10 1 15 38 20 10 16 15 1 5 42 18 0 0 0 0 0 2 2 0 0 0 0 0 0 0 0 0 0 0 0 0 29 0 0 0 0 0 0 2 9 0 0 0 0 4 0 0 0 0 0 0 0 0 0 0 2 16 0 8 0 0 0 0 0 0 0 0 0 0 0 0 0 0 0 47 22 6 30 25 25 29 0 5 26 15 8 24 11 20 24 30 0 20 0 0 0 0 0 0 0 0 0 0 0 0 2 26 1 0 0 0 6 19 0 0 0 0 0 0 0 0 0 0 0 1 0 0 1 0 0 0 0 0 0 0 0 0 0 0 65 0 0 0 0 0 0 0 14 0 2 0 0 2 4 0 0 0 0 0 0 0 0 0 0 0 0 0 0 0 0 1 0 0 0 1 0 1 0 8 10 0 0 0 
 0 2 0 73 0 0 5 0 22 0 0 3 0 0 0 3 0 0 0 3 131 0 400 138 184 116 241 120 430 40 108 24 131 142 87 182 474 200 142 485 0 0 0 11 0 1 0 0 0 0 1 0 0 0 0 0 0 0 22 0 3 1 3 0 0 0 2 0 3 0 52 45 0 3 0 5 0 0 0 0 0 0 0 0 0 1 0 0 0 18 0 0 0 0 0 0 0 0 0 0 0 62 53 21 25 27 0 13 48 30 25 15 0 13 38 19 20 26 0 6 0 0 0 0 0 0 1 0 0 0 0 0 0 0 0 2 0 0 25 11 0 15 0 0 0 0 14 0 0 0 0 0 0 0 0 0 0 0 0 0 4 0 0 0 2 0 0 0 0 0 0 0 0 11 0 0 0 0 0 0 19 14 0 17 18 0 0 20 18 37 15 21 12 18 80 9 12 10 14 0 0 0 0 1 0 0 0 0 0 0 0 0 9 10 0 0 0 0 16 33 0 0 0 0 0 0 0 0 0 0 0 0 0 0 0 2 0 0 0 0 0 0 0 0 0 0 0 0 0 0 0 0 0 0 21 0 1 0 80 0 3 0 0 0 2 0 0 0 0 0 0 0 0 0 0 0 0 0 0 0 0 0 0 0 0 7 0 0 0 0 
 0 0 0 2 0 0 5 0 0 2 0 9 0 0 0 0 1 0 0 0 240 400 0 245 233 27 142 130 70 408 145 48 74 211 45 194 159 35 127 377 63 0 1 7 3 1 0 0 2 0 0 0 62 0 2 0 0 0 130 5 32 2 3 0 0 0 2 2 5 0 0 3 0 3 0 5 2 0 0 0 0 0 0 0 0 0 0 0 0 0 0 0 0 0 0 0 0 0 0 0 33 19 16 0 34 29 0 18 11 17 24 25 0 0 19 19 29 13 0 0 11 13 8 0 0 0 29 16 0 0 0 0 30 16 0 0 0 0 12 66 0 59 0 0 0 0 0 0 0 1 0 0 0 0 0 0 0 0 0 7 0 0 0 20 0 0 0 0 0 0 0 0 0 0 0 0 0 0 0 0 0 9 8 12 5 18 0 27 22 17 0 12 17 71 2 0 60 0 0 7 12 0 0 0 0 0 0 19 1 0 0 0 0 17 0 0 0 0 13 21 0 0 0 7 0 0 0 0 0 0 0 0 0 0 0 0 0 0 0 0 0 0 5 0 0 0 0 0 0 0 0 0 0 0 17 3 2 154 0 0 0 17 0 0 0 0 28 0 0 0 0 0 0 0 0 0 0 0 0 13 0 0 0 0 0 0 0 0 0 0 
 3 3 3 5 2 3 75 2 3 3 3 3 6 2 6 3 4 3 3 3 270 138 245 0 383 57 503 39 398 159 220 454 82 278 217 192 299 124 295 292 63 1 0 0 0 2 0 0 0 0 0 0 63 0 0 31 0 0 120 67 0 0 2 0 0 0 3 0 3 0 12 0 0 3 0 3 0 0 0 0 0 0 0 0 0 0 0 0 22 0 0 0 0 0 0 0 0 0 0 0 0 0 7 10 0 26 0 0 0 21 21 28 0 0 15 18 32 18 0 0 1 18 12 14 0 0 0 19 0 0 0 0 1 1 1 0 0 12 0 0 5 0 0 0 0 0 0 0 0 3 0 0 0 0 0 0 0 0 2 5 0 0 0 1 0 0 0 0 0 0 0 0 0 3 0 0 0 0 0 0 0 2 21 13 10 34 0 0 0 1 14 31 0 15 12 21 1 25 0 0 1 0 0 0 0 0 23 14 22 0 0 0 2 17 2 0 12 1 25 26 0 0 0 0 0 0 0 0 0 0 0 0 0 0 0 0 0 0 0 0 0 0 0 0 0 0 0 0 0 0 0 0 0 0 6 0 0 20 67 1 14 1 0 0 0 0 0 0 0 0 0 0 0 0 0 0 0 0 0 0 0 0 0 0 0 0 12 0 0 0 
 0 0 0 0 0 2 0 0 0 0 0 0 2 1 0 0 0 0 0 0 262 184 233 383 0 64 38 150 316 52 167 486 68 69 221 69 170 222 70 359 0 0 2 0 0 1 63 16 0 62 0 0 62 0 83 40 62 0 0 19 0 2 3 0 0 0 2 0 3 9 0 0 1 3 0 2 0 0 61 0 0 0 3 0 0 0 0 0 0 0 0 0 0 0 0 0 0 10 0 0 0 0 25 16 37 48 0 0 8 34 19 30 0 0 22 12 0 17 0 0 7 0 0 11 0 0 52 0 0 0 7 0 0 5 0 1 0 9 0 33 0 23 0 0 0 0 0 0 0 0 0 0 0 0 0 0 0 0 0 0 0 0 0 0 0 0 0 0 0 0 0 0 12 10 0 0 0 0 0 0 0 0 12 32 1 28 0 3 13 25 6 16 0 33 15 10 14 9 0 0 0 4 0 0 0 0 8 0 0 0 0 0 20 0 9 2 0 12 15 6 0 1 0 0 0 0 0 0 0 1 0 0 0 0 0 0 0 0 0 0 0 0 0 0 0 2 0 0 0 0 0 0 0 0 10 0 5 4 38 1 14 0 0 0 0 0 2 0 0 0 0 0 0 0 0 0 0 0 0 0 0 17 0 0 1 0 0 13 0 0 
 1 1 0 0 3 83 3 0 3 0 0 0 0 0 0 0 0 0 0 0 40 116 27 57 64 0 309 60 133 258 169 147 39 31 203 413 152 344 90 58 4 0 0 0 0 1 0 82 62 126 73 2 64 71 62 94 62 0 0 18 0 19 3 1 0 0 3 0 3 0 14 0 1 3 0 2 0 0 0 0 19 0 1 0 0 0 0 0 0 0 0 0 0 0 0 0 0 0 0 0 0 0 0 1 0 43 0 0 0 0 21 35 0 0 21 0 6 0 1 2 9 19 42 8 12 0 28 2 29 0 23 0 13 24 0 24 0 12 1 17 0 0 0 0 0 0 0 0 0 0 1 0 21 0 0 0 0 0 0 0 11 0 0 0 0 0 0 0 0 0 0 0 0 4 0 0 2 0 0 2 0 2 10 14 10 28 0 0 0 23 18 10 0 22 0 23 0 19 0 0 1 0 22 3 0 0 7 16 0 0 17 0 23 17 92 11 4 18 1 14 0 0 0 0 1 0 0 0 0 0 2 0 0 0 0 0 0 0 0 0 0 0 0 0 0 0 0 0 0 0 0 0 0 0 24 5 4 1 1 1 6 0 0 0 0 0 0 0 0 0 0 0 0 0 0 0 0 0 0 0 0 0 0 0 0 0 13 7 0 0 
 2 3 2 2 77 2 6 3 28 2 2 198 2 3 2 3 3 74 2 5 426 241 142 503 38 309 0 184 166 391 261 38 110 258 198 393 139 102 204 151 0 2 0 0 0 1 0 0 0 2 3 0 0 2 0 0 0 0 4 2 2 1 3 0 1 0 2 0 3 0 1 0 0 4 0 54 0 0 0 0 0 0 1 1 18 0 0 0 0 0 0 0 0 0 1 1 0 0 0 0 44 20 12 1 9 0 15 9 56 26 0 22 18 18 22 13 18 10 0 2 0 0 0 0 0 0 0 0 0 0 0 0 0 0 0 0 0 0 0 0 0 0 0 0 0 0 0 0 0 0 2 7 0 0 0 0 0 1 0 0 0 0 0 40 0 18 0 0 0 3 2 0 0 0 0 0 2 0 0 2 0 0 4 2 1 63 18 9 12 25 11 42 62 30 19 3 0 10 18 34 0 0 0 0 0 0 0 0 15 0 0 10 0 0 17 0 0 0 7 19 0 0 0 0 0 0 0 0 0 0 2 0 0 0 0 0 0 0 0 0 0 0 8 0 0 0 28 0 0 0 1 0 0 0 8 2 2 0 0 0 2 0 0 0 0 0 1 0 0 0 0 0 0 0 1 0 0 1 0 0 0 0 0 0 0 4 0 0 0 0 
 0 0 0 0 2 1 3 0 1 0 0 36 0 0 0 0 0 0 0 0 118 120 130 39 150 60 184 0 110 29 390 251 105 275 46 107 141 27 328 53 0 0 0 4 0 0 0 68 0 0 0 0 0 203 7 0 0 0 0 0 0 0 2 0 0 0 3 0 3 0 0 0 1 3 4 3 0 1 0 0 0 0 0 6 5 9 0 0 0 0 6 0 0 0 0 0 0 0 0 0 9 0 17 2 22 23 1 0 20 46 6 0 50 0 0 8 30 0 0 2 0 0 0 0 0 0 23 0 0 2 0 0 0 0 0 0 0 0 12 34 0 20 0 0 18 0 11 0 0 1 1 0 0 0 0 0 0 0 0 0 0 0 0 0 0 0 0 0 0 2 0 0 0 0 0 0 2 0 0 2 16 8 37 6 0 9 22 40 18 40 1 0 23 13 36 0 27 1 3 11 0 11 0 0 0 2 1 0 23 0 0 0 29 12 0 0 0 0 0 8 0 0 0 0 0 0 0 0 0 0 1 0 0 0 0 0 0 2 0 0 0 0 0 0 0 0 0 0 0 0 0 0 0 0 12 0 1 1 0 2 2 22 0 0 0 0 0 0 0 0 0 0 0 0 0 9 0 0 0 0 0 0 0 0 0 0 0 0 0 0 
 202 3 2 0 0 1 4 0 0 0 1 0 0 1 0 0 0 1 0 1 359 430 70 398 316 133 166 110 0 235 111 208 117 251 105 112 60 122 375 373 63 0 0 10 0 54 0 67 0 0 11 0 64 0 5 0 0 0 62 63 0 1 3 0 0 0 2 0 4 0 2 0 0 3 0 2 0 0 0 0 0 0 0 0 0 0 0 0 0 1 0 5 0 0 0 0 0 0 0 0 7 26 0 13 23 18 0 1 22 27 53 0 1 0 10 7 49 15 8 0 0 0 0 0 0 0 0 1 0 0 0 0 4 0 1 7 0 0 16 0 4 0 0 0 0 0 17 0 0 7 0 0 0 0 19 0 0 0 2 0 0 0 0 3 0 0 0 0 0 0 0 0 0 0 0 0 0 0 0 0 14 22 31 19 23 47 0 8 1 8 26 22 15 25 7 10 9 18 0 6 0 0 1 0 0 0 9 0 68 0 0 0 31 4 0 0 0 0 20 63 0 0 0 1 0 0 0 0 0 0 0 0 0 0 0 0 0 0 0 0 0 0 0 0 0 0 0 0 0 0 0 0 0 0 6 0 1 8 0 0 1 0 0 0 0 0 0 0 0 0 0 0 0 0 0 0 2 0 0 0 0 0 0 0 0 10 12 0 0 0 
 0 0 0 0 0 0 0 0 0 0 1 0 0 0 0 0 0 3 0 0 131 40 408 159 52 258 391 29 235 0 81 112 145 219 118 88 208 128 203 208 28 0 0 0 0 0 0 0 0 0 0 0 226 0 0 0 1 1 30 33 0 3 3 0 0 0 4 0 2 0 1 0 0 2 0 2 0 1 0 2 7 0 0 0 9 9 0 0 0 0 0 0 0 0 0 0 1 0 0 0 10 29 0 15 0 0 1 9 14 0 38 7 0 0 10 21 30 1 0 0 0 0 0 2 2 0 0 1 0 0 0 0 12 1 0 0 0 0 8 0 5 0 0 0 0 2 0 0 0 2 0 0 0 0 0 0 0 0 12 0 0 0 2 1 0 0 0 0 0 0 0 1 0 0 0 0 0 0 0 0 24 0 19 8 9 14 18 48 11 1 0 11 10 24 12 7 21 8 0 12 0 7 0 0 0 0 0 0 15 0 0 0 0 0 1 0 0 0 13 9 0 0 0 0 0 0 0 0 0 0 0 6 0 0 1 0 0 0 12 0 0 0 8 0 0 0 0 0 0 0 0 0 0 0 4 0 0 95 0 0 0 1 0 0 0 0 0 0 0 0 0 0 0 0 0 0 0 1 0 0 0 0 0 1 0 0 0 0 0 0 
 3 6 3 3 4 3 3 3 3 3 4 5 3 205 3 6 3 5 3 3 111 108 145 220 167 169 261 390 111 81 0 454 247 33 151 76 130 198 48 74 1 0 0 0 0 2 0 0 0 0 0 0 0 0 0 0 0 0 1 0 0 3 3 0 0 0 2 0 2 0 13 0 0 2 0 2 0 1 0 0 0 0 0 0 0 1 0 0 0 0 0 0 0 0 0 0 0 0 0 0 0 14 24 34 26 20 0 0 1 39 14 4 0 0 31 1 9 6 0 1 2 0 0 0 0 0 13 0 0 0 0 0 41 0 0 0 2 12 14 10 0 3 0 0 0 1 0 0 0 0 0 7 0 9 12 0 18 0 0 0 0 0 0 0 0 0 0 0 0 0 0 0 0 6 0 0 0 0 2 0 23 21 3 57 26 0 0 11 16 8 8 35 0 8 15 19 68 29 1 0 16 0 0 0 0 0 14 13 16 0 0 0 13 0 0 0 13 0 13 0 0 0 0 0 0 0 0 0 0 0 0 0 2 0 0 0 0 0 0 0 0 0 0 0 0 0 0 0 0 0 0 0 0 0 9 1 0 6 9 1 20 11 0 0 0 0 0 0 0 0 0 0 0 0 0 0 0 0 0 7 0 0 0 0 0 0 4 0 0 0 
 0 0 0 0 3 5 1 1 0 0 6 0 2 1 18 2 0 77 1 0 91 24 48 454 486 147 38 251 208 112 454 0 259 27 47 190 342 171 246 30 0 0 0 95 0 3 0 0 0 167 0 2 0 0 6 0 0 2 63 40 0 4 3 0 0 0 2 0 2 0 6 0 0 2 0 2 0 2 0 0 0 0 0 0 0 0 0 0 0 0 0 0 0 0 0 0 0 0 0 0 0 13 0 19 23 15 3 0 0 1 31 0 0 0 1 16 0 9 0 0 0 14 8 0 0 0 16 1 0 0 0 0 31 0 0 0 0 0 2 0 0 0 1 0 0 0 4 0 0 7 0 0 1 0 0 0 0 0 0 8 3 2 1 0 0 2 0 0 0 0 0 0 0 2 0 1 0 0 0 0 19 10 35 25 11 12 0 14 14 16 27 10 0 13 0 22 20 21 0 0 24 0 14 0 0 0 24 0 15 0 0 0 21 21 2 0 0 0 58 21 0 0 0 0 0 0 0 0 0 0 0 2 0 0 0 0 0 0 0 0 0 0 0 0 0 0 0 0 0 0 0 0 0 0 16 2 3 148 0 2 4 17 0 0 0 0 0 0 0 0 0 0 0 0 0 0 0 2 0 13 0 8 0 2 0 0 17 0 0 0 
 2 4 35 25 77 21 25 2 34 3 2 77 5 2 4 25 35 77 7 4 483 131 74 82 68 39 110 105 117 145 247 259 0 77 108 30 29 33 68 141 0 0 0 0 0 0 0 0 0 0 0 0 3 0 0 0 3 0 0 0 0 2 3 0 0 0 2 0 3 0 0 0 0 3 53 2 0 0 0 0 0 0 0 12 8 10 0 0 15 0 24 25 0 0 4 7 17 0 0 0 49 6 53 13 0 20 14 35 1 1 0 0 8 43 0 24 1 38 11 18 0 0 0 0 0 0 0 0 0 0 0 0 0 0 0 0 0 0 0 0 0 0 0 0 0 0 0 0 36 0 4 0 0 3 0 0 0 4 0 0 0 0 0 0 21 9 0 0 20 0 16 30 0 0 0 0 0 0 0 0 24 8 0 0 10 0 12 30 6 9 0 0 1 0 0 0 12 11 28 0 0 0 0 0 0 0 0 0 0 0 0 0 0 0 0 0 0 0 0 0 0 0 0 0 0 0 0 0 0 0 0 0 0 0 0 0 0 0 0 0 0 0 0 0 0 0 0 0 0 0 0 0 0 0 6 0 1 0 0 0 2 1 0 0 0 0 0 0 0 0 0 0 0 0 0 20 0 13 0 0 0 0 0 0 0 0 0 0 0 0 
 0 0 0 0 148 74 1 0 0 2 74 150 0 2 0 75 0 0 0 0 167 142 211 278 69 31 258 275 251 219 33 27 77 0 148 32 338 300 408 182 0 3 0 11 0 2 0 0 0 0 0 0 0 0 1 0 0 0 1 0 0 1 3 0 0 0 3 0 3 0 0 0 0 3 0 3 52 0 0 0 0 1 0 0 25 25 0 0 0 0 10 13 0 0 0 0 0 0 0 0 19 35 0 0 35 19 29 15 11 25 21 0 37 12 2 5 38 0 9 0 0 0 0 0 0 0 0 0 0 0 0 0 0 0 0 0 0 0 34 0 0 0 0 0 0 0 10 0 0 0 0 17 0 0 20 0 0 0 0 0 0 0 0 16 0 6 0 2 0 0 9 0 0 0 2 0 0 0 0 0 0 15 8 25 30 0 48 12 10 39 14 29 10 13 0 0 48 14 0 20 0 0 0 0 0 0 0 0 0 0 0 0 24 10 0 0 0 0 13 17 0 0 0 0 0 0 0 0 2 0 0 13 0 0 0 0 0 0 0 0 0 0 12 0 0 0 77 0 0 0 0 0 0 0 18 0 0 1 0 1 0 0 0 0 0 0 0 0 0 0 0 1 0 0 0 11 0 0 0 0 0 6 0 0 0 9 0 0 0 0 
 4 4 2 62 19 24 5 2 2 2 7 145 2 2 2 3 4 79 2 2 433 87 45 217 221 203 198 46 105 118 151 47 108 148 0 293 144 42 74 221 0 0 0 2 1 37 0 0 0 3 3 2 7 0 0 0 12 0 0 0 4 0 2 0 0 0 3 0 3 3 14 0 0 3 0 41 0 5 0 0 0 0 1 7 31 0 0 0 1 0 12 13 0 0 0 0 0 0 0 0 42 0 59 31 25 21 12 13 10 17 0 9 7 75 11 11 11 50 55 11 23 2 0 0 0 0 0 0 0 0 0 0 0 11 0 0 0 0 0 0 0 0 0 0 0 14 1 0 0 0 2 4 0 0 0 0 0 0 0 0 0 0 0 4 10 20 0 0 0 2 0 37 0 0 0 0 1 0 0 1 12 16 0 6 0 35 16 19 0 13 10 8 20 0 17 29 0 16 16 42 0 0 0 0 0 0 0 0 0 0 0 0 0 0 0 0 0 0 15 0 3 0 0 0 1 0 0 0 0 0 1 0 0 0 0 0 0 0 0 0 0 0 0 0 0 0 77 0 0 0 0 0 0 0 33 0 2 1 149 2 5 0 0 0 0 0 2 0 0 0 0 0 0 0 0 0 3 0 0 0 0 13 0 0 0 0 0 0 0 0 
 0 1 0 2 0 24 2 0 0 0 0 0 0 0 0 0 1 0 0 0 219 182 194 192 69 413 393 107 112 88 76 190 30 32 293 0 232 241 188 75 0 0 0 0 0 2 0 0 0 0 0 0 0 0 0 0 0 0 0 0 0 2 3 0 0 0 2 0 3 0 13 0 5 3 0 2 0 0 0 0 0 0 0 0 0 12 0 15 0 0 0 0 0 0 0 0 0 0 0 0 13 37 0 39 0 6 0 8 30 6 28 10 0 1 43 14 10 27 1 11 0 0 0 12 0 0 0 0 0 0 0 0 0 0 0 0 0 0 0 0 0 0 0 0 0 0 0 0 0 0 0 0 0 0 0 0 0 0 0 0 11 0 0 19 0 0 0 0 0 0 0 0 0 1 0 0 0 0 0 0 58 19 10 22 25 12 14 0 11 16 35 26 9 45 26 38 16 46 15 38 0 0 0 0 0 0 0 0 0 0 0 0 9 0 0 0 0 0 10 9 0 0 0 0 0 0 0 0 0 0 0 0 0 0 0 0 0 0 0 0 0 0 6 0 0 0 0 0 0 0 0 2 0 0 5 0 0 0 1 0 0 0 0 2 0 0 0 0 0 0 0 0 0 0 0 0 0 0 0 0 0 12 0 0 0 14 4 0 0 0 
 2 2 2 2 3 2 2 2 2 2 2 2 2 2 2 4 2 2 6 2 116 474 159 299 170 152 139 141 60 208 130 342 29 338 144 232 0 89 555 160 0 0 0 8 0 7 3 5 3 67 0 0 1 0 0 1 1 0 0 0 0 3 3 7 0 0 2 2 3 0 0 0 6 3 0 8 0 5 0 0 0 0 0 0 0 0 0 0 0 0 0 0 0 0 0 0 0 0 0 0 13 21 12 13 25 13 1 9 25 12 46 60 0 0 25 15 0 20 0 0 14 0 0 0 0 0 12 0 1 0 0 0 23 21 0 0 0 0 14 10 2 2 0 0 1 0 0 0 0 0 0 0 0 0 0 0 0 0 0 0 15 0 0 0 0 0 0 0 0 0 6 1 0 9 0 0 0 0 0 0 14 1 0 12 26 31 0 0 19 65 36 47 1 21 1 4 22 13 0 0 22 2 22 0 0 0 10 0 0 0 0 0 27 0 12 0 0 0 46 33 0 0 0 0 0 0 0 0 0 0 0 0 0 0 0 0 0 0 0 0 0 0 7 0 0 0 0 0 0 0 0 0 0 0 14 0 0 3 0 1 2 0 18 0 0 0 1 0 0 0 0 0 0 0 0 0 0 0 0 0 0 0 0 0 0 6 0 0 0 0 
 1 0 0 0 0 2 0 0 206 0 0 0 0 0 0 0 0 0 18 0 322 200 35 124 222 344 102 27 122 128 198 171 33 300 42 241 89 0 115 69 0 1 0 0 0 2 0 0 0 0 0 0 0 0 7 0 0 0 0 0 0 0 2 0 0 0 47 0 3 0 0 0 0 3 0 3 2 0 0 0 0 0 0 0 0 2 8 2 2 0 0 0 0 0 0 0 0 0 0 0 1 30 14 33 12 6 0 0 10 12 0 25 0 0 29 21 0 22 0 5 0 0 2 0 0 0 0 0 0 0 0 1 0 0 0 0 0 0 15 10 0 3 0 0 0 0 0 0 0 0 0 2 0 1 2 0 0 0 0 0 6 0 0 0 0 0 0 0 0 0 0 0 0 12 0 0 0 0 0 0 25 0 12 71 32 1 0 22 6 48 41 46 0 17 21 19 10 27 0 0 31 0 1 0 0 0 35 0 0 0 0 0 57 0 0 0 0 14 9 32 0 0 0 0 0 0 0 0 0 0 0 0 0 0 0 0 0 0 0 0 0 0 0 0 0 0 0 0 0 0 0 0 0 0 12 3 0 5 79 3 0 0 0 0 0 0 0 0 0 0 0 0 0 9 0 0 0 0 0 7 0 10 0 0 0 6 10 0 0 0 
 2 85 77 76 76 76 6 80 6 2 76 37 2 2 2 5 4 2 2 2 30 142 127 295 70 90 204 328 375 203 48 246 68 408 74 188 555 115 0 343 0 0 0 0 3 0 0 0 0 0 0 0 0 0 0 0 0 0 0 3 0 1 3 0 0 0 2 0 3 0 0 0 0 3 0 2 0 0 0 0 0 0 36 0 0 40 0 0 0 0 9 0 0 4 1 18 0 0 0 0 32 8 0 13 1 0 0 11 28 6 0 34 9 0 46 32 23 0 3 9 11 0 0 0 0 0 0 0 0 0 0 0 0 0 0 0 0 0 0 0 0 0 0 0 0 0 0 0 0 0 0 0 17 0 0 0 0 0 0 0 0 3 0 12 0 1 0 1 1 0 18 0 0 9 0 0 8 0 0 0 10 1 10 0 19 20 14 10 62 1 0 26 25 38 30 4 39 14 15 22 0 0 0 0 0 0 0 0 0 0 0 0 0 0 0 0 0 0 0 0 0 0 0 0 0 0 0 0 0 0 0 3 0 0 0 0 0 0 0 0 0 0 10 0 0 0 0 0 75 0 9 0 0 0 0 0 1 0 0 2 2 0 0 0 0 0 0 0 0 0 0 0 0 0 0 11 0 0 0 0 0 0 0 0 0 0 0 0 0 0 
 0 1 38 73 83 95 0 0 2 1 83 2 0 1 0 154 24 23 0 1 155 485 377 292 359 58 151 53 373 208 74 30 141 182 221 75 160 69 343 0 13 0 0 2 0 2 0 3 4 4 0 2 0 0 2 3 3 3 0 4 0 3 4 3 0 0 5 0 3 0 4 0 3 3 4 6 0 0 2 0 0 18 0 3 12 1 0 0 0 2 1 66 0 1 14 1 0 0 0 17 15 31 56 11 10 1 17 41 23 1 0 20 3 18 16 28 26 0 10 31 0 0 0 0 0 0 0 2 0 0 0 0 0 0 0 0 0 0 0 9 0 5 0 0 0 0 2 9 0 10 0 0 0 0 0 3 0 0 0 0 0 0 0 7 11 2 9 0 0 25 10 35 0 0 0 0 0 0 0 0 21 1 8 1 15 76 0 29 37 0 0 70 32 45 25 17 10 6 4 35 0 0 2 0 0 0 0 0 0 0 0 0 0 0 0 0 0 0 0 1 0 0 0 0 0 0 10 0 0 0 0 0 0 0 0 0 0 0 0 0 0 0 7 0 0 2 0 0 0 0 0 2 0 0 5 0 0 0 1 0 0 0 0 0 0 0 0 0 0 0 0 0 0 0 2 0 10 0 0 0 0 0 0 0 0 0 0 0 0 0 
 0 0 0 0 0 0 0 0 0 0 2 0 0 67 0 0 0 4 0 2 0 0 63 63 0 4 0 0 63 28 1 0 0 0 0 0 0 0 0 13 0 124 141 119 35 123 163 78 42 44 102 45 196 344 61 38 40 193 53 174 0 0 0 0 0 51 4 0 0 0 0 1 7 7 0 0 0 0 4 0 0 0 0 0 0 0 0 0 0 0 0 0 0 0 0 0 0 0 0 0 0 0 0 0 0 0 0 0 0 0 23 1 0 2 0 0 1 0 0 0 13 0 35 0 0 6 25 19 0 0 0 0 9 13 33 14 13 0 6 25 3 5 0 0 0 0 0 5 0 4 0 6 0 0 0 0 27 0 9 0 0 0 8 0 0 0 0 15 9 0 0 0 0 0 0 0 0 0 0 0 0 0 14 0 0 0 0 0 0 1 0 0 0 0 0 0 1 0 0 0 0 17 10 0 7 0 1 17 54 0 5 30 0 15 13 23 20 0 2 46 0 4 4 0 0 8 0 0 0 0 0 0 9 0 0 0 2 4 29 9 0 0 0 0 0 0 0 0 0 0 0 6 0 0 0 0 0 96 0 0 0 0 0 3 0 0 20 0 0 0 6 0 0 0 0 0 0 0 0 0 0 0 0 0 0 0 0 0 2 0 
 0 4 0 0 0 0 0 0 0 0 0 0 1 0 0 0 0 0 0 0 0 0 0 1 0 0 2 0 0 0 0 0 0 3 0 0 0 1 0 0 124 0 423 343 41 25 215 203 92 26 347 26 54 66 199 48 321 103 49 160 0 0 0 0 0 4 0 0 0 0 0 11 2 0 0 0 0 8 0 0 0 0 0 0 1 0 0 0 0 0 0 0 0 0 0 0 0 0 0 0 0 0 0 0 11 0 0 0 0 0 0 0 0 0 0 0 0 0 0 0 0 13 12 0 0 7 27 15 11 12 0 13 0 13 10 14 29 0 0 57 0 0 0 0 0 0 2 0 0 0 0 0 0 0 0 0 4 0 0 3 0 0 0 0 0 0 0 0 0 0 0 0 0 0 0 0 0 9 0 0 0 0 0 0 0 0 0 0 0 0 0 0 0 0 0 0 0 0 0 0 9 9 14 72 1 12 0 8 8 11 4 22 0 8 10 24 21 19 0 0 0 0 0 0 0 0 1 0 0 0 0 0 0 1 0 0 0 0 0 23 0 0 0 0 0 0 0 0 0 1 0 11 0 1 0 0 0 0 0 10 0 0 69 0 0 0 2 0 0 1 6 0 0 7 0 0 0 0 0 0 0 0 0 0 9 19 0 0 0 0 
 0 0 0 0 0 0 0 0 0 0 0 0 0 3 0 0 3 0 0 0 0 0 1 0 2 0 0 0 0 0 0 0 0 0 0 0 0 0 0 0 141 423 0 340 243 39 211 206 109 99 66 74 67 51 102 48 127 286 56 125 0 0 0 0 5 5 0 0 0 0 0 5 50 0 0 0 0 0 0 0 0 0 0 0 0 0 0 0 0 0 0 0 0 0 0 0 0 0 0 0 0 0 0 0 0 0 0 0 0 0 0 0 0 0 0 0 0 0 0 0 13 24 5 0 0 18 36 21 13 7 0 17 1 32 7 6 36 17 0 69 0 0 0 0 0 0 0 0 0 0 0 0 0 0 0 0 4 0 0 5 0 0 0 0 0 0 0 0 0 0 0 0 0 0 0 0 0 0 0 1 0 0 0 0 0 0 0 0 0 0 0 0 0 0 0 0 0 0 0 0 22 13 30 33 1 4 10 0 0 11 1 33 0 14 20 11 12 22 0 0 0 0 0 0 0 0 1 0 0 0 0 0 0 12 0 0 5 0 0 28 0 0 0 0 42 0 0 0 0 0 0 1 0 1 0 0 0 0 0 21 0 0 5 0 0 3 0 0 0 0 20 0 0 0 0 0 0 0 0 0 0 4 0 0 0 19 0 16 0 0 
 2 2 3 3 3 3 3 3 2 2 2 2 2 3 3 2 2 2 2 2 8 11 7 0 0 0 0 4 10 0 0 95 0 11 2 0 8 0 0 2 119 343 340 0 102 43 218 152 163 171 209 29 279 162 119 267 106 43 65 61 0 0 0 0 0 2 0 3 4 5 0 5 16 0 0 5 0 0 0 52 0 0 0 0 0 0 0 0 0 11 0 0 0 0 0 0 0 0 0 0 0 1 0 0 9 5 0 1 0 6 9 0 0 0 0 0 6 0 0 0 17 6 12 10 7 33 0 0 26 8 7 9 0 15 45 15 12 15 11 10 1 0 0 0 0 0 20 12 0 0 0 0 7 0 45 1 10 0 7 15 0 0 0 0 0 0 0 0 0 0 0 0 0 0 0 0 0 5 0 0 0 6 0 1 0 0 0 6 0 0 0 0 0 0 0 0 11 0 0 0 0 20 13 20 2 28 0 11 10 0 21 4 4 23 17 0 4 1 0 10 0 0 0 0 0 0 10 0 0 0 0 0 10 9 0 0 0 0 1 0 0 0 0 0 0 0 0 0 0 0 0 8 0 2 0 0 0 0 0 2 0 0 2 69 0 11 2 0 2 0 16 0 0 0 0 0 0 0 0 0 0 4 0 0 3 19 0 0 0 0 
 0 0 0 0 0 0 0 0 0 0 0 0 0 6 11 0 0 65 0 0 0 0 3 0 0 0 0 0 0 0 0 0 0 0 1 0 0 0 3 0 35 41 243 102 0 291 76 143 334 167 82 124 158 141 325 96 106 198 49 93 0 0 1 4 0 1 9 4 0 4 4 12 2 0 22 2 24 56 50 5 0 0 0 0 0 0 0 0 0 0 0 0 0 0 0 0 0 0 0 0 0 0 0 0 0 0 0 0 0 0 0 0 0 0 0 0 0 0 0 0 12 0 9 0 0 0 0 0 0 0 14 0 0 0 31 5 0 4 0 0 0 1 7 0 3 0 0 19 4 4 19 0 1 21 5 18 0 0 9 0 0 0 8 0 0 0 0 7 0 0 0 0 0 0 0 0 0 0 0 0 0 0 0 0 0 0 0 0 0 0 0 0 0 0 0 0 0 0 0 0 0 17 0 0 15 12 0 4 10 0 11 4 0 14 13 0 0 0 0 0 0 17 0 5 6 6 11 10 4 22 9 0 29 0 12 8 19 0 40 19 0 0 0 0 0 0 0 0 0 0 0 9 0 0 0 0 0 0 0 1 0 0 0 8 4 5 7 63 2 0 0 0 0 0 0 3 5 0 0 0 0 0 0 0 1 0 0 0 1 0 
 0 2 2 0 2 0 2 43 1 1 2 2 5 1 3 0 5 4 1 1 1 1 1 2 1 1 1 0 54 0 2 3 0 2 37 2 7 2 0 2 123 25 39 43 291 0 76 92 324 286 75 189 257 44 107 145 57 56 538 70 0 1 0 1 0 0 5 12 0 5 3 5 2 0 55 1 51 64 54 20 0 0 0 0 0 0 0 0 0 2 0 11 0 0 0 0 0 0 0 0 9 0 0 0 0 0 0 0 0 15 0 0 0 4 0 0 0 0 0 0 10 0 22 0 0 0 0 0 0 0 7 0 0 0 6 12 0 13 0 0 0 0 1 0 3 0 0 0 7 10 0 0 7 9 16 41 0 0 24 1 0 0 0 0 0 16 0 31 0 0 0 0 0 0 0 0 0 0 0 0 0 0 0 0 0 0 0 0 0 0 0 0 0 0 0 0 0 0 0 0 0 11 0 0 11 7 0 6 11 20 12 47 0 0 10 0 0 0 8 0 23 0 0 3 1 27 26 18 1 7 8 0 0 0 1 13 1 10 20 0 1 0 0 0 0 0 0 0 2 0 0 13 0 0 0 0 0 2 0 1 0 0 0 62 0 36 1 8 1 0 0 0 0 0 0 0 0 0 0 0 0 0 0 0 0 0 0 0 2 0 
 0 0 5 8 3 0 3 6 0 0 0 0 0 18 0 11 0 7 15 3 0 0 0 0 63 0 0 0 0 0 0 0 0 0 0 0 3 0 0 0 163 215 211 218 76 76 0 300 49 92 314 83 185 186 192 41 98 103 63 35 0 0 0 0 0 22 0 201 0 0 0 3 24 2 0 0 0 0 0 0 0 0 0 0 0 0 0 0 0 0 0 0 7 0 2 3 0 0 9 0 0 0 0 0 0 0 0 0 0 0 0 0 0 0 0 0 0 0 0 0 23 2 17 15 12 56 0 0 22 17 0 15 2 15 18 3 33 7 0 16 0 0 0 0 0 0 0 0 0 7 0 0 0 0 0 0 0 0 7 10 6 0 7 1 0 0 9 3 5 7 5 0 12 0 12 0 0 0 0 0 0 0 0 0 0 0 0 0 0 0 0 0 0 0 0 0 0 0 0 6 17 1 31 62 11 9 0 41 23 1 21 35 0 22 16 1 38 1 0 0 0 2 0 0 0 0 14 0 0 0 0 0 0 3 0 0 0 0 11 0 0 0 0 0 0 0 7 0 0 31 0 3 0 1 0 0 0 0 0 2 0 0 0 1 0 2 0 0 1 0 0 0 0 0 0 0 0 0 0 0 0 0 0 0 0 10 0 0 0 0 
 0 0 0 0 0 0 0 0 6 0 2 0 3 0 0 0 0 4 3 0 5 0 0 0 16 82 0 68 67 0 0 0 0 0 0 0 5 0 0 3 78 203 206 152 143 92 300 0 423 180 48 73 214 164 133 170 186 252 139 60 0 0 0 0 0 0 4 0 0 2 0 0 6 4 0 0 0 50 0 0 0 0 0 0 0 0 0 14 0 8 0 0 0 0 0 0 0 0 0 0 0 0 0 0 0 17 0 0 0 0 0 12 0 0 0 0 0 0 0 0 9 0 0 8 14 0 47 25 9 16 28 0 0 12 28 45 0 58 32 0 0 1 0 0 18 0 0 5 0 0 0 0 0 6 0 9 3 0 1 0 0 0 1 0 0 0 0 0 0 0 0 0 4 0 0 0 0 0 0 0 0 0 0 0 0 11 0 0 0 0 0 0 0 0 18 0 0 0 0 0 0 0 6 11 12 14 8 1 0 6 15 0 11 29 12 24 32 15 0 0 0 1 1 0 0 0 9 0 0 0 0 0 2 0 0 0 0 1 0 15 0 0 0 0 0 0 0 0 0 0 0 0 0 1 0 0 0 0 0 43 0 0 2 0 1 1 0 65 1 0 1 0 0 0 0 0 0 0 0 0 0 0 0 0 0 0 0 8 0 0 
 0 0 0 0 0 0 0 0 0 0 2 0 0 0 1 0 0 4 0 0 0 0 2 0 0 62 0 0 0 0 0 0 0 0 0 0 3 0 0 4 42 92 109 163 334 324 49 423 0 272 131 51 309 204 116 149 209 69 267 86 0 1 0 0 0 0 6 0 0 0 0 0 50 206 0 0 0 51 0 0 0 0 0 0 0 0 0 0 0 0 0 0 0 0 0 0 0 0 0 0 0 0 0 0 0 0 0 0 0 0 0 0 0 0 0 0 0 0 0 0 0 3 25 11 23 10 5 0 43 10 33 23 5 3 18 40 0 31 0 5 10 0 0 0 0 0 8 8 0 0 0 0 1 6 9 20 0 0 10 8 0 0 0 0 0 0 0 0 0 0 0 0 0 0 0 0 0 0 0 0 0 0 0 0 0 0 0 0 0 0 0 0 0 0 0 0 0 0 0 0 0 0 19 22 14 14 0 16 0 3 46 0 14 11 25 9 0 5 0 0 10 0 0 1 0 0 23 0 2 0 0 0 11 0 0 8 0 0 0 0 0 0 0 0 0 0 0 0 0 0 0 6 0 0 0 0 0 0 0 26 0 0 2 1 1 2 1 64 3 0 0 0 0 0 0 0 0 0 0 0 0 0 0 0 0 0 0 0 1 0 
 1 1 3 3 3 4 3 3 2 0 2 3 1 3 1 2 3 6 2 2 0 0 0 0 62 126 2 0 0 0 0 167 0 0 3 0 67 0 0 4 44 26 99 171 167 286 92 180 272 0 320 92 51 285 66 191 121 135 65 152 0 59 0 0 0 1 0 206 0 0 2 0 3 0 55 0 0 0 0 1 0 0 0 0 0 0 0 0 0 0 0 0 0 0 0 0 0 0 0 0 0 0 0 29 5 1 18 0 0 0 0 3 0 0 0 0 0 0 0 0 2 0 29 40 34 11 12 3 21 2 35 10 0 0 16 59 30 43 0 2 11 0 1 0 0 0 11 11 0 0 10 0 0 7 7 4 0 0 23 7 0 0 0 0 0 0 2 0 0 0 0 0 0 10 0 3 9 0 0 1 0 0 0 0 0 3 0 0 0 0 0 0 0 0 0 0 7 0 0 0 16 14 11 0 21 15 11 17 8 0 7 18 34 9 37 15 19 7 0 0 19 0 0 0 0 0 5 0 0 0 0 0 11 0 0 0 0 0 4 0 0 0 0 0 0 0 2 0 2 0 0 11 0 0 0 1 0 0 0 11 0 0 64 0 0 0 3 3 2 0 0 0 0 0 0 0 0 0 0 0 0 0 5 0 5 0 2 9 2 0 
 0 0 0 0 0 0 1 0 0 0 0 0 0 0 0 0 0 0 0 0 0 1 0 0 0 73 3 0 11 0 0 0 0 0 3 0 0 0 0 0 102 347 66 209 82 75 314 48 131 320 0 54 30 70 342 112 112 150 58 272 8 1 0 0 0 0 0 0 0 0 0 5 58 0 0 0 0 0 0 0 0 0 0 0 0 0 0 0 0 0 0 0 0 0 0 0 0 0 0 0 0 0 0 0 0 0 0 0 0 0 0 0 0 0 0 0 10 0 9 0 0 1 62 36 18 20 0 0 25 1 18 19 0 11 8 6 31 18 0 10 11 0 0 0 0 0 8 19 10 0 0 0 0 1 9 16 0 0 1 21 0 0 0 0 0 0 0 0 0 0 0 0 0 0 0 0 0 0 0 0 0 0 0 0 0 0 9 0 0 0 0 0 0 0 0 0 0 0 0 0 24 14 20 53 2 2 7 17 9 3 9 13 15 36 35 8 52 10 0 0 15 0 0 1 0 0 5 0 0 0 0 0 25 7 10 0 0 0 0 0 0 0 0 0 0 0 0 0 0 0 0 8 0 0 0 0 0 0 0 8 0 0 0 1 0 4 4 0 0 0 0 0 0 0 0 0 0 0 0 0 0 0 1 0 5 20 0 21 0 0 
 0 0 0 0 0 0 0 0 0 0 0 0 0 0 1 0 0 0 0 0 0 0 0 0 0 2 0 0 0 0 0 2 0 0 2 0 0 0 0 2 45 26 74 29 124 189 83 73 51 92 54 0 108 359 42 35 115 238 37 52 35 0 58 0 0 0 4 0 0 0 0 0 2 0 0 52 0 80 54 0 0 0 0 0 0 0 0 0 0 0 0 0 0 0 18 0 0 0 0 0 0 0 0 0 0 0 0 0 0 0 0 0 0 0 0 0 0 0 0 0 7 0 7 6 0 6 17 6 0 6 18 2 0 0 54 23 5 26 0 0 10 0 0 0 7 0 0 28 0 0 11 0 2 51 0 13 0 8 11 0 0 0 8 0 0 0 0 6 0 0 0 0 0 0 0 0 0 0 0 0 0 0 0 0 0 0 0 0 0 0 0 0 0 0 0 0 14 0 0 0 2 8 0 0 38 40 0 12 22 11 44 17 0 14 15 0 0 0 0 0 9 23 0 0 0 0 33 21 10 7 0 0 34 0 0 13 5 0 46 7 0 0 0 0 0 0 0 0 0 0 0 2 0 2 0 0 0 0 0 2 0 2 1 1 3 0 0 65 0 0 0 0 0 0 0 0 0 0 0 0 0 4 6 0 2 0 0 0 1 0 
 0 0 0 0 0 5 0 0 0 0 0 0 0 0 0 0 0 0 0 2 0 0 62 63 62 64 0 0 64 226 0 0 3 0 7 0 1 0 0 0 196 54 67 279 158 257 185 214 309 51 30 108 0 306 133 151 115 72 203 205 1 1 0 0 0 0 0 0 0 0 0 0 1 0 0 0 0 2 0 0 0 0 0 0 6 0 0 0 0 0 9 0 0 0 0 0 0 0 0 0 0 0 2 4 0 24 4 0 0 0 17 4 5 5 1 5 8 2 4 0 21 1 0 17 0 0 33 49 0 11 24 0 10 0 0 10 0 6 9 0 3 0 0 0 0 0 0 16 0 2 0 0 0 0 0 0 0 0 7 0 0 0 5 0 0 0 0 26 0 0 0 11 1 0 0 0 0 0 0 0 2 0 15 0 0 6 0 7 10 7 0 0 0 0 0 0 0 1 0 0 0 7 0 0 8 0 0 7 21 0 6 23 0 18 14 12 32 0 11 47 0 0 0 0 0 0 0 0 0 0 0 0 0 0 0 0 0 0 11 0 0 0 0 0 0 0 0 0 0 0 0 3 0 1 0 0 0 95 0 2 0 0 0 0 0 2 21 0 2 0 0 0 0 0 0 0 0 0 0 0 0 0 0 0 0 0 0 0 0 0 
 1 1 0 0 0 0 0 0 0 2 2 0 1 0 1 0 0 0 0 0 0 0 0 0 0 71 2 203 0 0 0 0 0 0 0 0 0 0 0 0 344 66 51 162 141 44 186 164 204 285 70 359 306 0 173 36 57 59 66 217 0 0 0 2 0 0 0 5 0 0 3 7 2 0 0 0 0 3 5 5 0 0 0 0 0 0 0 0 0 0 0 0 0 0 0 0 0 0 0 0 0 0 0 0 0 0 0 0 0 1 0 0 0 0 17 0 0 0 0 0 11 10 12 0 26 9 0 13 36 10 0 1 12 15 12 15 13 0 23 0 0 5 0 0 0 0 0 0 4 8 0 0 16 0 3 4 0 0 8 0 0 0 3 0 0 0 0 4 0 0 0 0 0 0 0 0 0 0 0 0 0 0 0 0 0 0 0 0 0 0 0 0 0 0 0 0 0 0 0 0 1 21 24 10 0 11 7 57 37 10 4 10 23 26 12 12 10 0 0 0 0 5 0 0 2 4 12 8 0 0 8 0 0 0 0 8 5 5 0 0 0 0 0 0 0 0 0 0 0 0 0 14 0 0 0 0 0 0 0 0 0 0 0 67 0 9 0 0 2 0 0 0 0 0 0 0 0 0 0 0 0 0 0 0 0 0 0 0 2 0 
 0 0 0 0 0 0 0 0 0 0 0 0 0 0 0 0 0 0 0 0 0 0 2 0 83 62 0 7 5 0 0 6 0 1 0 0 0 7 0 2 61 199 102 119 325 107 192 133 116 66 342 42 133 173 0 178 243 129 64 174 0 0 0 0 0 0 47 0 0 0 0 78 1 0 0 0 0 1 0 0 0 0 0 0 0 0 0 0 0 0 0 0 12 0 0 0 0 0 0 0 0 0 15 0 46 6 3 0 0 6 4 11 0 0 0 0 0 0 0 0 39 8 27 34 0 23 7 10 10 11 10 11 0 0 21 0 0 11 5 0 0 0 0 0 0 0 5 0 0 0 0 0 6 0 0 0 6 0 0 5 0 0 10 0 0 0 0 7 0 0 0 0 0 0 0 0 0 0 0 5 0 31 23 6 0 9 0 11 0 0 6 0 0 0 0 0 0 0 0 0 11 30 10 48 7 2 0 9 10 0 1 24 5 37 24 25 14 1 0 8 0 0 0 0 0 0 0 0 0 0 0 0 0 8 0 0 0 0 14 0 0 0 0 0 0 0 0 0 0 17 0 6 2 2 0 0 0 0 0 0 0 0 2 9 2 0 0 0 0 0 22 0 0 0 0 0 0 0 0 0 0 23 0 0 0 12 0 4 0 16 
 2 2 2 2 2 2 2 2 2 2 2 2 2 2 2 2 2 2 2 2 0 0 0 31 40 94 0 0 0 0 0 0 0 0 0 0 1 0 0 3 38 48 48 267 96 145 41 170 149 191 112 35 151 36 178 0 121 208 40 101 0 50 0 0 0 0 6 0 0 0 0 50 1 0 0 0 0 50 0 0 0 0 0 0 0 0 0 0 0 0 0 0 0 0 0 0 0 0 0 0 0 0 0 0 0 20 0 0 0 0 0 8 0 0 0 0 0 0 0 0 9 0 7 17 16 0 14 15 28 8 32 0 16 35 8 21 0 8 0 0 0 0 0 0 0 0 0 0 0 0 0 0 0 6 0 9 0 0 1 9 0 0 5 0 0 0 0 0 0 0 0 0 7 0 0 0 0 0 0 0 0 0 0 0 0 8 0 0 0 0 0 0 0 0 0 0 0 0 0 0 0 0 29 0 7 0 8 0 0 14 10 5 15 14 9 7 5 28 0 0 0 0 0 0 0 0 9 0 0 0 0 0 0 0 0 0 0 0 14 0 0 0 9 0 0 0 0 0 0 0 0 15 0 0 0 0 0 0 0 2 0 0 2 0 0 0 0 62 0 0 0 0 0 0 0 0 0 0 0 0 0 0 0 0 0 14 0 33 1 0 
 2 2 2 2 9 6 2 2 2 2 23 52 2 2 3 2 2 2 2 2 0 0 0 0 62 62 0 0 0 1 0 0 3 0 12 0 1 0 0 3 40 321 127 106 106 57 98 186 209 121 112 115 115 57 243 121 0 125 41 70 0 0 0 0 0 0 20 0 0 0 0 0 53 0 0 0 1 2 0 61 0 0 0 0 33 0 0 0 0 0 6 3 0 0 0 0 0 0 0 0 0 0 6 2 0 0 3 0 0 0 0 0 6 13 1 3 0 0 8 0 0 0 1 0 9 0 11 34 11 8 0 28 2 18 32 57 0 23 0 0 23 13 0 0 0 0 0 0 0 0 0 0 6 0 22 1 0 0 7 1 0 0 5 0 0 0 0 0 0 0 0 18 25 0 0 0 0 0 0 0 0 0 0 0 0 0 3 0 0 6 0 0 0 0 0 0 0 0 0 0 0 4 8 0 43 42 0 0 0 7 0 0 9 23 41 6 4 9 0 19 35 0 0 0 0 0 0 0 36 0 0 0 0 0 0 0 0 0 20 0 0 0 0 0 22 0 0 0 0 0 0 0 0 2 0 0 0 0 0 0 0 0 0 2 63 3 0 3 1 0 0 0 0 0 0 0 0 0 0 0 0 4 0 0 4 0 0 0 0 0 
 0 0 0 0 0 0 0 0 58 0 0 0 0 0 45 5 1 2 0 0 0 0 0 0 0 0 0 0 0 1 0 2 0 0 0 0 0 0 0 3 193 103 286 43 198 56 103 252 69 135 150 238 72 59 129 208 125 0 82 52 52 0 21 0 0 0 5 5 0 0 0 0 0 0 0 0 0 3 8 10 0 0 16 0 0 0 0 0 0 0 0 0 0 0 0 0 0 0 0 0 0 0 0 0 0 0 0 0 0 0 0 0 0 0 0 0 0 0 0 0 0 0 0 0 13 0 1 0 0 31 1 0 0 16 14 28 18 0 0 38 0 7 0 0 5 0 0 0 0 5 11 4 0 0 6 5 21 0 1 24 0 0 10 0 0 0 0 6 0 0 3 0 3 0 0 0 0 0 0 0 0 0 0 0 0 0 0 0 0 0 0 0 0 0 0 0 0 0 0 0 0 2 8 0 15 18 8 7 1 33 14 29 0 14 17 47 20 31 0 0 9 5 0 1 0 7 20 25 0 13 0 0 0 0 0 6 7 5 51 20 0 0 13 0 0 0 0 0 0 0 0 8 0 0 0 0 0 0 0 9 0 0 63 0 1 6 1 2 0 0 5 0 0 0 0 0 0 0 0 0 0 0 0 0 21 0 0 8 2 0 
 0 0 0 0 0 0 2 0 0 0 0 0 0 0 0 0 0 0 0 0 0 22 130 120 0 0 4 0 62 30 1 63 0 1 0 0 0 0 0 0 53 49 56 65 49 538 63 139 267 65 58 37 203 66 64 40 41 82 0 138 16 0 0 0 0 0 0 0 0 0 0 0 0 0 0 0 0 0 0 0 0 0 0 0 0 0 0 0 0 21 0 0 0 0 0 0 0 0 0 0 0 0 0 0 0 1 0 0 0 1 25 0 0 0 0 0 3 1 0 0 0 4 9 57 3 14 45 32 0 14 9 14 10 9 0 9 0 0 6 0 15 11 0 0 0 0 0 0 0 4 0 0 0 33 0 0 0 0 12 30 0 0 19 0 0 0 0 0 0 0 0 0 11 0 0 0 0 0 0 0 0 0 13 0 0 0 0 0 0 0 0 0 0 0 0 0 1 0 0 0 1 11 0 3 11 9 0 0 29 13 0 5 0 13 1 11 7 27 22 43 8 0 0 0 0 0 9 0 0 0 0 0 3 8 11 0 0 0 10 0 0 0 0 0 0 0 0 0 0 0 0 0 0 0 0 0 0 96 0 0 0 0 0 0 0 0 23 0 0 0 0 0 0 0 0 0 0 0 0 1 0 0 4 0 9 0 0 0 1 0 
 0 0 0 0 0 0 0 0 5 0 3 0 49 0 0 0 0 8 0 0 0 0 5 67 19 18 2 0 63 33 0 40 0 0 0 0 0 0 3 4 174 160 125 61 93 70 35 60 86 152 272 52 205 217 174 101 70 52 138 0 0 4 4 3 0 0 0 0 4 3 2 0 1 0 7 3 4 0 0 0 0 0 0 0 0 0 0 0 0 0 0 0 0 0 0 0 0 0 0 0 0 0 0 0 1 26 0 0 0 0 34 15 0 0 0 0 0 0 0 0 6 9 0 8 0 0 35 36 6 0 4 0 2 0 1 1 15 9 29 47 0 1 12 2 9 8 0 0 0 8 0 0 0 0 0 0 0 4 0 0 0 0 0 0 0 0 0 0 0 0 0 0 0 0 0 0 0 0 0 3 0 0 14 7 0 20 0 13 0 0 3 0 0 0 0 0 1 0 0 0 0 3 1 30 0 0 21 9 30 0 0 0 13 0 9 16 0 10 0 19 0 0 0 10 3 0 0 0 10 10 0 4 0 0 0 0 0 0 0 0 0 0 0 0 0 0 0 0 0 0 0 8 0 0 0 0 0 142 0 12 0 18 0 0 1 2 37 0 0 0 0 0 0 0 0 21 0 0 0 0 0 0 0 0 0 0 0 7 1 0 
 0 0 0 0 0 0 0 0 0 0 0 0 0 0 0 60 0 0 0 0 0 3 32 0 0 0 2 0 0 0 0 0 0 0 4 0 0 0 0 0 0 0 0 0 0 0 0 0 0 0 8 35 1 0 0 0 0 52 16 0 0 100 176 66 54 26 219 141 33 89 49 24 56 129 89 271 51 48 119 81 0 0 0 0 0 0 0 0 0 0 0 0 0 0 0 0 0 0 0 0 0 0 0 0 0 0 0 0 0 0 0 0 0 0 0 0 0 0 0 0 0 0 0 0 20 12 0 0 0 0 8 38 0 0 0 0 0 0 0 0 0 0 54 0 20 6 8 0 30 4 0 1 0 13 0 0 0 1 0 4 0 0 0 0 0 0 0 0 0 0 0 0 0 0 0 0 0 0 0 0 0 0 0 0 0 0 0 0 0 0 0 0 0 0 0 0 0 0 0 0 0 0 0 0 14 1 0 0 0 39 13 0 0 0 0 0 0 0 0 0 16 41 18 18 13 0 28 29 19 1 18 0 18 17 4 40 0 26 0 2 0 0 0 0 0 0 0 0 0 0 0 0 0 1 9 0 0 0 0 0 0 0 0 0 0 0 0 0 0 0 1 2 0 0 0 0 0 0 0 0 0 0 0 0 9 1 0 0 0 0 
