 0 371 241 86 114 83 254 214 50 210 34 46 55 209 307 24 121 135 32 32 3 0 0 0 2 0 0 0 0 1 0 0 0 0 83 0 4 3 0 3 30 0 0 2 0 0 3 0 0 3 0 0 0 2 0 0 0 0 2 0 1 0 0 0 6 0 0 1 0 0 0 27 39 0 3 0 0 1 0 0 0 48 22 13 0 0 7 18 12 30 0 0 1 1 17 11 22 0 23 2 0 0 0 0 1 0 0 0 0 0 0 0 0 0 1 0 0 11 28 0 0 0 0 0 0 0 0 0 0 0 0 0 0 0 0 0 0 0 0 0 0 0 0 0 0 0 0 0 0 0 15 0 0 0 0 0 0 0 0 0 0 10 0 14 0 0 0 29 0 16 39 52 0 0 14 19 33 16 0 11 10 0 0 0 0 0 0 0 0 0 0 0 0 46 0 0 0 0 8 0 0 0 0 0 0 0 0 0 0 15 0 0 0 0 0 0 1 0 0 0 0 0 0 0 0 0 0 2 0 0 0 0 0 0 0 0 2 0 0 0 0 0 0 0 0 1 94 1 2 0 0 17 0 0 0 0 0 0 2 0 0 0 0 0 0 0 0 0 0 0 0 0 0 0 0 0 0 0 0 0 0 0 0 0 0 0 0 0 0 5 
 371 0 101 183 40 38 204 280 134 155 207 252 52 88 251 38 299 244 213 48 22 0 2 0 205 0 0 0 0 0 0 0 75 0 78 0 3 3 1 78 10 0 126 0 0 0 3 0 0 3 0 0 0 0 0 0 0 0 3 32 0 0 0 0 0 0 0 2 0 0 0 0 3 0 3 0 0 0 0 0 14 80 0 18 2 0 13 23 17 26 19 21 1 2 3 14 15 36 43 0 0 0 0 0 1 0 0 0 0 0 0 0 0 0 0 0 0 0 0 8 0 0 0 0 0 0 0 0 0 2 0 0 0 0 0 0 0 0 0 1 0 0 0 0 0 0 0 4 0 6 0 0 0 0 0 0 0 0 0 0 39 3 0 30 65 0 15 2 2 29 0 0 0 25 33 0 21 54 19 39 0 0 0 0 0 0 0 0 0 0 0 0 10 0 0 0 0 0 1 0 0 0 0 0 0 0 0 0 0 0 0 0 0 0 0 0 0 0 0 0 0 0 0 0 0 0 0 13 0 0 0 0 0 0 0 0 0 0 0 0 0 0 0 0 0 2 2 0 0 0 7 17 10 0 0 0 0 0 0 0 24 0 0 0 0 0 0 0 0 1 0 0 0 0 0 30 0 0 0 0 0 0 0 0 0 0 0 0 0 0 
 241 101 0 80 146 143 87 199 307 129 250 77 196 109 156 109 193 105 121 129 80 0 0 0 2 3 80 0 0 4 0 1 72 0 0 2 6 3 0 3 40 0 62 3 0 3 3 71 0 3 0 0 0 0 2 0 0 3 1 1 0 0 2 0 0 0 0 3 2 0 0 6 2 0 3 3 3 3 3 0 0 29 0 2 1 12 1 47 17 20 12 0 25 18 30 0 14 25 23 19 0 0 0 0 0 0 5 0 0 1 0 0 0 7 12 0 0 0 24 0 0 0 2 1 0 0 0 0 0 0 0 0 0 0 0 0 0 0 0 0 0 0 0 0 0 0 0 0 0 0 0 2 0 0 0 0 0 0 0 0 0 22 23 37 17 22 14 1 20 10 16 8 0 3 18 0 21 24 8 17 36 0 0 0 0 0 9 0 0 0 0 0 36 0 0 1 0 0 23 54 0 0 0 0 0 0 0 0 0 0 0 0 0 0 0 0 2 0 12 0 0 0 0 0 0 1 0 0 0 0 0 0 2 0 0 0 0 0 0 0 0 0 0 0 0 0 0 0 0 0 2 16 0 0 0 0 0 0 0 0 2 0 0 0 0 0 0 0 0 0 0 0 0 0 0 0 1 24 0 0 0 0 0 0 0 0 0 0 0 0 
 86 183 80 0 199 247 122 168 58 349 99 90 38 288 143 263 60 147 156 277 3 0 0 0 0 0 0 1 0 0 1 1 78 1 1 1 4 4 21 3 4 0 0 0 0 2 3 0 0 3 1 1 64 2 0 8 0 0 2 0 0 2 0 0 0 0 0 0 1 0 0 1 3 0 3 0 0 2 0 0 14 10 17 18 10 2 9 6 0 19 11 18 0 0 27 15 7 10 0 0 16 4 0 52 0 0 0 8 1 0 0 0 35 21 30 0 0 0 33 8 0 0 0 0 0 0 0 0 0 0 0 0 0 0 0 0 0 0 0 0 0 0 0 0 0 0 2 0 0 0 4 0 0 0 0 0 0 0 0 0 1 14 0 0 10 13 0 13 10 8 27 0 0 0 1 4 43 74 0 0 1 0 0 0 0 0 0 0 16 0 0 0 0 16 0 0 0 0 12 6 0 0 1 0 0 0 0 0 0 0 0 0 0 0 0 0 17 0 0 0 0 1 0 0 0 0 0 0 0 0 0 2 0 0 0 0 0 1 0 0 0 20 0 0 22 2 88 1 1 112 2 11 0 0 1 0 0 1 0 0 1 0 0 0 0 0 0 0 0 0 0 0 0 0 0 0 19 0 0 0 0 0 0 0 0 0 0 0 0 41 
 114 40 146 199 0 176 61 145 84 132 219 345 92 67 195 297 273 405 72 160 4 0 2 0 0 0 0 73 0 0 0 0 306 77 150 1 3 5 73 4 0 0 0 3 0 0 3 0 0 3 0 0 0 1 0 63 1 0 2 0 3 0 0 0 0 0 0 0 1 2 0 0 3 0 3 0 0 2 0 11 11 1 20 1 42 17 24 0 17 11 22 1 0 0 1 24 10 0 0 1 1 16 0 0 0 0 0 0 51 3 19 0 14 19 16 0 0 0 33 14 0 0 0 0 0 0 0 0 0 13 2 0 0 0 0 0 0 0 0 0 0 0 0 0 0 0 0 0 2 0 0 0 0 0 0 0 2 0 0 0 2 0 25 12 2 26 0 1 0 15 26 46 16 0 0 2 8 29 3 0 9 0 0 0 0 0 50 0 18 0 0 2 20 17 0 0 0 0 34 24 0 0 0 0 0 0 0 0 0 0 0 0 0 0 0 0 0 0 0 0 0 0 0 0 0 0 2 0 2 0 0 0 0 0 0 0 0 0 0 0 0 0 0 0 0 0 0 0 0 137 3 8 0 0 0 0 0 0 0 0 0 0 0 0 0 0 0 0 0 0 0 0 0 0 0 0 19 0 0 2 0 0 0 0 0 0 0 0 0 0 
 83 38 143 247 176 0 142 204 43 160 118 144 35 42 153 203 165 276 49 155 3 3 0 0 3 0 3 3 0 0 0 1 5 77 61 0 3 3 77 3 0 0 0 3 3 0 6 1 3 3 66 0 0 1 0 0 0 0 3 0 0 0 3 0 0 2 1 3 0 2 0 0 3 0 3 1 0 0 2 3 12 0 9 19 10 14 29 25 0 2 9 9 0 0 30 0 32 6 0 0 28 0 0 0 0 0 0 0 16 22 0 0 8 45 20 0 0 2 19 4 0 0 0 17 15 2 0 0 1 0 0 0 0 0 0 2 0 0 0 0 0 0 0 0 0 0 0 0 0 0 4 0 0 0 0 0 0 0 0 0 0 25 0 10 0 37 0 11 7 0 23 0 0 8 0 13 18 44 20 0 2 0 0 0 0 0 0 9 0 0 0 0 17 0 0 0 0 0 0 13 0 9 0 0 0 0 0 0 0 0 0 0 0 0 0 0 0 0 0 0 0 0 0 0 0 0 0 0 0 0 0 0 0 0 0 2 0 0 0 0 0 22 0 0 0 6 90 0 88 89 2 16 0 0 0 0 0 0 0 0 0 0 0 0 0 0 0 0 0 0 0 0 0 0 0 0 24 0 0 0 0 0 0 0 0 0 0 0 0 0 
 254 204 87 122 61 142 0 290 373 27 131 21 219 250 94 130 52 57 169 178 3 0 0 29 0 2 0 0 2 0 0 0 0 0 0 2 3 3 0 3 0 0 0 4 0 0 3 2 0 3 0 2 5 1 0 0 0 0 3 0 0 0 0 2 0 0 9 3 0 79 0 0 3 0 3 0 0 0 0 0 38 7 0 34 0 0 0 6 4 20 0 0 54 40 70 19 37 9 9 14 0 0 0 0 0 0 0 0 8 0 0 0 0 0 0 0 0 0 14 0 0 0 0 0 0 0 0 0 0 0 0 0 0 0 0 0 0 0 0 0 0 10 0 0 0 0 0 0 0 0 0 0 0 0 0 0 0 0 5 6 24 14 41 1 0 0 11 40 25 16 0 16 26 13 17 104 18 21 26 0 0 18 0 0 0 0 12 0 0 0 0 0 0 0 0 0 0 0 16 0 0 0 0 0 0 0 0 0 0 0 0 0 0 0 0 0 0 0 0 0 0 0 0 0 0 0 0 0 0 0 0 17 0 0 0 0 0 0 0 0 0 0 0 0 0 0 2 0 48 0 0 5 9 0 0 0 0 0 0 0 0 0 0 0 0 0 0 0 0 0 0 0 0 0 0 16 43 0 0 0 0 0 0 0 0 0 0 0 0 0 
 214 280 199 168 145 204 290 0 301 130 126 249 150 170 503 114 146 366 169 89 3 0 0 0 0 0 0 0 0 3 0 0 74 4 0 0 3 5 0 4 0 0 0 9 0 0 3 12 1 3 0 2 0 1 0 0 0 0 3 0 0 0 0 1 0 44 0 3 0 20 0 0 3 0 3 47 0 0 0 0 9 52 1 11 0 10 6 23 8 0 1 1 34 20 19 11 36 11 10 0 0 0 0 0 0 0 0 0 0 0 0 0 0 0 0 0 0 0 10 0 0 0 0 0 0 0 0 0 0 0 0 0 0 0 0 0 0 0 0 0 0 0 0 0 0 0 0 0 0 0 4 0 0 0 0 0 0 0 0 0 0 29 17 0 9 15 15 42 18 1 15 2 0 5 0 37 0 0 27 0 0 0 0 0 0 0 0 0 0 0 0 0 19 1 0 0 0 0 0 0 0 0 0 0 0 0 0 0 0 0 0 0 0 0 0 0 0 0 0 0 18 0 0 0 0 0 0 0 0 0 0 0 0 0 0 0 10 0 0 0 0 0 0 0 0 0 4 0 2 2 0 12 0 0 0 0 0 0 0 0 0 0 0 0 0 0 0 0 0 0 0 0 0 0 0 0 1 0 0 0 0 0 0 0 0 0 0 0 0 0 
 50 134 307 58 84 43 373 301 0 63 428 94 185 405 91 68 745 46 456 55 3 0 1 0 0 0 0 0 0 0 0 0 0 0 0 0 3 3 1 3 4 0 37 0 0 0 3 6 0 3 0 0 40 0 0 0 0 0 3 0 0 0 0 0 0 0 0 3 0 0 0 0 3 0 3 0 0 0 0 0 62 23 52 39 0 0 0 16 20 0 15 27 0 0 9 0 47 14 3 9 0 0 0 0 0 0 0 0 0 0 0 0 7 0 0 0 0 0 29 0 0 2 0 0 0 0 0 1 0 0 0 0 0 0 0 0 0 0 0 0 0 0 0 0 7 0 0 0 0 0 0 0 0 0 0 0 0 0 0 2 29 33 8 3 37 0 14 35 0 2 1 0 12 17 14 10 11 23 10 26 0 0 0 0 0 0 0 0 0 0 0 0 13 0 0 0 0 1 1 0 0 0 0 0 0 0 0 0 0 0 0 0 6 0 0 0 0 0 0 0 0 0 0 0 0 0 0 0 0 0 0 0 0 0 0 0 0 0 0 0 0 0 0 0 0 1 2 2 87 0 0 19 13 0 0 0 0 0 0 0 0 0 0 0 0 0 0 0 0 0 0 0 0 0 0 23 24 0 0 0 0 0 0 0 0 0 0 0 0 0 
 210 155 129 349 132 160 27 130 63 0 387 121 44 63 278 168 266 406 107 103 3 4 2 0 0 0 0 0 2 0 2 0 79 8 2 0 3 3 34 3 32 2 0 4 0 0 3 0 6 3 0 0 0 1 4 0 63 6 3 0 0 0 0 1 0 0 0 7 0 0 0 4 3 0 3 0 32 0 2 0 0 30 20 12 12 19 0 7 15 41 0 21 0 0 15 5 17 7 0 0 1 12 0 11 0 0 0 0 1 0 0 2 0 19 34 0 0 0 14 0 2 0 0 0 0 0 0 0 0 0 0 0 0 0 0 0 0 0 0 0 0 0 2 0 0 0 0 0 0 0 2 0 0 0 0 0 0 0 0 0 2 12 0 0 22 0 1 13 1 9 32 15 0 0 0 33 25 33 0 1 10 0 0 0 1 0 0 22 14 0 0 0 10 18 0 0 0 0 35 0 0 0 0 0 0 0 0 0 0 0 0 0 0 1 0 0 0 0 0 0 0 0 0 0 0 0 13 0 0 2 0 0 1 0 0 0 0 0 0 0 0 0 0 0 0 2 47 0 0 88 10 8 1 0 0 0 0 0 0 0 0 0 0 0 0 0 0 0 0 0 0 0 0 0 0 1 0 0 0 0 0 0 0 0 0 0 0 0 0 0 
 34 207 250 99 219 118 131 126 428 387 0 91 67 36 280 90 326 448 47 110 3 0 0 0 0 0 0 0 0 2 0 0 77 0 2 0 3 3 0 5 0 0 0 3 0 0 3 0 1 3 0 0 0 2 0 0 0 1 3 0 0 0 0 1 0 0 0 3 0 0 0 5 3 0 3 0 0 0 0 0 0 15 7 38 29 14 14 8 37 23 28 0 1 0 17 20 28 37 0 0 0 0 0 0 0 0 0 0 0 1 2 0 0 0 0 0 0 0 10 4 0 0 0 0 0 0 0 0 0 0 0 0 0 0 0 0 0 0 0 0 0 0 0 0 0 0 0 0 0 0 3 1 0 0 0 0 0 0 0 0 20 2 3 0 25 0 0 23 7 17 26 21 0 11 0 23 37 16 1 14 0 0 0 0 0 0 0 0 1 0 0 0 19 15 0 2 0 0 0 20 0 0 0 0 20 0 0 0 0 0 11 0 0 0 0 0 1 0 0 0 0 18 0 0 0 1 0 0 0 0 0 0 0 0 0 0 0 0 0 0 0 0 0 0 0 0 88 0 0 2 6 11 0 0 0 0 0 0 0 0 0 0 0 0 0 0 0 0 0 0 0 0 0 0 0 0 0 0 0 0 0 0 0 0 0 0 0 0 0 0 
 46 252 77 90 345 144 21 249 94 121 91 0 290 44 32 64 76 78 44 43 81 2 0 3 80 0 84 21 9 0 0 0 1 37 117 0 4 5 110 77 0 2 0 3 0 0 3 2 0 3 0 3 3 2 3 0 3 2 2 0 2 0 4 0 0 53 0 0 3 2 0 1 3 0 3 2 0 3 0 10 2 1 12 26 2 1 1 1 22 13 15 0 2 1 0 18 2 1 0 0 38 25 0 1 0 0 0 7 7 63 13 2 18 38 34 0 0 0 2 24 0 7 3 0 0 0 0 0 0 1 0 0 10 0 0 0 7 0 0 0 5 0 0 0 2 0 0 0 8 2 0 0 2 0 0 0 0 0 0 0 0 0 0 6 12 32 0 0 0 11 43 4 0 0 0 0 0 31 0 0 1 18 1 0 1 1 13 11 17 2 2 1 2 46 0 0 1 0 47 17 9 1 11 10 1 0 7 0 0 9 2 0 0 0 8 3 7 0 2 0 0 0 0 0 0 0 0 0 0 0 0 0 0 0 0 0 0 0 23 0 0 24 0 0 0 2 0 0 0 88 1 13 0 0 0 0 0 0 0 7 0 0 0 0 0 1 1 0 0 0 0 0 0 0 0 0 1 32 0 14 0 0 0 0 0 0 0 0 0 0 
 55 52 196 38 92 35 219 150 185 44 67 290 0 73 243 32 203 124 152 256 3 0 0 0 0 0 0 0 202 0 1 0 0 200 0 0 3 3 2 3 0 0 0 60 2 0 3 8 0 3 0 0 0 6 0 0 0 0 3 0 0 0 0 2 0 0 0 3 0 0 0 0 3 0 3 0 0 0 0 0 0 51 0 0 0 0 7 0 0 6 19 12 8 0 0 14 2 2 19 13 0 0 0 0 0 0 0 0 0 0 0 0 0 0 0 0 0 0 4 0 0 0 0 0 0 0 0 0 0 0 0 0 0 0 0 0 0 2 0 0 0 0 0 0 0 0 0 28 0 7 0 0 0 0 0 0 0 0 0 0 7 35 10 21 1 0 5 35 10 0 0 1 9 12 0 8 0 0 17 30 0 0 0 0 0 0 0 0 0 0 0 0 0 0 0 0 0 0 0 0 0 0 0 0 0 0 0 0 0 0 0 0 0 0 0 0 0 0 0 0 2 0 3 0 0 0 0 0 0 0 0 0 0 0 0 0 1 0 0 0 0 0 0 0 0 0 0 0 1 2 2 9 0 0 0 0 0 0 0 0 0 0 0 0 0 0 0 0 0 0 0 0 0 0 0 0 0 0 0 0 0 0 0 0 0 0 0 0 0 0 
 209 88 109 288 67 42 250 170 405 63 36 44 73 0 244 44 24 52 116 229 3 75 1 0 0 0 0 0 0 0 1 0 0 2 0 0 3 5 0 4 9 0 0 0 0 0 3 0 0 3 0 0 0 0 0 0 0 0 2 0 0 0 0 27 0 0 0 51 1 4 0 0 3 0 3 0 0 2 0 0 12 6 0 0 0 0 28 19 27 0 0 2 13 41 31 12 1 13 15 13 0 0 0 0 0 0 0 0 0 0 0 0 0 0 0 0 0 0 1 0 0 0 0 0 0 0 0 0 0 40 0 0 4 0 0 0 0 0 21 0 0 7 0 2 1 0 0 1 0 0 0 0 0 0 1 0 0 0 0 4 14 0 0 13 0 0 0 4 6 33 13 0 16 0 18 0 21 0 5 13 0 0 0 0 0 0 0 0 0 0 0 0 0 0 0 0 0 0 0 0 0 0 0 0 0 1 0 0 0 0 1 0 0 0 0 2 0 0 2 0 0 0 0 30 0 0 0 0 0 0 0 0 0 0 0 0 0 0 0 0 0 0 0 0 0 0 2 1 2 0 0 18 0 1 0 0 0 0 0 0 0 0 0 0 0 0 0 0 0 0 0 0 0 0 0 0 0 0 0 0 0 0 0 0 0 0 0 0 0 0 
 307 251 156 143 195 153 94 503 91 278 280 32 243 244 0 80 44 265 66 175 3 0 0 0 0 0 0 0 0 0 0 0 74 206 0 0 3 3 0 3 71 2 0 0 0 0 66 0 0 3 0 0 0 0 0 0 0 0 3 0 0 0 0 0 0 0 0 3 0 0 0 0 3 0 3 0 0 0 0 0 22 23 0 44 1 9 32 38 17 31 0 1 9 48 0 22 0 20 12 15 0 0 0 0 0 0 40 3 0 0 0 14 0 0 0 0 0 0 27 9 0 0 0 0 0 0 0 0 0 0 0 0 0 0 0 0 0 0 0 0 0 0 0 0 2 0 0 0 0 2 3 0 0 0 0 0 0 0 0 0 1 15 0 0 0 16 26 0 7 0 37 15 0 0 18 20 0 0 8 0 22 0 0 9 0 1 0 0 0 0 0 0 43 15 0 0 0 0 7 1 0 0 0 0 1 2 0 0 0 0 2 0 0 0 2 1 0 0 1 0 0 0 0 0 0 0 0 0 0 0 0 0 0 0 0 0 0 0 0 0 0 0 0 0 0 0 3 0 1 0 0 6 0 2 0 0 0 0 0 0 0 0 0 10 0 0 0 0 0 0 0 0 0 10 0 0 0 0 0 0 0 0 0 0 0 0 0 0 0 0 
 24 38 109 263 297 203 130 114 68 168 90 64 32 44 80 0 82 211 40 302 78 2 2 0 0 0 75 1 76 0 0 2 225 0 6 4 9 3 2 4 5 0 0 0 0 0 3 0 0 3 0 0 0 2 0 4 6 0 3 0 5 0 0 1 0 0 0 3 0 3 0 0 5 6 3 0 0 0 0 2 12 0 33 21 36 24 0 1 19 16 29 38 0 0 16 13 18 5 0 1 17 1 1 0 0 0 16 11 3 1 1 0 15 18 36 0 0 0 58 9 0 3 0 0 0 0 0 0 0 21 0 0 0 0 0 0 0 0 0 0 0 0 0 0 6 0 0 0 0 0 1 0 0 0 0 0 0 0 0 0 14 38 20 0 0 28 0 6 14 12 19 18 0 0 0 11 6 28 0 0 13 0 0 0 0 0 16 15 0 0 0 0 19 31 0 0 0 0 31 19 0 0 0 0 0 0 0 0 0 0 0 0 10 2 0 0 0 0 0 0 0 0 0 0 0 0 0 0 0 1 0 0 0 0 0 0 0 4 0 0 0 24 0 0 0 2 2 0 87 100 1 15 0 0 0 0 1 0 0 0 0 0 0 0 0 0 1 0 0 1 0 0 0 1 0 0 29 9 0 0 0 0 0 0 0 0 0 0 0 0 
 121 299 193 60 273 165 52 146 745 266 326 76 203 24 44 82 0 153 115 123 3 0 1 0 0 0 0 0 0 4 0 0 78 0 72 0 6 3 0 77 91 0 64 2 0 2 3 4 0 3 0 2 0 0 0 2 0 0 3 0 0 0 0 1 0 0 0 3 2 2 0 5 4 0 4 0 2 0 0 0 2 38 10 0 19 10 2 26 20 51 22 12 14 0 34 11 15 36 11 0 0 0 0 0 0 0 0 0 0 0 0 0 1 0 0 0 0 0 5 18 0 2 0 0 0 0 0 1 0 0 0 0 0 7 0 0 0 0 0 0 0 0 0 0 0 0 0 3 0 5 0 0 0 3 0 0 2 0 0 2 10 63 14 56 59 0 23 0 15 0 0 11 0 6 0 0 1 7 15 34 0 0 0 0 0 0 0 0 0 0 0 0 29 1 0 0 0 1 11 1 0 0 0 0 0 0 0 0 0 0 0 0 0 0 0 0 0 0 0 0 0 9 0 0 0 0 0 0 2 0 0 0 0 0 0 0 0 0 0 0 0 0 0 0 0 1 0 0 0 3 9 12 1 0 0 0 0 0 0 0 0 0 0 0 0 0 0 0 0 0 0 0 0 0 0 20 0 0 0 0 0 0 0 0 0 0 0 0 0 0 
 135 244 105 147 405 276 57 366 46 406 448 78 124 52 265 211 153 0 36 37 78 1 1 0 0 2 75 0 0 0 208 0 181 0 0 0 6 3 150 4 1 0 0 4 0 2 3 2 0 31 0 2 0 1 0 2 0 0 3 0 5 0 0 0 0 0 0 2 0 4 0 0 3 0 4 0 2 0 0 5 0 1 18 0 25 43 0 0 38 14 18 35 14 0 0 2 12 0 0 0 0 11 0 18 0 0 0 19 2 1 10 1 0 0 28 0 0 0 24 24 1 0 0 0 0 0 0 0 0 5 0 0 0 0 0 0 0 0 0 0 0 0 1 0 0 0 0 0 0 0 0 0 0 0 0 0 1 0 0 0 5 0 30 0 0 15 0 12 9 0 0 27 0 7 0 25 8 9 1 0 3 0 0 0 2 0 33 33 9 0 0 0 44 27 0 0 0 0 26 27 0 0 0 0 0 0 0 0 0 0 0 0 0 2 0 0 0 0 0 0 0 0 0 0 0 0 0 0 0 0 0 0 0 0 0 0 0 0 0 0 0 0 0 0 0 0 2 2 3 135 14 14 1 0 0 0 0 0 0 0 0 0 0 0 0 0 0 0 0 0 0 0 0 0 0 0 0 10 0 0 0 0 0 0 0 0 0 0 0 0 
 32 213 121 156 72 49 169 169 456 107 47 44 152 116 66 40 115 36 0 217 3 5 3 0 4 204 0 0 2 0 3 2 0 5 0 6 3 3 2 3 2 24 35 0 3 0 3 6 0 9 0 0 0 0 0 2 1 0 3 0 0 2 0 1 0 0 0 3 0 14 0 2 3 0 3 0 0 2 3 0 24 13 0 14 0 0 1 35 37 0 0 0 16 15 0 0 13 12 12 16 0 0 0 0 0 0 0 0 0 0 0 0 0 0 0 0 0 0 0 0 0 0 0 0 0 0 0 0 0 0 0 0 0 0 0 0 0 0 0 0 0 0 0 0 0 0 0 0 0 0 0 24 0 0 18 0 0 0 2 23 21 13 3 15 8 0 26 16 0 10 0 0 0 7 10 14 12 8 12 20 0 0 0 0 0 0 8 0 0 0 0 11 0 0 0 0 0 0 0 0 0 0 0 0 0 0 0 0 0 5 0 0 0 0 0 0 0 0 0 0 0 0 0 0 0 0 0 0 0 0 0 0 0 0 0 0 0 0 0 0 0 0 0 0 0 0 2 0 3 1 0 6 25 0 0 0 0 0 0 0 0 0 0 0 0 0 0 0 0 0 2 0 0 0 0 10 0 0 0 0 0 0 0 0 0 0 0 0 0 0 
 32 48 129 277 160 155 178 89 55 103 110 43 256 229 175 302 123 37 217 0 3 0 0 0 3 0 0 0 0 3 0 2 3 3 0 6 6 37 3 3 67 0 0 0 2 0 3 0 0 3 0 0 0 74 0 0 0 3 3 0 0 0 2 0 3 0 0 2 0 12 0 0 3 0 5 0 0 0 0 0 22 0 0 0 0 0 30 7 9 0 9 0 21 31 0 9 15 27 0 14 0 0 0 0 0 0 0 0 0 0 0 0 0 0 0 0 0 0 0 0 0 0 0 0 1 0 0 0 0 0 0 0 0 0 0 0 0 0 0 2 0 6 0 0 0 0 0 0 0 0 0 0 0 0 7 0 0 0 4 14 20 2 8 0 0 0 63 12 14 17 0 0 0 18 8 15 11 0 18 0 0 0 0 0 0 0 0 0 0 0 0 0 14 2 0 0 0 0 0 0 0 0 0 0 0 0 0 0 0 0 0 0 0 0 0 0 0 0 0 0 0 0 14 0 0 0 0 0 0 0 0 0 0 0 0 1 0 0 0 0 0 0 0 0 0 3 1 0 3 0 2 10 0 1 0 0 0 0 0 0 0 0 0 0 0 0 0 0 0 0 0 0 0 0 0 0 0 0 0 0 0 0 0 0 7 0 0 0 0 0 
 3 22 80 3 4 3 3 3 3 3 3 81 3 3 3 78 3 78 3 3 0 183 94 326 48 117 76 297 133 77 94 463 67 212 49 78 127 62 183 440 75 0 3 0 0 0 0 0 0 0 0 0 0 1 0 0 2 0 1 3 0 2 3 0 0 0 45 0 0 2 0 0 0 0 0 0 0 15 0 0 0 0 0 0 9 13 0 0 33 0 0 2 0 0 0 0 0 0 0 0 14 0 34 1 0 8 8 41 1 0 50 0 44 0 43 2 3 12 0 1 0 0 0 0 0 0 28 0 0 0 6 0 0 0 68 0 0 7 0 8 9 0 0 0 0 0 0 0 6 0 0 0 0 0 0 0 0 0 0 0 30 7 18 0 10 18 0 0 0 0 0 11 0 0 0 0 0 0 0 0 45 0 46 10 11 9 19 13 15 5 37 2 0 0 11 19 32 30 20 45 0 0 0 0 0 0 0 2 0 0 0 0 12 35 0 0 0 0 17 3 0 0 0 0 0 0 0 0 0 0 0 0 0 0 15 0 0 0 0 0 0 0 0 0 0 0 34 0 0 0 0 0 0 0 11 0 0 0 1 3 4 0 14 0 0 0 0 0 0 0 0 0 0 0 0 0 0 5 0 0 0 0 0 0 0 0 12 0 0 0 
 0 0 0 0 0 3 0 0 0 4 0 2 0 75 0 2 0 1 5 0 183 0 274 258 269 116 150 75 130 159 100 26 764 135 436 276 122 106 118 312 30 3 3 1 0 0 2 0 0 2 0 0 3 77 3 2 4 0 19 22 3 2 3 3 2 3 3 0 2 2 2 0 3 0 0 0 3 3 0 3 0 0 0 0 0 0 0 0 0 0 0 1 0 0 2 0 0 0 0 1 0 15 0 17 16 45 20 4 10 0 26 10 15 0 28 27 8 36 0 0 0 0 0 0 0 0 0 0 0 0 1 0 32 0 0 0 0 0 2 0 0 0 0 0 0 0 0 0 0 9 0 1 0 0 0 0 0 0 0 0 0 0 0 0 9 0 0 0 0 0 0 2 0 0 0 0 0 0 1 0 21 12 24 14 24 22 30 8 0 36 64 0 14 0 0 42 32 55 0 0 0 0 0 0 0 0 0 0 0 0 0 0 12 12 0 0 0 0 12 12 0 0 0 11 0 0 0 0 0 0 0 0 0 1 0 0 0 0 0 0 0 0 20 0 0 0 0 0 0 0 0 0 0 0 2 0 0 2 42 1 1 0 0 0 0 0 2 0 0 0 0 0 0 2 0 0 0 0 0 0 0 0 0 0 0 0 21 0 0 15 
 0 2 0 0 2 0 0 0 1 2 0 0 0 1 0 2 1 1 3 0 94 274 0 224 277 114 138 215 160 193 295 124 65 117 300 370 260 113 71 123 0 0 3 3 0 0 64 0 0 0 0 0 0 66 0 1 2 1 80 130 0 2 28 7 0 0 2 0 0 0 0 0 0 0 0 3 0 3 0 3 0 0 0 0 0 0 0 0 0 0 0 0 0 0 2 0 0 0 0 1 12 12 13 12 12 26 40 13 0 2 39 33 0 0 0 22 19 23 0 0 0 0 0 0 0 0 2 0 0 0 1 0 21 0 0 14 0 0 0 0 0 0 0 0 0 0 0 0 0 0 0 15 0 0 0 7 0 0 0 0 0 0 0 0 10 0 0 0 0 1 0 2 0 0 0 0 0 0 7 0 39 52 48 3 26 1 21 0 7 1 20 23 11 17 32 12 20 10 0 0 15 0 0 0 0 0 13 0 0 0 2 0 34 0 0 0 0 0 29 18 0 0 0 0 0 0 0 0 0 0 0 0 0 0 0 0 0 9 0 0 0 0 19 0 0 0 0 0 0 0 0 0 0 0 17 0 0 3 1 0 9 0 0 0 0 0 0 0 2 0 0 0 0 0 0 0 0 0 0 0 0 0 0 0 0 3 0 0 0 0 
 0 0 0 0 0 0 29 0 0 0 0 3 0 0 0 0 0 0 0 0 326 258 224 0 108 112 66 246 429 249 212 249 232 173 232 159 216 126 82 339 61 0 3 0 0 0 0 0 0 0 0 0 0 0 0 0 2 209 62 1 0 2 3 0 2 0 8 0 0 30 15 0 0 0 0 0 0 6 0 0 0 0 0 0 0 0 0 0 0 0 0 0 0 0 0 0 0 0 0 0 0 19 14 39 26 44 60 9 4 0 81 0 0 0 15 30 24 40 0 0 0 0 0 0 5 0 5 0 0 0 0 0 12 0 33 0 0 0 1 11 0 0 0 0 0 0 0 0 0 0 0 28 0 0 0 12 0 0 0 0 0 40 0 0 0 0 0 0 0 0 0 0 0 0 0 0 0 0 0 0 6 35 28 9 26 12 22 9 13 0 22 16 14 0 1 17 43 36 0 1 0 0 0 0 0 0 0 2 0 0 0 0 28 43 10 0 0 0 37 2 0 0 0 0 0 0 0 0 0 0 0 0 0 0 0 0 0 0 0 0 0 0 72 0 0 0 0 0 0 0 0 0 0 0 10 0 2 75 1 2 2 0 0 0 0 0 0 0 0 0 0 0 0 0 0 0 0 0 0 0 0 0 0 0 0 0 17 0 0 0 
 2 205 2 0 0 3 0 0 0 0 0 80 0 0 0 0 0 0 4 3 48 269 277 108 0 73 272 71 277 339 72 143 86 78 298 541 145 43 81 78 66 32 3 0 0 0 1 1 0 0 0 0 62 44 0 84 2 0 129 1 0 2 60 1 3 0 1 0 0 2 0 0 0 6 0 0 0 3 4 0 0 0 0 0 0 0 0 0 0 0 0 0 0 0 0 0 0 0 0 0 1 0 10 25 49 0 0 0 0 0 0 0 0 0 0 1 16 0 0 0 13 12 14 8 0 0 30 15 40 11 1 16 38 0 14 53 12 24 46 25 0 0 0 0 0 0 0 0 0 0 0 0 0 0 0 0 0 0 2 0 0 2 0 0 0 0 0 0 0 0 0 0 0 0 0 0 0 0 0 0 2 5 0 6 1 0 0 0 0 0 1 0 0 0 0 0 0 0 0 0 0 9 0 0 2 1 11 27 10 9 0 14 47 20 13 1 31 21 21 13 0 0 0 0 0 0 0 0 0 0 0 0 0 0 0 0 0 0 0 0 0 0 1 0 0 0 0 0 0 0 0 0 0 0 8 0 0 76 5 3 10 0 3 0 0 61 0 0 0 0 6 0 0 0 0 0 0 0 0 0 0 0 0 0 72 0 0 0 0 0 
 0 0 3 0 0 0 2 0 0 0 0 0 0 0 0 0 0 2 204 0 117 116 114 112 73 0 21 37 395 214 70 292 25 57 45 68 58 91 43 48 67 1 3 0 0 0 2 38 62 0 0 0 92 1 29 0 2 212 0 147 0 2 3 0 0 0 8 0 0 0 0 0 0 0 0 0 0 3 0 0 0 0 0 0 0 0 0 0 0 0 0 0 0 0 0 2 0 0 0 0 0 0 14 19 0 0 0 0 17 0 1 0 0 0 0 52 0 10 0 0 0 22 24 19 0 0 22 13 0 0 14 0 29 30 0 14 15 24 11 38 0 0 0 0 0 10 0 0 0 0 0 1 14 0 0 0 0 14 0 0 0 0 0 0 0 0 0 0 0 0 0 0 0 0 0 21 0 6 0 0 0 0 7 0 13 41 0 0 0 0 9 10 0 0 0 0 23 11 0 0 4 0 0 0 0 0 17 0 9 14 0 0 1 34 49 0 16 9 1 38 0 0 0 0 0 8 0 0 0 0 0 14 0 0 0 1 0 0 0 0 0 0 0 0 0 0 0 0 0 0 0 0 0 0 5 0 2 6 0 0 2 0 0 0 0 0 0 0 0 0 1 0 0 0 0 0 0 0 0 0 0 9 0 0 0 0 1 0 0 0 
 0 0 80 0 0 3 0 0 0 0 0 84 0 0 0 75 0 75 0 0 76 150 138 66 272 21 0 162 70 122 121 27 103 123 130 141 199 33 228 399 63 0 3 0 0 0 0 0 0 0 0 0 0 2 0 0 2 0 0 1 0 2 3 0 0 0 3 0 2 0 0 0 0 0 0 0 0 3 0 0 0 0 0 0 9 13 0 0 29 0 0 3 0 0 0 0 0 0 0 0 28 0 10 1 0 0 25 35 18 29 13 0 30 0 27 0 0 0 0 1 0 0 0 0 0 1 2 0 0 0 0 25 0 0 0 0 0 1 0 0 0 0 0 0 0 0 0 0 5 0 0 0 0 0 0 0 0 0 0 0 0 0 18 0 10 18 0 0 0 0 0 11 0 0 0 0 0 0 11 0 30 10 30 8 0 0 18 13 0 4 18 15 0 26 35 19 9 0 24 57 0 0 0 0 2 0 0 0 0 0 0 0 0 0 0 0 0 0 2 0 0 0 0 0 0 0 0 0 0 0 0 0 0 0 0 0 0 0 0 0 0 0 0 0 0 0 34 0 0 0 0 0 0 0 7 0 0 0 0 0 19 0 14 0 0 0 0 0 0 0 0 0 0 0 0 0 0 8 0 0 0 0 0 0 0 0 0 0 0 0 
 0 0 0 1 73 3 0 0 0 0 0 21 0 0 0 1 0 0 0 0 297 75 215 246 71 37 162 0 180 109 46 269 153 269 92 107 134 103 87 154 0 0 3 0 63 0 204 0 0 0 0 0 1 2 0 0 2 0 67 1 0 2 3 0 2 0 8 0 0 1 0 0 0 0 0 0 0 8 0 0 0 0 0 0 0 1 0 0 0 0 0 10 0 2 0 0 0 0 0 0 13 25 45 4 0 4 10 0 0 38 26 10 8 12 14 13 40 10 0 12 21 0 0 0 0 0 9 0 0 0 0 0 0 0 19 0 0 0 1 36 0 0 0 0 0 1 0 0 0 0 0 0 0 0 3 8 2 1 0 0 1 9 0 0 0 11 0 0 0 0 0 0 0 0 0 1 0 10 0 0 10 23 1 35 22 7 62 9 32 11 0 24 0 31 35 24 63 8 18 12 0 0 0 0 0 0 0 26 0 0 0 0 26 37 0 0 0 8 0 0 0 0 0 0 0 0 0 0 0 0 0 2 0 0 0 0 0 8 0 0 0 0 0 0 0 0 73 0 0 0 0 0 0 0 26 0 0 77 0 1 0 2 7 0 0 0 0 0 0 0 0 0 0 39 0 0 0 2 0 12 0 0 0 0 0 0 0 0 0 0 
 0 0 0 0 0 0 2 0 0 2 0 9 202 0 0 76 0 0 2 0 133 130 160 429 277 395 70 180 0 109 569 654 117 107 239 62 422 186 90 274 0 0 3 0 0 0 0 1 0 0 0 3 127 1 0 0 2 0 126 32 0 2 5 0 0 0 6 0 0 2 0 1 0 0 0 0 0 3 0 0 0 0 0 0 0 0 0 0 0 0 0 0 0 0 0 15 0 15 0 0 2 0 19 9 0 40 0 0 13 0 11 32 0 0 13 46 27 22 0 0 18 1 7 0 0 0 28 0 0 0 0 0 12 0 7 0 0 0 16 33 0 0 0 0 0 0 0 0 0 0 0 0 0 0 0 0 0 0 0 0 0 4 0 0 0 0 0 0 0 0 1 0 0 0 0 0 0 0 0 0 0 0 7 7 11 18 0 0 20 25 29 0 0 0 0 0 24 42 0 0 16 0 0 0 0 0 4 12 0 0 0 0 40 35 0 0 0 0 10 0 0 0 0 0 0 0 0 0 0 0 0 0 0 0 0 0 0 0 0 0 0 0 0 0 0 0 0 0 0 0 0 0 0 0 31 0 2 1 1 2 0 0 0 0 0 0 0 0 0 0 0 0 0 0 0 0 0 0 0 0 0 12 0 0 0 7 10 0 0 0 
 1 0 4 0 0 0 0 3 0 0 2 0 0 0 0 0 4 0 0 3 77 159 193 249 339 214 122 109 109 0 153 129 247 88 217 453 310 493 102 479 63 0 273 0 0 0 2 0 0 0 0 208 64 66 0 0 2 0 10 24 0 2 43 1 0 0 19 0 0 2 0 0 0 0 0 4 0 8 0 5 0 0 0 0 0 13 0 0 0 0 8 19 0 0 0 0 0 1 0 0 20 15 38 7 13 19 34 4 29 0 12 13 0 0 26 0 1 27 0 0 0 18 9 0 17 0 17 0 0 0 0 0 0 0 0 0 2 0 3 31 0 0 0 0 0 0 0 0 0 0 0 0 0 0 0 0 0 6 0 2 0 0 0 0 16 0 3 0 0 0 0 0 0 0 0 0 0 0 7 16 63 20 56 7 0 21 26 6 14 1 16 12 15 20 51 9 36 24 0 0 10 1 0 0 0 0 0 0 0 0 0 0 12 30 12 0 6 0 0 2 0 0 0 0 0 0 0 0 0 0 0 0 0 0 2 0 0 0 0 0 0 0 21 0 0 39 0 0 0 0 0 0 0 0 7 2 0 0 2 0 19 0 0 0 0 0 0 0 0 0 0 0 0 0 0 0 0 0 0 0 0 9 0 0 0 0 12 0 0 0 
 0 0 0 1 0 0 0 0 0 2 0 0 1 1 0 0 0 208 3 0 94 100 295 212 72 70 121 46 569 153 0 210 448 189 104 172 127 221 57 125 0 0 27 0 0 0 1 0 0 0 0 0 0 65 0 0 2 0 88 68 0 2 3 0 0 0 5 0 0 1 52 0 0 0 0 0 0 7 0 0 0 2 0 0 0 0 2 0 0 0 0 0 0 0 0 0 0 0 0 0 11 0 31 8 13 22 0 0 0 0 13 57 0 0 10 22 32 11 0 0 0 0 0 0 0 0 22 0 0 0 0 0 10 0 0 0 0 0 13 26 0 0 0 16 0 0 0 0 0 0 0 2 0 0 1 0 0 0 0 0 0 0 0 0 10 0 0 0 0 0 0 0 0 0 0 0 0 0 2 0 28 6 1 20 19 7 20 0 21 16 7 14 0 1 15 45 22 24 0 0 13 0 0 0 0 0 14 0 0 0 11 0 38 1 0 19 0 0 32 0 0 0 0 0 0 0 0 0 1 0 7 0 0 0 0 0 0 0 0 0 0 0 0 0 0 0 0 0 0 0 0 0 0 0 8 4 1 2 3 0 2 0 1 0 0 0 0 0 0 0 0 0 0 0 0 0 0 0 0 0 0 13 0 0 0 9 0 0 0 0 
 0 0 1 1 0 1 0 0 0 0 0 0 0 0 0 2 0 0 2 2 463 26 124 249 143 292 27 269 654 129 210 0 256 74 44 53 202 111 39 152 65 0 3 0 0 0 0 7 0 6 0 0 64 2 0 0 2 0 60 23 0 2 56 0 0 1 2 0 3 2 0 0 0 2 26 0 0 10 4 0 0 0 0 0 0 0 0 0 0 0 0 0 0 0 0 0 0 0 0 0 8 1 15 15 32 31 0 0 1 0 0 31 0 0 14 26 47 17 0 0 18 57 0 1 0 0 25 0 0 1 0 0 2 0 20 15 0 0 21 42 0 0 0 0 0 0 0 0 0 0 0 0 2 0 0 0 0 2 0 0 0 6 0 0 0 0 0 0 0 0 0 0 0 16 0 0 0 0 0 0 0 13 0 15 22 9 12 0 20 16 0 11 0 0 8 6 1 0 0 0 21 0 0 0 0 0 12 26 0 0 0 0 41 23 27 42 18 0 6 0 0 0 0 0 0 0 0 0 0 0 0 0 0 0 0 0 0 0 0 0 0 0 0 0 0 0 1 0 0 0 0 0 0 0 20 0 1 1 0 2 0 0 0 0 0 0 4 0 0 0 1 0 0 0 0 0 19 0 0 0 0 66 0 0 2 9 0 0 0 0 
 0 75 72 78 306 5 0 74 0 79 77 1 0 0 74 225 78 181 0 3 67 764 65 232 86 25 103 153 117 247 448 256 0 87 251 82 41 63 509 86 1 0 3 4 0 1 0 5 0 0 0 3 0 2 0 3 2 0 0 64 7 2 33 0 0 0 3 0 0 2 53 0 0 0 0 0 0 3 3 7 1 0 33 0 35 39 6 0 18 15 21 43 0 2 0 1 8 0 0 0 0 29 0 0 0 0 17 27 0 0 10 0 3 0 15 26 2 12 8 17 0 0 0 0 0 0 0 0 0 7 0 0 0 0 0 0 0 0 0 0 0 0 0 0 0 0 0 0 0 0 0 0 0 2 0 0 2 1 0 0 6 0 12 0 0 9 0 0 0 0 3 17 0 0 19 1 2 13 0 0 10 15 0 0 0 0 42 13 11 0 0 0 30 20 9 0 0 11 21 23 0 0 0 0 0 0 0 0 0 0 15 0 0 0 5 0 0 0 0 0 0 0 0 6 0 0 0 0 0 0 0 2 3 0 0 0 14 0 0 0 0 0 27 0 0 0 0 0 0 95 9 0 0 0 13 2 4 0 0 0 0 2 0 0 0 0 0 0 0 0 0 0 0 0 0 0 0 0 0 0 0 0 0 1 0 0 0 0 0 0 
 0 0 0 1 77 77 0 4 0 8 0 37 200 2 206 0 0 0 5 3 212 135 117 173 78 57 123 269 107 88 189 74 87 0 126 93 143 64 99 99 0 0 3 0 0 0 3 0 0 0 0 0 0 2 0 0 2 0 3 1 0 2 3 3 0 0 6 0 0 2 0 0 55 0 0 3 0 12 0 3 0 0 1 18 1 10 0 0 0 1 9 9 0 0 0 1 4 0 0 0 35 26 49 0 0 0 10 2 0 21 25 24 0 32 29 10 17 10 1 23 0 0 0 0 0 0 1 0 0 0 0 0 0 0 0 0 0 0 0 32 0 0 0 0 0 0 0 0 0 1 1 3 0 0 6 7 0 0 0 0 0 0 0 0 2 33 0 0 12 1 0 0 0 0 0 0 0 23 1 0 0 31 1 25 24 0 39 8 33 32 1 24 0 36 31 56 19 6 14 19 0 0 0 0 0 0 1 0 0 0 0 0 10 0 0 0 0 0 11 0 0 8 0 2 0 0 0 2 0 0 0 0 1 64 0 0 0 0 0 0 0 18 0 0 0 0 74 0 0 0 0 0 0 0 11 0 0 75 76 2 0 1 0 0 0 0 0 0 0 0 0 0 0 0 0 0 0 0 0 21 0 0 0 0 0 0 0 0 0 6 
 83 78 0 1 150 61 0 0 0 2 2 117 0 0 0 6 72 0 0 0 49 436 300 232 298 45 130 92 239 217 104 44 251 126 0 149 278 203 171 200 0 0 3 0 0 4 1 2 0 0 0 4 0 66 63 4 2 0 16 0 0 2 3 0 5 4 3 0 0 6 0 0 0 0 2 0 4 3 0 5 0 0 0 0 0 0 2 0 0 0 0 1 0 0 0 1 0 0 0 0 34 19 14 9 13 20 18 13 9 34 11 21 1 30 0 22 7 0 0 27 0 0 0 0 0 0 17 0 0 1 0 0 13 0 0 0 0 0 13 0 0 0 0 0 2 0 0 0 0 0 0 2 0 0 0 0 0 0 0 0 0 0 0 9 5 21 0 0 0 0 12 0 0 0 2 1 0 14 5 0 20 14 4 0 1 11 40 7 14 1 24 11 0 38 17 13 12 13 19 19 0 0 0 0 0 0 1 0 0 0 0 0 0 0 0 0 0 0 13 0 0 0 0 0 0 0 0 0 0 0 0 0 0 0 0 0 0 0 0 0 0 0 0 0 0 0 0 0 0 73 0 0 0 0 104 0 1 2 2 0 20 0 0 0 0 0 0 0 0 0 0 0 0 0 0 0 0 0 0 23 0 12 0 0 0 0 0 0 0 0 
 0 0 2 1 1 0 2 0 0 0 0 0 0 0 0 4 0 0 6 6 78 276 370 159 541 68 141 107 62 453 172 53 82 93 149 0 443 189 43 287 68 0 5 0 2 0 3 0 0 0 0 2 0 282 207 0 2 0 6 1 0 2 3 3 1 0 3 0 0 2 0 58 0 0 0 5 0 8 0 5 0 0 0 1 24 0 0 0 16 0 0 0 0 0 0 0 0 0 0 0 24 28 5 7 14 0 47 20 14 6 0 46 1 12 12 0 10 23 0 6 0 2 0 0 0 0 0 0 0 0 0 0 0 0 0 0 0 0 0 1 0 0 0 0 0 0 0 0 0 14 0 0 0 0 21 0 0 0 0 0 0 0 0 0 32 0 0 0 0 0 0 6 0 0 0 0 0 0 6 0 36 31 49 23 0 0 37 13 17 21 18 22 11 50 42 24 14 44 0 0 0 1 0 0 0 0 0 0 0 0 0 0 0 10 0 0 0 0 2 0 0 0 0 0 0 0 0 0 0 0 0 0 0 0 0 0 0 1 0 0 0 0 19 0 0 0 0 0 0 0 0 1 0 0 4 0 4 0 1 2 19 11 0 0 0 0 0 0 0 0 0 0 0 0 0 0 1 0 0 0 0 0 0 0 0 0 0 0 0 0 
 4 3 6 4 3 3 3 3 3 3 3 4 3 3 3 9 6 6 3 6 127 122 260 216 145 58 199 134 422 310 127 202 41 143 278 443 0 222 252 203 77 0 3 0 0 23 207 0 0 0 0 0 0 2 0 0 2 0 47 1 0 2 3 0 1 0 20 0 0 1 0 0 0 0 0 0 0 13 0 0 0 0 0 0 0 0 0 0 0 0 0 0 0 0 0 0 0 0 0 7 0 2 48 32 56 26 3 2 10 13 6 0 1 1 14 26 51 0 0 0 15 0 0 24 0 2 17 0 0 0 15 0 9 0 13 0 0 2 7 33 0 0 0 0 0 0 0 0 0 0 0 17 0 0 0 0 0 0 0 0 0 4 0 0 0 0 0 0 0 10 0 0 0 0 0 0 0 0 0 0 6 10 35 42 1 7 10 9 28 5 13 32 0 0 26 51 15 44 0 0 0 2 0 0 0 0 0 17 0 0 0 0 18 17 0 0 0 0 1 0 11 0 0 0 0 0 0 0 0 0 0 0 0 0 0 0 0 0 0 0 0 0 1 0 0 0 0 0 0 0 0 0 0 0 15 1 2 1 1 0 3 0 0 0 0 0 0 0 0 0 0 0 0 0 0 0 0 0 0 0 0 0 0 0 0 0 0 0 0 2 
 3 3 3 4 5 3 3 5 3 3 3 5 3 5 3 3 3 3 3 37 62 106 113 126 43 91 33 103 186 493 221 111 63 64 203 189 222 0 39 91 4 0 3 0 0 0 208 0 0 0 0 0 23 82 0 22 2 0 63 1 0 2 3 0 0 0 3 0 0 2 0 0 0 0 0 0 0 8 0 5 0 0 0 0 0 13 0 0 0 0 0 0 0 0 0 0 0 0 0 0 7 0 10 9 10 1 2 0 34 0 0 46 0 0 12 13 21 0 1 0 0 0 7 0 0 0 18 0 0 0 0 0 0 0 13 1 0 0 18 54 0 0 0 0 0 0 0 0 0 0 0 2 0 0 2 0 0 4 0 0 0 0 0 0 2 0 0 0 0 0 0 0 0 0 10 1 0 0 2 0 19 50 10 9 0 10 28 0 35 23 9 24 3 1 21 32 0 30 0 0 1 0 0 0 0 0 22 0 0 0 0 0 6 12 15 20 0 0 17 0 0 8 0 0 0 0 0 2 0 0 0 0 1 0 0 0 0 0 0 0 0 0 0 0 0 0 0 0 0 0 0 0 0 0 13 0 5 1 75 3 15 2 0 0 0 0 0 0 0 0 1 0 0 0 0 0 0 0 0 0 0 28 0 0 0 0 0 0 0 0 
 0 1 0 21 73 77 0 0 1 34 0 110 2 0 0 2 0 150 2 3 183 118 71 82 81 43 228 87 90 102 57 39 509 99 171 43 252 39 0 296 63 0 3 5 1 0 4 3 29 3 3 2 0 4 5 0 7 13 0 4 3 2 3 3 5 0 2 2 1 5 4 6 0 0 2 0 2 58 9 8 0 0 0 1 9 2 0 0 18 0 2 34 0 0 0 0 0 0 0 0 3 8 12 22 0 0 10 18 14 15 8 0 34 28 38 0 0 0 1 0 0 0 0 0 0 0 0 0 0 24 0 0 0 0 0 0 0 0 0 0 0 0 0 0 1 0 0 0 5 0 0 0 0 0 0 0 0 0 0 0 5 0 2 8 2 0 0 0 0 0 14 0 0 0 0 6 0 0 0 0 15 0 24 8 0 0 0 42 22 4 9 1 1 0 10 17 9 1 47 30 0 0 0 0 0 0 0 0 0 0 0 0 0 0 0 0 0 0 0 0 1 0 0 0 0 0 1 0 0 0 0 0 0 0 0 10 0 0 0 0 0 0 0 0 17 0 74 0 0 98 0 0 0 0 13 2 0 0 0 0 2 1 8 0 0 0 0 0 0 0 0 0 0 0 0 0 0 9 0 0 0 0 0 0 0 0 0 0 0 0 
 3 78 3 3 4 3 3 4 3 3 5 77 3 4 3 4 77 4 3 3 440 312 123 339 78 48 399 154 274 479 125 152 86 99 200 287 203 91 296 0 94 0 3 0 0 0 0 0 0 0 0 0 0 2 0 0 2 0 0 2 0 2 3 0 0 0 3 0 0 2 0 0 0 0 0 0 0 7 0 0 2 0 0 0 19 0 0 0 0 0 0 0 0 0 0 0 0 0 0 0 24 0 3 0 0 1 22 21 35 37 0 19 25 24 34 0 12 3 0 38 0 0 0 17 0 0 0 0 1 0 0 13 0 0 0 0 0 0 0 0 0 0 0 0 21 18 0 0 5 0 0 0 0 0 1 0 0 0 0 0 0 0 21 0 9 6 0 2 0 0 0 1 0 0 0 0 0 0 2 0 12 21 44 25 0 2 6 3 16 21 11 33 0 7 45 42 3 45 0 0 0 0 0 0 0 0 1 0 0 0 0 2 0 0 0 0 0 0 1 0 0 0 0 0 0 0 0 0 0 0 0 0 0 0 0 0 0 0 0 0 0 0 0 0 0 0 0 0 0 0 0 0 0 0 25 0 2 0 1 0 12 10 0 0 0 0 0 0 0 0 0 0 0 0 0 0 0 0 0 0 0 0 0 0 0 0 0 0 0 0 
 30 10 40 4 0 0 0 0 4 32 0 0 0 9 71 5 91 1 2 67 75 30 0 61 66 67 63 0 0 63 0 65 1 0 0 68 77 4 63 94 0 146 276 45 31 34 99 135 31 55 39 40 125 42 345 26 53 51 20 58 0 0 38 0 0 2 0 0 1 204 0 6 0 0 0 0 52 0 0 0 72 4 0 0 0 0 7 4 8 20 0 0 0 53 19 0 0 4 4 0 0 0 1 0 2 1 13 2 10 0 0 0 9 0 18 0 0 0 1 0 0 11 0 10 0 0 24 0 17 10 0 0 0 11 0 5 11 1 0 0 0 0 0 0 0 0 12 0 0 0 0 0 12 0 0 0 0 0 0 0 9 31 0 14 1 0 4 0 3 0 0 3 0 13 3 0 0 0 0 3 19 0 24 3 16 9 0 1 0 9 4 0 0 3 0 39 8 18 3 0 10 7 0 0 0 0 0 0 0 0 0 0 0 0 0 0 9 0 1 10 0 0 0 0 0 0 0 0 0 0 0 0 0 0 0 0 0 0 0 0 0 0 0 0 0 0 0 0 0 0 0 12 0 2 0 0 0 0 0 2 0 0 0 0 0 2 2 0 0 0 10 0 0 0 0 0 0 0 0 0 0 0 0 0 13 0 0 0 0 0 
 0 0 0 0 0 0 0 0 0 2 0 2 0 0 2 0 0 0 24 0 0 3 0 0 32 1 0 0 0 0 0 0 0 0 0 0 0 0 0 0 146 0 252 60 31 37 169 321 124 93 205 88 36 385 661 139 375 194 95 333 0 0 9 0 0 0 0 0 0 2 0 0 49 0 0 0 0 0 60 55 0 0 0 0 0 0 0 0 0 0 0 0 0 16 0 0 0 0 0 0 0 0 0 0 11 0 0 0 0 0 0 0 0 0 0 0 21 0 0 0 30 29 26 0 0 0 0 7 4 10 25 10 16 0 3 6 39 30 30 4 0 0 0 0 0 0 0 0 1 0 0 0 8 0 0 0 0 0 0 0 0 0 0 0 0 0 9 0 0 0 0 0 0 0 0 0 0 0 0 6 0 0 0 0 4 0 8 0 0 0 0 11 0 0 0 0 0 0 0 0 17 0 16 25 36 0 48 0 0 22 7 25 0 0 9 68 21 31 19 14 0 0 1 0 0 0 0 0 0 0 0 0 11 0 0 0 0 1 9 0 0 0 0 0 0 0 0 0 0 22 0 9 0 1 0 0 0 64 6 22 0 0 39 0 0 2 1 0 0 0 0 0 0 0 0 0 0 0 0 0 0 0 0 0 0 0 0 0 0 0 
 0 126 62 0 0 0 0 0 37 0 0 0 0 0 0 0 64 0 35 0 3 3 3 3 3 3 3 3 3 273 27 3 3 3 3 5 3 3 3 3 276 252 0 169 55 320 81 121 306 188 166 552 121 145 108 131 274 76 249 319 0 0 0 0 17 0 0 0 0 1 52 0 0 0 1 20 0 0 23 67 14 21 0 0 0 0 0 3 0 0 0 14 4 0 0 0 0 0 3 0 0 0 0 0 0 0 0 0 0 0 0 0 0 0 0 0 0 0 0 0 22 31 20 0 9 0 0 23 19 13 20 10 4 0 8 0 26 40 18 0 0 0 0 0 0 0 17 0 54 0 0 0 9 20 0 0 0 0 4 0 0 15 1 3 20 0 19 0 0 0 0 0 0 7 0 0 0 0 7 20 0 0 0 0 0 0 0 0 0 0 0 0 0 0 0 0 0 0 0 0 25 1 19 10 0 12 29 0 10 18 18 22 0 0 10 40 7 13 49 15 0 0 28 0 0 0 0 6 0 0 0 0 0 0 0 4 1 0 11 0 0 0 23 0 0 59 0 0 0 0 0 8 0 1 0 0 0 0 0 19 63 0 38 0 0 15 0 1 0 0 0 0 0 0 0 0 0 0 0 0 0 0 0 0 0 7 0 0 0 0 
 2 0 3 0 3 3 4 9 0 4 3 3 60 0 0 0 2 4 0 0 0 1 3 0 0 0 0 0 0 0 0 0 4 0 0 0 0 0 5 0 45 60 169 0 203 367 90 101 120 411 62 239 134 89 135 104 51 329 51 60 51 62 0 0 6 0 28 1 0 1 0 0 0 0 104 6 0 0 0 9 0 2 0 0 0 0 0 0 0 0 0 0 3 0 0 0 4 0 0 0 0 0 0 0 0 0 0 0 0 0 0 0 0 0 0 0 0 0 6 0 20 16 0 9 33 76 0 0 0 0 2 0 0 0 20 0 67 0 0 0 13 0 0 14 0 0 32 3 14 0 0 0 0 0 0 0 19 20 18 0 0 13 13 0 0 0 0 20 12 0 0 2 0 0 0 5 5 0 2 0 0 0 0 0 0 0 0 0 0 0 0 0 0 0 0 0 0 0 0 0 9 2 6 14 22 0 3 0 0 0 40 14 0 0 11 0 0 0 0 0 5 3 19 0 0 0 41 0 27 7 0 0 6 0 7 4 37 10 75 11 0 0 14 0 0 0 0 0 0 0 0 8 0 0 0 0 0 0 0 0 0 1 0 3 1 1 3 2 0 0 0 0 0 0 0 0 0 0 0 0 0 0 0 0 0 14 0 0 0 0 
 0 0 0 0 0 3 0 0 0 0 0 0 2 0 0 0 0 0 3 2 0 0 0 0 0 0 0 63 0 0 0 0 0 0 0 2 0 0 1 0 31 31 55 203 0 135 259 80 159 193 80 168 86 72 64 95 131 45 118 279 0 52 0 0 6 39 0 1 0 0 0 1 2 111 75 0 0 0 0 0 0 0 0 0 0 0 0 6 0 0 0 0 0 0 0 0 0 0 0 0 0 0 0 0 0 0 0 0 0 7 0 0 0 0 0 0 0 0 0 0 0 0 0 0 9 20 0 0 0 0 0 0 0 0 0 0 0 0 0 0 21 0 9 0 0 0 4 58 0 0 9 0 14 10 13 47 21 34 2 34 0 0 5 0 0 0 8 0 0 2 0 0 0 0 0 0 0 0 0 0 0 0 0 0 0 0 0 0 0 0 0 0 0 0 0 0 0 0 0 0 0 0 0 11 11 22 0 0 0 0 1 13 0 0 0 0 0 4 0 0 10 0 0 8 1 0 19 20 12 12 0 50 33 22 12 0 12 29 15 17 0 0 33 0 0 0 0 0 0 0 0 11 0 0 0 0 0 0 0 4 0 0 0 73 0 3 0 0 0 0 0 0 0 0 0 0 0 0 0 0 0 0 0 0 0 0 0 0 6 0 
 0 0 3 2 0 0 0 0 0 0 0 0 0 0 0 0 2 2 0 0 0 0 0 0 0 0 0 0 0 0 0 0 1 0 4 0 23 0 0 0 34 37 320 367 135 0 49 30 212 68 294 49 38 68 270 332 186 70 27 39 75 26 0 0 0 0 49 0 53 2 0 0 0 27 1 0 0 0 0 1 0 0 0 0 0 0 0 0 0 0 0 0 0 0 0 0 0 0 0 0 0 0 0 0 0 0 0 0 0 0 0 0 0 0 0 0 0 0 0 0 0 11 0 16 19 33 0 9 14 5 0 11 0 3 0 0 7 13 0 0 11 7 0 5 0 0 16 11 0 0 0 0 12 13 9 6 1 0 2 7 0 0 0 0 0 0 1 0 0 0 0 0 0 0 0 0 0 0 0 0 0 0 0 0 0 0 0 0 0 0 0 0 0 0 0 0 0 0 0 0 0 0 1 0 16 30 0 6 42 20 4 0 0 0 3 28 11 16 0 0 14 0 0 0 0 0 11 19 22 0 1 4 16 36 15 0 0 0 20 14 0 0 0 0 0 0 0 0 0 0 0 6 0 8 0 0 0 0 0 17 0 21 1 1 0 14 0 0 0 0 0 0 0 0 0 0 0 0 0 0 0 0 0 0 6 0 0 0 0 0 
 3 3 3 3 3 6 3 3 3 3 3 3 3 3 66 3 3 3 3 3 0 2 64 0 1 2 0 204 0 2 1 0 0 3 1 3 207 208 4 0 99 169 81 90 259 49 0 364 294 33 122 114 273 355 39 40 44 44 28 120 0 0 4 9 0 0 0 2 0 2 0 0 0 0 0 0 0 0 6 0 0 0 0 0 0 0 0 0 0 0 0 0 0 0 0 0 0 0 0 0 0 0 0 0 0 12 0 0 0 0 0 0 0 0 0 0 0 0 0 0 33 0 28 1 22 0 0 25 15 1 33 37 34 19 19 2 6 33 25 0 0 0 0 0 0 0 0 0 0 0 0 0 14 0 0 0 0 0 8 0 0 0 0 0 14 0 3 0 0 0 0 0 15 0 0 0 0 0 0 4 0 0 0 0 0 0 0 12 0 0 0 0 0 0 0 0 0 0 0 0 10 9 37 24 0 0 24 0 12 8 52 1 0 0 11 27 34 24 21 40 0 0 0 0 0 0 0 0 0 0 0 0 14 0 0 0 0 0 5 0 0 0 0 0 0 0 0 0 0 26 0 12 0 1 0 0 0 62 0 2 0 0 99 0 2 0 4 0 0 0 0 0 0 0 0 0 0 0 0 0 0 0 0 0 0 0 0 14 0 0 
 0 0 71 0 0 1 2 12 6 0 0 2 8 0 0 0 4 2 6 0 0 0 0 0 1 38 0 0 1 0 0 7 5 0 2 0 0 0 3 0 135 321 121 101 80 30 364 0 536 69 53 51 142 95 537 59 34 251 48 182 0 2 0 0 1 0 0 0 50 2 0 0 0 4 0 2 0 0 0 0 0 8 0 0 0 0 0 9 0 0 0 0 10 0 0 0 0 0 37 0 0 0 0 0 0 0 0 0 0 0 0 0 0 0 0 11 0 5 0 0 0 0 0 0 1 10 17 8 0 0 30 0 9 32 15 11 2 0 10 0 0 0 0 0 0 0 0 0 0 0 0 0 10 0 0 0 0 0 13 0 0 10 6 3 9 0 10 3 16 0 0 0 0 0 0 7 0 0 11 2 0 0 0 0 5 14 0 0 0 0 0 4 0 0 0 0 0 0 0 0 2 11 11 20 0 24 10 38 12 14 0 7 1 0 9 7 9 0 1 8 0 0 0 0 0 0 7 11 0 0 0 0 21 0 0 0 0 0 1 0 0 0 0 0 0 0 0 0 0 0 0 10 0 2 0 0 0 19 0 2 0 0 0 0 2 2 2 65 0 0 0 0 0 0 0 0 0 0 0 0 0 0 0 0 0 0 0 0 0 0 
 0 0 0 0 0 3 0 1 0 6 1 0 0 0 0 0 0 0 0 0 0 0 0 0 0 62 0 0 0 0 0 0 0 0 0 0 0 0 29 0 31 124 306 120 159 212 294 536 0 166 180 50 58 287 149 118 125 417 93 71 215 2 0 0 0 0 1 7 3 4 0 2 0 47 2 4 2 1 42 52 0 0 0 0 0 0 0 0 0 0 0 0 0 0 0 0 0 0 0 0 0 0 0 0 0 0 0 0 0 0 0 0 0 0 0 0 0 0 0 0 0 0 33 5 10 29 0 1 10 12 4 11 0 3 0 29 9 0 0 0 2 0 0 21 0 0 33 0 17 0 0 0 13 2 0 0 5 0 0 4 0 0 0 0 0 0 0 0 0 0 0 0 0 0 0 0 0 0 0 0 0 0 0 0 0 19 0 0 0 0 0 0 0 0 0 0 0 0 0 0 0 10 2 10 20 13 13 0 0 18 0 41 0 0 0 3 2 0 0 13 0 0 25 0 0 0 18 8 9 0 0 0 14 20 0 1 7 0 0 57 0 0 0 0 0 0 0 0 0 0 0 7 0 1 0 0 0 0 0 0 0 0 8 0 1 0 2 1 0 0 0 0 0 0 0 0 0 0 0 0 0 0 0 0 0 0 0 0 0 0 
 3 3 3 3 3 3 3 3 3 3 3 3 3 3 3 3 3 31 9 3 0 2 0 0 0 0 0 0 0 0 0 6 0 0 0 0 0 0 3 0 55 93 188 411 193 68 33 69 166 0 327 109 319 106 162 205 121 133 68 317 1 0 0 3 12 0 0 1 0 2 0 0 0 5 59 10 6 0 51 56 0 0 0 0 0 0 0 0 0 0 0 0 0 0 0 0 0 0 0 0 11 0 0 0 0 0 0 0 0 0 0 0 0 0 0 0 0 0 0 0 0 0 21 9 20 20 0 9 0 16 40 0 0 23 34 0 28 0 0 0 20 0 0 0 0 0 19 17 1 0 0 1 0 0 0 0 0 50 54 0 0 0 12 0 0 0 0 0 0 0 0 0 0 0 0 0 22 0 0 0 0 10 0 0 0 0 0 0 0 0 0 0 0 0 0 0 0 0 0 0 1 18 3 53 9 1 15 20 4 25 39 43 0 0 10 19 0 0 0 0 1 0 2 0 13 0 10 0 0 12 0 0 57 0 8 0 6 0 19 34 0 0 0 0 0 0 0 0 0 0 0 9 0 1 0 0 0 0 0 1 0 0 0 4 2 2 2 64 0 0 0 0 0 0 0 9 0 0 0 0 0 0 0 0 0 13 0 0 0 0 
 0 0 0 1 0 66 0 0 0 0 0 0 0 0 0 0 0 0 0 0 0 0 0 0 0 0 0 0 0 0 0 0 0 0 0 0 0 0 3 0 39 205 166 62 80 294 122 53 180 327 0 131 48 318 128 101 172 198 22 108 1 0 0 0 0 0 0 0 1 1 0 0 0 0 2 0 0 0 65 52 0 0 0 0 0 0 0 0 0 0 0 0 0 0 0 0 0 0 0 0 0 0 0 0 0 0 0 0 0 0 0 0 0 0 0 0 0 0 0 0 3 0 45 0 0 0 0 2 1 15 40 0 6 22 0 0 8 0 0 0 0 0 10 0 0 0 0 0 0 0 0 0 7 0 0 0 7 0 0 9 0 0 0 0 0 0 27 0 10 0 0 0 0 0 0 0 0 0 0 4 0 0 0 0 0 0 0 0 0 0 0 0 0 0 0 0 17 0 0 0 10 9 12 30 10 0 27 9 0 32 3 20 0 0 31 34 10 0 0 0 10 0 11 0 0 0 0 0 9 0 0 0 46 0 0 0 1 0 1 0 0 0 5 0 0 0 0 0 0 0 0 4 0 1 0 0 0 0 0 9 0 0 67 0 1 2 0 0 0 0 0 0 0 0 0 0 0 0 0 0 0 2 0 0 0 0 0 13 1 8 
 0 0 0 1 0 0 2 2 0 0 0 3 0 0 0 0 2 2 0 0 0 0 0 0 0 0 0 0 3 208 0 0 3 0 4 2 0 0 2 0 40 88 552 239 168 49 114 51 50 109 131 0 243 72 30 99 66 89 60 61 84 1 0 0 3 0 52 7 0 1 0 0 3 5 39 0 0 0 4 0 0 0 0 0 0 0 0 0 0 0 0 0 0 0 0 0 0 0 0 0 0 0 0 0 0 0 0 0 0 0 0 10 0 0 0 0 0 0 0 0 3 0 0 9 1 19 0 5 11 18 15 1 0 14 25 0 1 0 0 0 28 0 24 0 0 0 42 38 4 0 9 0 44 1 22 0 32 0 20 20 0 0 9 0 0 0 0 0 0 1 0 0 0 0 0 0 0 0 0 0 0 0 0 0 0 0 0 0 0 0 0 0 0 0 0 0 0 0 0 0 0 1 4 0 0 1 19 11 2 0 29 0 8 0 0 14 0 2 0 0 5 13 29 9 0 0 15 0 14 0 0 0 4 5 2 24 11 12 1 11 0 0 0 0 0 0 0 0 0 0 0 7 0 1 0 0 0 0 0 1 0 1 64 62 0 0 0 0 2 0 0 0 0 0 0 0 0 0 0 0 0 0 0 0 0 0 0 0 12 0 
 0 0 0 64 0 0 5 0 40 0 0 3 0 0 0 0 0 0 0 0 0 3 0 0 62 92 0 1 127 64 0 64 0 0 0 0 0 23 0 0 125 36 121 134 86 38 273 142 58 319 48 243 0 57 35 51 32 231 171 145 0 0 0 32 12 0 0 0 0 6 0 1 0 0 0 11 4 2 0 0 0 0 0 0 0 0 0 0 15 0 0 0 0 0 0 0 0 0 0 0 0 0 0 8 7 1 0 7 33 0 0 11 0 0 0 15 0 8 0 0 1 1 2 0 6 0 5 11 0 0 9 0 9 21 25 0 4 0 10 20 0 0 0 5 18 0 0 0 0 0 0 5 0 0 0 0 0 1 24 0 0 0 0 0 0 0 0 0 0 0 0 0 0 0 0 0 0 0 0 0 0 0 0 3 7 19 0 0 0 0 0 21 0 0 0 0 0 0 0 0 16 9 10 16 0 1 12 0 0 0 11 0 24 17 31 0 0 0 0 0 0 0 0 0 7 4 0 0 0 0 0 0 0 0 0 0 0 0 4 0 0 0 5 0 0 7 0 0 0 0 0 4 0 0 0 0 0 64 0 0 0 0 0 0 0 4 1 64 0 0 1 0 0 0 0 2 0 0 0 0 0 11 0 0 0 16 0 0 0 11 
 2 0 0 2 1 1 1 1 0 1 2 2 6 0 0 2 0 1 0 74 1 77 66 0 44 1 2 2 1 66 65 2 2 2 66 282 2 82 4 2 42 385 145 89 72 68 355 95 287 106 318 72 57 0 384 116 24 18 139 88 0 3 1 0 6 0 0 2 1 2 0 0 1 0 5 0 1 0 56 0 0 0 0 0 0 0 0 0 0 0 0 0 0 0 0 0 0 0 0 0 0 0 0 0 11 0 1 0 0 0 0 13 0 0 0 1 0 0 15 0 11 5 10 0 0 2 9 8 0 0 9 1 1 13 1 9 0 9 15 9 2 2 1 0 0 0 0 2 1 0 1 0 3 1 0 2 1 0 0 1 0 0 8 0 8 0 0 0 0 0 0 0 0 0 0 0 0 0 2 0 8 10 8 0 0 0 20 0 0 11 24 10 0 0 12 9 0 0 0 0 0 1 10 2 0 1 22 18 0 0 8 11 0 8 9 11 14 9 0 0 0 0 2 7 2 0 1 2 0 1 1 0 18 2 0 2 1 0 0 1 0 0 1 0 0 0 1 0 0 0 0 5 0 0 0 0 0 62 65 0 10 0 68 0 3 0 1 0 0 0 0 0 0 0 0 0 0 0 0 0 0 0 0 0 8 0 0 0 0 0 
 0 0 2 0 0 0 0 0 0 4 0 3 0 0 0 0 0 0 0 0 0 3 0 0 0 29 0 0 0 0 0 0 0 0 63 207 0 0 5 0 345 661 108 135 64 270 39 537 149 162 128 30 35 384 0 227 271 80 116 149 0 0 8 0 1 0 0 0 0 5 0 0 0 0 0 7 0 0 0 0 0 0 0 0 0 0 0 0 0 0 0 0 0 0 0 0 0 0 0 0 0 0 0 0 1 10 5 0 0 0 0 0 0 0 0 0 0 0 0 0 68 18 19 0 26 0 1 2 9 0 23 0 0 32 59 29 12 0 0 0 0 0 0 11 6 6 3 0 0 0 0 6 12 0 0 0 0 0 1 0 0 0 0 0 0 0 0 0 0 0 0 0 0 0 12 0 0 0 0 1 0 0 0 0 0 24 0 0 0 0 0 0 0 0 0 0 0 0 0 0 28 0 19 63 3 0 25 10 4 26 20 50 0 0 0 0 20 14 0 13 0 15 0 0 2 4 0 0 0 0 0 44 42 0 0 0 0 14 0 0 0 0 14 0 0 0 0 0 67 0 0 15 0 0 0 0 0 0 0 0 0 0 1 0 1 0 5 1 0 0 0 0 0 0 0 0 0 0 0 0 0 0 0 0 0 15 0 0 0 0 
 0 0 0 8 63 0 0 0 0 0 0 0 0 0 0 4 2 2 2 0 0 2 1 0 84 0 0 0 0 0 0 0 3 0 4 0 0 22 0 0 26 139 131 104 95 332 40 59 118 205 101 99 51 116 227 0 432 161 97 69 1 0 0 5 5 0 0 0 0 0 0 9 0 3 2 0 12 0 57 55 0 0 0 0 0 0 0 0 13 0 0 0 0 0 0 0 0 0 0 0 0 0 0 0 11 1 0 0 0 2 0 0 0 0 0 0 0 0 0 0 9 9 28 8 8 1 0 0 4 26 17 0 0 13 18 0 4 0 1 0 12 0 0 0 0 0 9 14 0 0 0 0 1 0 0 0 0 3 12 0 0 0 4 0 0 0 0 0 0 0 0 0 0 0 0 0 0 0 0 0 0 0 0 0 0 0 0 0 0 0 0 0 0 0 0 0 0 0 0 0 10 0 0 58 8 0 0 9 5 32 12 56 0 0 0 10 2 6 0 6 0 0 5 0 1 0 0 0 0 0 0 19 47 0 11 0 1 0 10 12 0 0 12 0 0 0 0 0 0 0 0 2 0 0 0 0 0 1 0 1 0 0 1 63 0 0 1 0 1 0 0 0 0 0 0 7 0 0 0 0 0 0 0 0 0 12 0 0 0 0 
 0 0 0 0 1 0 0 0 0 63 0 3 0 0 0 6 0 0 1 0 2 4 2 2 2 2 2 2 2 2 2 2 2 2 2 2 2 2 7 2 53 375 274 51 131 186 44 34 125 121 172 66 32 24 271 432 0 309 30 40 11 51 0 0 0 0 3 8 1 1 0 0 0 2 1 0 50 0 29 52 0 0 0 0 0 0 0 0 0 0 0 0 0 0 0 0 0 0 0 0 0 0 0 0 0 0 0 0 0 0 0 0 0 0 0 0 22 0 0 0 0 0 25 33 11 16 0 0 8 13 9 14 6 0 0 0 13 4 0 0 13 3 1 2 0 0 40 21 16 0 0 0 0 5 0 0 6 0 0 6 0 0 1 0 0 0 22 0 0 0 0 0 0 0 0 0 0 0 0 4 0 0 0 2 0 0 0 0 0 0 0 0 0 0 0 0 0 0 0 0 10 9 9 16 25 10 7 0 0 30 0 28 0 0 32 13 10 0 0 0 8 0 25 0 0 0 16 7 1 0 0 0 7 18 6 0 17 0 1 32 0 0 0 0 0 0 0 0 0 0 0 18 0 0 0 0 0 0 0 22 0 0 0 0 2 0 3 0 0 0 0 0 0 0 0 0 0 19 0 0 0 0 4 0 0 15 0 0 1 0 
 0 0 3 0 0 0 0 0 0 6 1 2 0 0 0 0 0 0 0 3 0 0 1 209 0 212 0 0 0 0 0 0 0 0 0 0 0 0 13 0 51 194 76 329 45 70 44 251 417 133 198 89 231 18 80 161 309 0 49 39 54 7 0 0 1 0 209 5 6 2 0 0 1 55 0 2 1 1 25 32 0 0 0 0 0 0 0 0 0 0 0 0 0 0 0 0 0 0 0 0 0 0 0 0 0 0 0 0 0 0 0 0 0 0 0 0 0 0 0 0 0 0 17 18 6 23 0 0 30 6 2 9 6 0 0 0 22 0 0 32 0 0 12 11 1 0 20 0 14 3 6 0 3 0 12 0 15 35 0 0 0 0 0 0 0 0 9 0 0 0 0 0 0 0 0 0 0 0 0 4 0 0 9 0 0 0 0 0 0 0 0 0 0 0 0 0 0 0 0 0 10 9 9 15 27 14 9 13 0 19 0 16 0 0 23 31 44 0 0 0 8 0 31 0 0 0 8 7 35 0 6 0 10 4 0 0 1 1 1 0 0 0 0 0 0 0 0 0 0 0 0 5 0 3 0 1 0 0 0 11 0 0 4 0 1 5 1 0 0 0 5 0 0 0 0 0 0 0 0 0 0 0 0 0 0 16 0 0 4 0 
 2 3 1 2 2 3 3 3 3 3 3 2 3 2 3 3 3 3 3 3 1 19 80 62 129 0 0 67 126 10 88 60 0 3 16 6 47 63 0 0 20 95 249 51 118 27 28 48 93 68 22 60 171 139 116 97 30 49 0 48 0 4 2 1 0 0 2 0 3 0 0 0 2 0 0 0 0 2 4 24 0 0 0 0 10 0 0 0 0 0 0 0 0 0 0 0 0 0 0 0 0 0 14 28 48 33 0 0 0 0 0 0 0 0 0 12 33 0 0 0 28 15 0 0 15 0 0 0 0 0 0 0 6 0 12 1 1 0 7 8 0 0 11 0 0 0 0 0 1 2 7 1 3 0 8 1 0 8 0 13 0 4 0 0 0 0 0 0 0 0 0 0 0 0 0 0 0 0 0 0 0 8 0 9 0 0 0 0 0 0 4 0 0 0 0 10 0 8 0 0 10 0 1 0 0 0 0 11 0 0 0 22 24 14 0 0 0 13 3 0 0 0 24 1 0 0 0 0 8 0 15 0 0 0 0 0 0 0 0 0 0 0 18 0 0 0 0 0 0 0 0 11 0 0 0 0 0 0 0 0 0 0 0 0 0 0 0 0 2 0 4 0 0 0 0 0 0 0 0 0 0 0 0 0 0 8 0 3 0 0 
 0 32 1 0 0 0 0 0 0 0 0 0 0 0 0 0 0 0 0 0 3 22 130 1 1 147 1 1 32 24 68 23 64 1 0 1 1 1 4 2 58 333 319 60 279 39 120 182 71 317 108 61 145 88 149 69 40 39 48 0 0 1 1 1 4 0 6 0 2 3 0 0 0 3 1 1 14 2 0 0 9 0 0 0 0 0 0 0 0 0 0 0 0 0 0 0 0 0 0 0 0 0 7 10 0 25 0 0 0 0 10 14 0 0 0 55 0 14 0 0 11 0 6 0 0 0 5 8 0 0 18 8 12 16 1 14 0 0 2 0 0 0 0 0 0 0 0 0 0 0 0 0 25 0 0 0 0 0 0 0 0 0 0 0 0 0 0 0 14 0 0 0 0 0 16 0 0 0 0 0 0 0 13 0 26 20 0 0 0 0 12 0 0 0 0 0 1 3 0 0 13 9 25 1 0 0 12 10 0 0 9 0 29 10 8 19 1 0 0 27 0 0 0 0 5 0 0 0 0 0 0 0 0 0 0 0 0 0 0 0 0 0 0 0 0 0 0 0 0 0 0 10 0 1 0 0 0 2 0 0 0 0 75 0 0 2 0 0 0 0 0 0 0 0 0 4 0 0 0 0 0 0 0 0 0 16 11 0 0 0 
 1 0 0 0 3 0 0 0 0 0 0 2 0 0 0 5 0 5 0 0 0 3 0 0 0 0 0 0 0 0 0 0 7 0 0 0 0 0 3 0 0 0 0 51 0 75 0 0 215 1 1 84 0 0 0 1 11 54 0 0 0 148 140 244 45 91 130 318 45 52 235 83 108 84 121 252 37 29 115 64 0 0 3 0 5 11 0 0 0 0 10 9 0 0 0 0 0 0 0 0 0 0 0 0 0 0 4 3 0 0 0 0 0 1 0 0 0 0 4 0 0 0 0 0 17 58 0 0 0 7 7 0 0 0 0 0 1 0 0 0 18 21 18 4 15 0 14 15 14 18 5 0 0 41 0 13 42 0 0 4 0 0 0 0 0 0 0 0 4 0 3 3 0 0 0 0 0 0 0 0 0 0 0 0 0 0 0 0 0 0 0 0 0 3 0 0 0 0 0 0 0 0 0 13 11 0 0 0 0 0 0 16 0 0 0 3 0 0 0 0 7 4 27 19 5 0 27 15 23 0 1 0 0 23 0 10 32 10 0 19 0 0 0 6 0 0 0 0 0 1 0 0 0 0 7 0 13 0 0 0 0 0 0 0 0 0 0 0 0 0 4 0 56 8 0 2 0 0 0 0 0 0 0 0 0 0 0 0 0 0 
