 0 376 158 38 36 50 236 234 147 298 36 35 455 84 159 210 111 29 197 105 3 0 1 0 0 0 3 3 0 0 0 0 0 0 0 0 1 0 0 0 0 0 3 0 0 0 0 0 3 0 0 3 0 0 0 0 0 2 0 0 3 0 0 2 6 3 0 0 0 3 0 3 0 0 2 0 0 0 0 0 20 18 21 28 0 0 21 12 20 0 11 0 16 0 32 23 30 57 38 10 0 8 0 0 0 0 0 0 0 0 0 0 0 1 0 0 0 0 0 0 0 0 0 0 0 0 0 0 0 0 0 0 0 0 0 0 0 0 0 0 0 0 0 0 0 0 0 7 0 0 0 0 0 0 0 0 0 0 0 0 10 28 3 44 0 0 12 12 33 44 1 7 0 22 27 16 20 0 24 21 0 0 0 0 0 2 0 0 0 0 0 0 0 0 0 0 0 0 1 0 0 0 0 0 0 0 0 0 0 0 0 0 0 0 0 0 0 0 0 0 0 1 0 0 0 0 12 0 0 0 0 0 0 0 0 0 0 0 0 0 0 10 0 0 0 1 0 2 0 0 0 6 0 0 0 0 0 0 0 0 0 0 0 0 0 0 0 0 0 0 0 0 0 0 0 8 0 0 0 0 0 0 0 0 0 0 0 0 0 0 
 376 0 277 254 86 125 345 233 238 153 224 188 59 224 125 119 53 96 28 144 4 0 2 73 2 0 6 5 0 3 2 0 35 2 0 3 0 3 0 76 0 2 3 0 0 0 3 2 3 0 0 3 1 0 2 0 0 0 0 28 12 0 0 2 3 3 0 4 5 2 0 3 2 12 2 0 0 7 5 0 14 40 28 21 20 32 18 30 1 16 1 14 23 19 1 0 21 2 0 0 0 0 0 0 0 0 18 2 0 0 0 0 17 0 0 0 0 2 21 10 0 1 0 0 0 0 0 0 0 0 0 0 0 0 0 1 0 0 0 0 0 0 0 0 0 0 0 0 0 0 0 13 0 0 0 0 0 0 0 0 10 6 25 11 16 0 0 20 10 23 24 6 0 14 16 39 0 34 0 0 0 0 0 0 0 0 8 0 0 0 0 0 30 0 0 0 0 0 32 5 0 0 0 0 0 0 2 0 0 0 0 0 0 0 0 0 0 0 0 0 0 0 0 0 0 17 0 0 0 0 0 0 0 0 0 0 0 0 0 0 0 6 0 0 0 0 5 1 0 6 0 5 49 0 1 16 0 0 0 0 0 0 10 1 0 0 0 0 0 3 0 0 0 0 1 0 7 9 0 0 0 0 0 0 0 0 0 0 0 7 
 158 277 0 292 53 324 156 275 231 156 37 211 135 182 236 174 297 273 40 54 3 91 0 2 0 0 80 3 2 0 0 0 29 0 1 0 0 3 76 76 0 3 3 0 0 0 0 0 3 0 0 3 0 1 0 0 3 0 1 2 1 2 2 2 1 3 4 0 0 3 0 3 0 2 2 7 2 1 38 0 14 17 19 7 48 18 10 0 11 0 34 1 14 6 0 10 54 0 0 0 6 2 0 0 0 0 0 0 0 0 0 0 0 17 0 0 0 0 14 1 0 0 0 0 0 0 1 2 0 1 0 0 0 0 0 0 0 0 0 0 0 0 0 0 0 0 3 0 0 0 6 1 0 0 1 0 0 2 0 2 0 11 0 28 6 16 0 37 20 0 17 14 0 0 0 17 36 0 0 10 8 8 0 2 0 0 7 0 18 0 0 0 35 24 0 2 0 0 39 9 0 0 0 0 0 2 0 0 0 2 0 0 7 0 0 0 0 0 0 0 0 0 0 0 0 0 0 0 0 0 2 0 0 0 0 0 0 0 0 0 0 6 0 0 0 0 0 0 2 2 21 11 0 0 0 25 0 0 0 0 0 0 25 0 21 0 0 0 0 0 0 0 0 13 0 1 9 0 0 0 0 0 0 0 0 0 0 0 0 0 
 38 254 292 0 171 118 97 173 424 81 24 189 168 66 59 144 308 137 84 277 78 1 0 0 0 0 122 5 0 0 0 1 165 168 0 0 1 0 76 4 0 0 3 3 0 0 0 0 3 0 0 3 0 0 0 0 0 0 0 0 1 0 0 2 0 3 51 0 0 2 0 3 0 0 2 0 0 1 0 0 0 8 20 5 16 1 0 0 0 14 13 28 0 9 13 0 0 0 1 0 54 9 45 0 0 0 0 0 0 11 0 0 42 32 0 15 26 18 31 25 12 0 0 0 0 0 0 0 0 0 0 1 0 0 1 0 0 0 0 0 0 0 0 2 0 0 0 0 0 0 0 2 0 0 0 0 0 0 0 0 1 0 5 14 3 0 0 0 11 11 49 20 2 0 0 47 0 0 0 0 0 21 5 1 0 0 24 10 14 10 0 13 10 17 0 6 17 0 76 0 0 0 0 0 0 0 0 0 0 0 0 0 0 0 0 0 0 0 0 1 0 0 0 0 0 0 0 0 0 0 0 0 0 0 0 0 0 0 0 0 0 0 0 0 0 0 3 0 0 56 20 15 0 0 0 0 0 0 0 0 75 0 2 0 0 0 0 0 0 0 0 0 0 0 0 6 0 10 0 0 0 0 0 0 0 0 0 0 0 0 
 36 86 53 171 0 156 37 274 75 257 268 217 63 74 99 267 56 128 69 78 78 0 17 0 0 0 190 79 4 0 0 0 52 214 75 2 0 0 22 148 0 0 3 0 0 0 0 0 3 0 0 3 0 2 0 0 0 0 1 0 11 0 0 2 2 3 0 0 5 0 0 3 0 0 2 0 0 3 0 0 0 5 19 5 51 32 0 0 4 0 0 27 0 0 0 0 0 9 0 0 0 27 16 16 0 0 17 9 0 1 1 0 50 0 0 13 16 23 18 20 0 0 0 0 0 0 0 0 0 0 0 0 0 0 0 0 0 0 0 0 0 0 0 16 0 0 0 0 0 0 16 0 0 0 0 0 8 0 0 7 0 0 22 0 22 19 0 0 0 0 0 39 0 0 20 5 0 10 9 0 0 5 0 9 0 0 2 2 14 0 0 37 5 24 0 10 19 0 13 13 0 12 0 0 0 0 0 0 0 0 0 0 0 0 0 0 0 0 0 0 0 0 0 0 0 0 0 0 0 14 0 0 0 0 0 0 0 0 0 0 0 0 0 0 0 7 94 0 0 50 0 16 21 0 0 0 0 0 0 0 0 0 0 0 0 0 0 0 0 0 0 0 0 0 0 0 17 0 0 0 0 0 0 0 0 0 0 0 0 0 
 50 125 324 118 156 0 33 110 128 444 103 69 122 196 76 84 257 191 264 53 6 81 79 0 0 2 81 6 7 0 4 2 28 75 3 74 78 2 149 91 3 3 3 1 1 0 3 0 3 0 0 3 0 1 0 0 2 2 2 5 3 8 0 6 1 4 0 0 0 3 0 2 0 0 2 0 0 0 1 0 9 8 14 7 40 38 14 0 12 0 28 14 1 8 27 33 15 18 0 0 7 2 0 0 10 0 0 20 11 16 0 0 0 49 17 0 32 0 13 7 0 0 0 0 0 0 0 0 0 0 0 0 0 0 0 0 0 0 0 0 0 0 0 0 0 0 0 0 0 0 4 1 0 0 0 0 0 0 0 14 0 0 0 23 11 59 18 0 29 0 1 16 0 1 16 1 10 0 0 5 33 1 15 0 8 0 0 0 28 0 0 0 8 47 17 0 0 0 11 0 0 0 0 0 0 0 0 0 0 0 0 0 0 0 0 0 0 0 0 0 0 0 0 0 0 0 0 0 0 0 0 0 0 0 0 0 0 0 0 0 0 8 0 0 0 0 1 1 3 3 20 4 0 0 0 0 0 0 0 0 1 0 0 0 0 0 0 0 0 0 0 0 0 0 0 0 1 0 0 0 0 0 0 0 0 0 0 0 0 0 
 236 345 156 97 37 33 0 136 109 235 207 29 204 167 219 160 272 130 428 231 3 2 1 0 0 0 3 5 0 0 0 0 0 0 0 0 0 0 0 0 2 3 3 0 0 0 2 0 3 0 0 3 0 0 0 0 0 2 0 2 3 0 0 2 0 3 0 2 4 3 0 3 0 0 2 0 1 0 31 0 17 7 6 48 0 0 0 38 0 12 13 1 42 11 12 31 10 44 16 40 0 0 0 0 0 0 0 0 0 0 0 0 0 0 0 0 0 0 14 0 0 0 0 0 0 0 0 0 0 0 0 0 0 0 0 0 0 0 0 0 0 0 0 0 0 0 0 0 0 0 0 0 0 0 0 0 0 0 18 9 8 26 0 2 0 0 19 14 19 4 0 4 0 38 29 7 21 13 20 1 0 0 0 0 0 0 0 0 0 0 0 0 1 0 0 0 0 0 0 11 0 0 0 0 0 0 0 0 0 0 0 0 0 0 0 14 0 0 0 0 0 0 0 0 0 0 0 0 0 0 0 0 0 0 0 0 0 0 0 0 0 0 0 0 0 2 2 0 0 0 0 6 0 0 0 0 0 0 0 0 0 0 0 0 0 0 0 0 0 0 0 0 0 0 0 22 0 0 0 0 0 0 0 0 0 0 0 0 0 0 
 234 233 275 173 274 110 136 0 355 65 534 468 78 189 138 416 124 629 149 652 5 0 1 2 0 0 3 3 204 2 2 0 0 1 0 0 0 0 0 0 0 0 3 0 0 0 0 0 3 0 0 3 0 0 63 0 0 1 0 0 2 0 0 2 0 3 0 0 0 3 0 3 0 0 2 0 0 0 0 0 23 22 0 50 0 0 0 69 9 22 9 1 34 12 18 13 1 27 14 1 2 0 2 0 0 0 0 0 0 0 0 0 10 0 0 0 0 0 0 2 0 0 0 0 0 0 0 0 0 0 0 0 0 0 2 0 0 0 0 0 0 0 0 0 0 0 0 0 0 0 0 4 0 0 0 0 0 0 0 7 15 68 0 13 0 1 16 13 23 1 28 0 0 14 0 31 13 17 14 1 19 0 0 0 0 0 5 0 0 0 0 0 21 0 0 0 0 0 32 8 1 0 0 0 0 0 0 0 0 0 0 0 0 0 0 0 0 0 0 2 0 0 0 0 0 0 0 0 0 0 0 0 0 0 0 6 0 0 0 0 0 6 0 0 0 2 0 2 4 0 1 18 0 0 0 0 0 0 0 0 1 0 21 12 0 0 0 0 0 0 0 0 0 0 0 16 0 0 0 0 0 0 0 0 0 0 0 0 0 0 
 147 238 231 424 75 128 109 355 0 85 143 141 175 66 72 236 139 383 178 164 4 0 26 0 1 0 3 3 0 0 1 0 0 0 0 0 0 2 0 83 0 0 3 0 0 0 0 0 3 0 0 3 0 1 0 0 0 0 0 0 0 0 0 2 0 9 0 0 0 1 0 3 0 0 2 0 0 2 0 0 8 9 53 20 0 10 23 16 26 17 0 12 22 23 14 17 35 12 0 0 0 0 0 0 0 0 11 0 0 0 0 0 12 0 0 0 0 0 17 17 0 0 0 0 0 14 0 0 0 0 0 0 0 0 0 0 0 0 0 0 0 0 0 0 0 0 0 0 0 0 0 5 0 0 0 0 0 0 0 0 0 27 10 1 19 0 18 19 51 18 32 15 0 0 0 26 55 0 13 6 0 0 0 0 0 0 4 13 0 0 0 0 32 11 0 0 14 0 32 3 0 0 0 0 0 0 0 0 0 0 0 0 0 0 0 0 0 0 0 0 0 0 0 0 0 0 0 0 0 0 0 0 0 0 0 0 0 0 0 0 0 0 0 0 0 2 2 0 2 0 0 10 0 0 0 0 0 0 0 0 0 0 11 0 0 0 0 0 0 0 0 0 0 0 0 24 9 6 0 0 0 0 0 0 0 0 0 0 0 0 
 298 153 156 81 257 444 235 65 85 0 263 40 145 374 406 344 175 132 299 277 4 0 3 2 0 0 36 3 2 0 0 0 151 0 2 0 0 0 2 74 0 0 3 0 0 2 2 0 3 0 0 7 0 0 0 0 0 3 0 0 3 0 0 2 0 3 0 0 7 3 0 3 2 0 2 0 0 0 0 0 18 34 73 10 16 1 0 0 0 11 52 93 13 0 35 1 30 56 11 8 7 15 13 0 0 0 0 2 0 0 0 0 14 15 0 0 0 0 1 0 0 0 0 0 0 0 0 0 0 0 0 0 0 0 0 0 0 0 0 0 0 0 17 0 0 0 0 13 0 0 0 0 0 0 0 0 0 0 0 0 1 52 45 39 18 0 0 0 21 4 0 33 0 9 29 11 32 1 10 12 0 10 0 0 0 0 0 0 10 0 0 0 11 9 0 0 0 0 11 10 0 0 0 0 0 0 0 0 0 0 0 0 0 0 0 0 0 0 2 0 0 0 0 0 0 0 0 0 0 0 0 0 0 0 0 0 0 0 0 0 0 7 0 0 0 0 0 0 1 92 15 88 16 0 0 0 0 0 0 0 0 0 0 34 0 0 0 0 0 0 0 0 0 0 0 9 0 3 0 0 0 0 0 0 0 0 0 0 0 0 
 36 224 37 24 268 103 207 534 143 263 0 78 125 24 251 121 168 48 214 147 5 0 1 0 0 1 24 8 0 0 0 0 76 74 0 0 0 0 75 6 2 1 3 0 0 0 0 6 5 0 0 3 0 0 3 0 0 2 0 0 1 3 0 2 0 51 0 4 10 2 0 3 0 0 2 0 1 3 0 0 20 11 37 35 0 15 21 0 1 15 36 0 20 10 11 19 31 41 18 10 0 12 0 0 0 0 0 0 37 0 0 0 6 0 0 0 11 0 15 20 0 0 0 0 0 0 0 2 0 0 0 0 0 0 0 0 2 0 0 0 0 0 0 0 0 1 0 0 0 0 0 0 0 0 0 2 0 0 2 7 7 12 38 0 28 2 0 0 0 0 0 18 0 5 35 11 1 1 0 0 0 0 0 0 0 0 0 13 0 0 0 0 13 2 0 0 11 0 0 17 0 0 1 0 0 0 0 2 0 0 0 0 0 0 0 0 0 0 0 0 0 0 0 0 0 0 0 0 0 0 0 0 0 2 7 0 0 0 0 0 0 0 0 0 0 0 6 0 0 87 0 0 16 1 0 0 0 0 0 0 0 0 0 0 0 0 0 0 0 0 0 0 0 2 0 0 0 0 0 0 0 2 0 0 0 0 0 0 0 0 
 35 188 211 189 217 69 29 468 141 40 78 0 36 128 27 24 266 392 41 125 40 74 75 0 0 0 44 22 76 0 1 0 75 104 25 3 0 0 34 74 0 0 3 0 0 0 0 0 48 0 0 3 0 1 0 0 0 0 0 0 1 0 0 2 38 3 0 0 43 2 0 3 0 0 2 24 0 1 0 0 0 8 21 1 67 3 16 0 15 11 20 30 1 4 0 0 15 1 0 0 23 0 34 18 0 0 2 19 10 0 0 0 62 0 0 11 11 5 49 11 0 0 0 0 0 0 0 0 0 0 0 0 0 0 0 0 0 0 0 0 0 0 0 0 0 0 0 0 0 0 0 6 0 0 0 0 0 0 0 0 0 0 0 0 0 22 0 0 0 0 14 19 0 0 0 10 0 0 0 1 25 15 19 1 0 0 37 89 0 1 0 0 26 0 0 17 31 1 39 11 0 0 0 0 0 0 0 0 0 0 0 0 11 0 0 0 0 0 0 0 0 0 0 0 0 2 0 0 0 0 0 0 0 0 0 0 0 0 0 0 0 0 0 0 2 4 89 1 0 2 0 3 0 2 0 0 0 0 0 0 0 0 0 0 0 0 0 0 0 0 33 0 0 0 0 0 14 1 0 0 0 0 0 0 0 0 0 0 0 0 
 455 59 135 168 63 122 204 78 175 145 125 36 0 403 183 222 38 123 62 39 4 0 2 0 0 0 3 3 0 1 2 0 0 0 0 0 0 0 0 0 0 0 3 0 0 0 0 0 3 0 0 3 0 0 0 0 0 7 0 0 3 0 0 3 0 3 0 0 0 3 0 1 0 0 2 0 37 0 0 0 27 9 11 0 0 0 18 8 1 0 7 12 10 67 16 26 4 0 46 24 0 0 8 0 0 0 0 0 0 0 0 0 0 0 0 0 0 0 1 0 0 0 0 0 0 0 0 0 0 0 0 0 0 0 0 0 0 0 0 0 0 0 0 2 0 0 0 1 0 0 0 0 0 0 0 2 0 0 0 0 0 13 11 15 0 0 1 11 10 17 1 5 23 1 13 1 51 1 42 34 0 0 0 0 0 0 0 0 0 0 0 0 25 0 0 0 0 0 1 0 0 0 0 0 0 0 0 0 0 1 0 0 0 0 0 0 0 0 0 1 0 0 0 0 0 0 0 0 0 0 0 0 0 0 0 0 0 0 0 0 0 0 0 0 0 0 0 2 0 0 0 11 0 0 0 0 0 0 0 0 0 0 0 0 0 0 0 0 0 0 0 0 0 0 0 8 0 7 0 0 0 0 0 0 0 0 0 0 0 0 
 84 224 182 66 74 196 167 189 66 374 24 128 403 0 270 35 117 187 197 65 0 75 0 0 2 0 1 0 0 1 2 0 0 2 0 3 0 1 0 1 0 1 0 0 0 0 0 0 0 3 0 0 0 0 0 1 0 0 0 0 0 3 3 0 1 0 0 0 1 0 0 0 0 2 0 0 3 0 0 1 16 17 10 0 0 0 19 10 0 0 0 0 0 10 22 11 19 10 0 0 0 0 0 0 20 0 0 0 0 0 0 0 0 0 0 0 0 0 2 0 0 0 0 0 0 0 1 2 0 1 0 0 0 0 0 0 21 0 0 0 0 0 0 1 0 3 0 0 0 0 0 0 0 4 1 2 0 21 7 0 0 0 0 12 2 0 11 5 2 10 0 0 9 0 46 0 1 9 15 18 0 0 0 2 0 0 0 0 0 0 0 0 19 0 0 2 0 0 0 0 0 0 0 0 0 0 0 2 0 20 0 0 0 0 0 0 0 0 0 0 0 0 0 0 2 0 2 0 0 0 2 0 0 0 0 0 0 1 0 0 0 5 0 0 0 2 0 0 1 0 2 9 1 0 0 0 0 0 0 0 0 0 0 0 0 0 0 0 2 0 0 0 0 1 0 0 11 0 0 0 0 0 0 0 0 16 0 0 0 0 
 159 125 236 59 99 76 219 138 72 406 251 27 183 270 0 225 258 124 164 140 3 1 1 0 2 0 3 3 0 0 1 0 1 0 2 0 0 1 0 0 0 0 4 2 0 1 0 0 3 3 0 4 3 1 0 0 0 0 0 3 1 0 0 2 0 3 0 2 3 4 1 3 0 0 5 0 0 1 0 2 10 9 44 12 0 0 0 27 2 0 28 0 5 0 19 58 18 82 35 11 0 0 0 0 0 0 0 2 0 0 0 0 1 0 0 0 0 2 0 0 0 1 0 0 0 0 0 0 0 0 0 0 1 0 0 0 0 48 0 2 0 0 0 0 0 0 0 0 0 0 0 27 0 3 0 2 0 0 5 0 0 5 20 11 20 0 9 12 60 12 0 33 11 5 71 0 19 10 0 14 0 0 0 0 0 0 0 0 0 0 0 0 0 0 0 0 0 0 1 1 0 0 0 0 0 0 42 0 0 0 0 0 0 0 0 0 1 0 0 0 0 28 0 0 0 0 0 8 0 0 0 0 0 0 1 0 0 0 0 0 0 10 0 0 0 0 2 0 0 2 0 8 19 0 0 0 0 0 0 0 0 0 0 0 0 0 0 0 0 1 0 0 0 0 0 0 0 0 0 0 0 0 0 0 0 0 0 0 0 0 
 210 119 174 144 267 84 160 416 236 344 121 24 222 35 225 0 173 183 137 150 3 0 1 1 0 0 77 3 2 1 4 0 17 0 1 0 1 0 79 0 0 0 3 0 0 0 0 0 3 63 0 3 0 0 0 0 58 2 0 0 3 0 50 2 1 3 0 0 0 3 0 2 0 1 2 0 0 0 0 0 0 13 14 19 18 20 0 0 0 0 28 11 25 1 14 31 16 15 13 6 16 1 0 0 0 0 0 0 0 0 0 0 0 18 0 0 0 0 13 28 0 0 0 0 0 0 0 0 0 0 0 0 0 0 0 0 0 2 0 0 0 0 0 0 0 0 0 6 0 0 0 0 0 0 0 0 10 0 0 0 0 15 11 31 13 0 0 11 30 1 10 10 0 0 2 11 39 0 10 8 0 0 0 0 0 0 0 0 16 0 0 0 11 20 0 0 0 0 27 11 0 0 0 0 0 0 0 0 0 0 0 3 0 0 0 0 0 0 1 31 0 0 0 0 0 0 0 0 0 0 0 0 0 0 0 0 0 0 0 0 0 0 0 0 0 0 1 0 3 4 16 11 0 0 0 0 0 0 0 0 0 0 3 0 0 0 0 0 0 0 0 0 0 0 0 7 1 0 0 0 0 0 0 0 0 0 0 0 0 0 
 111 53 297 308 56 257 272 124 139 175 168 266 38 117 258 173 0 48 240 124 3 0 0 0 0 0 3 3 0 0 0 0 85 76 0 5 0 0 66 150 0 0 3 0 0 0 0 0 3 0 0 3 0 0 0 0 0 2 0 0 3 0 0 2 0 3 0 0 0 3 0 2 0 0 2 0 0 0 0 0 1 8 20 14 57 16 28 14 3 13 28 0 15 0 12 13 32 81 1 0 9 11 0 0 0 0 0 0 0 0 0 0 0 20 0 0 0 0 44 31 0 0 0 0 0 0 1 14 0 0 0 0 23 0 0 0 0 0 0 0 0 0 0 0 0 1 0 0 0 0 7 0 0 0 0 2 0 0 0 3 0 14 0 23 11 18 14 0 10 11 46 16 0 18 21 1 10 0 18 58 16 0 0 2 0 0 10 0 2 0 0 0 14 2 0 2 1 0 0 0 0 0 0 0 0 2 0 0 0 2 0 0 0 0 0 0 0 0 0 0 0 0 26 0 0 0 2 0 0 0 2 0 0 0 0 0 0 0 0 0 0 0 0 0 0 6 5 0 88 2 20 14 0 0 1 0 0 0 0 0 0 0 0 0 0 0 0 0 0 0 0 0 0 0 0 49 4 1 0 0 0 0 0 0 0 0 0 0 0 0 
 29 96 273 137 128 191 130 629 383 132 48 392 123 187 124 183 48 0 37 217 3 0 1 0 0 0 39 3 0 83 0 0 101 0 0 0 0 0 1 37 0 0 3 0 0 0 0 0 3 0 0 3 0 0 0 0 0 0 1 0 0 0 1 2 0 3 0 0 0 1 0 33 0 0 2 0 23 2 0 0 0 0 17 2 17 14 21 0 12 2 40 19 15 19 0 42 37 0 0 0 26 10 14 1 0 0 0 0 0 0 0 0 25 15 25 17 0 0 0 16 0 0 0 0 0 0 0 0 0 0 0 0 0 0 0 0 0 0 0 0 0 0 0 0 20 0 0 0 0 0 0 18 0 0 0 0 0 0 0 0 0 2 0 0 13 11 3 12 12 40 12 27 0 0 2 5 13 0 0 7 0 13 2 0 0 0 23 8 12 0 0 0 39 34 0 0 0 0 37 11 0 0 0 19 0 0 0 0 0 0 0 0 0 9 0 0 0 0 0 0 0 0 0 0 0 2 0 0 0 0 7 0 1 0 0 0 0 0 0 0 0 0 0 0 2 2 88 1 2 5 16 4 0 2 0 0 0 0 0 0 0 0 0 0 0 0 0 0 0 0 0 0 0 0 0 0 1 15 0 0 0 0 0 0 0 0 0 0 0 0 
 197 28 40 84 69 264 428 149 178 299 214 41 62 197 164 137 240 37 0 196 3 0 1 0 0 2 3 3 0 0 0 0 2 91 0 0 0 0 4 0 0 0 3 0 0 1 1 0 3 0 0 3 0 0 0 0 0 1 0 0 1 0 0 2 0 3 0 0 0 2 3 3 0 1 2 0 0 1 0 0 0 0 12 22 0 0 1 41 0 23 26 12 65 0 0 3 60 30 39 37 0 0 0 0 0 0 0 0 0 0 0 0 0 0 0 0 0 0 12 0 0 0 0 0 0 0 0 0 0 0 0 0 0 0 0 0 0 0 0 0 0 20 0 0 0 0 0 0 0 0 0 0 0 0 0 0 0 1 7 0 0 33 0 20 14 0 58 32 1 35 0 7 23 11 14 0 6 1 18 31 0 0 0 0 0 0 0 0 0 0 0 1 0 0 0 0 0 0 0 0 0 0 0 0 0 0 0 0 0 0 0 0 0 0 0 0 0 0 0 0 0 0 0 0 0 0 22 2 0 0 0 0 0 0 0 0 0 0 0 0 0 0 0 0 0 2 1 0 2 2 0 6 0 0 0 0 0 0 2 0 0 0 0 0 0 0 0 2 0 0 0 0 0 0 0 16 0 0 0 0 0 0 0 0 0 1 0 0 0 0 
 105 144 54 277 78 53 231 652 164 277 147 125 39 65 140 150 124 217 196 0 3 0 2 0 0 0 3 3 0 63 0 0 0 0 0 0 0 0 0 1 0 0 3 0 0 0 0 0 3 0 0 3 0 0 0 0 0 1 0 0 3 0 0 2 0 3 0 16 0 3 0 3 0 1 2 0 0 0 0 0 52 17 11 21 0 0 19 10 1 25 10 2 16 16 19 0 23 26 0 0 0 0 0 0 0 0 0 0 0 0 0 0 0 0 0 0 0 0 14 0 0 0 0 0 0 0 0 0 0 0 0 0 0 0 0 0 0 0 0 0 0 0 0 0 0 0 0 4 0 0 0 0 0 2 0 0 0 0 0 0 52 34 35 20 0 0 0 0 3 2 0 0 0 35 31 0 22 1 13 11 0 0 1 0 0 0 0 0 0 0 0 0 0 0 0 0 0 0 0 9 0 0 0 0 0 0 0 0 0 0 0 0 0 0 0 0 0 0 0 0 0 0 0 0 0 1 0 0 0 0 20 0 0 0 0 0 0 0 0 0 0 1 0 0 1 0 0 0 0 0 0 11 0 1 0 0 0 0 0 0 0 0 0 0 0 0 0 0 0 0 0 0 0 0 0 0 0 0 0 0 0 0 0 0 0 0 0 0 0 0 
 3 4 3 78 78 6 3 5 4 4 5 40 4 0 3 3 3 3 3 3 0 157 185 53 39 105 84 590 128 44 309 233 146 136 287 210 45 125 323 134 0 0 0 0 0 2 0 0 0 0 0 2 0 2 0 0 0 0 1 0 0 0 0 0 0 0 0 0 0 0 2 0 0 0 8 0 0 0 0 0 1 0 0 0 20 0 0 0 9 0 0 0 0 0 0 0 0 0 0 0 0 0 31 45 0 0 37 28 0 1 15 43 36 0 0 17 13 57 0 1 0 0 0 0 0 0 8 0 0 0 0 13 1 0 0 2 0 0 12 0 48 3 0 0 2 0 0 0 21 4 0 0 0 0 0 0 0 0 0 9 0 0 6 0 0 10 0 0 0 0 0 0 0 0 0 0 0 0 0 0 11 22 15 16 0 12 89 59 69 8 28 1 0 30 10 8 9 39 14 14 0 2 0 0 0 0 7 0 0 0 1 0 0 0 0 0 0 0 6 0 0 0 0 0 0 0 0 0 0 0 0 0 0 2 0 0 1 0 0 0 0 0 11 0 0 0 75 0 0 74 0 0 0 0 0 0 0 1 0 2 4 2 0 0 0 0 22 0 0 0 0 0 0 0 0 0 0 0 0 13 0 0 0 0 0 0 30 0 0 0 
 0 0 91 1 0 81 2 0 0 0 0 74 0 75 1 0 0 0 0 0 157 0 102 155 36 254 169 175 205 348 109 110 65 277 126 154 116 106 122 71 0 2 0 0 0 2 0 0 21 0 6 2 0 0 0 0 0 0 0 0 0 1 0 0 49 0 0 0 0 0 2 0 0 0 0 0 0 0 0 0 0 0 0 0 3 0 0 0 0 0 0 17 0 0 0 9 0 0 0 0 27 10 1 24 13 0 34 24 59 57 0 8 0 27 55 11 50 1 23 0 0 20 0 0 18 0 0 0 0 0 0 0 11 0 0 0 0 0 0 0 0 0 0 0 0 0 0 0 0 0 0 0 0 0 0 0 10 0 0 0 48 9 0 0 0 5 1 0 0 0 0 0 0 0 0 0 0 0 0 0 36 10 36 2 21 0 13 29 0 0 0 18 14 20 40 17 11 12 0 26 0 0 0 0 0 0 0 0 0 0 0 0 0 0 0 0 0 0 0 26 0 0 0 0 0 0 0 0 0 0 0 0 0 0 0 0 0 0 0 0 0 0 1 0 0 0 0 0 0 0 0 0 0 0 7 0 3 0 79 0 2 13 0 0 0 0 0 0 0 0 0 0 0 0 0 0 0 0 0 13 0 0 0 0 0 0 0 0 0 0 
 1 2 0 0 17 79 1 1 26 3 1 75 2 0 1 1 0 1 1 2 185 102 0 96 38 32 72 196 85 287 122 28 65 312 129 99 59 132 39 31 0 1 0 0 0 2 0 1 0 0 0 2 0 0 0 1 0 0 0 0 0 6 0 0 0 0 0 0 0 0 2 0 0 0 0 0 0 0 0 0 0 0 0 0 12 0 3 0 0 0 0 0 0 10 0 0 0 0 0 0 1 9 0 31 8 0 0 27 27 43 1 18 12 1 63 25 19 6 13 8 0 0 0 0 0 15 0 0 0 0 0 0 12 0 0 0 0 0 18 0 0 4 0 0 0 0 0 0 0 0 0 0 0 0 0 0 1 0 0 0 0 0 0 0 1 0 2 0 2 0 0 1 0 0 0 0 0 0 0 0 26 0 0 0 14 22 0 1 11 22 12 13 0 13 17 0 17 9 0 12 0 1 13 0 1 0 0 0 0 0 0 0 0 0 2 0 0 0 4 16 0 0 8 0 0 0 0 0 0 0 0 0 0 0 0 0 0 0 0 0 0 0 0 0 0 0 0 0 0 0 0 0 0 0 14 2 0 82 0 0 2 13 0 0 0 0 1 0 0 0 0 0 0 0 0 0 0 0 0 0 0 0 0 0 0 3 0 0 0 0 
 0 73 2 0 0 0 0 2 0 2 0 0 0 0 0 1 0 0 0 0 53 155 96 0 141 201 106 208 99 263 101 207 146 127 362 66 58 136 77 66 63 28 0 0 0 2 17 0 0 0 0 2 62 0 0 0 0 0 29 0 0 0 0 0 0 0 0 0 0 0 2 31 0 0 0 0 0 0 0 0 0 0 0 0 0 0 0 0 0 0 0 9 0 0 0 0 0 0 0 0 0 13 11 0 17 34 29 0 9 0 8 0 0 25 0 0 0 2 0 0 8 0 0 1 0 0 37 13 0 0 7 8 0 15 0 0 0 2 0 34 0 0 0 0 1 2 0 0 0 0 0 0 0 0 0 12 0 0 0 0 1 0 0 7 0 0 0 0 0 1 0 0 0 0 0 0 0 0 0 0 1 0 0 9 15 0 0 14 19 15 72 13 0 0 22 0 10 28 0 0 8 1 0 0 0 0 0 25 13 0 2 0 0 9 0 3 1 0 4 7 0 0 0 0 0 0 0 0 0 0 0 0 0 1 0 0 2 0 0 0 0 0 0 0 0 0 0 0 0 0 0 0 0 0 10 2 2 78 9 0 3 0 0 0 0 0 18 0 0 0 0 0 0 0 0 0 0 0 0 0 0 1 0 0 0 0 0 0 0 0 
 0 2 0 0 0 0 0 0 1 0 0 0 0 2 2 0 0 0 0 0 39 36 38 141 0 100 627 283 71 175 171 220 61 72 293 146 132 43 63 71 106 107 0 0 0 2 129 0 62 1 0 2 139 5 2 72 11 0 66 87 0 0 0 0 2 0 0 0 0 0 2 53 0 0 0 0 0 0 0 0 0 0 0 0 0 12 0 0 0 0 0 0 0 0 0 0 0 0 0 0 12 0 0 0 0 11 0 0 0 0 7 0 0 0 0 0 0 0 0 0 39 0 0 0 0 11 42 8 0 0 0 0 28 41 7 0 7 15 18 13 0 0 0 0 0 0 0 14 0 0 0 0 10 0 0 4 0 0 0 0 0 0 0 0 0 0 2 0 0 0 13 0 0 0 0 0 0 0 0 0 0 0 13 10 81 8 0 0 0 7 1 30 0 13 0 14 0 0 0 0 45 1 0 0 0 0 12 29 6 0 12 0 27 20 17 24 0 32 1 15 0 0 0 0 0 0 0 0 0 0 0 0 0 0 0 0 0 0 1 0 0 0 0 0 0 0 0 0 0 0 0 0 0 0 16 2 4 76 0 0 1 0 0 0 0 0 0 0 0 0 0 0 0 0 0 0 0 0 0 0 0 12 1 0 0 0 0 27 0 0 
 0 0 0 0 0 2 0 0 0 0 1 0 0 0 0 0 0 0 2 0 105 254 32 201 100 0 50 125 80 382 139 63 247 34 307 187 51 288 57 39 32 0 0 0 33 2 62 64 0 20 21 64 0 0 0 0 9 0 63 63 0 0 2 0 0 0 0 0 0 0 2 0 0 0 0 0 0 0 0 0 0 0 0 0 0 0 0 0 0 0 0 0 0 0 0 0 0 0 1 0 0 7 15 0 8 30 0 0 0 0 0 0 0 0 7 12 0 14 0 0 10 16 0 0 0 0 14 21 9 0 8 11 1 8 0 7 11 20 35 10 0 2 0 0 0 0 0 0 0 0 0 0 6 0 0 37 0 0 0 0 0 0 0 0 0 0 2 0 0 0 0 0 2 0 0 2 0 0 0 0 0 0 0 10 12 8 0 0 21 27 17 10 0 0 0 0 0 0 0 0 40 23 0 12 0 0 10 12 6 10 12 0 0 7 6 1 12 7 7 16 0 0 0 0 0 0 0 17 0 0 0 0 0 0 0 0 0 0 0 0 0 0 0 0 0 0 0 0 0 0 0 0 0 0 6 1 1 73 0 15 5 0 0 0 0 0 6 0 0 0 0 0 0 0 0 0 0 0 0 0 0 14 1 0 0 0 0 0 0 0 
 3 6 80 122 190 81 3 3 3 36 24 44 3 1 3 77 3 39 3 3 84 169 72 106 627 50 0 274 48 69 41 32 226 214 19 58 37 244 599 139 0 4 0 0 0 2 0 0 17 0 0 2 0 1 0 0 0 0 0 0 0 0 0 0 0 0 0 0 0 0 2 0 1 0 0 0 0 5 0 0 0 2 1 6 50 83 0 0 10 0 14 77 9 0 0 0 0 6 0 0 21 24 73 0 0 0 0 2 10 1 0 0 76 28 0 0 18 3 27 15 0 0 0 0 0 0 0 0 0 0 0 0 0 0 0 0 0 0 0 0 0 0 0 0 0 0 0 9 0 0 0 0 0 0 0 0 0 0 0 0 0 0 0 0 10 12 0 0 0 0 1 20 0 0 0 0 0 1 0 0 0 11 12 0 0 0 1 33 15 0 0 29 0 20 0 14 24 0 17 0 0 0 0 0 0 0 0 0 0 0 0 0 0 0 0 0 0 0 0 0 0 11 0 0 0 0 0 0 0 0 0 0 0 0 0 0 0 0 0 0 0 0 0 0 0 0 20 0 0 2 22 0 0 0 3 0 6 0 0 6 63 0 0 0 0 0 0 0 0 0 0 0 0 0 0 0 4 0 0 0 0 0 0 0 0 0 0 0 0 13 
 3 5 3 5 79 6 5 3 3 3 8 22 3 0 3 3 3 3 3 3 590 175 196 208 283 125 274 0 467 132 28 117 55 100 174 255 99 164 138 61 0 3 0 0 0 2 0 0 3 0 10 2 0 1 2 0 0 0 1 0 0 3 0 0 44 1 2 3 2 0 2 0 0 0 0 0 1 3 0 2 0 0 0 0 0 0 1 0 0 0 0 18 2 2 0 0 0 0 0 0 0 1 35 19 12 9 26 0 8 0 26 13 23 53 2 0 39 14 0 0 0 0 0 0 0 0 8 0 0 0 1 0 9 0 0 0 0 0 14 0 7 3 0 0 0 0 0 0 10 0 0 0 0 0 0 0 0 0 0 0 3 0 0 2 0 0 0 0 0 0 0 19 0 0 0 0 0 0 0 0 23 37 9 4 1 17 0 15 15 14 80 0 14 19 27 19 27 54 0 0 0 0 1 0 0 0 8 0 0 1 0 0 0 0 0 0 0 0 0 0 0 1 22 0 0 0 0 0 0 0 0 0 0 0 0 0 0 2 0 0 0 0 0 0 0 0 0 0 0 0 0 0 0 0 19 0 0 1 42 1 5 0 0 0 0 0 20 0 0 0 0 0 0 0 0 0 1 0 0 0 0 0 0 0 0 0 14 0 0 0 
 0 0 2 0 4 7 0 204 0 2 0 76 0 0 0 2 0 0 0 0 128 205 85 99 71 80 48 467 0 88 167 39 294 157 183 407 54 48 60 141 0 11 0 0 0 3 0 61 1 0 0 5 0 2 0 0 0 0 59 25 0 2 0 0 28 0 0 0 0 0 2 0 0 3 0 0 0 0 0 0 0 0 0 0 0 0 0 0 0 0 0 2 0 0 0 0 0 0 0 0 0 1 28 19 29 1 15 0 12 12 0 42 1 9 0 1 14 49 0 13 2 0 0 0 0 1 0 0 0 0 0 0 21 0 0 0 0 0 27 0 1 0 0 0 0 0 0 0 0 6 0 0 10 0 0 0 0 5 0 0 3 0 1 0 1 0 0 0 0 0 0 1 0 0 0 0 0 0 1 0 0 57 3 62 1 0 11 14 0 52 0 17 8 1 15 19 13 28 2 0 1 0 0 0 0 0 10 12 0 0 0 0 13 1 0 0 0 0 1 13 0 0 0 2 0 0 2 0 0 0 0 0 0 0 0 0 1 0 0 0 0 0 8 0 0 0 0 0 0 0 0 0 0 0 12 0 0 82 54 2 2 0 0 0 0 0 0 0 0 0 0 0 0 0 0 0 17 0 0 10 0 42 0 0 0 0 14 0 0 0 
 0 3 0 0 0 0 0 2 0 0 0 0 1 1 0 1 0 83 0 63 44 348 287 263 175 382 69 132 88 0 325 72 42 79 240 239 87 235 117 151 33 0 0 3 0 3 3 3 6 0 5 3 62 0 0 206 0 2 2 3 0 1 0 3 4 0 0 26 0 1 2 2 0 0 0 0 0 0 0 0 0 0 0 0 0 0 0 4 0 0 0 0 0 0 0 0 0 0 0 0 8 5 16 0 0 20 32 7 0 0 10 0 0 0 32 0 18 0 0 0 1 0 0 0 0 0 0 12 0 0 0 0 0 0 9 2 0 0 7 0 0 0 0 0 2 1 0 0 0 0 0 0 6 0 0 3 0 0 0 0 0 0 0 0 0 0 1 0 0 2 0 0 0 0 0 0 0 0 0 0 40 12 19 13 12 0 23 13 9 10 20 8 0 12 11 0 13 23 0 0 13 2 0 0 0 0 0 0 8 0 1 0 0 15 0 0 0 0 14 13 0 0 0 0 0 0 0 0 0 0 9 0 0 2 0 0 0 0 0 0 0 0 0 0 0 2 0 0 0 0 0 0 0 0 27 2 0 153 1 1 15 0 0 0 0 0 18 0 0 0 0 0 0 0 0 0 0 0 0 20 0 12 0 0 0 0 0 0 0 0 
 0 2 0 0 0 4 0 2 1 0 0 1 2 2 1 4 0 0 0 0 309 109 122 101 171 139 41 28 167 325 0 206 43 26 78 235 165 45 26 211 67 2 0 0 0 2 0 64 0 0 0 2 0 28 0 0 0 0 0 0 0 2 0 0 0 0 10 0 0 0 2 0 0 0 0 0 0 0 0 0 0 0 0 0 0 0 0 0 11 0 0 0 0 0 0 0 0 0 0 0 21 0 6 12 6 1 18 24 18 0 10 24 0 0 0 0 0 12 0 24 14 2 0 0 0 0 0 21 0 0 0 0 0 0 9 0 0 0 4 11 0 0 0 0 0 0 0 0 0 0 0 0 1 0 0 10 0 0 0 0 0 0 16 0 0 0 1 0 0 0 0 0 0 0 0 0 0 0 0 1 38 16 2 13 10 0 9 20 0 0 0 25 0 21 21 1 0 49 0 0 17 2 0 0 0 0 25 20 18 11 0 0 14 22 0 0 1 0 26 12 0 0 0 0 0 0 0 0 0 0 0 1 0 2 0 0 0 0 0 0 0 0 7 0 0 0 0 2 0 0 0 0 0 0 11 3 1 5 6 0 12 0 0 0 0 0 0 0 0 0 0 0 0 0 0 0 1 0 0 9 0 13 0 0 0 0 21 0 0 0 
 0 0 0 1 0 2 0 0 0 0 0 0 0 0 0 0 0 0 0 0 233 110 28 207 220 63 32 117 39 72 206 0 33 33 92 37 102 486 37 34 64 69 0 0 0 2 105 0 7 0 15 2 85 63 63 0 0 1 63 80 57 0 0 0 7 0 0 0 1 2 2 0 0 0 0 2 0 2 0 0 0 0 0 0 0 0 0 0 0 0 0 0 0 0 0 0 0 0 0 0 8 0 20 0 6 40 18 0 1 0 13 0 0 0 21 0 25 0 0 0 16 14 0 12 0 0 0 14 18 0 0 0 18 14 9 0 12 0 0 29 0 0 0 0 0 0 0 0 0 1 0 0 0 0 0 8 0 0 0 0 0 0 0 0 0 0 1 0 0 0 0 0 0 0 0 0 0 0 16 0 18 10 22 13 32 19 0 0 17 0 9 55 0 9 1 0 9 9 0 0 12 6 0 0 0 0 2 12 0 0 0 0 31 9 42 14 16 1 12 0 3 0 0 0 0 0 0 0 0 0 0 0 0 0 0 0 0 0 0 18 0 0 0 0 0 0 0 0 55 0 0 0 0 0 14 2 2 78 0 2 14 2 0 0 0 0 0 0 0 0 0 0 0 0 0 0 0 0 0 0 0 0 0 0 0 0 0 9 0 0 
 0 35 29 165 52 28 0 0 0 151 76 75 0 0 1 17 85 101 2 0 146 65 65 146 61 247 226 55 294 42 43 33 0 167 110 186 22 27 246 33 0 0 0 0 0 2 0 0 0 6 0 8 0 0 0 0 0 0 0 0 7 0 0 0 1 0 0 0 6 0 2 0 0 1 0 0 0 0 0 0 0 3 44 0 33 32 0 0 0 0 13 3 10 0 0 0 0 3 0 0 12 10 0 22 0 0 42 54 15 26 1 11 22 25 18 43 32 19 24 1 0 0 0 0 0 0 0 0 0 0 0 0 1 2 0 0 0 0 0 0 0 2 0 0 0 0 0 0 0 0 0 0 0 0 0 0 8 0 11 0 0 0 24 10 18 0 0 0 0 0 10 10 0 0 18 3 11 8 0 1 0 19 0 0 13 2 12 0 15 10 0 1 4 33 18 0 16 0 25 26 0 0 0 0 0 2 0 0 0 0 0 0 0 0 0 0 0 0 12 0 0 0 0 0 0 0 0 0 0 0 0 0 0 0 0 0 0 0 0 0 0 0 0 0 0 0 1 0 0 116 17 0 19 0 9 0 0 0 0 2 76 11 0 0 0 0 0 0 0 0 0 0 0 0 0 0 1 0 0 0 0 0 0 0 0 0 0 0 0 0 
 0 2 0 168 214 75 0 1 0 0 74 104 0 2 0 0 76 0 91 0 136 277 312 127 72 34 214 100 157 79 26 33 167 0 84 36 49 19 103 157 0 0 0 0 0 2 0 0 0 4 0 5 0 0 0 0 0 0 0 0 6 0 0 0 49 0 0 0 2 0 2 30 0 0 0 0 0 0 0 0 0 0 0 3 32 27 0 0 9 0 0 29 0 0 0 0 0 5 0 0 0 17 38 20 0 0 16 17 1 0 4 0 73 9 0 17 47 10 0 5 0 0 0 0 0 0 0 0 0 0 0 0 0 0 0 0 0 0 0 0 0 0 0 0 0 0 0 0 0 0 6 0 0 0 7 0 0 0 0 5 0 0 0 9 6 13 0 1 0 0 0 37 0 0 0 0 0 11 0 0 1 11 0 10 0 0 22 0 0 3 0 14 14 3 0 27 27 2 38 0 0 0 0 0 0 0 0 0 0 0 0 0 0 0 0 0 0 0 0 0 0 0 0 0 0 0 0 0 1 0 0 0 0 0 0 0 0 0 0 0 0 0 0 0 0 0 81 0 0 79 0 0 0 0 1 0 1 0 0 1 2 0 0 0 0 0 0 0 0 0 0 0 0 0 0 0 1 0 0 0 0 0 0 0 0 0 0 0 0 0 
 0 0 1 0 75 3 0 0 0 2 0 25 0 0 2 1 0 0 0 0 287 126 129 362 293 307 19 174 183 240 78 92 110 84 0 163 118 151 97 79 4 0 0 0 0 4 0 1 2 3 3 3 3 0 0 0 0 4 3 0 0 0 0 0 56 0 0 0 2 0 2 3 0 0 3 40 0 0 4 0 0 0 0 0 14 0 0 0 0 0 0 21 0 0 0 0 0 0 0 8 1 20 43 11 0 0 0 8 1 27 9 9 18 0 6 10 42 12 2 0 0 0 0 0 0 0 8 0 0 0 0 0 20 0 0 0 0 0 13 0 6 4 0 0 0 0 1 0 8 2 0 0 0 0 0 0 0 0 0 0 2 0 1 0 1 0 0 0 0 0 0 14 0 0 0 0 0 0 1 0 23 27 29 20 0 17 8 0 1 16 27 14 14 19 11 35 25 10 4 13 11 0 0 0 0 0 0 0 0 0 0 0 2 0 0 0 0 0 33 18 0 0 0 2 0 0 2 3 0 0 0 0 4 0 0 0 0 0 0 0 0 0 0 0 0 0 0 0 0 0 0 0 0 0 5 3 2 5 3 0 3 10 0 0 0 0 17 0 0 0 0 0 0 0 0 2 4 0 0 0 0 0 0 0 0 0 0 0 0 0 
 0 3 0 0 2 74 0 0 0 0 0 3 0 3 0 0 5 0 0 0 210 154 99 66 146 187 58 255 407 239 235 37 186 36 163 0 100 23 74 112 62 5 0 0 0 2 0 1 6 0 0 2 0 0 0 0 0 0 62 61 0 2 3 0 55 0 78 2 0 5 2 0 0 0 0 0 0 0 3 0 0 6 0 0 0 0 0 0 2 0 0 0 0 0 0 0 0 0 0 0 2 10 1 13 29 1 22 20 0 29 1 17 0 0 46 10 25 41 0 9 0 0 0 1 0 0 0 14 0 0 0 2 2 0 0 0 0 0 4 0 0 0 0 0 0 0 0 0 0 0 0 0 6 0 0 31 1 6 0 0 4 0 8 0 0 0 0 0 10 0 0 0 0 0 0 0 0 0 0 0 48 21 9 36 0 0 60 0 0 19 0 31 13 10 8 33 10 12 0 14 1 0 0 0 0 0 0 0 20 0 0 1 0 0 0 13 0 0 0 11 0 0 0 4 2 0 0 0 0 0 0 1 0 0 14 0 11 19 2 0 0 0 0 0 0 0 0 0 0 0 0 0 0 0 11 1 0 32 74 0 0 0 0 0 0 0 0 0 0 0 0 0 0 0 2 0 30 0 0 12 0 27 0 0 0 0 0 0 0 0 
 1 0 0 1 0 78 0 0 0 0 0 0 0 0 0 1 0 0 0 0 45 116 59 58 132 51 37 99 54 87 165 102 22 49 118 100 0 82 33 37 62 0 0 0 0 2 0 0 21 0 4 2 62 2 0 0 0 0 0 0 0 7 0 0 0 0 0 0 0 0 3 0 0 0 0 0 0 0 0 0 0 0 0 0 0 0 1 0 0 0 0 1 0 0 0 2 0 0 0 0 15 0 7 8 10 9 51 31 12 33 0 2 0 6 43 30 26 16 11 11 0 0 0 0 0 0 0 10 0 0 0 0 0 0 0 0 0 0 0 0 0 12 0 0 8 0 0 0 0 0 0 0 0 0 0 0 5 0 0 1 0 2 0 0 0 0 1 0 0 0 0 0 0 0 0 0 0 0 0 0 22 19 24 0 12 0 0 0 21 1 1 1 0 53 34 0 9 16 0 17 0 48 1 0 0 0 0 0 0 1 0 0 0 15 0 2 0 0 0 0 0 0 0 0 0 0 0 0 0 0 0 0 0 13 0 0 0 0 0 0 0 0 0 0 0 0 0 0 0 0 0 0 0 0 8 0 1 0 0 1 1 11 0 0 0 0 1 0 0 0 0 0 0 0 0 0 0 0 0 0 0 0 0 0 0 0 5 0 0 0 
 0 3 3 0 0 2 0 0 2 0 0 0 0 1 1 0 0 0 0 0 125 106 132 136 43 288 244 164 48 235 45 486 27 19 151 23 82 0 442 28 0 0 0 0 0 2 0 0 5 0 3 2 0 0 12 0 0 0 0 0 0 0 0 0 0 0 0 0 0 0 2 0 0 0 0 0 0 0 0 0 0 0 0 0 0 0 0 0 0 0 0 0 0 11 12 0 0 0 0 0 19 6 10 0 7 9 14 0 0 0 28 19 2 2 12 13 7 29 0 0 2 0 0 0 0 2 15 0 15 0 0 0 19 0 8 0 0 0 0 0 4 3 0 0 0 0 0 0 5 7 0 0 0 0 0 0 0 1 1 0 1 0 0 0 0 0 1 0 0 0 0 0 0 0 0 0 0 0 0 0 6 10 23 9 12 17 0 0 19 0 10 0 0 18 26 20 9 16 0 0 9 14 0 14 0 0 1 0 0 0 0 0 0 0 0 0 0 1 10 0 0 0 0 0 0 1 0 0 0 2 0 0 0 0 0 0 0 0 0 0 0 0 0 0 0 0 1 0 0 0 0 0 2 0 4 0 2 44 1 1 11 0 0 0 0 0 7 0 0 0 0 0 0 0 0 0 0 0 0 0 0 0 0 0 0 0 0 0 0 0 
 0 0 76 76 22 149 0 0 0 2 75 34 0 0 0 79 66 1 4 0 323 122 39 77 63 57 599 138 60 117 26 37 246 103 97 74 33 442 0 168 0 0 0 0 0 8 0 0 0 0 0 2 0 0 0 1 0 0 0 0 0 0 0 0 0 0 0 0 0 0 2 1 0 0 51 0 0 0 0 0 0 0 0 4 47 22 0 0 0 0 12 11 0 0 0 13 0 13 0 0 24 50 18 11 0 21 12 10 11 9 12 20 1 22 0 10 27 15 14 13 0 0 0 0 0 0 0 0 0 0 0 0 0 0 0 0 0 0 0 0 0 0 0 0 0 0 0 2 0 0 16 0 0 0 0 0 0 0 0 4 2 0 7 8 12 31 0 0 9 0 9 15 0 0 0 0 8 1 0 0 12 9 18 0 0 0 12 13 10 36 21 0 0 0 0 51 15 7 18 20 0 0 0 0 10 0 0 8 0 1 0 0 0 0 0 0 0 0 0 0 0 0 0 0 0 0 0 0 0 0 0 0 0 0 0 0 0 43 0 0 0 0 0 0 0 0 75 0 72 0 11 0 0 0 2 0 0 0 0 0 0 0 0 0 0 0 0 0 0 0 0 0 0 0 0 0 0 0 0 0 0 0 0 0 0 0 0 0 0 0 
 0 76 76 4 148 91 0 0 83 74 6 74 0 1 0 0 150 37 0 1 134 71 31 66 71 39 139 61 141 151 211 34 33 157 79 112 37 28 168 0 0 0 0 0 0 4 0 1 0 0 0 2 0 1 0 0 0 65 0 0 0 22 0 0 49 0 0 27 0 0 2 0 0 0 0 0 0 0 0 0 0 98 0 7 15 12 0 0 21 0 7 10 0 0 0 0 0 7 0 0 2 0 0 6 3 0 16 18 0 18 1 0 0 0 19 1 19 15 7 60 0 0 0 0 0 0 0 0 0 0 0 0 0 6 0 0 0 0 0 0 4 3 0 0 0 0 2 3 0 0 10 0 0 3 44 0 1 0 0 6 0 0 0 0 32 40 0 0 0 0 0 27 0 0 0 0 0 0 0 0 32 1 0 0 0 0 31 19 0 0 0 0 41 26 9 0 15 27 0 1 0 0 0 0 0 0 0 0 0 0 0 1 0 0 0 0 0 0 0 0 0 0 0 0 2 0 0 0 0 0 0 1 0 0 0 1 0 35 1 0 0 0 0 0 0 0 81 0 0 1 0 0 0 0 0 0 3 1 2 15 2 0 0 0 0 0 1 0 0 0 0 0 0 0 0 0 13 0 0 11 0 0 0 0 0 0 0 0 0 0 
 0 0 0 0 0 3 2 0 0 0 2 0 0 0 0 0 0 0 0 0 0 0 0 63 106 32 0 0 0 33 67 64 0 0 4 62 62 0 0 0 0 584 65 74 40 251 412 44 61 251 56 29 223 64 161 63 34 249 355 171 2 0 0 0 11 0 0 0 0 0 0 3 0 0 0 0 0 0 3 0 0 0 0 0 0 0 0 0 0 0 0 0 0 0 0 0 0 0 0 0 0 0 0 0 0 10 13 0 0 0 15 0 0 0 12 0 0 0 0 0 3 7 7 0 0 12 33 63 30 0 2 6 24 29 3 2 15 1 21 26 0 0 0 0 0 0 0 0 0 0 0 0 16 13 0 5 0 2 0 9 0 0 0 0 0 0 2 0 0 0 0 0 14 0 29 0 0 0 1 0 0 0 0 0 10 45 7 0 20 8 17 48 0 0 0 0 0 0 0 0 65 0 21 9 0 0 14 23 23 0 0 0 21 60 22 33 0 21 0 4 15 0 0 0 0 0 0 0 0 0 0 0 0 0 0 0 0 0 0 0 0 0 0 0 0 0 0 0 0 0 0 11 0 2 0 0 0 63 0 0 0 0 2 0 2 2 0 0 0 0 0 0 0 0 0 0 0 0 0 0 0 14 0 0 11 0 0 8 1 0 
 0 2 3 0 0 3 3 0 0 0 1 0 0 1 0 0 0 0 0 0 0 2 1 28 107 0 4 3 11 0 2 69 0 0 0 5 0 0 0 0 584 0 179 417 90 124 746 302 122 145 21 107 126 62 328 370 114 163 112 51 0 0 0 0 2 0 1 0 0 0 0 28 0 0 0 1 0 0 0 0 0 0 0 0 0 12 0 0 0 0 0 0 0 0 0 0 0 0 0 0 0 0 0 0 4 56 0 0 6 7 0 10 0 0 0 0 0 0 0 0 16 15 0 11 11 0 1 13 0 8 19 14 44 0 10 9 25 3 0 0 0 0 0 0 0 0 0 0 0 0 0 0 0 0 0 0 0 11 0 16 0 0 0 0 0 0 2 0 0 1 0 0 4 0 0 0 0 3 0 0 0 0 1 21 0 0 0 0 0 0 0 12 5 0 0 10 0 0 0 0 8 25 0 12 2 0 29 20 0 12 0 9 39 2 0 0 3 40 3 26 0 0 0 10 0 0 0 0 0 0 0 0 0 0 0 0 0 0 20 0 0 0 7 0 0 0 0 0 0 0 0 10 0 2 0 0 0 0 14 0 0 0 2 0 0 11 2 0 0 0 7 0 0 11 0 0 0 0 0 0 0 5 0 0 6 14 0 0 0 0 
 3 3 3 3 3 3 3 3 3 3 3 3 3 0 4 3 3 3 3 3 0 0 0 0 0 0 0 0 0 0 0 0 0 0 0 0 0 0 0 0 65 179 0 472 66 110 131 414 416 635 127 36 226 141 148 167 114 277 45 42 0 0 0 2 2 4 0 0 0 0 1 0 35 0 5 0 0 98 0 8 0 0 0 0 0 0 0 0 0 0 0 0 0 0 0 0 0 0 0 0 0 0 0 0 0 0 0 0 0 0 0 0 0 0 0 0 0 0 0 0 0 55 13 11 19 1 0 0 8 24 0 11 7 0 14 37 0 25 0 0 0 0 0 0 7 3 10 0 0 0 0 0 14 0 5 0 11 0 0 14 11 0 0 0 0 0 2 0 0 7 0 0 0 0 0 0 0 5 0 0 0 0 0 0 0 0 0 0 0 0 0 0 0 0 0 0 0 0 0 0 0 0 13 37 11 12 0 0 46 40 85 16 0 30 0 44 13 10 0 0 7 0 1 0 12 14 14 0 0 0 0 1 0 0 0 0 0 0 10 0 0 0 14 0 0 0 0 0 0 0 0 11 0 0 0 0 0 0 0 1 0 0 1 0 0 4 2 0 0 0 0 0 0 0 0 0 0 0 0 0 0 0 0 0 9 13 0 0 0 0 
 0 0 0 3 0 1 0 0 0 0 0 0 0 0 2 0 0 0 0 0 0 0 0 0 0 0 0 0 0 3 0 0 0 0 0 0 0 0 0 0 74 417 472 0 213 69 99 126 98 325 121 166 50 327 189 62 172 131 82 64 49 1 7 0 0 0 0 7 0 0 0 0 45 48 2 0 0 38 23 0 0 0 0 0 0 0 0 0 0 0 0 0 0 0 0 0 0 0 0 0 0 0 0 0 0 0 0 0 0 0 0 0 0 0 0 10 0 0 0 0 0 25 0 18 31 18 0 6 6 28 2 0 0 0 18 29 0 15 0 0 20 34 0 0 0 0 0 0 0 12 0 0 1 1 0 9 10 10 34 38 0 0 0 0 0 9 0 0 0 0 8 0 0 0 0 6 0 0 0 0 0 0 0 0 7 9 0 0 0 0 0 0 0 0 0 0 0 0 0 0 14 0 24 1 14 0 0 2 0 0 54 17 0 45 0 0 0 0 0 0 29 0 0 0 0 0 25 0 0 0 0 0 0 23 0 0 10 0 20 14 0 0 0 0 0 0 0 0 0 0 0 8 0 0 0 0 0 0 0 0 0 1 62 42 0 1 2 37 2 1 0 0 0 0 0 0 0 0 0 0 0 1 0 0 10 22 0 0 0 0 
 0 0 0 0 0 1 0 0 0 0 0 0 0 0 0 0 0 0 0 0 0 0 0 0 0 33 0 0 0 0 0 0 0 0 0 0 0 0 0 0 40 90 66 213 0 293 49 163 134 438 320 226 434 94 76 150 76 175 91 83 51 51 3 0 3 1 23 2 0 0 1 1 50 0 3 0 0 3 51 0 0 0 0 0 0 0 0 0 0 0 0 0 0 0 0 0 0 0 0 0 0 0 15 0 0 6 0 0 0 0 0 0 0 0 0 0 3 0 0 0 0 29 0 0 24 21 0 0 0 10 12 0 0 0 0 0 9 0 0 0 64 11 0 0 3 6 25 4 0 9 0 0 0 20 9 0 11 7 8 19 0 0 0 0 0 0 20 4 0 0 10 0 0 0 0 3 0 0 0 0 0 0 0 0 0 0 0 0 0 0 0 0 0 13 0 0 0 0 0 0 0 0 7 3 11 10 0 0 0 11 0 37 0 0 0 0 25 0 0 0 9 0 0 0 7 1 23 0 0 0 0 1 27 28 21 0 9 0 14 0 0 0 0 0 11 0 0 0 0 0 0 24 0 0 0 0 0 0 0 1 0 0 1 1 14 2 8 64 0 0 6 0 0 0 0 0 0 0 0 0 0 0 0 0 7 9 0 0 0 0 
 0 0 0 0 0 0 0 0 0 2 0 0 0 0 1 0 0 0 1 0 2 2 2 2 2 2 2 2 3 3 2 2 2 2 4 2 2 2 8 4 251 124 110 69 293 0 54 148 60 86 302 46 40 52 107 187 200 114 290 76 0 50 0 22 0 5 1 0 0 5 0 0 48 5 3 0 0 0 0 4 0 0 0 0 0 0 0 0 0 0 0 0 0 0 0 0 0 0 0 0 0 0 0 0 0 0 0 0 0 0 0 0 0 0 0 0 0 0 0 0 0 5 0 0 38 0 0 0 26 0 17 21 0 0 19 14 4 28 0 0 48 15 1 0 24 22 40 9 15 15 25 0 0 16 3 0 26 14 0 42 0 0 0 1 0 0 2 7 0 9 14 0 0 0 0 9 0 0 0 0 0 0 0 0 0 0 0 0 0 0 0 57 0 0 24 0 0 0 0 0 0 0 20 6 5 0 0 0 18 18 0 1 0 0 0 0 28 0 0 0 23 0 22 0 4 0 40 13 58 0 2 29 54 20 10 0 21 0 19 0 9 0 0 0 0 0 0 0 0 0 0 0 0 0 0 0 0 0 0 0 0 0 62 1 89 6 0 0 2 0 0 0 0 1 0 0 0 0 0 0 0 0 0 12 16 0 0 0 0 0 
 0 3 0 0 0 3 2 0 0 2 0 0 0 0 0 0 0 0 1 0 0 0 0 17 129 62 0 0 0 3 0 105 0 0 0 0 0 0 0 0 412 746 131 99 49 54 0 168 126 99 26 34 293 87 109 83 56 253 102 290 0 0 0 0 2 0 0 4 0 0 0 27 0 0 0 0 0 0 0 1 0 0 2 0 0 0 0 0 0 2 2 6 4 0 0 0 0 0 45 0 0 0 0 0 6 39 0 0 0 0 0 0 0 0 0 0 0 0 0 0 7 0 11 1 11 0 10 9 11 0 6 4 13 13 20 9 15 30 0 11 0 0 0 0 0 0 0 0 0 0 0 0 0 0 3 0 0 0 0 0 0 7 56 0 0 0 1 0 0 14 0 0 9 0 3 0 0 34 8 0 0 0 0 0 13 0 0 0 0 0 11 0 0 0 0 0 0 0 7 0 0 31 8 4 1 0 17 22 0 0 4 0 27 0 9 4 42 28 1 37 0 0 0 0 0 0 0 0 0 0 0 0 0 0 0 0 0 0 0 0 0 0 0 0 0 0 0 0 0 0 0 8 0 1 0 0 0 0 0 13 0 0 66 0 2 1 2 0 0 0 0 0 0 0 0 0 0 0 0 0 0 0 0 0 0 0 0 0 2 0 
 0 2 0 0 0 0 0 0 0 0 6 0 0 0 0 0 0 0 0 0 0 0 1 0 0 64 0 0 61 3 64 0 0 0 1 1 0 0 0 1 44 302 414 126 163 148 168 0 103 163 51 51 145 237 329 122 384 43 115 45 1 0 3 5 4 0 2 0 0 20 53 52 59 0 0 0 9 4 5 2 12 0 0 0 0 0 9 0 0 0 0 0 0 0 0 0 0 0 0 0 0 0 0 0 0 6 0 0 0 0 0 0 0 0 0 0 0 0 0 0 17 11 17 0 17 0 0 10 23 0 10 28 12 0 21 20 21 33 0 0 0 0 0 0 0 0 25 0 0 0 0 0 0 0 3 0 0 0 0 0 0 0 0 0 2 0 0 0 0 0 0 0 3 0 0 0 0 0 0 0 0 0 0 0 0 0 0 0 0 0 0 0 0 0 0 0 0 0 0 0 0 16 9 11 7 1 22 9 36 31 0 0 1 10 0 0 37 14 0 10 44 0 0 0 0 0 6 0 0 0 0 0 17 1 0 1 0 0 0 0 0 0 0 0 0 0 0 0 0 0 0 5 20 0 0 0 1 0 0 0 0 0 62 0 3 2 2 0 0 0 1 0 0 0 0 0 0 0 0 0 0 0 0 0 28 0 0 0 0 0 
 3 3 3 3 3 3 3 3 3 3 5 48 3 0 3 3 3 3 3 3 0 21 0 0 62 0 17 3 1 6 0 7 0 0 2 6 21 5 0 0 61 122 416 98 134 60 126 103 0 94 114 251 134 205 247 350 42 73 104 134 0 0 0 0 1 0 0 4 0 0 0 0 6 0 4 0 0 3 1 6 0 0 0 0 0 0 0 0 0 0 0 0 0 0 0 0 0 0 0 0 0 0 0 0 2 0 0 0 0 50 0 18 0 0 2 0 5 0 0 0 16 18 6 7 6 8 0 25 0 22 0 9 16 0 3 6 0 0 0 1 0 1 0 2 0 0 9 0 0 0 0 0 16 0 4 0 0 0 0 0 0 0 0 0 0 0 2 0 0 0 0 0 0 0 0 0 0 17 0 0 3 6 18 0 0 0 0 1 0 0 1 5 0 0 8 1 0 8 0 0 4 6 55 18 9 23 3 4 9 18 23 6 9 6 21 63 0 26 1 28 0 0 0 0 0 0 12 0 0 0 0 0 0 12 0 0 0 0 0 0 0 0 16 0 0 0 0 0 0 0 0 1 1 2 0 0 0 0 1 2 0 0 16 2 0 1 2 2 2 0 0 0 0 0 0 0 0 0 0 0 0 0 0 0 0 0 0 8 0 0 
 0 0 0 0 0 0 0 0 0 0 0 0 0 3 3 63 0 0 0 0 0 0 0 0 1 20 0 0 0 0 0 0 6 4 3 0 0 0 0 0 251 145 635 325 438 86 99 163 94 0 160 192 282 97 68 243 342 66 159 180 99 0 0 0 1 0 0 3 0 0 0 1 6 12 1 0 0 0 46 5 0 0 0 0 0 0 0 0 0 0 0 0 0 0 0 0 0 0 0 0 3 0 0 0 0 22 0 0 0 0 0 0 0 0 0 0 0 0 0 0 10 14 0 0 20 20 0 16 10 0 30 10 0 0 9 23 52 39 0 0 0 7 0 0 0 0 5 19 0 4 0 0 0 2 0 0 5 4 8 0 0 0 0 0 0 0 8 15 0 0 0 0 2 0 0 0 0 0 0 0 0 0 0 0 0 0 0 0 0 0 0 0 0 0 0 0 0 0 0 0 0 11 1 40 21 14 23 14 13 10 12 29 0 10 9 11 39 10 0 18 0 0 0 1 0 0 36 0 0 0 0 0 0 18 25 11 0 0 0 0 0 0 11 0 0 0 0 0 0 0 0 12 0 0 0 0 0 0 0 24 0 0 0 0 63 3 0 0 0 0 14 0 0 18 0 0 0 0 0 0 0 0 0 0 0 5 0 0 0 0 
 0 0 0 0 0 0 0 0 0 0 0 0 0 0 0 0 0 0 0 0 0 6 0 0 0 21 0 10 0 5 0 15 0 0 3 0 4 3 0 0 56 21 127 121 320 302 26 51 114 160 0 223 68 37 126 358 76 127 85 58 101 17 5 0 3 0 0 3 0 2 0 0 54 56 2 0 0 0 52 3 0 0 0 0 0 0 0 5 0 0 0 0 0 0 0 0 0 0 0 0 0 0 12 0 0 9 2 0 0 0 0 0 0 0 8 0 19 0 0 0 0 4 0 6 0 42 0 0 0 44 14 0 0 0 0 0 0 0 11 0 0 19 0 9 49 0 5 0 1 0 0 0 62 28 0 20 0 4 32 0 0 0 0 0 0 1 0 30 0 0 0 0 0 0 0 0 0 0 0 0 4 4 6 0 0 0 9 0 1 0 2 4 0 0 4 0 4 6 0 0 0 0 18 0 29 33 0 0 11 0 51 34 0 0 0 11 0 0 0 0 22 0 0 0 0 0 32 9 20 0 1 0 0 0 19 41 0 0 0 51 0 0 0 0 0 0 0 0 0 0 0 5 0 0 0 0 0 0 0 0 0 0 0 2 2 0 1 75 0 0 0 0 0 1 0 0 0 0 0 0 0 0 0 0 0 19 0 0 0 0 
 3 3 3 3 3 3 3 3 3 7 3 3 3 0 4 3 3 3 3 3 2 2 2 2 2 64 2 2 5 3 2 2 8 5 3 2 2 2 2 2 29 107 36 166 226 46 34 51 251 192 223 0 34 259 172 253 125 113 249 36 153 0 4 0 2 0 0 1 0 0 0 0 23 105 0 0 0 0 101 0 0 0 0 0 0 0 0 0 0 0 0 0 0 0 0 0 0 0 0 0 0 0 8 0 0 9 0 0 0 0 0 0 0 0 0 0 0 0 0 0 0 6 0 9 0 17 0 0 0 16 13 0 0 0 0 0 0 0 0 0 0 4 0 0 0 44 0 2 0 0 0 0 31 19 0 33 0 0 41 0 0 0 0 0 0 7 2 3 0 0 0 0 0 0 0 4 0 0 0 0 0 0 0 0 0 0 0 0 0 0 0 0 0 0 0 0 0 0 0 0 0 0 7 2 31 10 0 0 0 0 4 30 0 0 0 0 1 0 0 0 6 0 0 0 0 0 63 0 9 0 0 0 0 1 14 25 0 0 0 24 0 0 0 0 0 0 0 0 0 0 0 6 0 0 0 0 0 0 0 15 0 0 0 63 3 1 2 68 2 0 5 0 0 0 0 0 0 0 0 0 0 0 0 0 0 12 0 0 0 0 
 0 1 0 0 0 0 0 0 0 0 0 0 0 0 3 0 0 0 0 0 0 0 0 62 139 0 0 0 0 62 0 85 0 0 3 0 62 0 0 0 223 126 226 50 434 40 293 145 134 282 68 34 0 155 38 117 99 28 233 337 0 0 0 0 0 0 0 0 4 0 0 52 0 0 3 0 3 3 0 0 2 0 0 0 0 0 0 0 0 0 0 0 0 0 0 0 0 0 0 0 18 0 0 0 1 33 0 0 0 0 7 0 0 0 0 0 0 0 0 0 22 0 23 0 13 0 11 17 0 11 0 20 28 13 9 2 0 10 0 9 0 0 0 0 0 0 0 0 0 0 0 0 0 0 7 0 0 0 0 0 0 0 0 0 0 0 2 0 0 1 1 0 0 0 0 0 0 0 0 0 0 0 6 8 29 0 0 0 0 0 11 0 0 0 0 0 0 0 0 0 0 52 8 25 0 1 6 10 10 34 22 0 16 24 9 76 18 40 0 0 0 0 0 0 0 0 0 0 0 0 0 0 0 0 0 0 0 0 0 0 0 0 0 0 0 0 0 0 0 0 0 13 0 0 0 0 0 0 0 0 0 0 3 0 0 2 0 0 0 0 0 0 0 0 0 0 0 0 0 0 0 0 0 0 0 0 0 29 0 6 
 0 0 1 0 2 1 0 0 1 0 0 1 0 0 1 0 0 0 0 0 2 0 0 0 5 0 1 1 2 0 28 63 0 0 0 0 2 0 0 1 64 62 141 327 94 52 87 237 205 97 37 259 155 0 95 41 133 33 181 172 6 6 0 2 25 0 3 0 7 4 3 3 1 0 0 4 5 0 1 0 0 5 0 0 0 0 0 0 0 0 0 0 0 0 0 0 0 0 0 0 0 0 0 0 28 0 0 0 0 0 22 0 0 0 0 0 0 0 0 0 16 19 40 18 10 1 10 0 32 17 10 11 0 39 8 16 0 18 0 23 0 0 0 6 0 0 27 0 0 0 7 0 0 5 3 4 0 0 0 0 0 0 0 0 0 0 2 0 0 7 0 0 0 0 0 0 0 41 0 0 0 0 3 0 11 22 0 0 0 0 0 35 0 0 0 0 0 0 0 0 0 16 11 4 0 0 0 1 34 32 24 0 0 0 18 0 0 14 8 0 24 4 17 0 0 3 5 0 0 0 0 3 0 20 0 3 0 15 0 0 0 0 0 0 0 0 0 0 0 0 0 8 0 0 0 0 0 0 0 0 0 0 1 0 0 9 3 0 0 0 0 0 0 10 0 0 0 0 0 0 0 0 0 0 11 0 0 0 0 0 
 0 2 0 0 0 0 0 63 0 0 3 0 0 0 0 0 0 0 0 0 0 0 0 0 2 0 0 2 0 0 0 63 0 0 0 0 0 12 0 0 161 328 148 189 76 107 109 329 247 68 126 172 38 95 0 208 70 251 149 184 1 0 0 0 10 0 0 0 0 0 0 0 53 0 0 0 0 6 0 0 0 0 0 0 0 0 0 0 0 0 0 0 0 0 0 0 0 0 2 0 0 0 0 0 0 0 9 0 0 0 9 0 0 0 11 0 0 0 0 0 4 35 0 6 18 23 9 24 47 24 0 19 4 16 27 14 0 24 0 1 11 1 8 8 0 0 0 0 12 0 0 0 56 0 6 9 0 0 10 27 0 0 0 0 0 5 0 0 0 0 0 0 6 0 0 0 0 0 0 0 0 0 0 0 10 21 5 3 0 0 0 20 0 0 0 0 0 0 0 4 13 2 26 18 19 17 10 14 2 0 81 18 8 10 7 37 0 11 0 0 1 0 0 0 0 0 13 0 24 0 0 0 0 0 0 8 0 0 13 1 0 0 0 0 0 0 0 0 0 20 0 12 0 2 0 0 0 0 0 0 0 0 29 2 0 2 1 0 0 0 1 0 0 0 0 0 0 0 0 0 0 0 0 0 6 0 0 3 1 0 
 0 0 0 0 0 0 0 0 0 0 0 0 0 1 0 0 0 0 0 0 0 0 1 0 72 0 0 0 0 206 0 0 0 0 0 0 0 0 1 0 63 370 167 62 150 187 83 122 350 243 358 253 117 41 208 0 125 56 45 73 51 0 46 0 2 0 0 5 0 0 0 27 51 0 1 0 0 0 54 0 0 0 0 0 0 0 4 0 0 0 0 0 0 0 0 0 0 0 0 0 0 0 0 0 0 10 0 0 0 0 0 0 0 0 0 9 0 0 0 0 0 20 1 12 14 21 1 16 6 9 0 0 8 2 21 12 18 56 24 0 0 8 0 0 0 0 25 2 0 7 0 0 9 10 0 17 8 2 9 0 0 0 0 0 0 0 2 0 0 10 0 0 0 0 0 0 0 0 0 0 0 0 0 0 24 0 0 0 0 0 0 0 0 0 0 0 0 0 0 0 0 11 4 10 9 18 10 26 9 0 9 20 9 0 2 5 13 9 0 10 0 0 0 0 1 0 30 5 0 0 0 0 21 32 22 0 0 0 0 11 0 0 0 0 0 0 0 0 0 0 0 7 0 0 0 0 0 0 0 1 0 0 62 1 6 0 1 0 0 0 0 0 0 0 0 0 0 0 0 0 0 0 0 0 10 13 0 0 0 0 
 0 0 3 0 0 2 0 0 0 0 0 0 0 0 0 58 0 0 0 0 0 0 0 0 11 9 0 0 0 0 0 0 0 0 0 0 0 0 0 0 34 114 114 172 76 200 56 384 42 342 76 125 99 133 70 125 0 215 32 246 0 0 0 0 2 0 0 0 0 0 0 0 2 0 0 0 0 0 0 3 0 0 0 0 0 0 0 0 0 0 0 0 0 0 0 0 0 0 0 0 0 0 0 0 0 11 0 0 0 0 0 0 0 0 0 0 0 0 0 0 0 45 11 13 18 0 5 11 1 27 16 2 1 8 23 19 0 34 6 5 0 0 0 0 0 0 10 0 0 0 0 0 0 0 0 0 0 0 0 12 0 0 0 0 0 0 12 0 0 6 0 0 0 0 0 0 0 3 0 0 0 0 0 0 4 8 0 0 0 0 0 0 0 0 0 0 0 0 0 0 18 29 1 10 11 19 18 17 25 0 25 10 0 10 3 16 23 18 0 0 0 0 0 0 0 0 0 0 0 0 0 0 0 4 0 0 0 0 10 0 0 0 9 0 0 0 0 0 0 0 0 0 0 1 0 0 0 0 0 1 0 0 1 1 3 7 1 1 1 0 7 0 0 0 0 0 0 0 0 0 0 0 1 0 14 0 0 0 0 0 
 2 0 0 0 0 2 2 1 0 3 2 0 7 0 0 2 2 0 1 1 0 0 0 0 0 0 0 0 0 2 0 1 0 0 4 0 0 0 0 65 249 163 277 131 175 114 253 43 73 66 127 113 28 33 251 56 215 0 59 56 53 0 24 0 0 0 0 49 0 0 0 0 56 51 28 0 2 7 55 4 0 0 1 0 0 0 2 2 0 0 1 0 0 3 0 2 0 0 0 4 0 0 0 0 0 0 0 0 0 0 0 0 0 0 0 0 0 0 0 0 0 42 0 10 22 19 0 6 6 12 0 0 0 0 18 33 0 18 0 0 0 0 0 0 0 0 3 0 0 0 0 0 17 0 0 2 0 0 3 8 0 1 6 0 0 8 2 6 0 0 0 0 17 0 0 7 0 5 6 6 0 0 0 0 0 0 0 0 0 0 0 0 0 0 0 0 0 0 0 0 0 0 1 11 23 19 0 0 0 20 20 40 0 7 0 18 0 0 0 0 0 0 0 0 0 0 0 0 0 0 0 0 0 7 0 2 1 0 5 17 0 0 14 0 0 0 0 0 0 0 0 2 0 1 0 0 0 0 0 0 3 1 61 64 3 3 0 1 1 0 0 0 0 0 0 0 0 0 0 0 0 0 0 0 10 55 0 0 0 0 
 0 0 1 0 1 2 0 0 0 0 0 0 0 0 0 0 0 1 0 0 1 0 0 29 66 63 0 1 59 2 0 63 0 0 3 62 0 0 0 0 355 112 45 82 91 290 102 115 104 159 85 249 233 181 149 45 32 59 0 388 0 0 0 0 4 1 0 0 0 1 1 0 0 0 0 0 0 0 0 0 0 0 0 0 0 0 0 0 0 0 0 0 0 0 0 0 0 0 0 0 0 1 13 0 8 13 0 0 0 0 4 0 0 0 0 0 0 28 0 0 25 0 0 0 0 0 17 0 1 0 8 19 0 22 0 4 31 0 7 20 1 0 0 0 0 5 0 0 1 21 0 0 4 0 0 0 0 3 0 0 0 0 0 0 0 0 0 0 0 1 0 0 7 0 0 0 0 0 0 0 0 0 0 13 27 11 0 0 1 7 7 12 0 1 0 1 0 3 0 0 1 28 0 7 0 0 38 0 1 5 0 0 10 0 8 0 0 16 1 37 0 0 0 0 22 0 0 0 0 0 0 0 0 0 0 0 0 0 0 0 0 0 0 0 0 0 0 0 0 0 0 16 0 0 0 0 0 63 0 0 0 0 0 0 2 2 0 0 2 0 0 0 0 0 0 0 0 0 0 0 0 15 0 0 0 0 0 0 0 0 
 0 28 2 0 0 5 2 0 0 0 0 0 0 0 3 0 0 0 0 0 0 0 0 0 87 63 0 0 25 3 0 80 0 0 0 61 0 0 0 0 171 51 42 64 83 76 290 45 134 180 58 36 337 172 184 73 246 56 388 0 0 0 0 5 11 8 0 0 0 0 4 10 0 0 0 5 0 0 0 0 0 0 3 0 0 0 0 0 0 0 0 0 0 0 0 0 0 0 0 0 0 0 18 0 0 16 0 0 0 0 3 0 0 0 0 0 0 19 0 0 21 0 0 0 0 0 21 0 4 0 21 1 11 59 0 0 13 49 6 8 1 0 0 0 1 0 0 0 0 4 4 0 7 0 0 0 0 7 0 0 0 0 0 0 0 0 1 0 0 0 0 0 0 0 3 0 0 0 5 0 0 0 1 19 56 11 0 0 0 6 0 15 6 0 0 1 0 10 0 0 10 0 0 0 0 0 23 26 0 0 0 0 38 1 29 8 22 12 0 33 0 0 6 0 0 6 0 0 0 0 0 6 0 0 0 0 0 0 1 0 0 0 0 0 0 0 0 0 0 0 0 15 0 2 0 0 0 62 0 13 0 0 3 0 3 0 0 0 0 0 0 0 0 0 0 0 0 0 0 0 0 15 0 0 0 0 0 8 0 0 
 3 12 1 1 11 3 3 2 0 3 1 1 3 0 1 3 3 0 1 3 0 0 0 0 0 0 0 0 0 0 0 57 7 6 0 0 0 0 0 0 2 0 0 49 51 0 0 1 0 99 101 153 0 6 1 51 0 53 0 0 0 73 85 43 34 44 113 35 93 324 41 248 101 36 56 91 46 39 69 39 0 8 0 0 0 9 0 0 0 0 0 0 0 0 0 0 0 0 0 0 0 0 0 0 0 0 6 0 0 0 0 0 8 7 0 0 0 0 0 0 0 1 0 1 8 26 0 38 0 1 20 0 0 0 0 0 0 0 0 0 7 7 1 19 1 0 0 9 0 28 19 1 1 39 23 33 8 2 28 7 0 0 0 0 0 4 1 0 0 0 3 0 0 0 0 10 0 8 0 0 0 0 0 0 0 0 3 0 0 0 0 0 8 0 0 0 0 0 0 0 0 0 0 6 30 30 0 0 1 0 0 20 0 0 0 0 9 0 0 0 10 31 9 0 0 1 13 0 0 0 0 0 0 8 2 24 8 4 7 18 0 0 0 0 0 0 0 0 0 7 0 0 0 0 3 0 0 0 0 0 0 0 0 21 53 0 0 0 0 0 8 0 0 0 2 0 0 0 0 0 0 0 0 0 0 1 0 0 0 0 
