 0 338 145 333 34 50 217 78 216 252 38 126 157 238 341 41 23 94 232 354 3 0 2 0 0 204 0 0 2 0 3 1 0 0 5 2 0 1 3 0 0 0 0 3 0 3 116 2 4 0 0 0 3 0 0 1 0 66 0 0 0 0 2 0 0 0 0 0 3 0 33 0 0 0 2 0 0 0 0 0 0 24 18 12 27 17 51 31 33 42 16 4 0 10 41 17 26 1 58 24 0 0 0 2 0 0 0 0 0 0 0 10 0 32 0 0 0 0 10 0 0 0 0 0 0 0 0 0 0 1 0 0 0 0 0 0 0 0 0 1 0 0 0 0 14 0 0 0 13 0 0 0 0 0 25 0 1 0 0 0 18 6 30 1 0 0 34 37 0 0 10 0 14 18 48 12 5 0 31 28 0 1 0 0 0 0 0 0 0 0 0 0 38 0 0 0 0 2 9 0 0 0 0 0 0 0 0 0 0 0 0 0 0 0 0 0 0 0 0 0 0 0 0 0 0 0 0 1 0 0 0 0 0 0 0 0 0 0 0 0 0 2 0 0 0 0 1 0 3 0 0 4 0 1 0 0 0 0 0 0 0 0 0 0 0 0 0 0 0 0 0 0 0 0 0 15 0 0 0 0 0 0 0 0 0 0 0 0 0 0 
 338 0 81 285 45 120 164 304 231 25 121 34 153 376 215 161 260 45 83 542 3 0 0 0 0 0 0 0 0 0 6 1 2 3 3 0 2 0 3 0 3 2 0 3 0 4 0 5 3 0 0 0 3 2 0 3 0 3 2 0 0 0 3 3 0 0 0 0 4 0 0 0 2 0 2 2 1 3 0 0 11 14 19 11 1 0 13 0 36 10 21 13 0 43 13 27 41 18 2 25 0 0 0 7 0 20 47 0 0 0 0 0 0 1 0 0 0 0 11 0 0 0 10 0 0 0 0 0 0 0 0 9 0 0 0 0 13 0 0 0 0 0 0 0 1 0 0 0 0 0 0 0 0 1 1 0 0 3 0 0 35 0 26 0 14 0 15 16 15 20 16 0 14 31 31 21 12 0 10 11 0 0 0 0 0 0 0 0 0 0 1 2 1 0 17 0 0 0 23 0 0 0 0 0 0 0 0 0 0 0 0 0 0 0 0 1 0 0 0 0 0 0 0 0 0 0 0 13 0 0 0 0 0 0 0 0 0 0 0 0 0 0 0 0 0 0 1 0 90 2 0 19 0 0 0 0 0 0 0 0 0 0 0 0 0 0 0 0 0 0 0 0 0 0 0 0 2 0 0 0 0 0 0 0 0 0 0 0 0 0 
 145 81 0 461 60 135 57 102 380 714 197 75 59 206 35 357 309 52 54 32 3 0 0 0 0 0 73 0 0 0 3 0 32 1 3 0 0 0 78 74 0 0 0 3 0 5 0 2 2 0 0 0 3 63 2 3 3 3 0 0 0 0 3 51 0 0 0 2 2 0 0 51 0 0 2 0 0 3 0 0 1 0 0 11 31 19 0 0 20 29 23 0 0 0 12 10 0 14 0 0 11 0 0 0 0 0 12 0 0 0 0 0 33 34 0 0 0 0 0 0 0 10 0 0 0 0 0 0 0 0 0 0 0 0 0 0 0 0 0 0 0 0 0 0 0 0 0 0 0 0 0 0 0 0 0 0 0 3 0 0 0 0 7 45 0 0 0 0 0 1 39 11 0 5 21 11 28 0 0 0 39 1 0 0 0 0 0 1 0 0 0 0 47 0 0 0 0 0 18 0 0 0 0 0 0 0 0 0 0 0 0 0 0 5 0 0 0 0 0 0 0 0 0 0 0 0 0 22 0 0 0 0 9 0 0 0 0 0 0 0 0 16 0 0 0 3 91 0 7 1 0 5 0 0 0 0 0 0 0 0 0 0 14 0 0 0 0 0 0 0 0 0 0 0 0 0 0 0 0 0 0 0 0 0 0 0 0 0 0 0 
 333 285 461 0 194 346 70 294 100 119 196 40 288 267 351 364 65 428 72 66 5 0 0 30 8 0 80 0 1 0 5 0 113 21 10 7 1 1 43 0 0 0 0 3 3 3 5 6 2 0 0 0 3 0 0 3 0 2 0 0 0 0 3 0 0 0 0 1 2 0 16 0 0 2 2 0 0 3 0 0 22 0 15 16 3 51 13 0 28 0 7 33 0 13 24 16 27 1 0 9 22 0 0 0 0 0 12 0 0 0 0 0 21 0 1 0 0 0 16 0 0 0 0 0 0 0 0 0 0 0 0 0 0 0 2 0 0 0 0 0 0 0 0 0 0 0 0 0 2 1 0 0 0 0 0 2 0 15 2 0 20 0 10 3 14 13 12 22 16 14 17 21 0 25 5 25 39 0 0 0 21 1 0 0 0 0 0 17 0 0 0 0 44 0 11 11 0 0 0 14 0 0 0 0 0 0 0 0 0 0 0 0 0 1 0 0 2 0 0 0 0 0 0 0 0 0 0 2 0 1 0 0 0 0 0 0 0 0 0 0 0 15 0 0 0 1 94 2 88 0 1 16 0 0 0 0 0 0 0 0 0 0 0 0 0 0 0 0 0 0 0 0 0 2 0 15 9 0 0 0 0 0 0 0 0 0 0 0 0 0 
 34 45 60 194 0 174 48 56 169 100 286 114 78 233 304 39 571 84 33 86 78 31 0 0 0 0 41 0 0 0 3 1 75 221 3 24 56 0 159 105 0 0 0 5 0 3 0 0 5 0 0 2 3 2 0 3 0 1 0 0 0 0 3 0 0 0 0 0 2 0 20 2 0 0 4 0 0 3 0 0 0 0 1 7 40 3 0 0 0 27 18 13 0 0 14 0 0 14 0 0 0 16 2 0 0 0 4 34 0 0 2 0 42 1 14 0 0 0 0 1 0 0 0 1 0 0 0 0 0 0 0 0 0 0 2 0 0 0 2 0 0 0 16 0 0 0 0 1 0 0 0 0 0 0 0 0 0 0 0 0 0 0 26 20 19 30 1 0 0 11 18 15 0 0 1 0 0 74 0 0 35 19 18 0 2 0 42 0 0 0 11 12 2 0 2 0 0 1 33 47 0 0 0 0 0 0 0 0 0 0 0 22 0 0 0 0 0 0 0 0 0 0 0 0 0 0 0 0 0 0 0 0 0 0 14 0 0 0 0 0 0 0 0 0 0 4 89 0 3 4 17 7 0 0 0 0 0 0 0 0 0 0 15 0 0 0 0 0 0 0 0 0 0 0 0 15 0 6 0 0 0 0 0 0 0 0 0 0 0 0 
 50 120 135 346 174 0 33 37 44 358 76 227 41 99 68 353 179 65 48 78 3 0 0 157 0 0 143 0 75 2 95 1 75 0 3 76 109 76 154 2 0 0 0 6 0 68 0 0 2 7 0 0 3 1 0 2 0 2 0 0 0 0 3 0 0 0 0 0 2 0 7 0 0 0 2 0 0 1 0 0 0 0 17 11 65 1 0 0 20 26 24 20 0 0 10 0 0 0 0 0 0 0 5 0 0 0 18 9 34 19 0 8 0 17 14 0 0 0 1 71 0 25 0 0 0 0 0 0 0 0 0 0 0 0 0 0 0 0 0 0 0 0 0 0 0 3 0 0 10 0 0 0 0 0 0 0 0 0 0 0 12 0 0 17 1 15 0 18 0 1 58 10 0 37 26 12 16 15 0 0 17 17 12 19 0 0 4 32 10 7 0 2 5 15 15 0 0 0 13 1 0 0 0 1 0 0 0 0 0 0 0 0 0 0 0 0 0 0 0 0 0 0 0 0 0 0 0 0 0 0 0 0 0 0 0 0 0 0 0 0 0 0 0 0 0 0 0 0 3 93 7 2 0 0 0 0 0 0 0 0 0 0 0 0 0 0 0 0 0 0 0 0 0 0 0 2 0 0 0 0 0 0 0 0 0 0 0 0 0 0 
 217 164 57 70 48 33 0 167 223 38 30 31 266 51 313 52 34 27 143 301 3 0 0 0 0 0 1 83 0 73 3 2 0 2 6 0 0 0 5 0 0 0 0 3 0 3 0 0 4 0 0 0 3 0 0 3 0 40 0 0 0 2 5 0 0 0 2 0 4 0 28 1 0 0 2 0 0 3 0 0 14 63 32 0 0 0 20 27 0 13 0 0 10 34 18 22 17 2 21 10 0 0 0 0 0 0 0 0 0 0 0 0 0 0 0 0 0 0 0 0 0 0 0 0 0 0 0 0 0 0 0 0 1 0 0 0 0 0 0 0 0 0 0 0 6 0 0 0 0 0 0 0 0 0 10 0 0 0 0 0 15 5 15 0 0 0 21 33 16 0 1 0 16 11 15 0 0 0 49 20 0 0 6 0 0 0 0 0 0 0 2 0 0 0 0 0 0 0 0 0 0 0 0 0 0 0 0 0 0 0 0 0 0 0 0 2 0 0 0 0 0 0 0 1 0 0 0 0 0 0 0 0 0 0 0 0 0 0 0 0 0 0 0 0 0 0 0 0 0 0 0 6 0 0 0 0 0 0 0 0 0 0 0 0 0 0 0 0 0 0 0 0 0 0 0 15 10 0 0 0 0 0 0 0 0 0 0 0 0 0 
 78 304 102 294 56 37 167 0 84 352 15 133 177 311 244 376 102 314 181 301 3 0 0 0 0 0 0 0 1 0 11 2 0 0 6 3 0 0 78 0 0 0 0 3 2 3 37 8 2 0 0 0 3 0 0 2 0 2 0 0 0 0 3 0 3 0 0 0 2 0 0 0 0 4 2 0 0 1 3 0 0 2 9 31 15 1 28 17 36 3 15 15 0 29 11 23 42 23 10 23 0 0 0 0 0 0 1 0 0 0 0 0 0 0 0 0 0 0 11 26 0 0 0 0 0 0 0 0 0 0 0 0 0 1 0 0 0 0 0 0 0 0 0 0 0 0 0 0 0 0 0 0 0 0 4 0 0 0 0 0 0 13 3 12 12 1 12 41 21 2 15 1 0 18 33 0 15 0 30 14 0 0 0 0 0 0 6 0 0 0 2 0 30 0 0 0 0 0 28 0 1 0 0 0 0 0 0 0 1 0 0 0 0 0 0 2 0 0 0 0 0 0 0 1 0 0 0 0 0 0 0 0 0 0 0 0 0 0 0 0 0 0 0 0 0 2 1 0 1 87 0 6 0 0 0 0 0 0 0 0 0 0 0 0 0 0 0 0 0 0 0 0 0 12 0 14 28 0 0 0 0 0 0 0 0 0 0 0 0 0 
 216 231 380 100 169 44 223 84 0 166 29 136 72 129 121 254 62 141 162 53 3 0 2 2 3 0 77 0 114 0 3 0 0 0 5 4 3 0 79 76 0 3 0 3 0 3 0 4 5 4 0 0 3 3 0 5 0 73 0 0 0 0 3 0 0 34 3 0 2 0 4 3 4 0 2 25 1 4 0 0 33 0 24 23 18 19 29 0 14 18 15 20 0 13 18 26 39 24 0 6 0 0 0 2 4 0 10 0 0 0 0 2 0 8 1 15 0 0 1 15 0 0 0 0 0 0 0 0 0 1 0 0 0 0 0 0 0 0 0 0 0 0 0 0 0 0 0 0 5 0 0 0 0 14 0 0 1 9 0 0 23 20 11 13 14 23 37 0 15 0 14 13 10 10 36 16 23 10 11 0 25 14 0 0 0 0 18 0 0 0 0 0 10 0 0 0 0 0 0 0 0 0 0 0 0 0 0 0 0 0 0 1 8 0 0 0 0 0 0 0 0 0 0 0 0 0 0 0 0 0 0 0 19 0 0 0 0 0 0 0 0 2 0 0 0 2 88 0 1 2 0 2 0 0 0 0 0 0 0 0 0 0 0 0 0 0 0 0 0 0 0 0 0 0 0 0 0 0 0 0 0 0 0 0 0 0 0 0 0 0 
 252 25 714 119 100 358 38 352 166 0 181 317 48 74 99 298 138 200 60 96 3 209 0 0 0 76 283 0 0 0 3 0 76 0 3 1 0 0 40 111 0 0 0 3 0 3 0 2 2 0 0 0 3 60 0 3 0 3 2 0 0 0 3 0 2 14 0 0 2 14 0 0 0 0 2 0 0 3 0 0 0 13 0 37 27 17 0 0 32 26 1 0 0 0 1 25 0 23 0 0 12 0 0 0 0 0 0 0 15 0 0 0 19 33 2 0 0 0 13 10 0 20 0 0 0 0 0 0 0 0 0 0 0 0 0 0 0 0 0 0 0 0 0 0 0 0 0 0 0 0 0 17 0 0 0 0 0 2 0 0 0 23 0 11 0 19 0 19 0 12 8 20 0 0 15 9 31 13 0 0 18 18 0 0 0 0 11 17 0 0 0 0 76 17 0 11 0 0 17 14 0 0 0 0 0 0 0 0 0 0 0 0 23 0 0 0 0 0 0 0 0 0 0 0 0 0 0 0 0 0 0 0 0 0 0 0 0 0 0 0 0 14 0 0 0 0 88 0 2 57 2 16 0 0 0 0 0 0 0 0 0 0 0 0 0 0 0 0 0 0 0 0 0 0 0 0 0 0 0 0 0 0 0 0 0 0 0 0 0 0 
 38 121 197 196 286 76 30 15 29 181 0 232 33 39 274 79 176 344 26 60 79 0 0 4 0 0 137 0 0 0 6 1 91 141 4 0 20 2 84 4 0 0 0 3 70 5 3 0 2 0 0 1 3 38 2 4 0 1 0 0 0 0 1 1 0 51 0 0 4 0 7 0 0 0 2 0 0 2 4 0 0 0 10 1 2 43 0 11 20 28 25 11 0 2 1 9 13 9 0 44 15 13 2 0 0 0 24 0 0 0 0 0 18 2 1 1 14 0 8 9 0 0 0 0 0 10 0 0 0 0 0 0 0 0 2 0 0 0 2 0 0 0 6 0 0 0 5 0 2 1 0 0 0 0 0 0 0 0 2 0 11 0 6 12 17 19 0 14 0 23 24 10 0 14 0 11 34 18 0 0 0 0 0 0 2 0 9 1 1 21 0 1 16 3 11 0 0 0 16 20 0 0 0 0 0 0 0 0 7 0 0 0 0 0 0 0 1 0 0 0 0 0 0 0 0 0 0 0 0 0 0 0 0 0 0 15 0 0 0 0 0 40 0 0 0 0 1 0 2 88 0 4 0 0 0 0 1 0 0 0 0 16 12 0 0 0 2 0 0 0 0 0 2 0 0 21 0 0 0 0 0 0 0 0 0 0 0 0 0 0 
 126 34 75 40 114 227 31 133 136 317 232 0 28 336 57 78 264 95 33 24 3 0 0 0 0 0 142 0 0 1 3 0 1 0 3 0 0 2 84 75 0 0 0 3 0 3 0 2 2 0 0 0 3 64 0 5 0 2 0 0 0 0 3 0 0 0 4 0 2 0 2 0 0 0 2 0 0 2 0 0 10 0 12 33 21 0 0 0 16 33 22 19 0 1 12 24 1 31 56 0 2 0 0 0 0 1 21 16 16 0 0 0 0 9 11 0 0 0 0 36 0 0 0 0 0 2 0 0 0 0 0 2 0 0 0 0 0 0 0 0 0 0 0 1 0 0 0 2 0 0 0 0 0 0 0 0 0 2 0 0 0 16 8 14 28 6 0 4 1 23 24 26 0 0 0 8 30 25 0 0 23 14 0 0 0 0 22 0 2 0 0 0 19 10 0 0 0 1 30 14 0 0 0 0 0 0 0 0 0 0 0 0 0 0 0 0 0 0 0 0 0 0 0 0 0 0 0 0 1 0 0 0 14 0 0 0 0 0 0 0 0 0 0 0 0 2 242 0 0 60 8 8 0 0 0 0 0 0 0 0 0 0 17 0 0 0 0 0 0 0 0 0 0 0 0 0 0 0 0 0 0 0 0 0 0 0 0 0 0 0 
 157 153 59 288 78 41 266 177 72 48 33 28 0 94 110 236 333 264 98 452 3 0 0 0 4 2 2 1 2 0 5 3 0 0 3 2 2 0 5 0 0 1 0 3 2 4 0 0 2 0 0 0 3 0 0 2 1 7 0 0 0 0 3 0 30 0 1 0 2 0 0 0 0 0 2 0 0 1 0 0 34 34 0 0 0 0 5 0 0 0 0 0 10 16 0 0 25 9 0 3 0 0 0 0 0 8 0 0 0 0 0 0 0 0 0 0 0 0 0 0 0 0 0 0 0 0 12 0 0 0 0 2 0 0 0 0 0 0 0 0 12 0 0 0 0 0 0 0 0 0 0 0 0 0 9 0 0 0 0 0 0 0 3 29 0 0 15 3 42 19 0 0 43 0 3 20 0 0 11 2 1 0 0 0 0 0 0 0 0 0 0 10 0 0 0 0 0 0 0 37 0 0 0 0 0 0 0 0 0 0 15 0 0 0 0 0 0 0 0 0 0 0 0 0 0 0 0 17 0 0 0 0 0 0 0 0 0 0 0 0 0 0 0 0 0 2 0 0 0 0 1 12 23 0 0 0 0 0 0 0 0 0 0 2 0 0 0 0 0 0 0 0 0 0 0 0 12 0 0 0 0 0 0 0 0 0 0 0 0 0 
 238 376 206 267 233 99 51 311 129 74 39 336 94 0 349 36 58 131 96 349 3 2 0 0 2 0 0 0 1 0 3 2 1 2 7 0 0 0 3 0 0 0 4 3 1 9 120 3 3 3 3 2 3 0 0 6 2 6 0 0 0 0 3 0 0 2 5 0 2 0 2 0 2 1 3 0 3 3 0 35 0 0 39 1 29 0 28 52 26 37 24 14 26 31 49 0 0 0 1 6 0 0 2 0 0 0 0 0 0 0 0 0 0 1 2 0 0 0 0 19 0 0 0 0 0 0 0 0 0 0 0 0 0 0 1 0 0 0 1 0 0 0 0 0 8 0 0 0 2 2 0 0 0 11 2 14 0 0 1 0 36 0 19 0 19 17 0 17 0 15 10 0 5 15 39 26 8 6 0 50 0 9 0 0 1 0 0 0 0 0 0 0 1 0 1 0 7 0 19 0 0 0 0 0 0 0 0 0 0 0 0 0 0 0 0 0 1 0 0 0 0 0 0 0 0 0 0 0 0 1 0 0 0 0 0 0 0 0 0 0 0 0 0 0 0 0 6 0 3 1 0 0 0 0 0 0 0 0 0 0 0 0 0 0 0 0 0 0 0 0 0 0 0 1 0 0 0 0 0 0 0 0 0 0 0 0 0 0 0 0 
 341 215 35 351 304 68 313 244 121 99 274 57 110 349 0 57 47 115 208 448 78 0 0 4 0 0 0 0 2 0 3 1 0 82 5 0 0 0 3 0 0 0 4 3 0 3 0 0 4 0 0 0 3 0 0 3 0 1 0 0 0 0 3 0 0 0 0 0 2 0 0 0 0 0 2 0 0 2 0 0 23 23 41 0 0 0 18 24 0 9 0 0 10 32 19 20 10 34 0 1 0 0 0 0 0 0 0 0 0 0 0 0 0 0 0 0 0 0 0 0 0 0 0 0 0 0 0 0 0 0 0 0 0 0 2 0 0 0 2 0 0 0 0 0 7 0 0 0 2 0 0 0 0 8 7 0 0 0 0 0 40 73 11 8 0 0 12 0 1 0 0 0 22 0 4 35 0 0 12 40 0 0 0 0 2 0 0 0 0 0 12 0 0 0 2 0 0 0 0 0 0 0 0 0 0 0 0 0 0 0 0 0 0 0 0 0 0 0 0 0 0 0 0 0 0 0 0 0 0 0 0 0 21 0 0 0 0 0 0 0 0 0 0 0 0 2 1 0 3 0 0 4 0 0 0 0 0 0 0 0 0 0 0 0 0 0 0 0 0 0 0 0 0 0 0 0 14 0 0 0 0 0 0 0 0 0 0 0 0 0 
 41 161 357 364 39 353 52 376 254 298 79 78 236 36 57 0 139 310 48 162 3 0 4 2 0 0 0 0 0 0 3 0 0 0 3 0 0 0 29 0 0 0 0 3 0 3 0 0 2 0 0 0 3 1 0 3 0 0 0 0 0 0 3 0 0 0 0 0 2 0 2 0 38 0 2 0 0 3 0 0 30 2 8 15 35 0 20 41 12 17 28 28 0 33 21 44 32 16 3 18 0 0 0 0 0 2 14 0 0 8 0 0 0 0 0 0 0 0 0 23 0 0 0 0 0 0 0 0 0 0 0 0 0 0 0 0 1 0 0 0 0 0 0 0 0 1 1 0 0 0 0 0 0 0 0 2 0 13 0 0 0 20 15 0 15 0 12 14 49 2 12 0 0 24 47 0 12 1 2 28 23 0 0 0 0 0 14 1 0 0 0 0 15 0 0 0 0 0 11 0 0 0 0 0 0 0 2 0 12 0 0 0 0 0 0 0 0 0 0 0 0 0 0 0 15 0 0 0 0 0 0 2 0 0 0 20 0 0 0 0 0 0 0 0 0 0 2 0 5 1 0 7 0 0 0 0 0 0 0 0 0 0 0 0 0 0 0 0 0 0 0 0 0 0 0 0 15 0 0 0 0 0 0 0 0 0 0 0 0 0 
 23 260 309 65 571 179 34 102 62 138 176 264 333 58 47 139 0 95 167 252 3 0 3 3 0 3 67 209 0 0 5 0 74 5 3 2 0 0 3 0 0 0 0 5 3 5 0 0 2 0 0 0 3 37 0 3 0 1 0 0 0 0 3 0 0 0 0 0 2 0 0 0 0 5 2 2 0 3 0 6 16 0 0 0 14 10 0 13 0 46 30 0 9 1 0 3 21 35 48 24 0 0 0 0 0 0 13 0 0 0 2 0 1 10 1 0 0 0 0 9 0 0 0 2 0 0 0 0 0 0 0 0 0 0 0 2 0 0 1 0 0 0 0 3 0 0 0 14 0 0 0 0 0 0 0 13 0 2 0 0 0 0 12 21 22 10 10 14 37 26 6 0 13 0 24 3 51 23 13 0 2 14 0 0 2 0 10 0 0 0 0 1 9 0 2 0 0 0 24 0 0 0 0 0 0 0 0 0 0 0 0 0 0 0 0 0 0 0 0 0 0 0 0 0 0 0 0 13 0 16 0 0 0 1 0 0 0 0 0 0 0 67 0 0 0 2 1 0 2 86 0 8 10 0 0 0 0 0 0 0 0 0 12 0 0 0 0 0 0 0 0 0 0 0 0 14 0 0 0 0 0 0 0 0 0 0 0 0 0 0 
 94 45 52 428 84 65 27 314 141 200 344 95 264 131 115 310 95 0 236 67 3 3 0 4 0 0 3 0 0 0 3 0 0 76 3 0 0 4 75 72 0 0 0 6 0 3 0 2 4 0 0 3 3 0 0 2 0 3 0 0 46 0 3 3 0 10 0 0 2 0 0 3 82 0 3 0 0 1 0 0 0 13 14 10 19 10 30 11 27 1 11 48 0 0 11 35 22 0 0 19 0 14 0 0 0 0 0 0 11 0 0 0 13 0 0 0 0 0 10 4 0 0 0 0 0 0 0 0 0 0 0 0 0 0 0 0 2 0 0 0 0 0 5 0 0 2 2 0 0 0 0 16 0 0 0 0 0 0 0 0 30 49 1 8 0 9 0 53 12 14 1 9 0 1 15 35 2 27 0 0 13 0 0 20 0 0 0 2 0 2 0 0 43 0 0 0 0 0 14 34 0 0 0 0 0 0 2 0 8 0 0 0 0 0 0 0 0 0 0 0 0 0 0 0 0 0 0 0 0 0 0 0 0 0 0 13 0 0 0 0 0 0 0 0 0 2 86 0 91 46 0 4 0 0 0 0 0 0 0 0 0 0 0 0 0 0 0 0 0 0 0 0 0 0 0 0 0 8 0 0 0 0 0 0 0 0 0 0 0 0 
 232 83 54 72 33 48 143 181 162 60 26 33 98 96 208 48 167 236 0 230 5 2 2 2 1 0 0 2 0 2 3 0 13 1 5 5 0 1 3 2 0 0 0 3 0 3 4 7 2 0 0 0 91 0 3 3 0 3 0 0 2 0 3 0 0 0 0 0 2 0 0 9 0 2 2 1 0 3 0 0 5 13 0 0 0 0 16 13 0 14 0 0 39 16 1 1 3 25 21 12 0 0 0 0 0 0 0 0 0 0 0 0 0 0 0 0 0 0 0 0 0 0 0 0 0 0 0 0 0 0 0 0 0 0 0 0 0 0 0 0 0 0 0 0 4 0 0 0 0 0 0 0 0 8 6 0 0 0 0 0 23 10 7 10 0 0 0 16 0 0 0 0 1 0 55 14 0 0 23 9 0 0 0 0 0 0 0 0 0 0 0 0 0 0 0 0 0 0 0 0 0 0 0 0 0 0 0 0 0 0 0 0 0 0 0 0 0 0 0 0 0 0 0 0 0 0 0 0 0 0 0 0 17 0 0 0 0 0 0 0 0 0 0 0 0 0 0 1 4 1 0 8 0 0 0 0 0 0 0 0 0 0 0 0 0 0 0 0 0 0 0 0 0 0 0 10 0 0 0 0 0 0 0 0 0 0 0 0 0 0 
 354 542 32 66 86 78 301 301 53 96 60 24 452 349 448 162 252 67 230 0 3 10 0 1 15 202 2 0 0 0 3 0 0 0 3 0 0 1 79 0 0 0 0 3 0 3 0 0 2 0 0 0 3 0 0 2 0 1 0 0 0 46 3 0 0 0 0 0 2 0 0 0 0 0 2 0 0 1 0 0 13 28 11 0 13 0 11 24 0 6 0 12 9 2 0 0 0 14 8 21 0 0 0 0 0 0 0 0 0 0 11 0 0 0 0 0 0 0 0 11 0 0 0 0 0 0 0 0 0 0 0 0 0 0 0 0 0 0 0 0 0 0 0 0 1 0 0 0 0 0 0 0 0 0 2 0 0 0 0 0 0 6 0 0 0 0 0 21 7 4 0 0 2 1 34 17 0 7 18 14 0 0 0 0 0 0 0 0 0 0 0 0 0 0 0 0 0 0 0 0 0 0 0 0 0 0 0 0 0 0 0 0 0 0 0 0 0 0 0 0 0 0 0 0 0 0 0 0 0 0 0 0 0 0 0 0 0 0 9 0 0 0 0 0 0 3 87 0 3 1 0 4 4 0 0 0 0 0 0 0 0 0 0 0 0 0 0 0 0 0 0 0 0 0 0 13 18 0 0 0 0 0 0 0 0 0 0 0 0 0 
 3 3 3 5 78 3 3 3 3 3 79 3 3 3 78 3 3 3 5 3 0 137 140 243 49 37 61 333 41 110 120 123 205 196 277 336 261 283 191 42 0 0 0 0 2 7 0 5 64 0 0 0 0 1 2 0 0 3 0 0 4 1 2 0 3 0 0 1 3 3 0 0 1 0 0 0 1 3 3 0 0 0 25 0 0 15 0 0 0 0 0 0 0 0 0 0 0 0 0 0 10 1 33 0 0 21 7 14 11 21 43 0 8 17 0 12 49 21 17 17 0 0 0 0 0 0 0 0 0 0 0 0 0 0 0 0 0 0 0 9 0 0 4 0 0 8 0 0 0 0 0 0 0 0 0 0 0 0 0 0 0 0 0 0 15 48 0 0 0 0 18 3 0 0 0 0 0 3 0 0 0 19 57 0 3 3 16 12 18 24 10 13 0 0 11 15 14 34 14 9 0 0 0 0 0 0 0 4 0 0 0 0 0 0 0 0 0 0 8 3 0 0 0 0 0 0 0 0 0 0 0 0 0 0 0 0 0 0 0 0 0 0 14 0 0 0 0 0 0 0 0 0 0 0 5 2 0 77 0 1 0 17 0 0 0 0 0 0 0 0 0 0 0 0 0 0 0 0 0 0 0 5 0 0 0 0 1 0 0 0 
 0 0 0 0 31 0 0 0 0 209 0 0 0 2 0 0 0 3 2 10 137 0 93 155 131 27 192 67 114 51 231 115 33 212 91 145 70 149 160 126 0 0 0 0 3 0 0 3 0 35 0 2 74 2 57 0 0 4 61 86 0 0 9 0 3 0 0 0 4 0 0 0 3 0 0 0 3 0 3 0 0 0 0 0 14 20 0 0 0 0 0 9 0 0 0 0 0 0 0 0 11 49 14 1 13 0 4 17 27 8 7 13 18 7 1 17 0 9 5 1 12 0 0 0 0 0 0 0 0 0 0 0 10 5 0 0 0 0 0 0 0 0 0 0 0 0 0 0 0 0 0 0 14 0 0 0 0 0 0 0 0 0 0 0 10 0 2 0 0 0 0 0 0 0 0 0 0 7 19 0 0 1 38 27 15 0 25 22 27 2 0 16 2 23 25 0 47 16 0 23 14 0 0 0 0 0 0 7 0 0 0 0 0 0 1 0 0 0 11 0 2 0 0 0 0 0 0 0 0 0 0 0 0 0 0 0 0 0 0 0 0 0 11 0 0 0 0 0 0 1 0 0 0 0 18 0 0 0 0 0 0 2 0 0 0 0 0 0 0 0 0 0 0 0 0 0 0 0 0 0 0 0 0 0 0 0 0 0 0 0 
 2 0 0 0 0 0 0 0 2 0 0 0 0 0 0 4 3 0 2 0 140 93 0 480 176 119 84 524 304 168 337 254 267 76 174 71 128 281 453 90 0 0 102 0 64 4 1 5 0 36 3 0 58 1 0 0 4 2 24 0 0 8 2 8 3 0 0 0 3 0 0 0 1 0 0 0 5 0 3 0 0 0 0 0 0 0 0 22 0 1 0 11 0 0 11 0 0 0 0 0 32 20 10 24 30 13 6 33 1 29 25 15 0 0 13 16 8 57 0 0 0 0 0 0 0 0 21 0 0 0 0 6 0 8 11 0 0 0 18 9 0 0 0 0 0 0 0 0 0 0 1 0 0 0 0 0 0 0 0 0 0 0 0 0 12 16 0 7 0 0 0 4 0 0 0 0 0 0 0 0 0 5 15 23 24 1 0 13 11 0 56 11 0 14 67 15 33 34 0 0 1 0 0 0 0 0 11 50 0 0 5 0 6 11 0 0 0 0 12 11 0 0 1 0 0 0 0 0 0 0 0 0 0 2 0 0 0 0 0 0 0 0 0 0 0 0 0 0 0 0 0 0 0 0 5 0 0 40 1 0 0 0 0 0 0 0 20 0 0 0 0 0 0 0 0 0 0 0 0 0 0 8 0 0 0 8 0 0 0 0 
 0 0 0 30 0 157 0 0 2 0 4 0 0 0 4 2 3 4 2 1 243 155 480 0 269 101 167 137 107 122 199 129 53 256 306 216 40 80 87 140 1 0 2 2 2 5 0 4 4 0 0 0 27 2 0 0 0 2 125 0 0 5 2 9 3 0 0 0 3 0 2 0 1 0 0 0 10 0 3 0 0 0 0 0 0 0 0 0 0 0 2 0 0 0 0 0 2 0 0 0 0 13 6 0 17 0 7 11 21 21 10 28 16 0 0 23 34 18 0 12 5 11 9 1 0 0 2 0 0 0 0 0 24 15 17 0 0 0 14 9 0 0 0 0 0 4 0 0 0 0 0 0 0 0 0 0 0 0 0 0 0 0 0 2 0 0 0 0 0 0 0 0 0 0 0 5 0 0 0 0 0 0 68 62 0 20 0 25 14 14 19 12 1 0 13 12 14 19 0 0 39 8 0 0 0 0 0 1 18 0 9 0 2 20 19 0 25 1 8 18 0 0 0 0 0 0 0 0 0 0 0 0 0 0 0 0 0 0 0 2 0 0 16 0 0 0 0 0 0 0 0 0 0 0 25 0 2 77 0 1 4 1 0 0 0 0 22 0 0 0 0 0 0 0 0 0 0 0 0 34 0 3 0 0 0 0 0 0 0 0 
 0 0 0 8 0 0 0 0 3 0 0 0 4 2 0 0 0 0 1 15 49 131 176 269 0 315 66 46 465 244 311 133 133 99 411 104 681 107 296 295 0 0 67 0 6 0 0 6 2 0 3 0 2 2 0 6 0 3 30 0 0 3 2 4 6 2 0 0 3 0 0 4 2 1 0 3 5 0 12 0 0 0 0 0 0 0 0 0 0 0 0 0 0 0 0 0 0 0 0 0 29 6 0 21 12 8 9 14 0 27 11 27 22 5 9 48 32 11 0 0 13 0 16 0 0 0 21 9 0 0 0 8 10 0 12 0 0 0 9 1 0 0 0 0 0 0 0 0 0 0 0 0 0 0 0 0 0 0 0 5 0 0 0 0 0 0 0 0 0 0 0 0 0 0 0 0 0 0 0 0 12 21 1 36 0 1 0 16 10 15 27 7 0 32 21 30 1 46 0 0 14 2 0 0 0 0 0 6 10 0 0 13 8 0 11 0 0 0 0 2 0 0 0 0 0 0 0 0 0 0 0 0 0 0 0 0 0 0 0 0 0 0 0 0 0 0 0 0 0 0 0 0 0 0 23 0 1 43 2 3 52 0 0 2 0 0 14 0 0 0 0 0 0 0 0 0 0 0 0 18 0 20 0 0 0 0 0 0 0 0 
 204 0 0 0 0 0 0 0 0 76 0 0 2 0 0 0 3 0 0 202 37 27 119 101 315 0 31 30 46 76 94 61 36 53 133 167 133 38 53 133 69 0 0 2 7 0 2 4 0 64 2 1 25 2 0 54 0 2 182 21 3 5 2 5 3 3 0 0 3 0 0 0 2 0 0 0 3 0 3 0 0 0 0 0 0 0 0 0 0 0 0 0 0 0 0 0 0 0 0 0 0 21 0 0 1 19 0 0 0 18 1 27 13 0 0 0 9 11 0 0 16 10 20 1 0 0 25 1 0 9 18 0 30 23 28 0 18 0 13 18 0 0 0 0 0 0 0 0 0 3 0 1 5 0 0 0 0 0 0 0 0 0 0 0 0 0 0 0 0 0 0 0 0 0 0 5 0 0 0 0 0 0 20 32 2 16 0 17 8 11 19 18 0 0 5 9 35 0 0 0 43 12 29 2 0 7 0 1 18 4 37 28 57 21 34 0 9 0 8 18 0 0 0 0 0 0 0 0 9 0 0 0 0 0 0 0 0 0 0 0 0 0 0 0 0 0 0 0 0 0 0 0 0 0 7 0 0 75 0 0 5 0 0 0 0 0 18 0 0 0 0 0 0 0 0 0 0 0 0 2 0 0 12 0 0 0 0 0 0 0 
 0 0 73 80 41 143 1 0 77 283 137 142 2 0 0 0 67 3 0 2 61 192 84 167 66 31 0 84 154 49 344 36 237 166 40 330 308 316 81 109 0 0 0 0 2 0 0 3 0 70 0 5 0 233 0 0 0 1 0 0 0 0 2 4 3 0 0 0 3 0 11 0 1 0 0 0 1 0 3 0 0 0 0 7 10 0 0 0 0 21 12 13 0 11 10 13 0 26 0 0 0 12 15 0 9 0 19 13 10 24 2 0 0 13 23 0 0 0 0 20 0 0 0 0 0 0 0 0 0 0 0 0 0 0 0 0 0 0 0 0 0 0 0 0 0 1 0 0 0 0 0 0 0 0 21 0 0 2 0 0 0 0 0 1 0 12 0 0 0 0 0 12 2 0 0 0 0 13 0 1 29 14 6 45 0 0 27 40 6 8 0 0 2 5 11 0 13 9 30 11 0 0 0 0 0 0 0 0 0 0 13 0 0 0 0 0 0 2 0 0 0 0 0 0 0 0 0 0 1 0 2 0 0 0 0 0 0 0 0 0 0 0 0 0 0 0 0 0 0 78 9 34 0 0 13 0 3 0 0 4 0 0 0 0 0 0 0 0 0 0 0 0 0 0 0 10 0 0 0 0 0 0 0 0 0 0 0 0 0 0 
 0 0 0 0 0 0 83 0 0 0 0 0 1 0 0 0 209 0 2 0 333 67 524 137 46 30 84 0 446 200 71 77 369 234 147 72 48 240 132 123 0 0 0 0 2 4 0 3 0 0 0 0 0 2 17 0 0 1 0 0 0 0 2 0 3 0 0 0 3 0 30 0 0 0 0 0 0 0 3 0 0 0 0 0 0 14 0 0 0 0 0 0 1 0 0 0 0 0 0 0 15 1 11 7 1 12 4 18 2 0 3 0 12 0 17 18 8 23 0 23 1 0 15 0 0 0 0 0 0 0 0 0 0 0 9 0 0 0 17 1 0 0 0 0 0 0 0 0 0 0 0 0 0 0 0 0 0 0 0 16 0 0 0 0 11 15 0 0 0 0 0 4 0 0 0 0 0 1 0 0 0 20 13 0 12 0 0 17 9 0 15 0 0 1 40 12 36 66 0 12 0 0 0 0 0 0 0 2 0 0 0 0 10 0 0 0 0 0 0 1 0 0 0 0 0 1 0 0 0 0 0 0 0 0 0 0 0 0 0 0 0 0 0 0 0 0 0 0 0 0 0 0 0 0 15 2 0 1 1 0 3 0 0 0 0 0 0 0 0 0 0 0 0 0 0 0 0 0 0 0 0 24 0 0 0 8 0 0 0 0 
 2 0 0 1 0 75 0 1 114 0 0 0 2 1 2 0 0 0 0 0 41 114 304 107 465 46 154 446 0 172 102 180 69 147 246 86 105 214 133 168 0 2 0 4 2 0 0 5 0 9 0 2 31 0 62 0 0 3 124 64 0 5 3 8 3 0 0 5 3 5 0 0 0 0 0 0 7 0 2 0 0 0 2 0 0 0 0 0 0 1 13 0 0 0 0 0 0 0 0 0 22 44 20 39 31 0 8 27 0 33 1 44 0 13 51 3 0 69 0 0 18 0 0 1 0 0 39 0 0 22 0 0 9 13 3 0 0 0 21 15 0 0 0 0 0 0 0 0 0 0 0 0 0 0 0 0 0 0 0 1 0 0 0 0 6 0 0 0 0 0 0 3 0 0 0 2 0 0 0 0 0 9 16 20 12 2 11 9 0 22 31 11 0 8 16 15 43 27 0 0 2 0 0 0 0 0 17 2 0 0 0 0 18 9 2 0 0 0 12 11 0 0 1 0 0 0 0 0 2 0 0 0 0 0 0 0 0 0 0 0 0 0 0 0 0 0 0 0 0 0 0 0 0 0 12 1 0 81 0 0 0 2 15 0 0 0 1 0 0 0 0 0 0 0 0 0 0 0 0 3 0 7 0 0 27 0 0 0 0 0 
 0 0 0 0 0 2 73 0 0 0 0 1 0 0 0 0 0 0 2 0 110 51 168 122 244 76 49 200 172 0 84 55 81 117 318 162 109 34 106 191 0 0 2 0 2 0 0 5 3 0 1 0 0 1 0 0 0 1 62 4 3 0 3 0 3 0 0 0 3 0 0 0 2 0 0 0 3 2 4 0 2 0 0 0 0 0 0 23 0 0 0 0 0 0 0 0 0 0 0 0 9 28 35 24 12 0 0 12 0 24 8 14 31 13 20 32 40 22 0 0 15 2 0 0 2 0 0 2 0 0 0 0 11 0 9 6 0 6 27 12 0 0 0 0 0 0 0 0 0 0 0 0 0 0 0 2 0 0 0 0 2 0 0 0 2 0 0 0 0 0 0 1 0 0 0 0 0 0 0 0 1 18 39 64 20 11 0 22 0 11 12 52 0 12 12 29 39 32 0 0 0 7 0 0 0 0 64 0 0 0 0 0 8 10 0 0 0 0 11 24 0 0 0 1 0 0 0 1 0 0 0 0 0 0 0 0 0 0 0 0 0 0 0 0 0 1 0 0 0 0 0 0 0 0 6 3 1 160 81 0 2 0 0 0 0 0 0 0 0 0 0 0 0 0 0 0 0 0 0 27 0 0 0 0 0 0 9 0 0 0 
 3 6 3 5 3 95 3 11 3 3 6 3 5 3 3 3 5 3 3 3 120 231 337 199 311 94 344 71 102 84 0 155 282 28 141 91 81 138 47 145 2 0 0 0 2 1 0 4 1 2 0 17 55 2 0 0 0 2 123 61 0 5 2 12 6 0 0 0 3 0 0 0 1 0 0 0 16 0 3 0 0 0 0 0 0 0 0 0 0 0 18 0 0 0 0 0 0 0 0 0 1 14 7 0 12 0 7 25 25 11 13 36 2 0 0 24 0 9 0 32 11 10 10 2 0 0 0 0 0 0 0 0 15 23 19 0 0 0 1 29 0 0 0 0 0 0 0 0 0 0 0 0 0 0 0 0 0 0 0 0 0 0 0 0 0 0 0 0 0 0 0 0 0 0 0 5 0 0 0 6 0 2 12 58 12 20 1 44 12 0 10 1 0 0 19 0 25 9 0 0 34 0 0 0 0 0 0 1 20 0 9 1 12 42 20 0 17 24 22 19 0 0 0 0 0 0 0 0 0 0 0 0 0 0 11 0 0 0 0 0 0 0 12 0 0 0 0 0 0 0 0 0 0 0 4 1 0 0 1 1 4 0 0 0 0 0 29 0 0 0 0 0 0 6 0 0 0 0 0 0 0 7 0 0 0 0 0 0 0 0 
 1 1 0 0 1 1 2 2 0 0 1 0 3 2 1 0 0 0 0 0 123 115 254 129 133 61 36 77 180 55 155 0 27 251 96 42 53 342 40 24 3 4 0 0 6 5 62 7 2 3 0 0 62 1 0 0 0 3 1 66 0 0 2 2 3 0 0 0 30 0 0 0 1 2 0 0 2 25 3 0 0 0 0 0 0 0 20 0 0 0 0 0 0 0 0 0 0 0 0 0 1 14 1 10 42 0 0 12 3 13 3 5 0 0 9 4 17 27 0 0 16 1 0 13 0 0 27 0 0 0 0 0 0 36 20 0 0 0 23 0 0 0 0 0 0 0 0 0 0 0 0 0 0 0 0 0 0 0 0 0 0 0 0 11 0 0 0 0 0 0 0 0 0 0 0 0 0 1 0 0 16 2 13 0 54 34 0 0 21 0 29 0 0 0 29 13 0 1 0 0 18 1 1 0 5 0 0 12 0 0 9 0 25 0 45 0 10 0 12 0 0 0 0 0 1 1 0 0 0 0 0 2 0 0 0 0 0 0 0 0 0 0 0 0 0 0 0 0 2 0 0 0 20 0 9 2 3 0 71 2 6 0 0 0 0 0 0 0 0 0 0 0 0 0 0 0 0 0 0 0 0 6 0 0 0 0 0 0 0 2 
 0 2 32 113 75 75 0 0 0 76 91 1 0 1 0 0 74 0 13 0 205 33 267 53 133 36 237 369 69 81 282 27 0 176 209 22 73 28 175 112 0 0 0 0 2 0 0 5 0 0 0 0 0 1 2 0 0 1 26 0 0 0 3 0 3 0 0 0 3 59 2 0 2 0 0 0 2 1 3 0 0 0 0 6 0 63 0 0 0 0 0 0 1 0 0 0 0 0 0 0 76 20 37 8 27 0 12 31 0 24 1 0 22 0 13 8 13 55 28 33 0 0 0 0 0 0 0 0 0 0 0 0 0 0 0 0 0 0 0 0 0 4 0 0 0 4 0 0 0 0 0 0 0 0 0 0 0 0 0 0 0 0 0 9 20 19 0 0 0 0 10 35 3 0 0 0 1 1 0 0 32 9 7 0 0 0 9 12 3 20 55 0 18 0 68 15 20 23 11 14 0 0 0 0 0 0 0 0 0 0 0 0 0 0 0 0 0 0 0 0 0 0 0 0 0 0 0 0 0 0 0 0 0 0 0 0 0 0 0 0 0 18 0 0 0 0 1 0 0 0 0 0 0 0 11 1 0 0 0 1 2 15 14 0 0 0 0 0 0 0 0 0 0 0 0 5 0 0 0 0 0 0 0 0 0 0 0 0 0 0 
 0 3 1 21 221 0 2 0 0 0 141 0 0 2 82 0 5 76 1 0 196 212 76 256 99 53 166 234 147 117 28 251 176 0 447 384 202 44 498 405 0 0 0 0 2 1 0 5 1 0 0 0 0 0 1 0 0 2 0 0 0 37 6 0 3 0 0 2 3 0 0 0 1 0 0 0 0 0 3 0 0 0 0 0 0 36 0 0 0 0 9 0 0 0 0 0 0 0 2 0 22 12 20 1 0 0 29 25 9 0 9 0 24 0 0 12 0 0 27 2 0 0 0 0 0 0 0 0 0 0 0 0 0 0 0 0 2 0 0 0 0 0 7 0 0 0 2 0 0 0 2 0 0 0 0 0 0 0 0 0 0 0 0 9 11 37 0 0 0 1 19 17 0 0 0 0 0 20 0 0 9 1 40 0 0 0 19 12 22 0 0 11 1 2 37 1 34 21 0 32 0 19 0 0 0 0 0 2 0 0 0 0 0 0 0 0 0 0 0 0 0 0 0 0 0 0 0 7 0 0 0 0 0 0 0 0 0 0 0 0 0 0 9 0 0 0 0 0 0 0 0 0 0 0 19 0 3 0 0 1 1 0 0 0 0 0 0 0 0 0 0 0 0 0 0 9 0 53 0 0 0 7 0 0 0 0 0 0 0 0 
 5 3 3 10 3 3 6 6 5 3 4 3 3 7 5 3 3 3 5 3 277 91 174 306 411 133 40 147 246 318 141 96 209 447 0 146 128 37 175 263 0 0 62 0 2 7 0 3 0 0 0 0 0 2 1 0 0 2 0 31 9 0 2 0 3 0 0 0 3 0 0 0 2 0 0 0 2 9 3 0 0 0 0 0 0 0 0 0 0 0 0 0 0 0 0 0 0 0 0 0 39 8 14 31 0 1 28 44 13 53 24 0 46 27 1 42 67 5 0 1 0 0 0 0 0 0 2 0 0 0 0 0 0 0 9 0 0 0 23 0 0 0 0 0 2 0 0 0 0 0 0 0 0 0 0 0 0 0 0 1 0 0 0 0 7 0 0 0 0 0 0 4 0 0 0 0 0 4 0 0 0 25 18 24 10 0 0 25 1 12 7 16 0 42 26 24 25 36 0 14 0 0 0 0 0 0 0 1 0 0 0 0 0 0 0 0 0 0 0 15 0 0 0 0 0 0 0 0 0 0 0 0 0 2 0 0 0 0 0 0 0 0 0 0 0 0 0 0 0 0 0 0 0 0 6 0 2 96 2 2 1 0 0 0 0 0 0 0 0 0 0 0 0 0 0 0 0 0 0 11 0 9 0 0 0 0 18 0 0 0 
 2 0 0 7 24 76 0 3 4 1 0 0 2 0 0 0 2 0 5 0 336 145 71 216 104 167 330 72 86 162 91 42 22 384 146 0 172 63 143 167 1 0 68 0 3 1 0 3 0 1 2 1 0 2 0 1 1 3 74 0 0 0 2 0 3 0 0 12 3 3 0 0 0 0 0 0 0 5 3 0 0 0 0 0 14 10 0 0 0 0 0 0 0 0 0 0 0 0 0 0 19 3 11 0 0 5 1 26 9 28 20 0 33 12 0 40 29 38 0 22 0 0 0 0 0 0 2 0 7 0 0 0 0 0 0 0 2 0 12 30 0 0 2 0 0 22 0 2 0 0 0 0 0 0 0 0 0 0 0 0 0 19 0 0 0 0 0 0 0 0 0 0 0 0 0 0 0 7 0 0 0 2 36 23 0 0 25 55 18 65 0 29 0 23 10 8 16 6 10 14 0 0 0 0 0 12 0 0 0 0 0 0 0 0 0 0 0 0 9 8 0 0 0 0 0 0 0 0 0 0 0 0 0 2 0 0 0 0 0 0 0 0 9 0 0 0 0 0 0 1 0 0 0 0 12 0 1 18 0 2 2 24 0 0 0 0 0 0 0 0 0 0 0 0 0 0 0 0 0 31 0 7 0 0 0 0 0 0 0 0 
 0 2 0 1 56 109 0 0 3 0 20 0 2 0 0 0 0 0 0 0 261 70 128 40 681 133 308 48 105 109 81 53 73 202 128 172 0 107 186 124 0 0 0 9 2 0 0 3 0 5 0 0 0 210 1 0 0 4 0 0 3 0 3 0 3 0 0 0 3 6 0 0 2 2 0 0 2 1 3 0 0 0 0 0 15 31 0 0 0 0 0 0 0 0 21 34 0 0 0 0 16 0 21 0 1 10 8 1 10 10 19 26 30 15 16 11 13 1 7 22 0 0 0 0 0 0 0 0 0 0 0 0 0 0 0 0 0 0 0 1 0 0 0 0 0 5 0 0 0 0 0 0 0 0 0 0 0 0 0 0 0 0 0 0 9 2 0 0 0 0 1 0 0 0 0 0 0 19 0 0 0 33 38 0 0 0 18 27 34 24 0 13 0 7 10 17 21 21 8 30 0 0 0 0 0 0 0 6 0 8 0 2 0 0 0 0 0 0 0 1 0 0 0 0 0 2 0 0 0 0 0 0 0 0 0 0 0 0 0 0 0 9 0 0 0 0 0 0 0 0 0 0 0 0 10 0 0 2 0 2 0 15 0 0 0 0 0 0 0 0 0 0 0 0 0 0 0 0 0 0 0 0 0 0 0 8 3 0 0 0 
 1 0 0 1 0 76 0 0 0 0 2 2 0 0 0 0 0 4 1 1 283 149 281 80 107 38 316 240 214 34 138 342 28 44 37 63 107 0 38 30 0 0 61 7 2 0 0 4 2 7 2 9 66 2 0 0 0 2 63 22 0 6 2 5 3 0 0 4 3 5 0 0 2 0 52 0 11 0 3 0 0 0 0 0 0 0 0 0 0 0 0 0 0 0 0 0 0 6 0 0 0 10 19 32 45 13 23 10 0 5 31 49 0 16 12 0 0 40 0 0 48 21 0 0 0 0 75 0 0 0 0 1 2 26 1 0 0 0 18 13 0 0 0 0 0 0 0 0 0 4 0 0 1 0 0 0 0 0 0 0 0 9 0 0 0 0 0 0 0 0 0 0 2 0 0 4 0 0 0 3 0 0 3 40 33 44 19 0 0 38 28 9 0 25 0 0 0 1 0 0 3 7 0 0 0 1 9 18 12 0 1 0 26 21 16 0 0 0 24 11 0 0 0 0 0 0 0 0 0 0 0 0 0 0 1 0 0 0 0 0 0 0 0 0 0 2 0 0 0 0 0 0 0 0 15 0 0 76 1 1 6 3 0 0 0 0 3 0 0 0 0 0 0 0 0 0 0 0 0 0 0 0 0 0 0 0 0 0 0 0 
 3 3 78 43 159 154 5 78 79 40 84 84 5 3 3 29 3 75 3 79 191 160 453 87 296 53 81 132 133 106 47 40 175 498 175 143 186 38 0 89 1 2 28 3 2 1 0 7 7 0 3 1 4 1 0 0 1 5 3 0 0 0 2 0 6 0 0 3 5 1 2 0 4 4 5 0 0 0 6 3 0 0 13 1 26 22 0 0 0 9 25 19 0 0 14 20 0 0 0 0 14 8 0 0 0 30 10 0 13 0 15 0 47 0 0 0 2 0 27 45 0 0 0 0 10 2 0 0 0 0 0 0 0 0 0 0 0 0 0 0 0 0 6 2 0 0 0 0 0 0 0 0 0 0 0 0 1 1 1 0 23 18 2 10 6 63 0 0 0 0 30 8 0 0 0 0 14 12 0 0 45 2 20 0 0 0 42 15 10 1 0 13 23 7 7 9 0 0 0 21 0 0 0 1 0 0 0 6 2 0 0 0 0 0 0 0 0 0 0 0 0 0 1 0 0 0 0 0 0 2 0 0 0 0 0 0 0 0 1 0 0 19 0 0 0 0 0 0 1 7 0 0 0 0 4 0 2 0 0 1 0 1 0 0 0 1 0 0 0 0 0 0 0 0 0 0 0 7 0 0 0 0 0 0 0 7 0 0 0 0 
 0 0 74 0 105 2 0 0 76 111 4 75 0 0 0 0 0 72 2 0 42 126 90 140 295 133 109 123 168 191 145 24 112 405 263 167 124 30 89 0 0 0 69 0 2 0 0 5 0 3 1 3 0 1 63 1 0 4 2 0 0 0 6 0 7 0 0 0 3 0 0 0 1 0 0 0 1 1 3 0 0 0 0 14 12 0 0 0 0 0 9 0 0 0 0 0 0 0 0 0 33 44 24 34 30 0 0 12 11 33 24 0 27 0 16 49 3 13 10 0 0 0 0 0 0 0 0 0 0 0 13 0 0 0 0 0 0 0 26 0 0 0 0 0 0 0 0 0 0 0 0 0 0 0 0 0 0 0 0 0 0 0 0 9 17 64 0 0 0 9 1 14 0 0 0 2 7 0 0 0 13 8 2 29 0 0 13 38 23 22 13 31 14 13 13 25 44 46 0 2 0 0 0 0 0 0 0 0 0 0 0 0 0 0 0 0 0 0 0 0 0 0 0 0 0 0 0 0 0 0 0 0 0 0 0 0 0 0 0 0 0 0 11 0 0 0 1 0 0 0 0 0 0 0 15 2 3 13 1 0 4 0 0 0 0 0 0 0 0 0 0 0 0 0 0 0 0 8 0 11 0 0 0 0 0 0 9 0 0 0 
 0 3 0 0 0 0 0 0 0 0 0 0 0 0 0 0 0 0 0 0 0 0 0 1 0 69 0 0 0 0 2 3 0 0 0 1 0 0 1 0 0 154 164 292 45 35 195 458 116 77 323 79 90 342 119 104 428 35 96 357 0 0 0 0 0 0 0 0 0 0 0 4 0 0 0 0 0 0 0 0 0 0 0 0 0 0 0 0 0 0 1 0 0 0 0 0 0 0 0 7 0 0 0 0 0 17 0 0 0 0 0 0 0 0 0 0 0 0 17 0 0 28 13 0 0 8 11 7 0 8 1 0 21 14 0 44 7 33 0 40 0 0 0 0 0 0 0 10 0 0 5 0 16 0 0 0 0 0 4 0 0 0 0 0 0 0 0 0 0 4 10 0 0 0 0 0 0 0 0 0 0 0 0 0 0 0 0 0 0 0 0 0 0 0 0 0 0 0 0 0 4 9 18 5 44 10 0 10 0 17 11 22 0 26 10 0 5 21 9 0 16 0 0 0 0 0 4 0 0 0 0 0 0 7 0 0 0 0 0 0 0 0 0 0 0 0 0 0 0 0 0 4 0 13 0 1 0 0 0 0 0 0 2 1 2 18 2 1 1 0 0 0 0 0 0 0 0 0 0 0 0 0 10 0 13 15 0 9 0 0 
 0 2 0 0 0 0 0 0 3 0 0 0 1 0 0 0 0 0 0 0 0 0 0 0 0 0 0 0 2 0 0 4 0 0 0 0 0 0 2 0 154 0 193 79 102 47 78 394 212 129 17 36 134 86 73 264 513 253 44 79 0 0 0 0 51 0 2 0 0 0 0 0 56 0 0 0 0 0 31 0 0 0 0 0 0 0 0 0 0 0 0 0 0 0 0 4 0 0 0 0 0 0 0 0 0 0 0 0 0 0 0 1 0 11 0 0 0 0 0 0 0 6 16 24 12 9 15 25 12 15 21 37 10 0 9 29 22 6 0 9 24 1 0 0 0 0 9 14 3 0 7 0 16 1 14 0 0 0 17 11 0 0 0 0 0 0 0 0 1 0 0 0 0 0 0 0 0 0 0 0 0 0 0 0 0 0 0 0 0 0 10 0 0 0 0 0 0 0 0 0 9 29 6 5 16 16 40 0 0 8 7 10 0 0 7 7 0 9 1 0 10 7 0 2 0 0 14 0 0 0 0 0 0 10 1 0 10 0 0 8 0 0 0 0 0 0 0 0 0 0 0 3 0 0 0 0 0 0 0 0 0 0 0 0 0 2 0 0 0 0 0 1 0 0 0 0 0 0 0 0 0 0 0 0 19 15 0 8 0 0 
 0 0 0 0 0 0 0 0 0 0 0 0 0 4 4 0 0 0 0 0 0 0 102 2 67 0 0 0 0 2 0 0 0 0 62 68 0 61 28 69 164 193 0 195 50 32 117 166 108 140 154 250 141 111 136 59 204 151 61 118 0 0 0 0 0 0 1 0 0 0 0 3 0 2 0 3 0 0 0 0 0 0 0 0 0 0 0 0 0 0 0 0 0 1 0 0 0 0 0 0 6 0 0 0 0 12 0 0 0 0 14 0 11 0 0 11 10 0 0 0 0 0 10 3 0 8 9 8 0 0 0 0 1 0 0 17 11 4 11 0 0 0 0 0 0 0 0 10 0 0 4 0 10 0 0 0 0 0 4 0 0 0 0 0 0 0 0 0 1 1 6 0 0 0 0 0 0 0 0 0 0 0 0 14 0 0 0 5 9 8 0 10 0 8 13 15 0 0 0 0 0 6 0 1 14 6 20 38 0 11 13 20 0 0 6 22 10 0 0 0 0 0 0 0 0 0 4 0 0 0 0 0 0 7 0 0 0 0 0 0 0 0 0 0 0 0 0 0 0 0 0 4 0 0 0 0 0 62 0 1 0 0 0 16 2 2 0 1 0 0 0 0 0 0 0 0 0 0 0 0 0 0 0 0 11 6 0 0 0 3 
 3 3 3 3 5 6 3 3 3 3 3 3 3 3 3 3 5 6 3 3 0 0 0 2 0 2 0 0 4 0 0 0 0 0 0 0 9 7 3 0 292 79 195 0 92 37 163 196 180 164 385 128 94 138 302 262 190 85 370 144 61 25 0 0 0 0 51 0 0 0 0 1 0 0 0 0 0 0 56 50 0 0 0 0 0 0 0 0 0 0 9 0 0 0 0 0 0 0 0 0 0 3 7 0 0 0 9 0 0 8 0 6 0 7 6 0 0 0 0 0 0 15 1 23 0 13 0 21 1 0 16 0 1 0 0 16 16 3 0 1 0 0 0 0 0 0 0 11 0 0 0 0 0 0 0 0 0 0 30 10 0 0 0 0 0 0 0 0 0 0 0 10 0 0 0 0 0 0 0 0 0 4 0 1 0 0 0 0 0 10 0 0 0 9 0 0 1 0 0 0 0 6 24 33 3 5 8 1 0 0 43 33 0 0 0 21 28 20 1 0 0 0 8 0 0 0 17 0 1 0 0 0 0 7 2 0 0 0 12 1 0 0 9 0 0 0 0 0 0 0 0 6 0 0 0 0 0 0 0 2 0 12 39 66 0 9 1 32 0 0 0 0 0 0 10 0 0 0 0 0 0 0 0 0 0 11 0 0 0 0 
 0 0 0 3 0 0 0 2 0 0 70 0 2 1 0 0 3 0 0 0 2 3 64 2 6 7 2 2 2 2 2 6 2 2 2 3 2 2 2 2 45 102 50 92 0 443 259 284 106 349 87 52 85 55 78 94 70 273 71 106 23 50 57 1 0 0 102 0 59 0 0 0 83 51 0 109 23 261 49 21 0 0 0 0 0 0 0 0 0 0 0 0 0 0 0 0 0 0 0 0 0 0 0 0 0 5 0 0 0 0 0 0 0 0 0 0 0 0 0 0 5 0 2 0 24 16 5 8 0 1 1 6 12 10 13 0 0 0 0 0 12 0 0 0 9 0 21 10 1 0 17 18 0 15 22 0 15 0 7 11 0 0 0 0 0 0 0 0 0 0 28 0 0 0 0 0 0 0 0 0 0 0 0 0 0 0 0 0 0 0 0 0 0 0 0 0 0 0 0 0 3 0 6 0 0 11 0 8 36 0 0 3 6 0 5 0 0 0 0 0 20 26 0 32 0 0 18 0 0 12 23 44 10 29 3 0 46 38 22 4 0 0 0 0 0 0 0 0 0 0 0 0 0 0 0 0 0 0 0 1 0 0 2 0 2 4 2 0 0 0 0 0 0 0 0 0 0 0 0 0 0 0 0 0 0 0 0 0 21 0 
 3 4 5 3 3 68 3 3 3 3 5 3 4 9 3 3 5 3 3 3 7 0 4 5 0 0 0 4 0 0 1 5 0 1 7 1 0 0 1 0 35 47 32 37 443 0 251 34 298 271 139 55 98 50 43 66 74 54 123 115 29 126 0 4 0 0 51 0 51 0 0 0 51 71 0 55 90 0 0 72 0 0 0 0 0 0 0 0 0 0 0 0 0 0 0 0 7 0 0 0 0 0 0 0 0 0 0 13 0 0 0 0 0 0 1 0 2 9 0 0 0 0 0 0 12 0 0 0 0 0 0 0 0 0 0 0 0 1 6 0 26 41 9 0 1 0 57 11 2 0 27 34 3 19 25 21 11 0 9 6 0 0 0 0 0 1 0 0 0 0 0 0 0 1 0 0 0 0 0 0 0 0 10 0 7 0 0 0 0 0 7 0 0 0 8 0 0 1 0 0 0 0 0 0 0 9 0 0 0 0 0 0 0 0 0 0 0 0 2 0 34 74 0 21 0 0 6 14 0 25 13 19 3 11 42 0 21 19 31 19 0 0 1 0 0 0 0 0 0 0 0 0 1 0 0 0 0 0 2 0 0 0 0 0 1 12 5 0 0 0 11 0 0 0 0 0 0 0 0 0 0 8 0 0 0 0 0 0 10 19 
 116 0 0 5 0 0 0 37 0 0 3 0 0 120 0 0 0 0 4 0 0 0 1 0 0 2 0 0 0 0 0 62 0 0 0 0 0 0 0 0 195 78 117 163 259 251 0 349 115 38 74 94 327 124 49 57 103 136 135 129 0 0 0 0 0 4 0 0 2 0 0 2 0 0 0 3 1 4 0 27 0 0 0 0 0 0 0 0 0 0 0 0 0 0 0 0 0 0 0 0 0 0 0 0 19 0 0 0 0 0 0 0 0 0 0 0 0 0 0 0 0 21 23 30 8 11 0 26 48 9 0 9 0 18 7 0 11 3 18 0 0 0 0 21 0 15 0 0 0 0 0 2 0 0 0 0 0 0 16 0 0 0 0 0 0 0 0 0 0 0 5 0 0 0 0 0 0 0 0 0 0 0 0 0 18 0 0 0 0 0 0 0 0 0 0 0 0 0 0 0 7 29 23 35 11 10 8 3 18 17 60 15 8 34 3 10 21 1 0 0 0 0 0 0 0 10 0 0 0 0 1 0 20 0 0 0 3 0 0 1 0 0 0 0 0 0 0 0 0 0 0 6 0 0 0 0 0 0 0 0 0 0 0 68 0 7 2 0 0 0 16 0 0 0 0 0 0 0 0 0 0 0 0 0 0 0 0 0 0 0 
 2 5 2 6 0 0 0 8 4 2 0 2 0 3 0 0 0 2 7 0 5 3 5 4 6 4 3 3 5 5 4 7 5 5 3 3 3 4 7 5 458 394 166 196 284 34 349 0 239 90 340 100 107 134 71 52 187 134 78 57 0 0 0 0 0 0 0 4 0 0 0 5 0 0 34 0 6 0 0 1 0 0 0 0 0 0 0 0 0 0 0 0 13 0 0 0 0 0 0 0 0 0 0 0 3 0 0 0 0 0 0 0 0 0 0 0 0 0 0 0 0 13 0 0 1 13 0 13 7 0 10 14 0 0 0 5 13 27 0 0 0 1 0 0 7 0 0 8 0 0 6 6 0 0 0 0 9 6 0 0 0 0 0 0 0 0 0 0 0 0 0 0 0 0 0 0 0 0 0 0 0 0 0 0 0 0 0 0 0 0 0 0 8 0 0 0 0 0 0 0 7 9 10 24 70 8 0 0 7 1 23 0 0 10 0 1 21 9 0 0 0 0 10 0 6 0 12 0 0 6 0 0 11 20 0 0 0 8 11 0 0 0 0 0 0 0 0 0 0 2 0 5 0 0 0 0 0 0 1 0 0 0 2 0 2 2 0 65 0 0 11 9 0 0 2 0 0 0 0 0 0 0 0 0 0 50 0 1 0 0 
 4 3 2 2 5 2 4 2 5 2 2 2 2 3 4 2 2 4 2 2 64 0 0 4 2 0 0 0 0 3 1 2 0 1 0 0 0 2 7 0 116 212 108 180 106 298 115 239 0 160 86 163 93 89 162 61 392 182 75 98 0 54 0 0 17 2 51 5 3 0 3 6 24 0 3 0 0 0 51 5 0 0 0 0 0 0 0 0 0 0 0 0 0 0 0 0 0 0 6 0 0 0 0 5 0 0 2 0 5 0 0 0 0 0 0 0 0 0 0 0 0 30 0 0 10 38 0 10 9 0 0 16 0 0 0 11 8 13 1 0 0 0 0 0 0 0 11 19 0 0 0 0 11 10 0 0 4 0 0 6 0 0 0 0 0 0 0 0 0 0 0 0 0 0 0 0 0 0 0 0 0 0 0 0 1 5 0 0 0 0 0 3 0 0 0 0 0 0 0 0 8 19 19 20 20 22 0 1 8 0 15 17 0 10 0 10 17 0 5 4 0 0 0 0 0 0 23 0 0 0 0 0 7 15 0 0 10 0 5 0 0 0 0 0 0 0 0 0 0 0 0 10 0 0 0 0 0 0 5 2 0 1 0 0 1 0 2 1 2 0 7 0 0 0 0 0 0 0 0 0 0 2 0 0 0 0 0 0 0 0 
 0 0 0 0 0 7 0 0 4 0 0 0 0 3 0 0 0 0 0 0 0 35 36 0 0 64 70 0 9 0 2 3 0 0 0 1 5 7 0 3 77 129 140 164 349 271 38 90 160 0 85 69 97 389 113 210 213 336 172 193 0 0 0 0 0 0 22 0 0 0 0 2 54 0 0 0 0 0 0 42 0 0 0 0 0 0 0 0 0 0 0 4 0 0 4 0 0 0 0 0 0 6 2 0 2 13 6 0 0 7 0 4 0 4 4 0 0 0 0 0 0 18 0 0 0 12 8 29 0 0 0 0 14 8 18 39 7 6 0 19 0 0 0 0 0 0 3 12 13 15 6 0 53 5 0 0 0 0 3 5 0 0 0 0 0 0 0 0 0 0 0 0 1 0 0 0 0 0 0 0 0 1 0 7 0 0 2 0 0 9 0 0 0 6 0 0 0 0 0 0 19 16 29 30 32 26 0 0 0 9 0 13 0 1 3 6 0 0 0 0 5 0 0 0 0 0 9 0 30 0 0 0 0 20 0 0 26 0 0 1 0 0 0 0 0 0 0 0 0 0 0 2 0 1 0 0 0 0 0 0 0 0 13 0 3 3 0 2 0 0 0 0 0 0 0 0 0 0 0 0 0 0 0 0 9 0 0 0 0 0 
 0 0 0 0 0 0 0 0 0 0 0 0 0 3 0 0 0 0 0 0 0 0 3 0 3 2 0 0 0 1 0 0 0 0 0 2 0 2 3 1 323 17 154 385 87 139 74 340 86 85 0 135 42 58 81 87 428 361 116 118 54 18 4 0 0 0 52 1 1 0 0 4 0 0 0 0 0 4 53 49 0 0 0 0 0 0 0 0 0 0 0 0 0 0 0 0 0 0 0 0 0 0 0 0 0 0 0 0 0 0 0 0 0 0 0 0 0 0 0 0 5 13 1 71 1 9 5 58 0 0 0 0 7 0 27 11 30 23 0 0 0 0 0 0 0 0 4 13 0 0 0 0 11 0 0 4 0 0 30 0 0 0 0 0 0 0 0 0 0 0 0 0 0 0 0 0 0 0 0 0 0 0 0 0 0 0 0 0 0 0 0 0 0 0 0 0 0 0 0 0 1 21 21 24 21 9 8 8 7 0 33 37 4 10 4 20 14 0 0 9 20 1 0 0 0 0 19 0 0 3 0 0 0 16 13 0 17 0 0 0 0 0 0 0 0 0 0 0 0 0 0 5 0 1 0 0 0 0 0 1 0 0 1 70 2 7 0 1 0 0 0 0 0 0 0 0 0 0 0 0 0 0 0 0 0 0 0 0 0 0 
 0 0 0 0 2 0 0 0 0 0 1 0 0 2 0 0 0 3 0 0 0 2 0 0 0 1 5 0 2 0 17 0 0 0 0 1 0 9 1 3 79 36 250 128 52 55 94 100 163 69 135 0 84 44 45 25 246 111 251 30 0 0 0 0 0 0 0 0 0 0 0 0 0 0 0 1 0 0 2 0 0 0 0 0 1 0 0 0 0 0 0 0 0 0 0 0 0 0 0 0 0 4 4 0 7 0 0 0 1 8 1 0 0 0 2 1 0 0 0 0 0 8 10 0 16 20 0 15 18 20 17 0 0 13 0 13 16 10 0 0 0 0 0 0 0 0 0 6 10 0 1 0 1 0 0 0 0 0 11 4 0 0 0 0 0 0 0 0 11 4 0 0 0 0 0 0 0 0 0 0 0 0 0 4 0 0 4 0 1 11 0 0 3 0 0 0 1 2 0 0 7 0 10 31 10 1 1 0 7 1 13 8 0 19 0 5 15 12 0 0 10 0 0 0 0 0 0 0 0 0 0 0 9 0 0 18 0 0 0 0 0 0 21 0 0 0 0 0 0 0 0 2 0 0 0 0 0 0 0 9 0 0 2 0 1 14 4 64 0 2 9 0 0 0 0 0 0 0 0 0 0 1 0 0 0 13 0 12 0 0 
 3 3 3 3 3 3 3 3 3 3 3 3 3 3 3 3 3 3 91 3 0 74 58 27 2 25 0 0 31 0 55 62 0 0 0 0 0 66 4 0 90 134 141 94 85 98 327 107 93 97 42 84 0 189 36 120 56 90 231 351 8 4 2 0 0 0 3 1 0 2 3 0 0 0 0 1 0 0 0 0 0 0 0 0 0 0 0 0 0 0 0 12 0 0 1 0 0 0 0 0 0 19 0 0 0 0 0 0 0 0 0 29 0 0 0 0 0 10 0 0 17 37 21 0 26 25 2 7 32 3 0 4 76 19 41 18 0 0 3 8 22 3 7 0 0 0 0 0 0 7 16 0 1 6 0 0 0 0 12 0 0 0 0 0 0 0 0 0 0 0 0 0 0 0 0 5 0 0 0 0 0 0 23 0 16 0 0 0 0 0 0 0 0 0 0 0 18 0 0 0 2 0 6 23 17 16 24 36 21 1 0 0 4 44 35 31 0 12 21 21 25 0 13 0 0 0 0 12 12 0 0 0 10 0 1 5 0 0 0 7 0 0 0 0 0 0 0 0 0 0 0 2 0 0 0 0 0 0 0 0 0 0 2 0 0 3 16 0 4 0 6 0 0 0 0 0 0 0 0 0 0 0 0 0 11 0 0 0 0 0 
 0 2 63 0 2 1 0 0 3 60 38 64 0 0 0 1 37 0 0 0 1 2 1 2 2 2 233 2 0 1 2 1 1 0 2 2 210 2 1 1 342 86 111 138 55 50 124 134 89 389 58 44 189 0 86 129 24 115 321 113 0 0 0 0 0 0 2 0 0 0 0 0 2 0 0 0 0 24 3 0 0 0 0 0 0 0 0 0 0 8 19 0 0 0 0 3 0 4 0 0 0 0 0 0 0 1 13 0 0 0 0 0 0 3 0 0 0 0 0 6 0 32 17 0 2 0 10 18 1 21 0 0 18 11 13 39 0 0 0 20 10 0 0 0 0 0 0 0 0 0 11 0 9 0 0 0 0 0 19 0 0 0 0 0 18 0 0 0 0 0 0 0 0 0 0 0 0 0 0 0 0 0 0 0 0 0 0 0 0 0 0 1 0 0 0 0 0 0 0 0 15 57 19 21 13 46 11 11 7 12 0 11 4 8 7 24 2 11 0 0 0 0 0 0 0 0 0 0 0 0 0 0 0 0 0 0 0 0 0 11 0 0 0 0 0 0 0 0 0 62 0 4 0 0 0 0 0 0 2 0 0 0 0 2 0 2 1 0 0 0 0 0 0 0 0 0 0 0 0 0 0 0 6 0 6 15 0 0 0 0 
 0 0 2 0 0 0 0 0 0 0 2 0 0 0 0 0 0 0 3 0 2 57 0 0 0 0 0 17 62 0 0 0 2 1 1 0 1 0 0 63 119 73 136 302 78 43 49 71 162 113 81 45 36 86 0 332 115 60 171 139 1 0 10 0 0 0 0 0 0 0 0 1 0 0 0 0 0 0 0 0 0 0 0 0 0 25 0 0 0 0 0 0 11 0 0 0 0 0 0 21 10 6 0 8 8 0 0 0 8 0 0 0 1 0 0 1 0 0 10 0 0 0 1 59 1 9 18 0 14 0 0 15 0 1 0 0 6 11 0 1 0 0 0 0 0 0 0 0 0 0 0 0 0 0 0 0 5 0 0 0 0 0 0 0 7 0 0 0 0 0 5 0 0 0 0 0 0 0 0 0 0 0 0 0 0 27 0 7 17 0 0 0 0 0 10 0 14 10 0 10 7 0 0 3 0 0 8 6 7 12 10 0 1 1 14 2 11 21 5 3 0 0 10 0 0 0 0 0 0 0 0 0 11 0 0 0 0 0 11 0 0 0 0 0 0 0 0 0 0 26 0 2 0 1 0 0 0 0 0 0 0 0 3 64 0 0 0 0 0 0 11 0 0 0 0 2 0 0 0 0 0 0 0 0 11 0 0 0 0 5 
 1 3 3 3 3 2 3 2 5 3 4 5 2 6 3 3 3 2 3 2 0 0 0 0 6 54 0 0 0 0 0 0 0 0 0 1 0 0 0 1 104 264 59 262 94 66 57 52 61 210 87 25 120 129 332 0 63 79 54 203 2 0 0 2 0 3 50 0 18 1 21 0 23 0 0 1 8 2 51 0 0 0 0 0 0 0 11 0 0 0 0 0 0 0 0 0 0 0 0 0 0 0 0 6 4 7 0 0 0 0 0 0 0 0 0 0 3 0 0 0 0 2 11 0 4 21 17 33 35 18 20 18 21 8 0 1 10 17 17 0 10 4 0 5 0 3 11 0 0 10 19 7 9 11 0 0 2 0 27 7 0 0 0 0 0 0 0 1 10 0 0 0 0 0 0 0 0 0 0 0 0 0 0 0 0 0 14 0 0 0 0 0 0 0 0 0 21 0 0 0 0 7 8 21 0 12 27 1 9 28 0 10 0 29 7 3 2 2 15 0 9 2 0 0 5 3 11 6 0 0 0 0 0 4 0 0 12 0 0 6 0 0 0 0 0 0 0 0 0 0 0 9 0 0 1 0 0 0 0 1 0 0 0 0 1 1 3 0 1 0 0 0 0 0 0 0 0 0 0 0 0 0 0 0 0 0 0 10 0 0 
 0 0 3 0 0 0 0 0 0 0 0 0 1 2 0 0 0 0 0 0 0 0 4 0 0 0 0 0 0 0 0 0 0 0 0 1 0 0 1 0 428 513 204 190 70 74 103 187 392 213 428 246 56 24 115 63 0 210 154 62 0 0 0 0 2 0 50 0 0 0 0 5 4 0 0 0 0 2 4 0 0 0 0 0 0 0 0 0 0 0 0 0 0 0 0 0 0 0 0 0 0 13 0 0 0 0 0 0 0 0 0 0 0 0 0 0 0 0 0 0 13 39 1 29 14 17 0 10 11 0 16 14 0 0 0 20 35 72 0 0 8 0 0 0 0 0 0 30 0 0 0 0 0 0 5 0 6 0 0 0 0 0 0 0 0 0 0 0 0 0 10 0 0 0 0 0 19 0 0 0 0 0 0 0 0 0 0 20 0 0 0 0 0 0 0 0 0 0 0 0 1 18 24 20 25 16 7 20 1 20 17 1 0 10 0 20 21 11 0 0 13 4 0 0 0 0 28 0 0 0 0 0 12 16 0 0 0 0 0 9 0 0 0 0 0 0 0 0 0 0 0 2 0 2 0 0 0 0 0 0 0 0 2 68 0 0 0 72 0 0 13 0 0 0 0 0 0 0 0 0 0 0 0 0 3 10 0 0 0 0 
 66 3 3 2 1 2 40 2 73 3 1 2 7 6 1 0 1 3 3 1 3 4 2 2 3 2 1 1 3 1 2 3 1 2 2 3 4 2 5 4 35 253 151 85 273 54 136 134 182 336 361 111 90 115 60 79 210 0 242 53 0 0 1 0 0 0 0 0 0 0 0 3 2 0 0 0 0 0 0 0 0 0 0 0 0 0 25 5 24 0 0 0 0 2 0 0 0 0 21 0 0 0 0 0 0 0 0 0 0 0 0 0 0 0 0 0 0 0 0 0 0 31 10 0 31 13 0 19 10 0 0 0 0 0 0 1 0 0 0 0 0 0 0 0 0 2 0 0 0 0 11 0 0 0 0 0 0 1 7 0 9 0 12 0 0 0 26 0 14 0 0 0 0 9 0 0 0 0 0 0 0 14 0 0 0 0 0 0 0 0 0 0 0 0 0 0 0 0 0 0 6 3 3 33 0 2 1 0 9 0 9 0 0 0 0 49 0 0 0 0 0 0 1 0 1 0 0 0 0 1 0 0 15 13 0 0 0 0 0 0 0 0 0 0 0 0 0 0 0 3 0 2 0 0 0 0 0 2 0 9 0 0 6 0 0 0 1 2 0 0 16 0 0 0 0 0 0 0 0 0 0 0 0 0 0 0 0 0 0 0 
 0 2 0 0 0 0 0 0 0 2 0 0 0 0 0 0 0 0 0 0 0 61 24 125 30 182 0 0 124 62 123 1 26 0 0 74 0 63 3 2 96 44 61 370 71 123 135 78 75 172 116 251 231 321 171 54 154 242 0 285 0 10 0 11 0 0 49 0 3 0 0 0 0 1 0 1 9 1 0 0 11 0 0 0 0 0 0 0 0 0 0 0 0 0 0 0 0 0 0 0 0 20 0 20 0 8 0 0 0 18 1 2 0 0 0 1 0 3 0 0 16 0 1 12 0 0 39 0 0 9 10 0 11 15 0 0 38 0 0 1 0 0 0 0 5 0 0 0 0 0 0 6 12 0 0 0 2 0 0 0 0 0 0 0 0 0 0 0 1 1 3 0 0 0 0 0 0 0 0 0 0 0 19 20 1 11 0 18 0 17 10 0 0 0 0 0 22 0 0 0 0 10 6 0 0 4 5 14 0 18 6 9 10 0 7 22 15 0 1 0 0 0 0 0 6 0 0 0 0 3 0 0 0 0 0 0 9 0 0 0 0 0 0 0 0 0 0 0 0 0 0 2 0 0 0 0 0 0 0 0 0 0 0 4 0 1 23 0 67 0 0 0 0 0 0 0 0 0 0 8 0 0 0 0 0 0 0 0 0 0 
 0 0 0 0 0 0 0 0 0 0 0 0 0 0 0 0 0 0 0 0 0 86 0 0 0 21 0 0 64 4 61 66 0 0 31 0 0 22 0 0 357 79 118 144 106 115 129 57 98 193 118 30 351 113 139 203 62 53 285 0 0 0 0 0 0 0 3 0 0 0 0 0 0 0 0 0 0 0 0 0 0 0 0 0 0 0 0 0 0 0 13 0 0 0 0 0 0 0 0 0 0 1 0 11 11 16 0 0 0 0 0 8 0 0 0 0 0 4 0 0 11 6 0 19 0 0 22 31 7 29 8 0 27 11 0 0 38 1 1 0 14 0 0 0 0 0 0 0 0 8 0 0 14 0 0 6 0 0 33 0 0 0 0 0 0 0 0 0 0 0 0 0 0 0 0 0 0 0 0 0 0 0 0 0 11 10 0 0 0 0 0 0 0 0 0 0 1 0 0 0 0 7 49 14 57 0 26 1 0 13 11 27 28 0 20 11 8 9 12 0 0 0 4 0 0 0 1 0 0 0 0 0 0 0 0 0 0 0 0 8 0 0 0 0 0 0 0 0 0 0 0 0 0 0 0 0 0 0 2 0 0 0 1 68 2 11 2 0 1 0 0 0 0 0 0 0 0 0 0 0 0 0 0 0 0 0 0 0 0 0 
 0 0 0 0 0 0 0 0 0 0 0 0 0 0 0 0 0 46 2 0 4 0 0 0 0 3 0 0 0 3 0 0 0 0 9 0 3 0 0 0 0 0 0 61 23 29 0 0 0 0 54 0 8 0 1 2 0 0 0 0 0 395 83 106 131 100 231 292 42 246 91 45 467 83 84 130 61 23 80 152 0 0 0 0 0 0 0 0 0 0 0 0 0 0 0 0 0 0 0 0 0 0 6 0 0 0 0 0 0 9 21 0 2 2 0 2 1 0 0 0 41 0 0 14 32 12 0 0 0 0 0 0 0 0 0 0 0 6 0 2 16 19 0 0 14 0 2 34 0 7 9 21 9 2 23 2 12 9 7 27 0 0 0 0 0 2 0 0 0 0 0 9 2 0 0 20 0 0 0 11 2 4 22 2 0 0 0 0 3 15 0 4 26 4 3 8 3 10 3 2 0 0 0 0 13 7 0 0 0 0 9 16 0 0 0 0 4 0 28 11 19 12 18 1 0 0 0 20 3 15 1 8 7 5 19 32 15 35 51 0 0 0 0 0 0 0 0 0 0 0 0 0 0 0 18 0 0 0 0 0 0 0 54 0 6 0 11 0 0 0 5 1 53 2 0 0 0 0 0 0 0 0 0 0 0 0 3 0 0 0 
