 0 91 72 359 116 32 354 27 88 362 63 71 146 60 62 123 201 39 67 181 3 74 1 0 1 0 3 0 1 0 57 2 0 3 1 0 2 0 3 3 0 0 0 0 0 0 49 0 0 0 3 0 0 3 0 0 0 0 0 0 0 0 1 0 0 0 0 3 0 0 0 0 0 0 3 0 0 0 0 0 15 18 8 39 0 5 13 0 23 11 5 11 51 29 26 15 25 8 2 8 0 0 0 1 0 0 0 0 0 0 0 0 0 0 0 0 0 0 0 0 0 0 1 0 0 0 0 0 1 0 0 0 0 0 0 0 0 0 0 0 0 0 10 0 0 0 0 0 0 0 0 0 0 0 0 0 0 0 0 1 0 34 5 1 49 0 0 19 23 17 12 1 0 1 0 8 12 16 0 19 0 0 0 0 2 0 0 0 0 0 0 0 0 0 0 13 0 0 0 0 0 0 0 0 0 0 0 0 0 0 0 0 0 0 0 0 0 0 0 0 0 0 0 0 0 0 0 0 0 0 0 0 15 0 0 0 0 0 0 0 0 9 0 0 0 1 135 1 0 91 0 6 0 0 0 0 0 0 0 0 0 0 0 0 0 0 0 0 0 0 0 0 0 4 0 7 57 8 0 0 0 0 0 0 0 0 0 0 0 0 
 91 0 78 224 225 28 59 165 130 214 104 130 50 222 150 149 201 41 115 129 3 0 3 206 0 2 3 0 4 3 0 2 74 3 3 3 3 2 3 3 0 0 0 3 3 0 1 0 0 1 62 0 0 2 0 0 2 0 0 0 0 0 3 0 2 3 57 3 0 0 1 2 0 12 3 1 0 2 0 0 34 0 9 1 31 0 0 45 36 16 4 24 10 22 1 1 11 23 33 6 0 0 0 0 0 0 0 0 1 0 0 0 10 0 0 0 0 0 0 0 0 0 0 0 0 1 0 0 0 0 0 0 0 0 0 0 0 0 0 0 0 0 0 0 0 0 0 0 0 0 0 0 0 0 0 0 0 7 0 0 0 9 4 17 1 0 8 21 29 3 54 0 0 6 28 9 18 19 0 1 10 0 1 0 0 0 0 32 0 0 0 0 0 0 10 0 0 0 13 18 0 0 0 0 0 0 0 0 0 0 0 0 0 0 0 0 0 0 0 0 0 0 0 0 0 0 0 0 0 0 0 0 0 0 0 0 0 0 0 0 0 0 0 0 0 0 91 0 2 89 0 11 21 0 0 0 0 0 0 0 2 0 5 0 0 0 0 0 2 0 0 0 0 0 0 9 0 9 0 0 0 0 0 0 0 0 0 0 0 0 
 72 78 0 226 71 324 198 181 239 105 234 138 109 49 341 251 174 209 59 288 4 0 0 1 1 0 77 0 1 0 0 0 136 3 3 1 5 0 4 17 0 3 0 0 0 0 32 0 1 0 1 61 0 2 0 0 0 0 0 0 0 0 35 0 0 0 0 3 0 0 0 0 0 0 3 0 2 0 0 0 1 15 0 34 13 6 21 0 0 0 35 41 31 0 14 10 9 15 0 0 0 0 0 1 0 0 1 0 0 0 1 0 0 1 0 0 0 0 7 31 21 0 0 0 0 0 0 0 1 0 0 0 0 0 0 5 0 0 0 0 0 0 0 0 0 0 0 0 0 0 0 3 0 0 0 0 0 12 0 2 0 19 20 0 11 0 13 22 1 23 16 8 8 0 20 9 37 20 0 4 0 10 0 0 2 0 46 2 0 0 0 1 19 12 0 2 0 0 17 0 0 0 16 1 0 0 0 0 0 0 0 0 0 7 0 0 0 0 0 0 0 0 0 0 0 0 0 0 0 0 0 0 0 0 0 0 1 0 0 0 0 15 0 0 0 0 47 0 2 0 0 3 0 0 0 0 0 0 0 0 0 0 0 13 0 40 0 0 0 0 0 0 0 0 0 0 0 0 0 0 0 0 0 0 0 0 0 0 0 0 
 359 224 226 0 867 44 276 260 312 196 130 373 143 245 162 63 78 69 305 114 0 0 0 1 0 2 0 0 4 2 2 0 2 0 0 0 0 0 0 0 0 0 0 0 0 0 1 0 0 64 0 0 0 0 0 0 0 0 0 2 0 0 0 0 0 0 0 0 0 0 0 0 0 0 0 0 0 0 0 1 24 61 0 0 16 0 12 20 54 10 36 25 15 2 1 56 11 58 0 18 0 0 0 0 0 0 0 0 0 1 0 0 11 0 0 0 0 0 10 21 0 0 0 0 3 0 0 0 0 0 0 0 0 0 0 2 0 0 0 0 1 3 0 10 0 0 0 0 0 0 0 0 0 0 2 0 4 0 0 2 7 18 0 20 13 0 15 30 98 13 9 22 1 23 33 0 2 1 8 0 0 0 0 0 0 0 0 0 0 0 0 0 0 0 0 0 0 0 57 14 0 0 0 18 0 0 0 0 0 0 0 0 0 0 0 0 0 0 0 0 0 0 0 0 0 0 0 15 0 0 0 16 2 0 0 0 0 0 0 0 0 0 0 0 0 4 46 0 4 3 0 8 0 3 0 0 0 0 0 0 0 0 0 0 0 0 0 0 64 0 0 0 0 0 0 12 0 8 0 0 0 0 0 0 0 0 0 0 0 0 
 116 225 71 867 0 70 97 180 68 186 97 205 156 284 303 281 362 52 96 181 4 0 0 0 2 0 3 0 2 0 0 0 0 3 3 10 3 0 4 12 0 0 0 0 0 0 1 0 0 1 2 0 0 2 0 0 0 0 0 0 0 0 2 0 0 0 0 3 0 0 0 0 0 2 3 0 0 0 0 0 25 14 8 1 32 6 0 18 30 33 10 18 1 1 1 30 22 36 0 0 0 34 0 0 0 0 7 0 0 0 14 0 22 3 0 0 12 0 14 0 2 0 0 0 0 10 0 0 0 0 0 0 0 0 0 0 0 0 0 0 0 0 0 0 0 0 2 0 0 0 0 0 0 0 0 0 8 0 0 0 5 0 1 15 0 25 0 0 31 0 21 16 0 27 29 2 1 0 0 0 28 0 0 0 1 0 13 32 1 0 0 0 1 13 15 0 0 39 12 39 0 0 9 0 2 0 0 9 0 0 0 0 0 0 0 0 0 0 0 0 0 0 0 0 0 0 6 0 0 0 0 0 0 0 0 0 0 0 0 0 0 0 0 0 0 0 87 0 2 4 0 6 7 0 0 0 0 0 0 0 0 0 22 0 0 0 0 0 0 0 0 0 0 0 0 10 0 0 0 0 0 0 0 0 0 0 0 0 0 0 
 32 28 324 44 70 0 41 25 195 145 185 61 22 259 52 85 70 161 272 287 149 72 76 3 0 0 178 177 0 0 23 2 80 42 80 0 85 0 83 7 2 0 0 0 0 0 0 0 3 3 5 62 0 14 0 0 3 3 3 0 0 0 1 0 0 0 31 3 0 0 0 0 2 0 3 0 2 0 0 0 0 9 1 0 31 21 0 0 0 0 32 0 13 2 0 0 0 0 0 0 27 26 15 28 0 1 28 64 57 0 3 9 35 8 2 29 11 0 10 0 0 0 0 0 0 0 0 0 12 0 8 0 9 0 0 0 0 0 0 0 13 0 0 0 0 0 0 0 0 0 0 1 0 1 0 0 0 0 0 0 2 0 0 0 4 0 0 0 0 15 0 0 0 0 15 0 8 12 0 0 14 32 0 0 0 14 49 11 0 11 12 0 16 4 4 0 13 12 15 0 0 0 0 0 0 0 0 0 2 0 0 0 0 0 0 0 0 0 21 0 0 0 0 0 0 0 0 0 0 0 0 0 0 1 0 0 0 0 0 0 0 0 0 0 0 4 0 1 5 0 1 9 0 0 0 14 0 0 1 0 0 0 0 0 0 0 0 0 0 0 0 0 0 0 0 0 4 0 0 0 0 0 0 0 0 0 0 0 0 0 
 354 59 198 276 97 41 0 192 139 653 43 222 213 218 356 45 196 329 58 317 2 0 0 2 0 0 3 2 2 0 0 0 2 3 5 0 3 2 3 6 0 0 1 0 0 0 63 0 0 0 1 0 0 2 0 0 0 0 0 62 0 0 2 0 0 0 0 3 0 0 0 0 0 0 3 0 0 0 0 3 0 0 1 11 0 0 21 9 47 56 0 35 11 0 8 17 37 26 25 0 0 0 0 0 0 0 0 0 0 0 0 1 1 0 0 0 0 17 18 1 0 0 0 0 1 0 0 0 0 0 0 0 0 0 0 0 26 0 0 0 0 0 0 0 0 0 0 0 0 0 0 0 0 0 0 0 16 0 0 0 22 3 15 23 3 1 0 1 24 0 26 18 0 24 15 8 46 26 0 13 0 0 0 0 0 0 0 0 0 0 0 0 1 0 0 3 0 0 11 0 2 0 0 25 0 0 0 0 0 0 0 0 0 0 0 0 0 0 0 2 0 0 0 0 0 0 0 0 0 0 0 0 0 0 0 0 0 0 0 0 0 16 0 0 0 3 176 0 2 1 0 13 0 0 0 0 0 0 0 0 2 0 0 0 0 0 0 0 0 1 0 0 0 0 0 19 0 0 0 0 0 0 0 0 0 0 0 0 0 0 
 27 165 181 260 180 25 192 0 90 176 48 280 196 153 257 181 221 454 198 89 3 0 0 0 0 4 3 1 2 0 7 0 0 3 2 0 2 0 5 3 0 0 0 0 0 0 0 0 0 2 3 0 0 3 0 0 0 58 2 0 0 0 45 0 0 0 0 3 1 0 0 0 0 0 3 0 0 0 0 4 11 21 36 17 0 0 0 74 1 19 9 8 11 13 0 30 26 56 31 15 0 0 0 0 10 0 0 0 0 0 0 0 0 0 0 0 0 0 0 1 0 0 0 0 0 0 0 0 0 0 0 0 0 0 0 0 0 0 0 0 0 0 0 0 0 0 0 0 0 0 0 7 0 3 0 0 0 17 0 0 24 0 1 0 0 0 0 0 10 0 0 21 0 0 30 0 37 6 17 12 0 0 0 0 0 0 0 0 0 0 0 0 0 0 0 0 0 0 31 10 0 0 0 9 0 10 0 0 0 0 0 0 0 0 0 0 0 0 0 0 0 0 0 0 0 0 0 0 0 0 0 0 0 0 0 0 0 0 0 0 0 0 0 0 0 0 1 4 0 93 0 3 1 0 2 1 0 0 0 0 0 0 0 0 0 57 0 0 0 0 3 0 0 0 0 0 16 0 0 0 0 0 0 10 0 0 0 0 0 0 
 88 130 239 312 68 195 139 90 0 224 432 467 99 126 92 239 233 172 107 123 4 2 0 1 0 0 42 1 2 0 74 0 132 4 4 0 3 60 3 62 0 0 0 0 0 0 39 1 0 0 1 70 0 2 0 0 0 0 0 0 0 0 0 0 0 0 0 3 0 0 51 0 0 0 3 0 0 0 0 0 14 0 0 51 21 23 14 0 14 9 28 0 18 0 33 13 25 22 0 0 0 0 0 0 0 0 20 13 1 0 0 0 38 1 0 0 0 0 29 7 0 0 0 0 0 0 0 0 0 0 0 0 0 0 0 0 0 0 0 0 0 0 0 0 0 0 0 2 2 0 0 3 0 0 0 0 2 0 0 0 0 8 0 21 17 36 0 57 2 36 0 11 0 0 21 16 20 11 0 0 0 45 0 0 0 0 32 10 0 0 0 0 40 10 7 8 0 0 9 0 0 0 0 0 0 0 0 0 0 0 0 0 0 0 0 0 0 0 0 0 0 0 0 0 0 0 0 0 0 0 0 0 0 0 0 0 0 0 0 0 0 10 0 0 0 0 5 0 3 0 17 7 0 0 0 0 0 0 0 0 0 0 0 0 0 0 0 0 0 0 0 0 0 0 0 0 14 0 0 0 0 0 0 0 0 0 0 0 0 0 
 362 214 105 196 186 145 653 176 224 0 184 222 77 86 238 375 250 206 90 118 3 0 78 0 0 1 3 3 2 0 0 0 1 290 4 2 3 0 4 77 0 0 2 0 0 2 3 0 0 0 1 0 0 2 0 0 4 2 0 0 2 3 3 0 0 0 0 6 0 0 0 0 0 0 3 0 0 0 0 5 18 6 10 55 22 0 13 11 34 30 0 14 13 0 9 1 30 32 25 1 0 8 0 0 2 0 0 0 11 0 0 0 28 1 0 0 2 0 38 7 0 0 0 0 0 0 0 0 0 0 0 0 18 0 0 0 2 0 0 0 0 0 0 8 0 0 0 0 0 0 0 0 0 0 0 0 4 0 0 28 18 6 0 8 0 0 0 0 18 0 12 25 0 7 0 1 10 0 15 1 0 0 0 0 1 0 42 20 0 0 2 0 27 40 0 1 0 0 3 0 0 1 0 16 0 2 0 0 0 0 0 0 0 0 0 0 0 0 0 0 0 0 0 0 0 0 0 0 0 0 0 0 0 0 0 0 0 0 0 1 0 10 0 0 0 2 48 0 132 3 56 4 0 0 1 0 0 0 0 1 0 0 0 0 0 0 0 0 0 0 0 0 0 0 0 8 31 6 0 0 0 0 0 0 0 0 0 0 0 0 
 63 104 234 130 97 185 43 48 432 184 0 138 122 123 50 162 412 306 42 71 5 0 0 0 0 1 152 76 0 28 0 0 187 41 78 2 3 0 81 151 0 2 0 0 0 0 0 0 29 0 2 64 0 2 0 0 0 0 0 0 0 0 0 0 0 0 6 3 0 0 0 0 0 0 3 0 0 0 0 0 0 0 0 0 104 12 0 0 0 0 33 8 0 0 0 14 0 21 0 0 0 30 0 0 20 0 0 20 9 0 0 6 29 0 0 0 0 0 0 9 0 0 0 0 0 0 0 0 0 0 0 0 0 0 0 0 0 0 0 0 0 0 14 0 0 0 0 0 0 0 0 0 0 0 0 0 0 2 0 0 0 8 0 0 29 10 0 4 0 15 30 28 0 0 0 0 0 28 0 0 43 12 0 0 0 0 32 23 2 1 0 0 34 5 28 0 0 0 13 11 0 0 0 0 0 0 0 1 0 0 0 2 0 0 0 9 0 0 0 0 0 0 0 0 0 0 0 0 0 2 0 0 0 16 0 0 0 0 0 2 0 0 0 0 0 4 0 0 11 4 3 13 0 0 1 0 0 0 0 0 0 0 9 0 0 0 0 0 0 0 0 0 5 0 0 0 6 0 0 0 0 0 0 0 0 0 0 0 0 0 
 71 130 138 373 205 61 222 280 467 222 138 0 123 54 34 112 134 148 43 244 75 0 74 0 0 0 119 148 2 0 0 0 0 76 90 0 4 0 3 38 0 56 0 0 0 0 0 0 0 0 1 0 0 2 0 0 0 0 0 0 30 0 38 0 0 0 0 3 0 0 0 0 0 53 40 0 0 0 0 0 0 16 16 15 17 0 2 30 24 1 1 15 0 0 0 28 0 33 1 0 8 14 12 0 0 0 12 24 24 0 9 0 14 7 7 0 6 0 27 8 0 0 0 0 0 0 0 0 0 0 0 0 0 0 0 0 0 0 0 0 0 0 0 0 0 0 0 0 0 0 0 1 0 7 0 0 11 0 0 0 10 7 0 16 0 16 0 0 10 6 0 43 0 12 10 0 0 7 0 0 17 0 13 0 0 0 8 9 0 1 0 18 18 13 0 0 0 0 63 6 0 2 0 17 0 0 0 0 0 0 2 0 0 0 0 2 0 0 0 16 1 0 0 0 0 2 0 1 0 0 18 0 0 0 5 0 0 0 2 0 0 0 8 0 0 4 5 0 1 13 0 5 2 0 0 0 0 0 0 0 0 0 1 0 0 0 0 0 0 26 0 0 0 0 0 0 0 0 0 0 0 0 0 0 0 0 0 0 0 0 
 146 50 109 143 156 22 213 196 99 77 122 123 0 168 487 247 194 45 276 96 2 2 1 1 0 1 5 0 1 1 0 0 0 3 3 0 3 2 3 3 0 0 0 0 0 0 38 0 0 0 1 0 0 2 0 0 0 0 0 0 1 0 0 0 0 0 0 3 0 0 0 0 0 0 6 39 0 0 0 0 17 33 1 42 0 0 14 42 6 5 1 1 20 24 33 22 19 0 0 20 0 0 0 0 0 0 0 0 0 0 0 0 0 0 0 0 0 0 0 1 0 0 0 0 0 0 0 0 0 0 0 0 0 0 0 0 0 0 0 0 0 0 0 0 0 0 0 0 0 0 0 0 0 0 0 1 0 0 0 0 14 0 1 0 44 0 0 21 0 33 0 0 5 0 0 6 31 4 0 0 0 0 1 0 0 0 0 0 14 0 0 1 0 0 0 7 0 0 15 10 0 0 0 0 0 0 0 0 0 0 0 0 0 0 0 0 0 0 0 2 0 0 0 0 0 0 0 2 0 22 1 0 0 0 0 0 0 0 0 0 0 11 0 0 0 4 6 0 0 100 2 19 0 0 0 0 0 0 0 0 0 0 0 0 0 0 0 0 0 1 0 0 0 0 0 0 11 0 0 0 0 0 0 0 0 0 0 0 0 0 
 60 222 49 245 284 259 218 153 126 86 123 54 168 0 217 42 197 119 218 319 3 0 0 3 203 0 3 0 3 0 0 0 0 3 2 0 3 0 4 5 0 0 0 0 0 0 3 2 0 2 2 3 3 4 0 0 3 0 3 0 0 0 6 1 0 0 0 3 45 0 0 0 0 0 3 0 0 0 0 0 19 26 15 20 10 0 6 41 38 9 8 19 22 10 0 35 21 33 1 0 0 0 0 0 0 0 0 0 0 2 0 2 7 0 0 0 0 0 1 0 0 0 0 0 0 0 0 0 0 2 0 0 0 0 0 0 0 0 0 0 0 0 0 0 0 0 0 0 0 0 0 0 0 0 0 0 0 5 0 0 13 0 0 7 10 0 57 22 13 10 40 0 0 37 25 8 1 0 0 17 0 0 19 0 0 0 0 1 3 0 0 0 1 0 0 1 0 0 15 19 1 0 0 0 0 0 0 0 0 0 0 0 0 0 0 0 0 0 0 0 0 0 0 0 0 0 0 0 0 0 0 0 0 0 0 0 0 0 0 0 0 0 0 0 0 0 22 0 1 3 0 12 0 2 0 0 0 0 0 0 0 0 62 0 0 0 0 0 0 0 0 0 0 34 0 0 0 0 0 0 0 0 0 0 0 0 0 0 0 0 
 62 150 341 162 303 52 356 257 92 238 50 34 487 217 0 482 193 53 171 316 2 0 0 204 2 2 3 0 2 2 107 0 0 3 3 0 5 0 3 3 0 0 0 0 0 0 0 0 0 0 4 0 0 2 0 0 0 0 0 0 0 0 0 0 33 0 6 3 0 0 0 0 0 0 3 0 57 0 0 19 11 32 13 43 6 0 18 0 14 28 0 0 32 1 70 12 28 6 15 16 0 1 0 0 0 0 0 0 0 0 0 0 0 0 0 0 0 0 7 0 0 0 0 0 0 0 0 0 0 0 0 0 0 0 0 0 0 9 0 0 0 0 0 0 0 0 0 0 0 13 0 0 0 0 0 0 0 0 0 0 15 1 38 0 0 0 14 5 18 18 1 0 67 13 15 5 16 61 26 18 0 0 0 0 0 0 10 0 0 0 0 0 7 0 0 3 0 0 18 0 0 0 0 18 0 0 0 0 0 0 0 0 0 0 1 0 1 0 0 0 0 0 0 0 0 0 0 16 1 0 0 0 0 0 0 0 0 0 0 0 0 12 0 0 0 3 2 2 6 4 2 7 0 0 0 0 0 0 0 0 0 0 0 0 0 0 2 0 0 0 0 0 0 0 0 11 0 0 0 0 0 0 0 0 0 0 0 0 0 0 
 123 149 251 63 281 85 45 181 239 375 162 112 247 42 482 0 111 35 248 83 2 0 1 1 0 1 4 0 1 0 0 0 0 67 3 0 3 0 3 86 0 0 0 0 0 0 0 0 0 0 1 0 0 2 0 0 0 0 0 0 0 0 0 0 0 0 0 3 0 0 0 0 0 0 3 0 0 0 0 0 89 9 28 32 0 8 1 13 14 12 2 7 8 10 19 34 71 40 13 19 0 0 0 0 0 0 7 0 0 0 0 0 2 0 0 0 0 0 29 30 0 0 0 0 0 2 0 0 0 10 0 0 0 0 0 0 0 2 0 0 0 0 0 0 0 0 0 0 0 0 0 0 0 0 0 0 0 0 0 0 13 42 0 16 14 7 0 0 26 25 0 22 2 2 0 8 0 0 10 10 0 2 0 0 0 0 19 0 0 0 0 0 28 29 0 0 0 0 12 0 0 0 0 21 0 0 0 0 0 0 1 0 0 0 0 1 0 0 0 0 0 0 0 0 0 0 0 0 0 0 0 0 0 0 0 0 0 0 0 0 0 10 0 0 0 0 4 0 3 0 26 14 0 0 0 0 0 0 0 0 0 0 0 0 0 0 0 0 0 0 0 0 0 0 0 0 12 13 0 0 0 0 0 0 0 0 0 0 0 0 
 201 201 174 78 362 70 196 221 233 250 412 134 194 197 193 111 0 87 45 230 5 2 0 1 7 0 4 0 2 2 3 0 0 3 2 0 5 1 12 78 0 3 0 0 1 3 63 0 3 0 2 2 0 2 0 0 3 2 3 0 0 2 0 0 0 2 0 9 0 0 0 1 0 0 3 0 3 0 0 19 8 19 8 24 7 11 11 29 42 16 0 15 9 6 23 26 39 43 15 0 0 0 0 0 0 0 24 2 0 0 0 0 3 0 0 0 0 0 38 0 0 0 0 34 0 0 0 0 19 0 0 0 0 0 0 0 0 0 0 0 0 0 0 0 0 0 0 0 0 0 0 0 0 0 0 0 11 1 0 0 8 27 13 22 15 28 0 1 93 14 9 21 0 80 0 26 42 51 0 16 0 0 0 0 0 0 0 16 1 0 2 0 14 16 0 3 0 0 44 33 0 0 0 27 0 0 0 2 0 0 0 0 0 0 0 0 0 0 0 1 0 0 0 0 0 0 0 0 0 1 0 0 0 0 0 0 0 0 0 1 0 16 0 0 0 2 133 0 0 4 25 0 0 0 0 0 0 0 0 0 0 0 0 0 0 0 2 0 0 0 0 0 0 0 0 21 24 8 0 0 0 0 0 0 0 0 0 0 0 0 
 39 41 209 69 52 161 329 454 172 206 306 148 45 119 53 35 87 0 253 31 3 3 2 3 0 0 3 0 3 0 0 2 46 85 4 0 3 0 4 80 0 0 2 0 0 0 0 0 0 1 1 62 0 2 0 2 3 67 0 6 0 0 6 2 32 0 0 3 0 4 0 5 0 0 3 0 0 0 0 5 33 44 14 20 12 20 0 14 0 0 13 63 0 11 1 0 2 0 23 0 0 7 0 1 0 0 0 3 11 0 0 0 27 0 0 0 1 0 22 15 0 0 1 0 0 0 0 2 0 0 0 0 0 0 0 0 0 0 0 0 0 0 0 0 2 0 0 2 0 0 0 0 0 1 0 0 1 0 0 2 1 1 0 10 1 0 10 13 0 10 12 13 0 41 25 12 9 11 0 6 1 0 0 0 1 0 23 4 0 0 0 0 18 51 0 0 0 18 22 0 0 0 0 0 0 0 0 0 0 0 0 0 0 0 0 0 0 0 0 0 0 0 0 0 0 0 0 11 0 0 0 0 0 0 0 0 0 0 0 0 0 0 0 0 0 1 0 0 128 86 38 3 13 0 0 0 0 0 0 0 0 0 0 0 0 0 0 0 0 0 0 0 0 0 0 0 20 0 0 0 0 0 0 0 0 0 0 0 0 0 
 67 115 59 305 96 272 58 198 107 90 42 43 276 218 171 248 45 253 0 115 6 2 2 2 0 0 3 5 2 0 0 0 0 5 2 0 7 0 6 4 0 0 3 3 0 3 0 0 1 0 5 0 0 2 0 2 1 0 0 0 0 0 0 0 2 1 4 3 0 0 3 3 0 0 3 5 1 2 0 0 0 42 43 15 0 0 0 36 1 7 14 0 0 0 11 0 23 0 23 28 0 0 0 0 0 0 0 0 0 0 0 0 0 0 0 0 0 0 0 2 0 0 0 0 0 0 0 0 0 0 0 0 0 0 0 0 0 0 0 0 0 0 0 0 0 0 0 0 0 0 0 0 0 0 0 0 0 12 0 0 0 0 29 0 0 0 0 0 0 1 33 0 14 0 0 10 19 15 0 0 0 0 0 0 0 0 0 0 0 2 0 0 0 2 0 0 0 0 0 0 0 0 0 0 0 0 0 0 0 0 0 0 0 0 0 0 20 0 0 0 9 0 0 0 0 0 0 0 0 0 2 0 0 0 0 0 0 0 0 0 0 0 0 0 0 0 0 0 0 0 0 5 0 0 0 0 0 0 0 0 0 0 0 2 0 0 0 0 2 2 0 0 0 0 0 0 0 0 0 0 0 0 0 0 0 2 0 0 0 0 
 181 129 288 114 181 287 317 89 123 118 71 244 96 319 316 83 230 31 115 0 3 0 0 0 2 3 7 0 3 0 2 2 0 3 4 0 5 0 6 3 0 0 3 3 0 3 31 0 0 1 5 67 0 2 0 0 0 3 0 3 0 0 0 4 2 0 0 3 0 2 3 3 0 0 3 6 3 2 0 6 9 12 1 16 0 0 22 13 18 15 15 16 45 20 25 1 10 0 13 0 0 0 0 0 0 0 0 0 0 0 0 0 0 0 0 0 0 0 10 0 0 0 0 0 0 0 0 0 0 0 0 0 0 0 0 0 0 0 0 0 0 0 0 0 0 0 0 0 0 0 0 0 0 0 0 0 4 0 0 0 17 8 20 16 11 0 14 38 13 10 23 1 8 8 2 9 39 20 0 11 0 0 0 0 0 0 0 0 0 0 0 0 0 0 0 2 0 0 0 0 0 0 0 0 0 0 0 0 0 0 0 0 0 0 0 0 0 0 0 0 0 0 0 0 0 0 0 0 0 0 0 0 0 0 0 0 0 0 0 0 0 15 0 0 0 0 96 3 3 178 0 14 14 0 0 0 0 0 0 0 0 0 0 0 0 0 0 0 0 0 0 0 0 2 0 25 8 8 0 0 0 0 0 0 0 0 0 0 0 0 
 3 3 4 0 4 149 2 3 4 3 5 75 2 3 2 2 5 3 6 3 0 230 122 215 21 34 288 162 43 41 254 40 49 188 167 102 35 284 436 408 0 0 0 71 0 0 2 2 0 3 0 3 1 3 0 3 0 3 3 3 3 49 1 0 0 3 5 2 4 0 0 0 2 0 0 0 1 1 34 0 0 0 0 0 0 9 0 15 0 0 0 0 0 0 0 0 0 0 0 0 37 27 0 6 3 0 29 32 11 1 89 70 29 53 34 78 28 0 8 16 0 0 0 0 0 0 0 0 0 0 0 0 20 0 0 0 0 0 15 0 0 4 0 0 0 0 0 0 0 0 0 0 0 20 0 6 21 0 0 0 0 0 0 0 0 0 0 6 0 0 0 0 0 0 0 0 0 0 0 0 32 34 57 11 52 0 28 0 47 29 3 4 0 42 10 63 19 6 0 4 0 0 0 0 0 0 0 0 12 0 0 0 0 0 0 0 0 0 0 0 0 0 0 0 0 0 0 0 0 0 0 0 0 0 0 0 0 21 0 0 0 0 16 0 0 0 0 0 0 0 0 0 0 0 0 2 0 45 0 0 3 0 0 0 0 0 0 0 0 0 0 0 0 0 0 0 0 0 0 22 0 19 0 0 0 9 0 0 0 0 
 74 0 0 0 0 72 0 0 2 0 0 0 2 0 0 0 2 3 2 0 230 0 97 334 24 37 193 116 91 329 185 121 59 111 145 178 120 120 156 30 0 0 0 0 0 0 2 0 0 2 0 3 3 3 2 0 0 3 3 0 3 0 3 0 0 2 3 2 2 0 0 0 3 8 0 45 0 0 0 0 0 0 1 0 1 7 0 0 0 0 0 0 0 0 0 0 0 0 0 1 35 23 28 25 9 22 12 0 16 5 30 31 0 15 11 38 12 10 6 26 0 0 0 0 0 0 0 0 0 0 0 0 0 0 0 0 0 0 9 59 0 4 0 0 0 0 0 0 0 0 0 0 0 0 0 2 0 0 0 0 0 0 0 0 0 0 0 0 0 0 0 0 0 8 0 0 0 0 2 0 0 41 31 23 12 42 8 12 36 1 1 19 0 1 18 21 28 4 0 9 0 0 0 0 15 0 0 0 0 0 0 0 10 0 0 0 0 0 0 0 0 0 0 0 0 0 0 0 0 0 0 0 0 0 0 0 0 0 0 0 0 0 0 0 0 0 0 0 0 0 0 0 0 0 5 0 4 5 0 2 12 1 0 0 0 0 0 0 0 0 0 0 0 0 0 0 0 0 0 12 0 14 0 0 0 12 7 0 0 0 
 1 3 0 0 0 76 0 0 0 78 0 74 1 0 0 1 0 2 2 0 122 97 0 307 156 25 154 302 71 203 104 265 54 123 54 203 55 153 45 125 64 0 0 0 40 0 31 0 0 2 0 3 3 3 0 0 79 3 4 0 3 0 3 0 0 2 3 3 2 0 0 0 3 47 0 0 0 0 0 0 0 0 0 0 0 30 0 0 0 0 0 0 0 0 0 0 0 0 20 0 11 27 0 36 0 16 19 3 21 9 38 24 0 7 1 29 21 0 10 0 9 0 13 0 0 0 14 0 0 0 0 0 0 0 12 7 0 0 0 0 0 0 2 2 0 0 0 0 6 0 0 1 0 0 0 6 0 0 0 0 36 2 0 2 2 0 0 0 0 0 0 26 0 0 0 3 0 0 3 0 0 14 3 0 62 1 2 0 10 0 25 87 0 14 0 17 47 5 0 0 0 8 0 0 0 9 39 5 0 0 0 1 14 10 0 0 0 0 22 10 0 0 0 0 3 2 0 4 0 0 0 0 0 0 0 0 0 0 0 0 0 0 12 0 0 0 0 0 0 0 0 0 0 0 9 0 0 4 5 1 2 0 69 0 0 0 0 0 0 0 0 0 0 0 0 0 0 2 0 0 0 0 0 0 1 0 0 0 0 1 
 0 206 1 1 0 3 2 0 1 0 0 0 1 3 204 1 1 3 2 0 215 334 307 0 256 19 319 91 175 389 199 287 138 380 80 265 333 226 237 273 65 0 0 0 0 0 64 0 0 2 7 3 2 25 0 0 0 3 64 64 3 0 3 0 0 2 3 2 2 3 0 1 3 0 0 0 0 0 0 0 0 0 0 0 0 0 0 0 0 0 0 0 0 0 0 0 0 0 0 0 0 8 0 9 30 33 0 0 24 28 29 9 0 16 9 18 15 34 0 0 67 0 0 0 0 0 11 0 1 9 2 0 0 0 0 0 0 0 34 27 0 4 0 2 0 0 0 0 0 0 0 0 0 0 0 8 0 0 9 0 18 0 0 0 6 0 0 0 0 0 18 0 0 10 0 11 0 0 4 0 0 20 32 0 57 25 4 1 40 11 2 58 0 0 0 13 43 0 0 0 16 0 0 0 0 0 68 20 0 22 0 0 44 27 0 17 0 1 0 0 0 0 0 0 0 0 2 0 0 0 0 0 0 0 0 0 0 0 0 0 0 18 0 0 0 0 0 0 0 0 0 0 0 0 8 1 2 107 1 0 2 0 0 0 0 0 0 0 0 1 0 2 0 1 0 0 0 0 0 0 0 0 0 0 0 0 0 0 0 0 
 1 0 1 0 2 0 0 0 0 0 0 0 0 203 2 0 7 0 0 2 21 24 156 256 0 147 32 68 91 191 135 46 60 76 96 152 55 189 47 39 62 63 0 0 0 0 69 0 1 2 6 3 3 64 0 2 6 10 10 73 5 2 2 1 0 2 3 5 2 0 0 0 2 0 3 0 0 0 0 0 0 0 0 0 0 11 0 0 0 0 0 0 0 0 0 0 0 0 0 0 0 0 0 55 10 11 2 2 12 20 25 43 0 20 13 22 24 18 0 0 7 0 0 51 0 0 11 0 14 12 0 0 52 1 7 9 9 0 0 0 0 0 0 0 0 0 0 0 5 0 0 0 0 0 0 8 0 0 1 0 4 0 0 0 0 0 0 0 0 2 1 13 0 2 0 8 0 0 0 0 0 39 0 0 51 1 0 0 2 14 33 98 2 1 11 16 22 20 0 0 0 43 0 0 0 0 0 6 12 9 0 0 5 29 0 8 0 0 37 57 0 0 15 0 0 0 0 0 0 0 0 0 0 0 0 0 0 0 0 0 0 13 0 0 0 0 0 0 0 0 0 0 0 0 7 0 0 83 112 7 0 3 0 0 0 0 22 0 0 0 0 0 0 0 0 0 0 0 0 0 0 38 0 0 0 3 0 0 0 0 
 0 2 0 2 0 0 0 4 0 1 1 0 1 0 2 1 0 0 0 3 34 37 25 19 147 0 33 104 148 274 72 128 43 134 59 72 215 135 61 40 65 63 128 64 0 0 4 155 1 65 3 3 164 116 63 3 187 27 127 122 3 5 3 0 0 3 3 2 4 0 0 0 3 0 0 0 0 50 0 0 0 0 0 0 1 0 0 0 0 0 0 2 0 0 0 0 0 0 0 0 0 0 0 0 15 12 0 0 0 9 0 0 0 0 0 0 0 37 0 2 0 12 0 0 0 0 18 21 0 16 20 0 1 19 7 8 7 10 23 39 2 0 0 0 1 0 2 24 0 0 0 0 0 0 0 0 0 0 0 0 0 0 0 0 0 0 0 0 15 1 0 0 0 0 4 0 0 0 0 0 0 0 0 13 22 0 0 0 0 11 0 17 0 1 0 0 1 46 0 0 12 13 0 45 0 0 19 14 7 0 12 27 10 16 35 0 52 15 33 8 0 0 1 0 0 0 0 0 0 0 0 0 0 0 0 0 15 0 9 0 0 0 0 0 0 0 0 0 0 0 0 0 2 0 2 1 0 0 6 0 0 1 0 0 64 0 0 0 0 0 0 0 0 0 0 0 0 0 0 0 0 10 0 0 1 0 0 0 0 0 
 3 3 77 0 3 178 3 3 42 3 152 119 5 3 3 4 4 3 3 7 288 193 154 319 32 33 0 228 128 351 109 309 162 148 333 107 107 22 63 56 0 2 0 0 3 34 2 61 7 2 0 3 2 3 3 0 0 3 3 0 4 2 4 0 2 2 4 9 2 1 1 0 2 0 3 2 0 1 0 0 0 0 0 0 11 16 0 0 0 0 28 0 0 0 0 24 0 1 0 0 20 21 17 9 9 0 29 55 15 0 4 11 13 9 32 22 23 19 1 20 0 0 0 0 0 0 0 0 0 0 0 5 0 0 0 0 0 0 10 0 0 6 0 0 0 0 0 0 0 0 9 0 0 0 0 0 0 0 0 1 0 9 0 0 8 19 0 0 0 12 0 2 0 0 0 0 0 0 0 0 17 2 18 0 0 18 6 14 22 20 30 0 31 22 25 0 0 27 50 0 0 0 0 0 0 0 0 0 0 0 0 0 0 0 0 0 0 0 21 0 13 0 0 0 4 0 0 0 0 0 0 0 0 0 0 0 0 0 0 0 0 0 28 0 0 0 0 0 73 0 0 0 0 0 0 0 0 76 1 0 0 0 0 0 0 0 0 0 0 0 10 0 0 0 0 0 0 0 0 0 0 12 0 0 0 0 0 0 0 0 
 0 0 0 0 0 177 2 1 1 3 76 148 0 0 0 0 0 0 5 0 162 116 302 91 68 104 228 0 320 114 44 314 84 473 140 130 190 26 73 199 0 0 0 0 0 0 2 0 0 2 0 3 2 7 0 0 0 3 3 0 3 0 2 0 0 2 3 2 2 8 0 0 2 10 0 0 0 0 0 0 0 0 0 0 5 23 0 0 0 0 0 0 0 0 0 2 0 0 0 0 27 38 46 3 0 15 47 33 22 24 48 24 16 25 0 32 9 12 9 0 0 0 0 0 0 0 0 0 0 0 0 0 0 0 0 0 0 0 0 11 0 0 0 0 0 0 0 0 0 0 2 0 0 0 0 0 0 0 0 0 0 0 2 0 18 14 0 0 0 0 0 0 0 0 0 0 0 0 0 0 16 0 2 23 0 9 10 0 0 2 16 12 13 18 20 0 0 15 19 0 0 0 0 0 0 0 0 0 0 0 0 0 50 33 0 0 0 0 21 0 0 0 0 0 0 0 0 0 0 0 0 0 0 0 2 0 0 0 0 0 0 0 9 0 0 0 0 0 74 0 0 0 0 0 10 0 0 0 0 1 0 0 0 0 0 0 0 0 0 0 0 0 0 0 0 0 1 0 0 0 0 0 0 0 12 0 10 0 0 0 
 1 4 1 4 2 0 2 2 2 2 0 2 1 3 2 1 2 3 2 3 43 91 71 175 91 148 128 320 0 223 42 262 103 112 303 91 219 42 126 68 0 0 0 1 1 0 2 0 0 2 4 4 3 3 0 0 0 3 66 147 4 2 3 0 0 2 6 2 3 3 0 0 3 9 3 0 6 0 5 4 0 0 0 0 0 0 0 0 0 0 0 0 0 0 0 0 0 0 0 0 10 11 2 7 2 20 0 0 9 10 0 36 9 0 14 9 0 57 0 15 0 0 0 0 0 0 0 0 0 0 0 0 0 0 0 0 2 0 0 12 0 3 0 0 0 0 0 0 0 0 0 0 0 0 0 0 2 0 0 0 0 0 0 9 0 0 0 0 7 2 0 0 0 0 0 0 0 0 0 2 0 0 0 10 21 25 0 13 0 33 11 34 0 0 9 0 0 23 0 0 0 0 0 0 0 0 0 0 20 0 0 0 23 24 0 0 0 0 30 58 0 0 0 0 0 0 0 0 0 0 0 0 2 0 0 0 0 0 0 0 0 0 0 0 0 0 0 0 0 2 0 0 0 24 1 0 2 38 80 0 0 9 0 0 0 0 0 0 0 0 0 0 1 0 0 0 0 0 0 0 0 24 0 0 0 0 5 0 0 0 
 0 3 0 2 0 0 0 0 0 0 28 0 1 0 2 0 2 0 0 0 41 329 203 389 191 274 351 114 223 0 170 306 56 301 111 202 48 97 88 197 0 0 0 0 0 0 73 0 2 2 3 4 2 3 0 0 1 3 5 0 3 0 3 0 0 2 3 2 2 6 0 0 3 15 0 0 0 0 0 0 0 0 0 0 1 0 0 0 0 0 0 2 0 0 0 0 0 0 0 0 1 11 12 11 1 27 0 0 41 53 0 52 9 12 20 16 11 35 0 17 11 0 0 0 0 0 15 0 1 0 0 0 22 0 0 0 0 0 10 0 0 1 0 0 0 0 1 0 0 0 0 0 0 1 0 0 0 0 0 0 4 0 0 0 5 0 0 0 0 0 0 0 0 0 0 0 0 0 5 0 0 21 1 17 29 49 0 14 9 21 24 27 0 13 27 1 25 10 0 0 0 0 0 0 0 0 32 0 0 0 0 0 32 6 2 0 0 0 1 3 0 0 0 0 0 0 0 0 0 0 0 0 0 0 0 0 0 0 0 0 0 0 0 0 0 0 0 0 0 0 0 0 0 0 2 0 4 4 3 0 0 11 0 0 0 0 0 0 0 0 0 0 0 0 0 0 0 0 0 1 0 18 0 0 0 0 9 0 0 0 
 57 0 0 2 0 23 0 7 74 0 0 0 0 0 107 0 3 0 0 2 254 185 104 199 135 72 109 44 42 170 0 136 95 30 161 318 170 38 128 56 61 0 0 0 0 0 2 64 0 2 3 3 3 36 0 0 0 3 70 63 3 0 3 0 0 2 3 2 2 0 0 0 3 0 0 0 0 1 0 0 1 0 0 0 13 63 0 0 0 0 19 0 0 0 1 0 0 0 0 0 21 13 23 21 11 23 0 10 6 19 12 16 0 45 4 39 11 10 1 12 11 0 0 0 0 12 0 1 0 7 0 0 0 0 0 0 0 0 0 0 1 0 0 0 0 0 0 0 3 0 0 0 0 0 0 1 0 0 0 0 0 0 0 0 12 0 0 0 0 14 0 0 0 5 0 0 0 0 0 0 1 26 22 3 18 11 13 2 11 1 12 9 13 0 20 25 31 0 0 0 16 0 1 0 0 0 6 9 1 28 0 7 26 0 0 8 0 2 24 16 0 0 0 0 0 0 0 0 0 0 0 0 12 0 0 0 0 0 0 0 0 0 0 0 0 0 0 0 0 0 0 0 0 0 4 2 0 10 0 0 3 0 0 0 0 0 0 0 0 0 0 0 0 0 0 0 0 0 0 0 0 0 0 0 0 0 0 0 0 0 
 2 2 0 0 0 2 0 0 0 0 0 0 0 0 0 0 0 2 0 2 40 121 265 287 46 128 309 314 262 306 136 0 20 110 36 53 86 73 40 30 72 0 0 0 62 0 2 84 0 2 7 4 65 65 0 0 0 3 3 0 3 0 3 0 2 2 3 2 2 9 0 0 3 24 0 0 0 0 0 0 0 0 0 0 0 0 0 0 0 0 0 0 0 0 0 0 0 16 0 0 0 8 12 0 18 57 0 0 2 54 9 35 6 0 44 3 0 43 0 15 29 0 0 2 0 2 15 0 0 4 0 0 0 0 0 1 0 8 50 0 0 0 0 0 0 0 0 0 0 18 0 0 0 0 0 0 0 0 0 3 0 0 0 0 1 1 0 0 0 0 0 0 0 0 0 0 0 0 14 0 0 1 1 25 42 50 0 67 1 21 13 40 2 60 9 0 9 76 0 0 11 1 0 0 0 0 20 9 1 19 0 0 32 33 0 14 20 0 31 18 0 0 0 0 0 2 0 0 0 0 6 0 0 0 0 0 0 0 0 0 0 0 0 0 0 0 0 0 0 0 0 2 0 0 7 0 1 6 81 4 19 30 0 0 0 0 0 0 0 0 0 0 0 0 0 0 0 0 0 0 0 29 0 0 0 0 11 0 0 0 
 0 74 136 2 0 80 2 0 132 1 187 0 0 0 0 0 0 46 0 0 49 59 54 138 60 43 162 84 103 56 95 20 0 64 106 47 111 39 181 53 2 0 0 2 6 3 2 0 1 5 6 68 3 3 6 2 2 3 64 65 5 0 4 4 0 2 6 6 5 2 0 51 3 0 5 0 0 1 0 0 0 0 0 2 36 31 0 0 0 0 30 14 0 0 0 0 0 0 0 0 13 0 0 0 0 0 1 9 0 0 1 9 0 0 0 0 1 22 0 9 0 0 0 0 0 0 0 0 0 0 0 0 0 0 0 0 0 0 0 5 0 0 0 0 0 0 0 0 0 0 0 0 0 0 0 0 0 0 0 0 0 0 0 0 9 1 0 0 0 35 0 20 0 0 17 0 7 61 0 3 15 15 0 22 1 0 8 18 0 0 0 0 15 19 33 0 0 0 8 2 0 0 15 0 0 0 0 0 25 0 0 0 0 20 0 0 0 0 14 20 0 0 0 0 0 6 0 0 0 0 0 0 0 0 0 0 0 0 0 0 0 10 0 0 0 0 0 0 0 0 0 0 0 0 10 0 0 36 0 2 3 0 10 0 0 0 0 0 0 0 0 0 0 0 0 0 0 0 0 0 0 0 0 0 0 0 0 0 0 0 
 3 3 3 0 3 42 3 3 4 290 41 76 3 3 3 67 3 85 5 3 188 111 123 380 76 134 148 473 112 301 30 110 64 0 269 44 59 44 338 315 0 0 0 0 0 0 2 0 0 2 0 5 2 3 0 0 0 3 3 0 3 0 3 0 0 2 3 2 51 0 0 0 3 0 0 0 0 0 0 0 0 0 0 0 12 0 0 0 0 0 0 1 0 0 0 0 0 0 0 0 40 44 13 0 0 0 0 40 16 19 33 0 48 51 55 0 6 1 1 1 0 0 0 0 0 0 0 0 0 0 0 0 0 0 0 1 0 0 10 0 0 0 0 0 2 0 0 0 0 0 0 0 0 2 0 0 0 0 0 12 0 0 0 0 0 18 0 0 0 0 0 0 0 3 0 0 0 0 0 0 33 10 38 21 15 5 11 30 16 13 0 23 42 39 20 13 0 0 13 18 0 0 0 0 0 0 0 2 0 0 0 0 1 0 0 0 0 0 0 0 0 0 2 0 0 0 0 0 0 0 0 0 0 0 0 0 0 0 0 0 0 0 4 0 0 0 0 0 41 0 0 0 0 0 4 3 0 0 0 2 3 9 0 0 0 0 0 0 0 0 0 0 0 0 0 0 0 0 0 0 0 0 0 0 0 0 0 8 0 0 
 1 3 3 0 3 80 5 2 4 4 78 90 3 2 3 3 2 4 2 4 167 145 54 80 96 59 333 140 303 111 161 36 106 269 0 93 116 43 524 186 0 0 0 0 0 0 2 0 0 2 62 4 5 3 1 0 0 3 5 1 3 0 54 0 0 3 3 3 2 0 0 0 3 0 0 0 0 0 0 0 0 0 0 0 0 47 0 0 0 0 1 1 0 0 0 3 0 0 0 0 44 0 10 1 0 0 59 22 4 0 19 0 17 45 14 35 52 1 0 1 0 0 0 0 0 0 0 0 0 0 0 0 11 1 0 0 0 0 0 0 0 0 0 0 0 0 0 0 0 2 0 0 0 0 0 0 0 1 0 3 2 0 2 0 9 18 0 4 0 1 0 20 0 0 0 0 0 0 0 1 56 15 13 25 17 0 0 0 22 9 8 0 28 18 9 15 9 8 43 14 0 0 0 0 0 0 0 0 0 0 0 0 0 0 0 0 0 0 1 0 0 0 0 0 0 0 0 0 0 0 0 0 0 0 1 0 0 0 0 0 0 0 8 0 0 0 0 0 0 0 0 0 0 0 6 0 3 0 0 2 5 0 1 0 0 0 0 0 0 0 0 0 0 0 0 0 0 0 0 34 0 0 0 0 0 42 0 0 0 0 
 0 3 1 0 10 0 0 0 0 2 2 0 0 0 0 0 0 0 0 0 102 178 203 265 152 72 107 130 91 202 318 53 47 44 93 0 74 173 67 66 69 5 0 5 1 0 35 0 0 2 0 3 2 3 0 68 5 3 3 0 3 3 7 0 9 2 7 2 2 0 0 5 2 0 0 0 53 0 4 0 0 0 0 0 52 0 0 0 0 0 1 0 1 0 0 0 0 0 0 0 8 50 31 28 9 29 6 14 13 0 34 11 15 0 0 38 28 0 16 9 12 0 0 0 0 12 13 0 2 0 0 0 0 1 0 7 0 0 0 0 0 4 0 0 0 0 0 9 0 2 0 0 0 0 0 11 0 0 0 0 13 0 0 0 1 6 0 0 0 0 0 7 0 0 0 11 0 0 9 0 32 44 15 0 40 0 27 10 45 1 0 32 0 11 24 17 44 11 18 11 0 13 0 0 0 0 13 11 0 0 0 0 11 1 0 0 0 0 0 0 0 0 0 16 0 0 0 0 1 0 0 0 0 0 0 0 0 0 0 0 0 0 0 0 0 0 0 0 0 0 0 0 0 0 5 1 1 85 3 2 1 2 0 0 0 0 0 0 0 0 0 0 0 0 0 0 0 0 0 4 0 0 0 0 0 0 0 0 0 0 
 2 3 5 0 3 85 3 2 3 3 3 4 3 3 5 3 5 3 7 5 35 120 55 333 55 215 107 190 219 48 170 86 111 59 116 74 0 104 123 121 62 3 0 0 0 0 2 0 0 2 0 3 64 71 63 0 6 3 45 53 3 2 3 0 0 2 3 2 2 0 0 32 3 27 0 0 3 0 0 0 0 0 0 0 0 0 0 0 0 0 0 0 0 2 0 0 0 0 0 0 3 0 14 3 4 0 20 24 11 59 0 23 24 2 0 19 4 40 0 0 0 0 0 0 0 0 0 35 0 2 0 0 10 0 9 0 0 1 0 2 0 0 0 0 0 0 0 0 2 0 0 0 0 0 0 0 0 0 0 2 0 0 0 0 0 0 0 4 1 0 0 0 0 0 0 0 0 0 0 0 19 0 0 18 21 25 0 0 0 45 39 31 1 0 2 22 0 17 0 0 1 0 0 0 0 0 27 19 20 11 2 0 34 0 11 24 0 0 47 47 0 0 0 0 0 0 0 0 0 0 2 0 0 0 0 0 1 0 0 0 0 0 0 0 0 0 0 0 0 0 0 0 0 0 0 0 0 77 80 1 1 0 0 0 0 0 12 0 0 0 0 0 0 0 0 0 0 0 0 0 0 32 0 0 0 0 10 0 0 2 
 0 2 0 0 0 0 2 0 60 0 0 0 2 0 0 0 1 0 0 0 284 120 153 226 189 135 22 26 42 97 38 73 39 44 43 173 104 0 120 38 63 0 6 0 0 0 64 0 0 2 0 3 66 26 3 0 8 3 3 0 3 0 3 0 0 37 3 2 2 0 50 0 3 59 0 0 0 0 0 0 0 0 0 0 0 0 0 0 0 0 0 0 0 0 0 0 0 19 0 0 17 0 3 25 28 10 0 0 26 17 34 8 0 22 9 17 0 0 0 0 10 0 0 0 0 0 27 1 13 10 0 0 11 0 5 9 1 0 1 0 0 0 0 0 0 0 0 0 5 0 0 0 0 0 0 6 0 0 0 0 9 0 0 0 5 0 0 0 0 0 0 6 0 0 0 4 0 0 3 0 0 29 11 19 62 28 0 0 47 16 24 60 0 0 0 29 41 7 0 13 0 8 0 0 0 0 21 23 8 1 1 0 1 1 0 1 0 0 28 32 0 0 0 0 0 0 0 0 0 0 0 0 0 0 0 0 0 0 0 0 0 0 0 0 0 0 0 0 0 0 0 0 0 0 0 2 0 49 76 0 4 1 0 0 0 0 17 0 0 0 0 0 0 0 0 0 0 0 0 19 0 7 0 0 0 29 0 0 0 0 
 3 3 4 0 4 83 3 5 3 4 81 3 3 4 3 3 12 4 6 6 436 156 45 237 47 61 63 73 126 88 128 40 181 338 524 67 123 120 0 348 1 0 8 3 0 0 0 2 0 10 0 5 1 3 0 0 0 1 1 0 0 0 0 1 2 4 0 0 0 0 2 0 6 0 9 0 0 0 0 3 0 0 0 0 0 46 0 0 0 0 0 0 0 0 0 0 0 0 0 0 46 1 41 12 0 11 32 14 0 0 35 1 31 14 31 36 17 0 2 9 0 0 0 0 0 1 0 0 0 0 0 0 0 0 0 0 0 0 4 0 0 0 0 0 0 0 0 0 0 0 0 0 0 0 0 0 0 0 0 6 0 1 0 1 6 0 0 15 0 25 0 0 0 0 0 0 0 0 0 0 43 9 14 3 3 0 21 2 20 0 9 0 5 1 6 14 27 18 0 14 0 0 0 0 0 0 0 0 0 0 0 2 2 0 0 0 0 0 0 0 0 0 0 0 2 0 0 1 16 0 0 0 0 0 0 0 0 0 0 0 0 0 0 0 0 0 0 0 0 0 0 0 0 0 3 2 0 2 0 0 2 16 0 0 0 0 0 0 0 0 0 0 0 0 0 0 0 0 0 13 0 1 0 0 2 10 0 0 0 0 
 3 3 17 0 12 7 6 3 62 77 151 38 3 5 3 86 78 80 4 3 408 30 125 273 39 40 56 199 68 197 56 30 53 315 186 66 121 38 348 0 0 0 0 0 0 0 2 0 62 2 0 65 2 3 0 0 0 3 3 0 3 0 2 0 0 2 3 2 2 0 0 0 2 0 0 0 0 0 0 0 0 0 0 7 0 49 0 0 0 0 13 1 0 0 0 0 17 0 0 0 29 10 0 0 0 0 48 56 9 0 21 0 40 29 10 20 19 0 18 1 0 0 0 0 0 8 0 0 1 0 0 0 0 0 0 0 0 0 0 0 0 0 0 0 0 0 0 0 0 0 0 3 0 1 0 2 0 0 0 0 0 0 0 12 6 46 0 4 0 12 0 9 0 0 2 42 0 1 0 1 31 0 10 11 1 0 8 18 4 0 7 0 25 38 0 0 0 18 14 11 0 0 0 0 0 0 0 0 0 0 15 0 11 0 0 0 0 0 0 0 0 0 0 0 0 0 0 0 0 0 0 0 9 0 0 7 0 0 0 0 0 0 22 0 0 0 0 0 4 0 15 0 0 0 6 2 0 0 0 0 2 2 0 0 0 0 0 0 0 0 0 0 0 0 0 0 10 0 0 0 0 0 0 0 0 0 0 0 0 0 
 0 0 0 0 0 2 0 0 0 0 0 0 0 0 0 0 0 0 0 0 0 0 64 65 62 65 0 0 0 0 61 72 2 0 0 69 62 63 1 0 0 107 121 266 31 245 276 259 246 69 45 28 104 94 185 59 87 30 106 133 0 0 0 0 0 0 0 0 0 0 0 0 0 8 0 0 0 0 0 0 0 0 0 0 0 0 0 0 0 0 0 0 0 0 0 0 0 0 0 0 0 0 0 0 4 8 0 0 18 12 0 2 0 0 0 0 0 0 0 0 10 0 0 0 0 0 0 33 11 9 0 0 7 9 19 9 0 7 9 0 0 0 0 0 0 0 0 0 3 0 0 0 1 0 0 0 0 0 3 0 4 0 0 0 3 0 0 0 0 0 0 6 0 0 0 4 0 0 6 0 0 1 0 0 0 11 0 0 9 0 0 0 0 0 0 0 8 0 0 0 5 10 1 0 0 0 36 12 0 7 1 0 33 2 2 23 26 0 0 0 0 0 0 0 0 0 0 0 0 0 0 0 0 0 0 0 0 0 3 0 0 0 0 0 0 0 0 0 0 0 0 8 0 0 0 0 0 0 73 0 0 0 0 0 0 2 0 0 2 0 0 0 0 0 0 0 0 0 0 0 0 0 0 0 0 13 0 0 0 0 
 0 0 3 0 0 0 0 0 0 0 2 56 0 0 0 0 3 0 0 0 0 0 0 0 63 63 2 0 0 0 0 0 0 0 0 5 3 0 0 0 107 0 190 102 58 33 61 217 203 116 321 87 35 60 296 381 285 296 55 126 21 7 8 0 0 0 11 1 0 0 0 5 0 0 0 0 0 0 0 0 0 0 0 0 0 0 0 0 0 0 0 0 0 0 0 0 0 0 0 0 0 0 0 0 2 1 0 0 0 0 0 0 0 0 0 0 9 0 10 0 32 53 0 15 4 0 5 10 21 22 4 6 30 22 19 4 5 1 18 8 13 10 0 8 9 0 6 0 0 0 0 0 20 0 0 0 0 0 0 0 0 0 0 0 0 0 0 0 0 0 0 0 0 0 0 0 0 0 0 0 0 0 0 0 0 0 0 0 0 0 0 0 0 0 0 0 0 0 0 0 27 10 42 9 0 0 7 5 5 10 32 16 0 5 28 5 0 15 31 14 3 0 0 0 0 0 0 0 0 0 0 0 0 7 0 0 0 0 40 0 0 0 0 0 0 0 0 0 0 0 0 6 0 1 0 0 0 0 64 2 0 0 66 0 0 4 0 0 2 0 17 0 0 0 0 0 0 0 0 0 0 0 0 0 17 0 0 14 0 0 
 0 0 0 0 0 0 1 0 0 2 0 0 0 0 0 0 0 2 3 3 0 0 0 0 0 128 0 0 0 0 0 0 0 0 0 0 0 6 8 0 121 190 0 122 121 56 130 163 213 150 65 43 49 58 177 105 119 375 41 105 0 0 2 0 0 2 0 0 0 0 6 0 103 51 4 0 51 0 54 0 0 25 0 0 0 0 0 0 0 0 0 0 0 0 0 0 0 0 0 0 0 0 0 0 0 0 0 0 0 0 0 0 1 0 0 0 0 0 0 0 0 10 11 0 16 7 29 18 11 1 24 14 0 59 0 11 0 7 19 4 17 0 0 2 5 3 22 19 2 0 3 0 0 6 13 0 0 22 12 0 15 0 0 0 0 0 0 0 0 0 0 0 0 0 0 0 0 0 0 11 0 0 0 0 0 0 0 0 0 0 0 0 0 0 0 0 0 0 0 0 0 29 14 0 10 27 1 1 2 0 0 22 0 10 34 0 6 22 4 0 10 7 18 0 0 0 0 0 0 0 0 0 0 0 9 0 10 0 25 2 0 0 0 0 0 1 0 0 0 0 0 2 0 2 0 0 0 0 0 0 0 0 2 65 19 0 0 0 0 0 10 0 0 0 0 0 0 0 0 0 0 0 0 0 6 0 0 0 0 0 
 0 3 0 0 0 0 0 0 0 0 0 0 0 0 0 0 0 0 3 3 71 0 0 0 0 64 0 0 1 0 0 0 2 0 0 5 0 0 3 0 266 102 122 0 122 261 136 98 184 143 87 110 59 79 333 61 165 259 94 62 2 3 2 0 4 13 8 53 0 0 3 3 0 50 2 0 1 2 0 1 0 0 0 0 0 0 0 0 0 0 0 0 0 0 0 0 0 0 0 0 0 0 0 0 0 0 0 0 0 0 0 0 0 0 0 0 0 0 0 0 0 29 61 15 23 0 6 7 12 0 27 29 0 8 0 21 16 1 0 8 14 9 0 10 51 1 20 19 0 0 0 0 19 7 7 3 1 0 0 9 0 3 0 0 0 0 0 0 0 0 0 0 0 0 0 0 0 0 0 0 0 0 0 0 0 0 0 0 0 0 0 0 0 0 0 0 0 0 0 0 14 0 21 0 14 0 0 0 0 6 25 35 0 0 17 0 0 57 0 0 0 0 11 1 0 24 0 21 0 0 0 0 0 0 0 0 6 28 8 0 0 0 0 0 0 0 0 0 0 0 0 2 0 0 0 0 0 0 13 10 0 0 120 66 5 4 0 65 0 0 28 0 0 0 0 0 0 0 0 0 0 0 0 0 19 50 0 0 0 0 
 0 3 0 0 0 0 0 0 0 0 0 0 0 0 0 0 1 0 0 0 0 0 40 0 0 0 3 0 1 0 0 62 6 0 0 1 0 0 0 0 31 58 121 122 0 307 41 281 184 366 139 88 273 112 187 452 141 126 81 137 2 1 7 0 0 12 7 1 1 0 0 4 116 70 53 0 0 0 106 0 0 0 0 0 0 0 0 0 0 0 0 0 0 0 0 0 0 0 0 0 0 0 0 0 0 0 0 0 0 0 0 0 0 0 0 0 0 0 14 0 0 0 82 25 41 23 0 0 0 19 36 57 0 0 0 9 13 2 0 0 0 0 5 0 3 4 0 7 0 0 4 0 16 17 9 20 0 6 31 19 7 0 0 0 0 0 0 0 0 2 0 0 0 0 0 0 0 0 0 0 0 0 0 0 20 0 0 0 0 0 0 0 0 0 0 0 0 0 0 0 0 0 7 0 37 6 0 0 20 34 30 10 0 0 0 0 0 9 0 0 21 0 0 0 0 6 20 2 3 0 14 0 14 0 22 0 0 0 28 20 0 0 0 0 0 0 0 0 0 0 0 1 0 0 0 0 0 0 0 1 0 0 1 0 0 5 5 65 2 0 0 0 0 0 0 0 0 0 0 0 0 0 0 0 0 13 0 0 0 0 
 0 0 0 0 0 0 0 0 0 2 0 0 0 0 0 0 3 0 3 3 0 0 0 0 0 0 34 0 0 0 0 0 3 0 0 0 0 0 0 0 245 33 56 261 307 0 51 17 120 182 90 56 32 206 120 107 163 52 84 45 0 5 2 0 5 0 0 0 0 0 0 0 112 27 50 0 0 0 120 0 0 0 0 0 0 0 0 0 0 0 0 0 12 0 0 0 0 0 0 0 0 0 0 0 0 0 0 0 0 0 0 0 0 0 0 0 0 0 0 0 0 9 22 31 11 29 0 9 12 6 1 26 0 0 0 0 0 6 0 0 0 2 15 0 0 0 0 7 0 0 21 0 21 17 2 20 0 23 31 10 0 0 0 0 0 0 0 0 0 10 8 0 0 0 0 0 0 0 0 0 0 0 0 0 0 0 0 0 0 0 0 0 0 0 0 0 0 0 0 0 0 0 8 0 54 15 0 0 10 0 18 0 0 0 0 0 9 0 0 0 41 0 0 10 0 0 20 2 10 0 17 13 8 11 23 23 0 1 15 17 11 0 0 0 0 0 0 0 0 0 0 1 0 0 0 0 0 0 0 0 0 0 2 1 0 16 1 4 8 0 0 0 0 0 0 0 0 0 0 0 0 0 0 0 0 0 0 0 16 0 
 49 1 32 1 1 0 63 0 39 3 0 0 38 3 0 0 63 0 0 31 2 2 31 64 69 4 2 2 2 73 2 2 2 2 2 35 2 64 0 2 276 61 130 136 41 51 0 56 53 23 39 30 214 313 314 31 96 41 69 121 0 0 0 0 0 0 0 0 0 18 0 0 0 0 0 0 0 0 0 0 12 0 0 20 0 0 14 0 0 0 0 0 18 0 7 0 0 0 0 0 0 0 0 11 3 17 0 0 27 2 0 9 0 0 0 0 0 0 0 0 57 12 6 0 16 0 54 3 21 9 20 0 3 8 1 13 47 0 1 33 0 0 0 0 0 0 0 0 0 0 13 0 0 0 0 0 0 0 0 0 9 0 0 0 17 0 0 25 0 17 0 10 0 0 0 8 13 0 4 0 0 0 0 0 33 0 0 0 2 0 18 20 0 0 0 15 2 0 0 0 0 31 0 14 3 0 43 18 13 9 1 10 15 1 10 1 0 14 1 20 0 0 0 0 0 0 0 0 0 0 0 0 0 0 0 0 13 0 0 0 0 9 0 0 0 0 36 0 0 0 0 5 0 0 0 0 0 23 1 0 0 0 2 0 66 3 17 0 0 0 0 0 0 0 0 0 0 0 0 0 0 0 0 0 9 0 0 0 0 0 
 0 0 0 0 0 0 0 0 1 0 0 0 0 2 0 0 0 0 0 0 2 0 0 0 0 155 61 0 0 0 64 84 0 0 0 0 0 0 2 0 259 217 163 98 281 17 56 0 75 179 28 458 295 387 70 50 154 130 221 62 0 3 2 0 0 0 0 0 0 203 0 0 0 0 0 0 0 0 0 0 0 0 0 0 0 0 0 0 0 0 0 0 0 0 0 0 0 0 0 0 0 0 0 1 31 18 0 0 0 0 0 0 0 0 0 0 0 0 0 0 24 28 0 15 2 0 9 9 6 7 4 5 1 13 7 0 0 4 21 15 3 0 0 8 7 0 6 0 0 0 0 0 4 0 0 0 0 0 0 0 0 0 0 0 0 0 0 0 5 1 0 0 0 0 9 0 0 0 0 0 0 0 0 0 0 19 0 0 5 0 0 0 0 0 0 0 0 0 0 0 52 9 25 3 0 0 10 1 0 19 30 45 20 7 36 0 30 12 8 0 0 0 0 0 0 0 0 0 0 0 0 0 0 0 15 0 1 0 23 0 0 0 0 0 0 0 0 0 0 0 0 2 0 0 0 0 0 1 0 0 0 0 65 0 5 0 0 0 0 0 17 0 0 0 0 0 0 0 0 0 0 0 0 0 7 6 0 0 0 0 
 0 0 1 0 0 3 0 0 0 0 29 0 0 0 0 0 3 0 1 0 0 0 0 0 1 1 7 0 0 2 0 0 1 0 0 0 0 0 0 62 246 203 213 184 184 120 53 75 0 140 178 118 49 115 172 342 294 164 98 82 2 0 0 1 0 0 3 5 0 0 0 0 113 104 7 0 0 0 54 0 0 0 0 0 0 0 0 0 0 16 0 0 0 0 0 0 0 0 0 0 0 0 0 0 0 0 0 0 0 0 0 8 0 0 0 0 0 0 0 0 0 0 53 0 48 3 0 0 3 0 34 25 0 1 11 18 1 33 0 0 12 0 11 0 3 6 18 19 2 9 11 0 46 6 14 0 0 44 6 13 0 0 0 0 0 0 0 0 0 0 0 0 0 0 0 0 0 0 0 0 0 0 0 0 0 0 0 0 0 0 0 0 0 0 0 2 20 0 0 0 9 11 15 12 18 19 0 0 0 9 15 7 16 0 0 11 8 22 0 0 15 0 19 0 0 0 0 1 0 0 0 0 0 0 13 0 0 0 34 11 0 0 0 0 0 0 0 0 0 0 0 5 0 2 0 0 0 0 0 0 0 0 0 66 0 1 0 1 0 0 0 0 0 0 0 0 0 0 0 0 0 0 11 0 0 4 0 10 0 0 
 0 1 0 64 1 3 0 2 0 0 0 0 0 2 0 0 0 1 0 1 3 2 2 2 2 65 2 2 2 2 2 2 5 2 2 2 2 2 10 2 69 116 150 143 366 182 23 179 140 0 182 108 253 103 259 91 103 95 91 147 0 7 0 0 0 0 1 0 0 0 0 0 0 0 0 0 0 0 16 0 0 0 0 0 0 0 0 0 0 0 5 0 0 0 0 0 0 0 0 0 0 0 0 0 0 0 0 0 0 0 0 0 0 0 0 0 0 0 0 0 0 22 0 26 37 25 0 18 9 24 11 57 0 11 0 2 0 30 0 0 15 9 0 4 6 2 2 41 0 5 1 0 1 30 0 0 0 0 11 10 0 0 0 0 0 0 0 0 0 2 0 0 0 0 1 0 0 0 0 0 0 0 0 0 0 0 0 0 0 0 0 0 0 0 0 0 0 0 0 0 7 11 50 0 11 5 1 9 0 0 23 21 0 10 21 3 25 15 4 0 17 0 7 0 0 0 1 0 9 0 0 0 17 12 4 0 0 0 37 11 0 0 0 0 0 0 0 0 0 0 0 3 0 0 0 0 0 0 0 11 0 21 3 0 0 18 12 0 3 0 13 0 0 0 0 0 0 0 0 0 0 4 7 0 1 0 0 0 0 0 
 3 62 1 0 2 5 1 3 1 1 2 1 1 2 4 1 2 1 5 5 0 0 0 7 6 3 0 0 4 3 3 7 6 0 62 0 0 0 0 0 45 321 65 87 139 90 39 28 178 182 0 133 34 75 215 186 135 404 46 494 1 0 2 0 3 0 3 51 0 0 0 0 52 50 8 0 0 0 52 0 0 0 0 0 0 0 0 0 0 0 0 0 0 0 0 0 0 0 0 0 0 0 0 0 0 0 0 0 0 4 0 0 0 0 0 0 0 3 0 0 0 19 8 1 49 32 0 0 0 0 11 0 0 0 13 50 0 23 0 0 8 0 0 4 5 16 11 0 0 0 7 0 7 6 1 0 0 4 0 0 0 2 0 0 0 0 0 0 0 0 0 0 0 0 0 0 0 0 0 0 0 0 0 0 3 0 0 0 0 4 6 4 0 0 0 0 0 4 0 0 2 11 73 9 0 7 3 0 0 0 0 0 9 8 0 6 0 48 4 4 25 0 7 0 0 0 0 4 0 0 0 0 0 0 15 0 0 0 22 0 0 0 0 0 0 0 0 0 0 0 0 0 0 0 0 0 0 0 3 2 0 21 2 64 2 0 2 0 0 0 25 0 0 0 0 1 0 0 0 0 0 8 0 0 10 19 0 8 0 0 
 0 0 61 0 0 62 0 0 70 0 64 0 0 3 0 0 2 62 0 67 3 3 3 3 3 3 3 3 4 4 3 4 68 5 4 3 3 3 5 65 28 87 43 110 88 56 30 458 118 108 133 0 43 110 251 29 184 99 98 39 8 3 0 0 3 0 4 0 0 0 0 2 3 16 0 2 0 0 64 0 0 0 0 0 67 1 0 0 0 0 19 0 0 0 0 0 0 0 0 0 1 0 0 0 0 0 0 0 0 0 0 0 10 0 0 0 0 0 0 0 0 10 0 74 0 0 0 9 0 0 0 15 0 0 14 0 0 4 0 27 20 9 0 4 0 0 0 0 14 0 16 5 0 27 0 1 0 17 9 0 0 0 0 0 35 10 0 0 0 0 0 0 0 0 4 0 0 11 0 0 0 0 0 6 0 0 19 0 0 0 0 0 0 0 0 0 0 0 10 0 11 15 18 11 10 66 0 11 0 0 0 11 0 0 0 0 10 0 0 0 74 0 16 20 0 0 0 0 1 5 7 0 0 21 0 1 0 4 14 8 14 0 0 0 0 0 0 0 0 0 0 0 0 38 0 0 0 0 0 34 0 0 2 4 0 10 8 8 1 0 0 0 0 0 0 0 0 0 0 0 0 0 0 0 0 0 0 18 39 0 
 0 0 0 0 0 0 0 0 0 0 0 0 0 3 0 0 0 0 0 0 1 3 3 2 3 164 2 2 3 2 3 65 3 2 5 2 64 66 1 2 104 35 49 59 273 32 214 295 49 253 34 43 0 319 48 38 43 107 390 117 0 0 6 0 0 0 1 0 1 44 0 0 7 4 4 2 66 9 0 0 0 0 0 0 0 0 0 0 0 0 0 0 0 0 0 0 0 0 0 0 0 0 0 10 43 20 0 0 0 0 0 0 0 0 0 0 0 7 0 16 41 1 0 0 0 0 22 2 0 18 0 0 0 3 9 24 2 4 17 36 0 0 4 0 14 15 1 6 0 18 9 0 0 8 1 22 8 0 0 9 0 0 0 0 0 0 0 0 6 1 0 0 0 0 9 0 0 0 0 0 0 0 0 0 0 25 0 0 0 0 19 15 0 0 0 0 0 0 0 0 32 9 0 31 0 0 0 33 37 19 14 16 19 0 18 0 23 4 0 38 5 10 0 0 0 0 0 0 0 0 12 0 20 3 22 0 6 0 0 0 0 0 0 0 0 0 0 0 0 0 0 8 0 0 0 0 0 62 0 1 54 0 1 0 2 0 14 0 0 0 9 0 0 0 0 2 0 0 0 0 0 0 0 0 0 0 0 0 2 0 
 3 2 2 0 2 14 2 3 2 2 2 2 2 4 2 2 2 2 2 2 3 3 3 25 64 116 3 7 3 3 36 65 3 3 3 3 71 26 3 3 94 60 58 79 112 206 313 387 115 103 75 110 319 0 100 34 34 45 230 295 23 0 1 0 0 0 0 0 2 3 0 1 3 51 0 0 1 3 0 0 0 0 0 0 0 0 0 0 0 0 0 0 0 0 0 0 0 0 0 0 0 0 0 12 42 41 0 0 0 2 0 11 0 0 0 0 0 8 0 0 19 1 0 0 0 2 67 7 22 41 0 4 0 6 8 13 8 9 1 17 2 5 0 0 2 0 0 10 0 0 0 0 15 0 0 0 0 4 2 0 0 0 0 0 0 0 0 0 16 0 0 0 0 0 5 0 11 0 0 0 0 0 0 0 0 20 0 0 0 0 9 0 0 0 0 0 0 0 0 0 26 0 0 38 0 3 19 20 25 31 0 26 27 7 0 13 20 0 0 19 0 0 0 0 0 0 4 11 0 0 0 0 0 12 0 0 0 0 0 0 0 0 0 0 0 0 0 0 0 0 0 2 0 1 0 0 0 58 0 14 0 0 4 0 1 0 10 0 2 0 0 0 0 0 0 0 0 0 0 0 0 0 0 0 0 0 0 0 2 0 
 0 0 0 0 0 0 0 0 0 0 0 0 0 0 0 0 0 0 0 0 0 2 0 0 0 63 3 0 0 0 0 0 6 0 1 0 63 3 0 0 185 296 177 333 187 120 314 70 172 259 215 251 48 100 0 252 127 95 315 93 0 5 2 0 0 0 0 0 0 2 5 7 52 2 5 0 5 0 52 0 0 0 0 0 0 0 20 0 0 0 0 0 0 0 0 0 0 0 0 0 0 0 0 0 0 0 0 0 0 0 0 0 0 0 13 0 0 0 0 0 0 10 21 0 26 15 34 31 10 21 40 15 0 11 0 17 0 23 4 19 0 0 0 2 4 3 0 0 0 0 3 0 6 1 0 0 0 3 0 0 0 0 0 0 0 0 0 0 0 2 0 0 0 13 0 0 0 0 0 0 0 0 0 0 0 0 0 3 0 0 0 0 0 0 0 2 0 0 0 0 9 11 81 0 29 13 0 0 23 0 0 11 21 11 19 11 14 10 0 0 12 0 0 0 20 4 0 0 0 0 11 37 16 0 9 0 15 0 38 4 0 0 0 0 0 0 0 0 0 0 0 3 0 0 0 0 0 0 0 0 0 0 0 1 55 3 0 0 0 0 10 0 0 0 0 0 0 0 0 0 0 0 0 0 6 5 0 0 0 0 
 0 0 0 0 0 0 0 0 0 0 0 0 0 0 0 0 0 2 2 0 3 0 0 0 2 3 0 0 0 0 0 0 2 0 0 68 0 0 0 0 59 381 105 61 452 107 31 50 342 91 186 29 38 34 252 0 531 115 51 283 2 0 2 0 0 0 4 0 0 0 4 2 101 22 13 0 0 0 50 0 0 0 0 0 0 0 0 0 9 0 0 0 0 0 0 0 0 0 0 0 0 0 0 0 0 0 0 0 0 0 0 0 0 0 0 0 0 0 0 0 0 9 38 1 26 11 0 3 1 0 17 7 0 0 10 16 13 61 0 0 0 1 5 0 0 3 0 10 7 0 3 4 16 0 17 0 0 2 11 2 6 0 0 0 0 0 0 0 0 1 0 0 0 0 0 0 0 0 0 0 0 0 0 0 0 0 0 0 0 0 0 0 0 0 0 0 0 0 0 0 3 25 27 7 14 7 0 0 15 0 1 0 0 0 0 9 0 17 0 0 14 0 0 0 3 6 0 0 8 0 15 0 0 0 14 0 0 0 21 3 0 0 0 0 0 0 0 0 0 0 0 6 0 0 0 0 0 0 0 2 0 0 1 1 0 2 0 0 0 0 0 0 0 0 0 0 0 0 0 0 0 0 0 0 11 20 0 15 0 0 
 0 2 0 0 0 3 0 0 0 4 0 0 0 3 0 0 3 3 1 0 0 0 79 0 6 187 0 0 0 1 0 0 2 0 0 5 6 8 0 0 87 285 119 165 141 163 96 154 294 103 135 184 43 34 127 531 0 212 55 103 0 2 1 0 0 0 0 0 0 0 0 0 0 0 0 0 0 206 0 0 0 0 0 0 0 0 0 0 0 9 0 0 0 0 0 0 0 0 0 0 0 0 4 7 8 15 0 0 0 0 0 0 0 0 0 0 9 0 0 0 0 6 26 7 21 6 10 25 18 21 31 31 0 14 11 32 0 20 0 20 5 0 0 4 3 0 6 6 0 0 0 0 9 0 0 0 0 0 0 0 0 0 0 0 0 0 0 0 1 2 0 0 0 0 2 0 0 0 0 0 0 0 0 30 3 12 0 0 0 0 0 2 0 0 0 0 0 0 0 0 16 12 7 1 9 0 0 12 3 0 4 19 0 17 23 0 33 35 0 0 12 0 0 0 0 0 0 0 0 0 0 0 15 0 0 0 13 0 26 0 0 0 0 0 0 0 0 0 0 0 0 6 62 2 0 0 0 0 1 8 0 0 21 0 36 53 2 0 2 0 1 0 0 0 0 0 0 0 0 0 0 0 0 0 0 0 0 0 0 0 
 0 0 0 0 0 3 0 58 0 2 0 0 0 0 0 0 2 67 0 3 3 3 3 3 10 27 3 3 3 3 3 3 3 3 3 3 3 3 1 3 30 296 375 259 126 52 41 130 164 95 404 99 107 45 95 115 212 0 44 39 1 8 2 5 3 3 6 8 0 3 0 0 52 25 12 0 52 0 0 53 0 0 0 0 0 0 0 0 0 0 0 0 0 0 0 0 0 0 0 0 0 0 0 0 0 0 0 0 0 0 0 0 0 0 0 0 0 0 0 0 0 10 28 11 20 1 3 0 11 0 41 35 0 7 0 4 0 32 10 19 9 0 0 16 8 0 8 16 11 0 0 11 4 12 12 0 0 0 10 8 0 0 0 0 0 0 0 0 0 8 0 0 0 0 0 0 0 0 0 0 0 0 0 0 0 0 0 0 0 0 1 0 0 0 0 0 0 1 0 0 27 0 48 0 0 0 0 12 0 57 25 19 14 1 34 11 20 36 0 0 1 0 8 7 0 0 0 12 0 0 0 0 0 0 1 0 15 13 12 0 0 0 0 0 0 0 0 0 0 0 0 2 0 1 0 0 0 0 0 3 0 1 69 33 63 0 6 1 0 0 11 0 0 0 0 0 0 0 0 0 0 3 0 0 8 22 0 0 0 0 
 0 0 0 0 0 3 0 2 0 0 0 0 0 3 0 0 3 0 0 0 3 3 4 64 10 127 3 3 66 5 70 3 64 3 5 3 45 3 1 3 106 55 41 94 81 84 69 221 98 91 46 98 390 230 315 51 55 44 0 230 0 4 0 0 0 0 0 0 0 0 0 0 2 0 0 0 0 0 0 0 0 0 0 0 0 0 0 0 0 0 0 0 0 0 0 0 0 0 0 0 0 0 0 0 13 0 0 0 0 15 0 10 0 0 0 0 0 3 0 0 7 8 0 0 0 0 1 27 1 5 0 0 32 18 19 0 0 23 0 33 0 0 0 0 0 0 0 0 5 0 0 0 0 0 0 0 0 0 0 0 0 0 0 0 0 0 0 0 4 2 0 0 0 0 22 0 0 0 0 0 30 0 0 0 0 0 0 0 0 0 10 1 0 0 0 10 0 1 0 0 37 0 1 8 0 0 38 13 19 21 0 6 16 0 0 29 0 0 50 29 0 0 0 0 0 0 0 0 0 0 0 0 0 0 0 0 0 0 0 0 0 0 0 0 0 0 0 0 0 22 0 17 2 0 0 0 0 63 0 7 0 0 1 2 0 18 0 0 0 0 0 0 0 0 0 0 0 0 0 0 0 0 0 0 0 0 0 0 0 0 
 0 0 0 2 0 0 62 0 0 0 0 0 0 0 0 0 0 6 0 3 3 0 0 64 73 122 0 0 147 0 63 0 65 0 1 0 53 0 0 0 133 126 105 62 137 45 121 62 82 147 494 39 117 295 93 283 103 39 230 0 0 2 0 0 0 0 0 0 0 0 0 0 0 0 0 0 0 0 0 0 0 0 0 0 0 0 0 0 0 0 0 0 0 0 0 0 0 0 0 0 0 0 0 0 0 3 0 0 0 9 0 12 0 0 0 0 0 13 0 0 27 6 0 0 0 0 17 10 8 10 0 0 15 11 0 15 12 0 15 2 0 0 0 0 0 0 0 6 0 0 0 0 0 0 0 0 0 0 0 0 0 0 0 0 0 0 0 0 0 0 0 0 0 0 0 0 0 0 0 0 0 0 0 0 0 0 0 0 0 0 0 0 0 0 0 0 0 0 0 0 1 31 0 14 0 0 21 0 37 4 16 0 1 12 28 11 9 0 18 38 0 0 0 0 0 0 0 7 0 0 0 0 0 0 0 0 0 0 10 0 0 3 0 0 4 0 0 0 0 0 0 13 0 0 1 0 0 62 62 0 0 0 2 0 0 2 3 0 0 0 0 0 0 0 0 0 0 0 0 0 0 0 0 0 0 0 0 0 2 0 
 0 0 0 0 0 0 0 0 0 2 0 30 1 0 0 0 0 0 0 0 3 3 3 3 5 3 4 3 4 3 3 3 5 3 3 3 3 3 0 3 0 21 0 2 2 0 0 0 2 0 1 8 0 23 0 2 0 1 0 0 0 209 52 91 144 28 94 214 93 19 34 113 70 62 40 50 42 35 45 44 0 0 0 0 0 0 0 0 0 0 0 0 0 0 0 0 0 0 0 0 0 0 0 0 0 0 0 0 0 0 0 0 0 0 0 0 7 0 0 0 0 0 0 9 0 0 0 0 0 0 0 8 0 0 0 1 4 0 0 0 10 1 9 8 0 12 0 0 18 8 2 31 1 0 14 1 1 2 0 10 0 1 0 0 0 4 0 0 0 0 0 0 3 0 0 0 3 0 0 0 0 0 0 0 0 0 0 3 0 0 0 0 0 0 0 0 0 0 0 0 1 0 0 0 1 0 0 0 0 4 5 6 0 0 0 1 0 1 0 0 0 28 8 0 1 7 6 0 7 18 14 11 14 0 0 7 7 9 0 3 0 0 1 0 0 0 0 0 0 0 0 0 0 1 8 0 0 0 0 0 0 0 0 0 0 0 0 4 0 0 12 2 34 0 2 56 0 0 0 0 0 0 0 0 0 2 0 19 0 0 
