 0 366 311 52 59 23 490 799 70 37 466 131 330 263 580 73 225 33 141 206 0 0 0 75 2 2 3 0 0 2 75 0 2 0 0 0 0 1 0 0 66 2 0 0 0 3 0 0 0 0 0 0 0 0 0 0 0 0 0 3 0 0 0 3 3 0 0 0 0 0 0 0 0 0 5 6 0 0 0 3 38 34 13 34 10 18 18 65 9 0 44 0 23 42 47 53 16 1 15 6 2 0 0 0 0 0 18 0 0 0 0 0 0 0 0 0 0 0 23 10 0 0 0 0 0 0 0 0 0 0 0 0 0 0 0 0 0 0 0 0 0 0 16 0 16 0 0 0 0 0 0 0 0 0 0 0 0 2 0 0 0 47 2 23 0 0 36 11 1 15 7 0 2 30 2 35 0 13 0 23 0 0 0 0 0 0 1 0 0 0 0 0 0 0 0 1 0 0 0 0 10 0 0 0 0 0 0 0 0 0 0 0 0 0 0 0 0 0 0 0 0 0 0 0 0 0 0 0 0 0 0 0 0 0 0 0 0 0 0 1 0 15 0 0 0 3 1 0 4 2 0 20 0 1 0 0 0 0 0 0 0 0 0 0 0 0 0 0 0 0 3 0 0 0 0 19 3 0 0 0 0 0 0 0 0 0 0 0 0 0 
 366 0 54 153 107 239 234 182 271 125 256 26 48 56 399 41 234 91 55 95 0 0 0 0 2 3 3 0 1 2 0 0 0 0 0 0 0 2 0 0 0 2 2 0 0 3 0 0 0 0 0 0 0 0 0 0 0 0 0 3 58 0 0 3 3 0 0 0 0 2 0 0 0 0 0 18 0 0 0 42 0 39 1 53 10 39 19 1 14 0 12 0 19 24 28 14 16 28 0 27 0 0 0 0 2 0 30 0 0 0 0 0 19 8 0 0 0 0 29 3 0 0 0 0 0 0 0 0 0 0 0 0 0 0 0 0 0 0 0 0 0 0 1 0 9 0 0 0 0 0 0 0 0 0 2 0 0 0 0 0 23 35 21 0 14 0 30 28 12 4 16 16 0 37 0 11 0 0 12 0 0 0 0 0 0 0 10 0 2 0 0 0 0 9 0 19 0 0 19 11 0 0 0 0 0 0 0 0 0 0 0 0 0 0 0 0 0 0 0 0 0 0 0 0 0 0 0 0 0 0 0 0 0 0 0 0 0 0 0 19 0 0 0 0 0 2 1 0 2 0 0 16 0 0 0 0 0 0 0 0 0 0 0 0 0 0 0 0 0 0 0 0 0 0 0 27 0 0 0 0 0 0 0 0 0 0 0 0 0 0 
 311 54 0 91 279 182 60 66 249 239 246 125 63 107 43 489 382 212 30 44 78 0 0 0 2 89 14 0 0 4 0 0 84 72 0 0 0 1 0 42 0 2 1 0 0 3 0 0 0 0 0 0 2 0 0 0 0 0 0 3 0 3 0 3 3 0 0 0 0 0 0 0 0 0 0 3 0 0 11 3 0 16 14 13 20 10 0 3 48 27 25 19 0 0 5 12 11 43 0 0 0 0 0 0 0 0 19 14 1 0 0 0 52 14 25 0 1 0 0 14 0 2 0 0 0 0 0 0 0 0 0 0 0 0 0 0 0 0 0 0 0 0 0 0 0 0 0 0 0 0 0 0 0 0 0 0 0 0 0 0 0 22 17 19 25 12 0 0 6 9 13 24 0 0 0 0 30 14 0 0 0 0 0 0 0 0 18 7 0 0 0 0 9 14 0 0 0 0 10 20 0 0 0 0 0 0 0 0 0 0 0 0 0 0 2 1 0 0 0 0 0 0 0 2 0 0 0 1 0 0 0 0 0 0 0 0 0 0 0 0 0 0 0 0 0 2 0 0 1 1 0 8 17 0 0 0 0 0 0 0 0 0 0 0 0 0 0 0 0 0 0 0 0 0 0 0 25 10 0 0 0 0 0 0 0 0 0 0 0 0 
 52 153 91 0 97 47 82 53 290 189 275 130 71 310 136 37 66 155 88 589 0 0 0 0 2 3 4 0 0 2 0 5 76 102 27 1 0 0 0 0 0 2 0 0 0 4 74 0 0 0 0 0 0 0 0 0 0 8 0 3 0 0 0 3 2 1 1 21 5 0 0 0 0 0 0 3 0 0 0 3 0 21 0 18 12 0 9 0 0 1 0 38 0 0 0 0 0 16 0 0 1 0 0 0 0 0 18 15 0 0 1 0 0 18 0 0 0 0 39 0 0 0 0 0 0 0 0 0 0 0 0 0 2 0 0 0 0 0 0 0 0 0 2 0 0 0 0 1 0 0 0 0 0 0 0 0 0 0 0 0 16 31 12 23 1 13 9 14 2 10 0 23 0 24 0 14 0 1 0 0 12 0 32 1 0 0 0 0 0 0 0 0 1 14 0 0 0 0 11 16 0 0 0 0 0 0 0 0 0 41 0 0 0 0 11 0 0 0 0 0 0 0 0 0 7 0 0 0 0 0 0 0 0 0 0 0 0 0 0 0 0 0 0 0 0 2 1 2 2 102 10 7 0 0 0 0 0 0 0 0 0 0 0 0 0 0 0 0 0 0 0 0 0 0 0 13 10 0 0 0 0 0 0 0 0 0 0 0 0 0 
 59 107 279 97 0 203 239 269 245 205 95 134 70 379 110 167 409 344 284 101 81 0 78 0 2 4 97 73 1 78 0 0 251 99 9 0 0 2 1 169 0 2 2 3 0 3 0 0 0 0 0 0 0 0 0 0 0 0 0 3 0 0 0 3 3 0 3 0 0 0 0 3 1 2 0 3 0 30 11 2 0 11 0 0 27 10 0 13 30 12 0 59 0 0 4 1 1 0 0 0 22 17 35 0 0 0 28 0 11 0 8 0 35 2 33 0 15 12 0 32 0 0 0 0 0 0 0 0 7 1 0 0 0 0 0 0 0 1 0 0 0 0 0 2 0 0 0 0 1 0 2 0 0 0 0 0 1 0 0 0 0 18 8 11 15 20 0 0 1 35 0 27 0 0 0 2 39 9 0 0 24 0 25 0 0 0 62 1 0 16 0 0 21 0 15 0 15 1 17 12 0 0 0 0 0 0 2 0 0 0 0 0 0 0 0 0 0 0 0 0 1 0 0 0 0 0 0 0 0 0 0 0 0 0 0 0 0 0 0 0 0 0 0 0 0 2 91 2 6 1 0 16 8 0 0 0 0 0 0 0 0 0 0 0 0 0 0 0 0 0 0 0 0 0 0 0 17 0 0 0 0 0 0 0 0 0 0 0 0 0 
 23 239 182 47 203 0 39 34 48 154 552 256 27 139 480 74 100 142 239 268 1 14 150 0 2 90 89 147 77 20 0 0 173 189 35 41 1 77 75 63 0 3 0 3 2 3 0 0 2 3 0 62 0 0 0 0 0 0 2 3 0 0 0 3 6 0 3 0 0 0 0 0 0 2 2 4 0 0 5 33 0 0 16 0 30 15 0 0 10 7 0 22 0 0 0 0 0 0 0 0 21 17 10 0 0 0 54 21 10 1 9 0 13 26 5 9 81 10 0 25 0 0 0 0 3 0 0 0 0 0 0 0 0 0 0 0 0 0 3 0 0 0 0 0 0 0 0 0 1 0 0 0 0 0 2 0 0 0 0 0 0 15 0 21 0 0 0 0 0 16 0 7 0 0 0 0 17 31 0 0 51 14 19 0 0 0 66 1 1 0 0 0 27 12 17 11 18 19 28 11 0 0 0 0 8 0 0 0 2 0 0 0 0 0 0 0 0 1 2 0 0 0 0 0 0 0 0 0 0 0 0 0 0 0 0 2 0 0 0 0 0 0 0 0 0 6 102 0 2 1 0 5 0 0 0 0 0 0 0 0 82 0 0 0 0 0 0 0 0 0 0 0 0 0 0 0 9 0 0 0 0 0 0 0 0 15 0 0 0 0 
 490 234 60 82 239 39 0 239 53 30 51 30 186 58 477 137 241 44 135 210 3 0 0 0 2 4 3 0 0 2 0 0 0 1 0 0 0 2 0 2 0 2 0 0 0 66 0 0 0 0 0 0 0 0 0 0 0 0 0 3 0 0 0 4 4 0 0 3 0 0 0 1 0 0 0 3 0 0 0 3 18 27 15 43 11 31 42 25 8 0 10 0 0 48 13 45 1 16 46 1 13 0 0 0 0 0 0 0 0 0 0 0 15 0 0 0 0 0 0 0 0 0 4 0 0 0 0 0 0 0 0 0 0 0 0 0 0 0 1 0 0 0 10 0 6 0 0 0 0 0 0 0 0 0 0 0 0 0 0 0 10 10 0 0 0 0 64 17 0 14 0 0 13 24 13 0 0 0 12 34 0 0 0 0 0 0 0 0 0 0 0 0 0 0 0 0 0 0 0 0 0 0 0 14 0 0 0 0 0 0 0 0 0 0 18 19 0 0 0 0 0 0 0 0 0 0 0 0 0 0 0 0 0 0 0 0 0 0 0 0 0 0 0 0 0 0 0 0 4 0 10 8 0 0 0 0 0 0 0 0 0 0 0 0 0 0 0 0 0 0 0 19 0 0 0 0 0 0 0 0 0 0 0 0 0 0 0 0 0 0 
 799 182 66 53 269 34 239 0 67 139 23 25 340 484 280 567 352 38 217 245 0 0 2 0 2 2 3 0 0 2 0 0 0 0 0 0 0 1 0 1 0 1 2 0 0 3 0 0 0 1 2 0 2 0 0 0 0 0 0 3 51 5 0 3 3 0 0 0 43 0 0 0 0 0 0 3 0 0 0 3 75 19 23 14 0 29 9 41 21 2 25 0 1 27 7 38 18 0 12 31 0 1 0 0 0 0 20 0 0 1 0 0 0 0 0 0 0 0 30 19 0 0 0 0 0 0 0 0 0 0 0 0 0 0 0 0 0 0 0 0 0 0 0 0 0 0 0 0 0 0 0 0 0 0 0 1 0 0 0 0 24 4 0 20 0 0 22 18 0 15 0 0 11 0 43 23 1 15 0 16 0 0 0 0 0 0 0 0 1 0 0 0 0 0 0 0 0 0 0 0 0 0 0 0 0 0 0 0 0 0 0 1 0 0 0 0 0 0 0 0 0 0 0 0 0 0 0 0 0 0 0 1 0 0 0 1 0 0 0 0 0 0 0 0 2 2 1 0 88 0 17 7 11 0 0 0 0 0 0 7 0 0 0 0 0 0 0 0 0 0 0 0 0 0 0 0 0 0 0 0 0 0 0 0 0 0 0 0 0 0 
 70 271 249 290 245 48 53 67 0 317 127 266 103 317 355 70 274 127 196 279 0 0 0 0 2 4 63 0 1 2 1 0 61 75 0 0 0 3 72 33 0 2 0 0 0 3 0 0 0 0 0 0 1 0 0 0 0 0 0 3 0 31 0 55 3 0 0 0 0 0 0 0 0 0 0 3 0 0 2 3 0 10 1 14 29 16 0 21 26 0 14 0 0 12 30 11 37 20 0 10 0 0 0 0 2 0 31 15 0 0 0 0 2 24 1 0 0 0 23 13 1 0 0 0 0 0 0 0 0 0 0 0 0 0 0 0 0 0 0 0 0 0 1 0 6 0 0 0 0 0 0 2 0 0 2 0 0 0 0 0 16 9 27 19 19 2 17 23 2 11 0 24 0 19 20 7 22 10 3 0 0 7 0 0 0 0 32 0 0 0 0 0 0 9 0 0 0 0 26 11 0 0 7 0 0 0 0 0 0 0 0 0 0 0 0 0 0 0 0 0 0 0 0 0 0 0 0 0 0 0 1 0 0 0 0 0 0 0 0 0 0 0 0 0 0 0 0 0 3 3 0 10 0 0 0 0 0 0 0 0 0 0 0 0 0 0 0 0 0 0 0 0 0 0 0 22 37 0 0 0 0 0 0 0 0 0 0 0 0 0 
 37 125 239 189 205 154 30 139 317 0 92 29 68 111 101 136 355 412 250 325 72 5 0 0 4 16 76 76 5 5 0 1 0 72 26 0 0 3 2 89 0 8 1 0 5 6 0 6 0 4 3 0 1 0 40 2 0 34 2 6 0 3 3 8 3 0 0 2 0 1 0 0 0 0 0 7 0 3 2 3 1 13 0 0 35 11 0 11 14 7 7 0 0 0 0 0 19 14 0 12 0 0 0 0 0 0 30 10 0 0 2 0 25 29 20 0 0 0 20 0 1 0 0 0 0 0 0 0 0 0 0 2 0 0 0 0 0 0 2 0 0 0 0 0 0 0 0 0 0 0 0 0 0 0 0 0 0 0 0 0 19 18 37 4 10 0 0 8 0 21 7 56 0 41 33 21 18 1 0 0 0 0 1 10 0 0 48 3 2 0 0 0 1 35 0 0 1 0 24 35 0 0 0 0 0 0 0 0 1 0 0 0 0 0 0 0 0 2 2 0 0 0 0 0 0 0 0 0 0 0 0 0 0 3 7 0 0 0 0 0 0 0 0 0 0 2 0 0 2 87 1 1 0 0 1 0 0 0 0 0 0 0 0 0 0 0 0 0 0 0 0 0 0 0 0 0 31 0 0 0 0 0 0 0 0 1 0 0 0 0 
 466 256 246 275 95 552 51 23 127 92 0 44 42 157 93 283 206 326 230 67 0 0 0 0 3 2 77 0 0 2 0 0 79 2 0 0 0 1 0 92 0 2 0 0 0 3 0 0 0 0 0 0 0 0 0 0 0 0 0 3 0 0 0 3 3 0 2 0 0 0 0 0 0 0 0 3 0 0 4 3 0 0 21 0 41 16 0 19 31 39 21 9 0 0 1 13 0 24 0 0 16 0 0 0 2 0 3 0 0 0 0 0 76 1 11 0 0 0 0 13 0 0 0 0 0 0 0 0 0 0 0 0 0 0 0 0 0 0 0 0 0 0 0 0 0 0 0 0 0 0 0 0 0 0 2 0 0 0 0 0 0 16 24 0 11 1 0 0 8 15 0 8 0 24 0 5 38 56 2 0 0 0 0 0 0 0 35 0 3 0 0 2 37 0 0 0 0 0 15 14 0 0 0 0 0 0 0 0 0 0 0 0 0 0 0 0 0 0 0 0 0 0 0 0 0 1 0 0 0 0 0 0 0 0 0 0 0 0 0 0 0 1 0 0 0 0 87 0 2 3 0 4 0 0 0 0 0 0 0 0 0 0 13 0 0 0 0 0 0 0 0 0 0 0 0 0 13 10 0 0 0 0 0 0 0 0 0 0 0 0 
 131 26 125 130 134 256 30 25 266 29 44 0 31 62 47 203 221 275 236 52 77 0 74 0 2 5 85 1 0 2 0 0 151 84 98 0 0 2 20 96 0 65 2 0 0 3 0 0 0 37 0 0 2 0 0 0 0 0 0 3 1 0 0 3 3 0 0 4 7 0 0 0 0 0 0 3 0 0 0 3 13 0 0 0 1 17 0 10 17 1 0 10 0 0 3 7 0 0 1 0 0 1 0 0 0 0 53 0 11 0 0 0 12 6 9 0 10 0 47 19 0 0 0 0 0 0 0 0 0 0 0 0 0 0 0 0 0 0 0 0 0 0 0 2 6 0 0 0 0 0 0 0 0 0 0 1 1 0 0 8 0 0 0 41 20 12 0 0 0 0 0 21 0 0 0 14 0 4 0 0 9 27 25 0 0 0 51 0 0 1 0 0 10 0 0 0 14 8 22 10 0 0 0 0 0 0 0 0 0 0 0 0 0 1 2 0 0 0 0 0 0 16 0 0 0 0 0 0 0 0 0 0 0 0 0 0 0 0 0 0 0 0 0 0 2 0 85 2 86 85 0 18 0 0 0 0 0 0 0 0 0 0 0 0 0 0 0 0 0 0 0 0 0 0 0 0 0 1 0 0 0 0 0 0 0 0 0 0 0 0 
 330 48 63 71 70 27 186 340 103 68 42 31 0 418 59 163 120 325 387 170 0 0 0 0 2 3 3 0 0 2 0 0 0 0 2 1 0 2 0 0 0 2 0 0 0 3 0 3 0 0 0 0 2 0 0 3 0 0 0 3 2 4 0 48 3 0 2 0 0 3 1 3 0 0 0 3 0 2 0 3 51 10 21 1 0 0 0 19 11 11 6 0 12 11 0 8 30 20 35 36 2 0 0 0 0 0 0 0 0 0 0 0 0 0 0 0 0 0 0 0 0 0 0 0 0 0 0 0 0 0 0 0 0 0 0 0 0 0 0 0 0 0 6 0 0 0 0 0 0 0 0 0 0 0 0 0 0 0 0 0 14 7 0 17 0 3 9 0 0 12 0 0 0 0 25 13 0 47 0 28 0 0 0 0 0 1 1 0 0 0 2 0 0 0 0 17 0 0 0 1 0 0 0 0 0 0 0 0 0 0 0 0 0 0 0 0 0 0 0 0 0 0 0 0 0 0 0 1 0 0 0 0 0 0 0 0 0 0 0 0 0 56 0 0 0 2 2 1 2 0 0 2 7 1 0 0 0 0 0 0 0 0 0 0 0 0 0 0 0 0 0 0 0 0 0 0 0 0 0 0 18 0 0 0 0 0 0 0 0 0 
 263 56 107 310 379 139 58 484 317 111 157 62 418 0 213 326 80 259 214 275 0 0 0 0 2 2 3 0 0 2 0 1 0 0 0 0 0 1 0 0 0 2 2 0 0 3 2 0 0 0 0 0 2 0 0 0 0 0 0 3 0 3 0 3 3 0 0 4 0 0 3 0 0 0 0 3 0 0 3 3 50 12 14 0 1 64 0 37 20 14 8 19 5 0 0 18 13 0 36 47 0 0 0 0 0 0 13 2 0 0 0 8 10 0 1 0 1 0 18 10 0 2 0 0 0 0 0 0 0 0 0 0 0 8 0 0 0 0 0 0 0 0 0 0 0 0 6 0 0 0 0 0 0 0 0 0 0 0 0 0 0 28 20 27 0 4 2 13 0 16 0 0 0 11 0 32 2 10 0 24 0 0 0 0 0 0 11 0 0 0 0 0 0 0 0 0 0 0 0 58 0 0 0 0 15 0 0 0 0 1 0 0 0 0 0 0 0 0 0 0 0 0 0 2 0 0 0 0 0 0 0 0 0 0 0 0 0 0 0 0 0 10 0 0 0 0 88 2 89 0 21 7 11 0 0 0 0 0 0 0 0 0 14 0 0 0 0 0 0 0 0 0 0 0 0 0 0 0 0 0 0 0 0 14 0 0 0 0 0 0 
 580 399 43 136 110 480 477 280 355 101 93 47 59 213 0 215 98 238 155 312 0 0 0 0 6 2 3 0 0 2 0 75 2 0 0 0 0 1 0 2 0 2 1 0 0 3 0 0 0 0 0 0 0 0 0 0 0 0 0 5 28 0 0 3 2 0 0 0 0 1 0 0 0 0 0 6 0 0 0 3 13 30 26 28 11 0 24 18 8 0 1 0 22 55 91 33 16 19 12 0 0 0 0 0 0 0 0 0 0 0 1 0 10 0 0 1 0 0 33 14 0 0 0 0 0 0 0 0 0 0 0 0 0 0 2 0 0 0 0 0 0 0 19 0 18 0 0 0 0 2 0 0 0 0 0 0 0 0 0 0 11 31 1 1 0 0 57 30 2 21 19 0 0 28 0 22 0 0 1 31 0 0 0 0 23 0 0 0 0 0 0 0 9 0 0 0 0 0 5 0 0 1 0 0 0 0 0 0 0 0 0 0 0 0 0 0 0 0 0 0 0 0 1 0 0 0 0 0 0 0 0 0 0 0 0 0 2 0 0 0 0 13 0 0 0 2 1 2 4 0 12 21 0 0 0 0 0 0 0 11 0 0 0 0 0 0 0 0 0 0 0 0 0 2 0 25 0 0 0 0 0 0 0 0 0 2 0 0 0 0 
 73 41 489 37 167 74 137 567 70 136 283 203 163 326 215 0 166 83 119 162 76 0 0 0 2 5 3 0 0 4 0 0 2 0 0 0 0 1 0 0 0 0 0 0 0 3 0 0 0 0 0 0 1 0 0 0 0 0 0 3 0 5 0 3 3 0 0 0 0 0 0 0 0 0 0 3 0 2 0 3 23 7 56 0 0 8 0 50 39 22 23 0 11 0 11 43 0 13 19 0 1 0 0 0 0 0 18 0 0 0 0 0 46 0 0 0 0 0 19 12 0 0 0 0 0 0 0 0 0 0 0 0 0 0 0 0 0 0 0 0 0 0 0 5 0 0 0 0 0 0 0 0 0 1 0 0 0 0 0 0 0 32 1 38 6 14 0 0 0 10 10 0 0 0 0 33 32 13 0 10 0 0 0 0 0 0 31 116 18 0 0 0 21 0 0 0 0 0 0 23 0 0 0 0 0 0 0 0 0 0 0 0 0 0 0 0 0 0 0 0 0 0 0 0 0 0 0 0 0 0 0 0 0 0 0 0 0 0 0 0 0 19 0 0 0 1 3 2 2 1 0 5 10 0 0 0 0 0 0 0 0 0 0 0 0 0 0 0 0 0 50 0 0 0 0 0 0 2 0 0 0 0 0 0 0 0 0 0 0 0 
 225 234 382 66 409 100 241 352 274 355 206 221 120 80 98 166 0 152 103 114 0 0 0 0 2 5 24 0 0 2 0 0 0 73 0 1 0 1 75 53 0 2 2 0 0 4 0 0 46 0 0 5 1 0 0 0 0 0 0 3 0 4 0 3 3 0 0 0 0 0 0 0 0 0 0 3 0 0 0 3 16 10 10 35 16 48 1 31 36 0 19 0 0 13 38 0 42 0 0 14 0 28 0 0 0 0 51 13 0 0 0 0 13 14 11 0 0 0 23 0 0 0 0 0 0 0 1 0 0 0 0 0 0 2 0 0 0 0 0 0 0 0 2 0 4 0 0 0 0 0 0 45 0 0 0 0 0 0 1 0 15 7 26 0 22 0 11 47 11 0 6 9 0 32 21 37 1 0 6 0 0 0 0 0 2 0 10 0 0 0 0 2 0 14 0 0 0 2 26 0 0 0 0 0 0 0 0 0 0 0 0 0 0 0 0 0 0 0 0 1 0 0 0 0 0 0 0 0 0 7 0 0 0 0 0 0 0 0 0 0 0 0 0 0 0 1 0 1 87 0 15 16 0 0 0 0 0 0 0 0 0 0 0 0 0 0 0 0 0 0 0 0 0 0 0 16 11 0 0 0 0 0 0 0 0 0 0 0 0 11 
 33 91 212 155 344 142 44 38 127 412 326 275 325 259 238 83 152 0 130 244 0 0 0 0 2 4 16 0 0 2 0 0 101 0 0 0 0 3 145 34 0 0 2 0 0 3 2 3 2 3 0 3 2 0 2 3 0 62 0 3 51 0 0 3 2 0 13 0 0 0 0 0 0 0 0 3 0 2 11 3 0 3 22 0 21 32 0 8 28 11 8 15 0 0 11 20 0 13 0 0 11 0 0 0 0 0 7 0 0 0 0 0 52 31 11 0 0 0 9 21 0 0 0 0 0 17 0 0 0 0 0 0 0 0 0 0 0 0 0 0 0 0 0 0 0 0 0 0 0 0 0 0 0 0 0 0 0 2 0 0 0 1 22 21 32 2 0 0 14 62 10 56 2 4 2 20 68 21 0 2 0 2 0 0 0 0 20 0 0 0 0 0 25 12 0 0 25 0 13 24 0 0 0 0 0 0 0 0 0 0 0 0 0 0 0 0 0 0 0 0 0 0 0 0 0 0 0 0 0 0 0 0 0 0 0 7 10 0 0 1 0 0 0 0 0 0 8 0 1 2 0 5 0 1 0 0 0 0 0 0 0 0 0 0 0 0 0 0 0 0 0 0 0 0 0 0 20 0 0 0 0 0 0 0 0 0 0 0 0 0 
 141 55 30 88 284 239 135 217 196 250 230 236 387 214 155 119 103 130 0 94 0 0 3 0 2 5 5 2 0 6 3 14 0 0 2 0 0 2 74 0 0 0 3 0 0 3 0 0 0 0 0 0 3 0 0 2 0 0 0 6 2 2 0 3 3 0 0 0 0 0 1 0 0 0 0 3 1 0 2 3 51 0 26 2 0 0 12 58 9 0 10 14 16 32 0 15 8 2 19 25 0 0 0 0 0 0 0 0 0 0 0 0 0 0 0 0 0 0 0 0 2 0 0 0 0 0 0 2 0 0 0 1 0 0 0 0 0 0 0 0 0 0 6 0 0 0 0 0 0 0 0 0 0 0 0 0 0 0 0 0 11 0 15 0 0 4 18 13 0 13 0 0 11 14 29 11 0 16 27 33 0 0 0 0 0 0 1 1 1 0 0 18 0 0 0 0 0 0 0 0 0 0 0 0 0 0 0 0 2 0 2 0 0 0 0 0 0 0 1 0 0 0 0 0 0 0 13 0 0 0 0 0 0 0 0 0 0 0 15 0 0 0 0 0 0 0 4 0 1 0 0 13 0 0 0 0 0 0 0 0 0 0 0 0 0 0 0 0 0 0 0 0 0 0 0 0 0 0 0 0 0 0 0 0 0 0 0 0 0 0 
 206 95 44 589 101 268 210 245 279 325 67 52 170 275 312 162 114 244 94 0 0 0 0 2 2 2 3 0 72 5 1 3 0 2 2 3 0 3 0 0 4 0 1 0 0 3 0 2 0 0 2 2 0 0 0 0 0 0 0 3 3 0 27 6 6 0 0 0 0 0 0 2 0 0 0 6 0 0 0 5 71 31 16 20 0 13 19 86 6 0 30 0 9 9 0 33 0 0 4 4 0 1 0 0 0 0 0 0 0 0 0 0 0 5 16 0 0 0 1 0 0 0 0 0 0 0 0 0 0 0 0 0 0 10 0 0 0 0 0 0 0 0 0 0 0 0 0 21 12 0 0 0 0 0 0 0 0 0 0 0 19 37 15 0 0 0 0 9 0 13 0 0 7 11 0 12 0 0 0 63 0 0 0 0 0 0 0 0 0 0 0 0 0 0 0 0 0 0 0 11 0 0 0 0 2 0 0 0 0 0 0 0 0 0 0 0 0 0 0 0 0 0 0 13 0 0 0 0 0 0 0 0 0 0 0 1 0 0 0 0 0 11 0 0 2 0 89 0 5 0 14 9 0 0 2 0 0 0 0 0 0 0 13 0 0 0 0 0 0 0 0 0 0 0 0 0 0 0 0 0 0 0 0 0 0 0 0 0 0 13 
 0 0 78 0 81 1 3 0 0 72 0 77 0 0 0 76 0 0 0 0 0 310 70 149 44 36 125 97 141 147 172 42 337 139 121 326 251 189 174 212 0 5 0 0 3 0 0 0 0 0 0 0 0 0 0 3 4 0 0 2 0 3 2 0 0 3 0 6 10 0 0 0 0 0 0 3 0 0 0 0 0 0 0 0 9 0 0 0 0 1 0 0 0 0 0 0 0 0 0 0 22 25 27 1 1 0 41 5 12 16 1 20 20 10 8 13 7 0 0 42 0 0 0 0 0 0 0 0 0 0 0 0 0 10 3 18 0 0 0 0 2 0 11 6 0 0 0 0 0 0 0 0 0 0 0 0 0 0 0 0 0 0 29 8 17 11 0 0 0 19 3 6 0 1 0 3 12 0 0 0 10 24 39 2 0 3 19 109 10 14 2 6 8 1 2 4 26 1 0 23 0 0 0 0 0 0 19 0 0 0 0 0 0 0 0 0 0 0 1 21 0 0 0 0 0 0 0 0 0 0 0 2 0 0 0 0 0 0 0 0 0 0 17 0 0 0 73 0 0 0 0 0 0 0 1 0 0 0 4 2 9 0 7 0 0 0 0 0 0 0 0 0 0 0 0 0 11 13 0 0 0 0 0 0 0 0 0 0 0 0 
 0 0 0 0 0 14 0 0 0 5 0 0 0 0 0 0 0 0 0 0 310 0 92 140 22 108 85 455 475 98 343 113 66 62 206 349 106 201 103 74 1 3 0 0 3 0 2 0 0 0 49 0 4 0 0 3 1 0 0 2 0 3 2 0 0 0 0 3 2 0 3 0 0 0 0 3 0 0 0 1 0 0 0 0 0 0 0 0 0 0 0 0 0 0 0 0 0 0 0 0 17 12 4 8 15 14 1 0 40 47 9 20 41 9 14 21 5 0 0 0 9 2 0 0 0 0 0 8 0 0 0 0 11 12 0 0 0 0 8 8 0 0 0 1 0 0 0 5 0 0 0 0 13 20 0 2 0 6 0 0 0 0 0 0 0 0 0 0 0 0 3 0 0 0 0 0 0 0 0 0 38 8 0 59 23 12 0 23 0 16 24 0 1 10 27 10 12 45 0 22 1 0 0 0 0 0 10 0 0 0 0 0 18 1 0 2 2 0 0 18 0 0 0 0 0 0 0 0 0 0 2 0 0 0 0 0 0 0 0 0 0 0 0 0 0 0 0 0 0 0 0 0 0 0 8 0 2 1 0 2 20 4 0 0 0 0 2 0 0 0 0 0 0 0 0 0 0 0 0 0 0 24 0 0 0 20 10 0 0 0 
 0 0 0 0 78 150 0 2 0 0 0 74 0 0 0 0 0 0 3 0 70 92 0 496 47 38 681 289 145 540 112 550 290 52 273 195 189 105 38 201 0 4 0 0 3 0 43 0 0 0 3 2 67 65 0 4 0 0 0 67 0 3 2 4 0 3 0 3 2 0 0 0 0 51 58 3 0 0 0 0 6 0 0 0 0 10 0 0 0 0 0 15 13 0 0 0 0 0 54 0 31 0 29 21 26 9 0 25 18 31 10 14 0 0 0 30 68 6 0 18 19 10 12 0 2 0 0 27 24 0 0 0 13 12 1 0 0 1 46 7 0 0 4 0 0 0 0 0 0 0 0 0 0 0 0 0 2 0 0 0 0 0 1 1 0 0 0 3 1 0 0 0 16 0 0 0 0 0 0 0 21 0 1 10 18 29 17 21 14 0 0 18 9 9 11 14 13 1 10 0 10 0 1 0 0 0 0 11 19 0 0 24 11 0 0 0 0 7 0 10 2 21 0 0 0 0 0 0 0 0 0 0 0 0 18 0 0 0 0 0 0 0 0 0 0 0 1 0 0 0 0 0 0 0 2 2 0 0 3 1 0 0 0 0 0 0 19 0 0 0 0 0 0 0 0 0 0 0 0 0 0 8 0 0 0 0 0 0 0 0 
 75 0 0 0 0 0 0 0 0 0 0 0 0 0 0 0 0 0 0 2 149 140 496 0 305 78 553 135 80 334 318 279 383 72 292 259 250 52 68 153 5 3 2 0 5 0 67 1 0 0 0 0 129 26 0 3 7 3 31 5 0 3 2 2 0 9 0 3 2 0 0 0 1 0 0 3 2 0 0 0 0 0 0 0 0 0 0 0 0 0 0 0 0 0 0 0 0 0 0 0 0 0 15 10 35 1 14 21 0 1 7 29 0 0 1 22 23 10 0 15 8 1 49 0 0 2 21 0 23 0 0 0 0 3 11 11 7 0 11 15 10 0 0 0 0 0 0 3 0 0 2 0 0 17 0 0 2 10 0 0 0 0 0 0 9 0 0 0 0 0 0 0 0 0 0 0 0 0 0 0 0 12 4 13 34 33 0 23 22 17 1 30 9 12 0 34 0 1 0 0 1 11 0 0 1 0 1 23 19 0 1 0 21 0 20 14 0 0 2 12 0 0 0 0 0 0 0 0 0 0 0 0 0 0 0 0 0 0 0 0 0 0 14 0 0 0 0 0 0 0 0 0 0 0 2 1 0 79 155 5 2 12 0 0 0 0 1 0 0 0 15 0 0 0 0 0 0 0 0 14 0 8 0 0 0 0 0 0 0 0 
 2 2 2 2 2 2 2 2 2 4 3 2 2 2 6 2 2 2 2 2 44 22 47 305 0 173 51 91 138 181 95 380 72 131 174 152 367 48 64 70 67 3 32 0 3 0 37 1 0 0 4 0 25 0 1 3 29 0 63 4 0 3 2 0 0 0 0 2 2 6 0 0 0 3 0 3 0 0 0 1 0 0 0 0 0 0 0 22 0 0 0 0 0 0 0 2 0 0 0 0 0 21 20 27 25 0 0 0 13 0 20 0 0 17 0 0 4 29 0 0 0 0 50 0 1 0 15 26 0 0 7 0 15 0 0 0 25 0 3 42 0 0 0 0 0 0 0 0 0 0 1 0 0 0 0 0 0 0 0 0 0 18 0 0 0 0 0 4 0 0 0 0 0 0 1 0 0 0 0 0 0 19 0 0 36 10 0 0 35 23 31 54 0 0 5 15 0 0 0 0 1 2 15 0 0 0 0 13 1 35 11 0 1 44 15 5 1 12 28 43 0 0 0 0 0 0 0 0 0 0 0 0 0 0 0 0 0 2 0 0 0 0 0 0 0 0 0 0 0 0 0 0 0 0 0 0 0 39 0 0 5 0 0 0 0 0 0 0 0 0 1 0 0 0 0 0 0 0 0 0 0 0 0 0 0 0 0 0 0 0 
 2 3 89 3 4 90 4 2 4 16 2 5 3 2 2 5 5 4 5 2 36 108 38 78 173 0 48 112 42 58 71 124 255 36 349 64 44 294 260 37 2 3 64 0 3 2 0 61 0 0 71 0 63 2 0 3 62 0 22 2 4 3 50 0 0 46 0 31 2 0 0 0 0 0 0 3 2 0 0 0 0 0 0 0 0 0 0 0 0 1 0 0 0 0 0 0 0 0 0 0 0 0 11 9 37 0 0 46 0 0 1 0 0 1 0 0 8 12 0 0 12 0 2 0 0 0 35 10 0 39 17 0 23 15 20 0 0 0 5 29 0 0 0 0 0 0 0 3 0 1 1 0 0 0 0 0 0 6 0 1 0 3 0 0 0 0 0 0 0 0 11 0 0 0 0 0 0 0 0 0 13 0 0 13 3 0 0 0 17 11 8 17 0 13 0 13 38 12 0 0 15 9 19 0 0 0 13 15 0 0 0 15 47 0 50 31 4 0 13 14 0 0 0 0 2 0 1 0 0 0 0 0 2 0 0 0 0 0 0 0 0 0 0 0 0 0 0 0 0 0 0 0 0 0 6 1 0 82 96 5 7 23 0 0 0 0 0 0 0 0 0 0 0 0 0 0 0 0 0 14 0 41 0 0 2 0 0 0 0 0 
 3 3 14 4 97 89 3 3 63 76 77 85 3 3 3 3 24 16 5 3 125 85 681 553 51 48 0 261 215 150 106 42 106 306 36 174 106 260 329 176 0 4 0 3 3 64 0 0 0 0 0 0 1 0 0 3 0 0 0 3 0 41 2 3 0 0 0 3 2 0 0 0 0 0 45 3 0 54 0 0 0 0 3 0 7 1 0 0 6 0 0 0 0 0 0 0 0 0 0 0 26 55 25 0 9 0 12 48 1 16 20 0 1 24 18 13 12 9 0 2 0 0 0 0 0 0 0 0 0 0 0 0 0 0 0 0 0 0 1 0 0 0 0 0 0 0 4 0 0 0 0 0 7 0 0 0 0 1 0 0 0 0 15 0 0 6 0 0 1 0 0 7 0 0 0 0 0 0 0 0 32 18 8 16 1 0 25 9 0 12 0 0 9 22 38 19 0 20 11 0 0 0 0 0 0 2 0 0 0 0 0 0 0 0 0 1 0 0 12 0 0 0 0 0 0 0 0 0 0 0 0 0 0 0 0 0 0 0 0 0 0 0 0 0 0 0 0 0 0 1 0 0 0 0 7 1 2 79 0 2 3 0 0 0 0 0 11 0 0 0 0 0 0 0 0 0 7 0 0 0 0 0 0 0 0 13 9 0 0 0 
 0 0 0 0 73 147 0 0 0 76 0 1 0 0 0 0 0 0 2 0 97 455 289 135 91 112 261 0 134 127 113 44 126 92 37 384 22 127 127 70 0 3 0 2 3 0 0 0 0 0 0 0 2 0 0 3 0 69 0 2 0 3 2 0 0 3 0 5 2 0 0 28 0 0 0 3 0 0 51 0 0 0 0 0 0 0 0 0 0 0 0 0 0 0 0 0 0 0 0 0 8 19 33 56 12 12 7 0 19 0 17 8 12 16 20 7 17 19 0 0 0 0 0 0 0 0 0 29 0 0 0 0 0 0 0 0 0 0 0 15 0 0 0 0 0 0 0 4 0 0 0 0 0 0 0 0 0 4 0 0 0 4 0 13 8 11 0 2 4 0 7 0 0 0 0 0 0 0 0 0 21 12 0 36 0 0 10 16 23 37 18 10 8 19 12 43 0 26 0 16 0 0 0 0 0 0 8 0 0 0 0 0 0 0 0 0 0 0 0 3 14 0 0 0 0 0 0 0 0 0 0 0 0 0 0 0 0 0 0 0 0 0 0 0 0 0 0 0 0 0 0 0 0 0 0 0 0 76 0 2 3 0 0 0 0 0 0 0 0 0 0 0 0 0 0 0 0 0 0 0 0 0 0 0 0 11 0 0 0 0 
 0 1 0 0 1 77 0 0 1 5 0 0 0 0 0 0 0 0 0 72 141 475 145 80 138 42 215 134 0 264 115 53 115 187 175 160 160 192 238 90 1 5 0 0 4 0 0 0 0 0 9 1 3 0 0 3 0 0 0 4 0 3 59 1 3 0 0 2 2 0 0 0 0 17 0 3 0 0 0 2 0 0 0 0 0 2 0 0 0 0 14 0 0 0 0 0 0 0 0 0 25 19 0 23 13 0 0 13 89 43 1 1 14 17 0 34 21 0 0 0 12 0 14 0 0 0 0 12 0 0 0 0 31 0 0 0 0 0 21 8 0 0 0 0 0 0 4 0 0 0 0 0 0 0 0 0 6 0 0 3 0 0 0 0 0 0 0 0 0 0 9 0 0 0 0 0 0 0 0 0 9 17 0 26 39 20 3 20 1 42 2 0 10 29 27 49 0 21 0 18 0 0 0 0 0 0 0 0 0 0 0 0 8 0 1 0 0 0 25 38 0 0 0 0 0 0 0 0 0 0 0 0 0 0 0 0 0 0 0 0 0 0 0 0 0 0 2 0 0 0 0 0 0 0 3 1 2 1 0 0 9 0 0 0 0 0 0 0 0 0 0 0 0 0 0 0 0 0 0 0 0 0 0 0 0 12 12 0 0 0 
 2 2 4 2 78 20 2 2 2 5 2 2 2 2 2 4 2 2 6 5 147 98 540 334 181 58 150 127 264 0 377 60 162 161 193 211 108 200 214 147 33 72 15 0 2 2 78 0 0 0 3 0 2 2 3 7 0 0 17 74 1 3 2 0 1 67 3 2 2 0 0 0 0 8 0 3 2 0 4 2 0 0 0 0 0 7 0 0 0 2 0 0 12 0 0 0 0 0 0 0 58 0 23 23 4 12 0 0 12 14 4 31 34 0 28 47 35 13 0 21 0 0 1 0 0 0 16 1 0 0 1 0 12 13 0 20 0 0 27 0 0 0 0 0 0 0 13 0 20 0 0 0 0 0 0 0 4 0 0 11 0 0 0 0 0 56 0 0 0 0 0 0 0 0 0 0 0 0 0 1 45 12 3 16 0 10 12 0 8 9 9 24 8 15 15 25 9 18 0 0 1 0 2 0 0 0 0 2 0 3 0 0 3 21 12 0 0 0 1 0 0 0 0 0 1 0 0 0 0 0 0 0 1 0 0 0 0 0 0 0 0 0 0 0 0 0 0 0 0 0 0 0 0 0 0 0 0 76 1 1 17 2 0 0 0 0 0 0 0 0 0 0 0 0 0 0 0 0 0 0 0 0 0 0 1 12 0 0 0 0 
 75 0 0 0 0 0 0 0 1 0 0 0 0 0 0 0 0 0 3 1 172 343 112 318 95 71 106 113 115 377 0 373 52 32 104 82 146 196 449 161 19 6 0 0 3 0 66 1 5 3 0 0 2 0 1 4 2 0 0 65 0 3 4 8 0 0 0 3 2 0 0 0 4 3 2 3 0 0 0 4 0 0 0 0 0 0 0 5 0 0 0 0 0 0 0 0 0 0 0 0 21 14 18 28 38 13 0 19 11 8 21 28 2 0 0 17 3 17 0 18 9 0 0 0 0 0 20 0 0 0 4 0 18 0 0 33 0 0 1 14 0 0 0 7 0 0 0 1 0 0 8 0 0 0 0 0 0 1 0 0 0 10 0 0 0 2 0 0 0 0 0 0 0 0 0 0 0 0 0 0 8 8 31 10 1 21 0 42 29 0 0 23 7 11 9 12 22 2 0 0 22 0 0 0 0 0 0 1 1 10 0 0 0 0 9 14 11 0 0 0 0 0 0 0 0 0 0 0 0 0 0 0 0 18 0 0 0 0 0 0 0 0 12 0 0 0 0 0 0 0 0 0 0 0 23 2 0 78 1 2 13 20 0 0 0 0 21 0 0 0 1 1 0 0 0 0 13 0 0 19 0 0 0 0 0 0 1 0 0 0 
 0 0 0 5 0 0 0 0 0 1 0 0 0 1 75 0 0 0 14 3 42 113 550 279 380 124 42 44 53 60 373 0 28 103 46 102 153 225 21 56 0 3 0 0 3 0 0 0 0 0 3 0 1 0 0 3 0 5 3 65 53 3 2 4 0 0 0 3 2 0 0 0 0 0 0 3 0 0 0 0 0 0 0 0 0 0 0 0 0 0 0 0 0 0 0 0 0 0 0 0 0 32 27 12 23 39 0 30 0 15 19 12 0 1 13 1 21 9 0 0 0 28 2 0 0 0 0 53 7 0 0 0 0 0 0 0 0 0 0 65 0 0 0 0 0 0 0 20 0 0 0 0 0 0 0 0 0 25 0 0 0 4 9 0 0 0 0 2 0 0 0 0 0 0 0 0 0 0 0 0 0 11 0 11 26 0 0 19 33 28 16 33 0 1 55 20 7 38 0 0 0 0 14 0 0 0 12 0 11 0 0 0 0 9 0 0 0 0 1 0 0 0 0 0 0 0 0 0 0 0 0 0 0 0 0 0 0 0 0 0 0 13 0 0 0 1 0 0 0 0 0 0 0 0 0 0 0 78 2 8 2 0 0 0 0 0 28 0 0 0 0 0 0 0 0 0 0 0 0 0 0 0 12 0 8 0 20 0 0 0 
 2 0 84 76 251 173 0 0 61 0 79 151 0 0 2 2 0 101 0 0 337 66 290 383 72 255 106 126 115 162 52 28 0 151 139 113 45 150 559 274 0 3 3 0 2 0 0 0 0 0 0 0 7 0 1 3 5 0 0 65 2 3 2 0 0 0 7 4 3 0 3 0 0 0 0 3 0 0 6 0 0 0 0 0 27 27 5 0 1 0 0 33 0 0 22 10 0 0 0 0 25 1 31 0 0 0 3 2 14 0 0 10 11 17 10 16 13 0 21 64 0 0 11 0 0 0 0 0 2 0 0 0 0 0 0 13 0 0 1 0 0 0 0 0 0 0 0 0 0 0 0 0 0 0 0 0 0 0 0 0 0 0 7 17 10 11 0 2 12 27 1 21 0 6 0 16 36 38 0 0 16 0 49 0 0 14 1 16 10 1 0 43 9 24 7 15 0 12 10 29 0 0 0 0 0 0 0 0 0 0 0 0 0 1 0 0 0 0 0 0 0 0 0 0 0 0 0 0 1 0 0 0 0 0 0 0 0 0 2 0 0 0 14 0 0 0 2 0 0 74 0 0 0 0 3 0 0 0 1 2 3 0 0 0 0 72 0 0 0 0 0 0 0 0 0 0 11 0 0 0 0 0 0 0 0 0 0 0 0 0 
 0 0 72 102 99 189 1 0 75 72 2 84 0 0 0 0 73 0 0 2 139 62 52 72 131 36 306 92 187 161 32 103 151 0 384 261 151 38 261 171 1 5 0 3 3 0 0 0 0 0 0 0 0 2 0 3 0 0 0 7 0 3 2 0 0 1 0 8 11 0 0 0 0 0 0 3 0 5 0 0 0 0 0 0 14 3 0 0 0 0 1 0 0 0 0 0 0 0 0 0 17 23 3 13 0 0 17 27 0 2 26 0 0 29 22 7 0 21 12 0 0 0 0 0 0 0 0 0 0 0 0 0 0 0 0 0 0 0 25 0 0 0 0 0 0 0 4 0 0 0 0 0 0 0 0 0 31 0 0 5 0 0 0 17 1 23 0 0 2 0 0 4 0 0 0 0 0 0 0 0 33 34 10 0 18 0 12 0 10 23 9 10 0 26 35 23 0 7 22 1 0 0 0 0 0 0 0 0 0 0 0 0 0 0 0 0 0 0 17 0 0 0 0 0 0 0 0 0 0 0 0 0 0 1 0 0 0 12 0 0 0 0 2 0 0 0 0 0 0 111 0 0 0 0 5 0 1 3 0 0 2 0 0 0 0 0 0 0 0 0 0 0 0 0 0 13 8 0 0 0 0 0 0 0 0 0 0 0 0 0 
 0 0 0 27 9 35 0 0 0 26 0 98 2 0 0 0 0 0 2 2 121 206 273 292 174 349 36 37 175 193 104 46 139 384 0 112 270 50 55 217 0 5 0 0 3 0 0 0 0 0 0 2 2 0 0 5 0 0 0 5 0 3 53 0 3 1 0 7 13 0 0 0 0 0 3 3 0 0 0 0 0 0 0 0 0 0 0 0 0 0 0 15 0 14 0 0 0 0 0 0 13 16 0 0 0 0 18 30 17 38 28 10 0 0 0 9 22 1 36 24 16 0 0 0 0 0 0 17 0 0 0 10 10 8 0 0 0 0 21 2 0 0 0 2 0 0 0 0 0 0 0 0 0 0 0 0 1 0 0 0 0 0 0 10 1 10 0 0 0 0 2 0 0 0 0 0 0 0 0 0 18 11 21 0 4 9 32 11 25 1 3 18 0 0 21 0 37 2 11 0 16 0 0 0 0 0 0 0 0 0 45 0 12 0 0 0 0 0 0 7 0 1 0 0 0 0 0 0 0 0 0 0 0 0 0 0 0 0 0 0 0 0 0 0 0 0 75 0 0 75 0 0 0 0 0 0 2 0 2 0 1 3 0 0 0 0 0 0 0 0 0 0 0 0 0 39 0 0 0 0 0 9 0 0 0 0 0 0 0 0 
 0 0 0 1 0 41 0 0 0 0 0 0 1 0 0 0 1 0 0 3 326 349 195 259 152 64 174 384 160 211 82 102 113 261 112 0 61 176 87 54 62 3 0 0 2 0 53 1 1 0 5 0 36 0 0 3 0 0 62 3 0 3 2 0 0 0 0 2 2 0 0 0 0 11 0 3 0 0 0 19 0 0 2 0 0 1 0 0 0 1 0 16 0 0 0 0 0 0 0 0 22 42 9 8 22 11 0 26 30 12 18 11 0 13 11 20 33 0 25 0 17 0 19 0 0 0 9 18 0 0 1 0 10 18 1 0 0 0 17 4 0 0 0 0 0 0 0 14 0 0 0 0 0 0 0 0 0 2 0 1 12 0 0 1 0 0 0 0 0 0 0 0 0 9 0 10 0 5 0 6 12 13 18 24 0 18 20 11 0 10 35 0 6 1 1 13 20 20 0 12 0 0 1 0 0 0 7 0 0 0 0 0 9 0 20 0 0 0 39 9 0 0 0 0 2 0 0 0 0 0 0 0 1 0 0 0 0 0 0 0 0 0 0 0 0 0 0 0 0 0 0 0 0 0 6 2 0 42 0 0 2 0 0 0 0 0 0 0 0 0 0 0 0 0 0 0 0 0 0 0 0 0 0 0 0 15 0 0 0 0 
 0 0 0 0 0 1 0 0 0 0 0 0 0 0 0 0 0 0 0 0 251 106 189 250 367 44 106 22 160 108 146 153 45 151 270 61 0 161 46 44 0 3 0 2 2 0 56 0 1 0 5 0 66 63 2 67 0 0 0 177 0 3 2 3 0 0 0 2 2 0 0 0 45 0 0 3 0 1 9 0 0 0 2 0 0 18 0 0 0 0 0 0 0 0 0 0 0 0 0 0 16 2 41 42 61 23 0 21 16 16 3 47 0 0 0 5 21 13 0 0 14 10 30 0 0 0 1 21 23 0 0 0 12 0 1 0 0 0 64 4 0 0 0 0 0 0 7 0 0 0 0 0 0 0 0 0 11 0 0 7 0 0 1 0 0 0 0 5 1 0 0 0 0 0 0 0 0 0 0 0 42 0 0 13 68 9 0 0 20 0 0 50 0 30 10 19 6 0 0 0 10 0 2 0 0 2 0 11 19 0 0 0 0 0 0 1 0 0 25 14 0 0 0 0 1 0 0 0 0 0 0 0 0 0 0 0 0 0 0 0 0 0 0 0 0 0 0 0 0 0 0 0 0 0 7 0 2 73 1 1 0 0 0 0 0 0 15 0 0 0 0 0 0 0 0 0 0 0 0 12 0 0 0 0 0 0 0 0 0 0 
 1 2 1 0 2 77 2 1 3 3 1 2 2 1 1 1 1 3 2 3 189 201 105 52 48 294 260 127 192 200 196 225 150 38 50 176 161 0 268 354 0 4 0 0 3 0 0 12 0 0 0 0 2 0 1 3 4 0 0 2 0 3 2 0 0 0 0 3 2 0 0 0 0 0 0 3 0 0 0 0 0 0 0 20 0 0 0 0 0 0 2 1 0 0 0 0 0 0 0 0 9 22 20 0 0 14 0 41 5 39 20 26 0 57 12 72 8 0 0 20 1 0 0 0 0 0 0 0 0 0 0 0 0 0 0 12 0 0 13 0 0 0 0 0 0 10 0 2 0 0 0 0 0 0 0 0 0 1 2 0 0 0 0 0 0 0 0 0 0 0 0 0 0 0 0 0 0 0 0 0 10 47 7 35 19 21 6 20 9 11 14 34 16 0 32 46 15 63 0 0 1 0 0 1 0 0 7 0 0 0 0 0 0 0 0 0 0 0 13 0 0 0 0 0 0 0 0 0 0 0 0 0 0 1 0 0 0 0 0 0 0 0 13 0 0 0 0 0 0 0 0 0 0 0 3 3 4 2 82 0 19 0 0 0 0 0 14 0 0 0 0 0 0 0 0 0 0 0 0 0 0 0 0 0 0 0 7 0 0 0 
 0 0 0 0 1 75 0 0 72 2 0 20 0 0 0 0 75 145 74 0 174 103 38 68 64 260 329 127 238 214 449 21 559 261 55 87 46 268 0 98 0 4 0 1 3 0 0 0 0 0 0 0 0 0 0 3 0 0 0 64 0 3 2 0 0 45 18 3 2 0 0 0 0 0 0 3 0 0 1 0 0 0 0 0 15 19 0 0 0 0 0 14 0 0 1 0 0 0 0 0 38 22 0 11 0 0 0 1 10 2 9 0 13 35 13 5 0 0 28 0 0 0 0 0 0 0 0 0 0 0 0 0 0 0 0 0 0 0 19 0 0 0 0 0 0 0 9 0 0 0 0 0 0 0 0 0 5 0 0 6 0 0 0 30 0 7 1 0 22 19 10 22 0 6 0 7 27 11 0 0 46 9 19 11 0 0 9 34 0 0 0 0 13 37 13 10 17 11 12 40 0 0 0 0 0 0 0 0 0 0 0 0 0 0 0 0 0 0 0 0 0 0 0 0 0 0 0 0 0 1 0 0 0 0 0 0 0 0 0 0 0 0 0 0 0 2 0 0 0 4 0 0 0 0 4 0 2 0 0 2 0 2 0 0 0 0 0 0 0 0 0 0 0 0 0 14 0 0 0 0 0 0 0 0 0 59 0 0 0 1 
 0 0 42 0 169 63 2 1 33 89 92 96 0 0 2 0 53 34 0 0 212 74 201 153 70 37 176 70 90 147 161 56 274 171 217 54 44 354 98 0 0 4 0 0 204 1 1 0 0 0 0 0 2 0 0 3 0 0 0 2 10 3 2 0 4 7 0 6 2 0 0 0 2 0 0 3 0 0 0 0 0 7 1 0 9 0 0 0 17 0 0 16 0 0 0 0 0 0 0 0 6 3 43 15 1 0 54 24 10 6 12 14 0 15 14 0 43 0 0 45 0 0 0 0 0 0 0 0 0 0 0 0 0 0 14 0 0 0 8 0 0 0 0 2 0 0 0 0 0 0 0 0 0 0 0 0 1 0 0 0 0 0 0 13 9 13 0 0 0 0 0 6 0 0 0 0 0 0 0 0 0 12 68 9 1 18 52 0 28 44 7 10 0 17 8 10 35 9 18 0 0 0 0 0 0 0 0 0 0 0 0 0 0 0 0 0 0 20 0 0 0 0 0 0 0 0 0 0 0 0 0 0 0 0 0 0 0 0 0 0 0 0 1 0 0 0 80 0 0 1 0 0 0 0 11 0 1 0 1 0 12 1 0 0 0 0 0 0 0 0 0 0 0 0 0 0 27 0 0 0 0 0 0 0 0 0 0 3 0 0 
 66 0 0 0 0 0 0 0 0 0 0 0 0 0 0 0 0 0 0 4 0 1 0 5 67 2 0 0 1 33 19 0 0 1 0 62 0 0 0 0 0 72 74 121 239 37 350 71 31 118 70 107 76 46 75 82 100 40 280 154 0 0 0 2 53 0 0 0 0 2 1 1 0 9 0 0 0 0 2 8 0 0 0 0 0 0 0 0 0 0 0 0 0 0 0 0 0 0 0 0 0 0 0 0 1 9 9 0 0 0 0 8 0 0 0 0 0 19 0 0 0 11 21 11 0 0 24 8 0 29 0 14 9 19 9 0 7 35 10 10 0 4 0 0 0 0 0 0 0 0 0 0 8 9 0 0 1 0 0 0 0 15 0 0 0 0 0 9 0 0 0 0 10 0 0 0 0 0 0 0 0 0 0 0 0 0 0 0 0 0 4 19 0 0 0 0 16 0 0 0 24 0 1 14 10 0 5 0 0 23 0 1 0 25 19 0 0 0 0 10 0 0 0 0 0 0 0 0 0 0 0 0 0 0 0 0 11 0 18 0 0 0 0 0 0 0 0 0 0 0 0 0 0 2 0 0 0 65 0 2 0 0 0 0 0 2 0 0 1 0 0 0 0 0 0 0 12 0 0 0 0 0 0 0 0 0 0 0 0 0 
 2 2 2 2 2 3 2 1 2 8 2 65 2 2 2 0 2 0 0 0 5 3 4 3 3 3 4 3 5 72 6 3 3 5 5 3 3 4 4 4 72 0 204 297 108 273 59 149 139 295 168 93 46 88 449 385 115 117 49 39 1 0 0 0 0 0 10 1 0 2 0 2 51 1 0 0 0 3 2 5 0 0 0 0 0 0 0 0 0 0 0 0 0 0 0 0 0 0 0 0 0 0 0 0 0 0 0 0 0 0 0 0 0 0 0 0 0 0 0 0 0 0 0 26 8 11 9 0 0 1 20 15 0 0 0 8 0 18 0 0 0 0 0 5 0 0 0 0 0 0 0 0 4 13 0 0 0 0 0 0 0 0 2 0 0 0 0 0 0 0 0 0 0 0 0 0 0 0 0 0 0 0 7 0 0 0 0 0 0 0 0 0 0 0 0 0 0 0 0 0 1 1 0 7 0 9 15 0 0 18 31 0 21 18 0 77 15 28 0 0 0 9 0 0 0 0 0 0 0 0 0 0 0 2 7 0 0 0 0 0 0 0 1 0 0 0 0 0 0 0 0 2 0 0 0 0 1 1 0 3 0 0 2 0 7 1 0 4 0 0 0 0 0 1 0 0 0 0 0 0 0 0 0 0 0 16 0 17 0 0 
 0 2 1 0 2 0 0 2 0 1 0 2 0 2 1 0 2 2 3 1 0 0 0 2 32 64 0 0 0 15 0 0 3 0 0 0 0 0 0 0 74 204 0 91 48 47 53 71 135 404 98 96 114 43 484 94 150 210 43 62 53 1 3 0 0 4 0 6 2 7 1 1 62 7 5 4 2 0 0 0 0 0 0 0 0 0 0 0 0 0 0 0 0 0 0 0 0 0 0 0 0 0 0 0 0 0 0 0 0 0 0 0 0 0 0 0 0 0 0 0 13 23 24 21 16 40 0 16 15 6 1 9 6 36 16 0 15 23 0 11 0 27 2 0 0 0 5 15 0 6 0 0 13 8 48 2 6 0 0 0 0 0 0 0 0 0 0 0 0 0 0 0 0 0 0 0 0 0 0 6 0 0 0 0 0 0 0 0 0 0 0 1 0 0 0 0 0 0 0 0 62 18 12 28 1 9 10 11 0 11 15 29 11 23 7 16 11 27 28 36 10 1 0 2 0 0 25 0 6 0 0 0 10 0 0 1 0 6 27 20 0 0 0 0 0 0 0 0 0 0 0 11 0 0 0 0 0 0 1 0 0 0 0 1 0 1 0 0 0 0 1 0 0 0 0 0 0 0 0 0 0 2 0 0 11 0 0 0 1 0 
 0 0 0 0 3 3 0 0 0 0 0 0 0 0 0 0 0 0 0 0 0 0 0 0 0 0 3 2 0 0 0 0 0 3 0 0 2 0 1 0 121 297 91 0 142 37 56 67 63 93 64 243 118 161 80 200 305 70 55 121 0 0 0 0 0 0 0 0 0 0 29 0 49 0 0 0 0 0 51 0 0 0 0 0 0 0 0 0 0 0 0 0 0 0 0 0 0 0 0 0 1 2 0 10 0 0 0 0 0 0 9 0 0 0 4 0 0 5 0 0 0 12 0 60 0 24 0 10 6 77 10 10 0 9 10 0 0 0 0 0 0 0 0 0 0 0 5 2 15 0 0 0 7 13 0 0 19 0 22 29 0 0 0 7 0 11 0 0 0 0 0 0 0 0 0 0 0 0 0 0 5 0 0 0 0 0 0 0 0 5 0 0 0 0 6 0 0 9 0 0 0 0 13 9 26 17 27 12 0 0 0 0 10 0 0 27 35 0 0 0 13 20 0 0 0 0 8 25 0 0 0 0 0 10 8 50 0 0 1 19 0 0 0 0 0 0 0 0 0 0 0 3 0 0 0 0 0 0 0 1 0 26 83 0 5 0 1 1 0 0 0 0 0 0 0 0 0 0 0 0 0 0 0 0 13 20 0 0 0 0 
 0 0 0 0 0 2 0 0 0 5 0 0 0 0 0 0 0 0 0 0 3 3 3 5 3 3 3 3 4 2 3 3 2 3 3 2 2 3 3 204 239 108 48 142 0 454 51 77 278 312 114 125 62 66 89 147 487 56 155 99 5 0 0 0 2 0 52 3 0 2 0 0 64 0 72 1 56 2 4 0 0 0 0 0 0 0 0 0 0 0 0 0 0 0 0 0 0 0 0 0 9 0 0 0 0 0 0 0 0 0 0 0 20 0 0 0 0 7 0 0 11 0 0 3 1 0 16 0 1 5 0 11 0 0 1 0 5 0 11 0 20 10 0 0 0 0 16 0 0 0 0 0 0 16 0 0 11 11 16 3 0 0 0 0 0 0 0 0 0 0 0 0 0 0 0 0 0 0 1 0 0 0 0 0 0 0 0 0 0 0 0 0 0 0 0 0 0 0 0 0 0 7 0 9 36 15 2 0 0 0 0 0 0 0 59 8 0 1 0 0 1 21 22 0 0 0 6 13 20 19 1 0 18 11 25 22 11 0 11 24 0 0 0 0 0 0 0 0 0 0 0 10 0 0 0 0 0 0 0 2 16 0 4 64 67 12 0 0 2 0 0 0 0 22 0 0 0 0 0 0 0 0 0 0 12 0 0 11 0 0 
 3 3 3 4 3 3 66 3 3 6 3 3 3 3 3 3 4 3 3 3 0 0 0 0 0 2 64 0 0 2 0 0 0 0 0 0 0 0 0 1 37 273 47 37 454 0 37 54 108 123 281 154 60 64 115 120 167 165 60 47 102 0 0 0 2 0 2 0 0 0 1 1 102 0 0 0 1 0 55 4 0 0 0 0 0 0 0 0 0 0 0 0 0 0 0 0 0 0 0 0 0 0 0 0 0 0 0 0 1 0 0 0 0 0 0 0 0 0 0 0 0 0 0 13 27 2 0 0 0 0 0 6 0 0 0 0 0 0 0 17 0 11 13 0 0 0 12 0 0 2 11 14 0 21 0 9 1 15 2 10 0 0 0 0 0 0 0 0 0 0 0 0 4 0 0 0 0 0 10 0 10 0 0 0 0 0 0 0 0 0 0 0 0 0 0 0 0 0 0 0 0 0 0 0 6 16 0 0 0 0 0 16 0 0 0 10 0 13 0 0 47 18 11 0 0 0 10 12 9 3 22 0 11 17 14 0 10 8 17 11 0 0 0 0 0 0 0 0 0 0 0 5 0 0 0 0 0 0 0 0 0 0 0 0 0 0 1 0 0 0 0 0 52 0 0 0 0 0 0 0 0 0 0 0 17 0 0 12 1 0 
 0 0 0 74 0 0 0 0 0 0 0 0 0 2 0 0 0 2 0 0 0 2 43 67 37 0 0 0 0 78 66 0 0 0 0 53 56 0 0 1 350 59 53 56 51 37 0 280 36 39 43 258 145 168 46 50 25 41 115 122 0 0 0 0 0 0 0 0 0 0 0 0 0 7 0 0 0 0 0 4 0 0 0 0 0 0 0 0 0 0 0 0 0 0 0 0 0 0 0 0 0 12 22 27 12 19 0 0 12 0 0 33 0 0 0 9 4 5 0 0 0 10 11 0 0 0 35 0 23 0 7 2 27 7 3 0 27 4 36 0 0 0 0 0 0 0 0 0 0 0 0 0 0 7 0 10 0 0 0 0 0 0 1 0 0 0 0 3 0 3 0 0 0 0 0 0 0 0 0 0 0 1 0 0 13 47 0 0 0 0 7 12 0 0 0 0 20 0 0 0 10 3 2 0 4 0 0 38 22 54 11 0 12 2 29 3 0 4 0 0 0 0 0 0 0 0 0 0 0 0 0 0 44 0 0 0 0 0 0 0 0 0 0 0 0 0 0 0 0 0 0 0 0 0 0 0 0 63 1 0 0 0 0 0 2 0 0 0 0 0 0 0 0 0 0 0 0 0 0 13 0 0 0 0 0 0 0 0 0 0 
 0 0 0 0 0 0 0 0 0 6 0 0 3 0 0 0 0 3 0 2 0 0 0 1 1 61 0 0 0 0 1 0 0 0 0 1 0 12 0 0 71 149 71 67 77 54 280 0 277 95 43 240 71 214 147 113 39 42 57 67 1 0 0 0 91 0 0 0 0 4 0 1 0 0 4 0 0 0 0 0 0 0 0 0 0 0 0 35 0 0 0 0 0 0 0 0 0 0 0 0 0 0 0 0 0 1 0 0 0 0 0 1 0 0 0 0 0 1 0 0 14 20 28 7 0 9 10 17 6 10 32 12 15 18 55 0 57 0 1 63 0 0 0 0 0 0 0 0 0 0 1 0 0 0 0 4 0 0 0 0 0 0 20 0 0 0 0 0 0 0 0 0 0 0 0 0 0 0 0 0 0 0 0 0 1 1 0 0 0 0 0 1 0 0 0 0 1 0 0 0 14 22 66 12 37 0 10 27 1 61 12 1 6 46 0 7 6 0 16 82 0 0 0 0 0 0 0 0 0 0 0 0 0 0 0 0 0 0 11 0 0 0 0 0 0 0 0 0 0 0 0 3 0 0 0 0 0 1 0 0 0 0 67 0 2 0 0 0 0 0 1 0 0 0 0 0 0 0 0 0 0 0 0 0 0 0 0 0 0 0 
 0 0 0 0 0 2 0 0 0 0 0 0 0 0 0 0 46 2 0 0 0 0 0 0 0 0 0 0 0 0 5 0 0 0 0 1 1 0 0 0 31 139 135 63 278 108 36 277 0 244 41 374 46 74 175 148 185 243 60 156 0 0 2 3 0 0 0 0 0 0 1 0 103 0 4 0 0 5 2 0 0 0 0 0 0 0 0 0 0 0 0 0 0 0 24 0 0 0 0 0 0 0 0 0 0 0 0 0 0 0 0 0 0 0 0 0 0 0 0 0 1 11 0 71 33 68 0 8 11 8 0 29 0 0 0 0 0 40 0 0 11 24 0 0 0 0 0 15 0 0 0 0 8 23 22 0 6 7 0 0 0 0 0 0 0 0 0 0 0 0 0 0 0 0 47 0 0 0 0 0 0 0 0 0 0 0 0 0 0 0 0 0 0 0 0 0 0 0 1 0 4 5 0 10 7 37 0 11 11 2 9 33 0 0 0 15 7 57 0 0 20 0 0 0 0 0 26 0 1 0 0 0 7 25 0 2 0 0 11 7 0 0 1 0 0 0 0 0 0 0 0 4 0 0 0 0 0 0 0 1 0 0 0 1 3 0 0 1 0 0 0 0 0 0 0 0 0 0 0 0 0 0 0 0 9 8 0 19 0 0 
 0 0 0 0 0 3 0 1 0 4 0 37 0 0 0 0 0 3 0 0 0 0 0 0 0 0 0 0 0 0 3 0 0 0 0 0 0 0 0 0 118 295 404 93 312 123 39 95 244 0 234 329 48 84 98 396 329 78 290 179 57 3 0 4 20 0 2 0 1 8 5 0 0 6 0 1 5 10 2 0 0 0 0 0 0 0 0 0 0 0 0 0 0 0 0 0 0 0 0 0 0 0 0 0 0 0 0 0 0 0 0 0 0 0 0 0 0 0 0 0 0 15 0 19 19 19 0 14 14 28 0 0 0 0 2 23 11 2 0 6 5 13 0 1 9 1 9 13 0 4 0 1 5 0 19 0 15 0 1 8 0 0 11 0 0 0 0 0 0 0 0 0 0 0 0 0 0 0 0 0 0 0 0 0 0 0 0 0 12 0 0 0 0 0 0 0 0 0 0 0 20 38 10 18 28 8 11 11 27 37 20 31 0 0 0 0 24 22 0 0 1 0 0 0 0 0 15 0 0 0 0 0 19 0 1 34 0 0 9 0 0 0 1 0 0 0 0 0 0 0 0 0 0 0 0 1 0 0 0 10 0 0 2 64 0 10 3 15 0 0 2 0 0 0 0 3 0 0 0 0 0 0 0 0 12 15 0 0 0 0 
 0 0 0 0 0 0 0 2 0 3 0 0 0 0 0 0 0 0 0 2 0 49 3 0 4 71 0 0 9 3 0 3 0 0 0 5 5 0 0 0 70 168 98 64 114 281 43 43 41 234 0 107 58 50 71 79 164 127 52 148 55 0 0 3 55 0 51 0 0 2 0 0 46 0 46 1 0 0 0 2 0 0 0 0 0 0 0 0 0 0 0 0 0 0 0 0 0 0 0 0 0 0 0 6 5 0 0 0 9 4 0 0 0 0 0 0 11 0 0 0 20 29 19 21 0 0 0 13 18 11 22 0 7 0 0 7 8 2 2 18 21 0 0 0 0 0 11 0 0 2 0 0 3 22 0 0 0 0 6 0 0 0 0 0 0 0 0 0 0 0 0 0 0 0 7 0 0 0 1 0 0 0 18 0 0 0 0 0 0 0 0 0 0 0 0 0 0 0 0 0 11 3 1 26 41 0 21 54 0 19 0 20 0 19 0 0 0 9 4 15 1 0 0 0 0 0 0 3 21 22 1 0 18 1 0 32 0 0 18 3 0 0 4 0 0 0 0 0 0 0 0 9 0 0 0 0 0 0 1 0 0 0 0 63 1 13 0 1 1 0 0 0 0 25 0 0 0 0 0 0 0 3 0 0 18 0 0 0 1 0 
 0 0 0 0 0 62 0 0 0 0 0 0 0 0 0 0 5 3 0 2 0 0 2 0 0 0 0 0 1 0 0 0 0 0 2 0 0 0 0 0 107 93 96 243 125 154 258 240 374 329 107 0 31 37 38 166 67 205 45 44 47 0 0 0 0 0 51 0 0 0 0 0 17 0 9 0 0 1 0 0 0 0 0 0 0 0 0 0 0 0 0 0 0 0 5 0 0 0 1 0 0 0 0 0 0 0 0 0 0 0 0 0 0 0 0 0 0 0 0 0 0 0 0 13 9 20 0 0 0 11 0 24 0 0 0 0 0 8 0 0 0 0 0 0 0 0 25 10 0 4 0 0 43 48 10 0 6 0 5 10 4 0 0 0 0 0 0 0 0 0 0 0 0 0 0 0 0 0 6 0 0 0 0 0 14 0 0 0 0 0 0 0 0 0 0 0 0 0 0 0 0 0 0 0 12 16 0 0 0 0 0 0 0 0 0 7 0 12 0 0 11 5 9 0 0 0 17 49 0 0 0 0 1 10 3 22 11 0 27 4 0 0 0 0 0 0 0 0 0 0 0 7 0 0 0 0 0 0 0 1 0 15 4 0 69 4 3 0 0 0 0 0 0 0 0 14 0 0 0 0 0 0 0 0 13 12 0 11 0 0 
 0 0 2 0 0 0 0 2 1 1 0 2 2 2 0 1 1 2 3 0 0 4 67 129 25 63 1 2 3 2 2 1 7 0 2 36 66 2 0 2 76 46 114 118 62 60 145 71 46 48 58 31 0 141 52 37 29 57 144 53 0 0 0 0 0 0 0 0 0 0 0 0 0 0 0 0 0 0 0 0 15 0 0 0 0 0 0 0 0 0 8 0 0 0 0 0 0 0 0 0 0 0 13 12 28 10 0 0 2 6 0 28 0 0 0 0 6 10 0 0 30 11 9 0 0 0 22 6 38 0 7 0 37 11 2 0 8 0 22 4 0 0 0 0 0 0 0 0 0 0 0 0 0 0 0 0 0 0 0 0 0 0 0 0 0 0 0 3 0 0 0 0 0 0 0 0 0 0 0 0 0 0 0 0 13 23 0 0 1 10 0 14 0 0 0 0 2 0 0 0 10 4 0 0 0 0 0 18 5 10 44 0 24 9 21 0 15 15 12 6 0 0 0 0 0 0 9 0 0 53 0 0 0 0 0 0 0 0 1 0 0 0 0 0 0 0 0 0 14 0 0 10 0 2 0 0 0 1 1 0 0 0 0 0 0 40 0 0 0 0 0 0 0 0 0 0 0 0 0 0 0 3 0 0 0 0 0 0 0 0 
 0 0 0 0 0 0 0 0 0 0 0 0 0 0 0 0 0 0 0 0 0 0 65 26 0 2 0 0 0 2 0 0 0 2 0 0 63 0 0 0 46 88 43 161 66 64 168 214 74 84 50 37 141 0 271 92 166 107 179 398 5 4 0 0 0 0 0 0 0 0 52 5 0 0 3 0 0 3 0 0 0 0 0 0 0 13 0 0 0 0 0 0 0 0 8 0 0 0 0 0 0 0 0 0 0 2 0 0 0 0 0 13 0 0 0 0 0 7 0 0 13 20 17 51 17 14 0 0 79 1 15 11 0 17 8 14 0 25 13 0 8 0 0 0 0 0 0 0 0 0 0 0 0 0 0 7 0 0 15 0 0 0 0 0 0 0 0 0 0 0 0 0 0 0 0 0 0 0 0 0 0 0 0 0 4 5 0 0 0 0 0 0 0 0 0 0 0 0 0 0 2 43 33 0 9 9 14 20 47 0 1 34 18 0 17 0 0 26 0 0 0 6 0 0 0 0 0 0 0 0 0 0 0 0 0 0 0 0 0 9 0 0 1 0 0 0 0 0 0 0 0 5 0 0 0 0 0 0 78 0 0 0 33 0 0 0 0 0 0 0 0 0 0 0 0 0 0 0 0 0 0 0 0 0 0 0 0 0 0 0 
 0 0 0 0 0 0 0 0 0 40 0 0 0 0 0 0 0 2 0 0 0 0 0 0 1 0 0 0 0 3 1 0 1 0 0 0 2 1 0 0 75 449 484 80 89 115 46 147 175 98 71 38 52 271 0 448 305 59 107 185 5 0 12 0 0 0 8 0 14 0 0 0 1 0 3 12 0 6 0 3 0 0 0 0 0 0 0 0 0 0 0 25 0 0 0 0 0 0 0 0 0 0 0 0 0 0 0 0 0 0 0 0 0 0 0 0 0 7 0 0 26 18 6 41 9 30 10 0 16 0 45 21 13 25 4 2 36 11 0 0 9 0 0 43 1 6 0 7 9 0 10 6 0 3 0 7 0 0 10 0 0 0 3 0 0 0 0 0 0 0 0 0 0 0 0 0 0 0 0 0 0 0 0 0 10 0 0 0 0 0 0 0 8 0 0 0 0 0 0 0 0 18 13 1 9 0 13 34 1 13 10 18 5 50 0 0 34 29 33 15 0 0 1 0 5 0 0 4 0 7 3 0 0 0 7 5 1 0 0 5 0 0 2 0 0 0 0 0 0 0 0 3 0 0 0 0 0 0 0 0 0 0 65 0 1 2 2 0 0 0 1 0 0 0 0 0 0 0 0 0 0 0 0 0 0 0 0 14 0 0 
 0 0 0 0 0 0 0 0 0 2 0 0 3 0 0 0 0 3 2 0 3 3 4 3 3 3 3 3 3 7 4 3 3 3 5 3 67 3 3 3 82 385 94 200 147 120 50 113 148 396 79 166 37 92 448 0 194 150 105 420 0 0 0 0 0 0 0 0 0 0 52 0 52 0 0 0 0 0 0 0 0 0 0 0 0 0 0 0 0 0 0 0 0 0 0 0 0 0 0 9 0 0 0 0 7 0 0 0 0 0 0 0 0 0 0 0 9 0 0 0 0 7 0 47 8 9 0 0 28 15 0 58 0 16 8 0 0 13 0 0 0 0 0 0 0 0 0 0 0 0 0 0 12 32 21 10 0 0 0 0 0 0 0 0 0 0 0 0 0 0 0 0 0 0 0 0 0 0 0 0 0 0 0 0 0 0 0 0 0 0 0 0 0 0 0 0 0 0 0 0 0 23 14 9 10 29 0 0 0 0 11 0 15 0 0 29 14 20 0 0 0 41 0 0 0 0 0 0 0 0 0 0 0 2 9 1 0 0 18 0 0 0 0 0 0 0 0 0 0 0 0 2 0 21 0 0 0 0 0 1 0 0 35 0 1 4 3 29 0 0 0 0 0 0 0 0 0 0 0 0 0 0 0 0 0 8 0 8 0 0 
 0 0 0 0 0 0 0 0 0 0 0 0 0 0 0 0 0 0 0 0 4 1 0 7 29 62 0 0 0 0 2 0 5 0 0 0 0 4 0 0 100 115 150 305 487 167 25 39 185 329 164 67 29 166 305 194 0 384 47 91 61 0 0 0 0 0 0 0 0 0 1 0 51 0 0 0 0 0 50 0 0 0 0 0 0 0 0 0 0 0 0 0 1 0 0 0 0 0 0 0 0 0 0 0 0 0 0 3 0 0 0 2 0 33 0 6 0 0 0 2 16 0 0 5 16 10 0 0 0 9 13 9 0 0 0 10 0 20 0 0 0 0 0 0 0 0 0 0 0 4 0 0 0 1 0 0 0 0 20 0 0 15 0 0 0 0 6 0 0 0 0 0 0 0 0 0 0 0 0 0 0 0 0 0 0 7 0 3 11 1 0 5 20 0 0 6 0 0 0 0 10 0 4 0 0 7 24 0 1 0 1 28 18 0 0 20 0 7 0 0 14 0 0 0 0 0 9 0 0 0 17 0 11 0 0 0 0 0 1 9 0 0 21 0 0 0 0 0 0 0 0 12 0 0 0 0 0 0 3 2 0 1 1 0 1 2 3 0 0 0 0 0 0 0 0 0 0 0 0 0 0 4 0 0 4 0 0 10 0 0 
 0 0 0 8 0 0 0 0 0 34 0 0 0 0 0 0 0 62 0 0 0 0 0 3 0 0 0 69 0 0 0 5 0 0 0 0 0 0 0 0 40 117 210 70 56 165 41 42 243 78 127 205 57 107 59 150 384 0 249 30 28 0 0 4 0 0 2 0 0 1 0 0 4 0 1 0 0 2 0 3 0 0 0 0 0 0 0 0 0 0 0 0 0 0 0 0 0 0 0 0 0 0 0 0 0 7 0 0 0 0 0 0 0 0 0 0 0 0 0 0 0 4 0 31 21 52 5 0 12 42 0 24 0 0 1 0 0 19 0 0 0 19 0 0 0 0 12 17 0 4 0 0 3 2 59 0 36 0 35 31 0 0 0 0 0 0 0 0 0 0 0 0 0 0 0 0 0 21 0 0 0 0 0 0 0 0 0 0 0 0 0 0 0 0 0 0 0 2 0 0 0 8 5 12 29 17 8 0 3 0 0 23 0 0 3 0 0 61 0 0 19 20 0 0 0 0 22 1 0 0 0 0 29 0 17 22 0 0 0 19 0 0 0 0 0 0 0 0 0 0 0 3 0 0 0 0 0 0 2 8 0 0 0 69 0 10 0 3 0 0 0 0 2 0 0 0 0 0 0 0 0 0 5 0 20 38 0 46 0 0 
 0 0 0 0 0 2 0 0 0 2 0 0 0 0 0 0 0 0 0 0 0 0 0 31 63 22 0 0 0 17 0 3 0 0 0 62 0 0 0 0 280 49 43 55 155 60 115 57 60 290 52 45 144 179 107 105 47 249 0 77 6 6 0 1 0 0 0 0 0 64 10 0 6 4 0 0 7 7 0 2 0 0 8 0 0 0 0 0 0 0 0 0 0 0 0 0 0 0 0 0 0 0 0 0 16 14 0 0 0 0 0 9 0 0 0 0 0 23 0 0 17 11 0 12 0 16 32 0 3 0 82 11 36 65 32 0 54 0 10 0 0 0 0 0 3 0 0 0 0 0 0 0 0 0 0 13 0 0 0 0 0 0 5 0 0 0 0 0 0 0 0 0 0 0 0 0 0 0 0 0 0 0 0 0 0 0 0 0 0 0 8 14 0 0 0 0 6 0 0 0 0 37 37 1 18 0 0 19 0 20 28 0 30 29 6 0 11 1 47 13 0 0 0 0 0 0 0 0 0 0 0 3 0 0 0 0 0 0 0 0 0 0 0 0 0 0 0 0 0 0 0 9 0 0 0 0 0 124 0 0 0 0 67 0 0 0 36 0 0 0 0 0 0 0 0 6 0 0 0 14 0 0 0 0 0 0 0 0 0 0 
 3 3 3 3 3 3 3 3 3 6 3 3 3 3 5 3 3 3 6 3 2 2 67 5 4 2 3 2 4 74 65 65 65 7 5 3 177 2 64 2 154 39 62 121 99 47 122 67 156 179 148 44 53 398 185 420 91 30 77 0 0 0 0 0 0 0 53 0 0 0 1 0 0 0 0 0 0 10 0 0 0 0 0 0 0 4 0 0 0 0 0 0 0 0 0 0 0 0 0 0 19 13 0 22 15 8 0 0 14 0 0 57 0 0 0 7 9 21 3 15 14 5 0 54 17 0 0 0 13 48 0 0 0 0 0 7 0 10 26 0 9 0 0 0 0 0 4 0 0 0 0 0 0 0 0 0 11 0 0 8 0 0 0 0 0 0 0 0 0 0 0 0 0 0 0 0 0 0 0 0 20 23 0 0 43 0 0 0 3 0 0 0 0 1 7 10 8 0 0 0 19 23 0 16 6 25 15 3 10 0 0 0 18 0 0 19 0 5 6 0 0 0 0 10 0 0 0 0 0 0 0 0 0 0 0 14 0 0 0 0 0 0 10 0 0 0 0 0 0 0 0 7 1 2 0 0 0 0 0 0 0 0 0 0 2 2 0 1 0 0 0 0 0 0 0 0 0 0 0 1 0 0 0 0 0 0 0 0 0 0 
 0 58 0 0 0 0 0 51 0 0 0 1 2 0 28 0 0 51 2 3 0 0 0 0 0 4 0 0 0 1 0 53 2 0 0 0 0 0 0 10 0 1 53 0 5 102 0 1 0 57 55 47 0 5 5 0 61 28 6 0 0 159 55 96 46 13 437 107 64 167 116 312 40 137 63 89 180 312 63 134 0 0 0 0 0 0 0 0 19 0 0 0 0 0 0 0 0 0 0 0 0 0 0 0 0 0 0 0 0 0 0 0 0 0 0 0 0 0 0 0 3 0 0 2 14 0 0 0 0 0 4 0 0 0 1 6 0 0 0 0 34 27 25 2 28 0 16 0 7 10 15 22 9 0 3 5 11 37 0 3 0 0 0 0 0 0 0 0 0 0 0 0 42 0 0 0 0 0 3 0 0 0 0 0 0 0 0 0 0 0 0 0 0 0 0 0 0 0 0 0 0 0 0 0 0 0 4 0 0 0 0 2 0 0 0 1 0 1 1 1 0 18 35 0 1 0 18 0 20 0 15 21 0 6 24 24 21 6 0 21 0 0 7 3 0 0 0 0 0 2 0 0 0 0 7 0 17 0 0 11 0 0 0 0 0 0 0 0 0 0 2 0 0 2 3 63 0 0 0 0 0 0 0 0 8 0 0 0 0 0 
