 0 73 95 47 53 549 188 383 467 25 118 30 192 145 59 27 213 48 250 121 0 0 2 3 0 0 0 0 0 2 0 1 0 0 2 0 0 0 79 2 0 0 0 0 0 0 0 0 0 61 0 0 0 2 3 0 0 0 0 0 0 0 4 0 0 1 3 0 3 3 0 3 8 0 41 0 0 0 0 3 25 78 65 0 0 0 0 6 29 4 18 2 48 17 12 11 2 13 25 41 0 0 0 0 0 0 0 2 0 0 0 0 0 0 1 0 0 0 0 0 0 0 0 0 0 0 0 0 0 0 0 0 0 0 0 0 0 0 0 9 0 2 0 0 1 0 0 0 0 0 0 0 0 0 0 0 0 0 0 0 10 26 45 35 9 11 10 1 0 0 0 28 8 6 22 0 30 0 2 17 0 0 0 0 0 0 0 0 0 0 0 0 0 0 0 0 0 0 0 0 0 0 29 0 0 0 0 0 0 0 0 0 2 0 0 0 0 0 0 0 0 0 0 0 2 0 0 0 0 0 0 0 0 0 0 0 2 0 2 0 0 18 0 0 0 0 2 2 1 0 0 20 0 0 0 0 0 0 0 0 0 0 0 0 0 0 0 0 0 0 0 0 0 0 0 0 0 4 0 0 0 0 0 9 0 0 0 0 0 0 
 73 0 221 164 37 267 185 153 70 259 115 263 731 221 158 227 151 152 144 235 0 0 1 3 0 3 0 0 34 0 0 1 2 0 2 0 76 0 76 1 3 34 0 0 0 0 0 0 0 0 1 1 0 2 3 0 0 1 0 0 0 0 8 0 0 0 47 0 3 3 0 3 0 0 3 0 0 0 0 3 8 14 0 32 28 2 10 37 19 30 0 35 24 10 29 27 26 12 0 21 0 0 0 0 0 0 0 0 0 0 0 0 0 13 0 1 0 0 0 13 0 0 0 0 2 2 0 0 0 0 0 0 0 0 0 0 0 0 0 0 3 2 0 0 0 0 0 23 0 0 3 0 0 0 0 0 0 0 0 9 28 0 36 52 0 14 25 32 1 0 0 13 17 0 17 27 19 14 0 11 0 0 0 0 0 0 12 15 0 0 2 0 0 0 0 0 0 0 13 0 0 0 0 0 0 0 0 0 0 0 0 0 0 0 0 0 0 0 7 0 0 0 0 0 0 0 9 0 0 0 0 0 0 1 0 0 0 0 0 1 0 1 0 0 0 1 87 2 0 0 1 9 2 0 0 0 0 1 0 0 0 0 0 0 0 0 0 0 0 0 0 0 0 0 1 44 0 0 0 0 0 0 0 0 0 0 0 0 0 0 
 95 221 0 175 330 125 165 255 147 155 240 37 109 149 143 96 144 93 78 260 1 0 2 3 0 0 74 0 0 1 206 0 26 91 4 0 1 0 156 0 0 0 0 0 0 0 0 0 0 0 0 66 0 2 34 0 0 1 0 0 0 0 3 0 0 0 3 0 3 3 0 49 7 0 3 0 0 0 0 3 26 25 16 19 14 19 6 29 0 32 44 17 1 81 14 32 26 12 0 1 40 0 0 0 0 0 0 0 19 0 0 0 0 20 0 2 0 0 1 2 0 0 0 0 0 11 0 1 0 16 0 0 0 0 0 0 0 0 0 0 6 12 0 0 0 0 0 7 0 0 4 0 0 0 0 0 0 0 0 6 24 11 32 22 38 27 46 2 2 45 0 13 0 0 23 19 0 1 0 9 17 0 8 0 0 0 7 0 0 0 0 0 65 1 1 0 0 0 23 0 0 0 0 0 0 0 0 0 0 9 0 0 0 0 0 0 16 0 0 0 0 0 2 0 0 0 0 0 0 0 0 0 0 0 0 0 0 0 0 2 0 0 0 0 0 0 88 0 2 88 1 6 0 0 0 0 0 0 0 0 0 0 0 0 0 0 0 0 0 0 0 0 0 0 0 12 0 0 0 0 0 0 0 0 0 0 0 0 0 0 
 47 164 175 0 106 30 390 103 473 72 336 140 53 66 143 455 225 202 88 199 1 0 0 3 0 0 147 0 0 2 0 0 75 78 2 3 1 0 0 164 0 2 0 0 7 0 0 0 0 0 0 2 0 2 0 0 0 9 0 0 0 0 3 0 0 0 3 0 3 3 0 3 0 0 3 0 0 0 0 3 24 0 10 21 0 36 20 19 0 18 14 0 13 18 10 20 0 0 19 10 0 0 0 0 0 0 19 20 0 33 0 0 0 65 36 0 0 0 32 35 0 0 0 1 0 0 0 0 0 0 0 0 0 0 0 0 0 0 0 0 4 0 0 0 0 0 0 4 0 0 4 0 0 0 0 3 0 0 0 4 24 0 16 2 1 27 17 30 2 29 0 53 15 14 16 29 0 10 1 15 46 15 2 0 0 0 2 0 12 0 1 0 13 26 6 0 0 0 22 1 0 0 0 2 0 0 0 0 0 0 0 0 0 0 0 0 0 0 16 0 0 0 0 0 0 0 22 0 0 0 0 2 0 0 0 2 0 0 0 0 0 0 0 0 0 0 0 0 2 2 7 10 7 0 0 0 0 0 0 0 0 0 0 0 0 0 0 0 0 0 0 0 0 0 0 7 0 16 0 0 0 0 0 0 0 0 0 0 0 0 
 53 37 330 106 0 145 261 529 112 252 95 162 78 64 260 184 142 121 61 392 60 0 37 3 0 0 37 175 62 0 0 0 159 74 1 0 75 0 72 160 0 0 3 3 1 0 0 0 2 0 2 46 0 6 5 6 0 0 0 6 0 1 3 3 2 2 3 2 3 8 0 3 0 0 3 0 0 0 1 3 0 10 16 0 54 17 0 20 19 0 13 0 0 18 31 17 12 23 0 0 18 27 1 0 0 0 3 13 29 0 0 0 28 14 16 0 0 27 15 8 16 0 0 0 0 27 0 0 0 13 0 0 0 0 0 8 0 2 0 0 0 0 0 0 0 0 0 0 0 5 0 0 0 0 12 0 0 0 0 0 18 18 10 0 33 8 5 0 0 13 94 0 0 0 0 4 0 16 14 0 11 0 9 15 0 0 14 0 17 10 9 1 69 22 0 26 15 0 18 16 0 0 0 0 0 0 0 0 0 0 1 0 0 0 0 0 17 0 2 0 0 0 0 0 0 0 0 0 0 0 0 0 0 0 0 0 0 0 0 0 0 0 0 0 0 3 0 2 89 88 0 23 0 0 0 0 0 0 0 0 0 0 16 0 0 0 0 0 0 0 0 0 0 0 0 0 7 0 0 0 0 1 0 0 0 0 0 0 0 0 
 549 267 125 30 145 0 184 238 59 61 105 147 133 120 58 89 56 228 39 77 162 11 76 81 1 8 4 175 113 0 5 0 35 181 77 240 113 21 198 153 5 0 3 8 0 3 3 0 5 0 0 0 0 6 4 6 2 0 3 6 33 3 13 6 4 4 79 0 3 10 3 3 3 0 3 0 0 0 4 2 0 11 0 0 0 26 0 13 9 1 0 2 0 0 0 0 0 0 0 0 11 28 22 18 0 1 65 9 1 2 1 0 11 10 7 19 1 30 15 0 0 0 0 0 1 0 0 0 0 0 0 0 0 0 0 0 0 0 0 0 0 0 0 0 0 0 0 0 0 0 1 0 0 0 0 0 0 0 0 0 3 0 0 20 0 0 0 0 0 0 0 0 2 0 0 0 0 0 0 0 0 24 13 0 19 45 23 32 18 40 30 0 0 10 27 39 23 26 0 14 0 0 0 2 1 0 0 0 0 0 0 1 9 0 0 0 0 0 1 0 0 0 0 0 0 0 0 0 0 0 0 0 0 0 0 0 0 0 0 0 0 0 13 0 0 0 0 1 1 1 11 8 0 0 0 0 0 0 98 0 0 0 0 0 0 0 1 0 0 0 0 0 0 0 0 0 0 0 0 0 0 10 0 0 0 0 0 0 0 0 
 188 185 165 390 261 184 0 79 346 34 57 44 295 68 78 50 266 150 140 142 3 201 0 3 0 0 22 0 0 2 1 0 27 2 1 0 2 0 76 37 0 2 0 0 0 0 0 0 0 0 0 1 0 3 5 0 0 0 0 0 0 0 3 0 0 3 3 0 3 3 0 3 0 0 3 0 0 0 0 2 22 0 0 14 0 3 21 0 13 29 0 15 0 0 10 2 20 0 2 2 0 0 0 0 0 0 0 0 0 0 0 0 9 0 14 0 0 0 0 11 0 0 0 0 0 0 0 0 0 1 0 0 0 0 0 0 0 0 0 0 0 0 0 0 0 0 0 0 0 0 0 0 0 0 0 0 0 0 0 0 8 48 16 0 0 0 4 13 0 0 0 20 0 0 16 2 13 0 0 0 0 0 0 0 0 0 0 0 0 0 0 0 19 13 15 0 0 0 0 0 0 0 0 0 0 0 0 0 2 0 0 0 0 0 0 0 0 0 0 0 0 0 0 0 0 0 0 0 0 8 0 0 0 0 0 0 0 0 0 0 0 68 0 0 1 2 1 0 2 3 0 6 0 0 0 0 0 0 0 0 0 0 0 0 0 0 0 0 0 0 0 0 0 0 0 0 15 0 0 0 0 0 0 0 0 0 0 0 0 0 
 383 153 255 103 529 238 79 0 649 176 271 292 384 305 145 98 122 111 298 147 2 0 2 3 2 3 0 0 0 2 0 0 0 0 1 4 4 2 1 0 0 2 2 0 0 0 0 0 0 63 0 0 0 2 0 0 0 0 1 1 0 0 3 0 0 1 3 0 4 4 0 3 0 0 3 5 0 0 3 3 13 32 0 36 16 6 0 7 25 1 16 14 50 37 13 30 17 19 43 0 0 0 0 0 0 0 0 0 0 0 0 0 1 0 0 0 0 0 17 0 0 0 0 0 0 0 0 0 0 0 0 3 0 0 0 0 0 13 0 0 0 1 0 0 0 0 10 3 0 10 0 0 0 0 0 3 0 0 0 5 30 16 6 31 14 39 18 19 19 0 36 0 0 0 0 11 0 36 17 0 0 0 0 0 0 0 0 0 0 0 2 0 10 2 1 0 0 0 0 0 0 0 0 0 0 0 0 0 0 0 0 0 0 0 0 0 0 0 0 0 0 0 0 0 0 0 0 0 0 0 0 0 0 2 0 3 0 1 0 24 0 0 0 0 0 0 182 2 88 0 1 5 2 0 1 0 0 0 0 1 0 0 18 0 0 0 0 0 0 0 0 11 0 0 0 0 9 0 0 0 0 0 0 0 0 0 0 0 0 0 
 467 70 147 473 112 59 346 649 0 57 145 56 174 307 372 280 356 125 415 153 1 0 0 4 0 1 147 0 0 1 7 1 107 73 1 0 0 34 280 84 0 1 0 0 0 0 0 0 3 0 0 40 0 2 0 0 0 0 0 0 0 0 3 0 0 2 3 1 3 3 0 3 0 0 3 0 0 0 0 2 14 17 18 18 0 23 7 9 0 35 24 0 22 35 2 14 0 0 30 19 15 0 0 0 0 0 0 0 0 0 0 0 10 14 0 0 0 0 0 9 0 0 0 0 0 0 0 0 0 13 0 0 0 0 0 0 0 0 0 0 0 0 0 0 0 0 0 0 0 0 0 0 0 0 1 0 1 0 0 0 14 16 61 0 14 0 5 20 33 35 0 10 23 14 10 20 19 0 17 0 14 0 17 0 1 0 11 0 0 0 0 0 10 1 0 2 0 0 16 0 0 0 0 0 0 0 0 0 0 0 0 0 0 2 0 0 27 0 0 0 0 0 0 2 0 0 0 0 0 0 0 0 1 0 0 0 0 0 0 0 0 15 0 0 0 0 0 0 3 89 0 9 0 0 0 0 0 0 0 0 0 0 0 0 0 0 0 0 0 0 0 0 0 0 0 0 8 25 0 0 0 0 0 0 0 0 0 0 0 0 
 25 259 155 72 252 61 34 176 57 0 436 430 58 81 179 90 262 49 288 76 76 0 0 3 2 0 0 0 0 4 0 1 1 0 1 8 0 0 1 0 0 0 0 0 0 0 0 1 0 0 0 42 0 2 0 0 0 0 0 0 0 0 3 0 37 2 3 0 3 3 0 3 0 0 3 0 0 1 0 2 0 4 1 28 26 11 0 18 30 0 31 32 61 10 33 0 31 13 10 26 0 2 0 0 0 0 0 0 0 0 0 0 0 0 0 0 0 0 12 1 0 0 0 0 0 50 6 0 0 1 0 0 0 0 0 0 0 0 0 0 3 5 0 0 0 0 1 6 0 0 0 0 0 0 0 15 0 0 0 9 0 0 0 20 39 14 1 7 20 0 17 3 1 0 11 0 0 6 1 0 0 0 0 18 0 0 0 0 0 0 0 0 8 0 0 0 19 0 33 0 0 0 0 0 0 0 0 0 1 0 0 0 0 0 0 0 0 0 0 0 5 0 0 0 8 0 10 2 0 0 0 0 0 0 0 0 0 0 0 0 0 0 0 0 2 2 89 0 0 3 0 18 0 0 1 0 0 0 0 0 0 0 14 0 0 0 0 0 0 0 0 0 0 0 0 0 0 0 0 0 0 0 0 0 0 0 0 0 0 0 
 118 115 240 336 95 105 57 271 145 436 0 72 123 62 175 92 118 154 340 77 1 0 0 3 0 0 25 3 0 1 0 0 75 78 0 0 5 3 77 0 0 1 3 3 0 0 0 0 2 0 0 2 0 2 3 0 2 2 0 0 3 2 3 0 0 1 3 0 3 3 0 3 4 0 3 42 0 0 2 3 24 0 17 0 8 50 14 1 1 43 45 46 3 0 0 10 15 11 0 16 0 0 0 0 0 0 2 34 0 16 0 0 8 20 18 0 21 0 9 19 0 0 0 0 0 0 0 0 0 0 0 2 0 0 0 0 0 0 0 0 0 0 0 0 0 0 0 0 0 0 0 0 0 0 0 1 0 0 0 0 10 20 34 1 21 11 0 10 20 48 1 15 16 14 24 8 0 0 0 0 17 11 17 0 0 0 31 0 9 1 1 0 44 18 22 15 0 0 34 0 0 0 0 0 0 0 0 0 0 0 0 0 0 0 0 0 0 0 0 0 0 0 0 0 0 0 0 0 0 0 0 0 0 0 0 0 0 2 0 0 0 16 0 0 0 0 0 0 1 0 2 179 6 0 0 0 0 1 0 0 0 0 0 0 0 0 0 0 0 0 0 12 0 0 0 0 0 0 0 0 0 0 0 0 0 0 0 0 0 0 
 30 263 37 140 162 147 44 292 56 430 72 0 32 135 126 36 77 293 336 330 1 100 79 3 0 0 76 139 0 0 0 0 0 5 0 0 0 0 151 67 0 0 0 0 0 0 0 0 0 0 0 0 0 2 0 0 0 61 0 0 0 0 3 0 0 0 3 0 3 3 0 3 0 0 3 0 0 0 0 3 0 10 0 0 31 11 0 11 24 13 10 0 0 9 12 29 26 23 0 0 11 32 0 0 0 0 28 23 12 26 2 0 10 0 1 0 0 12 45 12 31 0 0 0 0 1 0 0 0 0 0 0 0 1 0 0 0 0 0 0 0 9 0 1 0 0 0 0 0 1 0 0 0 0 0 0 0 0 0 0 0 0 0 21 13 0 37 0 0 21 48 0 2 0 0 0 0 21 0 0 0 10 0 0 0 0 25 18 9 0 16 11 49 26 17 19 0 0 20 43 0 1 0 0 2 0 0 17 0 0 0 1 0 0 0 0 0 0 0 0 0 0 0 0 0 0 0 0 0 0 0 0 0 0 0 0 11 0 0 0 0 0 0 0 0 0 87 0 5 89 9 2 0 0 0 0 0 0 0 0 0 0 14 0 0 0 0 0 0 0 0 0 0 0 0 0 0 0 0 0 0 0 0 0 0 0 0 0 0 0 
 192 731 109 53 78 133 295 384 174 58 123 32 0 290 227 36 227 49 253 162 2 2 6 6 0 3 5 0 0 2 3 0 0 2 3 3 0 0 0 0 0 2 0 0 0 0 0 0 0 0 0 0 0 4 6 0 0 0 0 0 2 2 3 0 0 5 3 45 3 3 0 3 0 3 3 0 0 0 0 48 22 27 92 0 0 0 0 2 40 8 10 12 8 57 13 77 15 0 30 16 0 0 0 0 0 0 0 0 0 0 0 0 0 0 0 0 0 0 0 0 0 0 0 0 0 1 0 0 0 0 0 0 0 0 2 0 0 0 0 0 0 0 0 1 3 0 0 0 1 0 0 0 1 0 0 0 2 0 0 0 6 6 0 18 0 0 38 15 0 0 0 27 6 10 21 0 17 14 37 9 0 0 0 0 0 0 0 0 0 0 0 0 0 0 2 0 0 0 0 0 12 0 0 0 1 0 0 0 0 0 0 0 0 0 0 0 0 0 0 0 0 0 0 0 0 0 0 0 0 0 0 0 0 1 0 0 0 0 0 0 0 0 0 0 0 18 91 0 0 0 0 9 0 0 0 0 0 0 0 0 0 0 0 0 0 0 0 0 0 0 0 0 0 0 0 0 0 2 0 0 0 0 0 0 0 0 0 0 0 0 
 145 221 149 66 64 120 68 305 307 81 62 135 290 0 151 221 329 118 103 187 2 0 1 3 0 0 0 0 0 1 0 0 0 0 1 0 0 0 1 0 0 1 0 0 0 0 0 0 0 0 0 0 0 2 1 0 0 0 0 0 0 0 3 0 0 2 3 0 3 3 0 3 0 0 3 0 0 0 0 10 0 21 13 30 21 10 23 9 1 15 22 55 24 26 15 22 33 6 32 15 0 0 0 0 0 0 0 0 0 0 0 0 0 0 0 0 0 0 1 1 0 0 0 0 0 0 0 0 1 0 0 10 0 0 0 2 0 0 0 0 10 3 0 0 0 0 0 7 0 0 0 0 0 0 0 4 0 0 0 8 19 20 10 45 15 16 9 46 24 0 0 0 13 0 19 18 0 1 19 2 0 0 0 0 0 0 0 0 2 0 0 0 0 0 0 0 0 0 0 0 0 0 0 0 0 0 0 0 0 0 0 0 0 0 0 0 0 0 2 0 0 0 0 0 0 0 12 0 0 0 0 0 0 0 0 0 0 0 0 0 0 0 0 0 0 0 128 0 1 0 0 9 0 0 0 0 0 0 2 0 0 0 2 0 0 0 0 0 0 0 0 0 0 0 0 0 0 0 0 0 0 0 0 0 0 0 0 0 0 0 
 59 158 143 143 260 58 78 145 372 179 175 126 227 151 0 85 140 40 317 195 2 0 0 3 0 0 3 0 0 5 0 2 6 2 3 0 2 0 17 0 0 2 3 4 1 0 0 0 2 0 3 46 0 6 5 6 0 0 0 10 0 3 3 8 2 2 3 2 3 8 0 3 2 0 3 0 7 3 0 2 28 23 21 13 13 27 7 1 54 0 77 0 13 42 62 6 10 10 27 20 0 0 0 0 0 0 0 0 0 0 0 0 7 0 0 0 0 0 9 7 0 0 0 0 0 14 0 0 0 10 0 0 0 0 0 0 1 0 0 0 0 0 0 0 1 0 0 0 0 0 0 0 0 0 0 0 0 0 0 0 15 10 1 0 4 1 13 15 0 18 8 18 27 16 10 0 30 11 3 17 0 13 0 0 0 0 0 0 0 2 0 0 15 0 0 0 0 0 13 0 0 0 0 0 0 0 0 0 0 0 0 0 0 1 0 0 10 0 0 0 0 0 0 0 0 1 0 0 0 0 0 0 0 0 0 0 15 0 0 0 0 1 0 0 0 3 1 0 0 49 2 3 25 0 0 0 0 0 0 0 0 0 23 0 0 0 0 0 0 0 0 0 0 2 0 0 16 0 0 0 0 0 0 0 0 0 0 0 0 0 
 27 227 96 455 184 89 50 98 280 90 92 36 36 221 85 0 476 310 135 141 2 0 0 3 0 2 25 206 0 3 0 0 42 0 4 0 0 0 2 50 0 4 0 0 5 0 0 0 0 0 0 1 0 2 0 0 0 4 0 0 0 0 3 0 0 1 3 0 3 3 0 3 0 0 3 0 0 0 2 11 0 0 0 88 7 3 26 25 0 8 0 6 26 24 39 0 0 11 31 12 0 0 0 0 0 0 0 0 0 0 0 0 18 0 25 0 0 0 0 22 0 0 0 0 15 1 0 0 0 1 0 0 0 0 2 0 0 0 0 0 3 2 0 1 0 0 0 4 1 0 8 0 1 0 0 0 0 0 0 4 49 17 23 11 11 41 42 24 11 11 0 0 9 1 0 53 0 11 9 10 14 0 0 0 0 0 10 0 0 0 0 0 12 12 12 0 19 0 15 0 0 0 0 0 1 0 0 0 0 0 0 0 0 0 0 0 1 0 0 0 0 0 0 0 12 0 6 0 0 0 0 0 0 0 0 0 0 0 0 0 0 0 0 0 0 0 0 0 0 7 0 13 0 0 0 0 0 0 0 0 0 0 0 0 0 0 0 0 0 0 0 0 0 0 0 6 16 0 0 0 0 0 0 0 0 0 0 0 0 0 
 213 151 144 225 142 56 266 122 356 262 118 77 227 329 140 476 0 165 116 31 1 0 1 3 0 2 0 0 0 1 0 0 1 0 2 0 0 3 0 0 0 1 0 0 0 0 63 0 0 0 0 1 0 2 3 0 0 0 0 0 0 0 3 0 0 3 3 0 3 3 0 3 0 0 3 0 0 0 0 2 50 19 51 1 6 22 20 6 0 14 17 24 7 35 29 53 14 22 32 20 0 0 0 0 0 0 0 0 0 2 0 0 0 0 0 0 0 0 0 0 0 2 0 0 0 0 0 0 0 0 0 0 0 0 0 0 0 0 0 0 0 2 0 0 0 0 0 0 0 0 0 0 0 0 0 0 1 0 0 0 42 35 72 20 0 19 0 22 2 14 1 17 26 16 37 30 0 9 0 0 0 0 0 0 0 0 12 0 0 0 0 0 1 0 0 0 1 0 0 0 0 0 0 0 0 0 0 0 0 0 0 0 0 0 0 0 0 0 0 0 2 0 0 0 0 15 0 0 0 0 0 0 0 0 0 0 1 8 0 21 0 18 0 0 0 5 8 0 3 1 0 5 5 0 0 0 0 0 0 0 0 0 0 0 0 0 0 0 0 0 0 0 0 0 0 42 11 10 0 0 0 0 0 0 0 0 0 0 0 0 
 48 152 93 202 121 228 150 111 125 49 154 293 49 118 40 310 165 0 43 29 0 0 0 3 0 0 75 0 0 1 1 0 150 2 2 0 0 0 76 150 0 0 0 0 4 0 93 0 0 0 0 2 0 2 0 0 0 8 0 0 0 0 9 0 0 1 3 0 3 8 0 3 0 0 3 0 0 0 0 3 11 14 0 18 19 18 0 12 8 36 0 17 0 29 27 37 0 10 10 0 0 0 0 0 0 0 0 4 0 1 0 0 9 0 29 0 0 0 10 25 0 0 0 0 0 0 0 0 0 0 0 0 1 0 0 0 5 0 0 2 0 0 11 0 0 0 0 0 0 0 1 0 0 0 0 0 0 0 0 0 29 15 22 27 13 64 0 12 0 18 0 11 13 0 11 31 22 10 0 0 42 41 1 0 0 0 0 15 0 0 0 0 16 16 13 0 0 0 0 0 0 0 0 0 0 0 0 0 0 0 0 0 1 0 0 0 0 0 1 0 0 0 0 0 0 0 0 0 0 0 0 0 0 0 0 0 1 0 1 0 0 0 0 0 0 0 2 0 2 3 0 16 0 0 0 0 0 0 0 0 0 0 0 0 0 0 0 0 0 0 0 0 0 0 0 28 13 10 0 0 0 0 0 0 0 0 0 0 0 0 
 250 144 78 88 61 39 140 298 415 288 340 336 253 103 317 135 116 43 0 213 1 0 1 5 1 0 1 0 0 2 0 0 0 0 2 0 0 0 0 0 0 2 0 0 0 0 0 0 0 0 0 0 0 2 0 0 65 0 0 0 0 0 3 0 0 1 3 0 3 3 53 3 0 0 3 0 0 0 2 3 20 11 29 0 5 8 75 0 36 0 30 10 10 17 9 23 0 0 17 34 0 0 0 0 0 0 0 0 0 0 0 0 0 0 0 0 0 0 0 0 0 2 0 0 0 0 0 0 0 10 0 0 0 0 0 0 0 0 2 0 0 0 0 0 5 1 0 0 0 0 0 0 0 0 0 0 0 0 0 3 19 10 9 9 0 0 15 13 15 17 0 20 23 17 13 14 28 0 9 37 0 0 0 0 0 0 0 0 0 8 0 0 0 0 0 0 0 0 19 0 0 0 0 0 0 0 0 0 0 0 0 0 0 0 0 0 0 0 0 0 2 0 0 0 1 0 0 0 0 0 0 0 0 0 0 0 0 0 0 0 0 0 0 0 0 0 2 0 0 0 2 9 35 0 0 0 0 0 0 0 0 0 0 0 0 0 0 0 0 0 0 0 0 0 0 0 0 12 0 0 0 0 0 0 0 0 0 0 0 0 
 121 235 260 199 392 77 142 147 153 76 77 330 162 187 195 141 31 29 213 0 2 0 1 3 0 0 0 2 0 2 0 0 44 0 2 0 0 0 0 0 0 2 0 0 0 0 0 0 0 0 0 3 0 64 0 0 0 0 0 0 0 0 3 0 0 1 3 0 3 3 0 3 0 0 3 0 0 2 0 3 11 0 7 24 3 8 21 14 31 0 0 10 9 22 22 21 0 0 17 10 0 0 0 0 0 0 0 0 0 0 0 0 0 0 0 0 0 0 0 0 0 0 0 0 0 0 0 0 0 0 0 0 0 0 0 0 0 0 0 0 2 2 0 0 0 0 0 6 0 0 7 0 0 0 0 0 0 0 0 5 31 0 14 9 0 19 41 28 11 17 0 18 0 9 2 29 17 12 36 25 1 0 0 0 1 0 2 0 0 0 0 0 0 0 0 0 0 0 21 0 0 0 0 4 0 0 0 0 0 0 0 0 0 0 0 0 0 0 0 0 0 0 0 2 0 0 14 0 0 0 0 0 0 0 0 0 0 0 0 0 0 0 0 0 0 2 1 0 1 2 0 21 0 0 0 0 0 0 0 0 0 0 0 0 0 0 0 0 0 0 0 0 0 0 0 7 0 4 0 0 0 0 0 0 0 0 0 0 0 0 
 0 0 1 1 60 162 3 2 1 76 1 1 2 2 2 2 1 0 1 2 0 104 388 86 44 47 76 77 398 54 19 52 141 259 388 63 324 111 41 51 0 0 0 3 1 0 0 0 0 0 0 0 0 0 0 3 0 0 2 3 0 0 0 0 0 0 0 2 0 2 3 0 0 0 0 3 0 0 0 0 0 0 0 0 0 22 0 2 0 0 0 0 0 0 0 0 0 0 2 2 10 13 13 23 0 0 1 61 13 0 11 0 9 56 27 12 12 21 10 0 0 0 0 0 0 0 0 0 0 0 0 0 0 0 0 0 2 0 1 0 0 0 0 0 0 1 0 0 1 2 0 0 0 0 0 0 0 0 0 0 5 0 0 2 0 0 0 0 0 0 0 0 0 0 0 1 0 0 0 0 39 13 25 33 0 0 11 0 17 33 12 9 0 14 0 45 47 18 0 14 0 0 0 1 0 0 0 0 0 0 0 1 15 0 0 0 0 0 0 0 1 1 0 0 0 0 0 0 0 0 0 0 0 0 0 0 0 0 0 0 2 0 0 0 0 0 0 0 0 1 1 0 0 0 11 2 1 0 80 2 0 0 0 0 0 0 0 0 0 0 0 0 0 0 0 0 0 0 0 0 0 23 0 0 0 0 0 0 0 0 
 0 0 0 0 0 11 201 0 0 0 0 100 2 0 0 0 0 0 0 0 104 0 176 79 103 212 379 370 59 43 85 90 271 139 146 501 88 104 50 111 0 1 0 3 0 0 4 0 0 0 0 0 0 0 0 3 0 0 0 7 0 0 0 4 0 0 0 2 0 2 3 0 0 1 0 3 0 0 0 0 0 0 0 0 0 0 0 0 0 0 0 0 0 0 0 0 2 1 0 0 25 17 16 0 11 20 13 0 0 8 55 19 0 9 0 9 22 7 0 0 25 0 0 0 1 0 0 0 0 0 1 0 61 0 0 0 0 0 0 41 0 0 0 0 0 0 0 3 0 0 0 0 0 0 0 0 1 0 0 0 0 3 28 2 0 0 0 0 0 7 0 0 0 1 0 0 0 0 0 0 18 0 30 13 52 69 0 0 13 26 38 0 0 0 8 0 7 38 0 12 0 0 0 0 0 0 0 0 0 0 0 0 10 1 12 0 0 0 15 0 0 0 0 0 0 0 0 0 0 2 1 0 0 0 0 0 0 0 0 0 0 0 0 0 0 0 0 0 0 0 0 0 0 0 12 0 0 82 1 2 12 46 0 0 0 0 0 0 0 0 0 0 0 0 0 0 0 2 0 10 0 0 0 0 0 7 0 0 0 12 
 2 1 2 0 37 76 0 2 0 0 0 79 6 1 0 0 1 0 1 1 388 176 0 164 29 39 371 151 211 125 339 28 301 134 122 347 177 168 45 111 3 0 0 3 3 0 0 0 0 0 0 8 0 0 0 3 0 0 59 66 0 0 0 0 0 0 0 2 0 3 3 0 0 1 0 3 4 2 32 0 0 0 0 14 0 0 0 13 0 0 0 0 2 0 0 0 4 0 0 0 14 25 0 43 22 39 1 33 3 21 14 11 28 0 22 0 0 42 0 0 0 0 0 0 0 0 3 0 0 0 0 0 0 9 0 0 0 0 0 24 12 0 0 0 0 0 0 0 0 0 0 0 0 0 0 0 2 0 10 0 6 0 0 0 23 3 0 0 0 0 13 0 2 0 0 0 0 0 0 0 0 26 0 19 0 0 11 1 0 2 7 26 8 11 24 25 20 0 0 14 0 19 0 0 0 0 0 0 2 0 0 0 0 14 0 0 0 0 33 0 0 0 0 0 0 0 0 0 0 0 0 0 0 0 0 0 0 0 0 0 0 0 10 0 0 0 0 0 0 2 0 0 0 2 4 2 0 81 0 0 0 0 0 0 0 0 0 0 0 0 0 0 0 0 0 0 0 0 0 0 0 0 0 0 0 21 0 0 0 0 
 3 3 3 3 3 81 3 3 4 3 3 3 6 3 3 3 3 3 5 3 86 79 164 0 151 38 264 50 65 121 35 45 70 84 219 114 40 138 53 66 0 0 0 3 2 3 60 7 0 5 6 0 0 2 1 3 0 0 63 3 8 11 4 0 0 5 4 13 5 15 5 0 5 0 2 3 16 0 11 0 0 44 0 0 0 0 0 0 13 0 0 0 0 0 0 0 0 0 0 0 0 1 16 21 18 19 11 22 11 9 16 14 12 13 25 1 12 20 0 0 0 0 0 0 0 0 20 23 0 1 0 0 20 0 10 0 0 0 23 0 0 0 0 0 0 0 0 0 0 0 0 0 0 0 0 0 0 0 0 0 3 0 0 2 0 0 0 6 0 0 0 0 0 13 0 0 0 0 0 0 0 13 0 0 0 29 0 2 0 11 0 0 0 0 0 18 28 13 0 20 19 0 0 0 0 0 30 5 34 0 0 0 41 17 5 0 0 0 0 0 36 0 0 0 0 0 0 0 0 0 0 0 0 0 0 0 0 0 0 0 0 0 0 0 0 0 0 0 0 0 4 0 0 0 3 0 0 76 9 0 7 0 0 0 0 0 0 0 0 0 0 0 0 0 0 0 0 0 0 0 0 0 0 0 0 1 6 0 0 0 
 0 0 0 0 0 1 0 2 0 2 0 0 0 0 0 0 0 0 1 0 44 103 29 151 0 173 56 42 72 61 118 104 89 56 103 89 68 38 68 85 2 0 22 3 3 5 61 70 99 3 3 9 0 5 64 3 73 2 120 65 8 0 49 0 0 3 0 4 3 7 5 2 5 1 0 3 2 2 0 2 0 0 0 0 0 0 7 0 0 0 0 9 0 0 0 0 0 0 0 0 0 9 15 8 37 24 0 0 0 10 0 11 21 1 1 3 9 0 0 0 0 34 0 12 0 0 10 12 9 8 19 0 31 1 11 9 22 3 39 19 0 0 0 0 0 0 0 0 0 0 0 0 0 0 0 0 20 0 0 0 0 13 10 2 0 0 0 0 0 0 0 0 0 0 0 0 19 9 0 7 0 11 0 0 13 1 0 20 2 1 1 0 0 0 0 0 1 14 0 13 23 12 0 64 0 0 31 14 0 2 0 0 0 21 0 0 0 23 0 30 1 0 0 0 0 0 0 0 0 0 0 0 0 0 0 0 0 0 0 0 0 0 0 0 0 0 0 0 0 0 0 0 0 0 11 0 2 2 0 0 0 18 0 0 0 15 10 0 0 0 0 0 10 0 0 0 0 0 0 0 0 0 0 0 8 0 0 0 0 0 
 0 3 0 0 0 8 0 3 1 0 0 0 3 0 0 2 2 0 0 0 47 212 39 38 173 0 37 89 57 141 235 148 32 138 72 86 90 139 44 59 3 0 116 3 0 0 128 124 124 0 0 0 62 2 62 59 62 0 19 65 0 0 0 0 0 0 0 2 0 2 28 0 0 0 0 3 0 0 0 0 0 0 17 0 0 0 0 0 0 0 0 0 0 0 0 0 0 1 0 0 0 0 0 0 1 14 4 7 0 0 0 0 0 0 0 0 7 12 0 0 10 14 1 11 0 0 8 11 9 16 0 0 12 0 16 10 10 0 33 13 0 0 0 0 0 0 0 0 0 0 0 0 0 0 0 0 0 0 0 0 0 0 2 2 0 0 0 0 0 0 0 0 0 0 0 0 0 1 0 2 42 15 13 14 8 2 0 0 10 9 0 9 0 0 12 0 0 24 0 35 18 1 21 7 0 0 21 22 28 1 0 0 37 8 1 1 0 34 0 13 0 0 0 0 2 0 0 0 0 0 0 0 0 0 0 0 0 0 0 0 0 0 0 0 0 0 0 0 0 0 0 0 0 0 7 2 5 1 85 2 1 1 0 0 0 15 14 0 0 0 0 0 0 0 2 0 0 0 0 0 0 0 0 0 7 0 0 0 0 6 
 0 0 74 147 37 4 22 0 147 0 25 76 5 0 3 25 0 75 1 0 76 379 371 264 56 37 0 138 55 29 43 40 175 239 84 27 49 56 37 192 0 0 0 3 0 0 0 0 0 0 0 1 0 0 0 3 0 0 3 4 0 28 0 0 0 0 0 2 0 1 3 0 0 0 0 3 0 0 0 0 0 0 0 13 0 19 0 1 0 6 13 0 1 1 0 2 0 0 0 0 26 40 15 1 30 0 1 37 2 15 0 0 26 39 11 10 10 22 0 24 7 0 0 0 0 0 0 0 0 1 0 0 13 1 0 0 0 0 0 0 0 0 0 0 0 0 0 0 1 0 0 0 0 0 0 0 14 0 0 0 0 2 0 1 29 1 1 0 9 10 10 1 0 0 0 1 0 0 0 0 16 0 0 39 13 0 21 0 32 0 0 27 31 22 10 17 0 15 18 41 34 0 0 0 0 0 0 0 0 2 0 0 0 0 0 0 1 0 0 0 0 0 13 0 0 0 0 0 0 0 0 0 0 0 0 0 0 0 0 0 0 0 0 0 0 0 0 0 1 5 0 0 0 0 14 0 0 0 77 0 0 18 0 0 0 0 0 0 0 0 0 0 0 0 0 0 15 0 0 0 0 10 0 0 0 0 0 0 0 0 
 0 0 0 0 175 175 0 0 0 0 3 139 0 0 0 206 0 0 0 2 77 370 151 50 42 89 138 0 74 105 122 27 194 346 277 26 105 197 83 153 0 0 0 3 0 0 6 0 0 0 0 0 0 0 0 3 0 0 0 6 0 0 0 0 0 0 0 2 0 1 3 1 0 0 0 3 0 3 0 0 0 0 0 0 0 6 0 0 0 0 0 0 0 0 0 0 6 0 0 0 12 0 27 0 1 0 28 33 21 0 0 2 17 25 8 0 27 35 32 0 6 0 0 0 0 0 0 2 0 0 0 0 20 0 0 0 0 0 0 0 0 0 0 0 0 0 0 0 0 1 0 0 0 0 0 1 0 11 0 0 3 0 0 2 8 0 0 0 0 0 11 0 0 0 0 0 0 6 0 0 10 6 29 22 6 0 80 5 9 18 23 21 7 36 18 70 20 54 13 48 0 0 0 11 2 0 0 0 0 0 0 0 19 0 0 0 0 0 0 0 0 0 0 0 0 0 0 0 0 0 0 0 0 0 0 0 0 0 0 0 0 0 0 0 0 0 0 0 0 74 10 0 0 0 13 0 0 0 78 1 0 2 0 62 0 0 0 0 0 0 0 0 0 0 0 0 0 0 0 0 0 12 0 0 0 0 0 8 0 0 
 0 34 0 0 62 113 0 0 0 0 0 0 0 0 0 0 0 0 0 0 398 59 211 65 72 57 55 74 0 74 58 127 298 249 253 220 272 111 167 82 12 20 0 3 0 0 0 0 0 0 0 0 0 0 0 3 0 0 1 2 0 0 0 4 51 4 0 2 0 54 3 0 0 2 0 3 0 0 0 0 0 0 0 0 0 13 0 0 0 0 0 0 0 0 0 0 0 0 0 0 13 0 32 34 0 12 44 10 11 9 13 6 10 38 22 14 10 12 1 0 0 0 0 0 0 0 0 4 0 0 0 0 32 0 2 0 0 0 0 0 0 0 0 0 0 0 0 0 0 2 0 0 0 0 0 1 0 0 0 0 2 5 0 2 0 0 0 0 0 34 0 0 0 3 0 0 0 0 1 0 16 12 23 13 7 1 20 21 33 60 31 3 0 10 3 28 27 36 0 0 0 0 0 8 1 0 0 0 0 0 0 0 0 0 0 0 0 0 15 0 0 0 0 2 0 0 0 0 0 0 0 0 0 0 0 0 0 0 0 0 0 0 7 0 0 0 0 0 0 0 0 0 0 0 7 0 2 0 0 2 12 0 0 0 0 0 0 0 0 0 0 2 0 0 0 0 0 0 0 0 0 11 0 0 0 0 0 0 0 0 
 2 0 1 2 0 0 2 2 1 4 1 0 2 1 5 3 1 1 2 2 54 43 125 121 61 141 29 105 74 0 150 33 261 68 109 183 273 533 282 106 0 1 0 3 0 0 5 0 2 0 0 0 0 1 0 3 0 0 129 135 0 0 0 0 0 0 0 2 0 0 3 0 2 0 0 3 0 0 53 0 0 0 0 0 0 0 0 0 0 0 0 0 0 0 0 0 0 0 0 0 0 21 0 0 8 15 0 0 2 4 36 29 0 0 0 9 25 0 0 0 10 1 0 2 0 0 14 10 0 0 0 0 12 0 0 0 0 0 2 36 0 0 0 0 1 0 0 0 0 0 0 0 0 0 0 0 1 0 13 0 0 1 0 2 0 0 0 0 0 0 6 0 0 1 0 0 0 1 0 0 0 0 34 27 21 18 0 0 0 0 0 13 0 0 0 0 0 21 0 0 1 1 0 0 0 0 0 33 0 0 0 0 13 12 12 0 0 0 60 32 2 0 0 0 0 0 0 0 0 0 0 0 0 0 0 0 0 0 0 21 0 0 1 0 0 0 0 0 0 0 0 0 0 0 9 2 3 119 1 0 0 0 0 0 0 0 0 0 0 0 0 0 0 0 0 0 0 0 0 18 0 0 0 0 0 0 0 0 0 0 
 0 0 206 0 0 5 1 0 7 0 0 0 3 0 0 0 0 1 0 0 19 85 339 35 118 235 43 122 58 150 0 505 137 54 77 101 193 234 51 66 0 3 0 3 2 0 6 0 0 0 0 0 1 64 0 3 0 0 216 125 52 0 0 0 0 0 0 2 0 8 3 0 0 1 0 3 0 0 0 0 0 0 0 0 0 0 0 0 0 0 0 0 0 0 0 0 0 0 0 0 0 0 10 10 35 15 0 0 0 31 38 47 0 1 0 10 18 1 0 0 21 0 0 0 0 0 11 9 0 0 0 0 26 12 1 0 0 0 0 35 0 0 0 0 0 0 0 0 0 0 0 0 0 0 0 0 0 0 5 0 0 0 0 2 0 1 0 3 2 0 6 0 0 0 0 0 0 0 0 0 0 11 8 18 38 28 0 0 7 0 0 34 0 0 0 6 0 24 0 0 0 2 0 0 29 0 22 19 2 0 0 0 37 11 31 0 0 4 47 27 0 0 0 0 0 0 0 0 0 0 0 0 0 0 0 0 0 0 0 0 0 0 0 0 0 0 0 0 0 0 0 4 0 2 5 0 2 40 8 5 2 2 0 0 0 0 10 0 0 0 0 0 0 0 0 0 0 0 0 0 0 0 0 0 0 0 0 0 0 0 
 1 1 0 0 0 0 0 0 1 1 0 0 0 0 2 0 0 0 0 0 52 90 28 45 104 148 40 27 127 33 505 0 26 83 262 49 103 300 43 48 0 0 0 3 0 0 0 0 0 90 0 2 0 0 0 3 0 0 0 5 0 0 0 7 0 5 51 7 0 1 3 1 57 9 0 3 0 0 3 0 0 0 0 0 0 0 4 0 0 0 0 1 0 0 0 0 0 0 0 0 17 0 0 0 16 7 13 0 23 0 19 19 2 4 20 0 14 0 0 0 2 0 10 0 0 1 43 22 0 22 17 0 19 18 20 2 9 0 21 9 0 0 0 0 0 0 0 0 0 0 0 19 0 0 0 0 0 0 0 0 0 2 0 2 0 0 0 26 0 2 0 0 17 11 10 0 2 0 0 0 19 20 47 26 18 27 0 24 20 8 21 20 0 0 15 0 1 18 0 19 5 0 0 0 0 0 0 18 0 0 0 15 5 5 0 0 0 14 0 0 0 0 0 0 0 0 0 0 0 0 0 0 0 0 0 0 0 0 0 0 0 0 0 0 0 0 0 0 0 0 0 0 0 0 6 4 0 1 1 2 15 0 0 0 0 0 0 0 0 0 0 0 0 0 0 0 0 0 0 0 0 0 0 0 0 0 0 0 0 0 
 0 2 26 75 159 35 27 0 107 1 75 0 0 0 6 42 1 150 0 44 141 271 301 70 89 32 175 194 298 261 137 26 0 229 91 138 71 303 157 281 0 0 0 3 220 0 0 0 0 0 0 0 0 99 0 3 0 16 0 7 0 0 4 5 0 5 0 4 0 1 4 4 0 0 0 3 0 2 0 0 6 22 0 46 0 36 0 0 2 32 15 0 0 0 16 0 0 0 0 0 37 18 8 0 2 0 26 0 6 16 13 0 31 18 52 19 13 12 0 48 0 0 0 0 0 0 0 0 0 0 0 0 0 0 0 0 0 0 0 0 0 0 0 0 0 0 0 0 0 0 0 0 0 0 0 0 0 0 0 0 0 0 2 1 37 5 0 0 1 15 0 2 0 0 0 1 0 1 3 0 44 0 15 13 40 9 4 0 32 12 3 0 72 12 29 18 54 0 42 6 0 0 0 0 0 0 0 0 0 0 0 0 0 0 2 0 2 0 0 8 0 0 0 0 0 0 0 0 0 0 0 0 0 0 0 1 0 0 0 0 0 0 0 0 0 1 0 0 2 0 0 0 0 0 19 2 1 0 0 1 2 0 0 0 0 0 0 0 0 0 0 0 0 0 0 0 13 0 0 0 0 8 0 0 0 0 0 0 0 0 
 0 0 91 78 74 181 2 0 73 0 78 5 2 0 2 0 0 2 0 0 259 139 134 84 56 138 239 346 249 68 54 83 229 0 447 143 83 130 99 154 31 1 0 3 0 0 0 0 0 0 0 0 0 1 0 3 0 0 0 3 2 0 0 2 0 2 0 2 0 0 3 1 0 3 0 3 0 0 0 0 0 0 0 0 0 34 0 0 0 0 15 0 0 0 0 0 0 0 0 0 12 12 11 0 1 0 18 23 6 14 12 0 1 56 22 7 49 35 0 13 0 0 0 0 0 0 0 0 0 0 0 0 0 1 0 0 0 0 1 0 0 0 0 0 0 0 0 0 0 0 0 0 0 0 0 0 0 0 2 0 4 18 0 2 15 2 0 0 12 24 0 0 0 0 0 1 0 0 0 0 20 0 39 20 23 9 20 0 45 31 31 7 21 4 12 65 23 12 13 1 0 0 0 11 0 0 0 0 0 0 0 0 0 0 0 0 0 0 0 0 0 0 0 0 0 0 0 0 0 0 0 0 0 0 0 0 0 0 0 0 0 0 0 0 0 0 0 0 0 0 0 0 0 0 5 0 0 0 16 2 1 0 0 0 0 0 0 0 0 0 0 0 0 0 0 0 0 0 0 0 0 9 0 0 0 0 0 0 0 0 
 2 2 4 2 1 77 1 1 1 1 0 0 3 1 3 4 2 2 2 2 388 146 122 219 103 72 84 277 253 109 77 262 91 447 0 119 186 113 281 144 0 0 0 3 0 0 0 0 0 0 0 0 0 3 0 3 0 0 3 7 0 0 1 1 0 54 0 4 0 2 56 2 0 2 2 3 2 0 1 0 0 0 0 1 0 0 0 0 0 0 0 0 0 0 0 0 0 0 0 0 9 38 27 24 0 17 33 21 0 0 32 1 18 24 35 42 15 43 0 0 0 4 0 0 0 0 0 0 0 0 0 1 0 0 0 0 0 0 1 2 0 0 0 0 0 0 0 0 0 0 0 0 0 0 0 0 0 0 0 0 1 0 0 2 0 0 0 6 0 0 0 0 0 0 0 1 0 0 0 0 12 12 6 56 24 0 0 0 12 12 0 10 2 0 0 2 36 0 0 25 0 0 0 0 0 0 0 0 0 0 0 0 0 0 1 0 0 0 2 0 0 0 0 0 0 0 0 0 0 0 0 0 0 0 0 0 0 0 0 0 0 0 0 0 0 0 0 0 0 0 0 0 0 0 9 3 0 2 126 0 4 0 0 0 0 0 0 0 0 0 0 0 0 0 0 0 0 0 0 0 0 20 0 0 0 12 0 0 0 0 
 0 0 0 3 0 240 0 4 0 8 0 0 3 0 0 0 0 0 0 0 63 501 347 114 89 86 27 26 220 183 101 49 138 143 119 0 480 329 38 105 7 0 0 3 0 1 0 0 0 0 0 0 0 2 2 3 0 0 1 4 0 0 0 10 2 6 0 0 0 2 0 53 0 11 0 0 0 1 0 2 0 0 0 0 0 8 0 0 0 0 0 0 0 0 0 0 0 0 0 0 12 45 7 33 13 20 24 0 11 19 20 9 0 16 29 20 42 39 0 0 0 0 0 0 0 0 0 0 0 0 0 0 5 0 0 0 0 0 1 8 0 0 0 0 0 0 0 0 0 0 0 0 0 0 0 0 0 6 0 0 1 0 0 2 0 7 0 4 0 0 11 0 0 0 0 0 0 0 1 14 19 2 60 2 49 25 1 0 0 23 38 0 0 0 31 10 36 19 0 25 0 0 0 0 0 0 0 1 0 0 12 0 0 0 0 0 0 0 14 0 0 0 0 0 0 0 0 0 0 0 0 0 0 0 0 0 0 0 0 0 0 0 10 0 0 0 0 0 0 0 0 0 0 0 2 0 1 39 41 1 4 1 0 0 0 0 0 0 0 0 0 0 0 0 0 0 0 0 0 13 0 0 0 0 0 14 0 0 0 0 
 0 76 1 1 75 113 2 4 0 0 5 0 0 0 2 0 0 0 0 0 324 88 177 40 68 90 49 105 272 273 193 103 71 83 186 480 0 114 262 103 5 0 0 3 0 0 0 0 0 2 63 0 0 2 0 3 0 0 9 4 0 0 0 0 3 12 0 2 0 1 3 0 0 0 0 3 0 0 0 0 0 0 0 0 0 19 0 0 0 0 0 0 0 0 0 0 0 0 0 0 37 36 16 21 11 36 29 0 17 20 24 47 15 0 17 48 20 32 0 0 0 0 0 0 0 0 1 0 0 0 0 0 16 0 0 10 0 0 12 21 0 0 0 3 0 0 0 0 0 0 0 0 13 0 0 0 2 0 0 0 1 1 0 2 0 0 0 6 0 1 0 0 0 8 0 0 0 0 0 0 2 19 14 54 13 12 1 18 42 27 15 17 0 0 10 29 14 2 0 20 0 0 0 0 0 0 0 0 0 0 0 0 7 0 0 0 0 0 14 0 0 0 9 0 0 0 0 18 0 0 0 0 0 0 0 0 0 0 0 0 0 0 19 0 0 0 0 0 0 1 0 0 0 0 7 0 0 75 1 0 15 2 0 0 0 0 0 0 0 0 0 0 0 0 0 0 0 0 0 10 0 9 0 0 0 19 0 0 0 0 
 0 0 0 0 0 21 0 2 34 0 3 0 0 0 0 0 3 0 0 0 111 104 168 138 38 139 56 197 111 533 234 300 303 130 113 329 114 0 240 40 0 3 0 3 206 0 5 0 0 0 0 1 0 0 1 3 0 0 52 97 0 0 0 6 0 7 0 2 0 57 3 0 0 1 0 3 0 0 0 0 0 0 0 0 0 0 0 0 0 0 0 0 0 0 0 0 0 0 0 0 0 26 30 24 11 0 27 2 26 7 39 10 36 8 22 30 45 15 0 0 29 1 0 2 0 0 12 0 0 0 0 0 19 18 1 0 0 0 2 18 0 0 0 0 0 0 0 0 0 0 0 0 0 0 0 0 0 0 6 0 3 0 0 1 0 0 0 0 0 0 0 0 0 0 3 0 0 0 0 0 0 0 23 33 42 0 0 1 0 12 0 16 0 0 0 0 27 14 0 10 0 0 0 0 0 0 1 10 0 0 0 0 18 17 21 0 0 0 23 9 0 0 0 0 0 0 0 0 0 0 0 0 0 0 2 0 0 0 0 0 0 0 1 0 0 0 0 0 0 0 0 0 0 14 18 0 1 83 75 7 0 5 0 0 0 0 0 0 0 0 0 0 0 0 0 0 0 0 0 0 0 0 0 0 2 0 0 0 0 0 
 79 76 156 0 72 198 76 1 280 1 77 151 0 1 17 2 0 76 0 0 41 50 45 53 68 44 37 83 167 282 51 43 157 99 281 38 262 240 0 167 1 29 2 3 0 0 0 0 0 0 0 40 0 0 63 3 0 0 2 3 0 0 13 0 0 0 0 2 0 3 3 0 19 0 22 4 0 0 0 0 1 9 2 13 19 0 0 31 7 6 13 2 0 2 0 0 11 2 0 0 10 0 11 15 0 0 29 15 9 1 0 0 39 15 1 12 0 15 16 7 0 0 0 0 0 15 0 0 0 13 0 0 0 2 0 0 0 0 0 0 1 0 0 0 0 1 0 5 0 5 0 0 0 2 0 0 0 0 0 0 0 0 0 14 7 2 5 0 0 9 0 0 0 0 4 0 0 0 0 0 10 13 0 0 0 0 10 11 2 8 22 0 0 18 27 15 9 27 1 15 0 0 0 0 0 0 0 0 0 0 0 0 0 0 0 0 10 0 1 0 0 0 0 0 0 0 0 0 0 1 0 0 0 0 0 0 0 0 0 0 0 8 9 0 0 0 0 0 0 61 10 0 0 0 7 0 2 0 0 0 1 0 0 0 0 0 0 0 0 0 0 0 0 0 0 0 14 0 0 0 0 11 0 0 0 0 0 0 0 1 
 2 1 0 164 160 153 37 0 84 0 0 67 0 0 0 50 0 150 0 0 51 111 111 66 85 59 192 153 82 106 66 48 281 154 144 105 103 40 167 0 0 1 0 3 4 0 0 0 0 7 0 1 0 0 0 3 2 6 0 4 0 0 0 2 0 0 0 2 0 3 3 0 0 0 0 3 0 0 0 0 0 0 0 37 3 1 0 0 0 19 0 0 0 0 13 0 11 0 0 0 103 13 1 0 13 0 17 11 18 26 1 0 31 0 43 9 8 13 25 33 1 1 0 0 0 0 0 0 0 0 0 0 1 0 0 0 0 1 0 13 0 0 0 0 0 0 0 0 0 0 0 2 0 0 0 0 0 0 0 0 0 0 0 0 18 0 3 0 0 14 10 0 0 0 0 0 1 9 0 0 14 0 0 0 15 13 18 10 9 16 33 10 32 46 21 20 7 0 28 38 0 0 0 0 0 0 0 0 0 0 0 0 0 0 0 0 0 0 20 0 0 0 0 0 0 0 0 0 0 0 0 0 0 0 0 0 0 0 0 0 0 0 0 0 0 0 0 0 0 74 8 0 0 0 3 0 0 0 0 0 3 1 0 0 0 0 0 0 0 0 0 0 0 11 1 0 19 0 0 0 0 0 0 0 0 0 0 0 0 0 
 0 3 0 0 0 5 0 0 0 0 0 0 0 0 0 0 0 0 0 0 0 0 3 0 2 3 0 0 12 0 0 0 0 31 0 7 5 0 1 0 0 109 71 182 44 30 258 158 94 32 108 34 174 102 92 131 35 187 37 54 0 13 0 0 0 0 0 0 0 0 0 0 0 0 0 0 0 54 5 0 0 0 0 0 0 0 0 0 0 0 0 0 0 0 0 0 0 0 0 0 0 0 7 15 0 0 3 0 0 0 0 0 0 0 0 0 0 0 0 16 29 17 9 12 6 0 0 8 28 10 20 6 0 2 0 17 9 38 0 0 0 0 0 0 0 0 45 1 0 0 0 0 0 0 3 0 1 1 0 15 0 0 0 6 15 0 0 0 0 0 0 0 0 0 0 0 0 0 0 0 0 0 0 0 0 0 2 2 0 2 24 0 0 0 5 8 3 0 0 0 0 16 1 1 9 0 0 1 0 27 5 22 0 0 24 26 0 10 0 11 0 0 0 0 0 0 0 0 0 0 0 0 0 0 0 0 0 0 15 0 0 0 6 0 0 0 0 0 0 0 0 0 0 0 0 0 2 0 1 0 0 0 65 0 10 6 0 1 0 0 53 0 0 0 0 0 0 0 0 0 0 0 0 0 0 0 0 0 2 0 
 0 34 0 2 0 0 2 2 1 0 1 0 2 1 2 4 1 0 2 2 0 1 0 0 0 0 0 0 20 1 3 0 0 1 0 0 0 3 29 1 109 0 92 65 43 41 131 181 67 141 29 99 217 41 419 96 255 158 34 310 0 0 0 0 0 0 0 0 0 0 0 0 0 0 0 0 0 0 1 0 0 0 0 0 0 1 0 0 0 0 0 0 0 0 0 0 0 0 0 0 0 0 0 0 0 0 5 1 0 0 4 0 0 17 0 0 0 1 0 0 14 8 24 27 1 0 1 11 0 9 3 0 3 1 11 0 0 11 0 0 0 0 0 0 0 0 0 8 0 0 0 0 0 0 6 0 0 0 13 0 0 0 0 1 0 0 0 0 0 0 0 0 1 0 0 0 0 0 0 0 0 0 4 0 0 2 0 0 0 0 0 1 0 0 0 0 0 1 0 1 11 51 21 0 0 10 0 1 4 18 0 12 1 0 26 20 0 13 0 13 0 0 0 0 0 0 7 0 0 0 0 0 0 6 15 0 0 0 22 9 0 0 0 0 0 0 0 0 0 0 0 0 0 1 0 0 0 0 1 0 0 0 69 66 0 0 0 0 0 0 0 0 0 0 0 0 0 0 0 0 0 0 0 0 6 0 0 0 2 0 
 0 0 0 0 3 3 0 2 0 0 3 0 0 0 3 0 0 0 0 0 0 0 0 0 22 116 0 0 0 0 0 0 0 0 0 0 0 0 2 0 71 92 0 177 42 96 182 167 191 136 53 96 70 47 67 114 135 827 73 123 0 6 0 0 0 0 0 0 0 0 67 0 0 0 0 0 0 0 207 204 0 0 0 0 14 0 0 0 0 0 0 0 0 0 0 0 0 0 0 0 0 0 0 0 0 4 0 0 0 0 0 0 0 0 1 0 0 0 0 0 0 32 0 8 20 32 0 0 38 8 15 15 0 0 7 13 22 34 2 9 0 4 21 0 0 0 7 0 0 0 0 15 0 0 9 0 3 1 14 0 0 0 5 2 0 0 0 0 0 0 0 0 0 0 0 0 0 3 0 5 0 0 0 0 0 0 0 0 0 0 0 0 0 0 0 0 0 0 0 1 8 4 3 41 8 39 24 17 0 22 13 0 0 6 0 0 20 21 0 3 0 6 0 0 0 0 30 0 0 0 0 0 0 0 0 6 0 0 0 0 0 0 0 0 0 0 0 0 0 0 0 7 0 2 0 0 0 0 0 2 0 0 4 0 7 22 0 66 0 0 0 0 0 0 0 0 0 0 0 0 0 3 0 0 0 0 0 0 3 0 
 0 0 0 0 3 8 0 0 0 0 3 0 0 0 4 0 0 0 0 0 3 3 3 3 3 3 3 3 3 3 3 3 3 3 3 3 3 3 3 3 182 65 177 0 121 348 132 368 242 109 219 109 119 208 70 336 142 67 92 292 0 0 0 0 0 0 0 103 0 0 0 0 0 0 5 0 0 5 0 0 0 0 0 0 0 0 0 0 0 0 0 0 0 0 0 0 0 0 0 0 0 0 0 29 0 0 0 0 0 0 0 0 0 0 0 0 0 0 0 0 0 8 9 0 49 0 0 0 0 1 23 0 0 22 8 9 28 21 0 0 0 0 23 0 0 0 0 0 0 0 20 0 8 0 7 0 13 5 0 0 0 0 4 2 0 0 0 0 0 0 0 0 0 0 0 0 0 0 0 50 0 0 0 0 0 0 0 0 0 0 0 0 0 0 0 0 0 0 0 0 11 0 32 7 0 44 19 0 1 48 25 0 0 0 20 104 0 26 0 0 0 0 19 0 0 0 0 0 0 0 4 0 19 18 1 0 0 0 0 15 0 0 0 0 0 0 0 0 0 1 0 2 0 0 0 0 0 0 0 1 0 27 2 0 70 20 3 1 0 3 15 0 0 0 0 0 0 13 0 0 0 0 0 0 11 0 0 0 15 0 
 0 0 0 7 1 0 0 0 0 0 0 0 0 0 1 5 0 4 0 0 1 0 3 2 3 0 0 0 0 0 2 0 220 0 0 0 0 206 0 4 44 43 42 121 0 595 46 52 288 90 289 49 277 69 62 291 44 61 90 88 125 5 0 0 0 0 48 19 50 3 0 0 22 55 110 0 0 7 102 51 0 0 0 4 0 0 0 0 0 0 0 0 7 0 0 0 0 0 0 0 0 0 0 0 0 0 0 0 0 2 0 0 4 0 6 0 0 0 0 8 0 0 0 2 58 1 0 0 0 0 0 3 0 0 0 0 0 0 0 0 10 32 12 0 9 0 24 1 1 3 10 0 32 13 8 35 9 0 1 12 0 0 0 0 3 4 0 0 5 5 0 0 2 0 0 0 0 0 0 0 4 6 0 0 0 0 0 0 0 0 0 0 0 0 0 0 0 0 0 0 0 0 6 1 18 25 0 0 0 12 6 0 0 0 0 0 0 0 2 0 0 6 26 0 0 10 10 15 42 15 23 15 32 11 23 12 6 28 0 45 0 0 0 0 0 0 0 0 0 0 0 0 0 0 0 0 0 0 0 1 0 0 0 0 0 3 1 0 0 0 9 0 0 77 0 0 0 0 0 0 0 0 0 0 0 0 0 0 7 0 
 0 0 0 0 0 3 0 0 0 0 0 0 0 0 0 0 0 0 0 0 0 0 0 3 5 0 0 0 0 0 0 0 0 0 0 1 0 0 0 0 30 41 96 348 595 0 234 39 276 267 267 64 26 270 47 128 79 59 57 64 71 0 0 50 0 0 52 50 24 0 1 0 52 0 76 0 0 6 44 20 0 0 0 0 0 0 0 0 0 0 5 0 0 0 0 0 0 0 0 0 0 0 0 0 0 0 0 0 0 0 0 0 0 0 0 0 0 0 0 0 0 0 0 0 30 0 0 0 0 0 0 0 0 0 0 0 0 0 0 0 31 36 13 0 0 0 39 1 4 0 0 0 30 0 2 0 15 0 23 10 0 0 0 1 0 2 0 0 4 0 0 0 2 0 21 0 0 0 0 0 0 0 0 0 0 0 0 0 0 0 0 0 0 0 0 0 0 0 0 0 0 0 37 0 4 35 0 0 0 19 1 0 0 0 0 0 1 12 0 0 0 7 13 0 0 1 34 9 9 0 9 7 27 11 19 13 27 31 18 22 0 0 0 0 0 0 0 0 0 0 0 7 0 0 0 0 0 0 0 0 0 0 0 0 0 4 1 1 0 0 0 0 0 18 0 0 0 0 0 0 0 0 0 0 0 0 0 0 15 0 
 0 0 0 0 0 3 0 0 0 0 0 0 0 0 0 0 63 93 0 0 0 4 0 60 61 128 0 6 0 5 6 0 0 0 0 0 0 5 0 0 258 131 182 132 46 234 0 113 56 33 96 105 384 104 102 185 40 34 177 121 0 0 0 0 1 0 0 0 0 21 0 0 3 0 0 0 0 0 0 0 0 0 0 0 0 0 0 0 0 0 0 0 3 0 0 0 0 0 0 0 0 0 0 6 10 0 0 0 3 9 5 41 0 0 0 0 8 0 0 0 10 43 1 0 0 0 12 39 18 2 14 0 17 0 0 0 0 21 21 9 0 0 1 0 0 0 1 0 0 12 0 0 0 0 0 0 0 0 0 0 0 0 0 0 0 0 0 0 0 0 0 0 0 0 11 0 0 11 0 3 0 0 7 0 6 21 0 0 6 0 0 0 0 0 0 0 0 3 0 0 0 6 14 0 0 13 14 48 0 26 7 9 17 30 4 18 0 5 0 13 0 0 0 0 0 0 0 0 0 0 0 0 0 0 0 0 0 0 0 0 0 0 0 0 0 0 0 0 0 0 0 3 0 0 0 0 0 61 0 0 0 0 1 0 67 0 0 0 0 0 0 0 0 0 0 0 0 0 0 0 0 0 0 0 0 0 12 0 1 0 
 0 0 0 0 0 0 0 0 0 1 0 0 0 0 0 0 0 0 0 0 0 0 0 7 70 124 0 0 0 0 0 0 0 0 0 0 0 0 0 0 158 181 167 368 52 39 113 0 149 65 27 105 273 130 187 354 68 30 158 55 1 0 3 9 0 12 2 0 2 10 0 0 1 13 4 10 0 0 0 1 0 0 0 0 0 0 0 0 0 0 0 0 0 0 0 0 0 0 0 0 0 7 0 0 0 0 0 0 0 0 0 0 0 0 0 0 0 0 0 0 4 29 13 11 0 0 11 37 7 3 0 0 0 0 33 0 13 33 19 0 0 0 0 1 0 0 0 0 0 0 9 0 0 0 0 0 0 20 0 0 0 0 6 0 0 0 0 0 0 0 0 0 0 0 0 0 0 1 0 9 0 0 0 0 0 19 0 0 0 0 18 0 0 0 0 0 0 0 0 0 30 13 11 5 0 11 34 18 0 52 0 10 9 0 29 11 11 102 0 14 0 0 0 0 0 0 0 0 0 1 0 14 0 0 0 0 0 7 22 0 0 0 0 0 0 0 0 0 0 0 0 2 0 0 0 0 0 62 0 0 0 0 20 0 0 16 12 0 0 0 8 0 0 0 0 0 0 0 0 0 0 0 0 0 9 7 0 0 1 0 
 0 0 0 0 2 5 0 0 3 0 2 0 0 0 2 0 0 0 0 0 0 0 0 0 99 124 0 0 0 2 0 0 0 0 0 0 0 0 0 0 94 67 191 242 288 276 56 149 0 436 84 182 542 451 652 206 130 120 192 73 1 0 0 0 0 0 8 7 3 0 21 0 7 0 0 8 4 3 0 5 0 0 4 0 0 0 0 0 0 0 0 0 0 0 0 0 0 0 0 0 0 0 0 0 0 0 0 0 0 0 11 0 0 0 0 0 0 0 0 0 1 1 31 29 0 1 1 2 16 1 8 20 0 19 65 1 69 24 18 0 8 3 0 0 4 0 0 0 0 5 7 0 0 0 3 3 0 3 0 9 0 0 4 0 0 0 0 0 0 0 0 0 0 0 0 0 0 3 0 7 0 0 0 0 0 6 0 0 0 0 0 0 0 0 0 0 0 0 0 0 58 7 17 11 7 10 11 0 1 23 17 22 0 0 11 10 0 12 1 0 0 0 12 8 0 0 0 4 0 0 7 0 0 0 0 0 0 0 41 0 0 0 0 0 0 0 0 0 0 0 0 0 0 2 0 0 0 0 2 0 0 0 65 0 0 9 1 0 0 0 0 0 0 0 0 8 0 0 0 0 0 0 0 0 7 0 1 0 0 11 
 61 0 0 0 0 0 0 63 0 0 0 0 0 0 0 0 0 0 0 0 0 0 0 5 3 0 0 0 0 0 0 90 0 0 0 0 2 0 0 7 32 141 136 109 90 267 33 65 436 0 530 95 111 132 372 371 106 56 89 308 202 10 7 0 0 0 3 3 0 0 0 0 0 50 9 1 15 0 65 0 0 0 0 0 0 0 0 0 0 0 0 0 0 0 0 0 0 0 0 0 0 0 0 0 0 0 0 0 0 0 0 0 0 0 0 0 0 0 0 0 0 0 13 48 0 21 0 0 0 0 10 35 0 0 9 0 0 13 0 0 6 0 3 0 0 0 1 0 0 8 5 0 0 3 0 2 0 0 6 14 0 0 0 5 0 0 0 0 0 0 0 0 1 0 7 0 0 0 0 0 0 0 0 0 0 0 0 0 0 0 0 0 0 0 0 0 0 0 0 0 24 20 20 23 21 39 0 0 0 12 0 21 0 0 0 44 8 0 0 0 19 43 29 0 0 0 10 1 1 0 7 0 0 29 0 23 8 1 8 5 0 0 0 0 0 0 0 0 0 0 0 2 0 0 0 0 0 0 0 9 0 0 2 1 1 4 0 2 0 0 0 0 0 0 0 0 0 0 0 0 0 0 0 0 21 15 0 0 1 0 
 0 1 0 0 2 0 0 0 0 0 0 0 0 0 3 0 0 0 0 0 0 0 0 6 3 0 0 0 0 0 0 0 0 0 0 0 63 0 0 0 108 29 53 219 289 267 96 27 84 530 0 58 224 330 347 160 146 126 250 76 1 0 0 0 0 0 0 0 0 0 0 0 0 0 0 1 0 0 0 0 0 0 0 0 0 0 0 0 0 0 0 0 0 0 0 0 0 0 0 0 15 0 7 0 0 0 0 0 0 0 0 0 0 0 0 0 0 0 0 0 25 9 1 12 2 18 0 0 35 0 23 26 0 14 1 11 12 30 0 0 0 0 0 0 0 0 6 1 0 0 15 0 0 0 0 0 0 1 0 11 0 0 0 1 0 0 0 0 0 0 0 0 0 0 0 0 0 0 0 13 4 0 0 0 0 0 0 0 7 0 0 0 0 0 0 0 0 0 0 0 8 0 1 9 2 18 0 0 0 18 8 5 0 0 39 14 0 0 7 0 14 0 13 0 0 0 0 0 19 0 0 0 0 3 0 7 0 0 17 0 0 0 3 0 0 0 0 0 0 0 0 2 0 0 0 0 0 0 0 8 0 0 1 0 2 0 0 0 0 2 0 0 0 0 0 0 0 8 0 0 0 0 0 0 0 0 0 0 0 0 
 0 1 66 2 46 0 1 0 40 42 2 0 0 0 46 1 1 2 0 3 0 0 8 0 9 0 1 0 0 0 0 2 0 0 0 0 0 1 40 1 34 99 96 109 49 64 105 105 182 95 58 0 315 75 29 65 98 164 265 16 0 0 0 100 0 0 0 52 0 51 0 0 0 0 0 9 3 0 0 0 0 0 0 0 11 12 0 15 0 0 15 0 0 8 2 0 12 0 0 0 0 0 0 0 0 4 0 0 0 0 0 0 0 0 0 0 0 0 0 0 10 9 19 0 7 35 0 1 10 13 12 0 0 15 15 7 22 17 0 4 0 0 4 0 0 0 0 0 0 0 0 0 0 0 0 0 7 4 0 0 0 0 0 18 6 0 4 0 0 0 0 0 0 0 0 0 0 0 0 0 0 0 0 0 0 1 0 0 0 0 0 0 0 0 0 0 0 0 0 0 7 31 20 0 0 7 8 0 11 12 16 2 0 10 14 16 11 19 9 16 0 0 0 0 0 0 0 0 0 4 0 0 0 36 0 0 0 0 0 0 0 0 11 0 0 0 0 0 0 63 0 0 0 1 0 0 0 1 0 0 0 1 5 2 4 3 0 0 1 0 11 0 0 0 0 0 2 0 0 0 0 3 0 0 10 2 0 0 2 0 
 0 0 0 0 0 0 0 0 0 0 0 0 0 0 0 0 0 0 0 0 0 0 0 0 0 62 0 0 0 0 1 0 0 0 0 0 0 0 0 0 174 217 70 119 277 26 384 273 542 111 224 315 0 374 98 384 358 36 162 50 0 0 0 0 0 0 51 0 0 0 0 0 0 0 0 3 0 0 0 0 13 0 0 0 0 0 0 0 0 0 0 0 0 12 0 0 0 0 0 0 0 0 0 0 0 0 0 0 0 0 0 0 0 0 0 0 0 0 0 0 6 30 22 0 38 0 0 22 8 4 1 3 0 15 17 0 20 3 10 0 0 0 0 16 0 0 0 0 0 0 0 0 0 0 0 0 0 0 0 0 0 0 4 2 0 0 0 0 0 0 0 0 0 35 0 0 0 0 0 5 0 0 0 0 2 0 0 0 0 0 0 0 3 0 0 0 0 0 0 0 17 17 9 7 0 9 19 18 1 57 12 20 0 0 48 29 0 25 7 13 0 0 0 0 0 0 0 0 0 0 0 0 0 0 1 0 0 0 14 0 0 0 13 0 0 0 0 0 0 0 0 5 0 0 0 0 0 0 0 0 0 0 1 0 1 17 1 0 0 0 0 0 0 0 0 1 0 0 0 0 0 0 0 0 1 0 0 0 0 0 
 2 2 2 2 6 6 3 2 2 2 2 2 4 2 6 2 2 2 2 64 0 0 0 2 5 2 0 0 0 1 64 0 99 1 3 2 2 0 0 0 102 41 47 208 69 270 104 130 451 132 330 75 374 0 175 334 44 49 117 122 56 7 0 0 0 53 0 64 0 204 0 0 0 0 5 0 1 1 8 0 0 0 0 0 0 0 0 0 0 0 0 0 0 0 0 0 0 0 0 0 0 0 3 0 0 0 0 0 1 0 0 0 0 0 0 0 1 0 0 0 28 0 18 5 16 1 0 0 0 0 46 30 12 24 1 8 43 25 0 0 0 0 11 0 0 0 5 1 5 0 1 0 0 9 2 0 0 8 0 3 0 0 0 1 0 15 0 0 0 0 0 0 0 0 0 0 0 0 0 1 0 0 0 0 2 7 0 0 0 0 0 16 0 0 0 0 0 0 0 0 3 30 16 3 22 2 38 0 0 18 49 28 3 0 21 52 1 16 0 0 0 3 0 0 0 0 0 1 6 0 1 0 6 5 6 6 0 0 28 2 0 0 0 0 0 0 0 0 0 0 0 0 0 0 0 0 0 0 0 0 0 0 3 0 0 2 0 1 0 0 38 0 0 0 0 0 0 0 0 0 0 0 0 0 11 0 0 0 2 0 
 3 3 34 0 5 4 5 0 0 0 3 0 6 1 5 0 3 0 0 0 0 0 0 1 64 62 0 0 0 0 0 0 0 0 0 2 0 1 63 0 92 419 67 70 62 47 102 187 652 372 347 29 98 175 0 526 280 156 309 142 0 4 0 0 0 0 0 0 0 0 0 0 0 0 0 0 0 0 4 0 6 0 0 0 0 0 0 0 0 3 0 3 0 0 0 1 4 0 0 0 0 0 0 0 0 0 0 0 0 0 18 0 0 0 0 0 0 0 0 0 24 18 30 31 2 0 7 25 0 26 17 4 0 6 6 7 0 21 9 0 0 0 0 0 0 0 0 7 0 0 0 0 0 0 22 0 0 0 0 39 6 1 5 4 0 0 8 33 0 0 0 5 0 0 8 0 0 0 0 0 0 0 10 0 0 1 0 0 0 0 0 0 0 0 0 0 0 0 0 0 20 27 16 1 10 0 0 0 9 16 0 16 0 0 0 9 0 12 0 57 0 0 0 0 0 0 4 0 0 0 0 0 0 0 11 0 0 0 32 0 0 3 0 0 0 0 1 0 0 29 0 2 0 1 0 0 0 0 0 11 0 0 66 66 1 4 0 2 0 0 0 0 0 0 0 0 0 0 0 0 0 0 0 0 2 0 1 0 2 0 
 0 0 0 0 6 6 0 0 0 0 0 0 0 0 6 0 0 0 0 0 3 3 3 3 3 59 3 3 3 3 3 3 3 3 3 3 3 3 3 3 131 96 114 336 291 128 185 354 206 371 160 65 384 334 526 0 137 273 33 74 0 4 0 0 0 0 0 0 0 0 0 1 0 0 2 0 0 1 3 0 0 0 0 0 0 0 0 0 0 0 0 0 0 0 0 0 0 0 14 0 0 0 0 0 0 0 0 0 0 0 0 0 0 0 0 0 0 0 0 0 11 10 11 0 30 0 0 2 1 17 1 0 0 9 25 0 9 2 3 0 0 23 21 0 0 0 0 0 0 0 0 0 0 0 14 0 0 0 16 0 0 0 8 2 0 0 0 0 0 0 0 0 0 0 0 0 0 1 0 3 0 0 0 0 0 0 0 0 0 0 0 0 0 0 0 11 0 0 0 0 8 14 18 23 0 34 27 22 37 57 0 0 33 0 19 33 0 43 0 21 0 0 0 0 0 0 14 0 0 0 0 0 0 0 1 0 0 0 19 0 0 0 0 0 0 0 0 0 0 0 0 2 0 0 0 0 0 0 0 1 0 0 0 0 2 17 0 92 0 0 0 0 0 0 0 0 0 0 0 0 0 0 0 0 0 0 0 0 1 0 
 0 0 0 0 0 2 0 0 0 0 2 0 0 0 0 0 0 0 65 0 0 0 0 0 73 62 0 0 0 0 0 0 0 0 0 0 0 0 0 2 35 255 135 142 44 79 40 68 130 106 146 98 358 44 280 137 0 152 324 51 0 0 0 0 0 0 0 0 0 0 4 0 0 0 0 10 0 0 1 0 0 0 0 0 0 0 0 0 0 0 0 0 0 0 0 0 0 0 0 0 0 0 0 0 0 7 0 0 0 0 0 0 0 0 0 0 0 0 0 0 10 66 0 12 0 53 0 1 21 0 8 34 0 17 18 24 27 37 0 0 0 0 3 0 0 0 0 7 0 0 0 0 23 0 3 0 3 20 21 0 0 0 8 0 0 0 0 0 0 0 0 0 0 0 0 0 0 1 0 3 0 0 0 0 0 0 0 0 0 0 0 0 0 0 0 0 0 0 0 0 15 4 0 16 8 35 10 1 12 21 7 21 0 5 24 0 9 4 9 19 13 4 1 0 0 0 2 8 0 0 0 0 0 0 0 13 10 0 19 0 0 0 11 0 0 0 0 0 0 0 0 4 0 1 0 0 0 1 0 1 0 0 0 2 1 8 3 0 0 0 0 0 0 0 0 0 0 0 0 0 0 0 0 0 0 2 1 0 2 0 
 0 1 1 9 0 0 0 0 0 0 2 61 0 0 0 4 0 8 0 0 0 0 0 0 2 0 0 0 0 0 0 0 16 0 0 0 0 0 0 6 187 158 827 67 61 59 34 30 120 56 126 164 36 49 156 273 152 0 31 24 0 0 0 0 0 0 0 0 0 0 0 9 0 0 0 4 2 0 0 1 0 0 0 9 0 0 0 0 0 0 0 0 0 0 0 0 0 0 0 0 0 0 0 0 0 0 0 0 0 1 0 0 6 0 7 0 0 0 0 8 17 32 14 0 14 0 0 22 25 0 23 3 0 1 12 11 13 50 0 0 0 0 0 0 0 0 25 13 0 0 0 0 0 0 7 0 0 0 12 10 0 0 0 2 5 6 0 0 0 13 0 0 0 0 0 0 0 0 0 0 26 10 0 0 0 0 0 0 0 0 0 0 0 0 0 0 0 0 18 0 0 8 32 19 0 0 0 0 35 20 12 15 0 0 9 0 14 0 8 5 0 0 0 0 0 0 9 0 0 0 0 0 9 9 14 0 0 0 26 0 0 0 11 0 0 0 1 0 0 0 0 0 0 1 0 1 0 0 0 13 0 1 34 34 71 4 3 2 0 0 0 0 0 0 0 0 0 0 0 0 0 3 0 0 0 6 0 20 2 0 
 0 0 0 0 0 3 0 1 0 0 0 0 0 0 0 0 0 0 0 0 2 0 59 63 120 19 3 0 1 129 216 0 0 0 3 1 9 52 2 0 37 34 73 92 90 57 177 158 192 89 250 265 162 117 309 33 324 31 0 266 0 0 0 0 1 0 0 0 0 3 0 0 59 0 0 0 0 0 0 0 0 0 0 0 0 0 0 0 0 0 0 0 0 0 0 0 0 0 0 0 10 9 4 25 16 11 2 0 25 52 8 19 0 3 0 12 9 0 0 0 10 10 0 0 0 0 14 0 10 0 0 0 17 18 46 0 24 0 0 20 0 0 0 0 0 0 0 24 0 0 0 0 0 0 0 0 0 0 6 0 0 0 2 2 0 0 0 0 0 0 0 0 0 0 0 0 0 14 0 8 0 11 21 4 0 0 14 2 22 19 2 11 0 0 0 14 29 0 0 0 16 0 0 22 0 0 15 24 0 1 0 0 9 34 0 0 0 14 23 4 0 0 0 0 0 0 0 0 0 0 0 0 0 0 0 0 0 0 0 0 0 0 0 0 0 0 0 0 0 0 0 18 63 2 0 0 0 62 0 0 0 0 2 0 1 10 13 0 0 0 0 0 0 0 0 0 0 0 0 0 0 4 0 0 0 0 8 0 0 0 
 0 0 0 0 6 6 0 1 0 0 0 0 0 0 10 0 0 0 0 0 3 7 66 3 65 65 4 6 2 135 125 5 7 3 7 4 4 97 3 4 54 310 123 292 88 64 121 55 73 308 76 16 50 122 142 74 51 24 266 0 0 0 1 2 0 0 0 0 2 3 2 0 0 0 0 1 2 1 0 0 0 0 0 0 1 0 0 0 0 0 0 0 0 0 0 0 20 0 0 0 0 4 0 1 11 1 0 0 10 10 16 22 0 0 0 9 21 0 0 0 34 29 9 0 0 14 25 20 3 0 0 0 19 9 9 0 0 0 11 17 0 0 0 0 0 0 0 0 0 0 0 0 0 0 0 0 0 0 2 0 0 0 0 0 0 0 0 0 0 0 0 0 0 0 0 0 0 5 0 8 0 0 18 13 1 22 0 0 1 0 0 9 0 0 0 0 0 5 0 0 0 0 0 0 0 0 13 29 0 0 0 0 16 46 14 0 10 10 23 7 0 2 0 0 21 0 0 0 0 0 0 0 0 0 0 0 0 0 0 0 0 0 0 0 0 0 0 0 0 0 0 3 0 0 0 0 0 91 0 0 0 0 2 0 0 3 0 0 0 0 0 0 0 0 0 0 0 0 0 4 0 0 0 0 0 7 0 0 2 0 
 0 0 0 0 0 33 0 0 0 0 3 0 2 0 0 0 0 0 0 0 0 0 0 8 8 0 0 0 0 0 52 0 0 2 0 0 0 0 0 0 0 0 0 0 125 71 0 1 1 202 1 0 0 56 0 0 0 0 0 0 0 153 125 54 33 253 180 143 48 40 30 35 179 35 107 49 295 37 158 87 0 0 0 0 0 0 0 0 0 0 0 4 0 10 0 0 0 0 0 0 0 8 0 0 0 0 0 7 0 0 0 23 0 0 0 0 0 0 0 0 0 0 0 0 0 0 0 0 0 6 0 0 0 0 0 0 0 0 0 0 24 26 10 0 0 0 19 0 3 9 7 0 21 9 0 1 0 0 0 11 0 0 0 0 0 2 0 0 2 0 0 0 2 0 0 0 0 0 0 4 0 0 0 0 0 0 0 0 0 0 0 0 0 0 0 0 0 0 0 0 0 0 0 0 10 20 0 0 0 0 0 1 7 0 0 0 0 0 0 7 12 29 5 0 0 16 10 15 13 0 7 14 32 1 11 35 35 29 9 30 1 0 0 0 0 0 0 0 0 1 0 0 3 0 4 0 0 0 0 0 0 0 0 0 0 0 0 0 0 0 2 2 0 11 0 1 0 0 0 0 0 0 0 0 0 0 0 0 0 0 
