 0 212 201 54 255 29 220 369 132 38 262 28 411 422 278 34 125 100 28 208 0 0 0 0 0 4 3 0 0 0 3 2 0 3 0 3 3 0 0 0 0 3 0 0 0 0 3 0 0 3 0 0 0 2 0 3 2 2 0 0 0 2 0 0 0 0 0 1 2 0 3 0 0 0 3 0 0 0 0 0 28 14 26 0 10 0 58 36 0 13 0 0 9 35 14 25 16 1 54 25 0 0 0 0 0 0 0 0 0 0 0 0 0 0 0 0 0 0 0 0 0 0 0 0 0 0 0 0 0 0 0 0 0 0 0 0 0 11 0 0 0 0 0 0 0 0 0 0 0 0 0 0 0 0 0 0 0 0 0 0 12 24 0 17 0 0 0 35 14 12 15 0 0 16 0 0 0 0 13 2 0 0 0 0 0 0 0 0 0 0 0 0 0 0 0 0 0 0 0 1 0 0 0 0 0 0 0 0 0 0 0 0 0 0 0 0 0 0 0 0 0 0 0 0 0 0 0 0 0 0 0 0 0 0 0 0 0 0 0 0 0 0 0 0 0 3 0 0 89 88 0 4 0 0 0 0 0 0 0 0 0 0 0 0 0 0 0 0 0 0 0 0 0 7 0 0 19 0 0 0 0 0 0 0 0 0 0 0 0 0 
 212 0 326 80 167 125 116 294 251 154 52 205 856 55 430 136 111 330 57 112 0 0 0 0 0 2 2 1 3 0 0 59 148 5 0 0 0 0 70 0 2 0 2 0 0 0 0 0 0 3 0 0 0 0 0 3 2 2 0 0 0 2 0 0 0 0 0 0 2 1 49 0 0 0 0 0 0 2 0 0 9 8 0 1 23 14 15 19 15 14 29 8 25 6 19 8 20 99 17 72 45 0 0 3 0 0 7 0 0 1 0 0 27 0 0 0 0 0 11 14 0 0 0 0 0 0 0 0 2 0 2 0 0 0 0 0 0 0 0 0 0 0 0 0 0 13 1 0 0 0 0 0 0 0 0 0 0 0 0 0 0 1 9 14 0 0 12 0 15 20 0 32 0 14 12 8 17 98 0 2 1 0 11 0 0 0 0 0 0 0 0 0 6 1 6 0 0 0 74 0 0 0 0 0 0 0 0 0 0 0 0 0 1 0 0 0 3 0 0 0 0 0 0 0 0 0 0 0 0 0 0 5 0 0 0 0 0 1 0 0 0 0 0 0 0 0 94 2 0 9 11 15 15 0 0 0 0 0 0 0 0 0 12 0 0 0 0 0 0 0 0 0 0 0 0 37 27 0 0 0 0 0 0 0 0 0 0 0 0 0 
 201 326 0 226 145 254 699 111 87 246 139 42 171 112 49 151 207 359 183 345 0 0 0 0 72 0 2 0 0 0 2 4 0 5 0 0 1 0 0 0 0 0 1 1 0 0 3 2 0 5 0 0 2 0 0 5 2 5 3 0 0 3 0 3 0 0 3 0 3 0 0 6 2 1 0 0 0 3 0 0 13 5 15 19 1 13 16 16 36 30 45 0 29 28 16 33 10 0 17 1 0 0 0 0 0 0 15 0 0 0 0 0 12 10 0 0 0 0 3 0 0 0 0 1 0 0 0 6 0 0 0 0 0 0 0 0 0 0 0 0 0 0 0 2 0 0 0 0 0 0 0 5 0 0 0 0 2 0 0 0 0 0 26 13 10 8 0 13 0 11 23 10 0 0 10 0 19 0 0 0 0 0 0 0 0 0 0 1 0 0 1 0 17 0 0 0 0 0 0 15 0 0 0 0 0 0 0 0 0 0 0 0 0 0 0 0 0 0 0 0 0 0 0 0 0 0 0 0 0 0 0 0 0 0 0 0 0 0 0 0 0 11 0 0 0 0 1 0 21 0 0 11 0 0 0 0 0 0 0 0 0 0 0 0 0 0 0 0 0 0 0 0 0 0 0 15 0 0 0 0 0 0 0 0 3 1 0 0 0 0 
 54 80 226 0 163 252 114 477 63 379 159 270 72 65 236 272 134 65 89 63 76 79 1 0 0 0 75 0 0 0 0 2 77 38 74 5 0 0 73 60 0 0 67 0 0 6 0 0 0 2 0 63 0 0 0 3 2 3 0 0 0 8 0 0 0 54 0 0 3 4 0 0 3 0 0 0 0 1 4 0 15 0 1 20 0 1 0 18 12 28 9 38 0 2 0 0 6 0 0 12 0 0 0 0 0 0 2 29 2 26 0 15 19 1 0 26 0 0 16 30 0 0 0 0 0 0 0 0 0 0 0 0 0 0 0 0 0 0 0 0 0 0 0 0 0 0 0 0 0 0 0 0 0 0 0 0 0 0 2 0 20 25 0 7 12 20 0 5 11 39 0 20 0 23 27 9 12 10 0 0 2 23 0 0 0 0 9 0 0 0 0 27 28 1 0 0 0 31 8 32 0 0 0 0 0 0 0 0 0 0 0 0 0 0 0 0 1 0 0 0 0 0 0 0 0 6 0 0 0 0 0 0 0 0 0 0 0 0 0 0 0 0 0 0 0 0 0 2 3 39 1 8 36 0 0 0 0 0 0 0 0 0 0 0 0 0 0 0 0 0 0 0 0 0 0 0 0 0 0 0 0 0 0 0 0 0 0 0 0 9 
 255 167 145 163 0 66 73 374 303 193 208 122 172 173 279 91 252 90 91 81 0 1 150 0 3 3 1 0 0 2 3 5 1 76 0 2 3 3 1 109 0 0 2 0 6 9 0 0 0 3 0 2 0 0 0 3 3 4 0 0 0 1 0 0 0 2 0 0 1 0 48 1 0 0 0 0 0 2 0 0 0 0 2 0 53 7 0 10 16 0 0 13 0 5 26 0 14 28 0 1 7 0 15 0 0 0 0 9 0 0 0 0 28 18 13 0 0 0 12 23 0 0 0 0 0 0 0 0 0 0 0 0 2 0 0 0 0 0 0 0 0 0 0 0 0 0 1 0 0 0 1 0 0 1 0 0 0 0 0 0 2 1 17 14 0 0 1 4 3 1 19 30 0 1 22 21 16 45 0 0 0 9 3 0 0 0 0 0 0 0 0 0 8 0 1 0 0 0 18 26 5 0 0 0 0 0 0 0 0 0 0 0 0 0 0 0 4 0 0 1 0 0 0 0 0 0 0 0 12 0 0 0 0 2 11 0 0 0 0 0 0 0 0 0 0 0 137 0 2 2 3 23 0 0 0 0 0 0 0 0 0 0 0 0 0 0 0 0 0 6 0 0 0 0 0 18 6 0 0 0 0 0 0 0 0 0 0 0 0 0 
 29 125 254 252 66 0 21 38 125 48 175 142 70 175 270 73 78 40 42 252 105 5 0 0 0 0 5 0 1 2 0 2 99 75 143 76 76 2 226 1 0 0 1 0 2 0 0 0 0 3 0 0 0 0 0 3 2 2 4 0 0 0 0 0 0 1 3 0 0 0 1 0 0 0 0 0 0 1 0 0 0 0 8 0 17 20 0 0 0 31 11 35 0 0 0 0 0 10 0 0 26 23 21 0 0 0 47 19 0 1 0 0 39 30 24 17 9 0 56 17 0 0 0 0 0 0 0 3 0 0 0 0 0 0 0 0 0 0 0 0 0 8 0 0 0 0 0 0 0 5 18 0 12 0 0 0 1 17 0 0 0 0 6 2 27 22 4 10 0 0 4 6 0 0 0 10 12 41 0 0 0 24 7 14 0 0 22 2 0 19 16 22 41 53 28 21 0 36 33 0 0 0 0 0 0 0 0 0 0 0 0 0 0 0 0 0 0 0 11 0 0 0 0 0 0 0 0 4 0 0 0 0 0 0 0 0 0 0 0 0 0 0 0 0 0 2 10 1 5 0 0 19 4 0 2 0 0 0 0 0 0 0 0 0 0 0 0 0 0 1 0 0 56 0 0 0 0 0 0 0 0 0 0 0 0 0 0 0 0 0 
 220 116 699 114 73 21 0 560 83 34 25 333 211 132 218 261 104 106 239 155 0 0 2 0 202 0 2 1 0 92 0 4 0 3 0 0 0 1 0 0 0 0 0 0 0 0 0 0 0 3 0 0 0 0 0 3 2 2 0 74 0 0 0 0 0 0 0 0 0 0 50 0 0 0 0 0 0 36 0 0 12 47 23 21 0 0 55 28 34 20 15 0 23 1 27 9 66 16 9 36 0 0 0 0 0 0 0 0 0 0 0 0 0 0 0 0 0 0 0 0 0 0 0 0 0 0 0 0 0 0 2 0 0 0 0 0 0 0 0 0 0 0 0 0 0 0 0 0 0 0 1 9 0 0 0 0 0 0 0 1 0 25 0 25 1 0 29 37 12 8 0 12 13 25 0 68 1 21 1 2 9 0 0 0 0 0 0 0 0 0 0 0 0 0 0 0 0 0 10 0 0 0 0 0 0 0 0 0 0 19 0 0 0 0 0 0 0 0 0 0 0 0 0 0 0 0 0 0 0 0 0 0 0 0 0 0 0 0 0 0 0 0 0 0 0 0 1 0 1 0 1 12 0 0 0 0 0 0 0 0 0 0 10 0 0 0 0 0 0 0 0 0 0 0 0 12 0 0 0 0 0 0 0 0 0 0 0 0 0 0 
 369 294 111 477 374 38 560 0 193 153 127 237 281 84 236 149 123 346 122 250 0 0 0 0 0 0 0 2 0 0 0 2 0 3 0 0 0 0 0 0 0 0 0 0 0 0 0 0 0 3 0 0 0 0 0 3 4 2 1 0 0 0 0 0 0 0 0 0 0 0 36 0 0 0 0 0 0 0 0 0 29 21 1 0 11 15 29 36 32 0 27 0 23 0 17 18 18 27 16 6 8 0 0 0 0 0 0 0 0 0 0 0 14 0 0 0 0 0 51 0 0 0 0 0 0 0 0 2 0 0 0 0 0 0 7 0 0 0 0 0 0 0 0 0 13 0 0 0 0 0 0 5 0 0 0 0 0 0 2 0 9 0 12 12 0 1 10 1 7 1 0 9 0 15 0 25 0 24 6 0 2 0 0 0 0 2 0 0 0 0 0 0 0 0 0 0 0 0 14 0 0 0 0 0 0 0 0 0 0 0 0 0 0 0 0 1 0 0 0 0 0 0 0 0 0 0 0 0 0 1 0 0 0 0 0 0 0 17 0 0 0 0 0 0 2 0 2 0 0 0 12 8 0 0 0 0 0 0 0 0 0 0 11 0 0 0 0 0 0 0 30 0 0 0 0 3 21 0 0 0 0 0 0 0 0 0 0 0 0 0 
 132 251 87 63 303 125 83 193 0 78 353 140 489 172 266 325 345 49 82 69 0 0 0 0 2 0 1 0 0 0 0 2 77 3 0 0 0 0 4 0 1 0 2 0 2 0 0 0 0 3 0 0 0 0 62 3 3 2 1 0 0 54 0 0 0 0 0 0 0 3 51 0 0 0 0 0 0 2 0 0 0 11 0 19 27 9 0 10 0 12 36 28 0 1 9 27 14 52 0 18 52 0 0 0 0 0 25 0 0 0 0 0 21 15 0 0 0 0 1 28 0 0 0 0 0 0 0 0 0 2 0 0 0 0 0 0 0 0 0 0 0 0 0 0 0 0 2 0 0 0 1 0 0 0 0 0 0 0 0 0 0 0 22 12 14 0 0 3 10 20 12 24 0 0 29 7 26 55 0 4 20 0 0 0 0 0 0 0 0 0 0 0 37 1 37 0 0 0 69 13 0 0 0 0 0 0 0 1 2 0 0 0 0 0 0 0 18 0 0 0 0 0 0 0 15 0 0 0 0 0 13 0 0 0 1 0 0 0 0 0 0 1 0 0 0 0 137 0 5 8 11 0 14 2 0 0 0 0 0 0 0 0 0 0 0 0 0 0 0 0 0 0 0 0 0 2 16 10 0 0 0 0 0 0 0 0 0 0 0 0 
 38 154 246 379 193 48 34 153 78 0 136 28 65 192 277 89 149 133 72 191 6 5 0 0 0 0 3 0 0 0 0 3 2 79 5 0 0 0 1 75 0 0 65 33 0 1 0 0 0 3 0 0 4 1 0 3 2 2 0 0 1 5 0 0 0 3 0 0 0 6 0 0 0 2 0 0 101 0 0 0 15 0 12 35 5 0 0 32 29 19 7 1 0 22 15 0 19 10 0 27 12 2 0 0 0 0 0 83 0 0 0 3 38 32 0 0 2 0 42 8 0 0 0 0 0 0 0 0 0 0 0 0 1 0 0 16 0 0 0 0 0 0 0 0 0 0 0 0 0 0 0 0 0 0 8 0 13 0 0 1 17 13 1 83 26 8 2 6 11 25 13 0 0 20 16 14 8 10 0 0 0 0 0 0 0 0 0 0 0 1 0 0 27 0 0 0 0 0 0 37 0 0 0 0 0 0 0 0 0 0 0 0 0 0 0 0 1 0 0 2 0 0 0 0 0 0 0 0 0 0 0 0 0 1 0 0 0 0 2 0 0 18 0 0 0 6 1 2 1 93 0 14 9 0 0 0 0 0 0 0 0 0 0 0 0 0 1 0 0 0 0 0 0 0 0 0 0 0 0 0 0 0 0 0 0 0 0 0 0 0 
 262 52 139 159 208 175 25 127 353 136 0 220 44 42 294 123 217 157 37 143 4 0 0 0 0 0 3 0 0 1 0 2 4 78 0 1 4 0 127 163 0 0 1 0 0 0 0 0 0 2 0 0 0 0 3 3 5 2 15 3 0 3 0 0 39 0 0 0 3 0 1 0 0 0 0 0 35 1 0 0 1 0 8 37 58 41 0 1 0 24 38 12 0 0 0 0 0 3 0 0 2 0 1 0 0 0 23 19 0 0 0 2 24 58 0 14 0 0 37 9 0 0 0 0 0 0 0 1 0 0 0 0 0 0 8 0 0 0 0 0 0 0 0 0 0 0 1 0 0 1 14 0 0 0 0 0 0 0 0 0 2 1 13 19 24 8 0 14 9 0 22 1 0 0 5 5 23 3 0 0 13 10 0 0 9 1 0 0 0 0 0 9 46 28 17 0 7 0 8 25 0 0 0 0 0 0 0 0 0 0 0 0 0 0 0 0 0 0 0 0 0 7 0 0 0 0 0 0 0 2 0 0 0 0 0 0 0 0 0 0 0 14 0 0 0 2 1 0 1 0 7 2 0 0 0 0 0 0 0 1 0 0 0 0 0 0 0 0 0 0 0 0 0 0 0 0 19 12 0 0 0 0 0 0 0 0 0 0 0 0 
 28 205 42 270 122 142 333 237 140 28 220 0 252 122 53 242 95 77 18 108 24 1 74 0 0 0 74 0 0 0 0 2 137 78 0 2 0 1 2 37 0 2 3 0 2 0 0 0 0 3 0 0 0 0 1 3 3 2 1 0 0 0 0 0 0 0 0 0 0 0 31 0 0 49 0 0 0 2 0 0 34 14 24 11 17 30 2 1 10 0 13 23 0 0 33 7 20 9 0 9 8 0 14 0 0 0 0 13 0 0 0 0 29 23 27 11 0 0 4 7 0 0 0 0 0 0 0 0 0 0 0 0 0 21 0 0 0 0 0 0 0 0 0 0 0 0 0 0 0 5 0 0 0 0 0 42 0 0 0 0 0 0 10 10 0 19 26 0 10 0 12 0 0 0 7 1 7 28 0 0 24 19 0 0 0 0 15 20 0 0 0 1 0 0 26 0 0 46 57 10 0 0 0 0 9 0 0 0 0 0 0 0 0 0 0 0 0 0 0 0 0 0 0 0 0 0 0 0 0 0 0 0 0 0 0 0 0 0 0 0 0 0 0 0 0 42 92 0 2 0 9 25 0 0 0 0 0 0 0 0 0 0 29 0 0 0 0 0 0 0 0 0 0 0 0 0 11 0 0 0 0 9 0 0 0 0 0 0 0 0 
 411 856 171 72 172 70 211 281 489 65 44 252 0 101 43 126 59 32 184 249 0 0 0 0 0 0 0 0 0 0 0 2 0 3 0 0 0 0 0 0 0 0 0 0 0 0 0 0 0 3 0 0 0 0 1 3 2 2 0 0 0 0 0 0 0 0 0 0 0 0 43 0 0 0 1 0 0 0 0 0 14 42 11 0 12 0 8 33 28 5 0 21 31 0 31 15 10 0 26 25 0 0 5 0 0 0 0 0 0 0 0 0 0 0 0 0 0 0 0 1 0 0 0 0 0 0 0 0 0 0 0 0 0 0 0 0 0 0 0 0 0 0 0 0 0 0 0 0 0 0 0 11 0 0 0 0 0 0 0 0 0 10 12 10 0 0 12 11 9 7 0 20 0 10 7 1 0 9 0 29 0 0 0 0 0 0 0 0 0 0 0 2 0 0 0 0 0 0 12 0 0 0 0 0 0 0 0 0 0 0 0 0 0 0 0 0 0 0 10 0 0 0 0 0 0 0 0 0 0 10 0 0 0 0 0 0 0 0 0 0 0 0 0 0 1 2 87 1 2 89 2 20 0 0 0 0 0 0 0 0 0 0 23 0 0 0 0 0 0 0 0 0 47 0 0 16 6 0 0 0 0 0 0 0 0 0 0 0 0 1 
 422 55 112 65 173 175 132 84 172 192 42 122 101 0 73 215 471 223 116 256 1 0 0 0 0 0 0 0 0 2 0 3 2 3 2 0 0 0 0 0 0 0 0 0 6 0 0 0 0 3 1 0 0 3 60 3 2 2 3 0 0 0 0 0 0 0 0 0 0 0 0 0 0 3 0 0 0 0 0 0 69 8 20 21 10 13 1 13 19 0 0 21 11 33 31 29 8 6 1 13 0 0 0 2 0 0 0 0 0 0 0 0 11 0 0 0 0 0 0 15 2 0 0 0 0 0 0 0 1 0 0 0 0 0 0 0 1 0 0 0 0 0 1 0 0 0 0 0 0 0 25 0 0 0 0 0 0 0 0 0 16 16 5 17 9 19 0 56 11 12 14 5 1 8 21 36 22 0 23 17 0 0 0 0 0 0 0 0 0 0 0 0 0 0 0 0 0 0 13 16 0 0 0 0 0 0 0 0 0 0 0 0 0 0 0 0 0 0 0 0 0 0 0 0 1 0 0 0 0 0 0 0 0 0 0 0 0 0 0 0 0 0 0 0 0 0 101 0 58 5 0 19 0 0 0 0 0 0 0 0 0 0 0 0 0 0 0 0 0 0 0 0 0 0 0 0 0 0 0 0 0 0 0 0 0 0 0 0 0 0 
 278 430 49 236 279 270 218 236 266 277 294 53 43 73 0 168 95 119 66 170 0 0 0 0 0 0 1 0 1 2 0 2 2 3 2 0 0 0 0 0 0 0 63 0 0 0 0 0 3 3 0 0 0 0 0 3 2 2 0 0 0 0 0 0 0 0 0 0 0 4 30 0 0 0 0 0 0 1 0 0 36 15 0 0 14 3 1 12 36 19 19 28 1 26 29 7 35 12 0 8 8 0 0 0 0 0 0 0 0 0 0 0 16 0 0 0 0 0 11 13 0 0 0 0 0 0 0 0 0 0 1 0 0 0 0 0 0 0 0 0 0 0 0 0 0 0 0 0 0 0 1 0 0 0 0 0 0 0 0 0 2 0 10 11 0 0 15 0 10 10 0 0 0 1 28 38 19 35 0 1 0 0 0 0 0 0 0 0 0 0 0 0 0 0 0 0 0 0 11 13 0 0 0 0 0 0 0 0 0 0 0 0 0 0 0 0 0 0 0 0 0 0 0 0 0 0 0 0 1 0 0 0 0 0 0 0 0 2 0 0 0 0 0 0 0 0 90 0 1 87 0 10 12 0 0 0 0 0 0 0 0 0 14 0 0 0 0 0 0 0 0 0 0 0 0 9 1 0 0 0 0 0 0 0 0 0 0 0 0 0 
 34 136 151 272 91 73 261 149 325 89 123 242 126 215 168 0 190 131 305 69 1 0 0 1 0 0 1 0 2 0 0 2 0 5 0 0 1 2 46 1 0 0 0 0 23 0 0 0 0 2 0 0 0 0 29 3 2 4 0 2 0 3 0 0 0 0 0 0 3 0 50 0 0 0 0 0 0 0 0 0 9 19 34 66 28 29 12 33 0 0 24 38 2 0 54 30 14 44 2 0 0 0 0 0 0 0 12 2 0 0 0 0 1 11 0 0 0 0 0 14 8 0 0 1 0 0 0 0 0 0 0 0 0 0 0 0 0 0 0 0 0 0 0 2 0 0 15 0 27 1 1 16 0 0 0 0 2 0 0 0 0 62 27 13 21 0 0 17 21 2 0 77 0 0 9 14 8 13 0 3 9 0 0 0 0 0 0 1 0 0 1 0 21 14 0 0 0 0 23 36 0 0 0 0 0 0 0 0 0 0 0 0 0 12 0 0 0 0 0 0 0 0 0 0 0 0 0 0 0 0 15 0 0 0 0 0 0 0 0 0 0 0 0 0 0 0 45 1 0 85 7 6 0 0 0 0 0 0 0 0 0 0 0 0 0 0 0 0 0 0 0 0 0 0 0 10 17 10 0 0 0 0 0 0 0 1 0 0 0 0 
 125 111 207 134 252 78 104 123 345 149 217 95 59 471 95 190 0 305 120 42 1 0 0 0 0 0 0 0 75 1 0 3 0 3 1 0 1 0 0 0 0 0 1 0 4 0 0 0 26 3 0 9 0 0 65 3 2 2 0 0 0 1 0 0 0 0 6 0 1 0 1 0 1 0 0 0 0 0 0 0 32 28 52 24 21 14 18 27 1 38 12 0 7 14 12 26 24 9 0 13 0 0 0 0 0 0 18 0 0 0 0 0 18 1 0 0 1 0 0 14 0 0 0 0 0 0 0 0 0 0 0 0 2 0 0 0 0 0 0 0 0 0 0 0 13 0 0 0 0 0 11 20 0 0 0 0 0 0 0 2 0 53 14 22 1 8 1 38 8 10 0 25 0 9 0 31 28 1 0 35 0 0 0 0 0 0 0 0 0 0 0 0 0 0 0 0 0 0 10 0 0 0 0 0 0 0 0 0 0 0 0 0 0 0 0 0 0 0 0 1 0 0 0 0 0 0 0 0 0 0 0 0 0 0 0 0 0 0 0 0 0 0 0 0 0 2 4 0 0 87 1 21 0 0 0 0 2 0 0 0 0 0 0 0 0 0 0 0 0 0 0 0 0 0 0 22 0 0 0 0 0 0 0 0 0 0 0 0 0 0 
 100 330 359 65 90 40 106 346 49 133 157 77 32 223 119 131 305 0 126 47 0 0 0 0 0 0 0 0 0 0 0 2 75 3 0 0 0 0 0 0 0 0 1 0 0 0 0 0 0 3 0 0 0 0 1 3 2 3 0 0 0 0 4 51 1 1 0 0 0 0 0 0 0 0 0 0 1 0 38 0 16 17 43 35 1 20 32 20 1 10 16 6 5 39 28 21 31 23 0 16 0 0 0 0 0 0 13 0 0 0 0 0 12 10 0 0 0 0 1 0 0 0 0 0 0 0 0 0 0 0 0 0 0 0 0 0 0 0 0 0 0 0 0 0 0 0 0 0 0 0 0 19 0 0 0 0 0 0 0 0 0 58 13 31 9 6 0 48 18 2 25 52 0 19 1 13 9 37 0 0 12 0 0 0 0 0 0 0 0 0 0 0 15 0 0 0 0 0 58 1 0 0 0 0 0 0 0 0 0 0 0 0 0 0 0 0 1 0 0 0 18 0 0 0 0 0 0 0 0 10 0 0 0 0 0 0 0 0 0 0 0 10 0 0 0 2 93 0 86 2 0 4 0 0 0 0 0 0 0 0 0 0 0 0 0 0 0 0 0 0 0 0 0 0 0 45 0 0 0 0 0 0 0 0 0 0 0 0 0 0 
 28 57 183 89 91 42 239 122 82 72 37 18 184 116 66 305 120 126 0 129 0 0 0 0 1 2 1 0 2 0 0 2 0 6 0 0 0 0 0 1 0 0 0 0 0 0 0 0 3 2 0 2 0 0 0 3 2 2 0 1 0 3 3 0 0 0 0 0 3 0 0 0 0 0 0 0 0 0 0 0 0 18 0 0 0 0 10 7 14 10 0 0 23 0 8 11 0 0 1 0 0 0 0 0 0 0 0 0 0 0 0 0 0 0 0 0 0 0 0 0 0 0 0 2 0 0 0 0 0 0 0 2 0 0 0 0 0 0 0 0 0 0 0 1 0 0 0 0 0 0 0 8 0 0 0 0 1 0 0 0 14 0 8 1 0 0 15 0 0 7 4 10 42 0 0 1 0 0 12 10 0 0 0 0 0 12 0 2 0 0 2 0 0 0 0 0 0 0 0 0 0 0 0 0 0 0 0 0 0 0 0 0 0 0 0 0 0 0 0 0 0 0 0 0 0 0 0 0 0 0 0 17 0 0 0 0 0 0 0 0 0 0 0 0 0 0 0 2 1 2 0 5 0 0 0 0 2 0 0 0 0 0 0 0 0 0 0 0 0 0 0 0 0 0 0 12 0 0 0 0 0 0 0 0 0 2 0 0 0 0 
 208 112 345 63 81 252 155 250 69 191 143 108 249 256 170 69 42 47 129 0 1 0 0 2 0 3 3 0 0 1 2 2 0 3 0 6 4 1 0 0 0 3 3 0 8 0 0 46 0 6 2 0 0 0 0 3 2 2 0 0 3 2 0 0 0 0 0 0 2 1 49 0 0 0 0 0 0 1 0 2 24 41 23 17 34 0 15 20 10 29 25 13 15 21 26 0 31 0 23 35 0 0 0 0 0 0 0 0 0 0 0 0 0 0 0 0 0 0 0 15 0 0 0 0 0 0 0 2 0 0 0 0 0 0 14 0 0 0 0 0 0 0 0 0 19 0 0 0 0 0 1 0 0 0 0 0 0 0 2 0 32 24 8 35 18 21 16 44 14 7 0 10 16 22 8 26 9 12 29 9 0 0 0 0 0 2 0 0 0 0 0 0 0 0 0 0 0 0 18 0 0 0 0 0 0 0 0 0 0 0 0 0 0 15 0 2 0 0 0 0 0 0 0 0 0 0 0 0 0 1 0 0 0 0 0 0 0 0 0 0 0 0 0 0 2 2 49 0 0 5 0 9 0 0 0 0 0 0 0 0 0 0 0 0 0 0 0 0 0 0 0 0 0 0 0 0 8 0 0 0 0 0 0 0 0 0 0 0 0 0 
 0 0 0 76 0 105 0 0 0 6 4 24 0 1 0 1 1 0 0 1 0 371 285 53 292 26 489 170 47 148 180 59 110 339 57 142 179 235 134 173 0 3 5 0 3 4 0 10 0 3 0 2 5 2 3 9 1 0 4 8 5 0 2 1 4 4 0 37 1 3 31 3 3 5 5 0 0 2 1 0 0 0 0 0 0 0 0 2 0 0 0 0 0 0 0 0 0 0 0 0 0 57 2 0 0 0 0 13 26 33 0 11 35 10 40 29 41 30 2 4 0 0 0 0 0 13 0 2 0 0 0 0 0 0 0 0 0 0 1 0 0 2 0 1 0 0 0 0 0 5 3 0 0 0 0 0 0 0 0 0 35 0 0 6 1 23 1 3 1 0 0 0 0 0 1 3 0 0 0 0 27 9 18 49 10 0 38 40 0 24 5 72 9 8 9 17 0 0 18 14 0 0 0 0 0 9 7 0 0 0 0 0 0 0 0 0 0 0 10 0 0 0 15 0 0 0 0 0 0 0 0 0 0 0 0 0 0 0 0 0 0 0 0 0 0 0 0 0 0 0 0 0 0 0 0 1 0 1 1 0 0 1 0 0 0 0 11 0 0 0 0 0 0 52 0 0 0 0 0 13 0 42 0 2 0 0 7 0 0 0 
 0 0 0 79 1 5 0 0 0 5 0 1 0 0 0 0 0 0 0 0 371 0 240 79 261 16 196 193 210 33 178 101 26 145 260 205 33 89 127 137 0 3 2 0 0 1 0 3 0 0 3 3 0 0 0 1 0 0 26 7 0 0 1 0 3 0 3 0 0 3 0 3 3 0 0 0 0 2 0 0 0 0 0 0 1 1 0 0 0 0 0 0 0 2 0 0 0 0 0 0 4 26 50 0 2 11 0 17 16 50 17 0 20 1 19 26 9 30 1 16 0 0 0 0 1 0 2 13 1 0 1 0 8 0 0 0 0 0 43 10 0 33 0 0 0 0 0 0 0 0 4 0 13 0 0 0 0 0 0 0 15 0 0 3 0 0 0 1 0 0 0 0 0 0 4 17 0 0 0 0 9 10 17 16 0 52 20 18 48 27 0 26 7 1 10 10 31 0 0 21 0 0 0 0 0 0 0 0 0 0 1 0 25 0 0 0 0 0 20 0 0 0 0 0 0 0 0 0 0 0 0 1 0 0 0 0 0 0 0 0 0 0 8 0 0 0 0 0 0 0 0 0 0 0 6 0 2 78 1 0 0 2 0 0 0 0 0 0 0 0 0 0 0 0 0 0 0 0 0 0 0 0 0 0 0 32 7 0 0 0 
 0 0 0 1 150 0 2 0 0 0 0 74 0 0 0 0 0 0 0 0 285 240 0 393 43 122 243 125 154 135 115 328 142 99 52 186 66 111 93 201 0 3 2 0 0 0 0 3 0 0 0 0 1 0 0 6 0 3 3 3 0 0 0 0 3 0 50 0 0 3 0 3 3 0 0 0 0 1 0 0 0 0 0 1 0 0 0 0 0 2 0 0 0 0 0 0 7 0 0 0 8 10 18 0 1 0 0 0 23 12 0 9 11 0 18 12 32 43 0 0 0 0 0 0 0 0 1 0 0 0 0 0 0 40 0 0 0 1 14 0 2 1 0 0 0 0 2 0 0 0 8 0 0 0 0 0 0 0 0 0 0 0 0 0 2 0 0 0 0 0 0 0 0 14 0 0 0 0 0 0 25 13 30 78 65 31 7 36 29 20 11 12 0 7 5 12 45 9 0 2 0 0 0 0 0 0 0 0 0 0 0 0 0 10 0 0 0 0 0 26 2 0 5 0 0 0 0 0 0 0 0 0 0 0 0 0 0 0 0 0 0 0 0 0 0 0 0 0 0 0 0 0 0 0 16 0 0 76 78 0 12 0 0 0 0 0 0 0 0 18 0 0 0 37 0 0 0 0 0 0 0 13 0 0 0 0 0 0 0 0 
 0 0 0 0 0 0 0 0 0 0 0 0 0 0 0 1 0 0 0 2 53 79 393 0 85 88 91 138 159 89 121 246 63 69 78 59 131 132 293 48 141 3 1 0 0 209 0 61 1 0 0 0 90 63 65 0 1 0 101 288 0 0 0 0 2 0 0 6 0 3 0 1 3 1 0 0 7 0 8 0 0 0 0 0 0 0 0 0 0 0 0 1 0 0 0 0 0 0 0 0 0 0 9 30 4 59 0 0 6 0 24 11 0 0 0 0 6 26 0 0 10 0 28 0 0 0 4 0 1 0 0 0 44 36 0 0 10 0 47 33 0 0 0 0 0 0 0 0 0 0 0 0 6 5 0 0 0 1 0 0 0 13 0 0 0 0 0 0 0 0 0 0 0 0 1 0 0 0 0 2 1 0 1 0 19 59 0 10 2 0 41 2 0 0 1 0 42 36 1 0 55 19 12 14 0 0 21 0 7 2 0 0 7 22 15 0 0 0 20 26 0 0 0 0 0 0 0 0 0 0 1 0 0 48 0 0 16 0 0 2 0 0 0 0 0 0 0 0 0 0 0 0 0 2 2 0 2 40 7 2 6 10 0 0 0 0 0 0 0 0 0 0 0 0 0 0 0 0 0 0 0 0 0 0 0 0 0 0 0 0 
 0 0 72 0 3 0 202 0 2 0 0 0 0 0 0 0 0 0 1 0 292 261 43 85 0 152 49 108 388 159 236 54 79 185 155 174 310 121 496 65 0 70 212 0 3 3 0 66 0 0 3 3 0 0 62 62 1 2 28 68 0 0 3 1 3 2 0 0 0 3 0 5 3 54 0 0 2 1 0 3 0 0 0 0 0 10 0 0 0 0 0 0 0 0 0 17 0 0 0 0 0 0 0 9 19 13 0 0 1 50 1 0 0 0 6 24 0 33 0 0 12 0 17 0 0 0 22 19 35 15 10 0 19 0 26 33 13 23 14 15 0 0 0 0 0 0 0 0 0 0 0 0 0 0 0 0 0 0 0 0 0 0 0 0 0 0 8 0 1 0 0 0 0 0 0 0 0 0 0 0 17 0 9 1 0 14 1 11 18 33 0 9 0 0 1 14 29 0 0 0 15 19 32 11 0 0 9 21 0 0 0 0 16 6 10 16 11 10 26 10 0 0 0 0 0 0 0 0 0 0 0 0 0 0 14 0 0 0 0 0 0 0 0 0 0 0 0 0 0 0 0 0 0 0 5 2 2 78 0 2 0 0 0 0 0 0 9 0 0 0 0 0 0 0 0 0 0 0 0 0 0 0 0 0 0 50 1 0 0 0 
 4 2 0 0 3 0 0 0 0 0 0 0 0 0 0 0 0 0 2 3 26 16 122 88 152 0 37 106 61 86 161 178 192 39 46 67 151 45 48 47 0 40 2 0 14 0 64 57 82 0 68 0 69 0 142 1 52 0 3 132 0 0 0 0 2 1 3 10 0 3 1 4 6 2 0 1 0 0 0 0 0 0 0 0 0 0 0 0 0 0 0 0 0 0 0 0 0 0 0 0 0 0 10 0 1 7 12 0 11 0 0 0 0 0 0 0 0 6 0 0 20 24 28 0 0 0 14 28 0 38 14 10 0 35 13 0 12 33 0 24 0 0 0 0 0 0 0 0 0 0 0 0 0 0 0 0 0 0 0 0 0 2 6 0 0 0 0 0 13 26 0 0 0 0 0 0 0 0 0 0 0 0 0 0 14 50 0 11 36 0 0 0 0 0 0 0 2 20 0 0 4 13 15 23 0 0 20 13 20 21 0 1 6 9 29 29 0 0 19 29 0 0 0 0 0 0 0 0 0 0 0 0 0 0 0 0 0 0 0 0 0 0 20 0 0 0 0 0 0 0 0 0 0 0 0 5 2 1 41 2 12 4 0 0 0 0 0 0 0 0 0 0 0 0 0 0 0 0 0 0 0 0 0 0 15 0 0 21 0 6 
 3 2 2 75 1 5 2 0 1 3 3 74 0 0 1 1 0 0 1 3 489 196 243 91 49 37 0 228 32 203 42 34 307 394 121 187 117 61 211 246 0 3 0 0 0 6 0 2 0 0 0 0 0 0 0 1 0 0 3 3 0 0 0 0 3 22 0 0 0 3 0 3 3 0 0 0 0 0 0 0 0 30 0 0 0 0 0 0 0 0 2 0 0 0 0 0 0 0 0 0 0 29 26 1 0 0 0 1 47 7 0 39 36 12 40 30 45 8 9 7 6 2 0 0 0 0 0 0 0 7 0 0 0 0 0 0 0 0 0 0 0 11 0 0 0 0 0 0 0 2 4 0 0 0 0 1 0 0 0 0 2 0 11 23 0 14 0 19 0 0 0 0 0 11 0 1 10 0 0 0 0 8 2 19 0 0 51 20 1 31 10 20 13 0 1 16 0 0 0 27 0 0 0 0 0 0 0 0 0 0 0 1 0 0 0 0 0 0 15 0 0 0 0 0 0 0 0 0 0 0 0 5 0 0 0 0 0 0 0 0 0 0 0 0 0 2 0 0 6 0 0 0 1 0 5 0 0 1 0 0 1 0 0 0 0 0 0 0 0 0 0 0 0 0 0 0 0 1 0 13 0 12 0 12 0 0 9 0 0 0 
 0 1 0 0 0 0 1 2 0 0 0 0 0 0 0 0 0 0 0 0 170 193 125 138 108 106 228 0 558 228 150 115 126 460 112 176 39 150 125 49 0 3 1 0 0 4 0 2 0 0 0 0 62 0 3 6 0 25 32 67 0 0 0 0 3 0 0 0 0 3 0 3 3 0 0 0 1 0 0 0 0 0 0 0 2 0 7 0 1 0 0 0 0 0 0 0 0 0 0 0 1 89 11 0 12 16 0 0 66 26 0 2 14 10 25 24 19 53 0 0 11 0 0 0 0 0 16 0 15 0 0 0 10 11 0 0 0 0 0 0 0 1 0 0 0 0 0 0 0 0 0 0 0 0 0 0 0 0 0 0 0 0 0 0 0 0 0 0 0 0 0 0 0 0 0 0 0 0 0 0 13 0 23 14 23 29 8 9 21 40 16 40 0 7 17 19 26 3 0 1 12 0 0 0 0 0 1 0 0 0 0 0 0 7 0 0 0 0 14 14 0 0 2 0 0 0 1 2 2 0 0 0 1 0 0 0 0 0 0 0 0 0 0 0 0 0 0 0 0 0 0 0 0 0 2 0 0 80 77 0 12 1 0 0 0 0 0 0 0 0 0 0 0 0 0 0 0 0 0 0 0 23 0 0 0 11 4 0 0 0 
 0 3 0 0 0 1 0 0 0 0 0 0 0 0 1 2 75 0 2 0 47 210 154 159 388 61 32 558 0 164 161 22 345 101 236 100 249 340 84 64 1 3 14 0 0 0 0 3 0 0 4 0 20 0 0 0 0 0 130 41 72 0 0 7 3 0 2 0 3 3 0 3 3 1 0 0 4 0 0 4 0 0 0 0 0 0 0 0 0 0 0 0 0 0 0 0 0 0 0 0 0 10 12 21 10 68 0 0 16 14 61 1 0 0 22 23 4 9 0 0 11 0 0 0 0 0 0 0 0 0 0 0 16 1 0 0 0 0 0 34 0 0 0 0 0 0 0 0 2 0 0 0 1 0 0 0 0 0 0 0 0 0 0 0 0 0 0 0 0 0 0 0 0 0 0 0 0 0 0 0 0 22 22 17 53 55 0 26 50 20 18 11 0 26 31 0 48 0 0 0 6 0 0 0 0 0 20 0 0 0 2 0 30 18 0 0 0 0 61 18 0 0 0 0 0 0 0 0 0 0 0 6 0 0 2 0 0 0 0 0 0 0 8 0 0 0 0 0 0 0 0 0 0 0 76 2 1 87 1 2 3 22 0 0 0 0 6 0 0 0 0 0 0 0 0 0 0 0 0 0 0 0 0 0 0 13 0 0 0 0 
 0 0 0 0 2 2 92 0 0 0 1 0 0 2 2 0 1 0 0 1 148 33 135 89 159 86 203 228 164 0 74 103 128 217 186 164 121 185 91 109 0 3 3 0 0 1 0 3 0 0 0 0 62 0 0 0 0 0 4 71 0 0 0 0 3 0 0 0 0 3 0 3 3 0 0 4 0 2 0 1 0 0 0 28 0 0 0 0 0 0 0 0 0 0 0 0 0 0 0 0 0 32 47 8 0 35 0 0 42 32 0 10 0 0 12 0 9 27 0 0 11 0 0 0 0 0 28 1 0 0 0 0 0 5 0 0 0 0 0 0 0 34 0 0 0 0 0 0 0 0 0 0 0 0 0 0 0 0 0 0 0 0 0 0 1 0 0 0 0 0 0 0 0 0 0 0 0 0 0 0 43 0 22 12 24 87 33 34 0 18 19 31 0 14 22 24 17 0 0 0 13 0 2 0 2 0 8 0 0 0 0 0 13 0 0 0 0 0 24 27 0 0 0 0 0 0 0 0 0 0 0 0 0 0 13 0 0 0 0 0 0 0 0 0 0 0 0 0 0 0 0 0 0 0 8 0 2 9 6 0 2 2 0 0 0 0 15 0 0 0 0 0 0 0 0 0 0 0 0 9 0 13 0 0 0 0 10 0 0 0 
 3 0 2 0 3 0 0 0 0 0 0 0 0 0 0 0 0 0 0 2 180 178 115 121 236 161 42 150 161 74 0 135 43 64 74 367 179 272 80 52 0 3 4 0 0 3 0 66 0 1 6 0 1 0 3 4 0 0 64 10 0 0 1 52 3 0 0 0 3 3 0 3 3 0 2 2 10 2 2 3 0 0 0 0 0 0 0 0 0 0 0 0 0 0 21 0 0 0 0 0 0 1 1 1 49 45 0 0 77 64 40 0 1 0 11 31 1 33 0 0 1 0 0 0 0 0 21 0 1 0 0 0 14 18 0 0 0 0 14 14 0 1 0 0 0 0 0 0 1 12 1 0 10 0 0 0 0 0 0 0 0 6 0 0 0 0 0 0 0 0 0 0 0 0 0 0 0 20 0 0 20 14 24 19 12 13 2 11 37 38 0 33 0 2 12 12 17 5 0 0 0 0 0 0 0 0 38 0 0 0 2 0 14 21 0 0 0 0 48 0 0 0 0 0 0 0 0 0 0 0 0 0 0 0 0 0 0 2 0 0 0 0 8 0 0 1 0 0 0 0 0 0 0 0 2 0 1 2 78 5 29 2 0 0 0 0 13 0 0 0 0 0 0 0 0 0 0 0 0 0 0 0 0 0 0 2 0 0 0 0 
 2 59 4 2 5 2 4 2 2 3 2 2 2 3 2 2 3 2 2 2 59 101 328 246 54 178 34 115 22 103 135 0 26 461 55 43 74 222 51 105 71 3 1 1 23 1 0 65 0 0 4 0 128 0 41 62 62 0 9 12 0 0 0 0 29 0 0 13 3 3 0 3 3 0 2 2 1 2 8 0 0 0 0 0 0 0 0 0 0 0 0 0 0 0 0 0 0 0 0 0 0 0 20 22 12 20 0 0 9 30 11 22 0 0 0 0 0 20 0 0 0 0 33 0 0 0 0 10 13 0 0 0 90 37 33 0 10 8 14 71 0 0 0 1 0 0 0 0 0 0 0 0 33 3 0 0 0 4 0 0 0 4 0 0 0 0 0 0 0 1 0 0 0 0 0 0 0 0 0 0 0 0 0 17 25 17 0 35 24 0 22 0 0 0 24 0 17 0 0 0 11 19 10 36 1 0 3 14 22 13 0 0 8 23 11 0 0 0 11 21 9 0 0 0 0 0 0 0 14 0 0 0 0 0 0 0 0 0 0 0 0 0 1 0 0 0 0 0 0 0 0 75 0 0 4 2 2 112 80 0 6 1 0 0 0 0 0 0 0 0 0 0 0 0 0 0 0 0 0 0 0 0 0 2 0 0 0 0 0 0 
 0 148 0 77 1 99 0 0 77 2 4 137 0 2 2 0 0 75 0 0 110 26 142 63 79 192 307 126 345 128 43 26 0 498 61 490 323 50 222 344 2 8 3 3 3 13 2 2 0 3 0 2 0 0 3 0 0 3 3 3 0 0 6 3 3 0 0 0 0 3 3 2 3 0 0 2 0 2 0 2 0 0 0 0 1 36 0 0 0 16 0 26 0 0 22 0 2 11 0 0 12 27 0 1 0 0 4 33 13 0 0 25 18 34 28 9 33 1 44 0 0 1 0 0 0 0 0 0 0 0 0 0 0 6 0 0 0 0 0 0 0 0 0 0 0 0 0 0 0 3 0 9 0 0 0 0 0 0 0 0 0 0 0 0 0 12 0 0 0 18 1 2 0 0 0 0 0 17 0 0 12 8 2 9 0 0 12 24 0 1 1 19 16 16 22 3 0 0 37 11 0 0 0 0 0 0 0 0 0 0 0 0 0 0 0 0 0 0 0 0 0 0 0 0 0 0 0 0 0 0 0 0 0 0 0 0 0 0 0 0 0 24 0 0 0 0 0 0 0 0 0 0 0 0 16 2 0 1 0 0 3 2 0 0 0 0 0 0 0 0 0 12 0 0 0 0 0 2 0 39 0 22 0 0 0 0 0 0 0 0 
 3 5 5 38 76 75 3 3 3 79 78 78 3 3 3 5 3 3 6 3 339 145 99 69 185 39 394 460 101 217 64 461 498 0 211 364 123 176 129 111 0 0 0 0 0 3 0 0 0 0 0 0 0 0 0 18 1 0 3 0 2 0 0 0 0 3 0 0 1 5 0 0 0 0 0 0 0 5 0 3 0 0 0 1 3 0 0 0 0 0 0 0 0 0 0 0 0 0 0 0 0 33 12 1 0 0 0 19 17 41 13 32 21 13 38 36 20 50 10 12 0 0 0 0 0 0 0 0 0 0 0 0 0 0 0 0 0 0 0 0 0 0 0 0 0 0 0 0 0 3 0 0 0 0 0 0 0 0 0 0 8 0 0 7 0 6 0 4 0 0 0 0 0 0 18 9 0 0 2 0 59 0 17 21 12 0 45 14 0 18 14 14 19 27 10 31 0 0 9 19 0 0 0 0 0 0 7 0 0 0 0 0 2 0 0 0 0 0 16 0 0 0 0 0 0 0 0 0 0 0 13 0 0 0 0 0 0 0 12 0 0 0 0 0 0 0 0 0 0 0 0 1 0 0 4 2 2 0 1 0 0 4 0 0 0 0 11 0 0 0 0 0 0 0 0 2 0 0 0 10 0 24 0 0 0 0 8 0 0 0 
 0 0 0 74 0 143 0 0 0 5 0 0 0 2 2 0 1 0 0 0 57 260 52 78 155 46 121 112 236 186 74 55 61 211 0 167 425 111 147 81 0 3 2 2 0 33 0 2 0 2 1 1 62 0 0 3 3 2 4 85 0 0 0 5 6 3 0 0 0 3 2 6 3 0 7 0 8 41 0 11 0 0 0 0 0 0 0 0 0 0 0 0 0 0 0 0 0 0 0 0 7 49 8 0 0 37 16 11 20 46 21 58 0 0 20 8 40 15 32 0 10 0 0 0 0 0 17 1 0 0 0 0 0 0 0 0 0 0 0 12 0 7 0 0 0 0 15 0 0 0 0 0 0 0 0 0 0 0 0 0 0 0 0 0 9 0 4 0 0 16 0 0 0 0 0 0 0 6 0 0 16 1 19 50 10 29 8 15 13 10 8 48 0 15 0 16 8 23 0 11 19 0 2 0 2 0 6 0 0 0 0 0 11 1 0 0 0 0 0 9 0 0 0 0 0 0 0 0 0 0 0 0 0 0 0 0 0 0 0 0 0 0 0 0 0 0 0 0 0 0 0 0 0 0 13 0 4 6 0 0 4 1 0 0 0 1 13 0 0 0 0 0 0 0 0 0 0 0 0 12 0 0 0 0 0 0 0 0 0 0 
 3 0 0 5 2 76 0 0 0 0 1 2 0 0 0 0 0 0 0 6 142 205 186 59 174 67 187 176 100 164 367 43 490 364 167 0 147 187 270 70 0 3 0 0 0 208 0 3 0 0 0 0 0 0 0 6 0 0 67 3 0 0 0 0 55 0 0 0 0 3 0 1 3 0 0 0 1 0 0 0 0 0 0 0 0 0 0 0 0 0 0 0 0 0 0 0 0 0 0 0 6 29 0 2 9 22 14 0 22 16 19 14 23 0 37 19 22 12 0 0 0 0 0 2 0 0 20 0 0 0 0 0 29 0 0 0 0 0 16 0 0 5 0 0 0 0 0 6 0 0 0 0 0 0 0 0 0 0 0 0 0 0 0 0 0 0 4 0 0 0 1 0 0 0 0 0 0 11 0 0 24 22 37 23 10 8 8 0 1 73 0 43 11 33 9 10 0 15 0 6 8 0 0 0 0 0 0 17 0 0 0 0 1 0 0 0 0 0 12 0 0 1 0 0 0 0 0 0 0 0 0 0 0 0 0 0 0 0 0 0 0 0 20 0 0 0 0 0 0 0 0 0 0 0 12 2 1 1 1 2 2 2 0 0 0 0 0 0 0 0 0 0 0 0 0 0 0 0 0 0 0 20 0 0 0 4 3 0 0 1 
 3 0 1 0 3 76 0 0 0 0 4 0 0 0 0 1 1 0 0 4 179 33 66 131 310 151 117 39 249 121 179 74 323 123 425 147 0 236 44 55 62 20 1 2 3 4 0 2 0 0 0 0 65 0 0 0 0 0 32 66 0 0 0 5 2 0 0 0 0 3 2 1 3 1 0 0 6 0 0 6 0 0 0 0 0 0 0 0 0 0 0 0 0 0 0 0 0 0 0 0 9 1 0 11 2 33 12 0 18 24 27 76 0 0 1 12 16 44 0 0 13 0 0 0 0 0 0 2 0 0 0 0 19 8 0 0 18 0 0 0 0 9 0 0 0 0 0 0 0 0 0 0 3 3 0 0 0 2 0 0 0 0 0 0 0 0 1 0 1 0 0 0 0 0 0 0 0 6 0 0 3 15 9 28 9 13 0 16 0 32 11 0 0 27 0 18 79 37 0 10 15 0 0 0 0 0 27 0 0 0 0 0 31 22 0 0 0 0 0 9 0 0 0 0 0 0 0 0 0 0 0 0 0 0 0 0 0 0 0 0 0 0 0 0 0 0 0 0 0 0 0 0 0 0 0 1 2 79 0 0 1 8 0 0 0 0 11 0 0 0 0 0 0 0 0 0 0 0 0 0 0 0 0 2 0 0 0 0 0 0 
 0 0 0 0 3 2 1 0 0 0 0 1 0 0 0 2 0 0 0 1 235 89 111 132 121 45 61 150 340 185 272 222 50 176 111 187 236 0 102 106 30 3 2 0 0 0 0 32 0 0 0 1 1 0 0 5 0 4 99 67 0 0 0 23 2 0 0 49 0 3 0 2 3 4 0 0 7 0 0 5 0 0 0 0 0 0 0 0 0 0 0 1 0 0 0 0 0 0 0 0 0 14 1 27 39 32 0 0 3 16 18 12 0 0 10 78 10 48 1 0 1 0 0 0 0 0 0 14 1 0 0 0 17 12 9 0 12 0 8 0 0 0 0 0 0 0 0 0 0 0 0 0 3 6 0 0 0 4 0 0 0 11 0 0 0 0 0 0 0 0 0 0 0 0 0 0 0 0 0 2 16 0 13 14 28 9 9 2 15 42 19 7 0 10 12 27 33 1 8 0 0 12 0 0 0 0 35 2 0 0 0 0 29 7 1 0 0 0 23 0 0 0 0 1 0 0 0 0 0 0 0 0 0 0 0 0 0 0 0 20 0 0 0 0 0 0 0 0 0 0 0 0 0 0 5 0 3 150 74 3 2 12 0 0 0 0 11 0 0 0 0 0 0 0 0 0 0 0 0 0 0 19 0 0 0 12 0 0 0 0 
 0 70 0 73 1 226 0 0 4 1 127 2 0 0 0 46 0 0 0 0 134 127 93 293 496 48 211 125 84 91 80 51 222 129 147 270 44 102 0 96 0 67 2 3 0 205 3 2 0 0 2 3 0 3 2 7 0 3 5 10 3 0 0 28 3 0 0 0 2 7 1 2 5 34 3 0 0 5 0 0 0 0 0 15 26 16 0 0 0 10 30 31 0 0 0 0 0 12 0 0 13 50 0 0 0 0 34 26 1 19 0 0 0 16 21 16 26 15 15 1 0 0 0 0 0 0 0 0 0 0 0 0 0 0 0 0 1 1 0 0 2 0 0 0 0 0 5 0 0 14 0 0 0 0 0 0 0 0 0 0 0 0 1 1 22 0 6 0 9 0 13 14 0 0 1 6 1 5 0 0 30 12 35 39 19 0 49 0 0 32 12 20 46 57 13 9 0 26 14 51 0 0 0 0 0 0 0 0 0 0 0 0 0 0 0 0 0 0 0 0 2 0 0 0 0 0 0 0 0 0 0 0 0 0 0 0 0 0 0 0 0 0 0 0 0 0 0 1 0 0 0 0 0 0 25 0 1 0 1 2 0 0 0 0 0 0 0 0 0 0 0 0 0 0 0 0 0 12 0 0 0 23 0 0 0 0 0 0 0 0 
 0 0 0 60 109 1 0 0 0 75 163 37 0 0 0 1 0 0 1 0 173 137 201 48 65 47 246 49 64 109 52 105 344 111 81 70 55 106 96 0 0 5 5 0 0 0 2 2 0 3 0 0 0 3 0 3 0 0 3 6 0 0 0 1 3 0 0 2 5 3 0 3 3 0 2 0 0 2 1 0 6 0 0 0 14 2 0 0 0 0 0 0 0 0 0 0 0 0 0 0 5 0 52 6 0 2 0 11 37 38 0 12 20 15 10 23 8 22 0 41 0 0 0 0 0 0 0 0 0 0 0 0 0 0 0 0 0 0 17 0 0 6 0 0 0 0 0 0 0 0 21 0 0 0 0 0 0 0 0 0 20 0 0 7 0 0 0 4 0 0 14 0 0 0 12 9 0 21 0 25 23 19 32 42 9 0 18 33 21 2 10 0 4 41 10 14 12 0 0 26 0 0 0 0 0 0 0 0 0 0 0 0 0 0 0 0 0 0 0 0 0 0 0 0 0 0 10 0 0 0 0 0 0 0 0 0 0 0 0 0 0 0 0 0 0 0 0 0 0 0 1 0 0 0 3 0 2 77 39 0 3 0 0 0 0 0 0 0 0 0 0 0 0 0 0 0 0 0 0 0 0 18 0 0 0 0 0 0 0 0 
 0 2 0 0 0 0 0 0 1 0 0 0 0 0 0 0 0 0 0 0 0 0 0 141 0 0 0 0 1 0 0 71 2 0 0 0 62 30 0 0 0 179 125 72 41 31 145 98 131 56 39 39 169 121 98 116 32 49 205 48 0 2 0 0 0 2 0 8 0 0 0 0 0 2 0 3 0 2 12 0 0 0 0 0 0 0 0 0 0 0 0 0 0 0 0 0 0 0 0 0 0 1 0 15 27 0 0 2 0 0 27 14 0 0 0 0 0 8 0 0 17 0 9 0 1 35 17 40 26 17 0 0 66 19 8 0 43 18 11 2 0 0 0 0 0 0 22 0 0 0 0 0 8 8 34 0 0 8 0 0 0 0 0 0 0 0 0 0 0 0 0 0 0 0 0 0 7 13 0 0 0 0 0 0 13 9 0 0 0 0 65 13 0 0 0 0 10 9 0 0 19 61 1 1 0 0 28 2 2 0 0 22 14 29 12 0 6 6 0 0 0 0 0 0 0 0 0 0 0 0 0 0 0 0 0 24 0 0 15 0 0 0 0 0 0 0 0 0 0 0 0 0 0 0 0 0 0 147 0 6 0 19 23 0 1 2 0 0 0 0 0 0 0 0 0 0 0 0 0 0 0 0 0 0 0 0 0 0 0 0 
 3 0 0 0 0 0 0 0 0 0 0 2 0 0 0 0 0 0 0 3 3 3 3 3 70 40 3 3 3 3 3 3 8 0 3 3 20 3 67 5 179 0 150 200 244 24 202 207 193 35 216 25 96 179 324 150 28 55 107 332 2 2 0 0 1 4 2 0 5 0 1 2 9 5 8 5 2 1 7 2 0 0 0 0 0 0 0 0 0 0 0 0 0 0 0 0 0 0 0 0 0 0 0 0 0 0 0 0 0 0 0 0 0 0 0 0 0 0 2 0 30 9 0 8 36 8 0 0 11 55 49 6 18 0 0 14 23 27 0 7 9 0 0 0 0 0 7 0 0 0 0 0 17 0 0 0 0 0 0 0 0 0 0 0 0 0 0 0 0 0 0 0 0 0 0 0 4 0 0 0 0 0 0 0 0 0 0 0 0 0 0 1 0 0 0 0 0 0 0 10 5 11 23 8 4 0 0 81 9 7 0 2 7 8 23 12 18 19 0 0 0 0 0 0 0 0 0 1 0 0 0 28 11 8 11 0 0 0 2 0 0 0 0 0 0 0 0 0 0 0 0 4 0 0 0 0 0 0 0 7 0 0 0 0 0 2 2 1 0 0 0 0 0 0 0 0 0 0 0 0 0 0 0 0 9 8 0 10 0 0 
 0 2 1 67 2 1 0 0 2 65 1 3 0 0 63 0 1 1 0 3 5 2 2 1 212 2 0 1 14 3 4 1 3 0 2 0 1 2 2 5 125 150 0 445 317 128 273 79 161 65 315 18 70 359 60 169 511 70 37 122 0 0 0 0 0 0 0 0 49 2 0 0 24 3 0 0 0 2 0 0 9 0 0 0 0 0 2 0 0 0 9 1 0 0 0 41 0 1 0 0 0 0 0 1 0 7 7 0 2 2 4 0 0 0 0 0 0 0 0 18 0 0 32 0 4 16 0 10 5 0 12 0 0 0 0 0 10 14 0 2 0 0 0 0 0 0 26 0 0 0 0 0 0 10 0 0 0 0 0 7 7 0 2 0 0 10 0 0 19 10 0 0 0 21 14 0 6 0 0 0 0 10 0 0 0 3 0 0 3 1 0 0 0 0 0 0 4 0 0 0 0 0 0 7 10 0 0 0 0 0 13 0 5 6 0 0 0 0 13 0 28 0 0 0 0 0 0 2 0 0 0 0 0 0 24 0 0 0 21 0 0 0 5 0 0 0 2 0 0 64 0 2 13 1 0 0 0 1 1 0 0 0 0 40 2 2 2 0 0 0 0 0 0 0 0 0 0 0 0 0 0 0 0 0 0 0 0 0 0 0 
 0 0 1 0 0 0 0 0 0 33 0 0 0 0 0 0 0 0 0 0 0 0 0 0 0 0 0 0 0 0 0 1 3 0 2 0 2 0 3 0 72 200 445 0 92 90 118 353 155 105 38 95 126 193 90 183 114 134 202 69 0 0 0 2 51 3 0 0 2 0 0 0 1 1 0 0 0 1 53 0 0 0 0 0 0 0 0 0 0 0 0 11 0 0 0 0 0 0 0 0 0 0 0 0 0 0 0 0 0 0 0 0 0 0 0 0 0 0 0 0 14 25 0 14 22 44 13 0 42 14 0 17 0 0 0 45 15 16 0 0 10 0 0 1 2 1 15 1 0 0 0 0 16 0 0 0 16 0 0 0 0 0 0 0 0 0 0 0 0 0 0 0 0 0 0 0 4 0 0 0 0 0 22 0 0 0 0 0 0 0 0 0 0 0 0 0 0 0 0 0 0 0 12 0 24 0 0 24 0 2 12 25 0 8 0 15 10 17 0 0 0 0 0 0 0 33 11 0 0 0 0 0 7 7 10 0 7 0 15 0 0 0 0 0 0 0 0 0 0 0 0 9 0 0 0 0 0 0 0 18 0 0 35 0 3 1 0 0 0 0 9 0 0 0 0 0 0 0 0 0 0 0 0 0 0 0 0 0 0 0 
 0 0 0 0 6 2 0 0 2 0 0 2 0 6 0 23 4 0 0 8 3 0 0 0 3 14 0 0 0 0 0 23 3 0 0 0 3 0 0 0 41 244 317 92 0 144 50 77 66 224 75 140 290 87 303 155 40 331 285 102 20 50 52 0 1 0 5 46 46 0 0 0 65 0 26 0 52 1 51 0 0 0 0 0 6 0 0 0 0 0 0 30 0 0 0 0 0 0 0 0 0 0 0 0 0 0 0 0 0 0 0 0 1 0 0 0 0 0 0 6 0 0 18 1 0 0 0 11 0 0 14 26 0 0 0 0 0 0 0 0 0 19 19 6 0 4 0 4 0 17 9 0 0 55 1 0 20 0 0 10 0 0 9 0 0 0 0 2 30 0 0 12 0 5 8 8 20 0 0 0 0 0 0 0 0 0 0 0 0 0 0 0 0 0 0 0 0 0 0 0 0 0 0 6 9 29 0 0 0 9 0 25 0 0 0 0 0 0 7 0 29 0 0 0 0 0 35 21 5 0 19 0 9 13 6 9 5 13 11 0 0 0 0 0 0 0 7 0 0 0 0 4 0 2 0 0 0 0 0 0 0 27 3 5 2 2 0 1 2 0 7 0 0 0 0 0 0 0 0 0 0 0 0 0 0 0 0 0 0 0 
 0 0 0 6 9 0 0 0 0 1 0 0 0 0 0 0 0 0 0 0 4 1 0 209 3 0 6 4 0 1 3 1 13 3 33 208 4 0 205 0 31 24 128 90 144 0 41 31 40 270 153 127 26 128 194 83 89 214 41 284 1 0 0 0 53 6 1 2 51 0 0 0 53 1 0 0 2 1 52 51 0 0 15 0 0 0 0 0 0 0 0 6 0 0 0 0 0 0 0 0 0 27 0 0 0 0 0 10 0 0 0 18 0 0 3 1 3 0 13 0 1 1 23 20 23 20 0 3 1 1 53 1 0 0 0 21 0 17 0 0 0 0 0 11 0 0 0 11 0 0 1 0 17 0 0 0 5 0 0 30 0 7 0 0 0 0 0 0 0 8 0 0 0 0 0 0 0 0 0 0 0 0 0 0 0 0 0 0 0 1 1 4 0 0 0 1 0 0 0 5 0 0 0 11 3 0 0 0 28 0 26 0 0 0 0 0 7 21 0 0 27 19 0 2 9 0 10 13 0 0 0 9 0 0 23 1 11 0 23 0 0 0 0 0 0 1 0 0 0 0 0 6 0 2 0 0 0 0 0 1 0 26 2 64 5 9 1 0 0 0 40 0 0 0 0 0 0 0 0 0 0 0 0 0 1 0 0 0 30 0 
 3 0 3 0 0 0 0 0 0 0 0 0 0 0 0 0 0 0 0 0 0 0 0 0 0 64 0 0 0 0 0 0 2 0 0 0 0 0 3 2 145 202 273 118 50 41 0 156 188 104 98 48 123 353 108 112 98 242 119 54 0 0 0 2 0 0 0 0 0 5 53 36 0 0 5 10 0 2 0 0 0 0 0 0 0 0 0 0 0 0 0 0 0 0 0 0 0 0 0 0 0 0 0 0 0 0 0 0 0 0 0 0 0 0 0 0 0 0 0 0 0 28 16 6 12 52 12 0 26 41 1 23 1 0 5 0 19 29 0 8 0 0 0 11 6 0 48 0 0 0 0 0 0 0 0 0 0 0 4 0 0 0 0 0 0 0 0 0 0 0 0 4 0 0 0 0 4 0 0 0 0 0 0 0 0 0 0 0 0 0 0 0 0 7 0 0 0 0 0 0 0 0 30 0 0 0 0 15 0 5 3 67 0 6 18 27 1 7 0 10 0 0 0 0 6 0 0 0 0 0 0 12 22 0 0 0 0 0 10 0 0 0 0 0 0 0 0 0 0 0 0 0 0 0 0 0 0 0 0 7 0 0 0 0 2 1 0 0 0 0 5 0 0 0 0 0 0 0 0 0 0 0 0 0 0 0 0 0 0 0 
 0 0 2 0 0 0 0 0 0 0 0 0 0 0 0 0 0 0 0 46 10 3 3 61 66 57 2 2 3 3 66 65 2 0 2 3 2 32 2 2 98 207 79 353 77 31 156 0 187 41 30 35 77 197 86 266 42 28 293 141 0 2 0 0 0 2 0 0 0 0 3 1 0 2 0 3 0 1 0 0 0 0 0 0 0 0 0 0 0 0 0 0 0 0 0 0 0 0 0 0 0 0 1 23 14 16 0 0 0 0 0 0 0 0 0 0 0 0 0 0 1 0 3 5 0 0 0 0 0 21 26 0 1 11 9 19 0 14 48 41 30 0 0 0 0 0 3 0 0 0 0 0 2 0 0 0 0 0 0 0 0 24 0 0 0 0 0 0 0 0 0 0 0 0 0 0 0 0 0 0 0 0 0 0 1 0 0 1 0 0 0 0 7 0 0 0 0 0 1 0 39 0 19 8 19 0 30 14 1 11 0 0 0 1 1 3 14 9 14 0 0 0 0 0 0 0 0 0 0 0 0 0 15 4 6 0 0 0 1 0 0 0 0 0 0 0 0 0 0 0 0 4 0 0 0 0 0 0 0 0 0 0 0 0 2 1 0 1 0 0 0 0 0 0 0 0 0 0 0 0 0 0 0 0 0 16 0 0 0 0 
 0 0 0 0 0 0 0 0 0 0 0 0 0 0 3 0 26 0 3 0 0 0 0 1 0 82 0 0 0 0 0 0 0 0 0 0 0 0 0 0 131 193 161 155 66 40 188 187 0 115 193 26 160 161 231 89 125 17 158 133 0 0 0 0 0 0 0 0 0 4 1 0 6 0 20 4 0 2 0 6 0 0 0 0 0 0 0 0 0 0 0 0 0 11 0 0 0 0 0 0 0 0 0 0 0 0 0 0 0 0 0 0 0 0 0 0 0 0 0 0 11 37 18 13 19 36 18 1 35 51 0 39 0 0 12 0 14 29 0 24 0 0 1 0 0 0 33 0 0 0 0 0 8 0 0 6 0 6 5 39 0 0 0 39 0 0 0 6 0 0 0 8 0 0 0 0 7 0 0 0 0 0 0 0 0 0 0 0 0 1 0 0 0 0 0 0 0 0 0 0 0 0 21 0 6 0 0 34 0 11 7 54 0 3 8 55 10 7 0 9 1 0 0 0 0 0 1 8 35 0 0 0 10 4 7 0 0 0 17 0 0 0 0 0 0 0 0 0 0 0 0 5 0 0 0 2 0 0 0 11 0 0 0 2 0 1 0 0 0 0 0 2 0 0 0 0 0 0 0 0 0 0 1 0 20 15 0 19 0 0 
 3 3 5 2 3 3 3 3 3 3 2 3 3 3 3 2 3 3 2 6 3 0 0 0 0 0 0 0 0 0 1 0 3 0 2 0 0 0 0 3 56 35 65 105 224 270 104 41 115 0 373 257 48 68 98 328 123 262 107 96 0 0 0 0 0 0 58 0 1 0 0 0 107 2 6 0 0 1 0 56 0 0 0 0 0 0 0 0 0 0 0 0 0 0 0 0 0 0 0 0 0 0 0 0 0 0 0 0 0 0 0 0 0 0 0 0 0 0 0 0 0 11 6 11 6 15 0 0 0 1 1 8 0 0 0 0 0 0 0 0 1 0 0 1 0 0 58 0 0 29 0 0 8 8 12 15 50 5 26 4 0 0 3 0 0 0 0 0 10 0 0 0 0 4 0 0 0 0 10 0 0 0 0 0 0 0 0 0 0 0 0 0 0 0 0 0 0 0 0 0 0 0 17 7 7 19 0 0 6 11 19 11 0 0 12 0 0 25 0 0 21 12 0 0 0 0 26 14 27 0 0 0 19 17 6 9 11 24 24 22 0 0 0 0 0 0 0 0 0 0 0 2 2 1 0 0 0 0 0 2 0 0 0 1 0 0 1 66 3 0 0 0 0 0 0 0 0 0 0 0 0 0 0 0 16 14 0 0 0 0 
 0 0 0 0 0 0 0 0 0 0 0 0 0 1 0 0 0 0 0 2 0 3 0 0 3 68 0 0 4 0 6 4 0 0 1 0 0 0 2 0 39 216 315 38 75 153 98 30 193 373 0 273 40 163 120 208 89 111 237 171 0 0 0 0 0 0 0 4 46 32 5 0 18 3 9 5 0 2 0 0 0 0 0 0 0 18 0 0 0 0 0 0 0 0 0 0 0 0 0 0 0 0 3 0 0 5 0 0 12 12 4 0 0 0 0 0 0 1 0 0 4 20 29 11 0 10 9 33 3 17 13 16 0 0 24 0 13 11 0 3 0 0 0 0 0 0 15 0 0 0 0 0 0 11 0 0 8 0 3 9 0 0 1 0 0 0 0 0 6 0 0 0 0 2 0 0 0 0 0 0 0 10 0 0 1 1 1 2 3 0 0 0 0 1 7 0 2 0 0 0 0 0 0 31 11 0 0 22 15 2 0 26 22 6 19 40 0 14 0 31 19 0 0 0 0 0 0 0 0 0 0 0 0 0 3 0 0 0 30 0 0 0 23 0 0 0 0 0 0 0 0 16 0 1 0 0 0 0 0 0 0 1 0 2 1 0 3 0 0 0 0 0 0 0 0 0 0 0 0 0 0 1 0 0 7 0 0 15 0 0 
 0 0 0 63 2 0 0 0 0 0 0 0 0 0 0 0 9 0 2 0 2 3 0 0 3 0 0 0 0 0 0 0 2 0 1 0 0 1 3 0 39 25 18 95 140 127 48 35 26 257 273 0 51 43 36 53 71 154 48 28 51 24 0 0 1 0 73 3 2 5 0 6 23 0 10 5 0 2 0 67 0 0 0 0 0 14 0 0 0 0 0 0 0 0 0 0 0 0 0 0 0 0 0 0 0 0 0 0 0 0 0 0 0 0 0 0 0 0 0 0 0 0 0 0 7 0 0 0 0 0 14 8 0 0 0 47 0 0 0 0 0 4 14 18 5 3 0 3 0 15 0 0 27 9 1 1 26 0 21 11 0 0 0 0 0 0 0 0 5 0 0 0 1 0 0 0 0 0 3 0 0 0 0 0 0 0 0 0 0 0 0 0 0 0 0 0 0 0 0 0 0 0 0 9 16 25 0 0 24 0 13 10 0 0 0 0 7 19 0 0 8 0 0 0 29 0 13 0 10 0 0 31 13 12 0 24 19 37 0 24 0 0 0 0 0 0 0 0 0 0 0 8 0 0 0 0 0 0 0 13 0 0 4 0 64 0 0 0 0 0 11 0 0 0 0 0 0 0 0 0 0 0 0 0 0 0 0 0 1 9 
 0 0 2 0 0 0 0 0 0 4 0 0 0 0 0 0 0 0 0 0 5 0 1 90 0 69 0 62 20 62 1 128 0 0 62 0 65 1 0 0 169 96 70 126 290 26 123 77 160 48 40 51 0 363 125 40 42 30 258 145 0 2 0 203 1 0 0 16 3 15 0 5 200 2 2 214 0 0 7 0 0 0 0 0 0 0 0 0 0 0 0 0 0 0 0 0 0 0 0 0 0 12 0 0 4 19 0 0 0 0 15 0 0 0 0 0 16 8 0 0 9 0 30 0 0 2 27 20 0 13 0 0 22 0 15 0 1 0 9 22 0 0 0 10 8 0 0 0 0 0 0 1 0 0 0 0 1 3 0 0 0 0 0 0 0 0 0 0 0 0 0 0 0 0 0 0 9 0 0 0 0 0 0 0 6 34 0 0 0 0 31 0 0 0 0 0 0 1 0 0 24 56 29 2 0 0 28 0 12 58 0 20 40 0 33 0 9 7 0 28 0 0 0 0 6 0 0 0 0 0 0 11 0 0 0 0 0 0 0 0 0 0 0 0 0 0 0 0 0 0 0 9 0 2 0 0 0 93 0 3 0 22 0 0 0 2 2 0 0 0 4 0 0 0 0 4 0 0 0 0 0 0 0 0 0 0 0 0 0 0 
 2 0 0 0 0 0 0 0 0 1 0 0 0 3 0 0 0 0 0 0 2 0 0 63 0 0 0 0 0 0 0 0 0 0 0 0 0 0 3 3 121 179 359 193 87 128 353 197 161 68 163 43 363 0 317 133 94 19 185 206 51 0 0 0 0 0 0 0 0 3 0 0 0 4 0 0 0 1 0 1 0 0 0 0 0 0 0 6 0 0 0 0 0 0 0 0 0 0 5 0 0 0 0 0 0 0 0 0 0 0 0 0 0 0 0 0 0 0 0 0 24 27 0 22 10 36 2 0 25 36 0 6 8 0 0 35 32 20 0 0 26 0 0 0 0 0 11 0 0 0 0 0 11 0 0 0 5 0 16 0 8 6 0 0 0 0 0 0 0 0 0 0 0 0 0 0 10 0 5 0 0 0 0 0 0 0 0 0 0 0 0 0 0 0 0 0 0 0 0 0 55 20 19 0 20 8 0 28 26 0 0 0 16 8 8 16 21 49 0 8 0 0 0 0 0 0 1 0 0 0 0 0 17 7 11 0 1 0 4 0 0 0 0 0 12 0 0 0 0 17 0 8 0 1 0 0 0 0 0 15 0 0 0 0 0 0 0 0 0 0 0 0 0 0 0 0 0 0 0 0 0 0 0 0 27 0 0 13 0 0 
 0 0 0 0 0 0 0 0 62 0 3 1 1 60 0 29 65 1 0 0 3 0 0 65 62 142 0 3 0 0 3 41 3 0 0 0 0 0 2 0 98 324 60 90 303 194 108 86 231 98 120 36 125 317 0 151 101 42 101 190 46 2 6 1 7 205 2 20 11 1 1 0 0 8 0 0 211 4 44 0 12 6 13 9 0 0 0 12 0 1 0 0 0 0 0 10 0 11 0 0 0 0 0 0 0 0 0 0 0 0 0 0 0 0 0 0 0 0 0 0 11 11 25 0 0 0 9 10 0 15 14 8 21 0 10 0 10 18 0 9 0 4 0 0 0 0 9 0 4 6 0 6 0 0 0 0 13 0 0 0 0 0 0 0 0 0 0 0 0 0 0 0 0 0 0 0 0 0 0 9 0 0 9 0 0 0 0 0 0 0 19 0 0 0 0 0 0 0 1 0 8 0 12 28 0 0 9 7 23 7 0 0 10 7 51 15 0 0 0 10 0 7 0 4 0 0 0 5 0 0 0 0 0 0 0 1 10 0 0 0 0 0 0 0 0 0 0 0 0 61 0 4 0 0 0 0 0 67 0 0 1 0 0 0 0 6 0 0 0 0 0 0 0 0 0 7 0 0 0 0 0 0 0 0 11 16 0 7 0 0 
 3 3 5 3 3 3 3 3 3 3 3 3 3 3 3 3 3 3 3 3 9 1 6 0 62 1 1 6 0 0 4 62 0 18 3 6 0 5 7 3 116 150 169 183 155 83 112 266 89 328 208 53 40 133 151 0 60 91 25 155 0 0 3 0 0 0 0 0 51 0 0 0 65 2 0 0 0 1 0 1 0 0 0 0 0 0 0 0 0 0 0 0 0 0 0 0 8 0 18 0 0 4 0 3 14 0 0 0 1 1 0 0 0 0 2 6 3 20 0 0 12 9 0 3 0 0 0 18 36 10 33 6 3 7 20 18 26 49 0 0 17 0 0 0 0 0 20 0 0 0 0 0 8 12 0 0 0 27 0 0 0 0 3 0 0 0 0 0 3 0 0 0 0 4 0 0 0 0 0 0 34 0 4 3 10 0 4 0 11 5 6 2 0 4 0 6 0 0 0 0 0 19 0 49 19 0 0 53 0 0 0 0 0 8 0 26 15 4 12 0 7 0 0 0 0 0 0 0 0 0 0 0 15 3 15 0 0 0 13 0 0 0 0 0 0 0 0 0 0 0 0 14 0 0 0 0 0 0 0 1 0 0 0 64 0 0 0 1 0 0 0 0 0 0 0 0 0 0 0 0 6 6 0 0 31 15 0 19 0 0 
 2 2 2 2 3 2 2 4 3 2 5 3 2 2 2 2 2 2 2 2 1 0 0 1 1 52 0 0 0 0 0 62 0 1 3 0 0 0 0 0 32 28 511 114 40 89 98 42 125 123 89 71 42 94 101 60 0 374 41 110 0 2 0 29 50 0 49 11 0 0 0 0 24 1 0 0 13 1 50 0 0 0 0 0 0 0 0 0 0 0 0 0 0 0 0 0 0 0 0 0 0 0 0 0 1 0 0 0 0 0 0 0 0 0 0 0 0 0 0 0 0 13 11 34 19 13 17 10 0 11 0 15 1 0 3 9 3 18 0 0 0 0 0 12 0 0 0 0 0 1 0 0 0 0 4 21 37 0 42 0 0 0 0 0 0 0 0 0 0 0 0 0 0 0 0 0 0 0 0 0 0 0 0 0 1 0 0 0 0 0 1 1 0 0 0 0 0 0 0 0 8 7 0 6 21 7 0 8 23 16 17 47 0 0 12 8 0 43 0 0 6 11 11 0 0 0 21 17 10 0 0 0 1 1 7 0 6 14 19 25 0 0 9 0 0 0 0 0 0 0 0 4 0 1 0 0 0 1 1 3 0 0 2 0 0 9 1 0 0 0 6 0 0 0 0 0 0 0 0 0 0 0 0 0 0 0 0 0 0 0 
 2 2 5 3 4 2 2 2 2 2 2 2 2 2 2 4 2 3 2 2 0 0 3 0 2 0 0 25 0 0 0 0 3 0 2 0 0 4 3 0 49 55 70 134 331 214 242 28 17 262 111 154 30 19 42 91 374 0 34 57 0 57 5 0 28 0 0 3 48 0 0 0 41 37 0 0 5 9 31 51 0 0 0 0 0 0 0 0 0 0 0 0 0 0 0 0 0 0 0 0 0 0 0 0 0 0 0 0 0 0 0 0 0 10 0 0 0 0 0 0 0 0 14 3 8 19 0 14 0 0 26 1 0 0 0 46 1 0 0 0 0 17 0 0 0 0 10 0 2 21 0 5 22 27 0 0 9 0 28 15 0 0 6 0 0 0 0 11 6 0 0 0 0 2 0 0 0 0 0 0 0 0 0 0 0 0 0 0 19 0 0 0 0 0 0 0 0 0 0 0 0 0 0 12 26 12 0 0 8 4 57 9 0 33 0 0 6 0 0 0 30 5 0 2 0 0 24 16 10 0 0 24 0 0 35 1 22 30 51 10 0 0 0 0 0 0 0 0 0 0 0 8 0 2 0 0 0 0 0 3 0 1 64 3 41 6 2 74 0 0 11 0 0 0 0 14 0 0 0 0 0 4 0 0 0 10 0 0 0 0 
 0 0 3 0 0 4 0 1 1 0 15 1 0 3 0 0 0 0 0 0 4 26 3 101 28 3 3 32 130 4 64 9 3 3 4 67 32 99 5 3 205 107 37 202 285 41 119 293 158 107 237 48 258 185 101 25 41 34 0 181 0 0 0 2 0 3 0 3 0 0 0 0 2 1 0 0 1 2 2 0 0 0 0 0 0 0 0 0 13 0 0 0 13 0 0 0 0 0 0 0 0 0 0 15 15 50 0 0 0 18 16 51 0 0 1 19 7 23 0 0 28 0 0 0 0 6 24 0 0 14 0 1 34 11 0 0 0 0 8 0 0 0 0 0 1 0 0 0 0 0 0 0 10 6 0 0 0 0 0 0 0 0 0 0 0 0 0 0 0 0 0 0 0 0 0 0 6 0 0 0 0 0 0 0 8 75 0 0 68 20 17 13 0 0 3 0 32 10 0 0 29 16 0 0 0 0 20 0 7 6 0 32 19 22 1 0 9 1 7 8 0 9 0 0 0 9 11 0 0 0 0 0 6 0 0 0 0 0 0 0 0 0 0 0 0 0 0 0 0 0 0 5 0 0 0 0 0 176 0 2 0 22 2 0 0 2 2 0 0 0 0 0 0 0 0 0 0 0 0 0 0 0 0 0 0 18 0 0 0 0 
 0 0 0 0 0 0 74 0 0 0 3 0 0 0 0 2 0 0 1 0 8 7 3 288 68 132 3 67 41 71 10 12 3 0 85 3 66 67 10 6 48 332 122 69 102 284 54 141 133 96 171 28 145 206 190 155 110 57 181 0 0 0 2 0 0 0 0 13 42 0 2 0 0 1 3 0 0 2 0 0 0 0 0 0 1 0 0 0 0 0 0 0 0 0 0 0 0 0 0 0 0 9 4 54 10 35 0 0 24 7 46 0 0 0 0 0 2 7 0 0 9 7 1 0 0 0 10 25 10 11 1 16 2 0 30 17 22 9 27 13 0 0 0 0 0 0 14 0 0 0 0 0 1 0 0 0 0 0 0 0 0 0 0 0 0 0 0 0 0 0 0 0 0 0 0 0 0 20 0 0 7 13 0 0 11 32 4 4 8 0 54 0 0 0 7 0 5 0 0 0 16 1 7 12 0 0 32 13 12 0 0 9 28 11 9 13 0 0 14 44 0 0 0 0 0 0 0 0 0 0 0 0 0 0 0 0 0 6 0 0 0 0 14 0 0 0 0 0 0 0 0 8 0 0 0 0 0 68 0 0 0 20 0 0 2 1 0 0 3 0 0 0 0 0 0 0 0 0 0 0 0 0 0 0 4 0 0 13 0 0 
 0 0 0 0 0 0 0 0 0 1 0 0 0 0 0 0 0 0 0 3 5 0 0 0 0 0 0 0 72 0 0 0 0 2 0 0 0 0 3 0 0 2 0 0 20 1 0 0 0 0 0 51 0 51 46 0 0 0 0 0 0 282 611 51 45 27 68 115 80 101 40 39 52 545 133 19 141 245 132 129 0 0 0 0 0 0 0 0 0 0 0 0 0 0 0 0 0 0 0 0 0 0 0 0 0 0 0 0 22 0 0 0 0 0 0 0 0 0 0 0 0 0 0 0 0 0 0 0 0 0 0 0 0 0 0 0 0 0 0 0 5 13 0 0 4 1 0 11 10 1 37 0 1 21 35 0 26 0 10 0 0 0 0 0 0 0 0 0 0 0 0 0 0 0 0 0 0 0 4 0 0 0 0 0 0 0 0 0 0 0 0 0 0 0 0 0 0 0 0 0 0 0 0 0 0 6 0 0 0 0 0 0 0 0 0 0 0 0 0 0 14 10 13 18 15 0 48 34 0 19 78 0 5 14 24 18 6 33 0 16 4 0 0 0 0 0 0 0 0 0 0 0 0 0 10 0 0 0 0 0 0 0 0 0 0 0 9 0 0 0 11 3 0 0 2 4 0 0 0 0 0 0 0 0 0 0 0 0 2 0 
