 0 98 181 230 124 30 356 348 130 137 44 28 127 61 183 35 200 27 263 266 3 6 0 2 0 2 2 0 0 0 2 0 0 2 0 1 0 0 0 2 4 70 0 0 2 6 0 1 0 0 0 0 0 0 0 2 0 1 0 2 0 0 3 0 0 0 3 0 3 2 3 0 0 0 0 0 0 0 0 0 23 19 49 10 14 0 37 69 20 14 39 10 13 70 26 16 8 3 66 8 0 0 0 0 0 0 0 0 0 0 0 0 0 0 0 0 0 0 0 0 0 9 0 0 0 0 0 0 0 0 0 0 0 0 0 0 0 0 0 0 0 0 0 0 0 0 0 0 0 0 0 1 0 0 3 0 1 0 0 0 14 32 29 29 0 13 20 11 21 7 11 1 0 22 27 37 0 0 9 41 0 0 0 0 0 0 0 0 0 0 0 0 0 0 0 0 0 0 1 0 0 0 0 0 0 0 0 0 0 0 8 0 0 0 0 0 0 0 0 0 0 0 0 0 0 0 0 0 0 0 0 0 1 0 0 0 0 0 0 0 0 13 0 0 0 2 0 2 90 0 0 11 0 0 0 0 0 0 0 0 0 0 14 0 0 0 0 0 0 0 0 0 0 0 0 13 0 13 0 0 0 0 0 0 0 0 0 0 0 0 
 98 0 196 52 83 82 272 109 324 43 86 119 275 162 61 31 137 38 259 79 3 8 0 0 3 4 2 9 0 0 11 2 0 11 2 1 2 2 150 44 6 2 0 3 8 3 0 0 0 2 2 3 3 0 0 2 3 7 0 2 0 0 3 3 2 3 3 3 3 5 2 5 1 4 0 5 2 0 0 0 10 14 17 22 1 12 0 0 27 11 41 0 32 7 20 37 14 0 38 8 0 0 0 0 0 0 9 0 0 0 0 0 5 1 0 14 0 0 0 0 0 0 0 12 0 0 0 0 0 0 0 0 0 0 0 0 0 0 0 0 0 0 0 0 0 0 0 0 0 0 0 0 0 0 1 0 0 3 0 0 1 49 0 1 11 0 0 9 10 0 10 1 22 20 13 0 18 9 0 9 0 0 0 0 0 0 12 0 0 0 0 0 0 0 0 0 0 0 13 0 0 0 0 0 0 0 0 0 0 0 0 0 0 0 0 0 16 0 0 1 0 0 0 0 0 0 0 0 0 0 0 0 13 0 0 0 0 0 0 0 0 0 0 0 0 2 0 0 3 4 0 13 5 0 0 0 0 0 0 0 0 0 0 0 0 0 2 0 0 0 0 0 0 4 0 12 12 0 0 0 0 0 0 0 0 0 0 0 0 0 
 181 196 0 102 41 245 123 234 331 157 54 545 160 52 138 71 165 314 263 379 3 3 1 0 0 1 2 6 0 0 2 0 0 79 3 4 0 0 79 2 3 1 0 0 2 6 0 0 24 0 4 0 0 4 0 8 0 3 0 2 0 0 3 0 0 0 4 0 2 2 5 0 0 4 1 0 0 0 0 0 0 14 1 16 37 11 21 49 9 12 25 17 0 14 31 30 0 32 23 0 0 5 0 0 0 0 11 0 0 0 0 0 13 3 17 2 0 0 12 0 0 2 0 18 0 0 0 0 0 13 0 8 0 0 0 0 0 0 0 0 0 0 0 0 0 0 0 0 0 0 0 9 0 0 3 0 0 0 0 0 6 9 14 20 13 18 17 0 13 1 10 17 18 12 17 0 12 1 14 0 0 2 0 0 0 0 21 0 0 0 0 0 11 0 0 0 0 0 11 0 0 0 0 0 1 0 0 0 0 20 0 0 0 0 0 0 0 0 0 16 0 0 0 0 0 0 15 0 0 0 0 15 0 1 0 0 1 0 0 0 0 0 0 0 0 0 0 0 0 2 0 14 0 2 2 0 0 0 0 0 0 0 0 0 0 0 0 0 0 0 0 0 0 0 0 2 16 0 0 0 0 0 0 0 0 0 0 0 0 0 
 230 52 102 0 168 473 292 165 92 212 214 183 90 389 73 305 73 316 112 285 3 3 2 0 0 1 11 2 1 0 76 2 29 79 0 0 0 0 0 2 3 1 1 0 2 2 0 0 0 0 0 0 1 0 0 63 0 3 0 63 0 0 3 0 0 2 2 0 2 2 5 0 0 0 2 0 0 0 0 0 24 0 42 62 9 11 14 23 36 13 1 25 1 17 1 8 26 26 0 13 0 36 0 0 0 0 0 13 0 0 0 0 39 34 14 0 1 0 15 17 2 0 0 0 0 0 0 0 0 0 0 0 0 0 0 0 0 0 0 0 0 0 0 0 0 18 0 0 0 0 0 0 0 0 0 0 0 0 0 0 30 10 25 10 11 1 28 32 12 0 0 31 0 11 26 20 4 22 0 15 20 0 0 0 0 0 14 2 20 0 0 0 11 40 0 0 0 0 14 11 0 0 0 0 0 0 0 0 0 0 0 0 0 0 12 0 0 0 0 0 0 0 0 0 0 0 0 0 0 2 0 0 0 0 0 0 0 0 0 0 0 10 0 0 0 2 16 0 48 0 2 9 0 0 1 0 0 0 0 0 0 0 0 0 1 0 0 0 0 0 0 0 0 2 0 0 0 0 0 0 0 0 0 0 19 0 0 0 0 0 
 124 83 41 168 0 167 51 340 147 127 84 40 72 56 73 529 165 61 48 226 3 83 0 0 1 1 4 157 0 0 3 0 161 2 75 74 2 75 149 23 3 2 1 0 8 13 1 0 4 0 2 0 2 2 52 12 3 3 1 2 0 4 3 0 0 0 2 0 2 2 2 0 0 4 1 0 2 2 0 0 10 24 28 21 0 42 0 22 17 45 11 23 0 8 0 0 9 31 0 0 0 0 0 0 0 0 0 0 0 30 0 0 1 0 3 18 19 0 3 21 0 1 0 20 0 0 0 0 0 0 1 2 0 2 0 0 0 0 0 0 0 0 0 0 0 0 2 0 0 0 0 0 0 0 0 0 0 21 2 0 48 0 23 0 9 0 35 0 2 23 25 2 0 9 5 2 0 2 0 0 8 0 0 0 0 0 42 7 0 48 0 17 2 9 0 20 0 0 42 0 0 0 0 0 2 0 0 0 0 0 0 0 0 0 0 0 0 0 0 0 0 0 0 0 0 0 0 0 0 9 0 2 0 0 0 18 0 0 0 0 0 10 0 0 1 5 1 2 2 0 20 8 0 0 0 0 2 0 0 0 0 0 0 0 0 0 0 0 0 0 0 0 0 0 0 0 20 0 0 0 0 0 0 0 0 0 0 0 0 0 
 30 82 245 473 167 0 248 40 256 200 51 48 111 43 45 96 332 61 42 126 150 4 82 1 0 2 20 0 3 132 4 2 140 83 148 1 62 28 138 74 3 2 0 0 2 2 0 0 28 0 0 0 0 0 0 4 0 4 0 5 0 0 45 0 0 0 2 0 2 2 45 0 0 47 3 0 0 31 0 0 0 0 0 0 0 17 0 0 0 0 0 0 0 0 0 0 0 0 0 0 22 36 19 0 21 0 38 2 0 68 1 16 18 18 40 0 0 31 0 18 0 0 0 0 0 2 0 0 0 0 0 0 0 0 1 0 0 11 0 0 0 0 0 0 0 0 6 0 0 0 0 0 0 0 0 0 0 0 0 0 0 0 0 0 71 10 0 0 0 0 0 11 0 1 0 0 0 0 0 2 0 12 0 4 0 0 12 24 0 24 21 15 19 10 1 64 34 0 0 1 0 0 0 0 8 0 0 0 0 0 0 0 0 0 0 1 0 0 0 0 0 0 0 0 0 0 0 2 0 0 0 0 0 0 0 0 0 0 0 0 0 0 0 0 0 1 0 5 0 2 0 6 0 0 0 0 0 2 78 0 0 0 0 0 0 0 0 0 0 0 0 0 0 0 0 0 16 0 0 0 0 0 0 0 0 0 0 0 0 0 
 356 272 123 292 51 248 0 398 278 43 202 25 162 171 209 68 35 328 432 157 0 0 0 0 75 2 0 0 0 0 1 0 2 0 0 0 0 1 0 0 0 0 2 0 0 0 0 0 0 0 0 0 0 0 0 0 2 0 0 0 0 0 0 0 0 0 0 0 0 0 0 0 0 0 0 0 0 0 1 0 16 0 12 16 0 0 20 1 29 0 10 0 2 11 53 10 4 0 27 15 0 1 0 0 10 0 0 0 0 0 0 1 19 0 0 0 0 0 0 0 0 0 0 0 0 0 0 0 0 0 0 0 11 0 0 0 0 0 0 0 0 0 0 0 0 0 0 0 0 0 0 0 0 0 0 0 0 6 0 0 11 1 0 0 0 0 33 1 19 0 0 0 24 16 71 0 10 0 22 0 0 0 0 0 0 15 0 0 13 1 10 0 0 0 0 0 0 0 0 0 0 0 0 0 0 0 0 0 0 0 0 0 0 0 2 0 0 0 2 0 0 0 0 0 0 0 0 0 0 0 0 0 0 0 0 0 0 0 1 0 0 0 0 0 2 0 0 2 0 0 0 11 0 1 0 0 0 0 0 0 0 1 0 0 0 0 0 0 0 0 0 0 0 0 0 0 0 0 0 0 0 0 0 0 0 1 0 0 0 0 
 348 109 234 165 340 40 398 0 268 53 33 33 541 358 337 149 320 25 285 179 3 3 0 0 3 1 2 0 0 0 73 0 0 3 0 0 3 0 0 6 6 0 0 0 2 3 0 4 0 1 0 0 0 0 0 2 3 2 0 2 0 0 19 0 0 0 3 0 3 2 0 0 0 0 0 0 2 0 0 0 22 25 14 15 0 0 21 39 9 26 2 23 15 57 8 5 23 69 31 20 0 0 0 0 0 0 11 0 0 0 0 0 0 19 0 0 0 0 0 0 0 0 0 0 0 0 0 0 0 0 0 0 0 0 0 2 0 0 0 0 0 0 0 0 0 0 0 0 0 0 0 6 0 0 5 1 0 0 0 0 26 0 34 12 9 0 21 0 1 7 10 0 27 10 21 15 26 13 36 0 0 0 0 0 0 0 0 0 0 0 0 0 0 12 0 0 0 0 34 0 0 0 0 2 0 0 2 0 0 0 0 0 0 2 0 0 0 0 0 0 0 0 0 0 0 0 0 0 0 0 0 0 0 0 1 0 0 0 0 0 0 11 0 0 0 0 0 2 2 1 2 4 0 0 0 0 0 0 0 0 0 0 0 0 0 0 0 0 0 0 0 0 0 0 0 0 0 20 0 0 0 0 0 0 0 0 0 0 0 0 
 130 324 331 92 147 256 278 268 0 213 41 42 147 103 248 150 53 205 209 229 3 3 74 0 0 2 70 0 0 0 2 0 0 2 2 0 3 0 2 75 2 35 0 0 2 3 0 1 0 0 0 0 3 0 0 2 0 1 0 2 0 0 3 0 0 0 3 0 3 2 0 0 0 0 0 0 0 0 0 0 21 23 0 18 19 13 1 45 0 22 17 0 26 14 21 1 0 0 21 1 0 0 0 0 0 0 0 0 0 1 0 0 8 0 0 0 0 0 22 2 0 0 0 34 22 0 0 0 0 0 0 0 0 0 0 0 0 0 0 1 0 0 0 0 0 0 0 0 0 0 0 4 0 0 3 0 0 3 0 0 33 1 36 1 0 0 22 3 0 26 9 0 25 0 57 20 27 18 0 26 8 0 0 0 0 0 29 0 1 0 14 0 8 1 0 0 0 0 12 13 0 0 0 0 0 0 0 0 0 0 0 0 0 0 0 0 0 0 0 0 0 0 0 0 0 0 0 0 0 0 0 0 0 0 0 0 0 0 0 0 0 0 0 0 0 2 63 2 2 1 0 8 0 0 0 0 0 0 0 0 0 0 0 0 0 0 0 0 0 0 0 0 0 0 0 0 13 0 0 0 0 0 0 0 0 0 0 0 0 0 
 137 43 157 212 127 200 43 53 213 0 411 296 50 70 89 102 88 101 175 194 20 3 0 0 0 1 25 0 0 0 2 1 77 39 0 88 0 0 1 24 2 2 0 0 2 3 0 1 0 0 0 0 0 0 0 2 0 1 0 2 0 0 3 0 0 0 3 0 3 2 6 0 0 0 0 38 0 0 0 0 14 0 14 54 57 10 0 27 0 29 11 24 0 15 0 1 13 43 0 0 15 60 0 0 0 0 30 0 0 0 0 0 21 14 31 0 0 1 26 13 0 0 0 17 0 0 0 0 0 0 0 0 0 0 0 2 0 0 0 0 0 0 11 0 0 0 0 0 0 0 0 0 0 0 0 0 14 0 0 0 14 0 15 5 21 20 12 0 0 14 0 50 0 0 13 16 0 10 0 0 10 0 0 0 0 0 32 0 0 0 0 0 8 31 0 21 23 0 99 0 0 0 0 0 0 0 2 0 0 0 0 0 0 0 2 0 0 0 0 0 0 0 0 0 0 0 0 0 0 0 0 0 0 0 0 0 0 0 0 0 0 12 0 0 0 1 1 2 2 1 0 0 0 0 0 0 0 0 0 0 0 0 0 0 0 0 0 0 0 0 0 0 0 0 0 0 44 0 0 0 0 0 0 0 0 0 0 0 0 0 
 44 86 54 214 84 51 202 33 41 411 0 248 246 84 38 174 199 187 44 59 3 75 0 0 0 1 78 74 1 0 98 0 67 2 0 74 0 0 75 76 3 1 0 0 2 3 0 0 0 0 0 0 0 0 0 2 0 3 0 33 0 0 3 0 0 0 2 0 2 2 0 0 0 0 2 0 0 0 49 0 12 21 18 3 27 22 15 22 17 20 9 35 1 4 0 21 44 19 0 0 10 24 0 13 11 0 34 26 0 0 0 14 17 10 0 0 10 0 1 26 0 0 0 0 13 0 0 0 0 0 0 0 0 0 0 0 0 0 0 0 0 0 0 0 0 0 1 0 0 0 0 0 0 0 0 0 0 0 0 0 19 21 21 2 14 0 2 7 13 20 25 1 0 0 7 11 0 27 0 0 21 0 3 0 0 0 14 0 10 0 1 0 2 23 0 0 8 0 26 15 0 0 0 0 0 0 0 0 0 0 0 1 0 0 0 0 1 0 0 0 0 0 0 0 0 0 0 0 0 0 0 0 0 2 0 0 1 0 0 0 0 0 0 0 0 1 1 0 98 49 20 0 8 2 0 0 0 0 0 0 0 0 0 0 0 0 0 0 0 0 0 0 0 0 0 12 0 0 0 0 0 0 0 0 0 0 0 0 0 0 
 28 119 545 183 40 48 25 33 42 296 248 0 38 34 243 44 431 64 42 15 79 13 2 0 0 1 30 3 1 0 5 0 16 82 0 2 0 0 26 104 2 2 3 0 5 6 0 1 0 0 4 0 4 0 1 2 1 1 0 5 0 0 6 0 0 4 4 0 3 3 0 0 0 1 0 0 3 5 0 4 0 0 0 12 23 0 0 0 0 0 0 0 0 0 1 0 0 0 0 0 5 47 20 0 0 17 56 0 0 0 0 0 40 18 17 0 0 17 0 23 0 2 0 10 0 0 0 0 0 0 1 0 0 0 0 0 0 0 0 0 0 0 0 0 0 0 0 0 0 0 0 0 0 0 0 0 0 0 0 0 0 10 1 0 26 29 0 0 0 0 14 28 2 0 0 0 14 12 0 0 11 12 11 0 0 0 25 0 0 0 17 0 11 0 19 27 28 0 16 0 0 0 0 9 0 0 0 0 0 0 0 0 0 0 0 0 0 0 0 0 0 0 0 0 0 0 0 0 0 0 0 0 0 1 0 0 2 0 0 0 0 0 0 0 0 0 1 2 10 86 0 4 15 1 0 0 2 0 0 0 0 0 9 0 2 62 0 0 0 0 0 0 0 0 0 0 30 0 0 0 0 0 0 0 0 0 0 0 0 0 
 127 275 160 90 72 111 162 541 147 50 246 38 0 190 245 156 56 352 333 490 3 3 0 0 0 2 2 0 0 0 2 0 0 3 0 0 74 0 75 0 1 0 0 0 2 3 0 2 0 0 0 3 0 0 0 2 0 0 0 2 0 0 3 0 0 0 3 0 3 3 0 0 0 0 0 0 0 0 0 0 16 0 8 16 2 0 21 29 12 21 24 0 47 16 18 0 0 0 20 13 0 0 0 0 0 0 0 0 0 0 0 0 0 0 0 0 0 0 0 0 0 0 0 0 0 0 1 0 1 1 0 0 10 0 0 0 0 0 0 0 0 12 0 20 0 0 0 0 0 0 0 2 0 0 2 0 0 2 0 0 14 11 15 3 0 0 15 10 22 1 0 0 15 13 14 0 0 18 33 19 0 0 0 13 0 2 0 0 0 0 0 0 0 0 0 0 0 0 0 0 0 0 1 0 0 0 0 0 0 0 0 0 0 0 0 0 0 0 0 0 0 0 0 0 0 0 0 0 0 0 0 0 0 0 0 0 0 0 0 0 0 0 0 0 0 0 0 2 1 0 0 2 0 0 0 0 1 0 0 0 0 0 0 0 0 0 1 0 0 0 0 0 0 0 0 0 0 0 0 0 0 0 0 0 0 0 0 0 0 0 
 61 162 52 389 56 43 171 358 103 70 84 34 190 0 335 154 36 22 413 119 5 3 0 1 2 3 2 0 0 0 2 2 2 2 0 0 0 2 0 0 3 0 0 2 2 2 0 3 3 3 0 0 0 0 0 2 0 3 2 4 1 2 3 0 0 1 5 0 2 3 0 0 0 0 1 0 0 1 0 0 52 32 22 24 2 0 16 22 30 0 17 17 37 18 28 30 0 0 1 22 0 0 0 0 0 0 0 0 0 0 0 5 0 0 0 0 0 0 0 0 0 0 0 0 0 0 0 0 0 0 0 0 0 0 0 0 0 0 2 0 0 0 0 0 0 0 0 0 0 0 0 0 0 0 1 0 0 9 6 0 10 10 0 2 0 0 21 20 12 12 0 13 45 34 23 2 10 38 15 10 0 0 0 0 0 0 0 7 0 12 0 0 0 0 0 0 0 0 0 0 0 0 0 0 0 0 0 11 0 0 0 0 0 0 0 0 0 0 0 2 0 0 0 0 0 0 0 0 0 0 0 0 0 0 0 0 0 0 11 0 0 0 0 0 0 0 0 0 0 3 2 9 0 0 0 0 0 0 0 0 0 0 0 0 0 0 0 0 0 0 0 0 0 0 0 0 0 0 0 0 0 0 0 0 0 0 0 0 0 0 
 183 61 138 73 73 45 209 337 248 89 38 243 245 335 0 224 37 35 412 203 4 3 0 0 0 1 2 0 0 138 2 0 205 2 0 0 72 0 0 0 2 31 0 0 2 3 0 1 0 3 0 0 0 0 0 2 0 1 0 2 0 0 7 0 2 0 3 0 3 2 0 0 0 0 0 0 0 0 0 0 30 22 21 20 0 0 0 28 11 0 12 17 28 14 5 28 0 7 0 23 0 1 0 0 0 0 1 0 0 0 0 0 0 0 0 0 0 0 0 0 2 0 0 0 0 0 0 0 0 0 0 0 0 0 0 12 0 0 0 0 0 11 0 0 0 0 0 0 21 0 0 0 0 0 1 0 0 13 0 0 20 11 14 5 0 0 19 10 35 6 0 4 54 42 16 33 36 29 0 23 0 0 0 0 0 0 0 2 0 0 0 0 0 0 0 0 0 0 0 0 0 0 0 0 0 0 0 0 0 0 0 0 0 0 0 1 0 0 0 0 0 0 0 0 0 0 0 0 0 0 0 0 0 0 0 0 0 0 0 0 0 0 0 0 0 2 0 2 1 4 0 6 0 0 0 0 0 0 0 0 0 0 0 0 0 0 0 0 0 0 0 0 0 21 0 0 0 0 0 0 0 0 0 0 0 0 0 0 0 0 
 35 31 71 305 529 96 68 149 150 102 174 44 156 154 224 0 134 315 151 362 3 3 0 0 0 1 2 0 0 0 5 2 0 7 0 2 0 3 0 75 3 63 0 0 2 2 0 0 0 0 0 0 0 0 0 11 4 2 0 2 0 0 3 0 0 0 3 0 3 2 0 0 0 0 0 0 0 0 0 0 38 0 25 20 18 25 31 43 14 19 9 28 26 28 1 19 22 65 1 12 0 15 0 0 0 0 0 0 0 0 0 0 21 21 0 0 0 0 11 0 1 0 0 0 19 0 0 0 0 0 16 0 0 0 0 0 0 0 0 0 0 0 0 0 0 0 0 0 0 0 0 0 0 0 0 0 2 0 0 0 28 23 20 0 24 0 0 21 18 25 3 0 64 13 0 39 22 18 1 10 0 0 0 0 0 0 0 0 0 0 0 0 20 33 0 0 0 0 32 30 0 0 0 0 0 0 0 0 0 0 0 0 0 0 0 0 0 0 0 0 0 0 0 0 0 0 0 0 0 0 0 0 0 0 0 0 0 0 0 0 0 0 0 0 0 95 98 1 86 53 2 7 0 0 0 0 0 0 0 0 0 0 0 0 0 0 0 0 0 0 0 0 0 2 0 0 0 1 0 0 0 0 0 0 0 0 0 0 0 0 
 200 137 165 73 165 332 35 320 53 88 199 431 56 36 37 134 0 155 692 144 3 4 2 2 2 2 4 2 1 2 78 1 2 2 2 5 1 1 110 76 2 1 0 0 6 4 2 2 0 1 1 1 3 0 0 2 0 3 0 4 0 9 5 2 0 2 5 43 5 2 0 2 0 0 2 2 2 0 0 0 0 11 0 0 17 0 17 0 2 9 10 14 0 14 10 28 34 13 0 1 0 0 0 0 0 0 11 1 0 0 2 0 5 9 0 0 0 0 7 0 0 0 0 0 0 0 0 0 0 0 0 0 0 0 0 0 0 0 0 0 0 0 0 0 0 0 0 0 0 0 0 0 0 0 2 0 7 0 0 0 0 21 0 14 9 13 1 3 0 11 25 15 1 7 1 0 0 0 16 9 0 0 0 0 0 0 0 0 1 0 0 0 0 3 0 0 0 0 0 0 15 0 0 0 0 0 0 0 0 0 0 12 0 0 1 0 0 0 1 0 0 0 0 0 0 0 0 0 0 0 0 0 0 0 1 0 0 25 0 0 0 0 0 0 0 1 2 1 6 6 1 7 6 2 0 0 0 1 0 0 0 0 0 0 1 0 0 0 0 0 0 0 0 0 0 23 0 14 0 0 0 0 0 0 0 0 0 0 0 0 
 27 38 314 316 61 61 328 25 205 101 187 64 352 22 35 315 155 0 44 156 3 93 0 97 0 1 2 0 0 0 23 0 75 32 0 0 0 0 75 7 6 2 0 0 2 2 0 0 0 0 0 0 0 0 0 2 0 2 0 71 0 0 3 1 0 0 3 0 3 2 6 0 0 0 0 0 0 0 0 0 0 0 16 20 19 21 0 0 19 34 0 26 33 9 12 0 24 40 16 0 0 10 0 0 0 2 0 19 0 0 0 0 3 46 12 1 0 0 62 12 0 1 0 0 19 0 0 0 0 0 2 2 0 2 0 0 0 0 0 0 0 0 0 0 0 0 0 23 0 0 0 0 0 0 0 0 5 0 2 33 19 15 17 0 27 24 3 22 2 15 1 23 28 12 9 0 33 0 0 0 7 1 0 0 0 0 0 0 15 0 0 0 25 50 0 0 0 0 21 60 0 0 0 0 2 0 0 0 0 0 0 0 0 0 0 0 0 0 0 0 0 0 0 0 0 0 0 0 0 0 0 2 0 0 0 0 0 0 12 0 0 0 0 0 0 3 87 0 0 3 0 4 0 0 0 0 0 0 0 0 0 0 0 0 0 0 0 0 0 0 0 0 0 0 0 0 0 0 0 0 0 0 0 0 0 0 0 0 0 0 
 263 259 263 112 48 42 432 285 209 175 44 42 333 413 412 151 692 44 0 97 3 3 2 0 0 1 2 0 1 0 2 34 0 2 0 0 0 0 0 2 3 0 0 0 70 2 0 0 6 0 0 0 0 0 0 2 0 3 0 2 0 0 3 0 0 0 4 0 2 2 0 0 0 0 2 32 0 0 0 0 21 28 22 9 0 2 0 1 19 0 11 11 13 0 27 24 0 0 26 17 0 0 0 0 0 0 0 0 0 0 0 0 0 0 0 0 0 0 2 0 0 0 0 0 0 0 0 0 0 0 0 0 1 0 0 0 0 0 0 0 0 0 0 0 0 0 0 0 0 0 1 0 0 0 1 0 0 3 0 0 1 7 0 0 2 0 13 23 31 0 0 0 11 24 10 0 0 8 35 12 44 0 0 0 0 0 0 1 0 0 0 25 0 0 0 0 0 0 0 0 0 0 0 0 0 0 0 0 2 0 0 0 0 0 0 0 0 0 0 0 2 0 0 0 0 0 0 0 0 1 0 0 0 0 0 0 0 0 0 0 0 0 0 0 0 4 0 0 2 90 0 11 0 0 1 0 2 0 0 0 0 0 0 0 0 0 0 0 0 0 0 0 0 0 0 0 0 0 0 0 0 0 0 0 0 0 0 0 0 0 
 266 79 379 285 226 126 157 179 229 194 59 15 490 119 203 362 144 156 97 0 3 6 0 2 0 5 2 0 1 24 2 0 0 2 0 0 75 1 0 0 3 2 0 0 2 2 0 65 0 0 0 0 0 2 0 2 0 3 0 3 0 3 3 0 0 1 2 0 2 2 0 0 0 0 52 0 0 0 0 0 11 36 21 21 14 0 11 73 0 47 21 28 10 38 29 0 10 23 12 1 0 0 0 0 1 0 2 0 0 0 0 0 0 0 0 0 0 0 25 0 0 0 0 0 0 1 0 0 0 0 0 0 0 0 8 0 0 0 0 0 0 0 0 0 0 0 0 0 0 0 0 3 0 0 4 0 25 0 0 15 24 7 41 44 9 27 9 0 0 46 3 0 15 1 23 12 39 0 10 36 0 0 0 0 0 0 1 0 0 2 0 0 0 10 0 0 1 0 22 0 0 0 0 0 0 0 0 0 0 0 0 0 0 0 0 2 0 0 0 0 0 0 0 0 0 0 0 40 0 0 0 0 0 0 0 0 0 0 0 0 0 11 0 0 0 0 0 0 2 89 0 2 0 0 0 0 0 0 0 0 0 0 0 0 0 0 0 0 0 0 0 0 0 0 0 27 8 21 0 0 0 0 0 0 0 0 0 0 0 0 
 3 3 3 3 3 150 0 3 3 20 3 79 3 5 4 3 3 3 3 3 0 91 256 267 45 258 427 176 478 153 36 38 149 93 35 198 37 247 334 38 0 0 0 0 2 0 8 3 0 0 1 3 1 0 2 1 3 0 5 1 0 0 0 2 2 0 0 0 0 0 0 3 2 0 0 3 0 0 0 0 0 1 0 0 0 2 1 0 0 16 0 0 0 0 0 0 0 1 0 2 21 21 14 2 10 2 16 0 2 21 23 36 6 0 36 1 6 35 0 0 1 0 0 0 0 0 0 1 1 0 0 2 0 0 0 0 0 0 54 0 2 0 0 0 0 2 0 0 0 0 0 0 0 0 0 0 0 0 0 0 0 0 0 0 7 7 0 0 2 12 0 8 0 0 0 0 0 0 0 0 0 2 6 18 0 0 12 2 0 58 13 2 14 0 8 12 19 0 0 0 0 0 0 0 0 0 0 0 0 0 0 0 0 0 2 0 0 0 10 0 0 0 0 0 0 0 0 0 0 0 0 0 0 14 0 0 0 0 0 0 0 0 0 0 0 0 0 0 0 0 0 0 0 0 5 1 1 1 76 2 0 2 0 0 0 0 0 0 0 0 0 0 0 0 0 0 8 0 0 0 0 16 0 0 0 0 0 0 0 0 
 6 8 3 3 83 4 0 3 3 3 75 13 3 3 3 3 4 93 3 6 91 0 471 58 92 48 423 315 298 151 116 40 94 294 94 300 59 180 45 173 0 0 0 0 2 0 3 3 0 0 1 3 0 0 3 1 3 0 2 1 0 0 0 3 51 0 0 0 0 0 0 3 2 0 6 3 45 0 0 0 0 0 0 0 18 0 0 0 0 0 0 0 0 0 0 0 0 0 0 0 31 16 0 20 7 25 15 9 43 21 10 13 10 0 2 1 24 13 0 0 0 0 0 0 0 0 0 0 0 0 0 0 34 0 0 0 0 0 1 0 0 0 1 0 0 0 4 0 0 0 0 0 0 0 0 0 0 0 0 0 0 0 0 0 0 0 15 0 0 0 0 2 0 0 0 0 0 0 0 0 11 8 20 14 7 0 7 17 12 22 12 20 10 40 12 0 34 15 16 26 0 0 0 0 0 0 0 0 0 0 0 0 9 0 0 0 0 0 9 47 0 0 0 0 0 0 0 0 0 0 0 0 0 0 0 0 0 0 0 0 0 25 0 0 0 0 0 0 0 0 0 2 0 1 0 0 2 0 0 2 16 0 0 0 0 0 0 0 0 0 0 0 0 0 0 0 0 0 0 0 0 0 0 0 0 0 0 0 0 14 
 0 0 1 2 0 82 0 0 74 0 0 2 0 0 0 0 2 0 2 0 256 471 0 178 160 69 87 101 425 204 78 32 153 328 57 188 239 149 126 84 0 8 0 0 2 64 3 3 0 0 2 3 0 0 3 0 3 0 64 2 0 0 0 3 2 0 0 0 0 0 0 3 2 43 0 3 0 0 0 0 0 0 0 0 0 0 0 0 0 0 0 0 0 0 0 0 0 0 0 0 37 1 94 38 0 0 15 11 38 15 11 45 2 0 18 32 13 9 0 32 9 18 0 0 0 0 0 0 0 0 0 0 28 0 0 0 0 0 25 0 0 3 0 0 0 0 0 0 0 4 0 9 0 0 0 0 0 0 1 0 0 0 0 0 0 0 0 0 0 0 0 4 0 0 0 0 0 0 0 0 1 54 25 16 0 0 0 43 30 0 13 63 61 9 20 20 102 20 0 46 0 0 0 0 0 0 7 11 0 0 1 0 9 7 0 0 0 0 0 39 0 53 0 0 0 0 0 0 0 0 0 0 0 0 0 0 0 0 0 0 0 0 0 0 0 0 0 0 0 0 0 0 0 0 3 2 0 83 52 0 14 0 0 0 0 0 0 0 0 0 0 0 0 0 0 0 1 0 0 0 0 1 0 17 0 0 13 0 0 0 
 2 0 0 0 0 1 0 0 0 0 0 0 0 1 0 0 2 97 0 2 267 58 178 0 87 334 121 149 158 133 372 192 77 60 58 23 42 39 51 33 5 0 0 0 2 1 9 3 0 0 0 3 23 0 97 6 3 0 111 120 0 0 0 3 2 4 0 0 0 0 0 5 2 0 0 3 0 0 0 0 0 0 12 0 0 0 0 0 0 0 0 0 0 0 0 0 0 0 0 0 0 12 0 5 20 0 0 1 30 14 38 41 0 0 0 0 0 24 0 0 11 22 6 0 0 0 35 0 8 0 0 0 1 55 28 51 0 0 44 4 0 6 0 0 0 0 0 0 4 35 23 0 0 0 0 0 0 0 0 0 0 0 0 0 0 0 0 0 0 0 0 0 0 0 0 0 0 0 0 0 0 10 0 23 41 42 0 0 22 9 0 28 0 0 0 0 0 51 0 0 9 0 0 0 0 0 13 27 2 0 0 0 30 73 0 1 0 0 38 2 0 0 0 0 0 0 0 0 0 0 0 0 0 0 0 0 0 0 0 0 0 0 10 0 0 0 0 0 0 0 0 0 0 0 4 0 1 80 1 2 2 19 0 0 0 0 11 0 0 0 0 0 0 0 0 0 0 0 0 0 0 13 0 0 0 9 0 0 0 0 
 0 3 0 0 1 0 75 3 0 0 0 0 0 2 0 0 2 0 0 0 45 92 160 87 0 91 61 130 293 61 86 543 70 150 147 207 351 156 73 267 2 0 0 0 2 0 4 3 0 0 0 3 0 1 64 3 3 0 272 117 0 0 0 3 2 0 0 0 0 0 0 3 2 1 0 3 0 0 0 0 0 0 0 0 0 0 0 0 0 0 0 0 0 0 0 0 0 0 0 2 0 0 43 17 0 4 0 6 25 0 31 8 0 0 0 6 0 0 0 0 16 17 0 13 0 0 74 1 0 2 2 0 23 17 61 0 1 13 16 20 0 0 0 0 0 2 0 0 0 0 0 0 0 0 0 0 0 0 0 0 0 0 0 0 0 0 21 0 0 0 0 0 0 0 0 0 0 0 0 0 0 12 0 0 27 25 1 16 18 22 15 20 0 0 2 8 0 34 0 0 16 0 11 0 2 0 16 25 1 0 0 2 10 40 2 1 0 0 14 88 4 0 0 0 0 2 8 0 0 0 0 0 0 0 0 21 0 0 0 0 0 0 0 0 0 0 0 0 0 0 0 0 0 0 2 2 1 154 75 2 4 2 0 0 0 0 23 0 0 0 0 0 0 0 0 0 0 0 0 0 0 0 0 0 2 8 13 0 0 0 
 2 4 1 1 1 2 2 1 2 1 1 1 2 3 1 1 2 1 1 5 258 48 69 334 91 0 42 44 65 41 91 55 151 41 39 184 71 73 258 40 1 3 1 2 3 2 110 4 71 3 2 5 2 87 75 5 24 65 130 1 1 0 2 3 2 2 0 2 1 2 2 3 3 0 0 3 2 0 2 0 0 0 0 0 0 1 0 0 0 0 0 0 0 0 0 0 0 1 0 0 0 0 0 0 23 0 2 0 0 0 0 0 0 0 0 0 0 9 0 0 30 13 46 28 0 0 25 19 9 23 16 1 0 10 0 30 13 10 2 20 1 0 0 0 2 0 0 0 0 0 0 0 0 0 0 0 0 0 12 0 0 0 0 0 0 0 0 0 0 0 11 0 0 0 0 0 0 0 2 1 0 0 0 0 2 21 0 1 0 1 0 4 13 0 0 0 0 0 0 0 57 2 1 11 0 0 32 8 25 11 0 0 20 4 22 11 7 7 14 12 0 0 0 10 0 0 0 0 0 0 0 0 0 0 0 0 0 0 0 0 0 0 8 0 0 1 1 0 0 0 0 0 0 0 7 4 0 2 4 2 8 0 0 2 0 0 0 0 0 0 0 0 0 0 0 0 0 0 0 0 0 0 0 0 0 0 0 0 0 0 
 2 2 2 11 4 20 0 2 70 25 78 30 2 2 2 2 4 2 2 2 427 423 87 121 61 42 0 327 217 180 52 52 124 284 109 141 263 341 280 85 0 0 0 0 4 0 2 2 0 0 0 3 5 0 1 0 3 0 2 5 0 0 0 1 2 0 0 0 0 46 0 3 3 0 6 3 0 0 0 0 0 2 0 53 17 18 0 0 0 0 0 0 0 0 0 0 0 2 0 0 21 54 0 20 7 0 33 10 19 21 3 0 34 1 11 1 22 0 18 11 0 0 0 0 30 0 0 0 0 0 0 1 19 0 2 0 0 0 0 0 0 0 0 0 0 1 0 0 0 0 0 0 0 0 0 0 0 0 0 0 0 0 0 0 0 0 0 1 0 14 12 14 0 0 1 0 0 10 0 0 42 6 5 0 0 0 3 22 2 7 0 10 43 4 10 0 33 0 16 52 0 0 0 0 0 0 0 0 0 2 0 0 9 0 0 0 0 0 0 0 0 0 0 0 0 1 0 0 0 0 10 0 0 0 0 0 0 0 0 0 0 0 2 0 0 0 26 0 0 0 0 0 0 41 7 1 2 0 0 0 4 0 0 0 0 0 0 0 0 0 0 0 0 0 0 0 0 0 0 0 0 0 0 0 0 0 0 0 0 0 
 0 9 6 2 157 0 0 0 0 0 74 3 0 0 0 0 2 0 0 0 176 315 101 149 130 44 327 0 274 27 102 111 147 63 545 346 202 195 170 37 0 1 51 0 2 0 6 3 0 4 1 3 0 0 3 3 3 0 2 4 0 0 0 2 3 0 0 0 0 0 0 3 2 0 0 4 0 0 0 0 0 0 0 0 14 12 0 0 0 0 0 0 0 0 0 0 0 0 0 0 13 19 0 0 1 36 32 17 9 39 1 0 0 0 14 16 62 13 0 0 1 16 0 0 0 0 0 0 0 0 0 0 0 0 0 0 0 0 0 1 0 0 0 0 0 0 7 0 0 0 0 0 1 0 0 0 0 0 0 0 0 0 26 0 0 0 0 0 0 0 0 2 2 0 0 0 0 0 0 0 25 12 0 32 0 0 33 0 6 19 1 17 18 0 15 49 37 17 22 30 0 0 0 2 0 0 13 0 0 0 2 0 24 0 0 0 0 0 12 0 0 0 0 0 0 0 0 0 0 0 0 0 0 0 0 0 0 0 0 0 0 0 14 0 0 0 0 0 0 0 0 0 0 0 4 0 4 0 0 0 0 0 0 0 0 0 0 0 0 0 0 1 0 0 0 0 1 0 0 16 0 0 0 0 0 1 0 0 0 0 
 0 0 0 1 0 3 0 0 0 0 1 1 0 0 0 0 1 0 1 1 478 298 425 158 293 65 217 274 0 155 214 117 133 374 82 274 362 343 88 199 4 0 0 0 2 30 7 3 0 0 0 3 0 70 8 3 3 0 73 8 0 0 0 3 2 0 0 0 0 0 3 3 2 0 4 3 0 4 0 0 0 0 0 0 0 0 0 0 0 0 0 0 0 0 0 0 0 0 0 0 34 0 26 35 7 23 0 1 50 41 27 13 2 0 0 9 2 0 0 0 23 0 0 0 0 0 0 0 5 0 0 0 11 11 0 19 0 0 21 0 0 5 0 0 0 0 0 0 20 6 0 0 0 0 48 0 0 0 0 12 0 0 0 0 0 0 0 0 0 0 0 4 0 0 0 0 0 0 0 0 11 40 25 13 23 0 0 33 18 15 6 21 9 17 18 0 39 38 0 54 0 0 0 0 0 0 0 0 0 0 0 0 43 19 0 0 0 0 11 39 0 0 0 0 0 0 0 0 0 0 0 0 0 0 0 0 0 0 0 0 0 0 0 0 0 0 0 0 0 0 0 0 0 0 2 0 0 76 1 0 14 18 0 0 0 0 0 0 0 0 0 0 0 0 0 0 0 0 0 0 0 0 0 0 0 0 0 0 0 0 
 0 0 0 0 0 132 0 0 0 0 0 0 0 0 138 0 2 0 0 24 153 151 204 133 61 41 180 27 155 0 57 43 349 102 231 132 243 237 238 160 0 0 0 3 2 2 5 3 0 0 0 3 3 0 2 0 6 0 65 0 4 2 0 2 2 3 0 0 6 4 0 3 2 49 2 4 0 0 0 0 0 0 0 0 0 30 0 0 0 0 2 0 0 2 0 0 0 0 46 0 29 0 28 13 38 0 18 8 15 48 13 16 0 0 10 24 12 22 0 26 0 0 10 0 0 0 10 0 0 0 0 0 23 0 0 0 0 0 0 3 0 0 0 0 0 0 0 0 0 0 0 0 0 0 0 0 0 0 0 0 0 0 0 0 0 0 0 0 0 0 0 0 0 0 0 0 1 0 0 0 1 18 3 17 14 1 0 38 23 0 24 0 13 12 10 28 21 0 1 13 11 0 18 1 0 0 0 10 2 0 0 0 5 11 0 15 0 2 2 11 0 0 2 0 0 23 0 0 0 0 0 0 0 0 0 0 0 0 0 0 0 0 0 0 0 1 0 0 0 0 0 0 0 0 0 0 0 74 77 0 0 0 0 0 0 0 0 0 0 0 0 0 0 0 0 0 0 0 0 0 0 13 0 0 0 0 0 0 0 0 
 2 11 2 76 3 4 1 73 2 2 98 5 2 2 2 5 78 23 2 2 36 116 78 372 86 91 52 102 214 57 0 230 116 62 101 67 101 281 219 101 66 0 66 3 2 0 5 5 3 5 0 3 64 25 64 2 3 1 3 68 3 0 0 4 10 0 0 3 2 46 0 6 2 0 0 4 2 0 0 2 0 0 0 0 2 0 0 0 0 10 0 0 0 0 16 0 0 0 0 0 1 10 1 0 0 18 15 54 22 12 20 29 0 18 0 14 0 14 0 23 27 0 0 7 0 0 3 15 9 0 15 0 17 26 1 27 0 0 13 0 0 6 0 0 0 0 0 0 22 4 6 0 0 0 0 0 0 0 0 8 0 0 0 0 0 0 12 3 0 0 0 0 0 6 3 0 0 0 0 0 7 1 12 14 43 1 0 11 39 2 17 0 40 22 0 0 9 12 0 33 0 0 0 0 0 0 1 0 0 0 0 0 13 19 0 12 0 0 25 0 0 0 1 0 9 0 0 0 0 1 0 0 2 0 0 0 0 1 0 0 0 0 9 0 0 0 0 0 0 0 0 0 0 0 2 0 3 1 2 2 1 18 1 0 0 0 0 0 0 0 0 0 0 1 0 0 0 0 0 0 0 12 0 0 0 0 0 0 0 0 
 0 2 0 2 0 2 0 0 0 1 0 0 0 2 0 2 1 0 34 0 38 40 32 192 543 55 52 111 117 43 230 0 90 43 63 131 132 69 50 32 65 0 0 0 2 0 9 3 0 0 2 3 73 23 32 4 6 0 60 120 0 0 0 2 2 0 0 0 0 0 0 6 3 0 0 3 0 0 0 0 0 0 0 0 0 0 0 0 0 0 0 0 0 0 0 0 0 0 0 0 0 11 0 0 0 17 0 8 24 14 47 22 0 0 0 0 0 20 0 0 30 31 0 17 0 0 45 15 16 66 0 0 8 24 19 16 11 0 56 20 43 5 0 0 0 0 0 0 4 4 0 0 0 0 0 0 0 0 0 15 0 0 0 0 0 0 0 0 21 7 0 2 2 0 0 0 0 0 0 0 0 0 0 14 27 12 0 0 21 4 19 22 0 0 0 12 0 35 0 0 0 0 7 0 0 0 16 0 9 0 2 0 10 20 0 0 0 0 57 1 0 0 0 0 0 0 0 1 0 0 0 0 0 0 0 0 0 0 0 0 0 0 11 0 0 0 0 0 0 0 0 0 0 0 2 0 0 10 39 2 2 18 0 0 0 0 3 0 0 0 0 1 0 0 0 0 1 0 0 0 0 14 0 0 0 0 15 0 0 1 
 0 0 0 29 161 140 2 0 0 77 67 16 0 2 205 0 2 75 0 0 149 94 153 77 70 151 124 147 133 349 116 90 0 76 49 160 115 153 177 132 0 0 0 0 2 0 3 3 0 0 0 3 1 0 3 0 3 0 2 58 0 0 0 3 2 0 0 0 0 2 0 3 2 27 13 3 0 0 0 0 0 0 0 0 1 9 0 0 0 12 0 10 0 0 0 0 0 12 0 0 37 20 13 22 0 0 16 49 11 10 0 11 21 13 55 0 1 10 10 15 0 0 0 0 0 0 1 0 41 0 0 0 1 0 0 0 0 0 0 0 0 2 0 0 0 0 2 0 0 0 0 0 0 0 0 0 0 0 0 0 0 0 0 0 20 0 0 7 0 19 35 36 0 1 7 0 0 0 0 0 5 10 8 11 0 0 2 34 20 12 14 0 1 23 0 21 33 0 13 10 0 0 0 0 0 0 0 0 0 0 0 0 1 0 0 0 0 0 0 0 0 0 0 0 0 0 0 0 0 0 0 0 0 0 0 0 0 2 0 0 0 0 0 0 0 0 0 0 0 0 0 0 0 14 6 0 0 1 74 3 2 2 1 0 0 0 0 0 0 0 0 0 0 0 0 0 20 0 0 0 0 0 0 0 0 0 0 0 0 0 
 2 11 79 79 2 83 0 3 2 39 2 82 3 2 2 7 2 32 2 2 93 294 328 60 150 41 284 63 374 102 62 43 76 0 79 344 56 40 194 47 0 2 3 3 2 0 9 3 2 3 0 5 0 0 6 2 3 0 2 4 0 0 0 3 2 0 0 0 0 0 27 3 26 1 0 3 0 2 0 0 0 0 0 1 74 0 0 0 0 2 0 15 0 0 0 1 0 2 0 0 26 39 38 21 11 0 0 9 6 12 65 54 9 32 47 18 22 27 21 2 54 0 0 0 0 0 0 0 1 0 0 0 0 0 0 0 0 0 32 0 0 0 0 0 0 0 1 0 0 0 0 0 0 0 1 0 0 0 0 0 0 0 0 0 0 29 0 0 0 0 0 25 0 0 0 0 10 0 0 0 24 21 11 1 0 0 14 24 5 8 1 29 10 16 28 36 25 35 1 0 0 0 0 0 0 0 0 0 0 0 0 0 0 0 0 2 0 0 9 34 0 0 0 0 0 0 0 0 0 0 0 0 0 0 0 0 0 0 0 12 0 0 0 0 0 0 0 0 0 0 0 0 0 0 5 1 0 1 99 0 18 0 0 0 0 0 0 0 0 0 0 0 0 0 0 0 0 0 0 0 0 15 0 0 0 0 0 0 0 0 
 0 2 3 0 75 148 0 0 2 0 0 0 0 0 0 0 2 0 0 0 35 94 57 58 147 39 109 545 82 231 101 63 49 79 0 165 170 156 110 111 2 0 62 0 2 0 16 0 0 0 1 0 2 5 4 69 3 0 2 63 0 0 0 0 0 0 0 1 0 0 0 0 0 8 0 0 0 2 0 2 0 0 0 0 0 9 2 0 0 0 8 0 0 0 0 0 0 0 0 0 0 14 16 1 0 12 12 44 19 22 22 0 0 0 9 0 48 18 0 0 0 0 0 1 0 0 0 0 0 0 0 0 23 0 0 0 0 1 0 0 0 0 0 0 0 0 3 0 0 0 0 10 0 0 1 0 0 0 0 0 1 0 0 0 0 0 0 0 0 0 0 0 0 0 2 0 0 0 0 0 1 13 0 31 1 0 4 13 29 19 23 0 9 11 18 39 0 48 0 2 0 0 0 0 0 0 8 54 0 0 0 0 19 8 0 1 0 0 11 8 0 2 0 1 0 0 0 0 0 0 0 0 0 0 0 0 0 0 0 0 0 0 21 0 0 0 0 0 0 0 0 0 0 0 3 0 2 4 0 2 1 0 0 0 0 0 0 0 0 0 0 0 0 0 0 0 0 0 0 12 0 15 0 0 0 0 19 0 0 0 
 1 1 4 0 74 1 0 0 0 88 74 2 0 0 0 2 5 0 0 0 198 300 188 23 207 184 141 346 274 132 67 131 160 344 165 0 223 417 105 38 0 0 0 0 2 0 3 3 0 0 0 3 0 0 3 0 3 0 2 68 0 0 0 3 2 0 0 0 0 0 0 3 2 1 0 3 0 0 0 0 0 0 0 1 15 0 0 0 2 0 0 0 0 15 0 0 3 0 0 14 11 15 36 24 8 7 16 0 0 33 21 0 15 0 0 7 49 0 0 1 15 0 0 0 0 0 23 0 0 14 1 0 19 14 9 0 0 0 12 0 0 0 2 10 0 0 4 0 0 0 0 0 0 2 0 0 0 0 0 0 0 0 0 0 0 0 0 0 0 0 0 3 0 0 0 0 4 0 0 0 21 16 10 0 8 24 13 32 0 25 42 9 13 1 17 1 43 0 14 31 0 0 0 0 0 0 3 9 0 0 0 0 1 23 0 0 0 0 0 61 0 0 0 0 2 0 0 0 0 0 0 0 0 0 0 0 0 0 0 0 0 0 0 0 0 0 0 0 0 0 0 0 0 0 3 0 0 76 0 1 11 0 0 0 0 0 12 0 0 0 0 0 0 0 0 0 0 0 0 0 0 0 0 0 0 0 12 0 0 0 
 0 2 0 0 2 62 0 3 3 0 0 0 74 0 72 0 1 0 0 75 37 59 239 42 351 71 263 202 362 243 101 132 115 56 170 223 0 64 145 429 0 0 0 1 3 0 67 27 1 0 2 5 0 0 1 0 3 2 2 1 0 0 0 1 2 0 0 0 0 0 5 3 3 29 0 3 0 0 0 0 0 0 0 0 0 0 0 0 0 0 0 0 0 0 1 0 0 0 0 0 23 0 70 9 10 10 13 0 0 32 2 11 10 0 11 12 10 39 0 6 0 0 0 0 0 0 15 0 0 0 0 0 14 0 6 0 0 0 1 0 0 0 0 0 0 0 0 0 2 0 0 0 0 0 0 1 0 1 0 0 1 0 0 0 0 0 0 0 0 0 0 2 0 0 0 0 0 0 0 0 0 10 7 54 2 0 1 7 41 1 22 11 1 11 20 20 30 10 0 6 1 0 2 0 0 0 42 5 0 2 0 0 17 21 0 0 2 0 9 28 1 0 0 0 0 0 2 0 0 0 0 0 0 2 0 2 0 0 0 0 0 0 0 0 0 1 0 0 0 0 0 0 0 0 5 1 1 38 72 2 11 0 0 0 0 0 0 0 0 0 0 0 0 0 0 0 0 0 0 11 0 19 0 0 0 0 20 0 0 0 
 0 2 0 0 75 28 1 0 0 0 0 0 0 2 0 3 1 0 0 1 247 180 149 39 156 73 341 195 343 237 281 69 153 40 156 417 64 0 83 98 0 0 0 0 2 0 66 3 0 0 2 8 0 0 2 3 4 0 2 1 3 0 0 2 2 0 0 0 0 0 0 3 2 2 3 3 0 0 0 0 0 0 0 0 0 11 0 0 0 0 0 0 0 0 0 0 0 0 0 0 15 0 34 36 1 24 0 9 19 11 14 24 11 0 0 5 14 0 0 0 16 0 0 0 0 0 2 3 0 0 0 0 13 0 0 23 0 0 19 2 0 0 0 0 22 0 6 0 0 0 0 0 0 0 0 0 0 0 0 0 0 0 0 0 0 0 0 0 0 0 0 3 0 0 0 0 0 0 0 0 0 18 16 27 11 0 0 28 25 25 0 21 0 12 20 33 10 53 1 0 0 0 0 2 0 0 0 0 2 0 0 0 80 0 0 0 0 0 11 30 0 0 0 0 0 0 0 0 0 0 0 0 0 0 0 0 0 0 2 2 0 0 4 0 0 0 0 0 0 0 1 0 0 0 7 0 0 4 0 0 18 1 0 0 0 0 0 0 0 0 0 0 2 0 0 0 0 0 0 11 0 0 0 0 0 0 0 0 0 0 
 0 150 79 0 149 138 0 0 2 1 75 26 75 0 0 0 110 75 0 0 334 45 126 51 73 258 280 170 88 238 219 50 177 194 110 105 145 83 0 269 0 2 0 3 2 0 3 4 2 2 0 3 0 0 3 0 3 0 2 3 0 0 0 5 4 0 0 3 2 0 0 5 2 45 0 5 2 0 0 1 0 0 0 0 13 8 2 0 6 5 0 0 0 0 0 4 0 3 0 0 18 3 11 0 0 0 17 7 53 7 1 36 10 2 1 22 10 6 0 30 0 0 0 1 0 0 0 26 7 0 0 0 0 0 0 0 0 0 0 0 0 0 0 0 0 0 8 0 0 0 0 0 0 0 1 0 0 0 0 0 0 11 0 0 4 20 0 0 0 0 15 0 0 6 2 0 0 0 0 0 13 0 14 11 0 0 1 31 37 14 0 0 13 40 0 41 27 0 2 2 0 0 0 0 0 0 0 0 0 0 0 0 0 0 0 2 0 14 0 0 0 2 0 1 0 0 0 0 0 0 0 0 0 0 0 1 0 0 0 0 0 0 0 0 0 0 0 0 0 75 0 0 9 0 2 2 2 0 37 2 1 0 0 0 0 0 0 0 0 0 0 0 0 0 0 14 0 0 0 0 0 1 0 0 0 0 0 0 0 0 
 2 44 2 2 23 74 0 6 75 24 76 104 0 0 0 75 76 7 2 0 38 173 84 33 267 40 85 37 199 160 101 32 132 47 111 38 429 98 269 0 4 0 0 0 2 0 5 3 0 0 5 3 0 0 5 0 3 0 2 3 0 0 0 3 2 0 0 0 0 0 17 3 2 48 4 3 0 2 0 0 0 0 0 12 20 11 0 0 0 14 0 1 0 0 0 0 0 0 2 0 13 20 31 14 0 0 47 10 22 1 0 12 12 0 0 22 1 0 0 51 0 0 0 19 0 0 9 0 2 0 0 0 25 0 0 9 0 0 0 0 0 0 0 0 0 0 0 0 12 0 0 0 0 0 0 0 0 0 0 0 14 0 0 0 2 0 0 0 0 0 0 14 0 10 0 0 0 38 0 0 12 2 9 13 0 0 59 50 22 0 14 0 17 20 0 23 33 0 14 33 0 0 0 0 0 0 0 1 0 0 0 0 0 0 0 0 0 0 0 0 0 0 0 0 0 0 0 0 0 1 0 0 0 0 0 0 0 0 0 0 0 0 0 0 0 78 1 0 0 0 0 0 0 0 4 2 0 2 3 0 0 2 15 0 0 0 0 0 0 0 0 0 0 0 0 0 14 0 0 0 0 0 0 0 0 0 0 0 0 0 
 4 6 3 3 3 3 0 6 2 2 3 2 1 3 2 3 2 6 3 3 0 0 0 5 2 1 0 0 4 0 66 65 0 0 2 0 0 0 0 4 0 327 130 111 63 480 363 69 49 264 41 100 61 129 278 29 74 400 53 217 0 0 0 0 0 0 9 204 0 0 48 0 5 0 0 0 1 0 5 0 3 0 0 0 0 0 0 0 0 0 0 0 0 0 0 0 0 0 9 0 0 0 0 0 0 10 0 0 0 0 12 17 0 0 0 0 0 0 0 0 0 29 20 25 41 20 0 7 18 7 17 25 0 7 1 2 22 29 0 1 14 0 21 0 0 0 0 0 13 0 0 0 5 6 0 0 0 4 0 6 0 4 0 0 1 0 0 0 0 0 0 0 0 0 0 2 0 4 4 0 0 0 0 0 9 1 0 0 0 0 15 0 0 0 0 0 0 0 0 0 31 1 0 6 0 22 0 0 0 6 49 11 0 0 10 14 7 34 0 0 4 0 0 0 0 0 10 0 0 0 0 0 23 0 2 0 5 0 10 1 0 0 1 0 0 0 0 0 0 21 0 4 0 2 0 0 0 0 0 0 0 0 2 0 0 4 4 67 2 0 0 0 0 0 0 0 0 0 0 0 0 0 12 0 6 0 0 0 0 0 
 70 2 1 1 2 2 0 0 35 2 1 2 0 0 31 63 1 2 0 2 0 0 8 0 0 3 0 1 0 0 0 0 0 2 0 0 0 0 2 0 327 0 546 309 35 47 279 114 158 66 44 91 84 168 126 118 259 45 42 48 3 2 0 0 0 28 0 0 0 0 0 0 21 0 0 0 0 0 0 51 9 6 0 0 0 0 16 20 0 0 0 0 18 16 0 0 0 0 0 0 0 0 0 0 0 11 0 0 0 0 0 0 0 0 0 0 0 0 0 0 11 10 26 0 30 0 12 13 33 0 20 12 0 0 16 0 8 0 0 0 6 0 0 0 0 0 0 1 0 0 0 0 0 0 0 0 0 0 12 0 0 0 18 1 4 22 0 0 0 9 0 0 17 0 22 20 27 21 0 20 0 0 0 0 0 10 0 0 0 0 0 0 0 0 0 0 0 0 0 0 12 44 14 0 20 14 14 12 13 27 36 0 1 13 61 22 0 1 0 0 3 0 0 0 0 9 0 0 0 0 0 0 19 11 0 0 0 0 0 0 0 0 0 0 0 0 0 0 0 1 0 11 0 0 0 0 0 0 0 8 0 0 1 0 0 0 1 0 0 0 7 0 0 0 0 0 0 1 0 0 0 0 0 0 0 0 0 0 1 0 
 0 0 0 1 1 0 2 0 0 0 0 3 0 0 0 0 0 0 0 0 0 0 0 0 0 1 0 51 0 0 66 0 0 3 62 0 0 0 0 0 130 546 0 128 60 70 63 408 79 140 140 40 128 48 55 187 531 206 66 90 0 2 0 0 0 58 0 37 0 0 1 0 0 0 0 0 0 0 1 51 0 0 0 0 0 14 0 0 0 0 0 0 0 0 0 0 0 0 3 0 0 0 0 0 8 18 0 0 0 0 0 0 0 0 0 0 0 0 0 0 0 2 0 0 18 6 9 5 21 30 0 18 14 14 0 0 0 11 14 8 10 0 7 0 3 10 0 27 0 0 0 0 0 14 0 1 0 0 26 0 0 0 0 0 0 0 0 0 0 0 0 0 0 0 0 0 0 0 0 0 0 0 0 0 0 35 0 0 0 0 0 3 0 0 0 0 0 0 0 0 11 15 39 48 5 26 17 25 7 5 25 6 0 4 5 34 0 24 0 0 19 15 0 0 0 0 0 0 0 0 0 0 7 0 9 18 0 0 0 8 0 0 0 0 0 0 2 0 2 0 0 16 0 1 0 2 0 0 0 2 0 0 4 78 0 13 0 0 0 0 0 0 0 0 0 0 0 0 0 0 0 0 0 0 12 0 0 0 0 0 
 0 3 0 0 0 0 0 0 0 0 0 0 0 2 0 0 0 0 0 0 0 0 0 0 0 2 0 0 0 3 3 0 0 3 0 0 1 0 3 0 111 309 128 0 164 66 500 170 311 107 72 143 97 52 87 153 44 111 62 77 49 0 0 0 0 2 0 5 0 61 0 1 1 0 0 0 0 0 0 1 0 0 0 0 0 0 0 0 0 0 0 0 0 0 0 0 0 0 0 0 0 0 0 0 0 0 0 0 0 1 0 0 0 0 0 0 0 0 0 0 10 8 11 0 9 4 11 0 16 25 0 42 0 0 0 0 10 0 0 0 19 0 0 0 0 2 0 13 0 0 0 0 0 3 0 1 0 0 34 0 0 0 0 0 16 5 0 0 0 0 0 0 0 0 0 0 0 1 6 0 0 0 0 0 0 6 0 0 0 0 0 0 0 0 0 0 0 0 0 0 11 6 26 17 7 0 1 0 0 8 25 14 0 11 56 39 5 38 0 0 19 0 0 0 0 3 19 0 13 7 0 0 0 0 0 0 0 3 0 0 0 0 0 0 0 0 0 0 0 0 0 6 0 0 0 0 0 0 0 27 0 0 63 0 1 2 0 1 0 0 0 0 0 0 0 0 0 0 0 0 0 0 0 0 0 15 0 0 1 0 
 2 8 2 2 8 2 0 2 2 2 2 5 2 2 2 2 6 2 70 2 2 2 2 2 2 3 4 2 2 2 2 2 2 2 2 2 3 2 2 2 63 35 60 164 0 96 47 408 72 152 183 108 152 84 86 580 98 93 72 246 23 1 0 0 4 8 0 61 1 1 0 22 0 0 5 0 1 53 10 55 0 0 0 0 0 0 0 0 0 0 0 0 0 0 0 0 0 0 0 0 0 0 0 0 0 0 0 0 0 0 0 0 0 0 0 0 0 0 0 0 0 1 1 0 0 11 0 0 0 29 0 28 0 0 9 0 3 0 0 0 0 0 2 0 18 29 4 5 7 1 0 5 10 1 16 48 4 0 0 0 0 7 0 0 1 0 0 0 0 0 0 0 0 0 0 9 0 7 5 0 14 0 0 0 0 0 0 0 0 0 0 13 0 0 0 0 0 0 0 0 0 3 0 27 0 1 0 15 22 0 1 11 0 0 0 0 20 23 0 0 0 0 6 2 0 0 13 0 30 28 10 0 0 10 7 2 0 8 15 1 0 0 0 0 0 0 0 0 0 0 0 16 0 0 0 0 0 0 0 1 0 0 4 0 41 7 14 0 0 0 1 0 0 0 0 0 0 0 0 0 0 0 0 0 7 15 0 0 2 0 
 6 3 6 2 13 2 0 3 3 3 3 6 3 2 3 2 4 2 2 2 0 0 64 1 0 2 0 0 30 2 0 0 0 0 0 0 0 0 0 0 480 47 70 66 96 0 248 34 39 57 54 44 45 42 257 62 87 327 46 45 46 50 0 3 11 1 0 51 0 44 4 4 52 51 0 106 52 0 107 0 0 0 0 0 15 0 0 0 0 0 0 0 0 0 0 0 0 0 0 0 0 0 0 0 0 0 0 0 0 0 0 0 0 0 0 0 0 0 0 0 0 0 0 0 8 0 0 0 8 0 0 33 0 0 0 0 0 0 0 0 51 20 10 14 0 7 1 0 15 0 0 0 0 0 2 6 1 39 1 24 0 0 8 0 0 0 0 0 0 0 6 0 0 0 0 0 0 0 0 5 0 0 0 0 0 0 0 0 0 0 0 0 0 0 0 0 0 0 0 0 14 0 0 0 0 1 0 0 0 0 19 0 0 0 0 14 0 33 0 0 18 19 19 15 16 22 8 31 0 22 2 27 20 28 0 0 14 0 13 0 0 0 0 0 0 0 0 0 0 0 0 28 0 0 0 0 0 0 0 2 0 16 0 0 0 12 1 4 4 0 0 0 50 1 0 0 0 0 0 0 0 0 0 0 13 33 0 0 0 0 
 0 0 0 0 1 0 0 0 0 0 0 0 0 0 0 0 2 0 0 0 8 3 3 9 4 110 2 6 7 5 5 9 3 9 16 3 67 66 3 5 363 279 63 500 47 248 0 269 40 154 185 115 394 130 484 122 258 82 45 50 0 0 0 0 0 0 0 0 0 0 0 0 0 0 0 0 0 0 0 0 0 0 0 0 0 0 0 0 0 0 0 0 0 0 14 0 0 0 0 0 0 6 17 25 0 25 0 8 1 12 4 0 0 0 0 9 17 0 0 0 0 0 20 27 18 47 0 0 6 13 0 0 0 14 24 39 2 24 1 0 0 0 1 0 3 0 0 19 0 0 0 0 14 0 0 20 0 0 0 0 0 0 0 0 7 2 0 0 0 0 0 0 0 0 0 0 0 0 0 0 0 0 0 10 10 34 0 0 1 0 1 0 0 0 0 10 0 8 0 0 19 10 0 12 1 20 0 22 32 0 1 0 11 14 34 1 20 0 12 0 4 0 0 0 0 0 4 0 0 0 0 0 0 23 11 0 0 0 37 53 0 0 10 0 0 0 0 0 0 0 0 14 0 1 0 0 0 84 0 0 65 0 0 0 1 2 0 8 0 0 0 0 0 0 0 0 0 0 0 12 0 6 0 0 8 7 0 0 0 0 
 1 0 0 0 0 0 0 4 1 1 0 1 2 3 1 0 2 0 0 65 3 3 3 3 3 4 2 3 3 3 5 3 3 3 0 3 27 3 4 3 69 114 408 170 408 34 269 0 181 133 96 116 129 109 128 51 167 175 44 277 0 0 7 0 0 0 1 0 0 0 0 0 0 0 0 0 0 0 10 1 0 0 0 0 0 4 0 0 0 0 0 6 0 0 0 0 0 0 7 0 0 0 0 0 0 0 0 0 0 0 0 0 0 0 0 0 0 0 0 0 0 6 18 22 12 36 0 0 16 8 4 28 0 0 20 0 41 4 0 0 34 0 0 0 0 0 0 13 0 0 0 0 6 0 3 0 0 16 9 0 0 7 0 0 1 0 0 0 0 12 0 0 0 0 0 2 0 7 3 0 0 0 0 0 0 0 0 0 0 0 0 0 0 0 0 0 0 0 0 0 14 0 0 7 0 13 2 0 22 0 46 11 0 0 20 21 29 35 0 0 20 8 0 0 0 0 10 46 0 0 3 0 9 11 0 0 1 0 40 22 0 0 0 0 0 0 0 0 0 0 0 4 0 0 0 0 0 0 1 0 1 0 2 0 0 2 2 65 2 0 0 0 0 0 0 0 0 0 0 0 0 0 4 0 16 0 0 0 0 0 
 0 0 24 0 4 28 0 0 0 0 0 0 0 3 0 0 0 0 6 0 0 0 0 0 0 71 0 0 0 0 3 0 0 2 0 0 1 0 2 0 49 158 79 311 72 39 40 181 0 384 125 155 135 161 194 416 106 90 119 93 0 0 3 0 5 5 0 0 0 0 13 0 62 4 1 9 0 0 0 0 0 5 0 0 0 0 0 0 0 0 0 0 0 0 0 0 0 0 0 0 0 0 0 0 4 11 0 0 0 0 0 0 0 0 5 0 0 0 0 0 11 10 27 0 10 0 12 31 15 0 33 12 0 0 9 0 11 0 0 17 2 0 3 0 0 1 0 3 0 0 5 0 0 0 0 1 0 0 11 0 0 0 0 0 4 4 0 0 0 0 0 0 0 0 0 0 0 0 0 0 0 0 0 0 0 6 0 1 0 0 0 0 0 3 0 0 0 0 0 0 39 14 14 10 12 10 11 15 10 26 36 0 6 10 27 28 11 19 0 0 10 0 0 0 0 0 0 0 25 0 0 0 0 9 0 5 0 13 0 0 0 0 20 0 0 0 0 0 0 0 0 2 0 0 0 0 0 0 0 9 0 0 0 0 0 65 4 0 0 0 0 0 0 0 0 0 0 0 0 0 0 0 0 0 6 15 0 0 1 0 
 0 2 0 0 0 0 0 1 0 0 0 0 0 3 3 0 1 0 0 0 0 0 0 0 0 3 0 4 0 0 5 0 0 3 0 0 0 0 2 0 264 66 140 107 152 57 154 133 384 0 322 194 273 55 158 107 366 420 61 106 1 0 0 0 0 0 9 0 0 0 0 20 7 52 0 0 0 0 4 109 0 0 0 0 0 0 0 7 0 0 0 0 0 0 0 0 0 0 0 0 0 0 0 0 0 0 0 0 0 0 0 0 0 0 0 0 0 0 0 0 0 1 17 18 7 73 0 0 14 0 17 0 0 0 9 1 21 24 0 2 0 0 1 0 23 0 15 29 27 0 0 0 18 53 0 0 14 12 8 25 0 1 0 0 0 0 0 0 0 0 0 5 0 0 0 0 0 1 0 0 0 0 0 0 0 0 0 0 0 0 0 0 0 0 0 0 0 0 0 0 0 1 0 16 15 53 0 1 24 8 42 9 0 0 19 0 22 1 0 0 22 10 0 0 0 0 9 0 0 1 0 0 1 7 2 2 16 0 33 41 0 0 1 0 0 0 0 0 0 0 0 10 0 2 0 0 0 0 0 0 0 0 0 64 65 24 4 64 3 0 0 0 0 0 0 0 0 0 0 0 0 0 17 0 1 0 0 0 0 0 
 0 2 4 0 2 0 0 0 0 0 0 4 0 0 0 0 1 0 0 0 1 1 2 0 0 2 0 1 0 0 0 2 0 0 1 0 2 2 0 5 41 44 140 72 183 54 185 96 125 322 0 145 69 37 149 92 273 370 50 85 1 0 3 5 2 1 51 52 0 1 0 2 0 4 0 1 0 4 0 99 0 0 1 12 0 0 0 0 0 0 0 0 0 0 0 0 0 0 0 0 0 0 2 0 0 0 3 0 0 0 13 0 0 0 0 0 0 0 0 0 0 0 17 12 8 36 0 1 7 0 0 0 0 0 7 0 19 10 0 0 1 0 0 0 3 5 2 38 0 0 0 0 6 13 7 0 0 0 0 20 0 0 0 1 0 0 0 0 0 0 0 0 0 0 0 0 9 0 0 0 0 23 12 0 0 0 7 0 0 0 4 0 0 0 5 0 0 0 0 0 0 0 0 12 61 26 0 0 27 18 38 17 0 0 11 0 49 0 0 0 9 51 0 0 1 0 17 0 0 0 0 0 16 9 0 0 2 17 49 22 0 0 0 0 0 0 0 0 0 0 0 2 0 1 0 0 0 0 0 0 0 0 14 20 4 13 2 66 0 0 2 0 0 0 0 0 0 0 0 0 0 0 0 0 1 0 0 0 0 0 
 0 3 0 0 0 0 0 0 0 0 0 0 3 0 0 0 1 0 0 0 3 3 3 3 3 5 3 3 3 3 3 3 3 5 0 3 5 8 3 3 100 91 40 143 108 44 115 116 155 194 145 0 176 58 90 28 175 128 33 98 28 0 0 0 0 0 0 52 0 0 0 53 0 0 0 0 0 0 0 54 0 0 0 0 0 0 0 0 0 0 0 0 0 0 0 0 0 0 0 0 0 0 0 0 5 0 0 0 0 0 0 0 0 0 0 0 0 0 0 0 0 11 23 39 14 31 16 41 13 7 0 8 15 13 16 0 12 14 5 1 0 0 0 0 1 0 4 26 0 0 0 0 14 0 9 0 0 0 1 20 0 0 0 0 10 5 0 0 0 8 0 0 0 0 0 0 0 0 2 0 0 0 0 0 0 6 0 7 0 0 0 0 0 0 0 0 0 0 0 0 0 0 7 31 6 30 10 16 24 5 26 44 0 12 20 5 23 29 0 0 9 0 0 0 0 0 4 0 0 0 0 0 0 7 0 0 7 0 57 31 0 0 0 0 0 0 0 0 0 0 0 12 0 0 0 0 0 0 0 15 0 0 2 1 4 0 1 8 2 0 0 0 0 0 0 0 0 0 0 0 0 0 0 0 9 0 0 0 0 0 
 0 3 0 1 2 0 0 0 3 0 0 4 0 0 0 0 3 0 0 0 1 0 0 23 0 2 5 0 0 3 64 73 1 0 2 0 0 0 0 0 61 84 128 97 152 45 394 129 135 273 69 176 0 174 262 131 530 140 146 213 0 0 0 0 0 0 0 0 0 0 2 0 0 45 0 0 2 2 0 0 0 0 0 0 0 0 0 0 0 0 0 0 0 0 0 0 0 0 0 0 0 0 0 0 0 15 0 0 0 0 19 4 3 0 0 0 0 19 2 1 31 19 17 0 29 0 71 10 40 11 0 10 0 7 25 17 0 0 21 7 0 0 21 0 35 0 0 0 0 0 20 0 4 0 0 0 0 0 13 0 0 0 0 12 10 9 0 0 0 0 2 0 0 0 0 0 5 0 0 0 3 0 5 0 20 19 3 0 0 10 0 0 3 0 3 0 0 0 6 0 29 22 43 7 10 0 5 26 44 8 60 0 0 11 30 23 0 0 33 0 0 0 0 0 0 0 0 0 0 0 0 0 0 0 10 0 0 0 10 0 0 0 0 0 0 0 7 0 0 0 0 13 0 2 0 1 0 0 0 9 0 0 9 0 1 2 12 0 2 0 0 0 0 0 0 0 0 0 0 0 0 0 0 0 0 0 0 0 0 0 
 0 0 4 0 2 0 0 0 0 0 0 0 0 0 0 0 0 0 0 2 0 0 0 0 1 87 0 0 70 0 25 23 0 0 5 0 0 0 0 0 129 168 48 52 84 42 130 109 161 55 37 58 174 0 224 94 91 46 143 97 0 1 3 0 1 13 0 2 0 1 5 1 0 52 54 5 0 6 0 0 0 0 0 0 0 0 0 0 0 0 0 0 0 0 0 0 0 0 0 0 0 0 0 0 6 37 0 15 0 0 4 11 0 0 0 0 0 0 0 0 28 0 25 12 0 0 16 48 28 11 43 0 0 16 4 31 12 6 0 23 21 5 21 0 0 0 0 0 4 4 11 0 0 0 0 0 0 0 13 6 0 0 0 0 0 5 0 0 0 0 0 0 0 0 0 0 0 0 0 0 0 0 0 14 17 17 0 0 0 0 11 0 0 0 0 0 0 0 0 0 24 4 0 11 0 0 33 14 19 17 19 0 32 19 11 9 7 19 10 12 8 0 0 0 0 0 0 0 0 0 0 0 0 0 0 0 0 5 0 8 0 0 21 0 0 0 0 0 0 0 0 4 0 0 0 0 0 0 0 0 0 18 0 0 0 0 1 0 1 0 0 0 0 0 0 0 0 0 0 0 0 0 0 0 0 0 0 0 0 0 
 0 0 0 0 52 0 0 0 0 0 0 1 0 0 0 0 0 0 0 0 2 3 3 97 64 75 1 3 8 2 64 32 3 6 4 3 1 2 3 5 278 126 55 87 86 257 484 128 194 158 149 90 262 224 0 223 249 55 160 192 0 0 0 0 0 2 0 205 0 0 0 0 52 0 0 0 0 0 0 3 0 0 0 0 0 0 0 0 0 0 0 0 0 0 0 0 0 0 0 0 0 0 0 0 18 11 0 0 0 0 0 0 0 0 0 0 0 0 0 0 4 18 18 16 0 0 10 0 4 28 22 0 0 50 29 26 13 1 15 12 0 0 0 0 0 0 0 8 0 0 60 0 0 0 0 0 0 0 0 0 0 0 0 0 0 0 0 0 0 11 0 0 0 0 0 0 0 0 0 0 0 0 0 0 21 12 0 0 0 4 8 34 0 0 0 0 0 0 0 0 26 10 0 0 28 14 1 6 19 0 21 0 23 17 32 3 19 0 28 0 9 0 0 0 0 0 0 0 0 0 0 0 0 2 0 11 0 0 0 0 0 0 0 0 0 0 0 0 0 0 0 8 0 2 0 0 0 0 0 2 0 0 93 0 2 1 2 0 0 0 0 0 0 0 0 0 0 0 0 0 0 0 0 0 7 0 0 0 0 0 
 2 2 8 63 12 4 0 2 2 2 2 2 2 2 2 11 2 2 2 2 1 1 0 6 3 5 0 3 3 0 2 4 0 2 69 0 0 3 0 0 29 118 187 153 580 62 122 51 416 107 92 28 131 94 223 0 125 52 44 64 0 0 0 0 0 8 0 6 0 0 0 0 73 0 0 0 0 0 3 51 0 0 0 0 0 0 0 0 0 0 0 0 0 0 0 13 0 0 0 0 0 0 0 0 1 13 0 4 10 1 0 0 0 0 0 1 1 0 0 8 28 0 34 0 39 0 15 11 43 22 33 30 0 27 16 1 8 0 0 0 5 0 1 0 0 7 0 15 0 0 0 0 0 8 0 0 0 0 31 0 0 0 0 0 0 7 0 0 0 0 0 0 0 0 0 0 0 0 0 0 0 0 0 0 0 18 0 0 45 0 0 0 0 11 0 0 0 3 0 0 15 30 27 0 35 15 10 11 52 27 49 12 13 0 22 10 8 4 4 0 5 0 0 0 0 0 0 0 0 0 0 0 0 8 0 0 0 0 0 0 0 0 21 0 0 0 0 0 0 0 0 12 0 0 0 0 0 0 0 2 0 0 1 0 0 5 0 0 0 0 62 0 0 0 0 0 0 0 0 0 0 0 0 0 0 0 0 0 0 0 
 0 3 0 0 3 0 2 3 0 0 0 1 0 0 0 4 0 0 0 0 3 3 3 3 3 24 3 3 3 6 3 6 3 3 3 3 3 4 3 3 74 259 531 44 98 87 258 167 106 366 273 175 530 91 249 125 0 314 108 37 0 0 0 0 0 3 0 0 0 0 0 0 0 0 0 0 0 207 0 51 0 0 0 0 0 0 0 0 0 0 0 0 0 0 0 0 0 0 14 0 0 0 0 0 8 0 0 0 0 0 0 0 0 0 0 0 11 0 0 0 0 21 31 12 53 6 7 12 7 10 14 15 0 0 19 6 16 12 0 7 9 0 26 0 16 0 0 15 0 0 0 0 0 10 0 0 0 0 10 0 0 0 0 0 0 0 11 0 0 0 0 0 0 0 0 0 0 0 0 0 0 0 0 0 0 0 0 0 0 0 0 0 0 0 0 0 0 0 0 0 25 11 0 30 0 29 0 12 14 31 20 2 12 0 1 28 16 16 0 0 0 1 0 0 0 0 0 2 0 0 0 0 7 0 8 13 0 0 5 8 0 0 5 0 0 0 0 0 0 2 0 13 0 2 0 0 0 0 0 2 0 0 0 69 0 12 2 0 1 0 0 0 0 0 0 0 0 0 0 0 0 0 0 0 22 0 0 0 0 0 
 1 7 3 3 3 4 0 2 1 1 3 1 0 3 1 2 3 2 3 3 0 0 0 0 0 65 0 0 0 0 1 0 0 0 0 0 2 0 0 0 400 45 206 111 93 327 82 175 90 420 370 128 140 46 55 52 314 0 40 52 0 0 4 0 0 7 51 0 0 13 5 1 51 1 0 3 0 8 56 46 0 0 0 0 0 0 0 0 0 0 0 0 0 0 0 0 0 0 0 0 0 0 0 0 0 0 0 0 0 0 0 0 0 0 0 0 0 0 0 0 0 20 57 4 51 31 1 15 0 8 0 14 0 0 4 21 2 31 0 13 31 0 7 0 56 0 4 14 0 0 7 0 0 13 0 0 0 0 0 0 0 0 0 0 0 0 0 0 0 0 0 0 0 0 0 0 0 0 0 0 0 9 0 0 0 0 0 0 0 0 2 0 0 0 0 0 0 0 0 6 0 0 0 28 53 35 1 11 37 32 9 0 0 0 0 0 19 41 0 0 1 32 0 0 1 0 0 0 0 0 0 0 19 0 7 0 0 28 23 7 0 0 18 0 0 1 0 0 0 0 0 10 0 0 0 0 0 0 0 9 0 0 1 5 2 9 0 0 0 0 0 0 0 0 0 3 0 0 0 0 0 0 0 0 11 14 0 15 1 0 
 0 0 0 0 1 0 0 0 0 0 0 0 0 2 0 0 0 0 0 0 5 2 64 111 272 130 2 2 73 65 3 60 2 2 2 2 2 2 2 2 53 42 66 62 72 46 45 44 119 61 50 33 146 143 160 44 108 40 0 139 0 0 0 4 0 0 0 0 0 0 0 0 2 0 0 0 0 0 0 0 0 0 0 0 0 0 0 0 0 0 0 0 0 0 0 0 0 0 0 0 0 0 0 2 19 0 0 0 13 0 0 20 0 0 0 0 0 0 0 0 7 8 2 10 2 0 15 15 6 10 10 5 0 31 10 38 12 1 31 45 0 30 0 0 0 0 0 0 9 8 0 0 0 0 0 0 0 0 0 11 0 0 0 0 0 0 0 0 0 0 0 0 0 0 0 0 9 0 0 0 0 14 0 18 1 1 0 0 0 0 11 10 0 0 0 0 0 23 0 0 15 0 23 16 5 1 0 0 8 23 0 3 49 20 0 11 3 15 18 4 0 1 0 0 0 0 0 0 0 0 0 0 0 0 0 0 0 0 0 0 0 0 15 0 0 0 0 0 0 0 0 4 0 1 0 0 0 25 0 0 0 19 1 0 0 0 2 0 0 0 0 0 0 0 0 0 0 0 0 0 0 0 0 0 0 0 0 0 0 0 
 2 2 2 63 2 5 0 2 2 2 33 5 2 4 2 2 4 71 2 3 1 1 2 120 117 1 5 4 8 0 68 120 58 4 63 68 1 1 3 3 217 48 90 77 246 45 50 277 93 106 85 98 213 97 192 64 37 52 139 0 0 5 0 0 0 0 2 5 0 0 0 9 0 2 0 4 10 2 0 3 0 0 0 0 0 0 0 0 0 0 5 0 0 0 0 0 0 0 0 0 0 11 0 0 0 0 0 9 0 0 5 7 0 8 0 0 0 10 0 13 10 42 0 0 0 0 14 0 0 22 0 0 11 10 36 0 0 0 27 29 0 2 3 1 6 0 3 19 0 9 0 3 0 0 0 4 2 0 0 4 0 0 0 0 0 0 0 9 0 0 0 0 0 2 17 0 7 3 0 0 9 0 0 0 10 19 0 0 4 11 14 6 0 6 0 14 0 0 0 0 0 9 11 10 0 0 18 20 1 0 0 0 0 17 0 6 0 0 12 0 16 0 6 8 0 0 0 0 0 0 3 5 0 1 17 1 0 1 3 0 0 0 0 0 0 0 0 0 0 0 0 10 0 0 0 0 0 62 0 0 0 0 0 0 0 0 21 0 0 0 6 0 0 0 0 0 0 0 0 0 0 0 0 0 0 6 12 0 0 0 
 0 0 0 0 0 0 0 0 0 0 0 0 0 1 0 0 0 0 0 0 0 0 0 0 0 1 0 0 0 4 3 0 0 0 0 0 0 3 0 0 0 3 0 49 23 46 0 0 0 1 1 28 0 0 0 0 0 0 0 0 0 104 68 267 22 32 132 167 50 271 39 38 114 253 53 96 46 96 87 103 0 0 9 0 0 0 0 0 0 0 0 0 0 0 0 0 0 0 0 0 0 0 0 0 0 0 0 0 0 0 0 0 0 0 0 0 0 0 0 0 0 0 0 0 0 29 0 0 0 0 1 9 0 0 0 0 0 0 0 0 25 20 0 24 15 18 2 1 14 0 0 0 14 7 20 0 9 17 4 8 0 0 5 0 0 0 0 0 0 0 8 0 0 0 0 0 0 0 0 2 0 0 3 0 3 0 0 0 0 0 3 3 2 2 0 3 3 2 3 0 0 0 0 0 0 0 10 0 0 0 0 50 0 0 0 0 0 10 0 0 8 1 8 0 4 36 52 0 19 34 38 0 10 50 30 4 12 23 25 14 19 0 0 0 0 0 0 0 0 0 0 0 0 0 4 0 0 0 0 0 0 0 51 0 5 0 0 0 0 0 15 1 55 0 0 1 0 0 0 0 0 0 0 0 0 2 0 0 0 0 
