 0 161 143 325 43 127 153 223 285 111 128 37 147 119 85 37 25 167 238 159 2 3 0 1 0 0 1 1 0 3 3 1 7 0 6 2 5 2 1 0 0 64 0 3 0 0 0 0 0 0 5 3 0 0 0 0 0 2 0 0 0 3 1 2 0 2 3 3 2 0 5 3 0 3 0 0 2 1 1 0 25 9 11 7 0 0 24 26 74 9 0 0 57 29 1 1 13 0 35 12 0 0 8 0 0 0 0 0 0 0 0 0 18 0 0 0 0 0 0 0 0 0 0 0 0 0 0 1 0 0 0 0 2 17 0 0 0 0 0 0 0 0 0 0 0 0 0 0 0 0 0 0 0 0 0 0 0 0 0 0 28 8 0 19 0 0 3 0 25 22 7 0 21 26 8 1 26 0 0 0 8 1 0 0 0 0 0 0 0 0 0 0 0 0 0 0 0 0 0 0 0 0 0 0 0 0 0 0 0 0 1 0 0 0 0 0 0 0 0 0 1 0 0 0 0 0 0 2 17 0 0 0 18 0 0 0 0 0 0 0 0 0 0 0 1 1 1 1 2 0 10 13 0 0 0 0 0 0 0 0 1 0 0 0 0 0 0 0 0 0 0 0 0 0 0 13 0 0 0 0 0 0 0 0 0 0 0 0 0 12 
 161 0 159 48 250 31 208 128 230 195 78 118 340 112 114 192 51 110 134 91 0 0 0 0 0 0 1 0 0 3 3 0 0 0 3 0 2 0 0 0 0 63 60 0 0 0 0 0 0 0 4 0 0 0 0 0 1 0 0 0 0 3 1 2 0 0 0 3 0 0 2 0 0 0 0 0 0 0 0 0 12 8 23 1 20 0 18 15 13 14 10 54 18 0 31 0 3 27 11 0 0 0 0 0 0 2 0 0 0 0 0 0 0 0 0 0 0 0 0 0 2 0 0 0 0 0 0 0 2 0 1 0 0 0 0 0 0 0 0 0 0 0 0 0 0 0 0 0 0 0 2 0 0 0 0 0 0 0 0 0 30 10 23 40 13 0 12 0 0 32 10 10 0 33 4 21 21 9 0 0 0 0 0 0 0 0 0 0 0 0 0 0 0 0 0 0 0 0 14 0 0 0 0 0 12 12 0 0 0 0 0 0 0 0 0 0 0 0 0 0 0 0 0 0 0 0 0 0 2 0 0 0 0 0 0 0 0 0 0 0 0 0 0 0 0 0 1 0 3 0 0 0 89 0 1 0 0 0 0 0 0 0 67 0 0 0 0 0 0 1 0 0 0 0 0 0 10 8 0 0 0 0 0 0 0 0 0 0 0 0 
 143 159 0 468 127 16 166 337 362 141 219 114 248 136 134 111 585 142 153 136 0 0 0 0 0 0 4 0 1 4 3 2 1 74 3 1 0 0 0 0 0 3 0 0 0 1 0 0 1 0 3 1 0 0 0 0 0 0 29 0 0 2 0 5 0 0 0 3 0 0 2 0 0 0 0 0 0 0 0 0 51 0 11 44 11 2 12 41 26 13 10 26 31 45 17 22 34 20 12 11 0 0 0 0 0 0 0 0 0 0 0 0 0 1 0 0 0 0 0 0 0 1 0 0 0 0 0 0 0 0 0 0 0 0 0 0 0 0 0 0 0 0 0 0 0 0 2 21 0 0 0 0 0 0 0 0 0 0 0 0 31 36 17 34 0 0 11 20 18 46 23 1 9 10 25 4 26 13 0 15 0 0 0 0 0 0 0 0 0 0 0 0 14 0 0 0 0 0 42 0 8 0 0 0 0 0 1 0 0 0 0 0 0 0 0 0 0 0 0 0 0 0 0 0 0 0 0 0 0 6 0 0 0 0 0 0 0 0 0 0 0 0 0 0 0 2 88 0 4 89 13 5 0 0 0 0 0 0 0 0 0 0 0 0 0 0 0 0 0 0 0 0 0 0 0 15 0 8 0 0 0 0 0 0 0 0 0 0 0 2 
 325 48 468 0 235 356 188 259 318 274 173 156 57 193 137 196 203 61 210 161 0 77 1 0 0 0 0 73 0 3 3 0 1 72 3 0 0 209 274 65 0 7 3 0 0 6 0 0 1 0 5 0 0 0 0 0 0 0 0 0 0 2 0 2 0 0 0 3 0 2 2 0 0 0 0 0 0 0 0 0 50 13 0 39 12 17 22 10 39 8 55 60 26 28 0 10 34 1 12 0 0 0 0 27 0 0 29 17 0 0 0 0 10 1 42 5 12 0 15 0 0 0 0 1 0 0 0 0 0 0 0 0 0 0 0 0 0 0 6 0 0 0 2 0 0 0 4 0 0 0 0 0 0 0 0 0 1 0 1 0 0 25 8 36 14 11 0 0 13 10 50 1 10 10 15 10 12 12 0 0 0 0 0 0 2 0 0 0 0 0 0 0 24 19 32 0 36 1 14 16 0 0 0 0 0 0 0 0 0 0 0 0 28 0 0 0 0 0 0 0 0 0 0 0 0 0 0 0 0 1 0 1 0 2 0 0 0 0 1 0 0 0 0 0 0 6 0 0 3 88 0 0 0 0 0 0 16 0 0 0 0 0 0 0 0 0 0 0 0 0 0 0 0 0 0 15 0 6 0 0 0 0 0 0 0 0 0 0 0 0 
 43 250 127 235 0 93 39 363 159 62 279 310 149 79 323 132 383 42 61 95 0 0 1 0 1 0 0 74 0 3 3 0 159 1 3 74 36 0 102 4 0 9 0 0 0 1 0 0 1 0 5 0 0 0 0 0 0 2 0 0 0 2 0 3 0 51 0 9 0 0 2 0 0 0 0 0 2 3 0 0 0 1 9 26 7 26 0 0 24 41 15 56 0 14 0 13 12 20 1 0 0 0 7 14 0 0 32 14 13 14 0 0 39 24 12 41 18 0 32 11 0 0 0 0 0 0 0 0 0 0 0 0 0 2 0 0 0 0 0 0 0 0 1 0 0 0 6 0 0 0 0 0 0 0 0 0 0 0 0 0 1 19 5 36 16 24 0 0 15 0 15 0 0 0 4 9 0 0 0 0 22 0 5 9 0 2 7 9 8 21 19 0 44 12 16 9 13 0 47 11 0 0 0 0 0 0 0 0 0 0 0 0 0 0 0 0 0 0 0 0 0 0 0 20 0 0 0 0 0 0 17 0 0 1 0 0 0 0 1 1 0 0 0 0 0 5 1 3 0 87 0 7 2 0 0 0 0 0 0 0 1 0 0 0 0 0 0 0 0 0 0 0 0 0 0 0 0 11 0 13 0 0 0 0 0 0 0 0 0 0 
 127 31 16 356 93 0 26 39 138 95 185 48 34 62 298 128 331 45 66 63 74 0 1 1 0 0 0 74 2 5 2 31 240 0 3 0 1 0 194 3 0 27 19 0 0 1 1 1 1 0 3 0 0 21 65 0 0 0 0 0 0 2 0 3 0 0 0 9 0 0 2 0 0 0 0 0 0 5 34 0 7 0 11 18 19 40 0 0 0 12 9 61 0 0 0 1 0 22 2 0 1 0 0 0 0 0 8 14 7 32 0 0 10 25 21 0 0 0 17 2 0 0 0 0 0 0 0 0 0 0 0 0 0 1 0 1 0 13 0 0 0 0 0 1 0 0 1 0 0 6 0 6 0 0 0 0 0 0 0 0 2 0 2 63 0 23 0 0 0 0 1 0 0 0 0 1 0 0 0 0 9 1 0 0 0 1 17 0 0 0 0 0 39 0 9 0 15 0 0 11 0 0 1 0 2 0 0 0 0 0 0 2 0 0 0 0 0 0 0 0 0 0 0 0 0 1 0 0 0 0 0 0 1 0 0 0 0 0 0 0 0 0 0 0 0 4 86 0 0 86 0 5 2 2 0 0 0 0 0 17 0 0 0 0 1 0 1 0 0 0 0 0 4 0 0 5 0 0 0 0 0 0 0 0 0 0 0 0 0 0 
 153 208 166 188 39 26 0 53 49 30 311 30 94 710 216 34 22 111 161 200 0 0 1 1 0 0 0 0 2 3 3 0 0 66 3 0 1 0 0 1 0 3 0 0 0 0 0 0 0 0 5 1 0 0 103 0 0 0 0 0 0 2 0 2 0 0 0 3 0 0 2 0 0 0 0 0 0 0 7 0 1 27 15 0 16 9 50 28 2 15 24 0 0 9 11 0 0 0 4 21 0 0 0 0 1 0 0 0 0 0 0 0 0 0 0 0 0 0 0 0 0 0 0 0 0 0 0 0 0 0 0 0 1 0 0 0 0 0 0 0 8 0 0 0 0 0 0 0 0 0 0 0 0 0 0 0 0 0 0 0 12 16 0 15 10 0 18 0 0 0 15 14 11 1 14 17 0 0 12 9 2 0 0 0 0 0 0 0 0 0 0 0 0 2 0 0 0 0 0 0 0 0 0 0 0 0 0 0 0 0 0 0 0 0 0 0 0 0 0 0 0 0 0 0 0 0 0 12 0 0 0 0 0 0 0 0 0 0 0 0 0 0 0 0 0 2 0 0 88 50 0 0 0 0 0 0 0 0 0 0 0 0 0 0 0 0 0 0 0 0 0 0 0 0 0 0 0 0 0 0 0 0 0 0 0 0 0 0 0 0 
 223 128 337 259 363 39 53 0 51 267 137 412 171 203 45 66 131 175 58 66 0 0 0 0 0 0 1 0 0 3 7 0 0 0 3 0 0 0 35 0 0 2 0 0 0 0 0 0 61 0 3 0 0 0 0 0 0 0 0 0 0 3 2 2 0 0 0 3 0 0 2 0 0 0 0 0 0 0 0 0 30 11 0 41 23 0 0 13 9 19 10 15 28 10 11 12 20 27 21 4 0 0 0 0 1 0 11 13 0 0 0 0 0 0 0 0 0 0 15 0 0 0 14 0 1 0 0 0 0 0 0 2 0 0 0 0 0 9 0 0 0 0 0 0 0 0 2 0 10 2 0 0 0 0 1 0 0 0 0 0 10 52 46 20 7 0 11 26 24 37 4 13 16 15 18 18 0 14 0 0 0 0 0 0 0 0 0 0 0 0 0 0 12 0 0 0 0 0 61 30 0 0 0 0 0 16 0 0 0 0 0 0 0 0 0 0 0 0 0 0 0 0 0 0 0 0 0 0 0 0 0 0 2 0 0 0 0 0 0 0 0 0 0 0 0 0 2 0 3 0 18 9 0 0 0 0 0 0 0 0 0 0 0 0 0 0 0 0 0 0 0 0 0 2 0 11 0 0 0 0 0 0 0 0 0 0 0 0 0 0 
 285 230 362 318 159 138 49 51 0 291 547 132 169 203 392 124 139 128 281 83 0 2 0 0 0 0 0 0 0 3 77 2 89 0 3 0 0 2 136 0 0 3 0 0 0 0 0 0 1 0 5 0 0 0 0 0 0 0 0 0 0 9 0 3 0 0 0 5 0 0 51 0 0 0 0 2 0 0 0 0 10 5 15 2 2 0 16 11 1 27 13 55 44 14 2 14 23 20 18 10 0 0 0 12 0 10 11 0 0 0 0 0 0 0 0 1 3 0 18 0 0 0 0 0 0 0 0 0 0 0 10 0 0 0 0 0 0 0 0 0 0 0 0 0 0 0 0 0 0 0 0 0 0 0 0 1 0 0 0 0 9 1 4 13 0 0 0 10 1 1 11 8 0 1 6 0 33 22 0 15 10 0 0 0 0 0 13 0 0 0 0 0 0 0 19 1 12 0 0 0 0 0 0 0 0 0 0 0 0 0 0 0 0 0 0 0 0 0 0 14 0 0 0 0 0 0 0 0 0 0 0 0 0 0 0 0 0 0 0 0 0 0 0 0 0 2 96 2 0 2 0 5 10 0 0 0 0 0 0 0 0 0 0 0 0 0 0 0 0 0 0 0 0 0 0 0 9 12 0 0 0 0 0 0 0 0 0 0 0 0 
 111 195 141 274 62 95 30 267 291 0 163 152 54 169 180 111 59 223 161 380 75 2 2 1 4 0 79 82 2 3 3 6 74 2 3 2 76 0 151 4 0 8 3 0 0 8 3 2 1 3 5 1 0 0 65 0 3 2 0 0 0 2 0 7 0 0 2 3 0 0 2 5 5 4 3 0 0 0 0 0 11 7 36 0 15 46 0 10 9 10 30 57 14 10 23 38 7 0 10 0 0 0 0 0 0 0 4 20 0 13 0 0 1 11 14 0 0 0 0 0 0 0 0 0 0 0 0 0 0 0 0 0 0 0 0 0 0 0 0 0 0 0 0 0 0 0 0 0 0 5 0 5 0 0 0 0 0 0 0 0 23 35 4 48 26 13 0 0 44 13 30 18 14 13 0 10 11 0 0 0 11 0 1 10 0 0 15 0 0 0 0 0 65 17 1 19 0 0 1 13 0 0 0 0 0 0 0 0 0 0 0 0 0 0 0 0 0 0 0 0 0 0 0 0 0 0 0 0 6 0 0 0 0 0 0 0 0 0 0 0 0 22 0 0 0 3 86 0 91 1 1 7 0 16 0 0 0 0 0 0 0 0 18 0 0 0 0 0 0 0 0 0 0 0 0 23 1 0 0 0 0 0 0 0 0 0 0 0 0 0 
 128 78 219 173 279 185 311 137 547 163 0 73 53 278 314 178 315 554 338 375 7 0 0 0 0 1 28 0 0 3 3 0 2 24 3 0 1 0 5 0 0 81 0 0 0 3 0 0 0 0 4 0 0 0 2 0 0 1 0 0 0 2 0 2 0 0 0 44 0 0 2 0 0 0 0 0 0 7 0 0 17 12 43 13 14 45 30 22 12 40 52 2 8 1 10 12 22 0 13 1 12 0 0 0 2 0 24 0 0 0 0 0 0 10 0 0 0 0 13 0 0 0 0 0 0 0 0 0 0 0 0 2 1 0 0 0 0 0 0 0 3 0 0 0 0 0 0 0 0 2 0 0 0 5 0 0 7 0 0 0 81 16 5 18 28 13 14 11 20 38 3 0 29 14 0 0 17 0 0 0 0 0 0 0 0 0 0 0 0 0 0 0 9 22 0 11 0 0 11 1 0 0 0 0 0 0 0 0 0 0 0 0 0 0 0 0 0 0 0 0 0 0 0 0 0 0 0 0 0 0 0 0 2 0 0 0 0 0 0 0 0 2 0 0 0 0 0 1 91 9 2 17 12 0 0 0 0 0 0 0 0 0 17 0 0 0 0 0 0 0 0 0 0 0 0 0 0 0 0 0 0 0 0 0 0 0 0 0 0 0 
 37 118 114 156 310 48 30 412 132 152 73 0 46 116 39 203 209 203 416 36 0 0 0 0 0 0 0 0 0 3 3 0 74 0 4 1 0 0 64 123 0 2 0 0 0 0 1 2 3 2 5 0 63 0 0 0 0 0 0 0 0 2 1 5 0 0 4 56 0 0 2 0 0 0 3 0 0 0 0 0 0 0 34 8 31 1 0 0 14 8 11 36 0 17 15 56 38 41 0 0 0 0 0 22 0 0 25 1 1 0 0 0 36 7 0 2 36 0 23 0 0 0 0 0 0 0 0 0 0 2 0 0 0 0 0 0 0 0 0 0 0 0 0 0 0 0 4 0 0 0 0 0 0 0 0 0 0 0 0 0 0 14 17 8 12 38 0 0 29 20 9 9 13 0 11 19 0 16 1 0 26 2 1 0 1 0 0 0 0 0 14 0 8 3 30 9 7 0 10 23 0 0 0 0 0 0 0 0 0 0 0 0 0 0 0 0 0 0 0 0 0 0 0 0 0 0 0 0 0 2 0 0 0 0 0 0 0 0 0 0 0 0 0 0 0 0 0 2 4 4 1 13 0 0 0 0 0 0 0 0 0 0 1 0 0 0 0 0 0 0 0 0 0 0 0 0 11 6 0 0 0 0 0 0 0 0 0 0 0 0 
 147 340 248 57 149 34 94 171 169 54 53 46 0 82 50 47 132 21 311 162 1 0 0 0 0 0 2 0 25 4 3 0 0 16 3 26 1 0 0 0 0 3 0 0 0 0 67 0 0 0 4 0 0 0 0 66 0 0 0 0 0 2 43 2 0 0 0 3 0 0 2 0 0 0 0 0 0 0 0 0 68 1 0 3 0 0 0 1 0 25 1 0 2 0 10 36 3 0 32 19 0 0 0 0 0 0 0 0 0 0 0 0 0 0 0 0 0 0 0 0 0 1 0 0 0 0 0 0 0 12 0 0 0 0 0 0 0 0 0 0 0 0 0 0 0 0 0 0 0 0 0 0 0 0 0 0 14 1 0 0 27 26 4 0 4 0 20 28 0 12 0 0 0 0 0 12 9 9 0 19 0 0 0 0 0 0 0 0 0 0 0 0 0 0 0 0 0 0 28 0 0 0 0 0 0 0 0 0 0 0 0 0 0 0 0 0 0 0 0 0 0 0 0 0 0 0 0 8 0 0 0 0 0 0 0 0 0 0 0 0 0 0 0 0 0 0 43 0 92 0 0 4 0 0 0 0 0 0 0 0 0 0 0 0 0 0 0 0 0 0 0 0 0 0 0 0 0 0 0 0 0 0 0 0 0 0 0 0 0 0 
 119 112 136 193 79 62 710 203 203 169 278 116 82 0 252 159 133 185 432 432 0 0 0 0 0 0 0 0 0 3 2 0 1 0 3 79 2 0 0 0 0 66 0 0 0 0 0 0 1 0 4 0 0 0 87 0 0 0 0 33 0 2 0 3 0 0 0 3 0 63 2 0 0 0 0 0 0 0 8 0 16 42 13 0 21 0 27 1 1 0 22 47 11 0 22 0 29 26 1 16 0 0 0 0 0 0 1 0 0 2 0 0 0 0 0 0 0 0 0 0 0 0 0 11 0 0 0 0 0 0 0 0 0 0 0 0 0 0 0 0 0 0 1 0 0 0 0 0 0 0 53 0 5 0 0 0 2 0 2 0 12 20 14 12 41 0 18 0 0 24 10 14 0 24 18 28 0 10 11 13 3 0 0 0 1 0 0 0 0 0 0 0 0 0 0 0 0 22 17 2 0 0 0 0 11 0 0 0 0 0 0 0 0 0 0 27 0 0 0 0 0 0 0 0 0 0 2 0 0 0 0 2 0 2 0 0 0 0 2 0 0 0 0 0 0 2 1 0 7 2 0 32 0 0 1 0 0 0 0 0 0 0 0 0 0 0 0 0 0 0 0 0 0 0 0 0 13 0 0 0 0 0 0 0 0 0 0 0 0 0 
 85 114 134 137 323 298 216 45 392 180 314 39 50 252 0 189 309 347 111 226 1 0 0 0 0 0 0 0 0 3 3 0 75 76 4 0 0 0 2 0 0 64 0 0 0 0 0 0 0 0 4 0 0 0 0 0 0 0 0 0 0 2 0 2 0 0 0 6 0 0 2 0 0 0 2 0 0 2 0 0 27 9 67 2 0 16 21 6 9 17 58 24 37 0 46 17 23 54 0 19 2 0 0 0 0 0 0 0 0 0 0 0 0 18 0 0 0 0 8 0 0 0 0 0 0 0 0 0 0 0 0 0 0 0 0 0 0 0 0 0 0 0 0 0 0 0 0 0 0 0 0 0 0 0 0 0 0 0 0 17 33 13 1 16 15 1 0 3 0 16 11 11 0 24 0 8 20 9 0 29 0 0 0 0 0 0 0 0 0 0 0 0 15 0 0 0 0 0 39 0 0 0 0 0 0 0 0 0 0 0 0 0 0 0 0 0 0 0 0 0 0 0 0 26 0 0 0 0 0 0 0 0 0 0 0 0 0 0 0 0 0 0 0 0 0 0 47 1 4 180 0 2 11 0 0 0 0 0 0 0 0 0 0 0 0 0 0 0 0 0 0 0 0 0 0 0 14 3 0 0 0 0 0 0 0 0 0 0 0 0 
 37 192 111 196 132 128 34 66 124 111 178 203 47 159 189 0 166 358 129 94 0 0 0 0 0 0 2 0 0 3 5 0 150 0 3 2 5 0 1 205 0 67 3 0 0 0 0 1 2 3 5 0 0 0 0 0 0 1 0 0 0 2 0 5 0 0 3 6 0 0 2 2 3 2 1 0 3 2 0 0 24 30 31 1 23 16 1 0 0 16 20 32 2 0 19 9 0 25 25 0 2 0 0 0 0 0 9 0 0 0 0 0 0 18 0 1 0 0 8 17 3 3 0 9 0 0 1 2 0 0 0 0 0 2 1 0 0 0 0 2 0 0 0 2 0 0 0 0 0 12 2 0 4 0 0 1 2 1 0 0 10 22 20 26 0 1 0 0 0 25 19 14 0 15 0 18 0 0 0 2 0 0 0 1 0 0 9 0 0 0 1 0 22 0 0 0 0 0 18 18 0 0 0 0 14 0 0 0 0 0 0 0 0 0 0 0 0 0 0 0 0 0 0 0 0 0 10 0 0 0 0 0 0 0 16 0 0 0 0 0 0 0 0 0 0 0 1 0 0 85 0 10 11 0 0 0 0 0 0 0 0 0 0 0 0 0 0 0 0 0 0 0 0 0 0 0 42 0 0 0 0 0 0 0 0 0 0 0 0 0 
 25 51 585 203 383 331 22 131 139 59 315 209 132 133 309 166 0 165 143 34 1 4 1 21 3 0 0 0 0 5 3 2 77 0 3 4 2 0 1 0 3 6 6 0 0 0 2 1 2 0 7 0 4 0 0 0 0 0 6 3 2 2 0 4 0 0 0 9 2 13 2 11 2 0 0 3 1 7 0 0 14 0 20 37 0 23 0 10 23 25 11 78 16 17 0 28 35 23 9 0 1 0 0 0 0 0 17 0 0 0 0 0 4 14 0 0 0 0 16 0 0 0 0 0 0 2 0 0 0 0 0 0 5 0 0 0 0 0 0 0 0 0 0 0 0 0 5 0 8 0 0 1 1 0 0 0 0 0 0 0 24 51 14 7 0 0 15 11 12 14 13 0 0 0 8 9 0 0 0 0 0 0 1 0 0 0 0 0 10 0 0 0 28 0 0 0 0 2 33 23 2 0 0 0 0 0 10 0 0 0 0 0 0 0 0 2 0 0 0 0 2 0 0 0 0 0 0 0 0 0 0 0 0 0 0 0 0 0 0 0 0 0 0 0 0 4 0 0 0 86 12 0 2 2 0 0 0 0 0 0 0 0 0 0 0 0 0 0 0 0 0 0 0 0 0 10 9 11 0 0 0 0 0 0 0 0 0 0 0 0 
 167 110 142 61 42 45 111 175 128 223 554 203 21 185 347 358 165 0 326 138 3 0 0 0 0 2 0 2 0 3 2 0 25 0 4 7 3 2 74 0 2 38 2 2 0 0 0 2 1 0 3 0 2 0 0 2 0 2 0 0 1 2 0 3 0 0 0 3 0 0 2 0 0 0 0 1 0 0 0 0 15 24 11 9 21 0 0 20 14 0 0 10 31 3 24 17 13 27 11 5 0 0 0 0 1 0 25 0 1 0 0 0 15 8 0 0 0 3 0 0 0 0 0 0 0 0 0 0 0 0 0 0 1 0 0 0 0 0 0 21 2 0 0 0 0 0 0 0 0 1 0 0 3 0 0 0 0 0 5 0 17 37 32 20 0 0 0 0 4 41 9 0 12 25 0 11 49 1 0 0 34 0 0 0 0 10 11 0 0 0 14 11 8 0 0 0 0 0 17 19 0 0 0 0 0 0 0 0 0 0 1 0 0 0 0 0 0 0 0 0 0 0 0 0 0 0 0 0 0 0 0 0 1 0 0 0 0 0 0 0 0 0 0 0 0 2 1 0 4 2 0 9 0 0 0 0 0 0 0 0 0 0 0 10 0 0 0 0 0 0 0 0 0 0 0 16 47 0 0 0 0 0 0 0 0 0 0 0 0 0 
 238 134 153 210 61 66 161 58 281 161 338 416 311 432 111 129 143 326 0 719 0 0 0 0 0 0 1 0 0 3 3 0 0 80 3 0 0 0 2 0 0 2 0 0 0 0 0 0 0 0 18 0 0 0 0 0 0 0 0 0 0 2 35 2 0 0 0 3 0 0 2 0 0 0 0 0 0 0 0 0 26 9 0 0 17 3 4 6 46 1 3 0 44 10 26 0 19 0 9 13 0 0 0 0 0 0 0 0 0 0 0 0 0 0 0 0 0 0 0 0 0 2 0 0 0 0 0 0 0 0 0 0 0 0 0 0 0 0 0 0 0 0 0 0 0 0 0 0 0 0 0 0 0 0 0 0 10 3 0 11 0 23 0 22 0 1 10 8 18 5 0 0 32 19 4 0 2 0 33 11 0 0 0 0 0 0 0 0 0 0 0 0 0 0 0 0 0 0 1 0 0 0 0 0 0 0 0 0 0 0 0 0 0 0 0 0 0 0 0 0 0 0 0 0 0 0 0 0 0 0 0 10 11 0 0 0 0 0 0 0 0 0 0 0 0 4 1 0 1 99 2 4 0 0 0 0 0 0 0 0 0 0 0 0 0 0 0 0 0 0 0 0 0 0 0 0 0 0 0 0 0 0 0 0 0 0 0 0 0 0 
 159 91 136 161 95 63 200 66 83 380 375 36 162 432 226 94 34 138 719 0 0 0 2 0 0 0 2 0 0 3 2 0 0 23 4 0 0 2 0 0 0 66 0 0 0 0 0 0 2 0 4 0 0 0 0 0 0 0 0 0 0 2 0 3 0 0 0 3 0 0 2 0 0 0 0 0 0 0 3 0 29 61 18 12 14 10 24 22 21 14 22 0 13 8 10 0 12 3 1 13 0 0 0 0 0 0 0 0 0 0 0 0 0 0 0 0 0 0 0 0 0 0 0 0 0 0 0 0 0 0 0 0 0 0 0 0 0 0 0 0 0 0 0 0 0 0 0 0 0 0 0 0 4 0 0 0 0 0 4 0 11 20 0 0 16 2 5 26 0 28 0 1 0 18 31 7 11 1 8 14 0 0 0 0 0 0 0 0 0 0 0 0 0 0 0 7 0 0 12 0 0 0 14 2 0 0 0 0 0 0 11 0 0 0 0 0 0 0 0 0 0 0 0 0 0 0 0 0 0 0 0 0 0 0 2 0 0 0 0 0 0 0 0 0 33 2 1 0 51 5 0 7 0 0 0 0 0 0 0 0 0 0 0 0 2 0 0 0 0 0 0 0 0 0 0 0 0 0 0 0 0 0 0 0 0 0 0 0 0 0 
 2 0 0 0 0 74 0 0 0 75 7 0 1 0 1 0 1 3 0 0 0 191 119 138 88 34 205 243 100 47 25 18 166 107 263 46 58 66 44 140 0 2 0 2 0 0 0 0 1 0 1 6 8 0 57 0 0 0 3 5 0 0 0 0 0 0 2 0 0 0 0 1 2 3 0 0 0 0 0 2 0 0 0 0 17 0 0 0 0 0 0 0 0 0 0 0 0 0 0 0 18 30 1 14 0 14 0 10 19 48 41 39 12 4 14 24 8 54 27 11 0 0 0 0 0 0 0 0 0 0 0 0 0 0 0 0 0 0 13 0 0 0 0 0 0 18 0 0 1 23 0 3 1 0 0 0 0 0 0 0 0 0 0 0 11 0 0 0 0 0 0 0 0 0 0 0 0 0 0 1 5 8 27 10 14 26 20 50 17 0 15 0 9 7 19 8 9 53 0 0 0 0 0 0 0 0 7 0 0 0 0 0 12 0 0 0 0 0 26 11 1 0 0 0 0 0 0 0 0 0 0 0 0 0 0 0 0 0 0 0 0 0 0 0 0 0 0 0 0 0 0 0 0 0 9 0 2 78 78 0 0 0 0 0 0 0 8 0 0 0 0 0 0 0 0 9 0 0 0 0 0 26 0 0 0 0 0 0 0 0 
 3 0 0 77 0 0 0 0 2 2 0 0 0 0 0 0 4 0 0 0 191 0 213 320 105 27 137 483 378 309 271 26 190 276 273 140 37 272 75 131 0 2 0 3 0 0 0 0 0 0 1 10 35 0 66 0 0 0 25 25 0 0 0 0 50 0 0 0 6 0 0 0 3 9 0 0 0 0 0 3 0 0 0 0 13 0 0 0 0 0 0 0 0 0 0 0 0 0 0 0 20 14 49 1 17 2 0 20 24 18 9 32 0 11 47 0 0 37 0 6 8 0 0 0 0 1 0 0 0 22 0 0 1 15 0 0 0 0 19 29 0 0 0 0 12 0 0 0 0 3 0 0 0 0 0 0 0 0 0 0 5 0 0 0 0 0 0 0 0 1 0 0 0 0 0 0 0 0 0 0 12 9 9 23 3 22 0 37 55 18 13 0 8 0 35 17 30 14 0 0 0 0 0 0 0 0 18 0 11 0 0 0 27 11 0 4 0 0 17 12 0 0 0 0 0 0 0 0 0 0 0 0 0 0 0 2 2 0 0 0 0 0 14 0 0 0 0 0 0 0 0 0 0 0 166 2 2 83 75 4 13 0 0 0 0 0 0 0 0 0 0 0 0 0 0 0 0 0 0 0 0 56 0 0 0 0 0 0 0 0 
 0 0 0 1 1 1 1 0 0 2 0 0 0 0 0 0 1 0 0 2 119 213 0 137 121 20 152 467 183 200 88 48 116 127 207 166 77 144 54 211 0 2 2 2 0 0 0 0 57 3 3 3 26 0 4 0 0 0 68 28 0 0 0 0 1 0 4 3 0 0 3 0 5 3 3 0 0 0 3 2 0 0 0 0 0 0 0 0 1 0 0 0 0 0 0 0 0 0 0 0 21 15 24 18 0 17 1 27 11 23 12 33 0 4 24 28 37 46 2 17 16 0 0 0 0 0 0 0 0 18 11 0 0 0 0 0 1 0 0 32 0 0 0 0 8 0 0 0 0 0 0 0 0 5 0 0 0 0 0 0 10 0 0 0 0 2 0 0 0 0 0 0 0 0 0 0 0 0 0 1 11 5 32 18 9 12 10 30 20 0 29 2 0 0 33 18 10 53 0 9 0 0 0 0 0 0 0 0 0 0 0 0 0 1 0 0 0 0 1 0 0 0 0 0 0 0 0 0 0 0 0 0 0 0 0 0 0 0 0 0 0 0 0 0 0 0 0 0 0 0 0 0 0 0 6 0 2 92 74 2 17 4 0 0 0 0 9 0 0 0 0 0 0 0 0 0 0 0 0 0 0 14 0 0 2 9 0 0 0 1 
 1 0 0 0 0 1 1 0 0 1 0 0 0 0 0 0 21 0 0 0 138 320 137 0 79 31 101 212 333 238 175 38 138 345 146 265 94 119 74 135 0 3 0 3 0 2 73 61 0 2 1 4 78 0 3 0 0 0 101 30 0 4 0 0 0 0 0 0 5 0 0 0 3 7 0 0 0 0 0 3 0 0 0 0 2 0 0 0 0 0 0 0 0 2 1 0 0 0 0 0 8 18 29 14 16 14 0 18 0 5 36 31 0 0 1 9 0 58 2 0 15 0 0 0 0 0 12 0 1 0 0 0 0 9 0 2 0 0 9 26 0 0 0 0 0 0 0 0 0 0 0 0 0 0 2 0 7 0 0 0 0 0 0 0 0 0 0 0 0 0 0 0 0 0 0 0 0 0 0 0 0 0 12 19 18 24 0 8 34 13 64 74 0 19 0 0 0 34 0 0 0 7 11 0 0 0 15 1 0 0 0 0 35 11 18 0 0 0 0 28 0 0 0 0 0 0 0 0 0 0 2 0 0 0 0 0 0 0 0 0 0 0 0 0 0 0 0 0 0 0 0 0 0 0 6 1 1 17 84 0 0 0 0 0 0 0 0 0 0 0 0 0 0 0 0 0 0 0 0 0 0 20 0 0 0 8 0 0 0 0 
 0 0 0 0 1 0 0 0 0 4 0 0 0 0 0 0 3 0 0 0 88 105 121 79 0 125 57 68 233 172 170 185 79 53 159 160 130 33 43 59 1 2 0 7 0 0 85 0 0 0 2 7 65 25 3 0 0 0 65 65 42 31 0 2 0 0 0 0 2 0 0 0 3 3 0 9 0 0 0 12 0 0 0 0 0 0 0 0 0 0 0 0 0 11 0 0 0 0 0 0 0 24 0 11 15 7 0 0 0 28 9 12 0 0 0 0 0 19 0 0 70 4 0 0 0 1 33 17 18 0 0 0 1 48 32 0 7 0 14 18 0 0 3 0 0 0 0 0 0 0 0 0 0 0 0 14 0 0 0 0 0 0 0 0 0 0 0 0 0 0 0 0 0 15 0 0 24 0 0 0 0 18 1 0 3 42 0 0 0 0 0 8 0 0 0 0 19 2 0 0 0 1 0 4 0 0 29 12 9 33 0 27 19 22 0 19 11 0 49 18 0 0 0 0 0 0 0 0 0 0 0 0 0 0 0 0 0 0 0 0 0 0 0 0 0 0 0 0 0 0 0 0 0 0 8 2 0 87 37 0 2 0 0 0 0 0 0 0 0 0 0 0 0 15 0 0 0 0 0 0 0 0 0 0 0 19 0 0 0 0 
 0 0 0 0 0 0 0 0 0 0 1 0 0 0 0 0 0 2 0 0 34 27 20 31 125 0 105 152 91 553 218 265 49 54 144 88 75 48 52 263 1 2 5 78 0 0 0 0 0 0 1 3 62 0 3 107 2 0 90 4 36 0 0 0 0 0 50 0 0 0 0 0 3 3 0 4 0 0 0 8 0 0 0 0 0 0 0 0 0 0 0 0 0 0 0 0 0 0 0 0 38 26 0 14 9 16 0 12 19 1 4 4 0 0 11 0 0 20 0 0 12 5 4 0 15 10 23 0 0 28 0 0 6 18 0 16 4 9 113 0 0 0 0 0 0 0 0 0 0 0 0 0 0 0 0 0 0 0 0 0 0 0 0 0 0 0 0 0 0 0 0 0 0 0 3 0 0 0 0 0 0 0 11 1 6 24 0 66 0 0 0 2 0 0 0 0 9 0 0 0 34 11 17 5 0 0 1 20 0 7 9 0 11 20 30 15 51 0 32 0 0 0 0 16 0 0 0 0 0 0 0 0 0 0 0 0 0 0 12 0 0 0 0 0 0 0 0 0 0 0 0 0 0 0 11 1 0 149 0 1 5 0 0 0 0 12 0 0 0 0 0 0 0 0 0 0 0 0 0 0 0 0 0 0 12 0 0 0 0 0 
 1 1 4 0 0 0 0 1 0 79 28 0 2 0 0 2 0 0 1 2 205 137 152 101 57 105 0 193 272 61 101 28 126 171 110 259 112 32 66 77 0 68 0 5 1 5 62 0 1 0 2 5 0 0 3 0 0 0 5 2 0 0 4 57 0 3 1 45 0 0 0 2 3 5 0 0 0 0 1 5 0 0 13 0 0 16 0 0 0 0 57 0 0 0 0 0 20 0 0 0 24 28 18 0 0 0 34 18 16 5 19 11 1 8 27 17 2 13 2 10 0 0 0 0 0 0 0 0 1 0 10 0 0 0 0 0 0 0 15 20 0 0 0 10 0 0 0 0 0 0 0 0 0 4 30 0 2 0 0 0 0 0 0 5 16 0 0 0 16 0 0 0 0 0 0 0 0 0 0 0 2 13 0 58 0 30 1 7 42 3 18 0 0 55 0 12 14 17 0 51 0 0 0 1 13 0 0 0 1 0 0 0 0 0 0 0 0 0 12 23 0 0 0 0 0 0 0 1 0 0 0 0 0 0 0 0 0 0 0 0 0 3 0 0 0 1 0 0 0 1 0 0 0 0 13 0 0 1 0 3 2 1 18 0 0 0 11 1 0 0 1 0 0 0 0 0 0 0 0 0 0 19 0 0 0 0 1 0 0 0 
 1 0 0 73 74 74 0 0 0 82 0 0 0 0 0 0 0 2 0 0 243 483 467 212 68 152 193 0 192 43 49 14 167 141 157 51 175 160 288 102 0 3 2 3 0 14 0 0 0 0 2 3 0 0 4 0 0 0 3 0 0 0 0 0 0 0 0 1 0 0 0 0 3 3 0 0 0 59 0 3 0 0 0 12 0 15 0 0 0 0 55 8 0 0 0 0 0 0 0 0 31 20 0 0 0 0 32 15 18 14 14 28 0 1 79 0 25 14 15 39 0 0 0 0 0 0 0 0 0 1 0 0 0 0 0 0 0 0 27 0 0 0 0 0 0 0 0 1 0 0 0 0 0 5 0 2 0 0 0 0 0 0 0 11 12 0 0 0 0 0 0 0 0 0 0 0 0 0 2 0 12 27 1 16 0 49 0 20 26 0 15 0 9 38 33 0 41 1 0 19 0 0 0 0 0 0 12 0 0 0 0 0 19 0 0 0 0 0 22 25 0 0 1 2 0 0 0 0 0 0 0 0 0 0 0 0 0 0 2 0 0 0 0 0 0 0 0 0 0 0 0 0 0 0 5 0 2 2 1 2 0 2 0 0 0 0 10 0 0 0 0 0 0 0 0 0 0 0 0 0 0 2 0 0 0 0 0 0 0 0 
 0 0 1 0 0 2 2 0 0 2 0 0 25 0 0 0 0 0 0 0 100 378 183 333 233 91 272 192 0 276 264 30 170 247 168 54 121 340 66 86 0 3 0 2 0 0 0 0 0 0 1 3 136 1 3 0 0 0 65 73 0 0 0 0 0 0 0 0 5 1 0 0 1 10 52 0 0 0 0 1 0 0 10 0 0 0 0 0 0 0 0 0 0 0 2 0 0 0 0 0 7 74 52 23 9 13 0 7 12 8 28 53 7 12 6 10 3 46 19 15 0 0 0 0 0 0 0 0 0 0 2 0 9 11 0 2 0 0 15 21 0 0 0 0 0 0 0 0 0 0 0 0 0 0 1 0 3 0 0 0 5 0 0 0 1 0 0 0 0 0 0 0 0 0 0 0 0 0 3 0 2 13 21 12 26 7 7 40 39 31 21 47 0 0 18 20 10 2 0 0 0 0 0 0 0 0 1 0 0 0 0 0 14 12 12 0 0 0 24 18 0 0 0 0 0 0 0 0 0 0 0 0 0 0 0 0 0 0 0 0 0 0 0 0 0 0 0 0 0 0 0 1 0 0 21 0 0 163 2 4 1 0 0 0 0 0 0 0 0 0 0 0 0 0 0 0 0 0 0 0 0 0 0 0 0 0 0 0 0 0 
 3 3 4 3 3 5 3 3 3 3 3 3 4 3 3 3 5 3 3 3 47 309 200 238 172 553 61 43 276 0 154 34 79 265 102 89 188 65 54 377 0 2 0 3 0 7 0 0 0 0 2 3 123 0 3 0 0 0 27 67 0 0 0 0 0 0 0 0 0 0 0 0 3 3 0 8 0 0 0 3 1 0 2 0 0 2 0 2 0 0 0 0 0 0 0 0 0 0 0 0 9 1 47 20 31 1 0 9 3 22 27 0 7 13 7 0 9 26 35 29 12 0 0 0 0 0 0 0 1 13 0 0 9 28 0 0 0 0 0 22 0 0 0 0 0 0 0 0 0 0 0 0 0 0 0 0 10 0 0 1 5 0 0 0 0 0 0 0 0 0 0 0 0 0 0 0 0 6 0 0 7 19 13 7 2 0 12 4 0 13 26 9 0 0 6 10 0 11 0 2 0 2 2 10 0 0 15 1 0 0 0 0 33 13 29 12 0 0 1 0 0 0 0 0 0 0 0 0 0 2 0 1 0 0 10 0 0 0 0 0 0 0 0 0 0 0 0 0 0 0 0 0 0 0 5 1 1 116 0 0 22 3 0 0 0 0 0 0 0 0 0 0 0 0 0 0 0 0 0 0 0 0 0 0 0 3 0 0 0 8 
 3 3 3 3 3 2 3 7 77 3 3 3 3 2 3 5 3 2 3 2 25 271 88 175 170 218 101 49 264 154 0 117 256 185 165 170 180 382 32 65 0 65 3 5 0 0 129 122 0 0 2 3 2 126 67 0 0 0 3 5 0 0 0 0 0 0 0 0 0 0 0 0 3 3 0 5 0 0 0 3 0 0 0 0 0 0 0 0 0 0 0 0 0 0 0 0 0 0 0 0 12 19 28 12 32 20 0 0 33 0 1 20 0 23 0 10 6 0 6 0 11 0 0 0 1 0 21 0 14 0 0 0 9 32 6 0 8 0 0 9 0 0 0 2 0 0 0 0 0 0 0 0 0 3 0 0 0 0 0 0 0 0 0 0 0 0 0 4 0 0 0 0 0 0 0 0 3 0 0 0 0 9 0 11 12 0 0 0 2 18 0 33 23 12 0 0 24 20 0 9 0 10 18 11 0 0 24 0 0 0 0 12 27 0 28 41 0 0 2 0 0 0 0 0 0 0 0 0 0 0 0 0 0 0 0 0 0 0 0 0 0 0 0 0 0 0 0 0 0 0 0 0 0 0 0 0 0 43 3 3 4 16 0 0 0 0 0 0 0 0 0 0 0 0 0 0 0 0 0 0 0 7 0 0 0 0 0 0 0 0 
 1 0 2 0 0 31 0 0 2 6 0 0 0 0 0 0 2 0 0 0 18 26 48 38 185 265 28 14 30 34 117 0 38 45 30 29 82 70 33 38 0 19 71 13 0 0 61 126 4 0 1 3 66 91 126 0 0 2 93 46 0 0 0 0 0 2 0 0 0 0 0 3 0 0 0 4 0 0 0 0 0 0 0 0 0 0 0 0 0 0 0 0 0 0 0 0 0 0 0 0 0 0 18 10 26 22 0 0 0 0 0 0 0 0 0 0 0 0 0 0 14 3 0 9 0 8 57 0 12 8 0 0 11 30 1 9 19 10 48 31 0 0 10 0 0 0 0 0 0 0 0 0 0 0 0 0 0 0 0 0 0 0 0 0 0 0 0 0 0 0 0 0 0 0 4 0 0 0 0 0 0 0 19 0 19 13 0 0 15 0 1 31 0 0 0 0 0 0 0 0 15 18 41 9 0 0 59 10 8 12 7 0 10 0 10 45 18 0 18 0 0 0 0 0 0 0 0 0 0 0 0 0 0 0 0 2 2 11 0 0 0 0 0 0 0 0 0 0 0 0 0 0 0 0 14 3 0 37 0 2 0 2 0 0 0 0 0 0 15 0 0 0 0 0 0 0 0 0 0 0 0 0 0 0 0 0 0 0 0 0 
 7 0 1 1 159 240 0 0 89 74 2 74 0 1 75 150 77 25 0 0 166 190 116 138 79 49 126 167 170 79 256 38 0 83 20 32 133 244 258 290 2 5 69 2 0 1 200 0 0 0 5 6 4 2 25 0 0 3 3 200 0 3 0 0 0 0 6 2 28 59 2 1 0 7 1 0 0 48 0 0 0 0 4 18 23 1 0 0 0 16 13 31 0 0 9 1 0 35 0 0 9 1 12 23 0 1 10 6 11 23 0 1 5 13 32 1 76 6 19 41 0 0 0 0 0 0 0 0 2 46 0 0 0 0 0 0 0 0 0 12 0 0 0 1 0 0 3 0 0 3 0 1 0 0 0 0 0 0 0 0 3 0 10 2 0 1 0 0 0 1 0 8 0 0 0 1 9 1 0 0 40 0 15 0 0 0 44 11 0 0 0 0 13 2 63 9 20 0 0 9 0 0 0 0 0 0 0 0 0 0 0 0 0 0 0 13 0 0 0 0 2 0 0 0 0 0 0 0 0 0 0 0 0 0 0 0 0 0 0 0 0 0 0 0 0 0 1 0 0 0 0 0 9 0 8 2 0 0 0 3 15 1 0 0 0 0 0 0 0 0 0 0 0 0 0 13 9 0 0 0 0 0 0 0 0 0 0 0 0 1 
 0 0 74 72 1 0 66 0 0 2 24 0 16 0 76 0 0 0 80 23 107 276 127 345 53 54 171 141 247 265 185 45 83 0 256 210 43 189 112 162 0 2 0 2 0 0 0 0 0 0 0 3 2 0 3 0 0 0 4 0 0 0 0 0 0 0 0 0 4 0 0 0 2 7 0 0 0 0 0 2 0 27 0 0 20 10 11 11 22 0 12 1 0 0 12 0 5 0 0 0 30 37 11 25 0 14 0 33 13 11 10 28 0 24 27 24 1 36 2 1 0 0 0 0 0 0 0 0 0 0 0 10 1 0 0 0 0 0 36 1 0 0 0 5 0 0 0 0 0 0 9 0 0 2 3 0 0 0 0 0 2 0 0 0 0 0 0 0 0 0 0 0 0 0 0 0 0 0 0 0 1 20 0 0 24 8 1 38 3 15 0 6 0 33 0 0 10 5 0 8 0 0 0 0 0 0 1 0 0 0 0 0 0 0 0 0 0 0 0 1 0 0 0 0 0 0 0 0 0 0 0 0 0 0 0 0 0 0 0 0 0 0 0 0 0 0 0 0 0 24 0 0 0 0 13 0 2 0 1 0 1 12 0 0 0 0 0 0 0 0 0 0 0 0 0 0 0 0 0 0 0 14 0 0 0 0 11 0 0 0 
 6 3 3 3 3 3 3 3 3 3 3 4 3 3 4 3 3 4 3 4 263 273 207 146 159 144 110 157 168 102 165 30 20 256 0 194 102 186 46 172 0 2 0 2 0 0 5 0 0 0 2 10 21 0 4 0 0 0 3 0 0 0 0 0 0 0 4 0 0 0 0 0 2 3 0 0 0 1 0 2 0 0 0 0 6 0 0 0 0 0 0 0 0 0 0 0 0 0 0 0 21 7 0 0 11 0 0 8 19 15 59 10 10 3 9 13 18 37 0 2 19 0 0 0 0 0 0 0 1 0 0 0 0 1 0 0 0 0 11 0 0 0 0 5 0 0 0 0 0 0 0 0 0 8 0 0 0 0 0 1 0 0 0 0 10 0 0 15 0 0 0 0 0 0 0 0 0 0 0 0 0 46 13 0 12 31 0 16 15 1 11 0 1 38 0 10 1 69 0 5 0 0 0 0 0 0 8 0 0 0 0 0 7 0 0 0 0 0 11 13 0 0 0 0 0 0 0 0 0 0 0 0 0 0 0 0 0 0 0 0 0 0 10 0 0 0 0 0 0 0 0 0 0 0 9 0 0 2 125 4 0 12 0 0 0 0 0 0 0 0 0 0 0 0 0 0 0 0 0 0 0 79 0 0 0 0 0 0 0 0 
 2 0 1 0 74 0 0 0 0 2 0 1 26 79 0 2 4 7 0 0 46 140 166 265 160 88 259 51 54 89 170 29 32 210 194 0 166 313 155 339 0 2 0 3 0 0 57 0 0 0 0 4 7 0 3 0 0 2 4 33 0 0 0 0 0 0 0 0 90 0 0 0 3 3 0 0 0 0 0 3 0 0 0 0 0 4 0 0 0 0 0 22 0 0 0 0 0 0 0 0 10 32 4 13 1 14 19 18 14 0 5 36 0 8 0 10 40 19 0 36 10 0 0 12 0 0 0 4 11 0 0 0 0 16 5 0 0 0 18 0 0 0 0 0 0 0 13 0 0 0 0 0 0 4 0 0 0 0 2 0 0 0 0 0 0 0 0 7 0 0 0 0 0 0 0 0 8 0 0 0 12 44 0 23 50 73 0 42 25 9 57 9 10 57 15 37 12 43 0 2 0 20 0 0 0 0 0 0 0 0 0 0 0 0 0 18 0 0 0 0 0 0 0 0 0 0 0 0 0 0 0 0 0 0 0 0 0 0 14 0 0 0 0 0 0 0 0 0 0 0 0 0 0 0 3 2 2 0 180 0 0 0 0 0 0 0 0 0 0 0 0 0 0 0 0 0 0 1 0 18 0 21 0 0 0 0 4 0 0 0 
 5 2 0 0 36 1 1 0 0 76 1 0 1 2 0 5 2 3 0 0 58 37 77 94 130 75 112 175 121 188 180 82 133 43 102 166 0 149 37 218 0 6 45 3 0 0 57 1 0 5 2 3 43 1 3 0 64 0 211 0 0 0 0 0 0 0 0 0 0 0 0 0 3 3 0 0 0 0 0 3 0 0 0 9 13 8 0 0 0 2 7 0 0 0 0 0 22 0 0 0 0 6 13 14 13 1 31 0 15 18 14 9 21 0 11 14 15 25 24 32 11 0 0 0 0 0 0 0 11 0 0 0 11 30 10 0 0 0 0 0 0 0 0 0 0 0 0 0 0 0 0 0 0 0 0 0 5 0 2 0 0 0 0 53 0 21 0 7 0 0 0 0 0 0 0 0 12 0 0 0 15 29 80 1 27 30 28 0 23 20 18 13 4 0 12 3 40 27 2 6 0 21 0 0 0 0 0 8 0 0 0 0 10 9 7 0 0 0 0 0 0 0 0 0 0 0 0 0 0 0 0 0 0 0 0 0 0 0 0 0 0 0 0 0 0 0 0 0 0 0 0 0 0 0 4 2 0 53 75 0 1 0 0 0 0 0 13 0 0 0 0 0 0 0 0 0 0 0 0 23 0 0 0 0 0 0 0 0 0 2 
 2 0 0 209 0 0 0 0 2 0 0 0 0 0 0 0 0 2 0 2 66 272 144 119 33 48 32 160 340 65 382 70 244 189 186 313 149 0 483 124 3 0 0 3 0 0 85 68 0 0 2 0 28 67 64 0 0 0 29 26 0 0 0 0 0 2 0 0 8 0 0 6 0 5 0 0 0 0 0 0 0 0 0 0 0 6 0 0 0 0 2 0 2 0 0 0 0 1 0 0 18 24 42 12 51 13 0 0 15 0 8 57 0 8 0 9 9 6 0 0 6 0 0 0 0 0 10 0 14 0 0 0 2 23 20 0 0 0 39 9 0 0 0 1 0 0 0 0 0 0 0 0 0 3 0 0 0 0 0 0 0 0 0 0 0 0 0 5 0 0 0 0 0 0 1 0 21 0 0 0 0 22 0 9 62 13 0 10 52 13 12 15 0 1 0 0 25 11 0 8 0 19 0 0 0 2 25 0 0 0 0 0 10 3 17 20 0 0 0 10 0 1 0 0 0 0 0 0 0 0 0 0 0 0 0 0 0 0 19 0 0 0 0 0 0 0 0 0 0 0 0 0 0 0 10 0 3 4 73 2 81 0 0 0 0 0 0 0 0 0 0 0 0 0 0 0 0 0 0 37 0 23 0 0 0 0 0 0 0 0 
 1 0 0 274 102 194 0 35 136 151 5 64 0 0 2 1 1 74 2 0 44 75 54 74 43 52 66 288 66 54 32 33 258 112 46 155 37 483 0 93 0 18 0 3 0 4 0 0 0 0 2 3 0 0 3 0 0 0 3 4 0 0 0 0 3 0 3 1 0 0 0 0 3 3 0 0 0 0 0 3 11 0 11 82 24 21 0 0 0 0 13 47 0 0 5 0 0 57 0 2 0 2 0 8 2 0 23 18 1 0 0 0 12 0 14 0 0 0 16 0 0 0 0 0 0 0 0 0 0 0 0 0 0 0 1 0 0 0 0 0 0 0 16 0 0 0 0 0 0 7 8 9 0 0 0 0 0 0 0 0 0 0 26 23 31 9 0 0 0 0 1 24 0 0 1 0 8 29 0 0 11 1 0 0 0 0 21 0 0 0 0 0 18 16 20 1 54 0 0 10 0 0 0 0 0 0 0 0 0 0 0 0 0 0 0 1 0 1 1 0 0 0 0 0 0 0 0 0 1 0 0 0 0 0 0 0 0 0 0 0 0 0 0 0 0 0 25 0 0 0 0 0 0 0 10 0 0 0 2 0 3 1 0 0 0 0 0 0 0 0 0 0 0 0 0 10 0 0 0 0 0 0 0 0 0 0 0 0 0 0 
 0 0 0 65 4 3 1 0 0 4 0 123 0 0 0 205 0 0 0 0 140 131 211 135 59 263 77 102 86 377 65 38 290 162 172 339 218 124 93 0 12 23 21 3 0 0 0 0 0 9 2 3 0 0 4 0 22 0 3 1 0 0 0 0 0 0 3 0 0 0 0 0 3 3 0 0 0 0 0 3 0 0 0 0 12 0 0 0 0 0 0 0 0 0 2 0 0 0 0 0 0 12 9 26 0 12 0 0 14 14 15 36 11 11 17 32 44 5 25 12 0 0 0 0 0 0 0 0 0 0 2 0 0 0 0 1 0 0 0 0 0 0 0 0 0 0 0 0 0 0 0 0 0 5 1 0 0 0 0 0 0 0 0 0 0 15 0 0 0 0 0 0 0 0 0 0 4 7 0 0 0 30 13 11 0 0 0 19 20 10 0 0 0 0 27 15 0 16 0 17 0 0 0 0 0 0 0 0 0 0 0 0 34 0 2 0 0 0 0 0 0 0 0 0 0 0 0 0 0 0 0 0 0 0 0 0 0 0 0 0 0 0 0 0 0 0 0 0 0 0 0 0 0 0 6 2 0 0 1 0 2 0 0 0 0 0 12 0 0 0 0 0 0 0 0 0 0 0 0 0 0 1 0 0 0 0 0 0 0 0 
 0 0 0 0 0 0 0 0 0 0 0 0 0 0 0 0 3 2 0 0 0 0 0 0 1 1 0 0 0 0 0 0 2 0 0 0 0 3 0 12 0 230 192 53 34 64 447 118 274 99 123 251 257 61 187 49 133 242 46 82 0 3 0 5 7 10 4 26 0 6 3 6 0 3 1 2 0 2 0 1 0 0 0 0 0 0 0 0 0 0 0 0 1 0 0 0 0 0 0 0 0 0 0 0 0 8 0 0 5 0 0 0 0 0 0 0 0 0 0 0 15 0 53 0 12 7 18 70 1 23 9 4 0 7 8 48 16 25 0 0 0 0 0 0 0 11 0 0 0 0 0 0 0 0 0 0 0 0 1 0 0 0 0 0 0 0 0 0 0 0 0 0 0 0 0 0 0 0 0 0 0 0 0 0 0 0 0 0 0 0 0 0 0 0 0 0 0 0 0 0 9 11 19 15 5 0 0 46 16 27 28 14 0 14 0 7 10 22 36 9 0 0 16 0 0 0 1 0 0 0 0 0 13 0 0 0 0 0 19 0 0 0 0 0 0 0 0 0 0 0 0 5 0 0 0 0 0 0 0 0 0 0 0 0 67 0 2 0 2 0 20 0 0 0 0 0 0 0 0 0 0 0 0 0 12 20 0 0 0 0 
 64 63 3 7 9 27 3 2 3 8 81 2 3 66 64 67 6 38 2 66 2 2 2 3 2 2 68 3 3 2 65 19 5 2 2 2 6 0 18 23 230 0 266 69 487 71 242 157 69 113 30 333 57 314 285 44 40 38 46 320 0 4 0 4 5 2 0 0 0 7 3 0 0 0 0 1 3 3 0 0 1 19 9 1 0 4 0 6 0 0 3 1 25 0 0 0 1 0 12 0 0 0 0 0 0 10 21 2 0 0 0 0 0 0 0 0 0 0 0 0 19 0 30 16 0 16 9 34 10 4 10 11 37 0 3 21 37 15 13 26 1 0 0 0 0 0 0 0 0 0 0 0 4 1 0 0 0 0 0 8 0 0 0 30 8 0 0 0 11 2 7 2 0 13 0 1 15 0 0 0 0 0 0 0 0 0 0 0 0 0 0 0 1 9 2 4 0 0 0 0 9 7 11 65 0 0 39 29 50 23 0 26 0 7 17 0 0 19 0 0 0 0 0 0 0 0 0 0 0 0 0 0 0 0 0 0 0 0 0 1 0 6 0 0 0 0 0 0 0 0 0 12 0 1 0 0 0 0 0 0 0 0 3 0 0 2 0 0 2 0 0 0 0 2 0 0 0 0 0 0 0 0 0 0 0 19 0 0 0 0 
 0 60 0 3 0 19 0 0 0 3 0 0 0 0 0 3 6 2 0 0 0 0 2 0 0 5 0 2 0 0 3 71 69 0 0 0 45 0 0 21 192 266 0 132 45 20 154 91 98 208 52 27 98 129 355 91 91 107 39 323 0 3 0 0 0 0 0 0 0 7 0 0 0 0 0 0 0 0 3 3 0 0 0 0 0 0 0 0 0 0 0 0 0 0 0 0 0 0 0 0 0 0 0 0 0 45 0 0 0 0 0 0 0 0 0 0 32 0 10 0 10 6 47 0 1 36 18 61 33 22 18 9 28 0 23 6 32 19 5 17 0 0 0 0 0 0 0 0 0 0 0 0 0 0 0 0 0 0 26 8 0 0 0 18 0 24 0 0 0 0 0 0 0 0 0 0 0 0 0 0 0 0 0 0 0 0 0 0 0 0 0 0 0 0 0 0 0 0 0 0 17 5 9 20 0 0 18 30 34 29 9 22 3 1 8 11 8 74 6 0 0 0 0 0 0 0 17 0 0 0 0 0 3 0 0 0 0 0 1 1 0 0 0 0 0 0 0 0 0 0 0 4 12 0 0 0 0 0 0 4 0 0 43 0 5 4 2 0 0 0 0 0 0 0 0 0 0 0 0 0 0 0 3 0 13 26 0 0 0 0 
 3 0 0 0 0 0 0 0 0 0 0 0 0 0 0 0 0 2 0 0 2 3 2 3 7 78 5 3 2 3 5 13 2 2 2 3 3 3 3 3 53 69 132 0 91 37 129 81 222 113 44 107 82 286 75 95 97 43 70 118 51 0 1 0 0 0 52 54 0 0 0 0 34 0 51 0 0 0 0 51 0 0 0 0 0 0 0 0 0 0 0 0 0 0 0 0 0 0 0 0 0 0 0 0 0 10 0 0 0 0 0 0 0 0 0 0 0 0 0 0 0 19 15 0 23 65 0 5 0 5 1 31 32 1 11 27 11 0 7 4 0 0 0 0 0 0 6 0 1 0 0 0 0 0 0 0 0 0 10 18 0 0 0 0 0 0 0 0 0 0 0 0 0 0 0 0 0 0 0 0 0 0 0 0 0 0 0 0 0 0 0 0 0 0 0 0 0 0 0 0 18 16 32 0 1 11 13 11 8 21 25 21 0 16 0 4 9 11 16 34 4 10 0 0 0 0 0 0 0 1 4 0 20 9 0 0 13 0 15 15 0 0 10 0 0 0 1 0 0 0 0 21 0 1 1 1 0 0 0 1 0 0 70 1 1 15 2 1 2 0 0 1 0 0 0 0 0 6 0 0 0 1 0 0 11 0 0 9 0 0 
 0 0 0 0 0 0 0 0 0 0 0 0 0 0 0 0 0 0 0 0 0 0 0 0 0 0 1 0 0 0 0 0 0 0 0 0 0 0 0 0 34 487 45 91 0 221 59 278 54 62 295 422 79 468 68 287 62 80 49 87 88 24 46 0 0 0 44 50 4 52 19 20 77 5 4 0 75 60 104 54 0 0 0 0 0 0 0 0 0 0 0 0 0 0 0 0 0 0 0 0 0 0 0 0 0 0 0 0 0 0 0 0 7 0 0 0 0 0 0 0 0 13 0 0 0 0 0 0 3 0 0 1 0 18 0 0 0 0 0 0 18 11 3 0 0 0 17 33 28 2 0 0 16 3 38 51 0 0 5 0 0 0 0 0 0 0 0 0 0 0 36 0 0 0 0 0 25 0 0 0 0 0 0 0 0 0 0 0 0 0 0 0 0 0 0 0 0 0 0 0 0 0 0 0 37 33 0 0 0 0 0 0 0 0 0 0 0 1 0 0 11 47 42 0 0 0 30 27 16 49 43 11 45 19 0 1 16 2 33 3 11 0 0 0 0 0 0 0 0 0 0 3 0 1 0 0 0 0 0 0 0 27 13 2 0 1 8 69 0 0 0 0 0 0 50 0 0 0 0 0 0 0 0 0 0 0 0 0 0 0 
 0 0 1 6 1 1 0 0 0 8 3 0 0 0 0 0 0 0 0 0 0 0 0 2 0 0 5 14 0 7 0 0 1 0 0 0 0 0 4 0 64 71 20 37 221 0 344 78 59 64 146 118 23 69 114 64 48 321 57 57 93 63 1 50 0 0 51 2 0 0 0 5 0 0 0 0 55 0 18 0 0 0 3 0 0 10 0 0 0 6 14 5 0 0 0 0 0 0 0 0 0 0 0 0 0 0 5 2 0 0 0 0 0 0 0 0 0 0 0 0 0 0 0 0 20 0 18 5 19 8 19 24 0 0 0 0 0 27 0 0 21 17 0 0 0 0 22 12 11 5 0 0 9 0 11 13 10 9 23 14 0 0 0 3 5 0 0 0 0 0 50 0 0 0 0 0 0 1 0 0 0 0 0 0 0 0 16 0 0 0 32 0 14 5 0 4 2 0 0 2 0 0 17 16 22 12 0 0 20 0 0 7 0 0 0 0 0 18 0 0 5 21 16 0 0 0 13 9 12 7 9 16 0 10 12 0 0 10 27 31 7 9 2 0 0 0 0 0 0 0 0 8 0 0 0 0 0 0 0 0 0 0 2 0 0 2 0 6 0 4 0 0 0 0 0 0 0 0 0 0 0 0 0 0 0 0 0 0 0 0 
 0 0 0 0 0 1 0 0 0 3 0 1 67 0 0 0 2 0 0 0 0 0 0 73 85 0 62 0 0 0 129 61 200 0 5 57 57 85 0 0 447 242 154 129 59 344 0 98 83 103 68 46 102 203 59 53 41 230 45 32 5 8 0 2 0 0 1 1 4 7 2 0 0 0 0 5 2 0 0 1 0 0 0 0 0 0 0 0 0 0 0 0 0 0 0 0 0 0 0 0 0 13 0 0 19 7 0 0 0 0 0 7 0 0 0 0 0 23 0 0 50 6 35 15 22 1 24 23 11 6 0 22 31 33 36 18 15 29 0 3 0 0 0 0 0 4 0 0 0 0 0 0 0 0 0 0 0 0 0 0 0 0 0 0 0 0 0 3 0 0 0 0 0 0 0 0 28 0 0 0 0 12 0 1 16 13 0 0 2 0 1 13 0 2 0 0 10 20 0 0 1 22 8 39 37 0 24 22 17 8 18 2 19 4 26 1 0 13 4 3 0 0 0 0 0 0 0 0 0 0 0 0 0 0 0 8 10 0 20 1 0 0 0 0 0 0 0 0 0 0 0 8 0 2 0 0 0 0 62 2 0 0 0 0 0 2 2 0 0 0 19 0 0 0 0 0 0 0 0 0 0 0 0 0 0 18 0 0 0 0 
 0 0 0 0 0 1 0 0 0 2 0 2 0 0 0 1 1 2 0 0 0 0 0 61 0 0 0 0 0 0 122 126 0 0 0 0 1 68 0 0 118 157 91 81 278 78 98 0 99 140 70 61 111 323 76 315 111 93 162 50 2 0 0 48 0 0 0 0 3 2 0 0 11 0 0 3 0 0 0 0 0 0 0 0 0 0 0 0 0 0 0 0 0 0 0 0 0 0 0 0 0 3 0 0 38 7 0 0 0 0 0 11 0 0 0 0 0 0 0 0 14 22 0 33 23 5 15 0 10 0 4 21 10 23 14 7 17 1 19 23 0 0 2 0 0 5 6 0 0 0 0 0 0 0 0 0 0 0 0 24 0 0 0 0 0 0 0 4 0 0 0 0 0 0 0 0 9 0 0 0 0 0 0 0 30 0 0 0 0 0 9 19 0 7 0 0 0 9 0 0 38 55 17 0 1 0 21 0 0 28 11 0 9 0 28 28 9 0 0 1 34 0 0 0 0 0 11 0 0 0 0 0 43 10 0 0 0 0 0 3 0 0 1 0 0 0 0 0 0 0 0 7 0 0 0 1 0 0 0 29 0 0 0 0 0 4 3 0 2 0 1 0 0 0 0 0 0 0 0 0 0 0 0 0 0 0 0 0 0 0 
 0 0 1 1 1 1 0 61 1 1 0 3 0 1 0 2 2 1 0 2 1 0 57 0 0 0 1 0 0 0 0 4 0 0 0 0 0 0 0 0 274 69 98 222 54 59 83 99 0 191 53 59 105 104 97 255 51 80 80 73 0 0 0 0 7 0 0 0 0 0 4 1 0 0 1 0 3 0 0 2 0 0 0 0 0 0 0 0 0 0 0 0 0 0 0 0 0 0 0 0 0 0 0 8 0 0 0 0 0 0 0 0 0 0 0 0 0 0 0 0 1 0 1 17 0 15 0 1 0 1 1 8 0 0 20 9 12 1 1 10 0 0 4 0 0 8 0 6 35 0 0 0 8 0 0 1 0 0 10 1 0 8 0 0 0 0 0 0 0 0 0 0 0 0 0 0 0 0 0 0 0 0 0 0 0 0 0 0 0 0 0 0 0 0 0 0 0 0 0 0 7 10 0 0 23 13 12 1 7 25 11 3 0 0 0 21 16 6 1 11 0 0 0 0 0 0 1 0 0 1 0 0 0 9 10 0 0 0 0 10 0 0 20 0 0 0 0 0 0 0 0 14 0 1 0 0 0 0 0 1 0 0 0 37 0 0 0 67 2 0 1 0 0 0 0 0 0 0 0 0 0 0 0 0 0 14 0 0 0 0 
 0 0 0 0 0 0 0 0 0 3 0 2 0 0 0 3 0 0 0 0 0 0 3 2 0 0 0 0 0 0 0 0 0 0 0 0 5 0 0 9 99 113 208 113 62 64 103 140 191 0 249 41 55 196 96 196 346 79 68 98 0 0 0 1 0 0 0 0 0 1 0 0 9 0 0 0 3 0 5 64 0 0 0 0 0 0 0 0 13 0 0 0 0 0 0 0 0 0 0 0 0 0 0 0 0 0 0 0 0 0 0 0 0 0 0 0 0 0 0 0 0 47 23 16 15 5 13 13 4 10 10 32 14 0 16 7 11 4 0 0 0 0 10 0 0 4 0 0 0 0 0 0 0 4 10 0 0 0 23 0 0 0 0 0 0 0 0 0 0 0 0 0 0 0 0 0 0 0 0 0 0 0 0 0 0 0 0 0 0 0 0 0 0 0 0 0 0 0 0 0 33 11 19 30 11 34 0 13 20 0 35 16 0 0 18 0 0 40 0 0 43 22 0 0 0 0 20 3 0 0 0 0 11 3 0 0 0 0 10 14 0 0 0 0 0 0 0 0 33 0 0 4 0 0 0 1 0 0 2 9 0 0 0 0 0 0 0 2 0 0 5 0 0 0 0 0 0 0 0 0 0 0 0 21 0 15 0 20 0 0 
 5 4 3 5 5 3 5 3 5 5 4 5 4 4 4 5 7 3 18 4 1 1 3 1 2 1 2 2 1 2 2 1 5 0 2 0 2 2 2 2 123 30 52 44 295 146 68 70 53 249 0 163 25 286 69 106 152 152 34 42 0 0 0 2 2 2 0 209 0 3 0 2 2 0 50 0 0 0 0 2 0 0 0 0 0 0 0 0 0 0 0 0 0 0 0 0 0 0 0 0 0 0 0 0 0 0 0 0 0 0 0 0 0 0 0 0 0 0 0 0 0 11 10 39 22 0 8 7 7 11 11 20 0 0 0 0 0 10 0 0 0 0 0 0 0 1 7 7 0 0 0 0 10 0 0 0 0 0 11 0 0 0 0 0 0 0 0 0 0 0 0 0 0 0 0 0 0 0 0 0 0 0 0 0 0 0 0 0 0 0 0 0 0 0 0 0 0 0 0 0 12 13 16 10 7 12 0 0 0 0 20 14 0 0 0 0 27 10 0 0 5 0 0 0 0 0 9 0 0 0 0 0 11 51 19 0 0 0 6 42 0 0 0 0 0 0 0 0 1 0 0 11 0 0 0 0 0 2 0 6 0 0 0 36 1 0 2 0 0 0 10 0 0 0 0 0 0 0 0 0 0 0 0 0 0 3 0 0 0 0 
 3 0 1 0 0 0 1 0 0 1 0 0 0 0 0 0 0 0 0 0 6 10 3 4 7 3 5 3 3 3 3 3 6 3 10 4 3 0 3 3 251 333 27 107 422 118 46 61 59 41 163 0 55 458 102 99 54 92 54 244 105 0 56 0 0 0 52 63 0 0 0 1 3 0 50 0 0 0 0 25 0 0 0 0 0 0 0 0 0 0 0 0 0 0 0 0 0 0 0 0 1 0 0 0 16 0 0 0 0 0 1 0 0 0 0 0 0 1 0 0 4 0 0 10 0 15 6 0 0 0 0 0 0 6 0 0 0 0 2 0 20 0 0 0 0 0 0 38 22 6 0 0 30 0 1 29 0 0 18 9 0 0 0 0 0 0 0 0 0 0 0 0 0 0 0 0 0 0 0 0 0 0 0 0 6 3 0 1 9 4 3 0 0 0 0 0 0 16 0 0 0 0 3 0 21 18 0 0 4 0 1 3 0 1 0 0 22 0 0 0 0 0 0 0 0 0 35 20 34 17 30 0 9 27 23 0 5 3 18 23 37 0 38 0 0 0 0 0 0 0 0 9 0 0 0 0 0 0 2 11 0 0 69 9 0 10 3 71 0 0 0 0 0 0 0 0 0 0 0 0 0 6 0 0 0 0 0 0 0 0 
 0 0 0 0 0 0 0 0 0 0 0 63 0 0 0 0 4 2 0 0 8 35 26 78 65 62 0 0 136 123 2 66 4 2 21 7 43 28 0 0 257 57 98 82 79 23 102 111 105 55 25 55 0 92 268 39 244 34 345 104 3 0 2 2 0 0 0 2 16 0 0 0 1 5 2 2 0 0 5 0 0 0 0 0 0 0 0 0 0 0 0 0 0 0 0 0 0 0 0 0 7 0 21 2 50 10 0 0 0 20 38 8 0 6 0 8 0 69 0 0 34 18 0 0 0 0 0 0 0 0 0 0 9 12 0 10 0 12 25 7 0 1 0 0 0 0 0 0 0 0 0 0 0 0 0 0 7 0 0 0 0 0 0 0 0 0 0 0 0 14 0 0 0 0 3 0 0 0 0 0 0 0 27 10 22 5 0 7 40 26 51 21 0 0 0 0 10 6 0 0 14 0 0 0 0 0 17 1 2 0 0 0 24 13 9 21 0 0 8 12 0 0 0 0 0 0 0 0 0 0 15 0 0 0 0 0 0 0 0 0 0 15 8 0 0 0 0 0 0 0 0 4 0 0 0 1 0 102 3 9 0 0 0 0 1 2 1 0 0 0 0 0 0 0 0 0 0 0 0 0 0 18 0 0 0 7 0 0 0 0 
 0 0 0 0 0 21 0 0 0 0 0 0 0 0 0 0 0 0 0 0 0 0 0 0 25 0 0 0 1 0 126 91 2 0 0 0 1 67 0 0 61 314 129 286 468 69 203 323 104 196 286 458 92 0 200 46 83 140 188 74 0 0 0 0 1 5 2 5 0 9 5 0 1 0 0 5 0 0 4 0 0 0 0 0 0 0 0 0 0 0 0 0 0 0 0 0 0 0 0 0 0 2 0 0 24 3 0 0 0 0 0 9 0 0 0 0 0 0 0 0 13 10 0 12 38 0 38 5 59 9 38 28 20 19 2 3 10 14 19 8 0 0 0 0 0 0 0 0 0 0 0 0 33 0 0 0 0 0 0 1 0 0 0 0 0 0 0 4 0 0 0 0 0 0 0 0 8 0 0 0 0 0 0 0 28 0 0 0 0 0 0 13 0 0 0 0 0 1 0 0 15 28 29 16 49 0 2 0 27 0 0 30 0 0 36 14 0 17 0 0 13 0 0 0 0 0 21 4 0 0 0 0 0 0 0 0 0 0 18 12 0 0 0 0 0 0 0 0 0 0 0 16 0 0 0 0 0 0 0 63 0 0 0 0 0 1 2 0 0 0 0 0 0 0 0 0 0 0 0 0 0 0 0 0 0 0 0 0 0 0 
 0 0 0 0 0 65 103 0 0 65 2 0 0 87 0 0 0 0 0 0 57 66 4 3 3 3 3 4 3 3 67 126 25 3 4 3 3 64 3 4 187 285 355 75 68 114 59 76 97 96 69 102 268 200 0 99 68 32 415 168 1 5 0 0 0 0 3 2 0 1 0 0 0 0 3 8 6 0 0 23 0 0 0 0 11 0 0 0 0 0 0 0 0 0 0 0 0 0 0 0 0 0 0 0 15 11 0 0 0 4 0 7 0 17 16 0 0 0 0 11 9 0 27 0 13 0 25 28 0 2 18 0 1 22 0 51 10 24 24 0 2 0 0 0 0 0 0 0 0 4 4 12 0 1 0 0 3 1 0 0 0 6 0 0 0 1 0 22 0 0 0 0 0 0 0 0 5 0 0 0 11 0 19 0 21 0 12 9 0 0 0 38 15 0 12 0 0 23 0 0 0 18 0 1 4 0 0 12 35 53 0 0 0 15 4 24 13 6 2 9 0 0 0 3 0 2 0 7 0 0 5 0 0 0 0 1 0 0 0 0 0 0 0 0 0 0 0 0 0 0 0 4 0 0 0 0 0 0 0 10 0 0 0 0 64 0 5 0 0 0 5 0 0 0 0 17 0 0 0 0 0 0 0 0 12 21 0 0 0 0 
 0 0 0 0 0 0 0 0 0 0 0 0 66 0 0 0 0 2 0 0 0 0 0 0 0 107 0 0 0 0 0 0 0 0 0 0 0 0 0 0 49 44 91 95 287 64 53 315 255 196 106 99 39 46 99 0 83 90 30 233 0 0 0 0 11 4 0 0 0 2 12 0 4 0 0 0 0 0 0 51 0 0 0 0 0 0 0 0 0 12 0 0 0 0 0 0 0 0 0 0 0 0 0 0 0 13 0 0 0 0 0 0 0 0 0 2 0 0 0 0 0 24 38 10 25 7 0 0 1 18 3 47 8 0 21 27 23 0 0 10 0 0 26 0 0 23 8 0 2 0 0 0 0 0 0 0 0 0 15 16 0 45 0 0 5 0 0 0 0 0 0 0 0 0 0 18 0 0 0 0 0 0 0 0 0 0 0 13 0 0 0 0 0 0 0 0 0 0 0 7 32 49 9 0 1 16 14 40 20 32 22 7 0 22 0 31 24 21 9 0 1 12 0 0 0 0 0 0 0 0 0 0 11 14 0 0 0 0 7 38 0 0 11 0 0 0 0 0 0 0 0 14 0 0 1 0 0 0 0 1 0 0 0 0 2 8 2 1 0 0 0 0 0 0 0 0 0 0 0 0 0 0 0 0 0 13 0 10 0 0 
 0 1 0 0 0 0 0 0 0 3 0 0 0 0 0 0 0 0 0 0 0 0 0 0 0 2 0 0 0 0 0 0 0 0 0 0 64 0 0 22 133 40 91 97 62 48 41 111 51 346 152 54 244 83 68 83 0 115 45 32 51 0 0 0 0 0 19 53 0 1 0 0 1 0 49 0 0 0 0 0 0 0 0 0 0 0 0 0 0 0 0 0 0 0 0 0 0 0 0 0 0 0 0 8 0 0 0 0 0 0 0 0 0 0 0 0 0 0 0 0 0 22 12 14 10 24 9 34 13 3 45 0 15 8 6 34 0 8 0 0 0 0 0 0 0 0 0 6 0 0 0 0 0 0 0 0 0 0 25 0 0 0 0 0 0 0 0 0 0 0 0 0 0 0 0 0 0 0 0 0 0 0 0 0 0 0 0 0 0 0 0 0 0 0 0 0 0 0 0 0 19 1 14 0 5 12 0 16 9 20 13 18 10 10 20 7 20 0 0 9 20 0 0 0 0 0 8 0 0 0 3 0 15 32 0 0 13 0 0 24 0 0 0 0 0 0 0 0 0 0 0 2 8 1 0 0 0 0 0 1 0 0 69 1 62 2 2 0 0 0 0 0 0 0 0 0 0 0 0 0 0 0 4 0 28 0 0 0 0 0 
 2 0 0 0 2 0 0 0 0 2 1 0 0 0 0 1 0 2 0 0 0 0 0 0 0 0 0 0 0 0 0 2 3 0 0 2 0 0 0 0 242 38 107 43 80 321 230 93 80 79 152 92 34 140 32 90 115 0 257 22 59 3 2 2 0 47 9 0 6 1 4 0 53 0 6 0 0 0 0 1 0 0 0 0 0 0 0 0 0 0 0 0 0 0 0 0 0 0 0 0 0 0 0 0 0 0 0 0 0 0 0 0 0 0 0 0 0 0 0 0 0 25 0 33 1 21 0 0 29 0 29 2 24 0 2 0 0 0 0 0 20 5 1 1 0 0 11 19 11 0 0 0 9 1 0 15 11 0 57 8 0 0 0 0 0 0 0 0 0 0 0 0 0 0 0 0 0 0 0 0 0 0 0 0 0 0 0 0 0 0 0 0 0 0 0 0 0 0 0 0 6 0 1 23 0 16 0 0 19 0 2 10 0 0 11 0 6 0 0 0 11 54 4 0 0 0 15 0 9 0 1 2 10 11 20 0 0 0 13 20 0 0 0 0 0 1 0 0 0 0 0 4 0 0 0 0 0 0 0 7 0 0 0 34 0 1 1 2 0 0 0 0 0 0 0 0 0 0 0 0 0 0 0 0 7 15 0 1 0 0 
 0 0 29 0 0 0 0 0 0 0 0 0 0 0 0 0 6 0 0 0 3 25 68 101 65 90 5 3 65 27 3 93 3 4 3 4 211 29 3 3 46 46 39 70 49 57 45 162 80 68 34 54 345 188 415 30 45 257 0 405 1 0 51 0 0 0 0 0 8 0 0 0 0 5 0 0 1 0 0 0 0 0 0 20 0 0 0 0 0 0 0 0 0 0 0 0 0 0 0 0 0 0 19 12 46 19 0 0 0 22 8 9 0 0 0 0 0 0 0 3 38 0 0 7 0 0 10 0 1 0 0 0 0 4 0 1 0 10 72 19 0 0 8 0 0 0 0 0 0 0 0 0 0 0 0 0 0 0 0 0 0 0 0 0 0 0 0 1 0 0 0 0 0 0 2 0 0 0 0 0 0 0 0 3 21 9 0 0 22 13 14 17 0 0 0 0 0 16 0 0 0 0 1 0 0 0 55 10 0 10 0 0 18 0 56 30 37 0 4 12 0 0 0 0 0 0 0 0 0 0 0 0 0 0 0 0 0 0 0 0 0 0 0 0 0 0 0 0 0 0 0 3 0 0 0 0 0 0 0 29 0 0 2 0 0 0 1 0 0 2 1 0 0 0 0 0 0 0 0 0 0 0 0 0 0 11 1 0 0 0 
 0 0 0 0 0 0 0 0 0 0 0 0 0 33 0 0 3 0 0 0 5 25 28 30 65 4 2 0 73 67 5 46 200 0 0 33 0 26 4 1 82 320 323 118 87 57 32 50 73 98 42 244 104 74 168 233 32 22 405 0 0 0 0 0 0 0 0 0 8 0 0 0 0 5 0 0 0 0 1 0 0 0 0 0 0 0 0 0 0 0 0 0 0 0 0 0 0 0 0 0 0 1 42 0 1 1 0 0 0 22 3 12 0 0 0 0 0 0 0 0 15 1 25 6 12 1 0 0 0 0 0 14 0 0 27 20 19 10 9 15 0 0 1 0 2 3 13 0 0 0 0 0 0 0 0 0 0 0 0 11 0 0 0 0 0 0 0 0 0 0 0 0 0 0 0 0 0 0 0 0 0 0 40 9 0 0 0 0 25 16 18 2 0 0 0 0 8 20 0 0 7 10 0 12 0 0 28 33 0 19 0 0 14 17 0 16 1 12 4 13 0 0 0 0 0 0 0 0 0 0 0 0 0 0 0 0 0 0 15 0 0 0 0 0 0 0 0 0 0 0 0 8 0 2 0 0 0 63 0 0 0 0 0 0 2 16 0 0 0 0 1 0 0 0 0 0 0 0 0 0 0 0 0 0 0 7 0 0 2 0 
 0 0 0 0 0 0 0 0 0 0 0 0 0 0 0 0 2 1 0 0 0 0 0 0 42 36 0 0 0 0 0 0 0 0 0 0 0 0 0 0 0 0 0 51 88 93 5 2 0 0 0 105 3 0 1 0 51 59 1 0 0 200 82 45 46 32 225 102 321 21 234 74 311 34 213 24 80 17 43 95 0 0 0 0 0 0 0 0 0 0 0 0 0 18 0 0 0 0 0 0 0 0 0 0 0 0 0 0 0 0 0 0 0 0 0 0 0 0 0 0 0 0 0 0 0 0 0 0 0 0 0 0 0 0 0 0 0 0 0 0 52 28 14 0 0 0 13 10 29 5 0 0 1 11 16 39 9 0 12 5 0 0 0 0 0 0 0 0 0 0 7 0 0 0 0 0 0 0 0 0 0 0 0 0 0 0 0 0 0 0 0 0 0 0 0 0 0 0 0 0 0 0 0 0 29 30 0 0 0 0 0 0 0 0 0 0 0 0 0 0 13 17 15 0 2 0 1 3 36 20 19 9 11 20 5 0 32 0 20 14 12 0 0 0 0 0 0 0 0 0 0 0 0 0 11 0 0 0 0 0 0 0 22 0 0 0 0 53 0 0 0 0 0 0 2 2 0 0 0 0 0 0 0 0 0 0 0 0 0 0 
