 0 140 159 163 135 368 405 371 243 51 370 137 339 288 136 128 201 118 126 360 3 2 0 3 3 3 0 0 0 2 3 5 3 2 2 8 0 5 4 1 0 5 2 0 48 2 3 2 0 3 3 2 4 1 37 3 3 0 0 0 0 2 0 2 3 16 0 0 5 0 1 0 0 0 3 10 0 2 5 1 20 42 38 11 0 16 5 35 8 2 14 22 26 55 31 44 55 4 0 14 0 0 0 0 0 0 0 0 0 0 0 0 0 0 0 0 0 0 0 1 0 0 0 0 0 0 0 0 0 0 18 0 0 0 0 0 0 0 0 0 0 0 0 17 0 0 0 0 3 0 0 0 0 0 0 0 0 0 7 0 74 13 21 16 20 2 19 25 60 48 15 0 14 25 30 30 41 23 0 29 0 0 0 0 0 0 0 0 0 0 0 0 0 0 0 0 0 0 0 0 0 0 0 0 0 0 0 0 0 0 0 0 0 0 0 0 0 0 0 0 0 0 0 0 0 0 0 0 0 0 0 6 0 0 0 0 0 0 0 0 0 0 0 0 0 2 92 2 2 91 0 0 0 0 0 0 0 0 0 0 0 0 1 0 0 0 0 0 0 0 0 0 0 0 0 9 2 0 0 0 0 0 0 0 0 0 0 0 0 0 
 140 0 170 152 295 539 239 294 168 141 68 214 160 311 163 42 244 36 28 28 4 66 0 1 1 2 0 2 13 2 3 0 74 2 2 76 0 0 40 2 0 3 2 0 0 0 0 2 63 0 3 0 0 0 18 3 0 0 0 0 0 39 0 2 0 3 0 0 3 0 0 0 0 0 7 0 0 2 0 0 15 37 35 41 25 27 0 14 40 14 25 3 2 40 10 5 67 33 8 27 0 0 0 0 0 0 0 0 0 0 0 0 12 0 0 0 0 0 0 14 0 0 0 0 0 0 0 0 0 0 0 0 0 0 0 0 0 0 0 0 0 3 0 0 0 0 0 0 5 0 0 0 0 2 0 0 0 0 0 0 17 11 10 21 34 11 0 0 22 11 41 2 0 12 10 27 8 20 0 0 22 0 23 0 0 0 19 0 0 0 0 0 0 0 0 11 0 0 14 0 0 0 0 0 0 0 0 0 0 0 0 2 0 0 0 0 0 0 0 0 0 0 0 0 0 0 0 1 0 0 0 0 0 0 0 1 0 0 0 0 0 20 0 0 0 0 89 0 0 139 0 7 0 0 0 0 0 0 0 0 0 11 14 0 0 0 0 0 0 0 0 0 0 0 0 14 13 27 0 0 0 0 0 0 0 0 0 0 0 2 
 159 170 0 290 41 40 305 504 508 274 39 200 266 173 141 559 507 50 57 367 6 0 2 78 0 2 100 0 0 2 3 0 0 76 2 2 0 0 2 76 0 0 2 0 0 0 0 2 0 0 3 4 0 0 0 3 0 0 0 0 0 0 12 2 0 1 0 0 3 0 0 0 2 0 5 0 0 2 1 0 13 0 39 0 10 0 21 0 0 27 18 41 29 0 30 21 0 17 1 28 0 0 0 0 0 0 0 0 0 0 0 14 7 0 0 7 0 0 25 37 0 0 0 0 1 0 0 0 0 0 0 0 1 15 0 0 0 0 2 0 0 0 0 1 0 0 0 0 0 4 0 0 0 0 0 0 0 0 0 0 40 10 1 9 0 0 53 35 25 34 21 0 20 23 24 10 2 16 0 0 14 0 0 0 0 0 15 2 0 0 0 2 0 0 19 2 0 0 7 0 0 0 0 0 0 0 0 0 0 0 1 0 0 0 0 0 0 0 0 0 0 0 0 0 0 0 0 0 0 0 0 0 0 0 0 0 0 0 0 0 0 0 0 0 0 0 2 0 2 1 0 9 0 0 0 0 0 0 0 0 0 0 0 0 0 0 0 0 0 0 0 0 0 0 0 25 13 0 0 0 0 0 0 0 0 0 0 0 0 0 
 163 152 290 0 306 27 77 523 89 105 160 112 177 458 594 218 454 44 65 119 22 0 2 4 0 8 81 76 3 5 3 0 146 83 5 7 0 0 79 97 0 0 7 0 48 0 0 7 0 2 3 3 3 0 2 3 0 0 0 0 0 3 17 3 0 0 0 0 7 0 0 0 4 0 3 0 0 2 0 3 9 1 27 0 1 0 0 21 3 10 18 33 18 22 28 36 0 0 0 20 14 14 0 14 0 0 62 0 0 0 0 0 11 11 0 13 1 1 35 27 0 0 0 0 0 0 0 0 0 0 0 0 0 11 0 0 0 0 0 0 0 0 3 0 0 0 0 0 0 3 1 0 24 0 4 0 0 0 0 0 50 21 15 0 0 0 41 22 34 61 16 10 14 10 9 34 0 1 0 0 0 0 0 0 0 0 28 18 0 0 2 0 0 0 19 0 0 0 3 10 0 0 0 0 0 2 0 0 0 0 0 0 1 0 0 0 0 8 0 0 0 0 0 0 0 0 0 0 0 0 0 0 0 0 0 1 0 0 0 1 0 0 0 0 0 7 0 0 0 2 0 3 0 0 0 0 0 0 0 0 0 0 0 0 0 0 0 0 0 0 0 0 0 1 0 0 13 0 0 0 0 0 0 0 0 2 0 0 0 0 
 135 295 41 306 0 227 63 54 131 151 244 508 68 100 273 278 348 57 52 86 76 25 0 1 0 2 75 103 0 2 3 0 138 3 2 1 1 2 101 157 0 5 2 0 1 0 64 2 0 0 3 0 0 0 12 3 0 0 0 7 0 0 12 2 0 0 0 1 3 0 0 0 2 0 3 0 0 2 2 0 35 20 1 13 46 14 0 12 12 45 39 29 0 10 1 18 11 0 0 18 14 16 0 0 0 1 17 0 0 0 0 0 32 11 1 14 15 2 35 58 0 0 0 0 0 0 0 0 2 0 0 0 0 11 0 0 0 0 0 0 0 0 3 0 0 0 0 0 0 0 0 0 0 0 3 0 0 0 0 0 0 0 13 2 0 12 3 11 2 0 15 22 0 0 0 16 0 1 0 0 0 0 10 0 0 0 30 19 0 0 0 0 9 16 20 0 0 0 20 2 0 0 18 0 0 0 0 1 0 0 0 0 0 0 0 0 0 0 0 0 0 0 0 0 0 0 0 0 0 0 0 0 0 0 0 0 0 0 0 0 0 25 0 0 0 2 1 0 1 3 2 0 0 0 0 0 0 0 0 0 0 0 18 0 0 0 0 0 0 2 0 0 0 0 0 0 1 0 0 0 0 0 0 0 0 0 0 0 0 0 
 368 539 40 27 227 0 56 33 56 61 87 441 41 55 140 175 82 105 147 70 3 2 0 1 1 2 1 103 0 3 77 0 76 2 2 0 1 0 0 25 4 0 2 0 0 0 0 2 0 0 3 0 0 0 0 3 0 0 0 1 0 0 4 2 0 0 0 0 3 0 0 0 0 0 3 0 0 2 0 0 19 21 0 0 43 0 0 28 9 17 0 34 0 39 0 20 11 1 0 0 17 0 0 0 0 16 30 0 0 0 0 1 8 20 0 2 11 35 0 14 0 0 0 0 14 0 0 2 0 0 0 2 0 0 0 0 0 0 0 0 0 0 2 5 0 0 0 0 7 1 0 0 0 0 0 0 0 0 0 0 0 0 17 1 0 7 0 11 0 17 20 22 0 19 16 0 13 9 21 14 22 16 0 0 1 0 0 0 1 52 0 0 2 9 13 37 0 0 25 29 0 0 0 0 0 0 0 2 0 0 0 0 0 0 0 19 0 0 0 0 1 0 0 0 0 0 0 0 0 2 0 0 0 0 0 0 0 0 0 0 0 0 0 0 0 1 180 1 8 1 1 0 4 0 0 0 0 0 1 0 18 0 0 0 0 0 0 0 0 0 0 0 0 0 0 9 0 0 0 0 0 0 0 0 0 0 0 0 0 0 
 405 239 305 77 63 56 0 205 214 29 84 26 162 55 102 61 86 216 441 479 3 0 0 1 0 7 0 0 2 2 4 7 0 4 2 1 3 5 0 0 0 2 2 0 6 3 0 2 0 0 3 2 0 0 3 5 6 2 0 0 0 0 0 4 4 8 0 0 55 0 0 0 0 0 3 0 2 2 2 0 16 15 17 11 0 7 2 0 17 0 12 0 17 10 32 42 17 17 45 26 0 0 0 0 0 0 0 0 0 0 0 0 0 0 0 0 2 0 0 0 0 0 0 0 0 0 0 1 0 0 0 0 0 0 0 0 0 0 0 0 0 0 0 0 0 0 0 2 0 7 0 0 0 0 0 0 0 0 0 0 0 2 6 0 0 32 18 0 21 6 0 0 0 29 14 4 24 11 1 20 5 0 0 0 0 0 0 0 0 0 0 0 0 0 0 0 7 0 0 0 0 0 0 0 0 0 0 0 0 0 0 0 0 0 0 0 0 0 0 0 1 0 0 0 0 3 0 0 0 17 0 0 0 0 0 0 0 0 0 0 0 0 0 0 0 1 0 2 0 2 0 15 24 0 0 0 0 0 0 0 0 0 0 0 0 0 0 0 0 0 0 0 0 0 0 0 0 0 0 0 0 0 0 0 0 0 0 0 0 0 
 371 294 504 523 54 33 205 0 227 199 153 60 158 175 78 493 59 47 75 209 5 0 0 1 0 2 0 0 0 2 3 0 3 2 2 2 64 0 0 0 0 0 2 0 1 0 0 2 0 33 3 5 0 0 0 3 0 0 0 0 0 0 0 2 0 1 0 0 3 0 0 0 0 0 3 0 0 2 2 0 0 13 35 10 10 15 0 17 14 0 7 15 5 77 22 26 38 40 0 11 0 0 0 0 0 0 0 0 0 2 0 0 0 0 0 0 0 0 14 0 0 0 0 0 0 0 0 0 0 0 0 0 0 0 0 0 0 0 0 0 0 7 0 0 0 0 2 0 13 0 2 0 0 0 0 0 0 0 0 0 28 18 26 28 23 1 18 46 23 29 84 0 0 0 4 12 0 30 0 0 65 0 0 0 0 0 16 0 0 0 1 0 0 0 0 0 0 0 9 0 0 0 0 0 0 0 0 0 0 0 0 0 0 0 0 0 0 0 0 0 0 0 0 0 0 0 0 0 0 0 0 0 0 0 0 14 0 0 0 2 0 0 0 0 0 3 3 0 100 179 2 9 2 0 0 0 0 0 2 0 0 0 0 0 0 0 0 1 0 0 0 0 0 2 0 14 12 16 0 0 0 0 0 0 0 1 0 0 0 0 
 243 168 508 89 131 56 214 227 0 102 112 83 79 299 319 64 128 401 90 172 77 0 0 1 0 2 92 0 0 80 3 0 73 76 2 2 0 0 0 0 0 2 9 0 2 0 0 2 0 3 3 0 0 0 0 3 0 0 0 9 0 0 1 3 0 0 0 0 7 0 0 0 2 0 3 2 0 2 3 4 18 1 10 11 21 8 1 17 8 30 27 46 0 32 20 43 18 30 8 32 0 0 0 0 0 0 0 0 0 0 0 0 0 0 0 2 0 0 1 10 0 0 0 0 0 0 0 0 0 0 0 0 0 0 0 0 0 2 0 0 0 0 0 0 0 0 0 0 0 4 2 0 0 0 0 0 0 0 0 0 30 4 15 51 10 2 7 30 10 8 3 25 0 0 0 15 8 27 0 0 16 0 0 0 0 0 54 4 20 0 0 0 0 0 16 0 0 0 0 1 0 0 0 2 0 0 0 9 0 0 0 0 0 0 0 0 0 0 0 0 0 0 0 0 0 0 0 0 0 0 8 0 0 0 0 0 0 0 13 0 0 21 0 0 0 2 2 0 1 87 0 7 0 26 0 0 0 0 0 0 0 0 0 0 0 0 0 0 0 0 0 0 0 0 0 15 12 0 0 0 0 0 0 0 0 1 0 0 0 0 
 51 141 274 105 151 61 29 199 102 0 116 339 44 135 225 316 137 67 49 98 4 0 0 1 0 3 36 0 0 2 3 1 82 3 2 2 1 0 39 2 0 5 2 0 1 0 0 2 61 0 38 0 0 0 12 3 47 0 0 0 0 0 0 2 32 4 0 0 3 0 0 0 0 0 3 0 0 2 2 0 28 68 30 63 16 14 11 12 51 15 23 0 0 20 7 0 37 30 0 0 8 0 0 20 0 0 0 0 0 0 0 0 10 0 20 0 0 0 0 0 0 0 0 0 0 0 0 0 0 0 0 0 0 0 0 0 0 0 0 0 0 16 0 0 0 3 0 0 6 0 0 0 0 0 0 0 0 0 0 0 0 0 10 69 43 19 0 0 19 0 10 0 0 0 0 26 12 16 0 2 23 0 0 0 0 0 32 0 0 0 0 0 37 0 0 0 0 0 16 10 0 0 0 0 0 0 0 0 2 7 0 0 8 0 0 0 0 0 0 0 0 0 0 0 0 0 0 0 0 2 0 0 0 0 0 2 0 0 0 0 0 27 0 0 0 0 86 0 1 93 12 0 0 0 0 0 0 0 0 0 0 0 15 0 0 0 0 0 0 0 0 0 0 0 0 19 0 7 0 0 0 0 0 0 0 0 0 0 0 0 
 370 68 39 160 244 87 84 153 112 116 0 91 23 36 460 200 327 445 111 73 4 0 0 1 0 2 37 73 0 1 3 0 75 3 2 1 0 0 57 76 0 3 2 0 2 0 0 2 0 0 35 0 0 0 11 3 0 0 0 6 0 0 0 3 0 0 0 0 2 0 0 0 0 0 3 0 0 2 3 0 15 16 0 18 21 30 0 14 8 14 25 12 0 3 17 29 36 0 10 0 22 12 0 0 0 0 28 13 0 0 0 0 14 6 15 0 0 0 0 0 0 0 0 0 0 0 0 0 0 0 0 0 0 12 0 0 0 0 0 0 0 0 0 0 0 0 0 0 0 0 0 0 0 0 1 0 0 0 0 0 0 0 15 9 0 27 7 0 1 10 0 19 0 18 9 17 16 0 0 13 0 0 10 0 0 0 28 17 0 0 0 0 14 14 0 0 0 0 0 21 0 0 0 0 0 0 0 0 0 0 14 0 16 0 0 0 0 0 0 0 0 0 0 0 0 0 0 0 0 0 0 0 9 0 0 0 0 0 36 0 0 18 0 0 0 9 2 2 2 48 10 9 16 0 0 0 0 0 0 0 0 0 14 0 0 0 0 0 0 0 0 0 0 0 0 0 0 0 0 0 0 0 0 0 0 0 0 0 0 0 
 137 214 200 112 508 441 26 60 83 339 91 0 58 357 36 253 79 314 21 41 4 1 0 2 0 2 19 75 1 4 5 0 4 77 2 4 1 2 76 38 4 0 4 3 2 0 0 2 3 0 3 2 3 2 3 5 0 2 0 0 6 0 3 3 0 3 0 6 4 4 0 2 2 0 3 0 0 5 3 1 0 0 45 11 11 0 0 16 2 0 6 32 0 24 7 15 0 44 0 10 14 0 0 0 0 0 3 0 0 0 0 12 9 12 0 17 0 33 16 28 0 0 0 0 0 0 0 0 0 2 1 0 0 0 0 0 0 0 0 0 0 5 0 1 0 0 0 0 0 0 0 0 0 0 0 0 0 0 0 0 8 13 27 37 38 4 0 11 10 10 57 0 0 0 0 7 10 19 0 0 14 4 0 0 0 0 36 2 1 0 0 0 0 8 56 16 12 0 23 19 0 0 0 0 0 0 0 25 0 0 0 0 0 16 2 0 0 0 0 0 0 0 0 0 0 0 0 0 0 0 0 0 0 0 0 15 0 0 0 14 0 0 0 0 0 2 94 2 6 0 1 12 5 0 0 0 0 0 0 0 0 0 3 0 0 0 0 0 0 0 2 0 0 0 0 14 29 34 0 0 0 0 0 0 0 0 0 0 0 0 
 339 160 266 177 68 41 162 158 79 44 23 58 0 470 215 51 78 44 66 136 9 0 25 0 0 2 0 0 2 33 3 2 17 4 33 1 2 0 0 0 0 0 2 0 2 0 0 2 0 0 3 46 5 0 0 3 0 0 0 0 0 0 0 3 0 0 0 0 2 0 0 0 25 0 3 0 1 2 3 0 6 0 19 0 0 0 9 0 0 0 0 0 54 0 36 1 0 8 7 17 0 0 0 0 0 0 0 0 0 0 0 0 0 0 0 0 0 0 0 0 0 0 0 0 1 0 0 0 0 0 0 0 0 0 0 0 0 0 2 0 0 0 0 0 0 0 0 0 0 0 0 0 0 0 0 0 0 0 0 0 8 19 0 0 0 0 42 16 7 17 10 0 1 10 24 19 0 22 12 0 0 0 0 0 0 0 0 0 0 0 0 0 2 0 0 0 0 0 0 0 0 0 0 0 0 0 14 0 0 0 1 0 0 0 13 0 0 0 0 0 0 0 0 0 0 0 0 14 0 0 0 0 0 0 0 0 0 0 0 0 0 0 0 0 0 0 0 1 0 0 2 2 0 0 0 0 0 0 17 0 0 0 0 0 0 0 0 0 0 0 0 0 0 0 0 0 11 0 0 0 0 0 0 0 0 0 0 0 0 0 
 288 311 173 458 100 55 55 175 299 135 36 357 470 0 758 192 135 38 191 125 5 2 0 0 2 2 0 3 3 2 3 0 0 2 2 1 0 0 1 0 0 2 2 0 2 0 5 2 0 0 3 0 0 0 3 3 0 0 0 0 1 0 0 6 0 0 0 2 95 14 0 0 0 0 3 0 4 2 3 0 16 22 36 37 0 0 30 32 0 36 0 1 36 2 14 12 12 13 0 32 2 0 0 0 0 0 0 0 0 0 0 0 0 0 0 0 0 0 0 0 0 0 0 0 0 0 2 0 0 0 0 0 0 0 0 0 0 0 0 0 0 0 0 6 0 0 0 0 0 14 1 0 0 0 0 0 0 0 0 0 47 31 0 0 0 1 0 10 10 42 0 0 3 34 10 44 5 8 1 21 0 0 0 0 0 0 0 0 2 0 0 0 0 0 0 0 13 0 0 0 2 0 0 0 0 0 0 0 0 0 0 0 0 0 0 0 0 0 0 0 0 0 0 0 0 0 0 0 0 0 0 0 0 0 0 0 0 0 0 0 0 2 0 0 0 2 6 2 1 2 1 10 0 0 0 2 0 0 0 0 0 0 0 0 0 0 0 0 0 0 7 0 0 0 0 0 2 0 0 0 0 0 0 0 0 2 0 0 0 0 
 136 163 141 594 273 140 102 78 319 225 460 36 215 758 0 301 87 364 228 525 3 0 0 2 2 2 7 0 0 2 3 0 2 2 2 2 0 0 76 0 0 2 2 0 0 0 0 2 0 0 3 0 0 0 13 3 2 0 0 0 3 5 0 2 0 0 0 0 3 0 0 0 0 0 3 1 13 2 1 0 19 12 15 0 12 12 25 38 48 78 0 44 33 23 13 0 28 21 0 14 0 0 0 0 2 0 0 0 0 0 1 0 15 0 2 1 0 2 0 21 0 0 0 0 0 0 0 0 0 0 0 0 0 5 0 0 1 0 0 12 0 0 12 2 0 0 0 0 0 7 0 0 10 0 0 2 0 0 0 0 17 18 15 2 1 23 11 42 3 8 0 0 27 36 24 26 10 16 0 26 0 1 0 0 0 0 0 9 0 0 0 0 12 0 0 0 0 0 27 0 0 0 0 0 0 0 0 0 1 0 0 0 0 0 0 0 0 0 0 0 0 0 0 13 0 0 1 0 0 0 0 0 0 0 0 0 0 0 0 0 0 1 0 0 0 2 3 3 0 87 3 3 0 0 0 0 0 0 0 0 0 0 10 0 0 0 0 0 0 1 0 0 0 0 11 7 0 0 0 0 0 0 0 0 0 0 0 0 0 0 
 128 42 559 218 278 175 61 493 64 316 200 253 51 192 301 0 499 365 230 189 3 0 3 2 3 2 1 0 0 2 5 45 83 2 2 1 0 2 0 0 0 0 5 0 1 0 0 5 2 0 3 4 3 2 0 3 0 0 0 0 0 0 0 2 50 3 0 0 3 0 33 0 0 0 3 0 4 2 47 0 34 3 0 33 6 0 27 25 0 80 15 14 21 0 20 23 15 2 17 0 0 0 0 0 0 0 0 0 0 0 10 0 16 0 5 0 0 0 0 38 0 0 0 0 0 0 0 0 0 0 0 0 0 21 0 0 0 0 0 0 0 0 0 2 0 0 0 0 0 2 0 0 0 0 0 0 0 0 0 0 19 0 1 0 0 12 19 53 0 19 44 7 12 50 11 0 23 14 0 46 0 0 0 0 0 0 0 9 0 0 0 0 0 0 0 0 0 0 22 0 0 0 0 0 0 0 0 0 0 0 0 0 0 0 1 0 0 0 0 0 0 0 0 0 0 0 0 0 0 0 0 0 0 0 0 0 0 3 0 0 0 0 0 0 0 3 3 0 105 89 2 16 14 0 0 0 0 0 0 0 0 0 0 0 0 0 1 0 0 0 0 0 0 0 0 0 0 0 0 0 0 0 0 0 0 0 0 0 0 0 
 201 244 507 454 348 82 86 59 128 137 327 79 78 135 87 499 0 243 110 405 3 0 0 2 1 4 74 0 0 1 3 1 76 7 2 1 0 0 0 2 2 0 2 0 2 0 0 2 0 0 66 5 0 0 2 5 0 0 0 0 0 0 0 3 0 0 0 0 2 2 0 0 0 0 3 0 0 2 3 0 20 1 18 18 0 7 15 2 0 34 20 10 32 3 25 19 0 0 26 36 20 0 1 0 0 0 0 0 0 0 0 0 21 0 17 0 0 0 0 28 18 0 0 0 0 0 0 0 0 0 4 0 0 11 0 0 0 0 0 0 0 0 0 0 0 0 0 0 0 13 0 21 0 0 0 0 0 0 0 0 47 0 17 2 0 9 16 70 1 36 22 2 0 12 15 0 35 14 0 12 0 0 0 0 0 0 20 10 0 0 0 0 0 0 0 0 0 0 13 0 0 1 0 0 0 0 0 15 0 2 0 2 0 0 0 0 0 0 0 0 0 0 0 0 0 0 0 1 0 0 0 0 0 0 0 0 14 0 0 0 0 0 0 0 0 1 2 0 92 84 22 8 10 0 0 0 0 0 0 0 0 0 0 0 0 0 0 0 0 0 0 0 0 2 0 0 0 0 0 0 0 0 0 0 0 0 0 0 0 0 
 118 36 50 44 57 105 216 47 401 67 445 314 44 38 364 365 243 0 141 216 63 0 0 1 0 2 25 0 0 62 3 0 37 2 2 2 2 2 0 0 0 2 2 40 2 0 0 4 0 0 3 2 0 2 0 3 0 0 0 5 0 0 0 3 0 0 0 30 2 0 0 0 0 0 3 0 0 2 3 0 0 36 0 9 6 8 1 14 7 22 18 15 3 21 6 12 42 74 23 0 18 0 0 0 0 0 0 0 0 0 0 0 13 1 14 0 0 0 0 39 0 0 0 0 0 0 0 0 0 0 0 0 0 0 0 0 0 0 0 0 0 0 0 6 2 0 0 1 3 0 0 0 0 0 0 0 0 0 0 0 1 1 56 13 14 11 4 7 0 20 19 35 21 25 18 1 35 14 0 26 0 0 0 0 0 0 6 0 22 0 0 0 0 0 1 0 0 0 0 51 0 0 0 0 0 0 0 8 0 0 0 0 0 0 0 0 0 0 0 0 0 0 0 0 0 0 0 0 0 0 0 0 0 0 0 0 0 0 0 0 0 0 0 0 0 4 183 0 4 85 3 5 13 0 0 0 0 0 0 0 0 0 0 0 0 0 0 0 0 0 0 0 0 0 0 14 0 0 0 0 0 0 0 0 0 0 0 0 0 0 
 126 28 57 65 52 147 441 75 90 49 111 21 66 191 228 230 110 141 0 234 3 73 1 0 0 2 0 0 8 2 4 0 0 8 2 2 0 0 0 0 0 0 2 0 1 0 0 2 0 0 3 7 0 0 0 3 0 0 0 0 0 0 0 2 0 0 0 0 3 0 0 4 0 0 3 0 27 47 2 0 0 0 0 0 0 0 42 44 11 25 1 67 33 0 11 0 28 0 32 19 0 0 6 0 0 0 0 0 0 0 0 0 0 0 0 0 0 0 0 0 0 0 0 0 0 0 0 0 0 0 0 0 0 0 0 0 0 0 0 0 0 0 0 8 0 0 0 0 0 0 0 0 0 0 0 0 0 0 2 0 16 1 29 0 0 13 2 28 0 12 4 0 41 33 27 0 18 40 1 46 0 0 0 0 0 0 0 0 0 0 0 0 0 0 0 0 0 1 1 0 0 0 0 0 0 0 0 0 0 0 0 0 0 0 0 0 0 0 0 0 0 0 0 0 0 0 0 0 1 0 0 0 0 0 0 0 0 0 0 0 0 0 0 0 0 0 3 0 0 0 1 5 13 0 0 0 0 0 0 0 0 0 2 0 0 0 0 0 0 0 0 0 0 0 0 9 0 0 0 0 0 0 0 0 0 0 0 0 0 0 
 360 28 367 119 86 70 479 209 172 98 73 41 136 125 525 189 405 216 234 0 3 0 2 0 0 2 0 0 2 1 3 0 0 2 2 89 0 0 1 0 0 1 2 0 2 0 2 8 0 0 3 3 0 2 0 3 0 0 1 0 0 0 0 4 3 0 0 0 2 0 0 3 0 0 3 0 8 2 3 0 11 59 31 1 0 9 14 0 15 24 2 0 42 12 43 32 34 10 14 11 0 0 0 0 0 0 0 0 0 0 0 0 0 0 0 0 0 0 0 0 0 0 0 0 2 0 0 0 0 0 0 0 1 0 0 0 6 0 0 0 7 0 0 0 2 0 0 0 0 2 0 0 0 3 0 0 0 0 0 0 4 0 0 0 0 11 17 51 14 16 20 0 33 53 10 14 2 4 0 31 0 0 0 0 0 1 0 0 0 21 0 2 0 0 2 2 0 0 0 0 0 0 0 0 0 0 0 0 0 0 2 0 0 0 0 0 0 0 0 0 0 0 0 0 0 0 0 0 0 0 0 0 0 0 0 0 0 0 0 0 0 0 0 0 0 0 3 2 3 2 0 4 11 0 0 0 2 0 0 0 0 0 0 0 0 0 0 0 0 0 0 0 0 0 0 0 0 0 0 0 0 0 0 0 0 0 0 0 0 0 
 3 4 6 22 76 3 3 5 77 4 4 4 9 5 3 3 3 63 3 3 0 164 164 81 54 263 116 350 123 27 39 114 136 591 36 49 21 48 100 472 0 3 0 0 0 0 0 2 0 1 1 0 3 0 0 0 0 0 0 2 0 3 3 3 0 0 3 0 0 0 0 0 4 2 0 0 3 0 0 0 0 0 0 0 0 0 0 0 0 0 0 11 0 9 0 0 0 6 0 0 12 1 20 4 5 1 10 11 22 50 0 0 13 0 30 8 19 0 40 31 0 0 0 0 0 0 2 0 0 0 0 0 0 9 0 0 0 0 9 0 0 0 0 0 0 0 0 0 0 0 2 6 10 0 0 0 1 0 0 0 0 0 0 28 18 2 0 0 1 0 0 9 0 6 0 0 10 0 0 0 3 10 0 17 0 21 8 18 13 0 0 50 0 10 13 10 14 0 9 12 0 0 0 0 0 0 0 11 0 6 0 0 0 0 7 0 0 0 0 14 0 0 0 0 0 0 0 0 0 0 0 0 0 0 0 0 2 0 0 0 0 0 0 0 0 0 72 0 0 0 0 0 0 0 7 0 2 77 1 2 2 19 0 0 0 0 0 0 0 0 0 1 0 0 0 0 0 0 0 0 0 13 0 0 0 0 0 0 0 0 
 2 66 0 0 25 2 0 0 0 0 0 1 0 2 0 0 0 0 73 0 164 0 279 337 41 125 60 86 303 74 50 136 82 152 328 140 268 203 76 214 0 3 0 0 0 0 0 2 0 2 0 0 91 0 0 0 0 0 0 0 1 4 0 3 0 0 3 1 0 0 0 0 3 2 0 0 3 0 0 3 0 0 0 0 0 0 0 1 0 0 0 0 0 0 0 0 0 0 0 0 0 1 26 1 11 10 0 12 15 13 0 10 0 10 19 9 13 35 0 0 7 13 0 0 0 0 12 12 0 0 5 0 20 18 0 0 0 0 18 7 0 0 0 1 0 0 0 0 0 0 4 22 0 0 0 0 0 0 0 0 0 0 0 8 0 0 0 0 2 0 0 0 6 3 0 0 0 0 0 0 15 24 16 29 0 23 0 0 16 27 23 12 0 1 23 0 0 24 0 0 0 16 0 0 0 0 0 0 0 0 0 0 0 45 0 0 0 0 0 11 0 0 0 0 0 0 0 0 0 0 0 0 2 0 0 0 0 0 0 0 0 0 14 0 0 0 0 0 0 0 0 0 0 0 8 0 0 78 0 2 3 16 0 0 0 0 0 0 0 0 0 0 0 0 0 0 0 0 0 0 0 9 0 0 0 10 16 0 0 0 
 0 0 2 2 0 0 0 0 0 0 0 0 25 0 0 3 0 0 1 2 164 279 0 644 36 42 67 87 143 147 148 339 164 280 115 55 76 44 121 324 24 23 18 3 0 0 21 2 1 2 0 0 60 23 0 24 0 0 0 1 0 3 3 3 0 0 3 0 0 6 0 19 3 2 0 0 3 0 0 0 0 0 0 0 0 40 0 0 0 0 0 2 0 0 0 0 13 0 0 0 19 5 8 58 11 26 0 21 17 36 18 12 0 0 80 2 33 26 0 9 4 7 1 0 2 0 10 0 0 0 0 0 2 0 0 0 0 0 29 8 0 0 0 0 0 0 0 0 0 0 7 21 0 0 0 0 0 0 0 0 0 0 0 2 0 0 0 0 0 0 0 0 0 0 0 0 0 0 0 0 0 21 8 18 23 25 0 0 0 5 29 37 0 31 0 12 1 34 0 23 0 7 11 0 0 0 10 0 1 0 0 0 0 5 0 0 0 0 0 29 0 0 0 0 2 0 0 2 0 0 0 0 0 2 0 0 0 0 0 0 0 0 6 0 0 0 0 0 0 0 0 0 0 0 5 2 0 2 82 0 0 0 0 0 0 0 22 0 0 0 0 0 0 0 0 0 0 0 0 0 0 0 0 0 0 0 23 0 0 0 
 3 1 78 4 1 1 1 1 1 1 1 2 0 0 2 2 2 1 0 0 81 337 644 0 165 111 289 471 151 323 50 377 244 159 145 66 74 121 410 263 0 3 2 0 0 2 0 2 2 0 0 0 3 57 2 0 0 3 64 0 0 55 0 3 0 0 3 0 0 0 0 0 3 2 0 0 3 3 0 0 0 0 0 0 0 0 0 0 0 0 0 0 0 2 0 0 0 0 0 0 0 23 45 48 47 0 12 42 10 0 27 11 0 2 26 60 52 1 0 14 1 0 0 0 0 0 0 0 0 9 0 0 0 0 12 0 0 0 48 50 0 0 0 0 0 0 0 0 15 0 0 0 0 0 0 0 5 0 0 0 0 0 10 0 1 3 0 0 0 0 0 0 0 0 0 0 0 0 0 0 2 0 23 18 11 68 0 16 0 2 38 21 0 0 0 27 32 0 0 0 0 1 0 0 0 0 0 13 0 0 0 0 43 0 0 9 0 1 10 0 0 0 0 0 1 0 10 0 0 0 0 0 0 0 0 0 0 0 0 0 0 0 20 0 0 0 0 0 0 0 0 0 0 0 19 4 4 182 2 1 0 2 0 0 0 0 0 0 0 0 0 0 0 0 0 0 0 0 0 0 0 1 0 0 0 7 0 0 0 0 
 3 1 0 0 0 1 0 0 0 0 0 0 0 2 2 3 1 0 0 0 54 41 36 165 0 159 55 318 70 142 175 316 63 51 86 292 276 38 45 119 97 278 0 0 0 211 277 72 231 211 0 2 213 186 65 79 3 0 69 123 0 3 0 3 0 0 3 0 0 0 0 0 3 2 0 0 3 0 0 0 0 2 0 0 0 0 0 0 0 0 0 0 0 0 0 0 0 0 0 0 9 0 0 0 7 18 0 0 0 0 8 25 16 0 0 0 0 0 0 0 23 43 58 0 24 0 52 13 19 31 0 0 57 13 46 23 22 10 20 5 0 0 0 0 0 0 7 0 0 0 0 0 0 0 0 0 2 0 2 0 2 0 0 0 0 0 0 0 0 0 0 8 0 0 0 0 0 0 0 0 0 0 0 0 34 16 0 0 0 0 13 19 0 0 0 0 0 0 0 0 20 15 0 48 0 0 1 28 32 15 4 11 30 26 0 35 40 15 46 28 0 0 0 0 0 0 0 0 1 0 0 0 0 0 0 0 2 0 0 0 0 0 0 0 0 0 0 0 0 0 0 0 0 0 6 3 0 51 0 1 13 6 0 0 0 0 0 0 0 0 0 0 0 0 0 0 0 0 0 0 0 0 0 0 0 0 0 10 0 0 
 3 2 2 8 2 2 7 2 2 3 2 2 2 2 2 2 4 2 2 2 263 125 42 111 159 0 40 138 262 423 124 203 65 102 175 142 80 105 275 42 22 36 6 0 6 0 8 6 0 0 0 2 92 62 4 0 66 0 123 95 0 46 0 3 0 0 3 0 5 0 0 0 3 2 0 0 3 1 1 8 0 0 0 0 0 0 0 0 0 0 0 22 0 0 0 0 0 0 0 0 0 40 32 4 21 0 13 37 3 0 15 15 0 0 0 27 14 0 1 0 0 63 1 0 0 5 7 17 0 1 0 0 24 0 76 22 8 0 17 1 0 0 1 0 0 0 15 0 0 0 0 0 0 0 0 0 0 0 0 0 1 0 0 2 0 0 0 0 4 0 0 0 6 0 0 0 0 0 0 0 0 13 9 0 20 20 0 7 1 0 29 11 0 1 0 9 13 15 0 8 7 2 11 0 0 0 1 12 7 0 0 0 0 12 12 1 2 8 21 0 0 0 0 0 0 0 0 0 0 0 19 0 0 0 0 0 0 2 0 1 0 0 0 0 0 0 0 0 0 0 0 1 0 0 8 4 0 74 0 0 31 1 0 0 0 0 0 64 0 0 0 0 0 1 0 0 0 0 0 0 0 1 0 0 0 0 0 0 0 0 
 0 0 100 81 75 1 0 0 92 36 37 19 0 0 7 1 74 25 0 0 116 60 67 289 55 40 0 107 351 685 41 107 196 131 128 254 46 106 125 108 0 3 0 0 0 0 70 2 0 0 22 0 3 0 0 0 0 0 0 5 3 3 5 3 0 0 19 0 0 0 0 0 5 2 0 0 3 0 0 0 0 2 0 1 11 9 0 1 0 13 8 13 0 0 0 0 1 19 0 0 60 0 0 7 0 0 0 17 0 0 1 0 24 7 18 1 0 1 8 42 0 0 0 0 0 0 0 0 0 0 0 0 0 0 0 0 0 0 0 0 0 0 0 0 0 0 0 0 0 0 0 0 0 8 0 0 6 0 0 0 0 0 0 36 14 4 0 0 0 0 1 19 0 0 0 0 9 12 0 0 13 1 0 17 0 21 46 9 27 0 0 0 27 0 23 15 7 0 10 48 0 0 0 0 0 0 0 3 0 0 0 0 8 0 0 1 0 0 1 0 0 0 0 0 0 0 0 0 0 0 0 0 1 0 0 0 0 0 0 0 0 0 1 0 0 0 76 0 0 0 17 0 0 0 17 0 2 0 0 2 78 0 0 0 0 0 15 0 0 0 0 0 0 0 0 33 12 0 0 0 0 0 0 0 0 0 0 0 0 0 
 0 2 0 76 103 103 0 0 0 0 73 75 0 3 0 0 0 0 0 0 350 86 87 471 318 138 107 0 146 39 351 53 205 230 244 283 117 116 160 62 0 3 0 0 0 0 0 2 0 0 0 0 70 0 0 2 0 0 32 0 0 31 10 3 0 0 3 0 0 0 0 0 6 2 0 3 3 0 0 0 0 0 0 0 42 8 0 2 0 0 0 0 0 0 14 0 0 0 0 0 16 24 1 9 25 1 24 7 25 9 33 21 21 21 15 27 27 20 23 0 0 0 0 0 0 0 0 0 0 0 0 0 16 0 11 0 0 0 0 0 0 0 0 2 0 0 0 0 0 0 0 0 0 0 0 0 0 0 0 0 0 0 0 0 0 7 0 0 0 0 0 8 0 0 0 0 0 5 0 0 47 11 16 0 28 8 8 45 17 14 17 0 21 19 0 1 20 18 25 15 2 0 0 0 0 0 0 0 0 0 0 0 0 1 0 0 17 0 0 0 0 0 0 0 0 0 0 0 0 0 0 0 1 0 0 0 11 0 0 0 0 0 1 0 0 0 0 0 0 0 0 0 0 0 27 2 2 12 3 0 1 1 0 0 0 0 0 0 0 0 0 0 0 0 0 0 0 0 0 0 0 8 0 0 0 0 0 0 0 0 
 0 13 0 3 0 0 2 0 0 0 0 1 2 3 0 0 0 0 8 2 123 303 143 151 70 262 351 146 0 75 379 471 129 378 279 142 345 109 160 352 0 3 4 0 0 0 3 2 0 0 1 0 65 0 0 0 0 0 0 4 0 3 0 3 0 0 3 0 0 5 0 7 3 2 0 0 3 0 0 0 0 0 0 0 9 35 0 7 0 0 0 0 0 0 0 0 7 0 0 0 27 3 0 22 0 31 1 9 13 19 10 2 16 0 15 0 18 2 18 0 0 9 0 0 0 0 0 3 0 0 0 0 12 0 0 21 0 0 4 6 0 0 0 0 0 0 0 0 0 0 0 0 0 18 0 0 0 0 3 0 1 0 0 2 19 34 0 0 4 0 0 0 29 0 0 0 0 0 0 0 0 25 21 38 23 3 1 0 5 0 22 25 3 28 0 3 0 27 4 0 0 9 19 0 0 0 14 0 0 0 0 0 0 0 0 0 0 3 0 0 0 0 0 0 0 0 0 0 0 0 0 0 0 0 0 0 0 0 0 0 0 0 18 0 0 0 0 0 0 0 0 0 0 0 18 0 2 0 0 1 42 0 0 0 0 0 18 0 0 0 0 0 46 0 0 0 0 0 0 0 0 0 0 0 0 0 16 0 0 0 
 2 2 2 5 2 3 2 2 80 2 1 4 33 2 2 2 1 62 2 1 27 74 147 323 142 423 685 39 75 0 156 98 135 146 205 379 122 114 53 167 67 3 0 0 0 0 0 2 1 0 2 0 69 0 61 0 0 0 0 44 0 4 0 3 0 0 3 0 3 0 0 0 3 2 0 0 3 0 0 0 0 0 0 1 0 0 0 0 0 0 0 14 0 0 0 0 0 7 0 0 27 13 10 9 11 13 0 2 16 0 14 31 0 0 14 1 0 46 0 13 19 0 0 0 0 0 15 15 0 0 0 0 19 7 1 0 0 7 22 8 0 0 0 0 0 3 0 0 0 0 2 0 0 0 0 0 0 0 0 0 0 0 0 24 12 0 0 0 0 0 0 6 0 0 0 0 14 0 0 0 0 11 12 14 8 0 16 0 36 13 20 15 16 19 0 0 0 67 0 33 0 0 2 0 0 0 8 20 8 0 0 0 0 10 0 0 0 0 10 8 0 0 0 0 0 0 0 0 0 0 0 0 1 0 0 0 0 0 0 0 0 0 1 0 0 0 73 0 0 0 0 0 0 0 14 0 3 1 85 0 3 2 0 0 0 0 0 0 0 0 0 0 0 0 0 0 0 0 0 6 0 0 0 0 0 0 15 0 0 0 
 3 3 3 3 3 77 4 3 3 3 3 5 3 3 3 5 3 3 4 3 39 50 148 50 175 124 41 351 379 156 0 209 31 245 141 74 98 141 129 136 32 3 3 0 0 0 0 23 63 0 0 0 6 125 70 0 0 0 0 112 0 3 0 3 2 0 4 0 0 3 0 3 3 2 0 0 3 0 0 0 0 0 5 0 0 13 9 0 0 0 0 0 0 21 0 0 2 18 0 0 17 10 1 10 7 30 0 10 13 8 0 39 0 0 12 0 0 0 0 0 3 11 20 0 0 0 22 8 0 11 0 0 9 1 11 14 8 12 34 6 0 0 0 0 0 0 3 0 0 0 0 0 0 0 0 0 0 0 0 1 1 0 0 0 0 2 0 0 29 0 0 1 1 1 0 0 0 0 21 0 0 12 13 16 34 1 0 0 0 44 16 36 0 10 0 0 0 30 0 5 0 9 6 11 0 2 32 18 21 7 7 0 11 30 0 0 2 1 24 2 0 0 0 0 0 0 0 0 0 2 0 0 0 0 0 2 9 0 0 0 0 0 12 0 0 0 0 0 0 0 0 0 0 0 13 0 0 0 0 0 16 0 0 0 0 0 13 0 0 0 0 0 0 0 0 0 0 0 0 0 0 0 0 0 2 0 12 12 0 0 
 5 0 0 0 0 0 7 0 0 1 0 0 2 0 0 45 1 0 0 0 114 136 339 377 316 203 107 53 471 98 209 0 98 26 44 40 385 84 54 39 126 4 2 0 0 0 0 2 72 2 0 0 128 67 133 4 0 0 0 23 0 3 0 3 0 0 3 0 0 0 47 0 3 2 0 0 3 0 0 7 0 0 0 0 0 0 0 0 0 20 0 0 0 0 8 0 0 0 0 0 0 0 0 9 9 32 0 14 1 0 12 14 0 0 18 0 1 1 0 0 63 11 27 0 0 0 66 11 1 8 0 0 14 11 0 0 9 11 8 2 0 0 2 0 0 0 9 0 0 0 1 0 2 0 0 0 0 0 0 0 0 0 0 12 0 0 0 0 0 0 0 0 2 4 0 0 0 2 0 0 1 9 0 12 8 37 0 0 0 24 37 37 0 0 0 0 0 14 0 0 0 17 0 26 0 0 11 10 21 25 8 1 0 43 0 4 11 8 15 5 0 0 0 0 0 0 1 0 0 0 0 0 0 0 0 0 0 0 0 2 0 0 0 0 0 0 0 0 0 0 0 0 0 0 10 0 4 7 0 0 0 2 0 0 0 0 0 0 0 0 0 0 0 0 0 0 0 0 0 0 0 0 0 0 0 0 0 15 0 0 
 3 74 0 146 138 76 0 3 73 82 75 4 17 0 2 83 76 37 0 0 136 82 164 244 63 65 196 205 129 135 31 98 0 173 137 343 59 83 157 40 0 211 0 67 0 202 202 2 0 202 0 0 3 0 2 4 0 0 0 13 0 3 8 3 0 0 9 0 0 1 0 0 7 2 0 2 5 0 0 2 0 19 0 23 23 0 0 10 17 29 20 0 0 0 0 0 13 12 0 0 29 0 20 4 0 1 16 15 17 19 27 0 64 0 32 34 66 0 12 14 0 0 0 0 0 13 0 0 0 0 0 0 0 0 0 7 0 0 9 11 0 0 1 0 0 0 0 0 0 0 0 0 0 0 0 0 9 0 9 0 0 0 0 9 15 14 0 0 0 0 15 11 0 0 0 0 25 0 0 0 0 0 14 40 0 19 13 16 21 0 0 1 10 14 0 24 1 0 22 22 0 2 0 0 0 0 0 0 0 0 0 0 20 0 0 0 2 0 0 20 0 0 0 0 0 0 0 0 0 0 0 0 0 0 0 0 0 2 0 1 0 20 0 0 0 0 1 0 66 0 0 0 0 0 10 1 1 0 7 0 4 0 0 0 0 0 0 0 0 0 0 0 0 0 0 0 0 0 0 0 0 0 0 0 0 0 0 0 0 0 
 2 2 76 83 3 2 4 2 76 3 3 77 4 2 2 2 7 2 8 2 591 152 280 159 51 102 131 230 378 146 245 26 173 0 322 80 46 42 72 71 0 3 0 0 0 44 3 2 0 0 0 0 3 0 0 0 0 0 78 0 0 54 4 3 0 0 3 0 0 0 30 0 12 2 0 0 3 0 0 0 0 0 0 0 28 0 0 0 1 0 0 9 0 0 0 0 0 0 0 0 9 39 44 4 8 1 13 43 27 1 13 8 9 0 10 52 22 0 17 12 0 0 0 0 14 0 0 1 0 0 0 0 0 0 14 0 0 0 2 15 0 0 0 0 0 0 0 0 0 0 0 0 0 0 0 0 2 0 0 0 0 0 0 0 0 4 0 0 0 0 1 1 0 0 0 0 0 1 0 0 30 18 42 0 17 43 0 36 6 10 12 27 19 0 18 17 57 14 0 0 0 0 0 0 0 0 0 0 0 0 0 0 23 0 0 0 0 0 0 0 0 0 0 0 0 0 0 0 2 0 0 0 0 0 0 0 1 0 1 0 0 0 0 0 0 0 0 0 0 0 0 0 0 0 16 0 2 76 1 2 2 2 0 0 0 0 0 0 0 0 0 2 0 0 0 0 0 0 0 0 0 0 0 0 0 0 0 0 0 0 
 2 2 2 5 2 2 2 2 2 2 2 2 33 2 2 2 2 2 2 2 36 328 115 145 86 175 128 244 279 205 141 44 137 322 0 260 43 44 67 106 205 3 0 0 3 2 7 2 0 0 0 205 3 0 0 2 0 0 68 0 0 45 0 3 0 0 3 0 0 4 0 0 3 2 0 0 3 0 0 0 0 0 0 0 11 8 0 0 0 0 0 0 0 0 0 0 0 0 0 0 12 47 34 38 20 0 14 59 16 19 46 33 16 0 23 23 9 9 0 20 0 0 0 0 0 0 0 0 0 0 0 0 17 0 24 0 0 0 1 0 0 0 0 0 0 0 0 0 0 0 0 0 0 0 0 0 0 11 0 0 0 0 0 0 0 10 0 0 0 0 0 0 0 0 0 0 0 0 0 0 1 22 78 38 25 45 0 18 35 2 14 25 27 43 0 45 8 38 0 14 0 0 0 0 0 0 0 0 0 0 0 0 0 0 0 0 0 0 1 0 0 0 0 0 0 0 0 0 0 0 0 0 7 0 0 0 0 0 0 0 0 0 0 0 0 0 0 0 0 0 0 0 0 0 3 0 2 77 77 2 0 2 0 0 0 0 0 0 0 0 0 0 0 0 0 0 0 0 0 0 0 0 0 0 0 0 10 0 0 0 
 8 76 2 7 1 0 1 2 2 2 1 4 1 1 2 1 1 2 2 89 49 140 55 66 292 142 254 283 142 379 74 40 343 80 260 0 67 177 22 38 0 208 1 0 0 205 220 2 0 205 0 0 179 0 0 0 0 0 2 1 0 3 0 3 0 0 6 0 0 0 0 2 3 2 0 7 3 0 0 0 0 0 0 0 1 9 0 0 0 0 0 0 0 0 0 0 1 0 0 0 0 8 22 15 0 2 0 33 0 6 14 0 11 0 0 10 0 0 0 0 15 9 0 0 0 0 0 2 0 0 0 0 19 0 0 28 1 0 48 12 0 26 0 0 0 0 0 0 0 0 0 0 0 6 0 0 4 0 0 0 1 0 0 2 0 7 0 0 4 0 0 1 7 0 0 0 0 0 0 0 0 2 0 15 0 32 1 0 24 0 2 11 11 0 0 16 10 50 0 1 0 0 0 0 0 2 4 0 0 1 0 0 0 0 0 0 0 0 12 69 0 0 0 0 0 0 0 0 0 2 0 0 0 0 0 2 0 0 0 0 0 0 0 0 0 0 0 0 0 1 0 0 0 0 5 1 4 10 0 1 23 1 0 0 0 0 0 0 0 0 52 0 0 0 0 0 0 0 0 22 0 0 0 0 1 0 0 0 0 0 
 0 0 0 0 1 1 3 64 0 1 0 1 2 0 0 0 0 2 0 0 21 268 76 74 276 80 46 117 345 122 98 385 59 46 43 67 0 134 139 59 3 3 0 1 0 1 0 2 0 0 1 0 120 1 0 0 4 4 0 0 0 3 1 3 0 0 3 0 0 0 0 0 3 2 0 0 3 0 0 0 0 0 0 0 0 27 0 0 0 0 0 0 0 0 0 0 0 0 0 2 0 0 5 1 2 9 0 0 18 9 9 23 0 20 0 0 0 38 22 0 5 10 0 0 0 0 10 5 0 1 0 0 19 0 0 20 0 0 15 0 0 0 0 0 0 0 11 0 0 0 9 0 0 0 0 0 10 0 0 0 2 0 0 2 1 4 0 0 4 0 0 0 6 0 0 0 1 0 0 0 20 63 0 0 8 0 0 0 8 5 20 0 0 20 0 18 0 13 18 0 0 0 0 0 0 0 0 0 1 0 0 1 0 5 0 0 0 0 0 9 0 0 0 0 0 0 6 0 0 0 0 0 0 0 0 0 0 0 0 0 0 0 0 0 0 0 0 0 93 0 0 0 0 0 8 0 0 10 80 0 21 0 0 0 0 0 0 0 0 0 0 0 0 0 0 0 0 0 0 0 0 9 0 0 0 0 0 0 0 0 
 5 0 0 0 2 0 5 0 0 0 0 2 0 0 0 2 0 2 0 0 48 203 44 121 38 105 106 116 109 114 141 84 83 42 44 177 134 0 112 282 3 5 0 0 0 0 0 63 0 0 0 7 4 0 0 0 0 62 0 61 0 3 0 3 0 0 3 0 0 0 0 3 3 2 0 0 3 0 0 0 0 0 0 0 0 0 1 0 0 0 0 0 0 0 0 0 0 0 0 0 0 0 21 10 27 1 15 14 33 13 19 15 18 39 4 22 22 42 11 0 0 0 0 0 0 0 0 9 0 0 0 0 21 0 0 7 10 0 0 10 0 0 0 0 0 0 0 0 0 0 0 0 0 0 0 0 8 0 0 0 0 0 0 0 0 15 0 0 2 0 0 0 1 0 0 0 0 0 0 0 39 10 39 63 7 20 0 3 22 33 9 0 0 34 18 43 11 0 10 0 0 0 0 0 0 0 0 7 0 1 0 0 12 0 0 0 0 0 12 20 0 0 0 0 0 0 0 0 0 2 0 0 0 0 0 2 0 0 0 0 0 0 0 0 0 0 0 0 0 0 0 0 0 0 18 1 0 4 73 0 9 1 0 0 0 0 0 0 0 0 0 0 0 0 0 0 0 0 0 0 0 10 0 0 0 0 0 0 0 0 
 4 40 2 79 101 0 0 0 0 39 57 76 0 1 76 0 0 0 0 1 100 76 121 410 45 275 125 160 160 53 129 54 157 72 67 22 139 112 0 321 0 11 2 0 0 0 0 4 0 0 3 0 3 0 12 3 0 0 0 1 0 3 0 4 0 3 3 0 2 6 0 4 3 2 2 0 3 2 0 0 19 8 0 11 16 24 0 2 11 16 35 0 0 0 10 0 8 0 0 0 55 18 0 19 0 15 30 8 10 20 0 0 27 57 0 0 12 21 16 0 0 0 0 0 0 0 0 17 0 0 0 0 0 0 0 0 0 0 0 0 0 0 1 0 0 0 0 0 0 0 0 0 0 0 3 0 0 0 0 0 0 3 0 0 0 11 0 0 0 0 0 12 0 0 9 17 0 12 0 0 11 38 12 11 30 0 24 1 8 10 0 3 0 43 39 14 11 0 10 23 0 0 0 0 0 0 0 1 0 0 0 0 1 0 0 0 0 0 0 0 2 0 0 0 0 0 0 0 0 0 0 0 21 0 0 15 0 0 0 0 0 25 0 0 0 0 0 0 0 0 0 0 0 0 7 0 0 0 0 0 2 0 18 0 0 0 17 0 0 0 0 0 0 0 0 0 10 0 0 0 0 0 0 0 0 10 0 0 0 0 
 1 2 76 97 157 25 0 0 0 2 76 38 0 0 0 0 2 0 0 0 472 214 324 263 119 42 108 62 352 167 136 39 40 71 106 38 59 282 321 0 6 3 0 0 0 0 0 2 0 0 0 0 3 0 0 0 0 0 0 0 0 3 0 3 0 0 3 0 36 3 0 0 3 2 0 0 3 0 0 0 0 0 0 0 0 0 0 0 0 14 11 0 0 0 0 0 0 0 0 11 28 28 11 19 1 0 22 9 3 19 0 39 1 32 12 0 0 63 26 33 0 0 0 0 0 0 0 0 0 0 0 0 27 0 0 0 0 0 2 0 0 0 6 0 0 0 0 0 0 0 0 0 0 0 68 0 0 0 0 0 0 8 0 9 0 0 0 0 0 0 0 14 0 0 0 0 10 6 0 0 8 17 41 36 0 20 34 10 37 13 0 17 0 48 33 38 14 29 22 30 0 0 0 0 0 0 0 0 0 0 0 0 0 0 0 0 0 0 0 0 0 0 0 0 0 0 0 0 2 0 0 0 0 0 0 0 0 0 0 0 0 0 0 0 0 0 75 0 0 0 0 0 0 0 18 2 0 0 2 0 3 0 0 0 0 0 0 0 0 0 0 2 0 0 0 0 15 0 0 0 0 0 0 0 0 11 13 0 0 0 
 0 0 0 0 0 4 0 0 0 0 0 4 0 0 0 0 2 0 0 0 0 0 24 0 97 22 0 0 0 67 32 126 0 0 205 0 3 3 0 6 0 161 153 49 34 26 148 274 37 42 45 46 296 184 73 28 27 87 98 117 0 0 0 0 0 0 0 0 0 0 51 0 0 0 0 0 0 0 0 0 0 0 0 0 0 0 0 0 0 0 0 0 0 0 0 0 0 0 0 0 1 0 0 1 6 0 4 0 1 0 19 9 0 0 0 0 0 17 0 1 13 22 6 0 1 0 0 15 0 8 0 20 8 10 36 0 19 0 13 0 0 0 0 0 0 0 8 0 0 0 0 0 0 0 0 0 2 0 7 0 0 0 0 0 0 0 0 0 0 0 0 0 0 0 0 0 7 0 0 0 0 0 0 0 15 1 0 0 0 1 12 0 0 4 6 4 1 1 3 2 57 29 7 0 0 0 7 40 10 6 7 5 0 17 10 22 0 10 31 0 0 0 0 0 0 0 1 0 0 0 0 0 0 0 0 0 0 0 0 1 0 0 0 0 0 0 2 0 0 0 0 9 0 2 0 0 0 65 1 1 0 0 0 39 0 3 2 0 2 0 0 0 0 0 0 0 0 0 0 0 0 0 0 0 0 0 0 0 1 0 
 5 3 0 0 5 0 2 0 2 5 3 0 0 2 2 0 0 2 0 1 3 3 23 3 278 36 3 3 3 3 3 4 211 3 3 208 3 5 11 3 161 0 228 143 32 236 186 165 205 105 29 44 97 53 295 112 184 134 175 81 0 2 0 0 0 0 2 0 0 0 0 49 51 0 0 3 0 0 0 0 2 4 0 4 7 5 0 4 4 4 1 0 0 0 0 0 7 3 0 0 1 0 0 0 0 0 0 0 0 0 0 0 3 0 0 0 0 0 0 0 10 10 1 0 18 27 39 0 0 0 19 10 0 15 1 24 27 23 0 0 0 0 0 0 7 0 1 0 0 0 0 0 0 0 0 0 0 7 2 0 0 0 0 0 0 5 0 0 0 0 0 0 0 0 0 2 0 0 0 0 0 0 0 0 0 0 0 0 0 0 0 18 0 0 0 0 0 0 0 0 38 32 32 0 0 0 2 1 13 7 33 0 0 46 12 37 45 32 0 0 0 0 0 0 0 0 11 0 0 0 0 0 0 0 0 1 0 0 0 10 0 3 1 0 0 0 0 0 0 0 0 0 0 1 0 0 0 0 0 2 0 0 106 64 0 0 0 71 0 0 0 0 0 0 0 0 0 0 0 0 0 0 0 0 11 0 0 13 2 0 
 2 2 2 7 2 2 2 2 9 2 2 4 2 2 2 5 2 2 2 2 0 0 18 2 0 6 0 0 4 0 3 2 0 0 0 1 0 0 2 0 153 228 0 201 100 54 186 107 447 167 293 103 291 101 66 127 78 388 35 48 0 0 2 0 0 0 0 0 0 0 12 0 0 0 0 2 0 1 0 217 0 0 0 0 0 0 0 0 0 0 0 0 0 0 0 0 0 0 0 0 0 0 0 0 0 3 0 0 0 0 0 0 8 0 0 0 0 0 0 0 0 0 0 2 15 0 0 0 14 23 6 0 0 5 0 20 11 19 7 6 2 27 0 0 0 0 0 0 9 16 0 0 17 0 12 0 0 2 25 10 0 0 0 0 0 0 0 0 0 0 0 0 0 0 0 0 0 0 15 0 0 6 27 7 0 0 0 0 0 4 6 0 0 0 0 0 0 0 0 0 34 22 16 36 33 22 6 0 0 26 12 45 0 8 15 22 25 36 14 0 0 0 0 0 0 0 0 17 0 0 0 0 23 12 0 0 0 0 10 12 0 0 5 0 0 0 0 0 0 0 0 17 0 0 1 0 0 0 0 1 0 26 56 0 2 9 2 0 2 23 0 0 0 0 0 0 0 0 0 0 0 3 0 0 0 10 0 0 0 0 
 0 0 0 0 0 0 0 0 0 0 0 3 0 0 0 0 0 40 0 0 0 0 3 0 0 0 0 0 0 0 0 0 67 0 0 0 1 0 0 0 49 143 201 0 180 39 168 95 291 214 135 49 75 95 145 106 84 246 78 58 25 0 0 0 0 0 50 3 0 0 4 0 110 0 0 0 0 0 0 7 0 0 0 0 0 0 0 0 0 0 0 0 0 0 0 0 0 0 0 0 0 0 0 0 0 0 0 4 0 0 0 0 0 0 0 0 0 0 0 0 0 0 0 1 30 25 0 0 4 1 0 0 0 0 0 4 3 57 0 0 0 10 0 0 0 0 0 8 14 1 0 0 22 4 11 0 0 2 6 0 0 0 0 0 0 12 0 0 0 0 0 0 0 0 0 0 0 0 0 0 0 0 0 0 0 0 0 0 0 0 0 0 0 0 0 8 0 0 0 0 20 14 9 8 0 14 0 0 0 0 52 19 0 0 19 40 18 35 0 0 0 20 0 0 0 0 8 0 0 0 0 0 23 12 10 3 0 20 26 53 0 0 0 0 0 0 0 0 0 0 0 3 0 0 0 0 0 0 0 63 0 0 39 2 0 2 1 0 0 0 0 0 0 9 0 0 0 0 0 0 0 0 0 0 0 11 0 0 0 0 
 48 0 0 48 1 0 6 1 2 1 2 2 2 2 0 1 2 2 1 2 0 0 0 0 0 6 0 0 0 0 0 0 0 0 3 0 0 0 0 0 34 32 100 180 0 252 53 67 121 355 135 273 291 283 394 133 188 158 46 81 0 5 2 0 0 0 0 103 0 0 0 0 0 0 0 16 0 0 2 14 0 0 0 0 0 0 0 0 0 0 0 0 0 0 0 0 0 0 0 0 0 0 0 0 0 0 0 0 0 0 0 0 0 0 0 0 0 0 0 0 0 0 0 0 21 16 0 0 1 0 1 1 0 0 0 0 0 16 0 0 0 12 0 0 0 10 0 70 0 0 0 0 23 0 1 0 0 0 0 23 24 0 0 0 0 0 0 0 0 7 0 0 0 0 0 19 0 0 0 0 0 0 0 0 0 0 0 0 0 0 0 0 0 0 0 0 0 0 0 0 0 10 4 0 0 0 0 0 0 0 0 0 0 0 0 11 11 10 0 0 0 28 0 0 0 0 30 6 0 0 0 0 25 3 0 0 0 7 37 19 0 0 0 0 0 0 0 0 0 0 0 0 0 0 0 0 0 0 0 11 0 0 1 0 72 2 6 0 2 0 0 0 0 0 0 0 0 0 0 0 0 0 0 0 10 0 0 0 0 3 
 2 0 0 0 0 0 3 0 0 0 0 0 0 0 0 0 0 0 0 0 0 0 0 2 211 0 0 0 0 0 0 0 202 44 2 205 1 0 0 0 26 236 54 39 252 0 254 33 73 344 99 136 44 72 51 58 85 57 34 70 1 64 4 0 0 0 1 41 1 0 54 0 0 0 3 53 30 0 52 0 0 0 0 0 0 0 0 0 0 0 0 0 0 0 0 0 0 0 0 0 0 0 0 0 0 0 0 2 0 0 0 0 0 0 0 0 0 0 0 0 0 0 0 0 0 0 0 0 0 0 0 16 0 0 0 0 0 0 0 0 8 9 6 11 0 13 6 20 0 0 0 0 11 10 11 23 11 22 0 11 0 2 0 0 0 0 0 0 0 0 0 0 0 0 0 0 0 0 0 0 0 0 0 0 0 0 0 0 0 0 0 0 0 0 0 0 0 0 0 0 0 0 7 12 0 6 0 0 0 0 0 0 0 0 0 0 0 0 0 1 1 6 9 0 7 1 9 23 20 11 12 0 9 0 9 10 21 0 8 25 10 0 0 0 0 0 0 0 0 0 0 18 0 0 0 0 0 0 0 0 0 0 1 0 2 10 0 0 0 0 24 0 0 0 0 0 18 0 0 0 1 0 0 0 7 0 0 0 0 0 
 3 0 0 0 64 0 0 0 0 0 0 0 0 5 0 0 0 0 0 2 0 0 21 0 277 8 70 0 3 0 0 0 202 3 7 220 0 0 0 0 148 186 186 168 53 254 0 150 131 114 31 107 125 42 45 113 35 96 106 32 0 2 4 8 3 1 0 0 0 0 3 4 0 0 9 0 3 1 4 1 0 0 0 0 0 0 0 0 0 0 0 0 0 0 0 0 0 0 0 0 0 18 4 0 1 3 0 4 10 0 0 0 0 0 0 7 0 0 0 0 13 1 10 14 48 21 21 6 0 27 6 17 0 24 49 39 41 0 0 1 4 0 0 0 0 0 1 0 0 0 0 0 0 6 0 0 0 0 18 0 0 0 0 0 0 0 0 0 0 0 0 0 0 0 0 0 0 0 0 0 0 6 0 0 0 5 0 0 0 0 0 25 0 0 0 0 10 21 2 0 55 16 15 18 0 4 25 0 45 8 44 11 0 31 0 12 31 39 0 1 0 0 0 0 0 0 0 0 0 0 0 0 0 0 0 0 0 0 0 0 0 0 9 0 0 0 0 0 0 0 0 9 10 1 0 0 0 0 2 2 0 0 68 11 0 0 0 2 2 0 1 0 0 0 0 0 0 0 0 0 0 0 0 0 0 0 0 13 2 0 
 2 2 2 7 2 2 2 2 2 2 2 2 2 2 2 5 2 4 2 8 2 2 2 2 72 6 2 2 2 2 23 2 2 2 2 2 2 63 4 2 274 165 107 95 67 33 150 0 129 106 47 99 132 204 168 355 113 122 134 74 0 0 0 1 2 0 0 0 0 0 0 1 0 0 5 0 0 0 56 0 0 0 0 0 0 0 0 0 0 0 0 0 0 0 0 0 0 0 0 0 0 0 0 0 0 0 0 0 0 0 0 11 0 0 0 0 0 0 0 0 0 13 76 16 25 27 8 27 10 0 58 18 2 10 10 43 0 8 0 0 8 0 0 0 0 0 6 0 0 0 0 0 0 0 0 0 0 15 19 0 1 0 0 0 6 0 0 0 0 0 0 2 0 0 0 0 0 0 0 0 0 0 0 0 10 0 0 0 0 0 0 0 0 0 0 0 0 0 0 0 1 0 26 50 0 1 54 34 10 0 7 0 10 13 19 10 17 26 25 0 0 0 0 0 0 0 0 0 0 0 0 0 5 10 0 0 0 0 9 0 0 0 7 0 0 0 0 0 0 0 0 8 0 0 0 0 0 0 0 0 11 0 3 0 1 0 0 68 0 0 11 0 0 0 0 0 0 0 0 0 0 0 0 0 8 12 0 0 0 0 
 0 63 0 0 0 0 0 0 0 61 0 3 0 0 0 2 0 0 0 0 0 0 1 2 231 0 0 0 0 1 63 72 0 0 0 0 0 0 0 0 37 205 447 291 121 73 131 129 0 307 322 95 152 147 399 145 178 129 160 148 0 50 1 1 0 0 0 0 0 0 3 0 0 0 0 0 0 1 0 6 0 0 0 0 0 0 0 0 0 0 0 0 0 0 0 13 0 0 0 0 0 0 0 0 0 4 0 0 0 0 0 0 0 0 0 0 0 0 0 0 0 2 29 0 18 0 28 4 10 18 21 4 0 0 4 33 19 30 0 0 0 16 0 0 0 0 0 0 13 0 0 0 18 0 3 0 0 8 0 15 0 0 0 0 0 0 0 0 0 0 0 0 0 0 0 0 0 0 0 0 0 0 0 0 0 0 0 0 0 0 0 20 0 0 0 0 0 0 0 12 27 3 4 5 24 18 0 0 13 18 12 5 2 21 16 25 32 30 0 0 0 0 0 0 0 0 0 0 0 0 0 0 32 21 0 0 0 0 16 14 0 0 0 0 0 0 0 0 0 0 0 6 0 1 0 0 0 1 0 10 0 0 81 2 0 0 0 0 2 0 0 0 0 0 0 0 0 0 0 0 0 0 0 0 14 13 0 12 2 0 
 3 0 0 2 0 0 0 33 3 0 0 0 0 0 0 0 0 0 0 0 1 2 2 0 211 0 0 0 0 0 0 2 202 0 0 205 0 0 0 0 42 105 167 214 355 344 114 106 307 0 280 83 63 70 187 195 159 173 261 94 0 2 1 3 0 3 0 0 3 5 7 1 0 0 0 0 0 19 46 12 0 0 0 0 0 0 0 0 0 0 0 0 0 0 0 0 0 0 0 0 0 0 0 0 0 0 0 0 0 0 0 0 0 0 0 0 0 0 0 0 0 19 5 22 58 20 0 15 34 34 9 26 0 0 30 22 9 54 0 0 0 0 0 0 0 0 14 6 11 0 0 0 8 14 13 0 0 0 28 22 0 0 0 0 0 0 0 0 0 0 0 0 0 0 0 0 0 0 0 0 0 0 0 0 0 0 0 0 0 0 0 0 0 0 0 0 0 0 0 6 28 14 11 23 6 23 0 0 6 3 29 60 0 0 18 50 18 28 0 0 0 0 0 0 0 0 16 0 0 2 0 0 0 36 0 0 0 0 15 28 0 0 0 0 0 0 0 0 0 0 0 8 0 0 0 0 0 0 0 38 0 0 7 0 77 1 2 0 1 0 0 0 0 0 0 0 0 0 0 0 0 0 1 0 31 17 0 0 0 0 
 3 3 3 3 3 3 3 3 3 38 35 3 3 3 3 3 66 3 3 3 1 0 0 0 0 0 22 0 1 2 0 0 0 0 0 0 1 0 3 0 45 29 293 135 135 99 31 47 322 280 0 369 38 29 129 141 224 147 31 310 0 0 1 1 0 0 50 54 0 0 3 2 0 0 0 0 0 1 3 56 0 0 0 0 0 3 0 0 0 0 0 0 8 0 0 0 0 0 0 0 20 0 0 0 1 0 0 0 0 0 0 0 0 0 21 0 0 0 0 0 0 0 0 20 11 49 0 0 19 0 4 7 0 0 0 1 0 37 0 0 3 15 0 1 6 0 0 0 13 0 0 0 18 0 7 0 0 0 7 14 1 0 0 8 2 1 0 0 0 0 0 0 0 0 0 0 0 0 0 0 0 0 0 0 0 0 28 0 0 0 0 0 17 0 0 0 0 0 1 9 0 14 0 1 32 20 0 0 0 18 12 23 7 0 0 19 18 13 0 0 0 0 0 0 0 0 9 0 0 0 0 0 24 23 0 0 0 0 31 43 0 0 0 0 0 0 0 0 0 0 50 10 0 0 0 0 0 0 0 77 0 0 0 0 2 3 3 0 0 0 0 0 0 0 0 0 0 0 0 0 0 0 6 0 0 15 0 0 0 0 
 2 0 4 3 0 0 2 5 0 0 0 2 46 0 0 4 5 2 7 3 0 0 0 0 2 2 0 0 0 0 0 0 0 0 205 0 0 7 0 0 46 44 103 49 273 136 107 99 95 83 369 0 241 245 261 36 168 59 31 245 0 0 0 57 288 0 5 0 0 0 0 5 0 0 5 0 0 27 255 4 0 0 0 0 0 0 2 0 46 0 0 0 22 0 3 0 0 0 0 0 0 0 0 0 0 0 0 1 0 0 11 0 0 0 0 0 0 0 0 0 0 19 0 105 32 0 0 25 72 40 27 33 0 1 8 8 15 0 0 0 0 28 0 0 0 0 14 6 0 0 0 0 0 21 0 0 0 0 31 10 3 0 2 0 0 0 17 2 0 17 4 0 0 0 5 0 0 4 7 0 0 0 0 0 0 0 0 0 0 0 0 0 0 0 0 0 0 0 0 0 0 8 1 21 21 5 4 4 31 36 0 67 0 0 0 1 8 0 0 0 0 0 1 0 0 0 8 0 0 0 0 0 0 0 0 0 0 0 13 13 0 0 7 0 0 0 0 0 0 0 0 13 0 0 0 0 0 0 0 1 0 0 0 0 63 3 0 0 0 0 0 0 0 0 58 0 0 0 0 0 0 0 0 0 15 0 0 0 0 0 
 4 0 0 3 0 0 0 0 0 0 0 3 5 0 0 3 0 0 0 0 3 91 60 3 213 92 3 70 65 69 6 128 3 3 3 179 120 4 3 3 296 97 291 75 291 44 125 132 152 63 38 241 0 302 51 38 110 101 317 129 0 49 2 0 0 0 0 1 1 1 4 0 0 0 6 0 6 55 0 1 0 0 0 0 0 0 0 0 0 0 0 0 0 0 0 0 0 0 0 0 0 10 0 0 0 7 0 12 0 8 16 10 0 0 0 38 9 11 1 0 11 26 0 0 0 1 16 10 0 0 0 0 44 7 37 0 17 0 45 0 0 11 0 0 0 0 0 0 0 0 4 0 0 0 0 6 8 1 0 21 0 0 0 4 0 0 0 0 2 0 0 0 4 5 11 0 0 0 0 0 0 11 0 0 20 0 0 0 0 13 27 0 0 0 0 0 0 18 0 0 11 0 15 9 0 0 0 0 1 0 0 0 0 46 16 0 0 1 10 9 0 0 0 0 0 0 0 2 0 0 3 1 0 0 1 0 8 0 0 0 0 0 0 0 0 0 0 0 0 0 0 13 0 0 0 0 0 65 0 0 0 0 0 0 2 3 3 70 0 0 12 0 0 0 0 0 0 0 0 7 0 0 0 0 0 0 0 0 0 0 
 1 0 0 0 0 0 0 0 0 0 0 2 0 0 0 2 0 2 0 2 0 0 23 57 186 62 0 0 0 0 125 67 0 0 0 0 1 0 0 0 184 53 101 95 283 72 42 204 147 70 29 245 302 0 132 90 50 69 105 412 3 0 0 0 2 0 51 1 32 0 0 0 1 0 4 2 0 2 2 0 0 0 0 0 0 0 0 0 0 0 0 0 0 0 0 0 0 0 0 0 0 0 16 0 6 31 0 0 0 0 10 15 0 0 0 0 0 0 0 0 1 22 30 0 0 0 5 14 0 7 0 0 2 8 13 11 5 0 15 24 0 0 0 7 0 0 9 0 0 0 0 0 0 0 16 0 0 0 0 0 20 0 0 0 0 0 0 0 0 0 0 18 0 0 0 0 0 0 0 0 0 1 0 0 10 4 19 0 0 1 10 0 0 0 0 0 0 8 0 0 34 14 1 14 0 0 28 32 7 1 1 17 58 1 10 28 0 11 62 0 0 0 0 0 0 0 0 0 0 0 0 0 0 0 0 0 0 0 0 0 0 0 0 0 0 0 0 0 0 0 0 3 0 0 0 0 0 62 0 0 4 0 0 0 1 4 0 0 2 0 19 0 0 0 2 0 0 0 0 0 0 0 0 0 0 0 0 0 0 0 
 37 18 0 2 12 0 3 0 0 12 11 3 0 3 13 0 2 0 0 0 0 0 0 2 65 4 0 0 0 61 70 133 2 0 0 0 0 0 12 0 73 295 66 145 394 51 45 168 399 187 129 261 51 132 0 153 111 393 103 428 0 1 0 0 1 0 0 0 0 0 0 0 0 0 0 0 0 0 0 0 3 11 0 4 28 6 0 8 11 1 0 0 0 9 0 0 28 0 0 0 0 0 0 6 0 26 0 0 0 0 13 0 6 0 0 0 0 13 0 0 25 4 38 0 4 27 0 0 0 21 33 0 0 0 4 0 0 42 15 26 0 0 0 0 0 0 2 0 0 0 0 0 0 0 0 0 0 7 0 0 0 0 0 0 7 6 0 0 0 20 0 0 0 0 0 7 0 0 0 0 0 0 0 0 0 0 0 0 0 0 22 0 8 0 0 0 0 42 0 0 8 27 9 0 0 0 27 28 1 13 28 0 0 0 18 37 30 12 9 14 0 0 0 0 0 0 2 0 0 0 0 0 0 0 0 0 0 0 0 4 0 16 0 0 0 0 0 0 0 0 0 16 0 1 0 0 0 68 0 19 0 0 6 1 2 0 0 1 3 0 22 0 0 0 0 0 0 0 0 0 0 0 0 0 17 0 0 1 2 0 
 3 3 3 3 3 3 5 3 3 3 3 5 3 3 3 3 5 3 3 3 0 0 24 0 79 0 0 2 0 0 0 4 4 0 2 0 0 0 3 0 28 112 127 106 133 58 113 355 145 195 141 36 38 90 153 0 222 120 172 115 0 0 0 2 0 51 0 0 0 0 0 0 0 0 9 0 0 0 16 0 0 0 0 0 0 0 0 0 0 0 0 0 0 0 0 0 0 0 0 0 0 0 0 0 7 0 0 0 0 0 0 0 0 0 0 0 0 0 0 0 9 39 19 2 22 54 24 23 12 3 70 2 52 24 29 34 7 33 0 0 0 0 0 0 0 0 27 0 0 0 0 0 0 0 0 0 0 7 10 0 0 0 0 0 0 0 0 0 0 0 0 0 0 0 0 0 0 0 0 0 0 0 0 1 0 0 0 0 9 1 0 19 0 0 0 0 0 0 0 0 35 28 23 24 0 0 19 0 15 9 19 0 8 46 0 36 77 56 22 9 0 0 0 0 0 0 2 0 0 0 0 0 0 0 0 0 0 0 0 7 0 0 6 0 0 0 0 0 0 0 0 12 0 0 0 0 0 0 0 47 0 0 0 1 1 2 0 66 2 0 34 0 0 0 0 0 0 0 0 0 0 0 0 0 21 14 0 13 0 0 
 3 0 0 0 0 0 6 0 0 47 0 0 0 0 2 0 0 0 0 0 0 0 0 0 3 66 0 0 0 0 0 0 0 0 0 0 4 0 0 0 27 184 78 84 188 85 35 113 178 159 224 168 110 50 111 222 0 51 291 181 0 49 0 4 55 0 22 0 1 0 0 0 3 2 0 0 0 1 128 22 0 0 0 0 0 0 0 0 0 0 0 0 0 0 0 0 0 0 0 0 6 0 0 0 0 0 0 0 0 0 0 0 0 0 0 0 0 0 0 0 0 8 9 15 13 50 20 0 2 0 0 12 0 8 0 0 41 20 0 0 0 0 0 9 0 5 0 9 0 4 0 0 3 0 3 0 0 0 1 13 0 0 0 0 7 0 0 0 0 0 0 0 0 0 0 0 0 0 0 0 0 0 0 0 0 0 0 0 0 0 0 0 7 0 0 0 0 0 0 0 0 14 35 43 19 3 13 0 0 0 10 0 0 46 13 23 18 29 0 0 0 21 10 12 0 0 33 10 0 5 0 1 0 0 0 2 0 0 15 19 0 0 0 0 0 0 0 0 0 0 0 8 0 2 0 0 0 0 0 22 0 2 1 0 16 3 0 43 1 0 0 0 0 0 0 0 0 0 0 0 0 0 0 0 7 0 0 0 1 0 
 0 0 0 0 0 0 2 0 0 0 0 2 0 0 0 0 0 0 0 0 0 0 0 3 0 0 0 0 0 0 0 0 0 0 0 0 4 62 0 0 87 134 388 246 158 57 96 122 129 173 147 59 101 69 393 120 51 0 125 35 57 0 1 0 0 0 0 1 0 0 0 0 13 0 0 0 0 17 0 6 0 0 0 0 0 0 0 0 0 0 0 0 0 0 0 0 0 0 0 0 0 0 0 0 0 0 0 0 0 0 0 0 0 0 0 18 0 0 0 0 9 0 2 5 33 46 0 0 0 2 20 18 0 28 0 11 2 46 0 0 31 13 0 1 0 0 0 9 14 0 0 0 0 11 14 0 0 9 4 22 0 0 0 0 0 0 0 0 0 0 0 0 0 0 0 0 0 0 0 0 0 4 0 0 0 0 0 0 0 0 0 0 0 0 1 0 0 0 0 0 22 16 12 9 0 14 0 0 2 0 22 0 0 16 13 30 31 67 0 0 0 8 0 0 0 0 11 12 0 0 0 0 39 22 0 0 0 20 34 41 0 0 0 0 0 0 0 0 0 0 0 11 0 0 0 0 0 0 0 14 0 0 70 63 2 1 3 0 0 0 0 0 0 0 0 0 0 0 0 0 0 0 6 0 13 29 0 0 0 0 
 0 0 0 0 0 0 0 0 0 0 0 0 0 0 0 0 0 0 0 1 0 0 0 64 69 123 0 32 0 0 0 0 0 78 68 2 0 0 0 0 98 175 35 78 46 34 106 134 160 261 31 31 317 105 103 172 291 125 0 169 9 50 0 1 0 0 0 4 5 1 0 0 0 0 5 0 0 4 10 1 0 21 0 0 0 0 0 0 0 0 0 0 0 19 0 0 0 0 0 0 0 14 0 1 14 11 0 28 8 6 15 7 0 0 0 26 3 0 0 0 10 29 20 0 0 9 31 2 0 0 7 10 11 7 30 0 22 9 0 9 0 0 0 0 0 0 0 0 0 1 0 0 0 4 0 4 0 8 0 0 0 0 55 0 0 0 0 1 0 0 0 2 0 0 0 0 0 0 0 0 0 0 0 0 5 0 0 8 0 0 13 0 0 0 0 12 8 8 0 0 7 0 38 13 0 0 29 0 21 0 9 0 0 27 53 49 22 9 0 0 1 8 1 1 0 3 0 5 7 0 0 4 0 0 12 13 0 13 0 0 0 0 0 0 0 0 0 0 0 0 0 10 0 0 0 0 0 28 1 0 0 0 3 63 0 0 1 10 0 0 17 0 0 0 0 0 0 0 0 0 0 0 0 0 21 0 0 0 0 0 
 0 0 0 0 7 1 0 0 9 0 6 0 0 0 0 0 0 5 0 0 2 0 1 0 123 95 5 0 4 44 112 23 13 0 0 1 0 61 1 0 117 81 48 58 81 70 32 74 148 94 310 245 129 412 428 115 181 35 169 0 0 0 0 0 0 0 0 0 0 0 0 0 0 0 0 15 0 0 0 0 0 0 0 9 0 0 0 0 28 4 6 6 0 0 0 0 0 8 0 0 7 0 0 9 3 13 0 0 0 0 0 11 0 0 0 0 0 0 0 1 0 33 73 0 0 3 51 18 0 2 0 0 13 0 14 11 30 7 0 0 0 0 0 0 0 0 4 0 0 0 0 0 0 0 0 0 0 9 1 0 8 0 0 15 34 0 0 0 0 0 0 37 1 0 0 0 1 0 0 0 0 0 0 0 11 0 15 0 5 0 2 19 0 0 0 0 0 0 0 0 9 0 13 28 0 0 43 24 21 8 9 1 24 41 5 0 13 2 29 0 0 0 0 0 0 0 0 0 0 0 0 0 0 0 0 0 0 0 0 0 0 7 1 0 0 0 0 0 0 26 0 7 0 2 0 0 0 0 1 2 16 0 0 0 2 1 2 80 0 0 19 0 0 0 0 0 0 0 0 1 0 0 0 0 0 0 0 15 1 0 
 0 0 0 0 0 0 0 0 0 0 0 6 0 1 3 0 0 0 0 0 0 1 0 0 0 0 3 0 0 0 0 0 0 0 0 0 0 0 0 0 0 0 0 25 0 1 0 0 0 0 0 0 0 3 0 0 0 57 9 0 0 103 300 54 239 128 144 114 82 454 41 306 107 130 100 239 75 136 102 314 0 0 0 0 0 0 0 0 0 0 0 0 0 0 0 0 0 0 0 0 0 0 0 0 0 27 0 0 0 0 0 0 0 0 0 0 0 0 0 0 0 0 0 0 1 6 0 0 0 0 0 0 0 0 0 0 0 0 0 0 0 0 0 11 1 0 1 0 12 2 9 0 13 6 0 0 0 18 0 0 0 8 1 0 0 0 4 0 0 0 0 0 0 0 0 0 0 0 3 0 0 0 0 0 0 0 0 0 0 0 0 0 0 0 0 0 0 0 0 0 0 0 0 0 0 9 0 0 0 0 0 0 0 0 0 0 0 0 0 0 4 20 1 17 0 15 0 8 29 10 13 22 31 11 56 2 0 57 0 17 0 0 0 12 0 0 0 0 0 0 0 0 0 0 0 0 20 0 0 0 0 0 0 77 0 0 15 0 0 0 2 2 27 0 2 2 0 0 0 0 0 0 0 0 0 0 0 0 0 0 
