 0 421 157 141 242 20 200 51 43 21 536 238 66 44 107 50 245 33 144 130 1 2 0 0 0 69 3 2 0 0 5 2 2 0 0 0 2 0 0 3 0 2 2 0 0 2 0 2 6 0 0 2 2 0 0 2 3 0 0 0 0 0 3 0 0 0 0 0 0 0 0 0 34 0 1 3 0 0 1 0 47 21 1 23 0 2 2 28 12 12 16 3 21 11 10 16 0 11 0 49 0 0 0 0 0 0 2 0 2 0 0 0 0 0 0 1 0 0 0 0 0 0 0 0 0 1 0 0 0 0 0 0 0 1 0 0 0 0 0 0 0 1 0 0 0 0 0 0 0 0 0 0 0 0 0 0 0 0 0 0 29 0 0 16 19 0 27 21 10 1 11 10 0 10 3 26 10 0 24 29 0 0 0 0 0 0 0 0 0 0 0 0 1 0 0 0 0 0 0 0 0 0 0 0 0 0 0 2 10 0 0 0 0 0 0 0 0 0 0 0 0 0 0 0 0 0 0 0 0 0 0 0 0 3 2 0 0 0 0 0 0 0 0 0 0 1 2 0 2 2 2 0 0 0 0 0 0 0 0 0 0 0 0 0 0 0 0 0 0 0 0 0 0 0 0 9 0 0 0 0 0 0 0 0 0 0 0 0 0 0 
 421 0 100 134 139 114 159 241 41 16 337 508 100 115 78 436 167 254 47 139 1 0 0 4 2 3 6 0 0 0 3 2 1 3 2 0 1 0 76 3 0 1 0 0 3 3 2 2 3 0 23 2 2 0 0 2 3 0 0 0 6 0 3 0 47 0 0 0 0 4 0 0 1 0 6 2 1 0 0 0 0 31 17 52 14 25 9 42 5 14 62 13 0 22 26 10 31 26 0 14 0 0 0 0 0 0 14 0 0 0 0 0 0 0 0 7 0 0 11 1 0 0 0 0 0 0 7 0 0 0 0 0 1 0 0 0 0 10 1 0 0 2 1 0 0 0 0 18 3 0 0 0 0 1 3 0 0 0 0 0 0 1 21 26 11 1 10 15 32 20 0 12 0 16 23 12 13 48 0 11 0 0 0 0 0 0 0 0 0 0 0 0 16 0 0 0 0 0 13 0 0 0 0 0 0 0 0 0 13 0 0 0 0 0 0 0 0 0 0 0 0 0 0 0 0 0 0 0 0 0 0 0 0 0 0 0 0 0 0 0 0 0 0 0 0 1 90 0 0 1 0 13 0 0 0 0 0 0 0 0 0 0 0 0 0 0 0 0 0 0 0 0 0 0 0 0 0 0 0 0 0 0 0 0 0 0 0 0 0 0 
 157 100 0 318 72 150 56 571 156 313 80 22 184 205 548 37 153 41 183 133 0 0 0 2 0 1 3 0 0 0 3 2 3 1 0 0 60 0 0 3 0 3 9 0 0 0 0 6 3 0 3 5 5 0 1 5 5 0 0 0 0 0 5 0 0 3 0 0 48 0 0 0 0 0 1 0 3 3 0 0 20 8 31 16 9 9 30 9 0 37 0 24 43 9 21 11 0 0 0 14 0 0 2 0 0 0 0 0 0 0 0 0 0 0 0 0 0 0 0 0 0 0 0 0 0 0 0 0 0 0 0 0 0 0 0 0 0 1 0 0 0 0 0 0 0 0 0 0 0 0 0 0 0 0 0 0 0 0 0 0 0 11 1 14 34 6 42 28 14 23 0 32 0 17 0 34 2 15 0 0 9 0 1 0 0 0 0 0 0 0 0 0 0 0 2 0 0 0 0 0 0 0 0 0 0 0 0 0 0 2 2 0 0 0 0 0 0 0 0 1 0 0 0 0 0 0 0 0 0 0 0 0 0 0 0 0 0 0 0 0 0 36 0 0 0 1 90 0 3 1 16 3 0 0 0 0 0 0 0 0 0 0 0 0 0 0 0 0 1 0 0 0 0 0 0 1 8 0 0 0 0 0 0 0 0 0 0 0 0 0 
 141 134 318 0 274 28 84 180 396 194 193 56 333 192 270 47 94 84 179 333 74 0 0 8 0 0 78 0 0 0 3 2 2 0 0 0 2 0 74 78 0 2 0 0 0 0 0 2 6 0 0 0 2 0 1 2 3 0 0 0 0 0 3 0 0 0 0 0 0 0 0 0 0 0 1 2 0 0 0 0 18 15 0 26 0 6 17 53 0 34 0 32 45 1 19 20 24 39 0 18 14 0 0 0 11 0 0 17 0 0 0 0 0 0 0 10 0 0 25 14 0 0 0 0 0 0 0 0 0 0 0 0 0 0 0 0 0 10 0 0 0 0 0 0 0 0 0 6 0 0 0 0 0 0 0 0 0 0 0 0 0 16 0 24 0 23 29 0 1 22 0 33 0 14 16 52 0 10 0 21 0 6 0 10 0 0 0 0 0 0 0 0 17 0 16 0 0 0 23 0 0 0 0 0 0 0 0 0 0 0 0 0 0 0 0 0 0 0 0 10 0 0 0 0 0 0 0 0 0 0 0 0 0 0 0 0 0 0 0 0 0 0 0 0 0 0 0 0 2 1 9 3 0 0 0 0 0 0 0 0 0 0 11 0 0 0 0 0 0 0 0 0 0 0 0 4 10 0 0 0 0 0 0 0 0 0 0 0 0 0 
 242 139 72 274 0 170 50 164 93 76 195 349 285 281 223 383 482 45 63 147 74 0 2 0 0 1 75 92 70 0 3 2 37 62 2 1 0 0 3 152 0 2 2 0 0 0 0 4 3 4 0 2 6 0 2 2 3 0 2 0 0 0 3 0 0 0 3 0 44 2 0 0 0 0 1 2 12 0 0 0 0 16 0 39 26 75 20 17 0 2 0 24 15 12 0 10 41 0 0 0 8 20 0 0 0 0 0 14 0 0 13 0 0 1 0 36 0 0 51 14 0 0 0 0 10 0 0 0 0 0 0 0 0 0 0 0 0 10 0 0 0 0 0 0 0 0 0 13 0 0 0 0 0 0 2 0 0 0 0 0 1 19 9 2 7 19 4 0 14 25 0 22 0 12 12 14 5 2 0 0 20 1 0 1 0 0 0 11 0 0 9 0 13 0 16 0 0 0 3 0 0 0 0 0 0 0 0 0 0 0 0 0 0 0 0 0 0 0 0 0 2 0 0 0 0 0 0 0 0 0 1 0 2 0 0 0 0 2 0 0 0 0 0 0 0 2 0 1 90 44 2 6 0 0 0 0 0 0 0 0 1 0 0 0 0 0 0 0 0 0 0 0 0 0 0 14 2 21 0 0 0 0 0 0 0 0 0 0 0 0 
 20 114 150 28 170 0 21 208 328 67 412 141 38 41 84 143 77 168 34 94 75 0 75 0 0 0 96 0 1 2 3 2 2 73 72 0 0 0 183 79 0 1 0 0 0 0 0 2 3 0 2 1 2 0 0 2 3 0 0 0 0 32 8 0 0 0 0 0 0 0 0 0 0 0 1 4 0 0 0 0 9 17 28 18 21 11 0 0 25 0 38 11 0 0 13 0 20 0 0 0 9 0 5 13 0 2 21 20 0 0 0 0 14 35 27 1 0 0 0 30 0 0 0 0 0 0 0 0 0 0 0 0 0 0 0 0 0 0 0 0 0 1 0 24 0 0 0 0 0 0 0 0 0 1 25 0 0 0 0 0 0 19 3 0 13 0 12 0 10 13 19 12 0 1 0 0 31 0 0 0 22 38 18 0 0 1 37 10 0 0 18 0 0 1 13 1 22 0 14 12 14 0 0 0 20 0 0 0 0 0 0 0 2 2 0 0 0 0 0 0 0 0 0 0 0 0 0 0 0 0 0 0 0 0 0 0 2 0 0 0 0 18 0 0 1 0 1 0 0 174 0 8 12 0 0 0 0 0 0 0 0 6 0 2 0 0 0 0 0 0 0 0 0 0 0 1 13 0 0 0 0 0 0 0 0 0 0 0 0 0 
 200 159 56 84 50 21 0 91 61 35 20 23 181 56 217 356 119 120 40 148 1 2 2 2 2 0 3 0 0 2 3 6 3 2 0 2 2 2 2 3 2 2 0 0 0 2 0 2 3 2 64 1 2 0 0 2 4 2 0 0 0 0 3 0 0 0 0 0 0 1 0 0 50 0 0 0 0 0 0 0 16 16 1 1 0 0 0 24 32 0 15 0 0 16 14 11 0 8 8 53 0 0 0 0 0 0 2 0 0 0 0 0 0 0 0 0 0 0 0 0 0 0 0 0 0 0 0 0 0 0 0 0 0 1 0 0 0 0 0 0 2 0 0 0 0 0 0 0 0 0 0 0 0 0 0 0 0 0 0 0 36 0 8 11 0 0 0 11 13 16 8 0 11 0 0 0 0 0 0 0 0 0 0 0 0 0 0 0 0 0 0 0 0 0 0 0 0 0 0 0 0 0 0 0 1 0 0 0 0 0 0 0 0 0 0 0 3 0 0 0 0 0 0 0 0 0 0 0 0 0 0 10 0 0 2 0 0 0 0 0 0 0 0 0 0 0 0 0 1 0 2 0 0 0 0 0 0 1 0 0 0 0 0 0 0 0 0 0 0 0 0 0 0 0 0 0 0 0 0 0 0 0 0 0 0 0 0 0 0 0 
 51 241 571 180 164 208 91 0 235 134 126 126 125 180 235 195 33 57 101 34 0 0 0 0 0 0 3 0 0 0 3 2 3 0 3 1 0 2 74 3 0 2 0 0 0 0 0 3 3 0 12 2 2 0 0 2 3 1 1 0 26 0 7 0 0 0 0 0 0 0 0 0 0 0 2 37 0 0 1 0 27 21 17 32 33 29 28 0 0 16 0 11 18 26 20 16 34 0 0 0 0 0 0 0 0 0 19 0 0 0 0 0 0 0 0 2 0 0 0 21 0 0 0 0 0 0 0 0 0 0 0 0 0 0 0 0 0 0 0 0 0 0 0 0 0 0 0 0 0 0 0 0 0 0 0 0 0 0 0 0 16 16 30 13 28 7 37 8 20 15 0 29 0 13 9 0 57 29 0 0 18 0 0 2 0 0 0 0 0 0 0 0 0 0 0 0 0 0 14 0 0 0 0 0 1 0 0 0 0 0 0 0 1 1 0 0 15 0 0 0 0 0 0 0 0 0 0 0 0 0 0 0 0 0 0 0 0 0 0 0 0 0 0 0 0 1 49 0 2 91 0 13 12 0 0 0 0 0 0 0 0 0 0 0 0 0 0 0 0 0 0 0 0 0 0 1 12 0 0 0 0 0 0 0 0 0 0 0 0 0 
 43 41 156 396 93 328 61 235 0 165 153 319 86 98 201 362 249 474 92 65 0 0 2 6 0 0 3 2 0 2 3 2 2 0 0 4 2 0 73 4 0 2 70 2 3 0 0 2 3 2 2 2 2 0 0 2 5 0 0 0 0 0 3 0 0 0 0 0 0 0 0 0 0 0 2 3 0 0 1 0 11 31 28 22 12 26 8 0 15 33 84 14 15 0 11 22 3 11 0 0 10 1 0 0 0 0 50 1 0 0 0 0 19 2 0 0 0 0 19 30 0 0 0 0 0 0 0 0 0 0 18 0 0 0 0 0 0 0 0 0 4 0 0 0 1 0 0 0 0 0 0 0 0 0 0 0 0 0 0 0 1 17 37 0 58 25 4 0 1 0 3 9 2 2 0 0 9 16 0 0 22 0 1 0 6 0 0 1 0 0 0 0 5 14 0 1 15 0 18 11 0 0 0 0 0 0 0 0 25 0 0 0 0 0 0 0 0 0 0 0 1 0 0 0 0 0 0 0 0 0 1 0 0 0 0 1 0 1 0 0 0 12 0 0 0 0 87 0 1 5 2 7 4 0 0 0 0 0 0 0 1 0 0 0 0 0 0 0 0 0 0 0 0 0 0 0 26 17 0 0 0 0 0 0 0 0 0 0 0 0 
 21 16 313 194 76 67 35 134 165 0 133 84 223 120 121 218 251 243 77 95 1 0 3 3 0 2 40 0 1 0 4 2 81 0 0 20 0 0 127 75 0 4 3 0 0 1 0 7 3 0 0 3 5 0 1 68 6 0 0 0 0 0 5 0 0 3 0 0 0 0 0 0 0 0 3 2 3 3 0 0 0 0 12 2 10 2 0 0 14 45 0 43 0 18 1 7 22 62 0 0 0 0 1 0 0 0 13 0 16 23 0 0 10 8 0 2 0 0 13 0 0 0 0 0 0 8 0 0 0 0 0 32 0 0 0 0 0 0 0 0 3 0 0 0 0 0 0 0 0 0 0 14 0 0 0 0 0 0 0 0 0 14 10 0 21 17 0 0 16 0 24 15 0 10 0 0 37 10 14 0 15 9 1 2 0 0 14 0 0 0 0 0 36 32 21 10 2 0 52 25 0 0 0 0 1 0 0 0 12 0 0 0 1 1 8 0 0 0 0 0 0 0 0 10 0 0 0 0 0 0 0 0 0 0 0 0 0 0 0 0 0 0 0 0 0 0 4 1 2 1 1 18 0 8 0 0 0 0 0 0 0 0 6 0 0 0 0 0 0 0 0 0 0 0 0 11 0 12 0 0 0 0 0 0 0 0 0 0 0 0 
 536 337 80 193 195 412 20 126 153 133 0 84 125 25 350 59 401 122 31 37 3 2 0 4 0 2 79 2 2 2 5 4 3 0 0 2 0 2 50 3 0 3 0 0 1 0 0 2 3 1 0 4 3 0 0 2 3 0 0 0 0 0 2 0 1 0 0 2 0 0 0 0 0 0 3 3 0 0 2 0 0 10 9 18 30 0 0 17 0 20 13 12 0 0 14 0 11 12 0 0 0 0 0 0 0 0 14 47 0 0 0 0 14 13 10 0 0 0 0 18 0 0 0 0 0 0 0 0 0 0 0 0 0 0 0 0 0 0 0 0 0 0 0 0 0 0 0 2 0 0 0 0 0 0 0 0 0 13 0 0 0 0 0 10 0 13 19 0 10 0 0 0 0 9 14 19 1 0 1 0 0 20 0 0 0 0 0 0 0 0 0 0 29 0 17 0 0 0 10 0 12 0 0 0 0 0 0 0 0 0 0 0 0 0 0 0 0 0 0 0 0 0 0 0 0 0 0 0 0 0 0 0 0 0 0 0 0 0 0 0 0 0 0 0 0 2 4 2 0 55 1 13 0 0 0 0 0 0 0 1 0 0 24 0 0 0 0 1 0 0 0 0 0 0 0 9 13 0 0 0 0 0 0 0 0 0 0 0 0 0 
 238 508 22 56 349 141 23 126 319 84 84 0 32 64 27 196 318 224 12 146 0 0 3 0 0 0 82 0 0 0 3 2 2 1 0 0 3 1 5 76 0 4 0 0 0 1 0 2 5 0 8 3 3 0 0 2 3 0 0 0 0 0 3 0 0 0 0 0 0 0 0 0 0 0 2 3 0 0 1 45 0 0 0 23 89 13 0 0 0 0 15 10 0 9 0 38 43 16 0 0 11 14 0 0 0 0 0 55 0 0 0 0 24 13 10 7 0 0 12 41 0 0 0 10 0 0 0 0 0 0 0 0 0 0 0 0 0 2 0 0 5 0 0 0 0 0 0 0 0 0 0 0 0 0 0 0 0 15 0 0 0 14 24 5 0 11 20 0 45 11 10 3 0 21 14 3 14 17 1 0 1 10 0 0 0 0 0 0 1 0 0 0 0 24 11 14 0 0 11 15 12 0 0 0 0 0 0 0 14 0 0 0 0 0 1 0 0 0 0 0 0 0 0 0 0 0 0 0 0 0 3 0 0 0 0 0 0 0 0 0 0 0 0 0 0 2 131 2 89 148 0 5 31 0 0 0 0 0 0 0 0 0 0 0 0 0 0 0 0 0 0 0 0 0 0 1 14 31 0 0 0 0 0 0 0 0 0 0 0 0 
 66 100 184 333 285 38 181 125 86 223 125 32 0 99 181 301 328 29 96 469 0 3 0 0 2 1 3 0 1 0 3 2 1 0 0 0 0 0 0 3 0 4 0 0 4 0 0 2 3 0 3 2 2 0 1 2 3 6 0 0 0 0 4 0 42 0 0 0 2 0 0 0 1 0 0 1 0 0 0 0 15 0 0 33 0 13 26 40 0 34 21 0 0 0 0 2 3 49 14 15 0 0 1 21 0 0 0 0 0 0 0 0 0 0 0 7 0 11 0 0 0 0 2 0 0 0 7 0 0 0 0 0 0 0 0 0 0 13 0 0 0 0 0 0 0 0 0 0 0 0 0 0 0 0 0 0 0 0 1 0 0 11 25 1 19 0 18 14 2 0 13 44 5 36 5 24 14 0 0 15 0 0 2 0 0 0 0 0 0 0 0 0 1 0 14 0 0 0 0 0 0 0 0 0 0 0 0 0 0 1 1 0 0 0 0 0 0 0 0 2 0 0 0 0 0 0 0 0 0 0 0 0 0 0 0 0 0 0 0 0 0 0 0 0 0 1 0 0 2 1 55 14 0 0 0 0 0 0 0 0 2 0 0 0 0 2 0 0 0 0 0 0 0 0 0 13 0 0 0 0 0 0 0 0 0 0 0 0 0 0 
 44 115 205 192 281 41 56 180 98 120 25 64 99 0 178 231 219 36 214 273 0 5 0 0 0 1 6 0 0 0 3 6 1 3 0 3 0 0 0 3 0 3 0 0 0 0 0 2 3 0 72 0 2 0 3 2 5 0 0 0 0 0 3 0 0 0 0 0 0 0 0 0 4 5 0 7 0 0 3 0 1 25 31 18 11 39 0 22 11 0 15 52 33 23 26 39 22 0 0 14 0 0 0 0 9 0 0 0 0 0 0 0 0 0 0 0 0 0 20 1 0 24 0 1 0 0 0 0 0 0 0 0 0 0 0 0 0 0 0 0 0 0 2 0 0 0 0 83 0 0 0 0 0 0 0 0 1 12 0 0 8 13 9 35 0 15 15 12 26 36 2 1 0 26 33 16 0 26 14 0 0 0 0 0 0 0 3 0 0 12 0 0 15 0 0 0 0 0 0 0 2 0 2 0 0 0 0 0 1 0 0 0 0 0 0 0 0 0 0 0 0 0 0 0 0 0 9 0 0 0 0 0 0 0 0 0 0 0 0 0 0 0 13 0 0 2 89 0 1 0 13 2 0 0 0 0 0 0 0 0 0 0 0 0 0 0 2 0 0 0 0 0 0 0 0 0 0 0 0 0 0 0 0 0 0 0 0 0 0 0 
 107 78 548 270 223 84 217 235 201 121 350 27 181 178 0 71 60 36 143 221 2 5 0 2 0 2 5 6 2 2 6 5 5 0 0 2 1 4 0 4 0 4 0 8 2 2 2 2 4 0 6 2 26 0 0 2 3 2 0 1 0 0 2 0 4 0 0 0 0 0 0 0 0 0 3 3 2 0 2 6 24 50 0 15 0 10 26 27 1 73 0 14 13 3 21 14 8 1 0 13 0 0 0 0 0 0 0 0 0 0 0 0 0 0 0 0 0 2 18 0 0 2 0 0 0 0 0 0 0 0 0 0 0 0 0 0 0 0 0 0 0 0 1 0 0 0 0 0 0 10 0 0 0 0 0 0 0 0 0 0 0 15 14 6 15 8 15 2 0 27 1 17 1 44 1 10 10 12 13 0 0 0 0 10 0 0 1 0 0 0 0 0 0 29 0 0 0 0 0 0 9 0 22 0 0 0 0 0 0 0 0 9 0 0 0 0 0 2 0 0 0 2 0 0 0 0 0 0 0 0 0 0 0 0 0 0 0 0 0 0 0 0 0 0 0 1 0 0 0 4 18 3 0 0 0 0 0 0 0 0 0 0 0 0 0 0 0 0 0 0 0 0 0 1 0 7 8 0 0 0 0 0 0 0 0 0 0 0 0 0 
 50 436 37 47 383 143 356 195 362 218 59 196 301 231 71 0 184 138 46 69 0 1 0 0 0 95 3 0 0 2 3 2 76 0 0 0 0 1 42 3 0 3 0 0 0 0 0 2 3 0 0 2 3 0 0 2 3 0 0 0 0 0 2 0 0 1 0 0 0 0 0 1 0 0 3 4 0 0 2 0 0 49 23 22 17 56 0 0 3 0 25 48 0 1 46 34 16 8 0 21 0 2 0 0 17 0 16 0 0 0 0 0 1 0 0 0 0 0 32 43 0 0 0 2 0 0 0 0 0 0 1 0 0 19 0 0 0 0 0 0 1 0 0 0 0 0 0 0 0 0 0 0 0 0 0 1 0 0 0 0 0 15 36 50 1 1 10 0 10 35 0 0 6 0 15 0 29 10 0 9 0 0 0 0 0 0 23 0 0 0 0 0 24 1 0 0 0 0 0 0 0 0 0 2 0 0 2 0 1 0 0 0 0 34 0 0 0 0 0 0 0 0 11 14 1 0 1 1 0 0 0 0 0 0 0 0 0 0 0 0 0 0 0 0 0 2 3 0 0 88 1 25 13 0 2 0 0 0 0 0 0 0 0 0 0 0 0 0 0 0 0 0 0 0 0 0 47 0 0 0 0 0 0 0 0 2 0 0 0 0 
 245 167 153 94 482 77 119 33 249 251 401 318 328 219 60 184 0 80 133 90 0 0 1 2 0 0 83 0 0 0 3 2 79 0 25 0 0 0 74 3 0 3 0 0 0 0 0 2 3 0 0 4 3 0 0 2 4 0 0 0 0 0 2 0 0 0 0 0 0 0 0 0 0 0 3 3 0 0 2 0 0 11 1 0 0 32 0 22 16 52 39 62 2 28 3 1 29 20 0 2 0 0 0 0 0 0 12 14 11 0 2 0 16 14 0 0 0 0 9 51 0 0 0 0 0 0 0 0 2 0 0 0 1 0 0 0 0 10 0 0 0 0 0 0 0 0 0 6 0 0 2 0 0 0 0 0 0 0 0 0 0 41 6 21 39 25 0 2 18 73 9 2 0 11 0 1 14 47 0 0 15 0 0 0 0 1 0 0 0 0 12 0 39 0 0 0 16 0 12 9 0 0 4 0 0 0 0 0 0 0 0 0 0 0 0 0 0 0 0 11 0 0 0 0 0 0 0 0 0 2 0 0 0 0 0 0 0 0 0 0 0 1 0 0 0 4 0 0 0 2 10 12 11 0 0 0 0 0 0 0 0 0 7 0 0 1 0 0 0 2 0 0 0 0 0 10 0 0 0 0 0 0 0 0 0 0 0 0 0 0 
 33 254 41 84 45 168 120 57 474 243 122 224 29 36 36 138 80 0 35 30 0 0 1 0 5 0 80 0 0 0 6 2 150 0 0 0 0 4 82 68 0 0 0 0 0 1 0 2 3 0 0 2 2 0 0 2 2 0 0 3 0 0 3 0 0 0 0 0 0 2 0 0 0 0 0 0 2 0 2 0 0 16 14 16 32 0 0 1 0 12 46 0 0 14 4 10 0 7 0 0 15 0 0 0 0 0 26 0 10 0 0 0 36 24 1 0 0 5 13 17 0 1 0 2 0 22 0 0 0 0 0 0 0 0 0 0 0 0 0 0 8 15 0 0 0 1 0 0 1 0 0 0 0 0 0 0 0 0 0 0 0 1 1 0 14 15 0 0 16 0 11 0 0 0 0 4 0 43 0 0 22 1 1 10 0 0 19 0 0 0 0 0 18 9 0 10 0 0 25 16 7 0 0 2 0 0 0 0 12 0 0 0 0 0 0 0 0 0 0 0 14 0 0 0 0 0 0 0 0 0 0 0 0 0 0 0 0 0 0 0 0 0 0 0 0 4 5 3 0 4 0 13 10 2 0 0 0 0 2 0 0 0 0 0 0 0 0 0 0 0 0 0 0 0 0 10 13 9 0 0 0 0 0 0 0 2 0 0 0 0 
 144 47 183 179 63 34 40 101 92 77 31 12 96 214 143 46 133 35 0 281 0 1 0 0 0 0 7 0 0 0 3 2 2 0 0 0 0 0 0 3 0 2 0 0 0 0 0 2 7 0 0 32 2 0 0 6 3 0 30 0 0 0 3 0 0 0 0 0 0 0 0 0 0 4 2 5 0 0 0 0 59 0 0 0 0 11 20 8 0 0 0 14 30 0 7 10 0 0 12 14 0 0 0 0 0 0 0 0 0 0 0 0 0 0 0 0 0 0 0 0 0 0 0 0 0 0 0 0 0 0 0 0 0 0 33 0 0 0 0 0 0 0 0 0 0 0 0 0 0 0 0 0 0 0 0 0 0 0 0 0 50 0 0 11 28 0 0 43 0 10 0 10 1 10 13 19 10 12 18 13 0 0 0 0 0 0 0 0 0 0 0 0 0 0 0 0 0 0 0 0 0 0 0 0 0 0 0 0 0 0 0 0 0 0 0 0 0 0 0 0 3 0 0 0 0 0 0 0 0 0 0 0 0 0 0 0 0 0 0 0 0 0 0 0 0 1 0 0 2 0 14 5 0 0 0 0 0 0 0 0 0 0 0 0 0 0 0 0 0 0 0 0 0 0 0 0 0 0 0 0 0 0 0 0 0 0 0 0 0 1 
 130 139 133 333 147 94 148 34 65 95 37 146 469 273 221 69 90 30 281 0 75 0 0 0 0 0 5 0 0 0 3 2 4 0 0 0 0 0 0 3 63 3 0 0 0 0 0 2 3 0 0 1 3 0 0 2 3 0 0 0 0 0 1 0 0 0 0 0 0 0 0 0 0 0 3 3 0 0 3 0 1 0 0 14 0 5 0 21 0 35 0 18 0 0 0 15 2 0 11 20 0 0 0 0 0 0 0 0 0 0 0 0 0 0 0 0 0 0 0 0 0 1 0 0 0 0 0 0 0 0 0 0 0 0 0 0 0 0 0 0 0 0 2 0 1 2 0 4 0 0 0 0 0 0 0 0 0 0 11 0 0 31 14 34 1 0 28 2 4 38 2 1 0 28 28 14 1 25 0 0 0 0 0 0 0 0 2 0 0 0 0 0 0 0 0 0 0 0 0 0 15 0 2 0 0 0 0 0 2 0 0 0 0 0 0 0 0 0 0 0 0 31 0 1 1 0 0 0 0 0 0 0 0 0 0 0 0 0 0 0 0 0 0 0 0 0 4 0 0 0 11 7 0 0 0 8 0 0 0 0 0 0 0 0 0 0 1 0 0 0 0 0 0 0 0 15 0 0 0 0 0 0 0 0 0 0 0 0 1 0 
 1 1 0 74 74 75 1 0 0 1 3 0 0 0 2 0 0 0 0 75 0 94 237 40 116 41 131 198 141 179 31 190 216 127 34 133 397 31 263 284 21 0 0 0 0 0 0 0 0 1 1 1 4 0 0 8 0 0 90 0 0 3 5 0 0 0 9 0 0 0 0 51 0 0 0 0 0 0 0 0 0 0 2 0 2 20 0 0 0 0 0 1 0 0 0 7 0 1 0 0 20 14 6 0 0 0 9 27 0 2 27 1 12 1 11 1 7 3 15 0 0 0 0 0 0 0 2 0 0 0 0 1 46 9 0 0 4 0 16 0 0 0 0 1 0 0 0 0 0 0 0 0 0 0 4 0 1 0 6 0 0 0 0 0 0 1 0 0 0 0 0 0 0 0 7 0 0 0 0 0 17 53 21 13 24 0 8 56 5 18 26 1 30 0 19 2 46 32 9 4 0 0 0 0 0 0 0 0 0 0 0 0 12 0 0 0 0 0 0 2 0 0 0 0 0 0 0 0 0 0 0 0 0 0 2 0 0 0 0 0 0 0 0 0 0 0 0 0 0 0 0 0 0 0 14 0 2 76 0 0 1 44 0 0 0 0 26 0 0 0 0 0 0 0 0 0 0 0 0 0 0 0 0 0 0 9 2 0 0 0 
 2 0 0 0 0 0 2 0 0 0 2 0 3 5 5 1 0 0 1 0 94 0 307 204 138 54 196 233 176 123 223 188 62 114 135 342 68 135 34 49 0 0 0 0 62 0 0 0 0 0 1 2 64 0 0 4 0 5 33 1 1 3 0 48 0 0 26 1 0 3 0 42 0 3 3 0 30 0 0 0 0 0 0 0 0 0 0 0 0 0 0 2 0 0 0 0 0 0 0 0 13 1 0 12 1 0 0 22 15 17 19 17 0 12 0 0 0 12 0 0 10 0 0 0 0 0 0 0 0 0 0 0 13 58 23 0 0 0 14 0 0 0 0 0 0 0 0 0 0 0 0 0 0 0 0 0 0 0 3 11 0 0 0 0 0 0 0 0 0 0 0 0 0 0 4 0 0 0 0 0 20 0 0 93 0 0 8 41 12 29 39 22 5 21 0 20 17 19 0 20 19 4 0 0 0 0 0 0 0 0 0 1 0 0 0 0 0 0 0 0 0 0 0 0 0 0 0 0 0 0 0 0 0 0 0 0 0 0 0 0 0 0 0 0 0 0 0 0 0 0 0 0 0 0 2 1 1 1 0 0 0 1 0 0 0 0 0 0 0 0 0 0 0 0 0 0 0 0 0 0 0 29 0 0 0 0 0 0 0 0 
 0 0 0 0 2 75 2 0 2 3 0 3 0 0 0 0 1 1 0 0 237 307 0 100 88 176 173 200 225 63 189 302 170 141 188 32 45 65 50 39 1 0 2 0 0 0 0 0 0 0 14 2 0 0 2 2 0 0 2 0 0 3 40 0 0 0 12 0 0 2 0 0 0 0 0 0 3 1 0 0 0 0 0 0 0 0 0 0 0 0 0 0 0 0 0 0 0 0 0 0 0 17 14 0 0 17 0 49 10 9 11 0 16 32 12 1 11 8 0 0 0 0 0 0 0 0 0 0 1 0 0 0 24 6 0 0 0 0 27 26 1 2 0 5 0 0 3 0 0 0 0 0 0 6 1 0 0 0 0 0 0 0 0 0 0 0 0 0 0 0 0 0 0 0 11 0 0 0 0 0 19 0 38 30 10 0 14 59 43 23 28 26 0 8 10 10 38 34 1 24 0 0 0 0 0 0 0 0 0 0 0 0 15 0 0 0 0 0 14 0 0 0 0 0 15 0 0 0 0 0 0 0 0 0 0 0 0 0 0 0 0 15 12 0 0 0 0 0 1 0 0 0 0 0 11 2 0 1 75 0 0 8 0 0 0 0 13 0 0 0 0 0 0 0 0 0 2 0 0 0 0 6 0 0 0 0 0 0 0 0 
 0 4 2 8 0 0 2 0 6 3 4 0 0 0 2 0 2 0 0 0 40 204 100 0 176 61 66 427 77 239 263 48 83 128 238 262 129 48 273 47 3 0 0 0 0 0 0 0 0 0 1 0 0 0 0 2 0 3 36 0 0 4 51 0 0 0 0 0 0 0 0 0 0 0 0 0 0 2 0 0 0 0 0 0 0 0 1 0 0 0 0 0 0 0 0 0 0 0 0 0 34 10 3 32 32 9 0 0 45 45 0 44 0 0 27 1 12 0 0 1 22 0 0 0 0 0 23 0 0 0 0 0 0 28 0 16 18 2 15 49 0 0 0 0 0 0 0 19 0 0 0 0 0 0 0 0 8 0 0 0 0 2 0 0 0 0 0 0 0 0 0 0 0 0 0 0 0 1 1 0 1 0 14 62 16 39 13 0 11 38 0 7 0 0 1 8 0 6 0 0 10 25 0 0 0 0 11 32 0 5 0 0 15 1 11 0 0 1 29 17 0 0 0 0 0 16 0 0 0 0 0 0 0 29 0 0 1 0 0 0 0 0 0 0 0 0 0 0 0 1 0 0 0 0 16 0 0 153 79 0 9 0 0 0 0 0 1 0 0 0 0 0 0 0 0 0 0 0 0 0 0 46 0 0 0 0 11 0 0 0 
 0 2 0 0 0 0 2 0 0 0 0 0 2 0 0 0 0 5 0 0 116 138 88 176 0 199 44 55 223 158 139 218 95 71 95 65 131 127 41 89 1 0 9 0 0 0 66 32 1 0 0 0 66 63 40 64 0 0 147 32 0 8 1 0 0 0 49 0 0 0 0 0 0 0 0 0 0 1 0 1 0 0 0 0 0 0 0 0 0 0 0 0 0 0 0 0 0 0 0 0 0 10 0 19 13 10 16 10 9 43 0 13 0 0 0 13 1 31 0 0 1 14 17 0 0 0 11 0 0 2 0 0 1 49 2 25 16 0 26 0 0 0 0 0 0 0 0 0 5 0 0 0 0 0 0 0 0 2 0 0 0 0 0 0 0 13 0 0 0 0 0 0 0 0 0 0 0 0 0 0 0 0 30 11 15 26 0 20 25 0 35 21 0 0 0 27 11 23 3 0 0 18 0 10 2 0 32 28 0 19 0 0 83 13 16 0 13 9 20 33 15 0 0 0 0 0 2 0 0 0 0 1 0 12 0 0 0 0 0 0 0 0 0 0 0 0 0 0 0 0 0 0 0 0 24 0 0 4 4 0 3 2 0 0 0 0 14 0 0 0 8 2 0 0 0 0 0 0 0 9 0 0 0 0 13 0 0 0 0 0 
 69 3 1 0 1 0 0 0 0 2 2 0 1 1 2 95 0 0 0 0 41 54 176 61 199 0 36 46 283 41 93 214 31 324 57 122 57 46 52 677 1 2 26 1 0 0 131 8 124 1 0 0 216 117 67 8 0 1 0 17 6 3 0 0 0 0 11 0 14 4 0 0 0 0 6 0 0 1 0 0 0 0 0 0 0 0 0 0 0 0 0 0 3 0 0 0 0 0 0 0 0 0 0 14 6 13 0 14 0 6 0 0 0 0 0 0 0 13 0 0 49 21 15 31 9 0 34 24 2 28 24 11 13 15 11 0 13 0 40 0 0 0 0 0 0 0 0 0 0 0 0 0 0 0 0 0 0 2 0 0 0 0 0 0 0 0 0 0 0 0 0 0 0 9 0 0 0 0 2 0 0 0 0 18 0 0 0 23 2 0 12 15 0 0 0 0 1 21 0 0 25 24 10 0 0 0 21 12 28 19 21 10 38 0 0 13 12 19 26 8 0 0 0 0 0 0 0 0 0 0 0 0 15 0 0 0 0 0 0 0 0 0 0 0 0 26 0 0 0 0 0 0 0 0 11 0 4 42 0 1 0 0 0 0 0 0 0 0 0 0 0 0 0 0 0 0 0 0 0 0 0 4 0 0 5 0 0 0 0 0 
 3 6 3 78 75 96 3 3 3 40 79 82 3 6 5 3 83 80 7 5 131 196 173 66 44 36 0 162 131 41 67 24 327 244 274 106 134 101 458 303 1 0 0 0 0 2 0 0 0 0 0 1 3 0 0 2 0 0 0 207 0 3 0 0 0 0 0 0 0 0 0 0 0 0 0 0 2 3 0 0 0 0 16 0 1 29 0 0 0 0 0 0 2 0 0 0 0 1 0 0 0 0 0 13 0 0 18 39 13 0 32 0 15 120 14 0 0 0 8 24 0 0 0 0 0 0 0 15 0 0 0 14 0 0 0 0 0 0 0 0 0 8 0 8 12 2 0 0 0 0 0 0 0 2 0 0 0 0 0 0 0 0 0 0 24 0 0 0 0 0 4 0 0 0 0 0 2 13 0 0 21 57 16 9 0 0 6 35 25 6 31 0 49 23 22 11 9 0 35 20 13 0 0 0 0 0 0 0 0 0 0 0 0 0 2 0 0 0 0 10 0 0 0 0 0 0 0 0 0 0 0 0 0 0 0 7 0 0 0 0 0 0 0 0 0 0 0 0 0 73 0 0 0 0 18 0 0 0 0 0 1 10 0 0 0 0 0 0 0 0 0 0 0 0 0 1 0 0 0 0 0 0 0 0 0 10 0 0 0 0 
 2 0 0 0 92 0 0 0 2 0 2 0 0 0 6 0 0 0 0 0 198 233 200 427 55 46 162 0 211 122 77 39 144 121 263 69 53 147 32 194 1 84 2 3 3 0 0 3 2 27 6 1 15 2 0 4 0 0 70 0 0 5 0 6 0 0 0 0 2 2 0 0 3 0 0 0 0 2 3 0 0 0 0 0 13 8 0 0 0 0 0 0 0 0 0 0 0 0 0 0 15 9 10 21 0 9 0 12 34 56 25 17 0 0 16 8 0 29 31 18 0 0 0 0 0 0 0 0 0 0 0 0 18 1 0 0 0 0 1 32 0 0 0 0 0 0 15 0 0 0 0 0 0 0 0 11 6 0 0 0 0 0 0 0 0 13 0 0 0 0 0 0 0 0 2 0 0 0 0 0 18 18 16 50 4 51 9 34 11 27 11 11 0 0 28 1 0 10 0 5 0 0 0 0 0 0 0 0 0 0 0 0 0 0 0 0 0 0 2 1 4 0 0 0 0 0 0 0 0 0 0 0 0 0 0 0 0 0 0 0 0 0 0 0 0 0 0 0 0 0 0 0 0 0 18 0 0 1 4 0 19 0 0 0 0 0 0 0 0 0 0 0 0 0 0 0 0 0 0 0 0 10 0 0 0 1 6 0 0 0 
 0 0 0 0 70 1 0 0 0 1 2 0 1 0 2 0 0 0 0 0 141 176 225 77 223 283 131 211 0 215 297 317 202 86 177 116 128 115 65 133 1 0 0 0 0 0 0 0 0 7 0 0 70 0 0 2 0 0 31 0 0 3 0 0 0 0 4 0 0 0 0 0 0 0 0 0 2 2 0 0 0 0 0 0 0 17 0 0 0 0 0 0 0 0 0 0 0 0 0 0 0 32 14 0 0 13 0 34 12 28 2 0 0 9 16 20 10 13 14 11 0 2 0 0 0 0 0 0 0 0 0 0 1 21 10 0 0 0 21 22 0 0 0 0 0 0 0 0 0 0 0 0 0 0 2 0 5 0 0 11 0 0 0 0 0 0 0 0 0 0 0 0 0 0 0 0 0 0 0 0 0 0 19 15 25 10 8 25 19 14 27 12 33 8 0 8 27 11 0 11 7 0 0 0 0 0 0 11 0 0 0 0 1 2 0 0 0 0 0 7 0 0 0 1 0 1 0 0 0 0 0 0 0 0 0 0 0 0 0 0 0 0 0 0 0 0 0 0 0 0 0 0 0 0 11 0 1 7 74 0 8 1 1 0 0 0 1 0 0 0 0 1 0 0 0 0 0 0 0 0 0 0 0 0 0 10 0 0 0 0 
 0 0 0 0 0 2 2 0 2 0 2 0 0 0 2 2 0 0 0 0 179 123 63 239 158 41 41 122 215 0 169 48 72 108 254 138 101 163 49 78 0 69 0 0 0 0 0 0 0 6 1 0 67 0 0 10 3 0 129 63 0 3 0 0 0 0 0 0 6 0 0 19 1 0 0 0 0 0 0 0 0 0 0 0 0 0 0 0 0 0 0 0 0 0 0 0 0 0 0 0 0 26 59 14 1 34 14 0 38 38 28 20 15 1 24 27 1 27 2 0 0 0 0 0 0 0 10 0 0 0 4 0 38 0 11 0 10 0 16 39 0 0 0 0 0 0 0 0 0 0 0 0 0 0 1 0 5 0 0 0 0 0 0 0 0 0 0 0 0 0 0 0 2 0 2 0 0 0 0 0 0 16 17 11 16 11 13 19 9 13 0 26 2 23 0 0 0 24 0 0 10 7 0 0 0 0 0 0 0 0 0 0 0 6 0 0 0 0 0 1 0 0 2 0 0 0 0 0 9 0 0 0 0 1 1 0 0 0 0 0 0 0 1 0 0 0 0 0 0 0 0 0 0 0 17 2 1 0 5 0 20 0 0 0 0 0 0 0 0 0 0 0 0 0 0 0 0 0 0 20 0 1 0 0 0 0 0 0 0 0 
 5 3 3 3 3 3 3 3 3 4 5 3 3 3 6 3 3 6 3 3 31 223 189 263 139 93 67 77 297 169 0 73 109 108 285 176 584 407 68 64 4 0 0 0 1 0 0 0 0 0 0 2 0 0 0 2 0 0 0 0 0 3 9 0 0 0 0 0 3 0 0 0 0 0 0 0 0 2 0 0 0 0 0 0 0 0 0 0 0 0 0 1 0 0 0 0 0 0 0 0 43 0 0 13 13 0 0 1 17 21 13 42 0 20 25 0 17 1 0 0 10 0 0 0 0 0 13 0 0 0 0 0 0 0 0 4 41 0 0 9 0 0 0 0 2 0 0 13 0 0 0 0 0 2 0 0 5 0 0 0 2 0 0 0 0 0 0 0 0 0 0 1 0 0 10 0 0 0 0 0 0 2 17 45 11 60 9 3 18 66 6 5 14 35 0 52 29 16 0 14 13 10 0 0 13 0 12 19 0 0 0 0 8 1 0 0 1 0 8 0 0 0 0 0 0 0 0 0 0 0 0 0 0 0 0 0 0 0 7 0 0 0 0 0 0 0 0 0 0 0 0 0 0 0 19 0 38 79 0 2 5 1 0 0 0 0 1 0 0 0 0 0 0 0 0 0 0 0 0 0 0 9 0 0 0 9 11 0 0 0 
 2 2 2 2 2 2 6 2 2 2 4 2 2 6 5 2 2 2 2 2 190 188 302 48 218 214 24 39 317 48 73 0 55 68 42 30 156 73 50 34 1 0 83 0 0 0 0 0 0 0 0 0 46 68 0 2 1 0 79 124 0 3 1 0 0 0 3 0 0 0 0 0 0 0 0 0 0 1 0 0 0 0 0 0 0 0 0 0 0 0 0 0 0 0 0 0 0 0 0 0 16 47 16 20 12 12 10 12 21 19 24 13 0 0 18 33 6 29 0 1 13 12 0 0 0 0 12 0 0 13 0 0 14 50 0 18 2 2 13 6 0 0 0 0 0 0 0 0 0 0 0 0 0 0 7 0 0 0 0 0 0 0 0 0 0 0 0 0 0 0 0 0 4 60 3 0 0 0 2 1 17 24 35 22 8 6 9 13 37 0 13 75 0 0 1 21 27 17 21 0 0 10 0 0 0 0 1 13 0 22 0 0 41 14 13 0 0 0 14 19 0 0 0 0 0 0 0 0 0 0 0 0 0 12 0 0 0 0 0 0 0 0 18 0 0 0 0 0 0 0 0 0 0 0 8 0 3 2 74 0 4 0 0 0 0 0 12 0 0 0 0 0 2 0 0 0 0 0 0 10 0 0 0 0 0 0 0 0 0 12 
 2 1 3 2 37 2 3 3 2 81 3 2 1 1 5 76 79 150 2 4 216 62 170 83 95 31 327 144 202 72 109 55 0 121 115 53 40 238 243 317 2 0 0 0 0 0 0 0 0 12 0 0 9 0 0 7 2 0 0 0 0 3 0 0 0 0 0 0 0 0 0 0 0 0 0 0 5 3 0 0 0 0 9 0 0 23 0 0 9 12 0 18 0 0 0 0 1 0 0 0 0 0 7 1 0 0 12 24 6 0 3 0 1 52 13 0 0 0 16 11 0 0 0 0 0 0 0 0 6 0 0 0 0 0 0 0 0 0 1 0 0 2 0 5 0 2 0 0 0 0 0 0 0 10 0 0 0 0 1 0 0 0 0 0 12 0 0 0 0 0 9 0 0 0 0 0 0 11 0 0 19 12 22 0 0 0 18 15 18 12 29 0 24 19 14 17 7 13 21 30 0 0 0 0 0 0 0 0 0 3 0 0 1 0 0 0 0 0 0 0 0 0 15 0 0 0 0 0 0 0 0 0 0 0 18 2 0 0 0 0 0 0 0 0 0 0 0 0 0 0 0 0 4 0 19 2 0 0 0 0 3 0 0 0 0 0 0 0 0 0 0 0 0 0 0 1 0 0 0 0 0 0 0 0 0 11 0 0 0 0 
 0 3 1 0 62 73 2 0 0 0 0 1 0 3 0 0 0 0 0 0 127 114 141 128 71 324 244 121 86 108 108 68 121 0 432 267 126 38 203 239 1 0 2 0 1 0 0 0 1 24 1 2 2 0 0 6 0 0 0 5 0 3 13 0 0 1 6 0 0 0 0 0 0 0 0 0 0 2 0 0 0 0 0 0 30 0 0 0 0 0 0 0 0 0 0 0 0 0 0 0 0 50 12 28 0 0 43 21 0 0 0 13 11 23 25 29 20 0 0 11 0 0 0 0 0 0 0 0 0 0 0 0 0 5 0 0 0 0 0 0 0 15 0 7 0 0 10 0 0 0 0 0 0 3 0 0 0 0 0 0 0 14 0 0 0 0 0 2 0 0 18 0 0 0 0 0 0 0 3 0 20 8 60 0 9 0 12 0 27 51 14 0 0 14 34 31 18 0 20 23 0 0 0 0 0 0 0 0 3 0 0 0 15 11 0 0 0 0 19 0 0 0 0 0 0 0 0 0 0 0 0 0 0 0 0 0 0 0 0 0 0 0 0 0 0 0 12 0 86 0 0 0 0 0 10 0 3 7 0 2 3 0 0 0 0 0 15 0 0 0 0 0 0 0 0 0 0 0 0 0 0 0 0 0 0 0 10 0 0 0 
 0 2 0 0 2 72 0 3 0 0 0 0 0 0 0 0 25 0 0 0 34 135 188 238 95 57 274 263 177 254 285 42 115 432 0 377 255 474 67 86 1 0 20 33 3 0 4 3 0 0 2 2 0 0 3 13 3 4 7 63 4 3 0 0 0 2 0 1 0 0 0 3 2 0 0 0 0 1 3 0 0 0 0 0 0 0 0 0 0 0 0 0 0 0 0 0 0 0 0 0 11 25 22 31 1 9 29 39 16 0 20 11 12 17 81 33 12 0 19 30 0 0 0 0 0 0 0 0 0 0 0 0 0 0 0 0 0 21 0 13 0 0 0 13 0 10 0 0 0 0 0 0 0 0 0 0 11 0 1 0 0 0 0 0 0 0 0 0 0 0 0 0 0 0 0 0 0 0 1 0 8 9 12 35 0 8 33 12 8 40 23 16 7 18 16 24 8 1 54 13 3 0 0 0 0 0 0 0 0 0 41 0 0 10 0 0 0 0 21 0 0 0 0 0 0 0 0 0 0 0 0 0 0 0 0 0 0 0 0 0 0 0 0 0 0 0 0 0 1 2 0 0 0 0 10 0 3 2 1 2 0 0 0 0 0 0 0 0 0 0 0 0 2 0 0 0 0 0 0 0 0 10 0 0 0 11 11 0 0 0 
 0 0 0 0 1 0 2 1 4 20 2 0 0 3 2 0 0 0 0 0 133 342 32 262 65 122 106 69 116 138 176 30 53 267 377 0 223 107 103 54 0 0 0 0 0 1 2 3 0 0 3 1 0 0 0 9 0 0 0 62 0 3 5 0 0 2 0 0 0 0 0 2 0 0 0 0 0 3 0 0 0 0 0 0 0 0 0 0 0 0 0 0 0 0 0 0 0 0 0 0 23 10 46 32 12 9 21 9 0 7 0 31 10 51 26 11 7 23 11 0 11 0 0 0 0 0 1 10 0 0 0 0 14 0 0 0 0 0 1 16 0 0 0 0 0 0 0 0 0 0 0 12 0 0 0 0 0 0 0 0 0 1 0 0 0 0 0 0 31 0 0 0 0 0 0 0 0 0 10 0 11 14 11 0 0 13 10 11 11 61 14 0 35 46 9 58 16 40 34 10 0 7 0 0 0 0 0 0 0 0 0 12 0 23 6 0 0 0 59 11 0 0 0 0 0 0 0 0 0 0 0 0 0 0 0 0 8 0 0 0 0 0 0 0 0 1 0 0 0 0 0 0 0 0 1 0 0 148 1 2 0 0 62 0 0 0 3 0 0 0 1 0 0 0 0 0 0 0 0 0 0 24 0 0 0 11 24 0 0 0 
 2 1 60 2 0 0 2 0 2 0 0 3 0 0 1 0 0 0 0 0 397 68 45 129 131 57 134 53 128 101 584 156 40 126 255 223 0 239 98 23 9 0 5 3 3 0 1 0 7 0 6 4 1 2 2 5 0 3 2 0 0 5 14 3 1 1 0 0 51 3 0 2 3 0 0 1 0 2 52 3 0 0 0 0 0 0 0 0 0 0 0 0 0 0 0 1 0 2 0 1 20 49 22 14 1 0 21 10 5 19 0 42 0 14 44 17 35 0 0 0 22 0 0 0 0 0 4 0 0 0 0 0 0 0 0 14 12 0 1 10 0 0 14 0 0 0 0 0 0 0 0 0 0 0 2 0 7 0 1 0 0 0 0 0 0 0 0 0 28 0 0 0 0 0 0 0 0 0 4 0 8 24 34 36 11 3 0 21 31 63 11 0 13 29 12 41 44 16 29 27 10 21 0 0 0 0 35 0 0 0 0 0 21 15 0 0 0 0 19 0 0 0 0 0 0 0 0 0 0 0 0 0 0 0 0 0 0 12 0 0 0 0 0 0 0 0 0 0 0 0 0 0 0 0 4 2 0 3 0 2 0 0 0 0 0 0 15 0 0 0 0 0 0 1 0 0 0 0 0 0 0 0 0 0 0 12 10 6 0 0 
 0 0 0 0 0 0 2 2 0 0 2 1 0 0 4 1 0 4 0 0 31 135 65 48 127 46 101 147 115 163 407 73 238 38 474 107 239 0 35 32 1 63 0 0 0 0 0 0 0 36 0 0 70 0 0 6 0 0 2 137 0 3 0 0 0 0 0 0 13 0 0 0 0 0 0 0 0 1 0 0 0 0 0 0 0 0 0 0 0 0 0 0 0 0 0 0 0 0 0 0 0 8 12 28 2 0 12 10 31 9 1 15 10 24 14 34 0 0 0 0 1 16 0 0 0 0 1 0 0 0 0 0 9 9 12 0 16 0 14 9 0 0 32 0 0 0 0 0 0 0 0 0 0 0 0 0 5 0 0 0 0 0 0 0 0 0 0 0 0 2 8 0 0 0 0 0 0 11 0 0 17 0 25 29 0 0 20 10 28 67 30 5 0 22 0 8 8 0 0 10 21 6 14 0 0 0 0 22 0 0 0 0 0 7 0 0 0 0 0 10 0 0 0 0 0 0 7 0 0 0 0 0 0 0 0 0 0 0 0 0 0 0 0 0 0 0 0 0 0 0 0 0 0 0 5 0 3 0 78 3 3 0 0 0 0 0 0 0 0 0 0 0 0 0 0 0 0 0 0 0 0 9 0 0 0 0 0 0 0 0 
 0 76 0 74 3 183 2 74 73 127 50 5 0 0 0 42 74 82 0 0 263 34 50 273 41 52 458 32 65 49 68 50 243 203 67 103 98 35 0 57 1 0 0 62 0 0 0 0 0 0 0 2 0 0 0 67 64 0 0 0 0 3 0 0 0 0 0 0 0 0 0 0 0 0 0 0 0 2 0 0 0 66 10 17 0 0 0 0 0 17 22 11 0 0 16 0 9 11 0 0 6 0 19 9 0 0 44 31 10 0 9 0 56 35 11 0 12 0 0 4 0 0 0 0 0 0 0 0 0 0 0 0 0 0 0 0 0 0 0 10 0 6 0 8 0 0 0 0 0 0 0 0 0 6 3 0 0 0 0 0 0 0 0 0 0 12 0 0 12 0 8 0 0 0 0 0 0 15 1 0 11 20 17 0 0 0 9 16 28 0 18 0 56 13 38 0 0 0 19 1 0 0 0 0 0 0 0 0 0 0 0 0 0 14 0 0 0 0 0 0 0 0 0 0 0 0 0 0 0 0 0 0 0 0 0 0 0 0 0 0 0 20 0 0 0 0 0 0 0 0 0 0 0 0 7 0 0 0 0 2 1 11 21 0 0 0 0 0 0 0 0 0 0 0 0 10 25 0 0 0 0 0 0 0 0 0 0 0 0 0 
 3 3 3 78 152 79 3 3 4 75 3 76 3 3 4 3 3 68 3 3 284 49 39 47 89 677 303 194 133 78 64 34 317 239 86 54 23 32 57 0 1 0 0 0 0 0 0 0 0 0 0 2 6 0 0 2 0 0 0 9 0 3 0 0 0 0 0 0 0 0 0 0 0 0 0 0 0 1 0 0 0 0 0 0 24 15 0 0 0 0 0 0 0 0 0 0 0 0 0 0 14 10 12 12 0 0 0 17 0 0 32 1 61 27 0 18 0 8 37 21 0 0 0 0 0 0 0 0 0 0 0 0 0 0 0 0 0 0 0 0 1 4 0 5 0 0 0 0 0 0 0 0 0 6 1 0 0 0 0 0 0 0 0 0 0 24 0 0 20 0 0 0 0 0 0 0 0 0 0 0 0 24 18 0 0 0 35 51 14 0 27 0 30 0 68 0 0 0 7 0 0 0 0 0 0 0 0 0 0 0 0 0 0 0 0 0 0 0 0 0 0 0 0 0 0 0 0 0 0 0 0 0 0 0 0 0 0 0 0 0 0 0 0 0 0 0 0 0 62 1 0 0 0 0 4 0 3 0 0 0 2 8 0 0 0 0 0 0 0 0 0 0 0 0 0 0 2 0 0 0 0 0 0 0 0 0 0 0 0 0 
 0 0 0 0 0 0 2 0 0 0 0 0 0 0 0 0 0 0 0 63 21 0 1 3 1 1 1 1 1 0 4 1 2 1 1 0 9 1 1 1 0 164 207 112 106 55 181 164 259 88 104 103 112 77 69 164 304 89 352 314 0 0 0 0 0 71 0 0 0 0 0 0 0 0 0 0 9 0 0 0 0 0 0 0 0 0 0 0 0 0 0 0 0 0 0 0 0 0 0 0 0 0 0 0 5 21 0 0 0 4 0 5 0 0 0 0 0 0 0 0 6 45 31 25 3 0 25 10 14 14 0 9 0 18 6 21 26 14 1 0 0 0 0 0 0 0 0 0 0 8 0 0 0 0 0 36 0 0 0 6 0 0 0 0 2 0 0 0 0 0 0 0 0 0 0 0 0 0 0 3 0 0 0 0 12 25 0 0 2 0 0 0 0 0 0 0 0 3 0 0 18 13 26 28 26 7 13 47 7 0 4 31 3 0 49 0 24 5 0 5 0 0 0 0 0 0 0 0 0 0 0 0 0 0 0 0 0 0 17 2 0 0 0 0 0 0 0 0 0 0 0 7 0 0 0 0 0 0 0 0 0 0 0 1 0 2 0 0 0 0 0 0 0 0 0 0 0 0 0 0 0 0 0 0 22 0 0 0 0 0 
 2 1 3 2 2 1 2 2 2 4 3 4 4 3 4 3 3 0 2 3 0 0 0 0 0 2 0 84 0 69 0 0 0 0 0 0 0 63 0 0 164 0 221 47 29 70 207 89 110 108 298 50 137 197 274 167 39 122 148 74 50 0 0 0 0 0 0 0 9 55 0 0 1 0 0 0 0 0 0 0 0 0 0 0 0 0 0 0 0 0 0 1 0 0 0 0 0 0 0 0 0 0 0 0 30 0 0 0 0 0 0 0 0 0 0 0 0 0 0 0 12 0 0 41 0 0 0 15 0 10 41 16 2 15 31 31 9 33 0 24 10 0 0 0 0 0 0 0 0 11 0 0 7 0 0 0 0 0 4 11 0 0 0 0 0 0 0 0 0 0 0 0 3 1 0 0 0 0 0 1 0 0 0 0 0 0 0 0 0 0 0 1 0 0 0 0 0 0 0 0 0 24 43 33 34 11 14 0 0 20 26 26 0 10 13 33 0 8 0 0 0 0 0 0 0 0 0 0 0 0 0 0 0 0 0 0 0 0 20 17 0 0 0 0 0 0 0 0 0 18 0 9 0 2 0 0 0 0 0 3 0 0 0 66 0 9 0 0 0 0 0 0 0 0 0 0 0 0 0 0 0 0 0 0 37 0 0 0 0 0 
 2 0 9 0 2 0 0 0 70 3 0 0 0 0 0 0 0 0 0 0 0 0 2 0 9 26 0 2 0 0 0 83 0 2 20 0 5 0 0 0 207 221 0 109 69 156 128 121 427 110 264 31 114 102 130 154 179 204 262 233 0 0 1 0 7 0 0 0 0 52 0 0 0 0 0 0 6 0 0 0 0 0 0 0 0 0 0 0 0 0 0 0 0 0 0 0 0 0 0 0 0 0 0 0 0 0 0 0 8 0 0 1 0 0 4 0 0 2 0 0 62 0 31 25 0 0 72 18 0 26 7 8 6 9 1 14 16 0 0 0 0 0 0 9 14 0 0 0 0 6 0 0 1 0 0 0 0 0 8 0 0 0 0 21 0 0 0 0 0 0 0 0 0 11 0 3 0 0 0 0 0 0 12 0 0 0 0 0 1 0 0 21 0 0 0 40 0 0 0 0 0 20 16 5 15 10 20 18 22 27 20 20 12 0 0 5 23 19 10 12 6 0 0 0 0 0 0 0 0 0 0 0 0 0 0 0 0 0 12 1 0 0 4 0 0 0 0 0 0 0 0 9 0 0 0 0 0 0 3 4 0 0 2 0 0 1 2 0 0 0 0 0 0 0 0 0 0 22 0 0 0 0 0 0 16 13 0 0 0 12 
 0 0 0 0 0 0 0 0 2 0 0 0 0 0 8 0 0 0 0 0 0 0 0 0 0 1 0 3 0 0 0 0 0 0 33 0 3 0 62 0 112 47 109 0 96 184 98 65 132 209 87 88 65 76 49 25 145 59 60 64 2 0 0 0 2 0 2 4 4 0 0 0 23 1 3 0 0 0 58 3 0 0 0 0 8 0 0 0 0 0 0 0 0 0 0 0 0 0 0 7 0 0 0 0 0 0 0 0 0 0 0 0 0 0 0 0 0 0 0 0 0 4 33 22 30 17 0 0 11 20 10 13 0 0 0 1 1 6 0 18 10 10 0 5 0 0 9 0 0 0 0 0 11 0 0 0 0 0 2 0 0 0 7 4 0 0 0 0 0 4 0 0 1 0 0 0 4 1 0 0 0 0 0 0 0 0 0 0 0 0 0 0 0 0 0 0 0 0 0 4 0 0 1 27 1 18 0 0 0 0 15 1 0 0 0 7 19 22 0 0 19 0 0 0 0 0 8 11 0 0 0 0 0 0 0 0 0 0 3 25 0 0 0 0 0 0 0 0 0 0 0 5 0 0 0 0 0 1 0 24 0 7 1 1 0 2 2 70 2 0 0 0 0 0 0 0 0 0 0 0 0 0 0 0 0 8 0 0 0 0 
 0 3 0 0 0 0 0 0 3 0 1 0 4 0 2 0 0 0 0 0 0 62 0 0 0 0 0 3 0 0 1 0 0 1 3 0 3 0 0 0 106 29 69 96 0 281 63 371 109 480 179 73 127 66 68 94 141 48 67 79 4 52 0 29 0 0 0 0 64 11 0 0 1 0 23 0 0 1 0 59 0 0 0 0 0 0 10 0 0 0 0 0 0 0 0 0 0 0 4 7 0 0 0 0 0 0 0 0 0 0 0 0 0 0 0 0 0 0 0 0 0 36 6 0 20 9 0 0 45 33 5 20 0 21 21 0 0 9 0 0 12 36 4 0 27 0 12 0 0 13 10 0 1 24 17 19 25 0 25 0 0 0 0 1 5 0 0 13 0 0 0 0 2 0 0 0 0 3 0 0 0 0 0 10 0 1 0 0 7 0 0 0 0 0 0 0 0 0 0 0 9 28 51 0 0 0 0 0 0 14 13 32 0 0 0 0 0 0 0 0 0 14 15 0 0 0 0 0 10 0 0 0 10 10 34 0 0 0 5 18 0 0 0 0 0 0 0 0 0 0 0 2 0 0 0 0 0 0 0 0 0 16 1 0 2 2 2 66 0 0 0 0 0 0 0 0 0 0 0 0 0 0 0 0 0 11 0 0 0 0 
 2 3 0 0 0 0 2 0 0 1 0 1 0 0 2 0 0 1 0 0 0 0 0 0 0 0 2 0 0 0 0 0 0 0 0 1 0 0 0 0 55 70 156 184 281 0 249 84 62 146 113 174 42 266 48 371 330 120 59 58 57 0 0 0 0 6 50 0 23 80 9 0 74 1 4 0 0 0 50 0 0 0 0 25 0 0 11 0 0 0 0 0 0 0 0 0 0 0 0 0 0 0 0 0 0 0 0 0 0 0 0 0 0 0 0 0 0 0 0 0 0 30 13 18 22 1 0 0 14 1 12 35 0 0 0 0 11 23 0 0 0 23 0 0 9 0 8 11 0 0 41 0 0 34 0 5 11 0 17 0 0 0 0 0 1 0 0 0 0 0 8 0 0 0 0 0 0 1 0 0 0 0 0 0 0 0 0 0 0 0 0 0 0 0 0 0 0 0 0 0 0 17 26 12 19 25 0 0 0 20 14 30 0 0 0 11 11 0 0 19 18 0 3 9 3 11 16 20 5 0 5 0 1 1 16 14 12 0 8 1 0 0 0 0 0 0 0 0 0 0 0 12 0 0 0 0 0 0 0 0 0 0 0 0 0 0 8 64 0 0 6 0 0 3 0 6 0 0 0 0 0 0 0 0 11 14 0 0 0 0 
 0 2 0 0 0 0 0 0 0 0 0 0 0 0 2 0 0 0 0 0 0 0 0 0 66 131 0 0 0 0 0 0 0 0 4 2 1 0 0 0 181 207 128 98 63 249 0 120 167 34 50 27 132 194 146 184 108 172 34 121 9 49 0 0 18 2 53 0 0 2 0 0 0 0 3 0 6 0 0 6 0 0 0 0 0 0 0 0 0 0 0 0 0 0 0 0 0 0 0 0 0 0 0 0 12 4 0 0 0 0 0 0 0 0 0 0 0 1 0 0 44 14 12 33 9 0 27 61 6 10 14 25 1 0 31 50 2 14 16 0 0 0 0 0 0 0 0 0 0 0 0 0 0 0 0 8 0 10 0 14 0 0 0 0 0 4 0 10 0 0 0 0 15 0 0 0 0 0 0 2 0 0 0 0 7 0 0 0 0 0 0 0 0 0 0 0 0 19 0 0 0 8 23 15 19 33 0 17 31 0 39 27 8 5 62 16 15 1 10 11 0 0 0 0 0 0 2 0 19 0 0 0 5 0 0 0 0 0 35 0 0 0 0 0 0 0 0 0 0 0 0 11 0 0 0 0 0 69 0 3 0 0 0 65 0 12 0 0 0 0 0 0 0 0 0 0 0 0 0 0 0 0 0 0 14 0 0 0 0 0 
 2 2 6 2 4 2 2 3 2 7 2 2 2 2 2 2 2 2 2 2 0 0 0 0 32 8 0 3 0 0 0 0 0 0 3 3 0 0 0 0 164 89 121 65 371 84 120 0 150 31 56 44 62 178 225 399 258 51 113 76 5 0 7 0 0 0 0 0 0 8 0 0 0 0 0 0 0 0 0 0 0 0 0 0 0 0 0 0 0 0 0 0 0 0 0 21 0 0 0 0 0 0 0 0 0 0 0 0 0 0 0 0 0 0 0 0 0 0 0 0 0 19 21 22 3 0 24 2 15 0 0 0 0 0 52 50 37 2 21 0 0 0 0 0 0 0 2 0 7 0 0 0 8 25 0 0 0 1 12 15 0 0 0 0 0 0 0 0 0 0 0 0 0 0 0 0 0 0 0 6 6 0 0 0 8 6 0 0 0 0 0 0 0 0 0 0 0 0 7 0 20 0 5 20 12 75 45 4 25 4 20 25 0 0 4 14 11 32 20 9 0 0 0 0 0 0 0 0 0 0 0 0 24 0 0 0 0 0 0 0 0 0 18 0 0 0 0 0 0 0 0 8 0 0 0 0 0 65 0 0 0 0 0 0 0 0 0 5 0 0 1 0 0 0 0 0 0 0 0 0 0 0 0 0 19 0 0 3 0 7 
 6 3 3 6 3 3 3 3 3 3 3 5 3 3 4 3 3 3 7 3 0 0 0 0 1 124 0 2 0 0 0 0 0 1 0 0 7 0 0 0 259 110 427 132 109 62 167 150 0 336 283 108 305 404 98 83 118 303 86 79 0 0 0 0 31 0 0 0 0 0 0 0 51 0 0 0 0 1 1 0 4 0 0 0 11 0 0 0 0 27 0 0 10 0 4 0 0 0 0 0 0 0 0 0 0 0 0 0 0 0 0 0 0 0 0 0 0 0 0 0 52 0 6 20 0 0 18 33 0 18 45 57 0 0 0 18 11 0 0 0 0 0 0 0 0 0 0 0 0 0 0 0 10 0 0 0 0 0 15 0 5 0 0 0 0 0 0 40 0 0 0 0 0 3 0 0 0 0 1 11 0 0 0 0 0 0 0 0 0 0 0 8 0 0 0 0 9 30 0 0 0 0 0 0 23 0 14 0 18 10 17 0 14 0 0 41 1 19 1 0 12 0 0 0 0 0 0 0 0 0 0 0 12 0 0 0 0 0 20 0 0 0 10 0 0 0 0 0 0 0 0 11 0 1 0 0 0 0 0 0 0 0 2 0 0 2 0 0 2 19 0 0 0 0 0 0 0 0 0 0 0 0 0 0 0 0 0 0 0 0 
 0 0 0 0 4 0 2 0 2 0 1 0 0 0 0 0 0 0 0 0 1 0 0 0 0 1 0 27 7 6 0 0 12 24 0 0 0 36 0 0 88 108 110 209 480 146 34 31 336 0 224 394 358 99 96 163 523 115 90 111 3 0 0 0 0 0 0 0 0 3 0 0 0 0 54 0 0 0 0 0 0 0 0 0 0 9 0 0 0 0 0 0 0 0 0 0 0 0 0 0 0 7 1 1 0 0 0 0 0 0 8 0 0 6 0 0 12 0 0 0 0 28 8 14 20 1 0 0 35 10 13 42 0 20 20 0 9 5 0 0 11 6 11 0 0 0 11 0 0 0 0 0 0 30 25 16 0 12 24 0 0 0 0 16 4 0 0 0 0 0 0 0 0 0 0 0 0 11 0 0 0 0 0 0 0 0 6 55 0 29 11 0 0 0 0 0 0 0 0 0 0 10 29 10 9 12 0 0 0 0 1 11 0 9 0 6 11 0 0 0 1 0 0 0 0 0 0 0 7 0 0 0 14 14 0 0 0 0 24 38 0 0 0 0 0 0 0 0 0 0 0 8 0 1 0 0 0 0 0 0 0 0 0 0 0 1 0 37 2 0 0 0 0 0 0 0 0 0 0 0 0 0 0 0 10 9 0 0 0 0 
 0 23 3 0 0 2 64 12 2 0 0 8 3 72 6 0 0 0 0 0 1 1 14 1 0 0 0 6 0 1 0 0 0 1 2 3 6 0 0 0 104 298 264 87 179 113 50 56 283 224 0 84 117 64 111 410 148 60 321 61 0 0 0 0 0 0 52 0 2 2 0 0 0 0 0 0 0 0 0 0 0 2 1 17 7 0 0 0 0 0 0 0 0 6 18 6 0 0 0 0 0 0 0 0 0 0 0 0 0 0 0 0 0 0 0 0 0 0 0 0 0 1 9 19 25 27 0 15 7 10 0 36 0 1 26 32 0 15 0 0 14 38 0 0 0 0 16 0 6 7 0 0 12 25 0 27 0 0 13 32 0 6 4 11 1 0 7 0 8 0 0 15 20 7 8 0 1 52 0 2 49 0 0 0 0 7 0 0 0 0 0 0 0 9 0 0 0 0 0 0 26 0 22 26 9 40 0 0 0 0 27 7 0 0 34 1 0 0 0 0 0 0 0 0 0 0 0 0 0 0 0 0 0 0 0 0 9 0 15 64 0 2 18 0 0 0 7 0 0 0 0 12 0 2 0 0 0 0 0 6 0 0 1 66 64 17 0 69 0 3 0 0 0 0 0 0 0 0 0 0 0 0 0 0 0 11 0 0 0 0 
 2 2 5 0 2 1 1 2 2 3 4 3 2 0 2 2 4 2 32 1 1 2 2 0 0 0 1 1 0 0 2 0 0 2 2 1 4 0 2 2 103 50 31 88 73 174 27 44 108 394 84 0 255 87 54 29 151 63 276 28 8 0 0 27 0 2 0 0 0 0 51 0 32 0 4 0 2 2 51 0 0 0 0 0 0 0 0 0 0 0 0 0 0 0 0 0 0 0 0 0 0 0 0 0 0 0 0 0 0 0 0 0 0 0 0 0 0 0 0 0 0 3 29 19 20 18 0 0 0 20 0 12 0 0 0 1 0 6 0 0 10 11 0 0 0 0 1 0 0 0 0 0 0 0 1 2 0 0 15 0 0 0 0 0 0 0 0 0 0 0 0 0 0 0 0 0 0 0 0 0 0 0 0 0 0 0 0 0 0 0 0 0 0 0 0 0 0 0 0 0 0 0 0 13 0 25 0 0 0 2 6 0 0 0 0 0 11 22 0 0 6 0 4 0 1 0 7 0 2 2 0 0 0 0 0 7 0 24 2 17 0 0 0 0 0 0 0 0 0 2 0 14 0 1 0 0 0 0 0 7 0 1 6 0 3 1 0 70 0 0 1 0 0 0 0 0 0 0 0 0 0 1 1 0 0 7 0 0 0 2 
 2 2 5 2 6 2 2 2 2 5 3 3 2 2 26 3 3 2 2 3 4 64 0 0 66 216 3 15 70 67 0 46 9 2 0 0 1 70 0 6 112 137 114 65 127 42 132 62 305 358 117 255 0 156 51 40 102 124 325 143 0 0 0 0 0 0 0 0 3 0 0 0 0 0 0 0 0 0 0 0 0 0 0 0 0 4 0 0 0 0 0 0 0 0 0 0 0 0 0 0 0 7 0 0 0 0 0 2 0 6 10 0 0 5 0 0 0 0 13 3 42 14 0 1 0 0 20 20 11 44 8 19 0 13 24 25 0 8 12 0 0 0 0 0 0 0 0 0 0 3 0 0 0 0 0 6 0 0 0 0 0 0 0 0 0 0 0 0 0 0 0 0 0 39 0 0 0 0 0 0 0 0 0 17 0 2 5 24 0 5 14 28 0 0 0 0 0 0 0 0 24 24 16 0 0 0 3 0 0 19 15 2 16 8 0 14 5 0 5 0 0 0 0 0 0 0 0 0 18 0 0 0 0 0 0 0 0 0 7 11 0 0 0 0 0 0 0 0 0 0 0 6 0 18 0 0 0 0 0 1 0 0 0 0 0 2 1 0 2 0 0 0 0 26 0 0 0 0 0 0 0 0 0 0 6 0 0 0 2 0 
 0 0 0 0 0 0 0 0 0 0 0 0 0 0 0 0 0 0 0 0 0 0 0 0 63 117 0 2 0 0 0 68 0 0 0 0 2 0 0 0 77 197 102 76 66 266 194 178 404 99 64 87 156 0 189 77 34 93 389 180 0 0 0 2 0 2 0 0 0 0 0 0 0 0 0 0 6 2 0 0 0 0 0 0 0 0 0 0 0 0 0 0 0 0 0 0 0 0 0 0 0 0 0 0 22 42 0 0 0 0 0 0 0 0 0 1 0 0 0 0 30 11 15 2 0 0 20 30 9 46 22 25 27 0 22 21 26 0 13 21 0 0 0 0 0 0 0 0 6 0 0 0 2 0 0 0 0 10 7 0 0 0 0 0 0 0 0 0 0 0 0 0 0 5 0 0 0 0 0 0 0 0 0 0 2 0 0 0 0 0 0 13 0 0 0 0 0 1 0 0 0 18 0 29 36 0 54 14 4 17 8 0 20 12 18 19 15 36 33 0 2 0 0 0 0 0 9 0 0 0 0 0 0 0 0 0 0 0 0 0 0 0 0 0 0 0 0 0 0 0 0 4 0 2 0 0 0 0 0 2 61 0 0 0 1 2 2 0 0 0 6 0 0 0 0 0 0 0 0 0 0 0 0 0 21 0 0 1 1 0 
 0 0 1 1 2 0 0 0 0 1 0 0 1 3 0 0 0 0 0 0 0 0 2 0 40 67 0 0 0 0 0 0 0 0 3 0 2 0 0 0 69 274 130 49 68 48 146 225 98 96 111 54 51 189 0 215 97 159 187 177 2 0 0 0 0 4 0 0 0 0 0 0 7 0 0 0 4 4 5 0 0 0 0 0 0 0 0 0 0 0 0 0 0 0 0 0 0 0 0 0 0 0 0 0 21 22 10 0 0 0 0 0 0 0 22 0 0 0 0 0 32 1 20 21 0 0 0 30 0 2 22 45 7 0 22 25 27 16 18 21 0 0 0 0 0 0 0 0 49 0 0 0 6 0 0 3 0 0 0 20 0 0 0 0 0 0 0 0 0 0 0 0 0 0 0 0 0 0 0 6 0 0 0 0 7 35 0 0 0 0 0 0 0 0 0 0 0 0 0 0 0 1 14 43 29 23 34 20 20 0 34 18 10 0 37 13 15 40 0 0 15 15 0 0 0 0 0 0 0 0 0 0 0 3 0 0 0 0 24 0 0 0 0 0 0 0 0 0 0 0 0 4 0 0 0 0 0 0 0 0 0 0 0 2 0 3 2 0 0 0 10 0 0 7 0 0 0 0 0 0 0 0 7 0 89 15 0 0 0 0 
 2 2 5 2 2 2 2 2 2 68 2 2 2 2 2 2 2 2 6 2 8 4 2 2 64 8 2 4 2 10 2 2 7 6 13 9 5 6 67 2 164 167 154 25 94 371 184 399 83 163 410 29 40 77 215 0 159 394 61 65 0 0 0 0 0 0 0 0 0 0 0 0 0 0 0 0 7 0 0 0 0 0 0 9 0 0 0 0 1 0 0 0 0 0 0 0 0 0 0 0 0 8 6 4 3 61 4 0 0 0 0 0 9 8 0 4 1 0 0 1 24 12 37 25 0 12 50 46 0 3 0 11 0 0 6 17 10 11 24 3 0 0 0 0 0 0 0 0 2 0 0 0 0 0 0 0 0 2 6 7 0 0 0 0 0 0 0 0 0 0 0 0 23 0 0 0 0 0 0 2 0 0 0 0 11 0 8 0 0 7 0 0 0 2 0 0 0 0 0 0 0 11 17 0 23 29 42 26 8 0 4 20 21 0 31 0 35 23 3 15 6 0 0 0 0 0 0 0 0 0 0 0 0 0 21 0 0 0 13 20 0 24 0 0 0 0 0 0 0 0 0 13 0 1 0 0 0 0 0 0 0 0 0 1 0 0 0 0 0 0 7 0 0 0 0 0 0 0 0 0 0 8 0 0 30 0 0 0 0 0 
 3 3 5 3 3 3 4 3 5 6 3 3 3 5 3 3 4 2 3 3 0 0 0 0 0 0 0 0 0 3 0 1 2 0 3 0 0 0 64 0 304 39 179 145 141 330 108 258 118 523 148 151 102 34 97 159 0 127 312 70 1 7 0 0 44 4 0 0 0 0 0 0 0 0 0 0 0 0 0 0 0 0 0 0 0 0 0 0 0 0 0 0 0 0 0 0 0 0 0 0 0 0 0 0 0 0 0 0 0 0 0 0 0 0 0 0 0 0 0 0 14 11 29 12 18 0 0 5 22 40 10 0 0 2 1 17 1 0 0 0 0 0 5 0 0 0 19 0 2 6 4 0 24 0 0 10 5 8 0 0 0 0 0 6 0 0 0 0 9 6 0 0 0 0 0 0 8 0 0 0 0 0 0 0 0 12 0 0 0 0 0 0 0 0 0 0 0 0 0 0 3 11 16 57 16 2 0 1 18 0 15 17 13 0 0 60 18 1 0 0 0 0 0 0 18 0 0 19 1 0 7 0 28 0 0 0 0 0 28 4 0 0 19 0 0 0 0 0 0 0 0 3 0 0 0 0 0 0 0 18 0 0 0 1 0 2 13 1 3 0 4 0 0 0 0 0 0 0 0 0 0 0 0 0 15 13 0 0 0 0 
 0 0 0 0 0 0 2 1 0 0 0 0 6 0 2 0 0 0 0 0 0 5 0 3 0 1 0 0 0 0 0 0 0 0 4 0 3 0 0 0 89 122 204 59 48 120 172 51 303 115 60 63 124 93 159 394 127 0 23 56 0 0 3 0 7 0 0 0 4 4 0 0 0 0 1 0 2 0 0 0 0 0 0 0 0 0 0 0 0 0 0 0 0 0 0 0 0 0 0 0 0 0 0 0 0 0 0 0 0 0 0 0 0 0 1 0 0 0 0 0 29 0 12 44 0 0 17 17 0 0 23 21 0 0 26 24 11 1 0 0 0 0 0 0 0 0 0 0 0 0 0 0 0 0 0 0 0 0 8 15 0 0 0 0 0 0 0 0 0 22 0 0 5 0 0 0 0 0 0 6 0 0 0 0 0 0 0 0 0 0 0 0 0 0 0 0 0 0 0 0 0 11 15 1 40 28 16 0 10 19 25 18 10 0 5 42 11 18 0 2 1 0 0 0 0 0 0 0 0 0 0 0 3 0 0 0 0 0 33 1 0 0 0 0 0 0 0 0 0 0 0 0 0 2 0 0 0 0 0 0 0 2 2 0 7 0 2 0 0 0 0 0 0 0 0 0 0 0 0 0 0 0 0 0 15 0 0 0 0 12 
 0 0 0 0 2 0 0 1 0 0 0 0 0 0 0 0 0 0 30 0 90 33 2 36 147 0 0 70 31 129 0 79 0 0 7 0 2 2 0 0 352 148 262 60 67 59 34 113 86 90 321 276 325 389 187 61 312 23 0 165 0 3 3 0 2 0 0 0 4 3 0 51 3 0 3 0 4 0 2 0 0 0 0 0 0 0 0 0 0 0 0 0 0 0 0 0 0 0 0 0 0 15 1 0 23 32 0 0 30 33 7 15 0 0 3 0 0 16 0 0 0 0 0 0 0 0 3 0 0 17 7 0 32 25 0 19 14 0 59 23 0 0 0 0 0 0 0 0 6 8 0 0 0 0 0 8 0 0 3 0 0 0 0 0 0 0 0 0 0 0 0 0 0 0 3 0 0 0 0 0 0 0 43 0 8 46 0 0 0 0 3 47 0 0 0 9 0 3 0 0 7 14 0 27 0 0 41 74 0 0 0 0 3 18 10 0 10 28 0 23 0 0 0 0 0 0 0 5 0 0 0 0 0 0 0 0 0 7 0 0 0 0 3 0 0 2 0 0 2 0 0 14 0 0 0 0 0 0 81 0 19 0 0 0 0 0 3 0 0 0 7 0 0 0 0 1 0 0 0 4 0 0 0 0 0 0 0 0 2 0 
 0 0 0 0 0 0 0 0 0 0 0 0 0 0 1 0 0 3 0 0 0 1 0 0 32 17 207 0 0 63 0 124 0 5 63 62 0 137 0 9 314 74 233 64 79 58 121 76 79 111 61 28 143 180 177 65 70 56 165 0 0 14 1 0 1 1 0 0 14 0 0 14 0 0 0 5 3 0 2 0 0 0 0 0 0 0 0 0 0 0 0 0 0 0 0 0 0 0 0 0 0 0 0 1 39 10 0 0 0 0 0 1 0 0 0 13 0 11 0 0 11 25 1 0 0 0 32 12 1 13 17 0 12 0 23 0 10 0 0 22 0 0 4 7 0 0 0 0 24 7 13 0 0 3 0 0 12 7 0 0 0 0 0 0 0 0 0 0 0 0 0 0 0 0 0 0 0 0 0 0 0 0 0 0 0 0 0 0 0 0 10 0 0 0 0 0 0 9 0 0 27 32 0 25 0 0 23 0 16 21 0 11 13 9 2 0 0 18 45 16 0 0 10 0 0 0 0 0 0 0 0 0 0 0 0 0 23 0 0 1 0 0 0 0 0 0 0 0 0 0 0 6 0 2 0 0 0 116 0 3 0 0 0 0 0 3 0 0 0 0 6 0 0 0 0 0 0 0 0 0 0 0 0 0 0 0 0 3 1 0 
 0 6 0 0 0 0 0 26 0 0 0 0 0 0 0 0 0 0 0 0 0 1 0 0 0 6 0 0 0 0 0 0 0 0 4 0 0 0 0 0 0 50 0 2 4 57 9 5 0 3 0 8 0 0 2 0 1 0 0 0 0 88 105 105 42 45 184 128 73 108 47 33 167 121 282 117 65 36 56 94 0 0 0 0 0 0 0 0 0 0 0 0 0 8 0 0 0 0 0 0 0 0 0 0 0 0 0 0 0 15 0 0 0 0 0 9 0 0 0 0 0 3 9 0 10 0 0 1 3 0 0 1 0 0 0 1 0 0 0 0 2 37 14 15 16 20 27 0 9 22 28 18 1 3 1 18 8 21 3 0 6 0 0 0 0 0 0 0 0 0 0 0 0 0 0 0 0 0 0 0 0 0 0 0 0 0 0 0 0 0 0 0 0 0 0 0 0 0 0 0 0 3 6 1 1 20 0 0 0 4 3 2 0 0 0 0 7 0 0 0 21 2 1 1 0 14 1 0 19 15 19 27 0 8 32 52 36 46 0 9 0 0 0 0 0 0 0 0 0 0 0 0 0 54 16 0 14 0 0 0 0 0 22 0 0 0 0 5 0 2 14 1 0 25 0 0 0 0 0 0 0 0 1 0 0 5 0 0 0 0 
