 0 199 317 56 28 361 272 179 87 353 133 44 164 200 138 28 355 32 213 417 3 2 0 0 0 4 0 0 2 0 0 2 0 0 0 0 4 0 3 0 0 0 0 0 0 0 1 0 0 0 0 3 76 0 0 2 0 0 2 0 0 3 0 2 0 0 0 3 0 0 0 0 0 0 3 0 0 0 0 0 22 30 0 6 1 0 0 12 15 20 0 1 13 39 2 16 0 0 2 21 0 0 0 0 0 0 0 0 0 2 0 0 0 0 11 0 0 0 0 0 0 0 0 0 0 0 0 0 0 0 0 0 0 0 0 0 12 0 0 0 0 0 0 0 0 0 0 0 0 0 0 0 0 0 0 0 1 0 0 0 21 6 19 0 0 0 6 9 0 7 0 2 25 10 12 17 19 0 1 14 0 1 1 0 0 0 0 0 0 0 0 0 0 1 0 0 0 0 2 0 0 0 1 1 0 0 1 0 0 0 0 0 0 0 0 0 0 0 0 0 0 0 0 0 0 2 0 0 0 0 0 0 0 0 0 0 0 0 0 0 0 0 0 0 0 2 0 2 3 2 2 25 0 1 0 0 0 0 0 0 0 0 0 0 0 0 0 0 0 0 0 0 0 2 30 0 0 0 0 0 0 0 0 0 0 0 0 0 0 0 
 199 0 210 161 115 246 164 168 138 45 45 127 355 100 65 139 367 204 126 140 3 0 0 2 3 4 0 0 2 0 2 0 3 2 0 0 30 0 3 0 3 0 0 0 0 0 1 0 0 0 0 6 2 2 0 2 0 3 2 0 44 3 0 2 0 0 0 3 0 0 2 0 1 0 3 0 0 0 0 0 51 40 1 50 23 11 0 29 1 30 1 9 18 0 22 59 0 12 9 24 0 0 0 0 0 0 0 0 0 0 0 0 0 0 0 0 0 0 0 13 0 0 0 0 0 0 0 0 0 0 0 2 6 2 0 0 0 0 0 0 0 0 0 0 0 0 0 0 2 13 0 0 0 0 0 0 0 0 0 0 13 26 21 14 11 0 2 15 12 0 10 21 8 9 34 21 19 1 4 49 0 0 0 0 0 0 0 0 1 0 0 0 1 0 0 0 0 0 35 0 0 0 0 0 0 0 0 20 0 0 8 1 0 0 0 0 0 0 0 0 0 0 0 0 0 0 0 0 15 0 0 0 0 0 0 0 0 0 0 0 0 0 0 0 0 2 1 2 0 2 0 4 0 0 0 0 0 0 0 0 0 0 0 0 0 0 0 0 0 0 0 0 0 0 0 0 0 0 0 0 0 0 0 0 0 0 0 3 0 0 
 317 210 0 126 268 43 91 264 233 101 132 116 63 101 422 38 69 280 137 36 3 1 0 1 2 4 2 0 2 3 3 0 75 0 0 3 6 0 3 0 0 0 3 3 0 0 2 0 2 1 7 3 2 0 2 2 0 0 2 1 0 3 0 3 0 0 1 5 5 0 0 0 3 3 3 0 50 0 2 2 20 19 0 2 17 0 0 16 0 49 15 13 0 13 10 1 21 0 10 0 17 0 1 0 0 0 0 10 0 0 0 0 11 0 19 12 2 10 19 17 0 0 0 0 0 0 0 0 0 0 0 0 0 0 0 0 0 0 10 0 0 0 0 0 0 0 0 0 0 2 0 0 0 0 0 0 0 0 0 0 7 16 0 16 23 33 21 13 28 22 15 12 22 29 13 7 31 0 0 0 2 0 0 13 0 0 0 0 0 0 0 0 14 0 0 0 0 0 14 12 0 0 0 0 0 0 0 0 0 0 0 0 0 0 0 0 0 0 0 0 0 0 0 0 0 0 0 18 0 0 0 0 0 0 0 0 0 0 0 0 0 0 0 0 0 0 87 2 87 0 2 6 8 0 0 0 0 0 0 0 0 0 0 0 0 0 0 0 2 0 1 0 0 0 1 0 0 0 0 0 0 0 0 0 0 0 0 0 0 0 
 56 161 126 0 429 248 81 166 163 217 135 46 63 74 170 93 117 460 97 69 3 2 1 0 0 2 81 82 0 271 74 0 0 0 0 0 5 0 26 77 0 0 0 0 0 0 3 0 0 0 0 3 2 0 0 14 0 0 2 62 0 0 0 3 0 0 0 39 0 0 0 0 0 33 53 0 0 0 0 0 0 0 30 20 13 25 0 0 24 10 0 35 0 0 10 19 0 19 0 0 37 0 0 0 0 2 42 0 11 2 0 0 5 0 0 0 0 0 0 48 0 0 0 10 0 0 0 0 0 0 0 0 0 0 0 0 0 0 0 0 0 0 0 0 0 0 0 0 0 0 0 0 0 0 0 0 0 0 0 0 0 0 13 24 19 26 0 0 0 23 1 27 0 0 0 0 2 0 0 0 11 23 1 0 0 0 14 9 17 0 0 0 20 0 0 0 2 0 13 67 0 0 1 0 0 0 1 2 0 0 0 0 0 0 0 0 0 0 0 0 0 0 0 0 0 0 0 0 0 0 0 0 0 0 0 0 0 2 0 0 0 20 0 0 0 3 94 0 1 2 28 10 0 1 0 0 0 0 0 0 0 0 0 0 0 0 0 0 0 2 0 0 0 0 0 11 10 11 0 0 0 0 0 0 0 0 0 0 0 0 
 28 115 268 429 0 45 42 552 192 297 387 55 40 54 484 150 72 90 62 108 3 1 0 0 0 2 57 0 2 0 36 0 0 77 0 0 3 76 63 0 0 0 0 0 0 0 1 0 0 34 0 3 0 0 0 2 0 0 2 64 0 2 0 3 0 0 0 3 0 0 2 0 0 0 3 36 0 0 0 0 0 10 24 0 42 17 0 1 32 10 4 30 0 0 15 11 3 58 0 0 0 0 0 0 0 0 58 0 0 0 0 0 1 10 1 0 0 0 1 18 0 0 0 0 0 0 0 0 0 0 0 0 0 0 0 0 0 0 0 0 0 0 0 0 0 0 0 0 0 0 0 0 0 0 0 0 0 0 0 6 0 0 0 20 19 14 12 22 27 35 17 9 0 32 18 0 23 26 19 0 18 0 0 0 0 0 32 0 0 0 0 0 18 2 0 0 0 0 6 0 0 0 0 0 0 0 0 0 0 0 0 9 0 0 0 0 0 0 0 0 0 0 0 0 0 0 0 0 0 0 0 0 0 0 0 0 0 0 0 0 0 20 1 0 0 3 3 0 87 90 13 8 1 0 0 0 0 0 0 0 0 0 10 0 0 0 0 0 0 0 0 0 0 0 0 3 0 0 0 0 0 0 0 0 0 0 0 0 0 0 
 361 246 43 248 45 0 228 30 42 605 160 275 441 24 143 81 96 112 25 254 157 2 53 0 0 2 139 112 5 5 1 0 92 1 0 3 6 0 188 135 26 0 0 0 0 0 3 1 0 0 0 3 2 0 0 11 0 0 53 0 0 0 0 3 0 0 0 2 0 0 0 0 0 0 6 0 0 0 0 0 0 0 21 17 4 1 0 0 10 0 8 11 0 0 10 2 0 0 0 0 63 3 3 0 0 0 23 35 18 10 18 7 0 0 26 12 0 0 15 11 0 0 0 0 0 0 0 0 0 0 0 0 0 0 7 2 0 0 0 0 0 0 0 0 0 0 0 0 0 0 0 0 0 0 0 2 0 0 0 0 0 0 14 35 0 10 0 1 1 16 0 0 0 0 0 0 0 0 0 0 6 28 16 0 0 0 0 24 19 0 4 0 36 1 0 0 10 0 10 68 0 0 0 0 0 0 0 0 0 0 0 0 0 0 0 0 0 0 0 0 0 2 0 0 0 0 0 0 0 0 0 0 0 0 0 0 0 0 0 0 0 0 20 0 0 4 4 0 0 1 0 5 0 0 0 0 0 0 74 0 0 0 0 0 0 0 0 0 0 0 10 0 0 0 0 16 9 19 0 0 0 0 0 0 0 0 0 0 0 0 
 272 164 91 81 42 228 0 155 124 50 79 53 159 176 128 91 113 41 392 147 6 1 0 0 2 2 0 0 4 0 0 0 2 2 0 0 8 0 5 3 0 0 0 0 2 0 2 0 1 2 7 3 1 0 3 2 0 2 4 0 0 4 0 3 0 0 0 3 0 0 0 0 0 0 3 0 0 2 0 0 4 36 0 38 0 0 0 21 3 33 14 0 38 40 0 16 16 4 1 22 0 0 0 0 0 0 0 0 0 0 0 0 9 0 0 0 0 0 0 0 0 0 0 0 0 0 0 0 0 0 0 0 0 0 0 0 1 0 0 0 0 0 0 0 0 0 0 10 0 0 0 0 0 0 0 1 0 0 0 0 31 31 34 0 16 14 13 16 0 20 0 15 16 20 27 24 5 0 2 0 0 0 0 0 0 0 0 0 0 0 0 0 0 0 1 0 0 0 15 0 0 0 0 0 0 0 0 0 0 0 0 0 2 0 0 0 0 0 0 0 0 1 0 0 0 0 0 0 0 0 0 0 0 0 0 0 0 0 0 0 0 0 0 0 0 0 2 2 0 0 0 11 0 2 0 0 0 0 0 0 104 0 0 0 0 0 0 0 0 0 0 0 0 0 0 0 0 0 0 0 0 0 0 0 0 0 0 0 0 0 
 179 168 264 166 552 30 155 0 250 47 118 208 253 105 164 153 128 124 163 217 3 1 1 1 0 2 0 0 0 2 0 2 0 0 0 0 3 0 3 0 0 2 0 0 0 0 2 0 0 0 9 3 5 0 0 2 0 0 2 60 51 1 0 3 0 0 0 2 5 0 0 0 0 6 3 0 0 0 0 0 37 42 29 23 32 0 0 0 24 16 10 0 0 0 0 28 0 40 7 0 0 0 0 0 0 2 0 0 0 0 0 0 0 0 0 0 0 0 0 0 0 0 0 0 0 0 0 0 0 0 0 0 0 0 0 0 0 0 0 0 0 0 0 0 0 0 0 0 0 0 0 0 0 0 0 0 0 0 0 0 0 21 1 0 19 0 36 22 11 44 0 1 52 51 18 0 27 10 11 11 0 0 0 0 0 0 10 0 0 0 0 0 0 12 0 0 0 0 0 0 0 0 0 0 0 0 0 2 0 0 0 0 0 0 0 0 0 0 5 0 0 0 0 0 0 0 0 0 0 1 0 16 0 0 0 0 0 2 0 0 0 2 0 0 0 0 2 0 0 1 0 15 9 1 0 0 0 0 0 0 0 0 0 0 0 0 0 0 0 2 0 0 0 0 0 21 0 0 0 0 0 0 0 0 0 0 0 0 0 0 
 87 138 233 163 192 42 124 250 0 170 23 216 70 89 178 142 63 55 103 76 3 2 0 1 0 2 0 0 2 0 0 0 102 2 0 0 3 2 164 0 31 0 0 29 0 0 3 0 0 0 0 3 3 0 0 8 0 0 63 47 0 0 0 3 0 0 0 2 5 0 0 0 0 0 4 0 0 0 0 0 20 13 44 13 49 0 0 40 13 29 1 11 8 0 16 1 21 18 0 0 0 0 0 0 0 0 1 0 0 0 0 0 29 0 20 5 0 0 14 20 0 0 0 0 0 0 0 0 0 0 0 0 0 0 0 0 0 0 0 0 0 0 0 0 0 0 0 0 0 0 0 0 0 0 0 0 0 0 0 0 0 30 9 12 0 21 1 1 0 0 21 0 8 21 25 33 24 1 0 0 19 1 0 0 0 0 15 0 0 0 0 0 20 6 0 0 0 0 10 0 0 0 0 0 0 0 0 0 0 0 0 0 0 0 19 0 0 14 0 0 0 0 0 0 0 0 0 0 0 0 20 0 0 0 0 0 0 0 0 0 0 18 0 0 0 0 1 0 88 2 0 5 14 0 0 0 0 0 0 0 0 0 14 0 0 0 0 0 0 0 0 0 0 0 0 18 0 0 0 0 0 0 0 0 0 0 0 0 0 0 
 353 45 101 217 297 605 50 47 170 0 452 60 356 75 271 198 86 213 73 353 3 1 0 0 83 2 135 27 2 1 73 38 1 26 0 0 3 2 102 74 0 0 0 0 0 0 2 0 0 0 0 3 1 0 0 7 0 2 54 0 0 1 0 3 0 0 0 2 0 0 0 0 4 0 3 0 0 0 0 0 14 30 1 14 7 0 0 0 0 8 10 23 0 10 11 0 0 104 24 0 12 0 0 0 0 0 39 1 0 0 0 0 0 10 0 0 0 0 2 20 0 0 0 0 0 0 0 0 0 0 0 0 0 0 0 0 0 0 0 0 0 0 0 0 0 0 0 0 0 0 0 0 0 0 0 0 0 0 0 6 1 5 18 16 19 0 31 0 5 17 17 7 0 9 0 0 0 76 17 0 0 0 3 0 0 0 12 0 20 0 0 0 17 25 0 0 0 0 1 23 0 0 0 0 0 0 0 0 0 0 0 0 0 0 0 0 0 0 0 0 0 0 0 0 0 0 0 0 0 0 0 0 0 4 0 0 0 0 0 4 0 14 1 0 0 1 91 0 1 4 13 19 1 0 0 0 1 0 0 0 0 0 0 0 0 0 0 0 0 0 0 0 0 0 0 0 10 0 0 0 0 0 0 0 0 0 0 0 0 0 
 133 45 132 135 387 160 79 118 23 452 0 353 111 27 168 172 213 224 128 136 3 2 0 82 0 4 0 80 2 0 1 2 15 35 0 6 4 0 48 0 0 0 0 0 0 0 2 65 0 0 3 3 1 0 0 2 0 0 2 0 0 1 52 3 0 51 0 2 0 0 56 0 0 0 3 0 0 0 0 0 83 15 17 23 0 0 0 8 20 30 48 1 0 0 40 3 14 18 10 1 0 0 0 0 0 0 22 7 0 0 0 0 7 0 0 0 0 0 0 0 0 0 0 0 0 0 0 0 0 0 0 0 0 1 0 0 0 0 0 0 6 0 0 0 13 0 0 0 1 0 0 0 0 0 0 0 0 0 0 0 12 38 49 32 9 37 50 0 44 41 0 15 0 23 7 15 0 7 9 0 0 9 0 0 0 0 0 10 16 0 0 0 0 2 0 0 0 0 2 14 0 17 0 0 0 0 0 0 0 0 0 0 0 29 0 0 0 0 0 0 0 0 0 0 0 0 0 0 0 0 2 0 0 0 0 0 0 0 0 0 0 0 0 0 0 0 87 0 1 48 0 5 0 0 0 0 0 0 0 0 0 0 0 0 0 0 0 0 0 0 0 0 0 2 0 20 16 9 0 0 0 0 0 0 0 0 0 0 0 0 
 44 127 116 46 55 275 53 208 216 60 353 0 55 341 51 127 256 85 39 49 4 0 0 0 0 2 0 75 1 0 1 2 0 0 0 0 3 0 3 0 0 1 0 0 0 0 1 0 0 0 6 3 1 0 0 2 1 0 2 2 1 3 0 52 3 0 0 3 9 0 0 0 0 0 3 0 0 0 0 0 1 0 6 0 35 16 0 21 1 43 14 9 0 0 10 14 0 8 0 13 0 17 0 0 0 0 0 0 0 0 0 0 14 0 0 0 0 0 32 2 0 0 0 0 0 0 0 0 0 0 0 0 0 0 0 0 0 0 0 0 0 0 0 0 0 0 0 6 0 0 0 0 0 0 0 16 0 0 0 0 0 27 43 2 31 20 13 15 2 38 5 0 0 22 5 20 15 0 1 0 0 0 0 10 0 0 0 0 10 0 0 0 15 20 0 0 10 0 29 0 0 0 0 0 0 0 0 0 0 0 0 0 0 0 10 0 0 0 0 0 1 0 0 0 0 0 0 0 0 0 0 0 0 0 0 0 0 0 0 0 0 0 0 0 0 2 0 0 0 1 0 7 5 0 0 0 0 0 0 0 0 0 0 0 0 0 1 0 0 0 0 0 0 0 0 18 0 0 0 0 0 0 0 0 0 0 0 0 0 0 
 164 355 63 63 40 441 159 253 70 356 111 55 0 296 30 28 365 42 83 93 4 1 0 0 0 2 0 1 2 0 2 1 0 111 0 0 3 0 3 0 62 0 0 0 0 0 3 0 0 1 0 3 3 0 0 2 0 2 2 0 37 2 0 3 0 0 0 2 0 0 0 0 41 0 3 0 0 0 0 0 35 30 11 51 0 0 0 22 10 1 1 0 11 2 17 37 0 25 0 15 0 0 0 11 0 0 0 0 0 0 0 1 0 1 0 0 0 0 0 0 0 1 1 0 0 0 0 0 0 0 0 0 20 0 0 0 2 0 0 0 0 0 20 0 0 0 0 0 0 0 2 0 0 0 0 0 0 0 0 0 0 63 16 23 15 1 0 0 11 0 0 0 34 13 40 19 23 6 72 1 6 0 0 0 0 0 0 0 0 0 0 0 0 0 0 0 0 0 0 0 0 0 0 0 0 0 0 0 0 0 0 0 0 0 0 0 1 0 0 0 0 0 0 0 0 11 0 0 0 0 0 0 0 0 0 0 1 0 0 1 0 0 0 0 0 0 0 0 0 88 0 4 0 0 1 0 0 0 0 0 0 0 0 0 0 0 0 0 0 0 0 0 0 0 0 0 0 0 0 0 0 0 0 0 0 0 0 0 0 0 
 200 100 101 74 54 24 176 105 89 75 27 341 296 0 158 124 133 39 115 90 3 1 0 0 0 2 0 0 0 0 1 0 0 2 0 0 3 0 3 0 0 0 0 0 0 0 2 0 0 0 0 3 2 0 0 2 57 0 2 0 0 4 0 3 0 0 0 2 0 0 0 0 0 0 3 0 0 7 0 1 0 0 0 0 18 2 24 19 18 31 0 4 26 14 23 2 0 0 0 21 0 0 0 0 0 0 0 0 0 0 0 0 0 0 0 0 0 0 0 0 0 0 0 0 0 0 0 0 0 11 0 0 1 0 7 0 0 19 1 0 0 2 0 0 0 0 0 0 0 0 0 0 0 0 2 0 0 0 0 0 12 0 0 11 0 22 0 12 0 1 11 57 9 10 11 12 0 1 8 32 0 0 0 0 0 0 0 0 0 0 0 0 44 0 0 0 0 0 0 0 0 0 0 0 0 0 0 1 0 0 0 0 0 0 0 0 0 24 0 0 0 0 0 0 1 0 0 0 0 0 0 0 0 0 0 0 0 0 0 0 0 0 0 0 2 0 2 0 86 2 2 3 0 1 0 0 0 0 0 0 0 0 0 0 0 0 0 0 0 0 0 0 0 0 0 0 0 0 0 0 0 0 0 0 0 1 0 0 0 0 
 138 65 422 170 484 143 128 164 178 271 168 51 30 158 0 187 221 325 146 114 3 2 0 75 0 2 2 0 2 2 85 0 0 79 0 0 3 0 4 2 0 0 0 0 0 0 3 0 0 0 0 3 2 0 0 2 0 0 2 0 0 0 0 3 0 0 0 2 0 0 0 0 0 0 3 0 0 0 41 0 0 27 21 0 33 0 0 13 43 15 18 26 0 24 28 1 23 18 13 11 0 0 0 0 0 0 15 0 0 0 0 0 0 0 1 0 0 0 0 0 20 0 0 0 0 0 0 0 0 0 0 0 0 0 0 0 0 0 0 0 0 0 0 0 0 0 0 0 0 0 0 0 0 0 0 0 0 0 0 0 35 0 1 38 0 10 10 18 36 25 17 10 1 16 18 0 2 5 19 0 18 0 0 0 0 0 27 0 0 0 0 0 24 0 0 0 0 0 0 0 0 0 0 0 0 0 0 0 0 0 0 0 0 0 0 0 0 0 0 0 0 0 0 0 0 0 0 0 0 0 0 0 0 0 0 0 0 0 0 0 0 0 0 0 0 2 91 0 3 89 12 4 0 0 0 0 0 0 0 0 0 0 15 0 0 0 0 0 0 0 0 0 0 0 0 21 0 25 0 0 0 0 0 0 0 0 0 0 0 0 
 28 139 38 93 150 81 91 153 142 198 172 127 28 124 187 0 229 330 116 168 3 0 79 0 0 2 85 0 1 0 0 2 0 2 0 0 3 0 138 4 0 0 0 0 0 0 1 0 0 0 0 66 98 0 0 2 0 0 2 1 0 3 0 2 0 0 0 3 0 0 0 0 0 0 3 0 0 0 0 0 32 0 20 15 11 0 0 28 42 29 28 34 16 19 0 20 0 17 0 11 19 0 0 0 0 1 33 0 0 1 0 0 36 1 0 0 0 0 0 14 0 16 0 0 18 0 0 0 0 0 0 0 0 0 0 0 18 0 0 0 0 0 0 0 0 0 0 0 0 0 0 0 0 0 0 0 2 0 0 4 37 13 39 0 18 23 3 0 7 18 38 18 42 0 57 25 22 2 9 14 31 23 2 0 0 0 31 0 1 0 0 0 24 13 25 0 0 0 0 19 0 0 2 0 0 0 2 0 0 0 0 0 0 0 22 0 0 0 0 0 0 0 0 0 0 1 0 0 0 2 0 0 0 0 2 0 0 1 0 0 0 1 0 0 0 2 0 0 0 1 0 4 0 2 0 0 0 0 0 0 0 0 0 21 0 0 1 0 0 1 0 0 0 0 0 0 4 4 0 0 0 0 0 0 0 0 0 0 0 0 
 355 367 69 117 72 96 113 128 63 86 213 256 365 133 221 229 0 117 163 74 3 0 0 0 1 2 0 0 5 0 4 0 0 0 0 0 3 0 85 0 0 0 0 0 0 0 0 0 0 0 0 3 2 0 0 2 0 0 2 58 41 3 0 2 0 0 0 3 0 0 9 0 0 0 3 0 0 0 0 0 0 10 37 33 21 0 0 64 53 49 20 15 17 10 13 33 0 29 2 22 22 0 0 0 0 0 17 1 0 0 0 0 26 0 0 1 0 0 0 0 0 0 0 0 0 0 0 0 0 0 0 0 0 0 0 0 0 0 0 0 0 0 0 0 0 0 0 0 0 0 0 0 0 0 0 0 0 0 0 0 25 26 44 32 22 22 0 0 0 26 26 25 16 11 35 33 10 0 1 0 37 1 0 0 0 2 20 0 0 0 0 0 1 5 0 0 0 0 0 32 0 0 0 0 0 0 0 0 0 0 0 5 0 0 1 0 0 0 0 0 0 0 0 0 0 0 0 0 0 0 0 2 0 2 0 0 0 0 0 0 0 0 0 0 0 1 2 3 3 4 0 2 0 0 1 0 0 0 0 0 0 0 0 0 0 0 0 0 0 0 0 0 0 0 0 18 0 2 0 0 0 0 0 0 0 0 0 0 0 0 
 32 204 280 460 90 112 41 124 55 213 224 85 42 39 325 330 117 0 59 22 3 1 0 0 0 3 0 0 1 0 23 0 0 154 1 0 3 0 4 0 0 0 0 0 0 0 2 0 0 0 0 3 1 0 0 2 0 0 2 63 0 1 0 3 0 0 0 2 0 0 0 0 0 0 3 0 0 0 0 0 10 0 36 19 0 16 0 23 56 24 31 24 0 12 33 51 0 46 0 0 20 0 0 0 0 0 18 0 0 0 0 0 7 0 0 0 9 0 0 9 0 0 0 0 0 0 0 0 0 2 0 2 0 0 0 0 0 0 0 2 1 0 0 0 0 0 0 0 0 0 0 0 0 0 0 0 0 0 0 0 30 12 53 41 20 40 2 0 11 42 16 9 0 1 26 27 10 0 19 0 17 15 0 0 0 0 16 1 0 0 2 0 15 2 0 0 0 0 6 20 0 0 0 0 0 0 0 0 1 0 0 1 0 0 0 0 0 0 0 2 0 0 0 0 0 0 0 0 2 0 0 0 0 0 0 0 0 0 0 0 0 0 0 0 0 0 1 0 91 90 4 7 0 0 0 0 0 0 0 0 0 0 0 0 0 0 0 0 0 0 0 0 0 0 0 16 0 3 0 0 0 0 0 0 0 0 0 0 0 0 
 213 126 137 97 62 25 392 163 103 73 128 39 83 115 146 116 163 59 0 66 3 3 0 0 0 3 0 0 2 0 1 0 0 0 0 2 3 0 3 1 0 0 0 0 0 0 3 0 0 0 0 3 2 0 0 2 0 0 2 0 0 0 0 3 0 0 0 2 0 0 47 0 0 0 3 0 0 0 0 0 15 16 0 0 0 0 16 1 21 28 18 0 20 16 0 0 29 0 38 7 0 0 0 1 0 0 0 0 0 0 0 0 0 10 0 0 0 0 0 0 0 0 0 0 0 0 0 0 0 0 0 0 0 0 0 0 0 0 0 0 0 0 0 0 0 0 0 0 0 0 0 1 0 0 0 0 0 26 0 0 22 0 0 0 0 0 4 0 10 0 0 36 20 0 0 0 18 2 0 0 0 0 0 0 2 2 0 0 0 0 0 0 0 0 0 19 0 0 0 0 0 0 6 0 0 0 0 0 0 0 0 0 0 0 0 0 0 0 0 0 0 0 0 0 0 0 0 0 0 0 44 1 0 2 0 0 0 0 0 0 0 0 0 0 0 0 93 1 1 0 0 13 0 0 1 0 0 0 0 0 0 0 0 0 0 0 0 0 0 0 0 0 0 0 0 0 0 1 0 0 0 0 0 0 0 0 0 0 0 1 
 417 140 36 69 108 254 147 217 76 353 136 49 93 90 114 168 74 22 66 0 3 1 0 0 0 2 0 0 2 1 0 2 0 136 0 0 4 0 4 0 0 0 0 6 0 0 2 0 0 0 62 3 35 0 0 2 0 0 2 1 44 0 0 3 9 0 0 2 0 1 0 0 0 0 3 0 0 0 57 0 15 34 0 8 17 0 1 17 0 4 9 0 15 0 16 22 0 14 0 23 0 2 0 2 0 0 0 0 0 0 0 0 0 0 0 0 0 0 0 0 0 0 0 0 0 0 0 0 0 2 0 0 0 0 0 0 5 0 0 0 2 9 0 0 0 0 0 0 0 0 0 0 1 0 0 1 0 0 0 0 16 8 0 19 0 0 19 33 32 14 0 0 7 19 10 13 28 8 15 29 0 0 0 0 0 0 0 1 0 0 0 0 0 0 0 0 0 0 0 0 0 0 0 0 0 0 0 0 2 0 0 0 0 0 0 0 0 0 0 0 0 1 0 0 0 0 0 0 0 0 0 0 0 6 0 0 0 0 0 0 0 0 0 0 0 0 1 0 2 87 0 9 0 0 0 0 0 0 0 0 0 0 2 0 0 0 0 0 0 0 0 0 0 0 0 0 0 0 0 0 0 0 0 0 0 0 0 0 0 0 
 3 3 3 3 3 157 6 3 3 3 3 4 4 3 3 3 3 3 3 3 0 306 225 61 258 319 184 91 39 102 251 111 199 205 67 117 96 164 267 464 0 0 0 3 3 3 0 3 0 0 0 0 2 0 2 0 0 79 2 0 0 11 3 0 3 3 3 3 7 0 2 0 4 2 3 0 0 36 0 1 0 0 0 13 7 12 0 0 0 0 0 0 0 0 0 0 0 0 0 0 25 42 7 8 8 11 0 35 13 4 24 30 24 32 12 41 21 12 14 13 0 0 3 0 0 2 12 0 0 0 0 0 10 0 0 0 0 0 0 0 1 0 0 0 0 2 0 1 0 0 1 0 0 0 0 0 0 0 0 0 0 0 0 0 0 0 2 0 0 0 0 0 0 0 0 0 2 0 0 0 8 7 18 1 8 8 6 0 0 73 22 21 22 0 21 24 13 12 13 30 1 0 0 0 0 0 13 0 0 0 0 0 17 0 0 0 0 0 22 0 0 0 0 0 0 0 0 2 0 0 0 0 0 0 0 0 0 0 0 0 0 0 6 0 0 0 94 0 0 0 0 0 0 22 14 2 0 8 4 0 15 9 0 0 0 0 8 0 0 0 0 0 0 0 0 0 0 0 0 0 0 0 0 0 0 0 0 0 0 0 
 2 0 1 2 1 2 1 1 2 1 2 0 1 1 2 0 0 1 3 1 306 0 344 157 257 21 122 260 32 390 91 191 134 346 327 291 147 29 35 177 0 0 0 2 3 2 0 3 3 0 0 0 65 0 2 0 0 62 4 19 0 3 9 0 46 7 3 10 0 0 5 0 11 2 3 0 0 0 0 0 0 0 0 0 0 14 0 0 0 0 0 0 0 0 0 0 0 0 0 0 9 84 0 30 11 0 0 28 0 9 10 1 17 0 21 21 7 32 0 18 0 0 0 0 0 0 0 0 0 0 0 0 14 20 9 0 0 0 0 0 0 0 0 0 0 0 0 0 0 3 0 0 0 0 0 0 0 1 0 0 0 4 0 0 0 0 0 0 0 0 0 6 0 0 0 1 0 0 12 0 2 0 44 12 20 1 18 7 36 0 16 50 0 0 9 43 0 27 0 0 14 0 0 12 0 0 13 1 0 0 0 0 12 0 0 0 0 0 12 14 0 0 6 0 4 0 0 0 0 0 0 0 0 0 0 0 0 0 9 0 0 0 1 0 0 0 0 0 1 0 0 0 0 0 5 2 0 81 0 2 2 0 0 0 0 0 0 0 0 0 0 0 0 0 0 0 0 0 0 1 0 0 0 0 0 0 0 0 0 0 
 0 0 0 1 0 53 0 1 0 0 0 0 0 0 0 79 0 0 0 0 225 344 0 134 205 46 263 108 265 173 45 54 93 261 38 248 190 202 331 271 71 0 0 2 3 2 0 10 0 0 0 0 4 0 2 5 8 1 60 0 0 3 3 0 3 3 3 3 0 0 5 0 0 2 7 0 1 0 0 0 0 0 0 0 0 15 0 0 0 0 0 0 0 0 0 0 0 0 0 0 7 1 23 2 0 0 1 28 11 6 17 8 27 1 16 20 36 25 1 13 0 0 0 0 0 0 0 0 0 0 1 0 0 0 0 2 1 0 0 12 0 0 0 0 0 0 0 0 0 0 0 0 0 0 0 0 0 0 10 1 0 0 0 0 0 0 0 0 0 0 0 1 0 0 0 0 0 0 0 0 15 7 27 0 10 0 19 16 0 0 30 1 17 20 23 0 11 14 0 10 0 0 0 0 0 0 5 0 0 0 8 0 1 0 0 1 0 0 0 9 0 0 11 0 0 0 0 0 0 0 0 0 0 0 9 0 0 0 0 0 0 0 0 0 0 0 0 0 0 0 0 0 0 0 11 0 2 0 81 2 3 6 0 0 0 1 0 0 0 0 0 0 0 0 0 0 0 0 0 1 0 10 0 0 0 1 0 0 0 0 
 0 2 1 0 0 0 0 1 1 0 82 0 0 0 75 0 0 0 0 0 61 157 134 0 467 131 299 353 156 171 158 118 73 87 102 73 59 132 56 82 62 2 0 2 3 2 63 130 0 0 0 0 0 2 68 0 0 1 2 0 3 1 2 11 50 32 3 2 0 0 53 0 0 3 1 3 0 1 0 0 0 0 0 0 0 0 0 0 0 0 0 0 0 0 0 0 0 0 0 0 0 0 0 27 17 29 0 1 49 15 0 19 10 0 0 1 43 29 0 0 0 0 0 20 0 0 16 26 0 0 0 2 27 21 40 5 12 0 23 5 8 0 0 0 0 0 2 0 0 6 0 0 0 0 0 0 0 0 0 0 0 3 0 0 0 0 0 0 0 0 0 6 0 0 0 0 0 0 1 0 0 0 16 4 5 44 0 0 0 14 1 2 0 0 1 0 26 5 0 2 20 0 12 0 8 0 38 21 0 6 0 0 21 15 25 1 4 47 55 16 0 0 2 11 10 0 0 0 0 0 0 0 0 0 0 0 0 0 0 0 0 0 0 0 0 0 0 0 0 0 0 0 0 0 12 4 0 14 76 1 0 0 0 0 0 0 0 0 0 0 0 0 0 0 0 0 0 0 0 0 0 4 0 0 0 0 0 0 0 0 
 0 3 2 0 0 0 2 0 0 83 0 0 0 0 0 0 1 0 0 0 258 257 205 467 0 315 38 300 364 504 157 78 61 86 280 162 333 69 77 91 52 0 0 2 3 2 62 3 0 0 121 0 1 53 148 50 53 2 128 50 0 3 7 0 3 3 3 3 2 0 2 0 0 2 3 0 0 0 8 6 0 0 0 0 0 0 0 0 0 0 0 0 0 0 1 10 0 0 0 2 0 0 0 0 8 22 0 0 0 14 9 0 0 0 0 0 1 0 0 0 10 1 18 8 0 0 27 100 0 14 18 0 11 16 19 22 0 0 27 28 0 0 0 0 0 0 0 0 0 0 0 2 0 0 0 0 0 0 0 0 0 0 0 2 0 0 0 0 0 0 0 0 0 0 0 13 0 0 0 4 0 12 0 11 26 0 0 0 0 29 0 0 0 0 0 0 15 0 2 0 5 7 6 0 1 0 27 12 0 9 0 0 20 20 41 18 9 14 0 0 0 0 0 0 1 0 0 0 1 0 0 0 0 0 1 0 0 0 0 0 0 0 0 0 0 1 0 0 0 0 0 0 0 0 15 0 0 4 2 2 5 4 0 0 0 0 0 1 0 0 0 0 0 0 0 0 0 0 0 0 0 9 0 0 11 0 9 0 0 0 
 4 4 4 2 2 2 2 2 2 2 4 2 2 2 2 2 2 3 3 2 319 21 46 131 315 0 36 251 53 57 126 232 68 135 112 104 73 116 271 342 2 2 49 3 3 2 67 70 1 0 0 1 65 64 66 62 1 64 2 63 0 4 3 0 3 3 3 3 0 0 2 0 0 2 3 1 0 16 2 5 0 0 0 0 0 0 0 0 0 0 0 0 0 0 0 0 0 0 0 0 21 10 0 0 20 23 0 0 0 27 0 13 0 22 0 21 0 25 0 0 7 24 0 11 0 0 16 14 1 0 0 0 13 23 20 9 1 0 22 18 0 0 0 0 0 5 0 0 0 4 0 0 0 0 0 0 0 0 0 0 0 0 0 6 0 0 0 0 0 0 0 0 0 0 0 0 2 0 0 0 0 0 21 0 22 13 0 0 0 34 6 19 0 1 0 2 26 0 0 0 0 14 19 0 0 0 14 20 0 19 0 0 11 29 4 18 1 6 24 27 0 0 0 0 0 0 0 7 0 0 0 0 0 0 6 0 0 0 0 0 0 0 0 0 0 0 0 0 0 0 0 0 0 0 6 0 0 5 76 0 0 1 0 0 0 0 0 0 0 0 0 0 0 0 0 0 0 1 0 0 0 13 0 0 0 0 0 0 0 1 
 0 0 2 81 57 139 0 0 0 135 0 0 0 0 2 85 0 0 0 0 184 122 263 299 38 36 0 155 126 126 37 39 223 127 31 58 189 39 299 131 0 0 0 2 3 2 0 2 0 0 0 0 0 0 2 11 0 0 44 0 0 0 2 0 3 3 3 2 0 0 2 0 0 3 1 3 0 0 0 0 12 0 0 9 28 0 0 0 0 0 6 6 0 0 0 1 0 13 0 0 18 0 12 12 0 0 32 3 7 7 0 12 14 11 26 35 0 2 43 41 0 0 0 0 0 0 0 0 0 0 0 0 0 0 0 0 2 0 0 0 0 0 0 0 0 0 0 0 0 0 0 0 0 0 0 0 0 0 0 3 0 0 1 0 14 0 0 6 0 4 12 0 0 0 0 0 0 10 0 0 12 6 25 7 0 0 11 15 15 0 0 0 59 18 8 1 8 11 12 15 0 0 0 0 0 0 0 0 0 0 0 0 0 0 0 0 0 0 0 0 0 0 0 0 0 0 0 0 0 0 0 2 0 0 0 0 0 0 2 0 0 0 12 0 0 0 70 0 0 74 0 0 0 0 4 0 0 0 0 3 1 0 0 0 0 0 0 0 0 0 0 0 0 0 0 0 20 2 0 11 0 0 0 0 0 11 0 0 0 0 
 0 0 0 82 0 112 0 0 0 27 80 75 1 0 0 0 0 0 0 0 91 260 108 353 300 251 155 0 190 166 126 35 151 82 283 103 353 34 242 44 6 0 6 2 3 3 5 2 6 0 74 4 7 3 2 0 0 1 56 0 0 0 8 0 27 7 3 2 0 5 2 2 0 3 1 3 0 0 0 0 0 0 0 0 0 19 0 0 0 2 14 57 0 0 0 0 2 0 0 0 0 32 1 17 19 14 20 9 29 0 18 0 1 0 0 1 10 31 9 0 0 0 0 0 0 0 0 0 0 0 0 0 0 0 1 0 0 0 0 0 0 0 0 0 0 0 0 7 0 0 0 0 0 0 0 2 0 0 0 0 0 4 0 0 0 0 0 0 0 0 0 4 0 0 0 0 0 0 0 0 20 23 14 15 8 17 0 27 7 29 17 5 1 17 0 12 27 18 13 6 0 0 0 0 0 0 0 0 0 0 0 0 0 0 0 0 0 0 23 0 0 0 0 1 18 0 0 0 0 0 0 0 0 4 0 0 0 0 0 0 0 0 0 0 0 0 0 0 0 0 0 0 0 0 12 2 2 0 0 0 1 2 0 0 21 0 0 0 0 0 0 1 10 0 0 0 13 0 0 0 0 0 0 0 0 0 0 0 0 0 
 2 2 2 0 2 5 4 0 2 2 2 1 2 0 2 1 5 1 2 2 39 32 265 156 364 53 126 190 0 297 52 40 88 396 128 181 134 109 150 66 0 2 2 4 5 4 2 12 2 2 2 2 19 28 3 2 0 3 59 1 1 1 2 0 58 3 3 3 0 0 2 23 46 3 2 2 1 2 0 1 0 0 0 0 0 19 0 0 0 8 0 2 0 0 0 0 1 0 0 0 0 1 50 3 12 2 6 0 15 11 52 2 0 0 10 0 17 1 0 0 10 0 0 0 0 0 12 0 0 0 0 0 29 0 0 0 14 0 3 12 0 0 0 0 0 0 0 0 0 0 0 0 0 0 0 0 0 0 0 0 0 6 4 0 0 5 0 0 16 0 0 3 0 0 0 0 0 0 11 0 0 34 27 30 20 24 0 1 0 13 0 6 1 19 18 1 41 7 0 0 0 0 13 0 0 0 14 0 0 0 0 0 17 9 0 0 0 11 12 2 0 0 0 0 0 0 8 0 0 0 0 0 0 0 0 0 0 0 0 0 0 0 0 0 0 0 1 0 0 0 0 1 0 0 9 0 1 2 1 0 3 0 0 0 0 0 0 0 0 0 0 0 0 0 0 0 0 0 0 0 0 0 0 0 0 0 0 0 0 0 
 0 0 3 271 0 5 0 2 0 1 0 0 0 0 2 0 0 0 0 1 102 390 173 171 504 57 126 166 297 0 350 110 79 115 190 254 123 115 288 98 0 3 66 2 3 2 2 9 0 0 0 7 4 0 2 2 0 2 4 74 0 2 6 0 52 7 3 3 0 2 2 2 6 53 11 0 0 0 51 3 0 0 0 0 0 6 0 0 0 0 0 0 0 0 0 0 0 0 0 0 0 0 0 35 29 1 0 0 47 0 19 34 1 9 16 20 47 8 14 1 0 0 0 2 0 0 16 0 0 0 0 0 25 1 44 0 0 0 0 11 0 0 13 0 0 0 0 0 0 0 0 0 0 0 0 0 1 0 3 0 11 0 9 0 0 0 0 0 0 0 0 5 0 0 0 0 0 1 0 0 19 19 9 19 0 9 0 22 0 15 18 35 0 21 10 29 0 15 14 0 7 0 1 0 0 0 42 0 0 0 0 0 49 18 0 0 1 1 37 0 0 0 0 0 39 0 0 0 0 2 0 0 0 0 0 0 0 0 0 0 0 0 0 0 0 0 1 0 2 0 0 0 0 0 8 0 2 78 0 4 3 0 0 2 0 0 17 0 0 0 0 0 0 0 0 0 0 0 0 17 0 0 0 0 0 16 0 0 0 0 
 0 2 3 74 36 1 0 0 0 73 1 1 2 1 85 0 4 23 1 0 251 91 45 158 157 126 37 126 52 350 0 220 35 273 212 165 167 133 243 73 0 0 0 2 3 2 0 2 0 0 0 0 3 0 65 0 0 0 4 0 0 0 2 0 42 10 3 3 0 0 2 0 3 3 1 3 0 0 0 0 0 0 0 0 0 0 0 0 0 1 0 0 0 0 1 0 1 0 11 0 0 0 0 20 26 9 0 11 0 12 17 28 0 26 0 8 1 35 0 0 0 0 0 23 0 0 10 13 0 0 0 0 0 0 10 5 0 0 0 4 0 0 0 0 0 0 0 0 0 5 0 0 0 0 0 0 0 0 0 0 0 0 0 1 0 19 0 0 0 33 1 23 0 1 1 2 0 0 0 0 0 2 1 0 5 41 2 0 12 15 9 9 25 0 0 10 10 19 0 0 8 0 0 0 0 0 0 18 0 0 0 0 0 0 0 1 0 0 24 1 0 0 0 2 7 0 0 0 0 0 0 0 1 0 0 0 0 0 0 0 0 0 0 0 0 0 0 0 74 0 1 0 0 0 2 2 6 41 0 4 6 0 0 0 0 0 0 0 0 0 0 2 0 0 0 0 0 0 0 0 0 0 0 0 0 0 0 0 0 0 
 2 0 0 0 0 0 0 2 0 38 2 2 1 0 0 2 0 0 0 2 111 191 54 118 78 232 39 35 40 110 220 0 105 37 185 129 128 86 47 115 4 5 0 2 3 2 0 3 0 1 0 0 57 0 2 0 1 2 68 62 0 2 3 0 6 9 37 8 0 0 10 0 69 2 3 0 0 0 0 0 0 0 0 0 0 0 0 0 48 5 0 0 0 0 0 0 0 0 0 0 0 30 7 21 6 21 0 27 0 29 23 19 0 12 0 28 13 38 0 0 0 0 0 0 1 0 1 7 0 0 0 0 4 2 14 1 0 0 0 9 0 0 0 0 0 0 0 0 0 5 0 0 2 0 0 1 0 0 0 0 0 0 0 0 0 0 10 0 0 0 0 3 0 0 0 0 0 0 0 23 0 0 10 19 42 29 21 1 17 31 21 20 0 1 0 10 8 19 0 0 7 0 1 0 0 0 1 0 0 0 0 0 10 10 7 11 27 1 14 19 0 0 0 0 10 1 0 15 0 0 0 0 0 0 0 0 0 0 0 0 0 0 0 0 0 0 0 0 0 0 0 79 1 0 9 0 2 153 14 6 2 0 0 0 0 0 0 0 0 0 0 0 0 0 0 0 0 0 0 0 0 0 2 0 0 0 0 0 0 0 
 0 3 75 0 0 92 2 0 102 1 15 0 0 0 0 0 0 0 0 0 199 134 93 73 61 68 223 151 88 79 35 105 0 97 126 119 114 115 149 472 1 1 2 5 5 2 2 2 0 2 4 1 2 1 4 5 2 66 5 1 3 3 3 0 6 3 6 8 0 0 6 3 2 2 3 0 4 0 0 0 0 0 0 14 8 25 0 0 0 0 28 0 0 0 0 0 0 0 0 0 6 1 11 9 0 0 15 41 11 9 4 1 1 0 6 30 0 8 20 14 0 0 0 0 0 1 0 0 0 0 0 0 0 0 0 0 0 0 0 0 2 0 0 0 0 1 0 0 0 0 2 0 0 0 0 0 0 0 0 0 0 0 0 0 0 0 1 5 0 16 4 0 0 0 0 0 0 0 0 0 15 11 11 34 17 0 32 21 51 8 1 0 9 1 12 20 8 1 11 35 0 0 0 0 0 0 0 0 0 0 0 0 0 0 0 0 0 0 0 0 0 0 0 0 0 0 0 2 0 0 0 0 0 0 0 0 0 0 0 0 0 0 10 0 0 0 76 0 0 79 0 0 0 0 5 2 0 1 0 3 0 2 0 0 0 0 0 0 0 0 0 2 0 0 0 0 19 0 0 0 0 0 0 0 0 0 0 0 0 0 
 0 2 0 0 77 1 2 0 2 26 35 0 111 2 79 2 0 154 0 136 205 346 261 87 86 135 127 82 396 115 273 37 97 0 166 120 473 153 110 168 0 0 65 3 3 3 0 6 0 1 0 0 4 0 2 0 0 28 5 0 0 4 8 0 3 2 3 3 0 0 2 0 0 2 3 0 0 1 0 0 14 15 1 0 1 0 0 0 0 0 28 0 0 0 14 0 0 18 0 0 8 12 9 1 7 0 18 16 15 11 22 0 18 12 0 47 23 22 6 12 0 0 0 0 0 0 15 0 0 0 0 0 0 2 0 0 0 0 0 0 0 0 26 0 0 0 1 0 0 0 0 0 0 0 0 0 0 0 1 0 0 0 18 20 0 0 10 7 5 6 4 0 0 11 0 0 0 8 20 0 15 37 14 9 22 0 15 28 26 8 44 8 0 0 38 0 1 82 0 1 0 0 0 0 0 0 1 0 0 0 0 0 0 0 0 0 0 0 0 13 0 0 0 0 0 0 0 0 0 0 0 0 0 0 0 0 0 0 0 0 0 0 0 0 0 0 0 0 0 104 0 0 1 0 5 13 2 0 0 0 2 11 0 0 0 0 0 0 0 0 0 0 0 0 0 0 9 0 0 0 0 14 0 0 0 0 0 0 0 0 
 0 0 0 0 0 0 0 0 0 0 0 0 0 0 0 0 0 1 0 0 67 327 38 102 280 112 31 283 128 190 212 185 126 166 0 287 126 262 80 301 0 0 4 2 3 2 0 32 6 0 0 0 2 64 2 0 0 1 3 79 0 4 3 6 28 14 3 6 4 0 3 0 2 2 5 1 0 0 0 0 0 0 14 0 0 0 0 0 0 0 0 0 0 0 0 0 0 0 0 0 6 34 0 20 22 1 0 12 19 10 26 0 0 7 0 41 24 53 0 0 0 0 0 0 0 0 0 0 0 0 0 0 13 2 0 0 0 0 0 0 0 0 0 0 0 0 0 0 0 0 0 0 0 0 0 0 0 0 4 0 0 1 3 0 0 0 0 0 0 0 0 3 0 0 0 0 0 0 0 0 0 7 34 6 21 50 13 3 16 18 61 38 0 0 0 24 23 40 0 0 9 0 0 0 0 0 14 0 0 0 0 0 9 0 0 0 0 0 14 0 0 0 0 0 11 0 0 0 0 0 0 0 0 0 0 0 0 0 0 0 0 0 0 0 0 0 0 0 0 0 0 0 0 0 8 0 3 151 0 2 0 0 0 0 0 0 0 0 0 0 0 0 0 0 0 0 0 0 0 0 0 1 0 0 0 0 0 2 0 0 
 0 0 3 0 0 3 0 0 0 0 6 0 0 0 0 0 0 0 2 0 117 291 248 73 162 104 58 103 181 254 165 129 119 120 287 0 318 75 25 138 2 0 0 3 3 4 0 2 0 0 9 0 0 0 3 0 2 23 3 3 0 1 3 0 51 3 3 7 0 0 5 4 6 3 2 4 0 0 0 0 0 0 2 1 5 57 0 17 0 0 0 0 0 10 2 0 0 0 0 1 13 11 9 28 2 0 0 12 10 13 68 0 11 0 13 27 42 26 8 4 20 0 0 0 0 0 0 0 0 0 0 0 17 0 0 0 10 0 1 0 0 0 0 0 0 0 0 0 0 0 0 1 0 0 0 0 0 0 3 0 0 15 0 0 0 0 0 2 0 0 11 6 0 0 0 0 0 0 0 0 0 22 33 12 18 14 17 10 21 0 5 3 0 0 0 46 18 34 11 11 1 0 0 0 2 0 12 0 0 0 0 0 0 9 0 0 0 11 3 1 0 0 0 0 8 0 0 0 2 0 0 0 0 0 35 0 0 0 0 0 0 0 12 0 0 2 2 0 0 0 0 0 0 12 6 1 2 4 0 0 0 10 0 0 0 0 0 0 0 0 0 0 0 0 0 0 0 0 0 0 0 0 0 0 0 0 0 0 0 0 
 4 30 6 5 3 6 8 3 3 3 4 3 3 3 3 3 3 3 3 4 96 147 190 59 333 73 189 353 134 123 167 128 114 473 126 318 0 207 106 163 0 0 207 3 3 2 0 2 35 0 2 0 0 0 2 0 0 0 123 0 0 2 2 0 34 3 3 3 0 0 2 0 0 3 2 2 0 0 0 0 0 0 0 0 0 13 0 0 0 0 0 2 0 0 0 0 0 0 0 0 7 8 38 62 0 0 1 22 22 0 37 0 28 1 13 0 11 30 0 6 0 0 0 0 0 0 9 0 0 0 0 0 0 1 13 2 0 0 0 10 0 0 0 0 0 0 0 12 0 0 0 0 0 0 0 0 0 0 11 0 0 0 0 0 0 0 0 0 0 0 0 0 0 0 0 0 1 0 0 39 11 15 18 0 8 0 22 0 6 30 11 20 1 9 20 1 13 41 0 0 10 0 0 0 0 0 1 0 0 0 0 0 0 0 2 0 10 0 0 10 0 0 0 0 11 0 0 0 0 0 0 0 0 0 0 0 2 2 0 0 0 0 0 0 0 0 0 0 0 0 0 0 0 0 20 2 1 2 2 2 2 15 0 0 0 0 0 0 0 0 0 0 0 0 0 0 0 2 0 0 0 10 0 0 0 0 0 0 0 1 
 0 0 0 0 76 0 0 0 2 2 0 0 0 0 0 0 0 0 0 0 164 29 202 132 69 116 39 34 109 115 133 86 115 153 262 75 207 0 49 46 0 0 0 2 3 2 0 3 0 0 0 0 10 0 3 0 0 2 2 0 0 1 4 0 4 3 3 3 0 0 3 0 8 2 3 1 0 0 0 0 0 0 0 0 0 0 0 0 0 0 0 0 0 0 1 0 0 0 0 2 14 14 37 31 12 24 0 13 38 14 23 0 13 22 11 1 35 18 0 0 6 0 0 0 0 0 14 1 1 0 0 0 6 0 0 14 10 0 3 3 0 0 0 0 0 0 0 15 0 0 0 2 0 0 0 0 0 0 0 0 0 2 7 0 0 31 0 1 4 0 0 0 0 0 0 0 1 0 0 0 10 8 33 13 17 69 17 15 0 11 15 19 0 0 41 13 14 21 1 0 0 0 1 0 0 0 19 0 0 0 0 0 13 16 0 0 0 7 21 6 0 0 0 0 0 0 0 0 0 0 0 0 0 0 0 0 0 0 0 0 0 0 0 0 0 0 0 0 0 0 0 0 0 0 11 0 0 2 3 2 16 13 0 0 0 0 29 0 0 0 0 0 0 0 0 0 0 0 0 0 0 6 0 0 2 0 0 0 0 0 
 3 3 3 26 63 188 5 3 164 102 48 3 3 3 4 138 85 4 3 4 267 35 331 56 77 271 299 242 150 288 243 47 149 110 80 25 106 49 0 413 1 0 0 2 3 2 0 3 0 0 0 0 1 0 2 4 0 0 32 1 0 1 3 0 3 3 3 3 0 0 2 0 0 2 2 1 0 0 0 0 0 0 2 21 18 2 0 0 1 2 8 9 0 0 2 1 0 15 0 1 0 0 15 0 0 0 43 11 13 0 0 0 6 10 0 0 0 0 8 26 0 0 0 0 0 0 0 2 2 0 0 0 0 0 0 0 0 0 0 0 0 0 0 0 0 0 0 0 0 0 0 1 0 0 0 0 0 0 0 4 0 2 0 5 13 0 0 2 0 0 7 0 0 0 0 0 1 12 0 0 16 32 19 1 0 0 13 9 17 0 0 0 34 22 11 0 5 0 0 14 0 0 0 8 0 0 0 0 11 0 0 0 0 0 12 0 0 0 0 0 0 0 0 0 0 0 0 0 2 0 0 0 0 0 0 0 0 0 0 0 0 18 5 0 0 2 73 0 0 0 1 0 0 1 15 0 2 0 0 0 4 1 27 0 0 0 0 0 0 0 0 0 0 0 0 0 12 0 0 0 0 0 0 0 0 0 0 0 0 0 
 0 0 0 77 0 135 3 0 0 74 0 0 0 0 2 4 0 0 1 0 464 177 271 82 91 342 131 44 66 98 73 115 472 168 301 138 163 46 413 0 0 0 0 2 6 202 0 3 0 2 3 0 1 0 2 7 0 0 2 0 0 3 3 0 4 3 3 8 0 0 6 2 0 4 3 2 0 0 0 2 0 0 0 30 7 19 0 0 0 0 0 0 0 0 0 0 0 0 0 0 52 44 7 10 10 10 0 33 13 0 11 10 31 40 19 12 1 24 9 49 0 0 0 0 0 0 0 0 0 0 0 0 0 0 0 0 2 0 0 0 0 0 0 0 0 0 0 0 0 0 0 0 0 0 0 0 0 0 0 0 0 1 0 0 0 0 0 0 2 0 2 0 0 0 0 0 5 0 0 0 8 7 35 9 30 0 14 0 12 1 19 0 20 0 14 21 3 20 9 14 0 0 0 0 0 0 0 0 0 0 0 0 0 0 0 0 0 0 0 0 0 0 0 0 0 0 0 0 0 0 0 1 0 0 30 0 0 0 2 0 0 0 20 0 0 0 24 0 0 0 0 0 0 0 11 2 1 2 41 0 10 10 0 0 0 0 0 0 0 0 2 0 0 0 0 0 2 0 0 0 0 0 0 0 0 0 0 0 0 0 
 0 3 0 0 0 26 0 0 31 0 0 0 62 0 0 0 0 0 0 0 0 0 71 62 52 2 0 6 0 0 0 4 1 0 0 2 0 0 1 0 0 142 126 105 21 44 210 105 111 100 110 92 68 106 110 110 21 154 122 258 1 1 5 0 0 0 0 0 0 0 0 0 37 0 3 0 0 0 18 0 0 0 0 0 0 0 0 0 0 0 0 0 0 0 0 0 0 0 0 0 0 0 0 8 12 24 0 0 0 0 13 0 0 0 0 0 0 0 0 0 30 21 29 18 27 0 9 0 20 34 0 45 0 0 22 0 10 13 20 8 6 0 0 0 0 0 9 0 0 0 0 0 4 7 0 0 0 0 0 0 0 0 0 0 0 0 0 0 0 0 0 0 0 0 0 3 0 0 0 10 0 0 0 0 0 0 0 0 0 14 0 0 0 0 0 0 0 0 0 0 37 0 0 15 10 0 4 0 9 1 0 0 0 0 13 13 21 16 0 8 0 0 0 0 0 0 21 0 0 0 0 0 15 0 0 0 0 0 1 0 0 0 0 0 0 0 0 0 0 0 0 17 0 0 0 0 0 0 0 0 0 0 4 0 34 2 0 0 0 0 0 0 0 0 0 0 0 0 0 0 0 0 0 0 0 0 11 24 0 0 
 0 0 0 0 0 0 0 2 0 0 0 1 0 0 0 0 0 0 0 0 0 0 0 2 0 2 0 0 2 3 0 5 1 0 0 0 0 0 0 0 142 0 147 75 277 23 111 166 75 166 150 90 86 38 39 42 219 372 286 36 2 0 0 10 1 0 0 0 0 0 0 0 0 0 0 0 0 0 0 0 0 0 0 0 0 0 0 0 0 0 0 0 0 0 0 0 0 0 0 0 0 0 0 0 0 0 0 0 0 0 0 0 0 0 0 0 0 0 0 0 10 12 12 9 24 0 8 25 26 11 12 0 0 0 18 22 0 12 0 0 4 0 0 0 13 0 15 0 0 0 0 0 0 7 21 0 0 0 36 0 0 0 0 0 2 6 0 0 0 0 0 0 0 0 0 0 0 0 0 0 0 0 0 0 0 0 0 0 0 0 0 0 0 0 0 0 4 0 0 0 0 9 35 8 16 0 0 0 10 22 21 0 0 7 12 8 19 0 0 0 6 8 0 0 0 0 0 12 0 0 0 0 33 0 0 0 0 0 10 0 0 0 11 0 0 0 0 0 0 0 0 7 0 0 0 0 0 0 0 12 0 0 1 0 70 0 2 0 0 0 7 0 0 0 0 0 0 0 0 0 0 0 0 0 17 27 0 20 0 0 
 0 0 3 0 0 0 0 0 0 0 0 0 0 0 0 0 0 0 0 0 0 0 0 0 0 49 0 6 2 66 0 0 2 65 4 0 207 0 0 0 126 147 0 120 40 30 82 186 317 123 120 117 66 130 54 43 55 490 56 57 0 2 0 0 2 0 0 0 0 0 3 0 52 0 0 0 0 0 53 3 0 11 0 0 0 0 0 0 0 0 0 0 0 0 0 0 0 0 0 0 0 0 0 0 0 0 0 0 0 0 0 0 0 0 0 0 0 0 0 0 20 65 2 23 28 14 27 0 6 9 10 21 0 7 43 0 14 12 6 0 1 0 5 0 0 0 31 0 0 0 0 0 4 0 0 1 0 0 0 0 0 0 0 0 0 0 0 0 0 0 0 0 0 0 0 0 0 0 0 0 0 0 0 0 0 0 0 0 0 0 0 0 0 0 0 0 0 0 0 0 22 27 19 23 39 0 0 24 20 6 38 4 21 12 0 0 20 54 0 15 14 9 0 0 0 0 7 0 0 0 0 0 2 27 0 0 0 0 0 0 0 0 2 0 0 0 0 0 0 0 0 5 0 1 0 4 0 0 1 0 0 0 62 0 7 2 2 1 0 0 0 0 0 0 0 0 0 0 0 0 0 0 3 0 3 2 0 0 0 0 
 0 0 3 0 0 0 0 0 29 0 0 0 0 0 0 0 0 0 0 6 3 2 2 2 2 3 2 2 4 2 2 2 5 3 2 3 3 2 2 2 105 75 120 0 109 103 66 113 113 228 328 336 67 58 158 50 194 63 84 38 2 0 0 3 19 0 0 0 2 2 0 14 103 1 0 3 4 0 63 2 1 0 0 0 0 0 0 0 0 0 0 0 0 0 0 0 0 0 0 0 0 0 0 0 0 0 0 0 0 0 0 0 0 0 0 0 0 0 0 0 0 0 30 8 14 0 0 18 2 20 5 9 0 0 0 0 15 0 0 0 0 0 0 4 33 0 12 7 0 0 0 0 19 16 21 26 0 0 49 6 0 0 0 0 4 0 0 0 0 0 0 0 0 0 0 0 0 0 0 0 0 0 0 0 0 0 0 0 0 0 0 0 0 0 0 0 0 0 0 0 13 0 13 60 9 17 0 0 9 67 0 0 0 0 0 9 0 62 0 0 7 11 0 0 0 0 25 0 0 0 21 0 18 0 0 0 0 0 55 8 0 0 0 0 0 0 0 0 0 0 0 8 0 0 4 0 0 0 0 8 0 0 65 0 0 2 2 2 1 0 0 0 0 0 0 0 0 0 0 0 0 0 0 0 0 0 0 0 0 0 
 0 0 0 0 0 0 2 0 0 0 0 0 0 0 0 0 0 0 0 0 3 3 3 3 3 3 3 3 5 3 3 3 5 3 3 3 3 3 3 6 21 277 40 109 0 100 254 58 119 144 96 42 89 64 151 120 183 51 82 73 52 0 0 3 1 0 143 14 0 0 0 0 1 49 49 15 3 0 24 1 0 0 0 0 0 0 0 0 0 0 0 0 0 0 28 0 0 0 0 0 0 0 0 0 0 0 0 0 0 0 0 0 0 25 0 0 0 0 0 0 0 8 13 24 0 6 0 0 0 14 3 37 0 0 0 0 1 0 0 0 0 10 0 0 10 0 12 0 5 0 0 13 17 20 14 0 0 7 18 10 0 0 0 0 0 0 0 0 0 0 0 0 0 0 8 0 0 0 0 0 0 0 0 0 0 0 0 0 0 0 0 0 0 0 0 0 0 0 0 0 0 0 0 15 2 11 0 0 11 0 1 0 0 0 0 0 1 9 0 0 15 10 12 7 0 0 11 10 0 46 0 0 0 0 12 4 26 38 12 15 36 0 0 0 0 0 0 0 0 0 0 0 0 2 0 0 0 0 0 0 0 0 2 1 3 12 0 0 0 0 0 0 0 0 0 0 0 0 0 0 0 0 0 0 0 0 0 0 0 0 
 0 0 0 0 0 0 0 0 0 0 0 0 0 0 0 0 0 0 0 0 3 2 2 2 2 2 2 3 4 2 2 2 2 3 2 4 2 2 2 202 44 23 30 103 100 0 47 249 120 57 82 104 48 51 252 58 43 270 58 42 102 0 0 1 2 0 60 0 3 0 6 4 50 52 44 0 0 0 72 51 13 0 0 0 0 0 0 0 0 0 0 0 0 0 0 0 0 0 0 0 0 0 0 3 0 0 0 0 0 0 0 0 0 0 0 3 0 0 0 0 0 0 0 10 22 1 0 0 1 0 0 11 0 0 0 0 0 0 0 0 13 19 0 8 1 3 0 3 0 0 14 26 14 18 17 20 22 0 0 18 0 0 0 0 0 0 0 0 0 0 0 0 3 23 0 0 0 0 25 0 0 0 0 0 0 0 0 0 0 0 0 0 0 0 0 0 0 0 0 0 0 0 0 0 30 33 0 0 0 0 20 17 0 0 0 8 0 0 0 0 53 22 15 21 0 0 44 0 10 17 6 40 2 11 15 27 24 24 72 1 11 0 0 0 0 0 0 0 68 0 0 10 0 0 0 0 0 0 0 0 0 0 0 2 0 4 1 0 0 0 0 0 0 0 0 0 0 0 0 0 0 0 0 0 0 0 0 0 6 0 
 1 1 2 3 1 3 2 2 3 2 2 1 3 2 3 1 0 2 3 2 0 0 0 63 62 67 0 5 2 2 0 0 2 0 0 0 0 0 0 0 210 111 82 66 254 47 0 147 103 31 39 45 646 320 108 123 161 131 68 109 0 9 0 6 0 0 0 0 0 3 0 0 0 1 0 2 0 4 0 4 0 3 0 0 0 0 0 0 0 0 0 0 0 0 0 0 0 0 0 0 0 0 0 0 0 6 0 0 0 0 0 0 0 0 0 0 0 0 0 0 0 13 12 0 10 0 0 19 73 0 16 12 11 23 0 12 14 20 30 7 6 12 2 3 17 0 0 0 0 0 0 1 1 6 2 0 0 0 0 0 0 0 0 0 16 0 0 0 0 0 0 0 0 0 0 0 0 0 0 0 0 0 0 0 0 0 0 0 0 0 0 0 0 3 0 0 0 0 0 0 14 8 34 0 0 0 9 10 11 0 0 9 8 12 10 6 16 0 10 22 8 0 13 2 4 8 19 0 0 2 0 2 10 1 0 0 2 5 6 0 0 0 0 0 0 0 0 0 0 0 0 3 0 0 0 0 0 63 0 15 0 0 65 0 2 0 0 2 2 0 11 0 0 0 0 1 0 0 0 0 0 0 0 0 10 0 0 0 0 0 
 0 0 0 0 0 1 0 0 0 0 65 0 0 0 0 0 0 0 0 0 3 3 10 130 3 70 2 2 12 9 2 3 2 6 32 2 2 3 3 3 105 166 186 113 58 249 147 0 150 305 100 96 103 78 73 41 39 87 78 41 0 0 59 0 0 50 0 0 0 0 0 0 57 0 0 0 0 0 54 0 0 0 0 0 0 0 0 0 0 0 0 0 0 0 0 0 0 0 0 0 0 0 0 0 0 8 0 0 5 12 0 0 0 0 0 0 24 0 0 0 19 33 0 0 17 14 0 0 17 0 0 1 3 16 20 0 22 13 9 11 0 0 0 0 1 0 18 0 0 0 0 0 7 0 0 0 0 0 0 0 0 0 0 0 0 0 0 0 0 0 0 0 0 0 0 0 13 0 0 0 0 19 0 8 0 0 0 10 0 0 0 0 0 7 37 0 2 0 0 0 13 29 40 0 26 0 32 10 3 28 20 0 35 35 0 0 23 26 6 23 14 15 0 0 0 0 11 0 0 0 0 0 5 0 0 1 0 0 0 0 0 0 8 0 0 0 0 0 0 0 0 15 0 2 0 0 0 54 2 7 0 0 64 0 0 0 1 1 0 0 0 0 0 0 0 0 0 0 0 0 0 1 0 0 0 3 0 2 2 0 
 0 0 2 0 0 0 1 0 0 0 0 0 0 0 0 0 0 0 0 0 0 3 0 0 0 1 0 6 2 0 0 0 0 0 6 0 35 0 0 0 111 75 317 113 119 120 103 150 0 263 94 79 397 332 132 77 94 341 91 273 2 0 0 0 1 0 0 0 0 0 0 0 96 0 0 0 4 2 56 1 0 0 11 0 0 0 0 0 0 0 0 0 0 9 0 0 0 0 0 0 0 9 1 21 0 0 0 0 0 0 5 0 0 0 0 0 0 5 0 0 0 0 18 6 14 1 0 26 11 19 17 1 0 0 0 16 18 22 0 0 0 0 0 2 19 0 61 7 0 0 0 0 4 0 9 20 0 0 32 25 0 0 0 0 0 0 0 0 0 0 0 0 1 0 0 0 0 0 7 0 0 0 0 0 0 0 0 0 8 9 4 6 0 0 0 0 0 6 0 0 11 0 0 19 35 0 0 14 12 12 0 13 0 0 0 18 1 29 0 9 20 12 0 0 0 0 34 0 0 0 0 0 15 0 46 10 0 0 47 0 0 0 0 0 0 0 1 0 0 0 0 14 0 1 0 0 0 0 0 0 0 0 62 0 1 10 1 65 0 0 0 0 0 0 0 0 0 0 0 0 0 0 0 0 0 0 0 0 0 0 
 0 0 1 0 34 0 2 0 0 0 0 0 1 0 0 0 0 0 0 0 0 0 0 0 0 0 0 0 2 0 0 1 2 1 0 0 0 0 0 2 100 166 123 228 144 57 31 305 263 0 274 124 56 89 82 221 50 170 104 87 0 0 0 0 4 3 0 0 0 0 2 3 103 1 0 0 0 3 88 0 0 0 0 0 0 0 0 0 0 0 0 5 0 0 0 0 0 0 0 0 0 0 0 0 0 0 0 0 0 0 0 0 0 0 0 0 0 0 0 0 0 9 33 0 23 16 0 0 15 7 13 17 0 0 20 0 12 0 0 0 6 0 0 13 0 0 32 0 0 0 0 0 6 11 0 10 0 0 18 20 0 0 0 0 0 0 0 0 0 0 0 0 0 0 0 0 0 0 0 0 0 0 0 0 0 0 0 0 0 0 0 0 0 0 0 0 0 0 0 0 19 18 19 10 29 1 15 0 59 18 29 3 0 0 0 10 16 26 0 0 23 10 1 0 0 0 21 0 0 0 0 0 16 0 0 0 0 0 1 1 0 0 3 0 0 0 0 0 0 0 0 0 0 1 0 0 0 0 0 0 0 0 63 0 1 1 2 1 0 0 0 0 0 0 0 0 0 0 0 0 0 0 2 0 0 11 0 0 0 0 
 0 0 7 0 0 0 7 9 0 0 3 6 0 0 0 0 0 0 0 62 0 0 0 0 121 0 0 74 2 0 0 0 4 0 0 9 2 0 0 3 110 150 120 328 96 82 39 100 94 274 0 183 50 27 108 62 461 122 60 63 1 1 0 2 1 0 0 0 0 0 0 0 53 0 0 0 3 0 51 0 6 0 0 0 0 0 0 1 0 1 0 0 0 0 0 0 0 7 0 0 0 0 0 0 0 0 0 0 0 14 0 0 1 0 0 0 0 0 0 0 0 26 26 38 32 0 0 0 15 22 0 65 0 0 37 0 11 0 0 0 6 0 0 0 0 0 20 0 0 0 0 0 13 10 7 0 0 0 6 8 0 1 0 0 3 1 4 0 0 6 0 0 12 4 0 0 0 0 0 0 0 0 0 0 0 0 0 0 0 0 0 0 0 0 0 0 0 0 0 0 24 0 29 23 22 0 0 0 18 16 11 0 0 0 0 0 6 52 0 0 0 13 0 0 0 0 20 0 0 0 0 0 8 0 10 0 0 0 1 0 0 0 8 0 0 0 0 0 0 0 0 4 0 2 0 0 0 0 0 2 0 15 73 0 37 13 2 0 0 4 0 0 0 0 0 0 0 0 0 0 0 2 0 0 0 6 0 22 0 0 
 3 6 3 3 3 3 3 3 3 3 3 3 3 3 3 66 3 3 3 3 0 0 0 0 0 1 0 4 2 7 0 0 1 0 0 0 0 0 0 0 92 90 117 336 42 104 45 96 79 124 183 0 39 62 99 262 142 84 49 242 3 0 0 1 5 1 53 0 0 2 0 3 51 52 0 0 0 0 53 55 0 0 0 0 0 0 0 0 0 0 0 0 0 0 0 0 0 0 0 7 0 0 0 0 0 0 0 0 0 0 0 0 0 0 0 0 0 0 0 0 0 7 7 1 21 20 0 18 8 21 3 0 0 0 4 0 11 0 0 0 0 9 0 0 15 0 19 24 0 0 0 0 6 0 11 0 12 0 0 0 0 11 0 0 3 0 0 0 0 0 0 0 0 0 7 0 0 0 0 0 0 0 0 0 0 0 0 0 0 0 0 0 0 0 0 0 0 0 0 0 20 12 29 0 15 19 0 0 21 34 17 5 0 0 0 1 11 9 0 0 10 20 10 0 0 0 21 7 0 0 0 0 9 0 0 1 1 15 23 0 0 0 11 0 0 0 0 0 0 0 0 2 0 0 0 0 0 0 0 11 0 0 62 36 2 1 2 1 2 0 1 0 0 0 0 0 0 0 0 0 0 0 0 0 0 8 0 0 0 0 
 76 2 2 2 0 2 1 5 3 1 1 1 3 2 2 98 2 1 2 35 2 65 4 0 1 65 0 7 19 4 3 57 2 4 2 0 0 10 1 1 68 86 66 67 89 48 646 103 397 56 50 39 0 149 40 44 32 333 359 128 3 201 1 0 0 0 0 18 0 0 0 0 0 0 31 0 0 0 0 3 0 1 0 0 0 0 0 0 0 0 0 0 15 0 0 0 0 0 0 0 0 0 4 1 0 7 0 0 10 0 0 10 0 0 0 0 6 10 0 0 0 0 0 0 0 0 0 19 9 0 0 0 2 33 0 26 7 19 0 1 0 0 0 0 11 0 0 0 0 8 0 0 0 0 0 0 0 0 0 0 40 0 0 0 2 0 10 0 21 0 0 0 0 0 0 0 20 0 0 17 0 0 9 0 14 10 0 6 1 0 0 7 0 4 6 0 0 1 0 0 0 0 10 0 0 0 0 17 0 0 0 9 9 15 0 11 0 0 12 42 0 0 0 0 0 0 0 0 0 0 0 0 0 0 0 0 0 0 12 0 0 0 0 0 0 0 0 0 0 0 0 14 0 1 0 0 0 64 0 10 0 0 1 0 0 0 0 2 2 0 0 0 0 0 0 0 0 0 0 0 0 37 0 0 0 0 0 0 0 0 
 0 2 0 0 0 0 0 0 0 0 0 0 0 0 0 0 0 0 0 0 0 0 0 2 53 64 0 3 28 0 0 0 1 0 64 0 0 0 0 0 106 38 130 58 64 51 320 78 332 89 27 62 149 0 134 107 94 189 176 62 4 1 22 2 0 0 29 4 0 0 0 0 1 0 0 3 10 1 3 1 0 0 0 0 0 0 0 0 0 0 0 0 0 0 0 5 0 0 0 0 0 0 0 0 0 4 0 0 0 0 5 0 0 0 0 0 0 0 0 0 64 33 7 0 17 4 10 11 5 0 13 9 11 4 0 20 12 30 14 3 5 0 3 0 0 0 4 5 17 8 0 0 0 5 4 0 0 18 0 0 0 0 0 0 0 0 0 0 0 0 0 0 0 0 0 0 0 0 6 0 0 8 0 0 0 0 0 0 0 0 0 0 0 0 0 0 0 0 0 0 14 18 25 0 0 2 0 32 12 0 8 6 39 52 4 11 21 0 1 32 5 0 0 3 0 0 6 0 0 2 0 0 14 0 8 5 0 0 11 0 0 0 0 0 0 2 0 0 0 0 0 1 0 0 0 0 0 1 0 1 0 0 63 0 2 2 5 68 0 0 14 0 0 0 0 0 0 0 0 0 0 0 0 0 23 0 0 0 0 0 
 0 0 2 0 0 0 3 0 0 0 0 0 0 0 0 0 0 0 0 0 2 2 2 68 148 66 2 2 3 2 65 2 4 2 2 3 2 3 2 2 110 39 54 158 151 252 108 73 132 82 108 99 40 134 0 255 100 50 116 185 0 2 32 0 1 0 0 0 0 0 0 2 0 0 0 0 2 0 6 0 0 0 0 0 0 0 0 0 0 0 0 0 0 0 0 0 0 0 0 0 0 0 0 1 12 3 0 10 0 11 0 1 0 0 0 0 0 1 0 9 14 0 36 4 0 0 8 11 0 22 30 0 17 0 11 21 14 8 61 20 0 0 0 0 4 0 18 0 0 0 0 0 0 0 0 0 0 0 18 23 0 0 0 0 1 0 0 0 0 0 0 0 0 0 0 0 0 0 0 0 0 0 1 0 7 1 0 0 0 0 0 1 0 0 0 0 0 0 0 0 20 30 8 60 13 0 0 12 19 48 16 0 12 0 47 0 0 82 1 1 0 0 8 0 0 0 10 0 0 0 0 0 0 0 1 0 0 0 2 0 0 0 0 0 0 0 0 0 0 0 0 10 0 0 0 0 0 0 0 0 0 0 1 0 0 1 0 0 0 0 0 0 0 0 0 0 3 0 0 0 0 18 0 0 3 0 5 0 0 0 
 2 2 2 14 2 11 2 2 8 7 2 2 2 2 2 2 2 2 2 2 0 0 5 0 50 62 11 0 2 2 0 0 5 0 0 0 0 0 4 7 110 42 43 50 120 58 123 41 77 221 62 262 44 107 255 0 215 81 103 80 0 1 4 0 0 0 0 0 0 0 1 0 0 0 5 0 0 0 10 5 0 0 0 3 5 0 14 0 0 0 0 0 0 0 0 0 0 0 0 0 0 0 0 0 0 1 0 0 0 0 0 0 0 0 0 0 0 0 0 3 13 19 34 1 18 0 9 32 3 36 31 8 3 18 0 19 5 12 21 20 0 0 0 0 15 0 26 0 0 0 0 0 0 0 0 0 0 0 2 4 0 0 0 0 4 0 0 0 0 0 0 0 0 0 0 26 0 0 0 0 0 0 0 0 0 0 0 0 0 0 0 0 6 0 0 0 0 0 1 0 14 2 28 3 0 0 0 0 23 27 18 0 2 24 20 0 16 18 0 14 0 0 0 0 0 0 6 0 0 0 0 0 13 0 0 0 0 0 8 0 0 3 1 0 0 0 14 0 0 0 0 4 0 2 0 0 0 0 0 2 0 0 62 0 0 0 0 1 0 0 7 0 0 0 0 0 0 0 0 0 0 0 0 0 24 0 9 0 0 0 
 0 0 0 0 0 0 0 0 0 0 0 1 0 57 0 0 0 0 0 0 0 0 8 0 53 1 0 0 0 0 0 1 2 0 0 2 0 0 0 0 21 219 55 194 183 43 161 39 94 50 461 142 32 94 100 215 0 112 356 38 0 1 0 4 15 0 0 0 5 0 0 23 5 0 0 0 16 0 2 51 0 0 0 0 0 0 0 0 0 0 0 0 0 0 0 0 0 0 0 0 0 0 0 0 0 2 0 0 0 0 0 0 0 0 0 0 0 0 0 0 0 26 64 3 1 0 18 0 8 8 23 23 11 1 0 8 9 27 6 1 0 0 0 0 7 0 12 0 0 0 0 0 21 14 2 0 0 0 10 10 0 0 20 0 0 0 0 0 0 0 0 0 0 0 0 0 0 0 0 0 0 0 3 0 0 0 0 0 0 0 0 0 19 0 0 0 0 0 0 0 0 17 52 30 0 0 0 0 26 19 26 0 8 13 4 19 22 10 1 1 0 9 0 4 0 0 10 0 1 8 0 0 15 0 0 0 0 0 0 0 1 0 0 0 0 0 0 0 0 0 0 3 0 0 0 0 0 1 0 0 0 0 0 1 0 1 2 0 2 0 5 0 0 0 0 0 0 0 0 0 0 0 0 0 22 15 0 0 0 0 
 0 3 0 0 0 0 2 0 0 2 0 0 2 0 0 0 0 0 0 0 79 62 1 1 2 64 0 1 3 2 0 2 66 28 1 23 0 2 0 0 154 372 490 63 51 270 131 87 341 170 122 84 333 189 50 81 112 0 37 36 4 0 2 0 0 50 4 3 0 0 0 0 3 0 0 1 7 0 0 5 0 0 0 0 0 7 0 0 0 0 0 0 0 0 0 0 0 0 0 0 20 7 0 0 0 0 1 9 0 0 10 12 0 0 12 39 0 0 13 0 0 11 23 1 67 0 0 1 49 0 0 11 0 49 0 10 7 13 1 0 9 0 0 0 28 0 8 0 0 0 0 0 0 12 0 0 0 0 16 0 0 0 0 0 0 21 0 0 0 0 0 0 0 0 0 0 0 0 0 0 0 0 11 0 0 0 0 0 0 0 0 0 0 0 0 10 0 0 10 12 10 2 6 2 0 0 0 21 11 14 0 15 19 23 0 24 6 0 0 2 7 0 0 0 0 0 7 0 0 0 0 0 19 0 0 0 0 0 3 0 0 0 10 0 0 0 0 0 0 0 0 6 0 2 0 0 0 0 2 40 0 2 65 1 80 4 1 0 0 0 6 0 0 0 0 0 0 0 0 0 0 0 0 0 10 0 0 13 0 0 
 2 2 2 2 2 53 4 2 63 54 2 2 2 2 2 2 2 2 2 2 2 4 60 2 128 2 44 56 59 4 4 68 5 5 3 3 123 2 32 2 122 286 56 84 82 58 68 78 91 104 60 49 359 176 116 103 356 37 0 120 0 2 10 0 1 2 0 55 0 0 2 0 0 2 0 0 0 1 0 0 0 0 0 0 0 5 0 0 0 0 0 0 0 0 0 0 0 0 0 0 0 0 17 0 0 0 14 0 13 0 15 0 0 0 0 0 0 0 0 0 12 21 7 4 0 0 25 0 8 34 20 0 10 0 10 12 48 14 17 11 0 0 0 0 0 0 0 0 0 0 0 0 1 0 0 0 0 0 0 0 0 0 0 0 0 0 0 0 0 0 0 0 0 0 9 3 0 4 0 8 0 9 31 1 0 0 0 0 1 4 0 9 11 15 0 0 6 0 0 0 6 13 21 1 10 0 12 0 18 1 14 0 7 41 30 31 20 1 0 0 0 0 0 0 0 0 0 0 0 0 0 0 0 0 0 0 0 0 0 0 0 0 0 0 0 0 0 0 0 0 0 9 0 2 0 0 0 4 2 2 0 0 0 0 0 0 2 0 2 0 13 0 0 0 0 0 0 0 0 0 0 0 11 0 26 0 0 0 2 0 
 0 0 1 62 64 0 0 60 47 0 0 2 0 0 0 1 58 63 0 1 0 19 0 0 50 63 0 0 1 74 0 62 1 0 79 3 0 0 1 0 258 36 57 38 73 42 109 41 273 87 63 242 128 62 185 80 38 36 120 0 0 2 1 0 0 0 0 0 0 0 0 0 0 0 0 0 0 0 4 4 0 0 6 0 0 0 0 0 6 11 0 0 0 0 0 11 0 4 0 0 0 0 0 0 0 0 0 0 0 0 0 1 14 0 0 0 0 0 0 0 8 22 10 17 15 0 0 0 1 30 0 20 12 30 19 13 0 29 1 4 1 0 0 0 0 0 18 0 0 3 0 0 0 0 0 0 0 0 0 0 0 0 0 0 0 0 0 13 0 0 0 0 0 0 0 0 0 0 0 0 1 0 12 0 0 1 7 7 0 0 0 9 0 9 0 29 0 0 0 0 7 0 0 31 10 0 11 23 7 0 15 1 12 12 0 0 0 10 2 12 0 0 0 0 0 0 0 0 0 0 0 0 0 0 0 0 0 0 0 0 0 0 0 0 0 0 0 0 0 1 0 12 0 1 0 0 0 20 0 0 63 0 0 0 11 0 0 0 3 0 0 0 0 0 0 0 0 0 0 0 0 0 0 0 11 0 23 0 0 0 
 0 44 0 0 0 0 0 51 0 0 0 1 37 0 0 0 41 0 0 44 0 0 0 3 0 0 0 0 1 0 0 0 3 0 0 0 0 0 0 0 1 2 0 2 52 102 0 0 2 0 1 3 3 4 0 0 0 4 0 0 0 68 58 45 27 47 167 92 28 31 23 32 28 104 154 97 65 26 65 90 8 9 11 14 0 0 0 0 6 0 0 0 0 0 0 15 0 1 0 14 0 0 0 0 0 0 19 0 0 0 0 6 0 21 0 0 0 0 0 0 0 0 0 0 11 9 0 0 0 11 0 1 0 0 0 0 0 0 0 0 22 5 8 0 0 0 0 10 8 9 0 2 1 9 25 0 0 9 0 0 0 23 0 0 15 1 0 0 0 0 0 0 31 1 0 0 0 0 14 1 0 0 0 0 0 0 0 0 0 0 0 0 7 0 0 16 0 0 0 0 0 0 0 0 1 8 0 0 0 0 10 2 0 0 0 0 0 0 0 0 0 0 0 15 0 0 0 0 0 10 0 0 9 14 10 1 4 14 8 7 8 0 0 0 0 0 0 0 0 0 0 0 0 1 9 0 0 0 0 0 0 0 0 51 1 4 0 0 0 0 10 0 0 0 0 1 0 0 0 0 0 0 0 0 0 2 0 0 0 0 
