 0 84 160 59 46 28 67 128 162 285 258 36 177 143 364 141 206 231 34 362 4 0 5 2 0 0 2 3 5 6 5 2 3 2 118 1 2 4 5 0 0 0 0 0 2 3 0 1 63 0 0 0 0 1 4 0 0 3 0 0 0 0 0 0 0 0 0 2 3 0 3 1 0 3 3 0 1 0 0 0 31 9 21 8 0 0 0 0 0 0 0 0 15 23 0 0 7 0 7 0 2 0 0 0 0 0 0 0 0 2 0 0 0 0 0 0 0 0 0 0 0 0 0 2 0 0 0 1 2 0 0 0 0 0 0 0 0 1 1 0 0 0 0 0 0 0 0 0 0 0 1 3 0 1 0 0 0 0 0 0 13 23 0 12 0 0 18 14 22 13 0 0 0 17 0 0 10 28 42 13 0 2 0 0 0 0 0 0 0 0 0 0 0 0 0 0 0 0 0 0 0 0 0 2 0 0 0 0 2 0 0 0 0 0 0 0 0 0 0 0 0 0 0 0 0 0 0 0 0 0 0 1 0 0 0 0 0 1 0 0 0 0 0 0 0 0 2 0 0 1 15 15 0 0 0 0 0 2 0 0 0 0 0 0 0 0 0 0 0 0 0 0 0 0 0 0 0 0 0 0 0 0 0 0 0 0 0 0 0 0 
 84 0 441 59 52 133 166 273 196 98 38 55 150 321 370 110 151 96 33 168 4 0 3 1 0 0 1 3 3 0 5 0 3 1 3 0 0 73 67 0 0 0 0 0 0 3 0 3 0 0 0 2 0 3 0 0 0 1 0 0 0 0 0 0 0 0 0 2 3 0 3 0 0 2 3 7 0 0 0 0 2 18 28 1 0 0 0 0 38 20 7 11 0 14 17 13 45 22 1 28 0 0 0 0 0 0 0 0 0 14 1 0 8 0 0 0 0 0 0 4 0 2 0 0 0 0 0 0 0 0 0 0 0 1 0 0 0 0 0 0 0 0 0 0 0 0 0 0 0 0 0 0 0 0 0 0 0 0 0 0 23 37 30 9 10 0 9 11 0 33 11 0 12 11 14 30 10 35 20 29 0 0 0 1 0 0 12 0 1 0 0 0 0 0 0 0 0 0 8 13 0 0 0 0 0 0 0 0 0 0 0 0 2 0 0 0 0 22 0 0 0 0 0 7 0 0 0 1 0 0 0 0 0 0 0 0 0 0 0 0 0 0 0 0 0 2 0 0 2 0 16 16 14 0 0 0 0 0 0 0 0 0 0 0 0 0 0 0 0 0 0 0 0 0 0 0 0 0 0 0 0 0 0 0 0 0 0 0 0 0 
 160 441 0 136 47 25 384 184 129 179 71 349 160 320 322 146 48 184 96 191 3 0 3 0 0 0 1 3 3 0 3 0 3 0 3 0 0 0 3 73 0 0 0 0 1 3 0 2 0 0 0 2 0 2 0 0 0 2 0 0 0 0 0 0 0 0 0 2 3 0 3 0 0 3 3 0 0 0 0 0 32 10 0 18 14 0 51 28 0 8 0 0 1 8 0 54 0 9 0 51 0 0 0 0 0 0 23 0 0 0 0 0 1 0 0 0 0 0 13 0 0 0 0 0 0 0 0 0 0 0 0 0 0 0 0 0 0 2 0 0 0 0 0 0 0 0 0 0 0 0 0 6 0 0 0 0 0 0 0 0 9 13 19 9 0 0 9 33 0 1 0 39 0 29 32 16 5 0 14 13 0 0 0 0 0 0 0 0 0 0 0 0 12 0 0 0 1 0 24 0 1 0 0 0 0 0 0 0 0 0 0 0 0 0 0 0 0 0 0 0 0 0 18 0 0 0 0 0 0 0 0 0 0 0 0 0 0 0 0 0 0 10 0 0 0 2 1 1 0 2 2 9 0 0 0 0 0 0 0 0 0 0 0 0 0 0 0 0 0 0 0 0 0 21 0 0 12 0 0 0 0 0 0 0 0 0 0 0 0 0 
 59 59 136 0 127 69 321 67 92 197 303 283 388 165 88 53 57 32 97 58 7 0 3 0 0 0 82 40 3 0 3 0 3 17 6 0 43 0 76 78 0 0 0 0 1 3 0 2 0 0 0 2 0 10 0 0 0 2 0 0 0 0 0 0 0 0 0 2 3 0 3 0 0 3 3 0 0 0 0 0 5 34 17 1 24 0 13 7 45 53 26 14 0 1 25 35 25 21 0 0 14 0 0 0 0 0 7 8 0 0 0 0 30 0 11 0 0 0 14 4 0 0 0 0 0 0 0 0 0 0 0 0 0 0 0 0 0 12 0 0 0 0 0 0 0 0 0 6 0 0 0 0 0 0 0 0 0 0 0 0 7 0 0 21 19 11 0 12 14 22 38 23 5 5 15 0 0 8 6 0 10 10 4 0 0 0 1 0 0 17 0 0 0 7 0 0 0 0 19 13 0 0 0 0 0 0 0 16 0 0 0 0 0 0 0 0 0 0 0 10 0 0 0 0 0 0 0 0 0 0 0 23 0 0 0 0 0 0 0 0 0 0 0 0 0 5 87 0 43 2 2 7 0 0 0 0 0 0 0 0 0 0 0 0 0 0 0 0 0 0 0 0 0 0 0 23 29 10 0 0 0 0 0 0 0 0 0 0 0 0 
 46 52 47 127 0 319 50 76 194 89 239 153 170 63 87 208 87 130 58 115 151 176 5 0 2 0 169 5 27 0 4 0 77 74 155 0 75 0 78 73 6 0 0 0 0 3 0 3 0 0 0 2 0 3 0 63 0 1 0 0 0 0 0 0 0 0 0 2 3 0 3 0 1 2 3 0 0 0 0 0 0 0 0 0 40 17 0 14 35 11 11 32 0 0 3 6 31 26 0 0 97 23 10 0 0 0 7 18 19 0 0 0 21 9 3 0 8 0 32 60 0 0 0 25 0 0 0 18 0 0 0 0 0 0 0 0 0 0 0 0 0 0 0 0 0 0 0 3 0 0 0 0 0 0 0 0 0 0 2 0 0 0 11 14 28 1 0 0 0 25 0 0 3 0 0 0 21 1 0 0 41 8 38 0 0 0 28 13 18 14 15 0 22 29 6 0 0 0 21 31 0 0 0 0 0 0 0 0 0 0 0 0 0 0 0 8 0 0 0 0 0 0 0 0 0 1 0 0 0 0 0 0 0 11 0 0 0 0 0 0 0 0 0 0 0 0 6 0 5 4 2 5 0 1 0 0 0 0 0 0 0 0 17 0 0 0 0 0 0 0 0 0 0 0 0 14 0 13 0 0 0 0 0 0 0 0 0 0 0 0 
 28 133 25 69 319 0 40 26 69 168 134 151 39 44 70 366 62 278 44 67 133 0 4 0 0 3 153 30 3 0 3 0 3 24 91 3 0 0 4 111 3 2 0 0 1 3 0 2 0 0 0 0 0 4 0 0 0 2 0 0 0 0 0 0 0 0 0 5 5 1 3 0 0 3 3 8 0 0 0 0 1 0 0 17 24 22 0 0 9 33 38 31 0 0 12 13 38 33 0 0 58 13 15 0 0 0 30 26 17 0 1 0 33 15 0 0 12 0 0 82 0 0 0 20 0 0 0 0 0 0 0 0 0 0 0 0 0 0 0 0 0 0 0 1 0 0 0 0 0 0 0 0 0 0 0 0 0 0 0 2 0 0 1 27 9 28 2 0 10 14 10 17 6 0 0 22 1 8 0 0 0 0 5 12 0 0 23 0 17 13 0 2 0 8 26 0 0 0 4 20 0 0 5 0 0 0 0 0 0 0 0 0 0 0 1 0 0 0 0 0 0 0 0 0 0 1 0 0 0 0 0 0 0 0 0 0 0 0 0 0 0 0 0 0 0 0 49 0 0 92 0 5 0 0 0 0 0 0 0 0 0 0 20 0 0 0 0 0 0 0 0 0 0 0 0 0 11 11 0 0 0 0 0 0 0 0 0 0 0 0 
 67 166 384 321 50 40 0 235 160 301 84 72 188 163 272 32 118 134 252 123 3 0 3 0 0 0 0 55 3 0 3 0 3 2 3 0 0 0 3 0 0 0 0 0 0 3 0 3 0 0 0 1 0 80 0 0 0 63 0 0 0 0 0 0 0 0 0 2 3 0 3 0 0 2 3 3 0 0 0 0 0 23 47 0 0 0 99 28 19 5 0 10 18 30 15 37 0 0 7 21 0 0 0 0 1 0 0 0 0 0 0 15 0 0 0 0 0 0 0 0 0 0 0 0 0 0 0 0 0 0 0 0 0 0 0 12 0 12 0 0 0 0 0 0 0 0 0 0 0 0 0 22 0 0 0 0 0 0 0 0 28 33 23 0 14 14 11 36 15 9 24 6 6 62 17 16 8 39 14 7 0 0 0 0 0 0 0 0 0 0 0 0 0 0 0 0 0 0 0 0 0 0 0 0 0 0 0 0 0 0 0 0 0 0 0 0 0 0 0 13 0 0 0 0 0 0 0 0 0 0 0 12 0 0 0 0 0 0 0 0 0 0 0 0 0 2 90 0 0 2 0 14 14 0 0 0 0 0 0 0 0 0 0 0 0 0 0 0 0 0 0 0 0 0 0 13 0 0 0 0 0 0 0 0 0 0 0 0 0 0 
 128 273 184 67 76 26 235 0 92 130 30 140 557 167 287 113 23 40 56 177 3 2 3 0 0 0 0 4 3 0 3 0 4 0 7 0 0 0 6 0 8 0 0 0 1 3 0 2 0 0 0 2 0 2 0 0 0 2 0 0 0 0 0 0 0 4 0 2 3 0 3 0 0 3 4 0 0 0 0 0 15 6 20 0 0 0 39 0 16 0 0 2 15 11 40 3 1 0 4 2 8 0 0 0 0 0 0 0 0 11 0 0 0 0 0 0 0 0 3 0 0 0 0 0 0 0 0 0 0 1 0 0 2 0 0 0 0 0 0 0 0 2 0 0 0 0 0 2 0 0 1 0 0 0 0 0 0 0 0 0 1 0 19 24 20 10 7 7 12 44 9 10 2 9 11 6 0 32 0 33 0 0 1 0 0 0 0 0 0 1 0 0 0 0 0 0 0 0 0 2 13 0 0 0 0 0 0 0 0 0 0 0 0 2 0 0 0 0 16 14 0 0 0 0 0 0 0 0 0 0 0 0 0 0 2 0 0 10 0 0 0 0 0 0 0 0 0 0 2 0 0 2 2 0 0 0 0 0 0 0 0 0 0 0 0 0 0 0 0 0 0 0 0 0 0 23 0 0 0 0 0 0 0 1 0 0 0 0 0 0 
 162 196 129 92 194 69 160 92 0 508 180 604 123 90 314 297 130 84 109 152 5 2 3 0 0 0 0 3 3 0 3 1 3 0 3 0 0 2 3 75 1 0 2 0 1 3 0 5 2 0 4 0 0 2 0 0 0 2 3 0 0 0 0 0 4 0 0 5 54 1 3 0 0 2 3 0 0 0 0 0 8 18 17 20 77 0 13 22 11 14 7 17 0 2 16 33 14 12 0 0 1 2 0 0 0 0 19 0 1 0 0 0 13 0 2 0 0 0 15 22 0 0 0 0 0 0 0 0 0 0 0 0 0 0 1 0 2 6 0 0 0 0 0 1 0 0 0 2 0 2 0 0 0 0 0 0 0 0 0 0 50 0 0 7 0 2 0 0 35 13 9 18 28 0 0 0 9 31 0 0 0 0 1 0 0 0 29 2 1 1 0 0 12 0 0 0 0 0 34 17 0 0 0 0 0 0 0 0 0 0 1 0 0 0 0 0 0 0 0 6 0 0 8 0 0 0 0 0 0 0 0 0 0 0 8 0 0 0 0 0 0 11 0 0 0 4 0 0 0 0 0 7 0 0 0 0 0 2 0 0 0 0 2 0 0 0 0 0 0 0 0 0 0 0 0 38 1 0 0 0 0 0 0 0 0 1 0 0 0 0 
 285 98 179 197 89 168 301 130 508 0 554 55 65 389 416 123 60 364 189 84 104 0 3 0 0 0 2 3 3 0 3 0 5 3 81 0 47 0 76 0 8 0 0 0 1 3 0 2 0 0 0 2 0 2 0 0 0 2 0 0 0 0 0 0 0 0 0 2 3 0 3 0 0 3 3 3 0 0 0 0 16 10 19 9 30 0 0 18 45 1 10 45 0 0 29 33 15 11 0 0 13 19 0 0 0 1 35 0 21 0 0 0 24 0 0 0 0 0 32 1 0 0 0 22 0 0 0 0 0 0 0 0 0 0 0 0 0 10 0 0 0 0 0 0 0 11 0 5 0 0 0 0 0 0 0 0 0 0 0 0 41 19 0 11 13 6 0 0 16 14 23 0 45 9 0 0 12 27 1 0 0 0 26 0 0 0 2 0 0 0 0 0 15 12 0 0 0 0 20 34 0 0 0 0 0 0 0 0 0 0 0 0 0 0 11 0 0 0 0 11 0 0 0 0 0 0 0 0 0 0 0 0 0 0 0 0 0 0 0 0 0 0 0 0 0 1 0 0 3 2 2 9 18 0 0 0 0 0 0 0 1 0 1 0 0 0 0 0 0 0 0 0 0 0 0 47 0 0 0 0 0 0 0 0 0 0 0 0 0 0 
 258 38 71 303 239 134 84 30 180 554 0 395 52 137 164 245 171 48 117 287 26 0 3 0 0 0 76 5 3 0 3 2 4 0 23 1 75 0 75 2 5 0 0 0 2 3 0 1 0 0 0 2 0 1 0 0 0 3 0 61 0 0 0 0 25 1 0 2 5 0 3 0 0 3 3 2 0 0 0 0 22 21 27 25 25 0 7 1 5 0 16 42 0 0 29 35 7 22 0 1 15 34 14 0 0 0 22 2 8 0 0 0 24 14 12 2 0 0 9 5 0 0 0 11 0 0 0 0 0 0 0 0 0 0 1 0 2 0 0 0 0 0 0 0 0 0 0 6 0 2 0 0 0 0 0 0 0 0 0 0 26 23 0 10 17 7 0 0 9 38 23 0 12 11 0 0 11 35 4 0 0 0 25 0 0 0 1 2 0 0 0 0 0 13 14 14 0 0 0 19 0 0 0 0 0 0 0 0 0 7 0 0 0 0 0 0 0 0 0 12 1 0 0 0 0 0 0 0 0 0 0 0 0 0 0 0 0 0 0 0 0 0 0 0 0 0 5 0 13 0 0 4 16 0 0 0 0 0 0 0 0 0 15 0 0 0 0 0 0 0 0 0 0 0 0 25 10 0 0 0 0 0 0 0 0 0 0 0 0 0 
 36 55 349 283 153 151 72 140 604 55 395 0 26 103 122 49 81 372 328 27 80 0 3 0 2 0 1 99 274 1 4 0 4 0 78 0 1 0 3 0 6 0 0 0 0 3 0 3 0 0 0 2 0 3 0 0 0 1 0 0 0 0 0 0 0 0 1 51 3 0 3 0 0 2 3 7 0 0 0 0 0 18 19 34 29 0 0 0 0 13 15 27 0 20 14 33 0 42 0 1 0 17 0 0 0 0 27 0 22 1 0 0 8 1 9 0 14 0 30 18 0 0 0 20 0 0 0 2 14 0 0 0 0 0 0 2 0 14 2 0 0 0 0 0 0 0 0 0 0 0 0 0 0 0 0 0 0 0 0 0 12 19 0 0 0 0 0 0 23 0 25 0 13 9 0 0 0 10 4 0 0 0 25 0 0 0 0 0 0 0 1 0 21 18 0 0 0 0 0 16 0 0 0 0 2 0 0 0 1 2 0 0 0 0 0 0 0 0 0 10 0 0 0 0 0 0 20 0 0 0 0 2 0 0 0 0 0 0 0 0 0 0 0 0 0 1 2 0 91 8 1 9 17 0 0 0 0 0 0 0 0 0 39 0 0 0 0 0 0 0 0 0 0 0 0 13 10 0 0 0 0 0 0 0 0 0 0 0 0 0 
 177 150 160 388 170 39 188 557 123 65 52 26 0 221 280 46 40 148 202 178 3 0 6 0 0 2 1 3 3 0 3 0 3 0 5 0 0 0 3 0 0 0 0 0 0 3 0 3 0 0 0 2 0 3 4 0 0 1 0 0 0 0 0 0 0 0 2 8 3 0 3 0 0 2 3 0 0 0 0 0 1 18 0 0 0 0 53 92 12 5 1 0 34 13 0 20 0 1 10 19 3 0 3 0 0 0 0 0 0 0 0 3 0 0 0 0 0 2 0 0 0 0 0 0 0 0 0 0 0 0 0 0 0 0 0 0 0 0 0 0 0 0 0 0 0 0 0 0 1 0 0 6 0 0 0 0 0 0 0 0 24 19 6 0 0 0 35 14 17 0 1 0 1 13 13 14 0 0 35 0 0 0 0 0 6 0 0 0 0 0 0 0 0 0 0 0 0 0 0 0 0 0 0 0 0 0 0 0 0 0 0 0 0 0 0 0 0 0 0 0 0 0 0 0 0 0 0 0 0 0 0 4 0 0 0 0 0 0 0 0 0 0 0 0 0 1 2 2 0 0 0 10 0 0 0 0 0 0 0 0 0 0 0 0 0 0 0 0 0 2 0 0 0 0 0 0 0 0 0 0 0 0 0 0 0 0 0 0 0 0 
 143 321 320 165 63 44 163 167 90 389 137 103 221 0 182 138 312 99 207 244 3 0 3 0 0 0 0 3 3 0 3 0 5 0 3 0 0 0 3 0 0 0 0 0 64 3 0 2 0 0 0 0 0 2 1 63 0 2 0 0 0 0 0 0 0 0 0 2 3 0 3 0 3 3 3 0 2 0 0 0 15 56 0 0 0 0 32 34 19 10 17 0 0 39 10 53 39 4 0 23 0 0 0 0 0 0 0 0 0 0 0 0 8 0 0 0 0 0 0 0 0 0 0 0 0 0 0 0 0 0 0 11 0 0 0 0 0 0 0 0 0 0 0 0 0 0 0 0 0 0 0 0 0 0 0 0 0 0 0 0 10 25 50 28 0 0 13 26 15 0 0 3 16 0 0 1 15 18 2 21 0 0 0 0 0 0 10 0 0 0 0 0 0 0 0 0 0 0 15 0 10 0 0 0 6 0 0 14 0 0 0 0 0 0 0 0 0 0 0 2 0 0 0 0 0 1 0 0 0 0 0 0 0 0 0 0 0 0 0 0 0 0 0 0 0 0 2 0 2 1 23 5 0 0 0 0 0 0 0 0 0 0 0 0 0 0 0 0 0 0 0 0 0 0 0 0 0 0 0 0 0 0 0 0 0 0 0 0 0 0 
 364 370 322 88 87 70 272 287 314 416 164 122 280 182 0 276 115 411 66 199 3 0 3 0 2 1 0 3 5 0 3 0 3 0 3 0 0 2 3 0 0 0 0 0 2 3 0 1 0 0 0 1 0 1 0 0 0 8 0 0 0 0 0 0 0 0 0 2 3 0 3 0 0 3 5 4 0 2 4 52 0 69 11 0 0 0 35 32 0 23 1 11 5 28 24 37 16 11 5 17 0 0 0 0 0 0 0 0 0 0 0 0 0 0 0 0 0 0 0 0 0 7 0 0 0 0 0 0 2 0 0 0 0 0 0 0 0 0 0 0 0 0 0 0 0 0 0 0 16 0 0 0 0 0 0 0 0 0 0 0 33 66 12 14 21 1 18 13 0 52 11 10 0 15 3 53 10 37 29 21 0 0 0 0 0 0 0 0 0 0 0 0 0 0 0 0 0 0 0 0 0 0 0 0 0 0 0 0 0 0 0 0 0 0 0 0 0 0 0 0 0 0 0 0 0 0 0 0 0 0 0 0 0 0 0 0 0 0 0 0 0 0 0 0 0 0 1 0 3 0 18 16 10 0 2 0 0 0 0 0 0 0 0 0 0 0 0 0 0 0 0 0 0 0 2 1 0 0 0 0 1 0 0 0 0 0 0 0 0 0 
 141 110 146 53 208 366 32 113 297 123 245 49 46 138 276 0 57 76 378 168 3 0 3 0 4 0 78 4 6 1 4 0 5 3 3 0 0 0 300 78 0 0 0 3 0 6 0 3 3 3 0 2 3 3 1 0 3 1 0 0 0 2 2 0 0 0 0 2 6 0 7 0 0 2 3 7 2 0 0 33 29 8 3 12 28 0 1 0 40 12 13 56 0 0 0 0 29 12 0 20 46 0 0 0 0 0 0 3 0 1 0 0 31 0 0 0 0 0 15 2 0 0 0 0 0 0 0 2 0 0 0 0 0 0 0 2 0 2 2 0 0 0 0 0 0 0 0 6 0 19 0 2 0 1 0 0 0 0 0 0 56 19 21 40 27 1 0 0 25 54 35 3 15 11 0 13 17 13 1 9 0 1 2 0 0 0 0 0 0 16 0 0 0 0 0 0 0 0 0 50 0 0 0 1 0 0 0 0 1 0 0 0 0 0 0 0 0 0 0 0 0 0 0 0 0 0 0 0 0 0 0 2 0 0 0 0 0 2 0 0 0 7 0 0 0 1 1 0 1 0 1 9 14 0 0 0 0 0 0 0 0 0 0 0 0 0 0 0 0 0 0 0 0 0 0 15 12 14 0 0 0 0 0 0 0 0 0 0 0 0 
 206 151 48 57 87 62 118 23 130 60 171 81 40 312 115 57 0 58 78 233 3 1 46 3 5 6 90 10 6 0 3 0 3 33 8 0 0 0 78 83 0 0 0 2 1 3 0 2 0 3 0 2 0 8 11 2 3 6 0 0 0 0 0 1 4 0 0 4 5 0 3 0 9 3 3 4 3 2 0 6 12 12 12 1 14 0 11 6 40 10 0 14 0 23 18 36 59 34 0 15 15 0 0 0 0 0 1 0 0 0 0 0 49 0 0 0 0 0 14 17 0 0 0 0 0 0 0 0 0 0 0 0 0 0 0 0 0 1 0 0 0 0 0 0 0 0 0 7 0 0 0 0 0 0 0 0 0 0 0 0 4 15 6 32 19 16 0 24 12 37 52 26 0 5 11 0 0 21 10 13 0 0 3 0 1 0 10 1 0 17 0 0 0 0 0 0 0 2 19 31 0 0 0 0 0 0 0 0 0 0 0 0 0 0 0 0 0 0 0 0 2 0 0 0 0 0 0 0 0 0 0 0 0 13 0 1 0 0 0 0 0 0 0 0 0 0 44 2 0 2 11 3 0 0 0 0 0 0 0 0 0 0 0 0 0 0 0 0 2 0 0 0 0 0 0 14 0 10 0 0 0 0 0 0 0 0 0 0 0 0 
 231 96 184 32 130 278 134 40 84 364 48 372 148 99 411 76 58 0 255 127 3 0 3 0 0 0 0 3 3 0 3 0 3 0 3 0 0 0 20 146 0 0 0 0 1 3 0 2 0 0 0 0 0 2 0 0 0 2 0 0 0 0 0 0 0 0 36 2 3 0 3 0 0 3 3 2 0 0 0 0 1 16 0 13 26 13 10 18 8 32 0 18 0 0 0 17 7 18 0 1 8 1 1 0 0 0 38 8 2 0 0 0 0 0 0 2 0 0 14 12 13 0 0 0 0 0 0 0 0 0 0 0 0 0 0 0 0 11 0 0 0 0 0 0 0 0 0 0 0 0 0 0 0 1 2 0 14 0 0 0 23 34 38 9 26 15 9 1 0 14 23 0 3 26 0 19 13 0 4 0 10 9 2 0 0 0 9 0 8 0 1 0 13 0 0 0 0 0 40 11 0 0 0 2 0 0 0 0 0 0 0 0 16 0 0 0 0 0 0 0 0 0 0 0 0 0 0 0 0 1 0 0 0 0 0 0 0 0 0 0 0 9 0 0 0 0 4 0 1 87 0 8 13 0 0 0 0 0 0 0 0 0 0 0 0 0 0 0 0 0 0 0 0 0 0 0 9 0 0 0 0 0 0 0 0 0 0 0 0 0 
 34 33 96 97 58 44 252 56 109 189 117 328 202 207 66 378 78 255 0 120 3 0 3 1 0 0 0 3 3 2 3 0 3 0 7 0 0 1 3 0 5 0 2 0 1 3 0 2 0 4 0 2 0 2 0 0 0 2 0 0 0 0 0 0 0 0 0 2 3 0 3 0 0 2 3 0 0 0 32 1 16 15 17 0 0 0 36 10 19 0 9 0 27 67 11 15 0 0 37 10 2 0 0 0 0 0 0 0 0 2 0 0 0 0 0 0 0 0 0 0 0 0 0 2 0 0 0 2 0 0 0 0 1 0 0 0 0 15 1 0 0 0 0 0 0 0 0 0 0 0 0 0 0 9 0 0 0 0 0 0 5 4 13 1 0 13 38 1 0 0 0 18 40 22 0 0 0 6 14 24 0 0 0 2 0 0 0 0 0 0 0 0 0 0 0 0 0 0 0 0 0 0 0 0 1 0 0 0 18 1 0 0 0 0 0 0 0 0 0 5 0 0 0 0 0 0 0 0 0 0 0 1 0 0 0 0 0 0 0 0 0 0 0 0 0 0 0 0 0 2 2 12 4 0 0 0 0 0 0 0 0 0 0 0 0 0 0 0 0 0 0 0 0 0 0 10 0 0 0 0 0 0 0 0 0 0 0 0 0 0 
 362 168 191 58 115 67 123 177 152 84 287 27 178 244 199 168 233 127 120 0 3 1 3 3 3 10 0 6 3 0 4 1 3 2 8 0 2 0 5 4 0 0 4 0 1 6 0 7 3 0 0 1 0 2 4 2 0 6 0 0 0 2 0 0 0 19 0 2 9 0 3 0 4 3 3 2 0 0 0 6 15 65 35 7 0 0 41 54 0 1 13 0 9 41 14 16 13 0 9 0 0 0 0 0 0 0 0 0 0 0 0 0 0 0 0 0 0 0 0 0 0 0 0 10 0 0 0 0 0 0 0 0 13 0 0 0 0 0 0 0 0 0 0 0 0 0 0 0 0 10 0 14 0 0 0 0 0 0 0 0 19 23 14 22 13 1 2 21 31 26 0 8 0 0 0 11 25 20 4 32 0 0 0 0 0 0 0 0 0 0 0 0 0 0 0 0 0 0 0 0 0 0 0 0 0 0 0 0 0 0 0 0 0 0 0 0 0 0 0 0 0 0 0 0 0 0 0 0 0 0 0 0 0 0 0 0 0 12 0 0 0 0 0 0 0 0 1 1 0 0 20 13 0 0 0 0 0 0 0 0 0 0 0 0 0 0 0 0 0 0 0 0 0 0 0 0 0 24 0 0 0 0 0 0 0 0 0 0 0 0 
 4 4 3 7 151 133 3 3 5 104 26 80 3 3 3 3 3 3 3 3 0 388 304 138 36 40 483 61 140 117 391 49 215 163 480 250 75 390 211 69 5 3 2 0 0 3 0 0 0 3 0 1 0 2 0 0 0 0 4 0 0 0 0 0 3 0 0 3 0 0 0 0 2 0 0 0 2 0 0 0 0 0 0 0 13 18 0 0 0 0 5 0 0 0 2 9 0 8 0 0 8 48 23 1 21 1 70 14 34 0 9 11 7 30 46 0 13 29 32 13 0 0 21 8 0 0 0 0 0 0 0 0 0 0 0 0 0 0 0 0 0 0 0 6 0 0 0 0 0 0 0 0 0 0 0 0 0 0 0 0 0 0 0 0 0 0 0 0 0 0 0 18 0 0 0 9 0 0 0 0 10 16 31 0 58 0 0 23 47 17 7 0 34 12 59 33 11 3 0 9 0 0 0 0 0 0 2 0 0 0 0 0 0 0 0 0 0 0 0 0 0 0 0 0 0 0 0 0 0 20 17 0 0 0 0 0 0 0 0 0 0 0 0 0 0 0 0 0 0 0 0 0 0 0 7 1 0 9 0 0 23 0 13 0 0 0 18 0 0 0 0 0 0 0 0 0 0 0 0 0 0 0 0 0 0 0 0 0 0 0 
 0 0 0 0 176 0 0 2 2 0 0 0 0 0 0 0 1 0 0 1 388 0 342 44 102 43 207 87 168 125 165 51 180 127 79 131 40 114 292 32 0 3 2 0 0 4 0 0 0 3 0 1 0 2 0 1 0 0 0 0 0 0 0 0 2 0 0 3 0 0 0 0 2 0 0 0 3 0 0 6 0 0 0 0 0 20 0 0 0 0 0 0 0 0 1 0 1 0 0 0 20 72 43 1 11 0 70 12 22 13 12 19 10 35 30 0 29 29 19 30 0 0 0 6 0 0 0 11 0 0 2 0 0 0 0 0 0 0 1 0 1 1 0 4 0 0 0 0 0 0 0 0 0 0 0 0 0 0 0 0 1 0 0 0 0 2 0 0 0 0 0 0 0 0 0 13 5 0 0 0 71 8 12 0 1 0 0 30 29 19 7 0 31 24 21 26 20 18 0 24 0 0 0 0 0 1 0 0 0 0 0 0 0 0 0 0 0 0 0 0 0 0 0 0 0 0 0 0 0 0 0 0 0 0 0 0 0 0 0 0 0 0 0 0 0 0 0 0 0 0 0 0 0 0 6 1 0 3 0 0 17 0 19 0 0 0 17 0 0 0 0 0 0 0 0 0 0 0 0 0 0 0 0 0 0 0 0 0 0 0 
 5 3 3 3 5 4 3 3 3 3 3 3 6 3 3 3 46 3 3 3 304 342 0 428 114 108 159 132 110 235 44 110 323 126 157 131 239 136 212 102 1 3 2 0 0 3 0 0 0 6 0 2 2 2 0 4 0 0 0 0 0 0 0 0 2 0 0 8 0 0 0 0 3 9 7 0 4 0 0 7 0 0 0 0 0 40 0 0 4 0 0 0 0 0 0 0 0 1 0 0 15 12 30 18 10 10 36 24 25 9 11 0 0 17 19 1 0 27 0 16 0 0 0 0 12 0 11 0 0 0 0 0 0 1 0 1 0 0 0 0 0 0 0 4 0 0 0 0 0 0 0 0 0 0 0 0 0 0 0 0 1 0 0 0 0 0 0 0 0 0 0 0 0 0 0 0 0 0 0 1 32 9 12 9 0 0 11 59 10 33 12 21 41 1 7 9 37 15 1 16 0 0 0 0 0 0 0 0 0 0 0 0 1 0 0 2 0 0 53 27 0 0 0 0 0 0 0 0 0 0 2 0 0 0 1 1 0 0 0 0 0 0 0 0 0 0 0 0 0 0 0 0 2 0 1 3 0 75 0 2 0 0 0 0 0 0 18 0 0 0 0 0 0 0 0 0 0 0 0 0 0 0 0 0 0 0 0 0 0 0 
 2 1 0 0 0 0 0 0 0 0 0 0 0 0 0 0 3 0 1 3 138 44 428 0 261 97 66 287 393 161 105 158 154 268 186 282 133 76 303 266 24 3 2 0 0 3 0 0 2 3 0 1 0 66 0 4 0 0 65 0 0 0 0 0 3 0 0 3 0 0 0 0 2 0 0 0 2 0 0 0 0 0 0 0 21 1 0 0 0 0 0 0 0 0 0 0 0 0 0 0 0 0 32 1 10 14 0 1 14 16 7 12 0 1 11 17 35 14 0 0 14 14 0 2 0 1 7 1 52 12 0 0 44 50 11 0 0 11 20 36 0 0 2 5 18 0 0 0 0 0 0 0 1 0 0 3 0 2 0 0 3 0 0 1 0 0 0 0 0 0 0 16 0 0 0 0 0 2 1 0 0 9 7 11 7 14 0 27 12 0 12 14 1 10 1 8 1 6 0 0 25 11 0 0 0 0 4 1 0 22 0 0 0 40 6 0 0 0 1 1 0 0 0 0 0 2 0 0 0 0 0 0 0 0 0 0 0 1 0 0 0 0 0 0 0 0 0 0 0 0 0 0 0 0 3 2 3 0 1 2 0 11 0 0 0 0 0 0 0 0 0 0 0 0 0 0 0 0 0 0 0 0 0 0 0 14 0 0 0 0 
 0 0 0 0 2 0 0 0 0 0 0 2 0 0 2 4 5 0 0 3 36 102 114 261 0 227 53 49 381 176 77 207 91 66 194 115 127 122 318 67 1 65 2 1 0 3 0 0 1 18 0 1 0 2 0 0 64 53 133 0 0 0 0 0 3 0 2 3 0 0 0 0 2 0 0 0 2 0 0 0 0 0 0 0 0 0 0 0 0 0 0 0 0 0 0 0 0 0 0 0 0 20 34 13 0 12 0 19 0 23 0 0 13 0 21 12 0 0 0 0 29 0 12 0 0 0 7 10 20 0 13 1 22 25 22 0 0 16 9 20 0 0 18 3 0 0 0 0 0 0 0 0 0 0 0 11 0 0 0 0 3 0 0 0 0 0 0 2 0 0 0 0 0 0 0 0 0 0 0 0 0 20 7 17 30 38 0 13 3 0 19 23 0 3 0 14 1 9 0 0 14 28 0 0 2 0 46 19 21 22 0 0 21 21 21 0 0 2 3 10 0 0 0 8 0 0 0 0 0 0 0 0 0 0 0 0 0 0 3 0 0 0 14 0 0 0 0 0 0 0 0 0 0 0 0 5 0 1 2 0 1 11 0 0 0 0 0 0 0 0 0 0 0 0 0 0 0 2 0 12 0 0 0 0 8 18 0 0 0 0 
 0 0 0 0 0 3 0 0 0 0 0 0 2 0 1 0 6 0 0 10 40 43 108 97 227 0 39 110 140 123 107 203 59 359 152 92 147 128 47 28 0 66 53 61 0 36 63 0 0 7 23 1 2 3 0 0 2 0 4 0 1 0 0 0 2 0 0 3 0 0 0 0 2 54 0 0 15 0 0 0 0 0 0 0 0 0 0 0 0 0 0 0 0 0 0 0 0 0 0 0 0 1 13 49 23 0 0 0 0 18 12 2 0 0 0 12 0 0 0 0 29 0 15 0 0 0 9 0 28 11 7 1 1 22 28 0 0 9 25 1 1 0 0 0 0 0 2 2 0 0 0 0 0 0 0 0 0 0 1 0 5 0 0 0 0 0 0 0 0 0 0 0 0 0 0 0 0 0 0 0 0 0 9 55 3 22 0 36 0 0 10 83 0 0 56 8 0 0 0 0 0 0 1 10 0 0 10 9 21 0 0 0 29 45 0 0 1 0 17 23 0 1 0 12 0 0 0 0 0 0 0 0 0 0 0 0 0 0 1 0 0 0 0 0 8 0 0 0 0 0 0 0 0 0 12 0 1 72 0 2 0 0 0 0 0 0 0 0 0 0 0 0 0 0 0 0 0 0 0 25 0 0 0 0 10 2 22 0 0 0 
 2 1 1 82 169 153 0 0 0 2 76 1 1 0 0 78 90 0 0 0 483 207 159 66 53 39 0 159 58 53 216 27 375 219 127 581 54 101 161 144 5 2 2 0 0 3 0 0 0 2 0 2 0 2 0 0 1 0 0 0 0 0 0 0 3 0 0 3 0 0 0 0 2 0 0 0 2 0 0 2 0 0 0 8 0 12 0 0 1 0 1 0 0 0 10 11 9 44 0 0 31 15 11 2 35 14 12 19 53 10 0 6 33 29 5 12 22 20 4 57 1 0 0 18 0 1 0 0 0 0 0 0 0 0 13 0 0 0 0 0 0 0 15 0 0 0 3 8 0 0 0 0 0 0 0 0 0 2 0 0 0 0 0 15 0 1 0 0 0 60 0 15 0 0 0 11 11 2 0 0 30 19 30 0 33 0 24 6 0 20 4 2 14 10 4 24 9 11 18 50 0 0 0 0 0 0 0 0 0 0 0 12 0 0 0 11 0 5 0 0 0 0 0 0 1 2 0 0 0 0 0 0 0 0 0 0 0 0 0 0 0 0 0 0 0 0 74 0 2 73 0 0 0 0 11 0 0 11 0 0 20 1 24 0 0 0 0 0 0 0 0 0 0 0 0 0 0 13 0 0 0 0 0 0 0 0 0 0 0 0 
 3 3 3 40 5 30 55 4 3 3 5 99 3 3 3 4 10 3 3 6 61 87 132 287 49 110 159 0 231 51 42 98 123 176 140 201 369 74 295 203 0 3 2 0 0 3 0 6 5 8 6 3 0 4 0 3 0 0 0 0 0 0 0 3 3 4 0 3 0 2 0 0 2 0 0 0 2 0 0 5 0 0 0 0 20 27 9 0 1 2 0 10 0 0 0 0 13 3 0 0 0 0 0 36 28 1 16 13 0 0 46 9 13 19 47 30 13 13 4 15 0 0 0 0 0 0 0 2 0 0 0 0 0 0 0 0 0 0 0 17 0 0 0 0 0 0 0 0 0 0 0 14 0 0 0 0 0 0 0 0 0 0 0 15 0 13 0 0 0 1 18 13 0 0 0 1 0 0 0 0 14 17 3 26 0 0 26 29 0 38 11 23 0 13 7 25 0 20 19 0 0 0 0 0 0 0 0 0 0 0 0 0 0 0 0 0 0 20 43 0 0 0 0 0 0 14 0 0 0 0 0 0 0 0 1 0 0 0 0 0 0 0 0 0 0 0 60 0 29 74 0 0 0 0 12 2 1 2 0 0 0 0 0 0 0 0 0 0 0 0 0 0 0 0 0 0 0 10 0 0 0 22 0 0 6 0 0 0 0 0 
 5 3 3 3 27 3 3 3 3 3 3 274 3 3 5 6 6 3 3 3 140 168 110 393 381 140 58 231 0 165 43 169 102 361 282 171 241 202 113 54 3 3 3 0 0 0 0 0 0 5 0 2 0 67 2 13 4 0 61 0 1 0 1 0 3 0 9 3 0 0 0 0 2 0 0 4 2 0 0 0 0 0 0 2 0 7 0 0 0 0 0 0 0 0 0 0 0 0 0 0 7 55 9 21 22 9 12 0 0 15 13 7 0 0 1 13 11 11 10 13 0 0 0 0 0 0 1 1 0 0 0 0 0 23 0 12 0 0 0 23 0 7 0 0 0 0 0 0 5 0 0 3 1 0 0 3 0 0 1 4 8 0 0 0 0 2 1 0 0 0 0 0 0 0 0 0 0 0 0 0 0 11 10 67 0 18 1 16 0 14 45 27 14 91 6 8 4 14 0 7 0 0 0 0 0 0 26 0 0 0 0 0 10 0 20 1 1 0 25 0 0 0 0 2 0 0 0 0 0 0 0 0 0 0 0 0 0 0 0 0 0 0 0 0 0 1 0 0 0 0 0 0 0 0 11 0 0 151 77 0 4 4 0 0 0 0 0 0 0 0 0 0 0 0 0 0 0 0 0 0 0 35 0 0 0 0 11 0 0 0 
 6 0 0 0 0 0 0 0 0 0 0 1 0 0 0 1 0 0 2 0 117 125 235 161 176 123 53 51 165 0 142 401 61 102 180 248 201 175 240 108 0 3 2 0 0 3 0 1 0 3 0 3 0 64 63 2 0 0 1 0 0 0 0 4 3 0 0 3 0 4 0 0 2 0 0 0 2 2 0 0 12 0 0 33 0 11 0 0 0 0 0 0 1 0 0 0 0 7 0 0 2 27 23 32 9 0 11 20 11 13 12 1 0 19 18 19 0 33 0 0 7 0 0 0 0 0 8 11 0 0 0 0 0 11 0 0 0 0 0 0 0 6 0 0 0 3 0 1 0 0 0 0 0 0 0 0 0 0 0 3 0 0 0 0 0 9 0 0 0 0 28 0 0 0 0 0 0 0 0 0 15 28 8 18 0 8 59 34 11 42 2 6 0 1 1 19 45 17 0 12 0 0 0 0 0 0 0 0 0 0 0 0 0 0 9 8 0 0 25 13 0 0 2 0 0 0 0 0 0 0 0 0 0 0 0 0 0 0 0 0 0 0 0 0 0 0 0 0 0 0 0 0 0 0 12 0 0 88 1 2 3 2 0 0 0 0 12 0 0 0 0 0 0 0 0 0 0 0 0 0 0 20 0 0 0 0 0 0 0 0 
 5 5 3 3 4 3 3 3 3 3 3 4 3 3 3 4 3 3 3 4 391 165 44 105 77 107 216 42 43 142 0 61 408 137 68 369 101 144 56 127 30 3 4 0 2 5 0 3 1 3 1 4 0 71 2 0 0 1 0 0 3 0 2 0 3 0 1 3 2 0 2 0 5 0 0 49 2 0 0 0 0 0 0 0 0 1 0 0 0 0 0 0 0 0 0 0 0 0 0 0 1 5 0 2 25 27 24 15 38 46 20 30 0 2 6 26 31 40 0 0 35 10 0 0 0 0 0 0 0 3 0 1 4 0 3 0 0 0 22 12 0 0 27 4 0 0 0 0 0 0 0 0 0 0 0 0 0 0 0 0 0 0 0 0 0 1 0 2 0 0 0 0 0 0 0 14 0 0 0 0 63 12 0 0 16 0 0 31 10 14 10 33 20 0 33 14 15 10 0 0 15 25 0 0 2 0 0 0 0 31 0 0 0 28 19 4 0 0 2 0 0 0 0 0 0 0 0 0 0 0 0 0 0 0 0 0 0 0 0 0 0 0 0 0 0 0 0 0 0 0 0 2 0 1 9 2 0 149 1 1 11 0 0 0 0 0 0 0 0 0 0 0 0 0 0 0 0 2 0 0 0 0 0 0 0 0 13 0 0 0 
 2 0 0 0 0 0 0 0 1 0 2 0 0 0 0 0 0 0 0 1 49 51 110 158 207 203 27 98 169 401 61 0 38 43 138 36 238 121 47 41 62 3 2 64 0 3 0 0 0 6 0 1 2 64 3 0 0 0 23 0 0 3 0 0 3 0 0 3 1 0 0 0 2 0 0 0 2 0 0 0 0 0 0 0 0 0 0 0 0 0 0 0 0 0 0 0 0 0 0 0 0 0 26 32 0 12 0 0 0 11 13 0 2 1 12 10 10 2 0 0 15 0 0 0 0 0 9 31 1 14 0 0 33 37 17 0 0 17 29 1 1 11 0 0 0 5 0 0 0 0 0 0 0 0 0 1 0 0 0 6 3 0 0 0 0 0 15 0 0 0 0 0 0 0 0 0 0 0 0 0 0 0 7 21 41 29 0 13 9 0 1 20 1 0 1 8 10 1 0 0 4 5 0 0 0 0 50 1 0 10 0 0 4 0 39 0 0 0 15 1 0 0 0 1 0 0 2 0 0 0 0 0 0 0 0 0 0 0 0 0 0 0 15 0 0 0 0 0 0 0 0 0 0 0 7 0 3 22 38 4 2 4 0 0 0 0 0 0 0 0 0 0 0 0 0 0 0 0 0 6 0 21 0 0 0 41 0 0 0 0 
 3 3 3 3 77 3 3 4 3 5 4 4 3 5 3 5 3 3 3 3 215 180 323 154 91 59 375 123 102 61 408 38 0 110 56 111 22 199 324 127 0 53 2 0 0 3 0 0 0 3 0 1 0 2 0 1 0 0 0 0 0 0 0 2 3 0 0 4 0 55 0 0 2 0 0 0 2 0 0 0 5 0 0 0 16 4 0 0 0 0 0 0 0 0 1 1 2 0 0 0 5 10 14 1 29 22 15 20 19 19 11 8 12 35 1 31 1 48 0 11 0 0 0 0 0 0 0 0 0 0 0 0 0 0 0 0 0 0 2 0 2 2 0 4 0 0 0 0 0 0 0 0 0 0 2 0 0 0 0 5 0 0 0 0 0 10 0 0 0 0 0 0 0 0 0 5 0 0 0 0 44 7 0 3 37 0 0 29 12 32 7 3 34 9 38 32 23 9 0 0 0 0 0 0 0 2 0 0 0 0 0 0 0 0 0 8 0 0 0 0 0 0 28 0 0 0 0 0 0 0 0 0 0 0 0 0 0 0 0 0 0 0 0 0 0 0 0 0 0 0 0 0 0 0 10 0 6 41 0 2 14 2 18 0 0 0 0 0 0 0 0 0 0 0 0 0 0 0 0 0 0 0 0 0 0 0 0 0 0 0 
 2 1 0 17 74 24 2 0 0 3 0 0 0 0 0 3 33 0 0 2 163 127 126 268 66 359 219 176 361 102 137 43 110 0 169 257 237 125 273 152 0 3 4 3 0 3 0 1 0 6 0 1 0 2 0 3 0 0 0 0 0 0 1 0 3 0 0 3 0 0 0 0 2 0 0 4 2 0 0 3 0 0 0 0 0 4 0 0 0 0 2 1 0 0 0 0 14 16 0 0 4 5 0 22 63 1 16 5 19 3 20 28 14 47 28 6 35 24 23 92 0 19 0 0 0 0 2 0 0 0 0 0 0 1 2 0 0 0 0 29 0 0 0 0 2 0 0 0 0 1 0 0 0 0 0 0 0 0 0 0 0 9 0 18 0 15 0 0 0 3 0 18 0 0 30 9 0 0 0 0 4 34 14 20 22 0 10 11 0 49 33 8 11 0 35 53 21 19 0 1 0 0 0 0 0 0 0 0 0 0 0 0 0 0 0 0 0 0 25 0 0 0 0 0 0 0 0 0 0 0 0 0 0 0 0 0 0 0 0 0 0 0 0 0 0 0 54 0 0 0 0 0 0 0 7 0 0 2 0 0 22 0 0 0 0 0 0 0 0 0 0 0 0 0 0 0 0 10 0 0 0 18 0 1 0 0 0 0 0 0 
 118 3 3 6 155 91 3 7 3 81 23 78 5 3 3 3 8 3 7 8 480 79 157 186 194 152 127 140 282 180 68 138 56 169 0 105 97 188 379 294 8 5 4 0 0 5 0 0 0 7 0 4 1 2 5 1 4 0 0 0 1 0 0 1 3 5 0 3 5 11 10 0 4 2 0 3 8 12 0 0 0 0 0 1 13 10 0 0 0 0 0 0 0 0 0 7 0 8 0 0 46 23 22 26 10 0 25 0 7 0 0 0 8 24 1 15 18 0 13 10 0 0 0 15 0 0 4 0 0 0 0 0 0 0 0 0 0 2 0 0 0 0 0 0 0 0 0 10 1 0 7 0 0 0 0 0 0 0 0 0 0 0 0 0 0 0 0 0 0 0 0 0 0 0 0 0 0 0 0 0 0 0 38 13 0 0 0 34 0 13 19 31 10 15 35 20 29 0 0 8 0 0 0 0 0 0 0 0 0 0 0 0 1 0 0 0 1 0 14 18 0 0 13 1 0 0 0 0 0 0 0 0 0 0 0 0 0 0 0 0 0 0 0 0 0 2 0 0 1 0 0 0 1 0 5 2 0 75 1 0 2 2 12 0 0 0 0 1 0 0 0 0 0 0 0 0 0 0 0 0 0 0 0 0 0 0 11 0 0 0 
 1 0 0 0 0 3 0 0 0 0 1 0 0 0 0 0 0 0 0 0 250 131 131 282 115 92 581 201 171 248 369 36 111 257 105 0 133 190 199 82 0 3 2 0 207 3 0 0 0 3 0 1 1 2 0 4 0 0 0 0 1 0 0 0 2 0 0 3 0 0 0 0 2 0 2 0 3 0 0 1 0 0 0 0 0 10 0 0 0 2 0 0 0 0 0 0 0 0 0 0 0 0 0 35 29 9 23 29 38 37 30 8 20 15 6 18 12 38 0 1 0 0 0 0 0 10 0 0 0 0 0 0 0 0 0 0 0 0 0 6 0 0 0 0 0 0 0 0 0 0 0 0 0 0 0 0 0 0 0 0 0 0 0 0 1 2 1 0 0 0 0 1 0 0 0 3 0 0 0 0 20 12 0 25 0 0 11 39 1 38 28 25 8 0 38 15 0 25 18 0 0 0 0 2 0 0 0 0 8 0 2 0 0 0 0 14 0 0 8 0 0 0 0 0 0 0 0 0 0 0 0 0 0 0 0 0 2 0 0 0 0 0 0 0 0 1 1 0 0 0 0 0 0 0 0 0 2 162 0 2 16 0 0 0 0 0 0 0 0 0 0 0 2 0 0 0 0 0 0 0 0 19 0 0 0 0 11 0 0 0 
 2 0 0 43 75 0 0 0 0 47 75 1 0 0 0 0 0 0 0 2 75 40 239 133 127 147 54 369 241 201 101 238 22 237 97 133 0 287 187 33 0 5 2 0 0 5 0 0 2 3 0 5 1 2 0 3 2 0 62 0 0 0 0 0 3 0 0 3 0 0 0 0 2 2 0 0 2 0 0 3 0 0 2 0 0 9 0 0 0 0 0 16 0 0 0 0 0 27 0 0 8 25 14 65 0 9 0 12 1 32 16 0 0 43 8 11 13 12 19 14 0 0 0 0 0 0 11 0 0 0 0 1 0 10 1 0 0 0 0 10 0 4 0 0 0 0 0 0 0 0 0 0 0 0 0 0 0 0 0 4 0 0 0 0 0 0 0 0 0 0 0 0 0 0 0 0 0 0 0 0 0 12 47 23 0 16 9 52 0 8 18 31 9 0 9 25 30 21 0 1 0 0 0 0 2 0 12 0 0 12 0 0 0 0 12 0 0 0 38 16 0 0 0 0 0 0 0 0 0 0 0 0 0 0 0 0 0 0 0 0 0 0 0 0 0 0 0 0 0 0 0 0 0 0 2 4 1 76 1 0 2 4 0 0 0 0 1 0 0 0 0 0 0 0 0 0 0 0 0 0 0 37 0 0 0 0 0 0 0 0 
 4 73 0 0 0 0 0 0 2 0 0 0 0 0 2 0 0 0 1 0 390 114 136 76 122 128 101 74 202 175 144 121 199 125 188 190 287 0 94 125 0 3 2 0 0 3 0 0 0 3 0 3 0 3 0 4 0 0 26 0 4 0 0 0 3 0 0 3 0 0 0 0 2 0 0 0 2 35 0 0 0 18 0 0 0 7 0 0 0 0 0 0 0 0 0 0 0 0 0 0 9 33 11 15 33 35 27 2 16 35 23 0 0 9 19 15 3 18 1 16 1 0 0 0 0 0 0 1 0 0 0 0 0 1 0 0 0 0 0 11 0 0 5 0 0 0 0 0 0 0 0 0 0 0 0 7 0 0 0 3 0 0 0 0 0 0 0 0 0 0 0 0 0 0 0 3 0 0 0 22 1 16 0 2 21 2 2 24 0 60 44 1 12 19 25 15 72 4 0 0 0 0 0 0 0 0 17 0 0 0 0 0 0 0 2 0 0 0 17 19 0 0 0 0 0 0 0 0 0 0 0 0 0 0 29 0 0 0 0 0 0 0 0 0 0 0 0 0 0 0 0 0 0 0 17 5 0 77 0 0 3 14 0 0 0 0 0 0 0 0 0 0 0 0 0 0 0 0 0 0 0 51 0 0 0 0 14 0 0 0 
 5 67 3 76 78 4 3 6 3 76 75 3 3 3 3 300 78 20 3 5 211 292 212 303 318 47 161 295 113 240 56 47 324 273 379 199 187 94 0 189 0 3 2 0 0 3 0 0 0 3 0 2 1 2 0 2 0 0 201 0 0 0 0 0 3 0 0 3 0 0 0 0 2 0 0 0 2 0 0 0 0 0 0 0 10 27 0 0 12 0 0 11 0 0 12 0 5 7 0 0 31 25 10 2 12 28 33 12 30 24 14 11 0 9 39 1 34 34 18 1 16 0 0 0 0 0 0 0 0 0 0 0 0 0 0 0 0 0 0 0 0 0 0 0 0 0 0 9 0 0 0 0 0 0 0 2 0 0 0 0 0 0 0 2 20 1 0 0 0 15 10 0 0 0 0 4 0 12 0 0 12 49 10 12 12 0 11 23 23 71 14 0 18 0 1 9 18 3 0 26 0 0 0 0 0 0 0 0 0 0 0 0 0 0 0 0 0 0 0 0 0 0 0 0 0 0 2 1 0 0 0 0 0 0 0 0 0 0 0 0 0 0 0 0 0 0 0 0 0 0 0 0 0 0 5 1 1 76 0 2 10 0 0 0 0 0 18 0 0 0 0 0 0 0 0 14 0 0 0 0 0 21 0 0 0 0 0 0 0 0 
 0 0 73 78 73 111 0 0 75 0 2 0 0 0 0 78 83 146 0 4 69 32 102 266 67 28 144 203 54 108 127 41 127 152 294 82 33 125 189 0 0 3 2 0 202 3 0 0 0 3 32 2 0 4 0 0 0 0 0 0 0 0 0 39 44 0 0 3 0 3 0 0 2 0 0 0 2 0 0 0 0 0 0 22 7 0 0 0 1 11 13 18 0 0 0 0 20 14 0 0 0 9 0 0 17 0 31 0 0 0 0 14 26 0 0 0 11 23 11 34 0 0 0 0 0 0 0 0 0 0 0 0 0 0 0 0 0 11 0 0 0 0 0 0 0 0 0 0 0 0 0 0 0 0 0 0 0 0 0 0 8 0 0 24 8 31 0 0 10 20 4 14 0 0 7 11 1 0 0 0 21 0 9 0 23 0 31 0 0 11 0 0 12 9 35 0 8 0 7 15 0 0 0 0 0 0 0 0 0 0 0 0 0 0 0 0 0 0 0 0 0 0 0 0 0 14 0 0 0 0 0 0 0 0 0 0 0 0 0 0 0 25 0 0 0 0 73 0 0 0 0 0 0 0 11 0 2 0 0 0 18 3 0 0 0 0 0 0 0 0 0 0 0 0 0 0 0 2 0 0 0 0 0 0 0 0 0 0 0 0 
 0 0 0 0 6 3 0 8 1 8 5 6 0 0 0 0 0 0 5 0 5 0 1 24 1 0 5 0 3 0 30 62 0 0 8 0 0 0 0 0 0 95 163 46 161 45 296 192 56 112 38 49 45 220 186 35 37 105 130 174 0 1 2 13 1 2 0 3 0 2 3 2 2 3 6 0 2 2 0 0 0 0 0 0 4 0 0 0 0 0 0 0 0 0 0 9 0 6 0 0 0 6 1 0 0 11 6 0 3 16 7 10 3 2 0 0 10 0 0 14 10 47 0 23 0 0 0 0 0 10 7 7 13 17 9 54 16 9 10 1 0 0 0 0 0 0 0 0 0 0 0 0 0 0 10 0 0 0 1 7 4 0 0 0 0 0 14 0 0 0 0 0 22 0 2 0 0 0 0 0 20 0 3 14 0 0 0 0 0 0 10 0 0 8 8 0 0 0 0 6 8 38 0 21 14 0 20 3 0 20 43 1 8 15 30 18 2 26 0 0 3 0 0 0 0 0 0 0 0 0 0 0 10 0 0 0 0 0 13 13 0 0 0 0 0 0 0 0 0 0 0 6 0 2 0 0 1 0 64 0 0 0 76 0 9 0 0 0 0 0 10 0 0 0 0 0 0 0 0 0 0 0 0 0 0 0 0 0 0 0 
 0 0 0 0 0 2 0 0 0 0 0 0 0 0 0 0 0 0 0 0 3 3 3 3 65 66 2 3 3 3 3 3 53 3 5 3 5 3 3 3 95 0 305 279 164 59 214 205 118 37 34 30 104 49 52 91 258 41 74 139 0 0 2 0 0 0 0 0 6 0 4 4 2 2 4 0 5 11 0 45 0 0 0 0 0 0 0 0 0 0 0 0 0 0 0 0 0 0 17 0 0 0 0 0 0 0 0 0 0 0 0 0 0 0 0 0 0 0 0 0 0 1 34 33 47 24 21 11 11 17 17 11 15 0 17 10 0 21 9 0 28 3 19 0 0 5 14 9 0 0 1 1 0 8 0 10 0 7 9 0 0 0 0 22 0 0 0 0 0 0 0 0 0 1 0 0 0 0 0 0 0 0 0 0 14 8 0 0 0 0 0 0 0 0 0 0 0 0 0 0 0 4 11 20 20 8 20 9 31 19 1 14 34 28 18 33 16 2 0 25 0 0 0 0 0 0 0 33 6 4 0 0 20 15 0 0 0 10 0 12 0 0 11 0 0 0 0 0 0 0 0 4 0 0 0 0 0 0 0 1 0 0 2 0 68 19 0 0 0 0 3 0 0 0 0 0 0 0 0 0 0 0 0 0 41 15 0 0 0 0 
 0 0 0 0 0 0 0 0 2 0 0 0 0 0 0 0 0 0 2 4 2 2 2 2 2 53 2 2 3 2 4 2 2 4 4 2 2 2 2 2 163 305 0 354 125 423 217 160 149 142 56 122 97 134 215 158 78 170 137 328 0 0 0 0 0 0 5 0 0 0 0 0 3 6 0 0 2 0 0 0 2 0 0 0 0 0 0 0 0 0 0 0 0 0 0 0 0 0 0 0 0 0 0 0 0 36 0 0 0 0 0 0 0 0 0 0 0 0 0 0 6 0 33 10 4 16 0 2 21 5 23 36 0 0 0 31 16 12 4 0 3 0 0 0 0 0 0 0 0 0 0 0 0 10 11 0 0 15 19 18 0 17 0 0 0 0 0 0 0 4 6 0 0 0 2 0 0 0 0 0 0 0 0 0 0 0 0 0 0 0 0 0 0 0 0 0 0 0 0 0 6 37 1 21 36 0 0 10 1 6 15 3 0 0 10 3 1 15 0 0 1 0 2 0 0 0 7 4 0 0 0 0 0 29 0 13 0 0 5 2 0 0 0 0 7 0 0 0 0 0 0 20 0 2 0 0 0 0 0 19 0 0 68 1 67 2 0 0 0 0 9 0 0 0 0 0 0 0 0 0 0 0 4 0 1 0 0 0 1 0 
 0 0 0 0 0 0 0 0 0 0 0 0 0 0 0 3 2 0 0 0 0 0 0 0 1 61 0 0 0 0 0 64 0 3 0 0 0 0 0 0 46 279 354 0 92 293 232 142 298 195 124 125 273 93 64 125 514 539 129 205 51 0 1 0 0 2 35 0 6 0 0 2 0 53 0 207 4 2 0 53 0 0 0 0 0 0 0 0 0 0 0 0 0 0 0 0 0 0 0 0 0 0 0 0 0 0 0 0 0 0 0 0 0 0 0 0 0 0 0 0 0 10 31 12 42 26 15 0 0 18 19 10 0 0 8 12 1 45 0 0 1 0 0 0 0 0 26 3 0 0 0 0 4 0 8 0 0 0 0 1 0 0 0 0 0 0 15 0 0 0 0 0 0 0 0 0 0 0 0 0 0 0 0 0 2 6 0 0 0 0 0 0 0 0 0 0 0 0 0 0 0 24 22 13 7 8 1 27 5 15 9 22 23 19 1 12 0 10 0 48 0 4 5 0 0 0 2 0 0 0 0 0 22 15 0 1 0 0 0 24 0 0 0 0 0 0 0 0 0 0 0 10 0 0 0 0 0 0 0 12 0 0 2 2 67 22 1 1 0 0 0 0 0 0 0 0 0 0 0 0 0 0 0 0 37 12 0 1 2 0 
 2 0 1 1 0 1 0 1 1 1 2 0 0 64 2 0 1 1 1 1 0 0 0 0 0 0 0 0 0 0 2 0 0 0 0 207 0 0 0 202 161 164 125 92 0 234 63 91 120 233 367 95 79 76 210 79 119 332 59 186 0 45 0 9 14 6 0 0 54 0 0 2 0 9 50 0 2 0 1 85 0 0 0 0 0 0 0 0 0 0 0 0 0 0 0 0 0 0 0 0 0 0 0 0 0 0 0 0 0 0 0 0 0 0 0 0 0 0 0 0 0 13 0 0 9 32 0 0 0 0 0 17 0 0 4 0 17 0 0 0 28 0 0 0 0 0 16 12 0 0 0 0 17 0 0 0 6 0 0 0 0 0 0 0 0 0 0 0 0 0 0 0 1 6 0 0 0 0 0 0 0 0 0 0 0 0 0 0 0 0 0 0 0 0 0 0 0 0 0 0 0 0 0 55 6 34 0 0 11 7 21 20 0 0 0 0 17 45 0 0 28 0 11 0 26 4 0 0 0 0 7 0 12 0 0 0 0 0 8 11 0 0 0 0 0 0 0 0 0 0 0 8 0 0 0 0 0 0 0 12 0 0 11 1 1 18 0 69 2 0 0 0 0 0 0 6 0 0 0 0 0 0 0 0 0 0 0 0 2 0 
 3 3 3 3 3 3 3 3 3 3 3 3 3 3 3 6 3 3 3 6 3 4 3 3 3 36 3 3 0 3 5 3 3 3 5 3 5 3 3 3 45 59 423 293 234 0 39 124 127 58 76 117 52 45 70 83 176 120 37 63 95 0 13 11 5 21 0 0 2 0 0 78 2 10 0 0 1 0 51 58 0 0 0 0 1 0 0 0 0 0 0 0 0 0 0 0 0 0 0 0 0 0 0 0 0 0 0 0 0 0 0 0 0 0 0 0 0 0 0 0 0 0 0 25 3 0 0 9 0 0 0 3 0 0 12 0 0 0 0 0 21 0 2 2 0 0 10 10 3 44 0 0 46 9 8 0 0 14 21 7 0 0 0 18 0 0 0 0 0 0 0 0 0 9 0 0 0 0 0 0 0 0 0 0 0 0 0 0 0 0 0 0 0 0 0 0 0 0 0 0 0 0 9 15 0 18 0 0 0 27 0 0 0 0 0 0 27 0 0 0 0 0 49 27 8 6 13 3 19 16 24 0 8 19 20 11 0 0 15 3 1 0 0 0 0 1 0 0 0 0 0 14 0 0 0 0 0 0 0 0 0 0 5 74 0 11 0 0 1 0 0 0 0 0 0 13 0 0 0 0 0 0 0 0 0 0 0 0 1 0 
 0 0 0 0 0 0 0 0 0 0 0 0 0 0 0 0 0 0 0 0 0 0 0 0 0 63 0 0 0 0 0 0 0 0 0 0 0 0 0 0 296 214 217 232 63 39 0 111 56 107 32 33 138 277 113 96 66 311 419 247 0 0 0 0 0 0 31 0 52 0 0 0 0 0 0 0 0 0 0 0 0 0 0 0 0 0 0 0 0 0 0 0 0 0 0 0 0 0 0 0 0 0 0 0 0 7 0 0 0 0 0 0 0 0 0 0 0 0 0 0 0 13 50 14 30 13 10 11 9 41 8 12 28 0 29 13 4 6 2 11 2 0 0 0 0 0 10 0 0 0 0 0 0 0 0 0 0 0 8 1 0 0 0 0 0 0 2 0 0 2 7 0 0 0 4 0 0 0 0 0 0 0 0 0 0 0 0 0 0 0 0 0 0 0 0 0 0 0 0 0 0 13 25 21 26 0 0 17 43 0 24 11 13 17 14 34 30 1 0 22 0 0 0 0 0 0 0 0 0 0 0 0 0 0 0 0 0 0 0 26 0 0 0 0 0 0 0 0 0 0 0 11 0 0 0 0 0 0 0 0 0 0 0 0 35 5 2 72 0 0 0 30 0 0 0 0 0 0 0 0 0 0 9 0 3 0 0 0 2 0 
 1 3 2 2 3 2 3 2 5 2 1 3 3 2 1 3 2 2 2 7 0 0 0 0 0 0 0 6 0 1 3 0 0 1 0 0 0 0 0 0 192 205 160 142 91 124 111 0 182 197 111 39 271 317 156 167 379 95 140 190 1 5 0 0 0 0 0 2 8 0 0 0 1 0 0 3 2 0 0 53 0 0 0 0 0 0 0 0 0 0 0 0 0 0 0 0 0 0 0 0 0 0 0 0 0 0 0 0 0 0 0 0 7 0 0 0 0 0 0 0 0 31 1 0 16 37 13 11 2 10 8 23 0 0 14 12 33 1 0 0 14 0 0 0 0 0 31 10 0 0 0 0 23 0 0 0 0 0 0 0 0 0 0 0 0 0 0 0 0 0 0 0 0 4 0 0 0 0 0 0 0 0 0 0 0 0 0 0 0 0 0 0 0 0 0 0 0 0 0 0 0 15 25 30 55 21 0 29 12 29 29 20 10 3 0 1 16 34 0 10 0 0 1 0 0 0 0 0 0 0 0 0 20 0 0 0 0 0 6 25 0 0 0 0 0 0 0 0 0 27 0 9 0 0 0 0 0 0 0 0 0 0 1 1 3 21 2 65 1 0 18 0 0 0 0 0 0 0 0 0 0 0 0 0 21 0 0 10 0 0 
 63 0 0 0 0 0 0 0 2 0 0 0 0 0 0 3 0 0 0 3 0 0 0 2 1 0 0 5 0 0 1 0 0 0 0 0 2 0 0 0 56 118 149 298 120 127 56 182 0 349 165 544 79 55 574 48 96 601 83 127 51 8 0 0 0 38 0 0 0 0 0 36 52 0 0 0 0 0 0 57 0 0 0 0 0 0 0 0 0 0 0 0 0 0 0 0 0 0 0 0 0 0 0 0 0 0 0 0 0 0 0 0 0 0 0 0 0 0 0 0 0 7 0 9 9 30 0 21 1 0 0 19 0 0 5 0 12 1 0 0 11 0 1 10 0 0 23 15 13 11 0 0 24 0 0 0 2 0 10 0 0 0 0 0 0 0 0 0 0 0 0 0 0 4 0 0 0 0 0 0 10 0 0 0 0 0 0 0 0 0 0 0 0 0 0 0 0 11 0 0 0 0 0 26 11 48 0 0 28 7 20 17 0 0 0 0 23 25 0 0 12 0 0 0 0 0 35 0 0 0 0 0 10 9 21 0 0 0 7 36 0 0 0 0 0 0 0 0 0 0 0 10 0 1 0 0 0 0 0 2 0 0 1 1 2 14 1 85 0 0 0 0 0 0 0 0 0 0 0 0 0 0 0 0 0 15 0 0 0 0 
 0 0 0 0 0 0 0 0 0 0 0 0 0 0 0 3 3 0 4 0 3 3 6 3 18 7 2 8 5 3 3 6 3 6 7 3 3 3 3 3 112 37 142 195 233 58 107 197 349 0 311 211 183 347 192 78 527 47 90 90 0 9 0 2 5 2 0 0 0 1 3 4 19 51 0 0 0 2 0 50 0 0 0 0 0 0 0 0 0 0 0 0 0 0 0 0 0 0 0 0 0 0 0 0 0 0 0 0 0 0 0 0 0 0 0 0 0 0 0 0 6 10 0 31 25 29 5 0 4 0 5 4 1 0 5 13 1 59 0 0 15 0 0 0 0 0 20 12 0 0 0 0 10 0 12 0 0 0 0 8 0 0 0 0 0 0 0 0 0 0 0 0 0 0 0 0 0 0 0 0 0 0 0 0 0 5 0 0 0 0 0 0 0 0 0 0 0 0 0 0 0 0 0 27 10 42 0 19 35 35 26 3 11 1 15 0 18 21 0 11 0 28 0 12 16 0 4 0 0 0 0 0 34 35 0 0 0 0 17 55 0 0 0 0 0 0 0 0 0 0 0 1 0 1 0 0 0 0 0 0 0 0 2 0 0 23 2 15 0 0 0 0 0 0 0 0 0 0 0 0 0 0 0 0 12 0 0 0 0 0 
 0 0 0 0 0 0 0 0 4 0 0 0 0 0 0 0 0 0 0 0 0 0 0 0 0 23 0 6 0 0 1 0 0 0 0 0 0 0 0 32 38 34 56 124 367 76 32 111 165 311 0 178 29 47 151 77 81 124 25 262 74 3 0 0 0 0 0 0 1 0 0 31 76 87 51 0 2 0 29 2 0 0 0 0 0 0 0 0 0 0 0 0 0 0 0 0 0 0 0 0 0 0 0 0 0 0 0 0 0 0 0 0 0 0 0 0 0 0 0 0 6 18 0 9 9 25 8 1 19 0 15 17 0 0 0 37 7 9 0 0 0 0 6 0 0 0 32 0 0 12 0 0 11 0 0 0 1 0 10 0 0 0 0 0 0 0 0 0 0 0 0 0 0 0 0 0 0 0 0 0 0 0 0 0 0 11 0 0 0 0 0 0 0 0 0 0 0 0 0 0 0 0 1 7 10 29 0 9 17 0 19 9 8 0 0 1 3 21 0 8 3 10 0 11 0 0 17 16 0 0 0 0 0 21 0 1 0 0 29 8 0 0 0 0 0 0 0 0 0 0 0 2 0 2 0 0 0 0 0 0 0 1 1 0 4 2 6 2 2 0 0 0 0 0 0 0 0 0 0 0 0 3 0 0 8 0 0 0 2 0 
 0 2 2 2 2 0 1 2 0 2 2 2 2 0 1 2 2 0 2 1 1 1 2 1 1 1 2 3 2 3 4 1 1 1 4 1 5 3 2 2 49 30 122 125 95 117 33 39 544 211 178 0 22 34 42 100 573 74 40 50 0 2 0 0 0 0 0 51 0 0 0 21 54 25 75 0 4 0 0 0 0 0 0 0 0 0 16 0 0 0 0 0 0 0 0 0 0 0 0 0 0 0 0 0 9 0 0 0 0 0 0 0 0 0 0 0 0 0 0 0 0 0 0 15 8 43 0 0 13 0 0 8 0 0 0 0 13 0 0 0 10 0 0 0 0 1 14 0 15 0 0 0 0 0 9 0 0 1 1 6 0 0 1 0 0 0 0 0 0 0 0 0 0 0 0 0 0 0 0 0 0 0 0 0 0 11 0 0 0 0 0 0 0 0 0 0 0 0 0 0 0 0 0 0 0 36 0 0 0 27 14 10 0 0 0 0 4 12 0 0 0 6 6 0 0 0 18 0 0 0 0 0 20 13 16 16 0 0 16 19 0 0 0 0 0 0 0 0 0 2 0 16 0 0 0 0 0 0 1 11 0 0 10 0 1 0 0 0 1 0 0 0 0 0 0 0 0 8 0 0 0 0 0 0 0 0 0 0 1 0 
 0 0 0 0 0 0 0 0 0 0 0 0 0 0 0 3 0 0 0 0 0 0 2 0 0 2 0 0 0 0 0 2 0 0 1 1 1 0 1 0 45 104 97 273 79 52 138 271 79 183 29 22 0 91 185 202 61 384 450 401 0 0 0 0 0 0 0 0 4 0 0 0 0 0 0 0 0 0 0 0 0 0 0 0 0 0 0 0 0 0 0 0 0 0 0 0 0 0 0 0 0 0 0 0 0 51 0 0 0 0 0 0 0 0 0 0 0 0 0 0 6 16 17 2 28 0 10 1 9 32 25 1 0 0 2 19 41 11 4 0 0 0 0 0 0 0 3 0 0 0 0 0 0 0 0 0 0 0 19 0 0 19 0 0 0 0 0 0 0 4 6 0 0 0 2 13 0 0 0 0 0 0 0 0 0 0 0 0 0 0 0 0 0 0 0 0 0 0 0 0 7 9 52 20 64 0 0 22 19 4 0 14 13 24 0 10 12 1 0 13 0 0 0 0 0 0 0 0 0 0 0 0 0 0 0 0 0 0 0 20 0 0 0 0 0 0 0 0 0 19 0 6 0 2 0 0 0 0 0 21 0 0 0 1 1 4 1 64 0 0 11 0 0 0 0 0 0 0 0 0 0 0 0 0 16 0 0 18 0 0 
 1 3 2 10 3 4 80 2 2 2 1 3 3 2 1 3 8 2 2 2 2 2 2 66 2 3 2 4 67 64 71 64 2 2 2 2 2 3 2 4 220 49 134 93 76 45 277 317 55 347 47 34 91 0 90 55 269 35 339 183 6 0 0 0 0 0 0 48 0 0 0 0 0 0 0 0 0 0 0 0 0 0 0 3 0 0 0 35 0 11 0 0 0 0 9 0 7 0 0 0 0 0 1 3 0 36 0 3 0 3 5 29 0 0 0 0 27 0 0 0 30 1 0 10 0 0 15 22 0 17 13 0 2 31 1 10 9 0 25 15 0 6 0 0 0 10 0 0 22 0 0 0 0 0 12 0 0 0 0 10 12 0 0 0 0 5 4 5 9 0 5 0 0 17 17 0 0 0 0 0 0 0 0 9 0 26 0 1 0 0 6 1 0 0 0 0 23 1 10 0 1 0 0 0 0 0 28 12 0 7 6 0 3 3 27 18 1 4 8 0 0 0 0 0 0 0 0 0 0 0 0 0 11 0 0 0 0 0 10 10 0 3 0 0 0 0 6 0 0 0 0 12 0 2 0 0 0 62 27 2 0 0 0 0 3 2 1 0 1 0 0 0 0 0 0 0 0 0 0 0 0 18 0 0 0 0 0 0 0 0 
 4 0 0 0 0 0 0 0 0 0 0 0 4 1 0 1 11 0 0 4 0 0 0 0 0 0 0 0 2 63 2 3 0 0 5 0 0 0 0 0 186 52 215 64 210 70 113 156 574 192 151 42 185 90 0 184 116 367 98 372 0 10 0 0 0 0 0 0 0 0 0 0 5 0 0 2 0 25 0 0 2 0 0 0 0 0 0 0 0 0 0 0 2 0 0 0 0 0 4 0 0 0 0 0 0 3 0 0 0 0 0 0 0 0 0 0 0 0 0 0 8 18 15 0 0 25 8 6 3 23 0 22 13 0 8 0 31 0 9 8 0 0 0 0 0 0 10 0 0 0 11 0 0 0 0 0 6 0 20 0 0 1 1 0 0 0 2 0 0 7 8 0 0 0 7 4 0 0 2 0 0 0 0 0 0 14 0 0 0 0 0 0 0 0 0 0 0 0 0 0 9 8 9 29 33 11 0 22 46 0 15 7 54 26 0 0 6 22 0 10 11 0 0 0 0 0 0 0 0 0 0 0 0 0 0 0 0 0 7 0 0 0 0 0 0 0 0 0 0 0 0 7 0 2 0 0 0 0 0 1 0 0 41 1 3 0 0 87 2 0 0 0 0 0 0 0 0 0 0 0 0 0 0 0 12 0 0 8 0 0 
 0 0 0 0 63 0 0 0 0 0 0 0 0 63 0 0 2 0 0 2 0 1 4 4 0 0 0 3 13 2 0 0 1 3 1 4 3 4 2 0 35 91 158 125 79 83 96 167 48 78 77 100 202 55 184 0 72 96 34 72 0 0 0 0 0 0 0 0 0 1 0 0 3 6 0 5 2 0 0 0 0 0 0 0 0 1 0 0 0 0 0 0 0 0 0 0 0 0 0 0 1 0 0 3 1 8 0 4 0 4 3 0 0 0 0 0 0 3 0 0 7 17 6 0 0 0 12 7 14 30 8 0 10 0 15 20 21 14 8 9 5 0 0 0 0 24 4 0 0 0 0 0 0 10 18 0 0 16 59 14 0 1 0 0 0 0 0 0 0 3 5 0 0 0 3 0 0 0 0 0 0 5 0 4 0 14 5 3 1 4 3 0 0 0 0 0 0 0 0 0 7 36 23 7 20 0 0 32 15 20 0 19 3 32 0 12 0 0 4 21 0 0 2 0 0 0 7 0 0 0 0 0 0 22 0 13 0 0 0 25 0 0 0 0 0 0 0 0 0 0 0 4 0 19 0 0 0 0 0 1 0 0 0 0 0 0 0 0 1 0 10 0 0 0 0 0 0 0 0 0 0 3 0 0 12 12 0 21 2 0 
 0 0 0 0 0 0 0 0 0 0 0 0 0 0 0 3 3 0 0 0 0 0 0 0 64 2 1 0 4 0 0 0 0 0 4 0 2 0 0 0 37 258 78 514 119 176 66 379 96 527 81 573 61 269 116 72 0 370 60 45 61 0 0 0 3 0 0 2 4 0 0 64 0 2 0 0 0 0 0 17 0 0 0 0 0 0 14 0 0 0 0 10 0 0 0 0 0 0 0 0 0 0 0 0 0 0 0 0 0 0 0 0 0 0 0 0 0 0 0 0 0 4 14 1 3 6 20 58 0 25 47 4 0 0 0 39 5 14 0 0 10 0 2 0 17 0 42 9 8 21 0 0 16 0 0 0 0 0 11 0 0 0 0 0 0 0 0 0 0 0 0 0 0 1 0 0 0 0 0 24 0 0 0 0 18 7 0 0 0 0 0 0 0 0 0 0 0 0 0 0 0 26 56 31 23 15 19 30 0 33 0 11 25 0 21 15 21 17 0 0 0 0 0 0 0 0 17 0 0 4 0 0 6 10 8 0 0 0 19 10 0 0 13 0 0 0 0 0 0 0 0 0 0 1 0 0 0 0 0 0 0 0 0 0 0 5 1 0 0 0 10 0 0 0 0 0 0 0 0 0 0 0 3 0 2 17 0 0 0 0 
 3 1 2 2 1 2 63 2 2 2 3 1 1 2 8 1 6 2 2 6 0 0 0 0 53 0 0 0 0 0 1 0 0 0 0 0 0 0 0 0 105 41 170 539 332 120 311 95 601 47 124 74 384 35 367 96 370 0 259 43 32 5 0 0 0 0 0 0 0 0 0 33 51 62 1 0 0 0 52 0 0 0 0 0 0 3 0 0 0 0 0 0 0 0 0 0 0 0 0 0 0 0 0 0 0 0 0 0 0 0 0 0 0 0 0 0 0 0 0 0 6 12 0 19 15 0 2 7 8 0 7 2 1 0 10 0 4 0 6 0 0 0 16 0 8 0 14 0 7 13 0 0 17 0 0 0 4 0 15 0 0 3 0 0 9 0 0 0 0 0 0 0 0 0 0 0 0 0 0 0 0 0 0 0 0 0 0 0 0 0 0 0 0 0 0 0 0 0 0 0 6 0 7 26 12 3 0 0 12 0 1 6 0 0 0 4 13 9 0 0 38 0 0 0 0 0 7 0 0 0 0 0 0 0 11 0 0 0 1 13 0 0 0 0 0 0 0 0 0 0 0 2 0 0 0 0 0 0 0 12 0 0 1 62 1 0 2 5 4 0 0 0 0 0 0 0 0 0 0 0 0 0 0 0 1 4 0 0 1 0 
 0 0 0 0 0 0 0 0 3 0 0 0 0 0 0 0 0 0 0 0 4 0 0 65 133 4 0 0 61 1 0 23 0 0 0 0 62 26 201 0 130 74 137 129 59 37 419 140 83 90 25 40 450 339 98 34 60 259 0 196 0 0 0 0 3 0 0 2 1 0 0 0 0 0 0 0 2 0 0 0 0 0 0 0 0 0 0 0 0 0 0 0 0 0 0 0 0 0 0 0 0 19 6 0 1 22 0 0 0 14 0 0 0 0 18 14 0 0 0 0 13 0 23 8 11 14 8 9 1 73 0 10 41 14 43 1 0 36 8 14 0 0 11 0 0 0 0 0 0 0 0 0 0 0 0 4 0 0 10 2 0 9 0 0 0 0 0 0 0 6 7 0 0 0 9 0 0 0 0 0 0 0 0 0 16 14 0 0 1 0 19 3 0 8 0 0 25 3 0 0 12 2 0 8 27 12 39 15 31 21 4 13 4 31 21 0 0 0 1 18 0 0 0 6 0 0 0 0 0 9 14 0 0 0 0 0 0 0 0 0 0 0 12 0 0 0 0 0 0 0 0 13 0 0 0 0 0 0 0 0 0 14 0 0 79 2 0 0 1 0 0 0 0 31 0 0 0 0 0 0 0 0 0 0 23 9 0 0 2 0 
 0 0 0 0 0 0 0 0 0 0 61 0 0 0 0 0 0 0 0 0 0 0 0 0 0 0 0 0 0 0 0 0 0 0 0 0 0 0 0 0 174 139 328 205 186 63 247 190 127 90 262 50 401 183 372 72 45 43 196 0 0 9 0 0 0 0 0 0 0 0 0 0 0 0 0 0 0 0 0 0 0 0 6 0 0 0 0 0 0 0 0 0 0 0 0 0 0 0 0 0 0 0 0 0 0 0 0 0 0 0 0 0 0 0 0 9 0 0 0 0 0 25 15 20 25 13 1 0 0 84 26 11 17 0 1 37 10 15 0 10 0 0 0 0 0 0 6 0 0 0 0 0 0 0 0 0 0 0 0 0 0 0 0 0 0 0 5 0 0 1 3 0 0 0 4 0 0 0 0 0 1 0 0 0 0 0 0 0 0 7 0 0 5 0 0 0 0 0 0 0 0 32 21 29 43 1 0 36 40 20 24 10 1 10 12 15 8 2 0 0 0 0 0 0 0 0 0 0 0 0 0 0 0 0 0 0 0 0 0 65 0 0 0 0 0 0 0 0 0 0 0 11 0 0 0 0 0 0 1 0 0 0 1 0 39 0 0 7 0 8 19 0 0 0 0 0 0 0 0 0 0 0 0 0 6 0 0 0 0 0 
 0 0 0 0 0 0 0 0 0 0 0 0 0 0 0 0 0 0 0 0 0 0 0 0 0 1 0 0 1 0 3 0 0 0 1 1 0 4 0 0 0 0 0 51 0 95 0 1 51 0 74 0 0 6 0 0 61 32 0 0 0 130 62 260 30 274 79 143 43 53 50 288 372 164 285 48 15 59 230 147 0 0 0 0 0 0 0 0 0 0 0 0 0 0 0 0 0 0 0 0 0 0 0 0 1 6 0 0 0 9 8 2 0 0 0 0 2 0 0 0 2 0 0 0 1 0 0 0 0 0 0 0 0 0 0 0 0 7 3 9 0 0 18 9 0 0 28 1 26 40 8 0 36 0 0 7 8 0 28 0 0 0 0 0 0 0 0 0 0 0 0 0 0 0 0 0 3 0 0 0 0 0 0 0 0 1 0 0 0 0 12 0 0 0 0 11 14 0 0 0 0 0 0 1 0 1 0 0 0 0 0 0 0 9 0 0 0 0 0 0 9 0 15 21 0 1 10 9 1 4 7 0 5 14 30 18 0 0 25 0 1 0 0 0 0 0 0 0 0 0 0 0 0 0 0 0 0 5 0 0 0 0 0 0 0 0 0 0 0 0 1 2 0 2 1 2 0 0 0 0 0 0 0 0 0 0 8 0 0 0 
