 0 168 70 42 210 44 232 144 33 427 169 118 687 217 341 40 214 216 562 406 0 37 0 1 0 1 1 0 0 0 0 0 3 0 0 0 0 0 0 0 0 0 0 2 0 1 0 0 0 0 0 2 0 2 0 0 0 3 3 0 0 0 1 0 0 3 0 42 2 2 0 2 7 3 0 0 0 2 0 0 35 39 44 16 16 41 14 43 2 20 24 9 50 9 48 14 18 17 28 18 0 0 0 0 0 0 2 0 0 0 0 0 0 0 0 0 0 0 3 0 0 0 0 0 0 0 0 0 17 0 0 0 0 0 0 0 0 0 0 0 0 0 0 0 0 0 0 0 0 0 0 0 0 2 0 0 0 0 0 0 12 3 16 28 0 9 10 0 0 0 14 32 15 9 0 0 21 16 1 18 1 0 0 0 0 1 0 0 0 0 0 0 0 0 1 0 1 0 10 0 0 0 0 0 0 0 0 0 0 2 0 0 0 0 0 0 0 0 0 0 0 0 0 0 0 0 0 0 0 0 0 0 0 0 0 0 0 3 0 0 0 15 0 0 0 2 92 2 4 2 0 9 0 0 0 0 0 0 0 0 0 0 0 0 0 0 0 0 0 0 0 0 0 0 0 0 32 1 0 0 0 0 0 0 0 0 0 0 0 0 
 168 0 401 197 253 137 62 285 162 401 234 225 221 67 225 237 454 50 135 231 2 1 3 5 0 2 0 2 0 4 0 0 4 56 0 0 3 4 31 0 0 0 2 3 0 57 2 0 0 4 2 4 1 2 0 3 0 73 0 0 2 0 0 0 0 0 0 0 0 2 2 0 2 0 0 0 0 0 0 0 0 2 29 31 22 12 0 53 8 12 11 39 13 0 0 4 22 13 7 14 0 0 0 0 0 0 7 0 0 0 0 0 1 52 1 0 0 0 0 52 0 0 0 0 0 0 16 0 0 0 0 0 0 0 0 0 0 0 0 0 0 0 0 0 5 0 0 0 0 0 0 0 0 0 0 0 0 0 0 0 6 28 16 3 18 27 9 0 0 13 0 4 6 14 28 0 1 29 0 15 0 0 0 0 0 0 0 0 0 0 0 0 0 0 0 0 0 0 0 2 0 0 0 0 0 0 0 0 0 0 1 0 0 0 0 0 0 0 0 0 1 0 0 0 0 0 0 0 0 0 0 0 0 0 0 0 0 0 0 11 0 16 0 0 0 0 100 2 97 4 0 2 0 0 0 0 0 0 0 2 0 0 0 0 0 1 0 0 0 2 0 0 0 0 0 19 0 16 0 0 0 0 0 0 0 0 0 0 0 0 
 70 401 0 254 312 229 64 392 164 193 81 246 80 85 224 88 362 41 46 43 0 2 3 5 2 2 3 0 0 0 12 0 8 0 0 0 0 0 80 0 3 3 2 2 0 3 0 3 0 1 0 2 0 2 8 0 0 10 5 5 2 2 3 0 2 6 0 0 2 2 3 2 3 0 0 0 0 7 0 0 2 10 14 27 4 27 0 18 0 19 20 29 1 1 0 46 29 9 0 0 0 0 0 0 0 0 35 0 1 0 0 0 24 14 0 0 0 0 0 31 0 0 0 0 0 0 0 0 0 0 0 0 0 17 0 0 0 1 0 0 0 0 0 0 1 0 0 0 0 0 0 0 0 0 0 0 0 0 0 0 0 11 1 1 16 4 0 1 12 2 0 3 0 1 28 10 5 31 0 9 0 0 0 0 0 0 0 0 0 0 0 0 21 0 19 0 0 3 1 1 0 0 0 0 0 0 0 0 25 0 0 0 0 0 2 0 0 0 0 19 1 0 0 0 0 0 0 0 0 0 0 0 0 0 0 0 0 0 0 10 0 1 0 0 2 0 94 2 2 92 1 0 0 0 0 0 0 0 0 0 0 0 0 0 0 0 0 0 0 1 0 0 0 0 0 14 0 29 0 0 0 0 0 0 0 0 0 0 0 0 
 42 197 254 0 183 80 87 209 253 101 53 318 70 87 160 52 311 221 74 267 3 5 6 3 0 13 30 2 2 0 0 5 214 2 2 2 5 3 148 0 2 6 12 2 7 1 2 6 0 2 2 2 0 2 8 0 0 6 3 9 4 5 1 3 4 6 0 0 2 2 6 3 6 0 0 0 0 6 0 2 5 20 14 47 30 14 0 23 0 14 20 75 0 0 9 35 31 39 0 0 1 18 0 0 11 0 12 0 0 0 0 0 46 18 23 0 0 0 25 28 0 0 0 0 0 2 0 0 0 0 0 0 0 0 0 0 0 0 0 0 0 0 0 0 0 0 0 0 0 0 0 0 0 0 0 0 0 0 0 0 2 7 0 11 49 26 0 0 2 0 43 4 0 0 21 0 0 16 1 0 10 0 0 0 0 0 0 12 0 0 2 0 1 19 32 2 0 0 0 1 0 0 0 0 0 0 0 0 0 0 0 12 0 0 0 10 0 0 0 0 0 0 0 0 21 0 0 0 0 0 10 0 0 0 0 0 0 0 0 10 0 0 0 0 0 0 91 5 3 3 8 9 0 0 0 0 2 0 0 0 0 0 5 0 0 0 0 0 0 0 0 0 0 0 0 16 27 9 0 0 0 0 0 0 0 0 0 0 0 0 
 210 253 312 183 0 228 63 236 90 306 250 60 179 87 173 169 385 204 80 251 0 2 0 2 0 2 1 0 0 40 0 0 2 0 0 0 0 1 75 1 0 0 0 65 0 2 0 0 0 1 0 2 0 0 0 0 0 3 3 28 2 2 2 0 0 3 0 33 5 2 0 2 4 0 1 0 0 2 0 4 31 33 1 11 31 37 0 15 0 26 13 27 0 0 7 0 33 0 0 14 10 0 0 0 0 0 2 0 0 16 0 0 0 0 0 0 0 0 1 8 0 0 0 0 0 0 0 0 0 0 0 0 0 0 0 0 0 0 0 0 0 0 0 0 1 0 0 2 0 0 0 0 0 1 0 0 0 0 0 1 0 43 15 6 3 5 0 0 0 1 0 21 6 14 12 0 0 13 0 14 0 0 0 0 0 0 0 0 2 0 0 0 0 0 1 0 2 0 14 0 0 0 0 0 0 0 0 0 0 0 0 0 0 0 0 0 0 0 0 2 0 0 0 0 0 0 2 0 0 1 0 10 0 0 0 0 0 0 0 0 0 0 0 0 0 0 13 0 92 91 10 0 0 0 0 0 0 0 0 0 0 0 0 0 0 0 0 0 0 0 52 0 0 0 0 0 0 24 0 0 0 0 0 0 0 0 0 0 0 0 
 44 137 229 80 228 0 58 51 41 162 361 166 59 174 329 168 322 176 45 55 0 3 3 0 3 3 77 0 4 2 2 0 75 150 2 75 0 3 80 94 0 3 37 2 1 0 0 3 9 1 2 2 0 0 6 0 2 3 3 2 0 2 0 0 0 2 2 2 2 4 0 7 4 0 0 0 0 3 0 1 0 0 14 17 1 21 0 8 0 20 18 53 0 0 11 1 28 0 19 38 8 0 14 2 0 0 17 14 11 0 0 0 10 56 4 0 2 0 3 47 0 0 0 0 0 0 0 0 0 0 0 0 0 0 0 0 0 12 0 0 0 0 0 0 0 0 1 0 1 0 0 0 0 0 0 0 0 0 0 0 0 5 0 0 0 10 0 0 0 12 12 17 0 0 0 2 14 19 0 0 9 0 8 0 0 0 40 7 0 0 0 0 53 26 0 0 0 0 8 17 0 0 0 0 0 18 0 0 0 0 0 0 0 0 0 0 0 0 0 0 0 0 0 0 0 0 0 0 0 0 0 0 0 0 0 0 0 0 0 0 0 0 0 0 0 5 4 0 7 7 2 2 0 0 0 2 0 0 0 0 0 0 0 53 0 14 0 0 0 0 0 2 0 0 0 0 0 0 0 0 0 0 0 0 0 0 0 0 0 0 
 232 62 64 87 63 58 0 92 178 305 137 34 280 152 170 77 262 38 71 136 0 0 0 2 0 1 0 0 0 76 0 0 3 1 0 1 0 0 0 0 0 0 0 2 0 2 0 0 0 0 2 2 0 1 1 0 0 5 3 0 0 35 2 0 0 3 0 0 2 2 0 7 0 0 0 0 0 2 0 0 26 1 23 1 0 1 31 0 2 35 0 14 26 19 5 16 1 15 24 13 0 0 0 0 0 0 0 0 24 0 0 0 0 0 0 0 0 0 0 0 0 0 0 0 0 0 0 0 0 0 0 0 0 0 0 0 0 0 15 0 0 0 0 0 0 0 11 0 0 0 0 0 0 0 0 15 8 0 0 0 20 0 14 14 5 0 0 20 41 23 0 9 7 0 0 11 0 17 15 17 0 0 0 0 0 0 0 0 0 0 0 0 0 0 0 0 28 0 0 0 0 0 0 10 0 0 0 0 0 0 0 0 0 0 0 0 0 0 0 15 0 10 0 0 0 0 0 0 0 19 18 0 0 0 0 0 0 4 0 0 0 17 0 0 0 2 52 0 2 1 0 11 0 0 0 0 0 0 0 0 0 0 0 0 0 0 0 0 0 0 0 0 0 0 0 0 0 0 0 0 0 0 0 0 0 0 0 0 0 0 
 144 285 392 209 236 51 92 0 328 578 138 155 90 257 225 131 221 150 55 52 0 1 0 1 0 1 2 0 70 0 79 1 2 0 0 3 0 0 73 2 0 0 0 2 0 1 0 0 0 0 2 44 0 0 0 0 0 7 3 0 0 22 1 0 0 31 0 0 31 2 0 49 2 0 0 0 0 2 0 0 1 13 20 23 6 5 0 17 1 38 41 34 2 10 16 23 29 52 3 1 0 0 0 0 0 0 11 0 0 0 0 0 10 11 1 0 0 0 0 19 0 0 0 0 0 0 0 0 0 0 0 0 0 0 0 0 0 0 0 0 0 0 0 0 0 0 0 0 0 0 0 0 0 0 0 0 0 0 0 0 1 19 0 0 15 31 0 0 10 8 11 1 0 0 14 0 0 10 0 8 0 10 0 0 0 0 22 0 0 0 0 14 7 0 0 0 0 0 0 0 0 0 0 0 0 0 0 0 0 0 0 0 18 0 0 0 0 0 0 0 11 0 0 0 11 0 0 0 0 0 0 0 0 0 0 0 0 0 0 13 0 0 0 0 0 1 8 0 1 15 2 16 2 0 0 0 0 0 0 36 0 0 0 0 0 0 0 0 0 2 0 0 0 0 0 2 0 14 0 0 0 0 0 0 0 0 0 0 0 0 
 33 162 164 253 90 41 178 328 0 711 57 152 181 193 118 267 316 212 266 252 0 1 2 1 0 2 0 0 1 0 0 0 3 2 0 2 0 2 2 0 65 0 0 2 0 2 0 0 0 0 0 2 0 2 3 0 0 3 3 0 0 4 3 3 0 3 0 27 2 2 1 2 11 0 0 0 0 2 0 1 68 26 40 65 21 0 20 29 3 51 14 0 26 20 2 10 0 28 0 0 0 0 0 0 0 0 0 0 0 0 0 0 12 0 0 0 0 0 1 16 0 1 2 0 0 0 0 0 0 0 0 2 0 0 0 0 0 0 0 0 0 0 0 1 0 0 0 0 0 0 0 0 0 0 0 0 0 0 0 0 23 0 0 21 21 12 16 0 19 15 41 51 0 0 30 11 8 5 34 0 0 0 0 0 0 0 0 0 0 0 0 0 7 0 10 0 0 0 0 0 0 0 0 0 0 0 0 14 0 0 0 0 2 1 4 0 0 0 0 0 0 0 0 0 2 0 0 0 1 1 0 0 0 0 0 0 0 0 0 0 0 55 0 0 0 3 91 0 0 0 36 15 0 0 0 0 0 0 0 0 0 0 0 0 0 0 0 0 0 0 2 0 0 0 0 19 25 20 0 0 0 0 0 0 0 0 0 0 0 0 
 427 401 193 101 306 162 305 578 711 0 454 231 359 206 109 312 154 303 234 270 0 2 3 5 3 1 2 0 0 0 0 0 5 0 1 0 3 0 3 2 2 0 69 5 0 1 0 0 0 0 2 2 0 3 0 0 1 3 3 3 0 0 1 0 0 5 0 0 43 2 0 2 4 0 0 0 2 2 0 1 60 49 26 11 33 32 24 26 0 12 21 29 22 0 0 11 25 20 0 0 0 0 0 0 1 0 0 0 0 0 0 0 15 0 0 0 0 0 10 22 0 0 0 0 0 0 0 0 0 0 0 0 0 0 0 2 0 0 0 0 0 0 0 0 0 0 0 0 15 0 0 0 0 0 2 0 2 0 0 0 34 0 22 51 23 16 0 0 0 0 20 52 9 0 9 0 0 36 21 19 0 0 0 0 0 0 2 0 1 0 0 2 0 0 0 0 0 0 14 0 0 0 0 0 0 0 0 0 0 0 0 0 0 0 0 0 0 0 0 0 12 0 0 2 0 0 1 0 0 3 0 0 0 0 0 0 1 0 0 14 0 16 0 0 0 2 107 3 2 111 15 24 0 0 0 0 0 0 0 0 0 0 0 0 0 0 0 0 0 0 0 0 0 0 0 14 31 8 0 0 0 0 0 0 0 0 0 0 0 0 
 169 234 81 53 250 361 137 138 57 454 0 385 335 250 437 178 104 600 132 270 147 96 2 1 0 0 83 1 0 0 0 0 70 24 0 0 0 0 0 76 104 0 0 2 0 0 0 0 0 0 0 2 0 0 0 0 0 5 3 0 1 0 0 0 0 3 0 34 2 2 0 2 23 0 2 0 0 2 0 0 34 10 14 0 20 58 0 0 0 0 19 59 15 0 0 24 15 0 0 0 0 0 1 0 0 0 7 0 17 0 0 0 23 54 0 0 0 0 0 0 0 0 0 0 0 0 0 0 1 0 0 0 0 0 0 0 0 15 0 0 1 0 0 0 0 0 0 0 0 0 0 0 0 0 0 0 0 0 0 0 0 0 28 23 0 12 0 0 0 20 13 36 5 5 0 1 12 49 0 17 7 3 0 0 0 0 28 0 0 0 0 0 51 16 1 0 0 0 13 25 0 0 0 0 0 0 0 0 1 0 0 0 0 0 0 0 0 0 0 15 0 2 0 0 5 0 0 0 14 0 0 0 0 0 0 0 0 0 0 0 0 15 0 0 0 0 91 2 2 91 1 12 0 0 0 0 0 0 0 0 0 0 0 0 0 0 2 0 0 14 0 0 0 0 0 0 0 0 0 0 0 0 0 0 0 9 0 0 0 0 
 118 225 246 318 60 166 34 155 152 231 385 0 150 65 34 127 116 182 116 350 83 4 1 19 0 1 0 0 0 1 0 0 4 0 0 0 0 0 0 0 0 0 2 2 0 1 0 0 4 0 0 2 0 0 0 0 0 3 3 0 0 0 40 2 0 3 0 0 2 2 0 2 0 0 0 0 0 2 0 0 11 33 10 19 21 14 1 0 0 0 34 28 0 0 0 25 17 11 0 0 0 0 0 0 0 0 12 2 0 0 0 0 29 15 0 2 0 0 1 49 0 0 0 0 0 0 0 0 0 0 0 0 0 0 0 0 0 0 0 0 0 0 0 0 0 11 0 0 0 0 0 0 0 0 0 0 0 0 0 0 2 10 28 0 32 11 0 0 14 41 32 21 6 7 18 11 1 24 0 15 1 0 0 0 1 0 0 0 0 0 0 0 4 0 10 0 0 0 0 8 0 2 0 0 0 0 0 0 0 0 16 0 0 0 0 0 1 0 0 16 0 0 0 0 0 0 0 0 0 0 0 2 0 0 0 0 0 0 0 40 0 0 0 0 0 3 47 0 0 103 49 7 0 0 0 0 0 0 0 0 0 0 0 0 0 0 0 0 0 0 0 0 0 0 0 0 6 18 0 0 0 0 0 0 0 0 0 0 0 0 
 687 221 80 70 179 59 280 90 181 359 335 150 0 189 221 40 27 247 447 169 0 2 0 1 0 0 0 0 1 0 0 0 3 0 0 202 0 0 0 0 29 0 0 2 0 0 0 0 0 0 2 2 0 2 0 0 0 4 6 0 0 0 0 0 0 2 0 0 3 2 0 2 3 0 0 0 0 3 0 0 31 10 40 8 10 41 43 15 19 16 10 9 69 16 19 0 0 22 10 36 0 0 0 0 0 0 0 0 0 0 0 0 0 0 0 0 0 0 0 0 0 0 0 0 0 0 0 0 0 0 0 0 0 0 0 0 0 0 0 0 0 0 0 0 0 0 0 0 0 0 0 0 0 0 0 0 0 0 0 0 4 0 9 33 1 20 20 19 1 19 11 18 11 5 1 6 8 11 1 9 0 0 0 0 0 0 0 0 0 0 0 0 1 0 0 28 0 0 13 0 0 0 0 0 0 0 0 0 7 0 0 0 0 0 0 0 0 0 0 0 0 0 0 0 0 0 0 0 0 0 0 0 0 0 0 0 0 0 0 0 0 15 0 0 0 0 92 2 4 1 1 16 0 0 0 0 0 0 0 0 0 2 0 0 0 0 0 0 0 0 0 0 0 0 0 11 0 0 0 0 0 0 0 0 0 0 0 0 0 0 
 217 67 85 87 87 174 152 257 193 206 250 65 189 0 405 140 50 104 191 364 4 2 0 0 0 0 1 0 0 0 88 0 2 0 0 0 2 0 0 0 0 0 63 2 0 0 0 0 0 0 1 2 0 1 0 0 0 33 3 0 0 0 0 0 0 3 0 4 35 2 0 2 1 0 0 0 0 2 0 0 0 24 2 28 59 0 1 16 45 20 0 0 4 33 14 16 14 25 38 27 0 0 0 0 0 0 1 0 0 0 0 0 18 5 0 0 0 0 0 0 0 0 0 0 0 0 0 0 0 0 0 0 0 0 0 0 0 11 0 0 0 0 0 0 0 0 0 9 0 0 0 0 0 0 0 0 0 0 0 0 6 16 11 10 14 0 1 47 46 5 0 0 0 14 11 11 0 0 3 26 0 19 0 0 0 2 0 0 0 0 0 0 16 0 11 0 2 0 0 0 0 0 0 0 0 0 0 0 0 0 0 0 0 0 0 0 0 0 0 0 0 0 0 0 0 0 0 0 0 0 0 0 0 0 0 0 0 0 0 0 0 0 0 0 0 2 4 0 0 0 2 6 2 0 0 0 0 0 0 0 0 0 0 0 0 0 0 0 0 0 0 0 0 0 0 0 0 0 0 0 0 0 0 0 0 0 0 0 0 0 
 341 225 224 160 173 329 170 225 118 109 437 34 221 405 0 271 106 43 103 294 0 2 3 2 0 4 1 0 0 0 0 0 4 0 2 0 0 3 20 1 0 3 0 2 0 1 0 3 40 36 2 2 0 2 5 0 0 3 3 3 2 2 1 0 2 34 0 0 2 2 3 2 21 1 0 0 0 4 0 0 18 14 24 16 35 26 31 14 8 22 12 33 21 0 33 1 47 23 10 24 0 0 0 0 1 0 1 0 0 0 0 0 0 0 0 2 0 0 2 7 25 0 0 0 0 0 0 0 0 0 0 0 0 0 0 0 2 10 0 0 0 0 0 0 0 0 0 0 0 0 0 0 0 0 15 0 0 10 0 0 9 12 18 19 0 19 13 18 0 13 0 16 6 2 0 6 0 14 0 31 0 0 0 0 0 0 0 0 0 0 0 1 0 0 0 0 0 0 14 0 0 0 0 0 0 0 0 0 0 0 0 0 0 0 0 0 1 0 0 0 0 0 0 10 0 0 2 0 0 0 0 0 0 0 0 0 2 0 0 0 0 0 0 0 0 2 1 0 5 92 0 6 0 0 0 0 0 0 0 0 0 0 0 0 0 0 0 0 0 0 0 0 0 0 0 0 0 0 0 0 0 0 0 0 0 0 0 0 0 0 
 40 237 88 52 169 168 77 131 267 312 178 127 40 140 271 0 79 42 66 92 0 76 5 5 2 1 4 0 2 0 2 2 5 0 3 1 0 0 78 82 3 1 1 2 0 1 0 0 0 0 2 3 2 5 4 0 4 3 4 4 0 0 1 0 3 5 0 5 2 3 0 42 0 0 0 0 0 2 0 5 7 0 22 1 3 42 10 0 20 54 15 18 18 12 0 29 14 17 36 10 0 0 0 0 0 0 9 0 0 0 13 0 27 1 0 0 0 18 0 36 0 0 0 0 0 26 0 0 0 0 0 0 0 0 0 0 0 0 0 0 12 0 0 0 0 0 0 0 0 0 0 0 0 0 0 0 0 0 0 0 2 32 2 12 20 16 13 2 2 42 14 1 1 24 19 18 53 15 22 0 0 0 0 0 0 0 0 0 0 0 0 0 6 0 17 0 0 0 0 7 0 0 0 0 0 0 0 0 0 0 0 3 0 0 0 13 0 0 0 20 0 0 0 0 0 0 0 0 0 0 0 0 0 0 0 9 0 0 0 11 0 10 0 0 0 2 88 2 11 1 0 10 13 0 0 0 2 0 0 0 0 0 0 0 0 0 0 0 0 0 0 0 0 0 0 10 0 0 0 0 0 0 0 0 0 0 0 0 0 0 
 214 454 362 311 385 322 262 221 316 154 104 116 27 50 106 79 0 80 104 56 0 4 0 0 0 0 0 0 0 0 0 0 1 73 2 0 0 3 12 1 0 0 0 2 0 14 0 0 0 0 2 2 0 0 0 0 0 7 3 0 0 0 0 0 0 3 0 0 2 2 0 4 1 0 0 0 0 2 0 0 0 30 16 45 13 0 0 43 9 15 25 0 10 0 11 14 10 23 5 0 1 0 0 0 0 0 9 0 0 0 0 0 27 1 9 0 0 0 23 10 0 0 29 2 1 0 0 0 0 0 1 0 0 0 0 0 0 0 0 0 0 0 0 1 0 0 0 0 0 0 0 0 0 0 0 0 0 0 0 0 20 18 0 23 42 30 1 0 17 20 0 0 0 2 16 0 0 16 14 0 1 14 0 0 0 0 0 15 0 0 0 0 12 8 10 0 0 0 0 0 0 0 0 0 0 0 0 0 0 0 0 0 0 0 0 15 0 0 0 0 0 0 0 0 2 0 0 0 0 1 0 0 0 0 0 0 0 0 0 0 0 0 0 0 0 2 1 0 2 0 0 92 0 0 0 0 0 0 0 0 0 0 0 0 0 0 0 0 0 0 0 0 0 0 0 10 0 14 0 0 0 0 0 0 0 0 0 0 0 0 
 216 50 41 221 204 176 38 150 212 303 600 182 247 104 43 42 80 0 38 102 0 2 1 0 0 1 38 0 0 0 0 1 3 0 0 0 2 0 3 1 67 0 0 2 7 0 0 0 0 0 7 2 0 2 0 0 62 3 3 0 0 0 0 0 0 3 0 0 2 2 0 53 2 0 0 0 0 2 0 0 23 64 10 37 46 28 0 18 1 11 31 0 21 10 16 0 25 16 19 18 0 11 0 0 0 0 0 6 0 0 0 0 30 0 7 0 0 0 46 15 0 0 0 0 0 0 0 6 0 0 13 0 0 0 0 0 0 0 0 0 0 0 0 0 0 0 0 0 0 0 0 0 0 0 0 0 0 3 0 0 6 6 10 24 26 7 6 0 0 0 40 28 0 11 1 0 27 0 0 0 13 0 0 0 0 14 0 0 0 0 0 0 0 0 0 0 0 0 19 0 0 0 0 0 0 0 0 0 0 0 0 0 0 0 0 0 0 0 0 0 0 0 0 0 0 0 0 0 11 0 0 0 0 0 0 0 0 0 0 0 0 0 0 0 0 0 0 3 2 3 32 6 0 0 0 0 0 0 0 0 0 0 12 0 0 0 0 0 0 0 0 0 0 1 0 9 9 1 0 0 0 0 0 0 0 0 0 0 0 0 
 562 135 46 74 80 45 71 55 266 234 132 116 447 191 103 66 104 38 0 199 0 1 4 2 0 1 0 0 0 0 3 0 5 0 0 0 3 0 0 0 3 0 0 5 0 4 0 0 0 3 2 2 0 2 0 0 0 8 7 2 0 3 1 0 50 45 0 0 2 2 0 2 2 0 0 0 0 2 0 0 17 49 43 0 0 1 20 14 8 32 15 14 44 9 10 0 16 27 32 19 0 0 16 0 0 0 0 1 0 0 0 0 0 0 0 1 0 0 10 0 0 0 0 0 0 0 0 0 0 0 0 0 0 0 0 0 0 0 0 0 0 0 0 0 0 0 0 0 0 0 0 0 0 0 0 0 0 0 0 0 14 0 23 23 0 13 14 0 0 14 0 8 7 10 0 1 20 14 15 32 0 0 0 0 2 0 0 0 0 0 0 0 0 0 0 0 0 8 0 0 0 1 0 0 0 0 0 0 0 0 0 0 0 0 0 0 2 0 0 0 0 0 0 0 0 0 0 0 0 0 0 1 0 0 0 0 0 0 15 2 0 10 0 0 0 4 46 0 1 1 2 6 0 0 0 0 0 0 0 0 0 0 0 0 0 0 0 0 0 0 0 0 0 0 0 0 14 1 0 0 0 0 0 0 0 2 0 0 0 0 
 406 231 43 267 251 55 136 52 252 270 270 350 169 364 294 92 56 102 199 0 0 4 0 1 0 2 0 0 0 0 0 0 5 0 2 0 78 0 77 0 0 0 0 2 0 2 0 0 0 0 2 2 0 0 0 0 0 3 3 0 0 0 3 0 0 3 0 0 2 2 0 2 24 0 0 0 0 2 39 0 65 12 30 19 20 59 0 10 25 10 10 9 13 27 0 0 0 26 0 29 0 0 0 0 0 0 0 0 0 27 0 0 0 0 1 0 0 0 0 0 0 0 0 0 0 0 0 0 0 0 0 0 0 1 0 0 0 0 0 0 14 0 0 0 0 1 0 0 7 0 0 0 0 0 0 0 0 0 0 0 10 29 16 27 9 19 10 0 0 18 9 25 26 14 3 0 12 19 0 30 0 0 0 14 0 0 0 0 0 0 0 0 0 1 0 0 0 0 15 0 0 0 0 0 0 0 0 0 0 11 0 0 0 0 0 0 13 0 0 10 0 0 0 0 0 0 0 1 0 0 0 0 0 0 0 0 0 0 0 0 0 22 0 0 0 2 91 0 39 3 0 12 0 0 0 0 0 0 0 0 0 0 0 0 0 0 0 0 0 0 0 0 0 0 0 10 0 0 0 0 0 0 0 0 13 0 0 0 0 0 
 0 2 0 3 0 0 0 0 0 0 147 83 0 4 0 0 0 0 0 0 0 226 74 50 78 29 92 305 467 110 85 14 312 137 159 19 20 31 46 98 0 3 0 0 30 0 0 2 3 3 2 0 3 1 3 0 0 0 0 3 0 0 0 8 0 0 0 3 2 0 0 0 0 0 0 0 0 1 0 3 0 0 0 0 18 0 0 0 0 0 0 7 0 0 0 0 0 0 0 0 4 9 19 12 8 0 1 17 2 15 20 19 0 22 6 28 26 0 49 0 0 0 0 0 0 0 0 0 0 0 0 0 0 0 0 0 0 0 1 0 0 0 0 0 0 0 0 0 0 0 11 0 0 0 3 0 0 0 0 0 0 0 0 0 0 0 0 0 0 0 0 0 0 20 0 0 0 0 0 0 0 12 0 0 9 1 66 4 0 1 0 0 18 17 41 9 18 9 0 30 0 0 0 0 0 0 0 0 0 0 0 0 0 0 0 0 0 0 0 14 0 0 0 0 0 0 0 0 0 0 0 0 0 0 0 0 0 0 0 0 0 0 0 0 0 0 0 0 0 98 0 0 0 0 9 0 1 1 0 2 0 2 0 0 0 0 0 0 0 0 0 0 0 0 0 0 0 0 0 0 0 0 0 0 0 13 0 0 0 0 
 37 1 2 5 2 3 0 1 1 2 96 4 2 2 2 76 4 2 1 4 226 0 119 151 292 103 73 268 103 379 48 46 138 220 237 51 38 112 49 102 0 4 1 114 1 0 0 5 2 3 1 2 4 4 2 2 0 0 2 1 0 0 0 3 51 0 0 3 2 0 0 0 0 0 0 0 0 0 0 3 0 0 0 0 0 0 0 0 0 0 0 4 0 0 0 0 0 0 0 0 0 12 1 30 0 12 0 1 15 0 24 0 0 13 1 16 1 2 0 0 0 0 0 0 0 0 2 0 0 0 5 0 1 1 0 0 0 0 0 0 0 0 0 0 0 0 0 0 0 0 0 0 1 0 0 0 0 6 0 0 0 0 0 2 0 0 0 0 0 0 0 0 0 0 0 0 0 1 0 0 13 26 10 12 24 24 51 13 28 14 0 28 6 25 21 20 20 54 0 12 0 0 0 0 0 0 1 0 0 0 0 0 0 0 1 0 0 0 3 38 0 0 0 0 0 0 0 0 0 0 0 0 0 0 0 0 0 0 0 0 0 0 12 0 0 0 0 0 0 1 0 0 0 0 12 0 2 2 0 2 7 2 0 0 0 0 0 2 0 0 0 0 0 0 0 0 0 0 0 0 0 15 0 0 0 9 0 0 0 11 
 0 3 3 6 0 3 0 0 2 3 2 1 0 0 3 5 0 1 4 0 74 119 0 116 59 185 341 116 289 183 133 103 62 63 427 203 269 86 251 58 1 3 2 0 0 3 0 2 2 6 1 0 70 0 3 2 0 0 1 4 0 49 0 1 1 0 0 3 3 0 0 0 3 0 0 0 2 6 0 3 0 0 1 16 0 0 0 0 0 0 0 0 0 0 0 0 0 0 0 0 1 19 21 42 14 32 0 18 18 29 37 10 0 1 22 12 18 18 0 0 0 1 0 2 0 0 35 0 0 0 0 0 54 0 10 12 9 0 0 0 0 2 0 0 0 0 0 1 6 0 0 0 0 0 0 0 0 1 0 0 0 0 0 0 0 0 0 0 0 0 0 0 0 0 0 0 0 1 0 17 1 13 14 29 29 6 63 4 23 14 18 20 0 24 12 16 10 22 2 0 28 0 0 0 0 0 13 1 0 0 0 0 20 0 36 0 12 0 36 0 0 0 0 0 0 0 0 0 0 0 0 2 0 0 0 0 0 1 0 0 0 0 11 0 0 0 0 0 0 0 0 0 0 0 8 2 1 94 1 1 9 6 0 0 0 0 0 0 0 0 0 0 0 1 0 0 0 0 0 5 0 15 0 0 0 0 10 0 0 0 
 1 5 5 3 2 0 2 1 1 5 1 19 1 0 2 5 0 0 2 1 50 151 116 0 182 140 101 134 447 88 406 138 116 133 298 203 44 145 76 112 73 4 2 0 2 0 68 67 2 2 0 0 134 5 3 0 0 0 0 4 0 3 58 3 3 0 0 3 2 0 0 0 2 0 0 0 0 4 0 42 0 0 0 0 0 0 0 0 0 0 0 0 0 0 2 0 0 0 0 0 0 20 25 0 0 0 0 0 0 0 9 24 0 0 19 12 17 0 0 0 0 0 0 0 0 0 63 0 0 21 0 0 15 0 5 0 0 0 7 17 0 28 0 0 1 0 0 0 0 0 0 19 0 0 5 0 0 0 0 0 0 0 0 0 0 0 0 0 0 0 0 0 0 0 1 0 0 0 0 0 10 29 13 15 45 67 1 0 59 0 1 7 0 0 0 48 0 1 0 0 0 0 0 0 0 0 24 0 0 2 0 0 2 19 2 1 0 0 19 0 0 0 0 0 0 0 2 0 0 0 0 0 0 0 0 0 0 0 0 0 0 17 0 0 0 0 2 0 0 0 0 0 0 0 4 2 0 49 0 2 2 0 0 0 0 0 0 0 0 0 0 2 0 0 0 0 0 0 0 0 0 0 0 0 0 0 0 0 0 1 
 0 0 2 0 0 3 0 0 0 3 0 0 0 0 0 2 0 0 0 0 78 292 59 182 0 86 170 168 147 181 108 207 279 99 247 84 57 46 318 90 68 3 9 0 0 0 30 3 2 2 1 37 3 2 3 0 57 0 2 2 0 0 0 9 0 0 0 4 2 0 0 0 0 0 0 0 0 0 3 3 0 0 0 1 0 0 0 0 0 0 0 0 0 0 0 0 0 0 0 0 14 29 1 31 14 21 3 3 42 0 21 0 0 1 8 15 21 13 0 1 14 0 15 0 0 0 9 0 10 9 0 0 10 0 0 13 0 0 16 1 0 0 0 0 0 0 0 0 0 0 0 0 0 1 0 0 0 3 0 0 0 0 0 0 0 0 0 0 0 0 0 0 0 0 0 0 2 0 0 0 33 32 10 13 11 15 12 1 53 25 15 10 0 11 10 10 28 17 0 0 0 0 0 0 0 1 0 12 0 0 0 0 1 0 0 31 11 0 17 13 1 0 0 0 0 0 0 0 0 0 0 0 0 0 0 0 0 0 0 0 0 0 0 0 0 0 0 0 0 0 0 0 0 0 6 2 0 171 8 2 0 0 0 0 0 0 0 0 0 0 0 0 2 0 0 0 0 0 0 0 0 12 0 0 0 0 0 0 0 0 
 1 2 2 13 2 3 1 1 2 1 0 1 0 0 4 1 0 1 1 2 29 103 185 140 86 0 44 29 41 198 90 135 239 51 58 150 136 146 53 59 129 66 0 0 0 0 30 3 2 66 0 0 66 0 26 0 0 3 92 74 0 0 0 3 5 0 0 4 2 0 0 0 0 0 0 0 0 1 0 3 0 0 0 1 0 0 0 0 0 0 0 0 0 0 0 0 2 0 0 0 0 0 1 6 15 0 0 0 0 1 0 27 1 0 0 0 0 20 0 0 24 13 37 0 0 0 19 9 25 21 0 2 29 17 2 38 17 5 26 0 0 0 0 0 0 0 0 0 2 11 0 0 0 0 0 0 0 0 0 0 0 0 0 0 0 0 0 0 0 0 0 0 0 0 0 0 0 0 0 0 0 0 0 18 10 14 0 0 0 11 12 8 0 0 0 0 0 0 0 0 17 43 0 12 0 0 0 30 17 1 14 8 8 10 34 24 21 0 18 16 0 0 0 0 0 0 0 0 0 0 0 0 0 0 0 0 0 0 0 0 0 0 0 0 0 0 0 0 0 0 0 0 0 0 20 4 0 2 16 0 5 18 0 0 0 1 0 0 0 0 0 0 0 0 0 0 0 0 0 0 0 0 0 0 0 0 21 0 0 0 
 1 0 3 30 1 77 0 2 0 2 83 0 0 1 1 4 0 38 0 0 92 73 341 101 170 44 0 79 200 45 30 43 190 69 57 115 26 33 358 139 0 3 0 0 4 0 0 3 2 2 1 0 3 2 3 0 0 0 0 4 0 0 0 6 0 0 0 3 2 0 0 0 0 0 0 0 0 1 0 3 0 1 2 14 10 21 0 0 0 0 21 11 0 0 0 0 13 19 0 0 22 30 36 34 28 14 22 33 56 16 0 0 18 13 44 17 29 28 15 0 0 2 0 1 0 0 0 0 0 0 0 0 39 0 0 0 0 0 0 0 0 1 0 0 0 0 0 2 1 0 0 0 0 0 0 0 0 0 0 3 0 0 0 0 19 8 0 0 0 0 29 16 0 0 0 0 0 2 0 0 41 26 14 49 2 0 33 10 14 30 17 14 5 23 25 4 8 8 27 11 0 0 0 0 0 0 0 0 0 0 0 0 0 0 0 0 0 0 30 0 0 0 0 0 0 0 0 0 0 0 0 1 0 0 0 0 2 2 0 0 0 0 0 0 0 0 0 0 0 0 0 0 0 0 206 1 1 89 0 4 3 0 3 0 0 0 0 0 0 0 0 0 0 0 0 0 0 0 0 0 0 0 0 0 0 0 0 0 0 0 
 0 2 0 2 0 0 0 0 0 0 1 0 0 0 0 0 0 0 0 0 305 268 116 134 168 29 79 0 365 341 108 313 193 193 208 34 115 69 234 103 0 3 0 104 0 0 0 3 2 2 2 0 3 1 3 0 0 0 1 5 0 0 0 3 0 0 0 3 2 0 0 0 0 0 0 0 0 1 0 3 0 0 0 0 2 0 10 0 1 0 0 2 0 20 0 1 0 0 0 0 0 1 14 12 0 20 9 10 2 9 9 13 0 57 1 17 12 19 18 15 0 0 0 0 0 0 30 0 0 0 2 0 2 0 8 0 0 0 0 0 0 0 0 2 0 10 0 0 5 0 1 0 0 0 1 10 0 5 0 0 0 0 0 19 13 0 0 0 0 0 0 0 0 0 0 0 0 12 0 0 18 15 45 5 14 14 1 8 27 0 15 18 0 8 7 37 27 18 6 5 0 0 2 0 0 0 10 1 0 0 0 0 9 0 0 0 0 0 0 28 46 2 0 0 0 0 0 0 0 0 0 0 0 0 0 1 7 0 0 0 0 0 0 0 0 0 0 0 0 0 0 0 0 0 6 1 4 0 0 0 0 0 0 0 0 0 0 0 0 0 0 0 0 0 0 0 0 1 0 0 0 11 0 0 0 1 0 0 0 0 
 0 0 0 2 0 4 0 70 1 0 0 0 1 0 0 2 0 0 0 0 467 103 289 447 147 41 200 365 0 76 250 40 81 341 326 161 407 128 84 156 0 3 0 0 0 1 32 5 2 2 0 0 4 2 3 0 0 0 0 2 0 0 0 3 0 0 0 4 2 0 0 0 0 0 0 0 0 0 0 3 0 0 0 0 0 0 0 0 0 0 0 0 0 0 0 0 0 0 0 0 1 14 18 34 2 0 0 12 35 27 36 0 0 0 14 28 25 13 0 0 0 0 0 0 0 0 1 0 0 3 0 0 29 0 11 2 0 0 0 49 0 1 0 0 0 0 0 0 0 0 0 31 0 0 0 0 0 6 0 1 0 0 0 0 0 0 0 0 0 0 0 0 0 0 0 0 0 0 0 0 59 58 0 44 4 14 25 7 51 14 13 55 0 23 10 0 5 46 12 0 33 0 0 0 0 0 31 1 0 0 0 2 5 0 0 0 0 0 31 0 0 0 0 0 7 0 0 0 0 0 0 0 0 0 0 0 0 0 0 0 0 0 19 0 0 0 0 0 0 0 0 0 0 0 6 0 2 101 0 0 4 0 0 0 0 0 0 0 0 0 0 0 0 0 51 0 0 0 0 0 0 20 0 0 0 0 0 0 0 0 
 0 4 0 0 40 2 76 0 0 0 0 1 0 0 0 0 0 0 0 0 110 379 183 88 181 198 45 341 76 0 262 191 152 73 111 451 182 120 69 80 65 3 0 0 0 0 0 3 1 1 1 0 181 0 6 0 2 2 100 5 52 0 0 0 4 3 2 3 0 0 3 2 2 0 0 0 1 14 3 2 0 0 0 0 0 0 8 0 0 0 0 0 0 0 0 0 0 0 0 0 16 23 0 27 32 9 0 5 29 17 18 20 0 21 9 28 10 38 0 1 11 0 0 0 0 0 19 2 3 1 0 0 30 9 6 64 15 0 13 1 0 0 0 0 1 0 0 0 0 0 0 0 0 0 0 0 1 0 0 6 0 0 0 0 0 0 0 0 0 0 0 0 0 0 7 0 2 0 0 0 20 1 10 13 7 17 0 1 12 32 30 9 0 0 4 10 47 33 0 0 15 0 0 0 0 1 2 22 0 3 0 0 33 13 14 16 20 0 20 31 20 0 0 0 0 16 0 0 13 10 0 0 0 0 0 0 0 0 0 0 0 0 0 0 0 0 0 0 0 0 0 0 0 0 11 0 2 90 2 1 0 15 0 0 0 0 0 0 0 0 0 0 0 0 0 0 0 0 0 0 0 0 0 0 0 0 28 0 0 0 
 0 0 12 0 0 2 0 79 0 0 0 0 0 88 0 2 0 0 3 0 85 48 133 406 108 90 30 108 250 262 0 162 33 110 230 130 127 409 29 156 241 3 0 0 0 0 66 23 2 3 0 0 60 61 3 0 0 1 0 4 0 0 0 3 0 0 0 4 38 0 0 0 0 0 0 0 0 9 0 3 0 0 0 0 0 0 0 0 0 0 0 0 0 0 1 0 0 0 0 0 0 24 28 9 0 0 0 1 13 19 32 22 0 0 19 24 36 0 12 0 0 0 0 0 0 0 45 0 0 11 0 0 14 0 6 0 0 0 17 14 0 0 0 0 0 0 0 13 0 0 0 15 0 0 7 0 2 0 0 0 0 1 0 0 1 0 18 0 0 0 0 0 0 0 1 0 0 0 0 0 1 0 20 0 50 43 12 0 31 32 0 0 0 0 7 39 10 0 0 0 1 1 0 0 0 0 17 4 0 13 0 0 34 7 0 8 2 0 0 14 0 0 2 0 0 0 0 0 0 0 0 0 0 0 0 0 0 0 0 0 0 0 1 0 0 2 0 0 0 0 0 0 0 0 8 0 0 75 0 2 4 0 0 0 0 0 0 0 0 0 0 0 0 0 0 0 0 0 0 0 0 0 0 0 2 0 0 10 0 0 
 0 0 0 5 0 0 0 1 0 0 0 0 0 0 0 2 0 1 0 0 14 46 103 138 207 135 43 313 40 191 162 0 19 38 172 51 140 137 104 45 89 65 2 2 0 1 62 65 2 2 0 0 91 59 3 0 0 0 63 5 0 0 0 3 1 0 0 3 2 0 0 0 0 0 1 0 0 15 3 6 0 0 0 0 0 0 0 0 0 0 0 0 0 0 0 0 0 0 0 0 0 18 0 25 0 0 0 0 0 1 22 10 0 0 0 3 18 0 0 0 11 0 18 0 0 0 37 0 12 30 0 0 1 7 2 13 0 0 21 0 0 0 0 0 0 0 0 0 0 0 0 0 0 0 0 0 0 6 0 0 0 0 0 0 0 0 0 0 0 0 0 0 0 0 2 16 1 0 0 0 0 14 1 18 74 54 0 0 33 1 0 33 0 23 0 0 9 31 0 0 0 0 0 0 0 0 1 28 0 17 0 0 2 30 1 19 20 0 0 0 0 0 0 0 2 0 0 0 0 0 0 0 0 0 0 0 0 0 0 0 0 0 0 0 0 0 0 0 0 19 0 0 0 0 9 0 1 1 71 0 4 0 0 0 0 0 0 0 0 0 0 0 0 0 0 0 0 0 0 0 0 15 0 0 0 0 0 0 0 0 
 3 4 8 214 2 75 3 2 3 5 70 4 3 2 4 5 1 3 5 5 312 138 62 116 279 239 190 193 81 152 33 19 0 219 51 43 45 90 160 543 0 4 0 0 0 0 0 3 2 2 1 0 3 0 3 0 0 0 1 3 0 0 0 7 0 0 0 3 2 0 0 0 0 44 0 0 0 1 0 3 0 0 0 0 0 0 0 0 0 0 0 10 0 0 2 0 0 0 0 0 9 0 11 1 19 1 10 9 23 9 0 0 0 46 0 53 18 3 0 0 0 0 0 0 0 0 0 0 0 0 0 0 0 0 0 0 0 0 0 0 0 0 0 0 0 0 0 0 0 0 0 0 0 0 0 0 0 0 0 0 0 2 0 0 0 0 0 20 0 0 0 0 0 4 0 0 0 11 0 0 14 4 0 16 9 10 21 1 0 12 12 16 49 23 9 10 13 0 17 31 0 0 0 0 0 0 0 0 0 0 0 0 1 0 0 0 0 0 1 23 37 0 0 1 0 2 0 0 0 1 0 2 0 0 0 1 0 0 0 0 0 0 0 0 0 0 0 0 0 11 0 0 0 0 26 2 0 75 0 1 3 1 0 0 0 0 0 0 0 0 0 0 0 0 45 0 0 0 0 0 0 0 0 0 0 9 0 0 0 3 
 0 56 0 2 0 150 1 0 2 0 24 0 0 0 0 0 73 0 0 0 137 220 63 133 99 51 69 193 341 73 110 38 219 0 167 52 41 41 84 185 0 3 6 1 17 62 0 3 2 2 1 1 3 2 3 0 0 0 0 5 0 0 0 15 0 0 0 3 2 0 0 0 0 0 0 0 0 1 1 3 0 0 0 4 0 0 0 0 0 0 0 19 12 0 4 0 0 0 0 0 19 1 37 15 12 3 0 9 4 16 0 30 0 17 6 0 0 1 12 0 0 0 0 0 0 0 11 0 0 0 0 0 0 0 0 0 0 0 1 0 0 0 0 0 0 0 0 0 0 0 0 0 0 10 0 0 0 7 0 1 0 0 0 0 0 28 0 0 0 0 11 0 1 0 0 0 0 13 0 0 34 16 17 1 1 22 18 15 26 1 1 17 19 27 1 7 0 28 8 24 0 0 0 0 0 0 10 0 0 0 0 6 0 0 0 0 0 0 0 0 0 0 0 0 0 0 0 0 0 0 0 0 0 0 0 0 0 0 0 0 0 0 0 0 0 0 0 0 0 0 0 0 0 0 10 1 0 4 0 0 2 0 0 0 0 0 0 0 0 0 0 0 0 0 0 0 0 0 0 0 0 16 0 0 0 14 0 0 0 0 
 0 0 0 2 0 2 0 0 0 1 0 0 0 0 2 3 2 0 0 2 159 237 427 298 247 58 57 208 326 111 230 172 51 167 0 176 53 195 122 206 0 3 0 0 0 0 0 207 2 2 1 0 65 1 3 204 0 0 0 3 0 0 0 3 0 0 0 5 2 0 0 0 0 0 0 0 0 2 0 3 0 0 10 0 0 0 0 0 0 0 0 43 0 0 0 0 0 0 0 0 0 48 25 41 1 9 0 10 22 20 28 0 0 0 21 14 28 38 11 0 0 0 0 0 1 0 18 0 0 0 0 0 7 2 0 0 0 0 8 0 0 0 0 0 0 0 0 0 0 12 0 0 0 0 9 0 0 0 0 0 0 0 0 0 0 0 0 0 0 0 0 0 0 0 0 0 0 0 0 0 29 13 13 11 42 11 11 14 98 32 10 0 0 0 7 30 19 30 12 0 40 0 0 0 0 0 41 0 0 0 0 0 0 0 0 0 0 0 34 0 0 0 0 0 0 0 0 0 0 0 0 0 0 0 0 0 0 0 0 0 0 0 21 0 0 0 0 0 0 0 0 0 0 0 0 0 2 106 0 0 16 0 0 0 0 0 0 0 0 0 0 0 0 0 0 0 0 0 0 0 0 46 0 0 0 0 0 0 0 0 
 0 0 0 2 0 75 1 3 2 0 0 0 202 0 0 1 0 0 0 0 19 51 203 203 84 150 115 34 161 451 130 51 43 52 176 0 203 199 135 107 0 3 0 0 0 0 30 210 2 2 0 0 36 0 21 206 0 0 1 3 0 0 0 3 0 0 0 3 2 0 0 0 0 0 0 0 0 13 0 3 0 0 0 0 0 0 10 0 0 0 0 0 0 0 0 0 0 0 0 0 12 29 8 19 21 14 10 12 13 45 22 18 0 0 22 2 42 61 0 10 0 0 0 0 0 0 29 0 0 1 0 0 26 0 24 13 54 0 0 14 0 0 0 0 0 0 0 0 4 0 0 15 0 0 0 0 0 0 0 2 0 0 0 0 0 0 0 0 0 0 0 0 0 2 0 0 0 0 0 0 0 11 9 31 24 29 19 12 15 8 25 2 0 13 8 1 0 0 1 12 0 0 0 0 0 0 14 0 0 0 0 0 15 0 7 2 0 1 14 0 10 0 0 0 0 0 0 0 0 0 0 0 2 0 0 0 0 0 0 0 0 0 0 0 0 0 0 0 0 0 0 0 0 0 12 0 1 1 0 0 10 8 0 0 0 0 0 0 0 0 0 0 0 0 0 0 0 0 0 0 0 0 0 0 0 0 0 0 0 0 
 0 3 0 5 0 0 0 0 0 3 0 0 0 2 0 0 0 2 3 78 20 38 269 44 57 136 26 115 407 182 127 140 45 41 53 203 0 87 39 167 68 9 3 0 3 3 67 2 4 3 6 3 5 0 5 0 3 3 39 6 2 2 0 2 0 6 3 6 3 0 0 2 0 0 0 0 0 3 0 3 0 0 0 0 0 0 0 0 0 2 0 0 0 0 0 0 0 0 0 0 1 1 0 12 14 0 0 0 0 91 36 27 0 0 0 0 0 32 1 8 11 0 0 0 0 0 18 0 3 1 0 0 35 9 12 25 15 0 13 15 0 0 0 0 0 1 0 0 20 0 0 0 0 0 0 0 0 0 2 0 0 0 1 12 1 0 0 0 2 0 2 0 0 0 6 0 0 0 1 0 0 0 13 86 0 0 0 0 14 36 17 14 0 0 0 22 35 46 0 6 13 0 0 0 0 0 18 30 0 0 0 8 32 13 21 17 0 0 56 0 0 0 0 0 0 0 0 0 0 0 0 0 0 0 0 0 0 0 0 0 0 0 15 0 0 0 0 0 0 2 0 0 0 0 9 0 0 2 1 0 3 22 0 0 0 0 0 0 0 0 0 0 0 0 0 0 0 0 0 6 0 10 0 0 0 0 0 0 0 0 
 0 4 0 3 1 3 0 0 2 0 0 0 0 0 3 0 3 0 0 0 31 112 86 145 46 146 33 69 128 120 409 137 90 41 195 199 87 0 129 44 71 4 0 0 4 2 72 66 2 3 0 0 199 7 3 0 0 0 0 5 0 6 0 3 10 0 0 4 2 0 0 0 4 0 0 0 1 8 0 3 0 0 0 0 0 0 0 0 0 0 0 0 0 0 10 0 0 0 0 0 0 0 14 4 0 0 10 2 0 0 0 21 0 23 20 34 16 10 4 0 0 0 0 0 0 0 71 0 0 21 0 0 2 0 5 0 6 0 10 20 0 0 0 0 0 0 2 0 0 0 0 22 35 0 22 1 0 1 0 0 0 0 0 0 0 0 0 0 0 0 0 0 0 0 0 0 0 31 0 0 10 17 45 15 43 61 26 0 20 0 9 9 0 13 7 46 2 3 0 0 14 0 0 0 0 0 22 0 0 2 0 0 11 19 0 1 17 0 0 16 18 0 0 0 0 0 0 0 0 0 1 0 0 0 0 0 0 0 0 0 0 0 0 0 0 0 0 0 0 0 0 2 0 0 3 3 0 4 4 3 0 0 0 0 0 0 0 0 0 2 0 0 0 0 0 0 0 0 0 0 0 0 0 0 0 0 11 0 0 0 
 0 31 80 148 75 80 0 73 2 3 0 0 0 0 20 78 12 3 0 77 46 49 251 76 318 53 358 234 84 69 29 104 160 84 122 135 39 129 0 87 0 3 0 2 0 64 0 5 2 3 4 0 6 1 6 0 0 1 0 4 0 0 0 3 0 0 0 5 4 3 2 0 1 0 33 2 0 1 0 3 0 0 1 11 33 0 0 10 0 8 12 39 0 0 1 2 9 0 0 0 6 1 17 1 0 0 7 37 30 0 0 2 11 35 8 21 20 31 11 22 0 0 0 0 0 0 0 0 0 0 0 0 0 0 0 0 1 0 0 0 0 0 0 0 0 0 0 0 0 0 0 0 0 0 0 0 0 0 0 0 0 3 0 0 11 1 2 0 0 0 0 14 0 0 0 0 0 10 0 0 32 10 10 0 0 3 10 17 0 0 28 0 12 26 6 0 0 0 19 0 0 0 2 0 0 0 0 1 0 0 0 0 0 2 0 16 0 0 0 1 21 2 0 0 0 0 0 2 0 0 0 0 0 0 0 1 0 0 0 0 0 0 0 0 0 0 0 0 0 0 0 0 0 0 6 0 0 0 0 1 0 0 0 0 0 0 0 0 0 0 0 0 0 0 0 0 0 0 0 0 0 0 0 0 0 0 0 0 0 0 
 0 0 0 0 1 94 0 2 0 2 76 0 0 0 1 82 1 1 0 0 98 102 58 112 90 59 139 103 156 80 156 45 543 185 206 107 167 44 87 0 0 3 2 0 3 0 0 3 2 2 2 0 3 2 3 0 0 3 63 4 0 0 0 3 0 0 0 3 2 0 0 1 0 0 0 0 0 1 0 3 0 0 0 0 0 0 0 1 0 0 0 17 0 0 0 0 0 1 0 0 11 1 45 0 0 1 0 0 19 0 0 0 1 16 40 12 1 19 31 12 0 0 0 0 0 0 0 0 0 0 0 0 0 0 0 0 2 0 8 0 0 0 0 0 0 0 0 0 0 0 0 7 0 0 21 0 0 1 0 0 2 0 0 9 12 7 1 0 0 0 14 0 0 0 1 0 0 19 0 0 9 54 46 0 8 14 20 8 0 0 9 11 14 30 17 28 8 1 21 30 0 1 0 0 0 0 0 0 0 0 0 0 0 0 0 0 0 0 0 0 0 0 0 0 2 0 0 0 0 0 0 0 0 0 0 0 0 13 0 0 0 0 0 0 0 1 0 0 0 0 0 0 0 0 27 0 0 5 0 2 4 0 0 0 0 0 0 0 0 0 0 0 2 0 0 0 0 0 0 0 0 0 0 0 0 5 0 0 0 0 
 0 0 3 2 0 0 0 0 65 2 104 0 29 0 0 3 0 67 3 0 0 0 1 73 68 129 0 0 0 65 241 89 0 0 0 0 68 71 0 0 0 274 256 112 253 37 217 104 48 40 24 31 84 334 135 23 93 21 382 58 0 4 0 9 17 4 0 2 0 0 2 0 6 0 0 4 5 0 0 4 0 0 0 0 0 0 0 0 0 0 0 0 15 0 0 0 0 0 0 0 0 0 0 0 0 0 0 0 0 0 1 3 0 0 0 0 0 0 0 0 15 0 19 22 0 24 16 0 22 31 0 0 0 8 19 3 0 0 45 21 4 0 25 0 4 0 0 0 0 5 6 21 0 0 0 0 0 0 0 0 0 0 0 0 0 0 0 0 0 0 0 0 0 0 2 0 0 0 0 0 0 0 0 0 38 25 0 0 0 14 6 6 0 0 0 0 7 40 0 1 10 11 6 0 0 0 8 35 10 32 14 18 14 34 0 26 34 15 0 9 0 0 5 0 0 5 0 0 22 3 0 0 0 0 0 0 0 0 0 10 0 0 0 0 0 0 0 0 0 27 0 2 0 2 0 0 0 0 63 0 0 0 0 0 0 0 13 0 0 0 0 0 0 0 0 0 0 0 0 0 0 0 0 0 0 0 13 10 2 0 
 0 0 3 6 0 3 0 0 0 0 0 0 0 0 3 1 0 0 0 0 3 4 3 4 3 66 3 3 3 3 3 65 4 3 3 3 9 4 3 3 274 0 432 75 467 67 110 152 156 274 483 56 40 316 546 168 98 98 98 38 0 45 12 0 0 0 0 2 12 0 0 0 0 4 0 0 0 0 50 5 0 0 0 0 0 0 0 0 0 0 0 0 0 0 0 0 0 0 8 0 0 0 0 1 5 1 0 0 0 0 0 8 0 0 0 0 0 0 0 0 28 21 40 0 19 41 0 12 0 3 17 0 0 34 1 20 3 22 14 7 4 5 0 4 2 0 0 0 0 8 1 0 14 0 0 5 0 0 12 3 0 0 0 0 0 0 0 0 0 0 5 0 7 0 0 0 0 0 0 0 0 0 0 0 0 19 0 0 0 0 0 5 0 0 0 0 0 0 0 0 25 30 15 0 30 0 6 26 0 120 6 0 2 9 0 3 17 33 0 0 0 0 0 0 0 0 0 0 0 0 0 0 26 0 0 0 0 0 17 27 0 0 0 0 0 0 0 0 0 0 0 0 0 1 0 0 0 0 5 2 0 0 0 0 0 2 0 73 2 0 0 0 0 0 0 0 0 0 0 0 0 0 0 0 20 0 0 9 1 0 
 0 2 2 12 0 37 0 0 0 69 0 2 0 63 0 1 0 0 0 0 0 1 2 2 9 0 0 0 0 0 0 2 0 6 0 0 3 0 0 2 256 432 0 171 87 260 84 272 164 64 64 107 106 412 299 104 58 44 27 100 0 0 0 0 0 0 0 2 0 0 4 0 0 0 22 0 54 0 6 0 0 0 0 0 0 0 0 0 0 0 0 0 0 0 0 0 0 6 0 0 29 30 9 0 0 0 0 1 0 0 0 0 0 0 6 0 0 0 4 0 7 36 3 11 1 8 0 32 10 7 29 16 0 25 18 0 4 26 0 30 0 1 0 0 0 0 0 0 0 0 0 0 15 0 0 13 0 0 0 16 0 0 0 0 0 7 0 0 0 0 6 6 0 0 0 0 0 4 0 0 6 0 2 0 0 0 2 10 0 0 0 0 0 0 1 0 0 0 9 4 21 24 37 86 10 7 8 0 0 20 13 26 26 4 9 0 0 0 25 17 0 0 0 0 0 0 0 0 0 8 0 0 11 0 0 0 0 0 0 0 0 9 0 0 0 0 0 0 0 0 0 5 0 2 0 0 0 0 0 0 0 0 3 0 1 48 0 66 0 0 0 0 0 0 0 0 0 0 0 0 0 0 0 0 28 1 0 0 2 0 
 2 3 2 2 65 2 2 2 2 5 2 2 2 2 2 2 2 2 5 2 0 114 0 0 0 0 0 104 0 0 0 2 0 1 0 0 0 0 2 0 112 75 171 0 176 54 80 82 94 191 122 310 73 94 98 161 116 136 91 45 0 0 9 0 0 0 6 7 28 0 3 0 10 2 69 5 0 0 0 54 0 0 0 0 0 0 0 0 0 0 32 0 0 0 0 0 0 0 0 0 0 0 0 0 0 0 0 0 0 0 0 0 12 0 0 0 0 0 0 0 11 18 0 13 12 19 0 1 16 9 0 19 0 21 0 12 12 0 0 0 20 1 0 0 20 1 11 0 7 0 16 0 3 16 3 17 0 10 15 5 0 0 0 1 0 0 0 0 0 0 0 0 0 0 0 0 0 0 0 0 0 0 0 0 0 0 0 0 0 0 0 0 0 0 20 0 0 0 0 0 26 0 0 15 8 20 0 2 22 0 21 12 0 0 14 14 1 1 0 25 0 0 0 0 1 20 0 0 10 0 8 18 0 14 0 7 16 4 0 8 0 0 0 0 0 0 0 0 0 0 0 10 0 1 0 0 0 0 0 1 0 0 1 37 39 2 1 0 2 0 0 0 0 24 0 0 0 0 0 0 0 0 0 0 0 0 0 0 1 0 
 0 0 0 7 0 1 0 0 0 0 0 0 0 0 0 0 0 7 0 0 30 1 0 2 0 0 4 0 0 0 0 0 0 17 0 0 3 4 0 3 253 467 87 176 0 278 74 285 111 136 378 175 94 272 102 357 60 118 67 73 0 1 4 0 0 0 49 51 83 0 0 0 50 0 6 24 0 0 18 27 3 0 0 0 0 0 0 0 0 0 0 0 0 0 0 0 0 5 0 0 0 5 7 0 0 0 0 0 0 0 1 0 0 0 8 0 0 0 6 0 1 0 0 5 3 12 0 1 0 9 0 14 0 0 0 12 12 0 0 0 7 0 41 6 0 0 26 6 15 0 0 0 32 28 0 1 0 9 7 1 0 0 0 16 0 20 0 0 0 0 3 0 0 0 12 0 0 0 0 0 6 0 0 0 0 1 0 16 0 0 0 0 0 0 0 0 22 0 7 1 0 0 0 7 11 17 0 0 0 0 0 0 0 0 0 0 0 0 0 0 10 11 0 0 0 0 0 0 14 0 14 0 0 11 0 0 15 1 0 19 1 0 0 0 0 0 0 0 0 0 0 20 0 0 0 0 0 0 0 1 0 0 88 78 3 1 1 0 1 0 4 0 0 0 0 0 0 0 0 0 0 0 0 0 0 0 0 0 0 0 
 1 57 3 1 2 0 2 1 2 1 0 1 0 0 1 1 14 0 4 2 0 0 3 0 0 0 0 0 1 0 0 1 0 62 0 0 3 2 64 0 37 67 260 54 278 0 251 90 49 435 237 201 248 44 78 205 310 75 69 80 1 0 6 0 0 0 70 10 7 0 6 0 6 16 7 0 0 0 53 2 0 0 0 0 0 0 0 0 0 0 0 0 0 0 0 0 0 0 0 0 0 0 0 0 0 0 0 0 0 0 0 0 0 0 0 0 0 0 0 0 8 0 0 9 8 2 0 15 0 0 0 7 0 0 0 0 0 0 0 0 37 11 0 0 0 5 0 0 1 0 1 0 2 12 3 4 0 1 11 5 0 0 0 4 0 0 0 0 0 0 1 0 2 0 0 0 0 0 0 0 0 0 0 0 0 0 0 0 0 0 0 0 0 0 0 0 0 0 0 0 0 0 1 0 22 4 0 0 0 9 1 0 0 0 0 0 6 0 0 0 1 8 0 0 0 0 0 10 22 1 1 1 14 5 0 0 0 7 22 20 0 0 0 0 0 2 0 0 0 0 0 12 0 0 0 0 0 0 0 0 0 0 8 0 1 14 1 67 1 0 37 0 0 0 0 0 0 0 0 0 0 0 0 0 0 0 0 0 0 0 
 0 2 0 2 0 0 0 0 0 0 0 0 0 0 0 0 0 0 0 0 0 0 0 68 30 30 0 0 32 0 66 62 0 0 0 30 67 72 0 0 217 110 84 80 74 251 0 107 369 97 251 102 115 125 297 17 29 38 249 62 0 0 0 0 0 0 0 2 0 5 0 3 0 0 0 0 0 5 10 0 0 0 1 0 0 0 0 0 0 0 0 0 0 0 0 0 0 0 0 0 0 0 0 16 14 0 0 0 0 22 0 0 0 0 0 0 0 0 0 0 39 18 3 6 0 0 10 0 35 26 11 0 19 0 7 18 0 48 14 24 3 3 0 2 18 0 0 0 0 11 1 28 20 0 47 0 0 0 0 0 0 0 0 0 0 1 0 0 0 0 0 0 0 0 0 0 0 0 0 0 0 0 0 17 0 0 0 0 0 0 0 15 0 0 0 0 2 5 0 0 2 6 22 21 12 0 11 25 0 13 5 28 0 12 10 1 9 38 0 0 0 0 0 3 0 10 0 0 0 0 0 16 0 0 0 0 0 0 0 0 0 0 15 0 0 0 0 0 0 27 0 0 0 2 0 0 0 0 30 0 0 0 1 0 0 1 0 0 2 0 0 0 0 0 0 7 0 0 0 0 0 0 0 0 0 10 0 0 2 0 
 0 0 3 6 0 3 0 0 0 0 0 0 0 0 3 0 0 0 0 0 2 5 2 67 3 3 3 3 5 3 23 65 3 3 207 210 2 66 5 3 104 152 272 82 285 90 107 0 85 486 40 35 441 230 126 48 169 32 118 94 0 0 1 8 7 4 0 0 13 6 0 4 1 6 2 10 0 4 1 50 0 0 0 0 0 0 0 0 0 0 0 0 0 10 0 0 0 0 0 0 0 0 0 0 1 20 0 0 0 0 0 13 0 0 0 0 0 0 0 0 4 13 0 0 0 0 9 19 0 37 20 0 0 0 54 0 0 27 9 57 12 0 16 0 0 3 0 0 0 8 6 18 0 0 0 0 12 0 0 3 0 0 0 0 0 3 0 0 0 0 0 10 0 0 0 0 0 7 0 0 0 0 0 1 5 10 0 0 0 0 0 0 0 0 0 0 0 0 0 0 1 49 3 16 3 0 43 0 9 16 14 0 0 5 19 0 0 25 13 10 0 0 8 5 0 8 0 0 4 0 0 0 19 0 0 0 0 0 0 0 0 0 0 0 0 0 0 0 0 0 0 3 0 0 0 0 0 0 0 0 0 0 2 0 0 41 8 32 0 0 0 0 0 0 0 0 0 0 0 0 0 0 0 0 0 0 0 12 0 0 
 0 0 0 0 0 9 0 0 0 0 0 4 0 0 40 0 0 0 0 0 3 2 2 2 2 2 2 2 2 1 2 2 2 2 2 2 4 2 2 2 48 156 164 94 111 49 369 85 0 248 31 242 91 97 84 383 182 397 92 66 2 56 5 1 0 0 2 2 2 0 0 205 0 205 63 14 0 0 152 6 0 0 0 0 0 0 0 0 0 0 0 0 0 0 0 7 0 0 4 19 0 0 0 0 0 0 0 0 0 0 0 0 0 0 0 0 0 0 0 0 64 21 6 33 37 40 0 23 8 12 27 37 0 2 0 48 36 8 0 0 2 7 7 4 6 0 0 0 0 16 0 0 12 20 0 5 0 0 10 23 0 0 0 0 0 0 0 0 0 0 6 6 8 0 0 0 0 0 0 0 0 0 0 0 0 0 0 0 0 0 0 0 0 0 0 0 1 0 0 0 0 14 36 1 18 0 11 23 0 39 4 33 0 0 0 0 63 30 0 0 0 0 0 8 0 0 12 0 0 0 0 0 0 0 0 0 16 0 15 46 0 0 0 0 0 0 0 0 0 0 0 11 0 1 0 0 0 0 0 0 0 0 2 0 1 2 0 0 0 0 0 0 0 0 0 0 0 0 0 0 0 0 0 0 26 0 0 0 1 0 
 0 4 1 2 1 1 0 0 0 0 0 0 0 0 36 0 0 0 3 0 3 3 6 2 2 66 2 2 2 1 3 2 2 2 2 2 3 3 3 2 40 274 64 191 136 435 97 486 248 0 83 118 61 86 112 244 193 59 93 88 0 50 4 0 0 0 51 1 6 0 0 0 0 9 6 0 0 0 50 4 0 0 0 11 0 0 0 0 0 0 0 0 0 0 0 0 0 0 0 0 0 0 0 0 0 0 0 0 0 0 0 0 0 0 0 0 0 0 0 0 26 4 0 28 23 15 11 0 23 0 6 7 0 0 0 14 23 6 0 0 17 15 0 12 6 0 0 0 0 3 0 0 11 10 0 1 0 1 2 3 0 0 0 5 0 0 0 0 0 0 1 0 4 0 0 0 0 0 0 0 0 0 0 0 0 0 0 0 0 0 0 0 0 0 0 0 0 0 0 0 0 7 7 0 15 0 6 9 0 28 15 12 0 0 0 0 18 10 0 0 1 0 0 11 0 0 0 9 7 0 0 0 27 0 0 0 0 0 47 11 0 0 0 0 0 0 0 0 0 0 0 2 0 0 1 0 0 0 0 9 0 0 1 1 0 0 5 1 0 0 0 0 0 0 0 0 0 0 0 0 0 0 0 0 10 16 0 0 0 0 
 0 2 0 2 0 2 2 2 0 2 0 0 2 1 2 2 2 7 2 2 2 1 1 0 1 0 1 2 0 1 0 0 1 1 1 0 6 0 4 2 24 483 64 122 378 237 251 40 31 83 0 128 25 49 282 69 86 72 114 67 0 0 0 0 0 0 50 2 1 0 0 0 0 0 2 0 1 0 50 52 0 0 0 0 0 0 0 0 0 0 0 0 0 0 0 0 0 0 0 6 0 0 0 0 0 18 0 0 0 0 0 0 0 0 0 0 0 0 0 0 0 0 0 50 0 0 0 0 0 0 11 3 0 11 12 0 0 10 8 4 21 0 0 0 2 0 11 0 0 0 0 0 0 9 0 0 0 0 0 0 0 0 0 12 18 0 0 0 0 0 0 0 2 0 0 0 0 0 0 0 0 0 0 0 0 0 0 0 0 0 0 0 0 0 0 0 0 0 0 0 0 11 0 0 14 23 5 18 0 12 0 0 1 10 0 0 0 3 0 8 0 3 0 0 0 0 1 8 23 0 26 0 1 0 0 0 0 1 0 0 2 0 10 0 0 0 0 0 2 0 0 11 0 2 0 0 0 2 0 0 0 27 72 64 0 1 6 1 1 0 0 0 0 1 0 0 0 0 0 0 0 1 0 0 0 7 0 0 2 1 
 2 4 2 2 2 2 2 44 2 2 2 2 2 2 2 3 2 2 2 2 0 2 0 0 37 0 0 0 0 0 0 0 0 1 0 0 3 0 0 0 31 56 107 310 175 201 102 35 242 118 128 0 23 71 107 42 145 331 37 28 2 0 0 0 0 50 47 1 4 3 0 0 2 1 53 3 0 0 56 54 0 15 0 0 2 0 0 0 0 0 0 0 0 0 0 0 0 0 0 0 0 0 0 0 0 0 0 0 0 0 1 0 0 0 0 0 0 0 0 0 0 4 0 18 23 1 0 2 8 0 1 38 0 0 0 0 0 0 0 0 15 1 0 1 0 0 16 1 6 0 22 0 39 0 0 11 0 20 1 1 0 0 0 6 0 0 0 0 0 0 0 0 16 0 0 0 0 0 0 0 0 0 0 0 0 0 21 0 0 0 0 0 0 0 0 0 0 0 0 0 0 0 24 6 0 36 0 0 7 0 17 45 12 2 3 0 0 18 0 0 0 0 0 0 0 0 12 7 58 0 14 0 6 2 0 8 0 0 14 0 0 0 0 0 0 0 0 0 0 0 0 5 0 0 0 0 0 0 0 17 0 0 106 30 0 2 0 0 0 0 23 0 0 10 0 0 0 0 0 0 0 0 0 0 11 15 0 0 0 0 
 0 1 0 0 0 0 0 0 0 0 0 0 0 0 0 2 0 0 0 0 3 4 70 134 3 66 3 3 4 181 60 91 3 3 65 36 5 199 6 3 84 40 106 73 94 248 115 441 91 61 25 23 0 228 304 39 52 247 182 289 0 6 0 2 5 0 3 0 0 0 1 0 2 1 0 0 0 213 0 0 0 0 0 0 0 0 0 0 0 0 0 0 0 0 0 0 0 0 0 0 0 18 0 6 5 6 1 0 0 1 12 19 0 0 0 3 28 0 0 0 0 10 0 0 0 5 38 24 0 10 21 0 0 0 22 0 0 4 41 22 0 4 0 0 0 8 1 7 4 0 0 19 10 0 0 0 0 7 0 0 0 0 0 0 0 0 0 0 0 0 1 11 0 0 0 0 0 1 0 0 15 0 0 0 14 30 0 0 15 3 1 0 0 0 0 0 0 0 0 0 0 11 0 10 9 0 10 0 1 14 0 0 2 4 0 0 2 0 24 1 6 8 0 0 0 0 11 4 0 0 6 0 10 0 0 0 13 3 0 0 0 0 0 0 0 0 0 0 0 0 0 5 0 2 0 0 0 0 0 0 0 0 2 0 0 8 2 0 0 0 3 0 0 0 0 0 0 0 0 0 0 0 0 0 0 0 0 10 1 0 
 2 2 2 2 0 0 1 0 2 3 0 0 2 1 2 5 0 2 2 0 1 4 0 5 2 0 2 1 2 0 61 59 0 2 1 0 0 7 1 2 334 316 412 94 272 44 125 230 97 86 49 71 228 0 237 49 31 156 115 88 0 0 2 0 0 0 16 7 4 0 2 0 7 2 3 0 0 0 5 0 0 0 0 0 0 0 0 0 0 0 0 0 0 0 0 0 0 0 0 0 0 0 0 0 0 0 0 0 0 0 0 12 0 0 0 0 0 0 0 0 0 8 10 0 1 11 10 9 10 14 10 0 0 0 15 1 0 14 12 16 6 0 0 0 0 0 4 0 0 0 0 0 6 0 39 9 0 7 37 2 0 0 0 0 0 0 0 0 0 0 5 2 0 0 0 0 0 0 0 0 0 0 0 0 9 4 0 0 0 0 0 0 0 0 0 0 17 0 0 0 0 1 50 40 0 9 8 9 0 8 11 6 0 9 14 9 8 51 34 0 0 0 0 0 0 0 6 9 0 0 0 0 16 0 0 0 0 3 0 0 0 0 0 0 0 0 0 0 0 0 0 9 0 0 0 0 0 2 0 0 0 0 0 0 0 10 0 1 0 0 11 0 0 0 0 0 0 0 0 0 0 0 0 0 0 0 0 35 0 0 
 0 0 8 8 0 6 1 0 3 0 0 0 0 0 5 4 0 0 0 0 3 2 3 3 3 26 3 3 3 6 3 3 3 3 3 21 5 3 6 3 135 546 299 98 102 78 297 126 84 112 282 107 304 237 0 177 101 152 95 561 0 0 0 1 1 3 0 3 1 0 0 0 0 0 1 0 3 1 3 0 0 0 0 0 0 0 0 0 0 0 0 0 0 0 0 0 0 0 0 1 0 11 0 0 0 1 0 0 0 0 0 0 0 0 0 0 0 0 0 0 0 21 15 0 15 13 0 6 12 0 7 9 0 1 25 14 1 42 1 13 4 12 0 1 3 0 0 0 0 1 12 0 18 0 0 0 0 0 0 0 0 0 0 0 0 0 0 0 0 0 0 4 5 0 0 0 0 4 0 0 0 0 0 0 0 0 0 0 0 0 0 0 0 0 0 0 1 0 0 0 10 24 16 19 0 13 1 18 36 0 36 16 0 12 25 16 8 4 8 8 9 0 0 0 0 0 0 0 0 0 0 0 9 0 0 0 0 0 0 0 0 0 13 0 0 0 0 0 0 0 0 9 0 1 0 0 0 0 0 2 0 0 1 0 3 23 2 1 0 0 0 0 0 0 0 0 0 0 0 0 0 0 0 0 0 8 0 1 1 0 
 0 3 0 0 0 0 0 0 0 0 0 0 0 0 0 0 0 0 0 0 0 2 2 0 0 0 0 0 0 0 0 0 0 0 204 206 0 0 0 0 23 168 104 161 357 205 17 48 383 244 69 42 39 49 177 0 143 158 56 59 0 25 8 0 0 0 48 0 31 0 0 0 3 3 60 2 2 0 224 11 0 0 0 0 0 0 0 0 0 0 0 0 0 0 0 0 0 0 0 0 0 0 0 0 0 0 0 0 0 0 0 0 0 0 0 0 0 0 0 0 13 30 5 29 30 34 0 7 6 0 1 24 0 9 16 51 45 0 0 0 8 3 0 0 0 0 0 0 0 0 3 0 20 1 0 0 0 0 1 10 0 0 0 0 0 0 0 0 0 0 3 0 6 0 0 0 0 0 0 0 0 0 0 0 0 0 0 0 0 0 0 0 0 0 0 0 0 0 0 0 0 0 17 20 68 8 0 0 20 13 14 10 0 0 1 10 13 0 0 0 0 0 0 0 0 0 0 0 15 0 1 0 67 0 7 0 0 0 16 49 0 0 0 0 0 0 0 0 0 0 0 9 0 0 0 0 0 0 0 1 0 0 65 0 66 3 2 1 0 0 20 0 0 0 0 0 0 0 0 0 0 0 5 0 7 0 0 0 0 0 
 0 0 0 0 0 2 0 0 0 1 0 0 0 0 0 4 0 62 0 0 0 0 0 0 57 0 0 0 0 2 0 0 0 0 0 0 3 0 0 0 93 98 58 116 60 310 29 169 182 193 86 145 52 31 101 143 0 120 56 107 0 3 4 0 0 0 0 3 58 0 0 0 0 4 1 52 0 0 52 11 0 0 0 0 0 0 0 0 0 0 0 0 0 0 0 0 0 0 0 0 0 0 0 0 11 0 0 0 0 0 0 0 0 0 0 0 0 0 0 0 23 20 0 11 1 2 0 31 10 0 25 1 0 0 27 0 4 0 0 1 7 4 0 2 4 0 0 0 0 4 1 0 3 0 0 0 0 0 12 1 0 0 0 0 0 1 0 0 0 0 0 1 0 0 0 0 0 3 0 0 18 0 0 0 0 0 0 19 0 0 0 0 0 0 0 0 0 0 0 0 9 13 23 0 30 0 1 6 23 1 2 8 0 0 12 7 9 12 7 0 1 0 0 0 0 0 2 2 1 0 1 0 55 0 5 0 0 0 4 17 0 0 0 0 0 0 0 0 0 0 0 8 0 2 0 0 0 0 0 21 0 0 3 0 3 9 2 105 0 0 0 0 0 0 0 0 0 0 0 0 0 0 3 0 4 0 0 0 2 0 
 3 73 10 6 3 3 5 7 3 3 5 3 4 33 3 3 7 3 8 3 0 0 0 0 0 3 0 0 0 2 1 0 0 0 0 0 3 0 1 3 21 98 44 136 118 75 38 32 397 59 72 331 247 156 152 158 120 0 35 252 0 106 0 0 0 0 51 2 0 1 2 0 0 0 2 0 0 0 79 2 0 20 0 29 6 0 0 9 0 0 0 0 6 0 0 0 2 0 0 0 0 0 9 0 0 0 0 0 0 0 0 0 2 0 0 0 0 0 0 0 0 6 0 1 27 39 14 10 6 0 15 8 0 0 0 0 39 19 0 0 0 0 0 0 0 0 0 0 0 0 8 0 41 0 0 0 0 0 0 1 0 5 0 0 0 0 0 0 6 0 8 0 24 0 0 0 0 0 0 0 0 14 0 0 0 0 0 11 0 0 0 0 8 0 0 0 0 0 0 0 0 0 34 23 0 20 0 0 2 0 29 18 0 8 67 10 0 21 0 0 0 0 0 0 0 0 14 0 0 0 0 0 10 0 0 0 0 0 0 5 0 0 14 0 0 0 0 0 0 0 0 6 0 2 60 0 0 0 0 0 0 26 1 49 2 3 2 0 0 0 30 0 0 0 0 0 0 0 0 0 0 2 0 0 15 10 0 1 2 0 
 3 0 5 3 3 3 3 3 3 3 3 3 6 3 3 4 3 3 7 3 0 2 1 0 2 92 0 1 0 100 0 63 1 0 0 1 39 0 0 63 382 98 27 91 67 69 249 118 92 93 114 37 182 115 95 56 56 35 0 260 2 6 0 2 21 4 0 1 0 0 7 11 3 0 1 0 7 3 5 3 0 0 0 0 0 0 0 0 0 0 0 0 0 0 0 0 0 0 0 0 0 0 0 0 1 49 0 0 0 18 9 12 0 0 0 0 0 1 0 0 13 0 16 10 6 3 0 11 4 2 10 0 14 31 16 32 28 5 52 20 0 1 0 0 0 3 0 1 14 0 0 14 12 0 0 0 0 1 0 0 0 0 0 0 0 0 0 0 0 0 0 0 0 0 6 0 0 0 0 0 0 0 13 1 0 0 0 0 0 34 13 0 0 1 0 0 1 17 0 0 9 12 0 1 0 0 26 42 24 22 21 0 27 10 16 32 14 0 11 14 0 0 0 0 0 0 0 0 0 0 0 0 3 0 20 0 0 0 4 4 0 0 0 0 0 0 0 0 0 0 0 4 0 0 0 0 0 0 1 0 0 1 0 0 2 2 3 0 0 0 0 0 0 0 0 2 0 0 0 0 0 0 11 0 1 0 0 2 1 0 
 0 0 5 9 28 2 0 0 0 3 0 0 0 0 3 4 0 0 2 0 3 1 4 4 2 74 4 5 2 5 4 5 3 5 3 3 6 5 4 4 58 38 100 45 73 80 62 94 66 88 67 28 289 88 561 59 107 252 260 0 53 0 0 2 13 2 2 2 2 2 0 0 0 2 18 0 4 0 1 0 0 0 0 0 0 0 0 0 0 0 0 0 0 0 0 0 0 0 0 0 0 0 0 0 0 9 0 0 0 20 0 2 0 0 0 0 0 0 0 0 10 12 8 10 0 0 1 8 1 13 11 0 7 1 16 0 0 9 10 20 0 0 0 0 0 4 0 0 0 0 0 0 0 0 0 0 0 0 0 0 0 0 0 0 0 0 0 0 0 0 0 3 0 17 0 0 0 3 0 0 0 0 0 0 0 0 0 1 0 0 6 6 0 0 0 0 0 0 0 0 12 15 0 18 0 0 0 8 18 12 8 5 6 7 15 0 11 9 8 19 0 0 0 0 0 0 0 0 0 0 0 0 0 0 0 0 0 0 0 0 0 0 0 0 0 0 0 0 0 0 0 0 0 2 2 0 0 2 0 2 0 0 2 0 2 10 7 0 0 0 0 0 0 0 0 0 0 0 0 0 0 0 0 0 0 0 9 0 2 0 
 0 2 2 4 2 0 0 0 0 0 1 0 0 0 2 0 0 0 0 0 0 0 0 0 0 0 0 0 0 52 0 0 0 0 0 0 2 0 0 0 0 0 0 0 0 1 0 0 2 0 0 2 0 0 0 0 0 0 2 53 0 171 192 47 39 41 164 425 113 92 467 88 282 37 115 99 157 39 41 122 0 0 0 0 0 0 0 0 0 0 0 0 0 0 0 0 1 0 0 0 0 0 0 0 0 0 0 0 0 0 0 0 0 0 0 0 0 0 0 0 0 0 0 0 0 0 0 0 0 0 0 0 0 0 0 0 0 0 0 0 23 0 0 10 32 0 0 9 0 31 15 12 0 18 19 20 17 0 1 0 0 0 0 0 0 0 0 0 0 0 0 2 0 0 0 1 0 0 0 4 0 0 0 0 0 0 0 8 0 0 0 0 0 0 0 0 0 0 0 0 0 0 0 0 0 0 0 0 0 7 0 0 0 0 0 0 0 0 0 0 9 17 8 31 29 0 17 9 0 83 15 11 14 0 28 6 0 31 2 0 15 0 0 0 0 0 0 0 0 0 0 0 0 58 17 0 0 0 0 0 0 0 11 0 0 0 0 0 0 0 15 0 0 1 1 0 0 0 0 0 0 0 0 0 0 0 0 0 0 0 
