 0 95 271 438 35 51 321 149 41 140 146 37 364 308 138 45 207 319 130 152 0 0 1 3 2 0 0 3 0 0 3 5 0 0 0 0 0 2 3 2 2 0 2 4 0 0 0 3 7 0 3 2 0 0 0 3 0 0 3 0 0 6 0 0 0 0 0 0 3 3 0 46 5 0 0 3 0 3 2 2 22 36 1 19 0 1 5 25 1 0 12 0 9 1 0 0 10 24 13 11 0 0 0 0 0 0 1 0 0 0 0 0 0 0 0 0 10 0 13 0 0 0 0 0 0 0 0 0 0 0 0 0 0 0 2 0 3 0 0 0 0 0 0 0 0 0 0 0 0 0 0 10 0 0 0 1 0 0 0 0 15 32 0 13 0 0 3 11 29 12 0 8 32 8 3 12 24 0 19 16 0 0 0 0 0 0 0 2 0 0 0 0 0 0 10 0 0 0 0 10 0 16 0 0 0 0 0 0 0 0 0 4 0 2 0 0 0 0 0 0 0 9 0 0 0 0 0 0 0 2 0 0 1 0 0 0 0 0 1 0 0 0 0 0 0 4 91 2 89 96 0 3 0 0 0 0 0 0 0 0 0 0 0 0 0 0 0 0 0 0 0 0 0 0 0 3 8 13 0 0 0 0 0 0 0 0 0 0 0 0 
 95 0 230 184 58 253 218 127 106 39 52 64 76 138 238 449 175 231 306 113 0 0 0 1 0 0 0 0 0 0 0 214 0 0 0 0 1 0 0 2 0 0 2 0 0 30 0 0 1 0 3 3 1 0 0 0 0 0 2 0 0 3 0 45 0 0 0 0 0 3 0 3 3 0 0 3 0 3 2 2 26 29 21 16 0 11 10 25 50 46 0 50 10 21 9 18 14 19 16 1 12 0 0 0 0 1 0 1 2 2 0 0 0 0 0 0 0 0 0 15 0 0 0 0 0 0 0 0 0 0 0 0 0 0 0 0 0 0 0 0 0 0 0 0 0 0 0 0 0 0 0 1 0 0 0 0 0 11 0 0 7 0 20 0 19 0 1 15 10 25 0 8 0 12 7 11 19 14 0 4 0 0 0 0 0 0 0 0 0 0 0 0 0 0 0 0 0 0 0 13 0 1 0 0 0 0 0 0 0 0 0 0 0 0 0 0 0 0 0 2 0 0 0 0 0 0 0 0 0 0 0 2 0 0 0 0 0 17 0 1 0 0 0 0 0 2 89 1 0 88 0 10 0 0 0 0 0 0 0 0 0 0 0 0 0 0 0 0 0 16 0 0 0 0 0 0 0 0 0 0 0 0 0 47 0 0 0 0 0 0 
 271 230 0 79 141 122 129 374 51 192 41 42 246 120 109 101 165 188 146 45 73 0 2 4 0 0 73 0 0 6 0 0 0 0 0 2 2 0 3 3 0 0 2 1 2 0 0 0 0 0 5 3 1 3 0 0 2 0 2 3 4 3 0 0 2 3 6 3 2 3 3 5 3 2 0 3 0 5 2 2 10 16 9 1 0 0 0 43 0 2 22 9 14 0 52 18 1 27 0 12 0 0 0 0 0 0 28 0 0 0 0 0 51 0 0 0 0 0 0 0 0 0 0 0 0 0 0 0 0 0 0 0 0 0 0 0 0 0 0 0 0 0 0 0 0 0 0 0 0 0 0 0 0 0 0 0 0 0 0 0 1 0 19 42 0 0 12 12 0 0 11 0 7 2 3 23 0 35 15 0 0 0 0 0 0 0 0 0 0 0 0 0 0 0 0 0 0 0 13 17 0 25 0 0 0 0 0 0 0 2 0 0 0 0 2 0 0 0 0 0 0 0 0 0 17 0 0 13 0 0 0 0 0 2 0 0 0 0 0 0 0 0 0 0 0 0 2 2 0 90 0 7 0 0 0 0 0 1 0 8 0 0 1 0 0 0 0 0 0 0 0 0 0 0 0 0 0 0 0 0 0 0 0 0 0 0 0 0 0 3 
 438 184 79 0 279 249 77 62 169 369 209 155 72 180 460 271 134 160 89 50 2 0 0 5 0 2 0 0 0 0 0 2 0 0 5 0 4 2 38 4 0 2 2 2 7 6 3 0 13 5 3 2 0 0 4 0 3 5 6 0 0 3 0 6 2 0 0 0 0 3 6 57 2 6 0 6 2 3 2 2 1 14 10 15 28 14 0 0 0 0 0 12 0 0 5 39 10 15 0 2 26 0 0 0 0 0 16 0 7 0 0 0 8 0 0 0 0 0 31 0 0 0 0 0 0 0 0 0 0 4 0 0 0 0 0 0 0 0 0 0 0 0 0 0 0 0 2 0 0 0 0 13 1 0 0 0 0 2 0 0 0 0 0 46 12 0 0 2 6 18 10 29 0 0 0 0 17 33 0 0 0 0 1 2 0 0 1 1 0 0 16 0 10 17 11 0 0 0 1 40 0 19 0 0 2 0 0 0 0 0 0 0 0 0 0 0 0 0 0 0 1 12 0 0 0 0 0 0 0 0 0 0 0 0 2 0 0 0 0 0 0 0 0 0 0 6 2 2 98 1 0 5 6 0 0 0 0 0 0 0 0 0 13 0 0 0 0 0 0 0 0 0 0 0 0 8 6 0 0 0 0 0 0 0 0 0 0 0 0 0 
 35 58 141 279 0 271 49 74 378 90 188 37 83 160 159 179 341 366 174 285 76 0 0 0 0 0 24 73 0 0 0 0 74 1 0 0 3 0 153 2 0 1 2 3 0 1 0 0 2 0 3 0 0 0 0 0 0 0 3 0 0 2 0 0 0 0 0 0 0 2 0 0 2 0 0 3 30 3 2 3 0 1 8 24 15 0 13 1 15 17 24 14 1 0 30 53 33 37 0 0 14 0 0 0 0 0 39 9 0 0 0 0 24 15 31 0 0 13 14 14 0 0 0 0 0 0 0 0 0 0 0 0 0 0 52 0 0 0 0 0 0 0 0 0 0 0 0 0 0 0 0 1 0 0 0 0 0 0 0 0 0 28 0 33 8 14 0 0 0 20 47 14 0 0 2 11 16 28 0 0 14 0 7 0 0 0 8 7 1 0 14 0 1 15 0 0 9 0 23 44 0 0 0 0 0 0 0 0 0 0 0 0 0 0 0 0 0 0 0 0 0 0 0 0 0 0 11 0 0 0 0 21 0 0 0 0 0 0 11 0 0 0 0 0 0 0 87 0 89 4 18 6 11 0 0 0 0 0 0 0 0 0 12 0 0 0 0 0 0 0 0 0 0 0 0 0 0 0 0 0 0 0 0 0 0 0 0 0 0 0 
 51 253 122 249 271 0 91 253 92 247 325 149 255 59 130 85 297 598 46 266 2 0 1 0 0 0 75 73 2 28 0 2 150 73 1 78 1 73 78 78 2 0 2 1 0 1 3 0 0 0 3 5 0 0 0 0 0 0 3 0 0 3 0 0 0 0 0 0 0 3 0 2 2 2 0 6 0 6 2 2 0 1 0 37 15 2 2 0 0 1 15 1 0 0 0 74 7 0 0 0 2 7 13 0 0 0 0 32 16 10 0 0 16 0 0 0 11 10 0 9 0 0 0 0 0 0 0 0 2 0 0 0 0 0 0 0 0 0 2 0 0 0 0 0 0 1 0 0 0 6 0 0 0 0 0 0 0 6 0 0 0 0 0 17 18 25 0 1 0 39 4 29 0 0 1 0 0 46 0 0 22 26 19 0 0 0 0 9 0 0 9 2 0 11 31 0 0 15 9 24 0 0 0 0 0 0 0 0 0 0 0 0 0 0 0 0 0 0 0 0 0 0 0 1 0 0 0 0 0 0 0 0 0 0 0 0 0 0 0 0 0 7 0 0 0 5 85 0 2 1 0 7 0 8 0 0 0 0 0 0 1 0 0 0 0 0 0 0 0 0 0 0 0 12 0 66 0 0 0 1 0 0 0 0 0 0 0 0 0 0 
 321 218 129 77 49 91 0 551 236 289 312 32 384 187 45 449 198 88 288 107 0 0 2 9 0 0 0 0 0 3 0 0 0 0 0 0 2 2 0 2 0 0 2 0 0 0 0 2 0 0 3 4 1 0 0 0 0 0 2 0 0 3 0 0 1 0 0 0 0 3 0 3 5 0 0 3 0 3 2 2 24 21 0 13 1 0 10 27 11 1 9 0 0 14 27 31 0 9 22 21 0 0 0 0 0 22 0 0 0 0 0 0 0 0 0 0 0 0 0 0 0 0 0 0 0 0 0 0 0 0 0 0 11 0 0 0 0 0 0 0 0 0 0 0 0 0 0 0 0 0 0 5 0 23 0 0 0 0 0 0 35 18 0 0 0 0 14 15 13 15 0 10 39 0 29 0 0 0 1 25 0 0 0 0 0 0 0 0 0 0 0 0 0 0 0 0 0 0 0 0 0 0 1 0 0 0 0 0 0 0 0 0 0 0 0 0 0 0 0 0 0 0 0 0 0 0 0 0 0 0 0 0 0 0 0 1 0 0 0 0 0 0 0 0 0 2 48 0 0 0 0 2 0 0 0 0 0 0 0 0 0 0 0 0 0 0 0 0 0 0 0 0 0 0 0 1 0 8 0 0 0 0 0 0 0 0 0 0 0 0 
 149 127 374 62 74 253 551 0 203 264 260 43 203 162 357 60 114 132 413 118 0 0 3 0 0 0 2 0 0 0 0 0 0 0 0 1 4 0 1 3 0 0 2 1 0 2 0 0 0 0 3 2 0 0 0 0 0 0 3 0 0 3 0 0 0 0 0 0 0 3 0 6 2 0 0 3 0 3 2 2 12 24 28 0 9 10 0 15 25 44 0 7 30 12 0 1 16 18 43 47 10 0 0 0 0 0 0 0 0 0 0 0 0 0 0 0 0 0 0 12 0 0 5 0 0 0 0 1 0 0 0 0 0 0 0 0 0 0 0 1 0 0 0 0 0 0 0 0 0 0 0 0 0 0 0 0 0 0 0 0 24 19 6 6 0 3 3 49 45 31 0 0 20 16 28 10 34 0 113 29 0 0 0 0 0 0 0 0 0 0 0 32 0 0 0 0 0 0 0 10 0 0 13 0 0 0 0 0 0 0 8 0 1 0 0 0 2 0 2 0 0 0 0 1 14 0 12 0 0 0 0 0 0 0 0 0 0 0 0 0 0 0 0 0 0 0 2 2 0 89 0 17 0 0 0 0 0 0 0 0 0 0 0 0 0 0 0 0 0 0 0 0 0 0 0 13 0 0 0 0 0 0 0 0 0 0 0 0 0 0 
 41 106 51 169 378 92 236 203 0 179 126 135 112 202 154 132 238 142 297 168 0 0 0 0 0 2 75 2 2 0 0 0 83 76 2 0 1 77 74 2 4 0 2 1 0 28 0 0 0 0 3 2 3 0 0 3 0 0 6 0 0 3 0 0 0 0 0 0 0 3 0 6 2 8 0 3 0 3 2 2 14 48 0 9 0 68 0 25 0 30 18 55 10 14 0 19 37 24 31 2 10 20 0 0 0 0 17 1 0 0 0 0 0 10 14 0 0 0 0 31 0 0 0 0 0 0 0 0 0 0 0 0 0 2 0 0 0 0 0 0 0 0 0 0 0 0 0 0 1 0 0 0 0 0 0 0 0 0 0 0 10 14 2 1 19 0 0 23 41 43 35 0 10 18 11 29 48 34 0 12 10 0 1 0 0 0 0 0 2 0 0 0 0 0 0 0 0 0 0 10 0 0 0 0 0 0 16 0 0 0 0 0 0 20 0 0 0 0 0 0 0 0 0 0 0 0 0 0 0 0 0 0 0 0 0 9 0 0 0 0 0 0 0 0 0 0 89 0 3 176 15 7 0 0 0 0 0 0 0 0 0 0 0 0 0 0 0 0 0 0 0 0 0 0 0 0 1 0 0 0 13 0 0 0 0 0 0 0 0 0 
 140 39 192 369 90 247 289 264 179 0 327 56 383 77 264 199 167 129 308 82 1 0 0 41 0 0 0 1 0 0 0 3 75 1 0 0 1 0 75 2 0 1 2 3 0 0 0 0 2 0 3 0 0 0 0 0 62 0 3 0 0 2 0 0 0 1 0 0 0 2 0 0 2 0 0 3 0 3 2 3 0 2 1 29 11 12 0 20 2 0 9 25 0 0 53 48 25 26 0 0 27 0 0 0 0 0 66 1 69 0 0 0 28 10 11 0 2 0 13 38 2 2 0 0 0 0 7 0 0 0 0 0 0 0 0 0 0 0 0 0 0 0 1 0 0 0 0 0 0 0 0 0 0 0 0 0 0 1 0 0 0 25 0 70 19 0 0 12 5 50 20 8 0 0 3 12 20 72 0 0 14 0 0 0 0 0 0 0 0 0 0 0 0 15 0 0 0 0 0 110 0 13 0 0 0 0 0 2 0 0 0 0 0 0 0 0 0 2 0 0 0 0 0 0 0 0 0 0 2 0 0 0 0 0 0 0 0 0 0 0 0 0 0 0 0 0 2 3 92 3 12 12 0 0 0 0 0 0 0 0 0 0 11 0 0 0 2 0 0 0 0 0 0 2 0 13 14 0 0 0 0 0 0 0 0 1 0 0 0 0 
 146 52 41 209 188 325 312 260 126 327 0 327 154 251 61 303 263 174 56 67 57 0 0 0 0 0 74 62 0 0 0 1 133 0 0 0 7 0 0 4 0 0 2 0 0 0 0 0 0 0 3 3 0 0 0 0 0 0 2 2 0 3 0 0 0 0 0 0 0 3 0 3 3 0 0 3 0 4 2 2 0 0 7 3 11 3 0 21 0 0 0 0 0 0 20 18 0 0 0 0 0 1 0 0 0 1 64 15 31 0 0 0 0 0 14 0 0 20 14 0 0 0 0 0 0 0 0 0 0 0 0 0 0 0 0 0 0 0 0 0 0 0 0 0 0 0 0 1 2 0 12 0 0 20 0 10 2 4 0 0 0 0 0 29 0 3 0 0 11 0 0 38 2 0 8 0 26 0 0 0 0 0 31 1 0 1 1 5 0 0 0 2 0 17 0 1 40 0 1 28 0 14 0 0 0 1 0 0 0 0 10 0 0 0 0 2 0 0 0 0 0 1 0 1 0 0 0 0 0 0 0 0 0 0 0 0 0 0 0 0 0 0 0 0 0 0 45 0 98 4 4 9 0 0 0 0 0 0 0 0 1 0 0 0 0 0 0 0 0 0 0 0 0 0 0 5 10 0 0 0 0 0 0 0 0 0 0 0 0 0 
 37 64 42 155 37 149 32 43 135 56 327 0 35 127 126 125 237 185 120 127 233 74 0 0 0 1 158 78 0 0 0 0 147 0 2 0 2 0 103 2 0 0 2 3 0 39 0 0 0 0 3 0 0 0 0 0 0 0 3 0 0 2 45 0 0 0 0 0 0 2 0 0 2 0 0 2 0 2 2 3 11 36 0 0 24 23 1 0 2 20 1 20 0 19 43 0 26 11 0 0 54 11 14 0 0 0 18 27 0 0 0 0 24 12 17 0 0 17 19 0 0 0 0 0 0 0 0 0 0 0 0 0 0 0 0 0 0 0 0 0 0 0 0 0 0 0 0 2 0 0 0 0 0 0 0 0 0 0 0 0 0 0 0 0 34 27 0 0 19 16 0 14 1 16 14 11 5 7 1 0 0 0 36 0 0 0 15 21 14 0 14 1 0 1 10 1 14 21 31 0 0 0 0 0 0 2 0 0 0 0 19 0 0 0 0 0 0 0 0 0 0 2 0 2 0 0 0 0 0 0 0 0 0 0 0 0 0 11 0 0 0 10 0 0 0 2 92 0 0 88 0 9 0 0 0 0 0 0 0 0 1 0 0 0 0 0 0 0 0 0 0 0 0 0 0 0 0 0 0 0 0 0 0 0 0 1 0 0 0 0 
 364 76 246 72 83 255 384 203 112 383 154 35 0 197 110 31 346 132 526 156 102 0 2 0 0 0 0 0 0 0 1 0 0 0 0 0 3 0 0 3 24 0 2 3 0 0 1 0 0 0 10 0 0 0 2 0 0 0 3 0 0 2 0 0 0 0 0 0 0 2 0 0 2 0 0 2 0 2 2 3 8 12 0 10 0 1 21 28 23 0 1 1 0 14 17 16 0 8 0 35 0 0 0 0 0 0 0 1 2 0 0 0 0 0 0 0 2 0 0 0 2 2 0 0 0 0 12 0 0 0 0 0 0 0 0 0 0 0 0 0 0 0 0 0 0 0 0 0 0 0 0 2 0 0 0 0 0 0 0 0 0 0 24 7 0 0 37 10 10 0 0 0 26 15 23 0 0 0 34 12 0 0 0 0 0 0 0 0 0 0 0 0 0 0 1 0 0 0 0 0 0 0 19 0 0 0 0 2 0 0 0 0 0 0 0 0 0 2 0 0 2 0 0 0 0 1 0 0 20 0 0 0 0 0 0 0 0 0 0 0 0 0 0 0 0 1 0 0 0 1 0 8 0 0 0 0 0 0 0 0 0 0 0 0 0 0 0 0 0 0 0 0 0 2 0 13 0 8 0 0 0 0 0 0 0 0 0 0 0 0 
 308 138 120 180 160 59 187 162 202 77 251 127 197 0 214 33 41 83 461 166 0 0 1 3 0 0 0 0 204 0 0 2 0 0 0 1 1 1 76 2 0 4 2 2 0 62 0 0 5 0 3 1 0 3 0 0 0 0 3 3 3 2 0 0 0 1 0 3 1 2 3 0 2 0 0 6 0 3 2 2 9 20 23 26 0 0 15 0 13 38 8 5 1 14 7 15 0 13 0 33 25 15 0 0 0 0 0 0 0 0 0 0 0 0 0 0 0 0 0 0 0 0 0 0 0 0 0 0 0 0 0 0 0 0 0 0 0 0 0 0 0 0 0 0 0 0 0 32 0 0 0 18 0 0 0 1 0 0 0 0 1 12 13 0 0 6 26 10 32 0 18 0 49 30 23 5 0 0 3 4 0 0 0 0 13 0 0 0 0 0 0 0 27 0 0 0 0 0 0 2 0 0 0 0 0 0 0 0 0 0 0 0 0 0 0 0 0 0 0 0 0 0 0 0 0 0 0 0 0 2 0 0 0 0 0 0 0 0 0 8 0 0 0 0 0 2 0 0 4 44 1 2 0 0 0 0 0 0 0 0 0 0 17 0 0 0 0 0 0 0 0 0 0 0 0 0 0 0 0 0 0 0 0 0 0 0 0 0 0 0 
 138 238 109 460 159 130 45 357 154 264 61 126 110 214 0 384 56 46 96 89 0 0 1 0 0 0 0 0 0 0 0 0 0 4 2 0 2 0 35 2 0 4 2 1 0 0 0 0 5 0 3 2 1 0 0 0 0 0 3 0 0 3 0 22 0 0 0 0 0 3 0 2 2 0 0 3 0 3 2 2 1 24 44 0 18 17 0 23 24 21 0 32 16 0 13 22 25 21 9 1 24 0 0 0 0 0 14 0 0 0 0 0 7 0 0 0 0 0 6 12 0 0 0 0 0 0 0 0 0 0 0 0 0 0 0 0 0 0 0 0 0 2 0 0 0 0 0 0 0 0 0 13 0 0 0 0 20 3 0 0 5 0 29 11 0 0 0 7 0 14 10 0 8 0 1 0 17 0 14 0 0 0 0 0 0 0 0 0 0 0 0 0 12 0 11 0 2 0 19 25 0 17 0 0 0 0 0 0 16 2 0 0 0 0 0 0 0 0 0 0 0 0 0 0 0 0 0 0 0 0 0 0 0 1 0 0 0 0 0 0 0 0 0 0 0 0 0 1 1 4 3 3 0 0 0 0 0 0 0 0 0 0 13 0 0 0 0 0 0 0 0 0 0 0 0 0 0 0 0 0 0 0 0 0 0 0 0 0 0 0 
 45 449 101 271 179 85 449 60 132 199 303 125 31 33 384 0 86 53 310 60 74 0 0 2 1 0 74 0 0 0 0 0 0 73 0 0 2 0 1 2 0 0 2 3 0 60 0 0 0 0 3 13 0 0 0 0 0 2 3 0 0 2 0 0 0 0 1 0 0 2 0 0 5 0 0 2 0 2 2 3 4 30 23 0 9 10 0 0 12 29 24 48 15 13 35 0 32 18 22 0 26 0 0 0 0 0 28 0 0 0 0 0 36 0 0 0 0 0 0 17 0 0 0 0 0 0 0 0 0 0 0 1 0 0 0 0 0 0 1 0 0 0 0 0 0 0 0 0 0 0 0 0 0 0 0 0 0 0 0 0 12 21 29 44 9 0 1 9 19 7 13 0 0 64 13 0 39 17 0 0 0 0 0 0 0 0 0 0 0 0 22 0 0 0 2 0 0 0 35 31 0 2 13 0 1 0 0 0 0 0 0 0 0 0 0 0 0 0 0 0 0 0 0 0 12 0 0 0 15 0 0 0 0 0 0 0 0 0 0 0 0 0 0 0 0 2 0 1 0 3 0 13 10 0 0 0 0 0 0 0 0 0 0 0 0 0 0 0 0 0 0 0 0 0 0 18 0 0 0 0 0 0 0 0 0 0 0 0 0 0 
 207 175 165 134 341 297 198 114 238 167 263 237 346 41 56 86 0 209 467 234 0 0 1 0 0 0 1 75 2 0 4 0 76 5 0 0 1 0 0 2 0 2 2 1 0 67 0 0 2 0 3 2 2 0 0 0 0 0 3 0 0 3 0 0 0 6 0 0 0 3 0 2 2 0 0 3 0 3 2 2 19 0 0 45 0 0 2 27 13 21 0 10 0 25 17 31 16 12 0 15 0 0 0 0 0 0 23 14 21 0 0 0 1 5 10 0 0 0 14 22 0 0 0 0 0 0 0 0 1 0 0 0 0 0 0 0 0 0 0 0 0 0 0 0 0 0 0 0 2 0 0 0 0 0 0 0 2 28 0 0 0 13 13 11 14 0 11 10 31 8 19 22 6 20 8 7 0 15 0 0 2 0 13 0 0 0 3 8 0 0 0 2 0 2 0 0 2 0 12 13 0 0 0 10 0 0 0 0 0 0 0 0 0 0 0 0 0 0 0 0 0 0 0 0 0 0 1 0 0 0 0 0 0 0 0 0 0 0 0 0 0 0 0 0 0 0 174 0 86 42 10 11 0 0 0 0 0 0 0 0 0 0 0 0 0 0 0 0 0 0 0 0 0 0 0 0 0 0 0 0 0 0 0 0 0 0 0 0 0 0 
 319 231 188 160 366 598 88 132 142 129 174 185 132 83 46 53 209 0 116 72 82 3 1 5 0 0 82 82 0 0 0 6 77 0 3 0 2 0 0 5 2 0 2 1 0 63 0 0 2 0 3 5 1 0 2 0 0 0 3 2 3 3 0 3 0 0 0 3 3 3 0 3 3 0 2 3 0 6 2 2 16 1 11 17 4 0 0 27 0 35 7 20 15 13 57 20 2 34 18 13 0 0 0 0 0 0 21 0 7 0 0 0 10 0 0 0 0 0 0 0 0 0 0 0 0 0 0 1 0 0 0 0 0 0 0 1 15 0 0 0 0 0 0 0 1 0 0 0 0 0 0 0 0 0 0 0 0 7 0 0 30 0 20 10 19 0 9 9 13 0 10 19 0 24 30 11 0 24 0 0 0 0 16 0 0 0 0 10 1 0 0 10 0 0 0 0 5 0 31 20 0 0 0 0 0 0 0 0 2 0 0 0 0 0 0 0 2 0 2 0 0 0 0 1 0 0 16 0 0 0 0 0 0 0 0 0 0 0 0 0 0 0 0 0 0 1 101 0 3 2 0 2 0 0 0 0 0 0 0 2 0 0 0 2 0 0 0 0 0 0 0 0 0 0 1 0 0 0 0 0 0 0 0 0 0 0 0 0 0 0 
 130 306 146 89 174 46 288 413 297 308 56 120 526 461 96 310 467 116 0 139 0 1 1 10 1 0 2 0 0 0 0 0 0 3 77 0 1 3 1 2 6 0 4 3 0 65 4 0 0 5 3 0 2 0 2 2 0 0 5 0 0 2 0 3 2 2 4 0 2 2 4 3 2 3 0 2 0 2 6 9 18 1 12 14 0 0 29 17 9 39 7 1 15 19 50 20 0 8 10 23 0 0 0 0 0 0 0 0 0 0 0 0 0 0 0 0 0 0 0 0 0 0 0 0 0 0 0 0 0 0 0 1 0 0 0 0 0 0 0 0 0 2 0 0 0 0 0 34 0 0 9 0 0 0 0 11 0 2 0 0 6 12 24 0 0 0 24 10 20 11 9 0 7 83 1 10 0 0 0 0 0 0 0 0 0 0 0 0 0 0 0 0 0 0 1 0 2 0 0 0 0 1 0 0 0 0 0 17 2 0 0 0 0 0 0 0 0 13 0 0 0 0 0 0 0 0 0 0 0 0 0 0 0 0 0 0 0 0 0 0 0 0 0 0 0 1 2 2 1 47 0 3 0 0 2 0 0 0 0 0 0 0 0 0 0 1 16 0 0 1 0 0 0 0 0 0 0 0 0 0 0 0 0 0 0 0 0 0 0 0 
 152 113 45 50 285 266 107 118 168 82 67 127 156 166 89 60 234 72 139 0 0 0 1 0 0 0 0 0 0 0 0 0 0 0 0 0 6 66 15 3 0 0 2 3 0 64 0 3 0 0 3 0 0 0 1 0 0 0 3 0 0 2 0 0 0 0 0 0 0 2 0 0 2 0 0 3 0 5 2 3 0 17 0 50 0 0 2 22 11 44 26 16 0 21 30 18 2 0 1 15 0 0 0 0 0 0 0 0 0 0 0 0 0 0 0 0 0 0 0 1 0 0 0 22 0 0 0 0 2 0 0 0 0 0 5 0 0 0 15 0 0 0 0 0 0 0 0 4 0 0 0 0 0 0 0 16 0 0 0 0 7 18 0 0 16 0 0 9 20 0 11 0 7 26 68 11 19 0 15 0 0 0 0 0 0 0 0 0 0 0 0 2 0 0 0 0 0 0 15 0 0 0 0 8 0 0 0 0 0 0 0 0 0 0 0 0 0 0 0 0 0 1 0 1 0 0 0 0 0 0 0 0 0 0 0 0 0 0 0 0 0 0 0 0 0 0 0 0 2 1 0 7 13 0 0 0 0 0 0 0 2 0 0 0 0 0 0 0 0 0 0 0 0 0 0 0 0 0 0 0 0 0 0 0 0 0 0 0 0 0 
 0 0 73 2 76 2 0 0 0 1 57 233 102 0 0 74 0 82 0 0 0 71 77 261 28 31 220 130 28 121 49 30 152 124 129 124 37 42 231 113 2 0 0 7 2 4 3 2 0 0 0 3 2 0 0 0 3 0 3 0 45 0 2 2 3 0 0 0 0 3 3 0 0 0 2 6 0 3 3 2 0 0 0 0 12 1 0 0 0 0 11 21 0 0 14 0 11 0 0 0 0 10 5 31 0 0 15 13 29 29 0 26 32 18 28 0 8 46 35 13 0 0 0 0 0 0 0 0 0 0 0 0 14 0 0 0 0 0 1 0 0 0 0 0 0 0 0 0 0 0 0 0 0 15 0 0 0 0 0 23 0 0 0 0 10 42 0 0 0 0 0 5 0 0 0 0 0 13 0 0 15 12 0 8 0 0 29 30 33 32 11 1 14 26 20 13 39 0 51 8 0 0 0 0 0 0 0 0 0 0 15 0 4 0 0 0 0 0 0 0 0 0 0 0 0 0 0 0 0 0 0 0 0 0 0 0 0 0 0 0 0 0 0 0 0 0 0 0 0 0 0 0 0 0 6 2 0 0 1 2 2 0 0 0 0 0 34 0 0 0 0 0 0 0 0 0 0 0 0 0 0 0 0 0 0 0 0 0 0 0 
 0 0 0 0 0 0 0 0 0 0 0 74 0 0 0 0 0 3 1 0 71 0 254 175 118 40 155 293 373 191 140 189 78 64 393 237 35 45 118 163 2 0 0 0 0 6 5 85 0 62 0 3 64 1 0 0 0 0 0 0 0 2 3 2 2 0 0 0 0 0 3 0 0 1 0 3 0 3 16 0 0 0 0 0 0 31 0 0 2 0 0 0 0 0 0 0 0 0 0 0 9 0 34 10 32 19 0 92 0 0 21 20 12 47 0 20 4 12 0 0 18 0 0 0 0 0 0 29 0 0 2 0 0 0 12 0 0 0 12 0 0 0 0 0 0 0 0 0 0 4 0 0 0 8 0 0 0 0 0 1 0 0 0 0 10 0 1 0 0 0 0 0 0 0 0 0 0 0 0 0 27 19 18 15 12 0 1 11 0 30 0 39 0 13 0 31 0 27 11 0 13 0 0 0 0 0 12 0 0 0 0 0 0 0 11 0 0 0 0 20 0 0 0 0 0 0 0 0 0 0 0 0 0 0 0 0 0 0 0 0 0 0 0 0 0 0 0 0 0 0 0 0 0 0 17 2 0 4 0 2 19 0 0 0 0 0 0 0 0 0 0 0 0 0 0 0 0 0 0 1 0 9 0 0 0 0 0 0 0 0 
 1 0 2 0 0 1 2 3 0 0 0 0 2 1 1 0 1 1 1 1 77 254 0 163 87 108 67 229 316 40 325 180 51 343 208 208 344 212 34 18 2 0 0 0 0 4 88 2 0 0 0 3 18 5 0 2 0 0 62 0 0 0 2 2 3 0 0 0 0 0 3 0 0 0 0 3 0 3 6 0 0 0 0 0 0 0 0 0 14 0 0 0 1 0 0 0 0 0 0 0 0 0 16 61 0 50 21 0 0 0 13 25 0 0 0 10 17 0 0 0 7 0 0 0 0 0 15 0 0 0 0 0 23 17 0 0 0 0 32 12 0 0 0 0 0 0 2 0 0 2 0 0 0 3 0 0 0 1 2 0 0 0 0 0 0 0 0 0 0 0 0 0 0 0 0 0 9 0 0 0 8 0 12 2 36 55 0 0 0 39 0 7 0 0 0 12 21 30 0 0 12 0 0 0 0 0 0 48 0 0 0 0 23 15 13 0 0 0 10 63 0 0 0 0 1 0 0 0 0 2 0 0 0 0 0 1 0 0 0 0 0 0 26 0 0 0 0 0 0 1 0 0 0 0 11 0 0 79 109 0 14 0 0 0 0 0 0 0 0 0 0 0 0 0 0 0 0 0 0 0 0 22 0 0 0 0 0 0 1 0 
 3 1 4 5 0 0 9 0 0 41 0 0 0 3 0 2 0 5 10 0 261 175 163 0 125 117 120 322 180 164 70 261 87 148 497 272 121 295 81 164 2 0 0 0 0 7 140 2 0 0 0 5 18 0 52 0 0 0 0 0 0 2 3 2 2 0 0 0 0 0 5 2 0 1 0 3 0 3 5 0 0 0 0 0 1 0 0 0 0 0 0 0 0 0 0 0 0 11 0 0 1 25 0 13 15 8 0 27 10 35 11 34 9 0 15 38 18 0 36 15 9 0 0 0 0 0 22 0 0 0 0 0 22 0 0 0 0 10 8 9 0 0 0 0 0 1 0 0 0 1 0 0 0 0 0 0 0 0 0 16 0 0 0 0 0 0 0 0 0 0 0 0 0 0 0 0 0 0 0 0 13 2 23 19 23 13 0 1 11 26 38 17 33 37 42 33 7 1 0 0 12 0 0 1 0 0 10 0 0 0 0 0 0 19 12 0 2 0 0 0 0 0 0 0 0 0 0 0 0 0 0 0 1 0 0 0 0 0 0 2 0 0 0 0 0 0 0 0 0 0 0 0 0 0 9 1 1 205 0 2 18 16 0 0 0 0 0 0 0 0 0 0 0 0 0 0 0 0 0 0 0 0 0 0 0 0 0 0 0 0 
 2 0 0 0 0 0 0 0 0 0 0 0 0 0 0 1 0 0 1 0 28 118 87 125 0 157 46 145 122 144 377 194 77 66 176 147 132 75 70 81 3 0 0 0 0 4 4 2 0 0 0 9 2 0 0 0 0 0 130 62 0 0 2 2 3 0 0 0 0 0 2 0 3 0 4 5 0 3 0 2 0 0 0 0 0 0 0 0 0 0 0 0 0 0 0 2 0 0 0 0 0 0 0 14 0 14 0 0 14 0 21 11 0 0 0 8 10 0 0 0 8 8 16 0 0 0 32 21 6 0 0 0 29 1 25 0 0 5 21 0 0 0 0 0 0 0 3 0 0 1 0 0 0 0 0 2 1 0 0 0 0 0 0 0 0 0 0 0 0 0 0 0 0 0 0 0 1 0 0 0 0 0 0 19 16 30 0 0 0 14 0 10 0 1 0 0 30 15 0 0 0 0 0 0 0 0 10 12 17 0 0 12 2 14 1 16 0 0 15 10 0 0 8 0 0 0 0 0 0 0 0 0 0 0 0 0 0 0 0 0 0 0 0 0 0 0 0 0 0 0 0 0 0 0 30 2 0 76 5 0 1 0 0 0 0 0 0 0 0 0 0 0 0 0 0 0 0 0 0 0 0 0 0 0 0 0 32 0 0 0 
 0 0 0 2 0 0 0 0 2 0 0 1 0 0 0 0 0 0 0 0 31 40 108 117 157 0 20 263 337 43 87 37 45 54 274 137 105 202 104 59 64 2 0 0 0 4 45 1 0 0 0 31 73 0 4 35 45 21 142 187 27 0 2 2 3 0 0 0 1 0 3 0 0 0 0 3 0 3 5 0 0 0 0 0 0 0 0 0 0 0 0 0 0 0 0 0 0 0 0 0 0 0 0 0 0 10 0 0 0 0 0 8 0 0 0 0 0 0 0 0 0 9 6 10 28 0 20 12 9 0 0 1 11 0 62 0 16 36 1 12 13 0 0 0 0 0 0 0 0 0 0 0 0 0 0 0 0 0 0 0 0 0 0 0 0 0 0 0 0 0 5 0 0 0 0 0 0 0 0 0 0 0 9 23 10 18 14 0 0 8 1 13 0 0 0 0 8 24 0 0 10 0 0 0 0 0 22 9 31 0 16 14 0 54 10 0 12 19 12 28 0 0 0 0 0 0 0 0 0 0 0 0 0 0 0 0 0 0 0 0 0 0 0 0 0 0 0 0 0 0 0 0 0 0 12 0 2 4 0 0 1 0 0 0 0 0 0 0 0 0 0 2 0 0 0 0 0 0 0 0 0 0 0 0 15 0 6 0 0 0 
 0 0 73 0 24 75 0 2 75 0 74 158 0 0 0 74 1 82 2 0 220 155 67 120 46 20 0 173 34 116 35 86 220 316 264 43 35 117 220 103 2 0 0 0 0 5 71 64 0 0 0 4 0 0 0 0 0 0 0 0 0 3 3 3 2 0 0 0 0 0 3 0 0 2 0 3 0 3 3 0 0 0 0 0 25 1 0 0 0 0 27 1 0 0 14 0 11 0 0 0 33 11 13 0 0 0 19 26 0 0 0 0 30 12 13 0 8 45 10 0 0 0 0 0 0 0 0 0 0 0 0 0 0 0 0 0 0 0 0 0 0 0 0 0 0 0 0 0 0 0 0 0 0 0 0 0 0 0 0 0 0 0 0 4 21 19 0 0 0 6 0 12 0 0 0 4 0 14 0 0 1 0 32 0 0 0 8 26 1 0 20 64 17 0 10 1 8 9 17 0 1 0 0 0 0 0 0 0 0 0 0 0 0 0 0 0 0 0 0 0 0 0 0 0 0 0 0 0 0 1 0 0 0 0 0 4 0 0 10 0 0 0 0 0 0 0 78 0 0 22 0 0 0 0 6 1 2 4 0 2 2 0 0 0 0 0 0 0 0 0 0 0 0 0 0 0 0 0 0 0 0 0 0 0 0 0 0 0 0 0 
 3 0 0 0 73 73 0 0 2 1 62 78 0 0 0 0 75 82 0 0 130 293 229 322 145 263 173 0 226 27 129 176 201 408 172 57 28 40 63 69 2 0 0 0 69 3 3 1 0 0 0 3 63 0 0 0 0 0 0 65 0 0 2 2 3 0 0 0 0 0 3 0 0 0 0 3 0 3 0 0 0 0 0 0 0 0 0 0 0 0 0 0 0 0 0 0 0 0 0 0 0 10 6 11 22 11 16 42 7 0 12 28 2 12 36 8 5 28 0 0 28 1 0 1 0 0 19 0 0 0 0 0 10 0 20 0 0 0 10 0 0 0 0 1 0 0 0 0 0 0 0 0 0 0 0 0 0 1 0 0 0 4 0 0 0 0 0 0 0 0 0 7 0 0 0 0 0 0 0 20 0 0 34 28 19 1 0 9 0 23 1 22 0 10 0 38 44 0 14 0 13 0 0 0 0 0 13 1 16 0 0 3 10 3 13 0 0 0 8 7 0 0 0 0 0 0 0 0 0 0 0 0 0 0 0 0 0 0 0 0 0 0 0 0 0 0 30 0 0 0 0 39 0 1 2 0 0 1 0 2 13 0 0 0 0 0 0 0 0 0 0 2 0 0 0 0 0 0 0 0 0 0 0 0 0 0 1 0 0 0 
 0 0 0 0 0 2 0 0 2 0 0 0 0 204 0 0 2 0 0 0 28 373 316 180 122 337 34 226 0 437 407 256 82 101 627 148 117 166 89 90 66 1 0 0 0 5 24 2 0 61 0 3 63 6 1 0 0 0 62 0 0 0 2 2 3 0 0 0 0 0 2 0 29 0 0 31 0 3 0 0 0 0 0 0 0 0 0 0 0 0 0 0 0 0 0 0 0 2 0 0 1 0 18 15 0 67 0 14 0 0 24 5 0 12 0 8 7 0 0 0 13 18 0 0 10 0 42 0 0 0 0 0 13 1 19 0 11 0 28 3 0 0 0 0 0 0 6 0 0 1 0 0 0 2 0 0 1 0 0 0 0 0 0 0 0 0 0 0 0 0 9 0 0 0 0 0 0 2 14 0 0 0 11 18 68 20 0 0 0 27 2 53 1 0 0 5 14 49 0 0 10 0 0 0 0 0 7 0 0 0 0 1 1 11 12 0 0 0 15 22 0 0 0 0 0 0 0 0 0 0 0 1 0 0 0 0 0 0 0 0 0 0 17 0 0 0 0 0 0 0 0 0 0 0 15 1 0 78 1 0 2 2 0 0 0 0 0 0 0 0 0 0 0 0 0 0 0 0 0 0 0 18 0 0 0 0 0 0 0 0 
 0 0 6 0 0 28 3 0 0 0 0 0 0 0 0 0 0 0 0 0 121 191 40 164 144 43 116 27 437 0 302 28 60 227 251 174 147 43 166 380 4 1 0 0 0 4 3 22 0 0 0 10 0 0 0 2 0 0 1 0 0 0 4 2 3 0 0 0 0 0 3 0 3 0 2 3 0 3 3 0 0 0 0 0 1 1 0 0 0 0 0 0 0 0 0 0 0 0 0 0 37 45 20 0 0 11 1 18 8 10 12 1 7 21 0 0 27 0 2 9 0 8 0 0 0 0 1 0 0 0 0 0 0 9 0 0 0 0 0 0 0 0 0 0 0 0 0 0 0 0 0 0 0 0 0 1 2 0 0 0 0 0 0 0 14 13 0 0 0 0 0 1 0 0 0 1 0 0 0 0 35 43 17 0 18 0 6 18 14 0 41 32 36 15 18 20 15 0 29 15 0 0 0 0 0 0 0 7 0 0 0 0 0 8 9 0 0 0 9 0 0 0 0 0 0 0 0 0 0 0 11 0 0 4 0 0 0 0 9 0 0 0 0 0 0 1 0 0 0 0 0 0 0 0 5 0 0 78 76 2 0 2 0 0 0 0 0 0 0 0 2 0 0 0 0 0 0 0 0 20 0 0 0 0 0 9 0 0 0 0 
 3 0 0 0 0 0 0 0 0 0 0 0 1 0 0 0 4 0 0 0 49 140 325 70 377 87 35 129 407 302 0 119 202 37 217 154 189 42 24 51 102 1 0 2 0 4 5 47 0 0 0 3 0 0 0 61 0 0 62 63 0 0 2 2 3 0 0 0 8 52 3 0 0 0 0 3 0 6 4 5 0 0 0 0 0 0 0 0 0 0 0 0 15 0 0 0 0 0 0 0 0 0 3 14 12 15 0 0 0 0 2 14 0 0 0 7 6 9 0 0 44 20 0 0 0 0 10 17 0 0 0 0 12 15 24 0 54 17 20 9 0 0 0 0 0 0 9 0 0 0 0 0 0 0 0 0 3 0 1 0 0 0 0 0 0 0 0 0 0 0 18 1 0 0 0 0 0 0 0 0 0 0 22 27 30 22 0 0 0 53 17 16 0 0 0 14 6 27 0 0 0 0 14 0 0 0 1 7 0 0 0 0 11 7 11 15 6 12 46 23 0 0 0 0 0 0 0 0 0 0 0 0 0 0 0 0 0 0 0 0 0 0 21 0 0 0 0 0 0 0 0 0 0 0 7 2 3 74 0 1 0 2 0 0 0 0 0 0 0 0 0 0 0 0 0 0 0 0 0 0 0 71 0 0 0 0 0 0 0 0 
 5 214 0 2 0 2 0 0 0 3 1 0 0 2 0 0 0 6 0 0 30 189 180 261 194 37 86 176 256 28 119 0 52 164 104 174 257 277 34 104 2 5 4 0 0 7 3 1 1 0 0 3 1 0 1 0 0 0 28 0 0 0 2 2 3 2 0 0 0 2 3 34 0 0 2 3 0 3 8 0 0 2 0 0 0 0 0 0 0 0 0 0 0 0 0 10 0 0 0 0 9 6 24 0 39 18 0 34 12 16 58 29 0 16 40 32 32 0 0 12 15 0 0 0 0 0 11 0 0 0 0 0 0 18 0 0 1 0 14 0 0 0 0 0 0 0 11 0 0 0 0 0 0 15 0 0 0 0 0 0 0 0 0 0 0 2 3 0 0 0 0 0 12 0 0 0 0 0 0 0 31 1 14 23 21 37 1 5 0 16 35 21 27 24 15 38 19 0 0 0 0 0 0 0 0 0 10 40 0 0 0 1 0 0 14 1 0 0 13 13 0 7 0 0 0 0 0 0 0 0 0 0 0 0 0 0 0 1 0 0 0 0 0 0 0 0 0 0 0 0 0 0 0 0 12 0 2 75 5 3 11 0 0 0 0 0 0 0 0 0 0 0 0 0 0 0 0 0 0 0 0 0 0 0 0 0 0 0 0 1 
 0 0 0 0 74 150 0 0 83 75 133 147 0 0 0 0 76 77 0 0 152 78 51 87 77 45 220 201 82 60 202 52 0 167 167 162 41 42 202 107 2 0 3 0 0 3 3 3 0 0 0 3 2 0 1 0 2 0 0 0 0 0 27 2 6 1 0 0 0 0 5 0 0 6 0 3 0 3 0 2 0 0 11 14 13 11 0 0 0 0 8 1 0 0 0 2 1 3 0 0 0 37 33 4 11 0 31 30 20 11 22 0 10 0 17 20 0 11 0 25 0 1 0 0 0 0 0 0 0 0 0 0 0 0 0 0 0 0 0 0 0 0 0 0 0 0 2 0 0 0 0 0 0 0 0 0 0 1 0 7 0 8 0 0 0 7 0 0 0 2 26 15 0 0 0 0 0 19 0 0 56 1 24 0 0 0 11 19 14 0 6 0 0 27 14 0 23 0 30 9 0 0 0 1 0 0 10 0 0 0 0 0 0 0 0 0 0 0 0 0 0 0 0 0 0 0 0 0 0 0 0 1 0 0 0 0 0 0 1 0 0 1 0 0 0 0 19 0 0 0 1 0 0 0 6 0 2 0 79 0 2 0 0 0 0 0 0 0 0 0 0 0 0 0 0 6 0 0 0 0 0 0 0 0 0 0 0 0 0 0 
 0 0 0 0 1 73 0 0 76 1 0 0 0 0 4 73 5 0 3 0 124 64 343 148 66 54 316 408 101 227 37 164 167 0 285 204 22 101 411 241 2 0 0 0 0 6 3 0 0 0 0 3 0 0 0 0 0 0 1 0 0 0 2 2 3 0 0 0 0 0 2 0 0 0 0 3 0 3 3 0 0 2 0 13 14 0 0 0 0 0 8 1 1 0 0 1 1 1 0 0 13 53 50 15 15 0 13 19 8 17 49 0 26 24 9 15 22 0 13 25 0 0 0 0 0 0 0 0 0 0 0 0 0 0 0 0 0 0 0 0 0 0 0 7 0 0 0 0 0 7 0 0 0 4 0 0 0 0 0 0 0 8 0 0 0 9 0 0 0 1 13 1 0 2 0 0 0 11 0 0 43 21 29 1 2 0 10 42 28 15 8 37 8 35 26 1 18 4 9 6 0 0 0 0 0 0 10 0 0 0 0 0 0 0 0 0 0 0 4 21 0 0 0 0 0 0 0 2 0 0 0 0 0 0 0 0 0 0 0 0 0 0 0 0 0 0 0 0 0 2 1 0 0 0 5 0 0 7 86 1 3 0 0 0 0 0 0 0 0 0 0 0 0 0 0 0 0 0 0 0 0 16 0 2 0 0 0 0 0 0 
 0 0 0 5 0 1 0 0 2 0 0 2 0 0 2 0 0 3 77 0 129 393 208 497 176 274 264 172 627 251 217 104 167 285 0 174 271 113 79 161 2 0 0 0 0 8 3 1 0 0 0 6 0 0 0 0 2 0 1 0 0 1 4 12 4 0 0 1 0 0 2 0 1 0 0 59 0 4 5 0 0 1 0 0 0 0 0 0 0 0 0 0 1 0 0 0 0 0 0 0 14 0 67 20 14 1 0 21 1 0 18 28 21 8 12 10 35 11 0 0 17 0 0 13 0 0 9 0 0 0 0 0 10 0 0 0 0 0 1 0 0 0 0 0 0 0 0 0 0 3 0 0 0 2 0 0 0 0 0 0 0 0 0 0 0 1 5 0 6 14 0 0 0 2 0 0 0 0 0 0 22 14 21 8 1 13 1 4 0 35 8 26 10 17 11 11 26 8 17 6 0 0 0 1 0 0 9 0 0 0 1 0 10 0 0 0 0 0 18 11 0 0 0 0 0 0 0 0 0 0 0 0 0 0 0 0 0 0 0 0 0 0 0 0 0 0 0 0 0 0 0 1 0 0 22 3 0 11 51 1 2 1 0 0 0 0 1 0 0 0 0 0 0 0 0 0 0 0 0 0 0 9 0 2 0 0 0 0 0 0 
 0 0 2 0 0 78 0 1 0 0 0 0 0 1 0 0 0 0 0 0 124 237 208 272 147 137 43 57 148 174 154 174 162 204 174 0 73 56 35 289 65 0 22 0 0 41 24 3 3 0 0 3 63 0 1 0 2 0 130 62 3 1 2 2 2 0 0 3 0 0 3 0 0 1 3 3 0 3 1 2 0 0 0 0 0 0 0 0 2 0 0 0 0 0 0 0 0 0 0 0 0 14 18 30 0 17 0 0 9 14 13 30 0 0 13 0 11 0 0 12 19 1 0 1 0 0 23 16 0 23 2 0 15 0 30 0 9 0 8 3 0 0 0 0 0 0 2 0 0 2 0 0 0 3 0 0 0 0 0 0 0 0 0 0 1 1 0 0 0 0 7 0 0 0 0 0 0 2 0 0 15 14 10 29 15 20 1 0 0 40 8 18 0 0 21 0 30 36 0 0 9 0 0 0 0 0 12 12 16 0 0 0 17 22 9 0 0 0 0 20 0 0 0 0 0 0 0 0 0 0 0 0 7 0 0 0 0 0 0 0 0 0 0 0 0 0 0 0 0 0 0 0 0 0 18 0 0 1 2 0 2 0 0 0 0 0 0 0 0 0 0 0 0 0 0 0 0 0 0 0 0 0 0 0 0 0 19 0 0 0 
 0 1 2 4 3 1 2 4 1 1 7 2 3 1 2 2 1 2 1 6 37 35 344 121 132 105 35 28 117 147 189 257 41 22 271 73 0 97 137 49 66 0 0 0 0 5 92 1 0 0 0 3 134 69 1 0 0 0 63 0 0 2 3 4 2 1 0 2 0 0 5 0 0 1 0 3 0 8 0 0 0 0 7 0 0 7 0 0 0 0 0 0 0 0 0 0 0 0 0 0 0 6 0 0 4 21 0 0 0 11 45 0 0 1 0 28 0 11 19 8 1 8 18 21 0 0 10 0 0 0 0 0 2 11 14 0 21 0 16 3 0 0 0 0 0 0 3 0 0 0 0 0 0 4 0 0 0 0 0 0 0 0 0 0 0 14 0 0 0 0 18 0 0 0 0 0 0 0 0 0 20 7 11 38 59 18 10 11 16 23 6 65 0 0 0 0 0 30 0 0 14 0 0 0 0 0 0 18 0 0 0 0 1 10 22 21 0 0 14 1 0 0 0 0 0 0 0 0 0 1 0 0 0 0 19 0 0 0 0 0 0 0 0 0 0 0 2 0 0 0 0 0 0 0 9 0 1 89 1 0 0 1 0 0 0 0 10 0 0 0 0 0 0 0 0 2 0 0 0 0 0 1 0 0 0 0 0 0 0 0 
 2 0 0 2 0 73 2 0 77 0 0 0 0 1 0 0 0 0 3 66 42 45 212 295 75 202 117 40 166 43 42 277 42 101 113 56 97 0 118 183 68 0 0 0 0 5 24 4 0 0 0 7 62 4 1 0 0 0 2 0 0 1 2 2 2 0 0 0 0 0 3 0 0 0 0 3 1 5 2 0 0 0 0 0 0 1 18 0 0 0 0 0 0 0 0 0 0 0 0 0 10 17 0 8 0 6 0 0 13 28 0 23 10 0 0 6 11 17 30 0 5 1 0 0 0 0 27 0 0 0 0 0 9 8 12 7 16 0 11 14 13 0 0 0 0 0 0 0 0 0 0 0 0 0 0 0 0 0 0 9 0 0 0 0 0 13 0 0 0 2 17 0 0 0 0 0 0 0 10 0 14 20 24 20 49 4 23 2 25 26 23 27 38 31 44 21 7 30 3 0 11 0 0 0 0 0 0 6 0 0 0 1 6 11 13 0 0 0 18 1 0 0 0 0 0 0 0 0 0 0 0 12 0 2 0 0 0 0 1 0 0 0 1 0 0 0 0 0 0 0 0 15 0 0 4 0 2 145 38 0 0 18 0 0 0 0 13 0 0 0 0 0 0 0 0 0 0 0 0 12 0 1 0 0 0 13 0 0 0 0 
 3 0 3 38 153 78 0 1 74 75 0 103 0 76 35 1 0 0 1 15 231 118 34 81 70 104 220 63 89 166 24 34 202 411 79 35 137 118 0 86 2 3 0 0 0 7 3 0 6 0 0 3 0 0 0 0 0 0 0 0 0 1 2 2 2 0 0 51 0 0 3 0 0 0 0 3 0 3 2 0 0 0 11 0 13 0 0 0 1 13 0 9 0 0 0 12 0 19 0 0 33 17 15 13 0 0 31 50 1 30 0 0 54 6 11 0 1 62 28 20 0 0 0 0 0 0 0 0 0 0 0 0 11 0 2 0 0 0 0 0 0 0 0 0 0 0 0 0 0 0 0 9 0 0 0 0 0 0 0 0 0 1 0 11 14 34 0 0 0 0 22 3 0 0 0 8 0 0 0 0 11 10 20 7 0 0 28 28 32 11 9 0 30 11 10 11 22 15 27 26 0 0 0 0 0 0 0 0 0 0 0 0 0 4 0 0 0 0 0 0 0 0 0 0 0 0 0 0 0 0 1 0 0 0 0 0 0 0 0 0 0 0 0 0 0 0 0 0 0 0 0 0 0 0 6 0 0 1 1 4 1 0 1 0 0 0 12 0 0 0 0 0 0 0 0 0 2 0 0 0 0 0 0 0 0 1 0 0 0 0 
 2 2 3 4 2 78 2 3 2 2 4 2 3 2 2 2 2 5 2 3 113 163 18 164 81 59 103 69 90 380 51 104 107 241 161 289 49 183 86 0 2 4 4 0 0 5 3 52 2 0 0 3 0 0 0 0 0 0 2 0 0 2 3 2 2 0 0 0 0 4 3 0 50 1 4 10 0 3 10 0 0 0 0 0 0 57 0 0 0 0 0 0 0 0 0 0 0 0 0 0 14 31 0 11 0 0 0 19 4 30 1 19 25 22 0 10 16 0 29 14 0 0 0 0 0 0 8 0 0 0 0 0 0 0 0 0 0 0 0 0 0 0 0 0 0 0 0 0 0 0 0 0 0 1 0 0 0 0 0 3 0 0 0 0 14 14 0 0 0 0 0 4 0 0 0 0 0 0 0 0 8 47 14 0 0 0 24 21 35 3 19 11 29 26 30 0 7 2 14 7 0 0 0 11 0 0 0 0 0 0 0 0 0 0 0 0 0 0 0 0 0 0 0 0 0 0 0 0 0 0 0 0 0 0 0 0 0 0 0 0 0 9 0 0 0 0 0 0 0 0 0 0 0 0 5 0 0 52 2 0 2 14 0 0 0 0 1 0 0 0 0 0 0 0 0 0 0 0 0 12 0 9 0 0 0 10 0 0 0 0 
 2 0 0 0 0 2 0 0 4 0 0 0 24 0 0 0 0 2 6 0 2 2 2 2 3 64 2 2 66 4 102 2 2 2 2 65 66 68 2 2 0 198 437 47 40 265 155 59 40 106 98 330 255 100 344 32 167 42 28 175 0 0 2 0 0 0 7 0 0 4 3 0 0 0 2 0 0 0 49 0 0 0 0 0 0 0 1 0 0 0 0 0 0 0 0 0 0 0 0 0 0 0 0 0 0 11 0 0 0 0 0 0 0 0 0 0 0 0 0 0 38 0 20 10 0 0 9 51 20 7 23 31 8 11 5 20 47 13 0 14 0 0 0 0 0 0 10 0 0 0 0 0 0 0 0 2 0 0 6 0 0 0 0 0 0 0 8 0 0 0 18 0 0 2 0 0 0 0 0 0 0 0 24 19 15 26 0 0 0 14 21 0 0 0 0 0 0 17 0 0 2 15 23 0 0 9 0 4 19 10 15 2 40 30 7 0 5 13 0 0 0 0 0 0 0 0 0 0 0 0 0 3 23 0 0 0 0 0 13 0 0 0 0 0 0 0 0 0 0 19 0 12 0 2 0 0 0 0 0 0 0 0 0 0 0 1 0 67 0 0 3 0 0 0 0 0 0 0 0 0 0 0 0 0 0 0 0 0 1 0 
 0 0 0 2 1 0 0 0 0 1 0 0 0 4 4 0 2 0 0 0 0 0 0 0 0 2 0 0 1 1 1 5 0 0 0 0 0 0 3 4 198 0 116 134 43 243 479 63 274 27 40 47 172 132 79 60 120 41 132 61 0 0 0 0 0 0 0 0 0 1 4 0 0 0 22 0 0 3 0 0 0 0 8 2 0 0 0 0 0 0 0 13 0 0 0 1 0 0 0 0 6 0 0 0 7 14 0 0 0 0 11 0 1 0 0 0 6 0 11 0 12 30 0 19 0 0 0 35 14 0 1 13 6 2 32 16 17 59 19 11 0 0 0 0 0 20 0 0 0 0 0 5 0 0 0 0 25 0 3 0 8 0 13 1 0 0 0 0 17 0 1 0 1 0 0 0 0 0 0 0 0 0 0 0 0 0 3 0 0 0 0 0 8 0 0 0 0 0 0 0 30 2 41 0 0 0 0 9 0 16 0 62 10 24 1 19 45 33 5 20 0 0 0 0 0 0 0 0 0 0 0 0 1 0 0 0 0 0 13 0 0 0 0 0 0 0 0 0 0 0 0 2 0 1 0 0 0 0 0 0 0 0 6 0 2 12 1 1 1 0 0 0 0 0 0 0 0 0 0 0 0 3 0 0 3 15 0 0 0 0 
 2 2 2 2 2 2 2 2 2 2 2 2 2 2 2 2 2 2 4 2 0 0 0 0 0 0 0 0 0 0 0 4 3 0 0 22 0 0 0 4 437 116 0 97 58 37 140 148 94 104 591 193 106 250 107 183 110 101 122 197 1 0 0 0 0 1 3 3 3 7 1 0 0 0 2 0 0 0 2 1 0 0 0 0 0 0 0 0 0 0 0 0 6 0 0 0 0 0 0 0 0 0 0 0 0 0 0 0 0 0 0 0 0 0 0 0 0 0 0 0 11 0 13 5 13 14 0 21 19 0 23 34 0 34 0 7 0 14 0 5 0 0 0 0 1 0 0 0 0 0 0 0 0 1 0 8 0 0 3 0 1 0 0 0 0 0 0 0 0 0 0 0 6 0 0 0 0 27 5 0 0 0 0 0 0 21 0 0 0 0 0 0 0 34 8 0 0 0 0 0 0 40 0 10 0 20 40 43 21 15 36 25 0 0 42 12 13 0 0 25 0 0 0 0 0 0 0 34 0 0 0 0 32 0 0 0 13 0 11 0 0 0 0 0 0 0 0 0 0 0 0 11 0 1 0 0 0 0 0 0 0 0 0 0 0 2 2 65 0 0 20 0 0 0 0 0 0 0 0 0 0 0 0 0 1 0 0 0 1 0 
 4 0 1 2 3 1 0 1 1 3 0 3 3 2 1 3 1 1 3 3 7 0 0 0 0 0 0 0 0 0 2 0 0 0 0 0 0 0 0 0 47 134 97 0 193 47 69 134 84 148 138 44 43 147 157 398 276 132 62 47 61 21 0 0 2 2 5 2 0 0 0 0 7 50 0 0 0 0 0 42 14 0 0 0 9 0 0 0 0 0 0 0 0 0 0 0 0 0 0 0 0 0 0 0 0 0 0 0 0 0 0 0 21 0 0 0 0 0 0 0 0 1 20 2 10 26 0 1 20 64 16 5 0 0 0 3 0 0 0 0 0 0 10 0 0 3 70 0 4 0 0 0 3 0 52 0 10 0 24 9 0 0 0 0 0 0 0 0 0 0 0 0 0 0 0 0 0 2 0 0 0 0 0 0 0 0 0 0 0 0 0 0 0 0 0 0 0 0 0 0 13 0 10 79 39 5 0 0 12 7 14 0 0 7 0 0 3 1 0 0 0 8 0 0 0 0 0 7 7 9 0 0 24 10 61 0 1 0 11 13 13 0 0 0 0 0 0 0 0 0 0 11 0 2 0 0 0 0 0 2 0 0 1 2 0 2 0 0 2 0 1 0 0 0 0 0 0 0 0 0 0 4 7 0 0 0 0 0 0 0 
 0 0 2 7 0 0 0 0 0 0 0 0 0 0 0 0 0 0 0 0 2 0 0 0 0 0 0 69 0 0 0 0 0 0 0 0 0 0 0 0 40 43 58 193 0 110 112 108 179 80 154 33 287 64 149 67 50 37 64 132 1 0 53 7 1 0 50 0 45 0 0 0 0 0 0 54 0 1 0 74 0 0 0 0 0 0 0 0 0 0 0 0 0 0 0 0 0 0 0 0 0 0 0 0 0 0 0 0 0 0 0 0 0 0 0 0 0 0 0 0 0 10 7 0 13 27 8 12 0 12 1 0 0 0 0 0 0 0 0 0 19 11 11 0 0 0 41 0 22 8 12 0 34 0 16 0 10 0 14 8 0 0 0 0 0 0 0 0 0 0 0 0 0 0 0 0 4 0 0 8 0 0 0 0 0 0 0 0 0 0 0 0 0 0 0 0 0 0 0 0 15 10 12 0 11 12 0 0 17 13 7 0 0 8 23 0 0 0 0 0 4 0 27 2 6 0 17 34 8 13 19 0 13 17 3 18 0 0 2 36 0 10 0 0 0 0 0 0 0 0 0 6 0 0 0 0 0 0 0 0 0 0 0 0 2 2 0 0 0 0 0 0 0 0 0 0 0 0 0 0 0 0 0 0 10 0 0 0 0 0 
 0 30 0 6 1 1 0 2 28 0 0 39 0 62 0 60 67 63 65 64 4 6 4 7 4 4 5 3 5 4 4 7 3 6 8 41 5 5 7 5 265 243 37 47 110 0 84 91 106 51 86 119 22 72 469 307 70 33 45 139 0 2 25 55 2 0 53 2 52 0 0 2 1 2 0 0 2 2 51 103 12 20 0 0 0 0 0 0 0 22 12 26 7 16 0 0 0 9 0 0 8 1 0 23 0 0 6 0 0 11 0 0 0 7 0 0 0 13 24 11 0 0 0 0 0 0 0 15 0 0 0 0 0 0 0 0 0 0 0 0 15 0 0 0 0 0 0 0 0 0 0 0 15 0 0 0 0 0 0 2 0 0 0 0 0 0 0 0 27 0 0 5 0 22 8 13 2 0 0 0 0 9 0 0 0 0 2 0 0 0 0 0 17 0 0 0 0 0 0 0 0 0 0 11 0 0 0 0 0 0 0 0 0 0 0 0 0 7 0 0 39 3 4 7 9 0 29 32 12 0 0 0 0 0 0 12 0 0 0 11 0 0 0 0 0 1 0 0 0 63 0 12 0 0 0 0 0 2 2 0 0 0 0 2 66 0 2 2 0 0 0 0 0 0 0 0 14 0 0 0 0 0 0 0 0 0 0 14 0 0 
 0 0 0 3 0 3 0 0 0 0 0 0 1 0 0 0 0 0 4 0 3 5 88 140 4 45 71 3 24 3 5 3 3 3 3 24 92 24 3 3 155 479 140 69 112 84 0 217 42 114 111 27 247 173 251 135 162 107 262 47 0 10 0 47 20 0 0 0 0 0 9 0 0 0 0 0 0 14 0 0 0 0 0 0 0 0 0 0 0 0 0 0 0 0 0 0 0 0 0 0 0 0 0 0 9 14 19 0 0 0 13 0 0 0 0 0 0 0 0 0 24 20 0 19 0 0 2 29 13 12 0 10 3 0 10 13 39 2 0 6 0 0 0 4 11 3 0 0 0 0 0 0 0 0 0 0 0 0 35 0 0 0 0 0 0 0 0 0 0 0 8 0 0 0 0 0 0 0 0 0 0 0 15 21 14 20 0 0 0 13 23 30 4 0 0 0 0 15 0 0 28 31 4 0 0 0 0 13 16 0 0 16 28 18 24 6 0 0 10 0 9 0 0 0 18 0 0 0 0 0 0 0 1 0 0 0 0 0 0 0 0 0 6 0 0 0 0 0 0 0 0 14 0 0 0 0 0 0 0 0 0 0 0 0 0 1 7 0 0 0 1 0 0 0 0 7 0 0 0 0 0 0 0 0 0 17 0 0 0 0 
 3 0 0 0 0 0 2 0 0 0 0 0 0 0 0 0 0 0 0 3 2 85 2 2 2 1 64 1 2 22 47 1 3 0 1 3 1 4 0 52 59 63 148 134 108 91 217 0 376 103 102 51 161 415 60 65 129 40 148 118 16 1 0 12 5 0 0 1 8 1 8 0 12 0 5 0 0 7 0 0 0 0 0 0 0 27 0 0 0 0 0 0 0 0 0 0 0 0 0 0 21 0 0 0 6 10 0 0 0 0 0 0 0 0 0 0 0 0 0 0 13 0 2 27 0 0 1 6 27 20 20 8 0 0 14 8 23 0 0 8 0 0 0 1 21 2 10 1 0 0 2 0 0 0 0 0 0 1 49 0 11 0 0 10 18 0 0 0 0 0 0 0 0 0 0 0 0 0 0 0 0 11 0 0 0 17 0 12 0 0 0 0 8 0 0 10 0 8 20 0 0 7 0 1 10 0 2 0 10 0 14 16 12 0 0 15 0 0 25 1 0 1 0 13 10 1 0 0 0 0 1 0 0 0 25 10 0 0 0 0 0 0 1 0 0 0 0 0 0 0 0 6 0 0 0 0 0 1 0 16 0 0 0 65 1 2 9 0 0 0 0 0 0 0 0 4 0 0 0 20 0 0 0 0 0 9 0 0 0 0 
 7 1 0 13 2 0 0 0 0 2 0 0 0 5 5 0 2 2 0 0 0 0 0 0 0 0 0 0 0 0 0 1 0 0 0 3 0 0 6 2 40 274 94 84 179 106 42 376 0 252 107 117 169 142 230 168 268 151 65 41 11 0 2 5 2 0 51 0 1 0 6 1 0 4 0 3 0 1 0 1 0 0 8 4 0 0 0 0 0 0 0 2 0 0 0 6 0 0 0 0 5 0 0 0 0 0 0 0 0 0 0 0 2 0 0 0 0 6 0 0 0 0 28 15 6 21 12 5 19 53 7 0 0 0 0 19 0 21 0 0 13 0 19 0 17 0 1 0 0 0 0 30 15 12 7 0 14 0 2 10 0 0 6 8 0 0 0 0 0 0 2 1 0 0 0 0 0 3 1 0 0 0 0 0 0 0 0 0 0 0 0 0 8 0 4 0 0 0 0 1 0 0 0 27 26 14 19 18 33 0 23 1 0 0 0 1 10 1 0 0 13 1 0 0 0 0 0 1 8 0 0 0 5 0 32 0 0 0 12 22 0 0 0 0 0 0 0 0 0 0 0 11 0 0 0 0 0 0 0 2 0 0 72 4 2 0 3 0 0 0 22 0 0 0 0 0 0 0 0 0 0 0 0 0 7 5 0 13 0 0 
 0 0 0 5 0 0 0 0 0 0 0 0 0 0 0 0 0 0 5 0 0 62 0 0 0 0 0 0 61 0 0 0 0 0 0 0 0 0 0 0 106 27 104 148 80 51 114 103 252 0 309 180 38 209 98 215 108 106 133 136 4 0 0 0 0 0 45 0 0 0 1 0 0 0 0 0 0 0 50 59 0 0 0 0 0 0 0 0 0 0 0 0 0 0 0 0 0 0 0 0 0 0 0 0 0 0 0 0 0 0 0 0 0 0 0 0 0 0 0 0 11 0 0 25 19 15 0 12 24 0 0 0 0 14 0 0 1 0 0 0 15 0 0 0 0 0 1 0 0 0 0 0 40 13 2 0 1 0 2 3 0 0 0 0 0 0 0 0 0 0 0 0 1 0 0 0 0 1 12 0 0 0 0 0 0 5 16 0 0 0 0 0 0 0 0 0 0 0 0 0 0 24 0 98 8 0 21 9 15 0 9 18 1 1 0 22 0 7 0 0 58 0 0 0 0 0 0 26 8 0 0 0 0 0 1 0 0 0 7 9 0 0 0 0 0 0 0 0 0 0 0 17 0 0 0 0 0 0 0 13 0 0 1 0 69 6 0 0 0 0 9 0 0 0 0 0 0 0 0 0 0 0 0 0 0 13 0 14 0 0 
 3 3 5 3 3 3 3 3 3 3 3 3 10 3 3 3 3 3 3 3 0 0 0 0 0 0 0 0 0 0 0 0 0 0 0 0 0 0 0 0 98 40 591 138 154 86 111 102 107 309 0 147 92 138 63 182 82 138 28 63 5 0 2 0 3 4 1 0 0 0 0 0 0 0 3 0 0 0 2 8 0 0 0 0 0 0 0 0 0 0 0 0 0 0 0 0 0 0 0 0 0 0 0 0 0 0 0 0 0 0 0 0 0 0 0 0 0 0 0 0 10 0 7 11 12 17 0 21 36 13 9 12 0 29 0 24 0 3 0 9 0 0 0 0 1 0 34 0 1 0 0 0 6 0 8 0 0 0 15 9 0 0 0 0 0 0 0 0 0 2 0 0 0 0 0 0 0 4 6 0 0 0 0 0 2 21 0 0 0 0 0 0 0 0 12 0 0 0 0 21 0 27 9 18 0 10 30 23 15 0 39 25 0 0 4 3 1 0 0 1 4 0 0 0 0 15 0 12 0 0 0 0 10 0 10 0 0 0 2 0 0 0 0 0 0 0 0 0 0 0 0 0 0 0 0 0 0 1 0 8 0 0 0 0 0 5 0 0 0 0 20 0 0 0 0 0 0 0 0 0 0 0 0 0 1 0 0 0 0 0 
 2 3 3 2 0 5 4 2 2 0 3 0 0 1 2 13 2 5 0 0 3 3 3 5 9 31 4 3 3 10 3 3 3 3 6 3 3 7 3 3 330 47 193 44 33 119 27 51 117 180 147 0 64 51 124 261 293 71 41 237 0 0 0 0 0 0 52 0 0 2 2 0 22 0 0 0 0 2 23 23 0 0 0 0 0 0 0 0 0 0 15 0 0 0 0 0 0 0 0 0 0 0 12 0 0 0 0 0 0 0 0 0 0 0 0 0 0 0 0 0 19 0 28 21 13 0 10 0 0 9 10 11 0 0 3 16 6 37 0 0 1 7 0 0 0 0 0 6 0 7 7 0 11 10 68 8 0 0 0 10 0 0 0 0 0 0 0 0 0 0 0 0 0 17 0 19 0 0 0 0 0 0 0 0 0 37 0 0 0 0 31 0 0 0 0 0 0 1 0 0 5 0 0 11 0 1 4 6 15 11 24 0 0 6 4 3 10 29 0 0 24 10 0 0 9 0 10 8 8 0 0 0 37 25 1 0 9 0 35 7 0 0 0 0 0 0 0 0 0 0 0 7 0 1 0 0 0 0 0 2 0 26 2 0 3 1 0 44 1 0 6 0 0 0 0 0 0 0 0 0 0 0 0 0 0 0 0 1 0 0 
 0 1 1 0 0 0 1 0 3 0 0 0 0 0 1 0 2 1 2 0 2 64 18 18 2 73 0 63 63 0 0 1 2 0 0 63 134 62 0 0 255 172 106 43 287 22 247 161 169 38 92 64 0 141 20 159 159 142 74 163 0 3 0 0 3 2 0 0 0 2 1 4 3 0 2 2 0 2 5 2 0 0 0 0 0 0 0 0 0 0 0 0 0 0 0 0 0 0 0 0 0 0 0 0 17 7 0 1 0 0 0 11 0 0 0 0 0 0 0 0 4 9 16 7 4 0 15 37 26 21 8 19 22 13 12 63 14 42 0 35 0 11 0 0 0 0 0 0 0 0 0 0 0 0 0 0 0 0 12 3 0 0 0 0 0 0 0 0 0 0 0 0 0 0 0 0 0 0 0 0 0 0 9 0 10 3 0 0 0 11 0 5 0 0 0 11 0 0 0 0 33 30 20 0 0 12 12 0 5 1 6 15 34 13 48 0 7 3 0 11 0 0 0 0 0 0 0 0 0 0 0 0 0 0 0 0 0 0 2 0 0 0 7 0 0 0 0 0 0 26 0 8 0 1 0 0 0 0 0 1 11 0 0 0 2 0 0 0 0 0 0 0 0 0 3 0 0 0 0 0 0 0 0 0 0 23 0 8 2 0 
 0 0 3 0 0 0 0 0 0 0 0 0 0 3 0 0 0 0 0 0 0 1 5 0 0 0 0 0 6 0 0 0 0 0 0 0 69 4 0 0 100 132 250 147 64 72 173 415 142 209 138 51 141 0 122 43 85 247 83 167 0 0 0 0 0 0 4 0 0 2 2 0 0 0 0 0 0 1 0 0 0 0 0 0 0 0 0 0 0 0 0 0 0 0 0 0 0 0 0 0 0 0 0 3 11 19 0 0 0 0 6 16 0 0 0 0 0 1 0 0 11 20 10 43 11 13 0 20 6 3 8 21 2 2 0 12 17 31 0 5 0 0 0 0 0 0 0 0 0 0 22 0 0 0 0 10 0 0 28 0 0 0 0 0 0 0 0 0 0 0 19 0 3 0 0 0 0 2 5 0 0 0 0 20 5 29 0 0 0 1 20 18 0 0 0 0 10 1 0 0 21 15 0 8 0 1 8 21 35 11 24 17 17 0 0 21 10 12 18 2 0 0 0 0 0 0 0 7 0 0 0 0 5 0 0 0 0 6 21 0 0 0 2 0 0 0 0 0 0 0 0 7 0 0 0 0 0 0 4 0 0 0 0 0 2 2 1 35 0 0 1 0 0 0 0 0 0 0 0 0 0 2 0 0 0 0 0 0 0 0 
 0 0 0 4 0 0 0 0 0 0 0 0 2 0 0 0 0 2 2 1 0 0 0 52 0 4 0 0 1 0 0 1 1 0 0 1 1 1 0 0 344 79 107 157 149 469 251 60 230 98 63 124 20 122 0 148 50 53 74 73 0 0 0 0 2 0 4 0 0 2 2 1 0 0 22 3 0 0 0 0 0 0 0 0 0 0 4 0 0 0 0 0 1 0 0 0 0 0 0 11 0 0 0 0 0 1 0 0 0 0 0 0 0 0 0 0 0 0 0 0 0 9 20 0 53 20 1 9 0 3 9 22 1 0 1 8 1 25 10 1 15 0 20 0 2 0 0 0 0 0 0 0 0 0 0 10 13 0 14 0 4 0 0 0 0 0 0 0 2 0 0 0 1 4 5 55 0 0 0 0 0 0 1 1 1 0 0 0 0 1 0 0 0 0 0 0 0 0 0 0 0 0 6 0 13 2 10 19 0 34 26 0 0 14 0 0 26 28 0 4 0 0 0 0 0 0 0 10 0 0 0 0 12 0 0 0 0 0 13 8 0 0 0 0 0 0 0 0 0 0 0 8 0 0 0 0 0 0 0 1 0 0 79 0 0 80 4 35 0 0 11 0 0 0 0 0 0 0 0 0 0 0 0 0 7 0 0 15 2 0 
 3 0 0 0 0 0 0 0 3 0 0 0 0 0 0 0 0 0 2 0 0 0 2 0 0 35 0 0 0 2 61 0 0 0 0 0 0 0 0 0 32 60 183 398 67 307 135 65 168 215 182 261 159 43 148 0 91 163 125 125 0 3 0 7 7 0 0 0 0 5 8 5 0 0 1 0 0 6 2 0 0 0 0 0 0 0 0 0 0 0 0 0 0 0 0 0 0 0 0 0 0 0 0 0 0 0 0 0 0 0 0 0 0 0 0 0 0 0 0 14 28 2 1 19 24 12 0 21 14 22 0 3 0 11 50 27 0 16 0 0 0 0 0 3 24 4 0 0 20 0 2 0 0 0 0 0 0 0 9 0 0 0 0 0 0 0 0 0 0 0 0 0 1 0 0 0 0 4 4 0 0 0 0 0 0 11 0 0 0 0 0 0 0 0 0 0 0 0 0 0 3 24 31 8 0 0 14 16 24 0 15 45 16 0 38 1 14 0 0 62 0 0 0 0 12 0 0 8 0 0 0 0 7 0 0 0 0 0 9 0 0 0 2 0 0 0 0 0 0 0 0 8 0 1 0 0 0 0 0 1 0 0 1 0 0 1 12 0 2 0 7 0 0 0 0 5 0 0 0 0 0 3 0 0 17 21 0 0 0 0 
 0 0 2 3 0 0 0 0 0 62 0 0 0 0 0 0 0 0 0 0 3 0 0 0 0 45 0 0 0 0 0 0 2 0 2 2 0 0 0 0 167 120 110 276 50 70 162 129 268 108 82 293 159 85 50 91 0 302 395 231 0 0 0 0 0 0 0 0 0 1 4 0 0 0 0 0 0 0 0 0 0 0 0 0 0 0 0 0 0 0 0 0 0 0 0 0 0 0 0 0 0 0 0 0 13 0 0 0 0 0 0 0 0 0 0 0 0 0 0 0 9 2 3 7 20 10 0 36 28 1 0 14 11 8 33 24 15 83 0 9 0 0 11 0 0 0 1 0 0 0 10 0 0 0 0 0 0 0 7 4 4 0 0 0 0 0 0 0 1 0 0 0 4 0 0 0 0 0 2 0 0 0 0 0 0 7 0 0 0 0 0 0 0 0 0 0 0 0 0 0 16 18 11 0 0 0 21 0 14 20 4 45 14 6 7 4 19 56 0 26 5 0 0 0 0 0 0 8 0 8 0 0 1 0 0 0 0 0 46 0 0 0 0 0 0 0 0 0 0 0 0 12 0 1 0 0 0 0 0 1 0 0 1 0 1 11 1 29 1 0 0 0 0 0 0 0 0 0 0 0 0 0 0 0 28 11 0 0 1 0 
 0 0 0 5 0 0 0 0 0 0 0 0 0 0 0 2 0 0 0 0 0 0 0 0 0 21 0 0 0 0 0 0 0 0 0 0 0 0 0 0 42 41 101 132 37 33 107 40 151 106 138 71 142 247 53 163 302 0 93 90 0 6 0 0 0 0 2 11 0 3 3 6 8 1 1 1 0 6 35 1 0 0 0 23 0 0 0 0 0 0 0 0 0 0 0 0 0 0 0 0 0 0 0 0 0 2 0 0 0 0 0 0 0 0 0 0 0 0 0 7 10 16 10 7 10 23 0 22 10 4 16 1 0 11 9 10 0 10 0 0 0 4 0 0 1 0 11 0 0 0 3 0 0 1 0 0 0 16 15 0 0 0 0 0 0 0 0 0 0 0 0 0 1 0 0 0 0 4 2 0 0 0 0 0 0 0 0 0 0 0 2 0 0 0 0 0 8 0 0 0 8 6 11 6 8 20 10 0 32 17 10 28 12 0 24 13 19 10 0 12 0 0 1 0 3 6 1 9 0 0 6 0 0 7 0 0 0 5 19 0 0 0 8 0 0 1 0 0 0 0 0 13 0 0 0 0 0 0 0 11 0 0 73 0 0 3 3 2 0 1 0 0 0 0 0 1 0 0 0 0 0 0 0 0 12 23 0 0 0 0 
 3 2 2 6 3 3 2 3 6 3 2 3 3 3 3 3 3 3 5 3 3 0 62 0 130 142 0 0 62 1 62 28 0 1 1 130 63 2 0 2 28 132 122 62 64 45 262 148 65 133 28 41 74 83 74 125 395 93 0 115 0 45 0 0 0 0 0 0 9 4 0 3 0 0 4 0 0 1 6 0 0 0 0 0 0 0 0 0 0 0 0 0 0 0 0 0 0 0 0 0 0 0 0 6 0 27 0 0 0 0 10 10 0 0 0 0 2 0 0 0 0 20 0 1 10 22 0 20 10 0 0 0 7 43 37 9 10 0 15 13 0 0 0 0 0 0 6 0 0 1 0 0 0 4 0 0 0 0 0 0 6 0 0 0 0 0 0 0 1 0 0 0 7 0 0 0 0 0 6 0 10 0 0 1 14 39 0 0 18 10 0 0 0 0 0 0 10 34 0 0 19 20 0 0 0 0 17 14 13 14 0 33 8 16 11 32 0 0 12 66 0 0 0 0 0 0 0 44 0 0 0 5 0 0 0 0 0 0 2 0 0 0 0 0 0 0 0 0 0 0 0 12 0 2 0 0 0 0 7 0 0 0 0 0 0 10 0 0 0 0 0 0 0 0 0 0 0 0 0 0 0 0 0 0 21 0 11 0 0 0 
 0 0 3 0 0 0 0 0 0 0 2 0 0 3 0 0 0 2 0 0 0 0 0 0 62 187 0 65 0 0 63 0 0 0 0 62 0 0 0 0 175 61 197 47 132 139 47 118 41 136 63 237 163 167 73 125 231 90 115 0 49 0 0 0 5 4 2 0 2 0 2 4 0 0 0 0 0 0 5 0 0 0 0 0 0 0 0 0 0 0 0 0 0 0 0 0 0 0 0 0 0 0 0 0 14 0 0 0 0 0 1 13 0 0 19 0 0 0 0 0 0 8 0 2 39 19 0 6 19 6 21 25 15 30 25 11 32 27 0 35 0 0 0 0 0 0 0 0 0 0 0 0 0 0 0 0 1 0 14 10 12 0 0 0 0 0 0 0 1 0 0 0 11 0 0 0 0 0 9 0 0 0 0 0 0 18 0 0 0 0 0 0 0 0 0 0 13 3 0 0 32 32 3 0 0 0 15 14 17 40 0 18 12 20 7 21 8 0 15 4 0 0 0 0 0 0 0 8 0 0 0 0 0 0 0 0 0 0 3 0 0 0 0 0 0 0 0 0 0 0 0 9 0 0 0 0 0 0 0 0 0 0 0 0 0 15 4 0 0 0 0 0 0 0 0 0 0 0 0 0 0 0 0 0 22 0 19 0 0 0 
 0 0 4 0 0 0 0 0 0 0 0 0 0 3 0 0 0 3 0 0 45 0 0 0 0 27 0 0 0 0 0 0 0 0 0 3 0 0 0 0 0 0 1 61 1 0 0 16 11 4 5 0 0 0 0 0 0 0 0 49 0 128 311 98 290 43 139 361 107 49 44 31 78 123 60 30 128 175 73 282 0 0 0 0 0 0 0 0 0 0 0 18 0 0 0 0 0 0 0 0 0 0 0 0 0 15 0 0 0 0 0 0 0 0 0 0 0 0 0 0 0 0 1 7 0 8 0 0 0 1 0 6 0 0 0 0 0 1 0 0 3 0 7 5 0 1 0 0 21 10 13 7 9 18 22 2 0 1 0 11 0 0 0 0 0 0 0 0 0 0 0 0 0 0 0 0 0 0 0 0 2 2 2 2 2 8 1 3 2 2 2 2 2 3 2 14 3 3 2 1 0 0 0 17 16 4 0 0 0 0 1 0 0 0 0 0 8 1 0 0 13 34 41 33 12 7 0 34 33 14 0 0 0 20 9 16 9 8 1 22 12 0 0 0 0 0 0 0 0 0 0 0 0 54 0 0 21 0 0 0 0 0 8 0 0 0 0 2 0 0 8 0 5 2 2 1 0 0 0 0 0 0 0 0 0 0 0 0 0 0 
