 0 125 182 166 59 41 62 57 246 234 131 51 48 248 335 263 28 219 151 41 0 1 81 75 7 0 4 2 0 0 0 4 0 2 0 0 2 0 0 2 0 1 33 1 3 3 0 0 0 2 0 5 0 2 3 0 1 0 5 0 0 0 0 3 0 2 0 3 8 3 0 0 0 0 5 1 0 0 0 0 15 0 50 16 18 6 0 11 42 12 25 42 0 9 13 36 11 27 20 10 22 0 0 0 0 0 0 0 0 0 0 0 0 0 0 0 0 0 0 15 0 0 0 0 0 0 0 0 0 0 2 0 0 0 0 0 0 0 0 0 0 0 0 0 0 0 0 0 0 9 0 0 0 0 0 0 2 0 0 0 12 1 56 0 0 17 0 33 2 12 0 28 13 33 47 0 15 0 14 0 0 0 0 0 0 0 0 0 0 0 0 0 20 0 0 0 0 0 0 0 0 0 0 0 0 0 0 0 0 0 0 0 0 0 0 0 0 0 0 0 0 0 0 0 0 0 20 0 0 0 0 0 0 0 0 0 0 0 0 0 0 10 0 0 0 0 89 0 2 1 14 10 7 0 0 0 0 0 0 0 0 0 0 0 0 0 0 0 0 0 0 0 0 0 0 31 1 0 0 0 0 0 0 0 0 0 0 0 0 0 
 125 0 96 299 362 39 98 440 203 331 220 180 218 37 259 170 194 116 31 364 0 0 0 0 4 2 2 2 0 0 0 2 76 1 1 0 0 3 2 74 0 0 0 0 2 41 0 0 2 2 0 3 0 3 3 0 0 0 3 0 0 0 0 3 4 1 0 2 0 0 38 0 0 0 3 0 0 0 0 0 0 38 64 24 6 12 0 10 14 33 15 10 23 0 0 49 25 39 0 28 24 0 0 0 0 0 0 18 0 0 0 2 0 5 44 0 0 0 23 24 0 0 0 0 0 0 0 0 0 0 0 0 0 0 12 0 0 0 0 0 0 0 0 2 0 0 0 0 0 0 5 0 0 0 0 0 0 0 0 0 0 0 0 20 16 25 16 11 2 0 44 0 11 0 10 18 28 6 0 0 39 0 0 0 0 0 0 0 0 0 0 0 13 0 0 0 0 0 14 40 0 0 0 0 0 3 0 2 0 1 0 0 0 0 0 0 2 0 0 0 0 0 0 0 0 0 0 0 0 0 0 0 25 0 0 0 0 0 0 0 0 0 0 0 1 0 2 0 90 48 0 7 0 0 0 0 0 0 0 0 0 0 9 0 0 0 0 0 0 0 0 0 0 0 0 0 12 0 0 0 0 0 0 0 0 0 0 0 0 0 
 182 96 0 97 55 82 191 96 126 132 208 131 60 130 256 85 148 406 52 58 0 0 0 0 4 0 3 2 0 0 0 2 0 0 0 0 1 0 0 0 0 0 0 0 2 3 0 0 0 2 54 3 0 3 3 0 0 0 3 0 0 0 36 3 0 1 0 2 0 0 0 0 0 0 3 9 0 0 0 0 0 18 36 27 27 8 0 36 55 25 50 12 0 1 0 35 54 87 0 3 39 16 0 0 0 0 20 11 0 0 0 0 24 14 15 0 0 0 3 26 1 0 0 0 0 0 0 0 0 0 19 0 0 0 12 2 0 0 0 0 0 0 0 52 0 0 0 0 0 9 0 0 0 0 0 0 0 0 0 0 0 0 23 0 15 58 0 23 10 2 1 6 0 0 48 0 15 0 0 2 2 0 0 0 0 0 0 0 0 0 0 0 14 16 0 0 0 0 18 0 0 0 0 0 1 0 0 0 0 0 1 0 0 0 2 0 0 1 0 0 0 0 0 0 0 0 0 0 0 2 0 0 0 0 0 0 0 0 0 0 0 0 0 0 0 2 0 1 89 11 0 16 0 0 0 0 0 0 0 0 0 0 0 0 0 0 0 0 0 0 0 0 0 0 0 0 2 0 0 0 0 0 0 0 0 0 0 0 0 0 
 166 299 97 0 189 39 287 177 185 168 61 152 77 106 200 141 304 135 309 85 0 0 0 0 4 0 3 0 0 1 0 2 0 99 0 0 0 1 0 73 0 0 0 0 3 3 0 0 0 2 0 3 0 2 2 0 0 0 3 0 0 0 0 3 0 3 0 3 0 0 0 0 0 0 3 4 0 0 0 0 12 12 10 17 13 12 0 10 0 0 23 26 2 0 22 0 39 14 1 2 8 0 0 0 0 0 0 0 9 0 0 0 0 0 1 0 0 0 15 0 0 0 0 0 0 0 0 0 0 0 18 1 0 0 9 0 0 0 0 0 0 0 0 1 0 0 0 0 0 0 0 0 0 0 0 0 0 0 2 0 0 1 3 25 1 23 0 11 0 24 45 17 1 1 0 14 0 15 1 0 9 0 0 0 0 0 0 0 0 0 0 0 35 31 0 14 0 0 21 16 0 0 0 0 0 0 0 0 2 0 0 0 0 0 0 0 0 0 0 0 0 0 0 0 0 0 13 0 0 0 0 0 0 0 0 0 0 0 0 0 0 13 0 0 0 3 3 2 88 4 0 4 0 2 0 0 0 0 0 0 0 0 0 0 0 0 0 0 0 0 0 0 0 0 0 11 11 0 0 0 0 0 0 0 0 0 0 0 0 0 
 59 362 55 189 0 227 146 204 314 74 254 161 288 50 289 196 55 45 75 81 2 0 77 0 5 2 2 75 0 0 0 4 73 110 91 0 0 0 0 1 0 0 0 0 2 3 0 0 0 2 0 5 1 3 3 0 3 1 3 0 0 0 0 3 11 6 0 2 0 0 0 0 0 0 61 0 0 0 0 0 0 10 30 15 11 2 0 0 0 9 31 0 0 0 0 9 0 0 0 0 12 19 10 0 0 0 13 44 9 11 18 3 18 19 36 0 0 0 33 0 0 0 0 0 0 0 0 0 0 0 0 0 0 0 0 0 0 0 0 0 0 0 0 0 10 0 0 22 0 0 0 0 0 0 0 0 0 0 0 7 0 12 0 17 0 0 0 10 9 0 0 10 0 0 11 20 11 10 0 0 20 4 1 0 0 0 15 21 61 0 0 0 28 39 9 16 0 0 1 27 0 0 0 0 0 1 0 1 0 2 0 0 0 0 0 0 1 0 9 0 0 0 20 0 0 0 0 0 0 0 0 0 0 0 0 0 2 0 0 0 0 0 0 0 2 0 90 0 92 4 0 14 0 0 2 0 0 0 0 0 0 0 0 0 0 0 0 0 0 0 0 0 0 0 0 0 0 5 0 0 0 0 0 0 0 0 0 0 0 0 
 41 39 82 39 227 0 32 123 292 130 372 158 33 279 135 74 222 242 46 298 0 34 0 0 4 0 38 77 2 0 0 2 74 167 1 174 94 2 0 161 0 2 0 0 5 3 0 0 0 2 0 3 0 2 2 0 0 63 3 0 0 0 34 3 4 3 0 3 0 0 0 0 0 0 3 0 0 0 0 0 0 49 54 44 41 8 0 0 36 21 19 12 0 0 0 49 22 15 0 0 31 0 7 0 0 0 1 0 12 10 0 22 11 1 0 0 14 0 26 17 0 0 0 0 0 0 0 0 0 0 0 0 14 0 12 0 0 0 0 6 0 0 0 0 0 0 0 0 0 11 0 0 0 0 0 0 0 0 0 0 0 0 18 22 25 37 0 33 17 0 1 8 0 0 48 0 16 13 0 0 2 0 0 0 0 0 50 0 0 0 21 0 0 28 0 13 0 0 19 38 0 0 0 10 0 0 0 0 0 0 0 0 0 0 0 0 0 0 0 0 0 0 0 0 0 0 0 0 0 0 3 0 0 0 0 0 0 0 0 0 0 0 0 0 0 4 2 0 0 6 1 13 0 4 0 0 0 0 0 0 0 0 0 0 0 0 0 0 0 0 0 0 0 0 0 2 0 0 0 10 0 0 0 0 0 13 0 0 0 0 
 62 98 191 287 146 32 0 220 173 123 24 50 81 134 42 46 59 162 54 153 0 0 0 0 6 0 3 1 0 3 0 3 0 0 0 0 0 2 1 0 0 2 0 0 2 3 0 0 0 2 0 5 0 3 3 0 0 0 3 0 0 0 0 3 0 0 0 2 0 0 0 0 0 0 3 5 0 0 0 2 33 0 1 2 0 0 21 38 23 15 3 4 0 33 13 0 28 14 0 9 0 0 0 0 0 0 0 0 0 0 0 0 0 0 0 10 31 0 0 0 0 0 0 0 0 0 0 0 0 0 8 0 0 0 0 0 0 0 0 0 0 0 0 0 22 0 0 20 0 0 0 0 0 0 2 0 0 0 0 0 31 5 14 0 0 17 16 18 0 35 0 0 7 27 30 18 0 18 1 0 0 0 0 0 0 0 0 0 0 0 0 0 0 0 0 0 0 0 1 0 0 0 0 0 0 0 0 0 0 1 0 0 0 0 0 1 2 0 0 0 0 0 0 0 14 0 0 0 0 0 0 0 0 0 0 0 0 0 0 0 0 0 0 0 0 0 0 2 2 91 0 15 0 0 2 0 0 0 0 0 0 0 0 0 0 0 0 0 0 0 0 0 0 0 0 27 0 0 0 0 0 0 0 0 0 0 0 0 0 0 
 57 440 96 177 204 123 220 0 188 344 301 37 206 75 74 122 38 341 218 370 2 0 2 0 5 0 3 0 0 0 2 3 0 2 0 0 0 1 0 8 0 1 0 0 3 8 0 0 0 2 0 7 0 2 3 0 0 0 3 0 0 45 0 3 7 8 0 3 0 0 0 0 0 2 6 0 0 2 0 0 20 27 16 14 0 0 13 24 10 35 34 17 24 0 37 19 12 25 9 30 0 0 0 0 0 0 0 0 0 0 0 0 0 0 1 1 0 1 16 0 0 0 9 0 0 1 0 0 0 0 0 1 2 0 0 0 0 0 0 0 0 0 0 0 0 0 0 0 0 0 1 0 0 0 0 0 0 0 0 0 0 19 20 26 0 28 27 28 17 20 2 22 0 15 11 8 22 25 4 0 0 0 0 0 0 0 0 1 2 0 0 0 0 0 57 0 0 0 0 18 0 0 0 0 0 0 0 0 0 0 0 0 0 0 0 0 0 0 0 0 0 0 0 2 0 0 0 0 0 0 0 0 0 0 0 0 0 0 0 0 0 0 0 0 0 4 3 0 0 2 0 16 0 0 1 0 0 0 2 0 1 0 9 0 0 0 0 0 0 0 0 0 0 1 0 19 0 0 0 0 0 0 0 0 0 0 0 0 0 0 
 246 203 126 185 314 292 173 188 0 215 66 184 189 73 176 304 144 165 266 335 0 2 0 0 4 0 3 0 2 0 0 2 0 0 0 0 0 3 0 0 0 0 0 0 3 10 0 0 0 2 0 5 0 2 1 0 0 0 3 0 2 0 0 3 0 3 0 3 0 0 0 0 0 0 4 5 0 0 0 0 23 21 0 32 3 12 19 23 0 29 14 13 19 38 15 0 54 30 0 30 8 0 0 0 0 0 0 0 0 0 3 0 0 0 1 0 0 0 2 0 0 0 0 0 0 0 0 0 0 0 14 0 0 0 21 0 0 7 0 0 0 0 0 0 0 0 7 0 0 0 0 0 0 0 0 0 0 0 0 0 13 10 1 10 1 22 0 1 6 1 56 0 11 28 0 1 12 29 1 0 9 0 0 0 0 0 0 0 0 0 0 0 13 0 0 0 0 0 15 0 0 0 0 0 0 0 0 0 0 1 0 0 0 0 0 1 2 0 0 0 0 0 0 0 0 0 0 0 0 0 0 0 0 0 0 0 1 0 0 0 0 0 0 0 1 1 0 0 91 50 0 14 0 0 0 0 0 0 0 0 0 0 0 0 0 0 0 0 0 0 0 0 0 0 0 0 11 0 0 0 0 0 0 0 0 0 0 0 0 0 
 234 331 132 168 74 130 123 344 215 0 156 81 35 159 427 282 327 133 109 194 0 0 0 0 5 0 3 0 0 0 0 2 0 0 0 0 0 2 0 72 0 2 0 0 3 3 0 0 0 2 0 5 0 2 1 0 0 0 3 0 0 0 0 3 0 3 0 3 0 0 50 0 0 0 3 2 0 0 0 0 17 1 38 14 0 0 2 15 17 1 8 67 0 0 1 28 15 15 1 0 29 0 0 0 0 0 0 43 0 0 0 0 0 10 20 0 0 0 27 5 1 0 0 0 0 0 0 0 0 0 0 0 0 0 13 2 0 0 0 0 10 0 0 0 0 0 17 0 0 2 7 0 0 0 0 0 0 0 0 1 1 8 10 14 20 9 14 9 10 19 0 11 0 15 0 37 15 12 6 2 22 0 0 0 0 0 0 0 14 0 0 0 14 0 0 0 0 0 10 21 0 0 0 0 0 0 0 0 0 0 0 0 0 0 2 0 0 1 0 0 0 0 0 0 0 0 0 0 0 2 0 0 13 0 0 0 0 0 0 0 0 11 0 0 0 3 3 0 0 101 0 7 0 0 0 0 0 0 0 0 0 0 0 0 0 0 0 0 0 0 0 0 0 0 0 0 0 0 0 0 0 0 0 0 0 0 0 0 0 0 
 131 220 208 61 254 372 24 301 66 156 0 268 42 396 158 292 96 142 35 77 0 4 0 0 8 0 6 283 0 1 0 5 150 75 2 99 0 0 81 77 0 2 0 0 6 6 0 59 0 4 84 5 0 4 42 0 17 2 3 0 0 3 0 7 7 11 0 4 2 2 0 0 5 0 3 3 0 0 0 0 0 10 28 13 0 10 0 0 3 22 14 1 0 0 0 22 0 0 0 0 0 0 4 0 0 0 27 49 0 25 15 21 16 17 33 0 0 0 8 37 0 0 0 0 0 0 0 0 0 0 0 0 0 0 1 0 0 0 0 0 0 0 0 0 0 0 0 0 0 0 3 0 0 0 0 0 0 0 0 0 15 21 5 11 9 0 4 10 9 0 14 23 0 0 11 13 10 66 0 0 10 46 0 1 0 0 3 14 0 0 0 0 0 0 0 0 0 0 21 22 0 0 0 0 0 0 2 0 0 0 0 0 0 0 0 0 0 0 0 0 0 0 0 0 0 0 0 0 0 0 0 0 0 0 0 0 0 0 1 0 0 0 0 0 0 2 101 0 3 0 2 7 0 0 0 0 0 0 0 0 0 0 0 0 0 0 0 0 0 0 0 0 0 0 0 0 10 0 0 0 0 0 0 0 0 0 0 0 0 0 
 51 180 131 152 161 158 50 37 184 81 268 0 41 45 77 454 218 247 277 125 124 0 2 4 5 4 5 2 80 3 0 5 2 2 0 2 6 3 68 30 5 0 0 27 4 3 2 3 0 73 3 8 0 4 4 3 15 0 3 0 0 5 0 5 2 3 2 2 0 0 0 0 0 0 4 4 0 4 5 0 0 26 17 42 15 1 19 0 70 11 8 13 0 0 6 12 23 0 0 14 59 0 2 0 0 0 11 23 13 0 3 0 0 1 41 1 0 0 36 11 0 0 0 0 0 0 0 0 2 0 0 0 0 0 5 0 0 1 0 0 0 0 0 0 0 0 0 0 0 2 7 0 0 0 0 0 0 0 0 1 0 0 0 18 24 25 0 0 20 0 31 0 0 0 0 10 15 40 0 0 53 5 0 2 1 0 30 0 0 0 0 0 11 14 9 0 2 0 30 2 0 0 0 0 0 0 0 0 0 0 0 2 0 0 0 0 0 0 1 1 0 0 1 0 0 0 0 0 0 0 0 1 0 0 0 0 0 0 0 1 0 0 0 0 0 2 3 1 1 90 1 9 0 0 0 0 0 0 0 2 2 0 0 0 0 0 0 0 0 0 0 0 0 0 0 0 15 0 0 0 0 0 0 0 0 0 0 0 0 0 
 48 218 60 77 288 33 81 206 189 35 42 41 0 67 775 47 16 31 156 312 2 1 0 73 43 0 2 0 0 0 0 2 0 2 0 0 0 0 0 21 0 0 0 0 2 22 0 0 0 2 0 3 0 3 3 0 0 0 3 0 0 0 0 3 0 1 0 4 0 0 0 0 0 0 3 0 0 0 0 0 8 0 1 8 0 0 30 14 0 14 10 12 34 36 0 16 8 27 9 38 0 0 0 0 0 0 0 0 0 0 0 0 0 0 0 0 0 0 0 1 0 0 0 0 0 0 0 0 0 0 0 0 0 0 0 0 0 0 0 0 0 0 0 0 0 2 0 0 0 0 0 0 0 0 0 0 0 0 0 0 0 0 0 0 0 0 5 0 1 0 0 0 0 10 0 0 11 6 1 43 0 0 0 0 0 20 0 0 0 10 0 0 0 0 0 0 0 0 21 0 0 0 0 0 0 0 0 0 0 0 0 0 0 0 0 0 0 0 0 0 0 0 0 0 0 0 0 0 0 0 0 0 0 0 0 0 0 0 0 0 0 0 0 0 0 2 0 0 1 2 0 19 0 0 1 0 0 0 0 0 0 0 0 0 0 0 0 0 0 0 0 0 0 0 0 0 0 0 0 0 0 0 0 0 0 0 0 0 0 1 
 248 37 130 106 50 279 134 75 73 159 396 45 67 0 475 146 216 317 133 82 0 2 0 0 4 0 2 0 0 0 0 2 0 0 0 0 0 0 0 0 0 1 0 0 2 3 62 0 0 2 0 3 0 3 3 0 0 0 3 0 0 0 0 3 0 1 0 2 0 0 0 0 0 0 3 3 0 0 27 0 0 0 99 40 16 7 0 10 38 11 18 38 0 5 0 14 11 28 1 4 16 0 0 0 0 0 0 0 0 0 0 0 0 0 0 2 0 2 2 15 0 0 0 0 0 2 0 0 0 0 19 0 1 0 0 0 0 0 0 0 0 0 0 0 0 0 0 0 0 12 2 0 0 9 0 0 0 0 0 0 27 0 38 16 0 11 0 36 0 35 0 27 11 19 33 13 15 14 16 0 0 0 0 0 0 0 0 0 0 1 0 0 38 0 0 0 0 2 10 0 0 0 0 0 0 0 0 0 0 0 0 0 0 0 0 0 0 0 0 0 0 0 0 0 0 0 0 0 0 0 0 0 0 0 0 0 0 0 0 0 0 14 0 0 0 1 2 0 2 4 16 10 1 0 0 0 0 0 0 0 0 0 3 0 0 0 0 0 0 0 0 0 0 2 0 9 0 0 0 0 0 0 0 0 0 0 0 0 0 0 
 335 259 256 200 289 135 42 74 176 427 158 77 775 475 0 367 120 49 79 261 0 0 2 0 5 0 7 0 3 1 0 2 0 2 4 2 0 5 0 11 0 0 0 0 2 5 0 62 0 2 49 5 3 3 3 0 0 0 3 5 0 0 3 3 0 0 0 2 0 30 0 0 0 0 3 8 0 0 0 0 0 8 24 14 0 0 1 6 0 54 17 19 38 48 0 22 15 24 1 0 1 0 0 0 0 0 0 0 0 0 0 0 0 19 0 0 0 1 9 9 0 0 0 0 0 0 0 0 0 0 0 0 0 0 11 0 0 0 0 0 0 0 0 0 0 0 27 0 0 0 0 0 0 0 0 0 0 0 0 0 28 0 11 32 9 8 4 10 22 11 0 6 15 0 2 20 0 10 20 0 0 0 0 0 0 0 0 0 0 3 0 0 17 0 0 2 0 1 10 1 0 0 0 0 0 0 0 0 0 0 0 0 0 0 0 0 0 0 0 0 0 0 1 0 0 0 0 0 0 0 0 0 0 0 0 0 0 0 25 0 0 6 0 0 0 2 1 0 2 180 4 7 0 0 0 0 0 0 0 0 0 0 0 0 0 0 0 0 0 0 0 0 0 0 0 0 0 0 0 0 0 0 0 0 0 0 0 0 0 0 
 263 170 85 141 196 74 46 122 304 282 292 454 47 146 367 0 130 215 42 53 0 2 2 206 5 0 3 1 0 0 0 4 1 2 0 0 0 1 0 74 0 0 0 0 3 3 0 0 2 2 0 4 0 2 3 0 0 0 4 0 0 0 0 3 14 10 0 3 0 0 0 27 0 0 3 0 0 0 0 0 0 27 44 17 58 11 16 10 22 33 31 44 0 0 23 46 0 22 13 0 12 0 0 0 0 0 0 10 0 0 0 3 0 0 9 0 0 0 11 25 0 0 0 0 0 21 0 0 0 0 0 0 0 0 0 0 1 9 0 0 0 0 0 0 0 0 0 0 0 0 3 0 0 0 1 0 0 0 0 0 0 6 19 16 22 14 0 26 0 0 28 16 0 0 10 24 1 12 0 0 12 0 0 0 0 23 0 0 0 0 0 0 3 0 15 0 0 0 0 19 0 0 0 0 0 0 0 0 0 0 2 0 21 0 0 0 0 0 0 0 0 0 0 21 0 0 0 0 0 0 0 17 0 0 0 0 0 0 0 0 0 13 0 0 0 0 181 0 2 1 2 4 1 0 0 0 0 0 0 0 0 0 0 0 0 0 0 0 0 0 0 0 0 0 0 0 15 0 0 0 0 0 0 0 0 0 0 0 0 0 
 28 194 148 304 55 222 59 38 144 327 96 218 16 216 120 130 0 178 34 113 0 0 3 0 5 0 2 0 0 3 0 7 2 77 0 0 3 0 0 69 3 0 0 0 2 2 2 0 0 2 0 5 0 3 3 0 0 66 4 0 0 0 1 3 0 6 0 5 0 0 0 0 1 6 3 5 0 0 6 0 14 0 24 9 0 2 0 1 16 0 23 0 0 17 0 72 26 26 0 43 11 0 0 0 0 0 0 8 0 0 0 0 16 12 8 0 0 0 10 12 0 0 0 2 0 17 0 0 0 0 10 0 9 0 0 0 19 0 0 0 0 0 0 0 0 0 0 0 0 0 4 0 0 0 0 0 0 0 0 0 13 0 0 19 37 9 0 19 0 14 0 11 2 0 0 49 1 0 3 0 8 0 0 1 0 0 0 0 0 2 0 0 11 1 0 31 0 1 1 11 0 0 0 0 0 0 0 0 21 0 0 1 0 2 0 0 0 0 0 0 0 0 2 0 0 0 0 0 0 0 0 0 0 0 0 0 0 0 0 1 0 12 0 0 0 0 84 0 1 176 2 5 0 0 0 0 0 0 0 0 0 0 0 0 0 0 0 0 0 0 0 0 0 0 0 15 0 0 0 0 0 0 0 0 0 0 0 0 0 0 
 219 116 406 135 45 242 162 341 165 133 142 247 31 317 49 215 178 0 46 145 0 0 0 0 5 0 3 0 0 0 2 2 0 4 1 0 0 0 0 0 0 2 0 0 3 3 0 0 0 2 0 5 0 2 2 0 0 0 3 0 0 0 52 3 0 3 0 3 0 0 0 0 0 0 3 8 0 0 0 0 28 14 33 28 48 6 21 0 63 12 15 23 0 11 10 18 31 1 1 10 18 0 0 0 0 0 0 0 0 0 0 0 14 0 0 0 0 0 16 22 0 0 0 0 0 0 0 0 0 0 17 0 0 1 0 0 0 0 0 0 0 0 0 0 0 0 0 0 0 7 3 0 0 0 0 0 0 0 0 0 13 26 17 18 22 24 20 1 7 26 3 7 0 0 4 51 11 4 0 0 1 0 2 0 0 2 0 0 0 0 0 0 29 27 0 0 0 0 1 0 0 0 0 0 0 0 0 0 0 0 0 0 0 0 0 0 0 0 0 0 23 14 0 1 0 0 0 0 0 0 0 0 0 0 0 0 0 0 0 0 0 1 0 0 0 5 0 0 5 88 0 6 1 1 72 0 0 0 0 0 0 0 0 0 0 0 0 0 0 0 0 0 0 0 0 13 11 0 0 0 0 0 0 0 0 0 0 0 0 0 
 151 31 52 309 75 46 54 218 266 109 35 277 156 133 79 42 34 46 0 86 0 0 4 6 4 0 3 0 0 14 45 2 0 0 0 4 0 4 0 24 0 0 0 0 3 3 0 0 0 6 0 4 0 4 3 0 0 0 3 6 0 0 0 4 0 2 2 6 0 0 0 0 0 0 3 6 29 0 4 0 11 9 0 2 0 0 30 63 0 0 0 2 0 19 17 15 0 0 27 42 0 0 0 0 0 0 0 0 0 0 0 0 0 0 0 2 0 2 2 0 0 0 0 0 0 2 0 0 0 0 0 0 0 0 0 0 0 4 0 0 0 0 0 0 0 0 0 0 0 0 2 0 0 0 0 0 0 0 0 0 12 0 0 1 0 0 0 39 7 37 0 0 12 19 23 0 0 9 26 42 0 0 0 0 0 0 0 0 1 0 0 0 0 0 0 0 0 2 0 0 0 0 0 9 0 0 0 0 0 0 0 0 0 0 0 0 0 0 0 0 1 0 0 0 0 0 0 0 0 0 0 0 0 0 0 0 0 0 0 0 0 0 0 0 0 2 2 0 0 2 2 13 5 0 0 1 0 1 0 0 0 0 0 0 0 0 0 0 0 0 0 0 0 2 0 1 0 0 0 0 0 0 0 0 0 0 0 0 0 0 
 41 364 58 85 81 298 153 370 335 194 77 125 312 82 261 53 113 145 86 0 0 84 2 0 82 0 3 2 2 3 3 2 1 0 0 0 0 0 0 0 0 0 2 0 66 6 1 0 3 2 0 3 0 2 3 0 1 0 5 0 1 0 0 3 0 3 0 9 9 3 0 0 0 0 7 6 0 0 2 0 6 14 16 19 0 0 1 13 0 32 2 15 68 45 0 0 29 15 9 28 0 0 0 0 0 0 0 0 0 0 0 0 2 0 0 0 0 0 0 0 0 0 0 0 0 0 0 0 49 0 18 0 0 0 14 0 0 0 0 0 0 0 0 0 0 0 7 0 0 0 0 0 0 0 0 0 0 0 0 0 33 0 3 0 0 11 23 0 60 0 0 3 7 13 9 0 11 6 14 0 0 0 0 0 0 0 15 0 0 0 0 0 0 0 0 0 0 0 32 0 0 0 0 0 0 0 0 0 0 0 0 0 0 0 0 0 0 0 0 0 0 0 0 0 0 0 0 0 0 0 0 0 0 0 0 0 0 0 0 0 0 0 0 0 0 0 3 0 1 5 1 4 2 2 0 2 0 0 1 0 0 0 0 0 0 0 0 0 0 0 0 0 0 0 0 0 11 0 0 0 0 0 0 0 0 0 0 0 0 0 
 0 0 0 0 2 0 0 2 0 0 0 124 2 0 0 0 0 0 0 0 0 88 178 214 63 27 74 134 108 139 226 210 105 226 122 75 102 110 111 42 0 4 2 0 0 3 11 0 2 15 0 3 0 0 0 3 0 0 0 0 0 0 3 0 0 0 2 3 0 82 3 3 1 0 2 0 0 0 0 0 0 0 1 0 0 10 0 0 0 0 0 0 0 0 0 0 0 0 0 0 24 28 22 2 43 23 24 0 1 0 22 14 1 0 7 60 19 11 0 0 0 0 0 0 0 11 0 0 0 0 0 1 0 0 0 0 0 2 0 21 0 0 6 0 0 1 0 0 0 0 0 0 0 0 0 3 1 0 0 0 0 0 11 35 0 0 0 0 0 0 0 0 0 0 0 0 2 0 0 2 38 41 14 7 12 2 10 47 27 12 0 19 15 13 23 0 72 14 0 0 0 0 0 0 0 0 6 0 0 0 0 0 0 0 0 0 4 0 13 0 6 0 0 0 0 0 0 0 0 0 0 0 0 0 0 0 8 0 0 0 0 0 0 0 0 0 0 0 0 0 0 0 0 0 5 0 0 0 77 0 13 0 0 0 0 0 0 0 0 0 0 0 0 0 0 0 0 0 0 0 0 8 0 0 0 0 0 0 0 0 
 1 0 0 0 0 34 0 0 2 0 4 0 1 2 0 2 0 0 0 84 88 0 173 460 59 228 75 214 156 246 111 178 124 141 291 145 112 86 112 185 0 5 2 0 0 3 0 0 2 5 0 3 0 0 0 3 0 0 0 0 0 0 2 0 0 0 51 3 0 3 3 3 2 0 64 0 0 1 0 0 0 0 0 0 0 0 0 0 0 0 0 0 0 0 0 0 0 0 0 0 0 22 62 9 6 14 1 14 0 61 3 14 7 0 0 11 81 0 2 9 66 0 0 0 0 0 0 0 0 0 0 0 16 6 0 0 2 18 0 0 23 0 9 0 0 0 0 0 0 0 0 0 0 0 0 6 0 0 0 0 0 0 0 0 0 0 0 0 0 0 0 9 0 0 0 2 0 1 0 0 20 11 0 27 7 0 31 0 0 25 15 9 4 21 0 2 22 7 0 0 1 0 0 0 0 0 0 0 0 0 0 0 23 10 0 0 0 0 15 0 0 0 0 0 0 0 0 0 0 0 0 0 0 0 0 0 0 0 0 0 0 0 1 0 0 0 2 0 0 0 0 0 0 0 6 0 0 0 79 2 2 1 0 0 0 0 1 0 0 0 0 0 0 0 0 0 0 0 0 18 0 15 0 0 0 1 0 0 0 0 
 81 0 0 0 77 0 0 2 0 0 0 2 0 0 2 2 3 0 4 2 178 173 0 330 130 34 300 194 156 141 103 49 231 209 522 141 217 32 340 24 0 5 2 0 2 209 0 0 2 0 0 4 23 0 0 3 0 0 0 86 0 0 3 0 0 0 2 3 0 10 3 3 1 0 2 0 0 0 0 0 0 0 0 0 0 18 0 0 0 0 0 0 1 0 0 0 0 0 0 0 0 18 15 1 0 33 35 43 11 45 26 7 12 27 9 34 0 6 15 0 0 0 0 0 0 0 0 0 0 0 0 0 1 11 0 0 0 0 0 0 0 0 0 0 0 0 0 0 0 0 0 0 3 0 2 0 0 0 0 17 0 0 0 28 0 0 0 0 0 0 0 12 0 0 0 0 3 4 0 3 21 58 8 8 0 12 11 75 41 0 27 0 28 1 29 18 18 0 1 22 15 16 0 0 0 0 12 7 0 0 0 0 2 0 2 0 0 2 34 0 0 0 0 0 0 0 0 0 2 0 0 0 0 0 0 0 0 0 0 0 0 0 0 0 0 0 0 0 0 0 0 0 0 0 11 2 1 1 77 2 16 0 0 2 0 0 9 0 0 0 0 0 0 0 0 0 0 0 0 0 0 0 0 0 0 0 0 0 0 0 
 75 0 0 0 0 0 0 0 0 0 0 4 73 0 0 206 0 0 6 0 214 460 330 0 199 82 99 178 146 181 66 214 68 167 163 137 207 173 81 70 23 5 2 0 0 3 10 0 2 4 0 4 1 0 0 3 2 1 64 79 0 0 2 0 0 0 2 3 0 3 3 3 2 0 1 0 0 1 0 0 0 0 0 0 2 0 0 0 2 0 0 0 0 0 0 0 0 0 0 0 21 19 34 42 0 37 1 12 0 0 10 53 13 12 0 9 0 31 2 1 0 0 0 0 2 0 14 0 0 18 0 0 19 1 11 0 0 26 29 9 0 0 8 0 0 0 0 0 0 0 0 0 0 2 0 6 0 0 0 0 0 1 0 0 1 0 0 0 1 0 0 0 0 0 0 0 0 22 0 0 19 16 50 29 0 1 0 12 15 38 14 8 0 0 0 0 31 20 7 0 0 5 0 0 0 10 0 7 0 0 0 0 3 1 0 0 0 14 32 13 2 2 0 0 0 0 0 0 0 0 1 0 0 0 0 0 0 0 0 0 0 0 0 0 0 0 0 0 0 0 0 0 0 0 0 4 0 6 152 1 2 2 0 0 0 0 0 0 0 0 0 0 0 0 0 0 0 0 0 0 0 5 0 0 0 0 0 0 0 0 
 7 4 4 4 5 4 6 5 4 5 8 5 43 4 5 5 5 5 4 82 63 59 130 199 0 62 41 85 248 106 292 583 92 135 131 205 130 97 118 119 65 67 3 0 0 3 0 0 2 0 0 2 123 0 0 3 211 0 1 0 0 0 3 0 0 0 2 3 0 3 3 2 0 0 3 36 0 0 0 0 0 0 0 0 0 0 0 0 0 0 1 0 21 0 0 0 0 0 0 0 0 18 19 10 54 41 0 0 2 0 0 0 18 0 0 39 19 1 0 0 19 0 5 11 0 0 0 0 9 15 0 0 0 12 9 25 0 2 0 10 2 0 6 0 0 0 0 0 0 0 0 0 0 0 0 3 1 0 0 0 0 0 0 0 6 0 0 0 0 0 0 0 0 0 7 0 0 0 0 0 0 0 0 8 12 40 0 0 1 0 0 30 0 0 1 9 20 0 0 0 12 12 11 0 0 0 38 0 0 0 0 0 0 21 13 1 38 0 39 2 0 0 0 0 0 0 0 2 0 0 0 0 0 0 0 0 0 0 0 0 0 0 13 0 0 0 0 0 0 1 0 0 0 0 16 5 3 3 2 2 0 0 0 0 0 0 0 0 0 0 0 0 0 0 0 0 0 0 0 0 0 10 1 0 0 0 0 0 0 0 
 0 2 0 0 2 0 0 0 0 0 0 4 0 0 0 0 0 0 0 0 27 228 34 82 62 0 22 254 36 54 213 117 29 53 45 70 134 71 53 54 20 98 6 0 61 3 65 0 2 0 0 2 63 62 31 66 66 0 159 72 0 3 2 0 0 3 2 3 0 3 3 6 2 3 1 0 0 0 3 0 0 0 0 0 0 0 0 0 0 0 0 0 0 0 0 0 0 0 0 0 0 0 0 27 47 1 0 0 0 30 0 26 0 0 0 0 0 0 0 0 0 0 27 1 0 0 26 73 1 25 0 0 41 36 61 0 38 18 31 24 0 0 0 0 0 0 0 0 0 0 1 0 0 0 0 0 0 3 10 0 0 0 0 0 0 0 0 0 0 0 0 0 3 0 11 0 0 0 0 0 0 13 0 0 0 38 0 0 0 0 0 13 0 0 0 0 0 0 0 0 0 43 1 8 0 0 68 14 21 0 14 6 10 21 1 35 0 14 6 27 0 0 0 0 0 0 0 0 0 0 0 0 14 0 1 0 0 0 11 0 0 0 0 0 0 0 0 0 0 0 0 1 0 0 5 1 0 78 0 2 0 0 0 0 0 0 0 0 0 0 0 0 0 0 0 0 0 0 0 0 0 0 13 0 0 0 16 0 0 0 
 4 2 3 3 2 38 3 3 3 3 6 5 2 2 7 3 2 3 3 3 74 75 300 99 41 22 0 155 60 135 314 38 271 509 162 190 310 103 189 211 0 5 2 0 0 3 0 0 2 0 0 2 0 0 0 3 0 0 0 12 0 0 3 0 0 0 2 3 0 14 3 2 0 0 3 0 0 0 0 3 0 0 0 0 15 32 0 0 0 0 0 13 0 0 0 0 0 7 0 0 0 0 12 1 0 17 53 23 14 11 69 15 17 1 8 23 27 6 0 7 0 0 0 0 0 0 0 0 0 0 0 0 0 1 0 23 0 11 1 0 0 0 0 0 0 0 0 0 0 0 0 16 3 0 0 0 0 0 0 0 0 0 10 0 0 0 0 0 0 0 45 17 0 0 0 13 3 0 0 3 0 18 3 6 0 0 22 14 67 0 58 0 7 18 39 7 15 12 12 26 0 0 0 0 0 0 0 0 0 0 0 0 0 0 0 0 0 0 24 0 0 0 0 0 0 0 0 0 0 0 0 0 0 0 0 0 0 0 0 0 0 0 0 0 0 0 0 0 0 0 0 0 0 0 2 0 1 0 76 0 24 23 0 0 0 0 0 0 0 0 0 0 0 0 0 0 0 0 0 18 0 25 0 0 0 1 0 0 0 0 
 2 2 2 0 75 77 1 0 0 0 283 2 0 0 0 1 0 0 0 2 134 214 194 178 85 254 155 0 80 203 107 129 184 82 192 35 112 74 369 254 0 3 2 0 1 3 13 0 2 24 0 3 0 0 0 3 0 0 0 0 0 0 3 0 0 0 2 3 0 3 3 3 1 0 2 0 0 5 0 0 0 0 64 1 0 0 0 0 0 0 1 0 2 0 0 0 0 0 0 0 11 9 19 10 10 0 28 30 13 13 0 25 2 30 17 21 14 11 4 39 0 1 0 11 0 0 0 0 3 0 0 0 10 2 0 0 0 1 9 1 2 0 0 1 0 0 0 0 0 0 0 0 0 0 0 0 0 0 0 5 0 0 0 9 0 0 0 0 0 0 0 25 0 0 2 0 0 3 0 19 1 7 39 22 0 0 46 12 32 20 28 8 0 28 2 10 40 7 0 0 0 0 0 0 0 0 0 0 0 0 0 0 1 0 0 0 0 0 13 7 0 0 0 0 0 0 0 2 0 0 0 0 0 0 0 0 0 0 0 0 0 0 0 0 0 0 4 0 0 0 0 0 0 0 8 2 3 0 124 0 0 1 0 0 0 0 30 0 0 0 0 0 0 0 0 0 0 9 0 12 0 0 0 0 0 11 0 0 0 0 
 0 0 0 0 0 2 0 0 2 0 0 80 0 0 3 0 0 0 0 2 108 156 156 146 248 36 60 80 0 157 320 275 161 219 76 57 268 485 227 137 19 5 2 0 0 3 73 0 3 7 0 3 0 63 0 3 0 62 0 3 49 0 2 0 0 0 3 3 0 5 8 3 3 0 2 0 0 0 0 0 0 0 0 0 0 11 0 0 0 0 0 0 0 0 0 0 0 0 0 0 19 19 33 11 25 28 0 0 22 10 16 38 0 1 18 18 26 0 0 1 12 0 0 0 0 0 0 0 0 0 0 15 7 12 0 13 0 12 0 1 0 0 4 0 0 0 1 0 0 1 0 0 0 0 0 4 2 0 0 0 0 0 0 4 0 0 0 0 43 0 0 0 2 0 0 0 6 0 2 0 15 0 19 8 25 13 43 0 0 0 15 19 14 31 11 0 37 1 17 3 0 0 1 0 0 0 10 0 0 0 0 0 8 13 0 0 0 0 14 0 0 0 0 0 0 0 0 0 0 0 0 0 1 0 0 0 0 0 0 0 0 0 12 0 0 0 0 0 0 0 0 1 0 0 9 3 0 102 81 1 19 0 0 0 0 0 0 0 0 0 0 0 0 0 0 0 0 0 0 0 0 7 0 0 0 1 7 0 0 0 
 0 0 0 1 0 0 3 0 0 0 1 3 0 0 1 0 3 0 14 3 139 246 141 181 106 54 135 203 157 0 100 173 48 135 253 292 302 197 147 322 0 15 2 0 0 5 33 0 2 0 206 5 0 0 0 3 206 0 59 5 0 0 3 0 0 0 2 3 0 3 3 2 0 0 3 0 0 0 0 0 0 0 0 2 0 0 0 2 0 0 0 0 0 0 0 0 0 0 0 0 1 71 27 1 21 0 0 15 13 38 9 40 11 0 0 50 21 8 9 22 24 0 0 0 0 0 19 0 2 1 0 0 23 21 0 0 1 0 20 16 2 13 0 1 0 10 0 0 0 0 0 0 0 0 0 0 3 0 0 0 0 0 0 0 0 0 1 18 0 0 0 0 0 0 0 0 0 8 0 0 19 0 28 34 6 21 27 28 41 58 9 16 60 20 22 52 20 17 18 0 0 13 0 0 0 0 0 8 0 0 0 0 10 9 8 0 0 0 0 0 0 0 0 0 0 0 0 0 0 0 0 0 0 0 0 0 0 0 0 15 0 0 0 0 0 0 0 0 0 0 0 0 0 0 10 1 0 77 1 2 3 0 0 0 0 0 9 0 0 0 0 0 0 0 0 0 0 0 0 0 0 0 0 0 0 0 0 0 0 0 
 0 0 0 0 0 0 0 2 0 0 0 0 0 0 0 0 0 2 45 3 226 111 103 66 292 213 314 107 320 100 0 128 45 551 156 372 185 143 133 78 2 5 64 0 0 3 64 0 2 3 0 2 0 55 66 3 0 0 126 0 0 0 3 0 84 1 3 3 0 3 10 3 1 0 2 0 0 0 0 0 0 0 0 0 0 10 0 0 0 1 0 0 0 0 2 0 0 0 0 0 0 38 1 16 44 1 12 13 23 0 37 35 14 0 0 43 7 52 0 0 0 0 20 0 0 0 0 11 0 1 0 0 6 19 0 0 12 11 17 16 0 0 2 0 0 0 0 0 0 0 0 0 0 0 0 1 0 0 0 0 2 0 0 0 0 0 0 0 0 14 1 0 0 0 0 0 1 5 0 4 1 8 1 9 33 20 2 11 28 17 12 40 0 0 10 18 61 12 0 0 0 0 0 0 0 0 23 0 0 1 0 0 13 0 0 0 0 0 25 0 0 0 0 0 0 0 1 0 0 11 0 0 0 0 0 0 0 0 0 0 0 0 1 0 0 0 0 0 0 0 0 0 0 0 9 0 7 28 150 0 15 1 0 0 0 0 0 0 0 0 0 0 0 0 0 0 0 0 0 0 0 1 0 0 1 0 5 0 0 0 
 4 2 2 2 4 2 3 3 2 2 5 5 2 2 2 4 7 2 2 2 210 178 49 214 583 117 38 129 275 173 128 0 40 388 41 198 71 369 121 33 64 4 2 0 0 3 6 0 2 0 67 2 0 1 63 3 0 0 64 2 0 65 3 0 0 0 2 3 0 3 3 3 1 0 2 0 0 0 0 0 0 0 0 0 0 0 0 0 0 2 0 0 0 0 1 0 0 0 0 0 0 17 25 11 1 26 0 0 17 1 0 23 0 0 0 4 17 0 0 0 0 0 0 0 0 0 0 11 0 1 0 0 31 12 0 0 14 9 7 14 0 0 6 0 0 0 0 0 0 0 0 0 0 0 0 4 0 0 0 0 1 0 0 0 0 0 0 0 0 0 0 0 0 0 0 0 0 11 0 0 17 9 24 19 0 0 1 21 1 10 11 0 1 1 0 0 1 40 13 8 0 0 13 0 0 0 12 0 18 0 0 0 17 12 0 0 0 0 29 0 0 0 0 0 0 2 2 0 0 0 0 0 0 0 0 0 0 0 0 0 0 0 0 0 0 0 0 0 0 0 0 0 0 0 25 0 2 4 1 4 2 0 6 0 0 0 0 0 0 0 0 0 0 0 0 0 0 0 0 0 0 22 0 0 0 0 6 0 0 0 
 0 76 0 0 73 74 0 0 0 0 150 2 0 0 0 1 2 0 0 1 105 124 231 68 92 29 271 184 161 48 45 40 0 98 185 42 178 38 203 92 0 3 2 0 0 66 0 0 2 0 0 4 0 44 0 3 0 2 0 0 0 4 3 0 4 0 2 3 6 15 3 3 1 0 2 0 0 0 0 0 0 0 0 0 0 21 2 0 0 0 0 0 0 0 0 0 0 2 0 0 2 12 21 8 0 0 51 23 2 10 37 9 19 21 18 7 1 8 33 7 0 0 0 0 0 0 0 0 0 27 0 0 0 0 0 0 0 0 0 0 0 0 0 0 0 0 0 0 0 0 0 0 6 0 0 1 0 0 0 5 0 0 18 0 0 0 0 0 0 0 0 60 0 0 0 0 1 0 0 6 1 27 11 0 8 0 36 67 30 0 16 0 8 13 20 0 10 0 3 61 0 13 0 0 0 0 0 0 0 0 0 0 0 0 0 0 0 0 13 0 0 0 0 0 0 0 0 0 0 0 0 0 0 0 0 0 0 0 1 0 0 0 0 0 0 0 0 0 0 0 0 0 0 0 10 0 3 0 89 0 12 0 0 0 0 0 1 0 0 0 0 0 0 0 0 0 0 1 0 18 0 0 0 0 0 16 0 1 0 0 
 2 1 0 99 110 167 0 2 0 0 75 2 2 0 2 2 77 4 0 0 226 141 209 167 135 53 509 82 219 135 551 388 98 0 489 162 44 321 91 161 0 5 2 0 2 3 0 0 2 0 0 4 0 0 0 3 3 0 0 0 0 0 3 0 0 0 2 3 0 3 3 3 1 0 2 0 0 0 0 0 0 0 0 9 12 0 0 0 33 0 0 0 0 0 0 0 0 0 0 0 0 53 28 1 3 13 13 19 22 19 29 0 44 7 7 9 59 9 41 0 5 0 0 0 0 0 0 0 0 0 0 1 0 0 3 0 0 27 0 3 0 0 7 0 0 0 0 0 0 0 0 0 0 0 0 9 0 0 0 0 0 0 0 0 0 0 0 0 0 0 0 0 0 0 15 0 0 0 0 0 13 17 18 12 13 1 17 37 38 11 0 1 10 10 13 17 33 47 0 23 0 0 0 0 0 0 1 0 0 0 0 0 0 0 0 0 0 0 44 0 0 0 0 0 0 0 0 0 0 0 0 0 0 0 0 0 1 0 0 0 0 0 0 0 0 0 0 0 0 6 0 0 0 0 36 0 2 0 0 0 3 1 0 0 0 0 10 0 0 0 0 0 0 0 0 2 0 0 0 0 0 9 0 0 0 0 0 0 0 0 
 0 1 0 0 91 1 0 0 0 0 2 0 0 0 4 0 0 1 0 0 122 291 522 163 131 45 162 192 76 253 156 41 185 489 0 141 64 53 306 112 0 5 2 0 2 3 0 0 2 0 0 3 0 0 0 3 0 0 1 0 0 0 4 0 0 1 2 3 0 3 3 4 2 0 2 0 0 1 0 0 0 0 0 0 0 9 0 0 0 0 0 0 0 0 0 0 0 0 0 0 0 36 19 0 20 0 10 48 0 39 38 66 15 7 6 33 55 28 34 2 0 0 0 0 0 0 0 0 0 0 0 0 1 1 0 0 0 0 12 5 0 0 0 0 0 1 0 0 0 0 0 1 0 0 0 17 0 0 0 7 0 0 0 1 0 0 0 0 0 0 0 12 0 2 0 0 0 61 0 3 20 28 20 7 15 20 32 31 58 39 21 15 10 17 25 19 21 0 0 7 2 0 0 0 0 15 21 13 17 0 0 0 0 0 0 0 0 0 22 0 6 0 0 0 1 0 0 0 0 0 0 0 0 0 0 0 0 0 0 0 0 0 0 0 0 0 77 0 0 0 0 0 0 0 8 0 1 0 3 0 3 0 0 0 0 0 1 0 0 0 0 0 0 0 0 0 0 2 0 0 0 0 0 0 0 0 0 0 0 0 
 0 0 0 0 0 174 0 0 0 0 99 2 0 0 2 0 0 0 4 0 75 145 141 137 205 70 190 35 57 292 372 198 42 162 141 0 138 107 164 79 0 3 2 3 0 5 4 0 2 0 0 3 3 0 0 3 0 0 0 5 0 0 4 0 0 0 3 3 0 4 3 2 0 0 3 0 2 1 0 0 0 0 0 0 0 0 0 0 0 0 0 0 0 0 0 0 0 0 0 0 14 61 41 12 0 14 0 36 0 15 0 12 0 10 0 0 42 10 11 15 11 0 0 0 0 0 0 0 0 0 0 0 13 9 0 0 1 14 1 0 0 0 5 0 0 0 0 0 0 0 0 0 0 0 0 5 0 0 0 0 0 0 0 0 0 0 0 0 0 0 0 19 0 0 0 2 0 2 0 0 0 0 8 37 0 0 39 0 27 22 12 0 0 7 11 40 33 17 0 0 3 0 0 0 0 0 12 0 0 0 0 0 8 0 0 0 0 0 15 0 0 1 0 0 0 0 0 0 4 0 0 0 0 0 0 0 0 0 0 0 0 0 0 0 0 0 0 0 0 0 0 0 0 0 2 0 0 2 0 0 1 0 0 0 0 0 0 0 0 0 0 0 0 0 0 0 0 0 0 47 0 10 0 0 0 42 0 0 0 0 
 2 0 1 0 0 94 0 0 0 0 0 6 0 0 0 0 3 0 0 0 102 112 217 207 130 134 310 112 268 302 185 71 178 44 64 138 0 383 229 33 2 3 2 0 2 3 3 0 6 5 3 4 0 0 1 3 0 0 0 0 0 0 41 0 0 0 5 30 0 3 5 3 1 0 2 0 0 2 0 0 0 0 0 0 0 0 0 0 0 0 0 0 0 0 0 0 0 0 0 0 34 17 5 0 0 0 21 2 11 1 32 0 22 15 18 26 11 60 1 32 27 2 0 0 2 0 0 0 0 0 0 0 0 0 0 4 0 0 15 0 0 0 0 0 0 0 0 0 0 0 2 0 3 2 0 0 0 0 13 0 0 0 0 4 1 0 0 0 2 0 0 4 0 0 0 0 3 0 18 4 0 0 23 28 36 0 55 1 6 0 28 0 17 24 13 50 17 10 52 28 0 0 18 0 0 0 0 11 0 0 0 12 15 19 0 16 1 0 5 0 0 1 33 0 0 0 0 0 0 0 0 0 0 0 10 0 0 0 0 0 0 0 11 0 0 0 0 0 0 0 0 0 0 0 9 2 4 1 0 0 22 14 0 0 0 0 0 0 0 0 0 0 0 0 0 0 0 0 0 19 0 0 0 0 0 11 0 0 0 0 
 0 3 0 1 0 2 2 1 3 2 0 3 0 0 5 1 0 0 4 0 110 86 32 173 97 71 103 74 485 197 143 369 38 321 53 107 383 0 226 325 0 4 2 0 0 3 66 0 2 0 0 3 0 63 0 3 0 0 0 0 0 55 3 0 2 0 2 3 3 6 7 2 0 49 3 0 0 0 0 0 0 0 0 0 0 0 0 0 0 0 0 0 0 0 0 0 10 0 14 0 3 27 42 25 58 18 0 0 26 1 26 15 16 0 0 0 23 0 0 1 23 0 0 0 0 0 1 1 0 0 0 0 25 41 0 12 0 0 4 0 0 1 0 0 0 0 0 0 0 1 0 0 1 0 0 1 0 0 0 0 0 0 0 0 0 0 0 0 0 0 0 0 0 0 0 0 0 4 2 1 0 0 19 27 20 28 1 22 12 18 0 16 0 0 0 0 0 27 31 9 3 0 12 0 0 0 21 10 0 0 0 0 15 8 0 0 3 0 15 0 0 0 2 0 0 0 1 1 0 0 0 0 0 0 0 0 0 0 0 0 0 0 8 0 0 1 0 0 0 0 0 0 0 0 9 0 4 76 0 0 3 15 6 0 0 0 0 0 0 0 0 0 0 0 0 0 0 0 0 0 0 11 0 0 0 1 36 0 0 0 
 0 2 0 0 0 0 1 0 0 0 81 68 0 0 0 0 0 0 0 0 111 112 340 81 118 53 189 369 227 147 133 121 203 91 306 164 229 226 0 262 0 5 2 3 1 5 3 0 2 0 0 4 3 0 0 3 3 0 0 0 0 0 3 0 0 0 4 3 0 3 3 3 3 0 0 0 2 1 0 0 0 14 0 2 0 12 0 0 0 0 0 8 0 25 0 0 0 0 0 0 2 7 7 0 0 0 36 12 12 17 37 0 18 0 12 20 21 11 0 45 1 0 0 0 0 0 0 0 2 0 0 0 0 0 0 0 0 0 0 2 2 0 0 1 0 0 0 0 0 0 0 0 15 0 0 0 0 0 0 1 0 0 0 2 0 0 0 0 9 0 8 0 0 0 0 0 3 0 0 4 12 15 13 15 0 0 28 2 18 11 26 2 15 25 21 11 16 1 26 18 0 0 0 0 0 0 0 0 0 0 0 0 0 0 0 0 0 0 1 0 0 0 0 0 0 0 0 0 0 0 0 0 0 0 0 0 0 0 0 1 0 0 0 0 0 0 19 0 0 0 0 0 0 0 6 0 4 0 1 10 28 12 0 0 0 0 9 0 0 0 0 0 0 1 0 0 0 0 0 0 0 0 0 0 0 1 0 0 0 0 
 2 74 0 73 1 161 0 8 0 72 77 30 21 0 11 74 69 0 24 0 42 185 24 70 119 54 211 254 137 322 78 33 92 161 112 79 33 325 262 0 55 3 2 0 0 3 0 0 2 0 0 4 0 0 1 3 21 0 0 0 0 0 3 0 4 6 2 3 0 3 3 3 1 0 2 0 0 0 0 0 0 20 0 0 20 6 0 1 0 0 22 27 2 0 0 0 0 17 7 9 0 0 4 0 0 0 14 0 2 1 2 0 0 14 10 0 30 0 10 23 0 0 0 0 0 0 0 0 1 0 0 0 0 2 0 0 0 0 2 7 0 0 0 0 0 0 0 0 0 0 0 0 0 0 1 0 0 0 0 0 0 10 19 4 0 0 0 0 10 0 17 20 0 0 10 5 11 0 9 12 0 0 0 11 0 0 16 1 1 0 14 0 0 11 29 19 0 0 46 25 0 0 0 0 0 0 0 0 0 0 0 0 0 0 1 0 0 0 0 0 0 0 0 0 0 0 0 2 0 0 0 2 19 0 0 0 0 0 0 0 0 0 0 0 0 0 0 0 0 76 0 2 0 20 13 0 5 2 0 0 1 0 0 0 0 0 0 0 0 0 0 0 0 0 0 0 0 0 0 25 0 0 0 0 0 14 0 0 0 0 
 0 0 0 0 0 0 0 0 0 0 0 5 0 0 0 0 3 0 0 0 0 0 0 23 65 20 0 0 19 0 2 64 0 0 0 0 2 0 0 55 0 142 96 69 51 42 316 195 30 103 48 255 76 91 257 42 35 46 131 145 0 0 0 7 28 17 0 9 0 6 0 9 0 0 0 0 0 0 0 0 0 0 0 0 0 0 0 0 0 0 0 12 0 0 0 0 0 0 0 0 0 0 0 11 15 9 0 0 0 0 0 0 0 0 0 11 0 0 0 0 0 3 0 0 18 0 14 0 7 11 0 2 7 0 0 13 0 17 0 0 0 4 0 0 0 1 0 0 3 0 0 9 0 0 0 3 0 6 0 0 0 0 0 0 23 0 0 0 0 3 0 0 0 0 0 0 0 0 0 0 0 0 0 0 0 2 0 0 0 0 0 20 0 0 0 0 0 0 0 0 0 0 17 13 0 0 1 17 8 1 15 18 15 4 22 0 32 25 13 28 0 0 0 0 1 0 0 0 2 3 0 8 0 0 0 0 6 3 0 0 0 0 0 0 0 0 0 0 0 0 0 3 0 0 0 0 0 22 60 0 0 0 1 0 0 2 4 0 0 0 0 0 0 0 0 3 0 0 0 0 0 0 0 0 10 0 1 0 2 0 
 1 0 0 0 0 2 2 1 0 2 2 0 0 1 0 0 0 2 0 0 4 5 5 5 67 98 5 3 5 15 5 4 3 5 5 3 3 4 5 3 142 0 396 147 48 122 111 260 64 161 96 39 304 115 196 251 33 96 44 53 2 0 0 0 0 0 7 1 0 0 0 0 0 4 14 0 1 0 7 0 0 0 0 0 0 0 0 0 0 0 0 0 0 0 0 0 0 0 0 0 0 0 0 0 1 1 0 0 0 0 0 0 0 0 0 0 0 0 0 0 2 2 10 10 25 7 10 14 15 0 6 1 0 0 18 0 7 12 0 10 9 5 5 0 0 0 11 3 0 0 0 7 0 0 14 0 0 0 35 0 0 0 0 0 2 0 0 0 0 0 0 0 4 0 31 0 0 0 0 0 0 0 0 0 1 6 0 0 0 0 0 1 0 0 0 0 0 0 0 0 20 1 0 32 10 33 13 0 0 8 18 11 0 10 2 0 1 9 0 0 6 5 4 2 0 0 0 1 0 0 0 0 0 0 0 3 0 0 12 1 0 0 6 0 0 0 0 0 2 0 0 7 0 0 0 0 0 2 0 0 0 0 0 0 0 0 2 0 1 0 17 0 0 0 0 0 0 0 0 0 0 0 0 0 13 0 0 0 1 0 
 33 0 0 0 0 0 0 0 0 0 0 0 0 0 0 0 0 0 0 2 2 2 2 2 3 6 2 2 2 2 64 2 2 2 2 2 2 2 2 2 96 396 0 412 71 343 75 698 129 181 82 151 80 108 106 165 78 31 30 102 0 0 0 0 0 1 0 0 0 0 0 0 3 0 222 0 1 1 0 0 0 0 0 0 0 0 0 0 18 0 0 0 0 0 0 20 0 0 0 0 0 0 0 0 0 9 0 0 0 0 0 0 0 0 0 0 0 0 0 0 10 10 14 34 51 7 0 10 76 6 20 17 4 0 8 16 52 14 6 0 9 0 0 0 0 0 9 0 0 0 0 4 0 0 0 0 0 0 11 0 0 0 0 0 0 5 0 0 0 0 4 0 0 5 0 0 0 0 0 0 0 15 0 0 0 10 0 0 0 0 0 0 0 0 0 0 0 0 0 0 0 28 8 20 10 4 8 0 35 0 13 19 0 0 15 57 27 72 3 21 20 0 0 0 0 0 0 0 0 0 0 0 1 1 0 0 0 0 0 18 0 0 14 0 0 0 0 0 0 0 0 9 0 2 0 0 0 0 0 1 0 27 4 65 0 12 0 1 0 0 0 0 0 0 0 0 0 0 0 0 0 2 2 0 21 0 0 34 2 0 
 1 0 0 0 0 0 0 0 0 0 0 27 0 0 0 0 0 0 0 0 0 0 0 0 0 0 0 0 0 0 0 0 0 0 0 3 0 0 3 0 69 147 412 0 142 97 364 474 93 243 96 203 73 369 148 139 161 97 124 269 1 3 0 0 0 0 0 1 0 0 0 1 11 1 14 6 7 0 0 0 0 0 0 0 0 0 0 11 0 0 0 0 0 0 0 0 0 0 0 0 0 0 0 0 0 0 0 0 0 0 0 0 0 0 0 0 0 5 0 0 9 1 15 15 27 0 1 9 40 0 0 48 0 0 0 13 0 17 0 1 10 0 8 0 0 0 24 0 11 0 1 4 0 0 0 0 0 0 13 0 0 0 0 0 0 6 0 0 0 0 6 0 2 5 0 0 0 0 0 0 0 0 0 0 0 7 0 0 0 0 0 0 0 0 0 0 0 0 0 0 0 14 7 22 29 3 1 0 14 0 0 17 0 1 0 31 36 48 0 0 20 0 0 0 0 0 43 0 0 0 0 0 2 1 15 0 0 0 20 20 0 0 17 0 0 0 0 0 0 0 0 5 0 0 0 0 0 0 0 10 0 0 2 1 4 10 0 1 0 0 12 0 0 0 0 0 0 0 0 0 0 0 0 0 8 0 0 19 1 0 
 3 2 2 3 2 5 2 3 3 3 6 4 2 2 2 3 2 3 3 66 0 0 2 0 0 61 0 1 0 0 0 0 0 2 2 0 2 0 1 0 51 48 71 142 0 362 55 154 97 80 78 126 286 300 79 164 144 108 53 134 53 11 0 0 1 0 0 58 23 3 3 0 4 26 5 6 9 0 0 4 0 0 0 0 0 0 0 0 0 0 0 0 0 0 0 0 0 0 0 0 0 0 0 0 0 0 0 0 0 3 0 0 0 0 0 0 0 0 0 0 17 0 13 11 14 3 14 1 2 21 0 29 0 0 0 0 0 1 0 0 21 0 22 19 0 2 19 0 0 9 0 6 0 1 2 0 19 0 7 0 0 4 0 0 0 0 0 0 0 0 0 0 0 0 0 0 0 0 0 0 0 0 0 0 0 0 13 0 0 0 0 0 0 0 0 0 0 0 0 0 0 22 0 0 15 19 0 0 13 0 10 28 0 0 9 10 11 4 0 0 48 22 0 0 0 0 3 0 6 14 0 0 12 0 3 0 16 0 0 23 0 0 0 0 0 0 0 0 0 0 0 0 0 0 0 0 0 0 0 2 0 0 65 0 1 0 2 8 3 0 0 0 0 0 0 0 0 0 0 0 0 0 0 0 0 1 0 18 0 0 
 3 41 3 3 3 3 3 8 10 3 6 3 22 3 5 3 2 3 3 6 3 3 209 3 3 3 3 3 3 5 3 3 66 3 3 5 3 3 5 3 42 122 343 97 362 0 318 234 338 349 373 232 56 369 198 71 289 39 55 261 0 0 0 0 3 0 0 5 4 0 0 0 58 0 0 44 83 0 56 53 8 0 0 0 0 0 0 4 0 2 0 0 1 4 0 0 0 49 0 2 0 0 0 0 0 0 0 0 0 0 0 0 0 0 0 0 0 0 0 0 0 28 11 9 18 12 0 2 19 0 16 39 0 0 0 8 9 0 0 0 0 0 22 0 0 0 0 1 0 0 0 0 0 19 7 0 0 0 0 9 0 0 0 0 0 3 0 0 0 0 2 0 0 13 0 0 4 6 0 0 0 9 0 0 0 0 0 0 19 0 0 0 0 0 0 0 0 0 0 0 0 0 0 0 7 60 0 0 13 1 1 18 0 0 2 18 0 0 0 0 11 18 21 0 10 11 0 20 0 0 44 0 21 24 26 10 21 0 4 0 0 0 0 0 0 0 0 0 0 0 0 5 0 0 0 0 0 0 0 13 0 0 4 8 0 19 1 0 4 0 0 0 0 0 0 0 0 0 0 0 0 0 0 0 1 0 0 12 2 0 
 0 0 0 0 0 0 0 0 0 0 0 2 0 62 0 0 2 0 0 1 11 0 0 10 0 65 0 13 73 33 64 6 0 0 0 4 3 66 3 0 316 111 75 364 55 318 0 85 54 583 239 116 100 82 154 30 77 41 248 147 0 0 0 0 0 0 0 0 0 53 4 0 0 0 0 0 0 0 0 0 0 0 0 0 0 0 0 0 0 0 0 0 0 0 0 0 0 0 0 0 0 0 0 1 9 5 0 0 14 18 0 56 0 0 0 6 3 0 0 0 24 0 0 11 10 7 20 11 17 27 4 11 27 4 19 8 25 10 22 32 0 0 0 0 0 11 0 0 0 0 0 0 0 0 0 0 3 0 0 0 0 0 0 0 0 5 0 0 0 0 4 0 0 5 0 0 0 0 0 0 3 0 3 1 6 21 0 0 0 25 4 37 0 0 0 19 1 4 0 0 0 21 10 9 0 21 11 6 10 0 0 0 0 9 7 14 0 23 0 0 0 0 0 0 0 0 0 0 0 0 0 0 1 0 0 0 0 0 0 0 0 0 0 0 0 0 0 0 0 0 0 13 0 0 0 0 0 128 0 1 0 0 0 65 0 15 0 0 0 0 0 0 0 0 0 0 0 0 0 0 0 2 0 0 0 0 10 0 0 0 
 0 0 0 0 0 0 0 0 0 0 59 3 0 0 62 0 0 0 0 0 0 0 0 0 0 0 0 0 0 0 0 0 0 0 0 0 0 0 0 0 195 260 698 474 154 234 85 0 155 88 250 138 110 519 167 407 60 44 50 49 0 0 81 0 0 0 0 0 51 0 0 0 1 0 2 0 0 0 0 0 0 0 8 0 0 0 0 0 0 0 0 0 0 0 0 0 0 0 0 0 0 0 0 0 1 0 0 13 0 0 0 0 0 0 0 0 0 5 0 7 10 11 6 13 22 8 0 26 26 1 25 9 0 0 0 10 39 15 0 0 9 0 0 0 0 0 9 0 0 0 0 7 0 0 0 0 0 0 18 3 0 0 0 0 0 0 0 0 0 0 0 0 0 2 0 0 0 0 0 0 0 0 0 0 0 0 0 0 0 0 0 0 0 0 0 0 7 0 0 0 11 9 9 22 30 17 10 0 27 17 8 12 1 1 13 10 7 8 17 0 4 0 0 0 0 0 12 0 0 0 0 45 20 0 27 0 0 0 0 20 0 0 18 0 0 0 0 0 0 0 0 5 0 0 0 0 0 0 0 13 0 0 0 64 0 0 1 1 0 0 1 0 0 0 0 0 0 4 0 0 0 0 0 0 34 0 0 5 1 0 
 0 2 0 0 0 0 0 0 0 0 0 0 0 0 0 2 0 0 0 3 2 2 2 2 2 2 2 2 3 2 2 2 2 2 2 2 6 2 2 2 30 64 129 93 97 338 54 155 0 79 36 359 156 199 207 243 100 49 57 141 3 4 0 2 63 2 12 0 2 4 4 0 0 0 3 3 7 0 0 2 0 0 0 11 0 0 0 0 0 0 0 0 0 0 0 0 0 0 0 0 0 0 0 0 18 0 0 0 0 0 0 0 0 0 0 0 0 0 0 0 16 54 18 13 13 23 17 20 12 7 24 1 0 0 18 5 21 16 0 0 0 6 0 0 20 0 0 5 0 0 0 0 0 0 0 0 0 4 8 11 0 0 0 0 0 0 0 0 0 0 0 0 0 1 0 0 0 0 0 0 0 0 0 0 0 0 0 0 0 0 0 0 0 0 0 0 0 0 0 0 0 0 0 30 12 9 0 16 7 10 39 23 20 0 43 21 32 0 0 10 0 0 0 0 0 0 10 0 0 0 0 0 7 0 9 0 0 0 0 0 0 0 0 0 0 0 0 0 0 0 0 14 0 0 0 0 0 0 0 9 0 0 0 76 2 7 0 1 0 0 9 0 0 0 2 0 0 0 0 0 0 0 0 0 11 2 0 2 1 0 
 2 2 2 2 2 2 2 2 2 2 4 73 2 2 2 2 2 2 6 2 15 5 0 4 0 0 0 24 7 0 3 0 0 0 0 0 5 0 0 0 103 161 181 243 80 349 583 88 79 0 411 120 52 422 108 114 144 108 58 140 0 0 0 0 0 0 0 8 0 0 0 0 0 0 1 0 0 0 0 0 0 0 0 0 0 0 0 0 0 0 0 0 0 0 0 0 0 0 0 0 0 0 0 2 3 13 0 0 0 0 0 2 0 0 0 0 0 0 0 0 10 0 0 8 57 8 0 5 25 0 0 22 0 0 15 35 11 0 15 0 0 9 0 0 0 0 11 0 0 0 0 8 0 0 0 0 0 0 10 3 0 0 0 0 0 16 0 0 0 0 11 0 0 12 0 0 0 0 0 0 0 0 0 0 11 0 0 0 0 0 0 6 0 0 0 0 21 0 0 0 21 22 19 18 0 14 65 0 8 16 1 0 13 10 0 4 2 37 0 0 0 1 0 0 1 0 0 34 0 0 0 0 0 7 0 0 0 19 1 0 0 0 14 0 0 0 0 0 0 0 0 7 0 2 0 0 0 0 6 0 0 0 2 64 0 5 0 0 2 0 0 0 0 0 0 0 0 0 0 0 0 0 0 0 4 0 0 0 2 0 
 0 0 54 0 0 0 0 0 0 0 84 3 0 0 49 0 0 0 0 0 0 0 0 0 0 0 0 0 0 206 0 67 0 0 0 0 3 0 0 0 48 96 82 96 78 373 239 250 36 411 0 105 36 304 45 172 171 86 49 42 0 0 0 0 0 0 2 50 0 0 0 0 4 0 7 0 0 0 0 0 0 0 0 0 0 0 0 0 0 0 0 0 0 0 0 0 0 0 0 0 0 0 0 0 0 0 0 0 0 0 0 0 0 8 0 0 0 0 0 9 11 27 0 17 32 33 0 0 18 0 8 1 0 0 0 54 10 40 0 0 20 0 10 0 0 0 11 0 0 0 0 7 22 0 0 0 0 0 39 32 0 0 0 0 0 0 0 0 0 0 0 0 0 4 0 0 0 0 0 0 0 0 0 0 0 0 0 0 0 0 0 0 0 0 0 0 0 0 0 0 0 14 13 18 19 22 0 0 16 16 0 13 0 0 8 10 21 19 0 0 7 0 0 0 0 0 11 0 1 0 0 0 19 1 9 30 0 1 20 19 0 0 18 0 0 0 0 0 0 0 0 4 0 2 0 0 0 0 0 11 0 0 1 71 39 0 0 1 0 0 0 0 0 0 0 0 0 0 0 0 0 0 0 0 35 0 0 0 2 0 
 5 3 3 3 5 3 5 7 5 5 5 8 3 3 5 4 5 5 4 3 3 3 4 4 2 2 2 3 3 5 2 2 4 4 3 3 4 3 4 4 255 39 151 203 126 232 116 138 359 120 105 0 32 150 187 111 172 70 27 44 4 0 0 0 0 0 0 0 3 0 0 0 51 0 6 55 12 0 20 0 0 0 0 0 0 8 0 0 0 0 0 0 0 0 0 0 0 0 0 0 0 0 0 0 0 0 0 0 0 0 0 0 0 0 0 0 0 0 0 0 0 31 13 12 29 34 1 9 29 0 28 31 0 0 0 9 25 0 0 1 0 0 0 0 0 0 5 0 0 0 5 1 0 0 2 0 0 0 4 7 0 0 0 0 0 1 0 0 0 0 1 0 0 5 0 0 0 0 0 0 0 0 0 0 0 0 0 0 0 0 0 0 0 0 0 0 0 0 0 0 0 1 9 0 2 39 0 0 20 0 1 23 0 1 17 11 7 1 0 0 20 2 11 3 0 0 0 0 0 0 0 0 24 6 33 0 9 10 12 17 0 0 0 0 0 0 0 0 0 0 0 3 0 0 0 0 0 2 0 24 0 0 2 36 0 22 0 0 0 4 11 0 0 0 0 0 0 0 0 0 0 0 0 0 13 0 0 22 2 0 
 0 0 0 0 1 0 0 0 0 0 0 0 0 0 3 0 0 0 0 0 0 0 23 1 123 63 0 0 0 0 0 0 0 0 0 3 0 0 3 0 76 304 80 73 286 56 100 110 156 52 36 32 0 65 257 148 86 33 54 414 0 0 0 56 50 0 0 0 0 0 6 1 0 0 4 50 0 0 0 0 0 0 0 0 0 0 0 0 0 0 0 0 0 0 14 0 0 0 0 0 0 0 0 3 15 14 0 0 0 0 0 0 0 0 0 0 0 0 0 0 0 9 14 0 0 0 1 3 0 2 22 0 8 15 21 0 24 0 1 0 0 7 0 0 0 0 0 22 0 0 0 0 0 0 0 0 0 11 0 0 0 0 0 0 7 0 0 0 0 1 0 0 0 0 2 0 0 0 0 0 0 0 0 0 17 10 0 0 0 0 0 19 0 0 0 15 0 0 0 0 8 13 0 0 0 0 10 15 0 0 0 0 9 0 8 19 3 0 11 29 0 0 0 0 0 0 0 0 0 0 0 0 18 0 0 0 0 0 0 0 0 0 0 0 0 0 0 0 0 0 0 9 0 0 0 0 0 1 0 0 0 0 0 0 0 0 2 0 0 0 1 0 0 0 0 0 0 0 0 0 0 0 0 2 0 0 0 0 2 0 
 2 3 3 2 3 2 3 2 2 2 4 4 3 3 3 2 3 2 4 2 0 0 0 0 0 62 0 0 63 0 55 1 44 0 0 0 0 63 0 0 91 115 108 369 300 369 82 519 199 422 304 150 65 0 237 308 48 43 160 180 0 0 0 3 5 0 0 1 0 3 10 4 0 0 0 0 1 0 0 0 0 0 0 0 0 0 0 0 0 0 0 0 0 0 0 0 0 0 0 0 0 0 0 0 5 0 0 0 10 0 0 8 0 0 0 0 0 0 0 0 0 6 16 30 54 8 0 20 42 0 20 7 8 4 0 28 35 0 0 40 0 7 0 0 1 0 0 0 5 5 0 6 0 0 0 1 0 16 0 0 0 0 0 0 0 46 0 0 0 0 11 0 0 20 0 0 0 0 0 0 0 0 0 0 2 0 0 0 0 0 0 8 0 0 0 0 0 0 0 0 0 25 13 15 8 0 11 0 23 11 8 21 0 1 15 42 24 20 0 0 22 0 0 0 0 0 0 0 1 7 0 0 1 0 0 0 5 5 0 0 0 0 0 0 0 0 0 0 0 0 0 7 0 1 0 0 0 55 0 0 0 0 2 64 0 15 10 0 1 0 0 0 0 0 0 6 0 0 0 0 0 0 0 0 52 0 9 28 2 0 
 3 3 3 2 3 2 3 3 1 1 42 4 3 3 3 3 3 2 3 3 0 0 0 0 0 31 0 0 0 0 66 63 0 0 0 0 1 0 0 1 257 196 106 148 79 198 154 167 207 108 45 187 257 237 0 124 58 27 73 248 0 0 0 0 0 0 0 0 0 0 3 0 0 0 0 0 0 0 0 0 0 0 0 0 0 0 0 11 0 0 0 0 0 0 0 0 0 0 0 0 0 0 0 0 22 0 20 0 0 0 0 18 0 0 0 0 0 0 0 0 0 43 39 19 24 7 1 16 26 0 53 20 7 19 0 5 28 0 0 8 0 3 0 0 12 0 0 8 0 0 0 0 0 0 0 0 0 2 4 0 0 0 0 0 0 7 0 0 0 0 6 0 0 6 0 0 0 0 0 0 0 11 0 0 0 0 0 0 0 0 0 25 0 13 0 0 0 0 0 0 10 8 0 2 11 0 20 0 38 16 12 28 12 1 13 11 8 18 1 11 24 0 0 0 0 0 0 0 0 0 5 0 15 4 0 0 0 0 0 0 0 0 0 0 0 0 0 0 0 0 0 5 0 0 0 0 0 66 0 0 0 0 0 65 2 10 2 0 0 0 46 0 0 0 0 0 0 0 0 0 0 0 0 0 12 15 8 19 2 0 
 0 0 0 0 0 0 0 0 0 0 0 3 0 0 0 0 0 0 0 0 3 3 3 3 3 66 3 3 3 3 3 3 3 3 3 3 3 3 3 3 42 251 165 139 164 71 30 407 243 114 172 111 148 308 124 0 84 95 28 128 51 3 0 0 0 61 0 0 0 0 0 1 8 0 17 6 38 0 11 4 0 0 0 0 0 0 0 0 0 0 0 0 0 0 0 0 0 0 0 0 0 0 0 0 14 0 0 0 0 0 0 0 0 0 0 0 0 0 0 0 16 18 35 20 11 7 1 17 13 19 32 0 0 9 7 0 29 19 0 0 13 4 0 8 0 0 4 9 0 0 3 0 0 0 0 0 0 6 27 0 0 0 0 0 0 0 0 7 0 0 0 0 0 0 0 0 0 0 0 0 0 0 0 11 0 0 0 0 0 0 0 0 0 0 0 0 0 0 0 0 0 15 1 29 57 0 0 0 40 7 17 11 12 0 6 34 16 7 0 17 12 0 0 0 0 0 36 0 0 0 0 0 29 12 19 0 0 0 0 6 0 0 0 0 0 0 0 0 0 31 0 15 0 2 0 0 0 0 0 1 0 0 2 0 0 2 0 65 0 0 8 0 0 0 0 0 0 0 0 0 0 0 0 0 6 0 0 10 2 0 
 1 0 0 0 3 0 0 0 0 0 17 15 0 0 0 0 0 0 0 1 0 0 0 2 211 66 0 0 0 206 0 0 0 3 0 0 0 0 3 21 35 33 78 161 144 289 77 60 100 144 171 172 86 48 58 84 0 180 36 222 0 0 0 0 0 0 0 7 0 0 0 0 0 0 0 0 0 0 2 0 0 5 0 0 0 3 0 0 0 0 0 0 0 0 0 0 0 0 0 0 0 0 0 0 28 0 6 0 0 0 0 0 0 3 3 0 0 0 0 4 0 11 6 3 31 7 0 1 5 8 15 51 0 9 15 2 24 0 0 0 0 14 2 0 0 0 0 5 0 0 0 0 0 0 0 0 0 4 0 0 0 0 0 0 0 9 0 0 4 0 12 0 0 6 0 0 0 0 0 0 0 5 0 0 0 0 0 3 0 0 0 0 0 0 0 0 0 0 4 3 0 7 0 1 0 47 0 0 9 0 1 1 11 0 0 25 1 21 0 13 0 6 0 0 0 0 0 22 0 0 0 0 13 1 7 9 0 0 22 0 0 0 1 0 0 0 0 0 0 0 0 3 0 16 8 0 0 0 0 0 0 26 1 62 63 3 1 0 1 0 0 0 0 0 0 0 0 0 0 0 0 0 0 0 0 0 0 0 2 0 
 0 0 0 0 1 63 0 0 0 0 2 0 0 0 0 0 66 0 0 0 0 0 0 1 0 0 0 0 62 0 0 0 2 0 0 0 0 0 0 0 46 96 31 97 108 39 41 44 49 108 86 70 33 43 27 95 180 0 26 61 0 0 0 0 0 0 0 56 0 0 0 0 58 1 0 0 0 3 52 0 0 0 0 0 0 0 0 0 0 0 0 0 0 0 0 0 0 0 0 0 0 0 0 0 0 0 0 0 0 23 0 0 0 0 0 0 0 0 0 0 0 0 0 15 0 0 10 0 10 4 0 1 10 0 0 0 10 6 0 0 3 0 7 0 0 0 11 0 0 0 0 0 24 0 0 0 0 1 10 9 0 0 0 0 0 0 0 0 0 0 0 0 0 0 0 0 0 0 0 0 0 0 0 0 0 0 0 0 0 0 0 0 0 0 0 0 0 0 0 5 0 0 0 18 30 7 0 0 0 0 10 0 0 0 0 0 0 0 0 0 0 6 0 0 8 3 0 0 10 0 21 0 10 20 4 10 0 11 59 31 0 0 13 0 0 0 0 0 0 0 0 3 0 0 0 0 0 0 0 11 0 0 1 0 4 0 0 0 1 0 0 0 0 0 0 0 0 0 0 0 0 0 0 0 0 15 0 0 2 0 
 5 3 3 3 3 3 3 3 3 3 3 3 3 3 3 4 4 3 3 5 0 0 0 64 1 159 0 0 0 59 126 64 0 0 1 0 0 0 0 0 131 44 30 124 53 55 248 50 57 58 49 27 54 160 73 28 36 26 0 165 0 0 0 0 0 0 0 0 0 0 3 0 0 0 0 0 0 0 0 0 0 0 0 0 0 0 0 0 0 0 0 0 0 0 0 0 0 0 0 0 0 0 0 15 20 0 0 0 0 28 0 87 0 0 0 0 0 0 0 0 5 3 9 0 0 0 37 5 0 5 0 4 27 19 0 0 5 19 32 22 2 8 2 0 0 7 0 0 0 0 0 0 27 0 0 0 1 0 0 50 0 0 0 0 0 5 0 0 0 0 5 0 7 0 0 0 0 0 0 0 0 0 0 0 0 10 0 0 0 18 0 52 0 0 0 4 0 0 0 0 1 16 0 4 1 2 28 7 15 0 0 33 0 18 30 0 0 37 2 29 17 0 0 0 0 0 0 0 0 0 0 0 1 0 0 4 0 0 20 0 0 0 0 0 0 0 0 0 0 0 0 5 0 0 0 0 0 233 0 2 0 0 0 1 0 5 0 0 0 0 0 0 0 0 0 0 0 0 0 0 0 0 0 0 2 0 10 0 0 0 
 0 0 0 0 0 0 0 0 0 0 0 0 0 0 5 0 0 0 6 0 0 0 86 79 0 72 12 0 3 5 0 2 0 0 0 5 0 0 0 0 145 53 102 269 134 261 147 49 141 140 42 44 414 180 248 128 222 61 165 0 0 3 0 0 0 0 0 0 0 0 0 0 0 0 200 0 9 0 0 0 0 0 0 0 30 0 0 0 0 0 0 0 0 0 0 0 0 0 0 0 0 0 0 20 11 28 0 0 7 0 0 3 0 0 0 3 4 0 8 0 0 37 18 10 0 9 32 20 9 28 6 20 16 21 11 20 1 0 1 3 0 3 0 0 0 0 0 7 0 0 0 0 0 0 0 0 0 13 0 0 0 0 0 0 0 7 0 0 0 0 7 0 2 5 1 0 0 0 12 0 0 0 0 5 0 0 0 0 0 0 19 0 0 0 4 5 36 7 0 0 25 23 0 0 0 0 0 20 0 51 12 15 20 0 13 9 2 36 11 30 0 0 0 0 0 0 0 0 0 0 0 22 10 0 0 0 0 0 19 4 0 0 0 0 0 0 0 0 0 0 0 6 0 0 0 0 0 63 1 3 0 0 0 2 2 12 2 67 0 0 15 0 0 0 0 0 0 0 0 0 0 7 0 0 0 9 0 0 1 0 
 0 0 0 0 0 0 0 0 2 0 0 0 0 0 0 0 0 0 0 1 0 0 0 0 0 0 0 0 49 0 0 0 0 0 0 0 0 0 0 0 0 2 0 1 53 0 0 0 3 0 0 4 0 0 0 51 0 0 0 0 0 212 135 120 32 47 140 93 102 47 237 36 126 147 822 20 483 32 101 40 0 0 0 0 0 0 0 0 0 0 0 0 0 0 0 0 0 0 0 0 0 0 0 0 0 0 0 0 0 0 0 0 0 0 0 0 0 0 0 0 0 0 0 0 7 0 0 0 0 0 11 21 0 0 0 0 0 0 0 0 3 0 18 0 0 0 29 0 11 5 13 10 0 26 10 0 25 8 0 0 0 5 0 0 0 0 0 0 0 0 0 0 0 0 0 0 0 0 0 0 0 0 0 0 0 0 0 0 0 0 0 0 0 0 0 0 0 0 0 0 0 0 16 1 0 0 0 0 0 0 0 0 0 0 0 0 0 0 0 0 7 38 14 6 18 14 11 40 9 0 22 0 8 7 0 0 12 0 1 17 19 0 0 3 0 0 0 0 0 0 0 0 0 0 9 0 23 0 0 0 0 0 0 3 0 0 0 0 0 0 11 2 2 2 2 2 0 0 0 0 0 0 0 0 0 2 0 0 0 0 
