 0 238 72 174 45 101 77 132 61 234 27 24 149 368 143 137 324 59 30 221 2 0 2 3 3 0 0 0 0 0 0 0 0 0 3 3 0 0 0 2 23 0 0 0 0 90 0 6 0 0 3 0 0 3 3 0 0 0 0 0 0 0 0 38 0 0 0 0 0 0 0 0 0 3 0 0 0 0 51 0 0 0 24 2 0 0 31 9 12 0 0 23 24 29 16 13 0 34 9 19 0 0 0 0 0 0 4 0 0 0 0 0 0 0 0 0 0 0 0 0 0 0 0 0 2 0 0 0 0 0 0 0 0 0 0 0 0 0 0 0 0 0 0 0 0 0 1 0 0 0 0 0 0 0 0 0 0 0 0 0 35 6 74 0 2 15 13 63 17 0 0 0 20 19 5 19 17 24 27 0 0 0 0 0 0 0 0 0 0 0 0 0 0 0 0 0 0 0 1 0 2 0 0 0 0 0 0 0 7 0 0 0 0 0 0 0 2 0 0 0 0 0 0 0 0 0 2 0 0 0 0 0 0 0 0 0 0 0 0 0 0 12 0 0 0 0 3 2 0 2 9 5 0 0 0 0 0 0 0 0 0 0 0 0 0 0 0 0 0 0 0 0 0 0 0 0 0 0 0 0 0 0 0 0 0 0 0 0 0 0 
 238 0 175 270 351 33 161 294 41 207 60 116 107 370 365 147 212 121 29 135 4 1 2 3 2 0 74 0 1 0 0 2 0 1 3 3 3 0 0 75 4 0 2 2 1 66 0 0 1 2 3 0 0 3 6 1 1 0 0 0 0 1 0 1 12 0 0 0 0 1 3 0 2 3 0 0 1 0 3 0 38 18 2 5 9 0 16 0 11 0 20 19 0 25 0 0 14 15 26 0 0 0 0 0 0 0 19 13 0 0 1 0 0 15 10 0 0 0 3 7 0 0 0 14 0 0 0 0 0 0 0 0 0 0 0 0 0 0 1 0 0 0 0 0 0 0 0 0 0 1 0 0 0 0 2 0 0 0 0 2 16 15 33 1 7 25 13 15 14 10 1 16 0 20 0 0 10 13 17 23 0 0 0 0 0 0 0 0 19 0 0 0 18 1 0 0 0 0 0 15 0 0 0 0 0 0 0 0 0 1 0 0 0 0 0 0 0 2 0 0 0 0 0 0 0 0 0 0 2 0 0 0 0 0 0 0 0 2 0 0 0 1 0 0 0 2 7 0 2 94 12 7 13 0 0 0 0 0 0 0 49 0 0 0 0 1 0 0 0 0 0 0 0 1 2 0 15 0 0 0 0 0 0 0 0 0 0 0 0 0 
 72 175 0 329 57 353 63 313 266 255 185 279 163 154 285 235 224 535 56 626 0 0 3 3 3 3 0 0 2 0 0 0 26 0 6 6 0 0 0 75 2 4 0 0 4 0 0 3 0 5 3 2 2 3 6 0 3 0 1 0 51 0 0 0 0 0 0 3 0 4 1 0 0 3 6 1 0 0 3 0 48 19 14 30 1 2 1 0 13 50 30 0 13 7 17 0 13 20 2 0 0 10 0 0 0 0 22 5 0 0 0 0 18 0 2 16 0 0 0 0 0 0 0 0 0 0 0 0 0 0 0 0 0 0 0 0 0 0 0 1 0 0 0 0 0 0 0 0 0 0 1 2 0 0 0 0 0 0 0 0 15 37 0 14 16 35 21 0 19 25 0 37 0 0 0 9 0 10 7 23 15 0 0 0 0 0 0 0 0 0 0 0 0 0 3 0 0 0 9 1 0 0 0 0 0 2 0 0 0 0 0 13 0 0 0 0 0 0 0 0 0 0 0 2 0 0 0 0 0 0 0 0 0 0 0 0 0 0 0 0 0 0 0 0 0 2 0 0 5 0 2 19 0 0 0 0 0 0 0 0 0 0 21 0 0 0 0 0 0 0 0 0 0 0 0 0 0 0 0 0 0 0 0 0 0 0 0 0 0 0 
 174 270 329 0 106 175 193 81 164 105 100 227 74 65 68 128 33 193 95 59 76 2 3 3 2 0 36 0 0 0 0 0 77 0 78 5 1 0 0 79 1 1 0 4 0 0 0 0 0 0 3 0 0 3 3 1 0 42 0 61 0 0 0 0 0 0 0 0 0 0 0 0 0 3 0 2 0 0 2 0 10 0 0 61 10 21 13 18 0 28 22 11 0 0 0 0 5 21 12 18 0 33 0 0 0 0 19 18 2 0 0 0 11 0 10 13 1 0 3 17 0 0 0 0 0 0 0 0 0 0 0 0 0 0 0 0 0 0 0 0 0 0 0 0 0 0 0 0 0 0 0 0 0 0 0 0 0 0 0 0 0 16 29 0 1 29 10 54 15 21 0 31 0 9 0 0 2 12 0 35 15 0 0 1 0 0 11 20 18 0 1 0 15 11 16 0 2 0 57 23 1 6 0 0 0 0 0 0 0 0 0 0 0 0 0 0 1 2 0 0 0 0 0 0 0 0 7 0 0 0 0 0 0 0 0 0 0 0 0 0 0 0 0 0 2 0 95 0 87 88 1 14 10 2 1 0 0 0 0 0 0 0 0 0 0 0 0 0 0 0 0 0 0 0 0 0 0 0 0 0 0 0 0 0 0 0 0 0 0 0 
 45 351 57 106 0 118 264 164 92 92 293 181 115 81 93 143 150 142 287 85 79 80 2 5 0 0 48 2 0 0 2 2 76 62 3 6 0 4 17 37 0 0 3 36 4 3 0 0 0 0 3 0 5 3 8 5 0 4 0 0 0 4 0 0 6 6 0 0 0 4 0 0 0 3 4 2 0 0 6 0 14 0 11 20 27 0 0 0 0 21 26 15 0 0 12 17 13 4 0 0 8 0 0 0 0 0 9 1 11 0 0 0 18 25 1 0 0 0 15 2 0 0 0 0 10 0 0 0 0 0 0 1 0 0 1 0 0 0 0 0 0 0 0 0 1 0 0 0 0 0 5 0 20 0 0 0 0 0 0 1 2 0 38 48 11 1 0 0 0 0 12 35 0 1 1 13 1 0 0 0 13 0 8 0 0 0 0 13 0 0 0 0 43 23 0 0 0 0 28 9 0 1 0 0 0 0 0 0 0 0 0 0 0 2 0 0 0 0 0 0 0 0 0 0 0 0 0 0 0 0 0 0 2 0 2 0 0 0 0 0 0 0 0 0 0 6 89 2 3 9 0 10 0 0 0 0 0 0 0 0 0 0 0 0 0 0 0 0 0 0 0 0 0 0 0 19 13 1 0 0 0 0 0 0 0 0 0 0 0 0 
 101 33 353 175 118 0 42 47 146 63 608 51 34 52 263 53 66 82 50 280 170 156 3 3 0 0 0 0 0 4 0 1 101 76 3 90 0 2 150 35 0 1 0 0 0 0 0 0 0 0 3 0 0 3 3 0 0 0 0 0 0 0 0 0 0 0 0 0 0 0 0 0 0 3 0 1 0 0 3 0 0 0 0 19 0 24 0 0 0 27 0 0 0 0 0 0 0 0 1 0 97 33 14 0 0 0 3 10 59 22 1 0 6 12 0 34 0 11 45 22 0 0 1 0 0 0 0 0 15 0 1 0 0 0 0 0 17 0 0 0 0 0 0 2 1 5 0 0 0 0 0 0 0 0 0 0 0 0 0 0 0 0 0 43 0 0 0 3 0 0 0 15 0 0 7 0 0 0 0 0 33 4 20 0 2 0 15 36 27 0 15 37 0 19 17 30 11 15 31 35 0 0 0 0 0 0 0 3 0 0 0 0 2 0 0 0 0 0 0 0 0 0 0 0 0 0 0 0 0 16 0 0 0 0 0 0 0 0 0 0 0 13 0 0 0 5 1 0 92 1 0 3 0 0 0 0 0 0 0 0 0 0 0 0 0 0 0 0 0 0 0 0 0 0 0 41 0 0 0 0 0 0 0 0 0 0 0 0 0 0 
 77 161 63 193 264 42 0 165 266 334 114 153 240 192 37 181 121 243 43 147 2 0 3 7 4 0 2 3 2 0 67 5 0 3 5 18 5 0 76 1 3 0 0 2 2 2 0 0 2 0 4 3 6 0 14 2 11 2 2 0 0 0 1 0 0 0 0 4 0 4 0 4 3 2 0 0 0 0 0 0 0 51 0 0 1 0 8 0 7 0 17 6 11 0 0 19 3 0 6 15 0 0 0 0 0 0 79 0 0 0 17 0 0 14 0 0 0 0 0 0 0 0 0 0 0 0 0 0 0 0 0 0 0 0 0 0 0 0 0 0 0 0 0 0 0 0 11 0 0 0 6 0 0 0 0 0 0 0 0 0 0 30 0 0 2 29 28 28 0 11 0 19 28 14 32 1 10 26 11 39 0 0 0 0 0 0 0 0 0 0 0 0 0 0 0 0 0 0 3 0 0 0 0 0 0 0 0 0 0 0 0 0 0 0 0 0 0 0 0 0 0 0 1 0 0 0 0 0 0 0 0 0 0 0 0 0 0 0 0 0 0 0 0 0 0 0 2 2 0 0 11 2 2 0 0 2 0 0 0 0 0 0 0 0 0 0 0 0 0 0 0 0 0 0 0 0 0 0 0 0 0 0 0 0 0 0 0 0 0 0 
 132 294 313 81 164 47 165 0 189 55 250 56 283 605 51 418 78 406 329 78 0 85 6 3 0 94 0 0 3 2 0 3 2 3 10 8 1 1 0 2 3 1 2 4 4 1 0 1 1 3 6 1 1 3 4 1 3 2 64 3 1 0 0 0 10 4 0 3 5 1 1 3 0 7 1 9 6 10 3 0 8 0 43 0 0 10 26 1 0 36 9 7 10 9 17 41 6 14 0 0 0 0 0 0 0 0 0 2 0 0 1 0 0 0 0 1 0 0 0 0 0 0 0 0 0 0 18 0 0 0 0 0 1 0 0 0 0 0 0 0 0 1 1 0 0 0 0 0 0 6 0 0 0 0 0 0 3 0 0 0 31 1 0 21 14 0 13 0 25 0 31 0 1 22 15 7 0 22 7 2 2 0 20 0 0 0 0 0 1 0 0 0 2 0 0 0 0 0 0 0 0 0 0 0 0 0 0 0 0 1 0 0 0 0 0 0 0 2 0 0 18 0 0 0 0 0 0 0 0 0 15 0 0 0 0 0 0 1 7 0 0 7 0 0 0 2 0 0 4 0 1 19 1 2 0 0 0 0 1 0 0 0 0 0 0 2 0 0 0 0 0 0 0 0 0 0 0 0 0 0 0 0 0 0 0 0 0 0 0 0 
 61 41 266 164 92 146 266 189 0 150 302 108 197 326 79 97 416 167 83 272 1 1 3 4 0 0 1 2 1 0 1 74 21 1 3 3 0 2 61 94 0 1 25 0 0 0 0 7 0 0 65 0 0 3 3 0 0 0 0 0 0 0 0 0 0 49 0 3 0 0 0 0 0 3 0 1 0 0 3 0 11 0 16 67 21 15 14 2 0 35 31 26 1 0 9 16 39 34 0 0 0 9 0 0 0 0 0 8 52 1 0 2 18 11 0 15 0 0 64 1 0 0 0 0 0 0 0 0 0 0 0 0 0 0 1 0 0 0 0 0 0 0 0 0 13 1 0 0 0 0 1 0 0 0 0 0 0 2 0 0 13 1 48 7 9 0 12 16 0 13 0 14 0 0 0 22 11 10 0 0 11 0 0 0 0 0 0 0 0 0 0 0 5 0 0 1 0 0 2 0 0 0 0 0 0 0 0 0 0 0 0 0 0 0 0 0 0 0 0 0 0 0 0 0 0 0 0 0 0 0 0 0 0 0 0 0 0 0 0 0 0 9 0 0 0 0 4 0 1 8 0 13 0 0 0 0 0 0 0 0 0 0 1 0 0 10 0 0 0 0 0 0 0 0 0 0 1 6 0 0 0 0 0 0 0 0 0 0 0 0 
 234 207 255 105 92 63 334 55 150 0 135 169 137 198 250 89 284 149 96 107 1 2 39 5 0 0 0 0 0 0 0 0 87 0 3 3 0 0 0 2 19 1 0 0 0 0 0 6 0 0 3 2 0 3 3 0 0 0 0 0 0 0 0 34 0 0 0 0 0 0 0 0 0 3 0 1 0 0 3 0 21 20 13 30 8 10 18 24 0 36 15 2 1 17 0 1 0 22 9 0 0 14 0 2 0 0 8 17 0 0 0 0 26 0 2 0 0 0 0 0 0 0 0 1 0 0 0 0 0 0 0 0 0 2 0 0 0 0 0 1 0 0 0 0 0 0 0 0 9 0 0 1 0 0 0 0 0 0 0 0 0 14 29 0 12 22 7 0 44 30 68 19 0 0 0 49 1 1 0 14 28 0 0 0 0 0 0 0 1 0 0 0 23 0 1 0 0 0 0 13 0 0 18 0 0 0 0 0 0 0 1 1 0 0 0 0 0 0 0 0 0 0 0 0 0 0 0 0 0 0 0 0 0 0 0 0 0 0 0 0 0 0 0 0 0 0 89 0 1 87 1 5 7 0 0 0 0 0 0 0 0 0 0 0 0 0 0 0 0 0 0 0 0 0 0 11 12 0 0 0 0 0 0 0 0 0 0 0 0 0 
 27 60 185 100 293 608 114 250 302 135 0 82 53 57 300 155 318 280 463 267 101 2 2 3 0 0 0 0 0 0 52 25 76 0 5 86 0 0 155 2 0 0 0 25 4 0 0 0 0 0 3 0 0 3 3 0 0 1 0 0 0 0 0 0 0 0 0 0 0 0 0 0 0 3 0 0 0 0 3 0 0 0 0 47 4 3 0 0 0 41 27 24 0 0 15 8 26 30 0 0 47 15 0 0 0 0 0 13 0 0 0 0 54 0 10 0 1 0 13 5 0 0 0 0 0 0 0 0 1 0 0 0 0 0 0 0 0 0 0 0 0 0 0 0 4 0 0 0 0 0 0 0 0 0 0 0 0 0 0 0 0 0 0 3 0 0 0 25 0 16 32 38 2 0 0 0 2 2 0 0 37 0 21 0 1 0 0 21 15 0 0 1 20 34 2 0 0 0 16 0 12 0 0 0 0 0 0 0 1 0 0 0 0 0 0 0 0 0 0 1 0 0 0 0 0 0 0 0 0 0 0 0 0 0 0 0 0 0 0 0 0 0 0 0 0 6 92 0 0 86 1 18 0 0 0 0 0 0 0 0 0 0 0 0 0 0 0 0 0 0 0 0 0 0 0 0 0 9 0 0 0 0 0 0 0 0 0 0 0 0 
 24 116 279 227 181 51 153 56 108 169 82 0 195 46 121 130 118 97 36 40 66 1 4 5 0 0 3 0 6 0 2 5 3 0 3 3 3 0 5 2 2 0 0 0 0 0 2 6 0 0 8 7 6 9 8 0 0 0 2 0 0 0 8 2 3 4 0 4 0 0 0 0 5 3 3 0 0 0 3 0 32 16 21 11 8 22 19 12 1 2 30 7 0 0 15 9 46 19 10 0 0 5 0 0 0 0 33 9 0 0 0 0 15 0 0 0 4 33 12 2 0 0 0 0 0 0 0 0 0 0 0 0 0 0 4 0 0 0 0 0 0 0 0 0 1 0 0 0 0 0 0 0 0 0 0 0 0 0 0 0 11 19 16 20 39 18 43 3 15 24 19 18 0 0 1 27 6 27 0 15 0 0 0 0 0 0 0 24 36 0 15 0 16 0 0 0 0 0 0 16 0 0 0 0 0 0 11 0 0 0 0 0 0 0 0 0 0 0 0 0 0 0 0 0 0 0 0 0 0 0 0 0 0 0 0 0 0 0 0 0 0 7 0 0 0 4 2 0 3 49 0 12 9 0 0 0 0 0 0 0 0 0 1 0 0 0 0 0 0 0 0 0 0 0 0 11 11 1 0 0 0 0 0 0 0 0 0 0 0 0 
 149 107 163 74 115 34 240 283 197 137 53 195 0 213 123 238 182 154 337 450 1 2 2 5 0 0 6 3 2 0 201 0 0 3 3 2 0 0 6 204 4 0 2 0 0 63 4 1 0 52 3 6 2 3 3 0 1 0 6 0 0 0 0 0 3 2 40 0 0 0 3 5 3 3 0 0 45 0 8 0 43 18 31 0 0 7 35 1 0 26 13 7 10 16 1 32 16 14 0 19 0 0 0 0 0 0 0 0 16 0 0 0 0 0 0 0 0 0 0 0 0 0 0 0 0 0 0 0 0 21 0 0 0 0 0 0 0 0 0 0 0 0 0 0 0 0 2 0 0 5 0 0 0 0 0 0 0 0 0 0 29 0 0 31 20 0 35 0 28 0 36 0 3 16 12 24 58 30 0 0 0 0 0 0 0 0 0 0 0 0 2 0 0 0 0 0 0 0 2 0 1 0 0 0 0 0 0 0 0 0 0 0 0 0 0 0 1 0 0 0 0 0 0 0 14 0 1 0 0 0 0 0 15 12 0 0 0 0 0 0 0 7 0 0 0 2 0 1 2 2 2 0 0 0 0 0 0 0 0 0 0 0 0 0 0 0 0 0 4 0 0 0 0 0 0 0 14 0 0 0 0 0 0 0 0 0 0 0 0 0 
 368 370 154 65 81 52 192 605 326 198 57 46 213 0 285 48 207 40 322 416 4 2 3 3 0 0 0 0 0 0 0 0 0 0 3 3 0 0 0 2 2 1 0 0 61 0 0 10 0 0 69 0 0 3 3 0 0 0 0 0 0 0 0 32 0 0 0 0 0 0 0 0 0 3 0 2 0 0 2 0 10 10 13 1 0 0 40 20 12 0 1 18 14 33 0 24 5 44 11 34 0 0 0 0 0 0 0 0 0 0 0 0 0 0 17 0 0 0 0 0 0 0 0 0 1 0 0 0 0 0 0 0 0 0 0 0 0 0 0 0 0 0 0 0 0 0 0 0 0 3 0 0 0 0 0 0 0 0 0 0 17 9 17 0 0 12 6 33 0 0 0 0 30 23 10 22 11 12 10 30 0 0 0 0 0 0 0 24 0 0 2 0 0 0 0 0 0 0 1 0 1 0 0 0 0 0 0 0 0 0 0 0 0 0 0 34 1 0 0 0 0 0 0 0 0 0 1 0 0 0 0 0 0 0 0 0 0 0 0 0 0 9 0 0 0 2 2 0 0 0 10 13 0 0 0 0 0 0 0 0 0 0 1 0 0 0 0 0 0 0 0 0 0 0 0 0 17 0 0 0 0 0 0 0 0 0 0 0 0 0 
 143 365 285 68 93 263 37 51 79 250 300 121 123 285 0 69 227 36 69 108 1 1 4 5 2 2 0 6 1 2 1 3 79 2 3 3 4 4 0 2 3 0 0 0 65 2 0 6 0 0 3 0 3 3 3 2 0 0 0 3 0 0 0 98 0 0 0 0 0 2 0 2 45 3 0 0 0 0 3 0 35 17 11 0 0 0 3 13 4 2 0 2 21 59 1 11 9 0 0 26 0 0 0 0 0 0 1 0 2 0 0 0 0 0 0 0 0 0 0 0 0 0 0 0 0 0 0 0 0 0 0 0 0 0 0 0 0 0 0 0 0 0 0 0 0 5 0 9 0 0 0 0 0 0 0 0 1 0 1 0 0 0 20 17 8 14 39 9 12 0 0 0 0 1 9 17 27 15 2 0 10 0 0 0 0 0 0 0 0 0 0 0 14 0 0 0 0 0 0 0 0 0 0 1 0 0 0 1 0 0 0 0 0 0 0 0 0 0 0 0 0 0 0 0 0 0 0 0 31 2 0 0 0 0 0 0 10 0 0 0 0 3 0 0 0 0 97 0 0 0 0 0 0 0 0 0 0 0 0 0 0 0 0 0 0 0 0 0 0 0 0 0 0 0 0 0 16 0 0 0 0 0 0 0 0 2 0 0 0 0 
 137 147 235 128 143 53 181 418 97 89 155 130 238 48 69 0 186 118 39 62 2 1 3 5 0 0 0 0 0 0 0 0 0 0 3 3 0 0 0 83 0 1 0 0 0 0 0 2 0 0 3 0 0 3 3 0 0 0 0 0 0 0 0 0 0 0 0 0 0 0 0 0 0 3 0 1 0 0 3 0 21 4 15 17 12 0 57 2 9 17 48 41 3 0 1 15 40 31 11 0 0 0 0 0 0 0 1 8 11 0 2 0 0 21 10 0 0 0 27 3 0 0 0 0 0 0 0 0 0 0 0 0 0 0 0 0 0 0 2 0 0 17 0 0 0 0 0 0 0 2 0 0 0 0 1 0 0 0 0 1 14 17 28 9 17 60 41 0 21 11 0 27 0 16 10 23 10 22 0 18 0 0 0 0 0 0 0 0 9 0 0 0 1 0 0 0 0 6 0 16 0 0 0 0 0 0 0 0 0 15 0 0 0 0 0 0 0 1 0 0 0 0 0 0 0 0 0 0 1 1 0 0 0 0 0 0 0 1 0 0 0 8 0 0 0 1 0 0 1 97 10 10 9 0 0 0 0 0 0 0 0 0 1 0 0 0 0 0 0 0 0 0 0 2 0 1 0 0 0 0 0 0 0 0 0 0 0 0 0 0 
 324 212 224 33 150 66 121 78 416 284 318 118 182 207 227 186 0 163 252 258 1 2 2 3 0 0 0 0 1 0 0 20 0 90 4 4 0 0 75 2 0 0 0 1 0 0 61 1 0 1 3 0 0 3 3 0 64 7 0 0 0 0 0 0 0 0 6 0 0 0 0 0 0 3 0 2 0 0 3 0 15 13 62 1 0 15 56 0 25 11 11 43 18 31 48 0 28 16 13 9 0 0 1 0 0 0 1 0 0 0 0 0 0 0 0 0 2 0 0 0 0 0 2 0 0 0 0 0 0 0 0 0 0 0 15 0 0 0 0 0 0 0 0 0 5 0 0 0 0 0 14 0 0 0 0 0 0 0 0 0 6 16 77 28 39 19 14 28 0 0 0 1 14 11 23 11 27 9 49 22 0 0 0 2 0 0 0 0 0 0 0 0 12 0 0 0 1 0 4 1 0 0 0 0 0 0 0 0 0 0 0 14 1 0 0 0 0 0 0 0 0 0 0 0 0 0 0 0 0 1 0 0 0 0 0 6 0 0 0 0 0 14 0 0 0 0 90 0 0 0 2 6 0 0 0 0 0 0 0 0 0 0 0 0 0 0 0 0 0 0 0 0 0 0 0 0 0 10 0 0 0 0 0 0 0 0 0 0 0 0 
 59 121 535 193 142 82 243 406 167 149 280 97 154 40 36 118 163 0 232 322 0 3 3 3 0 0 37 0 0 1 0 0 74 22 63 3 0 0 3 70 0 1 2 6 0 0 0 0 1 0 3 0 0 3 3 1 0 0 0 2 0 0 0 0 0 0 0 0 0 0 0 1 0 3 0 1 0 0 3 0 2 1 25 41 35 21 5 16 17 56 0 49 0 0 1 20 0 13 0 0 0 14 0 0 0 0 9 11 17 0 0 0 46 11 0 10 0 0 3 2 0 0 0 2 0 0 0 12 0 1 0 0 2 0 0 0 0 0 0 0 0 0 0 0 23 1 0 0 0 0 12 0 0 0 17 0 0 0 0 0 2 0 39 9 20 0 0 25 16 0 16 17 0 0 0 9 0 13 0 0 34 0 0 0 0 0 13 0 0 0 0 0 19 10 15 0 0 0 71 23 0 0 0 0 0 0 0 0 0 0 0 0 0 0 2 0 0 0 0 0 0 0 0 0 0 0 0 2 0 0 0 0 2 0 2 0 0 0 0 0 0 0 0 0 0 7 97 0 87 10 2 6 0 0 2 0 0 1 0 0 0 0 0 0 0 0 0 0 0 0 0 0 0 0 0 30 0 0 0 0 0 0 0 0 0 0 0 0 0 0 
 30 29 56 95 287 50 43 329 83 96 463 36 337 322 69 39 252 232 0 271 3 0 2 3 0 1 0 0 2 0 0 1 0 1 3 3 0 0 0 2 39 0 0 0 0 0 0 0 0 0 3 0 0 3 4 0 0 0 0 0 0 0 0 0 0 0 0 0 0 1 0 0 0 3 0 0 0 0 6 0 0 15 15 0 0 0 0 34 20 0 0 0 15 5 46 0 0 0 0 48 0 0 0 0 0 0 0 0 0 0 0 0 0 0 0 0 0 0 6 0 0 0 0 0 0 0 0 0 0 0 0 0 0 36 0 0 0 0 0 0 0 0 0 0 0 0 0 0 0 0 0 0 0 0 0 0 0 0 0 0 20 0 0 17 6 0 7 8 25 0 0 0 6 0 16 0 0 0 3 0 0 0 0 0 0 0 0 0 36 0 0 0 0 0 0 0 0 0 0 0 0 0 0 16 0 0 0 0 0 0 0 0 0 9 0 0 0 0 0 0 0 0 0 0 0 0 0 0 0 0 0 0 0 0 0 0 0 0 0 0 0 0 0 0 0 0 2 0 0 0 1 5 0 0 0 0 0 0 0 0 0 0 0 0 0 0 0 0 0 0 0 0 0 0 0 0 0 0 0 0 0 0 0 0 0 0 0 0 0 0 
 221 135 626 59 85 280 147 78 272 107 267 40 450 416 108 62 258 322 271 0 1 0 3 3 0 0 0 2 0 0 0 0 2 0 3 5 1 0 0 2 0 2 0 0 0 0 0 0 0 0 3 3 0 2 2 0 0 0 0 0 0 0 1 1 0 0 0 0 0 0 0 0 0 3 0 3 0 0 1 0 2 0 28 0 0 9 10 11 15 34 0 0 25 16 16 38 0 0 11 25 0 0 0 0 0 0 0 0 0 0 0 0 0 0 0 0 0 0 0 0 0 0 0 5 9 0 0 0 0 0 0 0 0 0 0 0 0 0 0 0 0 2 0 0 0 0 0 0 0 3 0 0 0 0 0 0 0 0 0 0 39 0 19 1 3 0 0 10 25 0 58 0 0 28 9 0 0 11 33 1 0 0 0 0 0 0 0 0 1 0 0 0 0 0 0 0 0 0 0 0 0 0 0 0 0 0 0 0 0 0 0 0 0 0 0 0 0 0 2 0 0 3 0 0 0 0 0 0 0 0 0 0 0 0 0 0 0 0 0 0 0 0 0 0 0 2 0 0 0 1 0 8 1 0 0 0 0 0 0 0 0 0 0 0 0 0 0 0 0 0 0 0 0 0 0 0 0 0 0 0 0 0 0 0 0 0 0 0 0 1 
 2 4 0 76 79 170 2 0 1 1 101 66 1 4 1 2 1 0 3 1 0 140 88 86 50 40 213 162 40 46 28 34 79 91 35 83 40 28 210 43 0 2 2 2 5 0 2 0 0 0 1 0 0 0 0 0 0 2 0 0 0 0 0 3 2 0 0 0 0 3 0 0 0 1 0 0 2 0 0 0 0 0 0 2 0 12 0 0 0 0 20 12 0 0 0 0 1 10 0 0 32 15 0 0 0 0 0 12 15 0 0 0 20 19 11 0 1 18 16 44 0 0 0 0 0 0 2 0 0 0 0 0 0 0 0 0 0 0 1 0 0 0 0 0 0 7 0 0 0 0 1 2 0 0 1 21 0 0 0 0 0 6 0 9 0 0 0 0 0 0 12 12 0 0 0 0 0 0 0 0 19 0 22 0 28 0 7 38 24 0 12 10 0 2 0 0 13 15 30 16 0 0 0 1 0 0 0 0 0 0 0 0 10 0 0 0 0 0 0 0 0 0 0 1 1 0 0 0 2 0 0 0 0 0 0 0 1 0 0 0 0 0 0 0 0 1 1 0 0 0 0 0 0 0 14 2 2 0 0 0 4 0 0 0 0 0 0 0 0 0 0 0 0 0 0 18 0 0 0 0 0 0 0 0 0 0 0 0 0 0 
 0 1 0 2 80 156 0 85 1 2 2 1 2 2 1 1 2 3 0 0 140 0 137 539 47 51 73 477 65 119 33 60 251 245 137 97 110 298 90 206 0 5 5 2 3 2 4 0 0 0 2 0 0 2 0 2 8 3 0 1 0 0 0 3 3 0 0 0 0 4 2 0 2 0 0 0 0 2 0 0 0 0 9 0 10 21 0 0 0 0 0 0 1 0 0 0 0 0 0 0 0 0 12 9 14 6 24 0 34 9 23 0 8 18 0 1 2 14 67 15 0 0 0 10 0 0 0 0 0 0 0 0 0 0 0 0 0 0 0 14 2 0 0 1 0 3 0 0 2 0 0 0 0 0 0 0 0 0 0 0 0 0 0 28 0 40 0 0 0 0 0 0 0 0 0 0 0 0 0 0 0 22 8 0 8 14 0 31 10 18 21 8 11 0 41 20 10 48 14 14 1 0 0 0 0 0 0 0 0 0 0 0 0 11 0 0 0 0 0 0 0 0 0 0 0 0 0 0 0 0 0 0 0 0 0 0 0 1 0 0 0 0 10 0 0 0 0 0 1 1 0 0 0 0 13 1 0 0 76 0 3 1 0 0 0 0 0 0 0 0 0 0 0 0 0 52 0 0 0 0 0 0 0 0 0 0 0 0 0 0 
 2 2 3 3 2 3 3 6 3 39 2 4 2 3 4 3 2 3 2 3 88 137 0 332 71 66 225 246 306 92 148 38 337 56 234 500 126 325 105 217 0 0 1 0 2 0 83 2 3 0 0 0 62 1 2 0 0 0 58 3 0 0 1 0 2 2 3 1 3 1 0 2 0 0 2 2 0 0 0 2 0 0 0 0 0 0 0 0 0 0 0 0 0 0 0 0 0 0 0 0 16 13 24 12 75 16 14 12 1 33 17 3 6 11 46 65 25 24 0 0 0 13 0 0 0 0 1 0 0 0 0 0 0 0 0 0 0 0 3 22 0 0 0 14 0 0 0 0 0 0 0 0 3 0 1 0 0 0 0 0 0 0 8 0 0 0 0 0 0 0 0 0 0 0 0 0 0 0 0 0 21 0 8 59 0 28 9 20 0 6 46 26 0 12 15 39 6 24 1 11 0 0 0 3 0 0 0 0 0 0 0 0 17 0 0 0 0 0 16 10 0 0 0 0 0 0 0 0 1 0 0 0 0 0 0 0 0 0 0 0 0 0 35 0 0 2 0 0 0 0 0 0 0 0 6 2 4 77 78 0 2 0 0 0 0 0 0 0 0 0 0 0 0 0 0 0 0 0 0 6 0 15 0 0 0 12 0 0 0 0 
 3 3 3 3 5 3 7 3 4 5 3 5 5 3 5 5 3 3 3 3 86 539 332 0 297 113 60 588 131 141 308 202 118 52 132 475 353 279 93 269 0 5 3 2 1 0 27 68 0 0 2 1 0 1 100 0 2 7 88 4 0 0 3 3 3 0 0 0 0 3 2 2 8 0 0 0 2 0 0 0 2 0 0 0 0 0 0 0 0 0 0 0 0 0 2 0 0 0 0 0 5 11 19 50 8 28 7 11 0 22 27 10 0 17 39 21 23 20 0 0 4 12 0 0 0 13 28 0 0 0 0 0 4 0 33 0 44 10 0 27 0 0 4 4 0 0 0 0 0 0 0 0 3 0 0 0 0 2 0 0 0 0 0 0 0 0 0 0 0 1 0 0 0 0 9 0 0 0 0 0 22 0 1 14 0 62 34 1 23 28 26 29 0 0 7 38 35 35 0 0 17 0 0 0 0 0 1 0 0 0 0 0 1 0 28 0 2 0 11 20 0 0 0 0 0 0 0 18 0 0 0 0 0 0 0 0 0 0 0 0 0 0 5 0 0 0 0 0 0 1 0 0 0 0 9 0 6 0 2 3 4 0 0 0 0 0 0 0 0 0 0 0 0 0 0 0 0 0 0 0 0 9 0 0 0 0 0 0 0 0 
 3 2 3 2 0 0 4 0 0 0 0 0 0 0 2 0 0 0 0 0 50 47 71 297 0 221 55 142 79 51 93 350 143 109 357 105 119 195 60 83 47 64 73 64 3 3 12 196 0 2 5 2 70 130 65 3 0 4 128 123 0 0 2 3 7 0 0 5 0 3 2 1 4 0 2 0 0 0 0 0 0 0 0 0 0 0 0 0 0 0 0 0 2 0 0 0 0 0 0 0 0 1 0 18 0 11 0 0 0 0 12 31 0 5 9 0 13 9 0 0 26 49 4 0 0 7 15 22 0 20 7 0 24 22 23 18 13 32 22 32 1 0 0 2 0 0 6 0 0 0 0 0 0 0 0 0 0 5 1 0 0 0 0 0 0 0 0 0 0 6 0 0 0 0 0 0 0 0 0 0 2 0 0 0 14 21 0 19 0 31 10 43 0 0 20 0 3 23 0 0 21 0 25 4 0 8 35 19 12 0 0 0 0 12 27 25 0 19 28 22 0 0 0 3 0 0 0 0 0 0 0 15 0 0 0 0 0 2 0 0 0 0 11 0 0 0 0 0 0 0 0 0 0 12 9 0 0 4 75 4 3 0 0 0 0 0 0 0 0 0 0 0 0 0 0 0 2 2 0 0 0 15 0 0 12 0 12 0 0 0 
 0 0 3 0 0 0 0 94 0 0 0 0 0 0 2 0 0 0 1 0 40 51 66 113 221 0 260 164 196 36 89 559 268 273 43 78 97 131 45 42 83 130 70 0 0 0 6 62 1 63 0 0 1 53 0 63 0 67 127 0 0 0 0 5 3 0 0 0 0 3 2 0 2 0 0 52 0 0 0 0 0 0 0 0 0 0 0 0 0 0 0 13 0 0 0 0 0 0 0 2 9 0 23 5 3 10 0 0 15 11 2 18 0 0 0 0 20 1 10 0 18 14 3 0 0 10 0 6 1 8 29 0 8 23 1 0 0 11 30 27 0 0 1 0 0 0 7 6 0 0 2 0 0 0 0 0 0 0 0 0 2 0 0 0 4 0 0 0 0 4 1 0 0 0 0 0 0 0 0 0 0 2 19 0 15 21 0 0 0 0 0 0 0 2 0 4 1 18 0 0 1 11 15 46 0 0 39 11 17 0 0 0 14 40 30 11 1 12 25 24 0 0 0 0 0 0 0 0 0 0 0 0 0 0 0 0 0 0 0 0 0 0 0 0 0 0 0 0 0 0 0 0 0 0 15 0 0 17 7 4 16 1 62 0 0 0 0 0 0 0 0 0 0 0 0 0 0 0 0 0 0 0 0 0 28 0 18 0 0 0 
 0 74 0 36 48 0 2 0 1 0 0 3 6 0 0 0 0 37 0 0 213 73 225 60 55 260 0 251 361 222 98 278 245 148 35 49 114 37 365 252 0 3 6 43 3 0 3 0 0 0 0 0 0 3 0 0 0 4 0 0 5 0 3 40 3 0 3 0 0 3 2 0 4 0 2 0 1 0 3 0 0 0 0 16 43 15 0 0 0 14 0 0 0 0 0 0 0 0 0 0 1 1 7 0 19 0 36 13 0 45 19 10 21 0 9 35 21 7 12 19 0 0 0 20 0 0 12 0 0 0 0 0 0 0 0 0 0 0 2 0 0 0 1 0 0 0 0 0 0 0 0 0 0 0 0 0 0 0 0 0 0 0 15 0 0 7 0 0 0 0 0 25 0 0 0 0 0 0 0 0 30 17 21 16 0 0 8 8 0 24 0 0 91 18 13 37 0 0 48 50 0 0 0 2 0 0 0 0 0 0 0 0 0 0 0 0 0 0 0 0 0 0 0 0 0 0 0 0 1 0 0 0 0 0 0 0 0 0 0 0 0 0 0 0 0 2 76 0 0 0 0 0 0 0 15 0 3 1 1 2 2 0 0 0 0 0 0 0 0 0 0 0 0 0 0 0 0 0 0 0 0 0 0 0 0 0 0 0 0 0 
 0 0 0 0 2 0 3 0 2 0 0 0 3 0 6 0 0 0 0 2 162 477 246 588 142 164 251 0 398 240 110 48 148 248 222 521 339 229 244 73 0 3 3 0 0 0 6 0 0 0 0 0 0 0 0 0 0 3 1 0 0 0 0 3 12 0 0 0 0 3 2 0 2 0 0 0 0 0 0 0 14 0 0 0 0 1 1 0 0 0 0 0 0 1 0 0 0 0 0 0 7 28 28 21 9 1 10 11 19 11 23 12 20 31 34 10 23 10 11 31 0 0 0 13 0 0 10 0 1 0 0 0 17 0 0 0 0 0 0 0 0 0 2 2 2 0 0 0 0 0 0 0 0 0 0 0 0 0 0 0 0 0 0 1 0 0 0 0 0 0 0 0 1 0 0 0 0 0 0 0 43 9 4 8 23 12 0 21 14 27 14 13 29 15 8 19 24 16 0 10 0 0 0 0 0 0 0 0 0 0 0 0 7 0 0 0 0 0 10 0 0 0 0 0 0 0 0 0 0 0 0 0 0 0 0 0 0 6 0 0 0 0 12 0 0 0 0 0 0 0 0 0 0 0 11 0 0 74 42 2 0 0 0 0 0 0 9 0 0 0 0 0 0 0 0 0 0 0 0 0 0 0 0 0 0 0 0 0 0 0 
 0 1 2 0 0 0 2 3 1 0 0 6 2 0 1 0 1 0 2 0 40 65 306 131 79 196 361 398 0 191 122 387 171 80 88 79 432 92 189 565 0 3 2 0 0 0 3 0 0 0 0 0 0 0 0 0 0 3 87 0 13 0 0 24 57 0 0 0 0 3 1 0 2 0 0 0 0 0 0 0 0 0 0 0 0 0 26 0 0 0 0 0 0 1 0 0 0 0 0 0 5 11 11 29 9 0 13 23 0 39 16 18 1 1 72 48 18 7 0 0 20 0 0 0 0 0 27 0 0 0 0 0 1 0 0 0 0 0 0 14 0 0 8 5 0 0 0 0 0 0 0 0 3 0 0 0 0 0 0 0 0 0 0 0 0 7 0 0 0 0 2 0 0 0 0 0 0 0 0 0 18 11 13 32 1 35 23 0 21 1 0 14 27 0 12 51 25 0 20 14 0 0 0 0 0 0 0 0 0 0 0 0 1 0 0 0 1 0 0 5 0 0 1 0 0 0 0 0 0 0 0 0 0 0 0 0 0 0 0 0 0 0 0 0 0 0 0 0 33 0 0 0 0 0 3 1 0 0 1 0 2 0 0 0 0 0 0 0 0 0 0 0 0 0 0 0 0 0 0 0 0 0 0 0 0 0 0 0 0 0 
 0 0 0 0 0 4 0 2 0 0 0 0 0 0 2 0 0 1 0 0 46 119 92 141 51 36 222 240 191 0 128 36 87 69 196 179 108 52 212 105 0 3 3 0 0 0 65 0 0 0 0 0 0 0 0 0 0 3 0 0 0 0 0 55 12 0 0 3 0 3 2 0 2 0 0 0 0 0 0 0 0 0 0 0 0 0 0 0 0 0 0 0 0 0 0 0 1 1 0 0 0 32 16 10 11 19 1 15 18 0 0 11 0 1 15 11 4 0 11 37 19 0 0 2 0 0 11 0 0 0 0 0 20 0 11 0 0 0 0 0 0 0 4 4 0 0 0 0 0 0 0 2 0 1 0 0 0 0 0 0 0 0 0 0 0 0 0 0 0 0 0 0 0 0 0 0 0 0 0 0 17 14 0 4 9 0 1 17 0 14 0 16 10 19 13 2 10 0 0 0 5 0 0 0 0 0 0 13 0 0 0 0 20 2 0 0 0 0 0 0 0 0 0 0 0 0 0 0 0 0 0 17 0 0 0 0 0 0 0 0 0 3 0 0 0 0 0 0 0 0 0 0 0 0 7 0 0 38 2 0 4 0 0 0 0 0 9 0 0 0 0 0 0 0 0 0 0 0 0 0 0 0 0 0 0 0 0 0 0 0 
 0 0 0 0 2 0 67 0 1 0 52 2 201 0 1 0 0 0 0 0 28 33 148 308 93 89 98 110 122 128 0 132 114 120 140 214 227 83 255 207 0 2 2 0 0 0 69 0 0 0 3 0 63 0 0 1 0 5 69 0 0 0 0 3 6 2 0 0 0 3 0 0 2 0 0 0 0 0 0 0 0 0 0 0 0 0 0 0 0 0 0 0 0 2 0 0 0 0 0 0 3 11 0 0 31 16 12 13 2 11 8 29 0 1 0 28 20 19 0 0 19 2 0 0 0 0 13 0 1 0 0 0 8 0 8 20 0 0 18 0 0 0 1 0 0 0 0 0 0 0 0 5 0 0 0 0 0 0 0 0 10 0 0 2 0 0 0 0 0 0 0 0 2 0 0 0 0 0 0 0 0 53 32 37 19 14 0 2 0 12 12 16 1 26 44 0 17 3 0 0 0 0 0 0 0 0 12 0 0 0 0 0 44 1 0 25 1 0 55 28 0 0 0 0 0 0 0 0 0 0 0 0 0 0 0 0 0 0 0 0 0 0 2 0 0 0 0 0 0 0 0 0 0 0 10 0 2 9 73 2 5 12 0 0 0 0 19 0 0 0 0 0 0 0 0 0 0 0 0 60 0 0 0 0 0 0 0 0 0 0 
 0 2 0 0 2 1 5 3 74 0 25 5 0 0 3 0 20 0 1 0 34 60 38 202 350 559 278 48 387 36 132 0 41 35 191 28 53 237 129 255 62 21 3 2 3 0 6 56 65 0 3 0 5 0 2 3 15 5 97 0 0 5 0 3 9 5 0 0 3 7 2 2 2 1 5 2 0 0 3 0 0 0 0 4 1 7 0 0 0 0 0 0 0 0 51 0 23 0 0 1 10 0 17 0 0 0 0 0 0 0 0 0 0 2 28 23 13 10 0 0 12 23 0 0 0 0 27 10 0 0 2 0 7 22 0 0 0 0 12 1 0 0 0 0 5 1 0 0 0 0 0 0 0 0 0 0 3 0 0 0 0 0 8 0 0 0 0 22 0 15 17 0 0 0 0 0 14 0 0 0 9 0 0 21 1 40 18 0 25 0 14 0 10 0 0 0 11 0 0 0 1 0 30 0 0 0 15 18 10 0 0 0 8 0 18 10 0 0 28 25 0 0 0 5 0 0 0 0 0 0 3 2 7 0 0 7 0 0 0 0 0 0 0 0 0 0 74 0 0 0 0 0 2 0 9 1 0 2 1 0 15 1 0 0 0 0 0 0 0 0 0 0 0 0 0 0 0 8 0 0 0 14 0 0 0 0 0 0 0 0 
 0 0 26 77 76 101 0 2 21 87 76 3 0 0 79 0 0 74 0 2 79 251 337 118 143 268 245 148 171 87 114 41 0 367 61 238 150 114 172 167 0 3 3 0 0 2 102 2 0 0 0 0 0 0 0 0 0 3 0 0 0 0 0 2 3 0 50 0 66 3 3 0 2 0 0 0 6 0 0 0 0 0 0 60 0 0 0 0 0 19 0 0 0 0 0 0 0 22 0 0 2 10 12 19 37 20 11 20 29 28 11 0 22 25 8 89 30 14 18 0 0 0 0 1 8 0 0 0 0 0 0 0 2 0 0 0 0 0 0 20 0 0 0 0 2 5 0 0 0 0 0 0 0 0 0 0 0 0 0 0 0 0 0 17 0 0 0 0 0 14 5 10 1 0 0 0 0 0 0 0 81 1 15 16 0 0 0 6 4 7 16 8 11 0 79 33 22 50 16 23 0 0 0 0 0 0 0 0 0 0 0 0 0 0 0 0 8 0 10 0 0 0 8 0 0 0 0 0 0 0 0 0 0 0 0 0 0 0 0 0 0 0 11 0 0 0 0 0 1 0 0 0 0 0 12 2 0 0 41 4 2 2 0 0 0 0 0 0 0 0 0 0 0 0 0 23 0 0 0 0 0 0 0 0 0 0 0 0 0 0 
 0 1 0 0 62 76 3 3 1 0 0 0 3 0 2 0 90 22 1 0 91 245 56 52 109 273 148 248 80 69 120 35 367 0 43 34 190 118 230 106 5 3 8 0 0 0 3 1 2 0 0 0 2 0 0 3 0 3 66 5 3 0 0 3 7 0 0 6 0 3 2 4 2 0 0 4 0 0 0 0 0 0 17 0 25 14 0 0 0 12 14 14 0 0 2 0 0 0 0 0 0 0 14 13 0 18 37 17 26 14 27 0 0 17 0 0 12 1 20 1 1 0 0 0 0 0 0 0 0 0 2 0 37 0 0 1 0 0 11 0 0 0 0 0 0 1 0 0 0 0 18 0 0 0 0 50 0 0 10 0 5 1 27 9 8 0 0 0 0 0 2 0 0 0 0 0 0 0 13 0 0 66 36 0 26 17 0 19 0 29 0 9 25 35 92 12 11 19 30 18 0 0 0 0 0 13 0 0 0 0 0 0 0 0 0 6 0 0 54 45 0 0 0 0 0 0 7 0 0 0 0 0 0 0 0 0 9 0 0 0 0 0 10 0 0 0 1 0 77 0 0 0 0 0 12 2 2 1 79 1 12 0 0 0 0 0 8 0 0 0 0 0 0 0 0 13 0 0 0 0 0 0 0 0 0 0 0 0 0 0 
 3 3 6 78 3 3 5 10 3 3 5 3 3 3 3 3 4 63 3 3 35 137 234 132 357 43 35 222 88 196 140 191 61 43 0 108 139 325 163 125 0 3 3 5 0 0 14 0 0 0 4 0 0 0 0 0 0 6 0 0 0 0 2 2 3 0 0 0 0 3 3 0 2 0 0 0 0 0 0 0 0 0 0 0 0 0 0 0 0 0 0 0 0 0 0 0 0 0 0 0 28 8 0 20 0 18 9 10 43 2 20 1 9 34 42 0 15 20 13 17 0 0 0 10 0 0 0 0 0 0 0 0 8 0 1 0 1 0 0 0 0 0 0 0 0 1 0 0 0 0 0 5 0 0 0 0 2 0 0 0 0 0 0 0 0 0 0 1 0 0 0 0 0 0 0 0 0 0 0 0 48 31 10 10 13 38 23 17 41 14 13 10 0 0 27 8 31 51 0 9 0 0 0 9 0 0 0 0 0 0 0 0 0 0 0 0 0 0 24 3 0 0 0 0 0 0 0 0 0 0 0 0 0 1 0 0 0 0 0 0 0 0 0 0 0 0 0 0 0 0 0 0 0 0 17 0 1 78 1 0 0 16 0 0 2 0 14 0 0 0 0 0 0 0 0 0 0 0 0 0 0 22 0 0 0 0 0 0 0 0 
 3 3 6 5 6 90 18 8 3 3 86 3 2 3 3 3 4 3 3 5 83 97 500 475 105 78 49 521 79 179 214 28 238 34 108 0 267 179 126 57 0 3 3 1 0 0 42 2 0 0 0 0 72 0 0 0 0 6 128 0 0 0 0 4 8 54 39 2 0 5 2 0 2 0 0 0 2 0 34 0 0 0 0 0 0 6 0 0 0 0 0 0 0 0 0 0 0 0 0 0 82 32 25 0 2 2 0 0 31 38 28 21 6 0 18 3 13 19 22 2 0 2 0 0 0 0 0 0 0 0 0 0 0 0 0 0 0 0 11 0 0 0 0 0 0 0 1 0 0 0 0 0 5 0 1 5 0 12 3 0 0 0 0 0 0 0 0 0 0 0 0 0 0 0 0 0 0 0 0 0 22 14 29 46 9 10 3 13 19 0 55 25 0 2 12 30 0 11 1 13 16 0 0 2 0 0 0 0 16 0 0 0 33 20 0 0 0 0 16 0 0 0 0 0 0 0 2 0 1 0 0 0 0 0 0 0 0 0 0 0 0 0 11 0 0 2 0 0 0 0 0 0 0 0 15 1 2 147 75 2 2 2 0 0 0 0 0 0 0 0 0 0 0 0 0 0 0 0 0 11 0 10 0 0 0 5 20 0 0 0 
 0 3 0 1 0 0 5 1 0 0 0 3 0 0 4 0 0 0 0 1 40 110 126 353 119 97 114 339 432 108 227 53 150 190 139 267 0 60 72 192 0 2 2 0 0 0 71 0 0 0 0 0 0 0 0 0 0 4 0 0 0 0 0 3 9 0 0 0 0 3 0 0 2 0 0 0 0 1 0 0 0 2 0 0 0 0 0 0 0 0 0 0 0 0 0 0 0 0 0 0 25 25 20 21 13 0 9 8 14 27 35 3 5 26 0 14 12 17 0 0 0 0 1 0 0 0 0 0 0 0 0 0 9 0 0 0 2 0 46 9 0 0 0 0 0 0 2 0 0 0 0 26 2 0 0 0 1 0 0 0 3 0 0 0 0 0 0 0 0 0 0 0 0 0 0 0 0 0 0 0 11 84 34 0 69 14 0 19 0 17 0 0 13 21 25 14 68 26 0 1 0 0 0 0 0 0 0 0 0 0 0 0 6 0 0 0 0 0 10 18 0 1 0 0 0 0 0 0 0 0 0 0 0 0 0 0 0 0 0 0 0 0 11 0 0 0 0 0 0 0 0 0 0 0 7 0 1 88 109 1 4 10 0 0 0 0 14 0 0 0 0 0 0 0 0 0 1 0 0 0 0 0 0 0 0 0 0 0 0 0 
 0 0 0 0 4 2 0 1 2 0 0 0 0 0 4 0 0 0 0 0 28 298 325 279 195 131 37 229 92 52 83 237 114 118 325 179 60 0 31 167 0 6 6 4 0 5 67 4 0 0 0 5 67 0 66 3 3 9 90 3 0 0 0 4 3 0 0 9 0 4 3 1 2 2 0 0 1 1 0 0 0 0 0 0 0 0 0 0 0 0 0 0 0 0 0 0 0 0 0 0 0 0 25 10 29 18 12 0 25 9 19 10 0 8 0 10 8 7 0 1 20 0 0 0 1 0 10 0 0 0 0 0 19 1 1 0 11 2 34 20 1 0 0 0 0 0 0 0 0 0 0 0 4 0 0 9 0 1 6 0 0 0 0 0 0 0 0 0 0 2 0 0 0 0 0 0 0 0 9 0 0 0 14 32 1 50 0 0 8 9 35 34 0 23 8 0 10 38 0 0 10 0 0 0 0 0 11 0 4 0 0 0 18 0 10 0 0 0 51 12 2 0 0 0 0 0 0 0 0 0 2 0 0 0 0 0 0 0 0 0 0 0 0 0 0 0 0 0 0 0 0 0 0 0 10 0 4 11 0 1 0 1 0 0 0 0 2 0 0 0 0 0 0 0 2 0 0 0 0 57 0 19 0 0 0 17 0 0 0 0 
 0 0 0 0 17 150 76 0 61 0 155 5 6 0 0 0 75 3 0 0 210 90 105 93 60 45 365 244 189 212 255 129 172 230 163 126 72 31 0 174 0 3 3 0 0 0 3 0 1 0 0 0 0 0 0 0 0 3 0 23 0 0 1 2 3 0 0 0 0 3 3 2 2 0 0 0 0 0 0 0 0 0 6 10 20 32 0 0 0 0 0 7 0 0 21 0 13 0 0 0 50 6 0 0 47 0 48 0 0 10 0 0 10 2 18 16 0 12 22 65 0 0 0 11 0 0 0 0 0 0 0 0 0 0 0 0 0 0 0 0 0 0 0 0 3 0 0 0 0 0 0 0 0 0 0 0 0 0 0 0 0 0 11 9 1 0 0 11 0 0 3 13 0 0 0 0 79 0 0 0 26 24 32 18 16 0 6 25 14 9 0 2 22 14 1 13 0 1 0 13 0 0 0 0 0 0 0 0 0 0 0 0 0 0 0 0 0 0 0 0 0 0 0 0 0 0 0 0 0 0 0 0 0 0 0 0 0 0 0 0 0 0 0 0 7 1 63 0 0 0 0 0 0 0 11 0 1 0 1 0 89 2 63 0 0 0 0 0 0 0 0 0 0 0 0 0 0 8 0 0 0 0 0 0 0 0 0 0 0 0 
 2 75 75 79 37 35 1 2 94 2 2 2 204 2 2 83 2 70 2 2 43 206 217 269 83 42 252 73 565 105 207 255 167 106 125 57 192 167 174 0 0 3 2 6 3 2 3 0 0 0 3 7 3 4 5 3 0 7 0 0 0 2 0 3 6 3 0 51 0 5 2 0 2 0 2 1 0 12 0 0 0 0 0 36 7 0 0 0 0 19 0 0 2 0 0 0 0 0 0 0 7 13 5 16 46 20 27 35 0 21 11 0 10 10 12 43 0 12 0 12 0 0 0 3 0 0 0 0 0 0 0 0 12 0 0 0 0 0 0 18 0 0 0 2 0 0 0 0 0 0 0 9 0 0 0 0 0 0 0 0 0 0 13 0 0 0 0 0 0 0 1 22 0 0 0 0 1 0 0 0 49 16 44 14 22 0 0 9 0 11 17 8 31 26 76 50 0 22 42 30 2 0 0 0 0 0 0 0 0 0 0 0 0 0 0 0 0 0 0 0 0 0 0 0 0 0 0 0 0 0 0 0 0 0 0 0 0 2 0 0 0 0 0 0 0 33 98 0 73 0 0 0 0 0 11 2 0 89 2 0 1 12 0 0 0 0 0 0 0 0 0 0 0 0 0 0 0 1 0 0 0 0 0 0 0 0 0 0 0 0 
 23 4 2 1 0 0 3 3 0 19 0 2 4 2 3 0 0 0 39 0 0 0 0 0 47 83 0 0 0 0 0 62 0 5 0 0 0 0 0 0 0 214 58 102 41 32 128 378 33 45 66 27 388 86 153 47 109 118 106 380 0 0 0 5 0 0 0 0 0 0 0 0 0 0 0 0 0 0 0 0 0 0 0 0 0 0 0 3 0 0 0 3 0 0 0 0 0 0 9 0 0 0 0 0 0 21 0 0 0 0 0 21 0 0 0 0 0 0 2 0 25 4 0 0 0 18 31 17 7 19 5 0 0 24 8 0 0 18 25 8 0 0 0 0 0 0 2 0 0 0 0 0 0 0 0 0 0 2 0 0 0 0 3 0 0 7 0 0 0 0 0 0 0 0 2 0 4 0 0 0 0 0 0 0 9 0 0 0 0 0 0 0 2 0 0 0 0 0 0 0 15 0 17 6 0 2 9 52 48 14 1 0 0 19 19 8 0 0 20 35 0 0 0 0 0 0 0 0 0 0 0 0 0 0 0 0 0 0 0 0 0 2 0 0 0 0 4 0 0 0 0 8 0 2 0 0 0 0 0 15 0 0 1 0 0 2 1 0 0 0 0 0 0 0 0 0 0 0 0 0 0 0 0 0 3 0 18 0 0 0 
 0 0 4 1 0 1 0 1 1 1 0 0 0 1 0 1 0 1 0 2 2 5 0 5 64 130 3 3 3 3 2 21 3 3 3 3 2 6 3 3 214 0 591 60 91 247 313 238 249 75 60 23 44 306 306 161 78 70 38 285 0 0 0 31 0 0 0 2 0 0 0 1 3 0 0 0 1 0 0 0 0 0 0 0 0 0 0 0 0 0 0 3 0 0 0 0 0 0 0 0 0 0 0 0 0 0 0 0 0 0 0 0 0 1 0 0 0 0 0 1 0 13 15 7 0 8 1 45 22 0 8 30 0 11 14 9 11 14 16 0 9 0 0 0 0 0 33 28 0 0 0 0 6 0 0 0 0 0 0 8 0 0 0 0 0 0 0 0 0 0 35 0 0 0 0 5 0 4 0 0 0 0 0 0 0 0 0 0 0 0 0 0 0 0 0 0 0 0 0 0 0 9 11 22 13 0 11 12 11 0 0 2 10 5 13 47 0 4 24 9 0 0 0 0 0 0 19 2 0 0 0 0 0 0 0 0 0 20 19 9 0 0 4 0 3 0 0 1 0 0 0 7 0 1 0 0 3 0 0 0 0 0 4 0 1 0 0 0 2 0 0 0 2 0 0 0 0 0 0 0 0 0 0 0 11 0 0 19 0 0 
 0 2 0 0 3 0 0 2 25 0 0 0 2 0 0 0 0 2 0 0 2 5 1 3 73 70 6 3 2 3 2 3 3 8 3 3 2 6 3 2 58 591 0 161 134 49 88 151 897 328 82 22 56 180 81 92 51 115 37 103 0 1 3 0 0 49 0 0 0 0 0 0 0 0 0 0 0 0 50 55 0 0 0 0 0 0 0 0 0 0 0 0 0 0 0 0 0 0 0 0 0 0 0 0 10 1 12 0 0 0 0 0 0 0 0 0 0 0 0 0 0 0 21 12 21 31 16 15 9 22 1 33 14 0 24 0 9 41 0 2 10 0 2 0 23 5 30 5 0 0 0 0 6 51 0 0 0 0 0 26 0 0 0 0 0 1 0 0 0 0 7 0 0 0 0 0 0 13 0 1 0 0 0 0 1 0 0 0 0 3 0 0 0 0 0 0 0 0 0 0 0 13 5 18 0 0 1 0 0 10 13 29 10 0 18 11 0 75 0 0 21 0 0 0 0 0 0 0 0 0 0 0 44 8 0 0 9 0 9 0 0 0 0 0 0 0 1 0 0 0 0 18 0 0 0 1 0 0 0 1 0 0 30 1 2 7 2 1 0 0 0 0 0 0 0 0 0 0 0 0 0 0 0 0 2 15 0 0 2 0 
 0 2 0 4 36 0 2 4 0 0 25 0 0 0 0 0 1 6 0 0 2 2 0 2 64 0 43 0 0 0 0 2 0 0 5 1 0 4 0 6 102 60 161 0 385 66 98 271 73 127 101 129 286 63 51 291 88 167 64 55 50 0 2 2 0 7 53 61 0 0 2 0 3 1 2 0 2 2 49 59 0 0 0 5 11 1 0 7 0 0 0 0 0 0 0 0 0 0 0 0 0 0 0 0 18 0 3 5 0 0 0 0 17 0 0 0 0 0 0 0 0 0 0 9 33 4 0 0 0 0 0 15 0 0 0 0 8 24 0 1 8 0 44 0 0 0 58 10 1 30 21 0 0 16 0 0 0 0 3 40 0 0 0 0 0 0 0 0 0 0 5 8 10 0 0 0 0 0 0 1 0 0 0 0 0 0 0 0 1 14 0 0 0 6 0 0 0 0 7 0 0 0 0 0 6 30 0 0 0 0 18 10 0 0 0 0 0 0 0 0 130 36 23 1 0 0 25 4 20 16 2 0 29 27 11 0 72 0 26 0 0 0 0 0 0 0 0 0 0 0 0 11 0 12 0 0 0 0 0 0 0 0 0 0 64 2 2 0 5 0 0 0 0 0 0 0 0 0 0 0 0 1 0 0 0 0 0 31 0 0 
 0 1 4 0 4 0 2 4 0 0 4 0 0 61 65 0 0 0 0 0 5 3 2 1 3 0 3 0 0 0 0 3 0 0 0 0 0 0 0 3 41 91 134 385 0 133 56 109 92 57 169 187 256 107 99 398 60 284 59 67 0 2 7 0 3 3 0 1 0 2 0 0 0 0 2 1 0 3 50 50 0 0 0 3 0 0 0 0 0 0 0 0 0 0 0 0 0 0 0 0 0 0 0 2 0 0 0 6 12 0 0 0 6 0 0 0 0 0 0 0 0 0 1 2 0 10 0 1 0 24 10 20 0 22 0 18 24 0 0 0 0 0 1 0 0 0 31 2 0 19 1 0 1 8 0 0 0 0 0 1 0 0 0 0 0 0 0 9 0 0 9 2 0 0 0 0 0 3 0 0 0 0 1 0 1 0 0 0 1 0 0 0 0 9 0 0 0 0 7 0 0 22 11 21 0 0 0 10 0 10 80 73 1 13 13 0 12 1 0 0 0 16 0 6 0 0 9 18 15 0 0 3 7 0 0 0 0 0 13 0 0 0 0 0 0 0 1 0 0 0 0 4 0 0 0 0 0 0 0 2 62 0 4 64 2 63 2 63 0 1 6 0 0 0 0 0 0 0 0 0 0 0 0 0 0 0 0 8 0 0 
 90 66 0 0 3 0 2 1 0 0 0 0 63 0 2 0 0 0 0 0 0 2 0 0 3 0 0 0 0 0 0 0 2 0 0 0 0 5 0 2 32 247 49 66 133 0 23 30 114 123 93 46 63 44 61 101 49 51 34 57 0 17 74 0 0 0 52 51 0 0 0 0 0 0 0 0 0 6 66 51 0 0 0 0 0 0 0 0 0 0 0 0 0 0 0 0 0 0 0 0 0 0 0 0 0 0 23 0 0 0 0 0 0 0 0 0 0 0 0 0 0 0 0 0 10 22 0 0 0 19 0 3 0 0 0 0 7 0 0 0 6 9 11 0 0 0 28 4 52 1 13 0 0 0 0 0 0 10 8 28 0 0 0 0 0 0 0 0 0 0 6 0 0 0 0 0 0 0 0 1 0 0 0 0 0 0 0 0 0 0 0 0 0 0 0 0 0 0 0 0 0 21 0 21 14 0 0 0 0 10 0 2 0 0 0 0 0 0 0 0 20 0 6 0 0 0 0 1 22 0 0 7 46 16 38 0 0 0 12 56 0 0 0 0 0 0 0 0 0 0 0 0 0 0 0 1 0 0 0 5 0 0 0 0 63 4 0 9 0 0 0 0 0 0 0 0 0 0 0 0 0 0 0 0 0 0 0 0 1 8 
 0 0 0 0 0 0 0 0 0 0 0 2 4 0 0 0 61 0 0 0 2 4 83 27 12 6 3 6 3 65 69 6 102 3 14 42 71 67 3 3 128 313 88 98 56 23 0 386 35 23 67 251 166 128 135 50 66 84 98 135 0 0 3 0 5 1 0 52 0 0 0 0 2 0 0 0 0 0 0 0 0 0 0 0 0 0 0 0 0 0 0 0 0 0 0 0 0 0 0 0 0 21 1 8 0 10 0 0 50 11 7 20 0 13 33 0 9 5 0 0 19 0 0 0 0 23 4 4 7 9 0 0 0 0 6 0 0 9 0 0 0 0 0 0 0 0 0 0 0 0 0 0 11 0 0 4 28 0 3 0 0 0 0 0 0 0 0 0 0 0 0 0 0 0 0 21 0 0 0 0 16 2 0 15 0 12 0 11 0 10 21 0 0 0 3 0 9 5 0 0 2 0 10 12 0 0 0 24 29 25 1 13 8 20 0 0 5 0 9 6 0 0 0 0 0 0 0 0 0 0 0 0 0 0 0 0 0 0 0 0 0 0 10 0 0 0 0 0 0 0 0 2 63 0 0 0 0 68 9 10 0 0 2 0 0 0 2 0 2 0 0 0 0 0 0 0 0 0 0 0 0 13 0 0 0 0 24 0 1 0 
 6 0 3 0 0 0 0 1 7 6 0 6 1 10 6 2 1 0 0 0 0 0 2 68 196 62 0 0 0 0 0 56 2 1 0 2 0 4 0 0 378 238 151 271 109 30 386 0 150 28 56 249 392 152 203 54 56 39 99 172 0 0 0 3 0 2 0 6 3 0 0 0 0 0 0 0 0 0 0 0 0 0 11 0 67 0 7 12 0 0 1 10 0 0 0 0 0 10 0 0 0 0 0 8 0 22 0 0 0 0 0 0 0 0 0 0 0 0 0 0 2 37 9 0 0 0 30 13 1 4 19 0 20 35 17 0 0 11 7 19 0 0 0 0 0 0 0 0 0 0 0 0 0 0 0 1 0 5 3 0 2 1 0 1 1 6 17 0 0 0 0 0 0 0 0 1 6 9 0 0 0 0 0 1 4 22 0 0 0 19 0 14 0 0 0 10 0 0 0 0 14 0 41 20 0 0 17 17 16 8 0 1 0 0 31 6 0 8 7 12 0 0 0 0 0 0 0 0 0 0 0 0 0 0 0 0 0 0 0 0 0 11 0 0 0 0 0 0 0 0 0 12 0 1 0 0 0 0 0 0 0 0 2 0 0 0 0 0 1 0 0 0 0 0 0 0 0 0 0 0 0 0 0 0 20 0 0 0 0 0 
 0 1 0 0 0 0 2 1 0 0 0 0 0 0 0 0 0 1 0 0 0 0 3 0 0 1 0 0 0 0 0 65 0 2 0 0 0 0 1 0 33 249 897 73 92 114 35 150 0 160 330 103 88 315 85 135 151 181 141 67 0 57 0 0 206 0 0 3 0 0 0 4 3 0 0 3 4 0 0 0 0 0 0 0 0 0 0 0 0 0 0 0 0 0 0 0 0 0 0 0 0 0 0 0 0 0 0 0 0 0 0 0 0 0 0 0 0 0 0 0 13 10 30 14 16 44 21 3 33 0 0 16 0 17 11 10 0 1 10 0 0 0 5 0 0 0 22 10 0 0 5 0 33 0 0 1 0 1 14 13 0 0 0 0 0 0 0 0 0 0 8 0 0 0 0 3 0 7 0 1 0 0 0 0 1 0 0 0 0 0 0 0 0 0 0 0 0 0 0 0 8 21 8 5 1 6 17 15 54 9 10 0 7 9 4 13 28 7 10 7 0 0 0 3 5 2 0 0 2 0 0 2 20 3 14 0 0 5 0 25 0 0 21 0 0 0 0 0 0 0 0 5 0 0 0 0 2 0 0 1 0 0 67 0 2 3 6 0 0 0 0 0 0 0 0 7 0 0 0 0 0 0 0 0 8 15 0 0 2 0 
 0 2 5 0 0 0 0 3 0 0 0 0 52 0 0 0 1 0 0 0 0 0 0 0 2 63 0 0 0 0 0 0 0 0 0 0 0 0 0 0 45 75 328 127 57 123 23 28 160 0 162 31 55 182 110 620 48 52 52 111 0 3 0 0 0 0 0 0 1 0 0 0 0 1 3 0 0 3 39 21 0 0 0 0 0 0 0 0 0 0 0 0 0 0 0 0 0 0 0 7 0 0 0 0 0 0 0 0 0 0 0 0 0 0 0 0 0 0 5 0 22 0 21 0 12 47 0 9 33 0 8 17 0 0 19 12 0 16 0 0 13 0 0 0 0 0 26 18 0 0 25 0 0 0 0 0 0 0 33 0 0 0 0 0 0 0 0 0 0 0 1 0 3 0 0 1 0 0 0 2 0 0 0 0 0 0 0 0 0 0 0 0 0 0 0 0 0 0 0 0 14 37 0 10 23 20 0 14 8 26 16 0 14 0 0 10 22 8 0 0 3 0 0 0 0 0 0 7 0 0 0 0 25 4 0 0 0 0 5 0 0 0 0 0 0 0 0 0 0 0 0 23 0 0 0 0 0 0 0 0 0 0 38 0 0 0 0 2 0 0 0 0 0 0 0 0 0 0 0 0 0 0 0 0 13 7 0 0 0 0 
 3 3 3 3 3 3 4 6 65 3 3 8 3 69 3 3 3 3 3 3 1 2 0 2 5 0 0 0 0 0 3 3 0 0 4 0 0 0 0 3 66 60 82 101 169 93 67 56 330 162 0 68 39 72 277 154 131 98 255 72 0 2 0 0 0 0 0 3 0 7 9 0 0 1 0 0 0 9 58 51 0 0 0 0 0 0 0 0 0 0 0 0 0 0 0 0 0 0 0 0 0 0 0 14 0 0 0 0 0 0 0 0 0 0 0 0 0 0 0 0 19 7 21 0 10 22 0 2 38 0 7 14 0 0 20 25 0 0 0 0 18 0 0 0 8 8 2 0 0 0 6 0 0 0 0 0 0 0 18 0 0 0 0 0 0 9 0 23 0 0 0 0 4 0 0 0 0 0 0 1 0 0 0 0 0 0 0 0 0 0 0 0 0 0 0 0 0 0 0 0 1 10 25 20 22 12 0 61 9 11 1 3 0 14 6 19 21 0 0 0 10 0 15 0 0 0 0 12 0 0 0 0 1 8 0 0 0 0 23 0 0 0 0 0 0 0 0 0 0 0 0 5 0 0 0 0 0 0 0 10 1 0 1 0 0 4 0 1 0 0 3 0 0 0 0 0 0 0 0 0 0 0 0 0 0 6 0 0 2 0 
 0 0 2 0 0 0 3 1 0 2 0 7 6 0 0 0 0 0 0 3 0 0 0 1 2 0 0 0 0 0 0 0 0 0 0 0 0 5 0 7 27 23 22 129 187 46 251 249 103 31 68 0 245 83 48 102 112 83 237 250 0 0 0 0 2 0 50 52 0 0 0 2 0 0 0 3 2 0 0 0 0 0 0 0 0 0 0 0 0 0 0 0 0 0 0 0 0 0 0 0 0 0 0 0 0 0 0 0 0 0 0 0 0 0 0 0 0 0 0 0 0 4 15 0 17 0 0 10 47 0 7 14 0 6 19 4 9 0 0 0 0 42 30 2 0 0 20 8 0 10 29 0 19 0 17 10 1 0 0 11 0 0 0 0 0 0 0 0 0 0 0 0 0 0 9 0 0 1 0 0 0 0 0 0 0 15 0 0 0 0 9 0 0 0 0 0 0 0 0 0 0 14 20 27 0 0 0 15 32 1 10 6 0 38 7 53 101 6 0 0 23 19 0 4 1 3 28 22 22 18 0 19 16 18 18 16 18 1 13 9 0 0 0 0 0 0 1 0 0 0 0 1 0 0 0 0 0 0 0 0 16 1 1 8 61 16 0 0 2 0 0 0 0 0 0 7 0 0 0 0 0 4 0 0 0 0 0 36 0 0 
 0 0 2 0 5 0 6 1 0 0 0 6 2 0 3 0 0 0 0 0 0 0 62 0 70 1 0 0 0 0 63 5 0 2 0 72 0 67 0 3 388 44 56 286 256 63 166 392 88 55 39 245 0 78 135 355 89 75 116 105 2 0 0 0 0 202 0 0 0 0 0 0 0 0 0 0 0 0 4 0 0 0 0 0 0 0 0 0 0 0 0 0 0 0 0 0 0 0 0 0 0 0 0 3 12 22 0 0 0 2 0 5 0 0 0 0 12 11 0 0 30 22 9 4 0 1 29 51 23 19 13 6 6 7 0 16 3 7 16 16 0 0 0 0 0 0 9 0 0 0 0 0 0 0 0 0 0 18 14 0 0 0 0 0 0 0 0 0 0 0 0 0 0 0 6 0 0 0 0 0 0 0 0 6 12 0 0 0 0 0 20 15 0 10 0 0 0 1 0 0 27 3 9 8 0 10 21 13 9 10 2 37 5 0 0 7 20 22 27 10 0 0 0 15 0 0 0 0 0 0 0 2 0 0 0 0 0 0 0 0 0 0 11 0 0 0 0 0 0 0 0 6 1 2 0 0 0 63 1 19 0 0 2 1 0 21 3 0 2 0 0 0 0 0 0 0 0 0 0 10 0 0 0 0 13 14 0 0 0 0 
 3 3 3 3 3 3 0 3 3 3 3 9 3 3 3 3 3 3 3 2 0 2 1 1 130 53 3 0 0 0 0 0 0 0 0 0 0 0 0 4 86 306 180 63 107 44 128 152 315 182 72 83 78 0 157 190 36 111 68 177 0 11 0 0 0 0 0 5 0 0 0 6 0 0 0 0 0 6 8 0 0 0 0 0 0 0 0 0 0 0 0 0 0 0 0 0 0 0 0 0 0 0 0 0 0 7 0 0 0 0 0 11 0 0 0 0 0 0 0 0 0 0 33 3 0 15 10 11 1 15 55 0 8 18 24 34 0 25 0 7 6 0 0 0 0 0 5 4 0 0 0 0 0 0 0 0 0 0 6 0 0 0 0 0 0 0 0 0 0 0 0 0 0 0 0 0 0 3 0 0 0 0 0 0 0 0 0 0 0 0 0 0 0 0 0 0 0 0 0 0 0 40 68 9 16 0 66 13 0 0 12 1 19 4 4 10 0 21 0 0 0 0 0 0 0 0 2 0 0 0 0 0 0 0 0 0 0 0 0 0 0 0 0 0 0 0 0 0 0 0 0 0 0 0 0 0 0 0 0 0 0 0 102 65 2 1 2 1 1 0 0 0 0 0 2 0 0 0 0 0 0 0 0 0 11 9 0 0 1 0 
 3 6 6 3 8 3 14 4 3 3 3 8 3 3 3 3 3 3 4 2 0 0 2 100 65 0 0 0 0 0 0 2 0 0 0 0 0 66 0 5 153 306 81 51 99 61 135 203 85 110 277 48 135 157 0 261 143 51 56 485 0 3 0 0 0 0 0 0 0 0 0 0 0 0 0 0 0 0 23 0 0 5 0 0 0 0 0 0 0 0 0 0 0 0 0 0 0 0 0 4 0 0 0 11 0 13 0 0 0 0 0 0 0 0 0 0 0 0 0 0 23 10 22 0 0 0 33 0 12 20 16 0 23 11 65 0 11 32 12 10 1 0 0 0 0 0 0 0 0 0 0 0 0 0 0 63 0 8 8 0 0 0 0 0 0 0 0 7 0 0 0 5 5 0 6 0 0 22 11 1 0 0 0 2 12 45 0 0 0 17 11 12 0 0 0 0 0 1 0 0 27 0 1 19 0 26 12 11 12 9 0 0 1 0 32 0 36 36 12 16 0 0 0 0 0 0 0 0 0 0 0 0 0 0 0 0 0 0 0 0 0 0 11 0 0 0 0 0 0 0 0 9 0 1 0 0 0 0 0 4 0 0 0 0 2 0 2 0 3 0 23 0 0 0 0 0 0 0 0 0 0 16 0 0 2 9 0 0 0 0 
 0 1 0 1 5 0 2 1 0 0 0 0 0 0 2 0 0 1 0 0 0 2 0 0 3 63 0 0 0 0 1 3 0 3 0 0 0 3 0 3 47 161 92 291 398 101 50 54 135 620 154 102 355 190 261 0 107 50 44 138 3 10 1 2 0 0 0 0 0 0 0 0 0 0 0 2 0 0 10 0 0 0 0 0 0 0 0 0 0 0 0 0 0 0 0 0 0 0 0 0 0 0 0 0 0 0 0 0 0 0 0 0 0 0 0 0 0 0 0 0 10 0 49 5 0 19 0 22 21 10 75 32 0 23 20 45 9 53 5 5 26 0 0 0 0 0 24 45 0 0 0 0 0 0 0 0 0 0 0 0 0 0 0 0 0 0 0 0 0 0 1 5 0 0 0 0 0 4 0 0 0 0 0 0 0 0 0 0 0 0 0 0 0 0 0 0 0 0 0 0 14 33 10 24 14 10 1 18 0 3 12 3 19 9 0 10 0 30 0 0 0 0 0 0 0 0 23 2 3 0 0 0 0 0 0 0 0 0 33 0 0 0 1 0 0 0 0 0 0 0 0 11 0 2 0 0 0 0 0 0 0 0 44 64 2 0 1 1 2 0 0 0 0 0 0 0 0 0 0 0 0 0 0 0 1 2 0 27 0 0 
 0 1 3 0 0 0 11 3 0 0 0 0 1 0 0 0 64 0 0 0 0 8 0 2 0 0 0 0 0 0 0 15 0 0 0 0 0 3 0 0 109 78 51 88 60 49 66 56 151 48 131 112 89 36 143 107 0 51 257 316 0 0 0 0 0 0 0 0 0 0 0 0 0 50 0 0 0 0 51 0 0 6 0 0 0 0 0 0 0 0 0 0 0 0 0 0 0 0 0 0 0 0 0 0 0 0 0 13 0 0 0 0 0 0 0 0 0 0 0 0 11 0 5 7 0 11 22 15 28 1 0 0 0 13 13 11 10 1 9 0 0 0 0 0 0 0 1 32 0 0 0 0 8 0 0 0 0 0 0 9 0 0 0 0 0 0 0 11 0 0 10 0 8 0 11 4 0 5 16 0 0 0 0 0 0 0 0 0 0 0 0 0 0 0 0 0 0 0 0 0 7 0 20 0 0 0 17 13 21 14 11 8 0 3 7 9 41 1 9 8 0 0 0 0 0 0 1 10 0 0 0 0 0 0 0 13 0 0 0 11 0 0 21 0 0 0 0 0 0 0 0 6 0 0 0 0 0 0 0 0 0 1 0 0 0 3 0 0 0 0 7 0 0 0 0 0 0 0 0 0 0 1 0 0 0 0 0 0 0 0 
 0 0 0 42 4 0 2 2 0 0 1 0 0 0 0 0 7 0 0 0 2 3 0 7 4 67 4 3 3 3 5 5 3 3 6 6 4 9 3 7 118 70 115 167 284 51 84 39 181 52 98 83 75 111 51 50 51 0 22 66 0 5 6 0 3 3 56 51 0 2 0 0 0 0 2 1 0 6 1 0 0 0 0 0 0 0 0 0 0 0 0 0 0 0 0 0 0 0 0 13 0 0 0 0 0 1 0 0 0 0 0 0 0 0 0 0 0 0 0 0 0 0 10 0 1 10 11 30 19 23 1 10 1 0 11 0 19 17 0 0 0 3 18 0 0 0 20 3 0 19 0 0 0 0 0 0 0 0 9 23 0 0 0 0 0 9 0 0 0 0 0 0 0 8 3 0 0 0 0 0 0 0 0 0 0 0 0 0 0 0 0 0 0 0 0 0 0 0 0 0 0 42 39 42 14 0 1 0 7 17 0 8 8 0 0 16 10 21 0 1 15 3 0 0 0 0 0 0 13 0 0 0 3 0 11 0 0 0 0 0 0 0 0 0 0 0 0 0 0 0 0 0 0 0 0 0 0 0 0 30 0 0 33 0 65 10 0 6 0 0 0 0 0 0 0 0 0 0 0 0 0 0 0 0 1 0 0 18 1 0 
 0 0 1 0 0 0 2 64 0 0 0 2 6 0 0 0 0 0 0 0 0 0 58 88 128 127 0 1 87 0 69 97 0 66 0 128 0 90 0 0 106 38 37 64 59 34 98 99 141 52 255 237 116 68 56 44 257 22 0 54 0 0 0 0 0 0 0 2 0 201 0 0 0 1 0 0 0 0 0 2 0 0 0 0 0 0 0 0 0 0 7 0 0 0 0 0 0 0 0 0 0 11 21 17 9 14 0 11 0 11 0 4 0 0 0 13 23 3 0 0 14 35 9 0 0 2 1 10 0 0 0 0 2 19 0 0 16 1 12 0 0 0 0 2 0 0 13 0 0 0 0 0 4 4 0 0 0 0 4 30 0 0 0 0 0 0 0 0 0 6 0 0 0 0 0 0 0 0 0 0 0 0 0 30 0 10 0 0 0 2 7 29 0 12 0 1 8 19 0 0 11 0 24 1 5 3 16 22 9 0 0 0 27 0 26 20 0 0 34 16 0 0 0 0 0 0 21 0 0 0 0 0 0 0 0 13 0 0 4 0 0 0 0 0 0 0 0 0 0 0 0 5 0 0 0 0 0 63 0 2 0 0 0 0 0 2 0 0 0 0 0 0 0 0 0 1 0 0 0 5 0 1 1 0 0 11 0 0 0 0 
 0 0 0 61 0 0 0 3 0 0 0 0 0 0 3 0 0 2 0 0 0 1 3 4 123 0 0 0 0 0 0 0 0 5 0 0 0 3 23 0 380 285 103 55 67 57 135 172 67 111 72 250 105 177 485 138 316 66 54 0 0 0 0 0 0 0 0 3 0 19 0 0 0 0 0 0 0 0 10 0 0 0 0 0 0 0 0 0 0 0 0 19 0 0 0 0 0 0 0 0 0 0 0 0 0 8 0 0 0 0 0 11 0 0 0 0 0 0 0 0 67 0 21 0 0 0 32 11 23 14 12 0 31 14 11 10 0 10 12 7 0 0 0 0 0 0 0 0 0 0 0 0 0 0 0 1 0 5 4 0 0 0 0 0 0 0 0 0 0 0 0 0 0 0 8 0 0 0 0 0 0 0 0 0 14 0 0 0 0 0 1 0 0 0 0 0 0 0 0 0 15 0 30 20 0 18 33 12 8 7 0 7 0 0 4 18 21 30 10 17 0 0 0 0 0 0 0 0 0 0 0 0 0 0 0 0 0 0 0 0 0 0 11 0 32 0 0 0 0 0 0 2 0 0 0 0 0 0 0 8 0 0 1 2 1 11 0 0 3 0 0 0 0 0 0 0 0 0 0 0 0 2 0 0 11 8 0 0 2 0 
 0 0 51 0 0 0 0 1 0 0 0 0 0 0 0 0 0 0 0 0 0 0 0 0 0 0 5 0 13 0 0 0 0 3 0 0 0 0 0 0 0 0 0 50 0 0 0 0 0 0 0 0 2 0 0 3 0 0 0 0 0 371 131 163 27 59 119 91 31 168 97 79 63 71 124 17 76 43 235 60 0 0 0 0 0 0 0 0 0 0 0 0 0 0 0 0 0 0 0 0 3 8 0 0 0 1 0 0 0 0 0 0 0 0 0 4 4 0 0 0 0 0 0 0 8 1 0 0 0 1 0 10 0 0 0 0 22 6 0 0 0 0 0 0 4 1 0 0 0 1 0 11 0 9 11 0 12 1 0 0 0 0 0 11 0 13 0 0 0 0 0 0 0 0 0 0 4 0 0 0 0 0 0 0 0 0 6 0 0 0 0 0 4 8 0 1 0 0 3 0 0 0 0 0 1 19 0 0 18 31 15 0 0 0 0 0 0 10 0 0 20 7 0 11 22 0 11 0 0 12 9 20 6 14 0 18 17 7 6 0 0 0 0 9 0 0 0 0 0 0 0 0 0 2 7 0 0 0 0 0 0 0 10 0 0 0 0 2 0 0 0 1 54 10 2 0 0 0 0 0 0 0 29 0 0 1 0 0 0 0 
