 0 84 119 154 51 36 371 146 115 156 342 169 131 39 525 143 37 25 292 96 0 6 3 0 0 0 2 3 2 3 1 3 0 0 4 3 0 5 0 0 0 3 0 0 3 6 3 0 0 0 2 0 3 1 3 2 4 3 0 0 1 0 45 0 0 3 1 0 0 0 3 0 0 0 0 6 2 0 0 0 0 23 38 0 9 0 47 22 15 4 11 13 21 13 65 34 0 32 1 4 0 0 0 0 0 0 0 0 0 0 0 0 0 0 0 0 0 0 0 0 0 0 0 0 0 0 0 0 0 19 0 0 0 0 0 0 0 0 0 0 0 0 0 0 0 0 0 0 0 0 0 0 0 7 0 0 0 5 0 0 26 15 18 0 0 0 17 12 20 8 50 13 12 0 20 49 16 21 8 50 0 0 0 0 0 0 0 0 0 0 0 0 0 0 0 0 0 0 23 0 0 0 0 0 0 0 0 0 0 0 0 0 0 0 0 0 0 0 0 0 0 0 0 0 31 0 0 0 0 0 0 0 0 0 0 0 0 0 0 0 0 0 0 0 0 0 92 0 0 0 2 11 0 0 2 0 0 0 0 0 0 0 2 0 0 0 0 0 0 0 0 0 0 0 0 27 0 22 0 0 0 0 0 0 0 0 0 0 0 0 
 84 0 599 139 220 243 497 715 311 248 110 361 296 294 152 63 476 120 47 73 0 3 3 0 0 0 2 0 0 0 0 0 1 0 0 0 3 0 150 0 0 2 0 0 3 0 2 0 0 0 0 0 0 0 5 2 2 0 0 0 0 0 2 0 0 2 3 0 0 0 0 0 0 0 30 2 2 0 0 0 0 10 69 23 24 17 12 1 9 14 73 7 1 0 0 14 21 15 12 0 0 0 0 0 0 0 29 0 0 0 0 0 0 0 0 0 0 0 9 0 0 0 0 2 0 0 0 1 0 0 0 14 0 0 0 0 0 0 2 0 0 0 0 0 0 0 0 0 0 0 39 0 9 0 0 1 0 0 0 0 15 16 8 7 2 18 30 17 26 22 0 15 0 0 14 0 11 0 15 0 0 6 0 0 0 0 10 1 0 0 0 0 0 0 17 1 0 0 15 0 0 0 0 0 0 2 0 0 0 0 0 0 0 0 0 0 0 0 0 0 0 0 0 0 0 0 0 0 0 0 0 0 0 0 0 0 0 0 0 0 0 0 0 0 0 2 3 0 57 3 14 5 0 0 0 0 0 0 0 0 0 0 0 0 0 0 1 0 0 0 0 0 0 0 0 0 49 0 0 0 0 0 0 0 0 0 0 0 0 0 
 119 599 0 496 152 267 456 350 381 185 37 168 208 91 158 148 139 260 62 262 0 3 3 2 0 3 2 0 2 0 0 5 0 0 0 2 3 1 24 2 3 5 0 25 3 2 3 0 0 0 0 2 3 1 6 4 2 4 0 0 0 0 8 0 0 2 4 0 0 0 0 0 0 0 0 3 4 0 0 0 20 14 5 9 10 0 17 0 36 32 30 23 24 1 11 19 27 0 12 0 0 0 0 0 0 0 11 0 0 0 0 1 0 0 0 0 0 0 27 0 0 0 0 0 0 0 0 0 0 0 0 0 0 0 0 0 1 0 0 0 0 0 0 0 2 0 0 0 0 0 0 6 0 0 0 0 0 0 0 0 0 45 53 5 0 0 15 0 14 25 6 21 13 0 21 0 9 11 1 16 0 0 0 0 0 0 1 0 0 2 0 0 0 0 0 0 0 0 0 0 0 0 0 0 0 0 0 0 0 0 0 0 2 10 0 0 0 1 0 0 0 0 0 0 0 0 0 5 0 0 0 0 0 0 0 0 0 0 0 0 0 0 0 0 0 2 1 0 1 2 0 5 0 2 0 0 0 0 0 0 0 0 0 0 0 0 0 0 0 0 0 0 0 0 0 25 0 0 0 0 0 0 0 0 0 0 0 0 0 0 
 154 139 496 0 407 43 225 509 141 182 46 68 93 263 44 53 65 48 66 407 0 4 4 3 19 4 3 0 1 0 0 2 2 0 1 210 1 31 2 2 0 25 0 0 3 0 17 0 0 0 0 0 0 0 3 2 2 0 0 14 0 0 2 0 2 2 3 0 0 0 2 2 0 0 0 4 3 0 0 0 9 15 0 0 21 0 1 1 12 0 0 15 0 35 15 18 41 7 5 0 0 0 0 0 0 0 0 0 0 0 0 0 0 18 0 0 0 0 0 0 0 0 0 0 0 10 2 0 0 0 0 0 0 0 2 2 0 0 0 0 0 0 0 0 0 0 0 0 0 0 0 0 0 0 0 0 0 0 0 0 55 1 1 13 0 17 14 20 14 16 0 0 0 0 0 0 0 13 10 7 0 0 0 0 0 0 0 0 0 0 0 0 0 0 0 0 0 0 3 0 0 0 0 0 0 0 0 0 0 0 0 0 0 0 0 0 0 0 0 0 0 0 0 0 0 0 0 0 0 0 0 0 0 0 0 0 0 0 1 0 0 0 0 0 0 2 2 0 2 87 2 2 0 0 0 0 0 32 2 0 0 0 0 0 0 0 0 0 0 0 0 0 0 0 0 12 0 0 0 0 0 0 0 0 0 0 0 0 0 0 
 51 220 152 407 0 494 168 396 172 161 254 218 115 69 207 279 133 157 74 74 82 78 6 0 0 7 84 0 75 0 3 2 158 0 59 79 0 0 1 0 1 3 0 2 3 3 2 1 2 0 3 0 3 0 3 2 2 0 0 0 0 0 4 0 0 4 5 0 0 0 2 2 0 0 0 1 2 0 0 0 13 0 13 0 15 0 0 8 40 8 4 0 0 10 9 6 0 21 0 0 19 13 10 10 0 3 11 0 0 0 0 0 12 11 3 0 0 0 6 53 0 0 0 0 0 0 0 0 0 0 0 0 0 0 0 0 0 0 12 0 19 0 0 0 0 0 0 0 0 25 0 0 0 5 0 0 0 0 0 0 2 15 35 21 1 10 0 0 36 6 13 18 1 0 35 0 33 13 1 0 6 16 0 0 0 0 15 2 0 0 0 4 10 34 6 3 0 3 0 1 0 0 0 0 0 0 0 0 0 0 0 0 0 0 0 0 0 0 0 0 0 0 0 0 0 0 0 0 0 0 0 0 0 0 0 0 0 0 0 0 0 0 0 0 0 0 177 2 2 5 0 3 1 0 0 0 0 0 0 0 0 0 0 0 0 0 0 0 0 0 0 0 0 0 0 9 0 20 0 0 0 0 0 0 0 0 0 0 0 0 
 36 243 267 43 494 0 250 37 43 55 71 162 42 46 257 82 305 62 150 236 165 40 3 0 73 0 78 100 0 0 2 0 78 99 147 1 0 1 2 38 1 9 0 0 3 1 3 0 4 0 0 0 3 0 3 3 2 4 0 0 1 0 3 0 0 2 1 39 0 0 0 0 0 3 0 3 4 0 0 0 53 2 0 13 41 23 0 0 14 0 11 17 0 2 0 0 0 2 0 0 39 23 9 61 0 0 0 0 0 0 1 23 15 19 7 0 11 0 12 34 0 0 0 0 0 0 0 0 0 0 0 0 0 0 0 0 13 1 0 0 0 0 0 0 0 0 0 1 0 0 14 0 0 0 0 0 0 0 0 0 0 0 0 0 3 31 1 0 0 0 0 10 0 0 0 25 0 0 0 0 11 17 0 0 0 0 19 43 1 0 10 7 0 22 43 23 0 13 14 0 0 0 0 0 0 0 0 0 0 10 0 0 0 1 13 0 0 0 0 0 0 0 0 0 0 0 0 0 0 0 0 0 0 0 0 0 0 0 0 0 0 0 0 0 0 4 0 0 1 4 2 3 4 2 0 0 0 0 0 0 1 11 0 0 0 0 0 0 0 0 0 0 0 0 0 0 1 0 0 0 0 15 0 0 0 0 0 0 0 0 
 371 497 456 225 168 250 0 302 226 104 28 85 231 170 45 29 43 58 189 122 3 3 3 0 0 0 2 1 0 0 0 0 0 0 0 0 0 0 4 2 0 3 0 0 5 0 6 0 0 3 0 0 0 63 5 2 4 0 0 0 0 0 5 3 0 5 2 0 0 3 2 0 1 0 0 3 2 3 2 0 32 74 14 0 0 0 23 14 19 0 0 18 9 19 33 13 10 9 6 0 0 0 2 1 0 0 1 0 0 0 0 0 1 0 0 0 0 0 0 0 0 0 0 6 0 0 0 0 0 0 0 0 0 0 0 0 0 1 0 0 0 0 0 0 0 0 0 0 0 0 0 0 0 0 2 0 0 1 0 0 16 0 0 17 0 0 24 27 18 21 14 0 19 31 0 16 0 14 7 16 0 1 0 0 0 0 1 0 0 0 0 0 0 0 0 0 0 0 0 0 0 15 0 0 0 0 0 0 0 0 0 0 0 2 0 0 30 0 0 0 0 0 0 0 0 0 0 0 0 0 0 0 0 0 0 0 0 0 0 0 0 1 0 0 0 0 2 2 2 1 0 20 0 0 0 0 0 0 0 0 0 0 14 0 0 0 0 0 0 0 0 0 0 0 0 25 0 0 0 0 0 0 0 0 0 0 0 0 0 0 
 146 715 350 509 396 37 302 0 77 128 124 403 247 163 340 323 387 124 67 272 0 43 3 2 2 3 2 4 41 0 0 4 0 2 3 4 6 0 0 4 10 7 31 0 10 23 6 8 0 0 3 10 8 2 7 9 2 8 6 40 4 0 7 1 0 5 5 1 1 2 0 4 3 0 7 4 8 3 0 0 29 22 13 13 25 0 20 0 7 29 36 1 23 12 0 17 13 0 10 14 0 0 0 0 0 0 37 0 0 0 0 0 0 0 0 0 0 0 11 0 0 0 0 2 0 0 0 0 0 0 0 0 0 2 0 0 0 0 0 0 0 0 0 0 0 0 0 0 0 0 0 0 0 0 0 0 3 0 0 0 55 51 28 0 0 0 59 30 10 66 11 78 50 0 19 0 2 17 6 26 0 0 0 0 0 0 1 0 0 0 0 0 0 0 0 0 0 0 16 0 0 0 2 0 0 0 0 0 0 0 0 0 0 0 0 0 0 0 0 0 2 0 0 0 0 1 0 0 0 0 0 0 0 0 0 11 0 0 0 0 0 0 0 0 0 2 1 2 4 46 2 10 0 0 0 0 0 0 0 0 0 0 0 36 0 0 0 0 0 0 0 0 0 0 0 0 0 0 0 0 0 0 0 0 0 0 0 0 0 0 
 115 311 381 141 172 43 226 77 0 268 133 191 122 211 233 119 254 276 72 86 0 6 6 0 2 0 2 0 2 0 0 0 0 1 0 0 2 0 74 0 0 3 0 0 3 0 3 0 1 0 0 0 0 2 3 2 2 0 0 0 1 0 4 0 0 2 3 0 0 0 2 2 2 0 1 3 3 0 0 0 15 0 47 0 2 0 3 16 24 44 16 8 0 8 28 27 20 9 0 21 0 0 0 0 0 6 16 0 0 0 0 0 0 0 12 0 0 0 9 17 0 0 0 0 0 0 0 0 0 0 0 0 0 0 0 0 0 0 0 0 0 0 0 0 0 0 0 0 0 0 0 0 0 2 0 0 0 0 0 0 30 0 23 26 41 9 9 27 8 1 27 1 10 0 53 9 23 38 7 0 1 0 0 0 0 0 13 0 9 0 0 0 0 0 0 0 0 0 20 0 0 0 0 0 0 0 0 0 0 0 0 0 0 0 0 0 16 0 0 0 0 0 0 0 0 0 0 0 0 0 0 0 0 0 0 0 0 0 6 0 0 0 0 0 0 0 88 0 0 2 1 6 1 0 0 0 0 0 0 0 0 0 18 0 0 0 0 0 0 0 0 0 0 0 0 23 0 0 0 0 0 0 0 0 0 0 0 0 0 0 
 156 248 185 182 161 55 104 128 268 0 201 294 77 102 88 194 275 269 58 287 0 3 3 0 0 0 2 0 0 0 2 5 0 3 1 0 0 1 36 60 0 3 0 0 3 3 3 0 0 0 0 0 0 0 3 2 2 0 1 0 0 0 2 0 0 2 3 0 0 0 0 0 0 0 0 3 3 0 0 0 12 0 14 22 59 1 0 0 20 38 1 7 0 10 5 1 11 49 0 0 0 1 0 2 0 0 50 0 2 5 0 0 0 16 0 0 0 0 12 0 0 0 0 0 0 0 0 0 0 0 0 0 0 0 0 0 0 50 0 0 0 0 0 0 0 0 0 0 0 3 0 0 0 0 1 0 0 1 0 0 0 10 14 40 33 6 4 31 38 8 0 24 0 0 34 15 28 0 0 1 15 11 0 0 0 0 13 9 0 0 0 0 26 17 0 0 0 0 1 1 0 0 0 0 0 0 0 0 0 0 0 0 0 1 0 15 0 0 0 0 0 0 0 0 0 0 0 0 2 0 0 0 0 0 0 0 0 0 0 0 0 0 0 0 0 2 87 0 9 1 20 4 1 0 0 0 0 0 0 0 0 24 0 0 0 0 0 0 26 0 0 0 0 0 0 0 4 0 0 0 0 0 0 0 0 0 0 0 0 0 
 342 110 37 46 254 71 28 124 133 201 0 47 40 84 102 157 213 326 121 60 1 5 3 0 0 1 2 0 0 0 0 0 0 74 0 0 0 0 0 0 0 3 0 0 23 2 3 64 0 0 0 0 0 2 3 11 2 0 0 0 0 0 2 0 1 5 3 0 0 0 0 0 0 0 0 2 32 0 3 0 0 0 14 11 9 19 18 17 16 25 22 20 0 16 28 31 17 38 0 7 0 0 0 0 0 0 11 0 0 0 0 0 0 0 0 0 0 0 20 14 0 0 0 0 0 0 0 0 0 0 0 0 0 0 0 0 6 0 0 0 0 0 0 0 0 0 0 0 0 0 0 0 0 10 0 0 0 3 0 0 18 0 5 0 31 8 0 0 21 0 17 10 0 18 20 30 12 34 0 1 0 0 0 0 0 0 3 1 9 0 0 0 0 0 0 12 0 1 50 15 0 0 0 0 0 0 0 4 0 0 0 0 0 0 0 0 0 0 0 0 0 0 0 0 0 0 0 0 0 0 0 0 0 0 0 0 0 0 0 0 0 0 0 0 0 0 51 0 1 1 0 26 0 0 0 0 0 0 0 0 0 0 0 0 0 0 0 0 0 0 0 0 0 0 0 0 3 9 0 0 0 0 0 0 0 0 0 0 0 0 
 169 361 168 68 218 162 85 403 191 294 47 0 27 339 341 52 371 203 230 118 4 3 3 3 1 2 81 1 2 0 0 128 0 104 0 37 3 0 79 72 59 3 0 0 10 0 3 2 0 0 0 0 0 2 6 2 3 0 1 2 0 2 3 0 0 2 2 2 0 3 0 3 0 0 0 3 2 0 0 0 1 0 18 14 52 2 0 0 53 16 41 29 0 60 15 77 2 7 0 0 0 0 0 0 0 0 10 0 0 0 20 0 0 35 0 6 5 0 14 0 0 0 0 0 0 0 0 0 0 0 0 0 0 0 0 0 0 0 0 0 0 0 0 0 0 0 0 0 0 0 0 0 0 0 0 0 0 0 0 0 2 16 11 15 0 43 6 0 19 21 0 34 0 0 14 1 12 13 0 5 0 23 0 0 2 0 19 24 0 0 0 0 36 14 15 21 0 2 30 0 0 0 0 0 0 0 0 0 0 0 0 0 0 0 0 0 0 0 0 0 0 0 0 0 0 0 0 0 0 0 0 0 0 0 1 0 0 0 0 0 0 0 0 0 0 6 5 0 2 89 0 16 0 0 0 0 0 0 0 0 0 8 0 0 0 0 0 0 0 0 0 0 0 0 0 12 0 0 0 0 0 0 0 2 0 0 0 0 0 0 
 131 296 208 93 115 42 231 247 122 77 40 27 0 124 19 38 33 34 419 388 1 3 3 0 0 0 4 0 0 0 0 0 2 0 0 0 2 0 0 2 0 3 0 0 3 0 3 0 3 0 2 0 0 0 3 2 2 0 0 0 2 0 2 0 0 2 3 0 0 0 0 0 0 0 0 3 2 0 0 0 4 8 0 0 0 0 23 10 13 0 0 0 10 13 0 41 13 0 13 11 0 0 0 0 0 0 0 0 0 0 0 0 0 0 0 0 2 14 0 0 0 0 0 0 0 6 0 0 0 0 0 0 0 0 0 0 0 0 0 0 0 0 0 0 0 0 0 0 0 0 0 0 1 0 0 0 0 0 0 2 2 8 0 0 0 0 17 0 0 2 0 7 14 7 0 2 0 0 15 0 0 0 0 0 0 0 0 1 0 0 0 4 0 0 0 0 0 1 0 11 0 0 0 1 0 0 0 0 0 0 0 0 0 0 0 0 0 0 0 0 1 0 8 0 0 0 0 0 0 0 0 0 0 0 2 0 0 0 1 0 0 0 0 0 0 1 0 2 0 0 0 4 0 0 0 0 0 0 0 0 0 0 0 0 0 0 0 0 0 0 0 0 0 0 0 0 0 0 0 0 0 0 0 0 0 0 0 0 0 0 
 39 294 91 263 69 46 170 163 211 102 84 339 124 0 81 42 34 67 196 177 0 3 4 0 0 0 2 0 2 2 1 0 0 4 3 0 0 0 0 0 0 3 0 0 3 0 3 0 63 0 0 0 0 0 3 4 4 0 0 0 58 0 3 2 2 3 1 0 0 1 0 0 0 0 2 3 2 0 0 1 33 11 1 10 11 4 18 30 34 18 0 19 54 1 48 13 9 42 11 0 0 0 0 0 0 0 0 0 0 0 0 0 0 0 0 0 0 0 0 0 0 0 0 0 0 0 0 0 0 0 0 0 0 0 0 0 0 0 0 0 0 0 0 0 0 0 0 0 0 0 0 0 0 0 0 0 0 1 0 0 22 32 19 0 16 0 41 51 25 0 8 0 0 0 43 14 11 10 9 21 0 0 0 0 0 0 0 0 0 0 0 0 0 0 0 0 0 0 0 0 0 0 0 0 0 0 0 0 0 0 0 0 0 0 0 0 0 0 0 0 0 0 0 0 0 0 0 0 0 0 0 0 0 0 0 0 0 0 0 0 0 0 0 0 0 1 1 0 1 1 13 5 0 0 0 0 0 0 0 0 0 0 0 0 0 0 0 0 0 0 0 0 0 0 1 12 22 0 0 0 0 0 0 0 0 0 0 0 0 0 
 525 152 158 44 207 257 45 340 233 88 102 341 19 81 0 204 329 128 151 73 0 3 3 0 1 1 2 0 0 2 0 0 0 3 3 0 0 0 0 2 0 3 0 0 3 0 3 0 0 0 0 5 0 2 16 8 4 1 0 0 0 0 5 2 0 2 5 0 4 0 0 0 0 3 6 3 4 0 6 0 34 22 0 2 25 0 35 24 42 27 1 0 33 1 36 46 11 1 10 17 14 0 0 0 0 0 0 0 0 0 0 0 0 0 16 0 0 0 32 14 0 0 0 0 0 0 0 0 0 0 0 0 0 0 10 0 0 0 0 0 0 0 0 0 0 0 0 0 0 0 0 0 0 1 0 0 0 1 0 0 13 49 55 9 0 10 2 13 10 38 19 57 1 0 35 14 10 22 8 19 1 0 1 0 0 25 0 0 0 0 0 0 0 0 0 0 0 0 1 0 0 0 0 0 0 0 0 0 1 0 0 0 0 0 0 0 1 0 0 0 0 1 2 0 0 0 0 0 0 0 0 0 1 0 13 0 0 1 0 0 0 0 0 0 0 0 95 0 1 0 0 15 0 0 0 0 0 0 0 0 0 0 2 0 0 0 0 0 0 0 0 0 0 0 0 11 0 0 0 0 0 0 0 0 0 0 0 0 0 0 
 143 63 148 53 279 82 29 323 119 194 157 52 38 42 204 0 394 429 134 59 0 5 3 0 0 5 2 0 0 0 0 0 2 97 1 0 0 0 0 0 0 3 0 0 3 0 3 0 0 0 0 0 0 2 3 3 2 0 3 0 2 0 3 0 0 2 0 0 51 0 0 0 0 33 0 3 50 0 0 0 1 0 19 24 38 34 11 31 24 31 23 12 0 15 24 10 0 46 0 6 0 0 0 0 0 0 18 0 0 0 0 0 3 0 0 0 0 0 30 20 0 0 0 0 0 0 0 0 0 0 0 0 0 0 0 0 0 0 0 0 0 0 0 0 0 0 0 0 0 3 0 0 0 8 0 0 0 8 0 0 18 79 19 0 18 0 0 0 21 26 32 26 0 0 40 61 76 10 1 0 0 0 0 0 0 0 5 9 43 0 0 0 0 0 0 0 0 0 20 0 0 0 0 0 0 0 0 12 0 0 0 0 0 0 0 0 0 0 0 25 0 0 0 0 2 0 0 0 0 0 0 0 0 0 11 0 0 0 0 0 0 0 0 0 0 3 4 1 1 6 0 11 20 0 0 0 0 0 27 0 0 0 0 0 0 0 0 0 0 0 0 0 0 0 0 0 1 18 0 0 0 0 0 0 0 0 0 0 0 0 
 37 476 139 65 133 305 43 387 254 275 213 371 33 34 329 394 0 136 218 58 0 3 3 0 0 0 2 0 0 0 0 0 0 0 0 0 0 1 73 12 0 3 0 0 3 0 3 0 5 0 0 0 0 2 6 2 2 0 0 0 1 0 19 0 0 2 1 0 0 0 0 0 0 0 35 3 2 0 0 0 40 37 53 10 9 0 18 0 0 18 0 8 0 0 0 11 37 2 0 7 0 0 0 0 0 0 26 1 0 2 0 0 0 10 0 0 0 0 32 0 0 0 0 0 0 0 0 0 0 0 0 0 0 0 0 1 0 0 0 0 2 0 0 0 0 0 2 13 0 0 0 0 0 0 0 0 0 0 0 1 31 19 14 20 17 7 12 14 14 28 7 60 14 0 63 14 0 12 13 1 17 8 0 0 0 0 13 11 8 0 0 0 10 10 0 3 0 0 1 0 0 0 0 0 25 0 0 0 0 0 0 0 0 0 0 0 18 0 0 0 0 0 0 0 0 0 0 0 0 0 0 0 1 0 0 0 0 0 2 0 0 0 0 0 0 0 6 0 1 1 0 3 0 0 0 0 0 0 0 0 0 15 19 0 0 0 0 0 0 0 0 0 0 2 0 0 11 0 0 0 0 0 0 0 0 0 0 0 0 0 
 25 120 260 48 157 62 58 124 276 269 326 203 34 67 128 429 136 0 26 39 0 3 3 0 0 2 2 0 0 4 0 0 0 6 0 0 0 0 82 0 0 3 0 0 7 0 3 0 0 0 0 0 0 0 3 2 2 1 0 0 3 0 6 0 0 2 1 0 0 0 0 0 0 0 0 5 2 0 0 0 0 0 37 36 30 14 0 17 17 40 10 24 0 12 27 0 27 29 0 0 0 0 0 0 0 0 26 0 0 0 0 0 10 0 1 0 2 0 18 9 0 0 0 0 0 0 0 0 0 0 0 0 0 0 0 0 0 0 0 0 0 0 0 0 0 0 0 0 0 0 0 0 0 31 0 0 0 0 0 0 0 1 35 16 25 0 0 10 58 2 25 1 0 0 28 15 62 15 0 0 0 0 0 0 0 0 21 0 0 0 0 0 0 0 0 1 0 0 14 0 0 0 0 0 0 0 0 0 0 0 0 0 0 0 0 0 0 0 0 0 0 0 0 0 0 0 0 0 0 0 0 0 0 0 0 0 0 0 0 0 0 0 0 0 0 2 89 0 0 87 11 21 14 0 0 0 0 0 0 0 0 0 0 12 0 0 0 0 0 0 0 0 0 0 0 0 10 14 0 0 0 0 0 0 0 0 0 0 0 0 
 292 47 62 66 74 150 189 67 72 58 121 230 419 196 151 134 218 26 0 279 0 3 3 0 0 0 4 2 0 0 0 128 0 0 0 65 0 2 0 0 0 3 0 0 3 0 3 0 0 0 0 0 0 0 3 2 2 0 0 0 0 0 2 0 0 2 3 30 0 0 0 0 0 0 0 3 2 0 0 0 2 23 1 0 4 0 22 39 0 0 0 0 33 0 20 5 0 13 15 25 0 0 0 18 0 0 0 2 0 0 0 0 0 0 0 0 0 0 2 0 0 0 0 0 0 0 0 0 0 0 0 0 0 0 0 0 0 0 0 0 0 11 0 0 0 0 0 0 0 0 0 0 0 0 0 0 0 0 0 0 31 38 14 1 0 0 8 12 0 0 31 4 33 0 0 30 1 22 17 3 0 0 0 0 0 0 0 0 0 0 0 0 0 0 0 1 0 0 0 0 0 0 0 0 0 0 0 1 0 6 0 0 0 0 0 0 0 0 0 0 0 0 0 0 0 1 0 0 0 0 0 0 0 0 0 0 0 0 1 0 0 0 0 0 0 1 1 0 0 0 0 8 0 0 0 0 0 0 0 0 0 0 2 0 0 0 0 0 0 0 0 0 0 0 0 0 0 0 0 0 0 0 0 0 0 0 0 0 0 0 
 96 73 262 407 74 236 122 272 86 287 60 118 388 177 73 59 58 39 279 0 0 3 3 0 0 0 2 0 1 0 2 0 0 0 0 0 0 0 1 0 0 3 0 0 3 0 3 0 0 0 0 0 0 0 3 2 2 0 0 0 1 0 51 0 0 2 1 0 0 0 0 2 0 0 0 3 2 0 0 0 13 10 1 0 16 0 18 13 13 0 16 0 9 19 0 28 20 0 45 11 0 0 0 0 0 0 0 0 0 0 0 0 0 0 0 0 0 0 0 0 0 0 0 11 0 0 0 0 0 0 0 0 0 0 0 0 0 0 0 0 0 0 0 0 0 0 0 0 0 0 0 0 0 0 0 0 0 0 0 0 13 7 0 0 0 0 26 13 0 12 0 7 13 7 1 0 0 0 36 14 0 0 0 0 0 0 0 0 0 0 0 0 0 0 0 0 0 0 24 0 0 0 0 0 0 0 0 0 0 0 0 0 0 0 0 0 0 0 0 0 0 0 0 0 0 0 0 0 0 0 0 0 0 0 0 0 0 0 0 0 0 0 0 0 0 3 0 0 25 2 2 4 0 0 0 0 0 0 0 0 0 0 0 0 0 0 0 0 0 0 0 0 0 0 0 0 0 0 0 0 0 0 0 0 0 0 0 0 0 0 
 0 0 0 0 82 165 3 0 0 0 1 4 1 0 0 0 0 0 0 0 0 205 171 271 63 78 115 140 73 65 119 130 154 124 214 38 114 48 122 199 6 2 0 202 0 2 0 6 4 0 2 0 0 1 3 0 0 3 0 1 3 0 0 3 0 5 2 0 0 0 0 0 2 3 2 0 5 3 2 0 0 0 0 0 0 13 0 0 0 0 0 0 0 0 0 0 0 0 0 0 48 11 12 59 4 11 0 10 0 28 0 0 10 38 65 44 32 21 35 17 0 0 2 0 0 0 1 0 0 0 0 0 1 0 0 0 0 6 0 0 0 0 0 0 0 0 0 0 0 0 0 0 0 0 0 0 8 0 0 0 0 0 0 0 0 11 0 0 0 0 17 0 0 0 2 0 0 0 0 0 17 29 55 16 0 12 15 23 0 17 0 24 21 6 24 15 30 12 10 18 0 0 0 0 0 0 18 0 2 0 0 0 14 0 0 0 1 0 0 0 0 0 0 9 0 0 0 0 0 0 0 0 0 0 0 0 0 0 0 0 0 0 0 0 0 0 0 0 0 0 0 0 0 0 12 2 0 1 104 4 1 0 0 0 0 0 0 0 0 0 0 0 0 0 0 0 0 0 0 0 0 12 0 0 1 0 0 0 0 0 
 6 3 3 4 78 40 3 43 6 3 5 3 3 3 3 5 3 3 3 3 205 0 270 256 148 174 65 89 62 281 111 160 208 207 88 56 289 118 45 50 4 0 3 0 3 23 1 11 0 0 26 3 0 3 4 0 0 3 0 4 3 0 0 2 0 5 4 0 0 0 0 0 0 0 3 12 2 3 0 0 0 0 0 0 0 0 2 0 0 0 0 0 0 0 0 0 0 0 0 0 10 0 0 55 32 21 0 14 0 19 26 10 9 10 0 18 0 22 0 18 0 0 0 0 0 0 5 0 0 0 0 0 0 0 67 1 1 1 13 9 0 0 0 0 0 0 0 0 0 0 0 0 0 0 0 23 6 0 2 0 0 9 0 0 0 0 0 0 0 2 0 0 0 0 0 0 0 0 0 0 10 13 23 31 22 12 22 21 0 50 9 37 0 17 0 0 15 0 0 0 19 3 0 0 0 0 12 0 0 0 0 0 29 20 16 0 1 0 2 30 0 0 0 0 2 0 0 0 0 0 1 0 0 0 0 2 0 0 0 0 0 0 12 0 0 0 0 0 0 0 0 0 0 0 9 0 0 1 158 0 0 0 0 0 0 0 14 0 0 0 0 0 0 0 0 0 1 0 0 0 0 0 0 0 0 0 0 0 0 0 
 3 3 3 4 6 3 3 3 6 3 3 3 3 4 3 3 3 3 3 3 171 270 0 178 62 228 162 157 232 221 119 257 233 148 298 155 236 259 79 123 3 3 0 0 0 0 0 3 0 25 0 0 0 2 3 0 4 4 0 1 3 0 0 3 0 2 2 0 1 0 0 0 0 1 2 0 0 4 1 0 0 0 16 0 0 0 0 0 0 0 0 1 0 0 0 0 0 0 0 0 0 15 10 39 23 59 0 11 2 42 22 19 10 11 1 1 22 15 15 12 0 0 0 0 1 0 0 9 0 0 0 0 1 0 0 0 0 0 0 0 0 0 0 0 0 0 0 0 0 0 0 0 0 0 0 0 3 0 0 0 0 0 0 0 0 0 0 0 0 0 0 0 0 0 0 0 0 0 0 0 55 14 21 31 11 12 11 0 29 1 16 0 10 19 1 39 47 14 0 17 0 0 0 0 0 0 19 0 0 0 0 0 6 0 0 0 0 12 0 13 0 0 2 0 0 0 0 0 0 2 0 0 0 0 0 0 0 0 0 0 0 0 0 0 0 0 0 0 0 0 0 0 0 0 1 0 0 1 0 0 21 0 0 0 0 0 0 0 0 0 0 0 0 0 0 0 0 0 0 8 0 0 0 0 0 14 0 0 0 0 
 0 0 2 3 0 0 0 2 0 0 0 3 0 0 0 0 0 0 0 0 271 256 178 0 385 37 179 383 247 343 214 173 72 80 215 233 72 267 155 122 9 4 0 0 0 4 0 67 0 0 0 4 6 20 3 4 0 7 0 67 3 0 0 7 0 2 2 18 0 0 0 0 0 0 1 0 4 3 0 0 0 1 0 0 0 0 0 0 0 0 0 0 1 0 0 0 0 0 0 0 65 0 13 17 0 0 13 37 17 39 14 9 22 0 0 13 0 36 0 0 0 12 7 0 0 0 0 0 0 0 12 0 12 7 9 10 0 0 11 0 0 2 0 0 0 0 0 0 2 0 0 0 0 0 0 0 0 0 0 2 0 0 0 0 0 0 0 0 0 0 0 0 0 0 0 0 2 0 0 0 24 0 0 38 1 0 6 27 22 1 2 10 11 0 0 0 18 0 0 12 2 14 10 0 0 0 0 0 0 0 0 0 0 13 10 0 7 0 0 0 0 9 0 0 0 0 0 0 0 0 0 0 0 0 0 0 0 0 0 0 0 0 0 0 0 0 0 0 0 0 0 0 0 0 14 2 2 0 36 4 0 2 0 0 0 0 0 0 0 0 0 0 0 0 0 0 0 0 0 0 0 0 0 0 0 0 0 0 0 0 
 0 0 0 19 0 73 0 2 2 0 0 1 0 0 1 0 0 0 0 0 63 148 62 385 0 369 60 138 87 283 232 243 62 95 139 166 258 174 58 81 35 96 3 0 0 0 98 75 0 2 0 0 1 1 69 99 2 3 3 38 3 0 2 3 0 2 2 0 0 0 2 0 0 0 1 0 3 4 3 0 0 0 0 0 0 0 0 0 0 0 0 0 0 0 0 0 0 0 0 0 0 0 0 12 41 10 0 15 0 9 0 1 0 10 10 31 0 24 2 2 24 15 10 10 0 0 6 0 0 0 0 0 11 18 24 10 0 0 29 35 0 0 0 0 0 0 42 0 0 0 11 0 0 0 0 0 0 0 1 0 0 0 0 0 0 0 0 0 0 0 2 0 0 0 0 0 0 0 0 0 0 15 15 35 23 21 0 21 0 31 0 59 0 0 0 0 19 14 0 0 28 0 28 25 0 0 38 0 8 13 20 0 40 16 36 0 0 0 19 89 0 0 0 0 0 0 1 0 0 0 0 0 0 0 0 0 0 0 0 0 0 0 7 0 0 0 0 0 0 0 0 0 0 0 5 2 0 80 157 2 2 0 0 0 0 0 17 0 0 0 0 0 0 0 0 0 0 0 0 0 0 0 0 0 0 0 0 0 0 0 
 0 0 3 4 7 0 0 3 0 0 1 2 0 0 1 5 0 2 0 0 78 174 228 37 369 0 249 36 150 145 199 109 253 98 175 84 192 112 64 248 75 7 130 3 0 2 0 69 2 0 3 2 14 2 69 65 17 9 62 19 4 0 3 4 51 4 4 0 0 2 2 2 0 1 5 2 2 4 2 0 0 1 0 0 0 0 0 0 0 0 0 0 0 0 2 0 0 0 0 0 0 21 0 12 23 20 0 1 0 38 11 1 0 0 0 1 0 19 0 0 14 8 0 0 6 0 11 14 7 0 13 10 29 26 9 0 6 0 23 12 0 0 0 0 0 0 0 0 0 0 0 0 0 0 0 0 4 1 0 0 0 0 0 0 0 0 0 0 0 0 0 0 0 0 0 0 0 0 0 0 0 0 34 24 28 19 1 0 0 8 21 9 0 0 0 0 16 23 0 0 8 0 18 12 0 0 6 32 0 0 0 0 9 11 23 8 0 24 10 37 7 0 0 0 0 0 0 0 0 0 0 0 2 0 0 0 0 0 0 0 0 0 0 0 0 0 0 0 0 0 0 0 0 0 3 0 7 0 0 1 11 1 0 0 0 0 0 0 0 0 0 0 0 0 0 0 0 0 0 10 0 0 0 0 0 17 0 0 0 0 
 2 2 2 3 84 78 2 2 2 2 2 81 4 2 2 2 2 2 4 2 115 65 162 179 60 249 0 150 163 257 88 33 134 195 36 353 23 21 348 177 81 0 0 0 0 0 0 3 0 0 0 0 2 0 3 6 0 3 0 1 3 0 0 3 0 2 39 56 0 0 0 0 0 14 3 0 14 3 2 0 0 0 0 0 0 23 0 0 0 0 0 0 0 1 0 0 0 0 0 0 35 0 0 1 0 23 0 57 18 15 9 0 29 20 29 16 44 2 12 10 0 0 0 0 0 0 0 0 0 0 0 0 0 0 7 0 0 0 27 0 18 0 0 15 0 0 0 0 0 0 0 0 0 0 0 0 0 0 0 0 0 0 0 0 0 17 0 0 0 0 0 1 0 0 0 0 0 0 0 0 30 30 0 1 0 2 14 30 9 0 0 16 17 0 32 25 19 18 40 59 0 0 0 0 0 0 0 0 0 0 0 0 0 0 0 0 0 0 0 0 0 0 0 0 0 0 0 0 0 0 0 0 0 0 0 0 0 0 0 0 0 0 0 0 0 0 0 0 0 0 0 0 0 0 5 0 0 0 76 1 19 1 0 0 0 0 0 0 0 0 0 0 0 0 0 0 0 0 0 0 0 0 0 0 0 0 0 0 0 0 
 3 0 0 0 0 100 1 4 0 0 0 1 0 0 0 0 0 0 2 0 140 89 157 383 138 36 150 0 209 265 57 125 244 112 67 80 124 422 84 226 3 0 0 2 0 2 0 3 0 0 0 0 6 0 3 8 0 3 21 2 6 0 1 2 0 2 3 0 0 0 0 0 0 0 0 0 0 3 0 0 0 0 0 0 0 0 2 0 0 2 0 0 0 0 0 0 0 0 0 0 1 32 10 14 0 0 13 14 21 31 10 15 0 46 32 0 24 0 8 10 22 0 0 0 0 0 1 1 0 0 0 0 0 22 0 0 0 0 0 0 0 0 0 0 0 0 0 1 0 0 0 0 0 0 0 0 0 0 0 0 0 0 0 0 0 0 0 0 0 0 0 0 0 0 0 0 0 0 0 0 10 27 0 12 0 2 0 24 10 7 1 0 8 13 22 33 24 11 0 9 0 0 0 0 0 0 0 0 0 0 0 0 1 0 0 0 0 0 0 0 0 0 0 0 0 0 0 0 0 0 0 0 0 0 0 0 0 0 0 0 0 0 0 0 0 0 0 0 0 0 0 0 0 0 6 0 0 17 1 2 14 1 0 0 0 0 0 0 0 0 0 0 0 0 0 0 0 0 0 1 0 21 0 0 0 0 0 0 0 0 
 2 0 2 1 75 0 0 41 2 0 0 2 0 2 0 0 0 0 0 1 73 62 232 247 87 150 163 209 0 225 136 61 295 114 211 436 78 160 158 53 3 0 20 0 0 0 0 67 0 0 0 0 0 2 3 2 0 4 0 1 3 0 0 3 0 2 5 0 0 0 0 0 0 0 3 0 0 3 2 0 0 0 0 0 0 2 0 0 0 0 0 0 2 0 0 0 0 0 0 0 17 11 0 9 2 32 0 72 12 18 36 24 18 6 0 8 17 1 0 10 0 0 0 0 0 0 9 0 0 0 0 0 0 0 0 0 0 0 12 0 0 0 0 0 0 0 0 0 0 0 0 0 0 0 1 0 0 0 0 0 0 0 0 0 0 0 0 0 0 0 0 9 0 0 0 0 0 0 0 0 46 2 11 1 0 10 11 14 33 0 7 0 1 1 10 5 1 38 0 33 12 0 0 0 0 0 0 0 0 1 0 10 2 0 0 0 0 0 0 19 0 0 1 0 0 0 0 0 0 0 0 0 0 0 0 0 0 0 0 0 0 0 0 0 0 0 0 0 0 0 0 0 0 0 3 0 0 77 78 0 0 0 0 0 0 0 0 0 0 0 0 0 0 0 0 0 0 0 0 0 0 0 0 0 0 0 0 0 0 0 
 3 0 0 0 0 0 0 0 0 0 0 0 0 2 2 0 0 4 0 0 65 281 221 343 283 145 257 265 225 0 365 326 65 396 301 364 391 273 140 71 266 208 0 0 0 0 0 79 2 0 208 208 0 56 3 0 0 3 0 3 3 0 0 4 0 2 3 0 0 0 0 0 0 0 0 0 0 4 0 0 0 0 0 1 0 0 0 0 0 0 0 0 0 0 1 0 0 0 0 0 18 18 0 10 17 4 2 24 57 27 29 9 18 0 14 23 0 12 0 3 0 1 17 0 0 0 2 0 0 0 23 0 16 8 28 0 27 0 13 7 0 0 0 0 0 0 1 0 0 0 0 13 0 0 4 0 1 0 0 1 0 0 0 0 1 0 0 0 0 0 0 0 0 0 0 0 0 0 0 0 0 0 17 63 32 0 4 0 41 31 19 0 2 0 0 0 0 17 0 0 18 20 9 0 0 0 0 0 0 0 0 0 6 8 24 0 3 0 0 12 0 0 0 0 0 0 0 0 0 0 0 0 0 0 0 0 0 0 0 0 0 0 14 0 0 0 0 0 0 0 0 0 0 0 16 2 2 0 76 2 0 2 0 0 0 0 0 0 0 0 0 0 0 0 0 0 0 0 0 14 0 0 0 0 0 12 0 0 0 0 
 1 0 0 0 3 2 0 0 0 2 0 0 0 1 0 0 0 0 0 2 119 111 119 214 232 199 88 57 136 365 0 459 43 57 123 232 302 139 37 54 3 209 0 0 0 0 2 3 0 1 0 0 63 1 3 41 16 6 61 24 5 0 0 8 0 2 2 7 0 0 0 0 0 0 1 0 0 3 1 0 0 0 0 0 0 1 0 0 0 0 0 0 0 0 0 0 0 0 0 0 9 1 16 0 19 19 0 22 10 11 30 17 13 0 0 32 0 2 0 0 0 12 34 0 0 0 19 0 0 0 0 0 0 4 40 5 0 11 28 2 0 0 0 0 0 0 0 0 0 0 0 17 0 0 5 0 0 0 3 0 0 0 0 24 0 0 0 0 0 0 0 0 0 0 0 0 0 0 0 0 18 0 11 51 21 33 0 28 12 14 60 72 0 0 0 0 0 0 0 0 23 46 0 0 0 0 2 0 0 0 0 0 12 0 0 32 17 1 0 86 0 0 0 0 0 0 0 0 0 0 0 0 0 0 0 0 28 0 0 0 0 0 0 0 0 0 0 0 0 0 0 0 0 0 6 2 2 1 78 4 6 0 0 0 0 0 0 0 0 0 0 0 0 0 0 0 0 0 0 13 0 0 0 0 0 0 0 0 0 0 
 3 0 5 2 2 0 0 4 0 5 0 128 0 0 0 0 0 0 128 0 130 160 257 173 243 109 33 125 61 326 459 0 56 61 213 59 352 172 39 33 66 63 35 0 0 37 45 44 0 0 0 0 105 1 27 52 3 3 0 69 3 1 1 9 0 3 3 34 0 0 0 0 43 0 0 0 0 3 0 0 0 0 0 0 0 0 0 0 0 0 0 0 0 0 0 0 0 0 0 0 0 13 0 2 66 0 0 12 1 16 22 0 0 2 1 40 0 41 0 0 12 15 18 0 0 0 19 0 0 0 0 0 0 8 21 9 0 0 21 8 0 0 0 0 0 0 0 0 2 0 18 0 2 0 2 0 0 2 4 1 0 0 0 0 0 0 0 0 0 0 0 0 0 0 0 0 2 0 0 0 0 0 38 45 17 33 0 11 5 24 29 25 1 0 0 0 49 13 0 0 11 16 0 1 0 6 8 0 9 0 1 0 42 7 30 0 9 0 13 43 1 0 0 0 0 0 0 0 0 0 0 0 0 0 0 0 0 0 0 0 0 0 9 0 0 0 0 0 0 0 0 0 0 2 4 0 1 2 83 3 0 0 0 2 0 0 0 0 0 0 0 0 0 0 0 0 2 0 0 8 0 0 0 0 0 13 0 0 0 0 
 0 1 0 2 158 78 0 0 0 0 0 0 2 0 0 2 0 0 0 0 154 208 233 72 62 253 134 244 295 65 43 56 0 258 194 181 24 107 190 331 4 0 0 0 0 0 0 67 3 0 0 0 3 1 3 1 0 3 0 1 3 0 0 3 0 2 2 0 0 0 0 0 0 0 2 0 0 3 1 0 0 0 0 0 0 0 0 0 0 0 0 0 0 0 0 0 0 0 0 0 90 8 10 49 0 31 0 23 12 41 26 15 35 29 0 0 17 8 0 34 0 0 0 0 0 0 0 0 0 0 0 0 0 0 0 0 0 0 0 0 0 0 0 7 2 0 0 0 8 0 0 0 0 0 0 0 0 0 0 0 0 0 0 3 1 0 0 0 0 0 0 0 0 0 0 0 0 0 0 0 45 14 0 0 0 0 14 26 17 0 11 9 18 26 22 31 0 13 0 19 0 0 0 0 0 0 0 0 0 0 0 12 0 0 0 0 0 0 0 0 0 0 0 0 0 0 0 0 0 0 0 0 0 0 0 0 0 0 0 0 0 0 1 0 0 0 0 0 0 0 0 0 0 1 5 0 0 0 9 0 6 0 0 0 0 0 0 0 0 0 0 0 0 0 0 0 0 0 0 0 0 8 0 0 0 0 0 0 0 0 
 0 0 0 0 0 99 0 2 1 3 74 104 0 4 3 97 0 6 0 0 124 207 148 80 95 98 195 112 114 396 57 61 258 0 538 47 254 44 165 172 59 0 1 0 0 0 0 5 2 2 0 0 4 1 3 28 1 4 7 2 3 0 0 3 2 4 5 3 0 0 2 2 0 2 1 0 1 5 1 0 0 0 18 14 13 22 0 0 0 0 19 0 0 0 0 0 0 10 0 0 0 12 0 22 8 1 0 1 11 18 29 11 3 15 7 4 10 15 23 0 0 0 0 0 1 0 0 1 0 0 0 0 0 0 0 0 12 0 0 0 0 0 14 0 0 0 0 0 0 0 0 1 0 1 0 0 7 2 0 0 0 0 0 0 11 25 0 0 0 0 0 0 0 8 0 10 0 0 0 0 10 4 5 4 0 0 32 19 13 8 11 0 0 2 30 3 19 25 11 0 0 0 12 0 0 0 21 0 0 0 0 0 0 0 1 0 0 0 0 0 0 9 0 0 0 0 0 0 0 2 0 0 0 0 0 0 0 0 0 0 0 0 0 0 0 0 0 0 0 15 1 0 1 0 11 2 2 1 0 0 0 0 0 0 0 0 0 0 0 0 0 0 0 0 0 0 10 0 0 0 0 15 0 0 0 0 0 0 0 0 
 4 0 0 1 59 147 0 3 0 1 0 0 0 3 3 1 0 0 0 0 214 88 298 215 139 175 36 67 211 301 123 213 194 538 0 153 294 129 75 158 3 0 0 0 0 0 0 11 6 0 0 0 0 2 3 0 0 4 0 2 3 0 0 3 2 2 2 0 0 0 0 0 0 10 1 0 10 3 1 0 0 0 0 0 0 26 0 0 0 0 0 0 0 0 0 0 0 1 0 0 27 25 10 34 34 23 0 14 1 21 24 0 26 0 5 1 0 14 9 8 0 0 0 0 0 0 0 0 0 0 0 0 1 0 21 0 0 0 13 9 0 2 0 0 0 0 0 0 2 0 0 0 1 0 0 0 3 2 0 2 0 0 0 0 0 9 0 0 0 0 0 0 0 0 0 0 2 0 0 0 1 4 21 41 16 7 16 0 1 17 13 0 19 12 25 3 4 13 12 20 0 2 0 0 0 0 0 0 0 0 0 0 11 36 28 0 0 0 0 34 1 0 0 0 0 0 0 0 0 0 0 0 0 0 0 0 0 0 0 0 0 0 10 0 0 0 0 0 0 1 0 0 0 0 10 2 2 3 83 0 0 0 0 0 0 0 0 0 0 0 0 0 0 0 0 0 2 0 0 8 0 0 0 0 0 13 0 0 0 0 
 3 0 2 210 79 1 0 4 0 0 0 37 0 0 0 0 0 0 65 0 38 56 155 233 166 84 353 80 436 364 232 59 181 47 153 0 425 128 296 57 8 0 0 0 0 0 0 5 0 0 0 0 2 2 6 8 0 3 0 2 3 0 0 3 0 2 2 0 0 0 0 0 0 0 10 57 0 3 2 0 0 0 0 0 0 0 0 0 0 0 0 0 0 1 0 0 0 0 0 0 14 1 11 29 0 34 0 49 36 7 22 14 21 0 0 0 0 13 0 8 0 0 0 0 2 0 14 0 0 0 0 0 0 0 3 1 0 0 18 0 0 0 0 0 0 0 0 0 0 0 0 0 0 0 0 0 0 0 0 0 0 0 0 0 0 0 0 0 0 0 0 0 0 0 0 0 0 0 0 0 26 0 0 9 13 10 45 19 12 0 0 11 13 1 8 1 18 9 0 22 33 0 0 2 0 0 0 0 0 13 0 0 9 0 2 0 0 0 1 19 0 0 0 0 0 0 0 0 0 0 0 0 0 0 0 0 0 0 0 0 0 0 0 0 0 0 0 0 0 0 0 0 0 0 5 2 1 77 74 2 1 0 0 0 0 0 20 0 0 13 0 0 0 0 0 0 0 0 0 0 0 0 0 0 0 0 0 0 0 0 
 0 3 3 1 0 0 0 6 2 0 0 3 2 0 0 0 0 0 0 0 114 289 236 72 258 192 23 124 78 391 302 352 24 254 294 425 0 248 31 20 3 214 0 0 0 0 0 21 6 2 0 0 0 1 6 0 1 3 0 2 7 0 0 2 2 2 3 0 0 0 0 0 0 5 0 0 3 3 9 0 0 0 0 0 0 0 0 0 0 0 0 0 0 0 0 0 0 0 0 0 0 18 0 24 49 19 0 0 20 28 16 3 0 20 47 56 0 20 0 0 0 0 2 0 0 0 1 9 0 0 0 0 1 0 11 0 0 0 0 3 0 0 0 0 0 0 0 0 0 0 0 0 0 0 0 0 8 6 2 0 0 0 0 0 0 0 0 0 0 2 0 0 0 0 2 0 0 0 0 0 0 30 43 96 57 16 0 15 18 40 24 17 0 0 0 0 42 50 0 0 23 0 0 0 0 0 15 0 2 0 0 0 32 19 12 0 0 0 2 3 0 0 0 0 2 0 0 0 0 0 0 0 0 0 0 0 0 0 0 0 0 0 6 0 0 0 0 0 0 1 0 0 10 0 6 2 4 1 100 0 3 0 0 0 0 0 14 1 0 0 0 0 0 0 1 0 0 0 0 14 0 0 0 0 1 12 0 0 0 0 
 5 0 1 31 0 1 0 0 0 1 0 0 0 0 0 0 1 0 2 0 48 118 259 267 174 112 21 422 160 273 139 172 107 44 129 128 248 0 183 62 3 5 0 0 0 0 63 5 0 0 0 0 0 1 3 0 20 3 1 64 3 0 0 3 0 2 57 0 0 0 0 0 0 0 1 0 0 3 1 0 1 0 0 0 0 0 0 2 0 0 0 0 0 0 0 0 0 0 0 0 0 10 0 12 11 27 0 8 0 31 14 32 0 15 15 23 9 19 0 1 18 0 0 0 0 0 13 11 0 0 0 0 6 0 27 0 0 0 8 16 0 0 0 0 15 0 0 0 0 0 0 0 2 0 0 0 7 2 0 7 0 0 0 0 0 2 0 0 0 0 0 0 14 0 0 0 0 0 0 0 15 16 45 19 10 22 0 12 8 27 8 42 0 1 0 0 70 12 0 2 0 0 0 10 0 0 13 0 0 1 0 0 32 0 22 0 0 0 15 9 1 0 0 0 0 0 0 0 1 0 0 0 0 0 0 0 0 0 0 0 0 0 6 0 0 0 0 0 0 0 0 0 0 0 11 0 4 3 77 2 0 0 0 0 0 0 0 0 0 0 0 0 0 0 0 0 2 0 0 0 0 0 0 0 0 0 0 0 0 0 
 0 150 24 2 1 2 4 0 74 36 0 79 0 0 0 0 73 82 0 1 122 45 79 155 58 64 348 84 158 140 37 39 190 165 75 296 31 183 0 81 66 0 0 0 0 0 0 202 11 0 0 0 1 2 3 0 0 3 0 2 3 0 3 2 0 2 3 0 0 0 0 0 0 0 0 0 1 3 0 0 0 0 25 0 0 28 0 0 0 8 6 18 0 1 0 0 29 0 0 0 31 11 10 1 2 0 2 3 1 12 15 0 30 9 6 9 10 7 17 22 0 0 0 0 0 0 0 0 0 0 0 0 0 0 0 0 1 0 0 17 0 0 0 0 0 0 0 0 0 0 0 0 0 0 0 0 0 0 0 0 0 0 0 15 0 16 6 0 0 10 0 0 0 0 0 0 0 1 0 1 1 21 8 0 0 0 10 0 5 0 0 0 12 17 12 31 12 10 1 14 0 0 0 0 0 0 2 0 0 0 0 0 0 0 0 0 0 0 0 0 0 0 0 0 0 1 0 0 0 0 0 0 0 1 0 0 0 0 9 0 0 0 0 0 0 0 0 0 74 1 0 0 0 0 6 2 1 0 0 1 1 0 0 0 0 0 0 0 0 0 0 0 0 0 0 0 19 0 0 0 0 0 0 0 0 0 0 0 0 0 
 0 0 2 2 0 38 2 4 0 60 0 72 2 0 2 0 12 0 0 0 199 50 123 122 81 248 177 226 53 71 54 33 331 172 158 57 20 62 81 0 3 0 0 0 0 0 0 3 5 0 0 0 5 0 3 3 0 3 0 2 3 0 0 3 0 2 2 0 0 0 0 0 0 9 1 0 8 3 0 0 0 0 0 9 1 0 0 0 0 0 0 2 0 0 0 0 0 0 0 0 41 18 22 12 1 12 19 42 33 60 0 16 0 49 37 0 21 0 0 10 0 0 0 0 0 0 0 0 0 0 0 0 0 0 0 0 0 0 0 0 0 0 0 16 0 0 0 0 0 0 0 0 0 0 0 0 0 0 0 0 0 18 0 6 13 0 0 0 0 0 0 12 2 0 0 0 0 0 8 7 26 39 0 1 0 0 0 16 14 9 9 0 21 26 31 40 18 22 17 43 0 0 0 0 0 0 0 0 0 2 0 1 14 0 0 0 0 0 0 0 0 0 0 0 13 0 0 0 0 14 0 0 0 0 0 0 0 0 0 0 0 0 0 0 0 0 0 0 0 0 0 0 0 0 8 0 2 0 1 0 8 7 0 0 0 0 0 0 0 0 0 0 0 0 0 0 0 0 0 1 0 18 0 0 0 0 0 0 0 0 
 0 0 3 0 1 1 0 10 0 0 0 59 0 0 0 0 0 0 0 0 6 4 3 9 35 75 81 3 3 266 3 66 4 59 3 8 3 3 66 3 0 309 108 58 34 30 222 392 122 318 269 446 76 77 405 110 39 37 95 106 0 0 2 0 0 0 0 0 0 0 0 50 0 0 0 0 0 0 2 0 0 0 19 0 0 0 0 0 0 0 17 0 0 0 0 0 0 0 0 0 0 0 0 0 0 0 0 0 0 0 0 0 0 0 0 12 35 0 14 9 4 22 3 9 9 0 9 6 19 10 1 22 0 8 0 0 0 0 12 27 0 0 0 0 0 0 3 0 0 0 0 0 0 8 0 0 0 0 3 9 0 0 0 0 0 11 0 0 0 0 0 0 0 0 0 0 0 0 0 0 0 16 0 0 13 0 0 0 0 0 0 7 0 0 13 8 0 0 0 0 14 9 6 20 0 0 17 24 18 1 27 0 15 10 21 0 21 10 9 0 0 0 0 0 0 0 0 0 0 0 0 0 0 0 0 0 0 0 0 0 0 0 0 0 0 0 0 0 0 0 0 5 0 0 0 0 0 0 0 0 0 0 0 0 1 2 1 1 0 0 0 0 0 0 0 0 0 0 0 0 0 0 0 0 0 13 0 0 2 0 
 3 2 5 25 3 9 3 7 3 3 3 3 3 3 3 3 3 3 3 3 2 0 3 4 96 7 0 0 0 208 209 63 0 0 0 0 214 5 0 0 309 0 121 58 26 24 269 172 266 271 464 245 372 67 259 103 158 29 74 96 0 0 2 0 0 0 0 0 0 0 6 0 0 0 0 0 0 6 0 0 0 0 0 0 0 0 0 0 0 0 0 0 0 0 0 0 0 0 0 0 0 0 0 0 3 2 0 0 0 0 0 0 0 0 0 0 0 0 0 0 38 31 5 0 0 18 0 21 0 0 9 0 43 39 11 20 0 19 15 38 0 0 0 0 0 0 23 0 0 0 0 0 0 0 0 0 0 0 3 0 0 0 0 0 0 0 0 0 0 0 0 0 0 0 0 0 0 0 0 0 0 0 0 0 6 5 0 0 0 2 0 4 0 0 0 0 0 0 0 0 0 9 5 31 0 5 9 21 35 15 17 33 18 10 34 0 27 0 24 3 0 0 0 0 0 1 0 0 0 0 0 0 0 0 0 0 7 0 19 0 0 0 20 0 0 0 0 0 0 0 0 14 0 0 0 0 0 0 0 1 0 0 0 0 0 2 0 66 0 0 0 0 0 0 0 0 0 0 0 0 0 0 0 0 0 22 0 0 2 0 
 0 0 0 0 0 0 0 31 0 0 0 0 0 0 0 0 0 0 0 0 0 3 0 0 3 130 0 0 20 0 0 35 0 1 0 0 0 0 0 0 108 121 0 92 468 32 144 122 450 61 274 38 314 70 57 80 131 122 258 107 2 0 2 2 4 5 2 6 2 3 1 50 49 0 0 0 6 2 0 0 0 0 0 0 0 0 0 0 0 0 0 0 0 0 0 0 0 0 0 0 0 0 0 0 14 0 0 0 0 0 0 1 0 0 0 0 0 0 0 0 20 11 0 0 41 11 0 26 0 0 12 34 21 22 7 13 20 7 21 13 11 0 0 0 0 0 0 0 14 0 0 3 0 0 0 0 0 3 4 0 0 0 0 0 0 0 0 0 0 0 0 0 0 0 0 0 0 0 0 0 0 1 0 1 25 1 0 0 0 0 0 0 0 0 2 0 0 0 0 0 14 10 10 10 12 14 0 21 1 0 43 0 0 2 10 19 13 11 0 12 19 0 0 1 1 0 3 22 0 0 0 0 0 0 2 0 0 0 0 0 0 0 0 0 0 0 0 0 0 0 0 4 0 0 0 0 0 0 0 1 0 1 1 0 0 4 1 0 1 0 0 0 0 0 0 1 0 0 0 0 0 0 0 0 0 0 0 19 0 0 
 0 0 25 0 2 0 0 0 0 0 0 0 0 0 0 0 0 0 0 0 202 0 0 0 0 3 0 2 0 0 0 0 0 0 0 0 0 0 0 0 58 58 92 0 157 52 88 115 384 291 357 229 58 193 55 32 48 422 299 71 1 0 9 4 0 3 1 51 0 7 4 1 61 64 21 20 6 0 63 0 0 0 0 0 0 0 0 0 0 0 0 0 0 0 0 0 0 0 0 0 0 0 0 0 0 0 0 0 0 0 0 0 0 0 0 0 0 0 0 0 0 1 0 29 0 0 0 0 0 7 15 3 0 0 0 15 0 0 0 0 10 5 3 0 2 8 0 0 0 5 0 0 13 0 0 0 15 0 6 7 0 0 0 0 0 0 0 0 0 0 0 0 1 0 0 0 7 0 0 0 0 0 0 0 0 0 0 0 0 0 0 0 0 0 0 0 0 0 0 0 0 1 0 0 38 18 0 0 0 0 0 8 0 0 0 0 0 12 0 0 10 0 10 22 14 5 0 0 0 0 0 0 16 26 31 1 22 0 9 0 17 0 0 0 0 0 0 0 0 0 0 4 0 0 0 0 0 0 0 8 0 0 81 8 4 1 2 0 0 0 0 0 0 15 0 22 0 0 0 0 0 0 0 0 0 0 0 10 1 0 
 3 3 3 3 3 3 5 10 3 3 23 10 3 3 3 3 3 7 3 3 0 3 0 0 0 0 0 0 0 0 0 0 0 0 0 0 0 0 0 0 34 26 468 157 0 221 42 81 116 92 228 62 73 298 91 113 295 93 96 89 2 0 47 0 0 0 50 68 50 3 1 3 101 27 99 50 0 0 0 50 0 0 0 10 0 0 27 9 5 4 10 6 0 0 0 21 5 0 0 0 0 0 0 0 0 0 7 0 0 0 0 0 0 0 0 0 0 0 0 0 0 0 0 2 16 10 0 0 0 0 10 11 0 0 0 0 0 12 0 0 0 5 1 19 0 0 30 9 4 0 0 0 30 0 0 0 0 0 6 33 0 0 0 0 7 38 0 1 2 0 0 0 0 0 0 0 0 61 0 0 0 3 0 0 0 0 1 0 0 0 0 0 0 0 0 0 0 0 21 6 0 0 0 0 0 4 0 0 0 10 9 12 0 12 0 26 0 8 0 0 57 0 0 0 0 6 11 21 5 0 0 0 21 10 16 0 8 2 13 22 13 2 12 0 0 0 0 0 0 0 0 8 0 2 0 0 0 0 0 2 0 0 88 0 7 10 2 0 2 0 17 0 0 0 0 0 0 0 0 0 0 0 0 0 0 22 0 0 1 0 
 6 0 2 0 3 1 0 23 0 3 2 0 0 0 0 0 0 0 0 0 2 23 0 4 0 2 0 2 0 0 0 37 0 0 0 0 0 0 0 0 30 24 32 52 221 0 33 29 47 50 68 121 40 64 59 65 362 44 50 66 4 68 78 1 2 8 57 60 6 50 5 4 72 110 58 83 54 4 1 82 0 0 0 0 0 0 0 0 0 0 0 0 0 0 0 0 0 0 0 0 0 0 0 9 0 0 0 0 0 0 0 0 0 0 0 0 0 0 0 0 0 0 0 0 0 0 0 0 0 0 0 0 0 0 0 0 0 0 0 0 7 16 0 18 0 0 12 20 19 0 15 25 7 15 16 9 16 0 0 5 0 0 7 0 0 0 0 0 0 0 0 0 0 0 0 0 2 0 0 0 0 0 0 0 0 0 0 0 0 0 0 0 1 0 0 0 0 0 0 0 0 0 0 0 0 27 0 0 0 0 0 0 0 0 0 0 0 0 0 0 20 11 12 0 1 5 20 12 12 0 0 0 11 0 1 23 44 11 0 12 27 0 0 0 0 0 0 0 0 0 0 6 0 0 0 1 0 0 0 2 0 12 4 1 0 1 0 0 0 0 18 0 0 11 0 0 0 0 0 0 0 3 0 0 0 0 0 0 1 0 
 3 2 3 17 2 3 6 6 3 3 3 3 3 3 3 3 3 3 3 3 0 1 0 0 98 0 0 0 0 0 2 45 0 0 0 0 0 63 0 0 222 269 144 88 42 33 0 101 211 320 31 30 219 171 124 155 100 281 352 181 0 0 0 0 0 0 0 0 0 0 1 0 43 0 44 0 0 0 0 0 0 0 0 0 0 0 0 0 0 0 0 0 0 0 0 0 0 0 0 0 0 0 0 0 0 0 0 0 0 0 0 0 0 0 0 0 0 0 0 0 33 22 21 6 0 0 18 1 38 36 5 30 13 29 18 15 23 9 43 17 3 0 0 0 0 0 9 0 0 0 0 0 0 11 0 0 0 0 0 0 0 0 0 0 0 0 0 7 0 0 0 0 0 0 0 0 0 0 0 0 0 0 0 0 0 0 0 0 0 0 0 0 0 0 0 0 0 0 0 0 0 13 59 12 0 14 37 14 28 34 37 14 0 26 50 0 0 48 50 0 0 0 0 0 0 0 1 0 0 0 0 10 6 0 0 0 0 0 5 36 0 0 0 0 0 0 0 0 0 0 0 0 0 0 0 0 0 63 0 18 0 0 0 0 0 1 3 1 2 0 0 0 0 0 0 0 0 8 0 0 0 0 8 0 0 0 0 0 0 0 
 0 0 0 0 1 0 0 8 0 0 64 2 0 0 0 0 0 0 0 0 6 11 3 67 75 69 3 3 67 79 3 44 67 5 11 5 21 5 202 3 392 172 122 115 81 29 101 0 317 132 41 124 217 476 152 313 62 259 334 133 0 0 1 0 0 2 2 0 0 0 3 2 0 0 0 0 0 2 96 0 0 0 0 0 0 0 0 0 0 0 0 0 0 0 0 0 0 0 0 0 0 0 0 0 8 0 0 0 0 0 0 0 0 0 0 8 0 0 0 11 15 6 11 17 0 1 10 6 46 20 73 19 14 6 19 14 1 0 16 6 0 0 0 0 0 0 3 0 0 0 0 0 0 0 3 0 0 0 5 0 0 0 0 0 0 0 0 0 0 0 0 0 0 0 0 0 0 0 0 0 0 0 0 18 30 0 0 0 0 4 0 0 0 0 0 0 0 0 0 0 55 1 11 1 0 15 21 29 13 2 37 22 14 13 64 0 0 32 5 7 0 0 0 0 0 0 0 11 11 0 0 0 0 13 0 0 0 0 4 0 0 0 10 0 0 0 0 0 0 26 0 0 0 1 0 0 0 0 1 0 0 0 2 0 3 0 1 1 0 0 0 0 0 0 0 0 0 0 0 0 0 0 0 0 0 0 0 21 0 0 
 0 0 0 0 2 4 0 0 1 0 0 0 3 63 0 0 5 0 0 0 4 0 0 0 0 2 0 0 0 2 0 0 3 2 6 0 6 0 11 5 122 266 450 384 116 47 211 317 0 143 395 47 518 202 340 183 36 103 98 66 45 0 3 3 0 0 0 1 3 2 9 0 0 2 1 0 8 12 124 2 0 0 0 0 0 2 0 0 0 0 0 0 18 0 0 0 0 0 0 0 3 2 4 6 0 0 0 0 0 0 0 0 0 5 0 0 5 0 0 0 13 0 4 1 33 25 0 0 33 20 0 0 0 0 0 0 22 0 1 0 0 0 0 0 0 0 1 0 0 0 0 0 0 0 0 0 0 17 22 0 0 0 0 0 0 3 0 6 4 0 0 0 0 0 0 0 0 0 0 0 0 0 6 0 0 0 0 0 0 0 0 0 6 0 6 4 11 1 0 0 0 1 0 0 8 44 54 0 44 8 6 30 0 15 0 0 20 8 0 0 0 0 0 0 0 0 15 0 0 0 0 0 0 16 0 1 0 0 10 0 0 0 0 0 0 0 0 0 0 18 0 5 1 2 0 0 0 0 0 17 0 0 2 0 0 0 1 64 0 0 10 0 0 0 0 0 0 0 0 0 0 6 0 0 9 1 0 20 0 0 
 0 0 0 0 0 0 3 0 0 0 0 0 0 0 0 0 0 0 0 0 0 0 25 0 2 0 0 0 0 0 1 0 0 2 0 0 2 0 0 0 318 271 61 291 92 50 320 132 143 0 153 163 134 249 120 172 58 154 165 103 1 0 8 0 0 0 52 0 0 0 6 0 51 0 52 5 12 9 24 0 0 0 0 0 0 0 0 0 0 0 0 0 0 0 0 0 0 0 0 0 0 0 0 0 0 0 0 0 0 0 0 0 0 0 0 0 0 0 0 0 0 5 9 30 12 30 0 5 2 28 17 14 0 0 0 10 10 10 0 0 3 0 0 0 0 49 0 0 0 8 0 0 0 0 0 0 11 0 0 0 0 0 0 1 0 0 0 0 0 0 0 0 2 0 0 11 2 0 0 0 0 0 0 0 9 0 0 14 12 0 0 0 0 0 0 0 0 0 0 0 0 6 0 9 14 0 13 2 22 12 16 12 0 0 0 11 0 15 0 0 0 0 0 6 5 0 0 0 0 0 0 0 10 13 17 6 0 0 18 1 0 0 0 0 0 0 0 0 1 0 0 0 0 0 0 0 0 0 0 10 7 0 62 65 7 0 6 66 0 0 0 0 0 0 0 2 0 0 0 0 0 0 0 0 2 1 0 0 2 0 
 2 0 0 0 3 0 0 3 0 0 0 0 2 0 0 0 0 0 0 0 2 26 0 0 0 3 0 0 0 208 0 0 0 0 0 0 0 0 0 0 269 464 274 357 228 68 31 41 395 153 0 104 272 139 144 156 565 70 99 293 0 0 2 0 2 6 0 0 0 6 1 5 0 2 0 0 0 0 23 0 0 0 0 0 0 0 0 0 0 0 0 0 0 5 0 22 0 0 0 2 0 0 0 0 0 0 0 0 0 0 0 0 0 0 0 0 0 0 0 0 0 19 40 10 0 18 0 0 36 0 27 15 0 0 0 23 9 10 0 1 17 0 28 0 0 0 0 3 0 0 0 0 10 0 0 0 1 0 49 22 0 0 0 0 0 4 2 3 30 0 0 0 0 0 0 0 0 0 0 0 0 13 0 0 0 0 0 0 0 0 0 0 0 0 0 0 0 0 0 0 0 20 0 0 36 2 0 10 8 0 29 9 0 11 0 57 0 24 0 0 17 0 0 6 0 22 0 0 0 0 0 0 7 11 0 0 6 8 10 0 0 0 0 0 0 0 0 0 0 0 0 0 0 0 0 0 0 0 0 10 0 0 0 0 47 82 4 0 0 0 0 0 0 0 0 0 0 0 0 0 0 0 0 0 0 16 0 0 2 0 
 0 0 2 0 0 0 0 10 0 0 0 0 0 0 5 0 0 0 0 0 0 3 0 4 0 2 0 0 0 208 0 0 0 0 0 0 0 0 0 0 446 245 38 229 62 121 30 124 47 163 104 0 238 47 40 264 87 135 48 45 22 0 1 0 1 3 28 1 0 2 0 0 2 3 0 58 0 7 153 0 0 0 0 0 0 0 0 0 9 0 0 0 0 0 0 0 0 0 0 0 0 0 0 0 0 0 0 0 0 0 0 0 0 0 0 0 0 0 0 0 0 10 1 40 22 29 0 0 31 10 7 32 0 0 0 12 7 19 0 0 20 0 24 2 0 0 0 78 0 0 0 0 20 0 2 0 3 6 26 42 0 0 0 0 0 0 0 0 0 0 0 0 3 0 0 0 0 0 0 0 0 0 0 0 0 0 0 0 0 0 0 0 0 0 8 0 0 0 0 0 0 11 0 4 45 22 0 0 11 13 0 35 0 0 0 0 19 32 0 0 18 4 22 17 0 14 9 4 13 4 0 0 0 54 17 27 16 0 29 8 0 0 0 0 0 0 0 0 0 0 0 2 0 0 0 0 0 0 0 12 23 0 0 0 64 0 4 0 0 0 9 0 0 0 0 0 0 0 0 0 0 0 0 0 34 0 0 3 2 0 
 3 0 3 0 3 3 0 8 0 0 0 0 0 0 0 0 0 0 0 0 0 0 0 6 1 14 2 6 0 0 63 105 3 4 0 2 0 0 1 5 76 372 314 58 73 40 219 217 518 134 272 238 0 82 116 402 201 262 178 273 0 0 1 0 0 0 0 0 0 0 0 0 0 0 0 0 0 0 0 0 0 0 0 0 0 0 0 0 0 0 0 10 0 0 0 0 0 0 0 0 0 5 0 4 0 0 0 0 14 2 7 5 0 3 0 0 5 0 0 0 8 1 24 7 1 2 8 11 39 19 0 10 0 8 2 12 11 11 2 0 0 0 0 0 0 0 0 0 0 0 0 0 0 0 8 0 0 0 5 0 0 0 0 0 0 0 0 11 0 0 0 0 0 0 0 0 0 0 0 0 6 0 1 0 0 16 0 2 2 0 6 5 1 0 3 0 0 6 0 0 6 5 9 2 0 26 7 11 21 0 7 12 15 21 5 49 0 31 10 0 0 0 0 0 0 0 0 0 0 0 0 0 0 0 0 0 0 0 0 0 0 0 0 0 0 0 0 0 0 26 0 2 0 1 0 0 0 0 0 11 0 0 0 0 1 2 1 1 0 0 0 0 0 0 0 0 0 0 0 0 0 3 0 0 6 0 0 0 0 0 
 1 0 1 0 0 0 63 2 2 0 2 2 0 0 2 2 2 0 0 0 1 3 2 20 1 2 0 0 2 56 1 1 1 1 2 2 1 1 2 0 77 67 70 193 298 64 171 476 202 249 139 47 82 0 575 257 34 31 169 329 0 0 9 0 3 0 0 0 0 0 4 2 0 0 2 18 5 0 55 0 0 0 0 0 0 0 0 0 0 0 0 0 0 0 0 0 0 0 0 0 0 0 0 0 1 0 0 0 0 0 1 10 0 0 0 0 0 0 0 0 0 10 1 21 1 11 7 0 7 10 14 16 17 17 11 11 0 0 0 0 15 0 0 0 0 17 0 0 0 8 0 0 0 0 0 0 0 0 0 0 0 0 0 0 0 0 0 0 0 0 0 0 0 0 0 0 0 0 0 0 0 0 0 0 1 0 0 0 0 0 0 0 0 0 0 0 0 0 0 0 1 29 16 0 16 0 24 11 25 0 7 8 0 9 6 3 0 17 0 1 0 0 1 2 3 0 0 0 0 0 1 0 0 6 0 2 0 0 7 15 0 0 0 0 0 0 2 0 0 0 0 0 0 0 0 0 0 1 0 0 0 0 0 0 73 2 0 1 1 0 0 0 0 0 0 2 0 0 0 0 0 0 0 0 0 13 0 0 2 0 
 3 5 6 3 3 3 5 7 3 3 3 6 3 3 16 3 6 3 3 3 3 4 3 3 69 69 3 3 3 3 3 27 3 3 3 6 6 3 3 3 405 259 57 55 91 59 124 152 340 120 144 40 116 575 0 152 138 50 109 145 0 0 1 0 14 1 0 4 0 0 0 4 0 0 5 0 0 0 9 4 0 0 13 0 0 0 0 0 0 0 0 0 0 0 0 0 0 0 0 0 0 0 0 0 10 0 0 0 0 0 0 0 0 0 0 0 0 0 0 0 37 0 13 3 27 11 0 19 1 2 0 11 31 41 10 0 20 42 34 4 0 0 0 0 0 0 0 14 0 0 0 0 18 0 1 0 0 0 25 10 0 0 0 0 0 2 0 0 1 0 0 0 4 0 0 0 0 0 0 0 0 0 0 1 0 0 0 0 0 0 0 0 0 0 0 0 15 0 0 0 63 0 10 34 0 0 19 8 11 22 13 0 11 22 47 27 0 5 14 12 11 0 0 0 0 0 0 0 0 0 0 0 0 10 0 0 0 0 6 10 0 0 0 0 0 0 9 0 0 0 0 4 0 0 0 0 0 1 0 2 0 0 2 0 1 6 4 0 0 0 0 0 0 0 0 0 0 0 0 0 0 0 0 0 4 11 0 0 1 0 
 2 2 4 2 2 3 2 9 2 2 11 2 2 4 8 3 2 2 2 2 0 0 0 4 99 65 6 8 2 0 41 52 1 28 0 8 0 0 0 3 110 103 80 32 113 65 155 313 183 172 156 264 402 257 152 0 312 331 96 97 0 0 1 0 0 0 0 0 0 0 0 0 0 3 0 0 50 1 0 0 0 0 0 0 0 0 0 0 0 0 0 0 0 0 0 0 0 0 0 0 0 1 0 1 12 0 0 1 5 8 8 7 0 1 0 0 1 0 0 0 24 0 17 9 21 1 24 0 23 11 0 12 0 4 1 1 0 0 8 0 11 0 0 0 0 0 8 0 14 0 0 0 0 0 3 0 0 3 10 0 0 0 0 0 0 35 0 5 4 0 0 8 0 0 0 0 0 0 0 0 13 0 0 0 0 26 0 5 6 17 44 0 0 0 1 11 0 9 0 0 11 1 9 4 0 14 15 14 17 2 54 11 13 38 25 0 0 21 4 0 19 0 0 0 0 0 3 21 0 0 0 0 0 1 2 0 0 0 5 0 0 0 0 0 0 0 0 0 0 0 0 6 0 13 0 0 0 0 0 25 0 0 0 0 0 1 0 1 1 0 0 0 0 0 0 0 0 0 0 0 0 1 0 0 0 0 0 20 0 0 
 4 2 2 2 2 2 4 2 2 2 2 3 2 4 4 2 2 2 2 2 0 0 4 0 2 17 0 0 0 0 16 3 0 1 0 0 1 20 0 0 39 158 131 48 295 362 100 62 36 58 565 87 201 34 138 312 0 66 158 84 0 0 0 0 1 2 0 3 0 3 1 0 0 0 0 0 0 0 3 0 0 0 0 0 0 0 0 0 0 0 0 0 0 0 1 0 26 0 0 0 0 0 1 0 1 0 0 0 0 0 0 0 0 0 0 11 2 0 0 0 22 0 0 1 6 0 20 27 11 1 0 13 23 22 23 6 5 23 8 28 0 0 0 0 0 0 0 0 0 0 0 0 0 0 4 0 0 0 13 0 0 0 0 0 0 0 0 0 0 0 0 0 13 0 0 0 0 0 0 20 0 0 0 0 1 15 0 0 0 2 0 22 0 0 0 0 0 0 0 0 7 10 19 12 0 8 13 32 5 10 0 10 0 22 11 7 11 10 0 41 0 0 0 0 0 0 0 0 0 0 0 0 0 0 0 0 0 0 0 0 0 0 1 0 0 0 0 0 0 0 0 0 0 0 8 0 0 0 0 1 0 22 2 0 1 2 1 1 0 0 0 0 0 0 0 0 0 0 0 0 0 3 0 0 0 0 0 0 2 0 
 3 0 4 0 0 4 0 8 0 0 0 0 0 0 1 0 0 1 0 0 3 3 4 7 3 9 3 3 4 3 6 3 3 4 4 3 3 3 3 3 37 29 122 422 93 44 281 259 103 154 70 135 262 31 50 331 66 0 379 22 2 0 1 0 58 0 49 0 0 0 0 0 51 51 52 0 3 0 23 0 0 0 0 0 0 0 0 0 0 0 0 0 0 0 0 0 0 0 0 0 0 0 0 0 0 0 0 0 0 0 0 0 0 0 19 0 0 0 0 0 4 0 0 33 20 0 8 0 7 16 0 25 24 1 1 0 1 13 3 0 7 9 0 1 0 0 0 9 12 0 0 0 0 0 0 0 15 7 8 0 0 0 0 0 0 0 0 0 0 0 0 0 7 0 0 0 4 0 0 0 0 0 0 0 0 0 0 0 0 0 0 0 0 0 0 0 0 0 0 0 0 0 9 21 18 0 6 16 9 2 28 0 6 11 5 5 0 23 24 0 19 0 0 0 0 0 9 25 0 0 0 0 14 0 17 8 0 0 11 8 0 0 0 0 0 0 0 0 0 0 0 2 0 1 0 0 0 0 0 3 0 1 67 65 0 1 3 0 0 0 50 0 0 0 0 0 0 0 0 0 0 0 0 0 0 0 0 0 2 0 
 0 0 0 0 0 0 0 6 0 1 0 1 0 0 0 3 0 0 0 0 0 0 0 0 3 62 0 21 0 0 61 0 0 7 0 0 0 1 0 0 95 74 258 299 96 50 352 334 98 165 99 48 178 169 109 96 158 379 0 157 0 0 0 0 0 0 18 0 0 0 0 0 0 2 0 0 0 0 53 0 0 0 0 0 0 0 0 0 0 0 0 0 0 0 0 0 0 0 0 0 0 7 10 0 0 0 0 0 0 0 0 9 0 0 0 10 10 0 0 0 2 1 13 20 30 22 19 50 19 32 0 18 15 20 20 0 32 16 8 1 4 1 0 0 0 0 0 15 0 1 0 0 9 6 29 0 0 3 0 14 0 0 0 0 0 0 0 0 0 0 0 0 5 0 0 0 29 0 0 0 0 0 1 0 11 12 0 0 0 0 10 16 0 0 0 0 0 0 0 0 0 39 4 13 23 7 15 15 7 53 0 1 0 3 1 24 0 21 7 11 20 0 0 0 0 0 1 0 0 0 0 2 0 8 1 0 0 0 0 26 0 0 0 0 0 0 0 0 0 0 0 9 2 0 0 0 0 108 0 0 0 0 2 1 2 2 0 0 0 0 0 0 0 0 0 0 0 0 0 0 0 10 3 0 5 0 0 0 1 0 
 0 0 0 14 0 0 0 40 0 0 0 2 0 0 0 0 0 0 0 0 1 4 1 67 38 19 1 2 1 3 24 69 1 2 2 2 2 64 2 2 106 96 107 71 89 66 181 133 66 103 293 45 273 329 145 97 84 22 157 0 0 0 2 3 0 0 0 9 0 0 0 0 0 0 0 0 0 0 0 0 0 0 0 0 0 0 0 0 0 0 0 0 0 0 6 0 0 0 0 0 0 0 0 0 6 0 0 0 0 0 0 0 0 0 0 0 0 0 0 0 5 33 4 0 0 0 24 0 1 1 20 16 25 43 28 14 0 9 23 13 0 0 0 0 0 0 24 0 0 0 0 0 0 0 0 0 0 0 0 0 0 0 0 0 0 0 0 0 0 0 0 0 0 0 0 0 0 0 0 13 0 0 0 8 7 0 0 0 0 0 0 0 0 18 0 0 0 0 0 0 9 23 38 23 0 0 19 23 2 33 15 0 0 2 6 32 2 12 15 0 0 0 0 0 0 0 0 0 0 0 0 0 0 0 0 0 0 0 0 0 0 0 0 0 0 0 0 0 0 0 0 7 0 0 0 0 0 63 0 0 0 0 3 0 0 2 3 0 0 0 0 0 0 0 0 0 0 0 0 0 0 0 0 0 0 0 0 0 2 0 
 1 0 0 0 0 1 0 4 1 0 0 0 2 58 0 2 1 3 0 1 3 3 3 3 3 4 3 6 3 3 5 3 3 3 3 3 7 3 3 3 0 0 2 1 2 4 0 0 45 1 0 22 0 0 0 0 0 2 0 0 0 129 100 276 40 242 353 202 50 529 34 26 115 114 180 39 92 30 148 151 0 0 0 0 0 0 0 0 0 0 0 0 14 0 0 0 0 0 0 0 0 0 0 0 0 0 0 0 0 0 0 0 0 0 0 0 0 0 0 0 0 0 0 0 26 0 0 0 20 9 0 0 0 0 0 0 6 17 0 0 13 2 10 8 7 0 0 14 0 10 13 4 8 13 23 21 7 9 0 11 0 0 0 0 0 0 0 0 0 0 0 0 0 0 0 1 0 0 0 0 0 0 0 0 0 0 0 0 0 0 0 0 0 0 0 0 0 0 0 0 0 0 0 0 21 6 0 0 0 0 0 6 0 0 0 0 29 0 0 0 14 44 8 10 0 16 0 9 24 16 8 0 9 16 0 6 3 19 18 0 0 0 0 0 0 0 0 0 0 0 0 0 0 0 11 0 0 0 0 0 0 0 1 2 0 0 0 0 0 0 9 0 0 0 2 0 0 0 0 0 0 0 0 0 11 2 0 0 0 0 
