 0 323 66 54 24 22 67 482 90 37 33 28 165 61 121 45 151 125 613 38 1 0 3 0 0 0 0 3 3 3 2 2 2 0 0 3 3 0 0 2 0 0 3 0 0 10 0 0 0 0 2 0 0 0 2 0 0 3 2 0 0 0 0 2 0 0 29 0 0 35 0 3 0 0 2 0 0 1 0 0 10 7 25 13 0 0 0 0 0 15 10 0 21 69 20 36 12 36 14 57 0 0 0 0 0 0 0 0 0 0 16 0 0 0 0 0 0 0 0 0 0 0 0 0 0 0 0 0 0 1 0 0 12 0 0 0 0 0 0 0 0 0 0 0 0 0 6 0 0 0 0 0 0 0 0 10 0 0 0 0 1 24 10 0 0 0 49 28 8 0 0 13 53 15 19 23 21 15 13 17 0 0 0 0 0 0 0 0 0 0 0 0 0 0 0 0 0 0 0 0 0 0 0 0 0 0 0 0 0 0 0 0 0 0 0 0 0 0 0 0 0 0 0 0 0 0 0 0 0 0 0 0 0 0 0 0 0 0 7 0 0 16 0 0 0 0 0 0 0 0 0 4 0 0 0 0 0 0 0 0 0 0 0 0 0 0 0 0 0 0 0 0 0 0 0 0 0 0 0 0 0 0 0 0 0 0 0 0 0 0 
 323 0 574 263 29 58 187 91 124 115 41 181 168 347 230 260 284 308 211 130 0 68 3 0 0 0 0 3 82 3 1 7 5 2 1 3 4 0 0 0 0 2 3 0 66 85 0 0 0 0 2 0 0 3 2 6 0 5 2 62 0 0 3 2 0 0 0 0 0 3 0 3 0 0 9 0 0 0 0 6 1 7 14 0 16 1 11 18 10 15 20 37 0 33 18 14 66 44 0 41 0 0 0 0 0 0 0 0 2 0 0 0 10 0 1 0 0 0 22 0 0 1 0 11 0 0 0 0 0 0 0 0 0 0 0 0 0 0 0 0 20 0 0 0 0 0 1 0 0 0 2 0 0 0 0 0 0 0 0 0 0 16 13 11 17 32 24 0 40 36 14 26 36 1 36 19 61 10 2 0 1 0 0 0 0 0 0 0 0 0 0 0 0 0 0 10 0 0 0 14 0 0 0 0 0 0 0 2 0 6 0 0 0 0 0 0 0 0 0 0 0 0 1 0 0 16 0 0 0 0 0 0 0 0 0 0 0 0 0 0 0 0 0 0 0 0 11 0 1 0 0 16 0 0 0 0 0 0 0 1 1 0 9 0 0 0 0 0 0 0 0 0 0 0 0 15 0 1 0 0 0 0 0 0 0 0 0 0 0 0 
 66 574 0 212 124 128 43 123 99 95 162 233 33 131 228 365 161 131 128 62 1 0 3 4 0 0 2 3 5 4 9 2 19 0 0 3 4 7 133 2 8 6 3 6 0 3 0 0 6 1 2 0 4 35 2 1 0 7 2 1 0 0 0 8 0 4 0 0 0 0 0 3 0 2 2 2 0 0 5 0 10 11 33 25 0 1 0 10 6 32 22 15 0 18 0 13 43 0 0 13 0 0 0 0 0 0 16 0 0 0 0 0 23 0 0 0 2 0 27 0 0 0 0 0 0 0 0 0 0 0 0 0 0 0 0 0 0 0 0 0 11 0 0 2 0 0 0 0 0 0 0 0 0 0 0 0 0 0 0 0 14 20 13 0 23 0 17 0 14 13 53 10 0 0 34 24 12 24 0 0 9 20 0 0 0 0 30 34 0 0 0 0 14 4 10 1 0 0 11 17 0 0 0 0 0 0 0 0 0 0 0 0 0 0 0 0 0 10 0 0 0 0 0 0 0 0 0 0 0 0 0 0 0 0 0 0 18 0 0 0 0 0 0 0 0 2 127 0 2 2 0 5 3 0 0 0 0 0 0 0 0 0 21 0 0 0 0 0 0 0 0 0 0 0 0 9 0 0 0 0 0 0 0 0 0 0 0 0 0 0 
 54 263 212 0 79 227 82 501 358 176 200 186 129 480 287 339 435 163 128 146 0 0 3 2 0 0 0 53 3 3 2 3 77 0 74 3 3 1 149 2 0 0 3 0 0 3 0 0 0 1 2 0 0 2 2 1 0 3 2 0 0 0 1 5 0 0 2 0 0 0 0 3 0 0 3 0 0 4 0 0 13 34 1 27 32 52 0 21 44 10 11 14 0 0 0 31 8 10 0 0 0 0 0 0 0 0 0 0 0 0 0 0 24 0 1 0 0 0 26 0 0 0 0 0 0 0 0 0 0 0 0 0 0 0 0 0 0 0 0 0 26 0 0 1 0 0 0 0 0 0 0 0 0 0 0 0 0 0 15 0 15 28 0 28 43 34 0 11 10 15 21 10 0 11 27 45 11 2 0 0 18 1 0 0 0 0 11 0 0 0 0 0 11 0 9 0 0 0 18 1 0 0 0 0 0 0 0 0 0 0 0 0 0 0 0 0 0 0 0 0 0 0 0 0 0 0 0 0 0 0 0 0 0 1 0 0 0 0 0 0 0 0 0 0 0 0 90 0 1 187 2 13 0 0 0 0 0 0 0 0 0 0 16 0 0 0 0 0 0 0 0 0 0 0 0 11 0 13 0 0 0 0 0 0 0 0 0 0 0 2 
 24 29 124 79 0 150 63 74 401 94 62 136 49 92 231 379 51 52 79 61 22 0 77 0 0 0 0 78 71 3 4 3 78 97 3 5 77 0 35 88 0 0 3 0 0 3 0 0 0 0 2 0 0 1 2 2 0 3 2 0 0 0 2 2 0 7 0 0 0 2 0 3 0 0 3 0 0 0 5 0 0 0 0 0 26 0 0 0 2 0 0 11 0 0 0 0 18 0 0 0 13 15 25 0 2 0 27 27 18 7 9 16 38 40 18 1 49 11 29 6 0 0 0 18 0 0 0 0 0 0 1 0 0 0 2 0 1 0 0 0 0 0 0 5 0 0 0 0 0 0 0 0 15 0 0 0 0 0 0 0 0 4 11 17 0 6 0 0 0 1 0 14 0 1 0 0 9 13 0 0 22 13 18 0 0 0 61 38 28 8 19 2 13 44 0 1 4 0 22 42 0 0 0 0 0 0 33 0 0 0 2 0 2 0 0 0 0 0 0 0 0 0 0 0 0 0 0 0 0 0 0 0 0 0 0 0 0 21 0 0 0 0 0 0 0 0 106 0 2 3 1 14 18 0 0 0 0 2 0 0 0 0 0 0 0 0 0 0 0 0 0 0 0 0 0 1 0 0 0 1 0 0 0 0 0 9 0 0 0 0 
 22 58 128 227 150 0 122 37 128 202 181 73 48 137 68 276 57 76 143 87 2 75 3 0 0 0 0 88 78 3 2 3 4 84 15 3 79 0 118 72 0 0 3 0 0 3 0 0 0 116 2 4 0 60 2 2 0 3 2 0 0 0 3 2 0 1 0 0 0 2 0 3 0 0 39 0 0 0 6 0 12 3 11 25 33 36 0 12 21 11 7 10 0 0 0 16 0 20 0 0 33 0 16 41 0 0 18 0 0 10 0 0 38 30 21 0 0 0 10 22 0 0 0 0 0 0 0 0 0 0 0 0 0 0 0 0 0 0 0 0 6 0 0 0 0 0 0 0 0 0 0 0 0 0 0 0 0 0 0 0 12 8 9 24 24 25 0 2 0 9 21 15 0 8 0 24 30 0 0 0 11 48 16 0 0 0 0 35 23 21 22 13 6 1 15 0 0 10 9 40 0 0 0 0 0 0 3 0 0 0 0 0 0 0 0 0 19 0 0 0 0 0 0 0 0 0 0 0 0 0 0 0 0 0 0 0 0 0 0 0 0 0 0 0 0 4 3 0 1 9 0 9 22 0 0 0 0 0 0 0 0 0 0 0 0 0 0 0 0 0 0 0 0 0 0 19 0 5 0 0 0 0 0 0 0 2 0 0 0 0 
 67 187 43 82 63 122 0 115 100 129 27 31 171 52 74 112 30 86 216 129 1 2 3 0 0 0 0 3 5 79 3 4 2 0 0 3 6 0 2 3 0 2 3 0 0 6 6 0 0 0 2 0 0 49 4 0 0 8 2 2 3 0 0 2 0 0 67 0 0 0 0 3 0 0 7 57 0 0 0 2 37 10 12 0 15 11 39 1 0 14 17 10 19 0 0 23 21 35 37 73 0 0 0 0 0 0 0 0 0 0 2 0 0 0 0 0 0 0 0 0 0 0 0 0 0 0 2 0 0 0 0 0 13 0 0 0 0 2 0 0 0 0 0 0 0 0 0 0 0 0 0 0 0 0 0 0 0 0 0 0 0 29 22 19 0 1 1 35 22 0 8 12 45 49 0 41 3 16 0 34 0 0 0 0 0 0 0 0 0 0 0 0 14 0 0 0 0 11 0 0 0 0 1 0 0 0 0 0 0 0 0 0 0 0 0 0 0 0 0 0 0 0 0 0 0 13 0 0 0 0 0 0 0 0 11 0 0 0 0 0 0 1 0 0 0 1 0 0 0 2 0 16 0 0 0 0 0 0 0 0 0 0 0 0 0 0 0 0 0 0 0 0 0 0 0 0 0 11 0 0 0 0 0 0 0 0 0 0 0 0 
 482 91 123 501 74 37 115 0 95 43 126 25 356 348 167 35 86 259 182 65 4 4 7 2 0 0 0 3 3 3 0 3 3 0 15 3 3 5 0 0 0 0 3 0 0 10 0 61 0 0 2 0 0 0 2 2 3 4 2 0 0 0 2 2 0 0 3 0 0 0 0 3 0 0 3 0 0 4 0 0 30 31 38 37 0 0 70 13 0 0 0 0 9 44 22 7 9 66 13 2 0 0 0 0 0 0 0 0 1 0 0 0 0 0 0 27 0 0 0 1 0 0 0 0 1 0 0 0 10 0 0 0 0 0 0 0 0 0 0 0 0 0 0 0 0 0 0 0 0 0 0 0 0 0 0 0 0 0 0 0 30 0 1 0 0 0 29 11 0 13 0 0 12 13 0 0 0 27 11 28 0 0 0 0 0 0 0 0 0 0 0 0 37 0 0 0 1 0 35 0 0 0 0 0 0 0 2 0 0 0 0 0 0 0 0 0 0 0 0 0 0 0 0 0 0 0 0 0 0 1 0 0 0 0 4 0 0 0 0 0 0 22 0 0 0 0 2 0 2 0 0 24 0 0 0 0 0 0 0 0 0 0 0 0 0 0 0 0 0 0 0 0 0 0 0 0 0 0 0 0 0 0 0 0 0 0 0 0 0 0 
 90 124 99 358 401 128 100 95 0 361 276 40 186 196 198 238 118 534 312 48 1 0 5 3 3 0 0 3 4 5 2 3 77 2 0 10 5 0 74 0 0 0 3 2 3 3 0 0 0 35 4 0 0 2 2 2 2 3 2 82 0 0 1 8 2 4 0 0 0 0 0 5 38 0 3 0 0 2 0 0 0 0 9 56 22 42 0 42 30 19 29 2 0 0 1 11 31 72 55 39 9 0 0 0 0 17 27 0 0 0 0 0 0 0 20 4 0 0 1 0 0 0 0 0 0 0 0 0 0 0 0 0 0 0 0 0 0 0 0 0 0 0 0 0 0 0 14 14 0 0 0 0 0 0 0 0 0 0 0 0 32 0 29 0 18 32 0 17 29 15 0 33 15 0 0 14 1 13 13 0 19 0 0 0 0 0 14 0 0 44 0 0 1 0 0 21 0 0 0 0 0 0 0 0 0 0 0 0 0 0 0 9 0 1 0 1 0 0 0 0 0 0 0 0 0 0 0 0 0 0 0 0 0 0 0 0 0 0 0 14 0 0 0 0 0 1 5 2 4 1 12 16 0 0 0 0 1 0 0 0 0 0 0 0 0 0 0 0 0 0 0 0 0 0 0 0 26 0 0 0 0 0 0 0 0 0 0 0 0 0 
 37 115 95 176 94 202 129 43 361 0 71 279 91 104 201 300 49 102 170 87 2 0 6 1 0 0 0 62 3 3 1 3 84 0 1 3 3 0 11 0 0 1 3 0 0 7 0 0 6 0 2 1 0 66 2 3 0 6 2 0 0 6 9 36 0 2 4 0 4 3 0 42 2 0 3 0 0 0 6 5 0 4 11 12 14 24 33 22 16 0 11 37 0 36 13 0 0 0 0 7 11 0 0 0 0 0 14 0 0 0 0 0 1 0 12 0 0 0 10 0 0 0 0 0 0 0 0 0 0 0 0 0 0 0 0 0 0 0 0 0 0 0 0 8 0 0 4 0 0 0 0 0 0 0 0 0 0 0 1 0 13 0 8 1 0 12 0 0 24 1 19 25 0 0 2 12 19 0 0 0 8 19 0 0 0 0 0 12 0 0 0 0 7 0 0 0 0 0 0 1 0 0 0 0 0 0 2 0 0 0 0 0 0 0 0 0 0 0 0 0 0 0 0 0 0 0 15 0 0 0 0 0 0 0 0 0 0 0 0 0 0 0 0 0 0 4 89 0 120 3 8 11 2 0 0 0 0 0 0 0 0 0 0 0 0 0 0 0 0 0 0 0 0 0 0 10 44 1 0 0 0 0 0 0 0 2 0 0 0 0 
 33 41 162 200 62 181 27 126 276 71 0 49 39 224 162 89 238 41 28 43 0 2 3 0 0 0 0 3 3 3 5 3 43 0 3 6 3 0 86 0 0 0 37 0 0 14 0 0 0 1 3 2 0 0 2 2 0 3 3 2 0 1 2 4 0 1 0 0 0 0 1 4 0 1 4 0 0 1 4 0 0 42 24 14 7 31 0 12 28 34 42 0 0 12 0 15 12 18 0 0 0 0 0 0 0 0 0 0 0 0 0 0 9 0 0 0 0 0 13 0 0 0 0 2 0 0 0 0 0 27 0 0 0 0 0 0 0 0 0 0 0 0 0 0 0 0 0 0 0 0 0 0 0 0 0 0 0 0 0 0 36 15 0 15 30 9 0 0 0 0 39 0 0 0 23 25 12 9 0 14 11 0 0 0 0 0 17 0 0 0 0 0 0 0 9 0 0 0 8 0 0 0 0 0 0 0 0 0 0 0 0 0 6 0 0 0 0 0 0 0 0 0 2 2 0 0 0 0 0 0 0 0 0 0 0 0 0 0 0 0 1 0 0 0 0 0 0 1 2 86 0 25 0 0 0 0 1 0 0 0 0 0 2 0 0 0 0 0 0 0 0 0 0 0 0 0 0 0 0 0 0 0 0 0 0 0 0 0 0 0 
 28 181 233 186 136 73 31 25 40 279 49 0 200 169 312 115 332 366 334 25 0 2 7 3 0 2 0 3 3 5 6 11 78 0 0 3 8 4 75 2 0 0 3 0 0 4 9 2 0 3 5 0 0 3 2 0 0 3 2 83 3 2 2 2 0 70 2 0 0 0 0 3 0 0 4 0 1 5 0 0 0 41 21 21 15 2 10 19 23 17 28 25 0 15 0 14 22 1 4 8 0 0 0 0 0 0 19 7 0 0 0 0 7 0 14 0 1 0 11 1 0 0 0 0 0 0 0 0 0 0 0 0 0 0 0 0 0 0 0 0 1 3 0 2 0 0 0 0 0 0 0 0 0 0 0 0 0 0 0 0 0 25 10 25 19 15 0 0 5 7 31 7 0 0 17 18 31 19 0 0 0 0 3 0 0 0 13 19 0 0 1 0 0 0 0 0 0 0 0 11 0 0 0 0 0 0 2 0 0 0 0 0 0 0 0 0 0 0 0 0 0 0 0 0 0 0 0 0 0 0 0 0 0 0 0 0 0 0 18 0 0 0 0 0 0 4 85 0 51 86 12 12 0 0 0 0 0 25 0 0 0 0 17 0 0 0 0 0 0 0 1 0 0 0 0 1 12 0 0 0 0 0 0 0 0 0 0 0 0 0 
 165 168 33 129 49 48 171 356 186 91 39 200 0 58 142 109 23 63 320 50 2 0 3 0 2 0 3 3 5 7 2 5 24 1 0 7 3 2 3 0 0 2 3 0 0 3 0 3 0 2 2 63 0 2 2 3 0 10 69 0 0 0 3 2 0 0 0 0 0 4 0 3 2 0 5 0 0 0 0 2 8 1 1 11 0 9 22 0 0 0 9 9 14 50 10 17 0 36 11 13 14 0 0 0 0 0 0 0 0 0 0 0 0 1 15 0 0 0 9 0 0 0 0 1 0 1 0 1 0 0 0 0 0 0 0 0 0 0 0 0 0 0 0 0 2 0 1 2 0 0 0 0 0 0 0 0 21 0 0 0 4 14 38 0 10 21 18 0 1 1 9 45 29 15 0 18 11 23 0 1 0 0 0 0 2 0 0 0 0 0 0 0 9 0 0 0 0 0 0 0 0 0 0 0 0 0 0 0 0 0 0 0 0 1 0 0 0 0 2 0 0 0 0 0 0 0 0 0 0 0 0 0 0 0 0 0 0 0 0 0 0 1 0 0 0 2 0 0 94 0 8 207 0 0 0 0 0 0 0 0 0 0 0 0 0 0 1 0 0 0 0 0 0 0 0 0 3 0 0 0 0 0 0 4 0 0 0 0 0 0 
 61 347 131 480 92 137 52 348 196 104 224 169 58 0 644 44 345 345 219 188 2 2 3 0 0 0 0 3 5 3 2 5 5 2 1 3 4 0 0 0 0 0 57 0 0 3 0 0 0 63 2 0 0 3 2 5 0 4 2 19 0 0 3 2 0 0 3 0 0 2 0 3 0 0 6 0 0 0 0 3 25 30 61 0 28 17 0 19 15 15 13 13 0 20 0 34 29 11 0 20 0 0 0 1 0 0 10 0 0 0 0 0 10 3 0 0 0 2 5 0 0 0 0 0 0 0 0 0 0 0 0 0 0 2 0 0 0 0 0 5 12 1 0 0 0 0 0 0 0 0 0 0 0 0 0 0 0 0 0 0 0 35 1 12 26 18 39 9 17 29 23 10 0 8 34 12 15 0 4 0 3 0 0 0 0 0 0 0 0 0 0 0 6 0 0 0 0 0 0 1 0 0 2 0 0 0 0 0 0 0 0 0 0 0 0 0 0 0 0 0 0 0 0 0 1 0 0 0 0 0 21 0 0 0 0 0 0 0 0 0 0 0 0 0 0 2 88 0 0 85 2 7 0 0 0 0 0 0 0 0 0 0 9 0 0 0 0 0 0 0 0 0 0 0 0 14 1 8 0 0 0 0 0 0 0 0 0 0 0 0 
 121 230 228 287 231 68 74 167 198 201 162 312 142 644 0 85 414 203 87 93 0 0 4 0 0 0 0 76 3 4 1 3 3 2 5 3 6 0 5 0 0 0 3 0 0 3 0 0 0 66 2 26 0 1 2 2 0 3 2 63 23 0 2 2 0 0 3 0 0 1 1 4 0 0 3 0 0 4 0 0 23 12 36 1 11 24 14 19 25 27 3 26 0 10 1 21 70 14 0 25 0 0 0 0 0 2 11 0 0 0 0 0 16 0 0 0 0 0 15 0 0 0 0 35 0 0 0 0 0 0 0 0 0 0 0 0 0 0 0 0 6 0 0 0 0 0 0 2 0 0 0 0 0 0 0 0 0 1 0 0 1 14 1 9 59 25 21 0 18 13 10 20 1 0 41 16 39 0 14 0 16 0 0 0 0 0 1 0 0 2 0 0 0 0 1 0 0 0 0 10 0 0 0 0 0 0 0 0 0 0 0 0 0 0 0 0 0 0 0 0 0 0 0 11 0 0 0 0 0 0 0 12 0 2 3 0 0 0 0 2 0 0 0 0 0 0 10 33 1 2 0 22 0 0 0 0 0 0 0 0 0 0 15 0 0 0 0 0 0 0 0 0 0 0 0 21 7 0 0 0 0 0 0 0 0 0 0 0 0 0 
 45 260 365 339 379 276 112 35 238 300 89 115 109 44 85 0 78 209 33 77 2 0 3 0 0 5 0 3 3 3 76 3 113 0 0 6 3 0 87 0 0 0 3 0 3 6 0 0 4 1 5 3 0 72 2 1 3 6 2 1 0 39 0 2 0 2 0 0 0 0 0 5 0 0 2 0 0 0 6 0 0 0 10 31 12 43 0 28 35 15 35 12 0 0 0 0 0 0 0 0 5 10 0 0 0 0 31 1 0 0 0 0 18 0 15 0 0 0 15 0 0 0 0 0 0 0 0 0 0 0 0 0 0 0 0 0 0 0 0 0 0 0 0 0 0 0 4 0 0 17 9 0 0 0 0 0 0 0 0 0 24 0 5 1 14 23 0 0 44 0 19 28 0 0 0 37 0 0 0 0 27 33 1 0 0 0 26 11 0 0 0 2 0 0 13 0 0 0 11 1 0 0 0 0 0 0 0 0 0 0 0 0 0 0 0 0 0 0 0 0 0 0 0 0 0 0 0 0 0 0 0 0 0 0 0 0 0 0 0 0 0 0 0 0 0 0 46 0 1 2 11 1 2 0 0 0 0 0 0 0 0 0 0 0 0 0 0 0 0 0 0 0 0 0 0 10 11 9 0 0 0 0 0 0 0 0 0 0 0 0 
 151 284 161 435 51 57 30 86 118 49 238 332 23 345 414 78 0 96 130 38 0 0 3 209 0 1 0 210 3 3 1 2 2 2 0 3 3 0 1 0 0 0 3 0 0 9 0 0 3 64 2 0 0 1 2 0 0 3 2 64 0 3 3 2 0 1 2 0 2 0 0 3 0 0 2 0 0 0 0 0 13 11 31 10 14 0 17 5 15 4 4 0 0 54 1 36 47 24 0 25 0 0 1 0 0 0 14 0 0 0 2 0 9 0 0 0 0 1 23 0 0 1 0 0 20 0 2 0 0 0 0 0 0 0 0 0 0 0 0 0 10 0 0 2 0 0 1 0 0 0 0 0 0 0 0 0 0 0 0 0 14 26 0 10 10 20 37 25 15 12 0 5 0 0 14 0 10 17 2 12 0 0 0 0 0 0 0 1 0 0 0 0 3 0 1 0 0 0 0 14 0 0 1 0 0 0 0 2 0 0 0 0 0 0 0 0 0 0 0 0 0 0 0 0 0 0 0 0 0 0 0 0 0 0 0 0 0 0 0 0 0 14 0 0 0 1 88 0 0 6 0 2 0 0 0 0 0 0 0 0 0 0 0 0 0 0 0 0 0 0 0 0 0 0 0 53 2 0 0 0 0 0 0 0 0 0 0 0 0 0 
 125 308 131 163 52 76 86 259 534 102 41 366 63 345 203 209 96 0 143 36 0 0 3 0 0 0 0 3 3 3 4 4 110 0 2 3 3 0 2 5 0 2 47 0 0 3 0 0 0 63 2 0 0 7 2 0 0 3 2 25 0 0 0 2 0 0 2 0 0 0 0 3 0 0 2 0 0 0 0 0 0 0 14 1 51 0 0 10 5 22 21 0 0 0 0 14 44 32 15 22 20 15 0 0 0 0 28 13 0 0 0 0 11 5 14 0 0 0 31 0 2 0 0 0 0 2 0 2 0 0 0 0 0 0 0 0 0 0 0 2 9 0 0 0 1 0 0 0 0 0 0 0 0 0 0 0 2 0 0 0 0 16 23 10 12 35 0 14 13 12 11 64 41 0 0 27 16 13 0 0 0 0 0 0 0 0 9 0 2 0 0 0 0 9 0 0 0 0 1 11 0 0 0 0 0 0 0 0 0 0 0 0 0 0 0 0 0 0 1 0 0 0 0 38 0 0 0 0 0 0 0 0 0 0 0 0 0 0 0 0 0 0 0 0 0 0 145 0 91 6 5 8 0 0 0 0 0 0 0 0 0 0 0 0 0 0 0 0 0 0 0 0 0 0 0 19 8 0 0 0 0 0 0 0 0 0 0 0 0 0 
 613 211 128 128 79 143 216 182 312 170 28 334 320 219 87 33 130 143 0 176 3 2 5 0 5 0 0 3 7 4 2 3 3 3 0 3 3 0 2 3 0 0 3 0 0 5 3 0 0 3 2 0 0 5 2 3 0 7 2 2 1 0 3 2 0 34 0 0 2 2 0 3 0 3 6 0 0 0 0 1 14 0 0 24 1 0 3 20 0 0 53 17 8 21 40 21 0 40 0 64 13 13 0 0 0 2 0 0 0 0 0 0 0 0 0 0 0 0 0 0 0 0 0 14 0 0 0 0 0 0 0 0 0 0 0 0 0 0 0 0 0 0 0 0 0 0 19 2 0 0 0 0 0 0 0 0 0 0 0 0 17 25 30 0 0 0 62 13 39 20 0 9 61 20 10 17 16 10 13 2 0 0 0 0 0 0 0 0 0 2 0 0 0 0 0 0 0 0 0 0 0 0 0 0 0 0 0 0 0 0 0 0 0 0 0 13 0 0 0 0 0 0 0 0 0 0 0 0 0 0 0 0 0 0 0 0 0 0 0 2 0 14 0 0 0 2 0 0 0 0 1 7 0 0 0 0 0 0 0 0 0 0 0 0 0 0 0 0 0 0 0 0 0 0 0 0 1 0 0 0 0 0 0 0 0 1 0 0 0 0 
 38 130 62 146 61 87 129 65 48 87 43 25 50 188 93 77 38 36 176 0 1 1 3 0 0 0 2 3 3 3 4 2 2 0 0 3 3 0 0 0 0 0 3 0 59 3 0 0 0 58 5 0 0 66 2 1 2 3 2 1 0 2 0 2 0 0 0 0 0 0 0 4 0 0 2 47 0 45 0 0 13 13 12 0 12 14 1 0 0 0 8 9 0 0 23 19 0 35 15 0 0 0 1 0 0 0 0 0 0 0 0 0 0 0 0 0 0 0 0 0 0 0 0 0 0 0 0 0 0 0 0 0 0 0 0 0 0 0 0 0 6 0 0 0 0 0 0 0 0 10 0 0 0 0 0 0 0 0 0 0 4 6 0 24 7 20 14 13 2 21 25 0 0 9 0 10 0 0 23 0 0 0 0 10 0 0 0 0 0 0 0 0 15 0 0 0 0 0 0 0 0 0 0 13 0 0 0 0 0 0 0 0 0 0 0 0 0 0 0 0 0 0 0 0 15 0 0 0 0 5 0 0 0 0 4 0 0 0 0 0 0 0 0 0 0 45 2 0 0 0 1 24 0 0 0 0 0 0 0 0 0 0 0 0 0 22 0 0 0 0 0 0 0 0 0 14 0 14 0 0 0 0 0 0 0 0 0 0 0 0 
 1 0 1 0 22 2 1 4 1 2 0 0 2 2 0 2 0 0 3 1 0 175 202 96 121 85 243 114 325 37 39 219 62 162 113 111 130 174 57 123 0 0 2 0 0 2 6 0 4 0 3 0 0 0 0 0 2 1 0 2 4 5 0 0 0 10 3 3 0 3 2 0 6 0 3 6 6 0 6 2 0 0 0 0 0 0 0 0 0 0 20 0 0 0 2 0 0 2 0 0 29 13 27 17 11 0 0 10 13 13 19 0 20 3 22 11 15 10 10 0 0 0 0 0 0 0 7 0 0 0 0 0 0 1 0 0 0 0 3 0 0 0 0 0 0 0 1 0 0 0 0 0 0 0 0 0 13 0 0 0 0 0 0 10 0 0 0 0 0 0 0 0 0 0 0 0 0 0 0 0 10 16 12 1 1 0 19 7 27 37 0 3 0 4 0 37 2 20 0 18 8 0 0 0 0 1 11 0 0 0 1 0 8 0 0 0 0 0 0 10 0 0 0 0 0 0 0 0 0 2 0 0 0 0 0 0 0 0 0 0 0 0 0 0 0 0 0 0 0 0 0 0 18 0 0 2 0 77 0 1 7 0 0 0 0 0 0 0 0 0 1 0 0 0 0 1 0 0 0 0 0 0 0 0 0 0 0 0 0 0 
 0 68 0 0 0 75 2 4 0 0 2 2 0 2 0 0 0 0 2 1 175 0 242 144 106 24 315 160 169 202 30 188 33 259 121 131 106 41 263 298 0 0 0 0 0 0 3 0 3 0 3 18 0 0 0 0 2 0 0 0 0 2 0 0 0 0 51 0 0 5 0 0 2 0 0 0 0 0 3 0 0 0 0 1 0 0 0 0 0 2 0 15 0 0 0 0 0 0 0 0 17 31 30 52 0 0 8 14 74 16 16 20 0 34 0 17 7 1 2 33 0 0 0 0 0 0 10 0 0 0 0 0 33 0 0 0 0 0 20 0 0 2 0 0 0 0 0 0 0 0 0 0 0 0 0 0 0 2 0 2 0 6 0 6 2 15 0 0 0 0 0 0 0 2 11 0 0 2 0 0 13 33 32 74 0 7 0 10 3 78 25 52 0 8 69 0 0 14 13 30 0 0 0 0 0 0 0 0 0 13 0 0 0 9 0 0 0 0 5 9 0 0 1 0 0 0 0 0 0 0 0 0 0 0 0 0 0 0 0 0 0 0 0 0 0 0 0 0 0 0 0 0 0 1 2 0 2 2 0 2 2 0 0 0 0 0 0 0 0 0 0 0 0 0 0 0 0 0 0 0 0 7 0 0 0 0 0 0 0 0 
 3 3 3 3 77 3 3 7 5 6 3 7 3 3 4 3 3 3 5 3 202 242 0 142 269 152 232 86 207 311 125 73 59 153 128 138 323 294 36 406 0 0 0 0 0 0 3 0 3 0 3 2 0 0 0 3 2 0 0 2 0 2 5 0 0 0 0 0 0 3 0 0 5 0 6 0 0 0 3 52 0 0 0 0 0 0 0 0 0 0 0 0 2 0 0 0 0 0 0 0 34 45 24 42 9 11 28 2 20 12 1 6 3 34 0 16 8 43 0 11 0 0 0 0 0 0 4 0 0 0 0 0 13 0 0 9 0 0 10 0 0 0 0 0 0 0 0 0 0 0 0 0 0 0 0 0 0 0 2 0 0 0 0 0 0 0 0 9 0 0 0 0 0 0 0 0 0 0 0 0 0 0 28 39 0 13 0 47 0 22 21 83 11 21 0 12 15 1 12 14 0 0 2 0 0 8 0 0 0 0 0 0 29 21 0 0 0 0 7 10 8 0 0 0 0 0 0 0 0 0 0 0 0 0 0 0 0 0 0 0 0 0 0 0 0 2 0 0 0 0 0 0 0 0 8 3 2 86 0 0 1 2 0 0 0 0 0 0 0 0 0 2 0 0 0 0 0 0 0 12 0 18 0 0 0 11 12 0 0 0 
 0 0 4 2 0 0 0 2 3 1 0 3 0 0 0 0 209 0 0 0 96 144 142 0 211 205 149 425 178 169 139 98 60 81 466 264 315 95 293 283 0 0 17 44 0 0 3 28 8 0 3 0 63 0 0 0 2 0 0 0 0 2 3 0 0 0 0 0 0 4 1 0 2 0 0 0 0 0 3 2 0 0 15 0 0 0 0 0 0 0 0 0 0 0 0 0 1 0 0 0 0 9 26 14 43 10 0 12 0 29 15 37 0 1 0 42 0 1 0 32 30 9 0 0 0 0 1 5 0 4 6 0 17 1 11 26 7 0 1 47 0 0 1 0 0 0 0 0 0 0 0 0 0 10 0 0 0 0 0 0 0 0 0 0 0 0 20 0 0 0 0 0 0 0 0 0 0 6 1 1 24 10 12 1 20 17 0 0 6 28 18 24 0 0 49 0 18 10 0 0 0 1 5 0 0 0 0 0 15 0 0 0 11 29 9 0 31 0 19 32 0 0 0 0 0 0 0 0 0 0 0 0 0 0 0 0 0 0 0 0 0 0 0 0 0 0 0 0 0 0 0 0 0 0 10 0 2 99 125 0 78 0 0 0 0 0 0 0 0 0 0 0 0 0 0 0 0 0 0 0 0 0 0 0 0 0 0 0 0 0 
 0 0 0 0 0 0 0 0 3 0 0 0 2 0 0 0 0 0 5 0 121 106 269 211 0 113 93 139 121 262 174 128 75 97 111 462 108 44 83 106 0 0 0 0 0 0 4 20 5 0 3 0 62 63 62 0 2 0 91 64 0 2 0 0 0 0 0 0 0 5 0 0 2 0 0 54 0 0 3 0 0 0 0 0 0 0 0 0 0 0 0 2 0 2 0 0 0 0 0 0 0 13 0 0 27 21 0 11 0 0 7 32 0 0 12 9 12 13 0 6 0 13 0 0 10 0 51 0 0 0 0 0 27 9 23 0 0 0 43 10 0 0 0 0 0 0 0 0 0 0 0 0 0 0 0 0 0 0 0 0 0 0 0 0 0 0 0 0 0 2 0 0 0 0 0 0 0 0 0 1 0 0 0 26 63 19 0 24 14 2 0 0 0 0 0 8 21 0 0 0 19 0 0 7 0 0 21 10 0 0 0 13 0 12 36 39 0 0 20 24 2 0 0 0 0 0 0 0 0 0 0 0 0 0 0 2 0 0 0 0 0 0 12 0 0 0 0 0 0 0 0 0 0 17 4 0 4 0 2 0 2 0 0 0 0 0 0 0 0 0 0 0 0 0 0 0 0 0 0 0 0 12 0 0 0 0 0 0 0 0 
 0 0 0 0 0 0 0 0 0 0 0 2 0 0 0 5 1 0 0 0 85 24 152 205 113 0 45 45 62 212 168 49 40 50 61 76 515 87 40 61 0 0 7 7 0 0 3 64 70 0 3 0 1 0 1 62 2 0 131 0 0 2 4 0 0 0 0 0 0 2 0 0 2 0 0 0 0 2 3 2 0 2 0 0 0 0 0 0 0 0 0 0 0 0 0 0 2 0 0 0 0 12 0 25 30 42 0 0 0 12 0 19 0 0 0 6 0 12 0 0 93 0 0 0 0 0 8 25 0 27 17 0 2 11 29 47 21 0 9 23 0 0 0 0 0 34 0 0 0 0 0 0 0 0 0 0 0 0 0 0 0 0 0 0 0 0 0 0 0 0 0 0 0 0 0 0 0 2 2 2 0 0 8 14 24 34 0 14 0 22 11 28 0 0 0 0 2 0 0 0 0 10 22 0 0 0 24 0 4 27 0 0 17 15 19 0 19 0 0 45 0 0 0 0 0 0 0 0 0 0 0 0 0 0 0 0 0 0 0 0 0 0 2 0 0 0 0 0 0 0 0 1 0 0 4 0 0 5 112 0 0 0 0 0 0 0 0 0 0 0 0 0 0 0 0 0 0 0 0 0 0 0 0 0 17 0 8 0 0 0 
 0 0 2 0 0 0 0 0 0 0 0 0 3 0 0 0 0 0 0 2 243 315 232 149 93 45 0 108 304 206 112 120 87 327 91 189 89 156 77 169 0 0 0 0 0 0 3 0 3 0 3 0 0 0 0 0 2 0 0 0 0 2 4 0 0 0 0 0 0 9 0 0 2 0 0 0 0 0 3 0 0 0 0 0 0 0 0 0 0 0 0 0 0 0 0 0 0 0 0 0 40 53 12 49 2 0 14 27 83 10 14 28 0 15 1 24 0 0 0 93 0 6 0 0 0 0 10 0 0 0 0 0 12 1 1 0 0 0 11 0 0 0 0 0 0 0 2 13 0 0 0 0 0 2 0 0 0 0 0 0 0 0 0 0 0 0 0 0 0 0 0 0 0 0 0 0 0 0 0 0 20 1 6 114 24 17 0 63 7 29 1 43 0 24 25 11 24 14 0 0 14 0 0 0 0 2 1 0 0 0 0 0 6 1 0 0 0 7 11 0 0 0 0 0 0 0 0 0 2 1 0 0 0 0 0 0 0 0 0 13 0 0 0 0 0 0 0 0 0 0 0 0 0 0 0 2 0 8 0 0 20 2 0 0 0 0 0 0 0 0 0 0 0 0 0 0 0 0 0 12 0 21 0 0 0 14 0 0 0 0 
 3 3 3 53 78 88 3 3 3 62 3 3 3 3 76 3 210 3 3 3 114 160 86 425 139 45 108 0 182 103 43 105 348 298 151 114 234 37 398 209 0 62 0 0 0 0 3 0 3 0 3 1 0 0 0 0 2 0 0 1 0 2 0 1 0 0 0 0 0 9 0 0 2 0 0 0 0 0 3 39 0 0 0 0 13 0 0 0 0 0 0 0 0 0 0 0 0 0 0 0 7 14 1 0 0 0 0 11 22 35 2 0 9 0 12 0 9 0 1 28 0 0 0 0 0 0 0 0 0 0 0 0 0 0 0 0 0 0 0 0 0 0 0 0 0 0 0 0 0 0 0 0 18 0 0 0 0 0 0 0 0 2 0 2 0 1 0 0 0 0 0 0 0 0 0 0 0 0 0 0 0 18 0 37 20 0 0 0 38 15 22 1 7 32 10 8 11 15 9 13 0 0 0 0 0 0 0 0 0 0 0 0 4 0 0 0 0 0 9 0 2 0 0 0 0 0 0 0 0 0 0 16 0 0 0 0 0 0 0 0 0 0 0 0 0 0 0 0 0 0 0 0 0 0 4 0 1 40 0 0 2 9 2 0 0 0 11 0 0 0 0 0 0 0 0 0 0 0 0 0 0 0 0 0 0 0 0 0 0 0 
 3 82 5 3 71 78 5 3 4 3 3 3 5 5 3 3 3 3 7 3 325 169 207 178 121 62 304 182 0 336 411 99 83 181 171 158 103 44 92 61 26 1 0 3 0 0 3 0 3 0 3 5 2 0 0 1 2 2 1 2 15 2 0 1 0 2 0 0 0 8 0 0 2 6 0 0 0 0 3 1 0 0 0 0 0 0 0 0 0 1 0 12 0 0 0 0 0 0 0 0 36 17 18 18 26 0 12 29 35 0 7 42 14 20 0 0 8 16 16 46 0 11 0 12 0 0 10 0 0 0 0 0 10 25 22 0 0 0 27 10 0 0 0 0 0 3 0 0 0 0 0 0 0 0 0 0 0 0 0 0 0 0 0 0 0 0 0 0 2 1 0 0 0 0 0 1 0 2 0 6 9 22 22 17 38 0 18 18 0 16 10 22 11 1 9 3 35 30 32 22 10 0 0 0 0 0 5 0 0 0 0 0 1 18 1 0 0 0 37 10 0 0 0 1 0 0 0 0 0 0 0 0 0 0 0 1 0 0 0 0 0 0 0 0 0 0 0 0 0 0 0 0 0 1 4 11 2 2 0 2 20 0 0 0 0 0 0 0 0 0 0 0 0 0 0 0 0 0 0 1 0 0 0 0 0 4 0 0 0 0 
 3 3 4 3 3 3 79 3 5 3 3 5 7 3 4 3 3 3 4 3 37 202 311 169 262 212 206 103 336 0 619 349 62 106 167 423 427 332 115 277 0 0 5 0 0 0 3 66 3 0 211 0 0 0 0 0 2 0 124 61 0 2 8 0 0 0 0 0 0 3 0 0 2 0 53 0 0 0 3 0 2 0 0 0 0 0 0 0 0 0 0 0 0 0 0 0 0 0 0 0 17 16 0 35 8 16 9 0 0 23 24 14 0 14 11 34 0 37 0 17 8 0 0 0 0 0 32 0 0 0 0 0 7 16 8 0 10 0 0 0 1 0 0 0 0 0 0 0 0 0 0 0 0 0 0 0 0 0 0 0 0 0 0 0 0 0 2 0 0 0 0 0 0 0 0 0 0 2 0 0 1 0 13 18 0 19 0 17 8 24 11 15 0 14 11 12 12 0 0 0 0 2 7 0 0 0 13 0 0 0 0 2 11 16 11 2 2 0 0 20 0 0 0 0 0 0 0 0 0 0 0 0 0 0 0 0 0 0 0 0 0 0 0 0 0 0 0 0 0 0 0 0 0 0 5 3 4 150 74 4 4 0 0 0 0 0 0 0 0 0 0 0 0 0 0 0 0 0 0 12 0 13 0 0 0 13 13 0 0 0 
 2 1 9 2 4 2 3 0 2 1 5 6 2 2 1 76 1 4 2 4 39 30 125 139 174 168 112 43 411 619 0 65 46 61 133 124 184 272 459 86 0 0 0 0 0 0 3 64 3 0 3 0 0 0 0 0 2 0 62 0 0 54 0 0 0 0 0 1 0 2 2 0 2 0 0 0 4 0 3 1 0 0 0 0 9 0 0 0 0 0 0 0 0 0 0 0 0 0 0 0 0 35 17 31 0 9 10 0 0 0 12 43 0 0 0 0 0 18 0 25 0 2 0 0 0 0 0 0 0 0 0 0 0 17 28 0 10 0 0 0 0 0 0 0 0 23 0 0 0 0 0 0 0 0 0 0 0 0 0 0 0 0 0 0 0 0 15 0 0 0 0 0 0 0 0 0 0 7 0 0 0 0 0 16 0 11 0 0 0 2 18 22 10 19 15 0 13 8 0 0 0 0 7 0 0 0 13 0 0 0 0 0 23 0 12 0 0 0 2 32 0 0 0 0 0 0 0 0 0 0 0 0 0 0 0 0 0 0 0 0 0 0 0 0 0 0 0 0 0 1 0 0 0 0 8 0 3 77 73 1 3 0 0 0 0 0 0 0 0 0 0 0 0 0 0 0 0 0 0 11 0 0 0 0 0 13 0 0 0 0 
 2 7 2 3 3 3 4 3 3 3 3 11 5 5 3 3 2 4 3 2 219 188 73 98 128 49 120 105 99 349 65 0 34 262 106 294 69 332 35 41 0 0 1 2 0 0 68 0 3 10 3 0 97 59 21 65 2 0 63 54 0 6 0 2 0 0 0 7 3 2 0 0 4 0 0 2 0 0 3 2 0 0 0 0 0 2 0 0 0 0 0 0 0 0 0 0 0 0 0 0 0 1 1 10 14 0 0 12 21 10 18 1 0 0 2 9 0 12 1 0 0 5 1 0 0 0 10 0 0 0 11 0 0 26 11 10 0 11 76 0 6 0 0 0 0 0 0 0 0 0 0 1 1 0 0 0 0 0 0 0 0 0 0 0 0 0 0 0 0 0 0 0 2 0 1 0 0 0 0 4 0 12 1 13 33 28 0 15 15 29 0 0 0 0 0 1 13 23 0 0 22 4 0 0 0 0 24 20 0 1 0 0 8 0 24 3 0 0 0 0 0 0 0 0 0 0 0 0 0 0 0 0 28 0 0 0 1 0 0 0 0 0 0 0 0 0 0 0 0 0 0 0 0 0 11 1 6 80 3 0 21 0 0 0 0 0 0 0 0 0 0 0 0 0 0 0 0 0 0 0 0 0 0 0 0 0 0 0 0 0 
 2 5 19 77 78 4 2 3 77 84 43 78 24 5 3 113 2 110 3 2 62 33 59 60 75 40 87 348 83 62 46 34 0 207 108 42 52 17 274 245 0 0 0 0 2 0 3 0 3 82 3 0 2 1 0 0 2 0 0 1 1 2 0 3 44 5 2 8 1 2 0 3 3 0 1 0 0 0 3 5 0 0 0 0 11 4 0 0 0 15 25 0 0 0 0 0 0 0 0 0 12 9 13 0 0 0 16 15 67 11 9 1 19 1 20 0 14 0 77 1 0 0 0 0 0 0 11 0 0 41 0 0 0 0 0 0 0 0 0 0 0 0 0 0 1 0 0 0 0 0 0 0 0 0 0 0 0 5 0 0 0 2 10 0 0 23 0 0 0 0 0 21 2 0 1 24 0 0 0 0 9 15 0 0 1 0 68 0 26 0 5 0 7 32 9 9 0 13 18 0 0 0 0 0 2 0 0 0 0 0 0 0 0 0 0 0 0 0 0 0 0 0 0 0 0 0 0 0 0 0 0 0 0 0 0 0 1 2 0 0 0 0 0 0 0 0 3 0 117 1 5 0 0 0 12 0 2 0 0 2 0 14 0 0 0 0 4 0 0 0 0 0 0 0 0 0 25 0 0 0 0 0 0 2 0 0 0 0 0 0 
 0 2 0 0 97 84 0 0 2 0 0 0 1 2 2 0 2 0 3 0 162 259 153 81 97 50 327 298 181 106 61 262 207 0 187 43 80 65 196 331 0 0 0 0 0 1 3 0 3 0 3 2 0 0 0 0 2 0 0 0 52 2 0 0 0 0 4 0 0 4 0 0 2 0 0 0 0 0 3 0 0 0 0 0 0 0 0 0 0 0 0 13 0 0 0 0 0 0 0 1 24 16 23 5 1 0 0 12 28 33 7 0 48 32 12 12 24 18 11 25 0 2 0 34 0 0 0 0 0 0 0 0 0 0 0 0 0 0 0 1 0 0 0 0 0 0 0 0 0 0 0 0 0 0 0 0 0 0 0 0 0 0 0 0 0 0 0 0 0 0 0 0 0 0 0 2 0 12 0 0 12 14 27 29 1 0 26 33 11 0 20 11 7 32 0 17 0 34 39 24 7 0 0 0 0 0 4 0 0 0 0 0 0 0 0 0 0 0 0 0 0 0 0 2 0 0 0 0 0 0 0 0 0 0 0 0 0 0 0 0 0 0 0 0 0 0 0 0 1 0 0 0 0 0 4 1 1 0 0 3 23 8 0 0 0 0 18 0 0 0 0 0 0 0 0 0 0 0 0 0 0 0 0 0 0 0 0 0 0 0 
 0 1 0 74 3 15 0 15 0 1 3 0 0 1 5 0 0 2 0 0 113 121 128 466 111 61 91 151 171 167 133 106 108 187 0 392 116 35 159 125 0 54 0 0 0 2 3 0 7 1 3 0 0 0 0 2 2 0 0 0 0 4 2 48 0 1 0 1 2 9 2 0 3 2 0 0 3 55 3 2 0 0 0 0 14 0 0 0 0 0 0 0 0 0 2 0 0 0 5 0 4 46 0 11 0 0 6 27 1 8 0 12 43 19 7 0 0 8 0 16 0 5 0 0 0 0 6 0 0 0 0 0 8 7 1 0 0 0 2 11 0 0 0 0 0 3 1 0 0 0 0 0 0 0 0 0 0 0 0 0 0 0 0 1 0 2 0 0 0 0 2 0 0 0 0 9 0 0 0 0 9 28 0 23 14 10 25 28 0 14 11 13 9 7 0 0 10 11 1 0 0 0 13 0 0 1 0 0 0 0 0 0 24 0 0 0 0 0 18 11 0 0 0 0 0 0 0 0 0 0 1 0 0 0 0 0 0 0 0 0 0 0 0 0 0 0 0 0 0 30 0 0 0 0 11 0 2 24 0 2 3 0 0 0 0 0 0 0 0 0 0 0 0 0 0 0 2 0 0 0 0 0 0 0 0 0 0 0 0 0 
 3 3 3 3 5 3 3 3 10 3 6 3 7 3 3 6 3 3 3 3 111 131 138 264 462 76 189 114 158 423 124 294 42 43 392 0 273 99 121 151 0 0 0 0 0 0 3 7 16 0 3 0 0 0 0 0 2 0 0 0 0 2 0 0 0 0 0 0 0 9 0 2 2 0 0 0 0 1 3 3 0 0 1 0 0 0 0 0 0 0 0 0 0 0 0 0 0 0 0 0 20 29 5 20 15 0 10 14 20 9 12 0 0 14 9 16 2 21 0 33 0 1 0 0 0 0 26 0 0 0 0 0 20 10 0 0 0 0 13 21 0 0 0 0 0 2 0 0 0 0 1 0 0 1 0 0 0 0 0 0 0 0 0 0 0 0 0 0 0 0 0 0 0 0 0 0 0 0 0 14 13 0 0 30 24 8 0 12 22 19 25 13 0 33 26 21 57 16 0 0 9 0 0 0 0 0 1 0 0 0 0 0 0 1 0 0 0 1 0 13 0 0 0 0 0 0 0 0 0 0 0 0 0 0 1 0 0 0 0 0 0 0 1 0 0 0 0 0 0 0 0 0 0 0 2 2 1 1 0 1 40 0 0 0 0 0 0 0 0 0 0 0 0 0 0 0 0 0 0 13 0 8 0 0 0 15 0 0 0 2 
 3 4 4 3 77 79 6 3 5 3 3 8 3 4 6 3 3 3 3 3 130 106 323 315 108 515 89 234 103 427 184 69 52 80 116 273 0 93 112 187 0 1 0 0 0 0 144 0 3 0 3 0 0 2 1 3 2 0 0 63 0 2 2 0 0 0 3 0 0 6 1 3 2 2 0 0 0 7 3 0 0 0 0 0 0 0 0 0 0 0 14 0 0 0 0 0 0 0 0 0 1 22 14 2 22 0 0 0 40 7 26 8 0 0 1 0 56 0 22 0 0 52 0 0 0 0 0 0 0 0 0 2 0 16 17 0 0 0 13 11 0 0 0 0 0 5 0 0 0 0 0 0 0 0 0 2 0 0 0 0 0 7 0 8 0 0 0 0 0 0 0 0 0 0 0 0 0 0 0 0 1 0 0 7 1 0 18 12 21 40 39 0 0 20 1 4 0 29 0 23 0 0 0 1 0 0 31 0 0 0 0 0 10 0 0 0 0 0 43 11 0 0 0 0 0 0 0 0 0 0 0 0 0 0 0 0 0 0 0 0 0 0 0 0 0 0 0 0 0 0 0 0 0 0 9 0 0 77 0 0 3 0 0 0 0 0 4 0 0 0 0 0 0 0 0 0 0 0 0 0 0 0 0 0 0 0 0 0 0 0 
 0 0 7 1 0 0 0 5 0 0 0 4 2 0 0 0 0 0 0 0 174 41 294 95 44 87 156 37 44 332 272 332 17 65 35 99 93 0 26 41 0 0 0 4 0 0 3 0 9 0 9 0 0 6 6 0 2 0 1 10 6 2 9 0 6 6 0 0 0 3 1 3 2 0 0 0 0 0 3 0 0 0 0 0 1 0 0 0 0 0 3 0 0 0 16 0 0 0 0 6 7 29 57 17 10 15 28 17 23 30 45 0 0 2 0 43 0 31 0 33 0 0 0 0 0 0 0 0 14 0 0 0 0 1 0 0 0 0 10 0 0 2 0 0 0 0 0 0 0 0 0 0 0 13 0 0 0 2 0 2 0 0 0 0 2 0 0 0 0 0 12 0 0 2 0 0 0 2 0 0 18 0 33 74 0 0 0 22 0 16 0 43 10 26 28 40 28 13 0 2 26 0 0 0 0 0 2 0 0 2 0 0 0 28 0 0 0 0 1 10 0 0 1 0 0 0 0 1 0 0 0 0 0 0 0 0 0 0 0 0 0 0 0 0 0 0 0 0 0 0 0 0 0 0 8 0 0 4 6 0 34 2 0 0 0 0 0 0 0 0 0 0 0 0 0 0 0 0 0 11 0 0 0 0 0 13 12 0 0 0 
 0 0 133 149 35 118 2 0 74 11 86 75 3 0 5 87 1 2 2 0 57 263 36 293 83 40 77 398 92 115 459 35 274 196 159 121 112 26 0 192 106 106 0 0 0 199 3 0 3 1 3 1 0 1 0 0 2 1 0 1 0 2 0 0 0 0 0 0 0 10 5 0 2 0 0 0 0 0 45 0 2 0 0 19 13 25 0 1 16 24 16 0 0 0 0 0 20 0 0 0 23 1 0 0 0 0 0 0 27 13 6 0 23 10 0 0 16 0 36 27 0 0 0 0 0 0 0 0 0 16 0 0 0 2 0 0 0 0 0 0 2 0 0 4 0 0 0 0 0 0 0 0 0 0 0 0 0 1 0 0 12 3 11 0 12 0 2 0 0 0 0 36 0 0 0 20 26 0 0 0 10 15 18 0 30 0 29 1 0 0 10 10 19 44 10 0 10 21 26 20 0 2 0 0 0 0 0 7 0 0 0 2 0 0 1 1 2 0 0 0 0 0 0 0 0 0 0 0 0 0 0 0 0 0 0 0 0 0 0 0 0 0 0 0 0 0 0 0 0 1 0 0 0 0 2 0 1 0 0 0 2 1 0 0 0 0 10 0 0 0 0 0 0 0 0 0 7 0 0 0 0 0 0 0 0 0 0 0 0 0 
 2 0 2 2 88 72 3 0 0 0 0 2 0 0 0 0 0 5 3 0 123 298 406 283 106 61 169 209 61 277 86 41 245 331 125 151 187 41 192 0 0 0 0 0 0 2 3 0 3 0 3 0 0 0 0 0 2 2 0 0 0 2 2 0 0 3 0 0 0 3 0 2 2 0 0 0 0 0 3 0 0 0 0 0 13 8 0 1 0 0 0 0 0 0 0 0 0 0 0 0 9 15 20 3 0 0 18 25 1 27 14 0 17 33 9 1 11 1 12 27 0 0 0 0 0 0 8 0 0 0 0 0 11 0 0 0 0 0 0 0 0 0 0 0 0 0 0 0 0 0 0 0 0 0 1 0 1 0 0 0 0 4 0 5 0 5 0 0 0 0 0 0 0 0 0 0 0 16 0 0 21 13 0 33 0 7 31 30 24 19 36 31 54 28 52 9 34 20 12 0 2 0 0 0 0 0 17 0 0 0 2 0 0 0 0 0 0 0 0 0 0 0 0 0 0 0 0 0 0 0 0 0 0 0 0 0 0 0 0 0 0 0 0 0 0 0 0 0 0 0 0 0 0 0 4 2 0 3 0 0 1 0 0 0 0 64 9 0 0 0 0 0 0 0 0 0 0 0 0 11 0 25 0 0 0 23 0 0 0 0 
 0 0 8 0 0 0 0 0 0 0 0 0 0 0 0 0 0 0 0 0 0 0 0 0 0 0 0 0 26 0 0 0 0 0 0 0 0 0 106 0 0 48 148 31 35 40 75 59 152 49 406 36 59 35 180 43 28 96 37 237 0 0 3 1 3 2 6 0 0 0 6 6 0 7 0 1 4 3 0 0 0 0 0 0 0 0 0 0 0 0 0 0 0 0 0 0 4 0 0 0 0 0 0 0 0 0 0 0 0 0 0 0 0 0 7 0 0 0 0 0 12 26 21 0 0 0 0 20 20 0 0 10 0 0 0 25 10 10 0 1 0 3 0 0 0 0 0 1 0 0 0 2 21 3 0 0 0 0 10 16 0 0 0 0 0 0 0 0 0 0 0 0 0 0 0 0 0 1 0 9 0 0 0 0 0 0 0 0 0 0 0 0 0 0 0 0 0 0 0 0 15 13 39 6 33 16 0 0 32 36 19 0 13 9 0 6 24 12 0 0 0 0 0 0 0 0 0 0 0 0 0 0 7 10 0 0 0 0 21 0 0 0 10 0 0 0 0 0 0 0 0 0 0 1 0 0 0 0 0 2 0 0 37 1 66 0 0 0 0 0 0 0 0 0 0 0 0 0 0 0 0 0 0 0 11 16 0 0 0 6 
 0 2 6 0 0 0 2 0 0 1 0 0 2 0 0 0 0 2 0 0 0 0 0 0 0 0 0 62 1 0 0 0 0 0 54 0 1 0 106 0 48 0 167 73 95 68 369 116 146 62 43 63 137 107 139 464 113 43 107 54 2 1 0 3 0 4 3 5 9 0 0 0 64 4 5 0 0 0 2 5 0 0 0 0 0 0 0 0 0 0 0 0 0 0 0 0 0 0 0 0 0 0 0 0 0 28 0 0 0 0 0 0 0 0 0 0 0 0 0 0 40 2 13 7 11 19 0 13 30 25 8 22 0 0 0 30 3 14 0 13 0 0 1 0 0 0 1 7 0 15 0 0 22 1 0 0 4 0 6 7 0 0 0 0 0 0 0 0 0 0 0 0 6 0 0 0 0 0 0 0 0 0 0 0 0 0 0 0 0 0 0 0 0 19 0 0 0 0 0 0 14 16 17 21 1 25 0 13 12 20 19 6 0 1 22 23 22 0 0 0 0 0 0 0 0 0 21 0 0 0 0 0 1 0 24 4 0 0 39 4 0 0 0 0 0 0 0 0 0 0 0 2 0 0 0 0 0 0 0 0 0 0 0 37 0 5 0 0 0 0 0 0 2 0 0 0 0 0 0 0 0 0 6 0 11 12 0 0 0 0 
 3 3 3 3 3 3 3 3 3 3 37 3 3 57 3 3 3 47 3 3 2 0 0 17 0 7 0 0 0 5 0 1 0 0 0 0 0 0 0 0 148 167 0 184 113 167 106 336 149 171 57 373 96 88 66 129 68 120 44 62 2 0 0 5 0 0 9 0 1 0 0 0 1 56 3 0 0 9 47 1 0 0 21 0 0 0 0 0 0 0 0 0 9 0 0 0 0 0 0 0 0 0 0 0 14 24 0 0 0 0 0 11 0 0 0 0 0 0 0 0 20 2 13 0 11 10 0 14 12 29 10 16 0 0 4 24 15 59 0 1 0 5 0 0 0 0 20 8 0 0 0 13 7 37 1 0 2 0 29 0 0 0 1 0 0 0 0 0 7 0 19 0 2 0 0 0 0 0 1 0 0 0 0 0 2 8 0 0 0 0 0 0 0 0 0 0 0 0 0 26 8 23 25 10 3 4 0 0 0 9 0 8 10 10 10 7 24 20 0 0 0 0 0 0 0 0 14 9 0 0 0 0 20 37 0 0 0 0 0 45 0 0 21 0 0 0 0 0 0 0 0 2 0 1 0 0 0 0 6 13 0 0 1 0 1 0 0 0 0 0 0 0 0 0 0 0 0 0 0 0 0 0 0 0 12 13 0 14 0 0 
 0 0 6 0 0 0 0 0 2 0 0 0 0 0 0 0 0 0 0 0 0 0 0 44 0 7 0 0 3 0 0 2 0 0 0 0 0 4 0 0 31 73 184 0 121 108 86 66 166 126 130 61 60 104 279 262 60 321 114 82 98 60 0 0 0 0 61 0 0 0 10 0 0 49 27 0 7 0 0 29 0 0 0 0 0 0 0 0 0 0 0 0 0 7 0 0 0 0 0 0 0 0 0 0 54 11 0 0 0 0 0 12 0 0 0 0 0 0 7 0 6 0 0 15 9 68 0 6 0 37 0 33 0 0 4 8 14 17 0 0 14 12 0 0 0 0 2 33 0 0 0 0 0 9 22 19 0 0 3 0 0 0 0 0 0 0 0 0 0 0 0 0 0 0 0 11 0 0 0 0 0 0 0 0 2 10 0 0 0 0 0 0 0 0 0 0 0 0 0 0 0 0 2 0 11 9 0 0 0 0 0 19 11 0 11 15 16 0 0 0 11 13 21 0 0 0 13 37 7 21 0 0 0 25 14 13 11 1 0 0 0 0 0 0 0 0 0 0 0 0 0 7 0 2 0 0 0 0 8 1 0 0 0 0 1 1 2 38 0 0 0 0 0 0 0 0 0 0 0 0 0 0 0 0 2 0 0 13 0 0 
 0 66 0 0 0 0 0 0 3 0 0 0 0 0 0 3 0 0 0 59 0 0 0 0 0 0 0 0 0 0 0 0 2 0 0 0 0 0 0 0 35 95 113 121 0 97 29 60 137 198 178 108 59 156 115 84 252 416 93 62 0 0 0 0 0 0 0 3 0 0 0 51 68 7 3 0 0 0 3 8 0 0 0 0 0 0 0 0 0 0 0 0 0 0 0 0 0 0 0 0 0 0 0 0 0 0 0 0 0 0 0 0 0 4 0 0 0 0 0 0 0 11 0 1 26 49 0 48 6 0 0 7 0 0 0 0 23 17 0 0 0 17 7 0 0 0 4 9 4 0 0 0 21 5 22 0 4 0 58 7 0 0 0 0 0 0 0 0 0 0 0 0 1 0 0 0 0 0 0 0 0 0 0 16 0 0 23 0 0 0 0 0 0 0 0 0 0 0 0 0 0 0 0 30 48 13 0 14 65 11 6 1 0 0 0 22 3 10 0 0 31 0 0 12 0 0 2 7 0 0 0 0 8 6 11 22 0 0 32 42 0 0 0 0 0 0 0 0 0 0 0 9 0 0 0 0 0 0 0 0 0 28 1 67 65 22 0 8 0 0 11 0 0 0 0 0 0 0 0 0 0 4 5 0 0 0 0 6 0 0 
 10 85 3 3 3 3 6 10 3 7 14 4 3 3 3 6 9 3 5 3 2 0 0 0 0 0 0 0 0 0 0 0 0 1 2 0 0 0 199 2 40 68 167 108 97 0 98 80 46 45 120 73 27 275 343 321 358 72 292 269 105 54 0 0 0 0 5 0 0 0 0 0 0 2 1 0 4 5 57 1 0 2 6 5 0 0 0 0 0 2 2 0 0 7 0 0 3 10 0 3 0 0 0 0 0 0 0 0 0 0 0 0 0 0 0 0 0 0 0 0 0 0 0 0 16 15 0 0 0 0 44 18 0 0 0 0 28 38 0 0 28 13 0 0 0 0 63 11 0 0 0 3 13 28 6 28 0 0 28 0 8 1 1 0 0 0 7 7 5 0 0 0 0 1 0 0 0 5 0 7 1 0 0 0 0 0 0 0 0 0 0 0 0 0 0 0 0 0 0 0 0 11 13 4 34 24 0 0 18 0 20 0 0 0 0 0 1 54 0 0 1 11 0 12 0 0 14 0 0 0 0 0 50 0 10 0 0 2 27 4 0 3 0 0 0 0 0 0 0 0 0 3 0 0 0 0 0 0 0 0 0 0 1 0 4 0 1 0 2 0 4 0 0 0 0 0 0 0 0 0 0 0 0 0 0 0 0 1 0 0 
 0 0 0 0 0 0 6 0 0 0 0 9 0 0 0 0 0 0 3 0 6 3 3 3 4 3 3 3 3 3 3 68 3 3 3 3 144 3 3 3 75 369 106 86 29 98 0 327 64 101 51 31 205 484 256 47 15 48 102 137 0 2 0 0 0 0 0 0 0 3 2 4 3 0 0 0 0 6 0 0 0 0 0 0 0 0 0 0 0 0 0 0 0 0 0 0 0 0 0 0 0 0 0 0 2 18 0 0 0 0 0 0 0 0 0 13 0 0 0 20 29 19 24 0 0 0 23 15 81 0 0 13 28 15 7 27 0 0 23 8 0 15 0 0 43 5 0 7 0 0 0 12 0 0 0 0 10 0 0 1 0 0 0 0 0 0 0 0 5 0 0 0 0 0 0 0 0 3 0 0 6 0 0 0 0 24 0 0 0 0 0 0 0 0 0 0 0 1 0 0 0 15 20 0 0 0 23 46 16 12 14 0 15 30 10 40 2 0 26 0 0 0 0 1 0 22 0 0 0 0 0 25 0 0 0 0 0 4 0 0 0 0 0 0 0 0 0 0 0 0 0 0 0 0 0 0 0 63 0 0 0 0 1 0 0 2 0 0 0 0 0 0 0 0 0 5 0 0 0 0 0 0 0 0 6 0 0 0 0 0 
 0 0 0 0 0 0 0 61 0 0 0 2 3 0 0 0 0 0 0 0 0 0 0 28 20 64 0 0 0 66 64 0 0 0 0 7 0 0 0 0 59 116 336 66 60 80 327 0 167 24 46 53 171 93 91 129 108 240 155 63 0 0 0 0 0 57 0 0 0 0 0 0 4 0 0 0 0 0 0 0 0 0 1 0 0 0 7 7 0 0 0 0 9 7 11 0 0 0 0 0 0 0 0 0 0 7 0 0 0 0 0 10 0 0 4 13 9 7 0 0 17 0 7 0 10 14 11 0 0 0 0 10 5 0 7 17 32 0 0 20 0 0 0 0 0 6 0 0 0 0 6 0 0 0 0 0 0 0 0 0 10 0 0 0 0 0 0 0 0 0 0 0 0 0 0 0 0 5 0 1 0 0 0 0 0 19 0 1 6 0 5 0 0 0 0 2 7 0 0 0 14 0 11 0 7 25 0 0 31 0 21 1 0 35 0 0 9 12 17 25 0 0 0 0 0 0 0 0 0 0 0 0 9 0 0 0 0 0 21 13 0 0 10 0 0 0 0 0 0 0 0 5 0 1 0 0 0 0 30 0 0 0 1 0 0 0 1 0 1 2 19 0 0 0 0 0 0 0 0 0 0 12 0 0 0 0 0 0 1 14 
 0 0 6 0 0 0 0 0 0 6 0 0 0 0 0 4 3 0 0 0 4 3 3 8 5 70 3 3 3 3 3 3 3 3 7 16 3 9 3 3 152 146 149 166 137 46 64 167 0 305 236 348 70 118 310 97 108 102 155 75 0 0 0 0 0 0 5 0 0 0 0 0 51 0 0 0 7 0 0 50 0 0 0 0 0 0 0 0 0 0 0 0 0 0 0 0 0 0 0 0 0 0 0 0 0 0 0 0 0 0 0 0 0 0 2 11 10 7 0 0 20 13 0 0 9 15 4 0 1 34 0 14 6 0 0 0 43 0 0 13 0 0 0 44 0 0 1 0 0 0 0 0 13 0 0 0 0 0 18 8 0 0 0 0 0 0 3 0 0 0 0 0 0 0 0 0 0 0 0 0 0 0 0 0 0 0 0 0 9 0 4 0 0 0 0 4 8 0 0 0 17 34 11 10 4 11 0 0 0 0 0 14 0 17 0 17 22 11 0 14 0 0 0 0 15 0 0 10 0 0 0 0 1 37 0 0 0 0 12 0 0 0 19 0 0 0 0 0 0 0 0 4 0 1 0 0 0 0 0 0 54 0 13 2 0 0 2 0 0 0 0 0 0 0 0 0 0 0 0 0 0 10 0 0 0 7 0 0 0 0 
 0 0 1 1 0 116 0 0 35 0 1 3 2 63 66 1 64 63 3 58 0 0 0 0 0 0 0 0 0 0 0 10 82 0 1 0 0 0 1 0 49 62 171 126 198 45 101 24 305 0 180 32 106 94 96 155 72 94 94 179 1 0 0 0 0 0 0 0 0 0 0 0 1 1 8 0 3 0 0 0 0 0 43 19 14 0 1 7 9 0 0 1 0 0 0 6 23 0 0 0 0 0 0 0 0 22 4 0 0 0 0 0 0 0 0 0 0 0 0 0 0 27 63 0 9 0 0 17 7 0 24 12 0 0 0 11 0 23 0 0 4 4 0 0 0 0 0 15 4 5 0 1 0 0 0 0 5 1 7 0 0 0 0 0 0 0 0 0 0 0 0 0 0 0 0 0 0 0 0 0 0 0 0 11 0 0 0 0 0 0 0 0 0 0 0 0 0 0 0 0 10 19 12 12 31 35 0 13 13 12 7 0 0 1 0 0 10 23 0 0 0 3 0 0 4 0 0 0 0 0 4 0 18 1 16 3 0 7 29 0 0 0 0 0 0 0 0 0 0 0 0 16 0 0 0 0 0 0 0 9 0 0 3 0 65 0 8 63 3 0 0 0 0 0 0 0 35 0 0 0 0 0 0 0 0 15 0 0 0 0 
 2 2 2 2 2 2 2 2 4 2 3 5 2 2 2 5 2 2 2 5 3 3 3 3 3 3 3 3 3 211 3 3 3 3 3 3 3 9 3 3 406 43 57 130 178 120 51 46 236 180 0 180 34 42 57 127 232 401 44 273 2 2 0 2 0 0 0 1 3 0 0 0 3 0 0 0 37 0 0 53 0 0 0 0 0 0 0 0 0 0 0 0 1 0 0 0 0 0 0 0 0 0 0 0 0 0 0 0 0 0 0 0 0 0 0 0 0 0 0 0 0 20 15 1 13 22 0 17 13 17 0 26 0 0 0 0 18 14 0 0 6 5 0 0 0 0 0 0 0 4 0 0 10 0 0 0 0 0 12 13 0 0 0 0 0 0 0 0 0 0 0 0 0 0 0 0 0 0 0 0 0 0 0 0 0 0 0 0 0 0 0 0 0 0 0 0 0 0 0 0 10 9 0 0 14 12 0 0 10 18 36 25 10 0 1 0 12 36 0 0 0 6 0 0 4 0 0 9 0 0 4 0 31 0 0 0 0 0 0 0 0 0 10 0 0 0 0 0 0 0 0 3 0 0 0 0 0 0 0 1 0 27 0 0 9 4 5 22 0 0 0 0 0 0 0 0 0 0 0 0 0 0 0 0 0 11 0 0 0 0 
 0 0 0 0 0 4 0 0 0 1 2 0 63 0 26 3 0 0 0 0 0 18 2 0 0 0 0 1 5 0 0 0 0 2 0 0 0 0 1 0 36 63 373 61 108 73 31 53 348 32 180 0 44 37 139 104 95 150 315 35 51 4 0 4 0 0 5 2 0 0 0 0 0 0 0 0 4 0 50 5 0 0 0 0 0 0 0 0 0 0 0 0 0 0 0 0 0 0 0 0 3 0 16 4 0 0 0 0 12 0 0 0 0 17 0 0 0 0 4 3 33 15 7 0 0 0 0 10 10 0 9 10 0 0 0 41 20 11 4 0 0 4 0 0 0 0 0 1 0 0 0 2 0 0 0 7 6 0 12 0 0 0 0 0 0 0 0 0 3 0 0 0 0 0 0 0 0 0 0 0 0 3 8 6 0 0 0 0 0 0 0 8 0 0 9 0 0 24 3 5 16 9 36 6 3 28 0 0 11 6 3 2 0 9 0 9 27 1 0 0 0 0 0 0 0 0 0 1 0 0 0 0 15 1 0 0 0 0 22 1 0 0 3 0 0 0 0 0 0 0 0 2 0 0 0 0 0 0 0 1 0 16 34 0 0 1 2 0 0 2 0 0 0 0 0 0 0 0 0 0 0 2 0 13 7 14 0 0 0 0 
 0 0 4 0 0 0 0 0 0 0 0 0 0 0 0 0 0 0 0 0 0 0 0 63 62 1 0 0 2 0 0 97 2 0 0 0 0 0 0 0 59 137 96 60 59 27 205 171 70 106 34 44 0 157 28 233 237 18 383 163 0 0 0 0 0 0 0 0 0 0 0 0 0 0 0 0 20 0 0 0 0 0 0 0 0 0 0 0 0 0 0 0 0 0 0 0 0 0 0 0 0 0 0 0 23 32 0 0 0 0 0 13 0 0 10 0 0 0 0 0 41 10 15 3 4 7 31 13 46 13 19 7 10 13 29 23 9 0 4 35 0 5 0 0 0 0 0 6 0 0 0 7 9 0 0 0 3 0 1 5 0 0 0 0 0 0 0 0 0 0 0 0 0 0 0 0 0 1 0 0 0 0 0 0 7 42 0 2 0 0 0 0 0 0 0 0 0 0 0 0 0 27 27 17 0 0 0 37 13 26 0 52 1 30 0 34 0 6 17 1 0 0 0 0 0 0 0 0 0 0 0 0 0 0 0 0 0 0 4 0 0 0 0 0 0 0 0 0 0 0 0 2 0 2 0 0 0 95 62 0 0 0 1 0 2 2 0 0 0 0 0 0 0 0 0 0 0 0 0 0 0 0 1 0 17 0 0 0 1 0 
 0 3 35 2 1 60 49 0 2 66 0 3 2 3 1 72 1 7 5 66 0 0 0 0 63 0 0 0 0 0 0 59 1 0 0 0 2 6 1 0 35 107 88 104 156 275 484 93 118 94 42 37 157 0 621 241 303 45 104 173 0 0 0 0 0 0 0 4 0 0 2 0 52 0 0 0 0 0 0 0 10 10 3 0 24 19 0 0 1 0 8 6 0 0 0 19 0 0 0 0 0 0 0 0 1 19 0 0 0 0 0 4 0 0 0 0 0 0 0 13 0 0 0 8 11 10 14 0 0 25 0 0 4 21 16 9 0 0 18 12 0 0 0 15 0 0 0 0 0 0 0 0 0 0 0 0 0 0 0 1 0 0 0 0 1 6 0 12 18 6 18 0 4 8 0 21 0 0 0 0 0 0 0 0 0 30 0 0 0 0 0 0 31 0 0 0 0 0 0 0 0 0 0 18 0 0 18 37 0 0 0 23 0 0 3 14 9 0 0 1 0 0 0 0 0 0 11 0 0 0 37 0 0 1 10 0 0 0 14 0 0 0 0 0 0 0 1 0 31 0 0 3 0 0 0 0 0 0 0 0 0 0 0 3 0 16 4 0 2 0 0 0 0 0 0 0 0 19 0 0 0 0 0 0 0 0 0 0 0 0 
 2 2 2 2 2 2 4 2 2 2 2 2 2 2 2 2 2 2 2 2 0 0 0 0 62 1 0 0 0 0 0 21 0 0 0 0 1 6 0 0 180 139 66 279 115 343 256 91 310 96 57 139 28 621 0 699 324 129 217 221 0 9 10 0 0 0 5 0 0 0 0 0 14 0 3 0 0 7 0 3 0 0 0 0 0 0 0 0 0 0 0 0 0 0 0 0 0 0 0 0 0 0 0 0 0 0 0 0 0 0 0 1 0 0 0 0 0 0 0 0 15 7 9 0 1 0 0 0 3 0 16 37 0 0 0 17 6 29 13 0 0 0 0 0 2 0 20 0 0 0 0 8 27 21 0 0 1 0 8 6 0 0 0 0 20 0 0 0 0 0 0 0 0 0 0 0 0 0 0 6 0 0 0 0 19 0 0 0 0 0 0 0 0 0 0 0 14 1 0 0 26 7 38 27 17 20 14 18 0 0 2 0 0 0 14 28 26 2 4 0 0 0 0 0 0 0 4 0 0 0 0 0 2 0 0 0 0 0 21 0 0 0 9 0 0 0 0 0 0 27 0 6 0 2 0 0 0 0 0 1 0 0 0 64 1 12 2 0 2 0 0 0 0 0 0 0 0 0 0 0 0 0 0 0 17 17 0 0 1 0 
 0 6 1 1 2 2 0 2 2 3 2 0 3 5 2 1 0 0 3 1 0 0 3 0 0 62 0 0 1 0 0 65 0 0 2 0 3 0 0 0 43 464 129 262 84 321 47 129 97 155 127 104 233 241 699 0 77 86 134 163 11 14 12 3 2 2 0 3 8 0 0 1 1 1 3 3 0 0 50 0 0 0 0 0 0 0 0 0 0 0 0 0 0 0 0 0 0 0 0 0 0 0 0 0 0 20 0 0 0 0 0 0 0 0 0 12 0 0 0 0 25 10 24 6 9 12 0 9 1 14 29 1 0 8 0 0 19 24 36 16 0 0 0 0 0 0 0 21 0 0 0 0 13 0 0 0 5 0 9 0 0 0 0 0 0 0 0 0 6 0 0 0 4 0 0 0 0 0 0 0 1 0 0 0 18 0 0 0 0 0 0 19 0 0 0 0 0 0 0 0 5 45 3 13 6 0 14 14 18 1 2 12 0 12 25 9 0 4 10 19 0 0 0 0 0 0 25 11 0 0 3 0 9 8 12 0 0 0 0 5 0 0 0 0 0 0 0 0 1 0 0 2 0 1 0 0 1 0 0 11 0 0 0 3 0 2 2 1 2 0 0 0 0 0 0 0 0 0 0 0 0 0 0 0 4 0 0 0 0 0 
 0 0 0 0 0 0 0 3 2 0 0 0 0 0 0 3 0 0 0 2 2 2 2 2 2 2 2 2 2 2 2 2 2 2 2 2 2 2 2 2 28 113 68 60 252 358 15 108 108 72 232 95 237 303 324 77 0 407 43 50 5 0 2 2 1 0 3 3 15 0 3 2 144 51 1 3 2 0 0 7 0 0 0 0 0 0 0 0 0 0 0 0 0 0 0 0 0 0 0 0 0 0 0 0 0 0 0 0 0 0 0 0 0 0 0 0 0 0 0 0 10 10 9 7 35 41 0 11 14 70 0 0 0 0 0 0 19 0 0 3 1 0 0 0 0 0 1 5 0 0 1 0 10 0 9 1 0 1 0 12 0 0 0 8 20 0 0 0 0 0 0 0 7 21 0 0 0 0 0 0 0 0 0 0 0 0 0 0 0 0 0 0 0 0 0 0 0 0 0 0 0 0 0 16 20 13 0 0 13 4 26 8 0 0 13 23 19 22 0 0 0 0 1 1 0 0 37 0 0 12 0 0 14 19 24 0 3 1 15 21 0 0 0 0 0 0 0 0 0 0 0 0 0 0 0 0 0 0 0 10 1 0 1 36 1 8 2 0 1 0 8 2 0 7 0 0 0 0 0 0 0 0 0 0 0 15 0 15 0 0 
 3 5 7 3 3 3 8 4 3 6 3 3 10 4 3 6 3 3 7 3 1 0 0 0 0 0 0 0 2 0 0 0 0 0 0 0 0 0 1 2 96 43 120 321 416 72 48 240 102 94 401 150 18 45 129 86 407 0 40 60 51 0 0 0 0 0 1 0 0 0 0 0 53 20 8 0 2 2 0 51 4 0 0 0 0 0 11 0 0 0 0 0 1 0 0 4 0 0 0 1 0 0 0 0 0 0 0 0 0 0 0 0 0 16 0 0 0 0 0 0 0 1 0 0 31 11 0 1 1 12 15 13 0 0 0 0 11 1 0 0 17 2 11 0 0 0 7 30 0 0 0 1 20 17 34 0 0 0 1 3 0 2 5 0 0 10 0 0 0 0 0 0 17 5 0 0 0 0 0 0 0 0 0 0 0 0 0 0 0 0 0 0 0 0 0 0 6 7 0 0 0 9 0 24 51 88 0 0 1 1 0 9 0 0 0 1 10 24 0 0 0 15 0 0 0 0 12 11 0 0 0 8 6 20 17 2 0 0 26 24 0 0 0 0 0 0 0 0 0 0 0 2 0 1 0 0 0 0 0 2 0 2 0 0 1 5 0 66 0 4 1 0 0 0 0 0 0 0 0 0 0 0 0 0 0 0 0 13 0 0 
 2 2 2 2 2 2 2 2 2 2 3 2 69 2 2 2 2 2 2 2 0 0 0 0 91 131 0 0 1 124 62 63 0 0 0 0 0 1 0 0 37 107 44 114 93 292 102 155 155 94 44 315 383 104 217 134 43 40 0 174 0 0 9 0 0 0 0 4 0 0 0 1 0 0 0 0 0 0 0 0 0 0 0 0 0 0 0 0 0 0 0 0 0 0 0 0 0 0 0 0 0 0 0 0 7 23 0 1 0 0 7 10 0 0 0 0 0 11 0 0 18 4 0 0 0 0 29 0 0 0 8 3 0 29 40 13 10 11 15 0 0 8 0 1 0 0 0 0 7 5 0 0 0 0 0 0 10 0 0 0 0 0 0 0 0 0 0 0 0 0 0 0 0 0 0 0 0 0 0 3 0 0 1 0 26 15 0 0 0 0 0 0 0 0 0 0 22 0 0 0 7 4 2 0 0 0 27 12 0 0 0 0 0 17 22 0 0 0 3 39 0 4 0 0 0 0 5 0 0 0 0 0 2 0 0 0 0 0 0 0 0 0 0 0 0 0 0 0 0 0 0 2 0 0 0 0 0 25 2 0 0 0 0 0 0 0 1 0 0 0 0 0 0 0 0 0 0 0 0 0 0 0 0 0 0 0 0 0 2 0 
 0 62 1 0 0 0 2 0 82 0 2 83 0 19 63 1 64 25 2 1 2 0 2 0 64 0 0 1 2 61 0 54 1 0 0 0 63 10 1 0 237 54 62 82 62 269 137 63 75 179 273 35 163 173 221 163 50 60 174 0 0 0 6 0 62 2 0 0 0 0 0 0 0 4 0 0 0 1 0 0 0 0 10 0 8 0 0 14 0 0 0 0 0 0 0 0 10 0 0 6 0 0 0 0 8 10 10 0 0 0 0 0 0 0 0 0 0 1 0 0 0 15 2 4 6 1 8 0 0 0 7 0 9 24 0 8 0 10 17 0 0 0 0 0 0 0 0 0 0 0 0 0 1 0 0 0 0 0 0 23 0 0 0 0 0 0 0 0 0 0 0 0 0 0 0 0 0 0 0 0 0 0 0 0 4 10 0 0 0 1 0 0 0 0 10 0 0 1 0 0 16 0 0 0 0 0 30 16 4 7 0 2 1 0 18 0 0 7 9 0 0 14 0 0 0 0 0 0 0 0 0 0 0 0 0 0 0 0 12 0 0 0 0 0 0 0 0 0 0 0 0 2 0 1 0 0 0 62 0 3 0 0 0 0 0 5 0 0 0 0 0 0 0 0 0 0 1 0 0 0 0 0 2 0 0 0 1 0 2 0 
 0 0 0 0 0 0 3 0 0 0 0 3 0 0 23 0 0 0 1 0 4 0 0 0 0 0 0 0 15 0 0 0 1 52 0 0 0 6 0 0 0 2 2 98 0 105 0 0 0 1 2 51 0 0 0 11 5 51 0 0 0 216 59 65 29 241 194 141 169 42 57 36 108 109 103 30 243 30 92 154 0 0 0 0 0 0 0 0 0 0 0 0 0 0 8 0 0 0 0 0 0 0 0 0 0 0 0 0 0 0 0 0 19 0 1 0 0 0 0 0 0 0 0 12 1 0 0 0 0 0 1 19 0 0 0 0 0 1 0 0 12 1 0 25 0 0 9 3 0 0 0 19 0 10 28 30 0 0 13 0 0 0 2 0 2 0 0 0 1 0 0 0 0 0 9 0 0 0 1 0 0 1 0 0 0 0 0 0 0 0 0 0 0 0 0 0 0 0 0 0 15 0 0 0 0 8 0 0 10 0 0 19 0 0 0 0 0 0 0 0 0 9 19 1 0 0 21 27 16 33 0 14 1 24 21 0 5 0 0 0 0 0 0 0 0 0 0 0 0 0 0 0 0 0 26 0 0 0 0 0 0 0 0 0 0 0 0 0 0 0 3 0 0 0 0 0 0 0 0 0 0 0 0 0 0 0 0 25 0 7 
