 0 328 77 63 98 53 157 123 32 66 385 202 139 151 47 139 92 37 62 125 6 2 0 5 0 3 0 0 2 2 2 0 3 3 48 2 0 1 2 0 0 0 2 0 2 0 0 2 3 0 0 0 0 0 0 2 0 1 0 7 0 0 0 0 0 2 0 5 0 0 4 0 0 0 63 0 1 0 0 0 86 13 33 0 0 14 28 3 16 9 68 15 1 10 20 11 0 25 9 45 0 0 0 1 0 2 0 1 0 0 0 0 15 0 0 0 0 0 0 27 0 2 0 0 0 0 0 0 0 0 0 1 0 0 0 0 0 2 0 0 0 0 0 0 0 0 0 0 0 0 13 0 0 0 3 0 0 0 0 0 30 18 28 0 0 15 0 15 9 18 16 0 0 28 43 23 62 16 35 32 0 2 0 0 0 0 0 0 0 0 0 5 0 0 0 0 0 0 0 0 0 0 0 0 0 0 0 0 0 0 0 0 0 0 0 0 0 2 0 0 0 0 0 0 0 0 0 0 0 0 2 0 0 0 0 2 0 0 0 0 0 0 0 0 0 1 1 0 0 101 0 4 50 0 0 0 0 0 0 0 0 0 0 0 0 0 0 0 0 0 0 0 0 0 0 0 0 31 0 0 0 0 0 0 0 0 0 0 0 0 
 328 0 339 54 109 91 175 352 268 131 488 142 129 157 30 352 172 176 122 325 2 0 1 0 0 0 0 0 2 0 0 0 0 1 1 0 0 0 73 74 0 0 0 7 0 0 0 0 54 0 0 0 0 0 0 0 1 0 1 1 0 3 0 0 0 0 0 0 0 1 0 0 0 0 0 0 0 0 0 0 0 16 0 12 3 11 10 23 18 12 0 0 19 14 21 25 19 35 0 6 0 15 0 0 0 0 0 0 0 0 0 0 48 0 20 0 0 0 1 1 0 0 0 0 0 0 0 0 0 0 0 0 2 1 1 0 0 0 0 0 0 6 0 0 0 0 1 12 0 0 0 0 0 0 0 0 0 0 0 0 10 2 8 13 13 0 0 0 37 22 18 18 0 0 0 43 0 42 34 0 0 1 0 0 0 0 8 9 0 0 0 0 2 0 0 0 0 0 25 13 0 0 0 0 0 0 0 0 0 0 0 0 0 0 0 0 0 0 0 0 0 0 1 0 0 0 0 0 0 0 0 0 0 0 0 0 0 0 0 0 0 0 0 0 0 4 0 0 92 95 0 7 0 0 0 0 0 0 0 0 0 0 0 0 0 0 0 0 0 0 0 0 0 0 0 15 20 13 0 0 0 0 0 0 0 0 0 14 0 0 
 77 339 0 304 60 125 77 218 305 280 399 39 183 149 151 110 44 55 182 269 3 0 76 3 0 0 85 2 0 4 0 2 0 3 0 0 1 0 0 22 0 0 2 29 0 0 0 0 3 0 0 1 0 0 0 0 0 0 1 57 3 0 0 0 0 3 0 0 0 0 0 0 0 0 0 0 0 0 0 0 7 11 2 20 0 19 28 29 23 22 10 19 20 10 31 7 2 39 18 0 0 0 0 0 15 0 0 0 0 14 0 0 20 0 0 0 0 0 11 1 0 0 0 0 0 0 0 0 0 0 0 1 0 0 0 0 9 0 0 0 0 0 0 12 0 0 0 0 0 0 0 0 0 0 0 6 0 0 0 0 26 0 22 0 11 10 19 0 14 0 14 8 0 0 13 12 0 31 0 0 0 21 0 0 0 0 6 5 2 0 0 2 0 0 0 0 0 0 11 11 0 0 0 0 0 0 1 0 0 0 0 0 0 0 0 0 0 0 0 0 0 0 0 0 0 0 0 0 0 1 0 0 0 1 0 0 0 0 2 0 0 0 0 0 0 2 2 0 86 0 1 5 0 35 0 0 0 0 0 0 0 0 0 0 0 0 0 0 0 0 0 0 0 0 0 12 13 0 0 0 0 0 0 0 0 0 0 0 0 0 
 63 54 304 0 390 38 77 357 305 136 168 368 29 288 46 32 68 163 489 37 78 0 0 211 0 0 84 21 0 2 0 0 65 76 0 207 0 0 81 74 2 0 63 3 0 0 0 0 3 0 0 6 3 0 0 0 0 0 2 7 0 0 0 0 0 3 6 0 0 0 0 0 22 0 0 0 0 0 0 2 0 0 9 9 40 33 0 0 25 0 36 47 0 0 0 26 0 23 0 0 3 19 12 3 0 0 14 0 0 0 0 0 22 31 14 16 14 0 0 14 0 0 0 0 0 0 0 0 0 0 0 0 0 0 0 0 0 0 0 0 0 0 0 0 0 0 0 0 0 0 0 0 0 0 0 0 0 0 0 0 12 13 14 0 10 0 0 0 10 22 23 0 0 2 0 14 0 0 7 0 13 15 34 0 0 0 20 22 26 0 0 0 25 0 10 35 11 0 0 33 2 0 0 0 0 0 0 0 0 0 0 0 0 0 0 0 0 0 0 0 0 0 0 0 0 1 14 0 0 0 0 0 0 0 0 0 0 0 0 0 0 0 0 0 0 0 12 0 1 0 0 8 0 0 0 0 0 0 0 0 0 0 0 0 0 0 0 0 0 0 0 0 0 0 0 0 0 0 0 0 0 0 0 0 0 0 0 0 0 0 
 98 109 60 390 0 263 28 36 327 148 298 89 41 63 47 55 55 276 484 41 79 76 2 6 0 0 229 1 0 4 0 0 0 24 168 0 75 75 82 30 0 0 3 6 0 0 4 0 6 0 0 1 0 0 0 0 0 0 0 5 0 2 0 0 0 4 3 0 0 43 0 1 3 0 0 12 0 0 0 0 0 1 13 0 10 6 0 0 0 18 9 16 0 0 0 0 27 0 0 0 0 7 0 2 0 2 40 0 9 0 8 0 34 8 11 36 9 13 22 22 0 0 0 0 0 0 0 0 1 1 0 2 0 0 0 0 0 2 0 0 0 0 0 0 0 0 0 1 0 0 0 0 0 0 0 0 0 0 0 0 0 11 0 0 69 0 0 0 0 1 0 8 0 0 0 0 0 0 0 0 13 65 8 0 0 0 45 10 11 0 12 44 1 35 7 0 11 0 0 30 0 0 0 0 0 0 0 0 15 8 0 0 0 0 31 0 0 0 0 0 0 0 0 0 0 0 0 0 0 0 0 0 0 0 0 0 0 0 2 0 0 0 0 0 0 0 121 2 3 2 3 8 0 0 0 0 0 0 0 0 9 0 0 0 0 0 0 0 0 0 0 0 0 0 0 0 0 0 0 0 0 0 0 0 0 0 0 0 0 0 
 53 91 125 38 263 0 35 26 139 32 119 367 47 253 31 276 65 150 258 275 76 137 78 3 0 2 175 76 0 75 0 0 84 30 171 0 155 0 73 185 0 0 2 4 0 0 0 0 3 0 0 0 0 0 0 0 0 0 15 72 0 0 0 0 0 3 0 0 0 0 0 0 4 0 0 0 0 0 0 0 0 10 0 1 9 11 0 0 1 11 0 0 0 19 0 19 35 1 0 0 18 0 0 49 0 0 14 15 11 8 23 0 20 0 0 0 3 25 10 0 0 0 0 0 0 0 0 0 0 0 0 0 0 0 0 0 0 8 0 0 0 0 0 0 0 0 0 0 0 0 1 0 0 0 0 0 0 0 0 0 0 0 0 13 52 13 0 0 0 0 0 13 0 0 0 0 0 0 0 0 20 14 1 0 0 2 68 30 4 0 11 0 34 37 10 15 28 0 0 22 0 0 0 0 0 0 33 0 0 0 0 0 0 0 0 0 0 0 0 0 0 0 0 0 0 0 0 0 0 0 0 0 0 0 0 0 0 0 0 0 0 0 0 0 0 2 2 0 5 6 0 7 0 0 0 0 0 0 0 0 2 0 0 0 0 0 18 0 0 0 0 0 0 0 0 0 19 0 0 0 0 0 0 0 0 0 0 0 0 0 
 157 175 77 77 28 35 0 108 75 58 279 36 156 264 48 133 467 23 72 226 8 3 3 3 3 2 0 0 0 5 0 1 0 5 1 3 0 3 3 4 0 0 5 6 0 3 0 3 26 3 0 3 0 0 2 0 7 1 3 59 0 0 0 0 0 3 3 0 0 0 0 0 0 0 3 0 3 0 0 1 15 9 16 0 0 91 11 28 0 0 0 19 3 75 2 0 27 29 1 7 0 0 0 0 0 0 0 0 0 0 0 0 0 0 0 0 0 0 0 1 0 0 0 0 0 0 0 0 0 0 0 0 0 0 0 0 0 0 0 0 0 0 0 0 0 0 0 0 0 0 0 0 0 0 0 6 0 0 0 0 25 0 16 0 0 10 31 0 0 21 1 0 8 2 9 0 0 17 0 0 0 0 0 0 0 0 1 0 0 0 0 0 0 0 0 0 0 0 19 0 0 0 0 0 0 8 0 0 0 0 0 0 0 0 0 0 0 0 0 0 0 0 0 0 0 0 0 0 0 0 0 0 0 0 0 0 0 0 0 11 0 0 0 0 0 0 0 0 2 45 2 9 0 2 0 0 0 0 0 0 3 1 0 0 0 2 0 0 0 0 0 0 0 2 0 0 20 0 0 0 0 0 0 0 0 0 0 0 0 0 
 123 352 218 357 36 26 108 0 266 40 135 44 102 174 252 132 166 120 148 145 2 0 0 4 0 0 0 3 0 2 2 2 2 3 0 0 0 0 0 0 3 0 2 0 3 3 0 3 3 0 3 0 0 0 0 0 0 0 2 2 0 0 0 0 0 6 3 0 0 0 0 0 0 2 0 0 0 0 1 0 1 21 39 26 0 11 38 18 35 0 16 0 29 11 29 18 0 34 46 19 0 0 0 0 0 0 0 0 0 0 0 0 0 0 7 0 0 0 24 15 0 0 0 0 0 0 0 0 0 0 0 0 0 0 0 0 9 0 2 0 0 0 0 0 0 0 0 0 0 0 0 0 0 0 0 0 0 0 0 0 16 18 9 19 4 0 0 0 65 24 19 20 15 0 0 26 0 0 8 9 0 0 0 0 0 0 0 0 0 0 0 0 0 0 0 1 0 0 10 0 1 0 0 0 0 0 0 0 0 2 0 0 0 0 0 0 0 0 2 0 0 0 2 0 0 2 0 0 0 0 0 0 0 0 0 0 0 0 0 0 0 0 0 0 0 0 0 0 42 0 16 14 0 21 0 0 0 0 0 0 0 0 0 0 0 0 0 0 0 0 0 0 0 0 0 8 18 0 0 0 0 0 0 0 0 0 0 0 0 0 
 32 268 305 305 327 139 75 266 0 73 372 41 152 327 113 119 242 310 118 164 4 0 0 2 0 0 75 8 0 2 0 0 0 3 2 2 0 0 73 36 0 0 3 6 0 3 0 0 3 2 0 1 2 0 1 2 0 0 0 8 0 1 0 0 0 5 0 0 3 0 0 0 0 2 0 2 3 1 0 0 0 20 43 37 14 0 13 14 14 30 11 17 7 27 0 0 32 19 16 0 0 0 0 0 0 0 0 0 0 0 0 0 51 14 8 0 0 0 1 0 0 0 0 0 0 0 17 0 0 0 0 0 0 0 0 0 14 0 0 0 0 4 0 0 0 0 0 0 0 0 0 0 0 0 0 0 0 0 0 0 0 0 1 0 16 0 0 17 0 18 1 1 0 10 0 46 1 19 1 0 0 16 0 0 0 0 12 9 0 0 0 0 17 0 0 0 0 0 13 15 0 0 0 0 0 0 0 0 0 0 0 0 0 0 0 0 0 0 0 0 0 0 0 0 0 0 0 0 0 0 0 0 0 0 0 0 0 0 20 0 0 0 0 0 0 0 4 0 1 6 0 5 0 0 0 0 0 0 0 0 0 0 0 0 0 0 0 0 0 0 0 0 0 0 0 29 0 8 0 0 0 0 0 0 0 0 0 0 0 0 
 66 131 280 136 148 32 58 40 73 0 253 107 50 166 260 165 55 50 111 106 1 0 0 2 0 0 0 0 0 2 0 0 74 3 2 0 0 1 73 17 0 0 3 0 0 0 0 0 3 0 0 0 0 0 0 2 0 0 3 56 0 0 0 0 0 3 5 0 0 0 0 0 0 0 9 0 0 0 0 0 9 9 11 0 0 69 0 19 1 0 0 27 2 19 12 53 38 41 0 18 0 0 0 0 0 0 0 0 0 0 0 0 0 0 10 16 0 0 0 1 0 0 0 0 0 0 0 0 0 0 0 0 0 0 0 0 0 0 0 0 0 0 0 0 0 0 0 0 0 2 0 0 0 0 0 6 0 0 0 0 13 12 28 22 9 10 19 1 13 6 23 12 14 0 0 22 10 17 0 0 19 0 0 0 0 0 15 11 0 0 0 0 13 17 14 0 0 0 39 13 0 0 0 0 0 0 0 1 0 0 0 1 0 0 0 0 1 0 0 0 0 2 0 0 0 0 0 0 0 0 0 0 2 0 0 0 0 0 0 0 0 0 0 0 0 2 0 0 1 38 13 20 0 0 0 0 0 0 0 0 0 0 0 0 0 0 0 0 0 0 0 0 0 0 0 0 20 0 0 0 0 0 0 0 0 0 0 0 0 2 
 385 488 399 168 298 119 279 135 372 253 0 82 350 209 46 298 377 220 51 364 3 0 0 3 2 0 0 2 0 2 0 0 0 3 0 0 0 0 135 158 0 0 2 4 0 0 0 0 3 0 0 58 0 0 0 0 0 0 6 2 0 0 0 0 33 3 8 0 0 0 0 2 8 0 0 0 0 0 0 0 0 23 13 15 25 22 0 24 15 11 17 1 0 24 5 11 75 83 0 0 0 0 0 0 0 0 0 1 0 0 0 0 21 0 27 16 0 0 6 18 0 2 0 0 0 0 0 0 0 1 0 0 0 0 0 0 0 0 0 0 0 0 0 0 0 0 0 0 0 0 0 13 0 0 0 0 4 0 0 0 7 14 1 13 0 0 0 0 34 15 24 21 0 0 0 25 0 25 73 0 19 2 22 0 0 0 22 26 0 0 0 0 5 0 0 0 12 0 20 20 0 0 0 0 0 0 0 0 0 0 0 0 0 0 0 0 0 2 0 0 0 0 0 1 0 0 0 0 0 0 2 9 0 0 0 1 0 0 0 0 0 0 0 0 0 2 0 0 90 42 1 14 0 0 0 0 0 0 0 0 0 0 0 0 0 0 0 0 0 0 0 0 0 0 0 0 42 0 0 0 0 0 0 0 0 0 0 0 0 0 
 202 142 39 368 89 367 36 44 41 107 82 0 28 60 152 82 251 242 42 43 40 0 0 3 0 2 1 74 74 2 0 0 90 20 75 74 0 0 0 1 0 0 2 0 28 1 0 0 3 0 0 5 17 0 0 0 0 1 0 2 0 0 0 0 0 3 0 0 0 0 0 0 0 0 2 0 0 0 0 0 0 21 26 15 0 12 0 0 24 7 27 24 0 0 0 19 27 0 0 0 30 0 1 0 0 0 11 13 1 0 1 0 0 32 25 4 0 0 0 24 0 0 0 0 0 0 2 0 0 12 0 39 2 0 0 0 0 18 0 0 0 2 0 0 0 0 0 0 0 0 0 0 0 0 0 0 0 0 0 0 3 58 0 16 18 19 0 0 41 13 13 0 2 9 50 37 24 8 26 0 7 0 38 2 19 0 2 22 27 0 1 4 0 20 9 17 0 0 1 0 0 0 0 0 0 0 0 0 0 0 0 0 0 16 0 0 0 0 0 0 0 0 0 0 0 0 0 0 0 0 0 0 0 0 0 0 0 0 0 0 0 0 0 0 0 1 88 1 8 2 0 5 11 0 0 0 0 0 0 2 0 0 0 0 0 0 0 0 0 0 0 0 0 0 0 0 0 0 0 0 0 0 0 0 0 0 0 0 0 0 
 139 129 183 29 41 47 156 102 152 50 350 28 0 176 38 433 138 586 111 328 3 0 3 3 0 0 0 0 0 2 0 0 0 3 0 77 0 0 0 0 0 0 2 0 0 0 0 0 3 0 0 0 0 0 0 0 0 0 1 63 0 0 0 0 0 2 0 0 0 0 0 0 0 0 0 0 0 0 0 0 6 12 22 6 0 1 18 40 11 16 0 0 12 0 11 12 0 0 6 42 0 0 12 0 0 0 2 0 0 0 0 0 0 11 0 0 0 0 13 0 0 0 0 0 29 0 0 2 0 0 0 0 0 0 0 0 0 0 0 0 0 0 0 0 0 0 0 0 0 0 0 0 0 0 0 9 0 0 0 0 11 0 0 0 0 0 34 0 0 7 10 14 8 1 22 9 0 12 0 0 0 0 0 0 0 0 0 0 0 0 0 0 2 0 0 0 6 0 0 0 0 1 0 0 0 0 0 0 0 0 0 0 0 0 0 0 0 0 0 0 0 0 0 0 2 0 0 0 0 0 0 0 0 0 0 0 0 0 0 0 0 1 0 0 0 1 0 0 1 0 1 13 0 0 0 0 2 0 0 0 0 0 0 0 0 0 0 0 0 0 0 0 0 0 0 0 0 0 0 0 0 0 0 0 0 0 0 0 0 0 
 151 157 149 288 63 253 264 174 327 166 209 60 176 0 90 141 223 242 217 524 2 0 0 3 0 0 0 2 0 2 1 0 0 3 0 2 0 0 0 0 0 0 2 0 0 0 0 0 3 0 0 0 0 0 0 0 0 2 1 64 0 3 0 0 0 3 0 0 0 0 31 0 0 0 0 0 0 0 0 0 42 11 63 21 0 14 14 47 10 16 0 7 51 2 47 23 4 8 48 17 0 0 0 0 0 0 0 0 0 0 0 0 11 0 0 0 0 0 10 0 0 0 0 0 0 0 0 0 1 0 0 0 0 0 0 0 0 0 0 0 0 0 0 0 0 0 0 0 0 0 0 0 0 0 0 5 0 0 0 0 14 0 0 0 0 0 14 17 0 32 12 13 0 0 2 16 14 11 0 10 0 0 0 0 0 0 0 0 2 0 0 2 0 0 0 0 0 0 17 0 0 0 0 0 0 0 1 0 0 0 0 0 0 0 0 0 0 0 0 0 0 0 0 0 0 0 0 0 21 0 0 0 0 0 0 0 0 0 2 0 0 1 0 0 0 3 0 1 1 189 2 8 0 0 0 0 0 0 0 0 0 0 0 0 0 0 0 0 0 0 0 0 0 0 0 0 0 0 0 0 0 0 0 0 0 0 0 0 0 0 
 47 30 151 46 47 31 48 252 113 260 46 152 38 90 0 148 183 50 70 90 3 2 7 29 2 1 2 0 0 2 0 2 0 5 0 2 2 0 1 0 0 0 2 2 0 0 0 0 3 1 0 0 0 0 0 0 0 80 1 3 0 0 0 0 0 8 0 0 0 0 0 0 0 0 0 0 0 0 0 0 28 10 34 20 16 3 17 22 25 6 22 10 0 34 29 24 19 31 10 16 0 0 0 0 0 0 0 0 0 0 0 0 10 17 0 0 0 0 11 13 0 0 0 0 0 0 0 0 0 0 8 0 0 0 0 0 14 0 0 0 0 0 0 0 0 0 0 0 0 0 0 0 0 0 0 0 0 0 0 0 0 25 8 17 39 17 0 19 56 0 11 0 0 31 21 23 22 10 0 0 0 0 18 0 0 0 0 0 0 0 0 5 0 0 0 0 0 0 2 0 0 0 0 0 0 0 0 0 0 0 0 0 0 0 0 0 0 0 0 0 0 0 0 0 0 0 0 0 0 0 0 0 0 0 0 0 0 0 0 0 0 0 0 0 0 5 1 0 89 87 10 10 16 0 0 0 0 2 0 0 0 0 19 0 0 0 0 0 0 0 0 0 0 0 0 0 19 0 0 0 0 0 0 0 0 0 0 0 0 0 
 139 352 110 32 55 276 133 132 119 165 298 82 433 141 148 0 226 201 273 243 2 0 0 3 4 2 76 4 0 2 0 0 8 3 0 0 0 0 3 22 0 4 2 4 0 0 0 0 3 0 0 0 0 0 0 62 0 0 1 6 0 0 0 0 6 3 0 0 0 0 0 0 0 0 17 0 0 0 0 0 0 33 0 1 0 9 0 10 24 25 41 1 4 40 5 11 25 23 67 20 0 0 0 0 0 0 0 0 0 0 0 0 22 0 0 1 0 0 2 5 0 0 0 0 0 0 0 0 0 0 0 0 0 0 0 0 0 0 0 0 0 0 0 0 0 0 0 0 0 0 0 0 0 0 0 0 0 0 0 0 0 10 0 18 11 9 0 0 30 1 3 18 0 13 18 0 1 49 0 0 1 21 0 0 0 0 4 4 0 4 0 4 0 9 0 2 0 0 1 3 1 0 0 0 0 0 0 0 0 16 0 0 0 0 0 0 0 0 0 0 0 0 0 0 0 0 0 0 0 0 0 0 0 0 0 0 0 0 0 0 0 0 0 0 0 1 3 0 89 87 2 12 20 0 0 0 0 0 0 0 0 0 0 0 0 0 0 0 0 0 0 0 0 0 0 0 39 0 0 0 0 0 0 0 0 0 0 0 0 10 
 92 172 44 68 55 65 467 166 242 55 377 251 138 223 183 226 0 397 28 167 4 0 0 76 0 0 0 0 0 2 0 0 62 3 0 0 0 0 74 0 0 0 2 0 0 0 0 63 3 0 0 0 0 0 0 0 0 0 1 2 0 0 0 0 0 2 0 0 0 0 0 0 41 0 0 0 0 0 0 0 15 36 26 24 15 1 17 11 14 11 23 30 9 0 26 44 6 14 9 54 0 0 0 0 0 0 0 0 0 0 0 0 47 31 11 0 0 0 13 7 0 0 0 0 0 0 0 0 0 0 0 0 0 0 0 0 0 0 0 0 0 5 0 0 1 0 3 0 0 11 0 0 0 0 0 0 0 0 0 0 0 9 0 0 0 13 0 5 30 33 11 10 15 16 8 0 18 26 0 11 1 0 10 0 0 0 14 17 0 0 0 2 31 0 0 0 0 0 18 0 0 0 0 0 0 0 0 0 0 0 0 0 4 0 0 0 0 0 1 1 0 0 0 0 0 0 0 0 0 0 0 0 0 0 0 0 0 0 0 0 0 0 0 0 0 0 2 0 87 100 2 6 19 0 0 0 0 0 0 0 0 0 0 0 0 0 0 0 0 0 11 9 0 0 0 9 14 16 0 0 0 0 0 0 0 0 0 0 0 8 
 37 176 55 163 276 150 23 120 310 50 220 242 586 242 50 201 397 0 122 220 8 0 1 7 0 0 79 2 0 2 0 0 154 5 0 4 0 0 2 23 0 0 2 6 0 0 0 0 3 0 0 1 3 0 0 4 0 0 1 64 0 0 0 0 0 3 0 4 0 0 7 0 0 0 4 0 0 0 0 0 0 25 1 36 13 1 0 30 32 15 49 9 7 2 12 30 2 13 11 19 0 0 10 0 0 0 0 0 2 4 0 0 19 16 0 0 0 0 11 11 0 0 0 0 0 0 0 0 0 0 0 0 0 0 0 0 0 0 0 0 0 0 0 0 0 0 0 0 0 0 0 0 0 0 0 5 0 0 0 0 0 0 1 15 11 18 20 2 55 0 11 36 0 14 0 15 0 24 0 0 27 21 0 0 0 1 8 19 0 0 0 5 21 3 0 0 0 0 14 1 0 0 0 0 0 0 0 0 2 0 0 0 20 0 2 0 0 0 0 0 0 0 0 0 0 0 0 0 0 0 0 0 0 0 1 0 0 0 0 0 0 0 0 0 0 2 1 1 88 3 3 5 14 0 0 0 0 0 0 0 0 0 0 0 0 0 0 0 0 0 0 0 0 0 0 0 13 0 0 0 0 0 0 0 0 0 0 0 0 13 
 62 122 182 489 484 258 72 148 118 111 51 42 111 217 70 273 28 122 0 315 2 0 0 3 0 0 2 0 0 2 0 0 0 3 0 0 0 0 0 0 0 0 2 0 2 0 0 3 3 0 0 0 0 69 0 0 0 0 0 0 0 0 1 0 0 3 0 0 0 0 3 0 0 0 0 0 0 0 0 0 30 0 0 0 0 0 10 11 1 0 0 2 17 26 10 0 0 10 0 23 0 0 0 0 0 1 0 0 0 0 0 0 2 0 0 0 0 0 0 0 0 1 0 0 0 0 0 0 0 0 0 0 0 0 0 0 13 1 0 0 0 5 0 0 0 0 0 2 0 0 0 0 0 0 0 0 0 0 0 0 11 0 7 0 0 0 52 5 0 7 0 0 11 12 9 0 0 0 42 16 0 4 0 0 0 0 0 0 0 0 0 0 0 0 0 0 0 0 20 0 0 0 0 0 0 0 0 0 0 0 0 0 0 0 0 0 0 1 0 0 0 0 0 1 0 0 0 0 2 0 0 0 0 0 0 1 0 0 0 0 0 0 0 0 0 0 2 2 0 1 1 12 0 0 0 0 0 0 0 0 0 0 0 0 0 0 0 0 0 0 0 0 0 0 0 0 0 0 0 0 0 0 0 0 0 0 0 0 0 0 
 125 325 269 37 41 275 226 145 164 106 364 43 328 524 90 243 167 220 315 0 2 2 0 3 0 0 0 0 0 2 0 3 0 3 0 2 0 0 21 0 0 0 2 0 3 0 0 0 5 0 2 0 0 0 0 0 0 0 1 3 0 0 0 2 0 4 0 0 0 0 0 0 0 0 0 0 0 1 0 2 8 11 0 10 0 1 14 24 11 32 0 0 28 10 25 32 1 31 6 25 0 0 0 0 0 0 0 0 0 0 0 0 0 0 0 0 0 0 12 0 1 0 0 2 0 0 0 0 30 0 0 0 0 0 0 0 13 0 0 0 0 0 0 0 0 0 0 0 0 0 0 0 0 0 0 0 0 0 0 0 34 0 9 0 0 0 10 0 0 7 10 36 19 0 12 11 0 20 0 0 0 0 0 0 0 0 7 0 0 0 2 0 1 0 0 0 0 0 20 0 0 0 2 0 0 0 0 0 0 0 0 0 0 0 0 0 0 0 0 0 0 0 0 0 0 0 0 0 0 0 0 0 0 0 0 0 0 2 0 0 0 0 0 0 0 2 0 0 11 4 0 16 0 0 0 0 0 0 0 0 0 0 0 0 0 0 0 0 0 0 0 0 0 0 0 2 1 0 0 0 0 0 0 0 0 0 0 0 0 0 
 6 2 3 78 79 76 8 2 4 1 3 40 3 2 3 2 4 8 2 2 0 213 143 266 121 41 160 350 270 28 28 34 291 452 63 324 268 134 334 47 0 0 0 0 10 3 0 3 0 0 0 71 0 0 0 0 0 0 35 4 0 0 0 0 2 2 0 2 0 0 0 0 6 0 0 0 0 0 0 0 0 0 15 0 12 10 0 0 0 0 0 6 0 0 0 0 0 0 0 0 44 9 0 20 14 0 43 46 7 3 8 19 12 31 40 15 11 12 21 11 0 0 0 0 0 0 0 0 0 0 0 0 8 0 0 0 0 0 14 30 0 0 0 0 0 0 0 0 0 0 0 0 0 0 0 0 0 0 0 0 0 0 0 7 1 8 9 0 0 0 0 11 4 0 0 0 0 0 0 2 8 37 34 46 0 15 12 16 36 0 1 32 12 50 33 37 12 50 0 8 0 0 0 0 0 0 23 0 0 0 0 0 0 0 0 0 0 0 0 0 0 0 0 0 0 0 0 0 0 0 0 0 0 17 0 0 0 0 0 0 0 0 0 0 0 0 136 0 0 0 0 0 0 0 9 0 1 85 0 2 2 0 0 0 0 0 18 0 0 0 0 0 0 0 0 9 0 0 0 13 0 0 0 0 0 7 0 0 0 0 
 2 0 0 0 76 137 3 0 0 0 0 0 0 0 2 0 0 0 0 2 213 0 160 69 35 26 384 427 229 116 46 28 170 345 303 598 131 145 249 138 0 0 0 0 4 3 0 3 0 0 0 0 0 0 0 0 0 70 3 2 0 0 0 0 2 3 0 2 0 0 0 0 5 0 0 0 0 0 0 0 0 0 0 0 22 0 0 0 0 0 0 12 0 0 0 0 0 0 0 0 45 13 17 0 30 0 50 47 23 24 34 0 33 0 18 39 76 1 10 10 0 0 0 0 0 0 0 0 0 0 0 0 0 14 0 0 0 5 5 0 0 0 0 1 0 5 0 0 0 0 0 1 0 0 0 0 0 0 0 0 0 0 0 0 13 26 0 0 0 0 0 0 0 0 0 0 0 1 0 0 16 0 28 18 53 0 0 0 0 0 40 0 30 52 14 41 37 10 13 1 0 0 0 0 0 0 0 0 0 0 0 0 0 0 0 1 0 0 0 0 0 0 0 0 0 0 0 0 0 0 0 0 0 0 0 0 0 0 0 2 0 0 0 0 0 0 0 0 0 0 0 1 0 0 15 2 0 0 0 0 13 12 0 0 0 0 8 0 0 0 0 0 0 0 0 0 0 0 0 0 0 0 0 0 0 0 0 0 0 0 
 0 1 76 0 2 78 3 0 0 0 0 0 3 0 7 0 0 1 0 0 143 160 0 92 50 595 185 293 84 120 156 89 71 143 122 78 221 308 149 402 0 0 0 0 0 3 0 3 0 0 0 1 0 1 0 0 0 0 5 78 0 2 0 0 2 3 0 2 0 0 0 0 0 0 0 0 0 0 0 0 0 0 0 0 2 0 0 0 0 0 0 0 0 0 12 0 0 2 0 0 15 24 9 7 11 0 20 3 7 0 0 28 0 0 28 0 13 13 22 1 0 0 0 0 0 0 35 13 0 1 0 0 0 8 6 0 0 2 1 11 0 0 0 0 0 0 0 0 0 0 0 0 0 0 0 0 0 2 0 0 0 0 0 0 0 3 0 2 0 6 0 0 0 0 0 0 0 0 0 0 1 26 0 15 11 17 7 30 10 11 1 15 2 10 11 14 1 37 1 10 11 0 0 0 0 0 0 12 0 0 0 0 0 0 6 0 1 0 0 7 0 0 1 0 0 0 0 10 0 0 0 0 0 0 0 0 0 0 0 0 0 0 0 0 0 0 0 0 0 0 0 0 0 0 5 2 0 81 0 0 1 0 0 0 0 0 37 0 0 0 0 0 0 0 0 0 0 0 0 0 0 43 0 0 0 0 0 15 0 0 
 5 0 3 211 6 3 3 4 2 2 3 3 3 3 29 3 76 7 3 3 266 69 92 0 162 477 80 165 417 257 178 216 168 291 505 100 69 161 73 139 1 0 0 0 0 3 0 3 0 3 0 0 0 69 0 0 0 0 5 2 0 8 0 0 2 10 0 7 0 0 0 0 0 0 0 0 2 0 0 0 0 0 0 0 0 0 0 0 0 0 0 0 0 0 0 0 0 0 0 0 19 9 1 10 20 40 0 15 12 26 30 9 0 0 0 23 15 0 0 0 0 29 1 0 0 0 6 12 2 0 0 0 35 10 1 0 0 0 34 20 0 0 0 0 0 4 0 0 0 0 0 0 0 0 0 0 0 0 0 0 0 0 0 0 0 0 0 0 0 0 0 0 0 0 0 6 0 0 0 0 0 0 53 91 28 1 0 0 24 39 1 0 0 0 0 0 10 8 0 0 14 0 1 0 0 0 0 1 9 0 0 0 6 8 0 1 1 0 2 1 0 0 0 0 0 0 0 0 0 0 0 0 0 0 0 0 0 0 0 0 0 0 26 0 0 0 0 0 0 0 0 0 0 0 7 2 2 1 78 4 0 10 0 0 0 0 0 0 0 0 0 0 0 0 0 0 0 0 0 12 0 1 0 0 1 9 17 0 0 0 
 0 0 0 0 0 0 3 0 0 0 2 0 0 0 2 4 0 0 0 0 121 35 50 162 0 275 143 232 180 99 158 46 90 308 104 81 302 46 62 93 0 41 0 0 0 3 137 34 6 10 0 3 19 127 0 22 0 0 84 1 1 0 1 0 2 5 3 3 1 0 0 0 1 0 1 0 0 0 0 0 0 0 0 0 19 0 0 2 0 0 0 0 0 0 0 0 0 0 0 0 19 0 14 1 35 10 0 6 1 15 0 10 0 0 0 0 15 12 0 0 1 13 7 1 2 0 30 49 0 1 13 0 31 25 53 13 11 0 32 9 0 0 0 5 0 1 0 0 0 0 0 0 0 0 0 10 0 0 0 0 0 0 0 7 0 0 0 0 0 0 0 0 7 1 0 0 0 0 0 4 0 26 10 0 9 42 0 0 14 0 18 29 0 0 15 31 26 2 0 0 8 18 13 43 0 0 37 0 0 0 10 0 12 10 3 12 23 22 29 50 0 1 0 2 0 0 1 0 0 0 0 0 0 0 0 0 0 1 0 0 0 0 0 0 0 0 0 0 0 0 0 0 0 0 6 0 1 0 78 1 2 11 0 0 0 0 0 0 0 0 0 0 0 10 0 0 0 0 0 0 0 0 0 0 30 0 0 0 0 0 
 3 0 0 0 0 2 2 0 0 0 0 2 0 0 1 2 0 0 0 0 41 26 595 477 275 0 50 125 116 116 78 145 154 67 277 268 222 177 43 60 125 90 49 0 3 3 79 135 42 0 1 0 67 106 121 127 0 0 71 26 0 0 0 0 2 3 1 2 0 0 0 0 0 0 0 0 0 0 0 0 0 0 0 0 1 0 0 0 0 0 0 0 0 0 0 0 0 0 0 0 0 2 27 11 1 60 0 0 0 0 8 0 0 0 0 0 0 0 0 0 50 20 12 16 12 0 44 15 21 7 10 12 23 7 11 24 1 0 0 1 0 0 0 1 0 0 0 0 1 0 0 2 0 0 0 0 0 0 0 1 0 0 0 2 0 1 0 0 0 0 0 0 0 0 0 0 0 19 0 0 0 0 0 0 17 32 0 0 1 10 25 0 0 0 0 0 0 10 0 0 0 49 31 10 0 0 25 0 0 0 0 0 50 35 0 37 18 1 31 65 0 0 0 0 0 0 0 0 0 0 0 0 0 0 0 0 0 0 1 0 0 0 1 0 0 0 0 0 0 0 0 0 0 0 3 6 0 0 4 0 0 1 0 0 0 0 0 0 0 0 0 0 0 0 0 0 0 0 0 0 0 7 0 1 0 0 0 0 0 0 
 0 0 85 84 229 175 0 0 75 0 0 1 0 0 2 76 0 79 2 0 160 384 185 80 143 50 0 273 46 30 243 101 121 272 221 31 148 140 78 254 0 0 0 3 0 3 0 4 0 0 0 6 0 0 0 0 0 0 65 2 0 0 0 0 2 3 7 2 0 0 0 0 4 0 0 3 0 0 0 0 0 0 0 0 20 17 0 0 0 0 12 0 0 0 0 0 9 2 0 0 0 13 0 15 0 15 1 17 9 1 11 8 14 12 0 4 0 32 16 0 0 20 20 0 0 0 0 0 0 0 0 0 7 0 0 0 0 18 3 0 0 0 0 0 25 0 0 0 0 14 0 0 0 0 0 0 0 2 0 0 0 0 0 0 28 11 0 1 0 0 2 9 0 0 0 0 0 0 0 0 11 39 27 0 2 10 36 32 32 4 1 16 2 22 38 7 25 14 1 34 0 0 0 0 0 0 14 0 15 0 0 0 0 0 0 0 1 0 0 0 0 0 1 0 0 0 0 0 0 0 0 0 0 0 0 0 0 0 0 0 0 0 0 0 0 0 74 0 0 0 0 0 2 0 15 4 0 1 0 0 0 0 65 0 0 0 11 0 0 0 0 0 0 0 0 1 0 0 0 0 0 0 0 0 0 0 0 0 0 0 
 0 0 2 21 1 76 0 3 8 0 2 74 0 2 0 4 0 2 0 0 350 427 293 165 232 125 273 0 246 129 111 166 209 331 83 199 127 295 279 47 0 0 0 0 0 2 0 3 0 0 0 12 49 0 0 0 0 0 72 0 2 0 0 0 2 3 3 3 0 0 0 3 0 0 0 0 1 0 0 0 10 0 0 0 0 12 0 0 0 0 10 42 0 0 0 0 0 0 0 0 8 0 18 17 20 0 22 11 9 16 9 40 4 6 1 1 0 15 12 9 0 0 0 0 0 0 27 7 0 0 0 0 10 0 19 0 0 0 42 0 0 0 0 25 0 0 0 0 0 0 0 0 0 0 0 0 0 0 0 2 0 0 0 5 14 0 2 0 0 1 0 0 6 0 0 0 0 0 0 3 0 58 23 36 12 10 1 23 24 13 9 34 0 0 48 51 12 10 0 4 0 0 0 1 0 0 16 4 0 0 0 0 0 0 0 0 0 0 9 10 0 0 0 0 0 0 0 0 0 0 0 0 0 0 0 0 0 0 0 0 0 0 6 0 0 0 27 0 0 0 0 0 0 0 8 0 2 3 3 2 1 0 0 0 0 0 15 0 0 0 1 0 0 0 0 0 0 0 0 11 0 0 0 0 0 5 0 0 0 0 
 2 2 0 0 0 0 0 0 0 0 0 74 0 0 0 0 0 0 0 0 270 229 84 417 180 116 46 246 0 270 47 122 369 285 99 389 200 80 95 125 0 0 0 0 5 2 0 3 2 0 2 2 0 0 0 0 0 0 69 1 0 5 0 56 6 8 51 9 0 0 0 0 0 0 3 3 0 0 0 0 0 0 0 0 0 2 0 1 0 0 0 33 0 0 0 0 0 0 0 0 18 1 0 0 37 17 16 28 50 25 28 28 0 0 34 34 26 11 0 0 0 2 0 0 0 3 11 11 0 0 0 0 10 13 8 0 0 0 28 10 0 0 0 0 0 16 0 2 0 0 0 0 0 0 0 0 0 0 0 0 0 0 0 3 0 4 4 0 0 0 1 0 3 2 0 0 0 0 0 7 6 14 33 7 20 0 0 12 0 35 23 22 10 13 4 37 28 42 1 2 8 0 0 0 0 0 11 9 0 0 0 0 1 0 20 2 0 0 0 0 0 0 0 0 0 0 1 0 0 0 0 0 0 13 0 0 0 2 0 0 0 0 0 0 0 0 0 0 0 0 0 0 0 0 8 0 2 85 1 1 4 2 0 0 0 0 0 0 0 0 0 0 0 0 0 0 0 0 0 11 0 0 0 0 0 8 1 0 0 0 
 2 0 4 2 4 75 5 2 2 2 2 2 2 2 2 2 2 2 2 2 28 116 120 257 99 116 30 129 270 0 501 121 323 371 105 174 170 226 104 147 0 0 0 0 1 2 2 10 0 0 0 0 0 20 0 0 0 0 4 1 0 0 0 0 7 3 52 7 0 0 0 0 0 0 0 0 0 0 0 0 0 0 0 0 0 0 0 0 0 0 0 0 0 0 0 0 0 0 2 0 0 9 5 19 30 12 0 12 12 15 2 0 0 0 0 8 0 0 0 0 0 0 0 0 0 11 44 13 0 0 0 0 0 6 26 0 0 0 32 0 0 0 0 0 0 21 0 0 0 0 7 0 0 0 0 0 2 0 0 0 0 0 0 32 0 0 10 0 0 0 0 0 7 0 0 0 0 0 0 5 0 20 36 6 64 4 0 12 11 31 0 1 0 0 0 34 14 8 0 0 21 1 0 0 0 0 0 40 0 2 0 0 9 7 9 0 0 0 31 9 16 0 0 0 0 0 0 0 0 0 1 0 0 0 0 0 0 0 0 0 0 0 0 0 0 0 0 0 0 0 0 0 0 0 10 0 0 0 76 0 0 2 0 0 0 0 0 0 0 0 0 0 0 0 0 0 0 0 0 1 0 4 0 0 0 0 0 0 0 0 
 2 0 0 0 0 0 0 2 0 0 0 0 0 1 0 0 0 0 0 0 28 46 156 178 158 78 243 111 47 501 0 230 42 476 152 64 419 181 281 76 0 1 0 0 0 3 127 6 2 0 0 0 0 63 2 0 0 0 70 0 0 0 0 0 8 3 0 2 0 0 0 0 0 0 0 0 0 0 0 7 0 0 0 0 0 0 0 0 0 0 0 0 0 0 0 0 14 0 0 2 0 0 20 10 11 50 0 0 0 0 0 9 0 2 0 0 0 0 0 0 0 17 1 0 0 0 19 3 0 12 0 0 22 26 0 0 0 0 12 10 0 0 0 0 0 0 0 0 0 0 0 0 0 0 0 0 0 0 0 0 0 0 0 0 0 0 0 0 0 0 0 0 14 0 0 0 0 0 0 0 0 12 12 9 9 23 0 0 10 6 18 1 0 0 0 0 0 11 0 0 25 12 0 0 0 0 69 46 0 0 0 0 0 20 35 14 0 0 9 2 0 0 0 0 0 0 0 25 0 0 0 0 0 0 0 0 2 0 0 0 0 0 1 0 0 0 0 0 0 0 0 0 0 0 8 1 2 88 5 0 0 2 0 0 0 0 0 0 0 0 0 0 0 0 0 0 2 0 0 0 0 18 0 0 0 0 0 0 0 0 
 0 0 2 0 0 0 1 2 0 0 0 0 0 0 2 0 0 0 0 3 34 28 89 216 46 145 101 166 122 121 230 0 36 76 247 330 69 227 252 54 3 0 3 1 1 3 0 6 3 1 0 0 0 63 2 1 0 2 9 2 31 3 0 3 8 6 2 54 0 2 0 2 1 0 1 0 0 2 4 0 0 0 0 0 0 0 0 0 0 0 0 0 0 0 0 0 0 0 0 0 0 4 3 29 14 37 0 0 7 13 47 32 0 0 9 10 0 0 0 12 0 0 0 0 0 0 18 34 14 7 0 2 0 45 9 0 0 0 20 15 0 0 0 0 0 0 0 0 0 0 0 0 0 0 0 0 0 0 14 0 0 0 0 0 0 0 5 0 0 0 0 0 2 0 0 0 0 0 0 0 0 19 14 15 0 0 0 0 0 24 0 22 0 0 0 0 1 13 0 0 21 2 0 0 0 0 0 43 0 0 0 0 11 0 23 0 0 0 18 19 2 0 0 7 0 0 0 9 0 0 0 0 0 0 0 0 0 0 0 0 0 0 15 0 0 0 0 0 0 0 0 0 0 0 331 0 2 80 81 0 4 2 0 0 0 0 0 0 0 0 0 0 0 0 0 0 0 0 0 10 0 20 0 0 0 7 7 0 0 0 
 3 0 0 65 0 84 0 2 0 74 0 90 0 0 0 8 62 154 0 0 291 170 71 168 90 154 121 209 369 323 42 36 0 186 135 56 317 359 133 160 5 0 0 0 3 3 1 3 0 0 0 0 0 0 0 0 0 0 3 203 0 3 3 0 2 3 0 2 0 0 0 2 3 0 23 3 2 0 0 0 0 1 0 7 8 0 0 0 14 0 8 12 0 0 0 17 0 0 0 2 26 13 0 0 5 0 12 31 8 7 9 0 15 15 11 15 16 0 0 0 0 0 0 2 0 0 1 0 0 0 0 0 0 0 0 0 0 5 0 0 0 0 0 0 0 8 0 0 0 0 0 0 0 0 0 0 0 0 0 0 0 0 0 13 0 11 0 0 7 0 8 8 0 1 0 0 1 2 0 0 8 0 39 17 3 1 9 24 0 15 2 1 47 24 1 34 18 10 11 0 0 0 0 0 0 8 0 0 0 0 0 0 0 0 0 0 0 0 0 0 0 0 0 0 0 0 0 1 0 0 0 0 0 0 0 0 2 0 0 0 0 0 0 0 0 0 0 0 0 0 0 0 1 0 9 2 0 0 0 1 2 0 0 0 0 0 0 0 0 0 0 0 0 0 0 0 2 0 0 0 0 0 0 0 0 0 0 0 0 0 
 3 1 3 76 24 30 5 3 3 3 3 20 3 3 5 3 3 5 3 3 452 345 143 291 308 67 272 331 285 371 476 76 186 0 330 160 42 209 91 200 0 0 0 0 2 4 0 3 0 0 0 6 0 0 0 0 0 0 5 4 0 0 0 0 2 3 0 2 0 0 41 0 0 0 0 0 0 0 0 0 0 0 0 0 0 10 0 0 0 0 0 13 0 0 0 0 0 0 1 0 19 0 15 56 13 0 40 23 10 0 0 63 12 22 34 34 20 18 28 11 0 0 0 0 0 0 0 0 0 0 0 0 0 2 0 0 0 0 4 10 0 0 0 0 0 7 0 0 0 0 0 0 0 0 0 0 0 0 0 0 0 0 0 0 0 7 0 0 0 1 0 0 0 0 0 0 0 0 0 0 12 31 15 43 10 0 0 38 21 13 23 20 0 18 9 41 0 26 0 40 0 0 0 0 0 0 0 0 0 0 0 0 0 0 0 0 0 0 0 0 0 0 0 0 0 0 0 0 0 0 0 0 0 0 0 0 0 0 0 0 0 0 0 0 0 0 77 0 0 0 0 0 0 0 5 0 1 181 0 2 27 2 0 0 0 0 0 0 0 0 0 2 0 0 0 0 0 0 0 14 0 0 0 0 0 8 0 0 0 0 
 48 1 0 0 168 171 1 0 2 2 0 75 0 0 0 0 0 0 0 0 63 303 122 505 104 277 221 83 99 105 152 247 135 330 0 86 176 173 71 403 0 0 0 0 0 3 1 3 0 0 0 0 0 0 0 0 0 1 5 4 0 0 0 0 2 3 9 2 0 0 0 0 9 0 0 0 0 0 0 0 0 0 0 0 35 0 0 0 0 0 0 0 0 0 0 0 0 0 0 0 11 10 3 28 24 0 42 18 9 10 57 0 17 0 12 12 25 47 25 13 0 0 0 0 0 0 1 0 0 13 0 0 0 0 0 0 0 10 0 0 0 0 0 0 0 0 0 0 0 0 0 0 0 0 18 0 0 0 0 0 0 0 0 0 36 24 0 0 0 1 0 9 0 0 0 0 0 0 0 0 14 12 23 0 0 0 30 13 11 0 24 13 11 30 4 0 18 0 0 22 0 0 0 0 0 0 0 0 0 0 0 0 0 0 0 0 0 0 0 0 0 0 0 0 0 0 0 0 0 0 0 0 0 0 0 0 0 0 0 0 0 0 0 0 0 0 0 0 0 0 0 0 0 0 3 2 0 0 0 2 11 2 0 0 0 0 44 0 0 0 0 1 0 0 0 0 0 0 0 0 0 0 0 0 0 0 0 0 0 0 
 2 0 0 207 0 0 3 0 2 0 0 74 77 2 2 0 0 4 0 2 324 598 78 100 81 268 31 199 389 174 64 330 56 160 86 0 83 268 46 276 0 0 0 3 5 3 0 3 0 0 0 2 0 64 0 0 0 0 5 1 0 12 0 0 51 7 0 2 0 3 0 2 0 0 0 2 0 0 0 0 0 0 0 0 0 0 0 0 0 0 0 40 0 0 0 0 0 0 0 0 36 11 12 2 55 6 29 5 47 66 20 15 0 0 34 27 45 1 0 12 0 0 0 0 0 0 43 20 0 1 0 0 0 10 21 0 0 0 27 18 0 0 0 3 0 1 0 0 0 0 0 0 0 0 0 0 0 0 0 0 0 0 0 0 0 4 5 0 0 0 0 0 0 0 0 0 0 0 0 2 6 18 12 19 12 14 0 0 0 12 23 23 10 19 8 36 30 14 1 0 0 5 0 0 0 0 0 18 0 0 0 0 17 0 0 0 0 0 63 8 0 0 0 0 0 0 0 0 0 0 0 0 0 0 0 0 0 0 0 0 0 0 0 0 0 0 0 0 0 0 0 0 0 0 2 0 2 81 13 0 0 9 0 0 0 0 0 0 0 0 0 0 0 0 0 0 0 0 0 10 0 0 0 0 0 7 8 0 0 0 
 0 0 1 0 75 155 0 0 0 0 0 0 0 0 2 0 0 0 0 0 268 131 221 69 302 222 148 127 200 170 419 69 317 42 176 83 0 431 50 126 52 0 0 0 0 3 0 3 0 0 0 0 0 4 5 0 0 0 33 2 0 0 0 0 2 3 1 2 0 0 0 0 10 0 0 0 0 0 0 0 0 0 0 0 23 0 0 0 0 0 0 0 2 0 0 0 0 0 0 0 8 9 11 13 1 0 8 20 18 7 8 14 0 0 0 12 2 29 12 0 0 0 0 0 0 0 20 0 0 0 0 0 8 0 0 0 0 7 12 0 0 0 0 0 0 3 0 0 0 0 0 0 0 0 0 0 0 0 0 0 0 0 0 6 8 5 0 0 0 1 0 0 27 0 0 0 0 0 0 2 0 43 31 12 10 22 10 19 14 11 8 6 8 24 26 14 31 26 0 0 0 0 0 4 0 0 9 0 0 0 0 0 31 0 0 0 0 25 0 13 0 0 0 0 0 0 0 0 0 0 0 0 0 0 0 0 0 0 0 0 0 0 9 0 0 1 0 0 0 0 0 0 1 0 6 0 0 2 1 1 1 1 0 0 0 0 14 1 0 0 0 0 0 0 0 0 0 0 0 0 0 10 0 0 1 0 0 0 0 0 
 1 0 0 0 75 0 3 0 0 1 0 0 0 0 0 0 0 0 0 0 134 145 308 161 46 177 140 295 80 226 181 227 359 209 173 268 431 0 128 270 0 0 0 0 7 5 0 3 0 0 0 0 0 1 0 0 62 0 5 1 0 0 0 1 2 3 0 2 0 0 0 0 0 0 0 0 2 0 0 0 0 0 0 0 0 2 0 1 0 0 0 0 0 0 0 12 0 0 0 0 28 12 32 26 17 11 29 31 9 0 0 29 0 23 0 53 23 14 5 9 0 2 0 0 0 0 12 0 1 0 0 0 10 1 0 0 0 0 12 0 0 0 0 0 0 6 0 2 0 0 0 0 0 0 0 0 0 0 0 0 0 0 0 0 0 0 0 0 0 5 0 0 0 2 4 0 0 0 0 0 0 13 24 29 28 8 0 25 21 31 19 2 1 1 0 33 1 29 0 6 0 0 0 0 10 0 0 0 0 0 0 0 0 0 0 2 0 0 18 0 0 0 0 0 0 0 0 0 0 0 4 0 0 0 0 0 0 2 0 0 0 0 0 0 0 0 0 0 0 0 0 0 0 0 4 0 0 75 0 2 22 3 0 0 0 0 0 0 0 0 0 0 0 0 0 0 0 0 0 11 0 7 0 0 0 20 0 0 0 0 
 2 73 0 81 82 73 3 0 73 73 135 0 0 0 1 3 74 2 0 21 334 249 149 73 62 43 78 279 95 104 281 252 133 91 71 46 50 128 0 279 0 0 0 5 1 3 0 3 0 0 0 0 0 0 0 0 0 0 4 1 0 0 0 0 2 2 2 2 1 0 0 2 8 0 0 0 0 0 0 0 0 29 0 0 34 8 0 12 0 12 0 0 0 0 1 0 14 0 0 0 13 41 10 0 0 0 45 1 0 0 0 0 23 22 25 10 28 0 17 8 0 0 0 0 0 0 0 0 0 0 0 0 1 0 0 0 0 0 0 0 1 2 0 0 0 0 0 0 0 1 0 0 0 0 0 0 0 0 0 0 0 13 0 12 0 0 0 0 0 6 6 0 0 0 0 0 0 9 0 0 11 0 23 0 7 0 14 0 0 6 0 1 9 25 1 14 11 1 6 32 2 0 0 0 0 0 0 0 0 0 0 0 0 0 0 0 0 0 0 0 2 0 0 17 0 0 0 0 0 0 0 0 0 0 0 8 0 0 0 0 0 14 0 0 0 0 73 0 0 0 0 0 0 0 2 0 2 0 0 0 4 1 0 0 0 0 0 0 0 0 0 0 0 0 0 12 0 14 0 0 0 0 0 0 0 0 0 0 0 0 
 0 74 22 74 30 185 4 0 36 17 158 1 0 0 0 22 0 23 0 0 47 138 402 139 93 60 254 47 125 147 76 54 160 200 403 276 126 270 279 0 0 0 0 3 0 3 0 3 0 0 0 0 0 0 0 0 0 0 11 1 0 0 3 0 2 3 0 2 0 0 0 0 0 0 0 0 0 0 0 0 12 1 0 0 10 7 0 0 0 14 9 0 0 0 0 0 4 0 0 0 21 11 0 0 1 0 0 17 9 0 0 0 19 4 12 30 0 11 0 1 0 0 0 0 0 0 1 7 0 0 0 0 0 0 0 0 0 0 0 0 0 0 0 0 0 6 0 0 0 0 0 0 0 0 0 0 0 0 0 0 0 0 0 0 8 9 0 0 0 6 8 16 0 0 0 0 0 1 0 0 12 23 25 18 17 23 29 47 24 23 0 9 9 11 19 28 12 12 14 8 0 0 0 0 0 0 25 0 0 0 0 0 0 0 0 0 0 0 0 0 0 0 0 0 0 0 0 0 0 9 0 0 0 0 0 0 0 0 0 0 0 0 0 0 0 2 0 0 0 0 0 0 0 1 4 2 0 2 0 2 0 0 0 0 0 0 0 0 0 0 0 0 0 0 0 0 0 0 0 0 0 0 0 0 0 0 0 0 0 0 
 0 0 0 2 0 0 0 3 0 0 0 0 0 0 0 0 0 0 0 0 0 0 0 1 0 125 0 0 0 0 0 3 5 0 0 0 52 0 0 0 0 233 229 365 318 36 372 385 428 256 59 43 215 502 195 133 45 43 106 292 0 0 0 0 0 0 3 0 0 0 0 0 0 0 3 0 3 0 0 6 0 0 0 0 0 0 0 0 0 0 0 0 0 0 0 0 0 0 0 0 0 0 0 0 0 11 0 0 0 0 0 0 0 0 0 0 0 0 0 0 28 28 15 52 0 9 0 6 10 9 0 12 0 1 0 10 34 0 0 9 0 0 0 0 0 0 14 0 0 0 0 11 0 0 0 0 0 0 9 9 0 0 0 0 2 0 0 0 0 0 0 0 0 0 0 0 0 1 0 0 0 0 0 2 0 0 0 0 0 0 0 0 0 0 0 0 0 0 0 0 0 14 2 9 36 0 0 0 11 2 1 16 21 7 12 0 37 19 10 10 0 0 0 0 0 0 0 0 0 0 0 0 0 0 0 0 0 0 20 0 0 0 0 0 0 0 0 0 0 0 0 13 0 0 0 0 0 0 0 10 0 0 2 0 0 12 4 0 0 0 0 0 0 0 0 0 0 0 0 0 0 0 0 0 0 25 0 23 2 0 
 0 0 0 0 0 0 0 0 0 0 0 0 0 0 0 4 0 0 0 0 0 0 0 0 41 90 0 0 0 0 1 0 0 0 0 0 0 0 0 0 233 0 138 300 48 38 392 101 355 50 35 119 58 205 63 187 47 29 78 60 0 0 1 0 3 0 2 0 0 2 0 0 0 3 0 0 0 51 0 13 0 0 0 0 0 0 0 0 0 0 0 0 0 0 0 0 0 0 0 0 0 0 1 0 0 13 0 0 0 0 0 9 0 0 0 0 0 0 0 0 31 17 48 54 34 0 9 20 42 1 21 35 8 9 16 12 11 22 0 1 0 0 0 0 0 0 15 0 0 0 0 5 0 0 0 0 0 0 18 1 0 0 0 0 0 0 0 0 0 0 0 0 0 0 0 0 0 0 0 0 0 0 0 0 0 8 0 0 0 0 0 0 0 0 0 0 0 0 0 0 11 6 34 19 27 0 2 1 0 0 24 14 18 1 13 1 4 31 18 0 0 0 0 0 0 0 7 1 0 0 0 0 6 0 0 0 0 0 26 3 0 0 1 0 0 0 0 0 0 0 1 13 0 0 0 0 13 0 10 0 84 0 0 0 2 3 2 0 0 0 0 0 0 0 0 0 0 0 0 0 14 1 0 0 8 31 0 0 2 0 
 2 0 2 63 3 2 5 2 3 3 2 2 2 2 2 2 2 2 2 2 0 0 0 0 0 49 0 0 0 0 0 3 0 0 0 0 0 0 0 0 229 138 0 125 49 98 73 87 488 116 63 141 89 259 97 234 103 92 28 106 1 0 0 0 0 3 2 0 0 0 0 0 0 64 0 0 5 0 0 0 0 0 0 0 0 0 0 0 0 0 8 0 0 0 0 0 0 0 0 0 0 0 0 0 0 0 0 0 0 0 0 0 0 0 0 0 0 0 0 0 1 11 0 13 8 16 0 10 0 27 14 0 0 0 0 0 21 19 0 0 0 0 0 0 0 0 0 12 5 0 0 0 12 0 0 0 1 0 0 0 0 0 0 0 8 0 0 0 0 0 0 0 0 0 0 0 0 10 0 0 0 0 0 3 0 0 0 0 0 0 0 0 0 0 0 0 0 0 0 0 0 11 0 21 22 68 0 0 12 16 31 0 7 6 15 0 25 34 0 5 0 18 0 0 0 1 20 10 1 0 0 0 56 0 0 11 0 0 19 0 0 0 9 0 0 0 0 0 0 0 0 6 0 0 0 0 0 0 0 1 0 0 34 0 0 4 0 37 2 0 26 0 0 0 0 0 0 0 0 0 0 0 0 0 0 15 0 1 0 0 
 0 7 29 3 6 4 6 0 6 0 4 0 0 0 2 4 0 6 0 0 0 0 0 0 0 0 3 0 0 0 0 1 0 0 0 3 0 0 5 3 365 300 125 0 281 30 78 541 88 229 124 106 62 278 289 112 86 142 87 64 50 58 0 0 0 0 1 0 0 0 0 2 0 0 0 0 5 0 0 2 0 0 0 0 0 0 0 0 0 5 0 0 0 0 0 0 3 0 0 0 0 0 0 0 0 0 0 0 0 0 0 0 5 0 0 0 0 0 0 0 16 0 13 15 0 28 0 0 7 6 4 11 0 0 0 0 0 12 0 0 0 7 0 0 4 0 0 20 2 0 0 3 12 0 0 0 0 0 17 0 0 0 0 14 5 0 0 0 0 0 0 0 0 0 0 0 0 0 0 0 0 1 0 0 0 0 5 4 0 0 0 0 0 0 0 0 0 0 0 18 0 10 7 48 0 72 0 0 0 0 10 55 0 0 1 0 0 37 0 0 10 34 0 0 0 0 5 10 1 35 0 0 1 33 0 11 0 9 26 0 0 0 9 0 0 0 0 0 0 0 0 7 0 2 0 0 0 0 0 11 1 0 0 2 2 19 0 35 1 0 0 0 0 0 0 0 0 0 0 0 0 0 0 0 0 0 0 0 2 0 
 2 0 0 0 0 0 0 3 0 0 0 28 0 0 0 0 0 0 2 3 10 4 0 0 0 3 0 0 5 1 0 1 3 2 0 5 0 7 1 0 318 48 49 281 0 129 40 61 151 180 315 56 94 76 323 113 125 88 90 97 0 80 2 0 0 0 2 2 0 0 0 0 0 22 70 53 16 0 76 31 0 0 0 0 0 0 0 0 0 0 0 5 0 0 0 0 0 0 0 0 12 0 20 0 0 0 2 11 2 1 0 0 0 0 5 10 2 0 0 0 0 7 1 19 2 0 0 0 14 2 1 3 0 11 0 0 9 0 0 0 1 0 0 0 4 0 15 25 0 0 0 0 18 10 0 0 0 0 0 14 0 0 0 0 0 5 0 0 0 0 0 0 0 0 0 0 0 0 0 0 5 16 16 0 1 0 0 0 0 0 2 0 23 6 0 7 34 0 0 0 0 0 0 1 13 15 0 0 0 0 6 14 0 0 0 0 0 18 0 0 6 21 0 10 0 0 21 11 0 0 0 0 13 8 0 0 0 18 18 1 0 0 1 0 0 0 0 0 0 0 0 2 0 22 0 0 0 0 0 0 0 0 2 64 64 3 2 0 0 1 0 0 0 0 0 0 0 0 0 0 0 0 0 0 0 18 0 0 0 0 
 0 0 0 0 0 0 3 3 3 0 0 1 0 0 0 0 0 0 0 0 3 3 3 3 3 3 3 2 2 2 3 3 3 4 3 3 3 5 3 3 36 38 98 30 129 0 72 34 53 300 108 60 36 66 48 161 164 424 62 67 0 50 3 0 0 0 5 2 1 0 0 0 1 27 22 51 0 0 51 6 16 0 0 0 0 0 0 0 0 0 0 0 0 0 0 0 0 0 0 0 0 0 0 0 0 0 0 0 10 0 0 0 0 0 0 0 0 0 0 0 0 0 0 0 0 0 0 0 0 0 1 23 1 0 0 0 0 0 0 0 25 0 0 0 0 1 2 46 6 42 6 0 25 18 3 6 0 5 10 35 0 0 0 0 0 0 0 0 0 0 0 0 0 0 3 0 0 0 0 0 0 0 0 0 0 0 0 0 0 0 0 0 0 0 0 0 0 0 0 0 1 0 0 0 0 0 0 0 18 20 0 0 0 0 0 22 0 32 0 0 1 14 4 10 0 0 18 25 19 1 0 3 32 42 21 0 6 11 0 1 0 0 0 0 0 0 0 0 0 0 0 7 0 0 0 0 0 0 0 0 0 0 2 3 33 2 10 4 0 0 0 0 0 0 0 0 0 0 0 0 0 0 0 0 0 13 0 0 2 0 
 0 0 0 0 4 0 0 0 0 0 0 0 0 0 0 0 0 0 0 0 0 0 0 0 137 79 0 0 0 2 127 0 1 0 1 0 0 0 0 0 372 392 73 78 40 72 0 171 255 28 13 104 153 198 246 31 42 53 124 54 44 0 0 0 0 0 1 0 0 0 0 50 0 0 0 0 0 0 0 0 0 0 0 0 0 0 0 0 0 0 0 0 0 0 0 0 0 0 0 0 0 0 0 0 29 4 0 0 0 0 0 14 0 0 0 0 0 0 0 0 38 28 2 9 21 1 8 25 18 15 14 13 9 50 59 28 6 30 0 54 17 0 0 1 0 0 0 0 0 0 0 8 5 0 0 0 0 0 23 10 0 0 0 0 0 0 0 0 0 0 0 0 0 0 0 0 0 0 0 0 0 0 0 0 12 25 0 0 0 0 5 0 0 0 0 0 0 0 0 0 33 28 16 21 15 0 44 19 7 0 33 0 0 25 26 26 8 23 16 20 0 0 0 0 0 0 7 10 0 0 0 0 4 0 0 0 0 0 8 4 0 0 0 0 0 0 0 0 0 0 0 7 0 0 0 0 0 32 1 0 0 0 0 0 1 10 0 0 0 0 0 0 0 0 0 0 0 0 0 0 0 24 0 0 0 0 0 0 0 0 
 2 0 0 0 0 0 3 3 0 0 0 0 0 0 0 0 63 0 3 0 3 3 3 3 34 135 4 3 3 10 6 6 3 3 3 3 3 3 3 3 385 101 87 541 61 34 171 0 99 42 24 98 287 184 204 196 319 26 81 141 0 0 0 0 0 0 1 0 0 0 6 0 0 0 0 0 0 0 50 1 0 0 0 0 0 0 0 0 0 0 0 0 0 0 0 0 0 0 0 0 0 0 9 0 0 0 0 0 0 0 0 0 0 0 0 0 0 0 0 0 77 20 8 22 7 19 42 12 30 0 1 10 32 2 18 5 7 0 0 9 0 0 5 0 0 0 0 0 0 1 0 6 0 0 0 0 0 0 41 10 0 0 0 0 11 0 0 0 0 0 0 0 0 0 0 0 0 0 0 0 0 0 0 0 11 5 0 0 0 0 0 0 0 0 0 0 0 0 0 0 13 49 36 61 13 0 61 10 0 18 5 19 7 40 18 23 10 32 18 23 0 0 0 0 0 0 0 0 0 0 0 0 0 0 0 0 0 0 12 0 0 0 0 0 0 0 0 0 0 18 0 11 0 1 0 0 0 0 0 4 0 0 2 0 1 11 2 0 0 0 1 0 0 0 0 0 0 0 0 0 0 0 3 0 17 0 0 0 1 7 
 3 54 3 3 6 3 26 3 3 3 3 3 3 3 3 3 3 3 3 5 0 0 0 0 6 42 0 0 2 0 2 3 0 0 0 0 0 0 0 0 428 355 488 88 151 53 255 99 0 135 58 160 92 172 173 271 36 39 97 168 53 0 0 0 0 0 2 0 0 0 0 0 2 0 0 0 0 0 0 7 0 0 0 0 0 0 0 0 0 0 0 0 0 0 0 9 0 0 0 0 0 0 0 0 0 0 0 0 0 0 0 0 0 0 0 0 0 0 0 0 14 23 6 26 0 0 17 3 0 6 2 11 0 31 0 1 12 0 0 11 0 0 0 0 0 0 8 0 5 0 0 0 0 0 0 0 0 0 14 1 0 0 0 0 0 0 0 0 0 0 0 0 0 0 0 0 0 9 0 0 0 0 0 0 0 1 0 0 0 0 0 0 0 0 12 0 0 0 0 0 0 24 1 14 20 0 0 0 9 0 0 12 24 8 9 0 32 1 0 20 0 0 0 0 0 0 0 0 0 12 0 0 13 13 0 0 0 0 7 0 0 0 0 0 0 0 0 0 0 0 0 7 0 0 0 0 0 0 0 0 0 0 65 0 0 1 1 0 0 0 19 0 0 0 0 0 0 0 0 0 0 0 0 0 23 18 0 9 2 0 
 0 0 0 0 0 0 3 0 2 0 0 0 0 0 1 0 0 0 0 0 0 0 0 3 10 0 0 0 0 0 0 1 0 0 0 0 0 0 0 0 256 50 116 229 180 300 28 42 135 0 205 128 33 86 94 331 170 559 93 307 39 0 0 0 0 0 34 0 0 0 1 0 0 0 0 1 9 0 0 0 0 0 1 0 0 0 0 0 0 0 0 0 0 0 0 0 0 0 0 0 0 0 0 0 0 6 0 0 0 0 0 5 0 0 0 0 0 0 0 0 0 0 0 0 14 0 0 0 4 0 12 1 5 0 24 1 11 0 8 0 1 0 0 0 6 0 0 23 4 9 0 0 13 0 0 12 0 0 0 1 0 0 0 0 0 9 0 0 0 0 0 9 0 0 11 0 0 0 0 0 0 0 0 0 0 0 0 0 0 0 0 0 0 0 0 0 0 0 0 0 0 0 0 2 0 45 0 0 10 1 39 19 0 0 0 0 0 24 1 0 17 23 4 0 0 0 19 22 38 20 0 0 23 31 0 9 0 0 16 0 0 0 19 0 0 0 0 0 0 0 0 9 0 0 0 0 0 0 10 3 0 1 3 66 6 2 2 65 1 0 0 0 0 0 0 0 0 0 0 0 0 4 1 0 0 4 0 0 0 0 
 0 0 0 0 0 0 0 3 0 0 0 0 0 0 0 0 0 0 0 2 0 0 0 0 0 1 0 0 2 0 0 0 0 0 0 0 0 0 0 0 59 35 63 124 315 108 13 24 58 205 0 61 91 31 89 92 151 54 37 300 53 1 1 0 2 62 49 0 0 1 0 0 0 0 1 0 0 0 53 106 0 0 0 0 0 0 0 0 0 0 0 0 0 0 0 0 0 0 0 0 0 0 0 0 0 0 0 0 0 0 0 0 0 0 0 0 0 0 0 0 0 0 6 12 8 17 0 0 15 7 2 0 19 0 0 0 0 32 0 0 11 0 21 0 0 0 0 25 9 0 0 0 0 0 0 3 8 0 0 14 0 0 0 0 0 0 0 0 0 0 0 0 0 0 0 0 0 0 0 12 0 0 0 0 0 0 0 0 0 0 0 0 0 0 0 0 0 0 0 0 0 0 0 10 10 15 11 0 7 18 8 30 0 0 0 10 15 14 0 0 23 35 23 12 0 0 1 0 0 0 0 0 0 6 0 0 0 1 0 45 0 0 10 0 0 0 0 0 0 0 0 7 0 0 0 0 0 0 0 10 0 0 0 63 0 0 0 0 1 0 0 0 0 0 0 0 0 0 0 0 0 0 0 0 8 0 0 0 1 0 
 0 0 1 6 1 0 3 0 1 0 58 5 0 0 0 0 0 1 0 0 71 0 1 0 3 0 6 12 2 0 0 0 0 6 0 2 0 0 0 0 43 119 141 106 56 60 104 98 160 128 61 0 161 58 113 45 372 152 38 314 0 0 0 0 0 0 0 0 0 0 0 0 11 0 56 0 12 4 0 0 0 3 0 0 0 6 0 0 0 1 6 13 0 0 0 0 0 0 0 0 0 0 12 0 0 0 16 2 0 0 0 0 1 3 2 0 0 0 0 0 22 0 13 18 4 10 0 0 9 6 35 11 0 0 0 0 21 20 0 0 16 0 0 0 0 0 0 14 8 0 0 10 17 0 0 0 0 0 37 0 0 0 0 0 15 3 0 0 0 0 0 0 0 0 0 0 0 0 0 0 3 14 0 0 0 0 1 0 9 0 0 0 0 3 17 7 0 0 0 2 7 2 10 64 20 13 0 0 18 1 10 0 0 0 24 0 19 25 0 0 0 12 0 0 0 0 13 11 1 1 0 0 22 14 0 9 0 0 35 11 0 0 10 0 0 0 13 0 0 0 0 24 0 0 0 0 0 0 0 12 0 13 10 0 2 16 0 34 1 0 19 0 0 0 0 0 0 0 0 0 0 0 0 0 0 0 0 14 0 0 
 0 0 0 3 0 0 0 0 2 0 0 17 0 0 0 0 0 3 0 0 0 0 0 0 19 67 0 49 0 0 0 0 0 0 0 0 0 0 0 0 215 58 89 62 94 36 153 287 92 33 91 161 0 217 106 155 47 45 367 182 6 8 3 9 3 0 2 0 0 1 0 3 0 0 0 2 13 3 0 5 0 1 0 0 0 0 0 0 0 0 0 0 0 0 0 2 0 0 0 0 0 0 0 7 5 15 0 0 0 3 0 0 0 0 0 0 0 0 0 0 31 0 32 25 54 10 7 0 31 0 1 20 20 5 0 11 7 0 0 10 0 0 23 12 14 5 0 20 0 18 0 12 0 0 0 0 0 20 43 0 0 0 0 0 13 0 0 0 0 0 0 0 0 0 0 0 0 0 0 0 0 0 0 0 10 7 0 0 0 0 1 0 0 0 0 0 0 0 0 0 1 21 28 10 10 0 7 1 0 10 9 0 11 0 10 41 10 24 11 11 6 0 0 8 8 0 0 0 6 7 2 1 1 0 0 0 11 49 10 0 0 0 0 0 0 0 0 0 0 0 0 9 0 0 0 0 0 0 0 12 0 0 0 0 0 16 0 0 2 0 46 0 0 0 0 5 0 0 0 0 0 0 0 0 28 0 0 9 2 0 
 0 0 0 0 0 0 0 0 0 0 0 0 0 0 0 0 0 0 69 0 0 0 1 69 127 106 0 0 0 20 63 63 0 0 0 64 4 1 0 0 502 205 259 278 76 66 198 184 172 86 31 58 217 0 253 89 28 258 263 390 0 0 0 0 0 0 0 0 0 0 0 0 0 0 0 0 0 0 0 0 0 0 0 0 0 0 0 0 0 0 0 0 0 0 0 0 0 0 0 0 0 0 5 19 1 30 0 0 1 1 7 0 0 0 0 0 0 0 0 0 55 18 6 20 0 0 20 0 15 0 27 0 21 18 0 44 0 0 4 27 0 0 0 0 0 0 2 0 0 0 0 4 0 0 0 0 0 0 10 2 0 1 0 0 0 0 4 0 0 0 0 0 0 0 0 0 0 0 3 0 0 0 0 12 31 79 0 0 0 6 20 0 0 0 0 1 0 4 0 0 0 21 20 11 0 0 3 13 0 0 0 0 51 9 0 15 0 0 47 39 0 0 0 0 0 13 0 0 0 0 0 0 0 0 0 0 0 0 1 0 0 0 2 0 0 0 0 0 0 0 0 2 0 0 0 0 0 0 65 0 0 0 0 0 2 4 2 0 0 0 0 0 0 0 0 0 0 0 0 0 0 4 0 0 3 0 0 24 2 0 
 0 0 0 0 0 0 2 0 1 0 0 0 0 0 0 0 0 0 0 0 0 0 0 0 0 121 0 0 0 0 2 2 0 0 0 0 5 0 0 0 195 63 97 289 323 48 246 204 173 94 89 113 106 253 0 431 105 40 69 467 3 6 6 0 2 2 2 0 0 1 2 8 2 1 1 3 4 0 0 36 0 0 0 0 0 1 0 0 0 0 0 0 0 0 0 0 0 0 0 2 0 0 0 0 0 0 0 0 0 0 0 0 0 0 0 0 0 0 0 0 20 12 6 27 0 8 11 17 0 12 1 5 25 0 0 16 7 0 0 11 0 0 2 0 0 0 0 0 0 0 0 0 0 0 0 0 0 0 11 0 0 0 0 0 0 0 0 0 0 0 0 0 0 0 0 0 0 3 0 0 0 0 0 0 12 0 0 0 0 0 0 0 0 0 0 0 0 0 0 0 0 29 15 1 21 0 30 0 0 26 4 22 19 24 10 10 25 12 12 20 0 0 0 0 0 0 0 0 0 0 0 0 0 0 0 0 0 0 0 0 0 0 0 0 0 0 0 0 0 31 0 18 0 2 0 0 0 0 0 0 0 0 1 0 0 3 5 0 0 0 0 0 0 0 0 0 0 0 0 0 0 0 0 0 15 0 0 7 2 0 
 2 0 0 0 0 0 0 0 2 2 0 0 0 0 0 62 0 4 0 0 0 0 0 0 22 127 0 0 0 0 0 1 0 0 0 0 0 0 0 0 133 187 234 112 113 161 31 196 271 331 92 45 155 89 431 0 81 55 103 256 0 0 0 0 0 0 0 0 0 6 0 4 0 0 0 0 0 0 0 0 0 9 0 0 0 0 0 0 0 0 0 0 0 0 0 0 0 0 0 0 0 0 0 0 0 10 0 0 0 0 0 0 0 0 0 0 0 0 0 0 24 20 29 11 4 32 14 7 22 21 0 25 0 1 0 15 23 0 0 17 0 0 0 0 3 0 15 0 0 0 0 4 10 0 0 0 0 0 0 3 0 0 0 0 2 0 0 0 0 0 0 0 0 0 0 0 0 2 0 0 0 0 0 1 0 0 0 0 0 0 0 0 0 0 0 0 0 0 0 0 0 46 8 9 14 0 0 0 22 31 34 15 16 8 0 0 17 16 13 17 0 9 0 0 0 0 14 1 0 0 0 0 0 0 0 0 0 0 38 0 0 0 0 0 0 0 0 0 0 0 0 3 0 0 0 0 0 0 0 11 0 0 0 2 2 15 2 0 0 0 0 0 0 0 0 0 0 0 0 0 0 0 0 0 0 34 0 0 0 4 
 0 1 0 0 0 0 7 0 0 0 0 0 0 0 0 0 0 0 0 0 0 0 0 0 0 0 0 0 0 0 0 0 0 0 0 0 0 62 0 0 45 47 103 86 125 164 42 319 36 170 151 372 47 28 105 81 0 216 42 35 0 0 0 0 0 0 1 0 0 0 0 0 0 0 0 0 11 0 0 0 0 0 0 0 0 0 0 0 0 0 0 0 0 0 0 37 0 0 0 0 0 0 0 0 0 0 0 0 0 0 0 0 0 0 0 0 0 11 0 0 3 0 3 8 46 51 0 0 0 10 32 15 0 0 0 0 0 35 0 2 11 0 0 0 0 0 0 35 0 0 0 0 23 0 0 0 0 0 0 17 0 0 0 0 0 0 0 0 0 0 0 0 0 0 4 0 0 0 0 0 0 0 0 0 0 0 0 0 0 0 0 0 0 0 0 0 0 0 0 0 1 2 3 31 25 19 0 2 11 18 33 11 0 3 3 4 11 21 0 0 0 10 0 0 0 0 29 38 1 0 0 0 6 7 0 7 0 1 20 1 0 0 10 0 0 0 0 0 0 0 0 13 0 2 0 0 0 0 0 1 0 0 0 1 32 0 1 9 2 0 0 0 0 0 0 0 0 0 0 0 11 0 4 0 13 0 0 0 2 0 
 1 0 0 0 0 0 1 0 0 0 0 1 0 2 80 0 0 0 0 0 0 70 0 0 0 0 0 0 0 0 0 2 0 0 1 0 0 0 0 0 43 29 92 142 88 424 53 26 39 559 54 152 45 258 40 55 216 0 27 59 4 0 3 0 0 0 2 3 3 0 10 0 0 0 31 4 4 0 0 4 0 0 0 5 0 0 0 0 0 0 1 0 0 0 0 0 0 0 0 0 0 0 0 0 0 0 0 0 0 0 0 0 0 0 0 0 0 0 0 0 0 0 6 1 34 17 0 0 11 7 31 0 0 0 0 0 1 68 0 0 19 0 11 0 5 14 8 19 5 6 3 0 37 0 0 0 0 11 21 30 0 0 0 0 0 0 0 0 12 0 0 0 0 0 5 0 0 0 0 0 0 0 0 0 0 0 0 0 0 0 0 0 0 0 0 18 0 0 0 0 0 0 0 27 20 0 0 0 14 14 11 8 0 0 0 4 18 19 0 0 7 0 6 0 3 0 12 23 0 0 5 8 12 16 0 0 4 0 0 4 0 0 13 0 0 0 0 0 0 0 0 6 0 1 0 0 0 0 0 0 0 2 87 2 69 3 7 0 1 0 19 0 0 0 0 4 0 0 0 0 0 0 0 0 0 0 0 0 3 0 
 0 1 1 2 0 15 3 2 0 3 6 0 1 1 1 1 1 1 0 1 35 3 5 5 84 71 65 72 69 4 70 9 3 5 5 5 33 5 4 11 106 78 28 87 90 62 124 81 97 93 37 38 367 263 69 103 42 27 0 64 0 0 0 2 0 0 0 0 0 0 0 4 0 0 0 0 0 2 0 2 0 0 0 2 0 0 0 0 0 0 0 11 0 0 0 0 0 0 0 17 0 0 0 1 22 0 0 4 0 0 0 1 0 0 0 0 0 13 0 0 1 13 19 0 0 0 2 0 8 15 0 0 32 1 0 2 0 0 15 23 0 7 0 0 0 0 0 0 0 0 0 9 0 0 0 0 0 0 0 4 0 1 0 6 0 0 4 0 0 0 0 0 7 0 0 0 0 0 0 10 0 19 9 0 12 21 0 0 14 1 8 8 0 0 8 0 22 14 0 0 1 17 0 0 0 9 39 0 0 0 0 1 9 11 13 12 0 0 25 10 0 0 0 0 0 0 0 0 0 0 0 0 0 0 0 0 0 0 0 0 0 0 0 0 0 0 0 0 2 0 0 17 1 0 0 0 0 63 0 0 0 0 1 0 0 2 0 0 0 0 0 0 0 0 0 0 0 0 0 0 0 0 0 0 0 0 0 0 0 0 
 7 1 57 7 5 72 59 2 8 56 2 2 63 64 3 6 2 64 0 3 4 2 78 2 1 26 2 0 1 1 0 2 203 4 4 1 2 1 1 1 292 60 106 64 97 67 54 141 168 307 300 314 182 390 467 256 35 59 64 0 0 5 1 3 5 0 4 0 0 10 3 14 3 51 0 0 2 7 0 0 7 0 0 0 0 0 0 4 0 0 0 0 11 1 21 11 0 0 1 1 0 0 0 0 0 0 0 0 0 0 0 0 0 0 0 0 0 0 0 0 18 21 0 9 9 16 14 12 0 10 0 1 0 0 0 8 24 0 0 0 0 0 0 0 0 0 16 0 0 0 0 0 0 0 0 2 11 0 0 0 0 0 0 0 0 9 4 0 0 0 0 0 0 0 0 0 0 15 0 0 0 0 0 0 0 0 0 0 0 0 0 0 0 0 0 0 0 0 0 0 0 28 8 0 43 0 0 0 2 15 22 16 14 14 13 0 40 1 1 21 0 0 0 1 0 11 17 0 2 1 0 0 0 0 0 0 0 0 41 0 0 0 0 0 0 0 2 0 0 0 0 7 0 0 0 0 0 0 0 22 0 0 0 0 1 1 0 0 0 0 5 0 0 0 2 0 0 0 0 0 0 0 0 0 0 20 0 1 0 0 
 0 0 3 0 0 0 0 0 0 0 0 0 0 0 0 0 0 0 0 0 0 0 0 0 1 0 0 2 0 0 0 31 0 0 0 0 0 0 0 0 0 0 1 50 0 0 44 0 53 39 53 0 6 0 3 0 0 4 0 0 0 120 325 44 23 60 73 330 127 35 88 30 66 57 60 36 87 30 71 74 0 0 0 0 0 0 0 0 0 0 0 0 0 0 0 0 0 0 0 0 0 0 0 0 0 0 0 0 0 0 0 0 0 0 0 0 0 0 0 0 0 0 0 0 0 0 0 0 0 0 0 0 0 0 0 0 0 0 0 0 22 27 9 27 31 10 14 0 25 16 9 21 0 0 0 0 0 0 0 0 0 0 11 0 0 0 0 0 0 0 0 0 0 0 0 2 0 0 0 0 0 0 0 3 0 0 0 0 0 0 0 0 0 0 0 0 0 0 0 4 0 0 0 0 0 19 0 0 6 0 0 10 0 0 0 0 0 0 0 0 32 19 0 12 8 2 5 0 1 31 4 17 15 21 14 0 20 26 16 13 0 0 0 0 0 0 0 0 0 0 0 0 0 0 5 0 0 0 0 0 0 0 11 0 0 0 2 0 0 0 1 2 1 11 0 28 0 0 0 0 0 0 0 0 0 0 0 0 0 0 
