 0 161 182 163 42 47 232 54 294 118 299 42 246 220 157 39 277 127 46 41 1 7 0 6 0 7 1 3 0 0 4 2 5 0 3 3 6 0 0 3 2 3 0 0 7 2 2 0 2 3 6 2 6 0 0 0 80 0 0 2 0 0 3 3 0 0 2 0 52 7 2 8 3 0 2 3 5 2 0 0 57 0 27 1 0 16 1 3 26 13 9 33 26 33 20 15 7 2 0 33 0 0 0 0 0 0 0 0 0 0 0 9 0 0 0 0 0 0 0 0 0 0 0 1 0 0 0 0 0 0 0 0 0 0 0 0 0 0 0 0 0 28 0 0 0 1 0 0 0 0 0 0 0 0 9 0 5 25 0 0 24 22 11 29 22 0 63 23 21 26 13 13 18 0 32 24 17 0 0 21 0 0 2 0 0 0 0 0 0 1 0 0 0 0 0 0 0 0 0 1 0 0 0 0 0 0 0 0 0 0 0 2 0 0 0 0 0 0 0 0 0 0 0 0 0 0 0 0 0 0 0 0 2 0 0 0 0 2 0 0 0 0 0 0 0 1 0 1 0 90 0 9 0 0 0 0 0 0 0 0 0 0 0 0 0 0 0 0 0 0 0 0 2 0 0 1 0 0 0 0 0 0 0 0 0 0 0 0 0 0 
 161 0 80 73 31 52 192 294 285 29 122 119 52 161 132 211 117 218 421 140 0 3 3 76 0 3 2 85 0 3 0 4 0 0 5 73 0 1 0 2 3 3 0 0 0 0 0 0 0 0 0 0 0 4 0 0 0 0 1 0 0 0 3 0 0 0 2 1 0 0 0 2 3 0 0 0 2 2 0 0 14 14 64 27 0 10 19 14 15 31 21 19 29 49 16 21 0 20 17 75 0 0 0 20 0 0 0 0 0 0 0 0 0 0 0 0 0 0 0 0 0 0 0 0 0 0 0 1 0 0 0 0 2 0 0 0 0 0 0 0 0 0 0 0 0 0 0 0 0 0 0 0 0 1 0 0 1 0 0 0 0 1 0 2 0 0 16 10 15 0 24 0 44 8 1 65 13 36 20 30 0 0 0 0 0 0 0 0 0 0 0 0 0 0 0 0 0 0 21 0 0 0 0 0 0 0 0 0 0 0 0 0 0 0 0 0 0 0 0 0 0 0 0 0 0 0 0 0 0 0 0 0 0 0 0 0 0 0 0 0 0 21 0 0 0 0 2 2 3 1 0 9 5 0 0 0 0 0 0 0 0 0 0 0 0 0 0 0 0 0 0 0 0 0 0 0 0 0 0 0 0 0 0 0 0 0 0 0 0 0 
 182 80 0 227 44 128 90 459 250 328 130 91 140 245 274 67 64 143 42 233 74 3 0 0 0 3 0 7 0 0 0 2 147 0 6 0 0 0 49 60 3 3 0 0 0 0 0 0 0 0 0 0 0 0 0 0 0 0 0 0 0 0 3 44 0 0 4 0 0 0 0 0 3 0 0 0 3 2 1 0 2 0 0 49 22 20 0 13 0 29 10 31 0 0 18 11 9 29 0 0 11 0 1 0 0 0 8 17 15 0 0 0 31 20 0 0 0 0 2 8 2 0 0 0 0 0 0 0 0 2 0 0 0 0 1 0 0 21 0 0 0 1 0 0 0 7 0 0 0 0 0 0 0 1 0 6 0 2 0 0 17 11 0 21 32 1 14 0 1 29 14 38 0 15 10 0 22 14 0 0 2 0 0 0 0 0 11 15 0 0 0 0 16 0 13 0 0 0 0 1 0 0 0 0 0 0 0 0 0 2 0 0 6 0 0 0 0 0 0 0 0 0 0 0 0 0 0 0 0 0 0 0 0 0 0 0 0 0 0 0 0 0 0 0 0 0 2 0 0 1 0 8 0 0 0 0 0 0 0 0 0 0 0 0 0 0 0 0 0 0 0 0 0 0 0 0 16 0 0 0 0 0 0 0 0 0 0 0 0 0 
 163 73 227 0 263 272 189 84 116 292 276 129 140 227 253 262 331 157 510 163 0 3 0 0 0 3 0 0 0 2 0 3 0 0 3 0 0 0 0 1 3 3 0 0 0 3 0 0 0 0 0 0 0 0 0 0 5 2 1 0 0 0 3 0 0 0 2 0 0 0 0 0 3 0 0 0 3 2 0 0 39 14 25 16 1 35 35 127 0 14 26 12 0 0 36 48 9 0 0 15 0 0 0 0 0 0 0 0 0 0 0 0 23 0 36 0 0 0 0 12 0 0 0 0 0 0 0 0 2 0 0 0 0 0 0 0 0 19 0 1 1 0 0 0 0 0 0 0 0 0 0 0 0 3 0 0 0 0 0 0 0 20 0 53 0 0 45 26 2 33 36 1 0 31 65 30 16 0 0 0 9 0 1 0 0 0 0 2 0 0 0 0 16 0 0 0 0 0 14 0 0 0 0 0 0 0 0 0 0 0 0 0 0 0 0 60 0 0 0 0 0 0 0 0 0 0 2 0 0 0 0 2 0 0 0 0 16 0 0 0 0 0 0 0 0 1 51 0 1 68 0 16 0 0 2 0 0 0 0 0 0 0 3 0 0 0 0 0 0 0 0 0 0 0 0 10 8 0 0 0 0 0 0 0 0 0 0 0 0 0 
 42 31 44 263 0 174 68 155 77 135 223 138 144 172 76 182 153 63 274 450 0 4 0 0 0 4 74 103 0 0 0 2 2 0 4 0 0 0 74 1 3 3 0 0 0 34 0 0 0 0 0 0 0 0 0 0 0 0 1 0 0 0 3 0 0 0 2 0 0 0 0 0 3 0 0 0 3 2 0 32 0 0 18 0 16 0 33 4 0 0 12 0 2 0 0 18 14 27 0 0 11 0 0 25 0 2 13 21 9 22 0 0 0 13 0 14 2 0 4 23 0 0 0 0 0 0 0 0 0 0 2 0 0 0 15 0 0 1 0 0 0 0 0 0 0 0 0 0 0 0 0 0 0 17 0 0 0 0 0 0 1 5 25 1 20 10 0 15 12 0 13 24 0 1 17 18 0 42 0 0 34 0 11 0 0 0 14 0 1 0 10 0 16 0 8 1 18 8 54 12 0 7 0 0 0 0 0 0 0 0 0 0 0 0 57 0 0 9 0 0 0 0 0 0 0 2 0 0 0 0 0 0 11 0 0 0 0 0 15 0 0 0 0 0 0 0 105 0 5 0 23 10 2 0 0 0 0 0 0 0 78 0 9 0 0 0 0 0 0 0 0 0 0 1 0 10 35 0 0 0 0 0 0 0 0 0 7 0 0 0 
 47 52 128 272 174 0 52 42 348 149 112 53 188 46 164 282 57 109 294 70 36 80 157 0 0 3 96 0 0 74 0 2 40 91 3 0 5 0 81 76 3 5 0 57 2 0 0 0 0 0 0 0 0 0 0 0 0 0 0 0 0 0 3 0 0 0 12 0 0 0 0 0 3 0 0 0 13 2 0 0 0 0 0 0 8 10 0 0 0 0 9 0 2 0 0 28 0 0 0 0 15 11 14 18 0 42 12 16 0 11 0 11 15 1 20 17 12 0 1 30 0 18 0 0 0 0 0 0 0 18 2 0 0 0 0 0 0 0 0 0 0 0 0 0 0 0 4 0 0 1 13 0 0 0 0 0 0 0 12 0 0 0 0 0 0 9 0 0 0 0 0 0 0 2 0 0 0 0 0 0 20 2 1 0 0 0 51 13 16 7 3 10 0 27 0 25 43 29 2 27 0 6 0 0 0 0 19 0 0 0 0 0 0 0 0 0 0 0 0 0 0 0 1 0 0 2 0 0 0 0 0 0 0 0 0 0 0 0 0 0 0 0 0 0 0 6 8 0 0 5 1 34 5 0 0 0 0 78 0 0 73 8 0 0 0 0 0 0 0 0 0 0 0 1 0 0 0 0 0 0 0 23 0 0 0 0 6 0 0 0 
 232 192 90 189 68 52 0 205 64 140 57 50 403 285 140 96 420 31 88 146 1 2 0 73 0 2 0 0 0 0 0 2 39 0 3 0 0 0 0 0 3 5 0 0 0 2 0 0 0 0 0 0 1 0 0 0 0 0 0 0 0 0 2 0 0 0 2 0 0 0 0 0 2 0 0 0 3 3 0 0 59 0 20 13 1 19 18 11 35 0 0 9 22 18 55 18 38 15 31 0 0 0 0 2 0 0 1 0 0 0 0 0 0 0 0 0 2 21 0 0 0 0 0 0 0 0 0 0 0 0 0 0 0 0 0 0 0 0 0 0 0 0 0 0 0 0 0 0 1 0 0 0 0 3 2 0 1 0 0 1 29 5 0 24 22 13 39 29 29 11 0 20 30 22 20 39 18 0 2 20 0 0 0 0 0 0 0 0 0 0 0 0 0 12 0 0 0 0 0 0 0 0 0 19 0 0 0 0 0 0 0 0 0 0 0 0 0 0 0 0 0 0 0 0 0 0 0 0 0 0 0 0 0 11 0 2 0 0 0 0 0 11 0 0 0 0 0 1 0 89 0 15 0 0 0 0 0 0 0 0 0 0 0 0 0 0 0 0 0 0 0 0 0 0 0 0 15 0 0 0 0 0 0 0 0 0 0 0 0 0 
 54 294 459 84 155 42 205 0 182 153 29 30 201 183 108 161 353 339 48 281 0 3 6 0 0 5 0 0 79 0 0 2 97 0 3 0 1 2 0 0 2 8 0 0 0 0 0 0 0 0 0 0 0 3 0 0 0 0 0 0 0 0 3 0 0 0 2 0 0 0 2 3 3 0 0 0 2 2 2 0 11 35 0 35 18 0 0 12 34 10 0 12 24 13 0 0 93 47 20 3 0 0 0 0 0 0 4 0 15 0 0 0 17 0 0 0 0 0 0 0 1 0 0 0 0 0 0 0 0 1 0 0 0 0 2 0 0 0 0 0 0 0 0 0 0 0 0 0 0 0 0 0 0 0 68 0 0 0 0 0 18 14 14 63 25 23 12 1 14 0 0 18 21 32 0 0 39 30 11 0 0 0 12 0 0 0 0 42 0 0 0 0 2 12 12 0 0 0 19 8 0 0 0 9 0 0 0 0 0 1 0 0 0 0 0 0 0 0 0 0 0 0 0 0 0 0 2 0 0 0 0 0 0 29 0 0 0 0 0 0 0 18 0 0 0 2 88 0 1 0 1 13 2 0 0 0 0 0 0 0 0 0 0 1 0 0 0 0 0 0 0 0 0 0 0 0 0 10 0 0 0 0 0 0 0 0 0 0 0 0 
 294 285 250 116 77 348 64 182 0 214 255 267 124 100 135 279 153 338 329 54 1 3 0 0 0 3 0 0 0 0 0 2 170 75 4 0 0 0 0 0 3 3 0 0 0 0 0 0 0 0 0 0 0 0 0 0 0 0 0 0 0 0 3 0 0 0 2 0 0 0 0 1 3 0 0 0 7 2 5 0 0 9 0 46 8 0 0 3 0 21 13 25 3 13 13 0 2 48 0 0 11 0 0 0 0 0 11 10 23 1 0 0 14 0 0 18 0 0 25 0 0 0 0 0 0 0 0 0 0 0 0 0 0 0 0 0 0 0 0 0 0 0 0 0 0 2 0 0 0 0 0 0 0 0 0 0 0 0 6 0 0 18 17 10 0 36 12 0 10 11 0 1 0 3 2 1 43 11 0 0 0 12 2 0 0 0 0 12 0 1 0 0 44 0 0 0 0 0 0 21 0 0 0 0 0 0 0 0 0 0 0 0 0 0 0 0 2 0 0 0 0 0 0 0 2 0 0 0 0 0 0 0 0 0 0 0 0 2 0 0 0 0 0 0 0 0 67 2 0 0 2 6 0 0 0 0 0 0 0 0 0 0 0 0 0 0 0 0 0 0 0 0 0 0 0 0 18 12 0 0 0 0 0 0 0 0 0 0 0 0 
 118 29 328 292 135 149 140 153 214 0 194 212 58 121 164 103 146 181 96 95 2 3 2 0 0 3 0 1 78 0 3 2 61 3 3 0 0 0 149 156 4 5 2 0 0 3 2 0 0 64 2 0 0 0 2 2 2 1 3 2 54 0 3 2 0 2 2 0 0 4 0 4 3 0 0 51 36 4 0 0 0 16 0 17 26 19 0 0 0 27 0 43 0 0 0 10 9 37 0 0 10 0 0 0 0 0 30 26 0 12 0 0 15 53 0 0 0 0 46 0 0 0 0 0 0 0 0 1 0 0 0 0 0 0 0 0 0 0 0 0 0 0 0 0 0 3 0 1 0 0 1 0 0 0 0 2 0 1 0 0 12 23 12 20 19 0 12 22 0 0 0 72 0 5 0 27 25 10 0 0 0 0 0 0 0 0 1 11 0 0 0 0 36 0 31 0 0 0 0 0 2 0 0 0 0 0 0 0 0 0 0 0 0 0 0 0 0 0 0 0 0 0 0 0 0 0 0 0 0 0 2 0 0 0 0 0 32 0 0 0 0 0 0 0 0 1 90 0 2 3 17 13 1 0 0 0 1 0 0 0 0 1 0 0 0 0 2 1 0 0 0 0 0 0 0 0 33 10 0 0 0 0 0 0 0 1 0 0 0 0 
 299 122 130 276 223 112 57 29 255 194 0 61 108 395 177 104 460 388 83 73 169 4 0 0 0 4 0 2 0 2 0 2 0 1 81 0 0 0 8 74 5 6 0 0 0 10 0 0 0 4 0 0 0 0 0 0 0 0 5 1 0 0 8 0 0 0 3 2 0 0 0 0 6 0 0 0 3 3 0 0 26 0 23 36 28 97 22 27 12 41 11 9 12 18 17 2 29 0 0 0 0 0 0 0 0 0 1 0 0 0 0 0 9 0 14 0 10 0 12 10 0 0 0 0 0 0 0 0 0 0 0 0 0 0 0 0 0 0 0 0 0 2 0 0 0 0 0 0 0 0 0 0 0 1 0 25 0 0 0 1 20 12 1 29 52 11 9 27 6 27 1 36 0 32 30 17 32 5 1 0 1 15 0 0 0 0 11 11 0 0 0 1 0 11 27 0 0 0 18 0 0 0 0 0 0 0 0 0 0 0 0 0 0 0 2 0 0 1 0 0 0 0 0 0 0 8 0 0 0 0 0 0 0 0 0 0 0 0 0 0 0 0 0 0 0 5 9 0 2 88 0 9 0 0 0 0 0 0 0 0 0 0 2 0 0 0 0 0 0 0 0 0 0 3 0 0 0 0 0 0 0 0 0 0 0 0 0 0 0 0 
 42 119 91 129 138 53 50 30 267 212 61 0 115 109 30 128 297 187 235 23 72 3 0 0 0 4 0 65 0 0 0 3 91 78 151 0 0 1 211 61 2 3 0 0 0 0 0 0 60 0 0 0 0 0 0 0 0 0 0 0 0 0 3 0 0 0 2 0 0 0 0 2 3 0 0 0 2 2 0 0 0 5 15 32 0 36 0 3 0 31 0 20 1 1 11 22 18 17 0 0 0 59 1 0 0 1 0 0 0 11 0 0 57 17 14 15 0 0 0 16 0 0 0 0 0 0 0 0 0 0 0 0 0 0 0 0 0 18 0 0 0 0 0 0 0 1 0 0 0 0 0 0 0 0 0 3 0 0 0 0 0 0 0 18 14 1 0 0 0 14 14 9 0 0 0 0 0 0 0 0 2 0 10 0 0 0 7 0 0 0 12 0 45 0 15 0 31 21 22 0 0 0 0 0 0 0 0 0 1 0 0 2 0 0 0 0 0 0 0 0 0 0 0 0 0 1 0 0 0 0 0 0 2 0 0 0 0 0 0 0 0 0 0 0 0 1 2 1 87 86 0 1 2 0 0 0 0 0 1 0 0 0 0 0 0 0 0 0 0 0 0 0 0 0 0 10 0 0 0 0 0 0 0 0 0 10 0 0 0 0 
 246 52 140 140 144 188 403 201 124 58 108 115 0 57 40 80 123 30 186 71 0 3 0 0 2 3 0 1 0 0 0 5 0 84 3 0 0 7 1 6 7 3 0 0 0 0 0 0 0 0 0 0 0 0 0 0 0 0 0 0 2 0 3 0 0 0 2 0 0 0 6 1 3 0 0 0 2 2 0 0 3 22 29 14 0 0 9 6 1 21 27 1 19 13 16 11 11 0 0 34 0 0 0 0 0 0 0 0 0 0 0 0 0 0 0 0 0 0 14 15 0 0 2 0 0 0 0 0 0 0 0 0 0 0 0 0 0 3 0 0 0 0 0 1 0 0 0 0 0 0 0 0 0 4 0 0 0 0 0 0 1 8 1 13 12 0 8 0 9 27 9 0 0 13 21 0 19 0 0 19 0 0 14 0 1 0 0 0 0 0 0 0 0 0 0 0 2 0 19 0 0 26 0 0 0 2 0 0 0 0 0 0 0 0 0 0 0 0 0 0 25 0 0 0 0 0 0 0 0 0 0 0 0 0 0 0 0 0 0 0 0 0 0 0 0 0 0 1 0 0 0 10 0 0 0 0 0 0 0 0 0 0 0 0 0 0 1 0 0 0 0 0 0 0 0 11 0 0 0 0 0 0 0 0 0 0 0 0 0 0 
 220 161 245 227 172 46 285 183 100 121 395 109 57 0 223 130 312 118 214 157 0 5 4 1 3 5 3 3 0 4 0 5 3 4 3 3 1 5 1 2 4 5 0 0 3 8 0 0 0 7 3 2 0 0 0 0 6 2 7 3 0 0 6 2 0 6 2 3 0 0 0 9 7 0 0 0 2 5 0 0 0 13 15 36 39 10 21 41 7 18 0 16 13 5 76 1 10 16 0 0 0 0 0 0 0 0 10 0 0 0 0 0 0 0 0 0 0 0 0 23 0 0 0 0 0 0 0 0 0 0 0 0 0 0 0 0 0 2 0 0 0 0 0 0 0 0 0 0 0 0 0 0 0 0 0 0 9 0 0 0 38 48 0 28 29 0 4 33 2 4 0 45 17 17 0 37 29 14 0 16 18 0 0 0 0 0 0 0 0 0 0 0 0 0 15 0 0 0 31 0 0 0 0 0 0 0 49 0 0 0 0 0 0 16 0 0 0 0 0 0 0 0 0 0 0 0 0 0 0 0 0 0 0 0 0 0 0 0 0 0 0 0 0 0 0 2 92 0 0 4 0 5 0 0 0 0 0 2 0 0 0 0 11 0 0 0 0 0 0 0 0 0 0 0 0 0 5 0 0 0 0 0 0 0 0 0 0 0 0 0 
 157 132 274 253 76 164 140 108 135 164 177 30 40 223 0 264 142 268 82 100 0 3 0 0 0 3 0 0 0 0 0 2 76 0 5 0 0 0 0 2 2 3 0 0 0 0 0 0 0 0 0 0 0 0 0 0 0 0 0 0 0 0 3 0 0 0 2 0 0 0 0 3 3 0 0 0 2 2 52 0 13 2 11 29 16 0 3 36 4 3 19 9 0 1 14 19 43 13 0 14 0 0 0 0 0 0 8 0 17 0 0 0 29 0 0 0 0 0 0 10 0 0 0 0 0 0 0 0 2 0 0 0 0 0 0 0 0 0 0 0 0 0 0 1 0 1 0 0 0 0 0 1 0 0 0 0 2 0 0 0 19 9 0 13 24 0 36 24 0 15 2 26 0 42 1 18 29 0 0 13 0 0 0 0 0 0 0 10 0 0 1 0 15 0 10 0 0 0 2 0 0 0 0 0 0 0 0 0 0 0 2 0 0 0 0 0 0 0 1 0 0 0 0 0 0 1 0 0 0 0 0 0 0 0 0 0 0 0 0 0 0 0 0 0 0 0 1 0 1 88 2 4 0 0 0 0 0 0 0 0 0 0 0 0 0 0 1 0 0 0 0 0 0 0 0 0 0 0 0 0 0 0 0 0 0 0 0 0 0 0 
 39 211 67 262 182 282 96 161 279 103 104 128 80 130 264 0 94 61 55 163 0 2 0 0 0 4 0 0 0 81 0 5 0 0 5 0 0 1 0 84 5 7 0 0 5 0 0 0 0 0 0 2 0 0 3 0 3 4 3 0 2 2 2 4 1 0 4 1 62 0 0 2 4 0 0 0 3 5 0 2 0 26 14 15 0 10 62 45 26 37 29 10 0 12 1 20 60 15 15 14 0 0 0 0 0 0 0 0 0 0 0 0 17 29 0 0 0 0 0 12 0 0 0 0 0 0 0 0 0 0 0 0 0 0 0 0 0 0 0 0 0 0 0 0 0 0 0 0 0 2 0 0 0 6 0 0 0 2 0 0 0 0 9 19 1 11 0 10 1 14 8 11 6 74 17 22 3 12 0 0 0 0 21 0 0 0 0 0 0 0 0 0 17 0 0 0 0 0 19 1 0 0 0 0 0 0 0 0 0 0 0 0 0 0 0 0 0 0 0 0 0 0 0 0 0 0 0 0 0 0 0 0 0 0 0 0 0 0 0 0 0 12 0 0 0 0 1 0 0 39 28 4 9 0 0 0 1 0 0 0 0 0 0 0 0 0 0 0 0 0 0 0 0 0 0 4 14 1 0 0 0 0 0 0 0 0 0 0 0 0 
 277 117 64 331 153 57 420 353 153 146 460 297 123 312 142 94 0 179 147 52 0 3 0 0 0 3 0 0 0 2 0 2 0 0 3 0 0 0 0 0 3 7 0 0 0 17 0 0 0 0 0 0 0 0 0 0 0 0 5 0 0 0 3 0 0 0 2 0 0 0 0 1 3 0 0 0 2 2 0 0 28 0 15 20 16 20 25 17 34 20 9 11 11 13 11 11 36 0 0 13 0 0 0 0 0 0 1 0 0 0 0 0 0 0 0 0 0 0 0 8 0 0 0 0 0 0 0 10 0 0 0 0 0 0 0 0 0 0 0 0 0 0 0 0 0 0 0 0 0 10 0 0 0 0 0 0 0 0 0 0 21 14 0 26 35 11 21 39 3 48 1 46 0 64 33 24 26 10 0 23 0 0 0 0 0 0 0 0 0 0 0 0 0 0 0 0 0 0 18 0 0 0 0 0 0 0 0 0 0 0 0 0 0 1 0 0 0 0 0 0 0 0 0 0 0 0 0 0 0 0 0 0 0 0 0 0 0 0 0 0 0 0 0 0 0 0 0 1 0 110 0 5 0 0 0 0 0 0 0 0 0 0 3 0 0 0 0 0 0 0 0 0 0 0 0 0 0 0 0 0 0 0 0 0 0 0 0 0 0 0 
 127 218 143 157 63 109 31 339 338 181 388 187 30 118 268 61 179 0 96 262 0 3 0 0 0 3 0 0 0 0 0 4 79 0 4 0 0 0 75 74 3 3 0 0 0 0 9 0 0 0 0 0 0 0 0 0 0 0 0 0 0 0 3 0 0 0 2 0 0 0 0 1 3 0 0 0 2 2 0 0 21 20 20 46 0 30 0 14 44 111 8 46 12 27 20 14 0 10 0 9 0 0 0 0 0 0 0 0 0 0 0 0 12 14 1 0 0 1 19 0 0 0 0 0 0 16 0 0 0 0 1 2 0 0 0 0 0 0 0 0 0 0 0 0 0 9 0 0 0 0 9 0 0 0 0 0 0 2 0 0 2 11 19 45 0 10 7 3 19 11 23 2 0 0 50 1 3 2 0 2 0 0 0 0 0 0 0 0 2 0 0 0 27 0 10 2 0 0 0 12 0 0 0 0 0 0 0 0 0 0 0 0 2 0 0 0 0 0 0 0 0 2 6 0 0 1 0 0 0 0 0 0 0 0 0 0 0 0 2 0 0 0 0 0 0 7 20 0 5 90 0 18 2 0 0 0 0 0 0 0 0 0 0 2 0 0 0 0 0 0 0 0 0 2 0 0 0 5 0 0 0 0 0 0 0 0 0 0 0 0 
 46 421 42 510 274 294 88 48 329 96 83 235 186 214 82 55 147 96 0 75 1 6 28 2 0 7 0 0 0 0 3 2 0 0 3 3 3 2 2 3 2 3 0 0 9 2 0 0 0 0 5 2 0 0 0 0 2 3 0 0 0 0 3 3 0 0 2 0 0 0 5 2 3 0 0 3 7 2 0 0 1 18 30 18 0 0 0 0 29 8 0 0 54 21 8 0 0 0 0 17 0 0 0 0 0 0 0 0 13 0 0 0 0 0 0 0 0 0 0 0 0 0 0 0 0 2 0 0 0 0 0 0 0 0 0 0 0 0 0 0 0 0 0 0 0 0 0 0 0 0 0 0 0 0 0 0 0 0 0 0 36 0 0 3 0 0 0 0 4 0 0 0 0 10 0 0 0 1 0 23 0 0 0 0 0 0 0 0 0 0 0 18 0 0 0 0 0 0 0 0 0 0 0 0 0 0 0 0 0 0 0 0 0 16 0 0 0 0 0 0 0 0 0 0 0 0 0 0 0 0 0 0 0 0 0 0 0 0 0 0 0 0 0 0 0 1 2 0 1 2 2 11 13 0 0 0 0 0 0 0 0 0 0 0 0 0 0 0 0 0 0 0 0 0 0 0 0 0 0 0 0 0 0 0 0 0 0 0 0 0 
 41 140 233 163 450 70 146 281 54 95 73 23 71 157 100 163 52 262 75 0 0 4 1 3 0 3 0 0 3 2 0 2 3 0 3 83 0 1 0 8 9 13 0 0 3 11 0 0 3 0 0 5 2 0 0 3 3 0 5 0 0 56 6 0 1 1 2 2 0 2 0 6 5 2 7 0 2 5 0 0 14 0 14 0 21 0 119 6 14 16 26 0 0 13 17 12 29 0 20 16 0 0 0 0 0 0 0 13 0 0 0 0 0 0 1 0 0 1 0 0 0 0 0 0 0 0 0 0 0 0 0 2 0 0 0 0 0 1 0 0 0 0 0 0 0 0 1 0 2 0 0 1 2 4 0 0 0 0 3 0 4 0 0 0 5 12 0 66 18 17 8 17 0 53 9 0 0 15 7 24 0 0 72 0 0 0 0 0 0 0 0 0 0 0 0 17 0 0 38 0 0 0 0 0 0 1 0 1 0 0 0 0 0 0 0 2 0 0 0 0 0 1 2 0 0 0 0 1 0 0 0 0 0 0 0 0 0 0 1 0 0 0 0 0 0 3 2 0 2 1 2 11 8 2 0 0 0 0 0 9 1 0 12 2 0 0 0 0 0 0 0 10 0 0 0 13 0 0 0 0 0 0 0 0 0 0 0 0 0 1 
 1 0 74 0 0 36 1 0 1 2 169 72 0 0 0 0 0 0 1 0 0 165 167 127 45 28 64 136 193 33 53 107 250 124 68 130 52 72 189 206 8 3 0 9 7 9 3 0 0 3 3 3 0 0 2 3 6 3 2 0 0 3 3 6 45 4 0 0 11 7 0 2 1 3 4 3 0 0 8 0 0 0 0 0 0 10 0 0 0 0 0 16 0 0 0 0 0 0 0 0 0 9 25 8 24 0 0 9 13 0 31 3 8 63 2 15 53 0 28 2 0 0 0 0 0 0 0 0 0 0 0 0 0 0 0 0 0 0 20 0 0 0 0 0 9 0 0 0 0 0 0 1 0 0 0 15 0 0 0 0 0 0 0 0 11 0 0 0 0 0 0 12 0 0 0 0 0 1 1 0 12 11 12 0 0 0 24 10 37 17 0 1 0 53 4 0 4 0 0 34 0 0 0 0 0 0 0 0 0 0 0 0 2 0 0 0 0 1 8 0 2 0 0 0 0 0 0 0 0 0 0 0 0 0 0 0 0 0 0 0 0 0 0 0 0 0 0 0 0 0 0 0 0 0 3 0 0 42 0 0 2 0 0 0 0 0 1 0 0 0 2 0 0 69 0 0 0 0 0 0 0 0 0 0 0 0 0 0 0 0 
 7 3 3 3 4 80 2 3 3 3 4 3 3 5 3 2 3 3 6 4 165 0 457 196 57 325 216 240 233 96 29 54 53 200 90 298 134 198 144 122 0 5 0 0 0 3 3 0 17 0 0 0 0 0 0 0 0 4 61 0 0 3 0 0 0 0 1 0 5 0 0 0 0 2 0 3 0 2 2 0 0 0 0 0 0 0 0 0 0 0 0 0 0 0 0 0 0 0 0 0 34 18 1 0 7 0 0 24 1 3 6 0 0 23 14 13 26 14 3 0 0 0 0 0 0 0 11 2 0 0 0 0 0 0 0 0 0 0 26 0 0 0 3 4 0 0 0 0 0 0 0 0 1 0 0 0 0 0 0 0 0 0 0 0 0 12 0 0 0 0 0 0 0 0 0 0 0 0 1 0 24 24 19 9 9 0 29 12 38 12 12 3 0 66 0 6 16 17 0 20 12 0 0 0 0 0 0 0 0 0 0 0 4 0 0 0 0 0 7 9 0 0 0 0 0 0 0 0 0 0 0 0 0 0 0 0 0 0 0 0 0 0 1 0 0 0 0 0 0 0 0 0 0 0 8 0 2 0 75 0 2 0 0 0 0 0 0 0 0 0 0 0 0 0 0 0 0 0 0 0 0 18 0 0 0 0 0 0 0 14 
 0 3 0 0 0 157 0 6 0 2 0 0 0 4 0 0 0 0 28 1 167 457 0 325 60 35 165 335 184 103 140 121 44 137 227 280 68 95 34 126 5 3 1 5 3 5 5 65 2 0 1 0 8 0 0 3 2 3 1 1 0 3 0 0 1 0 0 2 11 10 0 2 3 4 3 3 0 2 2 3 0 0 0 0 10 1 0 0 16 0 0 0 0 0 0 0 0 2 0 0 8 0 1 19 34 0 25 10 11 4 24 10 1 23 11 13 26 14 1 0 0 0 0 0 0 0 7 0 0 0 0 0 0 0 0 0 0 0 23 50 0 5 0 0 0 0 0 0 0 0 0 0 0 0 0 0 0 0 2 0 0 0 0 0 0 12 0 0 0 0 0 0 0 0 0 0 0 0 0 0 29 55 29 7 0 0 25 11 20 43 1 15 0 18 14 67 11 10 0 8 0 0 0 0 0 31 0 0 0 0 0 0 0 0 0 0 0 0 4 0 2 0 0 3 0 0 2 0 0 0 0 0 0 0 0 0 0 0 0 0 0 0 0 0 0 0 0 0 0 0 0 2 0 0 13 2 0 3 2 4 2 8 0 0 0 0 7 0 0 0 0 0 0 0 0 0 0 0 0 0 0 0 0 0 0 0 0 0 0 0 
 6 76 0 0 0 0 73 0 0 0 0 0 0 1 0 0 0 0 2 3 127 196 325 0 235 110 146 166 313 208 168 51 37 75 68 74 66 126 276 160 0 3 62 1 1 5 3 0 0 0 0 2 70 0 0 2 0 3 65 0 0 3 0 0 1 0 1 0 8 0 0 4 0 2 0 1 0 0 4 0 0 0 0 0 0 0 14 0 0 0 0 0 0 0 0 1 0 0 0 0 41 0 0 14 3 4 0 12 25 0 47 0 0 5 0 24 20 43 0 0 8 0 1 0 0 0 0 0 0 0 0 0 35 25 1 19 18 0 32 17 0 0 0 0 0 0 0 0 0 1 0 0 0 0 0 0 0 0 0 2 0 0 2 0 0 0 0 0 1 0 0 0 0 0 0 0 0 9 0 0 29 8 19 18 0 20 9 11 26 46 0 0 0 22 0 0 0 27 0 12 27 21 0 0 0 0 37 0 0 0 2 0 0 4 3 20 0 0 31 10 0 0 0 0 0 0 0 0 0 0 0 0 0 0 0 0 0 0 0 0 0 0 19 0 0 0 0 1 0 0 0 0 0 0 9 0 3 5 77 2 12 0 0 0 0 1 0 0 0 0 0 0 0 0 0 0 0 0 0 0 0 0 0 0 0 0 0 0 0 0 
 0 0 0 0 0 0 0 0 0 0 0 0 2 3 0 0 0 0 0 0 45 57 60 235 0 58 67 207 384 152 80 105 279 64 88 171 51 144 55 80 61 3 0 0 0 3 36 62 1 29 0 0 65 1 2 0 0 3 62 63 0 3 0 50 0 0 0 0 3 0 0 0 0 2 0 3 0 0 2 0 0 0 0 0 0 0 0 0 0 0 0 0 0 0 0 0 0 0 0 0 0 0 0 11 11 46 0 0 0 0 20 1 0 0 6 0 0 13 0 0 17 6 6 0 0 0 24 10 22 0 1 0 14 12 22 15 12 0 12 20 0 0 1 0 0 0 0 0 0 0 0 0 4 0 0 0 0 0 0 0 0 0 0 0 0 2 0 0 0 0 0 1 0 0 0 0 0 5 0 2 0 0 13 24 25 25 0 0 0 0 12 16 0 0 0 0 0 13 0 0 8 0 1 0 0 0 10 24 7 0 0 0 21 0 9 31 13 0 29 10 0 0 0 0 0 0 0 0 0 14 0 0 0 0 0 0 0 0 0 0 0 0 12 0 0 0 0 0 0 0 0 0 0 0 0 0 2 0 42 0 6 0 0 0 0 0 0 0 0 0 0 0 0 0 0 0 0 0 0 12 0 10 0 1 0 0 0 0 0 0 
 7 3 3 3 4 3 2 5 3 3 4 4 3 5 3 4 3 3 7 3 28 325 35 110 58 0 42 140 174 278 245 51 66 174 33 271 63 162 124 124 4 3 0 1 0 3 3 0 0 0 0 0 21 0 63 1 0 3 18 0 0 3 3 0 0 0 0 0 3 0 0 0 0 2 0 3 0 0 53 0 0 0 0 0 0 1 0 0 0 0 9 0 0 0 4 0 0 0 0 0 15 9 2 18 12 21 0 13 4 0 46 25 1 10 0 0 27 21 6 1 18 0 18 0 0 0 43 0 0 9 20 10 10 13 20 0 0 0 4 38 0 2 0 5 0 0 0 0 0 0 0 0 0 0 0 0 0 0 0 0 0 1 4 0 0 0 0 0 0 0 0 0 0 0 0 0 0 0 1 0 2 8 0 4 11 0 1 0 18 12 2 56 0 11 1 0 5 22 0 13 1 8 0 0 0 0 15 1 24 18 3 0 8 0 0 2 0 0 0 12 0 0 0 0 0 0 0 0 0 0 0 0 0 2 0 0 0 0 0 0 0 0 0 0 0 0 0 0 0 0 0 0 0 0 2 0 0 4 3 3 11 0 0 0 0 0 0 0 0 0 0 0 0 0 0 0 0 0 0 11 0 0 1 0 0 0 0 0 0 0 
 1 2 0 0 74 96 0 0 0 0 0 0 0 3 0 0 0 0 0 0 64 216 165 146 67 42 0 84 169 117 24 144 83 116 120 94 69 219 122 266 0 3 0 0 0 3 3 0 0 5 0 0 0 0 1 0 0 3 1 2 0 3 19 0 0 0 2 0 3 0 0 0 3 3 0 3 0 0 2 0 1 0 0 0 0 0 0 0 0 0 0 0 0 0 0 0 0 0 0 0 11 52 21 0 20 10 0 0 68 0 0 3 0 39 1 41 38 0 21 16 0 0 0 0 0 0 0 0 0 1 0 2 8 0 0 0 0 0 0 0 0 0 0 0 1 0 3 0 0 12 0 0 0 0 0 0 0 0 4 0 0 0 17 0 0 0 0 0 0 14 0 0 0 1 0 0 0 0 1 0 9 30 0 5 0 2 35 12 76 19 11 1 0 54 3 0 4 14 14 48 0 12 0 0 0 0 0 0 0 0 0 0 0 5 0 0 0 0 0 1 0 0 0 0 2 0 0 0 0 16 0 0 20 0 0 0 0 0 0 0 0 0 0 0 0 0 2 0 0 0 0 0 0 0 20 0 1 80 0 0 0 2 0 0 0 0 0 0 0 0 0 0 0 0 0 0 0 0 0 0 0 19 0 0 0 0 8 0 0 0 
 3 85 7 0 103 0 0 0 0 1 2 65 1 3 0 0 0 0 0 0 136 240 335 166 207 140 84 0 158 42 186 47 112 235 141 290 124 38 281 132 0 3 0 0 0 3 3 0 0 0 0 0 0 2 0 0 0 3 63 2 0 3 0 0 0 0 0 3 3 1 0 2 0 2 0 3 0 0 2 0 0 0 0 2 0 0 0 2 0 0 19 0 1 0 0 0 0 13 0 2 18 0 8 22 18 0 9 20 9 14 35 14 0 0 0 14 10 17 3 26 0 0 13 0 0 0 11 9 0 0 0 0 12 0 6 0 2 0 10 25 0 0 4 2 0 0 0 2 0 0 5 0 0 0 0 0 22 0 0 0 0 5 0 0 1 0 0 0 0 0 11 0 0 0 0 0 0 0 0 0 12 20 0 0 0 0 22 0 15 23 4 11 0 9 13 19 17 37 29 0 0 0 0 0 0 0 13 1 0 0 0 2 0 0 0 0 0 0 0 11 0 0 0 0 0 0 0 0 0 0 0 0 0 0 0 0 0 0 0 0 0 0 0 0 0 0 0 0 0 0 0 0 0 0 7 2 0 76 1 0 1 0 0 0 0 0 0 0 0 0 0 0 0 0 0 9 13 0 0 0 0 0 0 0 2 0 0 0 0 0 
 0 0 0 0 0 0 0 79 0 78 0 0 0 0 0 0 0 0 0 3 193 233 184 313 384 174 169 158 0 385 93 49 178 173 177 275 166 155 86 71 0 3 0 0 0 3 3 0 0 0 0 0 4 0 0 0 0 3 117 0 0 3 0 0 0 1 0 0 3 3 0 0 0 2 0 3 0 0 2 0 0 0 0 0 0 0 0 0 0 0 0 0 2 1 0 0 0 0 0 0 2 28 11 29 32 19 17 6 19 17 21 10 0 3 20 73 24 9 8 14 2 0 0 0 0 0 9 0 1 0 0 0 12 3 0 0 0 0 39 0 0 2 0 0 0 1 3 0 0 6 0 0 0 0 0 1 0 0 4 0 0 0 0 0 0 0 0 0 0 0 0 0 0 0 0 0 0 0 0 0 0 3 30 11 12 1 2 2 8 48 21 9 0 15 0 17 11 11 0 14 0 0 3 0 0 0 0 1 0 0 0 1 0 9 0 12 0 0 17 14 0 0 0 0 0 0 0 0 0 0 2 0 0 2 0 0 0 0 0 0 0 0 22 0 0 0 0 0 0 0 0 0 0 0 5 0 1 153 1 2 2 0 0 0 0 0 17 0 0 0 0 0 0 0 0 0 0 0 0 19 0 44 0 0 1 0 0 0 0 0 
 0 3 0 2 0 74 0 0 0 0 2 0 0 4 0 81 2 0 0 2 33 96 103 208 152 278 117 42 385 0 172 196 353 84 90 173 159 58 75 152 0 3 0 0 0 3 3 0 0 0 0 1 8 7 0 0 0 3 117 2 0 3 0 0 0 0 0 0 30 6 0 0 0 2 0 3 0 0 2 28 0 0 0 0 2 8 21 0 0 14 0 0 0 0 0 0 0 0 0 0 7 1 1 34 37 19 14 0 23 36 0 0 0 0 35 39 0 15 0 0 24 0 0 0 0 0 0 0 0 0 0 0 12 19 0 15 7 0 19 0 0 0 1 0 0 0 0 0 0 0 0 0 14 0 1 0 0 0 0 0 0 0 0 0 0 13 0 0 0 0 0 0 0 0 2 0 0 0 4 0 11 21 0 45 22 43 4 0 10 15 35 16 0 18 0 30 0 0 0 14 15 0 0 0 0 0 13 15 7 0 0 0 19 5 0 11 0 0 12 1 0 20 0 0 0 0 0 0 10 15 0 0 0 0 0 2 0 0 0 0 0 0 14 0 0 2 0 0 0 0 0 0 0 0 10 1 3 49 0 2 0 0 0 0 0 0 11 0 0 0 0 0 0 0 0 0 0 0 0 0 0 0 0 0 0 0 0 0 0 0 
 4 0 0 0 0 0 0 0 0 3 0 0 0 0 0 0 0 0 3 0 53 29 140 168 80 245 24 186 93 172 0 290 237 72 78 90 191 371 37 69 0 3 0 0 0 3 3 65 0 0 68 4 64 0 54 0 0 4 56 67 85 3 0 0 58 0 0 0 3 0 0 0 0 2 1 3 0 0 2 0 0 0 0 0 0 0 0 10 0 0 0 0 0 0 0 0 0 0 0 0 13 2 0 22 40 2 0 18 33 0 15 61 0 0 13 13 0 26 11 0 0 0 9 0 0 0 27 1 1 0 0 0 11 14 0 23 53 0 24 24 0 0 0 1 0 0 0 0 0 3 0 0 20 0 0 0 0 0 0 0 0 0 0 0 0 0 0 0 0 0 0 0 0 0 0 0 0 0 0 0 0 0 26 21 0 31 0 0 0 41 0 20 0 0 0 10 0 42 0 0 33 0 0 0 0 0 59 0 0 0 0 0 0 24 0 31 0 0 0 17 0 0 0 15 0 0 9 0 0 0 0 0 0 17 0 0 0 0 2 0 0 0 2 0 0 0 0 0 0 0 0 0 0 0 5 0 2 1 0 0 2 1 0 0 0 0 1 0 0 0 0 0 0 0 0 0 0 2 0 19 0 0 0 0 1 5 0 0 0 0 
 2 4 2 3 2 2 2 2 2 2 2 3 5 5 2 5 2 4 2 2 107 54 121 51 105 51 144 47 49 196 290 0 31 19 53 47 138 72 69 51 0 4 0 0 2 3 5 25 0 0 0 214 94 66 0 5 4 4 62 2 0 3 0 0 0 0 0 0 3 2 0 0 3 2 0 3 0 0 2 0 0 2 0 0 1 0 0 0 0 0 0 0 0 0 0 0 0 0 0 0 2 2 0 0 8 16 0 0 0 0 5 1 0 0 12 0 21 19 0 0 12 0 0 0 0 0 16 0 37 13 0 18 23 12 15 12 0 1 25 1 0 0 0 0 0 0 0 0 0 0 0 0 17 0 2 0 0 0 0 0 0 0 0 0 0 0 0 0 0 0 0 0 0 0 0 2 0 0 0 0 0 0 0 9 63 32 13 0 7 15 0 0 0 0 0 22 0 0 0 0 2 0 16 0 0 0 47 3 16 14 1 0 13 51 0 61 0 0 6 27 0 0 0 0 0 0 0 0 14 3 0 0 0 0 0 0 0 0 0 0 0 0 0 0 0 0 0 0 0 0 0 0 0 0 15 3 4 72 0 0 1 3 0 0 0 0 15 0 0 0 0 0 0 0 0 0 0 0 0 0 0 0 0 0 0 0 0 1 0 0 
 5 0 147 0 2 40 39 97 170 61 0 91 0 3 76 0 0 79 0 3 250 53 44 37 279 66 83 112 178 353 237 31 0 156 177 59 48 36 555 92 0 3 0 0 0 3 3 0 0 0 0 0 8 1 0 0 0 3 0 3 0 3 2 0 0 0 0 0 3 2 0 0 0 2 0 3 0 0 5 0 0 13 0 14 13 10 0 0 0 14 9 11 0 0 8 0 0 63 0 0 0 20 34 0 0 0 16 0 13 1 0 14 18 11 13 31 39 36 0 5 0 0 0 0 0 0 0 0 0 0 0 0 0 0 0 0 0 0 0 0 0 0 0 0 0 4 0 0 0 0 0 0 0 2 0 0 0 0 0 0 0 12 4 8 2 4 0 0 7 0 0 13 0 0 1 0 13 10 9 0 0 9 8 16 0 2 17 12 0 12 35 2 18 13 31 0 22 0 16 25 0 0 0 0 0 0 0 0 0 1 0 0 0 0 0 0 1 0 0 0 0 0 0 0 0 0 2 0 0 0 0 0 0 21 0 0 0 0 0 0 0 0 0 0 0 1 82 0 103 0 0 0 0 0 6 0 2 0 0 0 0 2 0 0 0 0 0 0 0 0 0 0 0 0 0 0 0 10 0 0 0 0 0 0 0 8 0 0 0 0 
 0 0 0 0 0 91 0 0 75 3 1 78 84 4 0 0 0 0 0 0 124 200 137 75 64 174 116 235 173 84 72 19 156 0 236 53 40 180 415 166 0 3 0 0 0 4 3 0 3 0 0 0 0 0 0 0 0 4 1 1 0 3 0 0 0 0 0 0 3 0 0 0 0 2 0 3 4 0 5 0 0 0 0 1 0 11 0 0 0 0 0 0 0 0 0 0 0 0 0 0 33 21 18 0 0 0 11 31 23 7 16 0 10 25 8 38 12 22 58 0 0 0 0 0 1 0 0 0 0 0 0 0 12 0 0 0 0 0 0 35 0 0 0 0 0 0 0 0 0 1 0 0 0 0 0 0 0 0 0 0 0 0 0 0 0 22 0 0 0 0 0 0 0 0 0 0 0 0 0 18 0 39 24 0 0 0 5 23 24 20 14 0 12 38 9 7 54 23 0 25 0 0 0 0 0 0 9 0 0 0 0 0 0 0 0 0 0 0 1 10 0 0 0 0 0 0 0 0 0 0 0 0 0 0 0 0 0 0 0 0 0 0 0 0 0 2 0 0 0 0 0 0 0 0 8 0 0 0 45 0 6 0 0 0 0 1 0 0 0 0 0 0 0 0 0 11 0 0 0 0 0 0 0 0 0 12 0 0 0 0 
 3 5 6 3 4 3 3 3 4 3 81 151 3 3 5 5 3 4 3 3 68 90 227 68 88 33 120 141 177 90 78 53 177 236 0 157 154 139 160 465 0 3 0 0 0 3 3 0 6 0 0 0 0 0 0 0 0 3 0 2 54 3 0 0 0 0 0 1 3 0 0 1 0 2 0 3 1 51 5 0 0 0 0 0 1 10 0 0 0 0 0 0 0 0 0 11 0 10 0 1 10 13 0 2 0 0 40 25 17 60 0 0 14 7 31 33 0 12 37 18 0 0 0 0 0 0 0 0 0 0 0 0 0 17 0 9 0 0 19 0 0 7 0 0 0 0 1 0 1 1 0 0 0 0 0 1 0 0 0 0 0 0 0 0 10 32 0 0 0 0 0 0 0 0 0 0 0 0 4 0 30 29 29 14 10 19 0 17 8 14 31 15 25 32 30 28 24 1 1 6 0 0 0 0 0 0 0 0 0 0 0 0 0 0 0 0 0 0 0 0 0 0 0 0 0 0 0 0 0 0 0 0 0 0 0 0 0 0 0 0 0 0 1 0 0 0 0 0 28 0 0 0 0 0 7 1 0 1 75 0 0 0 0 0 0 0 0 0 0 0 0 0 0 0 0 23 0 0 0 0 0 15 0 0 0 17 0 0 0 0 
 3 73 0 0 0 0 0 0 0 0 0 0 0 3 0 0 0 0 3 83 130 298 280 74 171 271 94 290 275 173 90 47 59 53 157 0 195 398 109 210 61 65 0 0 0 3 3 0 4 0 0 0 67 0 0 0 0 3 124 0 0 38 0 0 0 0 0 0 3 0 0 0 0 2 0 5 0 1 2 2 0 0 0 0 0 0 0 7 1 0 0 0 0 0 0 1 8 0 0 0 0 9 43 48 21 8 0 0 18 9 18 15 0 9 32 0 21 28 10 0 0 0 0 0 0 0 4 0 0 4 0 0 1 0 0 0 0 0 13 1 0 0 5 5 0 0 0 0 0 0 0 0 0 0 0 0 0 0 0 2 0 0 2 0 0 0 0 0 0 0 0 0 0 0 0 0 0 0 0 0 0 18 9 24 16 0 0 24 41 1 41 0 0 19 0 41 11 14 0 11 1 0 0 0 0 0 0 0 0 17 1 0 0 9 0 22 0 0 15 12 0 0 0 0 0 0 0 0 0 0 0 0 0 0 0 0 0 0 0 0 0 0 20 0 0 0 0 0 0 0 0 0 1 0 2 1 3 79 1 0 0 0 0 0 0 0 24 0 0 0 0 0 0 0 0 0 0 0 0 0 0 4 0 0 0 0 0 0 0 0 
 6 0 0 0 0 5 0 1 0 0 0 0 0 1 0 0 0 0 3 0 52 134 68 66 51 63 69 124 166 159 191 138 48 40 154 195 0 62 35 116 0 3 0 0 1 3 3 0 4 0 0 0 0 0 62 0 0 3 67 1 0 3 0 0 0 0 0 0 3 6 0 0 0 2 0 3 0 0 2 0 0 0 0 2 0 0 0 2 0 0 0 0 0 0 0 0 0 0 0 2 12 48 38 16 91 36 15 10 65 7 15 15 9 1 18 13 13 15 1 12 0 0 0 0 6 0 8 0 0 0 0 0 10 1 0 0 0 0 12 55 0 0 0 0 0 0 1 0 0 6 0 0 0 0 0 0 0 0 14 0 0 0 0 0 0 0 0 0 0 0 0 0 0 0 0 0 0 0 0 0 0 40 20 1 8 1 0 23 34 12 1 4 0 10 0 13 17 16 0 0 0 0 1 0 0 0 0 0 0 13 0 1 0 4 0 1 0 0 0 0 0 0 0 0 0 0 0 0 0 0 0 0 0 0 0 0 0 0 1 0 0 0 0 0 0 0 0 0 0 0 0 1 0 12 6 0 0 174 39 3 2 30 0 0 0 0 11 0 0 0 0 0 0 0 0 0 0 0 0 0 0 15 0 0 2 0 0 0 0 0 
 0 1 0 0 0 0 0 2 0 0 0 1 7 5 0 1 0 0 2 1 72 198 95 126 144 162 219 38 155 58 371 72 36 180 139 398 62 0 99 118 0 4 0 0 2 4 26 0 2 0 0 2 30 0 1 0 0 5 0 2 0 3 0 0 0 0 0 0 3 0 0 0 0 2 0 2 0 0 3 0 2 0 0 0 0 1 0 0 0 0 0 0 0 0 0 0 0 0 0 0 31 1 29 45 0 12 0 15 1 9 11 0 0 10 5 1 1 13 13 12 0 0 0 0 0 0 19 0 11 0 0 0 2 9 20 2 0 0 0 6 0 0 0 2 0 0 0 0 0 0 0 0 0 0 0 0 0 0 0 0 0 22 0 0 0 0 0 0 0 3 0 0 1 2 0 0 0 0 13 0 0 0 14 11 2 19 11 0 17 5 1 0 0 21 16 0 9 21 19 18 22 0 4 0 0 0 25 0 0 0 0 0 0 0 0 0 0 0 10 11 0 0 0 0 0 0 0 0 0 0 0 0 0 0 0 0 0 0 0 0 0 0 44 0 0 0 0 0 0 0 0 0 0 0 8 0 1 0 2 0 0 3 0 0 0 0 0 0 0 0 0 0 0 0 0 0 0 0 0 18 0 2 0 0 0 0 0 20 0 0 
 0 0 49 0 74 81 0 0 0 149 8 211 1 1 0 0 0 75 2 0 189 144 34 276 55 124 122 281 86 75 37 69 555 415 160 109 35 99 0 118 0 4 0 0 3 4 3 0 0 0 0 3 0 15 0 2 7 5 0 0 0 3 1 4 0 0 0 0 3 0 0 0 0 3 0 3 0 0 5 2 0 0 0 18 0 31 0 0 0 19 0 19 0 0 0 9 0 0 0 0 0 3 12 0 0 0 15 0 0 29 0 0 22 11 7 48 13 1 11 15 0 0 0 0 0 0 0 0 0 0 0 0 0 0 0 0 0 18 0 0 0 1 0 0 0 4 0 0 0 0 0 0 0 0 0 10 0 0 2 0 0 0 0 18 15 11 0 0 0 15 14 18 0 0 0 0 0 0 0 0 0 9 11 15 0 0 55 0 1 57 33 0 15 17 1 9 52 23 0 16 0 0 0 0 0 0 0 0 0 0 0 0 0 0 0 0 0 0 0 0 0 0 0 0 0 1 0 0 0 0 0 0 0 0 13 0 0 0 0 0 0 0 0 0 0 1 1 0 0 0 0 0 0 0 9 2 0 0 1 0 2 2 0 0 0 0 0 0 0 0 0 0 0 0 1 11 0 0 0 0 0 0 0 0 0 11 0 0 0 0 
 3 2 60 1 1 76 0 0 0 156 74 61 6 2 2 84 0 74 3 8 206 122 126 160 80 124 266 132 71 152 69 51 92 166 465 210 116 118 118 0 0 3 0 0 0 3 3 0 0 0 0 0 0 0 0 0 0 3 0 1 0 3 0 3 3 0 21 0 53 0 3 0 0 2 2 3 19 0 2 0 0 1 0 0 13 29 0 0 0 14 0 0 0 0 0 15 0 0 0 0 18 13 19 10 1 0 8 0 17 9 11 1 21 22 9 14 15 0 32 11 0 0 0 0 0 6 0 0 0 0 0 0 0 0 0 0 0 12 13 0 0 7 0 0 0 0 0 0 0 0 0 0 0 0 2 1 0 0 0 0 0 6 0 12 1 0 0 0 0 23 21 0 0 0 0 2 0 0 0 0 13 35 1 31 0 0 20 15 30 0 9 0 13 24 18 11 14 0 29 12 2 9 0 0 0 0 0 0 0 0 0 0 0 0 0 0 0 0 0 0 0 0 0 0 0 0 0 0 0 0 0 4 0 0 0 0 0 0 0 0 0 0 0 0 0 0 0 0 0 0 0 74 0 0 12 2 4 83 0 1 0 0 0 0 0 0 0 0 0 0 0 0 0 0 0 0 0 0 0 0 0 0 0 0 0 0 6 0 0 0 
 2 3 3 3 3 3 3 2 3 4 5 2 7 4 2 5 3 3 2 9 8 0 5 0 61 4 0 0 0 0 0 0 0 0 0 61 0 0 0 0 0 137 79 201 241 149 226 272 257 367 94 168 189 196 121 43 48 21 279 430 0 0 0 2 4 0 0 2 202 0 0 0 4 0 0 202 0 0 0 0 0 0 0 0 0 0 0 0 0 0 0 0 0 0 0 0 0 0 0 0 0 0 0 0 0 0 0 0 0 0 0 6 0 0 0 0 0 0 0 0 17 9 34 11 6 10 18 32 23 31 45 14 13 17 1 6 85 10 0 0 10 0 0 0 0 0 0 0 0 0 10 0 0 10 0 0 0 0 10 0 0 0 0 0 0 0 0 0 0 0 0 0 0 0 0 0 0 0 0 0 0 0 0 0 0 0 0 0 0 0 0 0 0 0 0 0 0 0 0 0 6 31 0 18 10 38 0 6 12 45 24 8 8 10 11 0 1 7 19 0 0 0 0 0 16 0 11 7 0 2 0 0 0 0 0 0 0 0 8 0 0 0 0 0 0 0 0 0 0 0 0 16 0 1 11 0 0 0 0 0 0 0 0 0 0 4 3 0 0 0 0 0 0 0 0 0 0 0 0 0 0 0 5 0 0 0 0 0 2 0 
 3 3 3 3 3 5 5 8 3 5 6 3 3 5 3 7 7 3 3 13 3 5 3 3 3 3 3 3 3 3 3 4 3 3 3 65 3 4 4 3 137 0 373 244 130 307 304 141 246 269 105 113 58 67 141 62 310 461 695 49 0 0 0 1 11 0 0 2 0 0 25 0 89 0 1 0 0 0 0 0 0 22 0 5 4 0 0 11 0 0 0 0 0 0 0 0 3 0 0 0 0 0 0 0 0 0 0 0 0 0 0 0 0 0 0 0 0 0 0 0 0 34 28 15 0 8 0 20 0 37 0 73 0 0 0 0 1 52 0 14 7 0 0 0 0 0 21 20 0 0 0 0 14 0 5 0 0 12 21 9 6 0 0 0 3 5 0 8 0 1 0 14 2 3 20 0 0 5 0 1 0 0 0 0 0 0 0 0 0 0 0 0 0 0 0 0 0 0 0 0 0 9 36 14 0 0 8 0 25 0 14 37 22 19 1 54 0 44 3 8 0 0 0 0 0 0 2 0 14 0 0 0 0 0 0 0 0 0 43 17 0 3 0 0 0 0 0 0 0 0 0 2 0 2 0 0 0 0 0 11 0 0 79 68 67 21 0 66 0 0 14 0 0 0 0 0 0 0 0 0 0 0 0 0 15 25 0 24 0 0 
 0 0 0 0 0 0 0 0 0 2 0 0 0 0 0 0 0 0 0 0 0 0 1 62 0 0 0 0 0 0 0 0 0 0 0 0 0 0 0 0 79 373 0 130 97 127 46 135 116 130 399 37 57 34 117 136 110 408 42 41 0 0 50 0 1 0 69 0 1 0 0 0 56 0 0 0 0 0 0 1 0 0 0 0 0 0 0 0 0 0 0 0 0 0 0 0 0 0 0 0 0 0 0 0 0 0 0 0 0 0 0 0 0 0 0 0 0 0 0 0 0 24 13 11 0 21 0 53 16 28 42 26 0 12 0 0 0 14 0 62 6 22 0 0 3 0 55 31 0 0 0 0 17 0 12 0 15 5 22 3 5 0 0 0 0 0 0 0 0 0 0 20 0 0 12 0 0 0 0 0 14 0 0 0 0 1 0 0 0 0 0 0 0 0 0 0 0 0 0 0 0 12 36 63 72 19 10 5 13 0 17 49 19 18 5 26 2 23 2 10 1 1 0 0 0 0 21 17 0 0 0 0 10 0 0 0 0 0 25 7 0 0 0 0 0 1 0 0 0 0 0 8 1 0 0 0 0 0 0 4 0 0 4 3 69 23 2 41 0 0 13 0 0 0 10 0 0 0 0 0 0 0 0 0 26 34 0 21 0 0 
 0 0 0 0 0 57 0 0 0 0 0 0 0 0 0 0 0 0 0 0 9 0 5 1 0 1 0 0 0 0 0 0 0 0 0 0 0 0 0 0 201 244 130 0 166 321 290 136 88 179 70 111 59 77 339 346 107 79 303 81 0 0 0 1 2 0 51 28 0 0 0 0 2 35 0 0 50 0 53 0 0 0 0 0 0 0 0 0 0 0 0 0 0 0 0 0 0 0 0 0 0 0 0 0 0 10 0 0 0 0 0 0 0 0 0 0 0 0 0 0 0 1 11 1 10 11 0 16 7 21 7 15 0 0 0 0 1 11 0 0 10 0 0 0 3 0 0 10 9 0 2 2 10 13 0 21 0 2 19 3 0 0 0 0 0 0 0 0 0 7 0 0 0 0 0 0 0 0 0 6 0 0 0 0 0 0 0 0 0 0 0 0 0 0 0 0 0 0 0 0 9 0 10 23 11 21 0 1 28 27 36 10 0 0 1 0 1 19 0 0 0 0 0 0 8 0 8 4 20 0 0 0 20 0 0 0 0 0 24 25 0 0 0 0 0 0 0 0 0 0 0 8 0 1 0 0 0 0 0 2 0 28 5 1 0 4 0 6 2 0 11 0 0 0 0 0 0 0 0 0 0 0 1 0 7 0 0 0 2 0 
 7 0 0 0 0 2 0 0 0 0 0 0 0 3 0 5 0 0 9 3 7 0 3 1 0 0 0 0 0 0 0 2 0 0 0 0 1 2 3 0 241 130 97 166 0 302 111 60 130 224 192 154 65 71 75 158 56 82 73 147 0 0 1 4 0 2 54 53 0 0 0 0 54 155 0 6 0 1 28 52 0 0 0 0 0 0 0 0 0 0 0 0 0 0 0 0 0 0 0 0 0 0 0 0 0 0 0 0 0 0 0 0 0 0 0 0 0 0 0 0 0 0 10 0 38 66 0 0 0 17 0 12 0 0 0 0 0 12 0 0 8 12 0 0 0 0 12 22 11 0 0 13 31 0 8 36 9 8 0 7 0 0 0 0 0 0 0 0 0 1 0 0 0 0 1 0 0 0 0 2 0 0 0 0 0 9 0 0 0 0 0 4 0 0 0 0 0 0 0 0 0 0 1 14 18 6 0 0 2 4 1 44 0 0 0 0 0 0 0 0 10 8 0 0 0 0 23 11 56 0 0 0 22 11 0 0 7 0 36 42 0 0 0 0 0 0 0 0 0 0 0 7 0 0 0 0 0 0 0 8 0 0 0 64 0 4 7 7 2 0 0 0 0 0 0 0 0 0 0 0 0 0 0 0 0 19 0 0 0 0 
 2 0 0 3 34 0 2 0 0 3 10 0 0 8 0 0 17 0 2 11 9 3 5 5 3 3 3 3 3 3 3 3 3 4 3 3 3 4 4 3 149 307 127 321 302 0 252 159 62 108 73 181 30 61 205 69 72 100 93 125 3 0 50 8 4 6 0 0 57 3 0 0 1 0 49 5 52 51 20 60 0 0 14 0 5 0 8 0 0 0 0 0 0 0 0 1 0 0 0 0 0 0 0 0 0 0 0 0 0 0 0 0 0 0 0 0 0 0 0 0 0 0 66 19 24 12 0 28 23 21 27 20 0 9 0 12 30 13 0 0 0 1 26 12 3 6 18 1 3 0 4 7 0 0 0 0 0 49 11 0 0 0 0 0 11 0 0 4 0 0 0 14 0 0 0 0 0 30 0 0 11 0 0 0 0 0 0 0 0 0 0 0 0 0 0 0 0 0 7 0 36 0 2 11 10 28 0 0 15 11 71 13 0 0 0 0 0 9 0 0 0 0 0 0 0 0 0 0 0 0 0 7 18 0 22 0 2 6 12 33 0 0 0 0 0 0 48 0 0 0 0 4 0 1 0 0 0 0 0 0 0 26 7 0 2 1 0 4 1 0 20 0 0 0 0 0 0 0 0 0 0 0 0 0 0 0 0 0 2 11 
 2 0 0 0 0 0 0 0 0 2 0 0 0 0 0 0 0 9 0 0 3 3 5 3 36 3 3 3 3 3 3 5 3 3 3 3 3 26 3 3 226 304 46 290 111 252 0 146 143 178 85 119 59 142 40 101 122 108 47 203 0 0 0 1 1 0 0 0 0 0 0 0 1 0 0 0 0 50 0 0 0 0 0 0 0 0 0 0 0 0 0 0 0 0 0 0 0 0 0 0 0 0 0 0 0 18 0 0 0 0 0 10 0 0 0 0 0 4 0 0 48 0 22 26 58 12 7 73 69 0 35 29 0 53 46 13 3 11 0 0 0 0 0 0 3 0 0 0 0 0 6 11 0 0 0 0 0 0 14 0 0 0 0 0 0 0 0 0 0 0 0 0 0 0 0 0 0 0 0 0 0 0 0 0 0 9 0 0 0 0 0 0 0 0 0 0 0 9 0 0 25 5 25 11 12 35 0 0 3 25 8 9 19 0 9 0 16 21 15 0 0 0 0 0 0 0 0 13 0 0 0 0 3 0 0 0 0 0 0 17 0 0 18 0 0 0 0 0 0 0 0 8 0 0 0 0 0 0 0 0 0 0 0 0 0 2 2 0 0 0 0 0 0 0 0 0 0 0 0 18 0 0 0 0 0 0 0 0 0 0 
 0 0 0 0 0 0 0 0 0 0 0 0 0 0 0 0 0 0 0 0 0 0 65 0 62 0 0 0 0 0 65 25 0 0 0 0 0 0 0 0 272 141 135 136 60 159 146 0 78 109 99 99 134 95 124 55 40 94 273 154 0 0 0 0 7 0 7 3 54 0 14 0 8 3 6 0 0 12 0 0 0 0 0 0 0 0 0 0 0 0 0 0 0 0 0 0 0 0 0 0 0 0 0 0 0 0 0 0 0 0 0 1 0 0 3 0 0 0 0 0 0 0 14 9 4 9 19 9 28 0 19 50 16 30 18 21 0 16 0 19 0 0 5 0 0 0 0 4 0 0 0 0 0 0 6 2 0 11 0 0 0 0 0 0 0 0 0 0 0 0 0 0 0 0 0 0 0 0 0 0 0 0 0 0 8 30 0 0 0 0 0 7 0 0 0 0 0 0 0 0 0 0 3 1 2 20 8 1 0 0 6 6 8 9 6 18 10 18 2 8 12 0 0 0 1 0 0 0 0 0 1 3 1 23 3 14 0 5 3 10 0 0 0 0 0 0 0 0 0 18 0 5 0 2 0 0 0 0 0 0 0 0 62 0 0 0 0 0 0 0 17 0 0 0 0 0 0 0 0 0 0 0 0 0 0 0 0 0 1 0 
 2 0 0 0 0 0 0 0 0 0 0 60 0 0 0 0 0 0 0 3 0 17 2 0 1 0 0 0 0 0 0 0 0 3 6 4 4 2 0 0 257 246 116 88 130 62 143 78 0 82 162 27 93 186 69 165 391 49 174 522 0 0 0 50 0 0 0 0 0 0 0 0 4 0 0 0 0 0 0 0 0 0 0 0 0 0 0 0 0 0 0 0 0 0 0 0 0 0 0 0 6 6 0 0 0 0 7 8 6 7 0 0 0 0 3 0 0 31 0 0 0 16 0 0 20 17 0 33 18 15 0 17 19 0 13 0 20 14 0 13 1 12 0 0 0 0 12 19 0 0 5 6 22 0 0 0 15 1 0 0 0 0 0 0 0 0 0 0 0 0 0 0 0 0 0 0 0 2 0 0 0 6 6 0 3 0 0 14 58 0 0 0 0 13 5 0 6 7 0 0 23 28 0 15 12 0 18 0 8 0 9 29 16 10 5 27 14 11 11 15 0 0 0 0 0 32 20 16 0 0 0 0 24 0 0 0 0 0 22 14 0 0 0 0 0 0 0 0 0 0 0 13 0 1 0 0 0 0 6 1 15 0 0 0 65 1 1 36 1 11 0 0 0 0 0 0 0 0 0 0 0 1 0 0 12 29 0 4 2 0 
 3 0 0 0 0 0 0 0 0 64 4 0 0 7 0 0 0 0 0 0 3 0 0 0 29 0 5 0 0 0 0 0 0 0 0 0 0 0 0 0 367 269 130 179 224 108 178 109 82 0 180 417 54 66 90 184 141 46 323 115 2 0 3 2 7 0 121 0 0 0 0 0 1 28 1 0 1 0 55 19 0 0 0 0 0 0 0 0 0 0 0 0 0 0 0 0 0 0 0 0 0 0 0 0 0 0 0 0 0 0 0 0 0 0 0 0 0 0 0 0 0 1 0 6 38 11 0 1 6 11 55 3 0 8 0 13 11 10 0 1 6 0 0 0 0 0 1 0 0 0 0 0 28 0 0 21 0 0 18 16 0 0 0 0 0 0 0 0 0 0 0 0 0 0 0 0 0 0 0 0 0 0 0 0 0 0 0 0 0 0 0 0 0 0 0 0 0 0 0 0 7 0 11 74 43 55 0 0 54 19 11 13 0 0 5 0 28 2 0 6 22 30 1 0 0 0 16 0 1 0 0 0 0 12 0 0 26 0 11 17 0 0 0 0 0 0 0 0 0 0 0 7 0 0 0 0 0 0 0 11 0 0 4 0 0 2 3 1 0 0 0 0 0 0 0 0 0 0 0 0 0 0 0 0 12 15 0 0 0 0 
 6 0 0 0 0 0 0 0 0 2 0 0 0 3 0 0 0 0 5 0 3 0 1 0 0 0 0 0 0 0 68 0 0 0 0 0 0 0 0 0 94 105 399 70 192 73 85 99 162 180 0 39 89 96 58 100 155 227 28 70 57 47 26 0 7 0 57 0 2 2 2 0 12 57 2 0 0 5 68 30 0 0 0 0 0 26 0 0 0 0 0 0 0 0 0 0 0 0 0 0 0 0 0 0 0 0 0 0 0 0 0 12 0 0 0 0 0 0 0 0 0 11 0 0 11 30 0 6 9 12 15 12 0 1 0 26 18 7 0 13 0 17 0 0 0 0 15 0 0 4 4 0 20 0 11 0 15 0 0 0 0 0 0 0 0 0 0 0 0 0 0 0 0 0 0 0 0 0 0 0 0 0 0 0 0 1 0 0 0 0 0 0 0 0 0 0 0 0 0 0 0 23 18 23 35 12 1 9 35 0 0 18 4 1 0 0 6 12 7 1 0 0 1 18 0 0 14 8 13 11 0 0 21 32 0 0 18 0 25 9 0 0 8 0 0 0 0 0 0 0 0 7 0 0 0 0 0 0 0 8 0 0 1 0 9 0 1 64 0 0 0 0 0 0 0 0 0 0 0 0 0 0 0 0 14 17 0 12 0 0 
 2 0 0 0 0 0 0 0 0 0 0 0 0 2 0 2 0 0 2 5 3 0 0 2 0 0 0 0 0 1 4 214 0 0 0 0 0 2 3 0 168 113 37 111 154 181 119 99 27 417 39 0 28 42 30 97 123 270 48 28 0 0 0 1 5 0 53 0 0 0 0 0 3 3 0 0 0 0 52 1 0 0 0 0 0 0 0 0 0 0 0 0 0 0 0 0 0 0 0 0 0 0 0 0 0 11 0 0 0 0 0 0 0 0 0 0 0 5 0 0 0 0 6 0 22 10 17 0 19 1 2 23 1 1 0 15 1 12 3 0 0 0 0 0 0 0 0 9 0 0 0 0 9 0 0 20 0 0 18 0 0 0 0 0 0 0 0 0 0 0 0 0 0 0 0 0 0 0 0 0 0 0 0 0 0 4 0 0 0 0 0 0 0 0 0 0 0 0 0 0 9 0 6 16 23 24 4 1 22 5 11 9 0 3 0 9 40 0 0 4 8 2 9 0 0 0 7 0 16 0 17 25 0 0 0 0 12 0 20 2 0 0 0 0 0 0 0 0 0 0 0 10 0 2 0 0 0 0 0 1 0 15 1 0 2 2 4 0 0 6 0 0 0 0 0 0 0 0 0 0 0 0 0 0 0 0 0 0 1 0 
 6 0 0 0 0 0 1 0 0 0 0 0 0 0 0 0 0 0 0 2 0 0 8 70 65 21 0 0 4 8 64 94 8 0 0 67 0 30 0 0 189 58 57 59 65 30 59 134 93 54 89 28 0 142 197 39 25 48 322 142 0 0 0 0 0 0 0 0 0 0 0 0 0 0 0 0 0 0 0 0 0 0 0 0 0 0 0 0 0 0 0 0 0 0 0 0 0 0 0 0 0 0 0 22 6 52 0 0 0 0 4 35 0 0 3 0 0 0 0 0 23 5 1 11 0 0 27 11 1 0 16 0 0 11 10 9 18 10 0 61 0 0 0 0 0 0 0 0 0 0 0 0 2 0 0 0 31 0 0 0 0 0 0 0 0 0 0 0 0 0 0 0 0 0 0 0 0 48 0 0 0 0 0 10 32 11 0 0 0 0 0 6 10 0 0 0 0 22 0 0 3 17 0 32 8 0 0 41 26 1 0 11 14 18 10 1 38 5 16 0 0 0 0 0 0 0 10 0 0 13 0 0 0 0 0 0 0 0 0 0 0 0 28 0 0 0 0 0 0 0 0 7 0 0 1 0 0 0 29 0 9 0 0 0 64 2 0 0 0 0 0 0 0 0 0 0 0 0 0 0 0 4 0 0 11 0 0 0 2 0 
 0 4 0 0 0 0 0 3 0 0 0 0 0 0 0 0 0 0 0 0 0 0 0 0 1 0 0 2 0 7 0 66 1 0 0 0 0 0 15 0 196 67 34 77 71 61 142 95 186 66 96 42 142 0 136 81 77 32 107 154 0 0 0 0 0 0 0 0 0 0 0 0 0 0 0 0 0 0 0 0 0 0 0 0 0 0 0 5 6 0 0 0 5 14 0 0 0 2 1 0 0 0 0 0 0 0 0 0 0 0 0 14 0 0 0 0 0 0 0 0 80 17 0 56 1 0 0 18 1 0 22 0 1 19 24 7 19 13 0 0 1 0 0 0 0 0 0 0 0 0 0 0 0 0 0 0 0 0 9 0 0 0 0 0 0 0 0 0 0 0 0 1 7 0 0 8 8 0 7 0 0 0 0 0 19 0 0 0 0 0 0 0 0 0 0 0 0 1 0 0 8 11 13 22 0 0 25 46 20 12 15 15 52 0 16 1 7 12 0 11 0 0 0 0 0 0 9 1 0 14 0 0 0 0 0 0 0 0 0 0 0 2 14 0 0 0 0 0 0 0 0 7 0 2 0 0 0 0 0 0 1 0 0 0 64 0 2 0 0 0 0 0 0 0 0 0 0 0 0 0 0 0 0 0 19 0 0 0 1 0 
 0 0 0 0 0 0 0 0 0 2 0 0 0 0 0 3 0 0 0 0 2 0 0 0 2 63 1 0 0 0 54 0 0 0 0 0 62 1 0 0 121 141 117 339 75 205 40 124 69 90 58 30 197 136 0 53 48 201 312 170 0 0 0 4 0 2 0 5 0 0 0 0 51 0 2 0 0 0 3 0 0 0 0 0 0 0 0 0 0 0 0 0 0 0 0 0 0 0 10 0 0 0 0 0 0 0 0 0 0 0 0 17 0 0 0 0 0 0 0 0 14 0 30 41 1 9 4 9 0 14 23 16 0 0 0 11 10 15 0 4 0 0 0 0 0 0 20 0 0 0 0 0 0 21 9 0 0 6 20 0 5 0 0 0 0 0 0 0 0 0 0 4 0 0 4 0 0 0 0 0 0 0 0 12 0 0 0 0 0 0 0 8 0 0 0 0 0 0 0 0 0 0 29 23 1 28 0 45 1 13 7 8 0 0 3 0 0 24 0 7 0 0 0 0 8 0 3 0 0 0 0 0 1 0 0 0 0 0 19 10 0 0 0 0 0 0 0 0 0 0 0 3 0 0 0 0 0 0 0 0 0 0 63 2 1 15 2 0 0 0 14 0 0 0 0 0 0 0 0 0 0 0 0 0 0 0 0 0 0 0 
 0 0 0 0 0 0 0 0 0 2 0 0 0 0 0 0 0 0 0 3 3 0 3 2 0 1 0 0 0 0 0 5 0 0 0 0 0 0 2 0 43 62 136 346 158 69 101 55 165 184 100 97 39 81 53 0 215 148 73 112 0 0 0 1 5 0 50 0 3 0 0 0 5 0 0 0 0 0 0 0 0 0 0 0 0 0 0 0 0 0 0 0 0 0 0 0 0 0 0 0 0 0 0 0 0 10 0 0 0 0 0 0 0 0 0 0 0 0 0 0 3 1 21 0 20 6 10 13 23 44 0 13 29 2 14 0 19 10 5 0 16 0 0 0 0 0 0 33 0 0 5 5 26 1 0 9 0 10 11 0 0 0 0 0 0 0 0 0 0 0 0 0 0 0 0 0 0 3 0 0 0 0 0 0 1 0 0 0 0 0 0 0 0 0 0 0 0 0 0 0 26 19 54 31 12 1 13 2 18 6 19 36 2 6 5 26 25 0 0 13 0 0 0 0 0 0 0 4 0 0 0 0 15 0 0 0 0 0 23 14 0 0 0 0 0 0 0 0 0 0 0 14 0 0 0 0 0 0 0 1 0 0 0 0 2 1 0 81 0 0 0 0 0 0 0 0 0 0 0 0 0 0 1 0 0 32 0 0 0 0 
 80 0 0 5 0 0 0 0 0 2 0 0 0 6 0 3 0 0 2 3 6 0 2 0 0 0 0 0 0 0 0 4 0 0 0 0 0 0 7 0 48 310 110 107 56 72 122 40 391 141 155 123 25 77 48 215 0 135 29 104 0 0 0 2 6 0 0 0 0 0 0 2 0 0 0 0 0 0 0 0 0 0 0 0 0 0 0 0 0 0 0 0 2 0 0 0 0 0 0 0 0 0 0 0 20 0 0 0 0 0 0 0 0 0 0 0 0 0 0 0 11 25 0 19 33 0 10 20 4 17 12 8 0 15 15 29 38 21 0 16 0 0 0 0 0 0 0 0 0 0 0 0 0 0 0 0 0 0 11 0 0 0 0 0 0 0 0 0 0 0 0 0 0 0 0 0 0 0 0 0 0 0 0 0 29 0 0 0 0 0 0 0 0 0 0 0 0 0 0 0 20 22 18 0 0 9 64 1 41 44 11 30 19 17 22 12 16 16 19 31 0 0 0 0 0 0 0 0 0 1 0 0 0 0 0 0 0 0 1 0 0 0 3 0 0 0 0 0 0 0 0 11 0 0 0 0 0 0 0 0 0 0 0 0 64 2 0 2 0 0 0 0 0 0 0 0 0 0 0 0 0 0 0 0 9 10 0 12 0 0 
 0 0 0 2 0 0 0 0 0 1 0 0 0 2 0 4 0 0 3 0 3 4 3 3 3 3 3 3 3 3 4 4 3 4 3 3 3 5 5 3 21 461 408 79 82 100 108 94 49 46 227 270 48 32 201 148 135 0 34 39 0 0 0 0 0 0 0 0 0 0 0 0 30 0 36 0 0 3 0 3 0 0 0 0 0 0 0 0 0 0 0 0 0 0 0 0 0 0 0 0 0 0 0 0 0 0 0 0 0 16 0 0 0 0 0 0 0 0 0 0 14 7 29 57 0 11 0 22 0 17 0 21 0 0 0 1 0 32 0 15 8 9 0 0 0 0 22 19 0 0 1 12 14 0 21 0 15 5 8 0 10 0 0 0 9 0 0 0 0 0 0 7 0 0 7 0 0 0 0 0 0 0 0 11 4 0 0 0 0 0 0 0 0 13 0 0 0 0 0 0 17 10 9 14 9 0 14 0 7 1 13 32 10 20 0 11 0 13 8 14 0 0 0 0 0 0 22 15 2 0 0 0 15 0 0 0 0 0 49 17 0 0 0 0 0 0 0 0 0 0 0 2 0 0 0 0 0 0 0 19 0 0 0 84 66 12 5 32 0 0 13 0 0 0 0 0 0 0 0 0 0 0 0 0 9 34 0 7 0 0 
 0 1 0 1 1 0 0 0 0 3 5 0 0 7 0 3 5 0 0 5 2 61 1 65 62 18 1 63 117 117 56 62 0 1 0 124 67 0 0 0 279 695 42 303 73 93 47 273 174 323 28 48 322 107 312 73 29 34 0 101 0 0 0 0 0 0 0 0 0 3 0 0 0 0 0 0 0 0 0 0 0 0 0 0 4 0 1 1 1 0 0 0 0 0 0 0 2 0 0 0 0 0 13 17 36 16 0 1 0 0 12 6 0 0 4 0 0 8 0 0 17 11 1 0 0 0 16 0 0 0 0 0 24 0 11 0 4 0 9 0 0 0 4 1 0 0 0 0 0 0 0 0 4 0 0 0 0 0 1 0 0 0 0 0 8 6 0 4 0 0 0 22 1 2 0 0 0 15 0 0 0 0 0 11 19 9 0 0 11 13 6 11 0 5 0 6 0 7 1 0 15 28 0 0 0 0 35 11 0 0 1 0 18 32 8 40 0 0 19 4 0 0 0 0 0 0 0 0 0 0 0 0 0 0 15 0 0 0 0 0 0 0 0 0 0 0 0 0 0 0 0 10 0 0 0 0 0 22 0 0 0 0 6 0 0 1 7 0 0 0 0 0 0 0 0 1 0 0 0 9 0 0 0 0 0 0 0 0 1 0 
 2 0 0 0 0 0 0 0 0 2 1 0 0 3 0 0 0 0 0 0 0 0 1 0 63 0 2 2 0 2 67 2 3 1 2 0 1 2 0 1 430 49 41 81 147 125 203 154 522 115 70 28 142 154 170 112 104 39 101 0 0 0 2 0 0 1 0 2 0 0 0 2 4 1 1 0 0 2 3 1 0 0 0 0 0 0 0 0 0 0 0 0 0 0 0 0 0 0 0 0 0 0 19 0 0 0 0 0 0 0 0 0 0 0 0 0 0 0 0 0 27 3 9 19 24 0 10 7 45 25 8 17 0 0 10 20 13 0 0 10 0 0 0 0 0 0 0 0 0 0 2 3 0 0 0 0 0 0 0 0 0 0 0 0 0 0 0 0 0 0 0 0 0 0 23 0 0 0 0 0 0 0 0 0 0 19 0 0 0 5 0 6 0 0 0 0 0 0 0 0 10 1 0 29 10 16 0 19 11 12 0 0 20 0 48 0 32 0 8 8 0 0 0 0 14 1 4 0 0 0 0 0 10 0 0 0 0 0 15 0 0 0 0 0 0 0 0 0 0 0 0 17 0 0 0 0 0 0 0 0 0 0 0 0 1 0 0 0 1 0 2 0 0 0 0 0 0 0 0 0 0 0 0 0 0 0 0 0 0 0 
 0 0 0 0 0 0 0 0 0 54 0 0 2 0 0 2 0 0 0 0 0 0 0 0 0 0 0 0 0 0 85 0 0 0 54 0 0 0 0 0 0 0 0 0 0 3 0 0 0 2 57 0 0 0 0 0 0 0 0 0 0 124 127 43 82 139 206 167 94 84 96 38 86 43 81 109 94 165 51 140 0 0 0 0 0 0 0 0 0 0 0 1 0 0 0 0 0 0 0 0 0 14 0 0 0 0 0 0 0 0 0 0 0 0 0 0 0 0 0 0 0 0 0 11 14 15 0 0 0 0 0 0 0 0 0 0 0 0 0 0 0 17 17 20 5 14 1 0 28 35 2 0 36 26 0 7 0 0 0 0 0 0 0 0 0 4 0 0 0 0 2 0 0 0 0 0 0 0 0 0 0 0 0 0 0 0 0 0 0 0 0 0 0 0 0 0 0 0 0 0 0 0 0 0 0 21 0 0 0 0 0 10 0 0 0 0 0 0 0 0 1 16 21 74 12 4 6 14 0 8 1 10 0 30 18 36 0 27 0 0 2 0 7 0 0 0 0 0 0 0 0 0 0 0 8 21 0 0 0 0 0 0 7 4 0 1 0 0 0 0 0 0 1 7 0 2 0 0 0 0 0 0 0 0 26 0 0 0 7 0 
