 0 100 168 382 46 46 200 149 286 142 153 360 235 153 50 54 335 137 288 402 2 0 0 0 0 0 0 0 2 0 2 0 0 1 0 0 0 0 0 3 0 0 5 0 0 1 1 0 0 0 3 0 2 0 0 0 0 0 0 0 0 0 0 0 0 3 2 3 0 2 3 0 0 0 0 0 34 3 0 0 73 0 43 13 20 15 19 8 24 14 100 15 0 0 33 63 0 19 15 21 1 0 0 2 0 0 21 0 0 0 0 0 0 2 0 0 0 0 0 0 0 0 0 0 0 0 0 0 0 0 0 0 0 0 0 0 0 0 2 0 0 0 0 0 0 0 20 0 0 0 0 0 0 10 10 0 0 0 0 0 11 9 37 37 0 7 0 0 15 0 22 25 4 30 43 2 0 21 13 34 0 1 0 0 0 0 0 0 0 0 0 0 19 0 0 0 0 0 16 0 0 0 0 0 0 10 0 0 0 0 0 0 0 0 0 0 0 0 0 1 23 0 0 19 0 0 0 0 0 0 0 0 0 0 0 1 0 2 0 0 0 0 0 0 0 2 96 0 0 2 0 16 0 0 0 0 0 0 0 0 0 0 0 0 0 0 2 0 0 0 0 0 0 0 0 0 6 0 0 0 0 0 0 0 0 0 0 0 0 0 
 100 0 80 169 64 11 231 56 134 42 116 29 43 395 293 60 95 33 208 100 2 3 0 2 0 2 0 0 2 0 2 0 1 2 0 0 2 0 75 3 0 2 0 0 1 2 3 2 0 2 1 3 5 0 0 0 0 0 0 0 2 0 0 0 0 35 2 5 0 2 3 0 0 0 2 0 2 0 2 0 34 18 4 0 0 1 0 9 4 21 20 0 13 19 25 12 2 34 48 46 0 0 0 0 0 0 0 0 0 0 0 0 0 0 15 0 0 0 0 0 0 0 0 0 0 0 0 0 0 0 0 0 0 9 0 0 0 0 0 0 0 6 0 0 0 3 0 0 0 0 0 0 0 0 19 0 0 0 0 0 34 13 19 1 0 0 5 0 0 0 0 0 18 0 24 15 31 48 24 40 0 0 0 0 0 6 0 0 0 0 0 0 1 0 7 0 0 0 0 0 0 0 0 0 0 0 0 0 0 0 0 0 0 0 0 0 0 0 0 0 0 0 0 0 0 0 0 0 0 0 0 0 0 0 0 0 0 0 0 0 0 0 0 0 0 1 1 0 0 1 0 4 11 0 0 0 0 0 0 0 0 0 0 0 0 0 0 0 0 0 0 0 0 0 0 7 0 0 0 0 0 0 0 0 0 0 0 0 0 1 
 168 80 0 259 111 190 361 179 256 133 454 147 254 142 39 132 94 239 50 268 2 2 3 0 0 1 0 0 2 3 7 0 19 3 0 3 3 0 78 3 4 6 4 0 0 0 5 0 2 0 2 0 4 3 0 2 0 1 0 0 0 0 0 1 0 16 5 3 0 33 3 1 1 5 0 0 0 3 0 0 10 29 20 12 33 1 12 25 79 12 18 18 0 18 0 17 12 35 0 18 7 13 0 0 0 0 26 0 0 0 1 0 19 16 0 0 0 0 0 49 0 0 0 0 0 0 0 0 0 0 0 0 0 0 0 0 0 0 0 0 0 0 0 0 0 0 0 0 0 0 0 0 0 0 0 0 3 0 2 0 0 17 19 1 20 45 0 11 30 10 43 19 9 13 1 13 0 20 0 20 21 0 0 0 0 0 0 0 0 0 0 0 0 0 10 1 1 0 0 25 0 0 0 0 0 0 0 0 15 0 0 0 0 0 0 0 0 0 0 0 0 0 0 0 0 12 0 0 0 0 0 0 0 0 0 0 0 0 0 0 0 0 0 0 0 1 2 0 90 42 0 20 0 0 0 0 0 0 0 0 0 0 0 0 0 0 0 0 0 0 0 0 0 1 0 22 0 7 0 0 0 0 0 0 0 0 0 0 0 0 
 382 169 259 0 653 34 268 69 187 202 287 168 269 217 299 260 216 454 259 161 2 0 0 0 0 0 0 0 2 0 31 0 0 2 0 0 0 0 27 3 0 1 21 0 0 0 2 0 0 0 2 0 2 0 0 0 0 0 0 29 0 0 0 0 0 3 2 3 0 2 3 0 0 0 0 0 0 3 0 0 11 35 20 0 0 0 9 0 56 30 0 14 0 24 5 15 31 28 0 17 11 0 0 0 0 0 19 0 0 0 0 0 20 35 1 0 0 0 0 9 0 0 4 0 0 0 0 0 0 0 0 0 0 0 0 0 0 0 0 0 0 2 0 0 0 1 3 0 0 0 1 0 0 0 0 0 2 0 0 0 21 16 13 15 8 0 0 14 19 0 49 0 11 25 0 82 0 9 0 35 13 0 0 0 0 0 19 0 0 0 0 0 70 0 5 0 0 0 0 23 0 0 0 0 1 8 0 0 2 0 0 0 0 0 0 0 0 0 1 0 0 0 0 0 0 0 2 0 0 0 0 0 0 1 0 0 0 0 0 0 0 0 0 0 0 2 90 0 12 45 24 3 0 0 0 0 0 0 0 0 0 0 0 0 0 0 16 0 0 0 0 0 0 0 0 9 0 0 0 0 0 0 0 0 0 0 0 0 0 0 
 46 64 111 653 0 212 60 97 77 204 292 357 143 70 54 163 458 49 89 299 31 0 3 1 80 0 2 74 4 1 3 0 0 0 3 0 0 3 108 78 0 5 0 1 0 3 3 2 2 3 7 2 5 0 0 4 0 0 0 63 0 0 0 0 0 7 2 2 0 2 6 0 36 0 0 0 0 3 0 0 0 0 0 29 30 34 12 0 11 37 1 0 0 0 16 24 56 1 0 10 18 0 25 0 0 0 15 14 1 0 0 0 15 36 29 15 1 0 41 16 0 0 0 0 0 0 0 0 0 0 0 0 0 0 10 0 0 0 0 0 0 0 0 0 0 0 8 0 0 0 0 0 0 0 0 0 0 0 0 0 1 8 0 26 68 36 0 0 0 1 42 0 0 0 15 0 2 0 0 0 25 14 23 0 50 0 0 0 0 0 0 0 74 9 10 10 0 3 31 31 0 0 0 0 10 0 8 0 0 0 0 0 0 0 0 0 0 0 0 0 0 0 0 0 0 0 0 0 0 0 0 0 0 0 0 1 0 0 0 0 0 15 0 0 0 6 86 3 90 3 1 3 0 0 0 0 0 0 0 0 0 0 13 0 0 0 0 0 0 0 0 0 0 0 0 0 0 0 0 0 0 0 0 0 0 0 0 0 0 0 
 46 11 190 34 212 0 16 53 143 595 84 163 54 60 268 85 155 193 58 50 2 24 0 0 2 0 0 0 3 94 3 3 150 177 1 64 84 1 0 3 0 1 0 0 0 0 2 0 0 0 2 0 2 0 0 0 0 0 0 0 0 0 0 0 0 3 2 3 0 2 11 0 0 0 0 0 0 3 0 0 0 1 16 14 40 24 0 14 0 23 56 0 0 36 0 11 2 0 0 0 10 13 0 0 18 0 19 0 40 13 7 10 31 24 18 18 11 5 14 4 0 0 0 0 0 0 0 0 0 0 0 0 0 0 0 0 0 0 0 0 1 0 0 0 0 0 3 0 0 0 0 0 0 0 0 0 6 0 0 0 0 0 10 12 18 17 0 31 26 0 42 11 0 0 13 0 10 3 0 0 33 0 0 3 2 1 11 30 12 19 10 15 92 20 0 17 37 0 5 99 0 0 0 0 2 0 10 0 0 0 0 0 1 0 0 0 0 0 0 1 0 0 0 0 0 0 1 0 0 1 0 0 0 2 0 0 0 0 0 0 0 11 0 0 0 5 86 0 5 6 0 27 0 0 0 0 0 0 0 0 26 0 13 0 0 0 26 0 0 0 0 0 0 0 0 0 0 6 0 0 0 0 0 0 0 0 0 0 0 0 
 200 231 361 268 60 16 0 273 240 82 43 243 261 100 239 213 292 127 133 465 2 0 0 0 22 1 0 0 2 0 2 2 0 1 0 2 0 0 0 3 0 0 0 0 0 0 0 0 0 0 3 0 2 0 0 0 0 0 0 0 50 0 0 0 0 3 54 3 0 2 2 0 0 0 0 0 0 0 0 0 11 53 11 11 12 0 0 5 8 29 23 8 0 41 0 0 8 20 14 14 0 0 0 0 0 0 0 0 0 0 0 0 0 0 0 0 0 0 0 0 0 0 0 0 0 0 0 0 0 0 20 0 0 0 0 0 0 0 0 0 0 4 0 0 0 0 0 0 0 0 0 0 0 0 0 2 0 0 0 0 16 14 16 1 0 0 8 30 8 12 23 23 7 20 0 52 11 23 11 15 0 0 0 0 0 0 0 0 0 0 0 0 6 0 0 0 0 0 13 0 0 0 0 0 0 7 0 0 0 0 0 0 0 0 0 0 0 0 0 0 0 0 0 0 0 0 0 0 0 0 0 0 0 0 0 0 0 0 0 0 0 0 0 0 0 2 46 0 1 178 0 9 0 0 0 0 0 0 0 0 0 0 0 0 0 0 0 0 0 0 0 0 0 0 0 0 16 0 0 0 0 0 0 0 0 0 0 0 0 0 
 149 56 179 69 97 53 273 0 315 131 137 272 171 254 235 235 242 49 62 446 2 0 0 0 0 0 0 0 5 0 6 2 2 2 0 0 0 0 0 3 63 1 5 0 0 0 2 0 0 0 2 3 2 2 6 0 0 4 0 4 0 2 0 0 31 3 2 2 0 2 3 0 0 0 0 0 0 3 0 0 2 11 11 14 0 24 0 33 0 12 7 19 0 1 17 7 0 10 10 0 2 0 2 0 0 0 0 0 0 0 0 0 0 0 0 0 0 8 0 5 0 0 0 0 0 0 0 0 0 2 0 0 0 0 0 1 0 0 0 0 0 1 0 0 0 0 0 0 0 0 0 0 0 0 0 1 0 2 0 0 0 21 26 2 0 11 10 3 8 0 2 21 0 12 3 19 0 27 10 32 0 0 0 0 0 0 0 0 7 0 0 0 0 0 0 0 0 0 0 1 0 2 0 0 0 1 0 0 0 0 0 0 0 0 0 2 0 0 0 0 0 0 0 0 2 0 0 0 0 0 0 0 0 0 0 0 1 0 0 0 0 0 0 0 0 0 0 0 1 48 0 5 9 0 0 0 0 0 0 0 0 0 0 0 0 0 0 0 0 0 0 0 0 0 0 0 9 0 0 0 0 0 0 0 0 0 0 0 0 0 
 286 134 256 187 77 143 240 315 0 178 181 332 481 101 245 248 49 125 154 170 2 0 0 0 0 0 271 3 5 0 5 2 70 2 3 4 0 0 0 5 0 5 3 0 3 0 5 76 0 62 1 7 5 2 3 0 0 3 0 3 0 9 0 0 0 2 4 2 0 4 3 0 0 46 0 0 0 3 0 0 0 41 22 10 59 21 0 41 12 15 58 7 0 21 16 0 0 0 0 18 24 15 20 0 0 0 38 0 0 0 0 0 0 0 0 1 14 0 1 2 0 0 0 13 0 1 0 0 0 0 0 0 0 0 0 0 2 0 0 0 0 0 0 0 0 0 0 0 0 0 0 0 0 0 0 0 31 0 0 0 1 40 20 20 0 24 7 4 29 29 3 4 17 17 1 19 0 30 0 0 2 0 0 0 0 0 0 0 0 0 0 0 0 12 0 0 0 12 29 12 0 1 0 0 0 0 0 0 0 1 0 0 0 0 0 0 0 0 0 0 0 0 0 0 0 0 0 0 0 0 0 0 0 0 0 0 0 0 0 0 0 0 0 0 0 0 4 2 0 88 1 20 0 0 0 0 0 0 0 0 0 0 0 0 0 0 0 0 2 0 0 0 0 0 0 19 8 14 0 0 0 0 0 0 0 2 0 0 0 0 
 142 42 133 202 204 595 82 131 178 0 183 78 435 93 442 161 585 307 68 201 2 0 0 0 0 2 77 1 2 0 4 0 0 1 0 0 0 0 76 3 0 1 2 0 0 0 2 0 0 0 5 0 2 0 0 0 0 0 0 0 3 0 0 0 0 2 2 2 0 2 3 0 0 0 0 0 0 0 0 0 21 5 5 43 1 19 16 0 30 29 45 28 0 0 23 0 22 16 0 0 0 0 0 19 0 12 2 0 0 0 0 0 0 0 0 0 1 0 17 0 0 0 1 0 0 0 0 0 0 14 0 0 0 0 0 0 0 0 0 0 0 0 0 0 0 0 6 0 1 0 0 1 0 0 0 0 0 0 1 0 13 44 0 14 0 0 23 0 40 2 8 36 0 26 21 23 22 5 0 16 0 0 0 0 0 0 0 0 0 0 0 0 15 0 0 0 0 0 0 10 0 0 0 0 0 8 0 0 0 0 0 0 0 0 1 0 0 0 0 0 0 0 0 0 0 0 0 0 0 0 0 0 0 0 0 0 0 0 0 0 0 0 14 0 0 0 8 0 0 2 1 2 0 0 0 0 0 0 0 0 0 12 0 0 0 0 0 0 0 2 0 0 0 0 0 0 11 60 0 0 0 0 0 0 0 0 0 0 0 0 
 153 116 454 287 292 84 43 137 181 183 0 176 336 226 133 103 187 154 165 65 3 78 0 0 0 0 2 0 2 0 2 0 73 1 2 0 0 72 108 3 0 1 34 57 0 0 2 0 0 0 2 0 2 0 0 0 0 0 0 0 0 0 0 0 0 3 2 3 0 2 3 0 0 0 50 0 0 3 3 0 0 20 18 0 35 0 6 15 38 15 1 35 0 10 0 0 14 25 0 12 12 10 0 0 0 0 24 0 2 0 0 0 23 9 1 0 0 0 13 17 0 0 0 0 0 0 0 0 2 0 0 0 0 0 0 0 0 0 0 0 2 0 0 0 0 0 0 2 0 0 0 0 0 0 0 0 4 0 0 0 0 12 9 0 17 26 0 0 29 11 4 7 8 22 0 0 0 26 0 23 37 0 0 5 0 1 14 0 0 0 0 0 15 0 12 0 0 0 0 19 0 0 0 0 0 0 2 0 0 0 0 0 0 0 0 0 0 0 0 0 0 0 0 0 0 0 0 0 2 0 0 0 0 0 0 0 0 0 0 0 0 0 0 0 0 0 0 2 43 89 7 13 0 0 0 0 0 0 0 0 0 0 0 0 0 0 0 0 0 0 0 0 0 0 0 18 0 0 0 0 0 0 0 0 0 0 0 0 0 0 
 360 29 147 168 357 163 243 272 332 78 176 0 44 31 28 269 165 278 122 43 76 0 0 0 0 0 146 1 2 1 3 0 0 0 0 0 0 0 101 76 0 2 0 0 0 0 3 0 0 64 9 0 2 0 0 0 0 0 0 0 0 0 0 0 0 2 2 2 0 2 3 0 0 0 0 0 0 3 0 0 0 21 0 58 26 31 0 0 32 34 28 1 0 0 27 11 31 14 0 0 40 7 20 0 0 0 0 24 0 0 0 0 18 44 17 2 0 0 27 17 0 0 0 0 0 0 0 0 0 0 0 0 0 0 0 0 0 0 0 0 0 0 0 0 0 0 4 0 0 0 0 0 0 0 0 0 0 0 0 0 0 11 0 10 30 20 0 0 1 18 22 0 0 0 11 0 2 0 0 0 8 10 0 0 1 0 0 0 0 0 1 0 41 4 10 16 0 3 13 25 0 0 0 0 1 0 18 0 0 0 0 0 0 0 0 0 0 0 0 0 0 0 0 0 0 0 0 0 0 2 2 0 0 0 0 0 0 0 0 0 0 9 0 0 0 2 5 0 89 4 1 13 0 0 0 0 0 0 0 0 0 0 9 0 0 0 0 0 0 0 0 0 0 0 0 0 0 26 0 0 0 0 0 0 0 0 0 0 0 0 
 235 43 254 269 143 54 261 171 481 435 336 44 0 249 73 52 44 80 382 158 2 0 73 0 0 0 0 2 4 2 3 0 0 2 0 0 0 0 0 3 0 2 0 0 0 0 3 45 0 0 1 0 2 0 0 0 0 0 0 0 0 47 0 0 0 2 2 2 0 2 3 0 0 45 0 0 0 3 0 0 25 2 9 0 0 1 7 1 14 16 24 2 14 2 15 12 7 0 1 18 0 8 1 0 0 0 1 0 0 0 0 0 0 0 0 0 0 0 0 2 0 0 0 0 10 0 0 0 0 0 0 0 0 0 0 0 0 0 0 0 0 2 0 0 0 0 5 0 0 0 0 0 0 0 8 0 0 1 0 0 15 30 1 12 0 15 0 9 13 0 34 1 22 15 10 22 0 13 0 14 0 0 0 0 0 0 0 0 0 0 0 0 16 0 0 0 0 0 0 0 0 1 0 0 0 8 0 0 0 0 11 0 0 0 0 0 0 0 0 0 0 0 0 0 1 0 0 0 0 0 0 0 0 0 0 0 0 0 0 0 0 0 0 0 0 2 91 0 0 99 0 0 1 0 0 0 0 0 0 0 0 0 0 0 0 0 0 0 0 0 0 0 0 0 0 10 0 0 0 0 0 0 0 0 0 2 0 0 0 0 
 153 395 142 217 70 60 100 254 101 93 226 31 249 0 97 347 30 330 309 227 2 0 0 2 0 1 0 0 2 0 4 2 0 3 0 0 0 0 0 3 0 0 2 0 0 0 1 0 0 0 3 0 2 0 0 0 0 2 0 0 0 0 0 0 0 3 2 3 0 2 2 0 0 2 0 0 0 3 0 0 53 0 18 1 1 0 35 0 21 0 12 13 19 6 30 33 3 29 10 22 0 0 0 0 0 0 0 0 0 18 0 0 0 0 0 0 0 0 9 0 0 0 1 0 0 0 0 12 0 0 0 0 0 0 0 0 0 0 0 0 0 0 0 0 0 0 2 0 0 0 7 1 0 0 0 0 0 0 0 0 17 6 23 10 0 0 0 0 12 0 7 46 0 28 25 1 0 0 21 41 0 0 0 0 0 0 0 0 0 0 0 0 0 0 0 0 0 0 0 0 0 0 0 14 0 7 0 0 0 0 0 0 0 0 0 0 0 0 0 0 0 1 0 0 0 0 0 0 0 0 0 0 0 0 0 0 0 0 0 0 0 0 0 0 0 3 1 0 0 0 2 9 0 0 0 0 0 0 0 0 0 0 0 0 0 0 0 0 0 2 0 0 0 0 0 0 0 0 0 0 0 0 0 0 0 0 0 0 0 0 
 50 293 39 299 54 268 239 235 245 442 133 28 73 97 0 204 250 258 197 340 2 0 0 0 0 0 0 0 2 0 3 0 0 2 0 0 0 18 2 3 0 0 0 0 0 0 1 0 0 0 3 0 2 0 0 0 0 0 0 0 0 0 0 0 0 3 2 3 0 2 3 0 0 0 0 0 0 0 0 0 6 19 11 38 0 1 0 21 10 36 25 10 0 17 0 16 13 16 24 23 0 0 0 0 0 0 11 0 0 0 0 0 0 0 0 0 0 0 0 0 0 0 0 0 0 0 0 0 0 0 0 0 0 0 0 0 0 0 0 0 0 8 0 0 0 0 0 0 0 0 0 0 0 0 0 3 0 0 0 0 13 40 0 0 0 0 12 24 14 0 20 0 11 28 21 93 32 42 19 38 0 0 0 0 0 0 0 0 0 42 0 0 0 1 0 0 0 0 0 0 0 0 0 0 0 0 0 0 0 0 0 0 0 0 0 0 0 0 0 0 0 0 0 0 0 0 0 0 0 0 0 0 0 0 0 0 0 0 0 0 0 0 0 0 0 0 91 2 0 89 1 6 68 0 0 0 0 0 0 0 0 0 0 0 0 0 0 0 0 6 0 0 0 0 0 13 10 0 0 0 0 0 0 0 0 0 0 0 0 0 
 54 60 132 260 163 85 213 235 248 161 103 269 52 347 204 0 178 101 220 442 2 0 0 0 0 0 73 2 4 2 2 0 0 2 0 0 3 0 74 3 0 1 1 2 0 0 2 0 0 0 2 0 2 0 0 0 0 0 0 0 0 0 0 0 0 3 2 3 0 2 3 0 0 0 0 0 0 3 5 0 16 42 24 11 10 1 0 16 14 1 11 17 0 0 4 2 1 78 5 18 17 0 4 0 0 0 21 0 0 0 0 0 25 0 0 0 0 0 0 10 0 0 0 0 0 0 0 0 0 0 0 0 0 0 0 0 0 0 0 0 0 6 0 0 0 0 5 0 0 0 0 0 0 0 0 0 0 0 0 0 48 29 15 20 0 13 8 110 8 15 20 26 0 11 0 61 20 25 19 18 0 0 0 0 0 0 0 0 0 0 0 0 0 0 0 2 0 0 0 13 0 0 0 0 2 0 0 0 0 0 0 0 1 0 0 0 0 0 0 0 0 0 0 0 0 0 0 0 0 1 1 13 0 2 0 0 0 0 0 0 0 0 0 0 0 3 0 0 1 1 0 3 1 0 0 0 0 0 0 0 0 0 0 0 0 0 0 0 0 0 0 0 0 0 0 0 11 0 0 0 0 0 0 0 0 0 0 0 0 0 
 335 95 94 216 458 155 292 242 49 585 187 165 44 30 250 178 0 546 141 58 2 0 0 0 0 0 140 0 2 0 3 0 0 3 0 0 0 0 149 3 0 2 0 0 0 0 3 0 0 0 1 0 2 3 0 0 0 0 0 0 0 0 0 0 0 2 2 2 0 2 3 0 0 0 0 0 0 3 0 0 0 12 0 24 14 21 0 0 29 39 32 11 0 0 16 12 25 16 0 0 30 0 18 0 0 6 13 0 0 0 0 0 14 23 0 0 0 0 16 15 0 0 4 1 0 0 0 0 0 18 0 0 0 0 33 0 0 0 0 0 0 0 0 0 0 0 4 0 0 0 0 0 0 0 0 0 0 0 0 0 0 23 19 31 36 21 0 0 12 56 32 16 0 0 9 0 13 0 0 0 17 0 2 0 19 0 0 0 11 0 2 0 17 10 9 0 0 1 0 10 2 0 0 0 0 0 0 0 0 0 0 0 0 0 0 0 0 0 0 0 0 0 0 0 0 0 0 0 0 0 0 0 0 0 0 0 0 0 0 0 0 0 0 0 0 1 2 0 84 0 0 2 0 0 0 0 0 0 0 0 0 0 1 0 0 0 0 0 0 0 0 0 0 0 0 0 0 7 0 0 0 0 0 0 0 0 0 0 0 2 
 137 33 239 454 49 193 127 49 125 307 154 278 80 330 258 101 546 0 309 243 4 0 0 0 0 0 66 0 2 74 2 180 146 76 0 0 0 0 0 81 0 1 0 0 0 0 2 0 0 0 2 0 2 0 0 0 0 0 0 0 0 0 1 0 0 3 2 3 0 2 3 0 0 0 0 0 0 3 0 6 1 23 21 25 21 43 9 14 38 30 22 21 0 15 22 0 21 21 18 0 0 0 0 0 0 12 15 0 0 0 0 0 11 0 21 0 0 0 12 0 0 0 15 0 0 0 0 0 0 0 0 0 0 0 0 0 0 0 0 0 0 0 0 0 0 0 13 0 0 0 0 0 0 0 0 0 4 0 0 0 0 0 10 11 0 1 0 8 43 0 35 18 0 14 13 17 26 0 0 15 10 15 0 0 0 0 0 8 0 0 0 0 10 0 1 0 0 0 0 32 0 0 0 0 0 4 0 0 0 0 0 0 0 0 0 0 0 0 0 0 0 0 0 0 0 0 0 0 0 0 0 0 0 0 0 0 0 0 7 0 0 0 0 0 0 1 172 3 3 2 3 5 0 0 0 0 0 0 0 0 0 0 0 0 0 0 0 0 0 0 0 0 0 0 0 0 0 8 0 0 0 0 0 0 0 0 0 0 0 0 
 288 208 50 259 89 58 133 62 154 68 165 122 382 309 197 220 141 309 0 416 2 0 0 0 0 0 0 0 2 0 4 0 0 2 0 2 199 0 1 3 0 2 0 63 0 0 3 0 0 0 5 0 2 3 0 0 0 0 0 0 3 1 0 0 0 2 2 2 37 2 3 0 0 0 0 0 0 3 0 0 81 0 6 1 0 0 25 10 6 21 16 0 18 18 1 26 21 18 29 21 0 0 0 0 0 0 0 0 0 0 0 0 1 0 0 0 0 0 0 0 0 0 0 0 0 0 0 0 0 0 0 0 0 0 0 0 8 0 0 0 0 0 0 0 0 0 1 0 0 0 0 0 0 0 0 0 0 0 0 3 13 20 0 12 2 0 0 2 6 0 18 2 18 0 4 12 1 10 1 43 0 0 0 0 2 0 0 0 0 0 0 0 5 0 0 2 0 0 0 0 0 0 0 0 0 12 20 0 0 9 0 0 0 0 0 0 0 0 0 15 0 0 0 0 0 0 0 21 0 0 1 0 0 0 0 0 0 0 0 0 0 0 0 0 0 0 12 0 2 1 2 7 10 0 0 0 0 0 0 0 0 0 0 0 0 0 0 0 0 0 0 0 0 2 0 9 0 0 0 0 0 0 0 0 0 0 0 0 0 0 
 402 100 268 161 299 50 465 446 170 201 65 43 158 227 340 442 58 243 416 0 2 0 0 0 0 1 0 0 2 0 2 0 0 75 0 0 202 0 0 3 0 2 0 0 0 0 3 0 0 0 1 0 2 0 0 0 0 0 0 0 0 0 0 6 0 2 2 2 0 2 3 0 0 0 0 0 0 3 0 0 26 25 14 5 12 22 10 6 9 14 4 7 1 9 27 7 0 14 0 31 0 0 0 0 0 0 0 0 0 0 0 0 0 0 0 0 0 0 0 0 0 0 2 0 0 0 0 0 0 0 0 0 0 0 0 0 0 0 0 0 0 4 0 0 0 0 1 0 0 1 0 0 0 0 0 0 0 0 0 0 16 11 7 1 0 1 6 4 5 0 0 9 8 38 10 26 22 10 38 20 0 0 0 0 0 0 0 0 0 1 0 0 0 0 0 0 0 0 13 1 0 0 0 0 0 6 0 0 0 0 0 0 0 0 2 0 0 0 0 0 0 0 0 0 0 0 0 0 0 0 0 0 0 0 0 0 0 0 0 0 0 0 0 0 0 3 2 0 1 89 1 7 0 0 0 2 0 0 0 0 0 0 0 0 0 0 0 0 0 0 0 0 0 0 0 3 8 0 0 0 0 0 0 0 0 0 0 0 0 0 
 2 2 2 2 31 2 2 2 2 2 3 76 2 2 2 2 2 4 2 2 0 183 310 126 315 58 152 285 113 51 49 107 95 62 231 178 104 176 31 47 1 0 3 0 3 0 0 0 1 1 0 0 0 0 0 1 0 3 0 0 0 1 0 3 0 0 0 0 0 0 0 0 0 0 0 1 0 0 1 0 0 0 0 0 0 8 0 0 0 0 0 0 0 1 0 0 1 0 0 0 17 25 0 10 7 0 0 28 0 46 0 7 0 9 25 11 20 5 0 20 1 0 0 0 0 0 0 0 0 0 0 0 1 0 0 2 0 0 0 11 0 0 0 0 0 0 0 0 0 0 0 0 0 0 0 0 0 0 0 0 0 0 0 0 14 13 0 0 0 0 2 0 0 6 0 0 0 0 0 0 21 59 54 37 13 12 12 21 0 17 0 19 6 6 0 24 17 0 11 0 0 0 0 0 1 0 0 0 0 0 0 0 0 0 0 0 0 0 13 8 0 0 0 0 0 0 0 0 0 0 0 0 0 0 0 0 0 0 0 0 0 0 13 0 0 0 0 0 0 0 0 0 0 11 7 0 0 0 6 0 12 0 0 0 0 0 0 0 0 0 0 0 0 0 0 0 0 0 0 7 0 11 0 0 0 0 0 0 0 0 
 0 3 2 0 0 24 0 0 0 0 78 0 0 0 0 0 0 0 0 0 183 0 170 150 115 123 319 350 227 87 92 41 157 360 154 129 436 124 469 113 0 0 3 0 2 0 19 0 0 0 0 0 2 0 0 9 0 3 0 0 0 2 0 3 0 0 0 0 0 0 0 0 0 0 0 51 0 0 3 0 0 0 0 0 0 0 0 0 0 0 0 0 0 0 0 0 0 0 0 0 0 0 11 12 0 17 0 37 13 0 44 15 0 19 16 24 0 28 0 14 21 0 0 0 2 0 12 0 0 0 0 0 0 0 0 0 0 0 9 2 0 0 0 0 0 0 0 0 0 0 0 0 0 0 0 0 0 0 2 0 0 0 0 0 0 0 0 4 5 0 0 0 0 0 9 2 0 0 0 0 20 11 11 2 8 22 0 10 28 13 25 37 19 37 22 8 28 0 0 0 0 0 0 0 0 0 0 19 0 0 0 0 29 14 0 0 0 0 21 26 0 0 0 2 1 0 0 0 0 0 1 0 0 0 0 0 2 0 0 0 0 0 0 0 18 0 0 0 2 0 0 0 0 0 14 2 1 75 0 0 2 0 0 0 0 0 0 0 0 0 0 0 0 0 0 0 0 12 0 18 0 10 0 0 0 0 0 0 0 0 
 0 0 3 0 3 0 0 0 0 0 0 0 73 0 0 0 0 0 0 0 310 170 0 354 244 43 62 98 277 290 113 45 332 118 465 285 158 237 49 156 0 6 3 2 2 24 64 0 4 0 6 0 62 0 0 8 73 3 0 0 0 1 0 3 0 4 0 0 0 0 0 0 0 0 0 1 0 0 2 0 0 0 0 0 0 2 0 0 1 0 0 0 0 0 0 0 0 0 0 0 0 19 9 20 29 14 0 46 0 26 12 47 0 9 11 10 14 14 0 14 8 12 0 0 0 0 28 0 0 0 0 0 0 0 0 0 0 0 0 19 0 0 0 0 0 14 0 0 0 0 0 0 0 0 8 0 0 0 0 0 2 0 3 0 0 0 0 0 0 0 0 0 0 0 0 0 0 0 0 0 14 23 21 22 31 27 18 28 20 14 0 32 0 0 22 38 9 0 0 0 7 2 0 0 0 2 1 0 0 0 2 0 22 1 11 0 0 0 18 0 0 0 0 0 0 0 0 0 0 0 0 0 0 0 0 0 0 0 0 0 0 0 1 0 0 0 0 0 0 0 0 1 0 0 14 2 0 83 79 0 3 0 0 0 0 0 0 0 0 0 0 0 0 0 0 0 0 0 0 0 0 16 0 0 1 0 0 0 0 0 
 0 2 0 0 1 0 0 0 0 0 0 0 0 2 0 0 0 0 0 0 126 150 354 0 322 40 356 59 199 324 458 96 136 78 168 65 225 162 168 132 1 62 4 0 3 3 20 1 1 4 0 6 1 82 0 5 0 3 68 83 0 0 0 3 0 1 0 0 0 0 0 51 2 4 0 0 0 1 1 0 0 0 2 0 0 0 0 0 0 0 0 0 0 0 0 0 0 0 0 0 0 0 0 27 14 6 0 0 18 19 32 42 0 0 0 0 0 13 0 0 39 9 0 0 0 0 23 7 0 0 0 0 15 0 11 32 1 0 42 0 0 0 0 0 0 0 0 0 0 0 0 0 3 0 0 0 0 0 0 0 15 0 2 0 0 0 0 0 0 0 0 0 0 0 0 0 0 0 0 0 1 0 1 15 80 38 22 0 0 22 12 0 0 0 8 10 27 16 0 0 20 0 0 0 0 0 8 7 0 23 0 0 12 21 13 0 0 0 38 6 0 0 0 0 0 0 0 0 0 0 0 0 0 5 0 0 0 0 0 0 0 0 9 0 0 0 0 0 0 0 0 0 0 0 0 0 0 7 170 1 5 0 0 0 0 0 0 0 0 0 0 0 0 0 0 0 0 0 0 0 0 0 0 0 0 0 0 1 0 0 
 0 0 0 0 80 2 22 0 0 0 0 0 0 0 0 0 0 0 0 0 315 115 244 322 0 317 48 130 318 167 98 163 64 170 209 226 205 118 75 74 0 0 3 0 2 0 63 0 0 0 0 0 141 24 1 0 0 3 30 53 52 2 0 3 0 0 0 0 0 0 0 1 0 9 0 2 0 0 3 0 0 2 0 0 0 0 0 0 0 0 0 0 0 0 0 0 0 0 0 0 0 0 0 19 1 2 0 10 0 0 12 23 0 11 13 10 13 14 0 0 13 29 0 0 0 0 1 0 0 16 0 0 8 0 8 13 0 18 11 67 0 0 0 0 0 0 0 0 0 0 0 0 1 0 0 0 0 0 0 0 0 0 44 0 0 0 0 0 0 0 0 0 0 0 0 25 0 0 0 0 0 14 23 2 22 7 0 2 17 1 0 29 0 0 18 26 1 7 0 0 9 0 13 0 0 0 0 12 0 0 0 0 13 1 29 0 1 2 21 4 0 0 0 0 0 0 0 0 0 0 0 0 0 0 0 0 1 0 0 2 0 0 0 0 0 1 0 0 0 0 0 0 30 0 21 0 0 76 6 2 0 0 0 0 0 0 0 0 0 0 0 0 0 0 2 0 2 0 0 0 0 23 0 0 0 0 12 0 0 0 
 0 2 1 0 0 0 1 0 0 2 0 0 0 1 0 0 0 0 0 1 58 123 43 40 317 0 36 31 55 135 99 103 214 64 85 75 61 48 55 44 70 125 3 0 2 0 0 162 0 0 0 1 74 108 114 0 61 3 121 84 2 2 0 9 0 0 0 0 0 0 0 1 2 0 5 0 0 1 2 0 0 0 0 0 0 0 0 0 0 0 0 2 0 0 0 0 0 0 0 0 0 0 0 10 26 29 0 0 0 0 10 0 0 0 0 0 0 0 0 0 8 11 2 13 0 18 0 22 2 26 8 0 12 9 38 16 9 15 1 35 0 0 0 2 0 0 0 0 0 0 0 0 0 0 0 0 0 0 0 0 19 0 0 0 0 0 0 0 0 0 0 0 0 0 0 0 2 0 0 0 0 0 0 0 0 0 0 0 0 1 0 0 0 0 0 0 0 1 0 0 0 19 19 0 0 10 1 5 28 17 6 22 29 9 11 1 8 8 17 11 0 0 0 6 0 0 0 0 0 0 0 0 0 0 0 0 0 0 11 0 0 0 0 0 0 2 1 0 0 0 0 0 0 0 18 4 2 1 4 1 9 1 0 0 0 0 2 0 0 0 0 0 0 0 0 0 0 0 0 0 0 0 0 0 6 0 0 13 0 0 
 0 0 0 0 2 0 0 0 271 77 2 146 0 0 0 73 140 66 0 0 152 319 62 356 48 36 0 116 49 36 38 46 161 238 461 237 118 31 47 336 2 0 4 2 2 2 2 2 0 59 0 0 0 1 0 2 0 3 4 0 0 2 49 3 0 0 0 0 0 0 0 0 0 0 0 0 27 3 2 1 2 14 0 8 11 0 0 0 8 14 12 22 0 0 0 0 9 15 2 1 33 0 16 7 0 0 32 0 0 14 1 0 21 1 15 0 2 0 10 25 0 0 0 0 0 0 0 0 0 0 0 0 10 0 0 0 0 0 0 0 0 0 0 0 5 0 0 0 4 0 0 0 0 0 0 0 0 0 0 0 0 10 14 12 39 0 0 0 9 27 0 21 0 6 0 0 13 0 0 0 0 36 2 36 0 18 59 0 1 3 18 0 22 10 3 16 14 16 22 13 0 0 0 0 0 0 0 0 0 0 0 0 1 0 0 0 0 0 0 9 0 0 0 0 0 0 0 0 0 0 0 0 0 0 0 0 0 0 0 0 0 10 0 0 0 0 0 0 0 0 9 0 0 0 5 0 1 0 0 0 0 14 0 0 0 0 0 0 0 0 0 0 0 0 0 0 0 0 0 0 0 0 0 0 0 0 0 0 0 0 
 0 0 0 0 74 0 0 0 3 1 0 1 2 0 0 2 0 0 0 0 285 350 98 59 130 31 116 0 190 33 34 25 160 172 201 120 176 118 67 35 1 0 5 3 3 0 0 0 3 3 3 2 0 0 0 14 1 5 0 3 0 0 0 3 2 1 2 0 0 0 12 3 0 2 0 0 1 2 0 0 0 0 0 0 9 11 0 0 0 0 0 0 0 0 0 0 0 0 0 0 9 14 0 11 6 0 0 46 0 10 17 0 0 11 7 16 0 49 0 8 16 0 0 0 0 0 0 0 0 0 0 0 0 0 8 0 0 0 0 0 0 0 0 0 0 0 0 0 0 0 0 0 0 0 0 0 0 0 0 0 0 0 0 0 13 20 0 3 0 0 0 0 0 10 0 0 0 0 0 0 26 47 15 9 3 8 0 26 19 57 17 1 0 26 7 8 39 0 31 0 9 0 0 0 0 0 0 20 0 0 0 0 0 12 0 0 0 0 12 19 0 0 0 0 0 0 0 0 0 0 0 0 0 0 0 0 0 0 0 8 0 0 0 0 0 0 0 0 0 0 0 0 0 0 8 0 2 80 1 2 4 0 2 0 0 0 0 0 0 0 0 0 0 0 0 0 0 0 0 14 0 0 0 0 0 0 0 0 0 0 
 2 2 2 2 4 3 2 5 5 2 2 2 4 2 2 4 2 2 2 2 113 227 277 199 318 55 49 190 0 517 204 55 344 177 204 207 154 211 76 176 1 1 3 0 3 0 64 0 1 1 0 0 128 65 0 14 0 3 66 65 2 0 0 3 0 0 0 46 0 0 0 0 0 0 0 0 0 17 1 3 0 0 0 0 0 0 0 0 0 0 0 14 0 0 0 0 0 0 0 0 0 0 4 0 17 14 2 27 0 10 26 62 0 14 16 0 12 34 0 15 35 16 0 0 0 0 24 0 0 0 1 0 5 0 0 18 0 0 27 13 0 0 0 0 0 0 0 0 0 0 0 0 0 0 0 0 0 0 0 0 0 0 5 0 0 0 0 0 0 0 0 0 0 0 0 0 0 0 0 0 0 0 20 10 42 20 0 8 18 26 18 34 2 0 38 18 26 0 0 0 27 0 1 0 0 0 0 25 0 0 0 0 33 19 12 0 0 0 67 31 0 0 0 0 0 0 0 0 0 0 0 0 0 0 0 0 0 0 0 0 0 0 0 0 0 0 0 0 0 0 0 0 0 0 2 0 1 0 55 2 2 0 0 0 0 0 0 0 0 0 0 0 0 0 0 0 0 0 0 0 0 23 0 0 0 0 0 0 0 0 
 0 0 3 0 1 94 0 0 0 0 0 1 2 0 0 2 0 74 0 0 51 87 290 324 167 135 36 33 517 0 174 182 389 157 147 168 135 181 68 186 1 0 3 0 3 0 0 0 1 1 0 0 0 0 0 0 0 3 0 1 0 0 0 3 0 0 0 0 0 0 0 0 0 0 1 0 0 0 0 0 0 0 0 0 0 0 0 0 0 0 0 0 0 0 0 0 0 0 0 4 0 16 18 24 0 9 1 14 22 27 31 23 0 2 12 8 25 0 26 14 0 1 0 0 0 0 18 0 0 1 0 0 1 0 20 0 0 20 39 28 0 0 0 0 0 0 0 0 0 0 0 0 5 0 0 0 0 0 0 0 0 0 0 0 0 0 0 4 5 0 6 0 0 0 0 0 0 10 0 0 18 11 0 0 17 31 1 40 52 28 9 12 21 13 19 18 27 1 1 0 0 0 0 0 0 0 0 0 0 1 0 0 1 0 18 0 0 0 32 1 0 0 0 0 0 0 0 0 0 0 0 0 0 0 0 0 0 0 0 0 0 0 0 0 0 0 0 0 0 1 0 0 0 0 2 2 0 77 0 1 1 2 0 0 0 0 0 0 0 0 0 0 0 0 0 0 0 0 0 0 0 15 0 0 0 16 0 0 0 0 
 2 2 7 31 3 3 2 6 5 4 2 3 3 4 3 2 3 2 4 2 49 92 113 458 98 99 38 34 204 174 0 62 56 135 78 232 94 79 41 147 1 0 3 0 3 0 0 0 1 1 0 0 0 0 1 6 0 3 0 0 0 1 0 3 0 0 0 0 2 0 0 0 0 0 0 0 0 0 1 0 0 0 0 0 0 0 0 0 0 0 0 0 0 0 0 0 0 0 0 0 0 0 15 32 0 40 14 33 0 9 5 17 0 0 0 9 0 2 0 15 1 0 0 0 0 0 33 48 0 0 0 0 0 0 0 0 0 0 19 1 0 0 0 0 0 0 29 0 0 0 0 0 3 0 0 4 0 0 0 0 0 0 13 0 0 0 0 0 0 0 0 0 0 0 0 0 0 0 0 0 0 0 40 20 18 24 13 0 30 44 21 38 0 0 30 1 15 45 0 0 0 0 0 0 0 0 0 18 0 10 0 0 77 0 9 29 0 0 34 19 0 0 0 1 0 0 0 0 0 0 0 0 16 0 0 0 0 0 0 0 0 0 0 0 0 0 0 0 0 1 0 0 0 0 158 4 2 79 4 0 2 0 0 0 0 0 0 0 0 0 1 0 0 1 0 0 0 0 0 1 0 7 0 0 0 0 0 0 0 0 
 0 0 0 0 0 3 2 2 2 0 0 0 0 2 0 0 0 180 0 0 107 41 45 96 163 103 46 25 55 182 62 0 44 58 40 36 113 85 54 51 20 64 3 0 3 0 2 50 1 61 0 0 67 129 0 0 0 3 126 116 2 1 0 5 0 0 1 0 4 0 0 0 5 0 3 0 0 0 1 0 0 2 0 0 0 0 0 0 0 0 0 0 0 0 0 0 0 0 0 0 0 6 0 10 13 1 1 0 0 10 32 24 0 1 0 2 12 0 0 1 21 22 0 0 0 0 0 0 0 20 2 0 20 1 47 21 0 16 22 9 0 0 0 0 0 0 0 0 0 0 0 0 0 0 0 0 0 0 0 0 0 0 0 0 0 0 0 1 0 0 0 0 0 3 0 0 0 0 0 0 0 14 2 1 16 1 0 0 0 12 0 0 0 0 7 0 13 0 0 0 0 1 0 0 0 0 0 13 11 0 0 11 7 21 21 0 0 0 38 26 0 0 0 0 0 0 0 0 1 0 0 0 2 0 0 0 0 0 0 2 0 0 0 0 0 0 0 0 0 0 0 0 0 0 2 14 0 1 0 4 14 2 0 0 0 0 0 0 0 0 0 0 0 0 0 0 0 0 0 0 0 0 0 0 0 0 0 0 0 0 
 0 1 19 0 0 150 0 2 70 0 73 0 0 0 0 0 0 146 0 0 95 157 332 136 64 214 161 160 344 389 56 44 0 323 219 114 148 101 83 143 1 0 3 0 3 0 0 0 1 1 0 0 0 0 0 5 0 3 0 0 0 0 0 3 0 0 0 0 0 0 2 0 0 0 0 27 0 0 0 0 0 0 7 0 9 0 0 0 0 0 13 0 0 0 0 0 0 0 0 0 13 43 10 35 9 7 33 56 8 21 20 0 0 24 16 21 0 16 0 38 0 0 0 0 0 11 0 0 0 0 0 0 0 0 0 0 0 0 0 0 0 0 0 0 0 0 0 40 0 0 0 0 0 0 0 0 4 0 0 0 0 0 11 0 0 47 0 4 14 17 6 0 0 0 0 0 0 10 0 0 39 22 16 77 28 48 29 9 11 9 0 50 0 16 0 0 36 0 0 11 0 0 0 0 0 17 0 0 0 0 0 0 14 0 0 0 0 0 0 0 0 0 0 0 0 0 0 0 0 0 0 0 0 0 0 0 0 0 0 0 0 0 1 0 0 0 0 0 0 0 0 0 0 0 10 2 1 99 39 0 2 0 0 0 0 0 13 0 0 0 0 0 0 0 0 14 0 22 0 1 0 0 0 0 0 0 0 10 0 0 
 1 2 3 2 0 177 1 2 2 1 1 0 2 3 2 2 3 76 2 75 62 360 118 78 170 64 238 172 177 157 135 58 323 0 281 137 107 104 185 195 2 0 3 0 3 0 0 0 2 64 0 0 0 0 1 0 0 3 0 0 0 0 0 3 0 0 0 0 0 0 0 0 0 0 0 1 0 0 0 0 0 0 0 0 0 12 0 0 0 0 0 0 0 0 0 0 0 0 0 0 7 10 0 10 0 0 22 13 24 18 6 19 9 21 46 21 22 0 23 12 2 0 0 0 0 0 0 0 0 0 0 0 0 0 0 0 0 0 0 12 0 0 0 0 0 0 0 0 0 0 0 0 0 2 0 0 0 0 0 0 0 0 0 0 18 0 0 7 1 11 0 0 0 0 0 0 0 0 0 0 0 12 0 12 1 11 2 51 0 1 9 19 0 11 0 14 27 58 17 0 0 0 0 0 0 0 0 0 0 0 0 0 0 0 0 0 0 13 1 0 0 0 0 0 0 2 0 0 0 0 0 0 0 0 0 0 0 0 0 0 0 0 0 0 0 0 0 0 0 2 0 1 0 0 7 0 3 0 0 0 0 0 0 0 0 0 0 0 0 0 0 0 0 0 0 0 0 0 0 0 0 25 0 0 0 10 0 0 0 0 
 0 0 0 0 3 1 0 0 3 0 2 0 0 0 0 0 0 0 0 0 231 154 465 168 209 85 461 201 204 147 78 40 219 281 0 211 173 303 498 176 1 0 3 0 4 0 0 0 1 1 0 0 0 0 0 1 0 3 0 0 0 0 0 3 0 0 0 0 0 0 3 3 0 0 0 1 0 0 0 0 0 0 0 0 0 0 2 1 0 0 0 0 0 0 2 0 0 0 0 0 11 20 9 25 7 8 0 60 9 42 0 0 1 43 16 18 0 1 0 43 0 0 0 0 0 0 0 0 0 0 0 0 0 0 0 0 12 0 0 0 0 0 0 0 0 0 0 0 0 0 0 0 1 0 0 0 0 0 0 1 0 6 0 0 0 0 0 0 0 0 0 0 0 7 0 0 0 0 0 0 11 52 16 65 13 20 21 9 11 9 1 33 0 0 0 1 38 1 0 0 0 9 1 0 0 0 0 0 0 0 0 0 31 0 0 0 0 0 0 8 0 0 0 0 0 0 0 0 0 0 0 2 0 0 0 0 0 0 0 15 0 0 11 0 0 0 0 0 0 0 0 0 0 0 40 0 2 84 4 4 6 0 0 0 0 0 19 0 0 0 0 0 0 0 0 0 0 0 0 1 0 1 0 0 0 0 0 0 0 0 
 0 0 3 0 0 64 2 0 4 0 0 0 0 0 0 0 0 0 2 0 178 129 285 65 226 75 237 120 207 168 232 36 114 137 211 0 64 114 51 174 0 0 6 0 2 0 3 3 0 0 0 2 35 3 66 16 0 5 0 0 0 55 0 3 0 1 2 0 0 1 6 39 0 0 0 0 0 0 3 0 0 0 0 0 14 0 0 0 0 0 0 0 0 0 0 0 0 0 0 0 10 10 0 19 10 8 0 26 14 35 0 22 15 1 17 33 14 50 0 0 9 1 0 0 0 0 0 0 0 0 0 0 17 0 0 0 0 0 0 12 0 1 0 0 0 0 0 0 0 0 0 0 0 1 0 0 0 0 0 0 0 0 2 0 0 4 0 1 2 0 0 0 0 0 0 0 0 0 0 0 10 0 33 17 11 0 12 20 45 44 26 46 0 31 12 29 24 0 0 7 14 0 0 0 0 0 0 12 0 0 0 0 49 0 12 0 0 0 12 20 0 0 0 0 0 1 0 0 0 0 0 0 0 0 0 0 0 0 0 0 0 0 1 0 0 0 0 0 0 0 0 0 0 0 20 0 0 1 75 0 2 0 0 0 0 0 22 0 0 0 0 0 0 0 0 0 0 0 0 22 11 18 0 0 0 0 0 0 0 0 
 0 2 3 0 0 84 0 0 0 0 0 0 0 0 0 3 0 0 199 202 104 436 158 225 205 61 118 176 154 135 94 113 148 107 173 64 0 75 37 36 0 0 3 1 2 0 0 0 0 0 0 0 63 62 0 1 0 3 63 62 0 2 0 3 0 0 0 0 0 0 0 0 0 4 0 0 0 11 3 0 0 0 0 0 0 0 0 0 0 0 0 0 0 0 0 0 0 0 0 0 9 11 0 19 7 0 0 20 3 1 20 8 0 56 37 18 12 0 0 19 21 0 0 0 0 0 0 0 0 0 0 0 10 0 0 7 0 0 14 18 0 0 0 0 0 0 0 0 0 0 0 0 0 0 1 0 0 0 0 0 0 0 0 0 0 0 0 20 10 0 0 0 0 0 0 0 0 0 0 0 11 11 0 23 25 13 15 8 0 0 0 56 0 12 15 13 37 36 0 0 0 0 0 0 0 0 0 10 0 3 0 0 0 14 0 0 0 0 12 16 0 0 0 0 0 0 0 0 0 0 0 13 0 0 0 0 0 0 0 0 0 0 28 0 0 0 2 0 0 0 0 0 0 0 0 1 2 84 2 1 3 0 0 0 0 0 0 0 0 0 0 0 0 0 0 0 0 0 0 0 0 1 0 0 0 0 11 1 0 0 
 0 0 0 0 3 1 0 0 0 0 72 0 0 0 18 0 0 0 0 0 176 124 237 162 118 48 31 118 211 181 79 85 101 104 303 114 75 0 156 116 0 0 3 0 2 0 19 0 0 0 0 0 1 0 0 2 0 3 0 0 0 2 0 3 0 0 0 0 0 0 1 51 0 0 0 0 0 0 2 51 0 0 0 0 0 0 0 0 0 0 0 0 0 0 0 0 0 0 0 0 0 49 12 0 19 27 0 31 9 20 1 10 8 8 13 9 11 29 0 13 18 9 0 0 0 0 16 0 0 0 0 0 0 0 11 0 0 0 14 6 0 0 0 52 0 0 0 0 0 0 0 0 0 0 0 0 0 0 0 0 0 0 2 0 0 0 0 0 0 0 0 0 0 0 0 0 0 0 0 0 14 17 14 38 95 0 27 15 1 15 12 30 0 20 1 31 33 0 0 0 15 0 0 0 0 0 8 0 0 0 0 0 5 1 1 0 0 0 11 0 0 0 0 0 0 0 0 0 0 0 0 0 0 12 0 0 0 0 0 0 0 0 11 0 0 0 0 0 0 0 0 0 0 0 2 0 0 0 83 3 0 0 0 0 0 0 15 0 0 6 0 0 0 0 0 7 0 0 0 18 0 9 0 0 0 0 0 0 0 0 
 0 75 78 27 108 0 0 0 0 76 108 101 0 0 2 74 149 0 1 0 31 469 49 168 75 55 47 67 76 68 41 54 83 185 498 51 37 156 0 225 2 3 8 0 2 2 0 1 2 0 0 3 2 3 2 1 0 3 12 0 3 2 0 8 3 0 1 3 3 0 4 1 0 2 5 2 3 5 15 7 0 0 6 16 3 20 0 0 3 46 1 10 8 0 0 1 25 0 0 0 4 13 20 0 0 0 26 14 7 8 0 11 30 18 0 4 7 0 29 10 0 0 29 0 0 0 2 0 0 0 0 0 0 0 0 0 0 0 0 3 3 0 0 0 2 0 0 0 0 0 0 0 0 0 0 0 0 0 0 0 10 0 0 11 10 16 0 1 11 23 2 8 0 0 0 1 62 9 0 0 13 0 0 0 11 0 35 0 0 0 0 0 16 1 0 0 0 13 0 0 0 0 0 0 0 0 0 0 0 0 0 0 0 0 0 0 0 0 14 0 0 0 2 0 0 12 0 0 0 0 0 0 0 0 0 0 0 0 0 0 0 0 0 0 0 0 0 0 24 0 8 0 2 0 13 0 2 0 1 2 2 15 0 0 0 0 0 0 0 7 0 0 0 0 0 27 0 0 0 0 0 0 0 0 0 0 0 0 0 0 
 3 3 3 3 78 3 3 3 5 3 3 76 3 3 3 3 3 81 3 3 47 113 156 132 74 44 336 35 176 186 147 51 143 195 176 174 36 116 225 0 1 0 3 0 3 0 0 0 2 1 0 1 0 0 0 2 0 3 0 0 0 0 0 3 0 0 0 0 0 0 0 0 0 29 0 0 0 0 0 0 0 9 0 1 0 10 0 0 0 0 0 14 0 0 0 0 0 7 0 0 11 0 61 23 1 12 0 49 17 14 21 29 23 11 0 10 9 3 16 7 0 0 0 0 0 0 28 0 0 0 0 0 0 0 0 0 0 0 0 0 1 0 7 0 1 0 0 0 6 0 0 0 0 0 0 0 0 0 0 0 6 0 0 0 10 0 0 0 0 0 0 6 0 0 0 0 0 0 4 0 0 0 25 28 37 15 20 0 12 9 14 31 1 2 12 0 0 15 19 14 0 0 0 0 0 0 1 0 0 0 0 0 14 0 6 0 0 0 11 0 0 0 0 0 0 0 0 0 0 0 1 0 0 0 0 0 0 0 0 0 0 1 0 0 0 0 0 0 0 0 0 0 0 0 1 0 0 106 2 0 1 0 1 0 0 0 0 0 0 0 0 0 0 0 0 0 0 0 0 1 0 0 0 0 0 0 0 0 0 0 
 0 0 4 0 0 0 0 63 0 0 0 0 0 0 0 0 0 0 0 0 1 0 0 1 0 70 2 1 1 1 1 20 1 2 1 0 0 0 2 1 0 113 105 75 51 116 388 125 141 250 35 44 59 60 140 99 126 117 355 149 0 0 0 5 0 0 2 1 0 2 3 1 13 0 59 0 0 5 0 1 0 0 0 0 0 0 0 0 0 0 0 2 0 0 0 0 0 0 0 0 0 0 0 0 21 10 0 0 0 0 0 0 0 0 0 0 0 26 0 26 0 11 20 33 7 7 3 8 0 2 7 0 0 15 36 0 0 18 0 0 0 0 16 0 0 0 9 0 5 14 0 0 6 5 1 1 0 0 1 14 0 0 0 0 0 0 0 0 0 5 0 0 0 0 0 0 0 0 0 7 0 0 0 0 0 0 0 0 0 0 0 0 12 0 0 0 0 0 0 0 19 1 18 0 14 9 2 3 22 0 14 12 6 1 0 17 31 39 0 5 0 1 0 0 0 0 24 0 0 4 0 0 0 2 0 0 23 0 0 7 0 0 0 0 0 0 0 0 0 0 0 3 0 1 0 0 0 5 0 0 0 0 36 0 1 3 0 0 0 0 5 0 0 0 0 1 0 0 0 0 0 0 0 0 0 0 0 10 0 0 
 0 2 6 1 5 1 0 1 5 1 1 2 2 0 0 1 2 1 2 2 0 0 6 62 0 125 0 0 1 0 0 64 0 0 0 0 0 0 3 0 113 0 253 98 51 69 360 166 77 55 47 195 73 119 174 100 126 48 214 114 0 0 0 25 0 0 2 2 0 6 0 1 51 0 0 0 0 24 2 2 0 0 0 0 0 0 0 0 0 0 0 0 0 0 0 7 0 0 0 0 20 0 0 0 7 10 0 0 0 0 0 0 0 0 0 0 0 0 0 0 6 0 21 2 10 38 8 29 21 17 14 9 0 22 0 2 11 24 0 1 11 0 0 0 0 0 0 0 0 0 0 0 0 0 1 0 0 0 16 0 18 0 0 0 0 0 0 0 0 0 14 0 0 0 0 0 0 0 40 0 0 0 0 0 0 0 0 0 0 3 22 0 0 0 0 0 0 0 0 0 0 19 10 53 0 1 0 27 0 35 8 18 0 11 0 1 7 0 0 9 9 0 0 0 0 0 9 0 0 0 0 0 0 1 0 0 0 0 22 0 0 0 44 0 0 0 0 0 0 0 0 9 0 0 0 0 0 0 0 0 0 0 0 0 1 4 0 0 2 0 0 0 0 0 0 0 0 0 0 0 0 0 0 0 8 15 0 0 0 10 
 5 0 4 21 0 0 0 5 3 2 34 0 0 2 0 1 0 0 0 0 3 3 3 4 3 3 4 5 3 3 3 3 3 3 3 6 3 3 8 3 105 253 0 128 86 336 497 76 245 275 115 133 65 397 75 95 336 350 38 113 6 1 0 0 0 0 6 4 0 6 0 10 17 1 0 0 0 0 0 0 1 0 0 0 1 0 8 2 2 0 0 20 0 0 0 0 0 2 0 0 0 0 0 0 0 0 10 0 0 0 0 0 0 0 0 0 0 0 0 5 0 0 21 42 18 42 0 1 27 11 11 24 0 15 0 8 48 42 0 0 7 0 0 0 0 0 14 0 0 0 6 0 0 0 15 0 0 0 10 10 0 0 1 9 0 2 0 0 3 2 0 4 0 8 0 17 0 0 0 8 0 0 0 0 0 0 0 0 0 0 0 0 0 0 0 0 0 0 0 0 0 0 0 0 8 13 0 0 0 15 0 9 0 0 0 7 2 9 0 0 9 0 0 0 0 0 23 0 0 0 0 0 11 1 12 1 0 0 28 0 0 0 12 0 0 0 0 0 0 0 0 12 0 2 0 0 0 0 0 0 2 0 0 0 0 4 0 2 0 0 0 0 0 0 0 0 0 0 0 0 0 0 0 0 18 8 0 0 0 0 
 0 0 0 0 1 0 0 0 0 0 57 0 0 0 0 2 0 0 63 0 0 0 2 0 0 0 2 3 0 0 0 0 0 0 0 0 1 0 0 0 75 98 128 0 318 36 138 62 68 151 240 224 81 83 71 286 328 105 84 56 28 0 0 0 0 0 52 2 0 2 0 2 73 25 0 0 2 6 5 3 0 0 5 0 0 0 0 0 0 0 0 0 0 0 0 0 0 0 0 0 0 0 0 0 0 0 0 0 0 0 0 0 0 0 0 0 0 0 0 0 0 0 11 0 2 2 0 0 1 11 11 45 0 0 0 0 25 10 0 0 5 25 7 0 6 0 0 15 10 8 0 0 19 12 3 11 0 0 21 0 0 0 0 1 4 0 0 0 0 0 0 0 0 2 0 0 0 0 0 0 0 0 0 0 0 0 0 0 0 0 0 0 0 0 0 0 0 0 0 0 0 0 0 0 1 9 0 0 0 2 20 26 0 0 0 0 0 0 0 0 36 0 4 0 8 5 0 23 10 10 0 0 6 0 83 1 0 1 36 30 0 0 0 0 0 0 0 0 0 0 0 12 0 0 0 0 0 1 0 11 0 0 0 2 0 0 4 43 2 0 15 0 0 0 0 5 0 0 0 0 0 0 0 0 8 0 0 0 15 0 
 0 1 0 0 0 0 0 0 3 0 0 0 0 0 0 0 0 0 0 0 3 2 2 3 2 2 2 3 3 3 3 3 3 3 4 2 2 2 2 3 51 51 86 318 0 59 76 49 187 153 320 82 97 125 78 82 108 80 53 75 21 55 0 0 0 2 56 0 1 0 0 17 50 54 1 51 0 8 76 70 0 0 0 0 0 0 0 0 0 0 0 0 0 0 0 0 0 0 0 0 0 0 0 0 0 0 0 0 0 0 0 0 0 0 0 9 0 0 0 0 0 0 0 21 1 2 0 0 25 5 24 5 0 10 0 0 9 14 0 0 21 13 11 0 0 0 0 18 11 0 18 15 31 5 22 0 6 0 0 19 0 0 0 0 0 0 0 0 0 0 0 7 0 0 0 0 0 2 1 0 0 0 0 0 0 0 0 0 0 0 0 0 0 0 0 0 0 0 0 0 0 0 0 1 9 0 0 0 0 0 0 0 0 0 0 11 0 0 0 0 0 7 23 0 0 0 16 8 8 11 1 20 13 0 9 28 19 7 0 0 0 0 0 0 0 0 0 0 0 0 0 5 0 0 0 0 0 0 0 2 0 12 2 1 1 2 5 0 3 0 0 0 0 0 0 3 0 0 0 0 0 0 0 0 8 30 0 0 0 0 
 1 2 0 0 3 0 0 0 0 0 0 0 0 0 0 0 0 0 0 0 0 0 24 3 0 0 2 0 0 0 0 0 0 0 0 0 0 0 2 0 116 69 336 36 59 0 31 87 53 262 137 341 48 93 60 283 57 86 65 73 0 0 0 0 0 0 0 50 0 0 0 0 67 0 0 0 0 0 55 51 0 0 0 0 0 0 0 0 0 19 0 0 0 0 0 0 0 0 0 0 0 0 0 0 0 0 0 0 0 0 0 0 0 0 0 0 0 0 0 0 0 0 36 0 10 8 0 0 30 25 0 12 0 0 0 0 34 29 0 0 0 0 9 15 9 0 22 0 0 0 0 15 14 6 0 14 0 31 24 0 0 0 0 11 0 0 0 0 0 4 0 11 0 0 0 0 0 0 0 10 0 0 0 0 0 0 0 0 0 0 0 0 0 0 6 0 0 0 0 0 0 0 36 20 25 8 0 0 0 1 0 10 0 0 0 0 0 0 0 0 28 13 30 10 0 0 21 15 2 12 0 24 0 37 2 8 11 16 4 5 0 0 0 0 0 0 0 0 0 0 0 6 0 0 0 0 0 0 0 1 0 0 0 0 1 24 0 0 0 0 0 0 0 0 0 0 0 0 0 0 0 0 0 0 12 0 0 0 16 0 
 1 3 5 2 3 2 0 2 5 2 2 3 3 1 1 2 3 2 3 3 0 19 64 20 63 0 2 0 64 0 0 2 0 0 0 3 0 19 0 0 388 360 497 138 76 31 0 109 191 532 35 23 478 87 233 43 112 148 279 517 0 0 0 3 0 0 0 15 0 1 0 51 5 0 3 0 0 1 2 0 0 0 0 0 0 0 0 0 0 0 0 0 0 0 0 0 0 0 0 0 0 0 0 0 31 8 0 0 0 0 0 0 0 0 0 0 0 22 0 0 7 6 9 0 0 0 23 7 0 9 24 0 2 6 50 10 16 8 14 0 0 0 2 0 2 0 0 0 7 2 0 0 2 2 2 2 0 0 0 5 0 0 1 0 0 0 0 0 0 0 0 0 0 0 0 0 0 0 0 0 0 0 0 0 20 0 0 0 0 0 14 0 8 0 0 0 0 0 0 0 29 25 0 7 3 0 34 0 7 0 0 20 0 23 7 0 16 5 0 16 3 16 0 0 3 0 0 2 0 0 0 0 13 2 0 0 0 0 24 5 0 0 1 0 0 0 0 0 0 33 0 18 0 2 0 0 0 0 64 2 0 0 0 0 5 2 2 0 2 0 5 0 0 0 0 0 0 4 0 0 0 0 0 0 0 0 0 0 0 0 
 0 2 0 0 2 0 0 0 76 0 0 0 45 0 0 0 0 0 0 0 0 0 0 1 0 162 2 0 0 0 0 50 0 0 0 3 0 0 1 0 125 166 76 62 49 87 109 0 58 28 43 79 176 115 46 101 121 112 131 52 0 0 0 2 0 0 0 0 0 0 0 0 0 55 9 24 2 0 0 0 0 0 20 0 0 0 0 0 0 0 45 0 0 0 0 0 0 0 0 0 0 0 0 0 31 7 0 0 0 0 0 0 0 0 0 0 0 0 0 0 4 34 13 10 23 0 0 1 4 0 19 0 9 19 29 1 0 20 1 10 0 0 0 0 0 0 16 0 0 0 0 0 0 10 0 0 0 0 0 0 20 0 0 17 0 0 0 0 0 5 0 0 0 0 0 0 0 0 0 5 0 0 0 0 0 11 0 0 0 0 0 0 0 0 0 0 0 10 0 0 0 1 9 20 5 0 0 0 7 0 0 29 8 0 6 0 11 7 0 11 0 0 0 22 0 0 21 0 0 0 0 0 1 0 0 0 0 0 0 0 0 0 0 0 0 0 0 0 0 0 0 1 0 1 0 0 0 0 0 0 0 0 0 0 1 25 1 0 1 0 0 0 0 0 0 0 0 0 0 0 0 0 0 0 0 0 0 7 0 0 
 0 0 2 0 2 0 0 0 0 0 0 0 0 0 0 0 0 0 0 0 1 0 4 1 0 0 0 3 1 1 1 1 1 2 1 0 0 0 2 2 141 77 245 68 187 53 191 58 0 88 272 51 94 168 149 186 113 140 103 106 0 28 0 0 7 13 0 0 0 0 0 1 0 0 0 0 0 0 0 0 0 0 0 0 0 0 0 0 0 0 0 0 0 0 0 0 0 0 0 0 0 0 0 0 0 0 0 0 0 0 0 0 0 0 0 0 0 0 0 0 0 0 12 20 10 11 21 10 50 0 16 66 44 2 0 16 36 0 15 0 0 0 0 0 0 0 0 0 0 0 0 0 0 2 66 0 0 0 0 0 0 0 0 0 0 0 0 0 0 0 0 0 6 0 0 0 0 0 0 0 0 0 0 0 0 0 0 0 0 0 0 0 0 0 0 0 0 0 0 0 73 19 27 0 47 3 24 18 29 2 8 0 0 8 8 12 37 22 0 14 0 0 0 0 0 0 67 0 0 0 0 0 37 0 0 0 0 0 25 0 0 0 0 0 0 0 0 0 0 0 0 7 0 0 0 0 0 0 0 1 0 21 2 0 66 2 0 0 0 0 50 0 0 0 0 0 0 0 0 0 0 2 0 0 18 0 0 0 0 0 
 0 2 0 0 3 0 0 0 62 0 0 64 0 0 0 0 0 0 0 0 1 0 0 4 0 0 59 3 1 1 1 61 1 64 1 0 0 0 0 1 250 55 275 151 153 262 532 28 88 0 121 127 51 56 81 521 129 65 86 102 0 20 5 4 0 2 0 0 51 3 3 1 3 0 0 2 0 0 0 1 0 0 0 0 0 0 0 0 0 0 0 0 0 0 16 0 0 0 0 0 0 2 0 0 6 10 13 3 4 0 0 0 0 0 22 0 0 0 0 0 0 0 0 1 1 0 0 0 0 31 13 10 0 10 10 12 0 7 0 0 0 0 2 4 0 4 0 15 0 0 0 0 0 9 11 0 0 0 17 14 0 0 0 0 0 0 0 0 0 11 0 0 0 0 0 0 0 0 0 0 0 0 0 0 0 8 11 0 0 0 0 0 11 0 0 0 0 17 13 0 19 9 44 33 0 0 9 0 10 0 14 9 0 10 0 22 0 1 0 0 0 0 0 8 0 0 0 0 0 0 9 6 7 1 10 31 0 0 7 27 0 0 0 0 0 0 0 0 0 0 6 5 0 0 0 0 0 1 0 18 0 0 4 2 3 0 4 1 0 0 0 0 0 0 0 0 0 0 0 0 0 0 0 0 0 26 0 0 0 0 
 3 1 2 2 7 2 3 2 1 5 2 9 1 3 3 2 1 2 5 1 0 0 6 0 0 0 0 3 0 0 0 0 0 0 0 0 0 0 0 0 35 47 115 240 320 137 35 43 272 121 0 433 43 31 68 194 160 273 71 78 0 0 0 0 0 209 0 51 0 6 0 0 47 53 0 0 0 0 51 71 0 0 0 0 0 0 0 0 0 0 0 0 0 0 0 0 0 0 0 0 0 0 0 0 0 0 0 0 0 0 0 0 0 4 0 0 0 0 0 0 0 0 18 0 7 10 0 0 0 60 14 77 0 0 0 0 28 10 0 0 0 12 0 0 0 0 4 37 0 0 0 0 0 9 0 0 18 0 41 0 0 0 0 0 0 0 0 0 0 0 0 0 0 0 0 0 0 0 0 0 0 0 0 0 0 0 0 0 0 0 0 0 0 0 0 0 0 0 0 0 0 0 7 54 13 14 0 0 10 0 14 35 0 0 0 0 0 0 0 0 16 0 11 0 0 0 0 7 0 0 0 0 22 10 13 0 0 1 40 62 0 0 0 0 0 0 0 0 0 0 0 11 0 0 0 0 0 0 0 8 0 0 0 1 2 5 2 68 0 0 11 0 0 0 0 0 0 0 0 0 0 3 0 0 7 0 0 0 0 0 
 0 3 0 0 2 0 0 3 7 0 0 0 0 0 0 0 0 0 0 0 0 0 0 6 0 1 0 2 0 0 0 0 0 0 0 2 0 0 3 1 44 195 133 224 82 341 23 79 51 127 433 0 46 87 29 38 64 50 22 28 0 1 63 0 3 3 0 51 0 0 0 9 62 50 0 51 0 2 52 54 0 0 0 0 0 0 0 0 0 0 0 0 0 0 0 0 0 0 0 0 0 0 0 0 0 0 0 0 0 0 0 0 0 0 7 17 0 0 0 0 0 0 22 22 42 0 0 1 29 32 36 4 0 38 0 20 0 20 0 0 7 0 0 0 0 0 0 0 0 0 6 0 0 3 0 0 0 0 2 10 24 0 0 5 0 0 0 0 0 0 0 0 0 0 0 0 0 0 0 1 0 0 0 0 0 0 0 0 0 0 0 0 0 0 0 0 0 0 0 0 0 0 0 22 17 10 0 0 0 33 0 31 0 7 0 0 0 0 0 0 3 0 10 1 0 0 3 5 0 0 0 9 17 0 2 1 0 4 32 31 0 0 12 0 0 0 0 0 0 0 0 16 0 0 0 0 0 0 0 18 0 0 2 0 0 20 2 1 1 0 10 0 0 0 0 0 0 0 0 0 0 0 0 0 0 4 0 0 0 0 
 2 5 4 2 5 2 2 2 5 2 2 2 2 2 2 2 2 2 2 2 0 2 62 1 141 74 0 0 128 0 0 67 0 0 0 35 63 1 2 0 59 73 65 81 97 48 478 176 94 51 43 46 0 152 65 111 22 41 207 144 0 6 1 1 0 0 0 0 3 0 5 7 0 4 1 3 4 0 0 0 0 0 0 0 0 0 0 0 0 0 0 0 0 0 0 0 0 0 0 0 0 0 0 0 35 9 0 0 0 1 0 2 0 0 0 0 63 0 0 0 28 19 0 1 0 0 35 1 9 0 2 0 36 15 12 11 0 10 0 3 0 6 1 5 1 5 0 0 0 1 0 1 0 0 0 1 4 3 0 0 0 0 29 0 0 0 0 0 0 0 0 0 0 1 0 0 0 0 0 0 0 0 10 0 0 0 0 0 6 0 0 12 0 0 8 17 0 10 0 0 7 26 0 10 8 0 10 0 6 0 0 0 35 8 3 9 0 1 0 36 0 21 0 0 0 0 17 1 8 0 3 0 14 1 0 0 0 6 0 0 0 0 0 0 0 0 0 0 0 0 0 7 0 0 0 0 0 29 62 0 0 0 0 0 67 1 4 0 0 0 0 0 0 0 0 0 0 0 0 0 0 0 0 0 0 0 2 0 0 0 
 0 0 3 0 0 0 0 2 2 0 0 0 0 0 0 0 3 0 3 0 0 0 0 82 24 108 1 0 65 0 0 129 0 0 0 3 62 0 3 0 60 119 397 83 125 93 87 115 168 56 31 87 152 0 52 54 45 313 181 233 0 0 0 0 27 0 0 0 0 0 0 7 0 0 3 0 0 0 0 0 0 0 0 0 0 0 0 0 0 17 0 0 0 0 0 0 0 0 0 0 0 0 0 0 0 1 0 0 0 0 3 33 0 0 0 0 0 0 0 0 9 18 14 54 1 0 0 2 8 20 0 0 7 18 0 21 0 50 8 9 8 0 0 0 0 0 17 7 18 0 1 0 3 0 20 0 0 0 1 8 0 0 0 0 0 0 0 0 0 17 0 0 0 0 0 0 0 0 0 6 0 14 0 0 9 10 0 0 0 0 0 0 0 2 0 0 0 2 0 0 0 0 10 0 2 9 0 8 0 15 0 5 8 0 9 12 0 9 0 18 0 0 0 0 0 0 33 0 0 5 0 0 0 0 0 0 7 0 1 0 0 0 13 0 0 0 0 2 7 0 0 12 0 2 0 0 1 0 0 1 0 0 0 0 0 30 0 0 0 0 1 0 0 0 0 0 0 0 0 0 0 0 0 0 0 10 0 0 0 0 
 0 0 0 0 0 0 0 6 3 0 0 0 0 0 0 0 0 0 0 0 0 0 0 0 1 114 0 0 0 0 1 0 0 1 0 66 0 0 2 0 140 174 75 71 78 60 233 46 149 81 68 29 65 52 0 135 161 46 139 315 1 0 0 0 0 0 0 0 0 0 0 1 3 0 0 0 0 0 47 3 0 0 0 0 0 0 0 0 0 0 0 0 0 0 0 0 0 0 0 0 0 0 0 0 6 9 0 0 0 0 0 0 0 0 0 0 0 0 0 0 0 0 10 9 0 20 0 31 0 7 20 0 11 20 15 26 15 6 10 9 0 0 2 0 0 0 0 0 0 0 0 0 0 0 0 0 0 0 0 0 0 0 0 0 0 0 0 13 0 0 0 0 0 0 0 0 0 0 0 0 0 0 0 0 0 0 0 0 0 0 0 0 0 0 0 9 0 0 0 0 29 60 37 11 16 0 35 17 28 19 16 1 0 20 9 9 12 17 0 12 0 0 0 0 0 0 0 0 0 0 0 0 11 1 0 0 0 0 10 0 0 0 0 0 0 0 0 0 0 0 0 6 0 0 0 0 2 0 0 0 0 0 1 0 64 0 1 0 0 0 0 0 0 0 0 0 0 0 0 0 17 0 0 0 0 0 0 0 0 0 
 0 0 2 0 4 0 0 0 0 0 0 0 0 0 0 0 0 0 0 0 1 9 8 5 0 0 2 14 14 0 6 0 5 0 1 16 1 2 1 2 99 100 95 286 82 283 43 101 186 521 194 38 111 54 135 0 227 168 23 58 2 4 2 2 1 1 2 0 2 19 2 2 0 2 2 2 1 2 1 0 0 0 0 0 0 0 0 14 0 0 0 0 0 0 0 0 0 0 0 0 0 4 0 0 11 5 0 22 0 0 0 0 0 0 0 0 0 8 0 0 0 0 9 12 20 9 44 8 21 8 36 2 3 0 15 7 0 1 8 0 0 10 9 0 0 0 0 0 0 0 0 0 0 8 3 0 0 0 8 0 0 0 0 19 0 0 0 0 0 0 0 0 0 0 0 0 0 0 0 0 9 9 6 10 1 0 0 12 7 9 4 4 0 0 12 0 48 0 0 0 7 19 1 24 25 0 22 21 31 0 23 6 4 0 0 18 6 11 0 5 0 0 0 0 0 0 9 0 0 0 12 0 60 0 4 7 0 1 3 22 0 0 2 0 0 0 0 0 0 0 0 11 0 0 0 0 0 0 1 8 0 0 63 0 10 22 2 4 1 0 0 0 0 0 0 2 0 0 0 0 0 5 0 0 0 13 0 0 0 0 
 0 0 0 0 0 0 0 0 0 0 0 0 0 0 0 0 0 0 0 0 0 0 73 0 0 61 0 1 0 0 0 0 0 0 0 0 0 0 0 0 126 126 336 328 108 57 112 121 113 129 160 64 22 45 161 227 0 208 56 58 0 0 0 0 0 66 0 1 0 0 0 0 2 51 3 0 0 0 0 0 0 0 0 0 0 0 0 0 16 0 0 0 0 24 0 0 9 0 0 0 0 0 0 0 2 0 0 0 0 0 0 0 0 0 0 0 0 0 0 0 0 0 14 20 32 0 2 18 10 7 47 21 8 12 10 10 23 0 0 0 1 0 0 0 0 13 7 15 7 0 0 0 2 9 8 0 0 0 1 2 0 0 0 25 0 0 0 0 0 0 0 0 0 0 0 0 0 0 0 0 0 0 0 0 0 0 0 0 0 0 0 0 0 0 0 0 0 0 0 0 25 17 23 19 20 19 14 14 0 0 0 12 0 0 0 0 3 11 0 0 0 0 0 0 1 1 1 0 0 6 0 0 32 0 28 0 5 0 9 11 0 0 0 0 0 8 0 0 0 0 0 4 0 22 0 0 0 0 0 10 0 0 1 0 66 26 1 0 2 0 14 0 0 0 0 0 0 0 0 0 0 0 0 0 15 15 0 0 0 0 
 0 0 1 0 0 0 0 4 3 0 0 0 0 2 0 0 0 0 0 0 3 3 3 3 3 3 3 5 3 3 3 3 3 3 3 5 3 3 3 3 117 48 350 105 80 86 148 112 140 65 273 50 41 313 46 168 208 0 35 42 0 0 0 0 0 0 0 0 0 0 0 0 0 0 0 0 0 0 0 0 0 0 0 0 0 0 0 0 0 0 0 0 0 0 0 0 0 0 0 0 14 0 0 0 0 0 0 0 0 0 0 0 0 0 0 0 0 0 0 0 0 0 23 11 20 0 21 7 34 0 50 5 10 0 0 0 15 14 7 0 0 0 0 0 0 0 11 0 0 0 0 0 0 0 22 0 0 0 0 0 0 0 0 7 0 0 0 0 0 7 0 0 0 0 0 0 0 0 0 6 0 0 0 0 0 0 0 0 0 0 0 0 0 0 0 0 0 0 0 0 19 16 11 20 21 0 17 10 12 6 0 0 0 7 6 12 11 62 0 11 0 0 0 0 0 0 28 0 0 0 0 0 66 0 9 0 0 0 0 0 0 0 0 0 0 0 0 0 0 0 0 9 0 0 0 0 0 0 0 8 0 0 0 0 64 28 0 0 0 0 0 0 0 0 0 0 0 0 0 0 0 0 0 0 8 15 0 0 0 0 
 0 0 0 0 0 0 0 0 0 0 0 0 0 0 0 0 0 0 0 0 0 0 0 68 30 121 4 0 66 0 0 126 0 0 0 0 63 0 12 0 355 214 38 84 53 65 279 131 103 86 71 22 207 181 139 23 56 35 0 413 0 0 0 58 0 1 3 0 0 0 3 1 0 0 5 1 0 0 0 4 0 0 0 0 0 0 0 0 0 0 0 0 0 0 0 0 0 0 0 0 0 0 0 0 18 8 0 0 0 0 0 19 0 0 0 0 0 0 0 0 3 23 0 1 2 9 0 12 0 0 0 5 8 0 8 32 10 0 36 30 0 0 0 0 0 0 0 1 0 0 0 0 0 0 0 0 0 0 5 6 0 0 0 0 0 0 0 0 0 0 0 0 0 0 8 0 0 0 0 0 0 0 0 0 17 7 0 0 0 0 0 0 0 0 0 1 0 0 0 0 0 10 23 4 0 0 0 41 19 4 13 23 29 6 25 0 0 0 3 4 0 0 0 0 0 0 0 0 0 0 0 0 0 4 0 0 1 0 14 0 0 0 2 0 0 0 0 0 0 0 0 2 0 1 0 0 0 0 0 8 0 0 34 0 1 4 2 0 1 0 0 0 0 0 0 0 0 0 0 0 0 0 1 0 0 0 0 0 0 10 
 0 0 0 29 63 0 0 4 3 0 0 0 0 0 0 0 0 0 0 0 0 0 0 83 53 84 0 3 65 1 0 116 0 0 0 0 62 0 0 0 149 114 113 56 75 73 517 52 106 102 78 28 144 233 315 58 58 42 413 0 0 0 0 4 0 0 0 2 3 0 0 1 24 5 33 0 0 1 6 0 0 0 0 0 0 0 0 0 0 11 0 0 1 0 0 0 0 0 0 0 0 0 0 1 35 1 2 0 0 0 6 37 0 19 0 0 0 0 0 0 3 30 0 22 0 1 1 0 0 0 0 0 7 9 10 42 7 3 10 10 0 0 0 0 0 0 0 0 4 1 0 0 4 6 0 1 0 0 0 7 0 0 0 0 0 0 0 0 0 0 0 0 0 0 0 0 0 0 0 0 0 0 0 0 12 9 0 0 0 0 0 0 0 0 0 0 1 0 0 0 0 2 21 0 0 11 0 8 19 1 0 10 4 2 7 8 1 18 1 6 0 2 0 0 2 0 1 0 0 2 0 0 0 0 0 0 8 0 12 7 0 0 0 0 0 0 0 0 0 0 0 9 0 0 0 0 0 0 0 0 0 0 0 0 0 5 16 0 1 0 5 0 0 0 0 1 0 0 0 0 0 0 0 0 0 0 0 0 0 0 
 0 2 0 0 0 0 50 0 0 3 0 0 0 0 0 0 0 0 3 0 0 0 0 0 52 2 0 0 2 0 0 2 0 0 0 0 0 0 3 0 0 0 6 28 21 0 0 0 0 0 0 0 0 0 1 2 0 0 0 0 0 71 97 116 28 45 395 318 48 38 78 79 121 103 135 91 255 59 177 91 0 0 0 0 8 0 0 0 0 0 0 0 0 0 0 0 0 0 0 0 0 0 0 0 0 0 0 0 0 0 0 0 0 0 0 0 0 0 0 0 0 0 0 0 0 0 0 0 0 1 1 19 0 0 0 0 0 0 0 0 9 0 12 0 9 0 0 36 21 9 8 7 20 1 8 9 0 0 25 1 0 0 0 0 0 0 0 0 7 0 0 0 0 0 0 0 0 0 0 0 0 0 0 0 0 0 0 0 0 0 0 0 0 0 0 0 0 0 8 0 0 0 0 0 0 0 0 0 0 0 0 8 0 0 0 0 0 0 0 0 8 7 27 1 0 8 7 19 7 19 2 19 0 0 26 9 27 0 0 2 0 0 0 0 0 0 0 0 0 0 0 0 0 0 2 0 0 0 0 1 0 0 0 67 0 0 8 0 0 0 2 0 0 0 4 3 0 0 0 0 0 0 0 0 0 0 0 0 0 9 
