 0 58 158 46 38 30 88 35 28 204 60 210 223 396 166 30 112 30 321 229 5 3 0 5 3 1 3 0 0 0 7 2 2 3 0 3 3 2 0 0 3 3 2 3 7 6 8 0 0 2 18 0 2 66 0 0 0 2 3 2 8 2 0 0 3 3 4 50 2 0 0 6 3 6 0 0 0 8 0 0 18 36 16 0 0 13 0 11 17 6 0 0 31 6 14 0 1 0 25 47 0 0 2 0 0 0 0 0 0 0 0 0 0 0 0 0 0 0 0 0 0 0 0 0 0 0 0 0 0 0 0 0 0 0 0 0 0 0 0 0 0 0 2 0 0 0 0 0 0 0 0 0 0 0 0 0 0 0 0 0 26 0 10 36 0 0 8 43 16 30 1 19 1 1 0 17 7 16 0 0 0 0 0 1 1 0 0 0 0 0 2 0 0 0 1 0 0 0 0 0 0 0 0 0 0 0 0 0 0 0 0 0 0 0 1 0 0 0 28 0 0 0 0 0 0 0 0 0 0 0 0 0 0 0 0 0 0 0 0 0 0 0 0 0 0 2 0 0 0 0 0 3 0 2 0 0 0 0 0 1 0 0 0 0 0 2 0 0 0 0 0 0 0 0 0 22 0 0 0 0 0 0 0 0 0 0 0 0 0 0 
 58 0 638 147 34 58 183 326 97 328 121 202 149 158 82 31 748 230 48 123 0 3 0 2 78 0 0 0 0 0 2 2 0 0 0 3 0 2 0 0 0 0 0 0 0 3 70 0 0 2 2 0 0 0 2 0 3 0 0 2 0 3 0 39 2 0 3 0 3 0 0 2 2 0 0 0 0 1 0 0 11 10 13 38 11 15 18 26 1 27 52 0 3 21 13 34 12 33 20 0 0 0 0 0 0 0 0 0 0 0 0 0 0 0 4 0 0 0 14 1 0 0 0 0 0 0 0 0 0 0 0 0 0 0 0 0 0 0 0 0 0 0 0 5 0 0 0 0 0 0 0 0 0 0 0 0 7 0 0 0 0 9 0 0 2 6 0 0 10 0 9 11 10 17 0 7 36 18 11 1 2 0 11 0 0 0 21 0 0 0 0 0 1 23 0 0 0 0 7 13 0 0 0 0 0 0 0 0 0 0 0 0 0 0 0 0 0 0 0 0 0 0 0 0 0 0 0 0 0 0 0 0 0 0 0 0 0 0 0 0 0 5 0 0 0 0 57 0 2 179 0 6 0 0 1 0 0 0 0 0 0 0 0 0 0 0 2 0 0 0 0 0 0 0 0 0 42 0 0 0 0 0 0 0 0 0 0 0 0 0 
 158 638 0 227 54 28 166 224 245 83 337 129 109 114 80 64 95 50 54 26 0 3 1 0 3 0 0 0 0 0 2 2 0 0 0 210 0 2 1 0 0 0 0 0 0 3 0 0 0 2 0 0 0 0 0 0 0 0 0 0 0 2 0 0 6 0 3 0 2 0 0 2 9 0 0 0 0 0 0 0 28 24 16 0 38 17 20 38 22 21 0 1 36 49 25 40 13 14 20 14 0 0 1 0 0 14 0 0 0 0 0 0 0 0 0 0 0 0 0 0 0 0 0 0 0 0 0 0 0 0 0 0 0 0 0 0 21 0 0 0 0 0 0 0 0 0 0 0 0 0 0 0 0 0 3 0 0 0 0 0 0 20 0 15 20 0 38 0 31 29 44 15 0 60 18 18 23 11 35 29 0 0 0 0 1 9 0 0 0 0 1 0 15 0 2 0 0 0 18 0 0 0 0 0 0 0 0 0 0 0 15 0 0 0 0 2 0 0 0 0 0 0 0 0 0 0 0 0 0 0 0 0 0 0 0 0 0 0 0 0 0 0 0 0 0 2 2 0 88 92 18 17 0 1 0 0 0 0 0 0 0 0 9 0 0 0 0 0 0 0 0 0 0 0 0 11 18 10 0 0 0 0 0 0 0 0 0 0 0 0 
 46 147 227 0 90 298 132 86 78 268 354 39 55 80 122 131 262 133 68 63 75 3 2 0 3 0 74 74 0 0 2 0 17 0 1 3 0 46 17 23 0 0 0 0 0 3 0 0 0 2 2 0 0 4 0 0 0 0 0 1 0 2 0 0 2 0 3 0 5 72 0 2 5 0 49 76 0 2 0 0 0 0 35 64 35 47 0 1 3 56 39 7 0 0 0 15 16 11 0 0 0 0 0 1 0 0 2 0 6 2 0 0 24 6 10 0 0 0 1 3 0 0 2 0 0 0 1 0 0 0 0 0 0 0 0 0 0 0 0 0 0 0 0 0 0 0 0 0 0 0 0 0 0 0 0 0 0 0 0 19 0 0 0 32 77 20 6 0 0 24 13 1 3 0 15 0 11 0 14 16 9 0 0 0 0 0 38 0 0 15 0 0 17 15 21 0 0 0 0 53 0 0 0 0 17 0 0 0 0 0 1 0 0 2 0 0 0 0 0 2 0 0 17 0 0 0 1 0 0 0 0 0 0 0 0 0 16 0 0 0 0 0 0 0 0 2 14 0 3 3 1 9 0 0 0 0 2 0 0 0 0 0 0 0 0 0 0 0 0 0 0 0 0 1 0 0 0 0 0 0 0 0 0 0 0 8 0 0 0 0 
 38 34 54 90 0 165 61 242 76 208 175 163 91 145 363 71 44 51 72 83 223 3 0 1 6 0 90 242 75 2 4 1 76 23 0 3 161 136 0 0 0 0 0 0 0 3 0 0 0 2 0 0 0 5 0 0 0 0 0 2 2 3 3 0 2 0 3 0 3 0 0 2 2 6 0 0 0 0 0 0 0 0 0 5 0 0 0 0 9 0 6 20 0 0 16 11 22 0 0 0 2 44 3 0 2 0 37 2 5 24 19 0 23 18 0 0 10 1 41 34 0 0 0 0 0 0 0 0 0 0 0 0 0 0 0 0 0 0 0 0 0 2 0 0 0 0 0 1 2 0 0 0 0 0 0 0 0 7 17 0 0 0 31 0 0 25 0 0 9 10 20 30 0 0 0 0 0 3 4 0 16 24 15 0 0 0 0 20 0 0 0 0 35 0 42 23 0 0 18 23 2 0 0 0 0 0 0 0 0 0 0 0 0 0 0 0 0 0 0 0 0 4 0 0 0 1 0 0 1 0 0 1 0 0 0 0 0 0 0 0 0 14 0 0 0 0 2 2 3 1 1 12 11 0 0 0 0 3 0 0 0 0 0 0 2 0 0 0 0 0 0 0 0 0 1 0 0 0 0 0 0 2 0 0 0 0 0 0 0 0 
 30 58 28 298 165 0 31 212 114 251 330 492 29 64 60 102 172 350 272 46 6 8 0 0 6 0 0 2 0 0 2 0 0 74 6 3 0 4 0 0 4 64 0 1 0 7 0 2 0 2 0 0 5 0 0 0 0 0 0 0 4 2 2 0 3 0 3 1 2 0 0 6 4 0 0 0 0 0 0 0 0 10 0 37 27 16 0 2 0 17 72 11 0 0 13 25 12 8 2 0 21 0 0 0 0 0 26 2 0 0 0 0 10 0 19 0 0 0 0 23 0 0 0 0 0 0 0 0 0 0 0 0 0 0 0 0 0 0 0 0 0 0 0 5 12 0 0 0 0 0 0 0 0 0 0 0 3 0 0 0 0 2 9 13 16 52 0 1 0 0 0 19 0 0 0 0 38 29 0 0 38 0 10 0 0 0 31 0 0 0 0 0 0 24 8 0 0 1 7 34 0 0 1 0 0 0 0 0 0 0 1 0 0 0 0 0 0 0 6 0 9 0 0 0 0 0 1 0 0 0 0 0 0 0 0 0 0 0 0 0 0 0 0 0 0 6 139 0 1 174 1 6 10 0 0 0 0 0 0 0 0 0 0 0 0 0 0 0 0 0 0 0 0 0 0 0 31 1 0 0 0 0 0 0 0 0 0 0 0 0 
 88 183 166 132 61 31 0 94 65 44 44 41 419 67 49 36 106 258 64 143 0 3 0 0 3 1 0 4 2 0 2 71 0 0 1 3 1 5 4 0 2 0 0 3 0 3 0 3 0 2 5 3 0 64 0 2 0 0 0 0 0 2 0 1 3 0 3 0 50 0 0 6 3 0 5 0 0 8 0 0 3 18 3 2 0 19 9 0 22 25 0 0 11 25 13 2 0 0 31 23 0 0 0 0 0 14 0 0 0 0 0 0 0 0 0 0 0 0 0 0 0 0 0 0 0 0 0 16 0 0 0 0 0 0 0 0 0 0 0 0 0 0 0 0 0 0 2 0 0 0 0 0 2 1 0 0 1 0 0 0 10 10 0 0 1 0 0 2 11 1 8 1 0 22 0 0 2 1 24 13 0 0 0 0 0 2 2 0 0 1 0 0 17 0 0 3 0 0 0 0 0 0 0 0 0 0 0 0 2 0 0 0 0 0 0 0 0 0 0 0 0 0 0 0 0 0 0 0 0 0 0 0 0 0 0 16 0 0 0 0 0 0 0 0 0 2 0 0 88 0 19 9 0 0 0 0 0 0 0 0 0 0 11 0 0 0 0 0 0 0 0 0 0 0 0 0 0 0 0 0 0 0 0 0 0 0 0 0 0 0 
 35 326 224 86 242 212 94 0 68 132 153 138 186 258 241 170 135 121 241 125 3 3 3 2 5 0 0 0 1 0 2 0 3 3 0 4 2 5 0 0 0 2 0 0 3 8 0 0 0 4 1 0 0 0 3 0 4 2 0 5 1 2 3 0 3 0 8 3 2 3 0 2 6 0 0 0 40 0 4 0 16 21 1 50 14 0 7 40 45 13 74 0 0 15 10 18 35 33 0 0 1 0 0 0 0 13 11 0 1 0 0 0 0 0 13 0 0 0 27 0 0 0 0 0 0 0 0 1 0 0 0 0 0 0 0 0 0 2 0 0 0 2 0 12 4 0 0 1 0 0 0 1 0 0 19 0 1 0 0 0 16 34 40 13 0 23 0 16 17 8 9 12 20 0 2 9 15 26 11 8 2 0 2 0 0 0 0 0 0 0 0 0 16 13 0 0 0 0 57 33 2 0 0 0 0 0 0 0 0 27 0 0 0 0 0 0 0 0 0 0 0 0 1 0 2 2 0 0 1 0 0 0 0 0 0 0 0 0 0 0 0 10 0 0 0 1 89 0 86 143 17 13 0 0 0 0 0 0 0 0 0 0 0 2 0 0 0 0 0 1 0 0 0 0 0 0 11 0 0 0 0 0 0 0 0 0 0 0 0 0 
 28 97 245 78 76 114 65 68 0 145 128 112 167 273 139 138 301 339 60 56 0 3 0 2 3 0 0 0 0 0 209 0 0 77 0 3 0 2 0 0 0 0 0 0 0 3 0 0 0 2 11 0 0 0 0 0 0 0 0 1 1 2 0 0 2 0 3 0 3 0 0 2 3 0 0 0 0 0 0 0 20 23 0 37 29 8 10 30 18 4 34 7 11 21 0 18 0 26 0 28 9 0 0 0 0 0 13 0 0 0 0 15 10 7 0 0 0 0 13 0 0 9 0 0 0 0 0 0 0 0 0 0 0 0 0 0 0 0 0 0 0 0 0 0 0 0 0 0 0 0 0 0 0 0 10 0 0 0 0 0 30 30 0 0 0 22 0 14 26 19 2 3 0 1 41 29 1 45 0 0 0 0 0 0 0 0 0 0 0 0 0 0 0 13 0 0 0 0 22 0 0 0 0 0 0 0 0 10 0 0 0 0 0 0 0 0 0 0 0 0 0 0 0 0 1 0 0 15 0 0 0 0 0 0 0 0 0 0 0 0 0 0 0 0 0 1 0 0 1 88 2 12 0 0 0 0 0 0 0 0 0 0 0 0 0 0 0 0 0 0 0 0 0 0 0 17 1 5 0 0 0 0 0 0 0 0 0 0 0 0 
 204 328 83 268 208 251 44 132 145 0 440 59 83 96 197 66 172 55 62 82 3 4 0 5 5 2 89 0 0 0 4 0 3 0 3 4 3 2 0 7 2 3 0 0 0 7 0 1 0 5 0 0 8 5 0 0 0 3 0 2 0 2 0 0 3 0 5 0 2 0 0 4 6 4 6 0 0 0 2 0 0 1 15 45 34 15 6 26 10 51 55 14 0 0 1 9 31 10 0 0 7 0 0 0 0 0 0 0 10 0 0 0 0 0 10 0 0 0 36 0 0 0 0 0 0 9 0 0 0 0 0 0 0 0 0 0 0 0 0 0 0 0 0 0 0 0 0 0 0 0 0 0 0 0 0 0 0 0 0 0 18 13 14 14 12 56 0 0 3 0 0 12 2 0 0 0 1 10 0 0 7 0 0 0 0 0 17 0 1 32 0 0 10 0 14 0 0 0 0 12 0 0 0 0 14 0 0 13 0 0 0 0 0 0 0 17 0 0 0 0 11 0 0 0 0 0 0 0 0 0 0 0 0 0 1 0 0 0 0 0 0 0 0 0 0 1 1 0 0 5 0 16 0 0 0 0 0 0 0 0 0 0 0 0 0 0 0 0 0 0 0 0 0 0 0 0 9 0 0 0 0 0 0 0 0 0 0 0 0 0 
 60 121 337 354 175 330 44 153 128 440 0 71 51 37 106 182 116 332 49 282 26 3 0 0 3 2 95 68 0 4 2 0 100 114 0 3 0 107 149 76 0 0 0 0 0 3 4 0 0 2 0 0 0 29 0 0 28 0 0 1 0 2 30 0 3 3 3 0 3 0 0 2 4 0 0 0 0 0 0 0 0 0 12 33 50 21 2 0 0 50 45 8 0 0 1 0 34 10 2 0 0 0 18 0 0 0 18 2 5 0 20 0 41 8 10 0 0 0 0 0 0 0 0 0 0 0 0 0 0 2 2 0 0 0 1 0 0 0 0 0 8 0 0 0 0 0 0 0 0 0 0 0 0 0 0 0 3 0 0 0 0 0 0 21 16 0 0 0 0 14 0 0 3 0 0 0 0 7 0 0 9 0 13 0 0 0 84 10 2 14 0 0 32 12 9 0 0 0 10 13 0 0 0 16 18 0 0 0 0 0 0 0 0 0 0 0 0 0 0 0 0 0 0 0 0 0 0 2 0 0 0 11 0 0 0 0 0 0 0 0 0 0 0 0 12 1 10 1 1 4 4 7 24 0 0 0 0 0 0 0 0 0 0 0 0 0 0 0 0 0 0 0 0 0 0 0 1 0 0 0 0 0 0 0 0 50 0 0 0 2 
 210 202 129 39 163 492 41 138 112 59 71 0 30 147 35 124 388 153 20 30 3 3 2 2 3 0 2 1 101 0 2 2 8 74 0 3 0 4 0 1 0 0 0 0 0 3 0 0 0 2 0 0 0 3 0 0 0 0 6 4 8 2 5 0 3 4 3 0 53 0 0 3 3 2 0 0 36 0 0 0 0 0 0 1 3 16 0 11 0 35 90 19 0 15 10 17 19 0 0 14 16 0 1 0 1 0 3 0 0 0 0 0 25 0 14 0 0 1 17 16 0 0 0 0 0 0 0 1 0 0 0 0 0 0 0 0 0 2 0 0 0 2 0 0 0 0 5 1 1 0 0 1 0 0 0 0 0 8 0 0 0 1 21 0 0 71 0 27 0 12 18 56 0 5 2 0 12 15 0 0 23 10 10 0 0 0 0 0 0 0 0 0 5 0 16 0 0 0 63 5 2 0 0 0 0 0 0 0 0 0 0 0 0 0 0 0 0 0 0 0 0 0 1 1 2 2 0 0 0 0 0 0 32 0 0 0 0 0 0 0 0 20 0 0 0 6 3 0 1 139 0 12 10 0 0 0 2 0 0 0 0 0 0 0 0 0 0 0 0 0 0 0 0 0 0 0 21 0 0 0 0 1 0 0 0 0 0 0 0 0 
 223 149 109 55 91 29 419 186 167 83 51 30 0 230 32 549 265 133 164 387 1 3 0 0 3 0 3 0 0 0 2 0 0 0 0 3 0 3 0 0 0 0 0 0 0 3 0 0 0 2 0 0 0 0 0 0 1 0 0 0 0 2 0 0 3 0 3 0 2 0 0 2 3 0 0 0 0 1 0 0 50 34 28 0 0 0 0 44 16 1 0 0 22 4 1 1 15 14 40 50 0 0 0 0 0 0 0 0 0 0 0 0 17 0 0 0 0 1 0 0 0 0 0 2 0 0 0 0 0 0 0 0 0 0 0 0 0 0 0 0 0 0 0 2 2 0 0 0 0 2 0 0 0 0 4 40 0 0 0 11 28 8 14 11 0 0 0 28 14 0 0 0 41 11 22 29 0 5 0 0 0 0 0 0 0 0 0 0 0 0 0 0 2 1 0 0 0 0 0 0 0 0 0 0 0 0 0 0 0 0 0 0 10 0 0 0 0 0 0 0 0 0 0 0 0 0 0 0 0 0 0 0 0 0 0 1 0 0 0 0 0 0 0 0 1 0 2 0 3 0 3 15 0 0 0 0 0 0 0 0 2 0 0 0 0 0 0 0 0 0 0 0 0 0 0 20 0 12 0 0 0 0 0 0 0 0 0 0 0 0 
 396 158 114 80 145 64 67 258 273 96 37 147 230 0 174 73 355 26 256 366 0 207 0 0 3 0 0 0 0 0 2 0 0 0 2 4 0 2 24 0 0 0 0 0 0 3 0 0 0 6 0 0 0 0 0 0 0 0 0 1 0 2 0 0 3 5 3 0 3 0 52 2 3 0 0 0 0 0 0 0 59 0 5 24 0 0 7 23 64 0 10 50 4 25 11 9 14 10 0 19 0 19 0 0 0 15 0 0 0 0 0 15 0 0 0 0 0 0 25 0 0 0 0 0 0 0 0 1 0 0 2 0 0 0 0 0 0 2 0 0 0 0 0 0 1 0 0 1 0 0 0 0 0 0 7 0 0 0 0 0 37 53 29 14 0 26 11 0 34 24 9 24 10 0 37 20 1 34 9 9 0 0 2 0 0 0 0 0 0 0 0 0 20 0 0 0 0 0 8 0 0 0 0 0 0 0 0 0 0 0 0 0 0 0 0 0 0 0 0 0 0 0 1 0 2 9 0 0 1 0 0 0 0 0 0 0 0 11 0 0 0 22 0 0 0 2 1 0 86 5 27 5 0 0 0 0 0 0 0 0 0 0 0 0 0 0 0 0 0 2 0 0 0 0 0 4 0 11 0 0 0 0 0 0 0 0 0 0 0 0 
 166 82 80 122 363 60 49 241 139 197 106 35 32 174 0 90 40 127 57 227 3 5 204 0 5 6 0 0 0 1 2 2 0 1 0 7 0 2 0 0 0 0 3 0 0 5 0 0 0 5 0 0 0 4 3 0 0 0 0 1 0 5 1 0 4 0 5 3 3 1 0 3 12 0 60 0 2 1 0 0 0 18 1 15 45 0 0 10 11 0 11 0 0 0 0 78 13 9 0 1 7 0 0 0 0 0 0 0 1 0 0 0 0 0 0 11 0 0 10 0 0 0 0 0 0 18 0 0 1 0 0 0 0 0 0 0 0 0 0 0 0 0 0 19 0 0 0 0 0 0 0 0 0 11 0 0 5 0 0 10 2 0 11 14 21 9 26 26 1 25 38 14 0 0 19 0 33 13 16 22 0 0 0 0 0 0 0 1 0 0 0 0 13 10 0 0 0 0 21 14 0 0 0 0 0 0 0 0 0 0 0 0 0 0 0 0 0 0 0 0 0 0 0 0 0 0 0 0 0 23 1 0 0 0 0 0 0 0 0 16 0 6 0 0 0 1 50 1 2 0 0 7 0 0 0 0 0 0 0 0 1 0 0 0 0 0 0 0 0 0 0 0 0 0 0 0 0 0 0 0 0 0 0 0 0 0 0 0 0 0 
 30 31 64 131 71 102 36 170 138 66 182 124 549 73 90 0 34 119 37 81 3 3 0 2 5 0 2 0 0 0 2 4 2 0 1 3 0 2 0 0 0 2 0 0 0 3 0 0 0 2 7 0 36 0 0 0 0 2 3 2 0 2 0 0 3 0 3 0 2 0 0 2 5 4 0 0 0 0 4 0 0 14 0 10 0 5 1 0 20 5 0 0 0 0 0 15 10 34 0 24 0 0 0 0 0 0 0 0 0 0 0 6 0 0 0 0 0 0 0 1 8 7 0 14 0 0 0 0 0 0 0 0 0 0 3 8 1 0 8 7 0 0 0 4 3 0 0 0 0 0 0 0 0 0 9 0 2 0 0 0 28 15 15 14 1 0 0 23 0 0 1 8 0 0 14 0 28 0 1 0 0 0 0 39 0 0 1 0 0 0 0 0 0 0 0 0 0 0 2 2 6 4 6 0 0 0 0 6 5 0 0 0 19 0 8 8 0 0 0 0 0 0 9 0 6 0 0 9 0 0 0 0 0 0 0 0 0 0 0 0 0 0 0 0 0 3 1 0 0 0 2 10 0 0 2 0 0 0 0 0 0 0 0 0 0 0 0 0 0 0 0 0 0 0 0 0 0 0 0 0 0 0 0 0 0 0 0 0 0 0 
 112 748 95 262 44 172 106 135 301 172 116 388 265 355 40 34 0 153 43 30 0 3 0 0 3 0 1 0 0 0 2 0 0 0 0 3 0 2 0 0 0 0 1 0 0 3 0 0 0 2 0 0 0 0 0 0 0 0 0 2 0 3 0 0 2 0 3 0 3 0 0 2 2 0 0 0 0 0 0 0 46 0 9 36 0 10 26 40 0 18 47 12 30 28 12 12 14 24 25 22 16 0 2 0 0 0 15 0 16 0 0 0 1 0 15 0 0 0 29 0 0 0 0 0 0 0 0 0 0 0 0 0 0 0 0 0 0 0 0 0 0 0 0 0 0 0 0 0 0 0 0 0 0 0 7 0 0 0 0 0 18 25 1 0 0 19 9 0 36 10 1 23 20 11 22 34 3 45 47 0 13 0 0 0 0 0 18 0 1 0 0 0 0 26 0 20 0 0 0 1 0 0 0 0 0 0 0 0 0 0 0 0 0 0 0 0 0 0 0 0 0 0 0 0 0 0 0 0 0 0 0 0 0 0 0 12 0 0 0 0 0 0 0 0 0 0 0 1 0 4 1 4 0 0 0 0 0 0 0 0 0 0 12 0 0 0 0 0 0 6 0 0 0 0 0 14 15 14 0 0 0 0 0 0 0 0 0 0 0 0 
 30 230 50 133 51 350 258 121 339 55 332 153 133 26 127 119 153 0 46 46 0 5 0 0 3 0 77 5 0 0 2 2 76 3 0 3 1 2 5 0 0 5 0 0 0 3 0 0 0 2 0 0 0 2 66 0 0 0 0 0 4 2 0 0 3 0 52 0 3 0 0 2 8 0 0 0 0 0 0 0 0 19 19 30 47 15 0 8 1 1 27 16 0 0 0 0 0 1 0 15 7 0 1 0 0 0 29 0 9 0 13 0 27 8 0 0 0 0 0 39 0 0 0 0 0 0 12 0 23 0 0 0 0 0 0 0 0 0 0 0 0 0 0 4 2 0 0 0 0 0 0 0 0 0 0 0 4 0 0 0 0 10 7 28 39 21 0 0 0 1 2 17 0 0 0 0 0 29 0 0 16 0 0 0 0 0 28 1 0 2 0 0 2 55 14 0 0 0 5 63 0 0 0 0 20 0 0 0 0 0 0 0 0 0 0 0 0 0 0 0 0 0 0 0 0 0 0 0 0 0 0 0 0 0 0 0 0 7 0 17 0 0 0 0 0 0 174 0 1 5 0 12 0 0 0 0 0 0 0 0 0 0 0 0 0 0 0 0 0 0 0 0 0 0 0 0 0 0 0 0 0 0 0 0 0 0 0 0 0 0 
 321 48 54 68 72 272 64 241 60 62 49 20 164 256 57 37 43 46 0 262 0 3 2 0 4 0 0 200 0 2 76 0 200 2 0 3 0 2 0 0 0 104 0 0 0 3 0 0 0 2 0 0 0 0 0 0 0 0 0 0 0 2 0 0 3 2 3 0 2 0 0 2 4 0 0 0 0 0 0 0 20 12 26 0 0 0 0 12 16 1 0 0 13 9 24 12 0 0 31 0 0 0 0 0 0 0 0 0 0 2 0 0 0 0 0 0 0 0 0 0 0 0 2 0 0 0 0 0 0 0 0 0 0 0 0 0 0 0 0 0 0 0 0 0 0 9 0 0 0 0 0 0 0 0 0 0 0 0 0 0 19 0 12 13 0 0 26 13 5 0 0 17 30 0 6 20 0 3 4 0 0 0 0 0 0 0 0 0 0 0 0 0 0 0 0 0 0 0 0 20 17 0 0 0 0 0 0 1 0 0 1 0 0 2 0 0 0 0 0 2 0 0 0 0 0 0 0 0 0 0 8 0 0 0 0 0 0 0 0 0 0 0 0 0 0 0 1 0 2 1 0 9 0 0 0 0 0 0 0 0 0 0 0 0 0 0 0 0 0 0 0 0 0 1 0 14 0 0 0 0 0 0 0 0 0 0 0 0 0 0 
 229 123 26 63 83 46 143 125 56 82 282 30 387 366 227 81 30 46 262 0 0 4 0 0 3 3 0 0 0 3 3 37 0 4 2 3 0 2 0 2 3 0 0 1 2 3 0 1 0 4 2 2 0 0 0 3 1 0 0 4 0 4 1 0 4 0 4 0 3 0 0 2 5 2 0 0 1 0 0 0 35 22 38 0 0 0 45 21 14 0 0 2 22 0 9 4 0 15 39 1 0 0 0 0 0 0 0 0 0 0 5 0 1 0 0 0 0 0 0 0 0 9 0 0 0 0 0 0 0 0 0 0 0 0 0 0 0 0 1 0 0 0 0 0 0 0 0 0 0 0 0 0 0 0 0 1 0 0 0 0 0 0 2 3 1 0 0 22 0 0 0 0 24 31 9 34 0 2 29 10 0 0 0 0 0 0 0 0 0 0 0 0 0 0 0 0 0 0 0 0 0 0 0 0 0 0 0 0 0 0 0 0 0 0 0 0 1 0 0 0 0 0 21 0 0 0 0 0 0 0 0 0 0 0 0 0 1 0 1 0 0 0 0 0 0 3 0 0 0 0 0 3 0 0 0 0 0 0 0 0 0 0 1 0 0 0 0 0 0 0 0 0 0 0 0 4 0 0 0 0 0 0 0 0 0 0 0 0 0 0 
 5 0 0 75 223 6 0 3 0 3 26 3 1 0 3 3 0 0 0 0 0 285 78 323 285 28 264 137 53 256 116 42 509 328 129 107 69 106 343 221 0 0 2 0 0 0 0 2 0 0 0 1 4 0 0 3 3 0 0 0 0 0 19 0 0 0 0 0 1 0 0 2 2 0 0 2 0 0 0 2 0 0 0 0 0 0 0 0 0 0 0 43 21 0 0 0 0 9 0 0 29 2 51 16 4 0 3 38 2 52 12 0 13 17 18 23 0 4 9 45 0 0 0 0 0 0 0 0 0 0 0 0 0 0 2 0 0 1 0 0 3 0 0 0 0 0 0 0 0 5 2 0 8 0 0 0 0 0 0 0 0 0 0 14 7 0 0 0 0 12 0 0 2 1 2 0 0 0 8 0 19 26 23 0 0 0 22 31 12 0 0 0 9 11 31 19 36 0 0 19 0 0 0 0 9 0 0 0 0 0 0 0 17 0 0 0 0 0 0 0 0 0 0 0 0 0 0 0 0 0 0 0 0 0 0 4 0 0 0 0 0 0 11 0 0 0 0 0 0 0 0 0 22 0 8 0 0 0 0 2 2 0 1 0 0 0 0 0 0 0 0 0 0 0 0 0 0 0 0 0 0 26 0 0 0 15 0 0 0 0 
 3 3 3 3 3 8 3 3 3 4 3 3 3 207 5 3 3 5 3 4 285 0 105 49 212 243 188 70 139 188 226 32 87 322 225 96 112 113 214 143 5 0 0 2 0 0 64 2 0 0 0 0 3 2 0 3 3 0 0 104 0 0 1 0 0 0 0 0 1 0 0 2 2 1 0 2 0 0 0 2 0 0 0 0 0 3 0 0 0 1 0 10 0 0 0 0 2 0 0 0 5 3 21 26 11 14 9 39 0 7 15 0 16 21 50 12 12 13 1 13 14 0 0 2 0 0 7 0 0 0 0 0 0 5 0 0 0 0 20 19 4 0 0 0 0 0 0 0 0 5 0 0 4 0 0 2 0 2 0 0 0 0 0 59 30 0 0 0 7 0 0 0 7 0 0 0 0 0 0 0 0 28 0 18 1 14 10 1 0 0 1 7 15 32 15 1 43 0 19 0 0 0 1 0 0 0 0 0 0 0 0 0 14 0 0 0 0 0 0 0 0 0 0 0 0 0 0 0 0 0 0 0 0 0 0 0 0 0 0 0 0 0 0 0 0 0 77 0 0 0 0 0 0 0 9 0 0 0 0 3 0 1 0 0 0 0 0 0 0 0 0 0 0 37 0 0 0 0 0 0 0 35 0 0 0 0 0 0 0 0 
 0 0 1 2 0 0 0 3 0 0 0 2 0 0 204 0 0 0 2 0 78 105 0 308 316 111 204 89 244 163 62 219 153 265 65 124 114 124 34 39 0 0 0 0 0 3 127 2 0 54 2 0 56 0 0 3 5 1 0 0 0 2 1 0 0 0 0 0 2 0 0 7 2 1 7 2 0 0 0 2 0 0 0 0 0 0 0 0 0 0 0 0 0 0 0 0 0 0 0 0 13 3 65 0 13 19 0 19 41 1 1 20 0 0 11 20 0 3 25 0 13 0 0 0 0 0 0 0 0 0 0 0 2 0 1 17 0 0 6 43 0 0 0 0 0 2 0 0 0 0 0 0 0 0 0 0 1 0 2 0 0 0 0 0 5 0 0 0 0 0 0 0 0 1 0 0 0 0 0 0 12 11 19 17 16 18 20 11 22 18 13 25 0 7 4 0 8 26 21 0 18 0 0 0 0 0 0 0 0 0 0 0 66 0 0 7 0 0 54 6 0 0 0 10 0 0 0 0 0 0 0 0 0 0 0 0 0 0 0 0 0 0 21 0 0 17 0 0 0 0 0 0 0 0 4 0 1 82 1 1 25 3 0 0 0 0 0 0 0 0 0 0 0 0 0 0 0 0 0 0 0 19 0 0 0 0 0 0 0 0 
 5 2 0 0 1 0 0 2 2 5 0 2 0 0 0 2 0 0 0 0 323 49 308 0 129 27 116 72 91 158 83 159 61 154 155 56 130 35 71 266 0 0 0 68 2 0 62 8 0 0 2 0 74 62 1 3 5 2 61 0 0 0 32 0 1 2 0 0 1 0 0 6 2 5 1 2 0 9 0 2 0 0 0 0 0 0 0 0 0 0 0 0 0 0 0 0 0 0 0 0 3 0 15 54 1 26 0 0 19 0 0 19 0 0 0 1 0 9 0 0 0 0 7 0 0 0 9 12 0 0 0 0 0 24 0 0 0 12 0 22 0 0 0 0 0 0 0 0 0 0 0 0 0 0 0 0 10 0 5 0 0 0 0 0 1 0 0 0 0 0 0 0 0 0 0 0 0 0 0 0 0 0 12 8 28 9 0 21 23 16 14 29 0 13 0 14 46 21 0 0 18 14 0 0 0 0 22 0 1 0 0 0 14 0 0 0 0 1 18 0 0 0 0 0 0 0 0 0 0 0 0 0 0 0 0 0 0 0 0 0 0 0 0 0 0 20 0 0 0 0 0 0 0 0 5 2 0 0 76 0 4 5 0 0 0 0 0 0 0 0 0 0 0 0 0 0 0 0 0 18 0 0 0 0 1 0 1 0 0 0 
 3 78 3 3 6 6 3 5 3 5 3 3 3 3 5 5 3 3 4 3 285 212 316 129 0 431 76 50 257 172 182 204 303 277 109 216 36 299 58 153 4 0 0 2 0 0 62 7 0 0 0 0 68 62 0 3 3 0 88 0 0 0 2 0 0 0 0 0 1 0 0 3 2 5 0 2 0 0 0 2 0 0 0 0 0 0 1 0 0 1 0 0 0 0 0 0 2 0 0 0 0 0 0 10 0 40 0 0 0 9 29 29 2 0 0 2 19 17 1 0 8 0 0 2 0 0 22 0 0 0 0 0 0 17 21 0 0 0 1 0 0 0 0 0 0 0 0 0 0 0 0 0 0 0 0 2 0 0 0 0 0 0 0 0 4 0 0 0 5 0 0 0 0 0 0 0 0 0 0 0 0 0 15 52 16 20 0 0 25 10 119 21 0 13 1 21 12 18 2 0 10 14 0 0 0 0 10 10 1 0 18 2 30 0 0 0 0 0 25 11 0 0 0 0 0 0 0 0 15 0 0 0 0 0 0 0 0 0 0 0 0 0 0 0 0 0 0 0 0 0 0 0 0 0 5 0 0 75 3 0 4 0 0 0 0 0 0 1 0 0 0 0 0 0 0 0 0 0 0 18 0 0 0 0 0 0 1 0 0 0 
 1 0 0 0 0 0 1 0 0 2 2 0 0 0 6 0 0 0 0 3 28 243 111 27 431 0 240 27 135 48 342 307 34 261 420 156 63 418 37 36 125 65 63 0 0 0 1 61 53 0 65 0 3 0 0 5 66 29 209 1 0 0 1 0 0 0 0 0 2 0 0 6 2 14 3 2 0 0 0 2 0 0 0 0 0 14 0 0 0 1 0 0 0 0 0 0 19 0 0 0 11 24 0 0 1 31 0 13 11 4 18 43 19 0 19 18 9 20 1 0 11 1 18 13 0 0 20 32 0 4 0 8 8 3 30 11 14 0 14 1 0 0 0 0 0 0 0 0 6 0 0 0 0 0 0 2 0 0 0 0 0 0 0 0 0 0 0 0 0 0 0 0 0 0 2 0 0 0 0 0 0 11 0 35 25 24 0 0 0 6 23 2 0 11 0 40 11 12 2 0 15 0 0 0 0 0 1 4 0 0 37 21 20 21 11 22 10 35 11 16 10 0 1 0 0 0 0 0 0 0 0 52 0 0 0 0 0 0 0 0 0 0 0 0 0 0 0 0 0 0 0 0 0 0 10 1 2 10 2 2 6 0 0 0 0 0 0 0 0 0 0 0 0 0 0 0 0 0 0 0 0 0 0 0 0 0 0 15 0 0 
 3 0 0 74 90 0 0 0 0 89 95 2 3 0 0 2 1 77 0 0 264 188 204 116 76 240 0 231 63 41 36 325 212 226 257 62 117 41 166 154 0 6 0 0 0 0 0 2 2 0 0 0 7 0 0 3 3 3 0 0 0 6 2 6 0 0 4 0 1 0 0 5 2 0 0 2 0 0 0 8 0 0 13 10 1 5 0 0 0 14 19 11 25 0 0 0 0 0 0 0 4 33 23 12 9 0 14 43 19 20 17 0 0 31 13 0 0 8 0 13 0 0 0 0 0 0 3 0 0 0 0 0 16 0 0 13 0 0 0 9 0 0 0 0 0 0 0 0 0 0 0 0 0 0 0 0 3 0 0 0 0 0 6 55 31 3 0 0 0 0 0 0 0 1 0 0 0 0 2 0 20 21 0 0 6 0 26 50 0 32 1 8 1 19 38 41 43 13 55 0 0 0 0 0 18 0 0 0 0 0 0 0 0 20 0 0 0 0 11 0 0 3 0 0 0 0 0 0 0 18 0 0 0 0 0 0 0 0 0 0 0 0 0 0 0 0 77 0 0 0 0 0 0 0 12 0 2 3 0 0 0 2 0 0 0 0 0 0 0 0 0 0 0 0 0 0 0 0 0 0 0 0 0 0 0 0 0 0 0 0 
 0 0 0 74 242 2 4 0 0 0 68 1 0 0 0 0 0 5 200 0 137 70 89 72 50 27 231 0 73 121 39 116 561 169 350 66 137 64 224 217 3 0 2 2 4 1 2 5 0 0 0 0 4 2 0 12 4 0 0 2 0 0 6 56 0 0 0 0 1 0 0 2 7 0 0 7 3 2 0 2 0 0 0 0 0 0 0 0 0 0 0 0 0 0 0 0 0 11 0 0 0 22 39 38 15 0 19 15 18 49 7 1 0 0 3 0 15 0 0 32 0 2 0 0 0 0 0 0 1 0 0 0 0 0 0 0 0 0 10 14 0 0 0 0 0 0 0 0 0 0 0 0 0 0 0 6 0 0 3 0 0 0 2 0 14 0 0 0 0 13 0 0 0 0 0 12 0 16 3 0 9 0 11 19 0 9 11 9 2 1 0 19 0 0 31 60 13 23 0 39 1 0 0 0 0 0 15 0 0 0 0 0 0 0 0 0 5 0 0 0 1 6 0 0 0 0 0 0 0 0 0 0 0 0 0 19 0 0 0 0 0 0 10 0 0 0 0 0 0 0 0 0 15 0 6 0 2 0 0 0 0 19 0 0 0 0 0 0 0 0 0 0 0 0 0 0 0 1 0 0 0 17 0 0 0 19 0 0 0 0 
 0 0 0 0 75 0 2 1 0 0 0 101 0 0 0 0 0 0 0 0 53 139 244 91 257 135 63 73 0 127 108 327 195 91 257 281 187 114 168 61 0 2 80 0 0 0 63 16 0 0 0 0 3 0 0 3 68 0 1 0 0 0 3 0 1 0 0 0 0 0 0 9 2 22 6 2 0 3 0 2 0 0 0 0 0 19 0 0 0 0 0 14 0 0 0 0 0 0 0 0 13 32 20 1 8 49 0 27 24 6 33 26 39 0 37 41 24 17 20 0 13 0 0 0 0 0 0 0 0 0 0 0 0 0 0 11 0 0 10 16 6 0 0 0 0 0 0 1 0 3 0 0 0 0 0 0 0 4 0 0 0 0 0 0 10 0 0 0 0 13 0 0 0 0 0 0 0 0 0 0 23 30 17 35 20 21 12 0 0 23 16 0 6 20 0 25 36 22 19 0 0 0 0 0 0 0 0 0 0 0 0 0 13 0 0 0 0 0 0 1 0 0 0 0 0 0 0 0 0 0 0 0 0 0 0 0 0 0 0 0 0 0 0 0 0 0 0 0 0 0 0 0 0 0 14 2 0 58 1 0 10 4 34 0 0 0 0 0 0 0 0 0 0 0 0 0 0 0 0 0 0 12 0 0 0 0 0 0 0 0 
 0 0 0 0 2 0 0 0 0 0 4 0 0 0 1 0 0 0 2 3 256 188 163 158 172 48 41 121 127 0 316 119 38 144 352 277 161 129 94 158 0 0 0 0 6 0 0 6 0 0 0 0 14 0 0 3 3 1 15 0 0 0 0 0 0 0 0 0 3 0 0 2 3 0 0 2 0 0 0 3 0 0 0 0 0 18 0 0 0 0 0 0 0 0 0 0 0 0 0 0 6 26 12 0 7 34 0 63 44 6 11 0 14 14 29 0 42 9 9 1 0 26 0 0 0 0 11 0 0 0 0 0 2 0 0 12 0 0 3 44 0 0 0 0 0 2 0 0 0 0 0 0 0 0 0 2 1 0 5 9 0 0 0 0 0 0 0 0 7 0 0 0 0 0 0 0 0 0 0 0 13 12 41 32 0 12 15 0 25 1 0 1 10 0 0 28 22 30 49 0 15 0 0 2 0 0 8 0 0 0 0 0 0 0 0 0 0 0 0 9 0 0 0 0 0 0 10 0 0 0 0 0 0 0 0 0 0 0 0 0 0 0 0 0 0 0 0 0 0 0 0 0 0 0 17 0 2 45 2 0 0 3 0 0 0 0 0 0 0 0 0 0 0 0 0 0 0 0 0 0 0 0 0 0 0 0 0 0 0 0 
 7 2 2 2 4 2 2 2 209 4 2 2 2 2 2 2 2 2 76 3 116 226 62 83 182 342 36 39 108 316 0 72 122 143 256 324 171 106 113 64 0 3 0 0 11 0 0 2 0 0 0 0 3 1 0 6 3 0 4 62 3 0 3 0 0 0 0 0 0 0 0 38 2 7 7 2 0 0 0 2 0 0 0 0 0 8 0 0 0 0 0 0 0 0 0 15 0 0 1 0 24 6 2 34 12 18 9 8 12 7 11 0 10 26 10 20 15 19 0 0 11 1 0 0 0 0 22 0 0 0 0 0 1 1 0 0 0 0 12 15 6 0 0 0 0 0 0 0 0 19 0 2 0 0 0 1 0 10 0 0 0 0 0 0 5 0 0 0 7 0 0 0 0 0 0 0 0 0 0 0 1 9 14 17 0 13 0 42 14 0 1 11 23 0 0 8 14 17 0 0 0 0 0 0 0 0 0 0 2 0 0 0 12 2 0 0 0 0 0 2 0 0 0 0 0 0 0 0 0 0 0 0 0 0 0 0 0 0 0 0 0 0 0 0 0 0 0 0 0 0 0 1 0 0 22 0 0 0 74 2 2 0 0 0 0 0 0 0 0 0 0 1 0 0 0 0 0 0 0 0 0 14 0 0 0 0 0 0 0 0 
 2 2 2 0 1 0 71 0 0 0 0 2 0 0 2 4 0 2 0 37 42 32 219 159 204 307 325 116 327 119 72 0 65 107 324 114 58 147 18 169 62 0 0 2 0 0 66 3 0 0 0 0 4 0 0 4 3 0 125 0 0 0 7 0 0 0 0 8 1 0 0 3 2 0 0 2 0 0 0 2 0 0 0 0 0 0 0 0 0 0 0 0 0 0 0 0 0 0 0 0 15 17 11 15 25 0 0 19 46 0 12 36 0 0 30 22 21 29 14 0 10 0 12 0 0 0 10 0 0 1 0 0 25 6 12 10 0 0 9 0 0 0 0 0 0 1 0 0 7 0 0 0 0 0 0 0 2 0 0 0 0 0 0 0 0 0 0 0 0 0 1 0 0 0 0 0 0 0 0 0 32 8 45 0 52 1 11 34 9 54 26 20 0 0 0 0 12 42 37 0 12 0 0 1 0 0 0 11 0 0 0 0 14 12 0 0 0 0 30 9 0 0 0 0 10 0 0 2 0 0 0 0 0 0 0 0 0 0 0 0 0 0 0 0 0 0 0 0 0 0 0 0 1 0 9 0 2 130 1 2 2 2 0 0 0 0 0 0 0 0 0 0 0 0 0 0 0 0 0 0 0 13 0 0 0 0 0 0 0 0 
 2 0 0 17 76 0 0 3 0 3 100 8 0 0 0 2 0 76 200 0 509 87 153 61 303 34 212 561 195 38 122 65 0 171 323 312 29 67 277 231 0 0 0 0 2 0 0 3 0 0 0 0 3 0 52 3 3 0 0 0 0 0 4 0 0 0 0 0 3 6 0 4 3 0 0 2 0 0 0 3 0 0 0 0 14 20 0 0 0 0 0 13 0 0 0 0 0 11 0 0 1 7 61 16 26 0 9 29 14 13 15 11 30 43 41 38 0 9 9 7 0 0 0 0 0 0 0 0 0 0 0 0 0 0 0 0 0 0 19 20 4 0 0 0 0 0 0 0 0 5 0 0 0 0 0 0 0 2 0 0 0 0 0 0 10 0 0 0 0 9 0 0 4 0 0 0 0 0 0 0 15 24 19 0 0 0 9 11 18 0 0 7 15 13 13 7 19 0 0 23 0 0 0 0 0 0 0 0 0 0 0 0 0 0 0 12 0 0 0 0 0 0 0 0 0 0 0 0 0 0 0 0 0 0 0 0 0 0 0 0 0 0 0 0 0 0 0 0 0 0 0 0 10 0 14 0 4 0 0 1 3 2 0 0 0 0 0 0 0 0 0 0 0 0 0 0 0 0 0 0 0 28 0 0 0 7 0 0 0 0 
 3 0 0 0 23 74 0 3 77 0 114 74 0 0 1 0 0 3 2 4 328 322 265 154 277 261 226 169 91 144 143 107 171 0 464 135 177 124 199 155 0 0 0 5 0 1 0 3 1 0 0 0 3 1 0 3 3 1 0 0 2 0 26 0 0 0 0 0 3 0 0 2 5 0 0 2 0 0 0 60 0 0 0 0 0 0 0 0 0 0 0 11 0 0 0 0 0 0 0 0 28 0 1 12 17 16 22 19 18 8 15 0 0 16 11 5 14 9 0 72 0 0 0 0 0 0 0 0 0 0 0 0 14 0 0 0 0 0 10 33 2 0 0 0 0 2 0 0 0 0 0 0 0 0 0 4 1 0 0 0 0 0 6 15 13 0 0 0 6 0 2 12 0 0 24 0 0 0 0 0 14 22 54 1 37 24 0 65 0 34 0 7 0 12 27 0 20 41 0 10 0 0 1 2 0 0 1 0 0 0 0 0 0 19 0 0 0 0 13 0 0 0 1 0 9 0 0 1 0 0 0 0 0 0 0 0 0 0 0 0 0 0 0 0 0 0 79 0 0 0 0 0 16 0 8 0 2 0 0 2 0 10 0 0 0 0 0 0 0 0 53 0 0 0 0 0 0 0 0 0 0 0 0 0 0 0 0 0 0 0 
 0 0 0 1 0 6 1 0 0 3 0 0 0 2 0 1 0 0 0 2 129 225 65 155 109 420 257 350 257 352 256 324 323 464 0 203 174 39 99 319 0 0 3 6 4 0 0 3 2 6 6 0 4 0 0 3 5 0 0 3 57 0 0 3 0 0 0 0 5 2 10 59 2 2 12 2 2 0 0 6 0 0 0 0 0 8 0 0 0 0 0 1 0 0 0 0 0 0 0 0 13 6 0 0 9 14 2 6 15 8 29 19 10 0 19 28 25 35 0 0 0 0 0 0 0 0 8 2 0 0 0 0 15 0 0 0 0 0 7 30 0 0 0 0 0 0 0 0 0 0 0 0 0 0 0 5 0 0 4 0 0 0 0 0 0 0 0 0 18 0 0 0 0 0 0 1 0 0 0 0 0 11 10 13 8 21 0 1 12 10 39 10 30 0 0 48 11 46 0 0 39 0 0 0 8 0 8 0 0 0 0 0 0 22 0 0 0 0 2 0 0 0 0 0 0 7 0 0 0 0 8 0 0 0 0 0 0 0 0 0 0 0 0 0 0 1 0 0 0 0 0 0 0 6 13 0 0 0 0 0 2 7 2 0 0 0 0 0 0 0 1 0 0 0 0 0 0 0 0 0 0 20 0 0 0 0 0 0 0 0 
 3 3 210 3 3 3 3 4 3 4 3 3 3 4 7 3 3 3 3 3 107 96 124 56 216 156 62 66 281 277 324 114 312 135 203 0 220 196 77 62 0 0 0 0 6 0 0 6 0 0 0 1 3 0 0 3 3 0 13 0 0 0 1 0 0 0 0 0 1 0 0 7 2 7 5 2 49 0 0 2 0 0 0 0 0 31 0 0 0 14 0 0 0 0 0 0 0 0 0 0 16 35 19 16 21 28 8 33 6 0 29 0 12 20 13 0 37 7 21 0 14 26 0 0 0 0 0 0 0 0 0 0 0 0 0 18 0 0 0 9 5 0 0 0 0 0 0 0 0 21 0 0 1 0 0 0 0 0 1 0 0 2 0 0 15 0 0 0 6 0 0 0 0 0 0 0 0 0 0 0 11 27 15 36 1 14 31 0 12 1 0 0 14 0 0 7 6 20 19 0 0 0 0 0 0 0 0 0 0 0 1 0 16 0 0 0 0 0 1 9 0 0 0 0 0 0 0 0 0 2 0 0 0 0 0 0 0 0 0 0 0 0 0 0 0 0 0 0 0 0 0 0 0 0 6 1 0 3 1 0 4 5 0 0 0 0 0 0 0 0 0 0 0 0 0 0 0 0 0 0 0 8 0 0 0 0 0 0 0 0 
 3 0 0 0 161 0 1 2 0 3 0 0 0 0 0 0 0 1 0 0 69 112 114 130 36 63 117 137 187 161 171 58 29 177 174 220 0 72 36 37 0 0 0 0 0 0 1 2 0 0 0 0 4 3 61 3 3 0 65 2 0 0 3 2 0 3 0 0 0 0 0 6 2 6 2 2 0 2 0 2 0 0 0 0 0 14 1 0 0 0 0 0 0 0 0 0 0 0 0 5 17 35 19 10 1 11 13 10 41 27 6 0 14 12 9 0 15 0 22 20 0 0 0 0 0 0 0 0 0 0 0 0 0 0 0 0 0 0 0 4 0 0 0 0 0 0 0 0 0 0 0 0 0 0 0 3 0 0 5 0 0 0 7 13 0 0 0 0 0 0 0 0 2 0 0 0 0 0 4 0 17 25 23 34 11 10 1 1 17 0 0 7 2 15 18 52 35 28 4 8 30 10 0 0 0 0 11 0 0 0 0 0 0 0 0 0 0 0 0 0 0 0 0 0 0 0 0 0 0 0 0 0 0 0 0 0 0 0 0 0 0 0 9 0 0 0 0 0 0 0 0 11 0 0 8 0 0 119 0 2 0 0 0 0 0 0 0 0 0 0 0 0 0 0 0 0 0 0 0 0 0 0 0 0 0 0 0 0 0 0 
 2 2 2 46 136 4 5 5 2 2 107 4 3 2 2 2 2 2 2 2 106 113 124 35 299 418 41 64 114 129 106 147 67 124 39 196 72 0 102 66 0 0 0 0 0 3 62 8 0 2 0 0 69 2 2 7 8 0 6 86 0 1 2 1 0 0 0 16 1 0 0 3 4 0 0 4 0 0 0 2 0 0 0 0 0 0 0 0 1 0 0 0 0 0 14 0 1 16 0 0 0 0 0 0 29 47 0 0 0 30 28 8 1 0 1 14 25 58 0 19 2 0 0 0 0 0 12 16 0 0 0 0 9 0 13 2 0 0 1 0 2 0 0 0 0 0 0 0 0 0 0 0 8 0 0 0 0 0 0 0 0 0 0 0 15 0 0 0 28 14 0 2 0 0 0 0 0 0 0 0 0 0 17 13 4 21 0 0 16 22 30 30 0 0 18 21 0 9 0 12 6 0 0 0 0 28 0 10 1 0 0 0 6 2 25 0 0 0 13 18 0 0 0 0 0 0 0 0 0 0 0 0 0 0 0 0 0 0 0 0 0 0 0 0 0 2 0 0 0 0 0 0 0 0 7 1 2 73 1 1 0 0 0 0 0 0 0 0 0 0 0 0 0 0 0 0 0 0 0 0 0 0 0 0 0 19 7 0 0 0 
 0 0 1 17 0 0 4 0 0 0 149 0 0 24 0 0 0 5 0 0 343 214 34 71 58 37 166 224 168 94 113 18 277 199 99 77 36 102 0 171 0 3 2 1 0 0 0 3 2 2 2 0 3 0 3 4 3 0 0 0 0 0 3 2 3 0 0 0 0 0 2 6 2 42 0 2 3 58 0 2 0 0 0 0 11 6 0 0 0 0 2 31 0 14 0 0 0 15 0 0 9 1 47 15 57 2 9 40 0 17 15 26 24 43 40 1 0 10 10 8 0 0 0 0 0 0 0 0 0 0 0 0 11 0 0 0 0 1 0 0 4 0 0 0 0 0 0 0 0 4 0 0 2 0 0 0 0 2 0 0 0 0 0 13 48 1 0 0 2 11 0 0 14 0 1 0 0 15 0 0 48 38 9 0 0 0 5 14 9 0 0 0 11 30 43 0 39 0 19 32 0 0 0 0 0 0 0 0 0 0 0 0 7 0 0 0 0 0 0 0 0 0 0 0 0 0 0 0 0 0 0 0 0 0 0 0 0 0 0 0 0 0 9 0 0 0 0 0 0 0 0 0 0 0 8 0 2 0 0 0 0 0 0 0 0 54 0 0 0 0 0 0 0 2 0 0 0 0 0 0 0 19 0 1 1 8 0 0 0 0 
 0 0 0 23 0 0 0 0 0 7 76 1 0 0 0 0 0 0 0 2 221 143 39 266 153 36 154 217 61 158 64 169 231 155 319 62 37 66 171 0 0 0 0 1 0 0 0 2 0 0 0 0 3 0 0 3 3 0 0 0 0 0 1 0 0 0 0 0 2 0 0 51 2 1 0 2 0 0 0 2 0 0 0 1 13 10 0 0 0 2 0 19 0 0 0 0 1 12 0 0 12 8 43 1 9 0 0 19 17 22 0 0 52 21 18 15 14 0 9 22 0 0 0 1 0 0 0 0 0 0 0 0 0 0 0 0 0 0 13 0 15 0 0 0 0 0 0 0 0 0 0 0 0 0 0 5 0 0 0 0 0 0 0 0 11 0 0 0 0 10 0 0 4 0 0 0 0 0 0 0 17 11 8 14 0 10 11 13 9 25 0 4 26 14 17 2 0 0 18 24 0 0 2 0 15 0 0 0 0 0 0 0 0 0 0 0 0 0 0 0 12 22 0 0 0 0 0 0 0 0 0 0 0 0 0 0 0 0 0 0 0 0 10 0 0 0 0 0 0 1 0 0 0 0 3 0 2 0 0 0 2 12 0 0 0 0 0 0 0 0 2 0 0 0 0 0 1 0 0 0 0 14 0 0 0 8 0 0 0 0 
 3 0 0 0 0 4 2 0 0 2 0 0 0 0 0 0 0 0 0 3 0 5 0 0 4 125 0 3 0 0 0 62 0 0 0 0 0 0 0 0 0 80 414 40 33 118 176 186 50 173 50 42 188 362 110 299 51 34 139 167 0 65 0 0 0 0 0 0 8 2 23 0 0 0 0 2 0 11 50 0 0 0 0 0 0 0 0 0 0 0 0 0 0 0 0 0 0 0 0 0 0 0 0 0 0 0 0 0 0 11 0 0 0 0 0 0 0 0 0 0 3 3 26 33 0 0 29 1 19 6 4 41 31 33 18 8 17 7 0 0 0 9 0 0 0 0 6 0 31 0 0 0 0 4 0 24 0 5 7 0 0 0 0 0 0 0 0 0 0 2 0 0 0 0 0 0 0 0 0 0 0 0 0 0 14 0 0 0 0 0 18 0 0 0 0 0 0 0 0 0 10 0 16 16 11 1 10 21 28 8 0 31 0 20 27 26 16 18 0 12 0 0 0 0 2 0 8 0 0 0 0 6 0 0 0 0 16 6 0 0 0 0 0 0 0 0 0 0 0 34 0 7 0 1 0 0 0 63 0 0 0 0 0 0 1 0 0 94 0 0 0 0 0 0 0 0 0 0 0 0 0 0 0 0 0 27 0 0 2 0 
 3 0 0 0 0 64 0 2 0 3 0 0 0 0 0 2 0 5 104 0 0 0 0 0 0 65 6 0 2 0 3 0 0 0 0 0 0 0 3 0 80 0 282 76 260 82 142 287 109 52 24 21 199 105 152 57 104 59 94 108 10 0 0 5 4 0 0 0 0 0 0 0 7 0 8 0 0 2 117 5 0 0 0 0 0 27 0 0 0 0 0 0 0 8 0 9 0 0 0 1 0 0 0 8 0 0 0 0 0 0 13 6 0 0 0 0 0 0 0 0 10 23 50 33 2 48 31 12 9 16 0 8 11 7 10 35 38 8 16 3 7 22 29 0 0 0 15 11 0 0 0 0 0 10 0 0 0 0 12 12 0 0 0 0 0 0 0 0 0 2 0 0 0 0 0 0 0 0 0 0 23 0 0 0 0 0 0 0 0 0 0 0 0 0 0 0 0 0 0 0 65 21 24 6 9 1 0 13 19 8 4 10 25 14 37 32 7 3 12 0 10 13 8 0 0 0 12 9 1 0 6 0 1 0 1 0 0 0 0 0 0 0 0 0 0 0 0 0 0 0 0 14 0 0 0 0 0 65 0 0 0 0 3 0 67 0 10 2 0 0 7 0 0 0 0 0 0 0 0 0 0 0 0 0 6 13 0 0 0 0 
 2 0 0 0 0 0 0 0 0 0 0 0 0 0 3 0 1 0 0 0 2 0 0 0 0 63 0 2 80 0 0 0 0 0 3 0 0 0 2 0 414 282 0 204 332 530 293 482 126 147 40 114 151 335 53 167 174 105 42 132 0 0 0 0 0 0 51 0 0 0 0 0 0 0 0 0 0 0 2 0 0 0 0 0 0 0 0 0 0 0 0 0 0 0 0 0 0 0 0 0 0 0 0 0 0 0 0 0 0 0 0 0 0 0 0 0 0 0 0 0 0 17 32 24 39 12 34 1 16 21 0 25 35 31 0 10 19 4 0 0 0 0 12 0 0 0 8 8 2 0 0 0 3 0 14 0 1 0 6 13 0 0 0 0 0 0 0 0 0 1 0 0 0 0 0 0 0 0 0 0 0 0 0 0 0 0 0 14 0 0 0 0 0 0 0 7 0 0 0 0 26 4 1 31 0 0 9 8 24 0 15 15 2 0 14 9 10 6 0 0 0 0 0 8 0 0 0 0 0 0 0 0 10 0 1 0 0 0 3 0 0 0 0 0 0 0 0 0 0 0 0 21 0 0 0 0 0 0 0 1 0 0 65 0 48 3 0 3 0 0 0 0 0 0 0 0 0 0 0 0 0 0 3 0 3 0 0 0 0 0 
 3 0 0 0 0 1 3 0 0 0 0 0 0 0 0 0 0 0 0 1 0 2 0 68 2 0 0 2 0 0 0 2 0 5 6 0 0 0 1 1 40 76 204 0 165 24 94 139 137 208 132 224 72 100 138 331 300 296 78 83 0 0 0 209 0 0 76 0 0 8 0 0 2 0 0 0 0 0 51 0 0 0 0 0 0 0 0 0 0 0 0 0 0 0 0 0 0 0 0 0 0 0 0 0 0 0 0 0 0 0 0 0 0 0 0 0 0 0 0 0 0 0 9 71 13 4 19 0 17 47 0 24 0 0 6 0 0 13 0 0 0 3 15 0 0 0 8 3 12 0 0 0 0 1 0 15 0 0 19 57 0 0 0 0 0 0 0 8 0 0 0 0 0 0 0 0 0 0 0 0 0 0 0 0 0 0 0 0 0 10 0 0 0 0 0 0 0 0 0 0 0 22 35 38 34 30 0 0 0 20 0 14 0 7 25 0 0 13 0 0 13 0 0 2 0 0 9 0 0 0 0 0 22 0 1 0 0 0 24 0 0 0 9 0 0 0 0 0 0 0 0 15 0 0 0 0 0 0 0 19 0 2 1 2 76 5 0 2 1 0 0 0 0 0 0 0 0 0 0 0 0 0 0 0 10 0 0 0 0 0 
 7 0 0 0 0 0 0 3 0 0 0 0 0 0 0 0 0 0 0 2 0 0 0 2 0 0 0 4 0 6 11 0 2 0 4 6 0 0 0 0 33 260 332 165 0 140 278 188 65 89 151 115 75 49 97 71 88 42 53 83 53 101 0 0 0 0 3 80 0 7 0 0 67 50 0 26 0 47 52 52 0 0 0 0 0 0 0 0 0 0 0 0 0 0 0 0 0 0 0 0 0 0 0 24 0 0 0 0 0 0 0 0 0 0 0 0 0 0 0 0 0 8 2 20 0 17 7 0 3 38 12 8 0 0 0 0 0 18 0 6 21 0 24 0 0 0 24 16 0 0 0 4 28 8 36 17 0 0 9 19 2 0 0 0 0 0 0 7 0 0 0 0 0 0 0 0 0 0 0 1 0 0 4 0 0 0 0 0 4 0 0 0 0 0 0 0 0 0 0 0 0 0 13 9 9 11 0 0 7 17 0 1 0 0 18 0 2 0 0 6 34 0 0 6 0 3 7 29 0 8 11 0 68 4 1 0 0 0 0 0 0 0 0 0 0 0 0 0 0 0 0 7 0 0 0 0 0 0 6 2 0 0 39 1 64 3 3 1 0 0 0 0 0 0 0 0 0 0 0 0 0 3 0 0 6 1 0 0 0 1 
 6 3 3 3 3 7 3 8 3 7 3 3 3 3 5 3 3 3 3 3 0 0 3 0 0 0 0 1 0 0 0 0 0 1 0 0 0 3 0 0 118 82 530 24 140 0 251 242 111 72 137 54 41 519 73 385 63 47 42 263 0 21 7 0 0 0 51 6 9 8 13 0 97 2 0 23 1 5 0 0 0 0 0 0 0 0 0 0 0 0 0 0 0 0 0 0 0 0 0 0 0 0 10 0 0 0 0 0 0 0 0 0 0 0 0 1 0 0 0 0 0 0 2 30 24 12 0 9 8 0 43 1 0 3 0 1 0 65 0 0 19 33 18 10 22 26 7 8 2 7 0 0 5 18 12 13 0 11 0 0 5 0 0 0 0 0 0 0 0 0 0 0 0 0 0 0 0 0 0 16 0 0 0 0 0 0 0 0 0 0 0 0 0 0 0 0 0 0 0 0 0 5 21 0 0 11 1 0 0 13 0 23 0 0 1 10 11 10 0 0 16 15 0 7 8 33 0 22 0 1 2 0 2 8 7 8 14 1 12 1 0 0 0 0 0 0 0 0 0 0 0 2 0 0 0 0 0 0 0 1 0 0 0 0 63 0 2 6 2 0 8 0 0 0 0 0 0 0 0 0 0 0 0 0 17 13 0 0 0 0 
 8 70 0 0 0 0 0 0 0 0 4 0 0 0 0 0 0 0 0 0 0 64 127 62 62 1 0 2 63 0 0 66 0 0 0 0 1 62 0 0 176 142 293 94 278 251 0 183 58 76 40 23 319 42 139 101 42 106 50 125 0 0 0 19 7 0 1 0 0 0 0 0 2 0 0 0 0 0 0 0 0 0 0 0 0 0 0 0 0 0 0 0 0 0 0 0 0 0 0 0 0 0 0 0 0 6 0 0 0 0 0 91 0 0 0 9 0 0 0 0 13 17 11 0 0 0 0 2 0 0 7 0 0 0 6 13 10 0 17 21 0 0 0 0 0 0 0 0 0 0 0 0 0 0 0 0 0 0 0 0 0 0 0 0 0 4 7 0 0 0 0 0 0 5 0 0 0 0 0 0 0 0 9 0 0 0 0 0 12 0 24 4 0 0 0 0 0 13 0 1 16 17 9 11 0 7 0 21 12 0 1 1 26 7 10 10 8 1 6 25 0 0 0 0 0 0 0 0 0 0 0 0 0 0 0 0 0 0 0 0 0 0 0 0 0 0 0 0 0 0 0 0 0 0 0 0 0 0 62 0 15 0 2 0 0 0 0 0 0 0 0 0 0 0 0 0 0 0 0 0 0 0 0 0 0 0 0 1 0 0 
 0 0 0 0 0 2 3 0 0 1 0 0 0 0 0 0 0 0 0 1 2 2 2 8 7 61 2 5 16 6 2 3 3 3 3 6 2 8 3 2 186 287 482 139 188 242 183 0 166 265 36 244 189 149 58 58 153 32 161 119 8 0 0 1 4 0 0 0 0 0 0 0 0 0 0 0 2 4 58 0 0 0 0 0 0 0 0 0 0 0 0 0 0 0 0 0 0 0 0 0 0 0 0 0 1 23 0 0 0 8 2 1 0 0 0 0 7 12 0 0 13 38 30 23 9 12 1 21 16 18 9 20 41 11 15 25 23 0 15 5 0 0 0 10 0 0 15 9 0 0 0 0 0 0 0 0 0 0 0 11 0 0 0 0 0 0 0 0 0 0 0 0 0 0 0 0 0 0 0 0 0 11 1 9 0 12 0 0 1 10 8 0 0 0 0 8 0 5 0 0 61 7 10 43 13 19 10 1 6 9 43 0 7 0 39 13 17 16 8 0 1 0 0 0 0 0 8 0 0 0 0 15 0 0 0 0 0 0 0 0 0 0 0 0 0 0 0 0 0 0 0 10 0 1 0 0 0 0 1 1 0 0 0 0 3 2 2 2 0 0 0 0 0 0 0 0 0 0 0 0 0 0 0 0 0 0 0 0 1 0 
 0 0 0 0 0 0 0 0 0 0 0 0 0 0 0 0 0 0 0 0 0 0 0 0 0 53 2 0 0 0 0 0 0 1 2 0 0 0 2 0 50 109 126 137 65 111 58 166 0 194 235 35 217 148 145 100 120 104 137 133 0 0 0 0 3 0 0 0 0 0 0 0 0 0 0 0 0 1 0 0 0 0 0 10 0 0 0 0 0 0 0 0 0 0 0 0 0 0 0 0 0 0 0 0 0 0 0 0 0 0 0 0 0 0 0 0 0 0 22 0 23 0 16 36 65 1 11 14 28 10 16 23 0 17 37 1 0 24 0 21 0 0 3 0 0 0 0 0 0 0 0 0 0 6 0 0 0 0 6 0 0 0 0 0 0 0 0 0 0 2 0 0 0 0 0 0 0 0 0 0 0 0 0 0 0 50 0 0 0 0 0 0 0 0 0 0 0 0 0 0 20 7 46 10 0 18 9 6 24 0 18 56 0 16 13 16 24 9 7 9 0 0 0 0 0 0 0 0 0 0 0 0 0 0 0 0 0 0 19 0 0 0 0 0 0 0 0 0 0 0 0 9 0 0 0 0 0 0 0 21 0 0 63 0 0 0 0 64 0 0 13 0 0 0 0 0 0 0 0 0 0 0 0 0 14 0 0 14 0 0 
 2 2 2 2 2 2 2 4 2 5 2 2 2 6 5 2 2 2 2 4 0 0 54 0 0 0 0 0 0 0 0 0 0 0 6 0 0 2 2 0 173 52 147 208 89 72 76 265 194 0 109 312 139 111 155 283 155 278 54 308 7 24 0 3 0 0 23 0 0 1 0 2 5 0 5 0 0 0 1 5 0 0 0 0 0 0 0 0 0 0 0 0 0 0 0 0 0 13 0 0 0 0 0 0 0 0 0 0 0 0 0 0 0 0 0 0 0 0 0 0 0 9 22 22 38 14 0 1 65 5 23 10 0 1 15 0 10 19 0 0 4 3 6 0 0 0 1 5 0 0 0 0 0 12 0 0 0 0 21 0 0 0 0 0 0 0 0 9 0 3 0 0 0 0 0 0 0 0 0 0 0 0 0 0 4 0 0 0 0 0 0 0 0 0 0 0 0 0 0 0 0 24 10 16 0 29 0 19 57 25 14 24 0 8 0 0 6 25 0 0 14 3 7 1 0 0 3 12 0 0 2 0 19 0 0 0 0 0 0 0 0 0 0 0 0 0 1 0 0 0 0 0 0 0 0 0 0 0 0 60 0 2 2 2 2 3 2 5 0 0 3 0 0 0 0 0 0 0 0 0 0 0 0 0 0 8 0 0 0 0 
 18 2 0 2 0 0 5 1 11 0 0 0 0 0 0 7 0 0 0 2 0 0 2 2 0 65 0 0 0 0 0 0 0 0 6 0 0 0 2 0 50 24 40 132 151 137 40 36 235 109 0 169 113 42 202 234 156 301 77 222 0 0 1 0 0 0 53 3 4 0 0 0 0 0 2 0 0 4 2 0 0 10 0 0 0 19 4 0 0 10 0 0 5 0 0 0 0 0 0 4 0 0 0 0 0 0 0 0 0 0 0 0 0 0 0 0 0 0 0 0 13 0 7 9 24 0 1 34 9 21 11 10 0 0 23 0 0 4 0 0 2 15 2 0 0 0 0 0 0 0 0 1 1 0 12 11 0 15 1 14 7 5 0 0 0 0 0 18 9 4 0 0 0 0 0 0 8 7 0 0 0 0 0 0 0 16 0 4 0 0 0 0 0 0 0 0 0 0 0 0 1 19 11 2 10 1 0 12 17 10 11 38 0 8 0 2 3 14 0 2 8 0 0 0 0 0 0 0 1 0 0 0 11 0 13 0 0 0 22 0 0 0 9 0 0 0 0 0 0 0 0 11 0 1 0 0 0 0 0 8 0 0 9 0 0 5 1 0 1 0 11 0 0 0 0 0 0 0 0 0 0 0 0 0 8 0 0 17 0 0 
 0 0 0 0 0 0 3 0 0 0 0 0 0 0 0 0 0 0 0 2 1 0 0 0 0 0 0 0 0 0 0 0 0 0 0 1 0 0 0 0 42 21 114 224 115 54 23 244 35 312 169 0 23 26 51 74 95 152 26 24 16 6 0 17 6 6 115 16 0 3 1 0 51 0 0 0 0 7 51 0 0 0 0 0 0 0 0 0 0 0 0 0 0 0 0 14 0 0 0 0 0 0 0 0 0 0 0 0 19 0 0 0 0 0 0 0 0 0 0 0 0 0 2 14 22 1 0 0 0 8 1 3 0 0 0 0 0 31 0 0 16 4 23 0 0 0 7 8 5 0 0 1 0 1 18 18 0 0 26 43 0 0 1 0 0 0 0 0 0 0 5 0 0 0 0 0 0 0 18 0 10 0 0 0 0 0 0 0 0 0 0 0 0 0 0 0 0 0 0 0 0 0 15 19 13 9 0 1 0 17 0 14 0 0 0 1 1 13 0 0 9 18 0 2 0 0 0 9 0 15 0 11 50 10 7 0 0 0 37 1 0 0 4 0 0 0 0 0 9 0 0 35 0 0 0 0 0 0 0 12 0 0 1 64 72 65 4 0 0 0 0 0 0 0 0 2 0 0 0 0 0 0 0 0 17 0 0 0 0 0 
 2 0 0 0 0 5 0 0 0 8 0 0 0 0 0 36 0 0 0 0 4 3 56 74 68 3 7 4 3 14 3 4 3 3 4 3 4 69 3 3 188 199 151 72 75 41 319 189 217 139 113 23 0 117 177 56 240 35 284 133 29 0 0 7 4 0 0 0 0 0 0 4 0 0 0 0 0 0 0 0 19 0 0 0 0 0 0 21 0 0 0 0 0 0 0 0 0 0 0 0 0 0 0 0 0 8 0 0 0 0 0 23 0 0 0 0 0 0 0 0 7 9 31 10 3 0 6 17 45 1 0 0 0 0 21 10 0 0 16 42 0 0 0 0 0 0 0 0 0 0 0 0 0 0 0 0 0 0 4 0 0 0 0 0 0 0 0 0 0 5 0 0 0 0 0 0 0 0 0 0 0 0 10 0 0 0 0 0 12 0 0 7 0 0 15 1 0 11 0 0 18 11 9 15 0 0 0 33 11 0 1 32 30 7 50 19 6 18 5 1 0 0 0 0 6 0 0 0 0 0 0 0 0 0 0 0 0 0 0 0 0 0 0 0 0 0 0 0 0 2 0 44 0 0 0 0 0 0 0 27 0 0 0 0 0 1 3 1 0 0 0 0 0 14 0 0 0 0 0 0 0 0 0 0 0 0 0 14 0 0 
 66 0 0 4 5 0 64 0 0 5 29 3 0 0 4 0 0 2 0 0 0 2 0 62 62 0 0 2 0 0 1 0 0 1 0 0 3 2 0 0 362 105 335 100 49 519 42 149 148 111 42 26 117 0 128 208 31 106 95 244 0 47 0 0 0 8 3 0 0 2 0 0 0 1 0 0 0 4 0 0 0 0 0 6 8 0 0 0 5 0 5 0 0 0 0 0 9 0 0 0 0 0 0 10 0 0 0 0 0 0 0 10 0 0 0 0 0 1 4 0 0 15 0 14 34 37 7 11 26 4 13 0 0 24 13 9 1 20 12 0 0 0 0 0 0 0 0 9 0 0 0 0 0 16 0 0 0 0 0 0 0 0 5 0 0 0 0 6 0 3 0 0 0 0 0 0 0 7 13 0 0 0 0 7 0 0 0 0 0 0 7 1 11 0 0 0 1 0 16 6 0 41 2 7 0 28 10 0 20 11 0 24 10 8 10 0 0 53 0 0 0 0 0 0 0 0 0 0 0 0 0 0 0 0 0 0 0 0 0 0 0 0 0 0 0 0 0 0 0 32 0 2 0 1 0 0 0 0 0 9 0 0 0 0 0 1 2 2 0 0 0 0 0 0 0 0 0 0 0 5 0 0 0 0 0 32 0 0 2 0 
 0 2 0 0 0 0 0 3 0 0 0 0 0 0 3 0 0 66 0 0 0 0 0 1 0 0 0 0 0 0 0 0 52 0 0 0 61 2 3 0 110 152 53 138 97 73 139 58 145 155 202 51 177 128 0 195 58 139 66 305 0 0 0 10 4 3 0 0 0 0 0 0 0 0 0 0 0 0 0 0 0 0 0 0 0 0 0 0 0 0 0 0 0 0 0 0 0 0 0 0 0 0 0 0 0 0 0 0 0 0 0 22 0 0 0 0 0 0 0 0 15 10 2 0 32 0 25 0 0 27 16 9 0 0 34 20 25 39 70 2 0 0 5 0 0 0 25 0 0 0 0 0 3 29 5 0 1 0 1 0 0 0 2 0 0 0 0 8 0 1 0 0 0 0 0 0 0 0 0 0 0 0 0 0 0 0 0 0 0 0 0 0 0 0 0 0 0 0 0 0 15 29 25 35 0 14 1 34 10 2 2 0 37 15 3 15 7 12 0 0 0 0 0 0 0 0 0 0 0 0 0 0 0 0 1 0 0 0 22 0 0 0 0 0 0 0 0 0 0 0 0 17 0 0 0 0 0 64 0 0 0 0 0 0 0 29 13 0 0 0 7 0 0 0 0 0 0 0 0 0 0 0 3 0 7 5 0 0 0 0 
 0 0 0 0 0 0 2 0 0 0 0 0 0 0 0 0 0 0 0 3 3 3 3 3 3 5 3 12 3 3 6 4 3 3 3 3 3 7 4 3 299 57 167 331 71 385 101 58 100 283 234 74 56 208 195 0 77 76 128 111 0 47 4 0 0 6 4 4 12 6 4 0 0 3 0 7 4 3 0 0 0 0 0 0 0 0 0 10 0 0 0 0 0 0 0 0 0 0 0 0 0 0 0 0 3 0 0 0 0 0 0 0 0 0 0 0 0 0 0 0 2 16 7 19 18 36 1 10 20 30 9 15 25 8 42 0 8 62 0 0 0 7 0 0 0 2 0 22 0 0 0 0 0 6 0 0 0 2 1 0 0 0 2 0 0 0 0 20 0 1 0 0 0 0 0 0 0 0 0 0 0 0 0 0 0 0 0 0 0 0 0 0 0 0 0 0 0 0 0 0 0 19 8 40 0 25 0 52 9 13 0 41 0 0 0 0 33 26 0 0 0 0 0 4 5 15 0 0 0 0 0 0 0 0 0 4 5 19 1 0 0 0 0 0 0 0 0 0 0 0 0 6 0 0 0 0 0 0 0 1 0 2 2 0 0 36 5 1 1 0 0 0 0 1 0 0 0 0 0 0 0 0 0 0 0 32 0 13 0 0 
 0 3 0 0 0 0 0 4 0 0 28 0 1 0 0 0 0 0 0 1 3 3 5 5 3 66 3 4 68 3 3 3 3 3 5 3 3 8 3 3 51 104 174 300 88 63 42 153 120 155 156 95 240 31 58 77 0 92 35 36 19 0 0 0 0 0 53 0 0 8 0 0 4 0 0 0 6 0 50 4 0 0 0 0 0 0 0 0 0 0 0 0 0 0 0 0 0 0 0 0 0 0 0 0 0 0 0 0 0 0 0 8 0 0 0 0 0 0 0 0 0 13 18 17 16 18 0 14 8 17 20 31 15 18 0 6 9 38 0 0 9 4 23 0 0 3 6 11 0 4 12 0 0 17 0 0 0 0 10 11 0 0 0 0 0 2 0 0 0 0 0 0 0 2 17 2 0 0 0 0 0 0 0 0 0 0 0 0 0 0 0 0 0 0 0 0 0 0 0 0 15 0 28 19 12 22 14 0 0 23 13 19 0 0 13 0 24 22 10 0 19 6 8 0 0 0 9 14 4 6 4 0 13 0 0 0 0 0 13 3 0 0 0 0 9 0 0 0 0 0 0 0 0 0 0 0 1 0 0 8 1 0 0 0 63 1 1 0 0 0 9 0 0 0 0 0 0 0 0 0 0 0 0 0 35 0 0 0 0 0 
 2 0 0 0 0 0 0 2 0 3 0 0 0 0 0 2 0 0 0 0 0 0 1 2 0 29 3 0 0 1 0 0 0 1 0 0 0 0 0 0 34 59 105 296 42 47 106 32 104 278 301 152 35 106 139 76 92 0 145 163 0 6 0 6 0 0 80 0 0 52 0 4 0 0 0 0 0 0 0 6 0 0 0 0 0 0 0 0 0 0 0 0 0 0 0 0 0 0 0 0 0 0 0 0 2 0 0 0 0 0 0 0 0 0 0 0 0 0 0 0 3 5 17 10 22 0 0 10 0 22 0 13 0 0 58 0 0 30 0 0 0 18 0 0 0 0 0 15 0 0 0 0 0 0 0 7 0 0 23 21 0 0 2 0 18 0 0 4 12 0 0 0 0 0 0 0 0 0 0 0 13 0 0 0 0 1 0 0 0 0 0 24 0 0 0 0 0 0 0 0 0 5 42 37 7 17 0 29 5 9 0 38 0 0 0 0 14 27 0 0 13 0 0 0 0 0 0 0 0 0 0 0 19 0 0 0 0 0 25 0 0 0 24 0 0 0 0 0 0 0 0 10 0 0 0 0 0 0 0 8 0 0 0 2 0 13 0 2 0 0 0 0 0 0 0 0 0 0 0 0 0 0 0 0 12 0 0 14 0 0 
 3 0 0 0 0 0 0 0 0 0 0 6 0 0 0 3 0 0 0 0 0 0 0 61 88 209 0 0 1 15 4 125 0 0 0 13 65 6 0 0 139 94 42 78 53 42 50 161 137 54 77 26 284 95 66 128 35 145 0 443 0 0 0 0 0 0 0 2 0 0 0 0 0 0 0 0 0 0 0 0 0 0 0 0 0 0 0 0 0 0 0 0 0 0 0 0 0 0 0 0 0 0 0 11 0 6 0 0 0 0 0 0 2 0 0 0 17 11 0 0 23 6 18 9 0 0 24 5 0 9 0 0 40 2 37 9 10 0 0 5 0 0 0 0 0 0 0 0 5 0 0 0 0 0 0 0 0 0 6 0 0 0 0 0 0 0 0 0 0 1 0 0 0 0 0 0 0 19 0 0 0 0 4 13 9 9 0 0 10 1 15 0 0 0 0 1 0 1 0 0 16 0 0 1 0 0 0 47 26 0 19 36 0 5 14 14 3 20 55 15 0 0 0 0 0 0 0 0 0 0 0 0 0 0 0 0 0 0 0 0 0 0 15 0 0 0 0 0 0 0 0 8 0 0 0 0 0 64 0 0 8 0 0 0 1 0 2 0 1 0 0 0 0 0 0 0 0 0 0 0 0 0 0 0 0 0 0 13 0 0 
 2 2 0 1 2 0 0 5 1 2 1 4 0 1 1 2 2 0 0 4 0 104 0 0 0 1 0 2 0 0 62 0 0 0 3 0 2 86 0 0 167 108 132 83 83 263 125 119 133 308 222 24 133 244 305 111 36 163 443 0 0 0 0 0 0 0 0 3 0 0 0 7 0 0 0 0 0 0 0 0 0 0 0 0 0 0 0 0 0 0 0 0 0 0 0 26 0 0 0 0 0 0 0 13 19 0 0 0 0 0 13 1 0 0 0 22 0 14 0 0 0 33 0 11 0 10 35 21 17 7 0 2 20 35 0 1 20 0 13 1 0 0 0 0 5 0 0 8 2 0 0 3 0 0 0 0 0 0 10 0 0 0 0 0 0 0 0 0 0 8 0 0 0 0 0 0 0 0 0 0 0 0 0 8 0 0 0 0 0 11 37 32 0 0 0 0 2 0 0 0 1 13 0 21 0 0 0 11 14 0 0 6 0 34 12 16 0 0 1 19 0 0 0 0 0 0 0 0 0 0 0 0 0 0 0 0 0 0 0 0 0 0 0 0 0 0 0 0 0 0 0 5 0 0 0 0 0 75 0 7 0 0 0 0 0 1 8 0 3 0 0 0 0 0 0 7 0 0 0 10 0 0 0 0 0 0 1 0 0 0 
 8 0 0 0 2 4 0 1 1 0 0 8 0 0 0 0 0 4 0 0 0 0 0 0 0 0 0 0 0 0 3 0 0 2 57 0 0 0 0 0 0 10 0 0 53 0 0 8 0 7 0 16 29 0 0 0 19 0 0 0 0 87 175 47 20 53 79 283 28 42 56 243 94 72 210 353 479 259 140 163 0 11 0 0 0 0 0 2 0 0 4 0 0 0 0 0 0 0 0 0 0 0 0 0 0 0 6 0 0 0 0 0 0 0 0 0 0 0 0 2 0 0 0 0 0 7 0 0 0 0 0 0 0 0 0 0 0 0 0 0 16 0 20 0 0 8 7 24 0 6 0 0 0 0 12 2 8 10 10 8 0 5 13 0 0 0 0 0 0 0 0 7 0 0 0 0 0 7 0 0 4 0 5 0 0 0 0 0 0 0 0 0 0 0 2 0 0 0 0 6 0 0 0 0 0 0 0 0 0 0 0 0 0 0 0 0 0 0 0 0 11 26 12 0 22 0 27 24 21 54 29 2 10 8 21 14 5 8 0 0 22 0 0 10 0 0 0 0 0 8 0 0 5 0 8 0 24 0 0 0 0 0 1 86 0 0 0 0 0 0 17 0 0 0 0 0 0 0 0 0 0 0 0 0 0 0 0 0 0 0 
