 0 318 148 40 31 44 143 112 191 126 168 27 63 138 56 135 34 33 233 139 2 0 4 3 0 0 1 3 2 0 2 0 2 0 0 2 2 0 0 3 0 0 0 0 0 0 0 0 0 2 3 0 0 3 2 0 0 0 0 0 0 0 4 0 0 0 0 0 14 2 0 1 0 0 0 3 0 52 2 2 0 26 52 20 27 27 0 17 1 0 0 14 1 0 33 8 29 1 5 12 0 1 0 0 0 0 0 0 0 0 9 0 0 0 0 0 0 0 0 1 0 0 0 0 0 0 0 0 0 0 0 0 0 0 0 0 0 0 0 0 0 0 0 0 0 0 0 2 0 0 0 0 0 0 0 0 0 0 0 0 5 19 10 96 38 9 0 0 17 0 9 0 15 1 28 9 63 61 11 1 0 0 0 0 0 0 0 0 0 0 0 0 0 0 0 0 0 0 14 0 0 0 0 0 0 0 0 0 0 0 0 0 0 2 0 0 0 0 0 1 0 0 0 0 0 0 0 0 0 0 0 0 0 2 0 2 0 0 0 0 0 0 0 0 0 0 12 0 2 0 0 12 0 0 0 0 0 0 0 0 0 0 0 0 0 0 0 0 0 0 0 0 0 0 0 0 0 0 0 0 0 0 0 0 0 0 0 0 0 0 
 318 0 340 174 121 31 187 251 92 260 34 362 44 151 42 505 51 126 365 465 2 6 0 3 1 2 0 3 0 1 2 1 0 2 0 0 0 0 0 3 0 0 0 10 3 0 0 0 0 2 6 0 0 3 2 0 2 1 0 0 0 0 5 0 71 41 0 0 0 1 0 2 0 0 0 3 0 2 2 2 1 24 0 0 0 0 1 26 0 96 0 28 0 34 2 15 14 39 0 9 0 0 0 0 0 0 16 8 0 0 0 0 0 0 0 0 0 0 0 0 0 0 0 0 0 0 0 0 0 0 0 0 0 0 0 0 0 20 0 0 0 0 0 0 0 0 0 0 0 3 0 0 0 0 0 0 4 0 0 0 0 60 40 12 1 18 62 20 0 0 22 27 0 41 22 43 54 71 0 11 0 0 0 0 0 0 0 0 0 0 0 0 0 0 1 0 0 0 0 0 0 0 0 0 0 0 0 0 0 0 0 0 0 0 0 0 0 0 0 0 0 0 0 0 0 0 0 0 0 0 0 0 0 0 0 0 0 0 0 0 0 0 0 0 0 2 1 0 1 2 13 4 0 0 0 0 0 0 0 0 0 0 1 0 0 0 0 0 0 0 0 0 0 0 0 11 38 0 0 0 0 0 0 0 0 0 0 0 0 0 
 148 340 0 330 227 206 86 151 169 278 180 211 370 145 97 268 195 204 118 93 4 0 0 3 0 0 4 3 0 0 2 4 105 0 4 0 0 0 0 9 0 0 0 0 0 0 0 0 0 0 3 0 0 3 3 0 0 0 0 0 0 4 0 0 0 0 0 2 0 0 2 0 0 0 0 3 0 1 2 2 0 0 31 0 9 51 15 7 29 0 15 14 10 1 6 16 14 0 10 0 1 12 0 0 0 0 12 0 0 0 0 0 14 0 0 0 17 0 51 0 0 0 0 0 0 0 0 0 0 0 0 0 0 0 0 0 12 0 0 0 0 0 0 0 0 0 0 0 0 0 0 0 0 16 0 0 0 0 0 0 0 13 0 10 13 31 10 9 18 14 20 15 10 26 28 0 0 0 11 10 21 0 21 0 0 0 0 14 2 0 0 0 10 0 14 19 0 0 0 0 0 0 0 0 0 0 0 0 0 0 0 0 0 0 0 0 0 10 0 0 0 0 0 0 0 0 0 0 0 0 0 0 0 0 0 0 0 0 0 0 0 1 0 0 0 0 2 0 6 4 2 6 0 0 13 0 0 0 0 0 0 0 0 0 0 0 0 0 0 0 0 0 0 0 0 0 0 0 0 0 0 0 0 0 2 0 0 0 0 0 
 40 174 330 0 70 27 174 198 90 403 154 206 49 152 294 258 234 316 85 70 2 0 1 3 0 0 0 4 0 0 2 0 148 0 84 0 0 0 0 3 0 0 0 0 0 0 0 0 0 0 3 0 0 3 2 0 0 0 0 0 0 0 2 0 0 0 0 0 0 3 0 0 0 0 0 3 0 0 2 2 20 2 4 7 1 28 0 13 0 10 37 23 0 0 0 0 33 19 0 0 21 10 0 0 0 5 38 7 0 0 0 0 10 0 0 0 0 0 13 13 0 0 0 0 0 7 0 0 0 0 0 0 0 0 0 1 0 0 0 0 0 0 0 0 0 0 0 0 0 5 0 0 0 1 13 0 0 0 1 0 0 0 24 2 15 30 1 25 18 10 33 47 0 1 8 13 34 16 0 2 22 0 10 0 0 2 1 0 0 0 0 0 8 0 22 13 0 0 23 13 0 2 0 0 0 0 0 0 0 0 0 0 0 0 0 0 0 0 0 0 0 2 0 0 0 0 2 0 0 0 0 0 0 0 0 0 0 0 0 0 0 16 1 0 0 0 0 0 2 3 0 9 0 0 0 0 0 2 0 0 0 0 0 0 0 1 0 0 0 0 0 0 0 0 0 16 15 0 0 0 0 0 0 0 0 0 0 0 0 0 
 31 121 227 70 0 427 50 90 187 49 176 59 277 34 40 80 200 45 49 56 150 5 20 9 2 211 75 101 0 75 2 0 110 1 209 42 0 0 149 3 0 0 1 5 0 0 0 0 0 55 3 0 0 3 2 0 0 0 0 0 0 0 0 0 0 0 0 0 0 0 0 0 0 0 0 3 0 0 2 4 0 0 30 19 41 3 0 1 0 21 11 11 1 3 0 16 1 10 0 2 18 14 29 0 0 0 0 31 21 24 0 0 0 17 0 0 31 17 20 28 0 0 15 0 0 0 0 0 0 0 0 0 0 0 0 0 0 0 1 0 0 0 0 0 6 0 0 0 0 0 0 1 0 21 0 0 1 0 0 0 0 0 0 1 19 16 0 14 0 22 1 0 0 1 0 1 0 0 0 0 25 0 26 0 0 9 30 10 19 17 0 0 31 13 24 0 16 0 17 22 0 0 0 0 0 0 0 0 0 1 0 0 0 0 0 2 0 0 0 0 2 0 0 0 1 0 0 0 0 0 0 0 0 0 2 0 2 0 0 12 0 0 20 0 0 1 88 0 10 90 3 7 0 0 1 0 0 0 0 1 0 0 0 0 0 0 0 0 0 0 0 0 0 0 0 0 16 10 0 0 0 0 0 0 0 0 1 0 0 0 
 44 31 206 27 427 0 99 32 43 35 120 131 49 35 34 74 238 238 253 55 4 74 151 3 0 0 1 82 0 18 2 0 72 0 79 74 83 0 99 6 0 0 59 0 0 0 0 0 0 0 5 0 0 3 1 0 0 0 0 0 0 0 0 0 0 0 0 0 6 0 0 0 0 0 0 3 0 1 2 2 1 0 11 0 14 24 0 6 23 26 16 16 0 5 0 35 1 17 0 0 29 25 20 11 0 0 12 0 9 15 0 0 38 15 9 18 26 23 8 0 0 0 0 0 0 0 0 0 0 0 0 0 0 1 0 0 0 0 0 0 0 0 0 0 0 0 0 0 5 0 36 4 0 0 0 0 0 0 0 0 0 0 0 0 30 1 0 3 0 18 0 2 0 0 0 0 0 0 0 0 19 25 13 0 0 18 40 11 0 34 0 0 13 15 6 0 27 26 2 27 0 0 0 0 0 0 0 0 0 0 0 0 0 0 0 1 0 0 10 0 0 13 0 0 0 0 0 0 15 0 0 0 0 0 0 0 0 0 0 0 0 0 8 0 0 0 0 0 90 98 0 11 12 0 0 0 0 0 0 0 0 9 0 0 0 0 0 0 0 0 0 0 50 0 0 0 31 0 0 0 0 0 0 0 0 0 0 0 0 0 
 143 187 86 174 50 99 0 397 57 23 40 244 192 52 324 19 234 183 39 69 2 4 1 3 2 0 2 3 1 0 19 0 0 0 0 0 0 0 0 3 0 0 2 6 0 0 0 0 0 0 3 0 22 3 2 0 0 0 0 11 0 0 0 0 0 0 0 0 0 0 0 52 1 0 0 3 0 0 2 29 0 20 29 13 0 2 24 1 11 16 0 8 2 45 8 0 13 0 23 26 0 0 0 0 0 0 0 0 0 0 0 0 0 0 0 0 0 0 0 0 0 0 0 0 0 0 0 7 0 2 0 2 2 0 0 0 0 1 0 0 0 0 0 0 2 0 0 0 0 1 0 0 0 0 2 0 0 1 0 0 1 18 8 0 4 0 10 12 41 4 0 17 50 14 0 18 11 1 11 1 0 2 0 0 1 0 0 0 0 0 2 0 0 0 0 0 0 0 0 0 0 0 0 0 0 0 0 0 0 0 0 0 0 0 0 0 0 0 0 0 0 0 13 0 0 0 0 0 0 0 0 0 0 0 0 0 0 0 2 0 0 0 0 0 0 3 0 0 2 0 0 9 0 0 0 0 0 25 0 0 0 0 11 0 0 0 0 0 0 0 0 0 0 0 0 0 0 0 0 0 0 0 0 0 0 2 0 0 0 0 
 112 251 151 198 90 32 397 0 176 131 41 100 105 80 50 199 254 46 504 109 4 2 5 3 1 2 0 5 2 5 4 3 206 0 0 2 0 2 0 5 0 0 1 0 23 2 0 0 0 2 6 0 0 3 2 0 0 0 0 1 0 0 2 48 0 1 3 0 0 2 0 0 2 0 0 3 0 0 2 2 0 39 37 10 0 10 0 13 3 3 0 26 21 0 0 12 18 2 0 0 0 0 0 0 0 0 0 0 0 0 0 0 0 0 0 0 0 0 1 0 0 0 0 0 0 0 0 0 0 0 0 0 0 0 0 0 0 0 0 0 1 0 0 0 0 0 0 0 0 12 0 0 0 1 0 0 23 0 0 0 17 17 4 12 5 18 18 0 18 29 22 0 0 40 13 0 7 13 16 11 0 0 0 0 0 0 0 0 0 0 0 0 3 0 0 0 0 0 0 0 0 0 0 0 0 0 0 0 0 1 0 0 0 0 0 0 0 1 2 0 2 0 0 0 0 0 0 0 0 0 2 1 0 0 2 0 0 0 0 0 0 0 0 0 0 3 2 0 1 2 0 15 0 0 2 1 2 2 0 0 0 0 0 0 0 0 1 0 0 0 0 0 0 0 0 6 0 0 0 0 0 0 0 0 0 0 0 0 0 0 
 191 92 169 90 187 43 57 176 0 87 369 24 86 312 239 224 101 36 272 363 2 0 2 3 0 0 0 3 0 0 2 0 31 0 4 0 1 1 0 3 0 0 0 8 0 0 0 0 44 0 3 0 0 3 3 0 1 0 0 0 0 3 0 0 0 0 0 0 0 0 0 0 0 0 0 3 0 1 2 3 0 22 19 0 0 27 11 23 28 0 0 17 1 6 18 0 40 29 7 21 0 0 0 0 10 0 0 0 0 0 0 0 0 0 0 0 0 0 14 0 0 0 0 0 0 0 0 0 0 0 0 0 0 0 0 0 0 0 0 0 0 0 0 0 0 0 0 0 0 0 0 9 0 0 0 21 0 0 0 0 8 26 16 57 0 5 0 3 15 14 1 0 8 9 33 10 20 24 18 18 0 0 0 0 0 0 0 0 0 0 0 0 0 0 0 0 0 0 5 0 0 0 0 0 0 0 0 0 0 0 0 0 0 0 0 0 0 15 0 0 0 0 0 0 0 0 0 0 0 0 0 0 9 0 0 0 0 0 0 0 0 0 0 0 0 0 31 0 0 2 1 22 0 0 0 0 1 0 0 0 0 0 11 0 0 0 0 0 0 0 0 0 0 0 0 0 0 0 0 0 0 0 0 0 0 0 0 0 0 0 
 126 260 278 403 49 35 23 131 87 0 556 167 31 98 163 254 467 182 86 108 2 0 0 3 0 0 1 3 0 0 2 0 146 0 76 0 0 2 0 4 0 0 0 0 0 0 0 0 0 0 3 0 0 3 0 0 0 61 0 0 0 42 0 0 0 0 0 51 0 0 0 0 0 0 0 2 0 0 2 2 8 0 9 36 0 39 0 14 12 10 25 31 2 0 0 0 35 0 0 0 0 0 0 0 0 0 10 14 0 0 0 0 12 0 1 23 0 0 16 19 0 1 0 0 10 0 0 0 0 0 0 0 0 0 0 0 0 0 0 0 0 0 0 2 4 0 0 0 0 1 0 0 0 2 0 0 0 0 0 0 0 21 3 14 10 27 0 5 23 8 49 65 0 11 13 1 4 7 0 18 8 0 12 0 0 0 0 0 0 0 0 0 16 0 32 16 0 1 46 27 0 0 0 0 0 0 0 0 0 0 0 0 0 0 0 0 0 14 0 0 0 0 0 0 0 0 0 0 0 0 0 0 0 0 0 0 0 0 0 0 0 6 0 0 0 2 0 0 0 0 0 9 0 0 0 0 0 0 0 0 0 0 0 0 0 0 0 0 0 0 0 0 0 0 0 10 0 10 0 0 0 0 0 0 0 0 0 0 0 0 
 168 34 180 154 176 120 40 41 369 556 0 454 81 207 59 184 249 130 59 78 2 0 0 3 19 0 1 3 2 0 5 0 24 0 18 0 0 2 2 3 0 0 0 0 0 0 7 0 0 0 3 1 0 3 2 0 0 0 0 62 0 6 0 3 0 0 0 0 0 1 0 0 0 0 0 3 0 8 2 2 0 0 16 9 26 23 0 9 17 9 23 19 15 2 0 14 75 0 0 0 37 0 0 0 0 4 0 13 0 0 1 0 0 0 0 14 14 0 32 25 0 0 0 0 21 0 0 0 0 0 0 0 0 0 21 0 0 0 1 0 0 0 0 0 55 0 0 0 0 0 0 0 0 5 0 0 0 0 0 0 0 23 0 0 16 14 10 14 9 4 1 27 0 2 11 0 0 0 0 16 6 10 38 0 0 0 0 0 30 0 0 0 14 0 21 0 0 0 23 8 0 0 0 0 0 0 0 0 0 0 0 0 0 0 0 2 0 12 0 0 0 0 0 0 1 0 0 0 1 0 0 0 7 2 0 0 0 0 0 0 0 0 0 0 0 4 1 0 2 0 0 14 0 0 0 0 0 0 0 0 0 0 0 0 0 0 0 0 0 0 0 0 0 0 0 11 0 12 0 0 0 0 0 0 0 0 0 0 0 1 
 27 362 211 206 59 131 244 100 24 167 454 0 28 118 28 224 181 113 110 125 2 0 0 0 0 3 74 1 3 0 0 2 1 2 77 3 36 0 74 1 5 0 26 0 2 3 0 0 0 3 0 2 1 0 3 0 0 2 0 0 0 1 0 10 0 0 0 3 36 0 0 0 0 1 0 0 0 31 0 0 1 14 0 8 28 1 0 0 0 11 0 25 0 1 0 6 1 25 0 5 21 1 0 0 0 0 15 6 0 0 0 0 12 0 8 10 0 0 0 16 0 0 0 0 0 0 0 0 0 0 0 0 13 0 0 0 0 0 2 0 0 0 0 0 13 0 0 0 0 2 0 0 0 7 0 0 1 0 0 0 0 0 21 19 20 7 25 0 21 8 49 19 0 0 8 14 6 10 0 9 0 12 1 0 0 0 0 0 0 0 0 0 0 0 8 0 2 14 34 46 0 0 0 0 0 0 0 13 0 0 0 0 0 0 0 1 0 0 0 0 0 0 0 0 0 0 0 0 2 0 0 0 0 0 0 0 0 0 0 0 0 2 0 0 0 4 3 0 2 49 0 12 8 0 0 0 0 0 0 0 0 0 0 0 0 0 0 0 0 0 0 0 0 0 0 0 12 0 0 0 0 0 0 0 0 0 0 0 0 0 
 63 44 370 49 277 49 192 105 86 31 81 28 0 249 40 44 73 336 298 148 2 0 0 5 35 0 1 6 0 1 2 0 0 0 0 0 0 0 0 3 0 1 2 7 0 1 1 0 0 0 4 0 0 3 1 2 0 0 0 1 0 7 0 0 0 1 0 0 0 0 0 0 0 0 0 2 0 1 2 2 16 34 18 11 0 0 16 13 0 18 11 9 34 22 18 6 28 0 2 36 0 0 0 0 0 0 0 0 0 0 0 0 0 0 0 0 0 0 0 0 0 0 0 0 27 0 0 0 0 0 0 0 0 0 0 0 0 0 0 0 0 0 0 0 0 0 0 0 0 0 0 0 0 0 0 0 0 0 0 0 17 7 21 4 0 0 55 13 12 18 0 13 34 14 41 17 30 39 11 0 0 0 0 0 0 2 0 0 0 0 0 0 0 0 0 8 0 0 0 0 0 0 0 6 0 0 0 0 0 0 0 0 0 0 0 0 0 2 0 0 0 0 0 0 0 0 0 0 0 0 0 0 15 0 0 0 18 0 0 0 0 0 0 0 0 1 1 0 2 2 1 13 0 4 0 0 0 0 0 0 0 0 0 0 0 20 0 0 0 0 0 0 0 0 0 0 0 0 0 0 0 0 0 0 0 0 0 0 0 0 
 138 151 145 152 34 35 52 80 312 98 207 118 249 0 171 244 203 32 232 151 5 0 0 3 0 3 0 6 2 0 2 0 74 0 3 0 1 0 0 4 0 0 3 0 0 0 0 0 0 3 3 2 2 3 101 0 0 0 0 2 0 14 0 2 0 0 0 0 0 0 0 1 0 0 1 3 0 38 2 2 18 14 6 18 38 7 13 0 23 0 28 10 5 13 34 17 55 16 0 39 0 0 0 0 0 0 0 20 0 0 0 0 0 0 0 0 0 0 15 0 0 0 0 0 0 0 0 20 0 0 0 0 0 0 0 0 0 0 0 0 0 0 0 0 6 0 0 0 0 2 0 0 0 32 0 0 1 0 0 0 10 23 13 36 33 14 5 8 39 10 0 3 0 10 50 0 41 33 0 20 4 0 0 0 0 0 0 0 0 0 0 0 6 0 14 0 0 0 37 0 0 0 0 0 0 0 0 0 0 0 0 0 0 0 0 0 0 29 0 0 0 0 0 0 0 0 0 0 0 0 0 0 0 0 0 0 0 0 0 0 0 0 0 0 0 0 53 0 1 0 0 17 0 0 0 0 0 0 0 0 0 0 30 0 0 0 0 0 0 0 0 0 0 0 0 5 15 9 0 0 0 0 0 0 0 0 0 0 0 0 
 56 42 97 294 40 34 324 50 239 163 59 28 40 171 0 244 60 127 169 197 4 0 1 3 0 0 1 9 0 1 2 0 0 0 0 0 0 0 0 3 63 0 0 10 0 0 0 0 0 0 3 7 5 3 2 64 0 42 5 0 0 14 0 0 0 0 0 0 0 1 0 0 0 0 0 3 3 0 10 2 34 11 35 16 0 2 14 11 15 22 16 25 62 53 2 6 48 1 4 73 0 0 0 0 0 0 0 0 0 0 0 0 1 0 0 0 0 1 10 0 0 0 0 0 0 0 0 44 0 0 0 0 0 1 0 0 0 0 0 0 12 0 0 0 0 0 0 0 0 0 0 0 0 0 0 0 0 0 0 0 12 49 6 11 0 10 35 30 26 0 1 14 0 40 39 15 27 36 0 18 0 0 0 0 0 0 0 0 1 0 0 0 0 0 0 0 0 0 0 0 0 0 0 0 0 0 0 0 0 0 38 0 0 0 0 0 0 18 0 0 0 0 0 0 0 0 0 0 0 0 0 0 0 0 0 0 0 0 0 0 0 0 0 0 0 0 31 3 0 1 10 6 0 0 0 0 0 0 0 0 0 0 0 0 0 0 0 0 0 0 0 0 0 0 0 0 0 0 0 0 0 0 0 0 0 0 0 0 0 2 
 135 505 268 258 80 74 19 199 224 254 184 224 44 244 244 0 389 45 97 153 2 0 3 3 3 0 2 3 0 4 2 0 3 5 0 2 2 3 1 3 0 3 1 0 0 0 0 0 0 0 3 2 0 3 5 3 0 0 0 0 0 1 0 0 1 35 0 3 0 0 0 0 0 0 0 3 0 68 16 2 31 20 9 1 18 7 14 34 6 11 0 11 0 10 0 13 10 18 9 12 0 1 0 0 0 0 15 0 0 0 0 0 0 0 0 0 0 0 13 0 0 0 0 0 0 0 0 0 0 0 0 0 0 0 0 0 0 0 0 0 0 0 0 0 0 0 0 0 0 16 0 0 0 0 0 0 11 0 0 0 8 21 14 39 11 8 30 0 29 0 38 1 0 20 23 19 1 21 0 17 0 0 0 0 0 0 0 0 0 0 0 0 0 0 1 0 0 0 19 1 0 0 0 0 0 0 0 11 0 0 0 0 0 0 0 0 0 13 0 0 0 0 0 0 0 0 0 0 0 0 0 0 0 0 0 0 0 0 0 0 0 0 0 0 0 2 1 0 0 1 12 11 0 0 0 0 0 0 0 0 0 0 0 0 0 0 0 0 0 0 0 0 0 0 0 0 16 0 0 0 0 0 0 0 0 0 0 0 0 0 
 34 51 195 234 200 238 234 254 101 467 249 181 73 203 60 389 0 170 44 41 2 0 2 3 0 3 1 3 4 0 6 0 209 0 2 0 0 0 2 3 0 0 31 62 0 0 0 0 0 0 3 3 1 3 4 0 0 0 4 0 0 6 0 0 0 0 0 0 0 0 0 0 0 0 0 4 0 0 2 2 17 0 11 14 51 41 21 21 7 0 16 0 24 9 0 11 18 0 0 16 6 10 0 0 2 0 9 18 0 0 0 0 7 0 0 0 8 0 16 10 0 0 0 0 0 2 0 0 0 0 0 0 0 0 2 0 0 1 0 0 0 2 0 0 8 0 0 0 0 0 0 0 0 16 0 0 0 0 0 0 13 0 0 0 34 0 9 12 21 34 9 54 21 0 0 0 0 0 0 0 26 0 16 0 0 0 0 0 0 0 0 0 18 0 32 15 1 0 14 26 0 0 0 2 0 0 0 0 0 0 0 0 0 0 0 0 0 1 0 0 0 0 0 0 0 0 0 0 0 0 1 0 0 0 0 0 0 0 0 0 0 1 0 0 0 2 2 0 3 1 0 11 0 16 0 0 0 0 0 0 0 0 0 0 0 0 0 0 0 0 0 0 0 0 0 12 0 3 0 0 0 0 0 0 0 0 0 0 0 0 
 33 126 204 316 45 238 183 46 36 182 130 113 336 32 127 45 170 0 55 33 2 0 0 3 208 0 0 3 0 0 2 0 137 0 0 0 0 2 0 3 0 0 64 12 0 61 0 0 0 0 3 0 0 3 3 0 0 0 0 0 0 0 0 0 0 0 0 0 0 0 0 0 0 0 0 3 0 0 2 3 8 3 22 0 20 15 0 8 0 30 20 28 0 18 0 0 52 5 14 25 19 0 0 1 0 0 2 32 0 0 0 0 4 2 2 0 0 0 37 0 0 0 0 0 0 0 0 0 0 0 0 0 0 0 0 0 0 0 0 0 0 0 0 0 6 0 0 2 0 2 0 0 0 2 0 0 0 0 0 0 0 9 21 0 40 10 17 7 0 30 0 58 0 16 0 33 19 0 0 0 6 0 17 0 0 0 0 1 0 0 0 0 6 0 46 0 0 0 33 15 0 0 0 0 0 0 0 0 0 0 1 1 0 2 0 13 0 0 0 2 0 0 0 0 0 0 0 0 0 0 0 0 0 0 0 0 0 1 0 1 0 0 0 0 2 0 0 0 1 3 0 13 11 0 0 0 0 0 0 0 0 0 13 0 0 0 0 0 0 0 0 0 0 0 0 18 0 10 0 0 0 0 0 0 0 0 0 0 0 0 
 233 365 118 85 49 253 39 504 272 86 59 110 298 232 169 97 44 55 0 131 2 2 0 3 0 0 2 6 2 0 2 2 0 2 3 0 0 0 6 3 0 0 2 3 0 0 0 0 0 2 3 1 0 3 2 2 1 0 0 0 0 0 0 0 6 1 0 0 3 0 3 4 0 0 0 3 0 2 2 35 35 0 17 0 0 0 39 0 11 0 0 0 0 2 13 9 0 10 22 52 0 0 0 0 0 0 2 0 0 0 1 0 0 0 0 1 0 0 0 0 0 29 0 0 0 0 0 0 0 0 0 0 0 0 0 0 0 0 0 0 0 0 0 0 0 0 0 0 0 0 0 0 0 0 0 0 0 0 0 0 10 0 14 10 0 0 0 10 0 0 1 0 21 10 16 0 15 34 24 1 0 0 0 0 0 0 0 0 0 0 0 0 0 0 0 0 0 2 0 0 0 0 0 0 0 0 0 14 6 0 0 2 0 0 2 0 0 0 0 0 0 0 0 0 0 0 8 0 0 0 0 0 0 0 0 0 0 0 0 0 0 0 0 0 0 3 0 1 0 0 0 7 0 2 0 0 0 0 0 0 0 0 2 0 0 0 0 0 0 0 0 0 0 0 0 0 15 0 0 0 0 0 0 0 0 0 0 0 0 0 
 139 465 93 70 56 55 69 109 363 108 78 125 148 151 197 153 41 33 131 0 2 0 0 3 0 3 3 5 0 0 2 2 0 0 0 1 0 0 0 3 0 0 0 0 0 0 0 0 0 0 3 0 0 3 2 0 0 0 0 0 0 0 0 0 2 0 0 0 0 0 6 0 0 0 0 3 0 0 2 2 15 0 18 0 0 0 42 15 15 1 0 0 18 13 12 9 0 10 23 10 0 0 0 0 0 0 0 0 0 0 0 0 0 0 0 0 0 0 0 0 37 0 0 0 0 0 1 0 0 0 0 0 0 0 0 0 0 0 2 0 0 0 0 0 0 0 0 0 0 0 0 0 0 0 0 0 0 0 0 0 16 17 0 76 0 0 24 2 1 15 7 0 12 20 0 20 2 1 45 1 0 0 0 0 0 0 0 0 0 0 0 0 0 0 0 0 0 0 0 0 0 0 0 27 0 0 0 0 0 6 0 0 0 0 0 1 0 0 0 0 0 0 0 0 2 0 0 0 0 0 0 0 0 1 1 0 1 0 0 0 0 2 0 0 0 1 0 0 4 2 33 11 0 0 0 0 0 0 0 0 0 0 0 0 0 0 0 0 0 0 0 0 0 0 0 0 24 0 0 0 0 0 0 0 0 0 0 0 0 0 
 2 2 4 2 150 4 2 4 2 2 2 2 2 5 4 2 2 2 2 2 0 365 182 47 44 86 194 486 253 31 29 41 131 184 136 244 27 110 155 142 0 0 1 0 66 4 0 0 0 0 0 0 2 2 0 0 0 1 0 64 0 0 2 0 0 3 0 2 3 0 3 3 50 0 3 0 0 1 0 0 0 0 0 0 1 0 12 0 0 0 19 0 0 0 0 0 0 0 0 0 29 48 27 30 0 19 2 0 7 21 0 0 0 43 10 0 53 8 40 23 0 0 0 0 0 0 0 8 0 0 0 0 12 0 0 0 0 0 0 0 0 0 0 0 0 0 0 0 0 0 0 0 0 0 0 0 0 0 0 0 0 4 0 0 0 12 4 0 0 0 0 0 0 0 0 0 0 0 0 0 30 0 23 0 0 0 54 14 14 37 0 0 15 35 18 7 51 20 13 15 0 0 0 0 0 0 0 0 0 0 0 0 0 0 0 0 0 0 0 0 0 0 0 0 0 0 0 0 0 0 0 0 0 0 0 0 0 11 0 0 0 15 0 0 0 0 0 0 0 75 0 0 0 0 5 0 0 78 0 0 0 0 0 0 0 0 14 0 0 0 0 0 0 0 0 0 0 0 0 0 0 21 0 0 0 0 0 0 0 0 
 0 6 0 0 5 74 4 2 0 0 0 0 0 0 0 0 0 0 2 0 365 0 164 143 203 24 148 313 181 124 148 559 130 94 89 47 210 185 256 60 0 0 2 0 2 3 4 0 2 46 0 0 1 26 0 4 0 4 0 0 0 0 0 0 1 0 0 0 0 0 2 2 0 0 2 0 0 5 0 0 1 0 0 0 0 0 0 0 0 0 0 0 0 0 0 0 0 7 0 0 10 7 0 23 20 17 24 8 0 30 49 21 10 1 33 37 18 29 10 0 0 0 0 0 0 0 10 0 0 0 0 0 11 0 0 0 1 0 13 0 0 0 0 0 0 0 0 0 8 26 4 8 0 0 0 0 0 0 0 35 0 0 0 0 0 0 0 0 0 0 0 0 0 0 0 0 0 0 0 0 0 16 31 44 36 0 11 18 14 10 30 60 0 0 14 19 29 22 0 0 21 1 4 0 0 6 0 0 0 0 0 0 32 0 0 0 0 0 22 10 0 0 0 0 0 0 0 0 0 0 0 0 0 0 0 0 0 0 0 0 0 0 0 0 0 0 0 0 0 0 0 0 0 0 12 0 2 1 78 24 0 30 0 0 0 0 0 0 0 0 0 0 0 0 0 0 0 0 0 12 0 1 0 0 0 0 0 0 0 0 
 4 0 0 1 20 151 1 5 2 0 0 0 0 0 1 3 2 0 0 0 182 164 0 173 385 32 201 126 165 144 129 21 283 220 124 150 308 207 45 45 0 0 2 0 66 3 0 0 0 0 0 0 1 2 2 0 0 2 2 0 0 0 0 0 0 0 0 0 0 0 3 3 0 0 2 1 0 8 0 0 0 0 0 0 11 0 0 0 0 0 0 0 0 0 0 0 0 0 0 0 0 45 14 35 10 0 13 21 10 48 19 1 31 33 14 36 11 26 44 11 10 0 2 0 0 0 0 0 0 0 0 0 0 0 12 0 0 0 35 0 0 0 0 0 0 0 0 0 4 0 2 3 0 4 0 0 1 0 0 0 0 0 0 0 0 0 0 0 9 0 0 0 0 0 2 0 0 0 0 0 14 32 26 2 7 0 46 30 1 10 30 0 40 23 10 15 1 0 0 14 0 0 13 0 0 0 0 4 0 0 0 0 0 0 0 0 0 0 11 2 0 0 0 0 0 0 0 0 0 0 0 0 0 0 0 0 0 2 0 1 0 0 27 0 0 0 0 0 0 0 0 0 0 0 3 0 0 44 0 2 0 13 0 0 0 0 0 0 0 0 0 0 0 0 0 0 0 0 0 0 0 0 0 0 0 21 0 0 0 0 
 3 3 3 3 9 3 3 3 3 3 3 0 5 3 3 3 3 3 3 3 47 143 173 0 212 136 70 268 288 342 209 53 149 350 50 136 121 345 181 199 0 0 1 0 8 9 0 0 0 0 0 0 5 2 0 23 0 2 0 0 0 0 0 0 0 0 0 0 6 0 14 2 0 0 2 0 6 0 1 0 0 1 0 0 0 0 0 0 0 0 0 0 0 0 0 0 0 0 0 0 20 0 0 0 11 34 6 8 26 0 26 14 0 23 27 0 1 0 0 15 12 1 0 0 0 0 1 15 11 0 0 0 0 0 0 0 0 0 21 6 5 0 0 0 0 0 0 0 0 11 0 0 0 0 0 6 0 0 0 0 0 0 0 0 0 0 0 0 0 0 0 0 0 0 0 0 0 0 0 0 13 18 20 58 9 38 3 31 0 1 0 23 34 87 0 2 23 27 24 15 0 3 0 0 0 21 0 0 0 0 0 0 65 4 0 0 0 14 0 4 0 2 0 0 0 0 0 0 0 0 1 0 0 1 0 0 0 0 0 0 0 20 0 0 0 2 0 0 0 0 0 0 0 0 14 1 0 74 2 2 4 0 0 0 0 0 8 0 0 0 0 0 0 0 0 0 0 0 0 0 0 7 0 0 0 12 11 0 0 0 
 0 1 0 0 2 0 2 1 0 0 19 0 35 0 0 3 0 208 0 0 44 203 385 212 0 375 241 65 324 253 76 58 103 146 64 109 314 91 87 151 0 0 30 0 3 3 0 0 1 0 0 0 2 2 0 0 64 5 62 0 0 0 0 0 0 0 0 0 0 0 3 4 0 0 3 0 1 5 0 0 0 0 0 0 0 0 0 0 0 0 0 0 0 0 0 0 0 0 0 0 0 0 4 9 9 0 0 7 14 13 19 27 0 0 1 21 13 13 0 0 1 0 0 0 10 0 0 13 21 0 0 0 0 0 19 0 0 0 17 21 0 0 0 12 0 0 0 0 0 0 19 0 0 0 0 1 0 0 0 0 0 0 0 0 0 0 0 0 0 0 3 1 0 0 0 0 0 0 1 0 0 10 0 47 22 0 0 16 22 21 28 27 0 0 0 8 12 0 2 0 0 0 24 0 0 0 8 10 10 0 0 0 47 22 9 12 0 0 2 103 0 0 0 0 0 0 0 0 0 0 0 0 6 0 0 0 0 0 0 0 0 0 0 0 0 0 0 0 0 0 0 0 0 0 6 3 0 0 9 3 28 0 0 0 0 0 0 0 0 0 0 0 0 0 0 0 0 0 0 0 0 15 0 0 0 0 0 0 0 0 
 0 2 0 0 211 0 0 2 0 0 0 3 0 3 0 0 3 0 0 3 86 24 32 136 375 0 36 185 337 67 502 52 50 309 49 51 146 447 65 123 124 0 62 0 3 3 1 0 0 6 0 0 64 65 62 0 62 57 92 1 0 0 29 0 7 0 0 0 0 0 2 2 0 0 2 0 0 1 0 0 0 0 0 0 0 0 0 0 0 0 0 0 0 0 0 0 0 0 0 0 10 0 13 2 23 0 12 6 8 0 28 12 0 39 1 36 10 0 0 0 7 0 0 20 0 0 1 17 12 0 0 0 13 23 13 13 0 0 0 20 0 0 0 0 0 0 0 0 0 0 0 0 0 0 0 0 0 0 0 0 0 0 0 0 0 0 0 0 0 0 0 2 0 0 0 0 0 0 0 0 0 5 0 53 17 20 0 40 39 2 21 10 0 1 0 11 36 23 1 0 9 3 11 0 0 0 0 1 12 20 19 0 46 30 11 10 0 0 11 17 0 0 0 1 0 10 0 0 0 0 0 0 0 0 0 2 0 0 0 0 0 0 10 0 0 0 0 0 0 0 0 0 0 0 0 0 2 75 154 27 7 0 0 0 0 0 1 0 0 0 0 0 0 0 0 0 0 0 0 0 0 36 0 0 0 18 0 0 0 0 
 1 0 4 0 75 1 2 0 0 1 1 74 1 0 1 2 1 0 2 3 194 148 201 70 241 36 0 144 45 120 22 122 260 120 106 173 242 39 109 234 0 0 1 0 5 3 0 0 0 0 0 0 2 2 0 0 0 1 0 0 0 0 0 0 0 0 0 0 0 0 59 3 0 0 2 0 0 1 0 0 0 0 0 0 0 0 0 0 0 0 18 0 0 0 0 0 0 0 0 0 29 27 17 24 0 0 9 1 11 22 20 1 0 15 20 21 32 18 39 25 0 0 0 0 0 0 0 0 0 0 0 0 0 0 0 0 0 0 0 0 14 0 0 0 0 0 0 0 0 0 0 0 0 0 0 0 0 0 0 0 0 3 0 0 0 9 3 0 0 0 0 0 0 0 0 0 0 0 0 0 9 31 17 26 0 0 36 1 0 18 0 16 25 15 4 0 18 23 0 14 0 0 0 0 0 0 0 0 0 0 0 0 0 0 0 0 0 0 0 0 0 0 0 0 1 8 0 0 0 0 0 0 0 0 0 0 0 0 0 0 0 14 12 0 0 0 1 0 0 75 0 0 0 0 10 0 0 0 0 0 1 0 0 0 0 0 0 0 0 0 0 0 0 0 0 0 0 0 0 0 0 0 0 0 0 0 0 0 0 0 
 3 3 3 4 101 82 3 5 3 3 3 1 6 6 9 3 3 3 6 5 486 313 126 268 65 185 144 0 105 173 163 459 124 239 93 148 220 64 109 113 0 9 1 0 66 3 0 0 0 0 0 0 2 2 0 0 0 1 1 0 0 0 0 0 2 0 0 0 2 0 3 3 0 49 9 0 0 6 0 0 0 0 0 0 0 0 0 0 0 0 0 0 0 0 0 0 0 0 0 0 15 71 23 0 0 24 8 15 8 32 18 4 2 55 17 13 20 9 19 14 0 0 0 0 0 0 0 0 0 0 0 0 18 0 0 0 0 0 16 0 0 0 0 0 0 0 0 0 0 0 0 2 0 0 0 0 0 2 0 0 1 9 0 1 0 0 0 0 0 0 0 0 0 0 0 0 0 0 0 0 33 15 57 16 0 0 60 16 28 32 0 0 39 34 24 18 41 16 50 0 0 0 0 0 0 7 0 0 0 0 0 0 12 0 0 0 0 0 13 13 0 0 0 0 0 0 0 0 0 0 0 0 0 0 0 0 0 0 0 0 0 0 19 0 0 1 0 0 0 0 0 0 0 0 7 0 0 42 0 0 5 0 0 0 0 0 8 1 0 0 0 0 0 0 10 0 0 0 0 0 0 2 0 0 0 0 0 0 0 0 
 2 0 0 0 0 0 1 2 0 0 2 3 0 2 0 0 4 0 2 0 253 181 165 288 324 337 45 105 0 81 370 165 276 210 66 226 479 294 331 51 2 0 2 0 2 3 76 0 0 3 0 0 2 2 0 0 0 2 0 14 0 0 0 0 0 0 0 4 0 0 2 2 1 0 2 0 0 8 0 0 0 0 0 6 12 0 0 17 0 0 0 0 0 0 0 0 0 0 0 0 0 0 0 43 39 0 0 19 0 18 11 43 8 8 1 29 0 12 13 0 13 14 0 0 0 0 0 27 0 0 0 0 0 0 21 0 11 0 10 1 0 0 0 0 0 0 0 0 0 0 0 0 7 0 0 1 0 0 0 0 0 13 0 0 0 0 0 0 0 0 0 0 0 0 0 0 0 0 0 0 0 58 0 44 30 0 0 2 9 0 97 21 0 13 0 26 7 7 0 13 19 15 14 0 0 0 9 4 0 0 0 0 50 8 0 0 0 2 7 19 0 8 0 0 0 0 0 0 0 0 0 0 0 0 0 0 0 0 0 0 0 0 0 0 0 0 0 0 0 0 0 0 2 0 22 2 1 0 76 2 0 0 0 0 0 0 0 0 0 14 0 0 0 0 0 0 0 0 0 0 0 0 0 0 0 0 0 0 0 0 
 0 1 0 0 75 18 0 5 0 0 0 0 1 0 1 4 0 0 0 0 31 124 144 342 253 67 120 173 81 0 145 188 69 136 102 243 246 326 185 90 0 0 2 0 70 3 0 0 1 0 0 3 4 2 2 0 1 4 4 0 0 2 0 0 0 0 0 0 0 0 3 3 0 0 2 0 0 11 3 0 0 2 0 0 0 0 0 0 0 0 0 0 0 0 0 9 0 0 0 0 12 0 11 9 16 31 11 12 13 61 10 0 0 13 93 24 17 10 0 0 16 0 0 0 0 0 12 1 0 0 10 0 25 0 0 10 1 0 40 27 5 0 0 0 0 0 0 0 0 0 0 0 0 0 40 15 0 0 0 0 0 0 0 0 0 0 0 0 0 0 0 0 0 0 0 0 0 0 0 0 0 0 26 30 9 31 19 1 26 0 21 3 12 12 20 12 35 10 0 12 0 12 9 0 0 27 0 0 0 0 0 0 27 14 0 0 0 1 0 14 0 0 0 0 0 0 0 0 0 0 0 0 0 0 0 0 0 0 0 0 0 0 6 0 0 0 0 0 0 0 0 0 0 0 7 2 0 1 1 2 1 0 0 0 0 0 0 0 0 0 0 0 0 0 0 0 0 0 0 10 0 13 0 0 0 8 0 0 0 0 
 2 2 2 2 2 2 19 4 2 2 5 0 2 2 2 2 6 2 2 2 29 148 129 209 76 502 22 163 370 145 0 129 44 75 154 93 93 128 42 138 65 0 3 0 7 3 71 5 0 0 48 5 133 64 0 0 0 2 0 57 0 0 0 0 0 8 3 0 0 4 3 12 3 0 2 0 0 3 2 0 0 1 0 0 0 0 0 0 0 0 0 0 0 0 0 0 0 0 0 0 38 10 0 23 0 10 9 0 0 10 1 1 13 22 22 36 2 32 0 0 65 21 0 0 0 0 1 0 1 0 0 0 20 50 33 41 1 0 1 1 0 0 0 0 0 0 0 0 2 0 0 9 0 0 0 0 0 0 2 0 0 0 0 1 0 0 2 19 0 0 0 0 0 0 0 0 0 0 0 0 0 22 57 21 7 16 25 0 15 21 0 19 0 0 19 45 30 25 0 0 0 26 0 0 0 18 28 53 2 0 14 0 18 4 19 0 0 19 28 18 0 0 0 0 0 0 0 0 0 0 0 0 0 0 0 0 0 30 0 0 0 0 0 0 0 0 0 0 0 0 0 0 0 0 0 0 0 176 0 0 1 0 0 0 0 0 0 0 0 0 0 0 0 0 0 0 0 0 0 0 0 10 0 0 0 0 0 0 0 0 
 0 1 4 0 0 0 0 3 0 0 0 2 0 0 0 0 0 0 2 2 41 559 21 53 58 52 122 459 165 188 129 0 321 91 112 39 71 118 40 108 0 0 1 2 4 3 61 0 0 0 0 0 1 2 0 0 0 2 0 55 0 0 3 0 2 1 3 3 0 0 39 4 0 0 2 0 0 12 0 0 0 0 12 1 0 0 0 0 0 0 0 0 0 0 0 0 0 0 0 0 1 0 0 15 20 9 0 0 9 8 25 29 4 1 28 0 21 15 0 0 8 9 3 16 0 0 12 0 0 17 0 0 44 14 3 9 30 9 17 29 0 0 0 0 0 0 0 0 0 0 0 0 0 0 8 0 0 0 0 0 0 0 0 0 0 0 0 0 0 0 2 0 0 0 9 0 0 0 4 0 0 0 0 51 10 4 0 0 8 7 21 40 0 0 2 19 0 0 0 0 7 2 11 9 8 0 12 11 5 0 12 0 6 20 6 0 0 6 33 13 0 0 0 0 0 0 0 0 0 0 0 0 0 0 0 0 0 0 0 0 0 0 0 0 0 0 0 0 0 0 0 0 2 0 76 2 2 2 0 0 1 2 2 0 0 0 0 0 0 0 0 0 0 0 0 0 0 0 0 11 0 1 0 0 0 1 0 0 0 0 
 2 0 105 148 110 72 0 206 31 146 24 1 0 74 0 3 209 137 0 0 131 130 283 149 103 50 260 124 276 69 44 321 0 181 327 42 181 49 101 147 0 0 2 0 2 3 0 1 0 0 0 0 1 65 0 0 0 2 0 0 0 0 4 0 0 0 0 2 0 0 10 2 0 0 2 0 0 3 3 0 0 0 9 0 21 18 0 0 0 0 25 0 0 0 0 19 17 0 0 0 26 7 0 0 0 0 0 19 10 0 13 13 11 1 15 0 19 9 33 67 1 0 0 0 0 0 0 0 0 0 0 0 0 0 0 0 0 0 2 2 0 0 2 0 26 0 0 0 0 0 0 0 0 4 0 0 0 0 0 0 0 2 0 0 27 5 0 0 0 14 0 23 0 0 0 0 0 0 0 0 30 11 61 0 0 0 0 0 0 0 3 16 37 1 27 14 0 13 13 0 0 0 0 0 0 0 0 0 0 0 0 0 0 0 0 1 0 0 0 0 0 0 0 0 0 1 0 0 0 0 0 0 0 0 0 0 0 0 0 0 0 12 0 0 0 0 0 0 0 75 0 0 0 0 27 0 2 0 0 2 0 0 0 0 0 0 0 0 0 0 0 0 2 0 0 15 0 13 0 0 0 0 0 0 0 0 31 0 0 0 
 0 2 0 0 1 0 0 0 0 0 0 2 0 0 0 5 0 0 2 0 184 94 220 350 146 309 120 239 210 136 75 91 181 0 130 143 153 338 206 460 0 1 1 0 3 4 0 0 0 6 0 0 1 2 0 0 0 2 0 0 0 0 0 0 0 2 0 0 0 0 11 3 0 0 2 2 0 0 0 0 0 1 7 0 17 0 0 0 0 10 0 0 0 0 0 0 0 0 0 0 9 2 2 8 20 11 0 28 13 0 31 19 8 47 2 8 5 28 15 17 0 0 0 0 0 0 4 8 0 0 0 0 11 0 0 0 0 0 5 0 0 0 0 0 0 0 0 0 0 10 0 0 0 0 0 0 17 0 2 0 0 7 0 0 0 0 9 0 0 0 2 0 0 0 0 0 0 0 0 0 14 24 7 0 11 0 1 13 1 0 27 37 28 22 0 10 22 24 13 17 0 0 0 0 0 0 0 0 0 0 0 0 11 8 0 0 0 0 1 27 0 0 3 0 0 0 0 0 0 0 0 0 0 0 0 0 0 0 0 0 0 0 0 0 0 0 0 0 0 8 0 0 0 0 7 0 2 152 75 2 1 1 0 0 0 0 7 0 0 0 0 0 0 0 0 0 0 0 0 0 0 10 0 0 0 18 17 0 0 0 
 0 0 4 84 209 79 0 0 4 76 18 77 0 3 0 0 2 0 3 0 136 89 124 50 64 49 106 93 66 102 154 112 327 130 0 139 50 254 217 192 0 0 1 1 1 2 72 0 0 0 0 0 0 2 0 0 0 3 0 0 0 0 0 0 3 0 0 0 0 0 2 1 0 0 2 0 0 0 0 0 0 0 0 9 0 1 0 0 0 1 36 2 0 0 0 0 0 0 0 0 8 33 18 21 0 12 13 2 0 12 10 0 9 13 9 21 0 17 17 28 22 0 0 0 0 0 9 0 0 0 0 0 15 0 1 0 0 0 0 5 0 0 13 0 0 0 0 0 5 0 2 7 0 0 0 0 0 0 0 0 0 4 0 0 0 2 5 0 14 0 0 13 0 0 0 0 0 0 13 0 32 26 39 0 0 0 77 25 10 47 0 0 16 29 45 0 14 0 25 8 0 0 0 0 0 0 0 17 0 0 0 0 0 0 20 0 0 20 22 1 0 0 0 0 0 0 0 0 0 2 0 0 0 0 0 0 0 0 0 0 0 0 0 0 0 0 0 0 0 21 0 0 0 0 7 0 0 2 3 0 2 13 0 0 0 0 9 0 0 0 0 0 0 0 0 0 0 0 0 0 0 0 0 0 0 0 0 0 0 0 
 2 0 0 0 42 74 0 2 0 0 0 3 0 0 0 2 0 0 0 1 244 47 150 136 109 51 173 148 226 243 93 39 42 143 139 0 133 108 180 119 0 0 64 3 65 3 0 0 0 0 62 1 1 2 0 0 0 3 0 0 0 0 0 0 0 0 1 0 1 0 3 2 0 0 2 0 0 2 0 0 0 0 0 6 18 0 0 0 0 0 0 0 0 0 0 0 0 0 0 0 1 7 28 0 0 29 9 6 32 20 0 23 7 24 31 22 17 19 19 20 2 0 0 0 0 0 0 1 0 0 0 0 0 0 0 0 0 0 9 0 0 0 0 0 0 0 0 0 0 0 0 0 0 0 0 0 0 0 0 0 0 0 8 0 0 0 0 0 0 0 2 0 0 0 0 0 0 0 0 0 1 27 23 14 13 0 25 13 77 14 24 15 28 17 26 8 14 25 10 0 0 0 14 0 0 0 0 0 0 0 0 0 14 9 0 0 0 0 0 12 0 0 0 0 0 0 0 0 0 0 0 0 0 0 0 0 0 5 0 0 0 0 19 0 0 0 0 0 0 0 0 0 0 0 8 0 0 4 1 0 2 2 0 0 0 0 8 0 0 0 0 0 0 0 0 0 0 0 0 0 48 0 0 0 0 0 20 0 0 0 
 2 0 0 0 0 83 0 0 1 0 0 36 0 1 0 2 0 0 0 0 27 210 308 121 314 146 242 220 479 246 93 71 181 153 50 133 0 549 118 123 0 3 4 1 2 2 0 0 0 0 0 0 2 2 0 0 0 3 0 0 2 0 0 0 0 0 0 0 0 0 2 2 0 53 2 2 3 4 0 0 0 0 0 4 13 0 0 0 0 7 13 0 0 0 0 0 0 0 0 0 1 0 29 23 16 12 16 30 1 10 13 0 60 44 1 53 13 13 8 0 0 0 0 0 0 0 0 0 0 0 0 0 6 0 0 0 0 0 47 0 0 0 2 0 0 0 0 0 6 0 12 0 0 0 0 0 0 0 0 0 0 0 0 0 0 0 0 0 0 0 0 1 0 0 0 0 0 0 0 0 14 23 51 32 10 0 44 54 19 0 31 0 16 0 23 51 5 15 2 9 0 0 0 0 0 0 0 21 0 0 0 0 4 0 0 0 0 0 0 9 0 0 0 0 0 27 0 0 0 0 0 0 0 0 0 0 0 0 0 0 0 0 0 0 0 0 0 0 0 0 0 1 0 0 77 2 0 75 1 0 2 21 0 0 0 0 0 0 0 0 0 0 0 0 0 0 0 0 0 0 0 9 0 0 0 12 1 0 0 0 
 0 0 0 0 0 0 0 2 1 2 2 0 0 0 0 3 0 2 0 0 110 185 207 345 91 447 39 64 294 326 128 118 49 338 254 108 549 0 38 122 0 0 1 0 1 2 0 0 0 0 0 0 0 66 0 0 206 3 0 0 0 0 0 0 0 0 0 0 0 0 2 1 0 0 2 0 0 3 0 0 0 0 0 0 13 0 0 0 0 0 0 0 0 0 0 0 0 0 0 0 12 0 0 28 11 9 0 18 1 22 9 0 18 17 8 55 25 47 26 0 0 0 0 0 0 0 13 2 0 0 0 0 29 0 0 0 1 0 9 0 0 0 0 0 0 0 0 0 0 0 11 2 0 0 0 0 0 0 0 0 0 1 0 0 2 0 3 0 0 0 0 0 0 0 0 0 0 0 0 0 0 37 14 50 14 0 0 31 1 13 27 28 0 12 1 18 12 0 0 31 19 1 0 0 0 0 0 0 2 0 1 0 4 0 0 0 0 0 20 21 2 0 2 0 0 0 0 9 0 0 0 0 0 0 0 0 0 0 0 0 0 0 0 0 0 0 0 0 0 0 0 0 0 0 13 0 3 41 2 2 3 3 1 0 0 0 0 0 0 0 0 0 0 0 0 0 0 0 0 11 0 29 0 0 1 0 0 0 0 0 
 0 0 0 0 149 99 0 0 0 0 2 74 0 0 0 1 2 0 6 0 155 256 45 181 87 65 109 109 331 185 42 40 101 206 217 180 118 38 0 276 0 3 3 0 3 4 0 1 2 0 0 0 1 2 2 1 0 3 0 3 0 0 0 2 3 0 0 0 6 0 5 4 0 0 2 0 3 5 0 0 0 0 0 14 14 0 0 0 0 0 8 0 0 0 0 0 0 0 0 0 8 10 60 22 1 10 9 1 28 0 0 0 1 11 12 12 26 6 22 23 0 0 0 0 1 0 0 0 0 0 0 0 0 0 0 0 0 0 0 0 0 0 0 0 0 0 0 0 0 0 2 0 0 0 0 0 0 0 0 1 0 11 1 0 0 0 7 0 0 0 0 0 0 0 0 0 0 0 0 0 13 10 9 23 1 27 54 62 12 25 0 0 0 39 5 0 25 19 11 49 0 0 0 0 0 0 0 0 0 0 0 9 0 0 0 0 0 0 0 0 0 0 0 0 0 0 0 0 0 2 0 0 0 0 0 0 2 0 0 0 0 0 18 0 0 0 74 0 0 77 0 0 0 0 9 0 0 0 0 2 0 0 0 0 0 0 7 0 0 0 0 0 0 2 0 0 1 0 0 0 0 9 0 0 0 0 0 17 0 0 
 3 3 9 3 3 6 3 5 3 4 3 1 3 4 3 3 3 3 3 3 142 60 45 199 151 123 234 113 51 90 138 108 147 460 192 119 123 122 276 0 0 0 2 0 67 3 0 0 4 5 0 0 64 2 0 0 0 2 0 0 0 0 0 8 74 3 0 6 0 0 15 3 0 0 2 0 0 1 0 0 0 0 0 0 3 0 0 0 0 0 0 0 0 0 0 0 0 0 0 0 12 51 36 20 0 0 3 0 12 14 39 19 0 10 49 1 52 15 26 43 0 0 0 0 0 0 0 0 8 0 0 0 12 0 0 16 0 0 0 0 0 0 0 0 0 0 0 0 0 0 0 0 1 0 0 0 0 0 10 0 0 9 0 0 0 0 12 0 0 0 0 0 2 0 0 0 0 0 0 0 3 22 25 12 0 17 21 9 0 25 0 24 19 40 0 0 33 34 0 36 0 0 0 0 0 0 1 0 0 0 0 0 12 0 0 0 0 0 0 0 0 0 0 0 0 0 16 2 0 0 0 0 0 0 0 0 0 0 0 0 0 0 0 0 0 0 0 0 0 97 0 0 0 0 13 1 0 43 1 0 77 0 0 0 0 0 0 0 0 0 0 0 0 0 0 0 0 1 0 0 0 27 0 0 0 0 11 0 0 0 
 0 0 0 0 0 0 0 0 0 0 0 5 0 0 63 0 0 0 0 0 0 0 0 0 0 124 0 0 2 0 65 0 0 0 0 0 0 0 0 0 0 96 169 98 24 28 155 37 269 122 235 31 100 206 54 25 52 89 154 62 0 0 0 0 4 0 2 0 0 51 0 0 0 1 0 0 0 0 0 0 0 0 0 0 0 0 0 0 0 0 0 0 0 0 0 0 0 0 0 19 0 0 0 21 0 0 0 0 0 0 0 9 0 0 10 0 0 10 0 0 19 16 12 15 0 11 12 24 10 19 1 21 22 47 23 67 20 22 9 26 0 0 0 0 0 0 0 0 0 0 0 0 0 0 0 0 0 0 0 0 0 0 0 0 0 0 0 0 0 0 0 0 0 0 3 0 0 0 0 0 0 0 0 0 24 23 0 0 0 0 0 4 8 0 0 0 0 0 0 0 12 36 23 36 11 0 15 10 33 46 20 0 0 40 20 14 9 0 15 11 0 0 1 0 0 0 0 0 0 0 0 0 6 0 0 0 0 0 0 15 0 0 5 0 16 0 0 0 0 0 0 9 0 1 0 0 0 0 1 0 0 0 4 0 2 1 0 0 0 0 11 0 0 0 0 0 0 0 0 0 0 0 0 0 10 20 0 0 0 0 
 0 0 0 0 0 0 0 0 0 0 0 0 1 0 0 3 0 0 0 0 0 0 0 0 0 0 0 9 0 0 0 0 0 1 0 0 3 0 3 0 96 0 124 68 109 53 95 269 167 180 78 138 57 319 177 69 94 143 33 89 0 0 0 2 0 13 52 0 0 0 0 0 0 0 0 0 0 0 6 6 0 0 0 0 0 0 0 0 5 0 0 0 0 0 0 0 0 37 0 0 9 0 0 0 0 0 0 0 0 0 0 0 0 0 0 0 0 0 0 0 0 0 9 30 36 2 3 0 1 8 3 16 0 0 9 11 11 0 0 0 11 0 3 0 0 0 25 3 11 11 0 0 8 3 0 0 0 0 39 16 20 0 6 0 0 0 0 0 5 0 7 0 0 0 0 5 0 0 0 0 0 0 0 0 0 5 0 0 0 0 0 0 0 0 0 11 21 0 0 8 10 0 45 16 18 15 0 1 7 10 1 13 0 0 18 17 7 9 9 41 24 41 1 37 0 0 22 13 0 0 0 0 24 45 1 1 0 0 5 4 0 1 0 0 0 0 0 0 0 0 0 20 2 1 0 0 0 0 0 4 0 0 36 0 0 25 0 1 0 0 10 0 0 0 0 0 0 0 0 0 0 0 0 0 0 0 2 1 0 0 
 0 0 0 0 1 59 2 1 0 0 0 26 2 3 0 1 31 64 2 0 1 2 2 1 30 62 1 1 2 2 3 1 2 1 1 64 4 1 3 2 169 124 0 131 64 245 75 91 88 117 67 40 281 81 87 290 171 51 124 44 0 5 5 2 1 3 1 0 6 6 3 0 0 0 0 2 6 0 3 0 0 0 0 6 10 0 0 20 0 0 0 0 0 0 0 0 0 18 0 0 14 0 0 0 0 0 0 6 0 0 0 1 11 0 0 0 0 0 0 0 4 1 2 13 0 0 0 38 19 13 0 16 14 0 32 13 21 0 0 21 0 8 0 0 7 8 0 0 0 0 5 0 0 0 0 0 2 0 0 0 0 0 9 0 16 0 0 0 0 0 0 10 0 0 3 32 0 0 0 0 0 0 0 0 1 1 0 0 0 0 0 0 0 0 7 0 0 0 0 10 9 21 10 48 8 0 7 39 12 7 17 0 9 19 9 8 7 0 12 0 0 0 0 0 1 0 0 0 0 1 0 1 0 0 0 0 0 1 0 19 0 0 0 0 0 0 0 0 0 61 0 15 13 0 0 0 0 1 0 1 0 0 1 1 0 3 2 0 0 0 9 0 0 0 0 0 0 0 0 0 0 0 0 0 4 0 0 0 0 0 
 0 10 0 0 5 0 6 0 8 0 0 0 7 0 10 0 62 12 3 0 0 0 0 0 0 0 0 0 0 0 0 2 0 0 1 3 1 0 0 0 98 68 131 0 187 38 175 100 109 242 58 108 73 96 105 154 69 123 73 130 51 52 0 0 0 0 0 0 0 0 0 0 0 3 20 0 0 0 18 50 0 7 12 0 0 12 0 1 1 5 0 9 0 6 0 0 7 0 10 5 0 0 0 0 0 0 0 0 0 0 0 0 0 0 0 0 0 0 0 0 0 5 15 10 0 10 0 10 0 21 0 12 0 0 14 0 0 15 0 0 0 0 20 0 0 0 0 0 0 0 1 0 21 0 25 1 0 0 0 0 0 9 9 0 0 0 4 0 2 0 11 15 6 4 4 10 0 1 0 0 0 0 0 0 0 0 0 0 0 0 0 0 0 0 0 0 0 0 0 0 10 0 23 10 28 56 0 0 7 12 12 8 0 0 0 0 10 9 0 7 0 0 30 0 0 0 0 0 0 0 0 0 0 4 14 18 0 1 11 34 0 0 0 0 0 0 0 0 0 0 0 3 0 28 0 0 0 0 0 2 0 0 8 0 0 2 0 0 2 0 10 0 0 0 0 0 0 0 0 0 0 0 0 0 1 0 0 0 2 0 
 0 3 0 0 0 0 0 23 0 0 0 2 0 0 0 0 0 0 0 0 66 2 66 8 3 3 5 66 2 70 7 4 2 3 1 65 2 1 3 67 24 109 64 187 0 365 79 126 215 315 94 89 77 80 98 89 90 103 137 67 1 64 0 0 0 0 0 0 29 0 0 0 0 56 0 0 0 2 2 51 0 0 0 0 0 0 0 0 0 0 0 0 0 0 0 11 0 14 0 0 0 10 11 4 0 0 6 1 23 0 0 3 0 11 0 0 11 0 1 0 3 19 24 0 8 11 0 0 3 0 1 0 8 0 4 0 3 18 0 0 0 0 0 0 0 0 15 0 0 0 0 0 0 10 5 0 0 0 4 15 0 0 10 0 0 0 0 0 5 0 0 0 0 0 0 14 0 0 0 0 15 0 0 0 0 0 6 14 0 33 0 0 10 9 0 0 14 10 0 0 0 12 0 5 18 20 5 4 7 0 5 0 0 3 18 6 26 6 0 2 10 27 22 9 24 0 18 12 12 0 14 9 33 10 32 1 9 0 1 10 0 0 0 0 0 0 0 0 0 0 0 8 0 0 0 0 0 66 0 22 0 0 4 0 4 20 1 3 0 0 0 0 0 0 0 0 0 0 0 0 0 0 0 0 0 0 0 0 0 0 
 0 0 0 0 0 0 0 2 0 0 0 3 1 0 0 0 0 61 0 0 4 3 3 9 3 3 3 3 3 3 3 3 3 4 2 3 2 2 4 3 28 53 245 38 365 0 50 33 61 126 73 114 127 273 314 128 68 291 67 91 0 0 0 4 0 0 105 19 0 1 0 0 16 1 0 0 0 0 0 0 0 0 0 0 0 0 0 0 0 0 0 0 0 0 0 0 0 0 0 0 0 0 0 0 0 0 0 0 0 0 0 0 0 8 0 0 0 0 0 0 0 0 11 6 9 11 0 0 0 10 12 0 0 0 0 0 0 0 0 0 18 15 0 2 0 0 10 38 20 10 2 20 51 0 11 48 11 2 16 0 0 0 0 0 0 0 0 0 0 0 0 0 6 0 0 0 7 0 0 0 0 0 0 0 0 0 0 0 0 0 0 0 0 0 0 0 0 10 0 0 0 0 0 39 0 5 0 0 5 22 0 27 0 0 0 0 0 0 0 0 10 0 6 0 0 0 6 0 11 0 0 0 0 9 10 0 13 14 28 9 0 0 0 0 0 0 0 0 0 0 0 5 2 0 0 0 0 0 0 0 0 0 1 4 1 1 4 63 0 0 0 0 52 0 0 0 0 0 0 0 0 0 0 0 0 0 0 0 0 0 
 0 0 0 0 0 0 0 0 0 0 7 0 1 0 0 0 0 0 0 0 0 4 0 0 0 1 0 0 76 0 71 61 0 0 72 0 0 0 0 0 155 95 75 175 79 50 0 165 114 180 274 31 349 195 85 59 34 107 115 45 0 0 2 0 1 0 0 3 3 0 0 0 3 5 0 0 1 1 0 2 0 0 0 0 0 0 0 0 0 0 0 0 0 0 0 0 0 0 0 0 0 0 0 8 0 0 0 0 0 0 0 14 0 0 0 0 0 4 0 0 30 37 11 10 0 11 0 18 14 0 19 8 0 18 19 41 32 10 0 0 10 0 9 0 0 0 0 6 0 0 0 0 0 1 0 0 0 0 0 1 0 0 0 0 0 0 0 0 0 0 0 0 0 1 0 1 0 0 18 0 0 0 0 0 9 10 0 0 0 0 0 11 0 0 0 0 0 0 0 0 20 8 14 0 74 0 10 0 10 17 23 17 0 15 30 13 8 0 10 21 0 0 0 0 0 0 0 0 0 0 0 0 0 4 0 0 0 0 0 1 0 0 0 0 0 0 1 0 0 0 0 0 0 0 63 0 0 0 0 0 0 0 14 37 0 2 4 0 0 0 10 0 0 0 0 0 0 0 0 0 0 0 2 0 0 0 0 0 0 0 
 0 0 0 0 0 0 0 0 0 0 0 0 0 0 0 0 0 0 0 0 0 0 0 0 0 0 0 0 0 0 5 0 1 0 0 0 0 0 1 0 37 269 91 100 126 33 165 0 175 288 175 177 155 204 74 422 34 195 121 184 0 0 2 3 1 4 2 0 0 0 0 2 0 2 0 0 0 0 0 0 0 0 0 0 0 0 0 0 0 0 0 0 0 0 0 0 0 0 0 0 0 10 0 0 0 0 0 0 0 0 0 8 0 0 0 0 0 0 0 0 0 0 24 14 9 18 7 0 0 13 0 20 24 0 8 11 38 19 0 0 15 0 0 0 0 0 0 15 0 0 0 0 0 21 0 0 0 0 0 0 0 0 6 0 0 0 0 0 0 0 0 0 0 0 0 5 0 0 0 0 0 0 0 0 0 0 0 0 0 0 0 0 0 0 0 0 0 0 0 0 3 0 22 21 24 45 1 15 6 0 32 0 1 7 7 15 21 26 0 0 10 46 0 0 0 0 20 12 0 0 0 0 19 29 0 0 0 0 0 0 0 0 10 0 0 60 0 0 0 0 0 2 0 0 0 0 0 0 0 10 0 0 66 1 0 4 2 0 0 0 0 0 0 0 0 0 0 0 0 0 0 0 0 0 0 8 0 0 0 0 
 0 0 0 0 0 0 0 0 44 0 0 0 0 0 0 0 0 0 0 0 0 2 0 0 1 0 0 0 0 1 0 0 0 0 0 0 0 0 2 4 269 167 88 109 215 61 114 175 0 138 45 39 75 115 114 148 81 167 158 301 0 0 0 0 5 3 52 0 0 0 0 1 0 7 3 0 0 0 0 59 0 0 0 0 0 0 0 0 0 0 0 0 0 0 0 0 0 0 0 0 0 0 0 0 6 0 0 0 0 0 0 0 0 0 0 0 0 0 0 0 0 29 49 8 8 0 2 12 0 0 1 8 0 15 0 12 2 31 0 0 25 0 9 0 0 0 52 9 0 0 0 0 41 9 0 0 0 0 16 6 0 0 6 0 0 0 0 0 4 0 0 0 0 0 0 1 0 0 0 0 0 0 0 0 0 0 0 0 0 0 0 0 0 0 0 0 0 0 0 0 0 0 14 57 21 0 15 14 0 44 28 20 0 0 8 16 32 1 0 19 18 26 27 1 0 0 11 9 0 0 0 0 13 3 10 0 0 0 6 19 0 0 0 0 0 0 0 0 0 0 0 7 0 0 0 0 0 0 0 12 0 0 1 0 0 15 0 0 0 0 0 0 0 0 0 0 0 0 0 0 0 0 2 0 0 0 0 0 0 0 
 2 2 0 0 55 0 0 2 0 0 0 3 0 3 0 0 0 0 2 0 0 46 0 0 0 6 0 0 3 0 0 0 0 6 0 0 0 0 0 5 122 180 117 242 315 126 180 288 138 0 212 89 120 131 306 307 52 36 81 147 0 0 2 2 0 0 0 4 1 1 0 0 0 0 0 0 0 0 1 2 0 0 0 0 0 0 0 0 0 0 0 0 0 0 0 9 0 0 0 0 0 0 0 1 3 0 0 9 0 0 14 4 0 0 0 5 0 0 0 0 0 0 14 1 10 4 5 0 0 10 2 25 0 0 17 1 37 1 0 0 21 0 0 0 0 0 8 0 0 0 0 0 10 0 0 0 0 0 9 0 0 0 0 0 0 0 0 0 0 0 0 0 0 0 0 0 0 0 0 0 0 6 0 0 4 13 0 0 0 0 5 36 0 0 0 0 0 8 12 0 9 0 12 12 12 22 0 0 14 12 1 10 0 0 71 7 1 22 0 12 0 20 0 11 0 0 1 21 0 0 0 0 14 21 1 0 0 0 1 22 0 0 0 0 0 0 0 0 0 0 0 0 12 2 0 0 0 0 4 0 0 0 67 69 2 2 2 4 0 0 6 0 0 0 0 0 0 0 0 0 0 0 0 0 6 0 0 1 2 0 
 3 6 3 3 3 5 3 6 3 3 3 0 4 3 3 3 3 3 3 3 0 0 0 0 0 0 0 0 0 0 48 0 0 0 0 62 0 0 0 0 235 78 67 58 94 73 274 175 45 212 0 164 140 56 265 141 178 150 29 86 0 0 0 0 5 0 51 0 3 0 0 0 0 0 0 0 0 0 50 0 0 0 0 0 0 0 0 0 0 0 0 0 0 0 0 0 0 0 0 0 0 0 0 0 0 0 0 0 0 0 0 0 0 0 0 0 0 0 0 0 0 0 1 0 14 9 0 3 10 9 34 24 0 0 19 14 25 14 0 0 19 0 0 0 13 0 1 19 0 0 0 0 0 0 0 0 0 0 0 10 0 0 0 0 0 0 0 0 0 0 0 0 0 0 0 0 0 0 0 0 0 0 0 0 0 0 0 0 0 0 0 0 0 0 0 0 0 0 0 0 14 0 0 39 19 12 10 0 7 16 10 9 0 9 58 21 9 0 0 0 11 8 0 0 0 0 0 15 0 9 0 0 31 12 1 0 0 8 0 16 0 0 0 0 0 0 0 0 0 0 0 5 0 0 0 0 0 0 0 11 0 0 4 2 4 2 0 0 0 0 18 0 0 0 0 0 0 0 0 0 0 0 0 0 12 0 0 0 0 0 
 0 0 0 0 0 0 0 0 0 0 1 2 0 2 7 2 3 0 1 0 0 0 0 0 0 0 0 0 0 3 5 0 0 0 0 1 0 0 0 0 31 138 40 108 89 114 31 177 39 89 164 0 48 40 25 99 151 431 31 72 0 0 0 0 0 0 0 0 0 0 0 0 54 0 0 0 0 0 0 96 0 0 0 0 0 0 0 0 0 0 0 0 0 0 0 0 0 0 0 0 0 0 0 0 0 0 0 0 0 0 0 0 0 0 0 0 0 0 0 0 0 0 1 35 36 28 0 0 0 35 17 40 0 0 0 0 19 20 0 0 0 0 1 0 0 5 74 0 0 0 0 0 0 9 0 0 0 0 14 6 0 0 1 0 0 0 0 0 6 0 0 0 0 0 0 1 0 0 0 3 0 0 0 0 0 0 0 0 0 0 0 0 0 0 0 0 0 0 0 0 0 0 0 22 0 57 0 0 20 0 13 9 0 0 8 7 13 19 0 0 11 31 12 0 0 0 10 8 0 0 0 0 24 35 10 0 0 0 19 10 0 0 0 0 0 0 0 0 1 0 0 13 0 0 0 0 0 0 0 25 0 0 2 0 0 10 0 0 2 0 0 0 0 0 0 0 0 0 0 0 0 0 0 0 0 0 0 18 0 0 
 0 0 0 0 0 0 22 0 0 0 0 1 0 2 5 0 1 0 0 0 2 1 1 5 2 64 2 2 2 4 133 1 1 1 0 1 2 0 1 64 100 57 281 73 77 127 349 155 75 120 140 48 0 198 53 158 45 308 241 201 0 0 0 0 0 9 0 0 0 0 6 4 1 2 0 0 0 0 0 0 0 0 0 0 0 0 0 0 0 0 0 0 7 0 0 0 0 0 0 0 0 0 0 14 1 0 0 0 0 0 0 9 0 0 0 0 0 18 0 0 10 11 0 0 0 5 9 42 47 0 20 22 0 5 59 40 33 0 0 9 0 0 0 0 5 1 0 25 0 0 0 0 0 0 0 0 0 0 25 0 0 0 0 0 0 0 0 0 0 0 0 0 0 0 1 0 0 0 0 0 0 0 0 0 11 14 0 0 0 0 0 0 0 0 0 0 0 0 0 0 17 23 10 1 11 0 3 25 15 9 16 3 38 27 35 13 9 16 1 17 0 0 0 0 5 0 27 1 0 0 0 0 0 2 0 0 0 0 0 7 0 0 0 0 0 0 0 0 0 0 0 10 0 0 0 0 0 61 0 0 0 0 36 64 2 2 0 0 0 0 13 0 0 0 0 0 0 0 0 0 0 0 0 0 1 1 0 0 0 0 
 3 3 3 3 3 3 3 3 3 3 3 0 3 3 3 3 3 3 3 3 2 26 2 2 2 65 2 2 2 2 64 2 65 2 2 2 2 66 2 2 206 319 81 96 80 273 195 204 115 131 56 40 198 0 92 278 111 103 322 116 1 0 0 0 1 6 13 6 0 0 0 3 0 0 2 15 3 0 0 0 0 0 0 0 0 0 0 0 0 0 0 7 0 0 0 0 0 0 0 0 0 0 0 13 1 0 0 0 0 0 0 17 0 0 0 0 0 19 0 0 9 8 2 13 0 0 7 44 20 13 0 34 14 3 33 27 42 1 1 30 2 0 0 0 0 0 0 13 0 0 0 0 0 27 1 0 0 7 0 5 0 0 0 0 0 0 0 0 0 0 8 0 0 0 3 0 0 0 1 0 0 0 0 0 8 14 0 0 0 0 0 0 0 0 0 0 0 0 0 0 12 19 12 8 9 4 0 16 9 30 19 0 1 51 19 31 19 0 17 14 4 0 0 0 0 0 0 0 6 0 9 1 0 0 3 4 2 0 0 0 0 0 10 0 0 0 0 0 0 0 0 5 0 0 0 0 0 63 0 0 0 0 4 0 0 0 13 0 0 0 13 0 0 0 0 0 0 0 0 0 0 0 0 0 0 37 0 0 0 0 
 2 2 3 2 2 1 2 2 3 0 2 3 1 101 2 5 4 3 2 2 0 0 2 0 0 62 0 0 0 2 0 0 0 0 0 0 0 0 2 0 54 177 87 105 98 314 85 74 114 306 265 25 53 92 0 70 54 386 119 91 0 0 0 2 10 0 98 0 0 0 0 0 0 9 0 0 0 0 21 3 0 0 0 0 0 0 0 0 0 68 0 0 0 0 0 0 0 0 0 0 0 0 0 0 0 0 0 0 0 0 0 0 0 0 0 0 0 0 0 0 9 0 16 26 7 0 1 20 0 0 0 0 11 14 11 22 1 0 0 0 72 0 5 0 0 0 15 0 1 0 0 0 12 9 0 0 0 0 24 0 0 0 9 0 0 0 0 0 0 0 0 0 0 0 0 6 0 0 0 0 0 0 0 0 0 13 0 0 0 0 0 0 0 0 0 0 0 0 0 0 16 7 36 20 40 0 14 0 13 27 0 15 0 0 0 0 0 17 0 42 17 40 0 0 0 0 21 1 0 0 0 0 4 21 0 0 0 0 7 16 0 0 0 0 0 0 0 0 0 0 0 8 0 1 0 0 0 0 1 14 0 0 2 1 2 44 2 0 2 0 12 0 0 0 0 0 0 0 0 0 0 0 3 0 9 0 0 0 0 0 
 0 0 0 0 0 0 0 0 0 0 0 0 2 0 64 3 0 0 2 0 0 4 0 23 0 0 0 0 0 0 0 0 0 0 0 0 0 0 1 0 25 69 290 154 89 128 59 422 148 307 141 99 158 278 70 0 115 237 77 148 0 0 0 0 1 36 0 0 0 0 5 0 0 1 0 0 0 0 0 0 0 0 0 0 0 0 0 0 0 0 0 0 0 0 0 0 9 0 0 0 0 0 0 0 0 0 0 0 0 0 0 0 0 0 0 0 0 0 0 0 1 25 34 14 0 26 0 1 14 20 20 28 0 1 18 12 16 37 0 0 9 0 0 0 0 1 1 6 0 0 0 0 0 1 0 0 0 0 0 1 0 0 0 0 0 0 0 0 0 0 0 0 0 0 0 1 0 0 0 0 0 0 0 0 0 0 0 0 0 0 0 0 0 0 0 0 0 0 0 0 12 0 0 0 49 49 8 0 6 16 28 23 0 8 30 25 35 20 0 1 1 0 0 0 0 0 0 9 0 0 0 0 0 9 1 0 0 0 0 0 0 0 0 0 0 0 0 0 0 0 0 10 0 0 0 0 0 0 0 1 0 0 5 33 0 0 0 0 0 0 13 0 0 0 0 0 0 0 0 0 0 0 0 0 0 0 0 0 0 0 
 0 2 0 0 0 0 0 0 1 0 0 0 0 0 0 0 0 0 1 0 0 0 0 0 64 62 0 0 0 1 0 0 0 0 0 0 0 206 0 0 52 94 171 69 90 68 34 34 81 52 178 151 45 111 54 115 0 193 73 56 1 0 0 0 5 0 0 4 3 0 0 0 3 3 48 0 0 0 62 51 0 0 0 0 0 0 0 0 0 0 0 0 0 0 0 0 0 0 0 0 0 0 0 0 0 0 5 0 0 0 0 0 0 0 0 0 0 0 0 0 0 0 0 1 44 1 62 0 0 21 23 0 10 16 1 10 0 1 0 8 0 1 0 4 0 7 14 2 0 0 0 0 0 21 1 1 0 7 54 19 0 0 2 0 0 0 0 0 3 0 0 0 0 0 0 6 0 0 0 0 0 0 0 0 0 11 1 0 0 0 0 0 0 0 0 1 0 0 0 0 0 6 1 0 0 23 42 11 9 28 20 0 8 23 0 12 12 22 3 0 23 12 10 1 0 1 26 1 2 0 0 1 8 24 17 12 9 0 18 10 0 0 4 0 0 0 0 0 0 0 0 4 0 0 0 0 0 0 0 23 0 0 0 0 1 8 2 0 0 0 1 0 0 0 0 0 0 0 0 0 0 0 0 0 0 20 0 10 0 0 
 0 1 0 0 0 0 0 0 0 61 0 2 0 0 42 0 0 0 0 0 1 4 2 2 5 57 1 1 2 4 2 2 2 2 3 3 3 3 3 2 89 143 51 123 103 291 107 195 167 36 150 431 308 103 386 237 193 0 168 88 0 0 0 0 6 0 0 0 7 0 0 0 6 10 1 0 0 0 0 7 0 0 0 0 0 0 0 0 0 0 0 0 0 0 0 0 8 0 0 0 0 0 0 0 0 0 0 0 0 0 0 0 0 0 0 0 15 0 0 0 0 2 7 28 45 24 8 0 0 10 0 14 11 13 1 27 26 6 0 6 0 0 0 0 0 0 10 12 5 8 0 0 20 11 0 5 0 1 40 10 0 0 3 0 0 0 0 0 6 0 0 0 0 0 0 3 0 0 0 0 0 0 0 0 0 11 0 0 0 0 0 0 0 0 0 0 0 0 0 0 10 8 18 0 39 12 11 19 0 10 29 0 6 10 15 8 19 20 6 0 13 16 0 5 0 0 8 39 0 0 0 0 10 18 0 1 0 0 0 0 0 0 9 0 0 2 0 0 0 0 0 14 0 1 0 0 0 0 0 14 0 1 63 0 0 22 0 1 3 1 3 0 0 0 0 0 0 0 0 0 0 2 0 0 0 10 0 10 0 1 
 0 0 0 0 0 0 0 0 0 0 0 0 0 0 5 0 4 0 0 0 0 0 2 0 62 92 0 1 0 4 0 0 0 0 0 0 0 0 0 0 154 33 124 73 137 67 115 121 158 81 29 31 241 322 119 77 73 168 0 99 0 0 0 0 4 0 0 0 0 0 0 0 0 6 0 0 0 0 0 8 0 0 0 0 0 0 0 0 0 0 0 8 0 0 0 0 0 0 6 0 0 0 0 0 1 0 0 0 0 0 11 0 0 0 0 0 0 0 0 0 11 10 14 28 4 0 8 52 20 13 0 35 34 29 13 36 18 17 1 22 1 0 4 0 0 0 5 5 2 2 0 0 2 0 0 0 0 0 6 0 0 0 0 0 0 0 0 0 0 0 0 0 0 0 3 0 0 0 1 0 0 0 0 0 0 28 0 0 0 0 0 0 0 0 0 0 0 0 0 0 64 8 15 8 3 0 23 20 4 0 4 9 1 13 12 43 50 9 26 22 0 9 0 7 0 0 1 39 0 0 10 0 0 10 0 0 0 0 7 0 0 0 6 0 0 0 0 0 0 0 0 5 0 0 0 0 0 0 0 0 0 0 1 0 0 1 0 0 2 0 0 0 0 0 0 0 0 0 0 0 0 0 0 0 0 0 0 0 0 0 
 0 0 0 0 0 0 11 1 0 0 62 0 1 2 0 0 0 0 0 0 64 0 0 0 0 1 0 0 14 0 57 55 0 0 0 0 0 0 3 0 62 89 44 130 67 91 45 184 301 147 86 72 201 116 91 148 56 88 99 0 0 0 0 0 0 4 0 0 0 0 0 4 3 0 2 53 0 0 0 0 0 0 0 0 0 0 0 0 0 0 0 0 0 0 0 0 0 0 0 21 0 0 0 0 48 0 0 0 0 1 0 0 0 0 0 0 0 0 0 0 14 29 0 18 0 6 4 0 12 16 0 11 9 10 47 37 29 25 9 11 0 0 0 0 0 0 0 6 0 0 0 0 0 0 0 0 0 0 0 0 0 0 0 0 0 0 0 0 0 0 0 0 0 0 3 0 0 0 2 0 0 0 0 0 0 12 0 0 0 0 1 0 0 0 0 0 0 0 0 0 9 13 1 12 12 10 0 14 13 17 6 0 44 0 12 13 18 9 11 0 0 0 0 0 0 0 0 0 0 0 0 0 0 0 0 0 0 0 0 3 0 0 0 0 0 0 0 0 0 19 0 12 0 2 0 0 0 64 0 2 0 0 10 0 0 1 0 0 2 0 9 0 0 0 0 0 0 0 0 0 0 0 0 0 0 0 0 11 2 0 
 0 0 0 0 0 0 0 0 0 0 0 0 0 0 0 0 0 0 0 0 0 0 0 0 0 0 0 0 0 0 0 0 0 0 0 0 2 0 0 0 0 0 0 51 1 0 0 0 0 0 0 0 0 1 0 0 1 0 0 0 0 178 68 178 59 80 102 139 41 42 42 103 57 98 221 101 69 87 85 275 0 0 0 0 0 0 0 0 0 0 0 0 0 0 0 0 0 0 0 0 0 0 0 0 0 0 0 0 0 0 0 0 0 0 0 0 0 0 0 0 0 0 0 0 0 0 0 0 0 0 0 0 0 0 0 0 0 0 0 0 0 18 18 13 1 1 1 1 20 4 0 15 19 2 16 5 29 18 6 0 0 0 0 0 0 0 0 0 0 0 0 0 0 0 0 0 0 0 0 0 0 0 0 0 0 0 0 0 0 0 0 0 0 0 0 0 0 0 0 0 0 0 0 0 0 0 0 0 0 0 0 0 0 0 0 0 0 0 0 0 0 0 9 0 9 23 0 44 0 23 0 9 0 18 0 22 0 9 5 0 8 0 0 0 0 0 0 0 0 0 0 0 0 1 0 0 0 0 0 0 0 0 0 0 0 0 0 0 0 0 2 0 0 4 2 51 0 0 0 0 0 0 0 0 0 1 0 12 0 0 
