 0 175 251 293 41 39 137 268 405 226 136 247 202 91 266 233 150 204 84 418 0 0 0 0 204 1 0 0 0 0 0 0 0 0 0 0 0 0 5 0 3 2 0 3 0 0 0 0 0 0 0 0 0 0 0 3 0 3 2 0 7 0 0 2 0 0 0 0 0 0 0 10 0 0 0 0 0 0 0 0 20 16 0 20 2 1 3 48 14 23 15 0 31 22 9 48 28 0 15 1 0 0 0 0 0 0 0 0 0 0 0 0 0 17 0 0 0 0 0 0 0 0 0 0 0 0 0 0 0 0 0 0 0 0 0 1 0 0 0 0 0 0 0 0 1 0 0 3 0 0 0 0 0 0 0 0 0 0 0 0 17 15 3 4 0 24 0 16 25 44 23 0 17 15 0 13 46 0 26 19 0 0 0 0 0 0 0 0 0 0 0 1 0 17 0 0 0 0 0 6 0 0 0 0 0 0 0 0 0 0 0 0 0 0 0 0 0 0 0 0 0 0 0 0 0 0 0 0 0 0 0 0 0 0 0 0 0 0 0 0 0 14 0 0 0 0 0 0 3 0 18 6 0 0 0 0 0 0 0 0 0 0 0 0 0 0 0 0 0 0 0 0 0 0 0 0 0 0 0 0 0 0 0 0 0 0 0 0 0 0 
 175 0 216 291 349 51 68 171 58 188 44 27 331 81 299 326 95 106 233 41 0 0 2 2 0 2 74 0 0 0 0 0 97 0 0 0 0 0 39 0 3 0 2 3 0 0 0 0 0 5 0 0 0 6 1 5 0 3 2 0 0 0 0 2 0 4 0 0 5 0 0 5 0 6 0 7 0 0 0 0 18 42 39 29 36 13 11 23 9 52 33 37 0 0 17 13 56 0 1 0 3 0 0 0 2 0 3 20 0 0 0 0 0 0 0 0 0 0 0 18 0 0 0 0 0 0 0 0 0 0 0 0 0 0 0 0 0 0 15 0 1 0 0 0 0 0 0 0 0 0 0 0 0 0 0 0 0 0 0 0 14 0 0 17 36 0 0 39 4 19 0 0 0 0 0 21 9 34 36 0 0 0 2 0 0 0 2 0 0 1 0 0 0 12 2 14 0 0 12 10 0 0 0 0 0 0 0 0 0 15 0 0 0 0 19 22 0 0 0 0 0 0 0 0 0 0 0 0 0 0 0 0 0 0 0 0 0 0 0 0 0 0 0 0 0 0 0 1 2 0 12 11 0 0 0 0 0 0 0 0 0 0 0 0 0 0 0 0 0 0 0 0 0 0 0 0 16 31 0 0 0 0 0 0 0 0 0 0 0 0 
 251 216 0 201 51 138 259 271 259 451 229 26 428 49 285 278 131 202 135 232 0 1 6 3 0 0 0 3 0 0 0 0 77 77 0 2 0 0 81 19 4 0 4 3 2 0 0 8 0 0 0 0 0 0 4 3 25 2 3 0 0 2 0 3 4 1 0 0 1 0 0 35 0 0 2 0 0 3 3 2 13 30 0 16 2 1 11 33 18 37 24 13 0 19 3 20 1 17 19 14 2 0 0 0 0 0 11 0 0 0 0 1 0 0 0 0 0 0 0 1 0 0 0 0 0 0 0 0 0 0 0 0 0 0 0 0 0 0 0 0 0 0 0 0 0 15 0 0 0 0 0 0 0 0 0 0 0 0 0 0 14 25 46 3 0 22 18 11 38 10 29 0 14 37 24 0 53 3 19 18 0 0 0 0 0 0 0 13 0 0 0 0 0 1 0 16 0 0 2 0 2 0 0 0 12 0 0 0 0 1 0 0 0 0 0 0 0 0 0 0 0 0 0 0 1 0 0 0 0 0 0 0 0 0 0 0 0 0 0 0 0 11 0 0 0 1 2 2 1 2 16 7 0 0 0 0 0 0 0 0 0 0 0 0 0 2 0 0 0 0 0 0 0 0 0 6 0 0 0 0 0 0 0 0 0 0 0 0 0 0 
 293 291 201 0 305 130 238 121 141 308 486 52 229 116 66 692 130 227 288 186 0 0 0 0 209 2 0 0 0 0 0 3 77 0 0 0 0 0 2 0 3 0 0 3 0 0 0 0 0 0 0 0 6 0 0 3 0 2 3 0 2 0 0 3 0 0 0 0 0 0 0 0 0 0 1 0 0 0 0 0 37 18 13 34 0 0 1 1 23 24 53 19 9 28 27 22 23 32 17 17 3 2 0 0 0 0 0 0 0 1 0 0 0 0 2 2 0 0 0 0 0 0 0 0 0 0 0 0 0 0 8 0 0 0 0 0 0 2 0 0 0 0 0 11 0 0 0 0 12 0 0 0 0 0 0 0 0 0 0 0 0 21 27 16 1 44 31 29 29 1 19 0 20 24 20 55 13 9 0 2 2 0 0 0 0 0 0 0 0 0 0 0 26 15 0 19 0 0 30 5 0 0 0 2 0 0 0 1 0 0 0 7 0 0 1 0 0 0 0 0 0 0 0 0 0 0 0 0 0 0 0 0 0 10 0 0 0 0 0 0 0 0 0 0 0 0 1 2 101 1 2 4 14 0 0 0 0 0 0 0 0 0 0 0 0 0 0 0 0 0 0 0 0 2 0 11 0 0 0 0 0 0 0 0 0 0 0 0 0 0 
 41 349 51 305 0 215 51 83 59 145 136 223 65 136 115 155 228 113 360 80 148 1 1 209 0 0 37 0 1 0 0 0 80 74 86 0 0 1 105 148 2 0 0 3 0 0 0 0 0 0 0 0 0 0 0 3 0 2 3 0 0 0 0 3 48 0 0 0 0 0 5 0 0 0 3 31 44 0 0 0 12 0 11 21 52 29 0 0 2 1 19 0 0 17 32 0 0 37 0 16 20 26 11 7 0 0 16 28 22 0 0 0 14 0 11 0 21 0 36 12 0 54 0 12 20 0 0 0 0 0 0 0 0 0 0 0 0 0 0 0 0 0 0 0 0 0 0 0 0 0 0 0 0 0 0 0 0 0 0 0 0 14 6 1 13 13 0 0 0 19 19 14 0 0 37 24 0 11 0 0 1 0 1 0 0 1 13 15 0 15 0 0 0 0 8 0 0 0 31 34 0 0 0 0 0 0 0 0 0 0 0 0 0 0 0 0 0 0 0 0 0 0 0 0 0 0 0 0 0 0 0 0 0 0 0 0 0 0 0 0 0 0 0 0 0 7 12 0 3 17 1 12 0 0 0 0 0 0 0 0 0 0 0 0 0 0 0 0 0 0 0 0 0 0 0 0 0 0 0 0 0 0 0 0 0 0 0 0 0 0 
 39 51 138 130 215 0 36 36 56 71 98 44 25 93 61 79 166 96 44 52 150 74 74 77 30 4 76 77 75 2 3 0 2 88 155 139 3 0 77 2 3 0 0 3 1 0 0 0 1 0 5 0 0 0 0 8 6 6 2 0 3 0 3 2 0 0 1 0 4 3 0 0 1 2 0 2 0 2 0 3 1 0 0 11 12 25 0 0 1 0 10 0 1 0 19 0 2 25 0 18 18 0 16 0 2 0 65 0 2 13 1 0 9 1 32 10 35 0 43 12 0 0 2 10 0 0 0 0 0 0 0 0 0 0 0 0 0 12 0 0 0 0 1 0 0 0 0 0 0 0 0 0 0 0 0 0 0 0 1 0 0 14 16 18 0 0 14 0 0 0 19 11 1 0 11 0 0 20 0 0 48 12 0 15 0 9 19 35 8 18 2 0 25 18 2 0 44 12 33 15 0 0 0 0 0 0 0 0 0 0 0 0 0 0 6 0 0 0 0 0 0 0 0 0 0 0 0 0 0 13 8 0 0 0 0 0 0 0 0 0 0 0 0 0 0 0 180 0 0 1 2 0 0 0 0 0 0 1 0 0 0 0 16 0 0 0 0 0 0 0 0 0 0 0 4 0 0 18 0 0 0 0 0 0 0 0 0 0 0 0 
 137 68 259 238 51 36 0 252 453 282 168 286 325 176 137 132 123 43 37 162 0 0 1 0 2 2 1 0 0 2 0 0 0 0 0 0 0 0 1 0 5 0 0 3 0 0 5 0 0 0 0 0 0 0 0 3 2 2 3 0 2 2 0 5 0 0 1 0 0 0 0 0 0 0 2 0 0 0 0 0 12 0 15 11 0 0 0 2 54 13 31 8 52 22 0 69 14 20 0 46 0 0 0 0 0 0 0 13 0 0 13 0 0 0 0 0 0 0 0 0 0 0 0 0 0 0 0 0 0 0 0 0 0 0 0 0 0 0 0 2 2 0 0 0 0 0 1 0 0 0 0 0 0 0 0 0 0 0 2 0 0 19 15 3 1 0 42 11 35 0 82 0 10 14 11 4 35 0 0 10 0 0 1 0 0 0 15 0 0 2 0 0 0 0 0 0 0 0 18 0 0 0 0 0 0 0 0 0 0 0 0 0 0 0 0 1 0 0 0 0 0 0 0 0 0 0 0 0 0 0 0 0 2 0 0 0 0 0 0 1 0 18 0 0 0 2 0 2 2 2 2 4 14 0 0 0 0 0 0 0 1 0 0 0 0 0 0 0 0 0 0 0 0 0 0 18 4 0 0 0 0 0 0 0 0 0 0 0 0 0 
 268 171 271 121 83 36 252 0 258 271 157 124 422 55 225 152 327 27 47 262 0 0 0 0 0 2 2 0 0 0 0 2 74 0 0 0 0 0 76 0 3 0 0 3 0 0 4 0 0 0 0 0 0 0 0 6 0 4 3 0 0 0 0 3 2 0 0 0 0 0 0 0 0 0 1 0 0 0 0 0 22 0 16 26 9 15 12 46 48 16 36 0 18 10 6 45 45 9 0 34 0 10 0 0 2 0 0 0 0 0 0 0 1 0 0 0 1 0 0 1 0 0 0 0 0 0 0 14 0 0 0 0 0 0 0 8 0 0 0 3 0 0 1 0 0 0 0 3 0 0 0 0 1 0 0 0 0 0 1 0 1 1 0 1 6 20 18 12 22 17 19 0 28 1 11 3 12 1 0 9 0 0 2 0 0 0 0 0 0 1 1 0 0 16 2 0 0 0 17 22 0 7 0 0 0 0 0 0 0 0 0 0 0 6 0 0 0 0 0 0 0 0 0 0 0 0 0 0 0 0 0 0 0 0 0 0 0 0 0 0 0 14 0 0 0 1 4 0 0 0 9 12 16 0 0 0 0 0 0 0 0 0 0 0 0 0 0 0 0 0 0 0 0 0 0 0 11 0 0 0 0 0 0 0 0 0 0 0 0 0 
 405 58 259 141 59 56 453 258 0 483 237 118 162 409 77 323 174 23 248 76 0 1 0 0 0 8 0 0 1 0 2 0 3 1 2 0 0 1 3 1 2 0 0 3 0 2 0 0 0 0 0 0 0 0 0 3 0 2 6 0 0 1 0 3 0 3 0 4 0 0 1 11 3 0 5 7 0 0 0 3 10 35 14 0 1 0 10 31 30 22 11 29 14 1 0 11 65 3 10 26 0 17 0 0 0 0 0 0 0 0 0 0 0 0 0 0 0 0 0 19 0 0 0 0 1 0 0 0 0 0 0 0 0 0 0 0 0 0 0 0 0 0 0 0 0 0 0 0 0 0 0 0 20 0 0 0 0 0 0 0 0 28 0 2 1 0 16 21 22 14 10 0 9 23 10 0 37 9 51 10 0 0 0 0 0 0 0 0 2 0 0 0 0 0 0 0 0 0 0 0 0 0 0 0 0 0 0 0 0 0 0 0 0 0 0 0 0 0 0 0 0 0 0 0 0 0 0 0 0 0 0 0 0 0 1 0 0 0 2 0 0 23 0 0 0 0 0 0 0 0 1 12 26 4 0 0 0 0 0 0 0 0 23 0 0 0 0 0 0 1 0 0 0 0 0 0 10 0 0 0 0 0 0 0 0 0 0 0 0 0 
 226 188 451 308 145 71 282 271 483 0 115 204 262 316 460 195 285 129 204 192 4 1 6 0 0 0 0 0 38 0 0 67 4 1 0 0 4 0 81 0 2 0 0 3 0 4 0 0 0 0 0 0 0 4 0 3 0 2 3 0 0 0 0 3 0 4 3 0 0 0 0 0 0 0 8 0 0 0 27 0 49 1 25 10 20 18 0 24 58 26 18 44 23 1 8 54 45 9 12 39 0 0 1 0 0 0 0 0 0 0 0 0 0 0 0 0 0 0 0 0 0 0 0 0 0 0 0 0 0 0 0 0 0 0 2 0 0 0 0 1 0 0 0 0 0 0 0 0 0 0 0 0 0 0 0 0 0 0 0 0 0 14 20 2 12 1 25 0 56 21 71 0 8 9 0 10 85 0 44 10 15 0 0 0 0 0 1 0 0 0 0 0 0 29 0 0 4 0 0 32 0 0 0 0 0 1 0 0 0 0 0 0 0 0 0 0 0 8 0 0 0 0 2 0 0 0 0 1 0 0 0 0 1 0 0 0 0 0 0 0 0 1 0 0 0 2 0 0 0 0 21 30 15 0 0 0 0 0 0 0 2 0 0 0 0 0 0 0 0 0 0 0 0 0 0 16 10 0 0 0 0 0 0 0 0 0 0 0 0 0 
 136 44 229 486 136 98 168 157 237 115 0 224 74 224 211 142 240 269 41 157 75 0 80 0 75 37 0 0 0 16 2 0 0 73 0 0 0 0 195 1 3 0 0 127 0 2 0 0 0 0 0 0 0 0 0 3 0 2 6 0 0 0 0 2 1 5 0 2 0 0 0 0 0 0 0 3 2 2 0 0 11 1 0 15 39 31 0 0 33 13 15 0 14 20 0 29 14 29 16 0 2 10 8 9 0 0 23 0 0 0 0 0 0 17 0 0 0 0 0 2 0 0 0 0 0 0 0 0 0 0 1 0 0 0 0 0 0 0 0 0 0 0 0 0 0 0 0 0 0 0 0 2 0 0 0 0 0 0 0 0 0 28 37 30 1 0 29 0 37 0 31 0 8 16 0 20 35 25 17 12 0 1 0 0 0 0 0 19 0 0 0 0 2 0 5 1 0 0 1 28 0 0 0 0 0 0 0 0 0 2 0 0 2 0 0 0 0 0 0 0 0 0 0 0 0 0 0 0 0 0 0 0 0 0 0 0 0 0 0 1 0 0 0 0 2 0 0 0 88 84 1 14 26 0 0 0 0 0 0 0 0 0 0 2 0 0 0 0 0 0 0 0 0 0 0 11 0 0 0 0 0 0 0 0 0 0 0 0 0 0 
 247 27 26 52 223 44 286 124 118 204 224 0 249 47 127 257 113 119 43 48 57 0 74 1 0 0 152 0 3 1 0 0 47 0 0 0 0 0 157 39 3 64 0 5 57 0 0 0 2 0 0 0 0 0 0 3 0 3 4 0 2 0 0 2 1 0 0 1 0 0 0 0 0 0 0 0 0 2 0 0 9 1 24 69 9 76 0 0 19 0 10 0 9 34 24 27 13 7 0 32 12 0 0 0 0 0 25 0 20 1 0 0 53 22 13 0 27 0 11 0 0 0 0 11 0 0 0 0 0 0 0 0 0 0 0 0 0 0 0 0 0 0 0 0 0 0 0 0 0 0 0 0 0 0 0 0 0 0 0 0 0 0 31 24 28 9 11 0 11 20 0 0 6 0 10 23 2 4 0 0 0 14 42 0 0 0 16 0 0 0 0 0 9 11 0 0 0 0 56 1 0 0 0 0 0 0 0 0 0 0 0 0 0 0 0 0 0 0 0 14 0 0 0 0 0 0 0 0 0 0 0 0 0 0 0 0 0 0 0 0 0 0 0 0 0 4 92 2 0 0 0 10 13 0 0 0 0 0 0 0 0 0 0 0 0 0 0 0 0 0 0 0 0 0 0 0 20 0 0 0 0 0 0 0 0 0 0 0 0 0 
 202 331 428 229 65 25 325 422 162 262 74 249 0 167 71 80 33 115 62 213 0 1 0 0 0 0 0 0 0 76 0 0 0 1 0 0 0 0 2 0 2 0 0 2 0 0 0 0 0 0 0 0 0 0 0 3 0 2 3 0 0 0 0 3 0 0 0 0 0 0 0 2 0 0 3 0 0 0 0 0 18 25 9 0 0 0 27 38 0 0 0 17 14 0 6 10 0 2 22 0 0 0 0 0 0 0 0 0 0 0 0 0 0 0 0 0 0 0 0 0 0 0 0 7 0 0 0 0 0 0 0 0 0 0 0 0 0 0 0 0 0 0 0 0 0 0 0 0 0 0 0 0 0 0 0 0 0 0 0 0 75 34 33 25 0 10 30 7 17 35 10 25 33 0 0 9 10 9 13 10 0 0 0 0 0 0 0 0 0 0 0 0 0 0 0 0 0 0 0 0 0 0 0 0 0 0 0 0 0 0 0 0 0 0 0 0 0 0 0 0 0 0 0 0 0 0 0 0 0 0 0 0 0 0 0 0 0 0 0 0 0 0 0 0 0 1 1 0 101 1 0 4 0 0 0 0 0 0 0 0 0 0 0 0 0 0 0 0 0 0 0 0 0 0 0 42 0 0 0 0 0 0 0 0 0 0 0 0 0 0 
 91 81 49 116 136 93 176 55 409 316 224 47 167 0 260 116 318 142 215 168 0 1 9 0 0 0 2 0 0 0 0 0 0 0 0 0 0 0 0 0 2 0 0 2 0 2 0 0 0 0 0 0 0 0 62 3 0 2 6 0 0 0 0 3 0 3 0 2 0 0 0 0 0 0 3 3 0 0 0 0 30 25 47 7 22 0 0 5 29 28 49 51 28 14 18 2 10 22 7 16 0 2 0 0 0 15 7 0 0 0 0 0 0 0 0 0 0 0 13 19 0 0 0 0 0 0 0 0 0 10 0 0 0 0 0 0 0 2 0 0 0 0 0 0 0 0 0 0 0 0 0 0 0 0 0 0 0 0 0 0 0 29 1 28 16 0 16 1 1 4 14 0 0 50 9 6 18 95 10 0 0 0 0 0 0 0 0 0 0 0 0 0 0 0 0 0 0 0 13 9 0 0 0 0 0 0 0 0 0 0 0 0 0 0 1 0 0 0 0 0 0 0 0 0 0 0 0 0 0 0 22 0 0 0 0 0 1 0 0 0 0 0 0 0 0 0 0 0 6 0 1 6 0 0 0 0 0 0 0 0 0 0 0 0 0 0 0 0 0 0 0 0 0 0 0 2 0 0 0 0 0 0 0 0 0 0 0 0 0 0 
 266 299 285 66 115 61 137 225 77 460 211 127 71 260 0 138 209 47 77 98 0 0 0 1 0 34 0 0 0 0 0 3 2 0 0 0 2 0 93 42 64 0 0 3 0 0 39 0 0 6 0 0 0 0 0 3 0 2 3 0 2 0 0 3 0 0 0 0 0 0 0 3 0 0 1 0 0 0 0 0 11 1 18 0 2 2 19 8 0 0 7 0 1 46 15 10 7 0 0 13 0 0 0 0 0 0 0 0 0 0 0 0 0 1 0 0 2 0 2 0 0 0 0 0 0 0 0 0 0 0 0 0 0 0 0 0 1 0 0 0 0 0 0 0 0 0 0 3 18 3 0 0 2 0 2 0 0 0 0 0 25 0 0 3 14 2 0 35 0 12 0 0 0 16 10 0 2 0 0 0 0 0 0 0 0 0 0 0 2 0 0 0 0 0 0 0 0 0 0 0 0 0 0 0 0 0 0 0 0 0 0 0 0 0 0 0 0 0 0 0 0 0 0 0 0 0 0 0 0 0 0 0 0 0 0 0 0 0 0 0 0 0 0 0 0 0 2 1 1 0 0 9 0 0 0 0 0 0 0 0 0 0 0 0 0 0 0 0 0 0 0 0 0 0 0 0 10 0 0 0 0 0 0 0 0 0 0 0 0 0 
 233 326 278 692 155 79 132 152 323 195 142 257 80 116 138 0 184 193 82 158 2 1 3 2 3 2 0 38 0 0 0 3 2 0 0 41 2 3 76 0 2 1 9 3 0 2 0 3 0 0 0 0 0 2 0 3 0 11 3 0 0 0 0 3 0 5 2 0 4 0 3 5 0 4 8 5 0 1 0 0 1 34 14 22 9 15 7 33 59 45 23 6 0 22 7 21 38 10 19 22 3 0 0 0 0 0 0 0 0 0 17 0 1 0 0 10 1 0 0 1 0 0 2 16 0 0 0 0 0 0 0 0 0 0 0 0 0 0 27 0 0 0 1 0 0 0 0 0 0 0 0 0 0 0 0 0 0 1 0 0 14 28 15 1 7 0 10 12 45 10 42 0 0 49 13 0 50 15 19 21 0 0 0 0 0 0 0 0 0 0 2 0 0 16 0 39 0 0 5 21 0 0 0 0 0 0 0 14 0 0 0 0 0 1 14 0 0 0 0 0 0 0 0 0 0 0 0 0 0 0 0 0 0 0 0 0 0 0 0 0 0 11 0 0 0 0 0 2 2 0 11 9 0 0 0 0 0 0 0 0 0 0 0 0 0 0 0 0 0 0 0 0 0 0 0 20 1 0 0 0 0 0 0 0 0 0 0 0 0 0 
 150 95 131 130 228 166 123 327 174 285 240 113 33 318 209 184 0 89 119 36 207 1 1 0 0 0 0 0 0 1 0 0 0 0 1 0 0 2 0 0 2 0 0 3 0 0 0 2 0 3 0 0 0 0 0 5 5 67 3 0 0 0 0 3 0 0 0 4 0 0 0 0 0 5 2 0 5 0 0 0 15 10 64 0 38 0 0 0 37 45 33 56 0 28 17 1 22 11 0 18 0 0 0 0 0 0 0 15 0 0 0 0 0 0 0 0 11 0 20 14 0 0 0 0 0 0 0 2 6 0 0 2 0 0 0 0 0 0 0 0 0 0 0 0 0 0 0 0 0 0 15 0 0 0 0 0 0 0 0 0 0 23 28 43 11 0 14 0 15 12 36 2 0 20 0 1 21 42 27 0 0 0 0 0 0 0 0 1 0 0 0 0 0 0 0 0 0 0 0 10 0 0 1 0 0 0 0 0 0 0 0 2 0 0 0 0 0 0 0 0 1 0 0 0 0 0 0 0 0 0 0 0 0 0 0 0 0 15 0 0 0 0 0 0 0 1 2 2 86 1 1 7 0 0 0 0 0 0 0 0 0 1 0 0 0 2 0 0 0 0 0 0 0 0 4 22 2 0 0 0 0 0 0 0 0 0 0 0 0 0 
 204 106 202 227 113 96 43 27 23 129 269 119 115 142 47 193 89 0 132 39 1 3 0 0 0 6 73 2 6 0 0 0 100 0 2 0 0 0 100 0 6 0 2 3 0 0 0 1 0 0 0 0 0 0 0 3 2 2 3 2 3 3 0 3 62 3 0 0 0 3 0 3 0 0 1 2 0 0 0 3 10 26 20 26 27 30 0 11 22 9 26 0 24 50 46 1 32 7 10 1 10 0 18 0 0 0 21 0 1 0 0 0 0 18 14 0 22 0 0 0 0 0 12 21 0 0 0 0 0 8 0 0 0 0 0 0 0 0 0 0 0 0 0 0 0 0 0 0 0 0 0 0 0 0 0 0 0 0 0 0 0 18 2 29 0 0 5 0 10 15 7 39 9 15 0 9 2 6 17 11 0 0 0 0 0 0 0 0 0 10 0 0 1 0 0 1 0 0 10 36 0 0 0 0 0 0 0 0 0 0 0 0 0 0 0 0 0 0 0 0 0 0 0 0 0 0 0 0 0 0 0 0 0 0 12 0 0 0 0 0 0 0 0 0 0 0 90 0 84 0 4 6 16 0 0 0 0 0 0 0 0 0 0 0 0 0 0 0 0 0 0 0 0 0 0 0 2 18 0 0 0 0 0 0 0 0 0 0 0 0 
 84 233 135 288 360 44 37 47 248 204 41 43 62 215 77 82 119 132 0 293 0 1 0 0 0 0 0 0 0 0 0 0 0 0 0 0 0 0 3 0 2 0 0 3 0 0 0 0 0 0 0 0 0 0 0 3 0 2 42 0 0 0 0 3 0 0 0 0 0 0 43 4 43 0 3 55 0 0 0 0 1 34 0 0 0 0 31 26 1 11 0 10 7 2 31 0 8 0 16 56 0 0 7 0 0 0 0 16 0 0 0 0 0 0 0 0 0 0 0 0 0 0 0 0 1 0 0 0 0 0 0 0 0 0 0 0 0 0 0 0 0 12 0 0 0 0 0 0 0 25 0 0 20 0 0 0 0 0 0 0 27 13 0 0 14 0 0 1 0 20 0 0 0 58 81 0 12 0 28 30 0 0 0 0 0 0 0 0 0 0 0 0 0 0 0 0 1 0 0 0 0 0 0 0 0 0 0 0 1 0 0 0 0 0 0 0 1 0 9 12 0 0 0 0 0 0 0 0 0 0 0 0 0 2 1 0 0 0 0 0 0 0 0 0 0 1 2 0 1 0 0 12 0 0 0 0 0 0 0 0 0 0 0 0 0 0 0 0 0 1 0 0 0 0 0 0 0 0 0 0 0 0 0 0 0 0 0 0 0 0 
 418 41 232 186 80 52 162 262 76 192 157 48 213 168 98 158 36 39 293 0 2 1 3 0 0 76 1 1 1 0 0 1 0 0 0 0 76 2 1 0 2 64 0 3 0 2 0 0 0 0 0 0 0 2 0 3 0 2 3 0 0 0 0 3 0 2 1 0 0 0 0 0 4 0 6 0 0 0 0 0 33 8 0 7 0 0 37 39 11 10 24 13 23 0 11 34 24 8 0 46 0 0 1 0 0 0 0 0 0 0 0 0 0 0 0 0 0 0 0 0 0 0 0 0 0 21 0 0 0 0 0 0 0 0 2 0 0 2 0 0 0 0 0 0 0 0 0 0 0 0 15 0 0 0 0 0 10 0 0 0 9 27 21 2 1 18 25 36 40 19 16 1 19 18 21 12 17 0 11 0 0 0 0 0 0 0 0 0 0 0 0 0 0 0 0 0 0 0 15 0 0 0 0 0 0 0 0 0 0 2 0 0 0 0 0 0 0 0 0 0 0 0 2 0 0 0 0 0 0 1 0 0 0 0 0 0 0 0 0 0 0 13 0 0 0 0 2 0 2 2 0 3 17 0 2 0 0 0 0 0 1 0 0 0 0 0 0 0 0 0 0 0 0 0 0 9 0 0 0 0 0 0 0 0 0 0 0 0 0 0 
 0 0 0 0 148 150 0 0 0 4 75 57 0 0 0 2 207 1 0 2 0 74 459 59 126 56 67 124 88 106 55 113 95 108 167 33 105 35 105 45 0 0 2 0 0 0 0 0 0 0 0 0 0 0 0 0 2 0 3 2 5 3 0 3 3 1 0 0 0 3 0 3 3 0 0 0 0 0 0 22 0 0 0 0 15 62 0 0 0 0 0 0 0 0 0 0 0 13 0 0 35 14 28 6 0 1 38 0 42 15 10 13 5 18 28 21 14 11 12 40 0 0 0 9 0 0 0 0 2 0 0 0 0 0 0 0 0 0 0 0 0 0 0 0 0 0 0 0 0 0 0 0 0 0 0 0 0 0 0 0 0 0 2 0 15 12 0 0 0 0 1 0 0 0 0 0 0 13 0 0 63 24 17 25 0 0 13 10 0 13 10 0 39 34 25 0 9 8 17 18 0 0 1 0 0 0 0 0 0 0 0 0 0 0 0 0 0 0 1 18 0 3 0 0 0 0 0 0 0 0 0 0 0 0 0 0 0 0 0 0 0 0 0 0 0 0 142 0 2 74 0 0 0 0 6 0 1 0 0 0 2 0 8 0 0 0 0 0 0 0 0 0 0 0 0 0 0 0 0 0 0 0 0 0 0 0 16 0 0 0 
 0 0 1 0 1 74 0 0 1 1 0 0 1 1 0 1 1 3 1 1 74 0 67 87 24 42 209 314 42 178 34 118 323 22 124 382 179 28 34 59 0 0 0 0 0 0 0 0 0 0 0 0 0 0 0 3 0 0 4 63 2 0 0 3 3 0 0 0 0 35 0 3 3 3 0 3 0 0 0 3 0 0 0 0 0 0 0 0 0 0 0 0 0 0 0 0 0 0 0 0 27 0 22 10 38 0 0 25 34 8 13 9 10 14 13 58 0 2 9 13 0 0 0 0 0 0 0 0 0 0 0 0 0 12 0 0 0 0 18 14 0 5 0 0 31 0 0 0 0 0 0 0 0 0 0 0 0 0 0 0 0 0 0 0 0 11 0 2 0 0 0 0 0 0 0 0 0 0 0 0 0 0 34 15 0 0 14 1 27 11 12 25 0 18 46 0 19 6 1 0 0 0 0 0 0 0 1 0 0 0 0 0 0 0 0 0 0 0 0 12 0 0 0 0 0 0 0 0 0 0 0 0 0 0 0 0 0 0 0 0 0 0 0 0 0 0 7 0 0 0 0 0 0 0 0 0 1 2 0 0 3 0 0 0 0 0 13 0 0 0 0 0 0 0 0 0 0 0 0 21 0 17 0 0 0 0 0 0 0 0 
 0 2 6 0 1 74 1 0 0 6 80 74 0 9 0 3 1 0 0 3 459 67 0 307 350 51 519 288 178 204 124 311 264 315 134 122 274 172 29 104 0 0 0 11 0 0 0 0 0 0 0 206 23 0 0 0 6 0 64 1 2 1 1 1 3 0 0 2 0 1 29 2 3 0 0 0 0 0 0 3 0 0 0 0 1 13 0 13 0 0 0 0 0 0 0 0 0 0 0 0 9 9 23 48 21 24 0 0 14 14 11 13 6 13 22 0 9 11 35 0 13 1 0 0 0 0 0 0 0 0 0 0 14 12 16 0 63 0 20 0 0 20 0 0 0 0 0 0 0 0 0 0 0 0 0 0 0 0 0 0 0 0 0 0 20 0 0 0 0 0 0 0 0 0 0 0 0 0 0 0 1 26 17 0 30 4 9 19 20 0 14 18 16 27 1 76 11 18 0 13 0 0 0 0 0 0 1 24 0 0 0 0 0 5 2 0 0 0 10 25 0 0 0 0 0 0 0 0 0 0 0 0 1 0 0 0 0 0 0 0 0 0 4 0 0 0 0 0 0 1 0 0 0 0 2 1 0 1 45 2 4 21 0 0 0 0 0 0 0 0 0 0 0 0 0 0 0 0 0 0 0 0 0 0 0 0 0 0 0 0 
 0 2 3 0 209 77 0 0 0 0 0 1 0 0 1 2 0 0 0 0 59 87 307 0 132 47 91 74 358 261 383 124 76 159 151 351 358 319 50 42 2 0 4 63 0 0 3 0 0 2 0 0 63 4 62 0 0 0 68 0 2 0 0 1 5 0 0 2 0 5 0 2 3 24 3 6 0 0 0 3 0 0 0 0 0 2 0 0 0 0 0 0 0 0 0 0 0 0 0 0 1 0 0 27 1 23 0 40 41 48 14 20 0 10 1 44 7 11 0 14 18 6 0 0 0 0 0 10 2 0 0 0 0 0 2 0 2 0 0 1 0 0 0 0 0 0 2 0 4 0 0 0 0 0 0 0 0 0 4 0 24 0 0 0 0 0 0 0 0 0 0 3 0 1 0 0 0 45 0 0 6 0 0 0 13 24 5 10 8 14 2 18 0 0 20 19 0 19 0 0 21 0 2 0 0 0 9 16 7 0 0 0 0 26 0 12 1 0 0 43 0 0 0 0 0 0 0 0 0 0 0 0 0 0 0 0 0 0 0 0 0 0 9 0 0 0 0 2 0 0 0 0 0 0 10 0 2 0 77 0 3 15 0 0 2 0 0 0 0 0 0 0 0 0 0 0 0 0 0 26 0 0 0 0 0 0 0 0 0 0 
 204 0 0 209 0 30 2 0 0 0 75 0 0 0 0 3 0 0 0 0 126 24 350 132 0 371 43 153 161 70 535 180 268 52 140 221 124 64 39 130 0 62 33 60 0 3 58 1 68 0 4 0 30 0 99 0 1 0 2 66 2 0 0 1 3 0 0 2 0 0 0 2 3 0 0 0 0 0 0 3 0 0 0 0 0 0 0 0 0 0 0 0 0 0 0 0 0 0 0 0 0 14 0 12 2 0 11 0 0 0 13 12 0 11 0 0 0 4 10 12 11 10 11 10 1 0 21 78 3 1 10 0 3 16 0 20 0 1 23 37 0 5 0 0 1 0 0 0 0 0 0 0 0 0 0 0 0 0 0 0 0 0 0 0 0 0 0 0 0 6 0 8 0 0 0 0 0 0 0 0 14 3 0 26 0 16 0 0 0 0 9 11 27 0 19 0 6 0 1 0 38 5 0 2 0 0 32 0 0 0 11 0 11 25 25 17 1 0 0 33 0 0 0 0 0 0 0 0 0 0 0 0 0 0 0 0 0 0 0 0 0 0 6 0 0 0 0 0 0 0 0 26 0 0 2 0 2 4 83 2 1 0 0 0 0 0 0 0 0 0 0 0 0 0 0 0 0 0 0 0 35 23 0 0 0 0 0 0 0 0 
 1 2 0 2 0 4 2 2 8 0 37 0 0 0 34 2 0 6 0 76 56 42 51 47 371 0 315 339 341 144 155 72 41 62 258 118 200 139 41 35 66 63 132 2 0 1 148 0 67 3 1 0 0 125 85 120 0 5 9 72 9 0 0 2 3 0 0 3 0 3 0 3 2 0 0 0 0 0 5 6 0 0 0 0 0 0 0 0 0 0 0 0 0 0 0 19 0 0 0 0 0 16 0 0 13 9 0 13 19 11 0 0 0 2 0 0 1 0 0 0 14 1 0 12 29 19 12 10 20 42 0 4 27 10 16 16 0 10 18 12 0 0 0 1 0 0 0 0 0 0 0 0 0 0 0 0 21 0 6 0 9 0 0 0 0 0 18 0 0 0 0 0 0 0 0 0 0 0 0 0 0 16 0 18 3 11 0 0 0 13 2 28 0 0 21 15 10 7 0 0 14 0 40 0 0 0 18 18 2 19 14 4 1 58 10 0 1 10 9 0 0 0 0 0 0 0 0 0 0 0 0 0 0 0 0 0 0 0 0 0 0 0 1 0 0 0 1 0 0 0 0 2 0 0 4 0 2 0 2 0 1 0 0 2 0 0 0 0 0 0 0 0 0 0 0 0 0 0 0 0 0 0 0 0 0 0 0 15 0 0 
 0 74 0 0 37 76 1 2 0 0 0 152 0 2 0 0 0 73 0 1 67 209 519 91 43 315 0 199 58 230 196 104 227 53 119 130 107 34 31 114 0 0 0 0 62 0 0 0 0 0 0 5 0 0 3 0 0 0 8 6 2 0 3 1 3 0 0 2 0 0 0 5 3 1 1 0 1 0 0 5 0 1 21 11 16 0 1 0 0 0 0 1 0 0 0 1 0 2 0 0 11 15 10 0 33 1 12 15 13 13 13 9 27 13 1 34 24 0 21 1 0 0 2 0 0 0 0 56 0 0 0 0 0 0 0 0 13 0 26 0 0 0 0 0 0 0 0 14 0 0 0 0 0 0 0 0 0 0 0 0 0 2 0 10 0 18 0 3 0 18 0 11 1 0 0 13 0 0 0 0 34 9 18 33 0 0 4 0 5 22 9 11 0 16 6 2 32 35 12 10 0 0 0 0 0 0 13 0 0 0 0 0 0 0 0 0 0 0 16 1 0 1 0 0 0 0 0 0 0 0 0 0 0 0 0 0 0 0 0 0 0 0 0 0 0 0 1 1 0 0 0 0 0 0 5 2 3 0 0 2 2 0 0 0 0 1 19 0 0 0 0 0 0 0 0 0 0 6 0 0 0 0 0 0 0 0 0 0 0 0 
 0 0 3 0 0 77 0 0 0 0 0 0 0 0 0 38 0 2 0 1 124 314 288 74 153 339 199 0 159 343 28 189 313 406 131 48 49 42 43 81 0 0 0 0 0 0 0 0 1 0 0 0 0 0 0 5 0 0 3 0 2 2 0 3 3 0 0 0 0 0 0 3 3 0 0 0 0 0 0 4 0 1 0 0 0 19 0 0 0 0 0 0 0 0 0 0 0 0 0 0 18 10 42 26 33 0 1 23 31 35 27 45 26 26 49 43 21 31 17 14 0 0 0 0 0 0 1 0 0 0 0 0 0 0 0 0 0 0 20 9 0 2 0 0 0 0 0 0 0 0 0 0 0 0 14 0 0 0 0 0 0 0 0 0 0 9 0 4 0 0 0 0 0 0 0 0 14 0 0 0 33 22 18 32 0 0 5 0 16 22 0 11 0 18 27 0 8 9 0 17 0 0 0 0 0 0 0 2 1 0 0 0 0 0 0 0 0 0 0 0 0 0 0 0 0 0 0 0 0 0 0 0 0 0 0 0 0 0 0 0 0 0 0 0 0 0 0 0 0 0 0 0 0 0 10 0 0 0 0 0 1 0 0 0 0 0 0 0 0 0 0 0 0 0 0 0 0 0 0 9 0 13 0 0 0 0 9 0 0 0 
 0 0 0 0 1 75 0 0 1 38 0 3 0 0 0 0 0 6 0 1 88 42 178 358 161 341 58 159 0 89 219 46 62 177 74 257 131 506 43 41 0 0 0 2 0 0 14 0 0 3 1 0 69 0 13 0 10 0 53 2 5 2 0 2 3 0 0 1 0 4 0 3 3 3 0 0 0 0 3 5 0 0 0 0 0 0 0 0 0 0 0 0 0 0 0 0 0 0 0 0 0 17 0 23 24 20 11 0 0 19 10 6 0 13 0 21 9 34 0 11 11 0 14 0 0 0 9 0 1 0 0 0 17 0 18 0 0 0 11 28 0 0 0 0 0 0 1 0 0 0 0 0 0 0 0 0 0 0 0 0 15 0 0 0 0 14 5 0 0 0 0 0 0 0 0 0 0 0 0 0 12 9 0 8 30 24 0 0 0 0 7 15 12 0 0 13 9 7 0 0 0 0 0 0 0 0 4 14 0 0 0 0 10 1 12 0 0 0 8 12 0 0 0 0 0 0 0 0 0 0 0 0 0 0 0 0 0 0 0 0 0 0 0 0 0 0 0 0 0 0 0 0 0 0 0 1 0 0 6 0 3 0 0 0 0 0 0 0 2 0 0 0 0 0 0 0 0 0 0 0 0 0 0 0 0 0 0 0 0 0 
 0 0 0 0 0 2 2 0 0 0 16 1 76 0 0 0 1 0 0 0 106 178 204 261 70 144 230 343 89 0 499 192 226 183 136 48 109 49 41 48 0 206 0 1 0 3 1 0 0 0 0 6 0 3 0 6 4 0 32 1 2 2 0 1 3 0 0 2 0 0 0 2 3 0 0 0 0 0 0 8 0 0 0 0 0 13 0 0 0 0 15 0 0 0 0 0 0 0 0 0 17 0 34 10 40 16 0 28 36 54 9 4 0 23 13 15 11 22 13 8 0 0 0 0 0 0 11 0 0 0 0 0 0 0 0 0 0 0 1 0 0 1 0 0 8 0 0 0 0 0 0 0 0 20 0 0 0 0 5 0 3 0 0 0 0 0 0 1 0 0 0 0 0 0 0 0 0 0 0 0 9 0 12 52 0 13 41 0 16 11 31 18 0 13 26 0 1 29 0 0 8 0 0 0 0 0 17 0 0 0 0 0 21 0 1 0 0 0 15 38 0 0 0 0 0 0 0 0 0 0 0 0 2 0 0 0 0 0 0 0 0 0 0 0 0 0 0 0 0 0 0 0 0 0 10 0 0 75 1 2 1 2 0 0 0 0 0 0 0 0 0 0 0 0 0 0 0 0 0 13 0 17 0 0 0 0 6 0 0 10 
 0 0 0 0 0 3 0 0 2 0 2 0 0 0 0 0 0 0 0 0 55 34 124 383 535 155 196 28 219 499 0 105 259 138 350 109 264 147 27 252 0 0 0 0 0 0 9 0 0 0 0 0 0 0 7 0 3 0 12 1 2 2 0 2 3 0 0 1 0 0 0 3 3 0 0 0 0 0 0 14 0 0 0 0 0 1 0 0 0 0 0 0 0 0 0 0 0 0 0 0 16 9 1 20 29 20 0 17 58 7 17 0 0 0 8 1 0 8 0 13 0 0 16 0 0 0 8 1 0 0 0 0 12 8 2 0 0 0 18 0 0 0 0 0 4 0 0 0 0 0 0 0 0 0 0 0 0 0 0 0 12 0 0 0 0 0 2 0 0 0 0 1 0 0 0 0 0 0 0 0 15 15 51 32 23 27 19 15 20 0 85 9 0 62 56 31 24 12 0 0 2 0 0 0 0 0 22 0 0 0 0 0 15 0 15 0 0 0 47 24 2 0 0 0 0 0 0 0 0 0 0 0 0 0 0 0 0 0 0 0 0 0 1 0 0 0 0 0 0 0 0 0 0 0 4 0 2 72 77 2 14 0 0 0 0 0 23 0 0 0 0 0 0 0 0 0 0 0 0 10 0 0 0 0 0 0 1 0 0 0 
 0 0 0 3 0 0 0 2 0 67 0 0 0 0 3 3 0 0 0 1 113 118 311 124 180 72 104 189 46 192 105 0 186 321 27 198 470 147 62 51 0 6 0 10 0 1 0 0 4 0 0 0 0 0 0 0 0 0 6 62 12 0 0 0 3 0 0 3 0 5 0 2 2 8 0 4 0 4 0 2 0 0 0 0 0 0 0 0 0 0 0 0 0 0 0 0 0 0 0 0 13 1 0 22 53 7 0 25 25 1 35 22 0 37 9 37 3 1 0 0 0 0 0 0 0 0 0 16 2 0 0 0 2 0 0 0 7 0 21 24 0 3 0 0 1 0 0 0 0 0 0 0 0 0 0 0 0 0 0 0 0 0 0 12 12 0 0 2 0 0 0 0 0 0 0 0 0 0 0 0 0 0 47 24 14 0 0 11 20 12 21 24 0 0 21 11 34 0 0 0 9 0 0 0 0 0 0 0 12 0 0 0 0 0 0 16 12 0 0 23 0 0 0 0 0 0 0 0 0 0 0 0 0 0 0 0 0 0 0 0 0 0 0 0 0 0 0 0 0 0 0 0 0 0 4 2 2 3 3 0 6 0 0 0 0 0 20 0 0 0 0 0 0 0 0 0 0 0 0 7 0 7 0 0 0 0 0 0 0 0 
 0 97 77 77 80 2 0 74 3 4 0 47 0 0 2 2 0 100 0 0 95 323 264 76 268 41 227 313 62 226 259 186 0 82 127 36 363 31 46 195 0 1 0 0 0 0 0 2 0 0 3 200 0 0 0 7 0 0 4 0 2 0 0 4 6 0 0 2 0 0 0 2 3 0 0 0 0 1 0 10 0 11 10 6 8 21 0 0 0 0 10 71 0 0 9 0 18 0 0 0 8 10 39 14 0 0 30 9 22 11 10 18 39 0 35 6 16 17 5 27 0 0 13 0 0 0 0 15 2 0 0 0 0 0 0 0 0 0 0 0 0 0 0 0 0 0 0 0 0 0 0 0 0 0 20 0 0 0 0 0 0 0 10 18 18 17 0 9 0 24 4 0 0 0 0 11 0 12 0 0 15 0 10 32 0 0 44 0 29 35 10 0 0 3 18 20 1 9 33 0 0 0 0 0 0 0 0 0 0 0 0 0 0 20 0 0 0 0 3 0 0 0 0 0 0 0 0 0 0 0 0 0 0 0 0 0 0 0 0 5 0 0 0 0 0 0 0 0 0 0 0 0 0 0 0 1 0 0 0 1 1 2 0 0 0 0 0 0 0 0 0 0 0 0 0 0 20 20 0 0 0 19 0 0 0 0 5 0 0 0 
 0 0 77 0 74 88 0 0 1 1 73 0 1 0 0 0 0 0 0 0 108 22 315 159 52 62 53 406 177 183 138 321 82 0 160 96 337 54 110 134 2 4 0 2 3 1 0 0 0 5 1 0 0 0 0 65 62 3 2 0 11 2 2 0 3 0 0 4 0 0 0 6 6 8 0 0 2 0 7 18 0 0 0 0 15 18 0 0 0 0 0 19 0 0 0 0 0 18 0 0 13 20 54 24 0 27 21 13 19 16 27 48 9 0 25 11 0 0 0 21 0 0 0 0 0 0 0 0 0 0 0 0 1 17 0 0 0 0 34 0 0 0 0 0 0 0 3 0 4 0 0 0 2 0 0 0 0 0 2 2 0 0 4 1 0 0 0 0 0 2 6 1 0 0 0 0 0 0 0 0 27 0 19 14 38 21 33 55 36 25 28 0 0 2 24 12 0 0 0 0 0 0 0 0 0 0 0 0 0 0 0 1 0 0 0 0 0 0 0 13 0 0 0 0 0 0 0 0 0 19 0 1 0 0 0 0 0 0 0 0 0 0 0 0 0 17 0 0 0 75 0 1 0 0 9 0 2 0 0 0 0 0 0 0 0 0 0 0 0 0 0 0 0 1 0 0 0 0 0 0 0 0 0 0 2 2 4 0 0 0 
 0 0 0 0 86 155 0 0 2 0 0 0 0 0 0 0 1 2 0 0 167 124 134 151 140 258 119 131 74 136 350 27 127 160 0 158 91 101 54 125 0 0 6 2 4 0 0 0 5 2 5 0 0 0 0 4 3 57 3 1 2 0 0 2 7 3 0 1 0 0 2 7 5 0 0 0 0 8 0 11 0 0 0 0 2 18 13 0 0 0 0 0 0 0 0 0 0 13 0 0 32 13 19 0 0 7 2 11 28 17 29 10 31 33 12 15 21 15 13 18 0 0 0 0 0 0 0 0 0 0 0 0 0 0 0 2 0 0 10 0 0 0 0 0 0 0 0 0 3 0 0 0 0 0 0 0 0 0 0 0 0 0 0 0 13 10 0 2 0 20 0 0 0 0 0 0 0 1 0 0 73 40 12 4 0 0 17 24 32 0 7 0 54 46 13 10 22 9 22 0 0 0 0 0 0 0 0 0 0 0 0 0 0 0 2 0 0 0 16 1 0 0 0 0 0 0 0 0 0 0 0 0 0 0 0 0 0 0 0 0 0 0 0 0 0 0 27 0 0 0 0 2 0 0 0 0 3 0 0 2 2 10 17 0 0 0 4 0 0 0 0 0 0 0 0 0 0 0 0 0 0 0 0 2 0 0 12 0 0 0 
 0 0 2 0 0 139 0 0 0 0 0 0 0 0 0 41 0 0 0 0 33 382 122 351 221 118 130 48 257 48 109 198 36 96 158 0 180 45 31 70 1 0 0 0 2 1 6 0 0 0 0 0 0 0 9 2 3 0 81 22 2 2 0 0 8 3 0 3 0 7 1 2 2 6 0 0 0 0 1 2 2 0 0 0 0 0 0 0 0 0 0 0 0 0 0 0 0 0 1 0 0 8 13 9 50 9 1 0 0 1 0 0 10 18 6 91 24 18 7 14 45 0 0 0 0 0 0 0 0 0 0 0 7 0 3 0 0 0 14 0 0 2 0 0 18 0 0 0 0 0 0 0 0 0 0 0 1 12 0 0 0 0 0 0 0 0 0 0 0 0 0 0 0 0 2 0 0 3 0 0 45 41 0 85 14 0 0 0 8 0 14 18 41 10 26 15 74 9 0 12 0 0 0 0 0 0 0 20 0 0 0 0 12 0 0 0 0 0 0 18 0 0 0 0 0 0 0 0 0 0 0 0 0 0 0 0 0 0 0 1 0 0 0 0 0 0 0 0 0 0 0 0 0 0 4 0 0 75 0 0 1 0 0 0 0 0 0 0 0 0 0 0 0 0 0 0 0 0 0 0 0 13 0 0 0 0 0 0 0 0 
 0 0 0 0 0 3 0 0 0 4 0 0 0 0 2 2 0 0 0 76 105 179 274 358 124 200 107 49 131 109 264 470 363 337 91 180 0 45 22 25 0 0 0 0 0 1 34 0 0 0 0 205 0 64 5 0 218 0 9 57 2 2 0 0 3 0 0 3 0 0 0 2 2 0 0 0 0 0 0 7 0 0 0 0 0 13 0 0 0 0 0 0 0 0 0 0 0 0 0 0 7 11 14 0 47 0 0 8 15 22 24 2 0 11 0 1 0 8 0 8 0 0 2 0 0 0 13 0 0 0 0 0 36 16 19 0 0 0 0 14 0 5 0 0 7 0 0 0 0 0 0 0 0 0 0 0 0 0 0 0 6 0 0 0 0 0 0 13 0 0 0 0 0 0 0 0 0 0 0 0 9 0 10 33 1 19 8 0 4 38 10 9 1 13 31 23 9 8 0 0 0 0 0 0 0 0 11 0 0 0 0 0 56 1 0 0 0 0 26 7 0 0 0 0 0 0 0 0 0 0 0 0 0 0 0 0 0 0 0 0 0 0 0 0 0 0 0 0 0 0 0 0 0 0 4 2 2 114 0 0 1 0 0 0 0 0 0 0 0 0 0 0 0 0 0 0 0 0 0 0 0 43 0 0 0 39 6 0 0 0 
 0 0 0 0 1 0 0 0 1 0 0 0 0 0 0 3 2 0 0 2 35 28 172 319 64 139 34 42 506 49 147 147 31 54 101 45 45 0 19 22 0 0 0 3 0 1 0 0 0 0 0 0 56 94 0 0 0 0 64 0 2 1 7 0 3 1 0 3 0 3 0 8 2 2 0 0 0 0 0 2 0 0 0 0 0 0 0 0 10 0 0 0 0 0 0 0 0 8 0 0 0 12 0 10 0 24 0 14 1 8 41 25 0 0 0 12 10 2 0 0 24 1 1 0 0 0 36 62 0 0 0 0 21 0 0 0 20 0 1 9 0 0 0 0 0 0 3 0 4 2 0 0 0 0 0 0 0 0 2 0 4 0 0 0 0 0 10 1 0 2 0 1 0 0 0 0 0 0 0 0 12 0 0 0 27 85 0 27 13 16 10 27 0 0 0 0 0 38 11 0 23 0 0 0 0 0 29 14 0 0 0 0 11 6 11 11 26 0 0 18 0 0 0 0 0 0 0 0 0 2 0 0 0 0 0 0 0 0 0 0 0 0 6 0 0 0 0 0 0 0 0 0 0 0 5 0 1 57 153 1 10 3 0 0 0 0 0 0 0 0 0 0 0 0 0 0 0 0 0 0 0 0 0 0 0 13 0 0 0 0 
 5 39 81 2 105 77 1 76 3 81 195 157 2 0 93 76 0 100 3 1 105 34 29 50 39 41 31 43 43 41 27 62 46 110 54 31 22 19 0 241 1 1 0 2 0 0 65 0 0 3 1 0 0 0 0 0 0 2 3 0 8 0 0 5 3 0 0 1 0 3 0 2 3 45 0 0 0 1 5 6 0 0 0 36 61 97 0 14 13 25 0 15 0 9 22 14 14 9 0 0 11 1 11 0 0 0 46 0 12 0 0 0 7 9 8 0 21 0 51 10 0 0 0 20 0 0 0 0 0 0 0 0 0 0 22 0 0 0 0 0 0 0 0 0 2 0 0 0 0 0 0 0 0 0 0 0 0 0 0 0 0 0 24 17 20 0 0 0 0 0 6 16 0 0 0 11 12 0 0 0 0 0 1 0 0 0 10 7 0 20 0 0 0 19 7 0 0 0 0 45 0 0 0 0 0 0 0 0 0 0 0 0 0 0 0 0 0 0 0 0 21 0 0 0 1 0 0 0 0 0 0 0 0 0 0 0 0 0 0 0 0 0 0 0 0 0 21 0 0 113 14 0 0 0 5 0 0 0 0 0 0 0 0 0 0 0 0 0 0 0 0 0 0 2 0 0 20 0 0 0 0 0 0 0 0 0 0 0 0 1 
 0 0 19 0 148 2 0 0 1 0 1 39 0 0 42 0 0 0 0 0 45 59 104 42 130 35 114 81 41 48 252 51 195 134 125 70 25 22 241 0 1 0 0 0 0 1 0 0 1 0 0 0 0 0 0 2 0 0 3 0 2 4 0 2 3 0 0 1 0 0 0 2 3 0 0 0 0 0 0 3 0 0 0 0 5 18 0 0 0 0 1 8 0 0 0 0 0 13 0 0 26 8 11 0 0 1 13 0 24 2 0 0 30 25 25 10 25 14 27 1 0 0 0 9 0 0 0 0 0 0 0 0 0 0 0 0 0 0 0 0 0 0 0 0 0 0 0 0 20 0 0 0 0 0 20 0 0 0 0 0 0 0 12 12 27 20 0 0 0 45 5 18 0 0 0 0 0 0 0 0 12 38 26 6 13 0 1 34 12 0 0 0 21 21 0 12 10 0 16 0 0 0 0 0 0 0 0 0 0 0 0 0 0 0 0 0 0 0 0 0 0 0 0 0 0 0 0 0 0 0 0 0 0 0 0 0 0 0 0 0 0 0 0 0 0 0 74 0 0 75 0 0 0 0 9 0 0 0 0 2 0 0 0 0 0 0 0 2 0 0 0 0 0 0 0 0 0 0 0 0 0 0 0 0 0 0 0 0 0 0 
 3 3 4 3 2 3 5 3 2 2 3 3 2 2 64 2 2 6 2 2 0 0 0 2 0 66 0 0 0 0 0 0 0 2 0 1 0 0 1 1 0 325 98 267 95 103 358 428 275 105 26 221 278 143 36 105 100 606 245 91 0 4 0 0 0 0 0 4 3 0 0 0 0 0 13 1 0 57 1 0 0 0 0 0 0 0 0 0 0 0 0 0 0 0 0 0 0 0 0 0 0 0 0 0 0 0 0 0 0 0 0 0 0 0 0 0 0 0 0 0 20 25 8 54 23 14 19 12 6 25 12 14 0 0 23 41 45 41 0 18 0 0 0 12 11 0 23 0 0 7 0 0 0 6 3 14 5 0 0 0 0 0 0 0 0 0 0 0 0 0 0 0 0 0 0 0 0 0 0 0 0 0 0 0 0 0 0 0 0 0 0 0 0 0 0 0 0 0 0 7 14 33 15 16 0 0 0 22 12 29 39 20 0 0 28 14 28 8 0 0 0 0 0 3 4 6 0 0 0 0 0 0 0 0 0 22 7 1 0 0 0 0 0 0 0 0 0 0 0 0 0 19 0 0 0 0 0 0 0 22 0 0 5 0 2 4 0 0 2 0 0 0 0 0 0 2 0 0 0 0 0 0 0 0 13 19 0 0 0 0 
 2 0 0 0 0 0 0 0 0 0 0 64 0 0 0 1 0 0 0 64 0 0 0 0 62 63 0 0 0 206 0 6 1 4 0 0 0 0 1 0 325 0 333 283 328 25 455 691 85 74 89 156 189 73 71 266 399 55 168 127 0 2 0 0 0 0 0 0 0 0 0 0 0 0 0 22 3 0 0 1 0 0 0 0 0 0 0 0 0 0 0 0 0 0 0 0 0 0 0 0 0 0 0 0 0 0 0 0 0 0 0 0 0 0 0 0 0 0 0 0 9 16 9 1 10 6 0 0 3 4 22 0 6 16 0 27 0 0 0 7 0 0 0 0 0 0 0 0 0 0 0 0 8 7 0 0 0 0 36 0 0 0 0 0 0 0 0 0 0 4 0 0 0 0 0 0 0 0 0 0 0 0 0 0 0 0 0 0 0 0 0 0 0 0 0 0 0 0 0 0 19 16 24 35 1 19 0 21 34 49 1 35 0 21 9 13 9 21 0 8 9 0 0 0 0 0 1 5 0 0 0 0 0 0 0 0 0 0 1 21 0 0 12 0 12 0 0 0 0 0 0 2 0 1 0 0 0 0 0 2 0 0 0 0 0 4 2 0 0 0 10 0 0 0 0 0 0 0 0 0 0 0 8 0 8 18 0 0 0 0 
 0 2 4 0 0 0 0 0 0 0 0 0 0 0 0 9 0 2 0 0 2 0 0 4 33 132 0 0 0 0 0 0 0 0 6 0 0 0 0 0 98 333 0 79 270 30 244 359 94 185 39 44 163 80 123 122 67 69 174 80 2 2 0 0 0 1 0 0 0 0 0 0 0 3 0 5 2 0 2 3 0 0 0 0 0 0 0 0 0 0 0 0 0 0 0 0 0 0 0 27 0 0 0 0 0 0 0 0 0 0 0 0 0 0 0 0 0 0 0 0 15 15 14 1 4 16 0 0 10 22 34 2 13 14 0 24 0 0 0 0 0 0 0 0 0 0 0 0 0 0 0 0 30 5 6 0 0 2 19 0 0 0 0 0 0 0 0 0 0 23 0 0 0 7 0 0 0 0 0 0 0 0 0 0 0 0 0 0 0 0 0 0 0 0 0 0 0 0 0 0 0 2 29 15 1 1 0 76 36 26 9 15 0 3 0 34 0 21 0 9 5 0 0 0 0 0 13 0 2 0 0 0 0 0 0 0 0 0 7 27 0 0 15 0 0 0 0 0 0 0 0 2 0 0 0 0 0 0 0 1 0 0 0 0 0 2 0 0 0 0 22 0 0 0 0 0 0 0 0 0 0 0 0 0 0 0 0 11 0 0 
 3 3 3 3 3 3 3 3 3 3 127 5 2 2 3 3 3 3 3 3 0 0 11 63 60 2 0 0 2 1 0 10 0 2 2 0 0 3 2 0 267 283 79 0 386 353 98 92 97 268 408 198 69 67 312 73 67 125 56 60 0 0 0 0 2 2 0 3 2 0 0 2 0 26 0 1 0 53 53 0 0 0 0 0 0 0 0 0 0 0 0 0 0 0 0 0 0 0 0 0 0 0 0 0 0 0 0 0 0 0 4 5 0 0 0 0 0 0 0 0 0 0 0 9 25 0 0 9 0 6 3 1 0 0 14 14 22 17 0 0 0 0 0 0 0 0 24 1 9 0 0 3 1 0 20 0 0 0 0 1 0 0 0 0 0 0 0 0 0 0 0 0 0 0 0 0 0 0 0 0 0 0 0 0 2 5 0 0 0 0 0 0 0 0 0 0 0 0 0 0 19 15 0 0 18 10 5 18 1 18 0 0 0 13 18 24 0 5 1 6 0 9 0 0 0 0 13 12 8 0 0 0 21 10 0 7 7 1 9 0 0 0 5 0 0 0 0 0 0 0 0 7 0 1 0 0 0 0 5 1 0 0 1 1 0 4 2 67 1 0 0 0 0 0 0 0 0 0 0 0 0 4 0 0 18 0 0 0 1 0 
 0 0 2 0 0 1 0 0 0 0 0 57 0 0 0 0 0 0 0 0 0 0 0 0 0 0 62 0 0 0 0 0 0 3 4 2 0 0 0 0 95 328 270 386 0 192 80 88 145 107 311 221 133 74 79 303 72 66 50 287 80 79 54 0 0 1 86 0 4 0 0 0 0 5 1 3 56 0 58 63 0 4 1 0 0 0 0 0 0 0 0 0 0 0 0 1 0 0 0 0 0 0 0 0 0 0 0 0 0 0 0 0 0 0 0 0 0 0 0 0 0 7 0 0 13 8 0 0 57 0 0 8 0 0 0 22 0 0 0 0 24 3 0 9 0 0 29 0 37 22 4 28 12 0 13 25 34 24 35 21 0 0 0 0 6 1 0 0 3 0 0 0 0 0 0 0 0 0 0 0 0 0 0 0 0 0 0 0 0 0 0 0 0 0 0 0 0 0 0 0 15 9 0 0 5 20 0 0 0 41 0 14 0 0 20 35 7 0 0 0 2 25 1 9 0 0 6 62 74 1 22 0 43 0 0 19 17 0 8 0 0 0 0 0 0 0 0 0 0 0 0 20 0 0 0 0 0 0 0 1 0 0 0 3 0 2 0 64 0 0 20 0 0 0 0 0 0 0 0 0 0 0 0 0 3 0 0 0 24 0 
 0 0 0 0 0 0 0 0 2 4 2 0 0 2 0 2 0 0 0 2 0 0 0 0 3 1 0 0 0 3 0 1 0 1 0 1 1 1 0 1 103 25 30 353 192 0 33 37 34 117 102 78 44 246 65 120 101 108 270 262 0 60 53 2 0 1 21 22 49 52 54 0 35 0 30 62 0 0 54 0 0 0 0 0 0 0 0 0 0 0 0 0 0 0 0 0 0 0 0 0 0 0 0 0 0 0 0 0 0 0 0 0 0 0 0 0 0 0 0 0 0 0 0 0 0 12 0 0 0 1 0 0 0 0 0 0 0 0 0 0 0 38 4 12 11 7 0 31 21 1 0 14 13 10 0 18 19 34 0 35 0 0 0 0 0 9 0 0 4 0 0 0 0 0 0 9 0 0 0 0 0 0 0 0 0 0 0 0 0 0 0 0 0 0 0 0 0 0 0 6 0 0 0 1 13 16 0 0 0 0 0 0 0 0 0 0 0 0 0 0 39 30 5 28 16 10 17 15 29 0 11 15 19 0 33 18 9 9 24 46 0 0 0 0 0 0 0 0 0 0 0 9 0 0 0 0 0 0 0 0 0 0 6 0 0 1 2 7 0 0 6 0 0 10 0 9 0 0 0 0 0 0 0 0 10 0 0 0 0 0 
 0 0 0 0 0 0 5 4 0 0 0 0 0 0 39 0 0 0 0 0 0 0 0 3 58 148 0 0 14 1 9 0 0 0 0 6 34 0 65 0 358 455 244 98 80 33 0 130 355 258 35 243 64 341 227 294 93 42 130 182 0 1 0 0 5 207 0 0 0 0 0 2 0 2 0 0 0 7 0 0 0 0 0 0 0 0 0 0 0 0 0 9 0 0 0 0 0 0 0 0 0 6 0 0 16 0 9 0 0 0 0 0 0 0 0 0 0 10 0 0 7 1 0 15 0 0 16 21 20 12 1 0 35 19 15 11 0 0 10 62 0 0 10 0 0 0 0 0 0 0 0 0 0 0 0 0 0 0 5 0 0 0 0 0 0 0 0 0 0 0 0 3 0 0 0 0 0 0 0 15 0 0 0 0 0 6 0 0 0 0 0 6 0 0 0 5 0 3 0 0 23 0 7 0 0 0 7 19 1 20 26 0 32 28 11 0 0 7 11 0 0 0 0 0 0 0 0 0 0 0 0 0 0 0 0 0 0 0 0 0 0 0 0 0 0 0 0 0 0 0 0 8 0 2 0 0 0 1 0 2 0 0 2 0 0 1 1 0 0 5 0 0 0 0 0 0 0 0 0 0 0 0 0 0 0 0 0 10 2 0 
 0 0 8 0 0 0 0 0 0 0 0 0 0 0 0 3 2 1 0 0 0 0 0 0 1 0 0 0 0 0 0 0 2 0 0 0 0 0 0 0 428 691 359 92 88 37 130 0 467 246 666 108 152 305 66 120 41 297 140 82 0 3 0 0 0 0 0 3 1 0 0 2 0 0 0 0 0 3 0 0 0 0 0 0 0 0 0 0 0 0 0 0 0 0 0 0 0 0 0 0 0 0 0 0 40 0 0 0 0 0 1 0 0 0 0 0 0 0 0 0 35 31 32 0 11 13 1 10 66 10 31 9 1 27 9 10 20 14 0 3 0 0 0 8 1 0 0 0 0 5 0 0 0 9 0 7 3 0 13 0 0 0 0 0 0 0 0 0 0 3 0 1 0 0 0 0 0 0 0 0 0 0 0 0 0 24 0 0 0 0 0 4 0 0 0 0 0 0 0 0 8 10 21 11 0 13 18 0 31 30 15 4 8 43 8 3 8 44 3 9 0 0 0 0 1 4 0 0 0 0 11 0 0 0 0 2 3 2 0 0 0 0 33 0 0 0 0 0 0 0 0 6 0 2 0 0 0 0 0 2 0 0 65 0 0 2 0 0 0 0 14 0 0 0 0 1 0 0 0 0 0 0 0 0 0 4 0 0 2 0 
 0 0 0 0 0 1 0 0 0 0 0 2 0 0 0 0 0 0 0 0 0 0 0 0 68 67 0 1 0 0 0 4 0 0 5 0 0 0 0 1 275 85 94 97 145 34 355 467 0 64 45 111 87 185 105 384 108 55 366 307 0 1 0 0 0 0 0 0 0 0 0 3 0 0 51 0 3 0 2 8 0 0 0 0 0 0 0 0 0 0 0 0 0 0 0 0 0 0 0 0 1 0 0 0 0 0 0 0 0 0 0 0 0 0 0 0 0 0 0 0 0 5 5 4 64 21 20 6 55 23 44 11 8 9 19 39 27 35 0 13 22 0 0 0 0 0 6 0 0 7 0 0 4 9 4 8 1 1 1 0 0 0 0 0 0 0 22 0 0 1 0 0 0 0 0 0 0 0 0 0 31 0 0 0 0 0 0 0 0 0 0 0 0 0 0 0 0 0 0 0 19 10 36 54 0 52 23 7 15 33 26 13 0 28 14 59 26 0 0 2 33 0 0 0 0 0 7 0 0 0 13 0 0 0 0 0 0 0 6 10 0 0 0 0 0 0 0 0 0 0 0 4 0 2 0 0 0 0 0 12 0 0 64 0 0 11 1 0 0 0 0 0 0 0 0 0 0 0 0 0 0 0 0 0 12 0 0 0 2 0 
 0 5 0 0 0 0 0 0 0 0 0 0 0 0 6 0 3 0 0 0 0 0 0 2 0 3 0 0 3 0 0 0 0 5 2 0 0 0 3 0 105 74 185 268 107 117 258 246 64 0 241 311 82 58 186 176 156 309 59 109 23 0 0 0 5 4 49 3 0 0 0 5 5 50 0 0 0 6 49 2 0 0 0 0 0 0 0 0 0 3 0 0 0 0 0 0 0 0 0 0 0 0 0 0 0 0 0 0 0 0 0 0 0 0 0 0 0 0 0 0 0 0 0 33 19 20 0 0 0 0 10 17 0 0 12 0 6 7 0 0 0 0 20 0 0 6 21 7 1 0 0 0 15 17 18 0 0 1 13 0 0 0 0 0 0 0 0 0 0 1 20 0 0 0 0 0 0 0 0 0 0 0 0 0 0 0 0 0 0 0 0 0 0 0 0 0 0 0 0 0 0 6 11 0 38 19 0 6 37 0 1 1 0 0 0 8 1 10 0 1 0 21 0 0 0 0 13 0 0 0 0 0 9 14 0 0 0 22 29 24 0 0 1 0 0 2 0 0 0 0 0 15 0 0 0 0 0 0 0 22 0 0 0 2 64 12 13 0 0 0 0 0 2 0 0 0 0 0 0 0 0 0 0 0 0 15 0 0 0 0 
 0 0 0 0 0 5 0 0 0 0 0 0 0 0 0 0 0 0 0 0 0 0 0 0 4 1 0 0 1 0 0 0 3 1 5 0 0 0 1 0 26 89 39 408 311 102 35 666 45 241 0 89 85 51 101 110 163 232 281 68 98 54 1 51 0 2 0 60 2 0 2 0 51 27 1 6 0 0 99 104 0 0 0 0 0 0 0 0 0 7 0 0 0 0 0 0 0 0 0 0 0 0 0 0 0 0 0 0 0 0 0 0 0 0 0 0 0 0 0 0 0 0 0 12 40 13 0 0 0 1 0 8 0 0 0 0 0 0 0 0 36 0 36 9 0 0 20 13 9 0 0 3 4 27 0 11 8 3 25 22 0 0 0 0 6 0 0 0 0 0 0 0 0 0 0 0 0 0 0 0 0 0 0 0 0 0 0 0 0 0 0 0 4 0 0 0 0 0 0 0 0 0 0 10 57 0 0 0 0 0 0 14 0 0 0 1 0 0 0 0 0 21 15 31 0 0 53 42 24 4 8 0 37 11 8 9 6 0 35 15 0 0 0 0 0 0 0 0 0 0 0 8 0 9 0 0 0 0 0 2 0 0 2 1 4 3 8 2 0 0 44 0 0 1 0 0 0 0 0 0 0 0 0 0 0 0 0 0 2 0 
 0 0 0 0 0 0 0 0 0 0 0 0 0 0 0 0 0 0 0 0 0 0 206 0 0 0 5 0 0 6 0 0 200 0 0 0 205 0 0 0 221 156 44 198 221 78 243 108 111 311 89 0 156 49 24 42 168 179 102 67 0 2 0 0 0 1 0 0 50 0 0 2 0 0 0 2 0 0 0 0 0 0 0 0 0 0 0 0 0 1 0 0 24 0 0 0 0 0 0 0 0 0 0 0 0 0 0 0 0 0 0 0 0 0 0 0 0 0 0 0 19 27 8 0 0 18 0 0 9 0 11 15 0 7 18 12 6 23 0 0 0 7 0 18 0 0 12 0 11 1 0 0 0 7 0 0 0 9 11 9 15 0 0 0 0 0 5 0 0 0 0 0 0 0 0 0 0 0 0 0 0 0 0 0 0 0 0 0 0 0 0 0 0 0 0 0 0 0 0 0 15 25 13 18 20 24 0 7 14 24 23 14 0 9 10 11 26 4 0 4 0 0 0 10 0 0 14 7 11 0 0 0 24 1 0 9 10 0 0 0 0 0 0 0 0 0 0 0 0 0 0 9 0 0 0 7 0 0 0 22 0 0 70 6 1 12 0 2 3 0 14 19 0 0 0 0 0 0 0 0 0 0 0 0 12 15 0 0 0 0 
 0 0 0 6 0 0 0 0 0 0 0 0 0 0 0 0 0 0 0 0 0 0 23 63 30 0 0 0 69 0 0 0 0 0 0 0 0 56 0 0 278 189 163 69 133 44 64 152 87 82 85 156 0 63 20 24 87 87 260 66 7 1 0 2 4 7 2 0 0 3 0 5 0 0 0 2 0 2 6 3 0 0 0 0 0 0 0 0 0 0 0 0 0 0 0 0 0 0 0 0 0 0 0 6 0 9 0 0 0 0 0 0 0 0 0 0 7 11 0 0 43 35 22 0 0 0 9 0 0 2 19 7 11 12 0 32 16 11 0 0 0 0 0 0 0 2 0 0 0 0 0 0 0 2 0 0 0 0 7 0 0 0 0 0 0 0 0 0 0 4 0 0 0 0 0 0 0 0 0 0 0 0 0 0 11 0 0 0 0 0 0 26 0 0 0 0 0 10 0 0 10 12 0 9 0 0 0 22 13 12 0 13 0 10 20 21 8 10 0 6 0 0 0 0 0 0 0 0 0 0 0 0 0 0 0 0 8 0 0 0 0 0 0 0 0 0 0 0 0 0 0 15 0 1 0 0 0 1 0 0 0 0 1 0 0 1 0 0 2 0 16 0 0 0 0 0 0 0 0 0 0 0 0 0 7 0 0 0 0 0 
 0 6 0 0 0 0 0 0 0 4 0 0 0 0 0 2 0 0 0 2 0 0 0 4 0 125 0 0 0 3 0 0 0 0 0 0 64 94 0 0 143 73 80 67 74 246 341 305 185 58 51 49 63 0 122 58 104 42 326 182 0 2 0 0 0 0 0 0 0 0 1 0 0 0 0 0 3 0 0 2 0 0 0 0 0 0 0 0 0 0 0 0 0 0 0 0 0 0 0 0 0 0 0 0 0 6 0 0 0 0 0 0 0 0 0 0 0 0 0 0 0 0 19 12 20 17 19 0 14 6 0 26 4 0 17 17 36 7 0 31 0 0 0 0 0 0 0 0 0 0 0 0 3 6 2 0 0 0 6 0 0 0 0 0 0 0 0 0 0 0 0 0 0 0 0 0 0 0 0 0 0 0 0 0 0 21 0 0 0 0 0 10 0 0 0 0 0 0 0 0 24 3 19 45 1 16 34 19 4 58 20 11 4 11 0 0 19 0 12 14 9 0 1 0 0 0 2 0 0 0 0 0 0 0 0 0 0 0 2 8 0 0 0 0 0 0 0 0 0 0 0 5 0 2 0 0 0 86 0 12 0 0 0 0 2 10 0 0 0 0 0 0 0 0 0 0 0 7 0 0 0 0 7 0 0 17 0 1 2 0 
 0 1 4 0 0 0 0 0 0 0 0 0 0 62 0 0 0 0 0 0 0 0 0 62 99 85 3 0 13 0 7 0 0 0 0 9 5 0 0 0 36 71 123 312 79 65 227 66 105 186 101 24 20 122 0 199 57 95 85 185 21 2 6 0 4 0 0 0 3 0 0 0 0 0 4 0 0 0 0 0 0 0 0 0 0 0 0 0 8 0 0 0 0 0 0 0 0 0 0 19 0 6 0 0 26 0 0 0 0 0 0 0 0 0 0 0 0 0 0 0 7 12 13 12 1 0 9 8 9 28 0 1 15 13 22 0 21 15 13 0 0 0 0 0 0 0 9 3 0 0 0 0 0 0 28 0 0 0 31 1 0 0 0 0 0 0 0 0 0 0 0 0 0 0 0 0 0 0 0 0 0 3 0 3 0 10 0 0 0 0 14 6 0 0 2 4 5 17 0 0 22 43 19 0 0 0 25 41 0 23 1 0 15 28 18 0 1 24 5 16 0 0 0 0 0 0 0 0 0 0 0 0 0 0 0 0 0 0 0 0 0 0 1 0 0 0 0 0 0 18 0 9 0 2 0 0 0 65 0 4 0 0 0 3 0 2 1 0 0 0 0 0 0 0 0 0 0 0 0 0 0 0 0 0 0 0 0 19 2 0 
 3 5 3 3 3 8 3 6 3 3 3 3 3 3 3 3 5 3 3 3 0 3 0 0 0 120 0 5 0 6 0 0 7 65 4 2 0 0 0 2 105 266 122 73 303 120 294 120 384 176 110 42 24 58 199 0 80 45 246 235 8 0 0 54 0 0 0 0 0 0 0 1 0 0 0 2 1 0 102 0 0 0 0 0 0 0 0 0 0 0 0 0 0 0 0 0 0 0 0 0 0 0 16 1 10 0 0 3 0 19 0 0 2 0 3 8 0 2 7 0 7 0 0 48 12 14 10 13 20 25 0 0 0 0 10 9 0 0 0 11 20 0 0 0 0 6 0 0 0 0 0 0 0 0 1 1 1 0 0 11 0 0 0 0 0 0 0 0 0 0 0 0 0 0 0 0 0 0 0 0 0 0 7 1 0 0 5 0 10 0 0 0 0 0 0 0 0 15 0 0 0 0 7 16 0 33 0 14 2 10 17 10 0 14 0 0 0 6 0 0 20 5 0 1 0 0 0 0 21 0 0 0 1 4 0 0 0 0 10 7 0 0 0 0 0 63 1 0 0 25 0 1 0 0 0 0 0 0 0 0 0 0 0 19 0 4 1 0 0 0 0 0 0 0 0 0 0 0 0 0 0 1 0 0 14 14 0 10 0 0 
 0 0 25 0 0 6 2 0 0 0 0 0 0 0 0 0 5 2 0 0 2 0 6 0 1 0 0 0 10 4 3 0 0 62 3 3 218 0 0 0 100 399 67 67 72 101 93 41 108 156 163 168 87 104 57 80 0 134 127 53 56 2 3 3 2 2 0 0 0 0 0 5 0 6 0 0 0 1 0 0 0 0 0 0 0 0 0 0 0 0 0 0 0 0 0 0 0 0 0 0 0 14 0 0 18 0 0 21 0 0 3 0 0 0 0 0 0 0 0 0 31 33 19 0 0 22 0 0 11 0 34 23 12 9 20 10 28 18 0 0 0 0 0 0 0 0 0 0 0 0 0 0 25 50 0 0 0 0 19 0 0 0 0 0 0 0 0 0 0 25 0 0 0 0 1 0 0 13 0 0 0 0 0 0 0 8 0 0 0 0 0 12 0 0 0 9 0 0 0 0 9 9 16 19 0 21 6 0 67 6 11 0 0 21 20 16 9 24 8 13 0 6 0 0 0 0 1 0 0 0 0 0 0 0 0 0 0 3 0 21 0 0 23 0 0 0 0 0 20 0 0 75 0 1 0 0 0 0 2 1 0 0 65 0 0 4 0 0 1 0 14 0 0 0 0 0 0 0 0 0 0 0 0 0 0 0 0 0 0 0 
 3 3 2 2 2 6 2 4 2 2 2 3 2 2 2 11 67 2 2 2 0 0 0 0 0 5 0 0 0 0 0 0 0 3 57 0 0 0 2 0 606 55 69 125 66 108 42 297 55 309 232 179 87 42 95 45 134 0 331 61 26 2 0 0 0 1 49 0 0 0 0 0 4 3 0 3 7 2 7 7 0 0 4 0 0 0 0 0 0 0 0 0 0 0 0 0 0 0 0 0 0 0 0 0 0 0 0 0 0 0 0 0 0 0 0 0 0 0 0 0 4 6 22 25 1 14 0 0 20 0 18 37 5 7 15 3 20 17 0 0 0 0 20 0 0 0 4 15 10 0 9 0 13 25 37 0 0 6 0 0 0 0 0 0 0 0 0 0 0 0 0 0 0 0 0 0 0 0 0 0 0 0 0 0 0 0 0 0 0 0 0 0 0 0 0 0 0 0 0 0 0 29 0 0 30 0 0 20 10 4 0 0 0 1 15 0 0 22 0 0 4 1 0 0 0 0 27 0 13 0 0 0 7 52 0 13 7 9 20 5 0 0 0 0 0 0 0 0 0 0 0 2 0 1 0 0 0 0 0 17 0 1 62 0 63 13 3 62 3 0 12 0 0 0 0 0 0 0 0 0 0 3 3 0 0 0 0 0 1 0 
 2 2 3 3 3 2 3 3 6 3 6 4 3 6 3 3 3 3 42 3 3 4 64 68 2 9 8 3 53 32 12 6 4 2 3 81 9 64 3 3 245 168 174 56 50 270 130 140 366 59 281 102 260 326 85 246 127 331 0 397 0 1 0 0 0 0 0 0 0 3 47 0 0 9 0 0 0 0 0 0 0 0 0 0 0 0 0 0 0 0 0 0 0 0 0 0 0 0 0 0 0 10 0 15 11 14 0 0 0 0 0 0 0 0 0 2 10 10 0 0 23 27 8 0 0 0 0 0 0 11 0 6 16 10 4 0 0 15 4 0 11 8 0 0 0 0 0 0 0 0 0 0 0 2 0 0 0 0 21 0 0 0 0 0 0 0 0 0 0 0 0 0 0 0 0 0 0 0 0 0 0 5 0 5 8 0 0 0 0 0 0 10 0 0 4 7 15 0 0 0 2 10 0 11 0 0 0 19 6 0 0 7 0 8 15 0 7 12 6 16 0 0 0 0 0 0 0 0 0 0 0 0 0 0 0 0 0 0 0 0 0 0 0 0 0 0 0 0 0 0 0 11 0 0 0 0 0 0 16 0 0 0 3 0 1 0 1 0 2 0 13 0 0 0 0 1 0 0 0 0 0 0 0 0 0 0 0 10 1 11 
 0 0 0 0 0 0 0 0 0 0 0 0 0 0 0 0 0 2 0 0 2 63 1 0 66 72 6 0 2 1 1 62 0 0 1 22 57 0 0 0 91 127 80 60 287 262 182 82 307 109 68 67 66 182 185 235 53 61 397 0 0 2 0 0 0 0 0 0 0 0 0 0 0 0 0 0 6 0 1 5 0 0 0 0 0 0 0 0 0 0 0 0 0 0 0 0 0 0 0 0 0 0 0 0 9 0 0 0 0 0 0 0 0 0 0 0 0 17 0 0 0 1 0 1 33 4 8 16 38 33 3 0 1 0 0 15 0 0 0 14 0 3 0 0 4 19 0 0 0 0 0 0 5 7 2 0 0 0 0 0 0 0 0 0 0 0 1 0 0 0 0 38 0 0 0 0 0 0 0 0 0 0 0 10 10 0 0 10 0 0 13 0 0 0 11 0 6 0 0 0 0 0 30 16 0 13 0 29 27 15 9 20 25 0 0 0 0 10 0 0 11 0 0 0 0 0 3 0 0 0 0 0 0 0 0 0 0 22 3 9 0 0 11 0 0 0 0 0 0 0 0 16 0 0 0 0 0 62 19 0 0 0 0 0 0 0 2 0 0 0 0 0 0 0 0 1 0 0 0 0 0 15 7 0 0 5 0 12 1 0 
 7 0 0 2 0 3 2 0 0 0 0 2 0 0 2 0 0 3 0 0 5 2 2 2 2 9 2 2 5 2 2 12 2 11 2 2 2 2 8 2 0 0 2 0 80 0 0 0 0 23 98 0 7 0 21 8 56 26 0 0 0 149 149 61 246 21 474 123 32 254 22 44 302 95 123 19 89 247 142 203 0 0 0 0 0 0 0 0 0 0 0 0 0 0 0 0 0 0 0 0 0 0 0 0 0 0 0 0 12 0 0 0 0 0 0 0 0 0 0 0 0 0 0 4 5 8 10 0 0 2 0 18 0 0 0 0 0 0 0 0 8 0 28 10 19 1 0 0 15 0 52 5 8 6 21 15 1 19 8 39 0 0 0 0 3 0 0 0 1 0 0 0 0 0 0 0 0 0 0 0 0 0 0 0 0 0 0 0 0 0 0 0 0 0 0 0 0 0 0 0 0 0 0 0 92 0 0 0 0 13 0 8 0 0 0 13 0 0 0 0 0 0 0 1 1 7 21 19 22 0 1 0 25 36 0 9 8 26 12 0 0 0 0 0 0 0 0 0 0 0 0 0 0 0 5 0 0 0 0 0 0 0 0 5 60 0 0 0 0 0 3 0 0 0 0 0 0 0 0 0 0 0 0 0 0 2 0 0 0 0 
