 0 177 197 253 48 42 373 157 354 153 164 129 49 226 146 157 46 160 216 387 3 1 0 2 2 3 0 0 0 0 3 0 0 3 0 0 0 0 0 1 0 0 3 0 3 0 0 4 0 0 2 0 3 0 0 0 62 64 0 0 0 0 0 0 0 0 0 47 2 56 0 47 52 3 0 3 0 0 0 1 50 22 9 25 15 10 21 1 14 0 14 0 21 29 10 21 28 17 0 16 0 0 0 0 0 0 0 0 0 0 2 0 0 0 0 0 0 0 18 0 0 0 0 0 0 0 0 0 0 0 0 0 0 0 0 0 15 0 0 0 0 0 0 0 2 0 0 0 0 0 0 0 0 0 0 0 0 0 0 6 27 38 0 0 0 23 28 0 10 0 0 19 25 32 20 0 0 22 0 45 0 0 0 0 0 0 0 0 0 0 0 9 2 0 0 0 0 0 0 0 0 0 0 0 0 0 0 0 0 0 0 0 0 0 0 0 0 0 17 0 0 0 0 0 0 0 0 0 0 0 0 0 0 0 0 0 0 0 0 0 0 0 0 0 0 0 1 0 0 0 0 3 0 0 0 0 0 0 0 0 0 0 0 0 0 0 0 0 0 0 0 0 0 0 0 0 21 0 0 0 0 0 0 0 0 0 0 0 0 0 
 177 0 105 89 348 60 165 186 284 39 129 114 162 39 251 205 132 113 53 70 3 1 0 1 2 0 0 0 0 0 3 0 4 3 0 0 0 0 85 0 0 0 3 0 0 0 0 4 0 0 2 0 3 0 0 0 0 0 0 0 0 0 0 0 0 0 0 0 2 3 0 0 0 8 0 3 0 0 0 0 26 0 28 14 0 0 26 16 10 16 5 18 8 23 0 6 14 21 0 0 0 0 0 0 0 0 27 0 0 0 0 0 0 0 0 18 0 0 18 1 0 0 1 0 0 0 0 0 0 0 0 9 0 0 0 0 0 0 0 0 0 0 0 0 6 0 0 0 0 5 0 0 2 0 0 0 0 0 0 0 14 16 10 0 14 1 1 58 47 17 12 0 59 0 37 0 32 9 0 10 0 0 0 0 0 0 0 0 0 0 0 0 0 20 0 0 0 0 0 2 0 0 0 0 1 1 0 0 0 0 0 0 0 0 0 0 0 0 0 0 0 0 0 0 1 0 0 0 0 0 0 0 0 0 0 0 0 1 0 1 0 1 0 0 0 2 3 0 2 0 0 8 0 0 0 0 0 0 0 0 0 0 0 0 0 0 0 0 0 0 0 0 0 0 0 29 0 0 0 0 0 0 0 0 0 0 0 0 0 0 
 197 105 0 78 47 112 136 181 143 123 46 122 149 151 129 82 93 38 50 182 3 1 79 72 2 3 0 0 0 0 4 0 0 3 2 0 0 2 0 0 0 0 3 0 0 0 0 2 0 0 2 0 3 0 0 0 0 0 0 0 0 0 0 0 16 31 0 46 2 0 0 0 0 3 0 3 0 0 0 0 37 29 6 1 10 13 22 66 0 15 11 0 76 10 14 40 14 21 0 0 0 0 0 0 0 0 0 0 0 0 0 0 0 0 0 0 0 0 10 0 0 0 0 0 0 0 0 0 0 0 0 0 0 0 0 0 0 0 0 0 0 0 0 0 0 0 0 0 0 0 0 0 0 2 0 0 0 0 0 8 21 14 1 14 28 5 30 11 11 19 37 19 11 1 11 44 23 0 15 0 0 0 0 0 0 0 13 0 0 0 0 0 1 0 25 2 0 0 0 14 0 0 0 0 0 0 0 0 0 0 0 0 0 0 0 0 0 0 0 0 0 0 0 0 10 0 0 0 0 0 0 0 0 0 0 3 0 0 0 0 0 0 0 0 0 0 1 0 1 0 0 5 0 0 15 0 0 0 0 0 0 0 12 0 0 0 0 0 0 0 0 0 0 0 0 18 0 0 0 0 0 0 0 0 0 0 0 0 0 0 
 253 89 78 0 320 44 202 213 98 241 137 295 52 97 476 318 226 632 81 65 3 4 0 1 2 0 75 0 17 0 3 0 29 101 0 0 2 1 173 0 0 0 3 0 66 0 0 2 62 0 2 0 3 0 0 0 0 0 0 0 0 0 0 0 0 0 0 0 2 0 0 0 0 3 0 3 0 0 0 0 0 0 18 20 0 12 0 18 54 0 20 13 0 23 1 11 3 13 0 0 10 0 0 0 2 0 14 31 1 2 0 0 32 0 16 16 5 0 61 28 14 0 0 0 0 0 0 0 0 0 0 0 0 0 0 0 1 0 0 1 0 0 0 0 5 0 0 0 0 0 0 0 0 0 0 2 1 0 0 0 0 13 26 36 14 42 4 0 18 0 12 19 0 0 0 16 20 20 0 21 0 0 0 0 0 0 31 33 0 0 0 0 23 15 11 22 0 0 16 6 0 0 0 0 0 0 0 0 0 0 0 0 0 0 0 0 0 0 0 0 0 0 0 0 0 0 0 0 14 0 1 0 0 0 1 0 0 1 0 0 0 0 0 0 0 0 176 2 2 1 0 14 9 0 0 0 0 0 0 0 0 0 0 0 0 0 0 0 0 0 0 0 0 0 0 23 0 0 0 0 0 0 0 0 0 0 0 0 0 0 
 48 348 47 320 0 69 61 72 304 280 316 325 281 292 181 404 150 139 272 84 3 5 3 1 2 5 0 2 2 0 3 2 0 149 1 0 0 0 12 0 0 0 5 3 0 0 0 4 42 0 3 0 3 0 0 0 0 0 0 0 0 0 3 0 0 0 0 6 2 0 2 0 2 3 0 3 0 0 0 0 0 0 33 24 1 10 0 23 2 15 65 13 0 13 0 10 37 25 0 0 0 0 0 0 1 0 25 10 0 0 0 0 38 0 0 13 0 0 34 17 0 0 0 0 0 0 0 0 0 2 0 0 0 0 0 0 0 0 0 2 0 0 2 0 6 0 0 0 0 0 2 0 0 0 0 0 2 0 0 0 0 1 27 28 27 81 4 0 46 1 2 20 0 0 13 16 29 29 0 15 0 0 0 0 0 0 43 0 0 0 0 0 0 1 18 13 0 0 15 0 0 0 0 0 0 0 0 0 0 0 0 0 0 0 0 0 0 0 0 0 0 0 0 0 0 0 0 0 0 0 0 1 0 0 0 0 0 0 0 0 0 0 0 0 0 5 89 0 2 0 30 5 10 0 0 0 0 0 0 0 0 0 0 0 0 0 0 0 0 0 0 0 0 0 0 64 0 0 0 0 0 0 0 0 0 0 0 0 0 0 
 42 60 112 44 69 0 121 38 138 42 403 137 27 133 86 76 318 47 154 50 190 1 79 0 2 0 151 147 2 0 3 0 80 76 77 75 164 3 22 158 0 13 3 0 0 0 0 4 0 0 2 0 3 0 0 0 0 0 0 0 1 0 35 0 0 0 0 0 2 0 0 0 0 3 0 3 35 0 0 0 0 10 2 18 5 11 0 0 0 69 12 25 0 0 1 0 0 31 0 0 0 0 15 14 0 0 33 0 23 0 0 0 32 12 0 0 0 15 0 59 0 0 0 0 0 0 0 0 0 0 0 0 0 0 0 0 0 0 0 0 0 2 0 0 0 0 0 0 0 0 0 8 0 20 0 0 6 2 0 0 16 2 16 18 10 0 0 0 0 9 12 0 0 0 0 19 0 0 0 2 1 38 0 0 0 0 28 14 0 17 0 0 16 0 19 33 23 13 71 0 0 0 0 0 0 0 0 0 0 0 0 0 0 0 0 0 0 0 0 0 2 0 0 0 0 19 0 0 0 0 0 0 0 0 0 1 0 0 0 0 0 0 0 0 0 0 1 0 88 87 0 3 18 0 0 0 0 0 0 0 10 17 0 0 0 0 0 0 0 0 0 0 0 0 0 0 0 11 0 0 0 0 0 0 0 0 0 0 0 0 
 373 165 136 202 61 121 0 221 351 295 50 254 312 252 139 248 122 38 110 59 3 2 6 1 4 4 0 4 4 1 3 12 0 3 0 0 2 0 2 0 0 0 7 6 0 7 0 2 4 4 2 0 7 0 0 0 0 0 0 0 0 0 26 0 0 0 0 0 2 0 6 0 4 3 0 3 2 0 0 0 10 6 0 0 0 1 47 44 19 2 0 0 10 59 14 12 11 74 2 5 0 0 0 0 0 0 0 0 0 0 0 0 0 0 0 0 0 0 11 0 0 0 0 0 0 0 0 0 0 0 0 0 0 0 0 0 0 0 0 0 0 0 0 0 1 0 0 0 0 0 1 0 1 0 0 0 0 0 0 0 14 8 1 0 29 10 11 5 19 12 30 0 26 2 22 9 38 0 0 19 0 1 0 0 0 0 14 0 0 0 0 0 10 0 0 0 0 0 0 0 0 0 0 0 0 2 0 0 0 0 0 0 0 0 0 0 0 0 0 0 0 0 0 8 0 0 0 0 0 0 0 0 0 0 14 0 0 1 0 0 0 1 0 0 0 2 51 0 1 0 0 5 2 0 0 0 0 1 0 0 1 0 0 0 0 0 2 0 0 0 0 0 0 0 0 10 0 0 0 0 0 0 0 0 0 0 0 0 0 0 
 157 186 181 213 72 38 221 0 187 164 255 129 148 316 55 230 222 134 132 136 2 0 0 1 2 6 0 0 0 2 3 1 0 5 0 1 0 0 0 0 0 0 3 58 6 0 0 4 0 0 5 0 2 0 0 0 0 4 0 0 0 38 0 0 0 0 0 0 2 0 0 0 4 3 0 3 0 0 0 2 0 16 0 41 15 9 0 40 10 0 9 10 17 29 54 6 11 44 0 13 0 0 0 0 0 0 2 0 0 0 0 0 7 0 0 0 0 0 16 0 0 0 0 0 0 0 0 0 0 0 2 0 0 0 1 0 0 0 0 0 0 0 0 0 0 2 0 0 0 2 0 0 0 0 0 0 0 0 0 0 11 10 23 15 23 25 19 0 13 0 11 9 0 10 0 21 15 59 0 26 0 0 9 0 0 0 17 0 0 0 1 0 10 0 0 0 0 0 10 0 0 0 0 0 0 0 0 2 0 0 0 1 0 0 0 0 0 0 0 0 0 0 0 0 0 0 0 0 0 0 0 0 0 0 0 0 0 0 0 0 0 2 0 0 0 0 49 0 1 0 0 3 10 0 2 0 0 0 0 0 0 0 0 0 0 0 0 0 0 0 0 0 0 0 0 1 14 0 0 0 0 0 0 0 0 2 0 0 0 0 
 354 284 143 98 304 138 351 187 0 75 199 336 295 325 686 373 40 74 63 139 3 1 0 1 107 0 0 1 0 1 3 0 0 3 0 0 1 0 0 3 0 0 3 0 0 0 0 3 0 63 2 0 3 0 0 0 0 0 0 0 0 0 0 0 0 0 0 0 2 0 0 0 0 3 0 3 0 0 0 0 0 2 11 13 14 45 70 15 32 21 2 0 14 0 8 32 39 1 0 0 0 0 0 0 0 0 0 0 0 0 0 0 2 0 0 0 0 0 0 0 0 0 0 0 0 0 0 0 0 2 0 0 0 0 0 0 0 0 0 0 1 0 2 0 0 0 0 0 0 0 2 0 12 0 0 0 0 0 0 2 11 43 23 15 23 2 23 0 0 26 61 30 0 2 0 11 29 15 0 3 1 0 0 1 0 0 17 0 0 0 0 0 28 0 0 0 0 0 0 23 0 0 0 0 0 0 0 0 0 0 0 0 0 0 0 0 0 0 0 0 0 0 0 0 0 0 0 0 0 0 0 0 0 0 0 0 0 0 0 0 0 0 0 0 0 0 90 4 7 1 1 20 0 1 0 0 0 0 0 2 0 0 7 0 0 0 0 0 0 0 0 0 0 0 0 14 12 0 0 0 0 0 0 0 0 0 0 0 0 0 
 153 39 123 241 280 42 295 164 75 0 209 293 99 94 382 254 390 388 186 261 2 0 0 1 5 0 0 0 0 0 3 73 0 35 0 0 0 0 1 0 0 0 3 0 0 0 0 4 0 0 2 0 2 0 0 0 0 0 0 0 0 0 0 0 0 0 0 0 2 0 0 0 0 3 0 3 0 0 0 0 0 12 7 35 17 0 10 30 28 6 0 0 0 64 13 10 7 45 0 15 13 0 0 0 0 0 19 14 0 0 0 0 14 0 17 0 14 0 43 0 0 0 0 0 0 0 0 0 0 0 0 0 0 0 0 0 0 0 0 0 0 0 0 0 4 0 0 0 0 0 0 0 0 0 14 0 0 0 0 0 30 26 1 0 54 17 16 0 21 0 50 15 0 32 0 0 27 22 0 4 0 0 0 0 0 0 8 0 0 0 0 0 15 14 0 0 2 0 2 1 0 0 0 0 0 0 0 0 0 0 1 0 0 0 0 0 0 0 9 0 0 0 0 0 0 0 0 0 0 0 0 0 0 0 0 0 15 0 0 0 0 0 0 0 0 0 93 0 0 0 2 12 0 0 0 0 0 0 0 0 0 0 0 0 0 0 0 0 0 2 0 0 0 0 0 25 0 0 0 0 0 0 0 0 0 0 0 0 0 0 
 164 129 46 137 316 403 50 255 199 209 0 226 132 38 142 189 83 144 101 126 86 2 0 2 2 196 0 0 0 0 3 0 75 90 19 62 0 2 136 20 0 0 3 0 0 0 0 2 0 0 3 0 3 0 0 0 0 0 0 0 0 0 0 0 0 0 0 0 2 0 0 0 0 3 0 48 0 0 0 2 0 0 37 33 24 24 0 30 12 29 13 24 0 16 15 25 10 2 0 12 15 0 0 0 0 0 30 0 0 0 0 0 30 0 0 0 0 1 16 51 0 0 0 0 0 0 0 0 0 0 0 0 0 0 0 0 0 0 0 0 0 0 0 0 2 0 0 0 0 0 0 12 0 0 0 0 0 0 0 0 52 32 21 14 10 37 11 0 31 7 16 9 4 31 4 0 8 24 0 26 0 0 14 0 0 0 24 0 0 0 0 0 0 18 0 15 0 1 11 13 0 0 0 0 0 0 0 0 0 0 0 0 0 0 0 0 0 1 0 0 0 0 0 0 0 0 0 2 0 4 1 0 0 0 10 0 0 0 0 0 0 0 0 0 1 1 1 0 2 5 0 12 0 0 0 0 0 0 0 0 8 0 10 0 0 0 0 0 0 0 0 0 0 1 0 0 21 30 0 0 0 0 0 0 0 0 0 0 0 0 
 129 114 122 295 325 137 254 129 336 293 226 0 470 350 53 49 190 248 24 46 2 0 0 81 2 0 0 0 0 0 3 0 0 211 0 0 0 4 0 0 0 0 7 2 3 0 0 4 0 0 2 3 65 2 0 0 0 0 0 2 0 0 3 0 0 0 0 2 2 0 2 0 0 6 0 4 7 0 0 0 0 0 28 52 10 41 0 0 9 38 9 2 0 13 0 13 25 27 0 0 0 0 0 0 0 0 0 0 1 0 0 0 3 0 0 0 0 0 46 0 0 0 0 0 0 0 0 0 0 0 1 0 0 0 1 0 0 0 0 0 0 0 0 0 11 0 0 0 1 0 0 2 0 0 0 0 0 0 0 0 5 14 44 10 19 68 0 0 19 8 9 63 0 0 0 23 22 40 0 17 0 0 0 0 0 0 36 0 0 0 0 0 7 0 0 0 0 0 10 40 0 0 0 0 0 0 0 0 0 0 0 0 0 0 0 0 0 0 0 0 0 0 0 0 0 0 0 0 0 0 1 0 0 0 0 0 0 0 0 0 0 0 0 0 0 1 3 0 4 3 2 19 1 0 0 0 0 0 0 0 0 0 12 0 0 0 0 0 0 0 0 0 0 0 0 17 0 0 0 0 0 0 0 0 0 1 0 0 0 0 
 49 162 149 52 281 27 312 148 295 99 132 470 0 166 347 164 119 33 482 231 2 2 0 3 6 0 1 0 3 6 3 0 1 3 0 3 1 3 0 1 0 0 3 1 0 0 0 4 4 4 2 0 2 0 0 4 6 0 8 0 3 3 0 0 0 3 6 0 2 0 0 37 6 3 0 6 51 0 0 0 0 51 0 17 23 0 20 12 17 0 13 1 0 25 19 21 0 31 0 18 0 0 0 0 0 0 0 0 0 0 0 0 0 0 0 0 0 0 10 0 0 0 0 0 0 0 0 0 0 0 0 0 0 0 0 0 0 0 0 0 0 0 0 0 0 0 0 0 2 0 1 0 0 0 0 0 0 0 0 0 4 0 0 0 21 0 4 0 15 0 0 0 13 21 9 0 0 0 6 15 0 0 0 0 0 0 0 0 0 0 0 15 0 0 0 0 0 0 0 0 0 0 0 34 0 0 0 0 0 0 0 0 0 0 0 0 0 0 0 0 0 0 0 0 0 0 0 0 0 0 0 0 0 0 0 0 0 0 0 0 0 19 0 0 0 0 2 0 0 0 0 4 0 0 0 0 0 0 0 0 0 2 0 0 0 0 0 0 0 0 0 0 0 0 0 0 0 0 0 0 0 0 0 0 0 0 0 0 0 0 
 226 39 151 97 292 133 252 316 325 94 38 350 166 0 407 33 113 133 114 185 3 1 0 1 2 0 0 0 2 0 4 0 0 3 0 0 33 2 0 0 0 0 3 0 0 1 0 4 0 0 2 1 3 0 0 0 0 1 0 0 0 2 0 0 0 0 0 0 2 0 0 0 2 3 0 3 0 0 47 0 15 37 1 12 0 0 0 14 39 0 11 9 34 37 33 44 28 55 10 20 0 0 0 0 0 0 0 0 0 0 0 0 16 0 0 0 0 0 1 0 0 0 0 0 0 0 0 0 0 0 0 0 0 0 0 0 0 0 0 0 0 0 0 0 0 0 0 0 0 0 0 0 0 0 0 0 0 0 0 2 3 19 33 0 9 1 22 0 0 21 29 18 0 0 0 35 3 0 0 4 0 0 0 0 0 0 1 0 0 0 0 0 45 0 6 0 0 0 0 0 0 8 0 0 0 0 0 0 0 0 0 0 0 0 0 0 0 0 0 0 0 0 0 0 0 0 0 0 0 0 0 0 0 0 0 0 0 0 0 0 0 0 0 0 0 2 91 0 87 0 0 16 0 18 0 0 0 0 0 0 0 0 0 0 0 2 0 0 0 0 0 0 0 0 0 1 10 0 0 0 0 0 0 0 0 0 0 0 0 0 
 146 251 129 476 181 86 139 55 686 382 142 53 347 407 0 131 38 121 209 69 5 4 0 2 2 1 204 0 0 0 5 0 0 5 2 0 2 0 0 4 0 0 3 0 3 3 0 5 0 0 3 1 3 1 4 1 2 0 0 0 0 0 12 0 0 0 0 0 3 0 0 0 0 3 3 38 0 0 0 0 17 9 14 7 31 0 4 18 72 11 14 0 10 40 0 35 14 17 0 5 2 0 0 0 0 0 0 1 0 0 0 0 0 0 0 0 0 0 8 0 0 0 1 0 0 0 0 0 0 0 0 0 0 0 0 0 16 0 0 0 0 0 0 0 0 0 0 0 0 0 0 0 0 0 0 0 0 0 0 0 20 27 1 0 27 10 1 23 10 16 18 5 19 9 16 7 55 0 17 36 0 0 0 0 0 0 14 0 0 0 0 0 18 0 0 0 0 1 0 14 0 0 0 0 0 0 0 0 0 0 0 0 0 0 0 0 0 0 0 0 0 0 0 0 0 0 0 0 0 0 2 0 0 0 0 0 0 0 0 0 0 11 0 0 2 0 50 0 0 3 0 17 0 0 0 0 2 0 0 0 0 0 0 0 0 0 0 0 0 0 0 0 0 4 0 4 20 0 0 0 0 0 0 0 0 0 0 0 0 0 
 157 205 82 318 404 76 248 230 373 254 189 49 164 33 131 0 295 114 29 77 2 0 6 1 2 4 0 4 4 0 3 4 0 23 0 0 0 0 2 0 0 0 7 6 0 0 0 2 66 0 2 0 2 0 0 0 0 0 0 0 0 0 6 0 0 0 0 0 2 0 4 0 4 3 0 3 0 0 0 0 0 8 24 1 0 13 0 46 26 13 34 2 10 14 15 29 10 24 0 0 0 0 0 0 0 0 0 0 0 10 2 0 11 0 0 25 0 0 43 21 0 0 0 0 0 0 0 0 0 0 0 4 0 0 0 0 0 0 0 0 0 0 0 0 7 0 0 2 0 10 0 0 0 0 0 0 0 0 0 0 0 21 33 0 16 53 6 0 21 0 0 40 0 0 0 35 19 76 0 30 0 0 0 0 0 0 37 0 0 1 0 0 10 0 3 10 0 0 32 24 0 0 0 0 0 0 0 0 2 0 0 0 0 0 0 0 0 0 1 0 0 0 0 0 0 0 0 0 0 0 0 0 0 0 0 0 1 0 0 0 0 13 0 0 0 1 1 0 1 0 4 4 1 0 0 0 0 0 0 0 0 0 0 0 0 0 0 0 0 0 0 0 0 0 0 19 15 0 0 0 0 0 0 0 0 0 0 0 0 0 
 46 132 93 226 150 318 122 222 40 390 83 190 119 113 38 295 0 155 38 35 77 1 0 1 2 0 1 0 0 0 3 0 0 78 0 0 0 0 1 2 0 0 3 0 0 0 0 80 0 0 3 0 3 0 0 0 0 0 0 0 0 1 0 0 0 0 0 0 2 0 0 0 0 3 0 3 0 0 0 0 0 11 22 28 30 22 0 9 0 43 16 20 0 14 19 0 15 63 0 0 0 0 0 0 1 0 15 1 21 0 0 0 6 0 0 0 1 0 56 0 0 0 0 0 0 0 0 0 0 0 0 0 0 0 0 0 0 0 0 0 0 0 0 0 6 0 0 0 0 0 0 0 0 0 0 0 0 0 0 0 17 0 32 18 40 16 10 0 43 22 10 33 0 0 0 19 29 8 0 0 0 0 0 0 0 0 59 0 0 0 0 0 0 2 0 16 2 0 14 12 0 0 0 0 0 0 0 0 0 0 1 0 0 0 0 0 0 0 0 0 0 0 0 0 0 0 0 0 0 0 0 0 0 0 0 0 0 0 0 0 0 0 13 0 0 2 88 0 0 1 0 7 2 0 0 0 0 0 0 0 0 0 0 0 0 0 0 0 0 0 0 0 0 0 0 19 0 0 0 0 0 0 0 0 0 0 0 0 0 0 
 160 113 38 632 139 47 38 134 74 388 144 248 33 133 121 114 155 0 25 31 3 3 0 1 2 0 0 0 2 0 3 0 0 75 1 0 0 0 1 0 0 0 3 0 0 0 0 4 33 0 3 0 3 0 0 3 0 0 0 0 0 0 0 0 0 0 3 0 2 0 0 31 0 3 0 6 0 0 0 0 0 0 38 2 25 24 1 0 2 66 21 32 0 14 0 15 10 73 0 0 1 0 0 0 0 0 0 0 14 0 0 0 12 0 0 8 0 0 50 8 0 0 0 0 0 0 0 0 0 0 0 0 0 0 17 0 1 0 0 11 0 0 0 0 6 0 38 0 0 0 0 0 0 0 0 0 0 0 0 0 5 29 43 31 30 35 0 0 20 11 15 21 2 0 0 15 27 17 1 16 56 0 0 0 0 0 53 0 0 0 0 10 0 0 13 25 0 1 9 31 0 0 0 0 0 0 0 0 0 0 0 0 0 0 0 0 0 1 0 0 0 0 0 0 0 0 0 2 20 0 1 0 0 0 0 0 0 0 0 2 0 0 0 0 1 0 2 0 0 0 9 5 0 0 0 0 0 0 0 0 156 0 11 0 0 0 0 0 0 0 0 0 0 1 0 20 0 0 0 0 0 0 0 0 0 0 0 0 0 0 
 216 53 50 81 272 154 110 132 63 186 101 24 482 114 209 29 38 25 0 95 3 1 0 1 2 0 0 1 0 0 3 0 3 3 0 0 2 0 0 0 0 0 3 0 0 0 0 2 0 0 2 0 3 0 0 0 0 0 61 0 0 0 0 0 0 0 0 0 2 0 0 0 0 3 0 3 0 0 0 0 17 0 6 10 17 0 29 29 0 0 0 0 9 42 16 22 1 0 12 29 0 0 0 0 0 15 0 0 0 0 0 0 0 0 0 0 0 0 9 0 0 0 2 0 0 0 0 1 0 0 0 0 0 0 0 0 0 0 0 0 0 0 0 0 0 10 0 0 0 0 0 0 0 0 0 0 1 0 0 0 9 1 0 0 0 0 33 22 4 0 0 0 38 17 3 0 4 0 20 11 0 0 0 0 0 0 0 0 0 0 0 0 0 0 0 0 0 2 0 0 0 0 0 0 2 0 0 0 0 0 0 0 0 0 0 0 0 2 0 2 0 0 0 0 0 0 0 0 0 1 0 0 0 0 0 10 0 0 0 2 0 0 0 0 0 2 2 2 2 0 0 256 0 0 0 0 0 0 0 0 0 0 1 0 0 0 0 0 0 0 0 0 0 0 0 0 18 0 0 0 0 0 0 0 0 0 0 0 0 0 
 387 70 182 65 84 50 59 136 139 261 126 46 231 185 69 77 35 31 95 0 2 0 4 1 3 0 0 1 0 0 3 0 0 4 2 0 3 0 0 0 0 0 3 2 63 0 0 2 0 1 2 0 1 4 0 0 0 0 0 0 0 3 0 2 0 5 0 0 2 0 2 0 0 3 0 43 0 0 3 0 35 44 0 37 37 0 10 12 1 0 16 0 22 17 59 20 0 3 26 43 0 0 0 0 0 0 0 0 0 0 2 0 0 0 0 0 0 0 11 0 0 0 0 0 2 0 0 0 0 0 0 0 0 0 0 0 0 0 0 0 0 0 0 2 2 0 0 0 0 0 0 0 0 0 16 0 0 0 0 6 38 0 0 0 0 0 51 21 4 0 0 19 3 30 0 0 0 1 9 71 0 0 0 0 0 0 0 0 0 0 0 0 1 0 0 0 17 0 0 0 0 0 0 0 0 0 0 0 0 0 0 0 0 0 0 0 0 0 2 0 0 0 16 15 0 0 0 0 0 0 0 0 0 0 0 0 0 0 0 0 0 0 0 0 0 0 1 0 1 2 0 5 0 0 0 0 0 0 0 0 0 0 0 0 0 1 0 0 0 0 0 0 0 0 0 0 21 0 0 0 0 0 0 0 0 0 0 0 0 0 
 3 3 3 3 3 190 3 2 3 2 86 2 2 3 5 2 77 3 3 2 0 213 165 157 35 25 153 64 30 56 91 115 92 38 122 63 118 27 319 311 0 1 0 0 3 6 0 4 0 0 0 0 0 0 0 0 0 0 0 0 0 0 0 3 0 0 3 0 0 0 0 45 3 26 0 0 1 2 0 2 0 0 0 0 0 6 0 0 0 7 0 10 1 0 0 0 0 10 0 0 15 21 25 40 12 0 25 10 31 11 9 1 29 26 22 12 12 20 0 29 0 0 0 0 0 0 0 1 0 0 0 0 14 0 0 0 0 0 0 0 0 0 0 0 0 0 0 1 0 0 0 0 1 0 0 0 0 6 0 0 0 0 0 1 0 0 0 0 0 0 0 0 0 0 0 0 0 2 0 0 0 10 1 13 0 0 13 28 11 24 1 11 14 23 9 52 26 24 56 0 0 0 2 0 0 0 11 0 0 0 0 0 0 0 0 0 0 0 12 0 0 0 0 0 0 0 0 0 0 0 11 0 0 0 0 0 0 0 0 0 0 0 0 0 0 0 0 0 0 73 0 0 0 0 9 0 0 0 0 0 8 0 0 0 0 0 0 0 0 0 0 0 0 0 0 0 0 0 0 0 0 11 0 0 0 0 0 0 0 0 
 1 1 1 4 5 1 2 0 1 0 2 0 2 1 4 0 1 3 1 0 213 0 95 62 142 52 229 87 441 54 332 106 220 149 349 214 134 59 110 74 0 0 2 3 3 0 0 3 8 6 6 0 0 0 0 0 5 0 0 0 51 0 3 0 0 1 3 0 2 0 2 0 5 0 0 0 1 2 0 2 0 0 0 0 0 0 0 1 0 0 13 0 0 0 0 0 0 0 0 0 18 19 11 0 0 4 0 0 12 21 36 17 0 10 31 27 12 10 0 0 14 0 0 0 0 0 0 0 4 0 0 0 8 0 0 0 0 0 16 0 0 0 12 0 2 0 0 0 0 0 0 0 0 0 0 0 0 4 0 0 0 0 0 3 0 0 8 0 0 0 0 0 0 0 0 0 0 0 0 0 21 9 0 23 11 9 0 34 48 15 0 30 0 17 10 21 9 11 27 0 20 0 4 15 0 0 56 5 0 0 0 0 21 10 0 0 0 0 9 32 0 0 0 0 0 0 0 0 0 0 0 0 0 0 0 0 0 0 0 0 0 0 16 0 0 0 0 0 0 0 0 0 0 0 22 0 0 77 80 3 4 0 0 0 0 0 12 22 0 0 0 0 0 0 0 0 0 1 0 0 0 27 0 0 0 0 3 0 0 2 
 0 0 79 0 3 79 6 0 0 0 0 0 0 0 0 6 0 0 0 4 165 95 0 513 44 99 59 119 239 48 122 41 146 218 62 573 49 361 24 246 0 2 3 3 3 0 0 3 0 4 29 0 3 0 0 0 0 3 2 3 0 0 1 1 0 50 3 0 1 0 0 0 3 6 0 0 0 2 0 2 0 0 0 0 15 18 0 0 0 0 0 0 0 0 0 0 0 0 0 0 19 35 44 33 12 2 19 1 0 14 47 1 6 58 3 13 0 49 0 0 0 0 0 0 0 0 1 0 0 0 0 0 11 0 0 0 0 0 14 0 19 0 0 0 0 8 0 0 0 0 0 0 0 0 0 0 2 0 0 0 0 0 0 0 0 0 0 0 0 0 0 0 0 0 0 0 4 0 0 0 19 1 0 34 0 0 0 17 12 12 19 11 19 23 10 19 40 13 17 9 0 0 0 0 7 0 0 0 0 10 0 0 0 0 0 0 0 0 19 0 0 0 0 0 0 0 0 0 0 0 0 0 0 0 0 0 0 1 0 0 0 0 0 0 0 0 0 0 0 0 0 0 0 0 7 0 0 0 2 0 0 13 0 0 0 0 0 0 0 0 0 0 0 0 0 0 0 0 0 0 0 0 0 0 0 0 66 0 0 0 
 2 1 72 1 1 0 1 1 1 1 2 81 3 1 2 1 1 1 1 1 157 62 513 0 159 41 98 255 172 89 541 94 66 83 209 68 31 93 78 132 30 0 4 0 3 0 64 4 0 0 1 0 89 0 0 3 0 0 24 0 0 0 0 1 0 0 3 0 1 0 0 0 3 0 0 0 2 2 0 2 2 0 0 0 13 0 0 0 0 0 0 0 0 0 0 0 0 0 0 0 9 16 1 8 20 29 12 14 17 0 2 14 0 1 10 0 16 13 0 0 43 10 32 0 0 1 15 0 0 0 0 0 24 0 0 0 0 0 11 27 0 0 0 3 0 0 0 0 0 0 0 0 0 0 0 0 0 0 0 0 0 0 1 8 1 3 0 0 0 0 1 0 0 0 0 0 0 0 0 0 10 18 0 8 12 15 0 0 18 0 13 14 0 1 5 1 16 2 0 0 0 0 0 0 0 0 0 0 12 0 0 0 11 27 11 0 0 0 0 21 0 0 0 0 9 1 0 0 0 0 0 1 0 0 0 0 0 0 9 0 0 0 0 0 0 0 0 0 0 0 0 0 0 0 12 0 0 2 31 0 2 0 0 0 0 0 0 0 0 0 1 0 0 8 0 0 0 0 0 0 0 1 0 0 0 0 0 0 0 0 
 2 2 2 2 2 2 4 2 107 5 2 2 6 2 2 2 2 2 2 3 35 142 44 159 0 161 64 72 98 93 385 223 147 277 258 157 135 124 268 90 0 0 0 0 3 0 1 2 0 0 5 1 1 63 93 0 0 0 63 63 0 0 0 3 0 0 3 0 0 2 0 0 3 0 0 0 0 2 0 4 0 0 0 0 0 0 0 0 0 0 0 0 0 0 0 0 0 0 0 0 0 0 0 0 62 0 0 0 0 0 0 15 0 0 0 0 14 13 0 0 0 7 0 0 0 0 44 0 0 13 0 0 23 1 12 0 13 0 49 7 0 0 21 0 0 0 0 0 0 0 2 0 11 0 0 0 0 0 0 0 0 0 0 17 2 0 2 0 0 0 0 0 1 1 0 0 0 0 0 0 7 10 29 0 0 10 2 0 10 13 9 0 0 23 0 0 0 0 0 0 8 23 0 1 0 0 117 27 1 0 0 0 12 7 1 9 0 10 13 53 0 1 0 0 0 0 0 0 0 0 0 0 0 0 0 0 0 0 0 0 0 0 6 0 0 0 0 0 0 0 0 0 0 0 11 2 0 5 2 2 7 0 0 0 0 0 0 0 0 0 18 0 0 0 0 0 0 0 0 0 0 13 0 0 0 0 0 0 0 0 
 3 0 3 0 5 0 4 6 0 0 196 0 0 0 1 4 0 0 0 0 25 52 99 41 161 0 38 45 290 350 230 71 45 114 270 141 289 57 236 35 5 64 2 282 3 1 2 2 2 0 3 1 4 32 30 70 0 1 0 0 0 0 2 1 5 0 14 11 1 0 0 0 13 0 21 0 2 3 14 5 0 15 12 0 0 0 0 0 0 0 0 0 0 0 0 0 0 0 0 0 0 0 22 1 0 19 0 0 0 10 0 42 0 0 0 1 38 27 0 0 0 0 0 0 0 0 18 0 0 2 0 0 23 9 12 0 0 18 26 0 0 12 0 0 0 0 0 0 0 0 4 0 0 0 0 0 0 0 0 0 0 0 1 2 15 0 0 0 0 0 1 3 0 0 0 0 0 0 0 0 0 18 30 0 18 25 0 0 28 16 7 13 0 0 0 5 0 0 0 0 12 49 0 9 0 0 14 20 6 0 15 0 19 61 40 0 13 2 5 30 14 0 0 0 0 10 0 0 0 0 0 0 0 0 0 9 0 0 0 0 0 0 0 0 0 0 0 0 0 0 0 14 0 0 11 1 0 1 22 2 1 0 0 0 0 0 0 0 0 0 0 1 0 0 0 0 0 0 0 0 0 0 0 0 0 0 0 0 0 0 
 0 0 0 75 0 151 0 0 0 0 0 0 1 0 204 0 1 0 0 0 153 229 59 98 64 38 0 112 149 51 48 83 337 197 89 107 88 124 186 129 0 5 0 0 3 3 0 4 1 4 0 0 2 0 0 0 0 0 0 0 0 0 0 0 3 0 3 0 2 0 0 0 3 0 0 1 1 2 2 55 0 0 0 4 0 1 0 0 0 0 0 27 0 0 0 0 0 0 0 0 0 0 24 12 0 0 15 30 12 12 4 10 1 0 4 33 1 7 16 25 0 0 0 0 0 0 0 0 2 0 0 0 7 0 0 0 0 0 0 0 12 0 0 1 0 4 0 0 0 4 1 0 0 0 6 0 0 3 0 0 0 0 0 9 0 0 0 0 0 0 0 0 0 0 0 0 0 0 0 0 45 37 0 0 0 0 13 38 33 26 15 18 25 0 45 22 11 45 23 2 0 0 0 0 0 12 1 0 0 2 0 0 1 0 0 0 0 0 8 0 0 0 2 0 0 0 0 0 0 2 0 0 0 0 0 0 0 0 0 0 0 0 0 0 0 0 0 0 0 78 0 0 1 0 9 2 0 0 3 0 0 0 0 0 0 2 0 0 0 0 0 0 0 0 0 0 0 0 0 0 0 0 0 0 0 0 0 0 0 0 
 0 0 0 0 2 147 4 0 1 0 0 0 0 0 0 4 0 0 1 1 64 87 119 255 72 45 112 0 86 44 179 28 196 366 130 42 158 99 57 103 0 0 0 3 9 3 0 5 0 0 0 0 1 0 0 0 0 1 3 0 54 24 3 2 0 0 3 2 0 0 0 0 5 3 0 0 3 2 4 3 0 0 0 0 18 0 0 0 0 0 15 0 1 0 0 0 0 0 0 0 21 66 14 14 15 8 0 10 0 9 0 20 0 6 20 0 2 23 1 12 0 2 0 0 0 0 0 0 0 0 2 0 0 0 0 0 0 0 0 0 0 0 0 0 0 0 18 0 0 0 0 4 0 0 0 0 3 0 0 2 0 0 0 0 0 0 0 2 2 1 0 0 0 0 0 0 1 0 0 0 35 0 0 62 7 7 0 23 16 15 0 53 32 14 1 30 10 43 11 0 0 1 0 0 1 0 0 0 18 0 0 0 11 0 0 0 0 0 19 0 2 0 0 0 0 0 0 0 0 0 0 5 0 0 0 0 0 0 0 0 0 0 0 0 0 1 0 0 0 0 0 0 0 0 6 0 0 153 1 0 0 12 0 0 0 0 13 0 0 0 0 0 0 0 0 0 0 10 0 0 11 0 0 0 0 13 0 0 0 0 
 0 0 0 17 2 2 4 0 0 0 0 0 3 2 0 4 0 2 0 0 30 441 239 172 98 290 149 86 0 323 70 106 94 112 81 53 253 407 89 41 0 0 0 0 3 0 0 3 0 0 0 0 0 0 0 0 0 0 62 0 0 0 0 0 0 0 52 0 4 0 0 0 3 38 0 0 1 2 0 2 0 0 0 0 8 0 0 0 0 0 0 1 0 0 0 0 0 0 0 0 0 36 2 11 0 2 0 1 54 33 34 9 0 0 65 27 13 23 0 0 34 6 1 0 1 0 0 0 8 0 0 0 1 0 0 0 0 0 8 15 0 0 0 2 0 0 0 0 0 0 0 0 0 0 3 0 0 2 0 0 0 0 0 0 0 0 0 0 0 0 0 0 0 0 0 0 0 0 0 0 16 21 20 0 31 25 0 0 28 51 3 24 0 0 10 0 16 20 0 23 0 24 0 0 0 0 28 7 0 0 0 0 45 27 7 0 0 0 7 13 0 0 0 0 0 0 0 0 0 0 0 0 0 0 0 2 0 0 0 0 0 0 23 0 0 0 0 0 0 0 0 0 0 0 14 0 2 77 115 0 3 2 0 0 0 0 0 0 0 0 0 0 0 0 0 0 0 0 0 6 0 13 0 0 0 15 0 0 0 0 
 0 0 0 0 0 0 1 2 1 0 0 0 6 0 0 0 0 0 0 0 56 54 48 89 93 350 51 44 323 0 279 136 136 176 281 81 274 83 277 84 0 0 0 0 6 0 80 3 0 0 0 0 63 0 0 0 0 1 24 0 0 0 0 3 0 0 3 0 0 0 0 0 5 0 0 0 2 2 0 9 0 0 0 0 0 0 0 0 0 0 0 0 0 0 0 0 0 0 0 0 0 18 3 0 56 45 0 0 10 35 11 56 0 2 17 43 14 1 0 0 12 3 22 0 0 0 0 0 1 7 2 0 7 12 0 0 0 0 4 16 0 0 0 3 0 0 0 0 0 0 0 0 0 0 0 0 0 0 0 0 0 0 0 0 0 0 0 0 2 1 0 0 0 0 0 0 1 0 0 0 40 16 55 24 10 9 0 0 25 23 47 69 0 0 0 0 0 0 1 0 24 10 0 0 0 0 0 0 0 0 0 0 19 14 0 3 0 0 49 21 2 0 0 0 0 0 0 0 0 0 0 0 0 0 0 0 0 0 0 0 0 0 0 0 0 0 0 0 0 0 0 0 0 0 6 2 0 4 10 1 0 0 0 0 0 0 2 0 0 0 0 0 0 0 0 0 0 0 0 6 0 0 0 0 0 0 0 0 0 0 
 3 3 4 3 3 3 3 3 3 3 3 3 3 4 5 3 3 3 3 3 91 332 122 541 385 230 48 179 70 279 0 137 44 241 438 113 351 226 24 110 0 0 0 5 3 0 55 7 0 0 9 0 88 0 76 0 0 0 128 71 0 0 0 3 0 0 3 0 0 0 0 0 3 0 0 0 0 2 1 8 2 0 0 0 0 0 27 0 0 0 0 0 0 0 0 0 0 0 0 0 4 34 9 15 24 86 18 17 0 1 0 4 0 0 9 1 12 1 0 0 8 3 26 12 0 0 0 0 0 18 0 0 10 0 0 0 0 0 23 3 0 0 0 3 0 0 0 0 0 0 0 0 0 0 0 0 0 0 0 0 0 0 7 0 9 0 0 0 0 0 10 0 0 0 0 0 0 0 0 0 42 0 30 8 27 10 0 0 46 28 19 0 0 0 0 0 6 13 0 0 60 38 3 0 0 0 41 23 0 0 0 0 44 0 32 16 0 0 34 27 0 0 0 0 0 0 0 0 0 0 0 0 0 0 0 0 0 0 0 0 0 0 0 0 0 0 0 0 0 0 0 0 0 0 4 1 0 1 1 3 0 1 0 0 0 25 0 0 0 0 4 0 0 0 0 0 0 0 0 0 0 15 0 0 0 0 0 0 0 0 
 0 0 0 0 2 0 12 1 0 73 0 0 0 0 0 4 0 0 0 0 115 106 41 94 223 71 83 28 106 136 137 0 37 37 199 66 101 87 33 235 37 0 0 0 3 6 0 2 0 0 3 0 126 0 154 77 0 7 124 133 0 0 0 3 0 0 3 0 0 3 0 0 47 0 0 1 1 3 0 3 0 0 0 0 0 0 0 0 0 0 0 0 0 2 0 0 0 0 2 0 0 4 12 4 39 18 0 0 10 29 2 26 0 1 17 12 16 0 0 0 13 26 1 0 0 0 30 1 0 0 0 0 22 0 14 9 0 0 1 61 0 0 0 1 0 2 0 0 0 0 0 0 0 0 0 0 0 5 0 0 0 0 6 0 7 0 0 0 0 0 6 0 0 0 0 0 8 0 0 0 13 1 13 1 52 0 0 0 15 0 15 29 0 0 33 10 2 11 0 1 39 18 1 0 0 0 31 14 9 1 0 0 41 0 8 0 20 1 19 7 0 0 1 0 0 0 0 0 0 0 0 0 0 0 0 0 0 0 0 0 0 0 0 0 0 0 0 0 0 0 0 0 0 0 12 2 5 0 0 2 6 0 0 0 0 30 0 0 0 0 0 0 0 0 0 0 0 0 0 0 0 29 0 0 0 11 0 0 0 0 
 0 4 0 29 0 80 0 0 0 0 75 0 1 0 0 0 0 0 3 0 92 220 146 66 147 45 337 196 94 136 44 37 0 176 26 173 142 149 165 332 0 7 0 2 3 0 6 4 0 0 3 0 2 3 0 0 0 0 0 0 0 0 0 3 0 0 3 0 38 0 4 0 3 0 0 0 2 2 0 2 0 0 0 0 0 18 0 0 0 0 0 0 0 0 0 0 0 0 0 0 0 1 15 25 0 0 29 17 32 14 59 19 0 16 22 30 0 12 12 29 0 0 0 2 0 0 2 0 10 0 0 0 0 0 0 0 0 0 0 2 0 0 0 0 0 4 0 0 0 14 0 0 0 0 12 0 0 0 0 0 0 0 0 0 0 0 0 0 0 0 0 0 0 0 0 0 0 0 0 0 37 39 0 0 0 0 0 39 24 63 16 31 46 1 9 13 30 44 45 34 0 0 0 0 0 2 0 0 0 0 2 1 0 0 0 0 0 0 0 0 0 0 0 0 0 0 0 0 0 0 0 0 0 0 0 0 0 0 0 0 0 0 0 0 0 0 0 0 0 19 0 0 0 0 27 0 0 0 75 0 0 0 0 0 0 0 0 0 0 0 0 0 0 0 0 0 0 0 0 0 0 0 0 0 0 0 0 0 0 0 
 3 3 3 101 149 76 3 5 3 35 90 211 3 3 5 23 78 75 3 4 38 149 218 83 277 114 197 366 112 176 241 37 176 0 90 512 42 128 279 309 0 3 1 0 6 0 0 2 63 0 0 202 0 0 3 3 0 1 0 0 0 0 0 3 0 0 3 0 0 0 0 0 8 2 0 0 0 2 0 4 0 2 0 27 57 0 0 0 0 10 10 26 0 0 0 0 9 0 0 0 48 11 0 0 2 0 31 24 2 1 25 19 18 0 30 16 8 0 0 33 0 0 0 1 0 0 1 0 10 0 0 0 2 0 0 0 0 0 1 0 0 0 0 0 0 0 0 0 0 0 0 12 0 0 0 0 1 0 1 0 0 0 0 12 0 23 0 0 19 0 19 13 0 0 11 0 0 26 0 0 65 0 0 0 1 7 13 25 0 47 0 18 0 59 30 22 0 18 10 0 9 0 0 19 0 0 0 0 0 0 0 0 0 0 0 0 0 0 2 0 0 0 0 0 0 0 0 2 0 0 0 0 0 9 0 0 0 0 0 0 0 0 0 0 0 0 31 0 0 0 0 0 0 0 10 0 2 0 77 1 2 9 0 0 0 0 0 0 0 0 0 0 0 0 0 0 0 28 0 0 0 0 0 0 0 0 15 0 0 0 
 0 0 2 0 1 77 0 0 0 0 19 0 0 0 2 0 0 1 0 2 122 349 62 209 258 270 89 130 81 281 438 199 26 90 0 68 448 133 144 92 0 0 0 0 3 0 1 5 0 0 3 0 0 0 0 0 0 0 64 0 0 0 0 3 0 0 3 0 0 0 0 0 3 0 0 0 1 2 0 2 1 0 0 2 0 0 0 0 0 19 0 11 0 0 0 0 0 10 0 0 27 18 1 2 4 26 16 8 14 32 0 48 9 0 30 13 15 0 0 7 10 0 2 0 0 1 0 0 0 0 10 0 1 0 0 0 0 0 4 49 0 0 0 2 0 0 0 0 0 0 0 0 0 0 0 0 1 2 0 0 0 0 0 0 0 0 0 0 0 0 1 0 0 0 0 0 0 0 0 0 17 0 24 47 33 10 30 0 31 0 18 41 0 0 15 15 12 10 14 0 24 0 0 0 0 0 12 0 0 0 0 0 42 1 2 0 0 0 0 0 0 11 0 0 0 0 0 0 0 0 0 0 0 0 0 0 0 0 0 0 0 0 0 0 0 0 0 0 0 19 0 0 0 0 11 0 2 81 2 2 10 0 0 0 0 0 21 0 0 0 0 1 0 0 0 0 0 0 0 0 0 22 0 0 0 14 0 0 0 0 
 0 0 0 0 0 75 0 1 0 0 62 0 3 0 0 0 0 0 0 0 63 214 573 68 157 141 107 42 53 81 113 66 173 512 68 0 70 135 121 258 0 6 0 1 3 0 0 4 0 0 0 206 0 0 0 0 3 1 0 0 3 0 0 0 0 0 3 0 2 0 0 0 3 33 0 2 0 2 0 2 0 0 0 0 0 17 0 0 0 0 0 0 0 2 0 0 0 0 0 0 24 11 15 27 0 0 24 51 14 0 56 2 19 17 20 2 18 26 35 13 0 0 0 0 0 0 37 0 0 0 9 0 11 0 0 0 0 0 12 0 0 0 0 0 0 8 0 0 0 43 0 0 0 0 21 0 1 0 0 0 0 0 1 14 0 0 0 0 0 0 1 0 0 0 0 1 0 0 0 0 36 22 0 19 0 16 0 31 1 31 21 2 17 11 46 26 2 21 0 50 2 0 0 0 0 0 2 0 0 0 0 0 0 15 0 0 0 0 0 27 0 0 0 0 0 0 0 0 0 0 0 0 0 0 0 0 2 0 0 0 0 0 0 0 0 0 0 0 0 0 0 0 0 0 8 0 0 1 0 1 1 0 1 0 0 0 0 0 0 0 0 0 0 0 0 0 0 0 0 0 0 0 0 0 0 0 9 0 0 0 
 0 0 0 2 0 164 2 0 1 0 0 0 1 33 2 0 0 0 2 3 118 134 49 31 135 289 88 158 253 274 351 101 142 42 448 70 0 127 31 141 3 0 0 0 3 0 0 2 10 0 0 0 0 0 0 0 0 0 64 3 0 0 0 1 50 0 3 0 1 0 0 0 9 2 4 0 1 2 1 2 0 0 0 0 0 8 0 0 0 0 0 0 14 0 0 0 0 0 0 0 43 31 35 13 12 3 2 23 0 4 0 7 0 22 14 11 3 38 0 0 0 2 0 0 0 0 0 0 0 0 2 0 17 0 0 0 0 0 0 0 0 0 0 0 0 8 0 0 0 8 0 0 0 0 3 0 0 7 0 1 0 0 0 0 0 0 0 2 2 1 0 0 0 0 0 0 1 0 0 0 14 2 1 33 21 7 0 53 36 24 18 27 56 9 18 44 19 34 6 0 0 0 0 0 20 0 0 0 0 0 0 0 10 0 0 0 0 0 12 0 2 0 0 0 0 11 0 0 0 0 0 0 0 0 0 0 0 0 0 0 0 0 0 0 0 0 0 0 0 0 0 0 0 0 17 0 0 74 0 1 0 0 0 0 0 0 14 0 0 0 0 0 0 45 0 0 0 0 0 0 0 0 0 0 0 0 3 0 0 0 
 0 0 2 1 0 3 0 0 0 0 2 4 3 2 0 0 0 0 0 0 27 59 361 93 124 57 124 99 407 83 226 87 149 128 133 135 127 0 91 189 0 0 3 0 3 0 0 4 2 0 5 0 0 0 0 0 0 0 0 0 0 0 0 1 0 0 3 0 1 0 0 0 3 0 0 0 7 2 0 4 0 0 0 0 0 13 0 0 0 0 0 1 0 0 0 0 0 0 0 0 12 31 11 9 0 32 18 36 0 9 43 10 1 1 14 41 8 2 7 0 16 0 0 0 1 0 0 0 3 2 0 0 8 0 0 0 0 0 17 0 0 0 0 0 0 47 0 0 6 6 0 0 1 0 8 0 0 0 0 0 0 0 0 0 0 0 0 0 0 0 0 0 0 0 0 0 12 0 0 0 53 11 10 12 1 1 0 32 68 27 10 19 0 0 0 1 13 0 0 49 20 0 0 0 0 0 16 3 0 0 0 0 12 18 0 0 0 0 10 25 0 0 0 2 0 0 9 0 0 0 0 0 0 0 0 0 0 2 0 0 0 0 12 0 0 0 0 0 0 0 0 0 0 0 16 0 3 7 75 0 0 0 0 0 0 0 1 0 0 0 0 0 0 0 0 0 0 0 0 0 0 13 0 0 0 1 0 0 0 0 
 0 85 0 173 12 22 2 0 0 1 136 0 0 0 0 2 1 1 0 0 319 110 24 78 268 236 186 57 89 277 24 33 165 279 144 121 31 91 0 166 0 5 0 0 3 0 0 4 3 0 0 0 0 0 0 0 0 0 0 0 0 0 0 1 0 0 3 0 1 4 0 0 3 3 0 0 0 2 0 2 0 0 17 9 0 0 0 0 0 8 15 49 0 0 0 0 6 0 0 0 33 15 32 2 0 0 39 54 25 0 0 0 35 11 18 20 9 7 1 93 0 0 0 0 0 0 0 0 0 0 0 0 0 0 0 0 0 0 0 0 0 0 0 0 0 0 0 0 9 0 0 6 0 0 0 0 0 0 0 0 0 0 13 39 0 2 0 0 15 0 0 0 0 0 0 0 0 10 0 0 0 23 13 1 0 0 17 19 0 8 0 0 7 24 73 2 8 12 57 11 0 0 0 0 0 0 0 0 0 0 0 0 0 0 0 0 0 0 0 0 0 0 0 0 0 0 0 0 0 0 0 0 0 0 0 0 0 0 0 0 0 0 0 0 0 0 0 0 0 107 0 0 1 0 22 0 0 0 2 2 12 0 0 0 0 0 0 0 0 0 0 0 0 0 0 2 0 11 0 0 0 0 0 0 0 0 0 0 0 0 
 1 0 0 0 0 158 0 0 3 0 20 0 1 0 4 0 2 0 0 0 311 74 246 132 90 35 129 103 41 84 110 235 332 309 92 258 141 189 166 0 0 12 0 0 3 0 0 4 0 0 0 0 0 0 0 0 0 0 0 0 0 0 0 2 0 0 3 0 0 1 0 0 6 0 0 0 0 2 0 2 0 0 0 0 0 18 0 0 0 14 0 23 0 0 0 0 0 4 0 0 30 26 13 20 0 1 23 22 3 0 29 0 29 34 13 1 14 22 0 8 0 1 0 0 0 0 0 0 0 0 0 0 0 0 0 0 0 0 0 0 0 0 67 0 0 7 0 0 0 23 0 0 11 0 28 0 1 0 0 0 0 0 0 14 0 0 0 1 1 2 0 0 0 0 0 0 2 0 0 0 17 14 13 20 27 1 18 14 2 32 18 0 13 22 15 27 43 13 41 14 0 0 0 0 0 0 1 0 0 0 0 0 0 0 0 0 0 0 0 0 0 0 0 0 0 0 0 0 0 0 0 0 0 0 0 0 0 0 0 0 0 0 0 0 0 0 0 0 17 20 0 0 0 0 10 0 1 1 0 1 12 2 0 0 20 0 0 0 0 0 0 0 1 0 0 0 0 0 0 0 0 0 0 0 0 0 0 0 0 0 
 0 0 0 0 0 0 0 0 0 0 0 0 0 0 0 0 0 0 0 0 0 0 0 30 0 5 0 0 0 0 0 37 0 0 0 0 3 0 0 0 0 114 141 61 111 27 56 132 90 330 94 314 125 36 105 93 43 168 110 190 0 0 0 0 5 6 0 0 0 4 0 0 0 0 0 0 2 0 0 0 0 0 0 0 0 0 0 0 0 0 0 0 0 0 0 0 0 0 0 0 0 0 0 0 19 11 0 0 0 0 0 0 0 0 0 0 0 0 0 0 17 31 0 12 0 0 20 16 0 10 0 33 0 11 0 9 4 9 1 22 1 0 14 0 1 5 0 0 0 0 0 13 0 0 0 0 0 0 0 0 0 0 0 0 1 0 0 0 0 0 21 0 0 0 2 0 0 0 3 0 0 0 0 0 63 0 0 0 0 0 0 0 0 0 0 0 0 0 0 19 17 0 26 11 7 17 1 0 38 33 9 0 2 11 11 8 6 19 20 0 0 0 0 0 0 0 20 0 0 0 0 0 0 1 18 0 0 0 22 0 0 0 0 0 0 0 0 0 0 17 0 6 0 2 0 0 0 0 0 0 0 0 68 1 0 25 0 0 0 0 0 0 0 0 0 0 0 0 0 0 0 0 0 0 8 13 0 0 2 0 
 0 0 0 0 0 13 0 0 0 0 0 0 0 0 0 0 0 0 0 0 1 0 2 0 0 64 5 0 0 0 0 0 7 3 0 6 0 0 5 12 114 0 173 148 97 321 183 120 152 145 46 62 82 164 145 122 136 30 93 308 0 0 0 0 0 0 0 0 0 0 0 0 0 0 0 0 1 0 0 0 0 0 0 0 0 0 0 0 0 9 9 0 0 0 0 0 0 0 0 0 0 0 3 2 9 0 0 0 0 0 0 15 0 1 0 0 0 0 8 3 20 8 18 0 7 11 0 34 20 0 10 2 0 20 30 23 7 8 0 10 28 8 0 0 0 0 0 0 0 0 0 9 13 0 0 0 0 0 8 0 0 0 0 0 0 0 0 0 0 0 0 0 10 2 0 2 0 0 0 0 0 5 0 0 0 0 0 5 0 1 15 0 6 0 4 2 0 15 7 0 0 8 7 8 0 39 0 9 9 16 1 7 0 9 13 7 10 0 0 0 0 0 0 0 7 0 13 0 16 0 0 0 2 9 0 0 0 0 0 5 0 0 0 0 0 0 0 0 0 0 0 16 0 2 0 0 0 0 0 44 0 0 0 0 2 1 0 0 0 0 0 0 0 0 0 0 0 0 0 0 0 0 0 0 0 0 0 9 2 0 
 3 3 3 3 5 3 7 3 3 3 3 7 3 3 3 7 3 3 3 3 0 2 3 4 0 2 0 0 0 0 0 0 0 1 0 0 0 3 0 0 141 173 0 112 134 36 51 413 129 695 101 164 274 57 298 64 73 76 47 97 0 0 0 0 0 0 0 0 0 0 0 0 51 0 1 0 9 206 51 3 0 0 0 0 51 0 0 0 0 0 0 0 0 0 18 0 0 0 0 0 0 0 0 0 0 3 0 0 7 0 0 0 0 0 0 0 0 0 0 0 1 19 18 27 16 37 3 30 14 0 0 48 10 29 7 25 20 0 0 4 0 0 0 0 0 0 0 0 17 0 0 0 19 11 15 0 0 0 13 8 0 0 0 0 0 0 0 0 0 0 0 0 0 5 0 10 0 0 0 0 0 0 0 0 8 0 0 0 0 0 0 0 0 0 0 0 0 0 0 0 0 0 6 0 38 32 0 0 0 65 22 9 0 13 59 9 16 1 0 0 0 2 0 0 0 0 13 13 0 0 0 0 3 0 8 0 0 0 18 12 0 0 2 0 0 0 0 0 0 0 0 8 0 1 0 0 0 0 0 0 0 0 1 0 68 1 0 0 0 0 0 0 0 0 0 0 0 0 0 0 0 0 0 0 20 0 0 1 0 0 
 0 0 0 0 3 0 6 58 0 0 0 2 1 0 0 6 0 0 0 2 0 3 3 0 0 282 0 3 0 0 5 0 2 0 0 1 0 0 0 0 61 148 112 0 153 283 58 95 107 181 140 60 151 140 135 225 141 121 92 117 2 3 0 0 8 0 26 51 2 0 2 0 5 59 93 3 1 0 0 5 0 0 16 0 0 0 0 0 0 0 0 0 0 0 0 0 0 0 0 0 0 0 0 0 0 35 0 0 0 5 0 0 0 0 0 0 0 0 0 0 0 12 10 11 16 4 0 28 7 30 10 10 0 6 15 0 10 45 0 0 25 8 0 0 0 9 0 0 1 0 2 0 6 3 0 0 0 0 11 48 0 0 0 0 0 0 0 0 0 0 0 0 0 0 0 0 0 0 0 0 0 0 9 0 0 0 0 0 0 0 0 0 0 0 0 0 0 0 0 0 2 0 25 32 19 38 0 4 35 23 1 17 0 0 33 0 10 9 0 0 0 0 0 0 0 0 17 7 14 0 0 0 13 14 0 44 0 0 34 19 0 0 38 0 0 0 0 0 0 0 0 5 0 0 0 0 0 0 0 13 0 29 2 2 66 2 1 1 2 0 0 0 0 0 0 0 0 0 0 0 0 1 2 0 12 0 0 4 1 0 
 3 0 0 66 0 0 0 6 0 0 0 3 0 0 3 0 0 0 0 63 3 3 3 3 3 3 3 9 3 6 3 3 3 6 3 3 3 3 3 3 111 97 134 153 0 177 178 151 123 175 154 291 100 217 297 214 63 109 66 84 4 29 2 1 3 1 0 0 0 0 12 0 45 57 58 35 4 1 1 0 0 0 0 0 0 0 0 0 0 0 0 0 0 0 0 0 0 0 0 0 0 0 0 0 0 0 0 0 0 0 0 0 0 0 0 0 7 0 0 0 0 19 19 0 8 4 0 46 13 14 37 9 0 3 0 0 11 27 0 13 4 4 0 0 0 0 0 0 0 2 1 4 4 13 3 5 0 0 0 1 0 0 0 0 0 0 0 0 0 0 0 0 0 6 0 12 0 0 0 0 0 0 0 0 0 0 0 0 0 0 9 0 0 0 0 0 0 0 0 0 0 0 27 0 0 0 0 0 2 0 14 18 0 0 0 4 3 0 0 0 0 28 0 42 7 0 20 22 3 0 0 1 1 15 0 21 13 0 1 0 0 0 1 0 0 0 2 0 0 0 0 12 0 0 0 0 2 0 0 1 0 0 0 1 1 3 2 63 3 1 4 0 0 0 0 4 0 0 0 0 0 0 0 0 0 0 0 10 0 0 
 0 0 0 0 0 0 7 0 0 0 0 0 0 1 3 0 0 0 0 0 6 0 0 0 0 1 3 3 0 0 0 6 0 0 0 0 0 0 0 0 27 321 36 283 177 0 35 26 65 64 213 74 251 104 57 138 150 55 41 44 9 0 3 9 0 5 21 51 3 5 14 1 51 57 110 22 6 0 50 1 0 0 0 0 0 0 0 0 0 0 0 0 0 0 0 0 0 0 0 0 0 0 0 0 0 0 0 0 0 0 0 0 0 0 0 0 0 0 0 0 0 18 43 1 15 6 0 18 0 0 10 22 0 0 0 29 0 0 0 0 27 14 9 30 0 0 9 0 0 32 0 0 19 5 0 7 0 3 20 6 0 0 0 0 0 0 0 0 0 0 0 0 0 0 0 0 0 0 0 0 0 0 0 0 0 0 0 0 0 0 0 0 0 0 0 0 0 0 0 0 0 0 14 16 23 51 0 0 0 4 0 15 0 0 0 0 7 0 0 0 12 1 0 3 0 3 27 21 14 0 0 0 1 14 10 27 10 6 12 21 7 0 0 0 0 0 0 0 0 0 0 6 0 0 0 0 0 0 0 9 0 0 0 4 66 0 6 2 0 0 0 0 0 0 0 0 0 0 0 0 0 0 0 0 19 0 0 22 0 0 
 0 0 0 0 0 0 0 0 0 0 0 0 0 0 0 0 0 0 0 0 0 0 0 64 1 2 0 0 0 80 55 0 6 0 1 0 0 0 0 0 56 183 51 58 178 35 0 100 112 92 95 402 196 197 30 90 65 50 175 91 0 0 0 0 0 3 0 0 0 0 0 0 0 0 0 0 0 7 0 0 0 0 0 0 0 0 0 0 0 0 0 0 0 0 0 0 0 0 0 0 0 0 0 0 36 22 0 0 2 0 0 0 0 0 0 0 7 0 10 0 13 20 30 15 1 4 7 102 23 21 17 1 0 8 19 26 24 19 13 39 0 1 0 1 0 0 0 0 0 0 0 22 38 0 0 0 0 0 3 0 0 0 0 0 0 0 0 0 0 0 0 0 0 0 0 0 0 0 0 0 0 0 0 0 16 17 0 0 0 0 0 0 0 0 0 0 0 0 0 0 0 22 26 6 0 0 0 14 5 0 46 25 12 8 1 71 33 0 10 11 0 0 0 0 0 0 20 1 0 0 0 0 0 15 0 0 0 0 0 0 0 0 0 0 0 0 0 0 0 0 0 6 0 0 0 0 0 0 0 0 0 0 0 66 0 0 2 0 0 0 1 0 0 0 0 0 0 0 0 0 0 0 0 0 4 0 0 2 0 0 
 4 4 2 2 4 4 2 4 3 4 2 4 4 4 5 2 80 4 2 2 4 3 3 4 2 2 4 5 3 3 7 2 4 2 5 4 2 4 4 4 132 120 413 95 151 26 100 0 142 303 106 164 342 112 86 68 131 96 47 58 0 0 0 0 0 0 3 0 0 0 0 2 0 0 1 2 1 0 0 0 0 0 0 0 0 0 0 0 0 0 0 0 0 20 8 0 0 0 0 0 0 0 0 0 3 0 0 0 0 0 0 0 0 0 0 0 0 0 0 0 0 0 18 9 7 24 0 62 6 0 0 48 0 9 8 30 15 0 0 0 0 0 0 0 0 0 3 0 15 0 0 0 33 0 15 0 0 0 12 0 0 0 0 0 0 49 0 0 0 0 0 0 0 3 0 31 0 0 0 0 0 0 0 0 20 0 0 0 0 0 0 0 0 0 0 0 0 0 0 0 0 0 0 0 27 27 0 0 0 26 19 0 0 1 18 10 12 1 0 0 1 0 0 0 0 1 59 0 0 0 0 1 23 21 14 0 0 0 0 6 0 0 4 0 0 0 0 0 0 0 0 17 0 0 0 0 0 2 0 0 0 0 5 0 0 0 0 0 2 0 0 0 0 0 0 0 0 0 0 0 0 0 0 0 0 13 0 0 0 0 
 0 0 0 62 42 0 4 0 0 0 0 0 4 0 0 66 0 33 0 0 0 8 0 0 0 2 1 0 0 0 0 0 0 63 0 0 10 2 3 0 90 152 129 107 123 65 112 142 0 256 101 276 170 98 110 355 604 58 281 366 6 4 1 0 50 0 6 0 0 0 0 4 0 7 3 4 1 0 1 0 0 0 0 19 0 0 0 0 0 0 24 9 0 0 0 0 0 0 0 0 0 0 0 0 0 0 0 0 0 0 0 0 15 0 0 22 0 1 0 31 14 8 29 10 6 10 0 22 23 0 0 44 0 17 8 30 8 0 0 0 10 0 0 5 0 0 0 0 0 0 3 47 0 0 0 6 0 4 0 0 0 0 0 12 0 22 0 0 0 0 0 0 0 0 0 0 0 0 0 0 0 0 0 0 0 0 16 3 0 0 0 0 0 0 18 2 0 0 5 0 0 4 13 3 6 10 0 12 0 21 9 0 0 21 21 0 0 1 0 0 0 1 0 1 0 0 65 0 13 0 10 0 8 0 1 0 3 0 5 2 0 0 0 0 5 0 0 0 0 0 15 9 0 1 0 0 0 1 0 12 0 0 2 0 0 0 2 0 0 0 0 0 0 11 0 1 0 0 0 0 0 0 0 0 2 0 0 0 0 0 
 0 0 0 0 0 0 4 0 63 0 0 0 4 0 0 0 0 0 0 1 0 6 4 0 0 0 4 0 0 0 0 0 0 0 0 0 0 0 0 0 330 145 695 181 175 64 92 303 256 0 102 90 137 141 117 207 176 307 154 183 0 0 0 0 4 0 0 0 2 0 0 1 0 0 0 0 2 0 0 0 0 0 0 0 0 0 0 0 0 0 0 0 0 0 0 0 0 0 0 0 0 0 0 0 0 5 0 0 0 0 0 0 0 0 0 0 0 0 0 0 29 21 1 2 7 13 7 76 10 1 0 13 0 0 42 58 38 25 0 41 0 0 0 0 0 0 0 0 0 0 0 22 29 0 0 0 0 0 0 0 0 0 0 0 0 0 0 0 0 0 0 0 0 3 0 26 0 0 0 0 0 0 0 0 21 2 0 0 0 0 0 0 0 0 0 0 0 0 0 0 8 9 16 19 0 0 0 14 0 0 7 11 0 19 10 34 13 6 0 0 0 0 0 4 0 0 0 0 0 0 0 0 3 0 0 0 0 0 10 0 0 0 0 0 0 0 0 0 0 0 0 15 0 2 62 0 0 2 0 0 0 20 1 0 2 2 5 0 3 0 0 0 0 0 2 0 0 0 0 0 0 0 0 0 11 0 0 0 2 0 
 2 2 2 2 3 2 2 5 2 2 3 2 2 2 3 2 3 3 2 2 0 6 29 1 5 3 0 0 0 0 9 3 3 0 3 0 0 5 0 0 94 46 101 140 154 213 95 106 101 102 0 203 40 40 67 87 239 79 40 194 0 0 0 0 2 1 52 21 0 0 0 0 2 56 21 51 2 0 22 1 0 0 0 0 12 0 0 0 0 0 0 0 0 0 0 0 0 0 0 0 0 0 0 0 0 0 0 0 1 0 0 9 0 0 2 0 0 0 0 0 10 0 42 0 0 10 0 0 27 13 22 59 0 19 1 0 50 0 1 13 0 4 0 0 0 0 0 0 0 0 0 18 9 0 0 2 0 17 14 0 0 0 0 0 0 3 0 0 0 0 0 0 0 0 0 0 0 0 0 0 5 0 3 0 0 0 0 0 7 0 0 0 0 0 0 0 29 0 0 0 8 1 3 32 32 0 5 29 27 0 37 47 4 3 27 20 0 7 0 0 6 0 0 0 0 0 33 1 0 0 0 0 1 0 0 22 0 0 6 25 0 0 2 0 0 0 0 0 0 0 0 3 0 0 0 0 0 0 2 9 0 0 1 0 0 0 3 0 6 0 0 0 0 0 0 0 0 0 0 0 0 8 0 0 0 0 0 0 0 0 
 0 0 0 0 0 0 0 0 0 0 0 3 0 1 1 0 0 0 0 0 0 0 0 0 1 1 0 0 0 0 0 0 0 202 0 206 0 0 0 0 314 62 164 60 291 74 402 164 276 90 203 0 54 91 73 107 608 206 241 92 1 0 20 5 0 0 0 0 7 8 9 0 0 0 5 7 2 0 69 0 0 0 0 0 0 0 0 0 0 0 0 0 0 0 0 0 0 0 0 0 0 0 0 0 0 0 0 0 0 0 10 0 0 0 0 0 0 0 0 0 7 0 22 10 11 16 0 4 15 30 37 11 0 9 0 0 34 12 0 12 0 5 0 8 1 0 2 0 14 0 0 0 28 0 6 1 0 1 12 20 0 0 0 0 0 0 0 0 0 0 0 0 0 12 0 3 0 0 0 0 0 0 0 0 0 0 0 0 0 0 0 0 0 0 0 0 0 0 0 0 0 0 4 8 25 13 0 0 10 10 63 0 0 0 12 32 12 6 12 0 9 0 0 0 0 18 20 0 0 0 0 4 10 0 0 0 0 0 12 12 0 0 23 0 0 0 0 0 0 0 0 10 0 0 0 0 0 0 0 19 0 0 6 6 2 6 4 2 0 0 0 0 0 0 0 0 0 0 0 0 0 0 0 0 0 0 0 0 0 0 
 3 3 3 3 3 3 7 2 3 2 3 65 2 3 3 2 3 3 3 1 0 0 3 89 1 4 2 1 0 63 88 126 2 0 0 0 0 0 0 0 125 82 274 151 100 251 196 342 170 137 40 54 0 145 187 41 72 519 332 105 0 0 2 0 200 0 57 4 0 1 0 0 7 0 1 0 0 0 5 3 0 0 0 0 0 0 0 0 0 0 0 0 0 0 0 0 0 0 0 0 0 2 0 14 28 19 0 0 0 0 0 0 0 7 2 0 0 0 0 0 36 20 22 14 9 0 0 9 10 1 0 1 9 28 8 17 51 7 9 29 0 8 0 3 0 0 8 6 0 0 0 20 0 0 0 0 1 0 0 3 0 0 5 9 7 0 0 0 0 0 5 0 0 0 3 0 0 0 0 0 11 0 0 0 20 12 0 2 0 0 0 0 0 0 0 0 0 0 0 0 14 47 9 26 8 12 19 14 9 8 4 7 28 8 7 15 0 18 6 24 4 0 10 0 0 0 7 0 0 0 9 0 0 0 24 9 0 9 11 0 0 0 0 0 0 2 0 0 0 0 0 4 0 0 0 0 0 5 0 0 1 0 2 0 1 23 0 0 2 0 4 0 0 0 0 0 0 0 0 0 0 0 0 0 0 0 0 0 0 0 
 0 0 0 0 0 0 0 0 0 0 0 2 0 0 1 0 0 0 0 4 0 0 0 0 63 32 0 0 0 0 0 0 3 0 0 0 0 0 0 0 36 164 57 140 217 104 197 112 98 141 40 91 145 0 328 181 138 35 530 63 0 0 0 0 0 0 0 0 0 0 0 0 0 0 0 0 2 0 204 0 2 0 0 0 0 0 0 0 0 19 0 0 0 0 0 0 0 0 8 0 0 0 0 11 0 0 0 0 0 0 0 0 0 0 0 0 0 0 0 0 11 19 18 0 1 0 11 48 14 11 36 3 0 8 11 21 20 21 1 12 6 7 0 0 0 0 0 0 0 0 3 15 29 0 0 0 0 0 19 0 4 0 0 0 0 0 4 10 0 0 0 0 0 5 0 0 0 0 7 0 0 0 0 0 0 0 0 0 0 0 0 0 0 0 2 0 0 0 0 0 18 24 54 12 0 0 0 12 32 9 20 11 0 15 12 34 48 12 1 2 0 0 0 0 0 0 19 0 0 0 0 0 0 13 0 0 0 0 0 0 0 0 0 0 0 0 0 0 0 0 0 7 0 1 0 0 0 62 1 1 0 0 0 81 12 2 2 0 0 0 9 0 0 0 0 0 0 0 0 0 0 0 0 0 0 1 0 23 1 0 
 0 0 0 0 0 0 0 0 0 0 0 0 0 0 4 0 0 0 0 0 0 0 0 0 93 30 0 0 0 0 76 154 0 3 0 0 0 0 0 0 105 145 298 135 297 57 30 86 110 117 67 73 187 328 0 246 52 35 208 249 0 0 10 2 0 0 0 0 7 13 7 2 0 1 1 4 2 2 0 0 0 0 0 0 0 6 0 0 0 0 0 0 18 0 0 0 0 0 0 0 0 0 0 17 30 35 0 0 0 0 0 0 0 0 0 0 1 0 0 0 1 9 0 0 0 0 18 0 0 0 0 0 12 21 22 12 0 15 2 0 0 0 0 1 7 0 0 0 0 0 3 0 0 0 0 0 0 0 12 0 0 0 5 0 5 9 0 0 0 0 7 0 0 0 0 0 0 0 0 0 0 0 1 0 10 2 0 0 0 0 0 0 0 0 0 0 0 0 0 0 68 5 0 7 0 0 37 19 30 0 18 0 10 0 42 0 21 1 22 9 0 0 0 0 0 12 0 0 0 0 0 5 0 0 0 0 0 0 0 0 0 0 0 0 0 0 0 0 0 0 0 7 0 0 0 0 2 1 0 0 0 0 0 0 0 16 0 0 3 0 0 0 2 0 0 0 0 0 0 0 0 0 0 0 1 25 0 0 0 0 
 0 0 0 0 0 0 0 0 0 0 0 0 4 0 1 0 0 3 0 0 0 0 0 3 0 70 0 0 0 0 0 77 0 3 0 0 0 0 0 0 93 122 64 225 214 138 90 68 355 207 87 107 41 181 246 0 90 72 346 157 0 0 0 0 0 0 0 0 0 4 0 0 54 0 0 0 1 0 0 0 0 0 0 0 0 0 0 7 0 0 0 0 0 0 0 0 0 4 0 0 0 0 0 0 0 6 0 0 0 0 0 0 0 0 0 0 0 0 0 0 31 25 11 0 1 0 25 30 11 8 15 5 3 17 17 17 29 44 1 17 7 7 0 0 0 0 0 0 0 0 0 0 21 0 0 0 0 0 9 0 0 0 0 0 0 0 0 0 0 0 0 0 0 0 0 0 0 0 0 0 3 0 0 0 27 0 0 0 0 0 0 0 0 0 0 0 0 0 0 0 2 6 10 3 0 1 1 1 11 10 17 6 0 7 27 16 17 0 19 0 0 0 0 0 0 0 11 0 0 0 0 0 0 6 0 0 0 0 0 0 0 0 0 0 0 0 0 0 0 0 0 11 0 0 0 0 0 0 0 1 0 0 0 65 5 0 0 0 0 0 0 0 0 0 0 0 0 0 0 0 0 3 0 0 8 14 0 34 2 0 
 62 0 0 0 0 0 0 0 0 0 0 0 6 0 2 0 0 0 0 0 0 5 0 0 0 0 0 0 0 0 0 0 0 0 0 3 0 0 0 0 43 136 73 141 63 150 65 131 604 176 239 608 72 138 52 90 0 226 311 38 0 0 0 0 0 0 51 0 0 0 0 0 6 0 0 0 1 0 0 1 0 0 0 0 0 0 0 0 0 0 0 0 0 0 0 0 0 0 0 0 0 0 0 0 0 0 1 0 0 0 0 0 0 0 0 0 0 0 0 0 17 0 10 0 33 0 0 12 17 19 66 49 0 5 25 13 13 6 0 22 12 10 6 0 0 0 16 6 0 0 0 16 0 0 0 0 0 0 0 0 0 0 0 0 0 0 0 0 0 0 0 0 0 0 0 0 0 0 0 0 0 0 0 0 0 0 0 0 0 0 0 0 0 0 0 0 0 0 0 0 0 12 0 29 21 22 0 9 2 0 10 21 0 9 11 13 0 10 0 0 3 0 21 0 0 0 49 5 6 0 1 0 25 20 15 40 0 22 10 6 0 0 0 0 0 1 0 0 0 0 0 8 0 0 0 0 0 0 0 23 0 0 63 0 1 3 1 1 2 2 0 0 0 0 10 0 0 0 0 0 0 0 4 0 0 0 0 0 0 0 
 64 0 0 0 0 0 0 4 0 0 0 0 0 1 0 0 0 0 0 0 0 0 3 0 0 1 0 1 0 1 0 7 0 1 0 1 0 0 0 0 168 30 76 121 109 55 50 96 58 307 79 206 519 35 35 72 226 0 34 103 4 4 0 0 52 0 0 0 3 0 0 0 3 3 3 3 1 0 0 3 0 0 0 5 0 0 0 0 0 0 0 0 0 0 0 0 0 0 0 0 0 18 0 0 0 0 0 0 0 0 0 0 0 0 0 0 0 0 0 0 7 38 0 19 10 8 0 20 7 13 5 16 0 5 0 25 31 34 8 0 0 0 0 0 0 0 2 0 12 0 0 0 12 0 11 0 0 0 0 12 0 0 0 0 0 0 0 0 0 0 0 0 0 1 0 0 0 0 1 1 0 0 0 0 0 0 0 0 0 0 0 1 0 0 0 0 0 0 0 0 0 0 10 10 14 20 0 0 0 37 11 0 0 9 9 36 12 12 0 0 0 0 0 0 0 0 15 0 0 0 6 0 17 11 10 0 0 0 12 0 0 0 12 0 9 1 0 0 0 0 0 5 42 0 2 2 0 0 0 11 0 0 32 72 2 0 0 0 0 0 1 0 0 5 0 0 0 0 0 0 0 0 0 0 0 0 0 0 0 0 
 0 0 0 0 0 0 0 0 0 0 0 0 8 0 0 0 0 0 61 0 0 0 2 24 63 0 0 3 62 24 128 124 0 0 64 0 64 0 0 0 110 93 47 92 66 41 175 47 281 154 40 241 332 530 208 346 311 34 0 76 0 0 1 0 0 0 0 0 0 0 0 0 3 0 2 1 2 0 201 7 0 0 0 0 0 0 0 0 0 0 0 0 0 0 0 0 0 0 0 0 0 0 0 10 32 20 0 0 10 0 0 8 0 0 0 0 0 0 0 0 29 17 24 9 0 4 13 11 9 33 0 0 4 14 54 24 2 22 0 34 0 0 0 3 0 11 0 0 0 0 0 1 0 0 23 0 0 0 5 0 0 0 9 0 11 0 0 0 0 0 6 0 0 0 2 0 0 0 0 0 0 0 0 0 23 3 0 0 5 0 8 15 0 0 0 0 22 0 0 0 19 23 18 15 0 0 23 1 82 4 0 19 26 9 11 14 6 10 0 25 0 0 47 0 0 42 0 0 0 0 0 0 4 5 0 0 0 0 0 0 0 0 0 0 0 0 0 0 0 0 0 9 0 0 0 0 0 1 1 0 0 0 0 0 2 5 2 0 0 0 0 0 0 0 0 0 0 0 0 0 0 0 4 0 0 0 0 0 1 0 
 0 0 0 0 0 0 0 0 0 0 0 2 0 0 0 0 0 0 0 0 0 0 3 0 63 0 0 0 0 0 71 133 0 0 0 0 3 0 0 0 190 308 97 117 84 44 91 58 366 183 194 92 105 63 249 157 38 103 76 0 3 2 0 0 0 0 203 3 0 27 0 0 0 0 0 0 14 0 1 0 0 0 0 0 0 0 0 0 0 0 0 0 0 0 0 0 0 0 0 0 0 0 0 6 20 14 0 0 0 0 0 0 0 0 0 0 0 0 0 0 21 23 6 12 0 0 24 10 0 25 0 0 0 1 21 11 7 24 11 23 0 0 0 0 0 0 0 0 0 5 0 8 0 4 7 0 78 0 0 0 13 0 2 0 4 0 0 0 0 0 2 0 0 0 18 0 0 0 0 0 0 0 0 0 13 0 0 0 0 24 0 0 0 0 0 0 0 0 0 0 14 10 20 11 0 10 20 0 17 0 13 0 15 10 35 7 0 10 23 0 0 5 0 6 17 1 0 0 6 6 0 0 0 0 0 0 2 0 10 0 0 0 0 0 0 2 0 0 0 0 0 4 2 0 0 0 0 0 0 0 0 0 1 1 1 20 4 0 3 0 10 0 0 0 0 20 0 0 0 0 0 0 0 0 7 27 0 0 0 0 
 0 0 0 0 0 1 0 0 0 0 0 0 3 0 0 0 0 0 0 0 0 51 0 0 0 0 0 54 0 0 0 0 0 0 0 3 0 0 0 0 0 0 0 2 4 9 0 0 6 0 0 1 0 0 0 0 0 4 0 3 0 402 87 165 43 93 195 88 142 45 79 136 112 106 37 112 140 107 126 67 0 0 0 0 0 0 0 0 0 0 0 0 0 0 0 0 0 0 0 0 0 0 0 0 0 0 0 0 0 0 0 0 0 0 0 0 0 0 0 0 0 0 0 0 0 0 0 0 0 0 0 0 0 0 0 0 0 0 0 0 18 11 3 3 0 0 23 46 0 36 38 28 0 26 21 54 0 16 0 13 0 6 0 0 0 5 0 0 0 0 0 0 0 0 0 0 0 0 0 0 0 0 0 0 0 0 0 0 0 0 0 0 0 0 0 0 0 0 0 0 0 0 0 0 0 0 0 0 0 0 0 0 0 0 0 0 0 0 0 0 13 14 32 29 26 1 9 3 67 66 1 0 0 0 4 0 38 42 0 0 35 0 0 0 0 0 0 0 0 0 0 0 0 1 9 0 0 0 0 0 0 0 14 5 0 0 0 20 0 0 27 0 0 7 2 3 0 0 0 0 0 0 0 0 0 0 0 9 0 0 
