 0 103 146 184 65 131 77 308 131 165 22 11 43 332 134 132 25 79 249 124 1 3 2 3 2 2 0 3 2 0 2 4 0 2 0 0 1 0 3 6 0 1 3 0 0 0 0 0 3 4 3 5 0 0 0 0 0 0 0 0 0 0 0 0 0 0 2 2 3 2 0 3 2 2 0 0 0 0 2 2 0 30 35 5 18 0 20 13 19 19 1 19 12 24 37 29 0 0 17 0 3 0 0 0 0 0 5 0 1 0 0 0 0 0 0 0 0 0 0 0 0 0 0 0 0 0 0 0 0 0 0 0 0 0 0 3 0 0 0 0 0 0 0 0 0 0 0 0 0 0 0 0 0 0 9 15 0 0 0 0 18 27 63 0 0 0 8 1 12 45 0 0 0 49 0 14 35 22 29 1 0 0 0 0 0 0 0 0 0 0 0 0 9 0 0 0 0 0 3 21 0 0 0 0 0 0 0 0 0 0 0 0 10 0 0 0 0 0 0 0 0 0 0 0 0 0 0 0 0 0 0 0 0 0 0 0 0 0 0 0 0 0 0 0 0 0 0 0 0 0 0 8 1 0 0 0 0 0 0 0 0 0 0 0 0 0 0 0 0 0 0 0 0 0 0 0 27 0 0 0 0 0 0 0 0 0 0 0 0 0 
 103 0 131 82 37 31 205 111 366 39 60 235 150 331 117 404 352 349 132 143 2 3 0 3 2 0 1 3 0 0 3 3 2 2 0 0 0 0 3 80 0 2 0 0 0 0 0 0 0 0 3 3 6 0 0 3 0 0 0 0 0 0 0 0 0 1 36 1 3 2 0 3 2 2 0 1 0 0 0 2 28 34 0 0 20 30 0 1 10 1 51 24 16 0 23 15 2 19 2 0 0 0 0 0 0 0 0 0 1 1 0 0 8 0 0 0 0 0 1 0 0 0 0 0 0 0 0 0 0 0 0 0 1 0 0 0 1 0 0 0 0 0 0 0 0 0 0 0 0 0 0 0 0 12 0 0 0 0 2 1 23 0 56 0 0 0 0 16 15 11 16 11 38 0 5 16 1 0 19 50 17 0 0 0 3 0 0 0 0 0 0 0 0 1 0 0 0 0 0 15 0 0 0 0 0 0 0 0 0 0 0 12 0 0 0 0 0 0 0 0 0 0 0 0 0 2 0 0 0 0 0 0 0 0 0 0 0 0 0 0 0 0 0 0 0 2 1 1 2 1 0 14 0 0 0 0 0 0 0 0 0 0 0 0 0 0 0 0 0 0 0 0 0 0 0 8 1 0 0 0 1 0 0 0 0 0 0 0 0 0 
 146 131 0 280 159 256 68 96 266 223 170 142 67 132 116 75 304 78 135 137 0 3 0 5 0 0 87 3 0 0 2 2 74 6 0 2 0 0 112 103 0 0 0 0 0 0 0 0 0 0 3 2 37 0 0 0 0 0 0 0 0 0 0 0 0 0 0 3 3 2 0 3 0 2 0 0 0 0 0 3 11 15 25 24 21 28 0 0 37 36 37 39 0 0 0 23 13 39 0 0 17 0 0 0 0 0 0 0 0 0 0 0 13 2 0 8 0 0 1 29 0 0 0 0 0 0 0 0 21 2 0 0 0 0 0 0 10 1 22 0 0 0 0 0 0 0 7 0 0 0 1 0 3 0 0 0 2 0 0 0 0 7 21 10 39 9 13 0 11 39 16 12 0 0 16 19 24 0 3 0 12 15 9 0 0 0 26 32 0 0 0 0 36 10 0 0 0 1 32 19 0 0 0 0 0 0 0 0 0 0 0 0 2 0 0 0 0 0 0 0 0 0 0 0 0 0 0 0 0 0 0 0 0 0 0 0 0 0 0 0 0 0 0 0 0 1 88 0 3 1 14 25 10 2 0 0 0 0 0 0 0 0 5 0 0 0 0 0 0 0 0 0 0 0 0 22 3 0 0 0 0 0 0 0 0 0 0 0 0 0 
 184 82 280 0 111 72 101 276 93 257 149 132 83 172 67 45 201 372 94 65 76 3 0 6 2 2 214 69 2 7 2 4 160 3 74 74 0 1 25 78 0 3 0 0 0 0 0 0 34 0 3 3 3 0 63 0 0 4 0 0 0 5 0 0 0 3 0 0 3 2 0 2 0 2 0 2 0 2 0 2 21 23 4 63 11 11 0 24 13 11 11 28 14 9 0 12 0 6 1 0 0 0 8 0 0 0 0 58 0 0 0 0 1 1 0 0 0 0 42 18 0 0 0 0 0 0 0 0 0 0 0 0 0 0 0 1 0 9 15 0 0 0 0 0 0 0 16 0 0 0 0 0 0 0 0 0 0 0 0 0 24 0 23 27 12 14 15 0 21 27 19 19 0 19 30 0 1 20 0 0 11 37 11 0 0 0 0 44 44 2 0 0 12 0 0 1 0 41 0 15 2 13 0 0 0 0 0 0 0 0 0 0 0 0 0 0 0 0 0 0 0 0 0 0 0 0 0 0 0 0 0 0 0 0 0 0 0 0 0 1 0 57 0 0 0 0 89 0 2 8 0 22 41 0 0 0 0 0 0 0 0 0 0 0 0 0 0 0 0 0 0 0 0 0 0 18 0 0 0 0 0 0 0 0 0 1 0 0 0 0 
 65 37 159 111 0 419 49 113 183 88 103 243 80 88 92 312 57 61 102 132 149 3 39 3 0 0 0 3 150 76 67 2 148 105 1 0 37 0 249 5 2 0 0 0 1 0 0 0 0 0 3 2 1 0 0 0 64 0 0 0 5 0 0 0 0 0 0 3 3 2 0 3 0 2 0 0 0 2 0 5 13 0 1 13 0 12 0 16 10 0 0 4 0 0 0 0 2 1 0 0 40 14 32 13 0 2 36 23 11 1 0 7 0 0 0 52 12 0 7 8 2 0 0 0 0 0 0 0 0 0 0 2 0 0 0 0 0 0 0 0 0 0 2 0 0 0 0 0 0 0 0 0 0 0 0 0 0 0 0 0 0 9 0 0 13 32 0 0 0 0 0 14 0 0 11 0 0 12 7 17 23 0 0 15 0 0 34 14 35 13 14 0 31 6 8 17 19 14 11 9 0 0 0 0 0 1 0 0 0 0 0 0 0 0 0 0 0 0 0 1 0 0 0 0 0 0 0 0 0 0 0 0 0 0 0 0 0 0 11 0 0 0 0 0 0 2 3 0 4 5 0 9 0 0 0 0 0 0 0 0 0 0 0 0 0 0 0 0 0 0 0 0 0 0 0 1 18 14 0 13 0 0 0 0 0 0 0 0 0 0 
 131 31 256 72 419 0 50 226 132 256 260 388 32 50 58 174 157 79 258 138 40 4 0 44 0 0 0 5 76 0 2 2 108 76 149 0 0 0 79 4 0 1 0 0 0 0 0 0 3 0 3 2 0 0 0 0 0 18 48 0 54 0 0 0 0 0 0 3 3 2 0 3 0 2 0 0 0 0 0 4 16 9 0 15 6 11 0 16 24 0 0 1 0 0 0 0 25 3 0 0 14 20 0 0 0 0 32 49 0 0 0 8 0 0 0 0 36 0 32 0 0 0 0 0 0 0 0 1 0 0 0 0 0 0 0 0 0 0 0 0 0 0 0 0 0 0 0 0 0 1 0 0 0 0 0 0 0 0 0 0 0 1 0 30 19 19 0 0 0 0 19 10 0 0 3 0 14 13 7 0 24 11 0 0 0 0 7 7 0 8 0 0 23 18 12 0 11 11 19 20 0 0 0 0 0 0 0 0 0 0 0 0 0 0 0 0 0 0 0 0 1 0 0 0 0 0 0 0 0 0 0 0 0 0 1 0 0 0 0 0 0 9 0 0 0 1 90 0 0 89 1 8 0 4 0 0 0 0 0 0 0 0 0 0 0 0 0 0 0 0 0 0 0 0 0 0 8 9 0 24 0 0 0 0 0 0 0 0 0 0 
 77 205 68 101 49 50 0 151 59 37 37 42 398 208 44 73 125 123 238 51 1 3 0 3 1 0 0 3 0 3 2 2 3 3 0 0 0 0 6 83 0 4 0 0 0 0 0 1 0 0 3 3 0 0 0 0 0 0 0 0 0 2 0 0 1 3 1 2 3 2 0 4 4 7 1 4 1 2 3 4 26 8 0 2 0 0 37 12 8 0 14 0 22 45 13 9 17 9 12 0 0 16 0 0 0 1 0 0 0 0 0 0 0 9 0 0 0 0 0 1 1 0 0 0 0 0 0 0 0 0 0 1 8 0 0 0 0 0 0 0 0 0 0 0 0 0 0 0 0 0 0 0 0 0 0 0 0 0 0 0 1 0 17 0 0 0 15 0 5 4 0 0 37 0 16 14 48 19 19 47 0 0 0 0 0 0 0 0 14 1 0 0 0 0 0 0 0 0 0 0 0 0 4 0 0 1 0 0 0 0 0 0 0 0 0 0 0 0 0 2 0 0 0 0 0 0 0 0 0 0 0 0 0 0 0 0 4 0 0 0 0 0 0 0 0 2 1 1 0 0 0 8 0 0 0 0 1 0 0 0 0 0 0 0 0 0 0 0 0 0 0 0 0 0 0 0 0 0 0 0 0 0 0 0 0 0 0 0 0 0 
 308 111 96 276 113 226 151 0 239 146 45 26 100 99 64 313 42 143 260 52 0 3 0 3 1 0 0 3 0 0 4 2 2 1 2 2 0 0 5 5 0 0 0 0 0 0 0 0 0 0 3 2 0 63 0 3 0 0 0 1 0 0 2 0 0 0 0 3 33 2 0 3 0 3 0 0 0 2 0 3 13 72 22 22 10 0 9 16 29 13 9 16 0 0 43 16 21 0 4 7 1 0 0 0 0 0 0 0 0 0 0 0 0 0 2 0 0 0 0 0 0 0 0 0 0 0 1 0 0 0 0 0 0 0 0 0 0 0 0 0 0 0 0 0 0 0 0 0 6 0 0 0 0 0 0 0 0 0 0 0 21 22 8 0 0 0 12 0 22 1 0 2 0 21 11 17 0 12 29 0 0 0 10 0 0 0 0 0 0 0 0 0 9 0 0 0 0 0 0 0 0 0 0 0 0 0 0 0 0 0 0 0 0 0 0 0 0 0 0 0 0 0 2 0 0 0 0 0 0 0 0 1 0 0 0 0 0 0 1 0 0 0 0 0 1 0 0 1 1 0 0 11 0 0 0 0 0 0 0 0 0 0 0 0 0 0 0 0 0 0 0 0 0 0 0 1 15 14 0 0 0 0 0 0 0 0 0 0 0 0 
 131 366 266 93 183 132 59 239 0 160 232 43 323 112 236 94 268 22 90 77 0 3 0 3 61 0 4 5 0 0 2 2 0 2 0 0 0 0 3 21 0 1 0 0 0 0 0 0 0 0 3 2 2 0 0 0 0 0 0 0 0 0 0 0 0 0 0 2 3 2 0 3 0 2 0 0 0 0 0 2 0 5 42 18 29 1 3 0 9 13 14 24 0 11 0 34 10 16 0 12 1 13 0 0 0 0 0 0 0 0 0 0 21 0 0 0 0 0 13 4 0 0 0 0 0 0 0 0 0 0 0 0 0 0 0 0 0 0 0 0 0 0 0 0 0 0 0 0 0 0 0 0 0 0 0 0 0 0 0 0 0 27 0 10 0 1 0 9 1 30 16 15 0 45 0 0 28 18 4 0 24 0 0 0 0 0 0 0 0 0 0 0 15 11 0 0 0 0 12 0 0 0 0 0 0 0 0 0 0 0 0 0 0 0 0 0 0 0 0 0 0 0 0 0 0 0 0 0 0 0 0 0 0 0 0 0 0 0 0 0 0 0 0 0 0 0 0 0 1 132 3 8 0 0 0 0 0 0 0 0 0 0 0 0 0 0 0 0 0 0 0 0 0 0 0 0 21 0 0 0 0 0 0 0 0 0 0 0 0 0 
 165 39 223 257 88 256 37 146 160 0 108 237 130 164 108 536 145 354 94 110 79 3 77 3 0 1 154 3 0 2 2 3 1 4 0 0 0 0 3 164 0 2 0 0 0 0 0 0 0 0 3 3 72 0 0 0 0 0 0 0 0 0 0 0 0 2 0 0 3 2 0 2 0 2 0 1 1 1 0 2 0 25 11 0 52 15 10 0 9 39 64 27 0 0 0 19 22 27 0 14 0 23 11 0 0 0 1 1 1 0 0 0 9 0 0 0 61 0 17 17 0 0 0 0 0 0 0 0 0 0 0 0 0 0 0 0 0 0 1 0 0 0 0 0 0 0 3 0 0 0 0 0 5 0 0 0 0 0 0 0 41 0 36 14 28 40 0 0 38 19 18 17 0 17 9 0 16 0 8 0 1 30 8 0 0 0 15 46 0 10 0 0 15 15 0 0 0 0 53 0 0 0 0 0 0 0 0 0 9 0 0 0 0 0 0 0 0 14 0 0 0 0 0 0 0 0 0 0 0 0 0 0 0 0 0 0 12 0 0 2 0 0 0 0 0 3 42 1 89 44 8 33 0 0 0 0 0 0 0 0 0 17 0 0 0 0 0 0 0 0 0 0 0 0 0 10 32 0 0 0 0 0 0 0 0 0 0 0 0 0 
 22 60 170 149 103 260 37 45 232 108 0 62 261 215 161 113 198 271 158 64 0 3 2 78 2 0 180 28 0 0 2 5 75 5 0 76 0 0 7 159 0 2 0 0 2 0 0 0 0 0 3 3 63 0 0 3 0 0 0 0 0 0 0 0 0 3 0 1 3 2 12 3 0 2 0 1 0 1 0 2 24 19 11 52 30 20 0 15 0 24 13 32 0 0 0 24 1 27 0 2 1 0 0 1 0 0 0 0 0 0 0 0 18 1 0 0 0 0 10 35 0 0 0 0 0 0 0 13 0 0 0 0 1 0 0 0 0 0 0 0 0 0 0 0 2 0 0 0 2 0 0 0 0 0 0 13 0 2 0 0 0 16 17 0 9 0 0 0 0 13 24 1 0 0 22 11 10 12 1 0 9 0 16 0 0 0 13 27 15 0 0 0 11 27 0 3 0 11 29 16 0 0 0 0 0 0 0 0 1 1 0 0 0 0 0 0 11 0 2 0 0 0 0 0 0 0 0 0 0 0 2 0 0 0 0 0 0 0 0 0 0 0 0 0 0 2 5 2 99 44 0 10 14 0 0 0 0 0 0 0 0 0 11 0 0 0 2 0 0 1 0 0 0 0 0 11 62 15 0 0 0 0 0 0 0 0 0 0 0 0 
 11 235 142 132 243 388 42 26 43 237 62 0 32 44 255 123 221 247 128 25 57 3 0 3 0 3 84 3 79 2 4 2 25 78 0 0 0 0 4 10 0 0 0 0 0 0 0 0 6 64 3 2 1 0 0 0 0 16 0 0 6 0 0 0 0 0 0 3 5 2 0 3 0 6 0 0 0 1 0 3 0 0 12 20 9 10 0 0 11 31 22 10 0 2 2 0 9 15 0 0 0 24 0 0 0 0 25 3 12 0 0 0 12 0 0 1 15 0 25 0 0 2 0 0 0 0 0 0 0 0 0 34 0 0 0 0 0 0 0 0 0 0 0 2 0 0 3 0 0 0 0 0 4 2 2 0 0 0 0 0 0 0 0 18 43 34 0 0 32 8 14 34 1 0 0 0 14 0 0 0 46 40 6 0 0 0 61 41 0 21 0 1 47 23 0 11 15 13 11 15 0 0 0 1 0 1 0 2 0 0 0 0 0 0 0 0 0 15 0 0 0 0 0 0 0 0 0 0 2 0 0 0 0 0 0 0 13 0 0 0 0 6 0 0 0 5 13 4 0 88 0 17 0 0 0 0 0 0 0 0 0 0 0 0 0 0 0 0 0 0 0 0 0 0 0 11 0 0 0 0 0 0 0 0 0 0 0 0 0 0 
 43 150 67 83 80 32 398 100 323 130 261 32 0 175 140 43 18 101 294 50 0 5 0 5 2 0 0 3 0 0 4 2 0 5 0 2 0 2 3 4 0 1 1 10 0 0 1 0 0 1 8 4 2 0 0 5 0 0 0 0 0 0 0 0 0 0 50 43 3 2 0 3 0 2 0 0 0 2 5 2 21 13 0 0 0 0 7 29 9 12 1 0 11 40 12 1 20 0 4 0 0 0 0 0 0 0 0 0 1 0 0 15 2 0 0 0 2 0 0 9 0 2 2 0 0 0 0 0 0 0 0 0 0 0 0 0 0 0 0 0 0 0 0 2 0 0 0 0 0 0 0 0 0 2 2 0 0 0 0 2 8 0 8 0 0 0 11 42 2 0 0 0 24 0 0 13 0 0 10 27 0 0 0 0 0 0 0 0 0 0 0 1 0 0 0 0 2 0 0 0 0 0 0 0 0 0 0 2 0 0 0 0 0 0 2 0 0 0 0 0 0 0 0 0 0 0 0 0 0 0 0 0 0 1 0 0 0 0 0 0 0 0 0 0 0 0 0 0 0 0 0 16 1 1 0 0 0 2 0 0 0 0 0 0 0 0 2 0 0 0 0 0 0 0 4 0 0 0 0 0 0 0 0 0 0 0 0 0 0 0 
 332 331 132 172 88 50 208 99 112 164 215 44 175 0 78 90 38 214 331 67 0 5 0 3 1 0 0 2 59 7 2 3 2 7 0 6 0 0 3 7 0 6 0 3 0 0 0 5 5 2 5 66 2 0 0 3 66 0 0 0 0 0 0 0 0 2 0 0 5 2 0 2 0 4 0 2 0 0 4 2 21 20 0 25 0 0 48 12 9 5 10 9 19 14 13 32 40 44 12 23 0 0 0 0 0 0 0 0 0 0 0 0 4 0 0 0 0 2 0 3 0 0 0 2 0 0 0 0 0 0 0 0 0 0 0 0 0 0 0 0 1 0 0 0 0 0 0 0 0 0 0 0 0 0 0 0 0 0 0 0 11 0 43 0 0 1 0 14 36 0 23 0 22 9 1 9 15 0 39 10 0 0 0 0 13 0 0 0 0 0 1 0 0 2 0 0 0 0 0 0 0 1 2 0 0 0 0 0 0 0 0 0 0 0 0 0 1 0 0 0 0 0 0 0 0 0 0 0 0 0 0 0 1 0 0 0 0 0 0 0 0 0 0 0 0 0 0 1 0 0 0 12 15 0 0 0 0 0 0 0 0 0 0 0 0 0 0 0 0 0 0 0 0 0 0 0 0 0 0 0 0 0 0 0 0 0 0 0 0 0 
 134 117 116 67 92 58 44 64 236 108 161 255 140 78 0 402 240 129 99 389 0 3 63 5 1 1 0 2 0 0 2 4 0 3 0 0 1 0 4 4 0 2 0 0 0 0 0 2 0 0 3 3 0 0 0 1 0 0 0 0 0 0 0 0 0 1 40 1 3 30 0 3 0 2 0 36 0 1 0 2 7 16 10 5 7 14 22 0 3 1 16 9 26 17 3 13 11 0 0 0 0 0 0 0 2 2 0 0 0 0 0 0 16 0 0 0 0 0 0 2 2 0 3 0 0 0 0 0 13 0 0 0 0 0 0 0 0 0 0 0 0 0 0 0 0 0 0 0 0 0 0 0 0 0 0 0 0 0 0 0 1 18 20 0 0 0 49 29 2 19 20 0 51 13 22 15 12 0 1 19 0 0 0 0 0 0 0 0 0 0 0 0 0 1 0 0 0 0 3 0 0 0 0 0 0 2 0 0 0 0 0 12 0 0 0 0 0 0 0 0 0 0 0 0 0 0 0 0 0 0 0 0 0 0 0 0 0 0 0 0 0 0 0 0 0 0 2 1 4 0 3 15 0 0 0 0 0 0 0 0 0 0 0 0 0 0 0 0 0 0 0 0 0 0 0 0 0 0 0 0 0 0 0 0 0 1 0 0 0 0 
 132 404 75 45 312 174 73 313 94 536 113 123 43 90 402 0 349 359 117 45 0 3 0 3 1 0 0 3 0 0 2 4 0 2 1 0 0 0 3 14 0 1 0 0 0 0 0 0 0 0 3 9 0 0 0 0 0 0 0 15 0 0 6 0 0 0 31 3 3 2 0 3 0 2 0 0 0 0 0 3 29 26 27 0 14 10 11 18 10 41 31 30 0 0 0 36 30 54 16 10 0 13 0 0 0 0 0 0 0 0 0 0 22 0 1 0 14 0 22 0 0 0 2 0 0 0 0 0 0 0 0 0 0 0 0 0 0 0 0 0 0 0 0 14 0 0 0 0 0 0 0 0 5 19 10 2 0 0 0 0 9 0 31 16 0 3 0 0 17 2 16 14 0 16 13 9 15 0 7 0 7 0 0 0 0 0 0 7 0 0 0 0 0 8 1 0 0 0 0 0 0 0 0 0 0 0 0 0 0 0 0 0 0 0 0 0 0 0 0 0 0 0 0 0 0 0 4 0 0 0 0 0 0 0 0 0 0 0 0 0 0 0 0 0 0 2 95 0 1 86 1 7 0 0 0 0 0 0 0 0 0 0 0 0 0 0 0 0 0 0 0 0 0 0 0 1 5 13 0 0 0 0 0 0 0 0 0 0 0 0 
 25 352 304 201 57 157 125 42 268 145 198 221 18 38 240 349 0 116 40 32 0 3 0 3 1 0 56 3 8 78 2 2 35 2 1 0 0 0 76 3 0 1 0 0 0 0 0 0 2 0 3 2 0 0 0 0 0 4 0 0 0 14 0 8 0 0 53 2 3 2 51 3 0 2 0 0 0 0 1 2 0 0 18 11 5 22 10 1 9 29 41 14 46 0 0 15 0 14 0 0 1 0 0 0 0 0 0 0 0 0 0 0 24 0 0 0 0 0 0 0 0 0 0 0 0 0 0 15 2 1 0 0 0 0 0 0 0 0 0 0 5 0 0 0 2 0 7 0 0 1 1 0 6 0 0 0 1 2 0 0 0 11 23 9 16 37 10 0 26 5 4 26 0 0 25 0 10 0 2 18 0 20 0 0 0 0 15 2 0 0 0 0 15 10 0 0 0 0 0 0 0 0 0 0 0 0 0 0 0 0 0 13 0 0 0 1 0 0 0 0 0 0 0 12 0 0 0 0 0 0 0 0 0 0 0 0 0 0 0 0 0 8 0 0 0 1 86 0 0 0 3 6 0 0 0 0 0 0 0 0 0 0 0 0 0 0 2 0 0 0 0 0 0 0 0 1 0 0 0 0 0 0 0 0 0 0 0 0 0 0 
 79 349 78 372 61 79 123 143 22 354 271 247 101 214 129 359 116 0 76 38 2 3 0 3 3 0 84 3 2 0 4 4 2 3 0 0 0 207 97 30 0 1 0 0 3 0 0 0 0 0 3 2 37 0 0 0 0 0 0 0 0 0 0 0 0 0 51 3 3 2 0 3 0 2 0 0 0 2 6 2 8 36 0 1 30 12 15 22 0 45 11 37 0 37 9 3 13 15 2 5 0 0 0 0 0 0 0 0 0 0 0 0 17 0 0 0 0 0 1 29 0 0 0 0 0 0 0 0 0 0 0 0 0 0 0 2 0 0 1 0 0 0 0 0 0 0 3 0 0 0 0 0 4 0 0 0 0 0 0 0 13 0 15 7 14 8 0 11 36 10 0 10 19 15 0 0 7 20 9 0 0 15 2 0 0 0 5 11 0 0 0 0 15 1 0 0 0 0 19 0 0 0 0 0 0 0 0 0 0 0 0 14 0 0 0 0 0 0 0 0 0 0 0 0 0 0 0 0 0 0 0 0 0 0 0 0 0 0 0 0 0 0 0 0 0 3 89 0 16 5 9 25 3 0 0 0 0 0 0 0 0 0 0 0 0 0 0 0 0 0 0 0 0 0 0 11 13 0 0 0 0 0 0 0 0 2 0 0 0 12 
 249 132 135 94 102 258 238 260 90 94 158 128 294 331 99 117 40 76 0 88 0 3 2 3 4 0 2 3 0 0 2 3 1 2 1 2 0 0 3 4 0 1 0 0 0 0 0 0 0 0 3 2 0 0 0 0 0 0 0 1 0 0 0 0 0 0 0 3 3 2 24 3 0 2 0 0 0 2 0 3 7 14 2 15 0 0 0 0 27 0 11 0 14 14 7 16 16 0 19 19 0 0 0 0 0 0 0 0 0 0 0 0 0 0 0 0 0 0 0 0 0 0 3 0 2 0 0 1 0 0 0 2 0 0 0 7 0 0 0 0 0 0 2 0 0 0 0 0 6 21 0 0 0 0 0 0 0 0 26 0 38 0 69 0 0 0 54 1 16 0 0 0 1 0 0 11 0 0 15 24 0 0 0 0 0 0 0 0 0 0 0 0 0 0 2 0 0 0 0 0 0 0 0 0 0 0 0 0 0 0 0 20 0 0 0 0 0 0 0 1 0 0 0 0 0 0 0 0 0 0 0 0 0 0 0 0 0 0 0 0 0 0 0 0 0 0 0 2 0 0 1 20 8 0 0 0 0 0 0 0 0 0 0 0 0 0 0 0 0 0 0 0 0 0 2 0 0 0 0 0 0 0 0 0 0 0 0 0 0 0 
 124 143 137 65 132 138 51 52 77 110 64 25 50 67 389 45 32 38 88 0 0 3 37 4 1 0 0 6 0 5 4 2 0 2 2 0 0 0 83 5 0 0 0 0 0 0 0 2 0 0 8 2 0 0 0 1 0 0 0 0 77 0 0 0 0 0 0 36 3 2 0 3 0 2 0 0 0 53 0 3 13 21 12 0 0 2 2 9 9 0 0 3 16 0 34 15 14 7 25 0 10 0 0 0 0 0 0 10 0 0 0 0 0 0 0 16 0 0 0 0 0 0 0 0 0 0 0 0 0 0 0 0 1 0 1 0 0 0 0 0 0 0 0 0 0 11 0 0 0 0 0 0 0 0 0 0 0 0 0 0 0 0 19 0 0 0 6 13 10 1 0 0 58 21 31 47 1 0 12 14 0 0 0 0 0 0 0 20 1 0 0 0 11 0 0 4 0 0 0 0 0 0 0 0 0 0 0 0 0 0 0 0 0 0 0 0 14 0 0 0 0 0 0 0 0 2 0 0 0 0 0 0 0 0 0 0 0 0 0 0 0 0 0 0 0 0 2 0 1 0 3 6 0 0 0 2 0 0 0 2 0 0 0 0 0 0 0 0 0 0 0 1 0 0 0 0 14 0 0 0 0 0 0 0 0 2 0 0 0 0 
 1 2 0 76 149 40 1 0 0 79 0 57 0 0 0 0 0 2 0 0 0 67 306 115 25 85 251 66 210 34 51 320 58 185 38 31 152 30 120 49 0 3 4 0 3 0 2 0 27 17 63 0 4 0 0 0 0 0 0 0 10 2 0 62 0 0 0 0 0 2 0 63 2 0 0 0 53 2 0 4 0 0 0 0 0 11 0 2 0 13 24 1 0 0 0 0 0 0 0 0 15 38 11 0 13 1 56 2 36 0 2 9 0 0 28 0 19 12 37 19 0 2 0 0 0 0 32 0 0 0 0 0 0 1 10 0 0 0 17 12 0 0 0 0 0 0 8 0 0 5 0 2 0 0 0 0 2 0 0 0 0 0 1 76 50 27 0 0 0 2 26 8 15 0 0 0 18 0 0 8 8 25 21 0 13 0 36 29 2 4 0 0 28 11 22 8 53 10 5 38 0 0 0 0 0 0 1 0 0 0 0 0 20 0 0 0 0 0 0 12 0 0 0 0 0 0 0 0 0 0 2 0 0 0 0 0 0 0 0 0 0 0 0 0 0 0 0 0 0 77 13 0 0 0 0 0 4 0 1 0 2 0 0 0 0 0 0 0 0 0 0 0 0 0 0 9 0 0 0 0 0 11 0 0 0 0 0 0 0 0 
 3 3 3 3 3 4 3 3 3 3 3 3 5 5 3 3 3 3 3 3 67 0 103 135 261 27 99 570 29 194 177 120 58 138 138 266 168 101 121 39 14 2 0 0 3 0 3 2 3 62 0 0 1 4 0 0 0 0 0 1 0 0 0 0 0 1 0 4 0 3 3 7 2 0 0 5 7 6 6 4 0 0 0 0 0 0 0 0 0 0 0 0 0 0 0 0 0 0 0 0 7 0 9 35 1 2 6 21 1 7 46 0 13 40 51 1 15 14 0 6 0 0 0 0 0 0 0 0 0 0 0 0 19 0 0 0 0 0 34 9 0 0 0 0 1 0 0 0 0 0 0 0 0 0 0 0 20 0 0 0 0 0 0 0 0 0 0 0 0 0 1 0 0 0 0 0 0 10 0 0 10 0 2 0 13 0 1 0 0 18 4 0 0 11 86 20 31 40 0 6 0 0 0 0 0 0 0 0 0 0 0 0 50 0 0 0 0 0 19 0 0 0 0 0 0 0 0 10 0 0 3 0 0 0 0 0 0 0 0 0 0 0 0 0 0 74 0 0 0 0 0 0 0 0 12 0 0 152 0 4 4 0 0 0 0 0 0 0 0 0 0 0 0 0 0 0 0 0 0 0 0 0 0 0 0 20 0 0 0 0 
 2 0 0 0 39 0 0 0 0 77 2 0 0 0 63 0 0 0 2 37 306 103 0 111 142 28 299 199 215 343 79 327 57 473 47 51 135 219 340 280 2 0 0 0 3 0 3 0 2 0 0 0 0 0 0 0 0 0 1 124 67 0 0 0 0 0 0 29 0 3 0 0 2 0 0 0 3 2 0 0 0 0 0 1 12 0 0 0 0 0 0 0 0 0 0 0 0 0 0 0 12 23 48 84 43 10 11 6 13 11 6 0 11 70 0 31 0 0 15 9 16 1 0 0 0 0 0 0 0 0 0 0 0 0 0 0 0 0 16 12 0 0 0 2 2 8 0 0 0 0 3 0 0 0 0 0 0 0 33 0 0 0 0 0 0 10 0 0 0 0 0 38 0 0 1 0 0 0 0 13 46 13 18 33 28 15 16 0 14 13 12 10 0 0 9 33 0 51 21 25 0 0 13 0 0 0 0 0 0 0 0 8 0 0 0 0 0 0 0 1 0 0 0 0 0 2 0 0 0 0 0 0 0 0 0 0 0 0 0 0 0 0 1 0 0 0 0 0 0 0 0 0 0 0 6 2 4 1 0 2 0 2 0 0 0 0 0 0 0 0 0 0 0 0 0 0 0 0 0 0 0 0 0 0 0 0 0 0 0 0 
 3 3 5 6 3 44 3 3 3 3 78 3 5 3 5 3 3 3 3 4 115 135 111 0 110 134 166 112 50 99 437 276 47 257 216 133 76 386 484 285 0 0 1 0 3 0 3 1 65 4 0 0 6 63 0 0 0 0 2 0 0 0 0 0 0 0 0 0 0 3 0 0 2 0 0 0 3 2 0 0 0 0 0 0 1 0 0 0 0 0 0 0 0 0 0 0 0 0 0 0 0 0 0 12 9 1 16 12 31 18 11 29 0 2 8 9 22 33 0 0 22 13 0 0 0 0 13 24 22 0 1 0 22 0 14 0 0 0 0 34 0 0 0 0 0 0 0 0 0 0 0 0 0 0 0 0 7 0 2 0 0 0 0 1 2 0 0 0 0 0 1 0 0 0 0 1 0 0 0 0 0 0 12 17 7 1 11 0 0 26 12 27 0 34 7 13 9 0 0 12 0 0 14 0 0 0 2 4 0 0 0 0 9 10 1 0 0 0 0 22 0 0 0 1 0 0 0 0 0 0 0 0 0 0 0 0 0 0 0 0 0 0 10 0 0 0 0 0 0 0 0 0 0 0 11 2 0 105 2 0 4 12 0 0 0 0 0 0 0 0 0 1 0 0 0 0 0 0 0 0 0 19 0 0 0 0 14 0 0 1 
 2 2 0 2 0 0 1 1 61 0 2 0 2 1 1 1 1 3 4 1 25 261 142 110 0 83 48 120 83 80 311 70 62 143 147 160 72 56 72 88 0 0 0 3 23 1 67 3 2 2 3 2 9 0 0 3 0 64 0 56 2 4 0 0 0 67 0 1 1 4 9 0 2 5 41 1 3 3 12 13 0 0 0 0 0 0 0 0 0 0 0 0 0 0 0 0 0 0 0 0 0 0 10 12 20 20 0 0 14 17 0 12 0 0 0 6 28 0 0 0 13 10 10 0 0 0 0 12 0 0 0 0 1 4 25 76 17 0 13 1 0 0 3 0 0 0 0 0 0 2 0 0 0 0 0 0 1 0 0 0 0 0 0 0 1 0 0 0 0 0 0 0 2 0 0 0 0 3 0 0 0 0 0 2 2 28 8 0 0 15 26 8 0 9 2 17 0 2 13 0 10 0 0 0 0 0 0 1 21 33 0 0 0 14 0 0 10 0 0 11 0 0 0 0 0 0 0 0 0 0 0 0 0 0 0 0 0 0 0 0 0 0 0 0 0 0 0 0 1 0 0 0 0 0 5 3 4 127 45 2 9 14 1 0 0 0 0 0 0 0 0 0 0 0 0 0 0 0 0 0 0 13 0 0 0 0 15 0 0 0 
 2 0 0 2 0 0 0 0 0 1 0 3 0 0 1 0 0 0 0 0 85 27 28 134 83 0 308 30 44 436 198 101 97 271 54 166 60 138 58 63 63 0 0 1 4 1 86 62 2 0 69 0 62 33 29 0 0 0 63 1 0 0 0 0 0 0 0 0 0 3 0 0 2 0 0 0 3 4 0 0 0 0 0 0 0 0 0 2 0 0 0 0 0 0 0 0 0 0 0 0 0 2 0 0 0 21 0 0 0 0 11 21 0 0 0 0 1 8 0 0 26 2 17 0 0 0 21 47 53 0 20 9 66 19 23 40 15 0 2 9 2 0 0 0 0 0 0 0 0 0 0 2 0 0 0 4 0 0 0 0 0 0 1 0 0 0 0 0 0 6 0 2 0 0 0 6 0 13 0 0 0 0 0 16 10 12 0 0 2 0 21 23 0 0 0 1 0 0 0 0 0 34 0 0 0 0 27 52 14 11 12 22 1 15 8 0 15 0 22 21 1 0 2 0 0 0 0 0 0 0 10 0 0 0 0 0 0 0 0 0 0 0 20 0 0 0 0 0 0 0 0 0 0 1 7 0 4 0 4 1 0 0 0 0 0 0 0 0 0 0 0 0 0 0 0 0 0 0 0 0 0 1 0 0 14 0 2 0 0 0 
 0 1 87 214 0 0 0 0 4 154 180 84 0 0 0 0 56 84 2 0 251 99 299 166 48 308 0 474 129 109 20 111 86 75 28 132 192 35 134 88 0 0 0 0 3 0 3 0 2 0 0 0 33 0 0 0 0 0 0 0 0 0 0 0 4 4 0 0 0 3 0 0 2 0 0 0 3 2 0 0 0 0 0 24 23 9 0 1 0 31 10 23 0 0 0 0 0 25 0 0 13 0 0 20 0 1 0 0 33 33 0 7 16 32 15 5 10 10 9 21 0 1 0 0 0 0 0 0 0 0 0 0 0 2 0 0 0 0 1 0 0 0 0 0 0 0 27 0 0 0 0 0 3 0 0 0 0 0 0 0 0 0 15 7 14 6 0 0 16 19 4 11 0 0 0 0 1 0 0 0 0 27 36 0 0 14 0 25 10 0 1 0 36 12 0 31 7 11 9 1 0 0 0 0 0 0 0 0 0 13 0 0 0 0 0 0 0 0 0 0 0 0 12 0 0 0 0 0 0 0 1 0 0 0 0 0 0 0 37 0 0 0 0 0 0 0 124 0 59 75 7 0 0 0 9 0 2 1 0 0 0 0 0 0 0 0 13 0 0 0 0 0 0 0 0 11 12 0 0 0 0 7 0 0 0 0 0 0 0 0 
 3 3 3 69 3 5 3 3 5 3 28 3 3 2 2 3 3 3 3 6 66 570 199 112 120 30 474 0 93 319 107 43 135 301 213 228 75 35 36 133 3 0 0 0 3 0 3 66 2 0 47 0 0 1 2 0 0 0 0 0 0 0 2 0 0 0 0 0 0 2 1 0 2 0 0 0 3 2 0 0 0 0 0 11 0 0 22 0 0 12 0 14 0 0 0 0 0 11 0 0 9 0 30 19 0 10 0 34 3 45 26 0 18 9 18 18 22 18 10 19 0 0 0 0 0 0 0 0 0 0 0 0 4 0 18 0 0 0 9 0 0 0 0 0 0 0 0 0 0 0 0 0 0 0 0 0 0 0 0 0 0 0 24 0 0 0 0 0 17 0 0 0 0 0 0 0 0 0 0 0 12 0 15 0 13 9 10 13 22 29 10 0 0 10 0 54 40 64 0 18 0 0 0 0 0 11 8 0 0 0 0 0 38 1 0 0 0 0 25 0 0 26 0 0 0 0 0 0 0 0 0 0 0 0 0 0 0 0 0 0 0 0 0 0 0 0 0 0 0 80 0 0 0 0 10 0 0 76 0 0 3 2 0 0 0 0 0 0 0 0 0 0 0 0 0 0 0 0 0 0 0 11 0 0 0 19 0 0 0 0 
 2 0 0 2 150 76 0 0 0 0 0 79 0 59 0 0 8 2 0 0 210 29 215 50 83 44 129 93 0 454 261 110 179 281 84 117 42 153 189 157 0 0 0 0 3 0 3 0 2 0 62 3 3 4 3 0 63 0 1 0 0 7 0 8 9 9 0 2 0 3 3 3 2 0 0 0 5 2 0 0 0 0 0 0 0 0 0 0 0 0 0 0 0 0 0 0 0 0 0 0 24 11 48 58 27 0 79 30 22 0 0 9 8 31 22 15 0 0 59 12 2 0 0 0 0 0 0 0 0 0 0 0 0 0 0 0 0 0 10 0 0 0 0 0 4 0 0 0 0 0 9 0 0 0 0 0 0 0 5 0 0 0 0 0 0 12 0 0 0 0 42 30 0 0 0 0 0 0 0 8 19 10 0 19 38 0 14 2 35 0 2 0 25 10 26 13 5 46 27 56 0 2 0 0 0 0 0 0 0 13 0 0 0 0 0 0 0 0 0 0 2 0 2 0 0 0 0 0 2 0 0 0 0 0 0 0 0 0 1 0 0 0 0 0 0 0 0 1 0 0 0 0 0 0 8 1 0 75 0 0 0 2 0 0 0 0 11 0 0 0 0 0 0 0 0 0 0 0 0 20 0 0 0 0 1 0 0 0 0 0 
 0 0 0 7 76 0 3 0 0 2 0 2 0 7 0 0 78 0 0 5 34 194 343 99 80 436 109 319 454 0 167 122 259 111 160 259 383 93 310 210 37 0 0 0 3 0 65 0 2 0 7 0 0 0 0 0 0 0 62 2 0 0 0 0 8 8 0 0 0 3 0 5 2 0 0 0 8 2 2 0 0 0 0 0 0 0 0 0 0 0 0 0 0 2 0 0 0 0 0 0 51 18 33 79 0 14 4 16 11 19 38 8 41 37 26 8 14 39 0 4 1 0 0 0 0 0 13 16 0 0 0 0 19 2 0 7 0 0 33 2 4 2 0 15 0 0 0 0 0 0 0 1 0 0 0 0 9 0 0 0 0 0 2 0 0 1 0 0 0 6 0 1 0 0 0 13 0 0 0 0 1 21 0 10 2 3 0 0 18 23 12 0 0 0 13 0 13 13 0 20 0 0 0 0 0 0 0 10 0 15 0 0 1 0 13 0 0 14 0 13 15 0 1 0 0 0 0 0 0 0 0 0 0 0 0 0 0 0 0 1 0 0 0 0 0 0 0 0 0 0 0 0 0 2 4 0 2 76 0 2 1 2 0 0 0 0 2 0 0 0 0 0 0 0 0 0 0 0 0 0 0 0 0 0 1 0 0 0 0 0 
 2 3 2 2 67 2 2 4 2 2 2 4 4 2 2 2 2 4 2 4 51 177 79 437 311 198 20 107 261 167 0 380 33 122 148 79 157 176 478 74 0 0 0 0 4 0 3 0 2 21 0 0 0 19 0 0 0 0 209 66 2 0 0 0 0 0 0 0 5 3 2 0 2 0 11 0 3 2 0 3 0 0 0 0 0 9 0 0 0 0 0 0 0 0 0 0 0 1 0 0 0 0 0 0 60 40 0 13 11 0 14 2 0 1 0 14 3 15 0 0 9 6 19 0 0 0 0 16 26 3 1 0 39 0 2 0 0 0 6 2 0 0 0 0 0 0 0 0 0 0 0 0 0 0 1 0 12 0 0 0 0 0 0 0 0 0 0 0 2 21 1 0 0 0 0 5 0 0 0 0 0 0 0 21 0 47 14 0 0 32 21 0 0 17 8 1 0 0 0 0 0 0 21 0 0 0 9 9 8 0 0 0 4 23 0 0 0 0 15 1 0 0 0 0 0 0 0 0 0 1 0 0 0 0 0 0 0 0 0 0 0 0 9 0 0 0 0 0 0 0 0 0 0 0 2 0 2 6 0 1 2 13 0 0 0 0 0 0 0 0 0 0 0 0 0 0 0 0 0 0 0 0 0 0 0 0 13 3 0 0 
 4 3 2 4 2 2 2 2 2 3 5 2 2 3 4 4 2 4 3 2 320 120 327 276 70 101 111 43 110 122 380 0 46 265 120 49 142 201 164 691 63 0 0 0 3 0 77 0 2 0 0 0 0 30 65 2 0 0 0 62 0 0 0 0 0 1 0 0 0 2 1 0 2 0 0 0 3 2 0 28 0 0 0 0 0 0 0 2 0 0 0 0 0 0 0 0 0 0 0 0 0 2 17 1 11 43 8 13 11 0 27 0 2 0 12 0 0 10 1 0 1 12 18 0 10 2 30 0 35 10 16 16 14 1 8 13 0 0 2 0 2 4 0 0 18 0 0 0 0 0 0 2 0 0 0 0 0 0 0 0 0 0 1 0 0 0 0 0 0 0 4 2 0 0 0 0 0 0 0 2 0 10 13 13 15 17 13 5 2 10 8 0 0 21 25 16 13 12 2 7 0 0 19 0 0 0 0 13 1 0 22 1 32 77 0 0 0 23 25 31 1 0 2 0 0 0 0 0 0 15 0 0 0 0 0 0 0 0 0 0 0 0 5 0 0 0 0 0 0 0 0 0 0 1 9 1 4 78 1 2 2 0 0 43 0 0 0 0 0 0 0 0 0 0 0 0 0 0 0 0 0 0 0 0 1 0 0 0 0 0 
 0 2 74 160 148 108 3 2 0 1 75 25 0 2 0 0 35 2 1 0 58 58 57 47 62 97 86 135 179 259 33 46 0 168 109 58 32 30 316 74 0 0 0 0 3 0 28 0 30 0 0 0 0 0 0 0 0 9 0 0 6 0 0 0 0 0 0 0 0 4 0 0 2 0 0 0 3 2 0 0 0 0 34 13 0 10 0 2 6 0 45 20 0 1 0 0 0 9 0 0 1 2 0 0 0 0 42 20 1 23 0 10 0 1 1 27 0 0 0 16 0 2 0 0 0 0 0 0 0 0 0 0 0 10 0 0 0 0 0 0 0 0 0 5 0 0 0 0 0 0 0 2 0 0 0 0 0 0 1 0 0 0 11 0 13 11 0 0 0 0 0 10 0 0 0 0 0 0 0 0 14 10 0 0 0 0 26 30 33 1 8 0 28 10 13 0 10 10 0 20 0 0 0 0 0 0 0 0 0 1 0 0 0 0 0 0 0 0 0 0 0 0 0 0 0 0 0 0 0 0 4 0 0 0 0 0 0 0 8 0 0 16 0 0 0 0 0 0 0 78 0 0 0 1 9 5 1 0 75 0 2 0 0 0 0 0 0 0 0 0 0 0 0 0 0 0 0 0 0 35 0 0 0 0 0 0 0 0 0 0 
 2 2 6 3 105 76 3 1 2 4 5 78 5 7 3 2 2 3 2 2 185 138 473 257 143 271 75 301 281 111 122 265 168 0 183 335 228 63 173 114 7 2 61 0 65 2 3 0 2 0 0 3 0 0 2 0 0 0 63 49 6 0 0 0 1 0 0 3 2 3 0 0 2 0 0 2 3 2 0 5 0 0 0 0 0 0 0 0 11 0 0 0 0 0 0 0 0 0 0 0 15 24 26 50 17 4 40 0 18 16 0 0 19 7 19 41 23 0 0 5 0 0 0 2 0 0 0 0 0 0 0 0 0 0 8 0 0 0 23 0 0 0 0 0 0 0 0 0 0 1 0 0 0 0 0 0 0 0 0 2 0 2 0 0 14 12 0 0 0 0 8 0 0 0 0 0 0 0 1 13 8 14 0 0 26 0 35 0 31 49 40 4 0 22 19 30 0 20 12 32 0 0 2 0 0 0 12 0 0 0 0 0 16 0 0 0 9 0 11 0 0 0 0 0 0 0 0 0 0 0 2 0 0 0 0 0 0 0 10 0 0 0 0 0 0 0 0 0 1 5 0 0 0 0 8 0 2 77 0 2 1 0 1 0 0 0 0 0 0 0 0 0 0 0 0 0 0 2 0 0 0 9 0 0 0 0 0 0 0 0 
 0 0 0 74 1 149 0 2 0 0 0 0 0 0 0 1 1 0 1 2 38 138 47 216 147 54 28 213 84 160 148 120 109 183 0 152 112 123 216 102 0 0 0 0 4 0 3 0 3 0 0 0 1 0 0 0 0 2 0 0 0 0 0 49 0 1 0 0 0 2 3 4 2 0 0 2 9 2 0 0 0 0 0 0 0 9 0 0 0 0 0 0 0 0 0 0 0 1 0 0 6 0 2 44 0 5 0 48 13 22 43 11 0 0 32 34 4 14 7 0 0 0 0 0 0 0 0 1 0 0 0 0 43 0 3 0 0 0 29 10 0 0 0 0 0 0 0 0 0 0 0 0 0 0 1 10 9 0 0 0 0 0 0 8 0 40 0 0 2 4 0 21 0 0 0 0 0 0 0 0 0 9 1 34 21 17 13 9 0 36 23 25 0 1 55 55 11 9 0 0 0 0 0 0 0 0 2 2 0 0 0 0 49 18 0 0 0 0 18 1 0 0 0 0 0 0 0 0 0 1 0 0 0 0 0 0 0 0 0 0 0 0 0 0 0 0 60 0 0 0 0 0 0 0 7 0 0 80 0 1 0 11 0 0 0 0 0 0 0 0 0 0 0 0 0 9 0 0 0 18 0 2 0 0 0 20 0 0 0 0 
 0 0 2 74 0 0 0 2 0 0 76 0 2 6 0 0 0 0 2 0 31 266 51 133 160 166 132 228 117 259 79 49 58 335 152 0 81 100 46 75 0 0 3 7 8 1 3 4 7 3 3 0 0 0 0 2 1 0 6 0 0 0 2 0 4 0 0 2 0 3 2 3 2 0 0 0 8 2 0 0 0 0 0 18 0 0 0 0 0 0 0 0 0 0 0 0 0 9 1 0 4 0 19 29 0 10 0 10 51 42 18 9 0 20 17 13 23 35 1 18 0 0 0 0 0 0 12 0 0 0 0 0 0 0 7 0 0 0 14 13 15 0 0 0 0 0 0 0 0 2 0 0 0 0 0 0 0 0 0 1 0 0 17 0 0 0 1 0 0 0 0 3 0 0 0 0 0 0 0 11 0 13 36 0 19 14 12 9 29 12 28 0 0 11 70 16 19 1 0 0 0 0 0 0 0 0 1 0 0 1 0 0 29 0 0 10 0 0 10 11 0 0 0 0 0 0 0 0 0 0 0 0 0 0 0 0 0 0 1 0 0 0 0 0 0 0 0 0 0 87 0 0 0 0 16 1 1 57 1 0 0 26 1 0 0 0 11 0 0 0 1 0 0 0 0 0 0 0 0 0 0 9 0 0 0 19 0 0 0 0 
 1 0 0 0 37 0 0 0 0 0 0 0 0 0 1 0 0 0 0 0 152 168 135 76 72 60 192 75 42 383 157 142 32 228 112 81 0 138 99 155 2 1 0 0 0 0 23 8 0 4 2 3 0 1 3 2 3 3 2 68 0 0 1 0 0 0 0 0 0 1 40 2 0 0 0 0 0 0 3 2 1 0 0 0 0 0 0 0 0 0 0 0 0 0 0 0 0 0 0 0 26 17 41 20 39 19 22 18 2 47 33 12 2 17 52 16 12 33 0 11 0 36 11 0 0 0 55 14 0 0 0 0 20 0 0 12 0 0 0 10 2 2 0 0 0 0 0 3 0 0 0 0 0 1 2 28 14 0 0 0 0 0 0 0 0 12 0 0 0 0 11 0 0 0 0 0 0 0 0 0 14 0 0 59 9 55 0 0 20 20 5 15 0 9 32 0 0 2 0 22 0 0 0 0 0 1 0 12 2 0 0 0 42 20 7 0 0 11 0 10 0 0 0 0 0 0 1 0 0 0 0 1 0 0 0 19 0 0 0 0 0 0 0 0 0 2 0 0 0 0 0 0 2 0 13 3 0 0 4 0 7 1 0 0 0 0 0 2 0 0 0 0 0 0 0 0 0 0 0 0 0 0 0 0 0 16 17 0 0 0 
 0 0 0 1 0 0 0 0 0 0 0 0 2 0 0 0 0 207 0 0 30 101 219 386 56 138 35 35 153 93 176 201 30 63 123 100 138 0 255 364 0 0 6 0 7 0 64 0 2 0 4 0 4 8 0 3 0 0 1 2 0 0 0 0 4 0 6 0 0 2 1 49 2 0 4 6 3 2 0 0 0 0 2 0 0 0 0 0 0 0 0 0 0 0 0 0 0 0 0 0 1 0 25 31 0 51 0 13 11 33 18 9 1 16 0 0 0 33 0 0 7 12 18 0 0 0 14 22 22 13 0 2 15 1 1 9 1 0 11 9 4 2 0 0 0 19 0 2 0 0 0 0 0 0 0 1 0 0 0 0 0 0 0 0 0 0 10 0 0 0 1 4 0 0 0 1 0 0 0 6 0 21 25 13 66 21 22 0 0 12 29 1 0 0 0 33 13 12 1 2 0 0 55 0 0 0 0 18 0 0 0 0 21 11 13 0 0 16 29 46 0 0 0 0 21 0 0 0 0 0 0 0 0 0 0 0 0 0 0 0 0 0 8 0 0 0 0 0 0 0 0 1 0 0 17 2 6 77 1 1 5 2 0 0 0 0 0 0 0 0 0 0 0 0 0 0 0 0 0 0 0 0 0 0 0 0 0 0 0 0 
 3 3 112 25 249 79 6 5 3 3 7 4 3 3 4 3 76 97 3 83 120 121 340 484 72 58 134 36 189 310 478 164 316 173 216 46 99 255 0 220 0 201 0 0 3 0 2 201 2 0 0 0 1 0 0 0 0 0 0 0 20 0 0 0 0 0 0 0 0 2 0 0 2 0 0 0 2 2 0 0 0 0 0 8 9 0 0 0 0 0 12 37 0 0 0 0 10 0 0 0 34 19 15 0 0 0 17 29 0 13 0 13 0 0 0 53 0 0 21 1 0 0 0 0 0 0 0 0 0 0 0 0 0 0 0 0 0 0 14 0 0 0 0 0 0 0 23 0 0 0 0 0 1 0 0 0 0 0 0 0 0 0 0 33 30 46 0 0 33 9 0 12 0 0 0 0 0 0 5 2 10 16 10 20 0 0 6 55 39 0 13 0 35 0 12 0 0 0 0 1 0 0 0 0 0 0 2 0 0 0 0 0 12 0 7 18 0 0 0 0 0 0 0 0 0 0 0 0 0 0 0 0 0 0 0 0 7 0 12 0 0 0 0 0 0 0 74 0 0 0 0 0 0 0 11 0 2 0 0 2 4 0 0 0 0 0 0 0 0 0 0 0 0 0 0 9 0 0 0 14 0 0 0 0 0 11 0 0 0 0 
 6 80 103 78 5 4 83 5 21 164 159 10 4 7 4 14 3 30 4 5 49 39 280 285 88 63 88 133 157 210 74 691 74 114 102 75 155 364 220 0 36 0 0 0 3 0 3 0 2 0 0 0 43 0 0 0 0 0 0 0 0 0 0 0 0 0 0 0 0 2 0 0 2 0 0 0 3 2 0 0 2 8 0 8 74 7 0 0 0 0 13 100 0 0 0 0 1 22 0 0 0 12 10 0 11 0 0 6 0 0 0 0 6 12 0 19 0 0 28 34 0 0 0 0 0 0 0 0 0 0 0 0 0 0 0 0 0 0 0 0 0 0 35 0 2 0 0 0 0 0 5 0 4 0 0 0 0 0 1 0 0 0 6 11 0 1 0 0 0 2 1 16 0 0 0 0 13 0 0 0 20 3 0 0 0 0 0 51 26 0 0 0 0 13 0 0 0 13 27 9 0 0 0 0 0 2 0 0 1 0 0 0 0 0 0 0 0 2 0 0 0 0 0 0 0 0 1 0 0 13 0 2 0 1 0 0 0 0 0 0 0 0 0 0 0 0 0 0 24 148 9 0 0 0 16 3 2 1 0 2 4 0 0 0 0 0 0 0 0 0 0 0 0 0 0 1 2 0 0 0 0 0 0 0 0 0 0 0 0 1 
 0 0 0 0 2 0 0 0 0 0 0 0 0 0 0 0 0 0 0 0 0 14 2 0 0 63 0 3 0 37 0 63 0 7 0 0 2 0 0 36 0 329 309 277 99 245 148 258 43 69 96 192 36 174 198 121 114 42 103 160 0 0 0 0 0 0 0 0 1 0 3 0 0 0 0 1 0 0 0 1 0 0 0 0 0 0 0 0 0 0 0 0 0 0 0 0 0 0 0 0 2 2 1 13 0 0 7 0 1 5 0 0 30 3 2 0 0 0 0 7 20 15 11 16 0 9 32 19 7 0 23 0 13 15 14 12 23 9 19 17 1 15 0 0 0 0 1 0 0 0 0 0 8 0 3 0 0 0 0 0 0 6 0 0 4 0 0 0 0 0 0 0 0 0 0 0 9 0 0 0 6 0 0 0 0 0 0 0 1 0 2 0 0 0 7 0 0 6 0 3 11 0 0 11 0 15 14 35 19 0 25 14 7 0 16 68 10 45 30 1 0 0 0 0 0 0 8 0 0 0 0 0 1 0 0 0 0 0 0 0 0 0 0 0 0 0 0 0 0 33 0 9 0 2 0 0 0 0 0 0 0 0 0 0 0 1 0 75 0 3 0 0 0 0 0 0 0 0 0 0 0 0 0 0 4 9 0 7 1 0 
 1 2 0 3 0 1 4 0 1 2 2 0 1 6 2 1 1 1 1 0 3 2 0 0 0 0 0 0 0 0 0 0 0 2 0 0 1 0 201 0 329 0 154 216 276 84 150 254 69 114 113 20 56 92 116 340 91 39 164 56 0 0 3 2 0 0 0 0 3 0 2 0 0 0 0 0 0 1 0 3 0 3 0 0 0 0 0 0 0 0 0 0 0 0 0 0 0 0 0 0 0 0 0 18 0 0 0 0 0 0 0 0 0 0 0 0 0 0 0 0 0 21 1 17 6 33 0 1 20 16 2 8 0 1 0 1 42 37 0 24 0 0 22 0 0 0 11 0 3 0 0 0 0 0 13 0 0 0 11 25 0 0 16 0 0 10 0 0 0 0 0 14 0 0 0 0 0 0 0 0 0 0 0 0 0 0 0 0 0 0 0 0 0 0 0 0 0 0 0 0 74 44 30 28 23 13 21 35 14 36 3 0 7 0 21 34 36 10 3 0 0 0 0 0 0 0 10 0 0 0 0 0 17 0 0 0 0 0 0 3 0 0 0 0 0 0 0 0 0 0 0 9 0 0 0 0 0 0 0 24 0 0 0 0 0 11 1 19 2 0 0 0 0 0 0 0 0 0 0 0 0 0 2 0 0 0 0 7 0 0 
 3 0 0 0 0 0 0 0 0 0 0 0 1 0 0 0 0 0 0 0 4 0 0 1 0 0 0 0 0 0 0 0 0 61 0 3 0 6 0 0 309 154 0 126 128 310 50 153 309 107 269 455 181 187 248 53 230 339 128 140 0 0 0 5 0 0 0 18 4 0 0 0 28 0 0 4 49 0 25 3 0 0 0 0 0 0 0 0 0 0 0 0 0 0 0 0 0 0 0 0 0 0 0 0 0 0 0 0 0 0 0 0 0 0 0 0 0 0 1 0 11 34 0 17 10 7 21 6 10 10 5 9 0 22 10 0 15 23 0 1 0 10 3 0 45 0 0 3 10 7 0 0 9 6 1 1 0 2 0 0 0 3 0 0 2 0 0 0 0 0 0 0 0 0 0 0 5 0 0 0 0 0 0 0 0 0 0 22 0 0 0 0 0 0 0 0 0 0 0 0 23 28 11 7 21 19 11 1 23 21 18 0 0 7 9 13 22 23 24 1 4 0 0 0 0 0 10 0 1 3 4 4 0 1 0 12 0 0 5 0 0 0 0 0 0 0 0 0 0 0 0 6 0 2 0 0 0 0 0 0 0 0 2 0 66 0 5 0 0 0 0 0 0 0 0 0 0 0 0 0 0 0 0 0 0 10 0 0 1 0 
 0 0 0 0 0 0 0 0 0 0 0 0 10 3 0 0 0 0 0 0 0 0 0 0 3 1 0 0 0 0 0 0 0 0 0 7 0 0 0 0 277 216 126 0 232 55 329 138 157 261 137 296 127 137 368 412 64 762 55 89 4 0 0 38 0 0 0 6 3 0 209 0 4 0 216 6 0 0 51 0 0 0 0 0 0 0 0 0 0 0 0 0 0 0 0 0 0 0 0 0 0 0 0 0 0 0 0 0 0 0 0 0 0 0 0 0 0 0 0 0 0 0 16 27 47 24 16 13 14 26 25 28 14 19 1 0 1 25 0 0 0 7 0 4 0 0 0 5 0 0 0 0 0 3 19 4 0 6 2 10 0 14 0 0 0 5 0 0 0 0 0 0 0 0 0 0 0 0 14 0 0 0 0 0 0 8 0 0 0 0 0 0 0 0 0 0 0 0 0 0 31 8 29 0 5 19 14 18 12 0 19 7 0 7 17 22 21 1 0 0 15 15 0 0 0 0 0 0 0 0 8 0 30 4 0 7 0 0 1 10 0 0 3 0 0 0 0 0 0 0 0 12 0 2 0 0 0 0 0 14 0 0 31 0 0 10 4 0 0 0 13 0 0 0 1 0 0 0 0 0 0 1 0 0 24 10 0 1 0 0 
 0 0 0 0 1 0 0 0 0 0 2 0 0 0 0 0 0 3 0 0 3 3 3 3 23 4 3 3 3 3 4 3 3 65 4 8 0 7 3 3 99 276 128 232 0 148 148 70 148 84 86 59 112 47 48 140 95 52 62 71 0 0 8 0 0 0 0 0 0 0 0 0 72 0 0 0 0 0 93 4 0 0 0 0 0 0 0 0 0 0 0 0 0 0 0 0 0 0 0 0 0 0 0 0 0 0 0 0 0 0 0 0 0 0 0 0 0 0 1 0 0 0 0 38 65 0 0 0 0 13 2 6 0 0 0 0 12 2 0 13 0 13 0 0 0 0 40 0 13 17 0 0 25 0 5 0 0 3 19 60 0 0 0 0 0 3 0 0 0 0 0 0 0 0 0 0 0 0 0 0 0 0 0 0 0 16 0 0 0 0 11 0 0 0 0 23 0 0 1 0 5 18 0 42 37 31 0 9 14 15 2 9 0 0 7 7 9 19 0 0 0 9 0 0 0 0 61 0 0 0 1 0 29 0 0 1 0 0 0 0 0 0 0 0 0 0 0 0 0 0 0 4 0 1 0 2 0 0 0 2 0 0 3 3 64 18 3 9 7 0 0 0 0 0 0 0 0 0 0 0 0 4 2 0 0 0 0 0 0 0 
 0 0 0 0 0 0 0 0 0 0 0 0 0 0 0 0 0 0 0 0 0 0 0 0 1 1 0 0 0 0 0 0 0 2 0 1 0 0 0 0 245 84 310 55 148 0 46 99 364 339 178 49 257 61 52 86 157 46 47 55 50 65 56 4 9 0 61 20 0 51 0 0 59 0 0 0 0 0 52 51 0 0 0 0 0 0 0 0 0 8 0 0 0 0 0 0 0 10 0 0 0 0 0 0 0 0 0 0 0 0 0 0 0 0 0 0 0 0 0 0 0 0 2 9 18 33 1 0 6 37 0 8 0 0 0 17 0 15 0 0 0 32 0 3 0 0 22 6 20 0 2 3 18 12 23 0 2 4 1 21 0 0 0 0 1 4 0 0 0 0 0 0 0 15 0 0 0 0 0 0 0 0 2 0 0 2 0 0 0 0 0 0 0 2 0 0 0 0 0 0 18 0 6 19 34 10 0 0 0 2 7 1 0 0 0 0 0 0 0 0 20 0 0 0 10 0 3 0 18 14 0 0 0 19 0 15 39 9 10 50 0 0 0 0 0 2 0 0 0 0 0 3 0 0 0 0 1 0 0 25 0 0 63 0 42 1 8 1 0 0 13 0 0 0 0 4 0 0 0 0 0 0 0 0 0 0 0 0 0 0 
 0 0 0 0 0 0 0 0 0 0 0 0 1 0 0 0 0 0 0 0 2 3 3 3 67 86 3 3 3 65 3 77 28 3 3 3 23 64 2 3 148 150 50 329 148 46 0 82 52 27 30 20 329 69 119 66 36 40 115 142 0 0 1 0 19 0 0 0 0 0 0 0 0 0 0 0 0 0 5 0 0 0 0 0 0 0 15 0 0 0 0 0 0 0 0 0 0 0 0 0 0 0 0 0 0 18 0 0 0 0 19 11 0 0 0 0 0 17 0 0 12 5 6 13 0 18 19 14 16 0 11 29 13 0 25 57 40 2 0 22 9 0 0 0 0 0 9 0 2 5 0 0 6 0 0 4 0 0 0 0 0 0 0 0 1 0 0 0 0 0 0 0 0 0 0 0 0 0 0 0 0 0 0 18 12 46 0 0 0 0 0 77 0 0 0 0 0 0 0 0 0 0 0 19 0 4 0 19 0 19 29 30 7 41 45 0 14 19 21 20 0 0 5 0 0 0 5 0 0 0 0 0 2 0 5 0 0 0 0 7 0 0 0 0 0 0 0 0 0 0 0 1 0 0 0 0 0 0 74 0 0 0 0 0 2 2 0 82 0 0 0 0 0 0 0 0 0 0 0 0 0 0 2 0 3 8 0 0 0 0 
 0 0 0 0 0 0 1 0 0 0 0 0 0 5 2 0 0 0 0 2 0 2 0 1 3 62 0 66 0 0 0 0 0 0 0 4 8 0 201 0 258 254 153 138 70 99 82 0 335 141 316 35 162 392 302 231 146 393 95 152 0 0 0 11 0 2 0 2 3 8 3 3 2 3 0 1 4 7 0 3 0 0 0 0 0 0 0 0 0 0 0 0 0 0 13 0 0 11 0 0 0 0 0 0 0 0 0 0 9 0 0 14 0 0 0 0 0 0 0 0 0 21 13 0 0 17 10 25 50 0 29 0 16 6 4 0 0 25 0 50 0 1 0 6 0 3 7 0 0 0 20 0 0 0 0 0 9 0 0 0 0 0 0 0 1 0 6 0 0 0 0 0 0 0 0 0 7 0 4 0 0 0 0 0 0 0 0 0 0 0 0 9 0 6 0 0 0 0 0 0 21 29 19 8 0 0 25 11 23 0 20 0 8 9 16 31 33 0 10 24 0 0 19 0 0 0 13 0 0 8 0 0 10 0 0 0 0 0 8 0 0 0 8 0 0 0 0 0 0 0 0 2 0 1 0 0 0 0 0 2 0 0 6 0 1 4 2 0 0 0 0 0 0 0 0 0 0 0 0 0 0 0 0 0 10 1 0 16 2 0 
 3 0 0 34 0 3 0 0 0 0 0 6 0 5 0 0 2 0 0 0 27 3 2 65 2 2 2 2 2 2 2 2 30 2 3 7 0 2 2 2 43 69 309 157 148 364 52 335 0 208 175 101 156 333 99 357 148 122 331 77 0 0 5 1 1 0 52 0 0 1 2 0 57 0 0 0 3 0 51 6 0 0 2 0 0 4 0 0 12 0 0 0 0 0 0 0 0 0 0 0 0 0 0 0 0 0 1 31 0 0 0 0 0 0 0 0 0 0 3 0 0 0 0 8 8 26 0 0 8 30 0 9 0 0 0 0 3 10 0 0 0 18 0 0 0 0 17 5 21 0 0 0 15 12 23 0 0 0 1 21 0 0 0 1 0 1 4 0 0 0 0 8 0 0 0 0 2 0 0 0 0 7 0 0 0 0 0 12 1 0 0 0 0 0 0 0 0 0 0 0 57 1 16 23 40 0 40 0 0 4 8 0 0 0 7 0 38 0 0 0 0 0 0 0 0 0 22 0 0 0 0 0 0 0 0 17 4 0 20 33 0 34 0 0 0 0 5 0 0 0 0 12 0 1 0 0 0 0 0 2 0 0 1 0 43 2 0 2 2 0 0 0 0 0 0 0 0 0 0 0 0 4 0 0 0 0 0 0 0 0 
 4 0 0 0 0 0 0 0 0 0 0 64 1 2 0 0 0 0 0 0 17 62 0 4 2 0 0 0 0 0 21 0 0 0 0 3 4 0 0 0 69 114 107 261 84 339 27 141 208 0 179 268 188 127 364 466 139 202 79 277 0 0 0 8 0 0 0 3 0 0 0 1 0 3 0 1 0 0 3 2 0 0 0 0 0 0 0 0 0 0 0 0 0 0 0 1 0 0 0 0 0 0 0 0 6 0 0 0 6 0 43 13 3 0 0 0 8 5 0 0 0 6 8 9 0 49 19 0 6 14 0 10 0 3 8 0 25 24 0 6 0 0 0 0 0 0 0 0 0 0 0 0 0 0 21 0 0 0 7 24 0 0 0 0 0 25 0 0 0 0 0 0 0 0 0 0 0 0 0 0 0 0 9 0 18 0 0 0 0 1 0 7 0 1 0 0 10 0 0 0 22 15 35 11 31 1 2 0 15 10 0 0 0 9 22 17 21 0 0 6 0 0 0 0 10 0 0 0 0 0 0 0 21 0 0 0 13 0 12 14 0 0 0 0 0 0 0 0 0 0 0 4 0 2 0 0 0 0 20 21 0 0 1 0 0 15 0 1 0 0 0 0 0 1 0 0 0 0 0 0 0 10 0 0 0 9 0 7 0 0 
 3 3 3 3 3 3 3 3 3 3 3 3 8 5 3 3 3 3 3 8 63 0 0 0 3 69 0 47 62 7 0 0 0 0 0 3 2 4 0 0 96 113 269 137 86 178 30 316 175 179 0 172 22 74 134 176 165 119 39 75 0 0 1 0 0 0 0 0 0 0 0 0 0 0 0 0 0 0 0 0 0 0 0 0 0 0 0 0 0 0 0 0 0 0 0 0 0 0 0 0 0 0 0 0 0 10 0 0 0 0 0 0 0 0 0 0 0 0 0 0 0 0 15 12 24 20 10 16 20 51 13 17 13 4 0 8 6 25 0 0 0 10 0 7 0 0 9 0 0 10 0 0 0 0 11 0 0 0 0 13 0 0 0 0 0 5 10 0 0 0 0 0 0 0 0 0 0 0 0 0 0 13 0 0 0 0 0 0 0 0 0 0 0 0 0 0 0 0 0 0 38 1 7 8 28 14 17 22 0 0 29 24 0 0 0 7 0 0 14 0 0 9 1 0 0 0 0 0 11 0 0 0 26 0 0 6 0 0 10 20 0 0 0 0 0 0 0 0 0 0 0 7 0 0 0 0 0 0 0 30 0 0 31 0 0 2 4 3 1 0 21 0 0 0 0 0 0 0 0 0 0 0 0 0 27 12 0 7 0 0 
 5 3 2 3 2 2 3 2 2 3 3 2 4 66 3 9 2 2 2 2 0 0 0 0 2 0 0 0 3 0 0 0 0 3 0 0 3 0 0 0 192 20 455 296 59 49 20 35 101 268 172 0 33 234 46 33 54 362 10 26 77 0 4 0 0 0 54 0 0 0 0 0 0 0 0 0 0 0 50 64 0 0 0 0 0 0 0 0 2 0 0 0 0 0 0 0 0 0 0 0 0 0 0 0 0 0 0 0 0 0 0 0 0 0 0 0 0 0 0 0 0 0 7 32 24 0 0 0 0 31 0 6 0 0 0 0 0 0 0 0 0 4 0 24 0 0 14 36 14 14 2 0 12 20 21 7 0 27 1 22 0 0 0 0 0 0 0 0 0 0 0 0 0 0 0 0 0 0 0 0 0 0 0 0 0 0 0 0 0 0 0 0 0 0 0 0 0 0 0 0 0 0 19 1 21 28 0 0 0 0 9 0 0 0 0 0 0 1 0 0 6 15 0 0 0 0 0 0 16 0 11 0 15 9 1 24 17 0 25 33 0 0 0 0 0 0 0 0 0 0 0 4 0 1 0 0 0 0 0 4 1 13 10 63 5 4 0 1 4 0 8 0 0 0 0 0 0 0 0 0 0 0 0 0 13 0 0 0 0 0 
 0 6 37 3 1 0 0 0 2 72 63 1 2 2 0 0 0 37 0 0 4 1 0 6 9 62 33 0 3 0 0 0 0 0 1 0 0 4 1 43 36 56 181 127 112 257 329 162 156 188 22 33 0 114 125 146 48 98 178 70 0 3 0 7 0 0 1 5 0 0 0 0 5 0 0 0 1 0 3 2 0 0 0 0 22 3 0 23 18 0 0 11 0 0 0 0 0 0 0 0 0 0 0 0 13 0 0 0 0 0 4 19 0 0 0 0 28 3 1 25 0 5 0 11 0 7 9 0 0 0 0 8 3 14 10 0 2 20 20 6 0 0 0 0 0 0 0 0 0 0 0 0 0 0 0 0 1 0 0 0 0 0 0 1 0 0 0 0 0 5 0 0 4 0 0 15 0 4 0 0 0 3 6 18 9 16 0 0 0 5 24 7 0 2 0 25 0 0 22 0 16 0 33 14 6 0 22 21 34 2 0 0 2 25 29 12 34 0 0 24 0 0 0 0 0 0 0 0 0 9 0 0 0 0 0 0 0 0 6 0 0 0 0 0 0 0 0 0 37 0 7 4 1 0 0 0 0 0 4 1 9 0 1 0 2 5 2 0 0 0 0 0 0 0 0 1 4 0 0 0 0 0 0 0 0 9 0 0 2 0 
 0 0 0 0 0 0 0 63 0 0 0 0 0 0 0 0 0 0 0 0 0 4 0 63 0 33 0 1 4 0 19 30 0 0 0 0 1 8 0 0 174 92 187 137 47 61 69 392 333 127 74 234 114 0 156 320 41 87 251 66 0 0 0 5 0 0 0 4 0 0 0 4 0 0 0 2 0 4 6 3 0 0 0 0 0 0 0 0 0 0 0 0 0 0 0 0 0 0 0 0 0 0 0 0 0 7 0 0 0 0 0 41 0 0 0 0 0 0 0 0 19 15 12 0 0 13 18 15 44 10 10 0 23 10 11 0 11 22 0 12 0 7 0 0 0 0 0 0 0 0 0 0 0 0 10 0 0 0 8 0 0 3 0 0 4 0 4 44 0 0 0 0 0 0 0 0 9 0 0 0 0 15 0 0 0 6 0 0 0 6 15 3 0 0 0 6 0 0 0 0 25 32 5 0 0 1 36 7 14 1 21 0 16 27 16 48 34 7 19 20 0 0 0 0 0 0 19 0 0 0 0 0 5 0 0 0 0 0 0 0 0 0 16 0 0 0 0 0 0 18 0 13 1 1 0 0 0 0 0 0 0 0 0 0 0 0 0 0 0 0 0 0 0 0 0 0 0 0 0 0 0 0 0 0 0 0 0 6 2 0 
 0 0 0 63 0 0 0 0 0 0 0 0 0 0 0 0 0 0 0 0 0 0 0 0 0 29 0 2 3 0 0 65 0 2 0 0 3 0 0 0 198 116 248 368 48 52 119 302 99 364 134 46 125 156 0 156 313 157 157 402 0 0 0 8 0 0 0 3 0 0 0 0 0 0 0 0 0 0 0 0 0 0 0 0 0 0 0 0 0 0 0 0 0 0 0 0 0 0 0 0 0 0 0 0 0 0 0 8 0 0 2 1 0 0 0 0 0 0 0 0 20 36 15 0 0 0 33 16 22 0 40 23 64 28 20 43 0 13 0 20 1 3 0 0 0 0 0 0 0 0 10 0 0 0 0 0 0 0 0 0 0 6 0 0 4 0 8 0 0 0 2 0 0 0 0 0 9 0 0 0 0 35 0 0 0 0 0 0 0 0 0 2 0 0 0 0 0 0 0 0 12 11 4 0 0 0 33 29 27 0 41 30 7 11 6 33 25 26 3 11 0 0 0 0 0 0 11 0 0 0 0 0 0 0 0 0 0 0 0 0 0 0 1 0 0 0 0 0 0 0 0 3 0 0 0 0 0 0 0 0 0 0 12 0 0 2 3 0 0 0 0 0 0 0 0 0 0 0 0 0 0 0 0 0 23 0 0 0 0 0 
 0 3 0 0 0 0 0 3 0 0 3 0 5 3 1 0 0 0 0 1 0 0 0 0 3 0 0 0 0 0 0 2 0 0 0 2 2 3 0 0 121 340 53 412 140 86 66 231 357 466 176 33 146 320 156 0 161 685 55 70 0 5 0 3 0 0 0 3 0 0 0 0 50 2 0 0 0 0 23 0 0 0 0 0 0 0 0 0 0 0 0 0 0 0 0 0 0 0 0 0 0 12 0 0 0 0 0 0 0 0 0 0 0 0 0 0 0 0 0 0 0 0 23 24 12 28 12 19 13 0 34 8 12 27 0 0 10 26 0 0 7 8 0 0 0 0 11 0 0 5 0 0 1 0 20 0 0 1 10 12 0 0 0 0 0 0 0 0 0 0 0 0 0 0 0 0 0 0 0 0 0 0 0 0 4 0 0 4 0 0 0 0 0 0 0 0 0 0 0 0 15 6 18 12 20 8 15 14 14 7 12 40 0 31 54 28 68 0 0 0 0 1 5 0 0 0 2 14 0 0 0 0 25 0 5 0 0 0 9 17 0 0 0 0 0 0 0 0 0 0 0 4 0 2 0 0 0 0 0 4 62 0 0 1 0 7 0 0 2 0 0 0 0 0 0 0 0 0 0 0 0 0 0 0 10 10 0 8 0 0 
 0 0 0 0 64 0 0 0 0 0 0 0 0 66 0 0 0 0 0 0 0 0 0 0 0 0 0 0 63 0 0 0 0 0 0 1 3 0 0 0 114 91 230 64 95 157 36 146 148 139 165 54 48 41 313 161 0 137 97 38 0 0 48 0 0 1 0 0 0 0 0 0 31 0 0 0 1 0 24 0 0 0 0 0 0 0 0 0 0 0 0 0 0 0 0 8 0 0 0 0 0 0 0 0 0 0 0 0 0 0 0 0 0 0 0 0 0 0 2 0 21 22 0 11 11 0 11 0 28 17 0 0 0 12 4 0 2 28 0 0 0 12 0 0 0 0 15 0 14 0 0 0 23 0 29 0 0 0 4 10 0 2 0 0 3 0 5 0 0 0 0 0 0 0 0 0 5 0 0 0 0 0 0 0 0 0 0 0 0 0 0 0 0 0 0 0 0 0 0 0 16 1 35 18 51 17 28 0 11 34 7 0 0 0 7 2 51 18 0 0 0 0 0 0 8 0 22 0 1 0 0 0 0 0 0 22 0 0 9 21 0 0 0 0 0 0 0 0 0 0 0 10 0 0 0 0 0 0 0 0 0 0 4 0 64 2 1 1 2 0 0 0 0 0 0 0 0 0 0 0 0 0 0 0 0 5 0 0 0 0 
 0 0 0 4 0 18 0 0 0 0 0 16 0 0 0 0 4 0 0 0 0 0 0 0 64 0 0 0 0 0 0 0 9 0 2 0 3 0 0 0 42 39 339 762 52 46 40 393 122 202 119 362 98 87 157 685 137 0 93 66 1 2 52 12 0 18 0 12 2 0 2 5 0 3 0 5 0 0 0 0 0 0 3 28 0 5 0 0 36 0 2 0 0 0 0 0 0 0 0 0 0 0 0 0 0 0 0 3 0 0 0 0 0 0 0 0 0 0 7 0 0 0 18 1 1 12 23 0 8 19 8 10 0 16 12 0 21 44 0 0 0 0 0 4 0 0 7 0 0 0 0 0 0 0 12 0 0 0 8 0 0 0 0 2 1 0 5 18 0 0 0 9 24 0 0 0 5 0 0 0 0 4 0 0 0 0 17 7 0 0 0 0 0 2 0 0 0 0 0 0 32 24 21 7 1 14 12 0 53 1 0 0 0 5 18 18 23 0 0 19 0 2 0 0 0 0 12 0 0 0 0 0 8 0 0 0 0 0 7 9 0 12 0 0 0 0 5 0 0 0 0 0 0 1 0 0 0 0 0 1 0 2 62 0 3 2 2 2 0 0 12 0 0 0 0 0 0 0 0 0 0 3 0 0 16 0 0 12 0 0 
 0 0 0 0 0 48 0 0 0 0 0 0 0 0 0 0 0 0 0 0 0 0 1 2 0 63 0 0 1 62 209 0 0 63 0 6 2 1 0 0 103 164 128 55 62 47 115 95 331 79 39 10 178 251 157 55 97 93 0 169 0 0 0 7 0 0 0 1 0 0 0 0 0 0 47 0 0 0 0 0 0 0 0 0 0 0 0 0 0 0 0 0 0 0 0 0 0 0 0 0 0 0 18 0 0 38 0 0 0 19 0 67 0 0 0 15 0 10 0 0 16 18 22 4 3 0 4 15 22 0 12 0 0 9 27 19 13 22 3 1 0 0 0 0 0 0 0 0 4 0 0 0 76 0 0 0 0 0 0 0 0 9 0 0 0 0 0 0 0 0 0 0 0 0 0 0 0 0 0 0 0 0 0 0 0 10 0 0 9 25 1 17 0 0 0 0 0 0 0 0 10 26 10 4 0 0 10 5 13 27 22 0 0 9 11 22 6 9 27 6 0 0 0 0 0 0 6 0 0 0 0 0 5 0 23 0 0 0 0 0 0 0 14 0 0 0 0 0 0 0 0 7 0 2 1 0 0 0 1 0 0 0 0 0 2 0 2 0 0 0 0 0 0 0 0 0 0 0 0 0 0 0 4 0 1 0 0 0 1 0 
 0 0 0 0 0 0 0 1 0 0 0 0 0 0 0 15 0 0 1 0 0 1 124 0 56 1 0 0 0 2 66 62 0 49 0 0 68 2 0 0 160 56 140 89 71 55 142 152 77 277 75 26 70 66 402 70 38 66 169 0 1 3 10 0 0 0 0 2 0 0 0 0 3 4 1 0 49 0 0 3 0 0 0 3 0 13 0 0 0 0 0 0 0 0 0 0 19 0 0 0 0 0 11 7 6 17 0 0 0 1 1 0 0 0 0 6 0 3 0 0 13 38 10 0 0 13 0 8 1 0 6 0 0 17 6 12 13 0 10 11 12 4 0 0 0 0 15 0 0 5 0 0 0 0 1 3 0 0 0 0 0 4 0 0 0 0 0 0 0 0 0 0 0 0 0 0 0 0 0 0 0 0 0 12 9 13 0 0 0 5 15 8 0 0 0 0 0 2 0 0 0 0 1 0 0 3 0 1 13 10 23 4 7 0 0 10 0 25 11 21 0 0 5 0 0 0 0 4 0 0 0 0 0 3 5 0 0 0 1 7 0 0 0 0 0 0 0 0 0 0 0 2 0 0 0 0 0 0 0 0 0 0 0 0 0 0 0 0 0 0 0 0 0 0 0 0 0 0 0 0 0 0 0 0 0 0 15 0 0 0 
 0 0 0 0 5 54 0 0 0 0 0 6 0 0 0 0 0 0 0 77 10 0 67 0 2 0 0 0 0 0 2 0 6 6 0 0 0 0 20 0 0 0 0 4 0 50 0 0 0 0 0 77 0 0 0 0 0 1 0 1 0 72 61 103 81 41 61 206 326 79 92 117 131 108 170 59 119 83 36 165 0 0 0 0 0 0 0 0 0 0 0 0 0 0 0 0 0 0 0 0 0 0 0 0 0 0 7 0 0 1 0 0 0 0 0 6 10 0 0 0 0 0 0 0 0 0 0 0 0 0 0 0 0 0 0 0 0 0 0 0 12 0 24 0 0 27 1 28 0 19 0 28 0 1 13 12 0 15 10 10 6 0 0 6 6 4 0 0 0 0 0 0 0 7 0 0 0 0 0 0 0 0 0 0 0 0 8 2 3 5 0 0 6 1 0 19 0 0 25 0 0 0 0 0 0 12 0 0 0 0 0 8 0 0 0 0 0 0 0 0 22 19 54 22 46 18 7 22 14 13 47 29 0 17 29 6 41 28 25 25 0 0 0 0 0 0 0 0 0 2 0 0 0 0 5 0 0 0 0 0 0 0 0 0 0 0 0 0 0 0 9 2 6 2 1 2 0 0 0 0 0 0 0 0 0 0 0 0 0 0 
