 0 114 88 213 62 24 151 147 325 306 37 131 144 93 55 124 340 185 247 186 0 0 0 0 5 0 1 0 27 51 0 0 0 0 203 0 2 103 3 0 0 0 2 0 60 0 0 0 0 2 0 3 0 0 0 37 0 0 0 0 2 0 0 0 0 0 3 0 0 3 0 0 0 0 3 0 0 2 0 2 0 48 21 23 9 18 25 32 26 24 0 41 3 34 31 17 0 28 22 15 0 0 0 0 5 0 15 0 0 0 5 0 0 0 0 0 0 0 0 0 0 0 0 0 0 0 0 0 0 0 11 0 0 0 0 0 0 0 0 0 0 0 0 0 0 0 0 0 0 0 0 0 0 0 0 0 0 0 0 0 19 25 17 13 15 0 12 25 10 12 6 0 6 27 40 0 0 21 0 0 0 0 0 0 0 0 0 0 0 0 0 0 0 0 0 0 0 0 0 0 0 0 0 0 0 0 0 0 0 0 0 0 0 0 0 0 0 0 0 0 0 0 0 0 0 0 0 0 0 0 0 0 0 0 0 17 0 0 0 0 0 0 0 0 0 3 1 1 1 0 33 9 0 0 0 0 0 0 0 0 0 0 15 0 0 0 0 0 0 0 0 0 0 0 0 22 0 0 0 0 0 0 0 0 0 0 0 0 0 0 
 114 0 408 150 333 207 82 261 246 129 124 79 136 79 222 127 90 33 353 187 2 4 0 0 6 6 75 0 0 3 0 0 0 0 4 0 0 9 4 99 0 1 3 2 5 2 23 0 0 0 0 7 0 2 1 2 7 1 0 2 2 0 3 0 0 1 6 4 0 3 3 0 0 0 7 5 0 2 1 2 0 19 15 0 9 17 63 0 13 28 0 13 3 0 22 12 14 26 6 15 0 0 0 0 0 0 0 14 0 0 0 0 11 0 0 0 0 0 15 43 0 0 0 0 0 0 0 0 0 0 0 0 0 0 0 0 0 0 0 0 0 0 0 0 0 0 17 0 0 0 0 0 0 0 0 0 0 0 0 0 0 12 2 0 0 0 0 9 11 6 14 0 0 0 0 14 0 10 0 0 1 0 0 0 0 0 26 0 15 0 0 0 8 3 28 0 0 0 0 0 0 0 0 0 0 2 0 0 13 0 0 0 0 0 0 0 0 0 0 0 0 0 0 0 0 0 0 0 0 0 0 0 0 0 0 0 0 0 0 0 0 19 0 0 0 4 2 0 1 1 26 10 0 0 0 0 0 0 2 0 0 0 0 0 0 1 0 2 0 0 0 1 0 2 0 0 0 0 0 0 0 0 0 0 0 0 0 0 0 0 
 88 408 0 131 60 45 287 298 101 44 336 45 279 62 131 226 63 248 26 160 0 0 1 0 3 0 41 0 0 80 0 0 0 74 0 0 73 3 2 0 0 0 4 0 0 2 0 2 0 64 0 3 0 0 0 0 4 0 0 0 1 0 2 0 0 0 2 0 0 3 0 0 0 0 3 0 0 0 0 2 0 14 16 0 8 11 0 0 16 48 17 10 0 2 0 4 2 34 0 0 0 7 0 0 0 0 0 23 0 0 0 0 62 0 0 0 0 0 31 24 0 0 0 0 2 2 0 0 0 0 0 0 0 0 0 0 0 0 0 0 0 0 0 2 0 0 0 0 0 0 0 0 0 0 0 0 0 0 0 0 0 2 0 0 32 0 18 0 0 7 0 16 0 0 0 19 14 13 0 0 0 0 0 0 0 0 19 9 12 0 0 0 13 0 19 0 0 0 11 6 0 0 2 0 0 0 0 0 10 0 0 0 0 0 0 0 0 0 0 1 0 16 0 0 2 0 0 0 0 0 0 0 0 0 0 0 0 0 0 0 0 15 0 0 0 2 93 0 0 0 0 8 0 0 0 0 0 0 0 0 0 0 0 0 0 0 0 0 0 0 0 0 0 0 0 42 17 7 0 0 0 0 0 0 0 0 0 0 0 0 
 213 150 131 0 97 47 320 75 481 105 100 167 60 131 138 193 201 235 557 173 0 0 0 0 3 0 1 2 0 0 0 3 0 0 0 0 0 4 3 0 0 0 14 0 0 0 0 0 0 66 0 3 1 2 0 5 0 0 2 0 0 0 0 0 0 0 1 0 0 3 0 0 0 0 29 0 0 0 0 3 45 39 10 12 2 14 0 31 43 0 26 28 0 33 13 31 0 19 0 1 0 0 0 0 0 0 18 0 0 0 0 0 0 0 2 18 0 0 20 0 0 0 0 0 0 0 0 11 0 0 0 0 0 0 0 0 0 0 0 0 0 0 0 0 0 0 0 0 0 0 0 0 0 0 0 0 0 0 0 0 15 13 15 6 0 11 38 0 13 2 23 0 14 0 37 10 19 30 0 0 0 0 0 0 0 0 0 2 0 0 0 0 31 0 0 0 0 0 0 5 0 0 0 0 0 0 0 0 1 0 0 0 0 0 0 0 0 0 0 0 0 0 0 1 0 0 0 0 0 0 0 2 0 0 0 0 0 2 0 0 0 0 0 0 0 2 88 0 1 2 0 11 11 0 0 0 0 0 0 0 0 0 0 0 0 0 0 0 0 0 0 0 0 11 0 15 1 0 0 0 0 0 0 0 0 0 0 0 0 0 
 62 333 60 97 0 260 50 174 158 77 312 230 71 92 94 192 159 43 113 164 147 0 0 76 3 1 73 146 0 0 0 0 1 1 295 0 0 3 63 0 0 17 2 0 0 0 0 0 0 0 0 3 3 0 0 0 0 1 0 8 0 0 0 0 0 1 1 0 0 3 0 0 0 0 3 0 0 0 0 3 13 18 0 29 18 12 0 0 13 16 12 11 0 4 0 20 22 23 0 17 0 24 0 0 0 2 16 32 0 1 10 0 28 0 5 0 0 0 42 9 0 2 0 2 0 0 0 15 0 0 0 0 1 0 0 2 0 0 0 0 0 0 0 0 0 0 0 0 0 0 0 0 0 0 15 0 0 0 0 0 5 0 10 14 15 12 0 0 1 0 20 0 0 0 0 12 19 0 0 0 2 42 15 0 0 1 1 24 19 0 0 0 0 0 0 16 0 0 25 9 0 0 0 0 0 0 0 0 0 0 0 0 0 0 0 0 0 0 0 0 0 0 0 0 0 0 0 0 0 0 0 0 0 0 0 0 0 0 0 0 0 0 0 0 0 6 98 1 1 89 2 3 10 0 0 0 0 0 0 0 0 0 0 0 0 0 0 0 0 0 0 0 0 0 0 10 0 15 0 0 0 0 0 0 0 0 0 0 0 0 
 24 207 45 47 260 0 24 309 91 136 240 49 244 48 47 161 157 212 50 247 63 1 27 0 3 0 97 216 6 80 0 2 0 3 0 77 0 67 84 142 1 4 4 0 0 0 0 0 0 0 0 3 2 31 0 0 0 1 0 14 0 0 0 0 2 0 0 0 1 3 0 0 0 0 2 0 0 0 2 3 0 0 4 10 35 0 0 0 9 10 1 9 0 0 0 10 18 0 0 0 1 0 2 1 3 0 19 33 11 0 16 0 40 16 0 10 0 13 17 29 5 0 0 0 0 0 0 0 0 0 0 0 0 0 0 0 0 0 0 0 0 0 2 0 0 0 0 0 0 0 0 0 0 0 0 0 1 0 0 13 0 0 10 0 0 0 0 0 32 13 28 1 0 0 0 53 0 0 0 0 27 0 13 0 0 0 11 21 0 0 0 0 16 46 18 1 0 0 54 0 0 0 0 0 0 0 0 0 0 0 0 1 0 0 0 0 0 0 0 0 0 0 0 0 0 0 0 0 0 0 0 0 0 9 0 0 0 0 0 0 0 0 0 0 0 8 2 1 86 86 1 8 0 0 0 0 0 0 1 2 0 0 0 0 0 0 0 0 0 0 0 0 0 0 0 0 8 0 0 0 0 0 0 0 0 38 0 0 0 0 
 151 82 287 320 50 24 0 81 163 100 37 31 155 141 126 202 217 117 358 106 0 0 0 0 3 0 0 0 1 0 0 0 0 0 0 0 0 3 2 0 0 0 20 0 1 0 0 2 0 63 0 3 0 0 0 2 0 0 0 0 2 0 0 0 0 0 3 0 54 3 0 0 0 0 3 0 0 1 0 2 14 25 0 1 2 0 8 0 46 0 20 11 2 0 19 21 0 28 1 0 0 1 0 0 0 0 0 7 0 0 0 0 0 0 0 0 0 0 0 0 0 0 0 0 0 0 0 0 0 0 0 1 0 0 0 0 0 0 0 0 2 2 0 0 0 0 0 2 0 0 2 0 1 0 0 0 1 0 0 0 14 11 0 19 0 0 30 0 24 0 9 0 0 0 49 13 20 43 0 0 0 0 0 0 0 0 0 0 0 0 8 0 0 0 0 0 0 0 0 0 0 0 0 0 0 0 0 0 0 0 0 0 0 0 0 0 0 0 0 0 0 0 0 0 2 0 0 0 0 0 6 0 0 0 2 2 1 0 0 0 0 0 0 0 0 0 87 0 0 1 0 2 0 1 0 0 0 0 0 0 0 0 0 0 0 0 0 0 0 0 0 0 0 0 0 19 0 0 0 0 0 0 0 0 0 0 0 0 0 0 
 147 261 298 75 174 309 81 0 354 271 87 28 167 195 122 98 161 30 147 150 0 0 0 1 4 2 0 0 0 1 0 0 0 0 0 0 78 3 2 0 1 3 7 0 0 0 0 0 0 0 0 3 2 0 0 0 0 0 0 4 0 0 0 3 0 0 0 0 1 3 0 0 0 0 2 0 0 0 0 3 37 14 0 3 10 17 4 7 0 16 55 1 29 13 20 0 83 0 34 15 0 0 0 0 0 0 0 0 0 0 0 12 0 0 0 0 0 0 14 9 0 0 0 0 0 0 0 1 0 0 0 0 0 0 0 0 0 0 0 0 0 0 0 0 0 0 0 0 2 0 0 0 0 0 0 0 0 0 0 0 0 0 15 0 0 1 16 35 12 26 13 0 0 0 0 9 20 32 14 0 0 0 0 0 0 0 0 0 0 0 11 0 1 0 0 0 0 0 0 0 0 0 0 0 0 0 0 0 23 0 0 0 0 0 0 0 0 0 0 0 0 0 0 0 0 0 0 0 0 0 0 0 0 0 0 0 0 0 0 0 0 0 0 0 0 2 0 0 0 0 0 14 1 0 0 0 0 0 0 0 0 0 0 0 0 0 0 0 0 0 0 0 0 0 0 11 0 0 0 0 0 0 0 0 0 0 0 0 0 0 
 325 246 101 481 158 91 163 354 0 231 131 137 87 388 90 213 410 127 356 244 0 0 0 0 3 0 73 2 0 0 0 2 0 0 2 3 0 4 2 0 4 23 4 0 33 0 0 0 4 0 0 3 1 3 4 0 0 3 0 4 0 1 0 0 0 0 1 0 0 3 48 0 0 0 3 0 0 0 0 3 20 38 19 19 22 19 10 61 30 0 0 24 19 34 29 35 18 6 11 35 0 0 0 0 0 0 19 22 0 0 0 0 25 0 0 0 0 0 28 0 0 2 2 0 0 0 0 0 0 0 0 0 0 0 0 7 0 0 0 0 0 0 0 0 0 0 0 0 0 0 0 0 0 0 0 0 0 0 0 0 11 0 28 0 0 0 15 33 14 0 12 3 11 13 28 12 15 15 0 0 0 0 0 0 0 1 1 0 0 0 0 0 0 0 0 0 15 0 0 0 0 0 0 0 0 0 0 0 0 0 0 0 0 0 0 0 0 0 0 0 0 0 0 0 6 0 0 0 0 0 0 0 0 0 0 0 0 0 0 0 0 0 0 0 0 0 0 1 3 0 15 11 0 0 0 0 0 1 0 0 0 0 0 30 0 0 0 0 0 0 0 0 0 0 0 18 0 0 0 0 0 0 0 0 0 0 0 0 0 0 
 306 129 44 105 77 136 100 271 231 0 253 215 43 84 190 275 132 286 266 104 94 0 0 1 4 0 75 88 0 0 0 0 149 0 0 0 2 3 75 59 0 0 3 0 0 1 0 0 0 1 0 5 2 0 0 19 0 0 0 0 4 0 0 0 0 0 0 0 1 3 0 0 0 0 2 0 0 0 0 3 0 63 19 8 0 48 0 17 34 18 0 19 0 14 0 41 0 0 0 0 0 0 0 0 0 0 18 0 18 0 0 0 1 0 0 0 0 0 0 26 0 0 0 0 0 0 0 0 0 0 0 0 0 0 0 0 0 0 0 0 0 0 0 0 0 0 0 0 0 6 0 0 0 0 0 0 0 0 0 0 14 0 0 0 11 0 0 15 0 24 6 4 2 0 25 0 0 0 0 0 0 0 0 0 0 0 0 0 0 0 0 0 1 0 0 0 0 0 3 0 0 0 0 0 0 0 0 0 10 0 0 0 0 0 0 0 0 0 0 0 52 0 0 0 0 0 0 0 0 0 0 0 12 0 0 0 0 0 0 0 0 0 0 0 0 0 97 0 48 0 0 5 0 0 0 0 0 0 0 0 0 0 10 0 0 0 0 0 0 0 0 0 0 19 0 25 0 0 0 0 0 0 0 0 0 0 0 0 0 0 
 37 124 336 100 312 240 37 87 131 253 0 209 189 192 97 199 557 505 124 74 25 0 1 3 6 0 36 165 0 3 0 2 2 78 77 0 89 5 82 73 27 3 4 1 5 0 5 5 11 0 3 6 2 0 0 3 0 0 5 0 1 44 3 3 0 0 2 0 2 3 0 0 0 0 1 0 0 2 0 3 0 26 0 1 19 13 0 0 1 7 0 2 0 3 0 0 0 0 0 1 0 10 0 0 0 0 13 10 21 0 1 0 2 0 0 0 0 0 1 28 0 0 0 0 0 0 0 0 0 0 0 0 1 0 0 0 2 0 0 0 0 0 0 0 0 0 0 0 0 0 0 0 0 0 0 0 0 0 0 0 16 0 0 0 0 11 0 0 4 23 11 9 0 0 13 0 1 0 0 0 22 0 0 0 0 0 1 28 0 1 0 0 1 11 11 15 0 0 32 0 0 0 0 2 0 0 0 0 11 0 0 0 0 2 0 2 0 0 0 0 0 0 0 0 0 0 0 0 46 0 0 0 0 0 0 0 0 0 2 0 0 0 0 0 0 0 2 0 87 3 0 4 1 0 0 0 2 0 0 0 0 0 0 0 0 0 0 0 0 0 0 0 0 0 0 34 11 0 0 0 0 0 0 0 0 0 0 0 0 0 
 131 79 45 167 230 49 31 28 137 215 209 0 107 120 38 129 207 254 106 160 89 0 0 0 3 1 27 143 0 3 0 0 99 33 75 0 0 3 2 149 0 0 2 0 0 0 0 0 5 0 0 3 3 0 0 0 0 0 0 0 0 0 0 0 0 0 0 0 3 3 0 0 51 0 0 0 0 0 0 3 9 13 0 20 0 56 0 24 23 0 12 35 0 33 0 45 0 0 0 22 1 4 0 0 0 0 25 0 35 0 2 0 2 0 12 0 0 10 0 15 0 0 0 0 1 2 0 3 0 0 0 0 0 0 0 0 0 2 0 5 0 5 0 10 0 0 0 0 0 0 0 0 0 0 0 0 0 0 0 0 15 11 0 26 22 12 0 0 0 14 38 13 4 0 0 0 0 0 0 2 0 0 0 0 0 0 21 2 6 0 0 0 13 16 0 0 0 19 37 0 0 0 0 0 0 0 0 0 0 0 16 0 0 0 0 0 0 0 0 1 0 1 0 0 0 0 0 0 0 0 0 0 2 0 0 0 0 0 10 0 0 1 15 0 0 3 0 1 86 2 0 8 8 2 0 0 0 0 0 0 0 0 0 0 0 0 0 0 0 0 0 0 0 0 0 0 1 0 0 0 0 0 0 0 0 0 0 0 0 0 
 144 136 279 60 71 244 155 167 87 43 189 107 0 187 140 52 244 40 238 155 0 201 0 0 3 0 0 202 0 0 0 0 0 0 0 2 0 3 2 0 0 0 55 0 63 0 0 0 0 0 0 5 0 0 0 1 0 0 0 0 1 0 0 9 0 0 2 0 0 3 0 0 0 0 3 0 0 0 0 2 9 14 6 0 1 0 47 18 0 14 12 0 10 1 12 12 29 0 6 0 0 0 0 0 0 0 0 0 0 0 39 0 0 0 0 0 0 0 0 0 0 0 0 0 0 0 2 0 0 12 0 0 0 0 0 0 0 0 0 0 0 0 0 0 0 0 0 0 0 0 0 0 0 1 0 0 0 0 0 0 0 2 8 0 1 25 9 22 73 0 1 20 10 10 0 22 24 63 0 43 0 0 0 0 0 0 0 0 0 0 0 0 0 0 0 0 0 0 0 0 0 0 0 0 0 0 0 0 0 0 0 0 0 0 0 0 0 0 0 0 0 0 15 16 0 0 2 0 0 0 0 1 0 0 0 0 0 1 0 0 0 0 0 0 0 0 87 0 0 2 0 15 0 0 0 0 0 0 0 0 0 0 0 0 0 0 0 0 0 0 0 0 0 0 0 0 0 0 0 0 0 0 0 0 0 0 0 0 0 0 
 93 79 62 131 92 48 141 195 388 84 192 120 187 0 196 193 110 23 255 183 78 0 0 7 6 3 3 0 0 0 0 0 1 0 2 3 2 3 2 0 2 3 65 0 0 0 0 0 1 0 0 3 3 3 2 0 0 1 0 0 0 1 0 0 2 7 0 0 5 40 48 0 0 0 0 0 0 0 0 6 45 0 0 6 0 0 1 13 0 1 5 19 38 14 0 0 33 18 39 11 0 0 0 0 0 0 0 0 0 0 2 4 0 0 16 0 0 0 0 0 0 0 0 0 0 0 0 9 0 0 2 0 0 0 2 0 0 0 0 0 0 1 0 0 0 0 0 9 0 0 0 1 0 0 0 0 19 0 0 0 17 19 3 2 1 20 21 17 11 24 5 0 0 24 11 0 0 10 20 12 0 2 0 0 0 0 0 0 0 0 0 0 0 0 0 0 0 0 0 0 0 0 0 0 0 0 0 0 1 0 0 0 0 0 1 0 0 0 0 0 0 0 0 0 0 0 0 0 0 0 0 0 0 0 0 0 0 0 0 12 0 0 0 0 0 6 0 0 1 0 0 96 11 0 0 0 0 0 0 0 0 0 0 0 0 2 0 0 0 30 0 0 0 0 0 0 0 0 0 0 0 0 0 0 0 0 0 0 0 0 
 55 222 131 138 94 47 126 122 90 190 97 38 140 196 0 126 41 107 143 200 0 1 0 0 3 0 0 207 0 0 0 0 0 2 0 0 0 3 3 0 0 0 2 1 2 0 0 0 0 72 0 5 0 0 0 5 0 0 0 1 2 0 0 0 0 40 3 0 0 3 0 0 0 0 3 0 0 0 0 2 24 27 24 7 0 10 1 9 0 28 25 0 0 14 3 15 1 20 15 2 49 0 0 0 0 0 0 0 0 0 2 0 14 0 0 0 0 0 13 9 0 0 0 0 0 0 0 1 0 0 0 0 0 0 2 0 0 0 0 0 0 0 0 0 0 0 0 0 0 0 0 1 0 0 0 0 0 0 0 0 0 4 3 0 78 1 65 24 20 24 0 10 0 0 0 16 8 0 21 0 2 0 0 0 0 0 0 0 0 0 0 0 10 0 0 0 0 0 0 7 0 0 0 0 0 0 0 0 20 0 0 0 0 0 0 0 0 1 0 0 0 0 0 0 0 0 0 0 32 0 0 0 0 0 0 15 0 0 0 0 0 0 0 0 0 2 6 0 4 2 2 10 1 9 0 0 0 0 0 0 0 0 14 0 0 0 0 0 0 0 0 0 0 0 0 11 20 0 0 0 0 0 0 0 0 0 0 0 0 0 
 124 127 226 193 192 161 202 98 213 275 199 129 52 193 126 0 102 135 112 165 0 0 0 0 3 0 1 0 0 0 0 0 25 0 0 0 0 3 79 74 0 8 8 0 0 0 0 0 0 1 0 4 2 65 0 0 1 0 62 14 1 0 0 0 0 0 2 0 1 3 0 0 0 0 3 0 0 0 0 2 39 14 29 0 16 0 6 0 5 0 28 23 0 0 10 84 21 21 26 2 0 0 0 0 0 0 0 0 10 0 0 0 11 0 1 0 0 0 22 5 0 0 0 0 0 1 0 11 0 0 0 0 0 0 0 0 0 0 0 2 0 0 0 1 0 0 0 0 0 0 0 0 0 0 0 0 0 0 0 0 11 32 9 16 18 16 0 0 0 20 37 11 0 0 22 25 13 27 0 0 0 0 0 0 0 0 0 0 0 0 0 0 1 0 0 0 0 0 0 0 0 0 1 0 0 0 0 0 0 0 0 0 0 0 0 0 0 0 0 2 0 2 0 0 0 0 0 0 0 0 0 0 0 0 0 0 0 0 0 0 0 0 0 0 0 0 0 0 88 0 1 11 10 0 0 0 0 0 0 0 0 0 0 0 0 0 0 0 0 0 0 0 0 0 0 10 0 0 0 0 0 0 0 0 0 0 0 0 0 0 
 340 90 63 201 159 157 217 161 410 132 557 207 244 110 41 102 0 135 264 136 2 0 2 2 3 0 1 2 1 2 0 2 0 0 2 0 0 6 2 0 3 5 13 0 2 2 3 0 3 0 0 4 1 1 0 3 0 0 2 7 0 3 0 0 0 0 3 0 0 3 0 0 0 0 3 0 0 0 0 3 31 51 9 0 29 28 15 28 12 24 8 21 38 10 39 29 20 23 0 27 17 0 0 0 0 0 14 2 0 0 7 0 0 0 0 0 0 0 20 0 0 0 0 0 0 0 1 18 0 0 11 0 0 0 0 0 0 0 0 0 0 0 0 0 0 0 0 0 0 0 0 0 0 2 0 0 0 0 0 0 10 15 11 12 0 7 0 21 11 0 32 0 1 0 17 12 21 34 0 0 0 0 0 0 0 0 0 0 0 0 0 0 0 0 0 0 0 0 0 0 0 0 0 0 0 0 0 0 0 0 0 0 0 0 0 0 0 0 0 0 0 0 0 0 0 0 0 0 13 0 0 2 0 0 1 16 0 2 0 0 0 0 0 0 2 1 0 0 2 1 14 8 7 0 0 0 0 0 0 0 0 0 0 0 0 0 0 0 0 0 0 0 0 0 0 12 0 0 0 0 0 0 0 0 0 0 0 0 0 0 
 185 33 248 235 43 212 117 30 127 286 505 254 40 23 107 135 135 0 166 32 157 0 0 1 3 2 149 110 0 2 0 2 74 0 0 0 2 3 75 137 0 0 2 0 1 0 0 2 0 1 0 6 1 1 0 10 4 0 3 0 0 0 0 0 8 2 1 0 49 3 0 0 0 0 6 3 0 0 0 3 0 77 56 6 9 17 6 0 23 17 0 29 0 20 0 67 0 0 0 0 1 0 0 2 0 0 51 0 26 15 0 0 0 9 0 0 0 0 0 15 2 0 0 0 0 0 1 0 0 0 0 0 0 0 0 0 0 0 0 0 0 0 0 0 4 0 0 0 0 0 0 0 0 2 0 0 0 0 0 0 12 6 1 3 23 0 0 25 3 22 12 2 0 0 21 19 0 19 0 0 21 0 0 0 0 0 11 0 0 0 0 0 12 17 0 0 0 1 13 0 0 0 0 0 0 0 0 0 0 0 0 0 0 0 0 9 0 0 0 0 0 0 0 0 0 0 0 0 0 0 0 0 0 0 0 0 0 0 0 0 0 0 0 0 0 0 91 0 46 85 1 4 0 0 0 0 0 0 0 0 0 0 20 0 0 0 0 0 0 0 0 0 0 0 0 10 1 0 0 0 0 0 0 0 0 0 0 0 0 0 
 247 353 26 557 113 50 358 147 356 266 124 106 238 255 143 112 264 166 0 390 0 0 0 0 3 0 1 0 0 0 0 0 0 0 0 1 0 101 4 1 0 0 26 0 64 0 0 0 0 0 0 5 0 1 0 7 1 0 0 0 1 0 4 0 0 0 2 0 0 3 0 0 0 0 3 0 0 0 0 2 42 26 72 17 8 12 13 29 7 19 43 17 24 13 10 43 42 36 19 29 11 0 0 0 0 0 0 0 0 0 0 0 0 0 0 0 0 0 0 0 0 0 0 0 0 0 0 11 0 0 0 0 0 0 0 0 0 0 0 0 0 0 0 0 0 0 0 0 0 0 0 0 0 0 0 0 0 0 0 0 14 13 22 17 22 34 19 13 37 6 9 0 7 0 30 1 17 43 0 0 0 0 0 0 0 0 0 0 0 0 0 0 0 0 0 0 0 0 0 0 0 0 0 0 0 0 0 0 0 0 0 0 0 0 0 0 0 0 0 0 0 0 0 0 0 0 0 0 0 0 0 0 0 0 0 0 0 0 0 0 0 0 0 0 0 11 49 0 2 0 18 4 12 0 1 0 0 0 0 2 0 0 20 0 0 0 0 0 0 0 0 0 1 0 0 32 24 0 0 0 0 0 0 0 0 0 0 0 0 0 
 186 187 160 173 164 247 106 150 244 104 74 160 155 183 200 165 136 32 390 0 0 2 0 0 3 0 0 0 0 0 45 26 0 0 0 0 0 3 2 2 0 0 15 0 0 0 0 0 0 0 0 3 1 0 0 1 0 0 0 0 0 0 0 0 0 0 1 0 3 3 0 0 0 0 3 0 0 0 0 3 18 27 3 13 8 18 11 0 0 9 18 0 12 7 24 26 1 7 0 26 0 0 0 0 2 0 0 0 1 0 0 0 0 2 0 0 0 1 6 0 0 0 0 0 0 0 0 13 2 0 0 0 0 0 0 0 0 0 0 0 0 0 0 0 0 0 0 0 0 1 0 0 0 0 0 0 0 0 0 0 8 12 6 10 1 8 9 9 44 0 16 0 0 13 8 30 15 43 1 38 0 0 0 0 1 0 0 30 2 0 0 0 0 0 0 0 0 0 46 0 1 0 0 0 0 2 0 0 0 0 0 0 1 0 0 0 0 0 0 0 0 0 0 0 0 0 0 0 0 0 0 0 0 0 0 0 0 0 0 0 0 0 0 0 0 0 88 0 2 0 13 3 8 0 0 0 0 0 0 0 0 0 0 0 0 0 0 0 0 0 0 0 0 0 0 0 0 0 0 0 0 0 0 0 0 0 0 0 0 0 
 0 2 0 0 147 63 0 0 0 94 25 89 0 78 0 0 2 157 0 0 0 157 175 344 38 318 147 92 109 115 364 79 169 194 132 284 308 153 150 103 3 0 3 0 5 0 5 0 3 3 0 2 0 0 0 3 3 0 10 0 0 0 9 0 3 0 4 6 0 52 6 2 0 0 0 0 0 2 2 0 0 0 0 0 10 2 0 0 0 6 6 3 0 0 0 7 0 0 0 0 0 13 25 0 25 13 22 0 27 27 17 9 0 22 0 13 22 0 0 0 0 0 0 0 0 0 0 0 0 2 12 0 13 0 0 0 0 0 0 7 0 0 0 0 0 0 0 0 0 0 0 0 0 0 0 0 0 0 0 14 0 0 0 0 0 0 0 0 0 12 12 0 0 0 0 1 0 0 0 0 38 24 27 23 0 0 1 12 0 0 12 8 14 22 0 17 27 12 46 0 0 0 0 0 0 0 0 0 0 0 0 0 12 0 0 0 0 0 0 0 0 0 0 0 0 0 0 0 0 0 0 0 0 0 12 0 0 0 0 2 0 0 0 0 0 0 0 0 73 64 0 0 0 0 4 0 0 1 1 1 13 10 0 0 0 0 0 0 0 0 0 0 0 1 0 0 0 0 0 0 0 0 0 0 0 0 0 0 0 2 
 0 4 0 0 0 1 0 0 0 0 0 0 201 0 1 0 0 0 0 2 157 0 314 83 52 406 119 265 242 69 29 111 168 81 150 210 108 199 144 105 3 2 3 4 3 0 76 0 3 1 0 1 71 0 0 7 4 3 70 1 0 0 3 0 0 55 2 2 0 0 0 0 0 0 0 0 0 0 2 0 0 0 0 0 0 0 0 0 0 0 0 0 0 0 0 0 0 0 0 0 58 0 32 0 38 19 24 33 14 18 26 30 2 18 33 14 47 32 0 0 9 1 0 0 0 0 6 0 0 0 0 0 10 7 12 0 0 0 0 8 0 0 2 0 0 0 0 0 0 0 14 0 0 0 0 0 0 0 0 0 0 0 7 0 0 0 6 0 0 0 9 9 0 0 19 0 0 0 0 2 56 10 2 84 1 0 18 12 36 15 20 0 0 21 0 12 0 33 1 0 1 0 0 0 0 0 20 0 0 0 0 0 19 0 0 0 0 0 0 0 0 0 0 0 0 0 0 0 0 0 0 0 0 0 0 0 0 0 0 0 0 0 0 0 0 0 0 0 0 0 0 0 0 0 19 0 0 78 0 0 1 0 0 0 0 0 0 0 0 0 0 0 0 0 0 0 0 0 0 29 0 0 0 0 0 0 11 0 0 0 
 0 0 1 0 0 27 0 0 0 0 1 0 0 0 0 0 2 0 0 0 175 314 0 260 49 89 67 398 166 251 46 74 69 51 36 296 225 99 111 69 3 0 3 2 6 0 3 0 3 0 0 2 64 0 0 4 3 0 81 0 2 0 6 0 0 0 4 5 0 0 3 0 0 0 0 0 0 1 2 0 0 0 0 0 1 0 0 0 0 0 0 0 0 0 0 0 0 0 2 0 17 0 32 11 40 46 27 5 8 7 31 56 18 17 0 10 25 22 0 0 0 12 0 0 0 0 18 4 0 0 0 3 19 0 0 10 0 0 12 37 0 0 0 1 0 0 0 0 0 0 0 0 0 0 0 0 0 0 0 0 0 0 1 0 0 0 4 0 0 0 0 0 0 0 2 0 0 0 0 8 0 0 0 20 0 22 0 39 23 8 25 30 6 0 18 10 19 12 22 0 0 0 0 0 0 0 9 0 0 0 0 0 18 9 0 0 0 9 1 0 2 0 0 0 0 0 0 0 0 16 0 0 0 0 2 1 0 0 0 0 0 0 0 0 0 0 0 0 0 0 0 0 0 0 22 0 2 0 1 3 1 0 0 0 0 0 0 0 0 0 0 0 0 0 0 0 0 0 0 0 0 0 0 0 0 0 0 0 0 0 
 0 0 0 0 76 0 0 1 0 1 3 0 0 7 0 0 2 1 0 0 344 83 260 0 95 212 93 75 112 339 192 141 381 64 69 160 82 109 327 112 64 0 38 61 3 0 46 126 6 0 0 0 135 0 0 3 0 1 188 0 0 0 3 0 0 0 0 2 0 0 0 0 0 0 0 0 0 4 2 0 0 0 0 0 0 0 0 0 0 2 0 0 0 0 0 0 0 0 0 0 34 0 12 17 36 18 0 1 7 10 18 4 0 10 16 35 18 1 0 0 36 7 0 0 0 0 0 42 0 20 0 0 23 28 8 11 0 0 0 57 0 0 2 0 0 0 1 0 0 0 0 0 0 0 23 0 0 0 0 0 0 0 5 0 0 0 0 0 0 2 0 0 10 0 0 0 0 8 0 14 10 26 0 7 31 18 0 0 16 26 13 13 5 17 13 19 34 31 0 23 37 0 0 12 0 0 1 37 0 0 0 0 13 21 0 0 0 1 0 11 0 0 0 0 0 0 0 0 0 0 0 3 0 0 0 0 0 2 1 0 0 0 0 0 0 0 0 0 0 0 0 0 0 0 18 2 0 112 85 2 0 0 0 0 0 0 0 0 0 0 0 0 0 0 0 0 0 0 0 0 0 0 0 0 0 0 0 0 0 0 
 5 6 3 3 3 3 3 4 3 4 6 3 3 6 3 3 3 3 3 3 38 52 49 95 0 387 256 69 147 418 142 211 386 36 300 721 412 40 286 47 29 0 3 0 4 0 75 67 66 0 0 0 0 62 23 3 0 5 2 68 0 0 3 0 0 0 0 2 0 0 0 0 0 0 0 0 0 0 50 0 0 0 0 0 0 0 16 0 0 0 0 0 0 0 1 2 0 0 0 0 0 0 11 2 0 15 22 0 0 0 0 19 0 0 0 0 31 0 0 0 0 10 18 12 0 0 7 2 0 1 0 0 14 19 16 20 15 1 63 27 0 0 0 0 0 0 0 0 2 0 2 0 0 0 0 0 0 0 0 0 0 0 2 0 4 0 0 0 0 0 0 0 0 0 0 0 0 0 0 0 0 6 0 0 20 10 0 0 0 11 15 7 0 0 9 0 0 0 0 0 29 0 31 0 0 0 17 27 0 0 31 0 7 11 0 13 7 12 7 30 0 0 0 0 0 0 0 0 0 0 0 0 0 0 0 0 0 0 17 0 0 0 0 0 0 0 0 0 0 0 0 0 0 0 9 2 2 84 0 2 2 15 0 0 0 0 0 0 0 0 0 0 0 0 0 0 0 0 0 0 0 1 0 0 0 0 0 0 0 0 
 0 6 0 0 1 0 0 2 0 0 0 1 0 3 0 0 0 2 0 0 318 406 89 212 387 0 41 43 240 387 184 117 59 49 45 247 136 135 43 79 34 62 80 2 4 0 3 0 65 1 0 0 31 0 0 3 2 3 87 23 0 0 3 47 0 0 0 2 0 0 1 0 0 0 0 27 0 0 2 5 0 0 0 0 0 0 0 0 0 0 0 0 0 1 0 0 0 0 0 0 13 0 11 55 24 16 17 18 9 15 13 17 0 27 2 0 31 11 0 0 0 0 18 11 3 0 15 50 0 0 0 0 0 11 0 18 0 1 35 64 0 0 3 0 0 0 2 0 10 0 0 0 0 0 0 0 0 0 0 1 0 0 26 0 0 0 62 0 2 0 0 0 2 0 14 2 0 0 0 5 0 0 0 10 27 0 0 9 12 17 0 14 0 0 4 0 12 18 0 0 15 0 0 23 0 0 11 12 0 0 20 0 37 0 14 0 28 0 12 2 0 0 0 0 0 1 0 7 0 0 0 0 0 2 0 0 0 2 0 0 0 0 0 0 0 0 0 0 0 0 0 0 0 0 2 1 0 0 7 2 0 0 0 0 0 0 0 0 0 0 0 0 0 0 0 0 0 0 0 0 0 13 0 0 2 0 0 0 0 0 
 1 75 41 1 73 97 0 0 73 75 36 27 0 3 0 1 1 149 1 0 147 119 67 93 256 41 0 431 57 50 41 49 217 141 170 188 105 80 188 197 3 0 3 0 3 0 3 1 3 0 0 3 2 0 0 3 2 0 4 2 0 51 3 0 5 0 0 4 0 0 0 0 0 1 0 0 44 0 5 0 0 1 0 0 12 28 0 0 21 0 0 11 0 1 0 10 0 27 0 0 26 0 14 25 3 0 28 36 36 0 5 0 11 0 2 0 0 31 14 29 0 0 0 0 0 2 0 0 0 0 0 0 0 0 0 0 0 0 0 0 0 0 0 0 0 0 0 0 0 0 1 6 0 0 0 0 0 0 2 0 0 0 0 0 0 0 0 0 2 14 35 12 0 0 0 0 0 0 0 0 23 2 18 1 0 1 28 16 13 9 0 16 0 21 30 2 0 35 35 11 0 0 0 0 0 0 1 0 0 0 0 0 0 1 0 0 0 0 0 0 0 0 0 0 0 0 0 0 0 0 0 0 0 0 0 0 0 0 0 7 0 10 0 0 0 1 0 0 74 0 0 0 0 0 17 0 0 0 0 2 0 0 0 0 0 0 0 0 0 0 0 0 0 0 0 0 7 0 0 0 0 0 0 0 0 0 0 0 0 0 
 0 0 0 2 146 216 0 0 2 88 165 143 202 0 207 0 2 110 0 0 92 265 398 75 69 43 431 0 64 211 46 41 352 72 490 28 63 254 238 99 3 0 3 0 4 0 3 0 8 0 0 0 0 1 0 3 0 0 2 1 0 0 3 0 0 0 0 2 0 0 0 0 0 0 0 0 1 0 11 0 1 0 0 12 15 15 0 0 0 0 0 1 0 0 0 4 0 0 0 0 37 15 0 0 0 0 19 40 70 0 27 0 43 0 9 0 0 13 11 64 9 0 0 0 0 0 0 0 0 0 0 0 0 0 0 0 0 2 0 0 0 1 0 0 0 0 0 9 1 0 0 0 0 0 0 1 0 0 0 0 0 0 0 0 0 10 0 0 3 11 10 19 0 2 0 0 0 0 0 0 75 0 0 0 2 16 0 46 2 2 2 0 16 12 45 12 1 11 25 17 0 0 0 0 0 0 0 0 0 0 0 0 0 0 0 0 0 0 0 0 0 0 0 0 0 0 0 0 0 0 0 0 1 0 0 0 0 0 0 0 0 0 30 0 0 0 0 0 72 63 0 0 0 0 16 1 0 0 0 0 3 2 0 0 0 0 13 0 0 0 0 0 0 0 0 0 6 0 0 0 0 0 0 0 0 0 0 0 0 0 
 27 0 0 0 0 6 1 0 0 0 0 0 0 0 0 0 1 0 0 0 109 242 166 112 147 240 57 64 0 226 150 485 200 61 61 137 192 149 100 71 6 1 5 2 10 0 7 4 13 0 0 0 62 0 0 6 0 0 69 3 0 6 3 0 0 0 4 2 0 0 0 2 1 0 0 50 0 0 6 2 0 0 0 0 0 0 0 1 0 0 0 0 0 0 0 0 0 0 0 0 21 0 30 12 17 24 38 28 9 19 0 66 0 0 0 0 50 18 0 0 11 20 0 10 0 0 29 1 0 0 9 0 28 4 19 10 0 0 0 0 0 2 0 0 0 0 0 7 0 0 0 0 0 0 0 0 0 0 0 7 0 0 0 0 0 0 18 1 0 0 0 1 0 0 10 0 0 0 0 0 0 34 22 84 13 1 0 31 22 12 11 23 0 0 10 20 0 18 0 0 1 0 1 0 0 0 37 4 0 0 0 0 0 1 0 0 0 1 8 0 0 0 0 0 0 0 0 0 0 0 0 0 0 0 0 0 0 0 0 0 0 0 2 0 0 1 0 0 0 0 0 0 0 1 9 0 1 75 0 2 2 11 0 0 0 0 0 0 0 0 0 0 0 0 0 0 0 0 0 0 0 0 0 0 0 0 10 0 0 0 
 51 3 80 0 0 80 0 1 0 0 3 3 0 0 0 0 2 2 0 0 115 69 251 339 418 387 50 211 226 0 79 127 207 135 158 213 164 268 169 189 9 2 2 5 6 0 3 0 3 0 0 0 63 0 1 7 6 0 71 0 2 4 48 0 0 1 5 6 0 0 3 0 0 3 2 0 6 2 2 3 0 0 0 0 0 0 0 0 0 0 0 0 0 0 0 0 0 11 0 0 23 0 12 0 44 19 0 18 8 38 23 0 13 35 23 12 56 0 0 0 20 0 15 7 2 0 21 9 0 0 0 0 0 0 0 0 0 0 2 34 0 0 0 0 0 0 0 0 0 0 0 0 0 0 0 0 0 0 0 1 0 0 28 0 0 0 6 0 2 0 0 3 2 0 0 2 0 0 0 6 8 7 2 16 20 0 0 37 18 34 12 19 13 11 34 43 0 26 25 12 15 0 0 0 0 0 34 11 0 0 0 0 11 3 0 0 0 0 1 2 0 0 0 0 0 1 0 0 0 0 0 0 0 2 0 0 0 0 0 0 0 0 1 0 0 0 0 0 0 0 0 2 0 0 8 0 0 1 157 0 3 0 0 0 0 0 0 0 0 0 0 1 0 0 0 0 0 0 0 0 0 0 0 0 2 1 37 0 0 0 
 0 0 0 0 0 0 0 0 0 0 0 0 0 0 0 0 0 0 0 45 364 29 46 192 142 184 41 46 150 79 0 432 52 119 78 222 184 143 124 148 68 31 3 0 3 0 5 63 4 0 0 0 88 23 0 3 0 0 77 66 0 0 3 0 0 0 0 3 0 0 0 0 0 0 0 0 0 0 3 0 0 0 0 0 0 0 0 0 0 0 0 0 0 0 0 0 0 0 0 0 0 58 1 17 7 41 0 13 0 0 13 0 0 0 0 13 14 0 13 9 14 0 7 0 0 0 9 17 0 12 0 0 66 18 0 0 18 0 69 43 0 0 1 0 0 0 0 0 6 0 0 0 0 0 0 0 0 0 0 0 0 0 0 0 0 4 0 17 0 0 0 0 0 0 0 0 0 0 0 0 8 9 0 0 44 7 0 11 0 14 30 0 0 11 0 31 1 13 0 13 51 0 0 10 0 0 4 41 0 0 13 0 1 38 0 13 17 28 21 0 0 0 0 0 0 0 0 0 0 0 0 0 0 0 0 0 0 0 1 0 0 0 0 0 0 0 0 0 0 0 0 0 0 0 6 0 0 83 75 0 0 1 1 0 0 0 0 0 0 0 0 0 0 0 0 0 0 0 0 0 0 1 0 17 0 15 0 0 0 0 
 0 0 0 3 0 2 0 0 2 0 2 0 0 0 0 0 2 2 0 26 79 111 74 141 211 117 49 41 485 127 432 0 235 109 34 179 61 87 243 36 3 0 3 0 3 0 11 1 4 0 0 0 0 31 0 3 0 1 23 4 0 0 3 0 0 0 1 3 0 0 0 0 0 0 0 0 0 0 3 38 0 0 0 0 0 0 0 0 0 0 0 0 0 0 0 0 0 0 0 0 35 13 39 0 24 0 10 0 4 33 1 54 0 10 19 19 14 35 0 0 6 0 18 8 0 0 9 0 0 0 0 0 47 10 10 16 0 2 7 27 0 8 16 0 0 0 0 0 1 1 0 0 0 0 0 1 0 0 0 7 0 0 5 0 0 0 5 0 0 0 0 0 0 2 1 0 0 0 0 4 0 1 6 13 2 12 14 0 0 3 18 26 0 0 0 13 0 4 0 0 39 0 6 0 0 0 28 13 0 0 7 0 4 14 0 0 41 14 1 1 0 0 0 0 0 0 0 0 0 0 0 0 1 0 0 0 0 0 0 0 0 0 0 0 0 0 0 0 0 0 0 0 0 0 10 1 1 158 4 2 6 11 13 0 0 0 0 1 0 0 0 0 0 0 0 0 0 0 0 0 0 0 0 0 0 4 0 0 0 0 
 0 0 0 0 1 0 0 0 0 149 2 99 0 1 0 25 0 74 0 0 169 168 69 381 386 59 217 352 200 207 52 235 0 393 192 34 310 140 491 278 3 0 3 39 2 1 3 0 4 1 0 0 0 0 0 3 0 0 2 0 0 0 3 0 1 1 0 2 0 0 0 0 0 0 0 0 0 0 2 0 0 0 0 0 15 10 0 0 19 0 13 28 0 0 0 0 0 0 0 0 29 0 8 0 0 0 0 15 21 27 2 2 21 25 32 19 0 9 2 18 0 12 0 0 1 0 0 0 0 0 0 0 0 0 0 0 0 0 0 3 0 13 0 0 0 0 0 0 0 0 0 0 0 0 0 0 0 0 0 1 0 0 0 0 20 0 0 0 1 14 20 18 1 0 0 14 0 0 0 0 31 2 0 0 0 19 34 0 10 18 18 0 12 7 14 6 8 14 1 30 0 0 0 0 0 0 0 1 0 1 0 0 0 0 0 0 10 0 0 1 0 0 0 0 0 0 1 0 0 0 0 0 0 0 0 0 0 0 0 0 0 0 13 0 0 0 0 0 74 78 0 0 0 0 12 2 2 0 153 0 3 0 0 0 0 0 13 0 0 0 0 0 0 0 0 0 0 0 0 0 0 0 0 0 0 0 0 0 0 0 
 0 0 74 0 1 3 0 0 0 0 78 33 0 0 2 0 0 0 0 0 194 81 51 64 36 49 141 72 61 135 119 109 393 0 59 115 240 48 107 83 3 1 3 0 2 0 3 0 26 0 2 0 0 1 0 66 0 0 2 58 0 0 3 0 5 1 1 3 1 0 0 0 52 0 0 1 0 0 4 0 0 0 0 0 5 9 0 0 0 0 0 0 0 0 0 0 0 14 0 0 18 12 38 1 18 0 1 0 5 29 0 0 16 45 38 55 14 17 0 14 4 0 0 0 0 0 0 0 0 0 0 0 23 0 0 0 0 0 0 36 0 0 0 0 0 0 0 0 0 0 0 0 0 0 0 0 0 0 0 5 0 0 0 0 0 0 0 0 0 0 0 6 0 0 0 0 0 0 0 22 0 0 13 12 0 14 47 1 14 0 37 0 3 0 24 16 0 0 16 19 0 0 0 0 0 0 0 0 51 0 0 0 0 0 0 0 0 0 0 0 0 0 0 0 0 0 0 0 0 0 0 0 0 0 0 0 0 0 0 0 0 9 0 0 0 0 0 0 0 76 0 0 0 0 0 0 1 77 79 2 1 0 0 0 0 0 10 0 0 0 14 0 0 0 0 0 0 6 0 0 0 0 0 0 0 16 0 0 0 0 
 203 4 0 0 295 0 0 0 2 0 77 75 0 2 0 0 2 0 0 0 132 150 36 69 300 45 170 490 61 158 78 34 192 59 0 362 40 104 273 176 3 0 6 72 10 2 3 1 20 0 5 2 4 0 0 4 0 3 7 1 0 4 3 0 0 1 2 2 2 0 6 0 0 0 0 0 0 0 13 0 0 0 0 10 0 0 0 0 0 0 0 0 0 0 0 0 0 0 2 0 68 55 12 1 0 0 10 45 51 22 23 0 18 7 64 26 11 57 11 1 0 0 0 0 0 0 0 0 0 0 0 0 0 0 0 0 0 0 0 0 0 0 13 0 0 0 0 0 0 0 0 0 0 0 0 0 0 0 0 0 0 0 0 0 0 16 0 0 0 0 17 21 0 0 0 0 0 0 0 0 10 10 20 11 0 9 14 26 14 12 12 4 9 20 20 22 13 28 10 17 0 0 0 0 0 0 0 0 0 0 0 7 0 0 0 0 0 0 0 0 0 0 0 0 0 0 0 0 0 0 0 0 0 0 0 0 0 0 0 0 0 0 11 0 0 0 0 0 0 76 0 2 0 0 7 1 3 74 2 0 3 0 0 0 0 0 10 0 0 0 0 0 0 0 0 0 0 0 0 12 0 0 0 0 0 0 0 0 0 0 
 0 0 0 0 0 77 0 0 3 0 0 0 2 3 0 0 0 0 1 0 284 210 296 160 721 247 188 28 137 213 222 179 34 115 362 0 98 339 130 70 3 0 3 1 4 0 3 0 3 0 0 0 0 0 0 3 0 0 91 3 0 0 3 0 0 0 0 2 0 0 0 0 0 0 0 0 0 0 9 0 0 0 1 0 0 0 0 0 0 0 0 0 0 0 0 0 0 0 0 0 44 13 20 13 8 6 23 53 7 11 44 0 20 22 27 1 22 1 0 0 10 0 0 0 0 0 2 0 0 0 0 0 0 1 0 17 0 0 0 17 0 0 0 0 0 0 0 0 0 0 0 0 0 0 0 0 0 1 1 0 0 0 4 0 0 0 1 0 0 0 0 0 0 0 0 0 0 0 0 11 19 54 8 7 11 9 0 37 15 7 0 23 14 11 50 27 15 35 0 14 0 1 0 0 0 0 2 0 0 0 0 0 21 0 0 0 0 0 10 0 0 0 0 0 0 0 0 0 0 0 0 0 0 0 0 0 0 0 0 0 0 0 0 0 0 0 0 0 0 0 0 0 0 0 9 1 4 1 78 0 0 0 0 0 0 0 1 0 0 0 0 0 0 0 0 0 0 0 0 0 0 0 0 0 0 16 1 0 0 0 
 2 0 73 0 0 0 0 78 0 2 89 0 0 2 0 0 0 2 0 0 308 108 225 82 412 136 105 63 192 164 184 61 310 240 40 98 0 112 110 68 4 0 3 1 4 0 3 0 3 0 0 0 0 0 0 3 0 0 92 0 0 0 3 0 0 2 0 3 0 0 0 0 0 0 0 0 0 0 7 0 0 0 0 0 0 2 0 0 0 0 0 1 0 0 0 0 0 0 0 0 0 0 71 52 28 62 19 27 0 1 49 18 0 12 10 0 30 19 0 0 4 9 0 0 0 0 34 12 0 2 0 0 4 1 11 0 0 0 19 29 0 0 0 0 0 0 0 0 2 0 0 0 0 0 0 1 0 0 0 1 0 0 1 0 0 5 6 0 0 0 0 0 0 0 3 0 0 0 0 1 13 59 5 0 0 21 0 0 0 16 12 22 0 19 29 0 18 18 0 18 16 0 0 0 0 0 17 40 0 0 0 0 31 10 0 0 0 9 0 0 0 11 0 0 0 0 0 0 0 0 0 0 0 0 0 0 0 0 0 2 0 0 0 0 0 0 0 0 0 0 0 0 0 0 2 0 0 4 1 3 6 11 0 0 0 0 0 0 0 0 0 0 0 0 0 0 0 0 0 0 0 0 0 0 0 0 1 0 0 2 
 103 9 3 4 3 67 3 3 4 3 5 3 3 3 3 3 6 3 101 3 153 199 99 109 40 135 80 254 149 268 143 87 140 48 104 339 112 0 114 25 3 0 3 2 3 0 3 0 3 0 0 0 0 2 0 3 0 0 30 1 0 0 3 0 0 0 0 52 0 0 0 0 0 0 0 0 0 0 6 0 0 0 0 0 0 0 0 0 0 0 0 0 0 0 0 0 0 2 0 0 18 1 8 21 12 0 21 16 21 7 15 13 21 17 0 19 11 71 14 0 19 0 0 0 0 0 0 1 0 0 0 0 0 9 0 0 2 1 0 14 0 0 0 0 0 0 0 11 2 0 0 0 0 0 0 2 0 0 0 3 0 0 1 0 0 0 3 0 0 0 0 2 0 0 2 0 0 0 0 1 1 1 26 21 8 24 0 26 11 18 0 36 11 0 80 0 1 29 14 9 0 0 0 0 0 0 0 0 0 0 0 0 0 0 0 0 0 0 7 0 0 0 0 0 0 0 0 0 0 0 0 0 2 0 0 1 0 0 0 0 0 0 0 0 0 0 0 0 0 0 0 0 0 0 4 0 0 0 1 0 5 0 0 0 0 0 0 0 0 0 0 0 0 0 0 0 0 0 0 0 0 0 0 0 0 10 0 0 0 0 
 3 4 2 3 63 84 2 2 2 75 82 2 2 2 3 79 2 75 4 2 150 144 111 327 286 43 188 238 100 169 124 243 491 107 273 130 110 114 0 335 3 1 7 63 3 0 3 0 3 2 0 0 1 0 0 5 2 0 8 3 0 0 3 0 0 1 2 3 2 0 9 0 0 0 0 2 0 0 8 0 0 0 1 10 0 0 0 0 0 0 14 8 0 21 0 11 0 2 1 0 51 17 0 13 5 0 26 38 43 0 43 0 39 2 0 36 9 20 13 9 43 0 0 0 0 0 0 0 0 0 0 0 0 0 0 0 1 1 0 1 0 0 0 0 0 0 0 0 2 0 0 0 0 0 0 0 0 0 0 0 5 1 0 1 14 0 0 0 0 11 10 10 0 0 0 13 2 20 0 0 21 23 22 0 0 12 0 47 0 28 16 16 33 13 33 29 20 33 10 33 0 0 0 0 0 0 0 0 0 0 0 0 0 0 0 0 0 12 0 0 0 0 0 0 0 0 0 0 0 0 0 0 2 0 0 2 0 0 0 0 0 0 0 0 0 0 0 0 72 103 0 0 0 0 1 2 0 0 4 1 2 0 0 0 0 0 6 0 0 0 0 0 0 0 0 0 1 0 0 0 0 0 0 0 0 0 0 0 0 0 
 0 99 0 0 0 142 0 0 0 59 73 149 0 0 0 74 0 137 1 2 103 105 69 112 47 79 197 99 71 189 148 36 278 83 176 70 68 25 335 0 3 0 3 62 3 0 3 0 3 1 0 2 0 0 0 3 1 0 8 0 0 0 3 0 1 0 0 2 0 0 0 0 0 0 0 0 0 0 2 0 0 0 17 0 0 12 0 0 28 6 0 25 0 0 0 9 0 0 0 0 32 0 10 1 0 22 0 16 27 1 0 0 3 25 45 27 10 1 0 48 0 0 0 0 0 0 0 0 0 0 0 0 0 0 0 0 0 0 0 1 0 4 2 0 0 0 0 0 0 0 0 0 0 0 0 0 0 0 0 0 2 0 3 8 0 0 0 0 0 12 15 15 0 0 0 6 0 0 0 0 30 11 0 0 0 6 44 0 11 5 8 0 22 34 20 26 11 33 7 30 0 0 0 0 0 0 0 0 0 0 0 0 0 0 0 0 0 1 0 0 0 0 0 0 0 0 0 0 0 0 0 0 0 0 0 0 0 0 0 0 0 0 0 0 0 0 0 0 19 0 0 0 0 0 12 0 2 0 124 0 2 0 0 0 0 0 0 0 0 0 0 0 0 0 0 0 0 0 0 0 0 0 0 0 0 0 0 0 0 0 
 0 0 0 0 0 1 0 1 4 0 27 0 0 2 0 0 3 0 0 0 3 3 3 64 29 34 3 3 6 9 68 3 3 3 3 3 4 3 3 3 0 113 307 45 465 26 285 355 52 315 55 33 199 62 90 463 36 55 264 98 0 2 1 0 0 0 2 0 0 45 5 0 0 0 0 3 3 0 0 0 0 0 0 0 12 0 0 0 0 0 0 0 0 0 0 0 0 0 0 0 0 0 0 14 10 31 0 0 0 0 0 1 0 0 0 0 0 0 0 0 19 23 33 24 8 0 41 21 1 43 14 0 35 54 0 0 18 22 45 0 9 0 6 0 0 0 0 0 9 0 0 0 16 0 0 0 0 0 8 0 0 0 0 0 7 0 0 1 0 0 0 0 0 7 0 5 0 0 0 0 0 0 0 0 30 9 0 0 0 0 0 0 0 0 0 0 16 0 0 0 9 2 29 12 0 12 13 24 7 10 48 10 0 2 9 16 19 14 0 52 0 0 0 0 0 0 0 0 0 0 0 0 0 0 0 0 0 0 23 0 0 0 0 0 0 0 0 0 0 0 1 0 0 0 0 0 1 1 1 0 0 0 0 0 3 2 0 9 0 0 0 0 0 0 0 0 0 0 0 0 0 18 1 0 0 0 0 0 0 0 
 0 1 0 0 17 4 0 3 23 0 3 0 0 3 0 8 5 0 0 0 0 2 0 0 0 62 0 0 1 2 31 0 0 1 0 0 0 0 1 0 113 0 369 47 258 35 137 298 156 183 43 42 84 243 54 90 50 98 141 210 0 0 0 0 0 0 0 0 0 1 0 0 0 0 0 5 0 0 0 0 5 0 0 0 16 0 0 0 0 0 0 0 0 0 5 0 2 0 0 0 0 0 0 18 1 14 0 2 0 0 0 0 3 0 0 0 0 0 25 0 0 2 35 73 16 0 22 0 7 18 2 0 0 9 12 53 22 30 15 0 5 0 0 0 0 0 4 0 0 0 0 0 0 0 0 0 8 13 6 0 0 0 5 0 0 4 0 4 1 0 1 0 0 0 1 9 3 4 0 0 0 0 0 0 19 0 0 0 0 0 0 0 0 0 0 0 0 0 0 0 9 21 32 2 0 0 4 19 17 12 25 9 8 10 40 21 10 9 21 9 0 0 0 0 0 0 0 0 0 0 0 10 0 0 0 0 0 0 1 0 0 0 0 0 0 0 0 0 0 0 0 10 0 1 0 0 0 0 0 1 0 0 0 0 37 0 0 1 0 0 0 0 0 0 0 0 0 0 0 0 0 4 0 0 9 0 0 0 0 0 
 2 3 4 14 2 4 20 7 4 3 4 2 55 65 2 8 13 2 26 15 3 3 3 38 3 80 3 3 5 2 3 3 3 3 6 3 3 3 7 3 307 369 0 280 43 22 61 127 116 278 117 171 85 248 137 427 161 65 89 394 0 0 0 0 0 0 0 0 0 0 0 0 1 0 0 7 0 0 0 0 10 0 0 0 6 0 0 0 0 0 7 0 0 0 6 8 1 0 0 0 0 0 0 0 0 0 0 0 0 0 0 9 0 0 0 0 0 0 1 0 0 0 19 11 17 8 0 6 8 5 1 7 0 0 0 12 18 75 1 1 1 0 0 0 0 0 0 0 0 0 0 0 12 0 0 1 0 0 14 0 0 0 10 0 0 0 6 0 45 11 0 0 0 0 0 15 9 79 0 0 0 0 0 0 0 0 0 0 0 0 0 0 0 0 0 13 0 0 0 0 0 16 0 22 12 12 0 0 12 8 2 9 0 0 7 5 14 2 3 0 4 0 0 0 0 0 0 0 0 0 0 14 17 0 0 0 0 15 10 14 0 0 0 0 0 0 0 0 0 0 0 38 0 2 0 0 0 0 0 10 0 0 18 2 0 10 0 1 0 0 20 0 0 0 0 0 0 0 0 0 0 0 0 0 14 0 0 1 0 0 
 0 2 0 0 0 0 0 0 0 0 1 0 0 0 1 0 0 0 0 0 0 4 2 61 0 2 0 0 2 5 0 0 39 0 72 1 1 2 63 62 45 47 280 0 375 252 77 292 94 115 179 188 268 168 56 157 54 49 98 297 3 0 0 0 0 0 8 0 5 0 3 7 4 55 0 0 5 8 0 0 0 0 0 0 0 1 0 0 0 0 0 0 0 0 0 0 0 0 0 0 20 0 0 0 0 0 0 0 0 0 0 0 0 0 7 2 0 7 0 0 0 0 3 20 0 18 0 0 20 13 29 31 0 0 0 0 0 20 0 0 4 0 19 0 0 0 8 0 28 23 0 0 8 8 14 30 0 0 7 20 0 0 0 0 0 0 0 0 0 0 0 0 0 0 0 0 0 3 0 35 0 0 0 0 0 0 0 0 0 25 15 0 11 0 0 20 20 10 0 16 22 0 0 3 19 0 0 0 0 23 0 10 1 0 0 24 8 10 0 1 11 0 0 0 0 0 25 0 0 21 0 0 28 11 13 0 0 0 0 17 0 0 14 0 0 0 0 0 0 0 0 0 0 2 0 0 0 0 62 50 0 0 65 0 0 13 0 0 0 0 0 0 0 0 0 0 0 0 0 0 0 0 0 0 2 32 0 0 0 0 
 60 5 0 0 0 0 1 0 33 0 5 0 63 0 2 0 2 1 64 0 5 3 6 3 4 4 3 4 10 6 3 3 2 2 10 4 4 3 3 3 465 258 43 375 0 261 247 272 487 500 351 132 87 140 65 374 107 99 73 122 63 0 22 0 39 4 51 0 0 1 0 0 47 0 0 3 0 0 21 0 0 0 0 0 0 0 1 19 10 0 0 1 0 0 0 0 16 2 9 0 0 0 0 0 0 0 0 0 0 0 0 0 0 0 0 0 0 0 0 0 0 0 0 13 9 10 0 0 0 0 15 28 0 0 0 0 0 0 0 0 7 0 0 0 0 6 13 8 0 16 0 0 8 0 0 49 0 10 0 9 0 0 7 0 0 0 11 0 0 0 0 3 0 16 0 0 7 0 0 0 0 0 0 0 0 0 0 0 0 7 0 0 0 0 0 0 0 0 0 0 0 0 0 0 1 0 0 0 0 0 0 0 0 0 0 0 14 0 0 0 10 22 0 0 14 0 0 0 10 12 0 0 10 1 1 10 0 1 22 5 0 0 0 0 0 0 0 0 0 0 0 0 0 0 0 0 2 2 0 43 0 0 0 0 0 11 0 0 0 0 12 0 0 0 0 0 0 0 0 0 0 0 0 0 0 0 0 0 2 0 
 0 2 2 0 0 0 0 0 0 1 0 0 0 0 0 0 2 0 0 0 0 0 0 0 0 0 0 0 0 0 0 0 1 0 2 0 0 0 0 0 26 35 22 252 261 0 35 44 49 63 81 297 72 44 41 69 118 287 74 281 2 24 77 0 0 0 22 0 0 0 0 3 103 1 0 0 52 5 148 18 0 0 0 0 0 0 0 0 0 0 0 0 0 0 0 0 0 0 0 0 0 0 0 0 0 0 0 0 0 0 0 0 0 0 0 0 0 0 0 0 0 0 0 0 21 50 0 0 0 0 0 0 0 0 0 0 6 0 0 0 14 23 0 4 5 22 23 7 19 3 10 12 0 0 0 30 10 10 0 0 0 0 0 0 0 0 0 0 0 0 0 0 0 0 0 0 0 0 0 0 0 0 0 0 0 0 0 0 0 0 0 0 0 0 0 0 0 0 0 0 0 0 0 0 10 0 0 0 0 0 0 10 0 0 0 0 0 0 0 0 21 27 8 1 41 0 7 11 17 11 9 0 0 10 9 34 1 0 12 15 0 0 0 0 0 0 0 0 0 0 0 2 0 0 0 0 0 0 0 0 0 0 0 0 0 0 4 6 1 0 17 0 0 10 0 3 0 0 0 0 0 0 0 0 0 0 0 0 12 0 
 0 23 0 0 0 0 0 0 0 0 5 0 0 0 0 0 3 0 0 0 5 76 3 46 75 3 3 3 7 3 5 11 3 3 3 3 3 3 3 3 285 137 61 77 247 35 0 205 133 48 127 60 222 114 174 303 41 101 322 117 0 0 2 0 0 0 3 8 0 18 2 6 0 0 0 0 0 6 0 0 0 0 0 0 0 0 0 6 0 0 0 0 0 0 0 0 0 0 0 0 0 0 0 0 26 0 0 0 0 0 0 2 0 0 0 34 0 0 0 0 17 29 10 12 41 0 20 0 1 0 10 0 14 31 22 13 0 1 0 0 7 2 16 9 0 0 4 0 0 0 0 5 0 0 0 0 2 3 0 0 0 0 0 0 5 0 0 0 0 0 0 0 0 0 0 0 0 1 0 0 0 0 0 0 30 17 0 0 0 0 0 0 0 0 0 0 0 0 0 0 40 15 25 8 0 0 0 18 11 0 27 10 33 35 16 0 1 12 17 38 0 0 3 6 0 1 0 0 0 0 2 0 0 0 0 0 0 0 18 0 0 0 0 0 0 0 0 0 1 0 0 2 0 0 0 0 0 109 0 0 17 0 0 1 3 3 0 0 0 0 0 0 0 0 0 2 0 0 0 0 0 0 0 0 0 0 0 0 0 0 
 0 0 2 0 0 0 2 0 0 0 5 0 0 0 0 0 0 2 0 0 0 0 0 126 67 0 1 0 4 0 63 1 0 0 1 0 0 0 0 0 355 298 127 292 272 44 205 0 394 31 21 40 223 142 189 47 46 100 61 340 0 0 0 0 6 5 0 0 0 52 3 2 0 0 0 0 0 0 0 0 0 0 0 0 0 0 0 0 0 0 0 0 0 0 0 0 0 0 0 0 0 0 0 0 17 0 0 0 2 0 0 0 0 0 0 0 1 0 0 0 13 26 0 0 0 11 28 18 0 27 18 0 13 30 15 19 23 0 0 13 1 0 1 0 0 0 0 0 0 10 0 17 17 0 0 0 0 4 2 0 0 0 0 0 1 0 0 0 0 0 0 0 0 0 0 0 0 0 0 0 0 0 0 0 1 4 0 0 0 0 0 10 0 0 0 0 10 0 0 0 0 14 32 2 0 9 0 20 0 3 10 6 10 9 0 2 0 13 9 16 0 0 0 0 0 0 0 0 0 0 0 0 0 0 0 0 0 0 10 0 0 0 10 0 0 0 0 0 0 0 0 4 0 0 0 0 0 0 0 0 0 0 0 2 2 1 2 70 2 0 0 0 0 0 0 0 0 0 0 0 0 0 0 0 0 0 0 0 1 0 
 0 0 0 0 0 0 0 0 4 0 11 5 0 1 0 0 3 0 0 0 3 3 3 6 66 65 3 8 13 3 4 4 4 26 20 3 3 3 3 3 52 156 116 94 487 49 133 394 0 103 133 41 157 175 165 525 47 67 449 140 0 2 0 0 0 0 0 12 0 0 0 0 0 52 0 0 0 0 0 50 0 0 0 0 0 16 0 0 0 6 0 0 0 0 0 0 0 0 0 0 0 19 0 0 0 0 0 0 6 0 0 1 0 0 9 1 0 12 0 0 14 5 10 19 0 0 0 10 8 0 29 27 8 1 1 30 8 2 6 8 5 0 0 0 0 0 0 0 0 0 0 0 0 7 9 0 1 0 0 11 0 0 0 0 2 12 0 0 0 0 0 8 0 0 0 0 0 0 0 0 0 0 0 0 0 0 0 10 0 0 0 0 6 0 0 0 0 0 1 0 10 47 1 17 14 11 0 0 15 0 6 0 10 0 24 8 9 10 10 1 0 0 0 0 0 0 24 7 0 0 0 0 0 7 0 0 0 0 1 2 0 0 6 0 0 0 0 0 0 0 0 4 0 2 0 0 0 0 0 0 0 0 0 71 0 2 2 0 0 0 0 0 0 0 0 0 0 0 0 0 0 0 0 0 13 0 0 7 0 0 
 2 0 64 66 0 0 63 0 0 1 0 0 0 0 72 1 0 1 0 0 3 1 0 0 0 1 0 0 0 0 0 0 1 0 0 0 0 0 2 1 315 183 278 115 500 63 48 31 103 0 102 182 81 364 158 107 174 60 113 310 0 0 0 0 0 0 0 0 0 53 13 0 0 0 0 9 0 0 0 0 0 0 11 2 0 0 0 0 11 0 2 0 0 0 0 0 0 0 0 0 0 0 1 6 0 0 0 0 0 2 0 0 0 0 0 0 0 0 8 0 0 0 4 10 22 19 9 12 10 41 0 9 30 1 0 12 0 47 0 0 0 0 0 0 0 0 0 0 0 0 0 0 5 0 0 0 0 0 7 0 0 7 0 9 1 0 8 0 0 0 0 0 2 0 2 2 7 5 0 0 0 0 15 1 0 0 0 0 0 0 0 4 11 0 0 0 0 0 0 14 80 63 24 36 10 7 0 0 7 32 0 10 3 0 28 0 1 10 9 1 0 0 0 0 0 0 0 0 0 0 0 0 0 0 0 0 0 0 0 15 0 0 0 0 0 0 0 0 1 0 0 2 0 2 0 0 2 0 0 3 0 0 65 63 0 5 0 64 0 0 0 0 0 0 0 0 24 0 0 0 0 5 0 0 0 0 0 0 0 0 
 0 0 0 0 0 0 0 0 0 0 3 0 0 0 0 0 0 0 0 0 0 0 0 0 0 0 0 0 0 0 0 0 0 2 5 0 0 0 0 0 55 43 117 179 351 81 127 21 133 102 0 111 21 81 77 348 187 113 77 77 0 45 0 30 0 0 6 8 0 3 0 5 4 0 0 0 0 12 0 0 0 0 0 0 0 0 0 0 0 0 0 0 0 0 0 0 0 0 0 0 0 0 0 0 0 0 0 0 0 0 0 0 0 0 0 0 0 0 0 0 0 0 0 9 31 3 0 0 6 10 11 32 0 13 0 16 14 9 13 0 10 2 0 3 0 0 12 0 1 0 0 12 0 8 0 1 4 26 0 0 0 0 0 0 0 0 0 0 0 0 0 0 0 0 0 0 0 0 0 0 0 0 0 0 0 0 0 0 0 0 0 0 0 9 0 0 0 0 0 0 0 54 19 0 8 1 0 0 8 1 14 0 8 0 22 25 20 0 0 0 36 0 3 7 0 1 11 0 0 0 4 1 28 15 0 2 2 0 16 13 0 0 0 0 0 0 0 0 0 0 0 2 0 2 0 0 0 0 0 47 0 0 0 0 1 10 8 0 0 0 0 0 0 0 0 0 0 0 0 0 0 0 0 0 25 0 0 0 4 0 
 3 7 3 3 3 3 3 3 3 5 6 3 5 3 5 4 4 6 5 3 2 1 2 0 0 0 3 0 0 0 0 0 0 0 2 0 0 0 0 2 33 42 171 188 132 297 60 40 41 182 111 0 28 158 27 159 226 67 47 25 9 0 0 0 0 0 2 0 52 0 1 1 10 0 0 3 3 2 5 0 0 0 0 0 0 0 0 0 0 0 0 0 0 0 0 0 0 0 0 0 0 0 0 0 0 17 0 0 0 0 0 0 0 0 0 0 0 0 0 0 0 0 10 0 1 9 0 0 10 6 1 14 0 0 0 0 0 21 0 0 6 0 0 0 0 0 10 0 0 0 0 0 51 15 25 8 1 0 9 21 0 0 0 0 0 0 0 0 0 0 0 0 0 0 0 0 0 3 0 0 0 0 0 0 0 0 0 0 0 0 0 0 0 0 0 0 0 0 0 0 12 0 0 16 23 16 0 0 49 15 0 4 0 0 0 8 18 12 0 0 18 0 0 2 0 0 7 14 0 0 9 0 19 13 3 6 0 0 9 23 0 0 0 0 0 0 0 0 0 0 0 0 0 0 0 0 0 0 0 22 0 0 36 1 0 10 3 2 0 0 9 0 0 0 0 0 0 0 0 0 0 0 0 0 13 0 0 8 1 0 
 0 0 0 1 3 2 0 2 1 2 2 3 0 3 0 2 1 1 0 1 0 71 64 135 0 31 2 0 62 63 88 0 0 0 4 0 0 0 1 0 199 84 85 268 87 72 222 223 157 81 21 28 0 91 31 66 69 133 166 66 0 3 0 0 0 0 1 0 3 0 3 1 0 0 0 0 0 4 7 0 0 0 0 0 0 0 0 0 0 0 0 0 0 0 0 25 0 0 0 0 0 0 0 46 20 5 0 0 0 0 0 14 0 0 0 7 16 0 0 0 11 36 13 13 18 0 26 52 15 11 7 0 0 39 20 16 0 10 23 0 0 0 3 0 0 0 0 0 11 0 0 0 0 0 0 0 0 0 8 0 0 0 0 0 0 9 0 0 0 48 0 0 0 0 0 0 0 0 0 0 0 0 0 0 44 1 0 0 0 6 0 0 0 0 0 0 10 0 0 0 1 38 29 19 0 0 16 31 27 16 17 9 35 4 33 0 21 6 0 57 0 0 0 0 0 0 0 0 0 0 0 0 0 0 0 0 0 0 36 0 0 0 0 0 0 0 0 0 0 1 0 0 0 0 0 0 0 21 2 0 0 0 0 65 35 6 0 0 2 0 0 0 0 0 0 0 0 0 0 0 0 11 7 0 0 0 8 0 0 0 
 0 2 0 2 0 31 0 0 3 0 0 0 0 3 0 65 1 1 1 0 0 0 0 0 62 0 0 1 0 0 23 31 0 1 0 0 0 2 0 0 62 243 248 168 140 44 114 142 175 364 81 158 91 0 81 177 166 175 112 246 0 0 22 0 3 0 0 6 2 3 6 0 0 0 0 3 0 0 0 13 0 0 0 0 0 0 0 9 0 0 0 0 0 0 0 0 0 0 0 0 0 0 0 0 0 0 0 0 0 0 0 0 0 0 0 0 0 0 0 0 7 0 3 8 10 22 0 0 10 34 0 14 14 34 0 7 19 42 0 7 0 0 0 0 0 0 0 0 0 0 0 0 44 0 0 0 0 0 6 1 0 0 0 0 0 0 0 0 0 0 0 0 0 0 0 0 0 5 0 0 0 0 0 0 0 0 5 0 0 0 0 0 0 0 0 0 0 0 0 0 28 19 5 9 4 33 0 14 34 39 0 19 0 19 0 12 32 19 0 1 11 1 0 0 0 0 0 2 0 0 0 0 1 0 0 9 0 0 5 54 0 0 0 0 0 0 0 0 0 0 0 2 0 0 0 0 0 63 0 10 0 0 66 1 1 10 1 0 0 0 0 0 0 0 0 0 0 0 0 0 0 0 0 0 14 0 0 0 0 0 
 0 1 0 0 0 0 0 0 4 0 0 0 0 2 0 0 0 0 0 0 0 0 0 0 23 0 0 0 0 1 0 0 0 0 0 0 0 0 0 0 90 54 137 56 65 41 174 189 165 158 77 27 31 81 0 235 310 35 144 221 0 0 0 0 0 0 1 0 0 54 6 1 0 0 0 4 0 0 0 0 0 0 16 0 0 0 0 6 0 1 0 0 0 0 0 0 0 0 0 0 0 0 0 0 0 0 0 0 0 0 0 0 0 0 0 0 0 0 0 0 0 6 9 0 7 0 0 1 0 5 8 5 0 23 0 19 28 24 16 0 18 0 0 0 0 0 18 0 0 0 0 0 26 6 28 0 3 0 6 21 0 0 0 0 7 0 0 0 0 0 0 0 0 0 0 1 0 0 0 0 0 0 0 0 23 0 0 0 0 0 0 0 0 0 0 0 0 0 0 0 14 20 47 6 8 12 0 23 2 9 36 0 12 1 21 29 0 0 0 21 9 0 0 0 0 0 0 6 0 0 0 0 13 0 0 0 0 0 20 0 0 0 1 0 0 0 0 0 0 0 0 2 0 2 0 0 0 0 0 2 0 0 0 1 0 0 1 48 0 0 0 0 0 0 0 0 0 0 0 0 0 0 0 0 31 0 0 6 0 16 
 37 2 0 5 0 0 2 0 0 19 3 0 1 0 5 0 3 10 7 1 3 7 4 3 3 3 3 3 6 7 3 3 3 66 4 3 3 3 5 3 463 90 427 157 374 69 303 47 525 107 348 159 66 177 235 0 88 68 52 380 0 0 0 0 0 0 8 0 4 0 0 7 4 0 0 0 0 23 0 0 0 11 11 8 0 0 0 0 0 4 2 0 0 0 0 3 0 0 0 0 0 0 0 0 0 0 0 0 0 0 0 0 0 0 0 0 0 0 0 0 0 0 0 15 0 34 0 0 18 18 27 40 0 0 0 8 34 0 0 0 7 0 19 0 0 0 15 0 22 0 0 0 0 10 25 16 4 0 7 20 0 0 0 0 6 0 0 6 2 6 0 0 0 21 8 0 0 6 0 0 0 0 0 0 0 0 0 0 0 0 0 0 0 0 0 0 0 0 0 0 0 36 19 0 16 0 0 0 11 18 9 18 6 0 7 42 13 0 0 0 29 0 0 0 0 0 10 0 0 0 0 0 75 10 0 0 0 0 26 0 0 0 0 0 0 0 10 0 0 0 0 12 0 1 0 0 0 0 0 15 0 0 5 0 0 3 0 0 0 0 66 0 0 0 0 0 0 0 0 0 0 0 0 0 26 24 0 0 0 0 
 0 7 4 0 0 0 0 0 0 0 0 0 0 0 0 1 0 4 1 0 3 4 3 0 0 2 2 0 0 6 0 0 0 0 0 0 0 0 2 1 36 50 161 54 107 118 41 46 47 174 187 226 69 166 310 88 0 330 25 101 5 0 0 0 0 0 65 0 4 0 0 7 6 0 0 0 0 7 23 0 0 0 0 0 0 0 0 0 0 0 0 0 0 0 0 0 0 0 0 0 0 0 0 0 0 0 0 0 0 0 0 0 0 0 0 0 0 0 0 0 0 0 0 0 14 68 0 18 30 24 0 52 0 0 0 16 15 13 0 0 25 0 20 0 0 10 9 0 47 8 0 0 27 7 13 27 0 0 18 21 0 0 0 0 7 0 0 0 0 0 0 0 0 0 0 0 0 8 0 0 0 0 0 0 0 0 0 0 0 0 0 0 0 0 0 0 0 0 0 0 0 40 0 6 34 44 0 0 14 22 0 30 0 0 14 66 0 0 0 0 28 5 0 0 0 0 9 5 0 0 0 0 27 13 3 4 0 0 18 0 0 0 1 0 0 0 0 0 0 0 0 0 0 1 0 0 0 0 0 0 0 21 3 63 0 27 2 0 0 0 11 0 0 0 0 0 0 0 0 0 0 0 0 0 18 18 0 0 0 0 
 0 1 0 0 1 1 0 0 3 0 0 0 0 1 0 0 0 0 0 0 0 3 0 1 5 3 0 0 0 0 0 1 0 0 3 0 0 0 0 0 55 98 65 49 99 287 101 100 67 60 113 67 133 175 35 68 330 0 63 89 2 2 0 0 0 0 33 0 21 0 0 12 59 0 0 0 0 5 49 0 0 0 0 0 0 0 0 0 0 0 0 0 0 0 0 0 0 0 0 0 0 0 0 0 0 0 0 0 0 0 0 0 0 0 0 0 0 0 0 0 6 14 8 3 27 12 3 10 46 12 7 19 1 6 12 11 10 15 13 0 1 0 19 0 0 2 6 0 20 3 0 0 0 6 12 15 0 0 36 41 8 0 0 0 2 0 0 0 0 0 0 0 0 0 0 0 0 0 0 0 0 0 0 0 0 7 0 0 0 0 0 0 0 0 0 0 14 0 0 0 0 19 14 2 18 1 39 0 16 11 20 17 9 3 40 19 17 6 0 18 21 0 0 0 0 0 6 0 0 0 0 0 6 10 0 0 0 0 12 0 0 0 14 0 0 0 0 0 0 0 0 2 0 1 0 0 0 0 0 0 0 0 0 70 66 3 2 0 2 0 0 0 0 0 0 0 0 0 0 0 0 0 0 0 0 18 0 0 0 0 
 0 0 0 2 0 0 0 0 0 0 5 0 0 0 0 62 2 3 0 0 10 70 81 188 2 87 4 2 69 71 77 23 2 2 7 91 92 30 8 8 264 141 89 98 73 74 322 61 449 113 77 47 166 112 144 52 25 63 0 399 0 0 0 0 0 0 0 0 0 0 0 0 0 0 0 0 0 0 1 0 0 0 0 0 0 0 0 10 0 0 0 0 0 0 0 0 0 0 0 0 21 0 0 10 17 72 0 0 2 10 5 9 0 3 0 0 18 20 0 0 0 9 8 9 0 0 1 0 0 0 12 0 10 0 1 28 7 0 38 17 7 0 0 0 0 0 41 0 0 0 0 0 0 0 0 0 4 0 0 0 0 0 5 0 0 0 8 0 0 0 0 0 0 0 2 0 0 0 0 13 9 5 0 2 0 9 0 0 9 6 10 31 3 6 0 0 12 7 0 4 0 6 11 7 0 0 0 0 9 0 20 0 11 15 27 7 6 0 8 0 0 0 0 0 0 0 0 0 0 0 0 0 0 0 0 0 0 0 7 0 0 0 0 0 0 1 0 0 0 0 0 0 0 0 0 0 0 0 4 2 0 0 0 0 0 1 1 1 0 0 0 0 0 0 0 1 0 0 0 0 0 0 0 0 12 0 0 0 0 0 
 0 2 0 0 8 14 0 4 4 0 0 0 0 0 1 14 7 0 0 0 0 1 0 0 68 23 2 1 3 0 66 4 0 58 1 3 0 1 3 0 98 210 394 297 122 281 117 340 140 310 77 25 66 246 221 380 101 89 399 0 0 0 49 0 0 0 0 0 0 0 1 0 0 0 0 0 0 0 6 0 0 0 0 0 4 0 0 0 5 0 0 5 0 0 0 0 4 0 0 0 0 0 0 10 0 0 0 3 0 0 0 0 6 0 0 0 0 0 4 0 0 8 23 13 10 0 8 0 7 22 0 4 0 33 7 20 26 9 28 42 0 0 0 0 0 0 2 0 0 0 0 0 0 0 0 0 2 0 1 0 0 0 8 0 7 0 0 3 0 0 2 0 0 0 0 1 1 1 0 0 0 0 0 0 22 6 0 0 0 0 0 0 0 0 0 0 0 0 0 0 13 5 46 15 0 1 1 40 6 1 52 0 7 12 15 22 18 0 42 28 9 0 0 0 0 0 0 0 0 0 0 0 0 0 0 0 0 0 31 0 0 0 0 0 0 0 0 0 0 1 0 4 0 0 0 0 0 0 0 0 0 0 0 0 5 2 2 3 2 0 0 0 0 0 0 0 0 0 0 0 0 0 0 0 8 0 0 0 0 0 
 2 2 1 0 0 0 2 0 0 4 1 0 1 0 2 1 0 0 1 0 0 0 2 0 0 0 0 0 0 2 0 0 0 0 0 0 0 0 0 0 0 0 0 3 63 2 0 0 0 0 0 9 0 0 0 0 5 2 0 0 0 290 82 104 41 272 316 49 75 88 142 36 204 336 70 108 51 105 45 80 0 0 0 0 0 0 0 0 0 0 0 0 0 0 31 0 0 0 23 0 0 0 0 3 0 0 0 0 0 0 0 0 0 0 0 0 0 0 0 0 0 0 0 0 0 0 0 0 0 0 0 0 0 0 0 0 0 0 0 0 27 7 1 6 19 0 25 0 0 1 0 0 0 1 24 16 16 8 0 0 6 0 0 0 0 0 0 0 0 0 0 0 0 0 0 0 0 9 5 0 0 0 0 0 0 0 0 0 0 0 0 0 0 0 0 0 0 0 0 0 0 0 0 0 1 0 0 0 0 0 0 0 0 0 0 0 0 0 0 0 21 26 28 23 0 9 11 30 0 8 0 0 0 0 38 13 19 17 15 6 0 0 0 5 0 0 0 0 0 0 0 0 0 29 4 0 0 0 0 0 0 0 58 0 0 0 0 0 0 0 0 0 0 1 2 0 0 0 0 0 0 0 0 0 0 0 0 0 6 0 
