 0 105 407 54 49 26 317 130 40 150 45 86 307 224 137 193 121 29 158 229 0 0 0 4 0 0 0 2 1 2 2 2 1 0 0 2 0 0 0 0 4 0 0 3 0 3 0 36 0 0 0 0 66 3 3 0 3 0 0 0 0 0 0 0 3 0 0 0 0 2 2 3 2 0 0 2 0 0 0 0 0 13 42 14 19 54 6 14 0 11 3 11 9 14 20 7 1 56 0 6 7 0 0 0 0 0 0 0 0 0 1 0 0 0 0 0 0 0 0 16 1 2 0 0 0 0 0 0 0 2 2 0 0 0 0 11 0 0 2 0 0 0 0 0 0 0 0 0 0 0 0 0 0 1 0 0 0 0 0 0 15 17 10 11 1 0 25 29 8 0 0 8 12 12 13 17 0 17 14 27 0 0 0 0 0 1 1 0 0 0 0 0 9 0 1 0 2 14 0 0 0 0 0 0 0 0 2 0 0 0 0 0 0 0 0 0 1 0 0 0 0 0 0 0 0 0 0 0 0 0 0 0 0 0 0 0 0 0 0 15 0 0 0 0 0 0 1 0 0 1 2 14 0 1 0 0 0 0 0 0 0 0 1 0 0 0 0 0 0 0 0 0 0 0 0 0 0 10 0 0 0 0 0 0 0 0 0 0 0 0 
 105 0 119 55 205 129 173 75 222 147 51 135 44 64 225 134 42 183 42 57 0 0 0 2 0 0 0 2 1 2 2 0 1 0 0 0 0 0 0 0 29 0 0 0 0 0 0 0 0 0 0 0 0 3 3 0 3 0 7 0 0 0 0 0 3 0 0 0 0 2 3 0 3 0 0 0 0 0 0 0 2 1 0 22 14 20 0 16 25 59 27 45 0 0 28 18 24 34 0 0 23 0 0 0 0 0 0 13 1 0 0 0 1 0 12 1 0 0 30 4 0 0 0 0 0 0 0 0 0 0 0 2 0 0 0 0 0 0 13 0 0 0 0 0 0 0 0 0 0 0 0 0 0 0 0 0 0 2 0 0 0 29 12 37 35 0 0 1 37 19 11 18 0 0 8 16 14 4 0 0 0 17 0 0 0 0 11 0 0 6 0 1 0 1 12 0 0 0 20 26 19 0 0 0 0 0 0 0 0 0 2 0 39 0 0 0 0 0 0 0 0 0 1 0 0 0 0 0 0 0 0 0 0 0 0 1 0 0 0 0 0 14 0 0 0 1 3 0 0 0 0 20 0 0 0 0 0 0 0 0 0 0 0 0 0 0 0 0 0 0 0 0 0 0 0 0 0 0 0 0 0 0 0 0 0 0 0 0 0 0 
 407 119 0 101 132 47 84 170 248 155 517 258 266 278 27 456 185 132 34 144 0 0 0 2 0 0 72 2 2 2 2 0 0 0 0 0 0 0 2 1 0 0 0 0 0 0 0 0 0 0 0 0 3 3 3 0 3 0 6 0 0 0 53 0 3 0 0 0 0 2 1 0 0 0 0 0 0 0 0 0 0 8 22 31 30 2 6 2 9 9 65 1 0 1 1 0 1 16 0 0 0 0 1 0 0 0 0 0 26 0 0 0 12 0 0 0 0 0 14 32 0 0 0 0 0 0 0 0 0 0 0 0 0 0 0 0 0 0 0 0 0 0 0 0 0 0 0 0 0 0 0 0 0 0 0 0 0 6 0 0 11 16 6 9 27 12 29 14 10 28 50 0 0 58 6 10 2 13 0 16 0 0 0 0 0 0 0 0 0 0 0 0 8 13 0 0 0 0 10 0 0 0 0 0 0 0 0 0 0 0 0 0 0 0 0 0 0 0 0 0 0 0 0 0 0 0 0 0 0 0 0 0 0 0 0 1 0 0 0 0 0 0 0 0 0 0 87 0 3 1 7 6 1 0 0 0 0 0 0 0 0 0 2 0 0 0 0 0 0 0 0 0 0 0 0 7 1 0 0 0 0 0 0 0 0 0 0 0 0 0 
 54 55 101 0 238 151 336 164 256 106 172 71 283 261 85 269 136 27 357 262 1 93 0 2 0 0 0 2 0 5 2 0 1 0 0 1 0 73 74 72 0 3 5 0 0 0 0 5 0 0 0 0 3 3 3 0 3 0 0 0 0 0 0 0 9 0 0 0 0 2 2 0 3 0 0 0 0 0 0 0 11 4 0 28 1 19 0 16 32 0 10 56 1 0 6 10 14 49 0 23 2 0 14 2 0 0 17 0 0 1 0 0 28 10 0 0 0 0 38 21 0 0 0 0 0 0 0 0 0 0 0 0 1 0 0 0 0 0 0 0 0 0 0 0 0 0 0 0 0 0 0 0 0 0 0 4 0 2 0 3 25 21 5 11 19 14 15 10 1 0 14 27 0 21 0 1 20 10 0 0 9 1 0 0 0 0 0 8 0 0 0 0 37 24 1 1 1 8 17 1 0 0 0 0 0 0 0 0 0 0 0 0 2 0 0 0 0 0 0 0 0 0 0 0 0 0 0 0 0 0 0 0 0 0 0 0 0 0 0 0 0 1 0 0 0 0 89 1 90 88 10 3 14 0 0 1 0 0 0 0 0 0 0 0 0 0 0 0 0 0 0 0 0 0 0 14 10 0 0 0 0 0 0 0 0 0 0 0 0 0 
 49 205 132 238 0 280 70 58 89 498 172 162 76 83 167 76 143 280 106 68 0 76 0 4 0 2 60 18 0 2 2 0 0 1 89 75 0 0 3 0 61 0 0 0 0 61 0 0 62 0 0 0 0 3 3 0 3 0 0 0 0 0 0 0 11 2 0 0 5 37 1 0 2 0 0 0 0 0 0 0 0 0 0 14 30 0 0 0 0 1 0 40 0 0 0 0 0 1 1 0 19 0 0 0 0 0 24 15 30 45 0 0 44 24 1 0 11 52 12 33 0 0 0 0 0 0 0 0 0 0 0 2 14 0 0 0 0 0 0 2 0 0 0 0 0 0 0 0 0 0 0 0 0 0 0 0 0 0 0 0 0 0 19 49 21 0 0 1 18 19 32 38 0 0 0 10 22 0 0 0 0 20 0 0 0 0 48 14 13 11 13 0 1 0 15 0 16 5 31 0 2 0 0 0 0 0 0 0 0 0 2 0 0 0 0 0 0 0 35 0 0 0 0 0 0 0 0 0 0 0 0 0 0 0 0 1 0 0 0 0 0 0 0 0 0 5 1 0 2 51 0 15 0 0 0 0 0 0 0 0 0 0 0 0 0 0 0 0 0 0 0 0 0 0 0 12 9 0 0 0 0 0 0 0 0 0 0 0 0 0 
 26 129 47 151 280 0 33 28 138 64 301 159 26 124 42 182 69 58 65 120 3 22 1 5 1 1 0 75 5 5 8 2 0 74 149 88 2 3 74 169 1 0 0 0 1 2 34 2 39 39 3 1 0 5 5 0 3 3 13 0 0 3 0 29 34 2 2 5 14 4 1 0 4 0 0 0 0 0 5 33 0 0 0 3 0 29 0 0 10 33 43 13 0 0 0 11 15 0 0 0 7 29 9 1 0 0 15 18 19 14 0 0 40 26 12 0 12 0 26 3 0 2 0 0 0 0 0 0 0 0 0 0 0 0 0 0 2 0 2 0 0 0 0 0 0 0 0 16 0 0 0 0 0 0 0 1 0 0 0 1 0 0 0 22 64 6 0 0 35 11 0 9 0 0 0 12 0 2 0 0 1 0 1 0 21 0 39 13 8 0 14 0 0 0 0 0 17 1 10 55 0 0 0 1 0 0 0 0 0 0 0 0 0 0 0 0 1 0 0 0 0 0 0 0 0 0 0 0 0 0 0 0 0 2 0 0 0 0 0 20 0 14 0 0 0 0 1 0 0 87 0 9 0 9 6 0 0 0 0 0 0 0 0 0 0 0 0 0 0 0 0 0 0 0 0 13 20 0 0 0 0 0 0 0 0 0 0 0 0 0 
 317 173 84 336 70 33 0 260 165 63 343 29 195 262 53 27 120 111 266 320 2 0 0 2 0 0 1 2 1 2 2 1 1 1 0 0 0 0 0 0 0 0 0 0 0 0 0 0 0 3 0 0 3 3 3 0 82 0 0 68 0 0 0 0 3 2 0 0 0 2 3 0 0 0 7 0 0 0 2 0 0 0 10 11 0 20 14 34 0 12 0 39 17 6 35 9 26 35 1 0 1 0 0 0 0 0 0 0 0 0 0 0 70 0 0 0 0 0 19 0 0 0 0 0 0 0 0 0 0 6 2 0 0 0 0 0 0 0 0 0 0 0 0 0 0 0 0 15 14 0 0 0 2 0 0 0 0 21 0 0 23 87 15 10 0 22 8 10 0 0 0 10 35 17 7 7 15 14 0 19 0 0 0 0 0 0 0 0 0 0 0 0 0 0 0 0 0 0 0 0 0 0 0 0 0 0 0 0 0 0 0 0 0 0 0 0 0 0 0 0 0 0 0 0 0 0 0 0 0 0 0 0 0 0 0 0 0 0 0 0 0 1 0 0 0 0 182 0 0 0 0 8 0 0 0 0 0 0 1 0 0 0 0 0 0 0 0 0 0 0 0 0 0 0 0 11 0 0 0 0 0 0 0 0 0 0 0 0 0 0 
 130 75 170 164 58 28 260 0 157 31 125 39 354 120 15 272 51 20 261 240 1 0 0 2 1 2 0 2 0 2 2 0 0 0 0 0 0 0 0 0 0 0 0 51 0 0 0 0 0 0 0 7 1 3 3 0 3 0 3 0 4 0 0 0 3 0 0 0 0 2 0 0 0 0 0 10 0 0 0 0 6 14 28 7 0 70 9 10 0 0 18 0 14 10 9 17 14 0 0 0 0 0 0 0 0 0 0 0 0 0 0 1 0 2 0 1 0 0 11 0 0 0 0 0 0 0 0 0 0 0 0 2 0 0 0 0 0 0 19 2 0 0 0 0 0 0 0 0 0 0 0 0 0 0 0 0 0 3 0 0 22 23 47 15 20 11 0 17 8 50 0 1 0 27 11 10 0 14 0 0 0 0 0 0 0 0 0 0 0 0 0 0 0 0 0 0 0 0 0 0 2 0 0 0 0 0 0 0 9 0 0 0 0 0 0 0 0 16 0 0 0 0 1 0 0 0 0 0 0 0 0 0 0 0 20 1 0 0 0 0 0 27 0 0 0 0 157 0 0 0 0 12 0 0 0 0 0 0 0 0 0 0 0 0 0 0 0 0 0 0 0 0 0 0 0 9 0 0 0 0 0 0 0 0 0 0 0 0 0 0 
 40 222 248 256 89 138 165 157 0 103 209 96 82 104 268 148 271 283 195 284 3 1 0 2 0 0 3 5 4 4 5 2 0 0 3 3 0 4 2 3 0 3 3 4 0 2 2 0 0 5 3 0 0 13 3 5 3 8 30 4 0 0 0 0 3 0 0 0 0 2 0 0 2 0 0 0 0 0 0 1 10 23 17 20 37 55 0 12 25 19 0 62 0 0 23 20 14 0 0 12 7 0 1 0 1 0 0 0 37 0 0 0 10 1 2 0 0 0 36 57 0 0 2 0 0 2 0 11 0 0 0 0 0 0 0 0 0 0 0 0 0 1 0 1 0 0 0 0 0 0 0 0 0 0 0 0 1 0 0 0 0 0 9 35 18 12 8 1 21 19 40 11 0 13 0 7 8 10 0 0 0 0 0 0 0 0 0 0 0 0 0 0 8 13 1 0 0 0 8 21 0 0 0 0 7 0 0 0 0 0 0 0 0 0 0 0 0 0 0 0 0 0 0 0 0 0 1 0 0 0 0 0 0 0 1 0 0 0 0 0 0 0 0 0 0 0 0 2 87 4 13 18 1 0 0 0 0 0 0 0 0 0 0 0 0 0 2 0 0 0 0 0 0 0 0 0 9 9 0 0 0 0 0 0 0 0 0 0 0 0 
 150 147 155 106 498 64 63 31 103 0 411 125 253 71 198 127 377 227 125 278 0 0 0 4 0 23 15 75 2 2 3 0 0 0 73 3 0 2 0 0 2 0 0 0 2 0 0 0 0 0 3 0 3 3 3 0 6 0 0 0 8 0 0 0 3 0 25 0 0 2 1 0 4 0 0 0 0 0 0 0 0 13 20 25 28 14 0 29 4 29 10 19 0 0 19 6 9 48 1 0 26 0 0 0 0 0 0 74 18 0 2 0 30 18 0 0 12 0 0 27 2 0 0 0 0 0 0 0 0 0 0 0 0 0 0 0 0 0 0 0 0 0 0 0 0 0 0 0 0 1 0 0 0 2 0 0 0 0 0 0 9 15 9 32 0 0 7 8 13 0 14 8 0 28 9 22 15 18 0 0 0 0 0 0 0 2 2 0 0 0 0 0 8 0 1 0 0 0 20 0 0 0 0 55 0 0 1 0 0 0 0 0 0 10 0 0 0 0 0 2 0 0 0 0 0 0 0 0 0 0 0 0 0 0 0 0 0 0 0 0 0 0 0 0 0 0 0 2 3 89 9 167 0 0 0 0 0 0 0 0 0 0 0 0 0 0 0 0 0 0 0 0 0 0 0 0 18 12 0 0 0 0 0 0 0 0 0 0 0 0 
 45 51 517 172 172 301 343 125 209 411 0 62 37 148 76 251 253 31 249 113 1 82 0 6 0 0 4 2 7 4 5 3 0 2 0 0 0 0 1 72 1 1 9 2 0 1 1 0 1 0 6 0 0 3 4 0 3 9 9 1 6 53 0 0 10 0 0 0 9 4 1 0 5 0 0 2 0 0 0 0 9 50 11 28 0 27 13 11 20 11 44 50 0 0 18 11 14 11 0 0 0 0 14 0 2 0 15 0 10 0 0 0 26 10 0 0 0 0 4 0 0 0 0 0 32 0 0 0 0 0 0 0 0 0 0 0 0 0 0 0 0 0 0 0 0 0 0 0 0 0 0 0 0 0 0 0 2 16 1 3 9 17 12 0 36 0 4 19 5 10 0 17 0 26 0 11 19 1 7 9 0 0 0 0 0 0 0 0 1 0 0 0 4 0 0 1 1 0 16 23 0 0 1 0 0 0 0 0 9 0 0 0 0 0 0 0 0 0 8 0 0 0 0 0 0 0 2 0 0 0 0 0 0 0 0 0 0 0 0 0 0 14 0 0 0 4 4 0 5 88 8 16 12 0 0 0 0 0 0 0 0 1 0 0 0 0 1 0 0 0 0 0 0 0 0 23 14 0 0 0 0 0 0 0 0 0 0 0 0 0 
 86 135 258 71 162 159 29 39 96 125 62 0 44 36 166 266 210 199 28 131 0 0 0 3 0 0 1 75 0 3 2 1 80 74 73 110 2 0 151 153 2 0 0 0 0 1 0 0 1 1 0 0 0 3 3 0 3 0 0 0 0 0 0 0 3 0 0 0 0 2 3 0 0 0 0 0 0 0 0 0 0 4 14 0 10 20 0 13 18 26 0 16 0 0 30 10 14 0 0 0 9 31 10 0 0 0 22 50 13 0 0 0 29 32 11 0 9 0 23 5 0 1 0 0 0 0 0 0 0 0 0 0 0 0 0 0 1 0 17 0 0 0 0 0 0 0 0 0 0 0 0 2 0 0 0 2 0 0 0 0 0 15 10 16 6 23 0 0 17 1 1 10 0 0 10 11 0 18 0 0 8 10 1 8 0 0 23 2 14 0 0 0 13 1 14 0 1 14 0 27 0 0 0 2 0 0 0 0 0 0 0 0 0 0 0 0 3 0 0 0 0 0 0 0 0 0 0 0 0 0 0 0 0 1 0 0 0 0 0 0 0 0 0 0 0 0 2 2 6 92 0 5 1 2 0 0 0 0 0 0 0 0 0 0 0 0 0 0 0 0 0 0 0 0 0 0 20 21 0 0 0 0 0 0 0 0 0 0 0 0 
 307 44 266 283 76 26 195 354 82 253 37 44 0 176 53 321 344 41 238 313 3 0 0 2 2 3 0 2 3 5 6 47 4 0 0 1 0 2 0 0 0 0 0 3 3 6 0 10 0 1 0 0 2 3 3 0 3 0 0 1 3 0 0 2 3 0 3 2 3 2 3 0 3 0 2 8 0 0 0 2 7 19 13 10 0 0 14 10 0 1 25 0 0 6 14 0 16 0 0 1 0 1 0 0 0 0 0 0 0 0 0 0 2 0 0 0 0 2 0 2 0 0 0 0 2 5 12 0 0 0 0 0 0 0 0 1 0 0 0 0 0 0 0 0 0 0 0 0 0 0 0 0 0 0 0 0 0 4 0 0 22 30 17 0 10 0 0 0 10 0 0 1 0 29 18 11 0 8 1 16 0 0 0 0 0 0 0 0 0 0 0 0 0 0 0 1 0 0 0 0 0 0 0 0 0 0 0 0 0 0 0 0 0 0 0 0 16 0 0 0 0 0 0 0 0 0 0 0 0 0 0 0 0 0 0 0 0 0 0 0 0 0 0 0 0 3 5 0 2 0 0 8 0 0 0 0 0 0 0 0 0 0 0 0 0 0 0 0 0 0 0 0 0 0 0 11 0 0 0 0 0 0 0 0 0 0 0 0 0 0 
 224 64 278 261 83 124 262 120 104 71 148 36 176 0 165 216 27 250 212 353 0 0 0 2 2 0 0 2 3 75 3 0 0 0 0 0 0 0 0 0 0 0 0 0 0 0 0 0 0 0 0 0 0 3 66 0 3 0 0 0 0 0 0 0 3 0 0 0 0 2 0 0 0 0 0 4 0 0 0 0 0 1 1 9 7 10 2 28 18 2 24 10 0 34 0 18 1 1 15 20 0 0 0 0 2 0 0 0 0 0 0 0 0 0 2 0 0 0 12 22 0 0 0 0 0 0 0 0 0 0 0 0 0 0 0 0 0 0 0 0 0 1 0 1 0 0 0 0 0 0 0 0 0 0 0 0 1 16 0 0 21 12 19 9 0 10 14 12 1 22 0 4 0 27 0 10 2 8 1 29 0 0 0 0 0 0 0 0 0 0 0 0 1 0 0 0 0 0 4 13 0 0 0 1 0 0 0 0 0 0 0 0 0 0 20 0 0 0 1 0 0 0 0 0 0 0 0 0 0 0 0 0 0 0 1 0 0 0 0 0 0 13 0 0 0 2 137 0 90 1 2 11 0 0 0 0 0 0 0 0 0 0 0 0 0 0 2 0 0 0 0 0 0 0 0 7 0 0 0 0 0 0 0 0 0 0 0 0 0 0 
 137 225 27 85 167 42 53 15 268 198 76 166 53 165 0 153 288 252 108 101 3 0 0 207 0 0 0 2 2 2 2 0 0 2 0 0 0 0 3 2 0 0 0 3 2 0 0 0 0 0 3 0 16 3 6 0 3 0 40 3 2 0 0 0 5 0 1 0 3 2 0 0 2 0 0 0 1 0 0 0 38 26 35 0 55 21 1 56 64 50 0 50 0 0 18 41 28 16 10 29 11 0 0 0 0 0 0 10 0 0 0 0 0 0 0 0 0 0 26 25 0 0 0 0 0 0 0 0 0 0 0 0 0 0 0 0 0 0 12 0 0 0 0 0 2 0 0 0 0 0 0 0 0 0 0 0 0 0 0 0 0 11 1 12 0 1 8 0 35 0 0 29 0 12 7 10 12 15 0 0 0 0 0 0 0 0 13 0 0 0 0 0 0 0 0 6 0 0 1 7 0 0 0 0 0 0 0 0 0 0 0 0 0 0 0 0 0 0 2 0 0 0 0 0 2 0 0 0 0 0 0 0 0 0 0 0 0 2 0 0 0 0 0 0 0 0 1 0 87 2 1 26 0 0 0 0 0 0 0 0 0 0 13 0 0 0 0 0 0 0 0 0 0 0 0 0 0 15 0 0 0 0 0 0 0 1 0 0 0 0 
 193 134 456 269 76 182 27 272 148 127 251 266 321 216 153 0 249 65 66 344 0 0 0 2 0 0 0 2 2 2 2 74 0 0 0 0 0 0 0 0 0 0 0 0 0 0 0 0 0 0 0 0 0 3 3 0 3 0 7 0 0 0 0 0 3 0 0 0 0 2 8 0 1 0 0 3 0 58 0 0 11 22 21 15 25 35 7 0 11 31 24 20 0 14 10 23 1 0 14 0 17 0 0 0 0 0 0 0 16 0 0 0 0 0 0 0 0 0 2 3 0 0 0 0 0 0 0 0 0 0 0 0 0 0 14 0 0 0 0 0 0 0 0 0 0 0 1 0 0 0 0 0 0 0 0 0 3 0 0 0 9 20 44 9 13 0 0 2 40 0 0 9 0 1 7 35 1 49 0 0 0 0 0 0 2 0 0 0 0 0 0 0 1 1 0 0 0 0 11 29 0 0 0 0 0 0 1 0 0 0 0 0 0 0 1 0 0 2 0 0 0 0 0 0 0 0 0 0 0 0 0 0 9 0 0 0 0 0 0 0 0 0 0 0 0 0 0 0 2 2 1 8 0 0 0 0 0 0 0 0 1 0 0 0 0 0 0 0 0 0 0 0 0 0 0 1 0 16 0 0 0 0 0 0 0 0 0 0 0 0 
 121 42 185 136 143 69 120 51 271 377 253 210 344 27 288 249 0 213 126 344 0 3 2 0 0 2 74 4 0 0 2 0 0 0 0 5 2 2 0 0 4 0 0 0 4 0 0 0 0 0 6 1 6 2 40 0 6 1 3 0 0 0 0 3 0 0 0 0 0 0 75 0 8 0 0 0 3 0 0 0 11 4 11 21 28 27 0 17 36 42 12 31 0 1 41 10 8 28 0 0 10 0 16 0 0 13 0 0 19 0 0 0 10 0 0 0 0 0 3 23 0 0 2 0 0 1 0 0 1 0 0 0 0 0 0 0 0 0 14 0 0 0 2 0 0 0 0 0 0 0 0 0 24 0 0 0 0 0 0 0 12 30 10 15 18 0 0 15 21 0 20 13 0 0 18 22 0 31 0 0 0 2 0 0 0 0 4 0 0 0 0 0 0 1 0 0 0 0 10 7 0 0 0 0 0 0 0 0 0 0 0 0 0 0 0 0 0 0 0 0 0 0 0 0 0 0 0 0 0 0 0 0 0 0 0 0 0 0 0 0 0 0 0 0 0 1 3 0 1 1 0 9 0 0 0 0 4 0 0 0 0 0 0 0 0 0 1 0 0 1 0 0 0 0 0 0 0 20 0 0 0 0 0 0 0 0 0 0 0 0 
 29 183 132 27 280 58 111 20 283 227 31 199 41 250 252 65 213 0 17 42 0 3 207 2 3 3 60 79 1 5 78 0 1 1 76 0 2 2 31 75 3 2 3 0 0 3 0 0 33 0 3 0 0 3 3 0 3 2 3 0 2 2 3 0 5 0 1 0 3 3 3 0 6 0 0 0 2 0 0 0 0 0 0 14 98 2 0 4 22 39 0 12 0 0 7 0 38 24 1 0 37 19 0 0 0 0 0 21 50 0 1 0 26 13 0 0 10 0 19 22 1 0 0 0 8 0 0 0 0 2 2 0 0 0 0 13 0 0 19 0 0 0 0 0 0 0 17 0 0 2 0 0 0 1 0 0 0 0 0 0 0 23 0 29 20 0 0 0 35 0 21 11 0 0 5 11 23 5 0 0 0 15 0 0 7 1 43 10 0 0 0 0 3 2 15 0 0 0 17 1 0 0 0 0 0 0 2 0 0 0 0 0 0 0 8 0 0 0 0 11 23 0 0 0 0 0 0 0 0 0 0 0 0 0 0 0 0 0 0 0 0 0 0 0 0 0 0 2 0 89 1 16 0 0 1 0 1 0 0 0 0 0 19 0 0 0 0 0 0 0 0 0 0 0 0 0 29 0 0 0 0 0 0 0 0 0 0 0 0 0 
 158 42 34 357 106 65 266 261 195 125 249 28 238 212 108 66 126 17 0 118 0 0 0 3 0 3 0 6 58 2 6 0 3 2 0 3 3 0 0 0 0 0 3 1 0 0 0 0 0 0 0 0 2 3 3 0 3 4 63 0 0 1 0 7 3 0 3 0 30 2 0 0 0 0 0 18 0 0 0 3 10 2 0 0 0 0 23 0 0 0 9 0 10 11 0 0 0 0 10 20 0 0 0 0 0 0 0 0 0 0 0 0 0 0 0 0 0 0 0 0 0 0 0 0 0 0 0 0 0 0 0 0 0 0 0 0 0 0 0 0 0 8 0 0 0 0 0 0 8 0 0 5 0 0 0 0 0 0 0 0 20 22 0 0 0 0 0 0 0 2 0 0 30 8 16 11 7 9 76 14 0 0 0 0 0 0 0 0 0 0 0 0 0 0 0 0 0 0 0 0 0 0 0 0 0 0 0 0 0 0 0 0 0 0 0 0 0 0 0 0 0 0 22 0 0 0 0 0 0 0 0 0 0 0 0 5 0 0 0 0 0 0 0 0 0 0 1 0 2 0 1 3 0 0 0 0 0 0 0 0 0 0 27 0 0 0 0 0 0 0 0 0 0 0 0 0 0 0 0 0 0 0 0 0 0 0 0 0 0 0 
 229 57 144 262 68 120 320 240 284 278 113 131 313 353 101 344 344 42 118 0 2 0 0 2 0 0 0 2 77 4 4 3 0 0 74 0 0 0 0 0 0 0 0 0 0 0 0 0 0 0 0 0 0 3 3 0 3 0 1 0 0 0 0 0 5 0 0 0 0 2 1 0 2 0 0 0 0 0 0 0 0 18 30 12 19 10 0 10 9 12 22 0 0 10 31 19 15 16 8 4 0 0 0 0 0 0 0 0 0 0 0 0 0 0 0 0 0 0 12 11 0 1 0 0 0 0 0 0 0 0 0 0 0 0 0 0 1 0 1 0 0 0 0 0 0 21 0 0 0 0 0 2 0 0 0 2 0 0 0 0 8 23 45 14 0 10 20 38 4 29 0 3 0 10 0 23 54 52 0 0 0 0 0 0 0 0 0 0 0 0 0 0 17 0 0 0 1 0 0 0 0 0 23 0 1 16 0 0 0 11 0 0 0 0 0 0 2 0 0 0 0 0 0 0 0 16 0 0 0 0 0 0 0 1 0 0 0 0 0 0 0 15 0 0 0 5 62 2 2 0 11 8 0 2 0 0 0 0 0 2 0 0 0 0 0 0 0 0 0 0 0 0 0 1 0 0 16 15 0 0 0 0 0 0 0 0 0 0 0 0 
 0 0 0 1 0 3 2 1 3 0 1 0 3 0 3 0 0 0 0 2 0 161 276 54 53 25 371 217 553 27 131 125 181 169 123 309 77 117 170 63 2 7 3 0 0 1 0 0 0 1 3 0 3 3 0 3 3 0 35 2 0 3 0 0 0 0 0 0 57 3 0 0 0 3 3 0 3 2 0 0 0 0 0 1 0 1 0 0 0 0 1 0 9 0 0 0 0 0 0 0 22 10 9 4 28 0 1 11 1 35 31 0 0 21 10 22 36 9 0 0 15 0 0 0 0 0 0 0 0 0 0 0 9 0 0 0 0 2 15 0 0 0 0 0 0 10 4 0 0 0 0 0 0 0 4 0 0 0 0 0 0 0 0 0 0 0 0 0 0 0 5 1 0 0 0 0 0 0 0 0 24 0 32 13 20 1 8 12 17 17 32 2 11 45 20 23 41 32 1 0 0 0 0 0 0 0 8 0 0 0 0 0 0 0 0 0 0 0 19 0 0 0 0 0 0 0 0 0 0 0 0 0 0 0 0 0 9 0 0 0 0 0 0 0 0 0 0 0 0 1 0 0 0 0 3 0 0 3 81 2 27 15 0 0 0 0 0 0 0 0 0 0 0 0 0 1 0 0 0 0 0 27 0 0 0 12 0 0 0 0 
 0 0 0 93 76 22 0 0 1 0 82 0 0 0 0 0 3 3 0 0 161 0 248 354 27 30 143 186 204 116 390 289 423 46 158 714 27 365 154 115 2 2 3 0 0 0 0 1 0 1 4 204 3 4 0 5 3 5 0 0 0 3 0 0 5 0 0 0 9 3 0 0 0 0 3 0 3 2 0 0 0 0 0 0 0 0 0 0 0 0 0 17 1 0 0 0 0 7 0 0 0 11 13 26 20 3 20 0 0 33 0 12 14 18 0 35 26 10 0 0 0 0 0 0 0 9 13 0 0 0 0 0 0 0 0 0 0 0 0 7 0 0 0 0 2 0 6 0 0 0 0 0 0 0 5 0 0 0 0 0 0 0 0 0 23 0 0 0 0 0 14 9 1 0 0 0 0 0 0 0 0 23 1 15 0 0 0 10 23 16 60 9 0 22 20 11 31 19 0 0 0 0 0 0 0 0 8 11 0 0 0 0 0 0 0 0 0 0 2 2 0 0 0 0 0 0 0 0 0 0 0 0 0 0 0 0 0 0 0 0 0 0 0 0 0 0 0 0 0 0 0 0 0 0 5 2 0 5 159 1 19 17 0 0 0 0 0 0 0 0 0 0 0 0 0 11 0 0 0 6 0 0 0 0 0 0 0 0 0 0 
 0 0 0 0 0 1 0 0 0 0 0 0 0 0 0 0 2 207 0 0 276 248 0 161 39 30 139 516 381 61 53 266 263 258 216 86 176 92 33 178 2 10 3 0 0 0 0 0 0 1 2 5 3 3 0 3 4 0 0 2 0 4 0 0 0 0 0 0 0 3 0 0 0 12 3 0 4 2 0 0 0 0 0 0 0 0 0 0 0 0 0 1 0 0 0 0 0 0 0 0 18 0 1 1 8 0 18 0 0 14 9 40 0 0 21 58 63 24 0 0 1 0 0 1 0 0 0 45 0 0 0 0 3 0 0 0 0 0 1 0 0 0 0 0 0 2 6 0 0 0 0 0 0 0 4 0 0 0 0 0 0 0 0 0 0 6 0 0 0 0 0 0 0 0 0 0 0 0 0 0 5 12 41 24 17 1 0 10 3 17 32 0 0 41 31 1 39 21 0 0 0 0 0 0 0 8 0 0 0 0 0 0 0 0 0 0 0 0 42 19 0 0 0 0 0 0 0 0 0 0 0 0 0 0 0 0 0 0 0 0 0 25 0 0 0 0 0 0 0 0 0 0 0 0 11 0 2 79 158 3 22 11 0 0 0 0 22 2 0 0 0 0 0 0 0 0 0 0 0 0 0 26 0 0 1 13 13 0 0 0 
 4 2 2 2 4 5 2 2 2 4 6 3 2 2 207 2 0 2 3 2 54 354 161 0 132 207 248 59 117 338 85 66 451 179 68 160 115 355 148 77 64 62 3 0 0 0 0 64 3 2 3 0 4 3 63 3 3 0 63 128 0 3 0 0 0 0 0 0 0 3 0 0 0 0 3 0 3 2 0 1 0 0 0 0 0 1 0 0 0 0 0 0 0 0 0 0 0 0 0 0 12 10 0 43 0 23 10 1 25 0 42 12 0 0 0 18 0 0 0 0 1 0 1 0 0 0 1 0 0 0 0 0 1 30 0 14 0 1 19 12 0 0 0 0 0 0 6 2 0 0 0 0 0 0 20 0 0 0 0 0 0 0 0 0 0 0 0 0 0 0 0 0 1 0 0 1 0 0 2 1 21 8 26 9 34 14 12 7 9 17 2 1 2 0 0 13 1 12 0 6 18 15 9 0 0 0 1 19 0 2 0 0 36 8 0 0 0 12 18 0 0 0 0 0 0 0 0 0 0 0 0 0 0 0 0 0 1 0 0 0 0 0 1 0 0 0 0 0 0 0 0 0 0 0 5 0 2 94 0 0 0 16 1 0 0 0 0 0 0 0 0 0 0 0 0 0 0 0 0 0 0 0 0 0 0 0 0 0 0 0 
 0 0 0 0 0 1 0 1 0 0 0 0 2 2 0 0 0 3 0 0 53 27 39 132 0 333 119 218 89 241 128 70 89 69 158 278 119 253 279 74 2 0 73 0 0 1 0 63 0 69 3 6 3 73 83 3 3 62 92 123 0 3 0 0 0 0 0 0 0 3 0 0 0 7 3 0 3 2 0 0 0 0 0 0 0 0 0 8 0 0 0 0 0 0 0 0 0 0 0 0 12 0 15 13 17 23 0 0 0 2 0 16 0 0 1 19 10 25 0 0 32 21 52 0 0 0 15 10 18 10 10 0 38 15 27 0 0 0 22 23 0 0 0 0 0 2 0 0 0 0 0 0 0 0 0 0 0 0 0 0 0 0 0 0 0 0 0 1 1 0 2 0 0 0 0 0 0 0 0 0 0 0 27 0 15 2 0 10 0 10 12 17 0 6 11 0 9 0 0 0 0 0 49 0 0 0 22 0 12 0 0 11 20 35 22 10 0 27 37 15 0 0 0 0 0 0 0 0 0 0 0 0 0 0 0 0 0 0 0 0 0 0 0 0 0 0 0 0 0 0 0 0 0 0 0 2 0 9 2 0 5 0 0 0 0 0 0 0 0 0 0 0 0 0 0 0 0 0 0 0 0 12 39 0 0 0 0 0 0 0 
 0 0 0 0 2 1 0 2 0 23 0 0 3 0 0 0 2 3 3 0 25 30 30 207 333 0 104 207 284 170 242 136 60 322 183 276 52 326 63 43 23 0 65 0 62 4 0 54 88 0 3 0 3 3 78 3 3 3 0 0 0 3 0 0 0 0 0 0 0 3 41 0 0 3 3 0 3 2 0 0 2 0 0 0 0 0 0 0 0 0 1 0 0 0 0 0 0 11 0 0 10 10 31 9 12 1 2 1 0 0 25 0 0 0 0 25 10 21 0 0 0 0 27 16 0 0 37 11 0 7 0 0 28 0 0 33 0 0 9 18 0 0 0 0 0 0 0 0 0 11 0 0 0 0 0 0 1 0 0 0 0 0 0 0 0 0 0 0 2 0 0 0 0 0 0 0 0 0 4 0 7 2 16 0 0 47 0 7 0 53 13 6 1 28 9 0 0 0 0 1 50 0 0 0 0 0 7 28 0 0 0 6 18 10 20 15 0 0 11 0 0 0 0 0 0 0 1 0 0 0 0 0 0 0 0 0 0 0 0 0 0 0 10 0 0 0 0 0 0 0 0 0 0 0 0 0 1 6 0 0 1 1 0 0 0 0 0 0 0 0 0 0 0 0 0 0 0 0 0 8 0 0 0 0 0 0 0 0 0 0 
 0 0 72 0 60 0 1 0 3 15 4 1 0 0 0 0 74 60 0 0 371 143 139 248 119 104 0 179 140 130 110 65 526 292 119 97 188 47 287 210 4 0 3 5 0 0 0 62 0 0 3 0 3 3 0 3 4 0 0 0 0 3 0 0 0 0 0 0 0 3 0 1 0 3 3 0 3 2 0 0 0 0 0 12 28 0 0 0 0 0 0 0 0 0 0 0 0 0 0 0 12 7 0 7 5 0 37 0 24 5 1 22 11 16 16 12 55 0 0 6 0 0 0 0 0 0 0 0 0 0 0 0 0 0 0 0 0 0 0 0 1 0 0 0 0 0 0 0 0 0 0 0 0 0 8 0 0 0 0 0 0 0 0 0 1 0 0 0 0 0 6 0 0 0 0 0 1 0 2 15 29 23 16 14 0 11 22 9 0 10 21 0 0 32 60 8 38 14 0 13 0 0 0 0 2 0 1 0 0 16 0 0 0 0 0 0 0 0 1 1 0 0 15 0 0 1 0 0 0 0 0 0 0 0 0 0 0 0 0 0 0 0 0 0 0 0 0 0 0 0 0 0 0 0 0 0 0 154 90 4 32 3 0 0 0 0 0 0 0 0 0 2 0 0 0 0 0 0 0 0 0 0 0 0 0 10 0 0 0 0 
 2 2 2 2 18 75 2 2 5 75 2 75 2 2 2 2 4 79 6 2 217 186 516 59 218 207 179 0 251 150 65 118 143 558 83 188 119 38 279 30 2 0 3 0 0 0 0 0 5 2 3 0 3 3 0 3 3 0 63 1 0 3 0 40 0 0 0 0 0 3 0 0 0 3 3 0 3 3 1 0 0 0 0 0 1 0 0 0 0 3 23 0 10 0 0 0 0 0 0 0 1 5 0 8 23 12 0 9 0 30 40 14 12 15 13 6 18 9 0 11 9 0 0 0 0 0 0 0 0 0 0 0 0 1 0 0 0 0 17 0 0 1 0 0 11 5 0 0 0 0 0 2 0 0 0 0 0 0 0 0 0 0 0 0 0 0 0 0 0 0 0 0 0 0 0 0 0 0 0 0 8 17 20 12 38 29 2 5 1 19 18 12 0 22 14 2 34 12 14 0 0 0 0 0 0 0 8 14 0 0 0 0 18 0 0 0 0 0 6 0 0 0 0 0 0 0 0 0 0 0 2 0 0 0 0 0 0 0 0 0 0 0 0 0 0 0 0 0 0 63 0 0 0 0 4 2 2 0 1 1 0 0 0 0 0 0 7 0 0 0 0 0 0 0 0 0 8 0 0 0 0 12 0 0 0 16 10 0 0 0 
 1 1 2 0 0 5 1 0 4 2 7 0 3 3 2 2 0 1 58 77 553 204 381 117 89 284 140 251 0 373 66 42 290 433 560 284 254 254 167 71 2 11 3 3 2 0 0 0 0 5 7 0 3 7 0 5 6 2 0 0 0 3 0 6 3 3 0 0 0 3 1 3 0 3 3 0 13 7 0 0 0 0 0 0 0 0 0 0 0 1 0 0 1 0 0 0 0 0 0 0 13 5 17 30 0 2 29 0 0 12 0 31 0 0 15 58 12 0 0 0 0 0 0 0 0 0 0 11 0 0 0 0 0 38 0 0 0 0 0 0 0 0 0 0 2 11 4 0 0 0 0 0 0 1 5 0 1 0 0 0 1 0 0 0 0 0 0 0 0 0 0 0 0 0 0 0 0 0 0 0 10 7 12 55 14 0 9 43 14 10 13 8 17 72 0 27 7 4 0 16 0 0 0 0 0 0 1 0 0 1 0 0 7 0 0 0 12 0 20 10 0 19 13 0 0 0 0 0 0 0 0 0 0 0 0 6 0 0 0 0 0 0 0 0 0 0 0 0 0 0 0 0 0 0 0 19 0 7 43 0 2 15 0 0 0 0 7 0 2 0 0 0 0 0 0 0 0 0 0 0 0 0 0 0 0 44 9 0 0 0 
 2 2 2 5 2 5 2 2 4 2 4 3 5 75 2 2 0 5 2 4 27 116 61 338 241 170 130 150 373 0 236 38 65 228 249 186 98 98 145 87 2 0 3 3 0 4 0 0 4 2 3 0 5 68 3 3 6 0 71 58 3 2 3 5 0 0 5 2 0 3 0 3 0 30 6 0 37 3 3 5 0 0 0 0 0 0 0 0 0 0 0 0 0 0 0 0 0 0 0 0 10 37 69 10 28 26 10 0 2 8 43 0 0 0 1 43 17 44 0 0 0 1 0 0 0 0 14 0 0 0 0 0 0 0 0 0 0 0 10 0 0 0 4 0 0 3 0 25 0 0 0 0 0 0 0 0 0 0 0 0 0 0 0 0 0 0 0 0 0 0 0 0 0 0 0 0 0 0 0 0 9 7 38 36 0 35 17 28 17 2 30 26 3 6 17 0 15 3 0 24 21 0 13 0 0 0 7 12 14 0 0 0 7 0 39 17 0 0 20 1 0 0 0 0 0 0 0 0 0 0 0 0 0 0 0 0 0 0 0 0 0 0 0 0 0 2 0 0 0 0 0 0 0 0 3 0 0 3 2 0 3 1 0 0 0 0 0 0 0 0 0 0 0 0 0 0 0 0 0 7 0 0 0 0 0 0 20 0 0 0 
 2 2 2 2 2 8 2 2 5 3 5 2 6 3 2 2 2 78 6 4 131 390 53 85 128 242 110 65 66 236 0 135 390 236 87 128 139 127 126 362 2 62 4 0 0 0 0 0 5 2 42 0 3 67 3 3 3 0 0 62 0 3 36 0 0 0 0 0 0 3 0 0 0 3 3 0 3 2 0 0 0 6 0 0 0 0 0 0 0 0 0 0 0 0 0 0 0 0 0 1 13 19 0 22 10 12 0 0 23 10 46 0 0 0 0 9 18 0 0 0 0 20 1 0 0 0 5 0 14 0 0 0 2 20 0 0 0 26 9 0 0 0 0 0 3 0 0 0 0 0 0 0 0 0 0 0 2 0 0 0 0 0 0 0 0 0 0 2 0 0 0 0 0 0 0 0 0 0 0 0 18 35 12 12 0 29 7 32 0 10 20 12 2 34 22 0 18 27 0 15 0 0 13 27 0 0 8 36 0 0 0 1 0 1 14 17 0 0 15 11 0 0 0 0 0 0 0 0 0 0 0 0 0 0 0 0 0 0 0 0 0 0 0 0 0 0 0 0 0 0 0 0 0 0 5 0 2 47 78 0 18 2 0 0 0 0 0 0 0 0 0 0 0 0 0 0 0 0 0 13 0 0 0 0 0 0 0 0 0 0 
 2 0 0 0 0 2 1 0 2 0 3 1 47 0 0 74 0 0 0 3 125 289 266 66 70 136 65 118 42 38 135 0 117 46 47 331 79 311 21 110 64 0 3 61 0 0 0 22 3 2 4 71 3 132 0 3 3 0 0 3 48 3 0 0 0 0 0 0 0 3 0 0 0 3 3 0 7 3 0 0 0 0 0 0 0 0 0 0 0 0 0 0 0 0 0 1 0 0 0 0 0 1 3 24 22 17 0 0 0 21 94 0 0 0 9 0 52 1 0 0 17 19 0 0 0 0 7 1 0 0 0 0 9 35 0 2 0 19 13 0 0 0 0 0 0 0 0 0 0 0 0 0 0 0 0 0 0 0 0 0 0 0 0 0 0 0 0 1 0 0 0 0 0 0 0 0 0 0 0 0 14 30 10 16 27 23 22 0 0 73 44 9 0 38 35 16 19 32 0 0 27 0 12 16 0 0 20 29 0 8 0 0 34 0 14 22 15 0 15 12 0 1 0 0 0 0 0 0 0 0 0 0 0 0 0 2 0 0 0 15 0 0 4 0 0 0 0 0 0 0 0 0 0 0 2 0 0 1 74 0 24 8 0 0 0 0 0 1 0 0 0 0 0 0 0 0 0 0 0 0 1 0 0 0 0 30 0 0 0 0 
 1 1 0 1 0 0 1 0 0 0 0 80 4 0 0 0 0 1 3 0 181 423 263 451 89 60 526 143 290 65 390 117 0 446 118 205 106 97 227 209 3 3 6 0 0 4 3 1 3 2 2 0 3 3 3 5 3 1 0 0 0 5 0 2 3 0 0 0 9 3 3 2 0 3 3 0 5 8 0 0 0 31 0 0 0 9 0 0 0 0 0 0 0 0 0 0 0 0 0 0 0 20 0 7 11 2 33 28 13 0 9 16 0 9 18 58 17 0 0 0 0 0 0 0 0 0 0 0 0 0 0 0 0 0 0 0 0 13 0 0 0 0 0 0 0 0 0 0 0 0 0 0 0 1 5 0 0 0 0 0 0 0 0 0 0 34 0 0 0 0 0 0 0 1 0 0 0 0 0 0 40 24 1 16 0 0 12 10 23 15 18 0 32 7 13 20 45 37 0 12 0 0 0 0 0 0 0 0 0 0 0 0 0 0 2 0 0 0 0 0 0 0 0 0 0 0 0 0 0 18 0 0 0 0 0 0 0 0 0 0 0 0 0 0 0 0 0 0 0 0 0 0 0 0 3 12 0 151 1 0 15 0 0 0 0 0 0 0 0 0 0 0 0 0 2 0 0 0 0 0 0 0 0 0 0 0 0 0 0 0 
 0 0 0 0 1 74 1 0 0 0 2 74 0 0 2 0 0 1 2 0 169 46 258 179 69 322 292 558 433 228 236 46 446 0 92 133 246 276 218 80 2 5 13 1 0 0 0 0 0 6 6 0 3 3 0 8 3 0 0 5 0 3 0 0 0 0 0 0 1 3 0 0 0 0 3 0 3 2 0 3 0 0 0 1 0 0 0 0 0 0 0 0 0 0 0 0 0 0 0 0 1 32 20 0 9 0 33 10 11 16 18 13 0 1 7 10 12 0 0 13 12 0 0 0 0 0 0 0 0 0 0 0 0 0 0 0 0 0 12 0 0 0 0 0 0 19 2 0 0 0 0 0 0 0 0 0 0 0 0 0 0 0 0 0 0 0 0 0 0 0 0 0 0 0 0 0 0 0 0 2 9 30 34 34 12 1 8 41 29 0 26 0 24 21 0 18 10 31 1 41 1 0 0 0 0 0 7 1 0 0 7 0 0 9 0 0 0 0 0 0 0 35 0 0 0 0 0 0 0 0 0 0 0 0 2 0 0 0 0 1 0 0 0 0 0 0 0 0 0 0 0 0 0 0 2 0 0 78 77 2 2 25 0 0 0 0 0 0 0 0 0 0 0 0 0 0 0 0 0 0 0 10 0 0 0 11 0 0 0 0 
 0 0 0 0 89 149 0 0 3 73 0 73 0 0 0 0 0 76 0 74 123 158 216 68 158 183 119 83 560 249 87 47 118 92 0 246 146 179 91 135 2 15 3 0 0 0 0 0 0 2 3 0 3 3 0 3 9 3 0 0 0 7 2 2 0 0 0 0 0 3 0 2 4 6 3 0 3 2 0 0 0 0 0 0 1 0 0 0 0 3 0 0 0 0 0 1 0 0 0 0 13 4 18 19 13 0 9 8 0 0 3 16 11 14 1 20 14 39 1 10 0 0 0 0 0 1 9 0 0 0 0 0 10 1 0 0 0 0 0 0 0 1 0 0 0 0 0 0 0 0 0 2 0 0 0 0 0 0 0 0 0 0 0 0 0 0 0 0 0 0 0 0 0 0 0 0 0 0 0 0 16 0 6 0 47 9 0 0 39 4 0 23 0 0 22 26 6 0 11 13 0 0 0 0 0 0 0 0 0 0 0 0 2 0 0 0 0 0 44 0 0 0 0 0 0 11 0 11 0 0 0 0 0 0 0 0 0 0 0 0 0 0 0 0 0 0 0 0 0 61 0 0 0 0 0 2 0 2 2 0 0 1 0 0 0 0 10 0 0 0 0 0 0 0 0 0 6 0 0 22 0 8 0 0 0 0 10 0 0 0 
 2 0 0 1 75 88 0 0 3 3 0 110 1 0 0 0 5 0 3 0 309 714 86 160 278 276 97 188 284 186 128 331 205 133 246 0 166 203 265 435 2 4 3 3 0 0 24 4 2 2 3 0 5 5 1 3 5 0 0 0 0 4 0 4 2 0 4 0 9 3 1 0 0 0 3 0 5 2 0 28 0 0 0 0 0 0 0 0 0 0 0 10 1 0 0 0 1 0 0 0 0 44 42 30 23 1 40 17 0 44 33 6 0 18 9 49 31 10 0 0 0 0 0 0 0 0 27 0 1 0 0 0 1 0 0 0 0 0 9 0 0 0 0 0 0 0 0 0 0 0 0 0 0 0 1 0 0 0 0 0 0 0 0 0 10 1 0 0 0 0 0 13 2 0 0 0 0 2 0 0 15 17 33 10 10 13 1 39 24 28 30 11 21 27 2 41 14 36 0 0 1 0 0 0 0 0 1 7 0 0 0 2 0 0 0 0 0 0 0 8 0 0 0 15 0 0 0 55 0 0 0 0 0 0 0 0 0 0 0 11 0 0 0 0 0 0 0 0 0 0 0 0 0 0 4 2 0 75 2 0 1 0 0 0 0 0 0 0 0 0 0 0 0 0 0 20 0 0 0 1 0 0 0 0 0 0 0 0 0 9 
 0 0 0 0 0 2 0 0 0 0 0 2 0 0 0 0 2 2 3 0 77 27 176 115 119 52 188 119 254 98 139 79 106 246 146 166 0 97 258 226 3 16 5 0 0 1 0 0 3 1 6 0 3 71 0 3 3 2 62 52 1 3 5 1 0 0 0 3 0 14 0 3 0 0 3 0 4 4 0 0 0 0 0 5 0 0 0 1 0 0 0 0 0 0 0 0 0 0 0 0 18 27 43 0 19 10 17 1 3 2 28 6 0 0 0 43 0 29 0 1 0 56 0 0 0 0 0 0 0 0 0 0 0 0 0 0 0 0 0 0 0 33 0 0 0 0 0 0 0 0 1 0 0 0 0 0 0 0 0 1 0 0 0 0 0 12 0 0 0 0 0 0 0 0 2 2 0 0 0 0 13 19 64 8 0 1 34 36 29 3 22 20 31 0 21 0 32 19 2 53 0 0 11 12 0 68 0 0 0 0 0 0 5 0 15 18 0 0 9 0 0 0 0 0 0 0 0 0 0 0 0 0 0 0 0 0 0 0 0 0 0 0 0 0 0 0 0 0 0 0 0 0 0 0 12 0 0 3 94 4 3 0 0 0 0 0 0 0 0 0 0 0 0 0 0 0 0 0 0 0 0 19 0 0 0 0 0 0 0 0 
 0 0 0 73 0 3 0 0 4 2 0 0 2 0 0 0 2 2 0 0 117 365 92 355 253 326 47 38 254 98 127 311 97 276 179 203 97 0 175 286 2 7 4 0 0 0 0 0 0 1 4 0 3 3 0 3 3 0 0 0 0 3 0 6 0 0 0 0 2 3 0 0 0 3 3 0 3 3 0 0 0 0 0 1 0 1 0 0 0 0 1 0 0 0 0 0 0 0 2 7 22 29 34 47 1 2 25 11 0 66 11 1 0 21 0 70 0 19 1 0 1 0 0 0 0 0 18 0 0 0 0 0 0 0 0 0 0 0 1 0 0 0 0 0 0 4 10 0 0 0 0 0 0 0 4 10 0 0 0 0 0 0 0 0 0 0 0 0 0 0 0 1 0 0 0 0 0 0 0 0 10 0 45 16 15 1 22 24 48 0 10 9 11 16 22 6 18 31 1 23 0 2 1 0 0 0 9 16 0 0 2 0 1 0 0 0 0 1 18 0 0 0 0 0 0 0 0 0 0 0 0 0 0 0 0 0 0 0 0 0 0 0 0 0 0 0 0 0 0 1 0 0 0 0 5 0 1 84 78 0 6 11 0 0 0 0 0 0 0 0 0 0 0 0 0 1 0 0 0 63 0 18 0 0 0 0 0 0 0 0 
 0 0 2 74 3 74 0 0 2 0 1 151 0 0 3 0 0 31 0 0 170 154 33 148 279 63 287 279 167 145 126 21 227 218 91 265 258 175 0 369 11 0 3 0 0 1 0 0 0 2 5 0 3 3 0 4 5 0 0 0 0 3 0 0 0 0 5 0 0 3 0 0 5 0 3 0 3 2 0 0 0 0 0 0 0 0 0 1 0 0 0 0 0 0 2 0 0 7 0 2 0 19 8 0 0 0 29 21 17 0 12 0 12 0 9 1 0 0 0 9 0 0 0 0 0 0 0 0 0 0 0 0 0 0 0 0 0 0 0 0 0 0 0 0 0 0 0 0 0 0 2 0 0 0 0 3 0 0 0 6 0 0 2 0 7 0 0 0 0 0 33 0 0 0 1 1 18 0 0 0 38 36 13 0 0 0 26 16 24 0 0 0 50 7 13 18 7 36 60 71 0 0 0 0 0 2 0 0 2 0 0 0 0 0 0 0 0 0 0 0 0 0 0 0 0 0 0 0 0 0 0 0 0 0 0 0 0 0 0 0 0 0 0 0 0 0 0 0 0 0 0 0 0 0 6 0 2 79 0 1 0 0 0 0 0 0 0 0 0 0 0 0 0 0 0 0 0 0 0 0 0 0 0 0 0 0 0 0 0 0 
 0 0 1 72 0 169 0 0 3 0 72 153 0 0 2 0 0 75 0 0 63 115 178 77 74 43 210 30 71 87 362 110 209 80 135 435 226 286 369 0 3 0 3 201 0 1 0 0 64 2 3 0 3 3 0 3 3 0 0 0 0 3 0 0 6 0 0 0 0 12 0 0 5 3 3 0 3 2 0 1 0 0 0 11 7 14 0 0 8 0 14 0 0 0 2 0 19 0 0 10 20 15 7 14 9 0 31 22 9 0 0 10 22 49 22 15 29 0 1 1 0 0 0 0 0 0 0 0 0 0 0 0 0 0 0 0 0 0 0 0 0 0 0 0 0 0 0 0 0 0 0 0 0 0 0 0 0 0 0 2 0 0 0 17 11 19 0 0 0 10 11 0 0 0 1 1 0 0 0 0 35 11 0 0 0 0 13 6 12 1 4 1 16 29 3 7 34 21 12 14 0 0 0 0 0 2 0 0 0 0 0 0 0 0 11 0 0 0 0 0 0 0 0 0 1 0 0 0 0 0 0 0 0 0 0 0 0 0 0 0 0 7 0 0 0 0 0 0 0 61 0 0 11 0 5 0 2 2 10 1 30 2 0 0 0 0 0 0 0 0 0 0 0 0 0 1 0 0 0 0 0 0 0 0 0 0 0 0 0 0 
 4 29 0 0 61 1 0 0 0 2 1 2 0 0 0 0 4 3 0 0 2 2 2 64 2 23 4 2 2 2 2 64 3 2 2 2 3 2 11 3 0 86 71 61 56 70 158 48 267 83 121 33 58 75 67 307 30 105 54 108 0 0 0 0 0 0 0 0 0 0 0 0 13 0 0 0 2 0 5 4 0 0 0 0 0 4 0 0 0 0 0 8 0 0 0 0 0 0 0 0 0 0 0 0 10 8 0 0 0 0 19 0 1 0 1 0 0 0 6 11 19 0 19 3 3 0 3 9 6 0 20 15 19 0 1 17 30 0 0 12 4 0 0 0 0 0 0 4 0 0 0 0 3 0 0 0 0 0 1 0 0 0 2 23 0 0 0 0 7 21 10 22 0 0 0 0 0 0 5 0 0 0 0 0 0 0 0 0 0 0 0 18 0 0 0 0 0 0 21 9 57 0 0 6 4 8 3 0 18 14 27 0 19 29 35 10 20 5 0 0 0 0 0 0 0 0 0 0 0 0 0 0 10 0 0 0 0 0 21 4 0 0 0 0 0 0 0 0 0 0 0 9 0 0 0 0 0 0 0 0 0 0 66 0 0 1 0 0 0 0 0 0 0 0 0 0 0 12 0 0 0 0 0 0 4 3 0 0 2 0 
 0 0 0 3 0 0 0 0 3 0 1 0 0 0 0 0 0 2 0 0 7 2 10 62 0 0 0 0 11 0 62 0 3 5 15 4 16 7 0 0 86 0 176 176 115 46 123 191 271 93 93 42 133 122 68 343 93 128 46 48 0 0 0 0 0 53 0 0 0 0 0 0 51 0 0 2 0 0 0 0 0 0 0 0 0 0 0 0 0 0 0 0 0 0 0 0 0 0 0 0 4 0 6 0 0 0 0 0 0 4 0 11 0 0 0 11 0 5 0 0 0 25 0 72 36 9 0 0 21 25 18 21 0 0 23 4 34 0 0 0 0 0 0 0 0 0 0 0 0 0 0 0 21 0 0 0 0 0 10 25 0 0 0 0 0 0 0 20 0 0 0 0 0 0 0 0 0 0 0 0 0 2 3 2 0 0 0 6 0 0 0 0 0 2 6 0 0 0 0 0 16 11 0 0 23 9 0 13 10 7 14 27 0 0 0 0 6 7 18 0 9 0 0 0 0 23 25 15 0 0 0 0 22 9 0 10 0 0 28 3 0 0 8 0 0 0 0 0 0 0 0 7 2 2 0 0 0 0 15 2 0 0 67 1 66 11 0 28 0 0 5 0 0 0 0 0 0 0 0 0 0 10 0 0 0 0 0 1 0 0 
 0 0 0 5 0 0 0 0 3 0 9 0 0 0 0 0 0 3 3 0 3 3 3 3 73 65 3 3 3 3 4 3 6 13 3 3 5 4 3 3 71 176 0 91 38 297 64 170 301 86 99 156 129 404 220 326 64 161 57 100 0 21 3 2 0 0 0 0 0 0 0 0 0 0 0 0 0 0 0 0 0 21 22 0 0 0 0 0 0 0 0 0 0 0 0 0 0 0 0 0 0 0 0 0 0 0 0 0 0 0 0 0 0 0 0 0 0 0 0 0 8 35 30 13 12 0 4 33 26 1 3 40 15 10 33 19 12 17 0 38 0 0 0 0 0 1 0 0 0 0 0 0 12 0 0 0 20 0 6 0 0 0 0 0 0 0 0 0 0 0 0 0 0 0 26 0 0 0 0 0 0 0 0 0 0 18 0 0 0 0 0 0 0 0 0 0 0 0 0 0 35 1 20 75 0 13 10 18 0 0 14 40 0 0 12 18 1 0 0 0 0 0 0 0 0 10 0 0 0 0 0 0 0 0 0 0 0 0 0 0 0 0 9 0 0 0 0 0 0 0 0 12 0 2 0 0 0 0 0 2 0 0 0 65 0 1 2 65 2 0 0 0 0 0 0 0 0 0 0 0 0 0 0 0 0 0 0 8 1 0 
 3 0 0 0 0 0 0 51 4 0 2 0 3 0 3 0 0 0 1 0 0 0 0 0 0 0 5 0 3 3 0 61 0 1 0 3 0 0 0 201 61 176 91 0 181 108 144 166 392 241 664 67 266 83 60 39 41 73 69 74 53 0 0 0 209 0 0 0 0 0 207 0 4 51 6 0 0 0 23 21 0 0 0 9 0 0 1 0 0 0 0 0 1 25 5 0 0 0 0 0 0 0 0 3 0 0 0 0 0 0 0 0 0 1 0 0 0 0 0 0 0 0 0 10 1 39 0 0 1 4 1 14 0 0 0 1 2 18 0 0 1 1 1 51 0 0 8 26 22 21 12 0 0 8 1 0 14 0 21 0 0 0 0 0 0 0 20 4 0 0 0 0 0 0 3 0 0 0 0 7 0 0 0 0 0 0 0 0 0 0 0 0 0 0 0 2 0 0 0 0 0 1 0 0 38 11 0 8 2 9 28 43 0 0 0 0 0 9 0 0 36 1 9 0 0 0 11 1 10 0 0 0 9 12 0 6 6 0 4 0 0 0 0 0 0 0 0 0 0 0 0 5 0 2 16 0 0 0 0 1 1 0 2 3 0 36 3 0 0 0 5 0 11 0 0 0 0 0 0 0 0 0 0 0 0 0 0 0 0 0 
 0 0 0 0 0 1 0 0 0 2 0 0 3 0 2 0 4 0 0 0 0 0 0 0 0 62 0 0 2 0 0 0 0 0 0 0 0 0 0 0 56 115 38 181 0 67 47 479 100 377 180 228 132 206 76 69 118 67 45 232 0 0 1 3 0 0 0 0 0 3 0 0 0 0 7 0 0 2 54 0 0 0 0 0 0 0 0 0 0 0 0 0 0 0 0 0 0 0 0 0 0 0 0 0 0 0 5 0 0 0 0 0 0 0 0 0 0 0 0 0 0 0 0 19 14 36 0 0 0 0 0 13 0 0 0 6 1 6 0 0 12 0 0 0 0 0 0 17 20 34 0 0 0 9 1 0 0 0 47 8 0 0 0 0 0 0 0 0 0 0 0 0 0 0 0 0 0 0 0 1 0 1 0 0 0 0 0 0 0 0 0 0 0 0 0 0 0 0 0 0 22 8 0 0 54 20 0 0 1 0 22 0 0 0 15 0 0 32 0 0 33 1 9 0 0 0 16 15 0 0 0 0 26 4 0 39 9 0 5 0 0 0 0 0 0 0 0 0 0 0 0 4 0 0 0 0 0 0 0 20 0 0 6 0 4 8 2 3 0 0 15 0 0 0 0 0 0 0 0 0 0 0 0 0 0 0 0 7 0 0 
 3 0 0 0 61 2 0 0 2 0 1 1 6 0 0 0 0 3 0 0 1 0 0 0 1 4 0 0 0 4 0 0 4 0 0 0 1 0 1 1 70 46 297 108 67 0 20 69 47 137 102 220 51 47 484 64 348 87 58 55 0 74 0 3 0 2 73 3 51 3 5 3 54 108 19 0 0 3 103 67 0 0 0 0 0 0 29 0 0 0 0 0 9 0 6 0 0 0 0 0 0 0 0 0 0 0 0 0 0 1 0 0 0 0 0 0 0 7 0 0 0 0 0 0 9 10 0 0 0 0 0 1 0 0 0 0 0 1 0 0 19 24 4 0 0 3 0 12 33 25 11 0 8 35 19 1 8 0 9 17 0 0 0 0 0 0 0 0 0 3 0 0 11 0 0 0 26 0 3 6 0 0 0 0 0 0 0 0 0 0 0 0 0 0 0 1 0 0 0 0 0 0 12 0 0 33 0 0 0 1 0 0 0 0 0 0 0 11 9 0 19 10 0 28 0 7 14 3 12 0 44 17 15 0 76 24 22 0 10 10 0 0 0 0 0 0 0 0 0 0 0 10 0 2 0 0 0 0 0 2 22 16 1 2 0 0 1 0 0 0 26 0 0 0 1 0 4 0 0 0 0 0 0 0 0 0 0 0 16 0 
 0 0 0 0 0 34 0 0 2 0 1 0 0 0 0 0 0 0 0 0 0 0 0 0 0 0 0 0 0 0 0 0 3 0 0 24 0 0 0 0 158 123 64 144 47 20 0 82 88 121 303 170 350 130 124 72 107 36 84 116 0 9 3 2 0 0 0 0 0 0 0 0 49 0 0 0 1 0 3 0 0 0 0 0 0 0 0 0 0 0 0 0 0 0 0 0 0 0 0 0 0 0 0 0 0 0 0 0 0 0 0 0 0 0 0 0 0 0 0 0 0 10 9 13 0 8 9 21 12 79 20 23 12 0 19 28 18 11 0 19 19 0 0 0 0 0 10 6 0 0 0 0 0 0 13 0 0 0 0 0 0 0 0 0 0 0 0 50 0 0 0 0 0 0 0 0 0 0 0 0 0 0 0 0 30 8 0 0 0 0 0 0 0 0 0 0 0 0 0 8 30 26 11 13 4 9 0 5 62 10 25 26 0 10 10 31 45 2 0 13 0 0 0 0 0 0 0 0 0 19 0 0 1 0 0 0 0 0 0 0 0 0 0 0 0 0 0 0 0 0 0 10 0 0 0 0 0 0 0 0 0 0 1 1 0 21 0 0 1 0 0 0 0 0 0 0 0 0 0 0 0 0 17 0 7 0 0 39 0 0 
 36 0 0 5 0 2 0 0 0 0 0 0 10 0 0 0 0 0 0 0 0 1 0 64 63 54 62 0 0 0 0 22 1 0 0 4 0 0 0 0 48 191 170 166 479 69 82 0 148 277 102 91 177 69 195 108 39 143 110 42 45 0 0 0 0 0 0 0 0 0 0 0 0 0 3 0 0 0 0 0 1 0 1 0 0 0 0 4 0 0 0 0 0 0 15 6 0 0 0 0 0 0 0 0 0 0 0 0 0 0 0 0 0 0 0 0 0 0 0 0 10 11 12 29 10 23 14 3 36 20 11 11 9 21 18 1 11 0 6 41 1 0 0 0 0 0 0 0 0 0 0 0 11 0 0 0 4 0 7 4 0 0 0 0 0 0 0 4 0 0 0 0 0 2 5 0 2 0 0 6 0 0 0 0 0 0 0 0 0 0 0 0 0 0 0 1 0 0 0 0 2 0 11 8 12 6 0 13 11 0 7 29 9 10 12 0 12 4 0 0 0 0 0 0 0 0 0 0 0 0 0 0 1 0 0 0 0 0 11 0 0 0 1 0 0 0 0 0 0 18 0 8 1 2 0 1 0 64 0 0 0 0 2 1 0 23 0 66 0 0 0 0 0 0 0 0 0 0 0 0 0 0 0 0 7 0 0 0 0 0 
 0 0 0 0 62 39 0 0 0 0 1 1 0 0 0 0 0 33 0 0 0 0 0 3 0 88 0 5 0 4 5 3 3 0 0 2 3 0 0 64 267 271 301 392 100 47 88 148 0 227 129 43 186 118 114 118 57 57 88 55 0 0 0 0 0 0 0 0 0 0 0 0 9 0 3 0 0 0 0 1 0 0 0 0 0 0 0 0 0 0 0 0 0 0 0 0 11 19 0 0 2 30 0 6 12 1 0 0 16 0 3 0 14 0 0 1 15 0 7 0 0 0 7 14 0 11 0 12 1 3 7 1 1 0 23 0 9 0 6 24 13 0 0 0 0 0 0 9 31 11 0 13 0 0 1 0 0 0 11 0 0 0 0 21 7 0 0 0 8 0 9 6 0 0 0 0 0 0 0 3 0 0 0 0 0 19 20 3 0 18 3 0 0 7 0 0 0 0 0 0 9 0 0 0 11 7 0 2 10 18 32 20 0 1 0 0 7 11 0 0 11 0 0 0 0 0 19 0 0 0 0 0 11 0 0 0 0 0 1 0 0 0 3 0 0 0 0 0 0 0 0 8 0 0 0 0 0 0 1 12 0 0 0 0 0 0 0 0 0 0 0 0 0 0 0 0 0 0 0 0 0 0 0 0 8 5 0 0 0 0 
 0 0 0 0 0 39 3 0 5 0 0 1 1 0 0 0 0 0 0 0 1 1 1 2 69 0 0 2 5 2 2 2 2 6 2 2 1 1 2 2 83 93 86 241 377 137 121 277 227 0 259 64 154 78 527 631 139 344 94 65 50 0 0 0 0 0 0 0 0 0 3 260 52 1 4 0 0 0 6 54 0 0 0 0 0 0 0 0 0 0 0 0 0 0 0 13 0 0 7 0 0 0 0 0 0 0 0 0 0 0 0 0 0 0 0 0 0 0 0 0 0 0 0 25 1 11 0 0 13 28 45 6 0 0 0 11 19 21 0 0 13 23 2 0 0 2 18 14 21 21 2 0 22 21 18 2 2 1 0 2 0 0 0 0 0 0 0 14 0 0 0 0 0 0 0 0 0 0 0 0 0 2 0 0 0 0 0 0 0 0 0 0 0 10 0 0 0 0 0 0 0 0 0 0 4 9 0 8 19 0 9 16 0 9 0 0 19 8 0 0 38 5 0 1 1 1 9 0 1 0 2 1 17 6 0 11 2 0 13 0 0 0 0 0 0 0 0 0 0 0 0 2 0 0 0 0 0 1 2 13 0 0 65 1 72 43 3 0 0 0 0 0 0 0 0 0 0 0 0 0 0 0 0 0 0 12 0 0 2 0 
 0 0 0 0 0 3 0 0 3 3 6 0 0 0 3 0 6 3 0 0 3 4 2 3 3 3 3 3 7 3 42 4 2 6 3 3 6 4 5 3 121 93 99 664 180 102 303 102 129 259 0 93 324 30 297 293 176 66 257 76 0 0 0 0 0 1 0 0 0 0 0 0 48 0 7 2 0 0 0 2 0 0 0 0 0 0 0 0 0 0 0 0 0 0 35 0 0 0 0 0 0 0 0 0 0 0 0 0 0 0 0 0 0 0 0 0 0 0 23 0 0 15 0 19 20 20 0 0 25 24 15 18 0 0 12 30 17 1 0 0 4 0 1 0 0 0 4 15 0 0 0 0 24 0 0 0 0 0 3 18 0 0 0 0 0 0 0 0 0 0 0 0 0 0 0 0 0 0 0 3 0 0 0 0 0 0 0 0 0 0 0 0 0 0 0 0 0 0 0 0 0 0 0 0 31 8 0 0 25 25 30 0 0 17 0 0 6 6 0 0 3 7 0 0 0 0 22 0 0 0 0 0 16 10 0 30 0 0 9 12 0 0 1 0 0 0 0 0 0 0 0 9 0 1 0 2 0 0 0 14 0 0 2 0 39 1 4 1 0 0 0 0 0 0 0 0 0 0 0 0 0 1 0 0 7 0 0 0 1 0 
 0 0 0 0 0 1 0 7 0 0 0 0 0 0 0 0 1 0 0 0 0 204 5 0 6 0 0 0 0 0 0 71 0 0 0 0 0 0 0 0 33 42 156 67 228 220 170 91 43 64 93 0 63 34 50 102 164 139 112 39 51 28 4 8 0 0 78 0 1 0 0 0 23 126 0 0 0 0 0 57 0 0 0 0 0 10 0 0 0 0 0 0 0 0 0 9 0 0 0 0 0 0 0 0 1 0 0 0 0 0 0 17 0 0 0 0 0 0 0 0 6 3 22 25 17 0 13 21 0 27 0 0 4 0 16 20 19 0 0 7 0 7 0 0 0 0 2 0 4 0 16 0 13 0 14 0 12 0 1 1 0 0 0 0 0 0 0 0 0 0 0 0 0 0 0 0 0 0 0 0 0 2 0 0 0 0 0 0 0 0 0 4 0 0 0 0 0 0 0 0 38 10 11 5 0 51 21 0 7 1 14 50 0 1 16 24 7 0 0 19 0 12 0 0 0 0 0 2 50 0 15 0 15 0 8 0 4 0 0 15 0 0 10 0 0 0 0 0 0 2 0 9 0 0 0 0 0 0 0 19 0 0 1 4 2 8 4 3 0 0 0 0 0 0 0 0 0 0 0 0 0 0 8 0 0 0 0 2 2 0 
 66 0 3 3 0 0 3 1 0 3 0 0 2 0 16 0 6 0 2 0 3 3 3 4 3 3 3 3 3 5 3 3 3 3 3 5 3 3 3 3 58 133 129 266 132 51 350 177 186 154 324 63 0 76 166 175 265 100 174 45 0 9 0 0 0 0 0 0 0 0 0 0 55 0 0 0 0 0 5 0 2 3 2 0 0 0 0 2 0 0 0 0 0 0 0 0 2 10 0 2 0 0 0 0 9 0 0 0 11 0 0 0 0 0 0 0 0 0 0 0 0 0 0 36 0 12 0 22 10 34 24 3 7 0 21 13 0 10 0 9 34 0 0 10 0 0 0 6 0 0 0 0 0 0 0 0 0 0 0 0 0 0 3 0 0 3 7 5 0 0 0 4 0 3 13 1 2 0 0 0 0 0 0 0 0 9 0 0 0 0 0 0 0 0 0 10 0 0 0 0 7 23 4 14 10 12 10 7 29 4 14 1 0 22 23 12 59 0 0 0 0 0 0 0 0 0 0 0 0 0 0 0 0 0 0 0 0 0 0 0 0 0 0 0 0 0 0 0 0 0 0 3 0 2 0 0 0 0 0 2 0 0 2 68 1 19 2 0 0 0 0 0 0 0 0 0 0 0 0 0 0 0 0 0 3 1 0 8 0 0 
 3 3 3 3 3 5 3 3 13 3 3 3 3 3 3 3 2 3 3 3 3 4 3 3 73 3 3 3 7 68 67 132 3 3 3 5 71 3 3 3 75 122 404 83 206 47 130 69 118 78 30 34 76 0 140 64 46 329 77 214 1 0 0 3 0 0 1 1 0 4 0 0 0 0 2 2 5 3 11 0 0 0 0 0 0 0 0 0 0 15 16 0 0 0 0 0 0 0 0 0 0 0 14 0 11 8 0 0 0 0 6 0 0 0 0 0 0 15 0 0 29 55 13 16 12 2 3 0 0 10 9 0 9 0 9 7 7 0 0 9 6 0 0 0 0 0 0 0 0 0 0 0 0 0 1 2 0 0 18 27 0 0 0 0 0 0 0 0 0 0 0 1 0 0 0 0 0 0 0 0 0 0 0 0 0 10 0 0 0 13 12 37 0 0 0 0 1 0 0 0 0 0 22 0 0 15 3 7 0 21 0 0 8 18 29 18 0 0 11 9 7 0 0 0 0 0 7 0 8 0 22 1 10 0 0 0 6 0 3 20 0 0 0 0 0 0 0 0 0 2 0 7 0 0 0 0 0 0 0 0 1 0 2 1 1 1 0 0 2 0 6 0 0 0 0 0 0 0 0 0 0 0 0 0 0 5 0 0 2 0 
 3 3 3 3 3 5 3 3 3 3 4 3 3 66 6 3 40 3 3 3 0 0 0 63 83 78 0 0 0 3 3 0 3 0 0 1 0 0 0 0 67 68 220 60 76 484 124 195 114 527 297 50 166 140 0 208 547 122 173 105 34 6 4 18 55 0 0 0 0 0 0 205 5 3 0 0 0 0 0 0 0 0 0 0 0 0 0 0 0 0 0 0 0 0 0 0 0 0 0 0 0 0 0 0 13 0 0 0 0 0 0 0 0 0 0 0 0 0 0 0 23 44 49 15 0 0 0 16 17 20 22 0 14 16 90 13 19 6 9 49 0 0 0 0 0 0 5 0 35 0 0 0 25 5 0 0 0 13 4 0 0 0 0 0 0 6 0 0 0 0 0 0 0 0 0 0 0 0 0 0 0 0 0 0 0 0 0 0 0 0 0 0 0 0 0 0 0 0 0 0 52 1 35 18 0 0 1 0 0 16 0 56 8 22 22 14 2 19 0 0 0 0 0 0 0 0 0 0 0 0 0 0 0 10 0 0 0 3 0 0 0 0 26 0 19 0 0 0 0 0 0 4 0 0 0 0 0 66 0 1 0 0 0 4 2 5 3 7 0 0 0 0 0 0 0 0 0 0 0 0 0 0 0 0 31 0 0 0 0 0 
 0 0 0 0 0 0 0 0 5 0 0 0 0 0 0 0 0 0 0 0 3 5 3 3 3 3 3 3 5 3 3 3 5 8 3 3 3 3 4 3 307 343 326 39 69 64 72 108 118 631 293 102 175 64 208 0 180 112 132 111 0 6 6 4 0 0 0 0 0 0 0 0 0 0 0 0 0 1 2 0 0 0 0 0 0 0 0 0 0 0 0 0 0 0 0 0 0 0 0 0 0 0 0 0 0 0 0 0 0 0 0 0 0 0 0 0 0 0 0 0 21 14 27 0 20 10 8 6 14 36 9 14 14 14 48 11 41 22 0 8 0 0 0 0 11 0 0 0 0 0 0 0 0 0 0 0 0 0 0 0 0 0 0 0 0 0 0 2 0 0 0 0 0 0 0 0 0 0 0 0 0 1 0 0 0 13 0 7 3 0 0 0 0 0 0 0 0 0 0 0 0 26 50 22 0 0 2 0 29 0 0 6 0 1 9 13 7 41 0 15 22 0 0 0 0 0 10 19 0 0 0 0 5 0 0 0 0 0 25 0 0 0 0 0 0 0 0 0 0 0 0 7 0 0 0 0 0 0 0 0 0 0 33 3 0 0 0 0 1 0 0 0 0 0 0 0 0 0 0 0 0 0 0 0 6 12 0 1 2 0 
 3 3 3 3 3 3 82 3 3 6 3 3 3 3 3 3 6 3 3 3 3 3 4 3 3 3 4 3 6 6 3 3 3 3 9 5 3 3 5 3 30 93 64 41 118 348 107 39 57 139 176 164 265 46 547 180 0 175 24 117 3 2 2 6 0 0 0 1 0 0 1 2 49 59 0 2 0 0 3 59 0 0 0 0 0 0 7 0 0 0 0 0 1 0 0 0 0 0 0 0 0 16 0 0 0 0 0 0 0 0 0 0 0 0 0 0 0 0 0 8 0 9 7 0 17 7 0 0 2 10 19 38 0 0 10 11 27 10 0 0 52 1 0 3 7 3 1 1 12 0 0 5 24 5 0 0 24 12 3 7 0 0 0 0 0 0 0 1 0 0 0 0 0 0 0 0 0 0 10 4 0 1 0 0 0 0 0 0 0 0 0 0 0 0 0 29 0 0 0 0 15 0 0 7 1 0 0 10 19 0 7 6 0 10 0 11 19 20 0 0 13 5 0 5 0 0 0 0 11 0 1 0 20 0 7 0 5 11 30 2 0 0 9 0 0 0 0 0 0 0 0 9 0 0 0 0 0 0 0 0 0 0 61 0 0 0 1 62 0 0 0 0 0 0 0 0 0 0 0 0 0 0 0 0 0 4 0 0 0 0 
 0 0 0 0 0 3 0 0 8 0 9 0 0 0 0 0 1 2 4 0 0 5 0 0 62 3 0 0 2 0 0 0 1 0 3 0 2 0 0 0 105 128 161 73 67 87 36 143 57 344 66 139 100 329 122 112 175 0 33 36 0 2 5 8 0 6 3 0 2 2 8 7 1 0 0 6 0 6 0 4 0 0 0 0 0 0 6 0 0 0 0 0 38 0 3 0 0 0 0 0 0 0 0 0 0 0 0 0 0 0 0 0 0 0 0 0 0 0 0 0 8 20 20 21 43 5 0 6 35 0 22 24 0 0 28 13 25 0 0 2 0 0 0 0 0 0 0 0 0 0 0 0 8 0 0 0 0 0 10 10 0 0 0 0 0 0 0 0 0 0 0 0 8 0 0 0 0 0 22 6 0 0 0 0 0 9 0 0 0 0 0 0 0 0 0 0 0 0 0 0 39 15 20 22 0 12 10 27 0 0 11 30 0 5 14 2 0 19 0 0 15 0 0 0 0 0 10 37 0 0 0 0 3 0 0 0 0 0 30 0 0 0 24 0 0 0 0 0 0 0 0 4 0 2 0 0 0 0 0 4 0 15 37 61 0 0 3 22 0 0 0 0 0 0 0 0 0 0 0 0 0 0 0 0 0 0 0 6 1 0 
 0 7 6 0 0 13 0 3 30 0 9 0 0 0 40 7 3 3 63 1 35 0 0 63 92 0 0 63 0 71 0 0 0 0 0 0 62 0 0 0 54 46 57 69 45 58 84 110 88 94 257 112 174 77 173 132 24 33 0 210 0 11 4 8 0 0 0 0 51 0 0 0 0 0 0 0 0 0 2 0 9 0 0 2 0 26 0 0 7 12 6 8 0 0 0 49 0 0 0 0 0 0 22 12 21 24 0 0 18 5 0 5 0 0 0 0 0 38 1 0 37 0 28 0 0 0 10 0 13 19 0 0 15 17 33 14 19 19 46 47 0 0 0 0 0 5 0 0 48 0 0 0 0 0 0 0 0 0 0 0 0 0 0 1 7 0 0 1 23 28 22 0 12 0 0 12 0 3 0 0 0 12 0 25 16 0 0 0 0 9 24 25 0 0 19 21 14 0 7 5 7 19 33 36 0 0 7 1 8 0 0 6 26 15 9 13 1 19 20 19 0 0 0 0 0 0 0 0 0 0 0 0 0 0 0 0 5 0 0 0 0 22 1 0 0 0 1 0 0 0 0 15 0 1 0 0 0 66 64 0 0 0 0 0 0 0 0 0 0 2 0 0 0 2 0 1 0 0 0 0 0 11 0 0 8 0 0 0 0 0 
 0 0 0 0 0 0 68 0 4 0 1 0 1 0 3 0 0 0 0 0 2 0 2 128 123 0 0 1 0 58 62 3 0 5 0 0 52 0 0 0 108 48 100 74 232 55 116 42 55 65 76 39 45 214 105 111 117 36 210 0 0 9 4 13 0 0 0 0 0 0 0 0 3 0 0 0 3 0 0 0 0 0 0 0 0 0 0 0 0 0 0 5 0 0 0 0 0 0 0 0 0 0 4 7 14 24 0 0 14 0 10 0 0 0 0 0 0 15 0 0 0 1 3 0 0 0 11 0 2 18 0 0 0 9 7 11 19 0 51 12 0 0 0 0 0 0 0 0 0 0 0 0 0 0 0 0 0 0 0 0 0 7 0 0 0 0 0 0 0 0 0 0 39 0 0 3 0 0 0 0 0 0 0 5 6 0 0 0 0 11 5 10 0 0 0 12 13 0 0 0 46 7 20 5 0 0 6 11 0 0 0 42 28 10 10 14 0 1 9 0 0 0 0 0 0 0 0 0 0 0 0 0 0 0 0 0 0 0 0 0 0 0 18 0 0 0 0 0 0 0 0 13 0 0 2 0 0 62 0 0 0 0 0 0 0 0 1 18 0 0 0 0 0 0 0 0 0 0 0 0 0 0 0 0 0 0 0 0 0 0 
 0 0 0 0 0 0 0 4 0 8 6 0 3 0 2 0 0 2 0 0 0 0 0 0 0 0 0 0 0 3 0 48 0 0 0 0 1 0 0 0 0 0 0 53 0 0 0 45 0 50 0 51 0 1 34 0 3 0 0 0 0 98 86 94 242 99 206 133 33 77 27 24 93 366 52 119 39 119 85 93 0 4 0 0 0 0 0 4 0 0 0 0 0 0 0 47 0 0 0 0 0 0 0 0 0 0 0 0 0 0 0 0 0 0 0 0 0 0 0 2 0 0 0 0 0 9 0 0 0 0 0 6 0 0 0 0 0 1 0 0 2 1 7 33 0 0 4 1 12 20 0 36 0 0 31 20 7 0 5 22 6 0 0 0 0 0 0 0 0 0 7 0 0 0 0 0 0 0 0 0 0 0 0 0 0 0 0 0 0 0 0 0 0 0 0 7 0 0 3 0 0 0 0 34 0 0 0 0 0 0 0 1 0 0 0 0 0 0 0 0 1 2 51 15 1 0 9 9 39 21 24 45 0 0 9 15 30 10 8 15 4 0 0 14 0 0 0 0 0 0 0 0 0 0 1 0 0 0 0 0 0 0 0 8 0 0 0 0 0 0 41 1 0 35 4 55 0 0 0 0 0 0 0 0 0 0 0 0 0 0 
