 0 714 158 163 143 115 168 124 136 224 154 231 268 317 71 183 213 177 121 139 0 3 3 0 0 0 0 0 1 0 0 1 0 0 0 3 0 5 79 4 0 2 0 2 0 0 0 0 0 0 3 1 0 0 3 0 0 4 0 1 2 0 0 33 0 7 0 0 7 0 0 3 0 0 0 0 0 2 0 2 17 13 13 40 20 16 0 14 12 35 16 15 0 36 29 22 40 0 0 31 16 0 0 0 0 0 21 0 0 0 0 0 11 0 0 0 0 0 20 0 0 0 0 0 0 0 0 0 0 0 0 0 0 0 0 0 0 0 0 0 0 0 0 0 7 0 0 0 0 0 0 12 0 0 0 0 0 0 0 6 0 1 36 60 0 11 9 9 0 10 13 1 13 51 28 11 36 33 7 7 0 0 0 0 0 0 0 0 0 0 0 0 18 0 0 0 0 0 0 0 0 0 0 0 0 0 0 0 0 0 0 0 0 0 0 0 0 0 0 0 0 0 0 0 0 0 6 0 0 0 0 0 0 0 0 0 0 0 0 0 0 0 0 0 0 2 5 0 89 0 0 4 43 0 0 0 0 0 0 0 0 0 10 0 0 0 0 0 0 0 0 0 0 0 0 0 8 0 0 0 0 0 0 0 0 0 0 0 0 0 
 714 0 532 191 505 143 113 105 58 182 297 124 137 259 228 360 93 125 50 139 0 0 2 0 0 0 0 0 0 0 0 1 23 70 0 3 1 4 0 78 0 4 0 2 0 0 0 35 0 0 3 0 0 26 3 0 0 4 0 58 2 0 0 0 0 17 0 0 4 0 0 3 0 0 0 0 2 2 0 0 17 16 13 18 12 41 0 0 18 29 41 15 0 33 16 4 17 1 0 11 28 0 11 0 0 0 10 0 0 0 0 0 11 0 2 0 0 0 20 0 0 0 0 0 0 0 0 0 0 0 0 0 0 0 0 0 0 0 0 0 1 0 0 0 8 0 0 0 0 0 0 0 0 0 0 0 0 0 0 0 0 37 0 27 0 27 0 0 0 1 0 0 0 29 23 12 33 42 6 9 0 0 0 0 0 0 0 0 0 0 0 1 10 0 0 0 0 1 15 0 0 0 0 0 0 4 0 0 0 11 0 0 0 0 0 0 0 0 0 0 0 0 0 0 0 0 0 0 0 0 0 0 0 0 0 0 0 0 0 0 0 0 0 0 0 0 88 0 91 1 3 2 0 0 1 0 0 0 0 0 0 0 11 0 0 0 0 0 0 0 0 0 0 0 0 13 25 0 0 0 0 0 0 0 0 0 0 0 0 0 
 158 532 0 272 356 255 91 322 309 224 299 160 78 347 75 175 236 134 489 119 0 0 2 0 0 0 77 0 1 1 0 0 99 0 0 3 1 5 5 80 3 0 0 3 0 0 0 2 1 0 5 0 0 0 3 2 3 2 0 4 2 0 0 0 0 0 0 0 0 3 0 4 0 0 0 0 0 2 0 3 5 40 14 10 41 63 0 12 11 28 23 21 0 62 1 48 9 1 0 23 33 0 0 0 0 0 23 0 1 0 0 0 6 17 0 0 0 1 28 17 0 0 0 0 0 0 2 0 0 0 0 0 0 0 0 1 0 0 0 0 0 0 0 0 7 2 0 0 1 0 2 0 0 0 0 2 0 0 0 6 0 1 0 19 2 3 0 7 0 0 22 11 0 4 0 3 27 13 17 0 9 0 0 0 0 0 0 6 0 2 0 0 28 0 0 9 0 0 6 17 0 0 0 1 0 0 0 0 0 0 0 0 0 0 0 0 0 0 0 0 0 0 0 0 0 0 0 0 0 0 0 0 0 0 0 0 0 0 0 0 0 0 0 0 0 2 0 0 88 3 15 12 0 0 0 0 0 0 0 0 1 0 0 0 0 0 0 0 0 0 0 0 0 0 0 17 33 0 0 0 0 0 0 0 0 2 0 0 0 0 
 163 191 272 0 277 156 112 146 87 176 214 291 310 84 86 126 125 176 79 73 152 75 4 0 0 0 1 0 0 17 0 2 0 1 0 3 0 3 1 3 0 0 0 2 0 0 0 0 0 0 3 6 0 5 3 0 0 2 0 61 2 0 0 0 0 2 0 0 1 0 0 3 0 0 0 0 1 2 0 0 1 0 65 14 8 9 0 0 39 0 22 2 0 1 6 31 0 0 0 2 20 27 14 0 0 0 0 0 16 0 0 0 20 19 12 0 6 0 11 4 0 0 0 0 0 0 1 0 0 0 0 0 13 0 0 2 0 0 0 0 0 0 0 0 0 0 0 0 2 0 0 1 0 0 0 1 2 0 0 0 0 0 24 12 32 16 0 0 20 1 12 60 0 0 1 1 0 3 0 7 10 0 0 12 0 0 67 26 19 1 0 0 37 0 0 0 0 0 1 12 8 0 0 1 1 0 0 0 0 0 0 0 0 0 0 0 0 0 0 0 0 0 0 0 0 0 0 0 0 0 0 0 0 0 0 0 0 0 0 0 0 0 0 0 0 0 0 0 0 0 2 13 16 0 0 0 0 0 0 0 0 0 0 0 0 0 0 0 0 0 0 0 0 0 0 17 14 14 0 0 0 0 0 0 0 1 0 0 0 0 
 143 505 356 277 0 453 74 334 94 189 242 171 83 362 69 328 290 153 299 56 0 1 2 0 0 0 0 0 1 0 0 0 35 31 0 3 0 4 0 136 2 0 0 3 0 0 0 0 0 0 3 2 0 0 3 0 0 2 0 2 2 0 0 2 0 34 0 0 4 0 0 2 0 0 0 0 0 2 0 0 1 0 53 0 30 32 0 0 13 13 21 15 0 0 9 16 13 0 0 0 48 7 0 0 0 0 35 0 0 0 4 9 14 0 19 0 0 9 12 18 0 0 0 0 0 0 0 0 0 0 0 0 0 0 13 0 0 0 0 0 0 0 0 0 15 0 0 0 0 0 0 0 0 0 0 0 8 0 0 0 0 0 13 33 12 18 0 0 0 11 0 1 0 5 18 8 28 83 12 0 2 0 0 0 1 0 26 20 18 0 17 0 47 5 16 0 0 2 29 0 0 0 0 0 0 0 0 0 0 0 0 0 0 0 0 0 0 0 0 0 0 0 0 0 0 0 0 0 9 0 0 0 0 0 0 0 0 1 0 0 0 0 0 0 0 2 6 2 90 3 12 11 15 0 2 0 0 0 0 0 0 0 0 0 0 0 0 0 0 0 0 0 0 0 0 0 26 11 0 0 0 0 0 0 0 0 0 0 0 0 
 115 143 255 156 453 0 342 241 68 250 85 342 52 50 257 392 67 62 264 63 3 0 2 2 2 0 1 1 3 0 0 1 74 1 0 3 73 3 2 18 0 0 0 3 0 0 0 0 0 0 3 3 0 0 3 0 0 2 0 1 2 0 0 0 0 0 0 0 80 0 0 3 0 0 0 0 3 2 0 0 0 0 7 37 21 20 0 0 0 12 0 0 0 0 0 16 0 2 0 0 20 21 0 0 0 0 22 0 0 0 12 14 11 0 0 2 11 9 46 31 0 0 0 0 0 0 0 0 0 2 0 0 0 0 0 3 0 0 0 0 0 0 0 0 0 0 16 0 0 0 0 0 0 0 0 0 0 0 0 0 0 0 0 26 41 62 0 0 0 0 31 6 0 10 10 0 0 0 0 0 10 0 0 0 1 0 8 12 15 0 11 0 22 44 22 0 0 0 36 12 0 0 14 0 0 0 0 0 0 0 0 0 0 0 0 0 0 0 0 0 0 0 0 0 10 0 0 14 0 0 0 20 0 0 0 0 0 0 0 0 0 0 0 0 0 1 86 0 3 4 12 4 0 0 0 0 0 0 0 0 0 0 0 0 0 0 0 0 0 0 0 0 0 2 0 22 12 9 0 0 0 0 0 0 0 0 0 0 0 0 
 168 113 91 112 74 342 0 152 602 351 334 47 449 111 479 230 37 228 156 80 1 0 2 0 0 0 0 0 1 0 0 0 0 0 0 3 0 2 0 2 0 0 0 3 0 61 63 0 0 0 2 2 0 0 7 0 0 2 0 65 2 0 0 0 0 3 0 0 0 59 0 1 0 0 0 0 0 2 0 0 27 16 18 37 16 1 27 20 7 2 11 16 92 14 0 9 30 0 47 10 0 0 0 0 0 0 0 0 0 0 0 0 0 0 0 0 0 0 18 0 0 0 0 8 1 0 0 0 0 0 0 0 0 0 0 0 0 0 0 0 2 0 0 5 0 0 0 0 0 0 0 7 0 0 0 0 0 0 0 0 1 0 20 0 0 23 34 9 45 25 7 0 14 7 7 25 0 22 44 1 0 0 2 0 0 0 0 0 0 0 0 1 0 0 0 0 0 2 2 0 0 0 0 0 0 0 0 0 0 0 0 0 0 0 0 0 0 0 0 0 0 0 0 0 0 0 0 0 0 0 0 0 0 0 0 0 0 0 0 0 0 0 0 0 0 4 0 0 3 2 0 4 0 0 0 0 0 0 0 0 0 0 0 0 0 0 0 0 0 0 0 0 0 0 0 0 0 0 0 0 0 0 0 0 0 0 0 0 0 0 
 124 105 322 146 334 241 152 0 283 34 540 249 439 154 87 77 153 49 76 112 0 90 102 0 2 0 0 0 0 0 1 1 0 0 0 3 0 6 0 2 0 3 63 1 0 0 0 0 0 0 52 0 0 2 2 0 0 2 0 60 2 0 2 0 0 50 0 0 0 0 0 37 0 0 0 3 2 2 0 0 9 0 0 18 7 21 28 1 17 6 30 0 14 14 18 9 0 30 27 11 79 0 0 0 0 0 0 0 0 0 1 0 13 1 0 0 0 0 5 0 0 0 0 0 0 0 0 0 0 0 0 0 0 0 0 0 0 0 0 0 0 0 0 3 0 1 0 0 0 0 0 3 0 0 2 0 2 0 0 1 15 9 0 0 0 11 24 20 13 0 0 0 45 0 0 14 33 22 15 31 0 0 0 0 0 0 0 0 0 0 0 0 0 0 0 0 0 0 0 0 0 0 8 0 0 0 0 2 0 0 0 0 0 0 0 0 0 0 0 0 0 0 0 0 1 0 0 0 0 0 0 0 0 0 0 0 0 0 0 2 0 0 0 0 0 2 1 0 2 1 0 0 0 0 0 0 0 0 0 0 0 0 0 0 0 0 0 0 0 0 0 0 0 0 0 0 21 0 0 0 0 0 0 0 0 0 0 0 0 0 
 136 58 309 87 94 68 602 283 0 259 97 48 242 245 452 88 59 183 215 179 0 0 2 0 0 0 0 1 73 1 0 1 1 0 0 3 0 3 2 2 0 0 0 3 0 0 0 0 0 0 3 2 0 8 3 0 0 2 3 1 2 0 0 0 0 0 0 0 0 0 0 2 0 0 0 2 0 2 0 2 20 30 19 13 2 0 0 20 22 40 16 12 17 14 0 24 36 16 14 13 0 0 0 0 14 0 1 0 0 0 0 0 0 0 0 0 0 1 36 0 0 0 0 0 0 0 0 0 12 0 1 0 0 0 0 0 0 0 0 1 0 2 0 2 0 0 0 0 0 0 0 5 0 0 0 0 0 0 0 10 0 10 17 7 0 20 22 6 1 7 23 0 25 24 24 49 10 45 20 0 0 0 0 0 0 0 0 0 0 0 0 0 5 0 0 0 0 0 11 0 0 0 0 0 0 14 0 0 0 0 0 20 0 0 0 0 0 8 0 0 0 2 0 0 0 2 0 0 0 2 0 0 0 0 14 1 0 12 0 0 0 20 0 0 0 2 0 0 2 0 0 12 0 0 0 0 0 0 0 0 0 0 0 0 0 0 0 0 0 0 0 0 0 0 0 0 0 0 0 0 0 0 0 0 0 0 0 0 0 0 
 224 182 224 176 189 250 351 34 259 0 276 36 65 382 204 186 44 165 394 270 1 0 2 0 0 0 0 0 0 2 0 209 2 3 0 3 0 3 1 111 3 2 3 1 0 0 3 2 0 0 3 3 0 3 9 0 2 2 0 1 2 3 3 0 0 4 0 0 16 0 0 3 0 0 3 2 3 3 0 2 6 11 1 11 0 11 0 14 0 37 0 36 11 22 20 0 20 11 0 17 0 15 19 0 0 0 10 12 0 0 0 0 0 0 40 0 0 0 0 13 0 0 0 0 0 0 0 0 0 0 0 0 0 0 0 0 0 0 0 0 0 0 12 0 23 0 0 0 0 2 0 0 0 0 0 0 0 0 0 6 0 8 1 57 4 0 12 12 5 0 0 0 11 31 12 15 31 14 3 0 20 0 0 0 1 0 0 19 1 0 0 0 14 0 0 0 0 0 0 1 0 0 0 2 0 0 0 0 0 0 0 0 0 0 0 0 0 0 0 0 0 0 0 0 0 0 0 0 0 0 0 0 0 0 0 0 2 0 0 0 0 0 0 0 0 0 87 2 2 86 0 13 0 0 0 0 0 2 0 0 1 0 0 0 0 0 0 0 0 0 0 0 0 0 0 0 0 0 0 0 0 0 0 0 0 1 0 0 0 0 
 154 297 299 214 242 85 334 540 97 276 0 391 101 317 365 501 332 149 270 69 0 0 2 0 0 0 0 0 1 0 0 0 74 0 1 3 1 2 0 37 0 56 0 3 0 0 0 0 0 0 3 2 0 0 3 0 0 2 0 26 2 0 0 0 0 4 0 0 6 0 0 2 0 0 0 0 0 2 0 0 2 30 4 22 17 33 0 9 4 9 19 25 0 27 13 33 29 30 0 17 13 0 1 0 0 0 0 0 0 0 0 0 0 0 0 0 0 0 27 0 0 0 0 0 0 0 0 2 0 0 0 0 0 2 0 0 0 0 1 0 0 0 0 1 6 0 0 0 0 0 0 12 2 0 0 0 25 0 0 0 14 29 32 0 37 19 0 0 14 16 19 0 0 0 16 13 0 2 0 0 0 0 0 0 0 0 0 0 15 0 0 0 9 0 0 1 0 0 16 0 0 0 0 0 1 0 0 0 0 0 0 0 0 0 0 0 0 0 0 0 0 0 0 1 0 0 0 0 0 0 0 0 0 0 0 0 0 0 0 0 0 10 0 0 0 2 2 0 4 0 13 14 9 0 0 0 0 0 0 0 0 0 1 2 0 61 0 0 0 0 0 0 0 0 0 6 46 0 0 0 0 0 0 0 0 0 0 0 0 0 
 231 124 160 291 171 342 47 249 48 36 391 0 212 47 263 377 341 235 266 164 2 2 2 0 0 0 0 0 1 0 0 1 75 33 0 3 0 2 3 46 3 0 0 3 0 0 2 0 0 0 3 2 6 0 68 0 0 2 0 2 2 0 0 5 0 0 0 0 0 0 0 3 0 0 0 0 0 2 0 3 0 0 38 24 18 31 0 0 20 21 29 31 38 8 25 34 0 31 0 2 10 0 12 0 1 2 12 14 2 0 0 0 0 0 16 0 0 0 29 56 0 0 0 0 0 0 1 0 0 0 0 0 0 0 0 2 0 0 0 0 0 0 2 0 0 1 0 0 2 0 1 1 0 0 0 1 6 0 0 0 9 18 29 55 12 14 19 11 0 15 24 9 10 13 21 0 7 1 11 0 8 0 0 0 0 0 0 15 0 1 0 0 56 0 0 0 0 0 13 2 0 0 0 0 0 0 0 0 0 0 0 0 0 0 0 0 0 0 0 0 0 0 0 0 0 0 0 0 0 0 0 0 0 0 0 0 0 0 0 0 0 0 0 0 0 3 109 0 6 86 11 8 1 0 0 0 0 0 0 0 0 0 0 0 0 0 0 0 0 0 0 0 0 0 0 28 11 0 0 0 0 0 0 0 0 0 0 0 0 0 
 268 137 78 310 83 52 449 439 242 65 101 212 0 313 51 252 117 122 78 350 0 0 4 0 2 0 0 0 1 0 0 0 0 26 0 3 1 4 0 2 0 0 0 3 0 0 2 0 0 0 3 2 0 0 3 0 2 2 0 1 2 0 0 0 0 0 0 0 0 0 0 5 0 0 0 0 1 2 0 0 26 18 14 0 9 13 34 36 1 14 11 1 0 25 1 0 9 51 14 25 0 0 0 0 0 0 0 11 0 0 0 0 0 0 0 0 0 0 0 0 0 0 0 0 0 0 0 0 0 0 0 0 0 0 0 0 0 0 0 0 0 0 0 0 23 2 0 0 0 0 1 9 0 0 0 0 0 0 0 0 28 14 14 2 0 0 13 8 0 20 0 0 2 0 0 0 18 1 0 28 0 7 0 0 0 0 0 0 0 0 0 0 0 0 0 0 0 0 0 0 0 0 0 0 0 0 0 0 0 0 0 0 0 0 0 0 0 0 0 1 0 0 0 0 0 0 0 0 0 1 2 0 0 0 0 0 0 0 0 0 0 0 0 0 0 2 1 2 1 0 0 0 0 0 2 0 0 0 0 0 0 0 0 0 0 0 0 0 0 0 1 0 0 0 0 19 0 0 0 0 0 0 0 0 0 0 0 0 0 0 
 317 259 347 84 362 50 111 154 245 382 317 47 313 0 325 132 134 125 195 250 3 2 2 0 0 0 0 0 0 0 5 1 0 0 2 3 2 3 3 2 0 0 0 2 0 3 3 3 0 0 3 3 0 0 19 0 0 2 0 63 2 2 0 1 0 26 0 0 6 0 0 3 0 0 0 2 1 2 0 0 23 12 20 32 0 17 19 27 1 17 17 3 11 24 30 9 60 0 16 23 0 0 0 0 0 0 2 1 0 0 0 0 0 0 0 0 0 0 2 0 0 0 0 0 0 0 0 0 0 0 2 1 13 0 0 0 0 0 0 2 0 1 0 0 3 0 0 0 0 0 0 0 0 0 0 0 0 0 0 9 0 1 29 55 4 7 2 7 17 0 0 1 11 10 18 18 39 1 15 21 0 0 0 0 0 0 0 0 0 0 0 0 0 0 0 2 0 0 3 0 13 0 0 0 0 0 0 0 0 0 0 0 0 0 0 0 0 0 0 0 0 1 0 0 0 1 0 0 0 1 0 0 0 1 0 2 0 0 0 0 0 0 0 0 0 1 0 0 3 0 0 10 20 0 0 0 0 0 0 0 0 0 0 28 0 0 0 0 0 0 0 0 0 0 0 0 0 0 0 0 0 0 0 0 0 0 0 0 0 0 
 71 228 75 86 69 257 479 87 452 204 365 263 51 325 0 302 258 370 479 186 2 2 2 0 0 0 0 0 0 0 0 2 0 0 0 3 0 3 0 2 0 0 0 1 0 0 0 0 0 0 3 1 0 0 41 0 2 2 0 68 2 0 0 0 2 0 0 0 1 0 0 3 0 0 0 2 3 2 0 0 31 42 14 28 26 0 1 37 11 33 8 11 0 28 1 14 48 1 2 20 0 0 0 0 0 0 2 0 0 0 0 0 0 0 0 0 0 0 0 0 0 0 0 0 9 0 0 0 0 0 2 0 0 0 0 0 0 0 2 2 0 0 0 0 7 0 0 0 0 0 0 0 0 0 0 0 0 0 0 6 7 11 22 7 0 8 0 15 5 7 0 0 12 33 15 34 24 30 0 0 0 0 0 0 0 0 0 0 0 0 0 0 0 0 0 0 0 0 16 0 0 0 0 0 0 2 0 0 0 0 0 1 0 1 0 0 0 0 0 0 0 1 0 0 0 0 13 0 9 2 0 0 0 11 0 2 0 0 0 0 0 0 0 0 0 0 0 0 4 0 0 3 0 0 0 0 0 0 0 0 0 0 0 0 0 0 0 0 0 0 0 0 0 0 0 0 0 0 0 0 0 0 0 0 0 0 0 0 0 0 
 183 360 175 126 328 392 230 77 88 186 501 377 252 132 302 0 240 97 36 296 0 0 2 0 0 2 0 0 1 0 0 0 24 2 0 3 0 2 0 91 0 0 0 3 0 0 0 0 0 0 3 0 0 0 12 0 0 2 0 61 2 0 0 0 0 0 0 0 0 0 0 3 0 0 0 0 0 2 0 0 0 32 35 28 21 36 8 0 36 13 33 16 13 9 9 10 1 23 9 14 12 0 0 0 1 0 11 0 0 0 0 1 10 0 5 0 2 0 3 0 0 0 0 0 0 0 0 0 0 0 0 0 0 0 1 0 0 0 0 0 0 0 2 0 0 0 0 1 0 0 0 1 0 0 0 0 9 0 0 0 27 0 43 49 17 11 25 10 5 30 1 0 25 1 7 23 0 7 0 13 0 0 0 0 0 0 10 0 0 0 0 0 30 0 0 0 0 0 10 0 0 0 0 0 0 0 0 0 0 2 1 0 0 0 0 0 0 0 0 0 0 0 0 0 0 67 0 0 0 0 0 0 0 0 0 0 0 0 0 0 0 0 0 0 0 1 1 0 89 1 6 6 2 0 0 0 0 0 0 0 0 0 0 0 0 0 0 0 0 0 0 0 0 0 0 0 26 0 0 0 0 0 0 0 0 0 0 0 0 0 
 213 93 236 125 290 67 37 153 59 44 332 341 117 134 258 240 0 280 31 53 0 1 2 0 0 1 2 0 0 0 0 38 22 0 0 3 0 3 0 2 0 0 0 2 0 0 0 0 0 0 3 2 0 0 3 0 0 2 0 65 2 0 0 0 41 1 0 0 3 0 0 3 0 0 0 0 1 2 0 0 0 0 15 14 31 37 19 20 40 8 40 33 0 11 20 25 0 25 14 23 13 0 0 0 0 1 0 0 0 0 0 0 10 14 0 0 0 0 11 0 1 0 20 0 0 0 0 0 0 0 5 0 0 0 0 0 0 0 0 0 0 0 0 0 0 0 0 0 0 1 0 0 0 0 0 0 4 16 0 0 11 22 20 0 0 9 0 0 0 14 41 9 0 1 10 8 18 5 0 15 0 2 0 0 0 0 16 1 2 0 0 0 10 0 0 14 0 0 0 27 0 0 0 0 0 0 0 0 0 0 0 0 0 13 0 0 0 0 0 0 0 0 16 0 0 0 0 0 0 0 0 0 0 0 10 0 0 0 0 0 0 1 0 0 0 1 1 0 0 2 0 12 10 1 0 0 0 0 1 0 0 0 0 0 0 0 0 0 0 0 0 0 0 0 0 10 14 0 0 0 0 0 0 0 0 0 0 0 0 0 
 177 125 134 176 153 62 228 49 183 165 149 235 122 125 370 97 280 0 81 83 0 0 2 62 3 2 0 0 0 1 0 81 4 0 0 3 3 3 0 2 0 14 3 4 0 3 0 0 0 0 3 0 0 0 2 0 0 4 0 62 2 0 0 0 0 3 0 0 1 0 0 3 0 0 0 0 6 2 0 0 13 26 10 43 22 16 0 2 39 43 40 17 0 27 18 16 18 20 0 13 10 0 0 0 0 2 0 0 0 0 0 0 9 0 1 0 0 6 1 0 1 0 0 0 0 0 0 0 0 0 0 0 2 0 0 0 0 0 0 0 0 0 0 0 0 0 0 0 0 0 0 0 0 1 0 0 4 0 0 0 23 11 27 15 8 7 13 24 11 17 0 0 18 20 13 25 5 85 0 13 0 0 0 0 0 0 7 0 0 0 0 0 0 0 0 0 0 0 1 0 0 0 0 0 0 17 0 0 0 0 0 0 0 0 0 0 0 0 0 0 0 0 0 0 0 0 0 0 0 0 0 0 0 0 0 0 0 0 0 0 0 0 0 0 0 0 48 0 0 8 0 12 0 0 0 0 0 0 0 0 0 0 9 0 0 0 0 0 0 0 0 0 0 0 0 0 19 0 0 0 0 0 0 0 0 0 0 0 0 0 
 121 50 489 79 299 264 156 76 215 394 270 266 78 195 479 36 31 81 0 186 0 0 2 0 0 0 0 0 0 26 3 1 0 0 0 88 0 3 0 2 0 0 0 2 0 0 0 0 0 0 3 2 0 0 3 0 0 3 3 0 2 2 0 0 0 0 0 0 0 0 0 3 0 0 0 3 1 2 0 0 19 12 0 0 20 0 0 10 0 21 14 0 32 13 14 6 1 0 26 24 0 0 0 0 0 0 0 0 0 0 1 0 35 1 0 0 0 0 0 0 0 0 0 0 17 1 0 0 0 0 0 0 0 0 0 0 12 0 0 0 0 0 0 0 0 0 0 0 0 0 0 1 0 0 1 0 2 0 0 2 8 7 0 0 0 1 16 9 1 1 0 0 12 88 1 0 16 16 29 0 0 0 0 0 0 0 0 0 0 0 0 0 0 0 0 0 0 0 0 0 0 3 0 0 0 0 0 0 0 0 0 0 0 0 0 0 0 4 0 0 0 0 0 0 0 0 0 0 0 0 0 0 0 0 0 0 0 12 0 2 0 0 0 0 0 2 0 0 0 2 2 17 0 0 0 0 0 0 0 0 0 0 0 0 0 0 0 0 0 0 0 0 0 0 0 0 3 0 0 0 0 0 0 0 0 0 0 0 0 0 
 139 139 119 73 56 63 80 112 179 270 69 164 350 250 186 296 53 83 186 0 0 5 4 0 0 0 3 0 1 0 0 45 72 0 0 3 0 2 0 2 0 65 17 3 62 0 0 0 0 0 3 1 0 0 5 0 0 2 0 1 2 0 0 0 0 0 0 0 0 0 0 2 0 0 0 0 0 2 0 0 25 2 0 10 0 0 41 14 0 25 1 0 18 17 27 7 0 0 17 15 0 0 0 10 0 0 0 2 0 0 0 0 0 0 0 0 0 0 0 0 0 0 0 0 0 0 0 0 0 0 0 0 0 0 0 0 0 1 0 0 0 0 0 0 0 0 0 0 0 0 0 4 0 0 0 0 0 0 0 3 16 0 0 18 0 0 64 51 0 1 0 0 29 7 13 0 25 27 56 21 0 0 0 0 0 0 0 0 0 0 0 0 0 0 0 0 0 0 0 0 0 0 0 0 0 0 0 0 0 0 0 0 0 0 0 0 0 0 0 0 0 0 0 0 0 0 0 0 0 0 0 0 0 0 0 0 0 1 0 0 0 0 0 0 0 2 12 0 3 0 0 6 0 0 0 0 0 0 0 0 0 7 10 0 0 0 0 0 0 1 0 0 0 0 0 0 0 0 0 0 0 0 0 0 0 0 0 0 0 0 
 0 0 0 152 0 3 1 0 0 1 0 2 0 3 2 0 0 0 0 0 0 192 96 106 29 55 129 160 31 32 41 239 47 110 144 86 226 16 45 448 2 3 0 3 3 0 55 0 0 1 0 9 0 8 0 0 0 0 0 3 0 0 0 0 2 2 0 0 1 0 0 52 2 0 0 73 0 0 0 0 0 0 42 3 0 0 0 0 18 0 14 0 2 0 0 0 0 0 0 0 10 30 14 0 9 17 0 1 30 0 0 0 38 25 12 3 21 33 0 2 15 7 2 0 0 0 7 2 7 0 0 0 9 0 0 7 8 7 2 2 0 0 0 0 0 0 0 0 0 0 0 1 0 0 0 0 0 1 0 0 0 7 0 0 64 31 0 0 0 0 0 76 0 0 1 0 0 0 0 0 20 0 0 13 12 2 47 37 38 0 0 0 0 12 0 0 2 0 10 6 19 8 0 0 0 0 2 1 0 0 0 0 8 2 3 0 8 0 0 0 0 0 0 0 0 0 0 0 0 0 0 0 0 0 0 0 0 0 0 0 0 0 0 0 0 0 0 0 0 2 0 0 0 0 5 0 2 1 0 2 0 2 0 0 0 0 0 0 0 0 0 0 0 0 0 0 0 0 0 0 0 0 0 0 9 0 0 0 0 0 
 3 0 0 75 1 0 0 90 0 0 0 2 0 2 2 0 1 0 0 5 192 0 164 140 271 46 55 306 76 62 266 162 55 440 157 152 51 112 151 155 0 3 0 3 3 1 65 0 0 6 0 4 0 3 0 0 0 4 61 4 0 0 0 0 2 3 0 0 2 2 0 50 2 0 0 0 0 0 0 0 0 0 0 2 0 0 0 0 0 0 0 0 0 0 0 0 0 0 0 0 0 14 49 32 16 1 0 56 11 24 0 9 27 0 40 12 32 15 0 0 0 0 2 0 0 53 0 0 0 0 0 0 18 7 0 0 0 0 0 0 2 0 0 0 0 0 0 0 0 0 0 1 0 0 0 0 0 2 0 0 0 1 0 0 0 8 0 0 0 0 0 19 0 0 0 0 0 0 8 0 28 22 4 23 0 0 42 16 34 18 0 0 0 0 43 10 28 30 0 13 0 0 0 0 0 0 0 0 0 0 0 0 0 0 0 0 0 0 23 12 0 0 0 0 0 0 1 0 0 0 0 0 0 0 0 0 0 0 0 0 0 0 0 0 0 0 0 0 0 74 0 0 0 0 6 1 0 0 0 2 11 9 0 0 0 0 0 0 0 0 0 0 0 0 0 0 0 0 0 0 0 12 0 0 0 0 0 0 0 0 
 3 2 2 4 2 2 2 102 2 2 2 2 4 2 2 2 2 2 2 4 96 164 0 306 174 109 133 324 477 222 396 171 54 285 46 148 283 152 92 122 0 3 0 3 3 6 12 0 0 1 6 5 0 3 1 0 0 0 105 5 0 0 0 0 2 5 0 0 2 0 0 0 2 0 0 0 0 0 0 4 0 0 0 0 0 0 1 0 0 0 0 0 0 20 0 2 0 0 0 0 14 3 1 48 23 37 0 11 20 42 0 15 0 0 8 5 24 32 0 0 18 0 0 0 0 0 7 0 0 0 0 0 0 9 0 1 0 0 15 0 8 0 0 1 2 0 0 0 0 0 0 0 0 0 0 0 0 0 0 0 5 7 0 0 16 0 20 0 0 0 0 0 0 0 1 0 0 0 0 0 13 10 0 11 15 0 7 18 27 14 11 11 0 11 0 0 19 31 0 0 0 0 0 0 0 0 9 0 0 0 10 0 21 0 0 2 0 0 16 11 0 0 0 0 0 2 0 0 16 0 0 0 0 0 0 0 0 0 0 0 0 0 1 0 0 0 0 0 0 0 0 0 0 0 12 0 2 0 4 2 1 1 0 0 0 0 7 0 0 0 0 0 0 0 0 0 0 0 0 0 0 14 0 0 0 13 0 0 0 0 
 0 0 0 0 0 2 0 0 0 0 0 0 0 0 0 0 0 62 0 0 106 140 306 0 159 314 133 157 258 151 138 225 51 63 77 273 60 204 87 78 2 3 1 3 3 4 32 0 0 2 6 3 0 89 0 0 0 0 110 68 0 0 0 0 2 2 0 0 1 0 0 0 2 0 0 0 0 0 0 0 0 0 0 0 1 0 0 1 0 0 0 25 0 0 0 0 0 0 0 0 0 1 15 15 21 35 0 0 18 21 2 13 0 0 0 10 1 18 0 0 0 0 10 11 0 0 14 32 22 0 0 0 13 25 31 1 13 0 17 0 0 0 0 0 0 0 2 0 0 0 0 0 0 0 0 13 0 14 0 0 0 30 0 0 4 0 0 0 0 0 0 0 0 0 1 10 0 0 0 0 0 1 11 25 13 33 2 0 28 16 1 0 0 16 0 1 1 11 0 0 2 14 0 1 0 0 20 18 0 0 0 0 19 12 0 1 0 0 1 28 0 0 0 0 0 0 0 0 0 0 0 0 0 0 1 0 0 0 0 1 0 0 1 0 0 0 0 0 0 0 0 0 0 0 14 2 1 14 1 0 1 2 0 0 0 0 9 0 0 0 0 0 0 0 0 0 0 0 0 0 0 30 0 0 0 0 0 0 0 0 
 0 0 0 0 0 2 0 2 0 0 0 0 2 0 0 0 0 3 0 0 29 271 174 159 0 235 50 126 149 535 174 189 54 66 94 55 203 49 158 292 66 3 0 3 3 5 7 0 0 3 6 10 0 64 0 0 0 0 231 69 0 0 0 0 3 0 0 0 0 0 0 0 2 0 5 0 1 0 0 0 0 0 0 0 0 0 0 0 0 0 0 0 0 0 0 0 0 0 0 0 0 0 0 22 28 0 0 0 28 32 16 36 0 0 0 0 13 22 0 0 26 0 0 0 0 0 0 56 28 0 0 12 0 12 0 19 0 18 13 0 9 0 0 0 0 0 0 0 0 0 0 0 0 0 9 0 1 0 0 0 4 0 0 0 1 0 0 0 0 0 0 0 0 0 1 0 0 0 0 0 12 30 16 20 3 11 0 11 1 42 31 33 0 0 0 1 20 10 0 0 25 12 0 21 0 0 8 3 10 1 0 0 48 9 1 9 0 0 25 14 0 0 0 0 0 0 0 0 0 0 0 0 0 0 0 0 0 0 1 0 0 0 50 0 0 0 0 0 0 0 0 0 0 0 12 2 2 7 153 0 1 12 0 0 0 0 0 0 0 0 0 0 0 0 0 0 0 0 0 10 0 14 0 0 0 0 0 0 0 0 
 0 0 0 0 0 0 0 0 0 0 0 0 0 0 0 2 1 2 0 0 55 46 109 314 235 0 36 100 51 102 302 138 44 52 46 159 286 76 64 72 68 0 0 3 3 6 0 129 1 2 20 0 2 62 67 68 2 4 0 30 0 2 1 0 0 0 0 31 0 3 0 0 0 2 3 0 0 0 0 0 0 0 0 0 0 0 0 0 0 0 0 0 0 0 0 0 0 0 0 0 0 0 11 1 17 11 0 32 21 5 11 13 0 2 5 0 0 13 0 0 0 10 0 0 0 0 31 11 14 12 13 1 38 11 20 24 18 12 12 30 0 0 0 0 0 26 0 13 0 4 23 0 0 0 0 0 7 0 1 0 1 0 0 29 0 0 0 0 0 0 0 0 0 0 0 0 0 0 2 0 0 13 17 0 14 0 0 0 0 15 25 0 0 0 12 0 0 16 0 0 23 0 26 3 0 0 11 20 3 41 12 9 70 7 22 56 14 12 39 20 0 0 0 1 0 0 0 0 0 0 0 0 0 0 0 0 0 0 0 0 0 0 0 0 0 27 0 0 0 0 0 0 0 0 5 0 0 0 6 0 1 0 0 1 0 0 10 0 0 0 9 0 0 0 0 0 0 0 0 42 0 16 0 0 0 0 0 0 0 0 
 0 0 77 1 0 1 0 0 0 0 0 0 0 0 0 0 2 0 0 3 129 55 133 133 50 36 0 143 82 203 236 49 126 80 159 193 105 98 129 133 0 3 0 3 3 0 3 0 0 5 67 3 0 3 0 0 0 0 0 3 0 0 0 0 2 2 0 0 3 0 0 39 6 4 0 0 0 0 0 1 0 0 0 0 0 0 9 0 0 1 0 2 0 0 0 1 0 0 0 0 12 11 13 1 0 0 29 13 0 13 40 16 2 9 0 27 0 28 0 13 0 0 0 0 22 0 0 0 0 0 0 0 0 0 0 0 5 0 0 7 0 6 0 0 0 0 2 0 0 0 0 0 0 0 0 0 0 0 0 0 0 5 4 0 4 0 0 0 0 0 1 0 0 0 0 0 0 0 0 0 10 19 17 0 22 0 0 0 19 7 12 12 8 13 0 30 18 1 1 0 0 0 0 0 0 0 0 0 0 0 0 0 0 9 0 0 0 0 0 0 2 1 0 0 0 0 0 0 0 0 0 0 0 0 0 0 2 0 0 0 0 0 0 0 0 0 0 0 0 0 0 0 0 0 12 3 0 76 0 0 6 0 0 0 0 0 0 0 0 0 0 0 0 0 0 0 0 0 0 0 0 0 0 0 0 0 14 0 0 0 
 0 0 0 0 0 1 0 0 1 0 0 0 0 0 0 0 0 0 0 0 160 306 324 157 126 100 143 0 329 47 106 195 183 162 217 152 125 64 146 58 0 3 1 3 3 4 9 0 0 3 0 3 0 3 0 0 0 3 146 7 0 0 0 51 2 2 0 0 1 0 0 0 2 0 0 0 1 2 0 0 0 0 0 0 2 0 0 2 0 0 0 0 0 0 0 0 0 0 0 0 0 20 37 24 18 26 1 17 14 19 15 5 0 21 10 57 21 18 0 0 21 0 0 0 0 0 0 1 0 0 0 0 10 23 0 0 0 0 11 20 5 1 0 0 0 0 0 0 0 0 1 0 0 0 0 0 0 0 0 0 0 3 0 0 18 0 0 0 0 0 0 0 0 0 6 0 0 0 0 0 1 24 4 8 12 0 1 0 19 9 31 17 0 20 10 34 35 39 10 0 0 0 0 0 0 0 1 0 0 0 0 0 1 0 0 0 0 0 32 9 0 0 0 0 0 0 0 0 0 0 0 0 0 0 2 0 0 0 0 0 0 0 0 0 0 2 0 0 0 0 0 0 0 0 8 0 1 6 0 1 0 10 0 0 0 0 0 0 0 0 0 0 0 0 0 0 0 0 0 0 0 4 0 0 0 0 0 0 0 0 
 1 0 1 0 1 3 1 0 73 0 1 1 1 0 0 1 0 0 0 1 31 76 477 258 149 51 82 329 0 140 249 342 93 293 119 130 234 331 386 79 0 3 1 3 3 0 64 0 0 14 0 6 0 5 0 0 0 1 185 2 0 0 0 0 2 3 0 3 2 0 0 0 2 0 0 0 0 0 0 0 0 0 0 0 2 0 0 1 0 0 0 0 0 0 0 0 0 0 0 0 1 18 7 36 16 15 18 48 13 27 15 42 0 0 24 15 16 24 0 0 21 0 0 0 0 0 0 21 0 0 0 0 2 7 0 0 0 0 19 0 2 0 0 0 0 0 2 0 0 0 1 0 0 0 0 0 0 0 0 0 23 0 0 0 1 0 0 0 0 0 0 0 0 0 5 0 0 0 0 0 11 26 36 18 22 19 9 1 12 0 6 4 6 33 2 14 35 12 0 0 3 0 0 0 0 0 0 25 0 0 0 0 0 1 0 0 32 0 22 29 0 0 0 0 0 0 0 0 0 0 7 0 0 0 1 0 0 0 0 0 0 0 0 0 0 1 0 0 0 0 0 0 0 0 7 1 2 0 2 0 2 1 0 0 0 0 0 0 0 0 0 0 0 0 0 0 0 0 0 0 0 12 0 0 0 34 0 0 0 12 
 0 0 1 17 0 0 0 0 1 2 0 0 0 0 0 0 0 1 26 0 32 62 222 151 535 102 203 47 140 0 107 191 121 69 163 267 208 52 189 178 0 3 0 3 3 1 7 0 0 1 6 3 0 3 0 0 0 0 64 3 0 0 0 0 2 2 0 0 1 0 0 0 2 0 0 0 0 0 0 0 0 0 0 0 0 0 0 0 0 0 0 0 0 0 0 0 0 0 0 6 0 30 1 11 24 0 8 11 21 31 41 25 0 1 2 17 12 20 0 0 42 0 0 0 0 0 0 8 0 0 0 0 7 12 0 0 0 0 19 13 3 2 0 0 0 0 0 0 0 0 0 0 0 0 0 2 0 0 0 0 1 0 0 0 0 1 0 13 0 0 0 0 0 0 18 0 0 2 0 2 9 23 24 0 7 0 0 6 6 31 74 50 0 0 10 1 27 33 1 0 6 0 0 0 0 0 9 10 0 0 0 0 19 0 0 0 0 1 8 3 0 0 0 0 0 0 0 0 0 0 0 0 0 0 0 0 0 0 0 0 0 0 15 0 0 0 0 0 0 0 0 2 0 0 1 0 0 6 78 0 0 13 0 0 0 0 0 0 0 0 0 0 0 0 0 0 0 0 0 15 0 13 0 0 0 0 6 0 0 0 
 0 0 0 0 0 0 0 1 0 0 0 0 0 5 0 0 0 0 3 0 41 266 396 138 174 302 236 106 249 107 0 489 30 67 54 192 362 361 93 59 2 8 0 3 3 7 5 3 0 1 65 5 0 6 31 0 0 0 86 8 1 0 5 0 2 3 0 0 2 1 0 1 2 0 0 54 0 0 0 0 0 0 0 0 0 12 0 0 0 0 0 0 0 0 0 0 0 0 0 0 14 19 11 23 21 44 0 30 35 17 15 36 0 0 8 0 0 0 0 0 22 21 0 0 0 0 11 26 2 0 0 0 0 9 0 0 0 11 29 10 9 0 0 0 0 0 0 0 0 0 0 0 0 0 0 0 0 0 0 0 11 0 0 0 1 0 0 0 0 0 0 0 0 0 5 0 0 0 0 0 0 0 0 14 7 11 7 0 9 9 10 3 0 10 0 14 0 4 9 0 1 12 0 1 0 0 12 17 0 0 0 0 0 10 0 1 1 0 4 5 0 0 0 0 0 0 0 0 0 0 0 0 0 0 0 0 0 0 0 0 0 0 0 0 0 0 0 0 0 0 0 0 0 0 14 0 1 38 2 0 2 0 0 0 0 0 19 0 0 0 0 1 0 0 0 0 0 0 0 0 0 19 0 0 10 13 0 0 0 0 
 1 1 0 2 0 1 0 1 1 209 0 1 0 1 2 0 38 81 1 45 239 162 171 225 189 138 49 195 342 191 489 0 43 31 114 44 255 224 52 77 0 3 1 3 3 9 12 0 0 2 9 3 0 3 0 0 0 0 64 3 0 0 0 0 2 2 0 0 1 0 0 0 2 0 0 0 0 0 0 0 0 0 0 0 0 0 0 0 0 7 0 0 0 0 0 0 0 0 0 0 0 8 16 30 47 33 0 2 20 26 8 32 0 8 0 14 6 0 0 0 27 0 0 0 0 0 9 17 0 1 0 1 0 21 0 0 0 0 24 0 5 0 0 0 0 0 1 0 0 0 0 0 0 0 0 0 0 0 0 0 0 0 0 0 8 0 0 0 0 0 0 0 0 0 3 0 0 0 0 0 0 15 0 55 0 0 0 0 0 8 26 24 0 15 21 14 22 29 0 0 0 0 0 0 0 0 7 0 0 0 0 0 13 0 0 0 2 0 8 38 0 0 0 0 0 0 0 0 0 0 0 2 0 0 1 0 0 0 0 0 0 0 4 0 0 2 0 0 0 0 0 0 0 0 37 0 1 2 0 1 2 19 0 0 0 0 7 0 0 0 0 0 0 0 0 0 0 0 0 0 0 11 0 0 0 10 0 0 0 0 
 0 23 99 0 35 74 0 0 1 2 74 75 0 0 0 24 22 4 0 72 47 55 54 51 54 44 126 183 93 121 30 43 0 116 191 111 36 34 296 144 1 7 0 3 3 4 3 0 0 1 0 9 0 3 0 0 0 0 0 3 0 0 0 0 2 2 0 4 1 0 0 4 2 0 0 0 29 0 0 0 0 0 30 14 1 51 0 0 27 1 12 20 0 0 0 0 0 0 0 0 3 26 27 0 0 0 74 32 19 0 0 0 21 64 16 9 7 0 0 0 0 0 7 0 0 0 0 0 0 0 0 0 0 0 0 0 0 1 0 18 0 0 0 0 0 0 1 0 0 0 0 0 0 0 0 0 0 0 0 0 0 0 0 18 0 0 0 1 0 1 26 14 0 0 0 0 0 0 0 13 8 9 24 0 0 2 24 0 0 2 13 24 18 14 41 32 8 15 19 35 0 0 0 0 0 0 0 0 0 0 0 0 0 0 0 0 0 0 0 7 0 0 33 0 0 0 0 0 0 1 0 0 1 0 0 0 0 0 0 0 0 0 0 0 0 0 83 0 95 72 1 0 0 0 14 0 1 75 0 2 4 2 0 0 0 0 0 0 0 0 0 0 0 0 0 0 4 0 0 0 0 0 0 0 0 0 24 0 0 1 
 0 70 0 1 31 1 0 0 0 3 0 33 26 0 0 2 0 0 0 0 110 440 285 63 66 52 80 162 293 69 67 31 116 0 155 50 124 26 163 283 0 3 0 3 3 0 3 1 0 4 0 5 0 3 0 0 0 0 0 3 0 0 0 0 2 2 0 0 1 0 0 0 2 0 0 0 0 0 0 0 0 0 0 13 20 18 0 0 0 0 1 10 0 0 0 0 0 0 0 0 44 0 25 0 0 0 13 1 14 1 18 11 25 18 17 5 20 8 24 35 0 0 0 0 1 0 0 0 0 0 1 0 1 0 0 0 0 0 0 0 0 9 0 0 0 0 11 0 0 0 0 0 0 0 0 0 0 0 0 0 0 0 0 0 0 0 0 0 0 0 0 22 0 0 0 0 0 0 2 5 25 38 23 0 13 0 17 9 32 11 1 0 22 0 15 16 11 19 1 27 0 0 0 0 0 0 0 0 0 0 0 1 20 0 0 0 0 0 1 0 0 0 0 0 0 0 0 0 0 0 0 0 0 0 0 0 0 0 0 0 0 0 0 0 0 0 0 0 0 99 0 0 0 0 15 0 4 0 0 2 1 0 0 0 0 0 0 0 0 0 0 0 0 0 0 0 0 0 0 0 0 0 0 0 0 0 0 0 0 0 
 0 0 0 0 0 0 0 0 0 0 1 0 0 2 0 0 0 0 0 0 144 157 46 77 94 46 159 217 119 163 54 114 191 155 0 63 47 92 104 333 0 3 0 3 3 0 5 0 0 9 0 5 0 3 0 0 0 0 66 3 0 0 0 0 3 1 0 0 0 0 0 0 2 0 0 0 0 0 0 0 0 0 0 0 0 0 0 0 0 0 0 0 0 0 0 0 0 0 0 0 17 0 22 67 5 1 14 1 24 32 2 37 9 11 0 3 35 21 0 0 36 0 0 0 0 0 0 0 0 0 0 0 0 4 0 0 0 0 0 13 8 0 0 4 0 0 0 0 0 0 0 0 0 0 0 0 0 0 0 0 0 0 0 0 1 0 0 0 0 0 0 13 0 0 0 0 0 0 0 0 23 42 3 20 14 0 18 25 1 24 20 11 20 9 19 17 39 42 9 11 0 0 0 0 0 0 0 0 0 0 0 0 0 0 0 0 0 0 17 2 0 0 0 0 0 0 0 0 0 0 0 0 0 0 0 0 0 0 0 0 0 0 0 0 0 0 0 0 0 0 0 0 0 0 10 0 0 2 0 2 7 2 0 0 0 0 0 0 0 0 0 11 0 0 0 0 0 0 0 0 0 0 0 0 0 0 0 0 0 0 
 3 3 3 3 3 3 3 3 3 3 3 3 3 3 3 3 3 3 88 3 86 152 148 273 55 159 193 152 130 267 192 44 111 50 63 0 210 42 115 71 0 4 0 3 3 4 3 0 0 5 13 5 0 3 0 0 0 0 4 6 0 0 0 0 2 3 0 0 2 0 0 0 2 0 0 0 0 0 0 27 0 0 0 1 0 0 0 0 0 0 0 0 1 0 0 0 0 0 0 0 39 18 10 26 11 25 19 48 6 0 1 0 7 14 44 28 9 6 0 0 0 0 0 0 0 0 0 0 0 0 0 0 23 9 0 0 0 0 0 0 1 0 0 9 2 0 9 0 0 0 0 0 9 0 0 0 2 0 0 0 0 5 0 1 24 0 0 0 0 0 0 7 0 0 0 0 0 0 0 0 0 0 22 1 58 13 12 0 16 9 0 22 9 22 16 10 6 20 1 1 0 25 0 0 0 0 0 0 0 2 0 0 0 0 0 0 0 12 39 24 0 0 0 0 0 0 0 0 0 0 0 0 0 0 0 0 0 0 2 0 0 0 0 0 0 0 1 0 0 0 0 0 0 0 10 2 0 74 0 0 0 0 0 1 0 0 0 0 0 0 0 2 0 0 0 0 0 1 0 0 0 0 0 0 0 18 15 0 0 0 
 0 1 1 0 0 73 0 0 0 0 1 0 1 2 0 0 0 3 0 0 226 51 283 60 203 286 105 125 234 208 362 255 36 124 47 210 0 384 206 93 0 3 0 3 3 2 6 0 0 4 1 6 3 4 0 0 0 0 82 5 0 0 3 0 2 2 0 0 28 3 0 0 2 0 3 3 0 0 1 0 0 0 0 0 0 0 0 0 0 0 0 0 0 0 0 0 0 0 0 0 11 19 0 30 9 1 17 10 30 7 32 32 19 7 0 17 15 2 0 31 22 0 10 0 0 0 1 25 0 6 0 0 11 10 0 1 0 0 21 0 0 2 0 0 0 0 7 0 0 0 0 0 0 0 1 0 0 0 0 0 1 0 0 0 1 0 0 0 0 0 0 0 0 0 3 0 0 0 0 0 0 0 42 0 21 10 28 1 13 1 6 16 9 42 37 15 8 23 0 12 1 0 0 0 0 0 11 9 0 0 0 0 16 0 0 12 0 0 21 6 0 0 0 0 29 0 0 0 0 0 0 0 0 0 0 0 0 0 0 0 0 0 8 0 0 0 0 0 0 0 0 0 0 0 7 1 2 1 41 3 2 0 0 0 0 0 0 0 0 0 0 1 0 0 0 0 0 0 0 0 0 1 11 0 0 24 0 0 0 0 
 5 4 5 3 4 3 2 6 3 3 2 2 4 3 3 2 3 3 3 2 16 112 152 204 49 76 98 64 331 52 361 224 34 26 92 42 384 0 245 33 3 6 0 5 3 5 76 3 0 1 17 62 0 7 89 0 0 0 25 3 0 0 2 0 2 2 0 0 1 0 0 0 2 0 0 3 2 0 0 0 0 0 0 0 0 0 0 0 0 0 0 0 0 0 0 0 0 0 0 0 0 0 1 20 59 24 0 0 13 37 0 11 0 8 0 32 0 1 0 0 0 0 0 0 0 0 12 7 0 0 0 0 2 10 0 0 0 0 26 13 0 0 0 0 0 0 0 0 0 0 0 0 0 0 0 0 0 0 0 0 0 4 0 0 0 0 0 0 0 0 0 0 0 0 0 0 0 0 0 0 0 7 0 17 0 10 6 0 1 14 0 19 0 0 10 36 9 39 0 0 0 0 0 1 1 0 21 0 0 0 0 0 9 14 0 1 0 0 1 17 0 0 0 0 0 0 0 0 0 0 0 0 0 0 0 0 0 0 7 0 0 0 19 0 0 0 0 0 0 0 2 0 0 0 11 0 0 75 75 1 17 1 0 0 0 0 23 0 0 0 0 0 0 0 0 0 0 0 0 0 0 25 0 0 0 0 0 0 0 0 
 79 0 5 1 0 2 0 0 2 1 0 3 0 3 0 0 0 0 0 0 45 151 92 87 158 64 129 146 386 189 93 52 296 163 104 115 206 245 0 104 0 3 2 3 4 3 3 3 0 2 0 5 0 4 0 0 2 2 0 2 0 10 4 54 3 7 0 0 66 2 1 1 6 0 2 12 2 2 11 0 0 0 10 12 0 0 0 0 0 0 0 14 0 0 2 0 0 0 0 0 16 14 26 15 1 6 15 23 25 0 0 0 14 49 34 0 8 0 0 0 0 0 0 0 0 0 0 0 0 0 0 0 2 0 0 0 0 0 0 11 0 0 0 0 0 0 1 0 0 0 0 0 0 0 0 1 0 0 0 11 0 0 0 0 0 0 0 0 0 0 15 10 0 0 0 0 0 1 0 45 5 24 24 0 17 0 10 0 16 0 25 1 7 37 36 18 0 19 28 30 0 0 0 0 0 0 0 0 0 0 0 0 0 0 0 0 0 0 0 0 0 0 0 0 0 0 0 0 0 0 0 0 0 0 0 5 0 0 0 0 0 0 0 0 0 0 81 0 0 74 0 0 0 0 32 0 1 3 0 0 4 0 0 0 0 0 0 0 0 0 0 0 0 1 0 0 0 0 0 0 0 0 0 0 0 15 0 0 0 12 
 4 78 80 3 136 18 2 2 2 111 37 46 2 2 2 91 2 2 2 2 448 155 122 78 292 72 133 58 79 178 59 77 144 283 333 71 93 33 104 0 66 10 2 67 204 3 7 0 0 4 0 8 0 5 207 54 0 2 3 5 2 5 0 0 2 3 0 0 2 0 0 0 7 2 0 0 0 0 5 3 0 0 1 0 0 6 0 0 0 48 0 10 0 0 0 0 0 17 0 0 11 4 10 0 0 0 25 17 15 0 24 10 39 0 26 12 1 28 0 40 0 0 0 0 0 0 0 0 0 0 1 0 0 0 0 0 0 17 0 1 0 15 0 0 0 0 0 0 0 0 0 0 1 0 0 0 0 0 1 0 0 0 0 0 23 14 0 0 10 0 0 0 0 0 0 0 0 4 26 0 28 0 0 0 1 0 3 88 69 12 11 0 6 20 12 1 0 0 31 3 0 0 0 0 0 0 0 0 0 0 0 1 0 0 0 0 0 0 0 0 0 0 0 1 0 0 0 0 0 0 0 0 0 0 0 0 0 0 0 0 0 0 0 0 0 0 0 0 2 90 12 0 0 0 13 0 2 0 0 1 1 2 0 0 0 1 0 0 0 0 0 0 0 0 0 0 10 0 0 0 0 0 0 0 0 0 0 0 0 0 
 0 0 3 0 2 0 0 0 0 3 0 3 0 0 0 0 0 0 0 0 2 0 0 2 66 68 0 0 0 0 2 0 1 0 0 0 0 3 0 66 0 97 216 317 90 35 344 170 29 86 155 76 135 170 31 43 322 94 32 141 0 7 2 3 0 0 0 52 5 0 0 0 0 0 8 16 0 0 0 0 0 0 0 0 0 0 0 0 0 0 0 0 0 0 0 0 0 0 0 0 0 0 0 0 0 0 0 0 9 0 0 0 0 0 0 0 0 0 0 0 19 12 8 19 19 3 1 0 14 52 21 20 0 0 0 19 7 8 0 0 0 0 0 0 11 36 0 0 3 9 9 22 0 0 0 2 0 0 0 1 0 0 0 0 0 0 0 0 0 0 0 0 0 0 0 0 0 0 0 0 0 0 0 0 0 0 0 0 0 0 0 0 0 0 0 0 9 0 0 0 15 0 19 41 12 0 3 0 16 0 1 1 14 0 8 0 17 5 0 0 0 0 0 12 0 0 0 0 3 0 8 0 0 1 0 0 0 0 12 11 0 0 0 0 0 0 0 0 0 27 0 1 0 1 0 0 0 0 0 0 0 0 1 0 0 20 2 0 0 0 3 0 0 0 0 0 0 0 0 0 0 0 0 0 0 1 0 11 2 0 
 2 4 0 0 0 0 0 3 0 2 56 0 0 0 0 0 0 14 0 65 3 3 3 3 3 0 3 3 3 3 8 3 7 3 3 4 3 6 3 10 97 0 165 185 49 316 194 195 68 130 127 43 155 92 158 76 168 108 42 277 0 1 0 0 2 0 0 0 0 0 0 0 0 0 0 0 0 0 0 0 0 3 0 0 0 0 0 0 0 5 0 0 0 5 56 0 0 2 0 0 0 0 0 0 0 9 0 0 0 0 0 0 0 0 0 0 0 0 2 0 26 10 25 6 25 2 6 0 0 0 0 7 18 0 46 0 0 0 0 9 0 0 0 0 0 0 26 1 0 0 0 10 0 0 0 0 0 0 21 0 0 0 6 1 0 0 1 0 0 0 0 0 9 0 2 0 8 5 0 18 0 0 0 0 0 0 0 0 0 0 0 0 0 0 0 1 0 0 0 0 22 0 30 13 0 0 8 19 33 20 12 22 0 0 8 32 22 2 0 0 0 0 0 0 0 0 0 0 0 0 0 0 0 1 0 15 0 0 3 2 0 0 0 0 0 0 2 0 0 0 0 13 0 1 0 0 0 0 0 0 0 0 8 65 1 41 4 66 0 0 9 0 0 0 0 0 0 0 0 0 0 0 0 0 0 7 0 0 2 0 
 0 0 0 0 0 0 0 63 0 3 0 0 0 0 0 0 0 3 0 17 0 0 0 1 0 0 0 1 1 0 0 1 0 0 0 0 0 0 2 2 216 165 0 209 185 534 125 131 179 46 124 262 209 139 377 233 187 89 28 346 0 0 0 0 0 207 0 0 0 0 0 0 0 0 0 0 0 0 0 0 0 0 0 0 0 0 13 0 0 0 0 0 0 0 0 0 0 0 0 0 0 0 0 0 0 0 0 0 0 0 0 0 0 0 0 0 0 0 0 0 0 26 7 9 15 10 7 3 0 1 31 10 10 0 14 4 17 7 0 0 0 0 0 0 0 0 31 20 28 0 0 0 5 0 0 0 0 1 0 0 0 0 0 0 0 0 0 0 0 0 0 0 1 0 0 0 0 0 0 0 0 0 0 0 0 0 0 0 0 0 0 0 0 0 0 0 0 0 0 0 3 0 9 6 0 23 0 23 21 11 13 17 0 3 6 9 13 0 0 9 0 0 3 0 0 0 0 0 0 0 0 0 1 0 0 0 0 0 35 9 0 0 8 0 0 0 0 0 0 0 0 1 0 0 0 0 0 0 0 10 0 9 0 0 4 44 2 0 0 0 29 0 0 0 0 0 0 0 0 0 0 0 0 0 35 4 0 8 0 0 
 2 2 3 2 3 3 3 1 3 1 3 3 3 2 1 3 2 4 2 3 3 3 3 3 3 3 3 3 3 3 3 3 3 3 3 3 3 5 3 67 317 185 209 0 114 99 285 150 142 126 148 244 279 88 347 159 294 386 53 362 0 0 0 0 0 0 0 0 0 0 0 0 0 0 2 0 0 0 0 0 0 0 0 0 0 0 0 0 0 0 0 0 0 0 0 0 0 0 0 0 0 0 0 0 0 2 0 0 14 0 0 0 0 0 0 0 0 0 0 0 42 6 2 17 0 11 19 0 1 18 12 13 0 0 31 25 0 15 0 3 0 0 0 0 4 0 0 0 0 0 0 19 0 0 0 0 0 0 0 10 0 0 0 0 0 0 0 0 0 0 0 0 0 0 0 0 0 0 0 0 0 0 0 0 0 0 0 0 0 0 0 0 0 0 0 0 8 0 0 0 60 0 21 20 58 0 14 0 7 0 19 8 0 0 6 8 47 8 0 0 0 0 0 0 0 0 8 0 0 0 0 0 0 0 9 0 0 0 9 27 0 0 0 0 0 0 0 0 0 0 0 0 0 0 0 0 0 0 0 63 0 0 66 0 0 2 3 64 2 2 0 0 0 0 0 0 0 0 0 0 0 0 0 0 0 6 0 0 0 0 
 0 0 0 0 0 0 0 0 0 0 0 0 0 0 0 0 0 0 0 62 3 3 3 3 3 3 3 3 3 3 3 3 3 3 3 3 3 3 4 204 90 49 185 114 0 220 75 52 103 303 233 112 196 288 326 89 158 191 60 90 0 0 0 0 0 0 1 27 0 0 0 0 20 0 0 0 0 0 74 58 0 0 0 0 0 0 0 0 0 9 0 0 0 0 0 0 0 0 0 0 0 0 0 2 0 0 0 0 0 0 0 0 0 0 0 0 0 0 0 0 0 0 1 20 23 10 51 0 0 0 0 8 0 0 0 9 10 18 0 0 12 0 0 0 0 0 20 0 10 0 0 0 0 12 0 3 0 0 24 22 0 0 0 0 0 10 0 7 0 0 0 0 3 0 0 0 0 0 0 0 0 0 0 0 0 0 0 0 0 0 0 0 0 0 0 0 0 0 0 0 0 0 1 10 17 30 0 21 7 33 43 19 0 0 10 0 14 19 0 0 2 0 0 0 0 0 0 0 0 10 0 0 8 0 7 10 0 1 16 15 0 0 20 0 0 0 0 0 0 0 0 3 0 0 0 0 0 1 0 8 0 0 5 0 1 5 0 0 0 3 0 0 0 0 0 0 0 0 0 0 0 0 0 0 2 0 0 0 0 0 
 0 0 0 0 0 0 61 0 0 0 0 0 0 3 0 0 0 3 0 0 0 1 6 4 5 6 0 4 0 1 7 9 4 0 0 4 2 5 3 3 35 316 534 99 220 0 51 104 51 55 213 112 48 49 66 95 155 333 52 313 0 0 0 0 0 0 43 2 0 51 0 6 5 2 0 1 2 0 0 0 0 0 0 0 0 0 0 0 0 0 0 0 0 0 0 0 0 0 0 0 0 0 15 1 5 3 0 4 3 0 0 0 0 0 0 0 0 0 0 0 0 0 0 1 14 0 0 0 0 20 16 7 0 0 0 17 0 1 0 0 0 8 12 0 0 13 19 0 0 0 0 0 11 0 0 0 26 10 0 10 0 0 0 0 0 0 0 0 0 0 0 0 13 0 0 0 0 0 10 0 0 0 0 0 0 0 0 0 0 5 0 0 0 0 0 0 0 9 0 0 0 0 28 1 19 4 0 0 14 0 0 0 0 0 0 25 1 0 0 10 13 0 10 0 0 3 6 12 0 0 0 0 50 16 9 50 12 14 0 18 6 0 0 0 0 0 0 0 0 0 0 8 0 0 0 0 0 0 0 15 0 0 0 4 63 2 0 0 0 0 0 0 0 0 0 0 0 0 0 0 0 3 0 0 8 0 0 7 0 0 
 0 0 0 0 0 0 63 0 0 3 0 2 2 3 0 0 0 0 0 0 55 65 12 32 7 0 3 9 64 7 5 12 3 3 5 3 6 76 3 7 344 194 125 285 75 51 0 344 57 269 79 66 364 396 93 29 39 41 66 76 0 6 0 0 0 6 0 0 0 51 0 0 0 0 0 71 4 0 0 0 0 0 0 0 0 0 0 0 0 0 0 0 0 0 0 0 0 0 0 0 0 0 12 29 5 8 0 0 18 8 0 5 0 0 0 0 0 0 0 0 3 20 14 20 0 18 21 0 0 11 0 0 0 17 6 0 0 0 1 11 0 0 0 0 0 0 0 0 0 0 0 0 0 0 0 0 0 0 0 0 0 0 0 0 0 0 0 2 1 3 9 0 0 0 0 0 0 0 0 0 0 0 0 33 0 0 0 0 0 0 0 6 0 0 0 0 3 1 0 0 30 11 10 0 1 0 28 0 0 0 3 2 5 18 6 0 29 0 0 35 0 0 0 0 0 0 0 0 0 0 0 0 0 11 10 0 0 0 0 0 0 0 3 0 0 0 0 0 0 0 0 6 0 1 0 0 0 0 26 0 0 0 0 0 0 0 0 53 0 0 0 0 0 0 0 0 0 0 0 0 0 23 0 0 0 9 0 0 2 0 
 0 35 2 0 0 0 0 0 0 2 0 0 0 3 0 0 0 0 0 0 0 0 0 0 0 129 0 0 0 0 3 0 0 1 0 0 0 3 3 0 170 195 131 150 52 104 344 0 83 74 40 251 106 453 81 107 281 97 51 192 2 0 0 0 0 0 2 61 0 7 0 0 0 0 1 0 0 0 50 0 0 0 0 0 0 0 0 0 0 0 0 0 0 0 0 0 0 0 0 0 0 0 18 0 0 0 0 0 9 0 0 0 0 0 0 0 0 0 0 0 19 7 8 8 0 0 18 0 35 44 9 8 1 6 0 21 45 9 0 0 0 0 0 0 0 21 14 8 0 3 0 4 3 0 0 13 0 0 6 11 0 0 0 0 0 0 0 0 0 0 0 0 0 0 0 0 0 0 0 0 0 0 0 0 5 0 0 0 0 0 0 2 0 0 0 0 0 0 0 0 15 13 26 26 5 11 10 0 12 23 0 0 9 0 30 14 32 9 0 0 0 0 12 0 0 0 29 7 0 0 0 1 0 3 0 0 6 8 1 9 0 0 0 0 0 0 0 0 0 0 0 12 1 0 0 0 0 0 0 0 0 0 68 0 33 18 10 1 0 0 5 0 0 0 0 0 0 0 0 0 0 0 0 0 16 10 0 0 0 0 
 0 0 1 0 0 0 0 0 0 0 0 0 0 0 0 0 0 0 0 0 0 0 0 0 0 1 0 0 0 0 0 0 0 0 0 0 0 0 0 0 29 68 179 142 103 51 57 83 0 341 49 257 117 154 91 61 307 416 73 63 0 0 0 0 0 0 0 0 0 0 0 0 0 0 0 0 0 0 65 0 0 0 0 0 0 0 0 0 0 0 0 0 0 0 0 0 0 0 0 0 0 0 0 0 0 0 0 0 0 0 0 0 0 0 0 0 0 0 0 0 0 6 9 6 33 19 63 2 4 23 26 8 0 18 11 0 49 47 0 0 19 0 0 0 0 0 0 21 29 0 0 0 9 5 0 0 3 1 23 0 0 0 0 0 0 0 0 0 0 0 0 0 0 0 0 0 0 0 0 0 0 0 0 0 0 1 0 0 0 0 0 0 0 0 0 0 1 0 0 0 1 4 0 18 1 42 1 1 7 15 15 5 0 0 32 0 1 16 1 1 7 0 7 0 0 0 9 1 0 0 0 0 11 0 0 0 0 0 1 15 0 0 0 0 0 0 0 0 0 0 0 2 0 0 0 1 0 0 1 1 0 0 47 0 3 7 1 0 0 0 0 0 0 0 0 0 0 0 0 0 0 0 0 0 0 0 0 0 0 0 
 0 0 0 0 0 0 0 0 0 0 0 0 0 0 0 0 0 0 0 0 1 6 1 2 3 2 5 3 14 1 1 2 1 4 9 5 4 1 2 4 86 130 46 126 303 55 269 74 341 0 151 495 282 334 102 287 132 150 81 398 2 0 0 0 0 0 0 1 0 0 0 0 0 0 36 0 0 0 51 51 0 0 0 0 0 0 0 0 0 0 0 0 0 0 0 0 0 0 0 0 0 0 0 0 0 0 0 4 0 0 0 0 0 0 8 9 0 0 0 0 6 0 7 11 54 12 0 0 11 18 0 17 19 0 10 22 0 4 0 0 10 0 0 0 0 0 0 0 21 0 0 14 0 71 26 6 0 0 22 0 0 0 4 0 0 0 0 0 0 0 0 0 0 13 0 0 0 0 0 0 4 15 17 0 3 0 0 0 0 0 0 0 2 0 0 0 3 0 0 0 20 0 14 42 1 35 10 17 13 25 0 21 1 1 0 13 9 11 5 0 0 0 0 0 0 0 0 0 0 0 0 0 0 0 1 12 0 0 10 10 0 0 0 0 0 0 0 0 0 0 0 2 0 0 0 0 0 0 0 0 0 0 2 70 4 0 0 2 0 0 16 0 0 0 0 0 0 0 0 0 0 0 0 0 0 0 0 0 0 0 
 3 3 5 3 3 3 2 52 3 3 3 3 3 3 3 3 3 3 3 3 0 0 6 6 6 20 67 0 0 6 65 9 0 0 0 13 1 17 0 0 155 127 124 148 233 213 79 40 49 151 0 110 637 46 122 167 215 114 257 356 0 3 0 0 0 0 0 0 0 6 0 1 0 0 0 59 0 0 3 0 0 0 0 0 0 0 0 0 0 0 0 0 0 0 0 0 0 0 0 0 0 0 2 6 26 7 0 14 4 8 0 0 0 0 1 0 0 0 0 0 0 40 34 0 6 14 0 0 0 17 13 54 1 0 10 3 0 1 1 0 0 5 0 0 0 10 28 0 0 0 0 0 0 0 0 0 0 0 12 22 0 0 0 0 0 0 0 0 0 0 0 0 4 0 0 0 0 0 0 0 0 0 0 0 0 0 0 0 0 11 4 0 0 0 0 0 0 31 0 0 0 16 1 28 19 0 8 14 24 16 0 11 2 0 7 25 0 30 0 14 0 0 0 0 0 0 0 0 0 0 0 0 0 11 4 0 0 0 37 16 0 0 14 0 0 0 0 0 0 0 0 15 0 0 0 0 0 0 0 13 0 0 2 0 1 0 2 1 2 0 0 0 0 0 0 0 0 0 0 0 0 6 0 0 38 0 0 8 0 0 
 1 0 0 6 2 3 2 0 2 3 2 2 2 3 1 0 2 0 2 1 9 4 5 3 10 0 3 3 6 3 5 3 9 5 5 5 6 62 5 8 76 43 262 244 112 112 66 251 257 495 110 0 304 141 40 30 226 109 32 279 0 0 0 0 9 0 0 0 210 0 0 0 0 0 0 0 0 0 0 0 0 0 15 0 0 0 0 0 1 0 0 0 0 0 0 0 0 0 0 0 3 3 0 0 0 0 0 0 0 0 2 0 3 0 0 0 4 0 0 1 0 0 0 3 11 0 0 0 1 10 0 0 0 1 0 0 8 2 0 0 1 7 6 0 0 0 0 0 0 0 2 0 19 0 0 1 14 14 0 0 0 0 0 0 2 0 0 0 0 0 0 1 1 0 0 0 0 0 0 0 1 0 0 1 0 0 1 3 4 0 1 0 0 2 1 0 0 0 1 0 0 2 0 0 0 0 22 0 3 0 0 0 0 0 0 0 13 0 14 0 17 2 0 4 0 0 27 3 0 0 0 0 0 0 0 4 0 0 20 9 23 0 0 0 0 0 0 0 2 0 0 5 0 0 0 0 0 0 0 15 0 0 36 0 1 15 0 0 0 0 0 0 0 0 0 0 0 0 0 0 0 0 0 0 0 0 0 0 0 0 
 0 0 0 0 0 0 0 0 0 0 0 6 0 0 0 0 0 0 0 0 0 0 0 0 0 2 0 0 0 0 0 0 0 0 0 0 3 0 0 0 135 155 209 279 196 48 364 106 117 282 637 304 0 195 59 290 121 71 90 112 0 10 2 4 1 68 0 0 204 10 35 0 0 0 0 5 0 1 3 0 0 0 0 0 0 0 0 0 0 0 0 0 0 0 0 0 0 0 0 0 0 0 0 0 2 0 0 0 0 0 0 0 0 0 0 0 0 0 0 0 0 38 20 12 9 0 1 0 1 14 16 1 19 0 21 1 21 10 0 0 0 0 0 0 14 0 2 3 3 3 0 0 0 0 0 0 0 0 0 1 0 0 0 0 0 0 0 0 0 0 0 0 0 0 0 0 0 0 0 0 0 0 0 29 0 0 0 0 0 0 0 0 0 0 0 0 0 0 0 0 31 17 13 0 2 0 11 11 19 18 0 7 2 0 25 8 37 0 0 0 0 0 0 7 0 0 0 0 5 0 5 0 0 10 1 0 0 0 24 10 0 0 0 0 0 0 0 0 0 0 0 8 0 0 0 0 0 0 0 0 0 0 1 0 0 10 1 35 0 0 13 0 0 0 0 0 0 0 0 0 0 0 0 0 0 8 0 7 0 0 
 0 26 0 5 0 0 0 2 8 3 0 0 0 0 0 0 0 0 0 0 8 3 3 89 64 62 3 3 5 3 6 3 3 3 3 3 4 7 4 5 170 92 139 88 288 49 396 453 154 334 46 141 195 0 353 323 51 34 389 436 0 0 0 0 17 0 53 0 0 0 0 0 0 0 0 2 0 0 0 0 0 0 4 0 0 22 0 0 6 0 8 1 0 0 0 0 0 0 15 0 6 4 0 0 19 10 0 0 0 0 0 1 6 2 5 0 7 0 0 0 0 0 19 15 0 0 22 89 73 0 1 1 29 13 59 22 52 20 0 10 0 0 0 0 7 0 0 14 0 5 0 0 0 0 0 11 0 0 0 0 0 0 0 0 0 0 0 0 0 7 0 9 0 0 0 0 0 0 0 0 0 0 0 29 14 57 2 7 1 0 0 0 0 0 0 0 0 0 7 0 5 15 11 3 0 0 4 36 13 30 0 7 20 8 8 3 24 32 0 0 0 2 0 0 0 0 0 0 0 0 0 0 0 0 5 0 0 0 0 0 0 0 0 0 0 0 0 0 0 0 0 9 0 2 0 0 0 63 0 0 0 0 2 0 1 10 10 0 1 0 9 0 0 0 0 0 0 0 0 0 0 0 0 0 0 0 0 0 0 0 
 3 3 3 3 3 3 7 2 3 9 3 68 3 19 41 12 3 2 3 5 0 0 1 0 0 67 0 0 0 0 31 0 0 0 0 0 0 89 0 207 31 158 377 347 326 66 93 81 91 102 122 40 59 353 0 80 131 95 66 142 0 2 0 0 0 0 19 0 0 0 0 0 0 0 0 0 0 0 0 0 0 0 0 5 0 0 34 0 0 0 0 0 6 0 0 0 0 0 0 0 0 0 0 0 0 13 0 0 0 0 0 0 0 0 0 0 0 0 0 0 11 38 0 0 0 0 7 5 0 1 0 0 14 0 7 0 12 20 19 45 0 0 0 0 0 0 19 0 48 0 0 0 0 0 0 0 0 0 8 0 7 0 37 9 0 0 6 5 4 0 0 0 4 0 0 0 0 0 0 0 0 0 0 0 7 15 0 0 0 0 0 0 0 0 10 0 8 0 0 0 18 18 0 0 20 1 25 9 0 74 43 20 65 17 20 0 13 10 20 20 0 0 0 0 0 0 0 0 0 0 0 0 0 0 0 0 0 0 0 0 0 0 3 0 0 0 0 0 0 0 0 0 0 2 0 0 0 23 64 0 0 0 0 0 0 1 0 0 0 0 0 0 0 0 0 0 0 0 0 0 0 0 0 0 9 0 0 0 0 0 
 0 0 2 0 0 0 0 0 0 0 0 0 0 0 0 0 0 0 0 0 0 0 0 0 0 68 0 0 0 0 0 0 0 0 0 0 0 0 0 54 43 76 233 159 89 95 29 107 61 287 167 30 290 323 80 0 112 148 246 200 0 0 0 0 0 0 0 0 0 0 0 0 0 0 0 0 0 0 0 0 0 0 0 0 0 0 0 0 0 0 0 0 0 0 0 0 0 0 0 0 0 0 0 0 0 0 0 0 0 0 0 0 0 0 0 0 0 0 0 0 0 10 0 1 26 13 5 0 39 0 26 9 11 0 11 9 15 12 0 0 0 0 15 0 0 0 8 38 20 7 0 0 0 0 0 0 0 0 14 3 0 0 4 0 0 0 0 0 0 0 0 0 5 0 0 0 0 0 0 0 0 10 0 0 10 0 0 0 0 0 0 0 0 0 0 0 0 0 0 0 27 1 27 0 5 21 0 9 2 28 18 10 16 0 17 12 19 0 0 0 0 0 6 0 0 0 0 1 0 0 0 0 7 0 1 10 0 0 19 2 0 0 0 0 0 0 0 0 69 0 0 4 0 0 0 0 0 0 0 3 0 0 0 64 1 0 0 0 0 0 10 0 0 0 0 0 0 0 0 0 0 0 0 0 0 0 0 7 0 0 
 0 0 3 0 0 0 0 0 0 2 0 0 2 0 2 0 0 0 0 0 0 0 0 0 0 2 0 0 0 0 0 0 0 0 0 0 0 0 2 0 322 168 187 294 158 155 39 281 307 132 215 226 121 51 131 112 0 273 50 234 0 0 0 0 0 1 0 0 2 2 70 0 58 2 0 0 0 0 73 4 0 0 0 0 0 0 0 0 0 0 0 0 0 0 0 0 0 0 0 0 0 0 0 0 0 0 0 0 0 0 0 0 0 0 0 0 0 0 10 0 0 0 0 14 50 26 0 0 0 3 14 4 0 0 0 10 25 37 0 0 30 0 0 0 0 0 11 10 18 0 0 0 0 5 9 4 0 0 24 23 0 0 0 0 0 0 0 0 0 0 0 0 0 0 0 0 0 0 0 0 0 0 0 11 0 0 0 0 0 0 0 0 0 0 0 0 0 0 0 0 0 0 6 15 14 61 0 1 9 14 56 2 0 0 26 0 14 6 0 0 16 0 2 0 0 0 9 0 0 0 0 0 25 0 9 0 0 0 0 28 0 0 8 0 0 0 0 0 0 0 0 14 0 0 0 0 0 0 0 7 0 0 66 1 1 0 3 0 9 0 0 0 0 0 0 0 0 0 0 0 0 0 0 0 0 0 0 0 0 0 
 4 4 2 2 2 2 2 2 2 2 2 2 2 2 2 2 2 4 3 2 0 4 0 0 0 4 0 3 1 0 0 0 0 0 0 0 0 0 2 2 94 108 89 386 191 333 41 97 416 150 114 109 71 34 95 148 273 0 32 24 0 9 4 0 0 2 0 1 2 0 0 0 0 0 0 7 0 1 29 1 0 0 0 0 0 0 0 0 0 0 0 0 0 0 0 0 0 0 0 0 0 0 0 0 0 0 0 0 0 0 12 0 0 0 0 0 0 0 0 0 0 35 13 0 0 8 0 0 0 41 0 9 0 0 0 6 0 10 0 0 0 0 0 0 18 1 35 0 12 7 5 0 0 27 6 19 0 0 32 0 0 0 5 0 0 0 0 0 0 0 0 0 1 0 0 0 0 0 0 0 0 0 0 0 0 0 0 0 0 0 0 0 0 0 0 0 0 0 0 0 0 21 12 13 13 32 1 16 13 18 0 28 0 0 7 11 0 34 0 0 14 0 0 14 0 1 4 0 2 0 6 0 0 10 0 13 14 0 0 13 0 0 18 0 0 2 0 0 0 0 0 5 1 0 0 0 0 0 0 11 0 0 7 0 64 0 2 3 0 0 3 0 0 0 0 0 0 0 0 0 0 0 0 0 0 0 0 0 0 0 
 0 0 0 0 0 0 0 0 3 0 0 0 0 0 0 0 0 0 3 0 0 61 105 110 231 0 0 146 185 64 86 64 0 0 66 4 82 25 0 3 32 42 28 53 60 52 66 51 73 81 257 32 90 389 66 246 50 32 0 119 0 0 0 0 0 0 0 0 0 0 0 0 0 0 0 0 0 0 0 0 0 0 0 0 0 45 0 0 0 0 0 0 0 0 0 0 32 0 0 0 0 7 9 8 40 62 0 0 10 20 21 32 0 0 15 0 7 1 0 0 24 0 0 0 0 0 6 68 0 0 0 0 1 35 0 0 1 0 24 0 4 0 0 0 0 0 0 0 0 0 0 0 0 0 19 0 0 0 0 0 0 0 0 0 11 0 0 0 0 0 0 0 0 0 4 0 0 0 0 0 1 11 15 25 1 42 0 1 1 49 35 23 0 0 1 0 8 12 0 0 0 5 0 1 0 0 1 16 0 0 0 0 0 1 0 1 0 0 11 9 0 0 0 0 0 0 0 0 0 0 0 0 0 0 0 0 0 0 0 0 0 0 0 0 0 0 0 0 0 0 0 13 0 2 0 0 0 63 0 2 0 10 2 0 0 0 9 0 1 0 0 0 0 0 0 2 0 0 0 14 0 1 0 0 0 0 0 0 1 0 
 1 58 4 61 2 1 65 60 1 1 26 2 1 63 68 61 65 62 0 1 3 4 5 68 69 30 3 7 2 3 8 3 3 3 3 6 5 3 2 5 141 277 346 362 90 313 76 192 63 398 356 279 112 436 142 200 234 24 119 0 0 0 203 0 0 0 0 0 0 0 0 0 0 0 33 0 1 0 0 0 0 0 0 4 8 10 0 16 1 0 10 0 0 0 0 16 10 0 0 0 10 0 5 0 1 2 0 4 0 0 0 0 0 0 3 2 0 0 10 0 31 26 0 8 0 0 14 1 55 0 18 13 27 0 9 17 20 1 0 0 0 0 0 0 0 0 0 11 0 5 0 11 0 0 0 15 0 0 0 0 0 0 0 0 0 3 0 0 0 0 0 0 0 0 0 8 0 0 0 0 0 1 0 0 14 1 0 0 0 5 0 0 0 0 0 0 2 21 9 0 26 0 19 5 1 0 4 20 9 40 0 7 17 0 15 1 28 0 3 3 0 0 0 0 0 0 0 0 0 0 0 0 0 0 0 0 0 0 4 0 0 0 0 0 0 0 0 0 0 0 0 10 0 1 0 0 0 1 0 2 0 0 2 0 4 5 0 1 3 0 9 0 0 0 0 0 1 0 0 0 0 0 0 0 0 0 0 9 2 0 
 2 2 2 2 2 2 2 2 2 2 2 2 2 2 2 2 2 2 2 2 0 0 0 0 0 0 0 0 0 0 1 0 0 0 0 0 0 0 0 2 0 0 0 0 0 0 0 2 0 2 0 0 0 0 0 0 0 0 0 0 0 120 74 63 75 25 189 162 57 109 35 67 131 343 109 254 281 82 102 67 0 0 0 0 0 0 0 0 0 0 0 0 0 0 0 1 0 0 0 0 0 0 0 0 0 0 0 0 0 0 0 0 0 0 0 0 0 0 0 0 0 0 0 0 0 0 0 0 0 0 0 0 0 0 0 0 0 0 0 0 10 26 19 25 39 7 16 24 2 10 17 31 9 0 0 0 14 32 0 9 0 0 0 0 0 0 0 0 2 0 0 0 0 0 0 0 1 0 0 0 0 0 0 0 0 0 0 0 0 0 0 0 0 0 0 0 0 0 0 0 0 0 0 0 0 8 0 0 0 0 0 0 0 0 0 0 0 0 0 0 18 65 15 9 14 27 10 56 7 0 11 34 8 27 10 30 8 41 0 0 0 0 0 0 0 0 0 0 0 0 0 0 0 1 2 0 0 0 0 0 0 0 0 0 0 0 30 0 0 0 24 2 0 25 2 60 0 0 0 0 0 0 0 0 0 0 0 14 47 0 
