 0 324 97 283 32 246 73 265 258 60 31 22 63 51 384 134 67 171 375 275 0 2 0 1 0 2 0 6 4 2 0 3 0 6 40 0 2 0 3 4 94 0 0 0 4 0 64 0 1 0 2 0 3 0 0 0 0 0 2 3 2 2 6 2 0 1 0 0 0 42 3 0 4 3 0 0 2 3 0 6 0 20 0 13 4 1 36 15 25 0 19 13 0 0 31 6 11 23 1 16 0 0 0 0 0 0 0 0 0 0 0 0 0 0 0 0 0 0 0 2 0 0 0 0 0 0 0 0 0 0 0 0 0 0 0 0 0 11 0 0 0 0 0 0 0 0 0 5 0 0 0 0 0 0 0 0 0 0 0 0 1 11 0 14 0 0 8 0 0 14 1 0 0 0 0 17 18 8 0 0 0 0 0 0 0 0 2 0 0 0 0 0 0 0 0 0 0 0 10 3 2 0 0 0 0 0 0 0 0 0 0 0 0 0 0 0 0 0 0 0 0 0 0 0 0 0 0 2 0 0 0 0 0 0 0 0 0 0 1 0 0 14 0 0 0 4 2 0 0 0 2 3 0 0 0 0 0 0 0 0 0 0 10 0 0 0 0 0 0 0 0 0 0 0 0 0 0 0 0 0 0 0 0 0 0 0 0 0 0 0 
 324 0 223 53 47 26 79 246 367 63 32 42 235 55 318 37 481 215 88 251 1 0 0 0 0 3 0 0 4 2 0 17 75 2 0 0 0 0 0 6 0 0 64 0 0 5 3 0 1 0 2 0 0 1 0 0 0 0 2 5 2 3 0 3 0 8 0 0 0 2 3 0 0 3 0 0 5 0 0 5 40 1 29 28 14 3 28 43 26 10 16 11 0 14 0 10 52 8 0 13 0 2 0 0 0 0 0 0 0 0 0 7 11 19 0 0 0 0 0 0 0 0 0 0 0 0 0 0 0 0 0 0 0 0 0 0 0 0 0 0 14 0 0 0 0 0 0 0 0 10 0 0 0 0 0 2 0 0 0 1 25 11 24 3 0 0 23 6 9 0 18 10 0 17 0 0 55 49 10 0 14 0 0 0 0 0 0 0 0 16 0 0 0 0 0 0 0 0 25 2 0 2 2 16 2 0 14 0 0 0 0 0 0 0 0 0 0 0 0 0 0 0 0 0 0 0 0 0 0 0 0 0 0 0 0 0 0 0 0 0 0 0 0 0 0 4 0 0 90 2 0 2 0 0 0 0 0 0 0 0 0 0 14 0 0 0 0 0 0 0 0 0 0 0 0 8 3 0 0 0 0 0 0 0 0 0 0 0 0 0 
 97 223 0 93 52 34 58 379 203 57 143 110 129 154 144 131 226 34 36 353 0 0 0 0 0 2 0 0 2 2 0 0 76 0 2 1 0 0 0 38 0 0 0 0 0 0 3 0 0 0 2 0 0 0 0 0 0 0 2 3 4 3 0 3 0 0 1 0 0 0 3 0 0 4 0 0 9 0 4 0 29 0 63 6 10 24 0 15 12 12 26 1 24 14 15 0 68 17 15 10 20 0 1 0 0 0 13 0 0 0 0 5 10 13 0 0 1 0 18 0 0 0 0 0 2 0 0 0 0 12 0 2 0 0 0 0 0 0 0 0 0 0 0 0 0 0 0 0 0 0 0 0 0 0 0 1 0 0 2 0 2 14 1 27 11 13 0 0 24 0 30 24 0 10 0 0 49 9 0 0 30 0 0 0 0 0 0 0 0 0 28 0 0 0 0 0 0 0 22 24 0 0 0 0 0 0 0 0 0 0 2 0 0 0 0 0 0 0 0 0 0 0 0 0 0 21 0 0 0 0 0 0 0 0 0 0 0 0 0 0 0 0 0 0 0 0 0 0 90 0 0 12 1 0 0 0 0 0 0 0 0 0 0 73 0 0 0 0 0 0 0 0 0 0 0 1 12 0 0 0 0 0 0 0 0 0 0 0 0 0 
 283 53 93 0 330 453 77 150 80 209 248 311 51 83 127 192 158 35 523 59 0 0 0 0 0 4 75 25 0 2 0 1 1 0 78 2 0 48 22 27 0 0 0 0 0 0 3 0 1 0 2 0 0 0 0 0 0 0 2 3 2 11 0 3 0 0 0 0 0 0 3 0 0 3 7 0 3 0 0 0 0 12 1 11 10 0 0 9 11 10 17 10 0 9 20 10 0 1 0 0 9 0 2 0 0 0 0 0 0 0 0 0 37 24 20 0 16 0 53 13 0 0 0 0 1 0 0 0 0 0 2 1 0 0 0 0 0 0 0 0 0 0 0 0 0 0 2 0 0 0 0 0 0 0 6 0 9 0 1 0 14 2 1 0 11 7 26 0 19 31 0 10 0 0 11 32 15 0 0 0 19 0 19 0 0 0 12 14 2 0 0 0 42 2 11 0 0 0 0 2 15 0 0 1 2 0 0 0 0 0 0 0 0 0 0 0 0 0 0 0 0 2 0 0 0 0 0 0 0 0 0 0 0 0 0 0 0 0 0 0 0 14 0 0 0 4 118 0 1 2 18 21 0 0 0 0 0 2 0 0 0 0 0 0 0 0 0 0 0 0 0 0 0 0 0 0 0 0 0 0 0 0 0 0 0 0 0 0 0 0 
 32 47 52 330 0 478 40 136 74 245 276 357 53 79 476 164 253 52 71 71 0 0 0 0 0 2 286 74 0 2 0 0 0 0 0 0 0 107 1 14 0 0 0 0 0 0 3 0 1 0 2 0 0 0 62 0 1 0 2 3 2 8 0 3 0 0 0 4 0 0 2 0 0 3 6 0 3 0 0 52 0 0 21 34 54 52 8 0 0 46 16 16 0 0 95 0 13 34 0 0 0 0 0 0 0 1 0 2 0 0 0 0 25 32 10 0 13 0 85 15 0 0 2 0 0 0 0 0 0 0 0 0 0 0 0 0 0 0 0 0 0 0 0 2 0 0 3 0 4 0 13 0 0 0 5 2 4 0 0 0 1 2 14 13 11 12 6 14 3 20 33 63 0 0 11 0 27 0 0 0 36 0 14 7 0 0 13 13 0 0 0 0 29 10 13 0 0 0 12 14 0 0 0 0 24 0 0 0 0 0 0 10 0 0 0 0 0 1 0 0 0 0 0 0 0 0 0 0 0 0 0 0 0 0 0 0 0 0 0 0 0 0 0 0 0 2 2 2 16 88 0 7 0 0 0 0 0 0 0 0 0 0 0 0 0 0 0 0 0 0 0 0 0 0 0 0 0 0 0 0 0 0 0 0 0 0 0 0 0 0 
 246 26 34 453 478 0 37 336 42 117 343 226 52 202 448 68 247 118 276 46 0 0 78 0 0 2 167 0 0 2 0 0 1 7 0 0 0 2 77 4 0 0 0 0 0 0 3 0 1 2 2 0 0 62 0 0 0 0 2 3 2 3 0 40 0 0 0 0 0 0 3 0 0 22 0 0 3 0 0 4 0 0 26 40 27 11 10 1 1 17 2 36 0 0 32 0 1 23 0 0 0 0 1 1 0 2 0 13 0 15 0 2 34 8 0 19 0 12 11 0 0 0 0 0 0 0 0 1 0 1 5 0 0 0 0 0 0 0 0 0 0 0 0 0 0 0 8 0 31 0 0 1 0 0 4 2 6 1 0 0 10 14 13 10 11 0 5 44 0 17 16 57 1 0 11 0 13 0 0 0 23 0 0 21 0 0 18 0 0 0 0 10 18 0 10 0 15 15 1 45 0 0 0 2 0 0 0 0 0 0 1 0 0 0 0 0 0 0 0 0 0 1 0 0 0 0 0 0 0 13 0 0 0 0 0 0 0 0 0 0 0 0 0 0 0 0 2 1 6 89 1 0 0 0 0 0 0 1 0 0 0 0 0 0 0 0 0 0 0 0 0 0 0 0 0 0 0 0 0 0 0 0 0 0 0 0 0 0 0 0 
 73 79 58 77 40 37 0 159 55 27 38 51 79 45 44 41 20 27 139 119 2 2 0 5 0 2 0 0 2 2 0 0 3 0 0 0 0 0 2 6 0 9 0 0 0 0 6 2 0 1 2 2 41 2 0 33 3 6 2 3 2 5 3 3 0 0 0 0 0 0 4 0 0 6 8 0 3 0 0 3 16 22 16 0 0 0 14 16 0 3 0 0 19 13 0 7 0 0 28 0 0 0 0 0 0 1 0 0 0 0 0 0 1 0 0 0 0 0 0 0 2 0 0 0 0 0 0 0 0 3 0 0 0 0 0 0 0 0 0 16 0 14 0 0 0 0 0 0 0 0 0 0 0 0 0 1 0 0 0 0 14 0 0 0 0 0 0 15 7 16 0 3 38 3 12 12 1 0 78 26 0 0 2 0 0 0 0 0 0 0 0 0 2 0 0 0 2 0 2 0 0 0 0 0 0 0 2 0 0 0 0 0 0 0 0 0 0 0 0 0 0 0 16 0 0 0 0 0 0 0 0 0 9 0 1 1 0 0 0 0 0 0 0 0 0 0 0 0 0 0 0 18 0 0 0 0 0 0 0 0 0 0 0 0 0 0 1 0 0 0 0 0 0 0 0 0 10 0 0 0 0 0 0 0 0 0 0 0 0 0 
 265 246 379 150 136 336 159 0 78 319 30 21 73 374 145 142 196 117 282 144 0 0 0 0 0 2 0 0 1 2 0 0 0 0 0 0 0 0 0 4 0 0 0 0 0 0 3 0 1 0 2 7 0 0 0 0 0 0 2 3 2 2 2 2 0 0 1 0 0 0 3 0 0 3 0 59 1 0 0 0 0 18 25 60 0 10 8 11 13 17 17 39 29 0 19 8 8 32 0 9 0 11 0 0 0 0 0 0 0 0 0 0 0 13 3 0 0 0 0 1 0 0 0 0 0 1 0 0 0 0 0 0 0 0 0 0 0 0 0 0 0 0 2 0 0 0 0 0 0 0 0 0 0 0 0 1 0 0 0 0 10 62 1 51 0 0 28 31 63 20 26 18 19 1 11 69 33 14 0 0 11 0 0 0 0 0 11 0 0 0 0 0 2 0 0 0 0 0 17 26 1 0 0 0 0 0 0 0 2 0 0 0 0 0 0 0 0 0 0 0 0 0 0 0 0 0 0 2 0 0 0 0 0 0 0 0 0 0 1 0 0 22 0 0 0 0 100 0 1 0 0 18 0 0 0 0 0 0 0 0 0 0 16 0 0 0 0 0 0 0 9 0 0 0 0 0 16 10 0 0 0 0 0 0 0 0 0 0 0 0 
 258 367 203 80 74 42 55 78 0 211 36 39 213 208 202 167 397 36 211 249 0 0 0 0 0 2 0 0 2 2 0 0 0 0 0 0 0 0 0 4 0 0 0 0 0 0 3 0 0 0 2 0 0 0 0 0 0 0 2 3 2 3 0 3 0 9 0 0 0 0 2 0 50 3 0 0 3 0 51 0 74 12 6 16 26 15 21 36 48 19 10 20 13 9 0 3 46 14 18 40 0 0 0 0 0 0 1 0 0 0 0 8 1 0 0 0 0 0 0 0 15 0 0 0 0 0 0 0 0 0 0 0 0 0 0 0 0 0 0 0 11 0 0 0 0 0 0 2 0 0 0 0 0 0 0 13 0 0 0 0 24 12 13 13 0 0 9 10 0 0 0 0 0 11 0 20 0 32 15 10 0 1 0 0 1 0 0 0 0 0 0 0 2 0 0 0 0 0 11 0 0 0 0 0 0 0 2 0 0 0 0 0 0 0 0 0 2 0 0 0 0 0 0 0 0 0 0 0 0 0 0 0 1 0 0 0 0 0 0 0 0 0 9 0 0 2 0 0 0 85 16 3 0 0 1 0 0 0 0 0 0 0 1 0 0 0 0 0 0 0 0 0 0 0 0 12 0 1 0 0 0 0 0 0 0 0 0 0 0 0 
 60 63 57 209 245 117 27 319 211 0 278 211 43 175 190 212 274 78 290 79 0 0 0 0 6 2 74 0 0 2 0 0 78 0 2 0 0 0 0 3 0 0 0 0 0 0 3 0 1 0 2 2 0 0 0 0 0 0 2 3 2 2 3 2 5 7 0 0 0 0 3 0 0 3 0 0 0 0 0 0 30 28 1 0 17 15 8 18 11 10 9 16 15 28 12 0 0 1 0 12 0 11 0 0 0 0 0 0 0 0 0 2 46 10 36 0 0 0 29 1 0 0 0 0 0 0 0 0 0 2 0 0 0 0 0 0 0 0 0 0 0 0 2 0 0 0 0 2 0 0 0 15 0 0 0 1 0 0 0 0 20 11 27 17 33 6 29 2 13 12 11 20 0 0 0 27 7 50 0 0 18 0 15 3 0 0 11 0 10 0 0 0 2 0 11 0 0 0 0 0 0 0 0 0 0 0 2 0 0 0 0 0 0 0 0 0 2 0 0 0 0 0 0 15 0 0 0 0 0 0 0 0 0 1 0 0 0 0 0 0 0 0 0 0 0 1 90 0 2 90 17 14 13 0 0 0 0 0 0 0 0 0 0 0 0 2 1 0 0 0 0 0 0 0 0 8 0 23 0 0 0 0 0 0 0 0 0 0 0 0 
 31 32 143 248 276 343 38 30 36 278 0 310 55 107 235 311 411 138 311 353 0 0 0 0 2 2 36 0 2 2 0 0 75 0 0 0 0 0 74 151 0 0 0 4 0 2 3 0 2 0 65 0 0 0 0 0 0 0 2 3 2 3 0 3 0 0 0 0 0 0 2 0 0 3 0 51 3 0 0 6 0 12 10 1 47 14 0 69 12 24 10 3 0 20 48 5 0 2 0 0 36 18 1 0 0 0 10 0 0 0 0 1 24 10 19 0 0 24 39 15 0 0 0 0 0 0 0 0 0 0 1 2 0 0 0 0 0 0 0 0 0 0 1 0 0 0 2 0 0 0 0 0 0 12 2 0 3 0 0 0 9 1 15 1 23 10 29 1 32 3 40 20 0 5 10 29 0 1 0 0 11 17 30 0 0 0 37 0 1 25 0 0 0 0 40 9 0 19 8 22 0 0 0 2 0 0 0 0 0 0 2 0 0 0 0 0 0 0 0 0 0 0 0 0 0 3 0 0 0 0 0 0 0 0 0 0 0 0 0 0 0 0 0 0 0 4 99 0 31 3 20 8 14 0 0 0 0 0 0 0 0 0 0 0 0 0 0 0 0 0 0 0 0 0 0 0 0 1 0 0 0 0 0 0 0 0 0 0 0 0 
 22 42 110 311 357 226 51 21 39 211 310 0 36 28 147 25 336 142 43 29 4 0 0 0 0 2 74 76 84 3 2 0 0 0 104 0 0 0 28 80 0 0 0 0 0 0 3 0 2 0 2 0 0 0 0 0 0 0 2 3 2 2 1 2 0 0 0 0 0 0 3 0 3 3 0 0 2 0 0 0 1 0 10 2 0 28 0 10 0 38 2 14 0 10 17 0 0 0 0 0 14 14 0 0 0 0 29 0 0 28 1 0 14 17 20 0 0 0 52 30 0 0 0 0 0 6 0 0 0 1 0 0 0 0 0 0 0 0 12 0 0 0 0 0 0 16 2 0 0 0 2 0 0 0 0 0 0 0 0 0 0 0 14 5 28 57 0 0 15 20 10 31 0 20 0 0 20 0 0 0 10 0 1 15 0 0 6 13 8 0 9 0 35 16 5 11 37 0 14 14 0 0 0 0 0 0 0 0 1 0 0 0 0 0 0 0 0 0 0 0 0 0 2 0 0 0 0 0 0 0 0 0 0 0 0 0 0 0 13 0 0 0 0 0 0 2 0 4 0 71 0 5 15 0 0 0 0 0 0 0 0 0 0 0 0 0 0 0 0 2 0 0 0 0 0 16 0 0 0 0 0 0 0 0 0 0 0 0 0 0 
 63 235 129 51 53 52 79 73 213 43 55 36 0 48 127 331 80 23 188 106 0 0 0 0 0 2 1 1 3 2 75 0 0 0 0 0 0 0 0 5 0 0 0 0 0 0 3 0 0 0 2 0 0 0 0 0 0 0 2 3 2 2 1 2 0 0 8 0 0 0 3 0 0 3 0 0 2 0 0 0 3 23 7 14 28 0 15 37 13 2 15 0 12 33 0 6 18 26 3 24 0 0 0 0 0 0 0 11 0 0 0 0 0 9 0 0 0 0 0 0 0 0 0 0 0 0 0 0 0 0 0 0 0 0 0 0 0 0 0 0 0 0 0 0 0 0 0 0 0 0 0 0 0 0 0 2 0 0 0 0 16 8 27 0 0 0 0 33 0 0 0 0 11 6 34 15 21 0 14 24 0 0 0 18 0 0 0 0 0 0 0 0 0 0 0 0 20 0 11 0 0 0 0 0 0 0 0 0 0 0 0 0 0 0 0 0 0 0 0 0 0 0 0 0 0 0 0 0 0 0 0 0 0 0 0 0 0 0 0 0 0 0 0 0 0 0 0 0 0 1 39 11 0 0 0 0 0 0 0 0 0 0 0 0 0 0 0 0 0 0 0 0 0 0 0 0 0 0 0 0 0 0 0 0 0 0 0 0 0 0 
 51 55 154 83 79 202 45 374 208 175 107 28 48 0 327 92 147 20 109 90 0 1 0 0 0 2 0 0 2 2 2 0 0 0 2 0 0 0 0 5 0 0 0 0 0 0 3 0 0 0 2 0 0 0 0 0 0 0 2 3 2 2 3 2 0 2 42 0 0 0 3 0 0 3 0 0 0 0 0 0 0 51 29 17 0 0 1 7 11 7 0 11 16 32 10 15 0 16 30 11 0 0 3 0 0 0 0 0 0 0 0 13 0 0 0 0 0 0 0 0 0 0 0 0 0 0 0 0 0 0 0 0 0 0 0 0 1 0 0 0 0 0 5 0 0 0 0 0 0 0 0 0 0 0 0 2 0 0 0 0 24 15 1 43 0 0 7 8 0 40 15 4 10 0 9 40 14 37 0 0 0 0 0 0 0 0 0 0 0 0 0 0 13 0 0 0 0 0 0 15 0 0 0 0 0 0 0 0 0 0 0 0 0 0 0 0 0 0 0 0 2 0 0 0 0 0 0 0 0 0 0 0 0 0 0 0 0 0 0 0 0 14 0 0 0 3 1 0 1 0 18 9 0 0 0 0 0 0 0 0 0 0 0 0 0 0 0 0 0 0 0 0 0 0 0 0 18 17 0 0 0 0 0 0 0 0 0 0 0 0 
 384 318 144 127 476 448 44 145 202 190 235 147 127 327 0 401 55 120 285 205 0 0 0 0 0 3 205 0 1 2 0 0 0 0 0 0 0 0 0 6 0 0 0 0 0 0 3 0 1 0 2 0 0 0 0 0 0 0 2 3 2 2 2 2 0 0 0 0 0 0 3 0 0 3 0 0 1 0 0 0 24 10 57 18 16 26 11 106 10 21 43 33 0 11 52 8 25 15 0 1 1 0 0 0 0 0 0 0 16 0 0 0 9 31 0 0 0 0 9 0 0 0 0 0 0 2 0 0 0 0 0 0 0 0 0 0 0 0 0 0 0 0 2 0 0 2 4 0 0 0 0 0 0 0 6 1 7 0 0 0 0 0 36 11 1 17 42 0 17 0 41 8 0 18 14 22 4 0 0 0 14 0 0 0 0 0 12 0 0 0 0 0 0 0 0 0 0 0 19 40 0 0 0 0 0 0 0 0 1 0 0 0 0 0 0 0 0 0 0 0 0 0 0 0 0 0 0 1 0 0 0 2 0 0 0 15 0 0 2 0 0 1 0 0 0 6 89 1 7 87 0 7 10 0 1 0 0 0 0 0 0 14 16 0 0 0 0 0 0 0 37 0 0 0 0 7 9 0 0 0 0 0 0 0 0 0 0 0 0 0 
 134 37 131 192 164 68 41 142 167 212 311 25 331 92 401 0 57 42 128 290 76 0 0 0 0 4 15 3 1 2 0 0 0 0 2 0 0 0 164 151 0 0 0 0 0 0 3 0 2 0 2 0 0 0 0 0 0 1 2 3 2 2 1 2 0 0 0 11 0 0 3 0 0 3 0 0 2 0 0 0 10 8 0 22 0 0 0 11 13 26 22 20 0 10 0 6 0 22 0 0 49 0 0 0 0 0 9 2 0 0 0 0 0 0 0 0 0 0 9 17 0 0 0 0 0 0 0 0 0 0 0 0 0 11 0 0 0 9 0 0 0 0 0 2 0 5 0 0 5 0 4 0 0 0 0 2 0 0 0 0 12 2 24 8 13 0 18 1 13 29 13 35 0 1 0 14 0 0 0 0 14 0 0 0 0 0 0 14 0 0 0 0 21 25 0 0 0 9 11 32 0 0 0 0 1 0 0 0 0 0 0 0 0 0 0 0 0 0 2 0 0 0 0 0 0 0 0 0 0 0 0 0 0 0 0 0 0 0 0 0 0 0 0 0 0 0 1 0 24 0 15 5 0 0 0 0 0 0 0 0 0 0 0 0 0 0 0 0 0 0 0 0 0 0 0 0 0 0 0 0 0 0 0 0 0 0 0 0 0 0 
 67 481 226 158 253 247 20 196 397 274 411 336 80 147 55 57 0 169 239 44 0 0 0 0 1 209 18 0 0 4 0 0 0 0 0 0 0 1 74 159 0 0 0 0 0 0 3 0 2 0 2 2 0 0 0 0 0 0 2 3 2 4 0 3 0 0 0 0 0 0 2 0 0 3 1 0 3 0 0 9 0 49 6 26 0 12 2 8 0 12 0 18 11 26 46 14 0 61 0 11 32 0 0 0 0 0 9 0 0 0 0 6 57 0 0 0 0 0 14 24 0 0 0 0 0 0 0 0 0 0 0 0 0 0 0 0 2 0 0 0 0 0 4 0 0 0 0 0 13 0 0 0 0 0 0 2 0 0 0 0 3 34 0 36 10 0 0 0 14 24 12 15 0 2 10 35 19 24 0 12 16 0 0 0 0 0 7 37 0 0 1 0 36 0 7 0 0 0 12 115 0 0 0 0 0 0 0 0 0 0 0 0 0 0 0 0 22 0 0 0 1 0 0 0 0 0 0 0 0 0 0 0 0 0 0 0 0 0 0 0 0 19 0 0 0 2 2 0 0 2 15 6 0 0 1 0 0 0 0 0 0 0 0 0 0 0 0 0 0 0 0 0 0 0 0 0 0 14 0 0 0 0 0 0 0 0 0 0 0 0 
 171 215 34 35 52 118 27 117 36 78 138 142 23 20 120 42 169 0 115 232 76 1 0 0 0 2 94 0 0 2 6 0 76 77 0 0 0 0 76 40 0 0 0 0 0 0 3 0 1 0 2 0 0 2 0 0 0 0 63 3 2 2 2 2 0 4 0 0 0 0 3 1 5 3 0 0 1 0 0 0 1 20 0 16 24 43 11 5 36 0 0 3 0 0 66 9 7 11 0 15 19 0 0 0 0 0 13 0 0 0 1 0 23 1 14 0 0 0 26 16 0 0 0 0 0 0 0 0 0 0 0 0 0 0 0 0 0 0 0 0 0 0 0 0 0 0 0 0 3 0 4 0 0 0 0 2 1 0 0 0 12 9 0 27 8 0 16 0 7 11 0 19 0 0 0 29 47 13 20 0 0 0 0 12 0 0 11 14 0 0 0 0 0 37 13 0 0 9 11 28 0 0 0 0 0 0 0 0 0 7 0 0 0 0 0 1 0 0 0 0 0 0 0 0 0 0 0 0 0 0 0 0 0 0 0 0 0 0 0 0 0 23 0 0 0 0 4 0 90 85 0 7 2 0 0 0 0 0 0 0 0 0 11 0 0 0 0 0 0 0 0 0 0 0 0 7 2 0 0 0 0 0 0 0 0 0 0 0 0 0 
 375 88 36 523 71 276 139 282 211 290 311 43 188 109 285 128 239 115 0 171 0 0 0 0 0 2 0 2 2 2 0 0 0 1 0 0 0 0 0 4 0 0 0 0 0 0 3 0 0 0 2 0 0 0 0 0 0 0 2 3 3 3 0 3 0 4 0 0 0 0 2 0 0 3 0 0 3 0 0 0 12 9 16 0 0 0 0 17 29 34 0 0 0 22 0 0 0 0 21 6 0 1 0 0 0 0 0 0 0 0 0 0 0 8 0 0 0 0 0 0 0 0 0 0 0 0 0 0 0 0 0 0 0 0 0 0 0 0 0 0 0 0 0 0 0 2 0 0 0 0 0 0 18 0 0 0 0 0 0 0 8 1 22 4 0 0 28 0 0 11 0 5 0 0 0 17 0 0 0 26 0 0 0 0 0 0 1 0 0 0 0 0 0 0 0 0 0 0 1 0 0 0 1 0 1 0 0 0 0 0 0 0 2 0 0 0 0 0 0 0 0 0 0 0 0 0 0 0 0 0 0 0 0 0 0 0 0 0 0 0 0 17 0 0 0 1 0 0 0 2 15 19 0 0 2 0 0 0 0 0 0 0 19 0 0 0 0 0 0 0 0 0 0 0 0 0 11 0 0 0 0 0 0 0 0 0 0 0 0 1 
 275 251 353 59 71 46 119 144 249 79 353 29 106 90 205 290 44 232 171 0 0 1 0 0 2 4 0 2 1 2 0 0 0 1 0 0 0 0 0 6 0 0 0 0 0 0 3 0 0 0 2 0 0 0 0 0 0 0 2 3 2 2 2 2 0 4 0 0 0 0 3 0 7 3 0 0 1 0 0 0 2 30 0 14 27 1 22 61 41 0 10 12 17 14 8 13 37 18 11 9 0 16 0 0 0 0 0 0 0 0 0 0 0 0 0 0 0 0 0 0 0 0 55 0 0 0 0 0 0 0 0 0 0 9 0 0 2 0 0 0 0 0 0 0 0 0 0 0 0 0 0 0 0 0 0 2 0 0 0 0 24 7 13 14 0 0 8 9 0 0 0 0 10 26 1 14 14 25 35 0 0 0 0 0 0 0 0 0 0 0 1 0 0 0 0 0 0 0 12 0 0 0 0 0 0 0 0 0 0 0 0 0 0 0 0 0 0 0 0 0 1 0 0 0 0 0 0 0 0 0 0 0 0 0 0 0 0 0 0 0 0 14 0 0 0 3 2 0 0 2 0 6 0 0 0 0 0 0 0 0 0 0 10 0 0 0 0 0 0 0 0 0 0 0 0 7 0 0 0 0 0 0 0 0 0 0 0 0 0 0 
 0 1 0 0 0 0 2 0 0 0 0 4 0 0 0 76 0 76 0 0 0 100 71 129 56 50 379 303 35 28 99 54 305 53 40 35 100 58 158 52 3 2 0 0 0 0 0 4 1 0 5 1 1 2 0 4 5 3 2 0 0 2 2 0 0 0 3 0 0 0 2 0 0 0 0 0 0 0 2 3 0 0 3 3 0 24 1 0 9 0 0 20 0 0 0 0 0 0 10 0 10 7 25 22 0 1 11 16 0 12 0 0 0 14 38 12 10 20 2 24 0 0 0 0 0 0 0 0 0 0 0 0 10 0 0 0 0 2 0 18 0 0 2 0 0 0 0 0 0 0 17 0 0 0 0 0 0 0 0 0 0 1 0 0 0 2 0 0 0 5 9 1 0 0 0 0 0 0 0 0 7 30 22 19 7 0 27 0 3 9 46 11 16 32 22 36 10 31 0 0 0 0 1 1 2 2 0 0 0 0 0 0 0 0 0 0 0 0 0 1 0 0 0 2 0 0 2 2 0 0 0 0 0 0 0 0 0 0 0 0 0 0 0 0 0 0 0 0 0 0 1 0 0 0 12 0 2 84 42 0 0 0 0 0 0 0 10 0 0 0 0 0 0 0 0 18 0 0 0 0 0 0 0 0 0 15 1 0 0 0 
 2 0 0 0 0 0 2 0 0 0 0 0 0 1 0 0 0 1 0 1 100 0 101 119 134 79 106 81 169 124 99 163 183 124 87 34 120 101 35 122 3 0 0 0 1 0 0 2 2 0 3 0 4 0 0 2 5 4 63 68 0 2 2 0 0 0 3 0 0 0 0 0 0 0 0 0 0 0 2 0 0 0 0 0 0 1 0 0 0 0 0 0 0 0 0 0 0 1 0 0 22 45 53 44 16 30 8 13 46 42 40 10 0 0 0 47 39 37 0 9 0 0 0 0 0 0 42 0 0 0 0 0 45 0 1 0 0 2 57 23 0 0 2 0 0 0 0 0 0 0 0 0 0 0 0 1 0 0 0 0 0 2 0 3 0 0 0 0 0 0 0 0 0 0 2 0 0 0 0 0 9 20 9 20 30 17 1 1 29 15 9 13 18 2 16 10 13 0 9 1 9 0 13 1 2 2 0 0 0 0 9 0 32 0 0 0 0 0 14 8 0 0 0 0 2 0 0 0 0 2 0 0 0 0 0 0 0 0 0 0 0 0 6 0 0 0 0 0 0 0 0 0 0 0 4 2 0 77 77 0 21 1 0 0 0 0 0 0 0 0 0 0 0 0 0 0 0 0 0 0 0 21 0 0 0 0 11 0 0 0 
 0 0 0 0 0 78 0 0 0 0 0 0 0 0 0 0 0 0 0 0 71 101 0 248 142 40 60 72 79 144 191 116 91 45 72 69 153 134 30 114 65 0 0 0 39 0 0 2 2 0 3 0 0 0 0 2 10 4 69 64 0 2 2 0 0 0 3 0 0 0 0 0 0 0 0 0 0 0 2 0 0 0 0 0 0 1 0 0 16 0 0 0 0 0 0 0 0 0 0 0 0 0 13 23 36 0 8 13 15 19 18 14 0 0 19 41 19 13 0 0 23 0 0 0 0 0 36 0 7 0 0 0 18 0 0 0 11 0 0 18 0 0 0 0 0 0 0 0 0 0 0 0 0 0 0 2 0 0 0 0 0 0 0 0 0 1 0 0 0 0 0 15 0 17 4 0 0 0 0 15 0 12 0 19 0 8 13 0 1 22 21 20 6 0 10 11 0 0 13 0 0 0 0 0 24 0 23 8 7 0 0 0 53 24 0 0 0 0 1 13 0 0 0 0 8 0 0 0 0 0 0 0 0 0 0 0 0 0 0 0 0 0 0 0 0 0 0 0 0 0 0 0 0 0 20 0 2 1 76 0 2 2 0 0 0 0 10 0 0 0 0 0 0 0 0 0 0 0 0 7 0 0 0 0 0 0 0 0 0 0 
 1 0 0 0 0 0 5 0 0 0 0 0 0 0 0 0 0 0 0 0 129 119 248 0 286 125 88 125 182 149 145 48 59 86 76 254 191 243 147 96 84 1 0 0 3 0 63 2 2 0 3 0 0 0 0 1 2 5 64 0 0 2 2 0 0 48 3 0 0 0 0 1 0 0 0 0 0 0 7 0 0 0 0 1 0 0 0 0 2 0 0 0 0 0 0 0 0 0 0 0 0 0 14 15 26 0 0 0 12 8 67 0 0 0 9 20 7 0 0 0 24 0 0 0 0 0 12 0 9 0 0 0 12 20 0 0 10 13 16 32 0 0 0 10 1 0 0 0 0 0 1 0 0 0 0 2 0 0 0 2 1 0 0 0 0 0 0 0 0 0 0 0 0 2 0 0 0 0 0 5 0 11 15 0 0 33 0 0 0 12 23 6 0 0 0 11 0 0 0 9 13 0 0 0 0 0 8 41 15 0 0 2 12 7 11 0 11 0 4 7 0 0 0 0 0 0 0 0 0 0 0 0 0 0 0 0 0 0 0 1 0 0 0 0 0 0 0 0 0 0 0 0 0 0 10 0 4 1 119 0 1 0 0 0 0 0 0 0 0 0 0 0 0 0 0 0 0 0 0 0 0 0 0 0 0 0 0 0 0 0 
 0 0 0 0 0 0 0 0 0 6 2 0 0 0 0 0 1 0 0 2 56 134 142 286 0 303 65 72 140 101 168 217 64 65 91 69 64 91 80 95 89 0 0 0 1 0 62 2 1 0 3 0 0 3 0 3 2 5 89 19 0 2 2 0 0 0 3 0 0 0 0 3 6 0 0 0 0 0 4 0 0 0 0 0 0 0 0 0 0 0 0 0 0 0 0 0 0 0 0 0 0 10 37 11 9 38 0 0 38 33 12 19 8 0 0 32 27 0 0 0 19 0 0 0 0 0 40 0 15 1 0 0 30 9 0 0 19 13 36 17 0 0 0 0 0 0 0 0 0 0 0 0 0 0 0 2 0 0 0 0 0 0 0 0 0 0 0 0 2 0 0 0 0 2 1 0 0 0 0 0 0 0 1 0 19 38 0 16 0 1 5 44 0 0 11 0 0 0 0 0 0 0 0 0 8 0 21 20 0 0 0 0 31 9 9 0 13 0 22 42 0 0 0 0 0 0 0 0 0 0 0 0 0 0 0 19 0 0 0 0 0 0 0 0 0 0 0 0 1 0 0 0 0 0 14 0 0 40 0 0 2 10 0 0 0 0 0 0 0 0 0 0 0 0 0 0 0 0 0 0 0 13 0 0 0 0 0 0 0 0 
 2 3 2 4 2 2 2 2 2 2 2 2 2 2 3 4 209 2 2 4 50 79 40 125 303 0 67 29 105 90 151 208 24 55 54 59 273 61 61 138 35 62 0 1 3 1 0 65 64 0 215 0 70 1 0 1 2 5 93 305 0 2 3 0 3 3 3 0 0 2 0 0 0 0 0 0 2 3 2 0 0 0 0 0 0 0 0 0 0 0 0 0 0 0 0 0 0 0 0 0 0 21 18 10 0 18 0 0 15 21 24 9 0 0 0 9 18 0 0 2 0 9 0 1 0 0 12 0 0 0 0 1 53 0 0 0 0 10 23 31 0 0 0 0 0 0 0 0 0 0 0 0 0 0 0 0 0 0 0 0 0 0 0 0 0 0 0 0 0 0 0 0 1 0 0 0 0 0 0 0 0 0 0 0 0 17 0 0 13 4 6 9 0 0 2 12 0 0 0 2 0 0 27 0 0 0 0 1 2 9 12 14 47 32 28 0 10 10 36 11 0 0 0 0 0 0 0 0 0 0 0 0 0 0 0 0 1 0 0 0 0 0 0 0 0 0 0 0 1 0 0 0 0 0 8 4 0 0 8 0 6 0 2 0 0 0 0 0 0 0 0 0 0 0 0 0 2 0 0 0 0 0 0 0 0 0 14 0 0 0 
 0 0 0 75 286 167 0 0 0 74 36 74 1 0 205 15 18 94 0 0 379 106 60 88 65 67 0 97 57 103 32 247 163 186 146 29 41 120 232 269 3 0 2 0 0 0 0 2 2 0 3 0 4 0 3 1 2 3 2 0 0 2 51 0 28 0 4 3 0 0 0 1 0 16 1 0 0 0 2 0 0 0 0 0 0 30 0 0 4 0 14 7 0 0 4 0 14 0 0 0 53 0 0 12 1 0 15 13 8 17 0 11 40 0 19 9 0 0 1 15 0 0 0 0 0 0 0 0 0 0 0 0 0 14 0 0 6 0 0 0 0 0 0 0 0 1 0 0 0 0 3 0 0 0 0 2 0 0 0 0 0 0 0 1 7 0 0 0 8 8 0 1 0 0 0 0 23 0 0 0 0 0 0 18 15 0 4 31 19 14 12 0 0 26 4 10 26 20 2 1 1 0 0 0 0 0 0 1 0 0 0 0 0 0 0 0 0 0 0 0 0 0 0 0 0 0 2 0 0 0 1 2 0 0 0 0 0 0 0 0 0 0 8 0 0 2 0 0 73 0 0 2 0 1 24 0 0 0 0 1 2 2 0 0 0 0 0 0 0 0 0 0 0 0 0 10 0 0 0 0 0 7 0 0 2 0 0 0 0 0 
 6 0 0 25 74 0 0 0 0 0 0 76 1 0 0 3 0 0 2 2 303 81 72 125 72 29 97 0 337 104 75 79 128 273 185 48 262 440 120 43 3 0 0 0 0 0 0 2 2 0 3 0 2 0 0 1 4 4 2 0 0 6 2 0 0 0 3 0 0 0 3 0 0 0 6 0 34 0 2 45 0 2 1 10 10 9 0 0 0 2 0 10 0 0 1 2 0 0 0 0 28 8 4 20 14 0 0 2 0 10 7 0 0 1 19 23 31 0 15 50 0 0 0 0 0 0 0 1 0 0 0 0 11 0 0 0 0 0 8 13 0 0 0 0 0 0 10 0 0 0 4 0 0 0 0 2 0 0 0 0 0 0 0 1 0 39 0 0 0 11 1 0 0 0 0 0 0 0 0 3 18 17 31 0 9 0 0 13 11 0 14 0 29 13 0 27 0 10 1 0 9 0 0 0 0 0 0 0 0 2 18 0 10 0 0 0 0 0 0 0 0 0 0 0 0 1 0 0 0 0 0 0 0 0 0 0 0 0 0 0 0 0 6 0 0 0 0 0 0 0 0 0 0 0 3 0 0 1 154 2 3 0 0 0 0 0 0 0 0 0 0 0 0 0 0 10 0 0 0 0 0 6 0 0 0 13 0 0 0 2 
 4 4 2 0 0 0 2 1 2 0 2 84 3 2 1 1 0 0 2 1 35 169 79 182 140 105 57 337 0 195 192 126 73 93 155 84 255 509 171 150 3 54 0 2 0 2 0 2 3 0 6 0 0 0 0 2 2 3 18 62 0 2 2 0 0 0 3 0 0 0 0 0 0 0 0 0 0 0 2 5 0 0 0 0 0 0 0 0 0 0 0 0 0 0 0 0 13 0 0 0 0 6 9 14 7 16 0 15 46 108 48 14 18 0 49 33 12 0 0 0 0 0 0 0 0 0 1 2 0 0 0 0 24 0 0 0 0 0 5 42 1 0 0 0 0 0 0 19 0 1 0 0 0 0 0 2 0 0 0 0 0 0 0 0 0 9 0 0 0 0 5 0 0 0 0 0 0 0 0 0 2 2 0 65 8 25 12 4 40 1 39 19 9 19 14 22 23 0 21 0 0 0 8 0 0 0 0 0 0 0 0 0 6 0 0 0 0 0 12 25 0 0 0 0 0 1 0 0 0 0 0 0 0 0 1 0 0 0 0 0 0 0 0 0 0 1 0 0 0 0 0 0 0 0 5 0 0 0 0 2 2 0 0 0 0 0 1 0 0 0 2 0 0 0 0 4 0 0 0 0 0 0 0 0 0 0 12 0 0 0 
 2 2 2 2 2 2 2 2 2 2 2 3 2 2 2 2 4 2 2 2 28 124 144 149 101 90 103 104 195 0 212 196 111 235 275 153 140 42 168 139 3 0 0 3 62 0 0 21 1 0 3 1 5 1 3 1 5 4 3 64 0 2 2 0 0 0 3 0 0 0 2 0 0 0 0 2 0 0 2 0 0 0 2 0 0 0 0 0 0 0 0 0 0 0 0 0 0 5 0 0 25 14 1 37 21 0 18 10 48 14 17 11 0 12 10 0 13 0 0 0 14 0 2 0 0 0 14 0 7 0 0 0 21 0 0 0 0 0 28 12 0 0 0 0 0 0 0 0 0 0 0 0 0 0 0 1 0 11 0 0 0 0 0 0 0 6 0 0 0 0 0 0 0 0 0 0 0 0 0 0 9 0 0 10 13 0 13 9 10 37 17 0 10 0 0 29 13 7 6 14 11 0 11 0 0 0 0 1 5 0 0 0 0 0 0 0 0 0 0 8 0 0 0 0 0 0 0 0 0 0 0 0 0 0 0 0 0 0 0 0 0 0 8 0 0 0 0 0 0 0 0 0 0 0 12 0 0 0 4 0 0 0 0 0 0 0 0 0 0 0 0 0 0 0 0 0 0 0 0 8 0 22 0 0 0 0 15 0 0 0 
 0 0 0 0 0 0 0 0 0 0 0 2 75 2 0 0 0 6 0 0 99 99 191 145 168 151 32 75 192 212 0 343 117 72 84 385 650 291 40 70 3 0 0 0 10 0 58 2 2 0 3 0 0 63 0 1 2 5 2 23 0 2 2 0 0 0 3 0 0 0 0 1 6 0 0 0 0 1 3 0 0 0 0 0 0 0 0 0 0 0 0 0 0 0 0 0 0 0 0 0 0 14 0 9 24 0 0 0 21 18 27 3 0 0 9 25 2 0 0 0 35 0 0 0 0 0 12 0 12 0 0 0 62 17 0 2 9 10 0 23 11 0 0 0 0 0 0 0 0 0 0 0 0 0 0 2 0 0 0 0 0 0 0 0 0 0 0 0 0 0 0 0 0 0 0 2 0 0 0 11 0 0 14 0 0 2 0 0 22 19 12 1 0 0 0 29 0 0 0 0 14 0 3 0 0 0 29 6 18 10 0 0 7 23 1 0 10 0 1 14 0 0 0 0 0 0 0 0 0 0 0 11 0 0 0 0 0 0 0 0 0 0 0 0 0 0 0 0 0 0 0 0 0 0 23 0 1 0 114 1 3 0 0 0 0 0 0 0 0 0 0 0 0 0 0 0 0 0 0 9 0 0 0 0 0 0 15 0 0 0 
 3 17 0 1 0 0 0 0 0 0 0 0 0 0 0 0 0 0 0 0 54 163 116 48 217 208 247 79 126 196 343 0 63 112 86 208 234 257 23 29 132 0 0 0 1 0 1 44 2 0 3 0 36 70 0 2 14 4 214 186 48 2 2 0 2 0 5 2 0 0 0 0 0 0 0 0 0 2 2 0 0 0 2 0 0 0 0 0 0 0 0 0 0 0 0 0 0 0 0 0 9 0 31 61 18 8 0 0 34 36 13 1 0 0 0 29 16 0 0 1 34 0 2 0 0 0 24 10 1 0 0 0 51 0 0 11 0 0 16 48 0 1 0 0 0 0 0 0 0 0 0 0 0 0 0 0 0 0 0 0 0 0 0 13 0 0 0 0 3 0 0 0 0 3 1 0 0 0 0 0 0 21 0 0 21 16 22 0 4 22 52 26 0 0 11 0 0 0 0 0 14 0 0 0 13 0 8 8 11 9 0 0 46 14 20 0 0 0 26 2 0 0 0 0 0 12 0 0 0 0 0 0 0 0 0 0 0 0 0 0 0 0 9 0 0 1 0 0 0 0 0 0 0 0 9 0 0 3 73 2 51 0 0 0 0 0 10 0 0 0 0 0 0 0 0 0 0 0 0 0 0 9 0 1 0 0 1 0 0 0 
 0 75 76 1 0 1 3 0 0 78 75 0 0 0 0 0 0 76 0 0 305 183 91 59 64 24 163 128 73 111 117 63 0 197 131 147 201 45 143 213 3 0 0 0 27 0 0 2 1 0 3 0 0 0 0 1 2 3 2 0 0 2 2 0 0 0 3 0 0 0 0 1 0 0 0 0 0 2 2 0 0 0 0 0 14 10 0 0 4 0 10 0 0 0 0 0 10 0 0 0 0 0 29 22 0 31 20 25 14 56 29 6 12 36 36 0 9 49 13 2 1 0 0 0 0 2 0 0 0 2 0 0 0 0 0 0 0 0 0 0 0 0 0 0 0 0 0 0 0 0 0 0 0 0 0 2 0 0 0 0 0 0 0 5 11 7 0 0 4 0 11 13 0 0 0 0 18 1 0 0 14 33 13 34 0 0 43 11 8 24 0 11 6 18 13 0 2 8 47 20 0 2 0 0 0 0 0 0 0 0 0 0 0 0 0 0 0 0 23 0 0 0 0 0 0 0 0 0 0 0 0 0 0 0 0 0 0 0 0 0 0 0 11 0 0 0 74 0 65 0 0 0 0 0 12 0 1 44 0 0 15 2 0 0 0 0 10 0 0 0 0 0 0 0 0 0 28 0 0 0 0 0 0 0 0 0 0 0 0 0 
 6 2 0 0 0 7 0 0 0 0 0 0 0 0 0 0 0 77 1 1 53 124 45 86 65 55 186 273 93 235 72 112 197 0 212 116 212 63 184 86 3 0 0 0 2 0 1 2 2 0 3 1 210 1 0 2 2 4 2 0 0 2 2 0 0 0 3 0 0 0 0 0 0 0 0 0 0 0 2 0 0 0 0 0 0 2 0 0 0 0 0 0 0 0 0 15 0 0 0 0 12 6 28 38 42 12 17 4 22 15 35 27 0 0 1 0 1 36 0 1 0 0 0 0 0 0 0 0 0 0 0 1 3 0 2 0 0 0 20 0 0 0 1 0 0 0 0 2 0 0 0 0 0 0 0 5 0 0 0 0 0 0 0 1 0 10 0 0 0 0 0 0 0 0 0 0 0 0 0 0 10 49 12 10 2 0 4 14 20 29 1 9 11 0 31 20 0 23 1 1 15 0 2 2 0 1 0 0 0 5 0 0 0 0 0 0 0 0 0 1 0 12 0 0 1 0 0 15 0 0 0 0 0 0 0 0 0 0 0 0 0 0 3 0 0 0 0 0 0 0 0 0 0 0 22 0 2 80 2 2 2 0 0 0 0 0 11 0 0 0 0 0 0 0 0 0 0 0 0 0 0 9 0 0 0 12 0 0 0 0 
 40 0 2 78 0 0 0 0 0 2 0 104 0 2 0 2 0 0 0 0 40 87 72 76 91 54 146 185 155 275 84 86 131 212 0 308 329 430 95 343 3 0 0 3 3 0 0 2 5 0 3 0 5 0 0 1 9 4 2 0 0 9 3 0 3 0 3 0 0 2 0 0 0 4 7 0 2 3 2 0 0 0 0 0 0 0 0 0 0 0 5 1 0 0 0 0 0 0 0 0 11 18 20 15 12 0 29 0 0 23 24 1 22 0 43 34 30 9 10 61 0 1 0 2 0 0 0 0 2 0 0 0 0 2 0 7 0 1 11 0 0 0 0 0 0 0 0 0 0 0 0 0 0 0 0 2 0 12 0 0 0 0 0 8 11 23 0 0 0 0 0 0 1 0 0 0 0 0 0 0 24 21 21 48 12 0 0 15 32 1 15 0 26 29 0 10 29 11 25 0 8 0 0 0 9 9 0 0 0 0 42 0 15 0 0 0 0 0 0 0 0 0 0 0 0 0 0 0 11 0 0 0 1 0 0 0 0 0 0 0 0 0 6 0 0 0 0 0 0 1 0 0 0 0 8 2 2 0 76 1 20 0 0 0 0 2 0 0 0 0 0 0 0 0 0 1 1 0 0 0 0 7 0 2 0 0 0 0 0 0 
 0 0 1 2 0 0 0 0 0 0 0 0 0 0 0 0 0 0 0 0 35 34 69 254 69 59 29 48 84 153 385 208 147 116 308 0 441 112 198 295 3 0 0 0 0 0 62 2 2 0 5 0 0 1 0 1 2 3 3 0 0 2 2 0 0 0 3 0 0 0 0 0 0 0 0 0 0 0 2 0 0 0 1 0 0 8 0 0 0 0 0 0 0 0 0 0 0 0 0 0 0 0 41 37 11 14 18 61 17 42 45 17 0 0 0 0 0 40 0 20 30 0 1 0 0 0 10 0 0 0 0 0 6 17 0 0 0 0 0 0 9 2 0 2 0 0 0 0 0 0 0 0 0 0 0 1 0 0 0 0 0 0 0 0 0 0 0 0 0 0 0 0 0 9 0 0 0 0 0 0 14 63 0 9 0 0 5 20 20 18 0 49 0 18 35 10 28 20 0 11 9 0 0 0 0 0 11 0 10 0 0 0 0 8 0 0 0 0 0 1 0 0 0 0 0 0 0 0 0 0 0 0 0 0 0 0 2 0 0 0 0 0 0 0 0 0 0 0 0 0 0 0 0 0 5 1 1 5 0 1 1 0 0 0 0 0 10 0 0 0 0 0 0 0 0 0 0 0 0 8 0 0 0 0 0 0 0 0 0 0 
 2 0 0 0 0 0 0 0 0 0 0 0 0 0 0 0 0 0 0 0 100 120 153 191 64 273 41 262 255 140 650 234 201 212 329 441 0 277 223 103 68 0 0 0 31 3 7 2 1 0 3 3 0 0 0 1 15 5 4 0 0 2 2 0 0 2 3 0 0 0 0 1 0 0 0 0 0 1 2 0 0 0 0 0 0 0 0 0 0 0 0 0 0 0 0 0 0 0 0 0 0 2 25 40 0 16 28 45 31 28 36 12 0 0 14 18 22 23 0 0 11 0 0 0 0 0 9 0 7 0 0 1 7 0 0 0 11 0 1 0 0 0 0 0 0 0 0 0 0 0 0 0 0 0 0 2 0 0 0 0 0 0 0 0 0 0 0 0 0 0 0 0 0 0 0 0 1 0 0 0 7 34 0 13 0 1 17 44 24 59 18 0 9 9 13 0 0 8 19 9 0 0 0 0 0 0 18 0 6 0 0 0 13 0 0 0 0 0 0 0 0 0 0 0 0 0 0 0 0 0 0 0 0 0 0 0 0 0 0 0 0 0 0 0 0 0 0 0 0 1 0 0 0 1 12 0 1 75 75 3 19 1 0 0 0 0 12 0 0 0 0 0 0 0 0 0 0 0 0 7 0 0 0 0 0 0 0 0 0 0 
 0 0 0 48 107 2 0 0 0 0 0 0 0 0 0 0 1 0 0 0 58 101 134 243 91 61 120 440 509 42 291 257 45 63 430 112 277 0 45 60 58 1 0 0 0 0 0 2 1 0 3 0 21 0 0 1 2 4 28 58 0 9 2 0 0 0 3 0 0 1 0 1 0 0 7 0 0 0 2 0 0 0 0 10 0 0 0 0 1 0 17 0 0 0 0 0 0 1 0 0 20 6 4 8 24 0 0 0 1 0 20 32 0 0 10 0 12 13 0 13 27 0 0 0 0 0 0 8 0 0 0 12 0 12 0 2 0 0 8 0 0 0 0 11 2 0 6 0 0 0 2 0 2 0 0 2 0 0 0 0 2 0 0 0 0 0 0 0 16 0 0 0 0 44 5 0 0 0 0 0 20 26 23 10 12 22 0 15 3 11 0 44 25 13 28 13 0 10 1 0 33 0 0 0 85 0 15 23 0 1 0 1 18 30 0 0 0 0 0 21 0 0 0 0 0 0 0 0 0 0 0 0 0 0 0 0 0 0 0 2 0 0 9 0 0 0 0 0 0 0 0 0 0 0 7 5 1 75 0 0 1 3 0 0 0 0 0 0 0 0 0 0 0 0 0 0 0 0 0 0 0 9 0 0 0 10 0 0 0 0 
 3 0 0 22 1 77 2 0 0 0 74 28 0 0 0 164 74 76 0 0 158 35 30 147 80 61 232 120 171 168 40 23 143 184 95 198 223 45 0 97 3 0 0 0 0 0 0 4 1 52 10 0 0 2 0 1 2 3 2 0 0 2 2 0 0 0 3 8 0 0 0 0 0 2 0 0 0 0 2 0 0 0 2 1 0 21 0 0 11 0 22 21 0 0 7 0 0 0 0 0 20 28 21 18 0 18 44 25 1 24 0 14 19 0 19 0 0 13 39 33 0 0 2 0 0 0 0 0 0 0 0 0 0 0 0 0 0 0 0 0 0 1 0 0 0 0 0 0 12 0 3 0 0 0 0 0 0 0 0 0 0 0 0 0 14 27 0 0 0 9 0 1 0 0 0 0 0 0 0 0 0 2 1 20 0 37 56 31 0 0 0 51 1 38 17 0 12 19 0 1 0 10 0 0 0 0 0 0 0 0 0 0 0 0 0 0 0 0 0 0 0 0 0 0 0 0 0 0 0 0 0 0 0 0 0 0 0 0 0 0 0 0 0 0 0 0 0 0 0 0 0 0 0 0 17 1 1 75 0 0 2 0 0 0 0 0 0 0 0 0 0 0 0 0 0 7 0 0 0 0 0 0 0 0 0 0 0 0 0 0 
 4 6 38 27 14 4 6 4 4 3 151 80 5 5 6 151 159 40 4 6 52 122 114 96 95 138 269 43 150 139 70 29 213 86 343 295 103 60 97 0 3 53 3 7 62 0 0 4 1 0 7 6 4 2 0 4 5 3 2 0 0 2 5 4 0 0 3 0 0 0 2 0 0 0 4 0 0 0 2 3 0 0 14 0 0 1 0 0 0 2 1 7 0 0 27 0 2 29 0 2 25 7 43 16 0 14 35 11 19 0 0 9 11 0 30 0 8 13 12 0 0 0 0 0 1 0 0 0 0 0 0 0 0 0 0 0 1 0 14 0 0 0 0 0 0 0 0 0 0 0 0 0 0 4 0 2 2 0 9 0 0 0 0 9 22 13 0 0 27 0 18 18 0 10 0 0 19 0 2 0 10 0 0 0 14 0 21 33 0 9 0 0 0 25 9 0 0 0 10 14 0 0 0 0 0 0 0 0 0 0 0 0 0 0 0 0 0 0 0 0 0 0 0 0 0 0 0 0 0 0 0 2 0 1 0 0 0 0 0 0 0 0 0 0 0 0 0 0 77 0 0 0 0 0 8 0 0 4 0 2 4 10 0 0 0 0 0 0 0 0 0 0 0 0 0 0 1 0 0 0 0 10 0 0 0 0 0 0 0 1 
 94 0 0 0 0 0 0 0 0 0 0 0 0 0 0 0 0 0 0 0 3 3 65 84 89 35 3 3 3 3 3 132 3 3 3 3 68 58 3 3 0 184 92 71 62 21 147 323 203 37 29 264 134 90 125 70 46 291 318 111 0 0 0 0 0 2 0 0 0 45 0 0 0 0 0 0 8 0 7 1 4 0 0 0 0 0 0 0 0 0 0 0 0 0 0 0 0 0 0 0 0 0 0 0 7 14 0 0 0 0 0 9 0 0 0 0 0 0 0 0 0 1 0 1 0 0 4 0 0 39 1 9 17 17 19 3 9 10 17 21 0 2 0 0 0 0 0 0 0 0 0 0 0 0 0 2 0 0 0 6 0 0 0 0 0 0 0 0 2 0 0 0 2 3 1 0 0 0 0 0 0 0 0 0 14 16 0 31 0 0 0 6 0 0 0 0 0 12 0 0 34 0 10 0 8 0 11 30 0 0 2 0 70 32 27 1 0 0 22 9 6 2 0 1 0 0 0 0 0 5 3 0 3 2 9 4 0 3 5 2 0 0 0 0 0 0 0 0 0 0 0 8 0 0 0 0 0 0 0 0 0 0 1 0 1 0 3 0 0 0 0 0 0 0 0 0 0 0 0 1 0 0 0 0 14 0 0 19 0 0 
 0 0 0 0 0 0 9 0 0 0 0 0 0 0 0 0 0 0 0 0 2 0 0 1 0 62 0 0 54 0 0 0 0 0 0 0 0 1 0 53 184 0 256 129 36 29 456 181 106 116 348 151 330 104 132 99 118 112 138 132 0 13 0 16 2 33 9 7 0 0 7 11 1 5 8 3 0 0 0 2 0 0 0 0 0 0 0 0 0 0 0 0 0 0 0 0 0 0 0 0 0 0 0 0 0 0 0 0 0 0 0 0 0 0 0 0 0 0 0 0 10 24 12 28 1 19 3 2 2 3 29 21 9 0 13 18 17 20 0 14 4 0 0 0 0 0 21 6 0 0 0 8 27 0 18 2 6 0 41 2 0 0 9 0 0 0 0 0 0 0 9 0 0 0 5 3 0 15 0 0 0 0 3 0 0 0 0 0 0 0 0 0 0 0 0 0 0 0 0 0 0 6 18 24 0 10 0 0 45 3 0 38 0 0 13 13 0 21 0 1 0 0 0 4 0 0 21 8 4 0 0 0 0 0 0 0 7 0 14 0 0 0 9 0 0 0 0 0 0 0 0 4 0 0 0 0 0 0 0 0 0 0 64 0 0 3 1 1 2 0 0 0 0 0 0 7 0 0 0 0 0 0 0 0 0 0 0 0 0 0 
 0 64 0 0 0 0 0 0 0 0 0 0 0 0 0 0 0 0 0 0 0 0 0 0 0 0 2 0 0 0 0 0 0 0 0 0 0 0 0 3 92 256 0 177 65 156 87 118 195 154 126 268 84 152 313 73 353 352 58 268 0 0 0 0 7 3 261 3 28 0 14 3 126 0 0 0 0 0 0 5 0 0 0 0 0 7 0 0 0 0 0 0 0 0 0 0 0 0 0 0 8 0 0 0 0 4 0 0 0 0 0 0 0 0 0 0 1 0 0 0 0 1 71 15 17 46 0 1 13 19 24 0 0 0 0 0 0 0 12 0 14 0 13 3 0 0 30 33 0 12 0 3 0 0 7 0 6 0 0 25 0 0 0 0 4 0 0 0 0 0 7 0 0 0 0 4 0 0 0 0 0 0 0 0 0 0 0 0 0 10 0 0 0 0 0 0 0 0 0 0 0 0 19 19 0 8 0 14 1 0 13 0 0 0 0 21 0 47 0 0 37 0 10 0 3 1 7 5 5 0 0 0 0 7 31 16 11 1 19 15 0 0 0 0 0 0 0 0 0 0 0 10 0 0 0 0 0 0 20 4 0 0 0 7 2 2 0 1 1 0 21 0 0 0 0 0 0 0 0 0 0 0 0 0 0 31 0 0 2 0 
 0 0 0 0 0 0 0 0 0 0 4 0 0 0 0 0 0 0 0 0 0 0 0 0 0 1 0 0 2 3 0 0 0 0 3 0 0 0 0 7 71 129 177 0 93 35 90 336 95 81 54 166 153 97 80 36 333 166 125 61 79 0 0 3 0 1 75 15 0 0 11 0 51 51 0 0 0 0 21 20 0 0 0 0 0 0 0 10 0 0 0 0 0 0 0 0 0 0 0 0 0 0 0 0 0 0 0 0 0 0 0 0 0 0 0 0 0 0 0 0 0 0 17 20 14 5 7 19 10 0 44 0 0 0 0 16 0 0 0 0 11 3 2 0 0 12 32 0 0 0 0 13 0 3 0 0 0 10 7 3 0 0 0 0 2 0 0 0 0 0 8 0 0 0 0 0 0 0 0 0 0 0 0 0 11 0 0 0 0 0 0 0 0 0 0 0 0 0 0 0 0 0 13 10 5 10 0 0 0 0 0 13 9 11 20 0 0 10 0 0 20 12 0 9 0 9 0 19 0 3 0 0 27 4 0 8 0 0 22 34 0 0 1 0 0 2 0 0 0 0 0 10 2 0 0 0 0 0 2 10 0 0 0 35 2 3 0 10 0 0 0 0 0 1 0 0 0 0 0 0 0 0 0 0 0 15 0 0 2 0 
 4 0 0 0 0 0 0 0 0 0 0 0 0 0 0 0 0 0 0 0 0 1 39 3 1 3 0 0 0 62 10 1 27 2 3 0 31 0 0 62 62 36 65 93 0 107 43 123 76 156 131 47 78 91 103 80 105 56 65 89 0 0 0 0 1 0 51 51 0 0 1 0 19 0 0 0 0 0 29 0 0 0 0 0 0 0 0 0 8 0 0 0 0 0 0 0 0 0 0 0 0 0 0 14 0 0 6 16 0 1 2 0 0 0 14 34 29 14 0 0 29 0 8 2 10 0 0 0 16 0 33 0 13 3 7 0 8 16 0 0 0 0 0 0 0 0 28 14 0 0 0 0 52 7 13 2 0 0 15 40 0 0 0 0 5 0 0 0 0 0 13 0 0 0 0 17 0 0 0 0 3 0 0 13 0 0 12 0 1 7 4 0 7 0 0 1 0 0 18 0 0 10 0 0 12 21 36 0 21 13 0 35 38 0 0 2 0 8 0 0 27 0 0 0 0 0 0 0 0 0 0 0 0 0 0 0 0 6 24 23 0 0 10 0 0 0 0 0 0 0 0 8 0 2 0 0 0 1 5 0 0 21 0 2 37 2 0 0 0 0 0 0 0 0 0 0 0 0 0 0 0 7 0 0 0 1 0 0 1 0 
 0 5 0 0 0 0 0 0 0 0 2 0 0 0 0 0 0 0 0 0 0 0 0 0 0 1 0 0 2 0 0 0 0 0 0 0 3 0 0 0 21 29 156 35 107 0 29 32 111 200 164 50 29 47 102 129 284 56 54 74 20 0 0 0 8 0 0 1 0 262 46 0 105 0 0 54 0 56 53 38 0 0 0 0 0 0 0 0 0 0 0 0 0 0 0 0 0 0 0 0 0 0 0 0 0 0 0 1 0 0 0 0 0 0 0 0 7 0 0 0 0 24 20 15 10 14 1 0 23 9 11 3 11 0 5 2 1 1 0 0 17 0 12 0 0 0 2 41 11 2 0 0 2 33 13 19 0 0 16 0 0 0 0 0 0 3 0 0 0 0 0 0 0 0 0 1 0 0 0 0 0 0 0 2 0 0 0 0 0 0 0 0 0 0 0 0 0 0 0 0 0 0 1 7 2 10 0 13 0 0 18 0 0 0 0 13 1 31 0 0 9 15 0 0 0 0 11 0 0 0 23 0 13 62 68 3 0 8 0 0 0 0 0 0 0 0 0 0 0 0 0 6 0 1 0 0 0 0 0 0 0 0 6 4 1 0 0 0 2 0 4 0 0 29 0 11 0 0 0 0 0 0 1 14 5 4 0 0 2 0 
 64 3 3 3 3 3 6 3 3 3 3 3 3 3 3 3 3 3 3 3 0 0 0 63 62 0 0 0 0 0 58 1 0 1 0 62 7 0 0 0 147 456 87 90 43 29 0 175 119 25 29 19 306 112 250 84 310 106 276 112 0 4 0 4 0 0 5 0 0 15 2 0 0 3 35 0 8 0 5 0 0 0 0 0 0 0 0 0 0 0 0 0 0 0 0 0 0 0 0 0 0 0 0 0 2 0 0 0 0 0 2 0 0 0 0 0 0 0 0 0 1 38 0 6 0 16 0 0 0 34 14 0 0 19 0 0 1 0 15 0 0 3 0 0 0 0 0 0 9 0 0 0 10 0 0 5 0 0 0 11 0 0 2 0 0 0 0 0 0 0 0 0 0 0 0 0 0 7 47 0 0 1 0 0 0 15 0 0 0 0 0 1 0 0 0 0 0 3 0 0 28 0 8 18 0 0 9 14 11 43 0 28 0 9 33 19 0 1 14 9 0 0 0 2 0 0 0 1 0 1 23 0 13 0 8 0 1 5 0 0 0 6 0 0 0 0 0 0 0 0 0 1 0 1 0 0 0 0 0 2 0 0 0 0 0 10 13 0 0 0 0 0 0 0 0 2 0 0 0 0 0 0 0 0 0 0 0 0 1 0 
 0 0 0 0 0 0 2 0 0 0 0 0 0 0 0 0 0 0 0 0 4 2 2 2 2 65 2 2 2 21 2 44 2 2 2 2 2 2 4 4 323 181 118 336 123 32 175 0 137 90 97 89 236 208 117 196 309 43 152 166 0 1 28 1 5 12 6 4 0 2 5 3 0 0 3 10 0 12 2 3 0 0 0 0 0 0 0 0 0 0 0 0 0 0 0 0 0 0 0 8 0 0 0 0 1 0 0 0 0 0 0 0 0 0 0 0 0 0 0 0 8 7 21 1 1 8 0 0 26 58 18 29 17 8 23 22 43 40 0 13 0 0 0 0 0 7 0 0 0 6 17 0 23 0 0 0 0 6 43 1 0 0 6 0 0 0 0 0 0 0 0 0 0 0 0 4 0 42 0 0 0 0 0 0 1 0 0 0 0 0 0 0 0 0 0 0 0 0 0 0 0 25 2 24 0 0 0 0 18 55 0 17 10 0 12 70 2 22 14 6 6 0 0 0 0 5 11 0 0 0 0 0 0 0 0 0 0 0 19 0 0 0 20 0 0 0 0 0 0 0 0 15 0 1 0 0 0 0 0 2 0 0 1 0 1 3 2 0 0 0 0 0 0 0 0 0 0 0 0 0 0 0 13 0 0 0 2 2 0 0 
 1 1 0 1 1 1 0 1 0 1 2 2 0 0 1 2 2 1 0 0 1 2 2 2 1 64 2 2 3 1 2 2 1 2 5 2 1 1 1 1 203 106 195 95 76 111 119 137 0 137 103 49 117 198 139 182 45 54 152 70 0 1 1 0 7 2 0 2 2 0 2 0 2 205 3 2 2 9 5 3 0 0 0 0 0 0 0 0 0 0 0 0 0 0 0 0 0 0 0 0 0 0 0 0 0 0 0 0 0 0 0 0 0 0 0 0 0 0 0 0 0 0 15 0 0 1 8 0 2 41 0 3 0 11 19 23 3 10 15 0 0 0 0 0 3 0 0 1 0 4 0 0 0 0 0 0 0 11 0 0 0 0 0 0 0 0 0 0 0 0 0 0 0 0 0 0 0 0 0 0 0 0 0 0 15 14 0 8 0 0 0 0 0 0 0 0 0 0 0 0 35 19 0 26 0 20 8 10 0 0 19 0 10 18 0 10 6 9 0 0 5 0 0 0 0 0 0 0 0 0 0 0 0 13 0 0 0 0 0 0 0 0 0 0 0 2 0 0 0 2 0 10 2 0 0 0 0 0 1 0 0 0 0 2 0 3 1 1 0 0 22 0 2 0 0 0 0 0 0 0 0 0 0 0 0 0 0 18 0 0 
 0 0 0 0 0 2 1 0 0 0 0 0 0 0 0 0 0 0 0 0 0 0 0 0 0 0 0 0 0 0 0 0 0 0 0 0 0 0 52 0 37 116 154 81 156 200 25 90 137 0 281 133 262 83 292 141 81 323 85 81 0 0 0 0 8 0 0 0 1 0 40 3 0 15 0 0 1 0 54 95 0 0 0 0 0 0 0 0 0 0 0 0 0 0 0 0 0 0 0 0 0 0 0 0 0 0 0 0 0 0 0 0 0 0 0 0 0 0 0 0 0 0 24 0 25 12 0 0 0 32 14 0 0 0 0 0 9 12 0 0 11 0 11 0 0 0 11 66 0 11 12 0 21 24 18 0 5 0 13 49 0 0 17 0 0 0 0 0 0 0 0 0 0 0 0 4 0 2 0 0 0 0 0 0 0 0 0 0 0 0 0 0 0 0 0 0 0 0 0 0 0 4 7 19 24 61 0 32 12 10 23 1 0 0 1 38 0 18 0 0 2 0 0 0 0 1 33 4 5 0 0 0 11 31 6 0 6 18 0 0 0 0 0 0 0 0 0 0 0 0 0 0 0 0 0 0 0 0 0 9 0 0 3 0 64 12 0 0 0 0 18 0 0 0 0 0 0 0 0 0 0 0 0 0 0 18 0 0 2 0 
 2 2 2 2 2 2 2 2 2 2 65 2 2 2 2 2 2 2 2 2 5 3 3 3 3 215 3 3 6 3 3 3 3 3 3 5 3 3 10 7 29 348 126 54 131 164 29 97 103 281 0 94 47 40 116 89 132 66 52 260 0 0 0 0 5 1 0 0 0 0 23 0 50 0 0 0 0 0 0 24 0 0 9 0 0 7 0 0 0 0 0 0 0 0 0 0 0 0 0 0 0 6 4 0 0 0 5 4 0 4 0 1 2 0 0 0 0 0 0 0 0 0 63 1 13 3 0 3 17 20 19 0 0 0 0 0 22 6 0 0 11 0 13 0 0 0 22 32 0 15 0 0 40 12 0 0 0 0 4 19 0 0 4 0 0 0 0 0 0 0 0 0 0 4 0 6 0 2 0 0 0 0 0 2 0 7 11 23 0 0 0 5 0 4 3 0 5 0 0 0 1 0 8 11 0 14 0 20 19 10 4 0 0 0 0 30 0 29 0 0 28 0 0 5 0 0 12 0 0 0 0 0 8 24 29 0 0 7 0 0 0 0 0 0 0 0 0 0 0 0 0 8 0 1 0 0 0 0 0 2 0 13 1 1 2 23 0 0 1 0 10 0 0 0 0 0 0 0 0 0 0 0 0 0 0 19 0 0 2 0 
 0 0 0 0 0 0 2 7 0 2 0 0 0 0 0 0 2 0 0 0 1 0 0 0 0 0 0 0 0 1 0 0 0 1 0 0 3 0 0 6 264 151 268 166 47 50 19 89 49 133 94 0 94 249 24 23 152 152 51 97 4 0 0 0 0 0 54 0 0 1 0 0 1 1 0 1 0 5 0 3 0 0 0 0 0 0 0 0 1 0 0 0 0 0 0 0 0 0 0 0 0 0 0 0 0 0 0 0 0 0 0 0 0 0 0 0 0 0 0 0 0 20 14 38 11 33 2 3 0 9 15 1 1 1 0 6 15 13 0 0 9 2 0 0 0 0 15 1 0 0 0 0 18 12 8 11 14 0 21 15 0 0 5 0 0 0 0 0 0 0 0 0 0 0 0 7 0 4 0 0 0 0 0 0 0 0 0 0 0 0 0 0 0 10 0 0 0 0 0 0 1 1 18 13 11 0 0 5 41 23 2 31 0 1 19 19 5 20 7 7 0 10 0 15 0 11 14 33 0 0 0 0 13 11 0 0 10 0 10 0 0 0 0 0 0 0 0 0 0 0 0 10 0 0 0 0 0 0 0 15 0 0 0 2 1 12 2 0 0 0 0 0 0 0 0 0 25 0 0 0 0 0 5 0 1 0 0 0 1 0 
 3 0 0 0 0 0 41 0 0 0 0 0 0 0 0 0 0 0 0 0 1 4 0 0 0 70 4 2 0 5 0 36 0 210 5 0 0 21 0 4 134 330 84 153 78 29 306 236 117 262 47 94 0 360 57 56 70 117 214 148 0 0 0 7 0 0 0 12 0 0 0 0 0 0 0 0 0 0 0 0 0 0 0 0 0 0 0 0 0 0 0 0 0 0 0 0 0 0 0 0 6 0 0 4 4 1 0 0 0 0 3 15 0 0 0 2 16 0 0 0 7 66 25 10 0 9 0 24 0 0 0 20 10 9 2 31 0 10 11 16 0 0 0 0 0 0 0 0 0 0 0 10 0 0 0 1 0 0 17 0 0 0 0 0 0 0 0 0 0 0 0 0 0 0 0 0 0 0 0 0 0 0 0 0 5 0 0 0 0 0 2 0 0 0 0 0 0 0 0 0 7 11 0 42 8 30 0 0 1 15 8 56 8 9 34 33 6 0 13 9 0 0 0 0 0 0 0 0 0 0 0 0 0 0 0 0 0 0 19 0 0 0 4 0 0 0 0 0 0 32 0 2 0 2 0 0 0 0 8 1 0 0 0 0 1 3 0 74 0 0 0 0 0 0 0 0 0 0 0 0 0 6 0 0 0 0 0 0 0 0 
 0 1 0 0 0 62 2 0 0 0 0 0 0 0 0 0 0 2 0 0 2 0 0 0 3 1 0 0 0 1 63 70 0 1 0 1 0 0 2 2 90 104 152 97 91 47 112 208 198 83 40 249 360 0 469 152 68 135 290 149 0 0 2 5 0 4 0 5 0 0 0 3 3 0 0 0 224 0 0 2 0 0 0 0 0 0 0 0 0 0 0 0 0 0 0 0 0 0 0 0 0 0 0 0 8 0 0 0 0 0 0 0 0 0 0 0 0 0 0 0 4 78 13 1 1 0 1 0 7 19 21 24 1 18 35 0 33 2 10 2 0 0 0 0 0 0 0 0 0 0 1 0 7 0 0 0 0 0 14 0 0 0 0 0 0 0 0 0 0 0 0 0 0 0 0 0 0 0 0 0 0 0 0 0 9 0 0 0 0 0 0 0 0 0 0 3 0 0 0 0 44 18 0 14 0 22 16 0 9 3 11 9 8 20 46 20 12 0 19 0 0 1 0 0 0 0 0 0 0 10 0 0 0 0 0 2 0 0 13 0 0 0 20 0 0 2 0 0 0 0 0 7 0 1 0 0 0 0 2 0 0 0 1 0 0 2 3 3 0 0 0 0 0 0 2 0 0 0 0 0 0 0 0 0 14 0 0 38 0 0 
 0 0 0 0 62 0 0 0 0 0 0 0 0 0 0 0 0 0 0 0 0 0 0 0 0 0 3 0 0 3 0 0 0 0 0 0 0 0 0 0 125 132 313 80 103 102 250 117 139 292 116 24 57 469 0 206 93 114 80 185 0 0 0 1 0 0 205 0 0 0 0 1 0 0 0 0 0 0 0 0 0 0 0 0 0 0 0 0 0 0 0 0 0 0 0 0 0 0 0 0 0 0 0 0 10 1 0 0 0 0 0 0 0 0 0 0 0 0 0 0 18 12 15 0 8 0 25 9 32 0 10 0 0 11 34 6 23 12 11 0 0 0 0 0 0 0 10 1 0 0 3 0 6 0 1 1 0 0 0 13 0 0 0 0 0 0 0 0 0 20 0 0 0 0 0 0 0 0 0 0 0 0 0 0 11 0 0 0 8 0 0 0 0 0 0 0 0 0 0 0 14 18 1 30 0 19 12 23 16 11 25 9 0 10 14 12 25 0 11 0 13 0 0 0 0 0 0 0 0 0 0 0 0 6 0 0 0 0 0 0 0 0 12 0 0 0 0 0 0 0 0 11 0 0 0 0 0 0 0 11 0 0 1 0 2 2 0 0 1 0 19 0 0 0 0 0 0 0 0 0 0 0 0 0 20 17 0 14 2 0 
 0 0 0 0 0 0 33 0 0 0 0 0 0 0 0 0 0 0 0 0 4 2 2 1 3 1 1 1 2 1 1 2 1 2 1 1 1 1 1 4 70 99 73 36 80 129 84 196 182 141 89 23 56 152 206 0 136 137 21 58 0 0 3 0 4 3 0 0 0 2 0 0 0 0 0 4 0 1 0 0 0 0 0 0 0 0 0 0 0 8 0 0 0 0 0 0 0 14 0 0 0 18 0 0 7 0 0 0 0 0 0 0 0 0 0 0 0 0 0 0 0 29 0 14 16 9 13 2 7 40 16 35 0 17 36 17 45 0 0 8 0 16 13 7 0 5 8 17 0 4 4 0 1 0 0 2 0 3 0 8 0 0 0 0 0 0 0 0 0 1 0 0 0 0 0 0 0 0 0 0 0 0 0 0 12 8 5 0 0 0 0 0 0 0 0 0 0 0 0 0 11 8 0 17 0 15 11 5 8 0 23 19 0 6 0 0 21 0 0 0 26 0 0 0 0 2 0 0 0 0 0 0 0 4 15 0 0 0 0 0 0 0 0 0 0 0 0 0 0 0 0 11 1 0 0 0 0 0 0 1 55 0 68 0 0 1 2 0 0 0 0 0 0 0 0 0 0 0 0 0 0 0 0 0 27 35 0 8 2 0 
 0 0 0 0 1 0 3 0 0 0 0 0 0 0 0 0 0 0 0 0 5 5 10 2 2 2 2 4 2 5 2 14 2 2 9 2 15 2 2 5 46 118 353 333 105 284 310 309 45 81 132 152 70 68 93 136 0 379 51 46 0 0 0 4 0 0 55 1 0 0 0 0 23 0 0 0 0 0 0 1 0 0 0 0 0 0 0 0 0 0 0 0 0 0 0 0 0 0 0 0 4 0 0 0 4 0 0 0 0 0 2 0 0 0 0 8 4 0 0 0 0 17 11 27 7 9 15 9 16 0 40 4 1 2 27 13 45 15 8 0 0 0 1 0 0 0 23 1 0 0 0 0 16 0 0 1 0 0 0 25 0 0 0 0 3 0 0 2 0 0 6 0 0 0 0 4 0 3 0 0 0 0 0 0 8 0 0 0 0 0 3 0 0 0 0 0 0 0 0 0 4 6 29 1 0 0 0 0 14 4 0 20 7 0 11 6 19 0 6 0 40 0 0 0 1 0 1 0 0 0 0 0 1 0 0 0 0 0 19 14 0 0 19 0 0 0 0 0 0 0 0 6 0 2 0 0 0 0 4 1 0 0 6 0 1 3 1 0 0 0 0 0 0 0 0 0 0 0 0 0 0 0 0 0 15 0 0 0 1 0 
 0 0 0 0 0 0 6 0 0 0 0 0 0 0 0 1 0 0 0 0 3 4 4 5 5 5 3 4 3 4 5 4 3 4 4 3 5 4 3 3 291 112 352 166 56 56 106 43 54 323 66 152 117 135 114 137 379 0 307 54 1 2 0 8 0 0 0 6 0 0 16 0 57 2 0 0 2 0 1 1 0 0 0 0 0 0 4 0 0 0 0 0 6 2 0 0 2 0 8 0 0 0 0 0 0 0 0 0 0 0 0 0 0 0 0 0 0 0 0 0 0 26 10 16 7 27 7 3 11 1 11 0 0 9 0 13 0 0 0 0 11 0 0 2 2 0 10 0 0 4 2 5 0 0 0 0 1 1 0 0 0 0 0 0 0 0 0 0 4 0 0 0 0 2 0 0 0 0 3 6 0 0 0 0 13 0 0 0 0 0 0 0 0 0 0 11 0 0 0 0 3 0 5 35 10 32 0 0 1 0 19 13 9 5 0 0 0 15 0 0 0 7 11 0 2 11 0 6 1 0 0 0 0 0 0 0 0 0 0 0 0 0 0 0 0 1 0 0 0 0 0 3 0 0 0 0 0 0 2 11 0 0 0 0 2 2 3 31 1 0 0 0 0 0 0 2 0 0 0 0 0 0 0 0 0 9 0 0 1 1 
 2 2 2 2 2 2 2 2 2 2 2 2 2 2 2 2 2 63 2 2 2 63 69 64 89 93 2 2 18 3 2 214 2 2 2 3 4 28 2 2 318 138 58 125 65 54 276 152 152 85 52 51 214 290 80 21 51 307 0 154 57 6 0 6 0 0 0 2 0 0 12 5 0 54 8 0 0 0 50 3 0 0 0 0 0 0 0 0 0 0 0 0 7 0 0 0 0 0 0 0 0 0 6 11 0 10 0 0 11 12 13 18 0 0 0 12 10 0 0 0 0 1 0 9 0 0 42 13 0 14 22 0 28 11 0 33 0 9 24 30 7 0 0 0 0 0 0 5 4 0 0 12 0 0 3 1 2 0 0 13 0 0 0 0 0 0 0 0 6 0 0 0 0 9 5 0 0 0 0 0 0 0 0 0 15 23 0 0 0 1 10 32 0 0 0 0 0 0 0 0 15 1 8 1 28 1 54 2 0 0 0 0 58 26 15 11 0 0 46 9 0 0 0 7 1 0 3 3 3 0 0 0 0 0 0 14 6 0 0 0 0 0 0 0 0 0 0 0 0 0 0 0 0 1 0 0 0 0 0 0 0 0 1 0 0 1 2 66 0 0 0 0 0 0 0 5 0 0 0 0 0 0 0 0 0 0 0 0 2 0 
 3 5 3 3 3 3 3 3 3 3 3 3 3 3 3 3 3 3 3 3 0 68 64 0 19 305 0 0 62 64 23 186 0 0 0 0 0 58 0 0 111 132 268 61 89 74 112 166 70 81 260 97 148 149 185 58 46 54 154 0 0 0 1 2 0 0 0 0 0 3 2 2 0 0 0 1 2 1 1 0 0 0 0 0 0 0 0 0 0 0 0 0 0 0 0 0 0 0 0 0 0 10 0 0 16 0 0 0 8 0 2 26 0 0 0 0 0 0 0 0 0 12 0 19 18 0 0 0 0 0 0 0 23 0 0 12 0 18 0 14 0 0 0 0 0 0 0 0 0 0 0 0 0 0 0 0 0 0 0 0 0 0 0 0 0 0 0 0 4 0 0 0 0 7 9 0 0 0 0 6 0 0 0 0 0 8 0 0 24 0 0 14 0 0 0 19 0 40 0 0 0 11 12 11 11 0 8 13 0 8 0 15 15 14 34 11 16 0 13 46 0 0 0 16 0 0 0 0 0 0 0 0 0 0 0 0 0 0 0 0 0 0 0 0 0 0 0 0 0 0 0 16 0 0 0 0 0 0 0 0 33 0 3 0 0 5 0 0 0 0 0 0 0 0 0 0 0 0 0 0 0 0 0 0 0 0 15 18 2 0 
 2 2 4 2 2 2 2 2 2 2 2 2 2 2 2 2 2 2 3 2 0 0 0 0 0 0 0 0 0 0 0 48 0 0 0 0 0 0 0 0 0 0 0 79 0 20 0 0 0 0 0 4 0 0 0 0 0 1 57 0 0 84 164 277 37 38 176 112 29 135 298 32 278 177 68 110 307 128 222 43 0 2 0 0 0 0 0 0 0 0 0 0 0 0 0 0 0 0 0 0 0 0 0 0 0 0 0 0 0 0 0 0 0 0 0 0 0 0 0 0 0 0 0 10 11 1 0 0 0 0 9 2 0 0 1 0 0 0 0 0 6 1 24 1 20 11 9 0 35 6 0 0 0 26 0 20 1 20 5 0 0 0 0 0 0 5 0 0 0 0 0 0 0 0 0 0 0 0 0 0 0 0 0 0 0 0 0 0 0 0 0 0 0 0 0 0 0 0 0 0 0 0 0 0 12 0 0 0 0 0 0 15 0 18 0 0 0 0 0 0 28 62 1 10 1 0 0 0 12 1 19 0 18 39 30 12 1 8 30 8 1 0 0 0 0 0 0 0 0 0 0 0 0 0 6 0 0 0 0 1 0 0 0 0 4 0 0 0 0 0 2 0 0 18 2 0 0 0 0 0 0 0 0 0 1 0 0 0 0 0 
