 0 205 254 50 36 74 345 42 233 45 45 52 229 171 314 532 218 123 108 317 0 0 76 0 0 0 0 0 3 0 0 0 3 0 0 0 2 2 75 0 0 0 0 0 0 0 0 0 2 0 0 0 0 0 0 0 7 0 3 3 0 0 0 0 0 31 2 3 0 0 0 28 0 0 2 0 3 0 0 3 38 20 18 48 0 11 50 18 24 0 21 18 22 85 18 32 16 15 14 21 0 0 0 0 0 0 0 0 0 0 0 22 0 0 0 0 0 0 4 60 0 0 0 0 0 0 0 0 0 0 0 1 0 0 0 0 0 0 0 0 0 0 0 0 0 0 0 0 0 0 0 0 0 0 0 0 0 14 0 0 15 60 16 1 11 14 0 23 12 36 30 22 9 29 3 12 27 21 0 48 0 0 0 0 0 0 24 0 0 0 0 0 0 0 0 0 0 0 0 0 0 0 0 0 0 0 0 0 0 0 0 0 0 0 2 0 0 0 0 0 0 2 0 0 0 0 0 0 0 9 0 0 14 0 0 0 0 0 0 0 0 0 0 0 0 0 90 0 2 0 13 7 0 0 0 0 0 0 0 0 0 0 10 0 0 0 0 0 0 0 0 0 0 0 0 20 10 0 0 0 1 0 0 0 0 0 0 0 0 0 
 205 0 120 346 136 349 156 282 166 244 117 19 61 55 442 153 270 97 125 207 0 0 2 2 0 0 0 0 3 0 2 0 5 0 0 0 2 2 0 0 0 0 0 0 0 0 0 0 2 0 0 0 0 0 0 0 0 0 3 3 0 0 52 0 1 0 2 2 0 0 0 2 0 0 3 0 3 0 0 3 38 18 25 50 14 27 19 12 27 11 54 40 15 8 57 0 16 18 13 2 0 0 0 0 0 0 0 16 0 1 0 0 0 2 0 0 0 0 14 0 0 0 0 0 0 0 0 0 0 0 0 0 0 0 0 0 0 0 0 0 0 0 0 0 0 0 1 1 15 0 0 0 0 0 0 0 0 0 0 0 19 1 32 0 13 10 24 10 14 0 16 63 11 29 8 37 0 13 0 10 0 0 0 0 0 0 0 0 0 0 0 0 2 0 13 0 0 6 8 0 0 0 0 0 0 0 0 0 0 0 0 0 0 0 0 0 0 0 0 0 0 0 0 0 0 0 2 0 0 0 0 0 0 16 0 0 1 0 0 0 0 0 0 0 0 0 3 0 90 0 7 11 18 0 0 0 0 0 0 0 0 0 0 0 0 0 0 0 0 0 0 0 0 2 0 0 1 0 0 0 0 0 0 0 0 0 0 0 0 0 
 254 120 0 196 53 379 83 190 169 384 127 77 40 62 37 218 137 29 132 127 0 0 65 0 2 2 0 1 6 2 0 0 3 3 0 0 77 2 31 0 0 0 0 8 0 0 59 0 2 0 0 0 0 1 0 0 5 0 3 3 0 0 0 0 2 0 2 2 0 0 0 2 0 0 3 0 3 0 0 2 2 0 14 7 22 13 0 11 9 35 0 23 9 15 0 0 30 13 25 0 0 0 0 1 0 0 8 11 16 0 0 1 32 0 0 1 7 0 0 0 0 10 0 0 2 12 0 0 0 0 2 0 0 0 0 0 0 0 0 2 0 0 0 0 0 0 0 0 0 0 0 0 2 0 0 0 2 1 0 0 1 10 12 16 17 9 0 30 4 33 30 0 12 0 79 2 24 1 15 0 0 1 2 0 0 0 10 13 0 0 0 0 0 0 0 0 0 2 9 0 0 0 0 0 0 0 0 0 0 0 0 0 0 0 0 0 0 1 0 0 0 0 0 0 0 0 0 0 0 2 2 0 1 0 0 0 0 0 0 0 0 0 0 0 0 1 1 2 99 87 0 8 0 0 0 0 0 0 0 0 0 0 0 0 0 0 0 0 0 0 0 0 0 0 0 25 11 9 0 0 0 0 0 0 0 0 0 0 0 0 
 50 346 196 0 372 278 529 33 165 348 165 277 50 95 175 53 136 138 276 97 0 5 11 0 2 0 71 2 3 0 76 0 5 6 0 0 10 12 141 74 0 0 0 0 4 2 6 6 2 0 2 8 0 0 0 2 0 0 3 9 0 0 45 2 0 2 2 36 2 0 0 0 0 0 4 0 3 2 0 5 0 0 0 12 23 28 0 0 0 36 1 13 0 0 11 18 1 0 0 0 34 7 0 0 0 0 21 0 1 0 0 0 18 9 12 0 18 1 15 0 0 1 0 0 0 0 0 0 0 0 0 0 0 14 1 0 0 0 0 0 0 0 0 0 7 1 0 0 0 0 0 0 0 0 0 0 0 0 0 0 0 16 21 41 29 15 17 0 1 5 0 28 0 0 0 2 26 19 0 0 3 10 16 0 0 0 29 0 0 0 0 6 29 19 0 0 0 0 19 0 0 2 0 0 0 0 0 0 3 0 1 0 0 0 0 0 1 0 0 0 0 0 0 0 0 4 0 0 16 0 0 1 0 0 0 0 0 0 0 0 0 13 0 0 1 1 1 2 2 93 0 6 0 0 0 0 0 0 0 1 0 0 0 0 0 0 0 0 0 0 2 0 0 0 0 0 0 21 0 0 0 0 0 0 0 0 0 0 0 1 
 36 136 53 372 0 276 275 126 287 156 305 45 275 98 154 66 141 45 60 93 186 18 3 0 0 2 108 2 4 4 2 0 89 76 5 0 4 75 0 76 0 4 0 0 0 3 3 3 11 0 2 3 2 0 0 0 0 3 6 4 3 2 47 0 3 0 2 2 2 0 3 3 0 0 5 3 2 0 0 2 0 0 3 9 19 1 0 3 0 1 0 8 0 0 36 0 0 40 0 0 28 25 0 1 0 0 26 2 0 0 0 11 14 91 13 2 0 10 41 28 0 0 0 0 0 0 0 0 0 0 2 0 0 0 0 1 2 2 0 2 0 0 0 0 0 0 0 0 0 3 0 0 0 0 2 0 0 0 0 6 0 0 2 8 4 27 12 1 0 0 0 17 0 5 1 22 0 2 0 0 22 43 42 0 0 0 0 42 0 24 7 0 25 0 0 10 7 11 24 25 0 0 0 0 0 0 0 0 0 0 19 0 0 0 0 0 0 0 0 0 0 0 0 0 9 0 0 0 0 2 0 0 1 0 0 0 0 0 0 0 0 1 0 0 0 2 1 2 3 5 3 9 0 1 0 0 0 0 1 0 0 0 0 0 0 0 0 0 0 0 0 0 0 0 0 0 0 0 0 0 0 0 0 0 0 0 0 0 0 0 
 74 349 379 278 276 0 315 200 164 110 401 76 37 58 351 467 388 230 222 197 3 73 2 0 0 0 0 0 3 0 3 0 63 0 0 3 76 2 151 1 2 0 2 3 3 1 0 0 2 0 0 0 0 2 8 0 2 4 3 3 0 0 1 0 2 2 3 3 0 0 0 2 0 48 5 0 3 0 0 3 1 0 0 7 17 25 0 30 12 16 6 1 23 0 0 26 10 5 0 0 0 10 0 0 2 0 22 0 0 0 0 0 0 10 0 0 0 0 5 30 0 2 0 0 0 0 0 0 0 0 0 0 0 0 0 0 2 0 0 0 16 0 0 1 0 0 0 0 0 2 0 0 0 0 0 0 0 0 0 0 0 0 13 0 2 7 16 28 11 81 2 0 0 0 10 15 26 11 0 0 0 39 17 0 0 0 31 0 0 0 0 0 1 0 13 0 10 4 17 16 1 0 0 0 0 0 0 0 0 0 0 0 0 0 0 0 0 0 0 0 0 0 0 0 0 0 0 9 0 0 0 0 0 0 0 0 0 0 0 0 0 0 0 0 0 0 0 0 45 89 0 12 0 4 0 0 0 0 0 0 0 0 0 0 0 12 0 0 0 0 0 0 0 10 0 18 0 15 0 0 0 10 0 0 0 0 0 0 0 0 
 345 156 83 529 275 315 0 87 323 338 247 48 248 63 44 38 254 32 365 353 204 0 3 252 0 0 0 101 3 23 0 0 4 0 0 0 2 2 5 0 2 0 0 0 0 0 0 0 2 0 0 0 0 0 0 0 0 102 3 3 0 0 0 0 0 0 2 3 0 0 0 1 0 0 2 0 3 0 5 3 16 14 0 0 0 15 41 10 47 0 1 26 57 42 38 0 26 0 0 39 0 0 0 5 1 0 0 3 0 0 0 0 6 0 0 0 1 0 0 0 0 2 0 2 0 2 0 0 0 0 0 0 17 0 0 0 0 0 0 0 0 0 0 0 0 0 0 0 9 0 0 0 0 0 0 0 0 2 0 0 62 0 3 0 2 5 0 36 0 21 21 8 10 11 0 9 16 16 0 23 0 0 0 0 0 0 0 0 0 0 0 0 0 1 16 0 24 0 1 0 2 0 0 58 0 0 0 0 0 0 0 0 14 0 0 0 0 0 0 0 0 0 0 0 0 0 0 0 0 0 0 0 0 0 0 0 0 0 0 0 0 0 0 0 0 4 2 2 3 0 0 8 0 1 0 0 0 0 0 0 0 0 0 0 0 0 0 0 0 0 0 0 0 0 0 36 0 0 0 0 0 0 0 0 0 0 0 0 0 0 
 42 282 190 33 126 200 87 0 265 214 136 111 187 226 194 136 253 172 62 449 0 0 2 0 0 0 0 0 3 0 0 0 3 76 0 0 2 2 0 0 0 0 0 0 0 0 0 0 2 0 0 1 0 0 0 0 4 0 3 3 0 0 0 0 0 0 2 3 0 0 0 0 0 0 0 0 3 0 0 3 18 24 10 21 19 14 41 45 12 36 36 17 0 1 9 0 15 16 0 20 0 0 0 0 0 0 0 0 0 0 0 16 2 0 0 0 0 0 2 1 0 0 0 0 0 0 0 1 0 0 0 1 0 0 0 0 0 0 0 0 0 0 0 0 0 0 0 0 0 5 0 0 0 0 0 0 0 0 5 0 10 25 14 0 1 7 17 12 72 12 15 0 19 22 64 37 0 0 9 0 0 0 0 0 0 0 0 0 0 0 0 0 0 0 0 0 0 0 0 0 0 0 0 0 0 0 0 0 0 0 0 12 0 0 2 0 0 0 0 0 0 2 0 0 0 0 0 0 0 0 0 0 16 0 0 0 0 0 0 0 0 0 0 0 0 0 0 0 98 14 13 2 0 0 0 0 0 0 0 0 0 0 10 0 0 0 0 0 0 0 0 0 0 0 0 0 0 0 0 0 0 0 0 0 0 0 0 0 0 0 
 233 166 169 165 287 164 323 265 0 404 250 44 114 117 168 312 174 25 278 122 3 0 5 0 0 3 2 0 3 2 0 0 5 0 1 5 2 5 73 0 2 3 0 1 0 0 0 0 2 0 1 0 0 2 3 1 3 0 6 3 1 1 0 0 4 2 2 2 0 0 0 3 0 1 3 0 4 1 0 3 1 34 0 29 50 0 36 0 18 54 1 18 14 10 23 0 26 10 1 26 0 1 0 0 0 0 16 10 20 0 0 0 22 0 0 0 8 2 0 0 8 9 0 0 0 0 0 0 0 0 0 0 0 0 0 0 0 0 0 0 0 0 0 0 0 19 0 0 0 0 0 0 0 0 0 0 0 0 0 0 18 45 14 19 0 4 0 0 40 13 6 0 42 6 23 4 18 0 2 12 1 0 0 28 0 0 11 10 0 0 0 0 1 0 0 0 0 0 0 0 0 0 0 0 0 0 0 0 0 0 0 0 0 0 0 0 0 0 1 0 0 0 0 0 0 0 0 0 1 0 0 0 0 0 2 0 0 2 0 0 0 0 0 0 0 2 1 0 1 88 0 4 0 0 0 0 0 0 0 0 0 0 10 0 0 0 0 0 0 0 0 0 0 9 0 0 0 10 0 0 0 0 0 0 0 0 0 0 0 0 
 45 244 384 348 156 110 338 214 404 0 77 54 76 110 356 418 324 54 285 211 0 1 4 0 2 0 65 0 3 0 62 0 3 1 0 0 4 2 77 0 0 0 0 0 0 0 0 0 2 0 0 0 3 0 0 0 0 0 3 65 0 0 53 0 0 0 2 3 0 0 0 1 0 2 2 3 4 0 0 3 1 0 13 42 25 0 2 32 11 9 3 17 10 0 12 9 9 25 0 14 0 0 0 0 0 0 28 1 0 0 0 0 0 0 0 0 0 0 56 7 0 0 0 0 0 0 2 0 0 0 0 0 0 0 0 0 0 0 0 0 2 0 0 0 0 0 0 0 0 0 0 0 0 0 0 0 0 0 0 0 0 13 10 7 1 17 12 10 16 17 8 15 0 9 14 11 7 3 0 0 0 0 24 0 0 0 1 0 2 0 0 0 18 0 11 0 2 0 0 0 0 0 0 0 0 0 0 0 0 0 0 0 0 0 0 0 0 0 0 0 0 0 0 0 0 0 0 0 1 0 0 0 0 0 0 0 0 0 14 0 0 0 0 0 0 3 0 3 2 87 0 8 1 0 0 0 0 0 0 0 0 0 0 0 0 0 0 0 0 0 0 0 0 0 0 13 0 11 0 0 0 0 0 0 0 0 0 0 0 0 
 45 117 127 165 305 401 247 136 250 77 0 381 253 50 370 255 121 449 246 47 0 85 2 0 0 0 0 2 5 0 0 0 151 0 0 0 3 32 172 5 0 0 0 0 1 0 0 0 2 0 1 2 0 0 0 0 1 1 3 3 11 0 11 0 1 0 2 2 5 0 0 2 0 10 6 0 3 0 3 14 0 0 0 0 8 51 0 2 0 2 10 12 0 0 0 15 0 1 0 0 31 9 0 0 0 0 30 0 0 0 0 0 16 16 9 0 14 0 0 14 0 0 0 0 0 0 0 0 0 0 0 0 0 0 0 14 0 0 0 0 0 0 0 0 0 0 0 0 0 0 0 0 0 0 0 0 0 0 0 0 0 0 0 1 1 8 14 7 12 21 0 0 0 0 8 23 10 13 0 0 9 9 59 0 0 0 16 0 0 0 0 0 12 0 12 0 3 18 10 8 0 0 0 0 0 0 0 0 0 0 0 0 0 0 0 0 0 0 0 0 0 0 0 0 0 0 13 0 0 0 0 0 0 0 0 0 0 0 0 0 0 0 0 0 0 0 1 0 12 0 1 1 0 0 0 0 0 0 0 0 0 0 0 0 0 0 0 0 0 0 0 0 0 0 0 0 0 0 0 0 0 6 0 0 0 0 0 0 0 0 
 52 19 77 277 45 76 48 111 44 54 381 0 47 36 30 119 183 146 24 31 0 66 2 0 0 0 0 0 4 0 0 0 164 156 24 0 2 82 1 155 0 0 0 0 0 0 0 6 2 0 0 7 0 0 0 0 0 0 3 3 0 0 43 0 1 0 2 2 0 0 0 2 0 0 3 0 3 0 0 3 0 0 0 1 106 0 0 1 0 64 31 0 0 0 11 6 13 1 0 0 84 29 9 0 0 0 0 22 0 0 0 0 31 0 20 1 1 0 29 0 0 0 0 0 0 0 0 0 0 0 0 0 0 0 0 0 14 0 0 0 0 0 6 0 0 0 0 0 0 0 0 0 0 0 1 0 0 0 0 6 0 0 11 37 18 84 13 0 0 0 0 45 0 0 0 0 0 28 2 0 0 0 19 0 0 0 9 0 0 0 0 0 11 13 0 0 0 0 1 9 0 0 0 0 0 0 0 0 0 0 0 0 0 0 0 0 0 0 0 0 0 0 12 0 0 0 0 12 0 0 0 0 0 0 0 0 0 0 0 0 0 14 0 0 0 3 7 2 6 187 0 9 0 4 0 0 0 0 0 0 0 0 0 0 0 0 0 0 0 0 0 0 0 0 0 0 0 0 0 0 0 0 0 0 0 0 0 0 0 0 
 229 61 40 50 275 37 248 187 114 76 253 47 0 133 135 107 239 35 369 48 0 2 2 0 0 0 0 3 5 4 0 0 78 3 3 8 2 2 0 2 1 0 2 3 0 0 0 0 2 2 0 0 0 0 0 2 8 0 3 4 0 0 0 0 3 2 2 3 0 0 3 5 0 36 1 0 4 2 0 3 0 30 0 6 22 0 34 0 26 0 1 0 17 33 29 1 13 0 6 10 0 0 0 0 0 0 0 0 0 0 0 0 0 0 0 0 0 0 0 0 0 0 0 0 0 0 0 0 0 0 0 0 0 0 0 0 0 0 0 0 0 1 0 0 0 0 0 0 0 0 0 0 0 0 19 0 0 0 0 0 22 0 3 0 0 1 11 0 5 16 1 0 18 0 0 0 32 0 32 17 0 0 0 0 0 0 0 0 0 0 0 0 0 0 0 0 0 0 0 0 0 0 0 0 0 0 0 0 0 0 0 0 0 0 0 0 0 0 0 0 0 0 0 0 0 0 0 2 0 0 0 0 0 0 0 0 1 0 0 0 0 0 0 0 0 0 0 0 0 0 1 0 0 0 0 0 0 0 0 0 0 0 5 0 0 2 0 0 0 0 0 0 0 0 0 0 0 0 0 0 0 0 0 0 0 0 0 0 0 0 
 171 55 62 95 98 58 63 226 117 110 50 36 133 0 316 141 101 44 352 324 0 0 4 0 0 0 0 3 3 5 5 0 3 75 0 1 7 4 1 0 0 0 0 0 4 0 67 0 13 0 0 4 6 0 0 0 3 0 3 3 0 3 0 0 0 0 2 3 0 0 0 0 0 32 0 0 3 6 6 3 14 26 17 26 19 0 11 0 11 0 17 0 10 0 18 10 15 14 0 0 0 0 0 0 0 0 0 0 0 0 0 0 0 0 0 0 0 1 0 0 0 0 0 0 0 0 0 0 0 0 0 1 0 0 0 0 0 0 0 0 0 0 10 0 0 0 0 0 0 0 0 0 0 0 0 0 0 0 0 0 0 8 10 0 0 0 0 10 15 19 12 0 0 13 18 0 0 0 14 1 0 0 0 0 0 1 0 0 0 0 0 0 0 0 0 0 0 0 13 0 0 0 0 0 0 0 0 0 0 0 0 0 0 0 0 0 0 0 2 0 0 0 0 0 0 0 0 1 0 0 0 0 0 0 0 0 0 1 0 0 0 0 0 0 0 1 1 0 0 4 0 6 0 0 0 0 0 0 0 0 0 0 9 0 0 0 0 0 0 0 0 0 0 0 0 16 0 1 0 0 0 0 0 0 0 0 0 0 0 0 
 314 442 37 175 154 351 44 194 168 356 370 30 135 316 0 151 70 234 257 200 0 0 2 2 0 73 0 0 3 0 1 0 3 0 0 0 2 2 52 1 0 0 0 0 0 0 0 0 2 0 0 56 0 0 0 0 1 2 3 3 0 0 0 0 1 0 2 2 0 0 0 2 0 0 3 0 3 0 0 3 17 34 57 21 45 0 45 43 57 19 85 0 7 63 44 41 4 9 0 19 0 0 0 0 0 0 1 0 0 0 0 0 0 0 0 0 0 1 13 13 0 0 0 0 0 0 0 0 0 0 0 1 0 0 0 0 8 0 0 0 0 0 6 0 0 0 0 0 0 0 0 0 0 0 0 0 0 0 0 0 0 22 31 0 0 1 17 9 27 26 24 0 11 9 1 34 5 2 0 0 0 0 0 0 0 0 15 0 0 0 0 0 0 0 0 0 0 0 2 0 15 0 0 0 0 0 0 0 0 0 0 0 0 0 0 0 0 0 1 24 0 0 0 0 0 0 0 2 0 0 0 0 0 0 0 0 0 2 0 0 0 0 0 0 0 0 0 0 6 3 6 13 0 0 0 0 0 0 0 0 0 0 7 0 0 0 0 0 0 0 0 0 0 0 0 18 14 22 0 0 0 0 0 0 0 0 0 0 0 1 
 532 153 218 53 66 467 38 136 312 418 255 119 107 141 151 0 93 225 234 163 0 0 2 0 0 0 0 0 3 0 0 59 4 0 0 0 2 2 55 44 69 0 0 0 0 0 0 0 2 0 0 0 0 0 0 0 9 45 3 3 0 0 0 0 0 0 2 3 0 0 0 0 0 0 1 0 3 0 0 3 26 19 2 9 27 14 62 25 48 13 49 18 25 72 25 23 11 44 0 49 0 0 0 0 0 16 0 0 0 0 0 0 0 0 0 0 0 0 2 15 1 0 0 0 0 0 0 0 0 0 0 0 0 0 0 0 0 0 0 0 1 0 6 0 0 0 0 0 0 0 0 0 0 2 0 0 0 6 0 0 1 25 13 0 0 2 16 11 59 10 28 0 16 5 25 36 18 13 0 12 0 0 0 0 0 0 14 0 0 0 0 0 0 0 0 0 0 0 12 0 0 0 0 0 0 0 0 0 0 0 0 0 0 0 0 0 0 0 0 0 14 0 0 1 0 0 12 0 0 0 6 0 0 0 0 0 0 0 0 10 0 0 0 0 0 2 51 0 8 1 6 10 0 0 0 0 0 0 0 0 0 0 9 0 0 0 0 0 0 0 0 0 0 0 0 0 0 0 0 0 0 0 0 0 0 0 0 0 0 0 
 218 270 137 136 141 388 254 253 174 324 121 183 239 101 70 93 0 481 116 238 0 0 2 0 0 2 0 0 3 2 0 0 3 0 0 0 2 2 207 0 0 0 0 0 0 0 0 5 2 0 0 1 0 0 0 0 0 0 3 3 0 0 33 0 48 0 2 2 0 0 0 3 0 0 3 0 2 0 0 2 1 11 25 0 0 24 0 35 19 23 47 37 18 62 17 29 10 10 0 16 1 0 0 0 0 0 0 0 0 0 0 0 0 0 0 0 0 0 37 0 0 0 0 0 0 0 0 0 0 0 18 0 0 0 0 0 0 0 0 0 0 0 2 0 0 0 0 0 0 0 0 0 0 2 0 0 0 0 0 0 33 38 1 3 29 3 28 14 35 8 48 14 0 23 28 46 0 67 0 9 0 0 0 0 0 0 0 1 0 0 21 0 0 0 0 0 0 0 0 0 0 0 0 0 0 0 0 0 0 0 0 0 0 0 0 0 0 0 0 0 0 0 0 0 0 0 0 0 0 0 0 0 0 0 0 0 0 0 0 0 0 2 0 0 0 0 1 2 40 1 2 5 0 0 0 0 0 0 0 0 0 0 0 0 0 0 0 0 0 0 0 0 0 0 0 13 14 0 0 0 0 0 0 0 0 0 0 0 0 0 
 123 97 29 138 45 230 32 172 25 54 449 146 35 44 234 225 481 0 29 131 3 0 2 1 0 2 0 0 3 5 0 2 3 0 0 5 2 4 60 75 0 0 0 0 0 1 0 3 2 0 0 15 2 1 0 0 2 0 3 3 0 0 0 0 0 0 2 3 0 0 0 2 3 0 0 0 3 0 1 3 21 0 2 0 9 46 0 32 10 15 50 1 1 0 0 23 17 5 0 0 10 0 0 0 0 0 0 0 0 0 0 0 1 0 0 0 0 0 1 10 0 0 0 13 0 0 0 0 0 0 0 0 0 0 0 0 0 0 0 0 0 0 1 0 0 1 0 0 0 0 0 0 0 0 0 0 0 0 0 0 0 0 22 13 15 27 11 11 3 0 15 1 0 17 10 17 2 41 0 0 0 10 0 0 0 0 11 2 0 0 0 0 0 0 0 0 0 0 0 0 0 0 0 0 0 0 0 0 0 0 0 0 0 0 0 0 0 0 0 0 0 13 0 3 0 0 0 0 0 0 0 0 0 0 0 0 0 0 0 0 0 9 0 0 0 0 83 0 86 92 15 5 0 0 0 0 0 0 0 0 0 0 0 0 0 0 0 0 0 0 0 0 0 0 0 0 0 0 0 0 0 0 0 0 0 0 0 0 0 1 
 108 125 132 276 60 222 365 62 278 285 246 24 369 352 257 234 116 29 0 208 0 0 2 0 0 0 0 0 3 0 0 0 3 0 2 0 34 2 2 0 0 0 0 0 0 62 0 0 2 0 0 0 0 0 0 0 7 1 3 3 26 2 0 2 0 0 2 3 0 0 0 2 0 0 1 0 3 0 0 3 30 37 7 19 0 0 35 0 44 1 14 0 18 26 13 0 23 16 7 8 0 0 0 3 2 0 0 0 0 0 0 0 0 0 0 0 2 0 0 0 0 1 0 1 0 0 0 0 0 0 0 0 0 0 0 11 0 0 0 0 0 1 0 0 0 0 0 0 0 0 0 0 0 0 0 13 0 0 0 0 0 27 23 0 1 0 2 0 49 12 29 0 26 17 0 1 16 0 26 15 0 0 0 0 0 0 0 0 0 0 0 0 0 0 0 0 0 0 0 0 0 0 0 0 0 0 0 0 0 0 0 0 0 0 0 0 0 0 0 0 0 0 0 0 0 12 0 0 0 0 0 0 0 1 0 0 0 0 0 2 0 0 0 0 0 3 0 0 2 0 29 238 1 10 0 0 0 0 0 0 0 0 10 0 0 0 0 0 0 0 0 0 0 0 0 0 0 0 0 0 0 0 0 0 0 0 0 0 0 0 
 317 207 127 97 93 197 353 449 122 211 47 31 48 324 200 163 238 131 208 0 202 0 2 0 0 2 0 0 3 2 0 1 3 0 74 0 4 2 3 0 0 0 0 66 30 0 0 0 2 0 0 0 0 0 0 0 0 2 3 3 0 0 0 0 0 0 2 3 0 0 0 0 0 0 1 0 7 0 0 3 13 16 18 32 0 0 37 25 62 0 11 0 45 37 25 26 14 0 28 13 0 0 0 0 0 0 0 0 0 0 0 0 0 0 0 0 0 0 11 0 0 0 0 0 0 0 0 0 0 0 0 0 2 0 0 0 0 0 0 0 0 0 0 0 2 0 2 1 0 0 32 0 0 0 0 0 0 0 6 0 12 0 19 0 0 9 20 38 13 22 19 0 16 12 24 15 0 0 13 1 0 0 0 0 0 0 0 0 0 0 0 0 0 0 0 0 0 0 0 0 0 0 0 2 0 0 0 0 0 0 2 0 0 0 0 0 0 0 0 0 0 0 0 0 0 1 0 0 0 0 0 0 0 0 0 0 0 0 0 0 0 0 0 0 0 0 0 2 7 0 10 8 0 0 0 0 0 0 0 0 0 0 0 0 0 0 0 0 0 0 0 0 0 0 0 14 14 0 0 0 0 0 0 0 0 0 0 0 0 0 
 0 0 0 0 186 3 204 0 3 0 0 0 0 0 0 0 0 3 0 202 0 414 226 275 102 235 200 187 45 39 63 266 40 45 583 267 44 83 131 281 6 5 4 0 0 2 0 3 66 0 0 2 0 1 2 0 2 0 8 0 1 0 3 3 0 2 0 0 0 3 6 3 44 0 0 0 0 0 0 0 0 0 0 0 0 0 0 0 0 0 0 0 0 0 0 0 0 0 1 0 0 10 9 19 0 0 0 46 2 0 73 0 11 20 21 24 35 33 9 39 0 2 0 0 0 0 0 0 0 0 0 0 0 0 0 0 0 0 1 0 0 0 0 0 0 0 0 0 0 0 0 6 0 0 0 2 0 0 0 0 0 0 0 9 0 0 8 0 2 0 0 0 0 0 5 0 0 0 0 0 42 0 0 32 6 0 16 27 47 35 0 0 0 29 41 85 20 11 0 28 0 0 0 0 0 0 0 0 0 0 21 0 0 0 0 0 0 0 19 0 0 0 0 0 0 0 0 0 0 0 0 0 0 0 0 0 0 0 0 0 0 0 12 0 0 0 0 0 0 0 0 0 0 0 5 2 1 0 77 2 2 2 0 0 0 0 0 0 0 0 0 0 0 0 0 0 0 0 0 0 0 9 0 0 0 13 7 0 0 0 
 0 0 0 5 18 73 0 0 0 1 85 66 2 0 0 0 0 0 0 0 414 0 158 131 248 24 222 83 155 46 271 245 82 133 257 131 221 178 36 100 66 0 0 0 0 0 0 2 0 0 3 2 0 0 0 0 0 0 4 0 4 0 3 3 0 2 0 0 0 3 0 3 0 0 11 0 0 6 0 0 2 0 0 0 8 22 0 0 0 1 0 1 0 0 0 0 0 0 0 0 17 11 13 9 19 12 11 38 0 17 50 6 19 33 21 0 8 0 14 24 0 0 1 0 0 0 0 0 0 12 0 2 0 1 0 0 0 0 12 0 0 0 0 0 0 0 0 8 0 0 0 0 6 0 0 1 2 0 0 0 0 0 0 0 0 8 0 0 0 0 0 13 2 0 0 0 0 0 0 0 13 23 47 0 18 0 22 32 0 13 8 0 2 0 16 22 42 8 24 67 17 2 0 0 0 0 0 0 0 0 0 0 0 0 0 0 0 0 6 0 0 0 0 0 0 0 0 0 0 0 2 0 0 0 0 0 0 0 0 0 0 0 0 0 0 23 0 0 0 0 0 0 0 0 6 0 1 1 1 1 0 21 0 0 0 0 0 0 0 0 0 2 11 0 0 0 1 0 0 0 0 9 0 0 0 1 5 0 0 13 
 76 2 65 11 3 2 3 2 5 4 2 2 2 4 2 2 2 2 2 2 226 158 0 169 127 30 152 422 440 55 110 55 61 287 283 227 398 174 111 45 3 11 12 2 0 41 4 2 41 3 9 52 62 64 0 3 3 3 68 0 2 3 3 5 3 6 0 6 2 3 4 5 0 0 2 1 3 2 0 0 0 0 0 0 0 0 0 0 0 0 0 3 0 0 0 0 0 0 0 0 0 0 9 56 11 44 0 19 13 1 91 0 0 13 15 66 32 39 2 8 0 0 0 0 0 0 0 0 0 0 0 0 16 1 10 0 1 0 21 0 0 0 0 0 0 0 0 9 0 0 0 0 3 0 0 0 0 0 0 0 0 0 2 0 0 10 0 0 0 0 0 0 0 0 0 0 0 0 0 0 21 13 0 31 96 32 8 18 46 14 0 29 0 34 40 5 44 1 0 0 0 0 1 0 0 0 12 10 0 0 0 0 1 33 0 0 8 0 40 16 0 0 0 0 0 1 0 0 0 0 0 0 0 0 0 0 0 0 0 0 0 0 49 0 0 0 0 0 0 0 0 0 0 0 11 0 0 3 0 2 9 52 1 0 0 0 8 0 0 0 0 0 0 0 0 0 0 0 0 14 0 0 0 0 0 1 0 0 0 0 
 0 2 0 0 0 0 252 0 0 0 0 0 0 0 2 0 0 1 0 0 275 131 169 0 170 25 138 86 209 252 55 341 63 113 206 166 218 130 59 73 68 65 3 0 0 0 0 5 0 0 0 0 62 62 0 0 54 0 66 2 0 0 3 3 2 2 0 7 0 3 0 3 0 0 0 0 1 4 0 0 0 0 0 0 0 0 0 0 0 0 0 0 0 0 0 0 0 0 0 0 0 18 23 1 7 36 9 0 33 41 24 17 2 0 0 11 24 36 0 0 19 34 9 13 0 0 0 9 0 0 2 0 7 1 0 9 0 2 32 18 0 0 0 0 0 0 0 7 0 0 0 0 1 0 0 0 0 0 0 0 0 0 0 0 0 0 0 0 0 0 0 0 0 0 2 0 0 0 0 0 10 12 0 1 30 19 2 0 8 13 14 8 0 17 38 0 11 29 0 0 26 0 0 0 0 0 33 0 0 0 0 0 3 22 1 0 7 0 46 24 0 0 0 8 0 0 0 0 0 0 0 0 0 0 0 2 0 0 0 0 0 0 0 0 0 0 0 0 0 0 0 0 0 0 17 0 3 3 36 0 9 13 0 0 0 0 0 0 0 0 0 0 0 0 0 0 0 0 0 0 0 0 0 0 0 0 0 0 0 0 
 0 0 2 2 0 0 0 0 0 2 0 0 0 0 0 0 0 0 0 0 102 248 127 170 0 91 57 231 148 322 185 50 95 74 347 154 57 200 80 66 4 30 0 0 0 0 1 4 30 0 0 0 63 65 62 0 0 0 90 1 0 0 3 3 0 2 0 2 0 3 0 3 0 0 0 0 0 0 53 0 0 0 0 0 0 0 0 0 0 0 0 0 0 0 0 0 0 0 0 0 0 0 44 15 41 39 0 0 20 7 28 0 0 12 21 33 20 39 0 0 20 0 6 45 0 0 0 0 0 12 0 0 22 1 15 0 0 0 11 5 0 0 0 0 0 0 0 0 0 0 0 4 0 0 0 0 0 0 0 0 0 0 0 0 0 0 0 0 0 0 0 0 0 0 0 0 0 0 0 0 0 12 0 10 13 35 10 10 28 0 11 24 0 0 10 0 10 0 0 0 0 12 0 0 0 0 33 11 0 0 0 0 20 55 40 0 8 13 25 15 0 0 0 0 0 0 0 0 0 0 0 1 0 0 0 0 0 0 0 0 0 0 0 0 0 0 0 0 0 0 0 0 0 0 10 0 2 41 82 0 7 0 0 0 0 0 7 0 0 0 0 0 0 0 0 0 0 0 0 14 0 0 0 0 0 0 0 0 0 0 
 0 0 2 0 2 0 0 0 3 0 0 0 0 0 73 0 2 2 0 2 235 24 30 25 91 0 25 43 32 141 165 261 26 41 49 99 75 65 47 61 66 5 91 0 0 210 72 3 62 0 0 0 96 64 30 5 0 0 3 52 0 0 4 3 0 2 0 0 0 3 0 3 0 0 0 0 1 0 0 0 0 0 0 2 1 0 0 0 0 0 0 0 0 0 0 0 0 0 0 0 0 0 0 10 0 0 0 0 0 0 0 29 0 0 0 0 0 0 0 0 0 36 27 0 5 11 31 27 17 44 0 20 33 42 8 20 14 15 13 49 0 0 0 0 0 0 0 0 0 0 0 0 0 4 0 0 5 0 0 0 0 0 0 0 0 1 0 0 0 0 2 0 0 0 0 0 0 0 0 1 0 0 0 69 0 9 0 0 13 0 8 0 0 16 0 0 0 0 0 0 46 37 15 12 0 9 9 7 22 0 29 17 0 55 7 47 9 28 0 18 0 0 0 0 0 0 0 0 2 2 1 0 0 0 0 0 0 0 9 25 0 0 0 0 0 0 0 0 0 0 0 0 0 0 5 1 2 75 0 1 3 1 0 0 0 6 0 0 0 0 0 0 0 0 0 0 0 0 0 0 0 0 0 0 19 0 0 0 0 0 
 0 0 0 71 108 0 0 0 2 65 0 0 0 0 0 0 0 0 0 0 200 222 152 138 57 25 0 174 103 50 36 43 102 63 67 71 102 150 41 134 3 1 0 0 0 3 2 5 0 0 0 0 0 0 8 0 0 3 6 0 0 0 3 5 0 4 0 2 0 8 0 3 0 0 0 0 0 0 0 0 0 0 0 9 0 11 0 0 0 4 0 7 0 0 0 0 0 6 0 0 18 0 9 11 15 12 26 1 0 0 37 18 0 66 3 0 18 11 14 13 0 0 0 0 0 0 0 0 0 0 0 0 0 0 0 0 0 0 10 1 0 0 0 0 0 1 0 44 0 0 0 0 6 0 0 0 0 0 0 0 0 0 0 23 12 0 0 0 0 0 0 16 0 0 1 0 0 0 0 0 22 18 91 15 30 0 0 54 7 16 9 0 25 31 0 9 32 10 23 1 0 0 0 0 0 0 0 0 0 0 2 0 0 0 1 0 0 0 40 1 0 0 0 1 0 0 0 0 0 0 0 0 0 2 0 0 0 0 0 0 0 0 8 0 0 0 0 0 0 84 0 0 0 0 14 0 0 0 8 2 2 23 0 0 0 0 0 0 0 0 0 0 0 0 0 0 0 0 0 0 0 0 0 0 0 0 0 0 0 0 
 0 0 1 2 2 0 101 0 0 0 2 0 3 3 0 0 0 0 0 0 187 83 422 86 231 43 174 0 420 339 43 52 133 124 165 150 89 49 125 143 3 0 0 0 0 231 0 3 63 0 0 0 0 0 0 0 0 0 72 0 0 0 3 3 0 2 0 32 0 3 0 3 0 0 0 0 0 0 0 0 0 0 0 0 0 14 0 0 0 0 0 0 1 0 0 0 0 0 0 2 0 12 26 21 21 13 9 12 23 48 34 0 0 19 17 34 28 23 0 10 0 0 0 0 0 0 0 0 0 0 0 0 0 0 0 0 1 0 0 13 0 0 0 0 0 0 0 2 0 0 0 1 0 0 0 0 0 0 0 0 0 0 0 2 0 0 2 0 0 0 0 0 0 0 4 0 0 0 0 0 8 13 0 7 47 9 22 32 49 23 17 0 0 23 17 24 52 57 0 10 0 0 0 0 0 0 25 0 0 0 0 0 0 44 0 0 0 0 60 1 0 0 0 0 0 1 24 0 0 0 0 0 0 0 0 0 0 0 0 0 0 0 23 0 0 0 0 0 0 0 0 0 0 0 13 0 1 1 3 2 2 22 0 0 0 0 0 0 0 0 0 0 0 0 0 0 0 10 0 45 0 10 0 0 0 0 0 0 0 0 
 3 3 6 3 4 3 3 3 3 3 5 4 5 3 3 3 3 3 3 3 45 155 440 209 148 32 103 420 0 313 114 251 124 299 173 556 773 127 221 281 3 0 5 0 0 1 0 2 0 0 0 0 1 0 0 0 0 0 3 0 0 0 3 3 0 2 0 12 0 3 0 3 62 0 0 0 0 0 0 0 2 0 0 0 0 14 0 0 0 0 0 0 0 0 0 0 0 0 2 0 13 43 10 35 7 31 0 20 0 7 6 0 1 1 3 26 13 9 0 14 0 0 0 0 0 0 0 0 0 0 0 0 0 0 0 0 0 0 27 0 0 0 0 0 0 0 0 3 0 0 0 0 0 0 0 1 0 0 0 0 0 0 0 0 0 0 0 0 1 0 0 18 2 0 1 0 0 0 0 0 10 28 1 1 33 0 17 1 31 16 0 22 3 38 10 0 9 2 14 28 0 2 0 1 0 0 0 0 0 0 0 0 20 14 0 0 0 0 16 0 0 0 8 0 0 0 0 0 0 0 0 0 0 0 0 0 0 0 0 0 0 0 0 0 0 0 0 0 0 0 0 0 0 0 5 1 0 75 0 1 5 10 0 0 0 0 0 0 0 0 0 0 0 0 0 0 0 0 0 0 0 1 0 0 0 35 0 0 0 0 
 0 0 2 0 4 0 23 0 2 0 0 0 4 5 0 0 2 5 0 2 39 46 55 252 322 141 50 339 313 0 302 397 108 160 191 165 569 144 69 69 30 1 1 5 0 0 1 4 1 3 68 0 90 64 1 0 0 2 66 62 0 0 3 3 4 2 0 2 0 6 0 15 2 0 0 0 0 1 50 0 0 0 0 2 1 0 0 0 0 0 0 0 0 0 0 0 0 0 0 0 0 10 8 4 12 27 12 1 12 21 11 12 1 1 14 13 9 17 1 0 18 8 18 20 0 0 0 12 1 0 0 0 7 11 31 1 0 12 17 5 0 0 0 0 0 0 0 0 8 0 0 0 1 6 0 0 2 0 0 0 0 0 0 0 0 13 0 8 0 0 2 0 0 0 0 0 0 0 0 0 0 2 1 0 22 49 0 21 11 4 3 48 0 0 0 1 10 22 0 0 24 21 0 0 0 0 10 7 2 0 0 0 0 9 9 0 8 21 34 40 0 0 11 0 0 0 0 0 2 2 10 0 0 0 0 0 0 1 0 0 0 0 0 0 0 0 1 0 0 0 0 0 0 0 13 0 1 78 1 1 10 2 2 2 0 0 0 0 0 0 0 0 0 0 0 0 0 0 0 0 0 0 0 0 0 0 1 14 0 0 
 0 2 0 76 2 3 0 0 0 62 0 0 0 5 1 0 0 0 0 0 63 271 110 55 185 165 36 43 114 302 0 297 254 106 105 183 106 54 55 134 34 1 2 11 2 0 3 3 62 2 0 0 92 1 0 0 2 3 4 71 0 3 6 6 2 4 0 1 0 3 0 3 0 0 2 0 0 0 0 9 0 0 0 0 0 0 0 0 0 0 0 0 0 0 0 0 0 0 0 0 0 0 17 13 27 0 10 14 18 20 22 13 15 0 35 0 27 11 1 0 16 0 16 18 0 0 0 0 0 0 0 0 7 51 32 7 9 13 20 22 0 0 0 0 0 0 0 0 0 0 0 0 0 4 0 0 0 0 0 0 0 0 1 0 0 5 0 0 0 0 0 0 0 0 3 0 0 0 0 2 0 0 0 1 17 33 7 39 31 2 8 26 0 1 18 14 74 23 0 2 15 32 0 0 0 0 14 8 2 0 0 0 32 0 16 0 0 12 16 1 0 0 0 0 0 0 0 0 0 0 36 0 0 0 1 0 0 0 0 0 0 0 0 0 0 0 0 0 0 0 0 0 6 0 3 2 2 5 0 2 8 0 0 0 0 0 0 0 0 0 0 0 0 0 0 0 1 0 0 0 0 0 0 0 0 20 11 0 0 0 
 0 0 0 0 0 0 0 0 0 0 0 0 0 0 0 59 0 2 0 1 266 245 55 341 50 261 43 52 251 397 297 0 42 30 344 41 223 116 22 108 20 0 0 0 0 0 0 3 0 0 0 2 1 0 0 0 0 0 6 1 3 0 3 3 0 2 0 0 0 3 0 3 0 0 3 0 0 0 0 0 0 0 0 0 0 0 0 0 0 0 0 0 6 0 0 0 0 0 0 0 0 0 55 10 14 14 10 18 26 39 25 10 20 7 20 2 4 0 0 0 16 9 0 1 0 0 10 0 0 0 0 0 0 0 17 0 0 0 0 1 0 0 0 0 0 0 0 2 0 0 0 0 6 5 0 0 12 0 0 0 0 0 0 0 0 0 0 0 0 0 0 0 0 0 0 0 0 0 0 0 0 23 4 15 52 13 0 29 13 12 15 8 0 10 23 33 1 29 0 0 8 10 0 0 0 0 0 0 0 0 0 0 19 0 19 1 1 0 8 23 13 0 0 0 0 0 0 0 0 0 0 0 0 0 0 0 0 0 0 2 0 0 0 0 0 0 0 0 0 0 0 0 0 0 10 1 1 126 76 2 5 0 0 0 0 0 0 0 0 0 0 0 0 0 0 0 0 0 0 0 0 0 0 0 0 0 11 0 0 0 
 3 5 3 5 89 63 4 3 5 3 151 164 78 3 3 4 3 3 3 3 40 82 61 63 95 26 102 133 124 108 254 42 0 258 101 42 162 73 106 255 6 0 1 0 0 0 0 3 0 0 0 0 0 0 0 0 0 0 3 21 0 0 3 3 0 4 0 0 0 3 0 3 0 0 3 0 0 0 0 0 0 0 0 0 49 12 0 0 0 0 10 0 0 0 0 0 0 0 0 0 22 41 0 0 0 19 0 8 0 0 0 0 10 14 0 1 0 0 13 16 0 8 0 0 0 0 0 0 0 0 0 0 0 0 0 0 0 0 0 0 10 0 0 0 0 0 0 0 0 0 0 0 0 0 0 0 0 0 0 5 11 0 0 17 0 18 0 0 0 0 0 23 0 0 0 0 0 0 5 0 0 12 47 0 0 0 13 0 0 0 0 0 15 23 12 25 32 0 19 20 0 0 0 0 0 0 0 0 0 0 0 0 0 16 0 0 0 0 0 0 0 0 0 0 0 0 0 0 0 0 13 0 0 0 0 0 0 2 9 0 0 0 0 0 0 0 0 0 0 76 0 0 0 0 11 1 1 0 0 1 2 0 0 0 0 0 0 0 0 0 0 0 0 0 0 0 0 0 0 0 0 9 0 0 0 0 0 0 0 0 
 0 0 3 6 76 0 0 76 0 1 0 156 3 75 0 0 0 0 0 0 45 133 287 113 74 41 63 124 299 160 106 30 258 0 195 202 112 44 259 187 9 4 11 65 0 1 0 2 0 2 0 0 1 0 4 0 4 0 3 0 2 48 3 7 2 2 0 9 0 3 0 7 0 0 0 0 0 0 0 0 0 0 0 0 8 17 0 0 0 0 0 0 0 0 0 0 0 0 0 0 14 64 39 10 1 0 9 63 18 6 0 1 5 0 25 35 0 2 1 30 0 0 0 0 2 0 0 0 0 0 0 0 1 0 0 0 19 1 1 0 0 0 0 0 0 0 0 0 0 0 0 0 0 0 0 0 0 0 0 6 0 0 0 0 0 8 0 1 0 0 0 15 0 0 0 0 0 0 0 0 11 33 0 0 22 0 33 1 31 5 0 4 6 47 24 9 4 13 14 30 0 0 0 0 0 0 0 0 39 0 0 0 9 19 0 0 0 0 3 0 0 0 0 0 0 0 0 0 0 0 0 0 0 0 0 0 0 9 0 0 0 0 1 0 0 0 0 0 0 0 0 0 0 0 17 0 0 1 0 2 3 0 0 0 0 0 0 0 0 0 0 0 0 0 0 0 0 0 0 0 0 10 0 0 0 0 0 0 0 10 
 0 0 0 0 5 0 0 0 1 0 0 24 3 0 0 0 0 0 2 74 583 257 283 206 347 49 67 165 173 191 105 344 101 195 0 127 128 140 81 109 3 0 0 0 0 0 0 2 0 0 0 0 0 0 0 0 0 0 5 0 0 0 3 3 0 29 0 0 0 2 0 2 0 0 0 0 0 0 0 0 0 0 0 0 8 0 0 0 8 0 0 0 0 0 0 2 0 15 0 0 10 1 73 2 54 12 10 39 29 23 49 0 18 0 19 0 45 26 17 2 11 11 0 0 0 0 0 2 0 0 0 0 0 0 2 0 0 0 11 17 0 0 0 0 0 0 0 6 0 0 2 0 2 0 0 0 0 0 0 0 0 0 0 0 0 5 8 0 22 0 0 23 0 0 6 0 0 0 0 0 11 0 57 7 35 0 0 62 0 34 10 0 0 21 14 27 21 12 0 12 0 0 0 0 0 0 5 0 0 0 0 0 0 0 9 0 2 0 27 1 0 0 0 0 0 0 0 0 0 0 0 0 2 0 0 0 0 0 0 0 0 0 0 0 0 0 0 0 0 0 0 0 0 0 6 0 1 1 106 3 2 22 0 0 0 0 0 0 0 0 0 0 0 0 0 0 0 0 0 0 0 0 0 0 0 0 10 0 0 0 
 0 0 0 0 0 3 0 0 5 0 0 0 8 1 0 0 0 5 0 0 267 131 227 166 154 99 71 150 556 165 183 41 42 202 127 0 249 305 128 185 3 5 8 3 0 3 0 4 0 0 0 0 0 5 0 3 0 0 5 0 0 0 5 3 0 2 0 4 0 3 0 6 0 0 2 7 0 0 0 0 0 0 0 0 0 1 0 0 0 0 0 0 0 0 0 0 0 0 0 0 0 18 18 15 8 14 0 44 0 3 24 0 0 0 54 22 29 38 0 0 0 0 0 11 0 0 0 0 0 0 0 0 0 0 0 0 0 0 10 1 0 0 0 0 0 0 0 12 0 0 0 0 8 0 0 0 0 0 0 0 0 0 0 0 0 0 8 0 0 0 0 0 0 14 6 0 0 0 20 13 26 9 0 39 43 0 10 23 13 41 10 36 9 33 0 38 26 2 0 30 0 0 0 0 0 0 0 0 0 0 0 0 0 11 0 0 0 0 39 3 0 0 0 0 0 0 0 0 0 10 0 0 0 0 0 0 0 0 4 0 0 0 2 0 0 0 0 0 0 0 0 0 0 0 8 2 0 74 36 0 3 20 0 0 0 0 0 0 0 0 0 0 0 0 0 0 0 0 0 0 0 0 0 0 0 11 0 0 0 0 
 2 2 77 10 4 76 2 2 2 4 3 2 2 7 2 2 2 2 34 4 44 221 398 218 57 75 102 89 773 569 106 223 162 112 128 249 0 451 36 47 3 1 1 0 0 0 0 3 0 0 0 0 62 64 0 0 0 1 66 0 32 0 3 3 0 2 0 3 0 3 0 3 0 0 0 0 0 0 0 0 0 0 0 0 0 13 0 0 0 0 0 0 0 8 0 0 0 0 0 0 0 1 8 9 8 50 0 2 28 17 23 1 0 8 12 26 0 12 0 14 11 8 7 0 0 0 0 14 0 42 0 0 10 2 10 7 0 0 23 0 0 0 0 0 0 0 0 4 0 0 22 0 4 0 0 13 0 0 0 0 0 0 0 0 0 0 0 0 0 0 0 0 0 0 0 0 0 0 0 0 20 37 54 5 28 35 14 0 9 32 0 67 8 0 0 22 15 0 13 13 0 0 0 1 1 0 11 10 0 0 0 0 1 44 0 0 8 0 29 22 0 0 0 0 0 0 0 0 0 0 0 1 0 0 0 0 2 0 0 0 0 0 0 0 0 0 0 0 0 0 0 0 0 0 4 3 0 116 0 1 11 12 0 0 0 0 8 0 0 0 0 0 0 0 0 0 0 0 0 0 0 0 0 1 0 0 0 0 0 0 
 2 2 2 12 75 2 2 2 5 2 32 82 2 4 2 2 2 4 2 2 83 178 174 130 200 65 150 49 127 144 54 116 73 44 140 305 451 0 20 39 3 0 0 0 0 1 5 3 5 0 0 0 1 35 0 0 0 0 33 0 1 0 3 3 2 2 0 3 3 3 0 4 0 4 0 6 0 0 3 0 0 0 0 0 0 2 0 0 0 0 0 0 0 0 0 0 0 0 0 0 0 0 7 9 23 32 0 11 12 12 39 0 11 3 0 8 20 45 11 0 0 2 0 0 0 0 0 0 0 0 0 0 0 12 0 0 0 0 17 12 0 0 0 0 0 0 0 4 0 0 0 0 0 0 0 0 0 0 0 9 0 0 0 0 0 0 0 0 0 0 0 1 0 0 0 0 0 0 0 0 27 0 2 0 12 0 2 1 14 21 10 31 0 27 12 11 18 7 1 8 0 0 0 0 0 0 7 0 0 0 0 0 0 14 0 0 8 0 22 9 0 0 0 0 0 0 0 0 0 0 0 0 0 0 0 0 0 0 0 0 0 0 12 0 0 0 0 0 0 1 0 0 0 0 2 0 0 3 0 3 5 11 0 0 0 0 2 0 0 0 0 0 0 0 1 0 0 0 0 0 0 1 0 0 12 0 7 0 0 0 
 75 0 31 141 0 151 5 0 73 77 172 1 0 1 52 55 207 60 2 3 131 36 111 59 80 47 41 125 221 69 55 22 106 259 81 128 36 20 0 161 3 7 8 1 3 3 0 3 0 1 0 0 2 3 0 0 3 1 3 2 0 0 3 3 0 2 0 0 0 3 2 3 0 0 0 53 0 0 0 0 0 0 0 19 28 7 0 10 10 12 7 29 4 0 0 7 1 0 0 10 6 31 0 0 0 0 6 34 12 0 0 0 14 2 36 12 43 1 1 9 0 10 0 0 0 0 0 0 0 0 0 0 0 0 0 0 2 0 0 1 0 0 0 0 0 0 0 0 0 0 0 2 0 0 0 0 0 8 0 0 0 0 12 18 0 4 0 3 0 4 12 12 0 0 0 0 20 15 0 0 27 10 1 20 0 0 22 20 0 14 0 0 19 14 0 15 0 0 0 9 0 0 2 26 0 0 21 0 0 0 0 0 0 0 0 0 0 0 0 0 0 0 0 0 0 2 0 0 0 0 0 0 0 0 0 0 0 0 0 0 0 0 3 0 0 0 0 0 0 0 0 0 0 0 18 0 1 0 0 0 2 0 0 0 0 0 0 0 0 0 0 0 0 0 0 1 0 9 0 0 0 0 0 0 0 11 0 0 0 0 
 0 0 0 74 76 1 0 0 0 0 5 155 2 0 1 44 0 75 0 0 281 100 45 73 66 61 134 143 281 69 134 108 255 187 109 185 47 39 161 0 3 0 0 3 0 0 4 5 1 0 0 5 0 1 0 0 0 0 4 0 0 0 3 3 4 2 0 0 0 3 0 8 0 0 0 0 0 0 0 0 0 0 0 0 0 8 2 0 0 0 23 0 0 0 0 0 0 0 0 0 35 16 1 16 0 0 18 19 0 14 1 0 29 6 33 17 16 21 0 10 0 0 0 18 0 0 0 0 0 0 0 0 0 0 0 0 0 0 0 0 0 0 0 2 0 0 0 0 0 0 0 0 0 0 0 0 0 0 0 3 0 0 10 40 8 0 7 0 0 0 0 4 0 0 7 0 3 1 0 0 24 1 1 23 11 0 11 6 0 12 0 0 36 54 10 21 11 0 0 39 0 0 0 2 0 0 0 0 0 2 0 0 1 0 0 0 0 0 0 0 0 0 0 2 0 0 0 0 0 0 1 0 0 0 0 0 0 0 0 17 0 15 0 0 0 0 38 0 0 17 0 0 0 0 2 0 0 0 1 0 91 0 0 0 0 0 0 0 0 0 0 1 0 0 0 0 0 0 0 0 0 12 0 0 0 20 0 0 0 0 
 0 0 0 0 0 2 2 0 2 0 0 0 1 0 0 69 0 0 0 0 6 66 3 68 4 66 3 3 3 30 34 20 6 9 3 3 3 3 3 3 0 195 344 37 67 63 207 104 55 43 130 54 80 84 123 115 44 244 328 197 0 4 0 0 3 3 1 0 0 0 5 0 4 0 0 36 0 5 7 8 0 0 0 0 0 0 0 0 0 0 0 0 7 0 0 0 8 0 0 0 0 0 0 5 0 25 0 0 0 4 0 22 0 1 0 0 0 0 0 0 47 3 31 24 0 0 10 8 8 0 0 20 10 8 19 20 0 4 13 8 0 0 0 0 0 0 7 5 0 0 0 0 4 6 0 5 2 0 6 25 0 0 0 0 0 0 0 0 0 0 0 0 0 0 0 9 0 0 0 0 0 1 1 0 1 11 0 0 2 0 1 7 0 0 0 0 14 0 0 0 20 56 1 15 1 1 20 7 0 0 0 23 48 0 29 10 10 20 0 0 11 0 0 3 0 0 0 5 0 0 0 0 8 0 0 0 0 0 0 0 0 0 0 0 0 0 0 0 0 0 0 8 0 0 0 0 0 0 0 0 0 0 0 0 0 0 3 0 0 0 11 0 0 0 0 0 0 0 0 0 0 0 3 0 0 15 0 0 0 0 
 0 0 0 0 4 0 0 0 3 0 0 0 0 0 0 0 0 0 0 0 5 0 11 65 30 5 1 0 0 1 1 0 0 4 0 5 1 0 7 0 195 0 139 366 93 46 261 180 510 153 94 55 55 114 193 85 142 270 350 46 0 0 0 0 0 0 0 0 0 0 0 0 0 0 0 0 0 0 0 2 0 0 0 0 0 0 0 0 0 0 0 0 0 0 0 0 0 0 0 0 0 0 0 45 0 17 0 2 0 0 1 21 0 0 0 9 1 0 0 0 38 9 18 30 0 0 1 31 0 9 11 28 28 0 27 18 10 7 21 0 0 0 0 0 0 0 0 0 0 0 0 5 0 0 0 0 0 0 0 0 0 0 0 0 0 2 0 0 0 0 0 0 0 0 0 0 0 0 0 0 6 0 0 3 0 18 0 7 1 0 0 23 10 31 0 5 0 0 0 0 3 20 0 20 12 0 36 18 41 0 0 8 24 7 12 40 20 10 0 0 0 0 0 0 0 0 0 0 0 0 0 0 12 0 17 0 0 0 0 0 0 0 4 0 0 0 0 0 0 0 0 4 0 0 0 0 0 0 0 11 0 0 0 0 2 3 1 0 0 0 0 0 0 0 0 0 0 0 0 0 0 0 0 0 0 14 0 0 0 0 
 0 0 0 0 0 2 0 0 0 0 0 0 2 0 0 0 0 0 0 0 4 0 12 3 0 91 0 0 5 1 2 0 1 11 0 8 1 0 8 0 344 139 0 166 77 268 322 134 483 64 17 253 193 290 186 191 52 292 326 95 0 6 0 0 2 0 2 1 0 0 0 0 0 0 0 0 3 0 2 55 0 0 0 0 0 2 0 0 0 0 0 0 0 0 0 0 0 0 0 0 0 0 5 2 0 0 0 6 0 0 0 0 0 0 7 8 0 0 0 0 10 0 13 0 0 0 21 3 23 11 9 39 15 5 0 1 45 19 0 15 0 0 0 0 0 0 19 0 0 0 2 8 0 0 0 1 0 0 0 0 0 0 0 0 0 2 0 0 0 0 0 0 0 0 0 0 0 0 0 0 2 0 0 2 0 0 0 7 0 7 0 0 11 26 0 8 0 0 0 5 22 35 9 27 0 25 11 30 17 0 19 23 15 7 30 76 22 14 15 9 0 0 0 0 0 0 25 0 0 0 0 0 0 0 0 0 0 0 12 0 0 0 3 0 0 0 2 0 0 0 0 16 0 2 0 2 0 0 0 0 0 0 0 0 0 2 0 0 0 0 0 0 0 2 0 0 0 0 0 0 0 0 0 0 19 0 0 0 0 0 
 0 0 8 0 0 3 0 0 1 0 0 0 3 0 0 0 0 0 0 66 0 0 2 0 0 0 0 0 0 5 11 0 0 65 0 3 0 0 1 3 37 366 166 0 156 127 87 134 165 199 438 143 68 78 78 52 136 118 305 136 0 0 10 1 0 0 0 0 0 0 0 6 98 0 4 8 51 1 0 0 0 0 0 0 0 0 0 0 0 0 0 0 0 0 0 0 0 0 0 0 0 7 0 0 0 0 0 9 0 0 0 2 0 0 0 0 0 0 0 0 16 6 6 0 0 15 21 0 20 10 32 33 0 0 23 37 17 46 3 0 14 3 0 0 0 0 14 1 1 0 0 0 7 0 0 0 0 18 0 0 0 0 0 0 0 0 0 0 0 0 0 0 0 0 0 0 0 0 0 0 0 0 0 0 6 0 0 0 0 0 0 10 0 0 0 0 0 1 0 0 41 7 5 0 6 1 0 45 11 7 8 10 6 0 0 22 0 35 0 4 0 27 9 0 0 0 1 9 18 0 11 0 20 9 0 0 17 0 0 0 0 0 0 0 0 0 0 0 0 0 0 2 0 1 0 0 0 0 0 0 0 0 43 0 0 3 0 35 0 0 0 0 0 0 0 0 0 0 0 0 0 1 0 0 18 0 0 0 0 6 
 0 0 0 4 0 3 0 0 0 0 1 0 0 4 0 0 0 0 0 30 0 0 0 0 0 0 0 0 0 0 2 0 0 0 0 0 0 0 3 0 67 93 77 156 0 105 61 135 169 103 305 79 172 319 151 45 305 42 78 152 4 3 0 0 62 0 0 4 0 0 6 2 50 58 0 4 0 12 6 65 0 0 0 0 0 0 0 0 0 0 0 0 0 0 0 0 0 0 0 0 0 0 0 1 0 0 0 0 0 0 0 0 0 0 0 0 0 0 0 0 11 0 0 26 0 0 0 0 19 0 15 10 0 0 7 11 16 15 0 0 8 3 0 0 4 0 0 1 1 0 0 2 0 0 6 0 0 0 0 0 0 0 0 0 3 0 0 0 0 0 0 0 0 0 0 0 0 0 0 0 0 0 0 0 19 0 0 0 0 0 0 0 0 0 0 0 0 0 0 0 21 4 3 7 61 3 0 0 1 18 15 0 0 0 0 26 3 0 0 11 24 16 7 0 7 0 26 0 0 0 0 0 18 2 3 0 24 1 0 8 0 0 0 0 0 0 0 0 0 0 0 14 0 0 0 0 0 0 0 43 0 0 65 0 0 3 5 0 0 0 9 0 0 0 0 0 0 0 0 0 0 0 0 0 0 0 0 0 0 0 
 0 0 0 2 3 1 0 0 0 0 0 0 0 0 0 0 0 1 62 0 2 0 41 0 0 210 3 231 1 0 0 0 0 1 0 3 0 1 3 0 63 46 268 127 105 0 47 283 62 282 334 85 44 65 65 68 56 56 277 65 160 0 0 0 52 0 0 64 50 0 0 0 51 53 0 46 54 1 1 0 0 0 0 0 0 0 0 0 0 0 0 0 0 0 0 0 0 0 0 0 14 0 0 8 4 6 0 0 0 0 5 0 0 6 1 0 0 1 0 0 0 0 0 8 7 13 0 0 0 0 13 0 0 0 0 0 0 0 0 1 8 1 19 0 10 0 18 10 8 0 0 0 11 17 6 0 15 0 10 0 0 0 0 0 0 1 0 0 0 0 0 0 0 0 0 14 0 0 0 0 7 0 0 2 0 0 0 7 3 1 0 0 1 1 0 5 0 0 0 0 0 0 0 0 36 0 0 0 21 0 16 29 0 0 1 0 0 0 0 0 30 0 2 11 0 0 0 0 0 13 1 0 10 8 8 9 25 7 12 0 0 0 35 0 0 0 0 0 0 0 0 0 0 0 47 0 0 0 0 1 0 0 130 0 1 1 2 1 0 0 0 0 53 0 0 0 0 0 0 0 0 0 0 0 0 0 0 8 0 0 
 0 0 59 6 3 0 0 0 0 0 0 0 0 67 0 0 0 0 0 0 0 0 4 0 1 72 2 0 0 1 3 0 0 0 0 0 0 5 0 4 207 261 322 87 61 47 0 172 278 254 25 473 231 136 165 58 52 37 131 449 0 6 0 0 0 0 0 0 0 5 0 0 0 0 0 0 0 0 0 2 0 0 0 0 0 0 0 0 0 0 0 0 0 0 0 0 0 0 0 0 0 0 0 0 0 9 0 0 0 0 0 18 0 0 0 0 0 0 0 0 23 0 10 18 0 0 45 3 0 29 50 24 30 21 13 86 9 21 18 0 0 0 0 0 0 0 0 1 0 0 0 6 0 0 0 5 0 0 0 0 0 0 0 0 0 0 0 0 0 0 0 0 0 0 0 0 0 0 0 0 0 0 0 0 0 0 0 0 0 0 0 0 0 0 0 0 0 0 0 0 9 12 0 26 1 16 7 22 7 0 22 13 12 0 7 72 4 19 0 10 14 0 0 0 0 0 21 0 0 0 0 0 10 0 0 0 0 0 0 0 0 0 0 0 0 0 0 0 0 26 0 6 0 1 0 0 0 0 0 2 0 0 0 0 0 2 2 0 0 0 0 0 0 0 0 0 0 0 0 0 0 0 0 0 48 0 0 0 0 0 
 0 0 0 6 3 0 0 0 0 0 0 6 0 0 0 0 5 3 0 0 3 2 2 5 4 3 5 3 2 4 3 3 3 2 2 4 3 3 3 5 104 180 134 134 135 283 172 0 390 47 80 265 156 161 689 91 94 34 567 346 55 10 172 0 2 0 0 0 0 0 0 0 1 0 0 0 2 3 0 8 0 0 0 0 0 0 0 0 0 7 2 0 0 0 13 14 0 0 0 0 7 0 0 0 0 0 0 0 0 0 0 0 0 0 0 0 0 0 5 0 18 0 13 0 0 18 7 11 20 10 11 19 21 0 12 15 0 17 0 0 0 0 0 0 0 0 0 1 0 0 0 2 0 0 1 4 0 0 0 1 0 0 18 3 16 5 12 0 0 0 0 6 0 0 0 0 0 32 0 0 0 0 0 0 0 0 0 0 0 0 0 0 0 0 0 0 0 0 0 0 19 20 6 9 8 0 0 0 9 5 0 15 16 0 20 29 1 0 0 12 0 16 0 0 0 0 16 0 0 0 0 0 9 0 0 0 0 0 0 0 0 7 0 0 0 0 0 0 0 0 2 20 0 2 0 0 0 0 0 12 0 0 2 0 1 3 2 0 2 0 0 0 0 0 2 11 3 0 0 0 0 0 0 0 0 0 0 0 0 0 
 2 2 2 2 11 2 2 2 2 2 2 2 2 13 2 2 2 2 2 2 66 0 41 0 30 62 0 63 0 1 62 0 0 0 0 0 0 5 0 1 55 510 483 165 169 62 278 390 0 89 32 261 102 149 166 129 55 82 149 135 3 8 0 56 3 0 2 2 2 0 12 3 4 0 2 0 0 0 0 3 0 0 0 0 0 0 0 0 0 0 0 0 0 0 0 0 0 0 0 0 0 0 0 9 3 0 0 0 0 0 20 0 0 27 18 1 14 13 0 0 9 0 15 0 20 0 32 0 19 0 15 35 0 0 0 18 85 32 0 0 0 0 0 0 0 1 0 0 0 0 7 0 0 0 0 0 0 0 0 0 0 0 0 0 0 2 0 0 0 0 0 0 0 0 0 0 0 0 0 0 0 0 0 42 0 0 8 42 7 0 0 0 0 0 12 0 20 0 0 0 4 37 14 19 0 0 20 21 15 2 10 4 20 0 40 23 0 22 13 0 0 0 0 0 0 2 3 0 0 0 0 2 1 0 0 0 0 0 14 0 0 0 0 0 0 0 0 0 0 0 0 5 1 2 0 0 0 0 0 0 0 0 0 0 1 0 2 0 0 0 15 0 0 0 0 0 0 0 0 19 0 0 0 0 0 15 0 0 0 0 
 0 0 0 0 0 0 0 0 0 0 0 0 2 0 0 0 0 0 0 0 0 0 3 0 0 0 0 0 0 3 2 0 0 2 0 0 0 0 1 0 43 153 64 199 103 282 254 47 89 0 111 54 256 150 315 201 152 225 111 394 0 0 0 0 0 0 0 0 0 0 2 0 104 0 0 0 0 17 0 0 0 0 0 0 0 0 0 0 0 0 0 0 0 0 0 0 0 0 0 0 0 0 0 0 0 0 0 0 0 0 0 0 0 0 0 0 0 0 0 0 26 0 0 0 40 11 8 6 1 0 1 5 0 0 7 12 10 8 0 12 0 0 0 0 0 0 2 1 0 0 0 0 6 13 0 0 0 0 0 0 0 0 0 0 2 0 0 0 0 0 0 0 0 0 0 0 0 0 0 0 0 0 0 0 0 0 0 0 0 0 0 0 0 0 0 0 0 0 0 0 0 6 4 0 25 48 10 1 4 13 9 14 0 10 0 0 0 23 0 0 20 0 0 0 0 0 1 0 24 0 0 48 24 0 8 0 1 10 6 6 0 0 0 0 0 0 0 0 0 0 0 0 0 0 0 0 0 0 0 24 0 0 65 0 63 0 2 2 0 0 0 0 0 0 0 0 0 0 0 0 0 0 0 0 8 10 0 0 0 0 
 0 0 0 2 2 0 0 0 1 0 1 0 0 0 0 0 0 0 0 0 0 3 9 0 0 0 0 0 0 68 0 0 0 0 0 0 0 0 0 0 130 94 17 438 305 334 25 80 32 111 0 58 36 35 64 50 211 351 60 138 53 0 6 0 51 1 0 0 0 0 0 0 154 52 1 2 15 4 5 0 0 0 0 0 0 0 0 0 0 0 0 0 0 0 0 0 0 0 0 0 0 0 0 0 0 0 0 0 0 0 0 0 0 0 0 0 0 0 1 0 14 0 0 0 0 0 0 1 17 0 8 15 0 0 24 32 0 6 0 0 7 0 12 0 0 5 29 0 0 0 0 1 9 0 7 4 0 0 0 5 0 0 0 0 9 1 0 0 0 0 0 0 0 0 0 0 0 0 0 0 0 0 0 0 0 0 0 0 0 1 0 0 0 0 0 0 0 0 0 0 75 0 27 5 35 0 0 0 1 0 9 14 0 0 0 0 2 0 0 0 7 43 6 1 0 0 0 9 19 0 0 0 36 7 0 0 38 1 9 0 0 0 0 0 0 0 0 0 0 0 0 4 0 0 0 0 0 0 0 17 0 0 77 0 2 2 1 1 1 0 7 0 0 0 0 0 0 0 0 0 0 0 1 0 0 0 0 0 0 0 
 0 0 0 8 3 0 0 1 0 0 2 7 0 4 56 0 1 15 0 0 2 2 52 0 0 0 0 0 0 0 0 2 0 0 0 0 0 0 0 5 54 55 253 143 79 85 473 265 261 54 58 0 30 53 31 26 167 67 249 44 51 0 0 0 52 0 0 120 50 0 0 0 97 0 7 0 0 2 1 46 0 0 0 25 0 0 0 0 0 4 6 0 0 0 0 7 0 0 0 0 8 0 0 0 0 0 0 0 0 0 0 0 0 0 0 22 0 0 1 0 0 0 0 14 16 11 0 0 0 0 13 0 0 0 0 0 0 6 0 0 8 1 30 0 0 0 6 10 8 0 0 0 12 15 30 17 27 0 35 3 0 0 7 3 4 20 0 0 11 0 0 1 0 0 0 0 0 5 0 0 0 0 0 0 0 0 0 0 0 0 0 0 0 0 0 0 0 0 0 0 0 0 0 0 38 0 0 20 20 11 0 16 0 0 0 0 0 0 0 19 10 0 6 0 0 0 0 0 0 0 1 0 0 2 0 0 0 7 18 2 0 7 2 0 0 0 2 0 0 0 0 6 0 0 0 0 0 0 0 2 0 21 61 36 0 0 2 2 0 0 0 0 0 0 0 0 0 0 0 0 0 2 0 0 5 0 0 8 0 0 
 0 0 0 0 2 0 0 0 0 3 0 0 0 6 0 0 0 2 0 0 0 0 62 62 63 96 0 0 1 90 92 1 0 1 0 0 62 1 2 0 80 55 193 68 172 44 231 156 102 256 36 30 0 144 41 101 89 33 111 230 0 21 0 0 8 2 0 0 6 91 5 0 2 13 5 0 5 0 0 2 3 0 0 0 0 0 0 0 0 0 0 0 0 0 0 0 0 0 0 0 0 0 0 14 0 9 0 0 1 1 0 0 4 0 0 0 0 6 0 0 18 0 76 28 0 0 10 0 0 4 0 0 22 29 22 3 28 0 0 23 0 0 5 3 0 0 1 0 0 6 0 0 3 27 0 0 2 2 9 0 0 0 0 0 0 0 0 0 0 0 0 0 0 0 0 1 0 0 0 0 0 0 0 0 0 22 0 0 11 0 1 26 0 0 0 0 1 0 0 0 42 54 0 20 0 14 11 7 0 10 17 11 9 29 33 47 17 21 14 2 0 0 0 0 0 0 30 0 5 2 6 1 0 0 0 0 0 0 0 5 0 0 0 0 0 0 0 0 0 0 0 3 0 0 0 0 0 0 0 0 1 0 2 0 0 0 0 0 0 0 0 0 0 0 0 6 0 0 0 0 0 0 0 0 8 0 0 0 0 0 
 0 0 1 0 0 2 0 0 2 0 0 0 0 0 0 0 0 1 0 0 1 0 64 62 65 64 0 0 0 64 1 0 0 0 0 5 64 35 3 1 84 114 290 78 319 65 136 161 149 150 35 53 144 0 365 180 45 102 147 232 6 4 0 0 4 0 0 2 0 0 0 4 0 0 0 0 1 3 0 3 0 0 0 0 0 0 0 0 0 0 0 0 0 0 0 0 0 0 0 0 0 0 0 0 7 9 0 0 0 0 4 0 0 0 0 23 0 21 0 0 39 0 15 0 18 1 19 0 1 14 0 21 0 35 0 20 34 4 20 14 14 0 0 36 3 0 5 0 27 0 7 7 0 0 3 0 4 4 0 0 0 0 0 0 0 0 0 0 0 0 1 0 0 0 0 0 0 0 0 0 0 7 0 0 0 0 0 0 0 0 0 17 0 0 0 0 0 0 0 0 0 47 12 6 0 14 21 0 18 1 30 18 41 23 20 0 6 0 14 15 0 0 3 0 7 0 17 0 1 0 0 0 0 0 0 8 8 0 16 54 0 0 0 0 0 0 0 0 0 0 0 13 0 0 0 0 1 0 0 0 0 0 0 0 3 3 1 0 0 0 10 0 0 0 40 0 0 0 0 0 0 0 0 0 13 15 0 0 0 0 
 0 0 0 0 0 8 0 0 3 0 0 0 0 0 0 0 0 0 0 0 2 0 0 0 62 30 8 0 0 1 0 0 0 4 0 0 0 0 0 0 123 193 186 78 151 65 165 689 166 315 64 31 41 365 0 168 374 127 160 193 0 5 26 5 14 0 0 0 0 2 5 8 0 0 0 0 0 0 0 3 0 0 0 0 7 0 0 0 0 0 0 0 0 0 0 0 0 0 0 0 0 0 0 1 0 0 0 0 0 0 0 0 0 0 0 0 0 0 0 0 0 13 33 0 7 4 53 27 30 38 30 12 9 0 0 0 7 23 0 2 29 0 0 0 0 0 0 0 0 0 0 9 0 1 0 0 0 0 0 0 0 0 0 0 0 0 0 0 0 0 0 0 0 0 0 0 0 0 0 5 0 0 0 0 0 23 0 0 1 0 1 0 0 0 0 0 0 0 0 13 10 19 9 5 0 1 13 0 18 14 0 31 13 13 59 54 12 39 0 10 0 0 0 0 0 3 13 0 0 0 0 0 0 0 0 0 0 0 0 1 0 0 0 0 0 0 0 0 0 10 0 5 0 0 0 0 0 0 0 0 0 0 2 0 65 82 2 0 0 0 0 0 0 0 0 0 0 0 0 0 0 0 0 0 0 0 0 0 0 0 
 0 0 0 2 0 0 0 0 1 0 0 0 2 0 0 0 0 0 0 0 0 0 3 0 0 5 0 0 0 0 0 0 0 0 0 3 0 0 0 0 115 85 191 52 45 68 58 91 129 201 50 26 101 180 168 0 115 286 112 140 0 8 0 0 0 0 2 0 0 0 0 2 0 0 2 0 0 4 51 2 0 0 1 0 0 0 0 0 0 0 0 0 0 0 19 0 0 0 0 0 0 0 0 0 0 0 0 0 0 0 0 0 0 0 0 0 0 0 0 0 15 0 7 0 13 2 18 4 19 42 0 20 6 4 0 0 40 6 0 12 10 0 0 0 0 0 0 4 0 0 5 0 19 0 0 6 0 0 0 10 0 0 0 0 3 0 0 0 0 0 0 0 0 0 0 0 0 0 0 0 0 0 0 0 0 0 0 0 0 0 0 0 0 0 0 0 0 0 0 0 0 17 19 21 0 25 6 0 32 8 10 2 20 18 5 16 43 21 0 9 0 0 0 0 0 0 18 0 0 0 0 0 0 0 0 0 0 4 41 11 0 0 0 0 0 0 0 0 0 0 0 4 0 0 0 0 0 0 0 1 0 0 0 0 63 2 0 0 0 0 0 0 0 0 0 0 0 0 0 0 0 0 0 0 5 12 0 0 0 0 
 7 0 5 0 0 2 0 4 3 0 1 0 8 3 1 9 0 2 7 0 2 0 3 54 0 0 0 0 0 0 2 0 0 4 0 0 0 0 3 0 44 142 52 136 305 56 52 94 55 152 211 167 89 45 374 115 0 181 29 122 0 3 0 0 13 0 0 0 0 0 0 0 54 0 0 0 0 0 0 0 0 3 0 8 2 0 6 0 8 0 0 0 0 5 0 0 1 4 1 0 0 0 0 0 0 0 0 0 0 0 0 0 0 6 0 0 0 0 0 0 10 0 0 26 0 19 0 0 20 0 10 10 0 0 22 47 21 57 0 0 0 0 5 0 0 0 0 1 1 0 0 0 0 0 0 0 0 0 0 0 7 4 0 0 10 0 0 0 8 6 5 7 5 0 1 0 4 0 1 0 0 0 0 0 0 0 0 0 0 0 0 0 0 0 0 0 0 0 0 0 20 0 2 7 78 0 0 0 1 34 15 0 0 0 0 18 3 0 0 12 2 14 0 12 0 0 17 0 0 0 0 0 9 0 0 0 8 0 0 0 0 0 1 0 0 0 0 0 0 0 0 3 0 0 0 0 0 0 0 11 0 0 75 0 2 4 0 0 0 0 0 0 0 0 0 0 0 0 0 0 0 0 0 0 19 0 0 0 0 0 
 0 0 0 0 3 4 102 0 0 0 1 0 0 0 2 45 0 0 1 2 0 0 3 0 0 0 3 0 0 2 3 0 0 0 0 0 1 0 1 0 244 270 292 118 42 56 37 34 82 225 351 67 33 102 127 286 181 0 247 490 0 0 0 0 0 0 0 0 0 0 0 0 48 0 0 0 0 5 18 0 0 0 0 0 0 0 0 0 0 0 0 0 0 0 0 0 0 0 0 0 0 0 0 0 0 0 0 0 0 0 0 0 0 18 0 0 0 0 0 0 0 0 0 0 23 22 1 5 21 1 0 8 19 1 0 3 21 0 0 0 11 0 0 0 0 0 20 10 0 0 6 0 8 0 1 2 0 0 0 0 4 0 0 0 0 2 0 0 0 0 0 0 0 0 0 0 0 0 0 0 0 0 0 0 0 0 0 0 17 0 0 0 0 0 0 0 0 0 0 0 0 0 18 131 3 92 0 0 48 10 32 7 0 0 0 0 20 10 0 0 19 28 0 0 0 0 27 0 21 0 0 0 13 0 0 0 0 6 28 15 0 0 0 0 0 0 0 0 0 0 0 4 0 0 0 0 0 0 0 9 0 0 0 0 2 1 2 72 2 0 0 0 0 0 0 0 0 0 0 0 0 0 0 0 3 14 0 0 0 0 
 3 3 3 3 6 3 3 3 6 3 3 3 3 3 3 3 3 3 3 3 8 4 68 66 90 3 6 72 3 66 4 6 3 3 5 5 66 33 3 4 328 350 326 305 78 277 131 567 149 111 60 249 111 147 160 112 29 247 0 451 0 4 0 0 0 0 0 0 0 0 0 0 0 0 0 0 0 0 0 1 0 0 0 0 0 0 0 0 0 0 0 0 0 0 0 0 0 0 9 0 0 0 9 36 29 18 0 0 8 2 34 0 0 12 0 28 13 7 0 10 21 2 28 12 0 0 10 0 1 21 0 4 0 19 8 9 14 8 19 0 0 0 0 0 0 0 0 0 0 0 0 5 0 0 0 0 0 0 0 0 0 0 0 0 0 0 0 0 0 0 1 0 0 0 0 0 0 0 0 0 6 10 0 2 0 0 0 2 9 10 10 31 0 0 0 10 1 7 0 0 3 19 0 0 0 0 27 0 0 0 0 0 26 22 33 1 29 10 14 52 0 0 0 0 0 0 0 0 0 0 0 0 0 0 0 0 4 0 0 0 0 0 7 0 0 0 0 0 0 0 0 10 0 2 0 0 0 0 0 0 5 0 1 0 0 4 3 0 0 0 0 0 0 0 0 0 0 0 0 11 0 0 0 0 0 10 0 0 0 7 
 3 3 3 9 4 3 3 3 3 65 3 3 4 3 3 3 3 3 3 3 0 0 0 2 1 52 0 0 0 62 71 1 21 0 0 0 0 0 2 0 197 46 95 136 152 65 449 346 135 394 138 44 230 232 193 140 122 490 451 0 0 7 0 0 2 0 0 0 0 0 0 0 0 0 0 0 0 7 0 4 0 0 0 0 0 0 0 0 0 0 0 0 0 0 0 0 0 0 0 0 0 0 0 10 0 0 0 0 0 0 0 0 0 5 0 0 0 0 0 0 20 8 13 0 4 0 35 6 3 6 10 27 19 41 20 7 30 10 0 27 0 0 0 0 0 0 0 0 0 0 0 0 0 6 0 0 8 0 0 0 0 0 0 0 0 2 0 0 0 0 0 0 0 0 0 0 0 0 0 0 0 6 5 11 0 8 0 0 11 0 8 0 0 0 0 0 0 0 0 0 55 52 5 38 14 14 8 23 0 2 15 11 15 17 21 36 9 4 0 34 0 0 0 0 0 0 16 0 0 0 0 0 12 0 0 0 0 5 3 7 0 0 0 0 0 0 0 0 0 0 0 6 0 0 0 0 1 97 0 10 0 0 0 0 1 0 2 0 1 0 0 0 0 0 0 0 0 0 0 0 0 0 0 0 10 0 0 0 0 0 
 0 0 0 0 3 0 0 0 1 0 11 0 0 0 0 0 0 0 26 0 1 4 2 0 0 0 0 0 0 0 0 3 0 2 0 0 32 1 0 0 0 0 0 0 4 160 0 55 3 0 53 51 0 6 0 0 0 0 0 0 0 119 87 40 71 27 136 86 113 215 110 250 73 61 348 106 53 48 97 121 0 6 0 0 0 0 0 0 0 0 0 0 0 0 0 0 0 0 0 0 0 0 0 2 0 6 0 0 0 0 0 0 0 0 0 0 0 0 0 0 0 0 0 0 0 27 0 0 0 0 1 9 0 0 0 14 0 14 0 0 25 0 5 2 8 0 30 0 17 0 23 0 0 0 19 20 39 2 0 1 0 0 0 0 0 2 0 0 4 0 0 0 0 0 0 6 0 8 0 0 0 0 0 0 0 0 0 0 0 0 0 0 0 0 0 0 0 0 0 0 0 0 2 0 19 0 0 0 0 1 0 0 0 0 0 0 0 0 0 0 20 7 27 16 15 0 0 10 7 9 5 0 27 26 39 16 23 10 20 21 12 0 0 0 0 0 0 0 0 0 0 0 0 0 2 0 0 0 0 0 0 0 0 0 0 0 2 0 0 0 54 0 1 0 1 1 0 0 0 0 0 0 0 0 0 2 0 7 0 0 
