 0 171 163 33 43 50 163 506 81 43 263 363 156 77 48 37 40 114 154 230 3 0 2 3 0 3 0 0 2 0 0 3 0 4 0 3 0 4 0 0 2 0 0 0 3 0 0 0 0 0 0 2 0 0 0 2 0 3 0 0 0 0 3 0 0 3 0 0 0 0 0 0 0 0 0 0 0 9 0 0 9 41 0 41 24 0 60 29 58 8 42 0 23 1 23 26 29 10 8 12 0 0 0 0 0 0 0 0 0 0 0 0 0 0 0 0 0 0 0 0 0 1 0 0 0 0 0 0 0 2 6 0 0 0 0 0 1 0 0 0 0 0 0 2 0 0 4 0 0 0 3 2 0 0 0 7 0 8 1 0 0 47 11 11 25 1 38 12 0 29 61 0 0 0 2 33 10 18 0 12 0 0 0 0 0 0 0 0 0 0 0 2 1 2 2 0 0 0 0 0 0 0 0 0 0 0 0 0 0 1 0 0 0 0 0 0 0 0 0 0 0 10 0 0 0 0 0 16 0 0 0 0 0 0 0 0 0 0 21 0 0 1 0 0 0 0 136 2 2 1 21 251 0 0 0 0 0 0 0 0 0 0 19 0 0 0 0 0 0 0 0 0 0 0 0 40 20 0 0 0 0 0 0 0 0 0 0 0 0 0 
 171 0 315 71 142 38 468 158 156 225 29 262 45 305 154 229 293 256 269 412 3 0 0 3 0 3 0 0 0 1 0 3 0 2 0 3 0 3 35 0 2 0 0 0 3 0 0 3 0 0 0 2 0 0 0 2 0 3 0 0 0 0 3 0 0 5 0 58 0 0 0 0 0 0 0 0 0 4 0 0 35 14 21 33 24 0 20 97 14 49 0 8 2 0 15 12 56 25 25 0 0 0 0 0 0 0 14 0 0 0 0 0 0 0 0 0 0 0 14 0 0 0 0 0 0 0 0 0 0 1 0 0 0 0 0 0 0 0 0 0 0 0 0 0 0 0 0 0 0 0 13 0 0 0 0 0 0 0 2 0 0 17 22 15 1 3 4 2 14 0 15 0 0 0 43 13 14 11 11 16 0 0 0 0 0 0 0 0 0 0 0 1 16 0 7 0 0 0 26 0 0 0 0 0 0 0 0 0 0 2 0 0 0 0 0 0 0 0 0 4 0 0 0 0 2 0 0 0 16 0 0 0 0 0 0 0 0 0 0 0 0 0 0 0 0 0 1 0 3 0 0 16 2 0 0 0 0 0 0 0 0 0 0 0 0 0 0 0 0 0 0 0 0 0 0 0 4 9 0 0 0 0 0 0 0 0 0 0 0 0 
 163 315 0 79 41 95 74 93 65 219 110 118 150 217 36 140 289 230 269 44 2 1 4 3 0 2 24 2 0 0 0 3 0 2 5 5 2 2 0 0 2 0 0 1 3 0 0 0 0 2 0 1 0 0 0 2 0 3 0 0 0 53 3 0 0 3 0 0 0 0 0 3 0 0 1 0 0 3 0 0 15 0 32 31 17 9 0 44 23 39 20 69 10 12 0 1 31 19 1 0 10 0 0 0 0 0 14 0 0 42 0 0 23 0 0 0 0 0 21 0 0 0 0 0 0 20 0 0 0 0 2 0 0 0 2 0 0 0 0 0 0 0 0 0 0 0 0 0 0 0 0 0 0 0 0 0 0 0 0 0 1 0 11 94 1 0 27 0 0 29 0 10 18 0 55 11 31 22 0 0 0 13 0 0 0 0 19 0 0 0 0 0 21 0 16 0 0 0 0 0 0 0 0 0 0 0 0 0 0 0 0 0 12 0 0 0 0 0 18 7 0 0 0 0 0 0 0 0 0 0 0 0 0 0 0 0 0 0 0 0 0 0 0 0 0 1 90 0 1 0 49 11 0 0 0 0 0 0 0 0 0 0 0 0 0 0 0 0 0 0 0 0 0 0 0 0 0 0 0 0 0 0 0 0 0 0 0 0 0 0 
 33 71 79 0 319 566 89 64 700 186 239 305 41 219 62 123 358 48 102 264 2 1 0 3 0 3 4 77 0 1 0 3 74 2 1 3 0 0 74 0 5 0 0 0 3 0 0 0 0 16 0 3 7 0 0 2 0 3 0 0 0 0 3 0 0 6 3 19 0 0 0 0 0 0 2 0 0 1 0 0 0 0 0 19 0 10 8 2 0 21 71 0 0 0 0 25 13 0 0 11 12 24 0 0 0 0 0 0 0 0 0 0 23 13 11 0 0 0 11 32 0 0 0 0 0 0 0 0 0 0 0 0 0 0 0 0 0 0 2 0 0 0 0 0 0 0 4 0 0 0 0 0 0 0 0 6 0 0 0 0 0 9 39 6 7 24 2 0 0 29 10 22 0 9 0 0 0 2 2 15 0 0 10 0 0 0 1 0 0 0 0 0 10 3 19 0 0 0 0 37 0 0 0 0 0 0 0 0 0 0 0 1 0 0 0 0 0 2 0 0 0 1 0 0 0 0 0 0 0 0 0 0 0 0 0 0 0 0 0 0 0 0 0 0 0 3 3 0 0 190 2 9 0 0 0 0 0 1 0 0 23 0 0 0 0 0 1 0 0 0 0 0 0 0 0 23 0 0 0 0 0 0 0 0 0 0 0 0 0 0 
 43 142 41 319 0 292 497 157 292 65 281 171 57 148 175 176 347 51 88 59 2 2 0 4 1 2 3 76 1 2 2 3 57 3 0 3 0 0 75 1 2 0 0 1 3 0 0 0 0 5 0 1 7 0 0 2 1 3 0 0 0 0 3 0 0 3 0 0 0 0 0 0 0 0 0 0 0 3 0 0 0 21 16 26 12 10 0 0 1 12 25 0 0 0 23 23 25 27 0 0 13 21 0 0 0 0 1 0 0 0 0 0 37 13 11 0 0 0 7 21 0 0 0 0 0 0 0 0 0 0 0 0 0 0 0 0 0 0 0 0 0 1 0 0 0 0 0 0 0 0 5 0 0 0 0 0 0 5 0 0 0 1 8 0 10 18 0 0 0 11 23 37 1 0 0 1 0 7 0 0 0 0 6 0 0 0 2 0 0 1 0 0 3 2 19 0 0 0 15 40 0 0 0 0 0 0 0 0 2 0 0 0 0 2 0 0 0 0 0 0 0 0 0 1 0 0 0 0 0 0 0 18 0 0 0 0 2 0 0 0 0 0 0 0 0 0 1 1 4 48 3 9 0 2 0 0 0 0 0 0 0 0 0 0 0 0 0 0 0 0 0 0 0 0 0 31 0 13 0 0 0 0 0 0 0 0 0 0 0 0 
 50 38 95 566 292 0 61 8 160 273 265 192 33 63 290 216 438 53 67 80 4 0 3 3 2 2 1 26 1 0 0 3 21 6 0 13 2 1 1 2 2 3 0 1 3 0 0 0 3 5 0 1 34 5 77 2 0 3 0 0 1 0 42 1 1 3 0 0 2 0 0 0 4 0 1 0 0 3 3 4 0 0 13 9 0 32 0 0 0 10 8 17 0 0 0 11 0 27 0 0 23 23 0 5 0 0 0 1 0 0 0 0 68 14 12 0 0 0 75 45 0 0 0 0 0 30 0 0 0 2 0 0 0 0 0 0 1 0 0 0 0 0 0 2 0 0 0 0 0 0 0 2 0 0 0 0 0 0 0 0 0 0 1 0 24 26 0 0 0 8 1 6 0 0 0 0 0 1 0 0 0 0 8 0 8 0 16 33 0 0 0 2 20 21 17 2 14 0 28 37 0 0 0 0 0 0 0 0 0 1 0 0 0 0 0 0 0 10 28 0 0 0 0 0 1 0 0 0 0 0 0 0 0 0 0 0 0 0 0 0 0 0 0 0 0 9 0 1 8 45 1 5 2 0 0 0 0 0 0 0 0 0 0 0 0 0 0 0 0 0 0 0 0 0 0 14 0 0 0 0 0 0 0 0 0 0 0 0 0 0 
 163 468 74 89 497 61 0 70 106 148 40 22 194 313 252 102 257 108 253 66 1 3 0 3 0 3 0 0 0 1 0 3 2 2 0 3 1 2 0 0 2 0 0 0 3 0 0 0 0 0 0 3 0 2 0 9 0 3 0 0 0 0 3 0 0 3 0 31 0 0 0 0 0 0 0 5 0 2 0 5 21 21 9 0 0 0 23 18 0 14 0 0 72 0 21 0 5 0 28 0 0 0 0 0 0 0 0 0 0 0 0 0 0 0 0 0 0 0 8 0 0 0 0 0 0 0 0 2 0 0 0 0 0 1 0 0 0 0 0 0 0 0 0 0 1 0 0 0 0 0 0 0 0 0 2 0 0 0 0 0 18 11 0 0 0 0 18 0 40 0 11 2 22 16 0 8 0 21 37 32 0 0 0 0 0 0 0 0 0 0 0 0 0 0 0 0 0 0 0 0 0 0 0 0 2 0 0 0 0 0 0 0 0 0 0 0 0 0 0 0 0 2 0 0 0 0 0 0 0 0 0 0 0 0 0 0 0 0 0 0 0 0 0 0 0 0 0 0 2 0 2 13 0 0 0 0 0 0 0 0 0 0 0 0 0 0 0 0 0 0 0 0 0 0 0 0 32 11 0 0 0 0 0 0 0 0 0 0 0 0 
 506 158 93 64 157 8 70 0 58 45 35 63 335 161 136 329 140 27 64 321 1 0 0 3 0 2 0 1 0 0 4 3 0 3 0 3 0 1 0 0 2 0 0 3 2 0 0 0 0 3 0 0 1 0 0 2 0 7 0 0 0 0 3 0 0 3 0 0 1 2 0 0 0 0 3 0 0 16 0 4 13 47 14 33 0 0 0 15 55 0 13 0 6 0 51 21 34 15 22 0 0 0 0 0 0 0 0 0 0 0 0 0 0 0 0 0 0 0 0 0 0 0 0 0 0 0 0 0 0 0 0 0 0 0 0 0 0 0 2 0 0 0 0 0 0 0 0 0 0 20 6 0 0 0 0 3 0 7 0 0 13 42 0 8 4 0 7 40 0 24 37 18 0 0 10 48 2 25 15 9 0 0 0 0 0 0 0 0 0 0 0 0 0 12 1 0 0 0 0 0 0 0 0 0 0 0 0 0 0 0 0 0 0 0 0 0 0 0 0 0 0 0 0 0 0 0 0 0 0 0 0 0 0 0 0 0 0 0 0 0 0 0 0 0 0 2 89 1 2 0 0 5 0 0 2 0 2 0 0 0 0 0 20 0 0 0 0 0 0 0 0 0 0 0 0 9 11 11 0 0 0 0 0 0 0 0 0 0 0 0 
 81 156 65 700 292 160 106 58 0 72 123 31 288 144 171 262 176 40 217 158 3 0 0 3 1 3 0 0 1 0 0 5 0 3 0 3 0 3 95 0 5 0 0 2 3 0 0 0 8 0 0 0 0 0 0 2 0 3 0 0 0 0 3 0 0 3 0 0 1 0 0 5 0 0 3 0 0 3 0 0 0 19 41 0 19 2 29 0 0 29 2 5 1 10 0 18 40 36 0 0 0 0 0 0 0 0 27 0 0 0 0 0 0 0 0 0 0 1 0 20 0 0 0 0 0 0 2 0 0 0 0 0 0 0 0 0 0 0 0 0 0 0 0 0 0 0 0 3 2 0 0 0 0 0 0 0 0 0 0 0 0 10 29 0 10 9 0 20 13 1 29 11 0 1 1 0 0 0 18 0 42 0 0 0 0 0 1 0 0 0 0 0 0 0 5 0 0 0 15 23 1 0 0 0 0 0 0 0 0 0 0 0 0 0 1 0 0 0 0 0 0 0 0 0 0 0 0 0 0 0 0 0 0 0 0 0 0 0 0 0 0 0 0 0 0 2 2 0 87 16 0 10 1 0 0 0 0 0 0 0 0 0 0 0 0 5 0 0 0 0 0 0 0 0 0 17 9 0 0 0 0 0 0 0 0 0 0 0 0 0 
 43 225 219 186 65 273 148 45 72 0 156 81 116 90 123 318 246 135 225 73 2 1 0 3 0 2 0 0 44 0 0 3 0 2 0 3 0 2 0 0 2 0 0 1 3 4 0 26 0 0 0 3 1 0 3 2 0 3 0 0 0 0 3 0 6 3 0 0 0 0 4 0 0 4 7 0 6 3 0 11 8 16 30 1 9 2 19 30 0 6 0 33 26 0 0 7 6 45 1 0 0 0 0 0 0 0 0 2 0 16 0 2 0 0 0 0 0 0 4 1 1 0 0 0 0 0 0 0 0 0 0 0 0 0 0 0 0 0 0 0 0 0 0 0 0 0 12 0 0 2 0 0 0 0 0 0 0 0 0 1 1 35 21 7 0 23 0 18 19 21 18 12 16 11 9 11 28 0 2 22 0 0 1 0 0 0 0 0 0 0 0 0 16 0 0 0 0 0 1 0 0 0 0 0 0 0 0 0 0 0 1 0 0 0 0 0 0 0 0 1 0 0 0 0 0 0 0 0 1 0 0 0 0 0 0 0 0 0 0 0 0 0 0 0 0 0 1 2 87 0 19 2 0 0 0 0 0 0 0 0 0 0 0 0 0 0 0 0 0 0 0 0 0 0 0 0 9 0 0 0 0 0 0 0 7 1 0 0 0 0 
 263 29 110 239 281 265 40 35 123 156 0 379 44 35 71 154 181 57 141 160 3 153 0 3 0 2 2 2 0 2 1 3 96 2 0 77 5 0 215 6 2 0 2 1 3 0 0 0 5 0 2 14 5 0 0 24 3 3 0 1 0 28 3 0 0 3 0 0 0 0 0 0 0 41 1 2 0 3 0 0 1 2 30 36 75 0 12 18 61 0 45 1 0 1 0 7 17 38 0 6 0 15 0 0 0 0 10 0 13 0 0 0 30 0 23 1 0 0 13 32 0 0 0 0 0 0 0 0 0 0 1 0 0 0 1 0 0 0 0 0 0 0 0 0 0 0 5 0 0 0 0 0 0 0 0 7 0 0 0 0 0 25 20 9 0 9 32 10 0 34 0 15 0 35 9 36 0 29 0 0 13 19 12 0 0 0 1 0 0 12 12 0 30 25 15 0 0 0 14 36 0 0 0 0 0 0 0 0 0 0 0 0 0 0 0 0 2 0 0 0 0 0 0 0 0 0 0 0 0 0 0 0 0 0 0 0 0 0 0 0 0 0 0 0 0 0 91 0 0 91 1 17 14 0 0 0 0 0 0 0 0 0 0 0 0 0 0 0 0 0 0 0 0 0 0 21 8 0 0 0 0 0 0 0 0 0 0 0 0 0 
 363 262 118 305 171 192 22 63 31 81 379 0 35 101 111 125 84 297 141 134 1 62 0 3 0 4 84 0 0 0 0 5 77 3 0 28 0 2 33 74 2 0 0 2 3 1 0 0 0 6 0 0 3 0 0 2 0 3 0 0 0 0 3 0 0 3 0 0 0 0 0 0 0 0 2 0 0 3 0 0 0 4 14 39 19 11 23 26 23 11 5 34 0 0 0 29 0 14 0 4 0 17 0 0 0 0 0 0 2 12 0 0 17 0 0 0 0 0 0 4 0 0 0 0 0 0 0 0 0 0 0 0 0 0 7 0 0 0 0 0 0 0 0 0 0 0 5 0 0 0 0 0 0 0 0 8 0 0 22 0 0 26 24 0 0 0 0 25 1 16 0 25 8 50 24 41 13 15 0 0 15 0 0 0 0 0 2 12 0 0 0 0 10 21 0 0 0 0 16 16 0 0 0 0 25 0 0 0 0 0 0 0 0 0 0 0 0 0 0 0 0 0 0 0 0 0 0 0 0 0 0 0 0 0 0 0 0 0 0 0 0 0 0 0 0 0 86 1 88 9 14 3 11 0 0 0 0 0 0 0 0 0 0 0 0 0 0 0 0 0 0 0 0 0 0 9 1 0 0 0 0 0 0 0 0 0 0 0 0 0 
 156 45 150 41 57 33 194 335 288 116 44 35 0 91 122 260 33 37 92 206 2 74 0 3 0 3 0 0 0 3 0 3 0 2 0 3 0 1 0 0 2 0 0 0 3 0 0 0 0 0 0 2 0 0 0 5 0 3 0 0 0 0 3 0 0 3 0 0 0 0 0 0 0 0 0 0 0 3 0 0 9 0 4 1 9 0 9 10 32 0 0 10 1 9 15 0 0 0 22 1 0 0 0 0 0 0 0 0 0 9 0 0 2 0 0 0 0 0 0 0 0 0 3 0 0 0 0 0 0 0 0 0 0 0 0 0 0 0 0 0 0 0 0 5 0 0 0 0 0 0 0 0 0 2 0 0 0 1 11 0 3 6 0 0 0 0 0 34 16 16 0 11 28 10 33 19 10 18 39 16 13 0 0 11 0 0 0 0 0 0 0 0 15 0 0 0 1 0 0 0 0 0 0 0 0 0 2 0 0 0 0 0 0 0 0 1 0 0 0 0 0 0 0 0 0 0 0 0 0 0 0 0 0 2 0 0 0 2 0 0 0 9 0 0 0 4 0 2 91 0 17 12 0 0 0 0 0 0 0 0 0 0 0 0 0 0 0 0 0 0 0 0 0 15 0 0 0 0 0 0 0 0 0 0 0 0 0 0 0 0 
 77 305 217 219 148 63 313 161 144 90 35 101 91 0 467 244 347 114 515 191 2 0 1 3 0 2 0 0 0 0 0 3 0 4 0 3 0 3 0 1 2 0 0 0 3 0 0 0 0 0 0 2 0 0 0 2 0 4 0 0 0 0 3 0 0 3 0 0 17 0 0 0 0 0 0 0 0 3 0 0 14 0 21 120 6 0 13 18 0 43 19 22 13 10 0 19 10 14 8 0 6 0 0 0 0 0 46 0 0 2 0 12 0 0 0 0 0 0 13 0 0 0 0 1 0 0 0 0 0 0 0 0 0 0 0 0 0 1 0 0 0 0 0 0 0 0 0 0 0 0 2 0 0 0 4 0 0 0 0 2 10 12 32 22 0 0 2 13 35 0 0 0 11 11 9 10 9 33 13 10 29 0 0 0 0 0 0 0 0 0 0 0 13 0 0 0 0 0 20 0 0 0 9 0 9 0 0 0 0 0 0 0 0 0 0 0 0 0 0 10 0 0 0 0 0 0 0 0 0 0 0 16 0 0 0 0 0 0 7 0 0 0 0 0 0 0 88 0 89 56 0 9 0 0 0 0 0 0 0 0 0 0 0 0 0 0 0 0 0 0 0 0 0 0 0 0 0 0 0 0 0 0 0 0 0 0 0 0 0 0 
 48 154 36 62 175 290 252 136 171 123 71 111 122 467 0 106 124 27 179 179 1 0 0 3 0 3 0 1 0 76 0 5 0 2 0 3 0 4 0 0 2 0 0 0 4 0 0 0 0 5 0 2 0 0 0 3 0 3 0 0 0 0 7 0 4 3 0 33 0 0 43 0 0 0 0 2 0 5 0 0 16 62 24 13 0 0 16 0 23 35 10 0 34 13 31 16 0 12 14 0 0 0 0 0 0 0 0 0 0 0 0 0 0 0 12 0 0 0 0 0 0 0 0 0 0 0 11 0 0 0 10 0 0 0 0 0 0 0 0 0 0 0 0 0 0 0 0 0 0 0 0 0 0 0 0 0 0 0 0 0 28 9 3 0 0 8 18 0 30 26 15 19 32 14 15 18 0 19 15 28 0 0 0 0 0 0 0 0 0 0 0 0 0 0 0 0 0 3 0 0 0 0 0 0 0 0 0 0 0 0 0 0 0 0 0 0 0 0 0 0 0 0 0 0 1 0 0 0 0 0 0 0 0 0 0 0 0 0 0 0 0 2 0 0 0 2 0 2 0 87 2 10 0 0 2 0 0 0 0 0 0 0 0 0 0 0 0 0 0 0 0 0 0 0 0 0 0 0 0 0 0 0 0 0 0 0 0 0 0 0 
 37 229 140 123 176 216 102 329 262 318 154 125 260 244 106 0 117 46 90 87 1 57 0 4 0 2 0 0 1 0 1 4 73 2 0 3 0 0 73 2 2 61 0 0 3 0 0 0 0 0 1 2 0 0 0 31 0 3 0 0 0 0 3 0 0 32 0 0 0 0 0 0 52 0 0 0 0 2 0 0 11 10 0 10 3 0 34 28 0 42 31 9 13 15 3 27 36 13 1 9 0 0 0 0 0 0 0 0 0 0 0 0 0 0 0 0 0 2 24 17 0 0 0 0 0 0 1 0 0 0 0 0 0 0 0 0 0 0 1 0 0 0 0 0 0 0 10 0 0 0 0 0 0 0 0 4 0 0 0 0 1 19 20 27 24 0 0 0 10 12 0 12 0 14 0 9 7 0 1 0 0 0 31 0 0 0 0 0 0 0 0 0 21 0 0 0 0 0 10 15 2 0 0 0 0 0 0 0 0 0 0 2 0 0 15 0 0 0 0 0 0 0 0 0 0 0 0 0 0 0 0 0 0 0 0 0 0 0 0 12 0 0 0 0 0 3 5 3 4 88 0 16 0 0 0 0 0 0 0 0 2 0 0 0 0 0 0 0 0 0 0 0 0 0 0 19 10 0 0 0 0 0 0 0 0 0 0 0 0 0 
 40 293 289 358 347 438 257 140 176 246 181 84 33 347 124 117 0 155 133 48 4 0 0 44 0 2 0 0 0 4 1 3 0 3 0 3 0 1 1 0 2 0 0 1 3 0 0 0 0 0 0 2 0 0 0 2 0 3 0 0 0 0 3 0 0 3 0 0 0 0 0 0 0 0 1 0 0 3 0 6 20 10 27 54 27 15 30 36 21 15 59 24 10 0 0 10 32 61 0 0 0 2 0 0 0 0 40 0 0 0 0 0 0 0 0 0 0 0 14 0 1 1 0 0 0 0 0 0 0 0 0 0 0 0 0 0 0 0 0 0 0 0 0 1 0 0 0 0 0 0 0 0 0 0 22 0 0 0 0 0 2 0 6 22 0 5 8 0 18 13 1 0 0 0 3 11 70 25 5 0 14 0 2 0 0 0 1 0 0 0 0 0 15 0 6 0 13 0 10 12 0 0 0 0 0 0 0 0 0 0 0 0 0 0 0 0 0 0 0 1 0 0 1 0 7 0 0 0 2 0 0 0 0 0 0 0 0 0 0 0 0 0 0 0 0 1 2 0 3 0 19 11 0 0 0 0 0 0 0 0 0 0 0 0 0 0 0 0 0 0 0 0 0 0 0 0 33 0 0 0 0 0 0 0 0 1 0 0 0 0 
 114 256 230 48 51 53 108 27 40 135 57 297 37 114 27 46 155 0 140 127 1 0 0 3 24 30 49 0 0 0 0 32 0 4 0 6 0 5 0 1 23 0 0 2 3 3 0 0 0 2 3 0 0 21 0 2 0 4 0 1 0 0 3 2 0 3 3 0 0 4 0 0 3 2 2 3 0 3 0 11 8 0 0 11 22 9 9 21 0 17 11 58 16 1 0 2 14 19 0 0 11 0 0 0 0 0 0 0 0 8 0 0 12 0 1 0 0 0 28 0 0 0 0 0 0 0 0 0 0 0 0 0 0 0 0 0 0 0 0 0 0 0 0 0 0 0 0 15 0 0 0 0 0 0 0 0 0 0 0 0 0 22 16 16 4 0 0 28 17 44 18 20 8 0 9 1 18 0 0 29 0 15 0 0 0 0 9 0 0 0 0 0 9 0 17 0 0 0 0 0 0 0 0 0 0 0 0 0 0 0 0 0 0 0 0 0 0 0 0 0 0 0 0 0 14 0 0 0 0 0 0 0 1 0 0 0 0 0 0 0 0 0 0 0 0 0 81 3 90 2 16 14 0 0 0 0 0 0 0 0 0 0 39 0 0 0 0 0 0 0 0 0 0 0 0 0 0 0 0 0 0 0 0 0 0 0 0 0 0 0 
 154 269 269 102 88 67 253 64 217 225 141 141 92 515 179 90 133 140 0 227 3 0 0 3 0 2 0 0 0 0 0 3 0 12 0 4 74 2 0 0 2 0 0 1 3 21 0 0 0 0 21 22 0 0 0 2 0 3 0 0 48 0 3 0 0 3 11 44 0 2 0 0 0 10 1 0 0 3 0 8 15 35 1 8 1 1 19 0 1 9 11 12 23 0 2 0 0 10 12 7 0 0 0 1 0 0 0 1 0 0 0 0 0 0 0 0 7 0 0 2 0 0 0 0 0 0 2 0 15 0 0 0 0 0 0 0 0 0 0 0 0 0 0 0 0 0 14 0 0 2 0 0 0 0 0 4 0 0 0 0 18 43 10 9 18 0 0 12 17 21 15 28 0 10 0 5 1 1 11 48 0 0 0 0 0 0 2 0 0 0 0 0 0 0 0 0 0 0 0 2 0 0 0 0 0 0 0 0 0 0 1 0 0 0 1 0 0 0 0 1 0 0 0 0 0 0 0 0 0 0 0 0 0 0 0 0 0 0 0 0 0 0 0 0 15 0 19 0 2 0 1 85 0 0 0 0 0 0 0 0 0 0 77 21 0 0 0 0 0 0 1 0 0 0 0 10 0 0 0 0 0 0 0 0 0 0 0 0 0 0 
 230 412 44 264 59 80 66 321 158 73 160 134 206 191 179 87 48 127 227 0 2 0 3 3 0 3 0 0 0 5 0 8 0 2 0 5 0 1 1 0 2 0 0 0 3 2 0 0 2 0 3 5 0 0 0 3 0 3 0 0 0 0 3 0 0 5 0 1 2 0 1 0 2 0 0 0 0 11 1 2 0 29 0 18 7 0 27 12 28 17 27 0 19 15 26 53 0 2 22 10 0 0 0 0 0 0 0 0 0 0 0 0 0 0 0 0 0 0 1 0 0 0 0 0 0 0 0 0 0 0 0 0 0 0 0 0 0 0 0 0 0 0 0 0 0 0 4 0 0 0 0 0 0 0 0 5 0 5 0 0 0 39 9 2 10 0 0 42 13 13 0 1 0 10 4 10 0 10 18 19 0 0 27 0 0 0 0 0 0 0 0 0 0 0 0 0 0 0 0 0 0 0 0 0 0 0 0 0 0 0 0 0 0 0 0 0 0 0 0 0 0 0 0 0 0 0 0 0 0 0 0 0 0 0 0 0 0 0 0 0 0 0 0 0 0 2 137 0 2 0 0 15 0 0 0 0 0 0 0 0 0 0 13 0 0 0 0 0 0 0 0 0 0 0 0 10 0 0 0 0 0 0 0 0 0 0 0 0 0 4 
 3 3 2 2 2 4 1 1 3 2 3 1 2 2 1 1 4 1 3 2 0 184 172 152 286 46 245 126 98 281 251 79 144 71 219 39 411 340 63 269 0 3 0 2 0 0 0 0 0 0 3 0 0 3 0 2 0 0 62 0 6 0 0 0 2 2 6 0 0 2 0 21 6 0 0 0 1 0 0 2 0 0 0 0 0 52 0 0 0 0 0 0 0 9 0 0 0 0 0 0 15 16 3 45 2 0 0 38 30 0 20 12 0 1 35 19 12 44 9 0 0 0 0 0 0 0 11 17 0 0 0 0 0 0 0 0 1 0 0 0 0 0 0 0 0 0 0 0 0 0 0 0 0 7 0 0 2 0 0 0 0 0 0 0 3 0 0 0 0 0 0 0 0 3 0 0 0 0 0 27 0 12 1 32 32 3 0 33 61 39 10 26 0 0 22 41 18 18 0 0 1 0 0 0 0 0 2 0 0 0 0 0 3 18 0 0 0 0 19 1 0 0 0 0 2 0 0 0 0 0 0 0 0 0 0 0 0 0 19 0 0 0 0 0 0 0 1 0 0 0 0 1 0 0 0 2 2 217 2 1 9 0 0 0 0 0 0 0 0 0 0 0 0 0 0 0 0 0 0 0 0 0 0 0 0 0 13 0 0 0 
 0 0 1 1 2 0 3 0 0 1 153 62 74 0 0 57 0 0 0 0 184 0 219 171 117 310 95 96 187 112 79 245 119 81 203 145 88 41 128 221 0 67 0 2 0 0 0 0 0 0 3 22 0 3 0 62 0 0 61 3 3 0 0 0 2 0 0 0 0 0 2 0 0 10 0 0 0 0 0 2 0 0 0 0 30 8 0 0 0 2 2 34 0 10 0 0 0 0 0 0 9 13 7 18 67 1 12 1 38 0 22 102 12 42 31 20 19 14 2 53 0 0 0 0 0 0 0 0 0 0 0 0 0 0 0 0 0 0 5 15 0 0 0 0 0 0 0 4 0 0 0 0 0 5 0 0 0 0 0 0 0 0 0 0 0 0 0 0 0 3 0 0 0 0 0 0 10 0 12 0 14 10 48 20 22 16 1 16 23 12 0 0 16 11 1 14 1 0 9 0 41 0 0 0 0 0 7 19 0 0 0 0 20 0 0 0 0 2 0 9 0 0 0 0 0 0 0 0 1 0 0 0 0 1 0 0 0 0 0 0 0 0 0 0 0 0 0 0 0 1 0 0 9 0 2 0 0 0 0 2 1 0 0 0 0 0 0 0 0 0 0 0 0 0 0 0 0 0 0 0 0 0 0 0 0 12 0 0 0 0 
 2 0 4 0 0 3 0 0 0 0 0 0 0 1 0 0 0 0 0 3 172 219 0 282 170 555 163 157 260 423 195 36 112 134 144 160 246 224 77 96 0 3 0 4 0 7 2 0 2 3 6 0 2 5 0 5 4 0 64 66 3 0 2 56 2 0 0 3 0 2 0 13 1 0 8 0 0 2 0 2 0 0 0 0 0 0 0 0 0 0 9 0 0 0 0 2 0 0 0 0 8 0 17 17 48 0 15 33 24 11 23 15 0 0 10 31 11 18 0 2 0 0 0 0 0 0 2 2 0 0 0 10 21 0 0 0 21 0 12 0 0 0 0 0 0 0 0 0 0 0 0 0 1 6 0 0 5 0 0 0 0 0 0 0 3 0 0 0 0 0 0 0 0 1 0 0 0 0 0 4 0 10 13 38 35 28 0 42 30 49 26 34 0 0 17 2 23 11 1 1 2 55 10 0 0 0 15 1 0 0 1 0 23 0 19 0 0 0 17 26 0 0 0 0 0 0 0 0 0 0 0 2 0 0 0 0 0 0 0 0 0 0 0 0 0 0 0 1 0 0 0 0 25 0 2 3 0 83 3 0 11 0 0 0 0 0 0 0 0 0 0 0 0 0 0 0 0 0 0 12 0 0 0 0 0 12 0 0 0 0 
 3 3 3 3 4 3 3 3 3 3 3 3 3 3 3 4 44 3 3 3 152 171 282 0 89 36 114 293 414 338 64 126 133 442 524 146 133 83 93 149 19 5 0 2 0 0 0 63 0 0 3 0 0 3 0 241 0 67 61 1 2 0 0 0 2 0 0 0 0 0 1 5 4 0 0 0 0 0 0 2 0 0 0 0 0 0 0 0 0 0 0 0 0 0 0 0 0 0 0 0 10 18 25 78 28 22 0 16 22 17 18 12 0 62 16 21 96 37 11 0 0 0 0 0 0 0 0 0 0 4 0 0 0 0 9 2 0 0 13 30 0 0 0 0 0 0 0 0 0 0 0 0 0 5 21 0 0 0 0 0 0 0 0 0 0 0 0 1 0 0 3 0 0 0 0 0 0 0 0 0 0 46 0 16 33 13 26 15 18 11 33 19 2 0 23 41 23 1 0 0 23 0 13 0 0 0 0 18 0 9 0 0 47 0 0 0 0 8 0 9 0 2 0 0 0 0 0 0 0 18 0 0 0 0 0 2 0 0 0 2 0 0 15 0 0 0 0 0 0 0 0 0 0 0 0 2 2 46 0 2 6 0 0 0 0 10 41 0 0 0 0 0 0 0 0 0 0 0 0 0 1 0 0 0 0 0 14 0 0 0 
 0 0 0 0 1 2 0 0 1 0 0 0 0 0 0 0 0 24 0 0 286 117 170 89 0 173 65 144 414 112 181 109 83 79 97 78 405 218 79 146 26 9 0 2 0 0 1 133 25 62 3 1 1 52 93 14 2 112 37 0 2 1 0 2 2 4 3 4 2 0 0 0 0 0 0 0 0 0 1 2 0 0 0 0 0 0 0 0 0 0 0 0 0 0 0 0 0 0 17 0 9 0 19 1 10 11 13 12 15 17 18 0 0 0 10 0 0 0 0 0 0 0 1 0 0 0 0 0 11 11 0 10 25 0 0 12 14 30 23 26 2 0 0 0 0 6 0 0 22 0 0 0 0 9 0 0 0 0 0 2 0 0 0 0 0 0 2 2 0 0 2 0 0 0 4 0 0 0 0 0 0 2 0 10 10 19 0 0 0 11 16 16 0 13 15 0 1 17 0 0 27 22 31 42 17 0 30 3 0 8 20 0 0 22 29 0 0 1 49 12 0 2 0 0 0 0 0 0 0 0 0 0 0 0 0 0 0 0 0 0 0 0 0 0 0 0 0 0 0 0 0 0 0 0 10 0 2 1 0 21 0 0 28 0 0 1 0 0 0 0 0 0 0 0 0 0 0 0 0 0 0 0 0 0 0 0 0 0 0 0 
 3 3 2 3 2 2 3 2 3 2 2 4 3 2 3 2 2 30 2 3 46 310 555 36 173 0 49 23 193 92 166 100 43 466 146 325 46 66 139 48 44 71 0 2 0 0 62 9 0 29 3 0 25 111 136 2 0 151 140 62 3 0 0 0 2 4 0 0 0 0 0 0 0 0 0 0 0 0 0 2 0 0 0 0 0 0 16 0 0 0 0 0 0 0 0 0 0 0 0 0 0 0 0 16 19 9 0 0 0 0 0 10 0 0 0 0 0 0 0 0 20 10 45 0 0 0 20 0 9 10 0 9 20 9 10 10 0 32 10 12 1 0 0 0 0 5 0 0 8 0 0 0 12 0 0 0 0 0 0 2 0 0 0 0 0 0 2 1 0 3 0 0 0 0 4 27 0 0 0 0 0 2 0 0 13 0 0 0 0 0 52 22 0 0 0 0 23 0 0 0 0 23 14 1 0 0 13 10 2 7 13 0 1 25 33 17 0 0 41 30 0 2 0 0 0 0 0 0 0 0 0 0 0 0 14 0 0 0 21 0 0 0 9 0 0 0 0 0 0 0 0 0 0 0 5 0 0 74 74 1 4 0 0 0 0 0 0 0 0 0 0 0 0 0 0 0 0 0 0 13 0 16 0 0 0 0 0 0 0 0 
 0 0 24 4 3 1 0 0 0 0 2 84 0 0 0 0 0 49 0 0 245 95 163 114 65 49 0 330 288 40 43 192 231 504 123 125 39 228 176 428 0 3 2 2 1 3 0 0 3 3 3 0 0 64 0 2 0 0 0 1 3 0 1 0 2 0 2 1 0 2 0 5 4 0 0 0 2 0 0 2 0 1 0 0 1 28 0 0 0 0 0 0 0 0 2 0 0 0 0 0 21 15 19 15 1 0 16 9 0 7 0 0 15 12 18 15 23 19 12 24 0 0 0 0 0 0 0 0 0 0 0 1 0 0 0 0 0 0 0 9 0 0 0 0 0 0 0 0 0 4 0 0 3 0 0 10 2 0 0 0 0 0 0 0 5 3 0 0 0 0 0 9 0 15 0 0 0 0 0 0 23 89 0 1 0 0 6 0 12 22 15 23 2 0 34 28 29 55 15 8 0 0 0 0 0 0 0 0 0 0 0 1 0 0 0 0 0 0 0 0 1 0 0 0 0 0 0 0 0 2 0 0 0 0 0 0 0 0 0 0 0 0 0 0 0 0 0 0 23 0 0 0 0 0 2 2 2 44 0 1 1 0 0 0 0 0 10 0 0 0 0 0 0 0 0 0 0 0 0 0 0 10 0 0 0 0 15 0 0 0 
 0 0 2 77 76 26 0 1 0 0 2 0 0 0 1 0 0 0 0 0 126 96 157 293 144 23 330 0 593 112 226 56 75 119 439 51 27 111 70 48 0 3 0 2 0 0 0 0 0 0 2 0 0 2 0 2 0 0 62 0 3 0 0 0 2 2 0 0 0 0 4 2 0 0 0 0 0 0 0 2 0 0 0 0 0 21 0 0 0 0 0 0 0 0 0 0 0 0 0 0 19 18 21 18 12 0 19 2 24 0 20 7 13 13 39 16 0 8 0 13 0 0 0 0 0 0 10 0 0 0 0 0 10 0 0 0 0 0 0 0 0 0 0 0 0 0 0 0 0 0 0 0 0 4 0 0 0 0 0 0 0 0 0 0 0 15 0 0 0 0 0 0 0 1 0 0 0 0 0 3 13 10 20 24 33 12 4 44 27 12 16 0 0 9 17 9 0 30 13 7 0 0 14 0 0 0 30 1 0 0 0 0 0 0 0 0 0 0 7 0 0 0 0 0 0 0 0 0 0 0 0 0 0 0 0 0 0 0 0 0 0 0 0 0 0 0 0 0 0 0 0 0 0 1 84 0 0 80 0 2 11 0 0 0 0 0 0 0 0 0 0 0 0 0 0 0 0 0 0 0 0 0 0 0 0 0 0 0 0 0 
 2 0 0 0 1 1 0 0 1 44 0 0 0 0 0 1 0 0 0 0 98 187 260 414 414 193 288 593 0 626 208 52 48 537 360 122 94 163 78 106 0 4 0 2 0 0 0 0 0 0 3 0 0 3 0 3 0 2 74 11 2 0 0 0 2 0 0 0 0 0 0 0 2 0 0 0 0 0 0 2 0 0 0 0 0 0 0 0 0 0 0 0 0 0 0 0 0 0 0 0 2 0 17 12 59 0 2 9 23 15 9 27 0 0 14 2 2 0 0 2 0 0 1 0 0 0 33 2 0 0 0 0 19 0 0 0 0 0 22 11 0 0 0 0 0 0 22 1 0 0 0 0 0 16 0 0 0 0 0 0 0 0 0 0 0 0 0 1 5 0 1 0 0 0 10 0 0 0 0 0 0 0 10 1 43 58 0 19 0 1 9 14 0 0 8 0 6 34 0 1 38 0 0 0 0 0 21 23 0 0 1 0 9 8 0 0 0 3 39 14 0 0 0 0 0 0 0 0 0 0 0 2 0 18 0 0 0 0 0 0 0 0 0 0 0 0 0 0 9 0 0 0 0 0 0 1 0 4 0 2 1 0 13 0 0 0 0 0 0 0 0 0 0 0 0 0 0 0 0 14 0 14 0 0 0 0 0 0 0 0 
 0 1 0 1 2 0 1 0 0 0 2 0 3 0 76 0 4 0 0 5 281 112 423 338 112 92 40 112 626 0 127 81 427 187 349 454 149 130 73 207 0 3 0 2 0 2 0 0 5 0 5 2 0 3 2 3 0 3 0 62 4 0 0 2 2 2 2 2 2 0 35 1 0 0 0 0 0 0 0 2 0 0 0 0 0 0 0 0 0 0 0 0 0 0 0 0 0 0 0 0 1 17 23 19 13 0 0 21 29 0 41 33 0 0 28 9 27 44 6 0 12 0 12 0 0 0 36 0 0 0 0 0 0 0 0 0 0 0 0 10 0 0 0 0 10 2 0 0 0 0 0 0 0 1 0 0 6 0 0 1 0 0 0 0 3 0 1 0 0 0 0 0 0 9 0 0 0 0 0 0 20 3 10 57 12 12 0 31 38 22 50 32 0 0 16 11 25 17 0 16 12 0 0 0 0 0 0 0 0 1 0 0 14 0 0 0 0 0 50 0 0 1 0 0 0 0 0 0 0 0 0 0 0 0 0 0 0 0 0 1 0 0 0 0 0 0 0 0 0 0 0 0 0 0 2 0 0 36 149 0 7 0 0 0 0 0 12 0 0 0 0 0 0 0 0 0 0 0 0 0 0 10 0 0 0 1 0 0 0 0 
 0 0 0 0 2 0 0 4 0 0 1 0 0 0 0 1 1 0 0 0 251 79 195 64 181 166 43 226 208 127 0 43 123 107 100 244 177 221 30 121 0 3 2 2 0 2 0 0 3 2 3 0 209 3 0 3 0 0 62 62 2 0 0 0 2 0 0 2 0 1 0 0 0 0 51 3 1 0 0 8 0 0 0 0 0 0 0 0 0 0 0 0 0 0 0 0 0 0 0 0 3 0 29 35 36 0 11 0 0 7 44 21 0 0 77 2 24 45 1 0 0 0 0 0 0 0 37 0 13 0 0 0 21 0 0 0 0 0 22 29 0 0 0 0 0 0 0 0 0 0 0 0 2 1 0 0 2 0 0 0 0 0 0 0 0 0 0 1 17 0 0 0 0 0 0 0 0 0 0 0 0 14 19 17 38 22 0 32 33 0 30 0 1 0 0 12 49 31 0 0 11 0 0 0 0 0 25 6 0 0 0 0 11 7 0 0 0 0 20 13 0 0 0 0 0 0 0 0 0 0 0 0 0 0 0 1 0 0 0 1 0 0 0 0 0 0 0 0 0 0 0 0 2 0 2 1 1 32 0 2 4 0 0 0 0 0 11 2 0 0 0 0 0 0 0 0 0 1 0 17 0 0 0 0 0 0 0 0 0 0 
 3 3 3 3 3 3 3 3 5 3 3 5 3 3 5 4 3 32 3 8 79 245 36 126 109 100 192 56 52 81 43 0 37 462 75 279 146 378 30 85 0 70 0 2 0 0 0 0 0 0 3 2 1 66 62 4 0 0 0 62 2 0 0 0 2 0 0 1 0 0 0 19 7 0 0 0 0 0 0 37 0 2 0 0 1 0 0 0 0 0 0 0 0 0 0 0 0 0 0 0 13 3 0 1 0 16 0 0 3 0 35 9 0 12 0 0 1 0 0 0 10 0 12 2 0 0 0 0 0 0 0 4 1 0 13 0 0 1 0 0 0 0 0 0 0 1 0 21 0 0 1 0 0 1 0 0 0 0 0 0 0 0 0 0 0 0 0 0 0 0 0 0 0 0 0 0 0 0 0 0 0 13 0 24 0 10 2 0 9 0 40 28 0 0 10 13 7 0 0 0 19 0 59 12 0 0 0 15 0 10 25 2 21 3 0 13 0 0 20 0 0 0 0 0 12 0 0 0 0 0 0 0 0 0 0 0 0 0 0 0 0 0 0 0 0 0 0 0 0 1 0 0 0 0 5 2 1 103 74 0 2 14 0 0 0 0 0 0 0 0 0 0 0 0 0 0 0 0 0 0 0 23 0 0 0 0 12 23 0 0 
 0 0 0 74 57 21 2 0 0 0 96 77 0 0 0 73 0 0 0 0 144 119 112 133 83 43 231 75 48 427 123 37 0 233 42 102 111 141 188 175 0 3 0 2 0 0 0 0 0 6 2 0 1 2 0 2 58 0 0 0 3 0 0 0 2 0 0 0 0 0 0 0 0 0 0 0 0 0 0 2 0 0 0 0 30 20 0 0 0 0 9 0 0 1 0 0 0 0 0 0 0 49 1 0 0 0 30 13 10 0 0 2 0 0 20 9 12 44 46 81 0 0 0 0 0 0 0 0 0 0 2 0 0 0 0 0 0 0 0 0 0 0 0 0 0 0 16 0 0 0 12 0 0 0 0 0 4 0 0 0 0 0 0 13 6 0 0 0 0 8 0 9 0 0 0 0 0 0 2 0 14 38 12 12 0 0 0 7 8 18 2 31 30 0 13 30 9 11 0 9 0 2 0 8 0 0 0 0 0 1 0 0 0 0 0 0 0 0 1 0 0 0 0 0 0 0 0 0 0 0 0 0 2 0 0 0 0 0 0 0 0 0 0 0 0 1 0 0 0 21 0 0 1 0 2 0 1 83 0 0 0 0 0 0 0 0 0 0 0 0 0 0 0 0 0 16 0 0 0 0 0 0 0 0 0 0 0 0 0 0 
 4 2 2 2 3 6 2 3 3 2 2 3 2 4 2 2 3 4 12 2 71 81 134 442 79 466 504 119 537 187 107 462 233 0 412 594 383 120 195 376 0 3 0 2 0 71 0 0 0 0 64 0 0 3 0 2 0 0 0 0 41 0 0 0 2 0 0 0 0 0 0 0 1 0 0 0 0 0 0 2 0 0 0 0 0 11 0 0 0 0 0 21 0 0 9 2 0 0 0 0 13 3 8 21 0 0 19 19 0 10 0 8 2 15 11 43 23 41 0 13 0 0 0 0 0 0 0 0 0 0 0 0 0 0 0 0 0 0 0 17 2 0 0 0 0 0 0 0 0 5 0 0 6 1 0 0 1 0 19 0 0 0 2 0 7 1 0 0 0 0 0 0 0 1 0 0 0 0 0 0 44 36 14 19 23 4 0 4 16 20 24 43 0 10 2 28 24 10 51 20 10 0 0 0 18 0 1 0 10 0 0 0 0 0 0 0 0 0 10 0 0 0 0 0 0 0 0 0 0 0 0 0 0 0 0 0 0 0 0 0 0 0 12 0 0 0 0 0 0 0 0 0 0 0 0 1 2 78 79 2 6 0 0 0 0 0 36 0 0 0 0 0 0 0 0 0 0 0 0 0 0 10 0 0 1 0 0 0 0 9 
 0 0 5 1 0 0 0 0 0 0 0 0 0 0 0 0 0 0 0 0 219 203 144 524 97 146 123 439 360 349 100 75 42 412 0 449 127 76 202 302 0 3 1 2 0 0 60 0 0 0 3 0 0 3 0 2 0 109 86 1 3 0 0 0 2 0 0 0 0 0 0 5 4 0 0 0 0 0 0 2 0 0 0 0 0 13 0 0 0 0 0 2 0 0 0 0 0 0 0 0 14 0 26 38 55 0 0 40 18 14 10 42 0 10 14 11 13 21 0 0 0 0 0 0 0 2 19 0 0 0 0 0 0 0 0 0 2 0 31 0 22 0 0 0 0 0 0 1 0 0 0 2 0 5 0 0 0 0 0 0 0 0 0 0 1 1 0 0 0 1 0 0 0 0 0 0 0 0 0 2 23 13 21 45 30 18 3 1 25 29 33 6 0 0 53 37 27 14 0 0 33 0 0 0 0 0 11 23 0 0 0 0 15 0 0 0 0 0 20 12 0 0 0 0 1 0 0 0 0 1 0 0 0 0 0 0 0 0 0 0 0 0 13 0 0 0 0 0 0 0 0 0 0 0 3 1 0 82 0 5 12 0 0 0 0 0 1 0 0 0 0 0 0 0 0 0 0 0 0 52 0 0 0 2 0 13 11 0 0 0 
 3 3 5 3 3 13 3 3 3 3 77 28 3 3 3 3 3 6 4 5 39 145 160 146 78 325 125 51 122 454 244 279 102 594 449 0 147 35 210 103 0 3 2 2 0 0 0 0 2 0 5 0 74 3 1 2 3 4 30 1 3 0 0 0 2 0 0 0 0 0 1 0 0 0 0 0 0 0 0 2 0 0 0 0 13 28 0 0 0 0 0 1 0 0 0 0 0 0 0 0 0 0 0 41 6 0 0 22 12 11 0 0 4 13 0 39 35 53 0 0 0 0 0 0 0 0 11 0 0 0 0 0 43 0 0 0 0 0 7 0 0 0 0 0 0 0 0 0 0 11 2 0 1 2 0 0 3 0 0 0 2 0 0 0 0 0 0 0 10 0 0 0 0 6 0 0 0 0 12 0 37 9 2 28 9 0 1 9 30 27 17 14 0 22 0 12 35 0 0 11 0 0 0 0 0 0 0 1 0 0 8 0 0 0 0 6 0 0 24 6 0 0 0 0 0 0 0 0 0 0 0 0 0 0 0 0 0 0 0 0 0 0 9 0 0 0 0 0 0 0 0 0 16 0 6 2 0 153 5 1 1 0 0 0 0 0 0 0 0 0 0 0 0 0 0 0 0 1 0 9 0 0 0 0 0 0 0 0 0 0 
 0 0 2 0 0 2 1 0 0 0 5 0 0 0 0 0 0 0 74 0 411 88 246 133 405 46 39 27 94 149 177 146 111 383 127 147 0 141 104 262 61 3 0 2 0 0 0 0 0 0 3 0 0 3 0 2 0 0 0 1 3 0 0 0 2 0 0 0 0 0 0 5 7 0 0 0 0 2 0 2 0 0 0 0 1 1 0 0 0 0 0 0 0 0 0 0 0 0 0 0 28 0 39 18 31 14 8 10 11 6 24 28 0 9 32 0 24 45 0 0 0 0 0 0 0 0 15 0 0 0 0 0 9 0 0 0 0 0 0 13 0 0 0 0 0 0 0 0 0 2 2 19 16 2 0 0 14 0 0 0 0 0 0 0 0 0 0 1 4 0 0 0 0 0 0 0 0 0 0 1 0 28 24 2 17 12 2 13 69 30 17 8 0 0 21 70 22 9 0 0 0 0 0 0 0 0 7 0 0 0 0 1 28 0 0 0 1 1 0 0 0 0 0 0 0 0 0 0 0 0 0 0 0 0 0 0 0 0 0 0 0 0 0 0 0 0 0 0 0 0 0 0 0 0 2 0 2 47 0 0 1 0 0 0 0 0 10 0 0 0 0 0 0 0 0 0 0 1 0 0 0 7 0 0 0 20 22 0 0 0 
 4 3 2 0 0 1 2 1 3 2 0 2 1 3 4 0 1 5 2 1 340 41 224 83 218 66 228 111 163 130 221 378 141 120 76 35 141 0 31 109 2 65 0 2 5 0 0 0 0 0 3 0 0 65 62 2 0 0 2 0 3 0 0 0 2 0 0 0 0 0 0 0 0 0 0 0 0 0 0 2 0 0 0 0 0 0 0 0 0 0 0 0 0 0 0 2 0 0 0 0 0 0 27 0 13 0 0 32 12 8 9 8 0 0 0 0 1 32 0 0 0 0 0 0 0 0 15 0 0 0 0 0 30 0 0 0 0 0 0 12 0 0 0 9 0 0 0 0 0 0 0 0 1 0 0 0 13 0 0 0 0 0 2 0 3 0 0 0 0 0 0 0 0 0 0 0 0 0 0 8 0 30 0 56 1 1 0 0 12 13 9 25 0 0 11 18 15 6 1 0 0 0 0 1 0 0 35 8 0 0 0 0 0 8 0 0 0 13 43 0 0 0 0 0 0 0 0 0 8 0 0 0 0 0 0 0 0 0 0 0 0 0 0 0 0 0 1 0 2 0 0 0 0 0 9 0 0 147 0 3 4 1 0 0 0 0 0 0 0 0 0 0 0 0 0 0 0 0 0 0 0 10 0 0 1 0 0 0 0 0 
 0 35 0 74 75 1 0 0 95 0 215 33 0 0 0 73 1 0 0 1 63 128 77 93 79 139 176 70 78 73 30 30 188 195 202 210 104 31 0 219 75 3 200 2 3 0 0 0 3 1 3 85 0 3 0 2 0 0 64 50 2 0 0 0 2 0 0 0 3 0 0 0 0 0 3 0 0 0 0 2 0 0 0 0 40 9 0 0 0 20 1 5 0 0 18 0 22 12 0 17 0 15 10 27 27 0 11 1 0 0 0 13 0 11 0 13 10 12 0 2 0 0 31 0 0 0 6 0 1 0 0 0 0 0 0 0 0 0 19 0 0 0 0 0 2 10 0 0 0 0 4 0 0 0 0 0 0 2 0 0 0 0 16 0 8 0 0 0 14 0 19 10 0 0 0 0 0 0 0 0 10 0 22 0 40 0 1 0 0 11 12 0 1 14 11 10 12 4 41 7 0 0 0 0 0 25 0 0 2 0 0 0 14 1 0 0 0 2 0 20 0 0 0 0 0 0 0 0 2 0 0 0 0 0 0 0 1 0 0 0 0 0 11 0 0 0 0 0 0 2 0 0 0 0 4 0 2 6 1 0 1 0 0 0 0 0 0 0 0 0 0 0 0 0 0 19 0 19 0 25 0 0 0 0 0 19 0 0 0 0 
 0 0 0 0 1 2 0 0 0 0 6 74 0 1 0 2 0 1 0 0 269 221 96 149 146 48 428 48 106 207 121 85 175 376 302 103 262 109 219 0 0 3 0 2 0 0 0 0 0 5 3 0 0 3 0 2 0 1 0 0 5 0 0 2 2 2 3 3 2 0 0 7 6 0 0 0 0 0 3 2 0 0 0 0 19 15 0 0 0 0 0 10 0 0 0 4 0 0 0 0 19 85 0 12 0 0 8 23 7 0 18 29 0 11 3 11 1 21 11 10 0 0 0 0 0 0 1 1 0 0 0 0 0 0 0 0 0 0 0 0 0 0 0 0 0 0 0 0 0 2 0 0 1 0 0 0 7 0 0 0 0 0 0 0 1 0 0 0 0 0 0 0 0 0 0 0 0 0 0 0 12 25 14 51 0 0 0 14 36 31 3 37 6 11 18 54 14 8 16 0 0 0 0 0 0 0 0 0 0 0 2 0 15 0 0 0 0 0 1 0 0 0 0 0 0 0 0 0 0 0 0 0 14 0 0 2 0 0 0 0 0 0 0 0 0 0 0 0 0 0 0 0 0 0 7 0 2 152 2 0 7 0 0 0 0 0 2 0 0 0 0 0 0 0 0 0 0 0 0 0 0 3 0 0 0 0 14 0 0 0 
 2 2 2 5 2 2 2 2 5 2 2 2 2 2 2 2 2 23 2 2 0 0 0 19 26 44 0 0 0 0 0 0 0 0 0 0 61 2 75 0 0 100 74 96 42 28 421 199 101 252 34 22 89 79 134 74 143 171 43 44 0 1 0 0 0 5 3 0 0 0 0 0 0 1 6 17 0 0 8 0 0 0 0 0 0 0 0 0 0 0 0 0 0 0 0 0 0 0 0 0 0 0 0 0 27 17 0 0 0 0 0 0 0 0 0 0 0 0 0 0 31 58 26 5 0 0 0 8 23 17 7 0 2 4 42 5 23 50 6 0 1 1 0 0 0 4 5 0 7 0 0 0 21 0 0 0 0 0 27 0 0 0 0 0 0 0 0 1 0 0 3 0 0 0 0 0 0 0 0 0 0 0 0 0 17 0 0 0 0 0 0 0 0 0 0 0 0 0 0 0 0 11 59 0 0 0 8 16 21 12 0 18 13 0 20 10 5 29 0 1 0 23 0 0 0 0 0 0 0 0 0 0 53 0 0 24 0 0 31 0 0 0 49 0 0 0 0 0 0 0 0 6 0 0 0 0 0 0 0 0 0 0 0 0 67 12 0 0 2 0 0 0 0 0 0 0 0 0 0 0 0 0 0 0 0 0 0 25 0 0 
 0 0 0 0 0 3 0 0 0 0 0 0 0 0 0 61 0 0 0 0 3 67 3 5 9 71 3 3 4 3 3 70 3 3 3 3 3 65 3 3 100 0 340 58 21 104 117 239 459 394 20 250 333 284 112 181 128 43 33 86 0 0 0 0 0 0 0 5 0 10 0 0 0 0 0 3 0 0 0 0 0 0 0 0 0 0 0 0 0 0 0 0 0 0 0 0 0 0 0 0 0 0 0 0 0 0 0 0 0 0 0 6 0 20 11 0 0 0 0 0 0 0 16 0 18 0 0 19 12 11 14 26 0 11 0 10 0 1 0 44 8 2 0 0 0 0 0 0 0 0 0 0 14 0 7 0 0 0 1 0 0 0 0 0 0 0 0 1 0 16 0 0 0 0 3 12 0 0 0 0 0 0 0 11 0 14 0 0 0 0 0 0 0 0 0 0 0 0 0 0 1 11 0 28 3 17 0 34 8 0 28 37 0 44 17 0 12 10 0 0 0 0 0 0 0 21 27 0 0 0 0 0 7 2 0 0 0 0 0 13 0 0 0 0 0 0 0 0 0 0 1 16 0 56 0 0 0 0 0 0 0 0 2 0 0 2 0 1 2 0 0 0 0 0 0 0 0 0 0 0 0 0 0 0 10 0 0 0 0 0 
 0 0 0 0 0 0 0 0 0 0 2 0 0 0 0 0 0 0 0 0 0 0 0 0 0 0 2 0 0 0 2 0 0 0 1 2 0 0 200 0 74 340 0 247 51 97 120 124 381 84 173 320 116 146 52 187 418 35 251 32 0 5 4 16 0 1 0 1 0 0 2 0 0 7 0 1 0 0 0 45 0 0 0 0 0 0 0 0 0 0 0 0 0 0 0 0 0 0 0 0 0 0 0 0 0 0 0 0 0 0 0 0 0 0 0 0 0 0 0 0 18 23 10 18 6 38 0 18 0 0 1 0 0 8 1 17 15 15 0 0 1 36 0 0 0 0 0 0 0 0 0 6 5 4 15 0 0 0 36 20 0 0 0 0 0 0 5 0 0 0 0 0 16 0 0 0 0 0 0 0 0 0 0 0 0 0 0 0 0 0 0 0 0 0 0 0 0 0 0 0 14 1 0 41 1 8 0 0 16 0 10 0 0 15 0 20 28 27 0 0 0 0 14 0 6 0 44 0 0 0 0 10 3 87 0 0 0 1 38 7 0 0 0 0 0 0 0 0 0 0 0 2 0 0 0 0 0 0 0 6 0 0 15 0 0 0 0 66 2 0 7 0 0 0 0 4 0 0 0 0 0 0 0 0 12 16 0 0 0 0 
 0 0 1 0 1 1 0 3 2 1 1 2 0 0 0 0 1 2 1 0 2 2 4 2 2 2 2 2 2 2 2 2 2 2 2 2 2 2 2 2 96 58 247 0 346 64 215 124 184 342 275 138 83 293 77 299 50 68 77 68 0 9 6 5 0 8 0 1 0 0 0 4 0 17 3 4 0 0 0 26 0 0 0 0 0 18 14 0 0 0 0 0 0 0 0 0 0 0 0 0 0 0 4 0 0 0 0 0 0 0 0 0 0 0 0 0 0 0 0 0 8 17 26 10 0 24 0 15 6 2 36 0 1 14 12 7 30 11 0 0 19 15 0 0 3 0 11 0 0 0 2 0 0 0 4 0 0 4 19 10 0 0 0 0 0 0 4 0 0 0 0 3 4 0 0 0 0 0 0 0 0 0 0 0 0 0 0 0 0 0 0 0 0 0 0 0 0 0 0 0 0 9 12 11 0 23 0 7 2 0 0 10 0 9 0 4 4 20 0 0 11 1 10 1 0 0 12 0 0 3 0 0 0 29 9 7 0 10 33 10 0 0 7 0 0 0 0 0 0 0 0 15 0 0 0 0 0 0 0 12 0 0 65 1 1 2 0 2 2 0 1 0 0 0 0 0 0 0 0 0 0 1 0 0 0 6 0 0 0 0 
 3 3 3 3 3 3 3 2 3 3 3 3 3 3 4 3 3 3 3 3 0 0 0 0 0 0 1 0 0 0 0 0 0 0 0 0 0 5 3 0 42 21 51 346 0 146 65 66 217 119 128 63 117 76 78 106 98 83 57 65 0 0 0 0 0 0 0 53 0 0 0 0 0 0 0 1 62 0 50 18 0 0 0 0 0 0 0 0 0 0 0 0 0 0 0 0 0 0 0 0 0 0 0 0 0 0 0 0 0 0 0 0 0 0 0 0 0 0 0 0 0 0 10 16 18 20 0 0 0 0 19 7 0 0 0 0 26 10 0 0 6 24 0 0 3 0 0 0 0 0 0 0 0 0 1 0 0 0 10 35 0 0 0 0 0 0 19 0 0 0 0 7 10 0 0 0 0 0 0 0 0 0 0 0 0 0 0 0 0 0 0 0 0 0 0 0 0 0 0 0 0 0 42 17 0 11 0 0 0 0 2 9 0 0 0 0 0 11 1 0 0 0 11 0 0 0 28 0 0 0 0 0 1 32 0 0 0 9 0 0 0 0 0 0 0 0 0 0 0 0 0 3 1 0 0 0 0 0 0 15 0 0 0 4 0 0 0 0 2 0 0 0 0 0 0 0 0 0 0 0 0 0 0 0 1 0 0 0 0 0 
 0 0 0 0 0 0 0 0 0 4 0 1 0 0 0 0 0 3 21 2 0 0 7 0 0 0 3 0 0 2 2 0 0 71 0 0 0 0 0 0 28 104 97 64 146 0 450 27 272 65 185 101 43 104 74 166 139 65 51 35 0 264 0 0 0 0 1 7 0 30 2 0 31 16 0 24 0 0 0 53 0 0 0 0 0 0 0 0 0 0 0 15 0 0 10 0 0 0 0 0 0 0 0 0 0 0 0 0 0 0 0 0 0 0 0 0 0 0 0 0 0 0 0 17 19 12 0 5 0 0 30 0 0 9 0 1 0 0 0 0 12 17 0 0 0 17 0 0 11 0 9 0 10 12 0 0 0 7 29 29 0 0 0 0 0 0 0 0 0 0 0 1 0 0 0 0 1 0 0 0 0 0 0 0 0 0 0 0 0 0 0 0 0 0 0 0 0 0 0 0 0 0 0 0 36 13 0 0 0 0 11 9 0 0 0 0 7 0 0 0 2 48 0 20 20 0 55 66 8 15 0 0 14 11 2 0 7 22 0 39 0 0 0 0 0 0 0 0 0 0 0 11 0 0 0 0 0 0 0 0 0 0 7 86 0 5 3 67 0 0 0 0 0 0 0 0 0 0 0 0 0 0 0 0 0 0 0 0 0 0 
 0 0 0 0 0 0 0 0 0 0 0 0 0 0 0 0 0 0 0 0 0 0 2 0 1 62 0 0 0 0 0 0 0 0 60 0 0 0 0 0 421 117 120 215 65 450 0 139 418 252 41 31 373 116 122 62 26 100 105 98 0 9 5 1 0 6 0 0 0 0 0 0 6 7 0 0 0 0 9 1 0 0 0 0 0 0 0 0 0 0 0 0 0 0 0 0 0 0 0 0 0 0 0 0 0 10 0 0 0 0 0 0 0 0 0 0 0 0 0 0 8 8 20 22 9 8 0 20 79 34 6 13 10 20 1 15 6 30 0 0 8 0 4 0 0 0 0 0 1 0 0 0 5 0 0 0 0 0 6 0 0 0 0 0 0 0 0 0 0 14 5 0 0 0 0 7 0 0 0 0 0 0 0 0 0 0 0 0 0 0 0 0 0 0 0 0 0 0 0 0 33 13 0 0 0 11 15 12 29 29 7 0 0 9 22 41 4 6 0 0 0 6 0 0 0 0 1 0 0 0 0 0 10 0 0 1 0 0 90 7 0 0 2 0 0 0 0 0 0 0 0 23 0 0 0 0 0 0 0 0 0 0 42 0 1 4 4 0 0 0 10 0 0 0 0 0 0 0 0 0 0 0 0 0 3 8 0 0 0 0 
 0 3 0 0 0 0 0 0 0 26 0 0 0 0 0 0 0 0 0 0 0 0 0 63 133 9 0 0 0 0 0 0 0 0 0 0 0 0 0 0 199 239 124 124 66 27 139 0 61 54 36 35 255 150 185 124 177 110 358 47 5 0 0 0 0 1 0 0 0 0 0 0 8 0 0 1 0 0 0 0 0 0 0 0 0 0 0 0 0 0 0 0 0 0 0 0 0 0 0 0 0 0 0 0 0 46 0 0 0 0 0 0 0 0 0 0 0 0 0 0 0 0 1 21 3 8 76 1 10 45 12 0 83 11 18 15 34 0 52 0 12 0 3 0 0 0 0 6 2 0 0 0 21 0 0 0 0 0 0 7 0 0 0 0 0 0 2 2 0 0 5 0 0 0 0 1 0 0 0 0 0 0 0 0 0 0 0 0 0 14 0 0 0 0 0 0 0 0 0 0 0 43 48 26 0 12 0 0 24 30 11 19 0 10 30 10 0 14 21 17 0 2 0 0 0 0 0 0 5 0 0 0 2 0 0 6 5 0 21 12 0 0 0 0 0 0 0 0 0 0 0 0 0 11 0 0 0 0 0 0 0 0 10 0 66 15 2 0 0 0 19 0 0 0 0 0 0 0 0 0 0 0 3 0 1 0 0 9 0 0 
 0 0 0 0 0 3 0 0 8 0 5 0 0 0 0 0 0 0 0 2 0 0 2 0 25 0 3 0 0 5 3 0 0 0 0 2 0 0 3 0 101 459 381 184 217 272 418 61 0 227 98 39 119 385 93 64 171 33 82 155 0 15 11 5 0 10 3 5 6 0 1 1 0 13 0 49 0 0 0 16 0 0 0 0 0 0 0 0 0 0 0 0 0 0 0 0 0 0 0 0 0 0 0 0 0 0 0 0 0 0 0 0 0 0 0 0 0 0 0 0 17 13 51 0 6 0 0 0 9 13 3 10 0 14 28 6 18 39 0 0 0 6 0 0 0 0 9 3 4 35 0 0 8 5 0 3 5 0 0 4 0 0 0 0 0 0 0 0 0 15 0 0 0 0 1 6 0 0 0 0 0 7 0 0 0 0 0 0 0 0 0 0 0 0 0 0 0 0 0 0 16 0 20 0 0 0 0 10 2 0 26 23 0 9 8 1 23 23 0 0 0 0 8 0 0 0 4 4 0 1 0 0 20 17 5 0 0 3 19 1 0 0 7 0 0 0 0 0 0 0 0 17 0 2 0 0 0 0 0 0 0 0 1 0 1 1 8 1 0 0 0 0 0 0 0 0 0 0 0 0 0 0 0 0 1 6 0 1 0 0 
 0 0 2 16 5 5 0 3 0 0 0 6 0 0 5 0 0 2 0 0 0 0 3 0 62 29 3 0 0 0 2 0 6 0 0 0 0 0 1 5 252 394 84 342 119 65 252 54 227 0 161 278 187 228 168 188 270 107 131 138 0 0 0 0 0 0 0 64 0 8 0 1 0 0 0 3 0 0 51 3 0 0 0 0 0 0 0 0 0 0 0 0 0 0 0 0 0 0 21 0 0 6 0 0 0 0 0 0 0 0 0 0 5 0 0 2 0 0 0 6 0 1 20 61 62 1 0 3 9 22 20 33 0 13 0 44 0 0 0 20 4 10 0 0 35 0 0 0 0 0 0 0 10 0 0 0 0 0 32 0 0 0 0 0 0 0 0 1 0 2 0 0 0 0 4 5 0 0 0 0 0 0 0 0 0 0 0 0 0 2 0 0 0 8 0 2 2 0 0 5 0 24 0 0 13 16 0 0 10 27 47 11 0 3 10 0 7 0 0 13 0 0 0 0 0 0 16 0 0 0 0 0 3 6 0 0 0 0 0 16 0 0 0 0 0 0 0 0 0 0 0 1 0 1 0 0 0 0 0 0 0 0 0 0 67 0 2 64 4 0 0 0 0 0 0 0 0 0 0 0 0 4 0 0 0 0 0 10 0 0 
 0 0 0 0 0 0 0 0 0 0 2 0 0 0 0 1 0 3 21 3 3 3 6 3 3 3 3 2 3 5 3 3 2 64 3 5 3 3 3 3 34 20 173 275 128 185 41 36 98 161 0 60 34 96 61 361 145 63 41 46 259 4 3 3 2 3 1 59 0 9 0 0 0 26 0 0 0 0 51 69 0 0 0 0 0 0 0 0 9 0 0 0 0 0 0 0 0 0 0 0 0 0 0 0 0 0 0 0 0 0 0 0 0 0 0 0 0 0 0 0 0 0 0 36 56 3 0 10 0 0 11 39 0 19 0 32 0 0 0 0 27 21 0 2 14 30 0 1 10 0 3 0 10 20 0 0 0 0 39 53 0 9 0 0 0 0 0 0 0 14 0 1 0 0 0 0 1 0 0 0 0 0 0 0 0 0 0 0 0 0 0 0 0 0 0 0 5 0 0 0 0 0 0 0 17 17 0 0 0 0 21 8 0 0 0 0 0 8 0 0 0 34 0 4 0 0 59 20 0 0 0 0 7 21 0 10 0 16 0 13 0 0 0 0 0 0 0 0 0 0 0 12 0 0 0 0 0 0 0 1 1 0 9 36 0 0 2 6 0 0 0 0 0 0 0 0 0 0 0 0 0 0 0 0 0 1 0 0 0 0 
 2 2 1 3 1 1 3 0 0 3 14 0 2 2 2 2 2 0 22 5 0 22 0 0 1 0 0 0 0 2 0 2 0 0 0 0 0 0 85 0 22 250 320 138 63 101 31 35 39 278 60 0 255 41 41 75 56 74 55 28 0 3 0 0 0 0 55 51 0 0 0 0 29 1 0 0 0 0 50 53 0 0 0 0 0 0 0 0 0 0 0 0 0 0 0 0 0 0 0 0 0 0 0 0 0 0 0 0 0 0 0 0 0 0 0 0 0 0 0 0 0 1 0 0 14 7 5 0 3 23 2 17 3 0 0 0 0 0 6 0 0 14 0 0 34 0 19 4 13 0 1 0 17 30 26 0 0 0 15 22 0 0 0 13 0 0 0 0 0 0 0 0 0 0 0 0 1 0 0 0 0 0 0 0 0 5 0 0 15 0 0 0 0 0 0 0 0 8 0 0 3 0 5 13 23 0 0 6 10 0 0 0 3 3 2 0 10 0 0 2 9 50 12 1 4 0 24 16 1 2 22 0 6 15 0 0 0 8 0 35 0 0 0 0 0 0 0 0 0 0 0 7 0 0 0 0 0 0 0 2 0 29 9 5 0 2 2 0 2 0 28 0 0 0 0 0 0 0 0 0 0 0 0 0 2 0 0 0 0 0 
 0 0 0 7 7 34 0 1 0 1 5 3 0 0 0 0 0 0 0 0 0 0 2 0 1 25 0 0 0 0 209 1 1 0 0 74 0 0 0 0 89 333 116 83 117 43 373 255 119 187 34 255 0 212 333 112 105 117 103 234 0 1 1 0 0 6 0 12 1 0 0 0 0 1 3 0 0 0 201 2 0 0 0 0 0 0 0 0 0 0 0 0 0 0 0 3 0 10 0 0 0 4 0 0 0 10 0 0 0 0 0 0 52 0 0 0 0 0 0 3 30 31 37 5 0 29 2 14 21 3 9 17 6 36 8 28 9 19 0 2 11 0 0 0 0 7 1 0 5 0 0 0 15 0 0 0 0 0 0 0 0 0 0 0 0 4 0 0 10 4 0 0 0 0 0 2 0 0 0 0 0 0 0 0 0 0 0 0 0 0 0 0 0 5 0 0 0 0 8 5 10 21 0 10 0 10 22 36 14 15 12 2 0 2 59 9 10 0 0 0 0 0 0 0 0 0 0 0 0 0 0 0 0 0 0 0 0 0 26 0 0 0 14 0 0 0 0 0 0 0 0 5 0 0 0 0 0 0 0 1 0 0 64 0 3 1 3 0 0 0 0 0 0 0 0 2 0 0 0 0 0 0 0 0 17 0 0 0 2 0 
 0 0 0 0 0 5 2 0 0 0 0 0 0 0 0 0 0 21 0 0 3 3 5 3 52 111 64 2 3 3 3 66 2 3 3 3 3 65 3 3 79 284 146 293 76 104 116 150 385 228 96 41 212 0 165 60 70 115 113 141 0 11 9 1 0 0 30 14 4 1 0 0 0 1 0 2 1 0 0 4 0 0 0 0 0 0 0 0 0 0 0 0 0 0 0 0 0 0 0 0 0 0 0 0 0 7 0 0 0 0 0 0 0 0 0 0 6 0 0 0 0 0 4 11 15 0 0 20 13 0 2 18 8 22 0 21 0 17 0 26 39 41 0 14 0 4 0 0 15 6 1 0 21 4 0 36 13 0 8 10 0 0 0 0 0 0 0 1 0 4 0 0 0 0 1 4 0 0 0 0 0 0 0 12 0 14 0 0 0 0 0 0 0 0 0 0 0 0 0 0 1 13 15 20 0 10 10 18 10 4 47 0 0 29 65 0 0 10 0 0 0 0 4 0 0 0 5 8 0 4 0 0 12 2 8 0 0 3 0 1 0 0 0 0 0 0 0 0 0 0 0 10 0 0 0 0 0 0 0 0 0 0 0 0 0 0 12 36 0 0 0 0 0 0 0 0 0 0 0 0 0 0 0 0 0 0 0 0 0 0 
 0 0 0 0 0 77 0 0 0 3 0 0 0 0 0 0 0 0 0 0 0 0 0 0 93 136 0 0 0 2 0 62 0 0 0 1 0 62 0 0 134 112 52 77 78 74 122 185 93 168 61 41 333 165 0 84 42 169 124 68 0 0 0 0 0 0 0 1 0 0 0 0 0 0 0 0 3 0 0 0 0 0 0 0 0 0 0 0 0 0 0 0 0 0 0 0 0 0 0 0 0 0 0 0 0 9 0 0 0 0 0 0 0 0 0 0 0 0 0 0 0 4 0 0 0 9 21 0 21 13 9 27 12 36 2 55 10 6 1 41 3 7 0 0 0 2 0 0 54 0 0 0 0 0 0 0 0 0 0 0 0 0 0 0 0 0 0 2 0 0 0 0 0 0 4 0 0 0 0 0 0 0 0 9 0 9 0 0 0 0 0 0 0 0 0 0 0 0 0 16 1 18 14 13 28 11 13 11 10 35 37 0 0 20 0 4 0 0 2 12 0 0 0 0 0 0 0 0 0 0 0 0 0 0 0 0 0 0 3 0 0 0 0 0 0 0 0 0 0 0 0 14 0 2 0 0 1 16 0 0 0 0 65 0 3 3 0 0 0 0 0 0 0 0 0 0 0 0 0 0 0 0 0 0 0 0 0 0 0 0 
 2 2 2 2 2 2 9 2 2 2 24 2 5 2 3 31 2 2 2 3 2 62 5 241 14 2 2 2 3 3 3 4 2 2 2 2 2 2 2 2 74 181 187 299 106 166 62 124 64 188 361 75 112 60 84 0 116 64 49 161 0 0 1 1 0 0 0 6 0 1 0 0 0 1 0 0 0 51 0 0 2 1 4 0 0 0 6 0 1 0 0 0 0 1 3 0 0 0 0 0 0 0 0 0 8 15 0 0 0 0 0 0 0 0 0 0 0 0 0 0 0 16 36 27 13 0 0 39 0 10 0 27 1 14 2 29 0 0 19 0 13 3 0 0 0 0 0 0 0 0 0 0 0 15 3 0 0 0 6 0 0 0 0 0 0 0 11 1 3 0 5 0 3 22 1 0 0 1 15 0 0 0 28 0 7 0 0 0 0 0 0 0 0 0 0 0 0 1 0 0 18 1 16 12 0 11 18 1 0 16 28 8 7 0 20 8 19 66 0 12 0 0 0 0 0 0 14 0 0 0 0 0 7 0 0 0 0 0 0 27 0 1 0 0 0 0 0 0 0 0 0 7 0 0 0 0 0 0 0 1 0 0 2 0 1 17 0 35 1 0 0 0 0 0 0 0 0 0 0 0 0 1 0 0 5 0 0 0 0 0 
 0 0 0 0 1 0 0 0 0 0 3 0 0 0 0 0 0 0 0 0 0 0 4 0 2 0 0 0 0 0 0 0 58 0 0 3 0 0 0 0 143 128 418 50 98 139 26 177 171 270 145 56 105 70 42 116 0 79 36 32 0 2 3 3 0 0 0 13 0 42 0 0 0 4 0 50 0 0 0 1 0 0 0 0 0 0 0 0 0 0 0 0 0 0 0 0 0 0 0 0 0 0 0 0 0 1 0 0 0 0 0 0 0 0 0 0 0 0 0 0 2 4 0 29 42 2 0 16 22 15 0 3 0 40 21 39 19 14 0 0 11 0 0 0 0 0 11 0 0 0 12 0 0 0 4 0 0 0 19 0 0 0 0 29 0 0 0 0 0 3 0 0 0 0 0 0 0 0 0 0 0 0 0 0 0 0 1 0 0 0 0 0 0 0 0 0 0 0 0 0 13 8 0 1 0 15 0 10 44 0 14 30 0 0 0 9 13 9 0 0 0 0 0 0 0 0 3 0 0 0 0 0 44 16 0 0 0 0 21 1 0 0 0 0 0 0 0 0 0 0 0 11 0 0 0 0 0 0 0 0 0 0 2 0 33 0 2 6 0 0 0 0 0 0 0 0 0 0 0 0 0 0 0 0 2 10 0 20 0 0 
 3 3 3 3 3 3 3 7 3 3 3 3 3 4 3 3 3 4 3 3 0 0 0 67 112 151 0 0 2 3 0 0 0 0 109 4 0 0 0 1 171 43 35 68 83 65 100 110 33 107 63 74 117 115 169 64 79 0 56 255 0 0 0 0 0 8 0 2 0 0 0 0 0 1 0 50 0 0 0 25 0 0 0 0 0 0 0 0 0 0 0 0 0 0 0 0 0 0 0 0 0 0 0 7 0 12 0 8 0 8 0 0 0 10 0 0 8 7 0 0 9 8 19 6 0 19 0 0 28 21 10 0 16 18 29 19 30 28 0 0 12 7 0 0 0 4 10 0 14 0 0 0 0 0 0 0 0 0 11 9 0 0 0 0 0 0 4 0 0 1 0 2 4 0 0 0 0 0 0 0 0 0 0 40 0 0 4 6 1 0 0 0 0 0 0 0 0 0 0 0 0 10 18 11 0 0 24 7 19 9 0 31 0 0 19 8 39 16 0 0 0 0 0 0 0 0 12 0 0 0 0 0 23 7 0 0 0 11 21 0 0 0 14 0 0 0 0 0 0 0 0 2 0 2 0 0 0 0 0 9 0 0 0 0 41 0 0 2 2 0 0 0 0 0 0 0 0 0 0 0 0 0 0 0 0 0 0 5 0 0 
 0 0 0 0 0 0 0 0 0 0 0 0 0 0 0 0 0 0 0 0 62 61 64 61 37 140 0 62 74 0 62 0 0 0 86 30 0 2 64 0 43 33 251 77 57 51 105 358 82 131 41 55 103 113 124 49 36 56 0 68 12 4 4 1 0 6 4 4 2 0 2 0 0 8 0 11 3 0 0 16 0 0 0 0 0 0 0 0 0 0 0 0 0 0 0 0 0 0 0 0 0 0 7 24 22 0 0 0 3 0 0 3 0 0 14 41 0 0 0 0 9 8 22 0 0 0 23 0 9 9 0 21 30 0 7 19 0 10 12 9 0 14 0 0 14 0 2 1 0 5 1 0 0 30 1 0 1 0 0 0 0 0 0 0 0 0 0 2 1 0 1 0 0 0 10 0 0 0 0 0 0 0 12 0 22 16 0 0 0 0 26 0 0 0 0 0 12 14 0 0 22 7 14 0 0 0 0 29 3 7 0 0 1 10 0 8 0 0 31 20 0 0 9 0 0 0 5 0 0 6 1 0 0 8 0 0 0 0 20 0 0 0 6 0 0 0 0 0 0 0 0 8 0 0 0 0 0 62 0 0 72 0 0 0 0 1 9 0 0 0 0 0 0 0 0 0 0 0 0 8 0 0 0 0 0 1 0 0 0 0 
 0 0 0 0 0 0 0 0 0 0 1 0 0 0 0 0 0 1 0 0 0 3 66 1 0 62 1 0 11 62 62 62 0 0 1 1 1 0 50 0 44 86 32 68 65 35 98 47 155 138 46 28 234 141 68 161 32 255 68 0 5 0 2 0 0 0 0 0 9 0 0 0 5 0 0 0 0 0 1 0 0 0 0 0 0 0 0 0 0 0 0 0 0 0 0 0 0 0 0 0 0 0 0 0 4 11 0 9 1 15 12 8 0 0 0 11 14 0 0 0 0 11 22 15 2 0 0 9 8 0 0 25 0 2 9 18 0 2 0 19 28 0 0 0 0 0 0 16 0 0 0 0 5 45 0 0 0 0 1 4 0 0 0 0 0 2 0 1 0 23 0 0 0 0 6 8 0 0 0 0 0 0 0 1 12 27 0 21 0 0 0 14 0 0 0 0 0 39 0 0 32 10 0 0 0 4 14 10 6 11 19 3 11 24 9 6 0 1 0 23 0 0 0 10 0 0 0 0 3 0 0 0 1 0 0 5 4 2 1 11 0 0 0 0 0 0 0 0 0 0 0 12 0 0 0 0 0 0 1 1 0 11 0 0 1 2 2 0 0 0 0 0 0 0 0 2 0 0 0 0 0 0 5 0 10 0 0 0 2 0 
 0 0 0 0 0 1 0 0 0 0 0 0 0 0 0 0 0 0 48 0 6 3 3 2 2 3 3 3 2 4 2 2 3 41 3 3 3 3 2 5 0 0 0 0 0 0 0 5 0 0 259 0 0 0 0 0 0 0 12 5 0 181 102 84 48 34 232 102 154 67 54 81 142 83 55 42 119 42 185 82 0 0 0 0 0 0 0 0 0 0 0 0 0 0 0 0 0 0 0 0 0 0 0 1 0 0 0 0 0 0 0 0 0 0 0 0 0 0 0 0 0 0 0 0 13 0 0 0 6 0 0 8 0 0 0 0 0 0 2 0 12 0 0 0 0 8 9 24 18 0 0 2 0 8 27 31 6 0 1 28 0 0 0 3 0 0 0 0 0 0 0 0 6 0 0 0 4 0 0 0 0 0 0 0 0 0 0 0 0 0 0 0 0 0 0 0 0 0 0 0 0 0 0 0 0 18 0 0 2 0 0 18 0 0 0 0 0 0 0 0 4 22 23 33 25 11 1 16 27 2 43 10 27 2 23 38 23 47 10 22 0 0 0 0 0 0 0 0 0 0 0 0 0 54 8 0 0 0 0 0 0 0 0 53 0 0 0 0 0 0 21 0 1 0 0 0 0 0 0 0 0 0 29 0 0 1 0 0 0 19 
