 0 514 75 71 167 23 184 269 39 365 118 42 53 152 305 76 123 36 149 136 0 0 0 0 0 0 0 2 1 0 6 1 100 0 2 0 36 0 1 3 0 0 0 0 3 0 2 0 2 4 0 0 0 3 3 0 0 0 0 0 7 4 0 0 0 53 4 0 0 3 0 2 0 0 3 2 0 0 0 3 0 7 0 0 11 0 20 0 0 26 0 77 10 39 17 18 0 27 0 0 0 0 0 0 0 0 0 0 0 0 1 0 9 0 3 0 0 0 22 7 0 0 0 0 0 0 0 0 0 13 0 0 0 0 0 0 1 0 0 0 0 0 0 0 0 23 0 0 0 0 1 0 0 0 1 0 0 0 2 0 24 56 41 41 1 14 0 24 12 12 26 13 22 0 25 15 28 33 0 12 0 0 0 0 0 0 0 0 0 0 0 0 0 0 0 0 0 0 24 4 0 0 0 0 0 0 0 0 0 0 1 0 0 0 0 0 0 0 0 0 0 0 0 0 0 0 0 0 0 0 0 0 0 0 0 0 0 0 0 0 0 13 0 0 1 0 87 0 0 7 2 4 0 0 0 0 0 0 0 0 0 0 0 0 0 0 0 0 0 0 0 0 0 0 0 0 15 0 0 0 0 0 0 0 0 0 0 0 0 0 
 514 0 70 143 68 25 181 84 296 255 39 26 237 47 297 45 41 163 352 399 0 2 0 0 0 2 0 76 0 0 3 0 2 0 2 0 2 2 0 3 2 2 0 0 3 0 5 0 2 0 0 0 0 3 0 0 0 62 0 0 0 1 3 0 0 2 3 0 0 3 0 2 3 0 3 2 0 0 0 3 16 15 0 20 2 6 17 46 95 0 0 15 14 8 27 21 0 16 1 2 0 0 0 0 0 0 0 0 0 0 0 0 0 0 0 0 0 0 9 0 0 0 0 0 0 0 0 0 0 0 0 0 0 0 0 0 0 0 0 0 0 0 0 0 0 0 0 0 0 0 0 1 0 0 0 0 0 0 0 0 16 27 0 14 0 0 18 0 9 0 0 0 12 25 0 42 17 0 22 1 1 0 0 0 0 0 0 0 0 3 9 2 1 0 0 0 0 0 1 0 0 0 0 1 0 0 0 0 0 0 0 0 0 0 0 1 0 0 0 0 0 0 0 0 0 0 6 0 0 0 0 0 0 1 0 11 0 0 0 0 0 10 0 0 0 0 48 2 0 90 14 5 14 0 0 0 0 0 0 0 0 0 0 0 0 0 0 0 0 0 0 0 37 0 0 0 0 0 0 0 0 0 0 0 0 0 0 0 0 0 
 75 70 0 193 273 132 59 194 268 446 160 415 77 32 174 336 161 53 44 51 76 0 0 0 0 5 0 2 0 0 35 0 0 0 2 0 2 0 77 77 0 0 0 0 3 0 3 0 2 0 62 1 0 3 0 0 0 0 0 0 0 0 0 0 0 0 0 0 0 3 1 2 0 0 3 3 2 0 0 1 1 1 55 54 27 18 0 0 0 27 0 39 0 1 1 20 30 58 0 0 0 0 0 0 0 0 1 0 0 0 0 0 44 0 21 0 0 0 34 38 0 0 0 0 0 0 0 0 0 0 0 0 1 0 1 0 0 0 0 0 0 0 0 0 0 0 0 0 0 0 0 8 0 4 12 0 1 0 0 0 0 14 10 1 29 15 0 0 0 0 11 46 0 1 7 21 11 2 0 0 0 0 0 0 0 0 0 2 0 2 0 0 15 0 0 0 0 0 26 0 0 0 0 0 0 0 0 24 0 1 0 0 0 0 0 0 0 0 0 0 0 0 0 0 0 0 1 0 0 0 0 0 0 0 0 0 0 0 0 0 0 0 0 0 0 1 0 2 96 88 0 2 0 0 0 0 0 0 1 0 0 0 12 0 0 0 0 0 0 0 0 0 0 0 0 20 20 0 0 0 0 0 0 0 0 1 0 0 0 2 
 71 143 193 0 143 31 125 82 322 191 341 164 103 308 336 355 255 363 276 290 74 79 0 1 0 0 0 71 0 0 3 0 27 0 2 0 0 0 80 3 0 0 0 0 3 0 3 0 2 0 116 0 0 3 0 0 0 0 0 0 0 0 0 0 0 0 0 0 0 3 0 2 0 0 3 3 0 0 0 41 0 4 30 35 0 30 18 4 25 8 22 9 9 0 31 26 0 35 0 0 0 5 0 24 0 0 9 20 33 0 0 0 14 7 0 0 1 2 2 70 0 0 0 0 0 0 0 0 0 0 0 0 0 0 0 0 0 0 0 0 0 0 0 0 0 0 0 0 0 0 0 0 0 7 0 0 0 0 0 70 0 30 0 11 0 0 2 12 0 0 20 3 1 0 0 37 24 24 1 0 15 2 0 0 0 0 39 0 0 0 0 0 12 2 0 0 0 0 5 0 0 0 0 0 0 0 0 0 0 0 0 0 0 0 0 0 2 0 0 2 0 0 0 0 0 0 0 0 0 0 0 0 0 0 0 0 0 0 0 0 0 13 0 0 0 6 90 0 3 0 2 5 16 0 0 1 0 0 0 0 0 0 0 0 0 0 0 0 0 0 0 0 0 0 0 15 0 0 0 0 0 0 0 0 0 0 0 0 0 0 
 167 68 273 143 0 74 41 46 201 165 490 155 83 277 181 326 230 101 52 197 81 92 0 0 0 0 0 18 0 0 3 0 214 2 2 0 0 0 78 47 0 0 0 0 3 0 2 0 2 0 0 0 0 3 0 0 0 0 0 0 0 0 0 0 0 0 0 52 0 3 31 2 0 0 3 2 44 0 0 3 18 2 0 18 31 54 0 9 12 9 11 19 1 0 0 17 16 0 0 0 0 0 0 0 0 0 0 9 7 0 0 0 42 9 19 0 0 0 13 53 0 0 0 0 0 0 14 0 0 0 0 0 0 0 0 0 0 0 0 0 0 0 0 0 0 1 0 0 0 19 0 0 0 0 0 0 0 0 0 0 0 3 13 1 12 7 0 1 0 15 1 1 0 0 1 16 13 12 0 0 11 13 2 0 0 2 12 14 0 0 0 0 36 0 0 0 0 0 8 0 0 0 0 0 0 0 0 0 0 0 19 0 0 0 0 0 0 0 0 1 0 0 0 0 0 0 0 0 0 1 0 0 0 0 0 0 0 0 0 0 0 0 0 0 0 1 2 0 1 92 0 7 0 0 0 0 0 0 0 0 0 0 0 0 0 0 0 0 0 0 0 0 0 0 0 10 12 0 0 0 0 0 0 0 0 0 0 0 0 0 
 23 25 132 31 74 0 33 19 88 77 137 37 239 41 263 105 158 93 57 53 135 4 108 0 1 3 152 82 61 0 14 0 77 159 116 76 150 75 134 93 0 0 0 0 3 5 2 0 5 0 0 0 0 3 0 0 0 5 0 0 59 1 0 0 0 0 0 0 0 3 0 2 0 0 3 2 0 6 0 3 0 0 2 12 9 0 0 0 0 0 11 0 0 0 16 13 15 16 0 0 27 47 0 0 1 0 9 52 0 0 0 0 20 14 36 12 44 26 0 25 0 0 0 0 0 0 0 0 0 0 0 0 0 0 0 0 0 0 0 0 0 0 0 0 6 0 0 0 0 0 0 0 0 0 0 0 0 1 0 0 0 0 18 0 41 16 10 1 2 0 0 0 0 0 0 2 1 0 0 0 35 0 14 0 0 0 16 34 14 32 0 1 65 15 2 12 11 1 0 35 0 0 0 0 0 0 0 0 0 0 0 0 0 0 0 0 1 0 0 0 0 0 0 0 0 0 0 1 0 0 0 0 0 0 0 0 0 0 5 0 0 0 0 0 0 1 0 0 14 0 1 10 0 0 0 0 0 102 0 0 2 0 0 0 0 0 0 0 0 0 0 0 0 0 0 9 0 0 0 0 0 0 0 0 0 0 0 0 0 0 
 184 181 59 125 41 33 0 77 27 53 46 32 170 46 214 29 23 117 341 392 0 2 0 1 0 0 0 2 0 0 3 0 1 0 2 0 0 0 0 9 0 0 4 0 3 0 3 0 2 0 0 5 0 3 0 0 0 0 0 4 0 0 0 0 0 0 0 4 0 3 0 2 0 0 3 3 7 0 0 1 0 38 9 0 0 0 20 0 0 17 0 64 50 20 30 15 33 0 0 0 0 0 0 0 0 0 0 0 0 0 0 0 0 0 0 0 0 0 11 0 0 0 0 0 0 0 0 0 0 0 12 0 0 0 0 0 0 0 0 0 0 0 0 0 0 12 0 0 0 0 0 0 0 0 0 0 0 0 0 0 14 55 34 47 1 21 0 23 14 25 31 14 38 31 26 19 0 35 10 14 0 0 0 0 0 0 0 0 0 0 0 0 0 0 0 0 0 0 0 0 0 0 0 0 0 0 0 0 0 0 0 0 0 0 0 0 0 0 0 0 0 0 0 0 0 0 0 0 0 0 0 0 0 0 0 0 0 0 0 0 0 12 0 0 0 0 94 0 1 2 26 3 14 0 0 0 0 0 0 0 0 0 0 0 0 0 0 0 0 0 0 0 0 0 0 0 0 0 0 0 0 0 0 0 0 0 0 0 0 0 
 269 84 194 82 46 19 77 0 75 143 128 82 258 217 126 277 27 192 175 44 0 6 30 2 0 2 3 4 3 2 9 0 5 0 4 0 6 0 0 5 4 4 0 2 4 1 5 0 2 3 3 4 1 3 0 0 0 0 2 0 2 9 6 0 3 7 8 0 3 3 0 2 7 5 3 11 0 0 0 3 9 30 29 9 10 21 35 0 11 9 27 10 18 10 27 14 21 20 11 19 0 0 0 0 0 0 0 0 0 0 0 0 0 0 0 0 0 13 12 0 0 0 0 0 0 0 0 0 0 0 0 0 0 0 11 0 0 0 0 0 0 0 0 0 0 0 0 0 0 0 0 0 0 0 0 0 0 0 0 0 29 17 0 0 16 29 0 49 68 0 8 0 7 0 25 8 44 55 26 18 0 0 0 0 0 0 0 0 0 0 0 0 0 0 0 0 0 0 1 14 0 0 0 0 0 0 0 0 0 0 0 0 0 0 0 0 0 0 0 0 0 0 0 0 0 0 0 0 0 0 0 0 6 0 0 0 0 0 0 0 0 0 0 0 0 2 0 0 2 0 1 7 12 0 2 0 0 0 0 1 0 0 0 0 0 0 0 0 0 0 0 0 0 0 0 0 30 0 0 0 0 0 0 0 0 0 0 0 0 0 
 39 296 268 322 201 88 27 75 0 162 52 125 206 214 241 99 306 327 317 196 1 1 0 2 2 0 0 2 0 1 5 1 0 1 3 2 0 0 0 78 0 0 0 0 3 0 3 0 2 0 1 0 0 3 0 0 0 0 0 0 0 0 0 0 0 0 0 0 0 3 0 2 0 0 3 3 0 0 0 0 9 0 10 0 20 0 1 42 15 0 0 1 0 11 11 46 15 1 10 0 0 20 0 0 0 0 0 0 1 0 0 0 0 20 39 0 0 0 6 15 0 0 0 0 2 0 0 0 0 0 0 0 0 1 0 0 0 0 0 0 0 0 0 0 0 0 0 0 0 0 0 51 0 5 0 0 0 0 0 0 17 2 24 0 13 0 0 0 10 14 16 14 0 0 0 0 1 15 1 0 1 0 0 0 0 0 0 0 0 0 0 0 0 2 0 2 0 0 0 0 5 0 0 0 1 0 0 0 0 0 0 0 0 0 0 0 0 0 0 0 0 0 0 0 0 0 0 0 0 0 0 0 0 0 0 0 0 0 0 0 0 0 0 0 0 1 1 0 0 1 14 7 0 1 0 0 0 0 0 0 0 0 0 0 0 0 0 0 0 0 0 0 0 0 0 22 0 0 0 0 0 0 0 0 0 0 0 0 0 0 
 365 255 446 191 165 77 53 143 162 0 209 305 41 399 330 258 280 88 167 73 0 1 0 2 0 0 0 4 1 0 3 206 2 0 2 0 0 1 0 3 0 0 0 0 3 0 3 0 4 0 31 0 0 3 0 0 0 0 2 0 30 0 0 0 0 0 3 0 0 3 0 46 0 0 3 3 0 0 0 0 0 0 15 11 7 28 0 0 0 11 0 15 0 16 18 0 0 41 0 0 0 0 0 0 0 0 0 0 0 0 0 0 20 1 51 0 0 0 49 0 0 0 0 0 0 0 0 0 0 0 0 0 0 0 0 0 0 0 0 0 0 0 0 0 0 0 0 0 0 0 0 0 0 9 0 0 0 0 0 0 10 15 50 0 3 9 0 64 0 14 17 37 0 0 9 14 43 32 0 0 0 0 0 0 0 0 0 0 0 0 0 0 12 0 0 0 0 0 32 4 0 0 0 0 0 0 0 0 0 0 0 0 0 0 0 0 0 0 0 0 0 0 0 0 0 1 0 0 0 0 0 0 0 0 0 0 1 0 0 1 0 0 0 0 0 2 3 3 3 88 0 5 0 0 0 0 0 0 0 0 0 0 15 0 0 0 0 0 0 0 0 0 0 0 0 17 12 0 0 0 0 0 0 0 0 0 0 0 0 0 
 118 39 160 341 490 137 46 128 52 209 0 344 138 229 138 118 298 281 37 287 38 0 0 0 0 0 75 77 0 0 3 0 74 0 2 0 1 0 69 80 0 2 0 0 3 0 2 0 2 0 3 0 0 3 0 0 0 22 0 0 2 0 0 0 0 0 0 0 3 3 0 4 0 0 3 2 0 0 0 7 0 0 19 57 16 39 0 0 9 37 14 2 0 17 9 0 1 19 0 0 2 15 0 0 0 0 7 42 15 0 0 0 29 35 13 0 0 0 29 8 0 2 0 0 0 0 0 0 0 0 0 0 0 0 0 0 0 0 0 0 0 0 0 0 44 0 0 0 0 1 0 1 1 0 0 0 0 0 4 0 28 0 0 0 15 1 0 11 0 2 28 0 0 0 15 14 14 10 0 1 31 10 0 0 0 0 22 0 0 0 0 0 9 7 0 0 0 0 0 2 0 0 0 0 0 0 0 0 0 0 0 0 0 0 0 0 0 0 0 0 0 0 0 0 1 0 0 0 2 0 0 0 0 0 0 0 0 0 0 0 0 0 0 0 0 4 7 0 89 0 0 4 0 0 0 0 0 0 0 0 0 0 0 0 0 0 0 0 0 0 0 0 0 26 0 0 0 12 0 0 0 0 0 0 0 0 0 0 0 0 
 42 26 415 164 155 37 32 82 125 305 344 0 90 27 420 206 261 413 41 41 74 0 0 0 1 0 0 2 0 0 3 0 0 0 2 2 0 0 77 3 0 0 0 0 3 0 2 0 2 0 62 1 0 3 0 0 0 0 0 0 3 0 24 0 0 0 0 0 0 3 9 2 0 0 3 2 2 0 0 9 0 0 31 46 7 42 0 0 4 46 0 83 0 0 7 0 19 62 0 0 0 2 0 0 0 0 0 0 1 0 0 2 28 0 0 0 0 0 18 8 0 0 0 12 2 0 0 0 0 0 0 0 0 0 0 0 0 0 0 0 0 0 0 0 0 0 0 0 0 0 0 5 0 2 0 0 0 0 0 0 0 34 10 0 14 18 0 14 0 0 39 31 0 0 10 34 25 29 1 0 0 0 0 0 0 0 0 0 0 0 0 0 14 0 0 0 0 0 45 1 0 0 0 0 1 2 0 0 0 0 0 0 0 0 0 0 0 0 0 0 0 0 0 0 0 0 0 0 0 0 5 0 0 0 2 0 0 0 0 0 0 0 0 0 0 1 0 1 50 2 0 10 15 0 0 0 0 0 0 0 0 0 16 0 0 0 0 0 0 0 0 0 0 0 0 9 25 0 0 0 0 0 0 0 0 0 0 0 0 0 
 53 237 77 103 83 239 170 258 206 41 138 90 0 169 218 304 133 123 149 332 0 2 0 4 1 1 0 2 0 4 7 3 5 2 2 0 5 0 0 7 3 0 3 0 3 7 3 0 8 0 0 0 0 3 0 69 2 0 0 4 6 3 0 0 0 1 0 0 0 6 0 2 0 0 8 2 0 3 0 5 8 22 11 8 0 0 13 28 45 8 23 0 17 0 82 66 14 24 28 45 0 0 0 0 0 0 0 0 0 0 0 2 0 0 0 0 0 0 0 1 0 0 13 0 2 0 0 0 0 0 0 0 0 0 0 0 0 0 0 0 0 0 0 0 0 0 1 0 0 0 0 20 5 0 0 0 0 0 0 0 0 17 0 19 0 0 22 10 28 0 8 0 10 31 0 10 10 13 2 16 0 0 0 0 0 0 0 32 1 0 0 0 0 10 0 1 0 0 0 0 0 0 0 0 1 1 0 0 0 0 0 0 0 12 0 0 0 0 0 0 0 0 0 0 0 0 0 0 0 0 0 0 0 0 0 0 0 0 0 0 0 14 0 0 0 2 87 0 0 2 0 9 14 0 0 0 0 0 0 0 0 0 0 0 0 0 0 0 0 0 0 0 0 0 0 0 0 0 0 0 0 0 0 0 0 0 0 0 0 0 
 152 47 32 308 277 41 46 217 214 399 229 27 169 0 278 74 115 243 323 87 0 0 0 0 84 0 0 2 0 0 207 0 205 0 2 0 1 0 0 3 0 0 0 0 3 0 2 0 59 0 0 0 0 3 0 0 0 0 0 0 4 0 0 0 0 0 0 38 0 3 0 2 0 0 3 2 0 0 0 3 0 15 0 0 12 0 0 15 15 0 1 0 0 16 20 31 15 24 30 9 0 0 0 2 0 0 0 0 0 1 0 0 0 0 0 0 0 0 13 3 0 0 0 0 0 0 19 0 9 0 10 0 0 0 0 0 0 0 0 0 0 0 0 0 0 0 0 0 0 0 0 0 0 1 0 0 0 0 0 0 30 15 31 1 2 1 0 31 0 1 14 15 0 12 13 0 24 17 16 7 0 0 0 0 0 0 0 0 0 0 0 0 0 11 0 0 0 0 7 11 0 0 0 38 0 0 0 0 0 0 0 0 0 0 0 0 0 0 0 0 0 1 0 2 0 0 0 0 0 0 0 0 0 0 0 0 0 0 0 0 0 0 0 0 0 3 0 0 0 1 0 10 0 0 0 0 0 0 0 0 0 0 0 0 0 0 0 0 0 0 0 0 0 0 0 0 0 0 0 0 0 0 0 0 0 0 0 0 0 0 
 305 297 174 336 181 263 214 126 241 330 138 420 218 278 0 82 210 247 306 194 0 2 0 0 0 0 3 2 0 0 3 0 1 0 13 0 81 2 1 9 0 0 0 0 3 0 5 0 2 1 63 3 0 6 0 0 68 0 0 0 8 0 3 3 1 66 0 0 0 3 6 2 0 0 7 4 4 5 0 9 0 11 11 30 9 33 50 36 51 28 0 14 5 45 45 8 0 38 0 1 0 0 0 0 0 0 0 0 0 0 0 0 10 0 0 0 0 0 19 0 0 0 0 0 0 0 0 0 0 0 0 0 0 0 0 0 0 0 0 0 0 0 0 0 0 0 0 0 0 0 0 0 0 0 0 0 20 0 0 0 33 1 0 19 1 0 18 7 16 17 19 31 0 17 14 30 28 16 0 0 0 0 0 0 0 0 2 0 0 0 0 0 16 2 0 0 0 0 20 0 0 0 0 0 0 0 0 8 0 0 1 0 0 0 0 0 2 0 0 0 0 0 0 0 0 0 0 2 0 0 0 0 0 0 0 0 0 0 0 0 0 9 0 0 0 2 5 1 2 94 13 5 0 0 0 0 0 0 0 0 0 9 0 0 0 0 0 0 0 0 0 0 0 0 0 0 11 0 0 0 0 0 0 0 0 0 0 0 0 0 
 76 45 336 355 326 105 29 277 99 258 118 206 304 74 82 0 344 175 343 322 73 0 0 0 0 0 3 2 206 0 3 0 77 0 2 0 0 0 23 8 0 0 0 0 3 0 6 2 2 0 0 0 0 6 0 1 0 0 0 0 4 0 0 0 0 0 0 0 0 3 0 2 0 0 8 3 2 2 0 3 0 12 30 8 21 23 17 0 0 10 11 37 11 16 20 45 16 83 0 3 15 11 0 0 0 0 0 0 0 0 0 0 0 15 16 0 0 0 47 25 0 0 2 0 0 0 0 0 0 0 0 0 0 0 0 0 0 0 0 0 0 0 0 0 0 0 0 0 0 0 0 0 0 0 0 0 0 0 0 0 15 37 41 7 16 0 0 0 11 1 24 33 8 1 0 0 0 14 0 11 1 0 0 0 0 0 0 0 0 0 0 0 1 0 0 0 0 0 0 46 0 0 0 0 0 0 0 0 0 0 0 0 0 0 0 0 0 0 0 0 0 6 2 0 0 0 0 0 4 0 0 0 0 0 0 0 0 0 0 0 0 0 0 0 0 5 0 1 0 3 0 1 0 0 0 0 0 0 0 0 0 0 2 0 0 0 0 0 0 0 0 0 0 0 0 10 0 0 0 0 0 0 0 0 0 0 0 0 0 0 
 123 41 161 255 230 158 23 27 306 280 298 261 133 115 210 344 0 309 549 108 0 0 0 0 0 2 0 2 0 0 3 2 0 0 3 0 0 0 126 7 0 4 0 0 3 0 3 0 2 0 1 23 0 3 0 0 0 0 0 0 1 0 0 0 0 6 0 0 0 4 0 2 0 0 4 2 0 0 3 3 6 0 24 21 29 24 0 12 0 19 0 14 0 33 11 5 0 24 0 0 0 0 16 0 0 0 1 13 7 0 0 0 11 2 14 0 0 0 34 24 23 0 0 0 0 0 0 0 0 0 0 0 0 0 0 0 0 0 0 0 0 0 0 0 0 1 0 0 0 0 0 6 0 0 0 0 0 0 0 0 31 0 15 0 14 0 0 0 29 17 10 27 0 0 15 0 0 11 0 0 10 0 18 0 0 0 7 0 0 16 0 0 0 16 0 0 0 0 18 0 0 0 0 0 0 0 0 0 0 0 0 0 0 0 0 0 0 0 0 0 0 11 0 0 0 0 0 0 0 0 0 0 0 0 0 0 0 0 0 0 0 0 0 0 0 1 84 0 1 3 14 9 0 0 0 1 0 0 0 0 0 0 25 0 0 0 0 0 0 0 0 0 0 0 0 3 14 17 0 0 0 0 0 0 0 0 0 0 0 0 
 36 163 53 363 101 93 117 192 327 88 281 413 123 243 247 175 309 0 441 61 0 1 0 0 0 0 1 2 0 0 3 0 0 0 2 0 1 0 74 27 0 2 0 3 3 3 8 0 2 0 1 0 0 3 3 0 0 0 0 0 1 0 0 0 0 1 0 33 0 3 0 2 0 0 3 3 0 3 0 8 1 0 12 32 27 0 0 22 27 38 1 15 0 2 10 16 0 22 0 0 0 0 0 2 0 0 0 11 10 0 0 0 10 26 0 0 0 0 23 0 0 14 0 0 0 0 2 0 5 1 0 0 0 0 0 0 0 0 0 0 0 0 0 0 1 0 0 0 0 0 0 2 0 1 0 0 0 0 0 0 0 39 14 14 36 0 0 0 0 14 44 13 17 0 0 6 1 14 29 1 13 0 0 0 0 0 12 0 0 0 0 0 10 1 0 0 0 0 1 3 0 0 0 0 0 0 0 0 0 0 0 0 0 0 0 0 0 0 0 0 0 0 0 2 0 0 0 0 0 0 0 0 0 0 0 0 0 0 0 0 0 0 0 0 0 3 88 0 0 3 1 5 11 0 0 0 0 0 0 0 0 0 0 0 0 0 0 0 0 0 0 0 0 0 0 0 0 11 0 0 0 0 0 0 0 0 0 0 0 0 
 149 352 44 276 52 57 341 175 317 167 37 41 149 323 306 343 549 441 0 135 0 62 0 2 0 0 0 2 0 2 3 0 2 0 2 0 2 3 0 3 0 0 0 0 3 0 3 0 2 0 0 0 0 3 0 60 0 0 0 0 0 0 2 0 0 0 0 0 0 3 0 2 82 0 46 2 0 0 0 2 6 0 15 0 0 0 24 28 0 32 22 15 12 23 32 0 10 0 19 1 0 0 0 0 0 0 0 2 0 0 0 0 0 0 0 0 0 0 0 0 0 0 0 0 0 0 0 0 0 0 0 0 0 0 0 15 0 0 0 0 0 21 0 0 0 3 0 0 14 0 0 0 0 0 0 0 0 2 0 0 27 1 15 10 1 1 0 0 33 19 0 1 17 0 21 0 0 10 19 52 0 0 0 0 0 0 0 0 0 0 0 0 2 0 16 0 0 0 0 0 0 0 0 0 0 0 0 0 1 0 0 0 2 0 0 0 0 0 0 0 2 0 0 19 0 0 0 0 0 0 1 0 0 0 4 0 0 0 0 0 0 0 0 0 0 2 1 0 2 2 11 17 0 0 0 0 0 0 0 0 0 0 0 0 0 0 0 0 0 0 0 0 0 0 0 0 0 0 0 0 0 0 0 0 0 0 0 0 0 0 
 136 399 51 290 197 53 392 44 196 73 287 41 332 87 194 322 108 61 135 0 75 58 0 0 0 0 0 2 0 0 3 0 1 0 2 0 2 0 1 3 0 0 0 0 3 0 1 0 2 0 0 0 0 2 0 69 0 5 0 67 0 0 0 0 0 0 0 0 0 3 0 2 0 0 3 2 0 0 0 3 35 9 0 0 0 10 47 34 21 1 0 12 53 15 7 19 1 2 26 18 0 0 0 1 0 0 0 0 0 0 0 0 0 0 0 0 0 0 1 0 0 0 0 0 0 1 0 0 0 2 0 0 0 0 0 0 0 0 0 0 0 0 0 0 0 3 0 0 0 0 0 0 0 2 0 0 0 0 13 0 20 11 7 54 0 44 31 15 28 27 8 1 24 21 15 18 0 2 14 0 0 0 0 0 0 0 0 0 0 0 0 0 0 0 0 0 0 0 0 0 0 0 0 0 0 0 0 0 0 0 0 0 1 0 0 0 0 0 0 0 0 2 0 2 0 0 0 0 0 0 0 0 0 0 0 0 0 0 0 0 0 26 0 0 0 0 87 2 0 2 10 5 2 0 0 0 2 0 0 0 1 0 0 0 2 0 0 0 0 0 0 0 0 0 0 0 19 0 0 0 0 0 0 0 0 0 0 0 0 0 
 0 0 76 74 81 135 0 0 1 0 38 74 0 0 0 73 0 0 0 75 0 84 79 141 41 41 147 249 122 42 27 21 41 156 100 327 97 28 113 81 0 0 0 3 0 3 3 63 0 0 0 0 0 0 3 0 3 37 0 1 0 3 0 0 0 0 0 0 0 0 3 0 0 0 0 0 0 0 0 0 0 0 0 8 10 13 0 0 0 19 24 0 0 0 0 11 12 1 0 0 12 0 12 1 9 0 52 43 30 0 16 9 11 0 18 0 33 14 0 14 0 0 0 0 0 0 1 9 0 0 0 0 0 0 0 0 0 0 0 0 0 0 0 0 0 0 0 0 0 0 0 0 0 0 0 0 0 0 0 1 0 0 3 0 24 17 2 0 1 13 0 19 0 0 0 14 0 0 16 0 32 19 9 1 10 25 20 10 14 11 0 0 20 11 11 0 10 2 0 9 0 0 0 0 0 0 0 0 0 0 0 0 0 0 0 0 0 0 11 0 0 0 0 0 0 0 0 0 0 0 0 0 0 0 0 0 0 0 0 0 0 0 0 0 0 0 0 0 75 27 0 0 0 0 0 2 0 0 0 0 2 24 0 0 0 0 0 0 0 0 0 0 0 0 0 8 0 0 0 0 0 0 0 0 0 0 0 0 0 0 
 0 2 0 79 92 4 2 6 1 1 0 0 2 0 2 0 0 1 62 58 84 0 312 116 52 55 172 337 89 69 131 292 202 135 89 35 37 27 37 181 0 0 4 3 0 7 3 0 0 206 0 0 0 1 3 44 5 2 64 65 0 3 0 0 0 10 0 0 0 0 0 0 0 0 0 0 0 0 0 0 0 2 2 10 1 2 0 0 0 0 6 0 0 0 0 0 0 0 0 0 13 10 10 0 1 6 0 22 17 28 10 40 0 15 10 8 0 16 0 22 0 0 0 0 0 0 15 9 0 0 0 0 0 14 10 0 0 0 0 11 0 0 0 0 1 0 0 0 0 0 0 0 0 9 5 6 0 0 2 0 0 0 0 0 0 0 0 0 0 0 11 0 0 0 1 0 0 0 0 0 18 21 17 54 30 19 3 1 13 2 7 0 0 0 18 22 18 10 0 0 0 0 0 0 0 0 0 0 12 1 0 0 33 2 0 0 0 0 10 16 0 0 0 0 0 0 0 0 0 0 0 0 0 7 0 0 0 0 0 0 0 0 12 0 0 0 0 0 0 0 0 0 0 0 2 2 0 0 41 0 2 18 0 0 0 0 12 0 0 0 0 0 0 0 0 0 0 0 0 0 0 8 0 0 0 0 7 0 0 0 
 0 0 0 0 0 108 0 30 0 0 0 0 0 0 0 0 0 0 0 0 79 312 0 632 57 42 188 80 133 55 52 50 112 132 163 204 145 128 121 238 0 24 0 6 3 3 3 0 0 23 1 0 1 4 3 208 3 0 46 22 0 6 0 0 1 3 0 0 0 0 0 0 0 3 0 0 0 0 0 1 2 17 0 0 0 0 0 0 2 0 0 0 0 0 0 0 0 0 0 0 74 21 0 19 51 12 50 0 0 12 0 34 0 17 22 10 29 0 0 1 0 0 0 2 0 0 3 19 0 0 0 0 0 0 0 0 0 0 41 17 0 0 1 0 8 0 0 0 0 0 0 0 0 0 0 0 0 0 0 0 0 0 0 0 22 0 0 0 0 0 0 0 0 0 0 0 0 6 0 0 0 0 0 0 17 2 0 21 0 8 10 1 0 0 4 14 11 30 0 24 0 0 0 0 0 0 0 1 0 0 0 0 40 14 1 0 0 20 10 2 7 1 0 0 0 0 0 0 0 0 0 0 0 0 0 0 1 0 0 0 0 0 0 0 0 77 0 0 0 0 0 0 0 0 7 0 1 1 152 2 0 0 0 0 0 0 0 0 0 0 0 0 0 0 0 0 0 0 0 0 0 9 0 0 0 1 0 0 0 0 
 0 0 0 1 0 0 1 2 2 2 0 0 4 0 0 0 0 0 2 0 141 116 632 0 332 55 125 309 373 114 92 369 144 382 147 193 493 150 88 131 1 0 66 3 5 69 5 0 4 0 2 0 0 67 3 0 5 0 62 6 0 4 0 0 1 2 0 0 0 0 0 5 0 0 2 0 0 2 0 0 0 0 0 2 0 0 0 0 0 0 0 0 0 0 0 0 1 0 0 0 34 24 8 34 34 9 1 1 13 37 33 56 0 1 0 8 19 0 0 0 2 0 0 0 0 0 32 1 0 13 0 0 0 0 10 0 0 0 40 6 0 0 0 0 0 0 0 0 0 0 0 0 0 0 0 0 0 0 0 0 0 0 0 0 0 0 0 0 0 0 0 1 0 0 0 0 0 5 0 0 12 9 1 2 55 0 0 9 0 11 24 0 0 9 21 24 33 45 0 0 0 0 0 0 0 2 0 15 0 0 0 0 38 1 28 9 0 0 8 15 0 0 0 0 0 0 0 0 0 2 0 0 0 0 0 0 0 0 0 0 0 0 12 0 0 0 0 0 0 0 0 0 0 0 8 2 2 1 50 3 2 0 0 0 0 0 0 0 0 0 0 0 0 0 0 0 0 0 0 0 0 8 0 0 0 0 0 0 0 0 
 0 0 0 0 0 1 0 0 2 0 0 1 1 84 0 0 0 0 0 0 41 52 57 332 0 239 49 275 128 182 193 501 94 158 158 54 63 192 299 74 47 0 0 3 0 3 3 62 0 0 0 0 62 44 50 0 3 0 1 0 0 3 0 0 0 9 0 0 0 0 0 0 0 3 0 0 0 0 0 0 0 0 0 0 0 0 0 0 0 0 0 0 0 0 0 0 0 0 0 0 0 0 0 0 14 47 0 0 0 0 12 0 0 0 0 24 0 17 0 0 32 0 12 0 0 0 11 20 1 7 0 0 11 25 8 37 9 0 87 88 0 0 0 0 0 0 0 0 0 0 0 0 0 0 0 0 0 0 0 0 0 0 0 1 0 0 0 0 0 0 0 0 0 0 0 0 0 0 5 0 0 0 10 46 46 20 0 18 15 1 13 86 0 0 6 0 0 6 0 0 15 0 0 0 0 0 11 21 13 0 0 0 11 51 13 11 27 27 1 25 1 0 0 0 0 0 0 19 0 0 0 2 0 0 0 0 0 0 0 0 0 0 11 0 0 0 0 0 0 0 0 0 0 0 2 0 0 76 2 0 15 0 0 0 0 0 0 0 0 0 0 0 0 0 0 0 0 2 0 0 0 0 0 0 0 5 0 0 0 0 
 0 2 5 0 0 3 0 2 0 0 0 0 1 0 0 0 2 0 0 0 41 55 42 55 239 0 50 317 114 130 415 94 54 110 71 130 78 276 261 138 73 3 0 3 0 3 77 0 68 0 0 0 123 122 56 0 3 94 105 123 0 3 0 0 0 0 5 0 0 0 0 0 0 0 4 0 0 0 3 0 0 16 0 0 1 0 0 0 0 0 0 0 0 0 0 0 0 0 0 0 0 0 14 0 17 0 1 0 0 9 41 26 0 0 0 21 0 16 0 0 5 0 0 20 0 0 28 23 24 3 2 0 16 18 1 6 1 0 42 2 0 0 0 0 0 0 0 0 0 0 0 0 2 0 5 6 0 0 1 0 0 1 0 0 0 0 0 0 0 0 0 0 0 0 0 0 0 0 5 0 2 9 53 18 23 33 0 23 39 0 5 10 0 20 19 11 0 0 0 10 1 14 0 12 0 0 1 11 0 1 19 0 41 20 17 0 2 1 21 19 0 0 0 0 0 0 0 0 0 0 0 0 0 0 0 0 0 0 0 0 0 0 8 0 0 1 0 0 0 0 0 0 0 0 2 0 1 87 1 2 5 18 0 0 0 0 0 0 0 0 0 0 0 0 0 0 0 0 0 0 0 0 0 0 0 0 0 0 0 2 
 0 0 0 0 0 152 0 3 0 0 75 0 0 0 3 3 0 1 0 0 147 172 188 125 49 50 0 167 156 126 30 42 126 123 59 132 68 35 228 59 0 6 0 6 3 3 3 0 0 203 1 62 0 3 3 0 3 0 0 2 44 3 0 1 2 0 0 0 0 0 18 2 0 0 0 0 6 3 0 0 0 0 0 0 21 11 0 0 0 0 17 0 0 0 0 0 0 0 0 0 16 0 13 1 0 0 21 29 35 0 0 0 17 12 1 19 7 10 0 13 13 0 1 20 0 0 0 0 0 2 0 0 0 0 0 0 0 0 0 0 0 0 0 0 7 0 0 0 0 0 0 10 0 0 0 0 0 0 0 0 0 0 5 0 22 0 35 0 7 10 0 0 0 0 0 2 0 0 0 0 24 13 11 0 0 21 20 12 0 13 31 0 33 13 0 10 0 0 0 38 0 0 0 0 0 0 0 0 0 0 0 0 0 0 0 0 0 0 1 0 1 0 0 0 0 0 0 0 0 0 0 2 0 0 0 0 0 0 0 0 0 0 0 0 0 0 74 0 0 2 0 0 0 0 0 2 0 0 0 2 0 2 0 0 0 0 0 0 0 0 0 0 0 0 0 0 0 36 0 0 0 0 0 0 2 0 0 0 0 0 
 2 76 2 71 18 82 2 4 2 4 77 2 2 2 2 2 2 2 2 2 249 337 80 309 275 317 167 0 570 149 48 127 333 268 136 180 124 112 360 44 0 0 0 3 0 3 3 0 0 0 0 0 0 1 3 0 3 29 0 62 0 3 0 0 0 0 0 0 0 0 0 0 0 5 0 0 0 1 0 0 0 0 0 24 0 13 0 0 0 0 24 0 0 0 0 1 0 0 0 0 12 0 24 0 0 7 23 35 7 14 0 29 13 7 18 20 0 8 0 24 0 0 0 0 0 0 14 0 0 0 0 0 0 2 0 0 0 0 0 0 0 0 5 0 1 0 0 0 0 0 0 0 0 0 2 0 11 0 0 0 0 0 4 0 27 31 1 0 2 0 0 0 0 0 0 1 0 0 3 0 12 11 9 22 0 15 35 10 10 0 21 0 18 18 10 1 0 7 0 9 0 0 2 0 0 0 0 0 0 0 0 0 0 1 0 0 0 0 9 0 0 0 0 1 0 0 0 0 0 0 0 0 0 0 0 1 0 1 0 0 0 0 0 0 0 0 0 0 1 0 0 0 0 0 0 0 2 0 0 0 14 12 0 0 0 0 12 0 0 0 0 0 0 0 0 0 0 0 0 0 0 0 0 0 0 0 10 0 0 0 
 1 0 0 0 0 61 0 3 0 1 0 0 0 0 0 206 0 0 0 0 122 89 133 373 128 114 156 570 0 171 126 164 149 249 188 153 665 30 334 73 0 0 0 3 1 3 3 1 0 0 0 0 0 0 3 1 3 12 70 19 0 3 0 0 0 0 0 0 0 0 0 0 0 0 0 0 0 0 0 0 0 0 0 0 0 0 0 0 0 0 0 0 0 0 0 2 0 0 0 0 26 0 1 46 0 17 7 11 0 18 9 27 0 0 0 4 22 23 0 12 0 0 0 0 0 0 9 17 0 0 0 0 0 48 0 6 0 0 2 12 0 0 0 0 0 0 0 0 0 0 0 0 0 0 3 23 0 0 0 0 0 0 3 0 16 13 5 0 6 0 0 0 10 20 0 0 0 0 0 0 30 0 11 11 15 42 19 15 12 12 1 0 7 2 0 9 35 10 1 11 0 0 1 0 0 0 0 0 0 0 0 0 0 6 0 0 0 0 6 0 0 0 0 2 0 0 0 0 0 0 0 0 0 0 0 1 0 2 0 0 0 0 0 0 0 0 0 0 0 0 0 0 0 0 5 0 4 2 0 0 2 16 0 0 0 0 0 0 0 0 0 0 0 0 0 0 0 0 0 0 0 0 0 0 0 24 0 0 0 0 
 0 0 0 0 0 0 0 2 1 0 0 0 4 0 0 0 0 0 2 0 42 69 55 114 182 130 126 149 171 0 273 154 223 99 474 57 122 174 93 87 0 0 0 3 0 3 3 0 0 0 0 0 0 0 3 0 3 0 69 71 0 3 0 0 0 0 0 0 0 0 0 0 0 0 0 0 2 0 0 0 0 0 0 0 0 10 2 0 0 0 0 0 0 0 0 0 0 0 0 0 12 0 18 1 20 10 7 54 0 1 15 35 15 22 0 1 2 14 1 0 10 0 0 0 0 0 21 14 0 1 0 0 0 17 0 1 0 0 14 20 0 0 0 0 0 0 0 0 0 0 0 0 0 0 8 6 0 0 0 0 0 0 10 0 0 0 8 0 2 0 0 0 0 0 0 0 0 0 23 0 1 0 24 59 11 29 11 0 39 0 21 15 9 37 1 2 0 7 60 41 0 0 0 1 2 0 1 2 18 0 1 0 0 22 0 0 2 0 20 1 0 0 0 0 0 0 0 0 0 1 0 0 0 0 0 0 0 0 0 0 0 0 14 0 0 0 0 0 0 0 0 0 0 0 7 0 0 2 0 0 22 18 0 0 0 0 0 0 0 0 0 0 0 0 0 0 0 0 0 0 0 0 0 0 0 30 0 0 0 0 
 6 3 35 3 3 14 3 9 5 3 3 3 7 207 3 3 3 3 3 3 27 131 52 92 193 415 30 48 126 273 0 228 254 308 282 64 567 119 60 148 0 0 0 3 0 20 3 63 0 0 0 0 69 0 3 63 3 0 54 62 17 3 0 0 0 2 0 0 0 0 0 0 0 0 0 0 1 0 0 0 0 0 0 0 0 0 0 0 1 0 1 0 0 0 0 0 0 0 0 0 1 7 2 16 0 9 9 15 13 9 19 0 8 11 0 21 1 9 0 0 0 0 0 0 0 0 14 20 0 0 0 0 30 33 0 10 0 0 0 9 0 0 0 0 0 0 0 0 0 0 0 0 0 0 9 5 0 0 0 0 0 2 0 0 0 0 0 28 0 1 0 0 0 0 0 0 0 0 4 0 9 24 55 26 34 7 4 29 45 11 0 5 0 20 18 9 18 23 6 0 0 0 0 0 0 0 5 0 0 0 0 0 5 0 0 0 0 0 7 1 0 0 0 0 0 0 0 0 0 0 0 0 0 0 0 0 0 0 0 0 0 0 26 0 0 0 0 0 2 0 0 0 0 0 2 1 3 41 3 0 2 1 0 0 0 0 0 0 0 0 0 0 0 0 0 0 0 0 0 0 0 9 0 0 0 0 0 0 0 0 
 1 0 0 0 0 0 0 0 1 206 0 0 3 0 0 0 2 0 0 0 21 292 50 369 501 94 42 127 164 154 228 0 39 253 45 123 95 91 250 79 63 0 0 3 0 3 3 0 0 0 0 0 0 0 3 1 3 0 63 60 0 3 0 0 0 3 0 0 0 0 0 0 0 0 0 0 0 1 0 0 0 0 0 0 0 0 12 0 0 0 0 0 0 0 0 0 0 0 0 1 0 0 13 0 10 39 0 0 0 1 13 42 0 2 13 0 0 21 0 0 0 11 2 0 0 0 68 3 0 9 11 0 0 33 9 20 0 0 36 24 1 0 0 0 0 0 0 0 0 0 0 0 0 0 9 6 0 0 0 0 0 0 0 0 0 0 0 0 0 0 1 0 0 0 0 0 0 10 0 0 0 0 0 42 22 47 0 0 13 16 13 11 0 2 1 24 0 0 0 0 0 0 0 12 0 0 13 24 6 24 0 0 0 32 7 2 16 16 9 14 0 0 0 0 0 1 0 0 0 0 0 0 0 1 0 0 0 0 0 0 0 0 0 0 0 0 0 0 0 0 0 0 0 0 0 0 2 81 78 0 6 18 0 0 0 0 0 0 0 0 0 0 0 0 0 0 0 0 0 0 0 0 0 0 0 21 13 0 0 0 
 100 2 0 27 214 77 1 5 0 2 74 0 5 205 1 77 0 0 2 1 41 202 112 144 94 54 126 333 149 223 254 39 0 145 52 254 480 112 268 54 0 1 0 3 0 4 6 0 0 0 0 0 0 3 3 0 4 0 0 0 0 3 0 0 0 0 3 0 0 0 0 0 0 0 2 1 2 3 0 0 0 0 20 18 2 0 0 0 0 0 8 0 0 0 0 0 0 9 0 0 7 16 0 55 2 0 51 12 14 12 10 8 3 21 1 10 10 7 1 32 0 0 0 0 10 0 0 0 0 0 0 0 0 0 0 0 0 0 0 0 0 0 0 0 1 0 0 0 0 0 0 0 0 13 0 0 0 0 2 0 0 0 0 0 1 1 0 0 0 0 0 0 0 12 0 0 0 13 0 0 11 0 39 0 11 0 32 20 20 0 0 0 0 18 11 8 25 16 6 0 0 0 0 0 0 0 0 9 0 0 0 0 21 0 0 0 0 0 0 0 0 0 0 1 0 0 0 0 3 0 0 0 0 0 0 0 0 0 0 0 0 0 1 0 0 0 0 0 0 0 0 0 0 0 0 1 2 0 75 2 1 1 0 0 0 0 0 0 0 0 0 0 0 0 0 0 0 0 0 0 0 8 0 0 0 0 0 0 0 1 
 0 0 0 0 2 159 0 0 1 0 0 0 2 0 0 0 0 0 0 0 156 135 132 382 158 110 123 268 249 99 308 253 145 0 299 138 271 154 241 452 99 0 0 3 0 4 3 0 0 0 0 0 0 0 3 0 3 4 0 0 0 3 0 0 0 0 0 0 0 0 0 1 0 0 0 0 0 0 0 0 20 0 0 0 0 0 0 0 0 0 32 0 0 0 0 0 10 0 0 0 22 13 0 21 1 8 23 0 9 20 14 10 10 15 18 21 12 9 0 108 0 0 0 0 0 0 0 7 0 0 0 0 13 0 1 0 0 0 0 1 14 0 0 0 17 0 0 0 0 0 0 0 0 0 0 0 0 0 0 0 0 0 0 0 18 15 2 0 0 0 0 0 0 0 0 0 0 0 3 0 28 7 27 0 15 0 42 97 13 8 2 11 0 1 23 35 1 1 0 13 13 0 0 0 0 0 0 0 0 0 0 0 11 7 15 0 0 0 0 0 0 0 0 0 0 0 0 1 0 0 0 18 0 0 0 0 0 0 0 0 0 0 1 0 0 0 0 0 0 0 0 0 0 0 7 0 0 74 0 2 3 0 0 0 0 0 10 0 0 0 0 0 0 0 0 0 0 0 0 0 0 0 0 0 0 0 0 0 0 0 
 2 2 2 2 2 116 2 4 3 2 2 2 2 2 13 2 3 2 2 2 100 89 163 147 158 71 59 136 188 474 282 45 52 299 0 319 124 178 187 401 0 1 0 3 27 9 3 1 6 0 0 0 43 0 3 1 3 4 37 0 6 3 0 0 0 0 0 0 0 2 5 0 2 0 0 0 0 0 0 0 1 0 0 1 8 17 0 0 1 0 55 0 0 0 0 0 0 0 0 0 5 42 12 1 20 0 22 10 21 10 1 0 27 0 28 47 76 0 1 41 20 0 0 1 0 0 6 0 0 0 0 0 11 0 0 0 0 0 34 2 0 0 2 15 4 0 0 0 0 0 0 0 0 0 0 0 0 0 0 0 0 0 1 0 18 13 0 0 8 16 0 0 0 0 0 0 0 0 4 0 12 42 21 11 0 1 13 65 12 17 18 0 19 46 12 12 0 25 0 32 0 0 0 0 0 0 0 0 2 0 0 0 0 0 0 0 0 0 10 0 0 2 0 0 0 0 0 0 0 19 0 0 0 0 0 0 2 0 0 0 0 0 0 0 0 0 0 0 0 0 0 1 0 0 4 0 2 75 0 0 10 0 0 0 0 0 2 0 0 0 0 0 0 0 0 0 0 0 0 0 0 0 0 0 0 2 0 12 0 0 
 0 0 0 0 0 76 0 0 2 0 0 2 0 0 0 0 0 0 0 0 327 35 204 193 54 130 132 180 153 57 64 123 254 138 319 0 263 194 131 50 0 0 3 6 0 6 19 0 0 2 1 2 0 1 3 0 3 6 68 0 0 6 3 0 4 0 0 1 0 1 0 0 0 1 0 0 0 0 0 3 0 0 0 0 0 0 0 0 0 0 0 0 0 1 0 0 0 0 0 0 39 57 0 38 23 26 31 10 0 24 32 24 0 13 21 39 31 0 0 3 0 0 0 0 0 0 11 10 0 1 0 0 0 2 1 0 0 0 35 0 0 0 0 0 8 2 0 0 0 0 23 0 0 0 0 0 0 11 0 0 0 0 0 0 37 14 0 0 0 0 0 0 0 0 0 0 17 0 0 0 10 10 11 0 18 0 14 25 0 11 1 1 0 9 10 45 0 57 0 18 0 0 0 0 0 10 0 0 0 0 0 0 1 32 2 0 0 0 6 0 0 0 0 0 0 0 0 0 2 0 0 0 0 0 0 0 0 0 0 0 0 0 3 0 0 0 0 0 0 0 0 25 0 0 12 2 2 1 2 0 1 0 0 0 0 0 12 0 0 0 0 0 0 0 0 0 0 0 0 0 0 0 0 0 0 0 0 0 0 0 
 36 2 2 0 0 150 0 6 0 0 1 0 5 1 81 0 0 1 2 2 97 37 145 493 63 78 68 124 665 122 567 95 480 271 124 263 0 79 316 125 0 0 0 3 3 3 6 0 2 0 0 0 0 3 3 0 3 1 0 0 0 3 12 0 0 36 0 0 0 0 0 1 0 0 2 0 0 0 0 0 0 0 0 0 0 0 0 0 0 0 0 0 0 0 0 0 0 2 0 0 64 27 36 64 0 8 33 12 0 26 23 17 4 0 44 25 1 0 0 16 0 0 0 0 0 0 0 0 0 0 0 0 0 11 0 0 0 2 0 0 0 0 0 0 0 0 0 2 0 0 0 0 0 0 9 0 0 0 0 0 0 14 7 0 12 24 3 0 4 0 0 0 0 0 0 0 2 0 0 0 20 14 9 0 2 0 0 42 19 24 19 12 33 21 27 33 32 21 0 9 0 0 0 0 0 0 0 0 0 0 0 0 0 0 0 0 0 2 0 0 0 0 0 0 0 0 0 0 0 0 4 0 0 0 0 0 0 0 0 0 0 0 0 0 0 2 0 0 0 0 0 0 0 2 7 0 1 38 0 2 1 0 0 0 0 0 0 0 0 0 0 0 0 0 0 0 0 0 0 22 0 0 0 0 0 0 0 0 0 0 
 0 2 0 0 0 75 0 0 0 1 0 0 0 0 2 0 0 0 3 0 28 27 128 150 192 276 35 112 30 174 119 91 112 154 178 194 79 0 107 188 0 0 0 3 0 3 3 0 0 0 0 0 0 0 3 0 3 0 63 6 0 3 0 0 0 0 0 0 0 0 0 0 0 0 0 0 0 0 0 0 0 0 0 0 0 22 0 0 0 0 0 0 0 0 0 2 0 0 0 0 29 34 53 30 27 0 4 17 1 9 51 0 27 5 8 13 12 17 0 13 4 26 0 0 0 0 12 0 0 0 0 0 25 0 0 0 0 0 33 0 0 0 0 0 0 0 0 0 0 0 0 0 0 0 16 0 0 0 0 0 0 0 1 0 1 0 0 0 2 0 0 0 0 0 0 0 0 0 7 0 1 7 33 23 0 5 9 15 33 20 32 1 0 41 12 3 0 52 9 11 0 0 1 0 0 0 2 1 0 0 0 0 0 16 0 0 0 0 8 0 0 0 0 2 0 0 0 0 0 0 0 0 0 0 0 0 0 2 0 0 0 0 3 0 0 0 0 0 0 0 0 0 0 1 5 0 1 0 2 0 10 3 0 0 0 0 0 0 0 0 0 14 0 0 0 0 0 1 0 0 0 0 0 0 1 0 0 0 0 0 
 1 0 77 80 78 134 0 0 0 0 69 77 0 0 1 23 126 74 0 1 113 37 121 88 299 261 228 360 334 93 60 250 268 241 187 131 316 107 0 361 0 0 0 3 0 3 3 0 0 0 0 0 0 1 3 0 3 9 0 0 0 3 0 0 0 1 0 0 0 0 4 0 0 0 0 0 0 0 0 0 0 0 10 11 11 12 0 0 0 25 25 0 0 0 0 4 1 13 0 0 3 31 0 2 1 0 8 14 9 0 0 0 11 43 25 26 7 8 29 17 0 2 0 0 18 0 0 0 0 0 0 0 0 0 0 0 0 0 0 0 0 0 0 0 4 0 0 0 1 0 0 0 0 0 0 0 0 1 0 0 0 0 0 0 0 0 0 0 0 22 0 13 0 0 0 0 0 0 0 0 0 9 11 0 0 0 0 38 15 11 0 0 31 10 10 11 0 1 0 17 0 0 0 0 0 0 0 0 0 0 0 0 0 0 0 0 0 0 0 0 0 0 0 0 0 0 0 0 0 0 0 0 11 0 0 0 0 0 0 0 0 0 0 0 0 0 0 0 0 73 0 0 0 0 0 0 1 78 0 1 1 0 0 0 0 0 0 0 0 0 0 0 0 0 0 1 0 0 0 0 0 0 0 0 0 0 0 0 0 0 
 3 3 77 3 47 93 9 5 78 3 80 3 7 3 9 8 7 27 3 3 81 181 238 131 74 138 59 44 73 87 148 79 54 452 401 50 125 188 361 0 0 2 5 6 0 3 3 0 0 3 0 4 0 0 3 0 3 0 3 0 5 3 0 0 0 0 0 0 0 0 12 0 0 0 2 2 2 2 0 0 0 0 0 10 14 0 0 0 0 0 39 0 0 0 0 10 15 0 0 0 0 18 0 0 19 7 1 1 25 0 8 2 30 31 1 10 15 7 0 39 0 2 0 0 0 0 0 5 0 0 0 0 23 0 0 0 0 0 0 0 0 0 0 0 0 0 0 0 1 0 0 0 0 0 0 0 16 0 0 0 0 0 0 0 0 0 0 0 0 44 0 0 0 0 0 0 0 10 47 0 0 18 42 19 18 0 33 25 15 9 4 7 31 0 14 1 0 10 0 0 0 0 0 0 0 0 0 0 0 0 0 0 7 0 1 0 0 0 0 20 0 0 0 0 0 0 0 0 0 0 0 0 0 0 0 0 0 0 0 0 0 0 0 0 0 0 0 0 0 34 0 0 0 0 1 0 0 75 0 0 23 0 0 0 0 0 0 0 0 0 0 0 0 0 0 10 0 0 0 0 0 0 0 0 0 0 0 0 0 0 
 0 2 0 0 0 0 0 4 0 0 0 0 3 0 0 0 0 0 0 0 0 0 0 1 47 73 0 0 0 0 0 63 0 99 0 0 0 0 0 0 0 78 105 46 110 42 143 37 85 79 33 40 239 203 216 118 140 314 29 305 37 0 0 0 0 9 1 0 0 0 0 0 0 0 0 0 0 1 51 0 0 0 0 0 0 0 0 0 0 0 0 0 0 0 0 0 0 0 0 1 0 0 0 0 2 0 0 0 0 0 0 1 0 0 0 0 0 8 0 0 4 15 0 5 0 0 0 0 0 10 0 1 0 40 26 0 0 9 25 1 0 0 0 4 0 0 0 0 0 3 0 0 0 0 0 0 0 0 0 0 0 0 0 0 0 0 0 0 0 0 0 5 0 0 0 0 0 0 0 0 0 0 0 46 9 34 0 0 0 0 0 19 24 0 0 0 20 0 0 0 1 28 7 34 13 0 39 40 28 31 34 25 13 18 43 14 4 5 20 36 0 0 0 0 10 0 13 0 0 0 0 0 1 0 0 0 0 0 0 0 0 0 0 0 0 0 0 0 0 0 0 2 0 1 0 0 0 65 1 2 0 0 2 0 0 3 0 0 1 0 0 0 0 0 0 0 0 0 0 0 0 0 0 0 2 0 0 0 0 0 
 0 2 0 0 0 0 0 4 0 0 2 0 0 0 0 0 4 2 0 0 0 0 24 0 0 3 6 0 0 0 0 0 1 0 1 0 0 0 0 2 78 0 229 826 41 294 304 98 112 169 36 29 32 126 289 38 316 53 102 41 0 0 0 0 0 0 9 0 1 4 0 0 0 0 1 0 0 0 16 0 0 0 0 0 0 0 0 0 4 0 0 0 0 0 0 0 0 0 0 0 0 0 6 0 1 0 0 0 0 0 0 0 0 0 0 0 0 0 0 0 21 15 45 21 10 0 22 29 56 0 24 0 11 0 11 36 3 21 0 0 10 0 0 0 0 0 12 0 0 0 0 0 0 0 0 0 0 0 5 0 0 0 0 0 0 0 0 0 0 0 0 0 0 0 0 5 0 0 0 0 0 0 5 0 0 2 0 0 0 0 0 0 0 0 0 0 3 0 0 0 47 33 25 10 0 7 10 0 7 6 0 9 11 31 16 40 28 9 0 0 17 0 0 0 0 0 0 0 0 0 0 0 11 0 0 0 0 0 12 11 0 0 9 0 0 0 0 0 0 0 0 4 0 0 0 0 0 0 0 10 0 0 0 0 48 3 0 2 0 0 2 0 0 0 0 0 0 0 0 0 0 0 0 0 23 0 0 20 0 0 
 0 0 0 0 0 0 4 0 0 0 0 0 3 0 0 0 0 0 0 0 0 4 0 66 0 0 0 0 0 0 0 0 0 0 0 3 0 0 0 5 105 229 0 355 326 578 87 99 282 151 132 41 71 52 152 339 123 94 238 131 0 0 0 0 0 0 0 0 52 0 0 2 0 0 0 0 11 0 54 7 6 0 0 0 0 0 0 0 0 0 0 0 0 0 0 0 0 0 0 0 0 0 0 0 0 0 0 0 0 0 0 0 0 0 0 0 0 0 0 0 0 20 23 19 3 0 0 1 16 3 46 1 0 0 0 20 27 40 0 0 1 0 8 9 0 0 0 0 0 6 0 0 21 0 0 0 0 0 40 9 0 0 0 0 0 0 0 0 0 0 0 0 0 0 0 7 0 0 0 0 0 0 0 0 0 0 0 1 0 0 0 0 0 0 0 0 0 0 0 0 0 4 32 34 12 23 0 0 4 20 18 15 0 35 0 9 25 30 0 0 0 0 25 0 0 0 3 0 0 0 0 0 0 22 1 0 11 0 34 8 0 0 0 0 0 0 0 0 0 0 0 5 0 0 0 0 0 0 0 29 0 0 2 0 84 1 2 0 0 0 0 0 0 0 0 0 0 0 0 0 0 0 0 0 0 24 0 14 0 0 
 0 0 0 0 0 0 0 2 0 0 0 0 0 0 0 0 0 3 0 0 3 3 6 3 3 3 6 3 3 3 3 3 3 3 3 6 3 3 3 6 46 826 355 0 223 361 188 161 78 460 82 104 89 67 65 90 124 189 113 90 0 6 0 1 6 8 6 32 1 0 0 1 0 2 4 8 0 3 114 51 0 0 0 0 0 0 0 0 0 0 0 0 0 0 0 0 0 0 0 0 0 0 0 0 0 0 0 0 0 0 0 0 0 0 0 0 0 0 0 0 0 16 13 0 31 17 0 0 20 8 25 10 0 0 0 31 12 27 0 0 0 1 8 6 7 1 3 0 3 5 2 0 6 0 0 0 8 0 9 18 0 0 0 0 0 0 0 0 0 0 0 0 0 1 0 9 0 0 0 0 0 0 0 0 0 0 0 0 0 0 0 1 0 0 0 0 0 0 0 0 0 13 37 13 35 0 0 0 33 11 13 8 0 0 0 0 42 37 0 0 0 0 0 16 0 0 8 0 0 0 5 5 0 49 0 16 8 0 18 9 0 0 0 0 0 0 0 0 0 0 0 0 0 0 0 0 0 0 0 8 0 0 0 0 4 25 5 1 0 0 0 0 0 0 0 5 0 0 0 0 0 0 0 0 0 1 0 0 0 0 
 3 3 3 3 3 3 3 4 3 3 3 3 3 3 3 3 3 3 3 3 0 0 3 5 0 0 3 0 1 0 0 0 0 0 27 0 3 0 0 0 110 41 326 223 0 301 254 284 63 557 141 89 295 45 277 133 331 160 72 89 0 0 1 0 0 0 18 19 0 0 1 0 53 64 0 58 0 0 105 0 0 0 0 0 0 0 0 0 0 0 0 0 0 0 0 0 0 0 0 0 0 0 0 0 0 0 0 0 0 0 0 0 0 0 0 0 0 0 0 0 0 0 0 0 19 13 0 0 24 13 0 7 0 0 0 13 0 15 0 0 10 40 13 6 0 0 14 6 0 9 0 1 0 10 3 0 7 2 1 2 0 0 0 0 0 0 0 0 0 0 0 0 0 0 0 2 0 0 0 0 0 0 0 0 0 0 0 0 18 0 0 0 0 0 0 0 0 0 0 0 0 13 21 14 9 30 0 0 7 0 10 26 0 0 0 0 15 7 0 0 30 7 7 0 0 0 37 21 26 0 0 0 20 7 13 18 0 0 14 10 0 0 0 0 0 0 0 0 0 0 0 2 0 0 0 0 0 0 0 0 0 13 21 0 0 18 5 1 1 0 8 0 0 0 0 0 0 0 0 0 0 2 0 0 0 0 0 0 1 0 
 0 0 0 0 0 5 0 1 0 0 0 0 7 0 0 0 0 3 0 0 3 7 3 69 3 3 3 3 3 3 20 3 4 4 9 6 3 3 3 3 42 294 578 361 301 0 262 44 193 73 128 256 248 105 269 73 64 124 263 77 23 0 1 0 0 0 2 26 52 53 0 0 25 0 0 0 0 61 1 107 0 0 0 9 0 0 0 0 0 0 0 0 0 0 0 0 0 0 0 0 1 1 0 0 0 0 1 0 15 0 0 7 0 31 0 0 0 0 0 1 0 1 35 13 16 24 0 0 26 0 10 0 0 0 0 35 0 21 0 0 0 0 0 0 0 0 0 0 0 0 4 0 22 13 0 0 45 0 0 3 0 0 0 0 0 0 0 0 0 0 0 0 0 0 0 5 0 0 0 0 0 0 2 6 6 0 0 1 6 5 0 0 0 0 1 1 6 6 0 1 0 0 27 11 12 0 0 0 8 0 0 0 6 0 0 0 49 16 1 0 0 21 23 1 0 0 0 10 15 25 14 20 0 41 9 0 11 19 32 20 6 0 8 0 0 0 0 0 0 0 0 3 0 0 0 0 0 0 7 12 0 0 1 0 1 3 1 0 1 10 0 0 0 0 0 0 0 0 0 0 0 5 0 0 0 0 0 0 0 0 
 2 5 3 3 2 2 3 5 3 3 2 2 3 2 5 6 3 8 3 1 3 3 3 5 3 77 3 3 3 3 3 3 6 3 3 19 6 3 3 3 143 304 87 188 254 262 0 120 254 73 41 85 595 597 186 174 246 160 51 115 0 0 0 0 0 0 2 0 27 0 0 0 0 2 0 0 0 1 0 5 0 0 0 0 0 0 0 0 0 0 0 0 0 0 0 0 0 0 0 0 0 0 0 0 0 0 0 0 0 0 0 0 0 0 0 0 0 0 0 0 3 9 36 16 0 0 0 0 0 12 6 0 0 0 23 2 14 1 0 0 6 4 0 0 0 1 0 3 3 2 2 3 0 0 3 0 0 4 0 0 0 0 0 0 0 0 0 0 0 0 0 0 0 0 0 0 3 0 0 0 0 0 0 0 0 0 0 0 0 0 0 0 0 0 0 0 0 0 0 0 20 0 0 32 0 9 23 12 0 13 25 1 13 7 43 0 13 0 0 12 0 2 6 0 0 2 0 0 0 5 1 0 6 0 14 0 0 0 0 0 0 0 0 0 0 0 0 0 0 0 0 9 0 1 0 0 0 0 0 12 0 0 0 1 0 4 1 0 0 0 0 0 0 0 0 0 0 0 0 0 0 0 0 0 15 19 0 0 1 0 
 0 0 0 0 0 0 0 0 0 0 0 0 0 0 0 2 0 0 0 0 63 0 0 0 62 0 0 0 1 0 63 0 0 0 1 0 0 0 0 0 37 98 99 161 284 44 120 0 188 308 103 95 106 192 273 120 526 65 58 55 0 0 0 0 0 0 0 0 1 0 0 0 0 0 3 0 0 2 0 0 0 0 0 0 0 0 0 0 0 0 19 0 0 0 0 0 0 0 0 0 0 0 0 8 0 19 0 0 0 0 0 14 0 0 0 9 0 0 0 0 18 16 14 0 0 27 14 19 14 12 12 15 7 0 0 20 22 17 11 3 0 0 0 0 0 0 0 0 7 0 0 0 0 0 0 0 0 0 13 0 9 10 0 0 0 0 0 0 0 0 11 0 0 0 0 0 6 0 0 0 0 0 0 1 0 13 0 0 0 0 0 8 0 0 0 0 0 0 0 0 13 0 0 19 0 1 18 14 0 0 39 20 0 10 0 16 3 0 0 38 0 0 0 0 0 0 0 0 0 0 0 0 0 0 0 0 0 0 15 0 0 0 0 0 0 0 0 0 0 0 0 7 0 0 0 0 0 62 0 0 0 0 0 33 2 2 0 66 0 0 0 0 0 0 0 0 0 0 0 0 0 0 0 0 0 0 0 0 0 0 
 2 2 2 2 2 5 2 2 2 4 2 2 8 59 2 2 2 2 2 2 0 0 0 4 0 68 0 0 0 0 0 0 0 0 6 0 2 0 0 0 85 112 282 78 63 193 254 188 0 93 39 68 190 161 167 188 53 245 56 110 0 2 0 4 0 2 1 0 1 3 0 8 0 0 0 0 0 2 0 0 0 0 21 0 0 0 0 0 0 0 0 0 0 0 0 0 0 0 0 0 0 0 0 0 0 0 0 0 0 0 0 0 0 0 0 0 0 0 0 0 1 13 11 38 0 0 0 0 20 43 28 23 0 0 18 11 24 0 0 0 0 5 2 1 0 0 0 6 0 0 0 0 0 0 0 0 5 8 10 8 0 0 0 0 0 0 0 0 0 0 0 0 0 0 0 1 0 0 0 0 0 0 0 0 0 0 25 0 0 0 0 0 0 0 0 0 0 0 0 0 0 0 1 12 0 17 8 45 23 14 18 0 20 0 8 1 0 16 0 19 4 0 0 0 1 0 0 0 0 0 0 5 1 0 0 0 0 0 23 0 0 0 0 0 0 0 0 0 0 0 0 6 0 0 0 0 0 0 0 4 0 0 2 0 0 0 2 2 1 0 20 0 0 0 0 0 0 0 0 0 0 0 0 0 1 13 0 0 0 0 
 4 0 0 0 0 0 0 3 0 0 0 0 0 0 1 0 0 0 0 0 0 206 23 0 0 0 203 0 0 0 0 0 0 0 0 2 0 0 0 3 79 169 151 460 557 73 73 308 93 0 152 337 80 156 172 575 426 47 407 138 0 0 2 0 0 0 9 0 6 0 2 0 0 0 1 0 0 0 66 55 0 0 0 0 0 0 0 0 0 0 0 0 0 0 0 0 0 0 0 0 0 0 0 0 1 18 0 0 0 0 0 0 0 0 0 0 1 0 0 0 41 8 0 14 0 13 19 2 22 23 23 11 20 0 8 1 20 53 0 0 0 7 1 10 0 16 36 0 6 6 5 4 0 0 0 0 19 11 16 0 3 15 0 0 0 0 0 0 0 0 0 0 0 0 0 0 3 0 0 0 0 0 0 0 0 10 0 0 0 0 0 0 0 0 0 0 0 0 0 0 43 35 8 4 3 19 30 15 0 62 27 26 15 0 0 10 0 1 0 0 30 4 8 1 0 3 2 0 0 6 0 0 22 0 0 0 0 15 0 10 0 0 8 0 0 0 0 0 0 0 0 3 0 0 0 0 0 0 0 9 0 0 0 5 83 4 6 0 4 0 2 0 0 0 0 0 0 0 0 0 0 0 0 0 21 13 0 16 0 0 
 0 0 62 116 0 0 0 3 1 31 3 62 0 0 63 0 1 1 0 0 0 0 1 2 0 0 1 0 0 0 0 0 0 0 0 1 0 0 0 0 33 36 132 82 141 128 41 103 39 152 0 131 44 257 55 335 137 103 480 57 0 3 0 0 0 2 0 0 0 0 0 0 27 0 0 0 0 26 54 89 0 0 0 11 0 0 0 0 0 0 0 0 0 0 0 0 0 8 0 0 0 0 0 0 0 0 0 0 0 0 0 0 0 0 0 0 0 0 0 0 0 0 39 1 55 11 0 0 0 0 0 11 0 0 0 0 0 14 0 0 20 14 6 0 0 1 20 9 23 0 0 0 6 35 0 0 23 0 14 18 0 0 0 0 0 0 0 0 0 0 0 12 0 0 0 10 11 0 0 0 0 0 0 0 0 0 0 0 0 0 0 0 20 0 0 0 0 0 8 0 0 0 30 7 12 13 0 0 7 0 15 10 0 0 0 0 24 11 0 0 36 0 1 0 0 0 14 4 0 0 0 0 3 26 20 0 0 0 22 8 0 0 0 0 0 0 2 0 0 0 0 3 0 0 0 0 0 0 0 8 0 0 0 0 4 20 1 8 0 0 0 0 0 0 0 26 0 0 0 0 0 0 0 0 0 0 0 0 0 10 
 0 0 1 0 0 0 5 4 0 0 0 1 0 0 3 0 23 0 0 0 0 0 0 0 0 0 62 0 0 0 0 0 0 0 0 2 0 0 0 4 40 29 41 104 89 256 85 95 68 337 131 0 39 49 33 311 157 88 95 46 0 0 0 9 0 0 23 3 0 3 0 0 50 0 0 0 0 0 50 9 0 0 0 0 0 0 0 0 0 0 0 0 0 0 0 10 0 0 0 0 0 0 0 0 0 0 13 0 0 0 0 0 0 0 0 0 0 0 0 0 0 0 13 16 17 37 0 0 0 10 15 19 0 0 0 0 13 11 0 0 12 11 9 0 0 1 0 0 0 0 5 0 0 0 0 0 0 0 0 1 1 4 0 0 0 0 0 0 0 0 0 0 0 0 0 0 3 0 0 0 0 0 0 0 0 13 0 0 0 0 0 0 0 0 8 0 0 0 0 0 12 0 0 0 1 0 0 0 0 0 16 17 0 0 0 0 0 1 0 0 11 0 8 0 5 0 0 7 10 0 0 1 15 15 26 20 17 10 0 2 0 0 0 0 0 0 0 0 0 0 0 11 0 0 0 0 0 0 0 11 0 0 82 64 0 4 2 2 2 0 2 0 0 0 0 0 0 0 0 0 0 0 0 0 0 0 0 0 0 0 
 0 0 0 0 0 0 0 1 0 0 0 0 0 0 0 0 0 0 0 0 0 0 1 0 62 123 0 0 0 0 69 0 0 0 43 0 0 0 0 0 239 32 71 89 295 248 595 106 190 80 44 39 0 387 408 37 308 290 233 195 2 0 0 0 0 0 5 0 0 0 0 0 1 0 11 0 24 2 1 0 0 0 0 0 0 0 0 0 0 0 0 0 0 0 0 0 0 0 0 0 0 0 0 9 18 0 0 0 0 0 0 1 0 0 0 0 0 0 0 0 13 19 1 55 5 6 10 0 0 15 0 0 6 19 11 59 0 0 7 0 18 0 0 1 0 0 1 0 7 0 0 0 0 2 0 8 0 0 0 0 2 7 3 0 0 0 0 0 0 0 0 23 0 0 0 20 0 0 0 0 0 0 2 0 10 21 0 0 0 0 0 25 0 0 0 0 0 0 0 0 0 12 8 1 20 0 45 45 27 32 19 53 3 6 22 4 9 8 67 43 0 0 0 0 0 0 0 0 0 21 0 0 1 10 0 0 0 0 4 6 0 0 0 0 0 0 0 0 0 0 0 3 0 0 0 0 0 54 0 0 0 0 0 1 0 0 0 0 0 0 0 0 0 0 0 0 0 0 0 0 0 3 0 0 30 0 0 0 2 0 
 3 3 3 3 3 3 3 3 3 3 3 3 3 3 6 6 3 3 3 2 0 1 4 67 44 122 3 1 0 0 0 0 3 0 0 1 3 0 1 0 203 126 52 67 45 105 597 192 161 156 257 49 387 0 97 25 46 262 83 229 0 50 4 0 1 0 17 0 7 0 4 0 0 0 4 1 0 0 18 3 0 0 0 0 0 0 0 0 0 0 0 0 0 0 0 0 0 0 0 0 0 0 0 0 16 23 0 0 0 0 0 13 0 0 0 0 0 0 0 0 23 15 20 44 0 0 20 68 30 1 0 0 26 0 22 37 12 0 34 39 0 7 0 0 5 6 0 0 3 0 5 0 0 0 0 0 13 0 0 0 0 0 0 0 0 0 0 0 0 0 0 0 0 20 0 0 0 5 0 0 0 0 0 0 0 27 0 0 0 0 0 0 0 0 0 0 0 0 0 0 38 89 7 19 1 0 1 5 0 21 15 0 23 5 32 26 0 0 18 42 0 5 0 3 0 4 0 0 0 0 0 0 0 0 0 1 1 12 0 0 0 0 5 0 0 0 0 0 0 0 0 9 0 0 0 0 0 1 62 0 0 0 0 0 0 0 0 0 0 0 4 0 0 0 0 6 0 0 0 0 0 0 0 0 0 0 0 0 1 0 
 3 0 0 0 0 0 0 0 0 0 0 0 0 0 0 0 0 3 0 0 3 3 3 3 50 56 3 3 3 3 3 3 3 3 3 3 3 3 3 3 216 289 152 65 277 269 186 273 167 172 55 33 408 97 0 308 81 105 127 217 0 0 0 0 0 0 0 0 0 0 0 0 0 0 0 0 0 0 0 0 0 0 0 0 0 0 0 0 0 0 0 0 0 0 0 0 21 0 0 0 0 0 0 0 0 22 0 0 0 0 0 13 0 0 0 0 0 0 0 0 15 15 20 53 0 25 13 18 14 21 8 20 0 23 0 13 40 24 22 30 0 0 0 0 0 0 0 0 2 0 0 0 0 0 0 0 0 0 15 0 10 10 0 0 0 0 0 0 0 0 0 4 0 0 0 0 6 0 0 0 0 0 0 0 0 12 0 0 0 0 0 0 0 0 0 0 0 0 0 0 19 7 0 8 0 0 7 0 9 7 41 16 10 5 10 3 0 0 21 19 0 0 0 0 0 0 0 0 0 0 0 0 25 0 0 0 2 0 0 0 0 0 0 0 0 0 0 0 0 27 0 3 0 2 0 0 0 0 1 0 0 0 0 65 0 0 2 2 0 0 0 0 0 0 0 0 0 0 0 0 0 0 0 0 2 0 0 0 2 0 
 0 0 0 0 0 0 0 0 0 0 0 0 69 0 0 1 0 0 60 69 0 44 208 0 0 0 0 0 1 0 63 1 0 0 1 0 0 0 0 0 118 38 339 90 133 73 174 120 188 575 335 311 37 25 308 0 127 99 253 88 4 0 0 0 0 0 0 0 0 0 0 0 0 0 0 0 2 25 51 0 0 0 0 0 0 0 0 0 0 0 0 0 0 0 0 0 0 0 0 0 0 0 0 0 0 9 0 0 0 0 0 14 0 0 0 0 0 0 0 0 0 17 6 19 1 25 0 1 14 6 8 22 0 0 0 19 35 14 0 1 4 0 0 13 0 0 1 0 0 6 0 0 0 5 0 11 0 0 13 0 0 0 0 0 0 0 0 0 0 0 0 0 0 0 0 0 2 0 0 0 0 0 0 4 1 1 0 0 0 0 0 0 0 0 0 0 0 0 0 0 15 2 6 26 4 1 0 0 0 19 56 12 0 0 1 0 1 0 0 0 0 0 0 0 0 0 8 0 12 0 0 0 0 6 0 0 0 0 6 2 0 0 0 0 0 0 0 0 0 0 0 7 0 0 0 0 0 63 0 32 0 0 2 1 0 0 0 2 2 0 0 0 0 0 0 0 0 0 0 0 0 0 0 0 4 6 0 0 0 0 
 0 0 0 0 0 0 0 0 0 0 0 0 2 0 68 0 0 0 0 0 3 5 3 5 3 3 3 3 3 3 3 3 4 3 3 3 3 3 3 3 140 316 123 124 331 64 246 526 53 426 137 157 308 46 81 127 0 92 92 31 0 0 0 0 0 0 0 0 0 0 0 0 0 0 0 0 0 0 0 0 0 0 0 0 0 0 0 0 0 0 0 0 0 0 0 0 0 0 0 0 0 0 0 0 0 1 0 0 0 0 0 0 0 0 0 0 0 0 0 0 21 11 0 0 2 30 16 3 0 23 27 11 3 15 21 0 20 15 0 1 5 13 7 0 0 0 27 0 8 7 0 0 0 0 0 11 0 0 16 0 3 6 0 0 0 0 0 0 0 0 0 4 0 0 0 0 3 0 0 0 0 0 0 0 0 8 0 0 0 0 0 15 0 0 0 0 0 0 0 14 16 13 0 26 18 17 20 24 13 62 37 39 0 0 1 10 1 2 15 4 49 0 5 0 0 0 8 15 7 0 0 0 41 0 9 0 1 0 14 10 0 0 0 0 0 0 0 0 0 0 0 2 0 2 0 0 0 0 0 1 0 0 0 62 93 1 1 69 0 0 0 0 0 0 0 0 0 0 0 0 0 0 0 9 21 0 0 14 2 0 
 0 62 0 0 0 5 0 0 0 0 22 0 0 0 0 0 0 0 0 5 37 2 0 0 0 94 0 29 12 0 0 0 0 4 4 6 1 0 9 0 314 53 94 189 160 124 160 65 245 47 103 88 290 262 105 99 92 0 40 200 0 3 7 3 0 4 6 0 22 0 0 2 65 2 0 0 0 3 111 0 0 0 0 1 0 0 0 0 0 0 6 0 0 0 0 0 0 0 0 0 0 0 0 0 0 0 2 8 14 0 0 11 2 0 2 0 0 0 0 4 0 11 45 17 20 0 0 0 43 34 7 9 0 0 0 32 11 43 0 0 20 5 0 19 0 0 28 0 0 0 0 0 0 0 0 0 5 1 0 2 0 0 0 0 13 9 0 0 0 0 0 0 0 0 0 5 0 0 0 0 5 0 3 0 0 0 13 4 0 0 0 0 4 7 0 0 0 0 0 3 0 1 30 26 0 49 1 2 10 0 16 0 12 0 11 0 45 9 0 6 34 0 0 0 0 0 17 0 0 1 0 0 0 22 0 0 0 0 8 3 0 0 0 0 0 0 0 0 0 0 0 0 0 1 0 0 0 0 0 2 0 2 0 0 4 27 3 0 0 0 27 0 0 0 0 0 0 0 0 0 0 0 0 0 0 11 0 0 1 0 
 0 0 0 0 0 0 0 2 0 2 0 0 0 0 0 0 0 0 0 0 0 64 46 62 1 105 0 0 70 69 54 63 0 0 37 68 0 63 0 3 29 102 238 113 72 263 51 58 56 407 480 95 233 83 127 253 92 40 0 230 0 0 0 0 0 0 3 0 7 1 0 0 0 0 50 0 0 0 4 0 0 0 0 0 0 0 0 0 0 0 0 0 0 0 0 0 0 0 0 0 0 17 0 0 20 0 0 0 0 8 2 0 0 0 0 0 18 35 0 0 20 0 20 15 0 20 32 11 0 12 1 4 19 21 0 0 0 23 54 0 0 0 0 0 0 0 0 0 10 0 0 0 0 0 1 4 0 0 0 0 4 6 0 0 0 5 0 0 0 0 0 0 0 0 0 0 9 0 0 0 0 0 13 11 0 15 0 0 0 0 8 0 0 0 0 10 0 15 0 0 21 0 9 0 0 10 23 0 0 20 24 14 0 0 0 16 0 0 8 0 0 0 0 0 0 0 0 0 0 0 0 0 0 0 0 0 0 0 0 0 0 0 0 0 0 0 0 0 0 0 0 2 0 0 0 0 0 0 0 0 0 0 1 34 0 68 4 0 0 0 0 0 0 0 0 0 0 0 0 0 0 24 0 0 0 22 0 0 1 0 
 0 0 0 0 0 0 4 0 0 0 0 0 4 0 0 0 0 0 0 67 1 65 22 6 0 123 2 62 19 71 62 60 0 0 0 0 0 6 0 0 305 41 131 90 89 77 115 55 110 138 57 46 195 229 217 88 31 200 230 0 0 0 0 2 4 0 0 0 10 0 0 0 0 0 0 0 0 0 0 0 0 0 0 0 0 0 0 0 0 0 0 0 0 0 0 0 0 0 0 0 0 0 6 0 12 0 0 0 0 0 6 11 0 0 0 0 0 43 0 0 44 6 19 19 0 0 19 0 0 17 0 0 0 9 17 0 0 19 1 9 0 0 0 0 0 0 0 0 0 0 0 0 0 0 4 4 0 0 0 0 0 0 0 0 0 0 0 0 0 0 0 3 0 0 0 0 0 1 0 0 0 4 0 22 0 13 0 0 10 0 13 28 0 0 0 0 0 0 0 0 0 4 0 10 0 14 50 24 10 24 12 0 11 7 20 9 0 0 30 26 0 0 0 0 0 0 0 0 0 0 0 0 0 0 0 0 0 0 0 0 0 3 0 0 0 0 0 0 0 0 0 4 0 1 0 0 0 0 0 0 0 11 0 1 4 0 5 0 2 0 0 0 0 0 0 0 0 0 0 0 0 0 0 0 0 20 0 0 1 0 
 7 0 0 0 0 59 0 2 0 30 2 3 6 4 8 4 1 1 0 0 0 0 0 0 0 0 44 0 0 0 17 0 0 0 6 0 0 0 0 5 37 0 0 0 0 23 0 0 0 0 0 0 2 0 0 4 0 0 0 0 0 159 92 60 85 35 94 181 358 92 46 40 105 56 117 39 39 95 255 112 0 0 0 0 0 0 0 0 0 0 0 0 0 3 4 0 0 16 0 0 0 0 0 0 0 0 0 0 0 0 0 0 0 0 2 0 0 0 0 0 9 0 0 0 6 15 0 0 0 0 0 1 0 0 7 1 0 0 0 0 1 6 0 15 2 0 4 7 21 24 43 0 0 18 22 6 0 9 7 1 5 0 1 0 4 11 0 20 0 0 0 0 0 0 4 1 9 2 0 0 0 0 0 0 0 0 0 0 0 0 5 0 0 0 0 0 0 0 0 0 0 0 0 0 0 0 0 0 0 0 0 0 0 0 0 0 0 0 0 0 7 18 6 10 25 1 0 16 15 17 14 31 2 24 3 0 9 40 15 16 0 0 0 0 0 0 0 0 0 0 0 0 0 0 3 0 0 0 0 0 0 0 1 0 0 0 0 0 0 0 2 0 54 0 0 0 0 0 0 0 0 0 0 0 9 1 0 0 0 0 
