 0 90 74 103 245 122 177 49 430 44 85 159 238 280 225 119 135 117 266 154 205 0 0 1 3 0 0 3 1 0 0 0 2 0 2 0 0 0 1 0 0 2 0 1 3 2 0 0 3 3 0 0 0 2 0 0 2 3 3 0 0 0 0 0 0 0 3 0 0 3 4 14 3 0 0 2 0 3 5 0 30 0 17 0 8 8 17 0 7 0 14 11 14 10 0 0 2 10 6 6 0 0 0 8 0 0 0 0 0 0 0 0 0 0 0 0 0 0 0 1 0 2 0 0 0 0 0 0 2 0 0 0 0 0 13 0 0 0 0 0 0 0 0 0 0 0 0 0 0 0 0 0 0 0 0 0 0 0 0 0 18 0 4 15 2 20 1 57 12 25 22 0 57 1 19 15 18 36 35 10 0 0 0 0 0 0 0 0 0 0 0 0 0 0 0 0 2 0 0 0 0 1 2 0 0 2 0 0 0 0 0 0 0 0 0 0 0 0 0 0 0 0 2 0 0 0 0 0 0 2 0 0 0 0 0 0 0 0 0 0 0 0 0 0 0 0 2 0 0 0 2 12 0 17 1 0 0 0 0 0 0 0 0 0 1 0 0 0 0 0 0 0 0 0 0 0 10 8 0 0 0 0 0 0 0 0 0 0 0 0 
 90 0 114 345 141 45 76 265 47 135 148 124 458 151 257 329 247 113 155 266 2 0 3 4 3 0 0 6 3 1 0 0 2 2 0 0 0 0 78 76 0 6 0 3 5 3 0 0 3 3 0 0 0 0 1 0 2 3 3 0 2 2 0 0 0 0 2 0 0 3 3 0 3 0 0 2 1 2 3 0 11 10 14 0 26 45 20 25 50 30 26 16 0 0 36 42 7 36 0 19 0 0 0 1 0 0 6 0 0 0 0 0 14 0 14 0 0 0 0 0 0 0 0 0 0 0 0 0 0 0 0 0 0 0 0 1 0 0 0 0 0 0 0 0 0 0 0 13 18 0 0 0 0 0 0 0 0 0 0 0 10 54 0 0 0 8 10 0 14 0 11 26 0 12 0 85 4 5 0 0 0 0 0 0 0 0 0 0 0 0 0 0 9 0 0 0 0 0 13 0 0 0 0 0 0 0 0 0 0 0 0 0 0 0 0 0 0 0 0 0 0 0 0 0 0 0 0 0 0 0 0 0 0 0 0 0 2 0 0 0 0 0 0 0 0 0 91 0 0 0 0 12 0 0 0 0 0 0 0 3 0 0 0 0 0 0 2 0 0 0 0 0 0 0 0 8 12 0 0 0 0 0 0 0 0 0 0 0 0 0 
 74 114 0 191 67 354 163 104 177 308 147 347 328 39 196 161 164 136 43 152 1 1 0 2 3 2 75 3 0 0 1 0 25 0 0 0 0 0 74 1 0 2 0 2 3 3 0 25 3 3 0 0 0 63 0 0 2 3 3 0 0 0 50 0 0 0 2 0 0 3 3 0 3 6 0 2 0 3 4 0 0 35 28 16 18 7 27 23 11 20 10 49 0 64 13 24 12 0 0 0 16 0 0 0 7 0 0 11 0 0 15 0 10 19 1 0 0 2 21 0 0 14 0 0 0 0 0 0 0 0 0 0 0 0 0 0 0 0 0 0 0 0 23 0 2 0 0 0 0 0 0 0 0 0 0 0 0 0 0 0 0 17 5 20 0 0 0 0 44 6 1 39 3 0 18 3 0 15 0 0 14 0 0 0 0 0 22 0 0 0 0 0 1 15 10 0 0 1 16 32 0 0 0 0 0 0 0 0 0 0 0 0 0 0 0 0 0 0 0 0 0 0 0 0 0 0 0 0 0 0 0 2 0 17 0 0 0 0 2 0 0 0 0 0 0 3 0 0 88 3 28 9 0 0 0 0 1 0 0 0 0 0 9 0 0 0 0 0 0 0 0 0 0 0 0 37 0 0 0 0 0 0 0 0 0 0 0 0 0 0 
 103 345 191 0 122 258 98 87 182 120 228 165 292 96 128 182 246 306 151 158 3 1 0 1 3 0 36 77 0 0 0 0 2 2 0 73 0 0 74 186 0 2 0 1 3 2 0 0 3 3 2 0 0 0 0 0 2 3 3 0 0 0 0 0 0 0 3 5 0 3 2 0 3 0 0 2 0 3 3 0 1 2 0 17 34 10 0 20 11 12 17 6 1 0 9 9 3 6 0 14 19 0 12 0 0 0 0 1 0 0 0 0 19 10 16 7 0 0 8 1 0 0 0 0 0 0 0 1 0 0 2 0 0 0 0 0 0 0 0 1 0 0 0 0 0 0 4 0 7 0 0 7 0 0 0 0 0 18 0 0 0 19 30 0 18 0 18 14 19 15 14 40 16 19 1 21 11 18 0 0 0 0 8 0 0 0 0 0 0 0 0 0 13 0 9 0 0 0 22 12 0 0 0 0 0 0 0 0 0 0 0 0 0 0 0 0 0 0 0 0 0 0 0 0 0 0 0 0 0 0 0 0 0 0 0 0 0 0 0 0 0 0 0 0 0 3 5 6 0 20 2 14 0 0 0 0 0 0 0 0 0 0 0 0 0 0 0 0 0 2 0 0 0 0 0 17 0 1 0 0 0 0 0 0 0 0 0 0 0 0 
 245 141 67 122 0 145 62 289 64 85 85 48 79 106 155 92 44 149 124 77 37 146 3 1 3 0 0 47 0 0 2 0 3 148 182 1 0 4 82 13 0 2 0 1 3 2 0 0 3 3 0 0 0 4 2 0 2 3 80 0 0 0 0 0 0 0 3 1 0 3 4 0 3 0 0 2 0 3 3 0 0 0 15 0 0 23 0 16 0 10 8 0 0 0 0 0 0 9 0 0 25 28 1 0 0 0 38 14 0 0 0 0 15 0 0 9 0 23 15 29 37 0 0 0 0 2 0 0 0 0 0 0 0 0 0 0 0 0 0 0 0 0 1 0 0 0 0 0 0 0 0 0 0 0 17 0 0 0 0 0 1 1 0 0 26 0 0 0 0 0 0 0 0 0 1 20 0 12 0 0 0 0 18 0 0 0 0 0 2 2 0 1 14 20 11 0 23 28 21 0 28 0 0 0 0 0 0 1 0 0 0 0 22 0 1 0 0 0 0 0 0 0 0 15 0 0 0 1 0 0 0 0 0 0 0 0 0 0 0 0 0 0 13 0 0 2 2 0 2 1 0 13 0 0 1 0 0 0 0 0 0 0 0 0 0 0 2 0 0 0 0 0 0 1 0 0 1 0 0 0 0 0 0 0 0 0 0 0 0 0 
 122 45 354 258 145 0 116 12 100 395 165 368 257 49 253 99 75 148 33 137 1 73 0 79 3 0 85 33 0 0 77 0 3 75 129 0 0 25 74 4 0 2 0 2 3 3 0 0 3 3 0 0 0 0 0 0 2 3 3 0 0 0 0 0 0 0 3 0 0 3 3 0 3 0 0 2 0 3 4 0 0 0 10 19 0 26 0 0 34 18 0 10 0 0 0 0 2 0 0 0 26 10 0 0 0 0 15 47 1 0 13 1 11 22 0 12 23 1 40 4 15 0 0 0 0 0 0 0 0 0 0 0 0 0 0 0 0 0 0 0 0 0 33 0 0 0 0 0 0 2 0 2 1 0 0 0 2 0 0 0 0 0 0 12 11 10 0 0 49 0 1 0 0 1 0 0 0 0 0 0 20 0 3 25 1 0 35 19 1 19 0 19 4 37 10 0 18 0 30 28 0 0 0 0 0 0 0 0 2 0 0 0 2 0 0 0 0 2 0 0 0 0 0 0 0 0 0 0 0 12 0 0 0 0 0 0 0 0 0 0 0 0 0 0 0 1 1 1 6 2 0 9 0 0 0 0 0 0 0 0 0 0 0 0 0 0 0 0 0 0 0 0 0 0 0 0 0 0 0 0 0 0 0 0 0 1 0 0 0 0 
 177 76 163 98 62 116 0 289 77 38 158 24 353 164 119 121 131 19 221 359 2 0 0 2 3 74 74 3 0 1 0 0 2 0 2 0 0 0 0 0 0 2 0 1 3 9 0 0 6 5 0 0 0 0 0 0 5 3 3 0 0 32 0 0 0 0 3 0 0 3 2 0 3 0 0 2 2 3 5 2 34 11 38 21 0 27 20 30 39 20 27 1 19 38 22 1 24 0 10 11 0 0 0 0 0 0 0 0 0 0 0 0 0 0 0 0 0 0 1 0 0 0 0 0 0 0 0 0 0 1 0 0 0 0 0 0 0 0 0 0 0 2 0 0 0 0 0 0 0 0 0 0 0 0 0 0 0 0 0 0 42 41 17 32 0 0 0 42 0 16 7 0 7 48 41 2 21 17 27 9 0 0 0 1 0 0 0 20 15 0 0 0 0 0 0 0 0 0 2 0 0 0 0 1 0 0 0 0 0 0 2 0 0 0 0 0 0 0 0 0 0 0 0 0 0 0 0 0 0 0 0 0 0 0 13 0 0 0 0 2 0 14 0 0 0 0 2 0 6 0 4 13 0 0 0 0 0 0 0 0 0 0 0 0 0 0 0 0 0 0 0 0 0 0 0 0 0 0 0 0 0 0 0 0 0 0 0 0 0 0 
 49 265 104 87 289 12 289 0 171 30 57 50 163 59 307 362 30 41 142 48 2 3 0 2 77 0 0 7 0 4 4 5 2 0 2 8 6 0 0 0 0 2 0 4 3 5 0 0 6 3 0 2 3 0 0 0 4 3 3 0 0 1 45 0 0 2 3 3 0 4 4 4 3 0 2 4 3 3 4 1 27 12 37 6 0 14 25 34 68 6 27 18 14 14 5 7 17 0 0 1 0 0 0 0 0 1 0 0 0 0 0 0 0 0 1 0 0 0 0 0 0 0 0 0 0 0 0 0 0 0 0 0 0 0 0 0 0 0 14 0 0 0 0 0 0 0 0 0 0 0 0 0 0 10 0 0 0 0 0 0 29 48 2 12 0 0 1 0 0 1 19 1 17 17 46 9 18 28 38 21 0 0 0 0 0 0 0 0 0 0 0 0 0 0 0 0 0 0 2 0 0 0 0 0 0 0 0 0 0 0 0 0 0 0 0 0 0 0 0 0 0 0 0 0 0 0 0 0 1 0 0 0 0 0 0 1 0 0 0 0 0 0 0 0 0 0 0 1 106 2 25 4 0 0 0 0 0 0 0 0 0 0 0 0 0 0 0 0 0 0 0 0 0 1 0 0 0 8 0 0 0 0 0 0 0 0 0 0 0 0 
 430 47 177 182 64 100 77 171 0 260 288 210 340 408 182 308 127 110 59 79 1 0 0 2 3 0 0 3 0 1 0 1 2 0 2 0 2 0 73 0 11 2 2 2 3 3 0 0 3 3 0 0 0 0 2 0 2 4 7 0 0 2 0 2 0 0 3 0 0 3 3 2 3 0 0 2 0 3 5 0 6 2 15 34 15 0 20 19 33 15 59 15 1 18 1 0 31 32 0 0 14 0 0 0 0 0 0 0 0 0 0 0 56 15 0 0 0 0 1 10 0 0 0 0 0 0 0 0 0 0 0 0 2 0 0 0 0 0 0 0 0 0 0 0 0 0 0 0 0 0 0 14 0 0 0 0 0 0 0 0 0 22 20 22 9 0 1 0 33 27 2 30 17 20 1 0 10 15 0 13 19 0 0 0 0 0 11 0 0 0 1 0 10 7 11 0 0 0 7 27 0 0 0 0 0 0 0 0 0 0 0 0 0 1 0 0 0 0 0 0 0 2 0 2 0 0 0 2 0 0 0 0 1 0 0 0 0 0 0 0 0 10 0 0 0 0 88 0 0 1 2 2 0 0 0 0 0 0 0 0 0 0 0 0 0 0 0 0 0 0 0 0 0 0 0 22 42 0 0 0 0 0 0 0 0 0 0 0 0 0 
 44 135 308 120 85 395 38 30 260 0 87 53 93 93 246 114 108 212 119 185 2 5 0 1 3 0 0 5 0 2 0 0 74 0 0 3 0 1 77 0 64 2 0 1 3 2 0 0 6 3 0 0 0 0 0 0 2 5 3 0 0 0 0 0 0 0 3 0 0 3 2 6 9 0 0 6 0 3 5 0 13 10 2 6 33 1 0 25 6 12 21 28 0 0 24 14 0 8 0 0 1 0 0 0 0 0 14 9 0 0 0 0 17 15 0 0 0 0 22 25 0 0 0 0 0 0 0 0 0 0 0 0 0 0 0 0 0 0 0 2 0 0 9 0 0 0 0 0 0 0 0 0 0 0 0 0 0 0 0 0 0 2 7 30 0 0 0 10 70 10 0 14 7 2 0 11 1 3 0 0 8 0 0 0 2 0 14 0 0 0 0 0 10 17 0 0 0 1 0 13 0 0 0 0 0 0 0 0 0 0 0 0 0 0 2 0 0 0 0 0 0 0 0 0 0 0 0 0 0 0 0 0 0 0 0 0 0 0 0 0 0 1 0 0 0 0 3 0 4 1 2 6 0 0 0 0 2 0 0 0 0 0 9 0 0 0 2 0 0 0 0 0 0 0 0 19 9 0 0 0 0 0 0 0 0 0 0 0 0 0 
 85 148 147 228 85 165 158 57 288 87 0 151 37 51 66 103 269 188 25 84 1 0 0 2 3 0 83 3 6 0 2 0 2 0 74 0 97 0 101 14 0 3 0 3 3 3 0 0 3 3 0 0 0 0 0 0 2 3 97 0 0 0 41 0 0 0 2 0 0 29 3 0 3 0 0 2 0 3 3 0 0 11 10 18 43 36 24 24 35 8 16 43 0 1 0 0 19 2 0 0 10 0 1 0 0 0 0 6 1 0 0 0 9 17 0 0 0 0 21 2 0 0 0 0 0 0 0 0 0 0 0 0 0 0 0 0 0 0 16 0 0 0 1 0 0 16 0 0 13 2 0 2 0 0 6 0 2 0 0 0 21 26 11 9 11 0 0 13 12 20 53 21 25 34 0 0 19 24 0 2 0 0 23 0 0 0 17 0 0 2 0 0 0 7 11 0 0 10 19 12 0 0 0 0 0 0 0 0 2 0 0 0 2 0 0 0 0 2 0 0 0 0 0 0 0 0 0 0 0 0 0 0 0 0 0 0 0 0 0 0 0 0 0 0 0 0 1 0 0 88 22 7 0 0 0 0 0 0 0 0 0 0 0 0 0 0 0 0 0 0 0 0 0 0 0 7 0 0 0 0 0 0 0 0 0 1 0 0 0 0 
 159 124 347 165 48 368 24 50 210 53 151 0 29 31 40 133 276 151 41 85 75 0 2 23 5 0 0 5 0 3 28 1 2 0 0 2 0 0 75 82 21 2 0 1 3 2 22 0 3 3 0 0 0 0 22 0 2 3 3 0 0 0 0 0 0 0 3 0 0 3 2 0 3 0 0 2 0 3 3 0 0 11 14 0 30 29 14 35 14 21 22 39 0 0 8 23 7 6 0 0 7 0 0 0 0 1 52 2 0 0 0 0 21 0 16 0 0 1 5 12 1 0 0 0 0 0 0 0 0 0 0 0 0 0 0 25 0 0 2 0 0 0 0 0 1 0 0 0 15 0 1 0 0 0 0 0 0 0 2 0 0 18 44 0 27 0 0 13 13 15 12 29 18 13 0 12 0 18 0 0 10 0 0 0 0 0 16 0 0 0 0 0 0 9 0 0 0 0 14 1 0 0 0 0 0 0 0 0 0 0 9 0 0 0 0 0 0 0 0 0 0 0 46 0 0 0 0 0 0 0 0 0 0 0 0 0 0 0 1 0 0 0 0 0 0 6 95 0 0 2 2 19 0 1 0 0 0 1 0 0 0 0 0 0 0 0 0 0 0 0 0 0 0 0 0 10 0 0 0 0 0 0 0 0 0 0 0 0 0 0 
 238 458 328 292 79 257 353 163 340 93 37 29 0 153 226 106 111 48 373 217 89 27 0 6 3 0 0 3 39 2 0 0 4 0 0 0 21 0 0 1 1 5 0 4 6 3 0 0 6 4 0 0 0 1 0 0 2 6 3 0 0 0 58 5 0 0 3 2 0 3 3 0 3 0 0 2 0 3 8 0 69 0 18 0 0 0 22 0 0 0 10 0 24 0 0 6 12 11 23 91 0 0 0 0 0 0 0 1 0 0 0 0 0 0 0 0 0 0 0 0 2 0 0 0 0 0 0 0 0 0 0 0 0 0 2 0 0 0 1 0 0 0 0 0 0 0 0 0 0 0 2 0 0 0 0 0 0 0 0 0 28 0 0 0 0 6 2 4 1 0 15 0 13 18 20 23 9 4 11 4 0 0 0 0 0 0 0 0 0 0 0 0 0 0 0 0 0 0 0 0 2 0 0 0 0 0 0 0 0 0 0 0 0 0 0 0 0 0 0 0 0 0 0 0 0 0 0 0 0 0 0 1 0 0 0 0 0 0 0 0 0 0 0 0 0 0 1 0 0 0 2 11 0 0 0 0 0 0 0 0 0 0 0 0 0 4 0 0 0 0 0 0 0 0 0 0 6 34 0 0 0 0 0 0 0 0 0 0 0 0 
 280 151 39 96 106 49 164 59 408 93 51 31 153 0 99 460 127 29 206 335 0 0 2 2 3 0 2 3 0 1 0 0 2 0 0 0 0 1 41 0 0 2 3 2 3 3 0 0 3 3 1 0 0 0 0 59 2 3 3 0 0 0 0 0 0 0 3 0 0 3 3 4 3 0 0 2 0 32 5 0 10 0 0 7 1 17 1 19 0 8 12 9 13 30 0 9 24 19 15 15 2 2 0 0 0 0 15 0 0 0 0 0 0 0 0 0 0 0 0 27 0 0 1 0 0 0 0 0 0 0 0 0 0 0 0 0 0 2 0 0 0 0 0 0 0 0 0 0 1 0 0 10 0 0 0 0 0 0 0 0 11 0 0 13 2 5 0 36 1 19 10 9 25 19 7 16 26 10 10 1 0 0 0 0 0 0 0 0 0 0 0 0 0 0 0 0 0 0 0 0 11 0 0 0 0 0 2 0 0 0 0 0 0 0 0 0 0 0 0 2 0 0 0 0 0 0 0 0 0 0 0 0 0 1 0 0 2 0 0 0 0 16 0 0 0 0 53 0 2 0 0 3 0 1 0 0 0 0 0 0 0 0 0 0 0 0 0 0 0 0 0 0 0 0 0 0 0 0 0 0 0 0 0 0 0 0 0 0 0 0 
 225 257 196 128 155 253 119 307 182 246 66 40 226 99 0 160 127 39 151 148 1 0 2 76 3 0 0 3 0 0 0 0 2 0 0 0 2 0 5 0 0 3 0 3 2 3 0 0 3 3 0 0 0 0 1 0 2 3 3 0 0 0 0 0 0 0 2 0 0 3 3 0 3 0 0 2 0 3 3 0 47 11 0 20 20 0 36 18 7 0 38 0 6 0 14 15 11 14 0 30 0 12 0 0 0 0 0 0 0 0 0 0 0 0 0 0 0 0 0 0 0 0 0 0 0 0 0 0 0 0 0 0 0 0 0 0 0 0 1 0 0 0 0 0 1 0 0 0 2 0 0 5 0 11 0 0 0 0 0 0 10 16 7 20 0 0 19 0 33 0 10 12 16 0 8 10 13 16 0 8 0 0 13 0 0 0 0 0 0 0 0 13 2 0 0 0 0 0 0 0 0 0 0 10 9 0 0 0 0 0 0 15 0 0 0 0 0 0 0 0 0 0 0 0 0 0 16 0 0 0 0 1 0 0 0 0 0 0 1 0 0 0 0 0 0 0 2 0 1 0 0 2 0 0 0 0 0 0 0 0 0 0 0 0 0 0 0 0 0 0 0 0 0 0 0 11 14 13 0 0 0 0 0 0 0 0 0 6 0 0 
 119 329 161 182 92 99 121 362 308 114 103 133 106 460 160 0 530 245 63 63 1 4 4 3 3 3 0 6 0 0 0 0 2 1 6 2 2 0 1 14 0 3 0 6 8 97 0 0 3 3 2 0 0 0 1 5 6 13 3 0 2 0 1 4 1 0 2 0 0 6 3 0 3 1 6 2 0 4 5 0 6 11 16 0 36 20 13 10 15 26 7 1 0 0 8 9 15 9 13 17 18 0 0 0 0 0 0 0 0 0 0 0 59 13 10 0 0 2 10 19 0 0 0 0 0 0 0 0 0 0 0 0 0 0 0 0 0 0 0 0 0 0 0 0 2 0 0 0 0 0 0 0 0 11 0 0 0 0 0 0 23 15 0 0 0 5 0 0 18 11 10 17 0 10 10 23 9 8 8 0 0 0 1 0 0 0 0 0 0 0 0 1 31 0 0 0 0 1 0 10 0 0 0 21 0 0 0 10 0 0 0 0 0 0 0 0 0 0 0 0 0 0 0 0 0 0 0 0 0 0 0 0 0 0 0 0 0 0 2 0 0 0 0 0 0 3 3 0 2 0 2 11 0 0 0 0 0 0 0 0 0 0 14 44 0 0 0 0 0 0 0 4 0 0 0 22 9 0 0 0 0 0 0 0 0 0 0 0 0 0 
 135 247 164 246 44 75 131 30 127 108 269 276 111 127 127 530 0 136 39 210 2 0 0 4 3 0 22 3 0 0 0 0 3 0 0 0 0 1 111 0 0 2 0 2 3 3 0 0 3 3 0 0 0 0 2 0 2 3 3 0 0 0 59 0 0 2 3 0 0 3 2 0 3 0 0 2 0 3 3 53 13 30 31 1 29 26 23 4 40 0 0 55 0 18 2 20 56 20 0 3 0 0 0 0 0 0 0 0 0 0 0 0 20 0 11 0 0 0 0 14 0 0 0 0 0 0 0 0 0 0 0 0 0 0 0 0 0 0 0 0 0 0 0 0 0 0 0 0 0 0 0 15 0 0 0 0 0 0 0 0 7 1 9 1 9 8 0 0 19 28 11 46 16 1 0 17 12 28 1 0 0 0 0 0 0 0 0 0 0 0 0 0 22 0 0 0 0 0 24 0 0 0 0 0 0 0 0 0 0 0 0 0 0 0 0 0 0 0 0 0 0 0 0 0 0 0 0 0 0 0 7 0 0 0 0 0 0 0 0 0 0 11 0 0 0 0 87 1 1 2 22 6 0 0 0 0 0 0 0 0 0 0 0 0 0 0 0 0 0 0 0 0 0 0 0 26 10 0 0 0 0 0 0 0 0 0 0 0 0 0 
 117 113 136 306 149 148 19 41 110 212 188 151 48 29 39 245 136 0 19 106 77 0 0 1 3 0 79 3 0 0 0 0 7 0 0 0 0 0 2 74 0 2 0 69 3 5 0 0 6 5 0 0 0 0 0 0 5 3 3 0 0 0 0 0 0 0 3 40 0 3 2 0 3 0 0 2 1 3 4 2 0 19 0 11 31 0 0 0 16 6 0 13 0 6 20 31 0 15 1 0 21 0 0 0 0 0 0 0 0 0 0 0 21 22 13 0 0 0 23 8 0 0 0 0 0 0 0 0 0 0 0 0 0 0 0 0 0 0 0 0 0 0 0 0 0 0 0 0 0 13 0 0 0 0 0 0 0 0 0 0 0 12 12 0 22 0 0 5 29 0 2 1 0 2 0 5 0 14 0 1 0 0 25 0 0 1 54 0 0 0 0 0 17 0 18 0 0 13 9 13 0 0 0 0 0 0 0 0 0 0 10 0 0 0 0 2 1 0 1 0 0 0 0 0 0 0 0 0 0 0 0 0 0 0 0 0 0 0 0 0 0 0 0 0 0 2 0 0 0 87 0 8 3 0 0 2 0 0 0 0 0 0 22 0 0 0 0 0 0 0 0 0 0 0 0 1 0 0 0 0 0 0 0 0 0 0 0 0 0 0 
 266 155 43 151 124 33 221 142 59 119 25 41 373 206 151 63 39 19 0 81 2 0 0 2 3 0 0 3 2 0 0 0 2 0 0 0 0 0 0 0 0 2 0 2 3 3 0 0 3 3 0 0 0 0 0 0 2 3 3 0 0 0 0 29 0 0 3 0 0 3 2 3 3 0 0 2 0 3 5 0 17 0 0 0 0 0 13 13 10 14 15 20 43 10 10 21 1 66 44 10 0 0 0 13 0 0 0 0 6 0 0 0 0 0 0 15 0 0 0 0 0 0 0 0 0 0 0 0 0 0 0 0 0 0 0 0 1 0 0 0 0 2 0 0 0 0 0 0 4 1 0 12 0 0 0 0 1 0 0 0 32 14 0 5 0 0 10 19 20 8 11 1 10 62 30 28 11 11 44 0 0 0 0 0 0 0 0 0 0 0 0 0 0 0 0 0 0 0 0 2 0 0 0 0 2 0 0 0 1 0 0 0 1 0 0 0 0 1 0 0 0 0 0 0 0 0 0 0 0 0 0 0 0 0 0 0 0 0 0 0 0 0 0 0 0 2 88 0 2 0 0 8 0 0 2 0 0 0 0 0 0 0 0 0 0 0 0 0 0 0 0 0 0 0 0 0 0 8 0 0 0 0 0 0 0 2 0 0 0 0 
 154 266 152 158 77 137 359 48 79 185 84 85 217 335 148 63 210 106 81 0 2 0 0 1 3 0 0 3 0 0 0 0 2 0 0 0 0 0 0 3 0 2 0 0 3 2 0 0 6 5 0 0 0 0 0 1 5 3 9 0 0 0 0 13 0 0 3 0 0 3 2 0 3 0 0 2 1 3 5 2 9 9 50 0 0 10 23 31 9 0 28 21 0 7 15 10 25 17 12 45 0 0 0 2 0 0 0 0 0 26 0 19 0 0 0 0 0 0 0 0 0 14 3 0 0 0 0 0 0 0 18 0 0 0 0 0 0 0 0 0 0 0 0 0 0 0 0 0 8 0 0 2 0 0 0 0 0 0 0 0 5 32 8 0 0 3 23 1 0 12 0 9 8 18 18 26 0 50 1 2 0 0 0 0 0 1 0 0 0 0 0 0 0 0 0 0 0 0 0 0 0 0 0 0 0 0 0 0 0 0 0 0 0 0 0 0 14 0 2 0 0 0 0 0 2 0 0 0 0 0 0 0 0 0 0 0 0 0 0 0 0 0 0 0 0 2 93 0 93 1 2 13 0 0 0 2 0 0 0 0 0 0 0 0 0 0 0 0 0 0 0 0 0 0 0 43 15 0 0 0 0 0 0 0 0 0 0 0 0 0 
 205 2 1 3 37 1 2 2 1 2 1 75 89 0 1 1 2 77 2 2 0 185 95 51 51 103 160 67 36 35 112 156 134 115 27 67 22 314 37 159 0 0 0 0 0 0 0 4 3 7 0 2 0 1 3 0 3 0 3 0 0 0 4 0 0 0 0 44 0 0 0 2 0 3 0 0 0 0 3 0 0 0 0 0 0 0 0 1 0 0 0 0 0 0 0 0 0 0 0 0 19 0 31 0 36 0 17 17 32 27 15 21 14 18 30 0 23 1 16 11 1 0 0 0 0 0 1 0 0 0 0 0 0 0 0 0 0 0 0 0 0 0 0 0 0 0 0 0 0 0 0 0 2 0 0 0 0 0 0 0 0 0 0 0 2 0 0 0 2 3 0 0 0 0 0 0 0 0 0 0 10 27 21 9 0 8 0 52 8 25 26 0 11 1 24 0 0 13 0 9 0 0 0 0 0 0 0 2 10 0 2 0 0 9 0 0 0 0 0 14 0 0 0 0 0 0 0 0 0 0 0 0 0 0 0 0 0 0 0 0 0 0 1 0 0 0 1 0 0 0 0 0 0 2 13 2 2 0 0 0 0 0 2 0 0 0 29 0 0 0 0 0 0 0 0 0 0 0 0 0 0 0 0 0 0 0 0 0 0 0 
 0 0 1 1 146 73 0 3 0 5 0 0 27 0 0 4 0 0 0 0 185 0 382 73 320 313 96 179 103 191 59 48 221 211 63 50 174 127 161 282 85 0 21 20 0 0 0 0 4 14 1 15 0 0 4 0 3 0 0 40 4 0 1 0 0 0 0 0 0 29 4 3 0 2 0 52 0 0 3 1 0 0 0 0 17 0 0 0 0 0 0 1 0 0 0 0 0 0 0 0 12 20 7 26 0 7 10 0 12 0 0 0 15 0 13 12 12 31 8 10 10 0 0 0 0 0 12 1 0 27 0 0 0 13 0 0 0 0 0 23 0 0 0 0 0 0 0 0 0 0 0 0 0 0 0 0 0 5 0 0 0 0 0 0 20 0 0 0 0 0 0 0 31 2 0 0 0 0 0 1 0 1 6 1 1 17 19 0 36 0 13 0 30 59 0 20 15 10 22 13 0 0 0 0 0 0 0 0 1 0 0 0 0 0 0 0 0 0 9 0 0 0 0 0 0 0 0 0 0 0 0 14 0 0 0 0 0 0 0 0 0 0 10 0 0 0 0 0 0 74 0 0 0 0 6 0 2 78 0 0 0 20 0 0 0 0 0 0 0 0 0 0 0 0 0 0 0 0 0 0 0 7 0 0 0 0 0 0 0 0 
 0 3 0 0 3 0 0 0 0 0 0 2 0 2 2 4 0 0 0 0 95 382 0 116 261 241 66 416 91 60 102 34 43 37 72 121 191 219 48 51 8 0 0 0 0 2 64 0 3 0 5 2 60 2 3 0 3 1 32 69 0 0 0 0 0 0 0 0 0 0 0 3 0 2 0 6 0 0 3 0 0 0 0 0 0 0 0 0 0 1 0 0 0 0 0 0 0 0 0 0 0 3 18 23 14 13 1 0 0 9 31 27 0 0 39 32 0 25 0 0 3 0 2 0 0 0 14 7 8 0 0 0 24 2 27 1 0 0 10 42 0 0 0 0 0 0 0 0 0 0 0 0 0 0 0 0 0 6 0 0 0 0 0 0 0 0 0 0 0 0 0 0 0 0 0 2 0 0 0 0 0 14 0 1 30 14 0 14 63 53 35 8 0 0 0 27 0 25 0 0 20 20 9 0 0 0 44 0 0 0 0 0 28 0 4 2 1 0 18 46 0 0 0 0 0 0 0 0 0 0 0 0 0 16 0 0 0 0 0 0 0 0 0 0 0 0 0 0 0 0 0 0 0 0 9 0 2 48 5 0 0 11 0 0 0 0 0 0 0 0 0 0 0 0 0 0 0 0 0 14 0 0 0 0 0 9 9 0 0 0 
 1 4 2 1 1 79 2 2 2 1 2 23 6 2 76 3 4 1 2 1 51 73 116 0 203 43 101 84 131 206 183 131 36 57 136 54 66 265 62 57 62 0 0 0 0 0 75 2 3 0 0 2 0 1 69 1 3 0 0 0 0 0 0 0 0 6 0 4 0 0 0 3 0 2 0 0 0 0 3 0 0 0 0 0 0 0 0 0 0 0 0 0 0 0 0 0 0 0 0 0 0 10 0 12 8 19 0 11 11 15 12 23 0 10 0 0 33 17 0 0 23 0 10 0 0 0 35 0 10 0 0 0 0 23 24 12 0 0 9 0 1 0 0 0 0 4 0 0 0 0 0 0 0 0 0 0 0 0 0 0 0 0 0 0 0 0 0 0 0 0 0 0 3 0 0 0 0 0 0 0 0 0 0 11 1 9 11 12 7 0 20 10 0 11 0 24 25 19 0 0 0 12 0 0 0 0 8 7 0 10 0 0 13 18 0 0 0 0 10 27 1 0 0 0 0 0 0 0 0 0 0 0 0 0 0 12 0 0 0 0 0 0 0 0 0 0 0 0 0 0 0 0 0 0 3 0 0 92 76 0 2 0 0 0 0 0 0 0 0 0 0 0 0 0 0 0 0 0 0 0 0 0 0 0 0 1 0 4 0 0 
 3 3 3 3 3 3 3 77 3 3 3 5 3 3 3 3 3 3 3 3 51 320 261 203 0 301 40 69 156 251 185 59 50 59 177 224 244 222 60 68 4 1 0 0 0 0 62 4 3 1 1 1 62 2 34 0 3 0 62 72 4 0 2 0 0 0 0 0 0 0 0 2 0 3 0 35 0 4 3 0 0 0 0 0 0 0 0 0 0 0 0 0 0 0 0 0 0 0 0 0 0 0 13 23 0 35 0 0 9 10 17 26 0 0 0 11 12 71 0 0 15 0 0 0 0 0 26 7 13 0 0 0 9 12 7 0 0 0 26 8 0 0 0 0 0 3 1 1 0 0 0 0 0 17 0 0 0 8 0 0 0 0 0 0 0 0 0 0 1 0 0 0 0 0 1 0 0 0 0 0 0 0 0 0 33 3 0 0 29 6 24 3 0 0 0 24 15 25 0 0 19 51 0 0 0 0 27 1 0 0 0 0 22 0 10 0 0 0 62 35 0 0 0 0 0 0 0 0 0 13 0 0 0 0 0 0 0 0 0 0 0 0 0 0 0 0 0 0 0 0 0 0 0 0 14 2 0 136 3 0 2 0 0 0 0 0 0 0 0 0 0 0 0 0 0 0 0 0 0 11 0 0 0 0 0 12 10 0 0 0 
 0 0 2 0 0 0 74 0 0 0 0 0 0 0 0 3 0 0 0 0 103 313 241 43 301 0 108 112 126 34 95 121 44 114 37 432 123 369 59 52 1 0 0 0 0 0 57 1 3 2 0 1 146 0 5 0 65 61 84 133 0 0 0 0 0 0 0 4 0 0 0 1 0 3 0 0 0 0 2 0 0 0 0 0 0 0 0 0 0 0 0 0 0 0 0 0 0 0 0 0 0 0 32 18 2 21 13 14 1 0 7 28 0 0 13 27 0 29 0 0 3 0 3 0 0 0 0 2 0 0 7 0 14 12 33 2 0 0 1 42 10 1 0 0 0 0 0 0 0 0 0 0 0 0 0 0 0 4 0 0 0 0 0 0 0 0 0 0 0 0 0 10 0 0 0 0 0 0 0 0 11 1 0 0 1 6 0 6 39 11 37 1 0 0 0 0 0 12 0 0 24 0 8 0 0 0 0 0 8 0 0 0 12 0 11 0 1 0 0 38 0 0 0 0 0 0 0 0 0 0 0 0 0 0 0 0 0 0 0 0 0 0 0 0 0 0 0 0 0 0 0 0 0 0 12 1 1 75 0 1 0 18 0 0 0 0 0 62 0 0 0 0 0 0 0 0 0 0 0 17 0 0 0 0 0 23 0 0 0 0 
 0 0 75 36 0 85 74 0 0 0 83 0 0 2 0 0 22 79 0 0 160 96 66 101 40 108 0 205 223 37 157 207 155 128 95 34 106 534 53 271 0 66 0 0 0 1 0 2 3 7 0 2 0 1 9 0 3 0 4 1 0 0 9 0 0 9 0 0 0 0 0 3 0 2 0 1 0 0 4 2 0 0 0 11 19 0 0 0 18 0 0 0 0 0 0 0 0 0 0 0 25 7 36 0 19 0 35 40 38 25 16 19 2 43 39 9 48 0 17 0 0 0 0 0 0 0 25 0 0 0 0 0 0 0 0 0 0 0 0 0 0 0 0 0 0 0 0 3 0 0 0 0 2 0 0 0 0 0 0 0 0 0 0 0 0 0 0 0 0 0 0 0 0 5 0 0 0 0 0 0 22 18 26 31 0 10 13 38 9 43 32 0 5 14 54 24 17 21 21 13 0 0 0 0 0 0 0 0 0 0 2 0 0 0 0 0 0 0 0 14 0 0 0 0 0 0 0 0 0 0 0 0 0 0 0 0 0 7 0 0 0 0 0 0 0 1 0 0 17 36 0 0 0 0 12 2 0 0 0 0 2 1 0 0 0 0 0 0 0 0 1 0 0 0 0 0 0 0 0 0 0 9 0 0 0 0 0 0 0 0 
 3 6 3 77 47 33 3 7 3 5 3 5 3 3 3 6 3 3 3 3 67 179 416 84 69 112 205 0 244 38 58 50 268 138 138 272 71 315 138 282 17 0 0 0 0 1 0 0 3 0 0 2 0 2 3 0 3 0 1 0 2 0 0 0 0 0 0 0 0 0 0 3 0 2 0 0 0 0 4 1 0 1 0 0 18 9 0 0 4 0 0 0 0 0 0 43 19 0 0 0 16 7 17 0 10 8 25 25 0 4 16 2 0 15 18 40 1 16 18 0 59 0 0 0 0 0 0 0 0 52 0 0 0 0 2 0 0 0 0 14 0 0 0 0 0 4 0 0 0 0 0 0 12 0 0 0 0 10 0 0 0 0 0 0 11 0 0 0 0 0 0 0 0 3 0 0 0 0 0 0 0 10 32 7 12 0 0 11 29 8 6 0 46 20 0 19 36 0 13 0 13 0 1 0 1 0 16 0 0 0 0 0 43 0 0 19 16 0 0 15 0 0 0 0 0 0 0 0 0 0 0 0 0 0 0 1 0 0 0 0 0 0 0 0 0 0 0 0 0 74 0 0 0 0 7 2 1 0 1 2 24 14 0 0 0 0 0 0 0 0 0 0 0 0 0 0 0 0 0 0 0 0 0 0 0 0 0 0 0 0 
 1 3 0 0 0 0 0 0 0 0 6 0 39 0 0 0 0 0 2 0 36 103 91 131 156 126 223 244 0 173 44 119 112 84 115 46 63 185 84 49 3 0 3 13 4 0 0 0 3 0 3 2 1 18 3 0 4 2 10 0 0 0 4 0 3 10 0 0 2 0 0 2 0 4 0 0 0 0 6 0 2 0 0 0 14 0 2 5 1 0 0 0 0 0 0 0 0 0 0 0 10 71 21 1 28 10 65 0 44 26 27 13 0 0 6 14 11 32 0 0 0 0 0 0 0 0 14 0 0 0 0 0 12 6 0 0 0 0 30 0 0 0 0 0 0 0 0 14 0 0 0 0 4 0 1 0 0 0 9 0 0 0 0 0 0 13 0 0 0 0 0 0 13 0 0 0 0 0 0 0 18 22 0 0 19 9 9 21 22 38 38 7 0 1 19 4 25 9 8 0 10 0 1 0 0 0 44 0 0 0 0 0 9 0 0 0 0 0 20 13 0 0 0 0 0 0 0 0 0 0 0 0 0 0 0 0 0 0 0 0 0 0 0 0 0 0 0 0 0 0 0 0 0 0 13 2 2 40 2 0 2 0 0 0 0 0 0 0 0 0 0 0 0 0 0 0 0 0 0 0 0 11 0 0 0 0 0 0 0 0 
 0 1 0 0 0 0 1 4 1 2 0 3 2 1 0 0 0 0 0 0 35 191 60 206 251 34 37 38 173 0 223 191 72 135 575 164 157 162 84 95 0 0 0 0 0 0 1 100 66 1 0 1 0 0 4 0 3 0 3 0 0 0 0 0 0 0 0 0 0 0 0 2 0 3 0 16 0 0 4 0 0 0 0 0 9 0 0 0 0 0 0 0 0 0 0 0 0 0 0 0 0 35 0 28 42 0 13 0 44 19 8 18 9 9 0 0 3 21 0 9 8 14 0 0 0 0 52 6 0 4 4 0 9 1 0 2 0 0 13 6 0 0 0 0 0 2 0 0 0 0 0 0 0 0 0 0 0 0 0 0 0 0 0 0 0 0 0 0 0 0 0 0 30 0 0 0 0 0 0 10 32 46 20 62 36 24 44 0 13 0 0 13 4 22 0 31 12 28 0 0 11 18 1 0 0 0 40 0 0 0 0 6 14 0 0 0 0 0 42 10 0 0 0 0 0 0 0 0 0 0 0 0 0 0 0 0 0 0 0 0 0 0 14 0 0 0 0 0 0 0 0 0 0 0 13 2 2 126 1 1 0 0 0 0 0 0 0 0 0 0 0 0 0 0 0 0 0 0 0 0 0 6 0 0 0 0 10 0 0 0 
 0 0 1 0 2 77 0 4 0 0 2 28 0 0 0 0 0 0 0 0 112 59 102 183 185 95 157 58 44 223 0 272 39 110 310 172 169 447 41 71 73 0 0 0 0 0 0 62 3 8 0 2 0 62 3 0 3 0 6 0 2 0 0 0 0 0 5 3 0 0 0 3 54 2 0 0 0 0 3 5 0 0 0 0 0 0 0 0 0 0 0 0 1 0 0 0 0 0 11 11 14 0 0 12 0 23 19 42 24 9 27 0 0 30 20 0 23 9 0 0 21 21 0 0 0 0 21 18 18 0 2 19 14 1 24 20 0 0 3 19 1 0 0 0 0 0 0 0 0 0 0 0 0 0 0 0 0 0 0 0 0 0 0 0 0 0 0 0 0 0 4 0 0 1 0 0 0 0 0 2 26 17 0 41 0 0 22 22 0 0 0 1 0 30 13 0 10 14 0 1 19 39 0 0 0 0 0 0 2 3 0 0 17 29 0 22 0 1 12 1 0 0 10 0 0 0 0 0 0 0 0 0 0 0 0 0 0 0 0 0 0 0 0 0 0 0 0 0 0 0 0 0 0 0 18 0 0 84 0 0 3 1 0 0 0 0 0 0 0 0 0 0 0 0 0 0 0 0 0 0 0 0 0 0 0 0 9 15 0 0 
 0 0 0 0 0 0 0 5 1 0 0 1 0 0 0 0 0 0 0 0 156 48 34 131 59 121 207 50 119 191 272 0 103 89 34 60 139 326 52 177 64 0 0 0 1 0 0 65 3 4 0 3 0 62 3 0 3 0 7 0 0 0 2 0 0 11 0 0 0 0 0 3 0 29 0 0 0 0 3 0 0 0 0 0 0 0 0 0 0 2 16 0 0 0 0 0 0 0 14 0 0 19 14 17 28 1 25 8 15 14 14 35 0 21 32 0 39 15 0 0 20 19 1 0 1 0 27 0 0 0 0 9 0 0 0 66 0 0 17 2 1 0 0 0 0 0 0 0 0 0 0 11 0 0 0 0 0 0 0 0 0 0 0 0 1 0 0 0 0 0 0 0 4 0 0 1 1 0 0 0 9 31 0 0 0 16 0 19 6 25 29 2 0 27 65 0 0 0 14 0 32 0 1 0 0 0 11 0 0 0 0 0 1 47 0 16 0 1 4 14 1 0 0 0 0 0 0 3 0 0 0 0 0 0 0 0 0 0 0 0 0 0 0 0 0 0 0 0 0 0 0 2 0 0 7 0 0 2 3 4 1 4 0 0 0 0 0 0 0 0 0 0 0 0 0 0 0 0 0 0 0 0 0 0 0 0 0 0 0 0 
 2 2 25 2 3 3 2 2 2 74 2 2 4 2 2 2 3 7 2 2 134 221 43 36 50 44 155 268 112 72 39 103 0 187 38 96 21 57 166 33 0 0 11 0 1 21 2 3 24 21 21 24 0 0 4 2 3 2 1 2 11 0 2 0 0 0 0 0 0 0 0 3 0 2 0 0 2 0 8 10 0 13 11 0 10 8 0 0 0 18 11 0 0 0 0 13 0 0 0 0 15 3 28 11 9 1 2 0 18 13 8 0 0 14 10 1 11 0 14 22 0 0 0 0 0 0 4 0 0 0 0 0 0 0 0 0 0 0 11 0 0 0 0 0 0 0 0 5 0 0 0 0 11 0 4 0 0 0 0 0 0 0 0 0 10 15 0 1 0 0 0 0 0 0 0 0 0 0 0 0 31 11 13 0 0 0 22 14 0 25 11 0 0 0 29 9 22 0 11 0 0 0 0 0 0 1 0 0 0 0 0 0 0 0 0 0 0 2 0 0 0 0 0 0 0 0 0 0 0 0 0 0 0 0 0 0 0 0 0 0 0 0 0 0 0 0 0 0 0 74 0 0 5 0 7 0 0 0 0 0 2 0 17 0 0 2 0 0 0 0 0 0 0 0 0 0 0 0 0 0 0 5 0 0 0 0 0 0 0 0 
 0 2 0 2 148 75 0 0 0 0 0 0 0 0 0 1 0 0 0 0 115 211 37 57 59 114 128 138 84 135 110 89 187 0 57 34 48 30 82 172 4 0 0 0 0 0 0 0 3 1 0 2 0 0 7 0 4 0 6 0 0 4 0 4 0 0 0 0 0 0 0 6 0 3 0 0 0 0 6 0 0 0 0 0 11 0 0 0 0 2 0 0 0 0 0 0 1 0 0 1 33 14 6 19 11 0 26 0 19 12 14 14 1 16 17 1 20 13 8 0 13 0 0 0 0 0 11 0 0 7 0 0 0 16 0 0 0 0 15 0 0 0 0 0 0 0 0 2 0 0 0 2 17 0 1 0 0 0 0 0 0 0 0 1 11 67 0 0 0 0 0 0 26 0 0 0 0 0 0 0 15 28 35 19 0 10 52 0 0 43 11 30 7 32 41 2 13 14 13 10 0 1 0 0 13 0 0 0 0 0 0 2 0 0 0 0 0 0 0 0 0 0 0 0 0 0 0 0 0 0 0 2 0 0 0 0 0 0 0 0 0 0 1 0 0 0 0 0 0 77 0 0 0 0 8 0 0 0 0 0 0 0 0 0 0 0 0 0 0 0 0 0 0 0 0 0 0 0 0 0 0 36 0 0 0 0 0 0 0 2 
 2 0 0 0 182 129 2 2 2 0 74 0 0 0 0 6 0 0 0 0 27 63 72 136 177 37 95 138 115 575 310 34 38 57 0 84 65 160 76 191 1 2 0 0 4 0 0 0 3 3 0 2 0 0 5 0 6 0 59 3 0 0 1 3 0 0 0 0 0 0 0 2 0 9 0 0 0 0 3 0 0 0 9 0 9 9 0 0 0 52 0 0 0 0 21 0 0 0 0 0 14 20 12 0 0 0 0 30 22 0 16 0 0 0 0 0 32 23 1 0 0 0 0 0 0 0 12 0 0 0 0 0 0 0 0 0 0 0 0 12 11 0 0 0 0 0 0 1 0 0 0 0 6 0 7 0 0 0 0 0 0 0 0 0 10 34 0 0 0 0 0 0 6 0 0 14 0 9 0 0 11 10 3 23 1 9 39 14 7 16 0 19 0 23 0 14 47 15 16 11 0 0 0 0 0 0 0 0 0 0 0 0 0 0 0 0 0 0 18 0 0 0 0 0 0 0 0 0 0 5 0 0 0 0 0 0 0 0 0 0 0 0 0 0 0 0 0 0 0 0 1 0 0 0 11 0 1 0 0 0 1 3 1 0 0 0 11 0 0 0 0 0 0 0 0 0 0 0 0 0 0 1 0 0 0 0 0 0 0 0 
 0 0 0 73 1 0 0 8 0 3 0 2 0 0 0 2 0 0 0 0 67 50 121 54 224 432 34 272 46 164 172 60 96 34 84 0 141 189 30 65 6 0 0 0 0 0 0 4 6 3 3 2 11 3 3 0 6 0 0 62 1 5 0 0 0 0 0 0 0 0 0 3 0 2 0 1 1 0 3 2 0 0 0 0 0 0 0 0 0 0 0 0 0 0 0 0 0 0 0 0 0 0 19 11 12 19 0 0 1 20 34 40 0 1 11 21 0 38 0 0 21 9 0 0 0 0 24 8 0 0 0 0 53 14 10 0 0 1 12 10 0 0 0 0 0 5 0 0 0 1 10 0 0 18 0 2 0 0 0 0 0 0 0 0 0 0 0 0 1 0 0 0 0 0 0 0 0 2 0 0 0 1 0 0 77 0 0 8 14 16 37 0 0 0 0 12 0 8 0 0 18 12 0 0 0 0 12 0 0 0 0 0 25 0 0 0 0 0 13 56 0 0 0 0 0 0 0 0 0 0 2 0 0 0 0 0 0 0 0 0 0 0 8 0 0 0 0 0 0 0 0 0 0 0 9 0 2 162 1 4 2 0 0 0 0 0 0 0 0 0 0 0 0 0 0 0 0 0 0 7 0 0 0 0 0 10 8 0 0 0 
 0 0 0 0 0 0 0 6 2 0 97 0 21 0 2 2 0 0 0 0 22 174 191 66 244 123 106 71 63 157 169 139 21 48 65 141 0 147 40 118 0 0 1 0 0 0 2 0 3 1 0 2 62 0 3 0 3 0 5 32 0 0 3 0 0 5 0 0 0 0 0 3 0 2 0 0 0 0 3 0 0 0 0 0 0 0 0 0 0 0 1 0 0 0 0 0 0 0 2 0 1 19 0 29 27 8 0 0 27 1 11 12 0 11 32 11 12 33 0 0 0 0 0 0 1 0 17 0 0 7 0 0 0 16 19 0 0 0 0 15 0 0 0 0 0 0 0 1 0 0 0 0 0 0 0 0 0 7 0 0 0 0 0 12 0 1 0 0 0 21 0 0 6 0 0 0 0 0 0 0 6 27 11 17 0 34 2 25 37 13 13 29 7 8 19 24 11 11 0 9 19 0 1 0 0 0 2 0 0 0 0 0 0 0 11 0 0 0 22 18 0 0 0 0 0 0 0 0 0 0 0 0 0 0 1 0 0 0 0 0 0 0 1 0 0 0 0 0 0 0 0 0 0 0 9 0 0 1 3 1 1 14 0 0 0 0 0 0 0 0 0 0 0 0 0 0 0 0 0 8 0 7 0 0 0 0 0 0 0 0 
 0 0 0 0 4 25 0 0 0 1 0 0 0 1 0 0 1 0 0 0 314 127 219 265 222 369 534 315 185 162 447 326 57 30 160 189 147 0 231 113 0 0 0 0 66 0 92 66 3 3 0 2 0 0 3 0 3 0 85 0 0 0 7 0 0 0 0 0 0 0 0 3 0 2 25 0 30 0 3 0 0 0 0 0 0 0 0 0 0 0 0 0 0 0 0 0 0 0 0 0 0 0 24 0 11 32 16 35 27 0 24 105 0 5 7 13 45 30 0 0 20 25 0 0 0 0 9 0 0 0 0 1 0 16 0 10 0 0 0 0 0 0 0 0 0 3 1 0 0 0 0 0 0 0 41 0 0 0 0 0 0 0 0 0 1 9 0 0 0 0 0 0 3 12 0 0 0 0 0 0 13 13 0 21 11 11 18 59 36 36 20 28 0 0 5 10 21 6 1 11 11 0 1 0 0 0 0 1 0 0 1 0 11 0 0 0 0 0 54 11 0 0 0 20 0 0 0 0 0 0 0 0 0 0 0 0 0 0 0 0 0 0 0 0 0 0 0 0 0 0 0 0 0 0 2 3 0 3 0 5 5 0 0 0 0 0 13 0 0 0 0 0 0 0 0 0 0 0 0 0 0 0 0 0 0 0 0 0 0 0 
 1 78 74 74 82 74 0 0 73 77 101 75 0 41 5 1 111 2 0 0 37 161 48 62 60 59 53 138 84 84 41 52 166 82 76 30 40 231 0 281 0 65 0 0 0 0 199 92 3 0 0 2 0 0 3 0 3 1 0 0 0 0 46 0 1 0 0 0 0 0 0 2 0 3 0 0 0 0 4 0 0 0 0 21 22 16 0 0 2 26 0 24 2 18 18 12 31 31 0 0 0 9 15 0 0 0 0 22 0 22 0 0 0 13 0 10 0 0 9 45 0 0 0 0 0 0 0 0 2 0 0 0 0 0 0 0 0 0 0 0 0 0 5 0 0 1 0 0 1 0 0 11 1 0 0 0 0 0 0 0 0 0 0 25 2 0 0 0 13 21 18 23 19 3 0 1 5 11 0 0 0 0 18 1 0 0 0 1 0 0 0 0 22 24 0 0 0 0 12 3 0 0 0 0 0 0 0 0 0 0 0 0 0 0 1 0 0 0 0 2 0 0 0 0 0 0 0 0 0 0 0 0 0 0 0 0 0 0 0 0 0 5 0 0 0 0 30 0 0 1 19 0 8 0 9 1 1 0 0 0 21 1 0 0 0 0 0 0 0 0 0 0 0 0 0 0 0 0 0 0 0 0 0 0 0 0 0 0 0 0 
 0 76 1 186 13 4 0 0 0 0 14 82 1 0 0 14 0 74 0 3 159 282 51 57 68 52 271 282 49 95 71 177 33 172 191 65 118 113 281 0 0 1 2 0 0 0 0 0 5 12 0 2 0 0 6 3 3 0 108 1 32 0 21 0 2 0 0 0 0 0 0 3 0 2 0 0 0 0 3 0 0 0 0 1 36 14 0 0 0 22 0 0 0 0 0 0 0 0 0 0 51 0 21 1 17 0 28 52 36 1 0 25 17 42 50 4 18 0 56 11 0 0 0 0 0 0 0 0 0 0 0 0 0 0 0 0 0 0 0 0 0 0 5 0 0 0 0 0 0 2 0 0 0 0 3 0 0 0 0 0 0 2 0 0 2 3 0 0 2 0 9 0 0 5 0 0 0 11 0 0 30 28 14 29 0 11 0 69 7 20 20 1 35 18 17 1 0 13 0 12 0 0 0 0 0 0 0 0 0 0 0 0 0 0 0 0 0 0 0 0 0 0 0 0 0 0 0 0 0 0 1 0 0 0 0 0 0 0 0 0 0 0 0 0 0 0 1 0 0 89 0 0 0 0 15 2 0 0 0 1 22 2 0 1 0 0 13 0 0 0 0 2 0 0 0 0 0 0 0 0 0 0 0 0 0 0 0 0 0 0 
 0 0 0 0 0 0 0 0 11 64 0 21 1 0 0 0 0 0 0 0 0 85 8 62 4 1 0 17 3 0 73 64 0 4 1 6 0 0 0 0 0 256 372 46 37 41 121 411 44 44 41 40 278 113 107 97 67 40 261 380 0 0 1 0 0 0 0 17 0 0 0 0 0 0 0 0 0 0 0 0 0 0 0 0 0 0 0 0 0 0 0 0 0 0 0 0 0 0 0 0 0 0 0 0 0 25 0 0 0 3 1 0 0 0 0 3 0 5 0 0 0 27 5 38 0 1 27 0 38 0 18 33 11 24 26 26 0 1 0 0 0 0 0 0 0 0 1 0 0 0 0 0 0 0 0 10 0 0 0 0 0 1 0 0 0 0 0 0 0 0 20 0 0 0 0 0 0 0 7 0 0 0 0 0 29 29 0 0 2 0 0 9 0 0 0 0 0 2 0 0 17 25 11 0 0 0 1 0 19 34 12 5 25 38 0 19 0 8 18 29 0 0 0 0 0 0 0 0 0 0 0 0 0 0 0 6 0 0 0 12 0 0 0 0 0 0 0 0 0 25 0 5 0 2 0 0 0 0 4 2 0 0 0 1 1 23 0 0 2 0 0 0 0 0 0 0 0 0 0 0 0 0 0 0 1 16 0 0 2 0 
 2 6 2 2 2 2 2 2 2 2 3 2 5 2 3 3 2 2 2 2 0 0 0 0 1 0 66 0 0 0 0 0 0 0 2 0 0 0 65 1 256 0 114 180 326 49 396 119 147 149 103 63 38 142 137 261 179 160 93 44 1 0 3 1 5 49 2 0 0 0 3 3 0 0 0 2 2 4 0 0 0 1 0 0 0 0 0 0 0 0 0 9 0 0 0 0 0 0 0 0 0 0 0 0 0 0 0 0 0 0 0 6 0 0 0 0 0 0 0 0 0 32 0 16 10 7 18 9 15 0 22 38 14 0 12 20 4 10 10 2 10 0 0 0 0 0 2 0 0 0 0 0 0 48 0 0 0 0 19 0 0 0 0 0 0 0 0 0 0 0 0 0 0 0 0 0 0 0 4 0 0 0 0 13 0 0 0 0 0 0 0 0 0 0 0 0 0 0 0 0 24 27 17 3 23 0 8 0 12 15 24 31 30 17 44 55 0 17 0 7 0 0 0 0 0 0 0 0 0 0 0 0 10 0 0 0 0 0 0 13 0 0 0 0 0 0 0 0 0 0 0 8 2 0 0 0 0 0 2 0 0 0 0 39 2 3 0 65 2 0 0 0 0 0 0 2 0 0 0 0 0 0 8 0 0 0 0 0 0 0 
 0 0 0 0 0 0 0 0 2 0 0 0 0 3 0 0 0 0 0 0 0 21 0 0 0 0 0 0 3 0 0 0 11 0 0 0 1 0 0 2 372 114 0 197 82 102 336 131 216 193 155 136 96 200 36 45 107 65 47 322 51 6 0 0 2 0 18 4 0 206 0 0 4 5 0 87 5 0 2 51 0 0 0 0 0 0 0 0 0 0 0 0 0 0 0 0 0 0 0 0 0 0 0 0 0 0 0 0 0 0 0 0 0 0 0 0 0 0 0 0 0 0 3 17 15 14 0 33 0 42 39 0 20 1 1 0 0 16 0 0 2 9 4 0 4 0 4 0 0 0 6 0 7 4 1 3 3 28 1 2 0 6 0 0 0 0 0 0 0 0 0 0 0 0 0 0 0 0 6 0 0 0 0 0 0 0 0 0 0 0 0 0 0 0 0 0 0 0 0 0 0 1 33 74 11 0 0 12 0 0 0 1 6 0 14 1 12 16 0 34 21 6 0 0 0 0 99 8 0 0 5 0 56 30 8 5 0 8 22 27 0 0 0 0 0 0 0 0 0 0 0 8 0 1 1 0 0 0 0 2 0 0 0 0 2 25 0 0 1 0 18 0 0 0 0 0 0 0 0 0 0 1 0 1 3 0 0 8 0 0 
 1 3 2 1 1 2 1 4 2 1 3 1 4 2 3 6 2 69 2 0 0 20 0 0 0 0 0 0 13 0 0 0 0 0 0 0 0 0 0 0 46 180 197 0 112 250 88 137 181 303 77 368 130 202 133 145 243 86 77 139 51 0 1 0 3 0 0 40 1 0 0 2 0 1 0 56 3 2 5 0 0 0 0 0 0 0 0 0 0 0 0 0 0 0 0 0 0 0 0 0 0 0 0 0 0 0 0 0 0 0 0 0 0 0 0 0 0 0 0 9 0 12 0 18 11 14 0 16 5 0 43 12 0 0 11 20 10 13 12 0 33 0 0 0 0 0 5 0 0 9 0 13 15 8 1 0 0 19 7 0 0 0 0 0 0 0 0 0 0 0 0 0 0 0 0 0 9 0 2 0 0 0 0 0 0 0 0 0 0 0 0 0 0 0 0 0 0 0 0 0 11 0 5 34 38 24 23 9 11 0 7 11 11 0 1 23 4 11 0 4 0 0 0 5 0 0 0 0 0 0 0 0 25 2 16 0 0 0 12 0 0 0 0 0 0 0 0 0 0 0 0 8 0 0 0 0 0 0 0 12 0 0 2 61 0 0 0 1 1 0 12 0 0 0 0 0 0 0 0 0 0 0 1 0 7 0 0 0 0 0 
 3 5 3 3 3 3 3 3 3 3 3 3 6 3 2 8 3 3 3 3 0 0 0 0 0 0 0 0 4 0 0 1 1 0 4 0 0 66 0 0 37 326 82 112 0 122 137 156 78 160 471 169 72 162 580 224 68 131 65 59 0 5 4 0 0 0 57 0 3 0 0 1 0 5 58 7 137 0 7 0 0 0 6 0 0 0 0 0 0 0 0 0 0 0 0 0 0 0 0 0 0 0 0 0 0 0 0 0 0 0 0 0 0 0 0 0 0 0 0 0 0 20 7 11 10 55 0 1 0 16 0 16 0 0 0 8 10 0 0 0 0 0 25 5 0 0 10 13 0 1 5 0 10 20 13 6 2 0 23 19 0 0 0 0 10 0 0 0 0 0 0 0 0 0 6 0 12 0 0 18 0 0 0 0 0 0 0 0 0 0 0 0 0 0 0 0 0 0 0 0 14 0 3 0 18 8 0 0 16 14 13 24 0 0 0 19 0 52 0 0 16 14 0 0 0 0 40 0 4 0 5 0 0 12 1 21 3 0 0 9 0 0 0 0 0 0 0 0 0 0 0 22 0 0 0 0 0 0 0 2 0 0 4 0 38 2 0 3 9 0 0 0 0 0 0 0 0 0 0 0 0 0 0 0 11 0 0 0 0 0 
 2 3 3 2 2 3 9 5 3 2 3 2 3 3 3 97 3 5 3 2 0 0 2 0 0 0 1 1 0 0 0 0 21 0 0 0 0 0 0 0 41 49 102 250 122 0 97 21 123 72 184 32 43 133 336 92 68 59 52 64 54 52 65 0 6 0 98 0 3 1 0 0 24 18 3 1 7 60 28 139 0 0 0 0 0 0 0 0 0 0 0 0 0 0 0 0 0 0 0 0 0 0 0 0 0 0 0 0 0 0 0 0 0 0 0 0 0 0 0 0 0 0 6 0 10 34 0 0 0 37 0 1 0 0 0 0 0 49 0 0 0 0 20 0 4 0 6 28 0 3 0 0 12 18 46 0 37 24 0 19 0 0 0 0 0 0 1 0 0 0 0 0 0 0 4 0 0 0 0 0 0 0 0 0 0 0 0 0 0 0 0 0 0 0 0 0 0 0 0 1 0 0 24 19 0 0 0 0 0 7 0 37 0 0 0 0 9 26 0 0 54 3 0 29 1 0 21 12 0 63 0 1 35 39 37 7 41 0 13 33 0 0 0 0 0 0 1 0 0 0 0 10 0 0 0 0 0 0 0 5 0 0 0 0 1 0 0 0 0 0 1 0 0 0 0 1 0 0 0 0 0 0 0 0 0 0 0 10 1 0 
 0 0 0 0 0 0 0 0 0 0 0 22 0 0 0 0 0 0 0 0 0 0 64 75 62 57 0 0 0 1 0 0 2 0 0 0 2 92 199 0 121 396 336 88 137 97 0 415 62 262 51 55 202 97 83 34 113 23 113 237 0 0 1 3 0 0 0 5 3 0 4 9 0 203 0 53 0 1 7 0 0 0 0 0 0 0 0 0 0 0 0 0 0 0 0 0 0 0 0 0 0 0 0 0 0 34 0 0 1 0 0 29 0 0 0 0 13 0 0 0 2 0 11 0 6 9 29 0 11 11 8 12 0 0 18 4 0 0 0 12 0 0 2 2 0 0 0 6 0 0 0 0 0 0 17 14 0 0 0 0 0 0 0 0 0 0 0 0 8 0 0 0 0 0 0 0 0 0 0 0 0 0 0 0 0 0 0 0 21 0 0 1 0 0 0 3 1 13 0 0 10 6 7 0 0 10 0 11 36 27 11 0 0 19 11 0 28 10 20 1 0 0 3 2 0 0 0 0 5 1 15 31 0 3 0 1 1 0 12 13 0 0 0 0 0 0 0 0 0 0 0 2 0 0 0 1 0 0 2 0 0 0 0 2 67 2 0 0 0 0 48 0 0 0 0 0 0 0 0 0 0 0 0 0 10 15 0 0 0 0 
 0 0 25 0 0 0 0 0 0 0 0 0 0 0 0 0 0 0 0 0 4 0 0 2 4 1 2 0 0 100 62 65 3 0 0 4 0 66 92 0 411 119 131 137 156 21 415 0 69 81 90 37 103 232 210 96 94 93 117 92 0 0 2 0 0 0 0 0 0 0 0 0 0 0 0 0 0 0 0 2 0 0 0 0 0 0 0 0 0 0 0 0 0 0 0 13 0 0 0 0 0 0 0 0 0 0 0 0 0 19 0 16 0 0 0 0 0 7 0 0 15 14 12 18 10 8 8 0 2 9 8 21 10 0 0 14 26 0 0 0 9 0 0 0 0 0 6 0 0 0 0 0 0 9 9 0 0 0 12 0 0 59 0 0 0 0 0 0 1 5 0 0 0 0 0 0 0 0 2 0 0 0 0 1 0 0 0 0 0 0 0 11 0 0 0 0 0 0 0 0 29 0 0 0 9 7 0 0 33 18 0 12 21 14 22 29 0 4 10 13 10 0 0 0 0 0 0 0 0 0 0 0 0 0 1 0 0 0 0 0 0 0 0 0 0 0 0 0 0 0 0 10 0 1 0 0 0 0 0 2 0 0 0 0 41 15 2 65 0 0 0 0 0 0 0 0 0 0 0 0 0 0 0 0 11 0 0 0 0 0 
 3 3 3 3 3 3 6 6 3 6 3 3 6 3 3 3 3 6 3 6 3 4 3 3 3 3 3 3 3 66 3 3 24 3 3 6 3 3 3 5 44 147 216 181 78 123 62 69 0 515 52 46 74 121 238 96 126 49 287 67 13 0 3 11 0 0 0 0 3 0 4 13 0 8 0 8 0 0 0 25 0 0 0 0 0 0 0 0 0 0 0 0 0 0 0 0 0 0 0 0 0 0 0 0 0 0 0 0 0 0 0 0 0 0 0 0 0 0 0 0 0 10 10 11 22 0 0 26 23 22 12 2 9 0 23 24 0 28 2 0 5 0 16 7 0 0 8 9 0 2 0 0 0 0 26 0 0 1 0 0 0 0 0 0 0 0 0 0 0 0 0 0 0 0 13 0 0 0 1 0 0 0 0 0 0 0 0 0 0 0 8 0 0 0 0 0 0 0 0 0 0 10 11 12 19 0 12 0 14 0 21 17 3 0 0 15 11 7 0 22 14 3 7 0 0 0 5 0 6 0 0 10 29 9 29 0 5 0 14 10 0 0 0 0 0 0 0 0 0 0 0 3 0 0 0 0 0 0 0 1 0 0 1 51 1 3 4 2 0 0 10 0 0 0 0 0 0 0 0 0 0 0 0 0 0 13 0 11 0 0 
 3 3 3 3 3 3 5 3 3 3 3 3 4 3 3 3 3 5 3 5 7 14 0 0 1 2 7 0 0 1 8 4 21 1 3 3 1 3 0 12 44 149 193 303 160 72 262 81 515 0 177 166 113 339 331 210 469 146 400 180 23 2 2 0 0 0 0 0 1 0 2 1 0 0 0 51 1 0 0 2 0 0 0 0 0 0 0 0 0 0 0 0 0 0 0 0 0 0 0 0 0 0 3 0 0 1 8 2 5 0 0 11 0 6 6 0 7 0 0 0 0 12 1 34 9 0 0 8 8 0 26 13 0 0 0 15 39 19 11 0 27 0 19 0 0 0 16 0 0 0 0 6 16 10 1 0 0 25 16 1 0 0 0 0 0 0 0 0 0 0 0 0 0 0 0 0 0 0 0 0 1 8 0 1 0 0 0 10 0 16 7 1 0 0 8 21 0 0 0 0 23 1 0 6 64 0 16 9 0 0 5 10 10 0 11 5 0 0 1 7 0 0 0 6 0 0 0 0 0 0 0 0 16 9 15 0 0 0 25 0 0 0 0 0 0 0 0 0 0 0 0 10 0 0 0 0 0 0 0 2 0 12 0 65 0 2 3 66 1 0 8 0 0 0 0 0 0 0 0 0 0 0 0 0 0 0 0 14 0 0 
 0 0 0 2 0 0 0 0 0 0 0 0 0 1 0 2 0 0 0 0 0 1 5 0 1 0 0 0 3 0 0 0 21 0 0 3 0 0 0 0 41 103 155 77 471 184 51 90 52 177 0 47 66 124 134 103 546 64 455 82 51 0 2 7 0 0 18 3 0 0 6 0 0 0 0 0 2 0 0 78 0 0 0 0 0 0 0 0 0 0 0 15 0 0 0 6 0 0 0 0 0 0 0 0 0 0 0 0 0 0 0 0 0 0 0 0 0 0 0 0 19 19 23 9 0 22 0 0 1 23 0 16 0 0 0 0 9 0 0 0 0 0 10 1 0 0 16 15 0 0 1 0 29 26 37 0 0 11 19 12 0 0 0 0 0 0 3 0 0 0 0 0 0 0 3 0 0 0 0 0 0 0 0 0 0 0 0 0 0 0 0 0 0 0 0 0 0 0 0 0 14 0 40 0 13 0 0 0 2 6 14 19 0 0 0 21 0 25 0 0 13 1 0 0 0 0 4 0 18 0 0 0 12 26 1 0 37 14 8 11 0 0 0 0 0 0 0 0 0 0 0 5 0 0 0 0 0 0 0 0 0 0 77 0 3 0 0 1 0 0 0 0 0 0 0 0 0 0 0 0 0 0 0 0 1 0 0 12 2 0 
 0 0 0 0 0 0 0 2 0 0 0 0 0 0 0 0 0 0 0 0 2 15 2 2 1 1 2 2 2 1 2 3 24 2 2 2 2 2 2 2 40 63 136 368 169 32 55 37 46 166 47 0 29 45 153 39 91 113 29 46 25 18 4 0 0 10 0 0 0 0 0 0 4 0 0 0 0 0 55 2 0 14 0 0 0 0 0 0 0 0 0 0 0 0 0 0 0 0 0 0 0 0 0 0 0 0 0 0 0 0 0 0 0 0 0 0 0 0 0 0 0 0 12 7 11 0 0 6 10 14 6 0 0 0 6 11 21 0 0 0 17 0 68 0 0 3 9 0 0 15 0 10 25 0 11 10 11 5 2 0 0 0 0 0 0 0 0 0 0 0 0 0 0 0 0 0 0 0 0 0 0 0 0 0 0 0 0 0 0 0 0 0 0 0 0 0 0 0 0 0 0 0 1 20 10 22 0 0 0 11 9 8 0 0 30 0 26 20 0 11 0 15 0 28 0 0 0 20 0 0 0 0 37 7 21 8 0 0 10 0 0 0 11 0 0 0 0 0 0 0 0 2 0 0 0 0 0 0 1 17 0 0 2 1 2 0 0 0 0 0 0 0 0 0 0 0 0 0 0 0 0 0 0 0 20 0 0 10 6 0 
 0 0 0 0 0 0 0 3 0 0 0 0 0 0 0 0 0 0 0 0 0 0 60 0 62 146 0 0 1 0 0 0 0 0 0 11 62 0 0 0 278 38 96 130 72 43 202 103 74 113 66 29 0 160 28 39 139 122 211 281 0 0 1 0 5 0 0 1 2 2 0 0 0 1 0 47 0 0 0 2 0 0 0 0 0 0 0 0 0 0 0 0 0 0 0 0 0 0 0 0 0 0 0 7 18 0 0 0 2 0 0 11 0 0 0 0 0 7 0 0 7 0 8 2 8 0 0 18 0 0 16 1 21 8 35 0 0 0 0 9 11 0 0 0 0 0 4 0 0 0 0 0 23 0 0 0 0 0 1 0 0 3 0 0 0 0 0 0 0 0 0 0 0 0 0 0 0 0 0 0 0 5 0 0 6 0 0 0 0 0 18 4 0 0 0 0 0 0 0 0 9 1 6 0 20 0 0 20 9 0 32 0 0 11 20 0 0 1 0 24 0 0 0 0 0 0 0 0 0 0 0 0 0 0 0 0 0 0 9 0 0 0 0 0 0 0 2 0 0 0 0 23 0 0 0 0 2 0 18 0 0 0 1 0 2 0 0 65 2 0 5 0 0 0 0 0 0 0 0 23 0 0 0 0 0 28 0 0 1 0 
 2 0 63 0 4 0 0 0 0 0 0 0 1 0 0 0 0 0 0 0 1 0 2 1 2 0 1 2 18 0 62 62 0 0 0 3 0 0 0 0 113 142 200 202 162 133 97 232 121 339 124 45 160 0 136 122 43 40 142 153 0 0 0 0 62 0 0 0 0 0 2 0 0 0 0 0 15 0 0 0 0 0 0 0 0 0 0 0 0 0 0 0 0 0 0 0 0 0 0 0 0 0 0 11 1 17 0 0 0 6 23 0 0 0 0 5 0 5 0 0 20 42 8 24 6 13 0 0 0 20 1 4 37 14 0 31 0 25 10 6 1 0 0 0 0 1 12 0 0 0 0 0 0 14 0 0 0 0 18 0 0 4 0 0 0 0 0 15 0 0 0 0 0 0 0 0 0 0 0 0 0 0 0 0 16 0 0 1 12 0 7 24 0 0 0 0 0 0 0 0 32 9 24 0 15 0 1 21 0 0 0 0 25 13 11 25 11 10 17 2 0 0 0 0 0 0 4 0 0 0 0 0 14 0 0 0 0 0 0 19 0 0 0 0 0 0 0 0 0 0 0 13 0 1 0 0 0 0 76 0 2 0 0 0 0 0 0 1 0 0 0 0 0 0 0 0 0 0 0 0 0 0 0 0 0 0 0 0 0 0 
 0 1 0 0 2 0 0 0 2 0 0 22 0 0 1 1 2 0 0 0 3 4 3 69 34 5 9 3 3 4 3 3 4 7 5 3 3 3 3 6 107 137 36 133 580 336 83 210 238 331 134 153 28 136 0 77 112 60 67 194 0 0 0 0 0 6 0 9 0 1 3 5 0 0 0 1 3 0 3 55 0 0 0 0 0 20 0 0 0 0 0 0 0 0 0 0 0 0 0 0 0 0 0 0 0 11 0 0 0 0 0 0 0 0 0 0 0 0 0 0 0 0 16 0 6 0 0 2 28 29 0 0 0 0 29 18 70 0 0 0 0 0 0 0 0 8 0 0 0 0 0 0 0 0 3 0 0 14 4 0 0 0 0 0 0 0 0 0 0 0 0 0 0 11 0 0 0 0 0 0 0 0 0 0 0 0 0 0 0 0 0 0 0 0 0 0 0 0 0 0 0 1 0 36 10 18 16 0 8 33 17 18 0 10 14 0 22 18 0 0 0 0 0 0 0 0 0 0 0 0 0 0 3 0 0 0 0 0 1 0 0 0 0 0 0 0 0 0 0 0 0 18 0 2 0 0 0 0 0 2 0 0 0 64 64 2 0 1 0 0 0 0 0 0 0 0 0 0 0 0 0 0 0 0 17 11 0 0 2 0 
 0 0 0 0 0 0 0 0 0 0 0 0 0 59 0 5 0 0 0 1 0 0 0 1 0 0 0 0 0 0 0 0 2 0 0 0 0 0 0 3 97 261 45 145 224 92 34 96 96 210 103 39 39 122 77 0 145 104 35 61 0 0 1 0 0 0 0 0 5 0 0 0 0 0 0 1 19 97 1 0 0 0 12 0 0 0 0 0 0 0 0 0 0 0 0 0 0 0 0 0 0 0 0 0 0 0 0 0 0 0 0 0 0 0 0 0 0 0 0 0 3 19 4 22 45 15 40 15 21 9 0 23 14 0 13 10 8 44 24 1 8 0 0 0 0 0 4 11 0 0 0 0 1 14 0 0 0 0 30 13 0 0 0 0 0 0 0 0 0 0 0 0 0 0 4 0 0 0 0 12 0 0 0 0 0 41 0 0 0 0 0 5 0 0 0 0 0 1 0 0 24 29 11 1 23 12 0 0 1 13 10 39 12 35 3 18 0 24 3 9 0 0 0 0 0 17 0 0 0 0 0 0 0 0 58 8 76 0 0 14 0 0 0 0 0 0 0 0 0 0 0 2 0 12 0 0 0 0 0 10 0 0 0 0 0 2 1 1 1 0 0 0 13 0 0 0 0 0 0 0 0 0 3 0 0 15 0 0 0 0 
 2 2 2 2 2 2 5 4 2 2 2 2 2 2 2 6 2 5 2 5 3 3 3 3 3 65 3 3 4 3 3 3 3 4 6 6 3 3 3 3 67 179 107 243 68 68 113 94 126 469 546 91 139 43 112 145 0 327 274 69 3 0 3 1 2 0 0 0 0 2 1 0 0 1 0 18 0 0 0 0 0 0 0 0 0 0 0 0 0 0 0 0 35 0 0 0 0 0 0 0 0 0 0 0 0 0 0 0 0 0 0 0 0 0 0 0 0 0 0 0 0 9 9 10 7 0 10 19 32 0 38 20 0 0 17 19 10 0 0 0 12 0 0 0 0 0 2 1 0 0 0 0 0 0 0 0 0 0 0 0 0 0 0 0 0 0 0 0 0 0 0 0 0 0 0 0 0 0 6 0 0 0 0 0 0 10 0 0 0 0 0 0 0 0 0 0 0 0 0 0 9 12 22 0 18 0 8 7 21 0 18 0 0 7 13 69 13 0 0 19 0 0 0 0 0 0 0 0 0 0 0 0 11 0 0 0 0 0 12 18 0 0 0 0 0 1 0 0 0 0 0 14 0 0 0 0 0 0 0 13 0 0 0 40 1 6 0 34 0 0 8 0 0 0 0 2 0 0 0 0 0 0 0 0 0 1 0 0 0 0 
 3 3 3 3 3 3 3 3 4 5 3 3 6 3 3 13 3 3 3 3 0 0 1 0 0 61 0 0 2 0 0 0 2 0 0 0 0 0 1 0 40 160 65 86 131 59 23 93 49 146 64 113 122 40 60 104 327 0 54 250 0 100 1 3 0 0 0 0 0 0 0 0 0 0 0 0 0 0 1 0 0 0 0 0 0 0 0 0 0 0 0 0 0 0 0 0 0 0 0 0 0 0 0 0 0 0 0 0 0 0 0 0 0 0 0 0 0 0 0 0 0 0 8 44 3 1 10 0 21 24 10 33 0 0 9 2 47 8 0 0 11 0 0 0 0 0 0 0 0 0 0 0 0 0 0 0 0 1 77 20 0 0 0 0 0 0 0 0 0 0 0 0 0 0 4 0 0 0 0 0 0 0 0 0 12 10 0 2 0 0 0 0 0 0 0 0 0 0 0 0 66 21 17 22 3 22 0 0 24 30 15 2 0 7 23 12 27 23 0 0 0 0 0 0 0 0 0 0 0 0 0 0 0 0 9 0 0 2 0 10 0 0 0 0 0 1 0 0 0 0 0 7 0 0 0 0 0 0 0 11 0 13 2 0 2 0 1 38 0 0 0 0 0 0 0 0 0 0 0 0 0 0 0 0 35 0 0 0 0 0 
 3 3 3 3 80 3 3 3 7 3 97 3 3 3 3 3 3 3 3 9 3 0 32 0 62 84 4 1 10 3 6 7 1 6 59 0 5 85 0 108 261 93 47 77 65 52 113 117 287 400 455 29 211 142 67 35 274 54 0 113 6 0 0 0 0 0 0 0 0 54 0 1 0 0 0 3 9 0 0 0 0 0 0 0 12 0 0 0 0 8 0 0 0 0 0 0 0 0 0 0 0 0 1 33 0 17 11 3 6 0 5 34 0 3 3 0 4 0 0 0 16 0 0 24 0 0 0 1 0 1 10 12 0 12 0 3 17 17 35 87 11 0 0 0 0 0 0 0 0 0 0 0 3 0 20 0 0 0 0 2 0 0 0 0 0 11 0 0 0 0 0 0 0 0 0 0 0 9 0 0 17 2 0 0 0 0 10 30 43 4 5 21 32 0 4 0 0 21 1 1 51 0 11 0 0 0 0 14 7 0 0 0 6 0 24 31 5 0 52 1 0 0 0 0 0 0 0 0 0 0 0 0 0 0 0 0 0 0 0 0 0 0 0 0 0 0 0 0 0 0 0 6 0 2 0 0 0 0 2 0 0 0 0 0 1 2 3 43 2 0 0 0 0 0 0 0 0 0 0 5 0 1 0 0 0 0 0 0 1 0 
 0 0 0 0 0 0 0 0 0 0 0 0 0 0 0 0 0 0 0 0 0 40 69 0 72 133 1 0 0 0 0 0 2 0 3 62 32 0 0 1 380 44 322 139 59 64 237 92 67 180 82 46 281 153 194 61 69 250 113 0 0 0 0 0 0 0 0 15 0 48 0 2 0 19 0 70 0 2 0 0 0 0 0 0 0 0 0 0 0 0 0 0 0 0 0 0 0 0 0 0 0 0 0 43 0 8 0 0 0 0 0 0 0 0 0 0 0 18 0 0 0 0 8 13 9 0 0 12 13 0 8 1 18 0 68 18 0 1 0 42 2 0 0 37 0 0 3 0 0 0 0 0 0 0 0 0 0 0 0 0 0 9 0 0 0 0 0 0 0 0 0 0 0 0 0 0 0 0 1 0 0 0 0 0 0 0 0 0 15 0 1 0 0 0 0 0 0 0 0 0 21 0 0 0 20 9 0 6 8 12 0 0 9 1 33 0 0 0 2 45 0 0 0 0 0 0 0 0 0 0 0 0 0 0 0 0 0 0 10 0 0 0 0 0 0 0 0 0 0 0 0 11 0 0 0 0 0 0 0 0 0 0 0 1 1 16 0 2 1 0 11 0 0 14 0 0 0 0 0 18 0 0 0 0 0 17 0 0 1 0 
 0 2 0 0 0 0 0 0 0 0 0 0 0 0 0 2 0 0 0 0 0 4 0 0 4 0 0 2 0 0 2 0 11 0 0 1 0 0 0 32 0 1 51 51 0 54 0 0 13 23 51 25 0 0 0 0 3 0 6 0 0 133 348 104 160 276 229 151 53 31 33 45 132 109 91 307 441 38 37 100 0 0 0 0 0 0 22 0 0 0 0 0 0 0 0 0 0 0 0 0 0 0 0 0 0 0 0 0 0 0 0 0 0 21 0 0 0 0 0 0 0 0 0 6 0 13 0 0 0 0 22 6 0 0 0 0 0 0 0 0 17 0 32 13 2 0 39 7 2 31 11 9 27 10 8 0 0 35 0 1 0 0 4 0 0 0 5 0 0 0 0 0 0 0 1 0 0 0 0 0 0 0 0 0 0 0 0 0 0 0 0 0 0 0 0 0 0 0 0 0 0 0 0 6 15 0 0 0 0 0 0 0 0 0 0 0 0 0 0 0 1 0 10 6 19 4 0 1 0 7 0 35 6 8 15 1 13 0 22 16 18 0 0 0 0 0 0 0 0 0 0 0 0 0 5 0 0 0 0 0 0 0 0 1 0 0 0 0 0 0 21 0 0 0 0 0 0 0 0 0 0 0 0 0 0 0 0 14 0 0 
