 0 109 165 48 34 53 104 148 29 41 199 34 57 195 127 140 545 34 130 198 0 3 0 0 0 3 0 0 0 0 0 3 0 83 0 3 0 207 2 0 1 0 0 0 0 0 3 0 1 0 0 0 3 2 0 3 3 0 0 0 0 0 0 0 0 0 0 0 0 0 0 0 22 0 0 0 3 1 0 0 52 0 13 8 0 0 49 0 9 28 21 13 25 1 45 20 23 26 26 26 0 0 0 0 0 0 0 0 10 2 0 0 0 0 1 0 2 0 9 0 0 0 0 0 0 0 0 0 0 0 21 0 0 1 0 0 0 0 0 0 2 0 0 0 0 0 0 0 0 0 0 0 0 0 0 0 0 0 1 0 35 7 54 0 21 0 11 19 0 10 29 17 0 25 12 13 0 0 15 12 0 0 0 0 0 2 0 0 0 23 0 0 18 0 0 0 0 2 0 0 0 0 0 0 0 0 0 0 0 0 1 0 0 0 0 0 0 0 0 0 0 0 0 0 0 0 0 0 0 0 0 0 0 0 0 0 2 0 0 0 0 0 0 0 0 0 0 0 3 2 1 2 0 0 0 0 0 0 0 0 0 0 0 0 0 0 0 0 0 0 0 0 0 0 0 0 0 0 0 0 0 0 0 0 0 0 0 0 0 0 
 109 0 149 64 123 44 150 52 136 25 126 133 150 254 37 269 162 134 132 136 0 3 0 0 0 3 1 0 0 0 0 2 79 0 1 4 3 3 0 0 1 0 0 0 0 0 3 0 0 0 0 0 3 3 0 72 3 0 0 0 0 0 0 0 0 0 0 0 0 0 0 0 18 0 0 0 2 0 0 0 19 32 0 23 0 14 24 48 28 20 2 2 2 12 15 16 33 28 9 1 0 0 0 0 0 2 0 0 0 0 0 1 0 0 0 0 0 0 11 0 0 0 0 0 0 0 0 11 2 0 0 0 0 0 0 0 0 0 0 0 0 0 1 0 0 0 0 2 0 0 0 1 0 0 0 0 0 0 1 0 12 30 0 12 42 1 0 13 21 19 21 16 0 12 9 28 21 24 0 0 0 0 0 0 2 0 23 1 0 0 0 2 1 0 0 0 0 0 9 25 0 0 1 0 0 0 2 0 0 0 0 0 0 0 0 0 0 0 1 0 1 0 0 0 0 0 0 1 15 0 0 0 0 0 0 0 0 0 0 0 0 0 0 0 0 0 1 0 47 2 9 3 0 0 0 0 0 0 0 0 0 0 0 0 0 0 0 0 0 0 0 0 0 0 0 20 0 0 0 0 0 0 0 0 0 0 0 0 0 0 
 165 149 0 489 53 124 143 433 382 137 110 72 65 242 244 488 351 68 29 29 0 3 2 0 2 3 1 0 0 0 206 208 0 2 0 3 0 3 72 17 1 0 0 0 0 3 3 0 0 0 0 0 7 5 0 0 3 0 0 63 0 0 0 0 0 0 0 0 41 0 3 0 3 0 0 0 3 0 0 106 37 11 49 14 0 22 0 19 29 11 19 12 6 14 35 24 0 37 19 22 16 0 0 0 0 0 41 20 0 0 0 0 19 12 0 0 0 0 0 0 0 0 0 0 1 2 0 0 9 0 0 0 0 1 0 0 0 0 0 1 0 0 0 0 0 0 0 4 0 0 2 0 0 0 0 0 0 0 0 0 1 0 20 0 0 9 3 19 10 15 1 38 18 4 42 15 15 14 1 5 8 15 7 0 0 0 0 4 0 0 0 0 23 19 0 0 0 0 23 23 0 1 0 0 0 0 0 0 0 0 0 0 0 0 0 0 0 0 0 0 0 0 0 0 1 2 0 0 0 0 0 0 0 0 0 0 0 0 0 0 0 0 0 0 0 0 0 0 4 90 0 10 10 0 0 0 0 0 0 0 0 0 10 0 0 0 1 0 0 0 0 0 0 0 0 7 0 0 0 0 0 0 0 0 0 0 0 0 0 0 
 48 64 489 0 181 39 71 75 393 187 51 137 86 113 149 129 284 351 86 82 101 3 0 0 0 3 25 0 2 0 0 2 28 166 0 3 2 3 140 73 0 0 65 0 64 0 71 0 2 0 5 0 21 4 0 0 3 0 0 0 0 42 0 0 0 0 0 0 47 0 7 0 3 0 0 0 2 0 35 0 0 27 0 34 7 64 0 29 25 39 29 3 0 11 0 7 16 18 0 0 26 20 15 0 0 0 41 20 0 0 0 0 37 22 10 9 0 9 7 10 0 0 0 5 0 0 0 0 0 0 0 0 0 0 0 0 0 0 0 0 0 1 0 0 0 0 0 0 0 0 0 0 0 0 0 8 0 0 0 0 0 0 0 34 19 43 7 0 0 1 0 0 0 0 8 0 32 0 8 0 23 0 6 21 0 0 16 27 0 0 0 0 40 14 0 6 21 0 16 23 0 0 0 0 0 0 0 0 0 0 0 0 0 0 0 0 0 0 0 0 0 0 0 0 0 0 0 0 0 0 0 0 0 0 0 0 0 0 0 0 0 0 0 0 0 1 91 0 5 10 11 8 1 0 0 0 0 0 0 0 0 0 18 0 0 0 0 0 0 0 0 0 0 0 0 0 0 0 0 0 0 0 0 0 0 0 0 0 0 0 
 34 123 53 181 0 382 34 50 75 82 105 236 66 175 162 135 46 251 265 275 211 3 2 0 0 3 0 155 2 74 0 3 2 100 0 3 59 5 73 155 0 0 0 0 67 0 3 2 0 0 0 0 8 3 0 0 3 0 0 0 0 0 0 0 0 0 0 0 52 0 0 6 3 0 3 0 2 0 0 0 0 12 0 25 19 15 0 11 13 25 0 0 0 0 0 0 1 0 0 0 26 81 37 0 0 0 18 0 67 0 0 0 27 20 23 24 31 24 33 19 0 0 0 0 0 0 0 0 0 0 15 0 0 0 0 0 0 0 0 0 7 1 0 0 0 0 0 0 0 0 0 0 0 0 0 4 15 0 0 0 0 0 22 45 0 11 8 14 10 0 39 0 0 12 15 0 63 6 28 1 0 10 0 22 0 0 80 20 20 0 11 0 18 1 12 18 0 0 41 53 0 0 0 0 10 0 0 0 0 0 0 0 0 0 0 0 0 0 0 0 0 0 0 0 0 0 2 0 0 0 0 0 0 0 0 0 0 0 0 0 0 0 0 0 0 4 1 0 2 4 0 5 0 0 0 0 0 0 0 0 0 0 11 0 0 0 0 0 0 0 0 0 0 0 0 0 28 0 0 0 0 0 0 0 0 0 0 0 0 0 
 53 44 124 39 382 0 28 41 181 211 278 59 47 270 59 320 83 121 274 52 156 3 0 0 1 3 0 33 0 0 0 2 75 101 74 2 73 78 73 0 0 0 0 0 2 0 3 0 0 0 0 0 24 2 0 0 66 0 0 0 0 0 0 0 0 0 0 0 0 0 0 5 3 51 0 0 3 0 0 0 0 1 16 34 27 16 0 2 15 1 15 13 0 0 0 28 0 0 0 0 2 13 13 0 2 0 14 27 15 11 0 0 16 1 0 2 0 0 27 20 0 0 0 1 0 0 0 0 0 0 0 0 0 0 0 0 0 0 0 0 0 0 0 0 0 0 0 6 0 0 0 0 0 0 0 0 0 0 0 0 1 0 0 1 26 6 0 2 2 11 0 21 0 0 0 0 19 0 0 0 47 0 0 2 0 0 15 9 17 0 13 0 0 41 19 5 0 0 30 5 0 0 0 0 0 0 0 0 0 0 0 0 0 0 0 0 0 2 0 0 0 0 0 0 0 0 0 0 0 0 0 0 1 0 0 0 0 0 0 0 0 1 0 0 0 1 0 0 0 0 0 5 0 0 0 0 0 0 0 0 0 0 0 0 0 0 0 0 0 0 0 0 0 0 0 0 14 10 0 0 0 0 0 0 0 0 0 0 0 10 
 104 150 143 71 34 28 0 280 45 19 137 415 172 449 129 51 301 55 100 128 5 3 0 0 0 3 3 0 0 0 0 2 9 0 0 2 6 5 9 2 67 9 6 0 0 2 3 3 0 0 0 0 3 11 0 0 9 0 0 0 0 0 0 0 0 0 35 0 0 0 0 0 7 6 6 1 3 0 2 0 14 13 35 0 0 0 52 22 10 12 23 24 0 25 13 12 0 22 1 3 0 14 0 0 0 0 1 0 0 0 0 0 10 0 0 0 0 0 12 0 0 0 0 0 5 0 0 0 0 0 25 0 0 0 0 0 0 0 0 0 0 0 0 0 0 0 0 0 0 0 0 14 0 0 0 0 12 0 0 0 27 24 23 0 10 0 17 34 0 17 43 0 18 25 9 17 0 13 58 0 0 0 0 0 0 0 0 0 0 0 0 0 0 0 0 0 0 0 18 0 0 0 0 0 0 0 11 0 0 0 0 0 0 0 0 0 0 0 0 0 0 0 0 0 0 0 0 0 0 0 0 0 0 0 0 0 0 0 0 0 0 0 0 0 0 2 87 2 0 0 0 9 0 0 0 0 0 0 0 18 0 0 0 0 0 0 0 0 0 0 0 0 0 0 0 0 0 0 0 0 0 0 0 0 0 0 0 0 0 0 
 148 52 433 75 50 41 280 0 170 60 127 305 191 70 319 38 248 50 249 75 1 5 0 3 2 3 1 71 0 1 0 7 0 0 2 4 1 3 0 0 62 2 0 0 0 0 3 3 0 0 0 0 3 2 0 0 3 0 0 0 0 0 0 0 0 0 0 0 0 0 0 0 6 0 0 1 3 0 0 0 57 20 27 2 0 0 26 14 0 11 20 29 7 46 29 28 0 27 1 22 0 0 0 0 0 0 0 0 0 0 0 1 12 0 0 0 0 0 0 0 0 1 0 0 0 0 20 0 1 0 0 0 0 0 0 0 0 0 0 0 0 0 0 0 0 0 0 0 0 0 0 2 0 0 0 0 9 0 56 0 13 15 41 1 0 0 61 25 12 14 22 5 23 7 9 0 0 21 9 7 0 0 0 0 1 0 0 2 0 0 0 1 2 2 0 0 0 0 0 0 0 0 2 0 0 0 1 0 0 0 0 0 0 0 0 0 0 0 2 0 0 0 0 0 0 0 0 1 0 0 0 0 0 2 0 10 0 0 0 0 0 10 0 0 0 0 1 0 1 0 0 4 0 0 0 0 0 0 0 0 0 0 0 0 0 0 0 0 0 0 0 0 0 0 0 0 0 0 0 0 0 0 0 0 0 0 0 0 0 0 
 29 136 382 393 75 181 45 170 0 178 132 50 295 104 65 115 136 243 98 72 0 4 0 0 2 3 0 0 2 0 0 2 3 74 0 3 0 3 27 81 1 0 0 6 3 4 3 0 0 0 3 0 3 3 0 0 3 0 3 0 0 41 0 0 0 0 0 0 1 0 0 3 3 3 0 0 3 0 0 0 27 7 51 39 2 1 0 11 15 8 58 30 0 17 0 58 7 37 0 2 1 11 0 0 0 0 19 0 0 0 0 0 2 15 0 0 0 0 20 14 0 0 0 0 0 0 0 0 0 0 0 0 0 0 27 0 0 0 0 0 0 0 0 0 0 0 0 1 0 0 0 0 0 0 0 0 0 0 0 0 0 10 19 16 0 0 6 0 0 10 0 3 0 0 0 0 1 35 0 0 77 13 0 0 0 0 0 13 0 0 0 0 1 20 0 0 0 0 2 23 0 0 0 0 0 0 0 0 0 0 0 0 0 0 0 0 0 0 19 0 0 0 0 0 0 0 0 9 0 0 0 0 0 0 0 0 0 0 0 0 0 4 0 0 0 2 87 0 100 11 2 3 23 0 0 0 0 0 0 0 0 0 0 0 0 0 0 0 0 0 0 0 0 0 0 15 12 13 0 0 0 0 0 0 0 0 0 0 0 2 
 41 25 137 187 82 211 19 60 178 0 93 50 176 106 89 167 57 363 306 259 0 3 0 0 0 3 2 0 0 2 0 4 26 151 0 3 2 3 98 14 0 0 0 1 12 0 3 0 0 0 0 0 7 3 0 0 3 0 0 0 0 0 0 0 0 0 0 0 1 0 19 0 3 0 0 0 3 0 0 0 0 0 21 21 15 0 0 0 15 8 25 0 1 0 0 17 9 13 0 0 13 18 0 0 0 0 34 71 0 0 0 0 0 33 0 0 2 0 33 26 1 0 18 0 0 0 0 0 0 0 0 0 0 0 0 0 0 0 0 0 0 0 0 0 0 0 0 1 0 0 0 0 0 0 0 0 0 0 0 0 0 0 0 41 20 15 0 0 0 10 0 0 0 0 0 0 8 23 8 0 39 45 30 0 0 0 0 31 0 0 2 0 18 39 0 0 1 0 1 23 0 0 0 0 0 0 0 0 0 0 0 0 1 27 0 0 0 0 0 0 0 0 0 0 0 0 0 0 0 0 0 1 0 0 0 0 0 0 0 0 0 0 0 0 0 0 89 2 2 92 3 6 19 0 0 0 0 0 0 0 0 0 0 0 0 0 0 0 0 0 0 0 0 0 0 9 0 12 0 0 0 0 0 0 0 0 0 0 0 0 
 199 126 110 51 105 278 137 127 132 93 0 172 120 310 265 692 219 323 258 51 1 3 0 2 1 3 1 0 0 0 6 3 0 77 0 2 0 3 18 0 2 0 8 0 0 0 3 4 0 0 0 0 3 1 3 0 3 0 0 0 0 0 0 0 0 0 0 1 0 0 0 0 3 2 0 0 3 0 0 0 1 14 34 23 9 0 13 2 0 0 49 24 0 12 2 12 69 5 18 36 0 0 0 0 0 0 7 0 0 0 0 0 19 0 0 0 0 0 17 14 0 0 0 0 0 0 0 0 0 0 0 0 0 0 0 0 9 0 0 0 0 0 0 0 0 0 0 0 0 0 0 0 0 0 0 0 0 0 0 0 0 14 18 14 23 0 21 0 11 19 0 34 0 8 14 25 0 0 0 4 25 0 0 0 0 0 0 24 0 0 0 0 2 15 0 0 1 0 0 0 0 0 5 0 0 0 0 0 0 0 0 0 0 0 0 2 0 0 0 0 0 2 0 0 0 0 0 0 0 9 0 0 0 0 0 0 0 0 2 0 0 0 0 0 0 1 93 2 89 2 0 5 0 0 0 0 2 0 74 0 0 0 0 0 0 0 0 0 0 0 0 0 0 0 0 0 18 12 0 0 0 0 0 0 0 0 0 0 0 0 
 34 133 72 137 236 59 415 305 50 50 172 0 66 84 301 227 184 192 137 58 0 3 0 1 0 5 0 0 2 0 0 2 0 0 0 2 3 3 75 78 0 0 71 0 0 2 3 0 0 2 0 0 3 4 0 0 3 0 0 0 0 0 0 0 0 0 0 1 0 0 0 0 3 0 0 0 3 0 4 0 0 40 24 17 30 21 19 2 10 19 0 33 0 43 42 23 14 23 0 0 0 0 0 0 0 0 0 0 0 0 0 0 34 0 0 0 0 0 0 0 0 0 14 0 0 3 0 0 0 0 0 0 0 0 0 0 0 0 0 0 0 0 0 0 0 0 0 0 0 0 0 0 0 0 0 0 0 0 6 0 0 12 3 39 25 6 21 15 22 14 24 17 0 26 0 43 54 36 13 12 1 0 0 0 0 0 43 19 0 0 0 0 14 0 0 0 0 0 28 31 0 0 0 0 0 0 0 0 0 0 0 0 0 0 0 0 0 0 0 0 0 0 0 0 0 0 0 0 0 0 0 0 0 0 0 0 0 0 0 0 0 0 0 0 0 4 2 0 2 3 2 7 0 0 0 0 0 0 0 0 0 0 0 0 0 0 0 0 0 0 0 0 0 0 0 19 23 0 0 0 0 0 0 0 0 0 0 0 0 0 
 57 150 65 86 66 47 172 191 295 176 120 66 0 79 268 156 121 37 174 111 0 3 6 4 0 3 0 0 2 1 0 2 0 2 0 3 2 3 0 0 0 0 0 1 0 0 3 0 0 0 0 3 3 3 0 0 9 0 0 0 3 11 0 11 10 11 0 0 1 10 0 17 46 0 6 6 3 7 0 0 0 0 2 0 0 0 0 30 0 0 0 0 23 25 17 3 0 0 22 0 2 0 10 0 0 17 0 14 0 0 0 0 0 0 0 0 0 0 0 0 0 0 0 0 0 0 1 0 0 0 0 0 0 0 0 0 0 0 0 0 0 0 0 0 0 0 0 2 0 0 0 0 0 1 2 0 0 0 6 0 0 25 0 0 26 0 62 47 0 0 1 4 46 14 9 9 1 21 10 32 0 0 0 0 0 0 0 0 0 0 0 0 0 0 0 0 0 0 0 19 0 0 0 0 0 2 0 0 0 0 0 0 0 0 0 0 0 0 0 0 0 0 0 2 0 0 0 0 0 0 0 0 0 0 0 2 0 0 0 0 0 0 0 0 0 0 0 0 3 0 0 8 0 0 0 0 0 0 0 0 0 0 0 0 0 0 0 0 0 1 0 0 0 0 0 19 0 0 0 0 0 0 0 0 0 0 0 0 0 0 
 195 254 242 113 175 270 449 70 104 106 310 84 79 0 442 300 422 247 147 382 0 3 0 0 0 3 0 2 204 0 0 2 0 0 0 2 3 5 0 0 1 0 2 0 0 0 3 0 0 0 0 0 3 2 4 0 3 0 0 0 0 0 0 0 0 0 4 0 0 0 0 29 6 0 0 38 3 0 13 0 18 29 12 52 0 40 45 6 26 16 9 23 20 30 26 27 15 17 21 9 0 0 0 0 0 0 0 0 0 0 0 0 12 0 0 0 0 0 5 0 0 0 0 0 0 0 0 0 0 0 2 0 0 0 0 0 0 0 0 0 0 0 0 0 0 0 0 7 0 0 7 0 0 0 0 0 0 0 0 0 11 0 8 11 14 0 12 19 37 0 23 34 1 18 18 43 33 0 0 8 5 0 0 0 0 0 23 19 0 0 0 0 0 1 0 0 2 0 32 16 0 0 0 0 0 0 0 0 0 0 0 0 0 0 0 1 0 0 0 0 0 0 0 0 0 0 0 0 0 0 0 0 0 0 0 0 0 0 0 0 0 0 0 0 0 4 2 0 3 2 0 2 0 0 0 0 0 0 0 0 0 0 0 54 0 0 0 0 0 0 0 0 0 0 0 0 0 0 0 0 0 0 0 0 0 0 0 0 0 0 
 127 37 244 149 162 59 129 319 65 89 265 301 268 442 0 92 58 320 86 296 0 3 0 0 0 3 0 0 0 0 0 3 0 0 0 2 0 3 35 0 0 0 0 0 0 0 3 0 0 0 0 0 3 2 0 0 3 0 0 0 0 0 0 0 0 0 0 0 0 0 0 0 3 0 0 0 3 0 5 0 0 23 14 21 17 5 45 2 11 28 15 29 0 33 51 16 12 57 0 1 0 0 0 0 0 0 0 0 0 0 0 0 16 0 0 0 1 0 14 0 0 0 0 0 0 2 0 0 0 0 15 0 0 0 0 0 0 0 0 1 0 0 0 0 0 0 0 0 0 0 0 0 0 0 0 0 0 0 1 0 28 18 17 0 0 9 1 0 21 28 16 22 0 15 0 0 11 13 10 0 0 0 0 0 0 0 0 14 0 0 0 0 9 15 0 0 0 0 14 9 0 2 0 0 0 0 0 0 0 0 0 0 2 14 0 0 0 0 0 0 7 0 0 0 2 0 0 0 0 0 0 0 0 0 0 0 0 0 0 11 0 0 0 0 0 0 2 1 0 2 0 2 0 0 0 0 0 0 0 0 0 0 0 0 0 0 1 0 0 0 0 0 0 0 0 0 1 0 0 0 0 0 0 0 0 0 0 0 0 0 
 140 269 488 129 135 320 51 38 115 167 692 227 156 300 92 0 260 44 52 72 0 3 2 0 0 3 0 0 73 0 0 2 8 0 1 3 0 3 0 74 2 0 0 0 0 5 3 2 2 63 0 0 3 3 0 0 3 0 0 0 0 0 0 0 0 2 0 0 45 2 0 0 5 0 0 0 2 0 0 46 0 20 27 59 13 4 0 23 22 18 41 36 0 1 23 9 22 9 18 11 1 0 0 0 0 2 8 0 0 0 0 0 1 22 0 0 0 0 0 0 0 0 1 0 0 0 2 0 25 0 0 0 0 0 0 2 0 0 0 0 0 0 0 0 2 0 0 13 0 0 0 0 0 2 0 0 0 0 0 0 0 26 48 8 40 3 3 24 14 10 16 36 0 1 44 37 23 28 0 0 15 9 0 0 0 0 21 4 0 0 0 0 2 4 0 0 0 0 12 28 0 0 0 0 0 1 0 0 0 0 0 0 0 0 0 0 0 0 0 0 0 0 0 1 0 0 0 0 0 0 0 0 0 0 0 0 0 0 0 0 0 0 0 0 0 1 0 0 92 5 0 3 11 0 0 0 0 0 0 0 2 0 10 0 0 0 0 0 0 0 0 0 0 0 0 23 12 1 0 0 0 0 0 0 0 0 0 0 0 0 
 545 162 351 284 46 83 301 248 136 57 219 184 121 422 58 260 0 274 140 65 0 3 2 0 26 20 0 0 0 0 0 2 0 20 0 3 0 4 0 0 2 0 0 0 0 0 3 0 0 0 0 0 3 2 0 0 3 0 0 0 0 0 0 0 0 0 0 1 0 0 0 0 3 0 2 0 3 0 0 0 20 0 16 14 17 0 17 9 17 21 9 14 0 2 15 0 10 14 15 26 0 0 0 0 0 0 0 0 0 0 0 0 0 0 0 0 0 0 0 0 0 0 15 0 0 2 0 0 0 0 0 0 0 0 0 0 0 0 0 0 0 17 0 0 0 0 0 0 0 0 0 0 0 0 0 0 0 0 0 0 0 20 37 13 24 0 0 10 17 7 2 25 0 0 20 39 17 38 0 11 0 35 0 0 0 0 0 0 0 0 0 0 0 0 0 0 0 0 0 25 0 2 0 0 0 0 0 0 0 0 0 0 2 0 0 0 0 0 0 0 0 0 0 0 2 0 0 0 0 0 0 0 0 0 0 0 0 0 0 0 0 0 0 0 0 0 0 0 139 86 1 6 12 0 2 0 0 0 0 0 0 0 0 0 0 0 1 0 0 0 0 0 0 0 0 24 0 1 0 0 0 0 0 0 0 0 0 0 0 0 
 34 134 68 351 251 121 55 50 243 363 323 192 37 247 320 44 274 0 131 51 1 3 0 0 0 3 80 0 0 0 0 2 0 52 0 3 73 3 146 0 0 0 0 0 0 0 3 4 7 0 0 0 3 8 0 65 3 0 0 0 0 0 0 0 0 0 0 0 0 2 0 0 8 0 0 0 2 0 6 0 0 16 39 34 19 30 36 16 24 29 25 22 0 35 0 16 26 16 0 0 0 0 0 0 2 0 10 17 0 0 0 0 16 0 0 0 0 0 11 0 0 0 0 1 0 0 1 0 0 0 0 0 0 0 0 0 0 0 0 0 0 2 0 0 0 0 0 0 0 0 0 0 0 2 0 2 0 0 0 0 0 1 0 8 0 29 0 11 2 22 10 6 0 20 0 39 15 0 0 0 31 0 0 2 0 0 3 13 0 0 0 0 17 0 0 7 0 0 24 7 11 0 0 0 0 0 0 0 0 0 0 0 0 0 0 0 0 2 7 0 0 0 0 2 0 0 0 0 0 0 0 0 1 0 0 0 0 0 0 0 0 2 0 0 0 0 145 1 2 0 14 33 0 0 0 0 0 1 0 0 0 0 0 0 0 0 0 0 0 0 0 0 0 0 1 0 39 0 0 0 0 0 0 0 0 0 0 0 0 0 
 130 132 29 86 265 274 100 249 98 306 258 137 174 147 86 52 140 131 0 408 0 9 2 0 2 3 0 0 0 0 0 2 0 0 0 3 0 3 1 0 72 0 0 0 0 0 5 0 0 0 1 0 3 12 0 2 3 2 0 0 0 0 0 27 0 3 0 0 0 0 0 0 3 0 0 0 3 0 3 0 32 0 18 13 0 0 74 21 1 1 0 19 10 87 34 34 14 10 18 5 0 0 0 0 0 0 0 0 0 0 0 0 0 0 0 0 0 0 1 0 0 0 0 0 0 0 0 0 0 0 0 0 0 0 0 0 0 0 0 0 0 0 0 0 0 0 0 0 0 0 0 0 0 0 0 0 10 1 6 0 19 18 2 0 45 0 19 11 0 1 35 1 1 0 1 0 0 30 23 0 0 0 0 0 0 0 0 0 0 0 0 15 0 0 0 0 0 0 0 0 0 0 0 0 0 0 0 0 0 0 0 0 0 0 0 0 0 0 0 0 0 0 0 0 0 0 0 0 0 0 0 0 0 0 0 0 0 0 0 0 0 4 0 0 0 2 0 0 1 0 1 10 0 2 0 0 0 0 1 0 0 1 0 0 0 0 0 0 0 0 0 0 1 0 0 21 0 0 0 0 0 0 0 0 0 0 0 0 0 0 
 198 136 29 82 275 52 128 75 72 259 51 58 111 382 296 72 65 51 408 0 2 3 0 0 0 3 0 0 0 0 0 2 4 0 0 2 2 3 2 0 0 3 3 0 0 2 3 2 0 0 0 0 3 5 0 0 5 0 0 0 0 0 0 0 0 0 0 0 0 0 0 0 4 2 2 0 3 0 4 0 0 15 9 16 0 9 35 23 0 10 16 8 0 26 17 16 46 62 0 0 0 0 0 0 0 2 0 0 0 0 0 0 0 11 0 0 0 0 0 0 0 0 0 0 0 0 2 0 0 0 0 0 0 0 0 2 0 0 0 0 0 0 0 0 0 0 0 1 0 0 0 0 0 2 0 0 0 0 4 0 33 23 0 0 1 0 8 0 0 36 13 0 1 0 0 0 0 14 10 0 0 0 0 0 0 0 0 0 0 0 0 0 0 0 0 0 0 0 0 0 0 0 0 0 0 1 1 0 0 0 0 0 0 0 0 10 0 0 0 0 0 0 0 1 0 0 0 0 0 0 0 0 0 0 0 5 0 0 0 0 0 0 0 0 0 0 0 0 0 0 0 6 0 0 2 0 0 0 0 0 2 0 0 0 0 0 0 0 0 0 0 0 0 0 0 0 0 0 0 0 0 0 0 0 0 0 0 0 0 0 
 0 0 0 101 211 156 5 1 0 0 1 0 0 0 0 0 0 1 0 2 0 98 50 61 35 35 181 326 259 49 110 271 45 166 127 124 43 40 61 85 0 0 0 0 57 0 0 0 1 0 0 0 0 0 0 3 3 3 1 0 2 2 0 0 0 3 0 0 0 0 0 4 2 0 2 0 0 0 3 3 1 0 0 0 0 31 0 0 0 0 0 0 0 0 0 0 0 0 0 0 32 12 14 0 0 21 15 22 15 18 27 1 34 1 35 5 12 4 14 12 0 0 0 0 0 0 0 0 0 0 0 0 40 0 0 0 0 0 9 24 0 2 0 0 1 0 0 0 0 0 0 0 0 0 4 12 0 0 0 0 0 0 3 0 0 21 3 0 0 0 0 0 0 0 0 0 0 0 3 0 11 20 20 2 0 0 30 9 33 0 26 0 1 0 24 19 0 32 15 0 0 0 0 0 1 2 0 0 0 0 0 0 0 16 0 0 0 0 0 1 0 0 0 16 0 0 0 0 0 0 0 0 0 0 0 0 0 0 0 0 0 0 0 0 0 0 0 0 0 0 0 0 0 0 11 0 2 0 1 0 1 0 0 0 0 0 0 0 14 0 0 0 0 0 0 0 1 0 0 9 0 0 0 0 0 14 0 0 0 0 
 3 3 3 3 3 3 3 5 4 3 3 3 3 3 3 3 3 3 9 3 98 0 304 148 481 106 177 57 247 40 110 133 131 122 262 72 196 239 129 32 0 0 0 0 1 0 64 0 1 0 0 64 0 2 3 109 3 3 1 0 2 8 0 2 0 3 3 6 3 6 3 0 2 0 2 4 0 0 3 4 0 0 0 0 0 0 0 0 0 0 0 0 0 1 0 0 0 0 0 0 31 4 35 0 14 0 0 6 22 0 28 45 15 0 7 0 24 18 0 0 0 0 0 0 0 0 34 1 0 0 0 0 23 0 0 0 0 0 1 6 0 2 0 0 0 0 0 0 0 0 0 0 53 0 0 7 0 1 0 0 0 0 0 0 0 0 0 6 0 0 0 19 0 0 0 0 0 0 0 0 0 9 40 68 22 0 13 7 12 34 26 23 17 19 21 11 31 0 0 19 10 0 0 0 0 0 17 0 0 0 0 0 0 10 0 0 0 0 49 25 0 0 0 8 0 0 0 0 0 0 0 0 0 0 0 12 0 0 1 0 0 0 0 0 0 0 0 0 0 0 0 0 0 0 9 0 0 76 0 0 0 0 0 0 0 0 13 0 0 0 1 0 0 0 0 0 0 0 0 0 0 0 0 0 0 0 0 0 0 0 
 0 0 2 0 2 0 0 0 0 0 0 0 6 0 0 2 2 0 2 0 50 304 0 330 72 326 478 54 216 108 59 112 196 56 87 141 213 205 128 306 0 0 1 0 211 0 0 0 2 0 0 0 21 0 0 2 2 0 66 26 0 3 0 0 0 3 0 0 1 0 0 0 0 0 9 0 0 0 3 3 0 0 0 0 0 0 0 0 0 0 0 0 0 0 0 0 0 0 0 0 0 9 14 49 4 0 0 18 10 1 15 31 18 0 15 34 0 23 0 0 12 0 0 11 0 0 25 1 2 0 0 0 17 0 19 0 0 0 43 27 0 0 0 0 0 0 0 0 0 0 0 0 0 0 0 0 0 0 0 0 0 0 0 0 0 0 0 0 0 0 0 0 0 0 0 0 15 3 0 0 0 1 32 30 36 33 0 13 1 58 8 20 2 14 4 26 11 0 0 0 0 22 0 0 0 0 18 1 0 0 0 0 0 12 0 1 0 0 33 0 0 0 0 0 0 0 0 0 0 0 0 0 0 0 0 0 0 0 0 0 0 0 0 0 0 0 0 0 0 0 0 0 0 0 5 2 2 78 0 2 0 2 0 0 0 0 0 0 0 0 0 0 0 0 0 0 0 0 0 0 0 10 0 0 0 0 0 0 0 0 
 0 0 0 0 0 0 0 3 0 0 2 1 4 0 0 0 0 0 0 0 61 148 330 0 103 129 108 80 326 168 405 542 85 461 148 105 217 290 95 184 0 0 0 0 3 0 63 0 84 0 0 0 1 59 0 2 2 2 2 1 2 2 0 7 0 3 0 0 2 0 0 0 2 0 2 0 0 0 3 3 0 0 0 0 0 0 0 0 0 0 0 0 0 0 0 0 0 0 0 0 0 10 14 2 0 26 0 0 22 29 19 25 1 13 22 3 33 23 0 0 0 0 0 0 0 0 0 1 0 5 0 0 37 0 0 0 0 16 0 23 2 0 2 0 0 0 0 0 0 0 0 0 0 0 0 0 0 0 0 0 0 0 0 0 0 0 0 5 0 0 2 2 0 11 0 0 0 0 0 0 0 28 27 45 0 44 0 0 14 20 18 34 31 0 14 30 38 0 0 0 0 1 0 0 0 0 3 14 0 0 0 18 19 9 11 0 0 1 12 27 0 1 0 0 0 0 0 0 0 0 0 0 0 0 0 0 0 0 0 0 0 0 0 0 0 0 0 0 0 0 0 0 0 0 7 2 0 8 0 0 4 0 0 0 0 0 0 0 0 0 0 0 0 14 0 0 0 0 0 0 0 0 0 0 0 0 25 0 0 0 
 0 0 2 0 0 1 0 2 2 0 1 0 0 0 0 0 26 0 2 0 35 481 72 103 0 186 53 59 73 86 211 432 95 85 87 74 124 131 276 293 0 0 1 0 2 0 62 0 0 0 0 0 70 97 0 0 0 62 64 4 0 0 0 7 0 0 0 0 2 0 0 0 0 44 0 0 0 0 0 0 0 0 0 0 0 0 0 0 0 0 0 0 0 0 0 0 0 0 1 0 0 0 0 0 15 48 0 0 9 0 24 0 0 0 0 11 0 0 0 4 0 4 22 15 0 0 19 19 0 20 0 23 13 47 1 4 0 25 38 6 0 0 0 0 0 0 1 0 0 0 0 0 0 0 0 1 0 0 0 0 0 1 0 0 0 0 0 0 0 0 0 0 2 0 0 0 0 0 0 0 0 11 0 20 13 29 0 0 14 0 0 40 1 0 7 0 1 10 0 0 36 1 0 0 0 0 16 17 33 0 0 2 42 20 18 0 13 1 17 11 0 0 0 0 0 0 0 0 12 0 0 15 0 0 0 0 0 0 0 0 0 0 0 0 0 1 0 0 0 0 0 0 0 1 12 2 3 75 1 2 0 12 0 0 0 7 0 0 0 0 0 0 0 0 0 0 0 0 0 0 0 0 0 0 0 0 15 0 0 0 
 3 3 3 3 3 3 3 3 3 3 3 5 3 3 3 3 20 3 3 3 35 106 326 129 186 0 39 95 280 173 177 360 316 197 58 225 192 234 49 247 0 0 1 0 5 0 55 1 2 0 0 0 24 9 18 2 2 0 24 26 0 6 0 0 0 3 0 0 2 2 0 0 0 0 3 0 0 0 3 3 0 0 0 0 0 0 0 0 0 0 0 0 10 0 0 0 0 0 0 0 0 0 0 47 0 2 0 0 0 6 11 42 0 0 0 24 0 25 0 0 29 10 19 7 0 0 22 2 9 0 0 6 19 14 17 0 0 0 42 10 0 0 0 0 0 0 0 8 0 0 0 0 0 0 0 0 0 0 0 0 0 0 0 0 0 0 0 5 0 0 0 0 1 0 0 0 0 0 0 0 0 0 3 27 20 26 0 0 0 0 19 14 0 0 1 10 0 19 0 0 1 0 0 0 0 0 38 2 10 0 0 0 6 17 0 21 0 0 21 11 0 0 0 5 0 0 0 0 0 0 0 0 0 0 0 0 0 0 0 0 0 0 12 0 0 0 0 0 0 0 0 0 0 0 10 1 0 238 0 5 1 15 0 0 0 0 0 0 0 0 0 0 29 0 0 0 0 0 0 0 0 0 0 0 0 0 0 0 0 0 
 0 1 1 25 0 0 3 1 0 2 1 0 0 0 0 0 0 80 0 0 181 177 478 108 53 39 0 117 354 27 115 460 437 160 34 107 312 28 311 312 0 0 0 0 65 0 0 0 2 0 0 0 0 1 0 3 2 2 1 0 2 3 5 0 0 3 5 0 0 0 0 0 3 0 2 0 5 5 3 3 0 0 10 0 0 0 0 0 0 0 0 0 0 0 0 0 12 0 0 0 0 2 38 0 9 0 27 23 13 32 11 0 11 0 26 8 27 10 0 21 0 0 0 0 0 0 0 0 0 0 0 0 0 0 0 0 0 0 0 0 0 1 0 0 0 0 0 0 0 0 0 0 0 0 0 8 0 0 0 0 0 0 0 19 0 1 0 0 1 0 0 0 0 0 0 0 0 0 0 0 0 10 15 1 1 0 0 26 1 31 0 10 10 0 2 8 0 0 1 0 2 0 1 0 0 0 0 0 0 0 0 0 0 0 0 0 0 0 1 0 0 0 0 0 1 0 0 0 0 0 0 0 0 0 0 0 0 0 0 0 0 0 0 0 0 0 95 0 0 0 0 0 0 0 5 0 2 0 0 1 4 0 0 0 0 0 9 0 0 0 0 0 0 0 0 0 0 0 0 0 0 0 0 0 0 0 0 0 0 0 
 0 0 0 0 155 33 0 71 0 0 0 0 0 2 0 0 0 0 0 0 326 57 54 80 59 95 117 0 131 132 29 106 150 255 245 140 110 47 95 330 0 0 0 0 6 0 0 0 2 0 0 0 0 0 0 2 2 3 2 0 0 2 0 0 0 3 0 0 0 0 4 1 0 0 2 0 0 0 3 3 0 0 3 0 0 15 2 1 0 10 0 0 0 0 0 0 0 0 0 0 15 21 5 0 11 0 19 0 19 21 36 0 11 18 15 0 29 8 23 2 0 0 0 0 0 0 0 0 0 0 0 0 10 11 0 0 12 0 29 28 3 0 0 0 0 2 19 0 0 0 0 0 0 2 0 0 0 0 0 0 0 0 8 0 18 14 6 0 0 0 0 0 0 0 0 0 0 0 5 0 11 14 0 29 0 0 14 30 28 0 36 2 22 17 32 29 37 17 12 0 0 0 0 0 0 0 0 1 0 0 0 0 0 10 0 0 0 0 0 0 0 0 0 0 0 0 0 0 0 0 0 0 0 0 0 0 0 1 0 18 0 0 0 0 0 0 0 0 0 0 0 0 0 0 15 0 0 0 76 2 2 0 0 0 0 0 0 0 0 0 0 0 0 0 0 0 0 0 0 0 0 0 0 2 0 1 0 0 0 0 
 0 0 0 2 2 0 0 0 2 0 0 2 2 204 0 73 0 0 0 0 259 247 216 326 73 280 354 131 0 163 109 129 225 157 157 208 129 47 255 277 0 0 0 0 4 0 0 0 3 0 0 0 0 0 0 1 2 0 3 0 0 3 0 0 0 3 0 0 0 0 0 0 0 0 3 0 0 0 2 2 0 2 2 0 0 0 0 0 1 0 2 0 0 0 0 0 0 0 0 0 17 27 13 14 1 0 0 18 20 13 33 37 8 22 25 11 39 28 0 0 18 2 0 0 0 0 2 0 0 0 0 0 14 1 14 0 0 0 10 25 5 0 0 0 0 0 0 0 0 0 0 0 0 0 0 0 0 0 2 10 0 0 0 2 0 0 0 0 0 0 0 14 0 0 0 0 0 0 0 0 0 10 24 29 10 0 0 9 20 25 26 22 19 29 7 58 83 0 0 20 0 0 0 0 0 0 20 0 0 0 35 0 0 11 13 0 0 0 35 0 0 0 0 0 0 0 0 0 0 0 0 0 0 2 0 2 0 0 0 0 0 0 0 0 0 0 0 0 0 0 0 0 0 0 9 2 4 76 0 0 4 1 0 0 0 0 1 0 0 0 0 0 0 0 0 0 0 0 0 0 0 0 0 0 0 0 0 0 0 0 
 0 0 0 0 74 0 0 1 0 2 0 0 1 0 0 0 0 0 0 0 49 40 108 168 86 173 27 132 163 0 172 129 136 100 193 243 103 155 96 177 0 0 0 0 3 0 0 0 2 0 0 0 28 75 0 2 2 0 66 27 1 5 0 6 0 3 0 0 8 0 0 0 1 0 2 0 59 0 3 3 0 0 0 0 0 0 0 0 0 0 0 0 0 0 0 0 0 0 0 0 10 21 0 49 6 10 0 15 14 40 0 44 0 31 0 46 45 9 0 0 1 0 0 0 0 0 9 0 11 1 0 0 14 0 33 0 0 12 45 6 5 0 0 0 0 0 0 0 0 0 0 0 0 0 0 0 0 0 0 0 0 0 0 0 7 0 0 0 0 4 0 0 0 0 0 0 0 3 0 0 0 0 6 27 52 23 18 0 45 3 0 16 9 60 1 0 3 30 0 0 0 12 0 0 0 0 35 25 0 0 0 0 27 10 16 20 21 0 40 19 0 0 0 0 0 0 0 0 0 0 0 0 0 0 0 0 0 1 0 0 0 0 9 0 0 0 0 0 0 0 0 0 0 1 8 3 2 119 1 1 13 0 0 0 0 0 0 0 0 0 0 0 0 0 0 0 0 0 0 0 0 9 0 0 0 0 0 0 0 0 
 0 0 206 0 0 0 0 0 0 0 6 0 0 0 0 0 0 0 0 0 110 110 59 405 211 177 115 29 109 172 0 317 390 38 434 143 196 116 33 125 0 0 3 0 3 54 0 0 3 0 0 1 1 0 8 1 2 3 23 1 0 8 0 0 0 3 0 1 3 2 0 0 0 0 3 0 0 0 2 2 0 0 0 0 0 0 0 0 0 0 0 0 0 0 0 0 0 0 0 0 0 0 2 35 0 16 0 11 25 26 11 17 5 0 33 30 21 25 0 0 16 0 0 0 5 0 0 0 0 0 0 0 39 16 0 0 0 3 40 0 0 0 0 0 0 0 0 0 13 0 0 0 0 0 0 0 0 0 0 0 0 0 0 0 2 0 0 0 0 5 0 1 0 0 0 0 0 6 0 0 0 39 9 0 0 0 0 1 24 24 33 0 0 11 13 29 13 23 0 0 0 0 0 0 0 0 11 1 0 0 0 0 11 3 0 0 0 0 11 0 0 0 0 0 0 0 0 0 0 0 0 0 0 0 0 0 0 0 0 0 0 0 0 0 0 0 0 0 0 0 0 1 0 1 10 0 5 89 0 2 14 10 0 0 0 0 0 0 0 0 0 0 0 0 0 0 0 0 0 0 0 0 0 0 0 0 0 0 0 0 
 3 2 208 2 3 2 2 7 2 4 3 2 2 2 3 2 2 2 2 2 271 133 112 542 432 360 460 106 129 129 317 0 128 257 361 407 153 162 59 122 0 0 0 0 3 0 58 0 1 0 0 0 135 64 0 3 3 0 1 62 2 2 0 1 2 3 0 0 0 0 0 0 2 0 2 0 0 0 3 3 0 0 0 0 0 0 0 0 0 0 0 0 0 0 0 0 0 0 0 0 1 24 0 19 9 7 0 0 0 13 35 19 0 0 0 2 0 14 0 0 15 0 0 0 0 0 14 1 23 14 0 0 27 1 18 0 0 6 18 45 1 0 0 0 0 0 0 0 0 0 0 0 0 0 0 0 0 0 0 0 0 0 0 0 0 0 0 5 0 0 0 0 15 0 0 0 0 0 0 0 0 0 0 24 18 11 0 0 0 0 0 33 11 0 4 10 1 0 0 0 22 0 0 1 0 0 0 22 0 0 0 0 1 12 8 0 9 0 0 25 0 0 0 0 0 0 0 0 0 0 0 0 0 0 0 0 0 0 0 0 0 0 11 0 0 0 0 0 0 0 0 0 0 8 2 2 2 1 0 1 10 0 0 0 0 0 0 0 0 0 0 0 0 0 0 0 0 0 0 0 0 0 0 0 0 0 14 0 0 0 
 0 79 0 28 2 75 9 0 3 26 0 0 0 0 0 8 0 0 0 4 45 131 196 85 95 316 437 150 225 136 390 128 0 385 88 66 126 124 163 240 0 2 1 0 3 0 0 0 2 0 0 0 0 0 0 2 2 8 3 0 0 3 0 0 0 3 0 0 0 0 0 6 0 0 3 0 6 0 3 4 0 0 27 19 0 0 0 0 2 2 14 0 0 0 0 0 0 0 0 0 1 39 34 0 10 0 24 3 13 49 5 0 15 18 17 1 22 0 0 50 0 1 0 0 0 0 0 12 0 0 0 0 0 0 0 0 0 0 1 0 2 0 0 0 0 0 0 0 0 0 0 0 0 0 0 0 0 0 0 0 0 0 0 14 0 0 0 0 6 0 14 0 0 0 0 0 0 0 25 0 35 10 20 13 0 0 14 0 23 16 2 12 31 31 10 11 15 0 9 40 0 0 0 0 0 0 0 0 0 0 18 0 0 0 0 0 0 0 0 0 0 0 0 0 4 0 0 0 0 0 0 0 0 1 0 0 0 0 0 0 0 0 0 0 0 0 0 0 0 45 1 0 0 0 16 9 1 0 0 25 1 0 0 0 0 0 10 0 0 0 0 0 0 0 0 0 13 0 0 0 0 0 0 0 0 0 0 0 0 0 
 83 0 2 166 100 101 0 0 74 151 77 0 2 0 0 0 20 52 0 0 166 122 56 461 85 197 160 255 157 100 38 257 385 0 88 70 56 33 386 476 17 0 0 0 9 0 3 0 2 0 0 0 0 3 3 2 2 0 3 0 0 2 0 0 0 3 1 0 0 0 0 18 2 0 3 2 0 3 3 3 0 0 0 0 0 0 0 0 0 0 2 0 0 1 0 0 7 0 0 0 25 32 0 0 0 0 29 21 13 15 0 0 28 29 21 0 7 10 19 51 2 0 0 0 10 0 0 0 0 2 0 0 0 0 0 0 0 0 0 0 1 2 0 0 0 0 0 0 0 0 0 0 0 0 0 2 0 0 0 0 0 0 0 21 0 39 5 0 0 0 0 3 0 0 0 0 0 0 10 0 26 18 1 0 0 0 1 16 5 0 11 2 11 0 18 20 12 0 14 23 0 1 0 0 0 0 0 0 0 0 0 0 0 0 0 0 0 0 0 0 0 0 0 0 0 0 0 0 0 0 0 0 0 0 0 0 0 2 22 0 0 0 0 0 0 0 21 0 0 77 0 0 0 0 5 0 0 0 0 1 4 0 0 0 0 0 0 0 0 0 0 0 0 0 0 0 0 0 0 0 0 0 0 0 0 0 0 0 0 0 
 0 1 0 0 0 74 0 2 0 0 0 0 0 0 0 1 0 0 0 0 127 262 87 148 87 58 34 245 157 193 434 361 88 88 0 117 34 252 161 231 0 0 0 0 3 0 0 0 2 63 0 0 0 0 0 2 2 3 2 0 0 2 0 0 0 3 0 0 0 2 0 6 0 0 2 0 0 0 3 3 0 0 0 17 0 9 0 0 0 0 0 0 0 0 0 0 0 0 0 0 13 41 37 0 9 0 0 19 9 27 44 11 0 25 49 3 62 14 0 18 0 0 0 2 0 0 0 0 0 0 0 2 19 0 1 0 1 0 8 31 2 0 0 0 7 0 0 0 0 0 0 0 0 0 0 0 0 0 0 0 0 0 6 0 20 0 12 0 0 0 0 0 0 0 0 2 0 0 0 0 0 18 0 15 0 0 25 6 81 50 38 0 11 17 9 13 34 11 23 0 0 0 0 0 0 0 0 0 0 0 0 0 0 16 0 2 0 0 0 0 0 0 0 0 1 0 0 0 0 0 0 0 0 0 2 0 0 0 0 0 0 0 0 0 0 0 0 0 0 0 0 0 0 0 5 1 2 2 2 0 0 2 0 0 0 0 8 0 0 0 0 0 0 0 0 0 0 0 0 0 0 0 0 0 0 0 0 0 0 0 
 3 4 3 3 3 2 2 4 3 3 2 2 3 2 2 3 3 3 3 2 124 72 141 105 74 225 107 140 208 243 143 407 66 70 117 0 158 265 37 111 0 0 2 0 3 0 73 0 3 0 0 0 0 65 2 2 3 0 79 0 1 7 0 5 3 6 0 0 19 0 0 0 1 0 2 1 0 0 3 3 0 0 0 0 0 30 0 0 0 1 0 0 0 0 0 0 0 0 0 0 19 25 17 7 8 4 0 37 1 24 20 35 0 54 0 1 77 31 0 0 0 26 0 0 0 0 0 0 0 0 0 0 51 13 0 0 0 12 27 33 2 0 0 0 0 0 0 0 0 0 0 0 0 0 0 0 0 0 0 0 0 0 0 0 0 0 0 40 0 0 0 0 0 0 0 0 0 0 1 0 10 0 48 55 0 10 0 2 28 0 0 0 8 0 28 21 42 45 0 0 2 0 1 1 0 0 9 15 0 0 0 0 16 16 0 0 0 0 17 27 0 0 0 0 1 0 0 0 0 0 0 0 0 0 0 0 0 0 0 0 0 0 7 0 0 0 0 0 0 0 0 0 0 0 9 0 0 42 36 2 3 0 0 0 0 0 0 0 0 0 0 0 0 0 0 0 0 0 0 19 0 10 0 0 0 12 0 0 0 0 
 0 3 0 2 59 73 6 1 0 2 0 3 2 3 0 0 0 73 0 2 43 196 213 217 124 192 312 110 129 103 196 153 126 56 34 158 0 196 121 102 0 0 4 1 2 0 56 0 0 0 0 0 66 63 0 0 0 0 0 69 0 0 0 0 0 0 0 0 4 0 0 4 0 0 0 0 0 0 0 0 0 0 0 0 0 0 0 0 0 0 0 0 0 0 0 0 0 0 0 0 0 21 17 19 10 0 0 0 22 0 21 36 29 0 1 20 0 22 13 15 15 0 1 0 0 0 14 1 11 0 0 0 25 25 13 0 0 0 19 27 0 0 0 0 0 0 0 4 0 0 0 0 0 0 0 0 0 0 0 0 0 0 0 0 7 0 0 5 0 0 0 0 0 0 0 0 0 0 0 0 0 2 24 27 6 20 0 0 1 39 31 6 6 0 14 29 1 9 7 0 1 0 0 0 0 0 1 17 0 0 0 0 1 0 0 0 10 0 3 12 0 0 0 0 3 0 0 0 0 0 0 0 0 0 0 0 0 0 0 0 0 0 0 0 0 2 0 0 0 0 0 0 2 0 4 0 2 75 0 1 2 13 2 0 0 0 0 0 0 0 0 0 0 0 0 0 0 0 0 0 0 0 0 0 2 0 0 0 0 0 
 207 3 3 3 5 78 5 3 3 3 3 3 3 5 3 3 4 3 3 3 40 239 205 290 131 234 28 47 47 155 116 162 124 33 252 265 196 0 47 40 0 0 0 0 4 0 87 0 2 0 0 0 63 115 0 2 2 2 2 127 0 2 0 0 0 3 0 0 0 0 0 6 0 0 2 0 0 0 3 3 0 0 0 0 0 0 0 1 0 0 0 0 0 0 0 0 0 0 0 0 0 0 10 41 26 12 0 5 1 0 41 29 1 0 0 21 17 0 0 21 11 0 3 0 0 0 14 8 10 0 0 0 19 16 21 1 0 0 44 20 1 0 0 0 0 2 0 0 0 0 0 0 0 2 0 0 0 0 0 0 0 0 0 0 0 0 0 16 0 0 0 0 0 1 0 0 0 12 0 0 0 0 8 41 51 70 14 0 11 0 13 2 0 22 13 0 0 20 9 0 1 11 0 0 0 0 0 30 0 0 0 0 22 1 12 12 14 16 9 31 0 0 0 0 0 0 0 0 0 0 0 0 0 0 0 0 0 0 0 0 0 0 7 0 0 0 0 0 0 0 0 0 0 0 7 0 0 83 93 3 1 14 0 0 0 0 16 0 0 0 0 0 0 0 0 0 0 0 0 0 0 13 0 2 0 0 0 0 0 0 
 2 0 72 140 73 73 9 0 27 98 18 75 0 0 35 0 0 146 1 2 61 129 128 95 276 49 311 95 255 96 33 59 163 386 161 37 121 47 0 170 0 0 0 0 3 0 0 0 3 0 0 0 0 1 0 1 2 0 3 0 0 2 0 0 0 3 0 1 0 0 10 0 0 0 4 0 0 0 3 3 0 1 0 0 4 14 0 0 5 18 14 1 0 1 0 0 7 0 0 0 30 4 18 0 0 0 15 0 15 11 0 0 15 13 0 0 0 2 18 14 0 0 0 0 11 0 0 3 0 0 0 0 0 0 0 0 0 0 0 0 0 0 0 2 0 0 0 1 0 0 0 0 2 0 0 0 0 0 0 0 0 0 2 19 16 16 0 0 0 1 0 11 0 0 0 0 20 9 1 26 25 10 31 0 14 0 1 21 12 8 10 26 39 14 0 0 42 13 19 25 0 0 0 0 0 0 0 2 0 0 0 0 0 0 0 0 0 0 0 0 0 0 0 0 0 0 0 0 1 0 0 0 2 0 0 0 0 0 0 0 0 0 0 0 0 0 73 0 0 1 1 0 3 0 10 0 3 0 2 1 0 0 0 0 0 0 0 0 0 0 0 0 0 0 0 2 0 13 0 0 0 0 0 0 0 0 0 0 0 0 
 0 0 17 73 155 0 2 0 81 14 0 78 0 0 0 74 0 0 0 0 85 32 306 184 293 247 312 330 277 177 125 122 240 476 231 111 102 40 170 0 16 0 0 0 4 0 0 0 2 0 0 0 0 0 0 2 2 4 3 0 0 2 0 0 0 3 0 0 0 0 7 0 0 0 3 0 2 0 3 3 5 0 19 0 0 15 1 0 13 8 11 0 0 0 0 0 0 12 0 0 43 18 26 3 0 0 26 0 12 29 0 0 17 32 22 11 22 0 0 0 0 0 0 0 0 0 0 0 0 0 0 0 0 1 0 0 0 0 0 0 5 0 0 0 0 0 0 0 0 0 0 0 0 0 0 0 0 0 0 0 0 0 17 2 0 1 6 0 5 0 19 0 0 0 15 0 0 30 5 0 7 39 21 19 0 0 23 23 25 10 10 6 24 0 0 10 11 15 43 24 0 6 0 0 0 0 0 0 0 0 0 0 0 0 0 0 0 0 0 0 0 0 0 0 0 0 0 0 0 0 0 0 0 0 0 0 0 0 20 0 0 0 0 0 0 0 0 0 0 73 0 0 12 0 10 0 2 0 0 2 3 0 0 0 0 0 0 0 0 0 0 0 0 0 0 24 19 0 0 0 0 0 0 0 0 0 0 0 0 0 
 1 1 1 0 0 0 67 62 1 0 2 0 0 1 0 2 2 0 72 0 0 0 0 0 0 0 0 0 0 0 0 0 0 17 0 0 0 0 0 16 0 115 138 85 260 48 166 352 103 25 65 158 113 405 128 191 47 98 43 207 63 0 11 0 0 0 0 0 0 0 0 0 0 7 0 0 0 0 0 0 1 0 0 0 0 0 19 0 0 0 0 0 25 0 20 24 6 0 0 0 0 0 0 0 0 0 8 0 0 0 0 0 0 0 0 0 0 0 0 0 0 0 0 0 12 0 38 0 27 0 0 3 0 19 32 0 14 4 7 10 0 0 0 0 0 0 9 0 0 0 0 0 2 0 0 0 6 0 0 3 10 0 0 0 0 0 1 1 0 0 0 0 20 0 1 0 0 0 43 0 0 0 0 0 0 0 0 0 0 0 0 0 0 0 0 0 0 0 0 0 25 14 38 18 10 10 0 10 23 4 0 27 0 0 7 13 11 8 13 6 0 0 0 0 0 0 0 0 0 0 0 0 0 0 0 0 0 0 8 0 0 0 15 0 0 0 0 0 1 19 0 4 0 1 0 0 0 0 0 12 0 0 2 0 0 2 3 0 0 0 0 0 0 0 0 0 0 0 0 0 0 0 0 0 9 0 0 0 0 0 
 0 0 0 0 0 0 9 2 0 0 0 0 0 0 0 0 0 0 0 3 0 0 0 0 0 0 0 0 0 0 0 0 2 0 0 0 0 0 0 0 115 0 223 123 177 24 186 729 140 39 49 109 37 63 78 56 334 254 66 245 2 0 2 0 46 0 0 1 0 0 0 0 0 0 0 0 1 0 52 63 0 0 0 0 0 0 0 0 0 0 0 0 0 0 9 0 0 0 0 0 0 0 0 0 0 0 0 0 0 0 0 0 0 0 0 0 0 0 0 0 2 32 14 7 20 10 4 26 14 0 44 0 0 0 0 51 0 0 0 6 0 1 0 0 9 0 10 0 0 0 0 0 16 0 0 0 0 0 7 1 0 0 0 0 0 0 0 0 0 0 0 0 0 0 0 0 0 0 0 0 0 0 0 0 13 0 5 0 0 0 0 0 0 0 0 0 0 0 0 0 21 44 20 24 19 10 0 12 0 0 7 22 0 0 0 57 20 0 0 0 0 0 0 0 0 0 0 3 0 1 0 0 47 12 10 0 0 0 9 28 0 0 0 0 0 0 0 0 0 0 0 10 0 0 0 0 1 0 0 0 0 0 0 0 0 0 3 66 2 0 0 0 0 0 0 0 0 0 0 0 0 0 5 0 14 22 0 0 0 0 
 0 0 0 65 0 0 6 0 0 0 8 71 0 2 0 0 0 0 0 3 0 0 1 0 1 1 0 0 0 0 3 0 1 0 0 2 4 0 0 0 138 223 0 241 55 106 126 281 144 127 136 100 68 562 93 54 93 32 111 59 0 3 1 0 0 0 57 0 0 3 9 8 0 1 0 0 26 0 100 19 0 0 0 0 0 0 0 0 0 0 0 0 0 0 0 0 0 0 0 0 0 0 0 0 0 0 0 0 0 0 18 0 0 0 0 19 0 0 0 0 0 10 0 22 34 17 0 6 2 0 7 0 0 9 0 7 0 18 1 1 0 0 3 0 0 0 11 0 0 4 20 0 19 0 4 0 0 0 8 0 0 0 0 0 0 0 0 0 0 0 0 0 0 0 0 0 0 0 0 0 0 0 0 0 0 1 0 0 0 0 0 0 0 0 0 0 0 0 0 0 12 25 13 12 0 25 0 1 0 1 10 8 6 0 12 28 51 0 0 0 2 0 17 0 0 0 1 0 11 0 3 0 0 20 0 0 16 0 25 6 0 0 0 0 0 0 0 0 0 0 0 9 0 1 0 0 0 0 0 0 0 0 0 0 2 5 0 33 0 0 0 0 0 0 0 0 0 0 0 0 0 0 0 0 1 7 0 0 0 0 
 0 0 0 0 0 0 0 0 6 1 0 0 1 0 0 0 0 0 0 0 0 0 0 0 0 0 0 0 0 0 0 0 0 0 0 0 1 0 0 0 85 123 241 0 605 81 83 204 356 146 443 277 499 304 61 50 68 118 308 61 26 0 0 0 0 0 118 0 0 0 0 0 0 51 35 0 0 0 118 74 0 0 0 0 0 0 0 0 0 0 0 0 0 0 0 0 1 0 0 0 0 0 0 0 0 0 0 0 0 0 0 0 0 0 0 0 27 0 0 0 0 0 0 43 10 14 0 25 0 2 7 0 0 0 0 2 0 0 0 0 0 0 0 0 0 0 36 6 0 0 12 12 16 0 45 0 0 0 11 6 0 0 0 0 0 0 0 0 0 0 0 0 0 0 0 0 0 0 0 0 0 0 0 0 0 0 0 0 0 0 0 0 0 0 0 0 13 0 0 0 0 0 11 0 10 10 0 0 0 1 12 7 0 0 0 20 30 0 0 0 12 28 27 0 0 0 9 7 12 0 0 0 0 17 10 18 10 7 4 4 0 0 0 0 0 0 0 0 0 0 0 1 0 1 0 0 0 0 0 4 0 0 0 0 2 2 2 42 0 0 0 0 0 0 0 0 0 0 0 0 0 0 0 0 0 21 0 0 0 0 
 0 0 0 64 67 2 0 0 3 12 0 0 0 0 0 0 0 0 0 0 57 1 211 3 2 5 65 6 4 3 3 3 3 9 3 3 2 4 3 4 260 177 55 605 0 355 183 141 61 61 122 121 340 99 170 278 276 248 132 114 51 0 3 2 0 0 7 3 0 0 0 1 0 83 0 0 7 1 46 20 0 0 0 0 5 0 0 0 0 0 0 0 0 0 0 0 1 0 0 0 11 6 13 0 0 0 9 13 1 0 0 0 10 6 19 12 0 28 6 8 0 8 0 14 0 12 0 7 10 0 0 0 0 0 0 6 0 0 0 0 23 21 9 9 0 0 0 3 0 0 0 27 24 0 0 3 0 14 0 0 0 0 0 0 4 12 0 0 0 2 0 3 11 0 0 0 0 0 0 0 11 1 0 1 0 0 9 0 0 0 0 0 0 0 0 8 0 0 0 0 6 0 0 14 15 0 0 0 0 0 0 4 0 0 0 10 28 0 0 0 0 0 24 0 0 2 22 0 0 0 0 0 7 18 24 0 15 0 18 3 0 0 0 0 0 0 1 0 0 0 0 3 0 0 0 0 0 1 0 2 0 0 3 7 0 2 2 2 0 0 0 0 0 0 0 0 0 0 0 0 0 0 0 0 0 0 0 0 2 0 
 0 0 3 0 0 0 2 0 4 0 0 2 0 0 0 5 0 0 0 2 0 0 0 0 0 0 0 0 0 0 54 0 0 0 0 0 0 0 0 0 48 24 106 81 355 0 62 104 111 39 329 229 39 98 55 116 300 40 77 54 35 0 0 0 0 3 1 5 0 0 0 0 47 51 94 51 50 0 0 0 0 0 0 0 0 0 0 0 0 0 0 0 0 0 0 0 0 0 0 0 0 0 0 0 0 0 0 0 0 0 0 0 0 0 11 0 0 0 0 0 0 0 0 0 47 0 0 0 0 0 0 0 13 0 0 0 0 5 0 0 30 21 10 29 0 0 10 0 0 9 24 27 18 20 0 0 0 23 0 0 0 15 0 0 0 0 0 0 0 0 0 0 0 0 0 0 2 11 0 0 0 1 0 0 0 0 0 0 0 0 0 0 1 0 0 0 0 0 0 0 0 8 10 0 0 12 0 11 0 2 0 0 0 0 0 11 14 0 0 0 0 4 13 6 0 8 10 21 22 0 4 0 8 8 14 4 10 0 22 10 14 0 0 0 0 0 0 0 0 0 0 8 0 0 0 0 0 0 0 11 0 0 5 4 0 9 0 0 1 5 0 0 0 0 0 0 0 0 0 0 0 0 0 0 0 0 0 0 2 0 
 3 3 3 71 3 3 3 3 3 3 3 3 3 3 3 3 3 3 5 3 0 64 0 63 62 55 0 0 0 0 0 58 0 3 0 73 56 87 0 0 166 186 126 83 183 62 0 176 79 22 103 26 169 348 349 85 45 44 78 123 0 0 6 0 0 0 0 0 0 0 0 0 0 29 0 0 0 0 0 0 0 0 0 0 0 0 0 0 0 0 0 0 0 0 0 0 0 0 0 0 0 0 0 0 19 0 0 0 0 0 25 10 0 0 0 0 0 13 0 0 15 19 0 24 0 16 0 0 7 1 4 14 10 12 0 23 24 0 1 35 0 0 0 0 1 0 0 0 0 0 0 0 10 0 0 0 0 0 0 0 0 0 0 0 0 0 0 10 0 0 0 0 0 0 0 0 0 0 0 0 0 0 0 6 1 0 0 0 0 0 0 0 0 0 0 36 0 0 0 0 27 0 12 10 17 0 0 10 10 0 0 0 9 0 13 0 10 0 0 9 0 9 0 18 0 0 0 0 0 0 0 0 0 0 10 0 0 0 0 0 0 0 0 0 0 0 0 0 0 0 0 9 0 0 0 0 0 0 1 0 0 0 0 0 0 2 0 0 1 0 0 0 0 0 0 0 0 0 0 0 0 0 0 0 0 0 0 0 0 0 
 0 0 0 0 2 0 3 3 0 0 4 0 0 0 0 2 0 4 0 2 0 0 0 0 0 1 0 0 0 0 0 0 0 0 0 0 0 0 0 0 352 729 281 204 141 104 176 0 86 51 31 73 147 166 123 111 91 246 88 55 0 4 1 0 4 0 0 0 0 6 0 0 6 1 2 0 0 0 1 4 2 0 28 0 0 0 18 0 0 0 7 5 0 14 0 0 0 0 0 3 0 0 0 0 0 0 0 0 0 0 0 0 0 0 0 0 0 0 0 0 9 14 10 9 13 13 3 33 0 0 33 0 1 0 0 21 0 10 0 7 7 0 0 0 4 0 13 0 0 0 0 0 21 0 0 0 0 0 7 0 0 0 0 0 0 0 6 0 25 4 0 0 0 7 0 2 2 2 0 0 0 0 1 0 35 0 0 0 0 1 0 0 0 0 0 0 0 0 0 0 9 53 7 32 1 10 0 16 0 0 0 3 27 0 9 48 13 0 0 0 0 0 0 0 0 0 0 0 0 0 0 0 0 10 10 0 0 0 12 10 0 0 0 0 0 0 4 0 0 0 0 7 0 1 0 0 0 0 0 0 0 0 0 0 2 1 0 65 0 0 0 0 0 0 0 0 0 0 0 0 0 0 0 0 15 16 0 0 0 0 
 1 0 0 2 0 0 0 0 0 0 0 0 0 0 0 2 0 7 0 0 1 1 2 84 0 2 2 2 3 2 3 1 2 2 2 3 0 2 3 2 103 140 144 356 61 111 79 86 0 354 64 31 135 201 179 152 350 102 150 63 4 0 0 0 0 0 0 0 0 0 0 0 0 0 0 0 0 0 58 50 0 0 0 0 0 0 0 0 0 0 0 0 0 0 0 0 0 0 0 0 0 0 0 0 0 0 8 0 0 0 0 0 0 0 0 0 0 0 0 0 7 0 9 9 37 27 0 9 0 9 32 0 0 0 0 11 11 9 0 0 20 0 2 0 0 0 14 0 0 0 4 0 0 0 2 0 0 0 3 11 0 0 0 0 0 0 0 0 0 0 0 0 0 0 0 0 8 0 0 0 0 0 0 0 0 0 0 0 0 0 0 0 0 0 0 0 0 0 0 0 0 36 23 0 2 12 0 8 8 46 11 0 0 0 7 16 12 0 0 0 13 0 9 0 0 0 7 15 13 0 0 0 0 6 0 0 1 0 0 1 0 0 0 0 0 0 0 0 18 0 0 6 0 0 2 0 0 0 0 9 0 0 2 0 5 0 0 5 0 0 6 0 0 10 0 0 0 0 0 0 0 0 0 0 13 16 0 0 0 0 
 0 0 0 0 0 0 0 0 0 0 0 2 0 0 0 63 0 0 0 0 0 0 0 0 0 0 0 0 0 0 0 0 0 0 63 0 0 0 0 0 25 39 127 146 61 39 22 51 354 0 158 27 269 92 130 248 109 60 156 151 6 77 1 3 12 8 0 0 0 0 0 0 6 0 0 6 0 5 52 74 0 0 0 21 0 0 0 0 0 9 0 0 0 0 0 0 0 0 0 0 10 0 0 0 0 0 0 0 0 0 0 0 0 0 0 0 0 0 0 0 1 1 30 0 39 27 0 9 34 0 0 0 0 0 0 9 8 0 12 0 11 0 4 0 0 4 10 9 17 0 10 0 0 0 19 3 4 1 11 6 0 0 0 0 0 0 0 0 0 0 0 0 6 0 0 0 3 0 0 0 0 0 0 0 0 0 0 0 0 0 0 0 0 0 0 0 0 0 0 0 0 1 20 0 19 1 11 10 3 20 0 1 0 0 6 0 14 9 0 0 24 0 29 9 9 8 29 19 10 0 0 13 43 10 9 13 11 5 0 0 0 0 0 0 0 0 0 0 0 0 0 5 0 9 0 0 0 0 0 58 0 0 1 0 65 2 13 0 0 0 18 0 0 0 23 5 0 0 0 0 0 0 0 0 0 0 0 0 3 0 
 0 0 0 5 0 0 0 0 3 0 0 0 0 0 0 0 0 0 1 0 0 0 0 0 0 0 0 0 0 0 0 0 0 0 0 0 0 0 0 0 65 49 136 443 122 329 103 31 64 158 0 79 52 244 134 72 95 80 263 124 100 0 5 207 0 0 48 20 0 0 0 0 108 67 50 0 0 0 111 51 0 0 0 0 0 0 0 0 0 0 0 0 0 0 0 0 0 0 0 0 0 0 0 0 0 0 0 0 0 0 0 0 0 0 0 0 0 0 0 0 0 0 6 19 6 16 13 0 10 18 0 8 0 19 16 12 13 0 0 18 13 18 2 0 0 0 8 31 0 0 21 0 6 13 21 1 0 2 15 5 0 0 0 0 0 0 0 0 0 0 0 0 0 0 0 0 0 0 0 0 0 0 0 0 16 0 0 0 0 0 0 0 0 0 0 0 0 0 0 0 7 9 12 23 20 11 0 0 6 0 14 10 0 0 0 0 10 6 0 0 10 15 5 0 0 1 45 19 19 1 0 0 0 12 41 21 1 32 19 14 0 0 0 0 0 0 0 0 0 0 0 3 0 0 0 0 0 0 0 10 0 0 6 36 1 1 2 1 0 0 6 0 0 0 0 12 0 0 0 0 0 0 0 0 0 0 0 1 0 0 
 0 0 0 0 0 0 0 0 0 0 0 0 3 0 0 0 0 0 0 0 0 64 0 0 0 0 0 0 0 0 1 0 0 0 0 0 0 0 0 0 158 109 100 277 121 229 26 73 31 27 79 0 46 105 230 33 103 65 90 32 52 1 0 0 0 0 49 64 0 0 0 194 1 48 62 0 0 5 56 51 0 0 0 0 0 0 0 0 0 0 0 0 0 0 0 0 0 0 0 0 0 0 0 0 0 0 0 0 0 0 0 0 0 0 0 0 0 0 0 0 0 0 0 26 29 0 0 0 0 0 0 1 0 0 0 0 0 18 0 0 35 11 6 12 7 0 11 16 11 0 2 39 22 2 30 0 0 49 31 1 0 0 0 0 0 0 0 0 0 0 0 0 0 0 0 0 0 0 0 0 0 0 0 0 0 0 0 0 0 0 0 0 0 0 0 0 0 0 0 0 0 19 14 0 0 28 0 0 0 0 0 1 0 0 0 20 34 0 0 0 34 43 26 0 0 6 14 7 1 0 8 0 29 20 30 38 14 15 25 0 9 0 0 0 0 0 0 0 0 0 0 23 0 0 0 0 0 0 0 17 0 0 0 2 0 0 4 0 0 0 0 0 0 0 0 0 0 0 0 0 0 0 0 0 0 0 0 0 9 0 
 3 3 7 21 8 24 3 3 3 7 3 3 3 3 3 3 3 3 3 3 0 0 21 1 70 24 0 0 0 28 1 135 0 0 0 0 66 63 0 0 113 37 68 499 340 39 169 147 135 269 52 46 0 202 125 35 93 45 115 172 0 0 2 0 4 2 0 0 15 0 2 2 0 3 2 0 0 0 0 0 0 0 0 4 0 0 0 9 0 0 0 0 0 0 0 6 0 0 0 0 0 0 0 39 10 19 3 4 1 0 0 1 0 0 1 9 0 0 3 0 0 0 0 2 1 8 35 7 26 35 0 1 0 26 49 10 0 0 20 15 0 0 0 0 0 0 0 0 0 0 0 0 0 0 0 0 0 0 0 0 0 0 0 0 0 6 0 0 0 1 0 0 0 0 2 0 2 0 0 7 0 0 5 6 32 15 0 5 0 1 0 26 0 4 0 0 0 0 0 0 12 9 0 20 0 0 24 13 19 0 12 22 14 51 10 0 0 17 20 10 0 0 0 0 0 0 0 0 0 0 0 0 0 0 1 0 0 0 12 0 0 0 19 0 0 0 0 0 0 0 0 6 0 0 1 0 0 62 63 2 0 0 47 0 0 12 1 0 0 0 0 0 0 0 0 1 0 0 0 0 0 0 0 0 11 0 0 0 0 0 
 2 3 5 4 3 2 11 2 3 3 1 4 3 2 2 3 2 8 12 5 0 2 0 59 97 9 1 0 0 75 0 64 0 3 0 65 63 115 1 0 405 63 562 304 99 98 348 166 201 92 244 105 202 0 179 176 47 124 417 380 0 2 0 4 0 0 0 0 16 0 0 0 0 0 0 0 0 0 0 0 0 0 0 0 0 0 0 0 0 0 0 0 0 0 0 0 0 0 0 0 0 0 0 26 23 9 0 0 0 0 3 0 0 0 0 15 0 0 0 15 0 4 4 18 23 0 0 0 1 36 0 8 13 25 0 0 0 27 61 21 0 0 0 0 0 0 8 0 0 0 0 0 0 0 0 0 0 0 0 0 0 0 0 0 0 0 0 0 0 0 0 0 0 0 0 0 2 0 0 0 0 0 0 13 22 14 0 0 0 0 0 10 0 0 0 0 0 0 0 0 16 27 16 0 0 21 31 18 4 0 9 1 40 68 11 40 22 0 0 17 0 0 0 0 0 0 0 0 0 0 0 0 0 0 0 0 0 0 3 0 0 0 0 0 0 0 0 0 0 27 0 4 1 2 0 2 0 62 0 18 0 0 0 0 2 4 2 0 2 0 0 0 0 0 0 0 0 0 0 0 0 0 0 0 18 0 9 0 0 0 
 0 0 0 0 0 0 0 0 0 0 3 0 0 4 0 0 0 0 0 0 0 3 0 0 0 18 0 0 0 0 8 0 0 3 0 2 0 0 0 0 128 78 93 61 170 55 349 123 179 130 134 230 125 179 0 304 69 104 222 185 0 4 6 0 0 0 2 0 3 0 0 0 1 4 5 2 0 0 0 0 0 0 0 0 0 0 0 0 0 0 0 0 7 14 0 0 0 0 0 0 0 0 0 0 11 0 0 0 0 0 0 0 0 0 0 0 0 0 0 0 0 17 11 11 1 12 0 0 24 14 0 21 0 11 0 26 25 0 0 0 0 0 7 5 10 0 24 0 0 0 0 4 16 5 3 0 15 6 8 0 0 0 0 0 0 0 0 0 0 0 0 0 5 0 0 0 9 0 0 0 0 0 0 0 0 8 0 0 0 0 0 0 0 0 0 0 0 0 0 1 34 3 9 13 9 0 16 13 21 8 28 7 9 32 40 1 1 1 0 7 6 3 0 0 0 0 22 0 1 0 0 0 0 0 21 0 0 0 1 0 0 0 0 0 0 0 0 0 0 0 0 4 0 0 0 0 0 0 0 10 0 0 0 0 0 7 0 1 0 0 0 0 0 0 0 0 0 0 0 0 0 0 0 0 22 13 0 0 0 0 
 3 72 0 0 0 0 0 0 0 0 0 0 0 0 0 0 0 65 2 0 3 109 2 2 0 2 3 2 1 2 1 3 2 2 2 2 0 2 1 2 191 56 54 50 278 116 85 111 152 248 72 33 35 176 304 0 206 38 45 136 0 0 5 0 0 0 0 0 0 0 0 0 0 3 0 0 0 6 0 0 0 0 0 0 0 0 0 4 0 0 0 0 0 0 0 0 0 0 0 0 0 0 0 0 1 0 0 0 0 0 0 0 0 0 0 0 0 0 0 0 1 8 0 0 35 3 11 0 20 12 3 8 0 15 13 9 27 19 0 10 0 0 0 0 0 3 3 0 0 0 0 0 1 0 0 0 0 0 0 0 0 0 0 0 0 0 0 0 0 0 0 0 2 0 0 0 5 0 0 0 0 0 0 0 0 0 0 0 0 0 0 0 0 12 0 0 0 0 0 0 12 61 14 29 44 0 11 20 8 22 7 27 0 12 9 35 1 6 0 11 0 0 0 0 0 0 0 0 15 0 0 0 0 0 1 0 0 0 9 0 0 0 0 0 0 0 0 0 0 0 0 7 0 0 0 0 0 0 0 31 0 0 2 0 0 2 0 0 0 0 0 0 0 0 0 0 0 0 0 0 0 0 0 0 26 14 0 0 0 5 
 3 3 3 3 3 66 9 3 3 3 3 3 9 3 3 3 3 3 3 5 3 3 2 2 0 2 2 2 2 2 2 3 2 2 2 3 0 2 2 2 47 334 93 68 276 300 45 91 350 109 95 103 93 47 69 206 0 353 108 125 2 0 0 0 0 0 0 1 0 0 0 1 60 1 207 0 0 0 0 29 0 0 0 0 0 0 0 0 0 0 0 0 0 0 0 0 0 0 0 0 0 0 0 0 0 0 0 0 0 0 0 0 0 0 0 0 0 0 0 0 0 2 12 7 0 5 1 8 28 16 16 10 0 1 10 0 55 9 0 0 0 2 0 0 0 0 15 0 0 0 1 0 2 7 0 0 0 0 5 6 0 0 0 0 0 0 0 0 0 0 0 0 36 0 0 0 4 0 0 0 0 0 0 0 0 0 0 0 0 0 0 0 0 0 0 0 0 0 0 0 2 1 19 8 1 11 11 10 10 27 32 17 0 0 21 9 13 0 0 6 0 0 0 0 0 0 0 3 0 1 0 0 3 12 0 0 0 0 21 39 0 0 0 0 0 0 0 0 0 0 0 10 0 0 0 0 0 0 0 11 0 0 1 2 1 3 1 9 0 0 0 0 0 0 0 0 0 0 0 0 0 0 15 0 12 29 0 11 0 0 
 0 0 0 0 0 0 0 0 0 0 0 0 0 0 0 0 0 0 2 0 3 3 0 2 62 0 2 3 0 0 3 0 8 0 3 0 0 2 0 4 98 254 32 118 248 40 44 246 102 60 80 65 45 124 104 38 353 0 301 45 62 0 0 0 0 6 20 16 0 0 0 0 51 1 52 0 0 7 27 0 0 0 0 0 0 0 9 0 0 0 0 0 0 0 0 0 0 0 0 0 0 0 0 0 13 0 0 0 0 17 3 0 0 0 13 2 0 13 0 0 9 0 19 7 13 0 13 0 36 32 0 25 2 20 16 12 2 6 0 2 7 0 0 0 0 0 13 17 20 0 0 0 19 13 28 0 0 0 1 24 0 0 0 0 0 0 0 0 0 0 0 0 6 0 0 0 2 0 0 0 0 0 0 0 0 0 0 0 4 8 3 1 0 0 0 13 0 0 0 0 8 0 2 0 0 57 20 1 0 14 22 13 0 31 21 0 0 0 0 9 18 10 19 0 0 0 0 10 0 0 0 0 9 25 0 19 0 20 38 0 0 0 0 0 0 0 0 0 0 0 0 11 0 1 0 0 0 1 0 2 0 2 3 0 3 13 0 1 0 0 0 0 0 0 0 0 0 0 0 0 0 3 0 0 8 0 0 0 5 0 
 0 0 0 0 0 0 0 0 3 0 0 0 0 0 0 0 0 0 0 0 1 1 66 2 64 24 1 2 3 66 23 1 3 3 2 79 0 2 3 3 43 66 111 308 132 77 78 88 150 156 263 90 115 417 222 45 108 301 0 105 0 4 0 0 0 0 0 0 4 0 0 0 0 0 0 0 4 0 0 0 0 0 0 0 0 0 0 0 0 0 0 0 0 0 0 0 0 0 0 0 0 0 0 10 19 0 0 0 0 4 9 20 0 0 0 16 0 11 19 0 11 2 34 0 0 0 23 25 13 0 0 27 14 30 3 5 15 0 13 17 0 0 0 0 4 0 2 0 0 0 0 0 0 0 0 0 0 0 0 0 0 0 0 0 0 0 0 0 0 0 20 0 5 0 0 0 5 0 0 0 0 0 0 0 17 8 0 0 1 20 20 1 0 0 0 0 0 8 0 0 6 19 0 1 0 0 10 19 1 20 0 0 12 6 15 9 19 0 0 0 0 0 0 0 0 0 0 0 0 0 0 0 0 0 0 0 0 0 0 0 0 0 0 0 0 0 0 0 0 0 0 10 0 0 0 0 0 62 0 0 69 0 2 0 0 2 0 0 2 0 0 0 0 0 0 0 0 0 0 0 0 4 0 0 0 0 0 0 0 0 
 0 0 63 0 0 0 0 0 0 0 0 0 0 0 0 0 0 0 0 0 0 0 26 1 4 26 0 0 0 27 1 62 0 0 0 0 69 127 0 0 207 245 59 61 114 54 123 55 63 151 124 32 172 380 185 136 125 45 105 0 1 6 8 0 6 2 2 1 0 8 0 0 6 36 3 0 0 0 1 4 0 0 0 0 0 0 0 0 0 0 0 0 0 0 0 0 0 0 0 0 0 0 0 20 0 0 0 0 1 0 4 1 0 0 1 9 0 0 0 0 20 9 0 0 0 16 20 8 27 13 0 7 18 0 33 33 38 18 20 0 12 0 0 0 0 0 0 0 0 0 0 0 17 0 0 0 0 0 0 0 0 0 0 16 0 0 0 3 0 0 0 0 0 0 0 0 0 0 0 0 0 0 0 6 41 22 0 0 0 1 0 24 0 0 0 0 0 0 0 9 13 0 12 0 15 3 31 10 26 8 6 10 14 19 14 0 8 39 18 10 0 0 0 0 0 0 0 0 0 0 0 0 0 0 21 0 0 0 10 0 0 11 14 0 0 0 0 0 0 0 0 11 0 1 0 0 0 62 35 0 0 0 1 0 0 0 2 0 0 0 0 0 0 0 0 0 0 0 0 0 0 0 0 0 9 0 0 0 0 0 
 0 0 0 0 0 0 0 0 0 0 0 0 3 0 0 0 0 0 0 0 2 2 0 2 0 0 2 0 0 1 0 2 0 0 0 1 0 0 0 0 63 2 0 26 51 35 0 0 4 6 100 52 0 0 0 0 2 62 0 1 0 38 37 239 39 36 365 147 32 242 24 42 262 202 102 87 68 35 171 216 0 0 0 0 0 0 0 0 0 0 0 0 0 0 0 0 0 0 0 0 0 0 0 0 0 0 0 0 0 0 0 0 0 0 0 0 0 0 0 0 0 0 0 18 27 1 0 0 14 0 0 7 0 0 0 0 0 0 0 0 46 26 1 0 0 0 11 81 7 0 0 25 51 9 28 0 0 7 7 30 0 0 0 0 0 19 0 0 0 0 0 0 0 0 0 0 0 0 0 0 0 0 0 0 0 0 0 0 0 0 0 0 0 0 0 0 0 0 0 0 0 0 0 32 65 1 0 0 0 4 0 7 0 0 0 0 0 0 0 0 8 17 59 0 0 0 0 8 0 18 0 0 29 23 26 27 0 19 7 39 0 0 0 0 0 0 0 0 0 0 0 0 0 0 5 0 0 0 0 0 0 0 0 53 0 0 0 0 0 0 0 0 0 1 0 0 0 0 0 0 0 0 0 0 0 0 0 0 2 0 
