 0 415 75 102 40 57 334 575 143 61 215 204 149 247 471 612 116 218 55 432 0 1 6 0 3 109 1 0 0 3 1 0 1 2 75 0 0 2 0 0 0 0 0 0 0 1 2 1 2 3 2 0 3 0 2 2 0 0 2 0 0 2 2 0 0 0 0 0 0 0 3 0 0 0 3 6 0 2 5 0 29 27 41 11 1 20 24 0 66 16 26 14 41 16 25 14 53 39 0 0 0 0 0 0 0 0 2 0 0 0 0 0 3 0 0 0 0 0 0 0 0 0 0 0 0 0 0 0 0 0 0 0 0 0 0 0 0 0 0 0 0 0 3 0 0 0 0 0 0 0 0 0 0 12 0 0 0 1 0 0 16 16 9 0 25 3 21 29 10 18 7 2 4 13 0 12 42 41 0 2 0 0 0 0 2 0 0 0 0 0 2 0 0 2 0 1 0 0 10 1 0 0 1 0 2 0 9 0 0 0 0 0 0 0 0 0 0 0 0 0 0 0 0 0 0 0 2 0 0 0 0 0 0 0 0 0 21 0 0 0 0 0 0 0 0 2 89 0 4 90 9 5 0 0 0 0 0 0 0 0 0 0 19 0 0 0 0 0 0 0 0 0 0 0 0 55 13 0 0 0 0 0 0 0 0 0 0 0 0 0 
 415 0 173 167 226 35 81 217 106 150 259 326 62 235 169 256 32 225 40 125 0 1 3 4 5 0 148 0 0 3 1 4 2 2 0 0 0 3 17 3 0 25 0 0 63 1 9 0 2 3 9 3 3 0 3 2 0 0 2 0 0 2 2 0 0 0 0 0 0 3 5 0 1 0 3 0 0 1 3 65 21 10 13 10 38 37 12 22 26 1 59 34 27 12 72 1 9 22 0 0 15 0 0 0 0 0 14 38 0 0 0 0 0 0 0 0 0 0 0 0 0 0 0 0 0 0 0 0 0 0 0 0 0 0 1 0 0 0 0 0 0 2 2 0 0 0 0 0 0 0 0 0 0 27 0 0 0 0 0 0 51 0 1 17 12 0 0 12 9 36 32 45 11 3 18 20 2 9 0 0 15 0 0 0 0 0 12 0 0 0 0 0 0 0 0 11 0 11 2 14 0 1 0 0 0 0 0 0 0 0 0 0 0 0 1 0 0 0 0 0 0 0 0 0 0 0 0 0 0 21 0 0 0 1 0 0 0 0 0 0 0 0 0 0 1 2 4 0 0 0 6 7 0 0 0 0 1 0 0 0 0 0 0 0 2 2 0 0 0 0 0 0 0 0 0 0 0 0 0 0 0 0 0 0 0 0 0 0 0 0 
 75 173 0 205 241 510 105 107 147 167 48 428 158 153 151 149 462 213 24 48 0 0 3 0 2 5 17 0 2 3 0 0 176 2 0 0 0 2 0 0 0 0 0 0 0 2 0 0 2 3 2 62 3 0 63 0 0 0 2 0 0 2 6 0 0 0 0 0 0 0 3 0 0 0 3 0 0 0 3 0 0 28 12 40 44 50 10 21 0 19 43 16 0 26 18 13 23 0 0 0 16 0 0 0 0 1 25 18 0 0 0 0 12 22 27 0 2 0 0 31 0 0 0 0 0 0 0 0 0 0 0 0 0 0 0 0 0 0 0 0 0 0 0 1 0 0 0 0 0 0 2 0 3 0 0 0 0 0 0 0 0 1 28 27 29 18 0 0 0 0 26 28 0 0 0 10 19 0 0 0 16 3 0 0 0 0 14 0 0 0 0 0 10 0 0 1 7 0 26 10 0 0 0 0 0 0 0 0 0 0 2 0 0 0 0 1 0 0 0 0 0 0 0 0 0 0 0 0 0 0 0 0 1 0 0 0 0 0 0 0 0 18 0 0 0 1 135 0 2 179 2 14 16 0 2 0 0 0 0 0 0 0 0 0 0 0 1 0 0 0 0 0 0 0 0 0 2 9 0 0 0 0 0 0 0 0 0 0 0 0 
 102 167 205 0 78 74 88 168 163 100 149 54 177 529 398 139 150 303 81 176 0 1 3 1 2 0 73 2 0 3 2 2 36 2 3 0 0 4 0 0 0 6 0 0 0 2 2 2 2 2 8 63 3 0 2 4 0 0 4 0 0 3 2 12 3 0 0 0 12 1 3 4 0 0 4 10 9 6 5 0 20 23 32 14 13 22 10 24 35 30 57 26 23 21 11 13 30 33 0 10 13 0 0 0 0 0 18 16 0 0 0 0 0 11 0 14 0 2 0 0 0 0 0 0 0 0 0 0 0 0 0 0 1 0 0 0 0 0 0 0 0 0 4 0 0 0 0 0 0 0 0 0 0 6 0 0 21 0 0 0 16 9 1 15 0 0 26 47 52 17 21 24 6 0 16 8 41 33 0 7 13 0 0 0 0 0 0 0 0 0 0 0 24 0 14 7 0 0 0 16 0 0 0 0 0 0 0 0 0 0 0 0 0 0 0 0 2 0 0 0 0 0 0 0 0 0 0 0 0 0 0 0 0 0 0 2 0 0 0 0 0 0 0 0 0 2 0 0 2 180 0 5 0 2 0 0 0 0 0 0 0 0 18 0 0 0 0 0 0 0 0 0 0 0 0 34 24 0 0 0 0 0 0 0 0 0 0 0 0 0 
 40 226 241 78 0 327 51 189 146 331 156 64 86 95 173 184 50 142 258 88 150 1 3 0 2 0 159 0 0 3 0 0 100 33 0 73 74 2 112 74 0 2 0 0 0 2 0 1 2 3 2 64 3 0 2 2 0 6 2 0 0 3 2 0 0 0 0 0 0 0 3 0 0 0 2 1 0 0 9 0 0 0 0 31 51 29 0 0 18 0 21 0 0 0 0 0 9 0 0 0 36 0 0 1 0 0 40 21 14 19 0 0 19 15 10 18 0 0 0 7 0 0 0 0 0 0 0 0 0 0 0 0 0 0 0 0 0 0 0 0 0 0 11 0 0 0 0 0 0 0 1 0 0 1 0 0 0 16 0 0 0 0 36 33 62 1 0 0 0 18 11 21 0 0 0 0 0 0 2 0 26 0 0 0 0 0 34 15 4 0 10 0 23 26 42 48 19 0 3 10 0 0 0 0 0 0 0 0 0 0 0 0 0 0 0 0 0 0 0 0 0 0 0 0 0 0 12 2 0 0 0 0 0 0 0 0 0 0 0 0 0 0 0 0 0 0 87 0 2 0 0 5 13 0 0 0 0 0 0 0 0 0 0 0 0 0 0 0 0 0 0 0 0 0 0 0 9 0 0 0 0 0 0 0 0 0 26 0 0 0 
 57 35 510 74 327 0 42 346 45 49 242 138 29 153 87 62 323 57 253 49 19 0 3 0 2 80 190 78 0 3 0 0 25 91 0 1 20 2 74 75 0 0 0 0 0 2 3 0 2 2 2 63 3 0 30 5 0 80 6 0 5 3 2 0 0 0 0 0 0 0 3 0 0 0 2 50 0 0 3 48 0 0 0 30 11 33 9 0 7 16 30 18 0 0 1 0 19 26 0 0 30 9 20 0 0 0 18 46 33 0 4 17 32 35 9 18 1 1 0 63 0 0 2 0 0 0 0 0 1 0 0 0 0 0 0 0 0 0 0 0 0 0 1 0 0 0 0 0 0 0 11 0 0 0 0 0 0 0 0 0 0 0 22 31 10 0 0 18 25 50 24 41 3 0 3 0 11 20 0 0 15 21 0 0 15 0 4 0 0 0 15 11 60 0 24 26 2 20 19 22 2 0 0 0 0 0 0 0 0 0 0 0 1 0 0 0 0 0 0 0 0 0 0 1 0 0 0 0 0 0 1 0 0 0 0 0 0 0 0 0 0 0 0 0 0 6 86 0 0 91 0 2 0 0 0 0 0 0 0 0 11 0 0 0 0 0 0 0 0 0 0 0 0 0 0 17 9 11 0 0 0 0 0 0 0 0 0 0 0 0 
 334 81 105 88 51 42 0 403 95 199 203 140 211 228 51 131 158 133 68 74 0 3 3 0 3 0 2 0 0 3 19 0 0 2 0 0 0 2 0 0 0 0 0 0 0 1 0 0 2 3 2 0 3 0 1 1 0 0 2 0 0 3 2 0 0 0 0 0 0 0 3 0 0 0 2 1 0 0 3 0 17 9 13 0 0 15 25 34 0 12 23 31 15 62 34 25 14 8 9 1 0 0 0 0 0 0 0 0 0 0 0 0 0 16 0 2 0 0 0 0 0 0 0 0 0 0 0 0 0 0 0 0 0 0 0 0 0 0 0 0 0 0 0 0 0 0 0 0 2 0 11 0 0 0 0 3 0 0 0 0 1 0 0 0 0 0 29 16 26 31 0 17 0 47 18 8 23 16 1 31 0 0 2 0 0 0 0 0 0 0 0 0 0 8 0 0 0 0 17 0 0 0 0 0 0 0 0 0 0 0 0 0 0 0 0 0 0 0 0 0 0 0 0 0 0 0 0 0 0 0 0 0 0 0 0 0 0 0 0 0 0 0 0 0 0 2 0 0 49 89 0 0 0 0 0 0 0 0 0 0 0 0 0 0 0 0 0 0 0 0 0 0 0 0 0 4 0 0 0 0 0 0 0 0 0 0 0 0 0 0 
 575 217 107 168 189 346 403 0 121 99 88 131 231 311 133 101 125 475 77 156 3 2 5 3 4 2 5 82 4 4 1 2 0 3 2 2 4 3 2 1 2 5 0 1 0 1 1 0 6 5 5 2 3 1 2 4 2 2 17 0 0 3 8 2 0 0 0 2 0 4 3 0 2 2 3 2 2 7 3 0 0 1 12 0 9 0 2 15 64 11 13 0 0 0 0 8 25 20 0 7 0 0 0 5 0 0 2 0 0 0 0 0 0 0 0 0 0 0 0 0 0 0 2 0 0 0 0 0 1 0 0 0 0 0 0 1 0 0 0 0 0 0 1 0 0 0 0 0 0 0 2 0 0 6 0 15 0 0 0 0 13 25 9 9 0 0 11 17 33 47 0 17 0 22 11 0 49 27 0 1 0 0 0 0 0 0 7 0 0 0 0 0 1 0 0 0 0 1 14 0 2 0 0 0 0 0 0 0 0 0 0 0 1 0 0 4 0 0 0 0 0 0 0 1 0 0 0 0 0 0 0 0 0 0 0 0 0 0 0 0 0 0 0 0 0 0 1 0 2 2 13 6 0 0 0 0 0 0 2 0 0 0 9 2 0 0 0 0 30 0 0 0 2 0 0 41 0 0 0 0 0 0 0 0 0 0 0 0 0 0 
 143 106 147 163 146 45 95 121 0 163 187 109 103 172 179 151 54 152 68 103 76 2 3 1 2 0 0 0 1 3 54 0 112 2 0 0 6 2 0 1 0 0 0 0 0 2 0 0 2 3 2 62 3 0 1 1 0 0 2 0 0 2 2 0 0 0 38 0 0 0 3 0 3 0 3 0 0 3 6 0 61 19 6 19 34 0 0 0 15 67 24 19 0 14 0 20 15 0 18 0 0 0 0 0 0 0 14 1 1 0 0 0 8 0 12 0 0 1 0 8 0 0 0 2 0 0 2 0 0 0 2 0 0 0 0 0 0 0 0 0 0 0 22 0 0 0 0 0 3 0 0 0 0 0 0 0 0 0 0 5 14 15 26 16 0 6 18 48 0 14 0 34 11 0 10 10 31 11 0 0 0 0 0 0 0 0 8 0 0 0 0 0 6 18 0 1 15 0 0 0 0 0 0 2 0 0 0 0 0 11 0 0 0 0 0 0 0 2 0 0 0 0 0 0 0 0 0 0 0 0 0 2 0 0 0 0 0 0 0 0 0 14 0 0 0 0 90 2 40 89 1 12 17 0 0 0 2 0 0 0 0 0 0 0 0 0 0 0 0 16 0 0 0 0 0 9 0 0 0 0 0 0 0 0 0 0 0 0 0 0 
 61 150 167 100 331 49 199 99 163 0 138 146 155 300 279 193 170 52 420 262 77 2 3 2 5 0 0 0 0 3 74 0 37 2 3 0 0 2 75 0 0 1 0 0 0 1 2 2 4 3 67 0 3 0 1 3 0 0 2 0 0 2 2 2 0 0 0 0 0 1 3 0 0 0 3 0 0 3 5 0 19 18 1 18 0 1 0 1 0 48 1 34 17 37 9 9 19 0 14 0 0 0 0 0 0 0 0 1 1 0 1 0 11 0 0 0 0 1 0 7 0 0 0 0 0 0 0 0 0 0 0 0 0 0 2 0 0 0 0 0 0 0 0 0 0 0 0 0 3 0 0 0 0 0 0 1 0 0 0 3 19 0 11 0 0 9 13 11 18 12 24 21 8 0 36 10 15 14 16 0 0 0 0 0 0 0 0 0 0 0 0 0 0 9 0 0 17 0 0 0 0 1 0 0 0 0 0 0 0 0 0 0 0 0 0 0 0 0 0 0 0 0 0 0 0 0 0 0 0 0 0 0 0 0 0 0 0 0 0 0 0 9 18 0 0 1 88 2 7 0 0 3 0 0 0 0 0 0 0 0 0 0 0 0 0 0 0 0 0 0 0 0 0 0 0 0 0 0 0 0 0 0 0 0 0 0 0 0 0 0 
 215 259 48 149 156 242 203 88 187 138 0 213 29 124 56 95 204 383 26 78 149 72 3 1 4 0 75 0 0 4 1 2 1 84 2 0 1 2 27 1 0 41 0 0 0 1 0 0 2 3 6 0 3 0 64 1 0 0 4 0 0 1 2 0 0 0 0 0 0 0 3 0 0 0 3 0 0 0 3 0 14 17 16 14 0 35 0 14 37 10 15 32 8 5 14 1 45 46 0 10 0 0 0 0 0 0 0 3 18 0 0 0 9 0 0 0 2 0 15 19 0 0 0 0 0 0 0 0 0 0 0 0 0 0 0 0 0 0 0 0 0 0 0 1 2 0 0 0 0 0 5 0 0 0 0 0 0 0 0 0 8 20 40 0 15 13 6 13 17 16 27 32 7 13 26 0 33 11 0 0 1 3 0 0 0 0 2 0 0 0 0 0 0 22 0 0 13 0 54 11 0 0 0 0 0 0 0 0 0 0 2 0 0 0 0 0 0 0 2 0 1 0 0 0 0 0 0 0 0 0 0 0 0 0 0 0 0 2 0 0 0 0 0 0 0 7 3 0 2 2 0 0 0 0 0 0 0 0 0 0 0 0 14 0 0 0 1 0 0 0 0 0 0 0 0 15 0 10 0 0 0 0 0 0 0 0 0 0 0 0 
 204 326 428 54 64 138 140 131 109 146 213 0 39 132 125 189 404 64 41 48 93 2 3 0 3 3 76 0 0 0 0 0 75 76 1 0 0 4 110 6 0 0 0 0 0 2 0 0 2 2 2 63 3 3 63 1 0 0 2 0 0 3 2 0 8 0 0 0 0 0 3 0 0 0 1 2 0 0 3 0 32 0 12 28 25 12 0 12 37 38 44 24 0 1 25 0 46 25 0 0 0 0 0 0 0 0 1 17 51 0 0 0 29 2 0 0 0 0 15 17 0 0 0 0 0 0 0 0 0 0 0 0 0 0 0 0 0 0 0 0 0 0 0 0 0 0 0 0 0 0 1 0 0 0 0 0 0 0 13 0 0 19 28 0 30 21 0 20 10 30 15 40 0 0 10 18 55 11 0 0 0 11 0 0 0 0 12 32 6 0 0 0 58 5 0 0 0 0 26 0 0 0 0 0 0 0 0 0 0 0 0 0 0 0 0 0 0 0 0 0 0 0 0 0 0 0 0 0 0 0 0 0 0 0 0 0 0 0 0 0 0 23 0 0 0 2 47 0 7 92 4 13 0 0 0 0 0 0 0 0 0 0 0 0 0 0 0 0 0 0 0 0 0 0 0 29 0 24 0 0 0 0 0 0 0 0 0 0 0 0 
 149 62 158 177 86 29 211 231 103 155 29 39 0 103 32 21 112 42 236 163 0 2 3 2 4 0 5 2 3 6 2 1 0 6 200 0 2 5 0 0 0 0 0 0 2 7 0 0 2 3 52 0 3 2 0 1 2 0 10 0 0 6 14 5 0 0 0 0 0 6 9 6 0 0 3 0 0 6 3 0 0 2 9 0 11 12 41 11 2 2 4 1 88 28 0 18 15 12 11 25 0 0 0 12 2 0 16 0 17 0 0 2 1 0 0 0 0 0 0 0 0 0 0 0 0 0 6 0 0 0 0 0 0 0 0 0 0 0 0 0 0 0 0 0 0 0 0 0 0 0 0 0 0 0 0 6 0 2 0 1 16 36 0 0 0 0 2 0 0 0 22 0 0 42 12 0 0 10 42 32 0 0 0 0 1 0 0 0 0 0 0 0 0 0 0 0 0 0 9 2 0 0 2 0 0 0 0 0 0 0 0 0 0 0 0 0 0 0 0 0 0 0 0 0 0 0 1 0 0 0 0 0 0 0 0 0 0 0 0 0 0 0 0 0 0 1 1 0 1 5 0 10 0 0 0 2 2 0 0 0 0 0 0 0 0 0 0 0 0 0 0 0 0 0 0 0 12 0 0 0 0 0 0 0 0 0 0 0 0 0 
 247 235 153 529 95 153 228 311 172 300 124 132 103 0 423 211 70 144 57 182 0 19 5 4 2 0 0 0 0 3 1 0 0 4 205 0 0 4 111 0 0 7 0 0 0 1 2 0 2 3 6 1 3 0 0 0 0 0 4 0 3 3 2 0 0 0 0 0 0 0 3 1 0 0 2 1 0 0 3 0 14 24 42 10 19 25 0 37 52 12 27 65 6 35 11 0 19 27 15 10 0 0 0 0 0 0 0 0 0 0 14 0 0 0 0 0 0 0 0 0 1 0 0 0 0 0 0 0 0 0 0 0 0 0 0 0 0 0 0 0 0 0 2 0 0 0 0 0 1 0 0 0 0 1 0 0 0 0 0 9 2 7 0 0 0 0 17 36 54 33 9 5 21 25 16 46 32 12 0 12 0 0 0 0 0 0 10 0 0 0 0 2 0 0 0 0 0 0 35 14 0 0 0 0 19 0 0 0 0 0 0 0 0 0 0 0 2 0 0 0 0 0 0 0 0 1 0 0 19 0 0 33 0 0 0 1 0 0 0 0 0 0 0 0 0 1 0 0 1 2 2 5 0 0 0 6 0 0 0 0 0 0 21 0 0 0 0 0 0 0 0 0 0 0 0 34 0 0 0 0 0 0 0 0 0 0 0 0 0 0 
 471 169 151 398 173 87 51 133 179 279 56 125 32 423 0 346 25 162 118 216 2 4 3 1 5 0 0 0 0 3 0 0 75 5 0 0 0 8 25 0 0 2 2 0 0 0 0 1 2 3 2 0 3 6 0 3 3 0 2 0 0 0 7 2 0 0 0 0 0 0 4 0 0 0 5 0 31 7 2 2 18 1 1 24 33 1 1 19 17 19 25 16 29 0 47 0 9 0 0 14 0 0 0 0 0 0 0 1 0 1 0 0 16 0 0 0 0 0 0 0 0 2 0 0 0 0 0 0 0 0 0 0 0 0 0 0 0 0 0 0 0 0 3 0 0 0 0 0 0 0 0 0 0 4 0 0 0 0 0 0 10 22 10 8 10 34 16 0 0 25 7 0 1 8 11 38 34 12 8 0 0 0 0 0 0 1 2 0 0 0 0 0 0 0 2 0 0 0 0 0 0 0 8 0 0 0 0 0 17 0 0 0 0 0 0 0 0 0 0 0 0 0 0 0 0 0 0 0 0 0 0 0 0 0 0 0 0 0 0 0 0 19 0 0 0 1 76 2 2 0 0 4 0 10 0 0 0 0 0 0 0 0 0 0 0 0 0 0 0 0 0 0 0 0 0 0 0 0 0 0 0 0 0 0 0 0 0 0 0 0 
 612 256 149 139 184 62 131 101 151 193 95 189 21 211 346 0 295 119 46 445 0 2 3 2 4 0 0 0 2 6 0 0 97 4 0 0 0 2 51 0 0 1 0 2 0 2 0 0 2 3 2 0 4 0 0 0 0 60 2 0 0 2 2 0 0 3 0 0 0 2 3 1 0 0 3 0 0 2 3 0 35 9 24 26 27 3 16 21 58 25 14 27 2 0 53 0 10 15 19 0 2 0 0 0 0 0 1 1 0 0 0 0 20 0 0 2 0 0 0 0 0 0 1 0 0 0 0 0 0 0 0 0 0 0 0 0 0 0 0 0 0 0 1 0 0 0 0 0 32 0 0 0 0 6 0 0 0 0 15 15 18 27 70 3 15 16 23 18 2 11 1 1 39 16 0 15 51 0 0 0 2 0 0 0 0 0 5 0 0 0 0 0 1 0 0 0 0 0 16 0 0 0 0 0 0 0 0 0 0 0 0 0 20 0 0 0 0 0 0 0 0 2 0 20 0 0 0 0 0 0 0 0 0 0 0 0 0 0 0 0 0 14 0 0 0 3 4 0 1 0 8 16 1 0 0 0 0 0 0 0 0 0 0 0 0 0 1 0 0 0 0 0 0 0 0 15 0 0 0 0 0 0 0 0 0 0 0 0 0 0 
 116 32 462 150 50 323 158 125 54 170 204 404 112 70 25 295 0 161 19 326 2 0 3 0 4 1 6 1 0 3 3 6 96 2 0 0 3 5 75 4 0 0 0 0 3 5 5 0 4 3 3 64 3 0 35 2 0 2 12 0 0 1 2 0 0 21 0 0 0 3 3 1 2 0 3 0 0 0 3 0 0 0 9 10 12 32 12 1 1 13 15 36 0 44 0 16 10 0 10 0 0 0 0 0 0 0 15 13 23 0 0 0 19 0 29 0 0 0 0 20 0 0 0 0 0 0 0 0 0 0 0 0 0 0 0 0 0 0 0 0 0 0 0 0 0 0 0 0 0 0 6 0 0 0 0 0 0 0 0 0 0 19 29 11 11 1 0 0 0 30 18 14 8 25 0 33 0 13 0 36 0 10 0 0 18 0 9 0 0 0 0 0 8 0 0 1 0 0 22 28 0 0 0 0 0 0 0 0 0 0 0 0 0 0 0 0 0 0 0 0 0 0 0 0 0 0 0 0 0 0 0 0 0 0 0 0 0 0 0 0 0 0 0 0 0 0 87 0 4 169 0 6 20 0 0 0 0 0 0 0 0 0 0 0 0 0 0 0 0 0 0 0 0 0 0 0 11 13 0 0 0 0 0 0 0 0 0 0 0 0 
 218 225 213 303 142 57 133 475 152 52 383 64 42 144 162 119 161 0 28 152 5 2 3 2 2 0 3 0 0 3 0 0 26 80 0 0 0 2 79 0 0 9 0 0 0 0 0 0 2 3 7 1 3 0 32 1 0 0 21 0 0 2 2 0 0 0 0 0 0 0 3 0 0 0 3 0 0 0 4 0 14 1 28 16 36 18 0 27 70 0 23 11 9 9 15 1 46 22 0 9 0 0 5 0 0 0 43 0 0 0 0 0 0 0 11 0 0 0 0 10 0 0 0 0 0 0 0 0 0 2 0 0 0 0 0 15 0 0 0 0 0 0 4 0 0 0 0 1 0 0 0 0 0 5 0 0 0 0 0 0 30 44 55 46 23 0 0 15 0 23 12 34 8 0 26 11 38 3 0 0 0 0 0 0 0 0 37 12 0 0 0 0 1 0 0 20 0 0 9 14 0 0 0 0 0 2 0 0 0 0 0 0 0 0 0 0 0 0 0 0 0 0 0 0 0 0 0 1 0 0 0 0 2 0 2 0 0 0 0 0 0 0 0 0 0 0 6 3 3 2 1 6 9 0 0 0 0 0 0 0 0 0 72 0 0 0 0 0 0 0 0 0 0 0 0 0 0 0 0 0 0 0 0 0 0 0 0 0 0 0 
 55 40 24 81 258 253 68 77 68 420 26 41 236 57 118 46 19 28 0 164 0 1 3 1 76 0 0 0 0 3 0 14 3 2 0 0 0 2 2 0 0 0 0 0 0 0 0 16 6 2 2 0 3 0 6 12 0 0 2 0 0 3 2 0 0 0 0 0 0 0 3 0 0 0 2 1 0 9 3 0 6 0 0 1 28 0 12 9 0 0 0 51 29 10 27 0 0 0 0 14 0 0 0 0 0 0 0 0 0 0 0 0 0 0 0 0 0 0 0 0 0 0 0 0 0 0 0 0 0 0 0 0 0 0 0 0 0 0 0 0 0 0 0 0 0 0 0 0 23 0 0 0 0 0 0 7 0 0 0 0 18 14 0 0 0 0 0 6 13 0 10 0 14 0 56 7 9 0 28 0 0 0 9 0 0 0 0 0 0 0 0 19 0 0 10 0 0 0 0 0 0 0 0 0 0 0 0 0 0 0 0 0 0 0 0 0 0 0 0 0 0 0 0 0 0 0 0 0 0 0 0 0 0 0 0 0 0 0 0 0 0 0 0 0 0 0 1 2 0 0 0 5 0 2 0 0 0 0 0 0 0 0 0 0 0 0 0 0 0 0 0 0 0 0 0 0 0 0 0 0 0 0 0 0 0 0 0 0 0 0 
 432 125 48 176 88 49 74 156 103 262 78 48 163 182 216 445 326 152 164 0 2 2 3 2 2 2 1 0 5 3 5 0 3 5 0 0 1 6 0 0 0 3 4 0 0 1 4 0 2 2 4 0 3 0 0 0 0 0 30 0 0 3 2 0 0 0 0 0 31 0 3 0 0 0 2 1 0 5 3 4 26 16 11 5 0 9 19 16 52 22 0 10 47 0 20 11 0 1 19 9 0 0 0 0 0 0 0 0 0 2 0 0 0 0 0 0 0 0 0 0 0 1 0 0 0 0 0 0 0 0 0 0 0 0 0 0 0 0 0 0 0 0 1 0 0 0 0 0 3 0 0 0 0 0 0 0 0 0 0 6 16 35 0 0 0 0 26 15 0 1 12 0 12 14 0 21 25 14 4 0 0 0 0 0 0 16 0 0 0 4 0 0 0 0 1 19 0 0 2 0 0 0 0 0 14 0 0 0 0 0 0 0 0 0 0 0 0 0 0 0 0 0 0 0 0 0 0 0 0 0 0 0 0 0 0 0 0 0 0 0 0 0 0 0 0 3 1 1 3 0 0 6 0 0 0 0 0 0 0 0 0 0 12 0 0 0 0 0 0 0 0 0 0 0 0 12 0 0 0 0 0 0 0 0 0 0 0 0 0 0 
 0 0 0 0 150 19 0 3 76 77 149 93 0 0 2 0 2 5 0 2 0 213 66 85 27 18 150 24 13 24 108 15 254 158 177 151 133 105 194 320 0 0 2 0 24 1 7 0 2 1 0 1 0 4 5 8 0 0 4 0 0 0 0 0 0 9 0 0 0 3 0 0 4 0 4 0 0 0 7 0 0 0 0 0 0 0 0 0 0 11 0 13 0 0 0 0 0 0 0 0 0 10 20 9 0 11 20 35 25 35 18 0 38 16 22 0 4 1 26 12 0 0 0 0 0 7 0 0 0 0 24 0 0 0 0 12 0 0 8 18 0 0 0 0 0 0 0 0 0 0 0 0 0 0 0 0 0 0 0 0 0 0 2 0 15 26 0 0 0 0 0 0 0 0 0 0 0 0 0 0 0 9 4 21 21 0 19 13 30 15 0 0 0 19 22 35 40 0 0 0 0 0 0 0 0 0 0 0 0 0 0 0 0 0 0 0 0 0 0 0 0 0 0 0 0 0 0 0 0 0 0 10 0 0 0 0 0 0 19 0 0 0 0 0 0 0 0 0 0 0 0 0 1 0 4 0 2 0 0 2 0 2 0 0 0 0 0 0 0 0 0 0 0 0 0 0 0 0 0 18 0 1 0 0 0 0 7 0 0 0 
 1 1 0 1 1 0 3 2 2 2 72 2 2 19 4 2 0 2 1 2 213 0 379 137 48 258 109 76 222 73 42 55 244 40 356 170 264 91 249 136 4 0 0 0 3 5 3 0 2 0 0 0 0 2 3 3 0 3 0 4 0 0 0 0 0 0 0 0 0 0 0 1 0 3 3 0 0 52 0 0 0 0 0 0 0 0 2 0 9 0 0 0 0 0 0 2 0 0 0 0 0 60 17 21 0 25 0 0 0 12 65 13 46 9 22 31 11 0 0 0 0 0 0 0 0 0 11 0 0 0 0 0 0 0 0 0 0 1 20 14 0 0 0 0 0 0 0 0 0 0 0 0 0 2 0 0 0 0 0 0 0 0 0 0 0 3 0 0 0 0 0 0 0 0 0 0 0 0 0 0 0 6 22 70 11 17 0 10 8 0 14 23 0 11 12 0 13 17 0 0 0 0 0 0 0 11 0 0 0 0 0 0 12 1 20 0 0 0 5 23 0 0 0 0 0 0 0 0 0 0 0 16 0 0 0 0 0 0 0 0 0 0 18 0 0 72 0 0 0 0 0 2 0 0 6 1 1 77 3 2 0 0 0 0 0 0 0 0 0 0 0 0 0 0 0 0 0 0 0 24 0 0 0 0 0 0 0 0 0 0 
 6 3 3 3 3 3 3 5 3 3 3 3 3 5 3 3 3 3 3 3 66 379 0 146 335 104 48 175 313 188 215 118 187 282 142 115 118 567 32 117 2 0 0 0 0 7 73 1 1 0 0 0 0 2 5 3 0 4 0 63 0 0 0 0 0 0 0 0 0 0 0 10 0 0 3 51 0 0 53 0 0 0 0 0 0 0 0 0 0 0 0 0 0 0 0 0 0 0 0 0 8 25 23 9 11 60 0 7 1 6 1 25 17 0 0 9 7 14 0 0 0 0 1 0 0 0 11 0 0 0 0 0 0 0 0 0 0 0 34 10 0 0 0 1 16 0 0 0 0 0 0 0 7 0 0 0 9 0 3 0 0 0 0 0 0 0 0 2 0 0 0 0 0 0 0 0 0 2 0 0 0 15 1 15 1 31 0 72 12 11 12 74 26 10 12 8 16 59 0 1 18 0 0 0 0 0 0 0 0 0 0 0 14 9 0 0 0 0 30 0 0 0 0 0 0 0 0 0 0 0 0 2 0 0 1 0 2 0 0 0 0 0 0 0 0 0 0 0 0 0 0 0 0 0 23 0 0 45 5 0 1 0 0 0 0 0 0 0 0 0 0 0 0 0 0 0 0 0 0 0 0 12 0 0 1 0 0 0 0 0 
 0 4 0 1 0 0 0 3 1 2 1 0 2 4 1 2 0 2 1 2 85 137 146 0 313 283 66 206 107 173 59 266 282 69 130 262 118 160 78 66 22 0 0 0 0 1 3 2 3 3 2 0 15 17 4 3 0 3 2 21 0 3 3 0 3 0 0 0 0 0 0 2 0 0 3 2 0 0 3 0 0 0 0 0 0 0 0 0 0 0 20 0 0 0 0 0 0 0 0 0 1 6 9 1 0 12 0 0 0 12 7 0 30 0 23 15 10 0 0 0 8 0 0 0 0 0 0 0 0 0 1 0 0 0 0 0 7 0 1 27 0 0 0 2 0 2 0 0 1 0 0 0 3 0 0 0 2 0 0 5 8 0 0 0 0 0 0 2 0 0 0 8 0 0 4 0 0 2 0 0 0 19 23 9 35 1 0 0 21 8 6 1 0 9 0 0 18 0 0 0 0 0 0 0 0 0 0 0 0 0 0 0 0 21 14 0 0 0 0 14 0 0 0 0 1 0 0 0 0 0 0 2 0 0 0 1 2 0 0 0 0 0 6 0 0 0 0 0 0 0 0 0 0 0 9 0 4 0 2 2 2 0 0 0 0 0 0 0 0 0 0 0 0 0 0 0 0 0 0 7 0 0 0 0 0 0 0 0 0 0 
 3 5 2 2 2 2 3 4 2 5 4 3 4 2 5 4 4 2 76 2 27 48 335 313 0 312 120 140 102 168 401 122 515 74 83 224 129 81 52 311 2 19 0 0 0 2 3 0 1 4 0 0 0 64 66 2 5 3 67 0 0 0 0 0 0 0 0 0 0 0 0 7 0 0 3 0 0 0 0 0 0 0 0 0 0 0 0 0 0 0 0 0 0 0 0 0 0 0 0 1 0 12 16 0 31 1 0 14 0 0 13 13 0 1 0 0 0 6 1 0 19 3 6 0 0 0 26 26 25 0 0 12 22 13 0 22 12 0 0 1 0 0 0 0 0 1 0 0 0 0 0 0 0 1 0 0 0 0 0 0 2 12 0 0 0 15 0 0 0 3 0 14 0 0 0 0 0 0 0 0 0 1 14 0 25 25 0 0 0 1 0 1 0 0 0 0 0 1 0 0 0 16 18 0 0 0 0 1 0 0 0 0 53 10 36 1 42 0 14 34 0 0 0 0 0 0 0 0 0 0 0 0 18 0 0 0 0 0 0 0 0 0 6 0 0 2 0 0 0 0 0 0 0 0 11 0 1 160 4 0 5 2 0 0 0 0 0 0 0 0 0 0 0 0 0 0 0 0 0 0 0 9 0 0 9 0 0 0 0 0 
 109 0 5 0 0 80 0 2 0 0 0 3 0 0 0 0 1 0 0 2 18 258 104 283 312 0 19 22 392 174 99 56 264 252 212 115 89 230 54 50 132 1 63 0 0 4 98 0 1 0 0 0 132 95 86 23 0 3 55 194 0 9 3 8 0 0 0 0 0 0 0 4 0 0 3 0 0 0 0 0 0 0 0 0 0 0 0 0 0 0 0 0 0 0 0 0 0 0 0 0 0 1 1 0 0 12 0 0 0 14 53 1 0 0 20 20 0 0 0 0 7 35 9 0 0 0 15 18 19 1 0 7 1 13 32 25 11 0 56 38 0 0 0 0 0 0 1 0 0 0 0 2 0 0 3 0 0 0 0 0 0 0 0 0 0 8 0 0 0 0 0 0 0 0 0 0 0 0 0 0 0 0 17 1 0 24 0 0 19 17 1 0 0 1 0 0 0 13 0 0 49 12 21 0 0 0 36 46 15 20 1 0 13 9 89 9 13 8 0 20 0 0 0 0 0 0 0 0 0 0 0 0 0 0 0 0 0 0 0 0 0 0 9 0 0 0 0 0 0 0 0 0 0 0 12 0 1 1 1 2 0 0 0 0 2 0 0 0 0 0 6 0 0 0 0 0 0 0 0 0 0 0 0 0 0 7 0 0 0 0 
 1 148 17 73 159 190 2 5 0 0 75 76 5 0 0 0 6 3 0 1 150 109 48 66 120 19 0 97 264 38 43 51 186 243 41 67 38 24 334 291 0 0 0 0 0 1 3 0 2 0 1 1 0 0 4 2 0 20 1 0 0 0 0 0 0 0 0 0 0 3 0 0 2 0 0 0 0 0 15 0 0 0 0 0 32 11 2 0 0 0 10 18 0 0 0 2 0 0 0 0 43 26 19 0 0 0 48 31 51 3 3 17 21 36 1 0 1 1 11 38 0 0 0 0 0 0 0 0 0 0 0 0 0 0 0 0 0 0 0 0 0 1 0 0 0 0 0 0 0 0 1 0 0 2 0 0 0 0 0 0 5 0 0 18 25 22 0 0 14 0 11 1 2 0 11 0 0 6 0 0 24 29 8 0 45 0 0 19 0 9 39 9 31 14 0 32 2 45 19 22 0 0 0 0 0 0 0 0 0 0 0 0 0 0 0 0 0 0 0 0 0 0 0 0 0 0 0 0 0 0 0 0 0 0 0 0 0 0 0 0 0 0 0 0 0 0 0 0 0 0 0 0 0 0 7 0 0 0 0 0 19 0 0 0 0 0 0 0 0 0 0 0 0 0 0 0 0 1 0 0 0 0 0 0 0 0 14 0 0 0 
 0 0 0 2 0 78 0 82 0 0 0 0 2 0 0 0 1 0 0 0 24 76 175 206 140 22 97 0 163 138 50 111 140 155 209 111 35 44 63 124 0 0 0 0 0 4 7 5 1 0 7 0 0 4 2 5 1 19 0 0 2 2 1 5 0 0 0 0 6 5 5 12 0 0 9 0 0 3 4 0 0 0 0 7 22 0 0 0 0 0 1 0 0 0 0 0 0 0 0 0 27 15 20 0 11 0 13 30 29 1 8 13 14 63 13 11 18 19 19 19 0 0 0 0 0 0 14 1 0 0 0 1 8 0 0 0 0 0 0 0 0 0 0 0 0 3 0 0 0 1 0 0 2 0 0 0 0 0 2 0 7 0 0 11 14 44 0 0 10 0 0 3 0 0 5 0 0 0 0 0 21 50 0 0 9 7 11 21 22 0 13 1 14 16 0 5 18 26 33 5 0 0 0 0 0 0 0 0 0 0 0 0 13 9 0 0 1 0 11 0 0 0 0 0 0 0 0 0 0 0 0 0 0 0 0 0 0 0 1 0 0 0 0 0 0 0 0 0 0 0 0 0 0 0 4 0 1 154 0 0 0 0 0 0 0 0 0 0 0 0 0 0 0 0 0 0 0 0 0 0 0 11 0 0 0 20 0 0 0 0 
 0 0 2 0 0 0 0 4 1 0 0 0 3 0 0 2 0 0 0 5 13 222 313 107 102 392 264 163 0 352 160 138 322 161 223 138 70 60 325 217 7 0 0 0 0 69 3 0 1 0 0 0 0 2 3 2 0 3 0 3 0 26 0 0 0 0 0 0 0 0 0 2 0 2 3 0 0 0 0 0 8 0 0 0 0 0 0 0 0 15 2 0 0 0 0 0 0 0 0 0 50 0 6 64 9 12 0 0 0 0 19 9 0 10 10 33 23 7 48 0 0 0 0 0 0 2 2 0 0 0 0 0 0 0 0 0 0 0 32 12 0 0 0 0 0 5 0 0 0 2 0 0 5 0 0 0 0 0 11 0 0 0 2 0 13 11 0 13 0 0 0 0 0 0 0 0 0 10 0 0 39 24 24 15 69 26 9 63 45 10 19 41 10 3 35 14 48 40 14 0 0 2 0 0 2 0 0 0 0 0 0 0 0 1 2 0 0 11 28 4 0 0 0 1 0 0 0 0 2 0 32 0 0 0 0 0 0 0 0 1 0 0 1 0 0 0 0 0 0 0 0 0 0 0 13 1 0 1 1 0 4 0 0 0 0 0 0 1 0 0 0 1 0 0 0 0 0 0 0 0 0 23 0 0 0 12 0 0 0 0 
 3 3 3 3 3 3 3 4 3 3 4 0 6 3 3 6 3 3 3 3 24 73 188 173 168 174 38 138 352 0 605 51 359 174 281 159 60 100 46 110 9 3 3 0 0 4 3 2 1 0 2 0 126 2 4 48 3 3 64 29 0 4 1 6 0 0 0 0 0 3 3 5 0 2 3 0 0 4 0 0 0 0 0 0 0 0 0 0 12 0 0 0 0 8 0 0 0 0 0 0 9 0 0 47 1 34 0 0 0 14 14 14 0 0 8 49 50 0 0 0 11 0 0 0 0 0 13 0 0 0 0 0 14 0 15 0 0 0 19 29 0 0 0 0 1 1 0 14 0 0 0 0 10 0 0 0 0 0 8 0 3 0 0 0 36 0 0 0 0 0 0 0 0 0 0 0 0 0 0 0 0 0 15 0 0 21 0 21 23 20 29 22 5 6 7 11 42 58 0 0 24 0 1 0 0 0 24 0 0 0 0 0 0 11 31 0 0 4 16 31 13 0 0 0 0 0 0 0 0 0 0 0 0 0 0 0 0 0 0 0 0 0 7 0 0 0 0 0 0 0 0 0 0 0 7 2 0 3 0 0 1 2 0 0 0 0 13 0 1 0 0 0 0 0 0 0 0 0 0 0 0 0 0 0 0 0 0 0 0 0 
 1 1 0 2 0 0 19 1 54 74 1 0 2 1 0 0 3 0 0 5 108 42 215 59 401 99 43 50 160 605 0 154 26 114 172 105 182 70 48 89 0 0 0 0 25 2 9 0 1 0 0 0 5 5 3 2 0 3 0 4 2 0 0 0 0 0 0 0 0 0 2 9 0 0 3 0 0 0 0 0 13 18 0 0 0 0 0 0 0 53 0 12 0 12 0 19 2 0 0 20 0 11 22 11 11 9 2 21 0 14 0 27 0 0 0 11 0 20 0 0 0 0 0 0 0 4 28 0 0 2 0 0 7 0 17 0 2 0 17 19 0 0 0 0 1 0 2 0 2 3 0 0 0 0 0 0 15 0 0 0 0 0 0 0 0 0 0 0 0 9 0 44 1 0 7 0 0 17 0 1 0 1 0 47 1 29 15 30 0 26 0 1 0 1 20 18 0 12 0 0 2 0 0 0 0 0 0 1 0 0 0 0 13 0 0 0 0 0 18 35 7 0 0 0 0 0 0 0 0 0 0 0 0 0 0 2 0 0 0 0 0 0 0 0 0 0 0 0 64 0 0 0 0 0 5 1 2 154 3 0 0 0 0 0 0 0 0 0 0 0 0 0 0 0 0 0 0 0 0 0 0 0 0 0 0 0 0 0 0 0 
 0 4 0 2 0 0 0 2 0 0 2 0 1 0 0 0 6 0 14 0 15 55 118 266 122 56 51 111 138 51 154 0 44 43 31 165 163 165 27 40 62 0 62 0 0 3 64 0 1 0 2 0 61 75 88 20 1 3 1 77 0 2 9 3 0 0 0 0 0 0 0 3 0 0 3 0 0 0 0 0 0 0 0 0 0 0 0 0 0 0 0 0 0 0 0 0 0 0 0 0 0 10 15 0 21 9 0 0 0 0 31 11 0 0 7 11 17 1 1 0 6 18 12 0 0 0 0 20 15 0 0 0 12 2 41 24 0 0 25 8 0 0 0 0 0 1 0 0 0 0 0 0 0 0 0 0 2 0 0 0 2 0 0 0 0 0 0 0 0 0 0 12 0 0 0 0 0 0 0 0 0 0 0 0 12 11 0 8 0 0 0 11 0 0 0 0 0 7 0 0 26 10 23 0 0 0 17 17 0 22 0 0 11 12 29 2 20 6 8 20 0 0 0 0 0 0 0 0 0 0 0 0 0 0 0 0 0 0 0 0 0 0 0 0 0 2 0 0 0 0 0 0 0 0 6 0 4 85 76 0 2 2 0 0 0 0 0 0 0 0 0 0 0 0 0 0 0 0 0 0 0 32 0 0 0 7 0 0 0 0 
 1 2 176 36 100 25 0 0 112 37 1 75 0 0 75 97 96 26 3 3 254 244 187 282 515 264 186 140 322 359 26 44 0 270 47 31 37 78 84 143 0 0 0 0 0 0 66 202 1 0 0 1 0 3 5 3 0 3 0 0 0 0 0 0 0 0 0 0 0 0 0 3 1 0 3 0 0 0 1 0 0 0 0 30 0 13 0 0 0 5 42 1 0 0 2 0 13 0 0 0 17 0 11 21 9 4 27 43 14 10 0 10 17 11 11 19 3 20 13 32 0 0 0 0 0 0 0 0 0 0 0 0 0 0 0 0 0 0 0 2 0 0 0 0 6 1 0 7 0 0 0 0 12 0 0 0 0 0 2 0 0 0 23 27 20 21 0 0 3 0 10 0 4 0 0 16 25 21 0 0 15 0 21 0 0 0 18 16 4 12 18 16 32 24 38 43 6 8 0 10 0 0 0 0 0 0 0 0 0 0 0 1 0 0 0 0 0 0 3 0 0 0 0 0 0 2 0 0 0 0 0 0 0 0 0 0 0 0 0 0 0 10 0 0 0 0 74 0 0 8 0 0 12 1 15 0 2 0 1 4 10 0 0 0 0 0 0 0 0 0 0 0 2 0 0 0 9 0 0 0 0 1 0 0 0 0 16 0 0 0 
 2 2 2 2 33 91 2 3 2 2 84 76 6 4 5 4 2 80 2 5 158 40 282 69 74 252 243 155 161 174 114 43 270 0 157 98 105 43 310 191 0 0 0 0 2 2 3 0 2 0 0 1 0 2 5 4 0 3 0 0 0 0 1 0 0 0 0 9 0 0 0 0 0 0 8 95 0 0 14 0 0 0 0 18 0 0 0 0 0 0 0 18 0 0 0 0 0 0 0 0 1 13 36 0 21 0 46 10 41 1 21 40 34 18 14 14 9 14 29 13 0 0 0 0 0 0 0 0 0 0 1 0 0 0 0 0 0 0 0 0 0 0 0 0 0 0 0 0 0 0 0 0 0 0 0 0 2 0 0 0 0 0 20 0 25 20 0 2 0 0 1 0 10 0 5 0 0 9 0 0 0 10 27 9 1 0 0 25 1 18 0 8 39 0 50 51 0 10 0 15 0 0 0 0 0 0 0 0 0 0 0 0 0 0 0 0 0 0 0 0 0 0 0 0 0 0 0 0 0 0 0 0 0 0 0 0 2 0 0 0 0 0 0 0 0 0 1 0 2 0 0 0 13 0 11 0 1 0 75 1 26 0 0 0 0 0 0 0 0 0 0 0 0 0 0 0 39 0 0 0 0 0 0 0 0 0 33 0 0 0 
 75 0 0 3 0 0 0 2 0 3 2 1 200 205 0 0 0 0 0 0 177 356 142 130 83 212 41 209 223 281 172 31 47 157 0 153 210 56 410 108 0 0 0 0 0 2 3 2 2 0 0 0 64 2 3 3 0 3 0 0 0 0 0 0 42 0 0 0 0 0 0 1 0 0 3 0 0 0 1 0 0 0 0 0 0 0 0 0 0 0 0 0 0 0 0 0 21 0 0 0 12 0 2 35 9 21 0 0 0 21 35 42 18 10 24 16 18 15 8 0 9 0 0 0 0 0 0 0 0 0 0 0 0 0 0 0 0 0 7 22 0 0 0 0 0 6 0 0 0 0 0 0 6 0 0 0 0 0 8 0 0 0 0 0 0 0 0 0 0 0 0 0 0 0 0 0 0 0 0 0 10 0 27 16 36 0 17 20 84 9 11 0 12 41 42 32 22 39 0 0 1 0 1 0 0 0 0 0 0 0 0 0 0 0 0 0 0 0 20 14 0 0 0 0 0 0 0 0 0 0 0 0 1 0 0 0 0 0 0 0 0 0 0 0 0 0 0 0 0 0 0 0 0 0 6 0 0 3 9 0 0 0 1 0 0 0 0 0 0 0 0 0 0 0 0 0 0 1 0 18 0 9 0 0 0 0 0 0 0 0 
 0 0 0 0 73 1 0 2 0 0 0 0 0 0 0 0 0 0 0 0 151 170 115 262 224 115 67 111 138 159 105 165 31 98 153 0 110 178 244 183 5 0 0 0 0 1 3 0 1 0 0 1 0 7 3 2 0 3 0 0 0 0 0 0 0 0 0 0 0 0 0 2 0 0 3 0 0 2 4 0 0 0 0 0 0 0 0 0 1 0 0 0 0 0 0 0 2 0 0 0 0 41 32 23 0 22 0 0 10 2 25 0 51 0 5 29 35 0 0 10 8 0 0 2 2 0 8 0 0 4 0 0 0 0 19 0 0 0 22 35 0 0 0 0 0 0 9 0 0 5 0 1 0 0 0 0 9 0 0 0 3 0 0 0 14 19 0 0 0 1 0 0 0 0 0 0 0 0 0 0 0 0 19 61 10 23 0 9 8 34 0 12 0 11 1 14 20 0 0 0 0 0 0 0 0 0 0 0 0 0 0 0 1 23 18 0 0 0 0 22 0 1 0 0 0 0 2 0 0 0 0 0 0 0 0 0 0 0 0 10 0 0 3 0 0 0 0 0 0 0 0 0 2 0 27 0 0 78 0 0 0 0 0 0 0 0 0 0 0 0 0 0 0 0 0 0 0 0 0 45 0 0 0 0 0 0 19 0 0 0 
 0 0 0 0 74 20 0 4 6 0 1 0 2 0 0 0 3 0 0 1 133 264 118 118 129 89 38 35 70 60 182 163 37 105 210 110 0 100 157 200 0 0 0 0 0 2 3 0 1 0 2 0 0 7 3 8 0 3 0 0 0 0 0 0 48 0 0 0 0 0 0 3 33 0 3 0 1 5 0 0 0 0 0 0 1 0 0 0 0 0 0 0 0 0 0 0 24 0 0 0 27 18 52 25 11 17 7 0 2 47 15 19 11 13 0 33 8 0 12 14 0 0 0 0 0 0 7 0 0 2 0 0 0 0 13 0 0 0 18 14 0 0 0 0 28 0 9 0 0 5 0 0 0 0 0 0 4 0 0 0 0 0 0 0 0 0 0 0 0 0 0 0 26 0 9 0 0 7 0 0 13 1 20 41 39 11 10 0 29 12 28 51 19 25 61 23 21 33 0 13 0 0 0 0 0 0 0 1 0 0 0 0 0 0 0 0 0 0 0 11 0 0 0 0 0 0 0 0 0 0 0 0 0 0 0 0 0 0 0 18 0 0 0 0 0 2 0 0 0 0 0 0 0 0 8 0 0 76 0 5 16 0 0 0 0 0 0 0 0 0 0 0 0 0 0 0 0 0 0 11 0 0 0 0 0 0 0 0 0 0 
 2 3 2 4 2 2 2 3 2 2 2 4 5 4 8 2 5 2 2 6 105 91 567 160 81 230 24 44 60 100 70 165 78 43 56 178 100 0 35 134 0 1 0 1 2 2 39 1 1 0 2 3 0 3 4 2 0 3 0 28 2 0 0 0 0 4 2 0 2 0 0 8 0 0 3 0 0 0 0 1 0 0 0 0 0 0 0 0 0 0 0 0 0 0 0 0 0 0 0 0 0 20 19 22 24 37 0 8 0 20 20 38 20 0 0 0 9 22 0 0 6 18 0 0 0 0 13 0 0 0 0 0 7 0 13 0 9 0 11 3 0 0 0 0 2 0 0 3 0 0 0 0 3 0 0 0 0 0 16 0 0 0 0 0 0 1 0 0 0 0 0 0 0 1 0 0 0 0 0 0 0 0 46 10 29 8 1 1 1 2 10 29 8 10 13 15 10 1 0 0 11 0 0 0 0 7 18 60 0 0 0 0 20 24 19 0 0 0 25 17 0 0 0 0 0 0 0 0 0 0 0 0 0 0 0 0 0 0 0 0 0 0 9 0 0 0 0 0 0 0 0 0 0 0 12 0 1 79 75 0 3 0 0 0 0 0 0 0 0 0 0 0 0 0 0 0 0 0 0 19 0 0 0 0 0 0 0 0 0 0 
 0 17 0 0 112 74 0 2 0 75 27 110 0 111 25 51 75 79 2 0 194 249 32 78 52 54 334 63 325 46 48 27 84 310 410 244 157 35 0 70 0 0 1 0 0 2 203 0 1 3 0 0 0 2 65 1 0 86 0 0 0 0 0 0 0 0 0 0 0 0 0 2 0 0 3 0 0 0 0 0 0 0 0 15 24 0 0 21 26 1 14 54 0 0 27 0 0 0 2 1 11 0 1 0 0 0 0 3 39 0 0 14 11 9 0 47 0 56 47 29 0 0 0 0 0 0 0 0 1 0 0 0 0 0 0 0 0 0 9 0 0 0 0 0 15 0 0 2 0 0 11 0 0 0 0 0 0 0 0 0 0 0 0 0 29 12 0 0 0 0 24 0 0 0 6 0 0 0 0 0 13 28 19 35 19 0 30 9 17 13 19 0 0 9 36 18 0 32 54 7 0 0 0 0 0 0 2 0 0 0 0 0 0 0 0 0 0 0 0 0 0 0 0 0 0 0 0 0 0 0 0 0 0 0 29 0 0 0 0 0 0 0 0 0 0 0 0 0 0 0 0 0 0 0 61 0 2 0 14 0 42 0 0 0 0 0 0 0 0 0 0 0 0 0 0 0 0 10 0 0 0 0 0 0 0 20 0 0 0 0 
 0 3 0 0 74 75 0 1 1 0 1 6 0 0 0 0 4 0 0 0 320 136 117 66 311 50 291 124 217 110 89 40 143 191 108 183 200 134 70 0 1 3 4 0 0 2 3 6 1 1 3 0 0 4 5 5 9 12 0 0 0 0 51 6 0 0 0 0 0 0 0 2 2 0 3 0 0 60 0 0 0 0 0 0 19 0 0 0 1 21 0 0 0 0 0 0 0 0 0 0 24 56 30 15 0 1 41 0 46 22 33 40 19 18 0 53 0 10 14 0 0 0 0 2 0 0 12 0 0 0 0 0 0 0 0 0 0 0 6 0 0 0 0 0 0 0 0 0 0 0 0 0 0 0 0 0 0 0 0 0 0 0 0 25 0 32 0 0 0 2 0 0 10 0 2 4 0 6 0 0 10 14 20 48 4 1 2 1 25 18 18 30 21 33 30 20 32 15 0 11 0 0 0 0 0 0 0 0 0 0 2 0 29 0 0 0 0 0 0 0 0 2 0 0 0 0 1 0 0 14 0 0 0 0 0 0 0 0 0 0 0 0 0 0 0 0 0 0 0 0 0 2 0 1 4 0 3 75 0 0 15 19 0 0 0 0 0 0 0 0 0 0 0 0 0 0 0 0 0 3 0 0 0 0 0 0 0 0 0 0 
 0 0 0 0 0 0 0 2 0 0 0 0 0 0 0 0 0 0 0 0 0 4 2 22 2 132 0 0 7 9 0 62 0 0 0 5 0 0 0 1 0 107 146 41 54 224 66 132 58 26 22 257 232 130 102 329 171 301 40 69 0 3 6 5 0 0 0 0 0 0 0 5 0 2 2 0 0 2 0 0 0 0 0 0 0 0 0 0 0 0 0 0 0 0 0 0 0 0 0 0 0 1 0 0 0 5 0 0 0 0 1 0 0 14 1 29 17 0 0 0 24 0 12 17 0 10 1 37 14 26 0 17 18 13 0 22 6 21 4 10 0 0 55 0 0 0 6 0 0 2 0 7 0 21 10 0 0 0 10 0 0 20 5 2 0 0 0 0 0 20 0 0 0 0 0 0 0 0 0 0 0 0 6 0 0 7 0 0 0 8 0 1 0 0 0 0 0 9 0 0 0 22 48 12 7 0 1 14 1 17 46 0 12 1 28 45 31 29 0 1 0 0 0 0 0 0 11 0 0 7 0 0 1 0 0 0 0 0 1 3 0 9 6 0 0 0 0 0 0 0 0 0 0 0 0 0 0 0 0 0 0 0 0 0 5 4 0 0 0 0 19 0 0 0 0 0 0 0 0 0 0 0 0 0 0 3 0 0 0 0 
 0 25 0 6 2 0 0 5 0 1 41 0 0 7 2 1 0 9 0 3 0 0 0 0 19 1 0 0 0 3 0 0 0 0 0 0 0 1 0 3 107 0 153 58 267 41 239 129 394 52 159 91 298 236 142 71 47 58 139 36 0 0 0 0 0 0 0 98 2 0 0 0 0 0 0 0 0 0 0 0 0 1 6 0 0 3 0 3 10 0 2 1 7 6 0 0 0 6 0 7 0 0 0 0 0 0 0 0 0 0 0 0 0 0 0 0 0 0 0 0 0 50 21 34 11 0 10 12 25 11 11 19 10 26 0 12 13 0 0 0 12 0 0 0 0 14 26 0 0 0 0 1 0 0 10 0 0 0 9 0 13 1 0 1 0 7 0 5 0 13 3 19 6 0 3 0 0 0 0 0 0 0 0 0 0 7 0 0 0 0 0 0 0 0 0 0 0 0 0 2 0 23 1 0 28 16 8 17 18 0 9 11 17 25 23 11 0 10 0 0 8 0 0 0 0 0 0 0 0 0 10 0 11 1 0 0 0 0 0 0 0 0 11 0 7 0 0 0 0 0 0 3 0 1 0 0 0 0 0 0 0 0 12 0 4 2 2 0 0 0 1 0 0 0 0 0 0 0 0 0 0 0 0 0 9 0 0 12 1 0 
 0 0 0 0 0 0 0 0 0 0 0 0 0 0 2 0 0 0 0 4 2 0 0 0 0 63 0 0 0 3 0 62 0 0 0 0 0 0 1 4 146 153 0 218 131 49 350 180 215 145 217 47 63 56 127 139 106 107 64 43 0 3 5 2 0 0 0 0 0 0 0 0 0 0 2 0 0 0 50 0 0 0 0 0 13 0 0 0 0 0 0 0 0 0 0 0 0 0 0 0 0 0 0 0 0 0 0 0 0 0 0 0 0 0 0 0 0 0 0 0 33 0 0 3 22 2 0 8 0 0 7 8 22 0 6 10 0 2 0 2 0 10 14 0 0 0 0 0 0 0 0 0 0 5 11 0 0 0 8 0 0 1 1 0 0 0 0 0 0 0 0 0 0 0 0 0 0 0 0 0 0 0 0 25 0 0 0 0 0 0 0 0 0 0 0 0 0 0 0 0 10 17 58 39 1 0 0 0 6 36 49 8 0 12 22 18 39 55 0 0 0 8 0 0 0 0 7 7 0 0 0 0 0 0 0 0 0 1 0 0 0 0 0 0 0 0 0 0 0 0 0 1 0 1 0 0 0 0 0 8 0 0 4 64 0 11 0 0 0 0 43 0 0 0 0 0 0 0 0 0 0 0 0 0 12 4 0 0 1 0 
 0 0 0 0 0 0 0 1 0 0 0 0 0 0 0 2 0 0 0 0 0 0 0 0 0 0 0 0 0 0 0 0 0 0 0 0 0 1 0 0 41 58 218 0 79 84 196 340 164 287 256 97 63 119 46 127 110 160 374 68 0 0 214 10 0 0 0 0 0 7 0 2 0 1 0 43 0 0 60 6 0 0 0 0 0 0 0 0 0 0 0 0 0 1 0 0 0 0 0 11 0 0 0 0 0 0 12 0 0 0 0 0 0 0 0 0 0 0 0 0 21 24 8 32 114 5 0 0 1 14 24 5 0 2 0 1 0 0 0 0 0 13 0 0 8 0 0 0 0 0 0 0 0 44 0 0 0 3 0 4 0 0 2 0 0 0 0 0 0 0 0 0 0 0 0 0 12 0 7 0 0 0 0 0 0 0 1 0 0 0 0 0 0 0 7 0 0 0 0 0 21 14 18 26 20 0 0 32 61 50 20 14 0 1 8 14 5 11 0 0 0 0 0 0 9 0 19 8 0 0 0 0 0 0 0 0 0 0 1 8 0 0 0 0 0 0 0 0 0 0 0 10 0 0 0 0 0 0 0 34 0 0 69 65 0 2 3 0 0 0 0 0 0 0 0 5 0 0 0 0 0 0 0 0 17 0 0 0 0 0 
 0 63 0 0 0 0 0 0 0 0 0 0 2 0 0 0 3 0 0 0 24 3 0 0 0 0 0 0 0 0 25 0 0 2 0 0 0 2 0 0 54 267 131 79 0 134 46 74 158 301 82 147 100 100 82 92 115 46 86 66 0 0 2 0 6 0 3 1 0 0 0 0 0 0 0 0 0 0 51 0 0 0 0 0 0 12 0 0 0 0 0 0 0 0 0 0 0 0 0 0 0 0 0 0 0 0 0 0 0 0 0 0 0 0 0 0 0 0 0 0 0 0 0 0 0 13 0 0 0 6 25 23 0 0 0 27 0 46 0 0 0 0 26 0 0 0 0 0 1 1 1 0 0 33 0 0 0 2 23 0 0 0 0 0 0 0 0 0 0 0 0 0 0 0 0 0 0 0 0 0 0 0 0 0 0 0 0 0 0 0 0 0 0 0 0 0 0 0 0 0 0 0 0 14 0 32 0 0 0 5 21 0 0 0 0 0 0 28 0 0 2 24 0 0 0 0 39 7 9 1 0 0 17 3 25 2 46 0 28 0 0 0 0 0 0 0 0 0 0 0 0 2 0 0 0 0 0 0 0 1 0 0 3 64 3 0 2 70 0 0 0 0 0 0 0 0 0 0 0 0 0 0 0 0 0 0 0 0 0 0 
 1 1 2 2 2 2 1 1 2 1 1 2 7 1 0 2 5 0 0 1 1 5 7 1 2 4 1 4 69 4 2 3 0 2 2 1 2 2 2 2 224 41 49 84 134 0 29 120 117 110 604 112 44 97 39 76 57 277 57 46 0 20 2 0 2 3 0 3 70 0 1 0 0 74 3 2 0 54 74 50 0 0 0 0 0 0 0 0 0 0 0 0 0 0 0 0 0 0 13 0 0 5 0 0 29 3 0 0 0 0 16 0 0 0 45 3 2 0 0 0 0 0 0 0 10 0 0 0 3 4 6 0 0 0 0 0 4 19 18 3 0 0 0 0 0 0 0 0 0 0 0 0 0 12 0 0 0 0 0 0 0 0 0 0 0 0 0 1 0 0 0 0 0 0 0 0 0 0 0 0 0 0 0 0 0 1 0 8 0 3 0 14 0 0 0 0 0 9 0 0 0 0 25 8 0 18 0 1 0 4 0 35 0 0 0 8 0 14 0 0 0 50 10 1 0 0 22 34 0 9 0 0 0 33 0 40 15 18 0 4 12 0 0 0 0 0 0 0 0 1 0 0 0 0 0 0 0 0 2 17 0 2 1 78 33 27 1 0 0 0 0 0 0 0 0 0 0 0 0 0 0 3 0 0 0 0 0 0 0 0 
 2 9 0 2 0 3 0 1 0 2 0 0 0 2 0 0 5 0 0 4 7 3 73 3 3 98 3 7 3 3 9 64 66 3 3 3 3 39 203 3 66 239 350 196 46 29 0 312 177 53 296 42 75 411 274 36 96 169 331 137 0 0 0 0 0 3 0 0 0 0 4 0 7 13 0 3 0 0 0 4 0 0 0 0 0 0 0 0 0 0 0 0 0 0 0 0 0 0 0 0 10 0 0 0 0 9 11 0 0 8 0 0 0 0 0 0 0 0 0 0 20 45 0 38 15 0 0 0 23 10 35 0 12 31 11 0 17 7 9 0 0 0 0 0 0 0 0 0 0 0 0 0 7 0 0 0 0 0 0 0 0 0 0 0 0 0 0 0 0 0 0 0 0 0 0 0 0 0 0 0 0 0 0 9 0 0 0 0 0 0 0 0 0 0 0 0 0 0 0 0 9 0 0 15 20 1 14 59 38 0 9 17 0 38 0 23 0 21 0 0 0 0 0 0 0 0 0 0 0 0 0 0 0 0 0 0 0 0 13 13 0 0 0 0 0 0 0 0 0 0 0 8 0 1 0 0 0 0 61 2 0 0 0 0 0 1 1 0 2 0 0 0 0 0 0 0 11 0 0 0 0 0 0 0 7 0 0 9 2 2 
 1 0 0 2 1 0 0 0 0 2 0 0 0 0 1 0 0 0 16 0 0 0 1 2 0 0 0 5 0 2 0 0 202 0 2 0 0 1 0 6 132 129 180 340 74 120 312 0 154 95 120 319 99 198 45 425 186 179 58 35 5 0 0 6 0 0 2 0 2 0 0 1 0 8 0 4 0 4 0 2 0 0 0 0 0 0 0 0 0 0 0 0 0 0 0 0 0 0 0 0 8 0 0 0 0 0 0 0 0 0 0 0 0 0 0 0 0 0 0 0 12 15 0 37 5 0 0 15 2 0 0 0 30 6 0 0 18 30 0 0 0 7 0 0 0 0 0 0 0 0 0 0 0 7 1 0 0 0 0 4 0 9 0 6 13 1 0 0 9 0 0 0 0 0 0 0 0 0 0 0 0 0 0 0 0 0 0 0 0 0 0 0 0 0 0 0 0 0 0 0 13 24 0 15 2 14 0 15 20 1 40 35 0 0 7 36 11 16 0 0 0 0 0 0 0 0 23 13 0 14 0 0 0 0 0 0 0 0 7 24 0 0 0 0 0 0 0 0 0 0 0 2 0 1 1 0 0 2 0 2 0 0 65 0 6 1 1 0 2 0 0 0 0 0 0 0 0 0 0 0 0 0 0 0 0 2 0 0 0 0 
 2 2 2 2 2 2 2 6 2 4 2 2 2 2 2 2 4 2 6 2 2 2 1 3 1 1 2 1 1 1 1 1 1 2 2 1 1 1 1 1 58 394 215 164 158 117 177 154 0 335 177 333 80 243 250 77 40 156 383 69 0 0 0 1 0 0 50 0 1 0 0 0 0 21 3 1 0 0 24 0 0 0 0 0 0 0 0 0 0 0 0 0 0 0 0 0 2 0 0 0 0 0 0 0 0 0 0 0 0 0 0 0 0 0 0 0 0 0 0 0 10 27 0 72 31 4 0 0 21 33 36 66 11 62 0 0 13 12 0 0 0 0 0 0 0 0 16 0 0 0 0 0 14 17 0 0 0 0 0 1 0 0 0 0 0 0 0 9 0 0 0 0 0 0 0 0 0 0 0 0 0 0 7 0 0 0 0 0 0 0 0 0 0 0 0 0 0 0 0 0 0 0 6 17 18 36 0 35 45 10 42 38 0 46 0 26 4 34 0 0 0 0 0 1 0 0 9 12 0 0 0 0 2 0 0 0 0 0 9 1 0 9 0 0 0 0 0 0 0 0 0 4 0 2 0 0 0 0 0 26 0 0 2 3 3 10 0 0 0 0 0 0 0 0 0 0 0 0 0 0 0 0 2 0 8 0 0 5 0 0 
 3 3 3 2 3 2 3 5 3 3 3 2 3 3 3 3 3 3 2 2 1 0 0 3 4 0 0 0 0 0 0 0 0 0 0 0 0 0 3 1 26 52 145 287 301 110 53 95 335 0 243 103 58 98 78 149 177 114 156 284 0 0 0 0 8 0 0 50 7 0 0 0 0 0 0 0 0 0 0 50 0 0 0 0 0 0 0 0 0 0 0 0 0 0 0 0 0 0 0 0 0 0 0 0 0 0 0 0 0 0 0 0 0 0 0 0 0 0 0 0 10 0 43 3 37 10 10 38 0 0 25 13 0 1 4 19 8 14 9 0 14 3 0 0 0 0 27 0 0 0 0 0 0 11 0 0 0 4 0 0 0 0 9 0 0 0 0 0 0 0 0 0 0 0 0 0 0 0 0 0 0 0 0 0 4 0 1 0 0 0 0 0 0 0 0 0 0 0 0 0 14 0 7 14 7 9 7 2 0 37 0 23 29 0 11 5 25 0 6 9 0 0 0 0 0 0 40 0 1 0 0 0 0 0 2 0 11 0 0 23 0 0 0 0 0 0 0 0 0 0 0 3 0 0 0 0 0 0 0 9 0 0 7 2 0 14 2 64 3 0 0 0 0 0 0 0 0 0 0 0 0 0 0 0 15 0 0 1 0 0 
 2 9 2 8 2 2 2 5 2 67 6 2 52 6 2 2 3 7 2 4 0 0 0 2 0 0 1 7 0 2 0 2 0 0 0 0 2 2 0 3 22 159 217 256 82 604 296 120 177 243 0 294 249 39 36 196 138 143 323 330 0 1 1 207 0 0 0 0 0 0 0 0 0 3 0 3 0 0 2 0 2 2 4 0 0 5 0 6 7 0 10 2 6 5 0 0 0 2 1 29 0 0 0 0 0 0 0 0 0 0 0 0 0 0 0 0 0 0 0 0 20 42 0 40 57 1 0 24 31 13 24 0 2 52 0 48 1 20 0 0 0 6 0 0 0 0 0 0 0 0 0 0 0 24 0 0 0 1 0 10 4 1 15 0 0 0 0 4 0 0 15 5 6 0 14 1 0 0 0 0 0 0 0 0 0 0 0 0 0 0 0 0 0 0 0 0 0 0 0 4 19 1 20 23 19 5 0 14 29 20 1 28 0 19 7 3 27 0 12 0 3 0 0 0 0 0 11 0 0 0 0 0 0 0 0 0 0 0 10 7 0 0 0 0 0 0 0 0 0 0 0 6 0 1 0 0 0 0 0 9 0 0 78 1 1 11 3 0 0 0 0 0 0 0 0 0 0 0 0 0 0 0 0 0 0 0 0 9 1 0 
 0 3 62 63 64 63 0 2 62 0 0 63 0 1 0 0 64 1 0 0 1 0 0 0 0 0 1 0 0 0 0 0 1 1 0 1 0 3 0 0 257 91 47 97 147 112 42 319 333 103 294 0 25 37 39 319 149 292 52 26 1 0 0 0 0 11 51 0 8 0 2 0 0 0 2 12 18 0 0 74 0 0 0 18 2 8 1 0 8 12 2 0 0 0 0 0 0 1 0 0 0 0 0 0 0 0 0 0 0 18 0 0 0 0 6 0 0 0 0 0 0 0 0 0 0 28 0 0 23 12 0 0 0 21 0 0 9 20 0 0 11 29 9 6 0 0 0 0 0 7 7 0 17 0 7 1 7 27 11 0 0 0 0 6 0 0 0 0 15 19 0 20 0 0 0 6 14 1 0 0 0 0 0 0 0 0 19 0 0 0 13 0 1 0 0 0 0 0 0 0 0 0 0 13 14 28 0 0 0 0 0 31 1 14 7 3 51 1 0 0 0 3 1 0 0 9 11 19 7 0 8 0 0 0 0 0 4 0 10 16 0 0 0 0 0 0 0 0 0 37 0 8 0 0 0 0 0 0 0 16 0 0 76 1 65 5 4 0 0 0 8 0 0 0 0 18 0 0 0 0 0 0 0 0 0 0 0 8 0 0 
 3 3 3 3 3 3 3 3 3 3 3 3 3 3 3 4 3 3 3 3 0 0 0 15 0 132 0 0 0 126 5 61 0 0 64 0 0 0 0 0 232 298 63 63 100 44 75 99 80 58 249 25 0 133 144 168 107 121 108 177 0 15 3 2 0 0 0 0 0 0 0 0 0 0 0 0 0 0 0 0 0 0 0 0 0 0 0 0 0 0 0 0 0 0 0 0 0 0 0 0 0 0 6 1 0 15 0 0 0 11 6 11 0 0 18 0 1 0 0 0 38 12 0 38 0 0 10 32 1 0 0 7 31 11 8 10 17 0 9 19 0 0 0 0 0 0 0 0 0 0 0 2 0 0 4 0 0 0 0 0 0 8 0 6 0 1 0 0 0 0 0 0 0 0 0 0 0 0 0 0 0 0 0 0 0 0 0 0 12 6 5 10 0 0 0 0 1 0 0 0 4 8 5 0 2 0 16 0 15 7 20 0 14 0 0 13 0 10 0 0 0 0 0 0 0 0 0 0 0 11 0 0 0 0 0 0 0 0 7 0 0 0 0 0 0 0 0 0 0 0 0 0 0 0 0 0 0 0 0 0 0 0 79 0 4 2 1 0 1 0 7 0 0 0 0 0 0 0 0 0 0 0 0 0 0 0 0 0 0 0 
 0 0 0 0 0 0 0 1 0 0 0 3 2 0 6 0 0 0 0 0 4 2 2 17 64 95 0 4 2 2 5 75 3 2 2 7 7 3 2 4 130 236 56 119 100 97 411 198 243 98 39 37 133 0 82 55 37 44 83 211 0 0 5 5 0 0 0 0 0 5 0 28 0 4 0 1 0 0 1 1 0 0 0 0 0 0 0 0 0 2 0 0 0 0 0 0 0 0 0 0 0 0 0 0 23 0 13 0 0 0 0 0 0 0 0 0 0 0 0 0 0 41 16 1 0 0 0 18 34 10 11 38 1 97 35 26 41 23 0 0 0 0 0 0 0 0 0 0 0 0 0 9 0 0 13 0 0 0 7 0 0 0 0 0 0 4 0 0 0 26 0 0 0 0 0 0 0 0 0 0 0 0 0 0 10 0 0 0 0 0 0 0 0 0 0 0 0 0 0 0 0 26 32 6 18 26 27 20 2 12 2 26 13 17 22 23 0 1 0 0 0 0 0 0 0 0 0 18 0 0 0 0 0 0 0 0 0 0 11 10 0 0 7 0 0 1 0 0 0 0 0 15 0 0 0 0 0 0 64 0 0 0 2 0 68 0 2 2 0 0 29 0 0 0 0 3 0 0 0 0 0 0 0 0 0 0 0 8 0 0 
 2 3 63 2 2 30 1 2 1 1 64 63 0 0 0 0 35 32 6 0 5 3 5 4 66 86 4 2 3 4 3 88 5 5 3 3 3 4 65 5 102 142 127 46 82 39 274 45 250 78 36 39 144 82 0 278 44 41 88 90 0 21 5 3 0 0 0 38 0 3 0 0 2 0 0 0 0 0 0 2 0 0 0 12 0 19 8 0 0 0 0 21 0 0 0 0 1 0 0 0 0 0 0 0 0 15 0 9 21 1 11 0 14 0 7 0 0 0 0 20 23 19 11 1 4 0 4 14 13 0 0 0 1 0 30 29 0 0 0 7 0 0 0 0 0 0 0 0 0 0 8 0 3 0 0 0 0 0 0 0 0 0 13 1 13 6 1 0 0 5 23 0 0 0 0 0 0 0 6 0 0 12 0 1 0 0 16 0 0 0 0 0 0 0 0 0 0 0 45 7 11 35 9 0 0 0 18 18 0 10 0 0 0 0 13 2 9 8 0 0 0 18 0 0 0 0 0 0 0 0 16 0 0 0 0 0 0 0 0 0 0 0 0 0 0 2 83 0 1 27 0 6 0 2 0 0 0 1 64 0 0 0 2 0 0 0 0 0 0 0 0 0 0 0 0 0 0 2 0 0 0 0 0 0 0 8 0 0 1 0 
 2 2 0 4 2 5 1 4 1 3 1 1 1 0 3 0 2 1 12 0 8 3 3 3 2 23 2 5 2 48 2 20 3 4 3 2 8 2 1 5 329 71 139 127 92 76 36 425 77 149 196 319 168 55 278 0 65 350 314 74 0 9 5 3 0 0 0 0 0 0 0 0 0 0 0 0 0 0 0 59 0 0 0 0 0 0 4 0 0 0 0 0 0 0 0 0 0 0 0 0 0 0 0 0 0 20 0 0 0 0 11 0 0 0 0 0 0 0 0 0 18 0 0 16 11 23 18 9 0 0 0 20 20 41 16 10 2 2 0 7 0 13 0 0 0 0 0 15 31 0 0 0 0 0 0 0 0 27 0 0 0 4 0 11 0 1 0 0 3 2 0 0 0 0 0 0 0 0 4 0 0 0 0 0 0 7 0 0 0 0 0 0 0 0 0 0 0 0 0 0 22 1 9 11 24 0 2 0 14 10 20 12 18 0 18 8 26 12 0 0 0 0 0 0 0 23 12 0 0 0 0 0 9 0 0 0 0 0 1 9 0 0 0 0 0 0 0 0 1 0 0 6 0 1 0 0 0 1 0 2 0 0 26 0 2 0 3 0 0 0 0 0 0 0 0 0 0 0 0 0 0 0 0 0 0 10 0 0 2 0 
 0 0 0 0 0 0 0 2 0 0 0 0 2 0 3 0 0 0 0 0 0 0 0 0 5 0 0 1 0 3 0 1 0 0 0 0 0 0 0 9 171 47 106 110 115 57 96 186 40 177 138 149 107 37 44 65 0 385 154 35 0 0 5 0 0 0 0 0 0 0 0 0 0 0 0 0 0 0 0 51 0 0 0 0 0 0 0 21 0 0 0 0 0 0 0 0 0 0 0 0 0 0 0 10 0 0 0 0 0 0 0 0 0 0 0 0 0 0 0 0 0 24 8 38 31 13 18 0 3 14 15 15 19 17 0 9 12 52 1 8 0 0 0 0 0 0 0 0 0 0 0 0 0 0 0 0 0 7 0 11 0 4 0 7 0 0 0 0 0 3 0 0 0 0 0 0 0 0 0 0 0 0 0 0 0 7 0 0 0 0 0 0 0 0 0 0 0 0 0 0 0 22 14 0 37 0 0 28 76 45 68 1 20 1 19 26 16 0 0 0 8 0 0 0 0 0 0 0 0 0 0 0 9 0 0 7 0 0 13 1 0 0 0 0 0 0 0 0 0 0 0 3 0 0 0 0 0 0 0 0 0 1 3 0 1 0 3 0 1 0 0 0 0 0 0 0 0 0 0 0 0 0 0 0 17 12 0 0 0 0 
 0 0 0 0 6 80 0 2 0 0 0 0 0 0 0 60 2 0 0 0 0 3 4 3 3 3 20 19 3 3 3 3 3 3 3 3 3 3 86 12 301 58 107 160 46 277 169 179 156 114 143 292 121 44 41 350 385 0 119 44 0 0 0 3 0 0 0 0 0 0 0 0 0 0 0 6 72 2 2 0 0 0 0 0 11 0 0 0 0 0 0 0 0 0 0 0 0 0 0 0 6 0 0 5 0 0 9 3 19 3 0 0 0 6 0 0 0 0 0 2 0 27 6 33 18 0 10 9 0 17 11 27 21 27 0 24 21 0 0 16 0 0 0 0 0 0 0 0 0 0 0 0 0 0 1 0 0 0 8 13 0 2 0 15 0 1 0 0 5 2 0 0 0 0 0 0 0 0 0 0 16 5 0 0 0 6 0 0 7 11 49 1 2 8 0 0 8 0 2 0 0 8 14 0 29 0 8 7 28 26 22 0 12 15 56 17 13 15 0 0 0 0 0 0 0 0 0 0 0 0 0 0 8 0 0 0 15 0 0 0 0 0 0 0 0 0 0 0 0 0 0 0 0 1 0 1 0 0 0 0 0 2 5 4 3 6 2 0 0 0 4 0 0 0 0 0 0 0 0 0 0 0 0 0 23 6 0 0 0 0 
 2 2 2 4 2 6 2 17 2 2 4 2 10 4 2 2 12 21 2 30 4 0 0 2 67 55 1 0 0 64 0 1 0 0 0 0 0 0 0 0 40 139 64 374 86 57 331 58 383 156 323 52 108 83 88 314 154 119 0 126 3 4 6 0 0 0 4 0 0 0 0 5 4 0 6 2 0 0 0 0 0 0 2 0 0 0 0 6 26 0 0 0 3 3 0 6 0 0 0 8 0 0 0 19 25 0 0 0 0 14 0 0 0 0 0 0 14 0 0 0 0 21 6 29 37 0 4 14 0 28 11 17 24 8 2 14 30 0 0 0 0 0 0 0 0 0 0 0 0 0 0 0 0 0 3 0 0 0 0 0 2 4 0 6 0 2 0 2 0 6 0 3 3 0 1 0 0 10 0 0 0 0 0 0 0 8 0 0 0 0 0 0 0 0 0 0 21 0 0 0 0 10 1 0 10 0 17 7 84 26 7 0 8 15 0 0 0 11 10 6 0 0 0 0 0 0 13 0 0 0 0 0 14 0 0 0 0 0 0 0 0 0 0 0 0 0 0 0 0 0 0 9 0 1 0 0 0 0 0 0 0 0 11 0 0 5 4 0 0 0 0 0 0 0 0 0 0 0 0 0 0 0 0 0 22 0 0 0 2 0 
 0 0 0 0 0 0 0 0 0 0 0 0 0 0 0 0 0 0 0 0 0 4 63 21 0 194 0 0 3 29 4 77 0 0 0 0 0 28 0 0 69 36 43 68 66 46 137 35 69 284 330 26 177 211 90 74 35 44 126 0 0 0 0 201 0 0 0 0 0 0 0 0 0 34 0 1 0 0 0 0 0 0 0 0 0 0 0 0 0 0 0 0 0 0 0 0 0 0 7 0 0 0 0 0 0 10 0 0 0 9 0 8 0 0 12 1 0 0 0 0 13 20 13 14 0 1 6 0 11 27 8 0 0 18 26 1 27 11 34 0 0 0 0 0 0 0 3 0 0 1 12 3 0 1 3 0 1 0 0 2 0 0 0 0 0 0 0 0 0 0 0 0 0 0 0 0 0 0 0 0 0 0 0 14 0 12 0 0 0 1 28 0 0 0 0 0 0 0 0 0 20 14 9 9 3 0 53 57 8 10 1 10 6 5 17 9 0 0 0 0 0 0 0 0 0 0 0 0 0 0 0 0 0 0 0 0 0 0 13 0 0 0 1 0 0 0 0 0 0 0 0 5 0 0 0 0 0 1 62 1 0 0 3 0 0 0 0 0 0 0 9 0 0 0 0 0 0 0 0 0 0 0 0 0 0 0 0 0 2 0 
 0 0 0 0 0 5 0 0 0 0 0 0 0 3 0 0 0 0 0 0 0 0 0 0 0 0 0 2 0 0 2 0 0 0 0 0 0 2 0 0 0 0 0 0 0 0 0 5 0 0 0 1 0 0 0 0 0 0 3 0 0 237 102 42 251 114 98 200 33 18 151 21 254 86 176 41 130 96 208 33 0 0 0 0 0 0 0 0 0 0 0 0 0 0 0 0 0 0 0 0 0 0 0 0 0 18 0 0 0 0 9 0 0 0 0 0 0 0 0 0 0 0 0 0 0 0 0 0 0 0 0 0 0 0 0 0 0 0 0 0 12 23 14 0 0 0 0 4 10 2 10 2 13 0 12 25 19 35 0 0 0 0 0 0 0 0 0 0 0 0 0 0 0 0 0 0 7 0 0 0 0 0 0 0 0 0 0 0 0 0 0 0 0 0 0 0 0 0 0 0 0 16 0 0 0 0 0 0 0 0 0 0 0 0 0 0 0 0 0 0 19 19 17 42 21 16 0 0 0 18 1 5 4 16 10 11 33 0 21 0 8 0 0 12 0 0 0 0 0 0 0 0 0 0 7 0 23 0 0 0 2 0 0 0 0 0 0 0 0 0 2 0 56 20 2 0 0 0 0 0 0 0 0 0 0 0 0 0 0 0 
