 0 129 82 40 133 41 234 320 119 202 196 115 51 44 147 424 30 83 132 56 0 0 1 0 0 0 3 2 3 2 0 0 77 0 2 2 3 2 0 0 0 0 0 0 0 0 3 0 0 0 0 0 3 0 0 2 0 0 1 0 0 3 4 1 3 0 3 2 0 3 0 0 0 3 0 44 0 0 0 0 12 12 10 15 40 0 7 0 1 14 0 30 23 14 0 19 15 30 13 29 0 0 0 0 2 0 0 0 0 0 0 2 0 21 0 0 0 0 0 0 0 1 0 0 0 0 0 0 0 0 0 0 0 0 0 0 0 0 0 0 0 0 0 0 0 12 0 7 7 0 0 0 0 0 2 0 0 0 0 0 20 6 25 2 18 1 11 18 7 0 21 0 9 1 29 19 17 0 0 17 0 0 0 0 0 0 0 0 0 0 0 0 0 10 0 0 0 0 0 19 0 0 2 0 2 2 0 0 0 0 0 0 0 0 0 0 0 0 0 0 0 0 0 18 0 0 0 0 0 0 0 0 0 0 0 0 0 0 0 0 0 0 0 0 0 0 93 0 0 91 0 9 10 0 1 0 0 0 0 0 0 0 0 0 0 0 2 0 0 0 0 0 0 0 0 1 8 19 0 0 0 0 0 0 0 0 0 0 0 0 
 129 0 256 150 28 37 207 159 55 253 45 191 145 262 57 418 34 31 218 54 0 0 0 0 0 0 3 2 3 2 0 0 0 0 2 3 3 2 72 0 0 0 0 5 0 46 0 0 0 5 0 2 6 0 0 2 0 0 0 0 0 3 3 44 3 0 3 0 21 3 0 0 0 3 0 0 0 0 0 0 49 14 0 20 8 7 10 10 22 16 17 25 15 0 4 36 23 0 31 0 7 0 0 0 0 1 0 0 0 0 12 0 7 0 0 0 0 0 20 0 0 0 0 0 0 0 0 0 0 0 0 0 0 0 0 0 0 0 0 10 0 5 0 0 0 0 0 0 0 0 0 0 0 0 0 0 0 0 10 0 32 18 24 11 13 0 0 11 9 61 19 14 0 11 37 13 18 23 10 0 0 0 0 0 0 0 0 0 0 0 0 0 1 1 0 0 0 0 2 1 0 0 0 0 0 0 0 0 0 0 0 0 0 0 0 0 0 0 0 0 0 0 0 0 0 0 0 0 0 0 0 0 1 0 0 0 0 0 0 0 0 0 0 0 0 10 0 0 88 89 2 9 0 0 0 0 0 0 0 0 0 0 21 0 0 0 10 0 0 0 0 0 0 0 29 0 17 0 0 0 0 0 0 0 0 0 0 0 0 0 
 82 256 0 109 139 123 242 236 647 306 120 85 130 83 179 266 350 245 40 421 0 0 0 0 6 0 75 4 3 2 0 0 1 0 2 2 3 0 76 0 0 0 0 0 0 0 0 0 0 0 0 0 3 0 0 0 0 0 0 0 0 3 2 0 3 0 3 0 0 3 0 0 0 3 0 75 0 0 1 0 70 46 22 16 13 20 53 46 27 30 22 51 0 9 0 19 37 17 0 1 10 0 0 0 0 0 0 0 4 0 0 0 18 0 0 0 0 0 58 6 0 0 0 0 0 0 0 0 0 0 0 0 0 0 0 0 0 0 0 0 0 6 0 0 0 0 0 0 0 0 0 0 0 0 5 0 0 0 12 0 10 0 1 16 47 0 5 31 1 23 1 28 7 1 20 14 51 45 7 38 0 0 1 0 0 0 15 13 0 0 0 0 0 10 0 0 1 0 9 10 0 0 0 0 0 0 0 0 0 0 0 0 0 0 0 0 0 0 0 0 0 0 0 0 0 0 0 0 0 0 0 0 1 0 0 0 0 0 0 0 0 0 0 0 0 0 91 0 48 88 0 13 0 0 0 0 0 0 0 0 0 0 0 0 0 0 0 0 0 0 0 0 0 0 0 1 0 0 0 0 0 0 0 0 0 0 0 0 0 0 
 40 150 109 0 173 30 163 124 267 334 243 112 82 77 149 150 216 130 88 159 21 0 0 1 0 0 39 78 3 11 1 2 3 0 3 3 3 6 73 39 0 1 0 0 0 0 0 0 0 2 64 2 2 0 0 0 0 2 0 5 0 3 3 7 2 0 3 3 0 2 0 0 0 2 0 45 2 2 0 3 13 42 16 21 10 43 17 9 0 33 20 40 0 6 0 0 21 34 0 0 41 0 0 0 1 0 0 0 0 0 1 1 0 0 0 0 0 0 14 14 10 0 0 0 0 0 0 0 15 0 0 0 0 0 0 0 0 0 0 0 0 0 0 0 0 0 0 0 0 0 0 0 5 0 0 0 0 0 0 6 8 0 1 23 52 0 0 48 0 0 8 10 0 0 5 0 39 30 6 0 0 0 0 0 0 0 42 13 26 0 0 0 24 17 23 0 14 0 9 8 0 0 1 0 0 1 0 0 0 0 0 0 0 0 0 0 0 0 0 0 0 0 0 1 0 0 0 0 0 0 0 0 0 0 0 1 0 0 0 0 0 0 0 0 0 0 89 0 56 112 0 12 0 0 0 0 0 0 0 0 0 0 0 0 0 0 1 0 0 0 0 0 0 0 0 1 0 0 0 0 0 0 0 0 0 0 0 0 0 2 
 133 28 139 173 0 355 42 155 248 109 494 106 78 69 166 67 40 107 44 65 2 2 0 210 0 0 38 79 4 6 0 0 56 2 10 22 85 2 0 2 0 0 0 6 0 0 0 0 0 0 0 0 5 0 0 0 0 1 67 5 0 3 5 0 3 0 10 21 0 6 6 0 1 3 0 0 0 0 0 3 17 26 1 0 11 29 0 0 0 23 5 0 0 12 0 14 32 33 0 0 13 11 0 2 0 0 0 19 12 21 0 0 53 30 19 0 0 0 9 58 0 0 0 0 0 0 0 0 0 0 11 0 0 0 0 0 0 7 0 0 0 0 0 0 0 0 0 6 6 0 0 0 0 0 0 0 0 0 0 0 0 24 21 21 0 28 5 0 0 0 47 0 0 0 4 19 0 0 1 0 1 5 1 0 0 0 0 20 2 0 0 0 0 19 24 0 14 15 5 16 0 0 0 0 0 0 0 0 0 0 0 0 0 0 0 0 0 0 0 0 0 0 0 0 0 0 0 0 0 0 0 0 0 0 0 0 0 0 0 0 0 0 0 0 0 4 86 0 5 6 15 9 0 0 0 0 0 2 2 0 0 2 0 0 0 0 2 2 0 0 0 0 0 0 2 19 17 18 0 0 0 0 0 0 0 0 0 0 0 0 
 41 37 123 30 355 0 27 32 65 154 275 229 27 50 155 201 153 59 44 46 78 118 2 2 0 0 77 161 3 2 0 0 186 0 4 76 24 4 76 3 0 0 0 0 0 0 0 0 0 0 0 0 1 0 0 0 0 2 69 0 0 54 3 0 2 0 3 0 0 2 0 0 0 2 0 0 0 0 0 1 0 22 14 9 36 18 1 0 0 11 11 0 0 0 0 0 10 26 0 0 1 15 1 21 0 0 10 30 16 14 9 14 59 36 27 0 0 0 2 57 0 0 0 0 0 0 0 2 0 0 0 0 1 0 0 0 0 0 0 0 0 0 0 2 0 0 1 3 2 0 0 0 0 0 0 0 0 0 0 4 0 4 11 12 0 43 9 20 0 0 27 0 0 0 0 0 0 0 0 0 32 4 1 0 0 0 26 16 16 0 1 0 65 47 39 0 18 11 21 61 0 0 0 0 0 0 1 0 0 0 0 0 0 0 0 0 0 0 0 0 0 0 0 0 0 0 0 0 0 0 0 0 0 0 0 0 0 0 0 0 0 0 0 0 0 4 1 0 0 1 1 10 0 0 0 0 0 0 0 0 15 0 61 0 0 0 0 0 0 0 0 0 0 0 0 13 0 0 0 0 0 0 0 0 0 0 0 0 0 0 
 234 207 242 163 42 27 0 82 267 43 31 113 160 228 56 47 25 80 172 145 0 0 0 0 5 0 0 2 3 5 0 0 0 0 1 3 3 3 1 0 0 0 0 0 0 0 0 0 0 0 0 0 2 0 0 0 0 3 0 0 0 3 3 0 3 0 3 0 0 3 0 0 0 3 0 0 0 0 0 0 15 16 0 0 9 0 1 32 14 0 14 22 12 20 0 28 0 0 0 42 0 1 0 0 0 0 0 0 0 0 0 0 0 0 0 0 0 0 45 0 0 10 0 0 0 0 0 0 0 0 0 0 0 0 0 0 7 0 0 0 0 3 0 0 0 0 0 1 0 2 0 0 0 14 6 0 0 0 0 0 33 7 14 42 21 0 14 12 0 2 0 22 11 0 7 16 31 36 1 36 0 0 0 0 0 0 0 0 0 2 0 0 0 0 0 2 0 0 0 0 0 0 0 2 0 0 0 0 0 0 0 0 0 0 0 0 0 0 0 0 0 0 0 0 2 0 0 0 0 0 0 0 0 0 1 0 0 0 0 0 0 12 0 0 0 0 0 2 91 1 1 12 7 0 0 0 0 0 0 0 0 0 12 0 0 0 0 0 0 0 0 0 0 0 0 0 20 1 0 0 0 0 0 0 0 0 0 0 0 0 
 320 159 236 124 155 32 82 0 284 138 189 227 198 466 73 125 18 36 42 351 0 0 78 2 0 0 2 2 6 2 0 0 0 0 1 3 3 0 0 0 0 0 0 0 0 0 0 0 3 0 0 2 3 0 0 3 0 0 76 0 0 3 37 0 3 0 3 0 0 3 0 0 0 9 0 58 0 3 0 0 32 4 18 20 20 0 11 18 25 54 23 0 13 0 11 14 13 49 12 1 0 0 0 0 0 0 14 0 0 0 0 0 22 26 4 0 0 23 22 15 0 0 0 0 0 0 1 0 0 0 0 0 0 0 0 0 0 0 0 1 0 0 0 0 0 0 0 3 2 0 1 0 0 0 0 0 0 18 0 4 17 0 11 12 0 4 0 20 11 17 28 0 13 1 0 18 3 0 0 0 0 0 0 0 0 0 10 0 0 0 0 0 41 27 0 0 0 0 1 70 0 0 0 0 0 0 0 0 0 0 0 0 0 0 0 0 0 2 0 0 0 0 0 0 0 0 0 0 0 0 0 1 0 0 0 1 0 0 0 0 0 0 17 0 1 4 94 0 2 0 0 15 0 0 0 0 0 0 0 0 0 0 0 0 0 0 0 0 0 0 0 0 0 0 0 4 0 0 0 0 0 0 0 0 0 0 0 0 0 0 
 119 55 647 267 248 65 267 284 0 366 52 33 82 77 501 193 194 150 270 47 77 0 0 0 0 0 0 2 3 2 0 0 75 0 1 3 3 0 3 0 0 0 0 0 0 0 0 0 0 0 0 0 2 0 0 0 0 1 0 0 0 3 3 0 3 0 3 0 0 3 0 0 0 3 0 94 0 4 0 0 3 32 47 46 19 75 0 0 16 31 33 0 0 0 13 0 56 29 0 0 16 0 0 0 0 0 0 1 25 0 0 1 22 0 10 0 0 0 11 17 0 0 0 0 0 0 0 0 0 0 0 0 0 0 0 0 0 0 0 0 0 0 0 0 0 0 0 0 0 0 0 0 8 0 0 0 0 0 0 3 8 4 0 0 0 0 8 13 0 25 40 0 0 11 0 26 35 0 0 0 0 11 3 0 0 0 20 0 14 0 0 0 86 5 0 0 0 0 14 10 0 0 0 0 0 0 0 10 0 2 0 1 0 0 0 9 0 0 0 0 0 0 0 0 0 0 0 0 0 0 0 0 2 0 0 0 0 0 0 0 0 0 0 0 0 0 50 2 1 0 19 12 0 0 0 0 0 0 0 0 0 0 0 0 0 0 0 0 0 0 0 0 0 0 0 0 4 0 0 0 0 0 0 0 0 0 0 0 0 0 
 202 253 306 334 109 154 43 138 366 0 289 128 51 165 259 79 38 240 170 102 0 0 0 0 1 0 0 2 3 3 2 0 0 0 3 2 3 2 4 0 0 0 0 0 0 0 0 0 0 0 0 0 3 0 0 0 0 0 62 0 0 3 3 0 3 0 3 0 0 3 0 0 0 3 0 0 0 4 51 0 14 20 22 19 29 13 0 0 19 11 48 20 0 29 0 8 31 53 0 0 11 0 14 0 0 0 0 15 0 0 0 0 31 0 10 0 2 0 5 26 2 0 0 0 0 0 0 19 0 0 0 0 0 0 0 0 0 0 0 0 0 0 0 0 0 0 0 0 0 0 0 0 0 0 0 0 0 0 0 7 11 0 18 32 8 6 0 23 0 5 20 14 0 0 5 44 14 14 0 0 0 7 0 1 2 0 0 0 0 0 0 0 26 11 0 0 0 0 0 0 0 0 0 0 0 0 0 0 0 0 0 0 2 0 0 0 0 0 0 0 0 0 0 0 0 2 0 0 0 0 0 0 0 0 11 0 0 0 0 0 0 0 0 0 0 0 91 0 2 8 11 26 0 0 0 0 0 0 0 0 0 0 20 0 0 0 0 0 0 0 0 0 0 0 0 6 32 0 0 0 0 0 0 0 0 0 0 0 0 0 
 196 45 120 243 494 275 31 189 52 289 0 110 30 39 332 156 178 236 16 65 148 0 3 0 2 0 74 18 3 4 0 0 149 0 1 3 6 1 2 77 0 3 3 3 0 0 4 0 0 0 2 2 1 0 3 0 0 4 68 0 0 3 3 3 2 0 3 5 0 5 3 0 5 5 0 28 0 0 5 10 1 28 18 16 26 10 0 0 1 16 9 3 0 0 0 14 33 61 0 0 0 17 0 0 0 0 9 18 0 1 0 13 12 17 20 0 0 0 1 20 0 0 0 0 0 0 2 0 0 0 0 0 0 1 0 0 0 0 0 0 0 0 0 0 0 0 0 6 6 0 0 0 0 0 0 0 0 0 0 0 0 16 5 29 0 43 8 0 0 20 26 1 0 0 0 20 20 1 0 0 0 1 0 0 0 0 76 14 24 0 0 0 23 15 24 0 14 0 20 36 0 0 0 0 0 0 0 0 0 0 0 0 0 0 0 0 0 0 0 0 0 38 0 0 0 0 0 0 0 0 0 0 0 0 0 0 0 0 0 0 0 0 0 0 0 3 135 0 3 90 0 8 0 0 0 2 0 0 0 0 0 0 0 0 0 0 11 0 0 0 0 0 0 0 30 51 0 18 0 0 0 0 0 0 0 0 0 0 0 0 
 115 191 85 112 106 229 113 227 33 128 110 0 44 73 137 143 150 72 18 119 0 1 2 0 7 2 2 2 3 11 0 0 15 1 2 78 66 2 76 78 0 0 0 0 0 0 0 0 4 0 0 0 1 0 0 2 0 2 0 0 0 2 3 0 2 0 3 0 0 2 0 1 0 2 0 0 0 0 0 6 0 20 0 2 8 10 18 5 0 4 17 2 0 0 0 16 0 17 0 0 59 0 6 0 0 0 15 5 0 0 0 0 17 11 0 10 0 0 18 0 0 0 0 0 0 0 0 0 0 0 0 0 0 0 0 0 0 0 0 0 0 0 0 0 0 0 0 2 5 0 0 0 0 0 0 0 0 0 0 0 7 20 9 38 23 22 0 33 0 14 26 69 0 0 0 31 20 27 11 1 0 0 17 0 0 0 0 3 0 0 0 0 14 25 0 0 2 0 10 28 0 0 0 0 0 0 0 0 0 2 0 0 0 0 0 0 0 0 0 0 0 0 0 0 0 0 0 0 0 0 0 0 2 0 0 0 0 0 0 0 0 0 0 0 0 6 86 0 4 2 0 5 2 0 2 0 0 0 0 0 0 0 0 0 0 0 0 0 0 0 0 0 0 0 0 10 0 16 0 0 0 0 0 0 0 0 0 0 0 0 
 51 145 130 82 78 27 160 198 82 51 30 44 0 101 31 124 30 145 149 228 0 0 1 0 0 0 3 2 3 4 1 5 2 2 4 6 4 2 3 2 0 1 0 0 75 0 3 0 0 2 0 0 4 0 22 0 0 1 2 0 0 3 3 5 3 0 4 0 0 57 3 0 0 3 0 0 2 5 0 3 19 14 8 12 18 0 0 18 38 2 0 0 13 11 54 14 16 0 11 29 0 0 0 0 0 0 0 0 0 0 0 0 0 0 0 0 0 0 0 0 0 10 2 0 0 0 0 0 0 0 0 0 0 0 0 0 0 0 0 1 0 2 0 0 0 0 0 0 0 0 0 0 0 0 3 0 0 0 8 0 25 14 12 0 0 0 12 0 15 12 13 31 12 78 13 14 20 14 0 26 0 0 0 0 0 0 0 0 9 0 0 0 0 0 0 0 0 0 9 0 0 0 0 0 0 0 0 0 0 0 0 0 13 0 1 0 0 0 0 0 0 0 0 0 0 0 2 2 0 0 0 0 0 0 0 0 0 0 0 0 0 0 0 0 0 2 0 0 0 0 1 20 0 2 0 0 0 0 0 0 0 1 0 2 0 0 0 0 0 0 5 0 0 0 0 0 0 0 0 0 0 0 0 0 0 0 0 0 0 0 
 44 262 83 77 69 50 228 466 77 165 39 73 101 0 69 249 119 29 93 245 0 1 0 0 0 0 0 2 7 3 0 0 2 0 1 6 6 1 0 0 0 0 0 0 0 4 0 0 0 0 0 9 2 0 0 0 3 1 0 0 0 3 3 2 3 4 3 3 1 2 0 0 0 3 3 3 4 4 4 0 36 27 11 0 19 0 71 28 44 18 0 23 0 33 23 31 23 5 7 0 0 0 0 0 0 0 0 0 0 0 0 0 0 0 0 0 0 0 22 2 0 0 0 0 0 0 0 0 17 0 0 0 0 0 0 0 0 0 0 0 0 4 2 0 0 0 0 0 0 0 0 0 0 0 2 0 0 8 4 0 29 10 2 12 36 0 0 10 0 17 0 14 0 26 20 15 27 11 17 9 0 0 0 0 0 0 0 0 0 0 0 0 9 0 0 0 0 2 3 0 0 0 3 0 0 0 0 0 0 0 0 0 0 0 0 0 3 0 1 0 1 0 0 0 0 0 0 0 0 0 0 0 11 0 0 0 0 0 1 0 0 20 0 0 0 1 0 0 48 0 0 2 0 2 0 0 0 0 0 0 0 0 2 0 0 0 0 0 0 0 0 0 0 0 0 0 0 0 0 0 0 0 0 0 0 0 0 0 0 0 
 147 57 179 149 166 155 56 73 501 259 332 137 31 69 0 161 50 152 504 139 0 0 0 0 2 0 0 2 3 2 0 2 0 0 1 2 3 0 24 0 0 0 0 0 0 0 1 0 2 0 0 0 3 0 0 0 0 0 0 0 0 3 3 0 3 0 3 0 0 47 0 0 0 3 0 53 0 0 0 0 1 20 17 48 22 8 0 0 11 10 1 0 12 15 0 28 26 29 1 29 0 0 0 0 0 0 0 0 0 0 0 0 0 24 0 0 0 13 0 24 0 0 0 0 0 0 0 0 0 0 0 0 0 0 0 0 0 0 0 0 0 0 0 0 0 0 0 5 2 0 0 0 0 2 0 0 0 0 0 4 0 17 29 12 0 4 31 20 1 10 24 0 0 0 14 0 1 0 1 10 0 1 0 2 1 2 8 0 0 0 0 8 26 23 0 0 0 0 6 59 0 0 0 0 0 0 0 0 0 0 0 0 1 2 6 0 0 0 0 0 10 0 0 0 0 1 0 0 0 0 10 0 0 0 0 0 0 0 0 2 0 0 0 0 0 2 90 0 0 1 0 8 7 0 0 10 0 0 0 6 0 0 0 0 0 0 0 0 0 0 0 0 0 0 0 4 0 0 0 0 0 0 0 0 0 0 0 0 0 0 
 424 418 266 150 67 201 47 125 193 79 156 143 124 249 161 0 150 69 161 138 0 0 0 0 0 0 0 2 3 2 0 0 50 0 2 2 3 1 75 0 0 0 2 2 0 0 2 0 11 0 0 0 3 3 0 0 0 4 2 0 0 6 3 0 75 0 3 0 0 24 0 3 0 4 3 8 0 0 0 0 12 18 0 15 10 1 84 59 10 61 25 16 1 0 0 71 22 7 8 0 30 0 0 0 0 0 18 0 2 0 0 0 14 13 9 0 0 0 15 21 0 0 0 0 0 9 0 0 0 0 0 0 0 0 0 0 0 0 0 0 0 2 0 0 0 0 0 0 0 0 14 0 0 0 0 0 1 0 4 0 7 10 24 20 21 0 36 24 9 23 0 29 13 0 22 0 13 10 15 1 0 0 2 0 0 0 15 0 0 0 0 0 12 0 0 0 0 0 36 13 0 0 13 0 0 0 0 0 0 0 0 0 0 0 8 0 0 0 1 0 0 0 0 0 0 0 0 0 0 0 0 0 2 0 0 0 0 0 0 1 0 0 0 0 0 0 2 0 94 0 0 8 21 0 0 0 0 0 0 0 0 0 0 0 0 0 0 0 0 0 0 0 0 0 0 0 0 0 0 0 0 0 0 0 17 0 0 0 0 0 
 30 34 350 216 40 153 25 18 194 38 178 150 30 119 50 150 0 47 122 32 2 1 0 0 0 0 0 22 3 2 0 0 114 81 76 4 3 0 74 3 0 0 0 0 0 0 0 0 3 2 0 0 2 0 0 0 0 1 0 4 0 3 3 0 2 0 51 0 0 8 0 0 3 3 0 0 0 0 0 0 21 20 21 2 0 17 28 17 0 19 27 32 0 0 0 2 23 9 18 0 14 23 0 0 0 0 0 0 0 0 0 0 14 14 16 0 0 0 27 9 0 1 0 0 0 0 0 1 0 0 0 0 0 0 0 0 13 0 2 0 0 49 0 0 0 0 0 0 0 0 20 0 10 0 0 0 0 8 0 5 10 6 13 11 1 1 5 16 27 0 0 40 14 0 17 0 1 10 9 0 0 0 1 0 0 0 12 0 11 22 2 2 11 0 0 0 7 1 5 1 0 0 0 0 0 2 0 52 0 0 0 0 0 0 0 0 0 8 0 0 0 0 0 0 0 0 0 0 0 15 0 0 0 0 0 0 0 0 0 0 0 0 0 0 0 2 0 0 112 0 0 3 0 0 0 0 0 0 0 0 0 0 0 0 0 0 0 0 0 0 0 0 0 0 0 0 0 0 0 0 0 0 0 0 0 0 0 0 0 0 
 83 31 245 130 107 59 80 36 150 240 236 72 145 29 152 69 47 0 34 49 18 0 3 2 0 0 38 74 6 2 86 2 0 0 2 3 3 0 106 35 0 0 0 0 0 0 0 0 0 0 0 0 1 0 0 0 0 2 0 0 0 3 3 0 2 0 3 19 0 2 0 0 0 2 0 66 0 0 0 2 9 24 40 32 10 23 0 15 23 24 2 15 0 16 0 21 22 19 1 13 9 0 0 0 0 1 0 0 0 0 0 0 1 0 0 0 0 0 0 0 0 0 0 0 0 0 0 0 2 0 0 0 0 0 0 0 0 0 0 0 0 1 0 0 22 0 0 1 0 0 0 0 0 0 2 0 0 0 1 0 13 15 18 21 26 0 0 19 0 0 10 8 7 0 13 3 29 26 0 11 0 0 0 0 0 0 10 12 0 0 0 0 0 9 12 0 16 0 7 21 0 0 0 0 0 0 0 1 0 8 0 0 0 0 0 0 0 0 0 0 0 0 2 0 0 0 0 0 15 0 0 0 0 0 0 0 0 0 0 0 0 3 0 0 0 0 88 0 1 92 0 4 0 0 0 0 0 0 0 0 0 0 0 0 0 0 0 0 0 0 0 0 0 2 0 1 0 0 0 0 0 0 0 0 0 2 0 0 0 0 
 132 218 40 88 44 44 172 42 270 170 16 18 149 93 504 161 122 34 0 74 0 0 2 0 1 0 0 4 3 2 0 0 0 0 1 3 78 0 0 0 0 0 0 0 0 0 0 0 0 0 0 0 1 0 0 0 0 3 0 0 6 3 3 0 3 0 3 0 0 8 0 0 0 2 0 0 0 0 0 0 23 10 16 36 8 0 27 10 0 13 17 28 0 14 1 0 14 0 48 10 0 0 0 0 0 0 0 0 0 0 0 9 0 0 0 0 0 0 0 0 0 11 0 29 0 0 0 0 0 0 0 0 0 0 0 0 0 0 0 0 0 19 0 0 0 0 0 0 0 0 17 0 0 0 0 0 16 0 5 0 0 1 0 18 28 0 0 37 1 42 0 9 0 1 19 57 0 11 10 10 0 0 0 0 0 0 0 0 0 0 0 0 10 0 0 0 0 0 10 0 0 0 0 0 0 0 0 0 0 0 0 1 0 0 0 0 0 0 0 0 0 0 0 0 0 0 0 0 0 0 0 0 0 0 0 0 0 0 0 0 0 19 0 0 0 0 0 0 0 1 0 7 0 0 0 0 0 0 0 0 0 0 0 0 0 0 0 0 0 0 0 0 0 0 0 0 14 0 0 0 0 0 0 0 0 0 0 0 0 0 
 56 54 421 159 65 46 145 351 47 102 65 119 228 245 139 138 32 49 74 0 0 0 2 3 2 0 0 2 5 2 0 0 0 0 1 3 3 5 1 0 0 0 0 0 3 0 0 0 0 2 2 0 3 0 0 0 1 3 0 0 6 3 3 1 3 0 3 0 0 3 0 0 0 3 3 2 1 0 0 53 1 26 11 0 12 0 9 45 52 0 0 10 21 25 22 34 0 0 15 24 0 0 0 0 0 0 14 0 0 0 0 0 0 0 0 0 0 0 13 0 0 0 2 0 0 0 0 0 0 0 0 0 0 0 0 0 0 0 0 1 0 0 0 0 0 0 0 1 1 0 0 0 0 0 4 0 0 16 0 0 74 29 28 13 4 0 1 3 18 0 16 24 45 0 3 1 31 31 1 20 0 0 0 0 0 0 0 0 5 0 0 0 0 0 0 0 0 0 0 0 0 0 0 0 0 0 0 0 0 0 0 0 0 0 1 1 0 0 0 0 0 0 0 0 0 0 0 1 0 0 0 0 0 0 0 0 0 0 0 0 0 0 0 0 0 0 1 0 90 1 0 7 1 0 0 0 0 0 0 0 0 0 0 0 0 0 0 0 0 0 0 0 0 0 0 1 0 0 0 0 0 0 0 0 0 0 0 0 0 0 
 0 0 0 21 2 78 0 0 77 0 148 0 0 0 0 0 2 18 0 0 0 101 129 53 45 26 311 273 142 124 182 62 54 232 219 113 266 126 118 103 0 4 2 0 0 0 2 0 0 0 0 0 0 2 3 0 0 3 62 0 0 0 1 0 0 0 0 3 2 0 0 0 0 0 0 0 0 3 0 4 0 0 0 0 11 6 0 0 0 0 0 0 0 0 0 0 0 0 0 0 6 25 13 8 8 12 16 12 17 34 9 18 0 0 1 13 6 28 0 0 0 0 0 0 0 0 0 0 0 0 0 0 10 6 0 22 0 0 25 8 4 0 0 0 0 0 0 0 0 0 0 0 0 0 0 2 4 0 0 0 0 0 0 12 10 14 0 0 0 0 10 0 0 2 0 0 0 44 0 0 20 24 1 7 0 14 28 33 24 12 0 28 22 5 18 22 28 7 8 6 0 0 0 0 0 0 0 0 0 0 0 0 7 0 0 0 0 0 0 0 0 0 0 0 0 0 0 0 0 0 0 0 0 0 0 0 0 0 0 0 0 0 12 0 0 0 0 0 0 19 0 0 0 0 22 0 2 1 6 2 2 0 0 0 0 0 0 0 0 0 0 0 0 0 0 1 0 0 0 0 0 0 0 0 0 9 0 14 0 0 
 0 0 0 0 2 118 0 0 0 0 0 1 0 1 0 0 1 0 0 0 101 0 271 52 113 21 390 82 132 132 123 57 50 362 160 183 106 194 175 168 0 0 3 0 0 0 1 0 0 0 0 0 0 2 3 0 0 2 0 0 0 0 0 69 0 0 0 0 3 0 0 1 0 44 0 0 0 3 0 0 0 0 0 0 0 0 2 0 0 0 0 0 0 0 0 2 0 0 0 0 9 9 11 27 48 0 9 9 83 12 24 7 10 18 7 30 37 17 0 9 1 0 0 2 0 0 0 0 0 7 0 1 0 2 0 0 0 0 10 0 5 0 0 0 0 0 1 0 0 0 0 0 0 0 0 0 0 0 0 0 0 0 0 0 0 0 0 0 0 0 0 2 0 0 1 0 0 0 0 0 44 26 81 25 22 10 0 8 16 34 54 0 0 0 10 46 16 106 1 0 14 0 0 1 0 0 13 0 2 0 0 0 0 0 0 0 0 2 0 10 0 0 0 0 0 0 0 0 0 0 0 0 0 0 2 1 0 0 0 0 0 0 0 0 0 0 0 0 0 0 0 0 0 0 12 2 0 80 11 1 2 1 0 0 0 0 8 0 0 0 0 0 0 0 0 0 0 0 0 15 0 13 0 0 0 0 0 0 0 0 
 1 0 0 0 0 2 0 78 0 0 3 2 1 0 0 0 0 3 2 2 129 271 0 170 88 14 155 293 156 231 186 39 64 139 177 195 55 40 45 335 0 8 4 0 0 2 65 2 1 0 0 0 2 3 3 0 0 4 4 62 0 2 52 0 1 1 0 0 3 0 0 0 0 0 0 0 0 3 0 0 0 0 0 0 0 0 0 0 0 0 0 0 0 0 0 0 0 0 0 0 12 12 39 11 38 11 21 21 0 33 0 8 0 0 8 19 13 11 0 0 11 0 0 0 0 0 36 11 0 0 0 0 9 0 0 16 0 0 27 19 0 0 0 0 0 0 0 0 0 0 0 0 0 0 2 0 0 0 0 0 0 0 0 0 2 0 0 0 0 0 0 0 0 0 0 0 0 0 0 0 0 30 1 33 0 41 11 17 4 3 31 36 0 6 21 14 0 47 0 1 12 17 0 0 0 0 0 0 0 0 0 0 17 0 0 0 0 0 0 0 0 0 0 0 0 0 0 0 2 0 0 0 0 0 0 0 20 0 0 0 0 0 37 0 0 0 0 0 0 0 0 0 0 0 8 0 0 79 1 0 2 0 0 0 0 21 0 0 0 0 0 0 0 0 0 0 0 0 0 14 0 2 0 0 0 0 0 0 0 0 
 0 0 0 1 210 2 0 2 0 0 0 0 0 0 0 0 0 2 0 3 53 52 170 0 371 79 183 153 219 383 356 266 112 92 268 50 277 283 326 52 62 1 3 0 0 0 67 0 209 0 0 3 28 33 22 0 0 2 64 64 0 6 0 0 0 2 0 0 3 0 0 0 0 0 0 0 0 3 0 4 2 0 0 0 1 0 0 0 0 0 0 0 0 0 0 0 0 13 0 0 0 0 29 45 55 22 1 4 0 12 20 0 0 19 9 17 0 23 0 0 3 8 0 0 0 0 0 13 0 19 0 0 19 0 21 0 9 0 17 23 1 0 0 0 0 0 0 0 0 0 0 0 0 0 0 1 11 0 0 0 0 0 2 0 0 0 0 0 13 7 0 0 0 0 0 0 3 9 0 0 0 0 0 0 30 33 0 13 0 0 0 43 0 29 13 0 0 0 1 0 14 0 23 18 9 0 1 0 0 0 0 0 45 1 10 0 0 22 12 9 0 0 0 1 0 0 0 0 0 0 0 0 0 0 0 0 0 0 0 0 0 0 20 0 0 0 0 0 0 0 0 0 0 0 17 2 0 47 1 2 2 2 0 0 0 0 0 0 0 0 0 0 0 0 0 0 0 0 0 0 0 0 0 0 0 12 0 0 0 0 
 0 0 6 0 0 0 5 0 0 1 2 7 0 0 2 0 0 0 1 2 45 113 88 371 0 86 270 75 253 402 111 85 78 145 413 98 281 117 51 276 102 0 7 0 0 0 2 4 1 0 0 0 6 2 4 0 0 3 6 4 0 0 1 0 0 7 0 0 2 0 27 0 0 1 0 0 0 3 2 0 0 0 0 0 0 0 0 0 0 0 0 0 0 0 0 0 0 0 0 0 0 8 0 1 10 24 0 2 18 17 24 0 0 0 18 25 19 1 0 0 23 0 0 0 0 0 0 25 0 0 0 0 29 1 1 1 10 0 63 0 0 0 0 0 0 0 0 0 0 0 0 0 0 0 0 0 0 0 0 0 0 0 0 0 11 0 0 0 0 0 0 0 0 0 0 0 0 0 0 0 30 2 2 15 33 30 0 18 0 23 0 16 0 0 0 30 9 27 0 0 40 1 9 0 0 0 1 0 0 14 0 0 0 0 11 0 0 0 0 21 0 0 0 0 0 0 0 0 0 0 0 0 0 0 0 0 0 0 0 0 0 0 0 0 0 0 0 0 0 0 0 1 0 0 12 0 1 0 8 0 2 1 0 0 0 0 18 0 0 0 0 0 0 0 0 0 0 0 0 15 0 10 0 0 0 0 32 0 0 0 
 0 0 0 0 0 0 0 0 0 0 0 2 0 0 0 0 0 0 0 0 26 21 14 79 86 0 29 96 126 57 152 129 29 50 70 90 148 129 65 50 61 70 3 0 0 2 24 62 113 1 1 0 149 64 3 0 0 2 62 27 0 0 2 1 0 0 0 0 3 0 0 7 0 0 0 1 0 3 0 1 0 0 0 0 0 0 0 0 0 0 0 0 0 0 0 0 0 0 0 0 0 0 0 0 2 3 0 0 9 1 0 23 2 0 0 0 0 0 0 0 41 1 55 11 0 23 22 13 13 0 11 19 0 45 27 60 0 10 21 11 0 0 0 21 0 0 0 0 1 0 6 3 0 0 0 0 0 0 0 0 0 0 0 0 0 0 0 0 2 0 0 25 0 0 0 0 0 2 0 0 0 0 0 5 0 12 0 0 12 0 10 0 0 0 0 0 0 2 0 0 25 0 1 0 0 0 28 21 2 12 19 11 22 43 3 11 37 15 17 10 0 0 0 0 0 0 0 0 0 0 0 0 0 0 0 0 0 0 0 29 0 0 0 0 0 0 0 0 0 0 0 0 0 0 13 1 0 81 8 2 10 0 0 0 0 0 0 0 0 0 18 0 0 0 0 0 1 0 0 0 0 0 0 1 0 0 0 0 0 0 
 3 3 75 39 38 77 0 2 0 0 74 2 3 0 0 0 0 38 0 0 311 390 155 183 270 29 0 192 74 35 135 49 183 134 540 222 180 56 214 173 0 0 2 0 0 0 0 0 0 0 0 1 0 2 3 0 0 3 1 0 0 0 1 0 0 0 0 4 1 0 0 0 0 0 0 0 0 3 0 6 0 0 0 0 0 23 0 0 0 17 0 0 0 0 0 0 0 0 0 0 20 29 28 3 29 0 12 0 9 20 2 28 44 1 20 0 13 7 9 8 1 9 0 0 0 0 0 0 0 24 9 0 0 0 0 0 0 0 15 0 0 0 0 0 0 0 0 0 0 0 0 0 0 0 0 0 0 0 0 0 0 0 0 1 10 0 0 0 0 0 3 0 0 0 0 0 0 20 2 0 2 19 0 21 0 14 5 38 0 11 11 1 19 22 19 0 17 18 12 17 0 0 0 0 0 0 0 0 0 0 0 0 0 0 0 0 0 0 1 0 0 0 0 0 0 0 0 0 0 0 0 0 0 0 0 0 0 0 0 0 0 0 0 0 0 0 0 0 0 37 0 0 0 0 15 2 2 2 77 2 5 0 0 0 0 0 0 0 0 0 0 0 0 0 0 0 0 0 0 0 0 14 0 0 0 17 0 0 0 0 
 2 2 4 78 79 161 2 2 2 2 18 2 2 2 2 2 22 74 4 2 273 82 293 153 75 96 192 0 103 136 98 29 373 346 465 131 408 29 146 504 0 0 3 0 0 0 20 0 0 0 0 0 61 2 3 0 0 3 0 0 0 0 1 0 0 0 0 1 2 0 0 0 0 0 0 0 0 3 0 3 0 0 0 0 0 0 0 0 0 0 0 13 0 0 2 0 0 0 2 0 1 16 10 9 1 0 0 0 20 1 11 29 33 0 0 0 17 6 14 15 12 0 0 0 0 0 0 0 0 29 0 0 0 0 0 0 0 0 0 0 0 0 0 0 0 0 0 0 0 0 0 0 1 0 0 0 0 0 0 2 0 0 0 9 0 0 0 0 0 0 6 0 0 0 0 0 0 0 0 0 7 0 11 0 0 8 19 67 17 32 12 1 19 21 72 20 21 41 26 12 0 0 0 0 0 0 0 7 7 0 0 0 0 0 0 0 0 0 0 0 0 0 0 0 0 0 0 0 0 0 0 0 0 0 0 0 0 0 0 0 0 0 0 0 0 0 0 0 0 73 0 0 0 0 17 0 2 0 1 0 17 0 0 0 0 0 0 0 0 0 0 0 0 0 0 12 0 0 0 0 0 12 0 0 0 18 0 25 0 0 
 3 3 3 3 4 3 3 6 3 3 3 3 3 7 3 3 3 6 3 5 142 132 156 219 253 126 74 103 0 106 197 38 393 190 225 485 122 60 84 161 1 1 3 0 2 0 66 0 0 0 1 0 63 2 3 0 0 2 92 0 0 0 0 0 1 1 0 22 3 0 0 3 0 1 0 0 0 3 0 0 0 0 0 0 0 0 0 0 0 0 0 0 0 0 0 0 0 0 0 1 0 6 43 7 14 36 0 19 29 29 28 33 0 0 7 25 16 27 0 0 18 0 0 0 0 0 0 3 0 0 0 0 11 0 0 0 0 0 14 13 3 0 0 0 0 0 0 0 0 0 0 12 0 0 0 0 7 0 0 0 0 0 0 0 0 0 0 0 5 5 0 0 0 0 0 1 0 3 0 0 10 17 17 1 12 31 0 11 0 18 21 1 19 20 31 0 1 0 10 0 1 0 0 0 0 0 0 0 0 0 0 0 78 0 51 0 0 0 0 0 0 0 0 0 0 0 0 0 0 0 0 0 0 0 0 0 0 0 0 0 0 0 32 0 0 0 0 0 0 0 0 0 0 1 6 0 0 5 1 0 24 0 0 0 0 0 17 0 0 0 0 0 0 0 0 0 0 0 0 0 0 0 0 0 0 17 13 0 0 0 
 2 2 2 11 6 2 5 2 2 3 4 11 4 3 2 2 2 2 2 2 124 132 231 383 402 57 35 136 106 0 175 35 61 79 172 183 354 403 95 80 29 1 3 0 0 0 3 0 0 2 0 0 69 2 68 0 0 2 0 65 0 15 0 0 0 0 0 0 3 0 0 0 0 0 0 0 2 5 0 0 0 0 1 0 0 0 0 0 0 0 0 0 0 0 0 0 0 0 0 0 0 0 0 0 107 19 0 0 13 30 3 9 0 0 0 20 1 0 0 0 23 0 0 0 0 0 3 41 0 0 0 0 8 0 0 0 23 0 13 12 0 0 0 0 0 0 0 0 0 0 0 0 0 0 2 0 0 0 0 0 16 0 0 0 0 0 0 0 1 0 0 0 0 0 0 0 0 0 0 0 0 0 9 43 47 19 0 8 20 17 14 11 0 0 0 14 0 14 0 0 44 33 55 0 0 0 10 0 10 13 3 1 35 0 26 6 0 0 10 33 0 0 0 0 0 0 0 0 2 0 0 0 0 0 0 0 0 0 0 0 0 0 0 0 0 1 0 0 0 0 0 1 0 0 16 0 3 1 151 0 6 6 0 0 0 0 0 0 0 11 0 0 0 0 0 0 0 0 0 10 0 9 0 0 0 0 0 0 0 0 
 0 0 0 1 0 0 0 0 0 2 0 0 1 0 0 0 0 86 0 0 182 123 186 356 111 152 135 98 197 175 0 209 250 13 177 95 133 69 105 343 64 12 3 0 0 0 186 55 0 0 0 0 101 31 21 0 0 2 62 62 0 5 0 0 0 0 0 0 3 0 0 0 0 0 0 0 0 3 0 0 0 0 0 0 0 0 0 0 0 0 0 0 2 0 0 0 0 2 0 0 13 0 23 1 27 10 13 29 0 1 23 0 0 0 6 5 11 8 0 0 3 2 15 8 0 0 18 24 1 15 0 0 8 0 12 9 10 0 38 60 0 0 0 0 14 0 0 0 0 0 0 0 0 0 0 0 0 0 0 0 0 0 0 0 0 0 0 0 2 36 0 0 0 0 0 0 0 3 0 0 0 0 0 14 23 30 0 1 0 0 14 25 0 2 15 18 1 1 0 0 10 0 18 10 2 0 13 0 0 0 0 0 35 15 1 0 12 26 28 8 0 0 0 0 0 0 0 0 0 0 0 0 0 0 0 0 0 0 0 2 0 0 25 0 0 0 0 0 0 0 0 0 0 0 21 0 1 82 5 0 0 0 0 0 0 0 0 0 0 0 0 0 0 0 0 0 0 0 0 0 0 0 0 0 0 0 0 0 0 0 
 0 0 0 2 0 0 0 0 0 0 0 0 5 0 2 0 0 2 0 0 62 57 39 266 85 129 49 29 38 35 209 0 243 47 286 265 102 186 117 240 138 74 3 0 0 0 66 62 0 0 0 0 123 119 65 0 0 4 137 25 0 0 0 0 0 0 0 0 3 0 0 0 0 0 0 2 0 3 0 0 0 0 0 0 0 0 0 0 0 0 0 0 0 0 0 0 9 0 0 0 0 0 0 10 0 20 0 0 2 10 0 1 0 0 0 10 0 14 0 0 1 0 11 0 0 0 0 14 13 12 1 14 7 2 13 1 10 1 7 31 4 0 0 0 0 0 0 0 0 0 0 0 1 0 0 5 7 0 0 0 0 0 2 0 0 0 0 0 0 3 0 0 0 0 0 0 0 7 0 9 1 18 0 0 38 0 0 13 0 0 1 11 0 0 0 21 5 0 1 0 7 0 63 7 0 0 46 24 1 0 0 5 36 11 0 3 1 23 28 14 0 0 0 0 0 0 0 0 0 0 0 0 0 0 0 0 0 0 0 0 0 0 0 0 0 0 0 0 0 0 0 0 0 0 14 0 0 75 2 2 2 1 0 0 0 0 0 0 0 0 0 0 0 0 0 0 0 0 0 0 0 0 0 0 0 0 0 0 0 0 
 77 0 1 3 56 186 0 0 75 0 149 15 2 2 0 50 114 0 0 0 54 50 64 112 78 29 183 373 393 61 250 243 0 213 134 94 184 49 171 338 0 0 68 0 2 0 62 3 0 0 3 0 55 2 3 2 0 2 0 0 0 0 0 0 0 0 0 0 5 0 10 2 0 0 0 0 0 3 0 3 0 0 0 0 0 26 0 0 2 0 19 7 0 1 0 0 14 9 0 0 19 20 17 7 11 0 0 0 8 21 10 0 26 31 14 0 0 6 19 37 0 0 0 0 0 0 0 0 0 0 9 0 0 0 0 0 0 0 0 0 0 0 0 0 0 0 0 20 0 0 0 0 4 0 0 0 0 0 0 0 0 5 0 14 0 21 4 0 0 0 0 0 0 0 1 0 0 0 16 1 0 0 0 0 15 0 14 11 14 12 0 0 3 15 17 0 15 38 13 5 0 0 19 0 0 0 0 0 0 0 0 0 0 0 0 0 0 0 0 0 0 0 0 0 0 0 0 0 0 0 0 0 0 0 0 0 0 0 0 0 0 0 0 0 0 1 0 0 0 0 0 0 0 0 23 0 0 0 0 0 2 2 0 0 0 45 0 0 0 0 0 0 0 0 0 10 0 0 0 0 0 0 0 0 0 8 0 0 0 0 
 0 0 0 0 2 0 0 0 0 0 0 1 2 0 0 0 81 0 0 0 232 362 139 92 145 50 134 346 190 79 13 47 213 0 303 46 89 192 113 172 0 7 3 0 0 0 67 0 0 0 0 0 0 2 3 0 0 3 0 2 0 0 1 0 0 0 0 0 3 0 0 0 17 0 0 0 0 3 0 0 0 0 0 0 0 18 0 0 0 0 18 19 0 0 0 0 0 0 0 0 2 19 0 32 36 0 1 20 10 53 11 0 0 46 0 2 13 9 12 0 1 0 0 0 0 0 0 0 0 1 0 0 0 0 0 2 0 0 19 9 0 0 0 0 0 0 0 0 33 0 0 0 6 0 0 0 0 0 0 0 0 0 0 0 0 23 0 0 1 0 0 0 0 0 0 0 0 0 0 0 0 17 19 21 0 24 3 0 53 42 15 41 0 26 0 35 19 22 18 0 1 0 0 0 0 0 0 0 0 0 2 0 0 0 0 0 0 0 0 0 0 0 0 0 0 0 0 0 0 0 0 0 0 0 0 0 0 0 0 0 0 0 1 0 0 0 0 0 0 0 0 0 0 0 8 2 0 88 78 0 1 2 0 0 0 0 0 0 0 0 0 0 0 0 0 0 0 0 0 0 0 0 0 0 0 12 0 0 0 0 
 2 2 2 3 10 4 1 1 1 3 1 2 4 1 1 2 76 2 1 1 219 160 177 268 413 70 540 465 225 172 177 286 134 303 0 98 129 358 308 156 0 7 5 0 1 1 63 1 2 1 0 1 2 5 3 1 1 3 1 2 5 0 0 0 0 0 0 0 3 2 0 0 0 0 0 1 0 3 0 0 0 0 0 0 0 16 0 0 0 0 12 10 0 0 0 0 0 0 0 0 0 18 22 3 34 0 0 0 0 12 39 0 0 19 0 6 0 7 11 0 1 0 2 7 0 0 0 1 0 0 0 0 20 0 0 0 0 0 28 22 0 0 0 0 0 0 0 0 0 2 0 0 7 0 0 0 0 0 0 0 0 1 0 0 0 0 0 0 1 0 0 0 0 0 0 0 0 0 0 0 6 0 0 16 0 52 22 0 51 15 0 28 0 20 0 16 2 18 17 0 0 0 0 18 1 0 0 0 0 0 0 0 27 0 2 0 0 0 0 0 0 0 0 2 0 0 0 0 0 0 0 0 0 0 0 0 0 0 0 0 0 0 62 0 0 0 0 0 0 2 0 1 0 0 6 0 0 1 76 2 2 3 0 0 0 0 0 1 0 0 0 0 0 0 0 0 0 0 0 0 0 0 0 0 0 15 0 0 0 0 
 2 3 2 3 22 76 3 3 3 2 3 78 6 6 2 2 4 3 3 3 113 183 195 50 98 90 222 131 485 183 95 265 94 46 98 0 200 84 270 227 0 208 2 0 2 0 69 0 0 0 0 0 1 2 4 0 0 6 0 0 0 0 0 48 10 4 0 0 2 0 0 0 0 0 0 0 0 3 0 0 7 0 0 0 0 35 0 0 0 0 0 0 0 0 0 0 0 0 0 0 23 15 10 11 7 19 25 9 26 9 33 11 13 18 21 61 10 0 32 31 16 0 0 0 0 0 5 0 2 6 28 0 15 0 0 0 0 0 13 0 0 0 0 0 0 0 0 0 0 0 0 0 0 0 0 0 0 0 0 0 2 0 0 0 0 0 0 0 0 0 2 0 0 0 0 0 0 0 1 0 18 15 3 12 19 13 53 32 0 32 22 13 0 62 0 27 20 58 13 0 26 10 0 0 0 0 2 0 0 0 0 0 0 0 0 0 0 0 0 3 0 0 0 0 0 0 0 0 0 0 0 0 0 0 0 0 0 0 0 0 0 0 0 0 0 0 0 0 0 0 0 0 0 0 10 1 1 1 0 2 5 0 0 1 0 0 1 0 0 0 0 0 0 0 0 0 0 0 0 16 0 11 0 0 0 0 3 0 0 0 
 3 3 3 3 85 24 3 3 3 3 6 66 4 6 3 3 3 3 78 3 266 106 55 277 281 148 180 408 122 354 133 102 184 89 129 200 0 189 227 35 64 0 3 0 0 0 125 28 0 0 0 62 62 2 3 0 2 3 63 2 0 0 1 0 0 0 0 0 1 0 0 0 0 2 0 0 0 3 0 8 0 0 0 0 1 0 0 0 1 0 0 0 0 0 2 0 0 0 2 0 0 0 0 46 23 7 1 0 35 12 0 11 15 62 0 0 0 10 0 6 40 0 0 0 0 0 0 0 0 0 0 0 20 0 0 0 0 0 0 18 1 0 0 0 0 0 0 0 0 0 0 0 0 0 0 0 0 0 0 2 0 0 0 0 0 12 0 0 12 5 0 0 0 0 0 0 0 0 0 0 21 0 13 29 0 0 0 17 11 2 3 10 0 27 16 1 2 12 0 0 1 0 9 0 0 0 0 0 0 0 0 0 1 0 0 17 0 0 1 0 0 0 0 0 0 0 0 0 0 0 0 0 0 0 0 0 0 0 0 0 0 0 0 0 0 1 0 0 2 0 0 0 0 0 6 0 0 73 0 2 20 3 0 0 0 0 0 0 0 0 0 0 0 0 0 0 0 0 0 0 0 0 0 0 0 12 0 0 0 0 
 2 2 0 6 2 4 3 0 0 2 1 2 2 1 0 1 0 0 0 5 126 194 40 283 117 129 56 29 60 403 69 186 49 192 358 84 189 0 120 28 0 63 3 62 0 0 1 0 0 0 0 0 65 2 3 3 0 2 54 0 0 0 0 22 0 0 0 0 3 3 0 0 12 0 0 0 0 5 0 0 0 0 0 0 0 22 0 0 0 0 0 0 0 1 0 0 0 0 0 0 0 0 0 20 0 17 0 8 79 11 9 0 0 51 0 20 0 41 0 0 12 0 2 0 0 0 0 21 0 0 0 0 4 0 0 0 0 0 0 3 3 0 0 0 0 0 0 0 0 1 0 0 0 0 0 6 4 0 0 0 0 0 0 0 0 0 9 0 0 0 0 0 2 0 0 0 0 0 0 0 39 32 49 2 8 21 0 9 17 12 20 11 0 0 0 54 16 18 0 0 26 0 0 0 0 0 12 0 0 2 0 0 0 0 0 0 0 0 1 12 0 0 0 0 0 0 0 0 0 0 0 0 0 0 0 0 0 0 0 0 0 0 0 0 0 0 0 0 0 0 0 0 0 0 20 5 3 3 1 0 14 1 0 0 0 0 0 0 0 0 0 0 0 0 0 0 0 0 0 12 0 0 0 0 0 0 0 0 0 0 
 0 72 76 73 0 76 1 0 3 4 2 76 3 0 24 75 74 106 0 1 118 175 45 326 51 65 214 146 84 95 105 117 171 113 308 270 227 120 0 352 0 0 3 3 0 0 64 0 0 0 0 0 0 2 3 0 0 2 0 0 0 0 0 0 0 0 0 11 3 0 0 0 0 0 0 0 0 3 0 0 0 0 17 21 0 16 0 0 12 6 23 4 0 0 0 18 9 1 0 0 39 1 1 8 0 0 17 1 6 1 8 6 59 17 12 0 8 0 3 15 0 0 0 0 0 0 0 0 0 13 0 0 0 0 0 0 0 0 0 0 0 0 0 0 11 0 0 0 0 0 0 0 0 0 0 0 0 0 2 0 0 9 19 11 14 0 9 0 0 1 7 0 0 0 46 0 0 7 14 0 8 0 29 0 0 0 8 12 10 20 27 0 14 0 10 17 13 20 14 55 0 0 0 0 0 0 0 0 0 0 0 0 0 0 14 0 0 0 12 2 0 0 0 0 0 0 0 0 0 0 19 0 0 0 0 0 0 0 0 0 0 0 0 0 0 0 0 0 0 73 0 0 0 0 29 0 2 0 0 11 0 1 0 2 0 0 0 0 0 0 0 0 0 0 0 0 0 0 0 0 0 15 0 0 0 0 0 0 0 0 
 0 0 0 39 2 3 0 0 0 0 77 78 2 0 0 0 3 35 0 0 103 168 335 52 276 50 173 504 161 80 343 240 338 172 156 227 35 28 352 0 0 3 3 0 0 0 3 0 0 0 0 0 0 2 3 0 0 2 0 0 0 0 0 0 0 0 0 5 3 0 0 0 0 0 0 0 0 3 0 5 0 0 0 0 0 10 0 0 0 7 0 0 0 0 0 0 0 0 0 0 37 0 18 22 40 0 63 25 0 30 16 10 12 20 11 15 26 12 12 1 0 0 0 0 0 0 0 0 0 12 0 0 2 0 0 0 0 0 0 1 0 0 11 0 0 0 0 0 0 0 0 0 0 0 0 0 0 0 0 0 0 0 0 0 15 0 0 0 0 0 4 0 0 0 0 0 0 34 0 0 19 19 28 0 0 15 6 27 16 18 33 0 0 34 28 48 46 3 0 28 1 0 0 0 0 0 0 0 0 0 0 0 0 0 0 0 0 0 0 0 0 0 0 0 0 0 0 0 0 0 0 0 0 0 0 0 0 0 0 0 0 0 0 0 0 0 0 0 0 38 0 0 0 0 3 0 2 6 0 2 0 1 0 0 0 0 0 0 0 0 0 0 0 0 0 0 0 0 0 0 0 14 0 0 0 24 0 0 0 0 
 0 0 0 0 0 0 0 0 0 0 0 0 0 0 0 0 0 0 0 0 0 0 0 62 102 61 0 0 1 29 64 138 0 0 0 0 64 0 0 0 0 137 51 55 46 38 118 52 48 42 111 85 48 187 33 32 27 33 42 155 0 0 0 0 0 0 0 0 0 0 0 0 0 0 0 0 1 0 0 0 0 0 0 0 0 0 0 0 0 3 0 0 0 0 0 0 0 0 0 0 0 0 0 0 0 0 0 0 1 0 0 0 0 0 0 0 0 0 0 0 38 5 6 0 0 10 27 18 36 19 11 6 28 18 56 0 34 22 0 41 0 0 0 0 0 0 0 5 0 0 0 1 1 0 0 0 0 0 0 0 0 0 0 0 0 1 0 0 1 2 0 0 0 0 3 0 1 6 0 0 0 0 13 19 33 0 0 0 0 0 1 31 0 0 0 0 0 0 0 0 5 20 24 19 0 0 20 4 20 37 14 48 35 0 26 18 21 26 49 14 0 0 0 0 0 0 0 0 0 0 0 0 0 0 0 0 0 0 0 0 0 0 16 0 0 0 0 0 0 24 0 11 0 1 0 0 0 1 0 2 0 7 0 0 0 1 0 0 2 0 1 0 0 11 0 0 0 0 0 0 0 0 0 0 0 0 0 0 0 0 
 0 0 0 1 0 0 0 0 0 0 3 0 1 0 0 0 0 0 0 0 4 0 8 1 0 70 0 0 1 1 12 74 0 7 7 208 0 63 0 3 137 0 369 112 289 476 60 88 62 78 304 25 59 47 112 320 32 35 97 27 0 0 81 0 20 64 0 0 0 0 0 3 1 0 0 5 0 0 10 0 0 0 0 0 0 0 0 0 0 0 0 0 0 0 0 0 0 0 0 0 0 0 3 0 0 0 0 3 0 16 0 0 0 0 0 4 0 12 0 0 0 14 33 9 28 0 23 0 7 28 13 5 11 4 25 0 9 41 37 37 0 0 0 0 0 0 0 0 0 0 0 0 0 0 0 0 0 0 0 0 0 0 0 0 0 0 0 0 0 0 0 0 0 0 0 0 0 1 0 0 0 2 0 0 15 33 0 0 1 0 0 4 0 10 0 3 0 0 0 0 9 16 20 14 14 0 0 44 11 1 1 1 29 22 8 22 0 56 2 20 0 0 0 0 0 0 0 0 0 0 0 0 0 14 0 0 0 0 0 7 0 0 5 0 0 0 0 0 0 0 0 2 0 2 0 0 0 0 0 0 0 0 5 0 2 1 1 0 0 0 0 0 0 0 0 0 0 0 0 0 0 0 0 0 8 10 0 0 0 0 
 0 0 0 0 0 0 0 0 0 0 3 0 0 0 0 2 0 0 0 0 2 3 4 3 7 3 2 3 3 3 3 3 68 3 5 2 3 3 3 3 51 369 0 189 193 332 74 317 129 217 48 260 159 260 211 187 261 560 54 37 0 0 0 4 3 5 0 0 4 0 5 3 0 1 0 0 0 0 0 0 0 0 0 0 0 0 0 0 0 0 0 0 0 0 0 0 0 0 0 0 0 0 0 0 0 0 0 0 0 0 0 0 0 0 0 0 0 0 0 0 0 9 0 0 34 11 0 6 6 0 20 9 0 10 0 23 19 10 0 12 6 18 0 0 0 0 20 27 11 0 0 0 9 12 4 12 0 0 9 0 0 0 0 21 0 6 0 0 0 0 0 0 0 1 0 0 0 0 0 0 0 0 0 0 0 0 0 0 1 0 0 0 0 0 0 0 0 0 0 0 46 0 0 38 30 35 0 11 11 15 5 24 0 1 13 6 31 1 0 0 16 0 0 0 0 0 0 11 4 0 0 0 0 0 7 0 0 10 9 7 0 0 0 0 0 0 0 0 0 0 0 2 0 0 0 0 0 0 0 1 0 0 2 0 3 2 0 0 0 0 0 0 0 0 0 0 0 0 0 0 0 0 0 0 16 16 0 0 0 0 
 0 5 0 0 6 0 0 0 0 0 3 0 0 0 0 2 0 0 0 0 0 0 0 0 0 0 0 0 0 0 0 0 0 0 0 0 0 62 3 0 55 112 189 0 100 127 100 107 158 240 107 175 68 64 280 86 280 491 111 84 50 0 0 0 4 0 0 0 0 0 0 0 0 0 0 55 0 0 4 0 0 0 0 0 0 0 20 0 0 0 0 0 0 0 0 0 0 0 0 0 0 0 0 0 0 0 0 0 0 0 0 0 20 0 0 0 0 0 0 0 0 18 11 13 36 28 9 33 0 7 0 8 0 0 14 0 3 14 17 0 3 0 0 0 0 0 0 0 17 5 0 0 0 0 1 0 0 0 7 0 0 0 0 0 0 0 0 0 8 0 0 0 0 0 0 0 0 0 0 0 0 0 0 0 0 0 0 0 1 0 0 0 0 0 0 0 0 0 0 0 0 11 0 22 13 8 0 20 13 10 1 1 0 9 9 7 0 8 0 7 3 0 0 0 0 0 0 0 0 0 0 0 23 2 0 0 0 0 21 1 0 0 0 0 0 2 0 0 0 0 0 2 0 1 0 0 1 0 0 1 0 0 1 0 0 2 0 5 0 0 0 0 0 0 0 0 0 0 0 0 0 0 0 0 0 46 0 0 0 0 
 0 0 0 0 0 0 0 0 0 0 0 0 75 0 0 0 0 0 0 3 0 0 0 0 0 0 0 0 2 0 0 0 2 0 1 2 0 0 0 0 46 289 193 100 0 327 63 285 432 64 797 79 70 64 159 112 63 81 78 60 0 0 0 0 0 0 0 0 0 0 0 0 0 0 0 0 0 0 63 0 0 0 0 0 0 0 0 0 0 0 0 0 0 0 0 0 0 0 0 0 0 0 0 0 0 0 0 0 8 0 0 0 0 0 0 0 0 0 0 0 0 17 0 5 55 0 0 0 36 9 26 36 0 0 0 0 2 13 0 0 23 0 0 1 0 0 2 0 17 6 0 0 46 0 27 7 0 0 10 0 0 0 0 0 0 0 0 0 0 0 0 0 0 7 0 0 0 0 0 0 0 0 0 0 0 0 0 0 0 0 0 0 0 0 0 0 0 0 0 0 0 1 0 42 12 0 0 15 0 0 15 21 0 0 24 0 0 38 0 0 0 3 0 0 0 0 6 0 0 0 0 0 21 3 8 0 0 0 3 32 0 0 0 0 0 0 0 0 0 0 0 0 0 0 0 0 0 0 0 1 0 0 3 3 2 7 0 35 0 0 0 0 0 0 0 0 0 0 0 0 0 0 0 0 18 0 0 4 0 0 
 0 46 0 0 0 0 0 0 0 0 0 0 0 4 0 0 0 0 0 0 0 0 2 0 0 2 0 0 0 0 0 0 0 0 1 0 0 0 0 0 38 476 332 127 327 0 31 88 35 297 297 58 30 71 96 158 163 348 41 51 54 3 0 0 3 0 0 40 8 0 0 0 14 1 3 52 0 5 0 52 0 0 0 0 0 0 0 0 0 0 0 0 0 0 0 0 0 0 0 0 0 0 0 0 0 0 0 0 20 0 0 0 0 0 0 0 0 0 0 0 0 2 0 0 0 14 0 0 0 0 0 2 0 0 0 0 14 0 0 0 25 24 0 59 0 5 43 0 35 25 16 11 10 0 5 12 0 5 22 2 0 0 8 0 0 0 0 0 0 0 0 0 0 0 0 0 0 0 0 0 0 0 0 0 0 0 0 0 0 0 0 0 0 0 0 0 0 0 0 0 0 0 0 0 14 13 0 0 0 0 0 0 0 0 0 0 0 0 0 0 38 14 9 0 0 18 25 0 9 0 9 13 59 22 1 4 0 21 10 28 0 0 0 0 0 0 0 0 0 0 0 2 0 0 0 0 0 0 0 0 0 0 5 0 0 6 0 1 0 0 6 0 0 0 0 0 0 0 0 0 0 0 0 0 0 0 0 0 0 0 
 3 0 0 0 0 0 0 0 0 0 4 0 3 0 1 2 0 0 0 0 2 1 65 67 2 24 0 20 66 3 186 66 62 67 63 69 125 1 64 3 118 60 74 100 63 31 0 143 50 251 37 40 140 162 43 37 34 34 131 64 2 0 0 0 0 0 2 0 3 6 0 207 0 0 0 4 0 0 1 0 0 0 21 0 0 0 0 0 0 0 0 10 0 0 0 0 0 0 0 0 4 10 0 0 0 3 1 0 0 0 25 19 11 0 0 0 18 0 10 0 0 0 6 0 0 30 19 15 8 9 12 18 0 3 0 3 0 13 8 23 0 0 0 0 0 0 0 0 0 44 0 0 1 0 0 0 0 0 0 0 0 0 0 0 0 0 0 0 1 20 0 0 0 0 0 0 0 4 0 0 0 0 1 14 0 0 10 0 0 11 28 10 0 0 0 0 0 14 8 0 0 0 0 11 0 0 31 0 0 0 2 13 10 31 2 0 0 0 19 1 1 0 0 0 0 0 0 0 0 0 0 0 0 0 0 0 0 0 0 0 0 0 3 0 0 0 0 0 0 0 0 12 0 0 0 0 0 66 0 0 0 0 2 0 1 0 1 0 0 0 0 0 0 0 0 0 0 0 0 0 0 10 0 0 0 0 0 0 0 0 
 0 0 0 0 0 0 0 0 0 0 0 0 0 0 0 0 0 0 0 0 0 0 2 0 4 62 0 0 0 0 55 62 3 0 1 0 28 0 0 0 52 88 317 107 285 88 143 0 140 56 111 157 187 179 124 28 40 79 269 45 5 0 0 0 0 0 1 7 0 0 0 0 6 0 0 0 3 1 3 0 0 0 0 0 0 0 0 0 0 0 0 0 0 0 0 0 0 0 0 0 0 0 0 0 0 9 0 0 0 0 0 0 0 0 0 0 6 0 0 0 0 4 10 0 30 35 11 34 21 0 0 0 0 3 0 34 3 15 10 0 0 5 6 0 0 6 4 3 0 1 0 0 24 9 6 0 0 1 1 0 0 0 0 0 0 0 0 0 0 0 0 0 0 0 0 0 0 0 0 0 0 0 0 10 0 0 0 0 0 0 0 0 0 0 0 0 0 0 0 0 1 0 0 37 16 42 0 22 25 23 12 13 11 19 6 2 6 11 5 0 0 0 0 5 4 0 0 6 0 5 6 0 18 0 0 2 0 1 0 0 0 0 0 0 0 0 0 0 0 0 0 17 0 0 0 0 0 56 0 0 0 0 0 0 0 0 0 0 0 0 0 0 0 0 0 0 0 0 0 0 0 0 0 0 9 1 0 0 0 0 
 0 0 0 0 0 0 0 3 0 0 0 4 0 0 2 11 3 0 0 0 0 0 1 209 1 113 0 0 0 0 0 0 0 0 2 0 0 0 0 0 48 62 129 158 432 35 50 140 0 308 72 42 103 369 117 261 98 119 100 121 0 0 0 0 0 0 0 0 0 0 0 0 0 1 0 0 0 0 25 0 0 0 0 4 0 0 0 0 0 0 0 0 0 0 0 0 0 0 0 0 0 0 0 0 5 0 3 0 0 0 0 0 0 0 0 0 0 0 0 0 0 2 21 22 0 17 21 0 12 0 58 9 0 1 40 33 23 0 19 0 6 12 0 21 0 0 19 0 0 0 8 4 1 12 14 0 0 0 16 0 0 0 0 0 0 0 0 0 0 6 0 1 0 35 0 0 0 0 0 0 0 0 0 0 2 0 2 0 0 0 0 0 0 0 0 0 0 0 6 3 78 7 0 44 34 20 1 0 0 7 8 1 3 40 0 0 37 0 0 1 34 0 0 0 1 0 11 21 0 0 0 0 18 8 6 0 0 0 11 0 0 0 0 0 0 0 0 0 0 0 0 4 0 1 0 0 0 0 0 10 0 0 0 64 1 16 1 0 0 0 21 0 0 0 0 0 0 0 0 0 0 0 0 0 8 0 0 8 0 0 
 0 5 0 2 0 0 0 0 0 0 0 0 2 0 0 0 2 0 0 2 0 0 0 0 0 1 0 0 0 2 0 0 0 0 1 0 0 0 0 0 42 78 217 240 64 297 251 56 308 0 299 37 58 139 96 226 211 115 199 69 6 0 51 15 10 15 0 2 2 0 7 10 0 1 53 8 3 0 6 0 0 0 0 0 0 0 0 0 0 0 0 0 0 0 0 0 0 0 0 0 0 0 0 0 0 0 0 0 0 0 0 0 0 0 0 0 0 0 0 0 0 6 8 48 59 16 0 0 1 20 0 0 0 1 22 0 7 16 0 0 16 7 0 0 0 2 20 0 11 20 0 0 0 15 0 0 0 0 17 25 0 0 0 0 0 0 0 0 3 0 0 0 0 0 0 0 0 0 0 0 0 0 0 0 0 0 0 0 0 0 0 0 0 0 0 0 0 0 0 0 1 0 0 17 93 1 0 22 43 0 10 4 0 18 8 23 0 2 0 0 1 0 0 0 0 0 1 0 0 0 0 0 13 6 0 0 0 13 0 26 0 0 1 0 0 0 0 0 0 0 0 3 0 0 0 0 0 0 0 21 63 0 0 64 4 21 3 2 0 0 10 0 0 0 0 0 0 0 0 0 0 0 0 7 9 22 0 0 0 0 
 0 0 0 64 0 0 0 0 0 0 2 0 0 0 0 0 0 0 0 2 0 0 0 0 0 1 0 0 1 0 0 0 3 0 0 0 0 0 0 0 111 304 48 107 797 297 37 111 72 299 0 156 45 90 344 175 108 373 66 63 7 1 0 0 0 0 0 6 2 0 0 2 0 0 1 9 1 4 33 0 0 0 0 1 0 0 0 0 0 0 0 0 0 0 0 0 0 0 0 0 0 0 0 0 0 0 0 0 0 0 0 0 0 0 0 0 0 0 0 0 13 20 15 28 19 8 0 0 0 30 18 34 0 35 32 7 0 10 0 0 0 15 9 5 0 0 10 2 0 0 0 53 13 19 14 0 0 2 8 13 0 0 17 0 0 0 0 0 0 0 0 0 0 4 0 0 0 0 0 0 0 0 0 0 0 0 0 0 0 0 0 0 0 0 0 0 0 0 0 0 0 0 0 4 0 0 0 35 45 11 25 26 0 0 12 31 8 7 0 0 0 0 0 0 16 0 0 1 0 0 7 7 31 0 7 7 0 1 0 0 0 0 1 0 0 0 0 0 0 0 0 1 0 0 0 0 0 0 0 18 0 0 4 64 0 21 0 0 0 0 0 0 0 0 0 0 0 0 0 0 0 0 0 0 3 24 0 0 0 0 
 0 2 0 2 0 0 0 2 0 0 2 0 0 9 0 0 0 0 0 0 0 0 0 3 0 0 1 0 0 0 0 0 0 0 1 0 62 0 0 0 85 25 260 175 79 58 40 157 42 37 156 0 35 33 378 302 131 169 94 140 63 4 0 1 0 0 0 6 2 0 0 0 1 0 4 5 0 4 11 26 0 0 0 0 0 0 0 0 0 0 0 0 0 0 0 0 0 0 0 0 0 0 0 0 0 8 0 0 0 0 0 0 0 0 0 0 0 0 0 0 6 3 0 11 7 14 1 1 0 21 0 2 0 23 14 23 10 0 0 0 0 0 0 6 0 6 0 0 0 0 0 5 21 0 0 0 0 11 0 0 0 0 0 0 0 0 0 0 0 0 0 0 0 0 0 0 2 0 0 0 0 0 0 0 0 0 0 0 0 0 0 0 0 0 0 0 0 0 0 0 0 1 0 10 0 19 0 24 19 28 50 44 0 1 25 18 22 14 0 1 0 0 0 0 0 7 5 0 0 0 0 5 10 0 1 1 0 4 16 10 0 0 0 0 0 0 0 0 0 0 0 8 0 1 0 0 0 0 0 0 0 1 41 0 0 1 2 0 0 0 6 0 0 0 0 0 0 0 0 0 0 0 0 0 0 1 0 0 0 0 
 3 6 3 2 5 1 2 3 2 3 1 1 4 2 3 3 2 1 1 3 0 0 2 28 6 149 0 61 63 69 101 123 55 0 2 1 62 65 0 0 48 59 159 68 70 30 140 187 103 58 45 35 0 78 69 44 42 45 167 489 7 5 1 0 1 0 0 1 2 0 0 1 0 2 0 0 0 0 0 0 0 0 0 0 0 0 0 0 0 0 0 5 0 0 0 0 0 0 0 0 0 0 0 0 13 14 0 0 13 0 0 27 0 0 0 0 7 0 0 0 6 0 12 6 0 0 32 19 9 0 0 0 0 0 21 14 2 0 39 9 0 0 0 4 0 0 0 14 0 0 7 3 0 0 0 0 0 0 0 0 0 0 0 10 0 0 0 0 2 0 0 0 0 0 0 0 0 0 0 0 0 0 0 21 9 14 0 0 15 0 15 0 0 0 0 7 0 0 0 0 11 0 8 0 0 16 10 0 0 0 0 0 34 33 0 0 22 12 25 6 0 0 0 0 15 0 0 0 0 0 0 0 0 0 0 0 0 0 0 0 0 0 0 0 0 1 0 0 0 0 0 3 0 1 0 1 0 54 0 0 7 0 0 0 0 0 7 1 1 0 20 0 0 0 10 0 0 0 0 0 0 0 0 2 0 0 0 0 0 0 
 0 0 0 0 0 0 0 0 0 0 0 0 0 0 0 3 0 0 0 0 2 2 3 33 2 64 2 2 2 2 31 119 2 2 5 2 2 2 2 2 187 47 260 64 64 71 162 179 369 139 90 33 78 0 207 47 25 255 210 210 0 0 3 0 0 0 0 0 0 0 0 0 0 1 0 0 0 0 56 6 0 0 0 0 0 0 0 0 0 0 0 6 0 0 0 0 0 0 0 0 0 0 0 0 0 0 0 0 0 0 0 0 0 0 0 0 0 0 0 0 0 32 14 4 9 0 0 0 4 29 29 45 7 19 20 0 10 19 0 30 5 0 9 2 0 0 6 0 4 0 0 0 26 1 0 1 0 0 0 8 0 0 0 0 0 0 0 0 0 7 0 0 0 0 0 0 0 8 0 0 0 0 0 0 35 0 0 0 0 0 64 23 0 0 0 0 0 0 0 0 7 1 8 43 0 7 37 0 10 0 27 89 36 3 23 0 3 21 19 0 5 0 0 0 0 0 0 1 2 6 0 0 14 4 0 0 0 0 0 7 0 0 13 0 0 0 0 0 1 0 0 67 0 0 0 0 0 0 0 0 0 10 1 0 0 0 3 0 0 0 0 0 0 1 0 0 0 0 0 0 0 0 0 0 3 0 0 5 0 0 
 0 0 0 0 0 0 0 0 0 0 3 0 22 0 0 0 0 0 0 0 3 3 3 22 4 3 3 3 3 68 21 65 3 3 3 4 3 3 3 3 33 112 211 280 159 96 43 124 117 96 344 378 69 207 0 526 252 326 118 238 0 1 0 0 0 0 0 0 0 0 0 0 0 0 0 0 0 0 0 0 0 0 0 0 0 0 0 0 0 0 0 0 0 0 0 0 0 0 0 0 0 0 0 0 10 0 0 0 0 0 0 0 0 0 0 0 0 0 0 0 10 0 0 10 29 8 0 38 31 12 24 8 0 10 13 13 0 14 0 17 0 0 0 0 0 0 0 0 0 0 0 0 42 0 0 0 0 0 0 0 0 0 0 0 0 0 0 0 0 0 0 0 0 0 0 0 0 0 0 0 0 0 0 0 13 0 0 0 0 0 0 0 0 0 0 0 0 0 0 0 0 7 7 12 15 25 0 23 4 18 9 20 10 9 19 3 19 10 10 9 0 0 0 0 0 0 11 0 0 0 0 0 0 7 0 0 15 0 0 7 0 0 0 0 0 0 0 0 0 0 0 5 0 0 0 0 0 0 0 0 0 0 3 0 0 2 0 0 0 0 0 0 50 0 0 0 0 0 0 0 0 0 0 0 20 0 0 7 0 0 
 2 2 0 0 0 0 0 3 0 0 0 2 0 0 0 0 0 0 0 0 0 0 0 0 0 0 0 0 0 0 0 0 2 0 1 0 0 3 0 0 32 320 187 86 112 158 37 28 261 226 175 302 44 47 526 0 137 75 195 60 52 0 3 0 0 0 0 2 0 0 20 0 2 0 0 0 0 2 75 27 0 0 0 0 0 0 0 0 0 0 0 0 0 0 0 0 0 0 1 0 0 0 0 0 0 0 0 0 0 0 0 0 0 0 0 0 0 0 0 0 0 34 0 15 0 8 0 0 0 0 1 54 0 0 0 0 17 0 0 0 23 11 0 1 0 0 8 0 10 0 0 0 0 30 20 0 0 0 30 22 0 6 0 0 0 0 0 0 0 0 0 0 0 5 0 0 0 0 0 0 0 0 0 0 0 0 0 0 0 0 73 0 0 0 0 0 0 0 0 0 18 0 0 21 35 11 0 1 0 12 9 1 0 0 0 0 9 11 0 0 12 0 0 0 0 0 22 4 1 0 0 0 28 2 0 0 0 0 12 29 0 0 0 0 0 0 0 0 0 0 0 10 0 1 67 0 0 0 0 3 0 0 9 35 0 23 0 1 0 0 0 0 0 0 0 0 0 0 0 0 0 0 0 0 0 0 0 3 0 0 
 0 0 0 0 0 0 0 0 0 0 0 0 0 3 0 0 0 0 0 1 0 0 0 0 0 0 0 0 0 0 0 0 0 0 1 0 2 0 0 0 27 32 261 280 63 163 34 40 98 211 108 131 42 25 252 137 0 352 20 78 58 0 4 15 8 17 0 0 0 0 6 3 0 55 1 0 0 0 51 25 0 0 0 0 0 0 0 0 0 0 0 0 0 0 0 0 0 0 0 0 0 0 0 0 0 0 0 0 0 0 0 0 0 0 0 0 0 0 0 0 0 1 10 0 0 11 12 7 0 0 0 1 0 0 0 6 5 12 0 0 7 25 0 0 0 0 12 0 13 0 0 0 0 10 10 12 0 0 13 0 0 0 0 26 0 7 0 0 0 0 0 0 0 0 0 0 0 0 0 0 0 0 0 0 0 0 0 0 0 0 0 0 0 0 0 0 0 0 0 0 0 10 0 1 12 25 0 9 0 23 0 0 0 15 10 0 10 14 0 9 22 0 0 0 0 0 4 7 0 0 0 0 1 0 0 0 0 7 40 17 0 0 0 0 0 0 0 0 0 0 0 12 0 0 0 0 0 0 0 0 0 0 56 0 63 2 2 1 0 0 4 0 0 0 0 0 0 0 0 0 0 0 0 0 1 16 0 0 0 0 
 0 0 0 2 1 2 3 0 1 0 4 2 1 1 0 4 1 2 3 3 3 2 4 2 3 2 3 3 2 2 2 4 2 3 3 6 3 2 2 2 33 35 560 491 81 348 34 79 119 115 373 169 45 255 326 75 352 0 38 248 3 3 0 0 0 0 0 8 4 0 0 0 0 51 3 0 0 3 57 1 0 0 0 0 0 0 0 0 0 0 0 0 0 0 0 0 0 0 0 0 0 0 0 0 0 0 0 0 0 0 0 0 0 0 0 0 0 0 0 0 0 0 0 0 31 12 0 6 53 0 13 6 0 11 0 13 11 15 0 0 0 20 1 11 0 2 16 0 9 2 27 5 10 9 13 0 0 5 13 0 0 0 0 0 0 0 0 0 0 0 0 0 9 0 0 0 0 0 0 0 0 0 0 20 0 0 0 0 0 0 0 0 0 0 0 0 0 0 0 0 1 0 0 32 20 25 0 7 0 29 0 11 0 15 36 10 19 32 0 0 21 0 0 0 0 11 0 4 0 3 5 6 0 0 0 2 4 19 18 26 0 0 0 0 0 2 0 0 0 0 0 9 0 0 0 0 0 0 0 11 0 0 1 2 67 0 4 0 3 0 2 0 0 0 0 0 0 0 0 0 0 0 0 0 15 8 0 0 0 0 
 1 0 0 0 67 69 0 76 0 62 68 0 2 0 0 2 0 0 0 0 62 0 4 64 6 62 1 0 92 0 62 137 0 0 1 0 63 54 0 0 42 97 54 111 78 41 131 269 100 199 66 94 167 210 118 195 20 38 0 94 0 0 4 56 0 0 0 0 0 2 0 6 1 0 0 2 0 0 4 3 0 0 0 0 19 15 0 0 0 0 7 0 0 0 0 0 1 0 0 0 15 16 0 2 0 28 7 20 7 0 0 13 5 0 4 2 0 12 0 13 0 10 2 1 26 1 0 0 0 0 15 0 2 22 25 0 0 21 0 1 1 0 0 0 0 0 0 0 0 0 0 0 0 2 0 6 2 0 0 0 0 0 0 0 0 18 0 0 1 3 0 0 0 0 0 0 0 6 0 0 10 33 9 1 6 1 25 0 23 0 12 12 1 0 0 5 6 0 0 0 0 0 0 9 0 0 10 2 1 0 8 14 1 26 9 3 0 8 0 0 0 0 1 0 0 0 0 0 0 0 0 0 0 0 0 0 0 0 0 0 0 0 18 0 0 0 0 0 0 0 23 6 0 2 0 0 0 0 0 0 1 0 0 0 0 2 2 0 0 0 0 0 0 0 0 0 0 0 0 0 0 0 0 0 0 24 0 0 0 0 
 0 0 0 5 5 0 0 0 0 0 0 0 0 0 0 0 4 0 0 0 0 0 62 64 4 27 0 0 0 65 62 25 0 2 2 0 2 0 0 0 155 27 37 84 60 51 64 45 121 69 63 140 489 210 238 60 78 248 94 0 202 43 0 0 0 0 0 0 0 0 0 0 0 0 0 0 0 0 0 0 0 0 0 0 0 0 0 0 0 0 0 0 0 0 0 0 0 0 0 0 0 0 0 0 1 0 0 0 0 0 0 0 0 0 0 0 0 0 0 0 20 0 35 9 8 6 29 22 23 10 2 11 1 33 26 10 1 21 0 7 0 0 0 9 0 0 0 0 0 0 10 4 9 0 0 0 0 10 0 0 0 0 0 0 0 0 0 0 0 0 0 0 0 0 0 0 0 0 0 0 0 0 0 0 5 0 0 0 0 0 0 0 0 0 0 0 0 0 0 0 9 21 24 0 0 1 24 36 9 24 28 18 32 25 23 0 27 0 10 18 0 0 0 0 0 0 0 0 0 0 0 0 0 0 0 0 20 0 13 0 0 0 0 0 0 0 0 0 0 0 0 13 0 0 0 0 0 0 0 0 0 0 0 0 0 2 4 0 2 0 21 0 0 0 0 0 0 0 0 0 0 0 0 0 0 0 0 0 0 0 
 0 0 0 0 0 0 0 0 0 0 0 0 0 0 0 0 0 0 6 6 0 0 0 0 0 0 0 0 0 0 0 0 0 0 5 0 0 0 0 0 0 0 0 50 0 54 2 5 0 6 7 63 7 0 0 52 58 3 0 202 0 127 130 34 142 91 161 113 34 49 62 74 64 61 445 234 76 87 47 102 0 0 0 0 0 0 0 0 0 0 0 0 0 0 0 0 0 0 0 0 0 0 0 0 0 0 0 1 0 27 16 0 0 0 0 0 0 0 0 0 0 0 0 0 0 0 0 0 0 0 0 1 0 0 0 0 0 0 0 0 0 16 7 1 3 42 0 18 0 0 0 16 0 0 28 19 21 26 0 3 0 0 0 0 0 0 0 6 0 0 4 0 0 0 0 0 4 0 0 0 14 0 0 0 3 0 0 0 0 3 0 3 0 3 2 3 3 2 0 3 0 0 0 0 0 0 0 1 0 0 0 0 0 0 0 0 0 1 0 0 8 19 28 17 12 0 13 0 2 1 11 59 8 8 1 22 16 31 0 3 4 0 0 0 0 0 0 0 0 0 0 0 0 1 2 0 0 0 0 0 0 0 81 0 0 0 0 0 0 0 2 1 1 2 0 1 0 0 0 0 0 0 0 0 0 0 0 0 0 0 
