 0 174 111 66 52 32 136 149 135 67 137 33 182 149 245 119 127 117 94 524 3 3 1 0 77 1 3 0 4 0 1 0 0 3 0 0 0 3 0 0 0 0 0 0 0 3 3 0 2 0 65 0 3 3 0 0 0 0 0 0 0 0 0 0 3 0 0 0 0 3 0 0 2 0 0 0 0 0 0 3 20 34 0 0 14 1 10 21 33 0 0 0 0 23 20 12 28 8 18 27 0 0 0 0 0 0 0 0 0 0 0 0 0 6 0 0 0 7 0 1 0 0 0 0 0 0 0 0 0 0 0 0 0 0 0 4 0 0 0 0 0 0 0 0 0 0 0 0 0 0 0 0 0 2 0 0 0 0 0 0 27 20 6 10 0 0 19 1 1 9 0 24 36 0 33 0 15 31 1 20 0 0 0 0 0 0 0 2 0 0 0 0 0 0 0 0 0 0 0 0 0 0 0 2 0 0 0 1 0 0 0 0 0 0 0 0 0 0 0 0 0 0 0 0 0 0 0 0 0 0 0 0 0 0 0 0 0 0 0 0 0 0 0 0 0 91 0 0 0 112 0 3 0 0 0 0 0 0 0 0 0 0 0 0 0 0 0 0 0 0 0 0 0 0 0 0 0 0 0 0 0 0 0 0 0 0 0 0 0 0 
 174 0 330 289 267 33 247 380 336 127 259 47 232 75 460 138 148 103 274 107 3 3 0 0 1 2 3 2 2 2 3 2 0 3 1 0 0 2 0 1 0 0 7 0 0 3 3 0 3 0 0 0 3 3 6 1 0 0 0 0 0 0 8 0 3 0 0 0 2 3 0 0 4 0 0 0 7 0 0 2 17 39 6 1 2 0 1 23 25 9 35 10 1 0 10 27 0 11 0 0 0 0 0 0 0 0 0 0 1 0 0 0 5 14 0 0 0 0 0 28 0 0 0 0 0 0 0 0 0 0 0 0 0 0 0 3 1 0 0 0 0 0 0 0 0 0 0 0 4 12 0 0 0 0 0 0 0 16 0 17 2 0 5 18 23 14 31 12 12 52 13 14 13 0 28 34 4 16 11 22 19 0 0 0 0 0 0 0 0 0 0 0 0 0 0 0 2 0 0 0 0 0 0 0 2 0 0 0 0 0 0 0 0 9 0 2 0 0 0 0 0 0 0 0 0 0 0 0 0 2 0 18 0 0 0 0 0 0 0 0 0 0 0 0 0 0 0 0 1 44 0 6 0 0 0 0 0 0 0 0 0 0 0 0 0 0 0 0 0 0 0 0 0 0 0 0 0 0 0 0 0 0 0 0 0 0 0 0 0 8 
 111 330 0 83 250 47 79 480 352 59 89 57 60 120 245 134 169 131 40 283 3 3 0 0 0 1 3 2 1 0 1 0 0 3 0 0 0 3 1 0 0 0 0 0 0 3 3 0 2 0 0 0 3 3 0 0 0 0 0 0 0 0 0 0 52 0 0 0 0 3 0 0 2 38 0 0 0 0 0 3 14 35 42 10 20 5 33 20 22 16 24 0 53 1 15 26 35 0 15 48 0 0 0 0 0 0 17 0 1 2 0 0 2 0 0 0 0 0 0 0 2 0 0 0 0 0 0 0 0 0 0 0 0 0 0 0 0 10 1 0 0 0 0 0 0 0 0 0 5 0 0 9 0 0 0 0 1 0 0 0 0 0 15 36 10 11 15 36 10 20 13 0 9 0 37 25 2 0 0 27 0 0 0 0 0 0 0 0 0 0 0 0 19 10 0 0 0 0 0 2 9 0 2 0 0 0 0 0 0 0 0 0 0 0 0 0 0 0 0 0 0 0 0 0 0 0 0 9 0 0 0 0 0 0 0 0 0 0 0 0 0 0 0 0 0 0 2 0 3 0 27 7 0 0 0 2 0 0 0 0 0 0 0 0 0 0 0 0 0 0 0 0 0 0 0 14 18 0 0 0 0 0 0 0 0 0 0 0 0 0 
 66 289 83 0 536 149 122 115 179 475 655 243 61 392 201 40 151 58 80 100 26 4 0 0 0 1 87 2 1 0 1 0 1 212 83 2 0 3 150 2 3 0 0 0 2 3 2 0 1 0 1 0 3 5 0 0 0 0 0 0 0 0 0 0 1 0 0 0 0 3 0 0 3 0 0 0 0 0 0 3 35 18 40 25 55 11 0 0 0 38 27 11 0 8 0 0 0 9 0 2 53 0 15 0 0 0 32 0 25 13 0 8 0 0 12 0 0 16 0 7 0 0 0 0 0 0 1 0 0 0 0 0 0 0 0 0 0 27 0 0 0 0 3 0 0 6 0 0 6 0 5 0 0 2 0 0 0 0 0 0 0 0 15 0 19 3 0 3 12 3 16 8 0 0 11 17 0 13 0 0 0 19 0 0 0 0 19 19 2 19 0 0 0 0 0 0 0 0 14 0 0 0 0 2 0 0 0 1 0 2 0 0 0 0 0 0 0 0 0 0 0 0 0 0 0 0 0 0 0 0 0 0 0 0 0 0 0 0 0 0 0 1 0 0 0 2 5 2 50 89 14 12 0 2 0 0 0 0 2 0 0 0 10 54 0 0 0 0 0 1 0 0 0 0 0 0 0 18 0 0 0 0 0 0 0 0 0 0 0 0 
 52 267 250 536 0 225 72 76 90 120 205 227 287 83 74 52 27 52 65 84 4 79 0 0 3 0 153 95 75 2 2 0 80 179 106 0 154 66 170 73 3 2 3 63 4 3 3 0 3 0 0 0 6 3 0 1 0 13 0 0 0 0 1 0 3 0 0 0 1 3 2 1 2 2 0 0 0 2 2 2 0 0 0 0 0 8 1 0 0 0 24 0 0 0 0 0 0 0 0 0 11 18 15 0 0 0 0 2 10 24 0 9 0 0 28 1 0 24 34 16 0 0 0 0 0 1 0 0 0 0 0 0 2 0 0 0 0 0 0 0 8 0 0 0 0 0 0 0 0 1 0 0 0 0 0 0 0 16 0 0 0 0 0 0 1 27 0 0 0 0 0 14 0 0 0 0 0 0 0 0 14 0 0 22 0 0 47 6 13 14 0 0 11 10 43 1 14 9 11 11 0 0 0 0 0 0 7 0 0 0 0 0 0 0 0 1 0 1 0 0 0 0 0 0 0 0 0 0 0 0 0 0 0 0 0 0 0 0 0 0 0 0 0 0 1 3 92 0 1 0 0 4 0 0 0 0 0 0 0 0 0 0 0 0 0 0 14 0 0 0 0 0 0 0 0 9 0 0 0 0 0 0 0 0 0 0 0 0 0 0 
 32 33 47 149 225 0 457 258 259 146 286 123 21 56 345 130 41 345 478 353 4 3 0 2 0 0 3 76 2 1 2 0 0 77 2 0 74 77 101 27 0 0 0 72 0 3 2 0 4 3 2 0 3 3 0 28 0 0 0 0 0 0 0 0 1 0 0 0 0 3 0 0 42 50 0 0 0 0 0 3 0 0 14 2 8 20 0 0 0 16 20 30 0 0 0 50 0 14 17 0 33 16 0 0 2 0 19 17 0 13 0 10 10 2 0 0 2 1 19 10 0 0 0 0 0 0 1 0 0 0 0 0 0 0 1 0 0 0 30 0 0 0 0 0 0 0 0 3 10 0 0 0 0 0 0 0 0 4 0 0 0 0 12 0 8 27 0 0 0 0 19 0 0 0 0 0 0 0 0 10 0 0 8 10 0 0 8 14 25 41 0 0 0 28 14 0 12 8 9 0 0 0 0 0 0 0 10 0 0 0 0 0 0 0 0 0 0 0 0 0 0 0 0 0 0 0 0 0 0 0 0 0 0 0 0 0 0 0 0 0 0 0 0 0 0 1 6 0 4 10 1 8 0 0 0 0 0 2 0 0 1 0 11 0 0 0 0 0 0 0 0 0 0 0 0 0 0 0 0 0 0 0 0 0 0 0 0 0 0 0 
 136 247 79 122 72 457 0 259 136 256 180 26 214 365 226 234 123 122 48 43 3 3 0 0 0 4 3 2 1 0 7 0 0 3 0 0 0 3 0 0 0 2 0 1 2 3 2 2 1 30 0 2 6 3 0 3 0 0 0 0 1 0 0 0 2 0 2 0 1 3 0 0 5 0 0 0 6 0 0 6 0 38 0 0 14 0 11 24 71 0 0 20 32 23 31 12 79 33 29 0 0 0 0 0 0 0 0 0 0 0 0 0 0 8 0 0 14 0 0 1 0 0 0 0 0 0 0 0 0 36 0 0 0 0 0 0 0 0 0 0 0 0 0 0 0 0 0 0 0 0 0 0 0 0 0 0 0 0 0 0 40 38 19 10 0 0 0 0 0 24 14 24 50 27 20 0 16 21 21 1 0 0 0 0 0 0 0 0 0 0 0 0 0 0 0 0 0 0 0 19 0 0 0 0 0 0 0 17 0 0 0 0 0 6 0 0 0 0 0 0 0 0 0 0 0 0 0 0 0 0 0 0 0 0 0 0 0 0 0 0 0 0 0 0 0 0 4 0 0 112 0 0 20 0 2 0 0 0 0 0 0 0 0 0 0 0 0 0 0 0 0 0 0 0 0 0 0 0 0 0 0 0 0 0 0 0 0 0 0 0 
 149 380 480 115 76 258 259 0 267 222 134 32 101 264 259 151 85 37 52 45 3 3 0 0 0 1 3 1 1 0 2 1 2 5 0 0 0 3 0 0 0 0 0 0 0 3 3 0 2 0 0 0 3 3 61 0 0 0 0 0 0 0 0 0 3 0 0 0 0 3 0 0 2 0 0 3 0 0 0 3 0 0 14 12 17 10 10 19 0 2 0 0 12 24 10 5 0 45 0 24 0 0 0 0 0 0 0 0 0 0 0 0 1 0 0 0 0 0 0 1 0 0 0 0 0 0 0 0 0 0 0 0 0 0 0 10 0 12 0 0 0 0 0 0 0 0 0 0 0 10 0 0 0 0 0 0 0 0 0 0 8 1 10 14 0 9 13 19 20 30 11 17 32 0 18 2 0 14 27 8 0 0 0 0 0 0 0 0 0 0 0 0 0 0 0 0 0 0 0 0 0 0 0 0 0 0 0 0 0 0 0 0 16 13 0 0 0 0 0 0 0 0 0 0 0 0 0 0 0 0 0 0 0 0 0 0 0 0 0 2 0 0 0 0 0 0 0 0 4 97 0 4 0 0 0 0 0 1 0 0 2 0 0 0 0 2 0 0 0 0 0 0 0 0 0 10 1 0 0 0 0 0 0 0 0 0 0 0 0 0 
 135 336 352 179 90 259 136 267 0 575 154 29 72 200 286 34 280 214 90 180 7 3 2 0 0 2 3 2 4 0 2 0 0 3 0 0 0 3 0 0 64 0 0 0 0 3 2 0 1 0 0 0 19 3 0 0 0 0 0 0 0 3 0 0 1 0 0 2 0 3 7 0 2 0 0 0 8 0 0 3 2 20 12 11 1 1 14 34 15 0 2 0 2 32 0 10 53 59 7 0 0 0 1 0 0 2 0 0 0 0 0 0 0 0 0 0 0 0 0 18 0 0 2 0 0 0 2 0 0 0 0 0 0 0 0 13 1 13 0 0 0 0 0 0 0 0 14 0 0 10 0 0 0 1 0 0 0 0 0 0 0 0 32 36 0 11 24 15 52 41 13 14 13 0 19 14 22 0 0 13 0 0 0 0 0 0 0 0 0 0 0 0 0 0 0 0 0 0 0 0 0 0 0 21 0 0 0 0 0 0 0 0 0 0 0 2 0 0 2 0 0 0 0 0 0 0 0 0 0 0 0 0 0 0 0 0 0 0 0 0 0 0 0 0 0 3 2 0 0 98 0 6 2 0 0 0 0 0 0 0 0 0 0 0 0 0 0 0 0 2 0 0 0 0 0 0 0 0 0 0 0 0 0 0 0 0 0 0 0 0 
 67 127 59 475 120 146 256 222 575 0 395 43 317 82 297 160 148 293 157 175 77 8 0 0 4 1 3 1 1 2 1 0 0 6 2 1 3 6 0 74 33 0 57 3 5 3 6 9 4 2 4 0 6 3 4 0 5 4 3 0 2 3 0 2 3 3 0 0 3 3 0 0 54 0 1 0 0 0 46 3 8 2 49 34 18 0 0 35 10 10 1 3 0 48 8 20 20 58 18 0 0 0 0 0 0 0 11 0 0 2 0 0 1 0 0 0 28 0 0 0 0 0 0 0 0 0 0 0 0 0 1 0 0 0 0 4 0 12 0 0 0 0 26 0 0 0 2 0 0 0 0 0 0 0 0 0 0 0 0 0 0 27 74 23 15 0 9 4 28 23 15 17 19 10 17 0 15 0 27 10 0 12 0 0 0 0 0 15 0 0 0 0 0 0 0 0 0 0 15 11 0 0 0 0 0 0 0 0 0 0 0 0 0 15 0 0 0 2 0 0 2 0 1 0 1 0 1 0 0 0 0 0 2 0 0 0 0 0 2 0 0 0 0 0 0 2 88 0 1 97 0 5 9 2 0 0 0 0 1 0 0 0 12 0 0 0 0 0 0 0 0 0 0 0 0 0 1 0 0 0 0 0 0 0 0 0 0 0 0 0 
 137 259 89 655 205 286 180 134 154 395 0 146 29 157 161 64 644 243 52 90 22 27 0 0 0 4 76 65 2 0 1 2 61 5 75 0 5 3 86 77 3 0 0 0 2 3 3 0 2 0 1 0 3 3 5 0 0 68 0 0 0 0 0 0 3 0 0 0 0 3 0 0 2 0 0 0 4 0 0 3 0 18 7 0 24 15 0 10 39 13 11 25 0 25 6 7 14 22 0 2 0 0 0 0 0 0 46 1 10 14 1 0 11 0 15 0 1 2 0 8 0 0 0 21 0 0 0 0 0 0 0 0 0 0 0 0 0 0 0 0 0 0 0 0 0 0 0 0 0 0 0 0 0 0 0 0 0 0 0 0 2 14 32 0 7 0 0 15 0 14 0 14 2 13 0 0 0 0 0 0 0 9 0 0 0 12 16 10 2 0 0 0 12 0 10 12 14 0 18 15 0 0 0 0 0 0 0 0 0 1 0 0 0 0 0 20 0 0 0 0 0 0 0 0 0 0 0 0 0 0 0 0 0 0 0 2 0 0 0 0 0 0 18 0 0 8 7 0 2 4 16 7 14 0 0 0 0 0 0 0 0 0 18 0 0 0 0 0 0 0 0 0 0 0 0 11 11 0 0 0 0 0 0 0 0 0 0 0 0 0 
 33 47 57 243 227 123 26 32 29 43 146 0 19 38 30 65 173 188 14 106 155 46 0 0 1 0 76 174 0 0 1 0 134 78 76 0 0 15 175 90 4 0 0 1 7 3 3 0 3 0 0 0 2 3 0 2 0 0 0 0 0 0 3 0 3 0 0 0 3 3 0 0 3 0 0 0 0 0 0 2 0 0 18 0 13 21 0 0 1 0 17 28 0 0 0 0 28 0 0 0 13 0 30 1 8 0 52 10 11 18 0 0 6 0 41 0 1 20 8 7 0 0 0 0 0 0 0 0 0 0 0 0 0 0 0 0 0 0 0 1 0 0 0 0 0 0 0 0 0 0 0 2 0 0 0 0 0 2 0 2 0 0 13 0 0 0 0 0 0 18 0 29 0 0 0 11 0 2 0 0 11 20 0 9 0 0 15 35 0 0 9 0 19 6 12 12 45 0 64 0 0 0 0 0 0 0 0 0 0 0 2 0 0 0 0 26 0 14 0 25 0 2 0 0 0 0 0 1 0 0 0 0 0 0 1 0 0 0 0 0 0 0 0 0 0 2 94 0 3 0 18 6 0 1 0 0 0 0 0 0 0 0 0 0 0 0 0 0 0 0 0 0 0 0 0 17 0 0 0 0 0 0 0 0 0 0 0 0 0 0 
 182 232 60 61 287 21 214 101 72 317 29 19 0 278 173 51 198 33 83 121 3 5 0 0 1 2 3 0 2 0 1 0 0 3 0 0 0 3 0 0 0 0 0 0 0 3 3 2 3 0 0 0 2 67 0 2 0 0 0 0 0 0 57 0 3 0 0 0 2 3 0 0 2 0 0 0 0 0 0 2 0 1 0 0 0 0 11 0 0 16 0 0 83 13 24 1 14 15 36 0 0 0 0 0 0 0 0 0 0 0 0 0 0 0 13 0 1 0 0 0 0 0 0 0 0 0 0 0 0 0 0 0 0 0 0 0 0 0 0 0 0 0 2 0 0 0 1 0 0 12 0 0 0 0 0 0 0 0 0 0 34 15 0 12 0 0 10 0 0 11 0 0 28 7 0 0 27 34 15 0 0 0 0 0 0 0 0 0 0 0 0 0 0 0 0 0 0 0 0 0 0 0 0 0 0 0 0 0 0 0 0 0 0 9 0 0 0 0 0 2 1 0 2 50 0 0 1 0 0 0 0 0 1 0 0 0 0 0 1 0 0 0 0 0 0 1 0 0 0 0 0 8 0 0 0 0 0 0 0 0 0 0 0 0 0 0 0 0 0 0 0 0 0 0 0 0 0 0 0 0 0 0 0 0 0 0 0 0 0 0 
 149 75 120 392 83 56 365 264 200 82 157 38 278 0 511 148 134 43 244 376 3 3 0 0 0 2 3 2 2 0 1 0 0 3 0 2 0 3 0 0 0 0 0 0 0 3 3 0 2 0 74 0 58 15 0 0 70 3 0 0 0 0 0 4 2 3 0 0 0 3 1 2 2 0 0 0 0 0 9 4 8 22 0 15 0 0 0 82 21 24 0 7 26 52 32 31 27 26 53 0 0 0 0 0 9 0 0 0 0 0 0 0 0 17 0 2 0 0 0 14 0 0 0 0 0 1 0 0 1 0 0 1 1 0 0 5 0 2 0 0 0 2 0 0 0 0 0 0 0 0 0 0 0 0 0 0 0 0 0 0 6 36 33 44 0 0 12 1 1 1 0 0 37 21 0 0 24 21 0 9 0 2 0 0 0 0 0 0 19 0 0 12 0 0 0 2 0 0 0 9 0 0 0 0 0 0 0 0 0 0 0 0 0 3 0 0 0 0 0 0 0 0 0 0 0 0 0 0 0 0 0 0 0 0 0 0 0 0 0 0 0 1 0 0 1 3 0 2 2 2 0 2 16 0 0 0 0 0 0 0 7 0 0 0 0 0 0 0 5 0 0 0 0 0 0 0 0 0 0 0 0 0 0 0 0 0 0 0 0 0 
 245 460 245 201 74 345 226 259 286 297 161 30 173 511 0 87 218 41 191 181 6 3 0 0 1 1 6 74 1 0 2 0 0 3 0 0 0 2 0 0 0 0 0 0 0 3 3 0 3 0 0 0 3 3 0 1 0 0 0 0 0 0 1 0 3 0 0 0 1 3 0 0 2 0 0 0 0 0 0 2 7 2 13 36 14 0 1 52 0 50 0 0 53 35 7 9 0 46 22 17 0 0 0 0 0 0 0 0 0 0 0 0 0 0 0 0 0 0 0 0 0 0 0 0 0 0 0 0 0 0 2 0 0 0 0 12 0 15 0 0 0 0 1 0 0 0 0 0 0 0 0 0 0 0 0 0 0 0 0 0 9 1 20 70 0 9 16 17 2 22 0 0 14 17 10 1 14 48 22 11 0 0 0 0 1 0 0 0 0 0 0 0 0 0 0 0 13 0 0 0 0 0 0 0 0 0 28 0 0 0 0 0 0 10 0 0 0 2 0 0 1 0 1 0 2 0 0 0 0 0 0 0 0 0 0 0 0 0 2 0 0 5 0 0 0 0 0 0 1 89 1 8 0 0 0 0 0 0 0 0 0 0 0 0 0 0 0 0 0 0 0 0 0 0 0 10 0 0 0 0 0 0 0 0 0 0 0 0 0 0 
 119 138 134 40 52 130 234 151 34 160 64 65 51 148 87 0 143 200 150 87 3 3 0 0 0 1 79 2 1 0 1 0 0 3 0 0 1 3 0 1 0 0 0 4 0 3 3 0 2 0 59 0 3 3 0 59 0 0 0 0 0 0 0 0 3 0 0 0 0 3 0 0 2 38 0 0 44 0 0 3 36 49 2 43 40 1 0 0 60 48 13 8 9 14 0 1 38 0 0 16 0 0 0 0 0 0 0 1 0 0 0 0 0 33 0 0 0 0 0 9 0 0 0 0 0 0 0 0 0 0 0 0 0 0 1 0 0 0 0 0 0 0 3 0 0 6 0 0 14 0 4 0 0 0 0 0 0 0 0 0 0 1 0 27 10 0 0 19 39 22 34 25 8 1 64 15 0 36 0 0 0 0 19 0 0 0 20 0 0 0 0 0 0 3 1 0 0 0 0 0 0 0 0 0 0 0 0 0 0 0 0 0 0 0 0 0 0 0 0 0 0 0 0 0 0 0 0 0 0 0 0 0 0 0 0 0 0 0 0 0 0 7 0 0 0 2 0 0 0 0 0 0 1 0 0 0 0 0 0 0 1 0 20 0 0 0 0 0 0 0 0 0 0 0 0 13 0 29 0 0 0 0 0 0 0 0 0 0 0 0 
 127 148 169 151 27 41 123 85 280 148 644 173 198 134 218 143 0 84 42 130 3 3 0 0 1 1 3 0 3 0 2 0 61 3 0 0 0 2 0 105 0 0 0 0 0 3 102 0 3 0 0 0 3 3 0 1 0 0 0 0 0 0 8 0 3 0 0 0 2 3 0 0 2 0 0 0 0 0 0 2 5 15 27 6 15 10 15 0 12 11 13 0 0 35 0 1 53 20 9 7 11 0 0 0 0 0 0 0 0 0 0 0 18 0 0 0 0 0 0 0 0 0 0 0 0 0 0 0 0 0 0 0 0 0 0 11 0 9 0 0 0 0 0 0 0 0 6 0 0 0 0 0 0 1 0 0 0 0 0 0 1 14 29 27 10 0 4 25 22 2 0 0 12 0 1 33 28 0 0 16 14 1 0 0 0 0 0 1 1 0 0 0 19 0 0 0 15 0 0 0 0 0 0 1 0 0 2 2 0 1 0 0 0 0 0 0 0 0 0 0 0 0 0 0 0 0 0 0 0 0 0 0 0 7 0 0 0 0 0 0 0 0 1 0 0 1 0 0 1 87 0 3 0 0 0 0 0 0 2 0 1 0 0 0 0 0 0 0 0 2 0 0 0 0 0 0 10 0 0 0 0 0 0 0 0 0 0 0 0 0 
 117 103 131 58 52 345 122 37 214 293 243 188 33 43 41 200 84 0 30 22 81 87 0 0 1 2 32 80 2 0 1 2 75 3 0 0 0 2 0 161 0 0 0 70 0 3 3 0 3 0 1 0 3 3 0 1 0 0 0 0 0 0 6 0 3 0 0 0 2 3 0 0 41 0 0 0 3 0 0 2 0 33 15 39 7 29 0 1 38 9 20 34 0 18 0 40 21 17 0 0 0 0 0 0 0 0 11 0 0 0 0 0 27 14 0 0 1 0 0 27 0 0 0 0 0 0 0 0 0 0 1 0 0 0 0 0 0 0 0 0 0 0 5 0 0 0 0 0 0 0 2 0 0 0 0 0 0 0 0 0 0 0 34 2 9 16 0 12 50 16 30 18 0 0 0 16 8 0 0 2 14 2 0 0 2 0 12 0 1 0 0 0 19 0 0 3 0 0 32 0 0 0 0 0 0 0 1 0 0 0 0 0 0 2 0 18 0 0 0 0 0 0 18 0 1 0 0 0 0 0 0 0 1 0 0 0 0 0 0 0 0 10 0 0 0 0 87 0 3 4 3 6 0 0 0 0 0 0 2 0 0 0 0 0 0 0 0 0 0 0 0 0 0 0 0 0 15 0 0 0 0 0 0 0 0 0 0 0 0 0 
 94 274 40 80 65 478 48 52 90 157 52 14 83 244 191 150 42 30 0 101 3 3 0 0 0 5 6 0 3 0 3 85 0 3 2 0 0 3 0 0 0 0 0 0 0 3 3 0 2 63 0 0 3 5 0 1 0 3 0 0 0 0 0 0 2 0 0 0 0 3 0 0 2 0 0 0 0 0 0 3 21 0 0 12 0 0 36 30 33 13 0 0 0 19 24 9 0 2 9 27 0 0 0 0 0 0 0 0 0 0 0 0 0 0 0 0 0 0 0 0 0 0 0 0 0 0 0 0 2 0 0 10 0 3 0 0 0 0 0 0 2 0 0 0 0 0 0 0 0 0 0 0 0 2 0 0 0 0 0 16 14 14 0 11 0 0 7 19 0 0 0 0 15 73 27 0 0 0 34 10 0 0 0 0 0 0 0 0 0 0 0 0 0 0 0 0 0 0 0 14 0 0 0 0 0 0 0 0 0 0 0 0 0 0 0 2 0 0 0 0 0 0 0 0 2 0 0 0 0 0 0 0 0 0 0 0 0 0 0 0 0 0 0 0 0 0 2 0 0 0 0 15 18 0 0 0 0 0 0 0 0 0 0 0 0 0 0 0 0 0 0 0 0 0 0 4 1 0 0 0 0 0 0 0 0 0 0 0 0 0 
 524 107 283 100 84 353 43 45 180 175 90 106 121 376 181 87 130 22 101 0 4 6 3 0 0 1 2 2 3 2 2 0 0 3 2 2 0 5 0 0 0 0 0 2 0 3 2 1 0 2 37 0 3 3 0 3 3 0 0 0 6 0 0 0 3 3 0 0 0 2 2 3 2 0 0 0 0 2 0 3 12 1 70 8 1 0 27 17 14 20 2 0 16 36 31 31 11 11 17 24 0 0 0 0 0 0 0 0 0 0 0 0 0 2 0 0 0 0 0 0 0 0 0 0 0 0 0 0 0 0 0 0 0 0 0 11 0 11 0 0 16 0 0 2 0 0 0 0 0 0 0 0 0 0 0 0 0 0 0 0 28 4 11 27 0 10 23 0 0 19 0 20 0 4 0 16 48 1 11 15 0 0 0 10 0 0 0 0 0 0 0 0 0 2 1 0 0 0 0 0 0 0 0 0 0 0 0 0 0 0 0 0 0 0 0 0 0 0 0 0 0 0 0 0 0 0 0 16 0 0 0 0 0 0 0 0 0 0 0 0 0 0 0 0 0 0 0 0 0 0 0 3 0 0 0 0 0 0 0 2 0 0 0 1 0 0 0 0 0 0 0 0 0 0 0 0 16 0 0 0 0 0 0 0 0 0 0 0 0 0 
 3 3 3 26 4 4 3 3 7 77 22 155 3 3 6 3 3 81 3 4 0 106 138 420 340 37 391 84 102 39 120 95 342 210 42 112 483 46 119 219 3 0 10 8 5 0 2 0 5 0 1 0 0 3 2 0 3 0 0 0 3 0 0 0 0 0 0 0 0 0 2 0 1 3 0 2 0 0 4 0 0 0 0 1 2 0 0 0 0 34 0 0 0 0 0 0 0 0 0 1 12 14 7 34 0 12 44 1 32 26 30 35 0 8 1 19 18 0 31 7 7 0 0 0 0 0 0 12 0 0 0 0 2 0 0 0 0 0 12 0 1 0 0 0 0 0 0 0 0 1 0 0 0 0 0 0 0 0 0 0 0 0 1 0 7 0 13 0 3 0 0 0 1 0 0 0 0 0 0 0 31 25 13 41 18 10 0 6 18 14 43 11 9 0 30 0 20 26 1 1 0 0 6 0 0 1 0 0 0 0 0 0 0 0 0 0 0 0 0 23 0 0 0 0 0 0 0 1 0 0 0 0 0 0 0 0 0 0 0 0 0 1 0 0 0 1 20 0 0 0 0 0 0 0 24 0 0 122 0 0 4 12 10 0 0 0 0 0 0 0 0 0 0 0 0 0 0 0 0 0 0 0 0 0 0 0 17 0 0 0 
 3 3 3 4 79 3 3 3 3 8 27 46 5 3 3 3 3 87 3 6 106 0 375 158 54 283 188 169 259 88 222 401 127 67 271 305 139 44 38 171 0 0 3 0 4 0 2 0 3 0 0 0 1 3 2 0 0 1 0 52 3 0 0 0 0 0 11 0 2 0 47 0 0 0 5 2 0 0 0 0 1 0 0 0 0 9 0 0 0 0 1 14 2 0 0 57 0 0 0 0 14 20 6 58 0 0 36 7 5 17 21 0 9 2 23 70 11 10 0 0 6 0 0 0 0 0 0 1 19 0 0 0 38 0 14 0 0 0 6 0 0 0 0 0 22 0 0 0 0 0 0 0 0 0 0 0 0 1 0 0 0 0 0 9 0 7 2 0 0 0 0 22 0 0 0 0 0 0 0 0 0 0 30 16 28 16 23 0 3 2 62 17 0 8 23 58 103 0 30 0 0 21 0 0 0 0 7 0 0 2 0 0 15 0 0 20 0 0 1 0 0 0 0 0 0 0 0 0 0 0 0 0 0 0 0 1 0 0 0 0 0 0 0 0 0 0 24 0 0 0 0 0 0 0 0 0 0 0 4 0 3 1 0 0 0 0 0 0 0 0 0 0 0 0 0 14 0 0 0 9 0 0 0 0 0 17 27 0 0 0 
 1 0 0 0 0 0 0 0 2 0 0 0 0 0 0 0 0 0 0 3 138 375 0 199 638 116 177 328 172 194 135 380 149 135 184 347 131 331 24 125 0 0 3 1 3 0 2 0 3 0 0 0 1 3 2 0 0 4 0 70 3 0 0 0 0 0 0 0 0 0 4 0 0 3 0 2 0 0 0 0 0 0 0 0 0 0 0 0 0 0 0 13 0 0 0 0 0 0 0 0 10 56 24 32 0 2 0 31 24 3 9 0 9 35 5 9 37 0 29 0 0 0 0 0 0 0 0 24 0 0 0 0 20 0 28 0 0 13 36 0 0 0 1 0 0 0 0 0 0 0 0 0 0 0 0 0 0 0 0 0 0 0 0 5 0 5 0 0 0 0 0 0 0 0 0 0 0 0 0 0 59 14 27 34 0 9 6 1 10 16 43 41 0 10 23 28 20 9 9 19 0 0 0 0 0 0 18 13 0 0 0 0 10 0 0 0 0 23 0 0 0 0 0 0 0 0 0 0 0 0 0 0 0 0 0 0 0 0 0 0 0 0 0 0 0 0 1 0 0 0 0 0 0 0 13 0 4 116 42 0 1 16 0 0 0 0 14 0 0 1 0 0 0 0 0 0 0 0 0 20 0 0 0 0 0 43 0 0 0 0 
 0 0 0 0 0 2 0 0 0 0 0 0 0 0 0 0 0 0 0 0 420 158 199 0 671 243 91 299 245 329 115 118 61 86 114 217 374 202 286 166 0 0 4 2 6 4 4 14 6 3 0 63 63 71 59 0 0 0 0 63 6 0 0 0 0 0 0 0 0 0 3 0 0 0 0 2 0 0 2 0 0 0 0 0 0 0 0 0 1 0 0 0 0 0 0 0 0 0 0 0 13 20 47 23 1 15 20 1 7 0 23 9 17 0 0 0 7 24 1 0 17 0 25 0 0 0 6 1 10 0 0 2 0 38 5 0 0 0 41 0 0 0 0 1 0 0 0 11 0 0 0 0 0 2 0 0 2 0 0 0 0 0 0 2 0 1 3 2 0 0 0 0 0 0 0 0 0 12 0 0 4 5 11 0 11 0 0 0 0 23 32 34 11 8 13 0 0 0 0 0 0 1 5 2 0 0 22 0 3 22 4 0 18 0 0 0 0 0 37 8 0 0 0 0 2 0 0 0 0 0 0 1 0 0 0 0 0 0 0 0 0 0 41 0 0 0 0 0 0 0 0 0 0 0 14 0 0 3 0 1 13 16 0 0 0 0 0 0 0 0 0 0 0 0 0 0 0 0 0 0 0 6 0 1 2 12 0 0 0 0 
 77 1 0 0 3 0 0 0 0 4 0 1 1 0 1 0 1 1 0 0 340 54 638 671 0 161 48 284 143 234 87 273 57 68 263 205 299 268 71 305 61 0 4 2 2 24 2 65 3 0 0 0 18 5 65 0 0 1 0 74 3 0 0 0 0 0 0 0 0 0 0 0 0 0 1 2 0 0 0 0 0 0 0 0 0 0 0 0 0 0 0 0 0 0 0 3 0 0 0 0 17 16 11 0 25 38 0 0 1 2 6 21 3 0 0 0 0 0 1 0 39 0 0 0 0 0 8 20 7 0 0 0 0 14 39 13 0 0 12 11 0 0 0 0 0 0 0 0 0 0 0 0 0 11 0 0 0 0 0 0 0 0 0 0 0 0 0 0 0 0 0 0 0 0 0 0 0 0 0 2 10 11 0 1 1 8 0 1 11 7 12 14 0 1 0 6 0 1 0 0 1 0 15 0 0 0 45 7 10 18 0 0 25 26 1 6 0 0 30 10 0 0 0 0 8 0 16 0 0 0 0 0 8 0 0 0 0 0 0 0 0 0 0 0 0 0 0 0 0 0 0 0 0 0 2 0 4 5 3 13 10 27 0 0 0 1 0 0 0 0 0 0 0 0 0 0 0 0 0 9 0 5 0 0 0 0 0 0 0 0 
 1 2 1 1 0 0 4 1 2 1 4 0 2 2 1 1 1 2 5 1 37 283 116 243 161 0 26 27 61 57 76 118 56 52 257 304 64 32 58 65 184 3 65 4 3 5 40 66 73 0 1 0 0 3 2 62 0 0 124 32 3 0 0 36 0 0 0 0 0 0 2 0 0 0 0 2 0 0 8 0 0 0 0 0 0 0 0 0 0 0 0 9 0 0 0 0 2 0 0 0 0 1 0 0 9 0 0 0 0 0 0 0 0 0 0 0 0 0 0 0 2 14 18 0 2 0 1 22 22 25 71 0 30 18 7 0 37 10 0 42 0 0 0 0 0 0 0 0 0 0 0 0 0 0 12 0 0 0 0 3 0 0 0 0 0 0 0 0 0 0 0 0 0 0 2 0 0 1 0 0 0 2 0 0 12 16 0 0 0 0 0 0 0 0 0 0 0 2 0 0 50 32 10 1 0 0 26 14 32 0 3 0 0 0 14 0 0 3 0 11 0 0 0 0 0 0 16 0 0 0 0 0 0 0 0 0 0 2 0 0 0 0 0 0 0 0 0 0 0 2 0 0 0 0 4 0 0 0 1 1 5 0 0 0 0 0 0 0 0 0 0 0 0 0 0 0 0 0 0 0 0 0 0 0 0 0 0 0 0 0 
 3 3 3 87 153 3 3 3 3 3 76 76 3 3 6 79 3 32 6 2 391 188 177 91 48 26 0 297 35 26 147 19 174 183 296 104 313 55 205 204 0 1 4 0 4 0 2 0 5 1 0 0 0 3 5 3 0 3 0 0 3 0 0 1 2 0 0 0 0 0 4 2 0 0 0 2 2 3 0 0 0 0 0 11 0 23 0 0 0 1 0 29 0 0 0 0 0 0 0 0 48 28 20 21 0 0 11 0 14 0 22 0 20 0 60 0 0 47 11 1 0 0 0 0 0 0 0 0 0 0 0 0 0 0 0 0 0 0 0 0 0 0 3 0 0 0 0 0 0 0 2 0 0 0 0 0 0 0 0 0 0 0 0 14 8 28 6 0 5 0 0 24 0 0 0 0 0 0 0 0 12 11 15 11 12 0 51 13 11 54 0 0 20 9 23 1 15 0 36 30 0 0 0 0 0 0 1 0 0 0 0 0 0 0 0 18 0 0 0 0 0 0 0 0 0 0 0 0 0 0 0 0 0 0 0 0 0 0 0 0 0 0 0 0 0 0 73 0 0 0 0 0 0 0 4 0 2 0 0 0 9 0 0 0 0 0 0 0 0 0 0 0 0 0 0 0 0 0 0 0 0 0 0 0 0 0 0 0 0 0 
 0 2 2 2 95 76 2 1 2 1 65 174 0 2 74 2 0 80 0 2 84 169 328 299 284 27 297 0 301 32 22 96 81 345 167 252 59 170 451 345 0 0 3 2 18 2 4 0 5 0 2 0 2 3 4 65 0 4 0 1 3 0 0 0 2 0 0 0 2 0 3 0 0 0 1 2 0 0 0 0 0 0 0 0 0 19 0 0 0 0 0 13 0 0 0 0 0 0 0 0 1 6 11 0 7 0 27 7 11 52 10 8 0 6 26 0 19 10 41 8 0 0 0 0 0 0 0 0 0 0 0 0 16 0 0 0 0 0 0 0 0 0 0 0 0 0 0 0 0 0 0 0 0 0 0 0 0 2 0 0 0 0 0 0 0 0 0 0 0 0 0 65 0 0 0 0 0 0 0 0 9 0 33 19 0 0 21 12 9 0 13 0 11 6 8 14 54 10 23 18 0 0 0 0 0 0 0 0 0 0 0 0 0 0 0 19 0 0 4 0 0 0 0 0 0 0 0 0 0 0 0 0 0 0 0 0 0 0 0 0 0 8 0 0 0 0 70 0 2 0 0 0 0 0 3 0 1 3 0 0 2 0 0 0 0 0 0 0 0 0 0 0 0 0 0 55 0 0 0 0 0 0 0 0 0 0 13 0 0 0 
 4 2 1 1 75 2 1 1 4 1 2 0 2 2 1 1 3 2 3 3 102 259 172 245 143 61 35 301 0 80 45 47 154 110 525 90 370 127 446 365 0 0 2 1 3 0 2 2 3 0 0 1 0 3 2 0 0 0 0 0 3 0 0 0 0 0 0 0 0 0 28 2 0 0 0 2 0 0 0 0 0 0 2 16 0 0 0 0 0 1 0 0 0 0 0 0 0 0 0 0 1 13 21 0 0 0 0 39 1 0 20 23 7 9 0 16 27 1 3 0 0 0 0 0 21 0 0 0 0 0 15 0 0 0 0 14 0 0 29 0 0 0 0 0 0 0 0 0 0 0 0 0 0 0 0 0 1 12 0 1 0 0 0 0 0 14 0 0 0 0 0 0 0 0 0 0 1 0 0 0 20 17 1 0 0 0 0 15 4 0 20 0 0 22 19 7 1 1 4 17 0 0 0 0 0 1 13 0 0 0 0 0 0 0 0 0 0 22 0 0 0 0 0 0 0 0 7 0 0 1 0 0 0 0 0 0 11 0 0 0 0 0 13 0 0 1 0 0 0 2 0 0 0 0 7 1 0 153 0 2 3 14 0 0 0 0 11 0 0 0 0 0 0 0 0 1 0 0 0 0 0 0 0 0 0 0 0 0 0 0 
 0 2 0 0 2 1 0 0 0 2 0 0 0 0 0 0 0 0 0 2 39 88 194 329 234 57 26 32 80 0 156 41 66 98 167 268 203 298 83 136 0 0 4 1 3 0 2 7 211 0 0 0 117 67 136 0 0 0 62 52 3 0 6 2 0 0 53 0 0 0 1 4 0 0 3 2 0 0 0 0 0 0 0 0 0 0 0 0 0 0 0 0 0 0 0 0 0 0 0 0 0 8 9 34 22 39 0 1 11 22 9 28 0 0 0 0 2 10 1 0 20 0 20 0 0 0 5 53 8 1 2 0 0 4 34 0 0 0 17 0 0 0 0 0 0 0 0 1 0 0 0 0 0 0 0 0 0 0 0 0 2 0 0 18 0 0 0 14 0 0 0 0 8 0 3 0 0 0 0 0 7 7 11 11 1 1 0 0 11 19 31 65 10 0 0 13 0 3 0 0 0 0 0 21 0 0 15 0 9 21 2 0 40 7 0 0 0 0 38 21 0 0 0 0 0 0 0 0 0 0 0 0 0 0 0 0 0 0 0 0 0 0 0 0 0 0 0 0 0 0 0 0 0 0 6 2 0 76 2 1 3 14 0 0 0 0 0 0 0 1 0 0 0 0 0 0 0 0 0 9 0 21 0 0 0 17 0 0 0 0 
 1 3 1 1 2 2 7 2 2 1 1 1 1 1 2 1 2 1 3 2 120 222 135 115 87 76 147 22 45 156 0 257 115 45 194 546 244 178 30 139 2 2 4 0 5 2 4 2 3 1 1 1 2 5 4 0 1 6 0 68 3 2 0 0 0 23 5 1 0 0 4 8 0 2 11 2 0 2 2 2 0 0 0 0 0 1 0 0 0 0 0 0 0 0 0 0 0 0 0 0 31 31 9 61 0 0 9 15 9 13 55 0 19 10 0 23 21 13 9 0 0 0 0 0 0 0 17 0 0 0 0 0 11 0 0 0 0 0 11 0 0 0 0 0 0 0 30 0 0 1 0 0 0 0 0 0 0 1 0 0 2 0 0 0 0 1 7 0 2 0 0 0 1 0 0 0 0 0 0 0 4 1 25 32 30 1 9 0 1 38 41 22 10 3 22 23 37 1 0 31 0 0 0 0 0 0 0 0 0 0 2 0 0 0 0 0 0 0 1 0 0 0 0 0 0 0 0 0 0 0 0 0 0 0 0 0 0 0 0 0 0 0 0 0 0 0 2 0 0 0 0 0 0 0 10 0 0 1 0 0 9 0 3 2 0 0 0 0 0 0 0 0 0 0 0 0 0 1 0 0 0 0 0 0 0 19 13 0 0 0 
 0 2 0 0 0 0 0 1 0 0 2 0 0 0 0 0 0 2 85 0 95 401 380 118 273 118 19 96 47 41 257 0 31 18 174 45 176 75 247 63 0 0 3 3 3 6 2 0 3 0 0 0 64 3 2 0 0 0 62 75 3 0 0 0 0 1 0 0 0 0 2 3 2 0 0 2 0 0 0 2 0 0 0 0 0 0 0 0 0 0 0 0 0 0 0 0 0 1 0 0 0 10 3 29 0 13 8 0 0 25 30 28 0 12 7 0 41 18 19 0 0 15 10 0 0 0 0 56 0 0 0 0 27 22 10 0 0 38 22 20 0 0 0 0 0 0 0 9 0 0 0 0 0 0 0 0 0 0 0 0 0 0 0 0 0 0 0 0 0 0 0 0 0 0 0 2 0 0 0 0 0 0 22 22 19 17 0 0 11 2 61 24 0 0 0 25 31 28 0 0 2 0 0 0 0 0 10 0 17 0 0 0 1 0 0 0 0 0 0 3 2 0 0 0 0 0 11 0 0 0 0 0 0 0 0 0 0 0 0 0 0 0 0 0 0 0 0 0 0 0 0 0 0 0 0 6 2 0 154 0 2 0 0 0 0 0 0 0 0 1 0 0 0 0 0 0 0 0 0 9 0 0 0 0 0 17 15 0 0 0 
 0 0 0 1 80 0 0 2 0 0 61 134 0 0 0 0 61 75 0 0 342 127 149 61 57 56 174 81 154 66 115 31 0 109 180 31 70 43 80 313 0 0 3 0 3 0 2 0 3 0 0 0 0 3 2 0 0 18 0 2 3 0 12 0 0 50 0 38 0 55 3 0 0 0 0 2 0 0 0 0 0 0 11 0 0 28 0 0 0 0 14 11 12 0 0 0 10 0 0 0 26 23 13 9 15 0 11 16 0 0 1 0 47 12 11 13 4 14 7 0 0 0 0 0 0 0 0 0 0 0 0 0 0 0 0 0 0 2 0 0 0 0 0 0 0 0 0 0 0 0 0 0 0 0 0 0 0 0 0 0 0 0 0 0 8 0 0 0 12 0 0 10 0 0 0 13 8 1 0 0 58 27 33 1 0 2 14 13 0 2 0 0 17 10 23 17 38 12 22 32 0 0 0 0 0 0 0 0 0 0 0 0 0 2 0 15 0 0 0 0 0 0 0 0 0 0 0 0 0 0 0 0 0 0 0 0 0 0 0 0 0 0 0 0 0 0 63 0 0 0 0 0 0 0 9 2 1 76 0 0 4 0 0 0 0 0 0 0 0 0 0 0 0 0 0 7 0 0 0 0 0 0 0 0 0 0 0 0 0 2 
 3 3 3 212 179 77 3 5 3 6 5 78 3 3 3 3 3 3 3 3 210 67 135 86 68 52 183 345 110 98 45 18 109 0 290 204 238 108 588 194 0 0 14 32 11 0 2 0 3 202 0 0 2 3 69 2 0 49 0 0 3 0 0 0 2 1 0 0 0 0 4 3 0 0 49 2 2 3 3 0 0 0 0 9 0 0 0 0 0 0 0 9 0 0 0 0 0 2 1 2 28 13 0 19 0 0 0 30 26 13 0 0 0 1 81 10 11 8 18 7 0 0 0 0 0 0 0 0 0 0 0 0 19 0 2 0 0 0 0 2 0 0 0 0 0 0 0 2 0 0 0 20 0 0 0 0 0 0 13 0 0 0 0 8 9 35 9 0 0 0 0 0 0 0 0 1 0 0 0 0 8 0 0 13 0 6 8 8 27 0 0 0 11 11 20 0 10 0 13 11 2 0 0 0 0 0 9 0 0 0 0 2 11 0 2 1 0 20 0 0 0 0 0 0 0 0 0 0 0 0 0 0 0 0 0 0 0 0 0 0 0 0 0 0 0 0 0 0 0 0 0 0 0 0 14 2 1 87 1 4 14 2 1 0 0 0 12 0 0 0 0 0 0 0 0 6 0 0 0 0 0 0 0 0 0 0 0 0 0 0 
 0 1 0 83 106 2 0 0 0 2 75 76 0 0 0 0 0 0 2 2 42 271 184 114 263 257 296 167 525 167 194 174 180 290 0 207 339 103 366 186 0 0 2 62 3 0 2 0 3 0 0 2 1 3 41 0 0 0 0 76 3 0 0 0 0 0 0 1 0 0 1 0 0 0 0 2 0 0 0 0 0 0 0 0 0 17 0 0 0 0 0 13 0 0 0 0 0 0 0 0 14 12 18 18 0 0 2 10 0 18 0 0 15 12 32 21 26 24 0 0 0 0 0 0 0 14 8 1 0 0 10 0 7 0 14 0 0 0 10 0 0 0 0 38 0 0 0 0 0 2 10 0 0 0 0 0 0 0 0 0 0 0 0 25 0 26 0 0 1 0 0 19 2 0 0 0 2 0 0 0 0 9 95 8 46 4 17 8 5 30 65 26 0 6 24 56 33 0 0 3 0 0 0 0 8 0 14 0 0 0 0 0 15 0 0 1 0 0 0 2 0 0 0 0 0 0 0 0 0 2 0 0 0 0 0 0 0 0 0 0 0 0 0 0 0 0 76 0 0 0 0 0 0 0 8 0 0 1 6 2 0 0 0 0 0 0 0 0 0 0 0 0 0 0 0 9 0 0 0 5 0 0 0 0 0 33 0 0 0 0 
 0 0 0 2 0 0 0 0 0 1 0 0 0 2 0 0 0 0 0 2 112 305 347 217 205 304 104 252 90 268 546 45 31 204 207 0 149 117 40 109 1 0 2 2 3 0 2 0 3 4 0 0 70 3 2 0 0 1 0 53 3 0 0 0 0 0 6 22 0 0 1 0 0 0 5 2 0 0 0 0 2 0 0 0 0 0 0 0 0 0 0 0 0 0 0 0 0 0 0 0 24 18 15 66 4 25 20 20 13 16 33 0 11 1 1 12 3 10 0 0 0 0 0 0 0 0 0 8 1 0 0 0 0 1 0 0 0 8 16 0 0 0 0 0 0 0 0 0 0 0 0 0 0 0 0 0 0 0 0 0 0 0 0 0 0 0 6 0 0 0 0 0 0 0 0 0 0 0 0 0 0 0 42 13 40 10 0 0 11 31 18 49 10 9 33 24 22 18 0 0 0 0 0 0 0 0 0 0 0 1 0 0 19 0 10 0 0 0 7 1 0 2 0 0 0 0 0 0 0 0 0 0 0 0 0 0 0 0 0 0 0 0 2 0 0 0 0 0 0 0 0 0 0 0 14 0 0 3 0 0 9 2 0 0 0 0 2 0 0 0 0 0 0 0 0 0 0 0 0 9 0 7 0 0 0 17 0 0 0 0 
 0 0 0 0 154 74 0 0 0 3 5 0 0 0 0 1 0 0 0 0 483 139 131 374 299 64 313 59 370 203 244 176 70 238 339 149 0 143 536 87 0 0 2 30 3 0 2 5 3 0 0 0 0 3 2 0 0 0 0 131 3 0 0 0 0 0 0 0 0 0 1 0 0 0 27 2 0 0 0 0 0 0 0 0 0 0 0 1 0 0 0 0 0 0 0 0 0 0 0 0 25 0 11 31 10 2 52 24 21 0 23 34 0 0 15 0 22 16 7 0 0 0 0 0 14 0 21 9 0 0 0 0 1 0 15 0 0 0 16 0 0 0 0 0 2 0 0 2 0 0 0 7 0 0 0 1 0 0 0 0 0 15 0 14 0 21 8 0 0 0 0 1 0 0 0 0 0 0 0 0 0 0 12 0 32 19 0 0 71 36 13 27 9 10 44 0 10 2 12 0 0 0 0 0 0 0 27 0 0 0 0 0 15 11 0 0 0 12 13 0 0 0 0 0 9 0 0 0 0 0 0 12 0 0 0 0 0 0 0 0 0 0 1 0 0 0 0 0 0 0 0 0 0 0 3 1 4 75 0 2 3 1 0 0 0 12 20 0 0 0 0 0 0 0 0 7 0 0 0 0 0 10 0 0 0 12 0 0 0 0 
 3 2 3 3 66 77 3 3 3 6 3 15 3 3 2 3 2 2 3 5 46 44 331 202 268 32 55 170 127 298 178 75 43 108 103 117 143 0 68 40 0 0 3 1 9 0 2 0 3 0 0 0 18 4 64 0 0 5 0 0 3 0 2 0 0 0 3 0 0 0 2 0 1 0 5 6 0 0 1 3 0 0 0 0 0 0 0 0 0 0 0 0 0 0 0 0 0 0 0 0 21 17 0 2 6 10 0 23 10 13 0 11 12 10 17 0 16 20 70 7 17 0 0 0 0 0 23 0 7 0 0 0 0 0 8 0 0 0 1 0 0 0 0 0 0 0 0 9 0 0 0 0 0 0 0 0 0 0 0 0 0 0 0 0 0 0 0 8 0 0 0 0 0 0 0 0 0 0 0 0 8 0 10 11 0 0 7 17 18 0 2 1 11 6 2 0 1 0 0 35 0 0 0 0 0 0 17 0 10 17 0 0 8 0 0 0 0 0 12 10 0 0 0 0 0 0 0 0 0 0 0 0 0 0 0 0 0 0 0 0 0 0 0 0 0 0 0 0 0 0 0 0 0 0 2 0 1 3 0 2 3 5 0 0 0 0 0 0 0 0 0 0 0 0 0 0 0 0 0 0 0 0 0 0 0 0 0 0 0 0 
 0 0 1 150 170 101 0 0 0 0 86 175 0 0 0 0 0 0 0 0 119 38 24 286 71 58 205 451 446 83 30 247 80 588 366 40 536 68 0 282 4 0 1 1 6 0 2 0 3 0 0 0 0 2 2 0 0 1 0 0 3 0 0 39 0 0 0 0 0 0 0 0 0 0 0 2 0 0 0 0 0 0 0 14 0 4 0 0 0 0 11 17 0 0 0 0 0 0 0 0 19 2 13 1 0 0 0 25 17 19 0 22 5 0 64 0 9 35 24 5 0 0 0 0 0 0 0 0 0 0 0 0 0 0 0 0 0 0 0 0 0 0 0 0 0 0 0 20 0 0 0 0 0 0 0 0 0 7 0 0 0 0 0 0 22 8 0 1 0 0 0 0 0 0 0 15 0 0 0 0 9 23 0 10 0 0 14 84 18 13 2 0 9 11 20 0 0 1 12 0 21 0 0 0 0 0 0 0 0 0 0 0 0 0 0 0 0 1 0 0 0 0 0 0 0 0 0 0 0 0 0 0 0 0 0 0 0 0 0 11 0 0 0 0 0 0 78 0 74 0 0 0 0 0 7 1 0 3 0 2 0 17 0 0 0 0 11 0 0 0 0 0 0 0 0 0 1 0 0 0 0 0 0 0 0 0 0 0 0 0 
 0 1 0 2 73 27 0 0 0 74 77 90 0 0 0 1 105 161 0 0 219 171 125 166 305 65 204 345 365 136 139 63 313 194 186 109 87 40 282 0 0 1 3 5 3 2 2 0 3 0 0 23 0 3 2 0 0 0 0 0 3 0 0 3 0 0 0 0 2 0 3 0 23 0 0 2 0 0 0 9 0 0 6 0 8 17 0 0 0 11 7 28 0 0 0 6 0 23 0 0 9 10 0 19 0 0 67 31 4 0 19 12 0 17 12 22 6 0 12 0 0 0 0 0 2 0 0 0 0 0 0 0 0 0 0 0 2 0 1 0 0 0 0 4 0 0 0 0 0 0 0 0 0 0 0 0 0 0 0 0 0 0 6 0 7 14 8 0 0 0 12 11 0 0 0 0 0 0 0 0 29 7 9 0 18 9 13 0 37 13 0 0 9 25 23 12 58 13 55 14 0 0 0 0 0 0 0 0 0 0 0 0 0 0 0 13 0 16 0 0 0 0 0 0 0 0 0 0 0 0 0 0 0 0 0 0 0 0 0 0 0 0 0 0 0 0 75 0 0 0 0 0 0 0 17 2 3 158 0 0 6 0 23 0 0 0 1 0 0 0 0 0 0 0 0 8 0 0 0 0 0 0 0 0 0 0 0 0 0 0 
 0 0 0 3 3 0 0 0 64 33 3 4 0 0 0 0 0 0 0 0 3 0 0 0 61 184 0 0 0 0 2 0 0 0 0 1 0 0 4 0 0 107 173 124 95 52 117 112 64 24 104 242 129 42 356 88 29 56 98 126 0 0 0 6 1 2 20 1 0 4 0 0 0 3 0 0 3 0 9 5 0 18 0 0 0 0 0 0 0 3 0 0 0 0 0 0 0 0 0 0 0 0 0 0 9 0 2 0 18 11 0 0 0 0 0 0 0 10 1 17 0 0 10 32 24 0 0 21 0 24 39 20 16 0 7 0 18 0 0 10 7 0 0 1 0 0 0 0 0 0 0 0 0 0 4 0 0 0 0 0 0 0 0 0 7 0 0 0 0 0 0 0 0 0 0 0 0 0 0 0 2 9 0 3 10 8 1 3 0 0 0 0 1 0 0 0 0 0 0 0 43 26 0 0 0 0 12 32 12 0 11 0 0 7 42 0 11 7 0 0 0 0 0 0 0 0 0 0 0 0 0 0 0 0 0 0 0 0 0 0 0 0 0 0 0 0 4 0 0 0 0 11 0 1 0 1 0 0 0 2 0 0 5 0 0 4 1 0 0 0 0 0 0 0 0 0 0 0 0 0 0 0 0 0 0 7 0 0 0 0 
 0 0 0 0 2 0 2 0 0 0 0 0 0 0 0 0 0 0 0 0 0 0 0 0 0 3 1 0 0 0 2 0 0 0 0 0 0 0 0 1 107 0 216 381 34 35 80 190 101 55 123 82 344 64 171 270 100 95 114 86 0 0 2 2 0 0 1 0 0 0 0 26 0 0 0 0 0 11 0 0 0 0 0 0 0 0 0 0 0 0 0 0 0 0 0 0 0 0 0 0 0 0 0 0 0 0 0 0 0 16 0 0 0 0 0 0 0 0 0 0 13 34 0 19 10 9 10 1 37 0 14 4 0 23 0 31 38 23 0 0 0 0 5 0 0 0 0 8 0 0 0 0 8 10 5 0 11 13 0 12 0 0 0 0 0 0 0 0 5 0 0 0 0 0 0 0 0 0 1 0 0 0 0 0 5 4 0 0 0 0 0 0 0 0 0 0 0 0 0 0 0 0 2 14 10 13 0 22 6 10 11 45 41 21 1 15 25 9 0 0 7 0 0 0 0 0 0 10 1 0 0 0 0 3 1 0 0 0 0 12 0 0 0 0 0 0 0 0 0 0 0 6 0 0 0 0 0 0 0 0 0 0 0 36 39 2 2 38 1 0 0 0 0 0 0 0 0 0 0 0 0 0 0 0 0 1 0 0 0 0 
 0 7 0 0 3 0 0 0 0 57 0 0 0 0 0 0 0 0 0 0 10 3 3 4 4 65 4 3 2 4 4 3 3 14 2 2 2 3 1 3 173 216 0 180 270 40 447 165 149 127 34 73 364 288 476 174 331 389 121 115 0 0 0 0 0 0 0 0 0 0 207 0 0 0 0 0 0 14 5 0 0 0 24 0 0 0 0 0 0 0 0 0 0 0 0 0 0 0 0 0 0 0 0 0 0 29 0 0 0 0 0 0 0 0 0 0 0 0 0 0 31 33 19 37 36 6 8 0 47 13 17 1 20 10 0 21 32 20 0 11 2 0 0 0 0 0 0 9 0 0 0 0 10 23 3 0 0 0 0 16 0 0 0 0 0 0 0 0 12 0 0 0 0 0 0 0 0 0 30 0 16 0 7 0 0 0 0 0 0 0 0 0 0 0 0 0 0 0 0 0 30 9 2 1 27 14 0 26 7 25 26 33 36 49 1 6 10 13 17 51 23 0 0 0 0 0 0 23 0 0 0 0 0 0 0 1 0 13 8 4 0 0 0 0 0 0 0 0 0 0 7 12 0 2 0 0 0 0 0 0 0 0 2 13 4 0 2 35 0 0 0 0 0 0 0 0 0 0 0 0 0 0 26 0 1 1 0 0 0 0 
 0 0 0 0 63 72 1 0 0 3 0 1 0 0 0 4 0 70 0 2 8 0 1 2 2 4 0 2 1 1 0 3 0 32 62 2 30 1 1 5 124 381 180 0 170 43 149 181 150 398 101 26 102 146 69 106 196 133 202 47 4 2 0 1 0 1 54 0 0 4 0 12 6 3 0 4 0 2 4 4 0 0 8 0 37 7 0 0 0 2 25 3 0 0 0 9 0 15 0 0 25 0 0 0 0 0 2 9 0 0 0 0 0 0 15 0 9 0 7 0 74 0 0 28 0 11 10 0 7 4 29 12 0 15 0 20 4 0 0 18 2 9 0 0 0 0 0 5 0 0 0 0 11 9 0 0 1 23 7 1 0 0 6 0 7 17 0 0 0 0 3 0 0 0 0 0 0 0 0 0 0 34 0 0 0 0 0 2 20 0 0 0 0 0 8 0 10 0 9 0 40 16 1 19 2 22 2 19 39 1 0 12 18 0 21 0 38 28 0 0 15 0 0 0 0 0 0 0 0 0 0 0 2 0 0 0 0 12 0 9 0 0 0 0 0 0 0 0 0 0 0 5 0 2 0 0 0 2 0 0 0 0 7 0 83 21 0 0 2 0 0 0 0 0 0 9 0 0 0 0 0 0 0 0 0 0 0 0 0 0 
 0 0 0 2 4 0 2 0 0 5 2 7 0 0 0 0 0 0 0 0 5 4 3 6 2 3 4 18 3 3 5 3 3 11 3 3 3 9 6 3 95 34 270 170 0 79 76 269 76 313 174 30 81 84 290 120 107 276 115 51 50 26 0 0 0 6 67 0 0 22 0 40 118 1 0 79 0 11 51 28 0 0 0 0 9 0 0 0 0 0 0 0 0 0 0 0 0 0 0 0 0 0 0 1 0 0 0 0 6 6 0 0 0 0 4 0 0 3 0 7 9 0 0 21 24 39 3 0 4 16 7 12 0 0 0 19 18 30 0 0 10 36 0 0 0 0 10 0 0 0 0 0 0 0 0 0 12 21 17 16 0 0 0 0 3 0 0 0 0 0 0 0 0 0 0 0 0 0 1 0 5 14 0 6 0 0 0 2 0 0 0 0 4 0 0 0 0 0 0 0 1 0 0 8 19 0 0 18 21 38 10 0 0 0 14 0 15 35 0 0 11 32 0 0 0 0 0 0 0 0 9 0 23 0 0 46 0 0 6 23 8 0 0 0 0 0 14 0 0 0 0 3 0 0 0 0 0 2 0 10 0 0 64 2 0 5 0 3 1 0 0 0 0 0 0 0 0 0 0 0 0 0 1 0 0 0 0 11 7 0 
 3 3 3 3 3 3 3 3 3 3 3 3 3 3 3 3 3 3 3 3 0 0 0 4 24 5 0 2 0 0 2 6 0 0 0 0 0 0 0 2 52 35 40 43 79 0 24 33 46 73 42 128 248 50 63 284 45 71 61 57 50 1 54 62 0 0 2 0 0 101 0 3 102 59 25 77 2 0 102 26 0 0 0 0 0 0 0 0 0 0 0 0 0 0 0 0 0 0 0 0 0 0 0 0 0 0 0 0 0 0 0 0 0 0 0 0 0 0 0 0 0 12 5 8 19 24 0 0 11 12 0 0 0 3 0 0 1 10 0 6 0 20 0 0 0 0 32 28 0 0 0 4 0 14 31 3 8 0 21 18 0 0 0 21 7 0 0 0 0 0 27 0 0 0 0 0 0 0 0 0 0 0 0 0 0 9 0 0 0 0 0 0 0 0 0 0 0 0 0 0 2 0 0 16 0 23 0 1 7 13 11 0 0 0 0 0 1 12 0 7 0 17 7 7 0 0 0 1 6 0 0 7 13 4 19 1 2 6 44 33 0 0 0 0 0 0 0 0 0 0 0 0 0 0 0 0 0 0 0 0 0 0 0 0 0 4 0 0 9 0 0 0 0 0 0 0 0 0 0 0 0 0 0 0 1 0 0 10 1 0 
 3 3 3 2 3 2 2 3 2 6 3 3 3 3 3 3 102 3 3 2 2 2 2 4 2 40 2 4 2 2 4 2 2 2 2 2 2 2 2 2 117 80 447 149 76 24 0 312 70 130 103 54 143 366 69 115 241 134 186 48 0 3 0 8 0 63 17 0 0 0 9 0 0 0 0 0 0 0 0 0 0 0 0 0 0 0 0 0 0 0 0 0 0 0 0 0 0 0 0 0 0 0 0 11 0 14 0 0 0 0 0 0 0 0 0 0 0 0 0 0 37 17 28 58 14 0 3 0 9 16 69 12 35 0 0 10 39 1 0 7 8 0 0 0 0 0 0 0 0 0 8 0 0 0 11 0 0 10 0 3 0 0 0 0 0 0 0 0 0 0 0 0 0 0 0 0 0 0 0 0 0 0 0 0 18 0 0 0 0 0 0 0 0 0 0 0 0 0 0 0 36 16 0 2 0 0 0 21 16 0 0 21 65 13 48 20 19 7 22 56 0 0 0 0 0 0 0 0 1 0 0 0 0 0 0 0 0 0 0 0 0 0 0 0 0 0 0 0 0 0 0 6 0 0 0 16 0 0 0 0 0 0 0 0 0 1 0 1 2 0 0 0 0 23 0 2 0 0 0 0 0 0 0 0 0 13 0 0 0 0 
 0 0 0 0 0 0 2 0 0 9 0 0 2 0 0 0 0 0 0 1 0 0 0 14 65 66 0 0 2 7 2 0 0 0 0 0 5 0 0 0 112 190 165 181 269 33 312 0 200 75 168 46 178 185 189 142 461 258 180 176 51 0 0 0 0 0 0 0 0 0 0 0 0 0 0 0 0 0 4 203 0 0 0 0 0 0 0 0 0 0 0 0 0 0 0 0 0 0 0 0 0 0 3 0 0 11 0 0 0 0 4 8 0 0 0 0 0 0 0 0 33 0 0 0 10 0 34 22 4 10 24 0 0 32 2 6 11 0 8 22 0 0 0 0 0 0 0 0 0 0 0 0 0 0 0 0 0 0 0 0 0 0 0 0 0 0 0 0 0 0 0 0 0 0 0 3 0 0 0 0 0 0 0 0 3 3 0 0 0 2 0 0 0 0 0 0 0 0 0 0 6 23 16 15 0 10 5 15 6 0 0 8 15 13 11 11 9 9 5 0 0 0 0 0 10 0 0 0 0 0 0 0 0 0 0 0 0 0 0 0 0 0 15 0 0 0 0 0 0 0 0 0 0 0 0 0 0 0 0 0 0 0 0 0 50 11 0 0 0 0 0 0 0 0 0 0 0 0 0 0 0 13 0 0 0 0 0 0 0 0 
 2 3 2 1 3 4 1 2 1 4 2 3 3 2 3 2 3 3 2 0 5 3 3 6 3 73 5 5 3 211 3 3 3 3 3 3 3 3 3 3 64 101 149 150 76 46 70 200 0 456 112 62 134 85 93 301 93 186 173 187 0 0 0 0 4 0 3 0 0 0 0 1 6 0 0 0 0 0 12 0 0 0 0 0 0 0 0 0 0 0 0 0 0 0 0 0 0 0 0 0 0 0 0 0 0 3 0 0 1 0 0 0 0 0 0 0 0 0 0 0 32 0 30 19 20 0 8 19 7 35 8 16 14 14 1 0 0 0 14 25 0 0 0 0 0 0 0 0 0 0 0 0 0 0 0 8 0 0 0 0 0 0 0 0 0 0 0 0 0 0 0 0 0 0 0 0 0 0 0 0 0 0 0 0 21 1 0 0 0 0 0 0 0 0 0 0 0 0 0 0 46 22 14 24 0 0 0 28 0 0 0 23 15 11 70 0 16 3 13 20 0 0 0 0 0 0 0 23 0 0 0 0 1 0 0 0 0 0 0 0 1 0 0 0 0 0 0 0 0 0 0 1 0 0 0 0 0 0 0 1 0 0 4 0 2 21 0 0 2 0 0 0 0 0 0 0 0 0 0 0 0 0 0 0 0 27 0 0 1 0 
 0 0 0 0 0 3 30 0 0 2 0 0 0 0 0 0 0 0 63 2 0 0 0 3 0 0 1 0 0 0 1 0 0 202 0 4 0 0 0 0 24 55 127 398 313 73 130 75 456 0 154 238 113 304 110 436 193 108 345 55 0 0 0 0 29 52 0 0 0 0 0 0 51 18 0 0 1 11 51 0 0 0 0 0 0 0 0 0 0 0 0 0 0 0 0 0 9 0 0 0 0 0 0 0 0 9 0 0 0 0 0 0 0 0 0 0 0 0 0 0 5 20 10 50 9 11 0 0 8 15 0 15 0 17 0 23 31 21 0 0 0 0 0 0 0 0 0 1 0 0 0 0 8 18 6 4 0 8 0 10 9 0 0 0 0 0 0 0 4 0 0 0 0 0 0 0 0 0 0 0 0 0 0 0 0 0 0 0 0 0 0 0 0 0 9 0 0 0 0 0 6 8 0 33 23 27 14 0 1 20 20 42 15 0 0 0 35 10 19 18 8 0 0 0 0 0 14 33 0 0 0 0 0 0 6 0 0 0 0 1 0 0 0 0 0 0 0 0 0 0 0 0 0 0 0 0 0 0 0 11 0 0 3 2 5 0 1 36 0 0 11 0 0 0 0 0 0 0 0 0 0 0 0 0 9 11 0 0 1 0 
 65 0 0 1 0 2 0 0 0 4 1 0 0 74 0 59 0 1 0 37 1 0 0 0 0 1 0 2 0 0 1 0 0 0 0 0 0 0 0 0 104 123 34 101 174 42 103 168 112 154 0 103 27 101 91 139 357 118 324 65 0 54 0 4 0 0 24 0 0 0 0 67 62 0 0 6 0 55 10 61 12 12 0 1 0 0 0 0 26 0 0 0 0 0 0 0 12 0 0 42 0 0 0 0 0 0 0 0 0 0 0 0 0 0 0 0 0 0 0 0 0 13 0 14 14 19 3 10 0 6 30 13 0 0 0 11 20 0 0 10 7 0 0 0 0 0 0 0 0 0 0 0 0 0 0 0 0 0 0 0 0 0 0 0 0 0 0 0 0 13 0 9 0 0 10 0 0 50 0 0 0 0 0 0 0 0 0 0 0 0 0 0 0 0 0 0 0 0 17 0 37 4 0 0 0 17 0 22 15 0 0 12 0 15 30 24 11 10 0 0 7 0 0 0 0 0 0 0 0 0 17 0 1 0 0 28 0 0 2 0 6 0 0 0 0 0 1 0 0 0 0 0 0 0 0 0 0 0 0 9 0 0 1 0 68 0 2 0 0 0 0 0 0 0 0 0 0 0 0 0 0 0 0 0 0 27 0 0 2 0 
 0 0 0 0 0 0 2 0 0 0 0 0 0 0 0 0 0 0 0 0 0 0 0 63 0 0 0 0 1 0 1 0 0 0 2 0 0 0 0 23 242 82 73 26 30 128 54 46 62 238 103 0 60 42 54 98 116 156 49 229 2 50 1 0 0 50 47 0 0 0 0 0 52 52 66 73 0 7 106 312 0 0 0 0 0 0 0 0 0 0 0 0 0 0 0 0 0 0 0 0 0 0 0 0 0 0 0 8 0 0 0 0 0 0 0 0 0 0 0 0 0 18 0 67 0 0 0 0 0 20 0 30 0 0 0 8 16 10 0 0 6 0 0 0 0 0 24 7 0 1 0 0 20 16 9 6 0 3 0 10 0 0 0 0 0 0 0 0 0 0 8 0 0 0 0 0 13 0 0 0 0 0 0 0 0 0 0 0 0 0 0 0 0 0 0 0 0 0 0 0 0 0 0 42 26 18 0 0 0 22 27 25 0 1 0 0 41 1 0 0 1 21 17 0 0 0 25 38 42 0 12 0 24 1 15 1 0 0 35 0 0 0 0 0 0 0 0 0 0 0 0 4 0 0 0 0 0 0 0 13 0 0 2 0 0 1 4 2 0 0 9 0 0 0 0 0 0 0 0 0 5 0 0 0 16 1 0 0 1 0 
 3 3 3 3 6 3 6 3 19 6 3 2 2 58 3 3 3 3 3 3 0 1 1 63 18 0 0 2 0 117 2 64 0 2 1 70 0 18 0 0 129 344 364 102 81 248 143 178 134 113 27 60 0 383 388 353 98 508 263 49 0 0 0 0 4 0 1 1 0 2 2 0 2 0 2 2 0 0 0 0 0 0 0 0 0 0 9 0 0 0 0 0 0 0 0 0 0 0 0 0 0 0 0 0 7 11 0 0 0 10 0 0 0 0 28 0 2 0 0 0 28 25 15 18 0 0 0 6 17 0 2 0 0 3 18 21 0 5 0 0 0 0 0 0 0 0 0 0 0 0 0 0 0 0 5 0 0 0 0 9 0 0 0 0 0 0 0 0 0 0 0 0 0 0 3 0 0 0 0 0 0 0 0 1 1 0 0 0 0 0 0 15 0 0 0 8 1 0 0 0 19 22 0 6 1 6 21 0 46 9 0 7 18 0 0 0 0 15 25 21 0 0 0 0 0 0 0 0 0 0 0 0 0 0 0 0 0 0 20 0 0 0 0 0 0 0 0 0 0 0 0 3 0 2 0 0 0 0 1 0 0 0 0 0 64 4 2 0 2 0 0 0 0 0 0 0 0 0 0 0 0 0 0 0 0 0 0 0 0 0 
 3 3 3 5 3 3 3 3 3 3 3 3 67 15 3 3 3 3 5 3 3 3 3 71 5 3 3 3 3 67 5 3 3 3 3 3 3 4 2 3 42 64 288 146 84 50 366 185 85 304 101 42 383 0 285 68 43 260 93 132 0 0 0 0 0 0 0 0 0 0 0 0 0 0 0 0 0 0 0 0 7 0 0 0 0 0 0 0 0 0 0 0 0 0 0 0 0 0 0 0 0 0 0 0 9 11 0 0 0 5 16 0 0 0 0 11 0 0 0 0 11 0 35 0 0 0 0 2 13 1 1 0 0 30 28 51 7 0 4 3 0 0 0 0 0 0 0 0 0 0 0 0 8 0 0 0 0 0 0 0 0 0 0 0 0 0 0 0 0 0 0 0 5 0 7 0 0 0 0 0 0 0 0 0 13 1 0 0 0 0 0 9 0 0 0 1 0 6 0 0 0 10 9 0 0 10 11 1 23 11 0 30 11 12 0 16 7 14 73 47 0 0 0 0 0 0 0 0 0 0 0 0 0 0 0 0 0 0 0 0 0 0 4 0 0 0 0 0 0 0 0 0 0 0 0 0 0 0 0 16 0 0 2 0 35 1 0 0 0 0 0 0 0 0 0 0 0 0 0 0 0 0 0 0 0 0 0 0 0 0 
 0 6 0 0 0 0 0 61 0 4 5 0 0 0 0 0 0 0 0 0 2 2 2 59 65 2 5 4 2 136 4 2 2 69 41 2 2 64 2 2 356 171 476 69 290 63 69 189 93 110 91 54 388 285 0 153 115 64 51 73 0 0 0 8 0 7 0 0 50 0 5 53 0 0 0 0 0 0 0 0 0 0 0 0 0 0 0 0 0 0 0 0 0 0 0 0 0 0 0 0 0 0 0 0 4 58 0 0 0 1 0 0 0 0 0 0 0 0 0 0 6 44 43 0 0 0 5 10 9 0 10 0 0 14 10 27 8 8 15 0 0 0 0 0 0 0 0 0 0 0 11 0 0 0 15 0 0 8 7 4 0 0 0 0 0 0 0 0 0 0 0 0 9 0 6 5 0 0 0 0 0 0 0 0 0 0 0 0 0 0 0 12 0 0 0 0 0 0 0 0 0 22 0 7 0 11 8 0 22 6 0 8 11 10 0 15 0 7 24 26 0 0 0 0 10 0 0 0 0 0 0 0 0 0 0 0 0 0 0 0 0 0 11 0 0 0 0 0 0 0 0 2 0 0 0 0 0 0 0 19 0 0 0 0 66 5 1 0 0 0 0 0 0 0 0 2 0 0 0 0 0 0 0 0 0 0 0 0 0 0 
 0 1 0 0 1 28 3 0 0 0 0 2 2 0 1 59 1 1 1 3 0 0 0 0 0 62 3 65 0 0 0 0 0 2 0 0 0 0 0 0 88 270 174 106 120 284 115 142 301 436 139 98 353 68 153 0 155 107 103 110 0 0 3 0 0 4 4 3 0 1 0 1 0 56 4 6 0 18 0 4 0 0 0 0 0 0 0 4 0 0 0 0 0 0 0 0 0 0 0 0 0 0 0 0 1 1 0 0 0 0 1 0 0 0 0 1 0 0 0 0 12 11 0 0 10 12 9 1 22 0 16 38 9 8 0 41 25 19 0 0 0 0 0 0 0 10 0 16 2 17 0 0 7 10 3 0 27 48 1 24 0 0 0 0 0 0 9 0 4 0 0 9 0 0 0 0 0 0 1 0 0 0 3 0 0 0 0 0 0 0 0 0 0 0 0 0 0 0 0 0 7 0 0 20 47 2 0 12 42 10 11 14 7 11 0 20 4 19 7 1 16 14 22 5 1 3 0 11 0 0 1 11 7 0 0 0 0 0 0 12 0 0 0 0 0 0 0 0 0 0 0 3 0 0 0 0 0 0 0 1 0 0 1 34 4 0 3 64 2 0 0 13 0 0 0 0 0 0 0 0 0 0 0 0 0 13 0 0 1 0 
 0 0 0 0 0 0 0 0 0 5 0 0 0 70 0 0 0 0 0 3 3 0 0 0 0 0 0 0 0 0 1 0 0 0 0 0 0 0 0 0 29 100 331 196 107 45 241 461 93 193 357 116 98 43 115 155 0 168 35 39 0 0 0 2 0 3 0 0 0 3 0 0 0 51 0 0 0 0 0 3 0 0 0 0 0 0 0 0 0 0 3 0 0 0 0 0 0 0 0 0 0 3 0 0 10 0 0 0 0 0 0 0 0 0 0 0 0 0 0 0 2 1 0 21 12 15 0 1 1 23 2 25 0 31 0 5 15 0 0 0 0 9 0 0 0 0 0 20 0 0 0 0 16 8 0 11 12 11 19 17 0 0 0 0 0 0 0 0 3 0 20 0 0 0 0 0 0 0 1 0 0 0 0 0 0 0 0 0 0 0 0 0 0 0 0 0 0 0 0 0 1 3 2 4 21 29 0 0 6 16 22 38 0 0 6 13 0 11 0 0 20 0 0 0 0 17 13 24 0 0 0 0 14 2 0 0 0 0 4 17 0 0 0 0 0 0 0 0 0 0 0 2 0 1 0 0 0 0 0 0 1 1 2 64 40 1 1 0 0 0 0 0 0 0 0 0 0 0 0 0 0 1 0 0 16 0 0 0 0 0 
 0 0 0 0 13 0 0 0 0 4 68 0 0 3 0 0 0 0 3 0 0 1 4 0 1 0 3 4 0 0 6 0 18 49 0 1 0 5 1 0 56 95 389 133 276 71 134 258 186 108 118 156 508 260 64 107 168 0 41 30 0 0 0 0 0 0 0 0 0 0 0 0 0 0 0 0 0 1 3 0 0 0 0 0 0 0 0 0 0 0 2 0 8 0 0 0 0 0 0 0 3 0 0 5 0 7 0 1 0 0 0 0 5 1 44 0 4 4 5 0 8 39 10 45 15 0 0 0 29 12 1 9 11 30 0 1 12 0 4 0 9 0 0 0 0 0 0 9 0 0 0 0 0 12 0 12 0 0 0 0 0 0 0 0 0 0 0 0 2 0 0 0 0 0 0 0 0 0 7 0 5 0 3 5 0 0 6 0 0 0 0 0 5 6 3 1 9 0 0 7 15 8 0 0 7 9 0 10 1 24 20 27 10 10 17 6 12 10 16 14 1 6 0 0 0 0 9 4 0 0 0 0 0 0 0 0 0 0 0 10 0 0 0 0 0 0 0 0 0 0 0 0 0 2 0 0 0 0 0 3 0 1 2 63 0 7 1 0 2 0 0 0 0 0 1 0 0 0 0 0 0 0 0 0 10 10 0 0 0 0 
 0 0 0 0 0 0 0 0 0 3 0 0 0 0 0 0 0 0 0 0 0 0 0 0 0 124 0 0 0 62 0 62 0 0 0 0 0 0 0 0 98 114 121 202 115 61 186 180 173 345 324 49 263 93 51 103 35 41 0 249 0 0 0 6 0 0 0 0 0 0 0 0 0 0 0 0 0 1 4 0 0 0 0 0 0 0 0 0 0 0 0 0 0 0 0 0 0 0 0 0 0 0 0 0 0 7 0 0 0 3 0 0 0 0 7 1 0 0 0 0 35 0 10 12 16 0 8 41 27 18 10 8 21 26 35 0 20 0 0 3 0 0 0 0 0 0 0 0 0 0 0 0 0 0 6 0 0 0 0 0 0 0 0 1 0 6 0 0 0 0 0 0 0 0 5 0 0 0 0 0 0 0 6 0 0 1 0 0 0 0 0 7 0 0 0 7 0 0 0 0 45 12 14 1 14 0 33 27 8 18 0 0 11 19 20 20 4 14 35 29 0 0 0 0 0 0 4 0 0 0 0 0 21 39 0 0 0 0 6 0 0 0 0 0 0 0 0 0 0 0 0 14 0 0 0 0 0 0 0 6 0 0 1 0 1 0 4 0 0 0 0 0 0 0 0 0 0 0 0 0 0 0 6 0 4 0 0 0 0 0 
 0 0 0 0 0 0 0 0 0 0 0 0 0 0 0 0 0 0 0 0 0 52 70 63 74 32 0 1 0 52 68 75 2 0 76 53 131 0 0 0 126 86 115 47 51 57 48 176 187 55 65 229 49 132 73 110 39 30 249 0 0 4 6 5 2 54 5 0 0 0 0 4 2 0 4 0 0 3 5 2 0 0 0 0 0 0 0 0 0 0 0 0 18 0 0 0 0 0 0 0 0 0 10 6 0 25 0 0 0 0 7 0 0 0 0 0 0 9 0 0 36 0 0 0 15 0 21 20 32 21 27 0 0 14 0 0 6 0 20 20 0 0 0 0 0 0 0 0 0 0 0 0 0 0 2 0 0 0 0 0 0 0 0 0 0 0 0 0 20 0 0 0 0 0 0 0 25 0 0 0 0 0 9 0 0 1 0 0 0 18 12 6 0 0 0 7 0 0 0 0 25 31 56 10 0 0 0 24 1 0 0 0 47 24 4 0 10 1 0 0 0 0 0 0 11 0 0 0 0 0 14 9 0 0 0 0 0 0 0 0 0 0 0 0 0 0 0 0 0 0 0 3 0 0 0 0 0 0 0 0 0 0 0 0 2 12 2 0 0 0 0 0 0 0 0 0 0 0 0 16 15 0 0 0 0 10 0 0 0 0 
 0 0 0 0 0 0 1 0 0 2 0 0 0 0 0 0 0 0 0 6 3 3 3 6 3 3 3 3 3 3 3 3 3 3 3 3 3 3 3 3 0 0 0 4 50 50 0 51 0 0 0 2 0 0 0 0 0 0 0 0 0 161 90 92 59 87 78 208 338 107 34 98 62 99 86 42 42 144 312 98 0 0 0 0 0 0 0 0 14 0 0 0 0 0 0 0 0 0 0 0 0 0 0 0 0 0 0 0 0 0 0 0 0 0 0 0 0 0 0 0 0 0 0 9 41 22 0 0 0 0 0 0 0 0 0 1 0 0 0 0 0 10 24 26 0 7 7 0 0 17 0 9 9 12 9 11 11 0 1 18 0 0 0 0 0 0 0 0 0 0 0 0 0 0 0 4 0 0 0 0 0 0 0 0 0 0 0 0 0 0 0 0 8 0 0 0 0 0 0 0 0 0 0 0 0 16 0 0 0 0 0 7 0 0 0 0 0 0 0 0 0 7 0 7 7 17 0 0 1 7 9 1 0 0 28 9 0 8 12 7 16 0 0 0 0 0 0 0 0 0 0 0 0 0 9 0 0 0 0 0 0 0 0 0 0 0 0 0 0 0 0 2 1 23 2 1 0 0 0 0 0 0 0 0 0 1 0 0 0 0 
