 0 295 208 231 36 51 91 226 31 170 206 37 475 327 38 214 129 60 311 389 0 0 0 3 0 0 2 0 0 0 0 0 75 0 0 0 2 3 0 0 0 0 2 3 3 3 0 0 0 0 3 2 0 3 8 3 0 0 0 0 0 0 0 0 3 0 0 0 0 0 0 4 0 0 2 0 3 3 0 0 16 8 39 1 19 34 17 0 18 12 17 10 21 49 0 0 31 16 14 28 0 0 0 0 0 0 10 0 0 0 0 0 13 1 13 0 0 0 14 0 0 0 0 0 0 0 0 0 0 0 0 0 14 0 0 0 0 0 0 0 0 0 0 0 0 0 0 0 0 0 0 0 0 8 0 0 0 0 0 7 27 51 16 1 0 8 4 29 15 11 17 0 0 40 22 35 42 7 0 23 0 0 0 0 0 0 0 0 0 0 0 0 0 0 0 0 0 0 23 0 0 0 0 0 0 0 0 0 0 0 0 0 0 0 14 0 0 0 0 0 0 0 0 10 0 0 0 0 0 0 0 0 0 0 0 3 0 0 0 0 0 10 0 0 0 0 0 1 2 0 0 3 0 0 0 0 0 0 0 0 0 0 0 0 0 0 0 0 0 0 0 0 0 0 0 0 0 0 0 0 0 0 0 0 0 0 0 0 0 0 
 295 0 122 109 341 125 133 356 405 26 390 149 67 60 113 42 31 117 246 46 0 0 0 3 105 0 0 0 0 0 0 0 78 1 1 0 2 3 75 0 0 0 2 3 4 3 0 0 0 0 10 5 0 3 0 3 0 0 0 0 0 0 0 0 3 0 0 0 0 0 0 3 0 0 2 6 3 3 0 0 0 15 2 0 0 0 0 4 22 9 21 1 30 32 0 41 1 54 0 11 11 0 0 0 0 0 1 0 19 0 0 0 36 6 1 0 0 0 0 31 0 0 0 0 0 0 0 0 0 0 0 0 0 0 0 0 0 0 0 0 0 0 0 0 0 0 0 9 2 0 7 0 0 0 0 0 0 0 0 8 17 15 20 65 35 23 1 14 26 25 13 19 0 0 28 71 0 1 0 0 0 0 0 0 0 0 0 0 0 0 0 0 12 0 0 0 0 0 3 0 0 0 0 0 0 0 0 0 0 0 0 0 0 0 0 0 0 0 0 0 0 2 0 0 0 0 0 0 0 0 0 0 0 0 0 0 0 0 0 0 0 1 0 0 0 0 2 2 2 92 0 23 8 0 0 0 0 0 0 0 1 0 0 0 0 0 0 0 0 0 0 0 0 0 0 0 0 0 0 0 0 0 0 0 0 0 0 0 0 0 
 208 122 0 439 258 43 379 185 481 402 267 281 285 99 153 70 427 280 148 59 0 0 0 3 0 2 0 1 0 1 0 0 0 0 0 0 2 3 75 0 0 0 2 3 3 3 0 0 0 0 0 2 0 3 0 40 0 0 0 0 0 0 0 0 3 1 0 0 0 0 7 3 0 0 5 0 3 3 0 0 16 37 0 28 22 15 0 17 20 26 10 27 14 24 0 5 65 72 0 10 0 1 0 0 0 0 0 0 0 0 0 0 0 5 0 9 0 0 10 0 0 0 0 0 20 0 0 12 0 0 0 0 0 0 0 11 0 0 0 0 0 0 0 0 0 0 0 0 0 0 0 0 0 0 0 0 0 0 0 6 26 33 7 0 11 3 14 45 0 0 25 23 0 0 32 12 20 35 0 20 0 0 0 0 0 0 0 0 0 0 0 0 16 0 0 0 0 2 2 17 0 1 5 0 0 0 0 0 0 0 0 0 0 0 0 0 0 0 0 0 0 0 0 0 0 0 0 0 0 10 0 0 0 14 0 0 0 0 0 0 0 0 0 0 0 4 88 2 0 94 10 4 8 0 0 0 0 0 0 0 0 0 15 0 0 0 0 0 0 0 0 0 0 0 0 0 0 0 0 0 0 0 0 0 0 0 0 0 0 0 
 231 109 439 0 68 657 71 186 86 96 378 51 75 154 57 134 52 122 115 78 74 74 3 6 0 0 7 0 0 0 0 0 18 75 4 1 2 51 0 25 2 0 20 3 3 24 2 0 0 1 5 4 0 3 1 3 0 24 0 4 0 0 0 1 3 0 0 0 0 0 0 3 0 0 54 0 4 3 2 4 0 7 2 15 11 1 0 2 0 0 31 10 2 11 1 13 6 16 0 15 0 37 23 0 0 0 0 18 18 0 0 0 12 30 14 0 10 0 0 0 0 0 0 0 0 0 0 0 0 0 0 0 0 0 0 0 0 0 0 0 0 0 0 2 0 0 0 34 0 14 0 0 0 0 0 0 0 0 0 3 0 25 14 15 13 8 0 0 15 0 0 1 0 0 25 8 15 0 0 8 16 7 0 0 0 0 0 0 0 20 0 0 0 1 0 15 0 0 9 11 0 0 0 2 0 0 0 0 0 0 0 0 0 0 0 0 0 0 0 0 0 1 0 0 0 0 2 0 0 0 0 0 0 0 0 0 0 0 2 0 0 0 0 0 0 5 0 0 5 1 0 11 0 1 0 0 0 0 0 0 0 1 0 1 0 0 0 0 0 0 0 0 0 0 0 17 19 0 0 0 0 0 0 0 0 0 0 0 0 0 
 36 341 258 68 0 88 41 140 163 78 113 117 65 270 72 193 50 352 63 379 74 74 1 3 0 0 2 97 0 64 0 0 150 76 60 0 211 131 72 0 0 0 2 3 4 3 0 0 44 0 0 2 0 8 0 3 0 0 0 0 0 0 0 49 3 6 0 0 0 0 0 3 0 0 2 0 3 3 0 0 6 13 29 19 13 15 0 0 0 21 1 1 0 0 7 0 1 12 0 0 0 60 0 0 0 0 0 11 38 0 0 0 0 39 0 2 10 0 14 9 0 0 0 0 0 0 0 0 18 0 0 0 0 0 0 0 0 0 1 0 2 0 5 0 0 0 0 0 0 0 0 0 0 0 11 0 0 0 1 0 0 0 18 14 10 1 0 0 10 13 9 0 0 11 0 14 14 1 0 3 29 0 12 0 0 0 12 0 11 9 0 0 1 21 14 0 0 0 0 13 0 0 0 0 0 0 0 0 0 0 0 0 0 0 0 0 0 2 0 0 0 0 0 0 0 0 0 0 0 0 0 0 0 0 0 0 0 0 0 0 0 0 0 0 0 3 25 2 8 3 0 6 6 0 0 0 0 0 0 0 13 0 1 0 0 0 0 0 0 0 0 0 0 0 0 10 19 0 0 0 0 0 0 0 0 0 0 0 0 0 
 51 125 43 657 88 0 55 558 163 40 194 52 40 134 37 66 78 52 44 139 44 8 38 4 0 0 76 0 0 0 0 0 14 2 0 75 4 72 0 73 0 0 2 3 64 3 0 0 0 63 6 2 0 3 0 3 0 0 0 0 0 0 0 0 3 0 0 0 0 0 0 3 0 0 2 0 3 3 0 0 0 8 17 36 12 15 0 0 0 0 44 0 0 16 0 0 0 0 0 0 9 34 0 13 12 0 24 11 0 0 10 0 15 12 70 0 0 1 25 0 0 0 0 0 0 0 0 0 0 0 0 0 0 0 0 0 0 0 0 0 0 0 0 0 0 0 2 5 0 0 0 0 0 0 0 0 0 0 3 0 0 0 0 8 1 10 0 0 15 30 0 12 0 0 14 47 0 12 0 0 0 0 0 0 0 0 40 8 9 42 2 34 2 8 24 11 10 6 34 0 0 1 0 0 12 0 0 27 0 0 0 0 0 0 0 0 0 0 0 0 0 11 0 0 0 0 0 0 0 8 0 0 0 0 0 0 0 0 0 0 0 10 0 0 0 5 86 0 4 2 0 11 0 0 0 0 0 0 0 0 0 0 0 0 0 0 1 0 0 0 0 0 0 0 0 0 0 17 0 0 0 0 0 0 0 0 0 0 0 3 
 91 133 379 71 41 55 0 368 60 31 29 46 76 266 177 115 46 36 147 235 0 0 0 3 0 0 0 0 1 0 0 0 0 2 0 2 2 3 0 1 0 36 2 3 3 3 0 0 0 0 0 2 0 3 0 3 0 0 0 0 0 0 0 0 3 0 0 0 0 0 0 7 0 0 2 0 3 3 0 0 32 14 2 0 2 0 37 23 11 10 0 0 57 26 62 37 0 7 1 12 0 0 0 0 0 2 2 0 0 0 0 2 0 0 0 0 0 0 0 0 0 0 0 0 0 0 0 10 0 0 0 0 0 0 1 0 0 0 0 0 0 0 0 0 0 0 0 0 0 0 0 0 0 0 0 0 0 0 0 31 10 0 4 0 0 0 14 0 17 0 0 0 11 21 0 0 14 2 35 0 0 0 0 0 0 0 0 0 0 0 0 0 0 1 0 0 0 0 0 0 0 0 0 13 0 0 0 0 0 0 0 0 0 0 0 0 0 0 0 0 0 0 32 0 21 1 0 0 0 0 0 0 0 18 0 0 0 17 0 0 0 0 0 0 0 2 0 0 1 0 0 12 0 0 0 0 0 0 0 0 0 0 0 0 0 0 0 0 0 0 0 0 0 0 0 0 0 0 0 0 0 0 0 0 0 0 0 0 0 0 
 226 356 185 186 140 558 368 0 299 211 400 107 303 109 134 51 176 219 138 48 0 0 0 3 0 2 0 0 1 2 0 3 0 0 0 0 2 5 74 0 0 0 2 3 3 3 0 0 0 0 65 2 0 3 0 8 0 0 0 62 0 0 0 0 3 0 0 0 0 0 0 3 0 0 2 0 2 3 0 0 25 39 37 3 38 10 13 21 36 8 15 17 24 3 17 17 23 30 0 15 0 0 0 0 0 0 1 0 0 0 0 0 1 0 26 1 0 0 0 30 0 0 0 0 0 0 0 0 0 0 0 0 0 0 0 0 0 0 0 0 0 0 0 0 0 0 0 0 0 0 0 0 0 0 0 0 0 0 0 9 23 21 1 5 35 10 0 18 0 22 8 13 0 0 33 22 0 0 0 10 0 0 0 0 0 0 0 0 0 0 0 0 0 0 0 0 0 0 18 0 0 0 0 0 0 9 0 0 0 0 0 0 0 0 0 0 0 0 0 0 0 0 0 0 0 0 0 0 0 0 0 0 0 0 0 0 0 0 0 0 0 1 0 0 0 2 1 0 0 139 0 8 9 0 0 0 0 0 0 0 0 0 0 0 0 0 0 0 0 0 0 0 0 2 0 0 10 0 0 0 0 0 0 0 10 0 0 0 0 0 
 31 405 481 86 163 163 60 299 0 421 476 207 78 108 75 300 52 81 54 88 7 0 0 3 0 0 207 0 0 1 0 0 74 0 0 0 2 3 221 0 0 0 2 3 4 3 0 0 0 0 0 2 0 3 0 7 0 6 0 0 0 0 1 0 3 0 0 0 0 0 0 3 0 0 2 0 2 3 0 0 0 10 51 17 10 0 0 0 10 1 19 2 0 0 12 0 13 80 0 0 6 10 0 0 0 0 9 0 0 0 0 0 14 7 37 0 0 0 0 53 0 14 0 0 2 0 0 0 0 0 0 0 0 0 1 0 0 0 0 1 0 0 0 0 0 0 0 0 0 0 0 0 0 0 4 0 0 0 2 0 0 0 33 54 63 1 0 0 19 39 18 2 0 6 0 48 0 12 0 0 0 0 0 0 0 0 0 0 0 0 0 0 23 0 0 0 0 0 27 11 2 0 0 0 0 0 0 21 0 0 0 0 0 0 0 19 0 0 0 0 0 0 0 0 0 1 0 0 0 0 0 0 0 0 0 0 0 0 0 0 0 9 0 0 0 3 7 2 0 49 1 2 21 0 0 0 0 0 0 0 0 0 0 0 0 0 0 0 0 0 0 0 0 0 0 1 14 5 0 0 0 0 0 0 0 0 0 0 0 0 
 170 26 402 96 78 40 31 211 421 0 97 55 205 173 177 325 248 117 109 201 0 0 0 3 0 0 2 0 0 0 0 0 30 0 0 0 2 3 152 0 0 0 2 3 3 3 0 0 0 0 1 2 0 3 0 7 0 0 0 0 0 0 0 0 3 0 0 0 0 0 0 3 0 0 2 0 3 3 0 0 20 38 56 22 41 0 0 4 0 23 17 56 0 18 7 0 59 15 0 26 0 0 0 0 0 0 0 0 0 0 0 0 1 10 1 10 0 0 21 0 0 0 0 0 0 0 0 0 0 0 0 0 0 0 0 0 0 0 0 0 0 0 0 0 0 0 0 0 0 0 0 0 0 20 0 0 0 0 0 3 2 18 15 14 7 9 0 19 0 0 36 0 0 0 15 15 42 16 0 11 0 0 0 0 0 0 0 0 0 0 1 0 27 0 0 0 0 0 12 0 0 0 0 0 0 0 0 0 0 0 0 0 0 0 0 0 0 0 0 9 0 0 12 0 0 0 0 0 0 0 0 0 0 0 0 0 0 0 0 0 0 0 0 0 0 2 89 0 2 87 0 3 0 0 0 0 0 0 0 0 0 0 13 0 0 0 0 0 0 0 0 0 0 2 0 11 0 0 0 0 0 0 0 0 0 0 0 0 0 0 
 206 390 267 378 113 194 29 400 476 97 0 93 30 107 45 73 96 205 24 51 76 76 1 3 0 0 1 2 0 0 0 0 1 75 0 0 3 3 221 75 0 0 3 3 73 3 0 0 0 0 3 2 0 3 0 7 0 0 0 0 0 0 0 0 3 0 0 0 0 0 0 3 0 0 3 0 3 3 0 0 0 11 31 15 1 15 0 0 17 1 1 12 0 2 10 0 1 16 0 0 0 22 0 0 0 0 11 10 21 0 1 0 33 17 56 0 10 0 10 33 0 0 2 0 0 0 0 0 0 0 0 0 0 0 0 0 0 0 0 0 0 0 0 0 0 0 2 4 0 0 0 0 0 0 0 0 0 0 0 0 1 0 0 15 49 9 1 2 0 25 19 13 0 0 7 78 0 0 0 0 21 0 2 0 0 0 1 11 11 0 0 0 4 0 0 0 0 0 42 43 1 0 0 0 0 0 0 0 0 0 0 0 0 0 0 0 18 0 0 0 1 0 2 0 0 0 0 0 0 0 0 0 0 0 0 0 0 2 0 0 0 11 0 0 0 0 0 0 10 44 0 4 12 0 0 0 0 0 0 0 0 0 0 0 0 0 0 0 0 0 0 0 0 0 0 1 21 1 0 0 0 0 0 0 0 2 0 0 0 0 
 37 149 281 51 117 52 46 107 207 55 93 0 103 48 240 39 269 343 42 64 0 1 0 5 2 0 1 0 0 0 4 4 25 4 0 0 2 3 1 78 0 0 2 3 3 3 6 0 6 0 0 8 0 10 4 3 0 2 0 0 0 0 0 0 3 0 0 0 0 62 7 3 0 0 2 2 3 7 0 0 25 50 0 11 12 45 0 50 0 47 15 51 0 0 0 4 83 14 0 0 10 0 0 0 0 0 0 27 3 0 0 0 13 0 0 10 0 0 20 46 0 0 0 0 2 0 0 0 0 0 0 0 0 0 1 0 0 0 0 0 1 0 0 0 0 0 5 6 0 0 0 0 0 0 0 0 0 0 0 0 4 2 0 1 14 21 31 9 16 16 28 35 0 0 16 3 15 30 0 0 18 8 0 0 0 0 16 27 10 0 0 0 18 0 0 0 0 0 40 41 0 0 0 0 0 0 0 0 0 0 0 0 0 0 0 0 0 0 0 0 26 0 0 0 0 2 0 1 0 0 0 0 0 0 0 0 0 0 0 0 0 0 0 0 0 1 86 0 2 85 5 13 1 0 0 0 0 0 0 0 0 0 14 0 0 0 0 0 0 10 0 0 0 0 0 0 2 0 0 0 0 0 0 0 0 0 0 0 0 0 
 475 67 285 75 65 40 76 303 78 205 30 103 0 169 140 316 151 78 211 184 3 0 0 3 0 0 2 0 0 1 1 0 3 3 0 1 5 3 0 0 2 0 3 3 3 4 0 3 0 8 0 4 0 3 0 5 2 0 0 0 0 0 0 2 3 0 0 0 0 1 21 3 49 0 5 0 3 3 2 0 40 24 18 15 20 18 0 19 30 25 21 18 0 33 0 0 26 13 0 48 0 0 0 0 0 0 0 0 0 0 0 0 0 0 0 0 0 0 14 0 0 0 0 0 0 0 0 0 0 0 0 2 0 0 0 0 0 10 8 0 0 0 0 0 0 0 0 0 0 0 0 0 2 0 0 0 0 0 0 4 9 41 52 0 0 1 14 30 0 0 14 15 0 0 16 0 30 7 0 22 0 0 0 0 0 0 0 0 3 0 0 0 0 0 1 0 0 0 0 0 0 0 0 0 0 0 0 0 0 0 0 0 0 0 0 0 0 0 0 0 0 0 0 1 0 0 0 0 0 0 0 0 0 0 0 0 0 0 0 0 0 0 0 0 0 4 0 0 0 89 0 7 0 0 0 0 0 0 0 0 0 0 0 0 0 0 2 0 0 0 0 0 0 0 0 1 0 0 0 0 0 0 0 0 0 0 0 0 0 0 
 327 60 99 154 270 134 266 109 108 173 107 48 169 0 119 266 129 35 64 270 65 0 4 3 47 4 4 0 6 2 0 3 0 0 6 2 2 6 1 1 0 0 2 6 5 3 0 0 0 3 9 3 0 3 0 5 4 0 0 51 0 2 0 0 6 3 0 0 0 0 1 11 0 0 2 0 3 5 8 0 15 0 1 0 1 0 37 0 0 11 2 20 10 27 0 14 12 19 0 52 0 0 0 0 0 0 1 0 4 0 0 0 1 0 0 0 0 0 14 0 0 0 0 0 0 0 0 0 0 0 0 0 0 0 0 0 0 0 0 0 0 0 0 0 0 0 0 0 0 0 0 0 0 0 0 0 0 0 0 0 0 37 0 20 0 16 7 8 35 0 10 0 5 34 4 5 40 10 13 11 0 0 0 0 0 0 0 0 0 0 0 0 0 0 0 0 0 0 2 0 0 0 0 0 0 0 0 0 0 0 0 0 0 0 0 0 0 0 0 0 0 0 0 0 0 0 0 0 0 0 0 0 0 0 0 0 0 0 0 0 0 1 0 0 0 0 2 1 1 0 12 1 0 0 0 0 0 0 0 0 0 0 0 2 0 0 0 0 0 0 0 0 0 2 0 0 0 0 0 0 0 0 0 0 0 0 0 0 0 0 
 38 113 153 57 72 37 177 134 75 177 45 240 140 119 0 58 172 109 89 520 0 0 0 5 0 0 2 3 0 2 0 0 0 0 0 1 2 3 0 0 0 0 2 3 3 3 0 0 0 0 0 2 0 3 6 3 0 0 0 0 0 0 0 0 3 0 0 0 0 0 0 8 0 14 5 0 50 3 0 2 81 27 0 0 8 0 29 32 14 0 22 35 26 31 17 25 1 0 0 9 0 0 0 0 0 0 0 0 0 0 0 0 0 0 0 0 0 0 0 0 0 0 0 2 0 0 0 0 0 2 0 0 0 0 0 0 0 2 0 0 0 0 0 0 0 0 1 0 0 0 0 0 0 0 0 0 0 0 0 0 7 1 0 0 0 0 0 0 3 0 0 0 11 21 0 0 23 0 31 0 0 0 0 0 0 0 0 0 0 0 0 0 0 0 0 0 0 0 0 0 0 0 2 0 12 0 0 0 0 0 0 0 0 1 0 0 0 0 1 0 0 0 0 0 0 0 0 0 0 0 0 0 0 0 0 1 0 0 47 0 0 0 0 0 0 0 0 0 2 43 0 17 0 0 0 0 0 0 0 0 0 0 0 0 0 0 0 0 0 0 0 0 0 0 0 0 10 0 0 0 0 0 0 0 0 0 0 0 0 0 
 214 42 70 134 193 66 115 51 300 325 73 39 316 266 58 0 321 22 251 402 0 0 0 3 0 0 0 0 0 2 0 0 20 0 0 1 2 3 73 1 0 0 2 3 3 3 0 0 0 3 0 2 0 3 0 3 0 40 0 0 0 0 0 0 3 0 0 1 0 0 3 3 0 0 2 0 3 3 0 2 8 15 13 18 53 0 0 16 9 66 3 22 1 23 16 16 26 37 11 10 0 0 0 0 0 0 0 1 0 0 0 0 0 0 0 0 0 0 10 0 0 0 0 0 0 0 1 0 0 0 0 0 0 0 0 0 0 0 0 1 0 0 0 0 0 0 0 0 0 0 0 0 0 0 2 0 0 0 0 2 0 53 25 62 0 10 1 17 14 0 9 5 0 0 0 20 21 8 0 32 0 0 0 0 0 0 0 0 0 1 0 0 10 27 0 0 0 0 0 0 0 0 0 0 0 0 0 0 2 0 0 0 0 0 0 0 2 0 0 2 0 7 0 0 0 0 0 0 0 0 0 0 0 2 0 1 0 0 0 0 0 0 0 0 0 1 0 0 0 1 10 9 0 0 0 0 0 0 0 0 0 0 0 0 0 0 0 0 0 0 0 0 31 0 0 25 0 0 0 0 0 0 0 0 0 0 0 0 0 0 
 129 31 427 52 50 78 46 176 52 248 96 269 151 129 172 321 0 201 91 137 0 0 0 3 0 0 0 0 0 2 0 0 104 0 0 0 3 4 73 0 0 0 3 3 45 3 0 0 0 0 60 64 0 5 0 3 0 0 0 0 0 0 0 0 3 0 0 0 0 0 0 3 0 0 3 0 3 3 0 0 16 23 11 77 17 13 0 20 10 27 17 82 0 10 9 0 33 9 0 14 0 0 0 2 26 0 0 1 12 0 0 0 10 26 0 13 0 0 19 4 2 0 0 0 0 0 0 0 0 0 0 0 0 12 0 0 0 0 0 0 0 1 2 0 0 0 0 0 0 0 0 0 0 0 0 0 0 2 0 11 6 39 20 15 0 29 0 18 0 0 33 0 0 0 37 25 46 27 0 30 0 0 0 0 0 10 0 0 0 0 0 0 40 0 0 0 0 0 21 0 0 0 0 0 0 0 0 0 0 0 0 0 0 0 1 0 0 0 0 0 0 0 0 0 0 0 0 0 2 0 16 0 0 0 0 0 0 0 0 0 0 0 0 0 0 0 95 0 1 6 7 15 0 0 0 0 0 0 0 0 0 0 10 0 0 0 0 0 0 0 0 0 0 0 0 11 9 0 0 0 0 0 0 0 0 0 0 0 0 0 
 60 117 280 122 352 52 36 219 81 117 205 343 78 35 109 22 201 0 22 34 61 0 1 3 0 0 0 0 2 1 0 0 75 1 0 0 2 3 81 0 0 0 2 3 3 5 0 0 0 0 0 2 0 3 0 8 0 0 0 0 0 0 0 0 3 0 0 0 0 0 4 3 0 0 2 0 3 3 0 0 13 32 0 25 16 36 0 14 0 32 9 47 4 7 0 9 22 10 19 1 2 10 0 6 0 0 0 12 41 0 0 0 0 10 0 1 5 0 0 23 0 0 0 0 0 0 0 0 0 0 0 0 0 0 0 0 0 0 0 0 0 0 0 0 0 0 3 4 0 0 0 0 0 0 0 0 0 0 0 0 6 0 22 18 37 0 2 20 0 17 23 36 0 0 11 13 15 18 0 0 34 0 0 0 0 0 0 23 0 1 0 0 25 0 0 0 0 0 0 39 0 8 0 0 0 0 0 0 0 0 0 0 0 15 0 0 0 0 0 0 0 0 0 0 0 0 0 0 0 0 0 0 0 0 0 0 0 0 0 0 0 0 0 0 0 5 5 1 124 86 0 5 12 0 1 0 0 0 0 0 0 0 19 0 0 0 0 0 0 0 0 0 0 0 0 0 19 7 0 0 0 0 0 0 0 0 0 0 0 0 
 311 246 148 115 63 44 147 138 54 109 24 42 211 64 89 251 91 22 0 190 3 2 2 4 0 7 0 0 0 1 0 3 4 3 0 5 1 3 2 2 7 2 0 2 0 0 0 6 0 0 1 4 0 0 0 2 0 0 0 0 0 0 3 2 0 0 0 0 0 2 4 0 6 0 2 0 0 0 2 0 27 16 0 21 0 29 16 0 0 0 0 0 34 0 0 34 15 0 27 49 0 2 0 0 0 0 0 0 0 0 0 0 0 0 0 0 0 0 0 0 0 0 0 0 13 0 2 0 0 0 0 0 0 0 0 0 0 0 0 0 0 0 0 0 0 0 0 0 0 0 0 0 0 0 2 0 0 0 0 9 11 46 20 0 0 0 3 0 1 0 0 0 1 33 46 0 57 0 8 8 0 0 0 0 5 0 0 0 0 0 0 0 0 0 0 0 0 0 0 0 0 0 0 0 0 0 0 0 1 2 0 0 0 0 0 0 1 0 0 1 0 0 0 0 0 0 0 0 27 0 0 0 0 1 0 2 0 0 0 0 0 0 0 0 0 2 0 0 0 2 0 14 0 0 0 0 0 0 0 0 0 0 0 0 0 0 0 0 0 0 0 0 0 0 0 0 0 0 0 0 18 0 0 0 0 0 0 0 0 0 
 389 46 59 78 379 139 235 48 88 201 51 64 184 270 520 402 137 34 190 0 1 3 2 5 0 1 3 0 1 0 0 0 3 2 0 1 3 81 0 2 0 0 2 6 3 6 0 0 0 3 3 2 0 3 0 8 2 3 6 63 2 0 0 0 3 0 0 44 2 0 0 8 0 0 2 3 3 3 0 0 12 0 1 0 0 5 50 25 13 11 22 17 11 50 14 0 12 2 0 1 0 0 0 0 0 0 0 0 0 0 0 0 0 0 0 0 0 0 10 14 0 0 0 0 0 0 0 0 0 0 0 0 0 0 0 0 0 0 1 0 2 0 0 0 0 0 0 0 0 0 0 0 0 0 0 0 0 0 0 0 1 47 24 0 0 3 3 18 11 0 9 7 0 23 0 0 51 23 19 11 0 0 0 0 0 0 0 0 0 0 0 0 0 0 0 0 0 0 0 0 0 0 0 13 0 0 0 0 0 0 0 0 0 0 0 0 0 2 0 0 0 0 0 0 0 0 0 0 0 0 0 0 0 0 0 8 0 0 0 0 0 0 0 0 0 3 0 0 0 1 12 10 0 0 0 0 0 0 1 0 0 0 0 0 0 0 0 2 0 0 0 0 0 0 0 0 0 0 0 0 0 0 0 0 0 0 0 0 0 0 
 0 0 0 74 74 44 0 0 7 0 76 0 3 65 0 0 0 61 3 1 0 187 82 592 197 23 153 77 430 89 97 82 60 190 132 37 144 34 277 38 11 2 0 0 65 0 2 3 0 3 2 0 3 0 1 2 2 2 0 0 0 0 3 0 0 0 0 4 0 5 0 0 0 3 0 0 0 3 0 2 0 0 0 18 0 0 2 0 0 0 0 3 0 0 0 0 0 1 7 0 15 0 13 0 16 1 0 0 1 0 3 30 1 0 0 7 21 9 9 13 0 1 0 0 0 0 0 0 0 0 0 0 0 0 0 0 0 0 10 0 0 9 0 0 0 0 0 0 0 0 0 7 0 0 0 1 0 0 0 0 0 0 15 13 12 13 0 0 2 0 0 0 0 0 0 46 0 0 0 0 13 9 15 50 0 30 14 5 23 14 1 1 20 17 28 4 20 2 0 0 0 0 0 0 0 0 2 0 0 0 0 0 13 0 0 0 0 0 21 0 0 0 0 0 0 0 0 0 0 0 0 0 0 0 0 0 0 0 0 0 0 0 0 0 0 0 0 0 74 0 0 0 0 0 11 2 2 124 4 0 3 2 0 0 0 0 8 0 0 0 0 0 0 0 0 0 23 0 0 0 0 10 0 0 0 0 0 0 0 0 
 0 0 0 74 74 8 0 0 0 0 76 1 0 0 0 0 0 0 2 3 187 0 213 100 171 37 105 92 163 34 196 25 68 268 123 54 128 99 136 334 5 4 0 206 3 0 206 5 0 0 208 2 62 0 0 3 2 2 1 0 2 0 3 4 0 4 0 0 0 0 0 0 0 3 2 0 0 3 0 2 0 0 0 0 0 22 0 0 0 0 0 0 0 0 0 0 0 0 0 0 11 18 14 22 32 7 10 0 20 27 1 17 0 14 13 8 1 35 12 0 10 0 0 0 0 0 0 2 0 0 0 0 0 0 0 0 0 0 10 1 0 3 0 0 0 0 0 0 0 0 0 0 2 0 0 0 0 0 0 0 0 12 0 0 0 0 0 0 0 0 0 9 0 0 0 0 13 0 0 0 14 1 10 40 0 32 13 0 15 12 0 15 15 11 28 22 8 13 2 10 19 0 0 0 0 0 0 0 0 0 0 0 3 0 0 0 0 0 20 0 0 0 0 0 2 0 0 0 0 0 0 0 0 0 4 0 0 0 0 0 0 0 0 0 0 0 0 0 74 0 0 0 0 0 9 0 3 78 155 2 2 0 0 0 0 0 0 0 0 0 20 0 0 0 0 0 0 0 0 0 0 0 0 0 0 0 0 0 0 0 
 0 0 0 3 1 38 0 0 0 0 1 0 0 4 0 0 0 1 2 2 82 213 0 307 230 115 112 101 207 256 134 51 77 37 63 158 45 35 31 136 1 2 0 13 3 0 0 3 0 0 7 0 1 0 2 0 2 2 0 86 0 0 3 0 0 0 0 0 3 0 0 0 28 3 0 0 0 3 0 2 0 0 0 2 0 18 1 0 0 0 0 2 0 0 0 0 0 0 0 0 46 0 0 19 3 16 20 1 0 0 64 26 0 0 0 1 26 19 0 15 0 2 0 0 0 0 0 0 10 0 0 0 10 0 2 0 0 0 0 6 0 0 10 0 0 0 13 0 0 4 1 0 0 0 0 0 0 0 0 0 0 0 0 0 0 0 0 0 0 0 0 10 0 0 0 0 1 0 0 0 39 10 0 11 0 0 14 11 12 21 24 42 0 3 45 12 28 26 0 12 18 0 0 0 0 0 0 12 7 0 0 0 1 10 0 0 0 0 35 27 0 0 0 0 0 0 0 1 0 0 0 2 11 0 0 0 3 0 0 0 0 0 22 0 0 0 0 0 1 0 0 0 0 2 15 0 0 0 3 1 2 11 0 0 0 0 0 0 0 0 0 0 0 0 0 0 0 0 0 0 0 0 0 0 0 0 31 0 0 0 
 3 3 3 6 3 4 3 3 3 3 3 5 3 3 5 3 3 3 4 5 592 100 307 0 100 124 236 240 352 176 76 208 99 65 148 129 150 58 82 208 2 5 0 4 3 0 0 2 0 0 2 0 21 0 2 0 2 2 0 0 0 0 3 0 0 0 0 18 51 9 0 0 1 3 0 0 0 3 0 6 0 0 0 2 1 0 1 0 0 0 0 2 0 0 0 0 0 0 0 0 16 1 4 20 0 10 16 14 0 32 24 16 2 0 18 9 10 19 1 8 0 2 0 0 0 0 0 0 0 0 0 0 11 0 0 0 0 0 13 0 0 0 0 0 33 0 0 0 0 3 0 0 0 0 0 0 2 0 0 0 0 9 0 0 0 0 0 0 0 0 0 0 0 0 0 8 0 0 0 0 10 17 5 41 17 0 29 22 28 0 12 24 0 6 6 51 20 29 0 8 21 12 0 0 0 0 11 0 0 0 0 0 0 6 12 0 0 0 7 0 0 0 0 0 0 0 0 0 0 0 0 2 0 0 0 0 0 5 0 0 0 0 10 0 0 0 0 0 0 0 0 0 0 2 5 1 0 82 75 1 4 11 1 0 0 0 11 0 0 0 0 0 0 0 0 0 0 0 0 0 0 0 0 0 0 0 0 0 0 0 
 0 105 0 0 0 0 0 0 0 0 0 2 0 47 0 0 0 0 0 0 197 171 230 100 0 153 286 240 324 153 129 363 74 75 380 102 38 107 71 60 1 18 0 1 3 0 71 18 0 2 2 5 51 89 1 27 64 2 71 131 0 0 3 0 0 0 2 0 4 0 0 3 2 3 2 0 0 3 0 2 0 0 13 0 0 0 0 0 0 0 0 0 0 0 0 0 0 0 0 0 0 1 1 12 0 12 0 2 0 19 13 9 0 1 0 0 0 0 2 0 18 12 1 10 2 0 50 9 25 0 0 2 10 16 39 1 15 0 4 26 0 0 0 0 0 2 0 0 0 0 0 0 0 0 0 1 0 0 0 0 0 0 0 0 0 0 0 0 0 0 0 0 0 0 0 0 0 0 0 0 0 18 0 37 21 11 0 0 0 0 16 0 0 0 0 1 20 37 0 0 0 17 14 7 0 0 0 34 4 10 0 0 2 2 21 23 0 0 2 22 0 0 0 0 0 0 0 0 0 0 0 0 0 0 0 0 0 0 0 0 0 0 0 0 0 0 0 0 0 0 0 0 0 0 14 0 1 2 0 0 85 0 0 0 0 0 0 0 0 0 0 0 0 0 0 0 0 0 0 0 0 0 0 0 0 0 0 0 0 0 
 0 0 2 0 0 0 0 2 0 0 0 0 0 4 0 0 0 0 7 1 23 37 115 124 153 0 53 440 59 307 137 232 24 61 46 337 56 237 264 56 1 21 5 3 11 1 124 22 64 0 3 0 68 62 76 29 67 2 127 90 2 59 3 2 0 0 0 2 10 57 2 0 6 4 0 0 0 6 0 2 14 0 0 0 0 0 0 0 0 0 0 0 10 0 0 0 0 0 0 0 0 0 0 0 9 61 0 16 0 1 0 4 0 0 0 0 18 0 0 0 10 43 28 0 0 0 24 1 30 19 0 0 44 19 11 0 9 0 1 63 0 0 0 0 5 0 0 0 0 1 8 0 0 0 0 0 12 0 0 0 0 0 0 0 0 0 0 0 0 0 1 0 0 0 0 0 0 0 0 0 0 0 1 19 12 13 0 0 0 0 1 0 0 14 5 0 1 1 0 0 0 16 0 12 12 0 18 17 50 0 15 0 0 27 1 58 36 71 0 16 9 0 0 0 0 0 0 0 0 0 0 0 0 0 0 0 0 0 0 0 0 0 0 0 0 0 0 0 2 0 0 0 0 0 9 0 0 32 1 1 9 13 0 0 0 0 0 0 0 0 0 0 0 0 0 0 0 0 0 0 0 0 0 0 0 0 17 0 0 8 
 2 0 0 7 2 76 0 0 207 2 1 1 2 4 2 0 0 0 0 3 153 105 112 236 286 53 0 290 144 186 325 56 377 300 67 93 189 85 57 261 1 2 0 213 3 0 0 3 6 0 2 0 0 0 4 0 4 2 0 0 0 0 3 0 2 5 0 0 0 0 0 11 0 3 0 0 0 3 0 2 0 21 0 0 0 0 0 0 0 0 14 0 0 0 0 0 0 0 0 0 56 6 21 12 15 0 19 32 0 30 22 26 10 13 58 27 0 10 8 20 0 0 0 0 0 0 0 0 0 0 0 0 0 2 1 0 2 0 21 0 0 3 0 2 0 0 0 0 0 0 0 5 0 0 0 6 0 4 0 0 0 0 0 0 0 0 0 0 0 0 0 0 0 0 0 0 0 0 0 0 33 39 39 0 10 0 26 11 4 32 0 40 0 14 43 22 19 22 11 14 0 8 0 0 0 0 8 0 0 0 0 0 9 0 0 0 0 0 16 12 0 0 0 0 0 0 0 0 0 0 0 0 0 0 0 0 0 0 0 0 0 0 22 0 0 0 0 0 0 0 0 0 0 0 2 0 2 1 0 0 2 2 0 0 0 0 0 0 0 0 0 0 0 0 0 1 0 0 0 0 0 13 0 0 0 0 0 0 0 0 
 0 0 1 0 97 0 0 0 0 0 2 0 0 0 3 0 0 0 0 0 77 92 101 240 240 440 290 0 339 372 114 391 339 375 148 65 155 267 81 220 4 2 0 0 3 0 0 4 0 0 2 0 0 7 3 0 2 2 0 0 0 0 3 0 0 8 0 0 0 1 0 28 0 3 3 0 0 3 0 2 0 0 0 0 8 1 4 0 0 1 0 0 1 0 0 2 0 0 0 0 55 12 36 1 16 12 11 27 1 12 25 2 12 0 37 6 0 0 11 0 0 0 0 0 0 0 13 0 0 0 0 0 0 0 0 0 0 0 32 0 0 0 0 0 0 0 0 0 0 0 0 4 0 0 0 4 2 0 0 0 0 0 0 0 0 0 0 0 7 0 0 0 0 0 0 0 0 0 0 0 42 29 28 23 44 1 15 20 0 1 4 23 0 39 1 38 12 20 0 0 0 0 0 2 0 0 22 0 0 0 0 0 10 0 4 0 0 0 23 69 0 0 0 0 0 7 0 0 0 0 0 0 0 0 0 0 0 0 0 0 0 0 0 0 0 0 0 0 0 0 0 0 0 0 4 0 0 2 0 2 7 0 0 0 0 1 11 0 0 0 0 0 0 0 0 0 0 0 0 7 0 0 0 0 0 0 0 0 0 0 
 0 0 0 0 0 0 1 1 0 0 0 0 0 6 0 0 0 2 0 1 430 163 207 352 324 59 144 339 0 298 164 154 79 98 74 70 476 159 391 140 6 2 0 0 3 3 0 3 0 0 3 18 62 0 1 2 2 2 9 64 0 0 3 2 0 0 0 0 5 0 0 0 7 55 0 0 0 3 0 2 0 0 0 0 0 0 0 0 0 0 1 0 0 0 0 0 0 0 0 1 0 0 0 45 61 9 52 9 11 59 0 7 0 7 15 11 20 62 11 0 11 0 0 0 0 0 20 0 0 0 0 0 0 0 4 0 0 0 40 22 0 12 0 0 0 0 0 0 0 0 0 0 2 0 0 0 0 0 0 0 0 4 0 0 0 0 0 1 10 0 0 0 0 0 0 0 0 1 1 13 0 21 25 47 21 0 14 0 0 3 12 0 14 49 32 47 30 41 0 0 39 0 0 0 0 1 0 0 0 0 0 0 9 0 12 0 0 0 1 1 0 0 0 0 1 0 0 0 0 0 0 0 0 0 0 0 0 0 0 0 0 0 0 0 0 0 2 0 0 0 0 0 0 0 11 1 4 81 76 0 4 2 0 0 0 0 2 0 0 0 0 0 0 0 0 0 0 0 0 0 0 0 0 0 0 0 18 0 0 0 
 0 0 1 0 64 0 0 2 1 0 0 0 1 2 2 2 2 1 1 0 89 34 256 176 153 307 186 372 298 0 95 49 51 139 171 202 88 151 98 110 2 2 0 0 3 1 0 3 14 0 2 0 0 0 1 1 2 2 6 0 0 0 3 2 0 0 0 4 0 3 0 0 0 3 0 0 3 3 0 2 0 0 0 0 0 0 0 0 0 0 0 0 0 0 0 0 0 0 0 0 11 0 14 27 6 0 14 10 1 14 18 10 0 0 11 9 14 3 0 0 35 47 0 0 0 0 47 9 0 0 0 0 14 18 18 0 2 0 21 0 0 0 0 0 0 0 0 0 0 0 0 8 0 0 0 7 0 0 0 0 0 0 8 0 0 0 0 0 1 0 0 0 0 0 0 0 0 0 0 0 0 9 23 8 48 26 0 0 15 0 36 1 7 6 11 4 8 0 0 0 0 0 43 0 0 0 26 1 0 0 2 0 13 0 21 0 0 0 1 0 0 0 0 0 0 0 0 0 0 0 0 0 0 0 0 0 30 0 0 0 0 0 0 0 0 0 0 0 0 0 0 0 0 0 0 1 0 91 0 0 6 2 0 0 0 0 9 0 0 0 0 0 0 0 0 0 0 0 0 1 0 12 0 0 0 18 0 0 0 0 
 0 0 0 0 0 0 0 0 0 0 0 4 1 0 0 0 0 0 0 0 97 196 134 76 129 137 325 114 164 95 0 179 29 100 170 252 155 121 45 92 13 2 0 50 3 0 0 3 0 0 2 0 82 14 1 0 2 4 0 88 0 0 3 0 0 0 0 0 2 0 0 0 5 3 0 0 0 3 0 2 0 0 0 0 0 0 0 0 0 0 0 0 0 0 0 0 0 0 0 0 0 0 39 0 52 6 14 10 2 13 1 46 0 30 11 32 38 13 19 0 15 0 0 0 0 0 0 0 0 0 0 0 0 0 0 0 0 0 0 12 0 15 0 0 0 0 0 0 0 0 0 0 0 0 0 0 0 0 0 0 1 0 0 0 1 0 0 1 0 0 0 0 0 0 0 0 0 0 0 0 1 15 7 27 13 12 1 0 0 20 27 0 6 5 2 5 34 27 0 0 0 0 0 0 0 0 7 1 2 0 0 0 20 0 0 0 0 0 19 0 0 0 0 0 0 0 0 0 0 0 0 0 0 0 0 0 0 0 0 0 0 0 28 0 0 0 0 0 0 0 0 0 0 0 6 4 4 4 6 1 0 0 0 0 0 0 0 0 0 0 0 0 0 0 0 0 0 0 0 0 0 13 0 0 0 0 10 0 0 0 
 0 0 0 0 0 0 0 3 0 0 0 4 0 3 0 0 0 0 3 0 82 25 51 208 363 232 56 391 154 49 179 0 106 46 97 263 249 64 45 44 7 76 0 2 3 1 61 70 1 0 2 1 64 0 4 86 5 5 5 81 2 0 3 1 0 0 0 0 3 0 0 0 5 3 0 0 0 3 0 2 0 0 0 0 0 0 0 0 0 0 0 0 0 0 0 0 0 0 0 0 0 0 17 15 2 75 0 0 0 33 17 17 0 0 18 0 32 13 0 0 21 19 1 1 0 0 12 16 10 0 0 0 29 27 13 1 20 0 22 23 0 0 0 0 0 0 0 1 0 5 1 0 0 0 0 8 0 0 0 0 0 0 0 0 0 0 0 1 0 0 7 0 0 0 0 0 0 0 0 0 0 26 0 11 15 23 0 2 0 0 33 11 0 0 0 15 31 26 0 0 0 2 0 0 0 0 8 12 7 0 1 0 9 10 22 19 0 0 36 0 0 0 0 8 0 0 0 0 2 0 0 0 11 0 0 0 2 0 0 0 0 0 0 0 0 0 0 0 0 0 0 0 0 0 24 0 0 0 2 0 6 24 0 0 0 0 0 0 0 0 0 0 0 0 0 0 0 0 0 8 0 0 0 0 0 0 15 0 0 0 
 75 78 0 18 150 14 0 0 74 30 1 25 3 0 0 20 104 75 4 3 60 68 77 99 74 24 377 339 79 51 29 106 0 294 133 217 29 37 103 148 4 3 3 0 4 0 0 5 2 0 2 2 0 8 3 6 2 2 0 0 0 0 3 0 3 0 0 0 0 52 2 1 3 2 4 0 2 3 2 2 0 0 0 0 23 11 0 0 0 19 12 14 0 0 0 0 14 0 0 0 0 11 13 12 0 0 28 37 34 0 0 0 0 12 0 18 13 1 17 0 0 0 0 2 2 0 0 0 0 0 0 0 0 0 0 12 0 0 0 0 0 0 0 0 0 2 1 0 0 2 22 0 0 0 1 0 0 13 44 0 0 0 0 6 0 0 0 0 0 12 26 1 0 27 0 0 11 28 0 0 0 0 17 0 0 8 0 0 8 13 12 0 23 17 18 2 9 4 0 0 0 0 0 0 0 0 0 0 0 0 0 0 0 0 0 0 0 0 1 0 0 0 0 0 0 0 0 0 0 0 0 0 0 0 0 1 0 0 0 0 0 0 0 0 0 1 151 0 0 0 0 0 0 0 14 0 4 0 0 3 13 0 14 0 0 0 0 0 0 0 2 2 0 0 0 0 0 7 0 0 0 0 0 0 0 0 0 0 0 0 
 0 1 0 75 76 2 2 0 0 0 75 4 3 0 0 0 0 1 3 2 190 268 37 65 75 61 300 375 98 139 100 46 294 0 347 176 168 294 104 93 13 2 0 0 3 0 0 3 0 0 2 0 0 0 0 2 2 2 0 0 0 0 3 0 0 0 0 0 0 3 0 0 0 3 0 46 0 3 0 2 0 0 0 0 0 19 0 0 0 0 0 0 0 0 0 0 0 1 0 0 27 34 47 10 20 0 21 9 12 0 7 1 11 14 15 3 30 9 14 0 0 0 0 0 0 0 15 1 0 0 0 0 0 0 0 0 0 0 10 2 0 2 0 0 0 0 0 0 0 0 0 7 0 0 0 9 0 17 0 0 0 0 0 0 0 0 0 0 0 1 0 9 0 0 0 0 1 0 0 0 26 12 26 25 15 11 12 0 2 5 16 1 9 1 0 10 31 10 0 0 0 0 0 0 0 0 19 0 0 0 0 0 14 14 0 0 0 0 42 0 0 0 0 0 1 0 0 0 0 0 0 0 0 0 0 0 0 0 0 0 0 0 0 0 0 0 0 0 75 0 0 1 0 0 6 2 0 0 5 0 7 0 0 0 0 0 0 0 0 0 0 0 0 0 0 0 0 0 0 0 0 0 0 0 0 0 0 0 0 0 
 0 1 0 4 60 0 0 0 0 0 0 0 0 6 0 0 0 0 0 0 132 123 63 148 380 46 67 148 74 171 170 97 133 347 0 172 106 59 72 95 17 2 0 0 4 0 0 3 0 63 2 0 63 0 1 0 2 4 0 62 0 0 3 4 0 0 4 0 0 0 0 0 0 3 0 0 0 3 0 3 0 2 0 0 0 0 0 8 15 0 0 0 0 1 0 0 0 0 0 0 25 0 47 0 36 19 0 14 7 25 12 13 1 6 14 7 1 10 0 0 20 0 0 0 0 0 8 0 0 0 0 0 0 0 0 0 0 0 17 0 0 0 0 0 0 0 0 0 0 0 0 1 0 0 0 5 0 7 0 0 0 0 0 0 0 0 0 0 0 0 0 0 0 0 0 0 0 0 0 0 3 13 11 41 0 24 15 14 19 19 1 53 0 6 27 40 10 11 0 0 0 0 0 0 0 0 7 2 0 0 0 0 0 0 0 0 0 0 25 0 0 0 2 0 16 0 0 0 0 0 0 0 0 0 0 0 0 1 0 0 0 0 0 0 0 0 0 0 0 0 0 0 0 0 8 0 0 3 76 0 11 2 0 0 0 0 0 0 0 0 0 0 0 0 0 0 0 0 0 7 0 0 0 0 0 0 0 0 0 0 
 0 0 0 1 0 75 2 0 0 0 0 0 1 2 1 1 0 0 5 1 37 54 158 129 102 337 93 65 70 202 252 263 217 176 172 0 164 92 57 145 2 3 0 0 3 0 0 3 0 0 2 0 0 0 0 0 3 2 0 36 0 2 3 0 1 3 0 0 0 0 30 0 0 2 0 0 0 3 0 2 0 0 0 0 0 1 0 0 2 0 18 0 0 0 0 0 0 0 0 0 0 19 32 13 11 12 11 16 6 15 10 1 9 16 15 15 8 0 12 0 0 0 0 0 0 0 27 0 0 0 2 0 0 0 0 2 0 0 10 0 0 0 1 0 0 1 0 0 0 0 0 0 0 0 0 7 0 1 0 2 0 2 0 0 0 0 8 0 0 0 0 1 0 0 0 0 0 0 0 0 9 28 10 14 0 0 19 14 6 18 18 23 8 0 0 66 28 29 10 0 0 0 0 0 0 0 7 0 0 0 0 0 10 0 0 0 0 2 18 0 0 11 0 0 0 0 0 0 0 0 0 0 0 0 0 0 0 0 0 0 0 0 19 0 0 0 0 0 0 0 0 0 0 0 13 1 1 1 0 2 13 0 0 0 0 0 0 0 0 0 0 0 0 0 0 1 0 1 0 7 0 0 0 0 1 0 0 0 0 0 
 2 2 2 2 211 4 2 2 2 2 3 2 5 2 2 2 3 2 1 3 144 128 45 150 38 56 189 155 476 88 155 249 29 168 106 164 0 273 260 39 22 2 0 0 3 0 0 3 0 0 2 0 4 0 0 3 2 2 0 0 0 0 3 0 0 0 0 0 0 0 0 0 0 48 0 0 0 3 0 2 0 0 0 0 0 0 2 0 0 0 0 0 0 0 0 0 0 0 0 0 5 20 18 38 32 0 18 0 1 9 1 28 4 0 0 0 30 20 18 0 37 3 0 0 0 0 24 50 0 0 0 0 20 22 35 0 2 0 13 0 0 0 16 0 0 0 0 0 0 0 0 8 0 0 0 7 0 0 0 0 0 15 0 0 0 0 0 8 0 0 0 0 0 0 0 0 0 0 0 0 2 25 9 8 11 27 19 0 1 9 30 1 0 0 0 13 18 40 0 0 0 1 16 0 0 0 2 0 0 0 0 0 4 0 11 0 0 0 0 0 0 0 0 0 0 14 0 0 0 0 0 0 0 0 0 0 0 0 0 0 0 0 0 0 0 0 0 0 0 0 0 0 0 1 12 1 1 77 79 2 2 2 0 0 0 0 0 0 0 0 0 0 0 0 0 0 0 0 0 0 0 0 0 0 0 20 0 0 0 0 
 3 3 3 51 131 72 3 5 3 3 3 3 3 6 3 3 4 3 3 81 34 99 35 58 107 237 85 267 159 151 121 64 37 294 59 92 273 0 138 82 1 2 0 0 3 0 0 3 2 0 2 2 64 0 0 3 2 2 3 1 1 3 3 0 0 0 1 0 1 0 0 0 49 3 0 3 0 6 0 2 0 0 0 0 3 0 0 0 0 0 20 0 1 0 0 0 0 0 0 0 0 12 13 32 14 15 7 12 18 35 0 10 0 22 43 0 0 18 19 0 51 14 0 0 0 0 15 31 0 0 0 0 17 21 20 0 0 0 17 34 0 3 0 0 0 0 0 0 0 0 0 0 0 0 0 0 0 1 0 0 0 6 0 2 14 0 0 3 0 0 3 12 4 0 0 0 0 0 0 0 0 0 5 3 12 12 29 0 0 9 24 0 12 7 21 10 0 15 12 0 0 0 12 0 0 0 16 0 8 0 0 0 13 0 24 0 0 0 18 2 0 0 0 0 0 0 0 0 0 0 0 1 0 0 1 0 0 0 0 0 0 0 0 0 0 0 0 0 0 0 0 0 0 0 0 3 3 88 76 0 3 0 0 0 0 0 0 0 0 0 0 0 0 0 0 6 0 0 0 10 0 7 0 0 0 22 0 0 0 0 
 0 75 75 0 72 0 0 74 221 152 221 1 0 1 0 73 73 81 2 0 277 136 31 82 71 264 57 81 391 98 45 45 103 104 72 57 260 138 0 289 2 3 0 0 3 0 0 2 0 0 3 0 0 0 0 5 37 2 0 0 0 0 3 0 0 2 0 0 0 0 0 0 0 2 0 0 0 3 0 2 0 11 35 21 0 0 0 0 12 11 11 0 0 1 8 0 14 31 0 0 14 0 0 10 21 0 9 0 0 14 0 47 21 22 10 14 8 0 0 64 0 0 0 0 0 0 0 2 0 0 0 0 0 0 0 0 0 0 0 1 0 9 0 0 0 0 0 0 0 0 0 0 0 0 0 0 0 0 0 0 0 0 21 26 32 12 0 0 0 40 6 1 0 0 2 19 2 0 0 0 0 8 0 0 0 0 0 0 0 12 0 0 27 0 0 0 0 0 23 17 0 0 0 0 0 0 1 0 0 0 0 0 0 0 0 0 0 0 0 0 0 0 0 0 2 0 0 0 0 0 0 0 0 0 0 0 0 0 0 0 0 9 0 0 0 0 1 0 2 72 0 0 0 0 13 0 1 6 0 2 3 2 0 0 0 0 0 0 0 0 0 0 0 0 0 0 22 0 0 0 0 15 0 0 0 0 0 0 0 0 
 0 0 0 25 0 73 1 0 0 0 75 78 0 1 0 1 0 0 2 2 38 334 136 208 60 56 261 220 140 110 92 44 148 93 95 145 39 82 289 0 1 2 2 6 72 3 66 3 21 0 2 2 0 3 0 3 2 5 0 3 0 0 3 0 2 0 0 51 0 51 2 2 51 3 2 0 1 5 6 2 0 0 1 0 24 20 0 0 0 1 24 27 0 0 1 0 0 1 0 1 0 12 25 0 23 0 21 50 21 11 11 0 0 15 112 18 28 40 9 32 0 0 0 0 0 0 0 0 0 0 0 0 0 0 0 0 0 7 13 0 0 0 0 4 0 0 0 2 0 0 0 0 2 0 6 0 2 0 0 0 0 0 0 0 18 0 0 0 0 0 0 0 0 12 0 0 3 0 1 0 25 43 45 0 28 3 32 28 17 23 14 2 37 29 51 16 11 21 23 31 0 0 0 0 0 0 8 0 0 0 0 0 3 0 0 0 0 0 0 0 2 0 0 0 1 0 0 0 0 0 0 0 0 0 3 0 0 0 0 0 0 0 11 0 0 0 0 0 0 0 0 0 0 0 18 0 2 1 0 2 2 0 0 0 0 0 0 0 0 0 13 0 0 0 0 13 0 0 0 0 0 0 0 0 0 0 0 0 0 0 
 0 0 0 2 0 0 0 0 0 0 0 0 2 0 0 0 0 0 7 0 11 5 1 2 1 1 1 4 6 2 13 7 4 13 17 2 22 1 2 1 0 143 346 114 172 453 421 402 92 188 109 103 56 325 164 133 21 212 130 134 0 0 0 0 0 0 0 0 0 0 0 0 0 0 1 3 0 2 0 0 0 0 0 0 0 0 0 0 0 0 0 0 0 0 0 0 0 0 0 0 1 0 26 0 28 0 0 0 0 0 0 0 0 0 0 0 25 4 0 0 0 0 6 13 15 9 2 32 29 14 0 20 0 11 7 33 17 15 20 0 0 0 0 0 0 1 0 0 0 0 0 0 0 0 0 0 0 0 5 0 0 0 0 0 0 0 0 0 0 0 0 0 0 0 0 0 0 0 0 0 0 2 0 4 0 7 0 0 0 12 0 1 0 0 0 12 4 3 0 0 74 0 15 10 17 9 1 7 0 22 12 11 6 13 30 11 18 34 11 0 0 0 0 0 0 0 8 0 0 0 0 0 22 0 1 2 0 0 12 24 0 0 30 0 0 0 0 0 0 0 0 0 0 2 0 0 1 0 9 0 0 0 2 16 0 1 0 0 0 0 0 0 0 0 0 0 0 0 0 0 0 0 0 0 11 0 0 0 0 0 
 0 0 0 0 0 0 36 0 0 0 0 0 0 0 0 0 0 0 2 0 2 4 2 5 18 21 2 2 2 2 2 76 3 2 2 3 2 2 3 2 143 0 99 144 33 317 236 458 116 38 104 119 69 49 184 286 262 263 144 49 4 0 2 0 0 0 9 0 0 3 51 0 0 0 6 5 10 0 0 0 0 0 0 0 0 0 0 0 0 0 0 0 0 0 0 0 0 0 0 0 0 0 0 0 0 10 0 0 0 0 0 0 0 0 0 0 1 0 0 0 20 6 14 6 7 0 10 0 0 33 29 0 1 23 59 16 24 0 0 52 10 0 1 0 4 1 10 6 7 1 4 6 0 18 0 0 2 0 17 0 0 0 0 0 0 0 0 0 0 0 0 0 0 0 0 0 0 0 0 0 0 0 0 0 0 29 0 0 0 0 0 0 0 0 0 0 0 0 0 0 8 9 0 7 25 0 0 10 11 13 34 14 2 0 0 10 11 0 0 25 0 0 0 0 0 0 0 0 0 0 0 0 14 31 0 0 0 0 74 0 0 0 0 0 0 0 0 0 0 0 0 2 0 1 0 0 0 0 0 0 0 1 0 0 6 2 0 0 0 0 20 0 0 0 0 6 0 0 0 0 0 0 0 0 16 25 0 11 2 0 
 2 2 2 20 2 2 2 2 2 2 3 2 3 2 2 2 3 2 0 2 0 0 0 0 0 5 0 0 0 0 0 0 3 0 0 0 0 0 0 2 346 99 0 109 176 61 284 101 73 192 92 38 61 82 83 282 109 154 37 29 0 0 0 0 0 0 53 0 0 0 0 0 0 0 0 0 0 0 51 49 0 0 0 0 0 0 0 0 0 0 0 0 0 0 0 0 0 0 0 0 0 0 0 0 0 4 0 0 0 0 0 0 0 0 0 0 0 0 0 0 3 6 24 25 10 32 0 6 22 67 19 33 9 3 8 5 7 36 2 8 0 0 0 1 0 0 0 1 0 0 0 0 0 0 8 0 0 0 34 55 0 10 0 0 0 0 0 0 0 0 0 0 12 0 0 0 0 0 0 0 0 0 0 0 2 0 0 0 0 0 0 4 0 0 0 0 0 0 0 0 59 0 9 12 13 12 0 12 12 4 0 27 17 74 24 67 12 28 0 8 41 0 0 0 0 0 67 1 0 0 0 0 16 1 18 0 0 0 21 11 0 0 0 0 0 0 0 0 0 0 0 4 0 2 0 0 0 0 1 18 0 0 0 0 0 16 18 0 2 0 0 0 0 0 0 0 0 0 0 0 0 2 0 0 25 0 0 0 0 0 
 3 3 3 3 3 3 3 3 3 3 3 3 3 6 3 3 3 3 2 6 0 206 13 4 1 3 213 0 0 0 50 2 0 0 0 0 0 0 0 6 114 144 109 0 65 36 74 108 206 435 350 267 50 148 61 243 95 271 114 54 50 0 0 0 0 0 3 0 0 0 0 0 0 76 8 4 0 0 23 0 0 0 0 0 1 0 0 0 0 0 0 0 0 0 0 0 0 0 0 0 9 0 0 0 0 16 0 0 0 19 10 5 0 0 0 9 0 0 0 8 0 0 9 27 3 0 11 0 0 35 2 12 0 0 12 29 1 19 0 0 14 0 1 0 0 0 8 0 0 0 0 0 0 0 21 0 0 0 24 20 0 0 0 0 0 0 0 0 0 0 0 0 0 0 0 0 0 0 5 0 14 0 0 0 0 0 7 11 9 0 0 43 0 2 7 0 0 0 0 7 4 0 0 14 27 26 0 13 10 0 30 29 0 0 0 0 9 0 1 0 0 0 0 1 0 0 11 0 0 1 0 0 9 20 30 0 0 0 23 0 0 0 38 0 0 0 0 0 0 0 0 5 0 2 0 0 0 0 1 1 0 0 29 0 47 3 2 0 1 0 0 0 0 0 0 0 0 0 0 0 0 0 0 0 17 0 0 12 0 0 
 3 4 3 3 4 64 3 3 4 3 73 3 3 5 3 3 45 3 0 3 65 3 3 3 3 11 3 3 3 3 3 3 4 3 4 3 3 3 3 72 172 33 176 65 0 72 32 137 86 141 199 255 155 129 163 139 128 78 59 270 5 0 0 0 0 0 0 16 0 0 0 0 0 0 0 0 0 0 2 6 0 0 11 6 0 0 0 0 1 9 0 0 0 0 0 0 0 0 0 0 7 0 0 0 23 3 0 0 0 0 0 0 16 0 0 0 0 0 15 0 1 0 27 27 25 33 0 7 23 45 0 2 7 20 0 28 0 40 0 3 4 0 0 3 0 6 0 4 0 21 0 0 10 0 0 27 0 0 2 0 0 0 0 0 2 0 0 0 0 10 0 0 0 0 0 0 0 0 0 0 0 0 0 0 0 6 0 8 0 0 0 0 0 0 0 0 0 0 11 1 23 0 1 24 7 38 15 17 1 0 0 15 0 20 32 0 3 11 0 6 51 1 0 0 0 0 35 18 1 0 2 0 0 0 0 0 0 0 8 15 32 0 0 0 0 0 0 0 0 0 0 5 0 2 0 0 0 0 1 0 0 0 4 0 0 3 0 0 0 0 0 0 0 0 0 0 0 0 0 0 0 0 0 0 10 0 0 0 0 0 
 3 3 3 24 3 3 3 3 3 3 3 3 4 3 3 3 3 5 0 6 0 0 0 0 0 1 0 0 3 1 0 1 0 0 0 0 0 0 0 3 453 317 61 36 72 0 33 37 38 44 117 86 27 39 43 80 526 45 76 67 0 0 51 1 0 0 6 109 0 0 0 0 0 2 22 54 0 0 80 167 0 0 0 0 0 0 0 0 0 0 0 0 0 0 0 0 0 0 0 0 0 0 0 0 0 0 0 0 0 0 0 0 0 0 0 0 0 0 0 0 0 0 0 0 0 41 0 0 0 37 29 0 0 0 0 0 0 0 0 0 1 0 10 3 0 0 0 17 0 0 0 10 6 34 3 0 11 2 22 15 0 0 0 0 0 0 0 0 0 0 0 0 10 0 0 0 0 0 0 0 0 0 0 0 0 0 0 0 0 0 0 0 0 0 0 0 0 0 0 0 0 10 0 0 0 0 0 0 0 0 10 0 0 0 0 0 0 17 0 0 27 14 14 10 10 0 0 0 23 10 1 0 0 24 18 4 8 10 24 0 0 0 0 0 0 63 0 0 0 0 0 8 0 1 0 0 1 0 0 31 0 0 0 0 6 17 1 0 0 0 0 0 0 0 0 0 0 0 0 0 0 0 0 0 0 6 0 0 2 0 
 0 0 0 2 0 0 0 0 0 0 0 6 0 0 0 0 0 0 0 0 2 206 0 0 71 124 0 0 0 0 0 61 0 0 0 0 0 0 0 66 421 236 284 74 32 33 0 309 242 40 28 295 175 59 335 303 31 30 150 100 2 0 0 0 0 0 5 1 0 0 0 0 0 0 0 0 0 0 0 0 0 0 0 0 0 0 0 0 0 0 0 0 0 0 0 0 0 0 0 0 0 0 0 0 0 1 0 0 0 0 0 0 0 0 0 0 0 0 0 0 55 19 33 5 8 6 36 22 0 0 0 11 16 27 10 23 28 11 1 21 0 0 8 4 0 0 0 0 0 0 1 0 4 0 11 0 0 0 6 1 0 0 0 0 0 0 0 0 0 0 3 0 0 0 0 0 0 0 0 0 0 0 0 0 1 18 0 0 0 0 0 4 0 0 0 0 0 0 0 0 0 11 21 18 0 0 1 0 8 11 33 5 8 17 23 25 16 21 2 8 1 0 0 0 0 0 5 0 0 0 1 0 2 0 0 0 0 0 8 6 0 0 10 0 0 0 0 0 0 0 0 4 0 0 0 0 0 0 2 0 0 0 1 0 1 2 2 0 0 0 4 0 0 0 0 0 0 0 0 0 0 0 6 0 0 0 0 0 0 0 
 0 0 0 0 0 0 0 0 0 0 0 0 3 0 0 0 0 0 6 0 3 5 3 2 18 22 3 4 3 3 3 70 5 3 3 3 3 3 2 3 402 458 101 108 137 37 309 0 143 79 30 36 79 64 160 99 133 88 249 28 0 0 0 0 0 0 2 0 0 0 0 0 0 0 5 6 0 0 0 0 0 0 0 0 0 0 0 0 0 0 0 0 0 0 0 0 0 0 0 0 0 7 0 0 0 10 0 0 0 0 0 0 0 0 0 5 9 0 0 0 20 12 35 0 25 0 11 0 0 13 2 1 0 15 31 21 28 10 0 22 0 0 0 2 4 1 0 1 0 0 4 0 0 0 0 0 2 0 11 0 0 0 0 0 0 0 0 0 0 0 0 0 0 0 0 0 0 0 0 0 0 0 0 0 0 31 0 0 0 0 0 0 0 0 0 0 0 0 0 0 30 9 0 7 7 20 0 10 9 13 31 1 1 4 21 29 17 14 0 21 0 0 0 0 0 0 0 0 0 0 0 0 8 9 0 0 0 0 0 18 0 0 3 0 0 0 0 0 0 0 0 15 0 0 0 0 0 1 0 0 0 0 2 0 0 2 0 0 1 0 21 0 0 0 0 0 0 0 0 0 0 0 0 0 0 14 0 0 0 0 
 0 0 0 0 44 0 0 0 0 0 0 6 0 0 0 0 0 0 0 0 0 0 0 0 0 64 6 0 0 14 0 1 2 0 0 0 0 2 0 21 92 116 73 206 86 38 242 143 0 140 317 46 96 299 299 157 70 50 149 191 0 0 5 1 0 0 0 1 0 2 0 0 0 0 0 4 4 0 0 0 0 0 0 0 0 0 0 0 0 0 0 0 0 0 0 0 0 0 0 0 0 0 0 0 0 1 0 0 0 0 0 0 0 0 0 0 1 0 0 0 20 6 37 15 0 0 14 1 3 0 0 4 10 0 30 14 20 10 12 21 0 4 0 0 4 1 0 0 5 1 4 5 0 0 1 0 2 0 0 0 0 0 0 0 0 0 0 0 0 0 0 0 0 0 8 0 0 0 4 0 0 0 0 0 14 19 0 0 15 0 0 3 0 0 0 0 0 0 0 0 0 1 0 3 1 17 0 16 22 18 26 7 26 10 0 18 20 8 0 33 0 0 0 0 0 4 0 0 0 0 0 9 0 0 0 0 0 0 0 1 0 0 0 0 0 0 0 0 0 0 0 9 0 0 0 0 0 0 0 1 0 1 0 1 0 1 0 0 0 0 20 0 0 0 0 3 0 0 0 0 0 0 0 0 0 15 0 0 0 0 
 0 0 0 1 0 63 0 0 0 0 0 0 8 3 0 3 0 0 0 3 3 0 0 0 2 0 0 0 0 0 0 0 0 0 63 0 0 0 0 0 188 38 192 435 141 44 40 79 140 0 232 398 123 273 137 630 125 63 54 119 1 0 0 0 0 0 0 0 0 0 0 0 0 44 0 0 0 7 0 0 0 0 0 0 0 0 0 5 13 0 0 0 0 0 0 0 0 1 0 16 0 0 30 0 0 0 0 0 0 0 0 0 0 0 0 0 0 0 0 0 0 0 20 8 31 3 0 6 2 5 0 24 0 14 0 11 0 5 0 0 14 15 16 2 0 21 22 0 0 0 0 0 0 0 21 0 0 0 22 26 0 0 4 14 0 0 0 4 0 0 0 8 0 0 0 0 0 0 3 0 0 0 0 0 0 0 0 0 0 0 0 0 0 0 0 0 0 0 0 17 1 20 6 0 17 8 13 21 16 10 18 33 0 0 19 1 19 17 0 0 0 0 0 1 8 0 28 0 0 1 0 0 1 0 19 0 0 0 47 16 0 0 0 0 0 0 0 0 0 0 0 0 0 1 0 0 0 0 4 1 0 0 0 78 45 6 0 4 0 0 0 0 2 0 0 0 0 0 0 0 0 0 0 0 21 0 0 10 0 0 
 3 10 0 5 0 6 0 65 0 1 3 0 0 9 0 0 60 0 1 3 2 208 7 2 2 3 2 2 3 2 2 2 2 2 2 2 2 2 3 2 109 104 92 350 199 117 28 30 317 232 0 216 114 392 71 96 556 128 101 55 0 0 0 0 0 0 5 0 0 0 0 0 0 76 0 0 0 9 0 0 0 1 1 0 0 2 0 0 0 0 6 0 0 6 0 3 0 3 0 0 0 0 0 0 2 11 2 0 0 0 0 11 12 0 1 0 0 0 0 0 0 0 10 15 7 5 14 6 1 3 26 21 0 24 15 24 0 0 0 0 6 0 0 2 0 3 11 10 0 4 0 0 0 16 0 0 0 0 0 10 0 4 0 3 0 6 0 0 4 1 0 0 0 0 12 9 0 0 2 0 0 0 0 0 0 12 0 0 0 0 0 0 0 0 0 0 0 0 8 0 5 19 1 6 11 31 13 11 17 0 10 40 0 0 30 1 12 16 0 0 0 0 0 0 0 0 15 0 0 0 0 0 7 12 0 0 0 0 49 0 0 2 0 0 0 0 0 0 0 0 0 0 0 2 0 0 0 0 1 0 0 0 0 0 65 0 0 63 1 0 0 0 0 0 0 0 0 0 0 0 0 3 0 0 32 14 0 15 1 0 
 2 5 2 4 2 2 2 2 2 2 2 8 4 3 2 2 64 2 4 2 0 2 0 0 5 0 0 0 18 0 0 1 2 0 0 0 0 2 0 2 103 119 38 267 255 86 295 36 46 398 216 0 44 257 96 289 97 82 107 91 46 0 0 0 0 0 0 0 0 17 7 0 0 61 0 55 6 0 50 1 0 0 0 19 0 0 0 0 0 27 0 0 0 0 8 0 0 0 0 0 0 0 0 0 0 1 0 0 0 0 0 9 0 0 0 0 0 0 0 0 0 0 4 10 0 0 13 3 0 0 6 32 0 3 1 11 8 30 0 0 6 0 0 0 7 0 11 10 0 10 0 0 0 0 24 0 0 5 21 10 0 0 0 0 0 0 0 0 0 0 0 0 0 0 27 0 0 0 6 0 0 0 0 0 0 0 0 0 0 0 0 0 0 0 0 0 0 0 0 0 18 1 14 34 26 39 0 6 6 0 12 26 0 0 21 0 23 2 0 0 1 0 0 0 0 0 0 0 22 0 15 0 7 12 0 0 0 0 20 0 0 0 6 0 0 0 0 0 0 0 0 0 0 0 0 0 0 0 0 17 0 0 71 0 66 2 0 1 0 0 0 0 0 0 0 0 0 0 0 0 0 0 0 0 32 0 0 15 2 0 
 0 0 0 0 0 0 0 0 0 0 0 0 0 0 0 0 0 0 0 0 3 62 1 21 51 68 0 0 62 0 82 64 0 0 63 0 4 64 0 0 56 69 61 50 155 27 175 79 96 123 114 44 0 166 33 105 26 57 127 55 0 0 2 1 0 0 0 0 0 0 2 0 3 0 0 10 2 0 0 0 0 0 0 0 0 0 0 0 0 0 0 0 0 0 0 0 0 0 0 0 0 0 0 0 9 11 0 0 0 12 0 33 0 0 0 12 9 7 0 0 44 35 0 1 10 10 1 26 24 11 0 0 23 24 0 3 15 9 1 28 0 3 0 9 0 30 0 0 4 0 5 8 0 0 0 0 0 0 0 0 0 2 0 0 0 13 0 3 0 0 5 0 0 0 0 0 0 0 0 0 0 0 0 6 8 34 0 0 20 0 10 0 0 0 1 0 11 11 0 0 7 30 14 0 0 13 12 31 0 23 0 0 0 12 31 37 12 0 0 4 0 0 0 0 0 8 4 0 0 0 0 0 0 0 0 0 0 5 30 0 0 5 0 0 0 0 0 0 0 0 0 5 0 1 0 0 0 0 0 0 0 0 0 0 0 1 2 0 0 0 0 0 0 0 0 23 0 0 0 0 0 0 0 0 1 0 9 0 2 0 
 3 3 3 3 8 3 3 3 3 3 3 10 3 3 3 3 5 3 0 3 0 0 0 0 89 62 0 7 0 0 14 0 8 0 0 0 0 0 0 3 325 49 82 148 129 39 59 64 299 273 392 257 166 0 158 266 44 304 108 221 0 0 0 0 0 0 0 0 0 0 0 0 0 0 0 100 0 0 0 0 0 0 0 0 7 4 0 0 0 4 0 0 0 0 0 0 0 0 0 0 0 6 0 0 0 1 0 7 8 0 2 0 0 0 0 0 0 0 10 0 1 22 13 30 0 8 16 21 55 11 0 21 9 0 9 13 15 12 4 5 0 0 0 0 0 0 0 0 0 0 0 0 0 0 0 0 0 0 0 0 0 0 0 0 0 0 0 0 0 0 1 0 0 0 0 0 1 3 6 0 0 0 5 0 4 0 9 3 0 0 0 3 0 9 0 0 0 0 0 0 7 17 6 11 1 17 0 31 14 33 14 31 15 1 0 10 4 20 0 20 0 0 0 0 0 0 14 0 0 0 0 0 11 0 0 0 0 0 19 1 0 0 0 0 0 0 0 0 0 0 0 3 0 2 0 0 0 0 1 2 0 0 0 1 0 1 4 0 2 0 0 0 0 0 0 0 0 0 0 0 0 0 0 0 5 0 0 0 0 0 
 8 0 0 1 0 0 0 0 0 0 0 4 0 0 6 0 0 0 0 0 1 0 2 2 1 76 4 3 1 1 1 4 3 0 1 0 0 0 0 0 164 184 83 61 163 43 335 160 299 137 71 96 33 158 0 136 68 100 219 106 0 0 0 0 0 0 0 0 0 0 203 0 0 0 1 0 0 0 82 3 0 0 0 0 0 0 0 0 0 0 0 0 0 0 0 0 0 0 1 0 18 0 0 0 0 15 0 0 0 0 0 0 0 0 0 0 0 0 0 0 20 5 72 0 16 0 0 0 3 10 0 10 4 7 0 8 25 23 0 11 0 0 0 0 20 0 0 1 0 0 6 0 0 0 0 0 6 10 0 0 0 0 0 0 0 0 0 0 0 0 0 0 0 0 0 0 0 0 3 1 0 0 0 0 19 21 0 0 0 0 0 0 0 0 0 0 0 0 0 0 36 19 7 7 16 30 5 5 32 15 23 24 13 17 41 37 50 16 0 12 0 0 0 0 0 0 0 0 0 0 0 0 0 0 0 0 0 0 0 27 0 0 0 0 0 0 0 0 0 0 0 4 0 0 0 0 0 1 0 0 0 0 0 67 2 0 0 2 1 18 0 0 0 0 0 0 0 0 0 0 0 0 0 0 0 13 0 0 0 0 
 3 3 40 3 3 3 3 8 7 7 7 3 5 5 3 3 3 8 2 8 2 3 0 0 27 29 0 0 2 1 0 86 6 2 0 0 3 3 5 3 133 286 282 243 139 80 303 99 157 630 96 289 105 266 136 0 210 111 248 60 2 0 3 4 0 0 2 1 0 2 5 0 6 3 0 0 5 0 4 0 0 5 4 4 0 0 0 0 9 0 0 1 0 0 0 0 0 0 0 0 0 0 22 0 0 9 5 0 0 0 0 0 0 8 5 2 0 0 0 0 0 7 5 0 14 0 26 4 0 1 0 4 0 32 34 15 17 31 0 26 0 0 0 9 0 21 0 0 0 0 13 0 0 0 0 0 0 0 43 0 0 0 0 0 9 0 0 0 0 5 0 0 0 0 0 0 3 3 0 0 0 0 0 0 0 9 0 0 0 0 0 0 1 0 0 0 0 6 4 0 22 9 14 27 1 14 16 9 0 0 38 0 0 15 51 21 25 13 0 18 0 0 0 0 0 0 0 0 8 0 0 0 0 0 0 0 0 0 1 10 0 5 6 0 0 0 2 0 0 0 0 6 0 2 0 0 0 0 1 2 0 0 1 0 0 3 2 0 0 0 19 0 0 0 0 0 0 0 0 0 0 0 0 0 0 0 0 0 0 0 
 0 0 0 0 0 0 0 0 0 0 0 0 2 4 0 0 0 0 0 2 2 2 2 2 64 67 4 2 2 2 2 5 2 2 2 3 2 2 37 2 21 262 109 95 128 526 31 133 70 125 556 97 26 44 68 210 0 274 56 30 0 0 0 0 2 3 6 0 0 0 0 2 0 6 12 0 0 2 0 0 0 0 0 0 0 0 0 0 0 0 0 0 0 0 0 0 0 0 0 0 0 0 0 0 0 24 0 0 0 0 0 0 0 0 0 0 10 0 0 0 0 0 0 23 14 10 21 0 0 41 26 0 0 21 36 36 19 29 0 0 2 0 0 8 0 5 0 11 0 0 0 0 0 17 0 0 0 0 6 0 0 0 0 0 0 0 0 0 14 0 0 26 0 0 0 0 0 0 1 0 0 0 0 0 0 0 0 0 0 0 0 0 0 0 0 0 0 0 0 0 12 22 0 15 33 1 12 11 2 0 15 10 0 8 23 0 0 0 0 0 0 0 0 0 0 0 2 1 0 0 0 0 0 48 0 0 0 0 29 0 0 0 0 0 0 0 0 0 0 0 0 2 0 0 0 0 0 0 0 0 0 0 1 1 2 0 2 3 0 0 3 0 0 0 0 0 0 0 0 0 0 0 0 0 0 26 0 0 2 0 
 0 0 0 24 0 0 0 0 6 0 0 2 0 0 0 40 0 0 0 3 2 2 2 2 2 2 2 2 2 2 4 5 2 2 4 2 2 2 2 5 212 263 154 271 78 45 30 88 50 63 128 82 57 304 100 111 274 0 32 23 0 0 4 6 0 0 0 0 0 1 0 0 0 4 16 0 1 11 9 52 0 0 0 0 0 0 0 0 0 0 0 0 0 0 0 0 0 0 0 0 0 0 0 0 0 0 0 0 0 0 0 0 9 0 0 0 0 0 0 0 0 0 13 9 43 1 0 8 11 5 0 18 0 0 0 6 0 16 0 0 7 15 10 7 0 17 28 0 2 0 6 2 0 0 0 0 0 0 9 23 0 0 0 0 0 0 0 0 0 0 0 0 0 0 0 0 0 0 0 0 0 0 0 0 0 7 0 0 0 0 0 0 0 0 0 0 0 0 0 0 16 11 15 12 14 7 0 0 0 14 0 13 0 17 16 10 0 31 0 0 0 0 0 0 0 4 12 1 0 0 0 8 12 0 21 0 4 0 1 58 0 0 0 0 0 0 0 0 0 0 0 4 0 0 0 0 0 0 0 1 0 0 2 63 1 47 4 31 3 0 5 0 0 0 0 2 0 0 0 0 0 0 0 0 7 0 0 0 0 0 
 0 0 0 0 0 0 0 0 0 0 0 0 0 0 0 0 0 0 0 6 0 1 0 0 71 127 0 0 9 6 0 5 0 0 0 0 0 3 0 0 130 144 37 114 59 76 150 249 149 54 101 107 127 108 219 248 56 32 0 132 0 0 0 0 0 0 0 0 0 0 0 0 0 0 1 1 0 0 0 0 0 0 0 0 0 0 0 0 0 0 0 0 0 0 0 0 0 0 0 0 0 0 0 9 0 6 0 0 0 6 0 0 0 0 0 0 0 3 0 0 6 10 51 7 0 0 47 9 0 0 32 11 8 10 25 13 26 0 10 10 0 0 0 0 1 0 0 0 0 0 18 0 0 0 0 0 26 0 1 0 0 0 0 0 0 7 0 0 0 0 0 0 0 0 0 0 0 0 0 0 0 4 0 1 15 6 0 0 0 0 30 0 0 0 0 0 1 5 0 0 4 0 15 29 0 0 0 11 29 8 22 1 11 11 35 28 31 32 0 11 0 0 0 0 0 0 0 0 0 0 0 0 0 0 0 0 0 0 0 0 0 0 21 0 0 0 0 0 0 0 0 2 0 1 0 0 0 0 0 0 0 0 0 53 0 0 0 0 0 0 10 0 0 0 0 0 0 0 0 0 0 6 0 4 0 0 0 0 0 0 
 0 0 0 4 0 0 0 62 0 0 0 0 0 51 0 0 0 0 0 63 0 0 86 0 131 90 0 0 64 0 88 81 0 0 62 36 0 1 0 3 134 49 29 54 270 67 100 28 191 119 55 91 55 221 106 60 30 23 132 0 0 0 2 0 0 1 0 0 3 202 0 0 36 1 19 0 0 0 0 0 0 0 0 0 0 0 0 0 0 0 1 0 0 0 0 0 0 0 0 17 0 0 0 0 0 2 0 0 0 0 14 8 0 0 0 0 12 0 0 0 0 22 12 0 35 12 35 4 31 0 18 9 1 0 2 0 0 58 0 36 6 0 0 0 0 0 0 0 0 0 0 0 0 4 0 1 0 0 0 6 0 0 0 0 0 0 0 0 0 0 0 0 0 0 0 0 0 0 3 0 0 0 0 7 0 0 0 0 0 0 29 2 0 0 0 0 22 27 0 0 0 16 7 0 10 9 0 10 23 7 30 13 0 10 0 23 16 33 10 0 0 0 0 0 0 0 0 0 0 0 0 0 0 1 0 0 0 0 0 10 0 0 0 0 0 0 0 0 0 0 0 0 0 1 0 0 0 0 1 2 0 0 0 64 0 0 0 23 0 0 0 0 0 0 0 0 0 0 0 0 0 0 0 0 7 0 34 0 0 0 
 0 0 0 0 0 0 0 0 0 0 0 0 0 0 0 0 0 0 0 2 0 2 0 0 0 2 0 0 0 0 0 2 0 0 0 0 0 1 0 0 0 4 0 50 5 0 2 0 0 1 0 46 0 0 0 2 0 0 0 0 0 135 59 41 95 88 140 106 42 45 33 29 43 30 203 137 105 76 106 31 0 0 0 0 0 0 0 0 0 0 0 0 0 0 0 0 0 0 0 0 0 7 0 0 0 0 0 0 0 0 0 0 0 0 0 0 0 0 0 0 0 0 0 8 8 3 0 9 0 0 0 0 0 0 0 0 0 0 0 0 5 19 8 1 0 0 0 5 42 32 0 24 18 0 0 4 0 26 7 0 0 0 1 1 0 0 0 0 5 37 0 1 0 0 0 0 0 0 0 0 0 0 0 0 0 0 0 0 0 0 0 0 0 0 0 0 0 0 0 0 0 0 0 0 9 6 0 0 0 0 14 25 0 0 0 0 0 0 0 0 2 43 9 20 15 0 13 3 9 1 19 26 10 0 1 1 24 19 8 5 2 0 0 0 0 0 0 0 0 0 0 0 0 0 10 0 0 0 0 0 0 0 70 0 0 0 0 1 0 0 23 0 0 11 2 0 0 0 0 0 0 0 25 0 0 1 0 0 0 0 
