 0 79 194 176 231 108 90 274 142 55 138 97 23 54 213 212 184 90 44 197 2 2 2 2 6 2 5 2 5 5 5 0 2 0 2 4 3 77 0 1 1 0 7 5 7 0 2 0 2 1 3 2 0 0 0 2 3 2 0 0 1 3 3 0 0 3 0 0 0 6 0 2 5 4 0 1 0 0 0 3 15 0 20 13 35 0 0 19 0 63 19 14 10 0 22 13 65 32 0 0 0 0 0 0 0 0 0 0 0 0 0 0 0 10 0 0 0 0 0 0 0 0 0 0 0 0 0 0 0 0 0 0 0 0 0 0 0 0 0 0 2 0 0 0 0 0 0 0 0 0 0 0 0 0 0 0 0 0 0 12 8 13 4 7 9 0 0 0 0 79 10 15 0 3 12 2 19 0 10 0 1 0 0 0 0 0 11 0 0 0 0 0 0 0 1 0 0 0 14 1 0 0 0 0 1 0 0 0 0 0 0 0 0 19 0 0 0 0 2 0 0 0 0 0 0 0 0 0 0 0 0 0 0 0 61 0 0 0 0 0 0 0 0 0 0 0 1 0 0 0 0 4 0 0 0 0 0 2 0 0 2 2 0 0 0 0 0 0 0 0 0 0 0 0 0 0 0 0 0 0 0 0 0 0 0 0 0 0 0 0 
 79 0 424 174 234 318 407 298 141 249 121 22 57 127 154 54 397 237 112 144 0 2 2 84 2 0 6 0 9 2 3 1 27 0 0 0 0 104 37 0 0 0 4 2 4 0 2 0 0 0 0 6 0 4 0 2 3 1 0 62 0 0 0 0 0 2 0 0 0 6 0 0 2 3 0 0 0 0 0 1 2 4 9 0 12 13 10 29 43 9 67 11 18 19 22 11 21 31 9 37 16 0 0 0 0 0 0 0 2 0 0 0 0 0 0 0 0 0 14 0 15 0 0 0 0 0 0 0 0 0 0 0 0 0 15 0 0 0 0 0 8 0 0 0 0 0 0 20 0 0 0 9 0 0 0 0 0 0 0 0 8 0 11 0 0 35 0 24 18 20 1 0 26 0 13 18 37 20 0 0 0 0 0 0 0 0 75 17 0 1 1 0 0 11 0 0 0 0 14 16 0 0 0 0 0 0 0 0 2 0 0 0 0 0 0 2 0 0 0 0 0 0 2 0 1 0 0 0 2 0 0 0 0 0 0 0 0 0 0 0 0 0 0 0 0 0 3 0 3 1 0 2 0 0 0 0 0 0 0 0 0 0 12 0 0 0 0 0 0 0 0 0 0 0 0 21 0 0 0 0 0 0 0 0 0 0 0 0 0 0 
 194 424 0 159 176 24 184 206 578 174 32 167 55 92 159 238 59 298 27 145 0 4 2 0 2 0 1 0 3 0 5 0 0 0 0 0 0 1 75 0 0 2 0 2 0 0 2 4 0 0 0 0 0 0 0 2 3 0 0 0 0 0 0 0 0 2 0 0 0 0 0 0 2 3 11 0 0 0 0 1 10 10 5 0 37 0 21 0 0 29 33 11 0 10 27 7 67 13 0 0 0 0 0 0 0 0 0 0 0 2 0 0 0 11 0 0 0 0 16 0 0 0 0 0 0 0 0 0 14 0 0 0 2 0 0 0 1 0 0 0 0 0 0 0 0 0 0 0 0 0 0 0 0 0 0 0 0 0 0 0 35 8 14 13 18 14 15 0 1 13 10 23 0 8 2 14 23 0 13 40 14 0 0 0 0 0 68 0 0 0 0 0 0 13 15 0 0 0 0 0 1 0 0 0 0 0 0 0 0 0 0 0 0 0 0 0 0 0 0 0 2 0 0 0 0 0 0 0 0 0 0 0 0 0 0 0 0 0 0 0 0 0 0 0 0 0 0 0 0 92 10 6 0 0 0 0 0 0 0 0 0 0 0 0 0 0 0 0 0 0 0 0 0 0 0 0 2 0 0 0 0 0 0 0 0 0 0 0 0 0 
 176 174 159 0 167 35 109 225 283 275 233 173 29 60 420 225 82 140 81 82 0 2 2 0 2 0 0 0 3 0 3 0 31 7 0 0 0 46 80 3 0 0 2 2 6 0 4 0 2 0 0 2 68 2 0 2 3 0 0 5 1 0 0 0 0 3 0 4 1 0 0 0 3 5 0 0 0 0 0 2 0 5 7 0 9 11 0 14 44 25 31 23 0 0 0 0 44 10 24 0 16 0 0 0 0 0 1 0 0 0 0 0 0 52 0 0 0 13 1 0 0 0 0 0 0 0 0 0 0 0 0 0 0 0 0 0 0 0 0 0 7 0 0 0 1 0 0 0 0 0 0 41 0 0 0 0 0 0 0 0 0 1 20 23 12 14 0 0 28 15 0 15 0 0 34 0 0 20 0 0 0 0 0 0 0 0 14 50 0 0 0 0 11 10 0 0 0 0 30 55 0 0 0 0 0 0 0 0 0 0 0 0 0 2 0 0 0 0 0 0 1 0 0 0 0 0 0 0 0 0 0 0 0 0 0 0 0 0 0 0 0 0 0 0 0 0 85 0 2 1 2 5 0 0 0 0 0 0 0 0 0 0 15 0 0 0 0 0 0 0 0 0 0 0 0 19 0 0 0 0 0 0 0 0 0 0 0 0 0 0 
 231 234 176 167 0 185 75 338 92 538 188 236 49 507 114 80 299 74 82 309 150 2 2 0 2 0 75 85 3 0 3 0 154 0 0 1 1 38 155 60 0 0 0 2 1 0 2 0 0 0 0 0 0 0 0 2 3 0 0 0 0 0 0 0 0 2 0 0 0 0 0 0 3 3 44 0 0 0 0 2 0 7 20 0 27 31 0 16 13 14 37 12 0 0 18 0 11 0 2 2 0 6 26 0 0 0 0 0 0 0 0 0 6 0 13 21 1 6 18 7 0 0 0 0 0 0 0 0 0 0 0 0 0 0 0 0 0 0 0 0 10 0 0 0 0 0 0 0 0 0 0 3 0 0 0 0 0 1 0 0 0 0 0 63 23 14 0 0 10 26 35 2 0 0 16 0 16 7 0 0 25 0 28 0 0 0 55 4 0 0 0 0 0 61 22 0 0 0 24 14 0 0 0 0 0 0 0 0 0 0 0 0 0 0 0 0 0 0 0 1 0 0 0 18 0 0 0 0 0 0 0 0 0 0 0 0 1 0 0 0 0 0 0 0 0 0 87 2 0 0 17 8 0 0 0 0 0 0 0 0 0 0 13 0 0 0 0 0 0 1 0 0 0 0 0 0 0 0 0 0 0 0 0 0 0 0 12 0 0 0 
 108 318 24 35 185 0 158 74 152 47 75 41 19 57 104 72 79 57 61 66 178 78 2 0 2 0 115 1 4 0 3 2 54 72 1 77 1 71 138 88 0 0 0 2 1 0 2 0 0 0 0 0 1 0 0 2 3 0 0 0 0 1 0 59 0 3 0 0 0 0 0 0 3 3 0 0 0 0 0 3 1 1 9 10 19 14 0 3 27 10 8 10 0 0 0 0 24 0 0 0 41 0 29 0 0 0 10 25 15 0 31 0 21 38 13 43 1 7 22 16 0 0 0 0 0 0 0 0 0 0 0 0 0 0 0 0 0 9 0 0 0 0 0 0 7 0 0 0 0 0 0 0 0 0 0 0 0 0 0 0 1 0 1 26 0 2 10 0 24 10 12 1 0 0 8 11 0 7 0 0 17 9 24 0 0 0 18 17 0 0 0 0 14 26 0 0 28 0 57 23 0 0 0 0 0 0 0 0 0 0 0 0 0 0 0 0 0 0 0 0 0 0 0 0 0 0 0 0 0 1 0 0 0 0 0 0 0 0 0 0 0 0 0 0 0 0 88 0 5 9 0 5 14 0 0 0 0 78 0 0 0 12 13 0 0 0 0 0 0 0 0 0 0 0 0 0 26 0 0 0 0 10 0 0 0 13 0 0 0 0 
 90 407 184 109 75 158 0 209 158 147 123 47 185 315 266 142 111 263 188 501 0 2 2 5 2 0 0 121 3 0 3 0 0 0 0 0 0 0 0 0 0 0 0 61 2 0 2 0 0 0 0 0 0 0 0 2 3 0 0 0 0 62 0 0 0 2 0 0 0 0 4 0 3 3 0 0 0 0 0 3 30 71 38 57 29 0 0 43 30 16 7 59 17 16 8 0 24 23 13 15 0 0 0 0 0 0 0 0 0 0 0 0 0 1 0 0 0 0 0 0 0 0 0 0 0 0 0 0 0 0 0 0 0 0 0 0 0 0 0 0 0 0 0 0 0 0 0 0 0 0 0 0 0 0 0 0 0 0 0 0 15 25 28 2 14 8 0 11 35 15 0 26 8 0 16 12 18 0 12 6 0 0 0 0 0 0 0 0 0 2 0 10 0 0 0 0 2 0 0 0 0 0 0 0 0 14 0 0 0 0 0 0 0 0 0 1 0 0 0 0 0 0 1 0 0 0 0 0 0 0 0 0 0 0 0 0 0 0 0 0 0 0 0 0 0 0 0 0 3 46 0 4 0 0 0 0 0 0 0 0 0 0 0 0 0 0 0 0 0 0 0 0 0 0 0 0 0 0 0 0 0 0 0 0 0 0 0 0 0 0 
 274 298 206 225 338 74 209 0 302 147 207 302 49 214 86 153 215 69 51 44 0 2 3 0 2 1 2 0 3 1 3 0 0 74 0 0 0 28 78 0 0 0 0 2 0 0 2 0 0 0 0 0 0 0 0 2 21 0 0 0 0 2 0 0 0 5 0 0 53 0 0 0 3 2 0 1 0 0 0 3 10 14 25 11 41 0 1 0 46 24 36 48 15 2 1 18 60 25 0 0 0 0 0 0 0 0 13 2 0 0 0 0 0 13 2 0 0 0 40 1 0 1 1 0 0 0 0 0 0 10 0 1 0 0 0 0 0 0 0 0 0 0 0 0 0 0 0 0 0 0 0 0 0 0 0 0 1 19 0 0 9 0 45 49 8 0 0 22 45 12 24 17 14 0 30 0 15 31 0 25 13 0 6 0 0 0 0 11 0 0 0 0 9 0 8 0 0 0 29 33 0 0 0 0 0 0 0 0 0 0 0 0 0 0 0 0 0 0 0 0 0 0 0 0 0 0 0 0 0 0 0 0 0 0 1 0 0 0 1 0 0 2 0 0 0 1 86 0 91 1 0 0 0 0 0 0 0 0 0 0 0 0 24 0 0 0 2 0 0 0 0 0 0 0 0 6 16 14 0 0 0 0 0 0 0 0 0 0 0 0 
 142 141 578 283 92 152 158 302 0 285 128 124 187 194 49 252 101 214 92 231 38 2 3 0 2 0 13 0 3 7 3 0 0 0 0 79 0 1 94 2 0 4 0 64 0 2 63 0 0 65 0 2 0 0 0 2 3 0 0 0 0 0 6 0 0 2 0 4 6 0 0 0 3 4 0 0 2 0 6 2 0 19 19 45 42 12 4 13 47 16 16 36 0 0 9 17 19 47 0 0 18 0 0 0 0 0 17 0 0 0 0 0 0 15 0 0 0 0 5 8 0 0 0 0 0 0 0 0 0 0 0 0 0 0 0 0 0 0 0 0 0 0 0 0 0 0 0 0 0 0 0 0 0 19 0 0 0 0 0 0 9 10 41 18 17 0 1 44 86 0 26 21 0 0 0 23 50 23 11 2 0 0 0 11 0 0 0 18 0 0 0 0 1 0 0 0 11 0 12 15 0 0 0 0 0 0 0 0 0 0 0 0 0 2 0 0 0 0 0 0 0 0 0 0 0 0 0 0 0 0 0 0 12 0 0 0 0 0 0 0 0 0 0 0 0 2 0 2 87 1 2 14 16 2 0 0 0 0 0 0 0 0 0 0 0 0 0 0 0 0 0 0 0 0 0 0 0 0 0 0 0 0 0 0 0 0 0 0 0 0 
 55 249 174 275 538 47 147 147 285 0 146 355 131 342 209 180 462 329 386 202 34 2 3 0 3 0 0 0 3 0 78 0 158 0 0 0 0 3 87 0 0 1 1 2 0 0 2 0 0 0 0 0 60 0 0 2 3 0 0 0 0 0 0 0 0 2 0 0 0 0 0 0 2 3 3 0 0 0 0 1 0 13 0 0 8 25 7 22 35 22 1 10 13 25 2 8 40 17 0 14 10 0 0 0 0 0 7 0 0 1 0 0 0 10 0 0 0 0 10 0 20 0 0 0 0 0 0 0 0 0 0 0 1 0 0 0 1 0 0 0 12 0 0 5 0 0 0 0 0 0 0 5 0 0 0 0 0 0 0 0 11 7 15 0 0 3 0 31 18 7 1 5 26 14 13 44 10 61 0 11 0 0 0 0 0 0 0 7 0 20 0 0 19 2 0 0 0 0 0 20 2 0 0 0 0 0 0 0 0 0 0 0 0 0 0 0 0 0 0 0 1 15 0 0 0 0 0 0 0 0 0 0 0 0 0 0 0 0 0 0 0 0 0 0 0 0 90 2 2 2 0 3 0 0 0 0 0 0 0 0 0 0 27 0 0 0 0 0 0 0 0 0 0 0 0 6 0 0 0 0 0 0 0 0 0 0 0 0 0 0 
 138 121 32 233 188 75 123 207 128 146 0 326 25 240 36 127 120 61 26 77 21 2 6 2 2 1 0 1 3 0 3 0 111 2 0 0 2 1 0 74 0 2 0 2 12 0 2 0 0 0 0 0 62 0 0 2 3 0 0 0 0 0 0 0 0 2 0 0 6 45 0 0 3 3 2 0 0 0 0 7 39 21 7 0 1 56 0 23 0 18 1 2 19 25 0 0 0 0 0 0 11 0 11 0 0 0 1 2 0 1 0 0 8 10 15 11 0 9 16 7 0 0 0 0 0 0 15 0 0 0 0 0 1 0 0 0 1 0 0 0 8 0 0 0 0 0 0 0 0 0 0 4 0 0 0 0 0 0 0 0 2 3 21 21 37 34 17 13 4 4 11 13 0 0 40 2 23 18 0 10 0 0 0 0 0 0 20 42 0 14 0 14 28 13 0 0 0 0 16 0 0 0 0 0 14 0 0 0 0 0 0 0 0 0 0 0 0 0 0 0 0 0 0 0 0 0 0 0 0 0 0 0 0 2 0 0 0 0 0 2 0 0 0 0 0 2 1 0 48 86 0 4 0 0 0 0 0 0 0 0 0 0 0 0 0 0 0 0 0 0 0 0 0 0 0 16 21 0 0 0 0 0 0 12 0 0 0 0 0 0 
 97 22 167 173 236 41 47 302 124 355 326 0 30 44 115 214 335 92 44 132 0 2 2 0 2 0 0 0 3 0 3 0 0 0 0 0 0 9 0 0 0 2 0 2 0 0 2 0 0 0 0 0 64 0 0 2 3 0 0 0 3 0 0 0 6 2 0 6 1 0 0 0 1 3 7 0 0 0 3 0 0 0 1 2 20 1 0 1 0 34 29 22 0 9 23 0 31 11 0 14 0 0 2 0 0 0 0 0 0 0 0 0 0 20 0 0 0 0 11 0 0 0 0 0 0 0 0 0 0 0 0 0 0 0 0 0 0 0 0 0 0 0 0 0 2 0 0 0 0 0 0 0 0 0 0 0 0 0 0 0 1 2 23 22 37 6 13 0 1 14 10 22 0 0 11 0 10 19 0 18 10 0 0 0 0 0 13 14 2 0 0 0 11 0 0 0 0 0 1 0 0 0 0 0 0 0 0 0 0 0 0 1 0 0 0 0 0 0 0 0 0 0 0 0 6 0 0 0 0 0 0 0 0 0 0 0 0 0 0 0 0 0 0 0 0 2 0 0 6 88 19 6 0 0 0 0 0 0 0 0 0 0 0 0 0 0 0 0 0 0 0 0 0 0 0 9 13 0 0 0 0 0 0 0 0 0 0 0 0 0 
 23 57 55 29 49 19 185 49 187 131 25 30 0 261 41 37 119 255 280 173 0 2 2 0 3 0 0 0 3 0 3 0 0 0 0 0 0 0 0 0 0 2 0 64 0 0 2 0 0 0 0 0 0 0 0 2 3 0 0 0 31 1 0 0 0 3 0 0 0 0 0 0 3 3 2 0 0 0 0 3 0 11 9 16 7 10 19 11 16 0 7 17 1 39 52 16 11 0 9 11 0 0 0 0 0 0 0 0 0 0 0 0 0 1 0 0 0 0 7 0 0 0 0 0 0 0 0 0 0 0 0 0 0 0 0 0 0 0 0 0 0 0 0 0 0 0 0 0 0 0 0 0 0 15 0 0 0 0 0 0 14 10 60 13 2 7 31 18 4 40 0 0 68 32 0 32 11 33 1 28 0 0 0 0 0 0 0 1 0 0 0 0 0 0 0 0 0 0 0 0 0 0 0 0 0 0 0 0 0 0 0 0 0 2 0 0 0 0 0 0 0 7 0 0 0 0 0 0 10 0 0 0 14 0 0 0 0 0 0 0 0 0 0 0 0 0 0 0 2 134 0 11 0 0 0 0 0 0 0 0 0 0 0 0 0 0 0 0 0 0 0 0 0 0 0 0 0 0 0 0 0 0 0 0 0 0 0 0 0 0 
 54 127 92 60 507 57 315 214 194 342 240 44 261 0 216 35 214 113 465 692 0 2 2 3 2 0 2 0 3 0 10 0 72 0 2 0 0 0 0 0 0 0 0 2 0 0 2 0 0 0 0 0 0 0 0 2 3 0 0 0 0 1 0 0 0 3 0 0 0 0 1 0 3 47 0 0 0 0 0 3 18 13 10 15 0 9 11 0 5 0 15 0 30 9 14 55 0 0 12 24 0 0 0 0 0 0 0 0 0 0 0 0 0 0 0 0 0 0 2 0 0 0 0 0 2 0 0 0 0 0 1 0 0 0 0 0 0 0 0 1 0 0 0 0 0 0 0 2 0 0 0 0 0 0 1 0 0 0 0 0 0 24 8 14 0 1 12 48 0 12 57 0 57 1 0 13 10 10 0 41 0 0 0 0 0 2 0 0 0 0 0 0 2 0 0 0 0 0 0 0 0 0 0 0 1 0 0 0 0 0 0 0 0 0 0 0 0 0 10 0 0 0 0 0 0 0 0 0 0 0 0 0 0 0 0 0 0 0 0 0 0 0 0 0 0 2 2 0 52 0 1 6 0 0 0 0 0 0 0 0 0 0 0 0 0 0 0 0 0 0 0 0 0 0 0 0 37 13 0 0 0 0 0 0 0 0 0 0 0 0 
 213 154 159 420 114 104 266 86 49 209 36 115 41 216 0 70 95 33 183 118 1 2 2 0 2 0 2 0 3 0 3 0 0 0 1 0 0 29 77 0 0 0 0 2 0 0 2 0 0 38 0 0 0 0 0 2 3 1 0 0 0 0 0 0 0 2 0 0 0 0 5 0 3 3 0 82 0 0 0 2 20 12 20 0 18 0 0 18 16 19 10 10 0 12 28 29 28 3 21 53 0 0 10 0 0 0 12 2 0 0 0 0 0 9 0 0 0 0 23 0 0 0 0 0 0 0 0 0 0 0 2 0 0 0 0 0 0 0 0 0 0 0 13 0 0 0 0 0 0 0 0 0 0 0 0 0 0 13 0 0 9 2 20 14 0 2 0 0 16 12 0 6 0 1 24 9 0 13 1 0 0 0 0 0 0 0 0 0 0 0 0 0 0 0 0 0 2 0 10 32 0 0 0 0 2 0 0 0 0 0 0 0 0 0 0 0 0 0 0 0 0 0 0 0 0 0 0 0 0 0 0 0 0 0 0 0 0 0 0 0 0 0 0 0 0 0 88 2 1 0 1 6 0 0 0 0 0 0 0 0 0 0 29 0 0 0 0 0 0 0 0 0 0 0 0 0 0 0 0 0 0 0 0 0 0 0 0 0 0 0 
 212 54 238 225 80 72 142 153 252 180 127 214 37 35 70 0 96 41 38 131 0 2 2 0 2 0 0 0 86 3 3 2 0 0 0 5 0 0 0 0 0 2 51 2 0 0 2 62 0 0 0 0 0 0 41 2 3 0 0 0 0 1 0 0 0 3 0 21 0 0 0 0 3 3 2 0 0 0 0 3 36 12 14 2 9 0 0 0 0 18 9 22 0 11 25 1 30 14 0 0 0 0 0 0 13 0 10 1 0 0 0 0 0 11 0 0 0 0 11 0 0 0 0 0 0 0 0 0 0 0 0 0 0 0 0 0 0 0 0 0 0 0 0 0 0 0 0 0 0 0 0 10 0 0 0 0 0 0 0 0 16 4 62 0 25 15 16 15 14 11 12 59 0 1 10 34 14 7 15 0 0 0 0 0 0 0 0 12 0 0 0 0 11 0 0 0 0 0 0 9 0 0 0 0 0 0 0 0 0 0 0 0 0 0 0 0 13 0 0 0 0 0 0 0 0 0 0 0 0 0 0 0 0 0 0 0 0 0 0 0 0 0 0 0 0 0 0 0 1 86 2 8 2 0 0 0 0 0 0 0 0 0 0 0 0 0 0 0 0 0 0 0 0 0 0 9 0 0 0 0 0 0 0 0 0 0 0 0 0 0 
 184 397 59 82 299 79 111 215 101 462 120 335 119 214 95 96 0 183 149 169 0 2 2 0 4 0 0 0 3 2 3 2 0 1 3 0 0 53 76 0 0 1 0 2 19 0 2 2 2 0 3 0 0 2 0 4 3 0 0 0 0 3 0 0 0 2 0 4 0 0 0 4 3 3 0 0 0 0 5 5 8 0 28 27 18 1 0 21 48 5 46 28 23 17 2 20 20 0 0 18 0 0 0 0 0 0 14 13 0 1 0 0 0 0 0 18 0 0 22 1 0 0 0 0 0 0 0 0 0 0 0 0 1 0 0 0 2 0 0 0 0 0 0 0 0 0 0 0 0 0 0 0 0 0 0 0 0 0 0 0 20 18 25 18 0 0 0 15 10 33 0 1 32 1 31 25 1 7 0 22 0 0 0 0 0 0 0 0 0 0 0 0 0 1 0 0 0 0 10 47 0 0 0 0 0 0 0 0 0 0 0 0 0 0 0 0 0 0 0 0 1 0 0 0 0 0 0 0 0 0 0 0 0 2 0 0 0 0 0 2 0 0 0 0 0 3 85 0 0 0 0 0 0 0 0 0 0 0 0 0 0 0 13 0 0 0 0 0 0 0 0 0 0 0 0 0 13 13 0 0 0 0 0 0 0 0 0 0 0 0 
 90 237 298 140 74 57 263 69 214 329 61 92 255 113 33 41 183 0 30 215 0 2 3 0 2 0 1 87 3 3 3 2 23 0 0 0 0 0 1 2 0 1 3 2 0 0 2 0 0 0 0 0 0 0 70 2 3 0 0 0 54 3 0 0 0 3 0 6 0 0 0 0 3 2 0 0 0 0 0 3 8 15 50 49 13 13 0 19 28 1 13 47 32 45 0 39 9 35 0 24 1 0 0 0 0 0 0 0 0 0 0 0 0 0 0 2 0 0 13 15 17 0 0 0 0 0 0 1 0 0 0 0 0 0 0 0 0 0 0 0 0 0 0 0 0 0 0 0 0 0 0 0 0 0 0 0 0 0 0 0 36 32 26 23 2 0 0 28 30 8 1 0 24 1 19 19 1 0 0 29 0 0 0 0 0 0 0 0 0 0 0 0 0 0 0 0 0 23 0 0 0 0 0 0 0 0 0 0 0 0 0 0 0 2 0 0 0 0 0 0 0 0 0 0 0 0 0 0 0 0 0 0 0 0 0 0 0 21 0 0 0 0 0 0 0 1 6 0 3 94 0 12 0 0 0 0 0 0 0 0 0 0 0 0 0 0 0 0 0 0 0 0 0 0 0 0 0 22 0 0 0 0 0 0 0 0 0 0 0 0 
 44 112 27 81 82 61 188 51 92 386 26 44 280 465 183 38 149 30 0 516 0 2 2 2 2 0 0 0 3 2 3 0 0 0 0 0 0 0 2 0 0 0 0 67 0 1 2 0 0 0 0 0 2 0 0 2 3 0 0 0 0 0 0 0 0 2 1 0 0 0 38 0 3 3 4 0 0 0 4 3 30 19 29 16 0 1 11 66 20 0 1 31 17 21 0 43 6 0 22 6 0 0 0 0 0 0 0 2 0 0 1 0 0 0 2 0 0 0 0 0 0 0 0 0 15 0 0 0 0 0 0 2 0 0 0 0 0 9 0 0 0 0 0 2 0 0 3 0 0 0 0 0 0 0 0 0 0 0 0 0 0 31 74 20 0 0 16 2 0 23 0 0 36 23 14 25 0 0 11 30 0 0 0 0 0 0 0 0 0 0 0 0 0 0 0 0 0 0 0 13 0 0 0 0 0 14 0 0 0 0 0 0 0 0 0 0 0 0 0 0 0 0 0 0 0 0 0 0 0 0 0 0 0 0 2 0 0 0 0 0 0 0 0 0 0 0 0 1 0 1 0 6 0 0 0 0 0 0 0 0 0 0 0 0 0 0 0 0 0 0 0 0 0 0 0 0 0 15 0 0 0 0 0 0 0 0 0 0 0 0 
 197 144 145 82 309 66 501 44 231 202 77 132 173 692 118 131 169 215 516 0 2 2 4 0 2 0 0 2 3 0 3 0 0 0 1 0 0 0 0 6 3 1 0 2 62 0 8 0 0 0 0 61 2 4 0 4 5 0 2 0 3 2 0 0 0 2 0 0 0 0 3 0 7 3 0 4 0 9 0 2 13 15 39 81 50 0 6 1 9 10 71 65 37 78 16 41 8 35 13 8 0 0 0 0 0 0 0 0 12 0 0 0 0 3 0 0 0 0 0 0 0 0 0 0 0 0 0 0 0 0 0 0 0 0 0 0 0 0 0 0 0 0 0 0 0 0 0 0 2 0 0 0 0 0 0 0 0 0 0 0 29 23 0 0 14 0 10 89 63 29 35 6 42 10 14 31 62 0 20 29 2 0 0 0 0 0 8 0 0 0 0 0 0 0 2 0 0 0 0 1 0 0 0 2 0 0 0 0 0 0 0 0 0 0 0 0 0 0 1 0 0 0 0 0 0 0 0 0 0 0 0 0 0 0 0 0 0 0 0 0 0 0 0 0 0 2 0 0 0 52 2 10 0 0 0 0 0 0 0 0 1 0 0 0 0 0 0 0 0 0 0 0 0 0 0 0 0 0 0 0 0 0 0 15 0 0 0 0 0 0 
 2 0 0 0 150 178 0 0 38 34 21 0 0 0 1 0 0 0 0 2 0 185 112 75 254 45 474 149 91 256 40 42 38 123 55 119 96 116 207 121 3 2 1 1 0 0 64 0 0 0 0 0 0 0 0 3 1 0 2 32 5 2 0 0 3 1 0 0 2 0 2 0 0 1 0 0 0 2 3 1 0 0 0 12 0 24 0 0 5 13 0 1 0 0 0 0 0 0 0 0 27 9 21 0 0 0 25 0 0 2 11 0 29 9 42 46 6 7 10 54 0 0 0 0 0 0 0 0 0 0 0 0 0 0 0 0 0 0 0 0 9 0 0 0 0 0 1 0 0 0 0 0 0 0 0 3 0 0 0 0 0 0 0 1 0 10 0 0 0 0 12 0 0 0 1 9 0 0 0 0 13 12 7 24 0 0 40 74 0 0 13 1 0 10 0 0 1 8 13 13 0 0 0 0 0 0 0 1 0 2 0 0 0 0 0 0 0 0 0 0 0 0 0 0 0 0 0 19 0 0 0 0 0 0 0 0 0 0 0 0 0 11 0 0 0 0 0 0 0 0 0 0 70 2 10 0 4 11 0 2 1 12 0 0 0 0 0 0 0 0 0 0 0 0 51 0 7 0 0 9 0 0 0 0 0 13 0 0 0 3 
 2 2 4 2 2 78 2 2 2 2 2 2 2 2 2 2 2 2 2 2 185 0 89 110 113 102 227 263 381 44 30 51 122 73 59 147 197 51 64 123 0 1 0 2 0 4 2 0 0 0 5 8 33 0 0 5 2 0 13 0 3 3 0 0 3 0 0 0 0 3 0 0 0 51 0 0 0 2 3 0 0 0 0 0 0 0 0 0 0 0 0 0 0 0 0 0 0 0 0 0 13 13 1 19 6 0 20 14 2 5 26 1 13 29 0 0 11 13 0 1 0 1 0 0 1 0 0 0 0 0 0 0 0 0 0 0 0 0 8 7 0 1 0 0 0 0 0 0 0 0 0 0 3 0 0 0 0 1 0 0 0 0 0 0 0 24 0 0 0 0 0 0 0 0 0 0 0 0 0 0 9 37 11 18 0 0 0 0 38 13 14 0 21 26 8 25 35 18 10 0 0 0 0 0 0 0 8 7 0 0 0 0 0 0 0 0 0 0 0 0 0 0 2 0 0 0 0 0 0 0 1 0 0 0 8 0 0 0 0 0 0 0 11 0 0 2 0 0 0 0 0 0 0 0 15 2 0 157 1 0 13 0 0 0 0 0 11 0 0 0 0 0 0 0 0 0 0 0 0 12 0 15 0 0 0 9 0 0 0 0 
 2 2 2 2 2 2 2 3 3 3 6 2 2 2 2 2 2 3 2 4 112 89 0 222 82 92 225 64 243 158 424 38 160 220 213 146 61 97 324 104 0 5 0 2 0 62 2 0 0 62 0 0 0 2 0 3 0 0 25 3 3 0 0 0 2 1 0 0 0 0 0 0 0 0 0 0 0 49 3 0 0 0 0 0 0 0 0 17 0 0 0 0 0 0 0 0 0 0 0 0 16 25 24 28 0 11 0 15 37 43 43 26 14 18 21 18 66 13 0 1 0 0 0 0 0 0 0 13 0 0 0 0 24 0 18 10 0 0 0 0 0 0 0 8 0 0 0 0 0 0 0 0 0 0 0 0 2 0 0 0 0 0 0 0 0 0 0 0 0 0 0 0 0 1 1 0 1 0 0 0 22 1 48 20 0 1 0 0 14 23 23 0 14 0 35 29 50 11 0 9 0 0 0 0 0 0 10 0 7 0 0 0 0 0 0 21 0 0 31 60 0 0 0 0 0 0 0 0 0 0 0 0 0 0 0 0 0 0 0 0 0 0 0 0 0 0 0 0 0 0 0 1 0 0 3 0 0 76 195 0 2 1 65 0 0 0 0 0 0 0 0 0 0 0 0 0 0 0 0 0 0 11 0 0 0 0 0 0 0 0 
 2 84 0 0 0 0 5 0 0 0 2 0 0 3 0 0 0 0 2 0 75 110 222 0 96 62 342 137 200 163 66 121 79 146 430 303 251 127 81 218 0 2 0 6 0 63 66 0 5 0 5 6 13 0 0 5 5 1 66 82 4 6 0 3 6 0 0 0 0 0 0 0 3 0 0 0 0 4 3 3 0 1 0 0 1 1 0 0 0 0 0 0 0 0 0 1 0 0 0 0 0 32 0 1 0 0 4 17 4 18 13 41 0 17 9 12 12 44 0 1 1 0 0 0 0 0 21 0 0 0 0 0 15 13 12 0 0 0 28 0 4 0 8 3 0 0 2 0 0 0 0 0 5 0 0 0 0 0 0 0 0 0 0 0 0 0 0 0 1 0 0 0 0 0 0 0 0 0 0 0 9 20 4 43 11 0 10 1 18 21 21 14 0 0 32 39 19 10 0 7 0 0 2 0 0 0 7 0 0 0 0 0 6 11 0 8 0 0 0 10 0 0 9 0 0 0 0 0 0 0 0 0 0 0 0 0 0 0 0 0 0 0 1 0 0 0 0 0 0 0 0 0 0 0 13 0 0 1 3 0 11 2 0 0 0 0 0 0 0 0 0 0 0 0 0 0 0 0 0 0 0 17 0 0 0 0 0 0 0 0 
 6 2 2 2 2 2 2 2 2 3 2 2 3 2 2 2 4 2 2 2 254 113 82 96 0 136 127 77 297 146 113 49 71 116 158 69 158 117 57 188 61 2 0 1 0 79 2 4 0 0 2 0 0 0 37 3 1 2 2 0 3 2 0 0 3 0 0 0 0 0 0 0 0 0 0 0 0 2 3 0 0 0 0 0 0 0 0 0 2 0 0 0 0 0 0 0 0 0 0 0 0 39 0 0 29 11 0 7 0 0 0 34 0 0 8 0 0 11 0 0 0 31 20 1 0 0 21 10 0 28 1 0 35 18 16 0 0 0 0 11 0 0 2 3 1 0 0 0 0 0 0 0 0 0 0 0 0 0 0 0 0 0 0 1 0 0 0 0 0 0 0 0 0 0 0 0 0 0 0 0 0 12 0 22 12 39 0 0 13 2 14 13 0 0 40 10 0 34 0 10 10 0 0 8 0 0 20 11 0 0 0 0 16 13 18 0 1 0 9 0 2 0 0 0 0 0 0 0 0 0 0 0 0 2 0 0 0 0 0 0 0 0 0 0 0 0 0 0 0 0 0 0 0 0 0 0 3 1 0 3 11 3 0 0 0 0 11 0 0 0 0 0 0 0 0 0 2 0 0 0 0 0 0 0 0 0 0 0 0 1 
 2 0 0 0 0 0 0 1 0 0 1 0 0 0 0 0 0 0 0 0 45 102 92 62 136 0 265 251 117 126 242 219 26 58 162 79 62 56 38 355 0 6 0 2 0 2 4 0 61 62 0 0 75 62 0 3 2 0 3 5 3 3 0 0 3 12 0 0 0 0 0 0 0 5 0 0 0 2 3 0 2 0 0 0 0 0 0 0 0 0 0 0 0 8 0 0 0 0 0 0 0 0 1 4 36 6 0 0 0 0 0 24 0 0 1 9 16 13 0 0 14 0 0 0 0 0 1 9 0 10 0 0 1 0 17 0 13 20 13 0 0 0 1 0 0 0 0 0 0 1 0 0 0 0 0 0 0 0 0 0 0 0 0 0 0 0 0 0 0 0 0 0 0 0 1 2 0 0 0 0 0 14 13 1 66 9 0 8 34 13 14 62 0 0 0 17 0 73 0 0 10 0 12 0 0 0 7 0 0 13 11 13 10 2 0 22 13 0 24 7 0 9 0 0 0 0 0 0 0 0 0 0 0 0 0 4 0 0 0 0 0 0 0 0 0 0 0 0 0 0 0 0 0 0 5 0 1 0 75 4 14 0 0 0 0 0 1 0 0 0 0 0 0 0 0 0 0 0 0 0 0 0 0 0 0 0 0 0 0 0 
 5 6 1 0 75 115 0 2 13 0 0 0 0 2 2 0 0 1 0 0 474 227 225 342 127 265 0 151 346 188 32 37 77 255 187 320 339 322 113 140 0 2 0 0 0 25 2 0 9 0 0 0 0 0 0 3 0 1 1 0 3 0 0 0 2 0 0 0 0 0 0 0 0 6 0 0 0 51 3 0 0 0 0 13 0 0 0 0 1 14 0 0 0 0 0 0 0 21 0 1 44 69 0 21 0 0 20 38 36 99 30 1 12 8 81 12 0 60 1 13 0 0 0 0 0 0 0 0 0 0 0 0 20 0 0 0 1 0 1 0 8 0 0 4 0 0 1 2 0 0 0 0 0 2 0 0 0 0 0 20 0 0 0 0 0 2 0 0 0 0 6 0 0 0 0 9 0 0 0 0 17 10 12 44 0 0 32 16 15 0 48 0 24 17 22 0 23 31 37 49 0 0 0 0 0 0 0 0 0 0 5 0 0 21 0 0 0 0 0 0 0 0 0 0 0 0 0 0 0 0 0 0 0 0 0 0 0 0 0 0 0 13 0 0 0 0 0 0 0 0 0 0 35 0 3 0 0 3 1 2 14 0 0 0 0 0 0 0 0 0 0 0 0 0 0 0 0 0 0 0 0 2 0 0 0 15 0 0 0 0 
 2 0 0 0 85 1 121 0 0 0 1 0 0 0 0 0 0 87 0 2 149 263 64 137 77 251 151 0 142 265 40 32 214 83 131 105 161 100 63 195 1 2 4 5 0 0 2 2 65 0 0 0 61 0 0 3 1 0 2 0 3 1 8 0 3 1 0 0 0 0 0 3 0 0 2 0 1 3 3 0 2 0 0 0 9 32 0 0 0 0 0 0 0 0 0 0 0 0 0 0 16 0 20 0 23 2 7 0 0 0 11 0 29 17 29 35 20 10 7 60 0 1 0 0 1 0 0 0 0 0 0 0 19 0 0 0 0 0 3 0 0 0 0 0 0 0 0 0 0 1 0 0 0 0 0 9 0 0 0 0 0 0 0 0 0 25 0 0 0 0 0 2 0 0 7 2 0 13 0 0 0 25 7 12 1 14 0 86 0 34 10 10 26 18 24 1 1 24 44 0 0 0 0 0 0 0 20 1 0 0 0 0 0 0 0 0 0 0 0 15 0 0 1 0 0 0 0 0 0 0 1 0 0 0 0 0 0 0 0 0 0 17 0 0 0 0 21 0 0 0 0 0 0 0 4 0 0 10 3 0 2 0 2 0 0 0 10 0 0 0 0 0 0 0 0 1 0 0 0 16 0 0 0 0 0 12 0 0 0 0 
 5 9 3 3 3 4 3 3 3 3 3 3 3 3 3 86 3 3 3 3 91 381 243 200 297 117 346 142 0 118 376 62 171 308 132 147 107 168 162 159 0 5 0 0 0 1 2 0 206 0 0 0 0 0 0 4 1 1 2 0 3 3 0 6 3 0 0 0 0 0 0 0 0 52 0 0 0 2 3 0 0 0 0 0 0 0 0 0 0 0 0 0 0 0 0 0 0 0 1 0 7 0 13 1 24 30 8 2 19 14 22 27 13 15 19 0 13 4 0 15 0 0 0 0 0 0 0 10 2 0 0 0 12 0 0 1 0 0 8 9 0 0 2 0 19 0 3 0 0 0 0 8 0 0 0 0 0 0 0 0 0 0 0 0 0 30 0 0 0 0 1 0 0 0 0 0 0 0 0 0 8 0 38 15 25 40 0 18 0 9 31 19 28 0 9 13 27 24 0 0 15 0 0 0 0 0 2 0 0 0 0 0 1 9 36 22 0 0 21 7 0 0 0 0 0 0 0 0 0 0 0 0 0 0 0 0 0 0 0 0 0 0 0 0 0 0 0 0 0 0 0 1 0 0 3 1 2 5 78 4 4 2 0 0 0 0 0 0 0 0 0 0 0 0 0 0 0 0 0 18 0 0 0 0 8 13 0 0 0 0 
 5 2 0 0 0 0 0 1 7 0 0 0 0 0 0 3 2 3 2 0 256 44 158 163 146 126 188 265 118 0 174 398 47 115 372 75 136 65 309 322 63 2 0 2 0 62 67 0 0 0 2 1 6 0 1 3 2 0 65 57 3 3 0 0 3 0 0 0 0 0 0 0 0 0 0 0 0 2 3 0 0 0 2 0 0 0 2 0 0 0 0 0 0 0 0 0 0 0 0 0 0 18 13 13 21 17 0 29 0 11 0 50 0 0 9 0 0 9 0 0 0 0 0 0 7 0 15 23 0 0 0 0 36 44 0 0 0 0 0 32 0 0 38 4 0 2 0 0 0 0 0 0 0 0 0 0 0 0 0 0 0 0 0 0 0 2 0 0 0 0 0 0 2 0 0 0 0 0 0 0 0 11 5 32 30 0 0 0 16 0 8 9 0 0 19 15 0 11 0 9 0 0 1 0 12 0 0 19 0 1 0 0 0 19 1 2 0 0 2 16 0 0 0 0 19 0 0 0 0 0 0 1 0 0 0 0 0 0 0 0 0 0 0 0 0 0 0 0 0 0 0 0 0 0 6 1 2 2 40 4 3 3 0 0 0 0 0 0 0 0 0 0 0 0 0 0 0 0 0 0 0 1 0 0 0 0 0 0 0 0 
 5 3 5 3 3 3 3 3 3 78 3 3 3 10 3 3 3 3 3 3 40 30 424 66 113 242 32 40 376 174 0 156 286 334 157 73 61 156 62 154 70 2 0 1 0 57 2 0 0 0 58 3 0 66 0 5 2 0 4 36 3 3 53 0 3 0 0 0 1 0 0 0 0 8 51 1 0 2 3 0 0 0 0 0 0 0 0 0 0 0 0 0 0 0 0 0 0 0 0 0 0 13 58 8 24 23 0 3 15 19 4 14 0 0 21 0 0 1 0 0 0 0 0 0 1 0 0 29 0 0 0 0 25 0 0 0 0 0 7 0 0 1 2 0 3 0 2 21 0 0 0 0 0 0 0 0 0 0 0 0 0 0 0 0 0 0 0 0 0 0 0 0 0 0 0 0 0 0 0 0 2 15 0 9 0 24 0 0 10 47 22 28 0 0 9 1 8 39 0 0 9 0 0 0 0 0 0 4 0 0 0 0 0 0 12 0 0 0 0 14 0 0 1 0 0 0 0 0 0 0 0 0 0 0 0 0 0 0 0 0 0 0 0 0 0 2 0 0 0 0 0 0 0 0 5 0 0 1 3 0 21 0 0 0 0 0 0 0 0 0 0 0 0 0 0 0 0 0 0 0 0 1 0 0 0 0 0 0 0 0 
 0 1 0 0 0 2 0 0 0 0 0 0 0 0 0 2 2 2 0 0 42 51 38 121 49 219 37 32 62 398 156 0 41 39 22 26 72 114 43 37 133 1 1 2 0 0 27 73 0 0 0 62 65 0 66 7 0 0 33 64 4 0 0 0 3 0 0 0 0 0 0 0 0 0 0 0 49 3 3 0 0 0 0 10 0 0 0 0 0 0 0 0 0 0 0 0 0 0 0 0 0 0 0 0 20 40 0 0 0 9 0 16 0 0 0 1 0 16 0 0 9 25 23 4 0 0 33 42 0 30 0 1 14 36 58 1 22 0 26 15 0 0 0 0 0 1 0 2 0 0 9 0 0 0 0 0 0 0 0 0 0 0 0 5 0 0 0 0 0 0 0 0 1 0 0 0 0 0 0 0 0 0 0 10 18 9 0 0 1 0 22 36 0 0 14 0 0 0 0 0 27 0 0 9 0 0 12 17 0 21 3 0 14 26 18 17 2 0 46 24 0 0 0 0 0 1 0 0 0 0 0 2 0 0 0 0 0 0 0 0 0 0 0 0 0 0 0 0 0 0 0 0 0 0 10 1 2 2 0 2 3 0 0 0 0 0 0 0 0 0 0 0 0 0 0 0 0 0 0 0 0 0 0 0 0 0 0 0 0 0 
 2 27 0 31 154 54 0 0 0 158 111 0 0 72 0 0 0 23 0 0 38 122 160 79 71 26 77 214 171 47 286 41 0 274 98 26 38 104 69 246 0 2 3 1 0 2 2 0 0 3 0 0 0 2 0 3 1 3 2 2 3 2 3 0 3 0 0 0 0 0 0 2 0 0 0 0 0 2 3 0 0 4 0 0 0 65 0 29 0 9 0 0 0 0 0 0 0 9 0 0 34 0 32 0 9 14 0 4 22 0 15 0 7 2 62 12 0 8 14 20 15 0 0 0 0 0 0 0 1 6 0 0 42 2 0 0 0 0 0 0 7 0 0 0 0 0 0 0 0 0 0 10 0 0 0 0 0 0 0 0 0 0 0 0 0 29 0 0 10 0 0 0 0 0 1 0 0 0 0 0 0 10 10 0 7 16 41 23 0 0 0 8 6 11 12 0 46 11 27 0 0 0 0 0 0 0 0 0 0 2 0 0 0 0 0 0 0 0 0 2 0 0 0 0 0 0 0 0 0 0 0 0 0 0 0 0 0 0 0 0 0 0 0 0 0 0 0 0 0 0 0 0 0 3 3 2 0 1 0 0 2 0 0 0 0 0 1 0 0 0 0 0 0 0 0 19 9 0 0 4 0 0 0 0 0 15 0 0 0 0 
 0 0 0 7 0 72 0 74 0 0 2 0 0 0 0 0 1 0 0 0 123 73 220 146 116 58 255 83 308 115 334 39 274 0 252 427 39 188 101 224 0 0 3 2 19 65 2 0 8 0 0 0 0 67 0 3 63 0 2 0 3 2 0 1 3 10 0 0 1 0 0 0 0 8 0 1 0 2 3 0 0 0 0 0 0 0 0 0 0 0 0 0 0 0 0 0 14 0 0 0 23 51 12 18 0 8 0 52 52 116 36 0 40 19 32 31 9 17 0 0 0 0 0 0 0 0 0 0 0 0 0 0 41 0 0 0 14 0 0 0 0 0 0 13 1 0 0 0 0 0 0 0 12 0 0 0 2 11 0 0 0 2 0 0 0 0 0 0 0 0 0 17 0 0 0 0 1 0 0 0 13 23 22 44 0 1 14 12 0 14 44 0 26 0 37 10 51 1 11 26 0 0 0 0 0 0 0 0 0 0 0 0 0 0 0 0 0 0 0 0 0 0 0 0 0 0 4 0 0 1 0 0 0 0 0 0 0 8 0 0 0 14 0 0 0 0 0 0 2 0 0 0 0 0 6 1 2 77 1 1 17 5 0 0 0 0 0 0 0 0 0 0 0 0 0 0 0 0 0 0 0 15 0 0 0 2 0 0 0 0 
 2 0 0 0 0 1 0 0 0 0 0 0 0 2 1 0 3 0 0 1 55 59 213 430 158 162 187 131 132 372 157 22 98 252 0 270 119 219 143 92 6 2 3 2 0 68 2 2 3 0 9 2 3 0 3 6 1 0 101 35 3 2 3 2 4 0 2 0 0 0 0 0 0 0 0 0 4 2 3 0 0 0 0 0 0 0 0 0 0 0 2 0 0 0 0 0 2 0 0 0 16 16 45 45 0 0 0 1 20 48 31 6 12 39 9 24 49 31 0 0 0 0 0 0 0 15 0 6 0 0 0 0 26 0 8 7 0 1 0 7 0 0 0 5 0 0 0 0 0 0 0 0 0 0 0 0 0 0 0 0 0 0 0 0 0 0 0 0 0 0 0 0 0 0 0 0 0 0 7 0 30 25 23 13 1 0 0 0 53 22 13 0 13 0 27 73 21 0 0 9 0 0 0 0 0 0 14 7 0 0 0 2 0 0 0 0 0 0 0 10 0 0 0 0 0 0 0 0 0 0 0 0 0 0 0 0 0 0 0 1 0 0 0 0 0 0 0 0 0 0 0 0 0 0 6 0 0 157 154 2 2 2 0 0 0 0 11 0 0 0 0 0 0 0 0 0 0 0 0 0 0 23 0 0 0 0 0 0 0 0 
 4 0 0 0 1 77 0 0 79 0 0 0 0 0 0 5 0 0 0 0 119 147 146 303 69 79 320 105 147 75 73 26 26 427 270 0 327 158 174 295 0 2 0 1 0 0 3 2 2 0 9 6 6 0 3 4 0 0 68 1 3 2 0 0 3 0 0 0 0 0 0 0 0 0 12 0 0 2 3 0 14 0 0 0 0 0 0 0 2 0 0 0 0 0 0 0 0 0 0 0 33 2 24 45 0 0 24 0 31 40 37 1 28 43 0 17 19 22 0 13 0 0 0 0 0 0 7 0 0 0 0 0 1 15 0 0 0 0 17 3 0 0 0 3 0 0 0 0 0 0 0 0 0 0 0 0 0 0 0 0 0 0 0 1 0 13 0 0 0 0 18 0 0 0 0 0 0 0 0 0 81 26 57 25 0 0 1 1 19 10 18 15 14 1 23 38 41 10 1 0 0 1 0 0 0 0 20 5 0 1 0 8 0 0 0 0 0 0 0 11 0 0 0 0 0 0 0 0 0 0 0 0 0 2 0 0 0 0 0 0 0 0 2 0 0 0 0 0 0 0 0 0 0 0 6 1 0 143 76 1 0 12 0 0 0 0 8 0 0 0 0 0 0 0 0 0 2 0 0 10 0 15 0 0 0 0 0 0 0 0 
 3 0 0 0 1 1 0 0 0 0 2 0 0 0 0 0 0 0 0 0 96 197 61 251 158 62 339 161 107 136 61 72 38 39 119 327 0 104 93 26 0 1 0 3 0 62 4 3 3 2 2 3 5 2 0 6 3 2 18 69 3 1 0 0 3 0 0 5 0 0 0 0 0 0 0 0 0 3 3 0 0 0 0 0 3 0 0 0 0 0 0 0 0 0 0 0 0 0 0 13 9 19 13 43 0 0 24 31 0 2 35 23 22 26 20 0 27 37 0 17 0 0 0 0 0 0 12 1 0 0 0 0 30 17 0 0 0 0 12 6 0 0 31 4 0 0 0 0 0 0 0 0 10 0 0 0 0 0 0 0 0 0 0 0 0 38 0 0 0 0 0 0 0 0 6 0 0 0 0 0 10 12 9 42 12 0 2 16 17 26 9 24 52 48 43 42 20 16 2 9 0 0 0 0 0 0 0 6 0 0 0 0 0 21 0 0 0 0 0 25 0 0 0 0 0 0 1 0 0 0 0 0 0 0 0 0 0 0 0 0 0 0 9 0 0 0 0 0 0 0 0 0 0 0 8 0 0 119 74 0 15 0 0 0 0 0 0 0 0 0 0 0 0 0 0 0 0 0 0 19 0 10 0 0 0 14 0 0 0 0 
 77 104 1 46 38 71 0 28 1 3 1 9 0 0 29 0 53 0 0 0 116 51 97 127 117 56 322 100 168 65 156 114 104 188 219 158 104 0 174 51 64 1 0 2 0 0 2 0 1 0 0 1 1 0 0 67 1 0 2 0 3 2 0 2 3 0 3 0 0 0 0 0 0 0 0 0 0 4 3 0 1 1 10 0 10 0 0 0 16 0 32 10 0 0 0 0 8 1 0 0 17 0 2 0 4 10 0 16 14 35 34 0 17 26 0 21 35 0 15 0 0 2 0 0 2 0 0 19 0 0 0 0 25 0 0 0 0 0 0 1 0 2 0 3 0 0 0 0 0 2 0 0 0 0 0 0 0 0 0 0 0 0 0 10 0 0 2 0 11 14 0 1 0 0 23 1 0 10 0 0 29 0 25 0 0 11 0 0 0 0 1 4 13 0 32 22 68 0 11 31 0 0 0 0 0 0 3 0 0 0 0 0 0 0 0 0 0 8 0 0 0 0 2 0 0 0 0 0 0 0 2 0 0 0 0 0 0 0 0 0 0 0 0 0 0 0 74 0 0 1 0 0 0 0 4 0 2 73 77 0 3 22 21 0 0 53 0 0 0 0 0 0 0 0 0 0 0 0 0 0 0 12 0 0 0 0 0 0 0 0 
 0 37 75 80 155 138 0 78 94 87 0 0 0 0 77 0 76 1 2 0 207 64 324 81 57 38 113 63 162 309 62 43 69 101 143 174 93 174 0 132 0 0 0 0 0 0 5 0 0 0 0 2 1 12 0 3 0 0 1 0 3 1 0 0 3 0 0 0 0 0 0 0 2 0 0 2 0 7 3 0 0 0 0 9 19 0 0 0 42 8 11 0 0 0 0 0 23 10 0 0 47 0 5 0 0 0 9 1 3 5 37 0 27 25 0 34 12 0 30 28 34 0 0 0 0 0 0 0 0 0 0 0 0 0 0 0 0 0 0 0 0 0 0 1 0 0 0 0 0 0 0 0 0 0 0 0 0 0 0 0 0 0 0 36 31 0 0 0 15 13 10 58 0 0 5 11 0 14 0 0 41 0 15 0 0 0 29 3 0 12 0 0 10 15 42 18 27 0 42 68 0 0 0 0 0 0 0 0 0 0 0 0 0 0 0 0 0 0 0 12 0 0 0 0 0 0 0 0 0 0 0 0 0 0 13 0 0 0 0 0 0 0 0 0 0 0 38 0 0 0 18 0 14 0 12 0 0 75 43 2 2 2 19 0 0 0 0 0 0 0 0 0 0 0 0 0 0 0 0 0 0 10 0 0 0 0 0 0 0 0 
 1 0 0 3 60 88 0 0 2 0 74 0 0 0 0 0 0 2 0 6 121 123 104 218 188 355 140 195 159 322 154 37 246 224 92 295 26 51 132 0 0 1 0 2 0 62 2 0 3 0 0 5 3 0 0 3 1 0 2 0 3 2 0 24 3 0 0 0 0 0 0 0 0 0 0 0 0 2 3 0 0 0 0 0 0 12 0 0 0 0 0 0 0 0 0 0 0 0 0 0 0 26 8 11 7 0 11 17 6 20 29 1 21 23 27 24 11 12 1 25 0 0 0 0 0 0 0 0 0 0 0 0 30 0 1 0 0 0 18 1 0 0 0 4 8 0 0 0 0 0 0 0 0 0 0 0 0 0 0 0 0 0 0 0 0 0 0 0 0 0 0 0 0 0 9 0 0 0 0 0 30 0 15 27 0 14 9 21 20 2 20 30 10 36 43 19 41 5 18 9 0 0 0 0 0 0 0 0 0 0 0 0 0 0 0 0 0 0 0 1 0 0 0 0 0 0 0 0 0 0 0 0 0 0 0 0 0 0 0 0 0 0 13 0 0 0 0 0 0 0 0 0 0 0 11 2 4 80 1 2 1 0 0 0 0 0 0 0 0 0 0 0 0 0 0 0 0 0 0 0 0 9 0 0 0 0 0 0 0 0 
 1 0 0 0 0 0 0 0 0 0 0 0 0 0 0 0 0 0 0 3 3 0 0 0 61 0 0 1 0 63 70 133 0 0 6 0 0 64 0 0 0 323 140 121 254 51 212 68 303 133 200 309 113 357 282 537 47 105 127 27 0 4 4 0 1 4 0 0 0 0 0 0 0 5 0 1 0 2 4 3 0 0 0 0 0 0 0 0 0 0 0 0 0 0 0 0 0 0 0 0 0 0 0 0 15 27 34 0 0 9 0 0 0 0 0 0 32 23 0 0 0 23 18 0 0 0 0 7 15 2 0 0 0 0 1 21 7 11 0 9 0 0 0 0 0 0 0 0 0 0 0 0 0 0 0 0 0 0 0 0 1 0 0 0 0 0 0 0 0 0 0 0 0 0 0 0 3 0 0 0 0 0 0 0 9 0 0 0 0 0 0 0 0 0 0 0 0 0 0 0 2 23 13 0 0 0 0 33 9 0 10 2 15 0 0 0 54 0 25 12 2 0 0 2 0 0 0 2 0 0 1 0 2 1 1 0 0 0 0 0 0 0 10 0 0 0 0 0 0 0 0 10 0 1 0 0 0 0 0 13 0 0 0 0 0 2 2 0 1 0 0 0 0 0 0 0 0 0 0 0 0 0 0 0 0 0 0 0 2 0 
 0 0 2 0 0 0 0 0 4 1 2 2 2 0 0 2 1 1 0 1 2 1 5 2 2 6 2 2 5 2 2 1 2 0 2 2 1 1 0 1 323 0 230 216 243 35 218 92 67 44 30 543 36 170 73 127 136 130 56 268 0 0 0 0 0 0 0 0 22 0 0 0 0 2 0 0 0 0 0 1 0 0 0 0 0 0 0 0 0 0 0 0 0 0 0 0 0 0 0 0 0 0 11 1 3 4 20 0 0 0 0 5 7 0 0 0 0 0 0 0 11 6 7 1 21 33 0 0 63 4 0 16 0 6 1 12 8 9 0 8 0 0 0 0 0 11 12 0 0 0 0 0 39 0 0 0 0 6 0 51 0 0 0 0 0 0 0 0 0 0 0 0 1 0 0 0 0 0 0 0 0 0 7 0 3 0 0 0 0 0 8 1 0 0 0 0 0 15 0 0 0 21 21 9 11 0 0 0 35 28 9 0 2 6 2 43 12 20 3 6 0 12 0 0 0 0 0 0 0 0 0 0 0 0 11 0 0 0 0 13 0 0 0 0 0 2 0 0 0 30 0 1 0 2 0 0 0 2 0 1 0 0 0 88 46 1 0 0 2 0 0 0 0 0 0 0 0 0 0 0 0 0 0 0 0 0 0 11 1 1 
 7 4 0 2 0 0 0 0 0 1 0 0 0 0 0 51 0 3 0 0 1 0 0 0 0 0 0 4 0 0 0 1 3 3 3 0 0 0 0 0 140 230 0 311 284 153 143 154 187 136 53 97 155 215 134 131 116 149 59 37 5 1 5 6 0 2 0 0 0 0 0 0 5 3 0 0 0 4 0 0 0 0 0 0 0 11 0 0 0 0 0 0 0 0 0 0 0 1 0 0 1 0 0 9 0 0 8 0 0 0 0 0 0 0 3 3 0 0 1 10 15 15 0 10 20 3 0 0 21 6 34 10 0 0 1 31 6 21 0 4 0 1 0 0 0 9 22 0 0 0 0 0 2 0 5 0 13 3 9 19 0 0 10 0 0 0 0 0 0 0 1 0 0 0 0 0 1 0 0 0 0 0 0 0 0 0 0 0 0 0 0 0 0 0 0 0 0 0 0 0 0 11 11 29 1 0 0 1 23 33 0 14 0 0 19 9 4 17 0 0 0 0 0 0 0 0 19 0 0 0 0 0 0 8 0 0 17 0 21 0 0 1 0 0 0 0 1 0 0 0 0 12 0 1 0 0 0 0 0 3 0 0 0 1 1 0 4 0 2 0 0 0 0 0 0 0 0 0 0 0 0 0 0 0 0 14 0 0 2 0 
 5 2 2 2 2 2 61 2 64 2 2 2 64 2 2 2 2 2 67 2 1 2 2 6 1 2 0 5 0 2 1 2 1 2 2 1 3 2 0 2 121 216 311 0 423 95 156 205 186 175 64 159 193 346 296 486 502 109 61 203 11 0 0 0 2 27 0 0 0 0 6 0 0 0 0 0 0 0 0 0 10 17 0 0 0 0 0 13 0 0 0 0 0 0 0 0 0 3 10 0 0 0 0 0 0 0 0 0 0 0 0 0 0 1 0 0 0 0 9 0 54 16 1 8 0 10 0 0 26 20 9 17 0 47 0 23 0 19 0 21 0 3 0 0 0 6 4 0 0 0 4 0 0 21 0 0 0 11 0 4 1 0 0 0 0 0 0 0 0 0 0 0 0 7 0 0 2 0 10 0 0 0 0 0 0 0 0 0 0 0 0 0 0 0 0 0 0 0 0 0 0 28 18 66 0 10 5 0 47 17 0 20 9 18 51 15 0 8 0 0 0 0 0 0 0 0 4 0 0 0 0 0 15 0 0 0 0 0 10 0 0 0 0 0 0 0 0 0 0 0 0 1 0 11 0 0 0 1 0 0 0 0 0 1 0 7 0 1 2 1 0 0 0 0 0 0 0 0 0 0 0 2 0 0 0 0 0 0 0 0 
 7 4 0 6 1 1 2 0 0 0 12 0 0 0 0 0 19 0 0 62 0 0 0 0 0 0 0 0 0 0 0 0 0 19 0 0 0 0 0 0 254 243 284 423 0 278 59 107 244 92 148 363 77 98 143 95 58 99 44 79 0 0 0 0 0 1 3 7 5 5 0 0 0 26 51 0 0 0 0 18 1 3 7 0 1 0 0 11 0 20 1 0 20 11 0 0 0 0 0 0 0 0 0 0 0 0 0 0 0 0 0 0 0 0 0 0 0 0 1 0 1 0 0 12 6 18 0 0 0 0 20 43 0 1 0 12 12 10 0 0 21 17 0 1 0 0 38 49 2 0 0 0 1 4 0 1 26 0 5 17 0 2 1 7 7 0 0 0 0 3 2 0 2 0 0 5 2 0 0 0 0 0 0 0 0 0 0 0 0 0 0 0 0 0 0 0 0 0 0 0 1 0 14 14 10 0 0 0 0 13 12 18 0 0 3 0 0 1 0 0 18 0 15 10 9 0 86 11 5 0 0 0 9 22 54 0 1 0 40 14 11 0 0 0 0 0 0 0 0 7 0 9 0 0 0 0 0 22 0 1 0 1 2 13 2 24 0 13 2 0 0 0 0 0 0 0 0 0 0 0 0 4 0 0 1 0 0 0 0 0 
 0 0 0 0 0 0 0 0 2 0 0 0 0 0 0 0 0 0 1 0 0 4 62 63 79 2 25 0 1 62 57 0 2 65 68 0 62 0 0 62 51 35 153 95 278 0 91 28 56 51 69 131 33 113 43 118 70 38 37 32 4 99 22 0 0 0 4 9 35 0 0 4 0 2 0 2 4 0 21 2 0 0 0 0 0 0 22 0 0 0 0 0 0 0 0 0 0 0 0 0 0 21 0 19 0 0 0 22 18 18 0 10 0 0 4 0 0 9 0 0 0 0 0 5 12 0 1 0 6 0 7 10 26 0 0 9 0 0 1 0 0 40 6 4 3 10 12 11 1 10 1 1 19 0 0 0 12 1 28 9 0 0 0 0 0 0 0 0 0 0 0 0 1 0 0 0 0 0 0 10 0 0 0 20 0 0 0 0 11 0 9 0 0 0 35 13 0 33 0 3 0 0 0 26 0 0 0 0 0 11 0 0 0 20 0 10 0 10 0 0 16 1 10 0 10 0 2 11 0 0 0 0 0 0 0 0 2 11 1 1 0 0 0 0 0 0 0 0 0 0 0 8 0 0 0 0 0 0 0 6 0 0 10 62 0 0 5 0 0 0 14 0 0 0 0 0 0 0 0 0 0 0 0 0 0 4 0 0 0 0 
 2 2 2 4 2 2 2 2 63 2 2 2 2 2 2 2 2 2 2 8 64 2 2 66 2 4 2 2 2 67 2 27 2 2 2 3 4 2 5 2 212 218 143 156 59 91 0 193 28 111 53 60 495 439 47 20 69 323 66 114 0 0 0 0 6 0 0 0 0 1 6 0 0 2 0 1 0 2 0 0 0 0 0 0 0 0 0 0 0 0 0 0 0 0 0 0 0 0 0 0 0 0 0 0 0 0 0 0 0 0 0 3 0 0 0 0 0 7 0 0 60 27 0 26 19 0 23 0 10 35 1 20 14 8 22 15 20 16 16 19 0 1 1 9 10 19 0 0 0 15 0 0 0 0 0 36 0 3 15 6 0 0 0 0 0 0 0 0 0 0 0 0 1 0 0 0 1 0 0 0 0 1 0 9 15 19 0 0 1 0 0 0 0 0 0 1 0 0 0 0 7 0 1 18 0 0 0 2 19 36 20 0 25 52 0 28 1 16 19 1 0 0 0 17 0 0 0 0 0 0 12 0 0 0 0 0 7 4 0 0 0 0 0 0 0 0 0 0 0 0 0 15 0 2 0 0 0 0 0 1 0 0 0 1 0 2 0 0 0 0 0 0 0 0 11 0 0 0 0 0 0 0 0 0 10 0 0 0 1 0 
 0 0 4 0 0 0 0 0 0 0 0 0 0 0 0 62 2 0 0 0 0 0 0 0 4 0 0 2 0 0 0 73 0 0 2 2 3 0 0 0 68 92 154 205 107 28 193 0 149 244 20 24 118 156 174 117 371 146 128 111 3 0 16 3 3 0 0 0 0 4 9 0 2 1 0 3 5 18 2 0 0 0 0 0 0 0 0 0 0 0 0 0 0 0 0 0 0 0 0 0 0 0 0 0 0 1 0 0 0 0 0 0 0 0 0 0 0 0 0 0 16 27 10 2 15 11 0 0 19 10 11 22 22 6 18 21 7 11 0 20 0 3 0 6 2 5 11 0 0 5 0 0 14 0 0 0 0 3 1 13 0 0 0 4 0 0 0 0 0 0 0 0 0 0 0 0 0 0 0 0 0 0 0 0 0 0 0 0 0 1 0 0 0 0 0 0 0 0 0 0 7 11 11 15 0 0 0 1 22 19 0 11 12 0 35 11 5 8 0 0 0 0 0 0 0 0 10 0 0 0 2 0 0 8 0 0 21 0 24 0 0 0 0 0 0 0 0 0 0 0 0 6 0 0 0 0 0 0 0 0 0 0 2 0 1 2 0 0 0 0 0 1 0 0 0 0 0 0 0 0 0 0 0 0 0 0 0 0 0 0 
 2 0 0 2 0 0 0 0 0 0 0 0 0 0 0 0 2 0 0 0 0 0 0 5 0 61 9 65 206 0 0 0 0 8 3 2 3 1 0 3 303 67 187 186 244 56 28 149 0 148 50 137 150 318 96 315 64 115 58 403 0 0 0 0 0 3 0 0 0 0 0 0 0 4 1 51 0 0 0 0 0 0 0 0 0 0 0 0 0 0 0 0 0 0 0 0 15 0 0 0 0 4 0 0 0 0 2 4 0 6 0 0 6 0 0 0 2 0 0 0 4 1 0 10 0 20 16 0 17 30 9 28 0 17 0 30 0 9 0 1 0 3 0 0 0 0 0 0 0 0 8 0 0 10 0 0 0 10 0 1 0 0 0 0 0 0 0 0 0 0 0 0 3 0 0 0 0 0 0 0 7 0 0 12 0 0 16 9 0 0 0 0 9 2 1 0 7 0 20 0 22 21 14 41 7 10 12 0 0 7 25 52 25 23 17 20 7 7 0 0 23 0 15 0 9 0 19 0 0 0 0 0 0 28 36 0 0 0 11 0 0 0 3 0 0 0 0 0 0 0 0 9 0 0 0 0 0 0 0 1 0 21 0 1 0 13 4 0 2 0 0 0 0 0 0 0 0 0 0 0 0 0 0 0 0 0 0 0 0 0 
 1 0 0 0 0 0 0 0 65 0 0 0 0 0 38 0 0 0 0 0 0 0 62 0 0 62 0 0 0 0 0 0 3 0 0 0 2 0 0 0 133 44 136 175 92 51 111 244 148 0 366 535 80 156 82 238 264 162 84 294 51 24 0 0 0 3 0 0 1 0 0 0 0 6 0 0 0 2 0 51 0 0 0 0 0 0 0 0 0 0 0 0 0 0 0 0 0 0 0 0 0 0 8 0 0 0 0 0 0 0 0 0 0 0 0 0 0 0 0 0 0 0 0 0 0 33 0 0 10 15 1 14 0 0 0 13 8 29 0 0 43 0 0 0 0 0 0 1 1 0 17 0 7 0 8 0 0 0 8 0 0 0 0 0 0 0 0 0 0 0 0 0 0 0 0 0 6 0 0 0 0 0 0 0 0 0 0 0 0 0 0 0 0 0 0 0 1 0 0 0 28 10 23 0 31 27 0 19 13 2 12 55 12 0 0 0 18 0 0 0 0 0 0 3 0 0 0 0 0 0 0 0 15 8 54 0 0 1 0 29 0 0 1 0 0 0 0 0 0 0 0 22 0 0 0 0 0 1 0 31 0 0 65 1 4 0 2 0 0 0 0 0 0 0 0 3 0 0 0 0 0 0 0 0 9 15 0 11 0 13 
 3 0 0 0 0 0 0 0 0 0 0 0 0 0 0 0 3 0 0 0 0 5 0 5 2 0 0 0 0 2 58 0 0 0 9 9 2 0 0 0 200 30 53 64 148 69 53 20 50 366 0 170 111 31 140 124 103 91 38 286 24 51 0 0 0 1 0 0 0 0 0 0 2 52 0 2 0 3 2 99 0 0 0 0 0 0 0 0 0 0 0 0 0 0 0 0 0 0 0 0 0 0 5 10 0 0 21 0 0 0 6 0 0 5 11 0 6 7 0 0 0 15 16 0 0 11 0 8 10 0 0 0 3 0 10 10 13 14 4 0 6 0 0 0 0 0 0 2 0 0 6 0 5 0 0 0 0 0 11 0 10 0 0 0 0 0 0 0 0 0 0 0 0 0 0 0 13 0 12 0 0 8 0 0 0 0 0 0 1 9 0 6 0 8 4 4 0 0 0 0 13 19 10 0 11 9 0 5 24 0 0 11 6 0 0 0 11 0 0 0 0 0 3 10 0 0 0 0 0 14 0 0 18 19 8 0 0 0 0 11 0 0 32 0 0 0 0 0 0 0 0 11 0 0 0 0 0 0 0 18 0 2 2 0 0 8 4 0 0 0 0 0 0 0 0 0 0 0 0 0 0 6 0 0 0 0 0 0 0 0 
 2 6 0 2 0 0 0 0 2 0 0 0 0 0 0 0 0 0 0 61 0 8 0 6 0 0 0 0 0 1 3 62 0 0 2 6 3 1 2 5 309 543 97 159 363 131 60 24 137 535 170 0 112 124 85 91 283 406 40 61 50 0 0 0 0 0 0 9 4 7 0 0 0 0 0 0 35 0 0 47 0 0 0 0 10 0 0 0 0 0 0 0 0 0 0 0 0 0 0 0 0 0 1 3 0 0 13 2 0 0 8 0 0 7 0 0 6 6 0 0 0 0 0 10 0 17 0 0 3 0 11 19 0 0 10 3 16 36 5 0 3 0 0 10 21 13 0 9 0 0 16 0 0 0 1 13 0 0 0 7 0 0 0 0 0 0 0 0 0 0 0 0 0 28 0 0 2 0 0 0 6 15 0 0 0 0 0 0 0 8 0 2 1 12 5 5 7 0 5 0 0 0 0 0 38 22 0 0 16 10 13 0 0 0 0 2 0 0 0 0 16 10 0 0 0 0 9 8 10 0 0 0 17 6 19 0 0 1 0 35 6 0 9 0 0 0 0 2 0 0 0 7 0 18 0 0 0 0 0 4 0 1 69 0 1 7 4 67 4 0 15 0 0 0 0 0 0 0 0 0 0 10 0 0 13 0 0 8 0 0 
 0 0 0 68 0 1 0 0 0 60 62 64 0 0 0 0 0 0 2 2 0 33 0 13 0 75 0 61 0 6 0 65 0 0 3 6 5 1 1 3 113 36 155 193 77 33 495 118 150 80 111 112 0 170 33 34 63 322 65 102 0 0 0 0 0 0 0 0 0 0 0 0 4 3 0 4 0 6 0 0 0 0 8 0 0 8 0 0 0 0 0 0 0 0 0 0 0 0 0 0 38 0 1 4 0 0 9 0 0 0 12 7 0 6 0 0 6 4 0 0 29 1 0 7 0 0 14 0 7 9 19 0 0 14 0 10 11 18 14 0 0 0 1 0 0 0 4 0 0 0 0 1 0 0 0 19 0 0 0 0 0 0 0 0 0 10 0 0 0 0 0 0 0 0 0 0 3 10 0 0 4 5 0 3 1 0 0 6 0 18 0 3 5 34 3 5 13 0 10 0 14 16 22 15 0 0 0 13 9 19 11 19 0 12 0 15 9 8 4 4 0 0 0 0 0 0 25 0 0 0 0 0 0 0 0 0 0 0 19 0 0 0 6 0 0 0 62 0 0 0 0 4 0 2 0 0 0 0 0 12 0 0 0 0 0 2 0 0 0 0 0 0 0 0 0 7 0 0 0 0 0 6 0 0 8 0 0 0 1 0 
 0 4 0 2 0 0 0 0 0 0 0 0 0 0 0 0 2 0 0 4 0 0 2 0 0 62 0 0 0 0 66 0 2 67 0 0 2 0 12 0 357 170 215 346 98 113 439 156 318 156 31 124 170 0 211 81 79 114 58 197 0 0 56 0 0 3 0 0 4 0 0 2 0 7 0 7 0 0 0 0 0 0 0 0 0 0 0 0 0 0 0 0 0 0 0 0 5 0 0 0 0 0 0 0 0 0 0 0 0 0 0 0 0 0 0 0 0 0 0 0 27 10 0 10 0 1 0 0 36 22 14 10 0 17 0 58 0 9 0 10 0 1 0 0 0 3 0 16 0 0 6 0 12 1 0 9 0 12 0 8 0 0 0 0 0 0 0 0 0 0 0 1 0 0 0 0 0 0 0 0 0 0 0 0 0 0 0 0 0 0 0 0 0 0 0 0 0 0 0 0 18 27 19 28 1 0 0 0 11 29 12 32 12 19 0 37 8 45 0 0 0 0 0 0 0 0 10 0 0 0 0 0 0 0 0 0 0 0 14 0 0 0 1 0 0 0 0 0 0 0 0 4 0 1 0 0 0 1 0 2 0 0 0 66 2 2 1 0 0 0 0 0 0 0 0 2 0 0 0 0 0 0 0 0 11 0 0 0 2 0 
 0 0 0 0 0 0 0 0 0 0 0 0 0 0 0 41 0 70 0 0 0 0 0 0 37 0 0 0 0 1 0 66 0 0 3 3 0 0 0 0 282 73 134 296 143 43 47 174 96 82 140 85 33 211 0 176 199 41 126 201 0 0 0 0 0 1 9 3 0 0 0 0 0 1 0 0 0 0 11 0 0 0 0 0 0 0 0 0 0 0 0 0 0 0 0 0 0 0 0 0 0 0 0 0 1 11 0 0 0 0 0 0 0 0 0 0 0 0 0 0 10 28 7 7 0 0 28 9 31 4 0 1 12 33 13 15 0 1 0 36 0 3 0 0 0 0 0 0 0 0 13 0 10 0 0 0 0 9 0 0 0 0 11 10 0 0 0 0 0 0 0 0 0 0 0 0 0 0 0 0 0 3 0 0 34 27 0 0 0 0 0 0 0 0 0 0 0 0 0 0 0 25 26 0 0 0 9 50 8 0 0 0 35 0 19 0 3 7 2 0 0 0 0 0 0 0 0 0 0 0 0 0 0 0 0 0 0 0 9 0 0 0 45 0 0 0 0 0 1 0 0 4 0 0 0 0 0 0 0 0 0 0 0 0 0 2 0 0 2 0 0 0 0 0 0 0 0 0 0 0 0 1 2 0 0 0 0 0 0 0 
 2 2 2 2 2 2 2 2 2 2 2 2 2 2 2 2 4 2 2 4 3 5 3 5 3 3 3 3 4 3 5 7 3 3 6 4 6 67 3 3 537 127 131 486 95 118 20 117 315 238 124 91 34 81 176 0 649 33 46 81 8 0 0 0 0 0 0 0 0 17 0 1 0 0 0 60 0 0 0 75 0 7 0 0 0 0 0 0 0 0 0 0 0 0 0 0 0 0 0 0 0 0 0 0 20 15 0 0 0 0 0 0 1 0 0 0 0 0 0 0 10 8 42 19 28 11 16 0 23 0 10 30 12 10 0 11 20 0 0 3 15 10 0 1 0 0 7 1 0 0 13 0 0 4 0 0 5 0 13 2 4 0 0 3 0 0 0 0 0 0 0 0 0 0 0 0 0 0 2 0 0 0 0 30 0 0 0 0 0 0 0 0 0 0 0 0 0 0 0 0 8 0 1 16 9 26 12 10 8 3 18 1 13 0 9 0 21 6 11 0 0 11 0 0 0 0 0 0 0 0 0 0 9 0 15 0 0 0 0 6 0 0 0 0 0 0 0 0 0 0 0 5 0 0 0 0 0 0 0 1 0 0 2 0 67 3 0 2 2 0 0 0 0 0 0 0 0 0 0 0 0 0 0 0 0 33 0 10 0 0 
 3 3 3 3 3 3 3 21 3 3 3 3 3 3 3 3 3 3 3 5 1 2 0 5 1 2 0 1 1 2 2 0 1 63 1 0 3 1 0 1 47 136 116 502 58 70 69 371 64 264 103 283 63 79 199 649 0 275 240 61 0 0 4 6 11 0 0 0 0 0 7 0 6 1 0 0 5 0 7 1 0 0 0 0 0 0 0 17 0 0 0 0 0 0 0 0 12 0 0 0 0 0 0 0 0 0 0 0 0 0 0 0 0 0 0 0 0 0 0 0 21 14 28 17 39 1 0 0 27 18 0 26 19 18 30 10 7 9 0 18 0 0 0 0 4 0 15 0 0 0 0 0 14 0 0 0 0 17 1 21 4 0 0 6 0 0 0 0 36 0 0 0 13 0 0 0 0 0 5 0 0 0 0 0 0 0 0 0 0 0 0 0 0 0 0 0 0 0 0 0 20 0 31 26 11 0 0 0 32 6 32 0 20 0 33 19 13 0 8 0 0 14 0 0 10 6 0 0 0 0 6 12 0 8 11 0 0 0 7 19 0 0 0 0 0 0 0 0 0 0 0 6 0 1 0 0 0 0 0 0 0 0 0 0 44 5 0 2 1 0 0 0 0 0 0 4 0 0 0 0 0 0 0 0 0 0 0 20 1 0 
 2 1 0 0 0 0 0 0 0 0 0 0 0 0 1 0 0 0 0 0 0 0 0 1 2 0 1 0 1 0 0 0 3 0 0 0 2 0 0 0 105 130 149 109 99 38 323 146 115 162 91 406 322 114 41 33 275 0 25 51 5 11 10 0 0 0 0 1 0 1 0 20 12 7 1 4 0 0 2 68 0 0 0 0 0 0 0 3 0 0 0 0 0 0 0 0 0 0 0 0 0 0 0 3 0 0 0 0 0 0 0 0 0 0 0 0 0 0 0 0 13 15 31 2 33 0 0 0 21 20 25 25 0 0 2 0 4 22 0 29 8 10 1 0 0 0 1 0 16 0 11 8 19 0 0 0 5 52 11 4 4 0 0 0 0 0 0 0 0 0 0 0 0 0 0 0 7 0 4 0 6 0 0 0 0 0 0 0 0 0 0 0 11 0 0 0 0 0 0 0 19 34 17 19 9 12 1 20 30 9 13 0 1 0 21 19 19 23 0 0 0 23 0 3 0 0 11 0 3 7 0 0 12 17 26 0 0 1 11 11 0 0 0 0 0 0 0 0 0 0 0 6 7 0 0 0 0 0 0 21 0 0 2 2 74 1 15 2 0 0 4 0 0 0 0 0 0 0 0 0 0 0 0 0 0 1 0 21 0 0 
 0 0 0 0 0 0 0 0 0 0 0 0 0 0 0 0 0 0 0 2 2 13 25 66 2 3 1 2 2 65 4 33 2 2 101 68 18 2 1 2 127 56 59 61 44 37 66 128 58 84 38 40 65 58 126 46 240 25 0 221 3 0 5 0 0 0 23 6 20 0 3 0 0 0 1 0 0 0 6 4 0 0 0 0 0 0 0 0 0 0 0 0 0 9 0 0 0 0 0 0 0 0 0 28 10 19 0 0 0 0 0 33 0 0 0 0 16 27 0 0 0 1 12 0 0 0 34 28 0 0 0 0 6 26 11 12 0 0 14 8 0 4 0 0 0 0 5 0 0 0 4 2 15 0 3 0 0 2 0 8 0 0 0 6 0 0 0 0 0 0 0 0 1 0 0 0 0 0 1 0 0 6 0 7 19 0 0 0 26 15 0 19 0 0 0 9 8 0 0 0 0 0 1 0 0 0 32 16 0 0 0 0 7 18 0 0 8 0 11 22 30 2 5 0 0 0 5 4 0 0 0 0 6 0 0 0 0 0 0 1 0 0 0 0 0 0 0 0 0 0 0 1 0 0 0 0 0 66 0 0 0 0 2 0 0 0 10 0 0 0 0 0 0 0 0 0 0 0 0 0 0 0 0 0 0 0 0 0 0 0 
 0 62 0 5 0 0 0 0 0 0 0 0 0 0 0 0 0 0 0 0 32 0 3 82 0 5 0 0 0 57 36 64 2 0 35 1 69 0 0 0 27 268 37 203 79 32 114 111 403 294 286 61 102 197 201 81 61 51 221 0 6 0 2 0 0 1 0 0 3 1 3 3 0 2 0 0 0 0 1 2 0 0 0 0 0 0 0 0 0 0 0 0 0 0 0 0 0 0 0 0 0 0 9 7 0 1 1 0 0 0 0 9 0 0 0 0 1 16 0 0 33 8 7 18 0 0 57 0 35 1 9 0 26 48 1 0 0 0 12 2 0 4 0 0 0 0 0 0 0 0 56 0 0 0 0 13 0 22 0 0 6 0 0 5 0 0 0 0 0 0 0 0 0 0 0 0 0 0 2 0 0 0 0 8 6 0 0 6 4 0 16 4 0 1 0 0 0 0 0 0 18 28 22 15 1 0 22 0 0 10 0 10 28 24 20 9 0 17 0 9 0 0 0 0 0 0 16 0 0 0 0 0 0 0 8 0 0 0 9 0 0 0 1 0 0 0 1 0 0 0 0 9 0 0 0 0 2 0 3 0 0 0 0 0 0 1 2 0 0 0 0 0 0 0 0 0 0 0 0 0 0 0 0 0 11 0 0 0 0 0 
 1 0 0 1 0 0 0 0 0 0 0 3 31 0 0 0 0 54 0 3 5 3 3 4 3 3 3 3 3 3 3 4 3 3 3 3 3 3 3 3 0 0 5 11 0 4 0 3 0 51 24 50 0 0 0 8 0 5 3 6 0 300 119 115 153 253 148 210 329 245 45 38 111 50 313 101 43 32 140 112 0 0 0 0 0 0 0 0 0 0 0 0 0 0 0 0 0 0 0 0 0 7 0 0 0 0 0 0 0 0 0 0 2 0 0 0 0 0 0 0 0 0 0 1 3 0 0 0 1 0 6 10 4 0 0 0 0 0 0 0 7 0 0 0 0 0 8 0 8 12 20 24 8 0 8 0 5 10 19 0 0 0 0 0 0 0 0 0 0 0 0 0 0 0 0 0 0 0 0 0 0 0 0 0 0 0 0 0 0 0 0 0 0 0 0 0 0 0 0 0 0 0 0 3 9 9 0 0 1 0 0 0 0 0 4 0 1 0 0 0 1 6 60 19 5 12 1 15 24 0 0 0 26 17 0 21 0 25 19 12 1 0 0 0 0 0 0 0 0 0 0 0 0 0 11 0 0 0 0 0 0 0 0 0 1 0 0 0 0 0 2 1 1 0 0 0 0 0 0 0 0 0 0 0 0 2 0 0 0 0 
