 0 226 315 399 97 353 377 291 217 348 31 295 166 211 561 171 112 118 40 171 3 0 3 0 3 4 0 2 0 0 2 0 0 2 0 2 0 0 4 0 0 0 2 2 0 0 0 0 1 3 0 2 0 0 0 3 3 0 0 0 0 0 0 0 0 0 0 0 0 0 0 0 0 0 0 0 1 5 2 0 16 34 16 1 19 0 49 0 47 29 0 26 0 33 22 28 14 31 7 0 0 1 0 0 0 1 0 0 0 1 0 0 0 0 0 0 0 0 0 0 0 0 0 0 10 0 0 0 0 0 0 0 2 0 0 0 0 0 0 0 0 0 0 0 0 0 0 0 0 1 0 0 0 0 0 0 0 0 13 0 8 9 38 0 10 0 8 14 1 12 0 0 40 19 1 18 19 13 0 0 0 0 0 3 0 0 21 0 0 0 0 0 0 0 0 0 0 0 19 4 0 0 0 0 0 0 0 0 0 0 0 0 0 0 0 0 0 0 0 0 0 0 0 0 0 0 0 0 0 0 0 2 0 0 0 32 0 0 0 0 0 16 0 0 0 2 1 0 0 0 0 20 0 0 0 0 2 0 0 0 0 2 0 0 2 0 0 0 0 0 0 0 0 0 0 0 0 0 0 0 0 0 0 0 0 0 0 23 0 0 
 226 0 198 252 40 141 72 372 64 126 124 38 353 139 479 93 41 139 264 273 3 2 5 0 0 2 0 3 1 0 7 4 74 0 0 4 0 0 6 0 9 50 2 2 0 4 63 0 3 2 0 0 0 0 0 3 3 0 2 0 0 0 0 6 0 0 0 0 3 0 0 41 0 0 0 0 54 2 0 0 23 0 5 7 10 1 34 3 25 42 35 8 1 6 12 25 13 30 6 0 0 0 0 0 0 0 1 0 0 0 0 0 29 0 0 0 0 0 13 0 0 0 17 0 10 0 0 0 0 0 0 0 0 0 2 2 0 0 0 0 0 0 0 0 0 0 0 0 0 0 0 0 0 0 0 0 0 0 5 2 0 9 47 15 10 0 5 81 20 10 0 10 27 11 19 37 55 10 0 0 1 0 0 0 0 0 0 20 1 0 0 0 0 0 0 0 0 0 18 15 0 2 0 0 0 0 3 0 0 0 0 0 0 0 0 0 0 15 0 8 0 1 0 0 0 0 0 0 0 0 0 0 0 0 0 0 0 0 0 0 0 13 0 0 0 0 93 0 2 1 0 10 18 0 0 0 0 0 0 11 0 0 0 0 0 0 0 0 0 0 0 0 0 0 0 18 0 0 0 0 0 0 0 14 0 0 0 0 0 0 
 315 198 0 188 222 123 187 145 154 254 78 160 97 144 225 90 143 51 48 63 8 0 4 1 7 4 3 9 0 0 3 2 155 3 2 0 2 1 6 3 2 0 2 0 28 0 2 0 3 3 1 6 0 71 6 3 3 2 0 0 0 5 0 0 0 0 0 0 3 0 0 0 3 2 0 0 1 2 0 3 0 0 66 20 21 15 0 11 0 14 50 52 0 18 37 17 24 10 0 0 0 0 0 0 0 0 8 15 0 0 1 0 10 0 0 0 2 0 0 0 0 0 13 0 2 0 0 0 0 0 0 0 0 0 0 0 0 0 0 0 0 1 1 0 0 0 0 0 0 0 0 0 0 0 0 0 0 0 2 0 0 18 0 35 12 15 0 13 22 9 39 3 0 12 39 15 6 41 0 0 0 11 0 0 0 0 22 0 0 0 0 0 0 0 0 0 0 0 16 14 0 0 0 1 0 3 0 0 0 0 0 0 2 0 0 0 0 0 0 20 0 0 1 0 0 0 0 2 0 0 0 0 0 0 0 0 0 0 0 0 0 0 0 0 0 2 137 0 1 54 2 3 15 0 0 0 0 0 0 0 0 0 0 0 0 0 0 1 0 0 0 0 0 0 0 16 18 11 0 0 0 0 0 0 0 0 0 0 0 0 
 399 252 188 0 179 371 196 135 183 388 161 106 96 106 379 50 286 106 77 149 4 0 3 0 0 2 2 25 0 0 2 0 75 39 0 0 0 0 76 83 0 0 2 0 5 0 0 0 2 3 0 0 0 0 0 3 3 0 0 0 0 0 0 58 0 0 0 0 2 0 0 0 0 0 0 0 1 2 0 0 0 0 31 17 6 15 9 0 0 33 20 35 0 16 53 19 0 13 0 0 0 0 0 0 0 9 20 0 0 0 0 0 9 13 0 0 1 0 0 0 0 0 0 0 2 0 0 0 0 0 0 0 0 0 0 0 0 0 0 0 0 0 0 0 0 2 0 0 0 0 0 0 0 0 0 0 2 0 5 0 0 5 18 10 0 10 10 0 22 0 21 11 0 14 11 0 6 27 0 0 0 0 2 0 0 1 9 2 0 0 0 2 6 0 0 0 0 0 9 9 0 0 0 0 0 0 0 0 0 0 0 0 0 0 0 0 2 0 0 21 0 0 0 0 0 0 0 0 0 2 0 0 0 0 0 30 11 0 0 0 0 0 0 0 0 0 141 0 2 2 0 3 0 0 0 0 0 0 0 0 0 0 0 0 0 0 0 0 0 0 0 0 0 19 0 0 0 1 0 0 0 0 0 0 0 0 0 0 0 6 
 97 40 222 179 0 146 83 281 141 137 217 63 216 265 191 250 80 127 148 51 79 60 3 0 0 4 74 77 2 0 2 2 40 121 80 80 0 1 83 133 4 0 2 0 0 0 0 8 3 3 0 0 0 0 0 3 3 2 0 0 0 0 0 0 0 0 0 0 3 0 0 0 0 3 0 0 0 2 0 0 0 1 44 11 26 17 14 0 0 0 0 30 0 24 14 19 0 23 0 0 0 36 0 11 13 0 28 0 13 11 0 2 0 4 6 17 0 3 31 32 0 0 0 0 18 0 0 0 0 0 0 0 0 0 0 0 0 0 0 0 0 0 0 0 0 0 0 0 0 0 0 20 0 0 0 0 0 0 27 0 0 0 0 24 0 26 0 0 19 0 0 0 0 2 1 0 11 24 0 0 3 15 0 0 1 0 10 3 0 9 0 0 22 45 0 28 0 0 18 0 0 0 1 0 0 1 0 0 0 0 0 0 0 0 0 0 0 0 0 0 0 0 0 0 0 0 0 0 0 0 0 0 0 0 0 0 0 0 0 0 0 0 0 0 0 12 12 0 2 1 3 9 0 0 0 0 0 0 0 0 0 0 0 0 0 0 1 0 0 0 0 0 0 0 0 0 0 0 0 20 0 0 0 0 0 0 1 0 0 0 
 353 141 123 371 146 0 239 121 335 257 233 139 45 47 44 142 155 42 46 27 161 74 15 0 0 4 74 2 74 82 2 2 186 74 74 1 0 0 83 77 3 0 3 0 4 3 0 0 2 30 0 2 0 0 0 3 4 2 3 2 0 0 0 0 0 0 0 0 3 0 0 0 0 0 0 0 6 2 0 0 10 10 11 0 0 11 0 13 0 1 1 14 13 1 0 0 0 29 0 0 16 0 12 11 0 0 9 10 12 0 0 15 14 10 7 20 0 9 7 2 0 0 3 0 0 0 0 0 0 0 0 0 0 0 0 0 0 0 8 0 0 1 0 5 0 0 0 0 0 0 0 0 0 0 1 0 0 0 2 0 2 7 16 0 0 1 0 44 19 12 10 5 0 18 15 3 6 10 0 0 1 0 0 0 2 0 0 25 0 66 0 26 13 0 21 8 21 8 7 49 0 0 2 0 0 0 0 0 0 0 0 0 0 0 0 0 0 0 16 10 0 0 0 0 0 0 0 0 0 0 0 0 0 0 0 0 0 0 0 0 0 0 0 0 0 0 96 1 1 2 0 11 3 0 0 0 0 0 0 1 0 0 0 0 0 0 0 0 0 0 0 0 0 2 0 1 0 0 0 11 0 1 0 0 0 0 0 0 0 0 
 377 72 187 196 83 239 0 129 74 50 50 30 417 269 208 141 48 213 136 73 5 0 3 0 0 2 0 2 3 0 7 0 2 0 0 5 2 0 2 0 5 62 2 0 0 5 0 0 3 3 0 0 0 65 0 3 3 0 0 0 0 0 0 6 0 0 0 0 3 0 0 0 0 0 0 0 0 2 2 0 14 17 4 11 13 36 36 14 7 25 1 14 14 39 12 0 24 16 0 11 0 0 0 0 0 0 0 0 0 0 0 0 0 0 0 0 0 0 0 0 0 0 0 0 13 0 0 0 0 0 0 0 20 0 0 0 0 0 0 0 0 0 0 2 0 0 0 0 0 0 0 0 0 0 0 0 1 0 23 0 11 0 33 15 8 0 5 0 15 0 0 0 0 50 3 38 50 7 23 6 13 0 0 0 0 2 0 0 0 0 2 0 0 0 0 0 0 0 25 0 0 0 0 0 0 0 0 0 0 0 0 0 0 0 0 0 1 0 2 0 0 0 0 0 0 0 0 0 0 0 0 0 0 0 7 0 0 0 0 0 0 21 0 0 0 2 52 0 1 0 0 0 0 0 0 0 0 0 0 0 0 0 0 0 0 0 0 0 0 0 0 0 0 0 0 0 0 0 0 0 0 0 0 0 0 0 0 0 0 0 
 291 372 145 135 281 121 129 0 142 64 52 27 255 376 106 390 38 343 65 117 3 1 4 0 0 2 0 3 1 0 2 0 75 0 0 0 0 2 2 2 0 2 2 0 3 0 0 0 3 2 0 0 0 0 0 3 3 0 0 130 0 0 0 0 0 0 0 0 3 0 0 0 0 0 0 0 34 3 0 0 23 10 12 1 1 0 20 1 9 15 32 10 16 30 51 43 20 0 22 20 0 0 0 0 0 0 0 0 0 0 0 0 0 0 0 0 0 0 0 0 0 0 0 0 0 0 1 0 0 0 0 0 0 0 0 0 0 0 0 0 0 0 0 1 0 0 0 0 0 0 0 0 0 0 5 0 1 0 0 0 0 10 21 0 0 0 19 28 0 24 14 8 1 8 26 46 0 28 45 19 0 0 0 0 0 1 0 0 0 0 0 0 0 0 0 0 0 0 7 8 0 0 0 0 0 0 0 0 0 0 0 0 0 0 0 0 14 0 0 18 0 0 0 14 0 0 0 0 0 0 0 0 0 0 0 0 0 0 0 0 0 0 0 0 0 2 7 0 2 0 2 10 5 0 0 0 0 0 0 0 0 0 0 0 0 0 0 0 0 2 0 0 0 0 0 0 9 0 0 0 0 0 0 0 0 0 0 0 0 0 
 217 64 154 183 141 335 74 142 0 240 242 135 107 182 102 148 69 276 121 48 80 0 3 0 0 2 0 104 0 0 2 0 77 1 0 0 0 0 77 23 0 0 2 0 3 0 0 0 3 2 64 0 0 0 0 3 3 0 0 0 0 0 0 0 0 0 0 0 3 46 0 0 0 0 0 0 1 2 0 0 40 16 29 22 18 28 12 31 58 12 1 1 31 13 17 8 0 29 0 18 0 13 0 0 0 0 0 0 0 0 0 0 10 0 0 0 0 0 0 0 0 0 0 0 0 0 0 0 0 0 0 0 0 0 0 0 0 0 0 0 0 0 0 0 0 0 0 0 0 0 0 0 0 0 2 0 0 0 0 0 21 34 2 0 0 0 0 10 0 13 50 21 0 27 0 22 14 15 9 0 0 0 0 0 0 0 22 0 0 0 0 0 13 0 0 0 0 0 0 13 0 0 0 0 0 0 0 0 0 0 0 0 0 0 0 0 0 0 0 18 0 0 0 0 77 0 0 0 0 0 0 0 0 0 0 0 0 0 0 0 0 0 0 0 0 0 2 2 104 0 8 9 0 0 0 0 0 0 0 0 0 0 0 0 0 0 0 0 0 0 0 0 0 0 0 0 0 0 0 0 0 0 0 0 0 0 0 0 0 0 
 348 126 254 388 137 257 50 64 240 0 305 218 74 159 482 209 188 49 66 76 69 2 3 3 5 2 114 2 0 0 3 0 0 0 0 3 0 2 66 74 0 0 5 0 2 0 0 0 2 3 0 6 0 2 6 47 14 0 0 2 0 0 0 0 0 0 0 0 2 0 0 0 0 0 0 0 1 2 0 0 0 10 9 16 19 39 0 14 0 0 31 12 16 13 6 14 0 54 0 0 10 5 0 0 0 0 0 0 10 0 0 10 30 0 0 34 0 0 15 13 0 0 0 0 0 0 0 0 0 0 16 5 0 0 0 0 0 0 0 0 0 3 2 0 2 0 2 0 0 0 1 0 0 0 0 0 0 0 0 0 0 2 12 0 8 10 0 1 20 23 5 29 0 0 0 2 0 19 0 0 16 1 0 0 0 0 31 10 0 0 0 0 51 1 13 3 0 0 0 30 0 0 0 0 0 5 0 0 0 0 0 0 0 0 0 0 0 0 0 0 0 0 0 0 0 0 0 0 0 0 0 0 0 0 0 0 0 0 0 0 0 0 0 0 0 3 3 2 2 1 0 9 1 0 0 0 0 0 0 0 1 0 2 1 0 0 0 0 0 0 0 0 0 0 0 24 0 0 0 0 0 0 0 0 0 0 0 0 0 0 
 31 124 78 161 217 233 50 52 242 305 0 153 57 73 158 192 501 135 190 71 81 0 3 0 0 2 25 22 0 0 6 0 74 45 2 2 0 1 177 127 3 0 2 0 2 3 0 0 64 3 6 6 0 0 0 3 4 5 0 0 0 0 0 6 6 0 0 0 28 3 5 2 0 0 0 0 3 2 0 29 0 9 21 13 25 3 0 17 0 10 17 13 9 13 8 15 18 48 0 0 0 0 0 0 0 0 38 0 0 0 0 0 9 13 0 0 0 0 19 0 1 0 1 0 0 0 0 0 0 0 0 0 0 0 0 0 0 0 0 0 0 0 5 0 2 0 0 0 0 0 0 0 0 0 0 0 0 0 0 0 0 33 18 13 0 28 0 0 21 14 32 54 3 3 0 0 0 18 0 0 0 18 0 0 0 0 28 0 0 0 0 0 6 1 0 0 0 0 0 26 0 0 0 0 0 0 0 0 0 0 0 0 0 0 0 0 0 0 0 30 0 0 0 0 1 0 0 0 0 0 0 0 0 0 0 0 0 0 0 0 0 0 0 0 0 6 1 0 0 6 1 14 0 0 0 0 0 0 0 0 0 0 0 0 0 0 0 0 0 0 0 0 0 0 0 0 0 10 0 0 0 0 0 0 0 0 0 0 0 0 
 295 38 160 106 63 139 30 27 135 218 153 0 491 43 134 103 169 185 261 30 151 1 2 0 0 2 34 73 2 0 2 0 28 30 0 0 1 9 238 90 43 0 2 0 0 0 0 0 0 3 0 0 0 0 0 3 6 0 0 0 0 0 0 0 0 0 0 0 0 0 0 0 0 7 0 0 0 2 0 0 0 2 16 26 6 12 0 0 0 1 12 24 0 23 11 19 0 23 0 0 13 14 0 0 0 0 68 18 10 0 0 0 72 4 0 22 0 0 32 19 0 0 0 0 0 0 0 0 0 0 0 0 0 0 0 0 0 0 0 0 0 28 3 0 0 0 0 0 0 0 0 0 0 0 0 0 0 0 2 0 0 0 0 33 61 13 0 0 0 0 0 23 42 0 0 0 4 12 0 0 15 47 0 0 2 0 20 58 0 2 0 0 10 0 17 2 24 0 0 0 12 0 0 0 0 1 0 0 0 5 0 16 0 0 0 0 0 0 0 0 0 0 0 0 0 0 0 0 0 0 0 0 0 0 0 0 0 0 0 0 0 0 0 0 0 0 2 0 2 91 0 17 0 0 0 0 0 0 0 0 0 0 0 0 0 0 0 0 0 22 0 0 0 2 0 10 0 0 0 0 0 0 0 0 0 0 0 0 0 0 
 166 353 97 96 216 45 417 255 107 74 57 491 0 229 172 161 348 190 341 162 3 2 3 0 0 2 0 2 2 0 2 0 0 0 0 201 202 0 3 0 0 0 2 0 0 0 0 0 2 3 0 0 0 0 0 3 3 0 0 0 0 0 0 0 0 0 0 0 3 0 0 0 0 0 0 25 52 2 0 0 26 8 13 16 9 22 29 0 11 23 14 3 0 17 25 8 15 3 6 14 0 0 0 0 0 0 0 0 0 0 0 0 0 0 0 0 14 0 0 0 0 0 0 0 36 0 0 0 0 0 0 0 0 0 0 0 0 0 1 0 0 0 12 0 0 0 0 0 0 0 0 0 0 0 0 0 0 0 8 0 0 0 54 19 9 0 32 14 22 2 1 0 0 19 0 39 16 9 21 0 0 0 0 0 0 0 0 0 0 0 0 0 2 0 11 0 0 0 31 0 0 0 0 0 0 0 19 0 0 0 0 0 0 0 0 0 0 1 0 1 0 0 0 1 0 0 0 0 0 0 0 0 0 0 0 0 0 2 0 0 0 14 0 0 0 4 87 1 4 1 2 8 0 0 0 32 0 0 0 0 0 0 0 0 0 0 2 0 0 0 0 0 0 0 0 0 7 1 0 0 0 0 0 0 0 0 0 0 0 0 
 211 139 144 106 265 47 269 376 182 159 73 43 229 0 433 171 227 32 312 74 3 0 3 0 202 2 0 2 2 0 6 0 59 0 0 0 0 1 4 0 0 0 2 0 0 0 0 0 3 3 0 0 0 0 0 3 3 0 0 1 0 0 0 1 0 0 0 0 3 0 0 0 0 0 0 0 0 2 0 0 0 29 12 13 14 14 24 30 47 0 18 43 0 52 61 37 41 9 12 0 0 0 0 0 0 0 0 0 0 0 0 0 0 0 0 0 0 0 0 0 0 0 0 13 2 0 1 0 1 0 0 0 0 0 0 0 0 2 14 0 0 0 1 0 0 0 0 0 0 0 0 0 0 0 0 0 0 0 2 0 10 0 26 32 0 15 0 14 33 2 16 0 2 45 1 18 18 7 9 1 0 0 0 0 0 0 21 0 0 0 0 0 2 0 0 0 0 0 12 0 0 0 0 0 0 0 1 0 0 0 0 0 0 0 13 0 0 1 0 0 0 0 0 1 0 0 0 0 0 0 0 0 0 0 0 0 29 0 0 0 0 14 0 0 0 5 90 2 1 0 0 9 0 0 0 0 0 0 0 0 0 0 14 0 0 0 1 0 0 0 0 0 0 0 0 1 0 9 0 0 0 0 0 0 0 0 0 0 0 0 
 561 479 225 379 191 44 208 106 102 482 158 134 172 433 0 268 101 134 327 96 3 0 2 0 0 2 2 2 0 0 2 0 2 0 0 0 0 0 2 0 0 1 2 0 0 0 0 0 1 3 0 0 0 0 0 3 3 0 0 0 0 0 0 0 0 0 0 0 1 0 0 0 0 0 0 0 1 2 0 0 0 11 19 2 16 0 33 0 21 15 21 32 0 22 101 30 60 0 27 20 0 0 0 0 0 0 0 0 0 0 0 0 0 0 0 2 0 0 20 0 0 0 0 0 0 0 0 0 0 0 0 0 0 0 0 0 0 0 0 0 0 0 0 2 0 0 0 0 0 0 0 0 0 0 10 36 1 0 0 0 33 11 15 0 8 0 12 25 0 14 0 0 24 23 7 40 19 3 14 14 0 0 0 0 0 2 0 18 0 0 2 1 0 0 0 0 0 0 8 0 0 0 0 0 0 0 0 0 0 0 0 15 0 0 0 0 1 0 1 0 0 0 0 0 0 0 0 0 0 0 0 0 0 0 0 0 0 0 0 0 0 9 0 0 0 0 4 0 1 0 1 19 0 0 0 0 0 0 0 0 0 0 0 0 0 0 0 0 0 0 0 0 0 0 0 0 25 0 0 0 0 0 0 0 0 0 0 0 0 0 
 171 93 90 50 250 142 141 390 148 209 192 103 161 171 268 0 153 209 149 213 78 0 3 0 0 2 0 2 0 5 4 0 90 0 1 0 0 0 77 24 2 1 2 0 5 0 0 3 2 3 0 0 0 0 0 3 3 0 0 0 0 0 0 0 0 0 0 0 2 0 0 0 0 0 0 0 0 2 36 0 11 76 41 19 5 1 19 0 8 11 1 16 12 31 23 60 0 35 12 15 0 0 0 0 0 0 0 0 0 0 0 0 0 0 0 0 0 0 0 0 1 0 0 0 0 0 0 0 0 0 0 0 0 0 0 0 0 0 0 0 0 0 0 0 2 0 0 0 0 0 0 0 0 0 3 0 0 0 0 0 32 8 8 0 0 0 21 12 7 27 25 20 26 17 7 23 11 25 18 36 0 0 0 0 0 0 23 0 0 0 0 0 0 0 1 0 0 0 0 50 0 0 0 0 0 1 0 0 0 0 0 0 0 0 0 0 0 0 0 18 0 0 0 0 1 0 0 0 0 0 0 0 0 0 0 0 0 0 0 0 0 0 0 0 0 0 1 0 1 0 0 17 0 0 0 0 0 0 0 0 0 0 0 0 0 0 0 0 0 0 0 0 0 0 0 0 0 0 0 0 0 0 0 0 0 0 0 0 0 0 
 112 41 143 286 80 155 48 38 69 188 501 169 348 227 101 153 0 568 36 293 82 0 3 1 0 5 1 6 1 0 2 3 105 1 4 0 7 4 152 60 0 1 2 2 5 0 0 0 4 3 2 6 0 4 29 3 3 0 0 0 0 0 2 0 1 0 0 1 5 2 0 0 0 0 3 2 0 2 0 0 0 1 21 19 32 10 9 22 7 0 5 16 0 1 13 19 4 22 11 0 0 0 0 0 0 0 0 14 0 0 0 0 0 16 2 0 0 0 0 0 0 0 0 0 0 0 0 0 0 0 0 0 0 0 0 0 0 0 0 0 0 0 0 0 0 0 0 0 0 0 0 0 0 0 0 0 0 0 0 0 29 46 0 23 0 11 16 1 0 18 44 34 50 70 0 17 0 14 0 15 0 20 14 0 0 0 44 0 0 0 0 0 15 14 0 0 0 0 0 29 0 0 0 0 0 4 0 0 0 0 0 0 0 0 19 13 0 0 0 19 0 0 0 0 0 0 0 0 0 0 0 0 0 0 0 0 0 0 0 0 0 0 0 0 0 2 3 0 89 2 6 22 0 2 0 0 0 0 0 0 0 0 0 0 0 0 0 0 0 0 1 0 0 0 0 0 0 5 0 0 0 0 0 0 0 0 0 0 0 0 
 118 139 51 106 127 42 213 343 276 49 135 185 190 32 134 209 568 0 45 303 77 0 3 1 2 6 176 2 3 0 4 0 3 0 0 0 2 0 64 77 2 0 2 9 0 1 0 0 2 3 0 0 0 0 2 3 7 0 4 0 0 0 0 0 0 0 0 0 1 0 0 0 0 0 0 0 51 2 4 0 31 0 15 37 13 41 35 17 0 51 16 9 1 0 11 0 1 45 2 1 13 0 0 0 0 0 0 0 0 0 0 0 17 0 0 0 0 0 0 0 0 13 0 0 12 2 0 0 0 0 0 0 0 0 0 0 0 0 0 0 0 0 0 0 0 0 0 0 0 0 0 0 0 0 0 0 0 0 6 0 16 45 14 0 13 0 6 0 14 17 0 20 51 37 15 0 11 9 0 2 0 0 0 0 0 1 6 0 0 0 0 0 1 0 0 0 0 0 14 0 0 0 0 0 0 0 0 0 0 0 0 0 0 0 0 0 0 0 0 0 0 0 0 0 0 0 0 0 0 0 0 0 0 0 0 0 0 0 0 0 0 0 0 0 0 3 85 0 46 2 7 10 2 0 0 0 0 0 0 0 0 0 0 0 0 0 0 0 0 0 0 0 0 0 0 0 15 0 0 0 0 0 0 0 0 0 0 0 0 0 
 40 264 48 77 148 46 136 65 121 66 190 261 341 312 327 149 36 45 0 170 5 4 7 2 0 4 0 2 0 0 2 0 0 0 3 3 2 0 4 2 0 2 2 2 2 0 0 0 1 3 0 1 0 0 0 3 3 1 0 0 0 0 0 2 0 0 0 0 1 0 0 0 0 0 0 0 0 33 0 0 0 35 2 0 3 17 13 45 0 10 0 0 19 25 13 16 0 4 0 45 0 0 0 0 0 0 0 0 0 0 0 0 0 0 15 0 0 0 0 0 2 0 0 0 0 0 0 0 0 0 0 0 10 0 0 0 0 0 0 0 0 0 0 0 0 0 0 0 0 0 0 0 0 0 10 0 0 0 0 0 30 0 18 0 16 0 7 12 22 0 0 0 9 30 6 42 6 0 25 25 10 0 0 0 0 0 0 0 0 0 0 0 0 2 0 0 0 0 0 0 0 0 0 0 0 0 0 0 0 0 20 0 0 0 0 1 0 0 0 0 0 0 0 0 2 0 0 0 0 0 0 0 0 0 0 0 0 0 0 0 0 0 0 0 0 0 2 0 3 2 0 17 0 0 0 0 0 0 0 0 0 0 13 0 0 0 0 0 0 0 0 0 35 0 0 0 0 0 0 0 0 0 0 0 0 0 0 0 0 0 
 171 273 63 149 51 27 73 117 48 76 71 30 162 74 96 213 293 303 170 0 3 1 5 0 2 2 0 6 2 0 2 0 0 2 3 2 0 0 2 0 0 1 2 2 1 0 2 0 2 6 3 0 0 0 1 6 6 0 0 0 0 0 0 0 3 3 0 0 1 0 2 3 0 0 0 0 0 4 0 0 42 0 29 2 0 0 51 12 22 34 0 0 51 14 67 39 0 12 16 14 0 0 0 0 0 0 0 0 0 0 0 0 0 0 0 0 0 0 0 0 0 0 0 0 12 0 0 0 0 0 0 0 0 0 26 0 0 0 0 0 0 0 0 0 0 0 19 0 0 0 0 0 0 0 0 0 0 0 6 0 57 16 29 15 0 0 21 27 4 27 0 0 11 32 0 17 10 10 37 46 0 0 0 0 0 0 0 0 0 0 0 0 0 0 0 0 0 0 0 0 0 0 0 0 0 0 0 0 0 0 0 0 0 0 0 0 0 0 0 0 0 0 0 0 0 0 0 8 0 0 0 0 0 0 0 0 0 0 0 0 0 0 0 0 0 0 2 0 0 0 0 6 0 0 0 0 0 0 1 0 0 0 3 0 0 0 2 0 0 0 0 0 0 0 0 0 0 0 0 0 0 0 0 0 0 0 0 0 0 0 
 3 3 8 4 79 161 5 3 80 69 81 151 3 3 3 78 82 77 5 3 0 239 389 334 57 440 545 117 330 191 254 31 125 53 114 346 327 39 300 368 0 0 0 0 0 0 2 0 0 0 0 67 0 0 3 0 5 0 0 2 31 2 0 0 0 0 3 0 0 1 0 0 1 0 0 0 0 0 0 3 0 0 2 5 0 47 0 0 0 0 0 0 0 0 0 0 0 9 0 0 23 29 0 12 1 0 15 94 21 52 5 19 25 2 17 33 17 30 42 21 0 0 0 0 0 16 0 0 1 0 0 0 0 0 0 0 0 0 0 0 0 0 0 0 0 0 0 0 0 0 0 0 1 4 12 0 0 0 0 0 3 0 0 0 0 0 0 0 0 13 0 9 0 0 0 0 0 0 0 2 40 0 20 0 0 0 16 18 26 26 0 1 82 60 37 85 40 1 49 28 0 0 0 0 0 0 0 0 0 20 0 0 0 0 0 0 0 0 0 0 0 0 0 0 0 0 0 1 0 0 0 0 1 0 0 0 0 0 0 0 0 0 0 0 0 0 0 0 0 74 0 0 0 0 2 0 8 0 0 2 3 26 0 0 0 19 20 0 0 0 0 0 0 0 0 0 0 0 0 0 0 13 0 0 0 0 9 0 0 0 
 0 2 0 0 60 74 0 1 0 2 0 1 2 0 0 0 0 0 4 1 239 0 309 89 32 30 206 218 105 267 106 233 188 134 165 104 32 31 62 121 6 0 0 0 1 2 0 0 0 0 0 3 0 0 3 0 4 0 4 2 0 0 0 0 0 0 3 0 0 2 0 0 0 1 0 0 6 0 0 3 0 9 0 12 13 0 0 0 0 0 0 3 0 0 8 0 0 0 0 0 9 15 0 13 0 0 36 30 20 62 0 32 30 1 22 25 47 27 16 55 0 0 0 0 0 0 0 0 0 0 0 0 0 0 0 0 0 0 0 13 0 0 0 0 0 0 0 0 0 0 0 0 0 4 0 0 0 0 0 0 0 0 6 0 1 12 0 0 0 14 0 0 0 0 0 0 0 0 0 0 15 6 22 26 0 16 0 47 61 26 0 11 54 59 30 52 57 29 15 26 0 0 0 0 0 0 0 0 0 0 0 0 5 0 0 0 0 0 0 0 16 0 0 0 0 0 0 0 37 0 23 0 0 0 0 0 46 0 0 0 0 0 1 0 0 0 0 0 0 0 0 0 0 0 3 2 0 0 1 0 0 13 0 0 0 0 0 0 0 0 0 0 0 0 0 0 0 0 0 0 0 15 0 0 0 0 11 0 0 0 
 3 5 4 3 3 15 3 4 3 3 3 2 3 3 2 3 3 3 7 5 389 309 0 118 145 267 152 625 414 669 129 278 80 53 134 103 176 65 333 49 61 67 0 0 0 0 88 1 0 0 0 3 66 12 3 0 4 1 2 90 2 0 0 0 0 0 3 0 0 0 0 0 0 0 0 0 0 0 7 3 0 0 0 0 0 0 0 0 0 0 0 0 0 0 0 23 0 0 0 0 0 8 39 15 11 14 0 0 2 11 40 26 0 3 8 25 20 9 17 7 2 0 0 0 0 0 0 0 7 0 0 0 0 40 0 0 0 7 0 0 0 3 0 0 0 7 0 0 0 0 0 0 0 0 12 0 8 0 0 0 2 0 0 0 0 0 0 0 0 0 0 0 0 0 0 0 0 0 0 9 0 9 4 0 20 29 1 15 14 24 1 27 0 0 24 0 0 10 0 0 0 7 0 0 0 0 23 0 0 0 0 11 23 11 0 0 0 0 25 25 0 0 0 0 0 0 0 7 0 0 2 0 0 0 0 0 0 1 0 0 0 0 0 0 0 0 1 0 0 0 0 0 2 0 4 0 2 2 1 2 1 2 1 0 0 0 0 0 0 0 0 0 0 0 0 0 0 0 0 0 0 0 0 0 0 8 0 0 0 0 
 0 0 1 0 0 0 0 0 0 3 0 0 0 0 0 0 1 1 2 0 334 89 118 0 244 165 131 110 311 240 124 131 291 128 79 167 135 339 110 59 136 0 0 0 0 0 71 0 0 3 0 2 67 64 3 1 3 0 62 210 0 5 0 0 0 0 3 1 0 1 0 0 0 0 0 0 1 0 15 3 0 0 0 0 0 0 0 0 0 0 0 0 0 0 0 0 0 0 1 0 0 0 0 9 22 16 0 11 12 11 41 75 0 0 8 0 0 37 9 16 14 0 0 0 0 0 11 1 0 22 0 0 0 0 0 0 0 1 30 29 0 0 0 0 0 0 0 0 0 6 0 0 0 0 0 0 0 0 0 0 0 0 0 0 0 0 0 0 0 2 0 0 0 0 0 2 11 2 0 0 0 0 25 14 0 25 0 11 34 0 11 12 0 22 16 9 8 0 9 12 19 21 0 0 0 0 1 0 19 5 3 0 16 9 16 0 0 0 40 0 0 0 0 0 0 0 0 0 0 0 0 0 0 0 0 0 0 0 0 0 0 0 0 0 0 0 0 0 0 0 0 0 0 0 0 1 0 0 12 3 4 3 0 0 0 0 0 0 0 0 0 0 0 0 0 0 0 0 0 0 0 0 0 2 0 0 0 0 0 0 
 3 0 7 0 0 0 0 0 0 5 0 0 0 202 0 0 0 2 0 2 57 32 145 244 0 236 78 225 135 181 64 57 50 146 71 273 65 57 134 60 18 0 0 0 0 2 0 0 0 211 0 5 1 1 5 0 5 0 66 58 0 0 3 0 0 0 3 0 0 4 0 1 0 3 2 0 2 0 15 3 0 0 0 0 0 0 0 0 0 2 0 0 0 0 0 0 0 0 0 0 10 14 31 1 13 35 0 0 0 11 0 19 0 0 0 13 12 44 2 0 0 5 0 0 0 0 0 0 0 0 9 29 29 8 0 0 0 12 24 27 0 0 0 0 0 7 0 0 0 7 0 0 0 0 0 10 0 0 0 0 2 0 0 0 1 0 0 0 0 0 0 0 0 0 0 0 0 0 0 0 19 0 24 22 84 0 0 0 23 0 21 34 0 31 12 3 0 0 0 0 0 8 16 0 18 3 11 24 0 21 0 15 30 27 12 19 34 12 40 40 0 0 0 0 0 0 0 0 0 0 0 0 6 1 0 0 0 0 0 0 0 0 0 0 0 1 0 0 0 0 0 0 0 0 5 0 0 75 0 2 9 2 0 0 0 0 0 1 0 0 0 0 0 0 10 0 0 0 0 0 0 0 0 0 1 0 0 0 0 0 
 4 2 4 2 4 4 2 2 2 2 2 2 2 2 2 2 5 6 4 2 440 30 267 165 236 0 315 44 45 138 184 276 36 110 43 67 84 130 58 52 68 15 61 0 0 0 0 91 100 0 0 3 68 27 99 30 3 0 63 2 0 0 0 0 0 0 3 0 0 0 0 0 0 0 0 0 0 0 8 3 12 0 0 0 0 0 0 0 0 0 0 0 0 0 0 0 2 8 0 0 0 23 1 11 58 42 0 0 0 11 0 38 0 19 0 0 11 0 0 0 0 9 12 0 0 0 15 30 0 32 24 17 6 19 18 1 10 0 37 0 0 0 0 0 0 0 0 0 15 0 0 0 0 0 0 0 0 0 0 0 0 0 0 0 0 0 0 0 0 8 0 0 0 0 7 0 0 0 0 0 0 0 22 0 1 0 0 0 0 0 28 9 0 0 0 0 16 30 0 0 0 24 0 0 0 0 23 84 0 17 0 0 0 20 8 20 4 4 17 3 0 0 0 0 0 0 0 0 0 0 0 0 0 0 0 0 0 0 0 0 0 0 0 0 0 0 0 0 0 0 0 0 0 0 6 0 0 3 0 8 2 0 0 0 0 0 0 0 0 0 0 0 0 0 0 0 0 0 0 0 0 0 0 0 0 0 0 26 0 0 
 0 0 3 2 74 74 0 0 0 114 25 34 0 0 2 0 1 176 0 0 545 206 152 131 78 315 0 113 334 199 53 57 114 267 110 29 46 260 207 243 0 0 0 0 1 0 0 0 0 0 0 1 0 0 3 0 9 0 0 2 0 0 0 0 0 0 3 0 0 1 0 0 0 3 0 0 0 0 0 29 0 1 1 26 11 19 0 0 0 0 0 9 0 0 0 0 0 14 0 0 3 21 0 0 0 0 20 49 15 21 0 21 21 0 11 0 20 24 24 22 0 0 0 5 0 0 0 0 0 0 0 0 0 0 0 0 0 0 0 0 0 0 0 0 0 0 0 0 0 0 0 0 0 5 0 0 0 0 0 0 23 0 1 13 12 9 0 0 0 0 0 18 0 0 0 0 0 0 0 0 2 8 32 0 0 0 10 40 29 38 0 1 25 30 30 36 29 0 34 48 6 0 0 0 0 0 0 0 0 0 0 0 0 0 0 0 0 0 0 13 0 0 0 0 0 0 0 0 1 0 0 0 0 0 0 0 0 0 0 0 0 0 0 0 0 0 0 0 0 62 0 0 0 0 9 0 0 0 0 2 4 16 0 0 0 0 0 0 0 0 0 0 0 0 0 0 0 0 0 0 0 29 0 0 0 0 14 0 0 0 
 2 3 9 25 77 2 2 3 104 2 22 73 2 2 2 2 6 2 2 6 117 218 625 110 225 44 113 0 156 340 77 96 154 231 192 259 187 388 440 205 0 0 0 0 0 59 0 0 0 0 5 5 0 33 3 0 3 0 0 2 0 0 0 0 0 0 3 0 0 49 0 0 0 0 0 0 0 0 0 3 0 0 0 0 1 0 1 0 0 0 0 0 0 0 0 0 0 0 0 0 12 24 26 3 0 0 31 0 0 13 2 9 35 26 30 17 2 54 28 21 0 2 0 0 0 18 0 0 0 0 0 0 0 0 0 0 0 0 14 10 0 0 2 0 2 2 0 1 0 0 0 0 0 0 0 29 0 0 2 0 0 0 0 8 0 10 0 0 0 0 1 11 0 0 0 0 1 0 0 0 15 24 19 44 8 0 7 0 17 41 8 0 20 17 22 93 10 0 0 0 0 0 0 0 0 0 0 0 2 0 0 0 0 0 0 0 0 2 21 0 0 1 0 0 0 0 0 0 0 0 0 0 0 0 1 0 0 0 0 0 0 0 12 0 0 1 0 0 0 0 0 0 2 0 0 0 0 0 79 3 1 2 0 0 0 0 12 1 0 0 0 0 0 0 0 0 0 0 0 0 0 12 0 0 0 0 9 0 0 0 
 0 1 0 0 2 74 3 1 0 0 0 2 2 2 0 0 1 3 0 2 330 105 414 311 135 45 334 156 0 80 52 133 91 96 177 80 89 253 82 154 1 0 0 0 0 0 14 0 0 0 0 3 30 18 3 0 3 0 2 2 2 0 0 0 0 39 3 1 0 1 1 0 0 0 0 0 1 1 0 5 0 0 0 0 0 0 0 0 1 0 0 0 0 0 0 0 0 0 0 0 0 13 4 11 23 8 0 13 37 9 16 7 0 24 10 0 1 17 8 22 0 0 0 0 0 0 13 0 0 0 0 2 11 1 14 0 0 0 19 1 0 9 0 0 0 0 0 0 0 19 0 0 0 0 0 0 0 0 0 0 0 0 0 0 0 0 0 0 0 0 0 0 0 0 0 0 1 0 0 0 0 0 32 18 38 33 34 13 32 29 17 11 0 6 1 12 20 10 10 8 0 12 0 0 0 0 1 0 8 0 0 0 12 13 18 0 0 0 23 6 0 0 0 0 0 0 0 0 0 0 0 0 0 0 0 0 0 0 0 0 0 0 13 0 0 0 0 0 0 0 0 0 0 0 9 0 3 5 164 2 2 1 0 0 0 0 0 0 0 0 0 0 0 4 0 0 0 0 0 12 0 13 0 0 0 0 0 0 0 0 
 0 0 0 0 0 82 0 0 0 0 0 0 0 0 0 5 0 0 0 0 191 267 669 240 181 138 199 340 80 0 157 109 209 85 171 227 181 47 119 99 54 0 0 0 0 0 0 76 0 0 0 2 0 64 3 1 3 0 0 2 1 0 1 0 0 0 3 0 0 52 0 6 0 0 0 0 0 50 16 3 0 0 0 1 0 0 0 0 0 0 0 0 0 0 0 0 0 0 0 0 7 13 35 8 0 9 20 17 15 12 0 19 13 11 13 27 26 40 32 34 0 0 0 0 0 0 0 0 0 0 0 0 0 0 0 0 0 0 0 13 0 1 0 0 0 0 0 0 0 0 0 0 0 2 0 0 0 0 0 0 0 0 0 0 1 0 0 0 0 0 0 0 0 0 0 0 0 0 0 1 23 1 8 23 1 10 7 1 47 39 0 32 2 20 23 21 24 13 1 1 0 5 2 0 13 0 8 0 0 0 0 0 15 9 0 0 0 0 1 0 0 0 0 0 0 0 0 0 0 0 0 0 0 0 0 0 0 1 2 0 0 0 12 0 0 0 0 0 0 0 0 0 0 0 0 0 0 2 75 0 2 9 0 0 0 0 0 0 0 0 0 0 0 0 0 0 0 0 0 0 0 35 0 0 0 0 0 0 0 0 
 2 7 3 2 2 2 7 2 2 3 6 2 2 6 2 4 2 4 2 2 254 106 129 124 64 184 53 77 52 157 0 268 246 29 122 431 242 371 118 72 3 0 0 0 0 0 1 62 0 0 0 2 76 0 3 0 3 0 84 21 0 0 0 0 0 0 3 0 0 0 0 3 0 0 0 0 3 0 0 5 0 0 0 0 0 0 0 0 0 0 0 0 0 0 0 0 0 0 0 0 20 0 6 22 44 14 9 0 23 0 30 50 7 0 15 0 12 23 0 7 9 0 0 0 0 0 0 0 10 0 0 20 0 14 12 0 1 14 1 0 0 0 0 0 0 0 0 0 0 0 0 0 0 0 0 0 0 0 0 0 0 0 0 0 0 0 0 0 0 0 0 0 0 0 0 0 0 0 0 0 14 12 0 25 20 17 12 0 11 13 22 12 0 0 9 12 0 0 0 0 13 0 0 0 0 0 0 2 11 0 0 0 0 10 12 1 0 0 25 9 0 0 0 0 0 0 0 0 0 0 0 0 0 0 0 0 0 0 0 0 0 0 0 0 0 1 0 0 0 0 0 0 0 0 10 0 0 49 0 0 2 0 0 0 0 0 18 0 0 0 0 0 0 0 0 0 0 0 0 0 0 0 0 0 0 6 0 0 0 0 
 0 4 2 0 2 2 0 0 0 0 0 0 0 0 0 0 3 0 0 0 31 233 278 131 57 276 57 96 133 109 268 0 263 33 115 73 214 64 84 44 58 0 0 0 2 0 133 1 2 0 0 2 55 68 3 0 3 2 64 63 6 0 0 0 0 0 3 0 0 0 0 0 0 0 0 0 1 0 5 3 0 0 0 0 0 0 0 0 0 0 0 0 0 0 0 0 0 0 0 0 2 1 18 29 14 14 0 8 32 11 14 20 0 13 0 0 30 26 28 0 16 0 11 0 0 0 0 9 11 0 0 0 0 39 0 0 13 28 5 22 0 11 0 0 0 16 0 0 0 0 0 0 0 0 0 0 0 0 0 0 0 5 0 0 0 0 0 0 0 0 0 0 0 0 0 0 9 0 0 1 0 15 10 8 33 56 0 0 9 0 19 31 0 0 0 0 31 34 1 0 20 20 0 0 0 0 20 0 9 0 0 0 30 20 11 0 0 0 11 72 0 0 0 0 0 0 0 0 0 0 1 0 0 0 0 0 0 0 0 0 0 0 9 0 0 0 0 0 0 0 0 0 0 0 10 1 1 94 118 2 2 0 0 0 0 0 0 0 0 0 0 0 0 0 0 0 0 0 0 0 0 9 0 0 0 14 0 0 0 0 
 0 74 155 75 40 186 2 75 77 0 74 28 0 59 2 90 105 3 0 0 125 188 80 291 50 36 114 154 91 209 246 263 0 97 121 263 51 38 599 315 0 0 0 0 9 0 0 0 0 0 0 2 0 0 3 0 4 0 0 2 0 0 0 0 0 0 3 0 0 1 0 0 0 8 0 0 0 0 0 3 0 0 4 9 0 0 21 0 0 0 10 12 0 0 0 0 0 0 0 0 53 7 10 11 0 0 42 50 11 0 0 18 45 1 10 3 23 8 2 7 0 0 0 0 0 0 0 0 0 0 0 0 0 0 0 0 0 0 0 0 0 0 0 0 0 0 0 0 0 0 0 0 0 8 0 0 0 0 0 0 0 25 0 15 41 0 0 0 0 10 24 1 0 0 14 0 1 13 0 0 0 25 0 14 0 0 8 22 8 34 0 0 19 0 0 30 27 0 0 31 0 0 0 0 0 0 0 0 15 0 0 0 0 0 8 0 0 0 0 17 0 0 0 0 0 0 0 0 0 0 0 0 9 0 0 0 0 0 0 0 0 0 0 0 0 0 76 0 0 76 0 0 0 0 3 0 0 0 0 11 0 28 0 51 0 0 0 0 0 0 0 0 0 0 0 0 0 0 0 20 0 16 0 17 0 0 0 0 0 0 
 2 0 3 39 121 74 0 0 1 0 45 30 0 0 0 0 1 0 0 2 53 134 53 128 146 110 267 231 96 85 29 33 97 0 318 191 107 106 190 256 6 0 0 0 0 2 100 8 0 0 0 2 9 0 3 0 37 0 0 2 0 0 0 0 0 0 4 0 0 0 0 0 0 0 0 0 0 0 0 3 0 0 0 1 0 0 0 0 0 0 0 0 0 0 0 0 0 0 0 0 24 48 0 15 12 7 35 0 43 32 2 0 20 23 8 29 6 16 37 16 16 0 0 0 0 0 0 0 0 0 0 0 0 0 12 0 0 0 0 0 0 3 20 0 10 0 0 0 0 0 0 0 0 0 0 0 0 0 0 0 0 0 0 18 0 19 0 0 0 2 0 10 0 0 0 0 0 0 0 0 37 14 0 2 0 0 0 12 2 12 0 0 62 53 24 28 27 42 0 12 0 0 2 0 2 0 8 0 0 0 0 0 0 1 0 0 0 0 0 0 0 0 0 0 0 22 0 0 0 0 0 0 0 0 0 0 0 1 2 0 0 0 0 0 0 0 0 0 0 0 0 0 0 0 2 0 1 0 0 0 13 0 0 0 0 0 20 0 0 0 0 0 0 0 0 0 13 0 0 0 0 0 0 0 0 0 9 0 0 0 
 0 0 2 0 80 74 0 0 0 0 2 0 0 0 0 1 4 0 3 3 114 165 134 79 71 43 110 192 177 171 122 115 121 318 0 148 509 120 404 218 0 0 0 1 50 62 0 0 0 0 0 3 0 23 3 0 3 0 0 2 0 27 0 0 0 0 3 0 0 0 0 0 0 3 0 0 0 0 0 3 0 0 12 6 12 0 0 0 0 0 0 9 2 13 0 0 0 0 0 0 17 0 4 0 0 0 13 35 36 23 0 24 8 22 20 12 7 13 23 31 0 0 2 0 0 0 0 0 0 0 0 0 0 0 0 0 0 0 0 1 0 15 0 0 0 0 0 0 2 0 0 0 0 0 0 0 0 0 0 0 0 0 0 15 12 8 0 0 0 6 0 0 0 0 0 0 0 0 0 0 23 7 20 10 19 0 10 34 38 40 0 12 24 13 25 38 25 33 25 45 0 0 0 0 0 0 2 0 0 0 0 0 0 0 1 0 0 0 0 0 0 0 0 0 0 0 0 0 0 8 2 0 0 0 0 0 0 0 0 0 0 0 13 0 5 0 0 0 0 0 0 0 0 1 5 1 0 1 77 0 3 0 0 0 0 0 0 0 0 0 0 0 0 0 0 0 0 0 0 0 0 13 0 0 0 0 13 0 0 0 
 2 4 0 0 80 1 5 0 0 3 2 0 201 0 0 0 0 0 3 2 346 104 103 167 273 67 29 259 80 227 431 73 263 191 148 0 385 153 115 141 0 0 0 0 0 0 0 8 0 0 0 3 0 0 3 0 3 0 0 68 1 0 0 0 0 0 3 0 0 52 0 0 0 0 0 0 0 0 0 3 0 0 0 0 0 0 0 0 7 0 0 0 0 0 0 0 0 0 0 0 22 52 14 18 10 2 6 20 34 4 62 10 27 0 63 38 42 28 2 32 2 0 0 0 0 0 0 1 0 0 0 0 0 0 0 0 0 9 0 16 0 0 0 0 0 0 0 0 0 0 0 0 0 7 0 5 0 0 0 0 0 0 0 0 0 4 0 0 0 0 0 0 0 0 0 0 0 0 0 0 23 28 0 67 0 10 3 9 8 21 21 1 9 70 13 21 0 10 0 0 0 0 0 0 0 6 0 0 0 0 0 0 0 0 0 0 0 0 0 1 11 0 0 0 0 0 0 0 13 0 15 0 0 34 0 0 0 0 0 0 0 0 1 0 0 0 0 0 0 0 0 0 0 0 11 1 3 8 0 1 0 16 0 0 0 20 17 0 0 0 0 0 0 0 0 0 0 0 0 0 0 15 0 0 0 4 0 0 0 0 
 0 0 2 0 0 0 2 0 0 0 0 1 202 0 0 0 7 2 2 0 327 32 176 135 65 84 46 187 89 181 242 214 51 107 509 385 0 352 316 336 4 0 0 0 0 0 0 0 0 2 0 2 32 3 4 1 3 0 4 92 0 0 0 0 0 0 3 0 0 23 0 0 0 0 1 0 1 2 0 3 0 0 0 0 0 0 0 0 0 0 0 0 0 0 0 0 0 0 2 0 7 34 15 27 28 6 1 14 0 11 29 0 1 11 23 14 35 16 1 10 2 0 0 0 0 0 11 1 0 0 0 0 0 0 12 0 1 9 0 15 0 26 0 0 0 0 0 0 0 1 6 1 0 3 0 2 0 0 0 0 0 2 0 24 0 0 0 0 1 0 0 0 0 0 0 1 2 1 0 16 8 9 8 12 24 26 8 0 4 23 12 10 1 24 12 2 34 10 0 0 0 14 0 0 0 0 5 0 21 0 0 0 0 12 0 0 2 0 0 1 0 0 0 0 0 0 0 0 0 0 0 0 12 0 0 0 2 0 0 0 0 0 13 0 0 0 0 0 0 0 0 0 0 0 3 0 2 1 155 1 0 14 0 0 0 0 6 0 0 0 0 0 0 0 0 0 0 0 0 0 0 66 0 1 0 4 0 0 0 0 
 0 0 1 0 1 0 0 2 0 2 1 9 0 1 0 0 4 0 0 0 39 31 65 339 57 130 260 388 253 47 371 64 38 106 120 153 352 0 238 39 0 0 2 0 0 1 0 1 0 0 0 2 62 6 3 0 3 3 0 64 0 0 0 8 0 0 3 0 0 1 0 0 0 0 0 0 0 0 4 3 0 0 0 0 0 0 0 0 2 0 0 0 0 0 0 0 0 0 0 0 25 17 23 23 29 8 0 0 0 1 42 0 0 19 8 0 8 29 0 2 0 0 0 0 0 0 15 0 0 0 0 0 0 0 30 0 0 10 11 14 0 0 0 0 0 0 0 0 0 7 0 0 0 0 0 3 0 0 0 0 0 0 0 0 0 0 0 0 0 1 0 0 0 0 0 0 0 0 0 0 12 10 22 27 76 12 10 0 1 25 20 0 0 18 9 0 16 10 0 0 7 0 0 0 0 0 9 0 20 0 0 0 10 9 6 0 0 0 19 14 0 0 0 0 0 0 0 0 0 0 0 0 0 2 0 0 0 0 0 0 0 0 0 0 0 0 0 0 0 0 0 0 0 0 5 0 0 2 5 0 12 0 0 0 0 0 44 0 0 0 0 0 0 0 0 0 0 0 0 0 0 0 0 0 0 11 0 0 0 0 
 4 6 6 76 83 83 2 2 77 66 177 238 3 4 2 77 152 64 4 2 300 62 333 110 134 58 207 440 82 119 118 84 599 190 404 115 316 238 0 287 0 0 0 0 0 0 0 0 0 1 0 1 0 0 3 0 5 0 0 2 0 54 0 0 0 0 3 0 4 0 0 0 0 10 0 0 0 0 0 3 0 0 0 12 24 11 0 13 0 0 16 3 0 0 0 0 16 10 0 0 17 1 8 0 0 0 23 18 10 0 0 0 28 10 0 12 0 9 31 0 0 0 0 0 0 0 0 0 0 0 0 0 0 0 0 0 0 0 0 0 0 0 9 0 0 0 0 0 0 0 0 2 0 0 0 0 0 0 0 0 0 18 0 26 119 34 0 0 0 10 19 18 0 0 0 0 0 1 0 0 0 20 0 1 0 0 12 26 10 12 0 0 4 0 1 4 5 0 9 0 0 0 0 0 2 0 0 0 0 0 0 0 0 0 0 0 1 0 0 1 0 0 0 0 0 0 0 0 0 0 0 0 0 0 0 0 0 0 0 0 0 0 0 0 0 0 0 0 0 0 0 0 0 0 5 2 0 0 0 0 0 2 0 0 0 0 0 0 0 0 0 0 0 0 0 0 0 10 0 1 0 0 0 0 0 0 1 0 0 0 
 0 0 3 83 133 77 0 2 23 74 127 90 0 0 0 24 60 77 2 0 368 121 49 59 60 52 243 205 154 99 72 44 315 256 218 141 336 39 287 0 0 0 0 0 3 0 0 0 0 0 3 9 0 1 3 0 3 0 0 2 0 0 0 0 0 0 3 0 0 51 0 0 0 2 0 0 0 0 0 3 0 0 10 19 10 6 0 0 2 0 0 1 0 0 0 0 9 23 0 0 2 24 0 0 0 0 19 20 1 18 0 0 36 11 13 65 8 0 25 11 0 0 0 0 0 0 0 0 0 0 0 0 0 0 0 0 0 0 0 0 0 0 0 0 0 0 0 0 0 0 0 0 0 9 0 0 11 0 0 0 21 0 0 20 1 12 0 0 0 4 19 39 0 0 0 0 0 14 0 0 1 0 12 0 0 0 37 26 0 12 0 0 12 27 12 23 16 0 21 28 0 0 0 0 0 0 0 0 0 8 0 0 0 0 0 0 0 0 0 19 0 0 0 0 0 0 0 0 0 0 0 0 0 2 0 0 0 0 0 0 0 0 0 0 0 0 0 0 0 62 0 0 0 0 7 0 4 0 0 0 0 10 0 0 0 0 0 0 0 0 0 0 0 0 0 0 0 0 0 0 0 8 0 0 0 0 11 0 0 0 
 0 9 2 0 4 3 5 0 0 0 3 43 0 0 0 2 0 2 0 0 0 6 61 136 18 68 0 0 1 54 3 58 0 6 0 0 4 0 0 0 0 100 52 78 117 92 161 71 115 301 50 58 59 70 112 103 22 33 153 290 0 0 0 0 0 0 0 0 0 0 0 0 0 0 0 0 1 0 17 0 0 0 0 0 0 0 0 0 0 0 0 0 0 0 0 0 0 0 0 0 0 0 17 0 0 22 0 0 0 0 11 9 0 0 0 0 10 0 0 0 18 12 19 10 8 5 1 7 0 21 8 0 6 7 0 15 10 0 13 4 0 0 0 0 0 6 0 0 0 0 0 1 0 0 0 0 2 0 0 0 0 2 0 0 0 0 0 0 0 0 0 0 0 0 0 0 21 0 0 0 0 0 0 5 0 16 0 0 0 0 9 6 0 0 0 0 9 0 0 0 6 27 0 0 0 0 0 10 7 0 8 0 10 41 16 0 9 19 0 0 0 0 0 0 0 0 11 0 0 0 0 0 0 7 0 0 0 0 0 0 0 0 0 0 0 0 0 0 0 29 0 14 0 2 0 0 0 0 68 2 0 0 2 0 65 2 3 0 0 0 0 0 0 0 0 0 0 0 0 0 0 0 0 0 38 0 0 0 0 0 
 0 50 0 0 0 0 62 2 0 0 0 0 0 0 1 1 1 0 2 1 0 0 67 0 0 15 0 0 0 0 0 0 0 0 0 0 0 0 0 0 100 0 436 304 257 58 58 184 447 76 303 26 54 91 178 278 43 45 33 284 4 4 3 1 0 0 3 1 2 1 0 70 0 2 3 5 0 0 4 0 0 0 0 0 0 0 0 0 0 0 0 0 0 9 0 0 3 0 0 0 0 0 0 0 1 0 0 0 0 0 0 0 0 0 0 0 0 0 8 0 14 0 12 22 2 0 27 7 0 0 0 25 29 7 17 4 39 1 1 0 0 4 4 0 0 0 0 30 5 0 2 0 0 0 0 0 1 0 0 9 0 0 0 0 0 0 0 8 0 0 0 0 0 0 15 0 0 6 21 0 0 0 0 0 0 1 0 0 0 0 0 0 0 0 0 0 0 0 0 0 8 10 20 6 19 13 0 9 0 3 15 0 0 14 9 23 14 25 0 8 12 0 0 0 0 0 22 6 0 0 1 0 2 14 11 0 1 0 0 0 0 0 0 0 0 0 0 0 0 0 0 5 0 0 0 0 0 0 0 0 0 0 0 1 1 4 0 0 0 0 0 0 0 0 0 0 0 0 0 0 0 0 2 0 0 15 0 11 0 0 
 2 2 2 2 2 3 2 2 2 5 2 2 2 2 2 2 2 2 2 2 0 0 0 0 0 61 0 0 0 0 0 0 0 0 0 0 0 2 0 0 52 436 0 133 78 34 64 264 356 65 171 58 56 136 119 132 135 102 49 26 0 0 1 0 21 0 0 0 0 0 0 0 62 0 0 1 1 0 2 0 0 0 0 0 0 0 0 0 0 0 0 0 0 0 0 0 0 0 0 0 0 0 0 0 0 0 0 0 0 0 0 0 0 0 0 11 0 0 0 0 0 0 10 49 0 24 20 10 6 32 20 10 22 0 8 0 13 20 14 0 10 0 0 0 0 0 0 0 0 0 0 1 20 22 0 0 0 0 0 0 0 0 37 0 0 0 0 0 0 0 0 6 5 0 0 0 0 0 6 0 0 0 0 0 0 0 0 0 0 8 0 0 0 0 0 0 0 0 0 0 1 0 0 13 25 7 0 0 0 0 8 0 0 8 0 11 0 19 2 0 0 37 0 0 0 0 16 0 0 0 0 0 55 0 2 0 7 0 0 35 0 0 2 0 0 0 0 0 0 0 0 4 0 2 0 0 0 0 0 36 0 0 14 0 2 30 2 0 0 0 3 0 0 0 0 0 0 0 0 0 0 0 0 0 0 9 0 10 0 0 
 2 2 0 0 0 0 0 0 0 0 0 0 0 0 0 0 2 9 2 2 0 0 0 0 0 0 0 0 0 0 0 0 0 0 1 0 0 0 0 0 78 304 133 0 88 108 115 372 150 265 149 117 73 140 291 38 35 120 53 131 53 0 3 0 9 0 0 0 0 0 0 0 0 0 0 3 0 0 0 0 0 0 0 0 0 0 0 0 0 0 0 0 0 0 0 0 0 0 0 0 0 0 0 0 0 2 0 0 0 0 0 0 0 0 2 0 0 1 0 0 10 0 7 15 1 10 11 0 0 0 1 15 11 0 11 9 10 0 0 0 0 0 0 0 0 2 0 0 0 0 0 0 0 0 11 1 0 13 10 11 0 0 0 0 0 0 0 8 0 0 0 0 0 0 0 0 0 0 7 0 0 0 0 0 0 0 0 0 0 0 0 0 0 0 0 0 0 0 0 0 9 0 27 8 44 26 0 0 0 11 14 9 0 0 21 12 44 20 0 11 43 0 0 0 0 0 20 7 42 0 0 0 12 14 0 0 0 0 32 8 0 0 12 0 0 0 0 0 0 0 0 8 0 0 0 0 0 0 0 9 0 0 2 1 2 8 3 0 0 0 0 0 0 0 0 0 0 0 0 0 0 0 0 0 0 0 0 0 0 0 
 0 0 28 5 0 4 0 3 3 2 2 0 0 0 0 5 5 0 2 1 0 1 0 0 0 0 1 0 0 0 0 2 9 0 50 0 0 0 0 3 117 257 78 88 0 112 43 270 73 181 300 108 144 310 302 85 505 250 50 301 51 0 0 0 0 0 0 0 58 1 0 0 51 0 28 0 1 1 1 0 0 0 38 0 0 0 0 0 0 1 1 1 2 0 0 0 0 0 0 0 0 1 0 0 0 0 0 0 0 0 0 0 0 0 0 0 0 0 0 0 0 0 0 3 0 22 0 0 0 10 0 0 0 0 0 18 0 0 0 0 0 0 0 0 0 0 7 12 2 0 6 2 23 7 0 13 4 18 9 12 0 14 3 0 0 10 0 0 41 3 21 0 0 18 4 0 0 3 0 2 0 0 0 0 0 0 0 0 0 0 10 0 0 0 0 0 1 0 0 9 0 15 5 1 18 0 0 0 0 11 6 14 0 0 0 0 9 19 0 4 48 0 23 0 0 14 24 13 52 13 13 0 7 48 0 3 9 12 34 25 11 0 0 0 0 0 6 0 2 0 0 1 0 0 0 0 0 0 0 3 0 0 2 0 1 0 3 3 1 0 16 0 0 0 0 0 0 0 0 0 0 0 0 0 13 0 0 0 0 0 
 0 4 0 0 0 3 5 0 0 0 3 0 0 0 0 0 0 1 0 0 0 2 0 0 2 0 0 59 0 0 0 0 0 2 62 0 0 1 0 0 92 58 34 108 112 0 19 100 180 122 126 416 56 70 58 79 58 50 95 59 0 108 2 0 4 0 0 0 0 0 0 0 77 0 0 36 52 0 2 0 0 0 0 0 0 0 0 0 0 0 0 0 0 0 0 0 0 0 0 0 0 0 0 0 0 0 0 0 8 0 0 0 0 0 0 0 0 0 0 0 0 0 0 2 0 25 0 0 0 9 0 0 0 0 0 26 0 0 0 0 9 13 9 0 0 0 15 0 0 0 13 2 0 1 31 1 13 8 0 24 0 0 0 0 0 0 0 6 0 0 0 0 0 0 0 0 0 0 22 0 0 0 0 0 0 0 0 0 0 0 1 0 0 0 0 0 0 0 0 0 0 13 0 7 0 34 0 0 0 1 30 12 0 0 0 0 0 41 0 0 0 11 0 0 0 0 40 22 0 0 28 0 33 33 0 15 13 0 2 0 0 0 17 0 8 0 0 0 0 0 0 0 0 0 0 0 0 0 0 2 0 18 1 1 0 2 1 0 5 0 0 0 0 0 0 0 0 0 0 0 0 0 0 0 3 13 0 0 2 0 
 0 63 2 0 0 0 0 0 0 0 0 0 0 0 0 0 0 0 0 2 2 0 88 71 0 0 0 0 14 0 1 133 0 100 0 0 0 0 0 0 161 58 64 115 43 19 0 297 131 35 31 35 381 83 156 64 248 111 110 73 3 0 0 0 0 0 0 5 0 6 0 0 0 6 2 0 1 0 0 0 0 0 0 0 0 0 0 0 0 0 0 0 6 0 0 14 0 0 0 0 0 0 0 15 0 0 0 0 0 3 30 22 0 0 0 0 0 0 0 0 27 3 19 4 20 15 1 7 10 18 15 0 0 30 0 14 17 2 13 20 0 0 0 0 0 31 6 0 0 0 0 0 4 0 2 0 0 0 3 45 0 2 0 0 0 0 0 0 0 0 0 0 0 0 0 0 9 0 0 0 0 0 0 0 0 32 0 0 17 0 9 17 0 0 0 0 0 0 0 0 16 13 22 0 0 2 48 14 14 0 15 0 14 18 14 11 3 18 0 0 0 0 0 0 0 0 0 0 0 0 0 0 0 0 0 0 0 0 0 0 0 0 0 0 0 0 0 0 0 0 0 15 0 2 0 0 0 0 87 0 0 0 0 0 64 0 2 0 0 0 0 0 0 0 0 0 0 0 0 0 0 0 0 0 0 0 0 0 1 0 
 0 0 0 0 8 0 0 0 0 0 0 0 0 0 0 3 0 0 0 0 0 0 1 0 0 91 0 0 0 76 62 1 0 8 0 8 0 1 0 0 71 184 264 372 270 100 297 0 165 41 117 33 181 204 420 139 90 32 114 87 0 0 0 0 51 4 0 0 4 0 0 0 5 0 60 0 2 0 0 0 0 0 0 0 0 0 0 0 0 0 0 0 0 0 0 0 0 0 0 0 0 3 0 0 19 0 3 0 13 8 1 0 0 0 8 0 0 0 7 3 0 13 14 0 3 0 18 22 30 0 9 14 21 7 1 9 30 19 8 0 6 0 0 0 0 0 0 0 0 0 0 0 20 0 0 0 0 0 3 1 0 0 0 0 0 7 0 7 0 0 0 1 0 0 0 0 0 0 17 0 0 11 0 0 26 0 0 20 19 0 0 0 12 5 0 5 0 0 0 0 0 0 1 5 1 1 1 38 9 0 8 0 1 23 0 10 18 30 0 0 0 0 0 0 0 5 20 0 0 0 0 0 15 0 9 0 1 0 12 0 0 0 0 0 0 0 0 0 0 31 0 13 0 2 0 0 0 62 0 21 0 0 0 0 0 16 0 64 1 0 0 0 0 0 0 0 0 0 0 0 0 0 0 0 0 0 0 3 0 0 
 1 3 3 2 3 2 3 3 3 2 64 0 2 3 1 2 4 2 1 2 0 0 0 0 0 100 0 0 0 0 0 2 0 0 0 0 0 0 0 0 115 447 356 150 73 180 131 165 0 270 31 35 153 421 207 61 27 212 60 66 0 0 0 0 6 0 0 0 1 1 0 1 67 0 0 0 31 0 1 3 0 0 13 0 0 0 0 0 0 0 0 0 0 0 0 0 0 0 0 0 0 0 0 0 0 0 0 0 0 0 0 0 0 0 0 0 0 0 0 0 0 12 20 14 0 51 13 0 7 46 0 15 10 15 0 41 13 1 0 0 1 0 0 0 3 0 20 0 0 5 0 4 0 16 0 8 0 5 0 0 0 0 0 0 0 0 0 9 0 0 0 0 0 0 0 0 0 0 0 0 0 0 0 0 0 0 0 0 0 0 0 0 0 0 0 0 0 0 0 0 0 0 0 0 11 35 0 34 0 0 21 10 0 4 3 0 0 8 0 0 0 22 0 0 0 3 26 0 4 11 0 46 36 16 0 5 0 11 0 14 0 0 49 0 0 0 0 0 0 0 0 11 0 0 0 0 0 0 0 3 0 0 10 65 24 0 2 0 2 0 10 0 2 0 0 0 0 0 0 0 0 0 0 0 0 31 0 31 0 0 
 3 2 3 3 3 30 3 2 2 3 3 3 3 3 3 3 3 3 3 6 0 0 0 3 211 0 0 0 0 0 0 0 0 0 0 0 2 0 1 0 301 76 65 265 181 122 35 41 270 0 127 98 89 117 132 120 112 78 62 303 22 0 14 0 4 0 78 0 0 0 1 0 56 0 0 27 0 0 2 0 0 0 0 0 0 0 0 0 0 14 0 0 0 0 0 0 0 0 8 0 0 0 0 0 0 0 0 0 0 0 0 0 0 0 0 0 0 0 0 0 0 0 0 9 8 21 0 0 0 15 0 0 0 0 1 10 1 0 7 0 11 0 0 0 0 0 21 22 0 0 1 1 19 22 10 7 3 0 3 0 0 0 0 0 0 0 0 1 0 0 0 0 0 20 0 0 0 0 0 0 0 0 0 0 0 0 0 0 0 0 0 0 0 0 16 0 0 0 0 0 0 18 10 0 3 5 0 2 0 8 49 3 0 0 0 0 0 14 0 0 7 51 0 0 0 0 10 14 0 8 0 0 28 47 6 0 1 0 45 8 0 0 21 0 0 0 0 0 0 0 0 7 0 0 0 0 0 0 0 9 0 0 6 38 0 2 3 0 3 0 1 0 0 0 0 0 0 0 0 0 0 0 1 0 12 23 0 0 0 0 
 0 0 1 0 0 0 0 0 64 0 6 0 0 0 0 0 2 0 0 3 0 0 0 0 0 0 0 5 0 0 0 0 0 0 0 0 0 0 0 3 50 303 171 149 300 126 31 117 31 127 0 180 28 45 86 426 180 169 32 364 51 26 1 2 51 4 0 0 55 0 0 0 1 17 0 22 2 0 3 0 0 0 0 0 0 0 0 0 0 0 0 0 0 0 0 0 0 0 0 0 0 0 0 0 0 0 13 0 0 0 0 0 0 0 0 0 0 0 0 0 0 2 0 0 11 0 1 0 22 0 9 11 0 0 0 10 1 2 0 0 20 0 0 3 0 4 0 12 0 0 0 0 20 0 0 0 0 0 12 1 0 0 0 0 0 0 0 28 0 0 0 1 0 0 0 0 14 0 6 0 0 0 0 0 0 0 0 0 0 13 0 0 0 0 0 0 0 0 0 0 0 16 1 68 25 22 0 14 0 28 2 8 0 0 14 0 51 24 0 0 0 0 0 11 0 0 24 5 0 0 0 0 18 0 7 0 16 13 8 10 0 0 0 0 0 0 0 0 0 0 0 12 0 0 0 0 0 0 0 36 0 0 0 0 1 24 4 35 0 0 0 0 0 0 0 0 0 0 0 0 0 0 0 0 8 0 0 0 0 0 
 2 0 6 0 0 2 0 0 0 6 6 0 0 0 0 0 6 0 1 0 67 3 3 2 5 3 1 5 3 2 2 2 2 2 3 3 2 2 1 9 58 26 58 117 108 416 35 33 35 98 180 0 36 44 305 113 159 57 25 30 0 1 0 8 11 1 58 0 31 0 0 0 51 24 1 51 14 2 0 4 0 0 0 0 0 0 0 0 0 0 0 0 0 0 0 0 0 0 0 0 0 0 0 0 0 0 0 0 0 0 0 0 0 0 0 0 0 0 0 0 8 0 23 27 1 0 0 0 4 11 24 6 0 0 6 21 8 23 0 0 4 18 0 0 7 0 0 27 0 0 50 7 18 21 13 6 16 9 0 23 0 0 0 0 0 0 0 0 0 14 0 12 3 0 0 0 0 0 0 0 0 0 0 0 0 0 0 0 0 0 0 0 0 0 0 0 0 0 0 8 1 12 0 5 11 3 0 0 0 10 0 0 0 0 61 0 1 19 0 1 0 17 0 1 0 6 4 21 20 29 11 18 12 27 7 8 19 49 13 0 0 0 0 0 0 0 0 0 0 0 0 2 0 0 0 0 0 0 0 13 0 0 11 0 0 5 0 63 0 0 9 0 0 0 0 0 0 0 0 0 0 0 0 0 9 0 0 0 0 0 
 0 0 0 0 0 0 0 0 0 0 0 0 0 0 0 0 0 0 0 0 0 0 66 67 1 68 0 0 30 0 76 55 0 9 0 0 32 62 0 0 59 54 56 73 144 56 381 181 153 89 28 36 0 316 375 30 33 35 175 156 27 0 0 4 0 0 0 0 0 0 0 0 0 0 0 0 1 0 3 54 0 0 0 0 0 0 0 0 0 0 0 0 0 0 0 0 0 0 0 0 0 25 10 0 24 18 0 0 13 13 0 0 0 1 0 0 12 0 0 0 0 22 13 0 10 8 3 31 0 14 24 1 1 20 14 12 0 10 0 1 0 30 0 0 0 0 0 0 0 0 0 0 0 0 0 0 0 13 0 0 0 0 0 0 0 0 0 0 0 0 0 0 0 0 0 0 1 0 0 0 0 0 10 0 10 37 0 0 1 0 16 7 0 0 0 0 0 11 0 0 0 23 0 0 0 0 0 30 41 11 10 0 14 36 8 0 0 15 11 8 0 0 0 0 0 0 0 0 0 0 0 0 0 0 0 0 0 0 0 0 0 0 0 0 0 0 0 0 0 0 0 5 0 0 0 0 0 76 62 0 0 0 0 0 65 2 0 0 0 0 0 0 0 0 0 0 0 14 0 0 0 0 0 0 0 0 0 1 0 0 
 0 0 71 0 0 0 65 0 0 2 0 0 0 0 0 0 4 0 0 0 0 0 12 64 1 27 0 33 18 64 0 68 0 0 23 0 3 6 0 1 70 91 136 140 310 70 83 204 421 117 45 44 316 0 289 42 259 302 78 273 0 0 1 0 0 35 0 3 1 2 0 0 9 0 0 0 1 44 0 0 0 0 0 0 0 0 0 0 0 0 0 0 0 0 0 0 0 0 0 0 0 0 23 0 0 0 0 0 0 0 17 0 0 0 0 0 0 0 0 0 23 4 31 20 24 0 32 20 19 0 0 47 22 24 14 12 30 0 15 21 0 0 0 0 0 0 0 0 12 0 0 0 0 0 0 0 1 0 11 0 0 2 0 0 0 0 0 0 0 0 0 0 0 0 0 0 5 0 0 15 0 0 25 0 3 11 0 0 0 5 8 0 0 0 0 0 0 0 0 0 57 14 21 51 28 6 0 64 1 3 4 0 0 10 21 37 28 9 0 30 0 0 0 0 0 0 0 0 0 0 0 0 0 0 0 0 0 0 0 0 0 0 0 0 0 0 0 0 0 0 0 7 0 0 0 0 0 0 64 0 0 0 1 0 0 2 2 1 0 0 0 0 0 0 0 0 0 0 0 0 0 0 0 0 0 0 0 38 0 0 
 0 0 6 0 0 0 0 0 0 6 0 0 0 0 0 0 29 2 0 1 3 3 3 3 5 99 3 3 3 3 3 3 3 3 3 3 4 3 3 3 112 178 119 291 302 58 156 420 207 132 86 305 375 289 0 78 80 77 67 133 4 3 6 1 0 0 5 1 0 1 0 0 0 2 11 16 0 0 7 0 0 0 0 0 0 0 0 0 0 0 0 0 0 0 0 0 0 0 0 0 0 0 0 0 18 22 0 0 0 0 0 0 0 0 0 0 0 0 0 0 0 19 18 9 12 18 1 4 0 9 26 32 19 7 59 12 1 5 0 0 0 4 6 0 0 0 21 10 1 0 16 0 0 9 0 0 0 0 0 0 0 0 0 0 0 0 0 1 0 0 0 0 0 0 0 0 0 0 0 0 0 0 0 0 0 0 0 0 0 0 0 0 0 0 0 0 0 0 0 0 4 0 0 0 10 0 0 25 0 17 17 0 0 28 12 1 0 2 0 1 4 0 0 0 0 0 1 10 0 0 8 0 0 16 6 0 14 0 0 0 0 0 0 0 0 0 0 0 1 0 16 9 0 0 0 0 0 0 0 0 0 0 2 34 2 0 0 1 2 0 0 0 0 0 0 0 0 0 0 0 0 0 6 0 0 0 0 12 0 0 
 3 3 3 3 3 3 3 3 3 47 3 3 3 3 3 3 3 3 3 6 0 0 0 1 0 30 0 0 0 1 0 0 0 0 0 0 1 0 0 0 103 278 132 38 85 79 64 139 61 120 426 113 30 42 78 0 140 106 104 99 0 0 2 0 31 2 0 8 0 0 0 2 53 0 2 0 1 0 0 0 18 0 0 0 0 0 0 0 0 0 0 0 0 0 0 0 0 8 0 0 0 0 0 0 0 0 0 0 0 0 0 0 0 0 0 0 0 0 0 0 8 0 1 10 11 5 0 0 25 37 21 0 0 1 0 29 15 0 0 23 10 0 0 0 0 0 0 0 0 0 0 2 4 0 0 0 5 0 0 0 0 0 0 0 0 0 0 4 0 0 0 0 4 0 6 0 0 0 4 0 0 0 0 0 0 0 0 0 0 0 0 0 0 0 0 0 0 0 0 0 10 37 23 27 10 40 11 0 18 9 29 11 0 0 7 12 0 44 0 1 0 0 0 0 0 0 29 0 0 0 0 0 29 19 10 0 0 0 0 0 0 0 0 0 0 0 0 0 0 0 0 15 0 2 0 0 0 0 0 9 0 0 1 0 66 8 1 0 1 0 0 0 0 0 0 0 0 0 0 0 0 0 0 0 15 0 0 0 1 0 
 3 3 3 3 3 4 3 3 3 14 4 6 3 3 3 3 3 7 3 6 5 4 4 3 5 3 9 3 3 3 3 3 4 37 3 3 3 3 5 3 22 43 135 35 505 58 248 90 27 112 180 159 33 259 80 140 0 360 51 43 50 0 0 0 24 0 0 0 0 0 0 0 50 0 0 0 1 0 1 0 0 0 1 2 0 4 0 0 0 0 0 0 0 0 0 0 0 3 0 0 4 10 0 0 0 0 1 0 0 1 0 0 3 0 0 0 0 0 4 0 0 0 0 32 1 21 0 0 9 25 35 0 0 0 3 0 0 29 0 0 8 0 0 13 0 0 0 0 0 0 0 13 20 16 0 0 0 0 9 0 0 0 0 0 0 1 0 0 0 0 0 2 5 0 0 0 0 18 6 0 0 4 11 0 0 0 5 0 0 0 0 0 0 0 0 0 0 0 0 1 0 0 2 12 47 9 0 0 0 10 8 1 0 0 14 0 8 20 0 0 1 0 0 0 0 21 1 0 0 0 0 0 24 0 3 0 4 0 19 55 0 0 0 0 0 1 0 0 0 0 0 15 0 2 0 0 0 0 0 27 0 0 5 2 0 18 1 1 0 0 17 0 0 0 0 0 0 0 0 0 0 0 0 0 0 0 0 0 1 0 
 0 0 2 0 2 2 0 0 0 0 5 0 0 0 0 0 0 0 1 0 0 0 1 0 0 0 0 0 0 0 0 2 0 0 0 0 0 3 0 0 33 45 102 120 250 50 111 32 212 78 169 57 35 302 77 106 360 0 29 56 0 0 0 0 0 0 0 5 1 0 0 5 3 0 46 0 0 0 0 0 0 0 0 0 0 0 0 0 0 0 0 0 0 0 0 0 0 0 0 0 0 0 0 0 0 0 0 0 0 0 0 0 0 0 0 0 0 12 0 0 23 10 0 0 18 19 10 23 0 2 12 0 0 0 0 11 21 0 0 9 0 0 0 0 0 1 4 0 0 0 0 1 0 0 14 0 0 0 0 0 0 0 0 0 0 0 0 0 0 0 0 0 0 0 0 0 0 0 0 0 0 0 0 0 0 0 0 0 0 0 0 0 0 0 0 0 0 0 0 0 6 12 11 40 2 11 15 9 13 22 46 12 0 0 6 9 16 28 0 0 0 0 0 5 0 0 10 0 0 5 0 0 0 10 1 0 0 0 7 42 0 0 0 0 0 0 0 0 0 0 0 28 0 0 0 0 0 0 0 9 0 0 63 2 65 0 8 0 0 0 38 0 0 0 0 0 0 0 0 0 0 0 0 0 14 15 0 0 0 0 
 0 2 0 0 0 3 0 0 0 0 0 0 0 0 0 0 0 4 0 0 0 4 2 62 66 63 0 0 2 0 84 64 0 0 0 0 4 0 0 0 153 33 49 53 50 95 110 114 60 62 32 25 175 78 67 104 51 29 0 227 1 0 0 0 0 0 0 5 0 0 0 0 0 0 0 0 3 0 10 0 0 0 0 0 0 0 0 42 0 0 0 0 10 0 0 0 0 0 0 0 0 0 1 10 24 1 0 0 0 5 11 10 0 0 0 0 0 0 11 0 25 8 0 0 54 0 0 7 55 20 0 7 18 17 9 28 4 28 10 0 0 0 0 0 0 0 2 0 0 0 0 0 0 0 0 0 0 0 0 0 0 0 0 0 0 0 0 0 0 0 0 0 0 0 0 0 0 0 0 0 0 0 0 0 10 32 0 0 0 0 8 26 0 0 0 0 1 0 0 0 5 0 30 0 0 0 8 1 20 2 0 0 8 9 0 15 51 0 16 2 0 0 0 0 0 0 0 0 0 0 0 0 0 0 0 0 0 0 0 0 0 0 0 0 0 0 0 0 0 0 0 6 0 0 0 0 0 58 0 0 0 0 0 1 0 2 0 0 0 0 0 0 0 0 0 0 0 0 0 0 0 0 0 0 8 0 0 0 0 0 
 0 0 0 0 0 2 0 130 0 2 0 0 0 1 0 0 0 0 0 0 2 2 90 210 58 2 2 2 2 2 21 63 2 2 2 68 92 64 2 2 290 284 26 131 301 59 73 87 66 303 364 30 156 273 133 99 43 56 227 0 0 0 0 18 0 5 0 0 2 0 0 4 22 0 0 0 7 0 1 3 0 0 0 0 0 0 0 0 0 0 0 0 0 0 0 1 0 0 0 0 0 0 0 0 12 0 0 0 0 0 8 0 0 0 0 0 14 0 0 0 20 28 10 15 13 0 28 12 14 0 1 41 24 7 28 45 9 16 1 1 0 0 0 0 0 0 0 0 0 0 0 0 0 0 0 0 1 0 12 0 0 1 0 0 0 0 0 0 0 3 0 0 0 0 7 0 0 0 0 0 0 0 0 0 7 12 0 0 0 0 8 12 0 0 0 0 0 0 0 0 28 0 61 11 23 6 0 13 1 14 10 0 9 0 18 22 41 9 23 27 0 0 0 0 0 0 3 0 0 0 0 0 0 0 0 0 0 0 0 0 0 0 0 0 0 0 0 0 0 0 0 32 0 0 0 0 0 0 0 0 0 0 0 1 0 4 0 64 0 0 0 0 0 0 0 0 0 0 0 0 0 0 0 0 0 6 0 0 0 0 
 0 0 0 0 0 0 0 0 0 0 0 0 0 0 0 0 0 0 0 0 31 0 2 0 0 0 0 0 2 1 0 6 0 0 0 1 0 0 0 0 0 4 0 53 51 0 3 0 0 22 51 0 27 0 4 0 50 0 1 0 0 234 117 36 69 79 199 153 72 96 35 47 58 155 60 142 34 43 56 34 0 0 0 0 0 0 0 0 0 0 0 0 0 0 0 0 0 0 0 0 0 0 2 0 0 2 0 0 7 0 0 0 0 2 0 0 2 0 0 0 0 0 0 10 15 0 0 0 0 0 0 0 2 6 0 1 0 0 0 0 6 37 76 4 0 0 0 26 15 0 14 0 17 21 15 12 10 0 7 0 0 0 0 0 0 0 0 0 0 0 0 0 0 0 0 0 0 0 0 1 0 0 4 0 0 20 0 0 2 0 12 3 0 0 0 0 0 10 0 0 0 0 57 0 1 0 0 0 0 0 0 0 4 2 0 0 1 0 5 5 23 12 0 24 0 0 0 7 0 0 14 9 12 0 31 9 23 0 42 0 0 0 0 10 0 0 0 0 0 0 0 0 0 0 2 0 25 3 0 0 0 0 0 1 0 0 0 0 0 0 2 0 0 0 0 0 0 0 0 0 18 0 18 0 0 1 0 0 0 0 
