 0 322 55 58 24 31 326 553 341 109 218 33 179 231 292 172 92 122 178 121 0 0 0 2 2 0 1 0 0 2 0 0 1 0 0 1 0 0 0 0 0 3 0 0 9 0 0 0 0 2 3 0 0 0 3 0 3 0 0 0 0 0 0 2 0 3 0 3 2 0 0 0 2 0 0 4 0 0 0 0 5 25 27 49 0 29 0 1 26 0 1 0 8 20 18 30 0 38 1 22 0 0 0 0 0 0 15 0 0 0 0 0 17 0 0 0 0 0 6 0 0 0 0 0 0 0 0 0 0 0 0 0 0 0 0 0 0 0 0 0 9 0 0 0 0 0 0 0 0 0 0 0 34 0 0 0 0 0 0 1 2 14 1 0 0 0 17 21 50 37 6 13 14 22 0 0 31 0 15 38 0 0 0 0 0 0 14 0 0 0 0 0 0 0 0 0 0 0 11 0 0 0 0 0 0 0 0 0 0 0 0 0 0 0 0 0 0 0 0 0 0 0 0 0 0 0 0 0 0 0 0 0 0 0 0 0 0 0 0 0 0 0 0 0 0 0 2 2 0 2 2 0 1 0 0 0 0 0 0 0 0 0 0 0 0 0 0 0 0 0 0 0 0 0 0 0 8 0 0 0 0 0 0 0 0 0 0 0 0 0 
 322 0 142 169 421 130 118 99 451 43 175 125 138 114 206 239 36 41 65 115 2 0 0 2 2 0 1 1 2 1 1 0 92 0 6 74 0 0 0 0 0 3 0 0 4 0 0 1 0 2 3 0 0 0 64 0 3 0 0 0 4 0 0 33 46 3 0 3 4 0 0 0 12 0 0 0 0 0 0 0 10 15 10 30 18 14 15 0 5 31 22 0 0 2 4 50 1 3 11 7 15 0 0 0 0 0 28 13 0 0 1 0 32 0 0 0 0 0 10 0 0 0 0 2 0 0 0 14 0 0 0 0 0 0 0 0 1 0 1 0 0 0 0 0 0 0 1 0 0 0 0 0 0 0 0 5 0 0 0 0 0 17 0 21 16 0 10 19 15 5 5 0 1 0 0 0 59 1 20 11 16 0 0 0 0 0 22 0 0 9 0 0 1 0 0 0 0 0 30 0 0 0 0 11 0 0 0 0 0 0 0 0 0 1 0 0 1 0 0 0 0 0 0 0 0 0 0 0 0 0 0 1 0 0 0 2 0 0 0 0 0 0 0 0 0 0 0 0 1 0 0 10 0 0 0 0 0 0 0 0 0 0 0 0 0 0 0 0 0 1 0 0 0 0 0 0 0 9 0 0 0 0 0 0 0 1 0 0 0 0 
 55 142 0 230 98 126 301 137 94 54 210 37 73 140 221 36 127 62 129 322 0 3 0 5 2 0 5 0 0 0 0 0 0 0 0 0 0 0 74 28 0 3 0 0 5 0 0 25 0 2 3 0 4 0 3 2 3 0 0 0 0 1 3 2 3 7 3 3 4 49 0 0 5 0 0 1 2 1 0 0 22 0 6 19 23 18 4 0 64 13 26 41 2 3 11 0 19 0 0 0 0 14 8 0 0 0 10 27 0 0 0 0 1 10 16 0 0 0 27 0 0 0 0 0 0 0 0 11 0 0 0 0 0 0 0 0 0 0 0 0 0 0 0 1 0 0 0 0 0 0 0 0 0 0 0 0 0 0 0 0 0 1 0 23 13 18 5 0 8 24 9 0 0 0 0 0 8 0 0 0 0 0 0 0 0 0 3 0 1 0 0 0 14 11 0 0 0 0 0 11 0 0 0 0 0 0 0 0 0 0 0 0 0 0 0 0 0 0 0 0 0 0 0 0 0 2 0 0 0 0 0 0 0 0 0 0 0 0 0 0 0 0 0 0 0 2 0 0 0 2 14 2 0 0 0 0 0 0 0 0 0 0 0 0 0 0 0 0 0 0 0 0 0 0 0 10 38 11 0 0 0 0 0 0 0 0 0 0 0 1 
 58 169 230 0 73 132 155 292 153 173 247 54 408 263 159 216 108 260 108 102 0 0 0 2 2 0 2 0 86 1 0 0 0 75 37 0 0 0 16 163 0 3 0 0 3 0 0 0 97 2 3 0 0 0 3 0 3 0 0 0 0 0 0 2 0 2 0 3 2 0 0 0 23 0 0 12 0 0 0 0 5 9 27 12 47 55 0 7 7 2 20 51 10 14 12 9 0 7 0 13 0 0 6 0 0 0 0 11 9 0 0 31 14 45 30 0 15 0 11 0 0 0 0 0 0 0 0 0 0 0 0 0 0 0 0 1 0 0 0 0 0 0 0 0 0 0 0 0 0 0 0 1 0 0 0 0 0 0 0 0 14 0 1 12 15 14 5 0 2 10 11 2 0 16 0 0 1 0 0 18 19 10 0 0 16 2 0 0 0 0 0 0 29 9 12 0 0 17 0 19 0 2 0 0 0 0 0 0 0 0 0 0 0 0 0 1 0 0 0 0 1 0 0 0 0 0 0 0 0 0 0 0 0 0 0 0 0 0 0 0 0 32 0 0 0 2 2 1 4 0 0 2 0 0 0 0 0 0 0 0 0 0 0 0 0 0 0 0 0 0 0 0 0 0 0 0 18 0 0 0 0 0 0 0 0 0 0 0 0 0 
 24 421 98 73 0 261 38 77 99 173 182 186 86 75 92 181 135 59 59 271 70 75 0 2 2 0 76 0 0 2 0 0 139 23 4 73 0 0 73 152 0 3 3 0 3 0 0 0 0 2 6 0 0 0 3 0 3 0 0 0 0 0 0 2 0 3 0 3 2 0 0 0 0 0 0 0 0 0 0 0 0 24 12 7 10 0 0 0 15 1 38 30 0 0 13 0 16 33 0 0 29 47 0 0 0 0 33 0 28 0 0 0 19 7 10 37 23 0 0 33 0 0 0 0 0 0 0 0 0 0 0 0 0 0 0 9 27 0 0 0 0 0 0 0 0 0 0 0 0 0 0 0 0 0 13 4 0 0 0 0 0 18 0 12 10 0 12 3 12 8 17 87 0 0 0 0 30 10 0 11 10 16 0 31 0 0 30 10 14 9 19 0 52 6 11 10 0 0 51 9 0 0 0 0 0 0 0 0 0 0 0 0 0 0 0 0 0 0 0 0 0 0 0 0 0 0 0 0 0 0 0 0 0 0 0 0 0 0 0 0 0 0 0 0 0 5 2 1 89 177 0 0 1 0 2 0 0 0 0 0 0 0 0 0 0 0 0 0 0 0 0 0 0 0 0 11 0 0 0 0 0 0 0 0 0 0 0 0 0 0 
 31 130 126 132 261 0 343 28 179 127 287 146 34 52 347 74 250 82 52 259 17 74 0 2 2 0 74 0 0 4 0 0 104 82 0 0 0 0 150 76 0 3 52 0 3 0 0 0 0 2 3 0 0 0 3 0 3 0 0 0 0 0 0 2 0 3 0 3 2 0 0 0 0 0 0 0 0 0 0 0 0 13 0 0 2 0 0 0 0 2 66 40 0 0 0 6 38 48 0 0 19 18 0 0 0 0 35 0 31 14 0 0 89 22 0 13 24 0 23 1 0 0 0 0 0 0 0 0 0 0 0 0 0 0 0 0 0 0 0 0 0 0 0 0 0 2 0 0 4 0 13 0 0 0 0 0 0 0 0 37 0 24 1 11 25 15 0 0 0 0 21 29 0 2 2 15 45 1 0 0 12 0 0 0 1 0 14 12 0 3 0 0 1 1 1 0 0 0 15 16 0 0 0 2 0 0 0 0 0 0 0 0 0 0 2 0 0 0 0 0 0 0 0 0 0 0 0 0 0 0 0 0 0 0 10 0 0 0 0 0 0 0 0 0 0 5 84 0 92 88 1 8 0 0 0 0 0 0 0 0 0 0 18 0 0 0 0 0 0 0 0 0 0 0 0 2 0 0 0 0 0 0 0 0 0 0 0 0 0 0 
 326 118 301 155 38 343 0 178 145 61 121 26 291 145 151 281 105 395 61 57 3 3 0 2 4 0 2 0 2 1 0 1 0 0 1 0 0 3 0 1 0 3 0 0 7 7 0 0 1 4 3 3 0 0 3 4 5 0 0 7 0 0 2 8 0 4 0 6 6 0 0 2 2 0 0 4 0 0 0 0 28 24 18 15 2 28 12 29 12 0 34 0 23 14 21 9 11 10 0 14 0 0 0 0 0 0 16 0 2 0 0 0 0 0 0 0 12 0 9 0 0 0 0 0 0 0 0 0 0 0 0 0 0 0 0 0 0 0 0 0 0 1 0 0 0 0 0 0 0 0 0 0 0 0 0 0 0 0 0 0 15 1 0 2 14 1 7 15 13 25 22 0 1 12 0 0 0 0 0 16 0 0 0 0 1 14 1 0 0 0 0 0 0 0 0 0 0 0 10 0 0 0 0 0 0 0 0 0 0 0 0 0 25 0 0 0 0 0 0 0 0 0 0 0 0 0 0 0 0 0 0 0 0 0 2 0 0 0 0 0 0 8 0 0 0 2 2 0 0 1 7 0 0 0 0 0 0 0 0 0 2 0 0 0 0 0 1 0 0 0 0 0 0 0 0 0 0 0 0 0 0 0 0 0 0 0 0 0 0 0 
 553 99 137 292 77 28 178 0 190 34 51 39 227 285 424 146 139 160 278 217 0 0 0 3 2 0 2 76 2 1 0 0 0 0 2 0 5 0 2 1 0 3 0 0 59 0 0 0 0 2 3 0 0 0 3 0 3 0 0 64 0 0 3 2 0 3 0 10 2 0 52 0 0 0 0 0 0 0 0 0 13 36 0 27 0 18 36 38 0 20 0 2 4 14 0 33 1 14 31 9 0 0 0 0 0 0 21 0 0 0 0 0 0 0 0 0 0 0 5 0 0 0 0 0 0 0 0 0 0 0 1 0 0 0 0 0 0 0 0 0 4 0 0 2 0 0 0 0 0 0 0 0 0 0 3 0 0 0 0 24 5 10 20 0 0 0 29 19 27 13 5 1 25 12 32 21 0 0 77 10 0 0 0 0 0 0 0 0 2 0 0 0 0 0 0 0 7 0 9 0 0 0 0 0 0 0 0 0 2 0 0 0 0 0 0 0 0 0 13 1 0 0 0 0 0 0 2 0 0 0 0 0 0 0 0 0 1 0 0 0 0 0 0 0 0 0 1 0 0 0 2 2 11 0 0 0 0 2 0 1 0 0 0 0 0 0 0 0 0 0 0 0 0 1 0 0 0 0 0 0 13 0 0 0 0 0 0 0 0 0 
 341 451 94 153 99 179 145 190 0 204 235 329 173 171 250 147 155 161 270 105 2 1 0 2 2 0 3 0 0 3 0 0 139 0 6 2 0 0 0 2 0 3 0 62 74 0 62 2 0 2 3 0 0 0 6 0 3 3 0 0 0 0 0 2 0 4 0 3 2 2 0 3 50 0 0 9 0 1 0 0 15 14 10 0 2 0 2 0 0 39 20 31 0 0 19 19 25 26 12 29 12 1 0 0 0 0 0 0 0 0 0 0 23 0 0 0 0 0 1 0 0 0 0 0 0 0 0 0 0 0 0 0 0 0 0 0 0 0 0 0 0 0 0 0 1 0 0 0 0 2 0 0 0 0 0 0 0 0 0 0 0 52 14 0 21 9 4 13 1 12 0 30 1 6 0 0 65 15 10 14 35 1 0 0 0 0 19 0 0 0 0 0 1 0 2 0 0 0 0 29 0 0 0 0 0 0 0 0 0 0 0 0 0 0 0 0 0 2 0 0 0 1 0 0 0 0 0 1 0 0 0 0 0 0 0 0 0 0 0 0 0 0 0 0 0 0 38 0 123 1 2 2 0 0 0 0 0 0 0 0 0 0 23 0 0 0 0 0 0 8 0 0 0 0 0 19 0 0 0 0 0 0 0 0 0 0 0 0 0 0 
 109 43 54 173 173 127 61 34 204 0 474 34 160 179 231 92 171 279 59 293 0 0 0 4 2 0 41 0 0 2 0 0 1 0 75 0 5 0 74 0 0 5 0 0 6 0 0 0 0 2 3 0 0 0 3 0 3 0 0 0 0 0 0 2 0 3 0 3 2 0 0 0 0 0 0 0 0 0 0 0 0 16 0 21 19 42 0 0 14 33 13 50 0 0 0 14 15 32 10 2 14 0 0 0 0 0 0 15 11 0 0 0 12 0 0 0 0 0 16 3 0 0 0 0 0 0 0 0 0 0 0 0 1 0 0 0 0 0 0 0 1 0 2 0 0 0 0 0 0 0 0 0 0 0 0 0 0 0 0 0 0 24 0 9 29 16 0 0 0 0 14 58 0 0 0 0 0 0 0 0 0 10 0 0 0 0 25 0 8 0 0 0 11 15 10 0 15 0 0 1 0 0 0 0 0 0 0 0 0 0 0 0 0 0 0 0 0 0 0 0 1 0 0 0 0 0 0 0 0 0 0 0 0 0 0 0 0 0 0 0 0 0 0 0 0 4 86 0 90 53 0 7 0 0 0 0 0 0 0 0 0 0 0 0 0 0 2 0 0 0 0 0 0 0 0 0 30 0 0 0 0 0 0 0 0 0 0 0 0 0 
 218 175 210 247 182 287 121 51 235 474 0 372 327 53 334 218 253 108 140 55 2 0 0 2 2 0 33 0 0 3 0 0 89 74 0 0 0 0 132 91 0 3 0 0 3 0 0 0 0 2 5 0 0 3 3 0 3 0 0 0 0 0 0 2 0 5 0 3 2 0 0 0 10 2 0 5 0 0 0 0 11 16 20 21 35 30 0 0 14 53 35 65 0 1 17 13 0 1 0 0 28 0 10 0 0 0 33 0 0 0 0 0 53 3 26 0 16 0 25 0 0 0 0 0 0 0 0 0 11 0 0 0 0 0 0 0 0 0 6 0 0 0 0 0 0 0 0 0 0 0 0 0 0 0 0 0 0 0 0 0 0 8 0 1 34 30 1 20 5 14 0 17 1 0 0 0 15 0 1 0 16 0 0 0 0 0 21 0 0 0 0 0 15 10 0 0 14 0 10 12 0 0 0 0 0 0 0 0 0 0 0 0 0 0 11 0 0 0 0 0 0 0 0 0 0 0 0 0 0 0 0 0 0 0 0 0 0 0 0 0 0 0 0 0 0 0 0 0 2 0 4 0 0 0 0 0 0 0 0 0 0 0 0 0 0 0 0 0 0 0 0 0 11 0 0 0 20 0 0 0 0 0 0 0 0 0 0 0 0 0 
 33 125 37 54 186 146 26 39 329 34 372 0 32 33 36 33 190 76 251 60 63 105 0 2 5 0 76 74 0 3 0 0 213 24 2 0 0 2 153 156 0 3 0 0 5 2 0 0 0 2 3 0 0 0 3 0 5 1 0 2 0 0 0 8 0 3 0 3 4 0 3 1 0 0 45 0 0 0 0 0 0 29 10 4 2 10 0 0 0 14 13 38 0 0 0 0 0 12 0 0 53 54 0 0 0 0 10 19 16 0 0 0 19 9 0 21 12 0 15 0 0 0 0 0 0 0 0 10 0 0 0 0 0 0 0 0 0 10 27 0 0 0 0 0 0 0 0 0 0 0 0 0 0 0 0 8 0 0 0 0 0 18 9 31 10 14 0 2 13 8 15 26 0 0 0 0 18 28 0 0 10 38 0 0 0 0 28 10 0 3 1 0 5 0 23 2 0 14 60 22 0 0 0 0 0 0 0 0 0 0 0 0 0 0 0 0 0 0 0 0 0 0 0 0 0 0 0 0 0 0 0 0 0 0 0 0 0 0 0 0 0 0 0 0 0 9 0 0 87 107 2 4 0 0 0 0 0 0 0 0 0 0 15 0 0 0 0 0 0 0 0 0 0 0 0 0 0 9 0 0 0 2 0 0 0 0 0 0 0 0 
 179 138 73 408 86 34 291 227 173 160 327 32 0 252 343 40 217 199 149 252 0 0 0 2 2 0 2 0 0 1 0 0 0 0 1 0 0 0 0 0 0 3 0 0 3 0 0 0 1 2 5 0 0 1 3 0 3 0 0 0 0 0 0 2 1 3 0 3 2 0 0 0 6 2 0 2 0 0 0 0 28 16 17 0 37 5 6 15 7 29 12 0 0 0 20 48 12 11 0 37 0 0 0 0 0 0 0 0 0 0 0 0 0 0 0 0 0 0 0 0 0 0 0 0 0 0 0 0 0 0 0 0 0 0 0 0 0 0 0 0 16 0 0 0 0 0 0 0 0 0 0 0 0 0 0 0 0 0 0 7 0 7 0 0 7 0 0 0 0 13 0 22 0 0 16 1 0 0 0 0 0 0 0 0 0 0 0 0 0 0 0 0 0 0 0 0 1 0 0 0 0 0 0 0 0 0 0 0 0 0 0 0 0 0 0 0 0 0 0 0 0 0 0 0 0 0 0 0 0 0 0 0 0 0 0 0 0 0 0 0 0 0 0 0 0 0 3 0 2 0 0 2 0 0 0 0 0 0 0 0 0 0 12 0 0 0 0 0 0 0 0 0 0 0 0 0 0 0 0 0 0 0 0 0 0 0 0 0 0 0 
 231 114 140 263 75 52 145 285 171 179 53 33 252 0 165 130 119 267 80 169 2 3 0 88 2 0 2 0 2 2 0 2 0 3 4 0 3 0 0 0 0 3 0 3 3 0 0 2 0 2 5 1 2 1 6 1 3 0 3 0 0 0 0 2 10 3 0 4 2 0 45 0 0 0 5 1 0 0 0 0 2 38 12 4 8 26 12 95 10 0 51 0 23 20 1 28 14 39 7 0 0 0 0 0 0 0 13 0 0 0 2 0 0 0 0 2 0 0 18 1 0 0 0 0 1 0 0 0 0 0 0 0 0 0 0 0 2 0 2 0 4 0 4 0 0 0 2 0 0 0 0 0 0 0 5 0 0 0 0 6 7 15 25 0 0 0 20 20 9 13 45 1 0 10 28 40 0 0 10 0 0 0 0 0 0 0 2 0 0 0 1 0 0 0 0 0 0 0 12 0 0 0 0 0 0 0 14 0 0 0 0 0 0 2 0 0 0 0 0 0 0 0 0 0 0 0 8 0 0 0 0 2 0 0 0 0 0 0 0 0 0 10 0 0 0 0 88 1 1 0 1 2 29 0 0 2 2 0 0 0 0 0 0 0 0 0 2 0 0 0 0 0 0 0 0 0 0 0 0 0 19 0 0 0 0 2 0 0 0 0 
 292 206 221 159 92 347 151 424 250 231 334 36 343 165 0 181 122 122 337 206 0 0 0 5 5 3 1 0 1 1 3 3 0 2 0 0 3 4 0 5 0 3 0 0 7 0 3 0 0 8 3 1 0 72 12 0 9 2 0 0 0 0 0 2 0 7 0 3 2 0 0 2 6 0 0 12 0 0 39 0 11 24 1 31 18 40 14 0 45 26 13 0 21 10 14 0 0 1 0 11 0 0 2 0 0 0 19 0 0 0 0 1 29 1 0 0 0 0 23 0 0 1 0 0 0 0 0 0 1 0 0 0 0 0 0 0 0 0 0 0 0 0 0 0 0 0 0 0 0 13 1 0 0 0 0 3 0 0 0 0 0 36 0 12 36 0 17 31 12 0 11 0 1 0 0 0 40 0 21 16 0 29 0 0 0 0 22 0 0 0 0 0 0 1 1 0 0 2 5 0 0 0 0 0 0 0 0 0 0 1 0 0 0 0 0 0 0 0 0 0 0 0 0 2 0 0 0 0 0 1 0 0 2 1 0 0 0 0 0 0 0 0 0 0 0 0 88 0 4 0 2 2 0 0 0 0 0 0 0 0 0 0 0 0 0 0 0 0 0 0 0 0 0 0 0 16 23 0 0 0 0 0 0 0 0 0 0 0 0 0 
 172 239 36 216 181 74 281 146 147 92 218 33 40 130 181 0 181 158 131 60 0 0 0 3 2 0 74 0 2 4 0 0 0 0 1 0 0 3 0 2 0 3 0 0 3 0 0 0 0 2 62 0 0 3 4 2 3 0 0 0 0 0 0 2 0 3 0 6 2 0 0 41 8 0 0 3 0 0 6 41 8 29 35 10 21 29 0 16 27 19 11 0 23 0 21 19 0 1 0 0 0 0 0 0 0 0 20 12 0 0 0 2 22 2 0 0 0 0 10 0 0 0 0 0 0 0 0 12 0 0 0 0 0 0 0 33 0 0 0 0 0 0 0 0 0 2 0 0 0 0 2 1 0 0 0 6 0 0 0 0 4 21 0 11 3 0 0 2 26 18 26 0 0 0 0 13 22 1 0 0 0 0 14 0 7 0 24 0 0 0 0 0 1 0 7 0 0 1 22 0 0 0 0 0 0 0 0 0 0 2 0 0 0 0 0 0 0 0 0 0 0 0 0 0 1 11 0 0 0 0 0 0 0 0 0 0 0 1 1 0 0 11 0 0 0 0 87 0 0 1 0 9 0 0 0 0 0 2 0 0 2 0 0 0 0 0 0 0 0 0 0 5 0 0 0 0 0 9 0 0 0 0 0 0 0 0 0 0 0 0 
 92 36 127 108 135 250 105 139 155 171 253 190 217 119 122 181 0 166 48 45 0 0 0 2 2 0 77 0 0 1 24 0 75 2 2 0 0 0 34 86 0 3 0 0 3 0 0 0 0 2 3 0 0 0 3 0 3 0 0 0 0 0 0 2 0 3 0 3 2 0 0 0 8 0 0 11 0 0 0 0 30 0 47 9 3 3 9 7 9 47 64 10 7 0 60 27 25 0 0 32 8 0 0 0 0 0 0 0 0 0 0 0 0 0 0 19 0 25 17 0 0 0 0 0 0 0 0 0 0 1 0 0 0 0 0 0 0 0 0 0 0 0 0 0 0 0 7 0 0 0 0 0 0 0 0 2 0 0 0 0 0 0 20 41 0 14 14 11 23 19 7 0 1 6 0 0 16 14 0 14 0 9 1 0 0 0 31 0 0 0 0 0 0 0 0 0 0 0 26 21 0 0 0 0 0 0 0 0 0 0 0 0 0 0 0 0 0 0 0 0 0 0 0 0 0 0 0 0 0 0 0 0 19 0 0 0 0 0 0 0 0 0 0 0 0 1 3 0 2 0 13 2 0 0 0 0 0 0 0 0 0 0 0 0 0 0 0 0 0 0 0 0 0 0 0 13 0 0 0 0 0 0 0 0 0 0 0 0 0 0 
 122 41 62 260 59 82 395 160 161 279 108 76 199 267 122 158 166 0 110 43 0 0 0 2 6 0 0 0 0 3 0 0 6 4 75 0 1 0 0 3 0 3 0 0 40 0 0 0 0 6 3 0 0 4 9 0 7 0 0 0 0 0 0 2 3 6 0 3 2 16 0 0 7 0 0 15 0 53 0 3 10 42 37 11 39 13 0 26 20 0 36 16 10 14 19 23 6 57 0 11 0 0 0 0 0 0 0 14 11 0 13 0 0 0 0 0 0 0 0 0 0 0 0 0 0 0 0 0 0 0 0 0 0 0 0 1 0 0 0 0 5 0 0 0 0 0 0 0 0 0 29 0 0 0 0 0 2 0 0 4 14 7 0 7 25 0 24 0 25 17 12 24 13 11 0 0 0 0 12 16 0 7 0 0 0 0 0 13 0 0 0 0 10 0 9 0 0 0 0 0 0 2 0 0 0 0 0 0 0 0 0 0 0 0 0 0 0 0 1 0 1 0 0 0 0 0 0 0 0 0 0 0 0 0 7 0 0 0 0 0 0 9 0 0 0 5 2 0 90 0 3 3 0 0 0 0 0 0 0 0 0 0 0 0 0 0 0 0 0 0 0 0 0 0 0 0 0 0 0 0 0 0 0 0 0 0 0 0 0 0 
 178 65 129 108 59 52 61 278 270 59 140 251 149 80 337 131 48 110 0 158 0 0 0 2 2 0 3 0 0 1 0 74 0 0 5 0 0 0 0 0 0 3 0 0 3 0 0 0 0 2 4 0 0 0 3 0 3 0 0 0 0 0 0 2 0 3 0 3 2 0 0 0 4 0 0 4 0 0 0 0 47 0 20 24 0 0 22 0 9 2 0 0 0 7 27 9 12 0 0 30 0 0 0 0 0 0 0 0 0 0 0 0 0 0 0 0 0 0 1 0 0 0 0 0 0 0 0 0 0 0 0 0 0 0 0 0 0 0 0 0 0 1 0 0 0 0 0 0 0 0 0 0 0 0 0 0 0 0 0 0 34 0 12 2 0 1 26 7 0 10 0 0 19 8 2 12 3 0 14 37 0 0 1 0 1 0 0 0 0 0 0 0 0 0 0 0 0 0 0 0 0 0 0 2 0 0 0 0 0 0 0 0 0 0 2 0 0 0 0 0 0 0 0 21 0 0 0 0 0 10 0 0 0 0 0 0 0 0 0 0 0 0 0 0 0 0 0 0 1 2 15 6 0 0 0 0 0 0 0 0 0 0 0 0 0 0 2 0 0 0 0 0 0 0 0 0 9 0 0 0 0 0 0 0 0 0 0 0 0 0 
 121 115 322 102 271 259 57 217 105 293 55 60 252 169 206 60 45 43 158 0 0 0 0 2 2 0 1 63 0 1 2 2 0 0 1 0 1 0 76 1 0 3 0 0 13 0 0 60 0 2 3 64 0 0 3 0 3 0 0 0 0 0 0 2 2 2 0 3 2 0 0 0 1 0 0 0 0 0 0 0 29 0 8 34 0 20 15 20 34 18 0 0 1 5 13 3 15 0 9 16 0 0 0 0 0 18 0 0 0 0 0 0 0 0 0 0 0 0 0 0 0 0 0 0 0 0 0 1 0 0 2 0 0 0 0 0 0 0 0 0 0 0 0 0 0 0 0 0 0 0 0 0 0 0 2 0 1 0 0 0 19 47 23 0 14 0 58 46 0 2 0 15 17 1 19 22 3 0 16 19 0 1 0 0 0 0 0 0 0 0 0 0 13 0 2 0 0 0 0 0 0 0 0 0 0 0 0 0 0 0 0 0 0 0 0 0 0 0 0 0 0 0 2 0 0 0 0 0 0 0 0 0 0 0 0 0 1 0 0 0 0 0 0 0 0 1 2 0 3 0 17 3 15 0 0 0 0 0 2 0 0 0 0 0 0 0 0 0 0 0 1 0 0 0 0 14 35 0 0 0 0 0 0 0 0 0 0 0 0 0 
 0 2 0 0 70 17 3 0 2 0 2 63 0 2 0 0 0 0 0 0 0 478 288 92 65 62 214 145 115 30 49 101 122 157 299 122 249 27 111 349 0 2 3 1 3 1 0 0 0 0 3 0 1 4 0 61 0 2 12 0 0 0 0 0 0 0 7 1 0 2 0 0 0 0 0 0 5 0 6 0 0 0 0 0 0 0 0 0 0 0 0 0 0 0 0 0 0 0 0 0 39 76 29 12 34 68 9 22 12 9 14 7 0 43 13 42 45 0 0 11 0 0 0 0 0 0 0 0 0 0 0 0 21 0 0 0 0 0 0 0 0 0 0 0 0 0 0 0 0 0 0 0 0 24 0 0 0 0 0 0 0 0 0 0 0 0 0 0 0 0 0 0 0 0 0 0 12 0 13 0 23 14 14 26 29 1 0 25 25 15 81 0 3 0 10 46 31 0 21 19 12 0 0 0 0 0 5 0 0 0 0 0 46 0 0 0 0 0 18 0 0 0 0 0 0 0 0 0 0 0 0 0 2 0 0 0 1 0 0 0 0 0 0 0 0 0 0 0 0 78 0 0 0 0 15 0 0 76 0 0 2 0 58 0 0 0 0 0 0 0 0 0 0 0 0 0 0 0 0 0 0 1 0 0 0 0 0 0 0 0 
 0 0 3 0 75 74 3 0 1 0 0 105 0 3 0 0 0 0 0 0 478 0 204 133 109 34 143 134 152 270 38 95 171 408 154 40 109 37 184 573 0 4 3 2 3 1 0 0 0 0 5 0 0 3 0 0 0 5 2 0 0 0 0 3 0 0 6 0 30 3 1 3 0 0 0 2 5 0 12 0 0 0 0 2 0 0 0 0 0 0 0 0 0 0 0 0 0 0 0 0 2 58 20 1 26 10 36 16 1 29 31 15 0 56 33 23 8 30 13 13 0 0 0 0 0 0 0 0 0 0 0 1 23 0 0 0 0 0 29 0 2 0 0 0 0 0 0 0 0 0 0 0 0 0 0 0 0 0 0 0 0 0 0 0 0 10 0 0 0 0 1 0 0 0 0 5 0 2 0 0 30 11 13 0 14 0 0 31 12 53 25 0 17 9 2 17 41 8 2 20 12 0 0 0 2 0 0 0 0 0 0 0 0 0 0 0 0 0 0 0 0 0 0 0 1 0 0 0 0 0 0 0 1 0 0 0 0 0 0 2 0 0 0 0 0 0 0 0 0 22 0 0 0 0 15 0 2 80 0 0 2 0 0 0 0 1 0 0 0 0 10 0 0 0 0 0 0 0 0 13 0 13 0 0 0 43 0 0 0 0 
 0 0 0 0 0 0 0 0 0 0 0 0 0 0 0 0 0 0 0 0 288 204 0 136 53 39 75 77 249 146 44 213 49 250 211 190 129 242 28 52 0 2 3 1 3 0 61 0 0 0 3 0 63 2 0 0 1 66 127 0 1 0 0 0 0 0 2 0 0 2 0 0 0 0 0 0 3 0 8 0 0 0 0 0 0 0 0 0 0 0 0 0 0 0 0 0 0 0 0 0 0 18 22 0 34 41 0 14 13 46 71 27 15 12 19 33 26 38 0 14 2 0 0 0 0 0 0 0 0 0 0 0 19 0 0 0 0 0 0 0 0 0 0 0 9 0 0 0 0 3 0 0 0 3 0 0 0 0 0 0 0 0 5 0 0 0 0 11 0 0 0 0 0 0 0 0 0 2 0 0 49 29 45 16 18 13 0 10 33 45 36 27 0 14 11 2 25 27 0 7 5 0 0 0 0 0 26 11 0 0 0 0 1 0 0 0 0 0 0 0 0 0 0 0 0 0 0 0 0 0 0 0 3 0 0 0 0 0 0 0 0 0 0 0 0 0 0 0 0 0 0 0 0 0 5 0 0 3 0 0 2 13 0 0 0 0 0 0 0 0 0 0 0 0 0 0 0 0 0 0 0 2 0 0 0 0 20 0 0 0 
 2 2 5 2 2 2 2 3 2 4 2 2 2 88 5 3 2 2 2 2 92 133 136 0 283 54 231 144 395 289 302 194 252 60 330 57 131 50 140 76 0 4 3 2 6 0 0 0 0 253 3 0 0 65 2 0 1 2 140 0 0 2 0 0 0 0 4 1 0 2 0 0 0 0 2 2 3 0 2 2 0 0 0 0 0 0 0 0 0 0 0 0 0 0 0 0 0 0 0 0 0 31 0 17 12 15 0 9 0 7 9 0 0 0 9 7 5 8 0 0 0 0 12 0 0 0 55 0 0 0 0 0 0 43 16 16 0 0 26 12 0 0 0 0 0 0 0 0 2 0 0 0 0 5 0 0 0 0 0 0 0 0 0 0 0 0 0 0 0 0 0 0 0 53 0 1 0 0 0 0 12 19 24 35 24 43 0 0 0 0 26 25 0 0 8 8 6 0 0 0 21 0 0 0 0 0 0 0 0 0 0 0 81 0 0 11 0 0 0 21 0 2 0 0 0 0 2 0 0 0 0 0 3 0 0 0 0 0 0 0 0 0 19 0 0 0 0 0 0 0 0 0 0 0 27 2 2 39 78 0 3 0 0 0 0 0 1 0 0 4 0 0 0 0 0 0 0 0 0 0 1 0 0 0 0 0 8 0 0 0 
 2 2 2 2 2 2 4 2 2 2 2 5 2 2 5 2 2 6 2 2 65 109 53 283 0 161 51 50 214 77 155 110 339 146 146 57 75 113 293 302 1 18 3 0 3 0 0 63 0 0 3 0 67 67 0 1 1 3 65 64 0 0 2 0 0 0 1 0 37 2 0 0 0 0 0 0 3 2 2 0 0 12 0 0 0 0 0 16 0 0 0 0 0 0 14 0 0 0 0 0 0 1 12 0 10 28 0 9 0 0 8 33 0 14 0 28 0 0 0 0 2 18 18 11 0 0 33 0 0 2 62 0 26 49 21 11 12 0 14 30 0 0 3 0 0 0 0 0 2 3 0 0 0 0 0 0 7 0 0 0 0 0 0 0 0 0 0 1 0 0 0 0 0 0 0 0 0 0 0 0 29 14 20 10 8 37 0 9 14 0 26 1 0 0 0 19 0 0 0 0 1 12 2 0 0 0 23 1 1 0 0 0 9 23 0 52 2 12 13 51 0 0 0 0 0 0 0 1 0 0 0 0 9 0 0 0 0 0 0 0 0 0 1 0 0 0 2 0 0 0 0 0 0 0 6 2 0 157 76 2 5 0 0 0 0 0 2 0 0 0 0 0 0 0 0 0 0 0 0 0 0 0 0 0 0 0 0 0 0 0 
 0 0 0 0 0 0 0 0 0 0 0 0 0 0 3 0 0 0 0 0 62 34 39 54 161 0 44 50 272 143 63 55 52 53 78 136 67 270 38 53 81 118 37 63 3 1 72 81 0 0 3 2 0 1 1 4 152 2 16 70 0 0 0 0 0 0 1 0 0 2 0 0 0 0 0 3 3 0 0 0 0 0 0 0 0 0 0 0 0 0 0 0 0 0 0 0 0 0 0 0 0 0 0 0 0 9 0 0 0 0 0 0 0 0 10 0 0 0 0 0 28 22 8 36 11 0 19 9 0 19 54 0 27 24 0 58 14 12 17 51 0 0 0 0 0 0 0 0 0 3 0 0 0 0 0 0 6 0 0 0 0 0 0 0 1 0 0 0 0 2 0 0 0 0 0 2 0 0 0 0 0 0 0 0 0 18 0 0 0 0 0 13 0 0 0 0 0 0 0 0 0 17 0 24 11 0 17 0 13 49 1 0 9 26 0 19 20 3 18 24 0 0 0 0 0 0 0 0 0 0 0 12 0 0 0 0 0 0 0 0 0 0 0 0 0 0 0 0 0 0 0 0 0 0 8 4 5 75 9 0 0 1 0 0 64 12 0 0 0 0 0 0 0 0 0 0 0 0 0 0 0 0 10 0 1 0 0 0 0 0 
 1 1 5 2 76 74 2 2 3 41 33 76 2 2 1 74 77 0 3 1 214 143 75 231 51 44 0 81 48 30 257 24 155 258 110 40 337 44 227 93 0 2 3 2 3 0 0 0 0 0 3 0 0 0 0 0 0 65 2 0 0 0 0 0 0 0 7 0 0 2 0 0 0 0 2 0 9 13 2 1 0 0 0 0 2 0 0 0 0 31 2 0 0 0 0 0 0 0 0 0 12 16 2 0 1 0 14 0 9 1 14 11 30 12 0 27 17 0 12 21 0 0 1 0 0 10 0 0 0 1 0 0 20 0 0 0 0 0 14 0 0 0 0 0 0 0 0 0 0 0 0 0 0 0 0 0 0 0 0 0 0 0 0 3 0 6 0 0 0 0 0 16 0 1 0 0 0 0 0 0 8 0 16 1 27 1 24 28 0 25 17 11 14 1 8 9 40 0 9 58 0 0 0 0 0 0 0 0 0 0 0 0 1 0 0 0 0 0 0 0 1 0 0 0 0 0 0 0 0 0 0 0 0 0 0 0 0 0 0 0 0 0 0 0 0 0 0 0 0 0 0 0 0 0 8 0 2 9 0 2 5 2 0 0 0 0 0 0 0 0 0 0 0 0 0 0 0 0 0 0 0 9 0 4 0 0 0 0 0 0 
 0 1 0 0 0 0 0 76 0 0 0 74 0 0 0 0 0 0 0 63 145 134 77 144 50 50 81 0 186 113 35 107 248 250 124 125 32 241 370 139 0 2 8 0 5 0 0 66 0 63 3 0 70 1 1 0 0 2 67 39 0 1 0 0 2 0 3 0 0 2 0 0 2 47 7 1 5 0 0 0 0 0 0 0 9 3 0 0 0 0 0 0 0 0 0 0 0 0 0 0 8 36 9 9 6 6 0 11 1 0 43 0 0 1 0 33 0 12 0 12 0 0 0 0 0 0 0 0 0 0 0 0 0 27 0 1 0 15 16 14 0 0 0 0 0 0 0 0 0 0 0 0 0 0 0 0 0 0 0 0 0 5 0 0 2 1 0 0 0 0 0 0 0 10 0 0 16 0 0 0 21 0 16 64 39 3 0 26 39 1 0 24 18 1 28 34 9 32 17 0 14 0 0 13 0 0 15 0 0 0 0 1 6 0 0 0 0 20 6 0 0 0 0 2 0 0 0 0 0 0 0 0 0 0 0 0 0 0 0 8 0 0 0 0 0 0 0 0 0 0 0 0 0 2 36 4 0 0 0 0 14 0 0 0 0 0 0 0 0 0 0 0 0 0 0 0 0 2 0 0 0 11 0 0 0 0 0 0 0 0 
 0 2 0 86 0 0 2 2 0 0 0 0 0 2 1 2 0 0 0 0 115 152 249 395 214 272 48 186 0 291 180 216 184 99 189 179 346 293 62 78 62 4 3 1 3 0 67 0 0 0 3 0 84 17 0 0 1 3 82 0 0 0 0 0 0 0 2 4 0 2 0 0 0 0 0 0 3 0 0 0 0 0 0 0 0 2 0 0 0 0 0 0 0 0 0 0 0 0 0 0 0 0 24 34 17 58 0 30 10 3 12 35 0 11 0 24 0 29 0 0 31 0 1 0 0 0 14 5 43 10 0 0 0 0 0 0 0 1 0 6 0 0 0 0 0 0 1 0 0 0 0 0 0 5 0 0 0 0 1 0 0 5 0 2 0 0 0 0 0 0 1 0 0 0 0 0 0 0 0 0 24 15 23 36 0 15 2 0 13 0 37 41 0 0 0 0 52 10 0 0 18 2 0 0 0 0 0 0 54 0 0 0 38 1 0 1 10 0 0 10 0 0 0 0 0 0 0 0 0 0 0 0 7 0 0 0 0 0 0 0 0 0 24 0 0 0 0 0 0 0 0 0 0 0 7 0 0 1 1 1 11 10 0 0 0 0 11 0 0 0 0 0 0 0 0 0 0 0 0 0 0 0 0 0 0 0 0 0 0 0 
 2 1 0 1 2 4 1 1 3 2 3 3 1 2 1 4 1 3 1 1 30 270 146 289 77 143 30 113 291 0 86 336 182 83 147 474 214 130 72 315 29 3 3 1 3 0 120 0 0 0 3 1 55 1 0 0 0 63 2 0 2 0 2 62 2 0 3 7 0 4 0 2 0 0 2 0 5 1 0 0 0 0 0 0 0 0 0 0 0 0 0 0 0 0 0 0 0 0 0 0 0 13 0 0 0 22 18 0 0 27 42 24 25 2 0 18 0 26 1 1 13 12 0 0 0 0 0 12 0 15 0 0 0 0 0 1 0 0 39 2 0 0 0 0 0 0 0 0 0 0 0 0 0 0 0 0 0 0 0 0 0 0 5 0 0 5 0 11 0 0 0 0 0 0 0 0 0 3 0 0 19 9 14 0 0 19 14 0 58 26 32 9 0 0 14 22 1 17 0 17 1 0 0 0 0 0 11 0 12 0 0 0 0 15 0 0 0 0 9 0 0 0 11 0 0 0 0 0 0 0 0 0 0 0 0 0 0 0 0 0 0 0 0 0 0 0 1 0 0 0 0 0 0 0 10 0 0 1 2 3 2 0 0 0 0 18 12 0 0 0 0 0 0 0 0 0 0 0 0 0 0 8 0 0 0 0 0 0 0 0 
 0 1 0 0 0 0 0 0 0 0 0 0 0 0 3 0 24 0 0 2 49 38 44 302 155 63 257 35 180 86 0 135 30 66 150 145 279 120 43 72 1 17 3 1 3 0 63 2 0 0 3 0 0 65 0 63 8 5 190 0 0 0 4 0 0 0 2 0 0 2 0 0 0 0 0 3 49 0 63 0 0 0 0 0 0 0 1 0 0 0 0 0 0 0 0 0 0 0 0 0 0 68 0 40 1 0 0 2 0 18 14 10 0 0 0 8 1 29 0 12 25 2 26 0 0 0 25 9 0 1 0 0 0 52 10 5 0 0 3 14 0 0 0 0 0 1 0 0 0 0 0 0 0 0 0 0 8 0 0 19 0 3 0 0 0 0 1 0 0 0 0 0 0 4 0 0 0 0 0 0 0 0 18 45 27 53 0 0 0 0 39 34 0 0 20 19 9 10 0 0 5 0 0 0 0 1 22 0 0 0 0 1 19 0 20 2 0 0 0 10 0 0 0 0 0 0 0 0 0 0 0 0 1 0 0 0 0 0 0 0 0 0 0 0 0 0 0 0 0 0 0 0 0 0 10 0 0 74 76 0 1 0 0 0 0 0 15 0 0 0 0 0 0 0 0 0 0 0 0 0 0 0 0 0 0 0 19 0 0 0 
 0 0 0 0 0 0 1 0 0 0 0 0 0 2 3 0 0 0 74 2 101 95 213 194 110 55 24 107 216 336 135 0 225 45 46 364 595 82 42 37 90 4 3 1 3 0 141 62 0 0 3 0 128 5 17 0 63 2 3 22 0 0 0 0 0 0 1 0 0 2 0 0 0 0 1 42 3 0 0 0 0 0 0 0 0 0 0 0 0 0 0 0 0 0 0 0 0 0 0 0 0 13 13 22 15 22 0 19 0 0 35 31 0 9 0 22 0 6 0 0 24 4 0 0 0 0 37 33 0 10 0 0 12 10 0 11 0 0 8 4 0 5 25 0 0 0 0 11 0 10 7 0 0 0 0 0 0 0 0 0 0 0 0 0 0 0 0 0 0 0 0 0 10 0 0 5 0 0 0 0 5 27 34 14 2 64 0 0 34 0 43 12 0 0 0 14 0 0 0 0 1 0 0 1 0 0 0 44 12 13 0 0 0 36 0 0 0 0 16 21 0 0 0 0 0 0 0 0 0 0 0 0 6 0 0 0 0 0 0 0 0 0 13 0 0 0 1 0 0 0 0 0 0 0 158 0 0 88 73 1 0 0 1 0 0 0 8 0 0 0 0 0 0 0 0 0 0 0 7 0 0 0 0 0 0 0 1 0 0 0 
 1 92 0 0 139 104 0 0 139 1 89 213 0 0 0 0 75 6 0 0 122 171 49 252 339 52 155 248 184 182 30 225 0 165 251 33 46 264 292 91 0 2 3 0 3 0 0 0 0 0 3 2 0 0 0 0 0 2 2 0 0 0 0 0 0 0 0 0 0 2 0 0 0 0 0 0 3 0 0 0 0 15 0 0 0 9 0 1 0 9 20 14 0 0 0 1 1 9 0 0 37 26 0 0 0 0 15 0 8 0 15 0 22 10 19 1 8 21 32 19 0 0 0 0 0 0 0 2 0 0 0 1 0 0 0 0 0 0 18 0 1 0 0 0 0 0 0 0 0 0 0 0 0 0 0 0 0 0 0 0 0 12 22 0 10 28 0 0 0 0 1 8 0 0 0 0 27 10 0 0 21 10 0 0 1 0 12 10 0 40 15 15 17 9 15 13 0 20 21 11 0 0 0 0 0 0 0 0 0 0 0 0 0 0 0 0 0 0 0 0 0 0 0 0 0 12 0 0 0 0 0 0 0 0 0 0 0 0 0 0 0 0 0 0 0 0 0 0 79 33 0 0 0 0 33 1 2 0 0 0 0 0 18 0 0 0 0 0 0 0 0 0 0 0 0 0 0 0 0 0 0 5 0 0 0 0 0 0 0 0 
 0 0 0 75 23 82 0 0 0 0 74 24 0 3 2 0 2 4 0 0 157 408 250 60 146 53 258 250 99 83 66 45 165 0 161 45 41 117 355 185 0 2 6 1 3 0 0 0 0 0 3 0 0 0 0 0 0 2 2 0 0 0 0 0 0 0 3 0 0 2 0 0 0 0 8 0 8 0 0 0 0 0 0 2 2 11 0 0 0 0 0 0 0 0 0 0 0 0 0 0 14 22 20 10 15 1 32 14 18 39 24 19 33 23 10 26 42 0 10 22 0 0 0 0 0 0 0 0 0 0 0 0 0 0 0 0 0 0 0 0 0 0 0 0 0 0 0 0 0 0 0 0 0 0 0 0 0 0 14 0 0 0 0 0 0 19 0 0 0 0 9 0 0 0 0 0 0 2 0 0 11 8 1 0 0 0 0 40 17 20 8 3 15 18 16 2 9 23 33 10 0 3 0 0 2 0 0 0 0 0 0 0 0 0 0 1 0 0 1 23 0 0 1 0 1 0 0 0 0 0 0 0 0 0 0 0 0 0 0 2 0 0 0 0 0 0 0 0 0 76 0 0 0 0 4 0 0 1 0 1 0 2 0 0 0 0 0 0 0 0 0 0 0 0 0 0 0 0 0 0 0 10 0 0 0 0 0 0 0 0 
 0 6 0 37 4 0 1 2 6 75 0 2 1 4 0 1 2 75 5 1 299 154 211 330 146 78 110 124 189 147 150 46 251 161 0 160 135 113 276 180 0 9 5 1 5 0 0 0 0 0 3 0 73 0 0 0 0 2 67 0 0 1 0 0 2 3 10 32 0 2 0 0 0 0 0 0 7 0 12 0 0 0 34 0 21 0 0 0 0 0 0 0 0 0 0 0 0 0 0 0 0 23 24 6 31 21 0 32 23 11 31 8 0 35 13 31 8 0 9 1 0 0 0 0 0 0 0 0 0 0 0 0 22 0 0 0 0 0 0 0 0 0 0 0 0 0 0 0 0 0 0 1 0 8 0 0 0 0 0 0 0 0 0 28 0 5 0 0 0 0 0 1 0 0 0 0 0 0 5 0 33 13 22 17 13 0 0 12 8 18 38 0 8 0 19 0 37 17 0 38 12 0 0 0 0 0 0 0 0 0 0 0 18 0 0 0 0 0 0 0 0 0 0 0 1 0 0 0 0 0 0 0 0 0 0 0 0 0 0 0 0 0 0 0 0 0 0 0 0 0 0 0 0 0 16 0 0 76 0 21 1 17 0 0 0 0 0 0 0 0 0 0 0 1 0 0 0 0 0 0 0 10 0 0 0 0 0 0 0 1 
 1 74 0 0 73 0 0 0 2 0 0 0 0 0 0 0 0 0 0 0 122 40 190 57 57 136 40 125 179 474 145 364 33 45 160 0 245 377 42 97 86 2 7 2 3 0 90 0 0 0 3 1 89 0 0 0 0 3 90 0 0 0 0 51 33 0 3 0 0 2 0 0 0 0 0 0 3 0 0 1 0 0 1 0 32 0 0 0 0 0 0 0 0 0 0 0 0 0 0 0 0 24 0 18 8 36 23 10 19 25 30 30 12 0 23 33 10 23 0 10 19 0 0 0 0 0 0 2 0 24 0 0 0 0 0 1 0 6 2 0 0 0 0 0 0 1 0 0 0 0 0 0 0 5 0 0 0 0 0 0 0 0 17 0 2 14 0 0 0 0 0 0 0 0 0 0 0 3 0 0 35 12 18 52 34 2 0 0 37 0 0 21 8 0 84 25 15 10 23 0 12 0 0 47 0 0 24 0 10 0 0 0 18 0 0 0 0 0 2 0 0 0 0 0 38 0 0 0 0 0 0 0 0 0 0 0 0 0 0 0 0 0 0 0 0 0 0 0 0 0 0 0 0 1 7 3 2 3 0 2 15 11 0 0 0 0 11 0 0 0 0 0 0 0 0 0 0 0 0 0 0 12 0 0 0 0 0 0 0 0 
 0 0 0 0 0 0 0 5 0 5 0 0 0 3 3 0 0 1 0 1 249 109 129 131 75 67 337 32 346 214 279 595 46 41 135 245 0 180 75 72 0 6 3 3 3 0 0 0 0 0 3 0 130 0 0 0 6 8 70 0 0 0 0 0 0 0 5 0 0 2 0 0 0 0 1 0 3 0 9 1 0 0 0 3 0 0 0 0 0 0 0 0 0 0 0 10 1 0 0 0 0 41 11 30 21 35 0 10 12 46 29 13 12 7 16 54 10 32 0 1 0 0 0 0 0 0 0 5 0 0 0 8 9 7 0 0 0 0 10 0 0 0 0 0 0 0 0 0 0 0 0 0 0 3 0 0 0 0 0 0 0 0 7 0 0 0 0 3 0 0 0 0 0 0 0 0 0 6 0 1 47 14 52 16 28 13 1 0 30 19 38 10 0 0 12 14 26 41 0 14 8 0 0 0 0 11 21 0 0 0 0 0 6 0 33 0 0 0 10 8 0 0 0 0 0 0 0 0 0 0 0 0 0 0 0 0 0 0 0 0 0 0 0 0 0 0 0 0 0 0 0 0 0 0 8 0 3 90 79 1 4 12 0 0 0 0 0 0 0 0 0 0 0 0 0 0 0 0 0 0 0 0 0 0 0 0 0 0 0 0 
 0 0 0 0 0 0 3 0 0 0 0 2 0 0 4 3 0 0 0 0 27 37 242 50 113 270 44 241 293 130 120 82 264 117 113 377 180 0 52 34 0 9 4 62 3 0 0 0 0 0 3 0 30 0 0 0 8 2 61 0 0 0 0 5 0 0 2 0 0 2 0 0 0 0 0 0 3 0 4 0 0 0 0 0 0 0 0 0 0 0 0 0 0 0 0 10 0 0 0 0 0 15 10 51 13 26 0 9 8 62 24 47 8 0 24 9 1 32 0 17 10 2 0 0 0 0 0 0 4 0 0 0 0 10 0 0 0 0 5 0 0 0 0 13 0 0 0 0 0 0 0 0 0 3 0 0 0 0 0 0 0 0 5 0 0 0 0 8 0 0 0 0 0 0 0 0 0 3 1 0 22 16 9 25 0 30 0 1 6 20 7 25 0 17 15 0 12 40 0 0 10 0 0 0 1 0 22 0 0 0 0 0 13 0 25 0 0 0 0 6 0 0 0 0 0 0 0 0 0 0 0 0 0 0 0 0 0 0 1 0 0 0 0 0 0 0 0 0 0 0 0 0 0 0 14 3 3 3 105 3 4 11 0 0 0 0 0 0 0 0 0 0 0 0 0 0 0 0 0 0 0 0 0 0 0 19 6 0 0 0 
 0 0 74 16 73 150 0 2 0 74 132 153 0 0 0 0 34 0 0 76 111 184 28 140 293 38 227 370 62 72 43 42 292 355 276 42 75 52 0 238 0 3 4 0 3 0 0 2 0 0 3 1 0 0 0 0 0 3 2 0 0 0 0 0 0 0 10 0 0 2 0 0 0 0 6 1 8 0 0 0 0 1 0 0 12 9 0 0 0 1 0 23 0 0 0 0 1 0 0 0 47 7 17 0 0 0 11 1 0 0 0 6 57 72 30 1 13 0 37 24 0 0 0 0 0 0 0 0 0 0 0 0 0 0 0 0 0 0 1 0 0 0 0 0 0 0 0 0 0 0 0 0 0 0 0 0 0 0 0 0 0 0 19 0 0 55 0 0 0 0 0 0 0 0 0 0 0 13 0 0 4 0 1 0 17 0 14 26 0 5 19 0 38 16 0 12 12 18 0 47 0 0 0 0 0 0 0 0 0 0 0 0 0 0 0 0 0 0 0 0 19 0 0 0 0 0 0 0 0 0 0 0 0 0 0 0 0 0 0 0 0 0 0 0 0 0 0 0 0 86 0 0 0 1 14 2 0 86 0 2 0 2 0 0 0 0 0 0 0 0 0 0 0 0 0 0 0 0 0 3 0 0 0 0 0 27 0 0 0 0 
 0 0 28 163 152 76 1 1 2 0 91 156 0 0 5 2 86 3 0 1 349 573 52 76 302 53 93 139 78 315 72 37 91 185 180 97 72 34 238 0 3 7 7 3 6 2 0 0 3 2 3 0 0 2 3 0 2 74 24 2 0 0 0 0 3 4 1 6 0 2 2 0 0 0 1 0 3 0 0 30 0 0 2 0 25 10 0 0 0 0 0 23 1 0 0 0 0 11 0 0 0 0 8 0 0 0 27 41 23 0 0 0 10 35 28 19 14 30 10 0 0 0 0 0 0 0 1 11 0 0 2 0 0 0 0 19 0 0 0 0 0 0 0 0 0 0 0 0 0 0 0 0 0 0 0 0 0 0 0 0 0 0 0 7 0 44 0 0 0 0 5 13 0 0 0 0 0 0 0 0 0 44 0 12 0 0 48 20 0 12 0 0 21 20 18 17 11 26 49 23 0 0 0 0 0 0 0 0 0 0 0 0 0 0 0 0 0 0 0 0 0 0 2 0 0 0 0 0 0 0 6 0 23 0 0 0 0 0 0 22 0 0 0 0 0 2 0 0 2 0 0 0 0 0 15 0 3 0 0 0 3 0 0 0 0 2 0 0 0 0 2 0 0 1 0 0 0 9 0 10 0 0 0 0 0 0 0 0 0 0 
 0 0 0 0 0 0 0 0 0 0 0 0 0 0 0 0 0 0 0 0 0 0 0 0 1 81 0 0 62 29 1 90 0 0 0 86 0 0 0 3 0 145 282 308 206 106 250 219 64 63 162 52 118 46 165 28 90 28 259 415 0 0 0 0 0 0 53 0 0 0 0 0 0 1 0 0 0 0 13 0 0 0 0 0 0 0 0 0 0 0 0 0 0 0 0 0 0 0 0 0 0 0 0 0 0 9 0 0 0 0 0 0 0 0 0 0 0 0 0 0 32 11 0 10 0 13 12 17 16 29 11 0 3 0 6 13 12 0 20 0 0 0 5 0 0 0 1 4 2 0 0 2 0 0 0 1 0 0 2 0 0 0 0 0 0 0 0 0 0 1 0 0 0 0 0 4 0 0 0 0 0 0 0 1 0 11 0 0 0 0 0 5 0 0 0 0 0 0 0 0 10 0 0 10 0 0 9 3 23 7 10 0 2 28 24 9 14 15 9 0 0 0 9 0 0 0 0 0 18 7 0 2 0 0 1 0 0 2 0 11 0 0 0 0 0 0 0 0 0 0 0 10 0 0 0 0 0 0 62 0 0 0 66 0 0 0 15 0 0 0 6 0 0 0 0 0 0 0 0 0 0 0 0 0 0 0 0 9 0 0 
 3 3 3 3 3 3 3 3 3 5 3 3 3 3 3 3 3 3 3 3 2 4 2 4 18 118 2 2 4 3 17 4 2 2 9 2 6 9 3 7 145 0 389 199 127 29 134 153 77 64 466 102 36 181 68 103 221 48 54 52 0 0 2 0 0 0 0 0 0 0 0 0 0 0 0 0 0 0 0 0 0 0 0 0 0 0 0 0 0 0 0 0 0 0 0 0 0 0 0 0 0 0 0 3 0 17 0 0 0 5 0 0 0 0 0 0 0 7 0 0 41 2 33 9 19 9 1 7 2 8 37 0 1 10 18 29 29 19 27 22 0 0 1 0 0 0 0 0 0 15 0 0 4 0 0 0 0 0 3 0 0 0 0 21 0 0 18 0 0 2 0 0 0 0 0 2 0 0 0 0 0 0 1 0 3 12 0 0 0 0 1 3 0 0 0 0 0 6 0 0 21 13 5 4 12 19 17 1 53 23 17 0 14 10 12 12 1 9 20 24 0 0 0 0 0 0 0 0 0 0 0 14 1 0 0 0 0 0 0 10 0 0 0 0 0 0 0 0 0 0 0 10 0 3 0 1 0 0 1 0 0 0 1 0 80 11 0 0 2 0 8 0 0 0 0 0 0 0 0 0 0 0 0 0 11 0 0 0 1 0 
 0 0 0 0 3 52 0 0 0 0 0 0 0 0 0 0 0 0 0 0 3 3 3 3 3 37 3 8 3 3 3 3 3 6 5 7 3 4 4 7 282 389 0 211 200 61 59 170 135 107 70 40 46 214 140 70 123 423 254 245 0 0 0 0 0 0 0 0 0 0 6 53 0 4 2 0 0 0 1 0 0 0 0 0 7 0 0 0 0 0 0 0 0 0 0 9 0 0 0 0 0 7 0 0 0 0 4 0 24 0 4 0 0 0 6 3 10 0 0 10 14 12 24 1 19 49 0 0 14 8 14 21 0 0 16 4 14 44 0 18 50 0 0 0 0 0 0 0 0 0 3 0 5 0 0 0 0 0 0 0 0 0 0 0 11 0 0 0 0 1 0 0 0 0 0 0 0 0 17 0 3 0 0 0 0 1 0 3 1 6 0 0 4 16 8 5 0 0 3 0 21 34 13 18 40 13 8 5 12 31 18 20 0 0 15 0 11 0 0 1 0 0 0 0 0 0 0 0 0 0 0 30 3 1 1 0 0 0 28 44 0 0 0 0 0 0 0 0 0 0 0 3 0 0 0 0 0 0 1 1 0 0 1 0 66 12 0 0 2 0 6 0 0 0 0 0 0 0 0 0 0 6 0 0 24 22 0 0 0 0 
 0 0 0 0 0 0 0 0 62 0 0 0 0 3 0 0 0 0 0 0 1 2 1 2 0 63 2 0 1 1 1 1 0 1 1 2 3 62 0 3 308 199 211 0 128 94 53 292 105 281 57 112 278 73 399 49 88 159 86 282 24 0 4 1 1 1 0 0 6 3 0 1 17 23 1 0 1 6 0 51 0 0 0 0 0 0 0 0 0 0 0 0 0 0 0 0 0 0 0 0 0 0 0 0 0 0 0 0 0 0 0 0 0 0 0 0 0 0 0 0 15 0 10 0 30 12 0 9 12 8 11 1 14 0 10 15 10 28 0 14 0 0 0 6 0 7 11 5 20 0 1 0 6 0 0 8 10 0 5 0 0 0 0 0 0 0 0 0 5 0 0 0 0 0 0 0 0 0 0 0 0 0 0 0 0 0 0 0 0 0 0 0 0 0 0 0 0 0 0 0 6 0 20 0 0 0 0 9 6 11 14 9 0 9 7 0 0 0 0 0 16 0 0 0 0 0 16 23 2 0 0 14 12 0 8 13 0 0 0 5 4 0 0 0 0 0 0 0 0 0 0 2 0 0 0 0 0 1 0 10 0 0 3 3 2 2 2 68 0 0 9 0 0 0 0 0 0 0 0 0 0 0 0 0 25 13 0 6 0 0 
 9 4 5 3 3 3 7 59 74 6 3 5 3 3 7 3 3 40 3 13 3 3 3 6 3 3 3 5 3 3 3 3 3 3 5 3 3 3 3 6 206 127 200 128 0 227 63 135 343 135 97 63 48 320 227 229 216 285 266 74 12 0 0 0 0 0 0 21 0 0 6 0 0 2 0 0 0 0 0 59 0 0 0 10 0 39 0 0 0 0 0 0 1 4 11 0 0 0 0 11 0 0 0 0 0 0 0 0 0 0 30 0 0 12 0 0 0 0 0 0 0 0 38 1 34 13 0 0 40 9 21 20 0 0 3 8 16 2 0 0 1 0 0 0 0 0 0 31 10 14 0 1 5 0 18 12 14 13 27 1 4 0 0 0 2 0 0 25 13 6 2 0 6 7 0 0 0 0 6 14 0 0 0 0 0 0 0 0 0 0 0 0 0 0 0 0 3 0 0 0 46 13 8 0 34 10 0 0 15 23 37 18 0 0 13 0 0 3 0 0 1 34 0 0 0 0 7 0 6 0 2 11 16 20 0 0 0 14 28 68 0 0 0 0 0 0 0 0 0 0 0 6 0 0 0 0 0 0 0 0 0 0 4 2 3 1 0 10 1 0 5 0 0 0 0 0 0 0 0 0 0 0 0 0 14 0 0 0 0 0 
 0 0 0 0 0 0 7 0 0 0 0 2 0 0 0 0 0 0 0 0 1 1 0 0 0 1 0 0 0 0 0 0 0 0 0 0 0 0 0 2 106 29 61 94 227 0 54 25 334 65 82 158 43 92 96 66 44 62 44 237 109 53 3 0 8 0 52 50 2 0 0 3 0 54 50 0 0 2 1 27 0 0 0 0 0 0 0 0 0 0 0 0 0 0 0 0 0 0 0 0 0 0 0 0 0 0 0 0 0 0 0 0 0 0 0 0 0 0 0 0 0 0 0 20 9 0 0 1 14 8 6 1 15 0 0 0 0 1 0 0 0 0 21 0 0 0 0 12 13 0 20 0 13 21 9 10 0 1 19 9 0 0 10 0 0 0 0 0 2 0 0 0 0 0 0 0 0 0 0 0 0 0 0 0 0 0 0 0 0 10 0 0 0 0 0 0 0 13 0 0 0 0 0 0 14 19 0 1 8 0 7 1 0 1 0 18 0 15 0 0 14 0 18 9 0 0 29 0 27 0 14 1 12 13 11 0 33 4 1 0 0 0 0 0 0 0 0 0 0 0 0 10 0 0 0 0 0 0 0 0 0 0 0 0 0 8 0 0 0 0 0 0 0 0 0 0 0 0 0 0 0 0 0 0 0 0 0 1 0 0 
 0 0 0 0 0 0 0 0 62 0 0 0 0 0 3 0 0 0 0 0 0 0 61 0 0 72 0 0 67 120 63 141 0 0 0 90 0 0 0 0 250 134 59 53 63 54 0 72 128 316 334 104 70 281 99 35 55 41 37 178 0 0 0 0 6 0 0 0 0 0 0 0 0 0 0 0 0 0 0 0 0 0 0 0 0 0 0 0 0 0 0 0 0 0 0 0 0 0 0 19 0 0 0 6 13 1 0 0 0 0 0 11 13 0 0 0 0 0 0 0 13 7 7 17 1 0 29 33 1 26 32 0 17 12 0 11 9 0 12 1 0 0 9 0 0 0 0 0 0 12 0 0 0 0 0 0 0 0 0 0 0 0 0 0 0 0 0 0 0 0 0 0 0 0 0 4 0 0 0 0 0 0 0 10 0 11 0 0 8 0 0 11 0 0 0 0 0 0 0 0 0 0 11 10 0 0 0 30 17 0 0 14 0 27 6 17 8 10 8 20 0 0 0 0 0 0 0 0 9 0 0 0 0 0 0 0 0 0 0 0 0 0 0 0 0 0 0 0 0 0 0 7 0 2 0 0 0 62 0 0 0 0 0 0 19 0 9 0 0 0 0 0 0 0 0 0 0 0 0 0 0 0 0 0 13 0 0 9 1 3 
 0 1 25 0 0 0 0 0 2 0 0 0 0 2 0 0 0 0 0 60 0 0 0 0 63 81 0 66 0 0 2 62 0 0 0 0 0 0 2 0 219 153 170 292 135 25 72 0 120 108 57 249 93 121 256 62 39 88 90 116 0 0 0 0 0 0 0 0 0 50 2 1 0 1 0 0 0 0 0 0 0 0 0 0 0 0 0 0 0 0 0 0 0 0 0 0 0 0 0 0 0 11 0 0 0 0 0 0 0 0 0 0 0 0 0 0 0 0 0 0 18 0 9 1 1 10 17 0 29 0 1 10 8 42 0 15 0 29 13 19 11 0 10 0 0 0 0 9 0 0 0 5 0 0 0 0 0 0 8 0 0 1 0 0 0 0 0 0 0 0 0 0 0 1 0 0 0 0 0 0 0 0 0 0 19 2 0 0 0 0 0 0 0 0 0 0 0 0 0 0 14 19 25 37 9 8 0 11 0 29 0 20 14 9 0 0 0 0 0 1 3 0 0 0 0 0 0 0 0 0 0 18 0 1 16 0 0 0 10 9 0 0 0 0 0 0 0 0 0 0 0 12 0 0 0 0 0 0 29 0 0 0 30 0 6 0 0 0 0 0 0 0 0 0 0 0 0 0 0 0 0 0 0 0 0 10 0 0 0 1 
 0 0 0 97 0 0 1 0 0 0 0 0 1 0 0 0 0 0 0 0 0 0 0 0 0 0 0 0 0 0 0 0 0 0 0 0 0 0 0 3 64 77 135 105 343 334 128 120 0 390 199 141 76 125 159 187 98 26 84 141 0 0 0 0 0 0 0 2 0 51 2 0 52 50 0 0 0 0 23 5 0 0 0 0 0 0 0 0 0 0 0 0 0 0 0 0 0 0 0 0 0 0 0 0 0 0 0 0 0 0 0 25 0 17 0 0 0 0 0 0 0 16 10 19 32 2 0 1 48 15 0 28 0 0 1 0 10 29 0 0 8 2 0 0 0 0 16 16 0 0 0 8 11 12 0 0 0 0 14 1 0 0 0 0 0 0 0 0 0 0 0 0 0 0 0 0 0 0 0 0 22 0 0 0 6 0 0 0 0 0 0 0 0 0 0 0 0 0 0 0 0 20 21 0 20 6 0 1 13 10 3 40 0 1 18 14 18 16 0 0 2 32 0 0 0 0 7 36 8 0 0 0 0 21 18 0 0 0 15 9 0 0 0 0 0 0 0 0 0 0 0 12 1 2 0 2 0 0 0 18 0 0 1 66 0 2 1 1 0 0 0 0 0 0 0 0 0 0 0 0 0 0 0 0 0 0 0 1 1 0 
 2 2 2 2 2 2 4 2 2 2 2 2 2 2 8 2 2 6 2 2 0 0 0 253 0 0 0 63 0 0 0 0 0 0 0 0 0 0 0 2 63 64 107 281 135 65 316 108 390 0 332 110 117 176 171 303 55 29 99 172 0 0 0 0 0 0 0 0 1 0 0 0 0 7 0 0 0 0 0 0 0 0 0 0 0 0 0 0 0 0 0 0 0 0 0 0 0 0 0 0 0 0 0 0 0 0 0 0 0 0 0 0 0 0 0 0 0 0 0 0 0 14 1 16 28 13 12 3 13 6 18 7 12 0 19 0 12 0 0 0 1 0 0 1 13 0 11 31 0 16 0 2 11 9 0 0 0 0 5 12 0 0 0 21 0 0 0 0 0 0 0 14 0 0 0 0 0 0 0 0 0 0 0 0 0 0 0 0 0 0 0 0 0 0 0 0 0 0 0 0 10 0 20 21 9 0 0 11 11 10 16 12 0 3 45 0 56 12 0 0 0 0 0 0 0 0 0 1 6 0 0 0 11 8 1 0 0 0 11 35 0 0 24 0 0 0 0 0 0 0 0 16 0 0 0 0 0 0 0 23 0 0 64 2 65 0 2 0 1 6 9 0 0 0 0 0 0 0 0 0 0 0 0 0 14 16 0 2 0 0 
 3 3 3 3 6 3 3 3 3 3 5 3 5 5 3 62 3 3 4 3 3 5 3 3 3 3 3 3 3 3 3 3 3 3 3 3 3 3 3 3 162 466 70 57 97 82 334 57 199 332 0 233 48 175 226 87 93 56 461 145 0 0 5 7 0 6 0 0 1 4 6 25 0 4 0 5 0 4 0 0 0 0 0 0 0 0 0 0 0 0 0 0 0 0 0 0 0 0 0 0 0 0 0 0 0 0 0 0 12 0 0 0 0 0 0 0 0 0 0 0 0 6 0 26 20 14 11 13 43 10 0 11 12 1 5 0 21 0 0 0 0 0 0 11 6 0 61 36 0 3 4 3 12 13 0 0 7 0 5 31 0 0 0 0 0 0 0 0 0 0 0 0 0 0 0 0 0 0 0 0 0 0 0 0 0 0 0 0 0 0 0 0 0 0 0 0 0 0 0 0 0 1 76 14 6 0 2 35 23 14 14 39 0 11 44 12 19 21 0 1 0 0 0 0 0 3 0 1 16 0 2 0 1 8 10 2 0 0 11 0 0 0 0 0 0 65 0 0 0 0 0 5 0 2 0 0 0 0 0 17 0 1 2 1 1 7 0 0 1 0 0 0 0 0 0 0 0 0 0 0 0 2 0 0 17 9 0 17 1 0 
 0 0 0 0 0 0 3 0 0 0 0 0 0 1 1 0 0 0 0 64 0 0 0 0 0 2 0 0 0 1 0 0 2 0 0 1 0 0 1 0 52 102 40 112 63 158 104 249 141 110 233 0 125 99 105 25 97 286 33 162 58 51 0 0 0 0 51 0 0 0 0 0 0 15 59 0 0 0 0 2 0 0 0 0 0 0 1 0 0 0 0 0 0 0 0 0 0 0 0 0 0 0 0 0 18 16 0 0 0 0 0 0 0 0 0 0 0 0 0 0 0 24 0 21 10 2 10 0 10 8 0 28 0 0 1 0 47 20 0 0 0 0 0 0 0 0 7 0 0 0 0 0 3 26 0 0 0 0 0 19 0 0 0 0 0 0 0 0 0 0 0 0 0 0 0 0 0 0 2 0 0 0 0 0 0 1 0 0 0 0 0 0 0 0 0 0 0 0 0 0 0 0 0 0 12 21 0 12 13 0 13 7 0 0 29 6 24 32 0 0 0 0 9 0 0 0 7 1 6 0 0 0 14 24 0 0 1 0 14 0 0 0 1 0 0 0 0 0 0 0 0 3 0 0 0 0 0 0 0 30 0 0 2 9 0 6 2 1 3 0 0 0 0 0 0 0 0 0 0 0 0 0 0 0 0 31 0 0 0 0 
 0 0 4 0 0 0 0 0 0 0 0 0 0 2 0 0 0 0 0 0 1 0 63 0 67 0 0 70 84 55 0 128 0 0 73 89 130 30 0 0 118 36 46 278 48 43 70 93 76 117 48 125 0 65 327 247 35 34 223 227 0 2 0 0 5 0 6 0 0 0 1 1 0 0 28 0 4 0 0 0 0 0 0 0 0 0 0 0 4 0 0 0 0 0 0 0 0 0 0 0 0 11 0 9 0 30 0 0 13 0 14 25 0 0 0 13 0 13 0 0 1 0 1 1 0 29 27 1 0 0 1 0 16 27 0 0 1 0 1 0 0 0 29 0 0 0 0 0 0 1 0 0 0 7 0 0 0 0 0 0 0 0 0 0 0 0 0 0 0 0 0 0 0 0 0 0 0 0 0 0 11 0 8 25 11 19 0 0 6 0 11 6 0 13 0 13 2 15 0 0 0 0 0 0 0 0 2 29 0 0 0 0 20 14 11 0 3 0 13 0 0 0 0 0 0 0 0 0 0 0 0 0 13 0 0 0 0 0 0 0 0 0 7 0 0 0 0 0 0 0 0 11 0 0 0 0 0 1 30 0 0 14 0 0 0 1 2 0 0 0 0 0 0 0 0 0 0 0 0 0 0 0 0 0 0 0 0 0 0 0 
 0 0 0 0 0 0 0 0 0 0 3 0 1 1 72 3 0 4 0 0 4 3 2 65 67 1 0 1 17 1 65 5 0 0 0 0 0 0 0 2 46 181 214 73 320 92 281 121 125 176 175 99 65 0 334 173 110 326 144 61 0 0 0 0 2 0 0 0 0 0 8 202 0 8 0 0 0 0 0 0 0 0 0 0 0 0 26 0 0 0 0 0 0 0 0 0 0 0 10 0 0 0 3 0 3 3 0 3 0 0 0 6 0 4 0 0 0 0 0 0 1 18 36 18 8 38 34 0 30 0 0 15 0 10 24 16 21 0 14 0 1 0 0 0 0 0 10 3 0 0 0 0 14 0 0 0 0 0 0 20 0 0 0 0 2 0 0 0 0 1 0 0 0 0 0 0 0 0 6 0 0 5 6 0 0 0 0 2 0 0 9 0 0 0 0 0 0 13 0 0 10 17 26 21 37 24 13 0 17 0 3 26 12 0 4 1 31 20 0 8 0 0 0 0 0 0 0 0 2 0 0 0 7 14 0 0 0 0 14 1 0 0 1 0 0 0 0 0 0 0 0 0 0 1 0 0 0 20 0 1 0 0 1 0 0 2 2 0 0 0 0 0 0 0 0 0 0 0 0 0 0 1 0 0 21 24 0 0 2 0 
 3 64 3 3 3 3 3 3 6 3 3 3 3 6 12 4 3 9 3 3 0 0 0 2 0 1 0 1 0 0 0 17 0 0 0 0 0 0 0 3 165 68 140 399 227 96 99 256 159 171 226 105 327 334 0 139 332 253 77 69 3 1 9 3 2 1 0 2 11 0 13 2 0 8 1 0 0 2 3 4 0 0 0 0 0 0 0 0 0 0 0 0 0 0 0 0 0 0 0 0 0 0 2 0 0 0 0 0 0 0 0 0 0 9 0 0 0 0 0 0 10 0 20 29 14 41 17 7 44 15 31 0 8 0 64 10 7 3 7 0 3 3 11 0 0 0 0 36 1 22 0 6 0 5 0 0 5 0 12 0 0 0 0 0 0 0 0 0 0 0 0 0 0 0 0 2 0 0 0 0 0 0 0 0 0 10 0 0 0 0 0 0 0 0 0 0 0 7 0 0 19 32 11 53 13 6 0 11 17 15 22 26 0 11 14 10 0 62 7 0 0 0 0 0 0 0 0 26 0 0 0 0 0 0 3 0 0 0 1 41 0 0 0 0 0 0 0 0 0 0 0 6 0 1 0 0 0 0 78 1 0 0 65 0 0 2 2 0 1 0 12 0 0 0 0 0 0 0 0 0 0 0 0 0 5 21 0 0 2 0 
 0 0 2 0 0 0 4 0 0 0 0 0 0 1 0 2 0 0 0 0 61 0 0 0 1 4 0 0 0 0 63 0 0 0 0 0 0 0 0 0 28 103 70 49 229 66 35 62 187 303 87 25 247 173 139 0 71 145 51 128 1 0 0 0 0 0 0 0 0 0 6 0 28 55 0 0 0 0 0 0 0 0 0 0 0 0 0 0 0 0 0 0 0 0 0 0 0 0 0 0 0 0 0 2 0 3 0 0 0 0 15 0 0 0 0 0 0 9 0 49 6 11 20 7 0 18 3 0 10 24 8 21 1 2 0 0 3 25 0 4 9 0 0 0 8 0 0 0 10 0 0 0 0 11 11 0 1 0 4 24 0 0 0 0 0 0 0 0 0 0 0 0 0 0 0 0 0 0 0 0 0 0 0 0 3 8 0 16 0 0 0 1 0 0 0 0 0 0 0 0 4 14 8 29 44 12 37 0 0 13 7 29 9 3 3 3 7 0 4 4 10 0 0 0 0 0 1 5 1 0 0 0 10 11 0 0 0 0 54 38 0 0 0 0 0 0 0 0 0 0 0 8 0 1 0 0 0 0 0 11 0 0 0 41 0 0 2 0 0 0 0 0 0 0 0 0 0 0 0 0 0 0 0 0 5 23 0 0 2 0 
 3 3 3 3 3 3 5 3 3 3 3 5 3 3 9 3 3 7 3 3 0 0 1 1 1 152 0 0 1 0 8 63 0 0 0 0 6 8 0 2 90 221 123 88 216 44 55 39 98 55 93 97 35 110 332 71 0 413 59 90 0 0 0 0 0 0 0 0 0 0 0 0 0 0 0 3 0 0 0 0 0 0 0 0 0 0 0 0 0 0 0 0 0 0 0 0 0 0 0 0 0 0 0 1 0 0 0 0 0 20 0 0 0 0 0 0 0 5 0 0 21 5 13 7 0 15 10 9 17 6 36 11 6 25 12 31 15 28 25 16 6 0 9 0 0 0 0 9 0 0 0 0 4 0 0 0 0 0 2 0 0 0 0 0 0 0 0 0 0 0 0 0 0 0 0 5 0 41 0 0 0 0 1 0 0 18 0 0 0 0 1 14 0 0 0 0 0 3 0 16 39 12 0 11 56 0 12 9 4 24 26 0 14 10 16 0 0 0 8 21 0 13 0 0 0 0 0 10 0 0 0 16 1 10 1 0 0 0 15 61 1 0 0 0 0 0 0 0 0 0 0 0 0 33 0 0 0 0 3 1 57 0 0 0 1 0 0 66 2 0 21 0 0 0 0 0 0 0 0 0 0 0 0 0 13 0 0 0 2 0 
 0 0 0 0 0 0 0 0 3 0 0 1 0 0 2 0 0 0 0 0 2 5 66 2 3 2 65 2 3 63 5 2 2 2 2 3 8 2 3 74 28 48 423 159 285 62 41 88 26 29 56 286 34 326 253 145 413 0 197 54 6 0 5 5 0 30 0 5 0 5 8 9 0 111 7 7 5 5 0 5 0 0 0 0 0 0 0 0 0 0 0 0 0 0 0 0 0 0 0 0 0 0 0 0 0 0 0 0 60 0 0 0 0 0 0 19 8 0 0 0 0 0 31 0 0 10 0 0 9 7 20 6 0 0 10 11 9 12 0 0 8 0 0 1 15 5 0 8 10 5 5 4 5 0 19 0 9 13 0 22 0 0 8 0 0 0 0 4 0 0 0 0 0 0 0 0 0 6 0 0 0 1 10 0 0 0 16 9 0 0 6 0 16 0 0 0 0 21 15 8 13 11 10 0 61 66 0 0 9 9 24 11 0 0 9 0 1 0 0 0 12 11 0 0 0 7 3 0 5 0 3 0 20 29 0 4 16 0 22 30 0 0 0 0 0 0 0 0 0 0 0 0 0 0 0 0 0 0 0 11 1 0 0 0 0 0 1 0 0 0 17 0 0 0 0 0 0 0 0 0 0 0 0 0 8 19 0 0 0 0 
 0 0 0 0 0 0 0 0 0 0 0 0 0 3 0 0 0 0 0 0 12 2 127 140 65 16 2 67 82 2 190 3 2 2 67 90 70 61 2 24 259 54 254 86 266 44 37 90 84 99 461 33 223 144 77 51 59 197 0 78 0 0 0 4 0 0 0 0 0 0 3 0 0 0 0 0 0 1 7 0 0 0 0 0 4 0 0 0 0 0 0 0 0 0 0 0 0 10 0 0 0 21 10 24 15 7 0 10 7 7 14 10 0 0 8 7 0 23 0 0 1 1 19 3 33 0 37 0 1 0 2 0 4 21 9 16 4 0 24 12 0 0 0 0 0 0 0 0 0 0 0 0 0 5 0 0 0 0 0 0 0 5 0 0 0 0 0 0 0 0 0 0 0 6 0 0 0 0 0 0 14 0 2 50 0 3 0 0 0 0 10 6 0 0 0 15 0 8 0 0 28 0 1 21 0 0 0 0 0 4 0 0 62 0 0 10 21 0 5 15 0 0 0 0 0 0 0 0 0 0 0 0 0 0 0 0 0 0 0 0 0 0 0 0 0 0 0 0 0 1 0 11 58 0 0 0 2 30 0 0 0 8 0 0 0 5 2 0 2 0 0 0 0 0 0 0 0 0 0 0 0 0 12 0 0 0 22 0 0 0 
 0 0 0 0 0 0 7 64 0 0 0 2 0 0 0 0 0 0 0 0 0 0 0 0 64 70 0 39 0 0 0 22 0 0 0 0 0 0 0 2 415 52 245 282 74 237 178 116 141 172 145 162 227 61 69 128 90 54 78 0 12 5 0 1 0 8 0 5 1 0 8 3 0 12 3 19 13 4 0 0 0 0 0 0 0 0 0 0 0 0 0 0 0 0 0 0 0 0 0 9 0 0 0 0 0 0 0 0 0 0 0 0 0 0 0 0 0 0 0 0 24 26 1 37 10 1 27 20 1 10 0 0 42 2 0 10 12 0 10 20 1 0 14 0 3 25 0 0 0 8 0 18 0 0 1 6 13 6 0 0 0 0 0 0 0 0 0 0 0 0 0 0 0 0 0 2 0 0 0 0 0 0 13 1 0 31 0 0 0 0 0 0 0 0 0 0 0 0 0 0 0 8 11 0 0 0 18 38 9 0 0 12 0 24 20 26 68 19 20 0 0 5 0 8 0 0 0 0 15 0 2 0 11 0 0 5 6 0 0 0 0 0 13 0 0 0 0 0 0 0 0 2 0 1 0 0 0 0 62 0 0 0 0 0 1 2 1 0 0 0 0 0 0 0 0 11 0 0 0 0 0 0 0 0 19 2 0 12 0 0 
 0 4 0 0 0 0 0 0 0 0 0 0 0 0 0 0 0 0 0 0 0 0 1 0 0 0 0 0 0 2 0 0 0 0 0 0 0 0 0 0 0 0 0 24 12 109 0 0 0 0 0 58 0 0 3 1 0 6 0 12 0 258 210 50 103 82 171 181 38 75 72 90 107 151 70 95 312 97 45 122 0 0 0 0 0 0 0 0 0 0 0 0 7 0 0 0 0 0 0 0 0 0 0 0 0 0 0 0 0 0 0 0 0 0 0 0 0 0 0 0 0 0 0 0 40 24 0 0 0 3 0 0 0 0 0 0 0 11 0 0 0 16 5 14 9 19 21 5 7 34 8 25 0 4 9 21 20 6 0 6 0 0 0 0 0 0 0 0 0 0 0 0 0 0 0 0 0 0 0 0 0 0 0 0 0 0 0 0 0 1 0 0 0 0 0 0 0 0 0 0 0 0 0 0 0 6 0 0 0 0 0 0 0 0 0 0 0 0 0 0 5 21 31 49 0 0 23 0 11 21 23 0 19 0 20 3 24 4 0 0 0 1 0 0 0 0 0 0 0 0 0 0 0 0 1 0 0 0 0 0 0 0 0 13 0 0 2 0 0 0 0 0 0 2 0 65 0 0 0 0 0 0 0 0 0 2 0 0 0 0 
