 0 216 103 116 185 213 113 120 235 295 202 192 164 288 95 236 222 113 343 57 0 0 2 3 0 0 0 1 0 0 3 0 0 0 2 0 0 0 2 0 0 3 3 3 0 2 0 0 0 4 3 1 2 3 0 3 0 3 0 0 0 0 0 2 0 0 0 0 0 0 0 0 0 0 1 0 0 0 3 2 17 21 8 16 33 37 0 38 52 21 0 21 19 3 44 12 40 12 0 0 0 0 0 0 0 0 2 0 0 0 0 0 1 0 1 0 0 0 0 1 0 0 0 10 0 0 0 0 0 0 0 0 0 0 0 0 0 15 2 0 0 1 2 0 0 0 0 0 0 0 0 0 1 0 0 0 21 0 0 5 19 32 17 0 5 0 30 22 14 22 2 9 0 18 54 31 17 30 0 13 0 0 2 17 0 0 0 0 0 0 0 0 8 0 1 0 0 0 1 1 0 1 0 0 0 1 0 0 0 0 0 0 0 0 0 0 0 0 0 0 0 0 0 0 0 11 0 0 0 0 0 0 0 0 0 0 0 0 0 0 0 16 0 0 0 2 0 0 2 0 16 11 0 0 2 0 0 0 0 0 0 0 0 0 0 0 0 0 0 0 0 0 0 0 0 12 70 0 0 0 0 0 0 0 0 0 0 0 0 0 
 216 0 187 211 88 138 168 69 238 46 225 116 34 60 277 27 138 213 37 130 0 0 64 3 0 0 0 0 0 0 3 1 1 0 2 0 0 0 74 0 0 0 3 3 0 2 3 4 0 6 3 0 2 3 0 0 0 0 0 0 0 0 0 0 0 0 0 0 2 2 0 1 0 0 3 0 0 0 3 0 0 14 0 0 22 6 13 0 21 30 0 1 0 19 9 9 46 13 8 0 0 0 0 0 1 0 7 0 0 0 0 0 0 0 0 0 1 0 10 0 0 0 0 0 0 0 0 0 0 0 0 0 0 0 0 0 0 0 0 0 0 0 0 0 7 0 0 0 0 0 0 0 0 0 0 0 0 0 0 0 0 14 0 8 11 0 6 10 8 3 51 28 0 0 2 0 7 29 1 1 12 0 0 0 0 0 1 7 0 0 0 0 13 15 0 0 0 0 0 0 0 0 0 0 0 0 0 0 0 0 0 0 0 0 0 0 0 0 0 2 0 0 0 71 0 0 2 0 0 0 0 0 0 0 0 0 0 0 0 0 0 0 0 0 0 2 0 0 3 0 1 9 10 0 0 0 0 0 0 0 0 0 0 0 0 0 0 0 0 0 0 0 0 0 0 0 16 0 0 0 0 0 0 0 0 1 0 0 0 0 
 103 187 0 254 401 111 67 232 114 270 586 44 249 43 139 526 117 132 472 116 0 0 0 84 0 0 0 0 0 0 3 0 0 2 2 0 0 0 0 0 0 0 0 3 0 3 0 2 0 2 3 5 2 3 0 0 0 0 0 2 3 24 0 2 0 0 6 0 0 0 0 0 0 0 1 0 0 0 9 2 12 2 0 28 0 16 11 0 15 13 1 0 20 16 3 28 28 30 0 0 1 14 0 0 0 0 23 0 0 0 0 0 0 0 0 0 0 0 10 17 0 0 0 0 0 0 0 10 0 0 0 0 0 0 0 0 0 0 0 0 0 0 1 0 2 2 21 0 0 0 0 1 0 0 0 0 13 0 0 6 0 2 0 18 17 26 22 20 11 0 36 0 0 7 22 22 0 39 0 15 0 0 0 0 0 0 9 15 0 0 0 0 0 0 13 0 0 0 10 0 0 0 0 0 0 0 0 0 0 0 0 0 0 7 0 0 0 0 0 0 0 0 1 0 2 2 15 0 0 0 1 0 0 0 0 0 0 0 0 0 0 0 0 0 0 1 0 0 0 2 3 8 48 0 0 0 0 0 0 0 1 0 0 0 0 0 0 0 0 0 0 0 0 0 0 15 0 0 0 0 0 0 0 0 0 0 0 0 0 0 
 116 211 254 0 245 213 80 146 271 276 234 135 299 66 166 230 43 346 86 51 0 0 0 2 0 0 73 0 0 0 15 82 73 0 2 0 0 0 0 72 0 0 0 3 0 2 0 0 0 5 3 2 2 3 0 0 0 0 0 0 0 0 0 0 0 0 0 0 0 0 0 0 0 0 3 0 0 0 3 0 6 10 63 0 30 34 12 28 10 0 24 24 24 2 29 26 24 26 0 0 1 0 0 0 0 0 0 0 0 0 0 0 0 0 0 0 0 0 25 28 0 0 0 0 0 0 0 0 5 0 2 0 0 0 0 0 0 0 4 0 0 0 0 0 0 0 0 0 0 0 0 0 0 0 0 0 3 0 0 5 20 26 0 0 6 20 10 4 0 10 18 11 0 0 10 39 31 0 0 12 0 0 0 0 0 0 0 0 0 0 0 0 0 9 0 0 0 0 0 5 0 0 0 0 0 0 0 0 0 0 14 0 0 0 0 0 0 0 0 0 0 0 0 0 0 0 0 0 0 0 0 0 0 0 0 0 0 20 0 0 0 0 0 0 0 0 2 0 1 0 14 13 0 0 0 0 0 0 0 0 0 0 0 0 0 0 0 0 0 0 0 0 0 0 0 10 0 0 0 0 0 0 0 0 0 0 0 0 0 0 
 185 88 401 245 0 192 44 59 195 225 195 60 68 63 77 263 129 52 55 59 0 7 2 4 5 5 3 14 2 5 7 3 6 153 8 4 0 0 76 0 3 3 1 4 0 6 0 1 0 7 9 8 2 5 0 3 3 0 2 0 0 0 6 7 3 0 2 0 7 5 0 6 2 2 5 10 0 10 3 2 0 0 11 11 0 54 0 15 62 11 1 9 0 0 0 21 17 4 0 0 17 12 0 0 0 0 16 2 0 13 0 0 13 0 7 19 0 0 6 28 0 0 0 0 0 0 0 2 0 0 0 0 16 0 0 0 0 0 0 0 0 0 0 0 0 0 0 0 46 0 0 31 0 0 0 0 0 0 0 0 0 2 0 24 18 28 0 0 0 2 15 0 0 0 1 0 15 1 0 0 0 0 0 0 0 0 18 11 0 0 11 0 15 19 24 0 0 0 3 30 0 0 0 0 0 0 0 0 0 0 0 23 0 0 0 0 0 0 0 7 0 0 0 0 16 7 11 0 0 0 0 0 0 0 0 0 18 0 0 0 0 0 0 0 0 4 9 0 1 101 11 5 0 0 0 0 0 0 0 0 1 0 0 0 0 1 1 0 0 0 0 0 0 3 0 0 13 9 0 0 0 0 0 0 0 0 0 0 0 0 
 213 138 111 213 192 0 249 226 169 80 157 73 147 44 203 185 161 96 74 43 65 75 49 2 0 0 1 4 82 139 5 2 0 2 2 2 65 0 0 84 0 0 0 3 0 2 0 0 0 3 3 3 2 3 0 0 2 0 0 0 0 0 1 1 0 0 0 0 0 0 0 1 1 0 3 0 8 0 3 0 0 0 12 0 18 11 0 0 12 4 0 36 0 17 19 33 10 7 0 0 20 9 0 0 0 0 11 33 21 0 24 17 0 0 0 2 18 20 0 13 0 0 0 0 0 0 0 0 0 0 0 0 0 0 0 0 0 0 2 0 0 0 0 0 0 0 0 1 0 0 0 0 1 1 0 0 2 0 0 0 19 14 0 8 21 1 36 13 28 13 27 13 0 27 1 0 26 18 0 7 26 0 2 0 0 0 19 20 9 0 0 0 17 23 0 10 10 9 14 1 0 1 0 0 0 1 0 31 0 0 0 0 0 0 0 0 0 0 0 0 0 0 0 0 0 0 0 0 0 0 0 0 0 0 0 0 0 0 0 0 0 0 0 0 0 0 0 1 4 0 11 2 1 0 0 0 0 0 0 0 0 9 0 0 0 0 0 0 0 0 0 0 0 0 0 0 0 0 0 0 0 0 0 0 0 0 0 0 0 1 
 113 168 67 80 44 249 0 206 114 23 32 240 104 70 245 39 210 141 352 281 2 0 1 4 66 2 2 0 88 1 4 3 0 2 3 0 0 0 0 1 0 65 0 3 0 3 0 3 0 2 3 0 65 3 0 0 0 0 0 2 0 0 0 3 0 0 0 0 0 0 0 0 0 0 0 0 0 0 3 11 0 30 0 17 0 0 0 9 3 0 0 2 1 20 11 24 10 14 34 22 0 0 0 0 1 0 0 0 0 0 0 0 0 0 0 0 0 0 0 24 0 0 0 0 0 0 0 0 0 0 0 0 0 0 0 0 0 0 0 0 0 0 0 0 0 5 0 0 0 0 0 0 0 0 0 0 0 0 0 0 10 13 17 17 2 0 0 1 13 23 0 0 0 0 19 2 12 1 0 71 0 0 0 1 0 0 0 0 0 0 0 0 0 0 0 0 0 0 0 0 0 0 0 0 0 0 0 0 0 0 0 0 0 0 0 2 0 0 0 2 0 0 0 0 0 0 0 16 0 0 0 0 0 0 0 0 0 0 0 0 0 2 0 0 0 0 0 2 100 0 0 5 0 0 0 0 0 0 0 0 0 0 0 0 0 0 0 0 0 0 0 0 0 0 0 16 4 0 0 0 0 0 0 0 0 0 0 0 0 0 
 120 69 232 146 59 226 206 0 89 132 194 50 96 171 76 132 357 45 77 54 3 0 0 3 0 0 0 0 0 0 3 0 0 0 8 1 5 0 1 0 2 0 0 3 0 3 0 0 0 2 62 7 2 4 0 0 0 0 0 0 2 0 1 3 0 0 0 0 0 0 0 0 0 0 0 0 2 0 3 5 10 18 13 33 0 19 0 27 19 13 5 0 0 25 9 28 0 49 26 10 0 0 0 0 0 0 16 0 0 1 0 0 1 0 0 0 1 0 0 16 0 0 0 0 0 0 0 0 0 0 2 0 0 0 0 0 0 0 0 0 7 0 0 0 0 0 0 0 0 0 0 0 0 0 0 0 2 1 2 0 0 9 10 10 24 9 25 30 2 18 16 0 1 1 1 21 10 0 0 37 0 0 0 0 0 0 0 0 0 0 0 0 1 0 0 0 0 0 0 0 0 1 0 0 0 0 0 7 0 0 1 0 0 0 0 0 0 0 0 0 0 0 0 0 2 0 0 0 0 0 8 0 0 1 0 0 1 0 0 0 0 0 10 0 0 2 0 0 1 1 2 4 0 0 0 0 0 0 1 0 0 0 0 0 0 0 0 0 0 0 0 0 0 0 0 15 9 0 0 0 0 0 0 0 0 1 0 0 0 0 
 235 238 114 271 195 169 114 89 0 358 376 46 165 75 199 607 205 107 186 127 1 0 2 5 1 0 0 0 3 0 2 0 7 0 3 0 0 0 75 3 0 0 2 6 0 3 0 4 0 2 5 0 2 3 0 2 0 0 2 3 0 0 0 5 0 2 0 0 0 0 0 2 2 0 0 3 0 0 6 3 10 18 21 0 19 19 0 35 17 2 12 15 22 9 35 0 34 14 6 0 0 0 0 0 0 0 0 0 0 0 0 0 1 0 9 0 1 0 13 4 0 0 0 0 0 0 0 0 0 0 5 0 0 0 0 0 0 0 0 0 0 0 0 0 0 0 0 0 0 0 0 2 0 0 0 0 7 0 2 5 0 21 1 0 13 1 11 49 0 20 6 18 0 0 9 11 13 23 0 14 0 8 0 0 0 0 0 0 18 0 5 0 48 11 1 0 0 0 10 4 0 0 0 0 0 0 0 2 0 0 0 0 0 0 0 0 0 0 0 0 0 0 0 12 2 0 0 0 0 0 0 9 0 1 0 0 1 0 0 0 0 1 0 0 0 2 0 0 0 2 15 6 0 0 2 0 0 0 0 0 0 56 0 0 0 0 0 0 0 0 0 0 0 0 0 11 1 0 0 0 0 0 0 0 0 2 0 0 0 0 
 295 46 270 276 225 80 23 132 358 0 245 156 85 157 101 400 125 128 305 67 8 2 0 3 0 0 2 0 0 0 60 1 76 79 4 1 0 0 75 75 0 0 0 3 0 2 1 0 0 9 3 2 2 3 0 0 0 0 0 0 0 1 0 0 0 0 0 1 0 0 0 48 0 0 3 0 1 0 3 0 8 13 23 43 0 0 0 11 13 9 30 20 11 0 13 18 19 8 0 0 46 10 0 0 0 2 16 4 0 25 0 0 0 16 0 0 0 0 26 0 0 0 0 0 0 2 0 6 0 0 0 0 0 11 2 0 2 0 0 0 0 0 0 0 0 0 0 0 0 2 0 0 0 0 0 0 3 0 0 3 0 16 0 13 0 49 15 12 0 17 0 10 1 0 0 8 24 1 2 9 13 0 1 0 0 17 17 12 0 0 13 0 14 25 33 0 0 0 4 18 0 0 0 0 0 0 0 0 0 0 0 0 0 0 0 0 0 0 0 0 0 0 0 0 0 0 13 0 0 0 0 0 0 0 2 0 10 0 0 0 0 0 0 0 0 0 88 0 0 89 10 18 1 1 0 0 0 0 0 0 0 0 10 0 0 0 1 0 0 0 0 0 0 0 0 11 17 0 0 0 0 0 0 0 0 0 0 0 0 0 
 202 225 586 234 195 157 32 194 376 245 0 99 114 39 331 245 113 117 252 54 0 0 0 2 0 0 1 0 0 0 3 2 0 79 2 0 0 0 76 21 2 0 0 3 0 4 0 0 0 2 3 3 2 3 2 0 0 1 0 0 0 0 0 0 0 0 4 0 0 0 0 1 0 0 3 0 0 0 3 0 0 0 23 15 10 19 13 13 9 31 14 10 0 0 0 12 31 1 0 0 61 15 0 0 0 0 10 0 0 0 0 0 0 4 0 0 0 0 7 17 0 0 0 0 0 0 0 19 0 0 0 0 0 0 0 0 0 0 0 0 0 0 0 0 5 0 0 0 0 0 0 0 0 0 0 0 0 0 0 0 0 3 0 13 0 30 0 0 20 19 31 65 0 0 21 0 31 1 0 0 0 0 0 0 0 0 12 35 0 0 10 0 0 50 15 0 0 0 5 15 0 0 0 0 0 0 0 0 0 0 0 0 0 0 0 0 0 0 0 0 0 0 0 0 0 0 42 0 0 1 0 0 0 0 0 0 9 0 0 0 0 0 0 0 0 0 0 0 1 85 12 7 0 2 1 0 0 0 0 0 0 0 0 0 0 0 1 0 0 0 0 0 0 0 0 0 13 0 0 0 0 0 0 0 22 0 0 0 0 0 
 192 116 44 135 60 73 240 50 46 156 99 0 31 33 89 112 301 290 72 20 0 82 0 3 0 1 65 26 90 0 3 0 100 73 100 0 0 0 171 93 0 0 0 3 0 2 0 0 0 2 3 2 2 3 0 0 0 0 0 0 25 0 0 0 0 0 0 0 0 0 0 0 0 0 3 0 2 0 3 0 9 0 14 13 44 25 1 10 0 16 12 46 0 0 0 0 11 1 2 0 41 3 0 0 0 0 1 22 39 0 0 2 0 2 0 0 0 10 34 41 0 0 0 0 0 0 0 0 0 0 0 38 0 2 0 0 0 0 0 1 0 22 0 0 0 0 0 0 0 0 0 2 0 0 0 0 0 1 0 1 2 9 0 1 18 20 0 0 21 0 28 26 0 0 10 1 16 1 0 9 19 0 27 0 0 0 20 1 0 0 15 0 8 8 0 0 39 0 0 33 0 0 0 0 2 0 0 0 0 0 0 0 0 0 20 0 0 0 0 0 0 0 2 1 0 0 0 0 0 0 0 0 0 8 0 0 11 32 0 0 0 0 0 0 0 7 0 0 4 87 0 16 0 0 0 0 0 0 0 0 0 0 0 0 0 0 7 0 0 0 0 0 0 0 0 1 0 0 0 0 0 0 0 0 0 0 0 0 0 0 
 164 34 249 299 68 147 104 96 165 85 114 31 0 250 173 26 414 31 176 135 2 0 1 4 1 0 76 66 0 0 3 0 2 0 2 0 0 0 0 4 0 0 0 65 0 2 6 0 0 3 68 2 2 3 0 0 0 0 0 0 0 0 0 0 0 0 2 0 0 0 1 1 0 0 3 0 12 0 3 0 35 21 0 0 0 0 12 31 47 8 0 27 17 0 31 10 14 34 22 0 0 0 0 8 0 0 2 0 0 0 0 0 20 0 0 0 0 0 0 0 0 0 0 0 0 0 0 0 0 0 1 0 0 0 0 13 0 0 1 0 0 0 0 0 0 0 0 0 0 0 0 0 0 0 0 0 6 0 0 4 0 17 46 1 1 0 72 38 49 29 0 0 11 39 21 45 0 19 0 47 0 0 0 0 0 0 14 0 1 0 0 0 0 0 0 0 0 0 0 0 0 0 0 0 0 16 0 0 0 0 0 0 0 0 0 0 0 0 0 0 0 0 0 0 0 0 0 0 0 0 0 0 0 0 0 0 0 0 0 1 0 17 0 0 0 2 0 2 0 0 0 3 0 0 0 0 0 2 0 0 0 0 0 0 0 0 1 0 0 0 0 0 0 0 0 2 0 0 0 0 0 0 0 0 0 0 0 0 0 0 
 288 60 43 66 63 44 70 171 75 157 39 33 250 0 58 36 35 27 190 340 1 0 0 5 0 1 0 0 0 0 4 0 0 0 4 0 0 0 0 2 0 0 0 3 0 3 0 0 0 2 3 0 2 3 0 0 0 0 0 0 0 0 0 3 0 0 0 0 2 0 0 0 0 0 0 0 20 46 3 3 51 18 0 0 0 0 0 10 0 0 0 0 11 30 25 37 0 0 2 12 0 0 0 0 0 0 0 0 0 0 0 1 3 0 0 0 0 0 2 0 0 0 0 0 0 0 0 0 0 0 0 14 0 0 0 0 0 0 0 9 0 0 0 0 0 10 0 0 0 0 0 0 0 0 0 2 0 4 0 0 6 20 34 0 0 0 1 0 4 20 0 2 17 50 0 24 0 0 23 6 0 0 0 0 0 0 0 0 0 0 0 0 1 2 0 0 0 0 0 0 0 0 0 0 2 0 13 0 0 0 0 0 0 7 0 0 0 0 0 0 0 0 0 0 0 0 0 0 0 0 0 0 0 0 18 0 0 0 2 0 0 0 0 0 0 0 0 0 2 0 0 7 0 2 0 0 0 0 0 0 0 0 0 0 0 0 0 0 0 0 0 0 0 0 0 0 0 0 0 0 0 0 0 0 0 0 0 0 0 0 
 95 277 139 166 77 203 245 76 199 101 331 89 173 58 0 172 137 554 355 180 1 0 3 7 2 3 5 0 1 3 3 0 0 2 2 2 0 0 0 1 0 0 0 8 3 2 0 0 0 3 5 0 2 3 0 0 2 0 0 3 0 0 0 1 2 5 0 0 0 0 0 2 0 0 2 0 1 2 3 3 1 15 0 21 36 10 0 37 22 71 0 15 0 17 3 0 34 13 25 10 2 0 0 0 0 0 10 0 0 0 1 0 0 0 1 0 0 0 0 0 2 0 0 0 0 0 0 3 0 0 0 0 0 0 0 0 0 0 0 0 0 0 0 0 1 0 0 0 0 0 0 0 0 1 0 0 0 0 0 12 0 2 8 0 1 0 25 37 37 24 27 30 0 7 44 0 0 49 0 0 0 0 0 0 0 0 0 6 0 0 0 0 10 0 0 0 0 0 1 0 2 0 0 0 0 0 0 0 0 0 0 0 0 0 2 0 0 0 0 0 0 0 0 0 0 0 2 0 0 0 0 0 0 0 0 0 0 0 0 0 0 8 0 0 0 0 0 0 90 2 1 14 9 0 0 0 0 1 0 0 0 0 0 0 0 0 0 0 0 0 0 0 0 0 0 0 25 0 0 0 0 0 0 0 0 0 0 0 0 0 
 236 27 526 230 263 185 39 132 607 400 245 112 26 36 172 0 72 44 250 44 83 0 2 8 0 0 79 1 0 0 4 0 73 1 2 2 6 0 64 0 0 0 0 3 0 4 0 46 2 3 5 7 2 3 3 3 0 5 0 1 0 2 0 0 0 3 1 1 9 0 0 2 0 0 3 0 0 0 3 5 0 19 0 21 6 0 0 17 44 36 16 38 0 0 19 38 49 9 0 0 1 17 26 0 0 0 6 0 2 0 0 0 16 0 5 0 0 0 12 17 0 0 0 0 2 0 0 10 0 15 0 0 0 0 0 0 0 0 1 18 1 0 0 0 0 0 0 1 0 0 0 0 0 0 0 0 4 0 0 0 0 35 0 20 17 14 18 0 25 2 37 0 0 58 2 0 13 29 0 0 0 0 0 13 0 0 8 15 0 1 0 0 21 19 27 0 0 0 12 10 0 0 0 0 0 0 0 0 0 0 0 0 0 0 0 0 0 0 0 0 0 0 0 0 0 0 14 1 0 0 0 0 0 0 0 0 0 0 0 0 0 0 0 0 1 2 0 2 0 102 11 9 9 0 0 0 1 0 0 0 0 0 0 0 0 0 0 0 0 0 0 0 0 0 0 0 0 0 0 0 0 0 0 0 0 0 0 0 0 0 
 222 138 117 43 129 161 210 357 205 125 113 301 414 35 137 72 0 148 247 128 1 1 0 5 0 0 1 0 2 4 5 0 0 0 2 0 0 0 1 3 0 0 0 3 0 5 0 0 0 3 5 0 4 3 0 0 0 0 0 0 0 0 0 1 0 0 0 2 2 0 0 0 0 1 4 0 0 3 5 1 20 12 16 37 34 10 10 25 30 17 0 1 15 40 47 8 0 20 23 9 0 0 2 0 0 1 14 0 0 0 0 0 0 0 0 0 0 0 0 0 0 0 0 0 0 2 0 0 0 0 0 0 0 0 0 0 0 0 7 0 0 0 0 0 0 0 0 0 0 0 0 0 0 0 0 0 15 0 0 5 41 0 27 7 6 0 25 48 2 11 0 6 0 0 17 31 0 0 0 25 3 0 0 0 0 0 0 0 1 0 0 0 0 0 0 0 0 0 0 3 0 0 0 0 0 0 0 0 0 0 0 0 0 0 0 0 0 0 0 0 0 0 0 0 0 0 0 0 0 0 0 2 0 0 0 0 0 0 0 0 0 15 0 0 0 0 0 0 0 0 0 24 0 2 0 0 0 0 0 0 0 0 0 0 0 0 0 0 0 0 0 0 0 0 0 16 14 0 0 0 0 0 0 0 0 0 0 0 0 0 
 113 213 132 346 52 96 141 45 107 128 117 290 31 27 554 44 148 0 136 90 3 4 0 6 0 2 78 0 0 2 6 4 0 0 2 2 0 2 62 134 2 2 0 5 0 2 0 0 0 3 3 6 2 6 3 3 2 0 3 0 1 0 0 1 0 0 0 1 0 1 0 0 0 0 3 0 0 0 4 4 0 22 23 1 18 28 0 1 11 3 31 0 0 41 18 0 14 14 0 5 18 0 0 0 0 0 0 0 0 2 0 0 1 20 0 0 0 0 4 18 0 10 0 0 0 0 0 0 0 0 0 0 0 0 0 0 0 0 0 0 0 0 0 0 3 0 0 0 0 0 0 0 0 0 0 0 0 0 0 0 14 0 0 22 14 13 6 20 33 0 28 73 0 0 18 0 18 1 9 0 0 0 0 0 0 0 10 11 0 0 0 0 15 33 1 0 0 0 0 21 0 0 0 0 0 0 0 0 0 0 0 0 0 0 0 0 0 0 0 0 0 0 0 0 0 0 0 0 0 0 0 0 0 0 0 0 0 0 0 0 0 0 0 0 0 5 0 0 8 5 3 5 0 14 0 0 0 0 0 0 0 0 0 0 0 0 0 0 0 0 0 0 0 0 0 1 0 0 0 0 0 0 0 0 0 0 0 0 0 0 
 343 37 472 86 55 74 352 77 186 305 252 72 176 190 355 250 247 136 0 423 1 0 0 3 0 0 0 0 7 0 3 0 0 0 2 0 0 0 0 0 0 0 0 3 0 4 0 0 0 3 3 0 2 3 0 0 0 0 0 0 0 0 0 3 0 0 0 0 58 0 0 0 0 0 0 0 10 0 3 3 45 23 0 0 1 0 18 16 10 8 0 1 0 27 0 0 0 0 41 16 0 0 0 0 0 0 0 0 1 0 0 0 1 0 0 1 0 0 7 0 0 0 0 0 2 0 0 0 0 0 0 0 0 0 0 0 0 0 0 0 0 0 0 0 0 7 0 1 0 0 0 0 0 0 0 0 2 3 0 0 20 0 32 13 0 0 0 23 17 15 0 15 33 32 32 0 0 2 0 0 17 0 2 0 0 0 0 0 0 0 0 0 1 0 0 0 0 0 0 0 0 0 0 0 0 0 0 0 0 0 0 0 0 0 0 0 0 0 0 0 0 0 0 0 0 0 0 0 0 0 0 11 0 0 0 0 0 0 0 0 0 14 0 0 0 0 0 2 9 0 2 4 0 2 0 0 0 0 0 0 0 0 0 0 0 0 0 0 0 0 0 0 0 0 0 0 0 0 0 0 0 0 0 0 0 0 0 0 0 0 
 57 130 116 51 59 43 281 54 127 67 54 20 135 340 180 44 128 90 423 0 1 0 0 3 2 0 0 0 0 0 5 0 1 0 7 0 0 2 0 1 0 0 0 3 0 2 0 5 0 39 3 0 2 3 0 0 0 0 0 0 0 0 3 2 0 0 0 0 0 0 0 0 0 29 1 0 3 0 3 2 28 14 0 1 0 0 0 12 36 1 0 0 13 19 74 0 9 0 23 35 0 0 0 0 0 0 0 0 0 0 0 0 1 0 0 0 0 0 0 0 0 0 0 0 0 0 0 0 0 0 0 0 0 0 0 0 0 0 0 0 0 0 0 0 0 6 0 0 0 0 0 0 0 0 0 0 0 0 0 0 31 0 13 6 0 0 0 15 8 38 0 21 22 8 22 0 0 0 0 0 0 0 0 0 0 0 0 0 0 0 0 0 0 0 0 0 0 0 2 0 0 0 0 0 0 0 0 0 0 0 0 0 0 0 0 0 0 0 0 0 0 0 0 0 0 0 0 0 0 0 0 0 0 0 0 0 0 0 0 0 0 1 0 0 0 2 0 0 44 0 0 4 0 0 0 0 0 0 0 0 0 0 0 0 0 0 0 0 0 0 0 0 0 0 0 0 0 0 0 0 0 0 0 0 0 0 0 0 0 0 
 0 0 0 0 0 65 2 3 1 8 0 0 2 1 1 83 1 3 1 1 0 197 135 50 31 24 131 42 27 315 106 171 48 134 27 305 47 231 40 256 0 7 2 0 1 4 1 0 23 19 2 3 0 1 49 3 2 2 0 205 0 0 0 3 0 0 0 4 0 0 0 0 0 0 1 0 0 0 4 10 0 0 0 18 0 0 0 0 0 0 0 0 0 0 0 0 0 0 0 0 11 10 58 1 2 0 11 30 0 60 13 40 10 43 8 2 27 3 3 13 0 0 0 0 0 0 0 0 0 0 0 0 9 0 0 1 0 0 0 0 0 0 0 0 0 0 0 0 0 0 0 0 0 0 0 0 0 0 0 0 0 0 0 0 0 0 0 0 5 0 0 0 0 4 0 0 0 0 0 0 31 14 0 14 20 14 1 17 30 3 0 26 0 18 1 30 11 60 24 9 0 0 0 0 0 0 0 0 0 0 0 0 3 1 0 0 0 1 0 0 0 20 0 0 0 0 0 0 0 0 0 0 0 16 0 0 0 4 0 0 0 0 0 0 0 0 73 0 1 1 0 0 0 0 15 0 2 0 0 1 12 10 8 0 0 0 0 0 0 0 0 0 0 1 0 0 0 0 0 0 0 0 0 0 0 0 0 0 0 0 
 0 0 0 0 7 75 0 0 0 2 0 82 0 0 0 0 1 4 0 0 197 0 319 180 636 255 150 378 69 139 115 357 126 47 439 217 134 56 36 127 0 3 0 0 0 75 0 0 2 2 0 1 1 0 6 0 1 3 0 65 3 0 0 3 3 0 0 5 1 2 0 0 3 0 0 0 0 0 0 2 0 0 0 0 23 1 0 0 0 0 0 14 0 0 0 0 0 0 0 0 10 1 25 1 23 0 2 1 18 23 18 20 13 12 0 0 21 32 0 0 0 0 0 0 0 0 0 0 1 0 0 2 11 0 0 0 0 0 10 0 0 0 0 0 0 0 0 0 0 0 0 5 0 5 0 2 0 1 0 0 9 10 2 0 0 0 0 0 0 0 0 0 0 0 0 0 0 0 0 9 22 8 43 6 0 26 36 15 11 0 0 7 0 21 32 18 1 9 0 0 11 0 0 0 0 0 0 0 0 0 0 1 22 1 11 0 0 0 0 0 0 0 0 0 0 0 0 0 0 0 0 0 1 0 0 0 0 0 2 0 0 0 18 0 0 0 1 0 0 0 0 0 0 0 15 0 2 6 78 0 0 4 0 0 0 0 0 0 0 0 0 0 0 0 0 0 0 10 0 9 0 17 0 0 0 9 30 0 0 0 
 2 64 0 0 2 49 1 0 2 0 0 0 1 0 3 2 0 0 0 0 135 319 0 297 173 36 151 96 324 186 59 108 60 257 109 207 338 203 131 99 0 4 2 0 0 7 66 0 2 2 0 1 159 81 0 0 0 6 63 63 1 0 0 0 3 0 1 0 0 2 0 0 2 0 0 0 0 0 0 0 0 0 0 0 0 0 0 0 0 0 0 9 0 0 0 11 0 0 0 0 20 27 0 25 13 1 4 15 18 14 32 42 0 0 0 6 44 49 0 10 10 0 0 0 0 0 9 7 3 0 0 1 6 42 24 0 0 0 5 28 0 0 0 0 0 0 0 0 0 0 0 0 0 0 0 0 0 0 0 0 0 0 0 0 0 0 0 0 0 0 0 2 0 0 0 0 0 0 0 8 23 9 4 0 0 39 18 15 0 12 13 13 0 5 17 16 17 40 14 0 55 0 0 0 0 0 1 8 0 0 0 0 9 13 0 4 0 0 13 17 0 0 0 0 0 0 4 0 0 0 0 0 0 6 0 0 0 0 0 0 0 0 19 0 0 0 0 0 0 0 0 0 0 0 21 2 0 39 0 2 6 12 0 0 0 0 0 0 0 0 0 0 0 0 0 0 0 0 0 0 0 11 0 0 0 0 14 0 0 0 
 3 3 84 2 4 2 4 3 5 3 2 3 4 5 7 8 5 6 3 3 50 180 297 0 241 246 94 208 347 564 216 147 61 389 266 359 90 134 466 365 6 3 0 2 2 0 0 3 2 2 3 1 65 0 2 1 1 5 62 68 4 1 0 3 3 0 6 0 2 2 41 1 3 0 0 0 1 0 0 2 0 0 0 0 0 0 0 0 0 0 0 0 0 0 0 0 0 0 0 0 0 0 0 23 12 15 0 0 0 0 12 14 0 0 10 47 18 7 2 0 0 0 10 0 0 0 7 0 0 0 18 0 0 21 2 0 0 12 15 15 0 0 1 1 0 0 0 0 0 0 0 0 0 0 0 3 0 0 0 0 0 0 3 0 0 0 8 0 0 0 0 0 0 1 2 0 0 5 0 0 0 11 59 0 22 16 0 7 0 39 9 13 0 0 1 2 9 23 0 0 0 0 0 4 0 0 0 7 2 0 0 0 46 6 21 0 0 0 2 31 0 0 1 0 0 0 0 0 0 0 0 0 0 0 0 0 0 0 0 0 0 0 0 0 0 0 0 0 0 0 0 0 0 0 13 0 4 55 12 1 4 0 0 0 0 0 0 0 0 0 0 0 0 0 0 0 0 0 0 0 0 0 0 0 0 0 0 0 0 2 
 0 0 0 0 5 0 66 0 1 0 0 0 1 0 2 0 0 0 0 2 31 636 173 241 0 320 51 128 238 82 256 152 71 185 192 217 326 116 68 81 20 4 71 0 0 3 0 20 2 2 0 0 152 63 0 0 0 3 0 126 0 28 0 0 3 0 0 0 0 2 0 0 2 0 0 0 0 0 0 0 0 0 0 0 0 0 0 0 0 0 0 0 0 0 0 0 0 0 0 0 0 57 10 40 46 14 0 0 11 14 13 45 0 1 0 5 25 38 1 0 21 0 0 0 0 0 2 0 13 0 0 1 5 9 28 0 11 0 37 19 0 0 2 1 0 0 0 0 0 0 0 6 0 0 0 0 0 0 0 0 0 0 11 0 0 0 8 4 0 0 0 0 0 2 0 0 0 27 0 0 0 23 23 12 32 0 0 0 20 11 11 13 0 0 12 0 12 0 0 0 23 0 0 0 0 0 0 47 1 0 0 0 14 43 23 0 0 0 0 28 0 0 2 0 0 0 0 11 0 0 0 0 0 0 0 0 0 0 16 0 0 0 11 0 0 0 0 0 0 0 0 0 0 0 11 2 2 75 68 2 0 3 0 0 2 0 0 0 0 0 0 0 0 0 0 0 0 0 0 0 0 28 0 0 0 0 14 0 0 0 
 0 0 0 0 5 0 2 0 0 0 0 1 0 1 3 0 0 2 0 0 24 255 36 246 320 0 46 250 53 261 184 340 304 264 72 132 70 49 51 71 97 3 62 125 3 0 0 32 2 2 62 5 2 62 62 119 0 3 125 1 0 0 0 0 10 0 0 0 0 2 1 0 11 0 0 0 0 0 0 0 0 0 0 0 0 1 0 0 0 0 0 0 0 2 0 0 0 0 0 0 0 11 12 0 28 19 0 0 8 0 0 0 0 0 0 0 0 10 0 5 28 22 31 16 1 0 36 30 26 0 42 0 16 22 0 8 0 12 1 0 1 15 0 0 1 0 0 0 0 0 0 10 0 0 2 1 0 0 1 0 0 0 0 0 0 4 0 0 0 0 0 24 3 0 0 0 8 0 0 0 0 0 0 36 8 17 0 0 14 0 14 8 0 0 0 0 0 0 0 9 26 11 0 0 0 0 44 24 30 9 0 0 0 18 31 7 38 30 19 35 0 0 0 0 0 0 0 0 0 0 0 0 27 0 0 0 0 0 0 0 0 0 0 0 0 1 0 0 0 0 0 0 0 0 13 0 1 6 0 0 6 2 0 1 4 2 0 0 0 0 38 0 0 0 0 0 0 0 0 0 0 11 0 0 0 0 0 0 0 0 
 0 0 0 73 3 1 2 0 0 2 1 65 76 0 5 79 1 78 0 0 131 150 151 94 51 46 0 323 84 119 24 159 253 162 212 33 245 91 334 240 0 3 3 0 0 2 0 0 2 2 0 4 2 0 0 0 0 6 96 0 0 0 0 23 3 0 7 0 4 2 0 0 3 0 0 0 0 0 42 0 0 0 5 12 10 20 0 0 0 0 12 0 0 7 0 7 22 0 0 0 0 21 23 0 0 0 10 22 16 0 17 25 9 48 58 0 11 10 38 21 0 0 0 0 0 0 18 0 1 0 0 7 0 0 0 0 0 20 8 0 0 0 0 0 1 0 0 0 0 0 0 0 0 0 0 2 0 0 0 0 0 0 0 7 23 0 0 0 0 0 0 12 0 0 0 0 7 9 0 0 0 23 14 7 14 16 15 6 19 19 13 19 29 23 9 11 45 13 9 34 0 0 0 0 0 0 0 0 0 0 0 0 11 0 0 0 0 0 0 0 0 0 0 0 0 0 0 0 0 0 0 0 1 0 0 0 0 0 2 0 0 0 0 0 0 0 2 0 0 76 0 0 0 0 9 0 0 3 0 0 1 0 0 0 0 0 0 0 0 0 0 0 0 0 0 0 0 10 0 0 0 0 0 0 0 0 0 0 0 0 
 1 0 0 0 14 4 0 0 0 0 0 26 66 0 0 1 0 0 0 0 42 378 96 208 128 250 323 0 282 109 35 165 304 270 290 26 65 77 43 212 0 3 2 0 0 9 0 0 2 2 0 0 3 0 0 0 0 3 0 0 0 0 0 0 3 0 0 0 8 2 0 0 2 0 0 0 0 0 0 2 0 0 2 0 7 27 0 0 0 0 0 11 0 0 0 0 0 0 10 0 6 15 0 7 0 0 0 0 19 19 32 29 12 4 22 38 9 13 14 0 0 0 0 0 0 0 0 0 0 0 0 10 22 0 0 0 0 13 12 1 0 0 0 0 0 0 0 0 0 0 0 0 0 0 0 0 0 0 0 0 0 29 0 0 0 0 0 0 0 0 0 0 2 0 0 0 0 2 0 21 0 19 3 0 31 2 0 0 11 13 13 37 13 0 33 13 13 11 1 32 13 0 0 0 0 4 0 0 0 0 0 0 20 2 0 0 0 0 0 11 0 0 0 0 0 1 1 0 0 0 0 0 0 0 0 0 0 0 0 0 0 0 19 0 0 0 17 0 0 0 0 0 0 0 3 0 1 80 0 0 2 0 0 0 0 0 0 0 0 0 0 0 0 0 0 0 0 9 0 0 0 14 0 0 0 0 0 0 0 0 
 0 0 0 0 2 82 88 0 3 0 0 90 0 0 1 0 2 0 7 0 27 69 324 347 238 53 84 282 0 157 64 263 179 132 159 305 92 456 68 103 0 3 3 0 0 1 70 1 2 4 0 0 203 65 0 0 2 3 61 70 0 0 1 0 3 0 30 0 1 2 0 3 5 0 0 3 0 6 0 2 0 0 0 0 15 1 0 0 0 0 0 12 0 0 0 0 0 0 0 0 9 22 18 6 10 12 1 0 29 17 27 17 19 0 17 0 25 62 0 0 27 0 0 0 0 2 21 8 8 0 0 0 8 11 12 0 0 0 7 26 0 0 0 0 0 0 0 0 0 0 0 4 0 0 2 0 0 0 0 0 0 7 0 0 0 0 0 0 0 0 0 0 0 0 0 0 0 0 0 7 16 13 7 9 0 21 21 10 26 27 21 21 0 47 0 16 10 18 0 8 10 0 0 0 0 0 0 13 0 0 0 0 0 17 0 0 0 0 20 20 0 0 0 0 0 0 0 0 0 0 0 0 0 0 0 0 0 0 0 0 0 0 0 0 0 0 0 0 0 0 0 0 0 0 12 2 2 15 0 0 0 0 0 0 0 2 0 0 0 0 0 0 0 0 0 0 11 0 0 0 0 12 0 0 0 0 15 0 0 8 
 0 0 0 0 5 139 1 0 0 0 0 0 0 0 3 0 4 2 0 0 315 139 186 564 82 261 119 109 157 0 406 96 118 129 158 321 249 31 81 175 0 4 0 0 4 0 56 0 2 3 0 0 3 0 0 0 0 4 0 0 0 0 0 0 3 0 0 0 5 2 0 0 2 0 0 0 0 3 0 0 0 0 0 0 1 0 0 0 0 0 0 8 0 0 0 0 0 0 0 0 17 11 0 31 5 0 15 14 13 6 34 42 0 1 1 26 1 7 0 17 0 0 0 0 0 0 0 0 7 0 0 0 24 0 1 0 0 18 12 0 0 0 0 0 0 0 0 0 0 0 0 0 0 11 16 0 0 0 0 0 0 1 0 0 0 0 0 0 0 0 0 0 0 0 0 0 0 0 0 7 12 19 10 0 34 9 13 11 25 5 0 22 0 8 57 49 17 35 0 11 0 0 0 0 0 0 0 0 0 0 0 0 12 0 0 0 0 20 0 12 0 0 0 0 0 0 0 0 0 0 0 0 0 0 0 0 0 0 0 0 0 0 0 0 0 0 0 0 0 1 0 0 0 0 6 0 2 82 76 0 5 13 0 0 0 0 0 0 0 0 0 0 0 0 0 0 0 0 0 0 0 0 0 0 0 0 0 0 0 0 
 3 3 3 15 7 5 4 3 2 60 3 3 3 4 3 4 5 6 3 5 106 115 59 216 256 184 24 35 64 406 0 78 237 38 277 226 478 408 45 91 62 3 0 0 2 0 1 71 2 2 0 0 69 84 0 0 0 3 0 63 0 0 1 0 3 0 0 51 0 2 0 0 2 0 0 0 0 0 1 0 0 0 0 0 0 0 0 0 0 0 0 0 0 0 1 0 0 0 2 0 0 2 10 18 92 72 0 0 0 12 0 0 0 26 0 10 11 0 0 0 0 0 12 1 0 0 21 0 11 0 23 0 0 16 11 0 0 0 13 32 0 0 0 0 0 0 0 2 0 0 0 0 0 0 0 0 0 0 0 0 0 0 2 0 0 0 5 0 0 0 0 0 0 0 0 0 0 3 0 0 0 8 12 17 12 43 10 0 0 38 2 0 0 9 6 0 2 11 0 0 11 0 0 0 0 1 11 1 10 0 0 0 14 10 75 15 0 0 0 0 0 2 0 0 1 0 0 0 0 0 0 0 0 0 0 0 2 15 12 0 0 0 0 0 0 0 0 0 0 0 0 0 0 0 4 0 0 0 78 1 1 1 0 0 0 2 0 0 0 0 0 0 0 0 1 0 0 0 0 0 0 0 0 0 0 0 13 0 0 0 
 0 1 0 82 3 2 3 0 0 1 2 0 0 0 0 0 0 4 0 0 171 357 108 147 152 340 159 165 263 96 78 0 39 59 151 47 77 450 29 48 62 3 11 0 0 3 65 62 2 2 0 0 66 61 0 0 0 3 0 81 0 0 0 0 3 0 0 0 3 2 0 0 3 0 0 0 0 0 0 0 0 0 0 0 0 0 2 0 0 0 0 0 0 0 0 0 0 0 0 0 0 12 0 8 13 32 0 0 0 0 27 28 0 0 11 15 16 0 0 0 0 0 0 0 0 0 15 0 37 0 0 0 0 0 0 0 0 6 23 12 4 0 24 0 0 0 0 0 0 0 0 0 0 0 0 4 0 1 0 0 0 0 0 0 0 0 5 6 0 0 0 0 0 0 0 0 0 4 1 0 0 21 21 6 13 1 0 0 13 34 22 12 0 0 22 27 17 10 0 7 35 0 20 0 0 0 12 61 27 0 0 0 34 0 32 6 0 0 9 13 0 0 0 0 0 0 0 14 0 0 12 0 2 0 0 0 0 0 1 0 0 0 8 0 15 2 0 0 0 0 0 0 0 0 5 1 4 77 7 0 4 2 0 0 0 2 0 0 0 0 0 0 0 0 0 0 0 2 0 0 0 11 0 0 0 0 0 0 0 0 
 0 1 0 73 6 0 0 0 7 76 0 100 2 0 0 73 0 0 0 1 48 126 60 61 71 304 253 304 179 118 237 39 0 360 89 56 37 36 354 140 0 3 6 0 0 1 0 0 2 2 0 0 3 0 0 0 0 3 0 0 0 0 0 0 3 0 3 0 0 2 16 0 2 0 0 0 0 0 0 0 0 0 0 15 14 21 0 15 0 0 20 16 0 0 0 0 1 0 0 2 105 23 2 1 16 0 29 45 0 0 23 27 8 10 34 0 0 16 2 24 10 0 0 0 0 0 0 0 0 0 0 2 0 0 0 0 0 0 0 0 0 0 0 2 0 0 0 0 0 0 0 2 0 5 0 0 0 0 0 0 0 0 0 0 0 1 0 0 0 0 34 0 0 0 1 13 0 0 0 0 12 51 18 0 0 2 6 14 11 19 47 0 30 0 17 0 47 10 38 0 0 0 0 0 0 0 0 0 0 0 1 0 0 0 0 0 0 0 0 0 1 0 1 0 0 0 0 0 0 0 0 0 0 0 0 0 12 0 0 0 0 0 0 0 0 0 0 0 0 74 0 0 0 0 20 0 0 78 0 0 6 13 0 0 0 0 7 0 0 0 0 0 0 0 0 0 0 0 0 0 0 1 0 0 0 1 0 0 0 0 
 0 0 2 0 153 2 2 0 0 79 79 73 0 0 2 1 0 0 0 0 134 47 257 389 185 264 162 270 132 129 38 59 360 0 341 120 58 45 293 72 0 3 0 0 0 0 0 0 2 2 0 0 4 0 0 0 1 3 0 0 1 0 2 0 3 0 4 0 3 6 0 0 5 0 0 0 0 0 46 0 1 0 0 10 2 1 0 0 0 0 14 0 0 2 0 0 0 0 0 0 9 13 0 22 0 0 0 11 0 22 12 14 7 28 1 12 13 0 11 0 0 0 0 0 0 0 18 14 0 0 0 0 18 1 0 0 0 0 9 19 0 0 0 0 1 0 0 0 0 0 0 0 0 0 0 0 0 1 0 0 0 0 1 2 12 15 0 0 24 0 0 0 0 18 0 0 0 0 0 0 10 7 1 21 3 0 7 20 18 0 11 13 12 0 19 0 0 10 9 0 0 0 0 0 0 0 0 0 0 0 0 0 4 0 0 0 0 0 0 26 0 0 0 0 0 0 17 0 0 0 0 0 2 0 0 0 11 0 0 0 0 0 0 0 0 0 81 0 0 17 0 0 0 0 6 0 0 2 0 0 13 0 0 0 0 0 0 0 0 0 0 0 0 0 0 0 0 8 0 0 0 0 0 0 0 0 0 0 0 0 
 2 2 2 2 8 2 3 8 3 4 2 100 2 4 2 2 2 2 2 7 27 439 109 266 192 72 212 290 159 158 277 151 89 341 0 176 244 79 144 387 0 3 0 0 1 3 0 0 2 8 1 0 3 0 0 0 0 3 0 1 0 0 27 0 3 19 1 0 0 2 0 0 2 0 0 0 0 0 0 0 0 0 0 2 7 0 0 0 0 0 0 20 0 0 0 0 0 6 0 0 54 22 49 0 1 19 0 37 10 8 37 20 12 0 0 0 2 9 18 21 0 0 0 0 0 0 11 0 0 0 19 9 8 0 2 0 0 0 22 0 0 0 0 0 0 0 0 0 0 0 0 4 1 2 7 0 0 0 0 0 0 3 0 0 0 1 0 0 14 11 0 0 0 0 0 0 0 0 0 0 12 1 43 9 10 0 7 3 13 0 41 7 0 0 34 0 18 0 0 6 8 0 0 0 0 0 0 0 0 0 0 0 19 8 16 0 0 0 0 25 0 0 0 0 0 0 0 0 0 0 0 0 0 0 0 0 13 0 0 0 0 0 19 0 0 0 0 0 0 174 0 0 0 1 4 0 0 3 2 8 2 0 0 0 0 0 7 0 0 0 0 0 0 0 0 0 0 0 0 3 0 12 0 0 0 0 0 0 0 0 
 0 0 0 0 4 2 0 1 0 1 0 0 0 0 2 2 0 2 0 0 305 217 207 359 217 132 33 26 305 321 226 47 56 120 176 0 223 47 27 62 0 3 0 0 2 0 3 0 2 9 2 0 78 0 0 0 0 4 28 93 0 0 0 0 4 2 1 0 0 2 0 2 2 0 0 0 0 2 0 0 0 0 0 26 0 0 0 0 0 0 0 0 0 0 0 0 0 0 0 0 2 15 36 44 41 0 0 6 16 32 0 28 1 27 0 24 15 32 9 0 0 0 0 0 0 0 8 0 8 0 0 0 7 9 1 0 0 7 0 16 0 0 0 0 0 0 0 0 0 0 0 7 0 0 0 0 0 0 0 0 0 0 0 0 0 0 28 0 0 0 0 0 0 0 0 0 0 0 0 0 7 27 11 14 0 16 6 0 11 15 0 12 0 37 0 18 0 19 10 5 0 0 0 0 0 0 0 0 0 0 0 0 1 34 0 0 5 0 0 39 0 0 0 0 0 0 0 0 0 15 0 0 0 0 0 0 0 0 0 0 0 0 0 0 0 0 75 0 0 0 0 0 0 0 21 2 0 155 1 0 18 3 9 0 0 0 0 0 0 0 0 0 0 0 0 0 0 0 0 0 0 9 0 0 0 0 13 0 0 0 
 0 0 0 0 0 65 0 5 0 0 0 0 0 0 0 6 0 0 0 0 47 134 338 90 326 70 245 65 92 249 478 77 37 58 244 223 0 221 45 123 0 4 0 0 4 0 73 0 2 2 0 0 132 63 0 64 0 3 61 155 0 3 2 0 3 0 5 0 0 2 0 0 2 0 0 0 0 1 0 0 0 0 0 0 0 0 0 0 0 0 0 0 0 0 0 0 0 0 0 0 12 0 0 32 34 30 16 14 0 14 12 0 0 0 1 12 28 15 0 19 13 0 0 0 0 0 10 9 6 0 0 0 4 28 24 0 0 0 19 28 0 0 0 0 0 0 0 0 0 12 0 0 0 0 0 0 0 0 0 0 0 0 3 26 0 0 5 0 0 0 0 0 0 0 0 0 0 5 0 0 14 0 12 4 10 36 0 0 0 45 10 14 0 0 1 0 25 33 13 1 0 1 0 0 0 0 1 17 0 0 0 0 2 11 15 0 0 0 20 18 0 0 0 0 0 0 0 0 0 0 0 0 0 0 12 0 0 0 0 0 0 0 0 0 0 0 0 0 0 0 0 0 0 0 12 0 2 9 41 0 0 11 0 0 0 0 0 0 0 0 0 0 0 0 0 0 0 0 0 0 0 0 0 0 0 0 57 0 0 0 
 0 0 0 0 0 0 0 0 0 0 0 0 0 0 0 0 0 2 0 2 231 56 203 134 116 49 91 77 456 31 408 450 36 45 79 47 221 0 109 78 0 3 0 0 0 0 132 0 2 5 0 1 166 108 0 0 0 3 2 129 0 0 0 0 3 0 1 2 0 2 0 0 54 0 0 0 0 0 0 0 0 0 0 0 0 0 0 0 0 0 0 0 0 0 0 0 2 0 0 0 0 1 0 34 1 39 17 17 19 0 0 0 18 0 0 0 2 9 2 0 1 3 0 0 0 0 9 8 14 0 44 1 10 9 28 0 0 0 37 34 5 0 2 0 0 0 2 0 0 2 0 0 0 0 0 8 0 0 0 0 0 0 0 0 0 0 2 8 0 0 0 0 0 0 1 0 0 4 0 0 0 0 0 7 0 17 0 15 0 76 10 0 1 0 0 23 12 0 9 0 20 0 8 0 0 0 12 15 4 0 0 0 21 22 17 12 1 0 20 91 2 0 2 0 0 0 0 0 0 0 0 0 0 0 0 0 0 0 0 0 0 0 0 0 0 0 0 0 0 0 0 0 0 0 13 0 3 79 1 0 0 0 0 0 0 0 0 0 0 0 0 0 0 0 0 0 0 0 0 0 0 0 0 0 0 0 0 0 0 0 
 2 74 0 0 76 0 0 1 75 75 76 171 0 0 0 64 1 62 0 0 40 36 131 466 68 51 334 43 68 81 45 29 354 293 144 27 45 109 0 57 2 5 5 3 0 0 1 3 2 5 0 3 1 0 0 2 0 3 5 0 1 0 0 0 8 0 2 1 0 2 0 0 5 0 2 0 0 7 2 0 0 0 0 65 11 12 0 0 1 8 32 0 0 0 0 0 0 0 0 0 8 45 23 0 0 13 64 29 16 0 5 0 29 20 25 0 0 0 21 24 0 0 0 0 0 0 0 9 0 1 0 0 0 0 0 0 0 0 0 0 0 0 0 0 5 0 0 0 0 0 0 0 0 0 0 0 0 0 0 0 0 0 0 9 12 12 0 0 12 1 14 11 0 0 0 0 9 11 0 2 13 11 1 0 0 0 10 28 11 9 32 9 38 25 12 0 30 12 20 8 0 0 0 0 0 0 0 0 0 0 0 0 0 0 0 0 0 0 0 0 0 0 0 0 0 0 12 0 0 0 0 0 0 3 2 0 11 0 0 0 0 0 0 0 0 0 0 0 0 92 0 0 0 0 10 0 2 0 0 2 0 0 0 0 0 0 0 0 0 0 0 0 0 0 0 0 1 0 0 0 0 0 0 0 0 0 0 0 0 0 
 0 0 0 72 0 84 1 0 3 75 21 93 4 2 1 0 3 134 0 1 256 127 99 365 81 71 240 212 103 175 91 48 140 72 387 62 123 78 57 0 3 5 0 0 2 4 1 0 2 2 0 2 2 5 3 0 0 4 1 0 0 0 2 0 5 0 0 0 6 2 0 0 5 3 0 0 0 2 42 0 0 1 13 0 13 12 0 0 0 0 9 1 0 0 0 0 0 0 0 2 34 0 31 1 5 0 17 20 1 3 27 0 26 3 30 13 1 2 13 27 11 0 0 0 0 0 0 0 0 0 0 11 0 0 0 0 0 21 0 0 0 0 1 2 0 0 0 0 0 0 0 0 10 11 0 0 0 0 0 0 0 19 0 11 18 15 0 0 0 0 12 11 0 0 1 0 11 0 0 4 10 12 25 0 38 1 16 49 22 17 0 29 0 7 14 22 16 11 17 38 0 0 0 9 0 0 0 0 0 0 0 0 0 1 0 0 0 0 0 0 1 0 1 0 0 0 0 10 0 0 0 0 0 1 0 0 0 0 0 0 0 0 0 0 0 0 1 0 0 75 0 0 0 0 6 0 0 85 0 0 0 2 0 0 0 0 0 0 0 0 0 0 0 0 0 0 0 0 0 45 0 0 0 0 0 11 0 0 0 0 
 0 0 0 0 3 0 0 2 0 0 2 0 0 0 0 0 0 2 0 0 0 0 0 6 20 97 0 0 0 0 62 62 0 0 0 0 0 0 2 3 0 85 144 150 47 93 391 127 41 37 76 24 122 57 95 124 91 94 105 63 5 2 0 0 6 0 6 2 64 6 4 2 0 0 0 0 2 0 0 0 0 0 0 0 0 0 0 0 0 0 0 0 0 9 0 0 0 0 0 0 0 0 0 0 12 7 0 0 0 0 0 0 0 0 0 0 0 0 0 0 6 7 25 0 10 0 0 1 15 0 36 1 9 24 10 42 0 5 0 0 0 0 2 3 3 2 0 4 0 0 0 5 19 3 1 12 3 0 9 2 0 0 0 0 1 0 0 0 0 0 0 0 9 0 0 0 0 0 0 0 0 0 0 0 0 16 0 0 0 0 0 0 0 0 0 0 0 0 0 0 7 23 0 5 0 0 11 23 86 15 8 0 15 9 5 7 34 28 29 0 0 1 3 0 0 0 0 23 0 0 0 0 0 0 7 0 0 0 8 0 0 0 0 0 0 0 0 0 0 0 0 13 0 0 0 0 0 0 0 8 62 0 0 13 1 4 3 66 0 0 15 0 0 0 47 0 0 0 0 0 0 0 0 0 0 0 0 0 0 0 
 3 0 0 0 3 0 65 0 0 0 0 0 0 0 0 0 0 2 0 0 7 3 4 3 4 3 3 3 3 4 3 3 3 3 3 3 4 3 5 5 85 0 118 129 25 44 253 167 261 69 96 36 119 154 364 240 36 184 265 51 51 0 0 0 0 0 0 5 0 55 6 0 77 0 0 5 0 32 0 0 0 0 0 0 0 0 0 0 0 0 0 0 0 0 0 0 0 0 0 0 0 0 0 0 0 13 0 0 0 0 0 0 0 0 0 0 0 1 0 0 0 5 11 9 4 0 8 0 31 0 6 3 1 3 8 26 14 9 7 0 0 0 0 0 0 0 0 7 0 4 8 11 0 0 5 0 0 0 0 0 0 0 0 0 0 4 0 2 0 0 0 2 0 0 0 0 0 0 5 0 0 0 0 0 0 19 0 0 0 0 1 0 0 0 0 0 1 0 16 0 7 24 18 0 0 0 47 3 14 11 10 16 18 1 6 9 43 18 15 19 0 3 0 0 0 14 9 0 0 2 0 0 0 11 0 15 0 0 0 6 0 0 0 0 0 0 0 0 0 0 0 8 0 1 0 0 0 0 0 2 0 0 0 0 0 2 0 0 2 0 25 0 0 0 0 5 12 0 0 0 0 0 0 0 9 0 0 0 0 0 
 3 3 0 0 1 0 0 0 2 0 0 0 0 0 0 0 0 0 0 0 2 0 2 0 71 62 3 2 3 0 0 11 6 0 0 0 0 0 5 0 144 118 0 119 102 262 72 241 245 85 59 124 75 59 67 259 39 234 33 73 0 0 0 0 0 0 129 0 0 0 0 0 0 0 0 0 24 0 53 0 0 0 0 0 0 0 0 0 0 0 0 0 0 0 0 0 0 0 0 20 0 1 0 0 14 1 8 0 0 0 0 0 9 0 4 0 0 31 0 0 11 0 0 10 15 13 0 8 1 16 0 2 0 0 0 11 35 0 2 0 0 0 0 0 0 0 24 1 0 0 1 0 0 0 0 0 0 0 12 10 0 0 0 0 13 0 0 0 0 0 0 0 0 1 0 0 0 0 0 0 0 18 2 0 0 0 0 4 6 3 16 0 0 0 0 0 4 0 0 0 1 17 1 11 4 63 0 31 9 27 23 15 0 2 9 24 8 0 0 0 12 0 0 0 0 0 0 0 0 0 0 0 0 2 0 0 0 0 34 15 0 0 0 0 0 0 0 0 0 0 0 3 0 0 0 0 0 0 0 4 0 0 1 1 65 11 0 68 0 0 0 0 0 0 0 0 0 0 0 0 0 0 0 0 1 16 0 0 0 0 
 3 3 3 3 4 3 3 3 6 3 3 3 65 3 8 3 3 5 3 3 0 0 0 2 0 125 0 0 0 0 0 0 0 0 0 0 0 0 3 0 150 129 119 0 85 30 283 46 90 123 556 105 70 75 130 118 104 119 385 78 0 0 0 0 4 0 0 0 0 0 0 0 0 0 0 0 0 0 53 8 0 0 0 0 0 0 0 0 0 0 0 0 0 0 0 0 0 0 0 0 0 0 0 0 0 0 0 0 0 0 0 0 0 0 0 0 0 0 0 0 2 0 11 68 4 18 15 15 1 15 17 0 2 0 15 18 8 11 0 0 33 0 0 0 0 0 6 0 7 0 1 0 39 0 1 0 0 0 0 0 0 0 0 0 0 0 0 0 0 0 0 0 5 0 0 0 7 0 0 0 0 0 0 0 0 1 0 0 0 0 0 0 0 0 0 0 0 0 0 0 0 11 23 11 7 1 14 0 6 40 14 16 0 0 0 12 30 47 6 0 18 0 0 0 0 0 19 0 6 0 0 0 2 42 0 0 0 0 8 13 0 0 0 0 0 0 0 0 0 0 0 11 0 0 0 0 0 0 0 14 0 0 63 63 0 4 0 67 1 0 0 0 0 0 0 0 0 0 0 0 0 0 0 0 0 0 0 0 0 0 
 0 0 0 0 0 0 0 0 0 0 0 0 0 0 3 0 0 0 0 0 1 0 0 2 0 3 0 0 0 4 2 0 0 0 1 2 4 0 0 2 47 25 102 85 0 163 45 284 80 125 95 408 64 293 270 98 94 83 92 92 51 53 0 0 0 2 0 0 0 0 0 0 53 1 24 0 71 53 110 1 0 0 0 0 0 0 0 0 0 0 0 0 0 0 7 0 0 0 0 0 0 0 0 0 0 0 0 0 0 0 0 0 0 0 0 0 1 0 0 0 0 0 0 0 0 20 0 0 0 1 0 0 1 0 0 0 0 0 0 24 0 21 0 12 0 0 0 4 1 21 0 0 0 44 8 10 19 0 25 0 0 0 0 1 0 0 0 0 0 0 0 0 0 14 0 0 0 0 0 0 0 0 0 0 0 10 0 0 0 0 10 0 0 0 0 0 0 6 0 0 1 0 0 0 53 19 0 0 0 0 10 11 1 25 0 0 0 1 0 0 1 38 14 0 0 0 7 0 10 9 31 0 26 43 27 16 19 7 45 0 0 0 0 0 0 0 0 0 0 0 0 7 0 0 0 0 0 0 2 0 0 29 1 0 0 8 2 0 0 0 0 0 0 0 0 0 0 0 0 0 0 2 0 0 0 0 0 0 0 0 
 2 2 3 2 6 2 3 3 3 2 4 2 2 3 2 4 5 2 4 2 4 75 7 0 3 0 2 9 1 0 0 3 1 0 3 0 0 0 0 4 93 44 262 30 163 0 52 42 275 187 357 89 255 117 73 345 103 346 58 145 102 0 0 0 59 0 0 0 0 0 0 0 0 6 21 0 3 0 102 47 0 0 0 0 0 0 0 0 0 0 0 0 0 17 0 0 0 0 0 0 0 3 0 0 0 0 0 0 0 0 3 9 0 0 0 0 4 0 0 0 0 0 0 6 1 25 0 0 0 0 0 20 0 0 0 15 1 0 7 0 19 3 1 12 0 0 0 13 1 0 0 0 0 2 0 10 0 0 33 14 0 0 5 1 0 0 0 0 0 0 0 0 0 0 0 0 0 0 0 0 0 0 7 0 0 2 0 0 0 0 0 0 6 0 4 0 0 0 0 0 5 0 8 15 2 19 0 0 0 0 11 11 6 0 1 0 0 0 0 0 2 19 0 0 0 0 27 0 31 28 0 0 14 9 8 19 0 0 0 27 0 0 12 0 0 0 0 0 0 0 0 7 6 0 0 0 0 0 0 1 0 0 117 0 0 1 0 0 5 0 0 0 0 0 0 0 0 0 0 0 0 19 0 0 6 14 0 0 0 0 
 0 3 0 0 0 0 0 0 0 1 0 0 6 0 0 0 0 0 0 0 1 0 66 0 0 0 0 0 70 56 1 65 0 0 0 3 73 132 1 1 391 253 72 283 45 52 0 125 36 41 15 35 203 514 90 94 306 44 123 114 0 3 1 2 0 0 4 3 0 0 0 0 2 0 0 0 0 1 0 0 29 0 0 0 0 0 0 0 0 0 0 0 0 0 0 0 0 0 0 0 0 0 0 0 0 11 0 0 0 0 0 0 0 0 0 0 2 0 0 0 0 37 11 1 10 0 9 9 10 0 0 10 0 20 0 6 9 17 6 6 0 0 0 0 0 0 0 0 0 0 0 0 0 0 0 0 0 0 0 0 0 0 0 0 0 0 0 7 0 0 0 2 0 0 0 0 0 0 7 0 0 0 0 7 0 18 0 0 0 13 0 0 0 0 0 0 0 0 0 0 20 6 22 0 0 0 25 0 29 0 11 0 29 0 8 13 1 3 21 32 0 0 0 0 0 9 0 0 1 6 0 0 0 0 0 12 0 0 0 0 0 0 0 0 0 2 0 0 0 0 0 7 0 0 0 0 0 69 0 0 0 0 0 0 0 0 0 0 1 0 7 0 0 0 0 0 0 0 0 0 0 0 0 0 0 0 0 0 0 0 
 0 4 2 0 1 0 3 0 4 0 0 0 0 0 0 46 0 0 0 5 0 0 0 3 20 32 0 0 1 0 71 62 0 0 0 0 0 0 3 0 127 167 241 46 284 42 125 0 82 102 27 144 116 143 72 345 113 32 135 40 0 0 0 0 1 0 0 4 0 0 0 0 209 0 0 0 0 0 4 0 0 4 0 0 0 0 0 3 0 0 0 0 0 0 3 0 8 0 41 0 0 0 0 0 16 23 0 0 0 0 0 0 0 0 0 0 0 0 0 0 31 22 2 0 10 0 10 0 21 1 0 11 0 22 6 21 40 10 8 0 0 0 0 0 0 0 9 0 0 0 0 0 0 0 0 0 0 0 0 11 0 2 0 0 2 0 0 0 0 3 0 0 0 0 0 0 0 0 0 0 0 0 0 13 0 8 0 0 0 0 0 0 0 0 0 0 0 0 0 0 19 16 0 0 22 0 24 26 18 0 12 0 11 13 6 5 0 1 11 0 9 0 0 0 0 0 0 0 0 0 0 0 0 0 0 0 0 0 0 0 0 0 0 0 0 0 0 0 0 17 0 3 0 2 0 0 0 0 0 0 0 0 0 1 6 3 0 0 0 0 25 0 0 0 0 0 0 0 0 0 0 0 0 0 0 0 0 0 1 0 
 0 0 0 0 0 0 0 0 0 0 0 0 0 0 0 2 0 0 0 0 23 2 2 2 2 2 2 2 2 2 2 2 2 2 2 2 2 2 2 2 41 261 245 90 80 275 36 82 0 392 162 161 88 93 204 68 46 366 77 112 0 0 3 3 4 0 24 0 0 0 0 0 0 0 0 0 0 0 50 0 0 0 0 0 0 0 0 0 0 0 0 0 0 0 0 0 0 0 0 0 0 0 0 0 0 0 0 0 0 0 0 0 0 0 0 0 22 0 0 0 0 4 10 18 17 16 0 0 0 25 8 8 0 0 0 14 29 0 0 0 0 0 0 0 0 0 23 0 0 0 0 0 0 16 0 0 0 0 3 2 0 0 0 0 3 0 0 0 0 0 0 0 0 0 0 0 0 0 0 0 0 0 0 0 0 0 0 0 0 0 0 0 0 0 0 0 0 0 0 0 0 6 0 0 24 24 0 0 0 16 23 84 0 0 0 0 19 0 0 0 31 0 0 10 5 0 0 0 9 0 0 0 55 9 1 0 0 7 8 47 0 0 0 0 7 0 0 0 0 0 0 7 2 0 0 0 0 0 0 1 0 2 66 0 65 0 0 68 0 1 0 0 0 0 0 0 0 0 0 0 0 0 0 0 9 12 0 12 0 0 
 4 6 2 5 7 3 2 2 2 9 2 2 3 2 3 3 3 3 3 39 19 2 2 2 2 2 2 2 4 3 2 2 2 2 8 9 2 5 5 2 37 69 85 123 125 187 41 102 392 0 156 179 68 62 100 195 195 189 285 102 0 0 0 0 2 54 54 0 4 4 0 0 0 4 0 0 0 0 53 16 0 0 0 7 0 0 0 0 0 0 0 0 0 0 0 0 33 0 0 0 17 0 2 0 0 0 0 4 0 6 0 0 3 4 0 6 0 0 8 0 0 0 0 7 1 25 0 0 0 7 0 13 0 0 0 0 46 0 0 0 0 32 0 0 0 0 18 13 0 21 0 0 1 33 0 0 0 0 3 24 0 0 0 0 4 0 0 0 0 0 0 0 0 0 0 0 0 0 0 0 12 0 0 0 0 0 3 0 0 0 0 2 2 0 0 6 0 0 6 0 0 0 7 11 16 2 0 0 0 0 2 0 14 0 0 23 0 0 0 0 31 18 0 0 0 0 4 0 8 12 0 0 14 10 0 0 2 0 1 29 0 0 10 0 0 0 4 0 0 0 0 12 0 0 0 0 0 0 0 1 0 26 71 0 1 2 0 0 0 0 0 0 0 0 0 0 0 0 0 0 0 0 0 0 15 11 0 0 0 0 
 3 3 3 3 9 3 3 62 5 3 3 3 68 3 5 5 5 3 3 3 2 0 0 3 0 62 0 0 0 0 0 0 0 0 1 2 0 0 0 0 76 96 59 556 95 357 15 27 162 156 0 49 45 53 122 87 122 100 29 60 51 2 0 3 9 0 0 0 0 2 0 0 0 0 0 0 4 0 0 54 0 0 0 0 0 0 0 0 0 0 0 0 0 0 0 0 0 0 0 0 0 0 0 12 0 0 0 0 0 0 0 0 0 0 0 0 0 0 0 0 0 18 45 57 6 0 0 0 0 13 47 7 22 0 22 41 26 0 0 0 0 0 0 0 0 0 11 0 5 0 0 0 32 0 5 0 0 0 9 0 0 0 0 0 0 0 0 0 0 0 0 0 4 0 0 0 0 0 0 0 0 0 0 0 12 0 12 0 0 0 0 0 0 0 7 0 0 0 0 0 0 22 2 30 13 18 0 7 12 41 4 21 0 0 0 19 37 28 28 59 0 0 0 0 0 0 37 0 11 0 5 0 0 25 0 0 0 0 21 43 0 0 0 0 0 0 0 0 0 0 0 2 0 0 0 0 0 0 2 42 0 0 39 31 1 4 0 64 1 0 0 0 0 0 0 0 0 0 0 0 0 0 0 0 17 0 0 12 0 0 
 1 0 5 2 8 3 0 7 0 2 3 2 2 0 0 7 0 6 0 0 3 1 1 1 0 5 4 0 0 0 0 0 0 0 0 0 0 1 3 2 24 36 124 105 408 89 35 144 161 179 49 0 35 20 101 528 61 157 51 42 0 6 0 0 0 5 51 5 1 0 2 0 50 0 0 0 0 0 97 0 0 0 3 0 0 2 0 0 0 1 3 0 0 0 0 6 0 8 0 0 2 0 0 0 0 0 0 0 0 0 0 0 0 0 0 0 0 0 0 4 0 0 3 26 0 23 0 0 0 22 0 0 0 0 1 1 36 0 0 0 19 9 0 0 0 0 37 20 0 0 0 0 0 0 8 0 21 0 6 9 0 0 0 0 4 8 0 0 0 0 5 0 0 0 0 0 6 0 0 0 0 0 0 0 0 0 2 0 0 0 0 0 0 2 0 0 0 0 0 0 0 1 0 0 33 8 0 8 0 11 3 1 0 0 12 12 20 0 0 0 40 24 0 2 0 0 12 0 4 0 16 0 19 5 36 0 0 0 0 11 0 0 0 0 0 0 0 0 0 0 0 10 0 0 0 0 0 0 0 0 0 1 9 0 0 0 4 2 2 4 0 0 0 0 0 0 0 0 0 0 0 3 0 1 0 0 0 0 0 0 
 2 2 2 2 2 2 65 2 2 2 2 2 2 2 2 2 4 2 2 2 0 1 159 65 152 2 2 3 203 3 69 66 3 4 3 78 132 166 1 2 122 119 75 70 64 255 203 116 88 68 45 35 0 256 134 44 117 42 175 203 0 52 0 0 0 0 1 0 0 0 0 0 3 0 0 0 0 4 3 23 0 0 23 0 0 0 0 0 0 0 0 0 0 0 0 0 0 0 0 0 0 0 2 10 18 1 0 0 0 11 0 0 0 0 0 0 0 10 0 0 11 27 5 0 20 4 0 2 11 0 19 0 9 10 21 7 1 19 7 17 0 5 0 0 0 0 0 0 4 0 0 0 4 0 0 0 0 2 0 1 0 0 0 0 0 0 0 3 0 0 0 0 0 0 0 0 0 0 2 0 0 0 0 7 0 22 0 0 0 31 0 0 0 0 0 0 0 0 0 7 18 0 10 0 0 8 20 8 29 0 19 3 14 11 9 19 0 0 58 14 7 0 0 0 0 0 0 0 0 0 0 0 5 49 0 0 5 5 0 0 0 0 0 0 0 0 0 0 0 0 0 5 0 1 0 0 0 71 0 2 0 0 1 0 0 0 1 0 0 0 7 0 0 0 0 0 47 0 0 0 0 0 6 0 12 0 12 0 1 0 
 3 3 3 3 5 3 3 4 3 3 3 3 3 3 3 3 3 6 3 3 1 0 81 0 63 62 0 0 65 0 84 61 0 0 0 0 63 108 0 5 57 154 59 75 293 117 514 143 93 62 53 20 256 0 430 172 42 101 103 335 49 0 0 0 7 1 0 1 0 0 0 0 1 0 0 0 0 0 0 0 0 0 0 0 0 0 0 0 0 0 0 0 0 0 0 0 0 0 0 0 0 0 0 19 4 24 0 0 0 0 0 0 0 0 0 0 0 7 0 0 13 6 11 1 18 0 9 8 41 0 0 36 10 9 20 13 0 0 6 19 0 0 0 0 0 0 0 8 0 0 3 0 18 9 4 0 0 0 0 0 0 0 0 0 0 4 0 0 0 0 0 2 0 1 0 0 0 0 1 0 0 0 0 9 0 43 0 0 0 3 0 0 0 0 7 0 0 0 0 0 15 12 8 0 0 0 15 3 10 0 0 0 24 10 9 26 1 11 34 18 0 0 0 0 0 0 0 0 0 0 0 0 0 0 0 0 0 0 0 0 0 0 0 0 0 0 0 0 0 0 0 10 0 0 0 0 0 0 0 0 0 0 2 0 0 12 1 0 1 0 13 0 0 0 0 0 0 0 0 0 0 0 0 0 0 0 0 0 0 0 
 0 0 0 0 0 0 0 0 0 0 2 0 0 0 0 3 0 3 0 0 49 6 0 2 0 62 0 0 0 0 0 0 0 0 0 0 0 0 0 3 95 364 67 130 270 73 90 72 204 100 122 101 134 430 0 322 39 263 97 174 2 0 0 0 8 0 2 3 5 0 0 33 6 28 0 0 0 0 50 0 0 0 0 0 0 0 0 0 0 0 0 0 0 0 0 0 0 0 0 0 0 0 0 0 0 14 0 0 0 0 0 0 0 0 0 0 0 0 0 0 9 13 34 16 0 9 0 6 0 28 28 6 0 0 7 16 20 2 0 0 0 4 0 15 1 0 2 8 2 0 0 0 0 0 0 2 0 17 0 2 0 0 0 0 0 4 0 2 0 0 0 2 0 0 9 0 0 0 17 0 0 0 0 0 0 0 0 0 0 0 1 0 0 0 0 0 1 0 0 0 0 10 0 11 0 19 0 12 27 31 3 42 35 0 0 25 30 33 47 19 37 0 1 0 0 0 9 0 0 0 0 0 12 9 0 0 13 8 10 10 0 0 0 0 0 0 0 0 0 0 0 6 0 0 0 0 0 0 0 0 0 0 3 0 1 0 2 68 1 0 0 0 0 0 0 0 0 0 0 0 0 0 4 0 18 13 0 9 0 0 
 3 0 0 0 3 0 0 0 2 0 0 0 0 0 0 3 0 3 0 0 3 0 0 1 0 119 0 0 0 0 0 0 0 0 0 0 64 0 2 0 124 240 259 118 98 345 94 345 68 195 87 528 44 172 322 0 205 71 159 89 0 11 0 0 8 100 0 18 0 0 16 12 5 15 4 4 10 0 50 0 0 0 0 0 0 0 0 0 0 0 0 0 0 0 0 0 0 0 0 0 0 0 2 0 0 0 0 0 0 0 0 0 0 0 0 11 0 0 0 0 13 27 43 10 38 0 29 10 29 0 4 10 0 34 1 32 0 26 0 0 7 0 3 0 0 8 0 2 0 7 12 0 0 0 0 0 0 0 0 0 0 0 0 0 0 5 0 0 0 0 0 11 0 0 0 0 7 0 0 0 0 0 0 0 0 15 0 0 0 0 0 0 0 0 0 0 0 0 0 0 0 9 13 0 0 0 32 0 77 20 22 0 12 0 17 7 18 11 12 0 0 16 0 0 0 2 0 0 0 0 0 16 0 11 6 2 0 0 0 1 0 0 0 0 0 0 0 0 0 0 0 10 0 2 0 0 0 0 0 0 0 0 2 0 1 17 6 0 0 0 13 0 0 0 0 2 0 0 0 0 0 0 0 0 0 0 0 0 0 0 
 0 0 0 0 3 2 0 0 0 0 0 0 0 0 2 0 0 2 0 0 2 1 0 1 0 0 0 0 2 0 0 0 0 1 0 0 0 0 0 0 91 36 39 104 94 103 306 113 46 195 122 61 117 42 39 205 0 138 52 38 0 4 0 0 0 0 0 2 0 0 4 4 0 8 2 1 7 2 46 0 0 0 0 0 0 0 0 0 0 0 0 0 0 0 0 0 0 0 0 0 0 0 1 0 0 0 0 0 0 0 0 0 0 0 0 0 0 0 0 0 0 20 12 2 17 14 1 1 1 0 66 2 10 11 8 42 14 20 0 0 22 0 7 0 17 4 14 10 0 1 3 0 20 11 0 0 0 0 6 17 0 0 0 0 1 0 0 0 0 0 0 0 10 0 13 0 1 0 6 0 0 0 0 0 0 22 1 0 0 1 0 0 0 0 0 0 0 0 0 0 0 26 0 8 0 21 22 0 17 0 32 0 5 0 1 1 20 20 9 0 15 23 0 0 0 0 1 0 12 4 0 3 10 0 1 0 0 1 0 0 0 0 0 0 0 0 0 0 0 0 0 4 0 1 0 0 0 0 0 10 0 1 0 7 0 4 3 0 0 0 27 0 0 0 0 4 0 0 0 0 0 0 0 0 0 18 0 0 0 0 
 3 0 0 0 0 0 0 0 0 0 1 0 0 0 0 5 0 0 0 0 2 3 6 5 3 3 6 3 3 4 3 3 3 3 3 4 3 3 3 4 94 184 234 119 83 346 44 32 366 189 100 157 42 101 263 71 138 0 114 36 0 5 0 0 0 6 23 0 0 0 2 3 0 4 0 3 0 0 0 0 0 0 0 0 0 0 0 0 0 0 0 0 0 0 0 0 0 0 0 0 0 0 0 0 0 0 0 0 0 0 0 0 0 0 0 0 0 0 0 0 0 21 15 23 11 13 0 0 10 28 38 41 0 0 48 6 11 17 0 0 0 15 5 0 0 15 11 0 0 10 2 1 0 19 0 0 0 0 0 1 0 0 0 0 6 0 0 0 0 0 0 18 0 0 0 0 0 0 0 0 0 0 0 0 0 4 0 0 0 0 0 0 0 0 0 0 0 0 0 11 0 17 2 14 10 10 6 0 10 1 12 8 9 0 0 1 8 21 11 0 18 7 0 0 0 6 15 1 0 22 0 0 9 21 1 21 0 0 0 19 0 0 3 0 0 0 0 0 0 0 0 5 0 0 0 0 0 0 0 13 0 0 0 3 2 3 3 2 0 0 4 0 0 0 0 4 0 0 0 0 0 0 0 0 12 16 0 13 0 0 
 0 0 0 0 2 0 0 0 2 0 0 0 0 0 0 0 0 3 0 0 0 0 63 62 0 125 96 0 61 0 0 0 0 0 0 28 61 2 5 1 105 265 33 385 92 58 123 135 77 285 29 51 175 103 97 159 52 114 0 184 0 0 0 0 8 0 0 6 0 0 0 0 2 0 2 0 1 0 0 0 0 0 7 0 0 0 0 0 0 0 0 0 32 0 0 0 0 0 0 9 0 0 0 7 0 0 0 0 0 1 1 8 0 0 0 9 13 3 0 0 9 19 22 6 7 0 9 6 6 0 29 0 13 8 0 44 0 30 1 8 0 0 0 0 0 0 0 0 0 0 0 0 11 0 0 0 0 0 0 0 0 0 0 0 0 0 0 0 0 0 0 1 4 0 0 0 3 0 0 0 0 0 0 0 0 54 4 0 0 6 0 16 0 0 1 0 0 23 0 0 0 18 0 0 0 0 27 0 27 24 12 0 8 0 12 17 23 19 35 0 0 0 0 1 0 0 4 0 0 0 0 0 0 4 0 0 16 0 7 0 0 0 0 0 0 0 0 0 0 0 0 10 0 0 0 0 0 61 0 8 0 0 0 1 0 9 2 68 0 0 20 0 0 0 0 0 0 0 0 0 0 0 0 0 0 0 0 0 0 5 
 0 0 2 0 0 0 2 0 3 0 0 0 0 0 3 1 0 0 0 0 205 65 63 68 126 1 0 0 70 0 63 81 0 0 1 93 155 129 0 0 63 51 73 78 92 145 114 40 112 102 60 42 203 335 174 89 38 36 184 0 0 0 0 0 51 3 6 0 12 0 0 0 10 0 0 0 0 0 0 0 0 0 0 0 0 0 0 0 0 0 0 0 0 0 0 0 0 0 0 0 0 1 25 33 23 33 0 0 1 26 0 0 0 0 0 9 0 8 0 0 0 0 0 0 0 0 11 0 7 0 0 0 6 0 2 0 0 0 4 14 7 6 0 3 1 0 0 1 0 9 0 0 0 0 0 28 0 2 0 6 0 0 1 0 0 0 6 3 0 0 0 30 0 0 0 0 0 5 0 0 0 0 0 0 11 0 0 0 0 78 21 0 0 33 0 12 10 0 0 0 20 0 37 0 0 0 0 14 0 0 0 0 1 7 0 0 0 0 0 42 6 0 1 0 0 0 0 9 0 0 0 0 5 26 1 0 6 6 0 0 0 0 0 0 13 0 0 0 0 0 0 11 0 0 0 0 0 0 62 0 0 0 0 0 15 2 3 0 0 0 0 0 0 0 0 0 0 0 0 0 0 0 8 0 21 0 15 0 0 0 
 0 0 3 0 0 0 0 2 0 0 0 25 0 0 0 0 0 1 0 0 0 3 1 4 0 0 0 0 0 0 0 0 0 1 0 0 0 0 1 0 5 51 0 0 51 102 0 0 0 0 51 0 0 49 2 0 0 0 0 0 0 309 91 255 34 245 61 371 364 69 49 24 120 107 406 74 79 114 246 235 0 0 0 0 0 0 0 0 0 0 0 0 0 0 0 0 0 0 0 0 0 0 0 0 0 0 0 0 0 0 0 0 1 0 0 0 0 0 0 0 0 0 0 0 0 9 0 0 9 0 0 0 0 0 0 0 0 0 0 0 1 1 0 27 5 0 9 7 58 0 2 9 14 19 20 34 11 0 4 0 0 0 0 15 0 0 0 0 0 0 0 0 0 0 0 0 0 0 0 0 0 0 0 0 0 0 0 0 0 0 0 0 0 6 0 0 0 0 0 0 0 0 0 0 0 14 0 0 0 0 0 0 0 0 24 0 0 0 0 0 8 11 7 0 0 0 2 86 21 73 12 20 18 10 57 0 0 0 9 0 0 0 0 0 0 0 0 0 0 0 0 0 0 1 10 0 0 0 0 0 0 0 10 0 0 0 1 0 0 0 23 1 0 2 3 1 0 0 0 0 0 0 0 0 0 1 0 0 0 0 
