 0 82 71 58 44 57 153 132 119 132 218 229 192 164 56 118 429 29 155 120 4 3 0 0 3 24 0 3 0 7 3 3 0 1 0 0 3 4 8 2 0 2 0 0 2 64 0 0 2 2 4 0 0 0 3 3 0 3 0 0 1 0 0 0 0 0 0 3 0 0 0 3 0 3 1 0 3 1 5 48 19 101 13 16 11 14 24 0 0 17 0 0 0 4 0 26 16 21 0 17 32 0 0 0 0 0 0 0 0 0 0 0 0 0 0 0 0 0 0 0 0 0 0 0 2 2 0 0 0 0 0 0 0 0 0 0 2 0 0 0 0 0 0 0 0 1 0 0 0 0 0 0 0 0 0 0 0 0 0 0 10 28 15 18 0 10 0 26 0 28 17 10 22 19 0 22 11 11 0 26 1 0 0 0 0 1 0 15 0 0 0 0 0 0 0 47 0 0 0 0 0 0 0 0 0 0 0 0 2 0 0 0 21 0 0 0 0 0 0 0 0 0 0 0 0 0 0 0 0 0 0 0 0 0 0 2 0 0 0 0 0 14 0 0 0 1 0 0 0 0 0 5 0 0 0 0 0 0 0 0 2 0 0 0 0 0 0 0 0 0 0 0 0 1 0 18 13 0 0 0 0 0 0 0 0 0 0 0 0 0 
 82 0 90 356 60 38 184 89 193 145 114 34 41 71 72 50 138 122 49 270 0 3 2 0 3 0 0 0 0 0 0 5 35 39 0 0 40 0 2 76 0 4 0 0 0 1 0 3 0 2 3 0 0 0 3 3 0 0 0 0 3 2 2 0 0 0 3 2 0 0 0 0 0 0 0 0 3 1 2 3 11 10 0 15 0 13 11 16 12 0 0 10 10 16 11 28 16 19 19 14 18 0 0 0 0 0 17 0 0 0 0 0 8 19 0 8 10 6 28 0 0 0 0 0 2 0 0 0 0 0 0 0 0 0 0 0 2 0 0 0 0 0 0 0 0 0 0 0 0 0 0 0 0 0 0 0 0 0 0 0 15 0 0 10 0 0 22 0 31 33 0 11 2 0 0 42 37 22 21 1 18 0 0 0 0 0 5 50 0 0 0 0 8 0 1 0 0 0 0 1 0 0 0 0 0 0 0 0 0 0 0 0 0 0 8 0 0 0 0 0 0 0 0 0 0 0 0 0 0 0 0 0 0 0 0 0 0 0 0 0 0 0 0 0 0 0 0 1 2 2 0 13 2 0 0 0 0 0 0 1 2 0 10 0 0 0 0 0 0 0 0 14 0 2 0 0 15 20 0 0 0 0 0 0 0 0 0 0 0 0 
 71 90 0 143 47 245 179 317 194 81 64 34 165 363 381 138 44 47 153 134 0 3 2 1 0 0 72 0 1 0 0 3 37 3 0 0 0 0 75 0 0 5 0 0 0 0 0 0 0 0 0 6 0 0 0 66 0 6 0 0 3 0 3 0 0 0 3 2 0 0 5 1 0 3 35 0 3 0 2 3 25 46 14 7 0 10 0 23 0 9 18 6 15 13 1 27 1 11 26 26 0 0 0 0 0 0 0 0 0 0 0 0 0 15 0 0 0 11 14 0 0 0 14 0 0 0 0 0 0 2 0 0 0 0 19 0 0 0 0 0 0 0 0 0 0 0 0 0 0 0 0 0 0 0 0 0 0 0 0 0 43 11 28 0 13 0 16 14 0 0 17 1 14 0 0 0 0 1 13 10 0 0 0 0 0 0 0 0 0 0 0 0 0 0 0 0 0 0 10 0 0 1 0 0 1 0 0 0 0 0 0 0 0 0 0 0 0 0 0 0 0 0 0 0 0 0 0 0 0 1 0 0 0 0 2 0 0 0 0 0 0 15 0 0 0 4 2 0 47 0 0 7 0 0 0 0 0 0 0 0 0 0 0 0 0 0 0 0 0 0 0 0 0 0 0 0 0 0 0 0 0 0 0 0 0 0 0 0 0 0 
 58 356 143 0 80 350 174 79 100 92 75 196 268 72 130 37 183 363 152 50 0 3 2 0 0 2 0 1 0 0 0 3 73 0 0 0 0 0 2 77 0 5 0 0 8 4 0 0 0 0 3 3 0 0 0 3 3 3 0 0 3 0 0 0 0 2 2 2 0 0 0 3 0 0 0 0 3 3 2 3 0 16 1 24 0 13 0 0 16 0 0 30 0 0 0 0 17 32 0 15 0 13 0 0 0 0 14 24 0 15 0 0 18 15 0 0 6 0 7 1 0 0 0 0 0 0 0 0 0 0 0 0 0 0 0 0 0 0 0 0 0 0 0 0 0 0 0 0 0 0 0 0 0 0 0 0 0 0 0 0 0 0 0 20 0 1 15 0 36 19 0 10 4 0 0 31 52 31 0 0 20 0 0 0 0 1 28 19 0 0 0 0 27 0 0 0 0 0 12 27 0 0 0 0 0 0 0 0 9 0 0 0 0 0 15 0 0 0 10 0 0 0 0 0 0 0 0 0 0 0 0 0 0 0 0 35 0 0 0 0 0 0 0 0 0 1 1 0 0 3 0 9 11 0 0 0 0 0 0 0 0 0 0 0 0 0 0 0 0 0 0 0 0 0 0 0 33 20 0 0 0 0 0 0 0 0 0 0 0 0 
 44 60 47 80 0 292 48 71 296 173 109 235 90 92 166 84 77 40 41 76 0 3 4 0 0 0 1 34 0 0 0 5 0 82 0 148 0 97 117 74 0 0 0 0 0 2 0 0 0 0 0 0 0 0 0 3 0 0 0 0 3 0 5 0 0 0 15 2 2 0 0 0 0 0 0 0 6 2 6 3 0 0 1 2 1 23 2 0 0 0 12 2 0 0 0 0 0 1 0 0 29 61 50 0 0 0 38 31 0 0 10 0 37 2 10 23 3 10 28 33 0 0 0 0 0 0 0 0 0 0 0 0 2 0 0 0 0 0 0 0 9 0 0 0 2 0 0 0 0 0 0 0 0 0 0 0 0 0 0 12 0 0 0 1 20 13 4 0 1 0 29 2 1 0 0 0 10 2 0 0 9 0 26 11 0 0 11 8 0 13 1 0 27 48 27 12 7 10 4 11 0 0 0 0 0 0 0 0 0 0 0 0 0 0 12 0 0 0 0 0 0 0 0 0 0 0 0 0 1 0 0 0 0 0 0 0 0 0 0 0 0 0 0 0 1 0 3 0 0 62 0 5 0 0 0 0 0 0 0 0 0 0 0 0 0 0 0 0 0 0 0 0 0 0 0 0 0 0 0 0 0 7 0 0 0 0 0 0 0 0 
 57 38 245 350 292 0 38 44 141 143 204 605 26 44 261 87 99 50 44 46 76 82 1 0 0 1 152 24 1 0 0 3 81 0 76 153 0 62 83 42 0 0 0 0 0 2 0 0 0 0 0 0 0 0 0 6 0 0 0 0 2 0 30 0 0 0 8 3 0 0 0 3 0 0 0 0 3 1 2 3 0 0 0 0 15 0 0 0 0 0 9 0 0 0 0 0 0 0 0 0 9 75 29 0 0 0 17 18 0 10 11 0 25 0 36 21 44 10 11 30 0 0 0 0 0 0 0 0 0 0 0 0 0 0 0 0 0 0 0 0 1 0 0 0 0 0 0 0 0 0 0 0 0 2 0 0 0 0 0 10 0 0 17 7 27 15 1 0 0 0 0 0 0 0 0 0 12 1 0 0 0 0 16 15 0 0 24 3 9 9 10 0 21 39 24 53 10 1 50 41 0 0 0 0 0 0 0 0 0 0 0 0 0 0 0 0 0 0 0 0 0 0 0 0 0 0 0 0 7 0 0 0 0 0 0 0 0 0 0 0 0 0 0 0 0 2 3 3 2 97 2 6 0 0 2 0 0 0 0 0 0 0 0 0 0 0 0 0 0 0 0 0 0 0 0 0 22 0 0 0 0 7 0 0 0 1 0 0 0 0 
 153 184 179 174 48 38 0 407 494 135 331 43 333 169 354 66 205 116 69 71 3 4 4 0 0 3 0 1 3 2 0 4 0 1 0 1 0 0 2 3 0 2 0 0 0 3 0 2 10 0 0 0 5 2 0 3 0 105 2 2 3 3 0 0 0 0 2 4 3 0 4 0 0 3 33 0 3 3 2 3 10 42 42 22 73 0 0 18 43 19 72 10 20 16 7 12 23 0 24 37 0 0 0 0 0 1 0 0 0 0 0 0 0 0 0 0 0 0 10 0 0 0 0 0 0 0 0 0 0 0 0 1 0 0 0 0 0 0 0 0 0 0 0 0 0 0 1 0 17 0 0 0 0 0 0 0 0 0 1 0 11 22 44 27 14 0 32 25 12 20 0 0 2 14 7 18 8 2 14 7 0 0 14 1 0 0 0 0 0 0 0 0 0 15 0 0 3 0 0 0 0 0 0 0 0 0 0 0 0 0 0 0 2 0 14 0 0 0 0 0 0 0 0 0 0 0 0 0 0 0 0 0 0 0 0 0 0 0 0 0 0 1 0 0 0 1 0 0 2 0 1 4 0 0 0 0 0 0 0 0 0 0 0 0 0 0 0 0 0 1 0 0 0 0 0 0 0 0 0 0 0 0 0 0 0 0 0 0 0 0 
 132 89 317 79 71 44 407 0 189 96 200 122 308 262 171 270 99 552 199 50 0 3 0 0 0 0 2 0 0 3 1 3 3 1 0 0 0 2 2 0 0 2 1 0 0 0 0 0 2 0 0 0 0 2 0 3 0 0 0 0 2 0 0 0 1 0 0 3 1 0 2 3 0 0 3 3 3 34 5 3 26 45 29 40 25 1 0 0 24 39 11 0 22 12 8 28 18 0 18 29 0 0 0 0 0 0 0 0 0 0 0 0 1 0 0 0 0 0 19 0 0 0 0 0 0 0 0 0 0 0 0 0 0 0 0 0 0 0 0 0 0 0 0 0 0 0 0 0 0 0 0 0 0 0 5 0 0 0 0 0 13 35 42 31 10 0 1 40 1 7 0 20 38 10 19 0 9 3 15 31 0 0 0 0 0 0 0 3 0 0 0 1 1 0 0 0 0 0 21 0 0 0 0 0 0 0 0 0 0 0 0 0 0 0 0 0 0 0 0 0 0 0 0 0 0 0 0 0 0 0 0 0 0 0 0 0 0 0 0 0 0 13 0 0 0 0 0 0 4 1 0 6 0 0 0 0 0 2 0 2 74 0 0 0 0 0 2 0 0 0 0 0 0 0 0 0 10 0 0 0 0 0 0 0 0 0 0 0 0 0 
 119 193 194 100 296 141 494 189 0 68 237 49 203 281 169 138 65 133 156 174 0 3 2 0 0 0 0 0 0 0 0 3 73 1 0 0 0 0 2 0 0 1 0 0 0 0 0 0 1 0 0 4 0 0 0 3 1 0 0 0 3 0 0 0 0 0 0 2 4 0 0 0 0 0 0 0 2 0 3 3 23 42 19 52 0 0 1 0 29 0 1 2 39 1 3 22 2 0 14 52 0 0 0 0 0 0 16 0 0 0 0 0 18 0 0 0 0 0 0 0 0 0 0 0 0 0 0 0 0 1 0 0 0 0 0 0 0 0 0 0 0 0 0 0 0 0 0 0 0 0 0 0 0 0 0 0 0 0 0 0 9 12 32 27 1 0 95 40 20 0 0 6 13 0 7 10 15 11 14 9 0 0 0 0 0 0 0 0 0 0 0 0 18 0 0 0 2 0 3 15 0 1 0 0 0 0 0 0 0 4 0 0 0 0 17 0 0 0 0 0 0 0 0 0 0 0 0 0 12 0 0 0 0 0 1 0 0 0 0 0 0 8 0 0 0 0 0 0 0 1 2 7 0 0 0 0 0 0 0 0 0 0 0 0 0 0 0 0 0 0 0 0 0 0 0 0 11 0 0 0 0 0 0 0 0 0 0 0 0 0 
 132 145 81 92 173 143 135 96 68 0 125 211 230 270 182 181 146 301 97 174 0 3 0 0 0 0 0 0 0 5 0 5 86 2 1 0 2 0 4 0 0 1 0 0 0 67 0 0 0 0 0 0 65 0 0 3 0 0 0 0 3 0 0 0 0 0 0 2 0 0 0 1 0 0 0 0 3 1 2 3 8 19 23 32 0 1 0 0 11 10 38 15 14 14 6 16 11 0 15 1 20 14 0 0 0 0 14 16 0 0 0 0 18 0 1 0 0 2 0 1 0 0 0 0 0 0 0 36 0 0 2 0 0 0 0 0 0 0 2 0 0 0 0 0 0 0 0 2 0 0 0 0 0 0 5 0 0 0 0 0 10 22 14 19 10 1 6 52 0 0 0 38 21 20 10 8 0 41 14 19 0 0 0 0 0 0 26 1 0 14 0 11 27 0 0 0 0 0 39 29 0 0 0 0 0 0 0 0 0 0 0 0 0 0 0 0 0 0 0 0 1 0 0 0 0 0 0 0 0 0 0 0 0 2 0 0 0 0 2 0 0 0 0 0 0 0 3 0 0 2 0 2 0 1 0 0 0 0 0 0 0 0 0 0 0 0 0 0 0 0 0 0 0 0 0 18 20 0 0 0 0 0 0 0 0 0 0 0 0 0 
 218 114 64 75 109 204 331 200 237 125 0 272 32 45 386 220 345 115 47 129 0 3 0 0 2 0 0 0 74 2 4 3 74 7 0 0 0 0 2 0 0 2 1 3 0 90 0 1 4 2 0 0 0 0 2 69 3 2 0 1 4 0 0 0 0 2 0 3 0 0 2 4 0 0 1 2 4 2 2 3 0 21 0 54 15 1 0 9 1 40 25 23 0 0 23 44 2 25 0 20 14 0 0 0 0 0 14 0 1 0 0 0 14 20 0 0 0 0 29 5 0 0 2 0 0 0 0 0 0 0 0 0 0 0 0 0 0 0 0 0 0 0 0 0 0 0 0 0 0 0 0 0 1 0 6 0 0 0 0 0 3 39 30 0 0 1 0 43 0 0 10 32 19 13 16 13 14 2 2 25 12 0 0 0 0 0 0 0 0 0 0 0 15 0 0 0 2 0 21 0 0 0 0 0 0 1 0 10 0 0 0 0 0 0 0 0 2 0 0 1 0 0 0 0 0 0 0 0 0 0 0 0 0 0 0 0 0 0 0 0 0 19 0 0 0 2 4 0 2 3 16 32 4 0 0 0 0 0 0 0 0 0 0 0 0 0 0 0 0 0 0 0 0 0 0 14 1 0 0 0 0 0 0 0 0 0 0 0 0 0 
 229 34 34 196 235 605 43 122 49 211 272 0 32 48 362 87 175 167 49 88 79 3 0 0 0 0 77 1 0 0 0 3 0 1 0 1 0 2 3 39 0 0 0 0 0 36 0 0 0 0 0 2 0 0 0 3 0 0 0 0 2 0 0 0 0 0 0 3 0 0 31 3 0 0 0 0 3 2 2 3 0 0 42 12 41 0 0 62 12 30 15 6 0 0 0 1 9 16 0 25 24 26 12 0 0 0 6 0 0 0 0 0 1 0 0 0 45 0 0 42 0 0 0 0 0 0 0 0 0 0 0 0 0 0 0 0 0 0 1 0 0 1 0 0 0 0 0 0 0 0 0 0 0 0 6 0 0 0 0 0 0 4 0 0 0 25 11 11 0 23 23 21 19 27 11 11 1 3 0 12 0 0 16 25 0 0 8 0 0 0 0 0 25 8 8 0 67 2 38 14 0 0 0 79 0 0 0 0 0 0 0 0 0 0 0 0 0 0 0 0 2 0 0 0 2 0 0 0 0 0 0 0 0 0 0 0 0 0 0 0 0 0 0 0 0 2 4 0 2 4 0 7 4 0 0 0 0 0 0 0 0 0 0 0 0 0 0 0 0 0 0 0 0 0 0 16 0 0 0 0 0 0 0 0 0 0 0 0 0 0 
 192 41 165 268 90 26 333 308 203 230 32 32 0 287 272 322 41 53 157 156 0 3 0 0 0 75 0 0 0 1 2 1 0 1 0 1 0 1 3 0 0 3 0 0 0 0 0 0 0 0 0 0 0 0 0 0 2 0 0 0 0 3 0 0 0 0 0 0 0 0 0 0 0 0 0 0 29 0 0 0 30 21 24 8 0 0 18 0 0 0 14 0 13 1 39 0 35 0 28 6 0 0 0 0 0 0 0 0 0 0 0 0 0 0 0 22 0 0 0 0 0 0 0 0 1 0 0 0 0 0 0 0 0 0 0 0 1 0 0 0 0 0 0 0 0 0 0 0 0 0 0 0 0 0 0 0 0 0 0 0 34 9 58 17 16 9 0 22 1 52 10 1 16 4 1 0 0 25 16 73 0 0 0 0 0 1 0 0 0 0 0 0 0 0 0 0 17 0 0 18 0 0 0 0 0 0 0 0 17 0 0 0 0 0 1 19 0 0 0 0 0 0 0 0 0 0 0 0 0 0 0 13 0 0 0 1 0 0 0 0 0 0 0 0 0 0 2 0 4 0 0 7 0 0 0 0 0 0 0 0 0 0 1 0 0 0 0 0 0 0 0 0 0 0 0 0 14 0 0 0 0 0 0 0 0 0 0 0 0 0 
 164 71 363 72 92 44 169 262 281 270 45 48 287 0 182 166 39 243 191 86 0 4 0 0 0 0 0 0 2 0 0 3 1 9 2 0 0 0 2 0 0 0 0 0 0 0 0 1 0 0 0 0 0 0 0 3 0 0 0 0 3 0 0 0 0 0 0 2 0 0 0 0 0 0 0 0 3 0 2 3 28 15 38 21 0 0 30 19 0 0 13 0 21 43 27 0 33 0 49 0 0 0 1 0 0 0 0 0 0 0 0 0 0 0 0 0 0 0 0 0 0 0 0 0 0 0 0 0 0 0 0 0 0 0 0 0 0 0 0 0 0 0 0 0 0 0 0 0 0 0 0 0 0 2 0 0 0 10 0 0 49 9 11 16 15 9 14 28 0 47 0 1 20 11 0 0 0 27 21 27 0 0 0 0 0 0 0 1 0 0 0 0 0 0 0 0 10 0 0 14 14 0 0 0 0 0 0 0 0 0 0 0 0 0 0 0 0 0 0 0 0 0 0 0 0 0 0 0 0 15 0 0 0 0 0 0 0 0 0 0 0 0 0 0 0 2 0 0 0 0 14 6 0 0 0 0 0 0 0 0 0 0 10 0 0 0 0 0 0 0 0 0 0 0 0 0 14 0 0 0 0 0 0 0 0 1 0 0 0 0 
 56 72 381 130 166 261 354 171 169 182 386 362 272 182 0 333 112 39 173 94 0 3 0 1 0 1 0 72 2 0 0 3 1 4 1 0 0 0 2 0 0 2 0 0 0 0 0 0 33 0 0 0 0 0 0 3 0 0 0 0 3 0 0 0 0 0 0 2 0 0 0 0 0 0 0 0 3 0 3 3 23 33 2 0 1 0 2 0 13 22 15 0 1 0 29 0 12 12 1 16 0 0 0 0 0 2 0 0 0 0 0 0 0 12 0 0 0 0 0 0 0 0 0 0 0 0 0 0 0 0 0 0 0 0 0 0 0 0 0 0 0 0 0 2 0 0 0 0 0 0 0 0 0 0 7 0 27 0 2 0 15 6 21 0 15 0 12 2 20 0 18 8 0 0 36 10 10 1 1 27 0 0 17 1 0 10 0 0 0 0 0 0 2 0 0 0 4 0 12 21 0 0 0 0 0 0 0 0 0 0 0 0 1 0 10 0 0 0 0 0 0 0 19 0 0 0 0 0 0 0 0 1 0 0 0 0 0 0 0 0 0 0 0 0 0 2 2 0 0 2 0 7 0 0 0 0 0 0 0 0 0 0 0 0 0 0 1 0 0 2 0 0 0 0 0 0 1 0 0 0 0 0 0 0 0 0 0 0 0 0 
 118 50 138 37 84 87 66 270 138 181 220 87 322 166 333 0 236 434 185 81 4 3 0 0 2 1 0 0 0 0 0 3 0 2 1 0 0 0 2 79 0 2 0 0 0 29 0 0 0 2 2 0 0 0 0 5 0 0 0 0 3 0 2 0 3 0 0 2 0 0 2 0 0 0 0 0 3 2 2 3 20 21 0 25 0 14 0 34 3 23 11 17 0 18 8 16 10 23 0 20 0 0 0 0 0 0 0 0 0 0 0 1 0 36 0 0 0 0 24 0 0 0 0 0 0 0 0 0 0 0 0 2 0 0 0 4 0 0 0 0 0 0 0 0 0 0 0 4 0 0 0 0 0 0 0 0 0 0 0 0 12 18 48 21 0 0 7 11 17 28 24 5 17 14 0 21 14 6 0 0 16 0 0 0 0 0 5 14 0 0 0 0 0 0 0 0 0 0 0 0 0 0 0 0 0 0 0 0 8 0 0 0 0 0 0 1 0 0 0 0 0 0 0 0 0 0 0 0 0 2 0 0 0 0 0 0 0 0 0 0 0 14 0 0 0 2 0 0 3 2 20 5 0 0 2 0 0 0 0 0 0 0 0 0 0 0 0 0 0 0 0 0 0 0 0 12 0 23 0 0 0 0 0 0 0 0 0 0 0 0 
 429 138 44 183 77 99 205 99 65 146 345 175 41 39 112 236 0 152 85 90 0 3 0 73 0 0 0 3 0 1 0 86 0 1 0 0 0 0 2 7 0 2 0 0 0 42 0 1 0 0 0 0 0 0 0 3 0 1 0 5 10 0 0 5 0 0 0 23 0 0 0 3 0 0 0 0 5 2 2 3 0 0 2 32 30 10 1 10 35 42 29 17 0 0 16 40 38 52 0 23 1 0 0 0 0 0 0 0 0 0 0 14 0 20 0 0 0 0 43 0 0 0 0 0 0 17 0 0 14 0 0 0 0 0 0 0 0 0 0 0 0 0 0 0 0 0 0 0 1 0 0 0 0 0 0 0 0 0 0 0 5 28 33 17 0 0 16 45 14 41 10 7 3 39 20 41 21 13 0 3 20 0 0 0 0 0 9 12 0 0 0 1 2 0 0 0 0 0 0 0 0 0 0 0 0 0 0 0 0 0 0 0 0 0 0 0 0 0 0 0 0 0 0 11 0 0 0 0 0 0 0 0 0 1 0 0 0 0 0 0 0 0 0 0 1 2 3 0 1 0 15 6 0 0 0 0 0 0 0 0 0 0 0 0 0 0 0 0 0 0 0 0 0 0 0 16 0 1 0 0 0 0 0 0 0 0 0 0 0 0 
 29 122 47 363 40 50 116 552 133 301 115 167 53 243 39 434 152 0 127 136 0 3 0 0 0 0 0 0 0 1 0 3 0 0 155 0 0 0 2 63 0 0 0 0 0 61 0 2 0 0 0 0 0 0 0 3 0 0 1 0 3 0 0 0 0 0 38 2 0 0 0 0 6 0 0 0 3 1 2 3 19 0 0 4 0 0 0 0 20 0 0 30 0 2 0 16 42 11 18 13 20 0 0 0 0 0 0 17 0 0 0 0 1 2 0 0 0 0 0 1 0 0 0 0 0 0 0 0 0 0 0 0 0 0 0 0 8 0 0 0 0 0 0 0 0 6 0 0 0 0 0 0 0 0 0 0 18 0 0 0 0 10 0 34 0 11 10 11 10 0 10 27 0 0 0 17 18 25 49 15 22 0 0 0 0 0 46 6 10 0 0 0 11 9 9 22 0 0 36 34 16 0 0 0 0 0 0 0 0 0 0 0 0 0 0 0 0 0 0 0 0 0 0 0 0 0 0 0 0 0 0 0 0 0 0 0 0 0 0 0 0 0 0 0 0 3 87 0 1 99 0 0 0 0 0 0 0 0 0 0 0 0 0 0 0 0 0 0 0 0 0 0 0 0 0 28 47 17 0 0 0 0 0 0 0 0 0 0 0 0 
 155 49 153 152 41 44 69 199 156 97 47 49 157 191 173 185 85 127 0 217 0 5 0 0 0 0 0 0 0 0 0 5 0 1 74 1 0 0 2 0 0 1 0 0 0 0 0 1 0 0 0 0 0 0 0 3 0 0 0 0 2 0 0 0 0 0 0 3 0 0 0 3 0 0 0 0 3 0 2 3 52 26 35 4 9 0 0 74 14 9 16 9 8 41 0 11 35 11 22 43 0 0 0 1 0 0 0 0 0 0 0 0 0 0 0 0 0 0 0 0 0 0 0 0 0 0 0 0 0 0 0 0 2 0 0 0 0 0 0 0 0 0 0 0 0 0 0 0 0 0 0 0 0 0 0 0 0 0 0 0 13 0 15 34 0 0 11 5 2 5 5 2 36 11 7 4 14 7 23 10 0 0 0 0 0 0 11 0 0 0 0 0 0 0 2 0 0 0 0 0 0 0 0 0 0 8 0 0 0 0 0 0 0 0 0 0 0 0 0 0 0 0 0 0 0 0 0 0 0 0 0 0 0 0 0 0 0 0 0 0 0 20 0 0 0 0 0 1 2 0 0 6 0 0 0 0 0 0 0 0 0 0 1 0 0 0 0 0 0 0 0 0 0 0 1 0 10 0 0 0 0 0 0 0 0 0 0 0 0 8 
 120 270 134 50 76 46 71 50 174 174 129 88 156 86 94 81 90 136 217 0 0 3 0 0 0 0 0 2 0 1 0 3 0 2 0 0 0 0 2 0 0 4 0 0 0 29 0 2 0 0 0 0 0 0 0 3 0 0 0 0 3 0 0 0 0 0 0 2 0 0 0 2 0 0 0 0 3 2 2 3 28 0 0 11 0 0 0 15 0 8 1 0 0 9 0 43 0 17 0 10 0 0 0 0 0 0 0 0 0 0 2 0 0 0 0 2 0 0 0 0 0 0 0 0 0 0 2 0 0 0 0 0 0 0 0 0 0 0 0 0 1 0 0 0 0 0 0 0 0 0 0 0 0 1 0 0 0 0 0 0 0 11 1 1 0 0 33 10 14 14 13 0 1 14 20 7 11 1 10 2 0 0 0 0 0 0 0 0 0 0 0 0 0 0 0 0 0 0 0 0 0 0 0 0 0 0 20 0 0 0 0 0 0 0 1 0 0 0 0 0 0 0 0 0 0 0 0 0 0 0 0 0 0 0 0 0 0 0 0 0 0 0 0 0 0 1 2 2 0 0 1 0 0 0 0 0 0 0 0 0 0 0 0 0 0 0 0 0 0 0 0 0 0 0 0 16 0 0 0 0 0 0 0 0 0 2 0 0 0 0 
 4 0 0 0 0 76 3 0 0 0 0 79 0 0 0 4 0 0 0 0 0 199 128 124 202 37 218 200 65 116 43 23 480 379 129 111 627 93 224 438 0 0 0 68 0 4 63 0 3 0 0 0 0 0 0 0 0 2 0 1 0 0 0 0 2 0 3 0 51 0 0 0 0 0 0 0 3 23 0 0 0 0 0 0 11 18 0 0 12 0 0 0 0 0 0 0 0 0 0 0 8 12 12 19 23 0 24 16 30 0 0 12 14 22 0 40 24 16 0 22 1 0 0 0 0 0 10 0 0 0 0 0 0 0 0 0 0 0 18 9 0 6 0 0 0 0 0 1 0 0 0 4 0 0 0 0 0 0 8 0 0 0 0 0 8 0 0 0 0 0 0 0 0 0 0 0 9 1 0 0 34 44 0 36 8 12 7 18 0 20 10 0 7 40 33 0 43 13 23 0 0 0 0 0 0 0 8 0 0 0 0 0 0 0 0 0 0 1 6 14 0 0 0 0 0 0 0 2 0 0 0 0 0 0 0 0 0 0 11 0 0 0 0 0 0 0 0 0 0 0 0 0 0 0 4 0 0 4 0 0 9 2 0 0 0 0 9 0 0 0 0 0 0 0 0 0 0 0 0 0 0 12 0 0 0 0 19 0 0 0 
 3 3 3 3 3 82 4 3 3 3 3 3 3 4 3 3 3 3 5 3 199 0 155 49 220 40 78 246 179 50 125 354 182 220 143 166 238 128 37 77 0 0 0 6 0 4 0 0 3 0 0 1 0 0 1 1 0 2 0 0 0 0 0 2 2 7 3 0 4 0 0 0 0 0 2 0 3 0 0 0 0 0 0 0 0 0 0 0 0 0 0 0 0 0 0 0 0 0 0 0 19 0 0 40 25 0 39 21 20 27 24 10 0 29 20 27 29 40 0 48 0 0 19 0 0 2 56 2 0 0 0 0 0 0 0 0 0 0 0 26 0 0 0 0 0 0 1 5 0 0 13 0 0 0 0 0 0 0 0 3 0 0 0 0 0 0 0 0 0 0 0 1 0 0 0 2 0 1 0 0 28 42 18 20 21 10 10 18 29 0 22 34 0 11 24 2 34 52 0 23 0 0 0 0 0 0 0 0 0 0 0 0 0 12 0 0 20 0 6 11 0 0 0 0 0 0 1 0 0 0 0 0 2 0 0 0 0 0 0 0 0 0 0 0 0 0 0 0 0 0 0 0 0 0 6 0 0 75 0 0 14 0 0 0 0 0 0 0 0 0 0 0 0 0 0 0 0 0 0 0 0 2 0 0 0 12 0 0 0 0 
 0 2 2 2 4 1 4 0 2 0 0 0 0 0 0 0 0 0 0 0 128 155 0 146 37 261 162 95 162 228 143 137 82 163 48 34 105 349 109 96 2 0 0 2 0 1 57 2 3 1 0 0 2 88 0 3 0 0 1 0 3 3 1 0 0 3 0 2 3 3 1 0 0 3 0 0 2 0 0 0 0 0 0 0 0 0 0 0 0 0 0 0 0 0 0 0 0 1 0 0 0 0 15 32 29 13 31 13 9 11 13 34 12 10 0 12 9 13 0 0 18 4 0 0 0 0 17 23 9 0 0 0 46 0 0 0 0 0 1 10 4 0 0 0 0 2 0 0 0 0 7 0 0 0 0 0 0 0 0 0 0 0 0 0 34 0 0 2 0 0 2 0 1 0 0 0 0 2 0 0 22 12 8 0 37 33 10 6 0 31 52 16 10 14 13 6 23 10 0 0 0 0 0 0 0 11 2 27 0 0 0 0 0 1 0 3 0 0 0 20 0 2 0 0 0 0 1 0 0 0 0 0 1 0 0 0 0 0 0 0 0 0 2 0 0 0 0 0 11 0 0 0 0 0 11 0 0 0 1 0 1 9 0 0 0 0 0 0 0 0 0 0 0 0 0 0 0 0 0 10 0 6 0 0 0 0 0 0 0 0 
 0 0 1 0 0 0 0 0 0 0 0 0 0 0 1 0 73 0 0 0 124 49 146 0 283 168 80 127 87 434 216 149 289 131 225 338 194 60 69 78 0 0 0 0 0 4 0 23 3 0 0 0 64 4 0 0 5 2 29 66 0 0 0 0 4 0 3 0 0 0 26 0 0 0 0 0 3 0 0 0 0 0 0 0 0 0 0 0 1 0 0 7 0 0 0 0 0 0 0 0 9 0 1 16 8 0 1 1 1 12 20 22 0 0 15 16 0 31 0 1 18 0 0 0 0 0 17 24 0 13 0 0 26 13 1 0 14 0 35 7 0 0 0 0 0 0 0 3 0 0 0 4 1 0 0 0 0 0 0 0 0 0 0 0 0 0 0 0 0 0 0 0 0 0 0 0 0 2 0 0 51 9 11 26 0 12 0 7 34 44 0 24 0 0 0 32 12 10 0 0 13 0 0 0 0 0 11 1 2 0 1 0 28 13 10 9 6 0 13 15 0 0 1 5 0 0 0 0 0 0 0 0 0 11 0 0 0 0 0 0 0 0 0 0 0 0 0 0 0 0 0 0 0 0 10 0 0 150 87 3 0 2 0 0 0 0 0 0 0 0 0 0 0 0 0 0 0 0 0 0 0 0 0 0 0 14 0 0 0 0 
 3 3 0 0 0 0 0 0 0 0 2 0 0 0 0 2 0 0 0 0 202 220 37 283 0 479 38 513 164 327 144 147 78 113 129 109 67 34 47 81 0 0 0 0 0 5 1 0 2 0 0 0 0 62 29 0 0 2 29 64 0 0 0 0 7 1 3 0 0 0 0 1 0 0 0 0 3 2 0 0 0 0 0 0 0 0 0 0 0 0 0 0 0 0 0 0 0 0 0 17 14 27 10 34 29 1 0 0 20 25 1 10 0 0 30 6 0 10 0 0 0 12 0 0 0 0 40 11 0 0 0 0 17 16 0 0 0 0 17 22 0 10 0 0 0 0 0 8 0 0 0 4 0 0 0 0 0 0 0 0 0 0 0 0 0 0 0 0 0 0 0 0 0 0 0 0 0 2 0 0 12 7 0 50 24 80 5 0 15 1 26 40 0 0 36 16 0 23 0 0 11 0 0 0 0 0 20 14 1 0 0 0 11 15 0 0 0 36 0 0 0 0 0 0 0 0 0 0 0 0 0 0 0 0 0 0 0 0 0 0 0 0 19 0 0 0 0 0 0 0 0 0 0 0 3 0 3 77 5 0 16 0 0 0 0 0 0 0 0 0 0 0 0 0 0 0 0 0 0 0 0 0 0 0 0 0 0 0 0 0 
 24 0 0 2 0 1 3 0 0 0 0 0 75 0 1 1 0 0 0 0 37 40 261 168 479 0 30 119 337 466 228 240 52 136 49 208 108 252 61 46 0 0 0 0 3 4 64 1 67 4 3 3 68 23 63 4 5 4 131 72 0 0 48 0 5 45 3 0 0 3 2 0 0 0 51 0 3 0 1 0 0 0 0 0 0 0 0 0 0 0 0 0 2 0 0 0 0 0 1 0 0 0 12 19 28 0 0 0 6 8 10 30 0 0 0 0 0 22 0 0 14 4 0 0 0 0 25 30 16 0 0 0 13 13 0 0 0 0 0 17 4 1 0 0 0 9 0 0 0 0 6 0 0 0 0 0 0 0 0 0 0 0 0 0 0 0 0 0 0 0 0 0 0 0 0 0 0 1 0 0 0 0 10 18 19 20 0 0 31 16 15 39 0 0 6 8 0 22 0 0 5 0 4 0 0 0 11 10 0 0 0 0 27 0 19 26 0 0 0 10 0 0 0 0 0 0 0 0 0 0 0 0 0 0 0 0 0 0 0 0 0 0 0 0 0 0 0 0 0 0 0 0 0 0 7 0 6 82 80 0 12 2 0 0 0 0 0 0 0 0 0 0 0 0 0 0 0 0 0 1 0 0 0 0 1 0 0 0 0 0 
 0 0 72 0 1 152 0 2 0 0 0 77 0 0 0 0 0 0 0 0 218 78 162 80 38 30 0 180 143 256 91 31 294 46 111 51 76 394 500 461 0 0 0 62 61 5 0 0 3 0 0 5 0 0 0 0 0 2 0 0 0 6 0 27 4 3 3 0 4 0 0 0 52 0 0 0 3 2 0 0 0 0 0 0 1 34 0 0 0 0 0 0 0 0 0 1 0 0 0 0 29 48 30 52 3 0 26 30 11 35 10 37 1 27 34 20 52 13 0 21 0 0 0 0 1 0 0 0 0 0 0 0 0 0 0 0 0 0 1 0 0 0 0 0 0 0 0 6 0 18 0 0 27 0 0 0 0 0 0 3 0 0 0 0 0 0 0 0 0 0 0 0 0 0 0 0 0 0 0 0 12 16 20 12 14 25 9 0 0 0 1 33 31 21 8 24 33 21 16 1 0 0 0 0 0 0 0 0 0 0 0 0 0 1 2 0 0 0 8 20 0 0 0 0 0 0 0 13 0 0 0 0 0 0 0 0 0 0 0 0 0 0 20 0 0 0 0 0 0 0 0 0 0 0 6 0 0 0 1 0 0 2 0 5 0 0 2 0 0 0 0 0 0 0 0 0 0 0 0 0 0 0 0 0 0 0 18 0 0 0 
 3 0 0 1 34 24 1 0 0 0 0 1 0 0 72 0 3 0 0 2 200 246 95 127 513 119 180 0 103 214 179 185 317 233 120 202 125 37 56 582 2 2 63 2 0 5 3 0 3 2 0 0 0 65 5 3 0 2 5 0 4 0 0 0 2 0 9 0 0 3 0 0 0 53 0 4 5 2 3 0 0 0 1 0 1 0 0 0 0 0 0 1 0 0 0 21 0 0 0 0 1 0 18 0 31 0 0 17 36 23 0 0 19 1 14 47 8 2 1 9 0 0 0 0 0 0 0 0 0 0 0 0 0 0 0 0 0 0 24 6 0 8 0 0 0 0 0 3 0 0 0 5 0 0 0 0 0 0 0 0 0 0 4 17 8 0 0 0 0 0 0 0 0 0 0 2 10 2 0 0 0 16 8 32 14 39 0 1 19 21 20 0 0 39 19 0 3 22 0 13 0 0 0 0 0 0 20 20 0 0 0 0 0 0 0 0 0 0 0 2 0 0 0 0 0 0 0 0 0 0 0 0 0 3 0 0 1 0 0 0 0 0 18 0 0 0 0 0 0 27 0 0 1 0 5 0 2 87 77 2 4 2 0 0 0 0 0 0 0 0 0 0 0 0 0 0 0 0 0 0 0 0 0 19 0 0 0 0 0 0 
 0 0 1 0 0 1 3 0 0 0 74 0 0 2 2 0 0 0 0 0 65 179 162 87 164 337 143 103 0 177 178 239 323 197 94 41 255 95 283 241 0 0 0 3 0 3 19 0 3 3 0 0 0 62 12 0 0 2 1 0 2 0 1 2 2 7 3 0 4 0 0 0 0 0 0 0 3 0 0 0 0 0 0 0 0 0 0 0 0 0 0 0 0 0 0 0 0 0 0 0 0 7 30 46 22 13 28 6 15 30 12 13 12 11 42 52 20 47 0 10 2 4 0 0 0 0 0 0 1 0 0 0 12 0 0 0 0 0 0 20 1 9 0 0 0 0 0 0 0 0 0 0 27 0 0 0 1 0 0 0 0 0 0 0 12 7 0 0 0 0 0 10 0 0 0 0 0 2 0 0 31 11 13 9 15 43 17 7 14 26 26 35 0 33 11 0 10 16 0 0 0 0 2 0 0 1 0 0 0 0 0 0 0 12 0 1 3 0 0 1 0 0 0 0 0 0 0 0 0 0 0 0 0 0 0 0 0 1 0 0 0 0 0 0 0 0 0 0 0 0 0 0 0 0 6 0 0 1 0 2 0 19 0 0 0 0 0 0 0 0 0 0 0 0 0 0 2 0 0 9 0 26 0 0 0 0 0 0 0 0 
 7 0 0 0 0 0 2 3 0 5 2 0 1 0 0 0 1 1 0 1 116 50 228 434 327 466 256 214 177 0 240 247 267 121 156 189 142 306 263 80 0 2 0 0 0 5 62 0 2 2 0 0 63 59 63 1 5 2 64 76 3 0 0 0 3 0 3 2 0 0 0 0 4 10 0 7 7 0 0 1 0 0 2 0 0 0 0 0 0 0 0 0 10 0 0 0 0 0 0 0 17 0 10 38 70 0 0 0 7 9 11 24 0 0 1 1 0 11 0 0 0 3 0 0 0 0 25 24 0 0 0 0 20 20 0 0 0 0 26 14 0 0 0 0 0 0 0 6 0 0 0 4 0 0 0 0 0 0 0 0 0 0 0 0 0 0 0 0 0 0 0 0 0 0 0 0 0 1 0 0 0 7 10 75 23 36 0 0 23 15 14 35 0 5 12 13 0 25 0 0 0 0 0 0 0 0 34 11 0 0 0 0 18 1 0 0 0 0 0 19 0 0 0 0 0 0 0 0 0 0 0 0 0 39 0 0 0 0 0 0 0 0 0 0 0 0 0 0 0 0 0 0 0 0 4 0 1 148 2 2 12 0 0 0 0 0 0 0 0 0 0 0 0 0 0 0 0 0 0 0 0 0 0 0 0 0 0 0 0 0 
 3 0 0 0 0 0 0 1 0 0 4 0 2 0 0 0 0 0 0 0 43 125 143 216 144 228 91 179 178 240 0 129 124 24 99 70 120 115 54 58 0 0 0 0 63 5 58 63 53 0 0 0 0 63 2 0 0 2 63 3 0 0 0 0 3 2 3 0 51 0 0 0 0 0 0 0 3 2 0 0 0 0 0 0 0 0 0 0 0 0 0 0 0 0 0 0 13 0 0 0 6 0 18 29 1 18 0 0 26 0 0 3 0 2 36 18 0 0 0 0 19 7 0 0 0 0 0 10 0 2 0 0 32 10 0 0 12 0 0 30 1 6 0 0 0 0 0 0 0 17 4 0 0 0 0 0 0 0 0 0 0 0 0 0 0 0 0 0 0 0 0 0 0 0 0 0 0 1 0 0 0 0 39 10 34 30 1 0 11 29 10 41 2 18 0 0 0 31 0 0 6 0 0 0 0 0 0 1 0 0 0 0 2 17 13 11 0 0 0 1 0 0 0 0 1 0 0 0 0 0 6 0 0 0 0 0 0 0 0 0 0 0 11 0 0 0 0 0 0 0 0 0 0 0 19 2 2 1 76 0 0 9 0 0 0 0 0 0 0 0 0 0 0 0 0 0 0 0 0 12 0 18 0 0 0 0 0 0 0 0 
 3 5 3 3 5 3 4 3 3 5 3 3 1 3 3 3 86 3 5 3 23 354 137 149 147 240 31 185 239 247 129 0 62 45 40 131 131 217 27 34 1 0 16 0 0 5 1 0 3 0 0 0 3 0 0 0 2 2 1 2 0 0 2 0 2 1 3 0 0 3 0 0 0 0 0 0 3 2 0 0 0 0 0 0 0 0 0 0 0 0 2 0 0 0 0 0 0 0 1 1 1 6 1 11 15 0 0 17 16 31 1 37 0 0 52 15 0 34 11 9 27 1 0 18 0 0 15 3 5 0 0 1 9 48 1 0 0 20 20 20 6 0 0 0 13 0 0 0 2 0 9 0 0 0 0 0 0 0 0 0 0 0 0 0 0 0 2 0 0 0 0 0 0 0 0 0 0 0 0 0 14 13 2 25 0 8 2 0 21 0 0 24 0 2 9 7 0 32 0 30 0 0 9 0 1 0 18 26 0 0 1 0 0 15 0 0 0 0 8 19 0 0 0 2 0 0 0 0 2 0 0 0 0 2 0 0 0 0 0 0 0 0 0 0 0 0 0 0 0 0 0 0 0 9 12 0 5 79 0 0 14 13 0 0 0 0 0 0 0 0 0 0 0 0 0 0 0 0 0 0 0 0 0 0 0 17 0 0 0 0 
 0 35 37 73 0 81 0 3 73 86 74 0 0 1 1 0 0 0 0 0 480 182 82 289 78 52 294 317 323 267 124 62 0 183 220 95 129 125 232 355 0 0 0 1 0 4 0 0 3 0 0 62 0 0 0 0 0 68 0 20 0 12 0 0 2 3 3 0 56 0 0 0 0 0 5 0 3 0 0 0 0 0 0 17 0 11 0 16 1 17 10 0 0 0 0 19 0 0 0 0 23 1 0 24 12 0 58 15 9 21 26 12 19 32 21 25 13 15 36 18 0 0 0 1 0 0 0 0 0 0 0 0 0 0 1 0 0 0 0 0 0 0 0 0 0 0 0 7 0 0 0 0 2 0 0 0 0 0 0 0 3 0 16 0 13 0 0 0 0 0 44 0 7 0 0 0 0 1 0 0 16 13 10 1 8 8 22 1 1 0 12 17 29 13 14 7 10 18 14 3 0 0 0 0 0 0 0 0 2 0 0 0 0 1 20 0 1 12 0 0 0 0 1 0 0 0 0 0 0 1 0 0 0 0 0 0 0 0 21 0 0 0 0 0 0 0 0 0 30 0 0 0 0 0 7 0 3 0 0 2 2 0 0 0 0 0 0 0 0 0 0 0 0 0 0 0 15 0 0 0 0 0 0 0 0 0 0 0 0 0 
 1 39 3 0 82 0 1 1 1 2 7 1 1 9 4 2 1 0 1 2 379 220 163 131 113 136 46 233 197 121 24 45 183 0 150 287 142 108 177 161 0 0 0 2 0 7 0 0 2 0 0 0 0 0 0 0 0 4 0 0 0 1 0 0 2 4 3 0 3 3 0 0 0 0 0 0 3 2 0 2 0 0 0 0 12 0 0 0 0 0 0 0 0 0 0 0 0 0 0 0 14 0 0 24 38 0 24 2 13 16 11 30 14 26 14 12 9 13 0 55 0 0 2 0 0 0 0 0 0 0 0 4 0 0 0 0 0 0 21 0 0 0 0 0 0 0 0 10 0 0 2 7 0 1 0 0 0 0 0 0 0 0 0 0 33 0 0 0 0 0 0 0 0 0 0 0 0 0 0 0 12 20 26 20 1 27 12 6 18 17 42 14 13 14 12 11 36 0 0 0 8 0 0 2 0 0 22 0 0 0 0 0 0 12 0 0 0 0 0 0 0 0 0 0 0 0 3 20 0 0 0 2 0 0 0 0 0 0 0 0 0 0 0 0 0 0 0 0 0 0 2 0 2 0 8 1 0 152 2 1 0 0 2 0 0 0 0 0 0 0 0 0 0 0 0 0 0 0 0 0 0 6 0 0 0 0 0 0 0 13 
 0 0 0 0 0 76 0 0 0 1 0 0 0 2 1 1 0 155 74 0 129 143 48 225 129 49 111 120 94 156 99 40 220 150 0 228 108 117 264 198 0 0 0 0 0 5 0 0 2 0 2 0 0 0 0 0 0 2 0 0 0 0 0 0 3 0 3 0 0 0 0 0 0 0 0 0 3 2 0 0 0 0 0 0 11 7 0 12 0 0 0 0 0 0 0 11 0 0 0 0 10 0 1 0 19 11 0 0 15 10 7 1 9 0 24 13 14 1 0 12 8 0 0 0 0 0 0 0 1 0 0 0 13 0 0 0 0 0 15 10 0 0 0 0 0 0 0 6 0 0 1 0 0 2 0 0 1 0 0 0 0 0 0 3 9 0 3 0 0 0 0 0 42 0 0 0 0 2 0 0 1 11 15 15 34 20 11 13 4 8 10 3 0 15 12 32 23 20 20 13 0 0 2 0 0 1 0 0 0 0 0 0 0 0 0 18 0 0 6 33 0 0 0 0 0 0 0 10 0 0 0 0 0 0 0 0 0 0 0 0 0 0 20 0 0 0 0 0 0 25 0 0 0 0 7 0 0 3 2 0 0 0 0 0 0 0 9 0 0 0 0 0 0 0 46 0 2 0 0 10 0 1 0 0 0 0 14 0 0 1 
 0 0 0 0 148 153 1 0 0 0 0 1 1 0 0 0 0 0 1 0 111 166 34 338 109 208 51 202 41 189 70 131 95 287 228 0 42 181 24 74 0 0 0 0 0 4 0 0 3 0 0 0 62 4 0 0 6 2 0 0 0 0 0 0 2 0 9 0 0 0 0 0 0 0 0 0 3 1 0 0 0 0 0 0 20 0 0 0 0 0 10 0 0 0 0 0 0 2 0 0 11 10 29 10 11 0 13 0 10 15 13 9 42 0 0 19 16 0 0 44 0 0 0 0 0 0 23 0 0 0 0 0 14 15 0 0 0 0 21 15 0 0 8 0 0 1 0 5 0 0 0 0 0 0 0 0 0 0 0 3 0 0 0 0 3 0 0 0 0 0 0 0 0 0 0 0 1 3 0 0 0 10 12 42 14 9 13 0 18 0 23 12 0 20 22 14 4 32 15 0 0 0 0 0 0 0 20 38 0 3 0 0 15 0 0 1 0 0 0 9 0 0 0 0 0 0 0 0 0 0 0 0 2 0 16 0 0 0 0 0 0 0 0 0 0 0 0 0 0 75 0 0 0 0 19 0 0 77 1 1 13 0 0 0 0 0 8 0 0 0 0 0 0 0 0 0 9 0 0 0 0 0 0 0 0 0 0 0 0 7 
 3 40 0 0 0 0 0 0 0 2 0 0 0 0 0 0 0 0 0 0 627 238 105 194 67 108 76 125 255 142 120 131 129 142 108 42 0 47 108 138 0 0 0 3 0 5 0 0 5 0 0 0 2 0 0 0 0 2 3 1 0 8 0 0 2 1 3 0 1 0 1 0 0 0 0 0 3 2 0 0 0 0 0 0 0 0 0 0 0 0 2 0 0 0 0 0 0 0 1 0 25 16 20 37 11 0 10 30 2 31 0 11 1 24 43 33 19 31 0 1 0 0 0 0 0 0 0 0 0 0 0 1 0 7 0 0 0 0 61 8 0 0 0 0 0 0 0 51 2 0 0 4 11 0 0 0 0 0 0 0 1 0 0 0 0 0 2 0 0 0 0 0 0 0 0 0 0 0 0 0 14 33 13 20 12 14 2 34 32 1 10 43 0 10 6 16 27 34 0 14 0 0 0 0 0 0 12 0 0 0 0 0 0 14 0 0 9 0 7 33 0 0 0 0 0 0 0 0 0 0 0 0 0 0 0 2 0 0 0 0 0 0 0 0 0 0 0 0 0 0 0 0 0 0 11 0 0 74 1 0 1 0 0 0 0 0 0 0 0 0 0 0 0 0 0 0 0 0 0 0 0 5 0 0 0 1 0 0 0 0 
 4 0 0 0 97 62 0 2 0 0 0 2 1 0 0 0 0 0 0 0 93 128 349 60 34 252 394 37 95 306 115 217 125 108 117 181 47 0 493 33 0 0 0 0 0 4 56 1 3 0 0 0 4 87 0 0 5 2 1 0 0 3 0 0 2 13 3 0 5 0 0 0 0 0 0 0 3 0 0 0 0 0 0 1 0 0 0 0 0 0 0 0 0 0 0 0 0 0 0 0 0 16 0 20 55 13 29 44 28 32 32 24 0 0 7 0 18 8 27 8 0 0 0 11 0 0 1 12 2 0 0 0 34 7 0 0 0 0 6 10 0 0 2 0 0 0 0 0 0 0 0 0 0 1 0 0 0 0 0 8 0 0 0 0 0 0 0 0 0 14 0 0 0 0 0 0 0 2 0 0 16 0 0 1 39 33 10 0 13 15 25 27 19 0 0 20 10 21 0 14 0 0 1 0 0 2 7 15 0 0 0 0 13 1 0 0 0 0 0 12 0 0 0 0 0 0 0 0 0 0 0 0 0 0 0 0 0 0 0 0 0 0 0 0 0 0 0 0 78 0 0 0 0 0 6 3 0 2 0 3 1 3 0 0 0 0 0 0 0 0 0 0 0 0 0 0 0 0 0 10 0 0 0 0 0 0 0 0 0 2 
 8 2 75 2 117 83 2 2 2 4 2 3 3 2 2 2 2 2 2 2 224 37 109 69 47 61 500 56 283 263 54 27 232 177 264 24 108 493 0 254 0 0 0 5 0 4 0 0 2 0 0 0 0 0 0 61 0 2 0 0 0 2 0 0 2 0 3 0 0 0 0 0 41 0 0 0 3 0 0 0 0 0 0 0 9 23 0 0 0 0 0 10 0 0 0 0 0 0 0 0 0 55 23 21 0 0 14 41 21 17 0 0 30 3 14 30 50 23 13 47 0 0 0 0 0 0 0 0 2 0 0 0 0 0 0 0 0 0 0 0 0 0 2 0 0 0 0 0 0 0 0 0 10 0 0 0 2 0 0 0 0 0 0 0 37 25 0 0 0 0 55 0 0 0 0 0 0 2 0 0 51 9 0 0 0 0 0 19 0 11 23 26 46 1 10 1 44 0 25 0 0 0 0 0 0 2 0 0 0 0 0 0 0 0 0 0 0 0 0 46 0 0 0 0 0 0 0 12 0 0 0 0 0 0 1 0 0 2 0 0 0 0 0 0 0 0 35 0 85 0 0 0 0 0 10 2 0 0 0 2 5 2 0 0 0 0 7 0 0 0 0 0 0 0 0 12 1 0 0 0 0 5 0 0 0 0 10 0 0 0 
 2 76 0 77 74 42 3 0 0 0 0 39 0 0 0 79 7 63 0 0 438 77 96 78 81 46 461 582 241 80 58 34 355 161 198 74 138 33 254 0 0 2 0 6 0 4 0 0 4 0 2 1 2 0 0 0 21 5 0 3 0 4 0 0 7 0 5 0 1 0 2 0 0 2 0 0 4 0 0 0 0 0 0 0 28 27 0 0 9 0 0 13 0 0 0 2 16 0 0 0 14 37 23 38 0 0 24 27 11 11 0 10 3 33 15 21 41 24 0 18 0 0 0 0 19 0 0 0 0 0 0 0 0 0 0 0 0 0 2 0 0 0 0 0 0 0 0 0 0 0 0 0 11 0 0 0 0 0 0 0 0 0 0 0 5 15 0 0 18 0 0 0 0 0 0 0 10 19 0 0 57 51 44 5 16 0 14 18 0 0 9 13 20 30 31 2 31 8 17 0 0 0 0 0 0 0 0 0 0 0 0 0 0 0 1 0 0 0 7 11 0 0 0 0 0 11 0 8 0 0 0 0 0 0 0 0 0 0 0 0 0 0 0 0 0 2 1 0 0 0 0 0 0 0 10 0 3 2 0 0 2 0 2 0 0 0 17 0 0 0 0 0 0 0 0 29 0 14 0 0 0 5 0 0 0 0 20 0 0 0 
 0 0 0 0 0 0 0 0 0 0 0 0 0 0 0 0 0 0 0 0 0 0 2 0 0 0 0 2 0 0 0 1 0 0 0 0 0 0 0 0 0 240 153 416 25 36 129 290 414 233 41 101 289 75 98 285 42 38 108 49 0 0 51 0 0 2 0 0 0 0 0 0 2 0 0 0 4 2 0 0 0 0 0 0 0 0 14 0 0 0 0 0 0 0 0 0 0 0 0 0 0 0 0 0 0 26 0 0 0 0 0 0 0 0 19 0 0 0 0 0 0 0 10 0 1 2 1 18 14 0 7 1 0 20 24 59 28 46 0 13 0 0 1 0 0 0 9 0 0 0 0 0 1 0 0 0 0 0 0 0 0 0 0 0 0 0 0 0 0 0 0 16 0 0 0 4 0 0 0 0 0 0 0 0 0 0 0 0 0 0 0 0 0 0 0 0 0 0 0 0 3 44 18 0 23 8 0 6 30 11 35 11 46 19 18 27 34 27 19 1 0 0 0 0 0 0 1 0 11 0 0 0 0 0 0 0 0 0 0 10 0 0 0 0 0 0 0 0 0 0 0 5 0 0 1 0 0 0 0 0 0 0 0 0 1 2 4 27 0 0 0 0 0 5 0 0 0 0 0 0 0 0 0 0 9 12 0 19 0 0 
 2 4 5 5 0 0 2 2 1 1 2 0 3 0 2 2 2 0 1 4 0 0 0 0 0 0 0 2 0 2 0 0 0 0 0 0 0 0 0 2 240 0 116 139 24 63 74 82 278 112 96 20 119 372 140 552 113 24 34 170 1 0 0 0 2 3 0 0 1 0 2 0 0 0 0 0 0 1 0 0 0 0 0 0 0 0 0 0 0 0 0 0 0 0 0 20 0 0 0 1 0 0 0 0 0 0 0 0 0 0 0 0 0 0 0 0 0 0 0 0 0 0 11 0 0 39 0 0 7 24 38 0 0 0 0 17 0 17 0 0 0 0 1 2 0 13 16 1 2 0 1 0 2 0 1 1 0 8 1 31 0 0 0 0 0 0 0 0 0 0 0 3 0 0 0 4 0 0 0 0 0 0 0 0 0 0 0 0 0 0 0 0 0 0 0 0 0 0 0 0 31 10 11 2 10 9 0 9 54 11 10 7 0 6 0 15 0 11 0 0 2 1 1 1 2 0 0 2 2 0 1 0 0 1 1 1 0 0 13 6 0 0 7 0 0 0 0 0 2 0 0 10 0 2 0 0 0 0 0 0 1 0 2 0 0 1 2 65 0 0 1 0 0 0 0 0 0 0 0 0 0 0 0 0 0 0 0 0 0 0 
 0 0 0 0 0 0 0 1 0 0 1 0 0 0 0 0 0 0 0 0 0 0 0 0 0 0 0 63 0 0 0 16 0 0 0 0 0 0 0 0 153 116 0 470 117 59 67 170 156 487 61 77 350 118 54 135 77 257 233 316 1 0 0 0 0 0 1 1 0 0 0 0 0 0 5 7 0 0 0 0 0 0 0 0 0 0 0 0 0 0 0 0 0 0 0 0 0 0 0 0 0 0 0 0 0 1 0 0 0 0 0 0 0 5 0 0 0 0 0 0 0 0 15 36 4 14 0 0 6 0 24 12 0 12 0 15 0 15 0 0 0 0 0 0 0 6 18 0 0 6 0 0 0 0 9 0 0 0 55 0 0 0 0 0 0 0 0 0 0 0 0 6 0 0 0 4 0 0 27 0 0 0 0 3 0 0 0 0 0 0 0 0 0 0 0 0 0 0 0 0 0 32 43 25 11 24 1 0 11 12 12 12 14 1 7 0 0 10 0 0 0 1 0 1 0 0 19 0 0 10 0 0 44 7 10 0 6 0 11 14 0 0 0 0 0 0 0 0 0 0 0 8 0 8 0 0 0 0 0 2 0 0 10 0 65 0 2 0 0 0 18 0 0 0 0 0 0 0 0 0 0 2 0 0 0 0 0 0 0 0 
 0 0 0 0 0 0 0 0 0 0 3 0 0 0 0 0 0 0 0 0 68 6 2 0 0 0 62 2 3 0 0 0 1 2 0 0 3 0 5 6 416 139 470 0 96 43 79 359 167 168 65 167 352 196 60 230 50 132 51 134 4 0 0 50 0 0 0 0 47 0 0 0 0 0 2 0 0 0 0 0 0 0 0 0 0 0 0 0 0 0 0 0 0 0 0 0 0 0 0 0 2 0 0 52 0 0 4 0 0 0 0 0 4 6 0 4 5 4 0 0 20 0 18 0 17 11 0 0 7 19 27 13 0 0 1 29 19 25 0 0 6 0 0 0 7 5 15 0 0 0 0 0 0 0 0 0 0 2 0 0 0 0 0 0 5 0 0 0 0 0 0 4 0 0 0 8 0 9 0 0 3 22 0 0 0 0 0 44 0 5 7 0 0 13 14 0 2 2 0 0 6 20 16 0 43 0 0 0 31 18 11 30 0 0 0 0 3 14 0 0 0 10 0 0 0 0 0 0 0 11 0 0 9 8 0 0 0 21 20 32 0 0 0 0 0 0 0 0 0 0 0 4 0 1 0 0 0 0 0 0 0 0 0 0 1 4 0 0 0 0 0 0 0 0 0 0 0 0 0 0 0 8 0 0 14 0 0 0 0 0 
 2 0 0 8 0 0 0 0 0 0 0 0 0 0 0 0 0 0 0 0 0 0 0 0 0 3 61 0 0 0 63 0 0 0 0 0 0 0 0 0 25 24 117 96 0 140 59 72 68 100 214 117 71 75 170 81 115 47 62 77 4 0 0 0 0 0 0 19 16 0 8 0 59 79 84 0 52 1 50 0 0 0 0 0 0 0 0 0 0 0 0 0 0 0 0 0 20 0 0 0 0 0 0 0 0 9 0 0 0 0 0 7 0 0 0 0 0 0 0 0 0 0 0 19 19 33 0 0 0 0 0 27 0 0 0 0 18 10 0 0 12 0 10 52 22 0 9 37 16 25 4 0 6 6 0 66 0 3 14 0 0 0 0 0 0 0 0 0 0 0 0 0 0 0 0 0 0 0 0 0 0 0 0 0 0 0 0 0 0 0 0 0 0 0 0 0 0 0 0 0 0 2 3 9 32 10 0 0 0 0 8 0 0 0 0 0 0 0 0 0 44 27 13 0 0 0 6 0 0 4 0 0 27 22 37 15 15 19 18 7 0 0 0 0 0 0 0 0 0 0 0 12 0 0 0 0 0 0 1 0 0 0 1 1 1 2 2 0 0 0 22 0 0 0 0 0 0 0 0 0 0 0 0 0 0 0 0 0 0 0 
 64 1 0 4 2 2 3 0 0 67 90 36 0 0 0 29 42 61 0 29 4 4 1 4 5 4 5 5 3 5 5 5 4 7 5 4 5 4 4 4 36 63 59 43 140 0 33 246 255 51 95 59 24 44 45 93 278 73 38 48 3 55 0 171 0 5 0 113 56 63 0 2 138 49 50 9 22 17 109 78 0 0 0 9 0 0 0 0 0 8 0 0 0 0 0 0 0 0 0 0 1 0 0 0 0 0 0 0 0 0 9 0 0 0 0 0 0 0 0 0 0 0 0 0 0 0 0 0 0 0 0 0 0 0 0 0 0 0 0 0 6 14 0 34 0 0 2 40 27 0 0 1 7 3 2 9 4 0 0 0 7 3 0 0 0 0 13 29 0 14 8 0 0 22 0 11 0 0 0 0 0 0 0 0 0 0 0 0 0 0 0 0 0 0 0 0 0 0 0 0 0 0 0 0 0 0 0 0 0 0 0 0 0 0 0 0 0 0 0 0 12 34 0 18 0 0 3 39 11 16 0 0 0 17 0 11 0 0 9 10 0 0 0 0 0 0 0 0 0 2 0 11 0 0 66 0 0 2 0 0 0 0 4 0 1 0 2 1 0 0 0 0 0 0 0 19 0 0 0 0 0 0 0 0 0 0 0 0 0 0 
 0 0 0 0 0 0 0 0 0 0 0 0 0 0 0 0 0 0 0 0 63 0 57 0 1 64 0 3 19 62 58 1 0 0 0 0 0 56 0 0 129 74 67 79 59 33 0 167 120 30 36 40 97 243 27 18 37 60 170 57 54 1 49 0 0 0 0 4 1 0 6 0 5 5 31 0 8 2 0 9 0 0 0 0 0 0 0 0 0 0 0 0 0 0 0 0 0 0 0 0 0 0 0 12 1 37 0 0 0 0 0 19 0 0 0 0 0 0 0 0 4 0 10 0 0 0 1 18 14 19 0 0 28 20 44 8 9 1 19 23 0 3 0 0 0 5 0 0 0 1 0 0 0 0 0 0 0 3 6 4 0 0 0 0 0 0 0 0 0 0 0 0 0 0 0 0 4 2 1 0 0 0 0 0 11 10 0 0 0 0 10 21 0 0 0 0 2 6 0 0 19 9 0 0 19 0 13 0 0 0 20 0 38 13 18 18 24 10 18 7 0 0 0 0 0 0 0 20 13 0 4 2 1 0 2 3 0 1 0 1 0 0 0 0 0 0 0 0 0 0 0 9 1 0 0 0 0 0 0 0 0 0 0 0 0 22 3 1 0 0 8 0 0 0 0 0 0 0 0 14 0 0 0 0 9 0 0 0 0 0 
 0 3 0 0 0 0 2 0 0 0 1 0 0 1 0 0 1 2 1 2 0 0 2 23 0 1 0 0 0 0 63 0 0 0 0 0 0 1 0 0 290 82 170 359 72 246 167 0 157 46 33 248 298 183 265 94 37 107 156 124 0 0 0 0 0 0 0 0 0 0 0 0 5 2 0 0 22 55 0 0 0 1 1 1 1 9 0 1 0 2 2 2 0 0 0 1 1 0 0 2 0 2 1 2 0 13 2 2 0 1 2 1 2 2 2 2 0 2 1 0 7 0 19 0 28 0 0 18 0 9 16 0 35 13 41 17 21 0 9 1 8 0 0 0 7 0 0 0 0 0 0 0 0 0 0 1 0 0 6 0 0 2 2 0 2 0 0 1 1 1 1 3 1 1 2 20 0 2 0 0 1 21 0 0 0 6 2 1 0 13 0 0 0 2 2 1 1 0 1 1 13 0 1 15 19 0 13 1 0 8 20 45 27 12 5 9 10 10 2 7 0 0 0 0 0 0 0 17 0 0 0 0 9 1 0 0 0 0 20 9 0 2 1 0 0 0 1 0 0 26 0 4 0 1 0 0 0 0 20 1 0 0 2 0 1 4 0 1 0 0 0 0 0 0 0 0 0 0 0 0 0 2 0 0 18 0 0 0 0 0 
 2 0 0 0 0 0 10 2 1 0 4 0 0 0 33 0 0 0 0 0 3 3 3 3 2 67 3 3 3 2 53 3 3 2 2 3 5 3 2 4 414 278 156 167 68 255 120 157 0 81 26 221 474 381 91 263 269 100 126 165 0 0 64 0 0 0 0 0 0 0 0 0 0 0 7 9 0 0 0 0 1 1 0 2 0 0 0 0 0 2 0 0 0 0 0 42 0 1 0 1 0 0 0 0 0 15 0 0 0 0 0 14 0 4 0 0 0 0 0 0 0 0 15 6 0 11 0 18 21 0 54 0 8 0 9 24 26 6 0 15 11 0 0 0 2 0 26 0 0 0 4 0 0 0 0 0 0 0 0 0 0 1 10 0 0 0 0 2 0 1 0 4 13 3 0 4 2 0 0 4 0 0 0 0 0 0 0 0 0 0 0 0 0 0 0 0 0 1 29 0 0 18 19 11 20 0 0 8 11 11 11 0 5 0 18 20 16 7 19 1 0 0 0 0 0 0 10 0 0 0 0 0 10 0 0 0 0 0 15 11 0 1 0 0 0 0 0 0 0 0 0 10 0 1 0 0 0 0 0 2 0 1 2 0 0 1 2 0 0 0 0 0 0 0 0 0 0 0 0 0 0 0 0 0 2 7 0 0 0 0 
 2 2 0 0 0 0 0 0 0 0 2 0 0 0 0 2 0 0 0 0 0 0 1 0 0 4 0 2 3 2 0 0 0 0 0 0 0 0 0 0 233 112 487 168 100 51 30 46 81 0 506 34 66 89 137 463 356 91 52 370 7 0 0 0 0 2 26 4 3 0 0 0 0 0 79 7 0 3 46 0 0 0 12 0 0 0 0 18 0 0 0 0 0 0 0 0 0 0 0 0 0 0 0 0 0 1 0 0 0 0 0 0 0 0 0 0 0 0 0 0 0 0 1 21 0 46 0 0 0 27 13 0 0 0 0 16 0 16 0 0 0 20 4 0 0 15 9 1 0 0 0 0 2 0 20 0 6 19 9 12 0 0 7 0 0 0 0 0 0 0 0 0 0 0 0 0 2 0 0 0 0 23 0 0 0 0 0 0 0 0 0 0 0 0 0 0 0 0 0 0 21 0 0 0 0 14 0 1 33 0 0 21 0 7 0 1 0 8 0 0 20 0 1 0 0 0 20 7 11 6 0 0 2 9 2 0 5 0 19 10 0 0 17 0 0 0 0 0 0 0 0 15 0 0 0 0 0 0 0 11 0 16 2 1 65 2 12 0 0 0 8 0 0 0 0 0 0 0 0 0 0 2 0 0 0 6 0 0 0 0 
 4 3 0 3 0 0 0 0 0 0 0 0 0 0 0 2 0 0 0 0 0 0 0 0 0 3 0 0 0 0 0 0 0 0 2 0 0 0 0 2 41 96 61 65 214 95 36 33 26 506 0 98 25 59 63 345 137 330 25 83 0 1 0 0 0 2 54 5 0 0 0 0 4 51 24 0 0 1 58 3 0 0 0 0 0 0 0 0 0 0 0 0 0 0 0 0 0 0 0 0 0 0 10 0 0 0 0 0 0 0 0 0 0 0 0 0 0 11 0 0 0 0 9 32 0 16 0 0 0 11 0 0 20 0 0 0 0 15 0 0 0 22 19 0 0 3 11 0 0 10 0 0 8 1 9 11 0 0 19 39 0 0 0 12 0 12 0 7 0 0 0 0 0 0 0 0 4 1 0 0 0 0 0 0 0 0 0 0 0 0 0 0 0 0 0 0 0 0 0 0 0 7 8 19 0 40 0 6 16 0 11 9 0 0 0 9 0 0 0 0 44 0 10 0 0 0 24 6 5 10 33 15 47 15 18 25 14 10 0 0 0 0 8 0 0 0 0 0 0 0 0 11 0 0 0 0 0 0 0 29 0 0 0 0 1 0 0 1 0 0 44 0 0 0 0 0 0 0 0 0 0 0 0 0 0 4 0 0 2 0 
 0 0 6 3 0 0 0 0 4 0 0 2 0 0 0 0 0 0 0 0 0 1 0 0 0 3 5 0 0 0 0 0 62 0 0 0 0 0 0 1 101 20 77 167 117 59 40 248 221 34 98 0 22 44 39 123 85 141 39 97 12 0 0 0 0 0 28 1 0 0 0 0 0 1 4 3 0 0 0 0 0 0 0 0 0 0 0 0 0 0 0 0 0 0 0 0 0 0 0 7 0 0 0 0 0 2 0 0 0 0 0 0 1 0 0 0 0 0 0 0 2 0 7 8 2 1 0 16 1 6 32 19 0 0 1 23 22 29 0 1 7 0 0 0 6 0 0 1 0 4 0 0 0 3 0 14 0 0 0 0 0 0 0 0 0 0 0 6 0 0 0 0 0 0 0 0 0 0 0 0 0 0 0 0 0 0 0 0 0 0 0 0 0 0 0 0 0 0 0 0 0 31 14 31 9 29 0 0 4 5 10 26 0 2 10 1 5 8 0 0 0 1 21 0 0 0 27 0 0 10 0 0 18 8 13 0 32 8 0 9 0 0 0 0 0 0 0 0 0 0 0 8 0 2 0 0 0 0 0 2 0 2 1 2 3 3 2 6 0 0 11 0 0 0 0 0 0 0 0 0 0 0 0 0 9 0 0 0 0 0 
 0 0 0 0 0 0 5 0 0 65 0 0 0 0 0 0 0 0 0 0 0 0 2 64 0 68 0 0 0 63 0 3 0 0 0 62 2 4 0 2 289 119 350 352 71 24 97 298 474 66 25 22 0 325 33 27 110 33 187 160 0 0 52 0 0 0 0 0 0 0 0 0 0 0 0 0 0 2 0 0 0 0 0 0 0 0 0 0 0 0 0 0 0 0 0 0 0 0 0 0 0 0 0 3 4 6 0 0 0 0 19 1 0 0 0 0 0 12 0 0 0 29 0 3 0 16 38 56 37 22 4 23 0 55 16 2 0 16 38 7 1 0 1 0 0 8 13 0 0 0 0 0 0 0 0 0 0 0 0 0 0 0 0 0 0 0 0 0 0 0 0 5 0 0 0 8 0 1 3 0 0 0 12 0 1 0 0 0 2 11 0 5 0 0 0 0 0 0 0 0 15 0 10 0 14 0 20 12 15 15 1 0 29 0 25 27 12 21 7 14 0 0 0 0 0 0 0 0 0 0 0 0 10 10 9 0 0 0 0 16 0 0 0 0 0 0 0 0 0 0 0 9 0 2 0 0 0 23 1 0 0 0 0 0 0 2 0 0 0 0 0 0 0 0 0 0 0 0 0 0 0 0 0 0 10 0 0 0 0 0 
 0 0 0 0 0 0 2 2 0 0 0 0 0 0 0 0 0 0 0 0 0 0 88 4 62 23 0 65 62 59 63 0 0 0 0 4 0 87 0 0 75 372 118 196 75 44 243 183 381 89 59 44 325 0 164 336 114 46 267 260 0 0 6 0 0 0 0 0 0 0 0 0 15 0 0 0 3 2 0 0 0 0 0 0 0 1 0 0 0 0 0 0 0 0 0 0 0 0 0 0 0 0 7 7 17 8 0 0 0 6 9 15 0 0 0 0 0 0 0 0 18 20 0 0 0 22 4 0 10 11 56 0 33 20 0 21 11 9 24 1 0 0 0 0 0 20 16 0 0 0 0 0 0 0 0 0 0 21 0 0 0 0 0 15 0 0 0 0 0 0 0 2 0 0 0 4 0 0 1 0 0 0 0 20 19 7 0 0 25 0 12 11 0 0 0 13 0 0 0 0 20 1 1 0 12 0 54 0 18 14 20 37 14 7 0 0 3 17 18 40 0 0 0 0 0 0 0 0 0 0 0 0 9 0 0 0 0 0 11 9 0 0 0 0 0 0 0 0 0 0 0 16 0 0 0 0 0 0 6 0 0 0 0 0 2 0 2 1 2 0 0 0 0 0 0 0 0 0 0 1 0 0 0 0 0 13 0 0 0 0 
 3 3 0 0 0 0 0 0 0 0 2 0 0 0 0 0 0 0 0 0 0 1 0 0 29 63 0 5 12 63 2 0 0 0 0 0 0 0 0 0 98 140 54 60 170 45 27 265 91 137 63 39 33 164 0 199 143 124 110 218 3 0 51 0 0 0 0 0 0 3 0 0 2 1 0 0 6 2 5 0 0 0 0 0 0 0 0 0 0 0 0 0 0 0 0 0 0 0 0 0 0 0 0 20 13 14 0 0 0 0 0 0 0 0 0 0 0 0 0 0 35 25 10 0 11 7 0 22 0 1 11 4 0 2 9 8 8 6 0 0 11 0 24 0 0 1 4 0 8 3 0 0 1 19 6 0 0 7 0 0 0 0 0 0 0 0 0 0 0 0 0 0 0 0 0 0 0 1 0 0 0 0 0 0 19 14 0 0 0 0 8 16 0 0 0 0 10 0 0 0 21 10 28 11 4 9 2 12 16 1 14 10 3 8 0 34 10 25 0 0 10 9 6 0 0 0 1 0 4 0 0 0 0 13 0 5 0 0 28 7 0 0 1 0 0 0 0 0 0 0 0 13 0 2 0 0 0 0 0 0 0 0 0 0 0 0 0 3 0 0 9 0 0 0 0 0 0 0 0 0 0 0 4 0 0 0 0 1 0 0 
 3 3 66 3 3 6 3 3 3 3 69 3 0 3 3 5 3 3 3 3 0 1 3 0 0 4 0 3 0 1 0 0 0 0 0 0 0 0 61 0 285 552 135 230 81 93 18 94 263 463 345 123 27 336 199 0 164 159 39 68 0 0 2 6 7 1 0 0 0 0 5 5 0 0 4 3 0 0 0 0 0 0 0 0 0 0 0 0 0 0 0 0 0 0 0 0 0 0 0 0 0 0 0 8 0 0 0 0 0 0 0 0 0 0 0 0 0 0 0 0 0 0 33 10 0 1 0 0 0 29 50 19 0 1 0 21 24 16 0 0 4 0 1 0 4 7 26 0 0 0 0 36 28 0 11 0 0 4 0 0 0 0 0 0 0 0 0 0 0 0 0 51 0 0 0 1 1 1 0 0 0 0 0 0 0 0 0 0 0 0 0 0 0 0 0 0 0 0 0 0 9 21 30 19 5 1 0 0 54 0 28 22 1 1 0 0 10 20 0 0 0 0 0 0 4 0 19 0 12 0 0 0 0 0 0 0 1 0 17 19 0 0 0 0 0 0 0 0 0 0 0 6 0 2 0 0 0 0 0 2 0 0 1 0 2 0 0 1 1 0 0 0 0 0 0 5 0 0 0 0 0 0 0 0 3 8 0 0 0 0 
 0 0 0 3 0 0 0 0 1 0 3 0 2 0 0 0 0 0 0 0 0 0 0 5 0 5 0 0 0 5 0 2 0 0 0 6 0 5 0 21 42 113 77 50 115 278 37 37 269 356 137 85 110 114 143 164 0 145 250 313 0 0 0 0 0 0 0 0 0 0 0 0 2 0 0 0 4 2 0 0 0 0 0 0 0 0 0 0 0 0 0 0 8 0 0 0 0 0 0 0 0 0 10 0 0 13 0 0 0 5 7 5 0 0 0 0 0 0 0 0 0 3 10 8 0 7 26 1 7 4 19 31 8 4 17 9 2 0 7 0 0 0 10 0 0 2 0 0 0 6 0 0 1 0 0 0 0 2 6 0 0 0 0 0 0 0 0 4 0 0 0 0 0 0 0 0 3 0 0 0 0 0 0 16 0 0 0 0 24 0 0 1 0 0 0 12 0 0 0 0 4 35 31 15 0 7 5 20 6 10 10 11 5 52 0 20 9 28 0 7 0 0 0 0 0 0 2 9 0 0 0 0 0 0 4 0 0 7 1 0 0 0 0 0 0 0 0 0 0 0 0 8 0 2 0 0 0 0 0 9 0 0 2 0 0 3 3 4 0 0 19 0 0 0 0 0 0 0 0 0 0 0 0 0 14 0 0 13 0 0 
 3 0 6 3 0 0 105 0 0 0 2 0 0 0 0 0 1 0 0 0 2 2 0 2 2 4 2 2 2 2 2 2 68 4 2 2 2 2 2 5 38 24 257 132 47 73 60 107 100 91 330 141 33 46 124 159 145 0 42 88 0 0 0 0 0 0 0 0 52 0 3 0 0 2 3 10 0 0 0 1 0 0 0 0 0 0 0 0 0 0 0 0 0 0 0 0 0 0 0 0 0 0 0 0 0 0 0 0 0 0 0 0 0 0 0 14 0 0 0 0 0 0 31 13 17 0 0 0 0 2 29 0 0 24 0 14 6 9 0 17 7 0 5 0 7 0 20 0 3 0 0 0 0 5 0 0 0 0 18 0 0 0 0 0 0 0 0 0 0 0 0 0 0 0 0 0 2 0 0 0 0 0 0 0 0 0 0 0 0 0 0 0 0 0 0 0 0 0 0 0 0 0 0 27 34 1 0 0 4 3 0 12 18 1 36 0 0 1 0 0 5 12 3 0 0 0 12 7 10 0 0 0 20 5 0 0 0 0 34 28 0 0 0 0 0 0 0 0 0 0 0 10 0 0 0 0 0 0 0 14 0 28 1 0 3 3 0 0 3 0 0 0 0 0 0 0 0 0 0 0 0 3 0 0 50 7 0 0 0 0 
 0 0 0 0 0 0 2 0 0 0 0 0 0 0 0 0 0 1 0 0 0 0 1 29 29 131 0 5 1 64 63 1 0 0 0 0 3 1 0 0 108 34 233 51 62 38 170 156 126 52 25 39 187 267 110 39 250 42 0 140 0 3 21 0 0 0 0 0 207 0 201 0 12 2 0 0 8 2 0 0 2 0 0 0 0 0 0 0 0 0 0 0 0 0 0 0 0 0 4 0 0 0 0 18 12 28 0 0 0 0 0 11 0 0 0 0 0 0 0 0 14 23 0 0 0 0 0 42 8 20 0 0 34 4 14 8 29 13 20 10 7 2 2 1 7 0 0 3 0 0 7 0 0 0 0 9 0 0 0 0 0 0 0 0 0 0 0 0 0 9 0 0 0 0 0 0 0 2 0 0 0 0 0 0 19 15 0 0 1 18 12 14 0 0 0 0 0 1 0 0 36 0 0 0 3 0 26 14 0 0 19 0 22 17 23 9 24 13 9 27 0 1 0 0 0 0 14 1 0 3 0 0 0 0 0 0 3 0 1 1 0 0 0 0 0 0 0 0 0 0 0 12 0 0 0 0 0 0 30 0 0 0 2 0 0 2 0 1 0 0 0 0 0 0 0 0 0 0 0 1 0 0 0 0 0 0 0 1 0 0 
 0 0 0 0 0 0 2 0 0 0 1 0 0 0 0 0 5 0 0 0 1 0 0 66 64 72 0 0 0 76 3 2 20 0 0 0 1 0 0 3 49 170 316 134 77 48 57 124 165 370 83 97 160 260 218 68 313 88 140 0 2 7 0 0 0 0 7 3 0 0 0 3 4 0 5 0 1 2 0 7 0 0 0 0 0 0 0 0 0 0 0 0 0 0 0 0 0 0 0 0 0 0 0 2 11 0 0 0 0 0 0 0 0 0 0 0 0 6 0 0 0 23 18 0 19 14 11 17 18 27 17 0 0 44 0 8 0 19 0 2 0 28 1 1 0 40 9 0 0 6 3 0 9 0 0 0 0 22 0 9 0 0 0 0 0 0 0 0 0 0 0 4 0 0 0 7 0 1 3 0 0 0 13 0 2 1 0 0 14 33 25 4 0 0 0 0 0 1 0 0 18 0 3 0 3 0 23 38 32 20 0 39 19 0 10 9 2 21 0 0 0 0 0 5 0 0 0 5 7 0 2 3 9 0 8 8 1 4 4 20 0 0 0 0 0 0 0 0 0 25 0 5 0 1 0 0 0 19 0 1 0 0 2 0 0 4 0 0 0 0 0 0 0 0 0 0 0 0 0 1 0 0 0 0 0 0 0 0 0 0 
 1 3 3 3 3 2 3 2 3 3 4 2 0 3 3 3 10 3 2 3 0 0 3 0 0 0 0 4 2 3 0 0 0 0 0 0 0 0 0 0 0 1 1 4 4 3 54 0 0 7 0 12 0 0 3 0 0 0 0 2 0 126 182 76 31 51 81 383 45 143 252 87 73 66 56 247 93 96 81 235 0 0 0 0 0 0 0 0 0 0 0 0 0 0 0 0 0 0 0 0 0 0 0 0 0 0 0 0 0 0 0 0 0 0 0 0 0 0 18 0 0 0 0 0 6 2 0 0 0 0 0 9 0 0 0 0 0 0 0 0 0 13 17 5 2 23 0 0 0 19 16 0 0 1 4 0 10 28 2 14 0 0 0 0 3 0 0 0 0 0 0 0 0 0 0 0 0 0 0 0 0 15 0 0 0 0 0 0 7 0 0 0 0 0 0 0 0 0 0 0 0 0 0 1 2 0 0 0 0 0 0 6 0 0 0 0 6 0 0 0 10 33 0 37 24 0 0 0 15 14 21 0 17 17 0 0 2 10 21 6 0 0 0 0 0 0 0 0 0 0 0 0 0 1 8 0 0 0 0 0 0 0 14 0 0 0 15 0 0 0 9 2 0 0 0 0 0 0 0 0 0 0 0 0 0 0 0 0 0 0 
