 0 308 213 49 41 245 148 289 131 105 38 137 258 153 57 124 155 138 47 143 1 3 1 0 53 0 204 3 0 2 207 3 204 75 1 0 4 0 0 0 0 6 0 0 1 2 2 0 2 65 0 0 0 0 1 0 0 3 2 0 0 3 2 0 0 0 0 3 2 3 0 0 0 0 0 0 0 0 3 0 12 22 0 19 11 0 25 1 0 0 0 26 13 0 14 30 10 36 0 27 0 0 0 0 0 0 0 0 1 0 0 0 0 0 0 0 0 0 31 0 0 0 2 20 2 0 0 0 0 2 8 0 0 2 0 0 0 20 0 0 0 0 0 0 0 0 0 0 0 0 0 3 0 0 0 0 0 0 13 0 75 31 20 1 2 0 13 0 0 0 21 26 34 30 13 1 26 31 1 0 19 0 0 13 0 5 0 0 0 0 0 0 0 0 0 0 0 0 24 26 0 0 0 0 0 0 11 0 0 1 0 11 0 0 0 0 0 0 0 0 0 2 0 0 0 0 0 0 0 1 2 0 0 0 0 0 0 0 0 0 0 0 0 0 0 0 0 0 2 9 0 8 0 0 0 0 0 0 0 2 0 0 0 0 0 0 0 0 0 0 0 0 0 0 0 0 0 0 0 0 0 0 0 0 0 19 0 0 0 0 
 308 0 319 468 32 208 171 413 61 254 109 173 173 135 258 145 47 275 187 137 0 3 0 0 0 0 74 5 3 0 3 3 77 0 0 2 0 1 0 38 2 0 0 0 0 2 2 3 2 0 0 0 0 0 0 0 1 3 2 0 0 3 2 0 0 0 0 1 3 50 0 1 0 0 29 1 0 2 3 0 8 89 25 0 1 0 27 11 5 0 22 10 0 18 2 20 39 0 0 10 0 46 0 0 0 0 0 0 0 0 0 0 0 0 18 0 2 0 15 11 0 0 0 1 0 0 13 0 0 0 0 0 0 0 0 0 0 0 0 0 0 2 0 0 0 9 0 0 0 0 0 0 0 0 0 0 0 0 0 0 11 16 36 0 0 0 7 13 2 14 10 26 3 14 10 71 11 0 31 30 0 0 0 0 10 0 0 0 0 2 0 0 0 0 0 0 0 0 1 9 0 0 0 0 0 0 0 0 0 0 0 0 0 0 0 0 0 0 0 0 0 0 0 0 0 0 0 0 0 0 0 0 0 0 0 0 0 0 0 0 0 0 0 0 0 3 0 0 3 1 16 16 0 0 0 2 0 0 0 0 0 0 7 0 0 0 1 0 0 0 0 0 0 0 0 14 0 0 0 0 0 0 0 0 0 0 0 0 0 0 
 213 319 0 138 229 335 230 481 95 149 49 234 610 173 184 400 222 230 51 70 0 8 0 1 3 0 1 3 4 0 4 4 69 0 0 0 0 2 76 0 1 0 0 55 6 5 2 0 4 3 0 0 3 2 0 7 0 3 2 0 0 3 2 9 0 0 1 0 3 3 3 2 0 0 0 1 53 0 9 1 16 10 25 11 25 21 0 0 8 23 22 33 10 0 84 59 2 43 0 0 17 4 0 0 0 0 12 17 0 0 0 0 24 42 0 45 0 0 0 24 0 0 0 24 0 0 0 0 0 0 0 0 0 0 0 0 0 0 0 0 0 0 0 0 0 0 0 0 0 0 0 18 0 0 0 0 0 2 0 2 29 20 0 12 0 39 12 18 0 38 14 35 0 58 10 23 84 54 0 0 0 0 0 0 0 0 26 0 0 0 0 0 0 4 0 0 0 0 16 19 0 0 0 0 0 0 0 0 0 0 0 0 0 0 0 0 0 0 0 0 0 0 0 0 0 0 0 0 0 0 0 0 0 0 0 0 0 0 0 0 0 31 0 0 0 4 2 0 4 0 0 4 0 0 0 0 0 0 0 1 0 0 0 0 0 0 0 0 0 2 0 0 0 0 0 0 0 0 0 0 0 0 0 0 0 0 0 0 0 0 
 49 468 138 0 97 327 191 223 89 304 411 221 228 148 222 109 129 217 163 40 77 4 0 0 0 0 147 3 0 93 3 3 0 74 0 0 6 0 0 0 0 0 0 0 2 2 2 0 2 0 0 0 0 0 0 0 66 3 2 0 0 3 2 0 0 0 0 2 3 3 0 0 0 0 0 0 1 0 6 0 21 12 21 12 0 13 20 13 32 10 24 35 10 14 9 32 0 19 0 0 0 14 13 0 0 0 1 0 8 0 0 0 14 1 46 2 0 0 23 11 0 0 0 19 0 0 0 0 0 0 0 0 0 0 0 0 0 0 0 0 0 0 0 0 0 0 0 0 0 0 5 0 0 0 18 0 0 0 0 0 22 32 5 1 1 0 11 2 15 18 1 13 6 1 1 15 31 0 0 0 19 0 12 0 0 16 1 0 0 0 0 0 35 0 14 1 0 0 1 34 0 0 0 0 0 0 0 0 0 0 0 0 0 0 0 0 0 0 0 0 0 0 0 0 0 0 0 0 0 0 0 0 0 0 0 0 0 0 0 0 0 0 0 0 0 1 0 0 88 3 0 2 0 0 0 0 0 0 0 0 0 0 76 35 0 0 0 0 0 0 0 0 0 0 0 19 20 0 0 0 0 0 0 0 0 0 0 0 0 0 
 41 32 229 97 0 315 424 73 304 306 154 141 239 124 57 156 351 135 141 146 0 79 74 0 2 0 83 29 77 82 3 3 62 74 0 0 0 1 3 1 3 0 4 0 2 5 2 0 2 0 2 3 0 0 0 0 72 5 3 0 2 3 2 4 0 0 0 6 1 3 0 0 3 0 0 0 6 0 21 0 0 0 4 0 14 20 0 0 12 0 2 0 0 0 8 14 0 0 0 0 32 46 0 0 0 0 0 0 9 10 0 0 11 3 0 16 0 0 58 0 0 0 0 8 0 0 26 0 0 13 0 0 0 0 0 0 0 0 0 0 0 0 0 0 0 1 0 0 0 0 0 0 0 16 0 0 0 6 0 0 0 0 0 2 10 19 0 0 0 18 0 0 0 0 0 8 0 0 0 0 22 30 18 0 0 0 8 18 0 0 11 0 36 10 0 0 0 9 15 17 0 0 0 0 0 0 13 0 0 0 0 0 0 0 0 0 0 0 0 0 11 0 1 0 0 0 0 0 0 0 0 0 0 2 0 0 0 0 0 0 0 0 0 0 0 0 94 2 3 0 3 7 0 0 0 0 0 0 0 0 0 0 0 0 0 0 0 0 0 0 0 0 0 0 0 20 39 0 0 0 0 0 0 0 0 0 0 0 0 1 
 245 208 335 327 315 0 20 26 328 226 129 68 41 43 54 186 183 56 56 43 0 82 78 0 0 4 78 80 25 1 3 3 90 0 1 0 68 79 1 161 0 0 0 0 4 2 5 0 4 0 0 0 0 3 0 0 75 3 2 0 0 3 2 0 0 0 21 2 3 3 3 0 0 0 0 0 0 42 4 0 0 12 3 1 24 16 0 0 35 1 38 0 0 0 6 11 0 0 0 0 29 58 0 12 0 0 10 0 11 19 0 0 13 49 20 17 0 10 16 15 0 0 0 0 0 0 11 0 0 0 0 0 0 0 0 0 0 0 0 0 0 0 0 0 0 0 0 0 0 1 0 0 0 0 0 0 0 2 0 0 0 0 0 15 34 28 0 0 1 9 19 0 0 0 0 8 0 0 0 0 14 0 24 0 0 0 0 10 6 0 0 9 34 1 33 22 0 0 10 58 0 0 0 0 0 0 0 0 0 0 0 0 0 0 0 0 0 0 0 0 0 0 0 0 0 0 0 0 0 0 0 0 0 0 0 0 0 0 0 0 0 0 0 0 0 2 49 0 2 5 24 3 0 0 0 0 0 0 0 0 0 0 0 0 0 0 0 0 0 0 0 0 0 0 0 0 0 0 0 0 0 0 0 0 0 0 12 0 0 0 
 148 171 230 191 424 20 0 200 148 455 79 52 486 83 152 56 126 219 227 176 0 3 0 0 1 0 2 5 3 2 3 3 0 3 0 2 0 79 2 0 0 0 0 0 0 2 2 3 2 0 0 0 4 0 1 0 0 3 2 0 0 4 2 0 0 0 0 2 5 3 2 0 0 0 0 4 0 0 6 0 11 16 17 0 8 20 7 12 32 0 14 31 28 52 21 16 12 11 55 11 0 0 2 0 0 1 2 0 0 0 0 0 0 0 0 0 0 0 0 0 0 0 0 17 0 0 0 0 0 0 0 0 0 0 0 0 0 0 0 0 0 0 0 0 16 0 0 0 0 0 0 0 0 0 6 0 0 0 0 0 16 30 26 11 0 1 0 15 35 17 0 2 0 14 0 29 31 13 23 0 0 19 0 0 0 0 0 0 0 0 0 0 20 0 0 0 1 0 0 1 0 0 0 0 0 0 0 0 1 0 0 0 0 0 0 0 0 2 0 0 0 0 0 0 0 0 0 0 7 0 0 0 0 0 0 0 16 0 0 0 0 0 0 0 0 2 0 2 3 0 2 9 0 0 0 0 0 0 0 0 0 0 14 0 0 0 0 0 0 0 0 0 0 0 0 0 33 0 0 0 0 0 0 0 0 0 0 0 0 2 
 289 413 481 223 73 26 200 0 152 39 169 129 132 125 241 269 42 141 148 133 0 3 0 0 0 0 205 3 0 0 4 3 0 0 0 0 0 0 74 0 0 0 0 0 0 2 2 1 2 2 63 0 0 0 0 0 0 3 2 0 0 3 2 0 0 0 0 3 2 3 0 0 0 46 0 0 0 0 3 0 37 0 11 20 0 10 0 15 34 1 0 0 9 14 34 0 18 15 5 0 7 0 0 0 0 0 8 0 0 9 0 0 31 0 1 0 1 0 11 0 0 0 0 2 0 0 0 0 0 0 0 0 0 0 0 0 0 16 0 0 8 1 7 0 0 0 0 0 0 0 0 0 0 0 4 0 0 0 0 0 23 5 0 2 0 0 16 19 21 22 18 17 0 12 31 3 14 10 0 12 0 0 0 0 0 0 0 0 0 0 0 0 0 0 0 0 0 0 0 0 0 0 0 0 0 0 0 0 0 0 0 0 0 0 0 0 0 0 0 0 0 0 0 0 0 0 0 0 0 0 0 0 0 0 0 0 0 0 0 0 0 0 0 0 0 2 1 0 2 1 0 17 36 0 0 0 0 0 0 0 0 0 0 0 0 0 2 0 0 0 0 0 0 0 0 0 0 0 0 0 0 0 0 0 0 0 0 0 0 0 
 131 61 95 89 304 328 148 152 0 153 57 67 88 143 272 130 118 99 96 64 0 3 0 1 0 0 0 3 72 93 3 3 0 0 0 0 0 0 73 2 0 0 0 0 0 2 2 0 2 0 0 0 0 0 0 26 0 3 2 0 0 3 2 33 51 0 0 3 3 3 0 0 0 0 0 0 0 0 3 0 1 7 10 27 19 11 21 0 0 20 1 9 0 0 27 9 40 2 0 0 11 1 0 0 2 0 13 0 0 0 0 0 26 0 0 1 0 0 9 0 0 0 0 0 0 0 0 0 0 0 0 0 0 0 0 0 0 19 0 0 9 0 0 0 0 0 0 0 0 0 0 3 0 0 0 0 0 0 0 0 0 0 0 1 0 22 0 15 19 18 36 28 0 13 19 1 12 0 0 0 12 0 0 0 0 0 0 0 0 0 0 0 0 0 0 0 0 0 16 20 0 0 0 0 5 0 0 0 0 0 0 0 0 0 2 0 0 0 0 0 1 6 0 0 0 0 16 0 0 0 0 0 0 0 0 0 0 0 0 0 0 0 0 0 0 2 45 0 1 3 0 6 59 0 0 0 0 0 0 0 0 0 1 0 0 0 0 0 0 0 0 0 0 0 0 0 24 7 0 0 0 0 0 0 0 0 0 0 0 10 
 105 254 149 304 306 226 455 39 153 0 266 294 155 463 258 194 261 129 101 182 0 3 0 0 0 0 145 3 0 0 3 3 0 169 5 0 0 0 1 75 0 0 0 0 2 2 2 0 2 0 0 0 0 0 0 0 0 3 2 0 2 3 2 9 0 0 0 2 44 53 0 0 0 0 0 0 6 0 6 0 2 3 27 10 0 23 18 23 17 24 0 26 0 12 16 29 0 10 0 0 1 19 0 0 0 0 1 0 0 0 0 0 34 24 21 28 0 0 19 66 0 0 0 16 0 0 7 0 0 0 0 0 0 0 0 0 2 0 0 0 0 0 0 0 0 0 0 0 0 7 0 0 0 0 0 2 0 6 0 0 15 8 10 30 26 35 21 4 0 17 23 10 4 3 0 13 15 1 14 0 8 0 0 0 0 0 8 0 0 0 1 0 8 16 0 19 0 0 0 10 0 0 9 0 0 0 0 1 0 0 0 0 0 0 0 0 0 0 0 0 0 0 0 0 0 0 0 0 0 0 0 0 0 0 0 0 0 0 0 0 0 0 0 0 0 0 87 2 87 89 1 6 0 0 0 0 0 0 0 0 0 0 8 0 0 0 0 0 0 0 0 0 0 0 0 40 10 0 0 0 0 0 0 0 0 0 0 0 0 0 
 38 109 49 411 154 129 79 169 57 266 0 174 38 67 222 192 87 132 345 60 0 3 0 0 0 1 74 5 1 0 3 3 0 2 0 0 0 0 78 0 1 0 0 0 0 2 2 0 2 0 0 1 0 1 0 0 0 3 2 0 0 3 2 0 0 0 4 3 1 3 0 0 4 3 1 0 38 0 6 0 2 45 35 82 0 1 8 12 24 15 25 16 10 0 17 21 0 15 0 0 10 20 0 0 0 0 0 0 0 0 0 2 29 0 20 0 0 0 22 29 0 0 0 0 0 0 0 0 0 0 0 0 0 0 0 0 0 19 0 0 0 0 0 0 0 0 0 0 0 0 0 0 0 0 15 0 0 0 0 7 11 12 12 38 0 0 0 4 20 12 58 23 7 13 1 15 59 0 0 0 0 0 0 0 0 0 0 0 0 10 0 0 15 0 0 0 0 0 0 5 0 0 2 0 0 0 0 0 0 0 0 0 0 0 0 0 0 0 0 0 0 0 0 0 0 0 0 0 0 0 0 0 1 0 0 0 0 0 0 0 0 0 0 0 0 2 0 2 13 5 0 5 20 0 0 0 0 0 0 0 0 0 0 0 0 0 0 0 0 0 0 0 0 0 0 0 14 0 0 0 0 0 0 0 0 0 0 0 0 0 
 137 173 234 221 141 68 52 129 67 294 174 0 62 56 131 38 261 153 246 36 2 6 0 0 3 0 0 3 3 2 3 6 3 1 0 0 3 2 73 1 0 0 0 64 4 8 2 0 2 0 0 0 5 0 2 0 0 8 2 0 1 5 3 3 3 3 2 2 3 3 0 3 1 2 3 2 4 1 11 1 15 26 16 14 31 25 8 7 29 33 25 10 11 0 23 34 2 11 0 0 9 41 0 0 0 0 0 0 0 0 0 0 39 10 0 7 1 0 12 15 0 0 0 2 0 0 0 0 0 0 0 0 0 0 0 0 0 0 0 0 0 0 0 0 0 0 0 0 0 0 0 0 0 0 0 0 0 0 0 1 0 12 7 17 0 34 0 26 28 27 22 22 0 0 38 20 12 1 0 0 0 0 0 0 0 0 9 0 0 1 0 0 16 12 0 0 0 0 13 24 0 0 0 0 0 0 0 0 0 0 0 0 0 0 0 0 0 0 0 0 0 0 0 0 0 0 0 0 0 0 0 0 0 0 8 0 0 0 0 0 0 0 0 0 0 1 46 2 7 4 2 137 1 0 0 0 0 0 0 0 0 0 0 0 0 0 2 0 0 0 0 0 0 0 0 0 14 0 0 0 0 0 0 0 0 0 0 0 0 0 
 258 173 610 228 239 41 486 132 88 155 38 62 0 315 145 65 44 295 78 244 0 4 0 0 0 3 2 67 0 0 3 3 2 0 0 1 2 6 0 3 0 0 3 0 0 3 2 0 27 1 0 1 0 1 2 0 1 5 3 0 0 3 5 0 0 0 0 2 6 7 0 0 0 2 1 3 3 0 4 2 20 0 0 0 0 10 16 25 30 0 0 14 1 26 35 22 0 14 36 23 0 0 0 0 0 0 0 0 0 0 0 0 1 0 0 0 0 0 1 0 0 0 0 12 0 0 0 0 0 0 0 0 0 0 0 0 0 0 0 0 0 0 0 0 0 4 0 0 0 0 0 0 0 3 0 0 0 0 0 0 11 11 30 11 0 0 13 19 31 2 11 13 0 27 14 1 19 12 20 16 0 0 0 0 0 0 3 0 0 0 0 0 14 0 0 0 0 0 0 0 0 0 0 0 0 0 0 0 0 0 0 0 0 0 0 0 0 0 0 0 0 0 0 0 0 0 0 0 0 0 0 0 0 0 0 0 0 0 0 4 0 0 0 0 0 1 3 2 4 0 0 0 0 0 0 0 0 0 0 0 0 0 3 0 0 0 0 0 0 0 1 0 0 0 0 1 14 0 0 0 0 0 0 0 0 0 0 0 0 0 
 153 135 173 148 124 43 83 125 143 463 67 56 315 0 174 46 25 42 109 403 0 3 2 0 0 0 0 3 0 1 3 4 0 2 2 0 0 0 74 0 0 0 0 0 0 3 2 0 2 0 0 0 0 0 0 0 0 3 2 0 0 3 2 0 0 0 0 1 3 3 0 0 0 0 0 0 0 0 3 0 11 13 12 10 0 0 16 24 0 0 1 21 0 21 44 51 13 11 0 23 10 1 0 0 2 0 0 0 0 0 0 0 20 0 0 1 0 0 0 0 0 0 0 18 0 0 0 0 0 0 0 0 0 0 0 0 0 18 0 0 0 0 0 0 0 7 0 0 0 0 0 0 0 0 0 0 0 0 0 0 42 26 35 12 0 0 0 2 5 0 19 50 0 52 0 40 38 14 13 21 0 0 0 0 0 0 0 0 0 0 0 0 23 0 0 0 0 0 0 0 0 0 0 0 2 0 0 0 0 0 0 0 0 0 2 0 0 11 0 0 1 0 0 0 0 0 0 0 0 0 0 0 0 0 0 0 0 0 0 0 0 0 0 0 0 4 0 0 3 2 0 17 16 0 0 0 0 0 0 0 0 0 9 0 0 0 0 0 0 0 0 0 0 0 0 16 15 0 0 0 0 0 0 0 0 0 0 0 0 0 
 57 258 184 222 57 54 152 241 272 258 222 131 145 174 0 153 118 117 93 78 0 4 0 0 0 0 0 4 0 2 3 3 0 0 0 0 0 0 15 0 0 0 0 1 2 2 2 0 2 0 0 0 7 0 0 0 0 3 2 0 0 3 2 0 0 0 0 2 3 3 0 0 0 0 0 0 2 0 44 0 11 38 33 23 19 0 33 37 29 21 17 18 0 15 22 17 0 0 0 0 10 0 0 0 0 0 0 0 0 0 0 0 21 0 0 2 10 0 0 0 0 0 0 1 0 0 1 0 2 0 0 0 0 0 0 1 0 0 0 0 0 0 0 0 0 0 1 2 0 0 0 0 0 0 5 0 0 0 0 0 1 2 8 13 0 19 13 0 12 43 0 31 0 0 0 45 16 0 0 17 0 0 2 0 0 1 0 0 2 0 0 0 15 13 0 0 0 0 0 0 2 0 0 0 0 0 0 0 0 0 0 0 0 0 0 0 1 0 0 0 0 0 8 0 0 0 0 0 0 0 0 0 0 0 1 0 0 0 0 0 0 0 0 0 0 0 1 0 6 2 0 23 25 0 2 0 0 0 0 0 0 0 6 0 0 0 0 0 0 0 0 0 0 0 0 13 34 0 0 0 0 0 0 0 0 0 0 0 0 0 
 124 145 400 109 156 186 56 269 130 194 192 38 65 46 153 0 54 133 22 52 2 5 0 0 65 0 20 3 2 0 3 3 161 77 11 0 0 0 149 218 0 0 0 0 0 2 2 0 2 0 0 0 0 0 3 0 3 6 2 0 0 3 4 20 0 0 0 6 2 3 0 0 0 3 2 0 6 3 7 0 0 45 0 13 13 0 0 0 0 16 11 12 0 0 13 12 3 12 0 0 6 19 0 0 0 0 14 13 1 0 0 0 27 19 27 14 0 0 29 46 0 0 2 0 2 0 0 0 2 1 0 0 0 15 0 0 0 0 0 0 0 0 0 0 0 0 0 0 0 12 0 7 0 0 0 0 0 0 0 0 0 0 0 17 2 31 0 5 0 24 32 16 6 0 0 13 0 16 0 0 22 0 0 0 0 0 19 0 0 0 0 0 0 30 0 22 0 0 0 10 0 12 0 0 11 0 0 0 0 1 0 0 0 0 0 0 0 0 0 0 0 2 0 0 0 0 0 0 0 0 2 0 0 0 0 0 0 0 0 0 0 14 0 0 0 1 0 0 1 85 21 13 0 0 0 0 0 0 0 0 0 0 0 0 0 0 0 0 0 0 0 0 0 0 0 0 0 17 0 0 0 0 0 0 0 30 0 0 0 0 
 155 47 222 129 351 183 126 42 118 261 87 261 44 25 118 54 0 66 24 106 0 3 0 0 0 0 1 3 0 0 3 3 0 0 0 0 1 2 0 0 1 1 0 0 1 2 2 0 12 4 0 0 28 3 3 0 6 3 4 1 0 5 2 3 3 1 0 2 5 3 0 0 0 0 1 43 0 0 3 0 27 21 13 24 49 27 14 39 19 0 21 8 3 1 43 10 2 14 0 0 0 30 0 0 0 0 0 0 0 0 0 0 0 0 0 0 0 0 0 0 0 0 0 0 0 0 0 0 0 0 0 0 0 0 0 0 0 14 0 0 0 0 0 0 0 0 0 0 0 0 0 3 0 0 9 8 0 0 0 0 0 25 0 1 0 3 18 2 13 0 19 0 13 27 26 10 1 56 10 0 20 0 0 0 0 0 0 0 0 0 0 0 0 0 0 0 0 0 15 11 0 0 0 0 0 0 0 0 0 0 0 0 0 0 0 0 0 0 0 0 0 0 0 0 0 0 0 0 0 0 0 0 0 0 0 0 0 0 0 0 0 0 0 0 0 1 0 0 1 49 0 7 0 0 0 0 0 0 0 0 0 0 2 0 0 0 0 0 0 0 0 0 0 0 0 0 0 0 0 0 0 0 0 0 0 0 0 0 0 0 
 138 275 230 217 135 56 219 141 99 129 132 153 295 42 117 133 66 0 125 120 0 3 0 0 0 1 74 3 0 0 4 3 0 0 0 0 0 1 63 61 0 0 0 0 1 2 2 0 2 0 0 0 0 0 0 0 40 3 2 0 0 3 2 34 0 0 0 1 3 3 0 0 0 37 0 0 0 0 3 0 19 0 29 41 31 0 31 20 14 0 19 17 3 0 23 31 1 24 0 0 0 0 0 0 21 0 9 15 0 0 0 0 13 9 0 1 0 0 0 0 0 0 0 17 0 0 0 0 0 0 0 9 0 0 0 6 51 0 0 0 0 0 0 0 0 0 0 0 0 0 0 0 0 0 4 0 0 0 0 0 23 33 10 21 0 0 6 0 0 19 0 6 0 17 31 15 14 37 0 0 0 0 0 0 0 0 14 0 0 0 0 0 29 1 0 4 9 0 0 0 0 0 0 0 0 0 0 0 0 0 0 0 0 0 0 0 0 0 0 0 1 0 0 0 0 0 0 0 0 0 0 0 0 0 0 0 0 0 0 0 0 0 0 0 0 6 0 1 1 8 1 0 0 0 0 0 0 0 0 0 0 0 0 0 0 0 0 0 0 0 0 0 0 0 0 0 24 0 0 0 0 0 0 0 0 0 0 0 0 0 
 47 187 51 163 141 56 227 148 96 101 345 246 78 109 93 22 24 125 0 318 74 3 0 0 2 2 0 3 0 0 3 7 0 0 1 0 0 2 0 0 0 0 0 0 1 75 2 0 2 0 0 0 3 0 6 0 100 3 2 0 0 3 2 0 0 0 1 1 3 3 0 0 5 3 0 1 0 1 8 0 30 0 13 0 0 0 1 29 18 0 41 13 21 1 0 0 16 0 20 10 0 0 0 0 0 0 0 0 0 0 0 0 0 0 0 0 0 1 0 0 0 0 0 0 0 0 0 0 0 0 0 0 0 0 0 2 0 0 0 0 0 0 0 0 0 0 2 2 0 19 0 0 0 0 4 0 0 0 0 0 30 1 1 10 0 0 8 15 35 13 0 14 0 9 17 37 0 0 10 44 0 0 0 0 0 1 0 0 0 0 0 0 2 0 0 0 0 0 0 0 0 0 0 0 0 0 0 0 0 0 0 0 0 2 0 0 2 0 2 0 0 0 0 2 0 0 0 0 0 0 0 0 0 8 0 0 0 0 0 0 0 0 0 0 0 2 2 3 2 0 1 150 0 0 0 0 0 0 0 0 0 0 0 0 0 0 0 0 0 0 0 0 0 0 0 13 11 0 0 0 0 0 0 0 0 0 0 0 0 0 
 143 137 70 40 146 43 176 133 64 182 60 36 244 403 78 52 106 120 318 0 0 3 0 0 2 0 0 3 0 0 3 3 0 0 0 0 0 1 0 0 0 0 0 0 0 2 2 0 2 0 0 0 0 0 0 0 0 3 4 0 0 3 2 0 0 0 0 3 2 3 0 0 0 0 0 0 0 0 3 0 18 7 17 0 0 0 2 1 14 0 0 31 0 14 22 21 39 28 10 18 0 0 0 0 0 0 0 0 0 0 0 0 0 0 0 0 0 0 0 2 0 0 0 23 0 0 0 2 0 0 0 0 0 0 0 0 0 0 0 0 0 0 0 0 0 0 0 0 1 0 0 0 0 5 0 0 0 0 0 0 63 12 27 5 0 0 29 13 19 0 0 24 12 12 0 14 36 10 40 10 0 0 0 0 0 0 0 0 0 0 0 0 0 0 0 0 0 12 0 0 0 2 0 0 0 0 0 0 0 0 0 0 0 0 0 1 0 0 0 0 0 0 0 0 0 0 0 0 0 0 0 0 0 0 0 0 21 0 0 0 0 0 0 0 0 1 0 0 1 0 0 10 0 0 0 0 0 0 0 0 0 0 7 0 0 1 0 0 0 0 0 0 0 2 0 0 0 0 0 0 0 0 0 0 0 0 0 0 0 0 
 1 0 0 77 0 0 0 0 0 0 0 2 0 0 0 2 0 0 74 0 0 194 175 152 196 47 48 43 128 274 417 155 334 140 484 183 204 79 85 142 1 1 2 2 205 0 0 0 0 10 5 0 0 0 2 23 7 207 3 4 3 0 0 0 0 0 0 0 0 9 2 0 5 0 0 0 0 0 3 43 1 0 12 0 2 0 0 0 0 0 0 0 0 0 14 0 0 0 0 0 5 0 35 14 32 0 0 11 22 11 11 0 0 17 19 27 36 24 0 0 0 0 0 0 0 0 47 0 0 0 0 0 9 0 0 0 0 0 0 14 0 0 0 0 0 0 0 0 0 2 0 0 5 1 0 0 0 0 0 0 0 0 0 0 0 0 1 0 8 0 2 0 0 0 0 0 0 0 0 0 1 23 21 24 18 0 0 41 16 9 42 12 0 0 17 24 36 9 0 1 0 0 0 2 0 10 12 0 0 0 0 0 12 18 0 0 0 0 31 0 0 0 0 0 0 0 2 1 0 0 0 0 2 0 0 0 0 0 0 0 0 0 11 0 0 0 0 0 0 0 0 0 0 0 4 2 2 42 7 2 4 7 26 0 0 0 0 0 0 0 0 0 0 0 0 0 0 0 0 0 0 20 0 0 0 0 0 0 0 0 
 3 3 8 4 79 82 3 3 3 3 3 6 4 3 4 5 3 3 3 3 194 0 119 65 253 60 157 426 166 127 231 125 187 149 171 241 124 21 50 123 3 1 2 2 1 2 2 1 1 5 3 0 3 0 2 2 6 5 5 23 2 0 0 0 0 0 0 4 0 0 2 1 5 0 0 0 0 0 3 0 0 0 6 3 11 16 0 0 0 0 0 0 0 0 0 0 0 0 0 0 18 19 14 40 20 0 111 0 27 11 35 0 0 21 33 9 54 23 0 0 0 0 0 0 0 0 8 0 0 0 0 1 0 34 0 0 0 0 0 17 0 0 1 0 0 0 0 0 0 0 2 0 0 0 0 0 0 12 0 0 0 0 0 0 18 0 4 0 0 2 1 0 0 0 0 0 0 0 0 0 12 12 10 19 0 7 0 13 23 10 19 44 0 3 25 45 20 0 14 2 0 0 0 0 0 0 0 0 4 0 0 0 12 0 0 0 0 0 14 0 0 2 0 0 0 0 0 0 0 0 0 0 0 0 0 2 0 0 0 0 0 0 0 0 0 0 0 0 0 2 0 0 0 0 13 0 0 2 0 4 0 20 0 0 0 0 0 0 0 0 0 2 0 0 0 0 0 0 0 0 0 0 0 0 0 0 9 1 0 0 
 1 0 0 0 74 78 0 0 0 0 0 0 0 2 0 0 0 0 0 0 175 119 0 336 175 43 57 99 310 61 41 280 233 173 167 126 125 161 34 123 0 0 0 0 0 0 0 0 0 2 0 0 0 0 0 0 4 0 3 0 3 0 0 0 0 0 0 0 0 0 2 51 3 0 0 0 0 0 0 0 0 0 0 0 14 20 0 0 0 0 0 0 0 0 0 0 0 0 0 13 0 28 14 20 0 17 12 0 14 16 22 20 0 0 44 1 3 31 0 0 1 0 0 0 0 0 18 0 0 0 0 0 22 0 0 0 0 0 0 0 0 0 0 0 0 0 0 0 1 0 0 0 0 0 0 0 0 3 0 0 0 0 0 0 13 0 0 0 0 0 2 0 0 0 0 0 0 0 0 0 0 21 19 0 13 0 17 0 37 10 37 35 14 1 34 19 0 8 18 0 0 0 0 0 0 0 5 0 0 0 0 0 24 0 0 0 0 0 1 0 0 0 0 0 0 0 0 0 0 0 0 0 0 0 0 0 0 0 0 0 0 0 44 0 0 0 0 0 0 0 0 0 0 0 12 0 0 0 78 2 0 0 0 0 0 0 0 0 0 0 0 0 0 0 0 0 0 0 0 17 0 18 0 0 0 0 9 0 0 0 
 0 0 1 0 0 0 0 0 1 0 0 0 0 0 0 0 0 0 0 0 152 65 336 0 165 270 78 75 146 189 174 209 46 253 141 179 315 234 98 138 0 0 0 0 2 0 63 0 0 3 0 0 2 83 0 0 5 0 66 4 0 0 0 0 2 0 0 0 0 0 2 0 6 0 0 0 0 0 0 0 0 0 0 0 1 0 0 0 0 0 0 0 0 0 0 0 0 0 0 0 0 11 1 10 26 0 0 2 22 0 33 11 0 0 0 8 10 30 0 11 9 0 2 0 0 3 49 0 0 0 0 0 0 23 1 10 0 0 9 11 0 21 0 0 0 0 0 4 0 0 0 0 5 2 0 0 0 0 0 0 0 0 0 0 0 0 0 0 0 0 0 0 0 0 0 0 0 0 0 0 0 11 7 15 50 10 0 10 23 14 23 9 0 0 14 24 45 18 0 11 0 8 0 2 0 0 13 6 0 0 0 1 10 0 0 0 0 0 21 11 0 0 0 0 0 7 0 0 0 2 0 0 19 10 0 0 16 0 0 0 0 0 12 0 0 0 0 0 0 0 0 0 0 0 11 0 0 47 151 0 5 6 0 0 0 0 31 0 0 0 0 0 0 0 0 0 0 0 0 0 0 7 0 0 0 64 0 0 0 0 
 53 0 3 0 2 0 1 0 0 0 0 3 0 0 0 65 0 0 2 2 196 253 175 165 0 102 41 93 138 171 139 348 75 141 156 75 381 133 84 122 0 0 0 0 2 0 62 0 0 11 0 66 3 63 65 0 74 0 3 0 0 0 0 0 0 0 0 0 0 0 2 2 0 0 0 0 0 0 0 0 0 0 0 0 0 0 0 0 0 1 0 0 0 0 0 0 0 0 0 0 0 0 15 0 27 14 0 0 10 12 0 0 0 0 11 0 9 12 9 0 11 0 0 10 0 0 16 0 0 17 1 0 33 7 1 0 1 1 12 16 0 0 0 0 0 0 0 0 0 0 0 0 0 0 0 1 21 0 0 0 0 0 0 0 0 0 0 0 0 0 2 0 0 0 0 0 2 0 0 0 0 17 6 13 0 20 13 0 0 32 11 23 0 0 31 0 2 13 0 0 20 11 0 0 0 0 15 0 0 14 0 13 47 11 10 54 0 0 10 0 0 0 0 0 0 0 0 0 0 0 0 0 0 0 0 0 0 0 0 0 0 0 18 0 0 0 0 0 0 0 0 2 0 0 9 1 0 77 45 0 0 2 0 0 0 0 1 0 0 0 0 1 0 0 0 0 0 0 0 5 0 6 0 1 0 12 0 0 0 1 
 0 0 0 0 0 4 0 0 0 0 1 0 3 0 0 0 0 1 2 0 47 60 43 270 102 0 27 31 45 74 58 114 101 178 264 55 81 129 78 70 0 20 68 0 2 5 125 146 0 3 2 16 56 63 1 20 33 3 123 126 1 0 0 2 0 120 0 0 0 0 2 1 1 49 0 0 0 1 0 0 0 0 0 0 0 0 10 0 0 0 0 0 0 0 0 0 0 0 0 0 0 0 0 1 8 38 0 0 0 0 13 10 1 0 0 0 0 0 0 0 7 0 10 0 0 0 20 68 12 0 1 0 29 12 24 0 3 0 40 40 0 0 0 0 0 0 0 0 0 1 0 0 0 0 0 0 1 0 0 0 0 0 7 0 0 2 0 0 0 0 2 0 0 0 4 0 1 0 0 0 0 0 0 11 9 26 0 0 0 1 0 10 0 0 0 1 0 0 0 0 7 0 19 10 0 13 0 17 27 38 12 8 15 27 22 14 11 18 81 23 0 0 0 0 0 0 0 0 0 0 0 0 0 0 0 0 0 1 2 0 0 0 0 0 0 0 0 0 0 0 0 0 0 0 8 0 8 80 0 1 1 0 0 0 0 13 0 0 15 0 0 0 0 0 0 0 0 0 0 0 0 0 0 0 0 0 0 0 0 0 
 204 74 1 147 83 78 2 205 0 145 74 0 2 0 0 20 1 74 0 0 48 157 57 78 41 27 0 176 33 37 259 27 63 174 39 34 105 15 134 205 0 0 0 0 0 0 2 0 2 3 0 3 0 0 0 26 3 0 3 3 0 3 0 10 0 0 0 0 0 2 2 3 0 0 0 0 8 0 3 0 0 1 0 13 10 14 0 0 1 14 1 11 0 0 0 0 0 0 0 0 22 37 10 9 0 0 27 0 2 19 0 0 24 50 11 57 0 0 31 49 0 0 28 0 0 0 0 0 0 0 0 20 0 0 0 0 0 0 0 0 0 0 0 0 0 0 0 0 0 13 0 0 0 0 0 0 0 5 0 0 0 0 0 18 19 0 9 28 0 0 20 0 4 0 0 1 0 0 0 0 9 0 4 0 0 0 14 1 1 0 1 0 27 43 0 11 3 0 0 15 0 0 0 0 0 0 0 0 0 0 0 0 0 0 11 0 0 0 0 0 0 0 0 0 0 0 0 0 0 0 0 0 0 0 0 0 0 0 0 1 0 0 0 0 0 0 80 0 0 76 0 0 0 0 0 2 0 1 0 0 2 0 0 0 0 0 0 0 0 0 0 0 0 0 0 22 0 4 0 0 0 0 0 0 0 8 0 0 0 0 
 3 5 3 3 29 80 5 3 3 3 5 3 67 3 4 3 3 3 3 3 43 426 99 75 93 31 176 0 80 150 128 115 57 69 151 77 36 82 114 133 3 0 0 0 0 67 2 0 2 3 0 0 0 0 0 0 3 0 3 0 0 4 0 1 0 1 0 0 0 0 2 0 1 0 0 0 0 3 1 0 0 0 0 0 0 0 0 0 0 2 0 0 0 0 0 0 0 0 0 0 43 12 0 26 1 0 39 1 52 24 0 0 11 65 0 10 13 0 0 20 0 14 0 13 0 0 38 0 0 0 2 0 0 0 0 0 1 2 9 0 0 0 0 0 0 0 0 0 0 0 0 0 5 0 0 0 0 0 0 0 0 0 0 0 7 0 3 0 0 0 2 0 0 0 0 0 0 0 0 0 9 10 11 58 18 9 18 72 12 0 0 11 0 0 8 21 22 0 30 17 0 0 0 0 0 0 0 0 0 0 0 0 0 7 0 0 0 0 28 0 2 0 0 0 0 0 0 0 0 0 4 0 0 0 0 0 0 2 0 12 0 0 0 0 0 0 0 0 0 0 0 0 0 0 7 2 2 1 0 0 0 1 0 0 0 0 0 0 0 0 0 0 0 0 3 0 0 0 0 0 0 0 0 2 0 19 0 0 0 0 
 0 3 4 0 77 25 3 0 72 0 1 3 0 0 0 2 0 0 0 0 128 166 310 146 138 45 33 80 0 267 128 101 182 110 179 58 101 46 122 89 0 0 0 0 2 0 0 32 0 2 0 53 0 0 0 0 65 0 3 0 0 0 0 0 0 0 0 0 4 0 6 0 11 0 0 0 0 0 6 0 0 0 0 0 14 28 2 0 0 0 0 0 0 0 0 0 0 0 0 0 38 25 26 10 0 2 6 14 28 17 2 20 0 19 38 15 6 10 3 0 3 0 0 0 2 0 0 0 0 0 0 0 0 0 0 1 0 0 0 0 0 0 0 0 0 0 1 0 1 0 0 0 0 0 0 0 0 2 2 0 0 0 1 2 7 0 0 0 0 0 1 0 0 0 0 0 0 0 0 0 1 21 19 0 24 0 0 4 13 7 36 42 34 41 12 28 0 3 1 15 0 0 0 0 0 0 5 0 0 0 0 0 0 19 0 0 0 0 0 0 0 0 0 0 0 0 0 0 0 0 0 0 0 0 0 0 0 0 0 0 0 0 1 0 0 0 0 0 0 0 0 0 0 0 10 0 2 2 1 2 3 1 0 0 0 0 0 0 0 0 0 1 0 0 0 0 0 0 0 17 0 8 0 0 0 0 8 0 0 0 
 2 0 0 93 82 1 2 0 93 0 0 2 0 1 2 0 0 0 0 0 274 127 61 189 171 74 37 150 267 0 96 208 124 457 157 150 367 180 78 98 21 0 2 0 2 0 0 9 0 3 0 0 0 1 0 0 4 0 3 0 0 0 0 0 0 0 0 0 0 0 2 0 0 0 0 0 0 0 0 0 0 0 0 0 0 0 0 0 0 0 0 0 0 0 0 0 0 0 0 0 27 0 10 14 1 0 0 1 85 51 0 0 0 17 1 14 22 19 0 0 11 0 0 0 0 0 9 0 0 0 0 10 20 8 1 0 0 0 11 0 0 0 0 0 0 0 0 0 0 0 0 0 4 0 0 0 0 0 0 0 0 14 0 0 0 0 2 0 11 0 3 0 0 0 0 0 0 0 0 0 0 25 11 12 25 16 0 97 31 0 23 0 0 7 31 0 14 22 0 0 0 0 0 0 1 0 13 0 0 0 0 0 8 19 0 0 0 0 0 0 0 0 0 0 0 0 0 0 0 0 0 0 0 0 0 0 28 0 0 0 0 0 21 0 0 0 0 0 0 0 0 0 0 0 18 0 0 77 93 2 0 12 0 0 0 0 1 0 0 0 0 0 0 0 0 0 0 0 0 0 0 11 0 0 0 0 0 0 0 0 
 207 3 4 3 3 3 3 4 3 3 3 3 3 3 3 3 3 4 3 3 417 231 41 174 139 58 259 128 128 96 0 363 212 432 132 348 352 152 43 85 0 0 0 0 1 0 0 0 0 8 0 0 0 0 0 0 5 0 3 64 3 0 0 51 0 0 0 0 0 4 2 0 2 0 0 0 0 0 1 0 0 0 0 0 1 17 0 0 0 0 0 0 0 0 0 2 0 0 0 0 10 0 47 38 29 0 0 7 24 1 23 6 0 17 0 33 55 25 0 18 0 0 0 0 0 0 6 0 8 0 0 0 7 6 0 0 0 0 0 0 0 0 0 0 0 0 0 0 0 0 0 0 1 0 2 0 0 0 0 0 0 0 0 0 1 0 7 2 0 0 2 0 0 1 0 0 0 0 0 0 0 28 12 25 14 0 0 32 14 4 11 0 2 1 31 24 25 9 14 0 0 0 0 1 0 1 0 0 0 0 0 0 22 21 0 1 15 0 11 0 0 0 0 0 0 0 0 0 0 0 0 0 0 0 0 32 0 0 0 0 0 0 18 0 0 1 0 0 0 0 0 0 0 0 9 0 0 7 75 5 0 29 0 0 0 0 0 0 0 0 0 0 0 0 0 0 0 0 0 0 0 10 0 0 0 10 0 0 0 0 
 3 3 4 3 3 3 3 3 3 3 3 6 3 4 3 3 3 3 7 3 155 125 280 209 348 114 27 115 101 208 363 0 265 83 112 107 174 124 250 37 0 0 0 0 1 0 22 0 0 8 0 0 66 1 0 0 6 0 83 0 0 0 0 0 0 0 0 0 0 0 2 0 5 0 0 0 0 0 0 0 0 0 0 0 0 0 0 0 0 0 0 0 0 0 0 0 0 0 0 0 1 0 20 1 8 0 9 0 12 0 0 0 0 0 18 0 11 13 0 0 17 0 0 0 0 0 31 0 12 21 0 0 13 10 12 0 0 0 13 40 0 0 0 0 0 0 0 0 0 0 0 14 0 0 9 0 0 0 0 0 0 0 0 0 0 0 6 0 0 0 0 0 0 0 1 0 0 0 0 0 0 15 22 18 0 22 10 0 14 70 17 22 1 0 17 0 18 8 0 0 0 11 14 0 0 0 11 15 0 12 0 0 38 9 0 0 0 0 10 0 0 0 0 0 0 0 0 0 0 0 0 0 0 0 0 0 0 0 0 0 0 0 19 0 0 0 0 0 0 0 0 0 0 0 8 0 1 4 41 2 4 0 0 0 0 0 16 0 0 0 0 0 0 0 0 0 0 0 0 19 0 5 0 0 0 0 0 0 0 0 
 204 77 69 0 62 90 0 0 0 0 0 3 2 0 0 161 0 0 0 0 334 187 233 46 75 101 63 57 182 124 212 265 0 63 85 103 45 259 109 117 0 0 0 0 2 4 0 0 0 3 0 0 3 0 0 0 4 0 3 0 5 2 0 0 0 0 1 0 2 6 2 5 1 0 0 1 0 0 0 0 0 0 0 1 16 17 0 0 1 14 12 9 2 0 0 0 0 15 1 0 10 7 17 23 0 1 7 27 14 1 16 32 21 19 1 11 13 11 34 12 0 0 0 0 0 2 0 0 0 0 0 0 0 0 0 0 0 0 0 0 0 0 0 0 0 0 0 0 0 0 0 0 0 0 0 0 0 5 0 0 0 0 0 12 1 38 1 23 0 8 26 0 0 0 0 0 0 11 0 0 0 35 14 23 0 0 12 0 1 0 15 0 13 13 9 18 23 8 12 9 0 0 0 0 0 0 9 0 0 0 0 0 0 37 0 0 0 0 0 0 0 0 0 0 0 0 0 0 0 1 1 1 0 0 0 0 0 0 0 0 0 12 0 0 0 0 75 0 0 0 14 0 0 0 17 2 1 0 75 0 1 0 0 0 0 0 0 0 0 0 0 0 0 0 0 0 0 0 0 0 0 0 0 0 1 0 14 0 0 0 
 75 0 0 74 74 0 3 0 0 169 2 1 0 2 0 77 0 0 0 0 140 149 173 253 141 178 174 69 110 457 432 83 63 0 337 109 277 25 208 258 0 0 0 0 0 0 2 7 0 10 0 3 3 0 0 0 4 2 3 0 0 0 0 16 0 5 0 2 44 4 6 0 2 1 0 0 14 3 14 0 0 0 0 0 0 15 0 0 0 0 0 1 0 0 0 0 0 0 0 0 0 9 21 0 6 7 0 17 0 1 12 0 10 13 28 24 22 33 37 0 0 0 0 0 0 0 26 0 0 0 0 0 0 0 0 0 0 0 0 13 0 0 0 0 0 0 0 0 0 0 0 0 3 0 0 0 0 0 0 0 0 0 0 0 0 0 0 3 0 0 1 0 6 0 0 0 0 0 0 0 20 23 9 10 1 0 27 14 8 14 0 0 11 8 76 18 17 0 15 2 0 0 0 16 0 0 0 0 0 0 0 0 13 0 11 0 0 0 10 0 0 0 0 0 0 0 0 0 0 0 0 0 0 0 0 0 0 0 0 0 0 0 6 0 0 0 0 0 0 26 0 0 0 0 5 2 4 91 13 0 1 0 0 0 0 0 0 0 0 0 0 0 0 0 0 28 0 0 0 1 0 9 0 0 0 0 0 0 0 0 
 1 0 0 0 0 1 0 0 0 5 0 0 0 2 0 11 0 0 1 0 484 171 167 141 156 264 39 151 179 157 132 112 85 337 0 290 55 157 176 239 0 0 0 0 2 0 0 0 0 3 0 0 0 0 0 15 4 0 3 0 2 0 0 0 0 27 0 0 0 0 2 0 1 0 0 0 0 0 0 0 0 0 0 0 25 25 11 0 0 0 13 11 0 0 0 0 0 0 0 0 5 0 12 12 0 0 8 13 16 26 9 11 12 18 2 0 8 18 0 0 0 0 0 0 0 0 12 0 0 0 0 0 0 0 0 0 0 0 0 0 0 0 0 0 0 0 0 0 0 0 0 0 6 0 0 0 20 0 0 0 0 0 0 0 1 1 0 0 0 0 2 0 0 0 0 0 0 0 0 0 20 15 16 29 32 0 0 6 21 0 12 0 12 21 35 57 39 0 32 0 0 0 0 0 0 0 0 0 0 0 0 0 0 0 0 0 0 0 0 0 0 0 0 0 0 0 0 0 0 0 0 0 0 0 0 5 0 0 0 0 0 0 11 0 0 0 0 0 0 74 0 0 0 0 7 0 1 1 82 0 2 43 0 0 0 7 0 0 0 0 0 0 0 0 0 0 0 0 0 0 0 7 0 0 0 0 8 0 0 0 
 0 2 0 0 0 0 2 0 0 0 0 0 1 0 0 0 0 0 0 0 183 241 126 179 75 55 34 77 58 150 348 107 103 109 290 0 228 58 119 71 0 0 0 0 1 0 0 0 0 7 0 0 0 0 0 0 8 0 3 58 11 0 0 0 0 1 0 0 0 11 2 0 3 0 0 0 0 0 0 0 0 0 0 0 0 18 0 0 0 0 0 0 0 0 0 0 0 0 0 0 1 26 15 45 23 0 3 29 5 1 44 22 0 0 0 10 64 29 0 0 0 0 2 0 0 0 16 0 0 0 2 0 2 15 0 0 0 2 0 14 0 0 0 0 0 0 0 0 0 0 0 0 0 2 0 0 0 0 0 0 19 0 0 0 0 0 13 0 0 0 2 0 0 0 0 0 0 0 0 0 0 76 25 35 0 8 14 35 15 30 20 11 0 0 27 20 70 0 31 0 0 14 0 1 4 0 0 0 0 0 0 0 15 0 1 0 0 0 37 0 0 0 0 0 0 0 0 0 0 2 0 0 0 0 0 0 0 0 0 0 0 0 20 0 0 0 2 0 0 0 0 0 0 0 14 0 0 77 51 3 0 0 0 0 0 0 0 0 0 0 0 0 0 0 0 0 0 0 0 1 0 17 0 1 0 1 0 0 0 0 
 4 0 0 6 0 68 0 0 0 0 0 3 2 0 0 0 1 0 0 0 204 124 125 315 381 81 105 36 101 367 352 174 45 277 55 228 0 64 69 74 2 2 0 0 64 0 0 0 2 8 3 3 3 0 0 2 66 3 3 3 0 2 0 3 3 1 0 0 0 0 2 0 0 0 0 0 0 0 0 0 0 0 0 0 12 35 0 0 0 0 0 0 0 0 0 0 0 0 0 0 14 18 53 19 20 4 13 22 14 16 9 21 0 19 27 20 47 35 1 18 0 0 0 0 0 0 0 0 0 0 0 6 0 2 0 14 0 0 2 0 0 0 0 0 0 0 0 0 0 0 0 0 0 14 0 0 0 0 0 0 0 0 0 0 14 0 14 0 0 0 1 0 0 0 0 0 0 0 0 0 1 20 28 0 0 0 18 1 36 10 0 19 6 27 37 18 9 1 0 16 0 0 0 0 0 0 0 0 0 0 0 0 24 21 0 0 12 0 14 0 0 0 0 0 0 0 0 0 0 0 0 0 0 0 0 0 0 0 0 0 0 0 13 0 0 0 0 0 2 0 0 0 0 0 9 0 1 5 81 0 2 0 0 0 0 0 0 0 0 0 0 0 0 0 0 0 0 0 0 0 0 52 0 0 0 9 8 0 0 0 
 0 1 2 0 1 79 79 0 0 0 0 2 6 0 0 0 2 1 2 1 79 21 161 234 133 129 15 82 46 180 152 124 259 25 157 58 64 0 37 112 0 2 0 3 4 3 2 63 0 4 0 0 0 65 0 0 5 0 5 3 0 49 0 0 0 5 0 0 0 0 3 0 5 0 1 0 0 0 0 0 0 0 0 0 0 0 0 0 12 0 0 0 0 0 0 0 0 0 0 0 0 1 1 9 0 20 8 0 43 2 0 0 0 0 6 1 0 1 0 0 8 41 0 0 0 9 32 0 0 0 0 0 27 0 9 0 0 0 0 14 2 0 0 0 0 0 0 0 0 0 0 0 3 0 0 0 0 0 0 0 0 0 0 0 0 0 0 0 0 0 2 0 0 0 0 0 0 20 0 0 1 0 0 21 14 24 16 39 15 25 6 11 6 0 0 12 8 0 0 0 0 0 9 0 0 0 9 0 17 0 0 0 14 3 0 15 0 4 37 5 0 18 0 0 0 0 0 0 12 0 0 0 0 0 0 0 0 0 0 2 0 0 1 0 0 0 0 0 0 0 0 1 0 0 17 2 0 2 0 3 5 13 0 0 0 0 22 0 0 0 0 0 0 0 0 0 0 0 0 0 0 0 0 0 0 0 0 0 0 0 
 0 0 76 0 3 1 2 74 73 1 78 73 0 74 15 149 0 63 0 0 85 50 34 98 84 78 134 114 122 78 43 250 109 208 176 119 69 37 0 111 0 0 0 0 2 0 0 64 3 3 0 0 0 0 0 0 3 0 3 0 0 0 0 0 0 0 29 0 0 0 2 0 1 0 0 0 0 0 1 0 0 0 0 8 20 29 0 0 0 0 19 0 0 0 8 12 0 9 0 0 8 0 32 0 1 5 15 72 0 40 0 21 8 16 17 1 0 1 0 0 0 0 2 0 0 0 3 0 0 0 0 0 0 0 0 0 0 2 0 0 0 0 0 0 0 0 0 0 0 0 0 0 0 2 0 0 0 0 0 0 0 0 0 0 0 14 0 0 0 12 6 7 0 0 0 0 21 0 0 0 25 0 9 12 0 0 59 6 0 0 0 19 11 53 5 32 8 0 24 0 0 0 0 2 0 0 0 0 0 0 0 0 0 0 0 0 0 0 0 0 0 0 0 0 0 0 0 0 0 2 0 0 0 0 0 0 0 0 0 0 0 0 0 0 0 0 0 0 0 0 0 0 13 0 13 1 1 0 0 0 0 2 0 0 0 0 0 0 0 0 0 0 0 0 0 0 0 0 0 0 0 14 0 0 0 0 0 0 0 0 
 0 38 0 0 1 161 0 0 2 75 0 1 3 0 0 218 0 61 0 0 142 123 123 138 122 70 205 133 89 98 85 37 117 258 239 71 74 112 111 0 0 0 2 0 2 0 3 2 8 6 0 2 0 0 3 0 66 0 4 0 0 0 0 4 0 0 0 2 0 6 2 0 1 2 3 2 5 0 2 44 1 18 12 8 30 0 0 0 0 0 9 11 0 0 0 0 0 14 0 0 0 3 0 0 0 1 14 16 12 1 0 0 17 7 26 0 0 10 17 0 0 0 0 0 0 0 13 0 0 0 0 0 0 0 0 0 0 0 0 0 0 9 0 0 0 0 0 0 0 1 0 0 3 0 0 0 0 0 0 0 0 4 0 7 4 0 0 1 0 15 27 0 4 0 0 14 6 0 0 0 12 0 9 18 13 0 13 13 22 0 0 0 19 19 15 45 29 0 12 14 0 0 0 0 0 0 0 0 0 42 0 0 0 0 0 0 0 0 0 0 0 0 0 0 0 2 1 0 0 0 10 0 0 0 0 0 0 0 0 0 0 0 0 0 0 2 0 0 0 62 14 0 0 0 14 4 2 0 0 0 0 13 3 0 0 0 2 0 0 0 2 0 0 2 0 0 0 0 0 0 0 0 0 0 0 0 9 0 0 0 
 0 2 1 0 3 0 0 0 0 0 1 0 0 0 0 0 1 0 0 0 1 3 0 0 0 0 0 3 0 21 0 0 0 0 0 0 2 0 0 0 0 391 424 351 43 38 261 672 252 66 38 60 94 138 74 123 54 213 68 270 2 5 0 3 7 0 0 3 0 1 2 0 3 0 0 0 55 2 3 0 0 0 0 0 0 0 0 0 0 0 0 0 0 0 0 0 0 0 0 0 0 0 0 0 0 7 0 0 3 0 0 4 0 0 0 0 0 0 0 0 4 40 52 20 23 17 1 27 33 0 11 20 0 3 15 28 31 6 3 9 0 0 0 0 0 0 0 0 0 0 0 0 0 0 0 0 0 9 3 0 0 0 3 0 0 0 0 0 0 0 2 0 0 0 35 0 0 0 0 0 0 0 0 0 0 19 0 0 0 0 0 0 0 0 0 0 0 0 0 0 17 0 11 17 1 0 8 7 5 5 18 17 0 7 15 0 57 2 0 0 0 1 0 0 0 0 0 0 0 0 0 0 0 0 0 0 0 0 0 0 0 0 0 0 0 0 0 0 0 0 0 11 0 0 0 0 0 0 0 0 0 0 0 3 0 2 2 1 0 0 10 0 0 0 0 0 0 0 0 0 0 0 0 1 22 20 0 0 1 0 
 6 0 0 0 0 0 0 0 0 0 0 0 0 0 0 0 1 0 0 0 1 1 0 0 0 20 0 0 0 0 0 0 0 0 0 0 2 2 0 0 391 0 372 130 127 251 304 245 417 62 25 30 58 58 203 168 117 136 43 333 0 4 21 0 0 2 0 0 0 0 0 3 0 0 0 0 0 9 0 6 0 0 0 0 0 0 0 0 0 0 0 0 0 0 0 0 0 0 0 0 0 0 0 0 0 0 0 0 0 0 0 0 0 0 0 0 0 0 0 0 11 15 29 18 17 12 0 31 72 10 35 1 0 3 11 33 20 40 14 29 0 0 0 0 0 0 0 1 0 0 0 0 10 0 0 0 0 8 4 0 0 0 5 0 0 0 0 0 0 0 2 0 0 0 45 0 0 0 0 0 0 0 0 0 0 0 0 0 0 0 0 0 0 0 0 0 0 0 0 0 8 15 19 37 29 0 0 18 65 1 11 24 0 0 21 0 33 0 7 0 0 0 0 0 0 0 0 1 0 12 0 0 6 0 0 0 0 0 22 2 0 0 0 0 2 0 0 0 0 0 0 22 0 0 0 0 0 0 0 0 0 0 2 0 0 16 0 32 0 0 16 0 0 0 0 0 0 0 0 0 0 0 0 0 22 5 0 3 2 0 
 0 0 0 0 4 0 0 0 0 0 0 0 3 0 0 0 0 0 0 0 2 2 0 0 0 68 0 0 0 2 0 0 0 0 0 0 0 0 0 2 424 372 0 278 117 43 56 85 234 207 213 103 157 46 54 129 50 114 80 59 2 0 5 0 1 3 26 0 0 0 0 0 3 0 0 0 0 51 3 0 0 0 0 0 0 0 0 0 0 0 0 0 0 0 0 0 0 0 0 0 0 0 0 0 0 0 0 0 0 0 0 0 0 0 0 0 0 0 0 0 0 23 33 0 15 34 6 1 0 20 43 10 6 0 0 0 51 14 9 0 0 0 0 0 0 0 26 19 0 0 0 19 0 22 8 0 0 11 9 0 0 0 0 0 0 16 0 0 0 0 2 0 0 0 0 0 0 0 0 0 0 0 0 0 0 0 0 0 0 0 0 0 0 0 0 0 0 0 0 0 10 0 19 26 26 20 0 0 12 18 28 0 0 0 13 22 9 15 0 0 0 14 0 4 0 0 0 0 0 0 0 0 15 0 18 0 1 0 4 1 0 0 5 0 0 0 0 0 0 0 0 14 0 0 0 0 0 0 0 0 0 0 1 6 0 0 2 0 0 0 6 0 0 0 0 13 0 0 0 0 0 0 0 0 24 0 0 0 0 0 
 0 0 55 0 0 0 0 0 0 0 0 64 0 0 1 0 0 0 0 0 2 2 0 0 0 0 0 0 0 0 0 0 0 0 0 0 0 3 0 0 351 130 278 0 115 98 81 135 165 487 384 58 71 67 179 107 153 108 86 473 0 0 0 0 0 2 51 0 0 0 0 53 0 0 0 0 0 0 0 1 0 0 0 0 0 0 0 0 0 0 0 0 0 0 0 0 0 0 0 0 0 0 0 0 0 0 0 0 0 0 0 0 0 0 0 0 0 0 0 0 39 26 13 3 33 30 0 32 14 6 1 0 0 0 14 34 9 7 0 0 0 1 0 1 0 0 18 40 0 0 0 0 17 43 12 4 0 1 0 5 0 0 0 0 0 0 0 0 0 0 1 0 0 0 0 0 0 0 0 0 0 0 0 0 0 0 0 0 0 0 0 0 0 0 0 0 0 0 0 0 0 14 1 7 0 10 0 4 0 15 46 14 0 0 12 0 26 24 0 16 20 0 0 0 0 0 0 0 0 0 0 0 10 0 8 0 0 0 7 0 0 0 10 0 0 0 0 0 0 0 0 17 0 0 0 0 0 0 0 11 0 0 0 68 1 2 0 0 0 0 0 0 0 0 0 0 0 0 0 0 0 0 0 0 0 0 0 8 0 0 
 1 0 6 2 2 4 0 0 0 2 0 4 0 0 2 0 1 1 1 0 205 1 0 2 2 2 0 0 2 2 1 1 2 0 2 1 64 4 2 2 43 127 117 115 0 158 267 71 132 411 223 282 102 242 138 180 49 98 52 70 0 0 0 2 0 0 4 3 0 0 0 7 2 1 2 0 0 0 3 2 0 0 0 0 0 0 0 1 0 0 0 0 0 0 0 0 0 0 0 0 0 0 6 0 3 0 0 0 0 0 0 5 0 0 0 0 0 0 0 8 0 0 0 0 16 17 0 0 14 20 23 22 0 0 0 41 15 11 0 0 0 1 0 0 0 0 11 18 0 0 0 0 4 0 0 0 0 1 21 0 0 0 0 0 0 0 0 0 0 5 2 0 0 0 0 0 0 0 0 0 0 0 7 0 0 0 0 0 7 0 0 0 0 0 0 0 0 0 0 0 9 19 31 7 26 20 21 5 0 0 0 9 0 0 4 15 24 29 0 0 7 0 0 0 0 0 1 0 0 2 0 0 58 0 21 0 0 0 29 8 0 0 0 0 0 0 0 1 20 1 0 2 0 0 0 0 1 1 0 0 0 26 88 4 2 2 3 0 2 0 14 0 0 0 0 0 0 0 0 0 0 0 0 0 32 0 0 8 2 3 
 2 2 5 2 5 2 2 2 2 2 2 8 3 3 2 2 2 2 75 2 0 2 0 0 0 5 0 67 0 0 0 0 4 0 0 0 0 3 0 0 38 251 43 98 158 0 114 48 264 59 331 49 130 40 121 150 205 493 38 120 27 0 52 51 1 0 0 0 0 0 0 0 103 50 10 0 0 0 50 51 0 0 0 0 0 0 0 0 0 0 0 0 0 0 0 0 0 0 0 0 0 0 0 0 0 7 0 0 0 15 5 1 0 0 0 0 0 0 0 0 0 0 0 0 3 47 0 23 13 0 1 1 0 0 42 3 0 2 11 0 36 0 45 2 12 0 0 12 9 3 9 12 10 13 0 4 0 10 0 0 0 11 0 0 4 0 0 0 0 0 0 5 0 0 0 0 0 0 0 0 0 0 0 5 0 9 0 0 0 0 0 0 0 0 0 0 0 0 0 0 0 17 0 18 0 10 0 13 29 0 0 0 0 6 3 0 10 19 0 0 22 1 31 0 7 0 17 11 0 0 26 0 7 6 0 22 1 0 11 12 0 0 0 0 0 0 0 0 0 0 0 2 0 0 0 0 0 0 0 1 0 0 72 0 1 5 4 0 0 0 0 0 0 7 0 0 0 0 0 0 0 0 0 0 0 0 0 4 1 0 
 2 2 2 2 2 5 2 2 2 2 2 2 2 2 2 2 2 2 2 2 0 2 0 63 62 125 2 2 0 0 0 22 0 2 0 0 0 2 0 3 261 304 56 81 267 114 0 118 376 96 41 363 363 83 126 112 100 146 132 96 0 7 0 0 0 0 1 0 0 2 0 0 0 0 0 0 0 5 0 5 0 0 0 0 0 0 0 0 0 0 0 0 0 0 0 0 0 0 0 0 0 0 0 0 8 1 0 0 0 0 0 0 0 0 0 0 0 0 0 0 10 4 37 5 9 9 0 11 43 11 29 10 0 1 35 11 0 0 0 16 0 0 0 0 0 0 0 0 0 0 0 0 0 2 0 0 0 11 0 0 0 0 5 0 0 0 0 0 0 0 1 0 0 0 4 0 0 0 0 0 0 0 0 0 0 10 0 0 0 0 0 0 0 0 0 0 0 0 0 0 40 23 1 35 3 0 0 20 15 13 33 10 7 9 21 0 4 0 0 0 0 0 0 0 0 0 0 0 20 0 0 0 0 0 0 0 0 0 13 7 0 0 0 0 0 0 0 0 0 0 0 9 0 0 0 0 0 0 0 0 0 0 2 0 0 0 2 65 2 0 0 0 0 0 0 0 0 0 0 0 0 0 0 0 11 38 0 10 1 0 
 0 3 0 0 0 0 3 1 0 0 0 0 0 0 0 0 0 0 0 0 0 1 0 0 0 146 0 0 32 9 0 0 0 7 0 0 0 63 64 2 672 245 85 135 71 48 118 0 366 263 43 271 125 81 51 403 101 110 64 82 2 0 0 0 0 8 0 0 0 0 0 0 0 1 0 0 0 0 0 0 0 0 0 0 0 0 0 0 0 0 0 0 0 0 0 0 0 0 0 22 0 0 0 0 10 17 0 0 0 0 0 38 0 0 0 0 0 0 0 0 7 20 26 0 13 0 7 17 1 3 0 0 15 26 1 25 30 23 10 0 0 0 6 0 0 0 0 0 0 3 0 0 0 0 0 4 0 0 4 11 0 0 16 0 0 6 0 0 0 0 1 0 0 0 0 0 0 0 0 0 0 0 0 0 10 10 0 0 0 0 0 15 1 0 0 0 0 0 0 0 21 10 2 26 0 31 6 0 46 1 9 19 0 34 12 27 27 16 25 70 0 0 0 0 0 0 0 0 0 0 0 0 0 0 0 0 0 0 0 0 0 0 0 0 0 0 0 0 6 0 0 12 0 2 0 0 0 0 0 2 0 0 0 0 0 15 2 0 2 0 0 0 0 0 0 0 0 0 0 0 0 0 0 0 1 0 0 0 2 0 
 2 2 4 2 2 4 2 2 2 2 2 2 27 2 2 2 12 2 2 2 0 1 0 0 0 0 2 2 0 0 0 0 0 0 0 0 2 0 3 8 252 417 234 165 132 264 376 366 0 160 24 100 198 109 289 168 45 110 32 59 0 6 0 0 0 0 51 0 50 2 0 3 0 0 7 0 0 6 0 5 0 0 0 0 0 0 0 0 0 0 0 0 0 7 0 0 0 0 0 0 0 0 0 0 0 0 0 0 0 0 0 0 0 0 0 0 0 0 0 0 13 20 27 5 17 41 0 20 30 0 25 11 0 0 23 16 21 67 0 0 0 0 0 0 0 0 0 0 0 0 0 0 9 0 0 0 0 11 4 0 0 0 0 0 0 0 0 0 0 0 1 0 0 0 0 0 0 0 0 0 0 0 0 0 0 0 12 0 0 0 0 0 0 0 0 0 0 0 0 0 1 14 20 41 0 11 0 21 36 15 0 23 0 0 7 0 25 17 0 0 0 0 0 0 0 0 0 0 0 0 0 0 7 0 0 0 0 0 20 7 0 0 0 0 0 0 0 0 0 0 0 5 0 0 0 0 0 0 0 1 0 0 0 68 0 2 0 64 2 0 16 0 0 0 0 0 0 0 0 0 0 0 0 0 22 26 0 8 1 0 
 65 0 3 0 0 0 0 2 0 0 0 0 1 0 0 0 4 0 0 0 10 5 2 3 11 3 3 3 2 3 8 8 3 10 3 7 8 4 3 6 66 62 207 487 411 59 96 263 160 0 115 98 75 63 257 382 303 53 55 90 0 0 5 0 0 2 17 0 0 2 0 3 0 0 0 0 0 2 0 3 0 0 0 0 0 0 14 0 0 0 0 0 0 0 0 0 0 0 0 0 2 0 5 0 0 0 0 0 0 0 0 3 0 0 0 0 5 4 0 0 0 48 1 0 25 42 0 13 21 40 38 8 3 1 8 2 21 3 0 0 0 1 0 0 0 0 27 20 0 0 0 0 9 1 14 0 0 0 16 0 0 0 0 0 0 0 0 0 0 0 2 0 0 0 0 0 0 0 0 0 0 7 5 0 0 0 0 1 0 18 0 0 0 0 7 0 0 0 0 0 0 13 12 3 58 9 0 9 15 7 7 0 7 0 0 12 4 23 5 2 8 13 0 0 0 0 3 0 11 0 0 0 22 0 20 0 0 0 10 1 0 0 13 0 0 1 0 0 0 0 0 8 0 0 0 0 0 0 6 3 0 0 66 7 0 2 0 1 0 0 12 0 0 1 0 0 0 0 0 0 0 9 0 0 12 0 0 4 1 0 
 0 0 0 0 2 0 0 63 0 0 0 0 0 0 0 0 0 0 0 0 5 3 0 0 0 2 0 0 0 0 0 0 0 0 0 0 3 0 0 0 38 25 213 384 223 331 41 43 24 115 0 329 27 44 143 158 172 28 25 50 0 0 0 0 0 0 1 0 0 0 0 1 0 0 0 0 0 0 0 17 0 0 0 0 0 0 0 0 0 0 0 0 0 2 0 0 0 0 0 0 0 0 0 0 0 0 0 0 0 0 0 0 0 0 0 0 0 0 0 0 2 4 0 3 15 23 0 0 5 20 59 8 0 0 1 0 20 6 0 0 1 8 0 0 0 22 23 74 0 1 0 0 19 10 10 0 0 0 36 1 0 0 0 0 0 0 0 0 0 7 2 0 0 0 0 0 4 0 0 0 0 0 19 0 0 0 0 0 0 0 0 0 0 0 0 0 0 0 0 6 0 0 39 5 29 41 0 11 1 4 17 0 0 0 0 29 14 15 0 0 27 0 0 0 0 0 1 4 0 0 0 0 33 9 9 0 0 0 11 5 0 0 7 0 0 0 0 0 0 0 0 11 0 1 0 0 0 0 0 2 0 0 75 1 1 1 1 0 0 0 10 0 0 0 0 0 0 0 0 0 0 0 5 0 19 0 0 0 0 0 
 0 0 0 0 3 0 0 0 0 0 1 0 1 0 0 0 0 0 0 0 0 0 0 0 66 16 3 0 53 0 0 0 0 3 0 0 3 0 0 2 60 30 103 58 282 49 363 271 100 98 329 0 89 29 43 222 78 203 97 94 0 3 50 0 0 0 1 22 0 0 5 0 50 1 47 50 0 6 0 1 0 0 0 0 0 0 0 0 0 0 0 0 0 0 0 0 0 0 0 0 0 0 0 0 19 0 0 0 0 0 0 0 0 0 0 0 0 0 0 0 0 0 14 13 0 0 13 26 15 41 42 4 6 0 7 10 25 5 5 0 3 1 0 0 0 0 7 0 0 3 0 0 0 0 0 0 0 10 11 0 0 0 0 0 0 0 0 0 0 21 2 0 0 0 0 0 0 0 0 0 0 0 0 0 0 0 0 0 0 0 0 0 0 0 0 0 0 0 0 0 16 29 24 0 11 2 5 13 12 7 0 0 0 0 13 11 5 0 0 0 1 0 0 0 0 0 0 13 0 0 0 0 0 7 0 14 0 12 0 16 1 0 0 0 0 0 0 0 0 0 0 6 0 0 0 0 0 0 0 5 0 1 1 1 1 2 1 4 2 0 0 0 0 0 0 0 0 0 0 0 0 4 0 0 7 12 0 0 2 0 
 0 0 3 0 0 0 4 0 0 0 0 5 0 0 7 0 28 0 3 0 0 3 0 2 3 56 0 0 0 0 0 66 3 3 0 0 3 0 0 0 94 58 157 71 102 130 363 125 198 75 27 89 0 149 63 117 53 121 277 208 10 2 2 0 1 0 6 0 5 0 47 1 2 11 0 56 1 2 8 4 0 0 0 0 0 0 0 10 0 0 0 0 0 0 0 0 0 0 0 0 0 0 0 0 17 14 0 0 2 0 17 0 0 0 0 0 0 0 0 0 0 0 20 13 0 6 2 24 79 0 5 5 20 0 13 11 12 0 7 10 11 9 0 0 0 0 1 9 0 0 0 0 0 0 29 5 0 10 0 0 0 0 0 0 0 0 0 0 0 0 1 0 0 0 0 0 0 0 0 0 0 0 0 0 11 1 0 0 0 51 10 0 0 0 0 0 0 0 0 0 32 4 15 0 0 0 14 16 22 17 0 0 25 7 8 0 0 1 0 0 0 10 22 0 0 17 0 21 0 0 2 0 2 1 2 2 0 0 6 0 0 0 0 0 0 0 0 0 0 0 0 8 0 0 0 0 0 63 65 0 6 0 0 0 0 2 0 1 0 0 0 0 1 0 0 0 0 0 0 0 12 0 0 0 13 16 0 0 2 0 
 0 0 2 0 0 3 0 0 0 0 1 0 1 0 0 0 3 0 0 0 0 0 0 83 63 63 0 0 0 1 0 1 0 0 0 0 0 65 0 0 138 58 46 67 242 40 83 81 109 63 44 29 149 0 196 310 101 34 210 175 0 9 0 0 0 21 0 0 2 0 5 0 0 6 7 0 0 0 0 15 0 0 0 0 0 0 0 0 0 0 0 0 0 0 0 0 0 0 0 0 0 0 0 0 12 1 0 0 0 0 14 38 0 0 0 0 0 9 0 0 10 22 0 42 0 0 0 10 0 19 0 0 1 21 0 19 25 0 0 0 0 0 0 2 12 0 0 0 0 0 12 0 0 5 0 6 12 1 29 0 0 0 0 7 0 0 0 0 0 0 2 0 0 1 0 0 0 0 0 0 0 0 0 0 6 38 0 0 0 4 11 0 0 0 0 0 0 0 0 0 48 52 0 0 0 0 7 9 0 0 0 0 1 21 17 0 0 0 16 31 3 0 0 0 0 8 2 0 0 0 4 0 2 0 12 9 11 7 0 0 0 0 0 0 0 0 0 0 0 19 0 3 0 1 0 0 0 0 54 0 11 0 0 0 2 0 5 0 0 0 0 0 0 0 0 0 0 0 0 0 0 0 0 0 0 0 0 0 1 0 
 1 0 0 0 0 0 1 0 0 0 0 2 2 0 0 3 3 0 6 0 2 2 0 0 65 1 0 0 0 0 0 0 0 0 0 0 0 0 0 3 74 203 54 179 138 121 126 51 289 257 143 43 63 196 0 111 79 126 102 79 0 0 0 10 4 2 1 0 6 0 4 2 0 3 0 3 20 3 2 0 0 0 0 0 0 0 0 0 0 0 0 0 0 0 0 0 0 0 0 0 0 0 0 0 0 13 0 0 3 0 0 0 0 0 0 0 0 0 0 0 3 0 0 12 26 28 15 19 24 22 0 0 0 0 24 14 4 0 0 10 0 0 0 8 2 0 0 37 0 0 0 0 14 1 0 3 3 0 0 0 0 0 3 0 0 0 0 0 0 0 2 0 0 0 3 0 0 0 0 0 0 0 0 0 8 10 3 0 0 0 0 0 3 0 0 0 0 0 0 0 7 38 0 21 0 11 0 13 2 2 22 7 0 10 24 1 18 59 12 21 15 0 0 0 0 10 10 0 5 6 10 0 9 0 0 0 0 7 0 0 0 0 0 0 0 0 0 8 0 0 0 5 1 0 0 0 1 0 0 0 1 0 0 1 3 3 9 0 0 0 2 0 0 0 0 0 0 0 0 0 0 0 0 0 0 13 0 10 1 0 
 0 0 7 0 0 0 0 0 26 0 0 0 0 0 0 0 0 0 0 0 23 2 0 0 0 20 26 0 0 0 0 0 0 0 15 0 2 0 0 0 123 168 129 107 180 150 112 403 168 382 158 222 117 310 111 0 114 124 49 148 206 1 0 0 0 0 0 0 0 0 6 0 0 0 0 0 0 0 206 0 0 0 0 0 0 0 0 0 0 0 0 0 0 0 0 0 0 0 0 0 0 0 0 0 9 0 0 0 0 0 0 9 0 0 0 0 0 0 0 0 7 11 41 4 19 10 0 27 41 18 10 20 0 1 2 48 26 9 33 11 8 0 0 0 0 0 0 9 0 0 0 0 11 0 0 0 0 0 7 0 0 16 5 0 0 0 0 0 0 0 2 0 0 0 4 0 0 0 0 0 0 0 0 0 0 0 0 0 0 0 17 0 0 3 0 0 0 0 0 0 17 27 9 40 2 0 1 41 64 3 13 18 0 0 33 3 34 9 8 0 0 0 0 0 0 0 0 0 0 0 0 0 14 2 0 3 0 0 0 1 0 0 0 0 0 0 0 0 0 0 0 7 0 0 0 0 0 0 0 2 2 0 0 0 0 26 1 1 0 0 9 0 0 0 0 0 0 0 0 0 0 4 16 0 13 7 2 9 0 0 
 0 1 0 66 72 75 0 0 0 0 0 0 1 0 0 3 6 40 100 0 7 6 4 5 74 33 3 3 65 4 5 6 4 4 4 8 66 5 3 66 54 117 50 153 49 205 100 101 45 303 172 78 53 101 79 114 0 57 36 119 0 0 12 0 0 2 0 4 5 5 30 0 0 51 0 0 0 5 65 51 0 0 0 0 0 0 0 0 0 0 0 0 0 0 0 0 0 0 0 0 0 11 11 0 1 0 62 0 0 0 0 0 0 0 12 0 0 0 16 0 0 0 3 18 1 0 0 9 66 21 0 27 0 3 12 0 0 9 14 44 0 0 0 0 0 7 0 10 0 0 0 2 0 0 0 4 5 14 21 10 0 0 6 0 12 0 0 0 0 0 2 0 0 0 5 0 0 0 0 0 0 0 9 0 0 11 0 0 10 0 0 0 11 0 14 1 0 0 0 16 29 14 0 14 0 0 0 0 18 0 35 7 5 5 35 0 21 10 8 16 0 0 0 11 60 0 0 0 23 4 0 8 0 13 29 0 0 0 0 0 0 0 0 0 0 0 1 0 0 0 0 4 0 0 0 0 0 2 0 11 0 0 1 1 62 17 0 0 1 0 0 0 0 0 0 4 39 0 0 0 0 0 0 0 0 0 0 0 0 0 
 3 3 3 3 5 3 3 3 3 3 3 8 5 3 3 6 3 3 3 3 207 5 0 0 0 3 0 0 0 0 0 0 0 2 0 0 3 0 0 0 213 136 114 108 98 493 146 110 110 53 28 203 121 34 126 124 57 0 30 27 0 7 0 8 1 2 1 102 6 0 0 2 0 0 0 0 0 25 0 7 0 0 0 0 0 0 0 0 0 0 0 0 0 0 0 0 0 0 0 0 0 0 0 0 0 0 0 0 0 0 0 0 0 0 0 0 0 0 0 0 0 12 27 23 15 15 0 50 30 3 40 32 0 0 8 15 35 7 0 0 0 32 0 3 2 0 0 0 0 0 0 0 19 0 7 0 0 7 17 0 0 0 0 0 0 14 0 0 0 3 1 0 0 0 0 0 2 0 0 0 0 0 0 0 0 0 0 0 0 0 0 0 0 0 0 0 0 0 0 0 0 17 21 21 1 0 0 32 18 0 0 17 0 0 47 17 28 0 0 0 22 0 0 0 0 12 9 0 0 0 6 0 8 0 7 0 0 3 19 9 0 0 0 0 0 0 0 0 1 0 0 4 0 0 0 0 0 0 0 5 0 1 0 0 2 2 3 62 2 0 13 0 0 0 0 0 0 0 0 0 0 4 0 0 15 9 0 3 1 0 
 2 2 2 2 3 2 2 2 2 2 2 2 3 2 2 2 4 2 2 4 3 5 3 66 3 123 3 3 3 3 3 83 3 3 3 3 3 5 3 4 68 43 80 86 52 38 132 64 32 55 25 97 277 210 102 49 36 30 0 240 0 0 0 0 0 4 0 0 0 0 4 0 0 8 0 0 0 1 0 0 0 0 0 0 0 0 0 0 0 0 0 0 0 0 0 0 15 0 0 0 0 0 0 0 18 21 0 0 16 0 7 0 0 0 0 0 0 0 0 0 11 0 18 0 1 15 8 12 14 0 13 0 40 0 6 1 54 0 22 10 0 0 0 0 0 0 0 0 0 0 0 0 0 0 0 0 0 0 0 0 0 0 0 0 0 0 0 0 15 0 1 0 0 0 0 0 0 0 0 0 0 0 25 0 38 1 0 0 0 20 15 0 0 0 0 0 0 0 0 0 21 16 24 0 0 19 22 18 9 16 0 0 30 15 4 8 9 14 14 15 0 0 0 0 0 7 0 0 0 0 12 0 0 0 0 0 0 0 0 0 0 0 0 0 0 0 0 0 0 0 0 6 0 0 0 0 0 64 64 0 29 0 0 0 0 0 0 0 0 0 0 0 0 0 0 0 0 0 0 0 0 0 0 0 16 0 0 0 1 0 
 0 0 0 0 0 0 0 0 0 0 0 0 0 0 0 0 1 0 0 0 4 23 0 4 0 126 3 0 0 0 64 0 0 0 0 58 3 3 0 0 270 333 59 473 70 120 96 82 59 90 50 94 208 175 79 148 119 27 240 0 0 0 0 0 3 2 0 0 0 0 2 0 0 8 0 41 0 0 0 0 0 0 0 0 0 0 0 0 0 0 0 0 0 0 0 0 0 0 0 0 0 0 0 10 0 9 0 0 0 0 11 11 0 0 0 0 21 1 0 0 0 0 26 0 0 0 7 15 0 0 10 0 7 25 0 11 27 0 20 0 0 0 0 0 0 0 0 0 0 0 0 1 0 0 0 0 0 0 0 0 0 0 3 0 0 0 0 0 0 0 1 0 0 0 0 0 0 0 0 0 0 0 0 0 7 0 0 0 0 24 0 0 0 0 0 12 0 0 0 0 42 11 12 0 0 23 0 1 14 8 8 0 0 29 10 8 0 10 36 28 0 0 0 1 0 0 0 0 0 0 0 0 0 0 0 0 0 0 0 0 0 0 0 0 0 0 0 0 0 0 0 11 0 0 0 0 0 3 0 0 0 0 2 0 0 11 0 0 0 0 0 0 0 0 0 1 0 0 0 0 0 0 0 0 12 0 0 0 2 0 
 0 0 0 0 2 0 0 0 0 2 0 1 0 0 0 0 0 0 0 0 3 2 3 0 0 1 0 0 0 0 3 0 5 0 2 11 0 0 0 0 2 0 2 0 0 27 0 2 0 0 0 0 10 0 0 206 0 0 0 0 0 56 96 54 53 40 113 44 116 63 38 49 444 115 149 74 251 112 273 56 0 0 0 28 3 2 0 0 0 0 0 0 0 0 0 6 0 0 0 0 0 0 0 15 7 0 0 7 0 1 7 6 0 0 0 0 7 16 0 22 0 0 0 0 0 5 0 0 0 0 0 0 1 0 0 0 0 0 0 0 5 14 1 21 0 0 0 0 19 10 5 1 0 0 6 14 14 0 0 1 0 1 0 0 1 0 0 0 0 0 0 2 0 0 0 0 0 0 0 0 0 4 0 7 0 0 0 6 0 0 2 0 0 0 0 0 7 0 13 0 0 0 0 0 8 6 0 0 0 0 0 0 0 0 0 0 0 19 0 11 33 43 20 0 15 4 29 2 6 0 0 33 16 1 9 53 14 20 22 13 0 0 0 13 0 0 0 0 0 0 0 0 0 0 2 0 24 0 0 0 0 0 51 0 0 0 1 0 0 0 14 0 0 37 1 2 0 0 0 0 0 0 0 0 0 0 1 0 0 0 
