 0 87 75 53 129 33 189 139 30 35 41 256 312 231 30 35 33 125 322 223 3 5 3 0 2 0 4 0 0 2 0 4 2 0 2 2 5 6 0 1 0 0 0 0 2 0 0 0 0 0 0 0 0 2 0 0 0 0 0 0 0 3 0 0 0 0 51 0 0 0 4 0 0 0 0 0 0 2 0 3 2 0 14 0 4 2 16 37 1 2 0 0 30 10 1 0 9 22 15 14 24 0 0 0 0 0 0 0 0 0 0 0 0 0 0 0 0 0 0 0 0 0 0 0 1 0 0 0 0 0 0 0 0 0 0 0 0 0 0 0 0 0 0 0 0 17 0 0 0 0 0 11 0 0 0 0 0 2 0 0 0 1 22 10 2 0 0 23 9 16 0 17 78 0 0 14 0 0 4 23 29 0 0 0 0 1 0 0 0 0 0 0 0 0 0 0 0 0 9 0 0 0 0 0 1 0 2 0 12 0 0 0 0 0 0 0 0 0 0 0 0 0 0 0 0 0 0 0 12 0 0 0 0 0 0 0 20 0 0 0 0 0 0 0 0 0 0 0 3 2 0 22 0 0 1 0 0 0 0 0 0 0 0 0 0 0 0 0 0 0 0 0 0 0 0 0 0 0 0 0 0 0 0 0 0 0 0 0 0 0 
 87 0 130 129 133 36 541 107 257 148 139 39 220 149 127 51 54 137 127 64 124 100 0 0 2 0 0 1 0 2 0 3 34 0 0 0 4 0 75 0 0 0 0 0 0 1 0 0 0 0 0 0 0 2 0 1 0 0 0 0 0 3 0 7 0 0 0 0 32 0 0 0 0 0 0 0 0 2 0 3 10 20 32 51 31 0 55 15 42 0 25 0 6 0 15 36 1 10 18 8 2 5 0 0 0 0 10 0 0 0 0 0 47 2 0 1 0 1 0 14 0 0 0 0 0 0 0 0 0 0 0 0 0 0 0 0 0 2 0 0 0 0 3 0 0 0 0 0 0 0 2 0 0 0 0 0 0 0 0 0 19 19 0 23 40 0 46 5 13 15 27 21 19 10 45 107 18 56 0 10 5 16 0 0 0 0 2 0 0 0 0 0 13 0 15 0 2 0 36 0 0 0 0 10 0 0 0 0 0 0 0 0 0 0 0 1 0 0 0 1 0 0 0 0 0 0 0 0 0 0 0 0 0 0 1 0 0 0 0 0 0 0 0 0 0 1 1 1 0 1 7 12 14 0 0 0 0 0 0 0 1 0 0 0 0 0 0 0 0 0 0 0 0 0 0 20 0 16 0 0 0 0 0 0 0 0 0 0 0 0 
 75 130 0 248 52 202 293 262 181 377 255 380 55 41 346 462 258 256 40 85 4 2 5 4 1 0 0 0 0 7 0 6 84 3 0 0 8 2 76 0 0 4 0 2 0 1 3 61 0 3 0 0 6 5 0 0 0 0 3 0 0 8 3 38 46 3 3 1 0 2 0 0 0 0 0 0 0 6 0 4 0 31 36 20 0 31 0 6 0 38 14 39 6 26 18 23 20 34 0 2 15 0 1 0 0 0 0 0 0 0 0 0 16 0 0 0 0 0 9 17 0 0 0 0 0 0 0 0 0 0 0 0 0 0 0 0 0 0 0 0 0 0 0 0 0 0 0 0 0 0 0 0 0 0 0 0 0 0 0 0 44 0 18 0 10 0 13 0 9 0 27 0 0 4 14 0 36 11 12 0 13 0 0 0 0 0 0 0 0 0 0 0 0 0 0 0 0 0 14 66 0 0 0 1 0 0 0 0 0 0 0 0 0 0 0 11 0 0 0 0 0 0 0 0 0 0 0 0 0 0 0 0 9 0 0 0 0 0 0 0 0 10 0 0 0 2 177 0 0 3 0 5 0 0 0 0 0 0 0 2 0 0 0 0 0 0 0 0 0 0 0 0 0 0 0 27 26 0 0 0 0 0 0 0 0 0 0 0 0 2 
 53 129 248 0 375 277 295 49 363 143 493 63 262 504 72 50 163 163 160 57 77 2 0 0 2 0 0 0 0 2 0 2 151 35 0 0 4 1 78 0 0 1 0 0 0 0 0 0 0 0 0 0 0 2 30 0 0 0 0 0 0 3 0 0 42 0 0 0 0 0 0 0 0 0 0 0 0 3 0 2 1 0 10 0 0 31 0 11 0 24 53 38 0 0 12 0 23 14 0 0 30 1 10 0 0 0 3 25 0 0 0 0 12 0 0 0 0 0 14 12 0 0 0 0 0 0 0 0 0 0 0 0 0 0 0 0 0 0 0 0 0 0 0 0 0 0 0 0 0 0 0 2 0 0 0 18 0 0 0 0 2 14 4 50 4 31 0 0 10 42 33 37 0 0 0 13 4 30 0 0 33 24 0 0 1 0 0 0 17 0 0 0 11 0 12 10 10 0 1 27 2 0 0 1 0 0 19 0 0 0 0 0 0 0 0 7 0 0 0 0 0 0 0 0 0 0 0 0 0 0 0 0 0 0 0 0 0 0 0 0 0 0 0 0 0 0 4 0 1 90 1 10 0 0 0 0 0 0 0 0 0 0 0 0 0 0 0 0 0 0 0 0 0 0 0 10 0 0 0 0 0 0 0 0 0 0 0 0 0 0 
 129 133 52 375 0 350 59 49 57 88 302 144 83 79 144 152 265 76 113 67 26 1 0 3 1 1 0 108 0 79 0 76 0 1 111 0 5 0 2 34 0 0 1 0 0 0 3 0 0 19 2 0 0 2 0 3 0 0 0 0 0 3 0 0 0 0 0 0 0 0 9 0 0 0 0 2 0 2 0 3 0 0 5 0 14 9 0 10 0 1 21 27 0 0 0 0 38 0 0 0 9 18 1 0 0 0 25 10 2 11 0 0 11 31 0 8 0 6 9 18 0 0 0 0 14 0 0 0 0 11 0 0 0 0 0 2 0 0 0 0 0 0 0 0 0 0 0 0 0 0 0 0 0 0 0 0 0 0 0 0 0 4 10 13 12 0 0 0 12 0 48 6 0 13 0 0 10 13 0 1 45 26 24 55 2 0 0 18 10 24 0 0 55 28 0 11 15 10 12 29 0 0 0 0 0 0 0 0 0 0 0 2 0 0 0 0 0 0 0 0 0 0 0 0 0 2 0 0 0 0 0 0 0 0 11 0 1 0 0 0 0 0 17 0 0 0 3 0 2 49 0 10 0 1 0 0 0 0 0 0 0 0 14 0 0 0 0 0 0 0 0 0 0 0 0 0 0 0 0 0 0 0 0 0 0 0 0 0 0 0 
 33 36 202 277 350 0 40 242 46 289 189 105 39 220 47 86 137 141 51 40 5 2 0 0 0 0 83 8 0 4 0 7 79 24 149 0 3 0 151 0 0 1 0 0 0 2 0 0 1 0 0 0 0 2 0 8 0 0 0 0 0 16 0 0 0 0 0 0 0 0 0 0 0 0 0 0 0 3 0 2 1 10 0 11 0 41 0 0 17 13 0 43 0 0 10 0 12 13 0 0 0 1 0 0 0 0 13 0 0 0 10 0 10 19 19 20 22 20 34 73 0 0 0 0 0 0 0 0 0 3 12 0 0 0 0 0 0 2 0 0 0 0 0 0 0 0 0 0 0 0 0 0 0 0 0 0 0 0 7 0 2 0 0 0 0 56 0 0 0 22 0 14 0 0 0 0 0 4 0 0 20 0 10 0 0 0 28 20 0 19 0 0 52 0 10 1 14 14 7 22 0 0 0 1 0 1 0 0 0 0 0 0 0 0 2 0 0 0 0 0 0 0 0 0 0 0 0 0 0 2 0 0 0 0 0 0 0 0 0 0 0 0 0 0 0 1 1 0 91 130 1 16 4 0 0 0 0 0 0 0 0 0 14 0 0 0 0 0 0 0 0 0 0 0 0 0 15 0 0 0 0 0 0 0 0 0 0 0 0 0 
 189 541 293 295 59 40 0 383 76 55 419 37 245 239 212 302 125 22 53 135 4 3 4 2 4 3 2 5 3 5 5 4 0 0 0 0 5 3 0 0 0 2 0 0 0 1 1 0 2 0 0 0 1 4 0 1 0 0 0 0 0 3 46 0 1 0 1 0 0 0 0 0 1 0 0 0 0 3 0 2 7 1 8 30 12 0 36 25 62 2 16 0 4 11 11 69 11 48 31 26 0 0 24 0 0 0 0 0 0 0 0 0 0 0 0 0 0 0 0 25 0 0 0 0 0 0 0 2 0 0 0 0 0 0 1 0 0 0 0 1 0 0 0 0 0 0 0 0 0 0 0 0 0 1 2 0 0 0 0 0 64 26 22 0 12 0 40 23 0 2 4 0 12 0 23 9 10 20 19 14 0 0 0 0 0 0 0 0 0 0 0 0 0 0 0 0 0 0 44 0 1 0 0 2 0 0 0 0 0 0 0 0 0 0 0 0 0 0 0 0 0 0 0 0 0 0 0 0 0 0 0 0 0 0 0 0 0 0 0 0 0 2 0 0 0 0 103 0 1 95 7 6 13 0 0 0 0 0 0 0 0 0 0 0 0 0 0 0 0 0 0 0 0 0 0 0 12 0 0 0 0 0 0 0 0 0 0 0 0 0 
 139 107 262 49 49 242 383 0 155 24 35 134 121 136 342 183 133 116 158 241 3 4 0 0 2 0 0 0 1 4 0 3 0 0 0 0 4 0 0 0 0 1 0 0 0 0 0 0 0 0 0 0 0 2 0 1 0 0 0 0 47 3 0 0 0 0 0 0 0 0 0 0 0 0 0 0 0 3 0 2 35 18 0 59 16 0 11 13 1 29 0 0 21 18 11 28 15 57 0 0 0 0 0 0 0 0 0 0 0 0 0 0 0 0 0 0 0 0 0 2 0 0 0 1 0 1 0 0 1 2 0 0 0 0 0 2 0 0 0 0 0 0 0 0 0 1 0 0 0 0 0 0 0 0 0 0 0 0 0 0 25 0 41 1 1 0 13 14 8 2 17 0 0 20 10 0 1 0 23 15 0 0 0 0 2 0 2 0 0 0 0 0 0 0 0 0 0 0 14 0 0 0 0 11 21 0 0 0 0 0 0 1 0 0 0 0 0 0 0 0 0 0 0 1 0 2 0 0 0 0 0 0 0 0 0 0 2 0 0 0 0 0 0 0 0 1 6 2 1 1 0 8 4 0 0 0 0 0 0 0 0 0 0 0 0 0 0 0 0 0 0 0 0 0 0 0 0 0 0 0 0 0 0 0 0 0 0 0 0 0 
 30 257 181 363 57 46 76 155 0 158 58 333 250 104 274 150 169 39 88 347 3 2 0 0 1 3 0 0 0 2 0 2 75 74 1 3 7 0 191 0 0 3 0 0 0 0 0 0 0 0 0 0 0 5 0 2 0 0 0 0 0 5 2 0 33 0 0 0 59 0 0 1 0 1 0 1 0 4 2 4 0 10 46 19 6 0 0 0 41 39 29 16 6 8 0 38 17 18 0 0 19 11 0 19 0 0 12 1 0 0 0 0 21 1 0 2 0 2 17 17 0 0 0 0 0 0 0 0 0 0 0 0 0 52 0 0 0 0 0 0 0 0 0 0 10 0 0 0 0 8 0 0 0 0 0 0 0 0 0 0 7 0 9 41 12 11 22 0 0 16 19 17 8 0 12 24 12 9 12 11 0 0 0 0 0 0 1 0 1 0 0 0 14 0 14 9 38 0 0 31 0 0 0 0 0 0 0 0 0 0 0 0 0 0 0 0 10 0 0 2 0 0 0 0 0 0 0 0 0 0 0 0 0 0 2 0 0 0 0 16 0 0 0 0 0 2 2 0 2 2 0 9 0 0 0 0 0 0 0 0 2 0 0 0 0 0 0 0 0 0 0 0 0 0 0 0 51 12 0 0 0 0 0 0 0 0 0 0 0 0 
 35 148 377 143 88 289 55 24 158 0 182 144 37 60 161 321 242 145 95 216 24 2 0 0 0 0 7 0 0 2 0 2 150 0 0 0 3 0 3 0 0 2 0 0 0 0 3 0 0 0 0 0 0 2 0 1 0 0 0 0 0 3 0 6 0 0 0 0 0 0 0 0 0 0 0 0 0 3 0 2 0 0 23 0 5 0 0 0 25 9 38 16 0 0 31 7 12 13 18 6 0 0 0 0 0 0 13 0 0 0 0 0 56 11 11 1 0 1 0 29 0 0 0 0 0 0 0 0 0 0 0 0 0 0 0 0 0 2 0 0 0 0 0 1 0 0 0 0 0 0 2 0 0 0 0 0 0 0 0 0 19 18 0 22 11 14 23 0 0 10 52 0 7 26 18 18 0 2 0 0 0 0 1 0 0 0 15 0 0 0 0 0 26 0 21 64 2 0 16 13 0 0 0 2 0 0 0 0 0 0 0 0 0 0 0 0 0 0 0 1 0 0 0 0 0 0 0 0 0 0 0 0 1 0 1 0 0 0 0 0 0 0 0 0 0 1 0 2 92 86 0 11 14 0 0 0 0 0 0 0 1 0 0 0 0 0 0 0 0 0 0 0 0 0 0 20 12 0 0 0 0 0 0 0 0 0 0 0 0 2 
 41 139 255 493 302 189 419 35 58 182 0 99 356 141 147 189 107 670 144 63 42 2 0 0 2 0 0 0 2 2 0 4 1 117 0 0 4 2 2 0 2 2 0 0 0 0 0 2 0 0 0 0 0 2 0 20 0 0 0 2 0 3 0 0 1 0 0 0 0 3 0 2 0 0 0 0 0 3 0 2 0 0 2 12 0 31 0 9 21 0 18 15 0 0 14 7 10 15 13 7 0 1 9 0 0 0 12 17 0 0 0 0 0 14 0 0 0 7 11 15 0 0 0 28 0 1 0 0 0 1 0 0 0 0 0 1 0 0 0 0 0 0 0 0 0 0 0 0 10 0 0 0 0 0 0 0 0 0 0 0 0 24 17 3 16 39 22 6 80 23 10 25 18 7 29 30 28 28 0 0 18 0 14 0 0 0 36 0 11 0 0 0 14 9 0 0 0 0 0 19 0 0 0 0 0 0 0 0 0 0 0 0 0 0 0 0 0 0 0 0 0 0 0 0 0 0 0 0 0 0 0 0 0 0 0 0 2 0 0 0 0 0 0 0 0 7 2 0 0 1 16 18 10 0 0 0 0 0 0 0 0 0 22 0 0 0 0 0 0 0 0 0 0 0 0 0 0 0 0 0 0 0 0 0 0 0 0 0 0 0 
 256 39 380 63 144 105 37 134 333 144 99 0 43 119 52 112 73 201 34 40 79 2 5 0 0 2 0 61 0 2 0 2 74 1 0 2 3 1 0 83 0 0 0 0 2 0 0 0 0 0 0 2 0 2 0 0 0 2 0 0 0 3 0 0 0 0 0 0 32 2 0 0 0 0 0 4 5 3 0 47 0 23 0 1 0 0 0 14 23 15 0 31 0 23 36 0 36 3 0 0 38 0 0 0 0 0 11 3 0 0 0 0 40 10 4 49 0 0 0 36 0 0 0 13 0 0 0 0 0 0 0 0 0 0 0 0 0 0 0 0 0 0 0 0 0 0 0 0 0 0 0 0 0 0 0 0 0 0 0 0 15 0 0 24 13 0 26 0 8 0 4 0 0 0 27 11 17 0 0 9 0 17 2 0 0 0 12 6 1 0 0 0 16 0 0 19 0 0 0 55 0 0 0 0 0 0 0 0 0 0 0 0 0 0 0 0 0 0 0 0 0 0 0 0 0 0 0 2 0 0 0 0 0 0 0 0 0 0 0 0 0 10 16 0 0 2 89 2 114 175 0 7 0 0 0 0 0 2 0 0 0 0 0 0 0 0 0 0 0 0 0 0 0 0 0 0 10 17 0 0 0 0 0 0 0 0 0 0 0 0 
 312 220 55 262 83 39 245 121 250 37 356 43 0 276 114 54 149 113 185 166 3 2 0 0 1 0 0 73 0 2 0 2 0 0 0 0 5 2 0 0 2 2 0 3 0 0 0 3 0 0 0 0 0 2 0 0 0 0 0 0 0 3 0 0 0 3 1 0 31 2 0 4 0 0 0 0 0 3 0 2 7 29 13 9 0 0 9 13 18 0 0 0 2 0 0 13 1 0 0 9 0 0 0 0 0 0 14 0 0 0 8 0 10 0 0 0 0 0 0 0 0 0 0 0 0 0 0 0 0 0 0 0 0 0 0 0 0 0 0 0 0 0 2 0 0 0 0 0 0 0 0 0 0 0 0 2 0 0 0 0 11 12 0 9 26 0 27 13 0 0 0 34 21 0 13 7 43 27 0 9 0 0 0 0 0 0 0 0 0 0 0 0 0 0 0 0 0 1 9 0 0 0 0 0 0 0 0 1 0 0 0 0 0 0 0 0 0 0 0 0 0 0 0 1 0 0 0 0 0 0 0 0 0 0 0 0 0 0 0 1 0 0 0 0 0 0 1 2 0 0 11 8 0 2 0 0 0 0 0 0 0 0 0 0 0 0 0 0 0 2 0 0 0 0 0 0 13 14 0 0 0 0 0 0 0 0 0 0 0 0 
 231 149 41 504 79 220 239 136 104 60 141 119 276 0 78 155 46 126 79 235 2 0 0 0 2 4 0 3 0 0 0 1 0 0 0 3 1 0 0 0 0 0 0 58 2 0 0 0 0 0 0 0 0 0 0 1 0 0 0 0 0 0 4 0 0 0 0 0 56 0 0 0 0 0 0 0 0 0 0 0 7 10 0 7 0 0 8 32 37 0 0 15 13 0 0 26 0 24 17 0 0 0 0 0 0 0 2 0 0 0 0 0 9 0 0 0 0 0 0 0 0 0 0 0 0 0 0 0 0 0 14 0 0 0 0 0 0 0 0 0 0 0 2 0 0 1 0 0 0 0 0 9 3 2 0 2 0 0 0 2 0 1 16 1 23 0 21 34 12 15 0 20 32 1 23 26 18 62 11 15 0 0 0 0 0 0 0 0 0 0 0 0 0 0 0 0 0 0 0 0 0 0 0 0 0 0 0 1 0 0 0 0 0 0 0 0 0 0 0 0 0 0 0 24 0 0 0 0 0 0 0 0 0 0 0 0 0 0 0 1 0 0 0 0 0 0 87 0 2 0 9 6 0 2 0 0 0 0 0 0 0 0 0 0 0 0 0 0 0 2 0 0 0 0 0 1 0 0 0 0 0 0 0 0 0 0 0 0 0 0 
 30 127 346 72 144 47 212 342 274 161 147 52 114 78 0 74 95 20 58 169 3 1 2 0 2 0 0 0 0 2 0 2 0 0 0 0 4 2 1 0 0 0 0 0 0 0 0 0 1 35 0 0 0 2 0 2 1 0 0 0 0 9 0 5 0 0 0 0 0 0 0 0 0 0 0 0 0 2 0 3 9 24 38 36 0 41 0 0 1 17 10 0 0 10 22 30 16 0 0 12 0 1 0 10 0 16 0 0 0 0 1 0 13 0 0 0 0 0 0 15 0 0 0 0 0 0 2 0 0 0 0 1 0 0 0 0 0 0 0 0 0 0 0 0 0 23 0 0 0 0 0 0 0 0 0 0 0 0 19 0 43 10 10 0 22 0 30 0 1 0 37 10 32 10 20 0 25 40 0 0 77 0 0 0 0 0 0 0 0 0 0 0 0 0 1 0 0 0 10 18 0 0 0 0 0 0 0 0 0 0 12 0 0 0 0 1 0 0 0 0 0 0 0 2 0 0 0 0 0 0 0 2 0 0 0 0 0 0 0 0 0 0 0 0 0 1 88 0 0 0 0 15 0 0 0 0 0 0 0 0 0 0 0 0 0 0 0 0 0 0 0 0 0 0 0 30 3 0 0 0 0 0 0 0 0 0 0 0 0 2 
 35 51 462 50 152 86 302 183 150 321 189 112 54 155 74 0 394 102 265 541 82 2 0 0 2 0 2 0 0 2 2 2 0 0 0 2 4 0 0 0 0 0 0 0 0 0 0 0 0 0 0 0 0 2 0 1 0 0 2 0 0 43 0 1 0 0 0 0 0 12 31 0 0 0 0 0 0 2 0 3 21 22 0 10 1 0 8 17 32 30 14 0 14 20 13 15 16 25 71 7 0 0 0 0 0 0 0 0 0 0 0 0 4 0 0 0 0 14 0 14 0 0 0 0 2 0 0 0 0 0 0 0 0 0 0 0 0 0 0 0 0 1 0 0 0 0 0 0 0 0 0 0 0 0 0 0 0 0 0 0 18 20 36 3 1 0 23 59 0 2 26 2 16 22 39 9 0 0 47 18 0 0 0 1 0 1 0 0 0 0 0 7 0 0 0 0 0 0 0 14 0 0 0 1 0 0 0 0 21 0 0 0 0 0 0 0 2 0 0 0 0 0 0 0 0 0 0 0 0 0 0 2 0 0 0 0 0 0 0 0 0 0 0 0 0 3 1 0 1 89 2 2 17 0 0 0 0 1 0 0 0 0 0 0 0 0 0 0 0 0 0 0 0 0 0 0 14 3 0 0 0 0 0 0 0 2 0 0 0 0 
 33 54 258 163 265 137 125 133 169 242 107 73 149 46 95 394 0 65 29 219 3 3 0 0 2 0 0 0 0 2 0 2 0 1 206 0 6 0 73 0 0 2 0 0 0 0 0 0 5 2 8 0 0 2 0 2 0 0 0 0 0 2 1 0 0 0 2 0 0 0 4 0 0 0 0 1 3 3 1 3 22 25 7 18 0 0 1 0 11 18 0 0 0 42 17 31 55 0 0 1 0 0 0 0 0 0 0 0 0 0 0 0 0 0 0 0 0 0 0 14 0 0 0 0 0 0 0 2 0 0 0 0 0 0 2 0 0 0 0 0 0 0 0 0 0 15 0 0 0 0 0 0 0 0 0 0 0 0 0 0 27 0 9 17 20 11 54 0 0 23 29 41 29 11 21 0 27 5 0 0 0 0 0 0 0 0 0 0 1 0 0 0 0 0 0 9 24 0 0 26 0 0 0 1 0 0 0 0 0 0 0 0 0 0 0 0 0 0 0 0 0 0 2 0 0 0 0 0 0 0 0 0 0 0 0 1 0 0 0 0 0 2 0 0 0 3 86 1 1 88 0 8 0 2 0 1 0 0 0 0 0 0 0 0 0 0 0 0 0 0 0 0 0 0 0 0 6 0 0 0 0 0 0 0 0 0 0 0 0 0 
 125 137 256 163 76 141 22 116 39 145 670 201 113 126 20 102 65 0 326 209 23 2 0 0 0 1 0 0 0 2 0 79 78 76 0 0 3 1 1 0 0 2 0 29 0 0 0 0 0 0 0 0 0 63 0 1 0 0 0 0 0 3 0 0 0 0 0 0 55 0 0 0 0 0 0 0 0 3 0 2 10 0 11 15 2 0 0 27 40 0 18 11 16 18 1 1 1 26 14 1 1 0 0 0 0 0 10 0 0 0 0 0 17 16 12 0 0 0 0 13 0 0 0 0 0 0 0 0 0 0 0 0 0 0 0 0 0 0 0 0 0 0 0 0 0 13 0 0 0 0 0 15 0 0 0 0 0 0 0 0 0 13 16 12 10 11 25 26 0 16 1 0 0 0 13 15 0 0 9 31 0 13 1 0 0 0 25 0 1 0 0 0 13 0 33 10 0 0 1 2 0 0 0 0 0 0 0 0 0 0 0 0 0 0 0 0 0 45 0 0 0 0 0 0 0 0 0 0 0 0 0 0 0 0 0 0 0 0 0 0 0 0 0 0 0 0 0 0 83 2 0 13 17 0 0 0 0 0 0 0 0 0 0 0 0 0 0 0 0 0 0 0 0 0 0 0 0 15 0 0 0 0 0 0 0 0 0 0 0 0 
 322 127 40 160 113 51 53 158 88 95 144 34 185 79 58 265 29 326 0 111 6 2 0 1 1 1 0 0 0 2 0 2 0 1 0 0 5 0 0 1 0 0 0 0 0 0 0 0 0 0 0 0 0 2 0 0 0 0 5 0 0 20 0 0 0 0 0 0 0 1 0 0 0 0 0 0 3 10 0 3 25 0 17 16 20 0 22 33 0 0 15 0 12 25 0 30 12 18 0 10 11 0 0 0 0 0 0 0 0 0 0 0 0 0 1 2 0 1 0 0 0 0 0 0 0 0 0 0 0 0 0 0 0 0 0 0 0 1 0 0 0 0 0 2 0 14 0 0 0 0 0 0 0 0 0 0 2 0 0 0 0 0 0 4 0 0 1 0 5 0 2 0 2 10 0 0 0 0 0 0 2 0 0 0 0 0 1 1 0 0 0 0 0 0 0 0 1 0 28 17 0 0 0 0 0 0 0 0 0 0 0 0 0 0 0 0 0 0 0 0 0 0 0 0 0 0 0 0 0 0 0 0 0 0 2 0 0 0 0 0 0 0 0 0 0 0 2 0 0 30 0 16 0 0 0 0 0 2 0 1 1 0 0 0 0 0 0 0 0 0 0 0 0 0 0 0 0 0 0 0 0 0 0 0 0 0 0 0 0 0 
 223 64 85 57 67 40 135 241 347 216 63 40 166 235 169 541 219 209 111 0 3 2 0 0 1 0 0 0 0 2 0 2 0 0 0 0 5 0 0 0 0 1 0 0 0 62 0 0 0 0 0 0 0 2 0 1 0 0 0 0 0 3 0 0 0 0 0 0 0 0 0 0 0 0 0 0 0 2 0 3 2 42 10 10 0 0 10 13 1 17 0 0 23 6 0 11 0 37 20 6 0 0 0 0 0 0 0 0 0 0 0 0 0 2 0 1 0 0 0 0 0 0 0 0 0 0 0 0 0 0 0 0 0 0 0 0 0 2 0 0 0 0 0 0 0 0 0 22 16 0 2 0 0 0 0 0 0 0 0 0 22 0 21 11 0 0 16 30 0 10 18 0 19 7 5 13 0 0 28 27 0 0 0 0 0 0 2 0 0 0 0 0 0 0 0 0 0 0 0 0 0 0 0 0 0 0 0 0 0 0 0 0 0 0 0 0 0 0 0 1 0 0 0 0 0 0 0 0 0 0 0 0 0 0 1 0 0 0 0 0 0 0 0 0 0 0 0 1 0 0 1 15 6 0 0 0 0 0 0 0 1 0 0 0 0 0 0 0 0 0 0 0 0 0 0 0 11 14 0 0 0 0 0 0 0 0 0 0 0 0 
 3 124 4 77 26 5 4 3 3 24 42 79 3 2 3 82 3 23 6 3 0 227 85 118 158 38 179 242 131 92 25 31 119 127 96 129 38 40 31 72 0 0 0 3 0 0 3 0 0 0 0 0 0 2 0 2 2 3 3 0 1 0 4 4 2 3 0 0 0 4 0 0 0 2 0 0 4 5 0 0 0 0 0 12 0 12 0 0 0 0 0 22 0 0 0 0 0 0 0 0 0 9 7 0 0 15 1 18 2 7 15 7 15 42 11 0 15 32 9 12 0 0 0 0 0 0 0 0 0 7 0 0 23 28 0 0 0 9 8 0 0 0 0 4 0 0 0 0 0 0 0 0 0 0 0 1 0 3 0 0 0 0 0 0 15 0 0 0 0 0 0 0 0 0 0 0 0 0 0 10 13 12 32 28 1 12 39 0 33 9 27 11 12 15 0 17 10 9 0 0 0 0 0 0 0 0 0 0 23 0 0 0 0 0 2 0 0 0 12 0 0 0 0 0 0 0 0 0 0 2 0 0 0 0 0 0 0 0 0 2 0 0 13 0 0 0 0 0 86 0 0 0 0 0 15 0 2 121 0 2 0 0 13 0 0 0 0 0 0 0 0 0 0 0 11 0 0 0 0 0 0 0 0 0 0 0 14 0 0 0 
 5 100 2 2 1 2 3 4 2 2 2 2 2 0 1 2 3 2 2 2 227 0 369 75 426 73 110 158 267 37 228 121 35 87 165 167 219 100 37 79 0 0 0 0 0 1 67 0 30 0 0 0 0 0 0 1 2 3 2 0 0 0 10 0 0 3 0 0 0 7 0 0 0 0 0 0 2 1 6 0 0 0 0 0 0 1 2 0 0 0 0 0 0 0 0 0 0 0 2 0 0 12 32 10 24 7 0 0 58 29 20 23 0 1 38 19 41 21 0 0 0 0 0 0 0 0 0 0 0 0 0 0 43 33 0 0 0 0 21 1 0 0 0 4 0 0 0 0 0 0 0 0 0 0 0 0 0 5 0 0 0 0 0 0 0 0 0 3 0 0 0 0 0 0 1 0 1 0 0 0 6 51 10 30 1 10 0 49 25 26 42 7 0 0 4 8 18 56 0 0 0 0 0 0 0 2 0 0 0 0 0 0 2 21 0 0 0 2 12 0 0 0 0 0 0 0 0 0 0 0 0 0 0 0 0 0 0 0 0 0 0 0 6 0 0 0 0 0 0 0 0 0 0 1 3 0 0 77 4 0 2 0 0 0 0 0 11 0 0 0 0 0 0 0 0 0 0 0 0 0 0 0 0 0 0 9 26 0 0 0 
 3 0 5 0 0 0 4 0 0 0 0 5 0 0 2 0 0 0 0 0 85 369 0 308 165 35 196 252 474 47 142 43 72 337 259 383 488 129 230 170 0 3 0 0 0 0 3 0 0 0 0 0 0 0 0 3 2 3 0 0 3 0 3 0 0 3 3 0 3 5 0 13 0 2 0 0 2 4 0 0 0 0 0 0 0 12 0 0 0 0 0 0 0 0 0 0 0 0 0 0 31 5 0 16 57 12 0 39 1 0 12 13 0 31 40 26 12 35 0 0 0 0 0 0 0 0 0 0 0 1 0 0 15 13 0 0 25 0 27 1 0 0 0 0 0 0 5 0 0 14 5 2 1 0 0 0 0 0 0 0 0 0 0 0 0 0 0 6 0 0 0 0 0 0 0 0 0 0 0 0 6 4 10 21 19 55 0 18 5 22 14 23 0 67 0 46 6 0 0 0 0 0 0 0 0 0 0 0 9 0 0 0 0 20 15 0 0 0 9 16 0 0 0 0 0 0 0 0 11 0 12 0 0 0 0 0 0 0 0 0 0 0 0 0 0 0 0 0 0 0 0 0 0 0 2 2 0 49 98 0 9 0 0 0 0 0 0 0 0 0 0 0 0 0 0 0 0 0 0 0 0 40 0 0 0 0 22 0 0 0 
 0 0 4 0 3 0 2 0 0 0 0 0 0 0 0 0 0 0 1 0 118 75 308 0 245 74 133 380 310 235 85 47 144 162 54 400 265 207 75 74 0 0 0 0 0 208 4 60 0 1 0 0 67 61 0 90 2 3 1 1 1 0 2 0 2 3 0 0 0 0 1 0 0 0 0 0 2 4 0 0 0 0 0 0 8 0 0 0 0 0 0 0 0 0 0 0 1 0 0 0 0 0 12 8 15 19 0 31 0 9 36 14 0 0 8 0 1 23 6 12 9 0 0 0 0 0 11 13 18 0 0 2 6 1 15 19 19 0 4 1 0 0 0 5 0 0 0 0 0 0 20 1 0 0 0 0 0 59 0 0 0 0 0 0 0 0 0 2 0 0 0 0 0 0 0 4 0 0 0 0 0 0 21 14 33 14 12 15 11 29 11 59 16 0 14 0 12 38 0 2 15 0 11 1 0 0 0 0 2 20 1 0 19 0 16 12 19 0 0 7 0 0 0 0 0 0 0 0 0 0 0 0 0 0 0 0 0 0 0 0 0 0 0 0 0 1 0 0 0 0 0 0 0 0 7 2 1 76 4 2 1 0 0 0 0 0 0 0 0 0 0 0 0 0 0 0 0 0 0 0 0 0 0 0 0 0 0 15 0 0 
 2 2 1 2 1 0 4 2 1 0 2 0 1 2 2 2 2 0 1 1 158 426 165 245 0 152 146 167 241 156 171 118 67 164 83 93 75 53 66 149 0 0 0 0 0 0 3 0 0 5 0 0 0 0 0 1 2 3 1 83 2 0 2 0 3 3 0 0 0 8 2 0 0 0 0 0 2 0 0 0 0 0 0 0 0 0 0 0 0 0 0 0 0 0 0 0 0 0 0 8 0 0 16 22 0 21 0 14 17 10 37 10 0 5 16 17 36 26 0 0 0 0 0 0 0 0 8 0 0 0 0 0 20 25 0 9 1 0 20 1 0 0 0 3 0 0 0 0 0 0 0 0 0 0 0 0 0 3 0 0 0 0 0 0 12 0 0 1 0 0 0 0 0 0 0 0 0 1 0 0 1 15 22 16 30 18 0 1 20 44 36 22 1 9 0 10 0 11 0 0 0 0 0 0 0 0 9 0 0 0 0 0 0 0 0 0 0 0 39 0 1 0 0 1 0 0 0 0 0 0 0 0 0 0 0 0 0 0 0 0 0 0 0 0 0 0 0 0 11 0 0 0 0 0 1 4 1 49 2 0 1 0 0 0 0 0 0 0 0 0 0 1 0 0 0 0 0 0 0 0 0 10 0 0 0 0 16 0 0 2 
 0 0 0 0 1 0 3 0 3 0 0 2 0 4 0 0 0 1 1 0 38 73 35 74 152 0 131 103 341 125 311 180 25 55 79 230 121 80 41 122 69 0 0 8 3 3 69 92 4 0 0 0 8 2 0 4 2 3 110 61 3 0 32 2 4 3 0 0 1 8 0 0 0 2 0 2 3 4 4 0 0 0 0 0 0 0 3 0 0 0 0 0 0 0 0 0 0 0 0 0 2 12 0 37 63 9 0 20 20 5 10 25 2 1 0 0 18 10 0 0 7 0 0 0 0 0 0 1 1 0 0 0 19 34 0 12 12 9 10 10 0 0 0 0 0 0 0 0 10 0 0 0 3 0 0 1 0 0 0 0 0 0 2 0 2 0 0 0 0 0 0 0 0 0 0 4 0 0 0 0 0 25 13 12 10 0 0 45 10 50 18 8 0 1 6 0 0 46 0 0 0 17 29 0 0 18 8 0 0 0 0 0 17 22 1 0 0 0 1 0 0 0 0 11 0 0 0 0 0 0 0 0 0 0 0 0 0 0 0 1 0 0 0 0 8 0 0 0 0 0 0 0 0 0 5 0 1 1 0 0 7 12 0 0 0 0 11 0 0 0 0 0 0 0 0 0 2 7 0 0 0 0 0 0 1 9 19 0 0 0 
 4 0 0 0 0 83 2 0 0 7 0 0 0 0 0 2 0 0 0 0 179 110 196 133 146 131 0 138 234 197 134 62 243 29 295 39 116 394 110 123 0 0 0 0 0 0 3 0 0 0 0 0 0 0 0 2 2 3 1 0 2 0 2 0 0 6 2 4 0 0 0 0 10 1 0 0 5 4 1 0 0 1 0 0 0 0 0 0 0 0 0 0 0 0 0 2 0 0 0 0 0 0 32 11 21 41 11 15 31 14 36 0 35 21 62 18 38 0 14 14 0 0 0 0 0 0 0 0 0 0 0 0 23 10 0 0 1 0 4 0 0 0 0 0 0 0 0 0 0 0 0 0 0 0 0 0 0 0 3 3 0 0 0 0 0 19 0 0 0 0 0 0 0 4 0 0 0 1 12 0 0 0 9 30 0 31 15 45 0 27 2 22 23 9 9 0 39 24 0 0 0 0 0 0 0 0 0 0 0 0 0 2 0 0 0 0 0 0 2 0 0 0 0 0 0 0 0 0 0 0 0 0 0 0 0 0 0 0 0 0 0 0 0 0 0 0 0 0 81 0 0 0 0 0 1 2 0 76 0 2 11 4 0 0 0 0 0 0 0 0 0 0 0 0 0 0 0 0 0 0 0 2 0 0 0 0 2 0 0 0 
 0 1 0 0 108 8 5 0 0 0 0 61 73 3 0 0 0 0 0 0 242 158 252 380 167 103 138 0 304 242 117 19 387 178 235 158 101 393 64 195 0 0 0 0 0 0 3 0 0 0 0 0 0 0 0 6 2 3 1 2 3 0 6 0 28 3 0 0 0 2 3 0 0 0 0 0 2 0 0 0 0 0 0 2 0 13 0 0 0 0 0 41 0 0 0 0 0 0 0 0 21 40 0 0 7 13 0 18 35 12 30 19 0 24 0 9 25 47 11 0 0 0 2 0 0 0 0 0 0 13 0 0 9 8 0 0 3 0 10 11 0 0 0 3 0 0 0 0 0 0 0 0 0 2 0 0 0 2 0 0 0 0 0 0 17 0 0 1 0 0 0 0 0 10 0 0 0 0 0 2 4 32 0 45 29 0 20 18 31 16 22 6 23 51 0 19 11 14 0 0 0 0 0 0 0 0 0 0 0 0 0 0 0 11 54 0 2 0 0 0 0 0 0 0 0 0 0 0 0 0 0 0 0 0 0 0 0 0 0 0 0 0 14 0 0 0 0 0 0 0 0 0 0 0 2 0 0 86 0 2 17 2 13 0 0 0 0 0 0 0 0 0 0 0 0 0 0 0 0 0 0 10 0 0 0 0 9 0 0 0 
 0 0 0 0 0 0 3 1 0 0 2 0 0 0 0 0 0 0 0 0 131 267 474 310 241 341 234 304 0 561 156 35 208 84 114 200 214 44 74 72 0 0 0 0 62 0 3 0 0 0 0 0 0 0 0 1 2 3 0 86 3 0 44 0 0 3 0 0 0 1 0 0 0 0 0 0 2 1 0 0 1 0 0 0 0 0 0 0 0 0 0 0 0 0 0 0 0 0 1 0 9 0 34 61 9 19 0 0 22 25 28 6 7 9 11 11 25 17 0 0 0 1 0 0 0 0 8 0 0 1 0 0 39 21 0 0 25 0 30 1 0 0 0 0 0 0 3 0 0 18 3 2 1 0 0 0 0 2 0 0 0 0 0 0 0 0 0 3 0 0 0 0 0 0 0 0 0 0 0 0 1 6 11 43 30 42 0 8 2 23 13 28 3 8 14 33 22 0 0 0 0 0 0 0 0 0 3 0 1 0 0 0 21 54 8 4 0 0 42 10 0 0 0 0 0 0 0 0 0 0 2 0 0 0 0 0 0 0 0 0 0 0 0 0 0 0 0 0 0 0 0 0 0 0 3 0 0 75 77 4 0 1 0 0 0 0 0 0 0 0 0 0 0 0 0 0 0 0 0 15 0 28 0 0 0 4 9 0 0 0 
 2 2 7 2 79 4 5 4 2 2 2 2 2 0 2 2 2 2 2 2 92 37 47 235 156 125 197 242 561 0 198 119 43 81 349 175 50 377 94 116 0 211 0 0 0 0 3 0 59 0 3 0 4 0 0 1 2 3 7 0 1 2 2 0 0 3 0 0 0 0 0 0 3 0 0 0 2 3 0 0 2 0 0 0 0 1 0 0 0 0 0 0 0 0 0 0 0 0 2 0 2 9 10 20 0 20 19 0 15 50 21 18 9 0 6 3 0 20 0 0 24 2 0 0 0 0 32 0 0 0 0 0 20 18 0 0 0 0 16 1 0 0 0 5 0 0 0 0 0 0 0 1 0 0 0 0 0 12 0 0 13 0 0 0 0 0 0 0 0 0 0 0 0 7 0 0 0 0 0 0 0 0 29 22 30 22 21 5 10 47 4 58 19 11 0 0 16 25 0 0 0 0 0 0 0 0 0 0 0 5 0 0 16 0 4 1 3 0 13 0 0 0 0 0 0 0 0 0 0 0 0 0 0 0 0 0 0 0 0 0 0 0 0 0 0 0 0 0 0 0 0 0 0 0 7 0 0 85 76 3 2 0 0 0 0 0 0 0 0 0 0 0 0 0 0 0 0 2 0 14 0 0 0 0 0 11 0 0 0 0 
 0 0 0 0 0 0 5 0 0 0 0 0 0 0 0 2 0 0 0 0 25 228 142 85 171 311 134 117 156 198 0 81 44 42 139 183 181 145 47 65 0 0 0 0 0 0 71 0 0 0 0 0 64 62 0 2 2 3 0 61 3 0 24 0 46 6 0 51 0 3 0 0 0 0 47 0 3 1 56 0 0 0 0 0 0 1 0 0 0 0 0 0 0 0 0 2 0 0 0 0 19 12 22 19 52 2 0 0 22 42 46 0 0 1 0 0 47 11 1 0 21 0 0 0 0 0 7 0 0 23 0 0 31 31 0 1 11 0 4 17 0 0 0 0 0 0 8 0 0 0 7 3 0 0 21 0 0 0 0 0 0 0 0 0 0 24 0 0 0 0 0 0 0 0 0 0 0 2 0 2 0 18 0 16 36 51 0 4 10 13 23 1 0 0 23 14 26 20 0 0 15 0 0 0 0 0 3 0 28 0 0 2 48 65 25 1 0 0 30 28 0 0 0 0 0 0 0 0 0 0 0 0 0 0 0 0 0 14 0 0 0 0 13 0 0 0 0 0 0 0 0 0 0 0 4 6 3 1 4 0 2 20 0 0 0 0 12 0 0 0 0 0 0 0 0 0 0 0 0 16 0 9 0 0 0 3 19 0 0 0 
 4 3 6 2 76 7 4 3 2 2 4 2 2 1 2 2 2 79 2 2 31 121 43 47 118 180 62 19 35 119 81 0 35 78 109 43 69 118 30 104 0 2 0 0 0 0 3 62 0 3 0 0 126 112 0 2 2 3 65 1 2 0 2 0 2 3 0 0 3 0 0 0 41 29 0 0 2 0 4 0 1 0 0 0 0 0 0 0 0 0 0 0 0 12 0 0 0 0 1 0 0 0 19 16 12 12 0 0 19 30 12 17 0 0 18 20 13 0 1 0 53 1 1 0 15 0 18 0 0 1 0 1 18 25 0 29 12 0 3 18 0 0 0 4 0 0 0 0 0 0 0 0 0 0 0 0 0 7 0 3 0 0 0 0 0 2 0 0 0 0 0 0 0 0 0 6 0 0 0 0 0 25 4 15 0 42 2 22 10 23 0 0 0 0 13 0 1 11 0 0 16 0 16 0 0 0 18 0 0 24 0 0 44 20 11 1 0 0 23 22 0 0 0 0 0 0 0 0 0 0 1 0 0 0 0 0 0 0 0 0 0 0 0 0 0 0 0 0 0 0 0 0 0 0 0 0 8 73 75 0 2 0 0 0 0 0 0 0 0 0 0 0 0 0 0 0 0 0 0 16 0 0 0 0 0 3 0 0 0 0 
 2 34 84 151 0 79 0 0 75 150 1 74 0 0 0 0 0 78 0 0 119 35 72 144 67 25 243 387 208 43 44 35 0 171 134 32 109 34 223 126 1 0 0 0 0 5 3 0 1 0 0 0 0 0 0 1 2 3 2 0 2 0 2 0 30 3 0 0 0 0 0 0 0 23 0 0 2 2 0 0 0 0 10 0 56 0 0 0 1 0 19 1 0 0 1 0 0 0 0 0 11 9 12 22 2 0 9 9 2 0 2 0 4 12 19 1 13 0 17 29 0 0 0 0 0 0 0 0 0 0 0 0 11 0 0 1 0 0 0 0 0 7 0 0 0 0 0 0 0 1 2 0 0 2 0 0 0 0 5 0 0 0 0 13 21 0 1 0 0 0 3 0 0 0 0 17 0 10 0 0 0 0 28 0 15 17 9 0 10 10 0 13 25 8 28 0 31 20 12 20 29 0 1 0 0 0 0 0 0 0 0 0 0 0 0 0 0 0 11 0 0 0 0 0 0 0 0 0 0 0 0 0 0 0 0 0 0 0 0 0 0 0 0 0 0 0 0 0 34 0 0 0 0 0 4 0 0 1 0 27 4 2 0 0 0 0 2 0 0 0 0 0 0 0 0 0 0 0 0 0 0 0 0 0 0 0 0 0 0 0 
 0 0 3 35 1 24 0 0 74 0 117 1 0 0 0 0 1 76 1 0 127 87 337 162 164 55 29 178 84 81 42 78 171 0 142 67 62 59 391 176 0 0 0 0 0 0 3 0 0 0 0 0 1 0 0 10 2 3 1 1 4 0 2 0 48 4 0 0 0 0 0 0 0 0 0 0 2 14 0 0 0 19 0 0 12 18 0 0 0 1 8 28 0 0 0 0 1 15 0 0 32 16 27 0 0 0 12 38 39 8 0 5 1 0 32 35 7 25 25 12 0 0 0 0 0 0 0 0 0 0 0 0 0 0 0 0 0 0 0 20 0 0 0 3 0 0 0 0 0 0 0 0 0 0 1 0 0 5 0 0 0 0 0 0 9 33 0 0 0 9 0 0 0 0 0 1 0 0 0 0 15 29 20 15 28 1 35 12 54 1 25 0 9 11 1 0 0 12 0 0 0 0 0 0 0 0 0 1 0 0 0 0 0 2 2 0 0 0 12 0 0 0 0 0 44 0 0 0 0 0 0 0 0 0 0 0 0 0 0 0 0 0 0 0 0 0 0 0 0 1 0 0 0 0 0 0 0 154 0 0 1 0 20 0 0 0 0 0 0 0 0 0 0 0 0 0 1 0 0 0 0 0 0 0 0 0 0 0 0 0 
 2 0 0 0 111 149 0 0 1 0 0 0 0 0 0 0 206 0 0 0 96 165 259 54 83 79 295 235 114 349 139 109 134 142 0 146 137 43 115 187 0 6 2 0 0 1 64 0 0 0 0 0 0 0 0 10 2 3 5 0 0 0 9 0 0 3 6 0 4 8 10 6 0 4 0 0 2 0 5 0 0 0 0 0 0 44 0 0 0 0 12 34 0 0 0 0 0 0 0 0 0 39 16 0 10 0 35 0 49 15 20 0 11 24 10 16 42 41 37 0 0 0 0 0 0 0 0 0 0 13 0 0 0 14 2 0 0 0 0 1 0 0 0 0 0 0 0 0 0 0 0 0 0 0 0 8 0 0 1 0 0 0 0 0 18 40 0 0 0 0 0 1 0 3 0 0 0 0 0 0 3 39 22 14 0 0 26 18 28 28 18 1 10 28 4 0 25 83 0 0 0 0 0 0 3 0 0 0 0 0 0 0 0 0 0 0 0 0 11 0 0 0 0 0 0 2 0 0 0 0 0 0 0 0 0 0 0 0 1 0 0 0 15 0 0 1 0 0 0 0 0 1 0 0 4 0 0 7 0 0 4 1 13 0 0 0 9 0 0 0 0 0 0 0 0 0 0 0 0 0 0 0 0 0 0 0 15 0 0 0 
 2 0 0 0 0 0 0 0 3 0 0 2 0 3 0 2 0 0 0 0 129 167 383 400 93 230 39 158 200 175 183 43 32 67 146 0 158 161 26 109 0 0 0 0 0 1 21 0 8 0 204 0 0 0 0 2 2 3 67 27 27 0 9 0 0 3 0 0 0 1 0 0 1 0 0 0 41 0 10 2 0 0 0 0 0 0 0 0 0 0 0 0 0 0 0 0 0 0 0 0 17 39 0 23 15 9 0 21 28 12 14 73 0 0 44 75 2 38 0 0 0 0 0 0 0 0 0 0 0 0 0 0 12 20 0 0 0 0 53 55 0 0 0 1 0 0 0 0 0 0 0 0 0 0 0 0 0 0 0 0 0 0 0 0 0 0 0 4 0 0 0 0 0 0 0 0 0 0 0 0 11 42 1 1 46 19 0 0 24 13 32 48 0 11 0 47 9 18 0 0 0 0 0 0 0 0 23 0 0 0 0 0 10 0 12 0 0 0 1 0 0 0 0 0 0 0 0 0 0 0 0 0 0 0 0 0 0 0 0 0 0 0 0 0 0 0 2 0 0 0 0 0 0 0 2 1 3 80 41 2 2 0 0 0 0 0 3 0 0 0 0 0 0 0 0 0 0 0 0 0 0 25 0 2 0 0 0 0 0 0 
 5 4 8 4 5 3 5 4 7 3 4 3 5 1 4 4 6 3 5 5 38 219 488 265 75 121 116 101 214 50 181 69 109 62 137 158 0 168 60 45 0 0 0 0 0 64 74 1 0 0 1 0 0 206 0 1 2 3 2 0 2 1 8 0 0 3 2 1 0 2 0 0 3 3 0 0 8 0 6 3 0 0 0 0 0 0 0 0 0 0 0 11 0 0 0 0 0 0 0 0 15 16 26 20 27 9 5 0 11 10 23 24 0 0 35 12 14 37 0 0 18 0 0 0 0 0 0 0 0 36 0 0 12 24 0 10 14 0 24 15 0 0 0 0 0 0 4 0 0 2 5 5 0 0 0 0 0 0 0 0 0 0 0 0 0 0 0 3 0 0 0 0 0 0 0 0 0 9 0 0 12 14 0 11 13 24 0 19 10 0 36 11 0 16 0 37 16 16 0 0 0 0 0 0 0 0 14 0 12 0 0 0 1 7 13 0 0 0 0 12 0 0 0 0 0 0 0 0 0 0 0 0 0 0 0 1 0 0 0 0 0 0 0 0 0 0 0 0 0 0 0 2 0 0 2 0 2 1 47 0 3 11 0 0 0 0 16 0 0 0 0 0 0 0 0 0 0 0 0 0 0 20 0 2 0 0 15 0 0 0 
 6 0 2 1 0 0 3 0 0 0 2 1 2 0 2 0 0 1 0 0 40 100 129 207 53 80 394 393 44 377 145 118 34 59 43 161 168 0 236 413 0 0 0 0 0 0 3 0 0 77 5 0 0 0 0 0 2 3 6 0 3 4 2 0 0 3 0 0 0 0 0 0 5 0 0 0 2 11 0 0 0 0 0 0 4 0 0 0 0 0 0 0 15 0 0 0 0 0 0 0 41 0 28 14 8 7 9 0 80 27 17 14 0 0 20 15 16 12 5 16 10 0 0 0 0 0 11 0 3 1 0 0 10 14 1 0 26 0 0 1 0 0 25 0 0 0 7 0 0 0 7 2 1 0 0 0 0 0 0 0 0 0 0 0 0 0 0 0 0 0 0 0 0 0 0 0 0 21 0 0 10 42 0 13 45 53 32 16 0 3 12 46 16 4 0 11 34 2 0 0 0 0 0 0 0 0 0 0 1 16 0 0 41 14 19 13 14 0 45 11 0 0 0 0 0 0 0 0 0 0 0 0 0 0 0 0 0 0 0 0 0 0 13 0 0 79 0 0 0 0 0 0 0 0 2 7 0 4 1 0 9 1 0 0 0 0 0 0 0 0 0 0 0 0 0 0 0 0 0 16 0 14 0 0 0 0 0 0 0 0 
 0 75 76 78 2 151 0 0 191 3 2 0 0 0 1 0 73 1 0 0 31 37 230 75 66 41 110 64 74 94 47 30 223 391 115 26 60 236 0 372 2 2 1 5 1 52 44 5 1 1 2 0 1 2 3 0 2 4 4 6 0 2 2 6 46 3 0 0 0 0 1 0 0 4 0 0 3 5 0 0 0 20 18 0 16 10 0 21 18 14 22 7 0 0 0 0 19 0 0 0 32 10 0 0 0 0 23 13 0 0 11 0 11 23 0 0 9 1 17 10 0 0 0 0 0 0 0 13 0 0 0 0 0 0 0 0 0 3 0 0 0 3 0 0 0 0 0 0 0 0 0 0 0 0 0 0 0 0 6 0 0 0 0 32 5 10 20 0 0 5 10 39 0 0 0 10 1 38 0 0 0 0 12 0 0 0 0 0 0 0 0 0 10 0 13 0 6 6 51 34 0 0 0 0 0 0 0 0 0 0 0 0 0 0 0 10 0 0 0 0 0 0 0 0 0 0 0 0 0 0 0 0 0 0 0 0 0 0 0 0 0 2 0 0 0 0 0 0 0 0 0 0 0 0 5 0 0 1 0 0 2 0 0 0 0 0 0 0 0 0 0 0 0 0 0 0 0 0 0 0 0 0 0 0 0 0 0 0 0 0 
 1 0 0 0 34 0 0 0 0 0 0 83 0 0 0 0 0 0 1 0 72 79 170 74 149 122 123 195 72 116 65 104 126 176 187 109 45 413 372 0 0 49 0 0 0 0 3 0 0 0 0 2 0 4 0 5 92 3 1 0 0 0 2 0 0 3 0 4 0 0 0 0 0 0 0 56 2 3 0 0 0 0 0 0 7 11 0 0 0 0 0 18 0 0 0 0 0 0 0 0 18 38 8 0 0 4 9 30 21 11 9 9 1 17 48 37 16 24 46 13 0 0 0 0 0 0 0 0 0 13 0 1 0 0 0 0 0 0 0 20 0 0 0 3 2 0 0 0 0 0 0 0 0 0 0 0 0 6 0 0 0 2 0 0 17 0 0 0 2 1 0 0 0 3 0 0 0 0 0 0 12 50 8 12 3 0 31 21 34 0 21 1 0 29 14 0 41 11 0 0 0 0 0 0 0 0 0 0 1 0 0 0 0 0 0 0 0 0 25 0 0 0 0 0 0 0 0 12 4 0 0 0 0 0 0 0 0 0 7 0 0 0 14 0 0 2 0 0 0 1 0 0 0 0 1 0 2 150 2 0 4 3 13 0 0 2 0 0 0 0 0 0 0 0 0 0 0 0 0 0 0 0 0 0 0 0 0 0 0 0 
 0 0 0 0 0 0 0 0 0 0 2 0 2 0 0 0 0 0 0 0 0 0 0 0 0 69 0 0 0 0 0 0 1 0 0 0 0 0 2 0 0 343 97 109 26 42 382 143 364 146 53 45 186 195 177 45 53 163 261 48 0 0 1 0 0 0 0 2 1 0 16 0 0 0 0 0 1 0 0 0 0 0 0 0 0 5 0 0 0 0 0 0 0 0 0 0 0 0 0 0 0 0 0 0 8 12 0 0 0 0 0 0 0 0 0 0 0 0 0 0 17 0 14 29 57 3 13 22 7 20 29 0 0 8 4 2 0 15 0 0 0 0 0 0 0 0 11 0 11 0 0 0 1 0 0 1 0 0 7 0 3 0 0 0 0 0 0 0 0 0 0 0 0 0 0 0 0 0 22 5 0 0 0 0 0 0 0 0 0 0 0 0 12 0 0 0 0 0 0 0 1 24 12 17 2 3 16 38 2 10 27 7 12 11 21 0 14 5 0 9 0 0 0 10 0 0 0 0 0 0 0 0 8 5 6 19 0 0 5 2 0 0 0 0 0 0 0 0 0 0 0 12 0 0 0 0 0 0 0 0 0 0 2 65 69 3 0 2 0 0 18 0 0 0 0 0 0 0 0 0 0 0 0 0 0 0 0 0 0 0 
 0 0 4 1 0 1 2 1 3 2 2 0 2 0 0 0 2 2 0 1 0 0 3 0 0 0 0 0 0 211 0 2 0 0 6 0 0 0 2 49 343 0 501 146 107 26 173 97 92 140 116 89 339 141 134 135 52 130 131 53 0 0 0 0 1 0 53 0 1 0 5 0 20 0 0 0 0 0 50 0 0 0 0 0 0 0 0 0 0 0 0 0 0 0 0 0 0 0 0 0 0 0 0 0 0 0 0 0 0 0 0 0 0 0 0 0 0 0 0 0 5 28 19 28 13 1 5 0 16 18 26 20 0 2 0 5 0 0 0 0 7 0 4 0 9 0 20 0 0 0 0 0 0 12 0 0 0 0 20 11 0 5 0 0 0 0 0 0 0 0 0 0 0 0 0 2 0 0 0 0 0 0 3 0 7 0 0 0 0 0 0 0 0 0 0 0 0 9 0 0 0 23 18 41 0 0 3 22 11 11 25 27 0 0 8 8 21 66 0 42 11 0 0 0 0 0 0 12 0 0 0 0 0 0 10 0 0 0 0 0 0 0 0 0 0 0 0 0 0 0 0 19 0 2 0 0 0 0 7 2 0 0 13 0 70 1 0 1 2 0 0 0 0 0 0 0 0 0 0 0 0 0 0 0 0 0 0 0 0 0 
 0 0 0 0 1 0 0 0 0 0 0 0 0 0 0 0 0 0 0 0 0 0 0 0 0 0 0 0 0 0 0 0 0 0 2 0 0 0 1 0 97 501 0 196 114 31 88 128 102 664 55 78 231 134 259 123 109 165 99 200 10 9 12 14 3 0 23 2 1 9 13 0 53 60 0 0 0 0 68 57 0 0 0 0 0 0 0 0 0 0 0 0 0 0 0 0 0 0 0 0 0 0 0 0 0 0 0 0 0 0 0 0 0 0 0 0 0 0 0 0 0 1 0 3 31 0 0 2 33 37 10 0 0 0 0 0 0 0 0 0 17 11 9 14 0 1 21 0 0 9 24 1 13 17 0 0 3 5 23 31 0 8 0 0 0 9 0 0 0 0 0 0 0 0 0 0 0 0 0 0 0 0 0 0 0 0 42 0 0 0 0 0 0 0 0 3 0 0 0 0 0 13 10 13 18 4 0 11 4 10 19 39 0 4 10 21 45 21 0 0 33 4 11 12 8 0 0 0 1 0 22 0 0 8 18 0 30 0 4 0 0 0 0 0 0 0 0 0 0 0 0 12 0 0 0 0 0 0 0 20 0 0 65 0 0 37 0 5 0 0 3 0 0 0 0 0 0 0 0 0 0 2 0 0 0 9 0 0 0 0 
 0 0 2 0 0 0 0 0 0 0 0 0 3 58 0 0 0 29 0 0 3 0 0 0 0 8 0 0 0 0 0 0 0 0 0 0 0 0 5 0 109 146 196 0 159 157 118 89 158 492 143 63 488 93 150 174 331 35 94 127 0 0 0 0 4 0 51 0 0 0 0 0 0 0 0 0 0 0 0 0 0 0 0 0 0 0 0 0 0 0 0 0 0 0 0 0 0 0 0 2 0 0 0 0 0 0 0 0 0 0 0 0 0 0 0 0 0 0 0 0 0 14 19 21 19 0 13 43 12 0 0 57 0 0 2 0 0 6 0 0 0 0 31 0 0 0 8 0 0 0 0 0 0 0 0 0 0 0 0 0 2 0 0 0 0 0 0 0 0 0 0 0 0 0 0 10 0 0 9 0 0 0 0 0 0 0 0 0 0 0 0 0 0 0 0 0 0 0 0 0 3 9 0 15 27 12 0 0 22 0 15 64 0 0 0 12 1 58 0 1 0 0 0 0 0 0 0 11 0 0 0 19 0 7 0 0 0 0 0 0 0 0 10 0 0 0 0 0 0 0 0 9 0 0 0 0 0 0 0 2 0 0 86 0 0 0 6 68 0 0 0 0 0 0 0 0 0 0 0 0 0 4 0 0 0 10 0 0 1 0 
 2 0 0 0 0 0 0 0 0 0 0 2 0 2 0 0 0 0 0 0 0 0 0 0 0 3 0 0 62 0 0 0 0 0 0 0 0 0 1 0 26 107 114 159 0 359 65 337 86 97 256 63 72 62 119 69 111 119 273 70 52 1 46 210 4 0 0 0 2 19 0 0 104 31 24 0 8 0 45 0 0 12 0 0 0 0 0 0 0 0 0 0 0 0 0 0 0 0 0 0 0 0 1 0 0 0 0 0 0 0 2 0 0 0 0 0 0 0 0 0 0 11 0 0 0 0 0 0 4 11 9 11 0 0 1 0 15 13 0 0 18 0 0 0 2 14 0 1 0 0 0 10 12 25 8 0 18 0 8 11 1 0 0 0 0 0 0 0 0 0 0 0 0 0 0 0 0 0 0 0 0 0 0 0 0 0 0 0 0 0 0 0 0 0 0 0 0 0 0 0 0 7 0 0 17 1 0 0 6 10 12 6 0 0 0 9 1 16 0 0 29 1 4 1 0 6 15 5 4 0 6 0 32 29 30 23 0 7 24 10 11 0 0 0 0 0 0 0 0 0 0 4 0 0 0 0 0 0 0 1 0 0 3 0 1 0 3 0 0 3 1 0 0 0 0 0 0 0 0 0 0 0 0 0 0 0 0 2 0 0 
 0 1 1 0 0 2 1 0 0 0 0 0 0 0 0 0 0 0 0 62 0 1 0 208 0 3 0 0 0 0 0 0 5 0 1 1 64 0 52 0 42 26 31 157 359 0 34 41 53 87 117 150 32 63 68 279 64 60 459 61 0 51 0 0 1 4 21 0 1 0 3 0 47 100 49 52 0 0 51 53 0 9 12 0 8 0 0 20 13 0 1 0 0 4 0 0 0 0 0 13 7 0 0 0 0 0 8 0 0 0 0 0 3 0 0 0 0 0 0 5 0 0 0 0 9 15 0 0 0 0 0 0 0 0 0 2 9 0 0 0 21 14 0 0 0 0 8 16 0 0 0 0 19 1 44 22 0 0 3 7 0 0 0 0 0 0 0 0 0 0 2 37 0 0 0 5 10 16 0 0 0 0 0 0 0 0 0 0 0 0 0 0 3 0 0 0 0 0 30 8 0 0 19 3 0 26 0 0 0 1 10 38 0 0 0 10 8 0 0 0 2 2 18 0 0 0 32 0 0 0 0 0 0 29 9 0 0 33 20 0 23 20 0 0 0 0 0 0 0 0 0 2 0 0 0 0 0 0 0 11 0 27 7 4 1 18 0 0 0 0 13 0 0 0 0 0 0 0 0 0 0 0 0 0 0 0 0 0 2 0 
 0 0 3 0 3 0 1 0 0 3 0 0 0 0 0 0 0 0 0 0 3 67 3 4 3 69 3 3 3 3 71 3 3 3 64 21 74 3 44 3 382 173 88 118 65 34 0 408 255 286 32 44 170 84 486 34 98 281 174 155 0 0 13 0 2 0 0 0 2 1 0 2 1 0 0 0 0 0 14 0 0 0 0 0 0 14 0 0 0 0 0 0 0 0 0 0 0 0 0 0 0 48 0 0 20 43 0 0 14 10 0 0 0 0 0 0 0 0 0 6 0 0 11 6 10 0 8 34 3 0 9 0 0 11 19 29 1 47 0 20 0 0 0 0 0 0 0 0 1 0 1 0 0 0 0 0 0 0 0 0 52 0 0 0 0 0 0 0 0 0 0 0 0 0 0 0 0 0 0 9 0 0 0 0 0 0 0 0 13 0 18 0 0 0 0 0 0 26 0 0 14 26 0 11 0 0 34 2 0 6 12 0 42 13 0 15 21 0 0 17 0 0 0 0 0 0 0 0 0 0 0 0 0 0 0 0 0 0 0 0 0 0 0 0 0 0 0 0 0 0 0 5 0 0 0 0 0 0 0 0 0 0 2 35 1 0 2 0 1 0 8 0 0 0 0 0 0 0 0 0 0 0 0 0 20 0 0 0 0 0 
 0 0 61 0 0 0 0 0 0 0 2 0 3 0 0 0 0 0 0 0 0 0 0 60 0 92 0 0 0 0 0 62 0 0 0 0 1 0 5 0 143 97 128 89 337 41 408 0 395 215 51 43 180 221 168 44 163 298 192 201 0 0 0 2 7 0 2 0 0 2 5 0 0 0 0 3 0 1 68 56 0 0 0 0 0 0 0 0 0 0 0 0 0 0 0 0 0 0 0 0 0 0 0 0 18 3 0 0 0 0 0 0 0 0 0 0 0 0 0 0 9 14 0 17 9 3 26 25 0 9 23 6 0 4 0 8 4 28 0 15 0 0 0 0 0 0 0 0 1 0 0 0 1 22 0 0 0 0 2 3 0 0 0 0 0 0 0 0 0 0 0 0 0 0 0 3 0 0 0 0 0 0 0 0 0 0 0 0 0 0 0 0 0 8 0 0 1 0 0 0 1 3 24 0 33 10 1 0 7 14 0 0 0 0 14 25 0 6 1 27 0 0 0 0 0 0 0 0 0 0 0 0 15 16 8 0 0 0 0 5 0 0 21 0 0 1 0 0 0 0 0 9 0 0 0 0 0 0 0 0 0 0 0 0 0 0 0 65 0 0 18 0 0 0 0 0 0 0 0 0 0 0 0 0 13 17 0 21 0 0 
 0 0 0 0 0 1 2 0 0 0 0 0 0 0 1 0 5 0 0 0 0 30 0 0 0 4 0 0 0 59 0 0 1 0 0 8 0 0 1 0 364 92 102 158 86 53 255 395 0 190 55 31 177 120 160 64 75 328 153 90 0 0 0 0 0 5 0 0 2 0 2 0 0 0 0 0 0 0 0 0 0 0 0 0 0 0 0 0 0 0 0 0 0 0 0 0 0 0 0 0 0 0 0 0 10 36 0 0 0 0 15 0 0 0 0 0 0 0 0 0 0 0 18 32 24 7 13 34 0 1 11 0 0 14 4 25 10 15 0 7 15 4 0 14 0 23 0 13 0 0 19 0 0 0 15 0 0 0 1 9 5 0 0 0 0 0 0 0 0 0 0 0 0 0 0 2 0 0 0 4 0 0 0 0 0 0 0 0 0 0 6 0 0 0 0 0 0 0 0 0 0 11 0 13 4 0 18 13 0 13 18 28 12 10 0 21 15 0 11 17 0 0 0 0 0 0 0 0 1 0 0 0 0 0 0 0 0 0 0 0 0 0 0 0 0 0 0 0 0 0 0 10 0 0 0 0 0 0 0 1 0 0 0 66 65 1 2 0 0 0 20 0 0 0 0 0 0 0 0 0 0 3 0 0 10 0 0 0 2 0 
 0 0 3 0 19 0 0 0 0 0 0 0 0 0 35 0 2 0 0 0 0 0 0 1 5 0 0 0 0 0 0 3 0 0 0 0 0 77 1 0 146 140 664 492 97 87 286 215 190 0 96 111 61 344 475 99 276 689 85 105 0 0 0 0 2 1 53 0 2 0 7 0 0 0 0 0 0 0 73 0 0 0 0 0 0 0 0 0 0 0 0 0 0 0 0 0 0 0 0 0 0 0 0 0 0 9 0 0 0 0 0 0 0 0 0 0 0 0 0 0 0 23 29 14 30 0 1 10 16 16 32 12 0 2 11 0 3 22 0 8 8 0 4 0 0 0 16 0 0 0 0 0 0 10 0 0 0 0 19 0 8 0 0 0 0 0 0 0 0 0 0 0 0 0 0 0 0 26 0 4 0 0 0 0 0 0 0 0 0 0 0 0 0 0 0 0 0 0 0 0 0 4 14 20 7 0 0 21 0 0 9 25 0 6 13 0 78 26 25 9 0 0 0 0 0 0 0 0 0 0 0 0 0 11 20 0 0 0 1 6 0 0 0 0 0 29 0 0 0 0 0 15 0 1 0 0 0 0 1 0 0 0 11 18 0 6 2 1 2 0 0 0 0 0 0 0 0 0 0 0 0 0 0 0 0 0 0 0 2 0 
 0 0 0 0 2 0 0 0 0 0 0 0 0 0 0 0 8 0 0 0 0 0 0 0 0 0 0 0 0 3 0 0 0 0 0 204 1 5 2 0 53 116 55 143 256 117 32 51 55 96 0 447 33 77 56 85 157 240 51 72 16 0 0 0 4 0 34 0 1 0 6 0 51 105 56 0 7 2 1 51 0 0 0 0 0 0 0 0 18 0 0 0 0 0 0 0 0 0 0 0 0 0 0 0 22 0 0 0 0 0 0 0 0 14 0 0 0 0 0 0 0 1 1 0 0 10 0 1 0 13 0 1 0 0 4 0 7 0 0 0 14 10 0 1 0 0 9 0 0 0 0 0 9 15 16 0 0 0 16 10 0 8 0 0 0 0 0 0 0 0 0 0 0 0 0 0 17 0 0 0 0 0 0 0 0 0 0 0 0 0 0 0 0 0 0 0 0 0 0 0 1 8 29 0 1 8 17 2 17 15 15 42 0 0 0 21 2 1 0 0 19 0 20 0 0 0 10 36 6 0 11 0 37 13 0 1 0 30 20 0 4 0 0 0 0 0 0 0 0 0 0 12 0 0 0 0 0 0 0 27 0 0 13 0 0 30 0 0 0 4 0 0 0 0 0 0 0 0 0 0 0 0 0 0 1 0 0 0 0 0 
 0 0 0 0 0 0 0 0 0 0 0 2 0 0 0 0 0 0 0 0 0 0 0 0 0 0 0 0 0 0 0 0 0 0 0 0 0 0 0 2 45 89 78 63 63 150 44 43 31 111 447 0 28 246 32 97 94 309 24 42 1 209 0 0 1 5 74 0 1 0 1 0 1 55 0 0 52 0 97 49 0 0 0 0 0 0 0 0 0 0 0 0 0 0 0 0 0 0 0 0 3 0 0 0 0 0 0 0 0 0 0 0 0 0 0 0 0 0 0 0 0 1 1 8 11 17 0 0 0 0 0 0 0 0 0 0 9 0 0 0 13 4 2 21 0 0 0 0 0 0 0 0 52 0 25 16 48 0 0 8 0 7 0 0 0 0 0 0 0 0 0 0 0 0 0 0 0 0 0 0 0 0 0 0 0 0 0 0 0 4 0 0 0 0 0 0 0 0 0 0 1 0 0 12 0 10 0 0 0 0 0 47 0 0 0 0 10 10 0 0 38 0 9 0 0 0 41 29 8 0 0 0 6 0 21 0 0 20 32 0 0 0 0 0 0 0 0 0 0 0 0 9 0 0 0 0 0 0 0 12 0 26 95 6 0 24 4 0 0 4 9 0 0 0 0 4 0 0 0 0 0 0 0 0 0 0 0 0 2 0 
 0 0 6 0 0 0 1 0 0 0 0 0 0 0 0 0 0 0 0 0 0 0 0 67 0 8 0 0 0 4 64 126 0 1 0 0 0 0 1 0 186 339 231 488 72 32 170 180 177 61 33 28 0 340 45 44 126 69 199 315 19 0 0 0 1 0 0 0 2 0 0 0 3 2 0 0 0 0 0 0 0 0 0 0 0 0 0 0 0 9 0 0 0 0 0 0 0 0 0 0 0 0 0 0 9 8 0 0 0 0 6 16 0 0 0 0 0 0 0 0 13 0 18 0 0 12 69 14 0 0 0 22 0 42 7 36 10 8 9 0 0 0 0 0 0 0 0 0 0 0 0 0 0 0 0 0 2 0 0 1 0 0 0 0 0 0 0 0 0 0 0 0 0 0 0 15 0 0 0 0 0 0 4 0 3 4 0 0 0 0 0 2 0 0 0 0 0 7 0 0 19 15 0 10 0 7 65 10 10 17 0 0 15 10 10 22 0 0 0 27 0 0 0 0 0 0 0 0 0 0 0 0 0 0 0 0 0 0 10 0 0 0 0 0 0 0 0 0 0 0 0 10 0 1 0 0 0 0 6 0 0 0 2 0 4 1 1 0 0 0 23 0 0 0 0 0 0 0 0 0 0 0 0 0 9 0 0 0 2 0 
 2 2 5 2 2 2 4 2 5 2 2 2 2 0 2 2 2 63 2 2 2 0 0 61 0 2 0 0 0 0 62 112 0 0 0 0 206 0 2 4 195 141 134 93 62 63 84 221 120 344 77 246 340 0 138 31 87 77 100 172 39 0 0 0 0 0 0 0 2 0 6 0 2 48 5 0 0 0 0 0 0 0 0 0 0 0 0 0 0 0 0 0 0 12 0 0 11 0 0 0 0 0 0 0 6 6 0 0 0 0 5 0 0 0 0 0 0 0 0 0 2 20 3 9 4 9 16 19 14 10 17 36 0 33 0 12 18 52 0 0 0 0 0 0 0 0 10 0 0 0 0 0 0 23 0 0 0 0 27 0 0 0 0 0 0 0 0 0 0 0 0 0 0 0 0 0 0 0 0 0 0 5 0 0 0 14 0 0 0 0 0 0 0 0 0 0 0 0 0 20 11 49 36 0 20 37 16 9 24 12 0 0 14 0 23 14 0 1 0 32 0 0 0 0 0 0 0 0 0 0 0 0 2 0 10 0 0 0 20 7 0 0 11 0 0 0 0 0 0 19 0 9 0 2 0 0 0 0 0 0 0 0 0 0 1 4 0 75 2 0 8 0 0 0 0 0 0 0 0 0 0 0 1 0 10 0 0 24 1 0 
 0 0 0 30 0 0 0 0 0 0 0 0 0 0 0 0 0 0 0 0 0 0 0 0 0 0 0 0 0 0 0 0 0 0 0 0 0 0 3 0 177 134 259 150 119 68 486 168 160 475 56 32 45 138 0 140 89 52 125 99 0 0 0 0 7 2 14 0 0 0 3 14 0 0 0 0 0 0 94 0 0 0 0 0 0 0 0 0 0 0 0 0 0 0 0 0 0 0 0 0 0 0 0 0 0 0 0 0 0 0 0 0 0 0 0 0 0 0 0 0 0 30 57 3 39 1 10 15 1 9 53 13 0 0 62 1 1 48 11 0 0 0 5 0 0 18 10 0 0 0 0 0 0 7 0 0 0 0 8 0 6 0 0 0 0 0 0 0 0 0 0 0 0 0 0 0 0 0 0 12 0 41 0 0 0 0 0 0 0 0 0 0 0 0 0 0 0 0 0 0 15 0 10 23 8 4 22 4 8 0 0 11 0 58 0 8 23 21 0 12 0 0 0 0 0 0 0 0 0 0 0 14 0 9 13 0 0 0 1 10 0 0 5 0 0 0 0 0 0 0 0 2 0 0 0 0 0 0 0 0 0 0 68 33 0 0 0 2 0 0 0 0 0 0 0 8 0 0 0 0 0 0 0 0 0 17 0 10 0 0 
 0 1 0 0 3 8 1 1 2 1 20 0 0 1 2 1 2 1 0 1 2 1 3 90 1 4 2 6 1 1 2 2 1 10 10 2 1 0 0 5 45 135 123 174 69 279 34 44 64 99 85 97 44 31 140 0 106 180 309 129 0 0 2 0 2 0 51 0 2 0 0 0 53 0 0 0 0 0 50 0 0 0 0 0 0 4 0 0 0 0 0 5 0 11 0 0 0 0 0 0 0 2 0 0 6 0 0 0 0 0 0 0 0 10 6 0 0 7 4 0 9 24 11 24 8 0 0 15 16 5 0 36 0 0 7 0 0 9 0 0 9 0 40 0 0 0 0 0 0 0 6 0 0 7 0 0 0 0 0 10 0 0 0 0 2 0 0 0 0 0 0 0 0 0 0 0 0 0 0 0 5 2 0 0 0 0 22 0 4 0 0 0 0 21 0 0 0 0 0 0 12 17 0 8 10 0 0 0 7 22 6 12 0 0 7 21 22 16 0 0 10 0 0 0 0 0 0 5 0 0 0 0 1 0 10 0 0 0 0 0 0 0 0 0 0 0 0 0 0 2 0 11 0 0 0 1 0 1 0 1 0 0 21 0 1 2 3 0 0 0 0 0 0 0 0 0 0 0 0 0 0 0 0 0 10 9 0 0 0 0 
 0 0 0 0 0 0 0 0 0 0 0 0 0 0 1 0 0 0 0 0 2 2 2 2 2 2 2 2 2 2 2 2 2 2 2 2 2 2 2 92 53 52 109 331 111 64 98 163 75 276 157 94 126 87 89 106 0 376 34 449 1 0 0 0 20 0 0 0 8 49 0 206 20 0 2 3 7 0 0 0 0 0 0 0 0 0 0 0 0 0 0 0 4 0 0 0 0 0 0 0 0 0 0 0 0 11 0 0 0 0 0 0 0 0 0 0 0 0 0 0 0 10 17 18 0 13 13 0 21 10 13 15 0 0 34 16 0 41 29 0 7 0 0 0 7 0 10 0 17 0 0 0 0 21 2 0 0 0 15 20 0 4 0 0 0 0 0 0 0 0 0 0 0 0 0 0 0 0 0 0 0 0 0 0 0 0 0 0 0 0 0 0 0 0 0 11 0 0 0 0 20 29 10 29 8 0 2 19 15 15 9 2 0 16 0 40 0 30 0 52 11 19 5 0 0 0 1 51 0 3 0 3 20 0 0 1 0 9 2 12 0 0 0 0 0 0 0 0 0 31 0 3 0 1 0 0 0 0 2 1 0 0 1 0 63 1 3 0 0 0 0 0 0 0 0 0 0 0 0 0 0 0 0 0 9 18 0 0 2 0 
 0 0 0 0 0 0 0 0 0 0 0 2 0 0 0 0 0 0 0 0 3 3 3 3 3 3 3 3 3 3 3 3 3 3 3 3 3 3 4 3 163 130 165 35 119 60 281 298 328 689 240 309 69 77 52 180 376 0 87 52 0 0 0 0 1 3 0 0 2 0 0 0 85 0 7 0 0 13 0 0 0 0 0 0 0 0 0 0 0 0 0 15 0 0 0 0 0 0 0 0 13 0 0 0 8 8 0 0 0 0 0 0 0 0 0 0 0 0 0 0 0 29 5 0 0 6 18 14 19 16 1 32 0 31 5 20 31 11 0 0 24 0 0 0 0 0 9 14 0 0 1 0 9 7 11 0 0 0 14 11 0 17 0 0 0 0 0 0 0 0 0 0 0 0 0 0 0 0 0 0 0 0 0 0 0 0 0 0 0 0 0 0 0 0 16 0 0 0 0 0 0 57 9 14 23 13 20 7 27 30 1 4 9 0 0 44 4 22 0 1 12 0 1 0 0 0 6 32 9 0 0 0 0 0 0 0 0 0 30 0 0 0 0 0 0 0 0 0 0 0 0 7 0 0 0 0 0 0 0 13 0 0 5 0 33 1 5 0 1 0 23 0 0 0 0 0 0 0 0 0 0 0 1 0 9 14 0 0 0 0 
 0 0 3 0 0 0 0 0 0 0 0 0 0 0 0 2 0 0 5 0 3 2 0 1 1 110 1 1 0 7 0 65 2 1 5 67 2 6 4 1 261 131 99 94 273 459 174 192 153 85 51 24 199 100 125 309 34 87 0 121 0 0 4 201 2 0 3 0 3 2 1 3 0 3 0 2 7 14 17 0 0 0 0 0 0 0 0 0 0 0 0 0 0 0 0 0 0 0 0 0 0 0 0 2 17 1 0 0 0 0 0 72 0 0 0 0 0 0 0 0 61 0 9 18 0 0 5 6 0 20 1 0 0 2 0 47 18 0 0 54 0 0 0 0 0 0 0 0 6 0 3 0 5 0 0 0 0 0 0 0 0 0 0 0 0 0 0 0 0 0 12 0 0 0 0 10 0 0 0 0 0 0 3 0 0 0 0 0 0 0 0 0 0 0 0 0 0 28 0 0 0 0 37 14 0 0 23 6 14 0 11 0 12 0 0 0 0 0 0 11 0 0 0 20 0 0 0 0 0 0 0 0 0 0 0 0 0 0 0 0 0 0 0 0 0 0 0 0 0 0 0 7 0 0 62 0 0 0 4 0 0 18 2 1 65 24 14 0 0 0 0 0 0 0 0 0 0 0 0 0 0 0 0 0 2 13 0 0 0 0 
 0 0 0 0 0 0 0 0 0 0 2 0 0 0 0 0 0 0 0 0 0 0 0 1 83 61 0 2 86 0 61 1 0 1 0 27 0 0 6 0 48 53 200 127 70 61 155 201 90 105 72 42 315 172 99 129 449 52 121 0 0 0 0 0 2 0 0 0 0 0 3 0 5 0 0 0 57 0 0 1 0 0 0 0 0 0 0 0 0 0 0 0 0 0 0 0 0 0 0 0 0 0 1 10 5 8 0 0 0 0 0 0 0 0 0 19 23 35 0 0 19 0 27 16 0 0 27 24 24 23 14 3 15 11 11 1 5 22 0 14 0 0 0 0 0 0 0 0 5 0 14 0 5 0 0 0 0 0 0 0 0 0 0 0 0 0 0 0 0 0 0 0 0 0 0 0 0 0 0 0 0 0 0 1 19 0 0 0 0 0 26 7 0 0 0 0 10 0 0 0 38 4 15 2 5 23 20 14 16 0 10 0 0 0 14 0 1 20 33 28 0 0 0 18 16 0 0 0 0 0 0 0 0 3 0 0 0 0 0 0 0 0 13 0 0 0 0 0 10 0 0 10 0 1 0 0 0 0 1 0 0 18 0 0 1 4 3 6 0 0 0 0 0 6 0 0 0 0 0 0 0 1 3 0 11 0 0 0 2 0 
 0 0 0 0 0 0 0 47 0 0 0 0 0 0 0 0 0 0 0 0 1 0 3 1 2 3 2 3 3 1 3 2 2 4 0 27 2 3 0 0 0 0 10 0 52 0 0 0 0 0 16 1 19 39 0 0 1 0 0 0 0 98 204 68 24 91 101 109 314 39 96 27 111 250 206 35 55 117 241 368 0 0 0 0 0 0 0 0 0 0 0 0 0 0 0 0 0 0 0 0 0 0 0 0 0 19 0 0 0 0 0 0 0 0 0 0 0 0 0 0 0 0 0 0 0 0 0 0 0 0 0 0 0 0 0 0 0 0 0 16 9 0 30 1 20 0 0 13 0 15 26 46 0 0 11 1 6 19 0 17 0 0 0 0 0 0 0 0 0 0 0 0 0 0 0 0 0 0 0 0 0 0 0 0 0 0 0 0 0 0 0 0 0 0 0 0 0 0 0 0 0 0 0 0 0 0 0 0 0 0 10 0 0 0 0 0 2 0 0 0 2 1 16 45 2 30 18 1 9 24 0 0 11 7 11 5 11 7 0 0 0 0 0 0 0 0 0 0 0 0 0 0 0 0 3 0 0 0 0 0 0 0 0 0 0 0 0 0 0 0 1 0 0 0 0 0 0 0 0 0 0 0 0 0 0 0 0 0 0 0 
