 0 164 153 234 57 242 471 49 49 200 103 35 122 131 362 246 174 24 306 37 0 0 0 0 0 0 4 0 1 4 2 0 2 3 0 1 0 0 0 0 0 0 0 39 0 3 1 0 0 0 0 3 2 0 2 0 0 2 0 0 0 0 28 2 0 0 0 0 0 0 0 50 0 0 0 31 0 0 0 0 21 59 30 0 29 0 12 13 4 1 0 11 0 0 18 6 30 1 11 11 0 0 11 0 0 0 0 0 0 0 0 0 49 0 0 0 0 0 22 0 0 0 0 0 0 0 0 0 0 2 0 0 0 0 0 0 0 0 0 0 0 0 0 0 0 0 0 0 6 0 0 0 0 0 0 0 0 0 5 0 23 0 32 31 7 12 11 22 19 13 0 3 0 1 20 43 28 0 0 0 0 0 0 0 0 0 0 0 0 0 0 0 0 0 0 0 0 0 0 0 0 0 0 0 0 0 0 0 0 0 0 0 0 0 0 0 0 0 0 0 0 0 0 0 0 0 0 0 0 0 0 0 0 0 0 0 0 0 0 0 0 0 0 0 0 0 4 1 87 139 0 6 0 0 0 0 0 0 0 0 0 0 0 0 0 0 0 0 62 0 0 0 0 0 0 0 14 0 0 0 0 0 0 0 0 0 0 0 0 0 
 164 0 621 280 144 120 370 320 157 90 69 15 64 423 499 429 125 36 141 118 0 0 2 0 0 0 2 77 0 3 1 75 4 5 1 1 0 0 0 74 67 0 0 0 0 3 2 0 0 0 0 3 3 0 5 0 0 2 0 0 0 0 3 2 4 0 0 0 0 0 0 0 0 0 0 0 5 0 0 0 13 28 12 18 0 16 0 18 24 0 18 0 8 10 17 83 16 12 1 13 0 0 0 0 0 16 0 0 2 0 0 0 7 0 8 0 0 0 0 0 0 0 0 0 0 0 0 0 0 0 0 0 0 0 0 0 0 0 0 0 0 0 3 2 0 0 0 0 0 0 0 2 0 0 0 0 0 0 0 0 10 0 32 21 0 0 56 48 10 2 30 0 21 49 37 4 0 31 0 34 0 0 0 0 0 0 0 0 0 0 0 0 13 0 1 0 0 0 0 7 2 22 0 0 0 0 0 0 2 0 0 0 0 2 0 0 0 0 0 0 0 0 0 0 0 0 0 0 0 0 0 0 0 0 0 0 24 0 0 0 0 0 27 0 0 0 0 2 0 2 11 11 30 0 0 0 0 0 0 0 0 0 0 0 0 0 0 0 0 0 0 0 0 0 0 11 0 28 0 0 0 0 0 0 0 0 0 0 0 0 
 153 621 0 162 260 46 289 115 638 643 49 121 193 221 89 75 333 83 103 241 0 0 0 60 0 0 2 2 1 5 0 0 4 5 0 2 0 3 1 0 0 0 0 63 0 3 1 0 0 0 0 24 2 0 3 0 0 4 0 0 0 0 6 2 0 0 0 0 0 0 0 0 0 0 0 0 0 5 0 0 22 35 9 10 7 20 10 21 20 39 18 8 0 1 0 2 29 0 12 0 0 0 0 0 0 0 1 0 0 0 0 0 18 0 0 0 2 0 0 19 0 0 8 0 2 2 0 0 0 0 0 0 0 0 0 0 0 0 0 0 0 0 6 5 0 0 0 0 0 0 0 0 0 0 0 0 1 0 0 0 10 1 21 37 8 14 15 28 6 33 46 1 0 0 14 26 31 18 0 3 1 0 0 0 0 0 1 0 0 0 0 0 10 0 0 0 0 0 0 1 0 0 0 0 0 0 0 0 0 0 0 0 0 0 0 0 0 0 0 0 0 2 0 0 0 0 1 0 0 0 0 0 0 0 0 0 0 0 0 0 0 0 0 0 0 0 2 0 1 91 0 0 0 0 1 0 0 0 0 0 1 0 22 0 0 0 0 0 0 0 0 0 0 0 0 19 8 9 0 0 0 0 0 0 0 0 0 0 0 0 
 234 280 162 0 259 36 79 192 183 399 224 160 87 190 84 132 227 82 108 64 25 0 0 2 2 14 3 2 2 77 2 2 5 3 2 4 0 14 75 0 0 0 0 0 0 3 1 4 0 0 6 3 2 0 20 0 0 3 0 0 2 0 4 2 4 24 0 0 0 0 0 0 0 0 0 0 4 0 6 0 9 12 21 3 29 0 15 6 37 0 14 26 0 0 0 0 9 18 0 0 0 1 0 0 0 0 0 9 0 2 0 1 0 0 0 0 1 0 11 0 0 0 0 0 0 0 0 0 0 0 1 0 0 0 2 0 0 0 0 0 0 0 0 0 0 0 0 0 5 0 0 0 1 0 0 2 0 0 0 0 13 0 11 24 13 1 11 14 0 18 0 1 0 0 9 28 15 1 0 0 0 0 0 0 0 2 6 29 20 0 0 0 8 0 1 0 18 1 0 9 0 0 0 0 0 0 0 0 0 0 0 0 3 0 0 1 0 0 1 16 0 0 0 0 0 0 0 0 0 0 0 0 0 0 0 0 0 0 0 0 0 0 0 0 0 0 93 0 8 91 0 5 1 0 0 0 0 0 0 0 0 0 0 0 0 0 0 1 0 2 0 0 0 0 0 0 9 0 0 0 0 0 0 0 0 0 0 0 0 0 
 57 144 260 259 0 381 37 110 61 393 192 141 85 90 183 164 137 127 66 46 77 0 0 0 0 0 2 0 0 3 0 0 80 5 0 2 0 1 136 162 0 0 16 1 0 3 8 0 0 0 1 26 2 5 0 0 0 3 0 33 0 0 3 2 18 0 16 0 0 1 0 0 0 0 0 0 2 0 0 0 0 52 20 58 16 25 0 0 21 0 32 3 0 0 0 0 10 52 0 0 14 10 21 0 0 0 12 6 0 0 0 0 105 3 26 1 0 0 47 18 0 11 0 0 0 0 0 0 0 0 0 0 0 0 0 0 1 0 0 0 0 0 0 0 0 0 0 13 13 0 0 0 0 0 16 0 0 0 0 0 13 0 0 0 3 30 0 1 0 17 11 20 0 0 0 11 13 10 0 0 5 21 0 0 0 0 54 0 19 14 0 0 15 16 16 26 73 10 23 38 0 0 0 0 0 0 0 0 0 0 0 0 0 0 0 0 0 0 0 2 0 0 0 0 0 0 0 0 0 0 2 0 0 0 0 0 14 0 0 0 0 0 0 0 0 0 8 1 3 0 2 13 0 0 0 0 0 0 0 0 0 0 0 0 0 11 1 0 0 0 0 0 0 22 0 0 0 5 0 1 0 0 0 0 0 0 0 0 0 0 
 242 120 46 36 381 0 20 26 29 158 251 239 463 47 270 83 133 248 56 27 0 0 0 0 0 0 96 77 0 77 0 0 98 86 122 1 0 1 76 44 0 0 0 0 0 3 1 0 0 1 1 3 2 0 0 0 0 2 0 0 0 0 3 2 12 0 6 0 0 1 0 0 0 0 0 0 4 0 0 0 2 14 1 33 20 42 0 14 15 0 13 2 0 0 0 1 0 12 0 0 0 5 10 14 0 0 29 23 0 21 0 0 22 58 13 22 0 0 2 47 0 0 0 0 0 0 0 0 0 0 0 0 1 0 0 2 0 0 0 0 0 3 0 0 0 0 0 0 0 0 0 0 0 0 0 0 0 0 1 0 0 0 0 15 1 20 0 1 0 40 23 30 0 0 1 0 10 10 0 0 26 15 0 0 0 0 36 0 0 2 0 8 27 33 33 0 10 0 1 39 0 0 0 0 0 0 0 0 0 0 0 0 0 0 0 0 0 0 0 2 0 0 0 0 0 0 0 10 0 0 0 10 0 0 0 0 0 2 0 0 0 0 0 0 0 0 46 0 1 0 0 4 0 0 0 0 0 0 0 0 12 0 0 0 0 0 0 0 0 0 0 0 0 0 0 0 0 0 0 0 0 0 0 0 0 0 0 0 0 0 
 471 370 289 79 37 20 0 286 176 46 115 37 342 172 50 41 196 124 87 56 2 0 0 0 0 91 3 0 3 3 0 0 2 3 0 0 0 75 0 2 0 0 0 0 0 3 1 0 0 0 0 3 3 0 2 0 0 5 0 0 0 0 4 2 0 54 0 0 0 39 0 0 0 0 0 0 0 0 6 0 14 17 14 36 0 0 35 11 17 9 0 9 19 31 15 24 32 11 19 10 0 0 0 0 0 0 0 0 0 0 0 0 0 0 0 0 0 1 0 0 0 0 0 0 0 0 0 0 0 0 0 0 0 0 0 0 0 0 0 0 0 0 6 3 0 0 0 0 1 0 0 0 0 0 0 0 0 0 0 0 6 9 48 70 0 23 12 33 61 5 25 0 9 3 18 0 0 14 1 67 0 0 0 0 0 0 0 0 0 0 0 0 0 0 0 0 0 0 0 0 0 0 0 0 5 0 0 0 0 0 0 0 0 0 0 0 0 0 0 1 0 0 0 0 0 0 0 0 0 0 0 0 0 0 0 0 0 0 0 0 0 0 0 0 0 0 3 2 3 89 9 16 0 0 0 0 0 0 0 0 0 0 0 0 0 0 0 0 0 0 0 0 0 0 0 1 20 38 0 0 0 0 0 0 0 0 0 0 0 0 
 49 320 115 192 110 26 286 0 89 37 176 121 222 138 471 220 38 25 160 103 0 0 0 2 23 3 2 2 1 3 4 2 16 3 1 4 0 0 0 0 0 5 0 0 0 3 0 0 5 0 61 3 2 3 0 5 3 2 67 1 0 0 3 2 11 0 6 0 0 0 4 0 0 0 0 0 8 0 0 0 2 35 28 1 15 35 0 28 64 7 0 8 10 0 0 31 29 12 16 5 0 0 0 2 0 0 0 0 0 0 0 0 26 0 2 0 0 0 21 0 0 0 0 0 0 0 30 0 0 0 0 0 0 0 0 0 0 0 0 0 0 0 0 0 0 0 9 0 6 0 0 0 0 0 0 0 0 0 0 1 23 0 0 0 14 13 15 9 0 16 11 14 1 17 10 9 25 9 0 0 0 0 0 0 0 0 0 0 0 0 0 0 37 1 0 0 0 0 1 7 0 0 0 0 0 0 0 0 0 0 0 0 0 0 0 0 0 0 0 0 1 0 0 0 0 0 0 2 0 0 0 2 0 0 0 0 0 0 0 0 0 18 0 0 0 0 5 2 4 1 0 7 45 0 0 0 0 0 0 0 0 0 0 0 0 0 0 0 0 0 0 0 0 0 0 0 0 0 0 0 0 0 0 0 0 0 0 0 0 0 
 49 157 638 183 61 29 176 89 0 484 48 159 71 185 196 145 131 148 60 60 0 0 0 2 0 0 2 0 1 3 1 0 2 4 0 1 0 0 0 0 0 0 0 0 0 3 1 0 0 63 63 5 2 0 0 0 0 10 4 0 3 0 6 2 0 0 0 0 0 0 0 0 0 0 0 0 0 0 4 0 23 0 31 11 7 0 19 24 20 8 23 26 0 6 0 37 0 1 0 1 15 0 0 0 0 0 0 0 0 0 0 0 44 0 0 0 0 0 21 41 0 0 0 0 0 0 0 0 0 2 0 0 0 0 0 0 0 0 0 2 0 0 0 0 0 0 0 0 0 0 0 0 0 0 0 0 0 0 0 0 37 1 7 42 14 29 10 15 2 13 23 1 0 0 13 11 68 8 0 19 0 0 0 0 0 0 1 0 0 0 0 0 17 0 0 0 0 0 28 0 0 13 10 0 0 0 0 0 0 0 0 0 0 0 0 0 1 0 0 0 0 0 0 0 0 0 0 0 0 0 0 0 0 0 0 0 0 0 0 0 0 13 0 0 0 0 1 0 87 89 0 4 0 0 0 0 0 0 0 0 0 0 9 0 0 0 0 0 0 0 0 13 0 0 0 10 29 2 0 0 0 0 0 0 0 0 0 0 0 0 
 200 90 643 399 393 158 46 37 484 0 200 32 123 190 198 90 170 345 80 109 0 2 0 0 1 1 150 0 2 4 0 0 3 3 0 2 0 0 0 34 0 0 2 0 0 3 0 0 0 0 2 3 2 63 0 0 0 2 0 0 0 0 7 2 0 0 0 0 0 0 0 0 0 0 0 0 0 0 0 0 16 34 19 25 19 35 14 5 1 43 0 41 0 34 0 20 0 21 0 11 0 9 0 0 17 0 6 23 0 0 0 0 12 9 0 0 0 0 0 18 0 0 0 0 0 0 0 2 0 0 0 0 0 0 0 1 0 0 0 0 0 0 31 5 0 0 0 0 1 0 0 0 0 0 11 0 0 0 0 0 25 0 0 23 0 14 32 14 1 4 71 16 0 0 1 31 10 38 0 11 7 0 0 2 1 0 43 0 0 22 13 0 0 1 0 0 0 0 0 7 0 0 0 0 0 0 0 0 0 0 0 0 0 0 0 0 0 0 0 0 0 0 0 0 0 0 0 0 0 0 0 0 0 0 1 1 0 0 0 0 0 2 0 0 0 0 89 0 2 108 0 7 0 0 0 0 0 0 0 0 0 0 0 0 0 66 0 0 0 0 0 0 0 0 0 1 25 13 0 0 0 0 0 0 0 0 0 0 0 0 
 103 69 49 224 192 251 115 176 48 200 0 48 148 32 171 278 79 53 72 65 0 0 0 0 0 0 79 0 0 3 0 1 2 4 0 1 0 0 0 74 0 0 1 0 67 5 0 0 0 0 2 3 2 61 0 0 0 2 0 0 0 0 3 2 55 0 0 0 0 0 0 0 0 0 0 0 6 0 0 0 0 46 17 11 1 20 12 0 28 14 19 1 17 0 0 14 21 18 0 2 0 7 0 0 0 0 9 15 0 0 0 0 18 0 10 0 0 0 13 19 0 0 0 0 0 0 0 0 0 0 0 0 0 0 0 0 0 0 0 0 0 0 0 0 0 0 0 0 3 0 0 0 0 0 0 0 0 0 0 0 6 0 15 22 0 9 0 18 4 32 35 15 0 0 7 9 17 19 0 0 0 0 0 0 0 0 10 0 0 23 0 0 17 0 8 0 0 0 0 16 0 0 2 0 2 0 0 0 0 0 0 0 0 0 0 0 0 0 0 0 0 0 0 0 0 0 0 11 0 0 0 0 0 0 0 0 0 0 0 0 0 0 0 0 0 1 132 0 85 3 0 5 19 0 0 0 0 0 0 0 0 0 0 0 0 0 0 0 0 0 0 0 0 0 0 0 25 0 0 0 0 0 0 0 0 0 0 0 0 0 
 35 15 121 160 141 239 37 121 159 32 48 0 27 42 44 21 144 187 31 40 1 0 0 0 0 0 160 75 0 3 0 1 137 3 73 0 0 0 111 1 0 0 0 0 0 3 0 0 0 0 1 3 66 0 0 0 0 2 0 62 0 0 3 2 0 0 0 0 0 3 0 0 0 0 0 0 0 0 0 0 0 0 0 1 19 22 12 20 3 0 17 1 0 0 0 0 1 9 0 0 12 20 8 0 0 0 17 54 10 0 0 0 14 0 1 10 41 0 14 58 0 0 0 0 2 2 0 0 0 0 0 0 0 0 0 0 33 0 0 0 0 2 0 0 0 0 0 0 0 0 0 0 0 0 0 0 0 0 6 0 2 0 0 0 75 0 0 0 18 41 16 42 0 0 11 18 21 42 0 2 13 0 0 0 0 0 13 10 4 0 0 0 30 0 0 0 17 10 30 11 0 0 0 0 0 0 20 0 0 0 0 0 0 9 0 0 0 0 0 0 16 2 0 0 0 0 0 0 0 0 0 0 0 0 0 0 0 0 0 0 0 0 0 0 0 2 87 2 86 4 0 11 0 4 0 0 0 0 0 0 0 0 0 0 0 0 0 0 0 0 0 0 0 0 0 18 18 0 0 0 0 0 0 0 0 0 0 0 0 0 
 122 64 193 87 85 463 342 222 71 123 148 27 0 70 50 135 116 350 171 316 61 2 0 0 1 0 69 0 1 3 3 6 2 3 0 0 3 1 0 0 0 0 0 0 0 3 1 0 0 0 3 3 3 0 2 0 0 2 0 0 0 0 3 2 0 1 0 0 0 1 0 0 0 0 0 0 0 0 0 0 12 10 1 0 0 0 36 0 2 26 20 2 25 22 17 0 20 0 9 27 0 0 0 0 0 0 0 0 0 0 0 0 0 2 0 0 0 0 0 0 0 21 0 0 0 0 10 0 0 0 0 0 0 0 0 0 1 0 0 0 0 0 0 5 0 10 0 0 0 0 0 0 0 1 0 0 0 0 0 0 22 19 6 0 0 0 13 0 1 11 0 0 0 3 14 0 0 0 37 13 0 0 0 0 0 0 0 0 0 2 0 0 0 0 0 2 0 0 0 0 0 0 0 0 0 0 0 0 0 0 0 0 0 0 0 0 0 0 0 2 0 0 0 0 0 0 0 0 0 0 1 0 0 0 0 0 0 0 0 0 0 0 0 0 0 3 1 0 0 86 2 5 0 0 0 0 0 0 0 0 55 0 0 0 0 0 0 0 0 0 0 0 0 0 0 0 30 0 0 0 0 0 0 0 0 0 0 0 0 0 
 131 423 221 190 90 47 172 138 185 190 32 42 70 0 185 98 175 126 244 401 0 0 0 2 0 0 2 0 1 3 0 0 3 3 204 2 1 0 3 2 0 0 0 0 0 3 2 0 2 0 0 3 2 0 3 0 0 15 0 0 0 0 3 2 0 0 0 0 0 0 0 0 49 0 0 0 0 0 0 0 11 0 0 10 0 0 20 0 4 15 18 0 0 0 33 2 26 0 42 14 0 0 0 0 0 0 0 0 0 2 0 0 10 0 0 0 0 0 0 15 0 0 0 0 0 0 0 0 0 0 1 0 0 0 0 0 0 0 0 0 0 0 6 5 0 1 0 0 0 19 0 0 1 1 0 2 0 0 0 0 0 14 13 22 9 15 5 27 13 29 25 0 0 0 30 0 35 19 0 0 0 0 0 0 0 2 1 0 0 0 0 0 17 0 0 0 0 0 0 0 0 1 0 0 0 0 0 1 0 0 0 0 2 0 0 2 0 0 0 0 0 0 0 0 0 0 0 0 0 0 0 0 0 0 0 0 0 0 0 0 0 0 0 0 0 3 0 0 87 4 1 5 0 0 0 0 0 0 0 2 0 0 5 0 0 0 0 0 0 2 0 0 0 0 0 10 18 8 0 0 0 0 0 0 0 0 0 0 0 0 
 362 499 89 84 183 270 50 471 196 198 171 44 50 185 0 189 142 50 172 569 0 0 0 0 2 0 7 0 1 3 2 0 2 3 3 0 0 0 0 0 63 0 0 0 0 3 0 0 0 0 2 65 3 0 3 0 0 2 0 0 0 0 11 2 0 0 0 0 0 3 0 1 0 0 0 0 0 0 0 0 16 21 17 11 1 0 0 36 9 14 0 0 7 27 34 31 13 0 14 34 0 0 0 0 0 0 0 0 0 1 0 2 10 0 0 0 0 0 1 0 0 0 5 1 0 0 0 0 0 0 2 0 0 0 0 2 0 0 0 0 0 0 0 0 0 0 0 0 5 0 0 0 2 0 0 0 0 0 0 0 16 0 0 0 0 6 19 11 18 0 20 0 22 28 4 11 10 0 0 35 0 0 0 0 0 0 0 0 0 0 0 0 0 0 0 0 0 1 0 0 0 0 0 0 0 0 0 2 0 0 0 0 1 0 0 2 0 0 12 0 0 0 0 0 0 0 0 0 0 0 0 0 0 0 0 0 0 0 0 0 0 0 0 0 0 0 87 1 0 89 12 9 0 0 0 0 0 0 0 0 0 0 0 0 0 0 0 0 0 0 0 0 0 0 0 0 0 0 0 0 0 0 0 0 0 0 0 0 0 0 
 246 429 75 132 164 83 41 220 145 90 278 21 135 98 189 0 153 70 30 48 72 0 0 0 0 0 4 0 0 5 0 2 3 3 0 2 0 0 0 0 0 1 0 0 0 3 1 0 0 0 0 25 23 0 4 0 0 35 0 21 0 0 3 2 2 0 0 0 0 0 0 0 0 0 0 0 5 0 0 0 0 22 0 11 0 16 13 0 72 0 0 0 0 69 9 62 1 19 0 14 0 0 0 0 0 0 0 0 0 0 0 2 8 0 0 0 0 0 1 0 0 0 0 0 0 0 0 0 0 0 2 13 0 0 0 0 0 0 0 0 0 0 0 0 0 0 0 0 5 0 0 0 1 0 0 2 0 0 0 0 7 0 35 2 0 3 8 50 9 18 30 13 10 14 34 12 9 0 0 13 0 0 0 0 0 1 2 0 0 0 0 0 25 0 0 0 0 0 0 9 0 4 0 0 0 0 15 2 0 0 0 0 0 0 37 1 0 0 0 0 0 0 0 0 0 0 0 0 0 0 0 0 0 0 0 0 0 0 0 0 0 0 0 0 0 1 88 0 88 1 1 2 32 0 0 0 0 0 0 0 0 0 0 1 0 0 0 0 0 0 0 0 0 0 0 0 20 0 0 0 0 0 0 0 0 0 0 0 0 0 
 174 125 333 227 137 133 196 38 131 170 79 144 116 175 142 153 0 196 224 35 0 1 0 0 0 0 75 0 4 3 1 0 75 3 0 5 0 0 25 82 0 0 0 0 0 3 0 0 0 0 1 3 2 0 6 0 0 2 0 0 0 0 8 2 0 0 0 0 50 0 0 0 0 0 0 0 0 0 0 0 7 46 44 2 0 0 12 6 12 26 0 20 0 1 12 0 13 0 19 0 0 0 10 0 0 0 11 1 0 0 0 0 1 0 0 10 0 0 0 14 2 0 0 0 0 0 0 0 0 0 0 0 0 23 0 0 0 0 0 0 0 5 0 0 0 0 0 0 0 2 0 0 0 0 0 0 0 0 4 0 15 1 13 1 8 0 5 13 32 14 0 15 0 0 37 51 36 8 0 1 13 0 0 0 0 0 0 0 0 0 2 0 15 0 0 0 0 0 1 0 0 0 0 0 0 0 0 0 0 0 0 0 0 0 1 0 0 0 2 0 0 0 0 0 0 0 0 0 0 0 0 0 0 0 0 0 0 0 0 0 0 0 0 0 0 4 0 2 84 57 0 6 0 2 0 0 1 0 0 0 0 0 0 0 0 0 0 0 0 0 0 0 0 0 0 0 18 0 0 0 0 0 0 0 0 0 0 0 0 0 
 24 36 83 82 127 248 124 25 148 345 53 187 350 126 50 70 196 0 122 250 2 0 2 0 0 0 74 0 0 3 1 0 77 5 92 1 0 0 35 109 0 0 0 0 0 3 0 0 4 0 63 3 2 0 0 0 0 21 59 0 0 0 3 2 0 0 6 0 39 6 0 0 0 0 0 0 0 52 6 0 12 38 10 20 0 39 11 0 25 23 35 7 0 0 0 0 1 0 0 0 0 40 9 0 0 0 10 0 12 0 1 0 26 0 11 10 0 0 0 33 0 0 0 0 0 0 0 0 0 0 0 28 0 0 0 0 0 0 0 0 0 2 0 0 0 0 0 0 0 0 0 0 0 0 0 0 0 0 3 8 0 40 0 0 13 16 0 1 15 17 0 21 0 0 0 24 32 42 0 0 13 0 0 0 0 0 1 2 0 0 2 0 11 0 11 0 1 22 1 1 0 0 0 0 0 0 0 0 1 2 2 0 0 1 0 0 0 0 0 0 0 17 0 0 0 0 0 0 0 0 0 0 0 0 0 0 0 0 0 0 0 17 0 0 0 2 3 0 1 49 1 3 4 0 0 0 0 0 0 0 0 0 13 0 0 0 0 0 0 0 0 0 0 0 0 1 0 0 0 0 0 0 0 0 0 0 0 0 0 0 
 306 141 103 108 66 56 87 160 60 80 72 31 171 244 172 30 224 122 0 407 0 0 0 0 0 0 7 0 2 3 0 1 2 3 0 0 0 0 3 104 0 0 0 0 1 3 1 0 0 2 0 2 3 66 8 0 0 17 0 1 0 0 3 2 0 0 2 2 51 0 3 3 0 0 58 0 0 0 0 0 4 0 0 12 0 0 47 0 0 0 0 0 1 14 6 0 3 0 22 25 0 0 0 0 13 0 0 0 0 0 2 0 0 0 0 0 0 0 0 0 0 0 0 0 0 0 0 0 0 0 0 0 0 9 0 0 0 0 0 0 20 0 0 0 0 0 0 0 0 2 0 0 0 0 0 0 0 0 0 24 0 13 14 0 1 21 23 0 0 1 0 0 14 9 15 0 0 0 5 0 0 0 0 0 0 0 0 1 0 0 2 0 0 0 0 0 0 0 0 0 0 0 0 0 0 0 0 0 0 0 0 0 0 0 0 0 0 0 0 0 0 0 0 1 0 0 0 0 0 0 0 0 0 0 0 0 0 0 0 0 0 0 0 0 0 1 0 0 2 90 0 9 0 0 0 0 0 0 0 0 0 0 0 0 0 0 0 0 0 0 0 0 0 0 0 0 0 0 0 0 0 0 0 0 0 0 0 0 0 1 
 37 118 241 64 46 27 56 103 60 109 65 40 316 401 569 48 35 250 407 0 0 28 2 0 0 0 3 59 4 3 0 0 2 3 0 0 0 0 0 2 0 0 0 0 66 3 1 0 32 0 0 3 3 0 0 0 0 2 0 0 0 52 3 2 0 0 0 0 0 0 0 0 0 0 0 0 0 0 0 0 3 0 0 0 0 0 0 0 0 30 14 0 0 20 23 0 0 0 26 70 0 0 0 0 0 0 0 0 0 0 0 0 9 0 0 0 0 0 0 0 0 22 0 0 0 0 8 0 0 0 0 0 0 0 0 0 0 0 0 0 0 0 0 6 0 0 0 0 0 0 0 0 0 0 0 0 0 0 0 0 45 41 11 1 0 0 32 1 20 10 0 0 0 0 13 0 0 0 29 11 0 0 0 2 0 0 0 0 0 0 0 0 0 0 0 0 0 0 0 0 0 0 0 0 0 0 0 0 0 0 0 0 0 0 0 6 0 0 0 0 0 0 0 0 0 0 0 0 0 0 0 0 0 0 1 1 0 0 0 0 0 0 0 0 2 0 0 0 2 18 0 4 0 0 0 0 0 0 0 0 0 0 0 0 0 0 0 0 0 0 0 0 0 0 0 0 0 0 0 0 0 0 0 0 0 0 0 0 0 0 
 0 0 0 25 77 0 2 0 0 0 0 1 61 0 0 72 0 2 0 0 0 315 389 122 56 32 204 91 118 55 202 24 95 245 120 191 29 197 114 69 5 0 0 4 0 0 1 4 0 0 3 0 0 2 0 0 2 61 269 1 0 0 0 0 0 0 0 4 0 0 0 0 2 0 0 2 0 0 2 3 0 0 0 1 10 0 0 0 0 0 15 0 7 0 0 0 0 12 0 0 45 20 14 4 9 6 0 33 31 28 27 0 0 16 10 1 10 19 10 0 0 0 0 0 0 0 0 22 0 0 0 3 0 0 0 0 0 0 0 1 0 0 0 0 0 1 0 0 0 0 0 0 0 0 0 0 0 0 0 0 0 0 0 0 0 0 0 0 0 0 0 0 0 0 0 0 0 0 0 0 10 28 2 16 3 19 4 18 11 14 0 19 0 25 28 35 20 14 1 19 0 0 0 0 0 0 6 0 0 0 0 0 0 0 10 0 0 0 0 17 1 0 0 0 0 0 32 0 0 0 0 0 0 0 0 0 0 0 0 0 0 0 0 0 0 0 0 0 0 0 0 0 0 0 17 2 3 107 0 0 0 1 0 0 0 0 0 0 0 0 0 0 0 0 0 0 0 0 0 1 0 0 0 0 0 13 13 0 0 0 
 0 0 0 0 0 0 0 0 0 2 0 0 2 0 0 0 1 0 0 28 315 0 323 214 183 54 182 200 54 127 479 24 184 339 61 188 135 47 117 50 25 0 2 9 63 0 9 3 0 0 3 5 0 2 0 0 2 0 76 2 0 0 0 0 0 2 0 11 0 0 0 0 2 0 0 2 0 0 2 3 0 0 0 0 0 0 0 0 1 0 0 0 0 0 0 0 2 0 0 0 17 31 39 75 0 19 0 0 45 24 42 0 31 10 18 14 33 38 5 0 0 0 0 0 0 0 52 8 0 0 0 0 33 0 0 14 0 0 24 15 0 0 0 10 0 3 0 0 16 0 0 0 0 0 0 0 10 0 0 0 0 5 0 0 0 0 0 12 0 0 0 0 7 0 0 2 0 2 0 50 6 28 65 27 52 31 0 10 0 33 0 29 0 0 30 59 0 31 0 19 0 0 0 0 2 0 0 0 0 0 0 0 11 0 0 7 0 0 37 17 0 0 0 0 0 0 0 0 0 0 0 0 0 0 0 0 0 0 0 0 0 0 0 0 0 0 0 0 0 0 0 0 0 0 15 0 0 242 78 0 2 11 0 0 0 0 0 0 0 0 0 0 0 7 0 0 0 0 0 1 0 0 0 0 0 13 10 0 0 0 
 0 2 0 0 0 0 0 0 0 0 0 0 0 0 0 0 0 2 0 2 389 323 0 461 72 250 173 241 82 112 61 35 139 146 231 243 119 128 81 48 0 0 0 0 0 0 2 15 0 0 3 2 3 2 0 0 2 0 62 62 0 0 0 0 0 0 0 0 0 0 2 0 2 0 0 2 0 0 5 3 0 0 0 46 0 0 0 0 9 0 24 0 0 0 0 0 0 0 0 0 13 13 9 27 10 7 4 0 40 8 8 3 0 22 11 9 31 7 9 14 0 0 0 0 0 0 6 0 0 0 0 0 7 0 0 19 0 0 12 32 0 0 0 0 0 5 0 0 0 0 0 0 0 0 0 0 0 12 0 0 0 3 0 0 0 0 0 5 0 0 0 0 11 0 1 0 0 0 0 0 12 0 33 12 22 26 30 35 38 8 13 18 1 12 26 18 2 32 17 0 1 0 0 0 0 0 10 0 0 0 0 0 0 7 0 0 0 0 0 12 0 0 0 0 0 0 0 0 0 10 0 0 0 0 0 0 0 0 0 0 0 0 0 0 0 0 0 0 0 0 0 0 0 0 7 2 2 43 2 3 2 9 0 0 0 0 52 0 0 0 0 0 0 0 0 1 0 0 0 0 0 3 0 0 0 10 0 0 0 0 
 0 0 60 2 0 0 0 2 2 0 0 0 0 2 0 0 0 0 0 0 122 214 461 0 165 571 142 133 468 181 182 40 64 188 355 165 472 181 86 150 0 0 1 0 0 0 103 0 0 0 3 0 135 2 0 0 2 0 125 1 0 0 0 0 0 0 0 0 0 0 0 0 2 0 0 2 0 0 2 3 0 0 0 0 0 0 0 0 0 0 0 0 0 0 0 0 0 0 0 0 0 0 39 3 12 25 0 0 0 0 17 20 0 29 26 9 0 21 0 0 4 0 1 0 0 2 50 12 0 0 0 0 11 10 0 0 0 0 18 28 0 0 0 0 0 0 0 2 0 0 0 0 0 0 0 0 0 0 0 0 0 0 0 0 1 0 0 0 0 0 0 0 1 0 0 3 0 0 0 0 0 0 2 15 33 0 0 31 22 18 2 18 0 18 14 25 11 12 0 0 7 0 0 0 0 0 0 0 0 2 0 0 0 18 1 18 0 0 41 0 0 0 0 0 0 0 0 0 0 0 0 0 0 2 1 0 0 0 0 0 0 0 0 0 0 0 0 0 0 0 0 0 0 0 8 1 0 41 41 0 31 0 0 0 0 0 0 0 0 0 0 0 0 0 0 0 0 0 0 0 0 6 0 27 0 0 24 0 0 0 
 0 0 0 2 0 0 0 23 0 1 0 0 1 0 2 0 0 0 0 0 56 183 72 165 0 92 142 37 123 420 271 217 154 83 81 73 99 339 64 110 0 1 0 60 0 0 120 0 0 0 74 1 164 65 94 0 2 0 126 130 1 0 0 0 0 0 0 8 0 6 0 0 2 0 0 2 0 0 3 3 0 0 0 0 0 0 0 0 0 0 0 0 0 0 0 0 2 0 0 1 0 0 15 9 38 10 0 12 0 19 31 0 0 18 0 0 0 1 8 1 21 19 15 0 0 0 11 43 0 34 0 0 12 28 25 0 1 0 1 5 0 0 0 0 0 0 0 0 0 0 0 0 0 0 0 2 0 0 1 6 0 1 0 0 0 0 0 1 0 0 0 0 0 0 0 5 1 0 0 0 0 22 1 23 0 1 0 0 15 0 38 11 0 0 0 8 0 0 0 0 1 30 0 0 0 0 0 0 0 0 0 0 30 35 35 11 1 0 33 10 0 0 3 0 2 0 0 0 0 10 0 0 0 0 0 0 0 0 0 1 0 0 0 0 0 0 0 0 0 0 0 0 0 0 4 0 3 5 151 3 10 0 0 0 0 0 0 0 0 0 0 0 0 0 0 0 0 0 0 0 0 0 0 0 0 0 9 0 0 0 
 0 0 0 14 0 0 91 3 0 1 0 0 0 0 0 0 0 0 0 0 32 54 250 571 92 0 264 44 139 345 236 235 35 111 86 50 217 141 55 59 56 274 0 0 0 0 64 53 0 0 3 0 63 222 116 1 2 0 0 59 0 0 0 0 0 0 0 0 0 0 0 0 2 8 0 3 0 0 2 3 0 0 0 0 0 0 0 0 0 0 0 0 0 0 0 0 0 0 0 2 0 0 11 13 11 7 0 0 0 0 0 43 0 0 17 0 1 32 0 2 20 19 0 12 0 0 25 0 0 19 22 0 38 46 30 14 1 0 17 10 0 0 0 0 0 1 0 0 0 0 0 0 0 0 0 0 0 0 0 0 0 0 0 0 0 0 0 0 0 0 0 0 0 0 0 1 1 1 0 0 0 11 10 1 27 12 0 12 14 21 9 51 0 0 0 0 8 12 0 0 9 9 30 1 0 0 15 0 26 0 0 0 0 24 25 0 10 0 37 52 0 2 0 0 1 0 0 0 0 0 0 0 0 0 0 0 0 0 0 0 0 0 26 0 0 1 0 0 0 0 0 0 0 0 13 1 5 1 80 0 4 3 0 64 0 0 0 0 0 0 0 0 0 0 0 0 0 2 0 0 0 16 0 0 0 0 0 0 0 0 
 4 2 2 3 2 96 3 2 2 150 79 160 69 2 7 4 75 74 7 3 204 182 173 142 142 264 0 125 57 409 111 54 705 233 147 330 300 37 121 107 0 71 1 0 0 0 1 62 0 0 9 0 0 2 6 0 2 0 64 2 0 0 0 0 0 0 0 10 0 6 0 1 2 0 0 2 0 0 3 45 0 1 2 0 13 32 0 23 0 0 0 13 2 0 0 1 0 16 2 0 13 19 0 2 16 16 35 26 13 24 22 0 1 19 0 8 12 11 2 17 0 0 0 0 0 0 0 1 0 0 0 0 0 0 0 0 0 0 0 0 0 0 0 19 0 0 0 0 0 0 1 0 0 0 0 0 0 0 2 0 1 0 0 16 13 1 0 0 6 19 12 29 2 0 0 9 5 2 2 0 32 40 0 9 8 10 8 10 0 16 15 11 14 24 24 38 0 2 1 1 0 0 0 0 0 0 0 0 0 0 0 0 0 0 0 0 0 0 0 12 0 0 0 0 0 0 0 0 0 0 0 0 0 0 0 0 0 0 0 0 0 0 0 0 0 0 56 0 0 2 0 13 0 0 6 0 2 83 0 2 2 0 0 0 0 0 1 0 0 0 0 0 0 0 0 0 0 2 0 1 0 0 0 0 0 13 0 0 0 0 
 0 77 2 2 0 77 0 2 0 0 0 75 0 0 0 0 0 0 0 59 91 200 241 133 37 44 125 0 139 39 193 34 205 62 28 138 27 92 202 51 61 0 0 3 0 0 1 5 3 0 6 2 0 5 0 0 2 3 24 14 0 24 1 0 0 0 4 4 0 2 0 0 2 0 0 37 0 0 3 3 0 0 0 1 1 20 0 0 0 1 12 0 0 0 0 0 0 0 0 0 25 0 8 18 0 7 20 16 13 9 18 9 0 30 0 35 12 0 22 44 0 0 0 0 0 0 11 0 0 0 0 20 18 0 0 0 0 0 7 13 0 0 0 0 0 0 0 0 0 0 0 0 0 0 0 0 24 0 0 0 0 2 0 0 27 1 0 9 0 0 0 13 4 0 0 1 0 0 0 0 43 20 19 0 5 0 23 35 22 42 0 0 0 15 21 13 25 2 12 41 0 0 0 0 7 0 0 0 0 0 0 0 0 9 0 0 0 0 18 0 0 0 0 0 0 0 0 0 0 0 0 0 0 23 0 0 14 0 0 0 0 0 0 0 0 0 0 0 0 0 0 0 0 0 9 0 0 0 74 0 0 0 0 0 0 0 2 0 0 0 10 0 0 0 0 16 0 0 0 8 0 7 0 0 0 1 0 0 0 0 
 1 0 1 2 0 0 3 1 1 2 0 0 1 1 1 0 4 0 2 4 118 54 82 468 123 139 57 139 0 115 101 15 94 98 100 353 122 200 291 69 2 0 0 10 0 1 18 2 0 0 3 0 84 2 0 0 2 0 206 0 0 0 0 0 0 2 0 0 0 0 0 0 2 0 0 2 74 0 3 3 0 0 0 2 0 30 0 0 0 0 0 0 0 0 0 0 0 0 0 0 2 0 9 16 12 11 0 5 19 1 11 20 0 40 10 12 0 13 0 20 52 0 26 0 2 0 25 11 0 0 0 0 11 0 0 0 0 0 0 2 0 0 0 0 0 2 0 0 4 0 0 0 0 0 1 0 0 0 0 0 0 0 0 0 0 0 1 0 0 0 0 0 0 0 0 5 0 0 0 0 0 24 0 0 13 0 18 37 11 8 13 11 0 14 12 2 25 12 4 30 0 0 0 0 0 0 0 0 0 1 0 0 10 13 0 0 0 0 11 0 0 0 0 0 0 0 0 0 0 0 0 0 0 0 0 0 0 0 0 0 0 0 0 0 0 72 0 0 0 2 0 0 0 0 13 1 0 2 78 0 16 2 0 0 0 0 0 0 0 0 0 0 0 0 0 0 0 0 0 0 0 8 0 0 0 13 0 0 0 0 
 4 3 5 77 3 77 3 3 3 4 3 3 3 3 3 5 3 3 3 3 55 127 112 181 420 345 409 39 115 0 185 196 320 140 155 324 171 132 97 189 62 23 3 4 2 2 68 0 1 5 3 1 71 96 64 1 2 0 277 131 0 0 0 0 0 0 4 4 2 0 8 6 2 14 0 2 0 0 3 3 0 0 2 0 0 9 0 0 0 0 0 0 1 0 0 0 0 2 0 0 0 6 0 11 20 12 9 0 0 6 0 65 0 22 0 12 10 14 0 0 0 8 16 0 0 0 0 0 1 23 0 0 8 30 25 20 1 0 9 60 0 0 0 18 0 0 0 0 0 0 8 0 0 0 0 0 0 0 0 0 0 0 1 0 0 0 0 0 0 0 0 0 0 0 3 0 3 0 0 0 8 0 0 13 20 1 0 37 34 0 55 7 8 24 12 0 0 7 0 0 27 29 2 0 0 0 33 0 12 11 20 0 0 21 78 0 0 19 66 1 0 0 0 0 0 18 0 0 0 0 0 0 0 0 0 0 0 0 0 0 0 0 0 0 0 0 0 0 0 0 0 0 0 0 12 0 2 1 0 2 0 2 0 0 0 0 0 0 0 0 0 0 0 0 0 0 0 0 0 0 0 0 0 0 0 0 0 0 0 0 
 2 1 0 2 0 0 0 4 1 0 0 0 3 0 2 0 1 1 0 0 202 479 61 182 271 236 111 193 101 185 0 297 168 368 51 144 342 200 50 78 0 0 0 0 0 0 62 0 0 0 3 0 0 2 0 0 2 0 130 62 2 0 41 0 0 0 0 0 0 0 0 0 2 1 0 2 0 0 5 34 0 0 0 0 0 0 0 0 0 0 0 0 11 0 0 0 0 0 9 0 15 21 20 11 19 23 0 0 1 10 7 13 0 13 1 0 14 93 1 0 1 5 0 0 0 0 26 19 0 0 0 0 11 29 0 2 0 0 32 30 0 0 0 0 0 5 0 0 0 0 0 0 0 0 0 0 0 0 0 0 0 0 0 0 0 0 0 24 0 0 0 0 0 13 14 4 0 0 0 0 0 8 58 12 48 26 0 11 12 28 0 33 0 0 1 11 7 13 0 0 18 0 0 0 0 0 0 0 0 5 0 0 7 25 12 0 0 0 68 22 0 0 0 0 0 0 0 0 0 10 0 0 0 0 0 0 0 0 0 0 0 0 10 0 0 0 0 0 0 0 0 0 0 0 4 0 0 21 120 4 8 1 0 0 0 0 0 0 0 0 0 0 0 0 0 0 0 0 0 1 0 24 0 0 0 1 27 0 0 0 
 0 75 0 2 0 0 0 2 0 0 1 1 6 0 0 2 0 0 1 0 24 24 35 40 217 235 54 34 15 196 297 0 52 26 30 18 82 62 52 41 182 3 1 61 0 0 23 64 2 0 5 0 20 82 93 0 2 0 1 133 2 0 3 0 2 14 0 0 0 0 1 0 2 6 0 8 0 0 10 3 0 0 0 0 1 0 0 0 0 17 0 2 0 0 0 0 0 0 0 0 0 0 0 0 5 23 0 0 0 0 10 1 0 0 0 0 0 1 0 0 38 20 18 17 0 0 33 95 1 30 0 2 1 90 31 4 0 13 59 11 0 0 0 0 0 0 0 0 0 0 4 0 0 0 0 11 0 0 0 0 0 0 0 0 0 0 0 0 0 0 0 0 0 0 0 0 0 0 0 0 0 0 0 14 16 28 0 0 0 0 22 1 0 0 0 0 0 0 0 0 42 123 48 0 13 0 66 0 0 33 2 0 22 16 44 31 0 23 32 23 2 0 0 0 0 0 9 8 0 0 0 0 0 0 0 0 0 0 0 0 0 0 0 0 0 2 0 0 1 0 0 0 2 0 8 0 0 2 8 2 31 0 0 0 0 0 0 2 0 0 0 0 0 0 2 0 0 0 0 0 0 1 0 0 0 0 0 0 0 0 
 2 4 4 5 80 98 2 16 2 3 2 137 2 3 2 3 75 77 2 2 95 184 139 64 154 35 705 205 94 320 168 52 0 272 134 340 51 29 458 461 5 1 4 0 0 0 18 0 0 2 3 5 0 2 2 0 2 0 2 61 0 0 0 0 0 0 0 0 0 1 8 0 2 0 0 2 0 0 3 3 0 0 0 0 0 10 0 0 0 0 1 0 0 0 0 0 0 0 0 0 36 33 16 3 0 19 33 6 23 35 9 14 8 2 9 34 23 11 15 24 0 0 0 0 0 0 0 0 0 0 0 0 0 0 0 0 0 0 0 0 0 19 0 0 0 0 0 0 0 0 0 0 0 0 0 0 0 0 8 0 0 0 0 0 9 0 0 0 1 0 0 25 1 0 13 0 7 1 0 0 31 15 0 14 9 12 1 20 0 7 0 11 20 19 39 51 51 32 16 18 0 0 0 0 0 0 0 0 0 0 0 0 0 7 0 0 0 0 0 13 0 0 0 0 0 0 0 0 0 0 0 0 0 0 0 0 0 0 0 0 0 0 0 0 0 0 0 0 0 0 0 0 0 0 9 0 2 79 0 0 2 0 0 0 0 0 0 0 0 0 0 0 0 0 0 6 0 0 0 2 0 0 0 0 0 13 0 0 0 0 
 3 5 5 3 5 86 3 3 4 3 4 3 3 3 3 3 3 5 3 3 245 339 146 188 83 111 233 62 98 140 368 26 272 0 221 299 34 69 161 236 0 203 0 0 0 1 0 0 0 4 3 2 4 2 0 0 2 0 0 1 0 0 0 0 0 0 0 0 0 0 0 0 3 0 0 2 0 0 3 3 0 0 0 0 0 9 0 0 0 0 0 0 0 0 0 0 0 35 0 0 0 30 11 0 10 21 15 0 0 10 5 25 0 23 18 26 24 17 5 0 20 0 0 0 0 0 0 0 0 0 0 0 0 0 0 0 0 0 0 0 0 0 0 0 0 0 0 0 0 0 0 0 0 0 0 0 0 0 0 0 0 0 0 0 0 0 0 0 0 0 0 0 0 0 9 0 28 0 0 0 46 5 53 19 20 21 5 27 24 23 31 18 9 51 12 8 9 60 0 0 1 0 0 0 0 0 11 0 0 0 0 0 0 0 0 0 0 0 0 15 0 0 0 0 0 0 0 0 0 0 0 0 0 0 0 0 0 0 0 0 0 0 0 0 0 0 0 0 0 0 0 0 0 0 13 0 0 1 0 2 3 0 0 0 0 0 21 0 0 0 0 0 0 0 0 0 0 0 0 0 0 6 0 0 0 0 0 0 0 0 
 0 1 0 2 0 122 0 1 0 0 0 73 0 204 3 0 0 92 0 0 120 61 231 355 81 86 147 28 100 155 51 30 134 221 0 209 136 40 163 260 0 0 0 0 0 0 1 0 0 0 3 0 4 2 0 0 2 0 0 0 0 0 0 0 0 0 4 0 0 3 0 0 2 0 0 4 0 0 3 3 0 0 0 0 12 10 0 0 0 0 0 0 0 0 0 0 0 0 0 0 30 35 0 4 1 6 20 33 15 7 11 25 0 0 2 34 20 22 14 0 0 0 0 0 0 0 0 0 0 0 0 0 0 0 0 2 0 0 1 2 0 0 0 0 0 0 0 0 0 0 0 0 0 0 0 0 0 0 0 0 0 0 0 0 20 0 0 0 0 18 0 0 0 0 0 0 0 0 0 0 4 11 21 19 16 16 0 29 18 0 32 0 0 20 71 43 21 5 4 13 0 0 0 19 0 0 2 0 0 0 0 0 0 5 0 0 0 0 17 1 20 0 0 0 0 0 0 0 0 0 0 0 0 0 2 0 0 0 0 0 0 0 0 0 0 0 0 0 0 0 0 0 0 0 6 2 3 79 1 2 1 3 0 0 0 0 0 0 0 0 0 0 0 0 0 19 0 0 0 20 0 27 0 0 0 14 0 0 0 0 
 1 1 2 4 2 1 0 4 1 2 1 0 0 2 0 2 5 1 0 0 191 188 243 165 73 50 330 138 353 324 144 18 340 299 209 0 56 55 335 148 8 0 0 8 0 0 21 23 0 0 3 4 1 2 0 0 3 4 51 0 0 0 0 0 2 0 0 0 0 0 0 1 2 4 0 2 2 0 3 3 0 0 0 0 0 0 0 0 0 0 0 0 0 0 0 0 0 0 0 0 61 11 9 20 0 70 0 0 25 16 28 9 0 2 13 12 12 0 69 0 3 0 0 0 0 0 9 0 0 0 0 0 37 0 0 1 0 0 17 14 0 0 0 0 0 0 0 1 0 0 0 0 0 0 0 0 0 0 0 0 0 5 0 0 0 0 0 5 0 0 0 0 14 0 0 0 2 0 0 0 27 2 35 16 19 11 8 17 12 15 12 0 0 22 20 25 0 7 6 0 0 0 0 0 0 0 0 0 0 2 0 0 1 1 0 0 0 0 14 0 0 0 0 0 0 0 0 0 0 0 0 0 0 0 1 0 0 0 0 0 0 0 0 0 0 0 0 0 0 2 0 0 0 0 8 2 1 45 75 0 5 0 0 0 0 0 8 0 0 0 0 0 0 0 0 0 0 0 0 0 0 6 0 0 0 9 0 0 0 0 
 0 0 0 0 0 0 0 0 0 0 0 0 3 1 0 0 0 0 0 0 29 135 119 472 99 217 300 27 122 171 342 82 51 34 136 56 0 328 39 34 3 0 2 211 0 3 31 0 0 0 67 5 147 65 0 0 2 0 17 2 3 0 0 0 5 3 0 0 0 0 0 2 2 0 0 2 5 1 2 3 0 0 0 0 0 0 0 2 0 0 0 0 0 0 0 0 0 0 0 0 0 0 12 33 23 26 0 0 20 0 13 46 0 1 13 1 18 44 0 0 24 14 10 0 0 0 16 13 0 0 0 0 16 21 0 33 0 0 10 68 0 0 0 0 0 5 0 0 0 0 0 1 0 0 0 0 0 0 0 0 0 0 0 0 0 0 10 0 0 0 0 0 0 2 0 6 0 0 0 0 0 0 29 3 27 12 0 0 0 4 27 62 0 0 17 14 27 40 0 0 23 0 0 0 0 0 9 0 11 1 0 0 10 13 12 1 0 1 32 0 0 0 0 0 0 0 0 0 0 2 0 0 0 0 0 0 0 0 0 0 0 0 13 0 0 0 0 0 0 0 0 0 0 0 8 0 0 79 73 1 16 9 0 0 0 0 0 0 0 0 0 0 0 0 0 0 0 0 0 0 0 15 0 0 1 0 0 0 0 0 
 0 0 3 14 1 1 75 0 0 0 0 0 1 0 0 0 0 0 0 0 197 47 128 181 339 141 37 92 200 132 200 62 29 69 40 55 328 0 30 128 0 1 1 0 0 2 62 0 0 3 6 2 56 64 0 0 2 57 67 6 0 0 2 1 0 0 0 1 3 48 3 0 3 2 0 3 1 0 3 6 0 0 0 0 0 0 0 0 7 0 0 0 0 0 0 0 0 0 0 0 0 0 2 17 13 18 0 0 21 0 21 30 1 0 14 0 4 12 0 0 24 43 6 0 0 0 10 29 0 17 0 0 31 14 0 38 0 0 9 46 0 1 0 0 1 0 0 0 0 0 0 0 0 0 0 0 0 0 0 0 0 0 0 0 0 0 0 0 0 0 1 0 0 0 0 3 0 0 0 0 0 0 15 38 1 28 0 0 0 1 23 23 1 18 20 2 0 36 0 0 19 2 0 0 0 0 0 0 9 17 0 0 4 15 76 14 19 0 9 5 0 0 0 0 4 0 0 0 7 0 1 0 0 0 0 0 0 0 0 0 0 0 9 0 0 0 0 0 0 0 0 0 0 0 13 3 0 147 5 0 11 2 0 0 0 0 0 0 0 0 0 0 0 0 0 0 0 0 0 0 0 0 0 0 0 0 0 0 0 7 
 0 0 1 75 136 76 0 0 0 0 0 111 0 3 0 0 25 35 3 0 114 117 81 86 64 55 121 202 291 97 50 52 458 161 163 335 39 30 0 173 10 1 8 0 0 0 7 0 0 0 3 8 0 2 0 0 2 0 0 69 0 0 0 0 0 0 0 1 0 0 0 0 2 0 0 2 0 0 3 3 0 0 0 10 0 0 0 0 1 0 10 0 0 0 0 0 2 8 0 0 27 3 20 14 1 0 12 1 1 30 2 0 20 30 23 43 0 0 78 39 0 0 0 2 0 0 0 0 0 0 0 0 0 11 0 5 0 0 0 0 0 5 0 0 0 0 2 4 0 0 0 0 0 0 0 0 2 0 4 0 0 0 0 0 2 0 0 0 18 1 0 15 0 0 0 1 0 0 0 0 36 9 27 9 0 0 16 16 36 1 0 0 0 0 10 13 24 10 43 8 0 0 0 0 0 0 0 2 0 0 0 0 0 16 0 0 0 0 0 0 0 0 0 0 0 0 0 0 0 0 0 0 2 0 18 1 0 0 0 0 0 0 0 0 0 0 1 0 0 0 0 0 0 0 4 2 2 1 0 0 2 0 0 0 0 0 23 0 0 0 0 0 0 0 0 0 0 0 0 10 0 0 0 0 0 0 0 0 0 0 
 0 74 0 0 162 44 2 0 0 34 74 1 0 2 0 0 82 109 104 2 69 50 48 150 110 59 107 51 69 189 78 41 461 236 260 148 34 128 173 0 0 0 6 0 0 2 11 0 0 0 4 6 2 2 0 3 3 3 0 0 0 4 0 0 1 0 5 0 1 0 0 0 2 0 2 2 48 0 2 3 0 30 0 28 23 32 0 0 15 9 9 0 0 0 0 10 0 34 0 0 0 11 18 0 0 0 1 8 0 44 1 0 35 11 26 12 0 0 0 0 0 0 0 0 0 0 0 0 0 0 0 0 2 4 0 0 0 0 0 0 0 0 0 0 0 0 0 0 0 0 0 0 0 0 0 0 0 0 0 0 0 0 0 0 0 20 0 0 0 12 4 0 0 0 0 9 8 17 0 0 21 25 1 8 0 0 21 0 0 58 0 0 28 34 36 17 20 12 11 28 0 0 0 0 0 14 0 0 0 0 0 0 2 0 25 0 20 0 0 0 0 0 7 0 0 0 0 1 0 0 0 0 2 0 0 0 0 0 0 0 0 0 0 0 0 0 0 0 0 0 0 0 0 10 4 0 3 2 0 0 0 0 0 0 0 0 0 0 0 0 0 0 0 2 0 0 0 0 0 0 0 0 0 0 0 0 0 0 0 0 
 0 67 0 0 0 0 0 0 0 0 0 0 0 0 63 0 0 0 0 0 5 25 0 0 0 56 0 61 2 62 0 182 5 0 0 8 3 0 10 0 0 141 74 58 42 22 96 207 208 97 255 48 38 204 44 104 48 27 247 39 0 0 0 0 0 0 0 0 0 0 1 3 0 4 2 3 0 0 0 0 0 0 0 0 0 0 0 0 0 0 0 0 0 0 0 0 0 0 0 0 12 0 9 34 8 12 0 0 5 18 0 11 49 0 10 9 0 0 11 0 13 36 19 20 0 0 0 0 0 0 1 0 12 13 0 19 0 7 10 15 0 0 0 0 0 0 0 0 0 0 0 7 0 0 0 0 0 0 0 0 0 0 0 0 0 0 0 0 0 0 0 0 0 0 0 0 0 0 0 0 14 0 0 0 8 8 0 0 0 0 0 0 0 0 3 3 0 6 0 3 15 15 18 0 0 7 38 1 10 20 8 0 0 6 20 8 25 11 36 4 0 0 0 0 0 0 0 0 0 0 0 0 0 0 16 0 0 0 0 0 0 0 0 0 0 0 0 0 0 0 0 10 0 2 0 0 0 0 0 2 0 0 0 0 0 1 2 0 0 0 3 0 0 0 0 0 0 0 0 0 0 0 0 0 0 0 0 0 0 0 
 0 0 0 0 0 0 0 5 0 0 0 0 0 0 0 1 0 0 0 0 0 0 0 0 1 274 71 0 0 23 0 3 1 203 0 0 0 1 1 0 141 0 189 73 238 246 161 172 347 53 33 52 121 333 741 67 124 44 530 103 0 0 0 5 0 3 0 0 0 0 0 0 0 206 0 3 0 0 4 0 0 0 0 0 0 0 0 0 0 0 0 0 0 0 0 0 0 0 0 0 0 0 0 0 0 1 0 0 0 0 0 0 0 0 0 0 0 0 0 8 1 11 0 1 0 0 9 14 26 19 11 0 0 1 6 11 0 0 0 0 0 0 0 18 0 0 0 0 0 0 1 0 0 0 0 0 0 0 0 0 0 0 0 0 0 0 0 0 0 0 4 0 0 0 0 0 0 0 0 0 0 0 0 0 0 17 0 0 0 0 0 0 0 0 0 0 0 0 0 0 25 20 17 18 22 1 0 8 26 0 7 15 10 0 0 42 0 13 0 19 7 5 0 0 0 18 0 0 0 0 0 0 0 0 0 0 0 0 0 1 0 0 0 0 0 0 0 0 0 0 0 5 0 0 0 0 0 0 0 0 0 0 0 8 0 15 1 0 0 0 0 0 0 0 0 0 0 0 0 0 0 0 0 0 9 0 0 0 2 0 
 0 0 0 0 16 0 0 0 0 2 1 0 0 0 0 0 0 0 0 0 0 2 0 1 0 0 1 0 0 3 0 1 4 0 0 0 2 1 8 6 74 189 0 403 119 683 154 199 483 317 172 131 149 147 78 56 107 254 461 41 57 0 0 3 0 8 46 0 0 0 26 2 54 0 0 0 0 0 1 102 0 15 0 0 0 0 0 0 0 0 0 0 0 0 0 0 0 19 0 0 0 8 7 0 0 0 1 0 0 0 0 0 20 0 10 0 0 0 0 0 10 10 0 0 24 20 15 0 1 9 0 14 0 1 0 3 21 6 4 0 8 7 0 0 0 0 0 0 0 0 0 0 8 0 0 0 5 5 0 11 0 0 0 0 0 0 0 0 0 0 0 0 0 0 0 0 0 0 0 0 0 43 0 0 0 1 0 0 0 8 0 0 0 0 0 4 10 9 7 4 0 9 1 38 14 0 1 4 0 10 0 12 13 10 0 16 0 0 0 1 0 13 0 0 0 9 0 0 2 2 0 0 0 15 0 0 0 0 43 21 0 0 0 0 0 1 0 0 0 0 0 6 0 1 0 0 0 0 0 61 0 0 1 0 1 0 1 0 0 0 0 0 0 0 0 0 0 0 0 0 0 4 0 0 0 0 0 10 0 0 
 39 0 63 0 1 0 0 0 0 0 0 0 0 0 0 0 0 0 0 0 4 9 0 0 60 0 0 3 10 4 0 61 0 0 0 8 211 0 0 0 58 73 403 0 141 110 200 83 103 187 184 360 76 161 146 75 97 139 103 47 105 50 0 0 0 4 2 0 0 0 0 0 63 0 0 0 0 0 75 101 0 0 0 0 0 0 0 0 0 0 0 0 0 0 0 0 0 0 0 0 8 0 0 13 0 0 0 0 4 11 0 0 0 0 1 8 0 0 8 0 8 0 7 0 35 41 0 72 37 6 16 0 0 0 0 0 8 7 0 0 0 25 0 0 10 0 6 0 0 15 0 0 0 0 13 17 1 13 35 28 0 0 0 0 0 0 0 0 0 0 0 0 0 0 0 0 0 0 0 0 8 1 0 0 0 0 0 0 0 0 0 0 0 1 3 0 1 0 1 0 0 0 19 27 13 2 0 14 0 3 22 20 0 0 0 9 0 7 0 0 0 2 0 0 0 7 8 0 29 17 4 0 1 23 0 0 0 0 13 2 0 0 18 0 0 0 0 0 0 0 0 9 0 1 0 0 0 0 0 0 0 0 0 0 0 6 2 1 64 0 0 0 0 0 0 0 0 0 0 0 0 1 0 0 0 0 0 12 0 0 
 0 0 0 0 0 0 0 0 0 0 67 0 0 0 0 0 0 0 1 66 0 63 0 0 0 0 0 0 0 2 0 0 0 0 0 0 0 0 0 0 42 238 119 141 0 235 44 295 132 98 141 114 76 91 306 272 50 253 301 83 66 62 0 10 61 0 111 0 0 0 1 1 46 50 64 1 1 0 21 48 0 0 0 0 0 0 0 0 0 0 0 0 0 0 0 0 0 0 0 0 0 0 0 0 0 0 0 0 0 0 0 0 0 0 0 0 0 0 0 0 0 0 0 35 13 30 0 0 0 0 22 6 0 0 0 0 0 0 0 0 0 8 16 0 0 0 41 8 10 13 0 3 35 17 14 2 27 4 27 10 0 0 0 6 0 0 0 0 0 0 0 0 0 0 0 0 0 0 0 0 0 0 0 0 0 11 0 0 0 0 0 0 0 0 0 0 0 0 0 0 0 0 0 0 23 54 0 0 0 0 0 47 0 0 0 13 0 0 0 0 39 13 13 0 0 0 21 1 0 6 0 0 42 28 0 13 17 10 48 38 0 0 0 0 0 0 0 0 0 0 0 11 0 0 0 0 0 0 0 3 0 0 0 2 65 0 2 0 0 0 41 0 0 0 0 0 0 0 0 0 0 0 0 0 0 0 0 0 0 0 
 3 3 3 3 3 3 3 3 3 3 5 3 3 3 3 3 3 3 3 3 0 0 0 0 0 0 0 0 1 2 0 0 0 1 0 0 3 2 0 2 22 246 683 110 235 0 304 102 37 151 303 507 33 37 286 146 195 1110 287 195 102 0 4 4 0 0 53 0 50 8 2 21 0 20 3 0 0 0 52 1 0 0 14 0 0 0 0 0 0 0 0 0 0 0 0 0 0 0 0 0 0 0 0 0 0 0 0 0 0 0 0 0 0 0 0 0 0 0 0 0 0 14 13 3 27 2 0 0 4 0 42 38 0 0 0 0 0 29 0 0 0 0 0 0 11 0 42 2 0 33 0 12 20 1 15 17 0 0 28 2 0 0 0 0 0 0 0 0 0 0 0 0 0 0 0 0 0 0 0 0 0 0 0 0 0 0 0 0 11 0 0 0 0 0 0 0 0 0 0 0 0 0 0 1 65 22 0 14 13 13 27 25 0 0 0 0 0 18 0 0 0 58 14 0 0 0 3 11 8 4 5 5 38 35 13 15 0 0 3 0 0 0 8 0 0 0 0 0 0 0 0 4 0 0 0 0 0 0 0 10 0 0 82 0 4 10 7 70 5 0 13 0 0 0 0 5 0 0 0 0 0 0 0 0 10 0 0 5 2 0 
 1 2 1 1 8 1 1 0 1 0 0 0 1 2 0 1 0 0 1 1 1 9 2 103 120 64 1 1 18 68 62 23 18 0 1 21 31 62 7 11 96 161 154 200 44 304 0 94 321 27 46 76 165 72 79 36 130 263 484 314 0 0 0 0 0 0 0 0 0 0 0 0 0 0 0 0 0 0 0 16 0 0 0 0 0 0 0 0 0 0 0 0 0 0 0 0 10 0 0 0 12 0 5 7 2 67 0 0 0 8 11 0 6 0 9 0 0 15 14 0 34 7 10 0 0 0 7 21 40 12 0 0 0 17 10 0 7 12 9 14 0 0 0 0 0 0 0 0 0 0 2 0 0 0 0 0 0 0 0 0 0 0 0 0 0 0 0 0 0 0 0 0 22 0 0 8 0 0 0 0 10 10 0 0 0 0 0 0 3 5 45 12 0 1 0 11 14 14 5 3 0 14 10 10 0 0 27 12 0 17 0 0 19 35 14 13 0 12 18 0 0 0 0 0 0 0 0 0 0 0 9 0 0 0 0 0 0 0 0 0 0 0 0 0 0 0 0 0 0 0 0 0 0 0 0 0 0 0 61 0 37 0 0 0 0 2 0 25 0 0 0 0 0 0 0 0 0 0 0 0 0 0 0 0 0 0 0 8 1 0 
 0 0 0 4 0 0 0 0 0 0 0 0 0 0 0 0 0 0 0 0 4 3 15 0 0 53 62 5 2 0 0 64 0 0 0 23 0 0 0 0 207 172 199 83 295 102 94 0 109 74 234 51 136 163 84 87 47 39 57 57 0 0 0 0 0 0 0 0 0 0 0 0 0 0 0 0 0 0 0 0 0 0 0 0 10 0 0 0 0 0 0 0 0 0 0 0 0 0 0 0 29 0 0 11 4 0 0 0 3 3 0 0 0 2 0 3 0 0 16 0 0 24 67 10 0 14 0 0 20 17 4 3 0 26 9 11 10 13 11 15 12 0 0 0 15 0 0 0 0 0 0 7 8 0 0 0 0 0 0 0 0 0 0 0 0 0 0 0 0 0 0 0 0 0 0 0 0 0 0 0 5 0 0 0 0 7 0 1 0 0 0 0 0 0 7 0 0 0 0 0 13 23 11 0 0 10 7 66 19 17 2 22 0 7 1 0 3 11 30 10 0 0 0 0 0 7 0 0 4 14 0 0 0 0 0 0 0 0 9 0 0 0 0 0 0 0 0 0 0 21 0 4 0 2 0 0 0 0 0 0 0 0 1 79 2 0 0 0 0 0 13 0 0 0 0 0 0 0 0 0 0 0 0 0 1 0 0 0 0 0 
 0 0 0 0 0 0 0 5 0 0 0 0 0 2 0 0 0 4 0 32 0 0 0 0 0 0 0 3 0 1 0 2 0 0 0 0 0 0 0 0 208 347 483 103 132 37 321 109 0 240 181 35 340 406 196 354 194 175 368 48 58 24 0 2 2 0 57 0 0 1 28 0 50 0 0 3 6 0 21 49 0 0 0 0 0 0 0 0 0 0 0 0 0 0 0 0 0 0 0 9 0 0 0 9 0 0 0 0 0 0 0 0 0 0 0 0 0 0 0 0 23 0 13 0 18 31 3 14 27 6 8 17 0 0 0 0 9 0 0 0 0 35 0 0 3 32 6 0 0 16 0 0 7 0 15 15 7 0 9 22 0 0 7 0 0 0 0 0 0 0 0 0 0 2 0 0 0 0 0 0 0 0 0 0 0 0 0 0 0 0 1 0 0 0 0 0 4 0 0 0 0 9 21 29 31 1 0 40 18 1 26 54 2 1 0 0 0 0 0 14 0 16 1 0 1 16 0 0 27 27 0 0 19 24 0 0 3 0 9 15 0 0 0 0 0 0 0 0 0 0 0 1 0 0 0 0 0 0 0 1 0 0 65 0 0 3 2 0 0 0 0 0 0 0 0 0 0 0 0 0 0 0 0 0 0 13 0 8 0 0 
 0 0 0 0 0 1 0 0 63 0 0 0 0 0 0 0 0 0 2 0 0 0 0 0 0 0 0 0 0 5 0 0 2 4 0 0 0 3 0 0 97 53 317 187 98 151 27 74 240 0 146 54 48 74 99 415 297 391 160 73 48 0 0 4 0 0 1 0 0 0 0 57 17 53 0 0 0 0 49 0 0 0 0 0 0 0 0 0 0 0 0 0 0 0 0 0 0 0 0 0 0 0 0 0 0 0 0 0 0 0 0 0 0 0 0 0 0 0 0 0 0 0 0 0 13 18 0 0 0 12 0 12 0 0 0 0 0 0 0 0 10 27 10 0 0 0 80 8 0 26 0 1 11 17 15 15 0 0 12 12 0 0 0 1 1 0 0 0 0 0 0 0 0 0 0 0 0 0 0 20 0 0 0 0 0 0 0 0 0 0 0 0 0 0 0 0 0 0 0 0 14 7 8 30 7 18 0 0 0 0 58 32 0 0 0 0 9 0 0 30 4 12 32 0 0 0 0 1 41 0 0 2 42 19 1 0 0 13 0 6 0 0 0 0 0 0 1 0 0 0 0 0 0 2 0 0 2 0 0 0 0 0 0 2 4 3 11 3 0 0 0 5 0 0 0 0 0 0 0 0 0 4 1 0 19 6 0 0 0 0 
 0 0 0 6 1 1 0 61 63 2 2 1 3 0 2 0 1 63 0 0 3 3 3 3 74 3 9 6 3 3 3 5 3 3 3 3 67 6 3 4 255 33 172 184 141 303 46 234 181 146 0 119 42 255 70 66 506 261 48 51 49 0 0 0 0 0 101 0 0 0 0 0 1 24 0 0 0 0 0 0 10 0 28 1 9 0 2 0 11 8 10 8 0 0 0 0 0 0 0 0 0 0 0 0 0 0 0 0 0 0 0 0 0 0 0 0 0 0 0 0 18 1 6 0 8 1 0 0 0 0 39 13 0 0 0 1 8 24 0 0 0 0 0 0 0 0 31 12 0 35 0 43 2 8 0 9 3 0 9 1 0 0 0 0 16 1 0 0 0 0 0 0 0 0 0 0 12 7 0 0 0 0 0 0 0 0 0 0 0 0 0 0 13 0 0 0 0 0 0 0 0 0 33 11 0 0 0 14 1 10 10 19 18 1 0 0 0 18 0 1 0 19 10 0 0 0 1 10 8 0 0 0 12 27 13 29 0 0 0 9 0 6 7 0 0 0 1 0 0 0 0 13 0 0 0 0 0 0 0 10 0 0 74 0 2 2 0 64 0 0 1 0 0 0 0 0 0 0 0 0 0 0 0 0 0 14 0 8 0 0 
 3 3 24 3 26 3 3 3 5 3 3 3 3 3 65 25 3 3 2 3 0 5 2 0 1 0 0 2 0 1 0 0 5 2 0 4 5 2 8 6 48 52 131 360 114 507 76 51 35 54 119 0 57 48 55 184 161 91 253 42 59 46 3 1 0 0 0 0 0 0 0 0 0 2 1 0 0 17 76 0 0 0 0 0 0 0 0 0 0 0 0 0 0 0 0 0 0 9 0 0 5 2 6 0 0 0 0 0 0 5 0 0 7 0 8 0 0 0 5 10 0 37 0 1 24 2 0 0 0 0 41 39 0 0 0 0 6 22 0 0 9 0 1 0 0 0 32 0 0 9 0 0 64 18 13 11 0 1 27 23 0 0 0 0 0 0 0 0 0 0 0 0 0 0 0 0 0 0 0 0 5 22 0 0 0 0 0 0 0 2 0 0 0 1 0 6 12 7 9 5 2 0 0 22 28 8 0 1 0 0 34 1 0 0 0 12 4 14 14 0 0 17 0 9 0 0 2 14 9 8 20 0 7 40 24 0 0 0 9 7 0 0 13 0 0 0 0 0 0 0 0 11 0 0 0 0 0 0 0 14 0 16 2 0 4 5 2 5 2 0 0 0 0 0 0 9 0 0 0 0 0 0 0 0 8 0 0 0 0 0 
 2 3 2 2 2 2 3 2 2 2 2 66 3 2 3 23 2 2 3 3 0 0 3 135 164 63 0 0 84 71 0 20 0 4 4 1 147 56 0 2 38 121 149 76 76 33 165 136 340 48 42 57 0 103 99 43 37 25 187 138 0 0 0 1 0 1 0 0 0 3 0 0 0 2 0 3 1 0 1 0 0 0 0 0 0 0 0 0 0 0 0 0 0 0 0 0 0 0 0 0 0 0 0 0 10 12 0 0 0 0 0 11 0 8 10 0 0 0 0 0 10 17 6 1 0 9 19 7 35 21 0 0 9 12 49 24 12 0 0 0 0 0 0 0 0 0 1 0 0 0 2 0 6 0 0 0 0 0 0 0 0 20 0 0 0 0 0 0 0 0 6 0 0 0 0 0 0 0 0 0 0 0 0 0 0 0 0 5 5 0 24 0 0 4 4 0 2 0 0 0 5 36 1 0 18 0 56 17 0 11 0 8 1 14 23 9 0 16 6 0 3 0 0 0 0 18 0 0 0 0 0 0 0 0 0 0 0 0 13 1 0 0 0 0 0 0 0 0 0 0 0 9 0 0 0 0 0 0 0 0 0 0 0 76 0 5 3 0 2 0 0 0 0 0 0 0 0 0 0 0 0 0 0 0 0 0 0 0 2 0 
 0 0 0 0 5 0 0 3 0 63 61 0 0 0 0 0 0 0 66 0 2 2 2 2 65 222 2 5 2 96 2 82 2 2 2 2 65 64 2 2 204 333 147 161 91 37 72 163 406 74 255 48 103 0 230 62 322 33 336 132 5 3 0 0 0 1 7 0 0 1 10 0 0 4 2 6 8 0 0 0 0 0 0 0 0 0 0 0 0 0 0 0 0 0 0 0 0 0 0 0 0 0 0 2 8 44 0 0 0 0 0 26 0 0 0 0 0 11 0 0 21 23 0 2 0 0 1 12 0 14 36 0 43 36 9 16 19 60 7 7 0 0 0 0 4 5 0 0 0 0 1 2 0 0 0 0 0 0 0 0 0 0 0 0 0 0 0 0 0 0 0 0 0 0 0 0 0 0 0 0 0 0 0 0 6 7 0 0 0 1 11 11 0 0 0 0 0 0 0 0 9 8 15 10 0 0 29 10 42 9 0 0 9 10 24 0 9 9 4 0 0 0 0 0 1 5 0 2 6 0 0 0 0 0 0 0 0 0 0 0 0 0 0 0 0 0 0 0 0 0 0 2 0 1 0 0 0 0 0 1 0 0 0 2 0 3 2 0 0 0 0 0 0 0 0 0 0 0 0 0 0 0 0 0 0 0 0 9 0 0 
 2 5 3 20 0 0 2 0 0 0 0 0 2 3 3 4 6 0 8 0 0 0 0 0 94 116 6 0 0 64 0 93 2 0 0 0 0 0 0 0 44 741 78 146 306 286 79 84 196 99 70 55 99 230 0 94 119 45 279 337 0 0 0 17 0 5 0 0 56 0 1 51 0 209 0 13 2 0 24 0 0 3 0 2 0 0 2 0 1 0 0 0 0 0 6 0 6 0 6 0 0 0 0 0 16 14 0 0 0 0 0 0 0 0 0 0 0 0 0 0 30 0 0 10 0 0 20 22 17 41 6 0 0 18 35 1 0 0 1 0 0 0 0 0 0 0 0 0 0 0 4 0 0 0 0 0 0 0 0 0 0 0 4 0 0 0 0 5 4 0 0 0 0 0 4 5 0 0 0 0 0 0 0 0 0 22 0 0 0 0 2 0 0 0 0 0 0 0 0 0 0 1 75 13 10 0 78 0 20 18 0 0 5 22 16 25 8 22 20 20 0 0 0 0 0 0 0 0 0 0 0 0 0 0 0 0 0 0 0 0 0 0 0 0 0 0 0 0 0 0 0 0 0 2 0 0 0 0 0 2 0 0 2 68 2 2 5 0 0 0 0 0 0 0 0 0 0 0 0 0 0 0 0 0 0 0 0 0 0 0 
 0 0 0 0 0 0 0 5 0 0 0 0 0 0 0 0 0 0 0 0 0 0 0 0 0 1 0 0 0 1 0 0 0 0 0 0 0 0 0 3 104 67 56 75 272 146 36 87 354 415 66 184 43 62 94 0 225 138 38 56 0 0 0 0 0 0 0 0 0 0 0 0 18 0 0 2 0 6 0 51 20 0 0 0 0 0 0 0 0 0 0 0 0 0 0 0 0 0 0 0 0 0 0 0 0 0 0 0 0 0 0 0 0 0 0 0 0 0 0 0 0 13 3 0 26 0 0 0 17 16 0 54 0 0 0 0 36 15 0 0 39 0 2 0 0 0 10 0 0 0 0 6 4 13 1 9 0 0 6 32 0 0 0 0 0 0 0 0 0 0 0 0 0 0 0 0 18 0 0 0 0 0 0 0 0 0 0 0 0 0 0 0 0 0 0 0 0 0 0 0 0 19 0 26 0 31 0 18 15 1 30 0 0 0 8 0 14 4 0 17 4 69 0 0 0 0 0 14 25 0 0 0 10 0 10 0 0 3 9 14 0 0 0 0 0 0 0 0 0 0 0 9 0 0 0 0 0 0 0 8 0 0 1 0 0 0 2 74 0 0 15 0 0 0 0 0 0 0 0 0 0 0 0 0 10 15 0 0 2 0 
 0 0 0 0 0 0 0 3 0 0 0 0 0 0 0 0 0 0 0 0 2 2 2 2 2 2 2 2 2 2 2 2 2 2 2 3 2 2 2 3 48 124 107 97 50 195 130 47 194 297 506 161 37 322 119 225 0 140 24 41 0 0 0 4 1 0 0 0 0 0 205 4 0 0 0 0 0 0 0 50 0 0 0 0 0 0 0 0 0 0 0 0 0 0 0 0 0 0 0 0 0 0 0 0 0 0 0 0 0 0 0 0 0 0 0 0 0 0 0 0 11 0 2 12 19 0 0 11 24 0 14 33 0 0 0 0 27 17 0 0 2 9 0 0 1 0 14 0 0 7 0 0 10 9 0 0 0 1 11 21 0 2 0 0 0 0 0 0 0 0 0 0 0 0 0 0 0 0 0 0 0 0 0 2 0 0 0 0 0 0 0 0 0 0 0 0 0 0 0 0 0 0 5 26 0 0 0 14 15 3 10 24 0 0 0 0 0 8 0 1 0 1 0 0 0 0 0 6 2 0 0 2 19 21 13 0 0 0 34 2 0 0 11 0 0 0 0 0 0 0 0 6 0 0 0 0 0 0 0 22 0 0 37 0 0 3 6 37 0 0 18 0 0 0 0 0 0 0 0 0 0 0 0 0 0 13 0 12 0 0 
 2 2 4 3 3 2 5 2 10 2 2 2 2 15 2 35 2 21 17 2 61 0 0 0 0 0 0 3 0 0 0 0 0 0 0 4 0 57 0 3 27 44 254 139 253 1110 263 39 175 391 261 91 25 33 45 138 140 0 247 42 20 0 0 0 0 0 1 0 0 0 0 0 45 51 0 0 0 0 52 0 5 0 5 9 0 0 9 0 3 7 5 7 0 0 0 0 3 0 3 0 0 0 0 0 0 0 0 10 0 0 0 0 0 0 0 0 0 0 0 0 0 0 0 0 22 12 0 0 9 4 27 29 0 0 0 0 0 33 0 0 2 27 1 0 0 0 40 7 0 8 0 0 10 25 15 32 0 0 24 21 0 0 0 0 0 6 0 0 0 0 0 0 0 0 0 0 4 0 0 0 0 0 0 0 0 3 0 0 0 0 0 0 0 0 0 0 0 0 0 0 0 0 0 12 0 21 11 11 11 0 53 19 0 0 4 0 12 7 0 0 22 15 0 0 0 0 0 16 13 0 0 0 14 38 3 0 0 0 0 25 0 3 17 0 0 0 0 0 0 0 0 1 0 20 0 0 0 0 0 1 0 1 12 0 0 5 0 2 0 0 12 0 0 0 0 0 0 0 0 0 0 0 0 0 12 0 0 0 0 5 
 0 0 0 0 0 0 0 67 4 0 0 0 0 0 0 0 0 59 0 0 269 76 62 125 126 0 64 24 206 277 130 1 2 0 0 51 17 67 0 0 247 530 461 103 301 287 484 57 368 160 48 253 187 336 279 38 24 247 0 396 0 0 0 0 1 0 0 8 0 0 60 0 0 0 0 0 0 0 0 0 9 0 6 0 25 0 0 2 2 8 7 8 0 0 0 0 0 0 0 16 0 0 14 8 11 7 0 0 3 2 15 0 0 8 14 0 0 0 0 0 0 0 0 7 0 0 11 6 0 0 0 0 14 0 20 0 9 0 27 14 0 0 0 0 0 0 0 0 0 0 0 0 0 0 0 0 0 0 0 0 0 2 19 0 2 0 0 9 0 1 0 0 4 0 0 0 5 24 0 0 0 11 10 26 5 0 0 0 0 30 6 0 2 0 0 32 0 0 0 0 11 5 9 5 0 0 0 0 0 0 14 0 0 0 9 10 12 1 45 11 6 0 0 0 0 0 0 0 0 24 0 0 0 0 0 0 0 0 0 0 0 9 0 0 0 0 0 0 0 0 0 0 0 1 0 0 1 70 62 2 0 0 10 0 3 2 0 0 0 0 0 0 0 0 0 0 0 0 0 0 0 0 0 0 12 0 10 0 0 0 
 0 0 0 0 33 0 0 1 0 0 0 62 0 0 0 21 0 0 1 0 1 2 62 1 130 59 2 14 0 131 62 133 61 1 0 0 2 6 69 0 39 103 41 47 83 195 314 57 48 73 51 42 138 132 337 56 41 42 396 0 0 0 0 0 0 0 0 0 0 0 0 0 0 0 0 1 0 1 1 2 0 0 0 0 0 0 0 0 0 0 0 0 5 0 0 0 0 0 0 0 19 0 0 0 10 0 10 10 0 0 5 3 0 0 0 9 10 5 0 33 8 8 15 15 0 0 1 6 13 40 2 0 0 11 29 34 0 0 0 10 0 0 0 0 0 0 0 24 0 0 1 0 9 0 0 0 0 0 0 0 0 0 0 0 34 0 0 0 0 0 36 0 0 0 0 0 0 0 0 0 0 0 0 3 8 0 0 31 24 0 43 0 0 0 0 0 20 0 8 0 13 39 8 0 3 0 1 3 0 19 0 0 10 21 22 10 2 17 21 0 0 0 0 0 0 0 0 0 0 0 0 0 0 0 0 0 0 0 0 1 0 0 0 0 0 0 0 0 0 0 0 9 1 0 0 0 0 1 0 0 0 0 3 64 2 2 2 0 0 0 0 0 0 4 0 11 0 0 0 0 0 0 0 0 0 0 0 0 2 0 
 0 0 0 2 0 0 0 0 3 0 0 0 0 0 0 0 0 0 0 0 0 0 0 0 1 0 0 0 0 0 2 2 0 0 0 0 3 0 0 0 0 0 57 105 66 102 0 0 58 48 49 59 0 5 0 0 0 20 0 0 0 148 91 60 246 38 267 47 53 71 117 42 81 349 101 93 140 10 157 92 0 0 0 0 8 0 0 0 0 0 0 0 0 0 0 0 0 0 0 0 0 0 0 0 0 0 0 0 0 0 0 0 0 0 0 0 0 0 0 0 0 0 0 8 17 37 0 0 0 0 10 9 0 0 13 0 0 0 0 0 0 10 0 0 7 10 8 7 0 17 0 2 11 15 22 13 7 3 19 11 0 0 0 0 0 0 0 0 0 0 0 0 0 0 0 0 0 0 0 0 0 0 0 0 0 0 0 0 0 0 0 0 0 0 0 0 0 0 0 0 0 0 0 25 13 29 0 0 0 0 7 17 0 0 7 0 0 0 0 0 0 14 0 0 7 10 0 1 27 6 0 0 6 14 0 0 18 0 29 14 0 0 0 0 0 0 0 0 0 0 0 0 0 0 26 0 21 0 0 0 0 0 0 0 52 0 0 0 0 0 11 1 0 2 2 1 0 0 0 0 0 0 0 0 1 0 0 0 0 0 
