 0 321 93 259 336 22 237 409 145 429 36 139 117 244 35 106 207 96 157 133 2 0 2 0 0 0 0 2 1 0 0 0 0 2 0 3 3 3 3 2 0 0 3 7 0 1 0 0 0 0 3 30 0 0 0 0 3 31 0 0 0 2 0 0 9 3 2 0 0 1 2 2 0 0 0 2 0 2 0 0 60 46 0 17 0 0 14 21 6 24 0 47 38 12 14 0 6 0 11 51 0 0 0 0 0 0 0 0 0 0 0 0 0 0 0 0 0 0 0 0 1 0 4 0 1 0 1 0 0 17 0 0 0 0 0 0 0 2 0 1 0 0 0 0 0 0 0 0 0 0 0 0 0 0 0 0 0 0 0 0 0 20 11 0 0 18 14 18 28 0 3 0 0 14 18 28 21 0 0 49 0 0 0 0 0 0 0 0 0 0 0 0 0 0 0 0 0 0 1 0 0 0 0 0 0 0 0 1 0 0 0 0 2 0 0 0 0 0 0 0 1 0 0 0 0 0 0 0 0 2 0 0 0 0 0 0 0 0 0 0 0 0 5 0 0 1 94 0 0 0 0 6 0 0 0 0 0 0 0 0 0 0 0 0 0 0 0 0 0 0 0 0 0 0 0 0 17 0 0 0 0 0 0 0 0 0 0 0 0 0 
 321 0 445 263 124 124 244 87 255 439 52 128 60 104 139 326 31 429 362 41 1 0 2 0 0 0 0 0 0 1 0 0 0 0 0 0 3 0 3 0 0 0 3 0 0 0 0 0 0 0 0 0 0 0 0 0 3 2 0 0 0 2 0 0 1 0 2 0 0 0 2 3 0 0 2 2 0 3 0 0 32 23 0 1 1 22 0 20 32 17 30 0 11 5 47 15 44 14 0 27 0 0 0 0 0 0 19 9 0 0 13 0 0 1 0 0 0 0 0 0 0 0 0 0 0 0 8 0 0 0 0 0 0 0 0 0 0 0 0 0 0 0 0 0 0 0 43 0 0 14 0 0 0 0 0 0 0 0 0 0 20 5 55 1 2 0 21 28 19 0 53 27 0 2 15 32 13 16 3 0 0 0 18 0 0 0 0 0 0 0 0 0 0 0 0 0 0 0 13 4 0 0 0 0 0 0 0 0 14 0 0 0 0 0 0 0 0 0 0 0 0 0 0 0 0 0 0 0 0 0 0 0 0 0 0 0 0 0 0 0 0 1 0 0 0 0 95 0 0 46 17 12 0 0 0 11 0 0 0 0 0 0 0 0 0 0 0 0 0 0 0 0 0 0 0 0 5 0 0 0 0 0 0 0 0 0 0 2 0 0 
 93 445 0 185 310 24 177 432 403 192 272 252 81 233 139 169 198 158 471 43 5 3 2 3 1 2 2 0 2 0 0 3 78 5 0 3 3 1 78 2 0 0 3 0 0 2 0 0 0 0 0 0 0 0 0 0 7 2 0 0 0 3 0 5 0 0 4 0 3 6 5 5 10 2 4 8 3 4 0 1 45 38 0 4 23 14 0 14 31 53 7 13 15 50 12 0 18 31 21 31 0 8 0 0 0 0 7 0 0 0 0 0 8 0 0 0 0 0 21 10 0 0 0 0 0 5 0 0 0 0 0 0 0 0 0 0 0 0 0 0 0 0 0 3 0 0 10 4 0 0 1 0 0 0 0 0 0 0 0 0 14 9 23 14 11 0 28 8 0 0 12 13 0 0 0 22 0 26 18 0 0 19 0 0 0 0 0 0 0 0 0 0 0 0 0 0 0 0 16 9 0 0 14 0 0 0 0 0 0 0 0 0 0 0 0 0 0 0 0 0 0 0 0 0 0 0 0 0 0 0 0 0 8 0 0 0 0 0 0 0 0 0 0 0 0 2 89 0 1 0 17 9 60 0 0 0 0 0 0 0 0 0 0 0 0 0 0 0 0 0 2 0 0 0 0 0 11 0 0 0 0 0 0 0 0 0 0 0 0 0 
 259 263 185 0 392 133 180 300 292 334 154 206 278 282 144 67 342 223 79 52 90 0 0 0 2 2 19 80 76 2 0 0 0 0 0 3 0 2 151 0 0 6 8 10 1 3 63 0 0 3 0 0 0 3 0 0 0 2 4 5 0 6 10 1 0 0 0 0 0 0 0 0 0 4 51 0 7 4 3 0 24 0 35 38 14 1 9 19 0 18 10 0 13 0 0 21 1 11 0 0 0 6 22 0 0 0 11 12 0 0 0 0 61 0 45 1 0 7 21 10 0 0 0 0 0 0 0 0 0 0 0 0 2 0 0 0 0 0 2 0 2 0 0 5 0 0 0 5 0 0 0 0 0 2 0 0 0 2 0 0 18 0 72 0 11 5 0 0 14 22 10 29 0 0 0 7 0 20 0 0 0 16 0 0 0 0 9 0 0 0 0 0 18 2 0 0 0 0 11 19 0 1 17 0 0 0 0 0 0 0 2 0 0 0 0 0 0 0 0 0 0 0 0 1 1 0 0 0 0 0 0 0 0 0 0 0 0 0 0 0 0 17 0 0 0 2 2 0 49 89 0 5 0 0 0 0 0 0 0 0 0 0 0 0 0 0 0 0 0 0 0 0 0 0 0 0 0 2 0 0 0 0 0 0 0 0 0 0 0 0 
 336 124 310 392 0 112 81 62 139 331 169 28 163 326 242 233 137 340 83 65 22 4 2 0 0 0 79 2 0 7 1 0 0 75 78 0 3 0 99 76 1 0 3 0 0 0 0 0 58 0 0 1 5 0 0 0 3 0 0 0 0 2 5 0 0 0 5 0 0 0 2 4 0 0 4 2 0 2 0 0 18 11 17 10 10 9 0 8 0 7 40 28 17 1 15 5 15 19 0 1 8 11 0 14 0 0 0 0 0 0 51 2 13 0 0 0 2 0 0 0 0 0 0 0 0 0 0 0 0 0 0 0 0 2 0 0 0 0 0 0 0 0 0 4 0 0 0 1 0 0 1 0 0 0 0 0 0 0 0 0 12 0 10 14 13 33 0 1 10 34 28 11 0 9 0 0 0 16 0 1 13 10 0 0 0 0 0 1 14 0 0 0 22 0 13 5 0 0 20 32 0 0 13 2 0 0 0 0 0 0 0 2 0 0 0 0 1 0 0 0 0 0 0 0 0 10 0 0 0 0 0 0 0 0 0 0 0 0 0 0 0 0 0 0 0 6 51 0 90 8 0 12 0 0 0 0 0 0 0 0 0 0 21 0 0 0 2 0 41 0 0 0 0 0 0 0 0 0 0 0 0 0 0 0 0 0 0 0 0 0 
 22 124 24 133 112 0 26 44 42 371 278 175 52 257 260 58 496 83 135 41 0 102 5 74 0 0 99 101 25 82 3 0 170 74 2 37 64 61 5 0 0 0 3 0 1 1 1 0 0 2 0 0 0 2 0 0 3 1 0 2 0 2 2 0 2 0 3 0 1 0 2 2 0 3 3 2 0 3 0 0 0 1 2 9 18 17 0 0 19 18 1 10 0 0 0 0 0 16 0 0 9 10 43 21 0 0 34 17 9 10 0 0 15 19 5 21 0 0 23 1 0 0 0 0 0 0 0 0 0 0 0 0 0 0 0 0 0 0 0 0 0 0 0 0 0 0 11 0 0 0 0 0 0 0 5 0 0 0 0 0 0 0 0 0 31 11 0 2 0 0 0 29 0 0 0 24 0 18 0 0 30 24 14 0 2 0 25 18 19 18 15 0 17 0 12 21 5 18 39 52 0 0 0 0 0 0 0 0 0 0 0 0 0 0 0 0 0 0 0 0 0 0 0 0 0 0 0 0 0 0 0 0 0 0 0 0 0 0 0 0 0 21 0 0 0 2 1 1 0 56 0 2 4 10 0 0 0 0 0 0 0 0 0 0 0 0 1 0 0 0 0 0 0 0 0 0 19 14 0 0 0 0 0 0 0 10 15 0 0 0 
 237 244 177 180 81 26 0 245 434 84 28 105 302 48 125 38 120 164 138 115 1 0 4 0 2 0 0 0 0 0 203 0 0 0 0 0 4 0 3 0 0 0 3 0 0 1 0 0 0 2 61 0 37 0 0 0 3 0 0 0 0 3 0 0 4 0 2 0 0 0 2 2 2 0 0 8 0 2 0 0 25 0 19 0 10 0 22 28 0 12 18 0 17 7 54 26 17 11 17 0 0 0 0 0 0 0 0 0 0 0 0 0 26 0 0 0 0 0 0 0 0 0 0 0 0 0 0 0 0 0 0 0 0 0 0 0 0 0 0 0 0 0 0 2 0 0 0 1 0 0 0 0 0 0 0 0 0 0 0 0 21 29 63 43 0 0 0 17 13 39 3 0 19 22 35 12 57 0 17 24 0 0 0 11 0 0 0 0 0 0 0 12 0 0 6 0 0 0 3 0 0 0 0 0 0 0 0 0 0 0 0 0 0 0 0 0 0 0 0 0 0 0 0 0 0 0 0 0 0 0 0 0 0 0 0 0 0 0 0 0 0 0 0 0 0 0 1 0 4 2 0 15 0 0 0 0 0 0 0 0 0 0 0 0 0 0 0 0 0 0 0 0 0 0 0 0 0 0 0 0 0 0 0 0 0 0 0 0 0 0 
 409 87 432 300 62 44 245 0 250 51 27 126 136 225 47 56 241 44 273 155 7 2 5 0 0 0 5 0 0 5 0 2 0 8 2 0 3 4 3 2 0 3 3 0 0 7 0 0 5 0 0 0 0 3 6 60 6 4 0 0 0 2 0 0 5 3 2 0 0 20 2 4 6 0 0 7 2 4 0 0 14 16 1 14 21 0 32 41 10 0 10 18 0 0 50 0 9 14 25 12 0 0 0 0 0 1 0 0 0 0 0 0 0 0 0 0 0 0 0 0 0 0 0 0 0 0 0 0 0 0 0 0 0 0 0 0 0 0 0 0 0 0 0 0 0 0 0 0 0 2 0 0 0 0 0 0 0 0 0 0 35 36 21 48 0 70 0 30 0 1 0 0 20 15 10 11 27 6 16 25 0 0 0 0 0 0 0 0 0 0 0 1 0 0 0 0 0 0 5 0 0 0 0 15 0 0 0 0 0 0 0 0 0 0 1 0 0 0 0 0 0 0 0 0 0 0 0 0 0 0 0 0 0 0 0 0 0 0 13 0 0 0 0 0 0 0 0 0 1 0 16 6 0 0 0 0 0 0 0 0 0 0 0 0 0 0 0 0 0 0 0 0 0 0 0 0 0 0 0 0 0 0 0 0 0 0 0 0 0 0 
 145 255 403 292 139 42 434 250 0 304 56 256 512 275 163 99 244 270 319 133 7 0 2 0 5 3 0 0 0 0 0 0 0 2 0 6 6 0 39 2 0 63 6 0 0 6 0 0 0 0 6 0 0 0 0 0 3 3 0 0 0 2 0 0 2 6 3 0 0 0 2 2 0 0 1 2 0 3 2 0 58 10 30 9 9 0 18 21 16 1 20 24 0 11 32 0 41 32 14 30 0 0 0 0 0 0 0 0 0 0 0 0 0 0 0 0 0 0 0 0 0 0 0 0 0 0 0 0 0 0 0 0 0 0 0 0 0 0 0 2 0 0 0 6 0 0 0 0 0 0 0 0 0 0 0 0 0 0 0 0 49 19 35 81 0 3 32 8 1 12 0 0 9 23 0 0 0 0 37 0 0 0 0 0 0 0 1 0 0 0 0 0 0 0 0 0 0 0 0 0 0 0 0 38 0 0 0 1 0 0 0 0 0 0 0 0 0 0 0 0 2 0 0 0 0 0 0 0 0 0 0 0 0 0 0 2 0 0 0 0 0 0 0 0 0 0 1 0 3 1 12 8 0 0 0 0 0 0 0 0 0 0 0 0 0 0 0 0 0 0 0 0 0 0 0 19 20 0 0 0 0 0 0 0 0 0 0 0 0 0 
 429 439 192 334 331 371 84 51 304 0 199 336 376 74 94 219 75 183 158 100 1 0 2 0 0 0 78 3 0 0 0 0 0 0 0 0 3 0 58 0 0 63 3 3 0 0 0 0 0 0 5 0 0 0 0 0 3 0 0 0 0 2 0 0 2 0 3 0 0 0 2 2 0 0 27 2 0 3 0 0 45 38 0 1 34 16 0 0 18 28 25 0 15 28 31 35 20 12 1 12 0 8 0 0 0 0 27 14 0 0 0 0 24 0 16 0 0 1 0 0 2 0 1 0 0 0 0 0 0 0 0 0 2 0 0 0 2 0 1 0 2 0 0 1 0 0 0 0 0 0 0 0 0 2 0 0 0 2 0 0 1 0 10 15 12 0 0 0 17 25 6 10 0 9 29 32 22 9 0 0 0 27 0 0 0 0 0 0 0 9 0 0 0 2 0 0 0 0 0 0 0 1 10 0 0 0 0 0 0 0 2 0 0 0 0 0 0 0 0 0 0 0 0 1 0 0 0 0 0 0 0 0 0 0 0 0 0 0 0 0 0 10 0 0 0 2 47 0 2 1 2 4 0 0 0 0 0 0 0 0 0 0 0 0 0 0 0 0 0 0 0 0 0 0 0 0 0 0 0 0 0 0 0 0 0 0 0 0 0 0 
 36 52 272 154 169 278 28 27 56 199 0 487 274 46 59 103 166 231 122 72 1 87 2 0 0 1 72 0 37 0 0 0 0 72 76 0 3 0 77 4 0 0 3 0 66 0 2 0 0 0 75 0 0 0 0 0 3 2 0 0 0 2 0 0 0 0 2 0 0 0 2 2 0 0 0 2 0 2 0 0 0 1 1 20 13 38 0 0 1 12 10 10 1 0 0 11 0 1 0 0 18 0 0 11 0 0 37 28 0 0 0 0 40 19 7 0 11 0 65 1 0 0 0 0 0 0 0 0 0 1 0 0 0 0 0 0 0 0 0 0 3 0 1 0 0 0 1 0 24 0 0 0 0 0 0 0 0 0 0 0 0 0 0 0 9 14 0 1 15 2 1 34 0 0 0 19 0 24 0 0 0 0 0 0 0 0 41 14 0 0 0 0 17 0 22 13 0 0 2 18 0 0 0 0 0 0 2 0 0 0 0 0 0 0 0 0 0 0 1 0 0 0 24 0 0 0 0 0 0 0 2 0 0 0 40 0 0 0 0 0 0 10 0 0 0 4 6 0 2 105 0 8 0 0 0 0 0 0 0 0 0 0 0 0 0 0 0 0 0 0 0 0 0 0 0 4 35 0 0 0 0 0 0 0 0 0 0 0 0 32 
 139 128 252 206 28 175 105 126 256 336 487 0 34 126 245 47 481 186 236 48 1 0 2 0 0 2 74 0 1 0 8 0 75 78 62 0 4 1 32 2 0 0 3 0 56 2 0 0 0 0 0 0 0 0 0 0 3 1 0 2 0 2 4 0 0 0 2 0 0 0 2 7 0 0 7 2 0 2 0 0 0 0 7 18 19 18 13 0 2 0 0 9 0 1 0 16 12 2 0 0 0 0 0 0 0 0 31 41 0 0 0 0 36 0 1 0 0 0 8 0 0 0 2 0 0 0 0 0 2 0 0 0 0 0 0 0 0 0 0 0 0 0 0 0 0 0 1 0 0 0 0 0 0 0 18 0 0 0 0 0 1 0 19 0 3 11 2 22 20 0 0 40 0 0 59 44 10 0 0 0 9 0 0 0 0 0 44 12 0 0 0 0 3 0 10 12 0 0 20 23 0 0 0 0 0 0 0 0 0 0 0 0 0 0 0 0 2 0 0 0 0 0 0 0 0 0 0 0 0 0 0 0 0 0 2 0 0 0 0 0 0 20 0 0 0 2 0 0 0 132 2 0 0 0 0 0 0 0 0 2 0 0 0 0 0 0 0 0 0 0 0 0 0 0 0 11 10 0 0 0 0 0 0 0 0 0 0 0 0 0 
 117 60 81 278 163 52 302 136 512 376 274 34 0 67 260 25 320 248 350 81 67 0 2 0 0 0 0 0 0 0 0 0 0 0 0 0 3 2 3 0 0 0 3 0 0 6 0 0 0 0 0 2 0 0 0 0 3 2 0 0 0 3 0 0 0 0 2 0 0 0 2 2 0 2 2 2 0 2 0 0 28 0 11 19 1 0 26 22 0 0 9 14 0 13 16 12 16 14 17 0 0 0 0 0 0 0 0 0 0 0 0 0 0 0 0 0 0 0 0 0 0 0 0 0 0 0 0 0 5 0 0 0 0 20 0 0 0 0 0 0 0 0 0 0 0 0 0 0 0 0 0 0 0 0 0 0 0 0 0 0 53 18 39 21 0 0 9 2 0 3 10 4 26 26 2 0 0 0 10 0 0 0 0 0 0 0 0 0 1 0 0 0 0 0 0 0 0 0 0 0 0 0 0 1 0 0 0 0 0 0 0 0 0 0 0 0 0 0 0 0 0 0 0 0 0 0 0 0 0 0 0 0 0 0 0 0 0 0 5 0 0 0 0 0 0 0 90 2 2 1 1 20 0 0 0 0 0 0 0 0 0 0 0 2 0 0 1 0 0 0 0 0 0 0 0 11 0 0 0 0 0 0 0 0 0 0 0 0 0 0 
 244 104 233 282 326 257 48 225 275 74 46 126 67 0 174 219 246 127 191 385 3 0 0 0 0 0 0 0 0 0 0 0 1 0 0 0 0 0 1 0 0 0 2 2 0 0 0 0 0 0 0 31 0 2 0 0 2 2 0 3 0 2 0 2 0 0 0 0 0 0 0 3 0 0 36 0 7 0 2 3 14 16 0 16 17 37 4 35 24 0 22 46 16 0 17 10 20 18 16 11 0 1 0 0 0 0 0 9 0 0 9 0 0 0 0 0 0 0 0 0 0 0 0 0 0 0 0 0 0 0 0 0 0 0 0 0 0 0 0 0 0 0 0 0 0 0 1 0 0 1 0 0 0 0 0 0 0 0 1 0 15 0 2 14 0 4 11 35 46 0 15 30 0 0 32 28 0 8 10 0 0 0 0 0 0 0 0 0 0 0 0 0 0 0 0 0 36 0 16 0 0 0 0 18 0 0 0 0 0 0 0 0 0 0 1 0 0 0 0 0 0 0 0 0 0 0 0 0 0 0 0 0 0 0 0 0 0 0 1 0 0 0 0 0 0 0 9 2 1 11 16 8 0 0 0 0 0 0 0 0 0 0 0 0 0 0 0 0 0 0 0 0 0 0 0 0 0 0 0 0 0 0 0 0 0 0 0 0 0 0 
 35 139 139 144 242 260 125 47 163 94 59 245 260 174 0 148 432 51 84 201 1 0 2 0 0 0 0 1 3 0 0 0 1 0 1 0 3 0 5 0 0 0 3 0 0 2 0 0 0 0 0 0 0 0 0 0 5 0 0 0 3 3 0 0 0 0 2 0 0 0 2 9 0 0 0 3 0 2 0 0 5 14 21 21 16 19 15 0 24 31 2 16 10 10 0 22 10 19 12 0 20 0 0 0 0 0 7 0 0 2 0 0 16 8 0 0 0 0 4 4 0 0 0 0 0 0 0 2 0 0 0 0 0 0 0 0 0 0 0 0 4 2 0 4 23 0 10 17 0 0 0 0 0 0 0 0 2 0 1 0 10 0 0 1 0 0 6 14 16 15 16 13 0 1 0 8 19 38 20 0 0 0 0 0 0 0 28 0 0 0 0 0 8 9 1 0 0 0 26 13 0 0 0 0 0 0 0 0 0 0 0 0 9 0 0 0 0 0 0 13 0 0 0 0 0 0 0 0 0 0 0 0 0 0 0 0 2 0 1 0 0 0 0 0 0 2 88 2 45 0 0 11 0 0 0 0 1 0 0 0 0 0 1 0 0 0 0 0 0 0 0 0 0 0 0 11 0 19 0 0 0 0 0 0 14 0 0 0 0 0 
 106 326 169 67 233 58 38 56 99 219 103 47 25 219 148 0 171 88 125 161 7 0 2 0 0 1 6 0 0 4 0 1 0 0 4 0 5 0 3 2 0 4 71 0 0 2 0 0 4 0 0 0 0 2 4 0 3 2 0 0 0 3 0 0 0 6 2 0 0 0 2 7 0 0 5 2 0 2 0 44 15 40 28 36 0 2 14 0 62 55 11 0 31 27 13 48 42 17 16 21 0 0 0 0 2 0 1 0 0 0 0 7 17 0 0 0 0 0 0 0 0 0 0 0 0 0 0 0 0 0 0 2 0 0 0 0 0 0 0 0 0 0 0 0 0 0 7 0 0 0 0 1 0 0 0 0 0 0 0 0 2 2 11 0 0 1 1 28 49 28 36 16 0 0 34 38 0 28 0 0 18 0 0 0 0 1 0 0 0 0 0 0 7 0 0 1 0 0 28 24 0 0 12 0 0 0 0 0 0 0 19 0 0 0 0 0 0 2 0 0 0 1 0 0 0 0 0 0 0 7 0 0 0 25 0 7 0 0 0 0 0 0 0 0 0 2 176 0 40 88 0 16 0 0 0 0 0 0 0 0 0 0 0 0 0 0 0 0 0 0 0 0 0 0 0 0 0 0 0 0 0 0 0 0 0 0 0 0 0 0 
 207 31 198 342 137 496 120 241 244 75 166 481 320 246 432 171 0 207 40 118 1 0 2 0 0 0 0 0 0 1 0 0 0 11 0 0 3 2 3 23 0 3 6 3 27 1 0 0 0 0 0 0 0 0 0 0 3 2 2 0 3 5 0 0 2 0 3 0 0 0 2 10 0 4 6 2 0 5 0 0 58 15 27 14 11 11 10 33 16 12 1 44 35 1 14 0 9 13 0 30 0 0 0 0 2 0 24 16 0 0 0 0 25 0 10 0 0 0 19 10 0 0 0 0 0 0 0 0 0 0 0 0 0 0 0 0 0 0 0 0 0 0 0 3 0 0 0 4 0 0 0 0 0 0 0 0 0 0 0 0 17 7 35 0 0 16 43 17 20 0 0 1 0 0 2 0 15 0 0 17 0 0 0 0 0 1 13 19 1 0 0 0 0 0 0 7 0 0 0 4 2 0 0 0 0 1 0 0 0 0 0 0 0 0 0 0 0 2 0 0 0 0 0 0 0 0 0 0 0 0 0 0 0 0 0 0 0 0 0 0 0 2 0 0 0 2 3 1 4 101 40 6 0 0 0 0 0 0 0 0 0 0 19 0 0 0 0 0 0 0 0 0 0 0 0 1 17 0 0 0 0 0 0 0 0 0 0 0 0 0 
 96 429 158 223 340 83 164 44 270 183 231 186 248 127 51 88 207 0 33 120 2 2 3 3 1 1 3 1 1 4 1 2 4 76 1 3 4 2 28 0 4 0 7 1 66 1 5 2 2 2 3 1 2 64 2 0 3 0 0 2 1 2 2 6 2 2 3 0 0 0 2 4 1 3 0 2 0 5 0 0 0 13 1 15 1 19 2 0 42 19 12 1 0 0 0 0 12 16 0 20 16 10 0 0 0 2 15 0 0 0 0 0 32 17 0 0 0 0 4 0 21 0 0 0 0 0 0 0 0 0 0 0 0 0 0 0 0 0 0 0 7 0 0 0 0 0 10 4 0 1 0 0 0 0 0 0 0 0 0 0 0 10 4 0 13 14 20 0 10 9 6 0 0 0 69 1 25 64 0 0 0 13 0 11 21 0 17 15 0 0 0 0 0 11 9 0 0 0 17 17 0 0 9 0 0 0 0 0 0 0 0 0 0 0 2 0 0 0 0 0 0 0 0 0 0 0 0 0 0 0 0 0 0 0 0 0 0 0 1 0 0 0 0 0 0 1 88 0 0 1 0 4 0 0 0 0 0 0 1 0 0 0 0 2 0 0 0 0 0 0 0 0 2 0 0 9 13 19 0 0 0 0 0 0 0 0 0 0 0 0 
 157 362 471 79 83 135 138 273 319 158 122 236 350 191 84 125 40 33 0 286 2 0 3 0 3 0 3 0 2 6 4 0 0 0 0 1 6 0 3 4 0 0 3 0 0 15 0 3 0 6 0 0 4 0 0 2 3 0 0 0 4 2 5 0 9 3 2 0 0 0 6 2 0 0 3 2 2 3 0 0 0 14 18 0 0 0 15 119 20 0 16 0 33 15 23 13 15 40 48 0 0 0 0 0 0 0 0 0 0 0 0 0 1 0 0 0 0 0 0 0 0 0 0 0 0 0 0 0 0 0 0 0 0 0 0 0 0 0 10 0 0 0 0 0 0 0 0 0 0 0 0 0 0 0 0 0 0 13 0 0 35 31 0 29 0 0 0 2 0 28 15 15 19 39 0 0 14 0 16 9 0 0 0 0 2 0 0 2 0 0 0 0 0 0 0 0 0 0 18 0 0 0 0 0 40 0 0 0 0 0 0 0 0 0 0 0 0 0 0 1 0 0 0 0 0 0 0 0 0 0 0 0 0 0 0 0 0 0 0 0 0 0 0 0 0 1 8 0 1 0 1 12 0 0 0 0 0 0 0 0 0 0 22 0 0 0 0 0 0 0 0 1 0 0 3 0 0 0 0 0 0 0 0 0 0 0 0 0 0 0 
 133 41 43 52 65 41 115 155 133 100 72 48 81 385 201 161 118 120 286 0 1 0 2 0 1 0 0 0 0 0 0 0 0 0 0 0 3 0 3 0 0 0 3 0 0 4 0 0 0 0 0 0 1 0 0 0 3 0 0 0 0 2 0 0 2 0 3 0 0 0 2 2 0 0 0 2 0 3 0 0 30 30 39 31 14 0 21 34 38 0 16 30 11 31 0 23 2 11 2 32 0 0 1 0 0 0 0 0 0 0 0 0 14 0 0 0 0 0 0 0 0 0 0 0 0 0 0 0 0 0 0 0 0 0 0 0 0 0 0 0 0 0 0 0 0 0 0 0 0 0 0 0 0 0 0 0 0 0 0 0 38 15 9 0 0 13 9 0 20 25 0 0 0 26 9 7 10 5 10 24 0 0 0 0 0 0 0 0 0 0 0 0 0 0 0 0 0 0 24 0 0 0 0 0 8 0 0 5 0 0 0 0 0 0 0 0 0 0 0 0 0 0 0 0 0 0 0 0 0 0 0 0 0 0 0 0 0 0 0 0 0 0 0 0 0 0 3 0 4 0 0 8 0 0 0 0 0 0 0 0 0 0 10 0 0 0 0 0 0 0 0 0 0 0 0 11 0 0 0 0 0 0 0 0 0 0 0 0 0 0 
 2 1 5 90 22 0 1 7 7 1 1 1 67 3 1 7 1 2 2 1 0 163 109 131 27 273 188 58 30 269 116 99 152 268 134 214 116 50 252 148 0 2 0 0 1 4 34 0 2 2 3 0 0 0 3 2 0 1 2 24 5 0 4 0 3 2 0 0 0 3 2 10 2 0 0 0 3 3 3 0 0 0 0 12 0 0 0 0 0 0 6 0 0 0 0 0 0 0 0 0 22 1 31 29 19 0 0 10 0 52 29 0 26 13 71 15 25 7 8 0 12 0 0 0 0 0 0 0 0 0 0 0 0 0 0 0 0 0 0 0 2 5 0 0 0 0 0 0 0 0 0 0 0 0 0 0 0 0 0 0 0 0 0 0 8 11 0 1 0 6 0 0 0 0 0 0 0 0 0 0 11 0 0 9 1 0 1 11 8 2 0 1 20 0 23 27 0 15 0 14 0 0 0 0 0 1 0 0 0 0 0 0 0 0 0 0 0 0 19 0 0 0 0 0 0 0 0 0 0 0 0 0 9 0 0 0 0 0 0 0 0 0 0 0 0 0 0 0 1 1 0 0 0 0 0 0 2 77 0 0 2 9 0 0 0 0 0 0 0 0 0 0 0 0 0 0 0 0 0 0 0 0 0 0 0 0 12 0 0 0 
 0 0 3 0 4 102 0 2 0 0 87 0 0 0 0 0 0 2 0 0 163 0 203 138 13 56 171 240 60 154 97 385 458 266 60 147 120 189 53 102 0 2 8 0 1 5 64 0 3 0 3 2 6 0 7 2 1 1 2 2 3 0 8 0 3 2 1 0 0 3 0 0 2 0 8 5 2 5 3 0 1 0 0 0 18 0 0 0 0 0 7 0 0 0 0 0 0 0 0 0 9 10 1 59 21 8 1 2 18 13 0 6 0 24 17 36 15 0 13 2 0 0 0 0 0 0 0 0 0 0 0 0 2 0 1 0 0 0 13 0 0 4 0 0 0 1 0 0 0 0 0 0 0 0 0 0 0 0 0 0 0 0 0 0 11 10 0 1 0 18 0 0 0 0 0 0 0 1 0 0 0 0 31 21 4 0 12 1 19 47 10 19 8 7 15 17 13 51 12 14 16 14 0 0 0 0 0 0 0 0 0 0 28 3 9 1 0 0 0 12 0 0 0 0 0 0 0 0 0 0 0 13 0 0 17 0 0 0 0 0 0 0 0 0 0 0 0 0 0 0 0 0 0 2 6 0 1 79 82 0 13 1 0 0 0 0 1 0 0 0 0 0 0 0 0 0 0 0 0 0 0 0 0 1 0 8 13 0 0 0 
 2 2 2 0 2 5 4 5 2 2 2 2 2 0 2 2 2 3 3 2 109 203 0 209 58 261 175 244 170 217 118 331 172 49 155 226 205 31 44 154 0 3 0 0 1 2 0 0 1 0 3 0 6 0 3 0 0 1 2 3 3 0 2 0 3 0 0 0 0 3 0 0 2 0 0 0 3 3 1 0 0 0 0 1 0 0 0 0 0 0 0 18 0 0 0 0 0 0 0 2 25 18 13 19 57 21 13 1 32 0 12 42 0 9 3 30 12 18 0 8 20 0 0 0 0 0 0 14 0 0 0 0 0 0 20 23 13 0 0 6 0 0 0 0 0 0 0 0 0 0 0 0 0 0 0 0 0 0 0 0 0 0 0 0 2 0 0 2 0 0 0 0 0 0 1 0 0 0 2 0 6 82 35 2 17 33 0 6 0 19 7 11 0 16 9 5 31 11 0 0 2 0 1 0 0 0 0 0 0 9 0 0 0 14 0 0 0 0 26 11 0 0 0 0 0 0 0 0 0 0 0 0 0 0 0 18 0 0 0 0 0 0 20 0 0 2 0 0 0 0 0 0 0 0 5 2 0 100 1 0 6 0 0 0 0 0 13 0 0 0 0 0 0 0 0 0 0 0 0 0 0 0 0 0 0 0 0 0 0 0 
 0 0 3 0 0 74 0 0 0 0 0 0 0 0 0 0 0 3 0 0 131 138 209 0 148 44 92 113 161 177 136 70 365 161 159 101 102 281 146 168 0 3 0 0 14 2 1 0 2 1 3 0 2 0 3 1 0 2 2 3 4 0 0 0 3 2 0 0 0 3 0 0 2 0 0 0 2 3 4 4 0 0 0 0 0 0 0 0 0 0 0 0 1 0 0 0 0 0 0 0 13 0 36 18 34 0 13 35 0 24 0 25 0 1 13 12 0 13 0 14 0 0 0 0 0 0 27 0 0 0 0 0 27 0 9 0 0 16 1 0 0 8 0 0 0 0 0 0 0 0 0 0 2 0 0 0 0 0 0 1 0 0 0 0 0 0 0 2 0 0 0 0 0 0 7 0 0 0 0 0 12 10 20 27 19 21 21 7 0 45 10 27 23 1 0 10 1 13 9 0 13 0 0 0 0 0 0 0 0 0 0 0 23 13 0 9 16 0 0 32 0 0 0 0 0 0 0 0 0 0 0 0 0 0 0 16 0 1 0 0 0 0 0 0 0 0 0 0 0 0 0 0 0 0 12 2 0 46 79 2 4 1 0 0 0 0 12 0 0 0 0 0 0 0 0 0 0 0 0 14 0 18 0 0 1 0 0 0 0 0 
 0 0 1 2 0 0 2 0 5 0 0 0 0 0 0 0 0 1 3 1 27 13 58 148 0 248 58 63 116 86 116 15 162 86 161 75 608 135 83 299 1 3 3 0 1 0 4 0 27 0 25 1 69 2 3 1 3 0 2 64 8 0 0 0 3 1 2 13 1 3 4 3 2 0 0 3 3 5 5 0 2 0 1 0 1 0 0 72 0 0 0 0 0 1 0 0 0 0 0 0 0 0 15 2 0 12 0 0 1 0 14 25 0 0 0 1 10 1 0 0 26 10 10 1 0 0 72 22 0 39 0 10 7 14 60 10 0 0 13 34 0 3 0 0 0 0 0 0 0 0 0 0 0 0 0 9 0 0 1 1 0 0 0 0 0 0 0 0 6 0 0 0 0 2 0 0 0 20 0 1 0 2 0 10 49 59 0 0 0 47 0 0 0 0 0 0 0 30 0 0 45 0 13 0 0 0 10 0 23 12 0 0 1 0 0 12 0 0 29 0 0 0 0 0 0 0 0 0 0 0 0 0 0 0 0 0 0 0 12 0 0 0 0 0 0 2 0 0 0 0 0 0 0 0 6 0 0 0 1 1 5 10 0 0 0 20 0 0 0 0 0 0 0 46 0 0 0 0 0 0 0 0 0 0 0 15 0 0 0 0 
 0 0 2 2 0 0 0 0 3 0 1 2 0 0 0 1 0 1 0 0 273 56 261 44 248 0 141 110 196 36 103 117 56 117 78 73 423 176 35 49 63 54 60 0 0 0 85 0 114 0 3 0 152 64 93 0 54 63 2 64 3 0 1 0 3 0 0 6 0 3 0 0 2 0 10 0 3 3 50 0 0 0 5 0 0 0 0 0 0 0 0 0 0 0 1 0 0 0 0 0 0 0 20 0 2 44 0 0 9 1 0 26 0 0 0 0 0 0 1 1 6 49 10 19 0 0 36 1 0 24 0 32 13 1 46 1 9 0 0 34 0 0 0 0 0 0 0 0 0 0 0 0 1 0 0 0 0 0 8 5 0 0 0 0 0 0 0 0 6 0 0 0 0 2 0 0 2 0 0 0 0 0 15 2 10 19 0 0 1 54 0 1 0 0 15 0 1 4 0 0 6 15 19 2 0 20 15 0 20 18 0 0 20 13 2 1 0 0 11 0 0 11 0 0 0 0 0 0 0 0 1 0 1 0 0 0 0 0 19 0 0 0 8 0 0 0 0 0 0 0 0 0 0 0 5 5 5 0 0 2 2 1 0 0 0 20 0 0 0 0 1 1 0 0 0 0 0 0 0 19 0 0 0 0 0 14 0 0 0 0 
 0 0 2 19 79 99 0 5 0 78 72 74 0 0 0 6 0 3 3 0 188 171 175 92 58 141 0 406 137 337 260 57 95 115 176 119 265 27 159 122 0 3 0 126 2 5 0 0 2 0 4 2 0 0 5 1 0 2 54 3 3 0 0 0 4 1 0 0 0 6 0 0 2 0 3 3 3 5 3 0 0 0 0 12 10 0 0 0 0 0 0 0 0 0 14 0 0 0 12 0 25 8 24 11 0 0 32 10 25 11 13 3 13 0 22 40 21 8 0 19 0 0 0 0 0 0 0 0 23 0 0 0 0 0 0 0 0 0 0 0 0 0 0 0 0 0 0 0 0 0 0 0 0 0 0 0 0 0 0 0 0 0 0 0 20 0 0 1 0 0 0 12 0 0 0 0 0 0 0 0 21 26 14 0 19 16 0 13 0 0 11 32 22 0 20 28 28 0 0 0 0 0 0 0 0 0 0 0 0 0 0 0 0 0 0 18 0 0 0 10 0 0 0 10 0 0 0 0 0 0 0 0 0 0 0 0 0 0 0 0 0 13 0 0 20 0 0 0 0 0 0 0 0 0 7 2 0 42 0 0 3 2 0 0 0 0 14 0 0 0 0 0 0 0 0 0 0 0 0 17 0 0 0 0 0 0 0 0 0 0 
 2 0 0 80 2 101 0 0 0 3 0 0 0 0 1 0 0 1 0 0 58 240 244 113 63 110 406 0 190 236 25 67 188 128 166 107 101 201 95 219 0 3 2 3 1 1 65 0 2 0 5 0 3 0 3 0 0 1 2 3 3 0 6 0 3 0 0 0 0 3 0 4 2 0 0 0 3 3 2 0 0 0 0 0 25 2 0 0 0 1 8 10 0 0 2 0 0 0 0 0 0 39 6 1 32 36 0 0 10 0 0 28 0 10 22 10 0 15 23 13 0 0 0 0 0 0 0 0 0 0 0 0 0 0 0 0 0 0 0 1 0 0 0 0 0 0 0 0 9 0 0 0 0 0 4 0 2 0 0 0 0 0 0 0 8 7 0 0 0 7 1 4 0 0 6 0 0 1 0 0 19 22 17 11 21 0 0 19 15 28 0 14 2 30 21 10 10 1 25 26 0 0 1 0 0 0 0 0 9 0 0 0 0 1 0 0 0 0 28 20 0 0 0 0 0 0 0 0 0 0 4 0 0 0 0 0 0 0 0 1 0 0 24 0 0 0 0 0 0 0 0 0 0 0 7 0 0 0 50 0 3 0 0 0 0 0 0 0 0 0 0 0 0 0 0 0 0 0 0 0 0 0 0 2 0 0 10 0 0 0 
 1 0 2 76 0 25 0 0 0 0 37 1 0 0 3 0 0 1 2 0 30 60 170 161 116 196 137 190 0 66 34 88 171 109 249 33 170 189 176 376 0 3 0 0 1 51 4 0 1 0 3 0 9 0 3 0 0 208 2 3 3 0 2 0 3 0 0 0 0 3 0 0 2 0 0 0 3 49 1 0 0 0 0 0 0 0 0 0 0 0 0 9 0 0 2 0 0 0 0 0 0 12 11 0 19 13 0 0 7 0 0 42 0 1 1 9 0 13 0 15 0 0 0 0 0 0 6 0 0 24 0 0 25 0 12 0 0 0 0 1 0 0 0 0 2 0 0 0 0 0 0 0 0 11 6 0 1 8 0 0 0 0 0 0 0 0 0 2 0 0 0 0 14 0 6 0 0 0 0 0 22 21 14 8 9 0 0 11 20 17 0 15 0 1 1 0 10 20 20 13 0 0 0 0 0 0 0 0 0 0 8 3 0 2 0 0 0 0 21 30 0 0 0 0 0 0 0 0 0 0 0 0 0 0 0 0 0 0 0 0 0 0 17 0 0 0 0 0 0 0 0 0 0 0 11 0 0 0 5 3 0 2 0 0 0 0 0 0 0 0 0 0 0 0 0 0 0 0 0 0 0 0 0 2 0 0 0 0 0 0 
 0 1 0 2 7 82 0 5 0 0 0 0 0 0 0 4 1 4 6 0 269 154 217 177 86 36 337 236 66 0 240 44 92 70 316 177 187 102 141 178 0 3 0 0 1 1 1 63 1 2 3 0 6 2 3 0 0 1 23 5 3 0 2 0 3 0 3 0 1 3 1 0 2 3 3 0 3 3 1 0 0 0 0 0 0 0 1 0 0 0 0 11 0 0 0 0 0 0 0 0 31 11 18 18 0 16 16 0 11 0 0 17 0 19 7 31 13 0 1 34 0 0 0 0 0 0 0 0 0 0 0 0 7 1 1 8 0 0 8 0 0 0 2 0 0 0 0 0 0 0 0 0 0 0 9 0 2 0 0 0 0 0 0 0 1 1 0 0 0 0 0 0 0 0 0 0 0 0 0 0 32 16 35 21 0 16 10 12 7 10 33 10 0 12 0 0 27 15 0 0 14 20 0 0 0 0 11 0 0 0 0 0 40 3 13 1 0 0 0 22 0 33 2 0 0 0 0 0 0 0 0 0 0 0 0 2 0 15 0 0 0 0 0 0 0 0 0 0 0 0 0 0 0 0 9 1 2 151 93 4 10 3 0 0 0 0 27 0 0 0 0 0 0 0 0 0 0 0 0 0 0 6 2 0 0 13 0 0 0 0 
 0 0 0 0 1 3 203 0 0 0 0 8 0 0 0 0 0 1 4 0 116 97 118 136 116 103 260 25 34 240 0 197 48 106 60 211 116 53 55 66 133 3 0 0 3 2 0 19 2 0 3 0 73 0 3 1 0 5 66 67 4 0 1 0 3 0 0 0 0 3 0 1 2 0 2 0 3 3 3 0 0 0 0 0 0 0 0 0 0 0 0 0 0 0 0 0 0 0 0 0 0 0 0 36 28 0 0 0 14 16 23 15 0 0 0 0 8 9 0 0 17 0 0 0 0 0 0 14 12 14 0 0 37 23 0 27 4 1 8 36 0 1 0 0 0 0 0 0 0 1 0 0 0 0 0 0 5 0 0 1 0 0 2 0 0 0 0 0 0 0 0 0 0 8 0 0 0 0 0 0 0 0 7 43 0 23 0 0 8 0 3 30 0 0 0 0 23 0 0 1 18 16 8 0 0 2 46 1 0 6 1 0 28 24 0 0 0 0 1 53 0 0 0 0 0 0 0 0 0 0 0 6 0 0 0 0 0 0 0 0 0 0 0 0 0 0 0 0 1 0 0 0 0 0 7 0 5 1 41 0 2 0 0 0 0 0 0 0 0 0 0 0 0 0 0 0 0 0 0 0 0 29 0 0 0 0 0 0 0 2 
 0 0 3 0 0 0 0 2 0 0 0 0 0 0 0 1 0 2 0 0 99 385 331 70 15 117 57 67 88 44 197 0 68 255 125 141 253 368 323 176 2 3 0 0 2 3 0 0 2 0 3 0 7 0 3 1 0 2 2 3 3 2 0 1 3 1 0 0 0 3 0 0 2 0 0 0 103 3 3 1 0 0 0 0 0 0 0 0 0 0 0 0 0 0 0 0 0 2 0 0 2 0 0 22 42 28 0 11 19 11 19 52 0 9 9 8 25 3 0 13 19 0 0 0 19 0 0 71 0 0 0 0 0 9 38 30 10 0 0 1 0 0 0 0 0 0 0 0 0 0 0 0 0 0 0 0 0 0 0 2 0 0 0 0 0 0 0 0 0 0 0 0 0 0 0 0 0 0 0 0 9 1 49 64 10 29 0 0 19 32 7 50 2 20 11 8 39 13 0 0 1 0 1 0 0 0 0 0 0 53 0 0 11 14 0 0 0 0 33 11 0 0 0 0 0 0 0 0 0 0 0 2 0 0 0 0 0 1 0 0 0 0 26 0 0 0 0 0 0 0 0 0 0 0 7 1 2 1 2 0 19 0 0 0 0 0 0 0 0 0 0 0 0 0 0 0 0 0 0 0 0 0 0 0 2 0 0 0 0 0 
 0 0 78 0 0 170 0 0 0 0 0 75 0 1 1 0 0 4 0 0 152 458 172 365 162 56 95 188 171 92 48 68 0 227 116 127 245 79 305 141 0 3 0 0 0 1 1 1 1 0 3 0 0 0 3 0 0 2 2 3 3 0 5 0 3 0 0 0 0 3 0 0 3 0 0 0 3 3 0 0 0 0 0 0 24 0 0 1 0 0 0 11 0 0 0 0 0 0 0 0 14 0 22 1 0 9 0 0 64 17 8 8 0 28 36 12 36 0 58 4 0 0 0 0 0 0 0 19 0 0 0 0 0 0 0 0 0 0 0 0 0 12 0 0 0 0 0 0 2 0 0 0 0 19 20 0 0 0 0 0 0 6 0 0 45 11 0 1 0 0 0 9 2 0 0 0 0 0 0 0 34 27 18 0 5 0 23 31 1 31 23 13 14 55 10 25 34 38 13 28 0 0 0 0 0 0 0 0 0 0 0 0 0 0 0 0 0 0 0 2 0 0 0 0 0 0 0 0 0 0 1 0 0 1 0 0 2 0 0 0 0 0 0 0 0 0 0 0 0 0 0 0 0 0 9 1 1 0 0 2 23 0 0 0 0 0 0 0 0 0 0 0 0 0 0 0 0 0 0 0 0 0 0 0 0 0 15 0 0 0 
 2 0 5 0 75 74 0 8 2 0 72 78 0 0 0 0 11 76 0 0 268 266 49 161 86 117 115 128 109 70 106 255 227 0 308 142 339 107 162 153 0 3 0 0 19 2 65 0 2 0 6 3 0 0 9 1 0 2 2 3 8 0 6 0 3 2 0 0 1 3 0 4 2 0 3 7 3 3 2 0 0 0 0 29 0 9 0 0 0 0 1 0 0 0 0 0 0 0 0 0 36 1 24 0 1 0 1 10 12 63 10 15 44 32 57 18 20 9 17 0 0 0 0 0 0 0 8 0 0 0 0 0 0 0 0 0 0 0 0 0 8 1 0 0 0 0 0 0 0 2 0 0 0 0 5 0 0 0 0 0 0 0 0 0 24 22 0 1 12 0 0 10 0 0 0 10 2 7 0 0 0 0 0 0 18 0 26 17 10 14 1 0 42 0 59 54 9 36 9 18 0 0 0 0 0 1 0 2 0 0 0 0 0 0 0 0 0 0 0 0 1 0 0 0 0 0 0 0 0 0 0 0 0 0 0 0 0 0 0 0 0 0 0 0 0 0 0 0 0 0 0 0 0 0 16 0 0 1 0 0 3 0 0 0 0 0 0 0 0 0 0 0 0 0 0 11 10 0 0 12 0 0 0 0 0 0 35 0 0 0 
 0 0 0 0 78 2 0 2 0 0 76 62 0 0 1 4 0 1 0 0 134 60 155 159 161 78 176 166 249 316 60 125 116 308 0 64 144 130 184 248 0 3 0 64 128 1 1 0 2 0 3 2 4 0 3 1 0 1 25 3 3 0 0 0 3 1 0 0 0 3 0 0 2 0 0 0 3 3 3 0 0 2 0 13 0 9 0 0 2 1 0 12 0 0 0 0 0 0 0 0 11 0 22 0 1 12 10 0 6 0 11 11 36 1 22 12 0 0 5 13 0 0 0 0 0 0 30 0 0 0 0 0 8 0 0 0 0 0 0 0 0 0 0 0 0 0 0 0 0 0 0 0 0 2 2 0 0 0 0 0 0 0 0 0 11 9 0 1 1 0 0 12 0 0 0 0 0 1 0 1 25 0 6 0 0 1 2 33 6 27 17 0 22 0 29 0 0 1 11 13 1 0 2 0 1 0 0 0 0 0 0 2 0 0 0 0 0 0 21 0 0 0 0 0 0 0 0 0 0 0 0 0 9 0 0 0 0 0 1 0 0 0 13 0 0 76 0 0 0 1 0 0 0 0 7 0 3 75 1 0 0 0 0 0 0 0 8 0 0 0 0 0 0 0 0 12 0 0 0 14 0 0 0 0 0 0 0 0 0 0 
 3 0 3 3 0 37 0 0 6 0 0 0 0 0 0 0 0 3 1 0 214 147 226 101 75 73 119 107 33 177 211 141 127 142 64 0 111 116 121 299 0 3 0 1 2 2 0 0 5 0 6 0 0 0 7 0 3 8 2 31 3 0 1 4 3 0 26 0 4 3 0 0 4 0 2 1 3 3 2 2 16 0 0 0 18 0 0 0 0 0 0 0 0 0 0 0 0 0 0 0 33 1 2 33 28 0 0 29 9 60 10 0 2 12 15 62 31 0 22 18 0 0 0 0 0 0 0 0 0 0 0 0 0 52 0 0 0 0 10 0 0 3 0 0 0 0 0 0 0 0 0 0 0 0 0 0 0 0 0 0 0 0 0 0 10 0 0 0 0 0 0 0 0 0 4 0 0 0 0 0 0 12 57 13 12 15 10 20 31 14 0 31 0 15 0 29 22 23 0 1 0 10 0 0 0 1 0 0 0 0 0 0 25 9 0 0 0 0 15 6 0 0 0 0 0 0 0 0 0 0 0 0 0 0 0 0 0 0 0 0 0 0 0 0 0 0 0 0 0 0 0 0 0 0 11 0 0 86 9 1 3 0 0 0 0 0 0 0 0 0 0 0 0 0 0 0 0 0 0 0 0 0 0 0 0 8 0 0 0 0 
 3 3 3 0 3 64 4 3 6 3 3 4 3 0 3 5 3 4 6 3 116 120 205 102 608 423 265 101 170 187 116 253 245 339 144 111 0 359 149 153 0 3 1 0 1 1 1 0 2 0 3 0 0 61 3 1 0 4 2 3 3 0 0 0 3 1 0 0 0 3 0 0 2 0 0 0 3 3 3 0 0 0 0 0 0 0 0 0 0 0 0 11 17 0 0 0 2 0 0 0 34 27 15 14 20 0 11 0 33 7 19 1 0 45 0 35 29 10 22 35 0 0 0 0 0 2 16 12 0 0 0 1 7 0 8 0 0 0 0 0 0 0 0 0 0 0 0 0 0 0 0 0 0 0 2 0 0 2 0 0 2 0 0 0 1 0 0 2 0 0 0 11 0 0 0 0 0 15 0 0 39 19 20 11 0 1 13 38 2 14 14 4 7 29 1 18 21 7 27 15 0 0 8 0 0 0 0 0 0 0 0 0 0 0 0 0 0 0 9 0 0 0 0 15 0 0 0 0 0 0 0 0 0 0 0 0 0 0 0 0 0 0 0 0 0 0 0 0 0 0 0 0 0 0 7 1 2 72 1 1 0 1 0 0 0 0 8 0 0 0 0 0 0 0 0 0 0 0 0 0 0 0 0 0 0 0 0 0 0 0 
 3 0 1 2 0 61 0 4 0 0 0 1 2 0 0 0 2 2 0 0 50 189 31 281 135 176 27 201 189 102 53 368 79 107 130 116 359 0 340 78 0 3 2 2 1 4 0 5 2 4 3 0 3 3 3 1 0 0 63 3 5 0 2 1 5 0 0 0 0 3 5 0 2 0 0 0 3 3 5 0 0 1 0 0 0 0 0 0 10 0 0 0 0 0 0 0 0 0 0 2 0 0 30 0 12 0 0 0 8 13 7 39 0 28 0 0 1 0 1 10 0 0 0 0 0 0 6 1 0 0 1 0 16 0 26 0 0 0 13 0 0 0 0 0 0 0 0 0 0 0 0 0 0 0 0 0 0 0 0 0 0 0 0 0 2 7 0 0 0 0 0 0 0 0 4 0 0 0 2 1 20 7 7 18 0 7 23 0 8 38 19 9 9 13 21 10 0 27 9 14 0 0 2 0 0 0 11 0 0 0 0 2 0 15 7 0 0 0 33 25 0 0 0 0 0 0 0 0 0 0 0 0 0 0 0 0 0 0 1 0 0 0 0 0 0 1 0 0 2 0 0 0 0 0 5 0 2 0 77 2 3 0 0 0 0 0 1 0 0 0 0 0 0 0 0 0 0 0 0 0 0 12 0 0 0 0 14 0 0 0 
 3 3 78 151 99 5 3 3 39 58 77 32 3 1 5 3 3 28 3 3 252 53 44 146 83 35 159 95 176 141 55 323 305 162 184 121 149 340 0 185 0 3 0 0 62 0 0 0 2 0 3 0 0 0 4 1 0 1 68 3 3 0 1 0 3 0 0 0 50 3 0 0 2 0 0 0 3 4 2 0 0 0 18 16 0 0 0 0 0 4 10 9 0 0 0 0 10 8 0 0 13 21 0 12 8 0 0 0 0 11 10 23 24 19 1 18 38 0 9 25 0 8 0 0 0 0 0 0 0 0 0 0 0 0 0 0 0 0 0 1 0 0 0 0 0 1 0 0 0 0 0 0 0 0 7 0 1 0 0 0 0 0 0 0 29 18 0 2 0 9 0 1 0 0 0 0 0 7 0 0 24 51 0 0 2 0 10 19 32 1 10 16 1 19 9 1 2 10 19 15 1 0 11 14 0 0 0 0 0 0 0 0 0 1 0 0 0 0 0 8 0 0 0 0 0 0 0 0 0 0 0 0 0 0 0 0 0 0 0 1 0 0 0 0 0 0 0 0 0 1 0 0 0 1 0 2 0 45 0 2 3 0 0 0 0 0 0 0 0 0 0 0 0 0 0 9 0 0 0 0 0 0 0 2 0 26 0 0 0 0 
 2 0 2 0 76 0 0 2 2 0 4 2 0 0 0 2 23 0 4 0 148 102 154 168 299 49 122 219 376 178 66 176 141 153 248 299 153 78 185 0 0 3 0 0 2 2 0 0 2 1 3 0 7 0 3 0 0 203 2 7 3 0 1 0 3 0 0 0 0 3 0 0 8 0 5 0 3 3 5 0 0 0 0 0 48 32 0 0 0 0 9 0 4 0 0 1 0 0 2 0 18 6 0 13 26 0 24 0 34 2 21 11 19 15 18 45 2 0 32 92 0 0 0 0 0 0 0 0 2 0 0 1 2 0 0 0 0 0 0 0 0 0 0 0 0 0 0 0 0 0 0 0 0 0 0 0 0 0 0 0 0 0 0 0 8 0 0 1 0 0 0 0 0 0 0 0 0 0 0 0 6 10 18 0 0 31 13 24 32 0 0 20 12 21 18 11 33 0 0 0 0 7 0 0 0 0 0 2 0 0 0 0 0 0 0 0 0 2 0 13 0 0 0 0 0 0 8 0 0 0 0 2 0 0 0 0 0 0 0 0 0 0 0 0 0 0 0 0 0 1 0 0 0 0 13 0 4 115 0 2 3 2 0 0 0 0 14 0 0 0 0 0 0 0 0 0 8 0 0 0 0 0 0 0 0 0 0 0 0 0 
 0 0 0 0 1 0 0 0 0 0 0 0 0 0 0 0 0 4 0 0 0 0 0 0 1 63 0 0 0 0 133 2 0 0 0 0 0 0 0 0 0 398 75 65 68 56 325 139 95 33 112 312 69 148 128 38 60 299 34 132 0 0 0 0 0 3 2 69 0 64 0 0 0 0 0 0 0 0 0 0 0 0 0 0 0 0 0 0 0 0 0 0 0 0 0 0 0 0 0 9 0 0 0 0 3 12 0 0 0 0 1 0 0 0 0 0 0 0 0 0 30 18 7 5 0 0 13 7 21 15 0 19 13 0 0 19 93 8 0 75 0 0 0 0 0 0 0 0 0 0 0 0 0 0 0 0 9 0 1 9 0 0 0 0 6 0 0 0 0 0 0 0 0 0 0 0 0 0 0 18 0 0 0 2 0 11 0 0 0 0 0 0 0 0 0 0 0 0 0 0 23 41 10 10 21 5 35 33 44 32 3 6 13 27 16 15 27 22 7 15 0 0 0 0 0 0 0 0 7 0 0 0 13 0 0 0 0 0 10 0 0 0 0 0 0 0 0 0 0 0 0 9 0 1 0 0 0 0 0 19 0 0 0 0 0 3 0 0 2 0 0 0 0 0 0 0 0 0 0 0 0 0 1 0 0 0 0 0 0 0 
 0 0 0 6 0 0 0 3 63 63 0 0 0 0 0 4 3 0 0 0 2 2 3 3 3 54 3 3 3 3 3 3 3 3 3 3 3 3 3 3 398 0 186 361 54 36 242 230 300 261 150 254 81 159 202 340 324 32 68 40 0 0 0 0 0 0 0 0 0 0 2 0 0 0 0 0 0 0 2 7 19 0 0 0 0 0 0 0 0 0 0 0 0 0 0 0 0 0 0 0 0 0 0 0 0 9 0 0 19 0 0 0 0 0 0 0 0 0 0 0 17 27 9 7 0 26 29 11 0 7 21 6 1 8 0 0 24 81 0 5 0 0 0 0 0 0 0 0 19 0 0 0 12 9 0 5 0 0 30 18 0 0 0 0 0 0 0 0 0 0 0 0 0 0 20 0 0 0 0 0 0 0 0 0 0 0 0 0 0 0 0 0 0 0 0 0 0 0 0 0 0 13 0 0 14 0 1 32 49 0 16 36 5 49 0 20 1 14 0 1 0 0 6 0 0 0 3 0 5 0 0 0 9 0 0 0 0 0 0 21 0 0 11 0 0 0 0 0 0 0 0 20 0 0 0 0 0 0 0 16 0 0 2 0 68 2 2 1 1 0 0 0 0 0 0 0 0 0 0 0 0 0 0 0 9 17 0 0 0 0 
 3 3 3 8 3 3 3 3 6 3 3 3 3 2 3 71 6 7 3 3 0 8 0 0 3 60 0 2 0 0 0 0 0 0 0 0 1 2 0 0 75 186 0 357 139 48 154 138 141 483 55 143 138 411 61 200 155 59 50 108 0 0 0 0 17 8 4 0 0 0 0 2 1 0 0 0 3 0 0 99 0 0 0 0 0 0 0 0 0 0 0 0 0 0 0 0 0 0 0 0 0 0 3 0 0 25 0 0 0 0 0 0 0 0 0 0 0 0 0 0 28 24 0 3 2 11 8 19 19 0 22 25 0 1 0 29 23 0 0 7 12 10 0 0 0 0 0 0 0 0 0 0 14 8 0 0 0 0 44 1 5 0 0 0 3 0 0 0 0 0 0 0 0 0 0 0 1 0 0 2 0 0 0 0 0 0 0 24 0 0 0 0 10 0 0 0 0 0 0 0 53 25 0 23 15 50 0 18 10 0 4 8 5 10 0 0 0 23 0 0 0 34 15 0 0 5 1 0 21 4 0 0 8 0 20 0 14 0 0 0 0 0 0 0 0 0 1 0 0 0 0 9 0 0 0 0 0 0 0 1 0 0 2 65 2 2 0 69 1 0 0 0 0 0 0 3 0 0 0 0 0 0 0 0 0 8 0 12 2 0 
 7 0 0 10 0 0 0 0 0 3 0 0 0 2 0 0 3 1 0 0 0 0 0 0 0 0 126 3 0 0 0 0 0 0 64 1 0 2 0 0 65 361 357 0 277 38 360 130 329 350 127 430 69 169 106 93 69 88 141 145 31 0 0 0 0 0 0 7 207 0 0 207 59 0 52 0 0 0 6 61 0 0 0 0 0 0 0 0 0 0 0 0 0 0 0 0 0 0 16 0 0 0 0 0 0 18 0 0 0 0 0 0 0 0 0 0 0 0 0 0 7 14 29 0 46 27 0 0 13 0 2 25 0 2 15 0 18 0 0 0 8 0 0 8 0 0 0 12 0 18 2 0 32 49 19 10 0 0 23 5 0 0 0 0 0 0 0 0 0 0 0 0 0 0 0 0 4 0 0 0 0 0 0 0 0 0 0 0 0 0 0 0 0 0 0 0 0 0 0 0 4 0 3 25 12 18 0 9 18 1 17 2 0 0 7 0 6 8 0 0 0 14 12 0 0 0 5 1 29 0 0 0 10 7 0 0 22 0 0 8 0 0 1 0 0 0 0 0 0 0 0 5 0 2 0 0 0 0 0 1 0 0 2 72 10 2 0 2 0 0 7 0 0 0 0 0 0 0 0 0 0 0 7 0 3 0 0 7 0 0 
 0 0 0 1 0 1 0 0 0 0 66 56 0 0 0 0 27 66 0 0 1 1 1 14 1 0 2 1 1 1 3 2 0 19 128 2 1 1 62 2 68 54 139 277 0 374 266 57 80 167 93 152 298 497 104 330 65 52 81 85 54 2 3 8 0 1 15 5 11 0 2 5 185 7 4 2 1 0 61 3 0 0 0 6 1 1 0 0 0 0 0 0 0 0 0 0 0 0 0 0 17 0 0 0 0 0 0 0 0 0 0 0 18 15 0 0 0 0 12 0 0 0 0 8 4 22 0 0 0 0 0 13 4 0 6 0 0 4 0 0 6 1 0 3 0 0 0 2 0 0 0 0 8 10 29 3 0 0 15 10 1 0 0 0 10 11 0 0 30 0 0 10 1 0 0 0 1 8 0 0 0 0 0 3 2 7 19 0 0 0 0 0 10 0 17 0 0 0 0 1 4 0 0 0 0 12 0 0 0 0 8 0 7 6 0 6 0 0 0 11 0 21 16 0 0 0 13 0 18 21 0 0 24 11 14 0 8 21 39 0 0 0 8 0 0 0 0 0 0 0 0 12 0 0 0 0 2 2 6 0 0 13 2 37 0 6 2 0 0 0 0 0 0 2 0 21 0 1 0 0 0 2 0 0 0 0 0 0 2 0 
 1 0 2 3 0 1 1 7 6 0 0 2 6 0 2 2 1 1 15 4 4 5 2 2 0 0 5 1 51 1 2 3 1 2 1 2 1 4 0 2 56 36 48 38 374 0 97 61 53 76 91 147 253 108 288 136 65 49 40 109 48 50 22 0 0 0 54 0 41 0 2 0 22 3 119 2 1 27 50 1 1 0 3 0 0 0 4 3 0 0 0 0 1 6 0 0 0 28 0 0 0 0 0 0 0 0 0 0 0 0 0 0 0 0 0 0 0 0 0 0 0 0 0 8 16 20 0 8 0 0 1 15 7 1 0 0 0 15 0 0 0 13 0 0 0 0 0 29 2 30 0 0 0 20 28 0 0 15 23 6 3 3 0 0 0 2 0 0 0 5 0 0 33 4 0 0 4 0 0 0 0 0 0 0 0 0 0 0 0 0 0 0 0 13 0 0 0 0 0 0 1 0 14 2 0 1 0 0 0 20 18 16 0 0 0 18 8 2 0 0 0 16 0 0 16 0 22 9 0 14 0 0 0 7 0 15 26 14 18 18 0 0 0 0 0 0 0 0 0 0 0 11 0 0 0 2 0 2 0 0 0 0 8 69 0 2 0 0 1 5 0 0 0 0 0 0 0 0 0 0 0 0 0 0 14 0 0 0 0 0 
 0 0 0 63 0 1 0 0 0 0 2 0 0 0 0 0 0 5 0 0 34 64 0 1 4 85 0 65 4 1 0 0 1 65 1 0 1 0 0 0 325 242 154 360 266 97 0 180 112 50 106 25 553 323 34 44 113 43 92 75 0 0 8 0 5 3 0 0 0 0 0 0 0 0 0 7 3 0 0 0 0 1 0 0 0 0 0 0 0 0 8 0 0 0 0 0 0 0 0 0 0 0 0 0 0 27 0 0 0 0 0 0 0 10 7 0 0 0 0 0 19 59 27 0 0 0 13 10 29 19 17 19 0 18 11 0 11 10 0 12 0 0 0 0 0 0 0 0 0 0 0 0 3 0 0 0 0 0 4 7 0 0 14 0 0 13 0 0 1 7 0 0 0 0 0 0 0 0 0 0 0 0 0 0 0 11 0 0 0 0 0 0 0 0 11 16 0 1 0 21 45 0 0 29 15 0 0 0 12 9 7 18 10 0 9 9 0 0 0 0 0 0 0 0 3 4 0 0 0 0 0 2 1 0 0 0 0 0 0 10 0 0 0 0 0 53 0 0 0 0 0 6 0 0 0 0 0 0 0 1 61 0 0 0 1 13 1 0 0 0 0 0 0 0 0 3 0 0 0 0 0 0 0 0 8 0 16 0 0 0 
 0 0 0 0 0 0 0 0 0 0 0 0 0 0 0 0 0 2 3 0 0 0 0 0 0 0 0 0 0 63 19 0 1 0 0 0 0 5 0 0 139 230 138 130 57 61 180 0 109 152 182 55 338 563 304 541 118 52 320 48 0 0 7 0 7 24 0 0 0 7 0 0 0 0 0 9 3 0 6 1 0 0 0 0 14 0 0 17 0 0 0 0 0 0 0 0 0 0 0 0 0 0 0 0 0 13 0 0 0 0 0 0 0 0 0 0 0 0 0 0 3 8 10 8 0 0 22 8 3 19 19 0 13 0 0 21 0 11 17 0 0 0 0 0 5 3 0 0 0 0 0 0 0 14 0 0 4 0 3 3 0 0 0 0 0 0 0 0 0 0 0 0 0 0 0 0 0 0 0 0 0 0 0 0 0 9 0 0 0 0 0 0 0 0 0 0 0 0 0 0 0 31 8 0 32 0 19 21 0 8 4 8 21 1 26 0 20 0 9 10 0 0 0 7 7 0 0 0 0 0 0 10 22 1 0 0 0 0 0 7 0 0 0 0 0 0 0 0 0 0 0 12 0 1 0 0 0 0 0 0 0 0 2 0 0 1 2 70 0 0 0 0 0 0 0 1 0 0 0 0 0 12 0 0 0 0 0 0 0 0 
 0 0 0 0 58 0 0 5 0 0 0 0 0 0 0 4 0 2 0 0 2 3 1 2 27 114 2 2 1 1 2 2 1 2 2 5 2 2 2 2 95 300 141 329 80 53 112 109 0 85 119 72 160 446 331 145 340 90 74 66 0 0 0 0 0 0 0 8 1 3 0 0 2 0 0 0 1 0 0 58 0 0 0 0 0 0 0 0 0 0 0 0 0 0 0 0 0 0 0 0 5 0 0 0 0 20 0 0 0 0 0 0 0 0 0 0 0 0 0 0 8 9 14 1 1 13 28 0 0 10 9 15 1 9 4 0 18 46 0 12 2 0 0 0 0 0 0 0 0 0 0 0 18 9 0 0 0 0 4 3 0 0 0 0 4 0 0 16 0 0 0 0 0 0 0 0 0 0 0 5 0 0 0 0 11 0 0 0 0 0 0 0 0 0 0 0 0 0 0 3 0 18 0 0 0 0 3 14 62 9 10 0 5 30 0 28 10 11 30 1 0 0 0 0 0 6 12 0 0 0 0 0 10 0 0 0 0 0 9 18 0 0 0 0 0 0 0 0 0 0 0 4 0 0 0 0 0 0 0 13 0 0 2 0 13 2 3 0 38 0 0 0 0 0 0 0 0 0 0 0 0 0 0 0 0 38 0 0 2 0 
 0 0 0 3 0 2 2 0 0 0 0 0 0 0 0 0 0 2 6 0 2 0 0 1 0 0 0 0 0 2 0 0 0 0 0 0 0 4 0 1 33 261 483 350 167 76 50 152 85 0 313 71 286 302 127 161 345 235 94 345 51 0 0 0 23 0 4 113 1 0 2 2 108 59 0 2 0 3 29 47 0 0 7 0 0 0 0 0 0 0 0 0 0 3 6 10 7 0 25 0 0 0 0 0 0 0 0 0 0 0 0 0 0 0 0 0 0 0 0 0 0 0 0 15 16 4 0 20 0 0 42 0 0 0 0 25 0 9 0 0 16 3 2 0 2 0 0 0 3 0 0 0 9 13 3 0 0 0 30 0 46 0 2 32 7 0 5 10 0 0 0 0 0 0 13 0 8 0 0 5 0 0 0 0 0 0 0 14 0 0 0 0 0 0 0 0 0 0 0 0 0 14 0 18 14 26 0 0 0 0 19 12 0 0 0 0 18 45 0 0 0 2 65 0 0 0 0 0 20 17 0 0 6 0 39 0 0 7 14 0 0 0 0 0 0 0 0 0 0 0 0 45 0 2 0 0 0 0 1 0 0 0 64 4 0 0 2 37 0 0 0 0 0 0 0 0 0 0 0 0 0 0 0 0 0 0 0 15 0 0 
 3 0 0 0 0 0 61 0 6 5 75 0 0 0 0 0 0 3 0 0 3 3 3 3 25 3 4 5 3 3 3 3 3 6 3 6 3 3 3 3 112 150 55 127 93 91 106 182 119 313 0 126 336 123 152 98 80 59 99 80 51 21 0 0 0 0 5 51 0 0 1 4 53 57 4 0 0 5 9 11 0 0 0 0 0 0 0 0 0 0 0 0 0 0 0 0 0 0 0 0 0 0 0 15 0 0 0 0 0 0 0 0 0 0 0 0 0 0 0 14 8 17 19 0 9 14 9 10 12 7 22 23 0 0 0 0 33 12 0 0 7 1 15 0 2 0 0 3 4 5 0 5 7 37 0 0 6 1 9 22 0 0 0 0 1 0 0 0 0 0 0 0 0 0 0 0 0 0 27 0 0 0 0 0 0 0 0 0 0 9 0 0 0 0 0 0 0 0 0 0 0 21 1 0 24 0 13 21 28 0 10 31 0 0 0 29 28 0 0 0 2 0 0 0 0 0 0 10 0 7 3 0 16 11 13 0 12 0 4 2 0 0 6 0 0 0 0 0 0 0 0 17 0 0 0 0 0 0 0 17 0 0 63 0 1 6 0 3 0 21 0 0 0 0 0 0 0 0 0 0 0 0 0 0 7 0 0 0 2 0 
 30 0 0 0 1 0 0 0 0 0 0 0 2 31 0 0 0 1 0 0 0 2 0 0 1 0 2 0 0 0 0 0 0 3 2 0 0 0 0 0 312 254 143 430 152 147 25 55 72 71 126 0 32 57 123 100 209 200 65 80 55 0 0 0 0 1 6 2 1 0 0 0 106 0 25 0 0 0 1 0 0 0 0 25 0 0 0 0 0 0 0 14 0 0 0 0 0 0 0 0 0 0 0 0 0 0 0 0 0 0 0 0 0 0 0 0 0 0 0 0 9 12 43 19 40 22 0 20 8 0 7 1 0 8 3 1 17 15 0 0 14 0 0 25 0 0 1 11 16 30 12 0 0 14 10 1 0 16 15 0 0 0 0 0 0 0 0 0 0 0 0 0 0 0 0 0 4 0 0 0 0 0 0 0 0 0 0 0 0 0 0 0 0 0 0 0 0 0 0 0 6 20 16 18 1 21 14 7 0 20 22 10 0 0 1 18 9 16 0 0 0 14 14 0 0 0 44 3 30 10 0 0 0 0 13 11 0 0 9 41 0 0 23 0 0 0 0 0 1 0 0 10 0 3 0 0 0 0 0 16 0 0 2 3 3 0 6 5 0 2 0 0 0 0 0 0 0 0 0 0 0 0 4 0 22 0 0 20 1 0 
 0 0 0 0 5 0 37 0 0 0 0 0 0 0 0 0 0 2 4 1 0 6 6 2 69 152 0 3 9 6 73 7 0 0 4 0 0 3 0 7 69 81 138 69 298 253 553 338 160 286 336 32 0 389 33 28 133 51 184 54 0 0 2 3 1 1 0 2 3 2 0 0 0 1 2 6 1 0 0 3 0 0 0 0 0 0 0 0 0 0 0 0 0 0 0 0 0 0 0 0 0 0 0 5 4 46 0 0 10 0 0 3 0 0 0 0 0 5 0 6 13 9 8 1 8 0 11 3 0 20 0 31 0 0 11 24 21 0 8 42 0 0 0 0 0 0 0 0 0 0 0 0 2 0 0 0 0 0 20 23 0 0 0 0 0 0 0 0 30 0 0 0 0 0 0 0 0 0 22 0 18 0 8 8 11 20 0 0 31 12 0 17 0 0 6 0 8 0 0 0 24 33 10 0 0 0 0 0 30 58 0 0 45 23 16 10 0 0 32 16 0 0 0 0 1 7 0 0 0 0 0 0 1 0 0 0 0 1 10 0 0 0 7 0 0 0 0 0 0 0 0 16 0 2 0 0 0 0 9 0 0 0 2 0 2 8 2 0 0 0 1 0 0 0 0 2 0 0 0 0 0 0 0 0 0 7 0 0 0 0 
 0 0 0 3 0 2 0 3 0 0 0 0 0 2 0 2 0 64 0 0 0 0 0 0 2 64 0 0 0 2 0 0 0 0 0 0 61 3 0 0 148 159 411 169 497 108 323 563 446 302 123 57 389 0 228 58 376 34 136 129 0 0 0 0 0 3 0 3 0 0 0 0 0 0 0 0 0 0 1 1 0 0 0 0 0 0 0 0 0 0 0 0 14 0 0 0 0 0 0 0 0 0 0 0 4 34 0 0 0 0 0 0 0 0 5 0 0 0 0 0 18 20 37 18 39 0 14 26 46 0 31 34 6 10 2 12 24 15 43 22 0 1 0 0 0 0 0 0 0 0 17 0 11 0 0 0 0 0 21 12 0 0 0 0 0 0 0 0 0 0 0 0 0 0 0 0 0 0 0 0 0 0 8 0 0 0 0 0 0 0 0 0 0 0 0 0 0 0 0 0 10 34 18 22 37 0 3 25 40 30 22 18 18 0 0 16 56 11 0 0 0 0 0 0 0 0 0 0 0 0 0 0 18 0 0 0 0 0 0 3 0 0 0 0 0 2 0 2 0 0 0 7 0 2 0 0 1 0 0 8 0 0 2 0 2 1 1 36 0 0 0 0 0 3 0 0 0 0 0 0 0 0 7 0 4 0 0 0 0 0 
 0 0 0 0 0 0 0 6 0 0 0 0 0 0 0 4 0 2 0 0 3 7 3 3 3 93 5 3 3 3 3 3 3 9 3 7 3 3 4 3 128 202 61 106 104 288 34 304 331 127 152 123 33 228 0 456 58 134 68 209 5 34 0 0 50 0 5 6 51 0 0 0 0 1 0 0 0 1 0 83 0 0 0 0 0 0 0 0 0 0 0 0 0 2 0 0 0 0 0 0 0 0 0 0 0 9 0 0 0 0 0 0 0 0 0 0 0 0 0 0 20 22 0 35 0 20 15 17 20 1 10 13 0 7 0 0 33 41 0 16 1 0 0 0 0 0 0 0 1 0 0 0 10 10 0 0 0 14 1 0 0 0 0 0 5 0 5 0 0 0 0 0 0 0 0 0 0 0 2 4 0 0 0 0 0 0 0 0 0 0 0 0 0 0 0 0 0 0 0 0 25 11 29 0 0 20 14 40 16 38 30 9 0 0 0 37 51 54 0 0 0 9 0 0 0 0 3 3 0 0 0 0 10 0 1 0 0 0 19 29 0 0 0 0 0 0 0 0 0 26 0 10 0 1 0 0 0 0 0 10 0 0 0 0 48 2 2 1 0 0 0 0 0 0 0 0 0 0 0 0 0 0 0 0 15 0 0 1 0 0 
 0 0 0 0 0 0 0 60 0 0 0 0 0 0 0 0 0 0 2 0 2 2 0 1 1 0 1 0 0 0 1 1 0 1 1 0 1 1 1 0 38 340 200 93 330 136 44 541 145 161 98 100 28 58 456 0 270 318 43 511 206 0 0 0 0 0 0 1 0 0 0 0 8 0 0 0 0 0 1 67 0 0 0 0 0 0 0 0 0 0 0 0 0 0 0 0 0 0 0 0 0 0 0 0 0 0 0 0 0 0 0 0 0 0 0 0 3 0 0 0 0 0 0 7 10 30 0 18 0 0 21 16 0 1 0 29 0 22 0 0 16 7 0 0 1 0 0 0 6 0 0 0 19 37 2 8 0 0 43 2 7 0 0 0 3 4 0 0 0 0 0 0 0 0 0 0 1 0 0 3 0 0 0 0 0 0 0 0 0 0 0 0 1 0 0 0 0 0 0 0 0 14 17 9 14 25 0 0 0 19 7 12 0 0 0 0 0 48 0 0 0 15 14 0 6 0 55 8 10 0 0 0 6 6 45 0 16 0 0 2 0 0 0 0 0 0 0 0 0 0 0 9 0 0 0 0 0 0 0 1 0 0 1 64 65 3 0 47 0 0 0 0 0 0 0 0 0 0 0 0 0 0 0 0 1 9 0 16 2 0 
 3 3 7 0 3 3 3 6 3 3 3 3 3 2 5 3 3 3 3 3 0 1 0 0 3 54 0 0 0 0 0 0 0 0 0 3 0 0 0 0 60 324 155 69 65 65 113 118 340 345 80 209 133 376 58 270 0 108 103 99 6 0 3 17 1 0 4 0 0 12 1 0 1 1 0 4 1 1 0 50 0 0 0 0 0 0 0 0 0 0 0 0 0 0 0 0 0 0 0 0 0 0 0 0 0 10 0 0 0 0 0 0 0 0 0 0 0 0 0 0 37 15 26 0 11 11 26 30 19 12 29 6 1 0 12 26 23 0 0 6 9 0 0 0 12 3 0 0 0 0 0 0 11 10 0 0 0 1 12 10 0 0 0 0 0 9 0 0 0 0 0 0 0 0 0 0 0 0 0 0 0 0 0 0 0 11 0 0 0 0 0 0 0 0 0 0 0 0 0 0 18 20 0 9 25 11 1 14 25 13 0 8 5 40 12 1 0 4 0 1 0 3 41 9 3 0 0 0 10 0 0 4 12 0 0 0 0 0 0 0 0 0 0 0 0 0 0 2 0 0 0 19 0 0 0 0 0 0 0 0 0 0 0 0 7 12 0 63 0 0 0 0 2 0 0 0 0 0 0 0 0 0 0 0 0 7 0 8 2 0 
 31 2 2 2 0 1 0 4 3 0 2 1 2 2 0 2 2 0 0 0 1 1 1 2 0 63 2 1 208 1 5 2 2 2 1 8 4 0 1 203 299 32 59 88 52 49 43 52 90 235 59 200 51 34 134 318 108 0 18 153 0 1 0 0 0 0 4 7 0 0 1 9 1 5 0 0 0 1 0 110 0 0 0 0 0 0 0 0 0 0 0 0 0 0 0 0 0 0 0 0 0 0 0 0 0 12 0 0 0 0 0 0 0 0 0 0 0 0 0 0 11 8 10 4 5 9 11 2 11 0 0 11 0 0 0 10 27 19 0 6 15 7 8 0 0 0 0 3 0 3 0 3 14 14 0 0 1 1 14 0 4 0 0 0 23 0 0 0 0 0 0 0 0 0 0 0 0 0 0 3 0 0 0 0 0 0 0 0 0 0 0 0 0 0 0 0 0 0 0 0 10 0 0 19 0 54 20 10 50 10 0 0 0 0 0 45 7 11 0 0 7 0 15 0 0 0 0 12 19 4 1 0 1 1 7 0 9 0 10 0 0 0 0 0 0 0 0 0 0 0 0 8 0 1 0 0 0 2 0 11 0 1 4 0 2 5 0 0 0 1 0 0 0 0 0 0 0 0 0 0 0 4 0 0 0 0 0 14 0 1 
 0 0 0 4 0 0 0 0 0 0 0 0 0 0 0 0 2 0 0 0 2 2 2 2 2 2 54 2 2 23 66 2 2 2 25 2 2 63 68 2 34 68 50 141 81 40 92 320 74 94 99 65 184 136 68 43 103 18 0 140 0 6 0 0 0 0 0 0 31 0 0 0 0 0 0 0 0 0 0 0 0 0 0 0 0 0 0 0 0 0 0 0 0 0 0 0 0 0 0 0 0 0 0 11 0 11 0 0 0 16 9 17 0 0 6 0 0 12 0 0 12 7 64 10 0 0 6 9 9 14 9 7 0 9 19 8 1 0 11 0 0 0 0 0 0 0 0 0 0 0 0 0 0 0 0 0 2 0 0 7 0 0 0 0 0 0 0 0 3 0 0 0 0 0 0 0 0 0 0 0 16 0 0 20 0 36 0 0 0 0 11 0 0 0 0 0 0 0 0 0 0 2 15 0 22 0 22 10 0 6 0 7 1 16 21 1 6 0 0 12 0 0 0 0 0 0 0 0 0 0 0 0 27 0 0 0 0 0 0 0 0 0 0 0 0 0 0 0 0 0 0 3 0 0 0 0 0 0 0 0 0 0 2 0 2 21 0 0 0 0 0 0 0 0 0 0 0 0 0 0 0 6 0 0 0 0 0 0 2 0 
 0 0 0 5 0 2 0 0 0 0 0 2 0 3 0 0 0 2 0 0 24 2 3 3 64 64 3 3 3 5 67 3 3 3 3 31 3 3 3 7 132 40 108 145 85 109 75 48 66 345 80 80 54 129 209 511 99 153 140 0 0 0 0 13 0 4 6 54 0 0 0 0 0 0 0 3 2 0 0 0 12 0 0 0 0 0 0 0 0 0 0 0 0 0 0 0 0 0 0 0 0 0 0 0 0 0 0 0 11 0 0 0 0 0 0 0 0 0 0 0 35 20 14 28 0 0 0 43 69 0 6 0 11 8 8 0 14 0 0 2 0 0 0 0 0 0 0 0 0 0 0 0 7 0 0 0 0 0 0 0 0 0 0 0 0 0 0 0 18 0 0 0 0 4 0 0 0 0 0 0 0 0 0 0 0 27 0 0 0 0 0 0 0 0 0 0 0 0 0 0 42 16 2 21 0 20 42 23 7 0 31 1 0 18 0 20 13 13 0 0 0 0 0 0 0 22 0 0 8 0 0 2 6 0 0 0 0 0 0 22 0 0 0 0 0 0 0 0 0 0 0 5 0 11 0 0 0 0 0 0 0 0 2 0 0 1 0 2 0 0 3 0 0 0 0 0 0 0 0 0 0 0 0 0 19 0 0 0 0 0 
 0 0 0 0 0 0 0 0 0 0 0 0 0 0 3 0 3 1 4 0 5 3 3 4 8 3 3 3 3 3 4 3 3 8 3 3 3 5 3 3 0 0 0 31 54 48 0 0 0 51 51 55 0 0 5 206 6 0 0 0 0 118 88 54 44 31 175 63 46 24 37 41 97 96 144 43 40 43 363 52 0 0 0 1 0 0 0 0 0 0 0 0 0 10 0 0 0 13 13 0 0 3 0 0 0 0 0 0 0 0 0 0 0 0 0 0 0 0 0 0 0 0 0 0 39 0 0 0 0 0 9 14 0 0 0 0 0 0 0 0 0 17 10 1 7 0 2 32 25 40 28 4 1 43 27 0 2 19 15 7 0 0 3 0 0 0 0 0 0 0 0 0 0 0 0 0 4 0 14 0 0 0 0 0 0 0 0 0 0 0 2 0 0 0 0 13 0 0 0 0 0 0 0 0 0 10 0 0 0 0 0 0 0 2 0 0 0 0 0 0 3 14 2 1 18 1 10 3 19 15 0 4 0 27 2 19 13 15 37 0 0 0 0 0 0 0 0 0 0 0 0 0 0 0 10 0 0 0 1 0 0 0 24 53 2 0 0 0 0 0 4 2 2 2 2 2 0 0 0 0 0 0 0 0 0 2 0 0 7 1 
