 0 63 82 50 48 165 130 55 59 212 48 86 312 148 135 34 98 21 46 73 1 5 0 1 0 74 1 3 1 2 3 0 0 0 3 2 5 2 11 2 6 1 0 0 7 2 0 0 0 6 0 0 0 0 0 3 0 0 6 2 3 0 0 0 0 0 3 43 0 6 3 1 1 3 2 19 1 1 0 0 7 37 5 8 0 0 0 0 0 11 7 15 21 0 3 13 7 17 0 5 1 2 0 55 19 0 0 2 0 0 0 0 0 0 0 0 0 0 0 0 0 0 0 0 0 0 0 1 0 0 0 0 0 2 0 0 0 0 2 0 0 0 0 0 0 0 0 0 0 0 0 0 0 2 0 0 0 0 0 0 0 19 12 21 12 0 10 0 14 9 0 0 1 0 20 14 0 14 0 21 0 0 0 0 0 0 0 0 0 8 0 0 0 0 0 0 0 0 0 0 0 0 0 0 0 0 0 0 0 0 1 0 0 0 1 0 0 0 0 0 0 0 0 0 0 0 0 0 0 0 0 2 2 0 0 0 0 0 0 0 0 0 0 0 0 0 0 0 2 1 0 16 0 0 0 0 0 0 0 0 0 0 0 0 0 0 0 0 0 0 0 0 0 0 0 0 0 0 0 0 0 0 0 0 0 0 0 0 0 1 
 63 0 128 541 117 42 84 298 150 211 170 22 54 302 185 54 137 68 57 38 0 1 0 70 0 2 26 2 0 19 3 25 22 74 21 30 31 0 107 17 0 0 0 0 3 2 0 0 2 0 0 0 0 0 0 0 2 1 3 2 3 0 0 0 0 0 53 0 0 0 0 0 0 0 0 42 0 0 0 0 11 70 0 14 0 15 10 12 9 12 1 19 7 0 14 1 0 12 0 15 0 0 0 0 0 0 0 0 0 0 0 0 12 0 0 0 0 0 0 6 0 0 16 0 0 0 0 0 0 0 0 12 0 0 0 0 0 0 0 13 0 0 0 0 1 0 0 0 0 5 0 0 0 0 0 0 0 0 0 0 1 17 56 6 9 0 0 10 0 0 12 47 0 12 13 8 9 8 0 0 21 0 19 0 0 0 0 0 0 0 0 0 0 1 0 0 14 0 20 0 0 0 0 0 0 0 0 0 0 0 0 0 0 0 0 0 0 0 0 0 0 0 0 0 0 0 0 0 0 0 0 0 0 0 0 0 0 0 0 0 0 0 8 0 0 2 2 0 93 2 0 2 0 0 0 0 0 0 0 0 0 0 0 0 0 0 1 0 0 0 1 0 0 0 0 6 18 0 0 0 0 0 0 0 0 0 0 0 0 3 
 82 128 0 186 143 361 84 284 171 366 55 419 203 251 228 136 194 190 48 255 0 0 0 1 0 1 2 3 2 0 3 0 73 0 0 5 3 0 0 80 3 0 0 0 5 11 0 0 0 3 2 0 0 0 0 0 0 0 11 2 3 0 0 0 0 0 3 2 0 3 0 0 0 0 0 1 0 0 0 0 32 40 27 0 12 17 10 20 16 1 52 46 24 0 90 0 0 18 75 15 0 0 0 0 2 0 5 0 0 0 0 0 4 0 0 0 0 0 0 0 0 0 0 0 0 0 0 0 0 0 0 0 0 0 0 0 0 0 0 0 26 0 0 0 0 0 0 0 0 0 2 0 1 0 0 0 16 25 0 0 23 14 8 0 0 1 0 16 45 22 36 12 12 20 2 2 13 9 14 0 0 0 0 16 7 0 9 0 0 0 2 0 11 0 1 0 0 0 19 0 0 0 0 0 0 0 0 0 0 0 0 0 0 0 0 0 0 0 0 0 0 0 0 0 0 0 0 18 0 0 0 0 0 0 0 0 0 0 0 2 0 0 13 0 0 0 3 0 1 48 10 5 0 0 0 0 0 0 0 0 0 0 0 0 0 0 2 0 0 0 0 0 0 0 0 0 0 0 0 0 0 0 0 0 0 0 0 0 0 0 
 50 541 186 0 194 360 422 268 177 332 358 259 123 542 280 225 410 376 84 54 74 4 1 0 2 1 38 3 1 0 3 0 0 0 38 2 4 0 2 82 2 0 0 0 5 2 0 0 0 2 0 0 3 0 0 3 0 0 8 3 2 0 0 0 0 0 3 2 3 1 0 0 0 41 0 0 0 0 0 0 53 15 6 28 22 13 0 35 10 0 0 36 1 16 0 14 16 17 9 21 0 0 12 0 0 0 23 0 0 1 1 0 18 12 0 0 10 0 16 36 0 0 1 0 0 0 0 0 0 0 0 0 0 0 0 0 0 0 0 0 0 0 0 0 0 0 0 0 0 0 0 0 0 0 0 0 0 0 0 0 11 9 15 1 9 11 0 21 15 16 16 65 4 0 0 4 5 0 7 0 40 0 25 0 0 2 23 3 17 0 0 0 2 1 30 0 8 0 9 0 0 0 0 2 0 1 0 1 0 0 0 0 0 0 0 0 0 0 0 2 0 0 0 0 0 0 0 6 0 0 0 0 0 0 0 0 0 0 0 0 0 11 0 0 0 4 2 1 96 0 0 11 0 2 0 0 0 0 0 0 0 0 0 0 0 0 0 0 0 0 0 0 0 0 0 0 28 0 0 0 0 0 0 0 0 0 0 0 0 0 
 48 117 143 194 0 177 44 156 191 85 282 138 145 50 503 88 174 45 103 70 74 149 0 5 0 0 152 214 2 2 4 0 95 159 75 5 0 0 91 34 0 2 0 0 3 2 0 0 0 2 0 0 4 0 0 0 0 3 6 2 3 1 1 0 29 55 3 53 0 1 0 10 0 0 0 0 1 0 0 0 14 0 0 10 12 0 0 0 15 19 0 2 0 21 0 30 11 0 0 0 20 30 23 1 0 0 12 0 0 0 0 1 35 10 9 19 0 0 0 0 0 0 0 0 0 0 0 0 0 0 0 0 0 0 0 0 0 0 0 11 0 0 0 0 0 0 0 0 0 13 1 0 2 0 0 0 0 0 12 7 0 0 0 0 0 40 5 0 9 0 17 16 0 0 0 0 0 14 6 0 13 23 27 0 0 0 10 32 19 0 2 0 30 0 36 0 27 9 25 3 0 0 0 0 0 0 0 0 0 0 0 0 0 0 0 0 0 0 0 0 0 0 0 0 0 2 0 2 0 0 0 0 0 0 0 0 0 0 0 0 0 0 0 0 0 0 2 0 5 49 0 12 11 0 2 0 0 1 0 0 0 0 0 0 0 0 1 0 0 0 0 0 0 0 0 0 0 0 0 0 0 0 0 0 0 0 0 0 0 0 
 165 42 361 360 177 0 116 35 346 278 75 81 96 39 66 191 81 233 265 343 29 73 0 2 0 3 0 3 2 72 3 0 67 30 0 2 0 0 74 113 0 0 0 0 3 3 0 0 0 0 0 0 0 0 0 0 0 2 4 2 3 0 0 0 50 0 8 0 0 0 0 0 0 0 0 0 0 0 0 3 0 0 0 11 9 12 0 41 1 0 10 9 0 10 0 16 0 22 1 1 14 13 0 0 0 0 26 17 14 15 0 0 0 12 0 0 0 0 21 12 0 0 0 0 0 0 0 0 0 0 0 0 0 0 0 0 0 0 0 0 0 0 0 0 0 0 0 0 0 0 0 0 0 0 0 2 0 0 0 0 0 0 0 19 4 11 7 15 1 10 0 3 0 0 3 0 0 0 0 10 17 9 0 0 0 0 37 1 6 0 0 0 14 13 2 0 14 30 0 15 0 0 0 0 0 0 0 0 0 0 0 2 0 0 0 0 1 0 0 0 0 0 0 1 0 0 0 0 0 0 1 0 0 0 0 0 0 0 0 0 0 2 0 0 0 1 91 0 5 1 0 4 0 0 0 0 0 75 0 0 0 15 18 0 0 0 0 0 0 0 0 0 0 0 0 10 0 0 0 0 0 10 0 0 0 0 0 0 0 0 
 130 84 84 422 44 116 0 370 244 51 618 110 64 116 52 22 32 102 113 287 1 0 1 1 0 1 2 3 2 0 3 0 0 0 0 2 0 0 0 1 0 0 5 0 3 3 0 2 0 0 3 0 0 0 0 0 0 0 3 3 2 0 0 0 0 0 3 0 2 0 0 0 0 0 0 2 1 0 0 0 10 0 43 12 0 0 64 4 13 0 11 0 42 13 16 16 0 2 11 10 0 0 0 0 0 0 0 0 0 0 1 0 0 0 0 0 0 0 0 14 0 0 2 0 0 0 0 0 0 0 0 0 7 0 0 0 0 0 0 0 0 7 0 0 0 0 0 0 1 0 0 0 0 0 0 0 0 0 0 0 8 13 0 0 0 0 29 1 0 0 1 10 29 4 19 0 1 20 0 30 0 0 0 0 0 0 5 0 0 0 0 0 0 0 0 0 0 0 0 0 0 0 0 1 0 2 2 2 0 0 0 0 0 0 0 0 0 0 0 1 0 0 0 0 0 0 0 0 0 0 0 0 0 0 0 0 0 0 0 0 0 0 0 0 0 0 0 0 2 1 0 15 0 1 0 0 0 0 0 0 0 0 0 0 0 0 0 0 0 0 0 0 0 0 0 12 0 0 0 0 0 0 0 0 0 0 0 0 0 0 
 55 298 284 268 156 35 370 0 168 30 102 42 170 383 145 32 56 167 167 137 0 0 0 0 0 2 1 4 0 1 3 1 0 0 0 2 0 2 0 0 0 0 3 0 3 2 0 3 0 0 4 0 0 0 0 0 0 0 3 3 2 0 0 0 0 3 3 0 2 0 0 1 0 0 0 2 0 0 5 0 30 0 31 10 1 9 18 0 93 10 13 0 0 15 27 47 5 15 31 1 0 0 0 2 0 0 0 0 0 9 0 0 0 0 0 0 0 0 0 0 0 0 0 0 0 0 0 0 0 0 0 0 1 0 0 2 0 0 0 0 0 0 0 13 0 0 0 0 0 0 0 0 0 0 0 0 0 0 0 0 23 27 22 2 1 21 21 12 15 9 14 0 30 0 52 1 14 18 52 44 0 0 0 0 0 1 0 0 0 1 0 0 3 0 0 0 0 0 0 21 10 0 0 0 0 0 0 0 2 0 0 0 0 0 0 0 0 0 2 0 1 0 0 0 1 0 0 0 1 0 0 0 0 2 0 0 0 0 0 0 0 0 0 0 0 0 88 0 2 90 0 17 0 0 0 0 0 0 0 0 0 0 0 0 0 0 0 0 0 0 0 0 0 0 0 11 2 10 0 0 0 0 0 0 0 0 0 0 0 0 
 59 150 171 177 191 346 244 168 0 165 423 35 142 77 216 282 86 258 178 571 1 1 0 0 0 2 81 3 0 0 3 0 0 0 0 81 0 0 73 0 0 0 0 2 3 2 0 1 0 0 4 0 3 0 3 0 0 2 3 3 2 0 0 0 0 0 5 0 2 0 2 33 0 0 2 2 0 0 1 0 14 0 39 13 0 14 1 0 103 19 3 21 0 19 18 0 0 14 28 0 9 14 0 0 0 0 0 0 0 0 0 0 13 0 42 0 0 0 0 11 0 0 0 0 0 0 0 0 0 0 0 0 0 0 0 0 0 0 0 13 0 0 0 0 0 0 0 0 0 33 0 0 0 0 0 0 0 0 0 0 27 32 31 0 9 0 14 17 0 0 31 8 3 0 5 1 12 23 0 12 18 0 16 0 0 0 0 0 0 0 1 0 0 21 0 0 0 0 12 0 0 0 0 0 0 0 0 0 0 0 11 0 0 0 0 0 0 0 0 2 0 0 2 0 0 25 0 1 0 0 0 2 0 0 0 4 0 0 0 2 0 0 0 0 0 0 0 0 5 132 0 6 0 0 0 0 0 0 0 0 0 0 0 0 0 0 0 0 0 0 0 0 0 0 0 16 12 0 0 0 0 0 0 0 0 0 0 0 0 0 
 212 211 366 332 85 278 51 30 165 0 187 44 189 468 401 319 465 47 384 163 2 0 0 2 0 2 2 3 1 0 3 0 0 0 1 2 0 0 17 2 0 0 0 0 3 2 0 1 0 0 0 0 0 0 0 0 0 0 3 2 3 0 0 0 0 4 3 0 0 0 0 0 0 0 0 18 0 0 0 0 18 44 41 10 0 0 5 2 2 46 37 17 1 13 21 25 42 18 14 30 0 0 0 0 0 0 1 0 0 0 0 0 10 0 0 0 0 0 2 3 0 0 0 0 0 0 0 0 0 0 0 0 0 0 0 0 2 0 0 11 0 0 0 0 0 0 9 0 0 1 0 7 0 0 0 0 0 0 0 0 40 1 1 22 28 1 14 1 1 7 15 7 0 21 28 15 10 25 0 10 0 0 0 0 0 0 0 0 0 0 0 0 0 0 0 1 0 0 13 0 0 0 0 0 2 8 0 0 0 0 0 0 0 0 0 0 0 0 0 0 0 0 0 0 0 0 1 0 0 0 3 0 0 0 0 1 0 0 0 0 0 9 0 0 0 2 3 0 3 93 1 10 0 0 0 0 0 0 0 0 0 0 1 0 0 0 0 0 0 0 0 0 0 0 0 8 0 0 0 0 0 0 0 0 0 0 0 0 0 0 
 48 170 55 358 282 75 618 102 423 187 0 360 160 52 281 303 190 308 60 72 24 0 0 1 0 0 70 4 0 0 5 0 155 22 0 3 0 0 54 4 0 0 0 0 3 73 0 0 0 0 0 0 0 0 0 0 0 0 3 3 2 2 8 0 0 0 3 0 2 0 0 1 0 0 0 0 0 0 0 0 30 30 0 10 11 46 0 10 22 14 0 18 0 13 0 11 26 21 0 0 0 0 2 1 0 0 3 0 12 0 2 24 11 23 6 35 0 0 0 31 0 0 0 1 0 0 0 0 0 0 0 0 0 0 0 0 0 0 0 10 0 0 0 0 0 0 0 0 0 7 0 0 0 0 0 0 0 0 0 0 0 16 22 0 9 11 3 22 14 0 2 45 0 0 1 14 0 19 1 7 20 4 5 0 0 0 0 5 1 0 0 0 10 1 16 0 0 0 51 0 0 0 0 0 0 0 0 1 0 0 0 0 2 0 0 0 0 0 0 2 0 0 0 0 0 0 0 0 0 0 0 0 0 0 0 0 0 0 0 0 0 0 0 0 0 2 2 2 87 11 0 13 14 0 0 0 0 0 1 0 0 0 0 0 0 0 0 0 0 0 0 0 1 0 0 0 17 0 0 0 0 0 0 0 0 0 0 0 0 0 
 86 22 419 259 138 81 110 42 35 44 360 0 37 33 34 231 76 358 252 114 89 0 2 3 2 3 75 76 0 0 5 0 62 0 74 2 2 0 76 36 0 0 63 3 5 2 0 0 1 2 0 0 3 0 0 2 0 4 11 2 3 0 3 5 0 0 2 0 2 0 0 0 3 0 2 1 0 0 0 0 0 0 0 20 42 0 0 14 0 2 0 10 0 35 0 10 0 14 0 0 6 7 0 0 0 0 33 17 0 0 0 0 23 19 66 10 15 0 21 8 0 0 0 0 0 0 0 0 0 0 0 0 0 2 0 0 0 0 2 0 0 0 0 0 0 0 0 0 0 4 0 0 0 0 0 0 0 0 0 0 0 7 0 0 0 14 0 14 1 1 19 29 12 0 0 0 7 0 0 42 9 0 35 0 0 0 30 1 27 0 0 0 21 15 45 0 13 0 13 0 0 0 0 0 0 0 0 0 0 13 0 0 0 0 0 0 0 0 0 0 0 0 0 0 0 0 0 0 0 0 0 0 0 0 0 0 0 0 0 0 0 0 0 0 0 2 0 0 1 0 0 9 0 0 0 0 0 0 0 0 0 0 0 0 0 0 0 0 0 0 0 10 0 0 1 19 0 0 0 0 0 0 0 0 0 0 0 0 0 0 
 312 54 203 123 145 96 64 170 142 189 160 37 0 159 85 226 127 212 185 53 0 0 0 1 0 2 2 3 2 0 3 0 12 0 0 2 0 0 72 0 0 0 0 0 3 2 0 0 0 0 0 0 0 0 0 0 0 1 3 2 3 0 0 0 0 0 2 4 0 2 0 0 0 0 0 0 0 0 0 0 38 29 9 14 7 52 0 13 0 32 10 0 11 7 2 0 10 0 19 13 0 13 0 1 0 0 8 0 0 0 0 0 0 0 0 0 0 0 13 0 0 0 0 0 0 0 0 0 0 0 0 0 0 0 0 0 0 2 0 2 0 0 0 0 0 0 0 0 0 0 0 0 0 0 0 0 0 0 0 0 27 29 22 30 13 4 48 33 11 65 0 0 0 0 0 0 0 11 22 0 2 0 0 0 0 0 0 0 0 0 0 0 12 0 0 0 0 0 0 0 0 0 0 0 0 0 0 0 6 0 0 0 0 0 0 0 0 0 1 0 0 0 0 0 1 0 0 0 2 0 0 0 0 1 0 0 0 0 0 0 0 0 0 0 2 0 97 2 0 96 0 5 0 0 0 0 0 0 0 0 0 0 13 0 0 0 0 0 0 0 0 0 0 0 0 0 0 0 0 0 0 0 0 0 0 0 0 0 0 0 
 148 302 251 542 50 39 116 383 77 468 52 33 159 0 414 49 129 135 215 92 3 0 0 1 2 1 1 5 4 0 3 3 1 0 2 2 3 0 0 0 1 0 0 0 5 2 0 0 3 3 0 0 0 3 0 0 0 0 3 2 3 0 0 0 0 0 3 0 0 0 0 0 3 5 0 39 53 0 0 5 10 52 25 14 2 0 9 33 9 37 45 21 14 13 15 12 31 1 14 22 0 0 0 2 0 0 0 0 0 10 0 0 0 0 0 0 0 0 17 1 0 0 0 0 0 0 0 0 0 0 0 0 0 0 0 2 0 1 0 1 0 0 0 0 0 0 0 0 2 0 0 0 0 0 0 0 0 0 0 0 23 14 10 63 9 5 1 14 14 17 0 0 0 55 25 5 10 24 0 10 0 0 0 0 0 37 0 0 0 0 0 0 10 0 0 0 0 0 0 0 0 0 0 0 0 0 0 0 2 0 0 0 0 0 0 0 0 0 2 0 2 0 0 0 0 0 0 0 0 2 0 0 0 2 0 0 0 0 0 0 0 9 0 0 0 0 135 0 1 9 12 21 0 0 0 0 0 0 0 0 0 0 20 0 0 0 0 0 0 14 0 0 0 0 0 0 0 5 0 0 0 0 0 0 0 0 0 0 0 0 
 135 185 228 280 503 66 52 145 216 401 281 34 85 414 0 105 104 261 296 170 0 0 1 1 0 2 171 208 1 0 5 0 0 0 1 2 0 5 75 0 0 0 0 0 3 2 0 3 0 0 4 0 0 0 0 0 0 0 3 2 3 3 0 0 0 0 3 31 0 2 0 0 0 0 0 19 0 2 0 0 0 12 47 0 0 0 21 14 12 22 18 1 0 11 25 15 10 13 33 32 0 0 0 0 0 0 0 6 6 0 0 0 0 0 7 0 0 0 0 0 0 0 0 0 0 0 0 0 0 0 0 0 8 0 0 0 0 0 0 0 0 0 0 0 0 0 0 0 0 0 0 0 0 0 0 0 0 0 0 0 56 37 2 16 21 47 23 1 0 18 17 0 0 16 21 12 21 16 0 0 0 0 0 0 0 0 0 4 0 0 0 0 2 0 0 0 0 0 3 0 0 0 0 0 0 0 0 0 0 0 0 0 0 0 0 0 0 0 0 0 23 0 0 0 0 0 0 0 0 0 0 0 0 0 0 0 0 0 0 0 0 0 0 0 0 0 91 0 2 103 1 15 0 0 0 0 0 0 0 0 0 0 0 0 0 0 0 0 0 0 0 0 0 0 0 7 0 9 0 0 0 0 0 0 0 0 0 0 0 0 
 34 54 136 225 88 191 22 32 282 319 303 231 226 49 105 0 122 141 38 63 0 1 0 0 0 1 5 3 0 1 3 0 166 0 0 2 2 0 0 76 0 0 0 0 3 2 0 0 0 0 0 0 10 0 0 0 0 0 18 3 3 0 0 0 0 0 3 0 1 0 0 5 0 0 0 0 0 0 0 0 21 0 11 25 5 56 0 14 10 7 0 27 0 0 0 0 35 33 16 18 19 0 0 2 0 0 8 12 0 0 0 0 10 13 23 0 0 0 0 13 0 0 0 0 0 0 0 0 0 0 0 0 0 0 0 2 0 0 0 1 0 0 0 0 0 0 0 0 2 0 0 0 0 0 0 0 0 0 0 0 1 0 23 0 8 5 0 24 28 24 16 0 0 0 0 0 0 2 16 0 47 0 1 0 0 2 23 11 0 1 0 0 1 18 4 0 0 0 0 0 0 0 0 0 0 0 0 0 2 10 0 0 0 0 0 0 0 0 0 0 2 0 0 0 1 0 0 0 1 2 0 0 0 1 0 0 0 0 0 0 0 0 0 0 1 0 1 0 90 2 0 12 0 2 0 0 0 0 0 0 0 0 0 0 0 0 0 0 0 0 0 0 0 0 0 0 26 1 0 0 0 0 0 0 0 0 0 0 0 0 
 98 137 194 410 174 81 32 56 86 465 190 76 127 129 104 122 0 149 569 292 0 0 0 2 0 2 1 84 0 0 3 0 2 0 0 5 0 0 0 0 0 0 0 0 3 3 0 0 0 0 0 63 70 0 0 0 0 2 3 2 3 0 0 4 0 0 2 0 0 0 0 0 0 0 0 45 0 0 0 1 22 37 1 20 3 1 11 20 22 3 13 1 18 15 0 11 13 29 23 8 0 0 0 0 0 0 0 0 0 0 0 0 4 0 0 0 0 0 0 1 0 0 0 0 0 0 0 0 0 0 1 1 0 0 0 0 0 0 0 0 0 0 0 0 0 0 0 0 0 0 0 0 0 0 0 0 0 0 0 0 15 1 2 0 6 0 3 0 59 0 25 15 0 47 14 26 20 0 0 11 0 0 0 0 0 0 0 0 0 0 0 0 0 0 0 0 0 0 10 0 0 0 0 0 0 0 0 0 0 0 0 0 0 0 0 0 0 0 0 0 0 0 1 0 0 0 0 0 0 0 0 0 0 0 0 0 0 0 0 0 0 0 0 0 0 2 0 3 3 89 10 2 0 0 0 0 0 0 0 0 0 0 0 0 0 0 0 0 0 0 0 0 0 0 0 0 0 0 0 0 0 0 0 0 0 0 0 0 0 0 
 21 68 190 376 45 233 102 167 258 47 308 358 212 135 261 141 149 0 43 63 0 0 0 1 0 3 1 4 0 0 3 0 73 0 0 2 0 1 0 74 0 0 0 0 3 2 0 0 0 0 0 2 0 1 0 0 0 4 9 2 3 0 0 0 0 0 2 0 0 0 0 0 0 0 0 2 0 0 0 0 55 13 16 12 17 10 1 10 26 1 21 21 16 13 8 16 21 11 21 1 0 0 0 0 0 0 5 0 0 0 0 0 20 0 1 0 3 0 19 22 0 0 1 0 0 0 0 0 0 0 0 0 0 0 0 0 0 0 0 0 0 0 0 0 0 0 0 0 11 0 0 0 0 0 0 0 0 0 0 0 2 12 9 0 0 12 0 12 34 32 25 30 15 16 0 0 12 7 8 12 4 0 31 0 0 0 18 0 1 0 0 0 23 0 0 0 0 0 10 0 0 0 0 2 0 2 1 0 0 0 0 0 0 17 0 0 0 0 0 1 0 0 0 0 0 0 8 0 0 0 0 0 0 0 0 0 0 0 0 0 0 1 0 0 0 5 87 3 5 1 9 13 0 2 0 0 0 0 0 0 0 0 0 0 0 0 0 0 0 0 0 0 0 0 0 12 14 10 0 0 0 0 0 0 0 0 0 0 0 3 
 46 57 48 84 103 265 113 167 178 384 60 252 185 215 296 38 569 43 0 102 0 2 2 1 3 1 1 6 6 2 3 3 40 0 0 2 0 1 3 0 3 0 0 1 3 4 3 0 2 0 3 0 0 2 0 3 1 3 3 2 9 0 2 0 0 1 3 2 0 0 0 0 0 0 0 42 0 0 0 0 0 0 12 0 0 0 37 0 9 44 9 2 53 11 0 0 5 13 16 14 0 0 0 0 0 0 0 0 0 7 0 0 1 0 0 0 0 0 0 0 0 0 0 0 0 0 0 0 7 0 0 0 0 0 0 0 0 0 0 0 0 3 0 0 0 0 0 0 0 0 0 0 0 0 0 0 0 0 11 0 34 1 10 17 4 0 21 0 40 13 2 0 10 40 30 28 35 26 1 1 0 0 0 0 0 0 4 0 0 0 0 0 0 0 0 0 0 0 0 0 0 0 0 0 0 0 0 0 0 0 0 0 0 0 0 0 0 0 0 0 0 0 0 0 0 0 0 0 0 0 0 0 0 0 0 0 0 0 0 0 0 0 0 0 0 3 0 1 4 2 11 6 0 2 0 2 0 0 0 0 0 0 0 0 0 0 0 0 0 0 0 0 0 0 0 0 0 0 0 0 0 0 0 0 0 0 0 0 0 0 
 73 38 255 54 70 343 287 137 571 163 72 114 53 92 170 63 292 63 102 0 0 0 0 1 0 1 1 5 2 0 3 0 74 0 71 2 0 0 0 0 0 0 0 0 3 2 0 0 0 0 0 0 0 0 0 0 0 1 3 2 3 0 0 0 0 0 2 0 0 0 0 39 0 0 0 2 0 0 0 0 13 10 15 12 0 0 20 1 13 0 11 0 42 13 10 29 7 18 14 0 0 0 0 0 0 0 0 0 0 0 0 0 0 0 29 0 0 0 0 0 0 0 0 0 0 0 0 0 0 0 0 0 0 0 0 0 0 0 0 0 0 3 0 0 0 0 0 0 0 0 0 0 0 1 0 0 0 0 0 0 1 0 0 0 12 0 9 16 15 0 1 10 20 0 23 15 0 7 4 20 0 0 0 0 0 0 5 0 0 0 0 0 0 8 0 0 0 0 0 0 0 0 0 2 0 0 0 0 0 0 0 0 0 0 0 0 0 0 0 0 0 0 0 0 0 0 0 0 0 0 0 0 0 0 0 0 0 0 0 0 0 0 0 0 0 4 1 0 3 1 0 6 0 0 0 0 0 0 0 0 0 0 30 0 0 0 0 0 0 0 0 0 0 0 0 12 0 0 0 0 0 0 0 0 0 0 0 0 0 0 
 1 0 0 74 74 29 1 0 1 2 24 89 0 3 0 0 0 0 0 0 0 122 73 36 31 34 124 42 120 204 45 27 143 205 134 192 105 76 144 131 3 0 0 0 0 0 0 0 0 3 0 0 0 63 3 2 0 0 0 0 0 0 11 0 0 0 2 1 0 0 1 0 2 3 3 44 0 2 0 0 2 0 0 0 35 42 0 0 2 0 0 0 0 0 0 0 10 0 1 0 15 4 12 15 17 19 27 10 22 14 19 22 20 48 6 45 22 17 16 32 0 0 0 0 0 0 0 0 0 0 0 0 0 0 0 0 0 0 11 0 0 0 0 0 0 0 0 0 0 0 0 0 0 0 0 0 0 1 0 0 0 0 0 0 1 1 0 0 0 0 0 0 20 0 0 0 5 0 0 0 11 10 22 9 10 1 0 11 8 0 35 0 27 11 26 27 15 31 37 58 0 0 0 0 0 0 2 0 2 0 0 0 0 0 0 0 0 0 2 11 0 0 0 0 0 0 0 2 0 0 0 0 0 2 0 0 0 0 0 0 0 0 13 0 0 0 0 0 0 0 0 0 14 0 18 2 0 83 0 0 0 10 0 0 0 0 0 0 0 0 0 0 0 0 0 0 0 0 0 1 0 39 0 1 0 19 0 0 0 0 
 5 1 0 4 149 73 0 0 1 0 0 0 0 0 0 1 0 0 2 0 122 0 108 110 128 43 94 233 252 453 123 42 75 132 83 194 121 29 270 158 3 204 0 1 0 0 0 0 0 3 0 0 0 0 3 2 0 267 0 0 0 0 0 0 47 0 2 0 0 0 0 0 2 3 3 0 5 2 0 0 0 0 0 0 0 17 0 0 0 0 0 0 0 2 0 0 0 0 0 0 42 18 24 17 0 2 18 10 18 58 1 0 5 17 18 14 22 4 9 4 0 0 0 2 1 0 0 0 0 0 0 0 0 0 17 0 0 0 0 0 3 0 0 0 0 0 0 0 0 0 10 23 0 0 1 0 0 0 0 0 3 0 0 0 0 5 0 0 0 0 0 0 0 0 0 0 2 0 0 0 49 19 21 9 0 20 34 21 2 32 0 0 14 35 0 20 77 48 1 24 0 0 0 0 0 0 0 0 0 0 0 0 0 1 0 0 1 0 0 0 0 0 0 0 0 0 4 11 0 0 0 0 0 0 0 0 0 19 0 10 0 0 11 0 0 0 0 0 0 0 0 0 0 0 2 1 2 145 0 0 4 21 0 0 0 0 0 0 0 0 0 0 0 0 0 0 0 0 0 0 0 51 0 0 0 0 0 0 0 0 
 0 0 0 1 0 0 1 0 0 0 0 2 0 0 1 0 0 0 2 0 73 108 0 176 134 110 94 571 85 74 201 188 48 102 89 271 334 322 19 464 3 0 0 0 7 0 100 62 0 3 0 0 0 0 3 2 0 0 22 62 0 0 0 0 0 0 2 0 0 0 1 0 0 3 3 1 11 2 0 0 0 0 0 0 0 0 0 0 0 0 0 0 0 0 0 0 0 0 0 9 11 40 34 13 25 14 0 47 10 0 12 0 0 0 12 1 35 16 0 11 0 0 0 0 0 0 0 30 2 0 0 0 13 0 0 0 0 0 18 0 0 0 0 0 0 0 0 0 0 0 1 0 0 0 0 0 0 0 0 0 0 0 0 0 0 0 0 4 7 0 0 0 0 0 14 3 0 7 0 0 0 28 10 11 2 21 0 0 0 25 12 0 0 9 14 53 1 0 0 0 10 0 0 0 0 0 7 0 11 0 0 0 19 15 0 0 10 0 27 0 0 0 0 0 16 0 0 0 0 0 0 0 0 0 0 0 0 0 0 0 0 0 0 0 0 0 0 0 81 0 1 0 0 0 11 0 0 20 80 2 0 0 10 0 0 0 4 0 0 0 0 0 0 0 0 0 0 0 0 8 0 12 0 0 0 19 0 0 0 1 
 1 70 1 0 5 2 1 0 0 2 1 3 1 1 1 0 2 1 1 1 36 110 176 0 279 27 179 88 351 410 243 168 75 284 75 96 140 274 55 61 108 62 0 0 0 0 20 2 0 2 0 0 64 31 19 3 0 2 0 3 0 0 0 0 0 3 52 0 0 0 2 0 4 3 3 2 0 3 0 0 0 14 0 0 0 0 0 0 0 0 0 0 0 0 0 0 0 0 0 0 0 13 9 9 5 27 0 0 10 0 0 20 0 0 0 0 25 0 6 0 0 1 0 0 0 0 0 17 0 0 1 0 1 1 6 2 0 0 8 15 0 0 0 0 0 0 0 0 0 2 0 0 1 0 0 0 0 0 0 0 0 0 1 2 0 0 0 28 0 1 0 1 0 0 0 4 0 0 0 0 0 6 0 53 0 24 0 14 13 14 1 13 0 0 19 1 13 15 0 0 26 21 0 0 0 0 7 6 0 0 0 12 53 20 13 0 0 0 31 15 0 0 0 0 0 0 0 0 0 0 0 0 0 0 0 0 0 0 0 0 0 0 18 0 0 1 2 0 0 0 0 0 0 1 13 0 0 81 155 3 2 0 0 0 0 0 0 0 0 0 0 0 0 0 0 0 0 0 0 8 0 0 0 0 0 0 24 0 0 0 
 0 0 0 2 0 0 0 0 0 0 0 2 0 2 0 0 0 0 3 0 31 128 134 279 0 247 254 76 116 263 91 46 64 83 84 94 144 46 57 304 36 62 33 0 0 0 63 1 63 3 0 0 79 97 67 64 0 0 23 1 0 0 0 0 0 2 2 0 0 27 1 0 0 3 3 1 11 2 0 0 0 0 0 0 0 0 8 0 0 0 1 0 0 0 0 0 0 0 0 0 0 0 0 0 17 8 2 0 1 29 14 9 0 2 0 12 13 13 0 1 22 7 8 14 0 11 21 26 35 16 7 11 24 51 1 33 0 15 9 8 0 0 0 5 0 0 1 0 0 0 0 0 0 0 0 0 0 0 0 0 0 0 0 0 0 0 0 0 1 0 0 0 0 0 0 0 0 0 0 0 0 0 0 0 0 0 0 0 1 18 24 0 0 20 0 0 0 0 0 0 22 4 11 11 0 0 9 29 24 0 0 53 10 16 12 14 23 3 13 7 0 0 0 0 0 0 0 0 0 0 0 0 0 0 0 0 0 0 2 0 0 0 0 0 0 0 0 0 0 0 0 0 0 0 8 1 0 78 44 11 0 0 0 0 0 0 0 0 0 0 0 0 0 0 0 0 0 2 0 0 0 0 0 0 0 0 0 0 0 0 
 74 2 1 1 0 3 1 2 2 2 0 3 2 1 2 1 2 3 1 1 34 43 110 27 247 0 47 45 84 76 332 48 41 150 54 90 395 138 36 47 65 0 61 0 0 0 54 0 28 3 0 0 1 126 5 56 0 129 93 1 0 0 0 0 0 0 2 0 0 0 0 0 0 3 3 0 0 2 0 0 0 0 0 0 0 0 0 0 0 0 0 0 9 0 0 0 0 0 0 0 10 0 0 0 1 1 0 38 14 24 13 7 0 0 10 21 0 12 0 9 10 19 18 9 19 12 29 43 10 17 27 12 17 22 0 30 8 21 20 11 0 0 0 2 0 0 0 0 0 0 0 0 0 1 0 0 0 0 0 0 0 1 0 0 0 9 0 0 0 0 1 0 2 0 0 0 0 0 0 0 0 9 0 0 0 16 0 0 0 9 29 1 1 14 0 0 0 0 0 2 8 0 11 1 0 4 11 21 59 11 0 10 0 0 0 18 22 10 16 19 0 0 0 0 0 0 0 0 0 0 0 0 0 0 0 0 0 0 6 0 0 0 0 0 0 0 0 0 0 1 0 0 0 0 17 6 1 4 0 12 6 0 0 0 0 0 0 0 0 0 0 0 0 0 0 0 0 0 0 0 0 0 0 0 0 0 0 0 0 1 
 1 26 2 38 152 0 2 1 81 2 70 75 2 1 171 5 1 1 1 1 124 94 94 179 254 47 0 354 48 194 41 29 284 335 110 80 29 100 58 211 3 0 0 0 3 0 0 0 1 3 0 0 18 0 3 2 0 2 10 0 0 0 6 0 8 0 2 0 3 0 1 0 0 3 3 1 0 2 0 0 0 0 0 2 9 19 0 1 0 11 0 23 2 0 11 0 27 0 0 0 21 14 24 5 34 36 1 10 61 0 0 33 0 21 10 13 13 1 4 10 26 0 0 0 0 0 0 0 0 0 0 0 0 0 0 0 0 0 46 0 0 0 0 0 0 0 0 0 0 0 0 0 0 0 5 0 0 0 0 0 10 0 0 0 1 60 0 0 0 0 14 12 0 0 0 0 0 0 16 7 0 28 34 18 0 23 9 21 0 0 28 21 9 1 21 33 42 0 16 0 0 0 0 0 0 0 0 0 0 0 0 0 0 0 0 0 0 0 0 0 0 0 0 0 1 0 0 0 0 0 0 0 0 13 0 0 0 1 0 0 0 0 0 0 0 0 0 0 2 0 0 0 13 0 8 2 1 79 0 0 2 0 0 0 0 0 0 0 0 0 0 0 0 0 0 0 0 0 0 0 0 0 0 0 0 0 0 0 0 2 
 3 2 3 3 214 3 3 4 3 3 4 76 3 5 208 3 84 4 6 5 42 233 571 88 76 45 354 0 126 341 45 165 160 107 67 52 535 28 89 42 3 0 4 0 0 0 0 0 0 3 0 0 0 0 3 2 0 1 2 0 0 0 0 0 2 1 5 0 0 0 0 0 0 3 3 0 10 2 0 0 0 0 0 0 17 9 0 0 0 0 0 1 0 0 0 0 0 0 0 0 8 0 50 20 22 13 15 17 18 37 22 8 3 9 36 42 28 45 0 11 0 0 0 0 0 0 0 20 0 0 0 0 0 1 0 0 0 0 40 36 0 0 0 0 0 0 0 0 0 4 0 2 0 0 0 2 0 0 0 0 1 0 0 0 0 0 0 1 0 0 0 6 0 0 0 0 0 0 0 0 10 13 0 0 9 24 0 0 20 30 43 46 0 21 0 17 10 20 0 0 1 0 0 0 0 0 0 2 0 1 0 0 35 16 0 0 0 0 26 0 0 0 0 0 0 0 0 0 0 0 1 0 0 0 0 0 0 0 0 0 0 0 0 0 0 0 0 0 0 0 0 0 0 0 18 0 0 161 2 0 11 0 2 0 0 0 0 0 0 0 0 0 0 0 0 0 0 0 0 8 0 9 0 0 0 0 0 0 0 0 
 1 0 2 1 2 2 2 0 0 1 0 0 2 4 1 0 0 0 6 2 120 252 85 351 116 84 48 126 0 403 208 17 70 167 203 141 102 115 297 140 3 0 0 0 0 0 0 1 0 2 0 0 0 0 2 3 0 0 1 1 0 0 1 0 0 0 2 51 0 0 2 0 0 3 3 2 0 2 0 0 0 0 0 0 9 0 0 0 0 0 0 0 0 0 0 0 0 0 0 29 0 9 12 13 17 29 33 0 2 0 25 0 0 0 0 25 0 0 11 0 0 0 0 1 0 0 2 38 0 0 0 0 0 0 12 0 0 0 1 0 0 0 0 0 0 0 0 10 0 0 1 0 0 7 0 0 0 0 0 0 0 1 0 0 0 0 0 9 0 0 1 0 0 0 0 10 0 3 0 0 20 1 14 47 28 0 0 13 13 0 42 7 0 0 9 20 18 0 0 55 0 0 10 0 0 0 0 0 0 0 0 0 3 26 0 0 0 0 0 16 0 0 0 2 0 1 0 0 1 0 15 0 0 0 0 0 0 0 0 0 0 0 0 0 0 0 0 0 0 0 0 0 0 0 11 3 0 3 77 4 0 0 0 0 0 0 5 0 0 0 0 0 0 0 0 0 0 0 0 0 0 0 0 0 0 0 0 0 0 1 
 2 19 0 0 2 72 0 1 0 0 0 0 0 0 0 1 0 0 2 0 204 453 74 410 263 76 194 341 403 0 196 339 314 172 242 342 203 32 370 177 66 206 0 0 0 0 0 0 0 3 0 0 0 0 3 2 0 208 0 1 0 0 0 0 0 0 2 1 0 0 1 0 0 3 3 1 4 2 0 0 0 0 0 0 0 0 0 0 0 0 0 0 0 0 0 0 0 0 0 2 7 28 1 22 17 23 12 11 23 0 18 35 6 0 0 37 23 19 7 9 0 0 0 0 0 0 0 0 0 0 1 0 0 0 0 2 0 0 21 0 0 0 0 0 0 0 0 0 0 2 0 0 0 0 0 0 0 0 0 0 7 0 0 2 0 0 0 0 2 0 0 1 0 0 0 0 0 0 0 5 14 18 12 24 10 25 16 1 9 14 39 0 15 37 0 64 8 24 37 36 0 0 0 0 0 0 0 0 0 0 0 0 12 3 2 0 0 0 1 13 0 0 0 0 0 0 0 0 0 0 0 0 0 0 0 0 0 0 0 0 0 0 11 0 0 0 0 0 0 0 0 0 0 0 7 1 0 51 0 2 12 12 0 0 0 0 0 0 0 0 0 0 0 0 0 0 0 0 0 1 0 1 0 0 0 19 0 0 0 0 
 3 3 3 3 4 3 3 3 3 3 5 5 3 3 5 3 3 3 3 3 45 123 201 243 91 332 41 45 208 196 0 45 45 40 148 79 210 69 53 73 69 0 7 0 0 1 25 51 0 6 0 2 0 125 135 2 3 0 24 51 0 0 2 0 0 0 4 0 0 0 1 34 0 3 3 0 0 52 0 0 0 0 0 2 0 0 0 0 0 0 0 0 0 0 0 2 0 0 0 0 0 8 0 12 9 1 0 0 0 19 0 10 0 16 0 0 1 13 12 0 22 0 11 12 0 0 20 49 20 0 50 0 28 1 39 18 0 0 0 0 0 0 0 0 0 0 0 12 0 0 0 18 0 4 0 1 0 0 0 0 0 0 0 21 0 0 0 4 0 0 0 0 0 0 0 8 0 0 0 0 13 13 0 12 19 0 0 0 9 1 0 15 0 16 0 18 0 14 0 0 20 28 0 0 0 0 0 9 22 9 10 11 2 12 5 13 2 0 35 18 0 0 0 0 0 0 0 0 0 1 0 0 0 0 0 0 0 0 0 0 0 0 0 0 0 0 0 1 1 0 0 0 0 0 17 0 3 76 4 0 0 0 0 0 0 0 7 0 0 0 0 0 0 0 0 0 0 0 0 0 0 0 0 0 2 0 0 0 0 0 
 0 25 0 0 0 0 0 1 0 0 0 0 0 3 0 0 0 0 3 0 27 42 188 168 46 48 29 165 17 339 45 0 114 41 182 38 135 192 247 107 60 54 0 0 0 2 0 63 64 4 0 0 0 56 3 2 15 0 89 62 0 0 0 20 0 0 2 0 0 0 9 0 3 3 3 2 0 9 0 0 0 0 0 0 0 0 0 0 0 0 0 0 0 0 0 0 0 0 0 0 1 32 20 20 20 24 0 0 24 1 8 0 13 0 0 0 34 15 0 0 2 0 27 0 0 0 14 0 11 0 1 0 0 10 0 39 0 0 15 14 0 1 0 0 0 0 6 0 0 0 0 0 0 0 0 0 0 0 0 0 5 3 0 0 0 0 0 0 0 0 0 6 0 0 0 0 0 0 0 4 0 18 0 0 22 43 0 15 12 17 15 26 0 0 6 34 0 0 0 15 4 20 0 0 0 0 4 7 0 11 16 1 38 0 12 13 0 0 13 12 0 0 0 0 0 0 0 0 0 0 0 0 0 0 0 0 0 0 0 0 0 0 0 0 0 0 0 0 2 0 0 0 0 0 10 2 0 82 0 4 11 0 0 0 0 0 0 0 0 0 0 0 0 0 0 0 0 0 0 4 0 0 0 0 0 19 0 0 0 0 
 0 22 73 0 95 67 0 0 0 0 155 62 12 1 0 166 2 73 40 74 143 75 48 75 64 41 284 160 70 314 45 114 0 151 33 129 143 55 667 128 6 0 0 0 0 2 2 0 0 3 0 0 0 0 3 5 201 3 0 0 1 0 3 0 0 0 2 0 0 0 0 3 0 3 3 0 0 2 0 0 0 0 0 0 35 15 1 14 0 17 8 0 0 0 0 0 28 2 0 0 19 16 10 10 0 0 8 12 8 9 0 1 1 23 73 33 1 10 20 0 0 0 0 0 0 0 0 0 0 0 0 0 0 0 0 0 0 0 0 7 1 0 0 0 0 0 0 0 0 6 0 0 0 0 0 0 0 0 0 0 4 0 0 13 0 16 0 0 10 11 10 0 0 0 1 0 0 0 0 14 0 12 11 0 0 13 13 13 14 1 0 0 11 44 11 11 0 4 14 0 0 0 0 0 0 0 0 0 0 13 0 0 10 0 0 0 0 0 0 0 0 2 0 0 0 0 0 0 1 0 0 1 0 0 0 0 0 0 0 0 0 0 0 0 0 0 73 0 0 0 0 0 11 0 1 0 3 0 0 0 13 0 16 0 0 0 0 0 0 0 0 1 48 0 0 0 0 0 0 0 0 0 0 0 0 0 0 0 0 0 
 0 74 0 0 159 30 0 0 0 0 22 0 0 0 0 0 0 0 0 0 205 132 102 284 83 150 335 107 167 172 40 41 151 0 148 117 185 31 218 234 3 2 0 0 2 0 0 0 0 3 0 0 0 1 3 2 0 0 3 0 0 1 18 0 61 0 2 61 0 4 0 3 0 3 2 0 0 7 0 0 0 0 0 0 9 40 0 0 14 0 0 0 0 0 0 0 9 0 0 0 25 1 1 0 0 0 25 10 22 22 12 37 0 41 13 56 0 0 0 22 0 0 1 0 0 0 0 0 0 0 0 9 0 0 0 0 0 0 0 0 0 0 0 0 0 0 0 0 0 0 0 0 0 0 0 0 0 0 0 0 4 0 0 0 0 5 0 0 0 0 0 0 0 0 0 0 0 0 0 0 11 19 0 0 0 16 25 19 1 11 20 0 21 21 26 15 21 43 17 27 0 0 0 0 0 0 0 0 0 1 0 0 0 0 0 0 0 0 0 0 0 0 0 0 0 0 0 0 0 0 0 0 0 0 0 0 0 0 0 0 0 0 0 0 0 0 0 0 0 0 0 0 17 0 11 0 1 80 0 2 4 8 0 0 0 0 0 0 0 0 0 0 0 0 0 0 0 6 0 0 0 15 0 0 0 0 0 0 0 0 
 3 21 0 38 75 0 0 0 0 1 0 74 0 2 1 0 0 0 0 71 134 83 89 75 84 54 110 67 203 242 148 182 33 148 0 249 444 99 208 281 206 0 0 0 0 0 0 1 0 3 0 0 6 1 3 2 0 0 65 1 0 0 0 0 0 0 2 50 0 0 2 0 0 3 3 2 0 2 0 0 0 0 0 9 2 0 0 0 0 0 0 20 0 0 0 0 0 0 0 0 2 51 33 32 20 0 31 0 19 0 9 4 0 0 12 29 1 15 12 1 2 0 0 1 0 0 0 0 0 3 0 0 0 0 0 0 0 0 2 0 0 0 0 0 0 0 0 9 0 0 0 0 0 0 0 0 0 0 0 0 4 0 0 0 0 21 0 0 0 0 17 16 0 0 0 0 0 0 0 9 9 6 35 10 22 12 22 12 12 19 31 0 0 12 46 45 42 1 0 24 0 0 0 0 0 0 17 0 0 0 0 0 11 0 0 0 0 0 0 15 0 0 0 0 0 0 0 0 0 0 1 0 0 0 0 0 0 0 0 0 0 0 0 0 0 2 0 0 0 0 0 0 0 0 12 3 1 3 0 0 12 1 0 0 0 0 25 0 0 0 0 0 0 0 0 0 0 0 0 0 0 0 0 0 0 0 0 0 0 0 
 2 30 5 2 5 2 2 2 81 2 3 2 2 2 2 2 5 2 2 2 192 194 271 96 94 90 80 52 141 342 79 38 129 117 249 0 409 35 82 143 7 0 0 3 3 0 0 1 1 4 0 0 3 0 3 2 0 0 0 1 0 0 0 1 3 0 2 0 0 0 1 2 0 3 3 1 0 2 0 0 0 0 0 0 0 0 0 0 0 0 0 0 0 0 0 19 0 0 0 0 19 80 4 24 13 18 1 12 26 9 13 11 0 0 30 11 20 42 18 10 29 1 0 0 0 0 0 0 0 0 1 0 0 0 0 2 0 0 18 0 0 0 0 0 4 0 0 34 0 2 0 0 0 0 0 0 2 0 0 0 9 0 1 2 0 1 0 0 0 0 0 1 0 0 0 0 0 0 0 4 13 17 5 12 22 55 12 0 1 24 0 0 0 8 0 36 0 11 13 21 2 0 0 0 0 0 0 0 0 0 0 0 20 2 2 0 0 0 3 16 0 0 0 0 0 0 0 0 0 0 0 0 0 0 0 0 0 9 0 0 0 0 20 0 0 1 0 0 0 0 0 0 0 1 17 0 1 148 0 0 2 0 0 0 0 0 7 0 0 0 0 0 0 0 0 0 0 0 0 0 0 7 0 0 0 19 0 0 0 0 
 5 31 3 4 0 0 0 0 0 0 0 2 0 3 0 2 0 0 0 0 105 121 334 140 144 395 29 535 102 203 210 135 143 185 444 409 0 146 94 208 3 0 0 0 0 0 0 0 0 3 0 0 0 0 3 2 0 0 65 0 0 0 0 0 0 0 2 47 0 0 0 0 2 3 8 0 0 2 0 0 0 0 0 0 0 0 0 0 0 15 0 0 0 0 2 0 0 0 0 0 7 33 5 20 0 10 30 0 11 15 7 0 1 0 25 42 7 8 8 6 10 0 0 0 0 0 0 22 0 0 0 0 0 0 0 0 0 0 7 0 0 0 0 1 0 0 0 8 0 0 0 0 0 0 0 0 0 0 1 0 3 0 0 0 0 0 0 0 0 0 0 0 5 2 0 0 0 0 0 2 13 12 12 13 16 12 8 28 12 25 37 0 1 13 27 27 19 1 0 43 0 0 0 0 0 0 43 0 0 0 0 0 0 0 0 0 0 0 13 17 0 0 0 0 2 2 12 0 0 0 0 0 0 0 2 2 0 0 0 0 0 0 0 0 0 0 0 0 0 0 0 0 0 0 9 2 1 1 74 2 75 0 0 0 0 0 12 0 0 0 0 0 0 0 3 0 0 0 0 0 0 0 0 0 0 0 0 0 0 0 
 2 0 0 0 0 0 0 2 0 0 0 0 0 0 5 0 0 1 1 0 76 29 322 274 46 138 100 28 115 32 69 192 55 31 99 35 146 0 22 39 3 0 0 0 0 0 63 0 0 3 0 0 0 1 3 2 0 0 62 62 0 0 0 0 0 0 2 1 0 0 0 0 4 3 3 0 0 5 0 0 0 0 0 0 0 0 0 0 0 0 0 0 0 0 0 0 0 0 0 0 0 6 20 18 25 23 0 9 10 21 8 15 0 0 0 12 6 38 0 0 0 0 0 0 0 0 34 26 7 0 1 0 0 16 0 0 11 0 14 17 0 0 0 0 0 0 0 0 0 0 0 0 0 0 0 0 0 0 0 0 0 2 0 0 0 2 0 1 0 0 2 6 0 0 0 0 0 0 0 0 0 0 1 0 9 6 0 15 13 16 30 32 0 21 11 27 11 7 0 1 2 0 0 2 0 7 8 0 6 0 0 0 22 0 3 0 0 0 12 8 0 0 0 1 0 1 0 0 0 0 0 0 0 0 0 0 0 0 0 0 0 0 0 0 0 0 0 0 2 0 0 0 0 0 9 2 0 0 50 0 80 0 1 0 0 0 0 0 0 20 0 0 0 0 0 0 0 0 0 0 0 0 0 0 0 0 7 0 0 0 
 11 107 0 2 91 74 0 0 73 17 54 76 72 0 75 0 0 0 3 0 144 270 19 55 57 36 58 89 297 370 53 247 667 218 208 82 94 22 0 166 6 0 0 0 0 0 0 0 0 3 0 0 0 0 3 2 0 0 0 0 0 0 5 0 0 0 2 0 0 0 0 0 0 3 3 0 0 2 0 1 0 15 0 0 9 20 0 0 4 16 14 0 0 0 7 25 9 8 0 0 7 30 11 10 0 0 0 20 20 6 0 29 17 22 23 33 11 7 10 7 0 0 0 0 0 19 0 0 0 0 0 0 0 0 0 0 0 0 0 11 0 0 0 0 0 0 0 0 0 0 0 0 0 0 0 0 0 0 0 0 6 0 0 9 12 35 0 11 0 0 0 27 0 0 0 0 0 11 0 2 27 18 0 0 0 14 11 0 9 15 0 0 24 12 8 10 0 15 47 10 0 0 0 0 0 0 0 0 0 10 0 0 0 0 0 0 0 0 0 0 0 0 0 0 0 0 0 0 0 0 0 0 0 0 0 0 0 0 0 0 0 0 11 0 0 0 0 0 0 0 0 0 16 0 14 0 0 0 0 0 2 1 0 0 0 0 0 0 0 0 0 0 0 0 0 9 0 0 0 0 0 1 0 0 0 0 0 0 0 0 
 2 17 80 82 34 113 1 0 0 2 4 36 0 0 0 76 0 74 0 0 131 158 464 61 304 47 211 42 140 177 73 107 128 234 281 143 208 39 166 0 3 3 0 0 0 0 3 0 0 3 0 0 6 2 6 2 0 0 6 0 0 0 7 0 47 0 2 50 0 0 0 3 0 3 2 0 0 4 0 0 2 0 0 16 9 41 0 0 0 0 0 20 0 0 0 0 1 17 0 0 48 11 0 29 3 9 72 10 42 34 1 21 1 18 0 29 0 21 17 15 0 1 0 0 0 0 0 0 0 2 0 0 0 0 0 0 0 0 1 0 0 0 0 0 0 0 0 15 0 0 0 0 0 1 0 0 0 0 0 0 8 0 0 0 0 35 0 0 0 0 16 17 0 5 0 0 0 0 0 4 46 23 19 0 1 23 38 15 18 13 2 0 11 23 42 17 76 36 0 27 0 0 0 0 0 0 2 0 2 0 0 0 24 40 0 0 16 0 0 0 0 0 0 0 0 0 0 2 0 0 0 0 0 2 0 0 0 14 1 0 0 0 2 0 0 0 0 0 0 0 0 0 0 0 2 0 0 92 0 0 9 19 0 0 0 0 22 0 0 0 0 0 0 0 0 0 0 0 0 0 0 35 0 0 0 0 0 0 0 0 
 6 0 3 2 0 0 0 0 0 0 0 0 0 1 0 0 0 0 3 0 3 3 3 108 36 65 3 3 3 66 69 60 6 3 206 7 3 3 6 3 0 391 100 51 256 29 93 354 119 112 98 24 142 93 373 121 52 38 89 129 0 0 0 0 2 0 0 0 0 1 12 0 0 0 0 0 0 3 0 0 0 0 0 0 0 0 0 0 0 0 0 0 0 0 0 0 0 0 0 0 0 0 0 0 0 0 0 0 0 0 18 0 0 0 0 0 0 0 0 0 20 2 0 0 0 4 13 1 19 0 21 0 20 25 39 19 20 0 0 0 0 0 0 7 0 0 0 0 0 0 0 0 0 0 0 0 0 0 0 0 0 0 0 0 0 0 0 0 0 0 0 0 0 0 0 4 0 0 0 0 0 0 0 57 9 8 0 0 0 0 0 0 0 8 0 0 0 0 0 0 12 6 9 0 2 0 15 7 0 0 0 46 3 6 44 10 16 0 42 0 0 0 0 0 0 0 6 0 0 0 0 0 0 0 0 0 0 0 0 20 0 0 0 0 0 0 0 0 0 19 0 9 0 2 0 0 0 0 75 1 0 0 2 0 11 4 0 0 0 0 0 0 0 0 0 0 0 0 0 0 0 0 0 0 13 12 0 7 2 0 
 1 0 0 0 2 0 0 0 0 0 0 0 0 0 0 0 0 0 0 0 0 204 0 62 62 0 0 0 0 206 0 54 0 2 0 0 0 0 0 3 391 0 162 68 318 256 69 141 259 36 84 51 163 240 190 32 105 682 126 154 0 5 10 0 1 0 0 0 3 42 43 8 0 0 0 0 1 10 0 0 0 0 0 0 0 0 0 0 0 0 0 0 0 0 0 0 0 0 4 0 0 0 0 0 2 0 0 0 0 0 44 0 0 0 0 0 0 0 0 0 13 26 11 9 9 0 33 0 33 22 0 11 9 21 22 20 0 0 0 0 0 0 0 0 5 0 0 0 0 0 7 0 0 0 0 0 0 0 0 0 0 0 0 0 0 0 0 0 0 0 0 0 0 0 0 5 0 0 0 0 0 0 0 0 12 17 0 0 0 0 0 0 0 0 0 0 0 0 0 0 35 18 0 4 10 0 42 12 29 0 9 25 0 0 21 12 9 9 0 17 0 44 0 0 0 1 0 0 0 0 0 0 0 0 0 12 0 0 0 7 0 0 0 0 0 0 0 0 0 0 0 7 0 0 5 0 0 0 0 0 0 0 86 0 1 4 6 0 2 0 6 0 0 0 0 0 0 0 0 0 0 0 0 0 0 28 0 0 0 0 
 0 0 0 0 0 0 5 3 0 0 0 63 0 0 0 0 0 0 0 0 0 0 0 0 33 61 0 4 0 0 7 0 0 0 0 0 0 0 0 0 100 162 0 123 60 26 146 112 201 128 51 96 188 43 62 168 124 29 111 39 0 0 0 0 2 0 0 0 1 0 0 0 0 0 0 0 0 1 0 87 0 0 0 0 0 0 0 0 9 0 0 0 0 0 0 0 0 12 0 0 0 0 0 0 0 20 0 0 0 37 0 0 0 0 0 0 0 0 0 0 19 14 13 5 10 20 1 0 0 37 10 69 9 5 7 35 12 0 0 22 0 0 0 0 0 0 7 0 0 0 0 0 10 0 8 0 0 0 1 0 0 0 0 0 0 0 0 0 0 0 0 0 0 0 0 0 0 0 0 0 0 0 0 0 0 0 0 0 0 0 0 0 0 0 0 0 0 0 0 0 0 1 8 57 20 0 15 19 11 0 0 37 0 0 27 36 3 8 0 12 6 0 0 0 0 0 1 1 0 0 0 0 9 34 10 0 0 0 22 38 0 0 0 0 0 0 0 0 0 0 0 11 0 2 0 0 0 0 0 60 0 0 0 0 0 0 0 0 0 0 1 0 0 0 0 0 0 0 0 0 0 0 0 0 10 0 0 0 2 0 
 0 0 0 0 0 0 0 0 2 0 0 3 0 0 0 0 0 0 1 0 0 1 0 0 0 0 0 0 0 0 0 0 0 0 0 3 0 0 0 0 51 68 123 0 205 38 106 92 146 287 63 189 40 70 95 111 72 313 315 87 0 0 0 0 53 0 50 0 6 0 23 0 0 0 0 0 0 2 5 158 0 0 0 0 0 0 0 0 0 0 0 0 0 0 0 0 0 0 0 0 0 0 0 0 0 0 0 0 0 0 0 0 0 0 0 0 0 0 0 0 0 2 0 2 0 0 0 0 10 0 0 9 0 0 0 0 12 28 0 0 0 0 0 0 0 9 9 0 2 0 6 11 29 0 9 11 13 21 9 1 0 0 0 0 0 0 0 0 0 0 0 0 0 0 0 0 0 0 0 0 0 0 0 9 0 0 0 0 0 0 0 0 0 0 0 0 0 0 0 0 0 0 0 14 4 7 0 0 0 0 1 0 0 0 0 12 0 0 0 0 0 33 9 11 19 0 0 2 0 31 23 0 9 36 34 0 6 21 6 23 9 0 0 0 0 0 0 0 0 0 0 8 0 0 0 0 0 0 0 10 0 0 0 64 0 0 1 66 0 0 13 0 0 0 0 4 0 0 0 0 0 0 0 0 11 0 0 0 0 0 
 7 3 5 5 3 3 3 3 3 3 3 5 3 5 3 3 3 3 3 3 0 0 7 0 0 0 3 0 0 0 0 0 0 2 0 3 0 0 0 0 256 318 60 205 0 86 38 352 60 228 80 179 76 100 69 75 71 251 78 490 54 0 0 0 6 0 52 0 0 0 0 0 28 32 42 1 0 2 3 19 0 0 0 0 0 0 0 0 0 0 0 0 0 0 0 11 0 0 0 0 0 0 0 0 0 0 0 0 0 0 0 0 0 0 0 0 0 0 0 0 0 8 0 0 37 0 0 0 13 0 0 1 0 0 0 0 13 1 0 0 6 0 0 0 0 0 0 0 0 0 6 0 14 14 0 20 10 31 9 0 0 0 0 0 0 0 0 0 0 0 0 0 0 0 0 0 20 0 0 0 0 0 0 0 5 0 0 0 0 0 0 0 0 0 0 0 0 0 0 0 6 0 9 9 8 11 0 0 0 8 57 0 0 0 0 0 0 0 0 0 0 1 0 0 0 0 13 10 10 0 0 0 6 0 14 0 0 0 0 51 18 0 0 0 0 0 0 0 0 0 0 2 0 0 0 0 0 0 0 5 0 0 5 2 3 1 0 4 3 0 9 0 0 0 0 0 0 0 0 0 0 0 0 0 11 0 0 0 11 5 
 2 2 11 2 2 3 3 2 2 2 73 2 2 2 2 2 3 2 4 2 0 0 0 0 0 0 0 0 0 0 1 2 2 0 0 0 0 0 0 0 29 256 26 38 86 0 234 33 69 134 66 131 253 36 123 134 106 130 62 63 4 104 0 0 10 1 3 2 265 0 1 0 0 52 9 51 0 3 79 0 0 0 0 0 0 0 0 0 0 0 0 0 0 0 0 0 0 0 0 0 0 0 0 0 0 0 0 0 0 0 0 0 0 0 0 0 0 0 0 0 0 2 0 0 1 14 0 0 0 0 0 0 0 0 0 0 41 12 0 0 0 0 0 0 11 0 8 22 9 13 27 0 10 0 13 15 1 0 2 28 0 0 0 1 0 0 0 0 0 14 3 0 0 0 5 0 0 0 0 0 0 0 0 0 0 0 0 5 0 0 0 0 0 0 0 0 0 0 0 0 23 37 0 80 2 17 0 0 0 8 0 0 0 0 0 2 6 6 0 0 11 14 12 13 0 12 0 32 0 6 0 0 18 4 0 17 0 27 0 16 0 0 0 0 0 0 0 0 0 0 0 6 0 0 0 0 0 0 0 0 0 0 23 0 1 4 1 0 0 0 8 0 0 0 0 0 0 0 0 0 0 0 0 0 13 0 0 0 0 0 
 0 0 0 0 0 0 0 0 0 0 0 0 0 0 0 0 0 0 3 0 0 0 100 20 63 54 0 0 0 0 25 0 2 0 0 0 0 63 0 3 93 69 146 106 38 234 0 112 80 165 105 47 100 55 123 91 35 95 152 92 0 0 0 0 2 0 0 0 0 0 0 0 3 0 0 0 0 0 0 0 0 0 0 0 0 0 0 0 0 0 0 0 0 0 0 0 0 0 0 0 0 0 0 0 0 0 0 0 0 0 0 0 0 0 0 0 0 0 0 0 31 29 0 31 20 13 0 32 10 10 14 11 0 14 68 39 32 0 0 10 0 0 0 0 0 0 16 0 0 0 0 0 0 4 0 0 0 0 8 2 0 0 0 0 0 4 0 0 0 0 0 0 0 0 0 0 0 18 0 0 0 0 0 7 18 0 0 0 0 0 0 3 0 0 0 0 20 10 0 0 0 0 40 28 10 0 24 15 25 0 0 1 14 7 25 13 23 19 28 52 7 0 0 0 10 0 14 0 0 0 0 0 7 0 0 19 0 0 0 24 0 0 0 0 0 0 0 0 0 0 0 13 0 2 0 0 0 0 1 22 0 0 0 0 10 0 4 0 0 0 0 0 0 0 0 0 0 0 0 0 0 0 0 0 13 0 8 10 1 0 
 0 0 0 0 0 0 2 3 1 1 0 0 0 0 3 0 0 0 0 0 0 0 62 2 1 0 0 0 1 0 51 63 0 0 1 1 0 0 0 0 354 141 112 92 352 33 112 0 108 190 43 17 553 123 129 44 110 36 130 59 0 0 0 0 2 0 0 0 24 0 1 0 0 0 0 0 0 48 0 53 0 0 0 0 0 0 7 0 0 0 0 0 1 0 2 0 0 0 10 0 0 0 0 1 0 1 0 0 0 0 7 0 0 0 0 0 0 1 0 0 10 8 18 18 0 0 18 11 11 2 12 0 52 0 26 10 9 0 0 21 0 0 0 0 0 0 0 0 0 0 0 0 0 2 0 0 0 0 0 10 0 4 1 0 0 0 0 4 0 0 0 0 4 3 0 0 0 6 0 0 0 0 0 0 18 19 0 0 0 0 0 8 0 0 0 0 0 0 0 0 6 0 34 0 17 0 0 7 13 14 22 0 11 14 26 6 1 0 6 6 0 0 18 0 25 0 0 0 0 0 0 0 0 0 0 0 0 0 8 17 0 0 0 0 0 0 0 0 0 0 0 3 0 2 0 0 0 0 0 2 0 0 2 0 1 18 0 0 0 0 0 0 0 0 0 0 0 0 0 0 0 0 0 0 0 6 0 13 2 0 
 0 2 0 0 0 0 0 0 0 0 0 1 0 3 0 0 0 0 2 0 0 0 0 0 63 28 1 0 0 0 0 64 0 0 0 1 0 0 0 0 119 259 201 146 60 69 80 108 0 131 39 84 328 178 84 329 80 241 234 76 0 0 0 50 2 5 0 24 0 0 13 0 0 0 0 0 0 4 0 56 0 0 0 0 0 0 0 0 0 0 0 0 0 0 0 0 0 0 0 0 0 0 0 0 0 0 0 0 0 0 15 0 0 0 28 0 0 0 0 0 10 23 10 8 21 15 9 0 1 31 11 15 12 9 0 33 0 9 0 20 0 0 0 0 0 40 0 0 0 0 0 0 11 0 16 0 1 0 0 0 0 4 0 0 0 15 0 0 0 0 0 0 0 0 0 0 0 0 0 0 0 0 0 0 21 20 0 0 0 0 0 0 0 0 0 0 0 0 0 0 10 0 0 14 0 0 15 25 25 10 8 0 0 0 0 31 9 9 0 58 0 0 0 0 0 0 0 1 0 0 0 0 0 0 16 0 0 0 25 0 0 0 0 0 0 0 2 0 0 0 0 16 0 0 0 0 0 0 0 16 0 0 5 0 0 2 0 0 2 0 0 0 0 0 0 0 0 0 0 0 0 0 0 0 0 24 0 0 0 0 
 6 0 3 2 2 0 0 0 0 0 0 2 0 3 0 0 0 0 0 0 3 3 3 2 3 3 3 3 2 3 6 4 3 3 3 4 3 3 3 3 112 36 128 287 228 134 165 190 131 0 106 50 57 78 182 375 150 61 99 83 0 0 0 5 3 3 0 0 3 5 0 0 1 0 0 0 1 54 5 57 0 0 0 0 0 0 0 0 0 0 0 0 0 0 0 0 0 0 0 0 0 0 0 0 0 0 0 0 0 0 0 0 0 0 0 0 11 0 0 0 0 19 0 10 0 13 0 0 10 0 0 10 0 0 11 0 8 1 0 0 0 18 0 0 0 0 0 0 0 0 3 0 20 0 0 11 0 0 0 15 0 0 0 0 0 0 0 0 0 0 0 0 0 0 0 0 0 0 0 0 0 0 0 0 0 0 0 0 0 0 0 0 0 0 0 0 0 0 0 0 12 0 10 14 16 7 0 0 0 0 11 0 0 11 9 8 8 0 0 0 0 1 0 0 0 0 22 0 0 0 0 0 7 10 0 0 0 0 0 23 10 0 0 0 0 0 0 0 0 0 0 3 0 19 0 0 0 0 0 11 0 0 0 2 80 2 0 76 0 0 7 0 0 0 0 0 0 0 0 0 0 0 0 0 23 12 0 11 0 0 
 0 0 2 0 0 0 3 4 4 0 0 0 0 0 4 0 0 0 3 0 0 0 0 0 0 0 0 0 0 0 0 0 0 0 0 0 0 0 0 0 98 84 51 63 80 66 105 43 39 106 0 149 49 241 133 264 138 255 32 43 52 0 0 0 0 0 1 52 5 0 0 0 51 3 64 0 0 0 0 2 0 0 4 0 0 0 2 0 2 4 0 0 0 0 0 0 0 0 3 0 0 0 19 0 0 0 0 0 0 0 0 0 0 0 0 0 0 0 0 0 0 0 11 10 0 25 13 0 0 12 8 0 3 0 0 0 6 46 0 0 0 0 0 0 0 0 0 0 0 0 0 0 11 3 10 0 1 8 0 30 6 6 5 0 0 0 2 0 0 0 0 0 0 0 0 0 3 9 0 0 0 0 0 0 0 0 0 0 0 0 0 0 0 0 0 0 0 6 0 0 0 43 21 51 13 27 10 0 14 12 12 0 0 0 19 18 13 17 0 7 0 0 0 10 0 0 21 8 0 0 0 0 0 10 35 0 16 0 5 1 0 0 27 0 0 0 0 0 0 0 0 12 0 0 0 0 0 0 0 1 0 19 6 7 67 0 4 0 0 0 0 0 0 0 0 0 0 0 0 0 0 0 0 0 9 0 0 0 0 0 
 0 0 0 0 0 0 0 0 0 0 0 0 0 0 0 0 63 2 0 0 0 0 0 0 0 0 0 0 0 0 2 0 0 0 0 0 0 0 0 0 24 51 96 189 179 131 47 17 84 50 149 0 18 25 252 61 143 73 52 52 0 0 0 0 6 0 1 21 54 0 0 0 71 103 58 1 0 1 2 55 0 0 0 0 0 0 0 0 0 0 0 0 0 0 0 0 0 0 0 0 0 0 0 0 0 0 0 0 0 0 0 0 0 0 0 0 0 0 0 0 3 4 0 0 24 16 0 0 1 0 4 1 0 4 2 0 4 0 0 2 20 0 0 0 25 0 3 4 0 22 0 0 14 0 34 0 0 20 3 0 0 0 0 0 0 0 0 0 0 0 6 0 0 0 0 0 0 0 0 0 0 0 0 0 0 0 0 0 0 0 0 0 0 0 0 0 0 0 0 0 0 0 3 0 0 32 0 1 4 0 0 15 0 0 0 0 2 3 0 0 13 31 22 6 0 0 33 18 26 18 0 0 3 6 74 0 0 0 16 13 14 0 0 0 0 0 0 0 0 0 0 6 0 0 0 0 0 0 0 15 0 0 6 4 0 6 1 68 0 0 0 0 0 0 0 0 0 0 0 0 0 0 0 0 0 0 0 0 19 0 
 0 0 0 3 4 0 0 0 3 0 0 3 0 0 0 10 70 0 0 0 0 0 0 64 79 1 18 0 0 0 0 0 0 0 6 3 0 0 0 6 142 163 188 40 76 253 100 553 328 57 49 18 0 221 319 20 26 107 373 46 0 0 0 0 1 0 55 0 0 0 0 0 0 0 0 0 0 0 0 0 0 0 0 6 0 0 0 0 0 0 0 8 0 0 0 0 0 0 0 0 0 0 5 0 0 15 0 0 0 0 0 0 1 0 0 0 1 0 0 0 26 15 31 63 0 0 12 1 9 47 0 33 8 18 32 25 0 14 0 0 0 0 0 0 0 0 0 0 0 0 2 0 10 0 0 0 0 0 0 0 0 0 4 0 0 14 0 1 0 0 4 6 10 0 0 4 0 0 0 0 0 0 44 0 0 0 10 0 1 0 11 0 19 0 12 0 3 0 0 0 1 31 0 20 0 0 21 20 44 11 43 26 0 0 29 0 17 25 0 15 0 0 0 0 0 0 0 0 0 0 0 7 0 0 0 0 0 0 0 0 0 0 0 0 0 0 0 0 0 0 0 20 1 0 64 0 0 0 0 0 1 0 8 0 0 2 1 1 0 0 0 0 0 0 0 0 0 0 0 0 0 0 0 0 0 0 0 0 0 0 
 0 0 0 0 0 0 0 0 0 0 0 0 0 3 0 0 0 1 2 0 63 0 0 31 97 126 0 0 0 0 125 56 0 1 1 0 0 1 0 2 93 240 43 70 100 36 55 123 178 78 241 25 221 0 245 37 35 43 269 232 0 26 0 0 0 3 0 0 0 2 6 3 0 0 4 50 0 5 0 0 0 0 0 0 0 0 0 0 0 0 0 0 0 0 0 0 0 0 0 0 0 0 0 0 0 0 0 0 0 0 8 2 0 0 0 0 0 34 0 0 21 0 7 0 0 0 11 0 23 2 36 20 26 23 19 49 0 9 0 0 0 0 0 12 0 0 0 0 0 0 0 0 0 0 0 0 0 0 0 0 0 0 0 0 19 0 0 0 0 0 0 0 0 0 0 4 0 0 0 0 0 0 0 23 8 4 0 0 0 0 0 0 0 0 0 0 0 1 0 0 23 7 5 0 0 0 0 11 18 3 0 59 0 0 19 9 16 0 63 1 0 0 0 0 0 0 0 0 0 0 0 0 0 0 0 0 0 0 0 0 0 0 0 0 0 0 0 0 0 0 0 16 0 0 1 0 0 0 80 2 0 0 0 0 0 0 0 2 0 0 0 0 0 0 0 0 0 0 0 0 0 0 0 0 0 9 0 0 0 0 
 0 0 0 0 0 0 0 0 3 0 0 0 0 0 0 0 0 0 0 0 3 3 3 19 67 5 3 3 2 3 135 3 3 3 3 3 3 3 3 6 373 190 62 95 69 123 123 129 84 182 133 252 319 245 0 318 39 49 103 178 16 38 0 0 2 0 0 0 1 0 0 0 0 0 0 0 0 19 1 104 0 0 0 0 0 0 0 0 0 0 0 0 0 0 0 0 0 0 0 0 0 0 0 0 0 0 0 0 0 0 0 0 0 0 0 0 0 0 0 0 5 7 0 22 0 17 0 0 12 0 10 0 0 9 19 0 13 15 0 0 0 0 0 0 0 0 0 0 0 0 0 0 1 16 14 0 0 0 0 12 0 0 0 0 0 0 0 0 0 0 0 0 0 0 0 4 0 0 0 0 0 0 0 6 0 0 0 0 0 0 0 8 0 0 0 0 0 0 0 0 0 11 32 0 14 0 0 37 4 42 11 10 9 7 44 0 45 10 16 12 0 0 12 0 0 0 0 30 0 0 0 0 0 0 0 0 0 0 0 12 0 0 24 0 0 0 0 0 0 0 0 0 0 0 0 0 0 0 63 0 0 0 2 0 1 0 2 0 0 0 0 0 0 0 0 0 0 0 0 0 0 0 0 0 0 0 0 6 1 8 
 3 0 0 3 0 0 0 0 0 0 0 2 0 0 0 0 0 0 3 0 2 2 2 3 64 56 2 2 3 2 2 2 5 2 2 2 2 2 2 2 121 32 168 111 75 134 91 44 329 375 264 61 20 37 318 0 86 158 132 113 0 0 0 0 2 0 2 0 5 3 4 0 3 0 4 0 3 3 13 51 22 0 0 10 0 0 0 0 0 0 0 1 0 0 0 0 9 0 0 8 0 0 0 0 0 0 0 0 0 0 0 0 0 0 0 0 0 0 0 0 10 14 0 9 17 51 0 0 0 6 2 46 0 10 10 11 56 19 0 8 4 0 6 2 0 0 0 0 0 0 0 0 6 8 11 3 0 0 0 36 8 0 0 0 0 5 0 0 0 0 0 0 0 0 0 0 0 0 0 0 0 0 0 0 0 0 0 0 0 0 0 0 0 0 0 0 6 0 0 0 0 1 28 17 15 30 24 8 11 17 10 18 0 8 10 22 38 16 0 11 0 0 7 0 0 0 16 12 9 0 0 0 0 14 0 0 0 0 3 10 0 2 21 0 0 0 0 0 0 0 0 13 0 0 0 0 0 0 2 15 0 0 2 0 46 77 0 0 1 0 0 0 0 0 0 0 0 0 0 0 0 0 5 0 6 0 0 8 0 0 
 0 2 0 0 0 0 0 0 0 0 0 0 0 0 0 0 0 0 1 0 0 0 0 0 0 0 0 0 0 0 3 15 201 0 0 0 0 0 0 0 52 105 124 72 71 106 35 110 80 150 138 143 26 35 39 86 0 67 51 35 0 0 0 0 2 0 0 49 0 0 0 0 0 0 0 0 0 2 0 50 0 0 0 0 0 0 0 0 0 0 0 0 0 0 7 0 0 10 0 0 0 0 0 0 0 11 0 0 0 0 0 0 0 0 0 0 0 0 0 0 10 35 48 11 0 1 19 0 4 14 7 6 0 0 9 6 11 0 0 0 0 0 0 0 0 0 0 0 0 0 7 0 10 0 6 0 0 0 0 1 0 0 0 0 0 4 0 0 3 0 0 0 0 0 0 0 0 0 0 0 0 0 0 1 31 0 4 0 0 0 0 4 0 0 0 0 0 0 0 0 6 38 2 10 43 0 18 3 1 8 40 4 1 0 17 9 1 9 0 17 0 0 0 0 0 0 1 0 0 0 0 1 0 0 11 0 0 0 23 60 0 0 0 0 0 0 0 0 0 0 0 17 0 2 0 0 0 0 0 0 0 0 3 0 2 16 0 0 3 0 9 0 0 0 0 0 0 0 0 0 0 0 0 0 11 0 0 0 2 0 
 0 1 0 0 3 2 0 0 2 0 0 4 1 0 0 0 2 4 3 1 0 267 0 2 0 129 2 1 0 208 0 0 3 0 0 0 0 0 0 0 38 682 29 313 251 130 95 36 241 61 255 73 107 43 49 158 67 0 82 48 0 0 0 0 2 0 0 0 1 0 0 0 4 0 5 0 0 0 14 0 0 0 0 0 0 0 0 0 0 0 0 0 0 12 0 0 0 0 0 0 0 0 0 0 0 0 0 18 0 0 0 0 0 0 0 0 0 0 0 0 16 0 7 4 22 28 14 0 0 54 22 21 13 0 0 16 23 37 0 17 0 0 6 46 0 0 0 0 0 0 0 0 7 23 12 2 0 0 0 6 0 0 0 0 0 12 0 0 5 0 0 0 0 0 0 0 0 0 0 0 0 0 0 0 0 0 0 0 0 0 0 0 0 0 0 0 0 0 0 0 0 10 15 15 10 0 22 34 31 39 22 8 0 0 0 27 15 35 0 0 0 0 0 0 10 0 6 21 7 0 0 0 0 0 0 0 0 0 15 0 0 0 23 0 0 0 0 0 0 0 0 8 0 0 0 0 0 0 0 26 0 0 67 2 0 3 1 2 3 0 0 0 0 0 0 0 0 0 0 0 0 0 6 0 0 12 0 0 0 0 
 6 3 11 8 6 4 3 3 3 3 3 11 3 3 3 18 3 9 3 3 0 0 22 0 23 93 10 2 1 0 24 89 0 3 65 0 65 62 0 6 89 126 111 315 78 62 152 130 234 99 32 52 373 269 103 132 51 82 0 172 0 0 0 2 0 0 0 0 0 0 12 0 3 0 2 4 0 9 1 0 0 0 0 8 17 0 0 0 0 0 0 7 0 0 0 0 0 8 0 0 0 11 11 9 10 0 15 0 0 13 7 16 1 0 0 0 0 25 0 0 12 0 17 0 24 28 40 14 35 11 8 28 10 10 0 72 2 4 0 8 0 0 21 0 0 0 10 0 0 0 0 0 0 0 0 0 0 0 0 0 0 0 0 0 0 10 0 0 4 0 5 6 0 0 0 0 0 0 0 0 0 0 3 0 3 30 8 0 0 12 10 0 0 0 14 6 2 0 0 0 17 0 0 18 1 0 10 12 20 0 0 10 0 0 0 30 0 0 0 0 0 0 0 0 0 0 0 0 0 0 0 0 0 0 0 0 0 0 12 0 0 0 0 0 0 0 0 0 0 21 0 6 0 2 0 0 0 0 0 19 0 0 0 0 2 6 2 1 0 0 0 0 0 0 0 0 0 0 0 0 0 0 0 0 0 38 0 0 2 11 
 2 2 2 3 2 2 3 3 3 2 3 2 2 2 2 3 2 2 2 2 0 0 62 3 1 1 0 0 1 1 51 62 0 0 1 1 0 62 0 0 129 154 39 87 490 63 92 59 76 83 43 52 46 232 178 113 35 48 172 0 0 0 0 0 1 0 0 0 0 0 22 0 4 0 0 0 0 7 18 0 0 0 0 0 0 0 0 0 0 0 0 0 1 0 0 0 0 0 0 5 0 0 41 1 0 1 0 6 0 0 24 6 0 0 0 0 0 1 0 0 28 13 18 10 0 0 17 21 50 17 0 25 18 2 12 39 0 0 0 0 0 0 0 0 0 0 0 0 0 0 0 0 0 2 0 0 0 0 0 0 6 0 0 0 0 0 0 2 0 0 0 0 9 0 0 0 0 0 3 0 0 0 0 0 24 23 0 0 0 0 0 16 0 0 0 0 8 21 0 0 16 10 0 0 0 0 0 28 0 0 12 8 11 6 9 9 1 13 6 19 0 0 0 0 0 0 0 0 0 0 0 0 0 0 0 0 0 0 0 0 0 0 0 0 0 0 0 0 0 0 0 11 0 2 1 0 0 0 0 0 0 0 0 0 0 2 0 0 3 0 0 0 0 0 0 0 0 0 0 0 0 0 0 0 0 0 1 0 2 0 
 3 3 3 2 3 3 2 2 2 3 2 3 3 3 3 3 3 3 9 3 0 0 0 0 0 0 0 0 0 0 0 0 1 0 0 0 0 0 0 0 0 0 0 0 54 4 0 0 0 0 52 0 0 0 16 0 0 0 0 0 0 186 76 56 35 70 289 135 265 81 46 25 111 239 97 62 96 44 157 154 0 0 0 0 0 0 0 0 0 0 0 0 1 0 0 0 0 0 0 0 0 0 0 9 0 0 0 0 0 0 0 0 0 0 0 0 0 0 0 0 0 0 0 0 26 1 0 0 0 0 0 0 0 0 0 0 0 18 0 0 28 6 1 5 14 5 15 27 21 52 31 7 3 27 0 0 12 40 32 3 0 0 0 0 0 0 4 0 0 0 0 0 0 0 0 0 0 0 0 0 0 0 0 0 0 0 0 0 0 0 0 0 0 0 0 0 0 0 0 0 0 0 0 0 0 45 0 0 0 0 0 13 0 0 0 0 0 0 0 0 33 41 25 7 0 0 47 4 13 15 0 4 22 13 50 28 8 38 5 50 33 0 0 0 0 0 0 0 0 0 0 0 0 0 0 0 0 0 0 0 0 0 22 53 0 0 0 0 0 0 0 0 0 2 2 0 0 0 0 0 0 0 0 0 0 0 0 0 0 0 
