 0 212 364 135 53 144 261 273 47 53 321 121 102 80 151 122 115 82 41 301 3 6 3 0 0 0 4 4 5 0 0 6 0 2 4 0 3 0 85 1 0 3 0 2 0 0 0 3 3 6 0 0 0 3 3 2 1 3 3 2 0 0 2 0 3 3 0 0 2 2 4 3 0 3 5 0 2 2 0 3 15 4 21 29 1 21 11 24 24 11 16 9 0 2 32 18 13 0 20 0 0 0 0 0 0 0 1 0 0 0 0 0 0 0 9 0 0 0 0 0 0 0 0 0 0 0 0 0 0 0 0 0 0 17 0 0 0 0 0 14 0 0 0 10 0 0 0 0 0 0 0 23 0 0 0 0 0 0 0 8 4 0 33 1 0 9 1 0 24 13 27 0 0 0 15 1 23 10 0 36 0 0 0 0 0 0 0 0 0 0 0 0 0 0 0 0 0 0 0 27 0 0 0 0 0 0 0 0 0 0 0 0 0 0 0 0 0 0 0 0 0 0 0 0 0 0 0 0 0 0 0 0 0 0 0 0 0 0 0 0 0 0 0 0 0 2 91 2 1 2 0 5 19 0 0 0 0 0 0 0 0 0 0 0 1 0 0 0 0 0 0 0 1 0 0 0 0 6 0 0 0 0 0 0 0 0 0 0 0 0 
 212 0 216 247 129 45 238 125 415 153 41 78 170 85 333 134 186 212 135 138 1 0 0 0 0 0 3 0 2 0 0 0 85 0 2 0 3 0 0 0 0 0 0 0 0 2 2 7 0 12 0 13 0 0 0 0 0 5 3 0 0 0 0 0 2 2 0 0 0 2 0 0 0 0 3 0 0 0 0 3 23 23 68 19 6 13 10 12 35 22 26 39 24 0 36 0 1 0 43 2 0 0 0 0 0 0 0 0 0 0 1 0 1 0 9 0 0 0 0 0 0 0 0 2 0 0 0 0 0 0 0 2 0 0 0 0 0 0 0 0 0 0 0 0 0 0 0 0 0 6 0 0 0 2 0 0 0 0 0 0 24 34 0 31 3 0 10 30 16 8 0 0 34 0 60 14 10 26 7 0 0 0 0 0 0 0 3 0 0 0 0 0 0 9 2 0 0 0 1 0 0 0 0 0 4 0 0 0 0 0 0 0 0 0 0 0 2 0 0 0 0 0 0 0 0 0 0 0 0 0 0 0 0 0 0 0 0 0 0 0 0 25 0 0 0 0 1 0 2 0 11 8 18 0 0 0 0 0 0 0 0 0 0 0 0 0 0 0 0 0 0 0 0 0 0 0 0 0 0 0 0 0 0 0 0 0 0 0 0 0 
 364 216 0 229 55 245 62 204 299 130 396 304 160 41 264 268 451 139 24 142 5 0 3 0 0 0 4 0 4 0 0 2 102 0 2 1 66 0 79 0 0 0 0 0 0 0 0 0 2 35 0 0 0 0 0 0 0 3 3 0 0 0 0 0 35 2 0 3 1 2 0 0 0 1 3 0 0 0 0 3 16 0 22 26 32 46 1 0 23 10 58 57 0 0 14 9 1 21 0 0 10 0 17 0 0 0 17 0 1 0 0 0 1 14 5 1 0 0 36 0 0 0 0 11 0 0 2 0 17 0 0 0 1 0 0 0 0 0 0 0 0 0 0 7 0 1 0 1 0 0 0 0 0 2 0 0 0 2 0 2 1 0 16 2 29 39 0 11 28 9 46 0 0 2 1 17 16 0 0 0 13 0 0 0 0 0 3 0 0 0 0 0 7 51 0 0 0 1 8 2 0 0 0 0 0 0 0 0 1 0 0 0 0 0 0 0 32 0 0 0 0 0 0 0 0 0 0 0 0 0 2 0 0 0 0 0 1 0 0 0 0 20 0 0 0 2 45 0 0 92 0 3 0 0 0 2 0 0 0 0 0 0 0 0 0 0 0 0 0 0 0 0 0 1 0 0 22 0 0 0 0 0 0 0 20 0 0 0 0 0 
 135 247 229 0 293 242 396 71 152 88 141 298 106 138 56 363 230 36 52 70 42 0 1 0 0 0 3 0 2 0 208 1 93 37 3 10 3 0 0 74 2 0 0 0 0 0 0 0 0 8 0 0 0 61 0 0 0 3 3 0 0 0 0 0 0 2 0 0 0 2 0 0 0 0 3 0 0 0 0 4 18 0 0 19 23 4 6 0 49 19 16 26 1 0 12 0 1 2 0 0 0 0 0 0 0 0 0 0 0 0 0 0 19 34 3 0 9 0 0 26 0 0 0 0 0 0 0 0 0 0 0 0 0 0 0 0 0 0 0 0 0 0 0 0 1 0 0 0 0 0 0 0 0 0 4 0 0 0 0 0 0 0 0 6 33 1 0 20 16 12 0 12 0 0 6 0 0 0 0 11 0 19 0 0 0 0 0 0 16 0 0 0 0 0 10 14 0 1 0 2 0 0 0 0 0 0 0 0 0 0 0 0 0 0 0 0 0 0 0 0 0 0 0 1 0 0 0 0 0 0 1 0 0 0 0 0 0 0 0 0 0 20 0 0 0 1 92 0 0 2 1 16 0 0 0 0 0 0 0 0 0 0 0 0 0 0 0 0 0 0 0 0 0 0 0 7 1 0 0 0 0 0 0 0 0 0 0 9 1 1 
 53 129 55 293 0 71 142 163 81 202 101 367 301 220 85 77 365 52 158 108 74 156 75 0 0 5 18 0 26 6 0 0 4 135 39 11 4 2 155 0 0 0 0 0 0 0 0 0 0 3 38 0 0 1 1 10 6 6 3 0 0 0 0 0 0 2 0 0 0 2 0 0 0 0 3 0 0 0 6 4 15 13 13 26 13 7 0 0 10 0 9 6 9 33 10 20 0 0 0 0 16 23 41 0 0 0 3 43 19 0 0 0 22 0 10 13 0 1 13 24 0 0 2 0 1 0 0 0 0 0 0 0 0 0 0 0 0 0 0 0 0 1 0 0 0 11 2 0 0 0 0 0 0 0 6 0 0 3 0 0 18 1 14 9 16 18 0 0 0 16 24 29 0 34 14 0 0 0 0 0 25 0 9 0 0 0 0 0 0 50 0 0 0 26 11 23 7 27 19 10 0 0 44 0 0 0 1 0 0 2 0 0 0 0 0 1 0 0 0 0 0 0 0 0 0 0 0 0 0 0 0 0 0 0 0 0 0 0 0 0 0 0 0 0 0 2 0 0 2 4 0 2 0 1 0 0 0 0 0 0 0 0 12 0 0 0 0 0 0 0 0 0 0 0 0 0 0 0 0 0 0 1 0 0 0 0 0 0 0 0 
 144 45 245 242 71 0 11 256 120 143 149 145 37 108 28 176 243 58 238 67 77 75 77 1 0 0 3 0 25 0 0 6 3 173 3 0 3 0 19 85 0 0 0 0 0 0 0 0 0 3 0 1 0 0 0 16 7 3 3 0 0 0 0 0 0 2 0 0 0 2 0 0 0 0 3 0 0 0 4 3 11 0 0 11 26 6 0 0 11 13 22 11 0 0 0 0 0 46 0 0 17 0 27 0 0 0 20 10 19 0 0 0 2 13 0 13 13 0 28 1 43 0 0 0 0 0 0 0 0 0 0 0 0 0 0 0 0 0 0 0 0 0 0 7 0 0 0 0 0 0 0 0 15 0 0 0 0 4 0 3 0 10 15 1 16 59 0 2 0 0 10 0 0 2 0 14 0 8 0 0 74 0 4 0 0 0 13 0 12 20 0 0 26 25 21 12 5 10 28 26 0 0 13 0 0 0 0 0 0 0 0 0 0 0 0 0 0 0 0 0 0 0 0 0 0 0 0 0 0 0 0 0 0 0 0 0 0 0 0 0 0 0 0 0 0 4 83 1 2 47 0 12 0 0 0 0 0 0 0 0 0 0 40 0 0 0 0 0 0 0 0 0 0 0 0 16 8 17 0 0 0 1 0 0 0 0 0 0 0 0 
 261 238 62 396 142 11 0 212 373 338 36 29 701 143 121 251 26 213 167 210 0 24 4 0 0 0 3 3 2 0 405 0 0 2 0 0 3 0 0 7 4 0 1 2 3 0 0 0 2 3 0 0 0 0 0 3 0 4 5 0 0 0 0 0 3 2 0 2 0 2 3 0 0 1 3 2 1 2 0 3 32 16 30 6 0 1 30 33 3 14 21 0 14 26 41 16 16 0 18 29 0 0 0 0 0 0 0 0 0 0 0 0 0 0 0 0 0 0 0 0 0 0 0 0 0 0 0 0 0 0 0 0 0 0 0 0 0 0 0 11 0 0 0 0 0 0 0 0 0 8 0 0 0 4 0 0 2 0 0 0 0 24 10 0 0 0 0 0 0 0 0 40 32 0 0 26 25 15 0 9 0 7 0 0 0 0 0 0 0 0 0 0 0 0 0 0 0 0 0 0 0 0 0 0 0 0 0 0 7 0 0 0 0 0 0 0 0 0 0 0 0 0 0 0 0 0 0 0 0 0 0 2 0 0 0 0 0 0 0 0 0 2 0 0 0 1 2 0 2 0 2 4 0 0 0 0 0 0 0 0 0 0 0 0 0 0 0 0 1 0 0 0 0 0 0 0 0 0 0 0 0 0 0 0 0 0 0 0 0 0 
 273 125 204 71 163 256 212 0 260 76 148 257 81 363 171 260 403 35 360 66 0 0 4 0 1 3 8 0 8 3 0 1 0 0 0 0 3 0 89 1 6 0 0 0 1 9 0 0 2 6 2 2 0 3 42 0 2 3 6 0 2 0 1 0 0 3 0 0 0 3 0 0 0 0 3 0 0 6 0 3 24 32 35 16 0 10 8 25 11 24 19 0 0 47 0 8 0 44 0 0 0 0 1 0 0 0 14 0 0 0 0 0 0 1 0 0 0 0 16 2 0 0 0 0 2 0 0 2 0 1 0 0 0 0 0 0 0 0 0 0 0 0 0 14 0 0 0 0 0 0 0 0 0 0 0 0 0 0 0 3 20 2 30 0 33 11 8 0 16 0 11 21 0 0 0 44 0 0 0 9 13 0 0 0 0 14 0 0 0 1 0 0 14 19 0 1 0 0 11 29 0 0 0 0 0 0 12 0 0 0 0 0 0 0 0 13 0 0 0 1 0 0 0 0 0 0 0 0 0 0 0 0 0 0 0 0 0 0 0 0 0 0 0 0 1 0 86 0 0 0 1 5 0 0 0 0 0 0 2 0 26 0 0 0 0 0 0 0 0 0 0 0 0 0 0 0 0 35 0 0 0 0 0 0 0 0 0 0 0 0 
 47 415 299 152 81 120 373 260 0 75 46 108 122 422 175 67 163 37 87 367 0 0 0 0 0 0 3 0 2 0 0 0 76 0 0 0 3 0 74 0 0 0 0 0 0 0 0 0 0 8 0 0 0 0 0 0 0 3 3 0 0 0 0 0 0 2 0 0 0 2 0 0 0 0 3 0 0 0 0 3 17 53 0 38 16 30 15 19 20 54 6 16 18 20 1 5 9 0 20 1 0 0 0 0 1 0 0 0 0 0 0 0 0 0 9 0 0 0 0 0 0 0 0 0 0 0 0 0 0 0 0 0 0 0 0 0 0 0 0 0 0 0 0 1 0 0 0 0 0 0 0 0 0 0 0 0 0 0 0 8 2 23 31 28 2 11 3 5 0 0 19 0 12 0 11 28 0 3 0 27 0 0 0 0 0 0 0 0 0 0 0 0 0 13 0 0 0 0 0 10 0 0 0 0 0 0 0 2 0 0 0 0 2 0 0 0 0 0 0 0 0 0 0 2 0 0 0 0 0 0 0 0 0 0 0 0 0 0 0 0 0 17 0 0 0 0 2 0 0 15 2 12 0 0 0 0 0 0 0 0 0 0 0 0 0 0 0 0 0 0 0 0 0 0 0 0 17 5 0 0 0 0 0 0 30 0 0 0 0 0 
 53 153 130 88 202 143 338 76 75 0 193 257 366 36 194 236 254 90 75 197 17 8 0 0 0 3 39 2 2 0 2 2 79 0 0 0 3 0 39 74 0 0 0 0 0 0 0 0 0 3 0 0 0 0 0 0 0 4 28 0 0 0 0 0 0 2 0 0 0 2 0 0 0 0 3 0 0 0 0 3 0 12 31 10 8 23 13 0 0 0 17 15 41 0 15 10 9 59 0 11 0 35 0 0 0 0 0 19 1 0 0 0 29 19 0 0 0 0 10 17 0 0 0 0 0 0 0 0 0 0 0 0 0 0 0 0 2 0 0 0 0 2 0 0 9 0 0 0 0 0 0 0 0 2 0 0 0 0 0 0 0 88 0 15 54 9 10 0 14 9 25 0 0 7 13 3 10 13 0 0 0 0 10 0 0 0 0 0 0 0 2 0 0 0 0 0 0 2 9 0 0 0 0 0 0 0 0 0 0 0 1 0 0 0 0 0 0 0 0 0 0 0 0 0 0 0 0 0 0 0 0 0 0 0 0 0 0 0 0 0 0 0 0 0 0 0 3 0 3 2 2 6 0 0 0 0 0 0 0 0 0 0 0 0 0 0 0 0 0 0 0 0 0 0 0 13 12 0 0 0 0 0 0 0 0 0 0 0 0 0 
 321 41 396 141 101 149 36 148 46 193 0 142 37 37 161 377 338 142 420 166 0 1 0 0 0 0 3 0 2 0 0 0 74 0 0 0 3 0 74 1 0 0 0 0 0 0 0 0 0 4 0 0 0 0 0 0 0 3 3 0 0 0 0 0 0 2 0 2 0 2 0 0 0 0 3 0 0 0 0 3 48 10 22 27 26 25 12 0 1 0 5 0 0 44 18 7 10 16 0 14 0 0 0 0 0 0 0 14 0 0 0 0 0 2 0 0 0 0 27 0 0 0 0 0 0 0 0 1 0 2 0 0 0 0 0 0 0 0 0 1 0 24 0 0 0 0 0 0 0 1 0 0 0 0 0 0 0 0 0 0 12 7 17 29 4 10 5 0 19 19 11 14 0 30 22 3 38 3 0 12 21 0 0 0 0 0 7 0 0 2 0 0 10 25 0 2 0 0 0 0 0 0 1 0 0 0 0 0 0 0 0 0 0 0 0 0 0 0 0 0 0 0 0 0 0 0 0 0 0 0 0 0 0 0 0 0 0 0 0 0 0 2 0 0 0 4 46 2 10 97 0 27 0 0 0 0 0 0 0 0 0 0 0 0 0 0 0 0 0 0 0 0 0 0 0 1 1 0 0 0 0 0 0 0 0 0 0 0 0 14 
 121 78 304 298 367 145 29 257 108 257 142 0 26 36 216 107 105 91 263 190 79 0 2 0 0 0 77 0 3 0 0 0 136 73 82 83 4 2 0 26 8 0 0 0 0 0 0 0 0 7 0 0 0 1 0 0 0 3 3 0 0 0 0 0 0 2 0 0 0 2 0 0 0 0 3 0 0 0 0 3 13 0 4 17 43 22 15 0 13 24 0 49 0 0 60 7 11 1 0 0 14 10 9 0 0 0 0 1 0 0 1 0 29 29 9 0 18 0 12 9 23 0 0 0 0 0 2 0 0 0 0 0 0 0 0 0 0 0 0 0 0 0 0 0 1 0 0 0 0 0 0 0 0 2 6 0 0 14 0 0 0 7 0 7 35 9 0 11 1 11 0 17 0 0 7 6 15 0 0 0 22 19 0 0 0 0 13 0 10 0 0 0 7 20 10 0 0 22 1 0 1 0 11 1 0 0 0 0 0 0 0 0 0 0 0 0 0 0 0 0 0 0 0 0 0 0 0 0 0 0 2 0 0 0 0 0 0 0 0 0 0 10 0 0 0 0 1 0 0 104 0 26 0 0 0 0 0 0 0 0 1 0 0 0 0 0 0 0 0 0 0 0 0 1 0 15 12 0 0 0 0 0 0 0 0 0 0 0 0 0 
 102 170 160 106 301 37 701 81 122 366 37 26 0 173 122 244 219 64 159 66 0 0 0 1 0 0 3 0 78 0 0 0 0 0 0 0 3 0 0 0 0 61 0 0 0 0 0 0 0 3 0 0 0 0 0 0 0 4 3 0 50 0 0 0 0 2 0 0 0 2 0 1 0 0 3 32 0 0 0 3 8 11 0 0 0 0 12 43 14 33 0 0 0 0 33 1 16 0 8 11 0 0 0 0 0 0 0 0 0 0 0 0 0 0 0 0 0 0 0 0 0 0 0 0 0 0 0 0 0 0 0 0 0 0 0 0 6 0 0 14 0 0 0 0 0 0 0 0 0 0 0 0 0 0 0 0 0 0 0 0 17 0 0 27 0 0 0 11 21 0 0 0 17 0 14 0 0 1 28 9 0 0 0 0 0 0 0 0 0 0 0 0 0 0 0 0 0 1 0 0 0 0 0 0 0 0 0 0 0 6 2 0 0 0 0 0 0 0 0 0 0 0 0 0 1 0 0 0 6 0 0 0 0 0 0 0 0 0 0 0 0 0 0 0 0 0 0 0 0 1 2 4 0 0 0 0 0 0 0 0 0 0 0 0 0 0 0 0 0 0 0 0 0 0 0 0 2 0 0 0 0 0 0 0 0 0 0 0 0 0 
 80 85 41 138 220 108 143 363 422 36 37 36 173 0 159 50 71 71 174 95 0 0 0 0 0 0 3 0 2 0 0 0 0 0 0 0 3 0 73 0 0 0 0 0 0 0 0 0 0 3 0 0 0 0 0 21 0 3 3 0 0 0 0 0 0 54 36 0 0 2 0 0 0 0 3 0 0 0 0 3 43 26 13 13 0 13 6 10 29 32 15 1 17 2 14 0 13 0 27 17 0 0 0 0 0 0 1 0 0 0 0 0 8 0 0 0 0 0 0 0 0 0 0 0 0 0 0 0 0 0 0 0 0 0 0 0 0 0 0 0 0 0 0 3 0 0 0 1 0 0 0 16 0 0 0 0 0 0 0 9 25 29 29 0 0 25 14 15 0 0 13 0 27 20 0 41 10 14 2 10 0 0 0 0 0 0 0 0 0 0 0 0 0 0 0 0 0 0 0 10 2 0 0 0 0 0 0 0 2 0 0 0 0 0 16 0 0 0 0 0 0 0 0 0 0 0 0 0 0 0 0 0 1 0 0 0 0 0 0 0 0 0 0 0 0 0 1 0 3 0 10 6 0 10 0 0 0 0 0 0 0 0 0 0 0 0 0 0 0 0 0 0 0 0 0 0 0 11 0 0 0 0 0 0 0 0 0 0 0 0 
 151 333 264 56 85 28 121 171 175 194 161 216 122 159 0 121 145 46 201 285 0 0 0 72 0 0 3 0 2 0 0 0 0 0 0 0 5 0 0 0 4 0 0 42 0 0 2 0 0 3 0 0 0 0 0 0 0 5 3 0 0 0 0 0 0 3 0 0 0 2 0 0 0 0 2 0 0 0 0 51 63 0 13 0 7 0 30 24 6 0 0 9 12 0 17 10 12 22 33 3 0 0 0 0 0 0 0 15 0 0 0 0 0 0 0 0 0 0 0 1 1 0 0 0 0 0 0 0 0 0 0 0 10 0 0 0 11 0 0 0 57 2 0 0 0 0 0 0 0 6 0 11 0 31 0 0 0 0 0 0 45 37 31 16 0 13 18 29 15 40 24 1 11 58 41 17 12 4 17 0 0 0 0 0 0 0 0 0 0 0 2 0 0 1 0 0 0 2 0 0 0 0 0 0 0 0 0 0 0 0 1 0 0 0 0 0 0 0 0 0 0 0 0 0 0 0 0 0 0 0 0 0 0 0 0 0 0 0 0 0 0 0 0 0 0 0 0 0 8 88 9 12 17 0 0 0 0 0 0 0 0 0 0 0 0 0 0 0 0 0 0 0 0 0 0 0 13 0 0 0 0 0 0 0 0 0 0 0 0 0 
 122 134 268 363 77 176 251 260 67 236 377 107 244 50 121 0 307 103 119 71 0 2 6 2 0 1 3 0 5 0 0 5 156 0 1 0 3 0 1 0 62 0 0 0 70 0 0 0 6 11 3 0 0 66 0 0 3 3 7 0 0 0 0 0 0 2 0 2 2 2 30 0 0 3 6 0 0 0 0 6 17 0 30 20 26 21 0 0 32 0 17 38 0 1 16 0 0 34 20 0 3 0 13 0 0 0 19 14 0 0 0 0 0 3 11 0 7 0 18 10 0 0 0 0 0 12 0 2 0 1 0 0 0 0 0 0 0 0 0 2 0 0 0 2 0 0 0 0 0 0 0 2 0 0 0 0 0 0 14 0 17 0 0 11 33 18 0 5 30 12 0 0 10 0 21 19 0 0 1 0 0 1 0 0 0 0 0 0 0 1 0 0 53 0 0 30 0 1 23 0 0 0 2 0 0 0 0 0 0 0 0 0 0 0 0 0 0 0 0 2 0 0 0 0 0 0 0 0 0 0 0 0 2 0 0 0 0 0 0 0 0 18 9 0 0 0 88 1 1 0 2 15 24 0 0 0 0 0 0 0 0 0 0 0 0 0 0 0 0 0 0 0 0 0 0 0 14 0 0 0 0 0 0 0 0 0 0 0 0 0 
 115 186 451 230 365 243 26 403 163 254 338 105 219 71 145 307 0 284 30 121 4 0 2 0 0 0 2 0 3 0 0 1 75 0 1 0 4 0 201 102 9 0 1 0 0 2 0 0 0 17 0 0 0 2 3 0 0 3 3 0 0 0 0 45 0 2 0 0 2 2 2 3 0 0 3 0 0 4 0 39 37 0 50 61 27 39 1 0 23 21 22 25 11 1 2 35 0 22 0 1 1 1 0 0 2 2 8 9 0 0 0 0 0 5 8 0 0 0 11 17 0 0 0 0 0 0 0 0 0 0 0 0 0 0 0 0 0 0 0 0 0 0 0 3 0 0 0 0 0 0 0 0 0 0 0 0 0 0 0 15 21 13 11 16 46 28 15 10 12 0 24 1 0 31 47 3 0 5 0 0 2 0 0 0 32 0 31 0 0 0 0 0 10 21 0 0 0 0 0 12 0 0 0 0 7 0 0 0 0 0 0 0 2 0 0 0 0 0 0 0 0 0 0 2 0 0 0 0 0 0 0 0 0 0 0 0 0 0 0 0 0 16 0 0 0 2 2 0 0 86 1 7 0 0 0 0 0 0 0 0 0 0 1 0 0 0 0 0 0 0 0 0 0 0 0 12 8 13 0 0 0 0 0 0 0 0 0 0 0 0 
 82 212 139 36 52 58 213 35 37 90 142 91 64 71 46 103 284 0 104 28 2 0 0 2 0 0 3 0 3 0 2 2 37 0 1 0 3 0 3 0 2 0 2 0 0 4 0 0 0 6 3 0 0 65 3 0 0 4 3 0 5 3 0 1 0 2 0 2 2 2 2 0 0 30 3 0 0 9 0 6 29 0 6 12 12 1 11 1 2 23 18 2 0 11 8 14 35 48 20 9 11 0 16 0 0 0 15 0 0 0 1 0 2 0 0 0 9 0 15 16 0 0 0 0 0 0 0 0 0 0 0 0 0 0 0 0 0 0 19 0 0 0 0 0 0 0 0 0 0 0 0 0 0 0 0 0 0 0 0 0 15 1 29 0 0 0 12 14 13 13 7 0 0 13 17 22 18 8 5 18 0 0 0 0 0 15 0 0 0 0 0 0 29 0 10 17 2 0 22 0 0 0 0 0 0 2 0 0 0 0 0 0 0 0 0 0 1 0 0 0 0 0 0 0 0 0 0 0 0 0 0 0 0 0 0 0 0 0 0 0 0 0 0 0 0 0 169 0 3 2 12 5 10 0 0 0 0 0 0 0 0 0 0 0 0 0 0 0 0 0 0 0 0 0 0 0 0 0 0 0 0 0 0 0 0 0 0 0 0 0 
 41 135 24 52 158 238 167 360 87 75 420 263 159 174 201 119 30 104 0 171 0 2 0 0 0 0 3 0 2 0 0 0 0 0 3 0 3 0 0 2 0 3 0 0 0 0 0 0 0 3 0 0 0 0 0 0 0 4 3 0 0 0 0 0 0 2 0 0 0 2 0 0 0 0 3 0 0 0 0 3 10 27 42 0 0 0 43 36 7 0 20 0 17 12 20 0 6 0 22 55 0 0 0 6 0 0 0 0 0 0 0 0 0 0 0 0 0 9 0 0 0 0 0 0 0 0 0 2 0 0 0 0 0 0 0 0 0 0 0 2 0 0 0 0 0 0 0 0 0 0 0 2 0 8 0 0 0 0 0 0 13 18 0 0 0 0 13 0 1 10 0 0 18 7 21 0 20 1 27 0 0 0 0 0 0 0 0 0 0 0 0 0 0 0 0 1 0 0 0 0 0 0 2 0 0 0 0 0 0 0 0 0 0 0 0 0 0 0 7 2 0 0 0 0 0 0 0 0 0 0 0 0 0 0 0 0 0 0 0 0 0 0 0 0 0 0 2 0 0 0 0 10 15 0 0 0 0 0 0 0 0 0 0 0 0 0 0 0 0 0 0 0 0 0 0 0 0 0 0 0 0 0 0 0 0 0 0 0 0 0 
 301 138 142 70 108 67 210 66 367 197 166 190 66 95 285 71 121 28 171 0 0 0 0 0 0 0 3 0 2 0 2 0 3 2 0 0 3 0 3 0 0 0 0 0 0 0 0 0 0 3 0 0 0 0 0 0 0 4 3 0 0 0 0 0 0 3 0 0 0 2 0 1 0 0 2 0 0 0 0 2 15 14 32 0 7 0 14 14 0 20 9 0 17 23 11 24 33 0 15 15 0 0 0 0 0 0 0 1 0 0 0 0 0 0 0 2 0 0 0 0 0 0 0 2 0 0 1 0 0 0 0 0 2 0 10 0 0 0 0 0 0 0 0 0 0 2 0 0 0 4 2 0 0 4 0 0 0 1 0 0 1 13 14 0 1 0 23 14 18 14 8 0 56 29 17 6 49 17 5 10 0 0 0 0 0 2 0 0 0 0 0 2 0 0 0 0 0 17 0 0 0 0 0 1 0 0 0 0 0 0 0 0 0 0 0 0 0 0 0 0 0 0 19 6 0 0 0 0 0 0 1 0 0 0 0 0 0 0 0 0 0 0 0 0 0 2 88 2 8 51 27 0 0 0 0 0 0 0 0 0 0 0 0 0 0 0 0 0 0 0 0 0 0 2 0 0 22 0 0 0 0 0 0 0 0 0 0 0 0 0 
 3 1 5 42 74 77 0 0 0 17 0 79 0 0 0 0 4 2 0 0 0 59 58 45 31 48 290 132 103 118 46 26 153 316 220 159 179 328 87 119 2 0 0 0 0 1 0 3 2 0 0 3 0 4 0 0 0 0 0 0 0 3 1 3 0 0 0 0 0 0 0 0 0 0 0 0 0 2 8 3 0 0 0 0 19 1 0 0 0 0 39 20 0 0 0 0 0 2 0 0 9 11 0 0 1 27 8 1 17 35 21 11 57 15 0 11 25 1 22 12 0 0 0 2 0 0 0 0 0 0 0 14 2 0 0 0 0 0 12 0 0 0 4 0 0 0 0 0 0 0 0 11 8 0 5 0 0 10 0 0 0 0 0 7 0 0 0 0 0 13 20 0 0 2 7 2 3 0 0 5 13 19 11 2 0 11 16 0 25 1 0 29 11 1 5 12 0 2 1 0 0 0 0 0 0 0 0 0 18 0 0 0 0 0 0 0 0 0 0 0 0 0 0 0 0 0 0 0 0 0 0 0 0 0 0 0 0 0 0 0 0 0 0 0 0 0 0 0 0 0 0 1 0 0 20 0 2 69 0 2 0 2 0 0 0 0 20 0 0 0 0 0 0 0 0 4 0 0 0 0 0 12 0 0 1 0 7 0 0 0 
 6 0 0 0 156 75 24 0 0 8 1 0 0 0 0 2 0 0 2 0 59 0 77 69 102 33 178 178 366 28 48 104 408 354 48 53 130 184 91 114 3 1 0 0 0 0 0 2 2 0 0 3 0 3 0 0 2 0 62 0 0 3 0 0 0 0 0 2 0 2 0 0 0 0 0 0 0 0 1 2 0 0 0 0 0 12 0 0 0 0 0 0 0 0 0 0 0 0 0 0 11 16 13 11 0 12 10 0 9 1 11 0 31 0 0 10 7 3 0 0 0 0 0 0 0 0 0 0 0 0 0 0 0 0 0 0 0 0 16 0 0 0 6 0 0 0 0 0 0 0 0 0 7 0 5 0 0 2 0 0 0 0 0 25 0 6 0 0 0 1 1 6 0 3 0 0 0 1 0 0 11 0 17 16 0 0 14 20 0 30 13 0 1 11 9 12 25 22 25 11 0 0 14 0 0 0 0 0 0 0 1 0 0 22 0 0 0 0 2 0 0 0 0 0 0 0 0 0 0 12 0 0 0 0 0 0 0 0 0 0 0 0 0 0 0 0 0 0 0 0 0 0 0 0 12 0 0 0 0 0 0 0 12 0 0 0 0 0 0 0 0 0 0 0 0 0 0 0 0 11 0 19 0 0 0 0 0 0 0 0 
 3 0 3 1 75 77 4 4 0 0 0 2 0 0 0 6 2 0 0 0 58 77 0 231 56 336 63 95 227 138 23 164 170 219 121 360 97 126 72 165 7 0 0 0 1 0 18 2 10 4 0 3 62 6 1 7 11 4 5 1 2 3 0 0 0 3 0 8 4 2 0 2 0 4 2 0 0 0 0 3 0 0 0 0 0 0 0 0 11 0 0 0 0 0 0 0 0 0 0 0 28 0 14 20 1 1 22 17 2 6 0 11 1 0 0 0 0 32 0 16 0 0 6 0 0 0 7 1 0 0 0 0 18 0 12 11 0 0 8 0 0 0 0 0 0 0 0 0 0 0 0 0 0 0 0 3 0 0 0 0 0 0 0 0 0 8 1 2 0 0 0 0 0 0 0 0 2 0 0 0 0 0 25 10 20 0 0 18 10 17 16 0 1 26 11 14 18 2 0 18 8 0 0 0 0 0 0 11 3 0 0 0 0 0 0 10 0 0 18 14 0 0 0 0 0 0 0 0 0 0 0 0 0 0 0 0 0 0 0 0 0 0 0 0 0 0 0 0 0 0 0 0 0 0 8 0 2 4 10 2 11 0 0 0 0 0 15 0 0 0 0 0 0 0 0 0 0 0 0 0 0 7 0 0 0 6 0 0 0 0 
 0 0 0 0 0 1 0 0 0 0 0 0 1 0 72 2 0 2 0 0 45 69 231 0 158 112 166 391 175 88 62 268 90 378 113 49 162 248 79 131 10 0 0 1 3 7 0 2 2 0 1 3 66 15 9 9 5 0 0 1 1 3 3 2 4 2 0 0 4 5 4 0 0 0 0 0 0 2 0 7 0 1 0 0 0 0 0 0 0 0 0 0 0 0 0 0 0 0 0 0 19 21 11 21 19 0 12 26 17 0 6 38 0 7 11 0 9 29 0 20 0 0 0 0 0 0 0 0 0 0 0 0 7 0 1 0 7 0 0 0 0 1 0 2 0 0 3 0 0 0 2 1 0 0 0 0 0 0 10 2 0 0 0 0 0 0 0 0 0 0 7 0 0 0 0 0 0 0 0 0 0 2 6 25 6 23 14 28 0 14 10 31 4 0 9 15 0 0 0 13 0 2 0 0 0 0 2 0 0 2 0 2 2 11 0 0 0 0 15 0 0 0 0 0 0 6 1 0 0 0 0 0 0 0 0 0 0 0 0 0 0 0 1 0 0 0 0 0 0 0 0 0 0 2 6 0 0 73 2 1 0 0 0 0 0 0 14 0 0 0 0 0 2 0 0 0 0 0 0 0 0 5 0 0 0 0 0 0 0 0 
 0 0 0 0 0 0 0 1 0 0 0 0 0 0 0 0 0 0 0 0 31 102 56 158 0 176 71 227 84 263 129 153 89 298 86 213 53 337 62 94 2 0 0 0 1 2 0 3 2 0 1 6 62 14 0 0 2 3 24 0 1 3 0 0 3 0 6 0 4 1 3 0 0 2 1 0 4 0 12 4 0 0 0 2 0 0 0 0 0 0 0 0 0 0 0 0 0 0 1 1 10 2 0 38 11 31 13 0 12 77 0 11 0 0 0 0 0 8 0 0 0 2 0 0 0 0 4 1 0 0 0 0 21 0 39 0 0 0 19 0 0 0 0 0 0 0 5 0 0 0 17 0 0 0 0 0 0 0 4 0 0 0 0 0 0 2 4 0 0 0 0 0 0 0 0 0 0 0 0 0 0 0 22 13 17 15 0 11 0 26 18 2 0 0 11 12 33 0 0 0 16 0 0 0 0 0 0 13 1 0 0 14 59 50 10 0 0 0 23 35 0 0 0 0 0 0 12 0 0 0 0 0 0 0 0 0 0 0 0 0 0 0 0 0 0 0 0 0 83 0 0 0 0 0 17 0 2 78 79 1 1 0 0 0 0 0 15 0 0 0 2 0 0 0 0 0 0 0 0 11 0 0 0 0 0 8 0 0 0 0 
 0 0 0 0 5 0 0 3 0 3 0 0 0 0 0 1 0 0 0 0 48 33 336 112 176 0 27 101 329 217 259 48 247 259 477 79 116 52 59 131 63 64 64 0 0 0 105 65 3 0 0 3 63 76 67 0 0 3 1 272 0 3 0 0 4 0 0 0 0 0 0 0 0 0 0 0 0 0 0 4 0 0 0 0 0 0 0 0 0 16 0 0 0 0 0 0 0 0 0 0 0 0 0 6 25 14 0 11 0 70 11 0 0 0 10 4 31 1 0 2 34 0 69 12 0 0 21 26 1 3 15 14 18 0 2 30 16 1 19 13 0 2 0 0 11 0 0 0 0 0 0 0 2 0 0 0 0 0 0 1 0 0 0 0 0 0 0 0 0 0 0 0 0 0 0 0 0 0 0 0 0 18 0 37 1 0 0 17 22 0 11 24 0 18 0 0 0 0 0 0 2 1 38 51 0 0 45 24 20 1 0 0 10 0 0 12 0 0 9 18 0 0 0 0 0 0 0 0 0 0 0 2 0 0 0 0 0 0 0 0 0 0 0 0 0 0 0 0 0 0 0 0 0 1 4 1 1 1 81 1 17 11 0 0 63 0 0 0 0 0 0 0 0 0 0 0 0 0 0 0 0 0 0 1 0 0 0 0 0 0 
 4 3 4 3 18 3 3 8 3 39 3 77 3 3 3 3 2 3 3 3 290 178 63 166 71 27 0 278 379 40 41 38 80 252 120 40 107 274 47 60 2 0 0 0 6 0 0 3 2 3 0 3 0 4 0 0 0 0 0 0 0 3 0 0 0 0 0 0 0 0 0 0 0 0 0 0 0 0 5 3 0 0 0 0 0 0 0 0 0 0 0 6 0 0 0 0 0 0 0 0 3 26 0 1 0 16 50 0 16 32 12 1 37 10 6 10 9 2 22 13 0 9 0 0 0 0 0 0 0 0 0 0 0 0 0 0 0 17 25 0 0 0 0 0 0 0 0 0 0 0 0 19 0 0 4 0 0 4 0 0 0 0 0 0 17 1 0 0 0 21 18 0 0 0 0 0 0 0 0 0 11 13 14 12 0 17 1 1 16 12 10 58 1 0 0 20 23 0 7 0 0 0 1 0 0 0 0 0 0 0 0 0 8 14 0 0 0 0 0 0 0 0 0 0 0 0 0 0 0 0 0 0 1 0 0 0 0 0 0 0 0 0 0 0 0 0 0 0 0 0 0 0 0 0 7 0 0 7 0 0 0 0 0 0 0 0 0 0 0 0 0 0 0 0 0 0 0 0 0 0 0 0 0 0 0 0 10 0 0 0 
 4 0 0 0 0 0 3 0 0 2 0 0 0 0 0 0 0 0 0 0 132 178 95 391 227 101 278 0 111 117 141 73 145 135 150 364 50 186 47 112 2 0 0 0 3 3 0 3 5 0 0 3 0 3 3 0 0 5 32 3 0 3 0 0 3 1 0 0 0 1 3 0 0 0 0 0 0 0 0 8 0 0 0 0 0 0 0 0 0 0 0 0 0 0 0 0 0 0 0 0 17 0 0 48 47 51 23 16 21 37 1 13 0 0 9 2 0 22 0 13 0 0 0 0 0 0 1 0 0 0 0 0 8 0 12 0 0 0 16 0 0 0 0 0 4 1 0 0 0 0 0 0 0 0 0 1 2 0 0 0 0 0 0 0 0 0 4 0 0 0 0 0 0 0 0 0 0 0 0 0 0 2 0 21 22 0 0 30 30 33 33 20 0 10 0 0 31 0 0 0 0 0 0 0 0 0 18 0 0 0 0 0 9 12 0 1 0 0 12 17 0 0 0 0 0 2 0 0 0 0 0 0 0 0 0 0 3 0 0 0 0 0 15 0 0 0 0 0 0 0 0 0 0 0 3 0 0 76 0 0 1 2 0 0 0 0 0 0 0 0 0 0 0 0 0 0 0 0 0 20 0 25 0 0 0 7 3 0 0 0 
 5 2 4 2 26 25 2 8 2 2 2 3 78 2 2 5 3 3 2 2 103 366 227 175 84 329 379 111 0 78 139 104 104 231 101 190 134 71 88 117 6 0 0 0 0 0 0 2 2 0 0 3 0 20 2 9 5 3 1 0 0 3 3 0 2 0 0 0 0 3 0 0 0 0 0 3 0 1 8 1 0 0 2 0 0 0 0 0 0 0 0 0 0 0 0 0 0 0 0 0 31 8 19 27 0 27 26 24 20 27 37 2 0 3 17 38 47 9 1 0 0 1 18 0 0 0 0 0 0 0 0 0 19 0 0 10 0 0 13 0 0 0 3 0 4 0 0 0 0 0 0 15 5 0 0 0 0 0 0 0 0 0 6 3 0 22 2 0 0 0 0 1 0 7 0 10 0 0 0 0 14 3 4 57 9 16 0 14 37 54 12 24 0 23 9 49 26 16 27 11 0 0 10 0 0 0 0 6 0 0 0 0 1 9 1 9 0 0 9 11 0 0 0 0 0 0 0 0 0 1 0 0 1 0 0 0 0 0 0 0 0 0 0 0 0 0 1 0 0 0 0 0 0 0 4 2 0 79 58 0 25 0 16 0 0 0 0 0 0 0 0 0 0 0 0 0 0 0 0 0 0 0 0 0 0 1 10 0 0 0 
 0 0 0 0 6 0 0 3 0 0 0 0 0 0 0 0 0 0 0 0 118 28 138 88 263 217 40 117 78 0 344 380 128 93 98 173 146 50 74 140 2 0 0 0 0 0 130 3 2 0 0 3 0 72 65 0 0 0 62 0 0 3 0 51 5 0 0 0 0 0 0 0 0 0 0 0 0 0 0 43 0 0 0 0 0 0 0 0 0 0 0 0 0 0 0 0 1 0 0 0 0 1 18 27 55 38 0 22 9 60 19 14 3 0 27 0 0 0 28 0 9 0 0 0 0 0 14 18 0 0 0 0 12 18 75 39 0 0 35 2 0 0 0 16 6 0 0 0 0 0 0 0 0 0 0 0 0 0 0 0 0 13 0 0 0 0 0 0 0 0 0 0 0 8 0 0 29 0 0 6 0 10 21 11 22 1 10 22 19 0 18 23 6 11 0 0 9 0 0 0 33 0 0 0 0 0 24 34 21 0 0 0 0 13 0 0 0 0 22 22 0 0 0 0 0 0 0 0 0 0 0 0 0 0 7 0 0 0 11 0 0 0 0 0 0 0 0 0 0 0 0 0 0 0 12 1 2 1 123 0 3 7 0 0 0 0 0 0 0 0 0 0 0 0 0 0 0 0 0 10 0 0 0 0 0 8 0 0 0 0 
 0 0 0 208 0 0 405 0 0 2 0 0 0 0 0 0 0 2 0 2 46 48 23 62 129 259 41 141 139 344 0 155 57 112 589 321 180 142 56 137 2 0 0 0 0 0 72 3 2 0 0 3 1 67 62 0 0 0 0 0 0 3 0 0 16 0 0 0 0 2 0 0 0 0 0 0 0 0 0 2 0 0 0 0 0 0 0 0 0 0 0 0 0 0 0 0 0 0 0 0 0 0 0 1 29 8 12 0 0 14 0 13 0 0 0 2 11 17 1 0 13 0 0 27 0 0 44 14 0 0 0 6 11 12 12 12 0 0 15 0 0 0 40 0 0 1 8 0 0 0 0 0 7 0 0 0 2 2 0 0 1 0 0 0 0 2 3 0 0 0 0 0 0 0 0 0 0 0 0 0 0 1 27 28 18 10 15 0 1 8 19 16 0 0 0 11 30 0 0 0 12 0 0 0 0 0 0 20 23 0 0 0 6 24 12 11 0 0 75 12 0 0 0 0 0 0 0 0 0 0 0 0 0 0 0 0 0 0 0 13 0 0 0 0 0 0 0 0 0 0 0 0 0 0 6 0 0 42 80 4 1 0 0 0 0 0 0 0 0 0 0 0 0 0 0 0 0 0 0 0 0 22 0 0 0 0 0 0 0 0 
 6 0 2 1 0 6 0 1 0 2 0 0 0 0 0 5 1 2 0 0 26 104 164 268 153 48 38 73 104 380 155 0 45 47 28 270 211 141 105 48 80 54 2 0 4 2 137 3 2 0 2 3 0 68 68 1 2 0 29 0 0 3 0 0 0 0 3 2 4 0 0 2 3 5 1 4 1 0 0 4 0 0 0 0 0 0 0 0 0 0 0 0 0 0 0 15 0 0 0 0 0 14 0 25 10 17 0 0 0 7 17 45 0 0 0 0 0 15 0 0 13 35 20 0 0 0 19 54 14 2 0 2 50 9 12 15 0 0 9 1 0 0 0 0 0 7 2 0 0 0 0 0 0 0 0 0 2 0 1 0 1 0 0 0 0 12 6 0 0 0 0 0 0 0 0 0 0 0 0 0 0 9 0 12 19 0 0 8 14 35 29 2 0 0 0 22 12 0 0 0 2 0 0 0 0 0 40 23 12 0 0 0 13 38 19 12 8 0 40 49 0 0 0 0 0 0 0 0 0 0 0 0 0 0 0 0 0 0 0 0 0 0 19 0 0 0 0 0 0 1 0 0 0 0 6 1 2 4 79 2 0 0 0 0 0 0 0 0 0 0 0 0 0 0 0 0 0 0 0 13 0 0 0 0 1 7 0 0 0 0 
 0 85 102 93 4 3 0 0 76 79 74 136 0 0 0 156 75 37 0 3 153 408 170 90 89 247 80 145 104 128 57 45 0 178 56 42 252 52 186 117 2 0 0 0 0 0 0 3 2 9 0 3 0 65 0 0 0 3 3 0 0 5 0 0 0 10 0 0 0 5 0 4 0 0 0 0 0 0 2 2 0 0 0 1 35 1 0 0 9 0 1 19 0 0 0 1 0 61 0 0 24 1 25 0 0 0 13 22 9 1 13 0 24 8 14 4 12 3 22 57 0 0 0 0 0 0 0 0 0 0 0 0 0 0 0 0 0 0 0 0 0 0 0 0 0 0 0 0 0 0 0 0 0 0 2 0 0 0 0 0 0 0 0 1 9 0 0 9 0 0 19 10 0 0 1 13 0 2 1 1 0 8 1 0 0 0 0 8 13 24 2 0 19 0 8 18 12 27 19 0 0 0 0 0 0 0 0 0 0 0 0 0 0 0 0 0 2 0 0 0 0 0 0 0 0 0 0 0 0 2 0 0 0 0 0 0 0 0 0 12 0 23 0 0 0 0 73 0 0 0 0 0 0 0 7 0 0 0 0 0 3 0 0 0 0 0 0 0 0 0 32 0 0 0 0 0 0 0 0 0 0 0 0 0 0 0 0 0 0 10 
 2 0 0 37 135 173 2 0 0 0 0 73 0 0 0 0 0 0 0 2 316 354 219 378 298 259 252 135 231 93 112 47 178 0 177 439 276 320 80 166 2 0 0 0 0 0 0 3 2 0 0 3 0 4 63 13 8 0 0 0 0 3 0 0 0 0 0 0 0 0 7 0 0 0 0 0 0 0 1 3 0 0 0 0 13 0 0 0 0 0 15 15 0 0 0 0 0 0 0 0 26 11 29 10 9 14 33 10 12 1 0 13 34 0 0 25 39 10 0 11 0 0 0 0 12 0 0 0 0 0 0 0 0 0 0 0 0 0 0 0 0 0 5 0 0 0 0 0 0 0 0 16 0 0 15 0 0 13 0 0 0 0 0 0 0 12 6 0 0 0 0 0 0 0 0 0 0 0 1 0 66 13 12 0 0 15 21 0 2 19 14 55 0 8 64 22 35 7 12 8 2 0 11 0 0 0 0 0 0 0 0 0 13 8 0 0 2 0 0 0 0 0 0 0 0 0 0 0 0 0 0 0 0 0 0 0 0 0 0 0 0 0 0 0 0 0 0 0 16 0 0 0 0 0 9 0 0 1 0 3 2 0 35 0 0 0 0 0 0 0 0 0 0 0 0 0 0 2 0 0 0 25 0 0 0 0 7 0 0 0 
 4 2 2 3 39 3 0 0 0 0 0 82 0 0 0 1 1 1 3 0 220 48 121 113 86 477 120 150 101 98 589 28 56 177 0 198 63 35 113 395 6 2 0 0 0 0 0 3 2 0 0 3 0 4 0 3 1 0 0 0 0 3 0 0 0 0 0 0 0 0 0 0 0 0 0 0 0 0 28 3 2 0 0 0 0 4 0 0 0 0 0 10 0 0 0 0 0 0 0 0 14 17 34 0 23 0 16 22 44 13 13 0 17 21 15 21 0 22 2 18 0 3 0 0 0 0 0 0 0 0 0 0 0 0 0 0 0 0 15 0 0 0 0 0 0 0 0 0 0 0 2 0 1 0 3 0 0 3 2 0 0 0 2 0 13 0 0 0 0 0 0 0 0 0 0 0 5 0 0 0 32 15 1 8 0 0 20 27 11 28 0 12 10 9 0 11 10 44 12 29 0 0 1 0 0 0 0 0 0 0 0 0 0 0 0 0 0 0 0 0 0 1 0 0 0 0 0 0 0 0 0 0 0 0 0 0 0 2 0 0 0 0 4 0 0 0 0 0 0 0 0 0 0 0 9 0 0 82 0 29 2 0 0 0 0 0 0 0 0 0 0 0 0 0 0 1 0 0 0 0 0 18 0 0 0 0 0 0 0 0 
 0 0 1 10 11 0 0 0 0 0 0 83 0 0 0 0 0 0 0 0 159 53 360 49 213 79 40 364 190 173 321 270 42 439 198 0 572 118 242 125 2 0 0 0 3 0 63 3 2 0 0 3 0 4 1 0 0 0 62 0 0 3 0 0 0 0 0 0 0 0 0 0 0 0 0 0 0 0 39 3 0 0 0 0 0 1 0 0 0 0 0 12 0 33 0 0 0 0 0 0 0 13 0 17 24 30 30 0 26 20 2 19 13 3 0 23 11 4 0 11 0 0 0 0 0 0 0 0 39 0 1 0 22 0 18 0 0 0 23 0 13 0 0 0 0 0 0 0 0 0 0 16 0 0 16 0 0 8 0 0 0 0 0 0 14 5 7 0 0 4 0 42 0 0 0 0 0 0 0 0 11 11 0 18 30 16 1 15 13 17 43 15 0 0 0 40 46 0 0 1 19 0 2 0 0 0 0 0 0 0 0 0 17 1 0 0 0 0 0 4 1 0 0 0 0 0 0 0 14 0 0 0 0 0 1 1 0 0 0 0 0 0 10 0 0 0 0 0 0 0 0 0 0 0 9 1 0 11 1 1 0 0 0 0 0 0 0 0 0 0 0 0 0 0 0 1 0 0 0 9 0 11 0 0 0 14 8 0 0 0 
 3 3 66 3 4 3 3 3 3 3 3 4 3 3 5 3 4 3 3 3 179 130 97 162 53 116 107 50 134 146 180 211 252 276 63 572 0 116 146 125 2 0 0 36 3 0 52 36 3 0 0 3 0 3 0 0 0 0 1 0 0 3 0 0 0 0 0 0 0 0 0 0 0 0 0 0 0 0 3 3 0 0 0 0 0 0 0 0 0 0 0 1 0 0 0 0 0 0 0 0 10 11 0 27 13 13 17 0 0 15 13 16 0 0 0 23 10 9 0 0 0 0 6 0 0 0 17 10 1 0 0 0 15 9 30 11 0 0 25 0 0 0 2 0 0 0 0 0 0 0 0 17 0 0 2 0 0 5 0 0 0 0 0 0 0 4 1 0 0 0 0 0 0 0 0 0 0 0 0 0 4 14 11 16 25 18 11 0 21 1 75 12 0 0 0 28 28 0 0 0 5 0 0 0 0 0 0 10 0 0 0 0 0 0 0 25 8 0 19 19 0 0 0 0 0 0 0 0 2 0 0 0 0 0 0 0 0 0 0 1 0 0 14 0 0 0 0 0 0 0 0 0 0 0 9 2 0 74 23 2 11 0 0 0 0 0 0 0 0 0 0 0 0 0 0 0 0 0 0 0 0 7 0 0 0 10 9 0 0 0 
 0 0 0 0 2 0 0 0 0 0 0 2 0 0 0 0 0 0 0 0 328 184 126 248 337 52 274 186 71 50 142 141 52 320 35 118 116 0 37 56 2 1 0 0 0 0 0 3 2 0 0 3 68 4 66 2 0 0 1 0 0 3 0 0 2 0 0 0 0 1 0 0 0 0 0 0 51 0 0 2 0 0 2 0 0 0 0 0 0 0 13 1 0 0 0 0 0 0 0 0 15 9 0 17 24 2 30 23 0 1 18 13 0 2 9 9 0 29 1 14 0 0 0 0 0 0 0 1 0 0 0 0 14 0 0 20 0 0 0 0 0 0 6 0 0 0 0 0 0 0 0 0 0 0 4 0 0 6 0 0 0 0 0 0 0 3 21 0 0 0 0 0 0 0 0 0 0 0 0 0 0 0 0 63 16 1 12 19 0 39 16 1 0 0 18 58 72 0 0 0 0 0 0 0 0 0 0 0 1 0 0 0 9 9 0 0 0 0 20 0 0 2 0 0 0 0 0 0 0 0 0 0 0 0 0 0 0 0 0 0 0 0 1 0 0 1 0 0 56 0 0 0 0 0 7 0 2 2 3 1 0 0 0 0 0 0 21 2 0 0 0 0 0 0 0 0 0 0 0 0 0 26 0 0 0 1 0 0 0 0 
 85 0 79 0 155 19 0 89 74 39 74 0 0 73 0 1 201 3 0 3 87 91 72 79 62 59 47 47 88 74 56 105 186 80 113 242 146 37 0 180 3 5 0 0 0 7 0 5 2 3 3 4 0 6 7 2 2 4 63 2 1 7 1 3 0 0 0 2 4 4 4 1 0 1 0 1 0 0 0 5 23 12 11 28 0 81 0 2 12 13 8 0 0 13 0 43 0 19 0 0 0 33 13 0 0 0 12 1 22 0 9 0 40 21 24 9 1 0 42 5 1 0 0 0 0 0 0 0 0 0 0 0 0 2 0 0 0 2 2 0 0 0 0 16 0 0 0 0 0 0 0 0 0 0 0 0 0 0 0 3 70 0 31 12 16 12 0 0 13 18 37 22 0 1 0 11 5 0 2 0 7 7 6 0 0 0 7 22 0 1 0 0 30 19 0 0 1 23 11 30 13 0 0 2 0 0 0 0 0 0 0 0 0 0 0 0 0 0 0 0 0 0 0 0 0 0 0 0 0 0 2 0 0 0 0 0 0 0 0 0 0 0 0 0 0 0 72 0 0 0 0 0 0 0 20 1 0 0 0 0 75 0 0 0 0 0 0 0 0 0 0 0 0 0 5 0 0 7 0 0 0 0 0 0 0 0 0 0 0 0 
 1 0 0 74 0 85 7 1 0 74 1 26 0 0 0 0 102 0 2 0 119 114 165 131 94 131 60 112 117 140 137 48 117 166 395 125 125 56 180 0 2 0 0 62 2 0 0 3 2 0 0 3 0 3 0 2 0 0 0 0 0 36 0 0 0 0 0 0 0 1 0 0 0 0 0 1 0 0 1 3 0 0 0 30 27 9 0 0 0 0 0 2 0 0 0 8 0 12 0 1 15 18 9 2 12 40 0 41 50 31 1 0 28 13 7 12 46 18 3 30 0 2 0 0 0 0 0 0 0 0 0 0 0 0 0 0 0 0 0 0 0 0 1 0 2 0 0 0 0 0 0 0 3 0 0 0 0 0 0 0 0 10 0 0 11 0 0 0 0 0 11 0 0 0 0 0 0 9 2 0 14 7 0 46 1 0 26 47 24 0 0 11 7 19 18 0 13 29 1 17 0 0 0 0 0 0 0 2 0 0 0 0 0 0 0 0 0 0 10 0 0 0 0 0 0 0 0 0 0 0 0 0 0 0 0 0 0 0 0 0 0 0 1 0 0 0 0 0 0 76 0 0 0 0 3 0 0 0 0 0 0 0 0 0 0 0 0 0 0 0 0 0 0 0 0 11 0 0 0 0 0 9 0 0 0 0 0 0 0 0 
 0 0 0 2 0 0 4 6 0 0 0 8 0 0 4 62 9 2 0 0 2 3 7 10 2 63 2 2 6 2 2 80 2 2 6 2 2 2 3 2 0 218 412 31 240 27 75 272 250 109 44 16 381 321 117 107 97 489 68 94 2 0 0 0 0 0 204 0 0 0 51 2 0 0 0 0 0 4 0 0 0 0 4 0 1 0 18 0 0 0 4 0 0 0 0 2 2 4 0 0 0 0 0 0 0 0 0 0 0 0 0 0 0 0 0 0 1 0 0 0 1 31 20 10 0 1 0 9 31 20 20 1 30 10 51 10 1 25 8 14 0 0 0 0 0 0 1 0 0 0 1 0 3 3 0 0 0 0 0 1 1 1 0 0 0 0 12 0 0 0 0 4 11 0 0 1 4 4 0 0 0 0 0 0 0 0 0 0 0 0 0 0 0 0 0 0 0 0 0 0 24 30 54 0 20 0 12 17 0 0 11 6 59 8 7 11 0 1 0 9 0 0 0 0 0 0 1 0 0 0 0 0 14 0 0 0 0 0 9 0 0 0 4 0 0 0 0 0 1 20 0 1 0 2 0 0 0 0 1 0 0 0 1 65 4 0 2 0 0 0 0 0 0 0 0 0 0 0 0 0 0 0 0 0 10 0 0 0 0 0 
 3 0 0 0 0 0 0 0 0 0 0 0 61 0 0 0 0 0 3 0 0 1 0 0 0 64 0 0 0 0 0 54 0 0 2 0 0 1 5 0 218 0 171 139 250 245 240 222 72 246 272 39 51 140 114 118 204 252 68 114 17 4 0 0 0 0 1 8 0 0 0 12 8 0 2 50 1 11 0 0 0 0 0 0 0 0 0 0 0 0 0 0 0 0 0 0 0 0 0 0 0 0 0 0 0 0 0 0 0 0 0 24 8 0 0 0 0 0 0 0 2 32 7 79 0 0 32 29 12 20 0 13 51 65 9 0 1 4 12 35 0 0 0 0 1 2 0 0 7 0 3 0 0 9 0 0 0 29 1 15 0 0 0 0 0 13 0 0 0 0 0 0 0 0 4 0 0 0 0 0 0 0 0 5 0 26 0 0 0 0 0 0 0 0 0 0 1 0 0 0 21 9 1 7 0 0 27 20 8 12 15 1 23 12 50 17 16 1 0 0 24 4 0 0 0 0 20 2 0 8 6 0 0 4 10 17 0 0 0 7 0 0 19 0 0 0 0 0 0 0 0 2 0 2 0 0 0 0 0 2 0 0 0 0 1 5 1 0 0 0 36 0 0 0 0 0 0 0 0 0 0 3 0 0 0 0 0 0 0 0 
 0 0 0 0 0 0 1 0 0 0 0 0 0 0 0 0 1 2 0 0 0 0 0 0 0 64 0 0 0 0 0 2 0 0 0 0 0 0 0 0 412 171 0 181 80 37 262 221 209 171 43 89 127 68 337 151 545 234 38 58 1 0 0 0 2 0 0 0 7 0 0 0 10 0 6 1 2 4 4 0 0 0 0 0 0 0 0 0 0 0 0 0 0 0 0 0 0 0 2 0 0 0 0 0 0 0 0 0 0 0 0 2 0 0 0 0 0 0 0 0 7 0 32 29 15 0 0 10 33 8 47 30 6 0 21 3 33 1 0 0 0 0 0 0 0 0 0 0 0 0 0 0 0 0 0 0 3 0 10 0 0 0 0 0 0 0 0 0 0 0 0 0 8 0 0 0 0 0 0 0 0 0 0 0 0 0 0 0 0 0 0 0 0 0 0 0 0 0 0 0 0 32 48 17 0 10 11 14 9 21 2 7 8 0 0 0 0 12 0 0 0 0 0 0 0 0 15 0 0 0 0 0 5 6 0 0 0 0 1 5 0 0 0 0 0 0 0 0 0 0 0 0 0 0 0 0 0 0 0 20 0 0 0 1 65 0 0 0 0 0 0 0 0 0 0 0 0 0 0 0 0 0 0 0 0 5 0 0 0 0 
 2 0 0 0 0 0 2 0 0 0 0 0 0 0 42 0 0 0 0 0 0 0 0 1 0 0 0 0 0 0 0 0 0 0 0 0 36 0 0 62 31 139 181 0 467 155 78 111 507 125 142 145 131 164 87 54 67 100 87 125 2 0 0 0 0 0 0 51 0 2 0 2 0 0 1 0 2 0 3 1 0 0 0 0 0 0 0 0 0 0 0 0 0 0 17 0 0 0 0 0 0 0 0 0 0 0 0 0 0 0 0 0 0 0 28 0 0 0 0 0 1 10 4 9 1 37 0 0 13 50 56 1 0 0 2 18 31 1 0 0 0 1 0 0 0 0 31 0 7 0 0 0 22 0 12 19 8 0 30 23 0 0 0 0 0 15 0 2 0 0 0 0 0 0 0 0 0 0 0 0 0 0 0 0 0 0 0 0 0 0 0 0 0 0 0 0 0 0 0 0 0 13 10 10 9 14 0 20 50 53 31 9 0 0 0 25 23 18 0 0 9 0 0 0 0 5 56 10 0 8 0 0 34 11 0 0 10 0 11 30 0 0 0 0 0 0 0 0 0 1 0 2 0 1 0 0 0 0 0 0 0 0 0 0 0 0 2 33 0 0 0 0 0 0 0 0 0 0 0 0 0 4 1 0 0 0 0 0 0 0 
 0 0 0 0 0 0 3 1 0 0 0 0 0 0 0 70 0 0 0 0 0 0 1 3 1 0 6 3 0 0 0 4 0 0 0 3 3 0 0 2 240 250 80 467 0 131 45 122 114 207 95 205 49 296 138 70 277 64 114 269 20 0 45 24 0 0 2 0 0 0 50 0 50 1 0 6 0 1 103 21 0 0 0 26 0 0 0 0 24 0 0 0 0 0 0 0 0 0 0 0 0 6 0 6 1 4 0 0 0 0 1 4 0 0 3 0 8 0 0 1 0 0 8 13 34 39 0 2 0 14 70 0 11 0 21 4 27 20 0 0 23 12 1 0 0 0 0 12 19 1 11 0 7 0 23 1 19 0 0 30 0 0 0 0 0 0 0 47 0 0 0 0 9 0 0 0 0 0 0 0 0 0 0 0 6 0 0 1 2 0 3 0 0 0 0 0 0 0 0 0 0 14 9 56 22 29 0 3 0 34 2 7 19 0 0 0 0 0 0 0 10 7 9 0 0 0 17 38 0 0 1 0 24 21 8 7 0 11 20 45 11 0 2 0 0 0 0 0 0 0 0 0 0 0 0 0 1 0 0 0 0 16 3 3 5 3 3 0 1 0 0 0 0 0 0 0 0 0 0 0 0 0 0 0 0 0 0 13 0 0 
 0 2 0 0 0 0 0 9 0 0 0 0 0 0 0 0 2 4 0 0 1 0 0 7 2 0 0 3 0 0 0 2 0 0 0 0 0 0 7 0 27 245 37 155 131 0 35 79 131 308 281 63 237 119 317 71 84 341 38 49 0 39 0 3 0 1 0 43 52 0 0 0 0 0 0 50 0 1 5 0 0 0 20 0 0 0 0 0 0 0 0 0 0 0 0 0 0 12 0 13 11 0 0 0 0 0 0 0 0 0 0 0 0 0 0 0 0 0 0 0 0 21 8 0 0 19 0 0 25 0 5 5 0 0 0 7 0 0 0 0 46 14 0 10 0 0 5 2 9 0 0 0 8 0 18 0 55 10 12 28 0 0 0 0 0 0 0 0 0 0 0 0 0 0 0 0 0 0 0 0 0 0 0 0 0 0 0 0 0 0 0 0 0 0 0 0 0 0 0 0 0 0 0 0 20 6 0 0 14 24 23 28 0 0 0 14 22 0 0 0 8 9 17 0 0 0 44 20 24 13 0 0 17 2 26 16 0 9 13 10 7 0 0 0 0 0 0 0 0 0 0 2 0 0 0 0 0 0 0 0 0 0 3 0 1 1 0 0 5 0 0 0 0 0 0 0 0 0 0 0 0 0 7 0 0 0 0 0 0 0 
 0 2 0 0 0 0 0 0 0 0 0 0 0 0 2 0 0 0 0 0 0 0 18 0 0 105 0 0 0 130 72 137 0 0 0 63 52 0 0 0 75 240 262 78 45 35 0 83 65 36 30 34 54 188 35 548 51 57 121 50 2 0 8 1 6 3 0 0 0 6 13 6 0 0 0 0 11 0 0 0 0 0 0 8 0 0 0 0 0 0 0 0 0 0 0 0 0 0 0 5 0 0 0 0 16 7 0 0 0 7 0 8 0 0 0 0 0 0 0 0 13 21 7 22 0 0 31 22 24 9 0 16 0 30 11 15 0 2 14 15 0 0 0 0 0 0 0 0 0 0 0 0 0 0 0 8 0 0 0 0 0 0 0 0 0 0 0 0 0 21 0 0 0 0 5 0 0 28 0 0 0 0 11 21 19 10 0 0 0 0 0 0 0 0 0 0 11 0 0 0 39 0 0 0 13 0 0 0 19 0 11 37 0 9 18 0 31 17 59 49 0 0 0 0 16 0 0 0 0 0 0 0 0 0 0 0 0 12 0 0 0 0 0 0 0 0 0 0 0 0 0 0 0 0 0 0 0 0 0 0 0 0 0 1 0 11 2 0 4 0 0 0 0 0 0 0 0 0 0 0 0 0 0 0 11 6 0 0 0 0 
 3 7 0 0 0 0 0 0 0 0 0 0 0 0 0 0 0 0 0 0 3 2 2 2 3 65 3 3 2 3 3 3 3 3 3 3 36 3 5 3 272 222 221 111 122 79 83 0 460 80 45 157 234 378 100 45 56 119 86 172 2 6 0 0 17 15 1 2 4 3 3 6 5 0 2 6 7 0 2 0 0 8 0 0 0 0 0 0 0 0 0 0 0 0 0 0 0 0 0 0 0 0 0 44 0 0 0 0 0 0 0 0 0 0 0 0 0 0 0 0 12 13 9 35 22 13 14 0 13 12 19 19 0 13 1 22 62 0 0 0 0 0 0 0 0 0 1 0 0 0 0 0 8 0 1 0 7 0 23 23 0 0 0 0 0 0 0 0 0 0 0 0 0 0 0 0 0 0 0 0 0 0 0 8 0 0 0 0 11 0 0 0 0 0 0 0 0 0 0 0 0 7 5 1 8 1 21 14 12 37 22 3 0 11 0 21 15 57 0 0 16 0 0 0 0 0 30 0 0 2 0 0 30 0 0 0 0 0 1 45 0 0 0 0 0 0 0 0 0 0 0 7 0 0 1 0 0 0 0 0 19 0 2 0 0 23 0 1 0 0 0 0 0 0 0 0 0 0 0 0 0 0 0 0 0 32 0 0 0 0 
 3 0 2 0 0 0 2 2 0 0 0 0 0 0 0 6 0 0 0 0 2 2 10 2 2 3 2 5 2 2 2 2 2 2 2 2 3 2 2 2 250 72 209 507 114 131 65 460 0 515 50 155 108 121 226 202 98 68 65 71 1 3 0 0 0 4 0 3 1 0 207 207 0 2 0 4 0 0 51 0 0 0 0 0 0 0 0 0 0 0 0 0 0 0 0 0 0 0 0 0 0 0 0 0 0 0 0 0 0 0 0 0 0 0 0 0 0 0 0 0 0 10 14 11 15 80 0 0 25 16 11 0 0 0 12 11 13 56 0 0 0 0 0 0 0 0 8 0 0 0 0 0 9 0 28 1 1 0 0 6 0 0 8 0 0 0 0 15 0 0 0 0 7 0 0 0 0 0 0 0 0 0 0 0 0 0 0 0 0 0 0 0 12 0 0 0 0 0 0 0 0 19 49 37 23 11 0 13 0 25 16 0 0 0 0 3 10 10 0 0 0 0 0 0 0 0 41 0 0 0 0 0 23 22 0 0 0 0 0 15 0 0 0 0 0 0 0 0 0 0 0 3 0 2 0 0 0 0 0 5 0 0 2 0 2 2 2 65 65 0 1 0 0 0 0 0 0 0 0 0 0 0 0 0 0 0 0 0 0 0 
 6 12 35 8 3 3 3 6 8 3 4 7 3 3 3 11 17 6 3 3 0 0 4 0 0 0 3 0 0 0 0 0 9 0 0 0 0 0 3 0 109 246 171 125 207 308 36 80 515 0 185 113 190 158 133 93 167 117 87 72 2 0 0 0 0 0 3 0 3 5 0 0 1 0 0 0 2 0 53 0 29 0 0 2 5 5 0 0 5 0 0 11 13 1 1 0 0 0 0 0 0 5 0 0 0 0 0 0 0 0 0 0 0 0 3 0 0 0 0 0 1 16 10 0 3 11 0 7 19 0 1 0 0 0 71 9 1 0 0 0 0 0 0 0 0 0 9 0 45 0 0 0 0 0 5 9 0 0 10 11 0 0 1 25 5 0 0 6 0 0 0 0 1 0 11 0 0 0 0 0 0 0 0 0 0 0 0 0 0 0 0 0 0 0 0 0 0 0 0 0 7 6 50 30 8 2 0 9 0 8 24 0 0 0 2 0 16 1 0 0 0 1 0 0 0 8 47 0 0 0 0 0 48 9 0 0 0 0 21 11 0 7 0 0 0 0 0 0 0 0 0 8 0 1 0 0 0 0 0 2 0 28 1 65 0 2 0 38 2 0 22 0 0 0 0 0 0 0 0 0 0 0 0 0 0 0 0 0 0 0 
 0 0 0 0 38 0 0 2 0 0 0 0 0 0 0 3 0 3 0 0 0 0 0 1 1 0 0 0 0 0 0 2 0 0 0 0 0 0 3 0 44 272 43 142 95 281 30 45 50 185 0 125 168 49 64 159 157 601 140 131 2 2 0 0 0 0 0 4 0 0 0 0 55 22 0 18 0 2 0 0 0 0 0 0 0 0 0 1 0 0 0 0 0 0 0 0 0 0 0 0 0 0 0 0 0 0 0 0 0 0 0 0 0 0 0 0 0 0 0 0 38 0 0 0 9 24 0 15 0 12 14 11 0 2 9 0 20 40 0 13 1 1 0 1 6 6 28 0 2 0 0 0 9 6 19 0 6 8 18 1 0 0 0 0 0 0 0 0 0 0 0 0 0 0 0 0 0 0 0 0 0 0 0 0 0 2 11 0 0 0 0 0 0 0 0 0 0 0 0 0 9 1 12 20 25 7 0 0 18 1 9 45 0 0 16 11 10 30 9 11 1 1 1 1 0 1 2 0 0 7 27 0 28 26 0 4 0 0 14 0 0 0 0 0 0 0 0 0 0 0 0 12 0 0 0 0 0 0 0 8 0 0 3 62 5 4 1 62 4 0 6 0 0 0 0 0 0 0 0 0 0 0 0 0 12 0 0 0 0 0 
 0 13 0 0 0 1 0 2 0 0 0 0 0 0 0 0 0 0 0 0 3 3 3 3 6 3 3 3 3 3 3 3 3 3 3 3 3 3 4 3 16 39 89 145 205 63 34 157 155 113 125 0 37 21 90 94 153 225 41 36 56 0 0 5 1 0 0 0 55 0 0 0 74 1 6 0 6 0 51 52 0 0 0 0 0 0 0 0 0 0 0 0 0 0 0 0 0 0 0 0 0 0 0 0 0 6 0 0 0 0 0 0 0 0 0 0 0 0 0 0 0 0 21 9 43 29 0 0 10 7 37 21 0 0 19 4 31 28 0 0 6 0 13 0 0 0 0 0 33 0 13 0 15 17 8 0 9 0 19 0 0 0 0 0 0 0 0 11 0 0 0 0 2 0 0 0 0 0 0 0 0 0 0 0 0 0 0 0 0 0 0 0 0 0 0 0 0 0 0 0 0 24 9 13 21 32 0 2 1 80 1 7 0 0 0 0 2 9 0 0 24 10 9 0 0 0 24 0 0 0 9 0 2 6 0 9 0 12 17 38 0 0 0 0 0 0 2 0 0 0 0 10 0 0 0 0 0 0 0 22 0 0 2 0 0 0 12 2 0 0 0 0 0 0 0 0 0 0 0 0 0 0 0 0 0 20 0 11 0 0 
 0 0 0 0 0 0 0 0 0 0 0 0 0 0 0 0 0 0 0 0 0 0 62 66 62 63 0 0 0 0 1 0 0 0 0 0 0 68 0 0 381 51 127 131 49 237 54 234 108 190 168 37 0 296 62 57 352 36 173 114 0 0 0 0 10 0 0 0 0 0 0 0 0 0 0 0 0 0 0 0 0 0 0 0 0 0 0 0 0 0 0 0 0 0 0 0 0 0 0 0 0 0 8 0 0 0 0 0 0 0 0 16 0 0 0 0 0 0 0 0 30 0 19 10 0 2 22 82 0 11 29 2 13 8 54 17 24 24 0 11 0 0 0 0 0 0 0 0 0 0 0 0 0 0 0 0 4 0 0 0 0 0 0 0 0 0 0 0 0 0 0 0 0 0 0 0 0 0 0 0 0 0 0 1 0 0 0 0 0 0 0 13 0 0 34 0 0 0 0 0 3 25 17 1 1 0 15 0 15 19 3 3 9 0 25 10 6 16 9 0 0 0 0 0 0 0 3 0 0 0 0 0 15 0 0 0 0 0 20 0 0 0 0 0 0 0 0 0 0 0 0 0 0 0 0 0 0 0 0 0 0 0 2 36 35 2 23 0 0 0 0 0 0 10 0 0 0 0 0 0 0 0 3 0 0 0 0 0 2 0 
 3 0 0 61 1 0 0 3 0 0 0 1 0 0 0 66 2 65 0 0 4 3 6 15 14 76 4 3 20 72 67 68 65 4 4 4 3 4 6 3 321 140 68 164 296 119 188 378 121 158 49 21 296 0 266 103 129 110 393 95 0 0 0 0 0 0 0 0 0 0 0 0 25 0 0 0 0 0 5 4 0 0 0 0 39 0 0 0 1 0 0 0 0 0 0 0 0 0 0 0 14 0 16 0 11 9 0 0 0 6 0 0 0 21 0 0 23 0 0 0 8 50 0 0 0 16 35 19 12 0 0 10 0 10 2 7 0 0 5 41 0 0 0 1 0 0 0 0 0 0 0 0 0 0 0 0 0 0 1 21 0 0 1 0 0 1 0 0 0 6 0 6 0 16 3 10 0 0 0 0 1 17 0 11 12 16 0 0 0 0 0 4 0 0 0 3 11 0 0 0 7 8 0 0 0 11 0 5 5 30 37 10 1 9 0 1 41 18 39 9 0 0 0 0 0 0 6 0 0 0 0 0 11 0 0 0 0 0 0 0 0 0 0 0 0 0 0 0 0 31 0 14 0 1 0 0 0 0 6 0 0 0 1 0 0 10 3 0 2 0 0 0 0 0 0 21 0 0 0 0 0 0 0 0 0 0 0 0 0 0 
 3 0 0 0 1 0 0 42 0 0 0 0 0 0 0 0 3 3 0 0 0 0 1 9 0 67 0 3 2 65 62 68 0 63 0 1 0 66 7 0 117 114 337 87 138 317 35 100 226 133 64 90 62 266 0 81 40 125 163 117 2 0 0 0 2 0 0 0 0 0 1 0 2 0 0 0 0 71 51 0 0 0 17 0 0 0 0 0 0 0 0 0 0 0 0 0 0 0 0 0 0 0 0 0 13 7 0 0 0 0 0 0 0 0 0 0 0 0 0 0 3 42 2 1 3 13 8 13 13 0 0 18 0 20 23 30 0 1 0 4 0 0 0 0 0 0 1 0 0 0 0 0 0 0 0 0 0 0 23 23 0 0 0 0 1 0 0 0 0 0 0 0 0 0 5 0 0 0 0 0 0 0 0 15 8 21 0 0 1 0 0 0 0 0 0 0 0 0 0 0 26 0 6 15 9 2 0 12 19 22 33 21 0 9 0 12 33 16 6 45 0 1 0 0 0 0 22 0 0 0 0 0 52 0 0 0 0 0 1 10 0 0 0 0 0 0 0 0 62 0 0 1 0 0 0 0 0 0 0 0 0 0 0 2 2 11 2 0 0 0 23 0 0 0 0 0 0 0 0 0 0 0 0 0 0 14 0 0 0 0 
 2 0 0 0 10 16 3 0 0 0 0 0 0 21 0 0 0 0 0 0 0 0 7 9 0 0 0 0 9 0 0 1 0 13 3 0 0 2 2 2 107 118 151 54 70 71 548 45 202 93 159 94 57 103 81 0 198 52 168 148 3 207 0 0 2 0 3 0 0 0 0 0 3 0 0 0 3 5 52 0 0 0 0 0 0 0 0 0 0 0 0 0 0 0 0 0 0 0 0 0 5 0 6 0 0 0 12 12 0 0 0 0 0 0 0 3 0 10 0 2 8 10 0 13 13 12 0 0 38 16 0 0 9 8 9 20 1 68 0 30 0 0 0 0 0 0 0 0 0 0 0 0 0 0 0 0 0 0 0 16 0 0 0 0 0 0 0 10 0 0 0 0 25 0 0 0 0 0 0 0 3 0 14 0 7 0 0 2 0 6 0 0 0 7 7 2 12 1 0 7 11 21 14 14 26 0 7 11 0 0 20 18 10 7 5 15 1 12 0 20 0 0 0 0 0 0 7 0 23 0 0 0 0 13 0 0 0 0 0 0 0 0 3 0 0 0 0 2 0 0 0 6 0 2 0 0 2 0 0 20 0 0 7 0 1 0 1 0 1 0 0 0 0 0 0 0 0 0 0 0 0 8 0 0 12 0 0 0 0 0 
 1 0 0 0 6 7 0 2 0 0 0 0 0 0 0 3 0 0 0 0 0 2 11 5 2 0 0 0 5 0 0 2 0 8 1 0 0 0 2 0 97 204 545 67 277 84 51 56 98 167 157 153 352 129 40 198 0 57 74 181 2 1 0 2 2 2 1 3 3 0 0 2 2 1 2 4 7 0 0 0 0 0 0 0 0 0 0 0 0 0 0 0 0 20 0 0 0 0 11 0 5 0 6 0 0 0 20 10 2 0 0 0 0 0 0 46 0 3 0 0 20 1 1 0 19 0 0 19 16 10 26 19 0 0 3 9 18 21 0 17 0 0 0 0 0 0 0 0 0 0 0 0 6 0 0 0 4 0 0 19 0 0 0 0 0 2 0 0 1 0 0 0 0 0 0 0 0 0 0 0 5 0 10 0 0 0 0 0 18 6 0 0 0 6 44 2 7 1 2 6 22 27 6 5 11 0 0 0 33 18 26 15 1 0 14 13 11 21 0 10 0 0 0 0 0 0 7 0 0 0 16 19 15 0 0 0 0 0 12 0 0 0 0 0 0 0 0 0 0 0 0 9 0 2 0 0 0 0 0 0 0 1 6 4 1 2 0 1 0 0 0 0 0 0 0 0 0 0 0 0 0 3 0 0 9 18 0 0 0 0 
 3 5 3 3 6 3 4 3 3 4 3 3 4 3 5 3 3 4 4 4 0 0 4 0 3 3 0 5 3 0 0 0 3 0 0 0 0 0 4 0 489 252 234 100 64 341 57 119 68 117 601 225 36 110 125 52 57 0 48 28 4 0 0 0 0 0 0 0 4 0 0 0 2 49 2 5 6 0 55 20 0 0 0 0 0 0 0 0 0 0 0 0 0 1 0 0 0 0 0 0 0 0 0 0 0 0 0 4 0 0 0 0 0 0 0 0 0 0 0 0 0 15 0 0 31 17 0 0 14 11 13 19 0 0 0 0 43 10 0 0 0 0 0 0 0 0 10 0 0 0 0 0 7 0 1 0 0 0 7 3 0 0 0 0 0 0 0 4 11 0 8 0 6 0 32 0 0 0 0 19 0 0 0 0 0 0 0 0 0 1 0 0 0 0 0 0 0 0 0 0 4 0 32 9 19 0 0 0 0 23 4 3 0 0 0 0 15 56 0 0 0 0 0 0 0 0 15 0 0 0 0 0 8 14 0 0 0 0 0 0 0 0 0 0 0 0 0 0 0 0 0 2 0 0 0 0 1 0 0 23 0 0 0 0 0 0 1 1 2 0 0 0 0 0 0 0 0 0 0 0 0 0 0 0 8 18 0 0 0 0 
 3 3 3 3 3 3 5 6 3 28 3 3 3 3 3 7 3 3 3 3 0 62 5 0 24 1 0 32 1 62 0 29 3 0 0 62 1 1 63 0 68 68 38 87 114 38 121 86 65 87 140 41 173 393 163 168 74 48 0 158 2 0 0 0 0 0 0 0 0 0 0 0 0 0 0 0 1 7 0 0 11 0 0 0 0 0 0 0 0 0 0 0 0 0 0 0 0 0 0 0 0 0 0 5 0 21 0 0 0 10 0 0 0 0 0 0 0 0 0 0 15 18 1 8 0 0 0 23 0 32 12 14 18 53 49 0 17 32 0 26 0 0 0 0 0 0 0 0 0 0 0 0 0 0 0 0 12 0 4 0 0 0 0 0 0 0 0 0 0 0 0 0 0 0 3 11 0 0 0 0 0 0 0 13 1 9 35 14 0 15 4 0 0 0 0 0 21 0 0 0 28 9 0 0 19 0 7 8 40 1 15 34 11 15 34 37 29 30 16 16 0 0 0 0 0 0 1 0 0 0 0 0 0 0 0 0 0 0 0 0 0 0 19 0 0 0 0 0 0 0 0 0 0 0 0 0 0 0 0 1 0 0 0 1 0 3 0 0 1 1 0 0 0 0 0 0 0 0 0 4 0 0 0 0 8 8 0 0 2 0 
 2 0 0 0 0 0 0 0 0 0 0 0 0 0 0 0 0 0 0 0 0 0 1 1 0 272 0 3 0 0 0 0 0 0 0 0 0 0 2 0 94 114 58 125 269 49 50 172 71 72 131 36 114 95 117 148 181 28 158 0 0 3 0 5 2 0 3 0 0 3 1 2 13 0 32 0 1 25 0 0 0 0 0 0 0 0 0 0 0 0 0 0 0 0 0 0 0 0 0 0 0 0 0 21 0 0 0 0 0 0 0 9 0 0 0 0 0 0 0 0 14 10 31 24 0 0 15 9 40 8 26 0 0 16 46 28 46 28 0 6 0 0 0 0 0 0 0 0 0 0 0 0 0 0 0 0 4 0 10 0 0 0 0 0 0 0 0 0 0 0 0 0 22 0 0 0 0 0 0 0 0 0 0 9 0 0 0 0 12 0 0 0 0 0 0 0 0 0 0 0 7 29 41 0 0 0 17 0 8 10 10 0 21 18 0 19 32 23 0 0 0 0 0 0 0 0 1 0 0 0 0 0 0 0 0 0 0 0 0 0 0 0 0 0 0 2 0 0 0 0 0 2 0 0 0 0 0 0 0 0 11 0 2 0 66 13 2 0 0 0 0 0 0 0 0 0 0 0 0 0 0 0 0 0 0 0 0 0 0 0 
 0 0 0 0 0 0 0 2 0 0 0 0 50 0 0 0 0 5 0 0 0 0 2 1 1 0 0 0 0 0 0 0 0 0 0 0 0 0 1 0 2 17 1 2 20 0 2 2 1 2 2 56 0 0 2 3 2 4 2 0 0 180 89 264 48 33 71 106 34 29 89 53 183 128 65 347 105 24 104 127 0 0 0 0 0 0 19 0 18 0 0 0 0 13 0 6 0 0 0 0 0 0 0 0 0 0 0 0 0 0 0 0 11 0 0 0 0 0 20 0 0 0 0 0 9 0 22 0 0 0 0 0 0 0 0 0 0 0 0 0 15 8 14 33 13 0 6 9 23 35 30 0 5 21 18 1 22 12 0 0 0 0 0 1 0 0 0 0 0 2 0 0 0 0 0 0 0 0 0 16 0 0 0 0 0 0 0 0 0 0 0 0 0 0 3 0 0 0 0 0 0 0 0 0 0 18 0 0 0 16 0 7 0 0 0 0 0 0 0 0 25 0 12 21 11 16 0 53 0 0 6 15 0 0 9 11 23 26 22 0 0 0 0 0 0 0 0 0 0 0 0 0 0 0 10 0 0 1 0 0 0 0 1 0 0 0 8 0 0 0 8 0 0 0 0 52 0 0 0 0 0 0 0 0 0 0 0 14 0 1 
