 0 276 90 67 126 31 150 66 123 375 248 366 86 63 405 126 67 172 46 63 0 0 4 0 0 7 2 0 0 3 2 0 2 0 0 0 0 0 0 3 0 0 0 3 0 3 0 0 0 0 0 1 2 0 2 0 4 0 0 0 2 0 0 2 0 3 0 0 3 0 3 1 0 4 0 0 3 3 2 0 19 13 14 34 19 17 27 19 31 0 20 5 10 0 0 19 1 24 28 32 0 0 0 0 0 0 0 0 1 0 0 0 0 0 0 0 0 0 0 10 0 0 0 0 0 1 0 0 0 0 0 0 0 0 16 0 0 14 0 0 0 0 0 0 0 0 4 13 2 0 0 0 0 0 0 0 0 0 0 0 13 82 11 21 8 24 16 28 2 50 23 22 0 0 0 10 22 0 0 12 0 0 0 0 1 0 0 16 0 0 0 0 20 0 0 0 0 0 0 21 0 0 0 43 1 0 0 0 0 0 0 0 10 0 0 0 0 1 0 2 1 0 0 0 0 0 0 0 0 0 0 0 0 1 0 0 0 0 0 0 0 0 0 0 0 0 89 0 2 179 0 16 2 1 0 0 0 0 0 0 0 0 0 0 0 0 0 0 0 0 0 0 0 0 0 28 18 0 0 0 0 0 0 0 0 0 0 0 0 0 
 276 0 84 254 129 78 73 359 138 487 293 142 57 63 274 95 207 240 47 69 0 0 3 0 0 2 2 1 2 3 8 1 78 0 0 0 2 0 23 0 0 0 0 3 0 3 0 0 0 0 29 2 0 0 2 0 2 0 0 0 3 0 0 2 0 3 0 0 3 0 3 0 0 0 0 0 3 3 3 0 11 10 6 15 0 10 15 9 33 0 26 18 0 17 0 14 12 35 0 0 25 8 0 0 0 0 0 0 0 0 0 0 4 0 20 0 0 0 75 14 0 0 0 0 0 0 0 0 0 0 2 0 0 0 0 0 0 0 0 0 0 0 0 0 0 2 5 1 0 0 0 0 0 0 0 0 0 0 0 0 1 28 16 33 22 39 20 14 3 26 2 22 0 14 1 19 51 35 0 0 1 0 0 0 0 0 0 1 0 0 0 0 19 0 0 0 0 0 0 4 0 0 2 0 0 0 0 2 0 16 0 0 12 0 0 0 0 0 0 0 0 0 0 0 0 0 0 0 0 0 0 0 0 0 0 0 0 0 0 0 0 10 0 0 0 0 3 0 91 88 0 4 0 0 0 0 0 0 0 0 0 0 0 0 0 0 0 0 0 0 0 0 0 0 0 18 0 0 0 0 0 0 0 0 0 0 0 0 0 0 
 90 84 0 515 405 250 181 250 147 269 121 169 110 280 142 449 38 184 36 63 0 3 2 0 0 226 6 0 0 5 4 2 0 73 0 0 0 0 24 38 2 0 2 4 0 3 2 0 2 0 0 3 0 0 2 0 2 0 0 0 3 2 0 2 0 5 0 0 3 0 6 1 3 0 2 0 3 2 2 0 14 1 9 20 1 18 1 15 13 10 25 0 12 0 11 21 1 23 6 67 17 0 0 0 0 0 6 1 0 0 0 0 36 10 23 19 0 16 19 15 0 0 0 0 0 0 0 0 0 0 0 0 0 0 0 0 1 0 0 0 0 0 0 0 0 0 5 0 0 0 0 0 4 0 1 0 0 0 0 8 7 25 15 0 14 14 0 0 1 0 37 47 0 0 10 6 76 25 11 1 30 1 15 1 0 0 19 18 0 0 0 0 42 0 0 0 0 0 7 13 0 0 3 0 0 0 0 1 0 0 0 0 0 0 0 0 0 0 0 0 0 0 0 0 0 0 0 0 0 0 0 0 0 0 0 0 0 0 0 0 0 9 0 0 0 1 3 0 2 0 2 7 9 0 0 0 0 0 0 0 0 0 0 0 0 0 0 0 0 0 0 0 0 0 0 0 0 0 0 0 0 0 0 0 0 0 0 0 0 0 
 67 254 515 0 92 136 290 89 262 125 200 234 82 349 171 285 50 434 83 156 0 1 3 0 0 0 2 76 2 3 2 0 75 0 73 1 0 0 21 166 0 0 0 3 0 3 0 0 0 0 0 0 0 0 2 0 2 0 0 64 2 0 56 2 0 3 0 0 3 0 3 1 2 0 0 0 3 3 2 51 30 0 12 0 16 14 13 0 10 33 19 25 3 15 12 15 16 14 0 5 20 2 0 0 0 2 1 0 0 1 0 0 28 14 0 1 19 0 27 0 0 0 0 0 0 0 0 0 0 0 0 0 0 1 0 0 0 0 0 0 0 0 0 0 0 0 11 0 1 0 0 0 8 0 0 0 0 0 2 0 0 21 1 2 22 1 0 0 1 36 22 5 13 23 0 0 20 27 0 0 38 7 0 0 0 0 92 1 0 11 0 0 14 0 0 0 0 0 26 1 0 0 0 0 0 0 0 0 0 0 0 0 1 0 0 0 0 0 0 0 1 0 0 0 0 0 0 1 0 12 0 0 0 0 0 0 0 0 0 0 0 0 0 0 0 4 1 0 0 0 2 7 0 1 0 0 0 0 0 0 0 0 0 0 0 1 0 0 0 0 0 0 0 2 0 0 0 0 0 0 0 0 0 0 0 0 0 0 0 0 
 126 129 405 92 0 442 43 412 170 538 94 52 181 382 167 90 153 340 266 101 0 0 2 0 0 0 75 0 0 3 2 2 3 0 0 77 2 0 79 75 2 0 0 3 1 2 1 0 0 0 2 3 0 0 2 0 2 0 0 0 3 0 2 2 0 3 0 0 3 0 3 0 3 0 0 0 3 3 2 0 26 0 9 39 35 15 0 8 0 0 52 25 13 0 9 33 1 6 0 10 26 0 29 0 0 0 11 0 0 0 10 0 33 1 13 0 0 20 13 56 0 0 0 0 0 0 0 0 0 3 0 0 0 0 0 0 0 0 0 0 0 0 0 0 12 0 0 2 0 0 0 0 10 0 0 1 2 0 0 6 8 22 7 0 42 30 2 0 0 14 12 0 0 0 24 12 12 32 0 0 0 11 35 11 0 0 14 1 15 0 0 0 4 0 1 11 13 0 9 0 0 0 9 0 0 0 0 0 0 0 0 0 0 0 0 0 0 0 0 20 0 0 0 0 0 0 0 0 19 0 0 0 0 0 0 0 0 0 2 0 0 0 0 0 2 1 88 0 5 10 2 11 8 0 0 0 0 0 0 0 0 0 0 0 0 0 0 0 0 0 0 0 0 0 1 0 0 0 0 0 0 0 0 0 0 3 0 0 0 0 
 31 78 250 136 442 0 60 105 160 391 79 338 38 120 141 182 71 110 45 58 0 0 3 0 2 2 2 77 1 3 2 0 1 162 73 0 0 0 35 111 0 0 0 3 0 33 0 0 0 0 0 1 0 0 2 0 2 2 0 0 2 1 2 2 9 3 0 0 3 11 14 1 0 0 1 1 3 18 2 0 0 0 8 0 1 0 0 0 12 1 26 5 0 0 0 21 0 15 0 0 0 2 1 0 0 1 0 0 2 1 1 0 46 16 13 19 16 0 13 21 8 0 0 0 0 0 0 0 0 0 0 0 0 0 0 0 0 0 0 0 0 0 0 0 0 0 0 0 0 0 0 0 13 0 0 0 0 0 2 7 0 0 1 2 0 39 0 0 0 0 14 7 0 0 1 8 27 18 0 0 21 0 0 0 0 0 42 15 1 0 0 0 24 23 0 0 0 0 10 18 0 0 11 0 0 0 0 0 0 0 0 0 1 0 0 0 0 0 0 0 0 0 0 0 0 0 0 0 0 0 0 0 0 0 0 11 43 0 0 0 0 10 0 0 0 0 1 0 3 0 0 9 0 5 0 0 0 0 0 0 0 0 0 0 0 0 0 0 0 0 0 0 0 0 0 0 0 0 0 0 0 0 0 0 0 0 0 0 0 0 
 150 73 181 290 43 60 0 215 35 141 38 204 210 331 143 120 518 105 129 145 0 0 3 0 0 0 2 1 0 3 2 84 0 0 0 0 0 0 0 0 0 0 0 3 0 3 0 0 0 0 0 1 0 0 2 0 2 0 0 0 2 0 0 2 0 3 0 0 49 0 3 0 0 51 0 0 3 3 2 0 35 11 0 26 4 13 20 34 0 19 0 20 18 46 24 0 17 1 1 30 0 0 0 0 0 0 0 0 0 0 0 0 0 0 0 0 0 0 0 17 0 0 0 0 0 0 0 0 0 1 0 0 0 0 0 0 0 2 0 0 0 0 0 0 0 0 2 5 0 0 2 0 0 0 0 0 6 0 0 0 8 27 86 38 2 8 10 0 10 45 52 0 0 33 18 26 3 61 0 14 2 0 0 0 0 0 0 0 0 0 0 0 0 0 0 0 0 0 0 0 0 0 0 0 0 0 0 0 1 0 0 0 0 0 0 0 0 0 0 0 0 0 0 0 0 0 0 0 0 0 16 0 0 0 0 0 0 0 0 0 0 0 0 0 0 0 7 0 88 1 0 10 8 0 0 0 0 0 0 0 0 0 0 0 0 0 2 0 0 0 9 0 0 0 0 10 0 22 0 0 0 0 0 0 0 0 0 0 0 0 
 66 359 250 89 412 105 215 0 95 147 53 264 220 179 92 138 263 31 417 120 0 1 2 0 0 0 2 0 0 3 2 0 0 0 2 0 205 2 74 0 0 0 0 3 0 2 0 0 0 0 0 3 0 0 2 0 2 0 0 6 3 0 0 2 0 3 0 0 3 0 3 0 2 0 0 0 3 3 33 0 25 42 21 34 14 0 2 36 11 1 29 0 11 16 3 8 18 25 26 59 0 0 0 0 0 0 0 0 0 0 0 0 0 0 0 10 0 0 2 10 0 0 0 0 0 0 0 11 0 0 0 0 0 0 0 0 0 0 0 0 0 0 0 0 0 0 0 30 0 0 0 0 19 0 0 0 0 0 0 0 15 47 16 11 25 28 15 0 0 5 9 6 0 24 29 19 23 35 11 16 0 0 0 0 0 0 1 0 0 0 0 0 0 0 0 0 0 0 0 0 0 0 10 0 0 0 0 0 0 0 0 0 0 0 0 0 0 0 0 0 0 0 0 0 0 0 0 0 0 0 0 0 0 0 0 0 0 0 0 0 0 0 0 0 0 2 88 0 97 87 1 9 7 0 0 0 0 0 0 0 0 0 0 0 0 0 0 0 0 0 0 0 0 0 0 1 0 23 0 0 0 0 0 0 0 0 0 0 0 0 
 123 138 147 262 170 160 35 95 0 394 146 143 158 255 165 421 196 160 225 397 0 0 3 0 0 0 2 0 0 3 2 0 1 75 0 0 0 0 0 35 0 0 0 3 0 3 0 0 0 0 0 2 0 40 2 0 2 0 0 0 2 0 0 2 0 3 0 0 3 0 3 2 0 0 0 0 3 3 2 0 16 10 51 24 14 16 8 0 12 12 15 40 13 14 0 14 1 10 0 0 1 0 14 0 0 0 0 0 0 0 0 0 30 12 0 15 0 0 36 30 0 0 0 0 0 0 0 0 0 0 0 0 0 0 0 0 0 0 0 0 0 0 1 0 0 0 2 0 0 0 0 0 7 1 0 0 1 0 0 6 0 15 0 8 44 14 1 18 19 15 76 12 1 28 17 32 31 9 0 25 16 0 1 0 0 0 62 16 0 0 0 0 39 0 0 0 0 0 7 20 0 0 0 0 0 0 0 0 0 0 0 0 0 0 0 1 0 0 0 0 0 2 0 0 0 0 0 0 0 0 0 0 2 0 0 0 0 0 0 0 0 0 0 0 0 2 86 0 2 50 2 30 0 0 0 0 0 0 0 0 0 0 0 0 0 0 0 0 0 0 0 0 0 0 0 9 0 0 0 0 0 0 0 0 0 0 0 0 0 1 
 375 487 269 125 538 391 141 147 394 0 353 208 56 442 369 264 147 70 115 207 0 0 5 0 0 0 2 0 0 4 2 0 2 0 0 0 0 2 76 0 0 0 0 3 0 3 0 0 0 0 0 2 0 0 2 0 2 0 0 0 2 0 0 2 0 3 0 0 3 0 3 0 0 0 0 0 3 3 2 0 10 14 40 38 0 14 0 4 10 0 35 18 0 12 40 18 14 19 0 18 1 0 0 0 0 0 0 0 0 0 1 0 19 0 11 39 0 0 29 15 2 0 0 0 0 0 0 0 0 0 0 0 0 0 0 2 0 0 15 0 0 0 0 0 0 0 6 0 0 0 0 0 10 0 0 0 0 0 0 0 15 33 28 29 16 44 2 11 45 53 2 60 0 13 1 25 1 36 0 0 1 0 0 0 0 0 16 0 0 0 0 0 10 1 0 0 0 0 13 10 0 1 12 0 0 0 2 1 0 0 0 0 0 0 2 0 0 0 0 0 0 0 0 0 0 0 0 0 0 2 13 0 0 33 0 0 0 0 0 0 0 12 0 0 0 0 0 0 5 135 3 8 0 0 0 0 0 0 0 0 0 0 0 0 0 0 0 0 0 0 0 0 0 0 0 32 0 0 0 0 0 0 0 0 0 0 0 0 0 0 
 248 293 121 200 94 79 38 53 146 353 0 64 17 119 224 439 215 193 27 383 0 0 3 1 0 0 2 0 1 3 2 61 49 73 2 0 1 2 82 1 0 0 0 3 0 3 0 0 2 0 6 4 0 0 2 0 2 0 0 0 2 4 3 2 0 3 0 0 3 0 3 1 0 0 0 0 3 3 2 0 14 23 32 12 51 2 15 0 11 34 37 30 11 17 1 14 0 34 0 20 8 0 5 0 0 0 0 0 0 0 0 0 14 0 0 13 0 0 69 0 0 0 0 0 0 0 0 0 0 0 0 0 0 0 0 0 0 0 0 0 0 0 0 0 0 0 4 0 0 0 0 0 2 0 0 0 0 0 0 0 0 28 0 0 79 6 0 0 17 14 10 25 0 15 22 0 2 14 0 15 0 0 14 10 0 0 10 14 0 0 0 0 0 0 0 10 0 0 22 21 0 0 0 0 0 0 0 0 0 0 0 0 0 0 0 0 0 0 0 0 0 0 0 0 0 0 0 0 0 0 0 0 0 0 13 0 0 0 0 0 0 10 11 0 0 0 86 0 2 89 0 7 0 0 0 0 0 0 0 0 0 0 0 0 0 0 0 0 0 0 0 0 0 0 0 0 0 0 0 0 0 0 0 0 0 0 0 0 0 0 
 366 142 169 234 52 338 204 264 143 208 64 0 42 126 217 221 151 122 56 42 0 1 3 0 1 74 2 0 2 3 3 1 34 231 0 0 0 1 82 34 1 0 0 3 0 3 1 0 0 0 3 1 0 0 5 0 4 0 0 0 2 0 1 2 0 11 0 0 22 0 3 0 0 0 0 3 3 5 2 0 0 0 10 23 1 29 0 0 2 5 28 43 0 0 0 0 33 11 0 0 5 14 0 0 13 0 19 0 0 2 0 1 67 17 20 34 0 3 29 38 0 1 0 0 0 0 0 0 2 0 0 0 0 0 0 0 0 0 0 0 0 0 0 0 0 0 0 0 0 4 0 0 2 0 0 0 0 0 0 4 0 0 0 6 1 6 0 9 20 18 32 46 0 0 0 6 14 0 2 0 29 8 21 0 0 0 24 35 36 0 0 0 38 0 15 1 0 0 47 46 0 0 0 0 0 0 0 0 0 0 0 0 0 0 0 0 0 0 0 0 0 0 0 2 0 0 0 0 2 0 0 2 0 1 1 0 0 0 0 0 0 19 0 0 0 2 0 4 0 6 0 3 0 0 0 0 0 0 0 0 0 0 13 0 0 0 0 0 0 0 0 0 0 0 0 51 0 0 0 0 0 0 0 0 0 0 0 0 0 0 
 86 57 110 82 181 38 210 220 158 56 17 42 0 84 46 128 63 25 412 158 0 6 3 0 2 0 2 0 0 205 2 0 1 0 0 0 0 0 74 0 0 0 0 3 0 3 0 0 0 0 0 2 0 0 4 0 2 0 0 0 3 0 0 2 0 3 0 0 3 0 3 0 0 0 0 0 3 3 2 0 64 26 16 0 0 0 0 21 9 0 12 0 24 17 2 0 0 1 54 59 0 2 0 0 0 0 0 10 0 0 1 0 0 0 0 0 2 0 0 0 2 0 0 0 0 0 0 0 0 22 0 0 0 0 0 0 0 0 0 0 0 0 0 0 0 0 0 0 0 0 0 0 0 0 0 0 1 0 2 0 31 22 5 3 0 26 16 0 0 0 10 0 23 23 1 0 10 16 22 0 0 0 0 0 0 0 0 0 0 0 0 0 0 1 0 0 11 0 0 2 0 0 0 0 0 0 0 0 0 0 0 0 1 0 2 0 0 0 0 0 0 0 0 0 0 0 0 0 0 0 0 0 0 0 0 0 0 0 0 0 0 0 0 0 0 1 0 2 1 87 0 22 5 11 0 0 0 0 0 0 0 0 0 0 0 0 0 0 0 0 0 0 0 0 0 0 8 1 0 0 0 0 0 0 0 0 0 0 0 0 
 63 63 280 349 382 120 331 179 255 442 119 126 84 0 69 93 436 255 117 121 0 0 2 0 0 0 2 0 0 3 2 0 0 0 0 0 0 0 1 0 0 0 1 3 0 2 0 0 0 0 0 5 0 0 2 0 2 0 0 0 3 0 0 2 0 3 0 0 3 0 3 37 0 0 0 0 3 3 2 0 42 31 15 18 0 31 33 30 1 28 0 24 33 44 25 10 29 0 3 46 0 0 0 0 0 0 0 0 0 0 0 11 0 0 0 33 14 0 0 11 0 0 0 0 0 0 0 0 0 0 0 0 0 0 0 0 0 0 0 0 0 0 0 0 0 0 0 0 0 3 0 0 0 0 0 0 1 0 0 0 33 18 5 10 0 27 1 24 9 16 20 11 15 44 27 13 7 9 0 9 0 0 0 0 0 0 40 1 0 0 0 0 22 0 12 0 0 0 0 0 1 0 0 0 0 0 0 6 0 0 0 0 0 0 0 0 0 0 2 0 0 0 0 0 0 0 0 11 0 0 0 0 0 0 0 0 0 0 0 0 0 1 0 0 0 2 1 0 103 88 2 16 1 0 0 0 0 0 0 0 0 0 0 0 0 0 0 0 0 0 0 0 0 0 0 23 0 1 0 0 0 0 0 0 0 0 0 0 0 0 
 405 274 142 171 167 141 143 92 165 369 224 217 46 69 0 85 45 208 74 121 0 0 6 3 0 2 4 11 1 7 6 1 0 0 0 4 5 4 78 70 0 0 9 72 12 3 0 20 0 1 5 3 0 0 2 4 4 1 1 12 3 0 3 5 2 6 0 0 4 5 9 3 0 0 0 0 3 5 2 0 19 0 9 27 18 24 26 18 16 8 22 3 1 0 0 33 11 16 14 20 0 0 0 17 0 0 0 0 0 0 0 0 3 2 4 0 0 0 15 21 0 0 0 0 0 0 0 0 0 0 0 0 0 0 0 0 0 0 0 0 15 0 1 16 0 15 8 0 0 0 0 0 0 1 1 0 0 0 0 0 10 71 0 9 34 26 2 15 0 26 56 14 1 0 20 24 42 0 0 7 32 0 0 0 0 0 0 0 0 0 0 0 26 0 0 0 0 0 0 4 0 0 10 0 0 1 0 0 0 0 0 0 0 0 0 2 0 0 0 0 0 2 0 0 0 0 0 0 0 0 0 0 2 0 0 0 0 0 0 0 0 0 0 0 0 0 90 0 0 128 0 6 0 0 0 0 0 0 1 0 9 0 0 0 0 0 0 0 0 0 2 0 0 0 0 21 9 0 0 0 0 0 0 0 0 0 0 0 0 0 
 126 95 449 285 90 182 120 138 421 264 439 221 128 93 85 0 262 258 177 101 0 5 5 74 0 0 5 0 2 6 77 5 77 0 0 2 5 3 0 99 0 2 0 3 0 5 2 0 0 0 0 3 0 0 2 0 2 3 3 0 3 0 0 3 0 4 3 0 3 0 3 0 1 0 0 0 3 2 3 0 24 17 39 3 1 19 7 0 19 24 21 22 14 11 15 16 0 33 0 22 16 0 0 0 0 0 0 0 0 2 0 0 17 15 0 0 0 0 21 2 0 0 0 0 0 0 0 0 2 0 0 0 0 0 0 0 0 0 0 0 0 0 0 0 0 0 0 0 0 0 0 0 17 0 0 0 0 0 0 13 0 2 0 8 2 37 0 13 23 1 19 13 0 10 0 7 14 31 2 10 22 0 1 0 0 0 45 8 0 0 0 0 28 0 0 0 0 0 6 9 0 0 0 0 0 0 0 0 0 0 0 0 0 0 0 0 0 0 0 0 0 0 0 2 0 0 0 0 2 0 0 2 0 0 21 0 0 0 0 0 0 0 0 0 0 1 1 4 1 95 2 11 0 0 0 0 0 0 0 0 73 0 0 0 0 0 0 0 0 0 4 0 0 0 0 17 10 0 0 0 0 0 0 0 0 0 0 0 0 0 
 67 207 38 50 153 71 518 263 196 147 215 151 63 436 45 262 0 269 246 261 0 1 3 0 2 1 2 0 0 3 5 3 0 0 0 0 4 3 0 0 0 0 0 3 3 6 0 0 0 0 1 3 0 0 2 0 2 2 0 0 2 0 0 2 0 5 0 0 3 0 3 52 0 0 0 0 3 3 2 0 89 54 15 71 16 11 38 29 10 18 10 21 19 29 12 2 16 30 0 81 0 0 0 0 0 0 0 0 0 0 0 0 0 0 0 0 0 0 0 13 0 14 0 0 0 0 0 0 0 0 0 0 0 0 0 0 0 0 0 1 0 0 1 0 0 0 0 7 0 0 0 2 0 0 0 0 5 0 0 0 12 38 1 25 26 26 0 54 21 22 22 17 0 32 38 18 0 0 0 26 0 0 0 0 0 0 1 0 0 0 0 0 27 0 0 0 0 0 0 0 0 0 1 0 0 0 11 0 0 0 0 0 0 0 0 0 0 0 0 0 0 0 0 0 0 0 0 0 0 0 0 0 0 0 0 0 2 0 0 0 0 0 0 0 0 1 109 1 45 184 11 10 0 0 0 0 0 0 0 0 0 0 0 0 0 0 0 0 0 0 0 0 0 0 0 21 0 63 0 0 0 0 0 0 0 0 0 0 0 0 
 172 240 184 434 340 110 105 31 160 70 193 122 25 255 208 258 269 0 51 252 0 3 5 0 0 75 2 3 0 5 2 2 3 78 0 2 4 2 2 44 0 0 0 3 0 6 3 0 0 2 10 11 3 3 3 0 2 3 1 0 2 0 0 3 0 3 0 0 4 0 3 0 6 0 4 0 3 5 4 0 12 31 12 51 24 35 19 0 25 42 28 42 37 19 15 37 15 31 0 24 17 0 0 0 0 0 0 0 0 0 0 0 42 10 0 15 0 21 16 39 0 0 0 0 0 0 0 0 0 0 0 0 0 0 1 0 0 0 0 0 0 0 0 0 0 0 10 0 0 0 0 4 9 0 0 0 0 0 0 0 0 23 0 8 0 40 8 11 20 48 44 12 0 17 11 12 25 0 0 13 18 18 24 0 0 0 15 25 0 0 0 0 15 0 0 0 0 0 10 33 0 9 0 0 0 0 0 0 0 0 0 0 0 0 0 0 0 0 0 0 0 0 12 0 0 0 0 0 0 0 0 0 0 0 0 0 0 0 0 0 0 0 0 0 0 0 90 0 0 47 2 9 0 0 0 0 0 0 0 0 0 0 0 0 0 0 0 0 0 0 0 0 0 0 0 12 0 0 0 0 0 0 0 0 0 0 0 0 0 0 
 46 47 36 83 266 45 129 417 225 115 27 56 412 117 74 177 246 51 0 306 5 0 5 0 10 0 2 0 0 4 2 0 0 0 0 0 0 3 0 0 0 0 0 3 0 3 0 0 0 0 0 2 0 0 2 0 6 0 0 0 2 0 0 2 0 43 0 0 34 0 3 0 0 2 0 0 3 3 2 0 16 28 20 0 0 0 0 0 19 0 9 0 0 22 0 0 13 3 2 56 0 0 0 0 0 0 0 0 0 0 0 0 0 0 0 0 0 0 2 8 0 0 0 1 0 0 0 0 1 0 0 0 0 0 0 0 0 0 0 0 0 0 0 0 0 0 0 0 0 0 0 0 2 0 0 1 1 1 0 0 41 0 1 0 0 0 11 0 0 0 0 0 28 33 0 0 0 0 22 11 0 0 0 0 0 0 0 0 0 0 0 0 0 0 0 0 0 0 0 0 0 0 0 0 0 0 0 0 0 0 0 0 0 0 0 0 0 0 0 0 0 0 0 0 0 0 0 0 0 0 0 0 0 0 0 2 0 0 0 0 0 0 0 0 0 2 0 2 0 92 1 7 0 0 0 0 0 0 0 0 0 0 0 0 0 0 0 0 0 0 0 0 0 0 0 0 2 3 0 0 0 0 0 0 0 0 0 0 0 0 
 63 69 63 156 101 58 145 120 397 207 383 42 158 121 121 101 261 252 306 0 1 3 3 0 0 0 2 0 0 6 2 0 2 0 0 2 0 1 0 0 4 2 0 3 0 3 0 0 0 0 6 1 0 0 2 0 2 0 0 0 3 0 0 2 0 6 0 0 3 0 11 0 0 0 0 0 3 3 6 0 37 23 1 36 0 0 59 29 1 22 0 17 24 49 14 73 1 1 0 13 0 0 0 0 0 0 0 0 19 0 0 0 0 0 0 0 0 0 0 0 0 0 0 0 0 0 0 0 0 0 0 0 0 0 0 0 0 0 0 0 0 0 11 0 0 0 0 0 0 0 0 0 0 0 0 0 0 0 0 0 0 13 13 19 0 8 9 16 9 11 8 1 0 90 2 8 0 16 0 25 0 0 0 0 0 0 0 0 0 0 0 0 0 0 0 0 0 0 0 0 0 0 0 0 0 0 0 0 0 0 0 0 0 0 0 0 0 0 7 0 0 0 0 0 0 0 0 0 0 0 0 0 0 0 0 0 0 7 0 0 0 0 0 0 0 2 17 2 91 3 0 9 0 0 0 0 0 0 0 0 0 0 0 0 0 0 0 0 0 0 0 0 0 0 0 0 11 0 0 0 0 0 0 0 0 0 0 0 0 0 
 0 0 0 0 0 0 0 0 0 0 0 0 0 0 0 0 0 0 5 1 0 121 219 224 106 94 225 218 108 134 334 79 214 60 121 82 77 228 112 266 1 0 0 1 0 3 0 0 2 8 3 5 3 0 4 0 3 0 70 0 0 0 2 0 0 0 0 0 0 0 0 5 6 2 0 69 0 0 0 0 0 0 2 0 0 0 0 0 0 0 2 0 0 0 0 0 0 0 1 0 18 82 8 3 10 11 14 30 62 19 3 7 0 20 31 1 11 25 0 0 0 0 0 0 0 21 0 0 0 0 12 0 14 0 0 0 0 0 1 0 2 2 0 2 0 0 0 0 2 0 0 0 0 16 0 0 0 0 0 2 0 0 0 0 0 0 0 0 30 0 0 0 0 20 0 0 0 0 0 0 0 35 40 0 0 0 21 38 13 27 16 20 17 23 25 26 28 41 22 0 0 0 0 0 0 0 14 0 0 24 0 0 10 0 0 0 0 0 12 26 0 0 0 0 0 0 0 0 0 0 0 0 1 0 0 0 0 0 0 0 0 0 0 0 0 0 0 0 0 0 0 0 0 0 6 0 0 1 0 1 22 0 0 0 0 0 0 1 0 0 0 0 0 11 0 0 0 0 0 7 0 10 0 0 0 0 0 0 0 0 
 0 0 3 1 0 0 0 1 0 0 0 1 6 0 0 5 1 3 0 3 121 0 312 436 269 31 276 270 54 29 510 324 30 24 51 140 28 181 23 227 0 0 0 0 0 3 0 0 0 0 3 0 64 0 7 8 3 3 68 8 0 0 5 0 0 0 3 58 0 3 0 5 0 7 0 0 40 1 0 0 0 0 0 0 0 0 0 0 0 0 0 0 0 0 0 0 0 0 0 0 0 15 28 28 32 31 0 27 64 23 9 24 0 0 19 10 6 41 0 0 0 0 0 0 0 0 0 17 0 0 2 0 28 0 21 0 0 0 1 0 0 8 0 1 0 0 0 0 3 0 0 0 0 34 0 0 0 0 0 0 0 0 0 0 0 0 0 0 0 0 0 0 0 0 0 0 0 0 0 0 12 28 72 21 22 19 0 17 37 35 22 31 0 0 40 0 42 20 0 0 13 0 0 0 0 11 16 0 0 0 0 0 28 0 8 8 0 0 31 45 2 0 0 0 0 0 0 0 0 0 0 0 0 0 0 0 0 0 0 0 0 0 5 0 0 0 0 0 0 0 0 0 0 0 3 17 2 79 77 16 4 0 0 0 0 0 0 0 0 0 0 0 0 0 0 0 0 0 0 10 0 12 0 0 0 0 0 0 0 0 
 4 3 2 3 2 3 3 2 3 5 3 3 3 2 6 5 3 5 5 3 219 312 0 278 106 29 346 230 166 404 144 181 74 247 216 44 47 159 29 124 4 0 1 0 23 0 0 0 0 0 6 0 1 0 2 0 3 0 0 0 0 0 5 0 0 0 0 0 0 3 0 8 0 9 0 0 15 0 0 6 0 0 0 0 0 14 0 0 44 0 2 0 0 0 0 0 0 0 1 0 0 11 5 21 13 32 14 26 42 32 42 0 0 50 37 18 51 48 20 0 0 0 0 0 0 0 0 0 0 0 0 0 1 0 0 0 0 0 42 2 2 10 0 3 0 0 0 0 0 0 0 0 0 19 0 0 0 0 0 0 0 0 0 0 0 0 0 0 0 2 0 1 0 0 0 12 0 0 0 0 12 11 52 12 15 0 0 2 32 53 10 33 0 38 44 0 14 14 0 17 17 0 0 0 0 0 12 0 0 0 0 0 14 0 0 0 0 0 21 16 0 0 0 0 0 0 0 0 0 0 16 0 0 0 0 0 0 0 0 0 0 0 0 0 0 0 0 0 2 0 0 0 0 4 0 0 1 95 78 0 0 0 0 0 0 0 0 0 0 0 0 0 0 0 0 0 0 0 0 13 0 3 0 0 9 0 0 0 0 0 
 0 0 0 0 0 0 0 0 0 0 1 0 0 0 3 74 0 0 0 0 224 436 278 0 169 58 270 171 134 208 367 200 199 79 426 124 45 138 80 163 0 0 0 0 0 0 0 63 2 7 3 0 1 0 2 0 3 0 28 0 0 0 4 0 0 0 0 0 0 5 0 6 0 0 0 0 4 0 0 0 0 0 0 2 1 29 0 0 9 0 0 0 0 0 0 0 0 0 0 0 15 36 19 16 0 29 0 25 18 14 60 3 0 0 30 16 15 27 12 0 0 0 0 0 0 0 0 0 10 0 0 0 11 0 0 1 0 0 0 1 0 0 0 0 0 0 0 0 0 0 0 0 2 0 0 1 0 0 0 0 0 0 1 0 1 0 0 0 0 0 0 0 0 0 0 1 0 11 0 0 15 14 27 0 4 0 13 15 30 50 28 1 2 17 11 0 23 9 0 0 0 0 0 0 0 1 9 0 0 0 0 0 11 1 1 0 0 0 28 14 0 0 0 0 0 0 0 0 1 0 0 0 0 0 24 0 0 0 0 0 0 0 0 0 0 0 0 0 0 0 0 0 0 2 6 1 0 1 82 0 2 0 1 0 0 0 1 0 0 0 0 0 0 0 3 0 0 0 0 0 0 0 0 0 0 0 8 0 0 0 
 0 0 0 0 0 2 0 0 0 0 0 1 2 0 0 0 2 0 10 0 106 269 106 169 0 112 51 80 77 85 427 34 92 88 74 119 42 49 67 91 0 0 8 62 0 0 63 80 0 0 3 0 0 0 2 30 66 7 63 67 0 0 2 0 0 0 0 0 0 2 0 5 0 0 0 0 0 1 0 0 0 0 0 0 0 0 0 0 0 0 0 0 0 0 0 0 0 2 0 0 0 0 18 24 9 22 0 0 17 20 10 0 0 0 32 11 0 13 0 0 12 0 16 0 10 0 10 16 0 2 0 11 0 35 11 9 0 9 0 18 0 9 0 3 0 0 0 0 0 0 0 0 0 23 0 0 0 0 0 0 0 0 0 4 0 0 0 0 0 0 0 0 0 0 0 0 7 0 0 0 0 12 0 6 34 23 0 23 0 23 10 58 0 0 12 13 1 0 9 0 0 1 25 11 0 0 29 17 0 0 0 0 33 16 15 0 10 0 16 4 0 0 0 0 0 0 0 0 0 0 0 0 0 0 0 0 13 0 0 0 0 0 8 0 0 0 0 0 0 0 0 0 0 0 11 0 0 78 44 2 0 0 0 0 0 7 0 0 0 0 0 0 0 0 0 0 0 0 0 0 0 10 0 0 0 0 9 0 0 0 
 7 2 226 0 0 2 0 0 0 0 0 74 0 0 2 0 1 75 0 0 94 31 29 58 112 0 26 328 344 85 91 93 32 53 72 99 144 117 39 45 1 0 3 3 0 0 124 65 68 63 6 0 67 0 2 62 74 0 104 1 0 28 4 0 3 0 0 2 0 0 0 8 0 0 39 3 0 4 0 0 0 0 0 14 0 9 0 0 0 7 0 2 0 0 0 0 0 0 0 0 13 13 0 0 24 12 0 0 0 0 0 7 12 0 0 0 7 12 0 1 2 24 0 13 14 0 18 13 2 22 0 13 57 19 19 30 14 10 4 8 0 0 0 0 0 6 0 0 0 0 0 2 1 0 3 6 0 0 0 0 0 0 0 0 0 8 0 0 0 0 0 0 0 0 2 2 1 0 0 0 12 1 12 18 11 25 11 0 0 2 12 28 1 0 0 0 12 3 0 0 0 9 25 0 0 2 13 15 3 26 9 33 11 14 13 1 19 0 5 4 0 0 1 0 0 0 0 0 1 0 0 0 0 0 0 0 0 0 0 1 0 0 0 0 0 0 0 0 0 0 0 0 0 1 12 0 0 0 7 0 1 0 0 0 0 0 0 0 0 0 17 0 0 0 0 0 0 0 0 0 0 0 0 0 9 0 0 0 0 0 
 2 2 6 2 75 2 2 2 2 2 2 2 2 2 4 5 2 2 2 2 225 276 346 270 51 26 0 186 519 173 324 174 215 355 147 340 48 101 57 156 0 0 0 0 0 0 4 0 1 5 5 3 0 0 2 0 3 3 2 0 0 0 7 0 0 0 0 0 0 8 0 5 3 34 0 0 11 0 0 0 0 0 0 0 0 0 1 0 0 0 0 0 0 0 0 0 0 0 0 0 25 67 0 22 22 18 0 71 33 75 7 18 0 18 19 12 21 29 0 0 0 0 0 0 0 0 0 3 0 0 0 0 7 0 0 0 0 0 17 0 0 0 0 0 0 0 0 0 0 0 0 0 0 0 0 0 0 0 0 0 0 0 0 0 0 0 0 0 1 0 23 0 0 0 0 0 30 0 0 0 24 31 61 10 10 7 14 15 30 47 20 0 9 29 33 10 21 49 0 0 0 0 10 0 0 0 0 0 0 0 0 0 1 0 0 0 0 0 21 15 0 2 0 0 0 0 0 0 0 0 0 0 0 0 0 0 0 0 0 0 0 0 0 0 0 0 0 0 0 0 0 0 0 0 8 0 4 81 1 0 0 19 0 0 0 0 0 0 0 0 0 0 0 0 0 0 0 0 0 11 0 0 0 0 2 0 0 0 0 0 
 0 1 0 76 0 77 1 0 0 0 0 0 0 0 11 0 0 3 0 0 218 270 230 171 80 328 186 0 461 58 147 320 207 79 247 330 68 140 154 150 0 0 0 0 0 0 0 0 2 5 3 0 0 0 2 0 4 0 244 0 0 0 2 0 0 0 0 0 0 0 0 5 0 0 0 0 0 0 0 2 1 2 1 0 18 8 0 0 0 18 0 0 0 2 0 0 0 0 0 0 18 10 0 22 7 13 0 22 11 11 16 2 0 9 20 19 20 36 12 0 0 0 0 0 0 0 0 0 2 0 0 0 9 0 0 0 0 0 23 0 0 0 0 1 0 1 0 1 0 0 0 0 0 0 0 0 0 0 0 0 0 0 0 0 19 0 0 0 1 0 0 0 0 0 0 0 0 0 0 0 12 21 22 12 3 25 51 2 20 21 13 14 0 13 1 0 30 29 18 1 1 0 0 0 0 0 0 0 0 0 0 0 0 0 0 23 0 0 28 20 0 0 0 0 0 0 16 0 0 0 0 0 0 2 0 0 0 0 20 0 0 0 0 0 0 0 0 0 0 0 0 0 0 0 10 0 4 0 1 2 4 1 0 0 0 0 0 0 0 0 0 0 0 0 0 0 2 0 0 1 0 2 0 1 0 0 0 0 0 0 
 0 2 0 2 0 1 0 0 0 0 1 2 0 0 1 2 0 0 0 0 108 54 166 134 77 344 519 461 0 263 268 114 448 101 247 287 221 310 190 143 0 0 0 0 0 0 1 0 1 13 3 0 116 0 2 0 3 1 9 0 0 0 2 46 0 0 33 0 0 0 0 3 0 0 4 0 0 6 0 0 0 0 0 0 0 43 0 0 0 0 0 0 0 0 0 0 0 0 0 0 25 25 0 26 19 1 0 53 2 34 40 27 0 19 0 13 7 0 18 19 0 1 2 0 0 0 0 0 0 0 0 0 12 0 20 34 0 0 57 9 0 2 0 0 0 0 0 0 0 4 0 0 0 0 0 0 0 0 0 0 0 0 0 0 0 0 0 0 0 0 0 0 0 0 0 0 0 0 0 0 30 41 1 25 21 56 20 0 63 12 18 8 0 40 10 14 12 29 0 20 14 0 0 0 0 0 40 0 0 0 0 18 0 0 0 0 0 0 20 14 0 0 0 0 0 0 0 0 0 0 0 0 0 0 0 0 0 0 0 0 0 0 0 0 0 1 0 0 0 0 0 0 0 0 8 0 1 26 0 0 1 25 0 0 0 0 0 0 0 0 0 0 0 0 0 0 0 0 0 11 0 0 0 0 0 20 0 0 0 0 
 3 3 5 3 3 3 3 3 3 4 3 3 205 3 7 6 3 5 4 6 134 29 404 208 85 85 173 58 263 0 326 123 150 138 151 371 281 142 245 180 0 0 0 0 0 2 0 64 0 8 3 5 0 0 2 0 3 0 5 3 0 0 4 0 0 0 0 0 0 45 0 3 0 4 0 0 6 1 0 0 0 0 1 0 0 0 0 0 0 0 0 0 0 0 0 0 0 0 2 0 20 32 0 81 15 38 0 46 18 19 19 8 0 20 19 10 13 19 0 20 0 0 0 0 0 0 0 2 17 0 0 0 0 0 0 0 0 0 28 1 1 0 0 0 0 0 0 0 2 12 0 0 0 0 0 0 0 0 0 1 0 0 0 0 0 0 0 0 0 1 0 2 0 0 0 17 0 0 0 0 25 54 18 11 8 0 26 0 53 15 9 0 0 21 27 19 1 24 1 20 0 0 0 0 0 0 10 0 0 0 18 0 13 0 1 0 0 10 26 2 0 0 0 0 0 0 0 0 0 0 0 0 0 0 0 0 0 0 0 0 0 0 0 0 0 0 1 0 0 0 0 0 0 0 9 0 0 51 74 0 5 26 69 2 0 0 0 0 0 0 0 0 0 0 0 0 0 0 0 11 0 0 0 0 0 14 0 0 0 0 
 2 8 4 2 2 2 2 2 2 2 2 3 2 2 6 77 5 2 2 2 334 510 144 367 427 91 324 147 268 326 0 347 86 36 144 595 236 214 309 293 0 2 0 0 0 0 2 66 1 8 6 5 62 0 2 0 3 0 21 0 0 0 3 0 0 0 0 0 0 0 0 3 0 0 2 0 0 4 0 4 0 0 0 0 0 20 0 0 0 0 0 0 0 0 0 0 0 2 11 0 34 24 27 9 0 9 10 19 19 25 16 36 0 0 0 0 0 0 0 0 0 0 10 1 0 0 2 0 9 0 0 0 0 13 14 0 1 0 8 8 0 23 0 3 0 0 0 0 12 0 0 0 0 9 0 0 0 0 0 0 0 0 0 0 0 0 0 0 0 0 0 0 1 0 0 0 0 0 2 0 10 36 0 25 1 0 38 0 19 28 0 26 0 16 2 29 0 16 3 0 1 0 0 0 0 0 64 0 0 0 0 0 27 0 0 24 0 0 36 9 0 0 0 0 0 0 0 0 0 0 0 0 0 0 0 0 0 0 0 0 0 0 0 0 0 2 0 0 0 0 0 0 0 0 3 0 1 244 75 2 4 2 0 0 0 0 0 0 0 0 0 0 0 0 0 0 0 0 0 0 0 10 0 0 0 8 25 0 0 0 
 0 1 2 0 2 0 84 0 0 0 61 1 0 0 1 5 3 2 0 0 79 324 181 200 34 93 174 320 114 123 347 0 45 38 24 38 148 212 36 248 65 24 1 1 0 0 64 2 65 2 3 0 61 0 2 65 3 0 124 3 0 0 3 0 0 0 0 0 2 0 2 5 0 0 7 2 0 1 0 0 0 0 0 0 0 0 0 0 0 0 0 0 0 0 0 0 0 2 0 0 2 47 24 22 54 11 0 4 20 10 1 11 0 0 0 10 4 1 0 0 0 0 1 1 0 0 2 17 0 0 0 12 44 20 23 9 5 0 29 8 0 0 0 0 0 0 0 0 0 0 0 0 0 0 0 12 0 0 2 0 0 0 0 0 0 0 0 0 0 0 0 0 1 0 0 0 0 0 2 0 0 15 0 23 11 11 0 13 23 9 25 20 0 0 17 11 34 32 0 0 1 20 0 0 0 0 13 16 0 9 0 10 1 0 12 0 24 0 10 43 0 0 0 0 0 0 0 0 0 0 0 0 0 0 0 0 0 0 0 0 0 0 8 0 0 3 0 0 0 0 0 0 0 0 5 1 2 1 38 0 2 0 0 0 0 0 0 0 0 0 1 0 0 0 0 0 0 0 0 39 0 0 0 0 0 0 0 0 0 0 
 2 78 0 75 3 1 0 0 1 2 49 34 1 0 0 77 0 3 0 2 214 30 74 199 92 32 215 207 448 150 86 45 0 282 38 121 113 114 514 146 0 0 0 0 0 2 0 0 5 8 3 2 3 4 2 2 6 2 4 3 0 0 2 0 0 0 0 0 0 0 0 4 58 0 0 0 0 0 1 0 0 0 11 0 23 45 0 0 0 11 1 72 0 0 12 0 0 1 2 0 35 40 10 0 0 0 36 9 2 17 2 0 1 18 1 14 9 0 13 22 0 0 0 0 0 0 0 0 0 0 0 0 1 0 5 0 0 0 0 0 0 0 0 0 0 0 10 19 3 6 0 0 2 0 0 0 0 0 0 4 0 0 0 1 12 4 0 1 20 0 0 19 0 0 0 0 0 0 0 0 15 19 34 9 0 0 8 52 41 11 0 19 2 21 30 30 0 11 43 27 0 0 0 0 0 0 0 0 0 0 0 0 0 0 0 0 0 0 13 0 0 0 0 0 0 0 0 0 0 0 0 0 0 0 0 0 0 0 0 0 0 0 0 0 0 0 0 0 0 0 0 0 0 0 0 0 1 0 0 0 2 2 0 0 0 0 0 0 0 0 0 0 0 0 0 2 0 0 0 0 0 0 0 0 1 0 0 0 0 0 
 0 0 73 0 0 162 0 0 75 0 73 231 0 0 0 0 0 78 0 0 60 24 247 79 88 53 355 79 101 138 36 38 282 0 160 26 39 21 227 197 6 0 0 0 0 0 0 0 0 26 3 0 0 0 2 0 3 0 0 0 0 0 7 0 54 0 0 0 0 0 0 5 0 0 0 0 0 0 0 0 0 0 0 0 0 0 0 0 9 0 0 0 0 0 0 0 15 0 0 0 0 42 15 0 1 2 51 36 32 20 16 14 28 37 18 26 3 1 0 24 0 0 0 0 0 22 0 2 0 0 0 0 26 0 0 0 0 2 0 0 0 0 0 0 0 0 0 7 0 8 0 0 0 0 0 7 8 0 0 5 2 0 0 0 10 0 0 0 2 0 0 0 0 0 0 0 0 0 0 0 32 3 1 0 0 0 16 6 16 0 14 0 38 26 0 15 12 2 20 58 0 0 0 0 0 0 0 0 0 0 0 0 0 0 0 0 0 21 0 0 0 0 0 0 0 2 0 0 0 0 0 0 0 0 0 0 1 0 0 1 0 0 0 0 0 0 0 0 0 0 0 0 0 0 2 0 0 0 0 2 11 0 4 0 0 0 8 0 0 0 0 0 0 0 0 0 0 0 0 0 0 0 0 0 0 0 0 0 0 0 
 0 0 0 73 0 73 0 2 0 0 2 0 0 0 0 0 0 0 0 0 121 51 216 426 74 72 147 247 247 151 144 24 38 160 0 50 51 177 263 225 0 0 3 0 3 0 0 0 3 0 3 0 0 0 4 0 3 0 2 0 47 2 3 0 0 0 0 0 2 51 2 3 0 0 0 0 0 0 0 0 0 0 0 0 19 12 0 0 0 20 0 0 0 0 0 0 0 0 0 0 8 13 0 31 34 1 0 5 11 17 22 0 0 22 8 11 44 9 15 0 0 0 0 0 0 6 0 0 0 0 0 0 1 0 0 0 0 0 4 0 0 0 0 0 0 0 0 0 0 0 0 0 0 0 0 0 0 0 0 0 17 0 0 0 20 0 0 0 2 0 0 0 0 0 0 0 0 0 0 0 11 16 24 9 0 0 16 0 33 0 19 0 27 19 14 0 26 24 20 1 0 0 0 0 0 0 0 0 0 0 0 0 0 0 0 0 0 0 11 1 0 0 0 0 0 0 0 0 0 0 0 0 0 0 0 0 0 0 0 0 0 0 0 0 0 2 0 0 0 0 0 1 0 0 6 0 0 3 0 0 9 14 0 0 0 0 0 0 0 0 2 0 0 16 0 0 0 0 0 36 0 0 0 0 0 20 0 0 0 0 
 0 0 0 1 77 0 0 0 0 0 0 0 0 0 4 2 0 2 0 2 82 140 44 124 119 99 340 330 287 371 595 38 121 26 50 0 157 133 103 81 1 0 0 0 0 0 0 0 1 4 5 3 65 0 2 0 3 0 2 0 0 0 2 0 0 0 0 1 0 6 0 3 0 1 0 0 55 1 0 0 0 0 0 0 0 0 0 0 0 0 0 9 0 0 0 0 0 0 0 0 19 10 10 16 11 0 12 35 0 43 9 65 0 0 31 11 0 0 0 17 9 0 0 0 0 0 0 2 0 0 0 0 12 11 23 1 1 0 11 0 0 3 0 0 0 0 0 0 6 0 0 0 0 3 0 0 0 0 7 1 0 0 0 0 0 0 0 0 0 0 18 0 0 0 0 0 0 0 0 2 0 35 1 0 15 24 30 13 0 30 0 19 0 8 19 24 1 18 0 0 83 0 0 0 0 0 0 0 0 0 1 0 10 0 0 5 0 0 27 1 0 0 0 2 0 0 0 0 0 0 0 0 0 0 0 0 0 0 0 0 0 0 0 0 0 0 0 0 0 0 0 0 0 0 9 0 0 77 1 1 4 0 0 0 0 0 0 0 0 0 0 0 0 0 0 0 0 0 0 0 0 0 0 0 0 12 10 0 0 0 
 0 2 0 0 2 0 0 205 0 0 1 0 0 0 5 5 4 4 0 0 77 28 47 45 42 144 48 68 221 281 236 148 113 39 51 157 0 363 38 46 66 0 3 0 2 1 63 118 2 5 6 8 94 0 2 0 5 0 211 78 0 0 4 0 3 0 0 2 0 0 47 8 0 0 4 0 0 8 0 0 0 0 0 0 0 1 0 0 0 0 0 0 0 0 0 0 19 0 0 0 6 38 0 2 19 9 0 19 0 8 9 47 0 0 0 2 0 1 0 0 30 0 0 0 0 0 0 0 10 0 0 0 0 19 32 5 0 1 70 18 0 0 0 0 0 0 0 0 8 0 0 0 0 0 0 0 2 0 4 0 0 0 0 0 0 0 0 0 0 0 2 0 0 0 0 0 3 0 0 0 1 28 1 24 8 1 13 0 0 11 37 0 0 13 0 26 3 8 0 0 17 11 22 0 0 0 61 12 24 0 0 0 20 1 14 10 0 0 13 1 0 0 0 0 0 0 0 0 0 0 0 0 0 0 0 0 0 0 0 0 0 0 0 0 0 0 0 0 0 0 0 0 0 0 21 0 0 190 76 0 2 1 0 0 0 0 0 0 0 0 0 2 0 0 0 0 0 0 0 0 0 0 0 0 0 0 0 0 0 0 
 0 0 0 0 0 0 0 2 0 2 2 1 0 0 4 3 3 2 3 1 228 181 159 138 49 117 101 140 310 142 214 212 114 21 177 133 363 0 39 349 0 0 0 0 0 0 0 0 3 4 3 3 20 0 2 67 3 0 2 0 0 0 8 0 0 0 0 0 0 28 0 5 0 0 3 0 0 3 51 0 0 0 0 0 0 0 1 0 0 0 0 0 0 0 0 0 0 0 0 0 28 23 0 15 1 1 1 21 4 31 10 14 0 18 2 17 19 9 0 0 0 0 0 0 0 0 0 14 0 0 0 0 6 0 19 14 0 0 40 7 0 0 0 0 0 0 0 0 0 0 0 0 0 0 0 0 0 0 0 0 0 0 0 0 0 0 0 0 0 1 0 0 0 0 0 0 0 25 0 0 0 33 21 29 15 60 14 0 21 31 29 7 0 47 4 10 17 48 0 0 1 0 0 0 0 0 8 0 0 0 0 0 1 0 0 0 0 0 37 33 0 0 0 0 0 0 0 0 0 0 0 0 0 0 0 0 0 0 0 0 0 0 0 0 0 0 0 0 0 0 0 0 0 2 13 0 0 75 7 0 0 25 0 0 0 0 0 0 0 0 0 0 0 0 0 0 0 0 0 4 0 0 0 0 2 0 0 0 0 0 
 0 23 24 21 79 35 0 74 0 76 82 82 74 1 78 0 0 2 0 0 112 23 29 80 67 39 57 154 190 245 309 36 514 227 263 103 38 39 0 424 1 0 0 0 0 0 0 0 0 0 3 0 0 0 4 6 3 0 0 0 0 0 2 0 0 0 0 0 0 0 0 3 0 0 0 0 0 0 0 0 0 0 4 1 21 0 0 0 0 31 11 12 0 0 0 23 2 23 0 0 29 24 20 4 14 2 28 13 14 21 24 0 0 1 38 1 29 0 4 45 0 0 0 0 0 6 0 2 0 2 0 0 2 0 0 0 0 2 8 0 0 0 0 0 0 0 0 0 0 4 0 0 0 0 0 0 0 0 0 7 1 0 0 0 27 14 0 0 8 0 0 9 0 0 0 11 14 0 0 0 11 9 0 0 0 0 1 1 19 0 9 0 10 16 0 13 13 4 35 13 0 0 1 0 0 0 0 0 0 0 0 0 0 0 0 0 0 0 0 0 0 0 0 0 0 0 0 0 0 0 0 0 0 0 0 0 1 0 28 0 0 25 0 0 0 0 0 0 0 0 0 0 0 0 2 0 2 77 0 2 16 2 0 0 0 0 0 0 0 0 0 0 0 0 0 0 0 0 0 0 0 0 0 0 0 19 0 0 0 0 
 3 0 38 166 75 111 0 0 35 0 1 34 0 0 70 99 0 44 0 0 266 227 124 163 91 45 156 150 143 180 293 248 146 197 225 81 46 349 424 0 0 0 0 0 0 0 0 0 0 1 3 1 0 0 2 0 3 0 211 0 0 0 3 6 0 0 0 0 0 0 0 4 0 0 0 0 0 0 0 0 0 0 0 3 26 20 0 0 4 18 18 29 0 0 0 0 0 12 0 0 21 0 8 12 0 0 11 31 0 0 31 0 9 52 0 30 37 11 17 34 0 0 0 0 0 0 0 0 0 0 0 0 10 0 0 0 0 0 0 0 0 0 0 0 0 0 0 0 0 2 0 0 2 0 0 0 0 0 0 0 0 0 0 0 19 0 0 1 0 0 14 0 0 0 0 0 14 0 0 0 45 18 17 1 0 0 34 39 20 2 43 13 6 24 19 24 9 0 38 51 0 0 0 0 0 0 0 0 0 0 0 0 0 0 0 1 0 0 31 0 0 0 0 0 0 0 3 0 0 0 0 2 0 0 0 0 0 1 0 0 0 0 0 0 0 0 0 0 0 0 0 0 0 2 11 0 2 0 0 2 5 21 0 0 0 0 0 0 0 0 0 0 0 0 0 0 0 0 0 0 0 0 0 0 0 0 0 0 0 0 
 0 0 2 0 2 0 0 0 0 0 0 1 0 0 0 0 0 0 0 4 1 0 4 0 0 1 0 0 0 0 0 65 0 6 0 1 66 0 1 0 0 242 294 268 76 223 147 128 111 24 118 26 256 173 173 83 42 32 39 70 2 0 0 0 0 6 0 0 0 0 0 2 0 0 0 0 0 0 1 0 0 0 0 0 0 0 0 0 0 0 0 0 0 0 0 0 2 0 0 0 0 0 0 0 22 0 6 0 0 20 1 5 4 10 0 0 2 5 0 0 23 30 14 3 8 0 19 18 20 3 1 8 22 20 58 4 86 0 8 7 0 0 0 0 0 0 0 0 3 0 0 0 0 0 0 0 0 0 15 0 0 0 8 0 0 0 0 5 0 0 0 0 0 0 0 2 0 0 0 0 0 0 4 0 10 10 0 0 0 0 0 0 5 0 0 0 0 0 5 6 25 51 15 11 1 0 33 23 41 20 13 9 0 30 4 15 0 0 0 0 0 0 0 0 0 0 0 11 0 0 0 0 0 0 0 0 0 0 0 3 0 0 0 0 0 0 0 0 0 0 0 8 0 0 0 0 0 0 0 0 0 0 7 2 68 4 0 0 2 0 0 0 0 0 0 0 0 0 0 0 0 0 0 0 0 0 0 0 0 0 
 0 0 0 0 0 0 0 0 0 0 0 0 0 0 0 2 0 0 0 2 0 0 0 0 0 0 0 0 0 0 2 24 0 0 0 0 0 0 0 0 242 0 224 56 152 28 254 160 182 115 54 51 100 57 166 216 22 50 123 40 0 0 0 0 0 24 0 0 0 0 0 2 0 0 0 0 0 0 50 0 0 0 6 0 0 0 0 0 0 0 0 0 0 0 0 0 0 0 0 0 0 0 0 0 52 12 0 0 0 0 0 0 0 0 0 0 0 0 0 0 0 16 5 0 6 42 13 13 0 2 7 0 42 27 2 1 3 1 0 9 0 0 0 0 0 0 0 0 8 0 0 0 0 0 0 9 4 0 28 0 0 0 4 0 0 0 0 4 0 0 0 0 18 0 0 0 0 0 0 0 0 0 0 8 7 2 0 0 0 0 0 0 0 0 0 0 9 0 0 0 0 28 0 0 24 0 0 18 0 21 0 32 0 19 38 4 68 6 0 0 0 0 0 0 0 0 0 0 0 0 0 0 0 0 1 0 0 0 13 6 0 0 0 0 0 0 0 0 0 2 0 4 0 0 0 0 0 1 0 0 0 0 0 66 2 2 2 0 2 0 0 0 0 0 0 0 0 0 0 0 0 0 0 0 11 12 0 10 0 0 
 0 0 2 0 0 0 0 0 0 0 0 0 0 1 9 0 0 0 0 0 0 0 1 0 8 3 0 0 0 0 0 1 0 0 3 0 3 0 0 0 294 224 0 390 192 52 166 588 113 54 36 259 63 56 55 380 101 99 100 114 0 0 0 0 0 0 4 2 1 0 0 1 75 0 0 0 0 0 66 0 0 0 0 0 0 0 0 0 0 0 0 0 0 0 0 0 0 0 0 0 0 0 0 0 0 1 0 0 0 0 1 0 0 0 0 0 0 0 0 0 12 1 21 30 14 1 10 9 23 19 8 22 0 12 0 9 0 19 0 38 15 0 0 0 0 0 18 11 0 0 0 0 10 0 10 0 0 2 1 2 0 0 0 3 0 0 0 0 0 0 0 0 0 0 0 0 6 0 0 0 0 0 0 0 0 0 0 14 0 0 0 0 0 0 0 0 0 0 0 9 8 0 14 15 44 9 33 0 0 6 9 12 1 12 13 12 22 10 10 0 21 0 9 0 0 0 4 7 0 1 0 0 0 22 6 0 0 0 15 8 0 0 0 0 0 0 0 0 0 0 0 6 0 0 0 0 0 0 0 1 0 0 0 4 0 7 0 0 0 0 0 0 0 0 0 0 0 0 0 0 0 0 0 0 12 5 0 1 0 0 
 3 3 4 3 3 3 3 3 3 3 3 3 3 3 72 3 3 3 3 3 1 0 0 0 62 3 0 0 0 0 0 1 0 0 0 0 0 0 0 0 268 56 390 0 86 102 90 209 92 62 95 125 165 79 101 393 64 160 272 115 0 0 0 0 6 1 0 0 51 0 0 2 53 0 0 0 0 0 1 7 3 0 0 0 0 0 0 0 0 0 0 0 0 0 0 0 0 0 0 0 0 0 0 8 0 0 0 0 0 0 0 0 0 0 0 0 0 0 0 0 9 16 35 14 0 28 14 0 41 0 5 21 9 16 30 29 24 19 0 11 0 0 51 0 0 0 0 15 1 0 0 0 1 0 0 0 0 4 10 2 0 0 0 6 0 0 0 0 0 0 0 0 9 0 0 0 4 0 0 0 0 0 0 0 0 0 0 0 0 0 20 0 0 0 0 0 0 0 0 0 0 7 0 12 17 22 35 0 0 0 11 0 0 2 9 5 0 17 7 0 0 13 2 0 0 0 0 0 0 0 0 3 2 0 0 0 0 1 0 4 0 0 14 0 0 0 0 0 0 0 0 11 0 2 0 0 0 0 0 2 0 0 0 2 96 1 1 5 1 0 0 0 0 0 0 0 0 0 0 0 0 0 1 0 13 0 0 0 1 0 
 0 0 0 0 1 0 0 0 0 0 0 0 0 0 12 0 3 0 0 0 0 0 23 0 0 0 0 0 0 0 0 0 0 0 3 0 2 0 0 0 76 152 192 86 0 68 66 83 104 218 242 56 138 119 101 79 81 168 59 310 0 0 0 0 0 0 0 0 1 0 0 2 51 0 0 0 0 0 106 0 0 0 0 0 0 0 0 0 0 0 0 0 0 0 0 0 0 1 0 0 0 0 0 0 0 0 0 0 0 0 0 0 0 0 0 0 0 0 0 0 0 30 0 11 21 21 0 3 0 3 3 5 0 0 20 0 22 0 0 0 0 1 11 0 0 0 8 17 0 0 51 1 0 0 2 0 1 1 49 11 0 0 8 0 0 0 0 7 0 0 0 0 0 0 0 30 0 0 0 0 0 0 0 0 0 0 0 4 0 12 0 0 0 0 0 0 0 0 0 0 0 21 9 10 6 1 0 0 10 23 11 31 0 0 0 29 30 6 0 0 0 5 0 0 0 0 1 1 0 0 1 0 7 3 9 0 0 0 18 0 0 0 20 0 0 0 0 0 0 0 0 8 66 10 0 0 0 0 0 0 0 0 0 1 0 10 2 2 5 0 0 0 0 0 0 0 0 0 0 0 0 0 0 0 25 32 0 32 0 0 
 3 3 3 3 2 33 3 2 3 3 3 3 3 2 3 5 6 6 3 3 3 3 0 0 0 0 0 0 0 2 0 0 2 0 0 0 1 0 0 0 223 28 52 102 68 0 88 44 269 135 165 166 34 180 127 57 94 142 50 59 56 0 3 0 3 0 0 0 27 0 0 2 1 0 0 0 20 1 0 12 0 0 0 0 0 0 0 0 0 0 0 0 0 0 0 0 0 0 0 0 0 0 0 0 0 0 0 0 0 0 0 0 0 0 0 0 0 0 0 0 0 9 10 1 15 29 0 0 13 10 12 0 0 0 10 0 13 16 0 0 12 18 29 1 6 0 8 28 21 4 0 0 21 2 0 5 15 6 9 0 3 0 2 0 0 0 0 0 0 0 0 0 0 6 1 13 0 0 0 0 0 0 0 0 0 0 0 0 0 0 0 0 0 0 0 0 0 0 0 0 0 0 10 0 10 17 0 0 11 15 16 0 0 0 0 47 0 11 0 0 1 2 0 4 0 0 1 5 0 21 0 0 20 1 15 32 28 4 40 10 0 0 15 0 0 0 0 0 0 0 0 3 0 0 0 0 0 0 0 12 0 0 1 0 2 69 10 0 0 0 4 0 0 0 0 0 0 0 0 0 0 0 0 0 2 0 0 0 0 0 
 0 0 2 0 1 0 0 0 0 0 0 1 0 0 0 2 0 3 0 0 0 0 0 0 63 124 4 0 1 0 2 64 0 0 0 0 63 0 0 0 147 254 166 90 66 88 0 163 45 42 462 37 415 152 48 30 90 19 156 330 0 1 6 2 0 0 0 0 50 0 0 0 6 0 1 0 0 0 0 0 0 0 0 0 0 0 0 0 0 0 0 0 0 0 0 0 0 0 0 0 0 0 0 0 20 0 0 0 0 12 0 0 1 0 0 0 15 0 0 0 10 10 20 0 0 12 11 0 15 10 34 1 1 1 0 29 0 28 8 10 0 0 0 0 0 0 0 0 0 0 0 0 0 0 0 0 19 0 0 2 0 0 0 0 0 0 0 3 0 0 0 0 0 0 0 0 2 0 0 0 0 1 0 0 0 16 0 0 0 0 11 8 0 0 0 1 1 9 0 0 0 15 4 1 5 9 1 17 21 0 0 7 0 21 29 0 10 0 1 8 0 0 0 0 0 0 0 0 0 0 0 0 12 0 0 0 0 0 15 21 0 0 0 0 0 0 0 0 0 0 0 4 0 0 0 0 0 1 0 0 0 0 70 4 2 11 0 0 64 0 0 0 0 0 0 0 0 0 0 0 0 0 0 0 0 0 0 0 0 0 
 0 0 0 0 0 0 0 0 0 0 0 0 0 0 20 0 0 0 0 0 0 0 0 63 80 65 0 0 0 64 66 2 0 0 0 0 118 0 0 0 128 160 588 209 83 44 163 0 146 143 98 242 127 195 167 64 69 94 60 130 0 1 0 0 0 0 2 0 24 0 2 0 1 0 0 0 0 0 0 0 0 0 0 0 0 0 0 0 0 0 0 0 0 0 12 0 0 0 0 0 0 0 0 0 0 0 0 0 0 0 1 0 0 0 0 7 0 0 0 0 10 8 24 12 5 12 0 24 48 9 11 1 0 13 0 18 0 38 0 10 5 0 0 6 0 0 11 3 0 0 0 2 14 0 2 0 0 4 0 10 0 0 0 0 0 0 0 0 0 0 0 0 0 0 0 0 1 0 0 0 0 0 0 0 34 23 0 0 0 0 0 4 0 0 0 0 0 0 0 0 0 17 0 11 25 17 12 14 1 0 21 0 13 0 53 1 9 22 10 0 9 1 3 0 0 0 4 0 0 1 0 0 14 4 0 0 0 0 21 21 0 0 0 0 0 0 0 0 0 0 0 8 0 0 0 0 0 0 0 0 0 0 1 0 2 2 2 0 0 0 0 0 0 0 0 0 19 15 0 0 0 0 0 0 0 10 0 0 0 0 
 0 0 2 0 0 0 0 0 0 0 2 0 0 0 0 0 0 0 0 0 2 0 0 2 0 68 1 2 1 0 1 65 5 0 3 1 2 3 0 0 111 182 113 92 104 269 45 146 0 99 67 20 296 195 106 109 175 59 142 125 0 0 2 0 0 2 0 0 4 0 0 2 0 4 18 0 0 0 51 11 0 0 0 0 0 0 0 0 0 0 0 0 0 0 0 0 0 0 0 0 0 0 0 0 0 10 0 0 0 0 1 0 0 0 0 0 0 0 0 0 11 11 0 4 6 11 21 12 27 10 12 20 17 17 0 12 17 21 0 6 1 0 0 0 0 0 0 0 0 3 0 0 0 0 0 4 0 0 13 2 0 0 0 0 0 0 0 2 0 0 0 0 0 0 0 1 0 0 0 0 0 0 0 0 0 9 0 0 0 0 0 0 0 16 0 0 0 0 0 0 0 13 10 9 0 1 0 18 8 8 19 18 0 3 13 0 5 22 0 0 0 0 0 0 0 0 0 0 0 0 0 0 0 0 0 0 0 0 13 0 0 0 0 0 0 0 0 0 0 0 0 4 0 2 0 0 0 0 0 1 0 0 0 0 69 4 0 0 0 0 20 0 0 0 0 0 0 0 0 0 0 0 2 0 16 5 0 10 0 0 
 0 0 0 0 0 0 0 0 0 0 0 0 0 0 1 0 0 2 0 0 8 0 0 7 0 63 5 5 13 8 8 2 8 26 0 4 5 4 0 1 24 115 54 62 218 135 42 143 99 0 148 143 48 75 179 68 199 62 139 167 0 0 0 1 4 1 0 0 8 2 1 2 4 0 1 2 0 0 4 0 0 0 0 0 0 9 0 0 0 0 0 0 0 0 22 0 0 0 0 0 4 0 0 0 0 14 0 9 0 11 1 2 0 0 0 0 0 0 0 0 0 16 0 19 11 7 32 0 43 10 0 0 0 0 1 9 1 14 0 0 17 15 0 0 0 0 28 1 0 0 0 0 29 0 12 1 0 0 0 23 3 0 0 0 0 9 0 1 0 0 0 0 0 4 0 2 0 0 0 1 46 7 0 0 0 0 6 0 10 8 0 0 0 10 0 0 0 5 0 0 0 0 17 0 13 18 0 0 27 0 10 7 0 13 0 1 38 31 7 0 39 0 0 0 0 0 0 0 0 0 0 0 29 25 16 0 0 0 10 0 0 0 1 0 0 0 0 0 0 0 0 6 0 2 0 0 0 0 0 7 0 0 65 0 0 2 0 1 0 0 18 0 0 0 0 0 0 0 0 0 0 0 0 0 0 4 0 0 1 0 
 0 29 0 0 2 0 0 0 0 0 6 3 0 0 5 0 1 10 0 6 3 3 6 3 3 6 5 3 3 3 6 3 3 3 3 5 6 3 3 3 118 54 36 95 242 165 462 98 67 148 0 53 109 67 156 127 185 69 35 68 0 0 3 0 0 0 3 0 8 0 0 5 0 0 0 0 0 0 51 19 0 0 0 0 0 0 0 0 0 0 0 0 0 7 0 0 0 0 0 0 0 0 0 0 0 0 0 0 0 0 0 0 0 0 0 0 7 0 0 0 0 32 14 4 23 6 15 8 20 0 0 29 0 0 50 4 78 0 0 0 19 0 4 4 12 0 15 1 1 8 0 0 13 10 6 25 0 0 27 13 3 0 8 0 0 3 0 0 0 0 0 0 0 5 0 8 0 0 0 1 0 0 0 0 0 0 0 0 0 0 0 0 0 0 0 0 0 0 0 0 0 2 12 0 10 0 54 0 10 5 45 1 0 0 0 27 21 0 0 0 11 0 0 2 0 0 19 7 0 6 0 0 9 11 8 0 0 5 11 3 0 0 0 0 0 0 0 0 0 0 0 6 0 2 11 0 0 0 0 2 0 0 2 0 64 13 55 0 0 0 10 0 0 0 0 0 0 0 0 0 0 0 0 0 0 28 0 0 1 0 
 1 2 3 0 3 1 1 3 2 2 4 1 2 5 3 3 3 11 2 1 5 0 0 0 0 0 3 0 0 5 5 0 2 0 0 3 8 3 0 1 26 51 259 125 56 166 37 242 20 143 53 0 33 62 330 28 143 94 76 57 54 0 2 0 24 0 0 0 3 2 0 7 0 0 0 0 0 0 51 4 0 0 0 0 0 0 0 0 0 0 0 0 0 0 0 0 0 0 0 0 3 4 0 0 0 0 0 2 0 9 5 9 0 0 0 0 0 0 0 0 0 0 0 16 17 4 0 0 0 13 0 21 0 0 0 0 0 0 0 0 29 2 2 0 0 1 7 18 0 0 9 0 1 0 21 0 0 0 12 8 7 0 0 0 0 0 0 0 0 0 0 0 0 43 0 5 0 0 0 4 0 2 0 0 0 0 2 0 0 5 0 0 0 31 0 11 1 4 0 0 0 0 0 0 0 40 0 0 0 0 25 10 0 0 0 0 10 12 0 0 14 11 10 0 0 0 22 26 0 22 0 12 13 0 23 0 12 10 13 0 0 0 1 0 0 0 0 0 0 0 0 7 0 0 0 0 0 0 0 28 0 0 0 0 1 0 0 64 4 0 0 0 0 0 0 0 0 0 0 0 0 0 0 0 0 0 0 0 3 0 
 2 0 0 0 0 0 0 0 0 0 0 0 0 0 0 0 0 3 0 0 3 64 1 1 0 67 0 0 116 0 62 61 3 0 0 65 94 20 0 0 256 100 63 165 138 34 415 127 296 48 109 33 0 114 322 97 28 97 88 261 6 0 5 0 0 0 0 27 0 1 11 0 0 7 16 0 0 16 0 0 0 0 0 0 0 0 0 0 0 0 0 0 0 0 0 0 0 0 0 0 0 6 0 1 24 0 1 0 0 0 0 26 0 0 0 1 0 0 0 8 3 6 13 7 0 0 16 10 0 0 8 0 8 3 62 27 18 0 13 7 0 5 1 0 0 0 1 0 15 0 9 5 22 0 3 0 0 16 6 0 0 0 6 0 1 0 0 6 0 0 0 0 0 0 0 0 0 0 0 0 0 1 0 4 8 10 0 0 0 1 0 7 0 0 0 1 0 10 0 0 22 53 1 33 22 0 30 19 3 0 31 3 1 0 26 27 0 0 14 7 0 0 0 0 0 0 0 0 7 0 1 0 1 0 0 5 12 1 0 9 0 0 0 0 0 0 0 0 0 0 0 4 0 1 0 0 0 72 0 0 0 0 0 66 10 3 0 0 2 0 0 0 0 0 0 0 0 0 0 0 0 0 0 18 0 0 0 1 0 0 
 0 0 0 0 0 0 0 0 40 0 0 0 0 0 0 0 0 3 0 0 0 0 0 0 0 0 0 0 0 0 0 0 4 0 0 0 0 0 0 0 173 57 56 79 119 180 152 195 195 75 67 62 114 0 327 33 201 33 87 155 9 0 1 0 0 4 0 50 51 0 3 2 0 5 0 0 1 3 50 0 0 0 0 0 0 0 0 0 0 0 0 0 0 0 0 0 0 0 0 0 0 0 0 0 0 0 0 0 0 0 0 8 0 0 0 0 0 0 0 0 11 15 9 0 31 26 5 8 27 1 15 8 0 0 22 21 29 27 0 0 2 3 6 0 0 0 7 0 4 0 1 0 1 0 0 0 0 0 23 3 2 0 6 0 0 0 0 0 0 0 0 0 0 4 0 7 0 0 0 1 0 0 0 0 0 0 0 0 0 0 0 12 14 0 0 0 1 0 0 0 0 2 16 8 0 10 0 9 48 14 29 0 0 12 15 20 1 2 0 0 0 13 0 3 0 0 0 0 8 15 0 0 10 0 0 6 4 8 32 9 0 0 0 0 0 0 0 0 0 0 0 18 0 0 0 0 0 0 0 4 0 0 67 0 71 1 1 0 0 0 0 0 0 0 0 0 0 0 0 0 0 0 0 0 15 0 0 20 0 0 
 2 2 2 2 2 2 2 2 2 2 2 5 4 2 2 2 2 3 2 2 4 7 2 2 2 2 2 2 2 2 2 2 2 2 4 2 2 2 4 2 173 166 55 101 101 127 48 167 106 179 156 330 322 327 0 126 307 124 74 508 0 0 0 0 1 4 0 0 51 0 0 2 52 2 1 0 2 0 2 0 0 0 0 0 0 0 0 0 0 0 0 0 0 0 0 0 0 0 0 0 0 0 0 0 0 0 0 0 0 0 0 0 0 0 0 0 0 0 0 0 7 17 25 23 20 9 58 0 54 10 1 20 0 0 63 3 39 1 0 0 11 7 0 0 0 0 8 0 0 0 0 0 1 0 0 0 0 3 0 2 2 0 0 0 0 0 0 0 0 0 0 0 0 8 0 24 0 0 0 0 0 0 0 0 0 0 0 0 0 0 0 0 0 0 0 0 0 0 0 0 0 18 8 0 15 23 18 10 17 36 13 0 0 27 11 19 0 26 0 0 0 0 0 0 0 0 0 0 0 0 0 0 10 0 0 0 0 0 19 6 0 0 0 0 0 0 0 0 0 0 0 8 0 0 0 0 0 0 0 10 0 0 2 0 67 0 2 0 0 0 8 0 0 0 0 0 0 0 0 0 0 0 0 0 18 0 0 0 0 0 
 0 0 0 0 0 0 0 0 0 0 0 0 0 0 4 0 0 0 0 0 0 8 0 0 30 62 0 0 0 0 0 65 2 0 0 0 0 67 6 0 83 216 380 393 79 57 30 64 109 68 127 28 97 33 126 0 203 36 161 213 0 0 0 0 0 0 3 0 0 0 2 2 0 0 0 0 0 10 0 0 0 0 0 0 0 0 0 0 0 0 0 8 0 0 0 0 0 0 0 0 0 0 0 0 0 19 0 0 0 0 0 0 0 0 0 0 0 0 0 0 21 17 39 40 0 5 91 26 17 11 0 27 29 38 11 20 18 37 0 19 0 0 0 0 0 0 0 0 0 0 0 0 0 0 0 8 7 0 14 0 0 0 0 4 0 0 0 0 0 0 0 0 0 0 0 0 8 0 0 0 0 0 0 0 0 8 0 0 0 0 0 2 0 0 0 0 0 0 0 0 2 8 23 9 7 20 11 0 0 4 10 14 0 25 23 78 68 21 4 0 0 0 0 0 0 0 0 0 0 0 0 0 1 0 0 0 0 0 20 29 0 0 0 0 0 0 0 0 0 0 0 84 0 0 0 0 0 0 0 1 0 0 0 2 64 11 1 0 0 0 20 0 0 0 0 0 0 0 0 0 0 0 4 0 0 4 0 0 0 0 
 4 2 2 2 2 2 2 2 2 2 2 4 2 2 4 2 2 2 6 2 3 3 3 3 66 74 3 4 3 3 3 3 6 3 3 3 5 3 3 3 42 22 101 64 81 94 90 69 175 199 185 143 28 201 307 203 0 127 34 79 0 51 0 0 0 0 1 2 0 0 0 0 1 3 0 0 0 0 0 0 0 7 0 0 0 0 0 0 0 0 0 0 0 0 0 0 0 2 0 0 0 0 0 0 0 0 0 0 7 0 0 0 0 0 0 0 0 0 0 0 6 13 19 2 28 0 0 28 7 49 20 15 0 8 19 36 18 56 0 0 19 7 0 0 0 0 3 0 0 0 0 0 1 0 1 0 0 0 0 1 11 0 2 0 0 0 0 0 0 0 0 0 0 6 0 7 0 0 0 0 0 0 0 0 11 14 0 0 0 0 0 19 0 0 0 0 0 0 0 0 6 10 20 22 1 0 0 6 76 8 41 2 8 13 47 88 0 14 0 0 0 0 0 0 0 0 0 0 0 0 0 0 20 0 6 0 0 0 21 24 0 0 0 0 0 0 0 0 0 0 0 11 0 0 0 0 0 0 0 31 0 0 30 0 1 0 4 0 4 0 0 0 0 0 0 0 0 0 0 0 0 0 0 0 0 12 0 0 0 0 
 0 0 0 0 0 2 0 0 0 0 0 0 0 0 1 3 2 3 0 0 0 3 0 0 7 0 3 0 1 0 0 0 2 0 0 0 0 0 0 0 32 50 99 160 168 142 19 94 59 62 69 94 97 33 124 36 127 0 42 33 0 0 3 5 12 6 0 1 50 5 0 6 49 33 0 6 7 2 0 55 0 0 0 0 0 0 0 0 0 0 0 0 0 0 0 0 0 0 0 0 0 0 0 0 0 0 0 0 0 7 0 0 0 0 0 0 0 0 0 0 0 0 16 38 15 0 0 13 0 0 0 0 0 6 13 11 13 6 0 0 0 2 9 0 0 6 1 21 0 0 0 0 1 0 0 0 15 9 14 18 0 0 0 0 0 0 0 0 0 0 0 0 0 0 0 1 0 0 0 13 0 0 0 0 9 10 7 0 0 0 0 9 0 0 0 0 0 0 0 0 0 11 0 33 8 19 13 10 0 0 9 0 15 0 0 3 1 16 11 0 8 11 0 0 0 5 0 0 0 0 3 4 15 1 22 0 20 0 1 0 0 0 7 0 0 0 0 0 2 0 0 13 0 0 0 0 0 0 1 0 0 0 0 0 1 4 3 62 0 0 0 0 0 1 0 5 0 0 0 0 0 0 0 0 28 1 0 0 0 0 
 0 0 0 0 0 0 0 0 0 0 0 0 0 0 1 3 0 1 0 0 70 68 0 28 63 104 2 244 9 5 21 124 4 0 2 2 211 2 0 211 39 123 100 272 59 50 156 60 142 139 35 76 88 87 74 161 34 42 0 137 0 0 2 3 0 0 2 0 2 0 0 2 0 0 0 0 0 3 0 0 0 0 0 0 0 6 0 0 0 19 0 0 0 0 0 0 0 0 0 0 2 14 0 0 4 19 0 12 21 13 4 14 10 0 0 0 11 18 2 0 0 32 0 0 0 0 27 2 0 6 8 21 21 0 0 10 4 11 6 1 14 0 0 0 0 0 0 0 0 0 0 0 0 0 0 6 0 0 0 0 0 0 0 2 0 16 0 12 0 0 0 0 0 0 0 0 9 0 0 0 9 10 0 0 1 10 18 0 24 15 0 6 0 7 0 0 29 12 0 0 0 8 13 15 38 0 0 8 0 15 0 22 0 26 18 0 32 0 53 21 0 0 0 0 0 0 0 0 0 0 0 0 0 0 0 0 0 0 0 1 0 0 0 0 0 0 0 1 0 0 0 2 0 0 0 0 0 0 0 2 1 0 1 64 3 10 0 0 1 0 19 0 0 0 0 0 0 0 0 0 0 0 0 0 0 0 0 0 2 0 
 0 0 0 64 0 0 0 6 0 0 0 0 0 0 12 0 0 0 0 0 0 8 0 0 67 1 0 0 0 3 0 3 3 0 0 0 78 0 0 0 70 40 114 115 310 59 330 130 125 167 68 57 261 155 508 213 79 33 137 0 0 0 0 0 0 0 6 0 0 0 0 1 1 0 0 0 0 0 0 0 0 0 0 0 0 0 0 0 0 0 0 0 0 0 0 0 0 0 0 0 0 0 2 3 4 5 0 0 0 0 0 10 0 0 0 0 0 0 0 0 32 14 9 13 0 0 0 2 20 11 20 30 0 21 4 30 0 44 1 13 0 0 0 0 0 0 0 0 0 0 0 0 0 0 0 0 0 0 0 1 0 0 0 6 0 0 0 0 0 0 0 0 0 11 0 0 7 0 0 0 0 0 0 4 1 0 0 42 0 0 6 0 0 0 0 0 0 0 0 0 18 0 8 18 1 0 26 1 78 0 9 4 13 23 23 20 0 1 7 0 0 0 0 0 0 0 0 0 0 0 0 0 3 0 0 0 0 0 15 24 0 0 31 0 0 0 0 0 0 18 0 17 0 2 0 0 0 2 4 3 0 0 36 1 2 0 2 0 0 0 0 0 0 0 0 0 0 0 0 0 0 5 0 0 0 0 0 0 0 0 
 2 3 3 2 3 2 2 3 2 2 2 2 3 3 3 3 2 2 2 3 0 0 0 0 0 0 0 0 0 0 0 0 0 0 47 0 0 0 0 0 2 0 0 0 0 56 0 0 0 0 0 54 6 9 0 0 0 0 0 0 0 73 355 51 30 39 53 108 111 44 225 58 82 128 50 252 82 97 189 85 0 0 0 0 0 0 0 0 0 0 26 0 0 0 0 0 0 0 0 0 0 0 0 0 0 0 0 0 0 0 5 0 0 0 0 0 0 0 0 0 0 0 0 0 26 6 0 0 0 0 0 0 0 0 0 0 0 0 0 0 3 17 46 21 2 1 15 0 57 16 25 0 61 10 29 12 14 1 10 6 0 0 0 0 0 0 0 0 0 1 0 0 0 0 0 0 0 0 0 0 0 0 0 0 0 0 0 0 0 0 0 0 0 0 0 0 0 0 0 0 0 0 0 0 0 5 0 0 0 0 0 0 0 0 0 0 0 0 0 0 0 11 34 59 18 0 4 57 66 16 4 7 8 15 0 35 0 27 0 2 0 0 0 0 0 0 0 0 0 1 0 0 0 0 13 0 0 0 0 0 0 0 0 53 0 0 0 1 0 0 9 0 77 0 0 2 0 0 0 0 0 0 0 0 0 0 0 0 6 0 
