 0 175 48 451 70 242 76 96 252 38 110 34 346 95 231 438 171 46 154 301 0 0 0 0 0 0 0 0 2 3 1 3 0 0 0 1 1 0 1 3 0 0 2 3 0 3 0 2 0 0 4 0 0 0 0 0 0 0 0 0 1 0 2 0 3 0 3 0 0 0 0 51 0 3 0 0 0 0 3 3 20 22 1 12 0 0 21 12 31 13 0 0 20 14 10 49 10 12 22 31 0 0 0 0 0 0 0 0 0 0 0 0 0 0 0 0 0 0 0 0 0 0 0 2 2 0 0 11 1 0 0 0 0 0 0 0 0 0 0 0 0 16 0 0 0 0 0 0 0 0 0 1 0 0 0 0 0 0 0 0 44 12 0 12 0 0 0 46 0 1 0 11 33 31 6 10 35 0 0 23 0 0 2 0 0 8 1 0 0 0 0 0 0 0 0 0 0 1 0 2 0 0 0 0 0 0 14 0 0 0 0 0 0 0 0 0 0 0 0 0 0 0 0 0 0 0 0 0 0 0 0 0 9 0 0 0 0 0 0 0 0 1 0 0 0 0 0 0 0 0 2 5 0 0 0 0 0 0 0 0 0 0 0 0 0 0 0 0 0 0 0 0 0 0 0 20 0 0 0 0 0 0 0 0 0 0 0 0 0 0 
 175 0 307 57 409 53 107 184 26 46 39 48 42 266 103 41 129 46 36 37 0 0 0 0 0 205 205 0 0 4 0 209 0 4 0 0 5 1 1 3 0 0 0 3 0 3 0 2 0 0 4 0 0 0 63 0 0 0 0 0 0 0 2 0 3 0 3 0 0 0 0 2 0 7 33 0 0 0 4 3 0 7 14 0 8 0 12 0 21 14 18 0 0 11 32 23 15 9 9 0 0 1 0 0 41 0 0 12 0 0 0 2 0 0 0 0 0 0 15 0 0 0 0 0 0 2 0 0 0 0 0 0 0 0 0 0 0 1 0 2 0 0 1 0 12 0 0 0 1 0 0 0 0 0 0 0 0 0 0 0 20 10 10 0 0 0 10 0 0 0 14 0 18 0 32 0 59 0 0 1 0 14 0 0 0 0 0 0 2 0 0 0 0 0 0 0 0 0 16 13 0 0 0 0 0 0 0 0 0 2 0 0 0 0 0 10 0 0 0 0 0 0 0 0 0 0 0 0 0 2 0 0 0 0 0 0 2 0 0 0 0 9 0 0 0 1 88 0 2 1 0 14 0 0 0 0 0 0 0 0 0 0 0 0 0 0 0 0 0 0 0 0 0 0 0 11 0 0 0 0 0 0 0 0 0 0 0 0 0 0 
 48 307 0 113 234 170 143 128 117 163 31 137 371 133 54 56 420 268 116 44 0 0 1 0 0 0 1 0 0 5 0 3 77 1 0 0 1 0 3 80 0 0 4 3 0 3 0 2 0 0 3 2 36 65 1 0 1 0 0 0 0 0 7 0 3 0 3 0 0 0 0 2 0 2 1 0 0 0 2 3 0 38 44 9 0 20 0 15 10 27 38 31 0 0 3 16 19 33 0 14 0 0 0 0 0 0 10 20 0 0 0 0 21 20 1 0 0 0 24 36 2 0 0 0 0 0 0 0 0 0 0 0 0 0 0 0 0 0 0 0 0 0 0 0 0 0 0 0 2 2 15 0 0 0 0 0 21 0 0 0 39 0 13 0 1 21 0 0 1 21 9 0 2 1 10 0 8 0 0 0 26 17 0 3 0 0 19 0 0 0 0 0 62 1 1 0 0 0 32 0 0 0 0 0 0 0 0 0 0 0 2 0 0 11 0 0 0 0 0 0 0 0 0 0 0 0 0 0 0 0 0 1 0 0 0 0 0 0 0 0 0 0 0 0 0 0 91 2 0 2 10 11 0 0 0 0 0 0 0 0 0 0 0 0 0 0 0 0 0 0 0 0 0 2 0 16 0 0 0 0 0 0 0 0 0 1 0 0 0 0 
 451 57 113 0 156 52 213 177 509 331 265 143 58 86 153 250 134 160 93 194 2 0 3 2 0 0 0 0 2 5 0 3 0 3 63 0 1 0 99 79 0 0 2 5 2 3 0 2 0 0 3 0 3 0 0 0 0 3 0 0 0 0 2 3 3 0 3 0 0 2 0 2 1 2 56 0 0 0 11 37 2 35 28 54 0 13 0 44 0 0 24 1 34 0 0 0 0 37 0 15 0 16 12 0 0 0 0 10 1 0 0 1 0 5 0 18 1 0 33 9 0 0 0 0 0 2 0 0 0 0 0 0 0 0 10 0 0 1 0 2 0 0 0 0 0 0 0 0 0 0 0 0 0 0 0 0 0 0 0 0 20 0 7 0 10 34 0 0 9 12 17 23 0 12 0 10 0 9 0 13 8 0 2 14 0 0 21 0 2 1 0 14 1 0 0 0 0 0 1 7 0 0 0 0 1 0 0 0 0 2 0 1 0 0 0 0 0 10 0 0 0 0 0 0 0 0 0 0 0 2 0 0 0 0 0 0 12 0 0 0 0 0 0 0 0 0 1 2 2 46 9 6 0 0 0 0 0 0 0 0 0 0 0 0 0 0 0 0 0 0 0 0 0 0 0 0 0 0 0 0 0 0 0 0 0 0 0 0 0 0 
 70 409 234 156 0 73 104 297 96 434 400 131 71 469 297 175 153 63 52 82 78 0 2 0 11 0 3 44 0 83 0 3 0 93 73 0 2 0 153 79 0 0 0 3 65 5 0 2 0 0 5 2 0 0 31 0 0 0 0 0 0 0 3 0 4 0 3 0 2 0 0 41 1 2 5 0 0 0 0 3 0 25 21 29 7 0 0 14 7 12 26 27 1 0 22 0 2 18 0 14 1 13 2 2 0 0 9 30 13 0 25 0 1 49 0 0 2 0 17 9 0 0 0 0 0 0 0 0 0 0 0 0 0 0 0 12 0 1 0 0 0 0 1 0 0 0 0 0 0 0 4 2 0 0 0 0 0 0 0 0 33 0 36 0 9 0 0 0 1 25 0 16 0 0 15 0 15 0 0 17 19 1 9 0 0 0 10 1 0 9 0 15 17 0 0 7 0 1 28 0 0 0 0 0 0 0 0 0 0 0 0 0 0 0 0 0 0 0 0 0 0 0 0 0 0 0 0 0 0 0 0 0 0 0 1 0 0 0 0 0 0 11 0 0 0 3 179 0 0 2 9 15 0 0 75 0 0 0 0 1 0 0 0 0 0 0 0 0 0 0 0 0 0 0 0 0 0 0 0 0 0 0 0 0 0 0 1 0 0 1 
 242 53 170 52 73 0 37 45 153 79 162 112 18 71 59 327 166 55 64 47 78 2 0 2 0 0 150 17 173 4 74 3 151 87 75 0 0 0 149 78 0 0 5 3 0 3 0 2 0 0 2 5 0 0 0 0 0 1 0 0 0 0 3 0 2 0 3 0 0 0 0 2 0 2 37 4 0 0 0 3 0 29 25 13 29 2 0 0 0 41 10 14 0 0 0 0 31 0 0 0 12 0 15 0 0 0 13 0 0 0 0 0 37 17 65 12 0 0 15 23 0 0 0 0 0 0 0 0 0 1 0 0 1 0 1 0 0 0 0 0 1 0 0 0 0 2 0 0 0 0 0 0 0 0 0 0 5 0 0 0 0 26 17 20 9 3 10 5 3 6 24 28 0 0 13 20 2 3 0 0 25 8 10 0 2 0 0 7 4 0 19 0 39 24 1 18 0 0 23 20 0 0 0 0 26 0 0 0 0 0 0 0 0 0 0 10 0 0 0 0 0 0 0 0 0 18 6 0 0 0 0 0 0 0 0 0 0 0 0 0 0 0 0 0 0 0 89 1 89 5 0 12 2 0 0 0 0 0 0 0 0 0 0 0 0 0 0 0 0 0 0 0 0 0 0 0 0 0 0 0 0 0 0 0 0 0 0 0 0 0 
 76 107 143 213 104 37 0 307 178 299 136 238 154 50 74 27 99 39 161 50 0 6 16 98 0 0 0 0 3 4 202 5 0 0 0 0 2 0 0 3 0 0 0 13 0 3 0 5 0 0 4 0 0 0 0 2 1 1 0 0 0 0 3 1 3 55 3 0 0 0 0 2 0 2 3 0 0 0 0 35 12 16 36 0 0 0 10 11 19 2 0 15 14 45 19 12 0 44 24 11 0 0 0 0 0 0 0 0 0 0 0 0 0 0 0 0 0 0 0 0 0 0 0 0 0 0 0 0 0 0 2 0 0 0 0 0 0 0 0 0 0 0 0 0 0 0 0 0 0 0 0 0 0 0 0 0 0 0 0 0 15 7 20 1 16 0 4 0 0 10 9 0 1 11 13 23 0 10 25 0 0 0 0 0 0 0 0 0 0 1 0 0 1 0 0 0 0 0 0 10 0 0 0 0 0 0 0 0 0 0 0 0 0 0 10 0 0 0 0 0 1 0 0 0 0 0 0 0 0 0 0 0 0 0 0 0 0 0 0 0 0 0 0 0 0 1 0 1 0 0 6 14 0 0 0 0 0 0 0 0 0 0 0 0 0 0 0 0 0 0 0 0 0 0 0 0 0 31 0 0 0 0 0 0 0 0 0 0 0 0 
 96 184 128 177 297 45 307 0 315 67 118 40 286 393 139 320 208 42 391 446 0 0 0 0 1 0 0 0 2 3 1 3 0 1 0 0 1 2 0 3 0 0 2 3 0 3 0 2 0 0 2 0 0 0 0 0 0 0 0 0 0 0 2 0 3 0 3 3 0 0 0 2 0 2 6 0 0 0 2 3 0 1 20 8 18 0 21 11 35 1 1 0 12 10 11 16 20 22 38 9 0 0 0 0 0 0 0 0 0 0 0 4 10 0 0 0 0 0 15 0 0 0 0 0 0 0 0 0 0 0 0 0 0 0 0 2 0 0 0 0 0 4 0 0 0 0 0 2 0 1 0 0 0 0 0 0 0 0 0 0 9 51 17 17 0 0 10 63 0 2 0 0 2 19 14 10 0 0 26 1 0 0 0 1 0 0 17 0 0 0 0 0 0 1 0 0 0 0 9 19 2 0 0 0 9 0 0 0 0 0 1 0 0 0 0 10 0 0 0 1 0 0 0 0 0 0 0 0 0 0 0 2 0 0 0 0 0 0 0 15 0 0 0 0 0 3 2 1 2 0 0 4 0 1 0 2 0 0 0 0 0 0 0 0 0 0 0 0 0 0 0 0 0 0 0 15 0 0 0 0 0 0 0 0 0 2 0 0 0 0 
 252 26 117 509 96 153 178 315 0 498 236 305 64 112 250 475 50 373 79 388 2 0 3 0 1 0 101 0 5 8 2 3 133 0 1 0 0 2 0 77 0 2 2 3 0 3 0 5 0 0 2 7 2 0 0 0 43 0 0 0 0 0 2 0 3 0 3 2 0 0 0 5 0 4 38 0 3 0 1 3 10 0 50 43 22 23 0 12 0 30 15 21 0 19 2 0 18 11 0 0 18 14 0 0 0 0 2 0 0 0 0 0 19 21 16 19 0 0 19 14 0 0 0 0 0 0 0 2 0 0 0 0 1 0 1 0 0 0 0 0 1 0 0 0 0 0 0 0 0 0 0 0 0 0 0 0 0 0 0 0 0 0 16 25 49 12 1 0 2 12 27 29 0 13 14 9 0 29 0 0 24 0 0 10 0 0 21 2 1 0 0 0 30 1 1 0 0 0 0 14 0 0 0 0 11 0 0 0 1 0 0 0 0 0 0 0 0 9 0 0 0 0 0 0 0 0 0 0 0 0 0 0 0 0 0 0 0 0 0 0 0 0 0 0 0 0 0 2 0 1 3 10 10 0 0 0 0 0 0 0 0 0 0 0 0 0 0 0 0 0 0 0 0 0 0 0 11 20 0 0 0 0 0 0 0 0 0 0 0 0 
 38 46 163 331 434 79 299 67 498 0 257 275 40 413 97 168 117 243 78 291 0 0 2 0 0 0 0 2 1 6 0 3 0 2 1 0 4 0 0 5 0 62 0 3 6 3 0 2 83 0 4 0 0 0 90 4 0 0 0 0 0 0 2 0 3 0 80 0 0 0 0 2 0 2 11 0 0 0 6 3 11 16 30 0 40 14 0 26 0 7 15 91 0 1 15 0 0 29 1 12 15 0 0 0 0 0 0 13 0 0 0 0 0 3 0 0 0 0 0 0 0 0 12 0 0 0 0 0 0 0 0 0 0 0 0 0 0 0 0 0 0 0 0 0 0 0 0 0 0 0 0 0 0 0 0 0 0 0 0 0 40 0 17 13 0 17 0 0 0 23 11 13 0 7 19 2 14 9 0 1 9 0 0 0 0 0 15 0 0 0 0 1 12 0 0 0 0 0 0 0 0 0 0 0 0 0 0 0 0 0 0 0 0 0 0 0 0 0 0 0 0 0 0 0 0 0 1 0 0 0 0 0 0 0 0 0 0 11 0 0 0 9 0 0 0 1 86 0 2 88 40 13 13 0 2 0 0 0 0 0 0 0 0 0 0 0 0 0 0 0 0 0 0 0 0 0 0 0 0 0 0 0 0 0 0 0 0 0 0 0 
 110 39 31 265 400 162 136 118 236 257 0 246 61 99 169 150 338 244 36 75 4 0 0 0 73 209 0 1 2 7 1 212 2 4 0 0 7 2 0 3 3 67 0 3 0 4 0 2 1 0 13 0 0 2 63 0 0 0 5 0 0 0 3 1 4 6 3 0 0 10 10 13 0 2 28 0 0 0 0 3 10 0 18 0 27 2 0 21 0 11 3 30 0 14 5 14 16 22 1 1 20 0 0 0 0 0 0 0 0 0 0 0 14 0 0 0 0 0 10 1 0 0 0 0 0 0 0 0 0 0 0 0 0 10 0 0 0 0 0 0 0 0 0 0 0 0 0 0 0 0 0 0 1 0 0 0 0 1 0 0 1 23 56 17 16 23 2 0 0 28 10 0 40 12 22 0 16 1 0 12 0 0 0 0 0 0 0 0 0 0 0 0 10 11 0 0 0 0 13 15 0 0 0 0 2 0 0 0 0 0 0 0 0 0 0 5 0 0 0 0 1 0 15 0 0 0 0 0 0 0 0 0 0 0 0 0 0 0 12 0 0 0 19 0 0 0 1 0 2 0 0 12 15 0 0 0 0 0 0 0 0 0 0 0 0 0 0 0 0 0 0 0 0 0 0 0 0 14 0 0 0 0 0 0 0 0 0 0 0 0 
 34 48 137 143 131 112 238 40 305 275 246 0 257 37 39 26 416 219 260 139 0 2 3 0 1 0 75 2 75 4 2 3 76 2 0 0 1 0 3 4 0 0 2 3 0 3 4 2 0 0 4 0 5 0 0 0 0 0 0 61 0 0 2 0 3 0 2 0 1 0 0 2 0 3 3 0 0 0 8 2 22 13 19 1 0 16 0 12 14 20 20 49 0 8 7 3 0 14 0 42 28 0 7 0 0 0 0 3 0 0 0 0 14 11 21 0 0 0 0 20 2 0 0 0 0 0 0 0 0 0 0 0 0 0 0 0 0 0 0 0 0 0 0 0 0 0 0 0 2 2 0 0 0 0 0 0 0 0 0 0 13 0 19 13 18 1 4 0 0 26 43 11 4 7 10 0 1 34 0 40 37 0 0 2 0 0 20 0 8 0 0 0 12 0 8 1 0 0 0 27 0 0 0 0 0 0 0 0 0 0 1 0 0 0 0 0 0 0 0 0 0 0 0 0 0 0 0 0 0 0 0 1 0 0 0 0 0 10 0 0 0 0 0 0 0 1 4 0 0 174 7 18 14 0 2 0 0 0 0 0 0 0 0 0 0 0 0 0 0 0 0 0 0 2 0 0 9 8 0 0 0 0 0 0 0 1 0 0 0 0 
 346 42 371 58 71 18 154 286 64 40 61 257 0 380 51 147 246 124 313 38 0 0 0 0 2 0 0 0 1 5 2 3 0 0 0 0 2 0 1 3 3 0 2 11 3 3 0 2 0 2 3 2 1 0 0 0 0 0 0 0 0 0 2 51 3 0 2 0 1 0 2 4 0 3 0 1 0 3 3 3 33 24 10 0 0 0 0 0 15 7 10 0 35 13 28 32 1 16 41 6 0 1 0 0 0 0 0 0 0 0 0 0 0 13 0 0 0 2 0 0 0 0 0 0 0 2 0 0 0 0 0 14 0 0 0 0 0 0 0 2 0 0 0 0 0 0 0 0 0 0 0 0 0 0 0 0 0 0 0 0 6 10 0 9 0 0 16 7 0 0 16 0 0 30 0 5 16 7 25 0 0 0 0 0 0 0 0 0 2 7 0 0 0 0 0 0 0 0 0 0 0 0 0 0 1 0 0 0 0 2 0 1 16 0 0 0 0 0 0 0 0 0 0 0 0 0 0 0 0 2 0 0 0 1 0 0 2 0 0 0 0 0 0 0 0 0 2 0 0 0 0 1 0 0 0 0 0 0 0 0 0 0 0 0 0 0 0 0 0 0 0 0 0 0 0 20 0 1 0 0 0 0 0 0 0 0 0 0 0 0 
 95 266 133 86 469 71 50 393 112 413 99 37 380 0 415 471 175 176 190 213 1 2 4 0 0 1 0 0 2 4 1 3 0 0 0 0 1 0 0 3 0 0 2 3 0 3 2 2 0 0 2 0 65 0 67 0 0 4 0 3 0 0 3 0 2 0 3 0 0 0 0 2 0 2 3 0 0 0 0 3 0 5 12 1 25 0 14 0 18 11 0 13 0 10 10 12 0 0 33 5 0 0 0 0 0 0 0 4 0 0 0 0 0 0 0 0 8 0 0 0 0 0 0 0 0 0 0 0 0 0 0 0 0 0 0 0 0 0 0 0 0 8 0 2 0 1 0 0 0 0 0 0 8 0 0 0 0 0 0 0 14 25 3 13 0 0 0 41 0 0 0 0 3 14 19 11 11 0 10 0 2 0 0 4 0 11 0 0 0 0 0 0 0 1 0 0 0 3 0 0 0 0 0 0 0 0 0 0 0 0 0 0 0 0 0 0 0 0 0 0 0 0 2 0 0 0 0 0 0 0 0 0 0 0 0 0 0 0 2 1 0 1 0 0 0 0 7 0 2 2 2 6 0 0 0 0 0 0 0 0 0 0 0 0 0 0 0 0 0 0 0 0 0 0 0 20 0 0 0 0 0 0 0 0 0 0 0 0 0 0 
 231 103 54 153 297 59 74 139 250 97 169 39 51 415 0 103 132 52 202 275 2 0 3 3 1 207 1 3 3 8 3 5 0 0 0 2 2 0 0 6 0 0 0 11 3 3 0 0 0 1 5 3 0 6 0 0 2 0 0 5 0 0 2 3 5 3 3 0 2 0 3 4 0 2 2 0 0 2 1 3 35 11 0 0 1 0 22 35 44 0 14 0 15 22 28 42 7 16 13 11 0 0 0 0 0 0 0 0 0 0 0 0 0 0 0 0 0 0 0 0 0 0 0 0 0 0 0 0 0 0 0 0 0 0 0 0 0 0 0 0 0 0 0 0 0 0 0 0 0 0 0 0 0 0 14 0 0 0 0 0 16 11 1 29 0 14 32 7 21 10 20 2 28 6 10 14 48 14 0 12 0 0 0 0 0 0 1 0 0 0 14 0 0 0 0 0 0 0 0 0 0 0 0 0 0 0 0 0 0 0 0 0 0 0 0 0 0 0 0 0 0 0 0 0 0 0 0 0 1 0 0 0 0 0 0 0 0 0 0 0 0 0 0 0 0 0 0 3 0 0 0 14 0 0 0 0 0 0 0 0 0 0 22 0 0 0 0 0 0 0 0 0 0 0 0 0 0 22 0 0 0 0 0 0 0 0 0 0 0 0 
 438 41 56 250 175 327 27 320 475 168 150 26 147 471 103 0 215 406 108 67 2 0 0 2 2 2 23 0 3 8 0 5 77 2 0 0 3 1 2 3 0 2 2 9 5 3 0 5 0 3 14 17 1 1 65 0 1 1 0 0 3 0 2 0 3 0 2 2 3 0 2 3 2 3 3 0 0 3 3 3 2 0 28 33 25 3 0 0 36 19 0 14 0 11 8 15 20 0 27 6 13 0 0 0 0 0 0 0 1 0 0 0 14 0 0 0 0 0 10 0 0 0 0 0 0 19 0 0 0 0 1 0 0 0 0 0 1 0 0 0 12 0 0 0 0 0 0 0 0 0 0 0 2 0 0 0 0 0 0 0 10 17 18 55 3 14 1 5 12 18 9 10 9 5 8 26 0 34 0 11 0 1 0 0 0 0 0 0 0 0 0 0 10 0 0 0 0 0 13 25 0 0 0 0 11 0 0 0 0 0 0 0 0 0 0 1 5 0 0 0 2 0 0 0 0 0 0 0 0 0 0 0 0 0 0 0 0 0 0 0 0 0 0 0 0 1 0 0 1 0 0 11 14 2 0 0 0 0 0 0 0 0 0 0 0 0 0 0 0 0 0 0 0 0 0 7 17 1 0 0 0 0 0 0 0 0 0 0 0 0 
 171 129 420 134 153 166 99 208 50 117 338 416 246 175 132 215 0 254 19 35 0 0 0 2 0 0 3 0 1 4 0 77 0 2 3 74 5 3 0 3 3 0 4 3 1 3 2 0 3 0 4 2 0 0 66 2 0 3 0 0 0 0 4 0 3 0 3 0 0 0 0 2 7 53 2 0 2 10 1 3 20 24 56 0 35 0 30 10 16 0 0 14 14 3 1 48 23 26 15 32 0 0 0 0 0 0 0 0 0 0 0 0 15 0 0 0 0 0 0 0 0 0 0 0 0 0 0 0 0 0 0 0 0 0 0 0 0 0 0 0 0 4 0 0 0 0 0 0 0 0 0 0 0 0 0 0 0 0 0 0 17 36 31 10 0 0 5 31 0 9 0 9 9 10 33 10 0 0 0 7 0 0 0 0 0 0 0 0 0 0 0 0 0 0 0 0 0 0 14 17 0 16 0 0 0 0 0 0 0 0 0 0 0 0 0 4 0 0 0 0 0 0 0 0 0 0 0 0 0 0 0 0 0 0 0 0 0 0 0 0 0 1 0 0 0 1 1 0 0 0 16 11 0 0 0 0 0 0 0 0 0 0 0 0 0 0 1 0 1 0 0 0 0 1 0 17 0 0 0 0 0 0 0 0 0 0 0 0 0 0 
 46 46 268 160 63 55 39 42 373 243 244 219 124 176 52 406 254 0 131 686 3 0 0 0 0 208 182 2 2 5 5 3 107 1 78 0 2 0 74 69 0 64 2 5 0 5 0 2 0 0 2 2 0 3 6 2 0 2 0 0 0 0 2 3 3 0 3 0 4 2 0 2 3 2 8 1 0 0 3 3 0 0 37 36 16 24 0 0 2 9 17 18 1 2 2 26 18 0 12 8 57 0 0 2 0 0 0 11 0 0 0 0 15 10 21 32 1 0 34 0 0 0 0 0 2 0 0 0 0 0 0 0 0 0 0 0 0 0 0 0 0 6 0 0 0 0 0 0 0 1 0 2 0 0 0 0 0 1 0 0 12 12 0 49 17 21 0 16 13 16 20 31 0 0 3 10 0 18 0 0 1 1 15 16 0 0 20 0 0 2 0 0 50 0 0 0 0 1 0 0 0 0 0 0 10 0 0 0 0 0 0 0 0 0 0 0 0 10 0 0 0 0 0 0 0 0 0 0 0 0 0 0 0 0 0 0 0 0 0 0 0 0 0 0 1 2 0 0 5 5 0 3 10 0 0 0 0 0 0 0 0 0 0 0 0 0 0 0 0 0 0 0 0 0 0 14 20 0 0 0 0 0 0 0 0 0 0 0 0 0 
 154 36 116 93 52 64 161 391 79 78 36 260 313 190 202 108 19 131 0 183 0 0 1 74 0 0 0 0 1 4 0 3 0 0 0 0 1 0 1 3 0 0 2 3 0 3 1 2 0 0 12 0 0 0 0 0 0 0 0 4 0 0 4 0 3 52 3 0 0 0 0 2 0 2 1 0 0 0 2 5 11 11 9 0 0 0 10 16 33 0 0 0 21 6 16 19 0 2 18 28 0 0 0 0 0 0 0 0 0 0 0 0 0 0 0 0 0 0 0 0 0 0 0 12 0 0 0 0 0 0 2 0 0 0 0 0 0 0 0 0 0 1 0 0 0 0 0 0 0 0 0 0 0 0 0 0 0 0 0 0 61 1 0 11 0 0 18 41 16 0 0 0 0 27 0 28 3 9 11 0 0 0 0 0 0 0 0 0 0 0 0 0 0 0 0 0 0 0 0 0 0 0 0 0 0 0 0 0 0 0 0 0 0 0 0 0 0 0 0 0 1 0 0 0 0 0 0 0 0 0 0 0 0 0 0 0 0 0 0 0 0 0 0 0 0 2 0 0 2 1 0 12 0 0 0 0 0 0 0 0 0 0 0 0 0 0 0 0 0 0 0 0 0 0 0 17 0 0 0 0 0 0 0 0 0 0 0 0 0 0 
 301 37 44 194 82 47 50 446 388 291 75 139 38 213 275 67 35 686 183 0 0 0 0 1 0 0 0 0 1 6 0 3 0 0 0 0 2 72 0 3 0 0 0 5 0 3 0 2 0 0 4 0 0 3 0 0 0 0 0 0 0 0 2 47 3 0 3 0 0 0 0 2 0 52 2 0 0 0 1 5 15 21 20 9 10 0 29 44 10 0 0 0 55 7 14 45 20 14 17 26 0 0 0 0 0 0 0 0 0 0 0 0 0 0 0 0 0 0 16 0 0 0 0 0 0 0 0 0 0 0 0 0 0 0 0 0 0 0 2 0 0 4 0 2 0 0 0 0 0 0 0 0 0 0 0 0 0 0 0 0 8 12 10 18 0 0 9 19 27 18 0 9 17 0 28 23 15 25 0 14 0 0 0 0 0 0 0 0 0 0 0 0 0 0 0 0 0 0 0 0 0 1 0 0 9 0 0 0 0 0 0 0 0 1 0 0 0 0 0 0 0 0 0 0 0 0 0 0 1 0 0 0 0 0 0 0 0 1 0 1 0 10 16 0 0 2 1 0 0 0 2 6 0 0 0 0 0 0 0 0 0 0 8 0 0 0 0 0 0 0 0 0 0 0 0 2 0 0 0 0 0 0 0 0 0 0 0 0 0 0 
 0 0 0 2 78 78 0 0 2 0 4 0 0 1 2 2 0 3 0 0 0 161 176 267 35 176 594 304 115 36 40 31 32 99 162 30 61 317 82 152 0 0 2 0 0 5 3 0 0 0 0 0 0 0 0 0 0 0 0 0 0 0 0 0 3 0 0 0 0 0 1 0 0 0 3 0 0 0 0 0 0 0 2 9 17 11 0 0 0 0 0 11 0 0 0 0 2 0 0 0 0 19 9 0 9 0 19 2 21 1 0 15 25 1 74 8 0 0 0 20 0 0 0 0 0 0 21 0 0 0 0 0 38 0 0 0 0 0 0 0 0 0 0 0 0 0 0 0 0 0 34 0 0 0 0 0 0 2 1 0 0 0 0 0 0 0 0 0 0 0 0 26 0 0 0 0 0 0 0 0 11 8 0 0 10 14 0 8 8 0 8 57 3 20 0 1 0 23 28 18 0 0 2 0 0 0 0 0 0 0 0 0 0 0 3 0 1 0 0 2 0 0 1 0 0 0 0 0 0 12 0 0 0 0 0 0 0 0 0 0 0 0 0 0 0 0 30 0 86 0 0 0 0 0 16 0 0 5 77 0 21 0 0 0 0 0 0 0 0 0 0 1 0 0 0 0 0 0 0 10 0 0 0 0 0 0 0 0 0 0 
 0 0 0 0 0 2 6 0 0 0 0 2 0 2 0 0 0 0 0 0 161 0 253 175 238 32 301 103 229 124 99 31 138 221 49 204 120 327 165 139 0 0 1 0 1 0 3 0 0 0 2 0 6 0 0 0 0 0 0 0 8 1 0 0 0 0 0 0 0 0 0 0 0 0 3 0 0 0 0 1 0 0 0 0 0 0 11 0 0 0 0 0 2 0 0 2 0 1 1 0 23 0 10 0 40 10 57 28 22 1 1 65 0 16 18 10 8 14 11 14 0 0 0 2 0 0 16 0 0 0 0 0 9 0 0 0 0 0 15 0 0 0 0 0 0 0 0 0 0 0 0 0 0 0 0 0 0 0 0 0 0 0 0 0 0 1 0 1 0 0 0 0 0 0 0 0 0 0 1 0 21 23 10 10 38 6 34 59 14 0 20 16 0 9 25 4 7 14 0 0 0 0 0 0 0 0 0 0 1 0 0 7 0 2 0 0 0 0 23 0 0 0 0 0 0 0 0 0 0 0 0 0 0 0 0 0 0 0 0 0 0 0 0 0 0 0 0 0 0 0 0 0 0 0 4 0 0 43 131 0 2 21 0 0 0 0 11 0 0 0 0 0 0 0 0 0 0 0 0 0 0 25 0 0 0 0 18 0 0 0 
 0 0 1 3 2 0 16 0 3 2 0 3 0 4 3 0 0 0 1 0 176 253 0 242 68 81 63 107 297 333 36 48 53 200 250 378 207 197 35 44 0 0 0 0 0 0 84 0 0 0 2 0 31 0 0 0 0 0 0 0 0 0 0 0 0 0 0 0 0 0 0 0 0 0 3 0 0 0 1 0 0 0 13 0 0 0 0 0 0 0 0 0 0 0 0 0 0 0 0 1 0 27 10 13 16 30 27 11 22 17 37 15 0 13 8 18 16 20 0 11 8 0 0 0 0 0 20 3 0 0 0 0 20 12 0 13 0 0 20 35 0 0 0 0 6 0 2 0 0 0 0 1 0 1 0 0 1 0 0 0 0 0 2 0 1 0 0 0 0 0 0 0 0 0 0 1 0 0 0 0 1 16 2 49 52 0 0 7 40 12 10 40 9 36 19 17 23 5 2 0 0 0 0 0 0 0 0 0 0 0 0 0 1 43 12 0 0 0 15 13 0 8 0 0 0 0 0 0 0 0 0 0 0 0 0 0 0 0 0 0 0 0 0 0 0 0 0 0 0 1 0 0 0 0 11 0 0 2 48 3 22 0 0 0 0 0 7 0 0 0 0 0 0 0 0 0 0 2 0 0 0 13 0 0 0 1 11 0 0 0 
 0 0 0 2 0 2 98 0 0 0 0 0 0 0 3 2 2 0 74 1 267 175 242 0 133 116 374 61 80 162 126 202 123 168 90 228 105 135 50 135 125 0 1 0 0 0 26 38 17 0 1 1 130 1 67 0 0 0 0 70 0 1 0 0 0 37 0 0 1 0 0 0 0 0 3 0 0 0 0 0 0 0 0 0 0 0 0 0 0 0 0 0 0 0 0 0 0 0 0 0 0 1 10 9 20 19 10 18 14 1 26 0 0 1 17 0 30 0 0 19 20 14 23 0 0 0 34 19 0 0 0 0 0 6 9 21 52 0 6 27 0 0 9 0 2 0 0 0 0 0 0 0 0 0 0 0 0 0 0 0 2 0 2 0 0 0 0 0 10 0 0 0 6 0 0 0 8 0 0 0 2 21 0 13 31 0 0 14 15 28 13 2 1 1 2 0 9 1 0 0 0 0 0 0 0 1 1 5 0 0 0 0 29 19 0 0 10 0 4 54 0 0 0 0 0 0 0 0 0 0 0 0 0 0 0 0 0 0 0 0 0 0 10 0 0 0 0 0 0 0 0 0 0 0 5 2 4 4 4 1 0 2 0 0 0 0 3 0 0 0 0 0 0 0 0 0 17 0 0 0 0 1 0 0 1 0 10 0 0 0 
 0 0 0 0 11 0 0 1 1 0 73 1 2 0 1 2 0 0 0 0 35 238 68 133 0 167 47 96 224 223 84 133 69 96 64 179 48 328 144 96 67 65 0 0 9 3 3 22 6 0 5 6 66 0 1 44 1 2 0 0 0 0 0 1 2 60 0 0 0 2 0 2 2 0 3 0 0 1 2 0 2 0 0 18 0 0 0 0 2 2 0 0 0 0 0 0 0 0 0 0 0 13 14 2 43 19 0 0 16 0 43 0 0 19 0 0 55 3 0 0 20 15 0 17 32 0 10 32 15 0 0 0 11 0 11 0 30 9 13 0 0 0 0 0 0 0 0 0 0 0 0 0 0 0 0 0 0 0 0 0 0 0 7 0 9 0 0 0 0 0 0 0 5 0 0 0 8 1 0 0 0 0 9 14 3 11 0 1 0 21 25 14 0 0 0 36 11 0 0 0 13 11 0 2 1 0 0 1 13 0 11 0 19 19 15 24 10 10 21 11 0 0 0 0 0 0 0 8 0 0 2 0 0 0 0 0 0 0 0 2 0 0 12 0 0 0 0 1 0 0 0 0 0 0 8 1 0 2 0 0 2 1 0 0 0 0 0 0 0 0 1 0 0 0 0 0 0 0 0 0 0 0 0 0 11 0 0 0 0 0 
 0 205 0 0 0 0 0 0 0 0 209 0 0 1 207 2 0 208 0 0 176 32 81 116 167 0 40 36 91 50 148 180 126 136 120 53 86 188 49 46 0 126 23 0 8 0 94 88 64 0 1 0 23 1 1 49 0 1 61 0 0 0 0 0 0 1 0 0 0 0 0 0 0 0 3 0 0 0 0 0 0 0 1 0 0 0 2 0 0 0 0 0 0 0 0 0 1 0 0 0 0 0 11 14 1 13 1 1 12 11 7 1 0 2 0 25 45 14 0 0 0 11 0 16 0 0 13 17 16 0 0 0 13 19 0 17 0 10 42 29 0 0 0 0 5 0 0 0 0 0 0 2 0 0 0 0 0 1 1 0 0 0 0 0 0 0 0 0 0 0 0 0 0 0 0 0 0 0 0 0 0 0 0 0 10 12 0 10 16 0 0 60 0 10 0 0 4 6 0 0 10 22 0 1 0 0 0 1 37 20 11 0 12 48 14 20 3 29 0 2 0 0 2 0 0 0 0 0 0 18 0 0 0 0 0 0 0 0 0 0 0 0 2 0 0 0 0 0 0 0 0 0 0 0 27 0 0 80 0 0 1 0 0 0 0 13 0 0 0 0 0 2 0 0 0 0 0 0 0 0 0 0 0 0 9 0 1 0 0 0 
 0 205 1 0 3 150 0 0 101 0 0 75 0 0 1 23 3 182 0 0 594 301 63 374 47 40 0 384 68 204 106 45 227 162 260 82 112 46 67 132 0 0 2 0 0 0 3 0 0 0 2 0 0 0 0 0 62 0 0 0 0 1 3 0 0 0 0 0 0 0 0 0 0 0 3 0 0 0 0 0 0 0 1 39 0 0 2 0 0 19 1 0 0 0 0 0 11 0 0 0 31 1 11 0 0 0 16 16 1 13 15 27 0 20 53 55 0 0 2 27 0 0 0 0 0 0 0 0 0 0 0 0 27 0 0 0 0 0 0 1 0 0 2 0 0 0 0 0 0 0 0 0 0 0 0 0 0 0 0 0 0 0 0 11 23 20 0 3 9 0 44 10 0 0 0 22 0 18 0 0 19 12 25 8 22 11 0 25 0 3 13 28 20 9 23 0 33 18 0 2 0 2 0 0 0 0 0 0 0 0 0 13 13 0 0 0 0 21 0 0 0 0 0 15 0 0 0 2 0 0 0 0 0 0 0 0 0 0 0 0 0 0 2 0 0 0 0 0 0 0 0 0 0 0 21 0 0 82 3 1 1 16 0 0 0 0 8 0 0 0 0 1 0 0 0 0 14 0 0 0 0 18 0 0 0 0 17 0 0 0 
 0 0 0 0 44 17 0 0 0 2 1 2 0 0 3 0 0 2 0 0 304 103 107 61 96 36 384 0 382 418 248 42 229 316 344 29 28 12 275 130 0 0 2 4 0 0 3 5 1 0 4 11 0 0 8 3 0 15 0 0 6 3 1 0 3 3 0 2 0 0 0 3 8 3 2 0 3 0 2 2 0 0 0 22 33 24 0 0 0 0 0 2 0 0 0 0 0 0 0 0 23 25 8 0 0 0 29 1 18 19 24 20 12 90 22 0 9 24 12 3 0 0 0 0 0 0 1 2 0 0 0 0 14 0 0 0 0 0 1 0 0 0 0 0 0 0 0 0 0 0 0 0 0 1 0 0 4 0 0 0 0 0 0 0 11 14 0 1 0 1 0 13 0 0 0 0 0 0 0 0 0 0 36 0 4 9 6 18 0 24 27 36 0 37 8 26 0 18 3 27 0 0 0 0 0 0 0 0 0 0 0 5 0 0 0 0 0 0 0 0 0 0 0 0 0 0 0 0 0 0 0 0 0 0 0 0 0 0 0 0 0 0 0 0 0 0 74 0 2 0 0 0 0 18 10 2 0 0 41 2 1 0 0 0 0 0 0 0 0 0 0 0 2 0 0 0 0 0 0 11 0 0 0 0 0 0 1 0 0 0 
 2 0 0 2 0 173 3 2 5 1 2 75 1 2 3 3 1 2 1 1 115 229 297 80 224 91 68 382 0 750 43 114 85 130 260 55 144 172 89 344 0 0 4 1 0 0 3 0 0 0 1 0 0 0 0 0 0 0 1 0 0 2 0 0 0 0 0 0 0 0 0 0 0 0 3 0 0 0 0 0 0 0 0 0 0 7 0 0 0 0 0 0 0 0 0 22 0 0 0 0 0 13 21 1 25 0 0 0 0 50 12 17 23 0 0 51 8 7 3 22 0 2 0 0 0 0 0 0 0 0 1 0 0 12 0 0 0 0 7 0 0 0 0 0 0 0 0 0 0 0 0 0 0 0 0 0 0 0 0 0 0 9 0 0 0 0 0 0 2 0 0 0 0 0 0 0 0 11 0 0 8 12 0 0 0 0 15 1 24 6 12 21 1 17 21 22 13 18 12 0 0 0 0 0 0 0 0 0 0 0 0 0 0 0 0 0 0 0 0 0 0 0 0 0 0 0 0 0 0 0 0 0 0 0 3 0 0 0 0 0 0 0 0 0 0 2 0 0 0 0 0 0 0 0 2 1 2 151 1 3 2 2 0 0 0 0 0 0 0 0 0 0 0 0 0 0 1 0 0 0 0 0 0 0 0 0 0 0 0 1 
 3 4 5 5 83 4 4 3 8 6 7 4 5 4 8 8 4 5 4 6 36 124 333 162 223 50 204 418 750 0 144 116 190 101 99 305 131 486 66 189 0 2 67 3 7 2 5 65 2 0 2 39 0 2 0 8 0 2 2 0 0 2 0 0 2 0 0 0 0 0 1 1 0 0 3 0 0 3 0 0 2 0 0 1 1 0 0 0 2 2 19 0 0 0 0 0 0 0 0 0 12 1 21 0 21 0 8 0 101 0 9 31 13 18 11 0 3 11 0 0 24 0 0 0 0 0 0 1 0 0 0 0 8 0 0 0 0 0 12 0 0 0 0 0 0 0 0 0 0 2 0 0 0 0 0 0 0 0 0 0 0 0 0 0 13 0 0 1 0 0 0 0 0 0 0 0 0 0 10 0 8 26 13 0 30 32 31 10 0 13 23 24 0 0 3 19 11 14 0 18 11 0 0 0 0 0 0 0 0 0 0 32 10 0 9 0 0 1 0 0 0 0 0 29 0 0 0 0 0 2 9 0 0 0 0 42 0 0 0 2 0 0 4 0 0 0 0 0 0 2 0 0 0 0 11 0 3 44 2 2 3 9 0 0 0 0 0 0 0 0 0 0 0 0 0 0 0 0 0 11 0 18 0 1 3 0 11 0 0 0 
 1 0 0 0 0 74 202 1 2 0 1 2 2 1 3 0 0 5 0 0 40 99 36 126 84 148 106 248 43 144 0 126 41 268 137 131 154 87 74 146 0 0 2 4 10 3 7 2 0 0 3 0 0 29 0 0 0 1 43 0 0 2 2 0 3 21 0 0 3 0 0 3 0 3 3 0 0 0 3 2 0 0 0 0 0 0 0 0 0 0 0 0 0 0 17 0 0 0 0 0 12 0 32 11 29 10 0 0 12 1 0 62 1 19 0 24 10 25 0 8 32 0 0 0 0 0 0 8 0 0 0 2 29 8 0 13 10 0 13 2 0 0 0 0 0 0 0 0 1 0 0 0 0 0 0 0 8 0 0 0 0 3 0 0 0 3 0 3 0 0 0 0 0 0 0 0 0 2 0 0 14 14 10 0 11 18 12 9 0 0 15 29 10 0 13 6 19 13 0 0 7 0 0 0 0 0 7 13 7 0 0 10 16 0 0 0 22 0 0 27 2 0 0 0 0 0 0 0 0 0 0 0 0 0 0 0 0 13 0 0 0 0 0 0 0 0 0 0 0 0 0 0 0 0 6 0 1 121 1 3 3 11 0 50 0 0 0 0 0 0 0 12 0 0 0 0 0 0 0 0 0 10 0 0 0 0 0 0 0 0 
 3 209 3 3 3 3 5 3 3 3 212 3 3 3 5 5 77 3 3 3 31 31 48 202 133 180 45 42 114 116 126 0 49 255 46 104 161 280 236 162 134 62 0 2 0 0 64 0 0 0 2 0 64 0 29 0 0 0 0 0 0 3 0 0 0 0 0 0 0 46 0 0 0 0 2 0 0 0 0 0 0 4 0 0 0 0 0 0 0 0 0 0 0 0 0 0 0 0 0 0 0 0 0 24 29 35 0 1 0 3 33 0 0 0 0 27 12 24 0 0 26 14 1 11 0 0 11 20 10 0 0 0 4 31 11 33 8 0 12 0 0 0 0 0 3 0 0 0 0 0 0 5 0 0 0 0 0 0 0 0 0 24 5 0 0 0 0 0 6 0 0 1 7 0 0 0 2 0 0 0 0 0 0 26 0 40 0 0 9 9 39 0 0 7 1 0 35 11 0 0 0 15 0 1 0 0 19 10 8 0 0 0 29 22 9 0 21 0 17 22 0 0 0 0 0 0 0 0 0 0 0 0 0 0 0 0 0 0 0 0 0 0 0 0 0 2 2 0 0 0 0 0 0 0 9 4 1 8 0 1 6 0 0 2 0 0 3 0 0 0 0 2 0 0 0 0 0 0 0 0 0 0 0 0 0 0 1 0 0 0 
 0 0 77 0 0 151 0 0 133 0 2 76 0 0 0 77 0 107 0 0 32 138 53 123 69 126 227 229 85 190 41 49 0 286 48 97 110 21 110 152 2 0 3 0 0 1 3 0 0 0 0 2 0 0 1 0 0 0 0 0 0 1 0 0 0 0 0 0 0 0 0 0 0 0 3 0 0 0 0 0 0 0 0 26 27 14 0 0 0 17 35 2 0 0 0 0 22 0 0 0 14 17 18 0 0 0 22 14 0 0 17 0 26 32 31 17 0 0 9 26 0 0 0 0 0 0 0 0 0 0 0 0 0 0 0 0 0 0 0 0 0 0 0 0 0 2 0 0 0 0 0 0 0 3 0 0 5 0 0 0 0 0 0 13 18 9 0 0 13 0 6 12 0 0 0 14 0 14 0 0 12 26 13 13 15 0 14 7 2 8 33 0 31 7 13 14 0 0 0 9 0 0 2 0 0 0 1 0 0 0 0 0 0 0 0 0 1 16 0 0 0 0 0 0 0 0 0 0 0 0 0 0 1 0 0 0 0 0 0 0 0 0 0 0 0 0 1 0 0 89 0 0 1 0 8 0 1 0 0 0 0 2 0 0 0 0 23 0 0 0 0 0 0 0 0 0 21 0 0 0 0 0 0 0 0 0 13 0 0 0 
 0 4 1 3 93 87 0 1 0 2 4 2 0 0 0 2 2 1 0 0 99 221 200 168 96 136 162 316 130 101 268 255 286 0 718 35 120 314 340 358 0 0 4 2 2 2 3 0 0 0 0 0 1 0 0 0 0 2 0 0 0 1 0 0 0 0 0 0 0 0 0 0 0 0 3 0 0 0 0 0 0 0 0 9 32 12 0 0 0 3 0 12 0 1 0 0 3 0 0 0 7 19 11 0 1 6 29 2 32 0 18 14 82 0 77 0 1 0 0 18 0 0 0 0 0 0 24 0 0 0 0 0 17 0 0 0 0 0 9 0 0 0 0 0 0 2 0 0 0 0 7 0 0 0 0 0 0 1 0 0 0 0 0 0 0 0 0 0 0 0 0 11 0 0 0 7 0 0 0 0 4 15 0 1 9 28 0 10 15 0 14 18 0 40 9 2 22 9 21 7 0 0 2 0 0 0 0 0 0 0 0 0 0 0 1 0 0 0 13 1 0 0 1 0 0 0 0 0 0 0 0 0 1 18 0 0 0 0 0 0 0 0 0 0 0 0 20 0 76 1 0 0 1 0 1 2 1 2 88 0 26 0 1 0 0 0 0 2 0 0 0 0 0 0 0 0 0 0 0 10 0 18 0 2 0 0 0 3 0 0 
 0 0 0 63 73 75 0 0 1 1 0 0 0 0 0 0 3 78 0 0 162 49 250 90 64 120 260 344 260 99 137 46 48 718 0 313 52 494 306 313 0 0 1 0 0 0 3 0 1 0 2 0 0 0 0 0 0 0 0 0 0 0 0 0 0 0 0 0 0 0 0 0 0 0 3 0 0 0 0 0 0 0 0 24 12 0 0 0 0 0 1 6 0 0 0 0 0 0 0 0 1 17 28 0 29 0 0 27 0 0 0 15 13 0 10 30 6 1 10 19 0 0 0 0 0 0 19 1 0 0 0 0 18 0 0 0 0 0 1 0 0 2 0 0 0 0 0 0 0 0 4 0 0 1 0 19 2 0 0 0 0 0 10 0 10 10 0 0 0 2 0 12 0 0 0 10 0 40 0 0 0 0 13 27 10 0 0 5 7 0 1 4 0 19 0 16 0 16 9 1 0 0 0 0 0 0 0 0 0 0 0 0 0 0 0 0 0 10 0 0 0 0 0 0 0 0 0 0 0 0 0 0 0 0 0 0 0 0 0 0 0 0 0 0 0 0 74 0 0 0 0 0 0 0 2 0 0 42 1 2 39 0 0 0 0 0 0 0 0 0 0 0 0 0 0 0 0 0 0 0 0 0 0 0 0 7 0 0 0 0 
 1 0 0 0 0 0 0 0 0 0 0 0 0 0 2 0 74 0 0 0 30 204 378 228 179 53 82 29 55 305 131 104 97 35 313 0 188 128 43 79 0 0 2 2 4 0 5 0 0 0 1 0 62 2 0 0 0 0 0 0 0 5 0 0 0 0 0 0 0 0 0 1 0 0 2 0 0 0 3 0 0 0 0 0 0 0 0 0 0 0 0 0 0 0 0 0 0 0 0 0 0 19 14 11 12 12 6 23 0 35 33 21 0 22 12 1 10 9 0 19 3 1 0 0 0 0 13 14 0 0 0 0 1 18 0 1 7 0 3 1 0 0 0 0 0 0 0 0 0 0 0 0 0 0 0 0 0 0 0 0 0 0 7 1 0 0 0 0 0 0 0 0 4 0 0 0 4 1 0 0 0 20 14 24 48 0 0 38 19 42 20 7 0 0 21 9 30 28 0 2 9 0 0 0 0 0 0 1 0 0 0 3 21 23 11 0 1 0 21 12 2 0 0 0 0 0 0 0 0 0 0 0 0 0 0 0 0 0 0 0 0 0 3 0 0 0 0 0 0 0 0 0 0 0 11 0 1 74 37 0 0 25 0 0 0 0 37 0 0 0 0 0 0 0 0 0 0 0 0 0 0 15 0 0 0 0 4 0 0 0 
 1 5 1 1 2 0 2 1 0 4 7 1 2 1 2 3 5 2 1 2 61 120 207 105 48 86 112 28 144 131 154 161 110 120 52 188 0 135 109 101 0 0 1 0 0 0 3 0 0 0 0 0 63 0 2 2 0 0 0 0 0 1 1 0 0 30 0 0 0 0 0 0 0 0 3 0 0 0 0 0 1 0 0 0 0 2 0 0 0 0 0 0 0 0 0 0 0 0 0 0 0 11 6 0 24 30 13 8 0 13 6 11 0 0 15 1 9 7 0 12 1 0 0 0 0 0 0 8 0 0 0 0 0 0 0 0 8 0 46 1 0 0 0 0 0 0 0 0 0 0 0 0 0 0 0 12 0 0 0 10 0 0 5 0 0 0 2 0 0 0 0 0 5 0 0 0 5 0 0 0 0 45 0 37 29 1 0 26 12 27 19 26 0 8 40 10 38 19 0 0 0 0 0 0 0 0 0 0 0 0 0 4 15 0 0 0 0 0 32 0 0 0 0 0 2 0 0 0 0 0 0 0 0 0 0 0 0 0 0 0 0 0 0 0 0 0 0 0 0 0 0 0 0 0 14 3 0 74 73 16 0 18 0 0 0 0 9 0 0 0 0 0 0 0 0 0 0 0 0 0 0 28 0 0 0 0 9 0 0 0 
 0 1 0 0 0 0 0 2 2 0 2 0 0 0 0 1 3 0 0 72 317 327 197 135 328 188 46 12 172 486 87 280 21 314 494 128 135 0 26 534 24 0 2 0 2 0 3 2 0 0 4 0 24 64 0 2 0 0 1 0 0 1 0 1 0 0 0 0 0 0 0 0 0 0 5 0 0 0 0 2 0 0 0 0 0 8 0 0 0 0 0 0 7 0 0 0 0 0 0 0 0 29 21 9 61 10 7 0 0 20 26 20 0 0 0 18 3 9 0 4 0 0 0 0 0 0 21 0 0 0 0 0 0 22 3 5 0 0 8 0 0 0 0 0 0 0 0 0 0 0 0 14 0 0 0 0 0 0 0 0 0 0 5 0 0 0 0 0 0 0 0 0 0 0 0 0 0 0 0 0 11 13 8 36 9 0 21 0 20 12 0 7 0 12 11 10 21 37 0 0 0 0 0 0 0 0 18 0 0 0 0 14 14 0 16 0 1 0 44 20 0 0 0 0 0 0 0 0 0 0 0 0 0 0 0 0 0 0 0 0 0 0 0 0 0 0 0 0 0 0 0 0 0 0 5 0 3 179 74 0 20 3 0 0 0 0 0 0 0 0 0 0 0 0 0 0 0 0 0 0 0 13 0 0 0 0 0 0 0 0 
 1 1 3 99 153 149 0 0 0 0 0 3 1 0 0 2 0 74 1 0 82 165 35 50 144 49 67 275 89 66 74 236 110 340 306 43 109 26 0 197 1 0 63 28 4 0 3 0 1 6 0 0 0 0 0 3 2 1 0 0 0 0 0 0 0 0 0 0 0 0 0 0 0 0 3 0 0 0 3 0 0 0 0 46 13 0 0 0 0 0 0 45 0 0 0 0 0 0 0 0 11 10 14 0 0 2 0 13 17 0 2 0 13 37 12 30 1 16 21 13 0 0 0 0 0 0 0 0 0 0 0 0 0 0 0 0 0 0 0 2 2 0 0 0 0 0 0 0 0 0 3 0 2 0 0 2 0 0 0 0 0 3 0 0 23 9 1 3 0 0 0 10 0 0 0 9 1 2 0 0 51 0 26 41 0 6 0 9 0 14 0 12 7 1 0 9 0 0 11 8 0 0 0 0 0 0 0 0 0 0 0 15 0 0 0 0 0 9 0 0 0 0 0 0 0 0 0 0 0 0 0 0 0 19 0 0 10 0 0 0 0 0 0 0 0 0 59 0 2 74 0 0 0 0 5 2 0 2 1 0 5 0 0 0 0 0 0 0 0 0 0 0 0 0 0 0 0 0 0 0 0 0 0 0 0 0 0 0 0 8 
 3 3 80 79 79 78 3 3 77 5 3 4 3 3 6 3 3 69 3 3 152 139 44 135 96 46 132 130 344 189 146 162 152 358 313 79 101 534 197 0 0 0 1 4 7 0 3 0 0 0 61 0 0 0 1 0 0 8 0 0 0 0 0 6 0 0 0 0 0 4 0 0 2 0 3 0 3 0 6 0 0 0 0 32 16 21 0 0 0 10 30 15 0 0 0 0 22 0 0 1 29 0 12 11 30 0 6 24 0 0 0 19 12 20 55 37 9 13 21 39 0 0 0 0 0 0 0 0 0 0 0 0 0 0 0 0 0 2 17 0 0 0 0 0 0 0 2 0 0 0 2 0 0 0 0 0 0 0 0 0 0 0 0 11 30 7 0 0 0 0 13 10 0 0 0 13 1 1 0 0 9 20 13 19 13 0 39 8 4 1 10 0 2 1 28 10 0 0 13 9 0 0 0 0 0 0 0 0 0 0 0 0 0 9 0 0 0 14 0 0 0 0 0 8 0 0 0 0 0 0 0 0 0 0 0 0 0 0 0 0 0 0 0 0 0 0 59 0 0 77 0 0 0 0 13 0 3 75 0 0 2 0 0 0 0 0 7 0 0 0 0 0 0 0 0 0 10 2 0 0 0 0 0 0 0 0 1 0 0 0 
 0 0 0 0 0 0 0 0 0 0 3 0 3 0 0 0 3 0 0 0 0 0 0 125 67 0 0 0 0 0 0 134 2 0 0 0 0 24 1 0 0 91 59 119 244 21 227 45 148 109 36 108 30 38 68 34 70 22 65 43 0 7 0 4 9 0 0 0 0 3 209 0 0 0 19 5 0 6 3 0 0 0 0 0 0 0 0 0 0 0 0 0 0 0 0 0 0 0 0 0 0 0 0 0 0 18 0 0 0 0 13 0 0 0 0 0 10 0 0 0 7 35 19 0 1 0 0 6 0 54 65 0 0 22 4 2 6 10 1 1 0 0 0 0 0 1 0 0 0 4 0 5 0 0 27 0 0 0 0 0 0 0 0 8 0 0 0 0 4 19 0 0 8 0 0 0 7 0 0 0 0 0 0 19 0 0 0 0 0 13 6 0 0 0 0 0 0 0 0 0 0 7 0 13 0 3 54 12 0 2 13 0 50 0 12 0 0 0 8 43 1 0 0 10 0 14 0 0 0 0 0 9 0 0 0 0 14 28 0 1 0 0 0 0 0 0 0 0 0 0 0 6 0 2 0 0 0 0 0 2 0 0 2 0 0 0 0 0 0 0 0 0 0 0 0 0 0 0 0 0 0 0 0 0 0 0 0 19 0 0 
 0 0 0 0 0 0 0 0 2 62 67 0 0 0 0 2 0 64 0 0 0 0 0 0 65 126 0 0 0 2 0 62 0 0 0 0 0 0 0 0 91 0 206 104 23 41 166 152 231 37 42 37 98 51 151 108 92 43 129 100 0 0 4 0 0 0 46 0 0 0 0 0 0 0 0 0 0 0 0 0 0 0 0 8 0 0 0 0 0 0 0 0 0 0 0 0 0 0 0 0 0 0 0 0 8 0 0 0 0 0 0 0 0 0 0 0 0 0 0 0 9 0 15 13 22 3 17 34 18 5 16 0 20 4 1 32 0 47 40 6 0 0 0 0 0 0 0 0 0 0 0 0 4 0 3 0 0 13 12 0 0 0 0 0 0 0 0 0 0 0 0 0 0 0 0 0 0 0 0 0 0 0 0 0 1 10 0 0 0 0 0 0 0 0 0 0 0 0 0 0 0 43 4 0 7 1 12 7 28 42 39 0 19 13 23 25 22 22 0 1 0 0 2 0 0 0 0 0 0 0 0 0 10 27 1 0 0 0 3 20 0 0 0 0 0 0 0 0 0 19 0 13 0 2 0 0 0 0 0 2 0 0 23 66 1 2 0 67 0 0 28 0 0 0 0 0 0 0 0 0 0 0 1 0 15 0 0 0 0 0 
 2 0 4 2 0 5 0 2 2 0 0 2 2 2 0 2 4 2 2 0 2 1 0 1 0 23 2 2 4 67 2 0 3 4 1 2 1 2 63 1 59 206 0 128 46 90 142 201 215 144 255 106 95 139 171 31 161 51 92 102 0 3 7 0 4 0 0 0 2 0 1 7 0 0 2 2 0 0 2 0 0 0 0 9 0 0 0 0 0 0 0 0 0 0 0 0 0 0 0 0 0 0 0 0 0 0 0 0 0 0 0 0 0 0 0 0 0 0 0 0 0 13 18 12 12 11 0 0 0 24 11 3 0 8 0 33 0 2 18 14 10 0 0 0 0 0 30 12 1 8 0 0 0 0 0 0 0 0 18 1 0 0 0 0 0 0 0 0 0 0 0 0 0 0 0 0 0 0 0 0 0 0 0 0 0 0 15 0 0 0 0 0 0 0 0 0 0 0 0 0 0 9 3 1 0 0 7 0 34 17 0 0 0 9 21 0 12 16 0 0 0 0 0 0 0 0 0 0 0 0 0 0 7 12 0 12 0 0 9 14 0 0 0 0 0 0 0 0 1 0 0 1 0 0 0 0 0 1 0 1 0 0 1 1 0 19 0 13 0 0 0 0 0 0 0 0 0 0 0 0 0 0 0 0 19 13 0 0 0 0 
 3 3 3 5 3 3 13 3 3 3 3 3 11 3 11 9 3 5 3 5 0 0 0 0 0 0 0 4 1 3 4 2 0 2 0 2 0 0 28 4 119 104 128 0 133 31 309 63 231 115 155 121 66 138 149 578 115 355 64 208 0 259 7 0 0 0 0 0 0 209 0 0 0 0 51 209 0 0 0 0 0 0 0 0 0 0 0 0 0 0 0 0 0 0 0 0 0 0 12 0 0 0 0 0 0 3 7 0 0 0 0 0 0 0 0 0 0 0 0 0 0 0 13 10 29 24 0 0 1 8 24 0 0 0 0 27 12 16 0 0 20 0 0 0 0 0 21 0 5 0 0 0 0 0 8 0 0 0 29 2 0 12 0 4 0 0 0 5 0 0 0 0 0 6 0 0 0 0 10 0 0 0 1 0 0 0 0 0 0 0 0 0 0 0 0 11 0 0 0 0 18 0 24 13 11 9 6 0 0 12 33 24 0 0 0 8 88 23 0 0 0 5 12 0 0 0 0 0 12 8 0 0 52 15 0 0 19 0 18 14 0 0 0 0 0 0 0 0 0 0 0 6 0 0 0 0 2 0 0 28 0 18 1 66 1 2 0 40 0 0 0 0 0 0 0 0 0 0 0 0 0 0 0 0 0 0 0 18 0 0 
 0 0 0 2 65 0 0 0 0 6 0 0 3 0 3 5 1 0 0 0 0 1 0 0 9 8 0 0 0 7 10 0 0 2 0 4 0 2 4 7 244 23 46 133 0 130 33 282 91 298 157 53 65 54 97 91 68 76 90 290 104 100 55 0 0 0 5 48 0 9 0 0 46 68 55 7 10 25 109 53 0 0 0 0 0 0 0 0 0 6 0 0 0 0 0 0 0 0 0 0 0 0 7 0 3 0 0 0 0 0 10 0 0 0 0 0 0 0 0 0 1 0 0 9 10 51 0 7 0 0 0 0 2 0 0 0 0 0 0 0 43 22 27 0 0 0 38 2 0 6 0 0 12 4 0 19 0 1 0 3 0 0 0 0 5 0 0 0 0 0 0 0 0 0 0 4 0 0 0 0 0 0 0 0 0 0 0 0 0 0 1 0 0 0 0 0 0 2 0 0 7 0 0 0 9 19 0 0 1 0 0 72 28 2 0 0 0 0 0 0 0 21 3 4 0 0 1 18 14 12 0 22 21 0 22 0 0 13 38 20 28 1 49 0 0 0 0 0 63 0 0 9 0 0 42 0 0 0 0 0 0 13 0 0 0 2 2 1 0 0 0 0 0 0 0 0 0 0 0 0 0 0 0 0 0 0 0 0 11 0 
 3 3 3 3 5 3 3 3 3 3 4 3 3 3 3 3 3 5 3 3 5 0 0 0 3 0 0 0 0 2 3 0 1 2 0 0 0 0 0 0 21 41 90 31 130 0 71 101 33 137 523 51 23 42 108 292 109 63 61 41 70 51 64 0 0 1 59 69 19 79 0 0 54 0 0 0 52 0 51 106 0 0 0 0 0 0 0 0 0 0 0 0 0 0 0 0 0 0 0 0 0 0 0 0 0 0 0 0 0 0 0 0 0 0 0 0 0 0 0 0 0 0 0 8 7 9 0 0 18 0 11 10 0 0 0 0 0 0 0 0 5 46 7 12 0 0 13 42 0 14 0 0 11 10 0 18 0 18 0 0 0 0 0 0 0 0 0 0 0 0 0 0 0 0 0 0 0 0 5 0 0 0 0 0 0 0 0 0 0 0 0 0 0 0 0 0 0 0 0 0 0 0 0 0 12 24 0 0 0 0 0 25 0 0 0 0 0 0 0 0 37 0 13 0 0 0 21 14 0 25 0 0 0 28 18 0 2 7 1 13 21 0 11 0 0 0 0 0 0 0 0 12 0 0 0 0 0 0 0 0 0 0 0 0 5 0 0 0 0 0 0 0 0 0 0 0 0 0 0 0 0 0 0 0 0 15 0 0 7 0 
 0 0 0 0 0 0 0 0 0 0 0 4 0 2 0 0 2 0 1 0 3 3 84 26 3 94 3 3 3 5 7 64 3 3 3 5 3 3 3 3 227 166 142 309 33 71 0 185 127 66 110 92 226 104 129 105 178 69 140 190 0 0 0 0 0 0 0 0 0 0 0 0 62 0 0 0 0 0 0 0 0 0 0 0 0 0 0 0 0 0 0 0 0 0 0 0 0 0 0 0 0 0 0 8 0 0 0 0 0 1 13 0 0 0 0 0 0 0 0 0 12 14 0 0 0 0 13 12 48 6 0 0 12 0 11 26 0 24 1 0 0 0 0 0 0 0 0 0 0 0 0 0 0 0 0 0 0 0 15 0 0 0 0 1 0 0 0 0 0 0 0 0 0 0 0 0 0 0 0 0 0 0 0 19 23 11 0 0 10 12 0 6 0 0 0 0 10 2 0 0 20 11 1 21 0 0 9 10 38 0 17 0 19 13 12 0 1 2 0 10 0 0 0 0 0 0 0 0 0 0 0 0 11 0 0 0 0 0 0 0 0 0 0 0 0 0 0 0 0 24 0 2 0 1 0 0 0 0 0 1 0 0 3 68 0 2 2 0 1 0 0 0 0 0 0 0 0 0 0 0 0 0 0 0 1 32 0 0 0 0 
 2 2 2 2 2 2 5 2 5 2 2 2 2 2 0 5 0 2 2 2 0 0 0 38 22 88 0 5 0 65 2 0 0 0 0 0 0 2 0 0 45 152 201 63 282 101 185 0 92 190 47 107 246 169 117 50 205 247 66 227 0 0 0 0 4 6 0 0 0 0 0 0 6 0 3 0 4 4 4 0 0 0 0 0 0 0 0 0 0 0 0 0 6 0 0 0 0 0 0 0 0 0 0 0 0 0 0 0 0 0 0 0 0 0 0 0 0 0 0 0 0 25 4 11 8 0 7 10 13 35 0 4 10 0 10 11 0 18 11 1 0 0 10 0 0 0 0 6 1 11 0 0 0 0 0 0 0 0 17 3 0 0 0 0 0 0 0 0 0 0 0 0 0 0 0 0 0 0 0 0 0 0 0 1 0 48 0 0 5 0 0 0 0 0 0 0 0 0 10 0 0 29 2 10 0 0 21 54 23 0 38 6 1 11 18 9 4 16 0 0 0 0 0 0 0 0 0 0 0 0 0 0 0 0 0 4 0 0 0 0 0 0 0 0 0 0 0 0 0 0 0 13 0 0 0 0 0 0 0 1 0 0 0 72 1 0 0 0 0 0 0 0 0 0 0 0 0 0 0 0 0 0 0 0 25 13 0 0 0 0 
 0 0 0 0 0 0 0 0 0 83 1 0 0 0 0 0 3 0 0 0 0 0 0 17 6 64 0 1 0 2 0 0 0 0 1 0 0 0 1 0 148 231 215 231 91 33 127 92 0 69 59 42 375 138 144 56 42 135 170 72 2 0 8 3 1 2 0 0 0 0 0 0 68 1 2 0 0 0 0 1 0 2 0 0 0 0 0 0 0 0 0 0 0 0 0 0 0 0 0 0 0 0 0 0 0 0 0 0 0 0 0 0 0 0 0 0 0 0 0 0 23 0 42 0 30 24 0 2 12 12 30 5 12 13 0 48 1 43 5 8 0 0 0 0 4 0 2 0 0 0 0 0 3 0 15 0 0 0 36 0 0 0 0 0 0 0 0 0 1 0 0 0 0 0 0 0 0 0 0 0 0 0 0 0 23 14 0 0 0 0 0 0 0 0 0 0 0 0 0 0 11 0 0 17 0 4 20 13 20 45 14 3 0 0 0 18 54 41 0 11 0 0 0 0 0 0 0 0 0 0 0 0 0 19 7 1 0 0 8 15 0 0 0 0 0 0 0 0 0 26 0 7 0 1 0 0 0 0 0 1 2 0 73 0 0 13 0 69 0 0 21 0 0 0 0 0 0 0 0 0 0 0 11 0 0 0 0 4 0 0 
 0 0 0 0 0 0 0 0 0 0 0 0 2 0 1 3 0 0 0 0 0 0 0 0 0 0 0 0 0 0 0 0 0 0 0 0 0 0 6 0 109 37 144 115 298 137 66 190 69 0 150 110 41 87 113 322 123 498 84 186 0 1 0 50 0 0 0 0 0 0 0 0 53 0 0 0 0 2 52 1 0 0 0 0 0 0 0 0 0 0 0 0 0 0 0 0 0 0 0 0 0 0 0 0 0 0 0 0 0 0 0 0 0 0 0 0 0 0 0 0 10 30 9 11 4 11 0 1 8 31 8 55 1 0 27 0 0 0 0 0 0 20 9 0 0 0 16 6 0 16 0 0 18 1 0 8 0 0 27 14 0 0 0 0 0 0 0 0 0 0 3 0 0 0 47 0 8 0 8 0 0 0 0 0 0 1 0 0 0 0 0 0 0 0 0 0 0 0 0 0 0 27 21 7 0 0 0 19 0 0 37 35 0 0 23 17 0 0 0 0 9 0 1 0 0 0 10 1 0 0 0 0 0 24 0 0 21 0 0 12 0 0 0 0 0 0 0 0 0 0 0 5 0 2 0 0 0 0 0 0 0 0 1 0 0 2 0 0 2 0 0 0 0 0 0 0 0 0 0 0 0 0 0 0 19 8 0 0 0 0 
 4 4 3 3 5 2 4 2 2 4 13 4 3 2 5 14 4 2 12 4 0 2 2 1 5 1 2 4 1 2 3 2 0 0 2 1 0 4 0 61 36 42 255 155 157 523 110 47 59 150 0 186 261 32 146 151 211 94 66 67 51 51 0 0 0 0 0 0 0 0 209 0 9 18 0 0 0 0 52 1 0 0 0 0 0 0 7 0 0 0 0 0 0 0 0 0 0 0 0 0 0 0 0 0 0 0 0 0 0 0 0 0 0 0 0 0 0 0 0 0 1 10 0 5 44 16 0 0 0 31 19 6 1 0 1 0 19 10 0 0 10 1 7 0 0 0 26 0 6 12 10 0 0 0 0 0 0 1 0 14 0 0 0 0 4 0 0 0 0 0 0 0 0 0 0 0 3 0 0 0 0 0 0 0 0 0 0 0 0 0 0 0 0 0 0 0 0 8 0 0 0 14 0 13 23 6 0 0 0 0 11 0 0 0 11 0 0 6 0 0 0 0 9 0 0 0 0 10 0 1 0 0 0 0 9 0 0 7 6 1 0 0 0 0 0 0 0 0 2 0 0 12 0 0 0 0 0 2 0 0 2 0 2 0 2 0 0 0 0 0 0 0 0 0 0 0 0 0 0 0 0 0 0 0 0 0 0 0 0 1 
 0 0 2 0 2 5 0 0 7 0 0 0 2 0 3 17 2 2 0 0 0 0 0 1 6 0 0 11 0 39 0 0 2 0 0 0 0 0 0 0 108 37 106 121 53 51 92 107 42 110 186 0 75 84 34 105 218 147 90 162 0 0 0 0 0 0 0 0 0 0 209 0 0 21 66 5 1 2 58 5 0 0 0 0 0 0 0 0 0 0 19 0 0 0 0 0 0 0 0 0 0 0 0 0 0 9 0 0 6 0 0 0 0 0 0 0 0 0 0 0 0 42 0 1 0 0 0 0 7 40 13 13 0 0 34 0 28 0 0 0 0 0 0 0 0 0 5 0 0 0 0 0 10 0 0 1 0 0 0 0 0 0 0 1 0 0 0 0 0 0 0 0 0 0 0 0 8 0 0 0 0 0 0 0 0 0 11 0 0 0 0 0 0 0 0 0 0 0 0 0 6 16 0 24 14 6 4 14 0 9 22 2 0 0 9 44 12 0 0 0 0 1 0 3 0 0 13 0 14 7 0 42 36 14 0 20 0 0 0 20 32 0 0 0 0 0 0 0 0 0 0 2 0 0 0 0 0 0 0 15 0 0 0 4 76 0 0 2 0 0 0 0 0 0 0 0 0 0 0 0 0 0 0 0 0 22 0 0 0 0 
 0 0 36 3 0 0 0 0 2 0 0 5 1 65 0 1 0 0 0 0 0 6 31 130 66 23 0 0 0 0 0 64 0 1 0 62 63 24 0 0 30 98 95 66 65 23 226 246 375 41 261 75 0 156 44 34 47 61 265 130 0 0 3 5 0 0 0 0 0 2 0 52 1 0 0 3 0 6 6 0 0 0 0 0 0 0 0 0 0 0 0 0 0 0 0 0 0 0 0 0 0 0 0 16 0 0 0 1 0 18 19 0 0 0 0 0 0 0 0 0 18 0 0 0 0 0 10 0 11 0 0 7 12 50 5 42 0 0 28 40 0 0 0 0 0 0 0 0 0 0 0 6 0 0 0 0 0 0 2 0 0 0 0 0 0 0 0 0 0 0 0 0 0 0 0 0 0 0 0 0 0 0 0 27 3 0 0 0 19 19 0 8 0 0 0 0 6 0 0 0 1 7 6 1 0 0 51 0 45 9 0 0 41 37 0 0 0 10 20 45 0 0 0 0 0 0 0 0 0 0 0 0 0 0 0 0 0 0 0 0 0 0 0 0 0 0 0 0 0 0 0 20 0 0 0 0 0 0 0 0 0 0 0 1 0 19 3 0 0 0 0 0 0 0 0 0 0 0 0 0 0 0 0 0 0 1 0 0 0 0 
 0 0 65 0 0 0 0 0 0 0 2 0 0 0 6 1 0 3 0 3 0 0 0 1 0 1 0 0 0 2 29 0 0 0 0 2 0 64 0 0 38 51 139 138 54 42 104 169 138 87 32 84 156 0 53 40 196 78 165 181 0 0 0 0 0 6 0 0 0 0 0 0 0 0 0 0 0 0 0 0 7 4 0 0 0 0 0 8 0 0 0 0 3 2 5 6 11 0 0 6 0 0 0 23 0 19 0 0 0 1 0 13 0 0 0 0 0 33 0 0 1 24 12 0 0 0 0 14 1 10 0 10 0 1 7 0 32 31 0 0 0 0 0 0 0 23 0 4 0 3 0 0 0 0 0 0 0 0 17 0 0 0 6 20 0 0 10 1 5 7 0 5 0 1 1 0 0 3 0 3 0 0 0 0 0 0 0 0 0 0 0 0 0 0 0 0 0 0 0 0 29 16 36 14 11 38 31 35 0 14 32 19 0 0 11 2 30 0 0 11 0 0 0 0 0 0 0 0 0 0 0 0 20 0 0 0 0 0 0 0 0 4 0 0 0 0 0 0 0 19 0 19 0 2 0 0 0 0 0 14 0 0 11 64 67 0 3 0 0 0 0 0 0 0 0 0 0 0 0 0 0 0 0 0 9 0 0 0 0 0 
 0 63 1 0 31 0 0 0 0 90 63 0 0 67 0 65 66 6 0 0 0 0 0 67 1 1 0 8 0 0 0 29 1 0 0 0 2 0 0 1 68 151 171 149 97 108 129 117 144 113 146 34 44 53 0 93 117 48 60 96 0 3 2 3 3 16 2 0 0 12 5 0 0 0 0 0 0 0 0 0 0 0 0 0 2 0 0 0 7 0 6 0 0 0 0 0 0 0 0 0 0 0 0 14 0 0 0 28 0 0 11 0 0 0 0 0 0 0 21 0 9 15 16 25 15 7 9 22 10 20 10 10 0 0 0 26 19 9 19 0 0 0 0 0 0 2 1 4 2 7 1 0 0 10 0 0 0 8 15 9 0 0 0 0 0 0 0 0 0 0 0 0 0 0 6 0 0 0 0 0 0 0 0 14 3 1 0 0 0 0 0 0 0 0 0 0 8 0 20 0 0 12 8 15 0 0 0 0 0 10 43 0 30 18 13 0 10 32 0 0 0 0 0 2 0 6 0 0 1 0 0 5 0 12 0 0 0 0 8 6 0 8 0 0 0 0 0 0 0 1 0 63 0 0 0 0 0 0 0 0 0 0 0 2 0 2 3 64 0 0 0 0 0 0 0 0 0 0 0 0 0 0 0 0 18 0 0 0 0 0 
 0 0 0 0 0 0 2 0 0 4 0 0 0 0 0 0 2 2 0 0 0 0 0 0 44 49 0 3 0 8 0 0 0 0 0 0 2 2 3 0 34 108 31 578 91 292 105 50 56 322 151 105 34 40 93 0 247 105 40 145 0 0 5 0 0 0 1 6 0 2 0 2 4 0 2 0 0 2 3 2 0 0 0 0 0 0 0 0 0 0 0 0 0 0 0 0 0 0 0 0 0 0 0 0 0 0 0 0 0 0 0 0 0 0 0 0 0 0 0 0 9 35 1 25 4 8 0 9 17 10 20 3 12 0 0 11 18 35 9 0 1 14 0 0 0 15 8 0 7 0 0 0 1 1 0 0 4 0 25 10 0 0 0 6 0 0 0 0 0 0 0 0 0 0 0 0 9 0 0 0 0 0 0 0 0 12 0 0 0 0 0 0 0 0 0 0 0 0 0 0 12 17 26 20 15 3 0 1 9 0 68 21 0 0 24 23 18 28 0 0 0 22 13 1 0 0 3 8 1 0 0 0 63 0 18 0 0 0 17 1 0 0 0 0 0 0 0 0 0 0 0 10 0 1 0 0 1 0 0 40 0 0 0 64 1 0 1 0 0 0 0 0 0 1 0 0 0 0 0 0 0 3 9 0 6 0 0 0 0 0 
 0 0 1 0 0 0 1 0 43 0 0 0 0 0 2 1 0 0 0 0 0 0 0 0 1 0 62 0 0 0 0 0 0 0 0 0 0 0 2 0 70 92 161 115 68 109 178 205 42 123 211 218 47 196 117 247 0 224 45 105 0 0 0 0 0 5 0 0 0 4 6 1 0 0 0 0 0 0 0 0 0 0 0 0 0 0 0 0 0 0 0 0 0 0 1 0 0 0 0 0 0 0 0 0 0 3 0 0 0 0 0 0 0 0 0 0 0 0 0 0 0 42 16 10 8 7 0 0 8 36 0 9 0 1 4 1 32 26 0 0 0 0 0 0 7 2 1 10 0 4 12 0 0 0 0 0 0 0 16 4 0 0 0 0 0 0 0 0 0 0 0 0 0 15 0 0 0 0 0 0 0 0 0 0 0 2 0 0 0 0 0 0 0 0 0 0 0 0 0 0 18 34 30 22 13 41 13 16 33 8 40 19 0 47 18 8 26 20 0 0 0 0 0 0 0 0 0 0 0 0 0 0 0 0 0 0 0 0 0 1 0 0 0 0 0 0 0 0 0 0 0 0 0 0 0 0 0 0 0 16 0 0 1 5 4 2 1 0 1 0 0 0 0 0 0 0 0 0 0 0 0 0 0 0 10 16 0 0 0 0 
 0 0 0 3 0 1 1 0 0 0 0 0 0 4 0 1 3 2 0 0 0 0 0 0 2 1 0 15 0 2 1 0 0 2 0 0 0 0 1 8 22 43 51 355 76 63 69 247 135 498 94 147 61 78 48 105 224 0 176 116 0 0 3 0 0 0 8 0 0 213 0 0 0 0 0 7 8 2 0 0 0 0 0 0 0 0 0 0 0 0 0 0 0 0 0 0 0 0 0 0 0 0 0 0 0 11 0 0 0 0 0 0 0 0 0 0 0 0 0 0 7 37 0 7 0 23 0 8 14 7 7 1 13 0 9 0 18 29 0 10 22 11 0 0 0 0 18 0 0 0 0 0 0 0 0 16 0 0 17 0 0 0 0 20 0 0 0 0 0 0 0 0 0 0 0 0 0 0 0 0 0 0 0 0 0 7 0 0 0 0 0 0 0 0 0 0 0 0 0 0 25 0 33 50 12 15 10 43 19 22 54 29 0 0 2 5 52 0 0 0 0 3 0 0 0 0 1 6 0 0 0 0 21 0 14 0 0 0 0 0 0 0 14 0 0 0 0 0 0 0 0 5 0 11 0 0 1 0 0 16 0 2 37 62 66 7 7 1 3 0 0 0 0 0 0 0 0 0 0 0 0 0 0 0 0 0 0 0 1 0 
 0 0 0 0 0 0 0 0 0 0 5 0 0 0 0 0 0 0 0 0 0 0 0 0 0 61 0 0 1 2 43 0 0 0 0 0 0 1 0 0 65 129 92 64 90 61 140 66 170 84 66 90 265 165 60 40 45 176 0 179 0 0 0 0 0 6 0 0 0 0 0 3 0 0 4 0 0 0 0 0 0 0 0 0 0 0 0 0 0 0 0 0 0 0 0 0 0 0 0 0 11 0 0 21 2 19 6 0 0 0 0 13 0 0 0 1 1 7 0 0 20 24 21 0 0 0 12 26 9 0 0 0 7 5 2 25 53 9 23 26 0 0 0 0 0 0 0 0 0 0 0 0 0 0 0 0 0 0 0 0 0 0 0 0 0 0 0 0 3 0 0 0 0 0 0 0 0 0 0 0 0 0 0 0 0 10 0 0 1 0 1 0 0 1 10 0 0 0 0 0 49 1 0 0 18 10 23 24 27 27 1 0 0 0 0 35 14 11 0 28 0 0 0 0 0 1 0 0 0 0 0 0 0 0 0 0 0 0 0 0 0 0 0 0 0 0 0 0 0 0 0 15 0 0 1 0 0 0 0 0 0 0 64 0 5 3 1 0 2 0 10 0 0 0 0 0 0 0 0 0 0 0 0 0 0 0 0 0 0 0 
 0 0 0 0 0 0 0 0 0 0 0 61 0 3 5 0 0 0 4 0 0 0 0 70 0 0 0 0 0 0 0 0 0 0 0 0 0 0 0 0 43 100 102 208 290 41 190 227 72 186 67 162 130 181 96 145 105 116 179 0 0 0 0 1 0 0 0 0 0 0 0 0 0 11 0 0 3 6 0 0 0 0 0 0 0 0 0 0 0 0 0 0 0 0 0 0 0 0 0 0 0 0 0 0 0 14 0 0 0 0 0 0 0 0 0 0 0 0 0 0 0 40 20 0 0 0 0 0 0 38 0 10 16 0 39 70 13 14 0 0 0 0 6 0 0 0 0 11 6 3 27 0 0 0 0 0 0 3 29 0 0 0 0 0 0 0 0 0 0 0 0 0 0 0 0 0 0 0 0 0 0 0 0 0 0 0 0 0 0 0 0 0 0 0 0 0 0 3 0 0 38 17 40 16 15 11 19 20 19 9 74 31 0 8 10 0 71 25 0 0 0 0 0 1 8 0 0 0 4 0 3 0 14 0 0 0 0 6 0 0 0 0 0 0 0 0 0 0 0 0 0 10 0 0 0 0 0 0 0 22 0 0 4 7 64 3 7 0 0 0 17 0 0 0 0 5 0 0 0 0 0 0 0 0 14 4 0 0 0 0 
 1 0 0 0 0 0 0 0 0 0 0 0 0 0 0 3 0 0 0 0 0 8 0 0 0 0 0 6 0 0 0 0 0 0 0 0 0 0 0 0 0 0 0 0 104 70 0 0 2 0 51 0 0 0 0 0 0 0 0 0 0 148 197 45 108 27 205 296 319 97 59 38 154 137 41 45 20 92 53 72 0 0 0 0 0 0 0 0 0 16 0 0 0 0 0 0 0 0 0 0 0 0 21 0 0 0 0 0 0 0 0 0 0 0 0 0 0 0 0 0 0 0 0 18 2 11 0 0 0 0 0 0 0 0 0 0 0 0 0 0 7 10 29 27 0 26 13 8 1 18 0 40 27 20 0 29 2 5 14 14 0 0 0 0 1 0 0 0 0 0 0 0 0 0 0 13 0 0 0 0 0 0 0 0 0 0 0 0 0 0 0 0 0 0 0 0 0 0 0 0 0 0 0 0 18 39 0 0 0 0 0 4 0 0 0 0 0 0 0 0 51 7 18 5 0 0 13 15 0 39 8 0 3 9 9 13 0 3 20 9 0 0 0 0 0 0 0 0 0 0 0 0 0 0 24 0 0 0 0 0 0 0 0 51 0 0 0 0 0 0 2 0 0 0 1 2 0 0 0 0 0 0 0 0 0 0 0 0 0 0 
