 0 280 165 36 53 29 269 154 41 181 55 118 26 140 391 75 110 57 236 55 0 0 6 0 3 4 0 0 0 2 0 2 0 0 0 1 0 0 0 0 0 0 0 3 3 0 3 0 3 4 2 0 0 0 0 0 1 4 0 0 1 1 0 0 0 2 0 0 0 0 7 3 0 0 2 0 0 2 0 2 28 12 24 9 11 0 34 77 24 44 0 26 21 45 0 17 8 0 19 8 0 2 0 0 0 0 0 1 0 0 0 0 24 0 0 0 0 0 17 0 0 0 0 0 0 0 0 0 0 0 0 0 0 0 0 0 0 0 1 0 0 0 0 0 0 0 0 0 0 0 0 0 0 0 0 0 0 14 0 0 42 32 0 12 0 0 1 18 3 15 25 10 0 16 1 25 0 14 10 9 0 0 0 0 0 2 1 0 0 0 0 0 0 0 0 0 0 0 0 10 0 0 0 0 0 0 1 0 0 0 0 0 0 0 0 0 0 0 0 0 0 0 0 0 0 0 0 0 0 0 0 0 0 0 0 0 0 0 0 0 0 0 13 0 0 0 0 0 1 0 0 0 0 0 0 1 0 2 0 0 0 0 0 0 0 0 0 0 0 0 0 0 0 0 0 0 7 0 0 0 0 0 0 0 0 0 0 0 0 0 
 280 0 189 469 50 35 86 230 150 138 193 148 49 143 150 125 270 31 151 188 0 0 0 0 3 4 0 2 4 0 2 0 0 6 6 0 0 1 4 0 0 0 6 5 2 0 0 3 0 2 0 6 0 6 0 0 0 3 0 4 1 0 0 0 4 0 0 0 0 0 0 2 35 0 0 0 0 0 2 0 10 15 1 5 1 0 19 32 22 66 0 10 8 16 0 12 17 1 0 16 0 0 0 0 0 0 0 0 0 0 0 0 2 0 0 0 0 0 38 0 0 0 0 0 0 0 0 0 0 0 0 0 0 0 0 0 0 0 0 0 0 0 0 43 0 0 0 0 0 0 0 0 0 5 0 0 0 0 0 0 0 0 0 9 0 0 10 0 0 52 2 0 12 1 16 19 1 0 19 0 0 0 0 0 0 0 0 0 0 0 0 0 0 0 0 0 0 0 0 16 0 0 0 0 0 0 0 0 0 0 0 0 0 0 0 0 0 0 0 0 0 0 0 0 0 0 0 0 0 0 0 3 0 0 0 0 0 0 0 0 0 0 0 0 0 2 0 2 0 1 0 9 10 0 0 0 0 0 0 0 0 0 0 0 0 0 0 0 0 0 0 0 0 0 0 0 0 0 0 0 0 0 0 0 0 0 0 0 0 0 
 165 189 0 305 60 63 107 113 369 451 36 342 67 256 54 151 368 220 142 197 0 0 2 0 3 3 0 0 0 0 207 0 0 0 0 0 2 0 37 0 0 0 0 2 0 0 0 3 0 0 0 2 0 0 0 0 0 3 0 0 1 2 0 0 0 0 0 0 0 0 0 0 0 0 0 0 0 0 2 0 0 10 25 0 11 7 8 21 16 1 16 14 0 23 0 24 27 27 18 9 0 0 0 0 0 0 0 0 0 0 0 0 0 0 0 0 0 0 10 0 2 0 0 0 0 0 0 2 0 0 0 0 0 0 0 0 17 0 11 0 0 0 0 1 1 1 0 0 0 0 0 0 0 0 1 0 0 4 0 0 1 1 9 15 0 9 13 11 19 1 0 1 0 0 27 17 0 0 0 0 2 2 0 0 1 0 11 0 0 0 3 0 0 20 0 0 0 0 2 10 0 0 0 0 0 0 0 0 4 0 11 0 0 0 0 2 0 0 0 0 0 0 0 0 2 2 0 0 1 0 0 0 0 0 0 0 0 0 0 11 1 2 0 0 2 4 2 0 0 93 0 10 2 0 0 0 0 0 0 0 0 0 15 0 0 0 0 0 0 2 0 0 0 2 0 0 0 0 0 0 0 0 0 0 0 0 0 0 0 0 
 36 469 305 0 178 134 111 114 180 207 54 255 60 219 136 322 51 327 41 157 72 0 0 1 8 5 0 0 0 0 3 0 0 0 0 1 2 0 153 3 0 0 0 3 0 1 0 2 0 2 0 4 0 0 2 0 0 3 0 1 8 0 0 0 4 2 0 0 0 0 2 0 3 3 0 0 0 0 4 0 0 4 10 0 4 0 0 1 0 0 12 0 0 12 41 12 11 19 0 21 0 0 0 0 0 0 0 0 0 0 0 0 0 0 0 0 0 0 0 1 0 0 0 0 0 0 0 0 0 0 0 0 0 0 0 0 4 0 0 0 0 0 3 0 0 0 0 0 10 0 0 0 0 0 0 9 0 0 0 0 16 9 64 5 13 21 0 14 0 0 11 0 0 8 40 3 73 0 12 0 0 0 0 0 0 0 0 0 0 0 0 0 0 19 0 0 0 0 0 13 0 0 0 0 0 0 0 0 0 0 0 0 0 0 0 0 0 1 0 0 0 0 25 2 0 0 0 2 0 0 0 0 0 0 0 0 0 0 0 0 0 0 0 0 0 1 1 0 3 92 6 6 11 0 0 0 0 0 0 0 0 0 0 0 0 0 2 0 0 0 0 0 0 0 0 10 1 9 0 0 0 0 0 0 0 0 0 0 0 0 
 53 50 60 178 0 87 264 87 206 207 286 40 62 79 144 489 69 44 39 175 0 73 0 0 3 4 5 5 0 0 0 0 163 74 1 0 0 0 37 149 0 0 0 3 0 0 0 2 0 0 0 2 0 0 0 0 0 3 0 0 3 0 0 0 1 1 0 0 0 0 0 0 0 0 0 0 0 0 2 2 0 9 28 18 6 22 0 19 0 0 30 21 0 0 0 30 0 38 0 10 20 12 13 15 0 0 7 0 0 0 0 0 0 17 0 14 0 10 14 20 0 0 0 0 2 0 2 0 0 0 1 0 0 0 0 0 0 0 0 0 0 0 4 0 0 0 0 16 0 0 0 0 0 0 0 0 0 0 0 0 0 0 12 10 29 26 0 11 22 0 0 23 0 14 13 0 13 34 11 0 10 0 0 1 0 0 34 0 0 12 0 0 15 11 12 0 0 0 3 34 0 0 0 0 0 0 0 0 0 0 4 0 0 0 0 10 0 0 0 0 0 0 0 0 0 0 14 1 0 1 0 2 0 0 0 0 2 0 0 0 0 0 0 0 0 2 2 3 5 3 0 11 0 0 0 0 0 0 0 0 0 0 0 0 0 2 0 0 0 0 0 0 0 0 0 14 21 14 0 0 0 0 0 0 0 0 0 0 0 0 
 29 35 63 134 87 0 41 39 61 191 160 324 22 141 72 170 280 146 33 43 63 151 4 0 3 3 80 4 74 2 77 1 75 86 74 77 119 74 113 161 31 0 3 4 0 0 0 4 0 3 0 67 1 0 0 7 0 3 0 0 0 0 0 0 12 0 0 0 5 3 0 3 0 0 0 0 0 0 3 10 0 0 12 0 6 34 0 0 0 0 34 0 0 0 0 0 0 16 0 0 8 23 21 7 0 0 28 0 0 1 12 11 17 20 12 0 21 14 36 7 0 0 0 0 0 0 0 0 0 0 0 0 1 0 0 0 8 21 2 0 0 0 0 1 0 0 0 0 0 0 0 5 0 0 1 0 0 0 0 0 0 0 9 29 23 0 0 0 0 0 0 0 0 0 0 0 0 0 0 0 17 23 1 0 1 0 0 82 0 15 11 1 0 30 0 0 10 17 42 12 0 0 0 0 0 0 0 0 0 0 0 0 0 0 0 0 0 0 2 0 0 0 0 0 2 0 0 0 0 0 0 0 0 0 0 0 0 0 0 0 0 0 0 0 0 6 0 0 8 99 0 5 0 0 0 0 0 0 0 0 0 0 0 0 0 0 0 0 0 0 0 0 0 0 0 0 0 0 0 2 0 16 0 0 0 9 0 0 0 0 
 269 86 107 111 264 41 0 138 321 252 28 33 161 152 217 54 220 88 233 139 0 0 0 0 4 3 0 0 0 0 4 1 0 0 0 0 0 0 0 0 0 0 0 2 0 0 0 3 0 0 0 3 0 0 0 0 0 3 0 0 1 0 0 0 0 0 0 0 0 51 0 3 47 0 0 0 0 0 2 0 0 14 26 2 0 7 29 1 16 29 0 19 17 35 11 26 21 10 27 0 0 0 2 0 0 0 0 0 0 2 0 2 0 0 0 0 0 0 0 0 0 0 0 0 0 20 0 0 0 0 0 0 0 0 0 0 0 0 0 0 0 0 0 0 0 0 0 0 0 0 0 0 0 2 0 0 0 2 0 0 34 11 0 0 0 0 19 27 29 25 0 1 7 13 10 9 0 11 0 0 0 0 12 0 0 0 0 0 0 0 0 4 0 0 0 0 0 0 0 0 0 0 0 0 17 0 0 0 14 0 0 7 0 0 0 0 22 0 0 0 16 0 0 0 2 0 0 0 0 0 0 0 2 0 0 0 7 0 0 0 0 0 0 0 0 2 0 0 4 0 0 6 0 0 0 0 0 0 0 0 0 0 14 0 0 0 0 0 0 2 0 0 46 0 0 0 0 0 0 0 0 0 0 0 0 0 0 0 0 0 
 154 230 113 114 87 39 138 0 646 64 47 248 191 330 105 41 240 28 279 243 0 0 0 0 3 3 0 0 2 0 0 1 0 0 0 0 0 0 74 0 0 0 0 1 0 0 0 3 0 0 0 2 0 0 0 0 0 8 0 0 0 1 0 0 0 0 0 0 0 0 54 3 6 0 0 0 0 0 2 0 12 0 0 0 0 0 11 51 30 27 0 21 40 9 24 10 22 12 18 28 0 0 0 0 0 0 0 0 0 0 0 0 0 0 0 0 0 0 0 0 0 0 0 0 0 0 0 0 0 0 0 0 0 0 0 0 0 0 0 0 0 0 0 0 0 0 0 0 0 0 0 0 0 0 0 1 0 8 9 1 21 0 0 0 2 17 13 10 34 10 0 0 6 8 28 7 11 10 17 0 0 0 0 0 0 17 0 0 0 0 0 0 0 0 1 0 0 0 0 0 0 9 0 0 0 0 0 0 0 0 0 0 0 0 0 0 0 0 0 0 0 0 0 0 0 0 0 0 0 0 0 0 0 0 0 0 0 0 0 0 0 0 0 0 0 0 1 2 3 3 1 11 0 0 0 0 0 0 0 0 0 0 0 0 0 0 0 0 0 0 0 0 0 0 0 0 0 0 0 0 0 0 0 0 0 2 0 0 0 0 
 41 150 369 180 206 61 321 646 0 109 78 28 338 181 246 308 192 45 57 105 0 0 0 2 6 3 0 1 4 0 0 2 73 2 0 2 0 0 0 0 0 0 2 6 0 0 0 3 0 0 0 2 0 0 3 3 0 3 0 35 0 0 0 0 0 1 2 0 0 0 0 6 0 0 43 0 0 2 5 0 21 0 46 11 11 11 14 0 25 13 8 0 20 9 0 23 18 29 1 0 13 0 0 0 0 0 0 0 0 0 0 0 14 0 12 0 0 0 0 0 0 0 0 0 0 0 0 0 0 0 8 0 0 0 0 0 0 0 0 0 0 0 0 0 0 0 0 0 0 0 0 0 0 0 0 0 0 0 0 0 14 11 0 0 9 0 25 22 27 26 18 0 9 24 3 15 0 19 9 11 15 0 0 0 0 0 15 0 0 0 0 0 0 0 12 0 0 0 0 0 0 0 0 0 0 0 0 0 0 0 9 0 15 0 0 0 0 0 0 0 0 0 0 1 0 0 0 17 0 0 0 0 0 0 0 0 0 0 0 0 0 0 0 0 0 1 1 0 0 0 0 10 0 0 0 0 0 0 0 0 0 0 20 0 0 0 0 0 0 0 0 0 0 0 0 0 11 0 0 0 0 0 0 0 0 0 0 0 0 0 
 181 138 451 207 207 191 252 64 109 0 77 299 38 246 203 334 36 173 80 170 2 0 0 0 3 3 1 2 0 3 2 0 0 4 6 2 2 3 97 7 0 5 6 2 0 2 4 4 5 3 5 4 3 2 1 0 4 6 3 0 0 4 0 0 5 0 0 0 2 0 0 2 0 0 1 0 15 0 2 2 11 25 17 12 28 14 15 30 0 36 42 20 0 0 0 20 10 18 18 9 7 0 0 0 0 0 8 0 1 0 0 0 30 26 0 0 0 0 42 22 0 0 0 0 0 0 0 0 0 0 0 0 17 0 0 0 10 0 0 0 0 0 0 0 0 0 2 0 0 0 0 0 0 0 0 0 0 11 0 0 0 0 14 24 24 15 1 17 10 12 39 10 1 17 14 29 0 35 4 0 0 0 0 0 0 0 26 0 0 0 0 2 10 0 0 0 15 1 15 38 0 1 0 0 0 0 0 0 0 0 0 0 0 0 0 0 1 0 0 0 0 0 0 0 0 0 0 0 0 0 0 0 0 0 0 0 0 0 0 0 0 10 0 0 0 0 89 0 0 90 0 3 0 0 0 0 0 0 0 0 0 1 0 0 0 0 0 0 0 0 0 0 0 0 0 0 6 0 0 0 0 0 0 0 0 0 0 0 0 0 
 55 193 36 54 286 160 28 47 78 77 0 153 36 137 55 150 105 78 47 278 73 0 0 0 3 88 0 74 2 0 0 0 65 110 16 2 3 0 122 1 0 0 0 1 0 0 0 3 0 0 0 2 0 0 0 0 0 3 0 0 13 2 0 0 0 0 2 3 2 3 0 0 0 0 0 0 6 0 39 0 0 14 14 22 8 14 0 0 0 0 16 11 0 0 19 0 21 0 0 0 8 0 11 0 0 0 0 0 0 19 0 1 11 26 24 8 0 27 0 26 0 0 0 0 0 0 0 0 0 0 0 0 0 0 0 0 0 0 0 0 0 0 11 0 0 0 0 0 0 0 0 8 0 0 0 0 0 0 0 0 0 0 0 9 1 20 0 29 0 0 13 34 0 0 0 0 16 56 0 0 1 1 0 0 0 0 0 12 0 10 0 0 10 9 12 0 14 0 14 31 0 0 0 0 0 0 0 0 0 0 1 0 0 0 0 0 0 0 0 0 0 0 0 0 0 0 0 0 0 0 0 0 0 0 0 0 0 0 0 0 0 0 0 0 0 0 96 0 10 89 1 5 0 0 0 0 0 0 0 0 0 0 0 0 0 0 0 0 0 0 0 0 0 0 0 8 0 0 0 0 0 0 0 0 0 0 0 0 0 0 
 118 148 342 255 40 324 33 248 28 299 153 0 38 28 35 123 424 104 31 135 79 0 1 0 3 0 0 0 0 0 0 0 73 74 0 0 0 0 3 65 0 0 0 3 6 0 0 0 0 2 0 0 0 0 0 0 0 0 0 0 0 0 2 0 0 0 1 0 0 0 2 0 0 1 0 0 0 0 0 0 0 3 7 10 25 41 16 14 14 19 13 31 7 0 0 23 21 18 0 0 15 20 0 0 0 0 6 0 0 0 0 0 89 26 22 37 0 0 33 8 0 0 0 0 1 0 0 0 0 0 0 22 0 0 0 0 0 0 0 0 0 0 0 0 0 0 0 0 0 0 0 0 0 0 0 0 0 0 0 0 0 0 9 18 23 0 0 0 0 18 37 14 0 8 21 17 0 0 0 0 15 0 0 0 0 0 15 0 0 0 0 0 16 0 0 0 9 14 36 34 0 0 0 1 0 0 0 0 0 0 0 0 0 0 0 0 0 1 0 0 0 0 0 2 0 0 0 2 0 0 0 0 0 0 0 0 0 0 0 0 0 13 0 0 0 2 50 2 3 0 0 8 0 0 0 0 0 0 0 0 0 0 0 0 0 0 0 0 0 0 0 0 0 0 0 0 0 0 0 0 0 0 0 0 0 0 0 0 0 0 
 26 49 67 60 62 22 161 191 338 38 36 38 0 171 38 45 124 30 108 149 1 0 2 0 4 5 0 0 0 2 2 1 0 0 0 1 0 2 0 0 0 0 0 1 0 0 3 3 3 0 2 2 2 62 0 0 0 3 0 0 0 0 0 0 2 2 0 0 0 6 3 0 2 0 7 0 0 2 6 2 19 9 0 34 0 0 11 0 26 11 0 20 0 17 58 0 7 5 0 1 0 0 0 0 0 0 0 0 0 0 0 0 0 0 0 0 0 0 0 0 0 0 0 0 0 0 0 0 0 0 0 0 0 0 0 0 0 0 0 0 0 0 0 5 0 0 0 2 0 0 0 0 0 9 0 0 45 0 0 0 20 0 0 0 0 0 19 0 12 0 0 0 55 0 18 17 9 0 0 17 0 0 0 0 0 11 0 0 0 0 0 0 0 0 0 0 0 0 0 0 0 0 0 0 0 0 0 0 0 0 0 0 0 0 0 0 0 0 0 0 0 0 0 0 0 0 0 0 0 0 43 0 0 0 0 0 0 0 0 0 0 0 0 0 0 1 0 0 0 0 0 2 88 0 2 0 0 0 0 0 0 0 0 0 0 0 0 0 0 0 0 0 0 0 0 0 0 0 0 0 0 0 0 0 0 0 0 0 0 0 
 140 143 256 219 79 141 152 330 181 246 137 28 171 0 96 74 110 230 159 263 0 0 0 0 3 3 3 0 2 0 0 1 0 2 3 0 0 0 76 0 0 0 1 3 0 2 2 2 0 0 1 4 0 2 2 25 0 3 0 2 3 0 0 0 1 1 0 0 0 0 0 0 0 0 0 2 0 0 2 0 1 0 38 32 12 18 35 0 14 24 0 0 0 51 0 13 10 10 21 17 0 0 0 0 0 0 0 0 0 0 0 0 0 0 1 0 0 0 0 0 0 0 0 0 0 0 0 0 0 0 0 0 2 0 0 0 9 0 0 0 0 0 0 1 0 0 0 0 0 0 0 0 0 0 0 0 0 4 0 0 32 3 19 1 0 3 48 0 12 41 0 17 24 2 26 17 0 12 11 0 0 0 2 0 0 0 0 0 0 0 0 0 0 1 0 0 0 1 0 0 0 2 0 0 2 0 0 0 0 0 0 2 0 0 0 0 9 0 0 0 0 0 0 0 0 0 0 0 0 0 1 0 0 0 0 0 0 0 0 0 0 0 0 0 0 2 0 0 0 47 10 0 8 0 0 0 0 0 0 0 0 0 18 0 0 0 0 0 0 0 0 0 0 0 0 0 0 0 0 0 0 0 0 0 0 0 0 0 0 0 
 391 150 54 136 144 72 217 105 246 203 55 35 38 96 0 262 202 143 65 211 0 0 1 0 3 3 0 0 0 3 0 1 3 0 0 0 0 0 0 6 0 5 0 2 0 0 0 3 0 0 0 2 0 0 0 0 0 3 0 0 2 0 0 0 1 0 0 0 0 0 0 2 0 0 0 0 0 0 2 0 12 0 35 31 2 10 2 72 30 35 0 0 0 17 0 18 5 33 0 15 0 0 0 0 0 0 0 0 0 0 0 0 23 0 1 0 0 0 3 1 0 0 0 0 0 0 0 0 0 1 0 0 0 0 0 0 0 0 0 0 0 0 6 0 0 0 0 0 0 0 0 0 0 0 0 0 0 0 0 0 0 1 10 0 10 10 4 35 21 23 35 16 1 30 24 0 10 0 0 9 0 0 0 0 0 0 0 0 13 0 0 0 0 12 0 0 0 0 0 19 0 0 0 0 0 0 0 0 0 1 0 0 0 0 11 0 0 0 0 0 0 2 0 8 0 0 0 0 0 0 0 0 0 0 0 0 0 0 0 1 0 0 0 0 0 0 1 0 2 0 2 23 0 0 0 0 0 0 0 0 0 0 22 0 0 0 0 0 0 0 0 0 0 0 0 18 25 15 0 0 0 0 0 0 0 0 0 0 0 0 
 75 125 151 322 489 170 54 41 308 334 150 123 45 74 262 0 159 132 39 153 2 0 0 0 68 3 0 0 0 0 78 0 74 0 0 0 1 0 107 1 0 0 0 2 0 0 0 3 0 0 0 2 0 0 0 0 0 3 0 0 1 0 0 0 0 0 0 0 0 0 0 0 0 0 0 0 0 0 52 0 22 19 33 0 27 17 7 18 0 10 20 30 0 16 0 40 0 8 0 0 15 18 0 0 0 0 7 0 0 0 0 0 26 10 0 0 0 0 10 0 0 0 0 0 0 0 0 0 0 1 0 0 0 0 0 0 0 0 0 0 0 0 3 0 0 0 0 0 0 0 0 0 0 0 0 0 0 0 0 0 0 1 8 22 22 0 0 30 1 22 30 29 1 30 0 14 17 9 0 0 0 5 0 0 0 0 1 0 0 0 0 0 1 6 0 0 0 0 11 46 0 0 0 0 0 0 0 0 0 1 0 0 0 0 12 0 0 0 0 0 0 2 0 0 0 0 0 0 0 0 0 0 0 0 0 0 0 0 0 1 0 0 0 0 0 2 2 0 5 4 0 10 0 0 0 0 0 0 0 0 0 0 18 0 0 0 0 0 0 0 0 0 0 0 0 12 9 18 0 0 0 0 0 0 0 0 0 0 0 0 
 110 270 368 51 69 280 220 240 192 36 105 424 124 110 202 159 0 65 29 205 73 0 0 0 3 3 0 0 0 1 0 2 0 0 0 0 0 2 0 19 0 0 0 2 0 0 0 3 0 0 67 2 0 0 0 0 0 3 0 0 0 0 0 0 0 1 1 0 0 0 0 11 0 1 0 0 47 2 2 0 0 0 18 23 16 22 12 48 21 24 10 8 22 25 0 6 13 26 0 0 0 0 0 0 0 0 0 0 0 0 0 0 0 0 13 0 0 12 10 0 0 0 0 0 0 0 0 0 0 0 0 0 1 0 0 0 0 0 0 0 0 0 0 0 0 0 0 0 0 0 0 0 0 0 0 0 0 0 0 2 9 0 7 0 4 0 29 15 19 28 13 30 13 9 0 16 5 0 0 0 10 0 0 0 0 0 0 0 0 0 0 0 9 1 0 0 0 0 13 14 0 0 0 0 0 0 0 0 0 0 0 0 0 0 0 0 0 0 0 0 0 0 0 0 0 0 11 0 0 0 0 0 0 0 0 0 1 0 0 0 0 0 0 0 0 0 52 0 0 0 0 12 0 0 0 0 0 0 0 0 0 0 9 0 0 0 0 0 0 0 0 0 0 0 0 1 0 1 0 0 0 0 0 0 0 0 0 0 0 0 
 57 31 220 327 44 146 88 28 45 173 78 104 30 230 143 132 65 0 231 123 118 0 0 4 3 3 0 2 4 2 0 0 0 8 12 2 2 0 97 29 3 0 14 2 2 0 0 3 3 2 2 6 3 6 0 4 0 5 0 4 1 5 0 0 9 0 0 0 0 0 0 2 0 0 0 0 0 0 2 0 0 12 13 11 42 56 0 0 0 10 12 0 0 28 1 1 1 0 0 17 0 0 1 0 0 0 0 22 0 1 0 0 0 0 16 0 0 0 48 0 0 0 0 0 0 0 0 0 0 0 0 0 0 0 0 8 12 0 0 0 0 0 0 0 0 0 0 0 7 1 0 0 0 1 0 0 0 0 0 0 18 0 62 12 2 55 0 0 0 13 9 32 0 0 26 0 19 2 12 0 9 0 0 0 0 0 0 0 0 0 0 0 8 0 0 0 0 0 16 13 0 0 0 0 0 0 0 0 0 0 0 0 0 0 0 0 0 0 1 0 0 0 0 0 0 0 0 0 0 0 0 0 0 0 0 0 0 0 0 0 0 0 0 0 0 0 49 0 1 48 10 5 12 0 0 0 0 0 0 0 0 0 0 0 0 0 0 0 0 1 0 0 0 0 0 0 0 0 0 0 0 0 0 0 0 0 0 0 0 0 
 236 151 142 41 39 33 233 279 57 80 47 31 108 159 65 39 29 231 0 140 0 0 0 0 3 3 0 0 74 0 0 1 0 2 0 0 0 0 0 0 2 0 0 3 0 0 3 2 0 3 0 2 2 0 0 0 0 8 0 0 3 0 0 1 1 0 0 0 0 0 0 0 0 0 0 0 0 0 2 0 1 0 15 0 0 0 25 19 41 12 0 0 17 46 26 0 9 0 27 7 0 12 0 0 0 0 0 0 0 0 0 0 0 0 0 0 0 0 0 0 0 0 0 0 0 12 0 0 0 0 0 0 0 0 0 0 0 0 0 0 0 0 0 1 0 0 2 0 0 0 0 0 0 0 2 0 0 0 1 0 45 31 0 0 0 0 10 0 0 15 0 0 23 0 0 14 10 12 24 14 0 0 0 0 0 12 0 0 0 0 0 0 0 0 0 0 0 0 0 0 28 0 0 14 0 0 0 0 0 0 0 0 0 0 0 0 1 0 0 0 0 0 0 0 0 0 0 0 0 0 0 0 0 0 0 0 0 0 0 0 0 0 0 0 0 0 0 0 0 0 1 14 0 0 0 0 0 0 0 0 0 0 0 0 0 0 0 0 0 0 0 0 0 0 0 0 0 0 0 0 0 0 0 0 0 0 0 0 0 0 
 55 188 197 157 175 43 139 243 105 170 278 135 149 263 211 153 205 123 140 0 0 0 0 0 3 3 0 0 0 0 0 1 0 2 0 0 0 0 0 0 0 0 0 0 0 0 0 3 0 0 0 2 0 0 0 0 0 3 0 0 0 0 0 0 0 0 0 0 0 0 0 0 55 0 0 0 0 0 3 0 7 20 11 15 0 7 43 12 24 10 0 45 0 60 13 45 14 40 1 26 0 0 0 0 0 16 0 0 0 0 0 0 2 0 0 0 0 0 13 0 0 0 0 0 0 0 0 0 0 1 0 0 0 0 0 0 0 0 0 0 0 0 1 0 0 0 0 0 0 0 0 0 0 0 0 0 0 0 0 0 20 0 25 15 0 12 28 41 22 1 0 1 11 1 44 32 0 0 1 0 0 0 0 0 0 0 0 0 0 0 0 0 0 1 0 0 1 0 0 1 0 0 0 0 0 0 0 0 0 1 0 0 0 0 0 0 0 0 0 0 0 2 0 0 0 0 0 0 0 0 18 0 0 0 0 0 0 0 19 1 0 0 0 0 0 0 3 0 2 0 0 11 0 0 0 0 0 0 0 0 0 0 19 0 0 0 0 0 0 0 0 0 0 0 0 0 0 0 0 0 0 0 0 0 0 0 0 0 0 0 
 0 0 0 72 0 63 0 0 0 2 73 79 1 0 0 2 73 118 0 0 0 332 192 157 135 33 177 211 314 46 198 32 48 158 383 36 127 148 365 189 5 0 0 0 0 0 0 0 5 53 0 54 1 0 1 3 0 0 3 0 0 0 0 2 0 0 0 0 2 0 2 2 6 0 0 4 0 2 2 0 0 0 0 12 26 37 0 0 0 0 14 0 0 0 0 0 0 0 0 0 0 6 0 0 0 0 10 13 0 0 28 27 19 0 9 0 41 1 29 2 0 0 0 0 0 0 25 0 0 0 0 0 1 0 0 0 0 2 6 0 0 0 0 0 0 0 0 0 0 0 0 0 0 0 9 29 0 0 0 0 0 0 0 32 0 13 0 0 0 4 3 10 5 0 0 0 0 0 0 0 75 47 32 35 66 0 0 24 56 15 41 6 6 17 1 6 25 12 28 0 0 0 0 0 0 0 0 0 0 0 0 0 12 2 0 0 0 0 0 0 0 0 0 0 0 0 0 0 0 0 1 0 0 0 0 0 0 0 0 0 0 0 0 0 0 0 75 0 0 0 0 0 0 0 10 2 4 1 0 2 0 2 0 0 0 0 0 0 0 0 50 0 2 0 0 0 2 0 0 0 0 0 0 0 0 12 30 0 0 0 
 0 0 0 0 73 151 0 0 0 0 0 0 0 0 0 0 0 0 0 0 332 0 198 41 41 120 244 39 130 97 515 128 90 176 91 29 235 114 41 177 3 0 0 0 0 0 0 0 0 3 0 0 0 1 0 7 0 0 0 0 0 4 0 1 0 0 0 0 3 0 0 3 2 0 0 2 0 18 0 4 0 0 14 0 0 0 0 0 0 0 0 9 0 2 0 0 0 1 0 2 27 19 12 7 7 2 43 21 12 0 24 0 25 1 20 16 29 11 22 1 6 0 0 0 0 0 6 0 0 0 0 1 0 0 0 0 2 0 4 1 0 0 1 0 1 1 0 0 0 2 0 0 0 0 1 0 0 0 0 0 0 0 0 0 0 0 0 0 0 7 0 0 0 0 0 0 0 0 0 0 17 34 10 18 17 0 6 40 9 38 0 0 0 24 0 13 28 19 10 16 1 0 0 0 0 0 8 0 0 0 0 0 0 1 0 1 0 0 8 0 0 0 0 0 0 0 2 0 2 0 0 0 0 0 0 0 0 0 0 0 0 0 0 0 0 0 0 0 0 0 0 0 0 0 3 0 0 1 0 0 2 0 0 0 0 0 7 0 0 0 0 0 0 0 0 0 0 0 0 9 0 39 0 0 0 10 0 0 0 0 
 6 0 2 0 0 4 0 0 0 0 0 1 2 0 1 0 0 0 0 0 192 198 0 193 106 110 82 105 216 185 42 42 202 123 85 106 206 129 35 105 14 0 2 0 0 0 0 0 0 3 5 0 0 9 0 0 0 0 11 0 0 0 0 0 0 0 0 0 3 0 0 3 0 0 0 2 0 0 35 1 0 0 0 0 0 0 0 0 0 0 0 8 0 0 0 0 0 0 0 13 0 12 1 30 23 16 10 20 1 0 17 17 14 0 9 9 14 0 0 17 0 0 0 12 0 0 14 1 0 0 0 2 25 11 0 28 0 0 17 1 0 14 52 0 0 0 0 0 0 0 0 0 0 0 0 0 0 18 2 0 0 0 0 0 0 0 0 0 2 0 0 0 0 0 0 0 0 0 0 0 1 14 12 81 59 1 0 17 22 11 0 8 0 0 19 0 1 25 3 0 0 0 0 0 2 0 19 6 0 0 0 0 40 11 0 0 0 0 20 1 0 0 0 0 0 0 0 0 0 0 0 0 0 0 0 0 0 0 0 0 0 0 0 0 0 0 0 0 0 0 0 0 0 10 13 2 0 75 1 0 1 0 0 0 0 0 4 0 0 0 0 0 0 0 0 0 0 0 0 0 0 13 0 0 0 0 1 0 0 0 
 0 0 0 1 0 0 0 0 2 0 0 0 0 0 0 0 0 4 0 0 157 41 193 0 169 30 199 241 422 248 200 64 205 169 179 172 137 140 54 69 68 0 0 0 0 0 0 65 20 3 0 0 3 1 0 0 0 0 56 65 0 0 0 0 0 0 0 0 3 0 0 3 0 0 0 2 0 0 0 0 0 0 1 0 0 0 0 8 0 0 0 0 0 1 0 0 0 0 0 1 0 12 22 34 0 8 0 9 15 43 18 0 0 0 0 12 9 0 0 3 0 19 8 0 0 0 10 0 0 9 0 0 0 12 15 0 7 0 19 29 0 0 2 0 2 2 0 0 0 0 0 0 0 0 2 0 0 0 0 0 0 0 4 0 3 1 0 1 0 0 2 0 0 0 0 0 0 0 0 1 0 11 12 38 33 0 0 0 20 0 21 28 0 0 9 30 0 0 0 0 8 0 0 0 0 0 3 0 10 0 0 0 30 11 22 7 0 1 12 0 0 0 0 0 0 0 1 0 1 0 0 0 0 0 0 0 0 0 0 0 0 0 0 0 0 0 0 0 0 0 0 0 0 0 12 0 0 51 0 4 1 0 0 0 0 0 0 0 0 0 0 0 0 18 0 0 0 0 0 0 0 0 0 0 0 0 86 0 0 0 
 3 3 3 8 3 3 4 3 6 3 3 3 4 3 3 68 3 3 3 3 135 41 106 169 0 209 56 63 65 195 109 67 77 69 135 66 60 124 52 79 68 76 61 0 0 0 73 1 4 3 11 0 24 7 70 53 67 63 80 66 0 6 0 0 0 0 0 0 3 0 0 3 0 0 0 2 0 0 2 0 0 0 0 0 0 0 0 0 0 0 53 0 0 0 0 0 0 0 0 0 0 0 0 0 92 0 0 0 0 0 10 8 7 0 0 0 13 0 0 0 8 29 21 19 0 0 31 14 26 22 0 0 17 27 22 36 9 12 12 0 0 0 0 0 0 0 0 0 0 0 0 0 0 0 0 0 0 18 0 0 0 0 0 0 0 0 16 0 0 0 0 0 0 0 0 0 0 0 0 0 0 15 2 19 53 14 0 0 30 0 0 7 0 0 0 0 0 0 0 0 9 0 29 0 0 0 34 13 19 0 9 13 0 25 1 7 16 31 12 71 0 0 0 0 0 0 0 0 0 0 0 0 0 0 0 0 0 10 0 0 0 55 5 0 14 0 0 0 0 0 0 0 0 0 14 2 1 0 6 0 8 0 0 1 0 0 0 0 0 0 0 0 0 0 0 0 0 0 0 0 0 0 0 0 70 0 15 0 0 0 
 4 4 3 5 4 3 3 3 3 3 88 0 5 3 3 3 3 3 3 3 33 120 110 30 209 0 46 335 67 213 336 93 21 275 48 67 128 51 260 272 163 121 12 0 0 0 117 2 62 3 0 2 123 3 127 39 0 40 0 78 0 0 0 0 51 0 1 7 3 0 0 3 0 0 5 2 0 0 0 0 0 0 1 0 0 0 1 8 0 0 0 8 0 0 0 0 0 0 0 0 0 0 0 14 11 56 0 0 0 0 0 0 0 0 0 0 0 2 0 0 0 0 15 0 0 0 36 28 12 0 0 0 0 0 31 0 32 25 59 80 0 0 0 0 11 2 0 0 0 0 0 0 30 0 0 0 0 0 0 0 0 0 5 0 7 0 0 0 0 0 0 0 0 0 0 0 0 0 0 3 0 0 0 18 11 18 0 0 0 15 0 11 0 0 0 19 0 0 0 0 33 52 15 6 0 0 51 0 13 1 0 7 37 1 12 15 7 12 0 62 1 0 0 0 0 0 0 0 0 10 0 0 0 0 0 0 0 0 0 1 0 0 9 0 0 0 0 0 0 0 0 0 0 0 4 1 5 5 78 0 0 0 0 0 0 0 0 0 0 0 0 0 0 0 0 0 0 0 0 0 0 0 0 0 13 0 0 0 0 0 
 0 0 0 0 5 80 0 0 0 1 0 0 0 3 0 0 0 0 0 0 177 244 82 199 56 46 0 254 401 36 120 56 82 203 146 96 104 181 54 142 4 0 4 0 4 0 0 0 31 9 1 1 2 1 0 3 1 1 0 36 0 6 0 3 0 1 0 0 1 0 1 1 0 0 0 2 1 0 0 9 0 2 0 1 0 20 0 0 0 0 0 3 0 0 0 25 0 0 0 0 0 4 53 0 0 0 12 29 40 56 32 0 27 1 34 56 11 29 1 10 0 0 0 0 0 0 0 0 0 0 0 2 0 0 0 0 0 0 7 0 0 2 0 0 0 0 0 0 0 0 0 0 0 0 0 0 0 0 0 0 1 0 0 0 0 0 0 0 0 0 0 0 0 4 0 0 0 0 0 0 17 54 21 11 0 15 30 18 0 24 23 16 16 33 80 34 45 23 12 0 0 0 0 0 0 2 0 0 0 0 0 0 0 0 0 0 0 0 7 18 0 0 0 0 0 0 0 0 0 0 0 1 0 0 0 0 0 0 0 0 0 0 2 0 0 0 0 0 0 0 0 0 0 0 14 2 2 78 0 0 2 0 0 0 0 0 17 0 0 0 3 0 0 0 0 0 0 0 0 0 0 0 0 0 0 0 0 0 0 0 
 0 2 0 0 5 4 0 0 1 2 74 0 0 0 0 0 0 2 0 0 211 39 105 241 63 335 254 0 287 184 76 118 84 179 161 89 42 79 127 48 3 0 2 0 0 0 0 0 4 3 0 0 0 0 3 1 4 2 5 0 0 0 3 2 3 1 2 0 2 0 0 5 0 0 4 2 3 2 2 2 0 0 2 0 0 12 0 0 0 0 0 0 8 0 0 0 0 0 0 0 0 20 1 10 11 0 7 0 1 36 68 19 0 1 5 22 11 20 0 0 8 0 0 0 0 0 46 0 0 0 0 0 0 11 1 0 0 0 1 0 0 0 0 0 0 0 0 0 0 0 0 0 2 0 0 2 0 0 0 0 0 0 22 0 0 10 0 0 0 0 0 10 0 0 0 18 0 0 0 2 0 1 22 0 15 31 0 0 30 17 9 41 0 0 16 24 0 17 11 0 0 0 0 0 0 0 0 19 0 0 0 13 12 0 9 0 1 0 21 3 0 0 0 0 0 0 0 0 0 0 0 0 0 0 0 0 0 0 0 0 0 0 0 0 0 0 0 0 75 0 0 0 0 0 13 0 0 1 0 0 16 1 0 0 0 0 1 0 0 0 0 0 0 0 2 0 0 0 0 0 0 22 0 0 0 0 7 0 0 0 
 0 4 0 0 0 74 0 2 4 0 2 0 0 2 0 0 0 4 74 0 314 130 216 422 65 67 401 287 0 68 134 23 96 281 86 137 145 121 100 339 2 0 0 0 0 0 0 0 0 3 0 0 5 0 0 3 0 0 0 0 0 0 0 1 0 0 0 0 3 0 0 2 0 0 0 2 0 0 0 0 0 0 0 0 0 0 0 0 0 0 0 7 0 0 0 0 0 1 0 2 0 19 1 17 0 0 33 25 17 33 55 26 8 0 45 19 38 21 12 8 0 17 0 0 0 22 0 0 0 0 0 0 0 0 0 0 0 0 9 0 0 0 1 0 0 0 0 0 0 2 0 0 12 0 0 0 0 0 0 0 0 1 0 0 0 0 0 0 0 2 1 2 17 0 0 0 0 0 0 0 0 56 25 18 16 11 0 36 15 12 20 29 0 1 23 3 39 19 5 0 0 0 0 0 0 0 0 0 0 0 0 0 0 0 0 0 0 0 28 3 0 0 0 0 0 1 2 0 2 0 0 0 0 0 0 0 0 0 0 0 0 0 0 0 0 0 0 0 1 0 0 0 0 0 14 0 1 83 0 0 0 0 0 0 0 0 0 0 0 0 0 0 0 0 0 0 0 0 0 0 0 20 0 0 0 0 1 0 0 0 
 2 0 0 0 0 2 0 0 0 3 0 0 2 0 3 0 1 2 0 0 46 97 185 248 195 213 36 184 68 0 277 411 95 67 237 526 55 60 81 117 4 0 1 0 0 0 3 0 7 3 2 0 3 1 0 0 34 68 5 63 0 0 2 3 1 3 25 0 2 4 3 2 1 0 0 4 0 0 0 4 0 0 0 0 1 0 0 0 0 0 0 0 0 1 14 0 0 0 0 0 0 31 0 18 13 13 0 12 0 1 0 37 0 0 0 0 9 0 0 2 17 0 0 0 0 0 21 0 0 0 1 0 0 17 3 0 2 0 12 2 0 0 0 0 2 1 0 0 0 0 9 0 0 0 0 0 0 0 0 0 0 0 9 0 0 0 0 0 0 0 0 0 0 0 0 0 0 0 0 0 0 15 10 35 16 8 0 0 9 10 14 16 2 0 0 24 0 0 0 0 2 0 0 0 0 0 9 0 0 0 0 0 39 26 11 0 0 0 36 0 0 0 0 0 0 0 0 0 0 0 0 0 0 0 0 0 6 0 0 0 0 0 0 0 0 0 0 0 0 0 0 0 0 0 4 0 2 3 0 3 22 1 0 0 0 0 0 0 64 0 0 0 0 0 0 0 0 0 0 0 0 19 0 0 0 0 0 0 0 0 
 0 2 207 3 0 77 4 0 0 2 0 0 2 0 0 78 0 0 0 0 198 515 42 200 109 336 120 76 134 277 0 217 30 46 64 149 133 147 21 95 122 0 0 0 0 0 0 0 6 3 0 0 129 0 0 0 0 0 62 0 0 0 0 1 0 0 6 2 3 1 0 2 0 0 6 2 0 0 0 0 0 0 2 0 0 0 0 0 0 0 0 0 0 0 0 0 0 0 0 0 11 0 12 26 0 17 10 26 17 26 15 6 0 0 0 0 17 1 0 0 0 0 0 0 0 0 1 0 1 0 0 0 0 0 10 0 15 6 9 36 8 0 0 0 0 10 0 0 0 0 0 0 2 0 0 0 0 0 0 0 0 0 0 0 1 0 0 0 0 0 0 0 0 0 0 0 0 0 0 5 0 24 16 25 17 10 0 22 1 14 9 12 0 9 10 12 27 9 0 0 71 0 0 0 0 0 21 0 0 0 0 0 15 45 30 1 2 0 13 0 0 0 0 0 0 0 0 0 0 0 0 0 0 0 0 0 0 0 0 0 0 0 0 0 0 0 0 0 0 0 0 0 0 0 2 2 1 0 0 0 5 2 0 0 0 0 0 0 0 0 0 0 0 0 0 8 0 0 0 11 0 0 0 0 0 12 0 0 0 0 
 2 0 0 0 0 1 1 1 2 0 0 0 1 1 1 0 2 0 1 1 32 128 42 64 67 93 56 118 23 411 217 0 70 45 33 325 131 195 101 99 65 0 7 0 0 0 0 0 0 3 0 0 0 3 0 0 0 0 16 4 0 0 0 2 0 0 0 50 2 0 0 2 0 0 0 2 0 0 0 0 0 10 0 0 0 0 0 0 0 0 0 0 0 0 0 0 0 0 0 0 7 0 0 10 18 18 13 1 12 0 1 1 0 0 1 0 14 0 0 0 0 0 0 0 1 0 3 7 12 0 0 0 2 25 13 0 26 0 1 35 2 1 0 2 0 4 0 0 0 0 0 0 0 0 0 0 0 0 0 0 0 0 1 0 0 0 0 0 0 1 0 0 0 0 0 0 0 2 0 0 0 1 2 0 13 19 0 1 0 0 0 20 0 13 0 21 1 10 0 0 23 12 0 2 0 27 0 0 13 0 0 1 13 12 31 16 0 0 0 13 0 0 0 0 1 2 0 0 0 1 0 0 0 0 0 0 0 16 0 0 0 0 8 0 0 0 0 0 0 0 0 0 1 0 6 4 3 5 74 0 27 0 0 0 0 0 0 0 0 0 0 0 0 0 0 0 0 0 0 9 0 0 0 0 0 10 0 28 0 3 
 0 0 0 0 163 75 0 0 73 0 65 73 0 0 3 74 0 0 0 0 48 90 202 205 77 21 82 84 96 95 30 70 0 154 45 189 31 43 154 135 7 1 63 1 0 5 2 0 3 3 0 6 0 2 1 8 0 6 0 3 0 12 0 1 9 0 0 0 6 0 5 2 4 2 3 4 0 0 0 12 0 0 33 19 0 11 0 0 0 0 29 17 0 0 0 7 0 20 0 0 35 8 47 8 0 0 0 38 1 0 0 1 59 42 21 87 9 0 0 38 0 0 0 0 0 14 2 0 0 0 0 0 0 9 0 4 2 0 0 10 1 0 0 0 0 0 0 0 0 0 0 3 0 0 0 2 0 0 0 0 0 0 0 0 3 15 0 0 16 1 21 0 0 0 0 0 0 22 0 0 12 35 0 0 0 0 40 0 0 30 0 0 25 0 12 19 28 0 0 22 0 0 0 2 0 0 0 0 0 0 4 0 0 0 0 0 0 0 0 0 0 0 0 0 0 0 0 0 0 0 0 0 0 1 0 0 0 0 0 0 0 0 0 0 0 0 84 0 0 0 0 0 20 0 7 0 0 1 0 0 1 7 0 0 0 0 25 0 0 0 0 0 0 0 0 0 38 0 0 0 0 0 0 0 0 0 0 0 0 2 
 0 6 0 0 74 86 0 0 2 4 110 74 0 2 0 0 0 8 2 2 158 176 123 169 69 275 203 179 281 67 46 45 154 0 404 114 58 32 400 107 3 0 0 0 0 0 0 0 0 3 0 0 0 0 0 0 0 2 0 0 0 0 0 3 0 1 0 0 0 0 1 1 0 0 0 2 0 0 0 0 0 0 0 0 0 12 0 0 0 0 0 12 0 0 0 0 0 0 0 0 20 0 32 21 2 17 10 23 0 23 18 47 27 35 7 23 36 21 11 37 0 0 0 0 0 0 0 0 0 0 0 0 0 0 0 0 0 0 0 0 0 0 0 0 0 0 0 0 0 0 0 6 0 0 0 2 0 0 0 0 0 0 0 0 0 2 0 0 0 8 29 11 0 1 0 1 0 0 0 0 13 14 17 10 18 0 0 18 7 35 12 8 13 0 37 0 22 0 45 23 0 0 0 0 0 0 0 0 0 0 0 0 0 0 0 0 0 0 0 0 0 0 0 0 0 0 0 0 0 0 0 0 0 0 2 0 0 0 0 0 0 0 0 0 0 0 90 1 75 0 0 0 0 0 8 2 0 75 0 0 0 8 0 0 0 0 0 0 0 0 0 0 0 0 0 0 0 0 0 0 0 0 0 0 0 0 4 0 0 0 
 0 6 0 0 1 74 0 0 0 6 16 0 0 3 0 0 0 12 0 0 383 91 85 179 135 48 146 161 86 237 64 33 45 404 0 311 65 67 292 439 2 0 0 0 0 0 0 0 6 5 6 0 0 2 0 0 1 0 10 0 0 0 0 3 0 0 0 0 2 0 0 2 0 0 0 3 0 0 0 0 0 2 0 11 0 28 0 0 0 0 0 0 0 0 0 12 0 9 0 0 0 0 12 8 15 10 0 12 0 0 16 20 45 1 13 27 20 0 13 2 9 0 0 22 0 0 21 0 0 0 0 0 15 20 0 0 0 0 0 0 0 2 0 0 0 0 0 0 0 0 0 4 0 0 0 0 0 1 0 0 1 0 0 28 0 0 0 0 0 4 0 13 0 1 0 0 0 0 0 0 17 11 6 19 21 1 2 15 35 0 0 10 0 54 15 18 0 0 27 0 1 0 0 0 0 2 0 8 0 0 0 0 42 9 0 0 0 0 23 0 0 0 0 0 0 0 0 0 0 0 0 1 0 0 0 0 0 0 0 0 0 0 2 0 0 0 0 0 0 0 0 0 0 0 13 0 0 1 0 2 2 2 0 0 0 0 0 0 0 0 0 0 0 0 0 0 0 0 0 0 0 0 0 0 0 0 75 0 0 0 
 1 0 0 1 0 77 0 0 2 2 2 0 1 0 0 0 0 2 0 0 36 29 106 172 66 67 96 89 137 526 149 325 189 114 311 0 175 109 254 83 2 0 0 0 0 0 0 0 0 3 0 0 0 2 0 4 0 0 81 17 0 0 0 1 0 0 7 0 3 0 0 2 0 0 0 2 0 0 0 0 0 0 0 0 0 0 0 0 6 0 0 0 0 0 0 0 0 0 0 0 3 12 29 44 13 7 12 19 12 11 0 0 0 12 18 12 53 2 7 9 11 1 0 0 0 0 1 0 0 0 0 0 0 19 0 0 1 0 4 2 0 0 0 0 0 0 0 0 0 1 0 0 0 0 0 3 0 0 0 0 0 0 1 0 4 0 0 0 0 2 0 0 0 0 0 0 0 0 0 0 21 10 0 13 10 10 9 19 31 0 20 18 0 12 10 1 0 11 7 0 0 0 0 0 0 0 0 0 1 0 0 0 12 14 0 1 0 0 46 0 0 0 0 0 0 0 0 0 0 2 0 0 0 0 0 0 0 0 0 0 0 0 0 0 0 0 0 0 0 0 0 0 0 0 7 0 0 73 0 0 25 4 0 0 0 0 0 0 0 0 0 0 0 0 0 0 0 0 0 0 0 15 0 0 0 0 0 0 0 1 
 0 0 2 2 0 119 0 0 0 2 3 0 0 0 0 1 0 2 0 0 127 235 206 137 60 128 104 42 145 55 133 131 31 58 65 175 0 139 241 192 4 0 0 0 54 0 0 0 0 3 0 0 0 0 0 5 0 0 0 0 3 0 0 2 0 0 0 0 2 0 0 1 0 0 0 2 0 0 0 0 0 0 0 0 0 10 0 0 0 0 0 0 0 0 0 0 0 0 0 0 0 18 0 26 7 0 15 21 2 1 27 34 2 0 20 0 25 10 16 12 0 1 0 0 0 0 3 0 0 0 0 0 0 0 0 0 0 0 2 2 0 0 0 0 0 0 0 0 0 0 0 0 0 0 0 0 0 0 0 0 0 0 2 0 0 0 0 0 0 0 0 0 0 0 0 0 2 0 0 0 23 18 21 29 32 0 0 44 0 32 12 10 0 20 30 1 21 25 24 3 0 0 0 0 0 0 11 9 0 0 0 0 0 0 2 0 0 2 23 3 0 0 1 0 0 0 0 0 0 0 0 0 0 0 0 0 0 0 0 0 0 0 0 0 0 0 0 0 0 0 0 0 0 0 7 0 2 76 0 1 15 0 0 0 0 0 2 0 0 0 0 0 0 0 0 0 0 0 0 0 0 55 0 0 1 10 14 0 0 0 
 0 1 0 0 0 74 0 0 0 3 0 0 2 0 0 0 2 0 0 0 148 114 129 140 124 51 181 79 121 60 147 195 43 32 67 109 139 0 39 200 2 0 0 0 0 0 0 0 0 3 0 0 0 66 0 7 0 0 0 0 0 0 0 0 0 0 0 0 3 0 35 3 0 0 0 2 0 0 0 0 0 0 0 0 16 1 0 0 0 0 0 0 0 0 0 0 0 9 0 0 18 0 11 12 22 0 30 0 42 21 6 1 0 0 13 0 43 12 0 0 9 0 0 2 0 0 5 0 0 0 0 0 2 20 0 0 0 15 0 1 0 0 0 0 0 0 0 0 0 0 0 0 0 0 0 0 0 0 0 0 0 0 0 0 0 0 0 0 0 18 0 0 0 0 0 0 0 0 0 0 11 0 15 1 16 18 49 57 1 1 15 64 0 31 29 14 16 12 10 0 1 0 0 24 0 0 0 0 0 0 0 0 0 4 0 0 0 0 46 0 0 0 0 0 0 0 0 0 0 1 18 0 0 0 0 2 0 0 0 0 0 0 0 0 0 0 0 0 0 0 0 0 0 0 13 0 0 50 3 1 14 3 0 0 0 0 0 0 0 0 0 0 0 0 0 0 0 0 0 3 0 14 0 0 0 9 23 0 0 0 
 0 4 37 153 37 113 0 74 0 97 122 3 0 76 0 107 0 97 0 0 365 41 35 54 52 260 54 127 100 81 21 101 154 400 292 254 241 39 0 89 3 0 0 0 0 0 0 0 0 3 31 0 0 0 0 0 0 0 0 0 0 0 0 2 0 0 0 0 2 0 0 2 0 0 0 2 0 0 0 0 0 17 18 23 28 13 0 0 0 0 54 0 1 0 7 0 0 8 2 0 1 0 18 0 0 7 16 0 0 34 0 0 13 16 36 0 0 22 2 9 0 0 0 0 0 0 0 0 19 0 0 0 0 0 0 1 11 0 0 0 0 0 0 0 0 0 0 7 0 0 0 7 0 0 0 0 0 0 0 0 0 14 11 31 33 24 0 0 0 0 0 45 0 0 9 13 13 58 0 0 3 0 0 0 0 1 0 13 0 0 0 1 0 0 13 0 0 1 14 11 0 0 0 0 1 0 0 0 0 0 0 0 14 0 0 0 0 0 0 0 0 0 0 0 0 0 0 0 0 0 0 0 0 0 0 0 0 13 2 0 0 1 0 0 10 0 42 0 26 75 0 0 0 0 19 0 2 0 0 4 0 0 0 1 0 0 0 0 0 0 0 0 0 0 0 59 0 0 0 0 0 0 0 0 0 0 0 0 0 0 
 0 0 0 3 149 161 0 0 0 7 1 65 0 0 6 1 19 29 0 0 189 177 105 69 79 272 142 48 339 117 95 99 135 107 439 83 192 200 89 0 3 0 0 0 0 1 0 0 0 3 0 0 0 0 0 7 0 0 0 0 0 9 0 2 0 0 52 0 2 0 0 1 0 0 0 2 0 0 52 6 0 0 1 10 10 47 0 0 0 0 9 10 0 0 0 6 0 30 0 16 27 14 16 11 2 0 29 24 2 0 17 2 14 10 36 28 11 9 42 4 0 8 0 0 0 0 0 0 0 0 0 17 0 0 0 0 0 0 0 0 0 43 0 0 0 0 0 0 0 0 0 0 0 0 0 0 0 0 0 0 0 0 0 0 0 0 0 0 0 0 9 12 0 4 0 0 0 0 0 0 19 24 9 0 0 0 31 31 0 16 0 0 18 44 22 61 15 25 44 32 0 0 0 0 0 0 0 0 0 0 0 0 0 0 0 0 0 0 0 0 0 0 0 0 7 0 0 0 0 0 0 0 0 0 0 0 0 0 0 0 0 0 0 0 0 2 63 0 0 0 0 0 0 0 6 0 0 2 0 4 0 0 0 0 0 0 10 0 0 0 0 0 0 0 0 0 14 0 0 9 0 18 0 0 15 39 0 0 0 0 
 0 0 0 0 0 31 0 0 0 0 0 0 0 0 0 0 0 3 2 0 5 3 14 68 68 163 4 3 2 4 122 65 7 3 2 2 4 2 3 3 0 263 84 45 40 43 498 40 176 261 263 105 132 284 107 262 236 40 72 268 0 0 0 0 0 0 9 0 0 0 0 0 0 0 3 0 0 0 0 1 0 0 0 0 0 0 0 0 0 0 0 0 0 0 0 0 0 0 0 0 0 0 0 11 9 52 0 0 0 17 0 0 0 0 0 0 0 0 0 0 0 0 1 6 0 1 26 39 9 1 1 14 6 10 0 15 14 39 8 40 0 0 0 0 0 8 16 0 0 0 0 0 14 0 0 0 0 7 0 0 0 0 0 0 0 0 0 5 0 0 0 0 0 0 0 5 0 5 0 0 0 0 0 32 20 0 0 0 0 0 0 0 20 0 0 0 0 0 0 0 45 8 0 0 2 23 51 0 11 5 0 29 24 13 15 21 7 40 0 20 0 0 0 0 3 0 0 0 0 0 17 0 0 0 0 0 0 0 0 0 0 0 9 0 0 0 0 0 0 0 0 21 0 1 0 0 0 0 7 0 0 0 2 1 0 2 4 0 0 0 0 0 0 0 0 0 0 0 0 0 0 0 0 0 19 0 0 0 0 0 
 0 0 0 0 0 0 0 0 0 5 0 0 0 0 5 0 0 0 0 0 0 0 0 0 76 121 0 0 0 0 0 0 1 0 0 0 0 0 0 0 263 0 310 73 42 42 168 187 135 104 34 33 159 71 170 113 155 368 62 165 0 0 0 1 0 9 0 1 0 0 0 2 0 0 3 0 0 0 0 0 0 0 0 0 0 0 0 0 23 10 0 0 0 0 0 0 0 0 0 0 0 0 0 0 25 1 0 0 0 9 0 11 0 0 0 0 0 18 0 0 39 24 75 0 0 0 11 12 39 0 0 3 11 0 13 26 7 14 26 23 0 0 0 0 3 0 0 0 0 0 19 0 15 0 0 0 0 0 0 0 0 0 0 0 0 0 0 0 0 0 0 0 0 0 0 0 0 0 0 0 0 0 3 8 10 13 0 0 0 0 0 1 0 0 0 0 0 0 0 0 10 79 51 8 12 0 13 28 27 14 25 31 2 0 0 12 21 0 2 40 0 0 0 0 0 0 0 0 0 0 0 0 0 0 0 0 0 12 0 0 0 0 0 0 0 0 1 0 0 0 0 5 0 1 0 0 0 0 64 1 0 0 1 0 0 2 2 0 2 0 0 0 0 0 0 0 0 0 0 0 0 0 0 0 26 13 0 1 0 0 
 0 6 0 0 0 3 0 0 2 6 0 0 0 1 0 0 0 14 0 0 0 0 2 0 61 12 4 2 0 1 0 7 63 0 0 0 0 0 0 0 84 310 0 305 50 25 73 90 163 151 309 162 142 108 111 132 297 97 92 273 0 4 23 0 6 1 0 9 0 0 0 1 50 0 1 0 5 0 0 0 0 0 0 0 0 0 0 0 0 0 0 0 0 0 0 0 0 0 0 0 0 0 0 0 9 0 0 0 0 0 0 1 0 0 0 0 0 0 16 0 19 18 34 4 0 0 31 33 26 16 1 0 14 0 0 10 7 32 29 10 0 0 0 0 5 0 5 4 1 0 0 0 11 0 0 0 0 8 0 0 0 0 0 0 0 0 0 0 0 0 0 0 0 0 0 0 0 0 0 0 0 0 0 12 6 13 0 0 0 0 0 0 0 0 0 0 0 0 0 0 0 50 23 33 3 1 0 29 0 0 8 0 0 11 15 13 24 0 0 16 0 0 0 0 0 0 1 0 0 0 0 0 18 0 20 0 0 0 0 28 0 0 3 0 0 0 0 0 0 0 0 8 0 0 0 0 0 0 1 1 0 0 1 0 0 6 3 0 0 0 0 0 0 0 0 0 0 0 0 0 0 0 0 0 0 6 0 21 0 0 
 3 5 2 3 3 4 2 1 6 2 1 3 1 3 2 2 2 2 3 0 0 0 0 0 0 0 0 0 0 0 0 0 1 0 0 0 0 0 0 0 45 73 305 0 120 130 45 341 167 216 61 99 68 114 59 45 337 292 332 137 53 0 2 0 0 2 208 0 0 3 0 1 68 19 0 8 9 0 51 51 0 0 0 0 0 0 0 0 0 0 0 0 0 0 0 0 0 0 0 0 0 0 0 0 0 0 0 0 0 0 0 0 0 0 0 0 0 0 0 0 1 0 18 9 9 39 0 12 0 11 30 0 13 0 0 19 6 10 0 0 10 0 0 0 0 0 20 8 0 10 10 0 15 16 0 8 0 0 10 0 0 0 0 0 0 0 0 1 0 0 0 0 0 0 0 0 0 0 0 0 0 2 0 0 0 0 0 0 0 0 0 0 0 0 0 0 0 0 0 0 0 11 0 8 18 32 0 17 0 18 9 0 0 0 22 10 16 10 0 0 10 0 0 0 12 6 0 0 0 0 2 0 0 0 29 0 0 3 16 0 0 0 5 0 0 0 0 0 0 0 0 15 0 0 0 0 0 0 0 23 0 0 64 0 37 1 1 2 1 0 16 1 0 0 0 0 0 0 0 0 0 0 0 0 3 0 0 0 0 0 
 3 2 0 0 0 0 0 0 0 0 0 6 0 0 0 0 0 2 0 0 0 0 0 0 0 0 4 0 0 0 0 0 0 0 0 0 54 0 0 0 40 42 50 120 0 188 60 53 119 289 132 281 176 68 66 218 35 114 61 88 53 64 2 0 0 0 102 53 0 55 3 0 0 2 47 0 0 0 51 23 9 0 0 0 0 0 0 0 0 0 0 0 0 0 0 0 0 0 0 0 0 0 0 0 0 7 0 19 3 0 0 0 0 0 0 0 0 0 0 0 3 8 22 0 15 18 0 15 32 9 27 0 0 0 4 1 11 0 0 28 11 9 6 1 0 0 19 1 14 8 0 11 0 0 2 8 0 0 11 7 0 0 0 0 2 0 0 1 0 0 0 0 0 0 0 0 0 0 0 0 0 0 0 0 0 5 0 0 0 0 0 0 0 0 0 0 0 0 0 0 0 2 0 11 1 9 0 33 6 16 11 0 0 8 0 0 0 0 0 2 1 6 7 0 0 0 9 19 16 20 0 0 0 16 10 37 32 0 24 0 0 0 2 0 0 0 0 0 0 0 0 16 0 1 0 0 0 0 0 0 0 0 2 0 0 13 2 3 0 0 0 0 0 0 0 0 0 0 0 0 0 3 0 0 0 8 0 0 0 6 
 0 0 0 1 0 0 0 0 0 2 0 0 0 2 0 0 0 0 0 0 0 0 0 0 0 0 0 0 0 0 0 0 5 0 0 0 0 0 0 1 43 42 25 130 188 0 48 345 107 185 153 124 38 44 111 343 109 266 65 62 0 25 0 0 0 0 0 9 100 56 2 0 59 0 0 2 29 0 71 0 0 0 0 0 0 0 0 0 0 0 0 0 0 0 0 0 0 0 0 0 0 0 0 0 0 0 0 0 0 0 0 0 0 0 0 0 0 0 0 0 1 15 44 0 16 0 0 23 16 20 20 0 0 0 0 2 9 0 0 0 0 6 0 4 0 0 5 11 38 0 0 1 0 0 23 0 11 0 13 9 0 0 0 0 1 0 0 0 0 0 0 0 0 0 0 0 0 0 0 0 0 0 0 0 0 0 0 0 0 0 0 0 0 0 0 0 0 0 0 0 0 0 0 30 1 0 0 16 0 14 9 0 0 0 0 0 19 0 0 0 10 20 12 0 0 0 2 8 0 1 9 0 30 7 30 10 1 0 0 8 0 0 0 0 0 1 0 0 0 0 0 8 0 0 10 0 0 0 0 9 66 0 45 0 0 1 1 1 0 0 2 0 0 2 0 0 0 0 0 0 0 0 0 0 0 22 0 0 0 0 
 3 0 0 0 0 0 0 0 0 4 0 0 3 2 0 0 0 0 3 0 0 0 0 0 73 117 0 0 0 3 0 0 2 0 0 0 0 0 0 0 498 168 73 45 60 48 0 82 274 54 330 28 415 343 163 42 184 101 123 121 0 0 0 0 0 0 0 0 0 0 0 0 0 0 16 0 0 0 0 0 0 0 0 0 0 0 0 0 0 8 0 0 0 0 0 0 0 0 0 0 15 0 0 0 0 0 1 0 0 0 0 23 0 0 0 0 0 0 0 0 21 3 10 0 0 0 0 0 10 36 0 1 10 5 11 10 7 14 13 10 0 0 0 0 0 0 0 0 0 0 0 0 0 0 0 0 0 0 0 0 0 0 0 0 0 0 0 0 0 0 0 0 0 0 0 0 0 20 0 0 0 0 0 0 17 0 0 0 0 0 0 0 0 0 20 0 0 0 0 0 20 11 24 0 0 0 10 0 35 44 18 18 1 8 0 17 27 9 0 17 0 0 0 0 0 0 0 0 0 0 0 0 0 0 0 0 0 10 0 0 0 0 0 0 0 0 0 0 0 0 0 6 0 0 0 0 0 0 0 0 0 0 0 66 2 5 0 0 0 0 0 0 0 0 0 0 0 0 0 0 0 0 0 0 6 0 0 0 0 0 
 0 3 3 2 2 4 3 3 3 4 3 0 3 2 3 3 3 3 2 3 0 0 0 65 1 2 0 0 0 0 0 0 0 0 0 0 0 0 0 0 40 187 90 341 53 345 82 0 284 105 22 134 100 204 179 31 78 242 223 206 0 59 0 0 3 0 0 14 0 2 0 3 51 0 0 0 14 0 24 2 0 0 0 0 0 0 0 0 0 0 0 0 0 0 0 0 0 0 0 0 21 0 0 1 0 10 0 0 0 1 10 11 0 0 0 27 0 3 0 0 0 30 30 0 0 0 13 19 8 3 8 0 22 6 22 0 0 0 20 0 0 0 0 0 0 0 2 6 0 0 0 0 0 0 0 0 21 0 0 0 0 0 1 0 0 0 0 0 0 0 0 0 0 0 0 0 0 0 0 0 0 0 1 8 9 8 0 0 0 1 0 0 0 0 0 0 1 0 0 0 10 13 44 7 2 0 9 0 0 0 0 0 10 0 1 13 15 0 11 9 0 0 0 0 0 0 0 0 0 0 0 0 9 0 0 0 0 0 0 0 0 0 1 0 0 0 0 0 0 0 0 19 0 0 0 0 0 62 60 0 0 0 3 0 2 0 1 0 2 0 0 0 0 0 0 0 0 0 0 0 0 0 0 0 5 0 0 0 0 0 
 3 0 0 0 0 0 0 0 0 5 0 0 3 0 0 0 0 3 0 0 5 0 0 20 4 62 31 4 0 7 6 0 3 0 6 0 0 0 0 0 176 135 163 167 119 107 274 284 0 93 369 65 151 89 450 121 156 463 143 122 0 0 0 0 0 0 0 0 0 0 0 0 0 0 0 0 0 0 0 0 0 0 0 0 0 0 0 12 0 0 0 0 0 0 0 0 0 0 0 0 0 7 0 0 0 0 0 11 0 0 0 15 0 0 0 0 0 0 0 0 128 15 9 0 22 0 31 37 28 38 10 15 0 0 0 3 8 34 10 3 7 10 0 0 0 0 0 0 10 0 0 0 6 0 0 0 0 0 35 0 0 0 0 0 0 0 0 0 0 0 0 0 0 0 0 1 0 1 0 0 0 8 17 7 10 0 0 0 0 0 10 0 0 0 0 4 0 0 0 0 0 33 0 9 10 0 0 15 35 23 31 0 3 47 1 1 19 1 0 0 0 0 0 0 0 0 0 0 0 0 0 0 0 0 0 0 0 0 18 0 0 0 0 0 0 0 0 0 0 0 0 7 0 2 0 0 0 0 0 0 0 0 2 68 1 2 2 0 0 0 20 0 0 17 0 0 0 0 0 0 0 0 0 0 24 19 0 0 0 0 
 4 2 0 2 0 3 0 0 0 3 0 2 0 0 0 0 0 2 3 0 53 3 3 3 3 3 9 3 3 3 3 3 3 3 5 3 3 3 3 3 261 104 151 216 289 185 54 105 93 0 253 263 56 78 100 98 187 138 285 84 76 0 51 0 0 0 0 0 0 0 0 0 68 49 2 0 3 0 52 50 0 0 0 0 0 0 0 0 0 1 0 0 0 0 0 0 0 0 0 0 0 0 0 0 0 0 0 0 0 0 0 0 0 0 0 0 0 0 0 0 0 30 11 11 27 22 0 1 17 3 32 0 2 0 0 19 2 4 0 0 17 0 10 0 0 0 15 11 0 20 0 0 0 20 0 40 0 0 10 0 0 0 0 0 0 0 0 0 0 0 0 0 0 0 0 0 0 0 0 0 0 0 0 0 0 0 0 0 0 0 0 0 0 0 0 0 0 0 0 0 0 0 4 38 20 21 0 13 2 20 10 7 0 0 9 0 10 8 0 0 21 0 0 0 0 0 0 0 10 0 0 0 4 0 17 0 0 0 22 0 0 0 9 0 0 0 0 0 0 0 0 7 0 2 0 0 0 0 0 9 0 0 64 0 5 8 0 0 2 0 0 0 0 0 0 0 0 0 0 0 0 4 0 0 0 23 0 0 0 0 
 2 0 0 0 0 0 0 0 0 5 0 0 2 1 0 0 67 2 0 0 0 0 5 0 11 0 1 0 0 2 0 0 0 0 6 0 0 0 31 0 263 34 309 61 132 153 330 22 369 253 0 240 251 83 126 226 351 107 142 77 0 0 62 5 0 0 0 1 0 0 0 2 49 0 0 0 0 0 8 0 0 0 0 0 0 0 0 0 0 0 7 0 0 0 0 0 0 0 0 0 0 0 0 0 9 0 0 0 0 0 4 0 0 0 0 0 0 0 0 0 6 0 0 25 8 1 0 19 7 0 0 35 18 8 0 14 0 0 0 0 29 0 0 0 0 0 6 21 8 0 0 0 6 0 0 0 0 5 18 0 0 0 0 0 0 2 0 0 0 0 0 0 0 0 0 2 0 0 0 0 0 0 0 0 12 0 0 0 1 0 0 0 0 0 0 0 0 0 0 0 0 7 10 9 6 0 6 0 11 25 0 14 0 0 6 14 0 11 0 0 0 1 0 0 0 0 22 0 0 0 0 0 66 5 12 0 0 0 7 22 0 0 6 0 33 0 0 0 0 0 0 29 0 1 0 0 0 0 2 0 0 0 3 1 2 4 0 65 0 0 0 0 0 0 0 0 0 0 0 0 0 4 0 0 0 0 0 13 0 0 
 0 6 2 4 2 67 3 2 2 4 2 0 2 4 2 2 2 6 2 2 54 0 0 0 0 2 1 0 0 0 0 0 6 0 0 0 0 0 0 0 105 33 162 99 281 124 28 134 65 263 240 0 19 82 265 55 127 87 34 53 5 0 3 0 24 0 0 0 17 11 8 0 16 7 0 7 3 0 51 0 0 0 0 0 0 0 0 0 0 0 0 0 0 0 0 0 0 0 0 0 0 0 0 0 0 0 0 0 0 0 0 0 0 0 0 0 0 0 0 0 30 0 10 15 18 20 0 19 13 0 6 31 0 0 10 6 0 8 0 0 0 7 0 18 0 6 5 6 5 0 20 4 0 36 0 14 0 0 0 1 0 0 0 0 0 0 0 0 0 0 0 0 0 0 0 8 0 15 0 0 0 0 0 0 0 0 0 0 19 0 0 0 0 0 0 0 0 0 0 0 0 50 0 15 52 20 0 14 15 10 0 10 0 0 25 1 15 8 0 0 0 0 0 0 0 0 24 9 0 20 1 0 16 0 0 16 10 7 0 39 0 0 0 0 0 0 0 0 0 0 0 11 0 0 0 2 0 0 0 13 0 0 67 67 0 2 0 1 0 0 2 0 0 0 0 0 0 0 0 0 0 0 0 0 0 0 0 19 0 0 
 0 0 0 0 0 1 0 0 0 3 0 0 2 0 0 0 0 3 2 0 1 0 0 3 24 123 2 0 5 3 129 0 0 0 0 0 0 0 0 0 132 159 142 68 176 38 415 100 151 56 251 19 0 81 84 61 94 110 529 97 0 0 0 0 0 0 22 0 0 61 0 0 0 0 7 0 0 0 0 0 0 0 0 0 0 0 0 0 0 0 0 0 0 0 0 0 0 0 0 0 0 0 5 1 0 16 0 7 2 21 20 8 0 0 0 0 6 0 0 0 33 0 0 0 1 0 20 16 28 0 0 0 18 5 15 12 8 30 15 22 0 0 0 0 0 0 0 0 0 0 0 0 5 0 0 0 0 0 0 0 0 0 0 0 0 0 0 0 0 0 0 0 0 0 0 0 0 0 0 4 1 14 1 9 0 0 0 1 0 15 3 4 0 0 9 6 20 0 1 0 18 20 1 7 0 0 31 17 29 0 0 10 27 0 0 31 9 25 20 11 0 0 0 0 0 0 0 0 0 0 0 0 0 0 0 0 0 10 0 0 0 0 0 0 0 0 0 0 0 0 0 5 0 2 0 0 0 0 0 2 0 0 0 0 0 2 0 0 1 0 0 0 0 0 0 0 0 0 0 0 0 0 0 0 0 0 0 1 0 0 
 0 6 0 0 0 0 0 0 0 2 0 0 62 2 0 0 0 6 0 0 0 1 9 1 7 3 1 0 0 1 0 3 2 0 2 2 0 66 0 0 284 71 108 114 68 44 343 204 89 78 83 82 81 0 142 41 210 82 112 113 0 0 0 2 0 0 2 3 0 2 2 2 0 0 0 0 5 0 0 1 0 0 5 0 0 0 0 0 0 0 0 0 0 0 0 0 0 0 0 0 0 0 0 0 40 0 0 0 0 0 0 0 0 0 0 0 0 0 0 0 8 17 2 31 14 1 0 12 65 0 1 50 28 26 16 41 0 0 1 1 0 0 0 0 0 0 35 0 0 0 0 0 0 0 0 0 0 13 0 0 0 0 0 0 0 0 0 6 0 0 0 0 0 0 18 4 0 22 0 0 0 0 0 0 23 0 0 0 0 0 0 0 0 0 0 0 0 0 0 0 2 12 21 0 24 19 5 2 0 26 21 28 0 0 12 29 8 26 0 0 0 0 0 0 0 0 0 0 0 0 0 0 0 0 0 0 6 9 0 0 0 0 18 0 0 0 0 0 0 0 0 14 0 2 0 0 0 1 4 0 0 0 1 1 1 2 0 0 0 0 1 0 0 0 0 0 0 0 0 0 0 0 0 0 22 0 0 0 0 0 
 0 0 0 2 0 0 0 0 3 1 0 0 0 2 0 0 0 0 0 0 1 0 0 0 70 127 0 3 0 0 0 0 1 0 0 0 0 0 0 0 107 170 111 59 66 111 163 179 450 100 126 265 84 142 0 66 152 119 72 382 0 0 0 0 3 0 0 2 0 2 0 2 1 0 0 0 0 1 51 2 0 0 0 1 0 0 0 0 0 0 0 0 0 0 0 0 0 0 0 0 0 0 0 0 3 0 0 0 0 0 0 0 0 0 0 0 0 0 0 0 16 0 18 0 7 0 0 7 0 73 7 3 1 0 21 1 11 34 20 0 0 0 0 0 0 0 0 0 0 0 0 0 0 0 0 0 0 0 0 0 0 0 0 0 0 0 0 0 0 0 0 0 0 0 0 0 10 0 0 0 0 0 0 0 0 0 0 0 0 0 0 0 0 0 0 0 0 0 0 0 9 18 32 0 41 0 23 0 39 13 9 11 0 18 0 6 21 4 0 32 0 0 0 0 0 0 0 0 0 0 0 0 0 0 0 0 0 1 0 0 0 0 0 0 0 0 0 0 0 0 0 2 0 0 0 0 0 0 0 0 0 0 80 66 0 3 2 0 0 0 12 0 0 0 0 0 0 0 0 0 0 0 0 0 12 0 0 0 0 0 
 0 0 0 0 0 7 0 0 3 0 0 0 0 25 0 0 0 4 0 0 3 7 0 0 53 39 3 1 3 0 0 0 8 0 0 4 5 7 0 7 262 113 132 45 218 343 42 31 121 98 226 55 61 41 66 0 155 237 31 310 0 1 0 2 2 1 3 0 0 0 0 1 0 0 0 0 0 2 3 0 0 0 0 0 0 0 0 6 0 0 0 0 0 0 0 0 0 0 0 0 0 0 3 9 7 0 4 0 0 3 0 1 0 0 18 0 3 24 5 0 25 47 10 0 25 0 12 37 57 32 12 12 8 0 14 12 1 13 9 0 19 9 0 0 0 0 0 0 10 0 0 0 0 0 0 0 0 0 19 0 0 0 0 0 0 0 0 0 0 0 0 0 0 0 0 0 0 0 0 0 7 0 0 12 4 12 0 22 0 0 0 2 0 6 3 0 0 0 10 0 0 18 30 30 27 0 0 28 1 15 27 8 0 18 6 0 9 1 1 12 0 0 0 0 0 0 0 0 0 0 0 0 9 4 0 0 0 8 6 19 0 0 1 0 0 0 0 0 1 0 0 16 0 2 0 0 0 0 1 1 2 0 1 0 0 7 2 0 0 0 1 0 0 0 0 0 0 0 0 0 0 12 0 0 21 18 0 19 0 0 
 1 0 0 0 0 0 0 0 0 4 0 0 0 0 0 0 0 0 0 0 0 0 0 0 67 0 1 4 0 34 0 0 0 0 1 0 0 0 0 0 236 155 297 337 35 109 184 78 156 187 351 127 94 210 152 155 0 57 232 38 0 0 0 0 0 0 0 0 0 0 0 0 46 51 0 0 9 0 0 0 0 0 0 0 0 0 1 0 0 0 0 0 0 0 0 0 0 0 0 0 0 0 0 0 0 0 0 0 0 0 0 6 0 0 0 15 0 0 0 0 42 13 0 20 0 0 0 1 4 17 6 52 31 10 15 37 7 1 0 0 6 0 0 0 0 0 0 0 1 0 0 0 0 15 0 19 6 0 0 0 0 0 0 20 0 0 0 1 0 0 0 0 0 0 0 17 0 0 0 0 0 0 0 0 0 0 0 0 36 0 0 0 0 0 0 0 0 0 0 0 0 8 10 0 13 0 0 23 13 18 10 11 0 8 3 1 10 55 0 0 0 0 0 0 0 0 1 0 0 0 0 0 0 9 0 0 0 11 14 1 0 0 3 0 0 0 0 0 0 0 0 3 0 0 0 0 0 0 0 2 0 0 0 40 62 1 0 0 0 0 0 0 0 0 0 0 0 0 0 0 0 0 0 0 1 13 0 1 0 0 
 4 3 3 3 3 3 3 8 3 6 3 0 3 3 3 3 3 5 8 3 0 0 0 0 63 40 1 2 0 68 0 0 6 2 0 0 0 0 0 0 40 368 97 292 114 266 101 242 463 138 107 87 110 82 119 237 57 0 23 164 23 0 57 3 0 0 0 0 0 0 2 0 4 0 0 2 0 0 0 49 8 0 0 0 0 0 7 22 0 15 0 0 9 0 0 0 1 0 5 10 0 0 0 0 0 0 0 0 0 0 0 0 0 0 0 0 0 0 0 0 3 16 0 10 14 8 32 15 0 30 20 10 0 0 15 1 5 39 0 31 21 0 23 0 13 0 0 0 11 0 0 0 18 0 0 15 0 24 37 0 3 0 0 14 4 0 0 0 0 0 0 0 0 0 0 0 0 0 10 1 0 0 0 0 0 0 0 0 0 0 0 0 0 0 0 0 0 0 0 0 0 22 18 24 3 0 25 8 3 13 23 28 0 0 0 0 7 19 0 29 1 0 0 0 0 0 0 0 9 0 0 0 1 7 0 0 0 0 30 0 0 0 0 0 0 2 0 0 0 0 0 4 2 1 0 0 0 0 0 18 0 1 0 0 2 27 2 0 0 0 22 0 0 0 0 0 0 0 0 0 0 3 0 0 47 0 0 0 0 0 
 0 0 0 0 0 0 0 0 0 3 0 0 0 0 0 0 0 0 0 0 3 0 11 56 80 0 0 5 0 5 62 16 0 0 10 81 0 0 0 0 72 62 92 332 61 65 123 223 143 285 142 34 529 112 72 31 232 23 0 390 4 5 0 0 0 0 3 4 0 0 0 0 0 1 0 0 19 0 0 0 0 0 0 0 0 0 0 0 0 0 0 0 0 0 0 0 0 0 0 0 0 9 0 2 0 0 8 0 0 0 7 25 0 0 0 8 0 0 0 0 11 18 12 5 0 0 5 0 40 19 0 0 30 21 0 51 1 9 10 0 0 0 0 0 0 0 0 0 0 0 0 0 0 0 0 0 0 9 0 0 0 0 0 0 0 0 0 0 0 0 0 0 0 0 0 0 0 0 0 0 0 0 9 0 16 0 0 0 31 0 0 0 0 0 0 2 0 0 0 0 0 0 23 0 17 0 1 7 22 22 24 10 9 10 11 8 31 11 3 1 0 0 0 0 0 0 0 0 0 0 0 0 0 0 0 0 0 10 0 0 0 0 11 0 0 0 0 0 0 0 0 9 0 0 0 0 0 18 0 0 0 0 0 115 0 0 2 0 1 0 0 0 0 0 0 0 0 0 0 0 0 0 0 0 0 0 0 0 0 13 
 0 4 0 1 0 0 0 0 35 0 0 0 0 2 0 0 0 4 0 0 0 0 0 65 66 78 36 0 0 63 0 4 3 0 0 17 0 0 0 0 268 165 273 137 88 62 121 206 122 84 77 53 97 113 382 310 38 164 390 0 0 0 26 0 0 0 0 9 0 0 0 0 0 0 0 0 0 0 0 0 0 0 0 0 0 0 0 0 0 0 0 0 0 0 0 0 0 0 0 0 0 14 0 14 22 12 0 0 0 0 0 9 0 0 0 33 0 18 0 0 13 35 54 0 14 0 21 37 28 8 0 1 0 0 4 0 0 33 23 15 0 0 0 0 0 0 0 0 0 0 0 0 0 0 0 0 0 4 0 0 0 0 0 0 0 0 0 0 0 0 0 0 0 0 0 0 0 0 0 0 0 0 0 32 29 20 0 0 8 0 0 0 0 0 0 0 0 0 0 0 52 32 12 0 10 0 15 10 13 14 12 0 0 16 52 6 0 0 8 25 0 0 0 0 0 0 0 0 0 0 0 0 0 0 0 0 0 0 0 0 0 0 0 0 0 0 0 0 0 0 0 6 0 2 0 0 0 84 63 0 0 0 3 0 0 1 0 0 0 0 12 0 0 0 0 0 0 0 0 0 0 0 0 0 12 0 0 0 0 0 
 1 1 1 8 3 0 1 0 0 0 13 0 0 3 2 1 0 1 3 0 0 0 0 0 0 0 0 0 0 0 0 0 0 0 0 0 3 0 0 0 0 0 0 53 53 0 0 0 0 76 0 5 0 0 0 0 0 23 4 0 0 117 142 44 137 36 93 60 82 68 188 243 46 93 50 52 88 102 31 135 0 0 0 0 28 0 0 0 0 0 0 0 2 0 6 0 4 0 0 0 0 0 0 0 0 0 0 0 0 0 0 0 0 0 0 0 0 0 0 0 0 0 0 1 1 25 0 0 0 0 16 0 0 0 0 0 0 0 0 0 22 1 30 8 0 17 6 14 11 24 0 24 1 15 0 42 0 0 24 11 0 0 0 0 4 5 0 0 0 0 0 0 0 0 0 0 5 0 0 0 0 0 0 0 0 0 0 0 0 0 0 8 20 3 0 0 0 0 0 11 0 0 0 11 0 13 0 8 0 0 0 0 0 0 0 0 0 0 0 0 18 24 3 10 0 0 0 0 44 19 17 0 0 0 16 47 0 7 26 0 0 0 0 0 0 0 0 0 0 4 0 0 0 0 0 0 0 0 0 10 0 0 0 59 50 41 0 2 0 0 2 0 0 1 0 5 0 0 0 0 0 0 0 0 0 1 0 0 0 0 
