 0 170 71 141 240 115 77 36 133 59 31 26 132 190 175 25 242 111 50 131 0 5 2 0 0 2 0 0 1 2 0 0 4 0 2 0 3 0 0 5 0 0 0 8 0 0 3 0 0 0 0 0 0 0 2 0 3 3 3 0 0 0 0 5 0 0 0 0 0 2 0 0 0 3 0 0 0 0 0 2 35 24 21 0 0 0 31 33 49 8 13 7 27 32 19 0 46 8 13 0 0 1 0 0 0 0 0 0 0 0 0 0 0 0 0 0 0 0 0 0 2 0 2 0 1 0 1 0 2 0 0 0 0 0 0 0 0 0 0 0 0 0 0 0 0 0 0 0 0 0 0 0 0 0 0 0 0 1 0 0 8 21 19 11 1 0 9 23 13 21 26 14 48 35 10 21 29 35 15 10 0 0 12 0 0 0 0 1 0 0 0 0 6 0 0 0 0 0 10 0 0 0 0 0 0 0 0 0 0 0 0 0 0 0 0 0 0 0 0 27 0 0 0 0 0 0 0 0 0 11 0 2 0 0 0 0 0 1 0 0 0 0 0 0 0 2 2 0 0 3 0 10 0 0 0 0 0 2 0 0 0 0 35 0 0 0 0 0 0 0 0 0 0 0 0 58 10 11 0 0 0 0 0 0 0 0 0 0 0 0 
 170 0 442 67 150 262 184 200 258 47 149 61 373 406 241 105 41 496 66 66 0 0 2 1 0 2 0 0 2 2 0 0 79 0 4 0 3 0 0 4 0 8 0 2 0 3 3 3 0 3 1 0 0 0 2 0 5 3 37 0 2 0 0 3 0 0 0 0 8 0 0 0 0 0 1 19 0 0 0 3 10 0 0 23 0 18 30 42 10 1 21 0 29 3 18 48 19 19 0 9 10 0 0 0 0 0 0 0 0 0 0 0 0 8 0 0 0 0 14 2 0 0 0 0 0 2 2 1 0 0 0 0 0 0 0 0 0 0 0 0 0 0 0 0 0 0 0 0 0 0 0 0 0 0 1 0 0 0 0 0 19 27 31 14 0 13 2 36 26 14 12 14 1 0 19 0 10 27 0 28 0 0 0 0 0 0 0 0 0 0 0 0 26 0 0 3 0 0 0 0 0 0 0 0 0 0 0 0 0 0 0 0 0 1 12 0 0 0 0 19 16 0 0 0 0 0 0 0 0 0 0 0 16 0 0 0 0 0 0 0 0 0 0 0 0 1 92 0 0 90 0 9 11 0 0 0 0 0 0 0 2 0 0 0 0 0 0 0 0 0 0 0 0 0 0 0 0 15 0 0 11 0 0 0 0 0 0 0 0 0 
 71 442 0 81 39 220 64 156 173 92 45 193 56 64 240 280 176 133 33 49 2 0 1 0 0 3 74 0 0 3 0 0 153 0 2 0 2 0 177 5 0 0 0 2 0 0 3 0 0 0 0 0 0 0 2 0 3 3 3 0 0 0 93 1 0 0 0 0 0 0 0 0 0 0 0 0 52 5 0 0 0 11 28 6 11 0 0 1 15 32 12 17 0 28 3 10 40 25 0 31 0 0 10 0 0 0 27 0 0 0 0 0 25 8 0 0 0 0 0 30 0 0 0 0 0 0 0 0 0 0 0 1 0 0 0 0 0 0 0 0 0 0 0 0 1 0 0 0 0 0 0 0 0 2 0 0 0 0 2 0 0 9 9 47 6 15 0 0 10 27 1 46 2 1 2 45 30 4 0 0 0 0 0 0 0 0 0 0 0 0 0 0 0 0 0 0 0 0 1 21 0 0 0 0 0 0 0 1 0 0 2 0 0 0 0 0 0 0 0 0 0 0 0 0 0 0 0 0 15 0 0 0 0 2 0 0 0 0 0 2 0 0 0 0 0 1 1 0 91 0 0 5 0 13 0 0 0 0 0 0 0 0 0 0 0 0 0 0 0 0 0 0 0 0 0 14 10 0 0 0 0 0 0 0 0 0 0 0 0 0 
 141 67 81 0 708 136 181 72 330 383 596 61 115 79 148 284 65 301 179 292 0 0 1 3 0 2 122 73 0 6 0 0 228 26 5 0 2 3 35 3 0 0 0 2 0 0 3 1 1 0 0 0 3 68 2 0 3 3 6 0 43 0 8 2 0 0 0 0 7 0 0 0 0 3 0 3 1 0 17 2 18 0 0 11 24 31 0 0 0 28 0 24 0 0 0 23 2 10 0 0 22 8 9 0 0 0 0 0 10 0 0 0 7 11 9 19 0 14 78 0 0 1 0 0 0 0 0 0 0 0 0 0 0 0 0 0 0 0 2 0 0 0 0 0 0 0 0 0 1 0 0 0 0 0 0 0 0 0 0 12 0 0 0 18 8 29 0 11 8 10 0 1 9 4 0 24 3 16 15 13 4 10 0 2 0 0 11 9 0 0 0 0 24 7 11 0 0 2 23 1 0 0 1 0 0 0 0 0 0 0 0 0 0 0 0 0 0 0 1 0 0 0 8 0 0 2 0 0 0 0 12 0 0 0 0 2 0 0 0 0 0 10 0 0 0 4 87 0 6 88 45 7 14 0 0 0 0 0 0 0 0 0 0 0 0 0 0 0 0 0 0 0 0 0 0 4 0 0 0 0 0 0 0 0 0 0 0 0 0 0 
 240 150 39 708 0 406 114 314 400 78 426 47 137 131 66 570 269 52 298 168 78 1 0 3 2 3 75 77 3 4 2 1 51 3 3 2 6 1 3 5 0 13 1 137 0 0 3 0 1 0 0 0 0 0 3 0 3 3 3 0 0 0 0 3 0 0 0 0 4 0 0 0 0 0 0 0 0 0 0 2 0 0 0 32 10 35 0 10 0 1 8 51 0 0 0 10 0 0 0 15 49 0 2 0 0 0 0 0 35 0 0 0 11 25 7 11 10 19 48 16 16 0 2 20 0 0 1 0 2 0 0 0 0 0 0 0 0 0 0 0 0 0 0 0 0 0 0 0 0 0 0 0 0 0 0 0 0 0 0 0 2 10 9 3 0 0 0 19 1 0 10 0 0 2 10 0 0 14 0 19 13 0 0 0 0 0 12 27 0 1 13 0 49 0 22 13 0 18 27 0 0 0 0 0 0 0 0 0 0 0 0 0 0 0 0 0 0 0 0 0 0 0 0 0 0 0 0 0 0 0 0 2 0 15 0 0 0 1 0 0 0 0 0 0 0 2 89 0 8 46 12 4 14 0 0 0 0 1 0 0 0 0 0 0 0 0 0 0 0 0 0 0 0 0 0 0 0 0 0 0 0 0 0 0 0 0 0 0 0 0 
 115 262 220 136 406 0 414 207 169 41 77 43 243 124 167 272 165 84 88 66 0 24 4 0 4 3 0 22 6 3 1 0 29 75 76 0 65 1 76 3 0 13 0 2 0 0 3 6 6 0 0 2 6 6 2 0 3 6 3 0 0 0 54 3 0 0 0 0 14 0 0 0 0 0 0 0 0 0 1 3 0 0 15 6 0 19 0 16 0 0 37 0 1 18 53 2 24 29 0 0 10 0 20 3 0 0 32 0 0 15 0 0 34 28 0 0 0 11 0 37 0 0 0 0 0 0 0 0 0 0 0 0 0 0 0 0 0 0 0 0 0 0 0 0 0 0 0 0 0 0 0 0 0 0 0 0 0 0 0 0 12 34 8 21 17 26 0 0 29 15 0 12 0 0 18 0 35 46 0 0 0 18 2 0 0 0 0 0 0 0 0 0 14 19 0 0 0 14 0 34 1 0 0 0 0 0 0 0 0 0 0 7 0 0 0 2 0 2 0 0 0 0 0 0 0 0 0 0 0 0 0 0 0 0 0 0 0 0 0 0 0 0 0 0 0 0 0 0 1 7 0 6 26 0 0 0 0 0 0 0 0 0 0 0 0 0 0 0 0 0 0 0 0 0 0 0 0 10 0 0 0 0 0 0 0 0 0 0 0 0 
 77 184 64 181 114 414 0 438 278 43 352 33 423 180 30 22 347 56 456 70 0 0 1 0 0 4 2 31 2 3 0 0 2 0 2 0 2 0 2 5 0 4 0 2 0 0 3 0 0 0 0 0 0 0 2 0 67 3 3 0 0 0 0 2 0 0 0 0 0 0 0 0 0 0 0 0 0 0 0 1 2 0 0 50 0 14 0 7 28 0 0 0 10 0 1 17 0 15 13 25 0 0 0 0 0 0 0 0 0 0 0 0 0 0 0 0 0 0 0 0 0 0 0 0 0 0 0 0 0 0 0 0 0 0 0 0 0 0 0 0 0 0 0 0 0 0 0 0 0 0 0 0 0 0 0 0 0 0 4 0 18 8 18 0 1 0 9 32 0 4 9 0 0 0 26 0 0 0 0 15 0 0 0 0 0 0 0 0 0 0 0 0 0 0 0 0 0 0 0 0 0 0 0 0 0 0 0 0 0 0 0 0 0 0 0 1 0 0 0 0 0 0 0 0 0 0 0 0 0 0 0 0 0 0 0 0 0 0 0 0 0 0 0 0 0 0 87 0 0 0 0 17 0 0 0 0 0 0 0 0 0 0 0 0 0 0 0 0 0 0 0 0 0 0 0 0 0 0 0 0 0 0 0 0 0 0 0 0 0 0 
 36 200 156 72 314 207 438 0 58 52 123 40 282 124 130 85 42 129 96 47 4 2 2 0 0 4 1 4 1 2 0 72 2 0 2 0 3 1 1 6 0 9 0 3 2 0 3 0 0 0 0 0 0 0 2 0 3 3 3 0 0 0 0 3 0 0 0 0 0 0 0 0 0 0 0 0 0 0 0 3 0 0 17 11 0 18 16 12 37 1 10 0 5 10 12 56 15 1 0 11 0 0 0 8 0 7 0 0 29 0 0 0 0 6 6 0 0 0 0 0 0 2 0 0 0 0 6 0 0 0 0 0 0 0 2 0 0 0 1 0 0 0 0 0 0 0 0 0 2 0 0 0 0 0 0 0 0 0 0 0 6 15 10 2 0 13 0 22 25 23 13 13 0 0 41 3 8 1 18 32 0 0 0 8 0 0 0 0 0 0 9 4 0 0 0 0 7 7 0 0 0 0 2 0 0 0 0 0 0 0 0 0 0 16 0 0 0 0 2 0 2 0 0 0 0 1 0 0 0 0 0 0 0 0 0 1 0 0 0 0 0 0 0 0 0 2 87 0 0 0 0 5 0 0 0 0 0 0 0 0 0 0 0 0 0 0 0 0 0 0 0 0 0 0 0 13 0 0 0 0 0 0 0 0 0 0 0 0 0 0 
 133 258 173 330 400 169 278 58 0 161 37 121 301 140 303 285 138 29 109 368 2 0 0 2 0 2 0 1 3 5 0 2 79 2 38 0 6 2 4 10 0 0 0 2 0 1 3 0 0 0 2 0 0 0 2 0 3 3 3 3 0 0 0 3 0 2 0 0 11 0 0 0 0 0 0 0 0 2 0 3 14 23 22 12 0 22 25 11 15 11 49 11 24 13 8 10 25 0 7 5 1 0 0 0 0 0 0 0 0 0 0 0 0 5 0 1 0 0 11 0 0 0 0 0 0 0 0 0 0 0 0 0 0 0 0 0 0 0 8 0 0 1 0 0 0 0 0 0 0 0 0 0 0 0 0 0 0 1 0 0 7 35 30 0 0 19 10 26 1 0 13 1 11 14 0 0 45 18 0 0 0 0 0 0 0 0 0 0 1 1 0 0 10 0 0 0 2 0 0 0 0 0 12 0 2 0 0 0 0 0 0 2 0 0 0 0 0 0 0 20 0 0 0 0 0 0 0 0 0 0 0 0 0 0 0 0 0 5 0 0 0 1 0 0 0 2 1 2 4 134 0 0 18 0 0 0 0 0 0 0 1 0 8 0 0 0 1 0 0 0 0 0 0 0 0 0 14 0 0 0 0 0 0 0 0 0 0 0 0 8 
 59 47 92 383 78 41 43 52 161 0 94 119 134 76 293 189 239 398 80 387 0 6 2 0 0 4 74 0 1 3 0 0 83 0 2 2 4 0 91 6 0 0 0 2 0 0 3 0 0 0 0 4 0 0 2 73 3 3 47 0 0 0 54 3 0 0 0 0 0 0 0 16 0 0 0 0 0 0 0 3 0 27 19 0 5 24 0 7 20 33 18 22 0 22 20 0 49 26 0 16 0 0 0 0 0 0 0 0 0 0 0 0 12 0 0 0 0 0 0 0 0 0 0 0 0 0 0 0 0 0 0 11 0 0 0 2 0 0 9 0 0 0 0 0 0 0 0 0 0 0 0 0 0 0 0 0 0 0 0 0 0 39 0 69 1 0 0 8 0 39 46 36 28 35 11 38 53 20 15 14 0 0 0 0 0 0 0 0 0 0 0 0 6 0 0 0 0 0 10 10 0 0 0 0 0 0 0 0 0 0 0 0 0 0 0 0 0 0 0 0 0 0 0 0 0 0 0 0 0 0 0 0 0 0 0 0 0 0 0 0 0 0 0 0 0 0 2 0 3 6 0 2 0 0 0 0 0 0 0 0 0 0 0 0 0 0 0 0 0 0 0 0 0 0 0 52 17 11 0 0 0 0 0 0 0 0 0 0 0 0 
 31 149 45 596 426 77 352 123 37 94 0 280 63 147 279 613 136 138 40 490 75 0 1 0 0 3 76 89 1 3 0 0 78 21 4 0 3 0 52 5 0 2 0 2 0 0 3 0 0 0 0 5 0 0 2 0 65 3 3 0 0 0 0 3 0 0 0 0 0 0 0 0 0 0 0 0 0 0 0 3 0 23 10 2 18 82 15 0 36 0 33 29 8 12 10 8 77 11 16 5 19 11 38 0 0 0 16 0 26 0 0 15 0 8 12 1 0 20 33 4 0 0 0 0 0 0 0 0 0 0 0 0 0 0 0 0 0 0 0 0 0 0 4 0 0 0 0 0 0 0 0 0 0 0 1 0 0 5 0 0 18 0 0 0 4 14 1 17 24 7 24 30 19 36 44 7 0 0 15 33 0 0 0 0 0 0 21 50 0 0 1 0 30 0 21 12 0 3 10 0 0 0 0 0 0 0 0 0 0 0 0 0 0 0 0 0 0 0 0 0 0 0 0 0 0 0 0 0 0 0 0 0 0 0 0 0 0 0 0 0 0 0 0 0 0 4 4 2 0 2 10 7 0 0 0 0 0 0 0 0 0 0 0 0 0 0 0 0 0 0 0 0 0 0 0 21 0 0 0 0 0 0 0 0 0 0 0 0 0 0 
 26 61 193 61 47 43 33 40 121 119 280 0 35 33 37 24 94 324 39 45 74 0 0 0 2 2 0 111 0 3 0 0 2 81 64 156 4 0 226 236 0 0 0 2 0 10 3 0 0 0 0 1 0 0 2 68 3 7 3 0 0 0 0 3 0 0 0 0 0 0 0 0 0 0 0 0 0 0 45 2 0 0 26 0 24 28 0 0 0 19 23 0 0 0 32 0 37 11 0 10 11 7 0 0 0 0 7 4 9 0 0 0 0 0 29 15 14 22 45 4 0 0 0 1 0 0 1 0 0 0 0 0 0 0 0 0 0 0 12 0 0 0 0 0 3 11 0 0 0 0 0 0 0 0 6 0 0 0 0 0 0 0 0 44 1 1 0 0 0 0 0 4 0 1 0 23 0 1 0 0 10 21 0 0 0 0 43 11 0 8 0 0 0 31 27 0 27 9 11 11 0 0 0 0 0 0 0 0 0 0 0 0 0 0 0 0 0 0 0 0 0 0 0 0 0 0 0 0 0 0 0 0 1 0 0 0 0 0 0 0 0 15 0 0 0 3 0 0 43 85 2 9 0 0 0 0 0 0 0 0 0 0 0 0 0 0 0 0 0 0 0 0 0 0 0 0 2 0 0 0 0 0 0 0 0 0 0 0 0 0 
 132 373 56 115 137 243 423 282 301 134 63 35 0 177 134 330 113 20 353 99 0 0 1 0 0 2 2 0 2 2 0 0 2 1 2 0 3 0 0 5 0 3 0 2 0 0 3 0 0 0 0 0 0 0 2 0 3 3 66 0 0 0 0 3 0 0 0 0 0 1 0 0 0 0 0 0 0 0 0 3 65 15 0 2 0 33 23 1 18 7 18 0 1 10 11 68 11 0 17 14 0 0 0 0 0 0 0 0 0 0 0 0 0 0 0 1 0 0 0 0 0 0 0 2 0 0 0 0 0 0 2 0 0 0 0 0 2 0 0 0 0 2 7 0 0 0 0 0 0 0 0 0 4 0 0 2 0 0 0 0 12 0 13 0 0 0 0 58 10 36 12 0 22 29 1 13 0 2 9 61 0 0 2 0 13 0 0 0 1 0 0 0 0 0 0 0 0 0 11 0 0 0 0 0 0 0 0 0 0 0 0 0 0 15 0 0 0 0 0 13 0 2 0 0 0 0 40 0 0 1 0 0 0 0 0 0 0 0 0 0 0 0 0 0 0 2 88 0 2 0 0 19 0 0 0 0 0 0 0 0 0 0 69 0 0 0 0 0 0 0 0 0 0 0 0 11 0 0 0 0 0 0 0 0 0 0 0 0 0 10 
 190 406 64 79 131 124 180 124 140 76 147 33 177 0 248 253 270 48 136 352 0 1 3 0 0 3 0 0 1 2 0 0 4 1 4 1 3 0 1 5 0 6 2 2 2 0 3 0 3 0 0 2 2 3 2 0 3 3 3 0 0 5 0 6 1 0 0 2 4 2 0 0 0 5 0 1 0 0 3 4 13 1 0 9 0 10 16 45 11 9 0 0 21 33 1 22 0 2 25 7 0 0 0 0 0 0 0 0 0 0 0 0 0 0 0 0 0 0 0 0 0 0 0 0 0 0 0 2 0 0 0 0 0 2 0 0 0 0 0 0 0 0 0 0 0 0 0 0 0 0 0 0 0 0 0 0 0 6 2 0 24 22 34 0 13 0 0 38 1 1 55 2 11 0 11 0 13 0 0 32 0 0 0 0 0 0 11 0 0 0 0 0 0 1 0 0 0 0 0 2 0 0 0 0 0 0 0 0 0 1 0 0 0 0 0 0 0 0 0 17 0 0 0 0 0 0 0 0 0 0 0 20 0 0 0 0 1 0 2 0 0 0 0 0 0 2 87 2 0 2 1 6 0 0 0 0 0 0 0 0 0 0 2 0 0 0 0 0 0 2 3 0 0 0 0 0 0 0 0 0 0 0 0 0 0 0 0 0 0 0 
 175 241 240 148 66 167 30 130 303 293 279 37 134 248 0 598 142 41 116 85 0 0 2 0 0 2 0 0 2 2 2 0 2 0 2 0 3 0 22 5 0 2 0 2 0 0 3 0 0 0 0 0 0 0 2 0 3 3 3 0 0 0 35 3 0 0 0 0 0 0 0 0 0 0 0 0 0 0 0 3 17 15 16 1 0 1 50 40 27 9 20 20 16 40 24 1 28 23 22 0 0 0 0 0 0 0 0 0 0 0 0 0 0 0 0 0 0 0 0 0 0 0 0 0 0 0 0 0 0 0 0 0 0 0 0 0 0 0 0 0 0 0 0 12 0 0 0 0 0 0 0 0 0 0 0 0 0 0 0 0 8 59 25 24 0 0 0 25 13 31 11 73 37 16 33 29 55 14 28 27 0 0 0 0 0 0 0 0 0 0 0 0 1 0 0 0 0 0 15 15 0 0 0 0 0 0 0 0 0 0 0 0 0 0 0 0 0 0 0 31 0 0 0 0 0 0 0 0 0 0 0 0 0 0 0 0 0 0 0 0 0 0 0 0 0 0 87 2 0 0 0 6 0 0 0 0 0 0 0 0 0 0 56 0 0 0 0 0 0 0 0 0 0 0 0 26 0 10 0 0 0 0 0 0 0 0 0 0 0 0 
 25 105 280 284 570 272 22 85 285 189 613 24 330 253 598 0 158 196 40 77 0 2 0 0 0 4 0 0 1 3 0 0 3 0 2 0 2 0 82 4 0 23 0 2 0 0 3 0 0 0 0 0 0 0 2 0 3 3 3 0 0 0 0 1 0 0 0 0 1 0 0 1 0 47 0 0 1 0 0 1 0 48 32 18 0 10 0 7 20 7 22 0 2 10 27 18 14 16 0 10 0 0 0 0 0 0 13 0 0 0 0 0 18 0 0 0 0 0 1 10 0 0 0 0 0 0 0 0 0 0 0 0 0 0 0 11 0 0 0 0 0 0 0 0 0 0 0 0 0 0 0 0 0 0 0 0 0 0 0 0 11 43 7 0 1 33 0 17 10 7 10 16 0 12 9 1 8 13 0 16 0 0 0 0 0 0 0 0 0 0 0 0 0 0 0 0 0 0 0 22 0 0 0 0 0 0 0 0 0 0 0 0 0 0 0 0 0 1 0 0 0 0 0 0 0 10 0 0 0 0 0 0 0 0 0 0 0 0 0 0 0 0 0 0 0 0 85 1 3 0 0 8 0 0 0 0 0 0 0 0 0 0 0 0 0 0 0 0 0 0 0 0 0 0 43 13 0 0 0 0 0 0 0 0 13 0 0 0 0 0 
 242 41 176 65 269 165 347 42 138 239 136 94 113 270 142 158 0 395 44 263 0 0 2 0 0 2 74 0 1 2 2 0 80 0 2 0 3 0 72 4 0 0 0 2 0 0 3 0 0 0 0 0 0 0 2 0 3 7 3 0 0 0 0 3 0 0 42 0 0 37 37 5 0 3 0 0 2 0 0 3 0 11 39 10 33 22 0 1 13 25 25 16 0 15 38 17 17 12 0 29 7 9 1 0 0 0 9 0 0 0 0 0 10 0 0 14 0 0 14 0 0 0 0 0 0 0 0 0 0 0 1 0 0 0 0 0 0 0 6 0 0 0 0 0 0 0 5 2 2 0 0 0 0 0 0 0 0 0 4 0 0 13 27 0 1 42 7 0 11 6 0 40 1 12 0 3 14 13 0 0 1 43 0 0 0 0 0 7 0 0 0 0 0 27 0 0 0 0 11 0 0 0 0 0 0 0 2 0 0 0 0 0 0 0 0 0 0 0 0 0 0 0 0 1 0 0 0 0 0 0 0 0 0 0 0 0 0 0 0 0 0 15 0 0 0 2 3 1 2 87 0 13 0 0 0 0 0 0 0 0 0 0 0 0 0 0 0 0 0 0 0 0 0 0 0 16 2 0 0 0 0 0 0 0 0 0 0 0 0 0 
 111 496 133 301 52 84 56 129 29 398 138 324 20 48 41 196 395 0 42 228 1 0 2 66 1 2 73 0 3 2 0 0 77 0 2 0 4 0 63 4 0 0 0 2 0 0 3 0 0 0 0 0 0 0 2 30 3 3 3 0 0 0 0 3 0 0 0 0 0 0 0 0 0 0 0 0 0 0 1 3 0 37 75 1 18 21 0 16 11 38 41 40 0 15 36 0 64 15 0 8 20 26 0 0 0 0 17 0 0 0 0 0 14 0 0 16 0 0 21 0 0 0 0 0 2 1 2 0 1 0 0 0 0 0 0 26 0 0 5 0 0 0 0 0 0 0 0 0 0 0 14 0 0 0 1 0 0 0 0 0 0 19 0 18 11 28 1 0 25 8 3 61 0 1 19 20 28 11 0 15 1 15 0 0 0 0 0 13 0 0 0 0 13 16 0 9 0 0 6 0 0 0 0 0 0 0 0 0 0 0 0 0 0 0 0 0 0 0 0 0 0 0 0 0 0 0 0 0 0 0 0 1 0 0 0 0 0 2 0 0 0 17 0 0 0 0 0 0 88 50 0 204 0 0 0 0 0 0 0 0 0 0 0 0 0 0 0 0 0 0 0 0 0 0 0 18 32 22 0 0 0 0 0 0 0 0 0 0 0 0 
 50 66 33 179 298 88 456 96 109 80 40 39 353 136 116 40 44 42 0 237 0 0 7 0 0 22 1 0 1 2 0 0 2 0 24 0 4 0 0 7 27 0 0 2 0 64 4 0 0 57 0 2 2 0 7 0 3 4 3 0 0 0 0 6 0 0 1 0 0 3 0 0 0 0 0 0 0 1 0 3 21 0 0 12 0 8 0 17 0 18 0 0 0 0 0 13 0 0 15 10 0 0 0 0 0 0 0 0 0 0 0 0 0 0 0 0 0 0 0 0 0 0 0 0 0 0 0 0 0 0 0 0 0 0 0 0 0 4 0 0 0 0 0 0 0 0 0 0 1 0 0 0 0 0 0 0 0 7 0 0 8 14 23 0 0 0 21 11 0 18 0 0 46 9 9 1 0 0 25 17 0 0 0 0 0 0 0 0 0 0 0 0 0 0 0 0 0 0 10 0 0 0 0 0 0 0 0 0 0 0 0 0 0 0 0 0 0 0 0 0 0 0 0 0 0 0 0 0 0 0 0 0 0 0 0 0 0 0 0 0 0 0 0 0 0 0 2 0 0 0 0 5 0 0 0 0 0 0 0 5 0 0 0 37 0 0 0 0 0 0 0 0 0 0 0 10 0 0 0 0 0 0 0 0 0 0 0 0 0 0 
 131 66 49 292 168 66 70 47 368 387 490 45 99 352 85 77 263 228 237 0 0 3 2 0 3 2 1 0 1 2 0 0 2 0 5 1 3 0 0 3 0 0 0 2 0 0 3 2 2 0 0 3 3 3 2 0 3 3 3 0 0 0 0 3 0 0 0 0 0 3 0 0 3 33 0 2 0 0 2 3 26 4 23 8 0 23 0 13 0 8 9 9 0 14 0 0 17 0 0 14 0 0 0 0 0 0 0 0 0 0 0 0 0 0 0 0 0 0 0 0 0 0 0 0 0 0 0 0 0 0 0 0 0 0 1 0 0 0 9 0 0 0 0 0 0 0 0 0 0 0 0 0 0 0 0 0 0 7 0 0 10 18 15 0 3 0 21 0 18 0 0 0 0 0 0 0 0 32 0 0 0 0 0 0 0 0 0 0 0 0 0 0 0 0 0 8 2 0 0 0 0 0 0 0 0 0 0 2 0 0 0 0 0 0 0 0 2 0 0 1 0 0 0 0 0 0 0 0 0 0 0 0 0 1 0 0 0 0 0 1 0 1 0 0 0 4 0 0 2 93 0 6 0 0 0 0 0 0 0 0 0 0 0 0 0 0 0 0 0 0 0 0 0 0 0 0 4 0 0 0 0 0 0 0 0 0 0 0 0 1 
 0 0 2 0 78 0 0 4 2 0 75 74 0 0 0 0 0 1 0 0 0 83 128 126 36 40 60 39 120 404 316 112 31 264 115 86 191 207 58 189 0 1 1 4 0 10 0 11 10 0 0 2 2 14 0 9 2 2 0 1 0 0 3 0 0 4 0 0 0 5 26 0 2 27 0 0 0 0 0 0 0 0 18 0 20 28 0 0 10 0 0 21 0 0 0 0 0 0 0 0 3 43 1 1 0 8 36 16 3 24 0 0 1 9 10 21 56 12 2 64 0 0 0 0 0 0 9 0 0 0 0 0 0 0 0 0 2 1 0 0 0 0 13 0 0 1 0 2 0 0 0 0 0 0 8 0 0 8 0 0 0 0 0 20 9 12 0 0 3 8 0 0 0 0 0 0 0 0 0 0 26 0 0 9 2 10 3 5 32 34 20 8 31 0 48 42 9 39 22 26 0 0 0 0 0 0 0 0 0 0 0 0 0 0 0 0 0 0 11 0 0 0 2 0 0 0 1 0 0 0 0 0 0 0 0 0 0 2 0 0 0 0 0 0 0 0 0 0 0 0 0 0 0 2 18 2 0 0 0 0 1 2 0 0 0 0 0 0 0 0 4 0 0 0 0 1 0 0 0 0 0 13 0 0 0 0 0 0 0 0 
 5 0 0 0 1 24 0 2 0 6 0 0 0 1 0 2 0 0 0 3 83 0 112 73 391 335 94 226 101 344 379 65 87 201 148 213 126 46 49 53 0 0 4 5 0 0 0 3 0 2 0 208 2 4 0 3 5 3 0 3 0 0 3 0 3 2 0 3 0 0 6 3 0 0 3 3 1 2 0 0 0 0 0 0 0 0 0 0 0 1 0 0 0 0 0 0 6 0 0 0 0 30 38 5 12 10 0 4 12 10 22 17 20 47 0 18 12 12 0 20 0 0 0 0 0 0 6 12 0 0 0 0 0 7 0 1 0 0 14 8 0 0 0 0 0 0 0 0 0 0 0 0 2 2 0 0 0 0 0 0 0 0 4 0 17 19 0 0 0 0 0 0 0 0 2 0 0 0 0 0 0 18 35 14 17 1 50 10 7 1 44 32 5 42 0 14 64 28 0 12 0 0 0 0 0 11 24 0 0 0 0 0 1 11 46 0 0 0 0 11 7 0 0 0 0 0 0 0 0 20 0 0 0 0 0 0 0 0 0 0 0 0 20 0 0 1 0 0 0 0 0 0 0 0 9 2 0 0 78 2 10 0 0 0 0 2 0 0 0 0 0 0 0 0 0 0 0 0 0 0 0 0 0 0 0 0 0 0 0 0 
 2 2 1 1 0 4 1 2 0 2 1 0 1 3 2 0 2 2 7 2 128 112 0 101 191 112 73 111 121 186 41 32 52 178 241 74 89 187 22 42 0 0 4 2 0 0 1 3 0 0 0 2 4 60 0 0 3 0 125 0 0 0 3 0 0 0 0 0 0 0 10 0 1 0 3 0 0 0 0 0 1 0 0 0 0 0 0 0 0 0 0 0 0 0 0 0 0 0 0 0 0 18 10 23 21 21 0 26 0 0 14 10 0 0 0 18 15 0 0 0 0 22 0 0 0 0 0 2 0 0 0 0 15 17 0 0 0 2 9 34 0 0 0 0 0 0 0 0 0 0 0 0 0 2 0 0 0 0 0 0 0 0 17 0 0 0 0 0 0 0 0 5 0 0 0 1 0 0 0 0 40 0 11 36 8 0 20 0 21 9 33 22 0 50 0 23 1 0 0 0 0 2 0 0 0 0 32 2 0 0 0 0 0 2 37 0 0 0 0 19 0 0 0 0 1 0 0 0 0 0 0 0 0 0 0 0 0 0 0 0 0 0 9 0 0 0 2 0 0 0 0 0 0 0 12 0 0 14 1 0 0 0 0 0 0 0 0 0 0 0 0 0 0 0 0 0 0 0 0 0 0 0 0 0 0 7 0 0 0 0 
 0 1 0 3 3 0 0 0 2 0 0 0 0 0 0 0 0 66 0 0 126 73 101 0 68 128 98 198 163 142 45 191 54 89 121 86 48 377 53 53 62 1 3 10 0 0 118 3 0 0 0 2 59 66 68 0 3 0 67 127 0 0 3 0 0 7 0 0 0 0 3 0 1 0 3 0 0 0 0 0 0 0 0 0 10 0 0 1 0 0 0 0 0 0 0 0 0 0 0 0 0 0 0 9 29 11 0 0 12 28 0 0 0 24 27 0 11 36 0 0 19 2 0 0 0 0 13 14 0 18 0 0 2 0 57 17 0 8 0 1 0 0 2 0 0 0 0 0 0 0 0 5 0 0 0 0 0 2 0 0 0 0 0 0 0 0 0 0 0 0 0 2 0 0 0 0 0 3 0 17 0 0 0 10 19 21 0 0 8 9 2 7 6 0 8 13 0 12 0 0 0 5 8 0 2 0 0 8 8 0 0 0 0 20 8 0 0 0 69 0 0 0 10 0 0 1 0 0 0 0 0 0 0 0 0 0 0 0 0 0 0 0 0 0 0 0 0 0 0 0 0 0 0 0 8 1 0 154 0 4 2 0 0 0 0 0 0 0 0 0 0 0 0 0 0 0 0 0 0 15 0 15 0 0 0 0 1 0 0 0 
 0 0 0 0 2 4 0 0 0 0 0 2 0 0 0 0 0 1 0 3 36 391 191 68 0 402 76 156 57 94 136 92 65 119 141 87 149 115 67 77 0 0 4 2 3 0 139 3 1 0 0 2 2 40 30 0 3 3 96 0 0 0 3 0 1 2 50 0 0 2 4 2 0 0 5 4 0 0 6 0 0 0 0 0 2 0 0 0 0 0 1 0 0 0 0 0 0 0 0 0 0 2 8 25 43 20 0 19 0 11 66 20 0 0 0 1 22 0 0 0 18 66 1 0 0 0 0 3 19 0 0 0 37 27 17 0 12 12 9 27 0 0 1 0 0 0 2 0 0 0 0 0 0 8 0 0 0 0 0 0 0 0 11 15 0 0 0 0 0 1 0 7 0 0 0 0 0 0 0 0 19 0 50 22 5 10 1 39 71 0 90 20 0 0 0 1 25 0 12 2 9 0 0 0 0 0 20 12 6 0 0 0 21 14 38 0 0 0 0 15 0 0 0 2 0 0 0 0 0 0 0 0 0 0 0 0 0 0 0 0 0 0 1 0 0 2 0 0 0 0 0 0 0 0 6 0 1 3 3 0 0 6 2 0 0 0 2 0 0 0 2 0 0 0 0 0 0 0 0 0 0 8 0 0 0 8 0 0 0 0 
 2 2 3 2 3 3 4 4 2 4 3 2 2 3 2 4 2 2 22 2 40 335 112 128 402 0 46 107 336 149 157 65 35 52 44 160 175 71 50 59 0 0 2 5 0 0 65 3 0 55 0 2 127 31 61 0 3 0 0 62 0 0 3 0 0 0 0 0 3 0 3 0 2 0 3 11 0 0 0 0 0 0 0 0 0 0 0 0 0 0 0 0 2 0 0 0 2 0 0 0 0 0 25 15 34 31 0 0 12 22 16 29 0 0 0 0 14 0 9 0 0 5 0 0 0 2 6 4 0 0 0 0 21 0 22 18 12 6 19 24 0 0 0 0 1 0 0 0 0 1 0 0 0 2 1 0 0 0 0 0 0 0 0 14 0 0 0 0 0 0 0 0 9 0 0 0 0 0 0 1 0 0 19 1 24 0 0 0 11 0 40 41 0 0 0 0 35 12 0 0 0 0 5 0 0 0 51 10 7 0 0 0 13 16 19 0 0 0 8 26 0 2 9 0 0 0 0 0 0 0 0 0 0 0 0 1 0 0 0 0 0 0 11 0 0 0 0 0 0 0 0 0 0 0 2 4 1 1 0 0 6 1 0 0 0 0 16 0 0 0 0 2 0 0 0 0 2 0 0 0 0 0 0 0 0 0 1 0 0 0 
 0 0 74 122 75 0 2 1 0 74 76 0 2 0 0 0 74 73 1 1 60 94 73 98 76 46 0 421 123 26 64 257 264 36 67 225 253 237 203 299 0 1 0 2 0 0 0 3 0 0 2 2 2 3 0 0 3 1 0 0 0 0 3 0 0 0 0 0 0 0 3 0 2 0 3 0 0 0 0 0 0 4 0 0 8 16 0 1 0 19 0 13 0 0 16 0 0 11 0 0 3 33 0 39 0 0 0 0 1 12 27 63 16 0 8 12 0 12 34 11 0 0 0 0 0 0 0 0 0 0 0 0 0 0 0 0 0 0 0 0 1 0 0 0 0 1 0 9 0 4 1 0 2 0 0 24 0 0 0 1 0 1 1 20 8 8 0 0 0 0 0 14 0 0 3 13 18 0 0 0 10 21 21 0 1 38 0 1 13 28 0 9 0 18 13 0 8 0 12 24 0 0 0 0 0 0 3 0 0 17 0 0 18 0 0 0 0 0 0 0 0 0 0 0 0 0 0 0 0 0 0 0 0 0 1 14 0 0 0 0 0 0 0 0 0 1 0 0 21 0 15 0 0 0 11 0 0 1 1 0 2 0 0 0 2 0 0 0 0 0 0 0 0 0 0 0 1 0 0 0 0 0 0 0 0 0 0 0 0 0 
 0 0 0 73 77 22 31 4 1 0 89 111 0 0 0 0 0 0 0 0 39 226 111 198 156 107 421 0 173 34 124 32 156 328 158 151 47 24 177 84 0 203 0 8 6 15 0 3 0 0 2 4 2 3 5 2 59 5 0 3 1 0 3 0 0 3 0 0 0 5 3 0 0 0 3 12 0 0 0 1 0 0 0 2 2 0 2 0 0 0 0 0 0 0 0 0 0 0 0 0 0 14 35 22 0 29 15 0 27 13 1 0 26 42 18 24 25 31 8 34 2 0 0 0 0 0 5 0 0 0 0 0 0 0 0 0 0 0 0 29 0 0 0 0 0 0 1 0 0 0 0 4 0 0 0 0 0 0 0 0 0 0 0 2 28 47 0 0 0 0 0 0 0 0 0 34 0 0 0 0 35 17 26 15 0 0 56 12 0 11 40 29 41 31 13 29 64 46 0 12 0 0 0 0 0 0 1 0 0 0 0 0 0 0 0 0 0 0 1 0 12 1 0 0 0 0 0 0 0 0 0 0 2 0 0 0 0 0 0 0 0 0 0 0 0 0 0 0 0 0 0 0 0 0 16 0 1 0 0 1 2 0 0 0 0 0 0 0 2 0 0 1 0 0 0 0 1 0 0 0 0 0 0 0 0 0 0 0 0 0 
 1 2 0 0 3 6 2 1 3 1 1 0 2 1 2 1 1 3 1 1 120 101 121 163 57 336 123 173 0 375 74 84 194 267 148 236 294 158 81 67 0 0 1 2 31 0 1 3 0 0 0 2 2 3 0 0 2 0 0 0 0 0 3 0 0 4 0 0 0 0 2 0 0 0 0 3 0 0 0 0 0 0 0 0 0 0 0 0 0 0 1 0 0 0 0 1 0 0 20 0 0 27 11 0 0 21 26 7 0 47 37 33 9 14 16 19 13 55 0 26 13 0 0 0 0 0 8 0 0 0 0 0 1 0 0 0 0 0 0 2 0 0 0 0 0 0 2 0 0 6 19 0 0 0 0 0 0 0 0 0 0 0 8 0 23 0 0 0 0 0 0 0 0 0 0 0 0 0 0 0 30 10 25 0 10 0 0 16 36 48 0 17 13 13 16 6 32 12 0 16 0 0 0 0 0 0 9 0 0 0 0 0 10 0 0 0 0 0 14 24 1 0 0 0 0 0 0 0 0 0 0 0 0 0 0 0 0 0 0 0 0 0 0 0 0 0 0 0 0 0 0 0 0 0 8 0 0 76 36 0 4 2 0 0 0 0 22 0 0 0 0 0 0 0 0 0 0 0 0 0 0 13 0 0 0 0 0 0 0 1 
 2 2 3 6 4 3 3 2 5 3 3 3 2 2 2 3 2 2 2 2 404 344 186 142 94 149 26 34 375 0 167 50 32 229 99 394 490 120 78 397 0 0 8 4 1 0 0 3 0 0 0 4 2 9 0 0 3 0 0 0 0 0 3 0 0 0 0 0 0 0 11 0 0 0 3 0 0 0 0 0 0 0 0 2 0 19 0 0 0 0 0 0 0 0 0 0 1 0 0 0 0 41 1 9 1 68 13 19 0 11 20 23 0 0 0 17 22 11 0 0 7 0 0 0 0 0 0 0 0 0 0 0 10 9 15 0 0 0 9 0 0 0 0 0 0 0 1 0 0 0 0 0 0 6 0 0 0 0 0 0 0 0 6 0 0 0 0 0 0 0 0 0 0 6 0 0 0 0 0 1 1 0 7 7 0 0 0 0 17 14 6 13 20 36 47 2 32 0 0 0 0 0 0 0 0 0 16 0 0 0 0 0 15 0 15 0 0 0 19 24 0 13 8 0 0 0 0 0 0 0 0 0 0 0 0 2 0 0 0 0 0 0 0 0 0 0 0 0 0 0 0 0 0 0 21 1 0 0 4 0 11 7 0 0 0 0 0 0 0 0 0 0 0 0 0 0 1 0 0 0 0 14 0 0 0 0 0 0 0 0 
 0 0 0 0 2 1 0 0 0 0 0 0 0 0 2 0 2 0 0 0 316 379 41 45 136 157 64 124 74 167 0 467 24 153 147 238 240 53 36 58 0 3 0 2 0 0 68 3 0 0 0 2 2 5 3 0 2 3 0 0 0 3 4 0 0 2 0 0 0 0 2 0 1 0 0 10 0 0 0 0 0 0 0 0 0 0 0 0 0 0 0 0 0 0 0 0 0 0 0 0 0 25 30 0 1 12 9 10 0 28 39 14 0 1 0 11 12 0 0 0 25 57 1 0 0 0 0 0 20 9 0 0 15 11 28 0 12 12 18 16 0 0 0 0 0 0 2 0 0 0 0 0 0 5 0 0 0 0 0 0 0 0 8 0 1 0 0 0 0 0 0 24 0 0 0 0 0 0 0 0 0 2 31 2 0 13 0 13 27 0 29 31 0 13 0 0 49 0 0 1 9 0 9 0 0 0 19 13 0 0 0 4 44 19 1 0 0 0 0 22 0 0 0 0 0 0 0 0 0 0 0 0 0 0 9 0 0 0 0 0 0 0 0 0 0 0 0 0 0 0 0 0 0 0 13 0 1 0 40 2 9 7 0 0 0 0 33 0 0 0 16 0 0 0 0 0 0 0 0 0 0 7 0 0 0 0 0 0 0 0 
 0 0 0 0 1 0 0 72 2 0 0 0 0 0 0 0 0 0 0 0 112 65 32 191 92 65 257 32 84 50 467 0 20 119 41 188 358 268 37 38 74 0 79 2 3 0 85 3 62 0 0 2 68 3 62 0 2 0 101 25 6 0 5 0 2 2 0 0 0 0 2 2 0 3 0 0 0 5 3 0 0 0 0 0 0 0 0 0 0 0 0 0 0 0 0 0 0 0 0 0 0 23 0 9 10 31 8 18 0 12 12 0 0 0 2 15 26 10 0 0 0 6 0 23 0 0 0 24 7 29 0 0 8 6 4 20 8 21 12 0 1 2 0 0 0 0 2 0 0 0 0 2 0 0 13 0 0 0 0 1 0 0 0 0 2 0 0 0 0 0 0 3 1 0 0 0 0 4 0 0 0 10 0 18 0 30 0 0 0 0 0 0 0 19 0 0 18 0 0 0 36 0 24 14 0 0 12 15 0 0 1 10 15 21 20 0 0 0 20 20 0 0 0 0 0 0 1 0 0 0 0 0 0 1 0 0 0 0 0 0 0 0 0 0 0 0 0 0 0 0 0 0 0 0 12 0 2 40 0 0 4 1 0 13 0 0 0 0 0 0 0 0 0 0 0 0 0 0 0 0 0 12 2 0 0 0 9 0 0 0 
 4 79 153 228 51 29 2 2 79 83 78 2 2 4 2 3 80 77 2 2 31 87 52 54 65 35 264 156 194 32 24 20 0 240 329 24 23 39 173 256 0 0 0 2 0 0 0 3 0 0 0 2 2 4 0 0 6 0 0 0 1 0 7 0 0 0 0 0 10 1 3 0 0 5 3 0 0 0 0 0 0 0 0 12 21 0 0 0 5 6 0 37 2 2 0 0 2 20 0 0 21 12 18 4 9 0 1 0 1 14 9 15 70 38 0 2 9 11 12 49 0 0 0 0 0 0 1 0 0 0 0 0 0 0 0 0 0 0 0 0 0 0 0 0 2 1 0 10 0 4 0 3 0 0 0 0 0 0 0 0 0 16 0 5 20 22 1 0 0 0 15 14 0 0 0 27 64 18 0 4 10 20 12 0 0 0 16 0 14 0 0 1 11 22 0 0 1 17 9 66 14 0 0 0 0 0 0 0 0 0 0 0 0 0 0 17 0 0 9 0 0 2 0 0 0 0 0 0 0 0 0 0 0 0 0 0 0 0 0 0 0 0 0 0 0 0 0 0 0 26 0 0 14 0 10 0 1 4 0 0 1 0 0 0 0 0 0 0 0 0 0 2 0 0 0 0 2 0 0 0 0 0 0 0 0 0 0 0 0 0 
 0 0 0 26 3 75 0 0 2 0 21 81 1 1 0 0 0 0 0 0 264 201 178 89 119 52 36 328 267 229 153 119 240 0 262 34 32 179 129 85 0 0 9 2 0 0 0 5 0 0 0 2 4 5 0 0 10 3 1 0 0 4 4 0 0 0 1 0 0 6 4 3 1 2 4 4 0 0 0 0 0 0 0 0 25 0 0 0 0 0 0 24 0 0 0 1 0 0 0 0 12 14 9 9 0 2 8 18 10 18 0 0 0 31 13 21 0 22 25 1 0 0 0 0 0 0 9 0 0 0 0 0 0 0 2 0 0 0 0 0 0 0 6 0 0 7 0 0 0 0 0 0 0 0 6 0 0 10 0 0 0 0 0 0 26 0 0 0 2 2 0 2 14 0 0 0 0 0 0 0 0 23 13 0 2 0 49 16 10 19 17 1 32 39 15 35 11 0 0 15 0 0 0 0 0 0 0 0 0 0 0 0 0 0 0 0 0 0 6 0 0 0 0 1 0 0 0 0 0 0 0 0 0 0 0 0 0 5 0 0 0 0 0 0 0 16 0 0 0 0 0 0 0 0 344 2 2 0 0 0 0 0 0 0 0 0 2 0 0 0 0 0 0 0 0 0 0 0 0 0 0 8 0 0 0 0 0 0 0 0 
 2 4 2 5 3 76 2 2 38 2 4 64 2 4 2 2 2 2 24 5 115 148 241 121 141 44 67 158 148 99 147 41 329 262 0 151 580 78 308 514 0 0 1 2 0 1 0 3 0 0 0 2 2 3 0 0 3 0 0 0 0 0 3 0 0 0 0 0 0 0 3 51 2 0 3 6 0 1 0 0 0 0 0 1 19 0 0 0 0 0 0 0 2 0 0 0 0 0 0 0 0 14 45 30 0 0 9 11 15 26 23 28 37 51 7 1 0 24 12 30 0 0 0 0 0 0 8 0 0 0 0 0 0 0 0 0 0 0 0 10 0 0 0 0 2 4 0 0 0 0 0 0 0 0 2 0 0 0 0 0 0 22 0 1 28 9 0 0 0 0 0 0 0 0 0 0 0 0 0 0 1 37 37 0 18 12 19 28 34 27 0 33 30 14 24 6 21 27 0 17 0 0 0 0 0 0 5 0 0 0 0 0 24 0 0 0 0 0 47 21 0 2 0 0 0 0 3 0 0 0 0 0 0 0 0 0 0 0 0 0 0 0 0 0 0 0 0 0 0 0 0 0 0 0 27 0 2 0 2 0 5 0 0 0 0 0 14 0 0 0 21 2 0 0 0 0 2 0 0 0 0 24 0 0 0 0 1 0 0 0 
 0 0 0 0 2 0 0 0 0 2 0 156 0 1 0 0 0 0 0 1 86 213 74 86 87 160 225 151 236 394 238 188 24 34 151 0 76 115 169 379 0 0 0 2 0 12 2 3 0 0 0 2 2 3 0 0 3 6 0 0 0 1 3 0 0 0 0 0 0 0 49 0 2 0 3 0 0 0 0 0 0 0 0 0 19 17 0 0 0 0 0 0 0 0 0 1 0 0 0 0 0 40 0 13 0 40 52 6 1 3 9 10 0 0 0 11 29 2 0 17 8 3 0 0 0 0 0 0 0 0 0 0 4 0 20 0 0 0 19 0 0 0 0 0 0 0 1 0 0 0 0 0 0 6 0 0 0 0 2 0 0 0 0 14 10 0 0 0 0 0 0 0 0 0 0 0 0 0 0 0 43 14 0 10 14 0 37 1 14 14 9 24 0 0 18 8 69 21 1 10 2 0 0 0 0 0 11 1 0 0 2 0 69 0 18 0 0 0 0 0 0 0 0 0 0 0 0 0 0 0 0 0 0 0 0 0 0 0 1 0 0 0 0 0 0 0 0 0 0 0 0 0 0 0 6 0 4 0 83 0 10 12 0 0 0 0 0 0 0 0 0 0 0 0 0 0 0 0 0 0 0 0 0 0 0 0 0 0 0 0 
 3 3 2 2 6 65 2 3 6 4 3 4 3 3 3 2 3 4 4 3 191 126 89 48 149 175 253 47 294 490 240 358 23 32 580 76 0 309 37 340 0 0 3 2 0 1 0 3 0 0 0 2 2 3 0 0 3 0 25 62 0 0 3 0 0 0 0 0 0 0 3 0 2 0 3 5 0 42 0 0 0 0 0 0 0 0 0 0 0 0 0 0 0 0 0 0 10 0 0 0 0 24 12 0 19 38 16 35 0 25 19 8 0 6 14 12 30 11 0 2 9 0 0 0 0 0 7 0 0 0 0 0 0 19 24 0 0 0 22 15 0 0 0 0 0 0 0 0 0 1 0 0 0 12 0 0 0 0 0 0 0 0 6 0 0 0 0 0 0 0 0 14 0 0 1 0 0 0 0 0 10 2 32 34 12 0 0 0 40 1 10 22 13 0 7 0 114 1 0 0 0 0 0 0 0 0 10 1 0 0 0 0 36 0 41 0 0 0 6 26 0 0 0 0 0 0 0 2 0 0 0 0 0 0 0 0 0 0 0 0 0 0 0 0 0 0 0 0 0 0 0 0 0 0 17 0 1 4 1 0 2 9 0 0 0 0 28 0 0 0 0 0 0 0 0 0 0 0 0 0 0 9 0 0 0 0 0 0 0 0 
 0 0 0 3 1 1 0 1 2 0 0 0 0 0 0 0 0 0 0 0 207 46 187 377 115 71 237 24 158 120 53 268 39 179 78 115 309 0 26 34 61 0 0 2 0 0 0 3 0 0 0 2 3 3 0 0 3 0 128 62 0 0 3 0 0 4 0 0 0 1 3 0 0 0 3 0 0 0 0 0 0 0 0 0 0 0 0 1 0 0 0 0 0 0 0 0 0 7 0 0 0 32 2 13 23 27 27 27 0 52 0 16 14 20 25 12 27 22 0 15 12 2 0 0 0 0 5 12 0 15 0 0 20 14 11 0 0 0 0 0 0 0 2 0 0 0 0 0 0 5 0 3 0 0 0 0 0 2 0 0 0 0 1 0 9 0 0 0 0 0 0 47 0 0 0 0 0 2 0 0 9 7 24 15 2 7 0 1 26 11 0 0 22 13 32 9 13 13 0 18 0 0 0 0 2 0 0 0 0 0 0 0 0 10 16 0 0 0 41 1 0 0 0 0 0 1 0 0 0 0 0 0 0 0 0 0 0 0 0 0 0 0 0 0 0 0 0 0 0 0 0 0 0 0 16 1 1 78 2 2 3 0 0 0 0 0 0 0 0 0 0 0 0 0 0 0 0 0 0 0 0 41 0 0 0 0 12 0 0 0 
 0 0 177 35 3 76 2 1 4 91 52 226 0 1 22 82 72 63 0 0 58 49 22 53 67 50 203 177 81 78 36 37 173 129 308 169 37 26 0 304 0 10 0 2 0 7 0 3 4 3 0 2 3 3 3 0 3 3 0 8 0 0 42 0 60 0 0 2 0 0 3 0 2 0 3 0 0 2 0 2 0 12 6 0 36 0 0 8 0 24 4 10 0 14 0 0 14 7 0 0 12 0 66 0 0 11 0 9 27 0 0 0 18 12 15 7 13 30 25 24 0 0 0 0 0 0 0 0 0 0 1 14 0 0 0 0 0 0 0 0 0 0 0 2 0 5 0 2 0 0 0 0 0 0 0 0 0 0 0 0 0 21 6 53 17 0 0 0 0 7 0 26 0 4 13 35 18 5 0 0 1 18 0 0 0 0 25 0 1 14 1 0 36 18 7 0 0 7 26 22 0 0 0 1 15 0 0 0 0 0 0 0 0 0 0 0 0 0 0 0 0 0 0 0 0 0 0 0 0 0 0 1 0 0 0 0 0 0 0 0 0 0 0 0 0 74 72 0 72 0 0 0 0 0 9 2 0 0 0 0 2 0 0 0 0 0 0 1 0 0 0 0 0 0 0 0 11 0 0 0 0 0 0 0 0 0 0 0 0 0 
 5 4 5 3 5 3 5 6 10 6 5 236 5 5 5 4 4 4 7 3 189 53 42 53 77 59 299 84 67 397 58 38 256 85 514 379 340 34 304 0 0 0 0 2 0 8 0 3 0 1 0 2 2 3 0 0 3 30 0 0 3 1 3 0 0 0 0 44 0 2 10 0 2 0 3 0 1 0 0 0 0 0 0 0 35 18 0 0 0 0 0 21 0 0 0 0 0 0 0 0 4 14 0 9 0 0 15 10 0 0 12 12 0 0 0 1 19 1 0 21 0 0 0 0 0 0 0 0 0 0 2 0 0 0 0 0 0 0 0 0 0 0 5 0 0 5 0 1 0 0 0 0 0 0 6 0 0 8 0 0 0 0 0 19 10 0 0 0 0 6 1 0 0 0 0 0 0 0 0 0 28 7 0 34 22 9 34 5 1 23 0 7 1 1 42 9 18 18 0 10 0 0 0 2 0 0 0 0 0 0 0 0 6 0 0 0 0 0 0 0 0 0 0 0 0 0 0 0 0 0 0 1 0 0 0 0 0 0 0 0 0 0 1 0 0 0 0 0 0 0 0 0 0 0 10 1 3 0 2 0 1 0 0 0 0 0 0 0 0 0 0 0 0 0 0 0 0 0 0 0 0 0 0 0 0 0 0 0 0 0 
 0 0 0 0 0 0 0 0 0 0 0 0 0 0 0 0 0 0 27 0 0 0 0 62 0 0 0 0 0 0 0 74 0 0 0 0 0 61 0 0 0 176 290 39 35 70 430 103 169 49 24 54 102 210 118 43 78 49 93 59 8 0 0 0 0 0 3 0 0 0 0 0 1 0 0 0 0 36 0 0 0 0 0 0 0 0 0 12 0 0 0 0 0 0 0 0 0 0 0 0 0 0 0 12 10 20 0 0 0 11 0 0 0 0 0 0 0 0 0 0 0 11 15 14 0 27 15 39 11 4 36 0 0 22 2 11 9 0 10 19 4 3 0 0 0 0 0 7 0 0 0 0 3 0 5 0 0 0 4 0 0 0 0 0 0 0 0 0 0 0 0 1 0 0 0 0 0 3 0 3 0 0 0 10 2 0 0 0 0 0 0 0 0 0 0 0 0 0 0 0 20 2 29 0 20 12 0 23 0 2 21 15 1 0 11 4 11 27 0 7 0 0 0 0 0 8 0 0 0 0 0 1 0 3 0 0 0 0 1 0 0 0 0 0 0 0 0 0 0 31 0 6 0 1 0 0 0 0 0 0 0 0 1 0 3 2 2 0 0 0 0 0 0 0 0 0 0 0 0 0 0 0 0 0 0 5 0 1 0 0 
 0 8 0 0 13 13 4 9 0 0 2 0 3 6 2 23 0 0 0 0 1 0 0 1 0 0 1 203 0 0 3 0 0 0 0 0 0 0 10 0 176 0 137 75 106 40 282 198 59 373 63 53 406 68 89 123 330 112 80 257 7 0 10 0 0 0 0 0 0 0 0 0 0 0 0 0 0 8 51 0 0 0 0 5 0 6 0 5 0 0 0 0 0 4 0 3 0 3 0 6 0 0 0 1 7 0 0 0 0 0 0 0 0 0 0 0 0 0 0 0 0 0 0 28 15 69 11 19 14 43 61 12 0 16 0 0 21 6 7 0 0 0 0 0 0 0 0 0 0 0 0 0 0 0 0 0 0 0 0 0 8 50 5 13 0 0 0 2 0 2 4 0 0 0 5 7 0 0 0 2 0 0 0 0 0 0 0 0 0 0 0 0 0 0 0 0 0 0 0 0 9 28 0 12 0 0 14 25 22 2 0 2 1 1 0 0 44 16 0 0 0 0 0 0 0 0 1 0 0 0 0 0 0 0 0 0 0 0 0 0 0 0 0 0 0 0 4 0 0 29 0 7 0 1 0 0 0 0 0 8 0 0 68 35 88 18 0 0 0 0 1 0 0 0 0 0 0 0 0 0 0 0 0 0 8 19 1 0 0 0 
 0 0 0 0 1 0 0 0 0 0 0 0 0 2 0 0 0 0 0 0 1 4 4 3 4 2 0 0 1 8 0 79 0 9 1 0 3 0 0 0 290 137 0 163 53 129 157 290 133 55 43 288 76 346 173 84 276 100 106 126 12 0 0 0 5 0 4 0 0 4 4 2 0 0 0 0 23 41 56 0 0 0 0 0 0 0 0 0 0 0 0 0 0 0 0 0 0 0 0 0 0 0 4 6 8 4 0 0 0 1 0 4 8 0 1 0 0 5 0 0 0 29 10 1 1 0 15 15 63 1 15 0 15 18 20 0 19 27 8 25 24 3 0 0 0 0 25 0 0 0 0 0 21 0 0 0 0 0 0 0 0 0 0 0 0 0 0 5 0 0 0 0 3 0 0 0 7 0 0 0 0 0 0 0 12 0 0 0 3 0 5 2 4 0 3 0 0 0 0 0 0 10 10 8 27 6 0 17 20 7 57 0 0 7 0 14 11 0 3 8 5 0 20 0 0 0 16 0 0 0 0 0 1 0 0 0 4 0 0 20 0 0 4 0 0 0 0 0 0 0 0 1 0 0 0 0 0 0 0 1 0 0 2 0 0 0 2 0 0 0 0 0 0 0 0 0 0 0 0 0 0 3 0 0 23 22 0 0 0 0 
 8 2 2 2 137 2 2 3 2 2 2 2 2 2 2 2 2 2 2 2 4 5 2 10 2 5 2 8 2 4 2 2 2 2 2 2 2 2 2 2 39 75 163 0 160 40 301 109 110 207 223 87 195 83 201 117 31 111 92 195 1 52 0 0 0 0 0 0 0 0 0 0 0 0 0 0 7 0 79 0 0 0 0 0 0 0 0 0 0 0 0 0 0 0 0 0 0 0 0 0 0 0 0 0 12 0 0 0 5 0 0 13 0 0 0 0 0 0 0 0 7 14 6 13 38 5 0 9 19 14 8 16 10 0 0 10 12 34 0 1 0 15 0 25 0 0 0 22 0 0 0 0 14 0 0 0 0 0 0 6 0 0 0 13 0 0 0 7 0 0 0 0 1 0 0 0 7 0 0 0 0 0 0 0 1 0 0 0 0 0 0 0 0 0 0 0 0 0 0 0 6 1 0 30 25 0 11 0 9 12 0 0 10 0 0 27 4 10 1 0 0 0 9 0 0 0 0 0 0 0 0 0 0 6 0 0 0 0 12 10 0 0 10 0 0 0 0 0 0 0 0 11 0 2 0 0 0 0 0 2 0 0 69 0 0 4 0 2 2 0 0 0 0 0 0 0 0 0 0 1 0 0 0 0 12 0 0 0 0 0 
 0 0 0 0 0 0 0 2 0 0 0 0 0 2 0 0 0 0 0 0 0 0 0 0 3 0 0 6 31 1 0 3 0 0 0 0 0 0 0 0 35 106 53 160 0 157 61 142 30 548 141 159 119 73 70 68 356 50 56 61 49 61 0 0 65 7 54 0 113 0 0 0 0 1 3 50 20 0 0 5 0 0 0 0 0 0 0 0 0 0 0 0 0 0 0 0 0 0 0 0 0 0 0 0 0 0 0 0 0 0 0 0 0 0 0 0 0 0 0 0 0 0 0 0 31 0 0 0 0 0 0 17 0 8 0 18 0 0 0 0 3 18 0 0 0 0 0 28 0 4 1 6 0 10 0 21 2 13 7 0 0 0 0 0 0 0 0 0 4 0 0 0 0 2 1 0 0 0 0 0 0 0 0 0 0 0 0 0 0 0 0 0 0 1 0 0 0 0 0 1 0 0 0 8 0 0 0 0 13 0 20 6 0 0 0 0 18 0 0 0 30 6 0 0 0 0 13 8 31 10 0 0 30 9 34 13 0 0 10 26 0 0 0 0 0 0 0 0 0 0 0 8 0 0 0 0 0 0 0 1 0 0 5 0 3 6 0 1 0 0 11 0 0 0 0 0 0 0 0 0 0 0 0 0 6 0 0 0 0 0 
 0 3 0 0 0 0 0 0 1 0 0 10 0 0 0 0 0 0 64 0 10 0 0 0 0 0 0 15 0 0 0 0 0 0 1 12 1 0 7 8 70 40 129 40 157 0 34 80 51 41 96 42 45 53 47 84 274 150 37 39 57 34 0 0 50 0 1 7 1 0 0 1 0 0 51 1 0 0 51 0 0 0 0 0 0 0 0 0 0 0 0 0 0 0 0 0 0 0 0 0 5 0 0 0 0 0 3 0 0 0 0 0 0 0 0 4 0 0 4 2 0 0 0 0 9 0 0 0 0 0 0 1 0 0 0 0 0 0 0 0 0 30 14 11 0 0 0 13 0 0 0 7 18 0 19 9 3 9 17 0 0 0 0 0 3 0 0 0 4 0 0 0 0 1 0 0 0 0 0 0 6 5 0 0 0 0 5 5 1 3 0 0 0 5 0 5 4 12 0 0 0 0 0 0 10 14 0 0 0 0 0 0 0 0 0 0 0 0 0 0 35 0 8 0 0 0 12 13 11 20 20 7 16 9 34 9 55 11 20 24 7 5 0 0 0 0 0 0 0 0 0 8 0 0 0 0 0 0 0 0 0 0 5 0 0 9 1 0 0 0 0 0 0 0 0 0 0 0 0 0 0 0 0 0 0 0 0 0 0 0 
 3 3 3 3 3 3 3 3 3 3 3 3 3 3 3 3 3 3 4 3 0 0 1 118 139 65 0 0 1 0 68 85 0 0 0 2 0 0 0 0 430 282 157 301 61 34 0 107 117 106 24 326 203 155 610 122 51 304 142 42 4 0 0 2 0 0 2 0 0 0 0 0 0 0 0 0 0 1 0 0 0 0 0 0 0 0 0 0 0 0 0 0 0 0 0 0 0 0 0 0 0 0 0 0 0 11 0 0 0 9 21 0 0 0 0 0 0 0 0 0 15 43 6 0 0 0 10 17 8 0 10 0 34 4 1 7 7 17 0 14 21 2 0 0 0 0 2 8 0 0 0 0 6 1 4 0 0 0 3 0 0 0 0 0 0 0 0 0 0 0 0 0 0 0 0 0 0 3 0 0 0 0 0 6 11 21 0 0 0 11 1 0 0 0 11 11 0 0 0 0 11 11 24 0 0 23 39 19 9 0 5 0 2 31 1 7 0 0 17 24 2 0 0 0 0 0 0 0 0 0 0 0 0 10 0 0 0 0 5 0 0 0 8 0 0 0 0 0 0 0 0 14 0 2 0 0 0 49 0 0 0 1 0 0 0 3 2 0 0 0 0 0 0 0 0 0 0 0 0 10 0 10 0 0 5 19 0 0 0 0 
 0 3 0 1 0 6 0 0 0 0 0 0 0 0 0 0 0 0 0 2 11 3 3 3 3 3 3 3 3 3 3 3 3 5 3 3 3 3 3 3 103 198 290 109 142 80 107 0 141 706 41 380 326 366 348 301 125 170 100 56 0 0 0 0 0 0 0 0 13 0 0 5 0 5 0 0 5 1 1 6 0 0 0 0 0 0 25 8 0 0 0 0 0 0 0 0 0 0 0 0 0 0 0 0 14 0 0 0 0 0 0 0 0 0 0 0 0 0 18 0 0 14 0 23 15 24 19 14 0 48 29 4 28 10 0 3 13 18 0 0 0 5 6 0 14 0 0 0 0 4 5 0 0 6 1 0 5 0 17 14 0 0 0 0 0 0 0 0 0 0 8 0 0 0 0 3 0 0 0 0 0 0 0 0 0 0 0 16 0 0 0 0 0 0 0 0 0 0 0 0 10 81 16 17 0 17 11 10 1 0 8 1 0 0 0 6 40 23 0 0 0 8 0 0 0 0 8 0 0 7 0 0 0 0 29 1 0 0 0 0 0 0 7 0 0 0 0 0 0 0 0 7 0 0 0 0 0 0 0 16 0 0 67 64 64 6 0 1 0 0 3 0 0 0 0 0 0 0 0 0 0 0 0 0 35 0 0 0 0 0 
 0 0 0 1 1 6 0 0 0 0 0 0 0 3 0 0 0 0 0 2 10 0 0 0 1 0 0 0 0 0 0 62 0 0 0 0 0 0 4 0 169 59 133 110 30 51 117 141 0 287 148 93 187 131 128 82 466 28 163 149 0 0 0 0 0 0 0 0 0 0 0 1 0 0 3 0 13 0 8 7 0 0 0 0 0 0 0 0 0 0 0 0 0 0 0 0 0 0 0 0 0 0 0 0 2 0 0 0 0 0 0 0 0 0 0 0 0 0 0 0 25 11 26 23 27 28 20 15 59 19 17 0 14 26 0 10 26 21 0 9 4 3 8 0 0 0 0 0 0 0 0 0 10 0 0 10 0 0 8 21 0 0 0 0 0 57 0 10 0 0 2 0 0 0 0 3 2 0 0 0 0 0 0 0 7 0 0 0 0 0 0 0 0 0 0 0 0 0 0 0 43 16 12 0 9 0 11 20 8 41 30 2 44 17 0 18 2 37 0 9 0 0 0 0 0 0 10 0 0 0 0 0 0 2 0 0 0 0 0 12 0 0 0 0 0 0 0 0 0 0 0 8 0 0 0 0 0 0 0 0 0 0 0 0 66 2 0 3 0 0 0 0 0 0 0 0 0 0 0 0 0 0 0 0 0 0 0 0 0 0 
 0 3 0 0 0 0 0 0 0 0 0 0 0 0 0 0 0 0 57 0 0 2 0 0 0 55 0 0 0 0 0 0 0 0 0 0 0 0 3 1 49 373 55 207 548 41 106 706 287 0 156 91 317 94 163 237 290 395 54 294 0 0 0 0 0 0 0 0 0 0 0 0 1 0 5 0 1 6 101 0 0 0 0 0 0 0 0 0 0 0 0 0 0 14 0 0 0 0 0 0 0 0 0 0 0 0 0 0 0 0 0 0 0 0 0 0 0 9 0 0 1 13 1 37 14 1 5 0 27 22 40 83 25 34 0 14 7 2 0 0 0 0 0 0 0 0 0 0 0 0 0 0 0 0 0 0 0 0 14 11 0 0 0 0 0 0 0 0 0 0 3 0 11 0 1 3 0 0 0 0 0 0 0 0 0 0 0 0 9 0 0 0 0 0 0 0 0 0 0 0 8 53 2 28 0 15 0 8 16 0 9 4 0 0 6 7 71 0 0 0 0 0 0 0 0 0 1 0 0 0 0 0 0 0 0 0 0 0 4 7 0 0 0 0 0 0 0 0 0 0 0 16 0 2 0 0 0 0 0 15 0 0 2 7 1 2 1 0 0 0 0 0 0 0 0 0 0 0 0 0 0 0 0 0 0 11 0 11 0 0 
 0 1 0 0 0 0 0 0 2 0 0 0 0 0 0 0 0 0 0 0 0 0 0 0 0 0 2 2 0 0 0 0 0 0 0 0 0 0 0 0 24 63 43 223 141 96 24 41 148 156 0 151 100 107 89 220 129 53 33 53 0 0 0 0 0 52 0 0 0 0 0 0 0 0 4 0 3 0 5 4 0 0 0 0 0 0 0 0 0 0 0 0 0 0 0 0 0 0 0 0 0 0 0 0 0 0 0 0 0 0 0 0 0 0 0 0 0 0 0 0 14 14 50 14 36 24 17 10 18 45 27 5 0 0 13 23 0 13 0 1 20 0 34 0 0 2 0 0 0 0 0 0 14 0 0 0 0 0 15 88 0 0 0 0 0 0 0 6 0 0 0 0 1 0 4 1 6 0 0 0 0 0 0 0 0 0 0 0 0 0 0 0 0 0 0 0 0 0 0 0 2 0 11 9 25 0 0 0 5 43 21 10 0 0 0 27 32 30 0 0 0 0 0 0 0 0 10 0 0 0 0 0 0 0 0 7 0 0 10 38 0 0 0 0 0 0 0 0 0 0 0 5 0 0 0 0 0 0 0 9 0 0 68 1 1 1 0 64 2 0 1 0 0 0 0 0 0 0 0 0 0 0 0 0 8 16 0 1 0 0 
 0 0 0 0 0 2 0 0 0 4 5 1 0 2 0 0 0 0 2 3 2 208 2 2 2 2 2 4 2 4 2 2 2 2 2 2 2 2 2 2 54 53 288 87 159 42 326 380 93 91 151 0 32 32 252 104 97 210 34 37 4 0 0 0 0 0 2 0 0 0 0 2 0 0 0 0 2 0 50 0 0 0 0 0 0 0 0 0 0 0 0 0 0 13 0 0 0 0 0 0 0 0 0 0 0 0 0 0 0 0 0 0 0 0 0 0 0 0 0 0 8 0 14 31 20 3 2 0 11 21 29 1 0 0 0 13 17 8 0 0 27 0 7 0 0 0 8 7 0 0 0 18 19 0 4 0 0 0 15 14 0 0 0 0 0 0 0 4 0 6 7 0 0 0 0 5 1 0 0 0 0 0 0 0 0 0 0 0 0 0 0 0 0 10 0 0 0 0 0 0 24 37 0 67 32 7 0 0 13 0 14 0 0 0 1 26 22 42 0 0 2 0 0 0 0 0 16 0 0 0 0 0 1 6 0 0 0 0 19 13 0 0 8 0 0 0 0 0 0 0 0 17 0 0 0 0 0 0 0 13 0 0 0 0 2 0 3 0 2 0 9 0 0 0 0 0 0 0 0 0 0 0 0 0 13 0 0 1 0 0 
 0 0 0 3 0 6 0 0 0 0 0 0 0 2 0 0 0 0 2 3 2 2 4 59 2 127 2 2 2 2 2 68 2 4 2 2 2 3 3 2 102 406 76 195 119 45 203 326 187 317 100 32 0 457 270 64 39 29 95 43 0 0 0 0 0 6 0 202 0 0 0 0 3 0 0 0 1 6 0 0 0 0 0 0 0 0 0 0 0 11 0 0 0 0 0 0 0 0 0 0 0 0 0 0 10 11 0 0 0 9 0 0 0 0 0 0 0 0 0 0 0 13 0 10 16 7 5 52 18 31 33 28 42 77 1 12 5 8 0 3 0 0 0 0 0 0 0 0 0 0 0 0 0 0 0 0 0 0 0 0 0 0 0 0 0 0 0 0 0 0 0 0 0 0 0 0 0 5 10 0 0 0 0 0 0 0 0 0 0 0 0 0 0 0 0 0 0 0 0 0 2 31 18 0 19 15 8 15 16 0 0 0 15 10 0 0 20 11 7 0 0 0 0 0 0 0 0 0 0 0 0 0 0 0 0 0 0 0 0 0 0 0 0 0 0 0 0 0 0 0 0 4 0 0 0 0 0 0 0 0 0 0 47 0 1 3 0 0 0 0 0 0 0 0 0 0 0 0 0 0 0 0 0 0 8 15 0 0 0 0 
 0 0 0 68 0 6 0 0 0 0 0 0 0 3 0 0 0 0 0 3 14 4 60 66 40 31 3 3 3 9 5 3 4 5 3 3 3 3 3 3 210 68 346 83 73 53 155 366 131 94 107 32 457 0 149 90 326 27 160 155 7 0 0 0 0 0 0 0 0 0 0 1 0 0 0 1 0 9 138 0 0 0 0 0 0 15 0 0 0 0 0 0 0 0 0 0 0 0 0 0 0 0 6 19 7 13 0 0 0 0 0 12 0 0 0 0 0 0 0 0 7 1 21 7 0 19 6 11 14 20 35 0 7 17 30 37 2 0 7 39 0 2 0 0 0 0 0 0 0 0 0 0 0 0 0 0 0 1 0 0 16 0 0 0 0 0 0 0 0 0 0 0 5 0 0 0 0 1 0 0 0 0 0 0 14 0 0 0 0 0 9 3 0 0 0 0 9 0 0 0 12 10 26 0 6 0 0 33 2 18 12 8 0 14 1 7 19 19 2 13 0 0 0 0 0 0 0 0 0 0 9 0 0 0 0 0 0 0 0 0 0 0 5 0 0 0 0 0 0 0 0 18 0 0 0 0 0 0 0 0 0 0 66 0 66 0 0 0 0 0 0 0 0 0 0 0 0 0 0 0 0 0 0 0 7 19 1 0 0 0 
 2 2 2 2 3 2 2 2 2 2 2 2 2 2 2 2 2 2 7 2 0 0 0 68 30 61 0 5 0 0 3 62 0 0 0 0 0 0 3 0 118 89 173 201 70 47 610 348 128 163 89 252 270 149 0 94 272 40 142 174 1 0 0 0 3 0 0 0 0 2 4 0 2 2 2 0 1 6 4 0 0 0 0 0 0 0 0 0 0 0 0 0 0 0 0 0 0 0 0 0 0 0 0 0 10 0 0 0 2 0 0 0 0 0 0 0 0 0 0 0 1 67 15 0 10 0 6 0 48 0 22 0 46 41 10 2 17 78 0 33 0 9 0 0 0 0 1 0 9 0 0 0 0 1 0 0 0 0 1 14 0 0 0 0 0 0 0 4 0 0 0 0 1 0 0 19 4 0 0 1 0 0 0 0 21 1 0 0 0 0 1 0 0 0 0 9 0 0 0 0 0 52 19 0 10 14 0 26 0 11 64 1 7 7 1 6 10 0 12 5 1 0 12 0 0 0 0 0 0 0 0 0 0 0 0 0 0 0 22 0 0 0 0 0 0 0 0 0 0 0 0 18 0 1 0 0 0 1 0 7 0 1 1 0 0 4 0 0 2 0 1 0 0 0 0 0 0 0 0 19 0 0 0 0 0 0 0 0 0 0 
 0 0 0 0 0 0 0 0 0 73 0 68 0 0 0 0 0 30 0 0 9 3 0 0 0 0 0 2 0 0 0 0 0 0 0 0 0 0 0 0 43 123 84 117 68 84 122 301 82 237 220 104 64 90 94 0 102 109 32 54 0 0 0 0 0 0 0 7 2 0 0 8 0 7 6 0 1 6 66 5 0 1 0 0 0 0 0 0 0 0 0 0 0 0 0 0 0 0 0 0 0 0 0 2 1 0 0 0 0 0 0 0 0 0 0 0 0 0 0 0 29 13 27 21 14 0 5 0 18 10 33 24 25 45 13 31 24 2 0 0 0 7 0 0 0 0 9 0 0 0 2 8 0 2 0 6 0 9 0 9 0 0 0 0 0 0 0 0 0 0 1 0 0 0 0 0 0 0 0 0 0 0 0 0 0 0 0 0 0 0 0 0 0 0 0 0 0 0 0 0 0 44 2 27 0 15 0 7 8 13 0 1 0 0 10 17 49 0 0 0 0 0 5 5 0 0 5 5 0 2 0 5 0 0 10 0 0 7 12 35 0 0 0 0 0 0 0 0 0 0 0 0 0 0 0 0 0 0 0 8 0 0 3 33 0 10 1 1 0 0 0 0 0 0 0 0 0 0 0 0 0 0 0 0 1 17 0 10 0 0 
 3 5 3 3 3 3 67 3 3 3 65 3 3 3 3 3 3 3 3 3 2 5 3 3 3 3 3 59 2 3 2 2 6 10 3 3 3 3 3 3 78 330 276 31 356 274 51 125 466 290 129 97 39 326 272 102 0 204 40 49 54 0 2 0 0 3 2 6 0 0 0 2 97 54 14 0 3 0 51 6 0 0 0 0 0 0 0 0 0 0 0 0 0 0 0 0 0 0 0 0 0 0 0 0 0 7 0 0 0 0 0 0 0 0 0 0 0 0 0 0 0 0 14 0 6 16 9 13 0 60 17 18 0 11 0 0 2 0 0 0 18 0 14 0 0 0 0 0 0 0 7 0 15 0 12 11 0 0 0 10 0 6 0 0 0 0 0 0 0 0 1 0 0 2 18 1 0 0 0 0 0 0 0 0 0 0 0 0 23 0 0 0 0 0 0 0 0 0 0 0 16 0 12 0 0 20 0 12 9 13 28 55 0 0 2 0 0 12 0 0 7 0 0 0 0 0 31 12 0 0 0 0 9 11 0 8 0 0 1 0 0 0 0 0 0 0 0 0 0 0 0 19 0 0 0 0 0 0 0 0 0 0 1 1 33 1 0 62 0 0 8 0 0 0 0 0 0 0 0 0 0 0 0 0 0 15 0 0 0 0 
 3 3 3 3 3 6 3 3 3 3 3 7 3 3 3 3 7 3 4 3 2 3 0 0 3 0 1 5 0 0 3 0 0 3 0 6 0 0 3 30 49 112 100 111 50 150 304 170 28 395 53 210 29 27 40 109 204 0 34 271 0 0 0 0 0 0 0 2 0 0 0 3 50 1 0 0 1 6 25 0 0 0 0 0 0 0 0 0 0 0 0 0 0 0 0 0 0 0 0 10 39 0 0 0 0 0 3 0 0 0 0 0 0 23 0 3 0 0 3 5 0 17 0 0 0 0 3 5 33 0 21 2 45 9 0 10 0 7 0 0 12 1 10 0 0 0 20 0 0 0 0 0 26 0 16 0 0 0 0 0 0 6 0 0 4 0 0 0 0 0 0 0 1 0 0 0 0 0 0 0 23 7 0 0 0 0 5 13 0 3 0 0 0 30 0 3 4 3 0 0 0 21 14 9 14 67 0 7 0 16 1 25 0 0 0 0 26 0 0 0 34 0 0 0 0 0 24 25 0 0 0 0 0 0 0 0 28 0 0 36 0 3 1 0 0 2 0 0 0 0 0 10 0 1 0 0 0 0 0 26 0 1 0 62 0 12 0 0 0 0 11 0 0 0 0 0 0 0 0 0 0 0 0 0 18 0 0 0 0 0 
 3 37 3 6 3 3 3 3 3 47 3 3 66 3 3 3 3 3 3 3 0 0 125 67 96 0 0 0 0 0 0 101 0 1 0 0 25 128 0 0 93 80 106 92 56 37 142 100 163 54 33 34 95 160 142 32 40 34 0 247 11 0 0 0 0 0 3 0 0 0 0 58 1 0 0 1 0 0 0 0 0 0 0 0 0 0 0 0 0 0 0 0 0 0 0 0 0 0 0 0 0 0 0 9 43 0 0 16 0 0 10 0 0 0 0 0 0 8 0 0 0 6 7 12 0 7 0 3 4 24 0 0 3 27 13 0 0 0 21 13 6 1 0 0 0 0 0 5 0 0 0 0 0 0 3 0 0 0 10 0 0 0 16 0 0 0 0 0 0 0 0 9 0 0 0 0 0 0 0 0 1 0 12 36 13 49 0 0 8 7 8 3 0 0 0 12 1 0 0 0 0 17 10 0 15 0 11 1 0 8 8 0 0 14 78 12 0 11 15 23 0 0 0 0 0 0 0 0 0 0 0 1 0 2 0 0 0 0 1 0 0 0 0 0 0 0 0 0 0 0 0 15 0 2 0 0 0 79 0 0 0 0 2 0 0 1 1 0 0 0 0 0 0 0 0 0 0 18 0 1 0 0 0 0 0 8 9 0 2 0 
 0 0 0 0 0 0 0 0 3 0 0 0 0 0 0 0 0 0 0 0 1 3 0 127 0 62 0 3 0 0 0 25 0 0 0 0 62 62 8 0 59 257 126 195 61 39 42 56 149 294 53 37 43 155 174 54 49 271 247 0 0 3 0 5 5 3 0 0 0 23 0 0 2 0 0 0 0 6 0 0 0 0 0 0 0 0 0 0 0 0 0 0 0 0 0 0 0 0 0 0 0 0 0 9 16 9 0 0 0 14 0 0 0 0 0 0 0 13 0 0 0 10 6 13 0 11 0 0 10 13 0 0 12 0 15 0 2 21 6 14 0 3 6 7 0 5 0 0 7 0 0 0 0 0 0 0 0 0 1 0 0 0 0 0 0 0 0 3 0 0 0 0 2 0 0 0 6 1 0 0 0 0 0 0 18 1 0 0 0 0 0 0 0 0 0 14 0 0 0 0 0 28 14 0 24 0 0 1 0 9 11 0 10 16 1 10 0 9 68 14 0 0 11 0 3 5 0 0 5 0 14 0 0 0 0 12 3 0 0 0 0 0 0 0 0 0 0 0 0 0 0 13 0 0 0 0 0 31 0 0 0 0 69 0 0 0 15 0 2 0 3 0 0 0 2 0 0 0 0 9 0 0 0 0 0 0 9 0 1 0 
 0 2 0 43 0 0 0 0 0 0 0 0 0 0 0 0 0 0 0 0 0 0 0 0 0 0 0 1 0 0 0 6 1 0 0 0 0 0 0 3 8 7 12 1 49 57 4 0 0 0 0 4 0 7 1 0 54 0 11 0 0 118 73 47 101 266 208 120 172 29 40 82 156 75 92 88 29 117 55 83 0 0 0 0 0 0 0 0 0 0 0 0 0 0 0 0 0 0 0 0 0 0 0 0 12 0 0 0 0 0 0 0 0 0 0 0 0 0 0 0 0 4 0 0 0 0 0 10 8 1 13 0 0 11 2 0 8 0 13 0 12 1 0 1 0 7 39 31 0 3 0 13 0 9 9 11 0 4 12 0 0 0 0 0 0 0 0 0 5 0 0 0 0 0 0 0 0 0 0 0 28 0 0 0 0 0 0 0 0 0 0 0 0 0 4 0 0 0 0 0 0 0 0 4 0 1 0 9 0 0 10 0 0 0 9 0 9 0 0 0 10 16 6 13 0 0 1 9 1 8 1 0 1 20 0 8 8 3 9 9 8 0 0 0 0 0 0 0 0 0 0 0 0 0 5 0 0 0 0 0 0 0 1 2 0 0 0 0 0 0 9 0 0 2 0 0 0 0 0 0 0 0 0 0 1 6 0 15 0 0 
