 0 353 111 148 137 43 161 435 351 110 62 131 188 44 457 232 317 157 123 142 0 0 3 2 0 0 0 0 3 0 0 0 0 1 0 1 2 0 74 0 0 4 3 0 3 0 3 0 0 2 0 0 0 3 0 2 0 0 8 0 0 2 0 3 0 0 0 2 0 0 3 0 0 2 2 2 0 0 0 0 17 63 24 8 0 53 20 32 1 16 21 43 1 14 12 49 22 59 0 14 0 0 0 0 0 0 0 0 0 0 0 0 0 0 0 0 0 0 0 0 8 0 0 0 0 1 0 0 0 0 0 0 0 0 0 0 0 0 0 0 0 0 0 0 0 0 19 0 0 0 1 0 0 0 0 0 0 1 1 0 10 61 33 24 12 0 14 19 33 24 44 16 1 0 45 11 0 42 0 42 0 0 0 0 0 0 12 0 0 0 0 0 1 0 0 1 0 0 15 14 0 0 0 0 11 0 0 0 0 0 0 0 0 0 0 0 0 0 0 0 0 0 1 0 0 2 0 0 0 0 0 0 0 0 0 0 0 0 0 0 0 0 0 0 0 0 91 0 2 0 0 5 0 0 0 0 0 0 0 0 0 0 0 0 0 0 0 0 0 0 0 0 0 0 0 23 30 0 0 0 0 0 0 0 0 0 0 0 0 0 
 353 0 156 51 175 18 261 263 41 258 113 218 364 180 75 283 45 67 134 70 0 1 2 0 1 2 3 0 3 0 0 4 0 0 2 0 0 3 149 75 6 5 5 0 2 2 2 0 0 6 0 0 3 5 0 2 0 0 27 0 0 3 0 0 0 0 0 17 5 1 3 0 5 5 3 4 0 0 0 11 0 32 8 0 0 0 0 11 1 17 40 31 0 31 43 18 0 11 10 34 0 0 0 0 0 0 29 0 0 0 0 0 2 0 0 0 0 2 10 0 0 0 0 0 19 0 0 0 0 0 0 0 0 0 2 0 0 0 0 0 0 0 0 0 0 0 0 0 0 0 0 0 8 0 0 0 0 0 0 0 0 3 34 4 24 15 0 8 35 28 36 22 2 1 29 28 73 19 0 19 0 1 0 0 0 9 41 11 0 0 0 0 0 0 0 0 0 0 0 15 0 0 0 0 0 0 0 0 0 0 0 0 0 0 0 0 0 0 0 0 0 0 0 0 0 0 0 0 0 0 0 0 0 0 0 0 0 0 0 0 0 0 0 0 0 0 100 2 0 1 0 0 0 1 0 0 0 0 0 0 2 0 0 0 0 0 0 0 0 0 0 0 0 0 0 15 17 0 0 0 0 0 0 0 0 0 0 0 0 0 
 111 156 0 189 276 18 195 200 123 80 112 80 86 155 164 307 375 195 26 85 0 0 2 0 0 0 0 0 3 1 0 0 0 0 0 1 0 0 97 35 0 3 3 0 0 0 0 0 0 2 0 0 0 3 0 2 0 0 8 0 0 3 0 0 0 0 0 3 0 0 3 0 0 2 3 2 1 0 0 0 10 43 0 1 15 24 0 28 3 0 10 17 0 23 10 58 40 13 0 1 13 0 10 0 0 0 11 0 0 0 0 0 8 0 0 0 7 0 0 0 0 0 0 0 0 0 0 0 0 0 0 0 0 0 0 0 0 0 0 0 0 0 0 0 0 0 0 0 0 0 0 0 3 0 0 0 0 0 0 0 7 1 6 32 41 11 0 7 1 11 0 7 12 0 3 12 37 0 0 0 0 0 16 0 0 0 14 18 0 0 0 0 0 0 0 11 0 0 13 27 0 0 0 0 0 0 0 0 0 0 0 0 0 0 0 0 0 0 0 0 0 0 0 0 0 0 0 0 0 0 0 0 0 0 0 0 0 0 0 1 0 0 0 0 0 2 0 0 6 88 25 15 13 0 0 0 0 0 0 0 0 0 0 0 0 0 0 0 0 0 0 0 0 0 0 1 18 7 0 0 0 0 0 0 0 0 0 0 0 0 
 148 51 189 0 326 313 87 184 150 195 58 151 297 56 155 89 54 432 71 53 3 0 2 5 3 0 122 31 3 0 1 0 1 75 83 5 0 0 2 20 0 2 3 0 6 0 30 0 0 2 0 0 0 5 0 4 0 3 0 0 2 2 0 5 0 3 0 3 0 3 6 0 6 2 2 2 1 0 0 0 0 10 14 41 21 91 0 9 0 11 24 19 0 0 0 0 1 0 0 0 23 1 0 0 0 0 16 41 0 10 0 0 48 0 0 0 16 0 67 24 0 0 0 0 0 0 0 0 0 0 0 0 0 0 2 0 0 0 0 0 0 0 0 0 0 0 0 0 0 0 0 0 0 0 0 5 0 0 0 0 0 0 0 0 10 12 0 3 0 29 29 8 0 0 0 0 1 0 0 0 32 2 18 0 0 0 41 20 5 9 0 0 8 0 0 8 0 11 25 31 0 0 0 0 0 0 0 0 0 0 0 0 0 0 0 0 0 0 0 0 0 0 0 0 0 0 0 0 0 0 0 0 0 0 0 0 0 0 0 0 0 0 0 0 0 2 0 0 11 0 1 13 2 0 2 0 0 0 0 0 0 0 11 0 0 0 0 0 0 0 0 0 0 0 0 0 29 9 0 0 0 0 0 0 0 0 0 0 0 0 
 137 175 276 326 0 351 40 77 174 333 374 232 89 291 155 121 117 133 61 79 75 19 88 0 0 0 27 74 3 151 0 0 0 62 0 2 88 62 0 62 0 2 3 0 3 0 3 0 0 2 0 0 5 3 0 0 0 0 5 2 6 2 0 3 2 0 0 3 0 3 6 2 7 4 2 3 0 0 0 0 0 1 10 10 45 37 0 1 6 0 18 5 0 16 16 43 12 14 0 0 45 0 24 0 13 0 24 11 0 21 0 0 14 10 2 13 15 0 24 0 0 0 0 0 0 0 0 0 0 0 0 0 0 0 0 0 0 0 15 0 0 0 4 0 12 0 0 0 0 0 4 0 0 0 19 1 0 0 0 0 0 0 43 33 18 16 0 0 0 0 15 28 0 0 0 0 24 1 0 0 45 28 0 0 0 15 8 0 0 7 15 0 30 22 11 0 0 0 19 0 0 0 0 0 0 0 0 0 0 0 0 0 0 0 0 0 0 0 0 0 0 0 0 0 0 0 0 0 0 0 0 0 0 0 0 0 0 0 0 0 0 0 0 0 0 3 2 0 6 1 10 11 2 0 0 0 0 0 0 0 0 8 23 0 0 0 10 0 0 0 0 0 0 0 0 0 0 0 0 0 0 1 0 0 0 0 0 0 0 0 
 43 18 18 313 351 0 115 26 36 478 255 178 31 59 38 64 73 265 29 39 14 75 3 0 0 0 237 169 80 100 0 0 3 80 99 0 0 3 79 161 0 3 3 0 1 0 1 0 0 2 0 0 0 3 0 0 0 0 2 0 4 3 0 0 0 0 0 3 0 0 3 0 8 2 3 2 0 0 9 0 2 0 28 10 32 64 0 21 13 14 0 0 0 0 0 0 0 0 0 0 41 1 18 0 23 0 1 11 1 18 0 0 23 9 0 10 3 0 52 0 22 0 0 0 0 0 0 0 0 0 0 0 0 0 0 1 0 0 0 0 0 0 11 0 6 0 0 0 0 0 6 0 0 0 0 5 0 0 0 0 0 0 0 10 14 0 0 0 0 14 25 13 0 0 16 0 0 9 0 0 50 29 0 0 0 0 18 0 17 10 23 0 46 18 2 28 0 23 45 20 0 0 0 0 0 0 0 0 0 0 0 0 0 0 0 0 1 0 0 1 1 0 0 0 0 0 0 0 0 17 0 0 0 0 0 11 0 0 0 0 0 0 0 0 0 5 5 0 98 0 1 7 0 0 0 0 0 0 0 0 1 10 14 0 0 0 11 0 0 0 0 0 0 0 0 0 0 0 0 0 0 2 0 0 0 15 0 0 0 0 
 161 261 195 87 40 115 0 90 34 471 262 30 94 266 87 169 20 115 71 126 0 0 2 5 0 0 2 0 3 0 0 0 0 2 0 2 0 0 2 1 0 2 5 0 3 0 3 0 0 2 0 0 2 3 0 0 0 0 4 2 0 2 0 3 0 0 2 1 0 0 3 0 0 2 2 2 6 0 0 1 19 20 0 0 15 0 0 16 37 14 11 8 4 51 14 15 20 36 63 28 0 0 0 1 0 0 0 0 0 0 0 0 0 0 0 0 0 0 0 0 1 0 0 5 0 0 0 0 0 0 0 0 0 0 0 0 0 0 0 0 5 0 0 0 0 0 2 0 0 0 0 0 0 0 2 0 0 0 0 1 18 0 11 16 17 0 11 8 0 9 18 29 30 23 0 16 13 1 24 0 0 0 0 0 0 0 7 0 0 0 0 0 0 0 2 0 0 0 0 0 0 0 0 0 0 0 0 0 0 0 0 0 0 0 0 0 0 2 0 0 0 0 0 0 0 0 0 0 0 21 0 0 0 0 0 0 0 0 0 0 0 0 0 0 0 0 1 0 0 108 0 15 3 0 0 0 0 0 0 0 1 0 0 0 0 0 0 0 0 0 0 0 0 0 0 0 0 0 0 0 0 0 0 0 0 0 0 0 0 0 
 435 263 200 184 77 26 90 0 450 125 171 36 120 92 171 209 258 236 143 132 0 0 2 0 2 3 3 0 3 2 5 2 3 1 3 0 0 3 23 0 0 3 3 3 6 2 2 0 0 5 0 0 0 3 0 1 4 0 4 0 0 3 2 7 6 0 0 3 0 2 3 0 11 2 3 2 0 2 6 6 0 85 53 10 0 49 0 28 16 3 23 21 11 1 0 49 53 20 0 3 0 0 0 0 0 0 10 0 0 0 0 0 0 0 0 0 0 0 10 0 0 0 0 0 0 0 0 0 0 0 0 0 0 0 0 0 0 0 0 0 0 0 0 0 0 0 0 0 0 0 0 0 0 0 0 0 16 0 0 0 16 0 0 36 7 22 24 5 16 10 21 7 0 0 24 24 22 9 0 0 0 0 0 0 0 0 18 0 0 0 0 0 0 0 0 13 0 0 17 27 0 0 0 0 0 0 0 0 0 0 0 0 0 0 0 0 0 0 0 0 0 0 0 0 0 0 0 0 0 0 0 0 0 0 0 0 0 0 0 0 0 0 0 0 0 0 90 0 0 92 2 15 0 0 0 0 0 0 0 0 0 0 0 0 0 0 0 0 0 0 0 0 0 0 0 13 33 0 0 0 0 0 0 0 0 0 0 0 0 0 
 351 41 123 150 174 36 34 450 0 94 145 257 330 312 427 43 139 186 165 87 2 0 2 0 0 0 0 0 3 0 0 0 0 0 0 1 2 0 0 0 0 18 3 0 2 0 2 0 0 4 0 0 0 3 0 2 0 0 0 0 0 3 0 2 0 0 0 8 0 0 3 0 4 2 3 2 0 8 40 1 1 13 0 41 0 0 15 0 0 14 0 9 1 0 9 26 0 16 0 0 0 0 0 0 0 0 0 0 0 0 0 0 11 0 13 0 0 0 0 0 0 0 0 0 2 0 0 0 0 0 0 0 0 0 1 0 0 0 0 0 0 0 0 0 0 0 0 0 0 0 0 0 0 0 0 0 0 0 0 2 9 79 0 0 20 10 16 12 12 14 15 0 0 0 0 20 19 20 13 53 0 0 15 0 0 0 14 7 0 0 0 0 0 0 0 0 0 0 0 14 0 0 0 0 0 0 0 0 0 0 0 0 1 0 0 0 0 0 0 0 0 0 0 0 0 0 0 0 0 0 0 0 0 0 0 0 0 0 0 0 0 0 0 0 0 2 48 1 1 0 10 25 0 0 0 0 0 0 0 0 0 0 0 0 0 0 0 0 0 0 0 0 54 0 0 40 0 0 0 0 0 0 0 0 0 0 0 0 0 0 
 110 258 80 195 333 478 471 125 94 0 713 353 153 732 172 309 93 113 108 103 0 0 2 0 0 0 116 3 3 22 0 0 0 280 125 1 0 0 81 105 0 3 6 0 1 0 1 0 0 34 0 0 0 3 0 2 0 0 0 0 0 3 0 1 0 0 0 0 0 0 3 0 0 2 3 2 46 0 0 0 0 22 16 31 27 4 8 0 0 42 7 16 0 8 0 0 12 0 1 15 0 0 0 0 0 0 16 41 2 0 0 0 18 0 0 0 0 0 26 1 2 0 0 38 0 0 0 0 0 0 0 0 0 0 0 2 0 0 0 0 0 0 0 0 0 0 0 0 0 0 0 0 0 0 27 2 0 0 0 2 1 10 1 16 38 0 9 8 22 37 19 0 0 0 0 15 3 0 0 13 23 12 0 0 0 0 14 0 0 0 0 0 23 0 1 18 0 13 13 30 0 0 0 0 0 0 0 0 0 0 0 0 0 0 0 0 2 0 0 0 0 0 0 0 0 0 0 0 0 0 0 11 0 0 0 0 0 0 0 0 0 0 0 0 0 0 48 2 2 1 0 16 0 0 0 0 0 0 0 0 2 0 17 0 0 0 2 0 0 0 0 0 0 14 0 14 0 0 0 0 0 0 0 0 0 0 0 0 0 0 
 62 113 112 58 374 255 262 171 145 713 0 140 42 139 276 165 289 316 29 64 74 0 3 0 0 0 77 23 4 0 0 0 3 75 82 0 0 0 156 74 16 3 3 0 2 0 4 0 0 2 0 0 58 3 0 2 2 0 8 0 0 3 0 2 0 1 0 3 0 0 3 0 0 5 3 2 0 0 0 1 26 41 0 14 35 30 0 39 11 10 36 13 0 29 0 16 12 0 0 0 6 0 0 0 2 0 4 0 0 10 7 0 10 0 1 17 1 0 30 0 0 0 0 0 0 0 0 0 0 0 0 0 0 0 0 0 0 0 0 0 0 0 0 0 0 0 0 0 2 0 0 0 15 5 0 0 0 0 1 0 0 1 0 29 28 0 18 0 4 24 14 20 2 0 9 23 32 25 0 0 20 33 18 0 0 0 31 22 0 0 0 0 0 0 0 1 0 0 15 13 0 0 0 0 0 0 0 0 0 0 0 0 0 0 0 0 0 0 0 0 0 0 1 0 0 0 0 0 0 0 1 0 0 0 0 0 0 0 0 0 0 0 0 0 0 2 87 0 8 97 0 4 3 0 0 0 0 0 0 0 10 0 10 0 0 0 0 0 0 0 0 0 0 0 0 37 0 0 0 0 0 0 0 0 0 0 0 0 0 0 
 131 218 80 151 232 178 30 36 257 353 140 0 40 554 121 123 83 102 45 42 107 1 3 0 0 2 147 1 3 0 210 0 1 76 158 0 2 2 76 75 0 5 3 0 0 0 0 0 0 2 0 0 3 3 0 0 0 0 0 0 7 5 0 0 0 0 0 4 0 3 3 0 0 2 3 30 2 3 0 0 11 21 0 18 70 13 0 18 10 0 26 2 0 9 9 0 18 5 0 0 1 0 15 1 0 0 30 20 0 1 40 0 15 0 4 11 0 20 15 26 0 0 0 0 0 0 29 0 2 0 0 2 0 1 0 0 0 1 0 0 0 0 2 0 0 0 0 0 0 0 7 0 0 0 0 3 0 0 0 0 1 10 19 48 0 27 1 1 0 12 17 10 4 2 11 4 18 16 0 0 56 29 0 0 0 1 0 0 0 10 0 0 29 23 24 0 0 1 43 0 0 0 0 0 0 0 0 0 0 0 0 1 0 0 0 0 0 0 0 0 0 0 0 0 0 14 0 9 0 0 0 0 0 17 0 0 0 0 0 0 0 0 3 0 0 2 4 1 7 87 0 27 10 0 0 0 1 0 0 0 11 1 0 0 0 0 0 0 0 0 0 0 0 0 0 0 13 0 0 0 0 0 0 0 0 0 0 0 0 0 
 188 364 86 297 89 31 94 120 330 153 42 40 0 334 55 120 48 38 191 131 0 0 2 0 0 0 0 2 3 4 0 2 0 1 0 2 0 0 0 2 0 3 22 0 1 0 1 0 10 2 0 0 0 5 0 1 3 0 0 0 0 3 0 1 39 0 0 3 0 0 3 0 0 2 3 2 1 0 0 0 8 12 0 0 0 0 56 12 22 0 0 0 26 29 10 0 13 0 4 11 0 0 0 0 0 0 0 0 0 0 0 0 0 0 0 0 0 0 0 0 0 0 0 0 0 0 0 0 0 0 0 0 0 0 0 0 0 0 0 2 0 0 0 0 0 0 0 0 0 0 0 0 0 0 38 0 0 0 0 0 24 12 28 0 0 0 0 18 12 0 0 0 0 16 0 0 0 4 1 20 0 0 0 0 0 0 0 0 0 0 0 0 0 0 0 0 0 0 0 0 0 0 0 0 0 0 0 0 0 0 0 0 0 0 0 9 0 0 0 0 0 0 0 0 0 0 0 0 0 0 0 0 0 0 0 0 0 0 0 0 0 0 0 0 0 1 0 2 1 0 0 7 0 0 0 0 0 0 0 0 0 0 0 0 0 0 0 0 0 0 0 0 0 0 0 0 1 0 0 0 0 0 0 0 0 0 0 0 0 0 
 44 180 155 56 291 59 266 92 312 732 139 554 334 0 232 43 125 133 565 191 0 0 2 3 0 0 3 4 3 0 0 3 0 5 0 3 3 0 3 1 0 6 3 0 1 0 1 0 3 2 0 0 2 3 0 1 0 0 19 0 0 3 0 1 0 0 3 3 0 3 3 3 30 2 3 3 0 0 0 7 18 1 10 0 12 0 0 13 12 6 0 1 34 18 22 0 71 0 20 29 0 0 0 2 0 0 1 0 11 0 0 0 0 0 0 0 8 0 23 0 0 0 0 0 0 0 0 0 0 0 0 0 0 0 0 15 6 0 0 2 4 0 0 0 0 0 0 0 0 0 0 0 0 0 0 0 0 0 0 0 22 20 1 0 0 0 25 24 0 9 5 1 24 8 0 9 7 6 14 8 0 2 0 0 0 0 0 0 0 0 0 0 0 0 4 0 0 0 0 0 0 0 0 0 0 0 0 0 0 0 0 0 0 0 0 0 27 0 0 0 0 0 0 0 0 0 0 0 0 0 0 0 0 0 0 0 0 0 0 0 0 16 0 0 0 0 102 2 0 1 2 7 10 0 0 0 0 0 0 0 0 0 0 0 0 0 0 0 0 0 0 0 0 0 0 0 0 0 0 0 0 0 0 0 0 0 0 0 0 0 
 457 75 164 155 155 38 87 171 427 172 276 121 55 232 0 148 254 219 181 114 3 0 2 0 0 0 0 0 3 0 0 0 0 0 0 2 1 0 0 63 0 3 3 0 1 0 1 0 0 2 0 0 0 3 0 2 0 0 0 0 0 45 0 1 0 0 0 3 0 0 3 0 0 2 3 2 0 0 0 0 0 29 0 19 1 19 29 19 25 0 17 27 1 15 23 22 0 11 12 28 0 0 0 0 0 0 9 0 0 0 2 0 0 0 0 0 0 0 0 0 0 0 0 0 1 0 0 0 0 0 0 0 0 0 2 0 0 0 0 0 0 0 0 0 0 0 0 0 0 0 0 0 0 0 13 0 0 0 0 0 16 7 0 13 55 0 0 12 0 12 27 0 0 10 38 12 24 42 21 8 0 2 0 0 0 0 8 1 0 0 0 0 0 15 0 0 0 0 0 5 0 0 0 0 0 0 0 0 0 0 0 0 0 0 0 0 0 0 0 0 0 0 0 0 0 0 0 0 0 0 0 0 0 0 0 0 0 0 0 0 0 0 0 0 0 3 1 0 3 0 0 9 0 0 0 0 0 0 0 31 0 0 0 0 0 0 0 0 0 0 0 0 0 0 0 16 30 0 0 0 0 0 0 0 0 0 0 0 0 0 
 232 283 307 89 121 64 169 209 43 309 165 123 120 43 148 0 264 200 125 169 0 0 2 0 0 0 0 0 3 0 206 0 0 1 0 1 0 3 0 0 0 2 2 0 3 0 3 0 0 2 0 0 0 3 0 2 0 0 3 0 0 2 0 3 0 0 0 3 0 0 3 0 0 2 2 2 0 0 0 4 28 29 19 9 1 3 30 16 0 1 17 23 9 29 20 14 41 37 0 19 0 0 0 0 0 0 0 0 0 0 0 0 1 0 11 0 11 1 7 0 0 0 0 0 1 0 0 0 0 0 0 0 0 0 1 0 0 0 0 0 3 0 0 0 0 0 0 0 0 0 0 0 0 0 0 0 0 0 0 0 1 1 21 10 9 13 0 23 45 7 13 53 22 0 19 0 9 20 0 14 0 1 0 0 0 0 24 2 0 0 0 0 0 0 0 0 1 0 11 1 0 0 0 0 0 0 0 0 0 0 0 0 0 0 0 0 0 0 0 0 0 0 0 0 0 0 0 0 0 0 0 0 0 0 0 0 0 0 0 0 0 0 0 0 0 3 4 0 1 1 0 7 10 0 0 0 0 0 0 0 0 0 0 0 0 0 0 0 0 0 0 0 0 0 0 0 11 0 0 0 0 0 0 0 0 0 0 0 0 0 
 317 45 375 54 117 73 20 258 139 93 289 83 48 125 254 264 0 293 112 51 0 0 2 0 0 0 0 0 3 1 0 3 0 0 0 1 0 0 39 2 0 2 5 0 6 0 3 0 0 2 0 0 0 3 0 3 0 0 6 0 0 2 0 3 0 0 0 3 0 0 3 0 0 44 2 5 0 0 0 0 29 24 0 20 23 15 2 31 61 13 7 22 0 0 13 65 17 28 0 12 0 0 0 0 0 0 10 28 0 0 0 0 0 0 0 0 0 0 0 0 0 0 0 0 0 0 0 0 0 0 0 0 0 0 0 0 0 0 0 0 0 0 4 0 0 0 0 0 0 0 0 0 0 0 0 0 0 0 0 0 0 24 0 42 18 15 8 7 9 25 11 0 0 2 18 64 13 24 0 0 0 0 0 0 0 0 13 0 0 0 0 0 0 0 0 0 0 0 8 39 0 0 0 0 0 0 0 0 0 0 0 0 0 0 0 0 0 0 0 0 0 0 0 0 0 0 0 0 0 0 0 0 0 0 0 0 0 0 0 0 0 0 0 0 0 0 58 1 0 1 11 9 0 0 0 0 0 0 0 0 0 0 0 0 0 0 0 0 0 0 0 0 0 0 0 28 0 0 0 0 0 0 0 0 0 0 0 0 0 0 
 157 67 195 432 133 265 115 236 186 113 316 102 38 133 219 200 293 0 127 59 0 2 2 0 2 0 0 157 5 0 1 0 0 0 0 1 0 2 74 0 0 2 2 2 3 0 3 0 0 2 0 0 0 3 0 31 0 1 8 0 0 2 0 3 0 0 0 0 0 0 3 0 0 31 2 3 0 0 0 0 10 45 0 9 20 27 1 28 0 18 8 29 0 14 0 40 31 26 0 9 0 0 9 0 0 0 0 0 0 0 0 0 14 0 0 0 12 0 1 0 0 0 0 0 0 0 0 0 0 0 0 0 0 2 0 0 0 0 0 0 10 0 0 0 0 0 0 0 0 0 0 2 0 0 0 0 2 0 0 0 0 27 6 20 15 14 27 6 12 15 17 13 0 1 7 87 23 29 0 0 0 0 12 0 2 0 36 8 0 0 2 0 0 0 0 0 0 0 14 19 1 1 0 0 0 0 0 0 0 0 2 0 0 0 0 0 0 0 0 0 0 0 0 0 1 1 0 0 0 0 0 0 0 0 0 0 2 0 0 0 0 0 0 0 0 2 1 0 86 4 20 21 0 0 0 0 0 0 0 1 0 0 0 0 0 0 0 0 0 0 0 0 0 0 0 33 18 0 0 0 0 0 0 0 0 0 0 0 0 2 
 123 134 26 71 61 29 71 143 165 108 29 45 191 565 181 125 112 127 0 154 0 0 5 3 75 0 0 0 4 0 0 0 0 3 1 2 0 0 0 1 0 4 3 0 1 0 2 0 0 4 1 0 15 5 2 0 2 0 3 0 2 3 0 0 0 0 0 3 0 0 3 0 0 2 47 2 0 0 0 0 1 0 9 0 0 0 19 0 58 10 0 0 74 1 25 8 11 23 0 28 0 0 0 0 0 0 0 0 0 0 0 1 0 0 0 0 0 0 0 0 0 0 0 0 0 0 0 0 0 0 0 0 0 0 0 0 0 0 0 0 36 0 0 0 0 0 0 0 0 0 0 0 0 0 0 0 0 0 0 0 21 26 11 0 1 0 0 12 0 0 14 15 36 6 2 26 17 16 0 0 0 0 0 0 0 0 0 0 0 0 0 0 0 0 0 0 0 0 0 0 13 0 0 0 0 0 0 0 0 0 0 0 0 0 0 0 0 0 0 0 0 0 0 0 0 0 0 0 0 0 0 0 0 0 0 0 0 0 0 0 0 14 0 0 0 0 6 0 1 1 2 7 0 0 0 0 0 0 0 0 0 0 0 0 0 0 0 0 0 0 0 0 0 0 0 18 0 0 0 0 0 0 0 0 0 0 0 0 0 0 
 142 70 85 53 79 39 126 132 87 103 64 42 131 191 114 169 51 59 154 0 0 0 2 0 0 0 0 2 5 0 0 4 0 10 4 3 0 0 3 2 0 3 30 0 2 0 2 0 0 9 0 0 6 4 1 0 0 6 0 4 6 3 0 6 0 9 0 3 0 7 10 4 0 6 4 17 1 0 2 0 81 0 50 0 0 0 11 0 8 43 0 0 25 0 14 0 0 29 45 70 0 0 0 0 0 0 0 1 0 0 0 0 0 0 0 0 0 0 0 0 0 0 0 0 0 1 0 0 0 0 0 0 0 0 0 0 0 0 0 0 0 0 0 0 0 0 0 0 0 14 1 0 0 0 0 0 0 0 1 0 14 11 18 0 0 0 51 0 17 0 0 17 18 3 53 16 0 12 1 0 0 0 0 0 0 0 1 0 0 0 0 12 0 0 0 1 0 0 0 0 0 0 0 0 0 0 0 0 0 0 0 0 0 0 0 0 0 0 0 0 0 0 1 0 0 2 0 0 0 0 0 0 0 0 0 0 0 0 0 0 0 0 0 0 0 0 2 2 2 88 2 4 0 12 2 0 2 0 0 0 1 0 0 0 2 0 0 2 0 0 0 0 0 0 0 1 0 0 0 0 0 0 0 0 0 0 0 0 0 0 
 0 0 0 3 75 14 0 0 2 0 74 107 0 0 3 0 0 0 0 0 0 303 198 123 18 35 78 364 171 161 192 15 206 55 385 104 106 111 113 117 5 0 3 3 1 8 0 0 0 8 0 0 0 1 0 2 0 0 0 0 0 0 0 0 4 0 0 5 4 0 0 0 13 0 3 2 0 0 0 0 0 0 0 0 21 3 0 0 0 0 12 0 0 0 0 0 0 0 0 0 25 23 14 16 15 0 56 0 0 45 59 11 10 33 65 45 0 9 2 11 0 0 0 0 0 0 0 0 0 0 0 0 0 0 0 0 0 0 0 0 0 0 4 41 3 0 0 0 0 0 0 0 0 0 0 0 0 0 0 0 0 0 0 0 0 0 0 2 0 0 0 0 0 0 0 0 0 0 0 0 51 11 0 0 1 0 1 0 19 42 38 21 18 21 0 13 18 15 24 13 0 0 0 0 0 0 0 0 0 0 0 0 0 0 0 0 0 0 18 37 0 0 14 0 0 0 0 0 0 0 0 0 0 0 0 0 0 0 0 0 0 0 1 0 0 0 0 0 0 0 0 0 0 0 11 0 0 0 81 0 5 6 1 0 0 0 9 0 0 0 0 0 0 0 0 0 0 0 0 0 0 24 0 0 0 13 0 0 0 0 
 0 1 0 0 19 75 0 0 0 0 0 1 0 0 0 0 0 2 0 0 303 0 410 79 33 54 152 95 155 359 49 81 64 193 46 273 194 199 27 48 0 0 6 2 0 6 0 0 0 0 0 0 0 1 3 3 0 0 1 0 3 2 0 0 2 0 0 3 0 0 0 3 11 3 3 5 0 0 0 0 0 0 0 0 1 13 0 0 0 0 1 1 0 0 0 0 0 0 0 0 7 25 24 7 0 19 1 11 24 16 0 28 0 28 24 18 19 0 0 8 0 0 0 0 0 0 17 13 0 0 0 0 11 0 21 0 0 0 1 0 0 0 1 0 0 0 0 0 0 0 1 0 0 0 0 0 0 0 0 0 3 0 0 0 0 0 0 0 0 0 1 0 0 0 0 0 0 0 0 0 12 1 11 20 26 17 0 0 12 0 12 15 0 1 13 0 13 35 0 1 11 0 0 0 0 0 8 0 0 0 0 0 1 13 11 0 0 0 0 20 0 0 0 0 0 0 0 0 0 0 0 0 0 0 0 0 0 0 0 1 0 0 0 0 0 0 0 0 0 0 0 0 0 0 17 0 0 0 2 0 2 0 0 0 0 0 9 0 0 0 0 2 0 0 0 0 0 0 0 0 0 18 0 0 0 0 0 0 0 0 
 3 2 2 2 88 3 2 2 2 2 3 3 2 2 2 2 2 2 5 2 198 410 0 89 150 260 65 94 142 45 237 250 141 127 75 253 189 56 42 40 0 0 3 3 0 9 0 0 0 0 7 0 67 1 0 1 0 0 89 42 13 0 0 0 9 48 0 3 0 0 0 0 9 0 3 3 0 3 0 0 2 1 0 0 0 3 0 0 0 0 0 0 0 0 0 0 1 0 0 0 1 15 9 3 8 18 0 2 20 18 1 10 0 21 0 20 43 9 0 0 0 0 0 0 0 0 10 11 1 0 0 0 1 10 0 10 0 0 0 0 0 0 0 0 0 5 0 0 0 0 0 0 0 0 0 0 0 0 0 0 0 0 0 0 2 0 0 0 0 3 0 0 1 0 0 0 0 0 0 0 17 16 14 14 0 10 0 12 22 22 0 0 1 7 0 20 16 25 0 0 12 0 0 0 0 0 9 0 0 2 0 0 12 0 10 0 6 0 38 8 0 0 0 0 0 1 0 0 0 0 1 0 0 0 0 0 0 0 0 0 0 0 1 0 0 2 0 0 0 0 0 0 0 0 0 2 1 164 2 0 0 0 0 0 0 0 7 0 0 0 0 0 0 0 0 0 0 0 0 7 0 0 0 0 0 0 0 0 0 0 
 2 0 0 5 0 0 5 0 0 0 0 0 0 3 0 0 0 0 3 0 123 79 89 0 126 62 71 143 244 69 93 102 302 88 79 234 56 238 51 65 0 2 5 6 0 3 68 4 4 3 0 0 0 1 58 2 1 0 29 0 0 0 0 0 0 0 0 6 2 0 0 2 5 0 3 2 2 0 0 6 0 0 0 0 0 0 0 0 0 0 0 0 0 0 0 0 0 0 0 0 37 21 17 25 2 0 0 5 50 0 0 0 0 25 22 0 0 0 0 8 0 0 0 0 0 0 14 33 0 12 0 0 30 0 0 0 33 0 11 28 0 0 0 0 1 0 0 0 0 0 0 0 0 0 0 0 0 0 0 0 0 0 0 0 0 0 0 0 0 0 0 0 0 0 0 0 0 0 0 4 0 9 40 60 40 36 0 11 7 9 19 13 0 26 0 0 10 0 0 0 0 40 0 0 0 0 0 5 1 0 0 0 0 36 35 20 0 23 20 8 0 0 0 0 0 0 0 0 0 0 0 0 0 0 0 0 0 0 0 0 0 0 0 0 0 0 0 0 0 0 0 0 0 0 11 0 0 1 44 0 2 0 0 0 0 0 0 0 0 0 0 0 0 0 0 9 0 0 0 0 0 14 0 0 0 0 12 2 0 0 
 0 1 0 3 0 0 0 2 0 0 0 0 0 0 0 0 0 2 75 0 18 33 150 126 0 115 50 55 308 102 306 374 88 80 113 172 138 55 55 111 133 123 66 4 0 5 88 3 0 0 4 0 20 1 73 59 0 0 32 1 0 0 0 1 0 0 0 3 5 0 0 4 4 0 32 1 0 0 5 0 0 0 0 0 0 0 0 0 0 0 0 0 0 0 0 0 0 0 0 0 0 0 0 0 13 18 0 0 14 0 0 1 0 0 0 0 9 22 0 0 21 0 41 0 0 0 1 42 20 0 20 7 9 41 0 47 1 0 22 10 0 0 0 0 0 0 0 0 0 0 0 4 0 0 0 0 1 0 0 0 0 0 2 0 9 0 0 0 0 0 0 0 4 0 0 0 0 0 0 0 0 0 0 12 15 0 0 0 1 17 31 0 0 0 0 1 0 0 2 0 35 38 13 0 0 1 7 20 11 26 0 0 13 46 32 3 10 0 15 27 0 0 0 0 0 0 0 0 0 0 0 0 15 0 0 0 0 0 0 1 0 0 0 0 0 0 0 0 0 0 0 0 0 0 9 0 2 58 0 0 2 2 0 1 0 15 0 0 0 0 30 2 0 0 0 0 0 0 0 19 0 0 0 0 2 0 0 0 0 0 
 0 2 0 0 0 0 0 3 0 0 0 2 0 0 0 0 0 0 0 0 35 54 260 62 115 0 38 43 55 44 132 250 138 45 279 106 138 61 50 72 64 0 3 2 0 66 62 1 0 74 0 0 65 1 64 23 1 0 129 83 0 0 5 0 0 0 0 3 3 0 0 2 3 0 3 1 0 0 0 0 0 0 0 0 0 0 0 0 0 0 0 0 0 0 0 0 0 0 0 12 0 0 0 10 34 36 0 0 12 0 0 0 0 0 0 0 21 19 0 0 2 11 21 0 0 0 0 14 15 9 1 3 22 67 21 39 20 0 0 19 0 0 0 0 0 5 0 0 0 0 0 5 0 0 0 0 0 0 0 0 0 0 0 0 0 0 0 12 0 0 0 0 5 0 0 0 0 0 0 0 0 0 0 0 13 2 0 0 0 18 11 0 0 0 0 0 0 2 0 0 18 10 13 0 0 0 16 16 5 0 0 0 22 10 14 14 22 0 18 12 0 0 0 0 0 0 0 0 0 0 0 0 19 0 0 0 0 0 0 0 0 0 14 0 0 0 0 0 0 0 0 0 0 0 6 0 0 45 0 0 1 1 0 0 0 0 0 0 0 0 0 0 0 0 0 0 0 0 0 21 0 0 0 0 13 0 0 0 0 0 
 0 3 0 122 27 237 2 3 0 116 77 147 0 3 0 0 0 0 0 0 78 152 65 71 50 38 0 78 134 26 97 246 175 143 268 452 24 240 185 307 0 0 3 2 0 3 0 0 0 0 0 0 0 1 0 0 0 0 0 0 0 0 0 0 0 1 0 3 0 0 0 0 7 0 3 2 4 0 0 0 0 0 18 12 33 13 0 16 0 28 40 11 0 0 0 0 0 0 0 0 16 1 0 0 0 0 17 42 0 1 5 0 64 12 10 10 12 0 46 23 0 0 0 0 0 0 0 2 12 0 0 0 0 0 0 1 0 0 0 23 0 0 0 0 0 0 0 0 0 0 0 0 5 0 0 41 1 0 0 0 0 0 2 18 17 17 0 0 0 12 11 0 0 0 0 0 0 0 0 0 44 29 0 0 0 0 25 15 14 7 14 11 36 0 0 30 0 26 35 40 0 0 0 0 0 0 0 0 0 0 0 0 0 0 0 0 0 0 0 0 0 0 0 0 0 0 0 0 0 0 0 0 0 0 0 0 0 0 0 0 0 0 0 0 0 0 0 0 0 0 0 0 0 0 11 0 0 0 0 0 2 2 16 0 0 0 1 0 0 0 0 2 0 0 0 0 0 6 0 0 0 0 0 0 0 13 0 0 0 0 
 0 0 0 31 74 169 0 0 0 3 23 1 2 4 0 0 0 157 0 2 364 95 94 143 55 43 78 0 221 56 288 29 113 270 95 59 17 543 58 90 0 0 3 5 0 4 0 0 0 0 0 0 0 0 17 2 0 0 0 0 0 0 0 0 0 25 0 3 0 0 0 0 3 0 3 1 0 1 0 0 0 0 1 0 22 21 0 0 0 0 0 0 0 0 0 0 0 0 0 0 69 34 25 16 34 0 6 0 22 9 0 13 10 29 24 0 11 0 21 7 0 0 0 0 0 0 0 0 0 0 0 0 0 0 0 0 0 0 0 28 0 0 7 0 6 0 0 0 0 0 6 0 0 0 0 0 0 0 0 0 2 0 0 0 0 13 0 0 0 0 0 10 0 0 0 0 0 0 0 2 14 33 52 37 10 13 10 39 19 21 18 14 29 54 23 12 1 0 10 0 0 0 0 0 0 10 0 0 0 0 0 0 2 0 0 0 0 0 0 6 1 0 0 0 0 0 0 0 0 0 0 2 0 0 0 0 0 0 0 0 0 0 8 0 0 0 0 0 27 0 1 0 0 0 20 3 2 0 75 0 0 3 0 0 0 0 0 0 0 0 0 0 0 0 0 0 0 0 0 0 0 18 0 0 0 0 12 0 0 0 
 3 3 3 3 3 80 3 3 3 3 4 3 3 3 3 3 3 5 4 5 171 155 142 244 308 55 134 221 0 196 349 32 87 410 153 82 48 209 165 72 1 0 0 2 0 3 0 0 1 9 2 0 4 0 0 5 0 2 3 3 0 0 2 0 1 0 0 0 2 3 0 0 3 0 0 0 0 0 0 0 0 0 0 0 0 13 0 0 0 0 0 0 0 0 0 0 0 0 0 0 33 31 1 25 18 0 0 0 11 19 23 27 0 23 13 34 0 2 12 0 0 2 0 0 0 0 10 1 0 0 0 0 0 0 0 0 0 0 12 27 0 0 4 0 6 0 3 2 12 1 2 0 2 0 0 0 0 0 0 1 0 0 0 0 0 0 0 0 0 0 0 0 0 0 0 1 0 0 0 7 1 0 20 19 17 0 9 11 9 64 29 0 14 22 0 30 67 15 1 0 0 0 0 0 0 0 0 0 0 0 0 0 0 2 0 0 0 0 18 23 0 0 10 0 0 0 0 0 0 0 0 0 0 0 0 0 1 0 0 0 0 0 1 0 0 0 0 0 4 0 0 0 0 0 11 0 0 1 155 2 13 11 0 0 0 0 0 0 0 0 0 0 0 0 0 0 0 0 0 0 0 13 0 2 0 10 0 0 0 0 
 0 0 1 0 151 100 0 2 0 22 0 0 4 0 0 0 1 0 0 0 161 359 45 69 102 44 26 56 196 0 98 116 349 83 124 207 228 52 282 77 0 0 3 2 0 3 0 0 0 6 0 0 0 1 0 2 2 0 1 2 38 7 0 0 4 0 0 3 0 0 0 0 8 2 4 2 3 0 0 0 0 0 0 0 14 0 0 0 0 0 0 0 0 0 0 0 0 0 0 0 20 21 41 16 39 12 19 25 0 51 29 34 11 19 35 11 12 1 0 22 0 0 0 21 0 0 15 0 0 12 0 0 0 0 0 0 0 0 0 0 0 2 6 0 9 1 0 0 0 0 6 0 0 0 0 0 0 0 0 0 4 0 0 0 0 0 0 0 0 0 0 0 0 0 0 0 0 0 0 1 50 11 0 0 11 15 0 0 52 1 53 23 15 54 61 0 28 2 42 0 10 0 0 0 0 0 19 0 0 0 0 13 0 0 0 0 0 0 0 23 0 0 0 0 0 0 0 0 0 0 0 0 0 0 0 0 0 0 0 0 0 0 0 0 0 0 0 0 0 0 0 0 0 0 14 2 0 0 76 2 0 3 0 0 0 0 6 0 0 0 0 0 0 0 0 0 0 0 0 0 0 23 0 0 0 0 0 0 0 0 
 0 0 0 1 0 0 0 5 0 0 0 210 0 0 0 206 0 1 0 0 192 49 237 93 306 132 97 288 349 98 0 140 39 125 122 82 95 272 46 66 63 0 5 5 0 6 0 0 4 0 0 0 4 5 0 2 3 0 128 63 47 0 0 0 0 0 0 6 0 0 0 0 5 0 3 4 2 0 0 0 0 0 0 0 0 0 0 0 0 8 0 0 0 0 0 0 0 0 0 0 0 49 8 32 30 28 0 0 34 1 15 37 0 23 23 18 36 1 0 18 0 0 18 0 0 0 0 16 10 0 0 0 0 13 0 0 1 0 0 15 0 0 0 0 0 8 0 0 0 0 0 5 0 0 0 0 0 0 0 0 0 0 0 0 0 0 0 0 0 6 0 0 0 0 0 0 0 0 0 1 12 31 23 15 0 33 0 62 32 16 9 38 1 47 21 24 26 0 18 3 0 0 0 0 0 0 8 0 0 0 0 0 19 0 0 0 13 0 22 0 0 0 0 0 0 0 0 0 0 0 14 0 0 0 0 0 0 0 0 0 0 0 0 0 0 0 0 0 0 0 0 0 0 0 6 0 0 1 2 1 1 0 0 0 0 0 0 0 0 1 0 0 0 0 0 0 0 0 0 0 0 0 0 0 0 0 11 0 0 0 
 0 4 0 0 0 0 0 2 0 0 0 0 2 3 0 0 3 0 0 4 15 81 250 102 374 250 246 29 32 116 140 0 244 41 335 112 443 154 100 41 18 0 3 2 0 3 83 0 0 4 0 0 69 0 18 66 0 0 123 93 0 0 0 0 0 0 0 3 5 0 0 3 4 0 3 1 0 0 1 0 0 0 0 0 0 0 0 0 0 0 0 0 0 0 0 0 11 0 2 0 0 0 0 10 21 0 1 0 0 25 9 38 0 18 10 12 21 11 0 0 0 0 10 0 0 0 27 21 13 0 0 0 7 29 0 1 0 0 7 0 0 0 2 0 0 2 0 0 1 0 0 0 0 0 8 0 0 0 0 0 0 0 0 0 0 0 0 0 0 7 2 0 1 13 0 0 0 1 0 0 0 0 9 8 40 20 0 0 1 2 35 21 0 0 0 0 6 15 0 0 3 7 12 0 0 0 34 9 0 0 0 0 45 38 32 12 19 11 11 25 0 0 0 0 0 0 0 0 0 0 0 0 16 0 0 0 0 0 0 0 0 0 1 0 0 0 0 0 0 0 0 0 0 0 3 2 0 81 1 2 6 0 0 0 0 0 0 0 0 0 0 0 0 0 0 0 0 0 0 1 0 10 0 0 0 0 0 0 0 0 
 0 0 0 1 0 3 0 3 0 0 3 1 0 0 0 0 0 0 0 0 206 64 141 302 88 138 175 113 87 349 39 244 0 166 205 63 291 168 156 95 3 0 3 79 0 5 0 0 0 3 1 0 0 4 0 2 3 0 67 0 0 0 1 0 0 0 0 3 2 0 0 0 4 0 3 3 0 1 1 0 0 0 0 0 1 0 0 0 0 0 6 11 0 0 0 0 0 0 0 0 6 0 33 59 9 21 18 0 14 20 43 20 13 21 19 15 12 0 0 1 0 0 0 0 0 0 8 16 0 0 0 0 0 66 0 0 0 0 9 0 0 0 0 0 0 0 0 0 0 0 0 0 0 0 0 0 0 0 0 0 2 0 0 0 0 14 32 0 27 0 0 0 0 0 0 0 0 0 0 0 14 16 13 0 0 0 1 12 25 0 26 13 7 9 49 4 8 11 33 7 0 0 0 0 0 0 18 0 0 0 0 0 0 0 0 0 0 16 0 0 0 0 0 0 0 0 0 0 0 0 0 0 0 0 0 0 0 0 0 0 0 0 9 0 0 0 0 0 0 0 0 0 0 0 7 2 0 13 0 0 10 0 0 0 0 0 0 0 0 0 0 0 0 0 0 0 0 0 0 0 0 0 0 0 0 0 0 0 0 0 
 1 0 0 75 62 80 2 1 0 280 75 76 1 5 0 1 0 0 3 10 55 193 127 88 80 45 143 270 410 83 125 41 166 0 423 45 258 318 147 292 0 0 3 5 0 3 0 0 0 0 0 0 0 1 0 3 0 0 0 0 14 0 0 0 0 0 0 3 0 0 50 0 3 52 3 3 10 0 0 0 0 0 10 1 12 31 0 0 0 13 8 8 0 0 1 0 0 0 0 0 18 0 9 0 0 12 0 17 0 9 8 0 4 28 0 39 18 17 8 0 0 2 0 9 0 0 0 0 0 0 0 0 0 0 0 0 0 0 7 0 0 0 0 7 0 0 0 0 0 1 0 0 0 0 0 0 0 0 0 0 0 0 0 16 27 0 0 0 0 2 8 0 0 0 0 1 0 0 0 0 9 22 39 13 39 12 0 28 2 21 0 7 64 20 0 20 28 57 20 11 0 0 0 0 0 0 13 0 0 0 0 0 0 0 0 0 2 0 0 1 0 0 0 1 1 1 0 2 0 0 0 0 0 0 0 0 0 0 0 0 0 0 9 0 0 0 0 0 0 0 0 0 0 0 5 2 0 1 0 1 0 2 0 0 0 0 1 0 0 0 0 0 0 0 0 0 0 0 0 0 0 0 0 0 0 0 0 0 0 0 
 0 2 0 83 0 99 0 3 0 125 82 158 0 0 0 0 0 0 1 4 385 46 75 79 113 279 268 95 153 124 122 335 205 423 0 108 244 200 155 332 0 0 5 5 2 4 0 0 0 3 0 0 3 1 0 2 1 0 2 0 0 5 0 0 5 2 0 6 0 0 0 0 3 0 3 1 19 0 0 4 0 0 13 11 41 46 0 0 0 0 14 0 0 0 0 0 0 0 0 0 10 13 0 27 0 0 25 20 14 31 15 10 21 13 23 38 0 25 28 25 0 0 0 0 0 0 10 3 0 0 0 8 0 0 0 0 0 0 4 7 0 0 0 0 0 0 0 0 0 0 0 0 1 0 0 1 0 0 0 0 0 0 0 0 1 0 0 0 0 1 0 0 0 0 0 0 0 0 0 0 16 10 13 33 0 13 13 10 38 0 27 41 15 15 0 56 0 12 15 0 0 0 0 0 0 0 18 0 0 0 0 0 0 0 0 0 2 0 0 0 0 0 0 11 0 0 0 2 2 6 0 0 0 11 1 0 0 0 0 0 0 0 0 0 0 0 0 0 1 0 0 0 0 0 4 0 0 75 0 2 11 2 0 0 0 0 1 0 0 0 0 0 0 0 0 0 0 2 0 0 0 0 0 0 0 9 10 0 0 0 
 1 0 1 5 2 0 2 0 1 1 0 0 2 3 2 1 1 1 2 3 104 273 253 234 172 106 452 59 82 207 82 112 63 45 108 0 461 250 255 151 0 0 3 2 206 3 1 5 0 0 0 0 0 1 0 4 0 26 0 0 0 0 0 0 5 0 0 3 0 0 0 0 9 0 3 3 0 0 0 36 0 0 0 0 0 0 0 0 0 0 0 0 0 0 0 0 0 0 0 0 1 12 29 0 0 20 0 24 39 1 0 19 0 13 0 13 11 15 0 17 0 0 0 0 22 0 14 39 0 0 0 0 8 1 14 6 0 0 17 4 0 0 0 0 0 0 0 0 0 0 0 0 0 0 0 0 0 0 0 0 0 0 0 24 0 0 0 0 0 0 0 0 13 0 0 0 0 0 0 2 1 0 23 74 27 37 0 0 14 37 20 11 0 15 1 0 13 57 0 13 22 25 0 0 0 0 20 0 0 0 0 0 0 31 22 0 0 0 0 38 0 0 0 0 0 0 0 0 0 0 0 0 0 0 0 0 0 0 12 0 0 0 0 0 0 0 3 0 0 0 0 0 0 0 10 2 1 1 72 1 2 0 0 0 0 0 0 0 0 0 0 0 0 0 0 0 0 0 0 9 0 0 0 0 0 0 10 0 0 1 
 2 0 0 0 88 0 0 0 2 0 0 2 0 3 1 0 0 0 0 0 106 194 189 56 138 138 24 17 48 228 95 443 291 258 244 461 0 33 107 14 1 0 3 4 0 3 0 0 0 42 0 0 70 1 3 1 0 0 97 2 1 1 0 0 5 0 0 7 0 6 3 2 9 2 5 6 2 0 0 53 0 0 0 0 1 11 0 0 0 0 0 0 2 0 0 0 0 0 0 0 0 0 11 18 0 20 20 1 32 76 34 24 4 11 21 45 14 10 20 1 0 0 0 0 0 0 29 17 0 0 0 0 13 18 0 10 0 0 10 0 1 0 0 0 0 0 0 0 0 0 0 0 0 0 0 0 0 0 0 0 4 0 0 0 0 0 0 0 0 0 1 0 0 0 0 0 0 0 0 1 29 2 0 14 1 18 0 0 11 9 9 15 1 12 27 5 0 22 15 1 21 0 0 0 0 0 41 0 0 0 0 0 0 3 1 1 0 0 1 30 0 0 0 0 0 0 0 0 0 0 0 0 0 0 21 0 0 0 0 0 0 0 0 0 0 2 0 0 0 0 0 0 0 0 8 1 0 81 76 0 13 0 0 0 0 2 10 0 0 0 0 0 0 0 3 0 0 0 0 7 0 5 0 0 0 0 0 0 0 0 
 0 3 0 0 62 3 0 3 0 0 0 2 0 0 0 3 0 2 0 0 111 199 56 238 55 61 240 543 209 52 272 154 168 318 200 250 33 0 105 132 0 0 3 3 0 6 0 6 0 3 5 55 0 4 0 0 0 0 1 5 0 1 1 2 0 2 2 3 97 1 2 0 7 0 3 4 46 0 0 0 0 0 0 0 0 0 0 0 0 0 0 0 0 0 0 0 0 0 0 0 28 58 0 1 1 0 0 0 32 1 1 11 0 12 39 22 11 10 0 32 0 0 0 0 0 0 0 14 0 0 0 0 0 0 2 0 0 0 8 16 0 0 0 0 0 0 0 0 0 0 0 0 0 0 6 0 0 0 0 0 12 0 0 0 0 0 0 0 0 3 0 0 0 0 0 0 0 0 0 6 38 25 16 24 35 24 0 0 40 10 78 80 13 29 1 20 11 7 32 7 0 8 0 0 0 0 2 0 0 0 0 0 22 14 13 1 0 0 0 14 0 0 0 0 0 0 0 0 0 0 0 0 0 0 0 0 0 0 4 0 0 0 1 0 0 0 0 0 3 0 0 0 0 0 12 0 1 0 2 3 3 1 62 0 0 0 0 0 0 0 0 0 0 0 0 0 0 0 0 0 0 1 0 0 0 13 4 0 0 0 
 74 149 97 2 0 79 2 23 0 81 156 76 0 3 0 0 39 74 0 3 113 27 42 51 55 50 185 58 165 282 46 100 156 147 155 255 107 105 0 150 1 0 5 2 0 3 0 0 0 0 0 0 0 1 2 2 0 0 4 0 1 0 0 0 0 0 0 3 0 0 0 0 3 0 3 3 32 0 0 3 0 18 19 9 18 23 0 17 35 10 20 12 0 0 0 26 16 10 0 0 11 2 0 9 0 0 40 1 0 34 4 0 17 10 19 3 7 0 19 1 0 0 0 0 0 0 0 1 0 0 0 0 0 0 0 2 0 0 0 0 0 0 0 0 0 0 0 0 0 0 0 0 7 0 0 1 2 0 0 0 0 16 0 13 29 1 0 0 9 0 0 1 0 0 21 20 13 12 0 0 13 0 0 0 0 0 20 18 6 0 23 10 3 0 0 8 0 0 36 8 0 0 0 0 0 0 0 0 0 0 0 0 0 0 0 0 0 0 0 0 0 0 0 0 0 0 0 0 0 0 0 0 0 9 0 0 0 0 0 0 0 0 0 0 0 0 0 0 1 0 0 0 0 0 8 0 0 0 0 0 2 0 0 0 0 0 0 0 0 0 0 1 0 0 0 1 0 8 0 0 0 0 0 0 0 12 0 0 0 0 
 0 75 35 20 62 161 1 0 0 105 74 75 2 1 63 0 2 0 1 2 117 48 40 65 111 72 307 90 72 77 66 41 95 292 332 151 14 132 150 0 0 0 3 5 0 3 0 0 1 0 0 0 0 2 0 66 5 0 68 0 2 0 0 0 0 0 0 3 3 50 0 0 6 0 3 8 3 0 0 0 0 0 11 10 12 13 0 0 0 1 13 9 0 0 0 14 0 0 0 0 16 1 50 0 10 0 20 12 0 0 20 28 7 27 2 4 31 0 9 4 0 0 0 0 0 0 0 0 0 0 2 0 0 0 17 0 12 0 0 0 0 0 0 0 0 0 0 0 0 0 0 0 15 0 0 4 0 0 0 0 0 0 0 5 26 21 0 0 0 0 8 0 0 0 0 0 18 0 0 0 25 23 11 0 0 0 0 22 10 0 37 36 29 10 33 8 15 6 33 32 0 0 0 0 1 0 0 0 0 0 0 0 0 0 0 0 0 0 0 0 1 0 1 0 0 0 0 0 0 0 0 0 1 0 0 0 0 18 0 0 0 0 8 0 0 0 0 0 0 0 0 0 0 0 9 0 2 0 0 2 3 0 0 0 2 0 0 0 0 0 0 0 0 0 0 0 0 9 0 0 0 0 0 0 0 0 0 0 0 0 
 0 6 0 0 0 0 0 0 0 0 16 0 0 0 0 0 0 0 0 0 5 0 0 0 133 64 0 0 1 0 63 18 3 0 0 0 1 0 1 0 0 293 160 116 37 39 91 137 63 40 38 51 113 96 106 39 54 154 105 144 0 0 0 0 0 0 0 0 0 0 2 5 0 0 0 0 0 0 6 0 0 14 0 0 0 0 0 0 0 0 3 0 0 0 0 0 0 0 0 0 0 0 0 0 5 19 0 0 0 0 12 0 0 0 0 0 0 5 0 0 9 19 17 3 0 0 14 21 28 0 0 0 0 11 17 21 19 0 38 7 0 0 0 0 6 4 0 0 0 0 0 14 0 0 0 0 0 0 0 0 11 0 8 0 0 6 0 0 0 0 0 0 0 0 0 3 0 0 0 0 0 0 0 0 0 9 0 0 0 0 0 0 0 0 0 0 0 0 0 0 14 0 29 0 21 8 10 0 19 0 0 24 37 26 37 9 15 14 9 12 0 0 0 4 2 0 3 0 0 0 0 1 16 0 0 0 0 0 0 0 0 0 0 0 0 0 0 0 0 0 0 1 0 0 0 0 0 62 0 21 0 0 0 35 0 2 0 0 0 0 0 0 0 0 0 0 0 0 0 0 0 0 0 0 0 0 0 0 2 0 
 4 5 3 2 2 3 2 3 18 3 3 5 3 6 3 2 2 2 4 3 0 0 0 2 123 0 0 0 0 0 0 0 0 0 0 0 0 0 0 0 293 0 502 606 263 99 419 226 365 29 320 35 34 194 139 115 76 119 61 111 0 2 0 0 0 0 1 0 0 0 0 0 2 0 10 0 0 7 0 2 0 0 0 0 0 0 0 0 0 0 0 0 0 0 0 0 0 0 0 0 0 0 0 0 0 14 0 0 0 0 0 0 0 0 0 0 0 0 0 0 22 0 15 27 28 8 0 36 21 6 17 17 8 0 42 36 10 7 6 11 0 0 0 3 0 0 3 4 0 0 0 0 50 2 0 4 0 0 12 15 0 0 1 0 2 1 0 0 0 0 0 0 0 0 0 1 0 0 0 0 0 0 0 0 15 0 0 0 0 0 0 0 0 0 22 0 0 6 0 0 11 16 1 12 30 9 0 22 3 35 9 39 21 74 11 0 2 0 9 10 4 10 0 0 0 0 0 0 6 0 1 0 15 0 0 0 0 3 13 0 0 0 0 0 0 0 0 0 0 0 0 5 0 0 0 0 0 0 0 0 0 0 0 50 2 2 2 1 2 12 0 0 0 0 0 0 0 0 0 0 0 0 0 0 21 0 0 0 2 0 
 3 5 3 3 3 3 5 3 3 6 3 3 22 3 3 2 5 2 3 30 3 6 3 5 66 3 3 3 0 3 5 3 3 3 5 3 3 3 5 3 160 502 0 250 77 109 278 188 115 55 119 265 132 129 92 183 370 160 275 113 0 0 0 0 0 0 0 0 0 0 0 0 0 0 0 0 54 2 0 0 0 0 0 16 0 0 0 0 0 0 0 0 32 0 0 0 0 0 0 0 0 0 0 0 0 9 0 11 0 0 0 0 0 0 0 0 0 0 0 0 30 0 16 22 19 8 0 21 0 0 0 17 6 0 32 12 8 0 22 7 0 0 0 0 0 0 0 15 0 0 0 0 12 9 13 0 0 0 1 20 0 0 3 0 3 1 0 0 0 0 0 0 0 0 0 1 0 0 0 0 0 0 0 0 0 8 0 0 0 0 0 0 0 0 0 0 0 0 0 0 12 22 15 11 0 1 5 21 78 25 12 21 20 15 0 27 0 19 25 13 0 6 0 0 0 0 10 0 0 0 0 0 0 0 0 0 0 10 17 7 0 0 0 0 0 0 0 0 0 2 0 12 0 0 0 0 2 0 0 1 1 0 70 0 0 3 0 64 2 0 12 0 0 0 0 0 0 0 0 0 0 0 0 0 0 15 0 0 1 0 
 0 0 0 0 0 0 0 3 0 0 0 0 0 0 0 0 0 2 0 0 3 2 3 6 4 2 2 5 2 2 5 2 79 5 5 2 4 3 2 5 116 606 250 0 101 259 149 106 529 126 329 44 141 172 138 268 107 68 144 121 0 0 0 6 0 0 2 0 0 0 0 0 0 0 0 0 0 0 0 0 0 0 0 0 0 0 0 0 0 0 0 0 0 0 0 0 0 0 0 0 4 0 10 0 0 0 0 0 0 0 0 0 0 2 0 2 3 6 0 0 53 5 15 0 33 0 2 56 0 0 0 15 17 0 48 19 14 0 26 6 4 0 0 0 0 0 0 0 0 0 8 6 0 38 29 0 0 0 0 0 0 0 9 0 0 2 4 0 0 0 0 0 0 0 0 0 0 0 0 0 0 3 4 0 0 0 15 2 5 0 0 0 10 0 3 1 1 0 0 0 19 18 12 0 0 9 0 21 22 23 1 35 25 12 6 0 0 16 0 4 0 0 32 0 0 0 12 0 17 0 0 0 10 0 35 0 2 46 30 10 0 0 8 0 0 0 0 0 0 0 0 14 0 1 0 0 0 0 0 21 0 22 68 1 2 4 1 71 2 0 7 0 0 0 0 0 0 0 0 0 0 1 0 0 0 0 0 0 1 0 
 3 2 0 6 3 1 3 6 2 1 2 0 1 1 1 3 6 3 1 2 1 0 0 0 0 0 0 0 0 0 0 0 0 0 2 206 0 0 0 0 37 263 77 101 0 143 38 40 153 103 147 160 73 121 83 198 147 43 63 83 0 0 0 0 0 1 7 25 0 0 2 0 53 3 8 26 20 54 70 53 0 3 0 0 0 0 0 0 0 0 0 0 0 0 0 0 0 0 0 0 0 0 0 0 0 0 0 0 0 0 0 0 0 0 0 0 0 0 0 0 10 0 0 9 0 9 0 0 20 19 27 30 0 0 0 0 10 28 0 0 1 0 10 13 12 0 20 17 0 0 0 0 0 4 2 6 18 12 10 1 0 0 0 0 24 0 6 0 0 0 0 0 0 0 0 0 0 0 0 0 0 0 0 0 0 0 0 0 0 0 0 0 0 0 0 0 0 0 0 0 0 0 19 30 29 12 0 15 10 0 14 5 0 0 0 15 10 21 0 0 0 10 0 0 0 0 20 0 1 0 0 0 0 8 0 0 0 1 3 5 0 0 0 0 0 0 1 0 0 0 0 14 0 0 0 0 0 0 0 1 0 0 5 2 1 1 4 3 2 0 0 0 0 0 0 0 0 0 0 0 0 0 0 0 0 0 0 0 1 0 
 0 2 0 0 0 0 0 2 0 0 0 0 0 0 0 0 0 0 0 0 8 6 9 3 5 66 3 4 3 3 6 3 5 3 4 3 3 6 3 3 39 99 109 259 143 0 36 96 56 72 99 112 29 270 68 63 71 267 60 55 0 0 1 0 0 0 0 0 50 23 1 0 5 0 21 89 0 5 0 0 0 0 0 0 0 0 0 0 0 0 0 0 0 0 0 0 0 0 0 0 0 0 0 0 0 11 0 0 0 0 0 0 0 0 0 0 0 0 0 0 0 21 0 20 7 9 0 4 19 6 13 42 0 0 0 0 0 0 0 0 21 0 0 0 0 0 23 6 16 19 0 0 33 50 1 0 0 1 10 10 0 0 0 0 0 0 0 0 0 0 0 0 0 0 11 0 8 0 18 0 0 0 0 0 0 0 14 0 0 0 0 0 0 0 0 1 0 0 0 0 0 0 0 40 22 52 0 0 0 24 17 4 0 0 0 0 10 0 0 0 16 21 0 0 0 1 0 27 35 0 0 1 23 20 0 0 8 4 10 0 0 0 0 0 0 0 0 0 0 0 0 8 0 0 0 0 0 0 0 0 0 0 0 0 0 0 0 4 0 0 0 0 53 0 0 0 0 0 0 0 0 0 0 0 18 0 0 11 2 0 
 3 2 0 30 3 1 3 2 2 1 4 0 1 1 1 3 3 3 2 2 0 0 0 68 88 62 0 0 0 0 0 83 0 0 0 1 0 0 0 0 91 419 278 149 38 36 0 141 72 59 34 26 205 63 187 205 43 95 185 180 0 1 0 0 4 1 0 0 7 0 25 4 2 0 0 0 0 0 1 0 0 0 0 0 0 0 0 0 0 0 0 0 0 0 0 0 0 0 0 0 0 0 0 0 0 3 0 0 0 0 0 0 0 0 0 0 0 5 0 0 37 25 30 0 4 0 16 19 16 0 14 16 3 17 0 19 15 0 9 0 0 0 0 0 0 12 0 0 0 0 1 0 0 0 5 0 0 0 0 0 0 0 0 0 5 0 0 0 0 0 0 0 3 0 0 0 0 0 0 0 0 0 0 0 22 16 0 0 0 0 22 0 0 0 0 0 0 0 0 0 0 26 13 0 0 1 8 37 30 15 0 0 13 57 1 6 0 7 15 0 0 0 0 15 11 6 0 0 0 0 0 43 11 0 0 0 8 0 23 22 0 0 4 0 0 0 0 0 0 0 0 2 0 0 0 0 0 63 0 1 0 0 31 1 2 14 0 0 2 0 12 0 0 0 0 7 0 0 0 0 0 0 0 0 0 16 0 0 1 8 
 0 0 0 0 0 0 0 0 0 0 0 0 0 0 0 0 0 0 0 0 0 0 0 4 3 1 0 0 0 0 0 0 0 0 0 5 0 6 0 0 137 226 188 106 40 96 141 0 311 117 54 12 191 221 276 322 43 197 64 130 0 0 4 0 0 3 76 0 0 5 0 0 0 0 0 0 0 0 0 0 0 0 0 0 0 0 0 0 0 0 0 0 0 0 1 0 0 0 0 0 0 12 0 0 0 0 0 0 0 0 0 0 0 0 0 0 0 0 0 0 0 20 11 18 23 0 1 27 21 12 17 17 0 0 17 0 9 13 14 0 2 0 17 0 0 0 0 0 0 0 0 0 19 0 2 0 0 0 0 0 0 0 8 0 0 0 0 0 0 0 0 0 0 0 0 0 0 0 0 0 0 0 0 4 3 0 0 0 0 0 2 0 0 0 0 0 0 0 0 0 27 19 0 5 16 12 0 28 39 12 0 18 0 10 12 0 1 18 7 13 3 0 0 0 0 0 0 3 0 0 0 0 15 0 0 0 0 0 11 19 0 0 11 0 0 0 0 0 0 0 0 11 0 0 0 0 0 0 0 10 0 0 66 2 0 2 2 0 0 0 0 0 0 0 0 0 0 0 0 0 0 0 0 0 28 14 0 0 1 0 
 0 0 0 0 0 0 0 0 0 0 0 0 10 3 0 0 0 0 0 0 0 0 0 4 0 0 0 0 1 0 4 0 0 0 0 0 0 0 0 1 63 365 115 529 153 56 72 311 0 154 398 169 185 257 71 399 311 90 82 96 0 0 0 0 1 4 0 4 0 1 40 0 2 0 7 0 0 4 1 51 0 0 0 0 0 0 9 0 0 0 0 0 0 0 22 0 0 0 0 0 0 0 0 0 0 0 0 0 0 0 0 0 0 0 0 0 0 0 0 0 2 19 10 14 1 9 13 0 0 13 32 3 0 0 0 0 18 20 0 0 0 0 0 0 0 0 0 0 1 0 0 0 0 6 0 0 0 0 17 0 0 0 9 0 0 7 0 0 0 0 0 0 0 0 0 4 0 0 0 0 0 0 6 0 0 0 0 0 0 0 0 0 0 0 0 0 0 0 0 0 16 12 16 7 63 23 0 18 14 10 27 50 0 0 0 12 2 59 0 0 0 0 0 0 0 0 25 0 0 0 0 8 0 0 0 0 8 0 9 0 0 0 0 0 0 0 0 0 0 0 0 7 0 0 0 0 0 0 0 30 0 0 1 35 1 3 0 0 0 0 0 0 0 0 0 0 0 0 0 0 0 0 0 0 0 16 0 0 1 9 
 2 6 2 2 2 2 2 5 4 34 2 2 2 2 2 2 2 2 4 9 8 0 0 3 0 74 0 0 9 6 0 4 3 0 3 0 42 3 0 0 40 29 55 126 103 72 59 117 154 0 90 119 365 302 75 221 183 47 85 144 0 0 4 2 0 0 0 51 0 2 0 1 54 0 1 0 52 0 49 50 0 0 0 0 0 0 0 0 0 0 0 0 0 0 0 0 0 0 0 0 0 5 0 7 0 0 5 0 0 8 6 0 0 0 7 0 0 0 0 0 0 11 1 0 22 77 0 0 18 20 13 0 0 2 0 0 0 4 0 0 1 0 0 0 0 0 0 2 21 0 0 0 0 26 8 0 44 0 18 0 0 0 0 0 0 0 0 0 0 0 0 0 0 0 0 0 0 0 0 0 0 0 0 0 12 1 0 0 0 4 1 4 0 0 0 5 0 0 0 0 2 9 0 8 0 9 0 0 0 0 0 0 0 0 0 0 0 4 12 9 1 24 0 0 0 0 18 0 0 0 0 12 10 2 8 0 0 0 9 20 0 0 8 0 0 0 0 0 0 0 0 12 0 1 0 0 0 0 2 4 0 21 0 0 69 5 2 0 1 0 0 0 0 16 0 0 0 0 0 0 0 9 0 0 0 12 0 0 1 0 
 0 0 0 0 0 0 0 0 0 0 0 0 0 0 0 0 0 0 1 0 0 0 7 0 4 0 0 0 2 0 0 0 1 0 0 0 0 5 0 0 38 320 119 329 147 99 34 54 398 90 0 72 106 249 405 106 171 113 20 79 0 0 0 4 0 0 0 0 0 0 0 0 1 0 0 0 0 0 0 0 0 0 0 0 0 0 0 0 0 0 0 0 0 0 0 0 0 0 0 0 0 0 0 0 0 0 0 0 0 0 0 0 0 0 0 0 0 0 0 0 0 4 34 2 0 0 2 18 0 0 1 21 0 0 31 0 1 19 9 0 14 0 0 1 0 0 0 10 16 0 14 0 0 26 24 0 0 0 7 0 0 0 13 0 0 0 0 0 0 0 0 0 0 0 0 0 0 0 0 0 0 0 0 0 2 0 0 0 0 0 0 0 0 13 0 0 0 0 0 0 19 13 20 0 19 12 0 53 11 14 10 0 0 13 0 0 0 39 1 7 0 0 14 0 0 0 13 0 12 0 0 0 0 0 30 17 0 15 10 1 0 0 0 0 0 0 0 0 10 0 0 14 0 2 0 0 0 0 0 19 0 0 2 2 64 2 1 69 0 0 0 0 0 0 0 0 0 0 0 0 0 3 0 0 18 0 0 0 0 0 
 0 0 0 0 0 0 0 0 0 0 0 0 0 0 0 0 0 0 0 0 0 0 0 0 0 0 0 0 0 0 0 0 0 0 0 0 0 55 0 0 51 35 265 44 160 112 26 12 169 119 72 0 39 99 21 30 89 138 236 26 0 53 0 3 2 9 47 59 51 0 4 0 63 0 74 0 6 22 51 19 0 0 0 0 0 0 0 0 0 0 0 0 0 0 0 0 0 0 0 0 0 0 0 0 0 0 0 0 0 0 0 0 0 0 0 0 0 0 0 0 7 18 19 0 0 16 0 0 0 49 18 30 0 0 0 0 4 29 0 0 18 0 0 0 0 0 0 0 13 17 19 5 0 32 0 0 49 0 21 0 5 0 0 0 0 0 0 0 0 0 0 0 0 0 1 0 0 0 2 0 0 0 0 0 0 0 0 0 0 0 0 0 0 0 0 0 0 0 0 0 6 0 0 2 0 36 0 6 6 17 9 0 0 0 12 10 15 6 0 0 6 9 2 0 0 3 4 30 5 0 0 2 9 0 7 22 31 7 39 35 0 0 0 0 0 0 0 0 0 0 0 10 0 0 0 0 0 0 0 17 0 0 0 3 0 2 0 0 2 11 24 0 0 33 0 3 0 0 0 0 0 0 0 0 0 0 0 9 2 0 
 0 3 0 0 5 0 2 0 0 0 58 3 0 2 0 0 0 0 15 6 0 0 67 0 20 65 0 0 4 0 4 69 0 0 3 0 70 0 0 0 113 34 132 141 73 29 205 191 185 365 106 39 0 193 126 69 37 115 185 179 0 0 6 0 0 0 2 0 5 0 0 5 0 0 0 0 0 0 0 0 0 0 0 0 0 0 0 0 0 0 1 2 4 0 3 0 0 0 0 0 0 0 0 0 0 0 0 0 0 0 0 0 0 0 0 0 8 14 0 0 14 21 15 7 20 0 10 1 0 0 0 12 26 20 11 24 7 1 0 0 0 0 0 0 0 0 0 0 0 0 0 0 0 0 5 0 0 0 0 0 0 2 10 0 0 1 0 11 0 0 2 2 0 1 0 2 4 0 0 0 0 0 0 0 8 0 2 0 0 14 11 0 0 0 0 0 0 0 0 0 18 24 8 0 0 18 0 1 10 1 0 29 18 51 0 0 0 14 7 24 0 0 0 0 0 13 7 0 0 0 0 0 1 0 0 0 0 0 20 6 0 2 20 0 0 0 5 0 0 0 0 10 0 2 0 0 0 24 1 4 0 0 65 73 0 3 2 0 0 0 4 0 0 0 0 0 0 0 0 3 0 0 0 0 0 1 0 0 0 0 
 3 5 3 5 3 3 3 3 3 3 3 3 5 3 3 3 3 3 5 4 1 1 1 1 1 1 1 0 0 1 5 0 4 1 1 1 1 4 1 2 96 194 129 172 121 270 63 221 257 302 249 99 193 0 110 29 107 62 96 107 1 0 2 0 0 14 0 17 0 10 0 0 2 0 0 0 0 0 70 0 0 0 0 0 0 0 6 0 0 0 0 0 0 0 0 28 0 0 0 0 0 0 0 0 0 0 0 0 0 0 0 0 0 0 0 0 0 0 0 0 9 40 0 20 1 0 14 0 21 30 19 28 8 0 0 4 20 14 0 11 29 0 0 0 0 1 0 0 0 0 0 0 19 0 0 0 0 0 1 0 0 0 2 0 0 6 1 0 0 0 0 0 0 0 0 4 0 0 0 0 0 0 0 0 0 1 0 0 0 0 0 0 0 0 0 0 0 0 0 0 15 11 11 10 33 24 0 22 16 15 33 22 4 0 16 16 10 4 1 0 9 0 0 0 0 0 8 29 0 0 0 6 0 0 0 0 0 0 0 25 0 0 0 0 12 0 0 0 0 31 0 1 0 0 0 0 0 0 0 0 0 0 3 65 0 1 0 0 1 0 10 0 0 0 0 0 0 0 0 0 0 0 0 0 26 9 0 10 0 0 
 0 0 0 0 0 0 0 0 0 0 0 0 0 0 0 0 0 0 2 1 0 3 0 58 73 64 0 17 0 0 0 18 0 0 0 0 3 0 2 0 106 139 92 138 83 68 187 276 71 75 405 21 126 110 0 292 343 131 101 184 3 0 13 1 0 0 4 0 1 39 4 0 3 4 0 4 0 3 0 0 0 0 0 0 0 0 0 0 0 0 0 0 0 0 0 0 0 0 0 0 0 0 0 0 0 8 0 0 0 0 0 0 0 0 0 0 0 5 0 0 15 22 13 7 0 0 8 4 0 0 1 29 8 16 14 2 2 1 12 0 7 6 2 0 5 0 0 0 0 0 0 0 3 0 0 0 0 4 0 0 0 0 0 0 3 0 0 0 0 0 0 0 0 0 0 0 0 0 0 0 0 0 0 0 26 9 0 0 0 0 8 0 0 0 0 0 0 0 0 0 0 46 9 0 9 10 0 18 13 6 0 0 0 20 0 21 0 15 28 11 3 5 0 0 0 0 6 0 7 4 17 0 5 0 6 3 7 0 1 0 0 0 21 0 0 0 0 0 0 0 0 8 0 0 0 0 0 4 0 0 0 0 2 1 0 2 0 0 1 0 0 0 0 0 0 0 0 0 0 1 0 0 0 0 6 10 0 0 1 0 
 2 2 2 4 0 0 0 1 2 2 2 0 1 1 2 2 3 31 0 0 2 3 1 2 59 23 0 2 5 2 2 66 2 3 2 4 1 0 2 66 39 115 183 268 198 63 205 322 399 221 106 30 69 29 292 0 216 66 58 281 0 5 15 1 0 0 10 10 12 5 0 3 8 1 0 20 0 13 70 0 2 0 0 0 0 0 0 0 0 0 0 0 0 0 0 0 0 0 0 0 0 0 0 0 2 9 0 0 0 0 1 0 0 0 0 0 17 7 0 0 14 10 22 0 0 11 0 9 1 10 22 2 0 22 0 11 10 12 10 0 0 1 15 0 1 0 0 0 7 0 0 3 0 0 0 2 8 7 0 0 0 0 0 0 4 0 0 0 0 0 0 0 1 0 0 0 0 0 0 0 0 0 0 0 11 0 0 0 0 0 11 0 0 0 0 0 0 0 0 0 0 15 0 23 0 0 0 9 7 9 13 0 1 2 0 0 1 12 18 0 0 2 0 0 0 0 6 4 0 7 0 0 3 0 1 0 0 0 0 0 0 0 9 0 0 0 0 0 2 0 0 6 0 0 0 2 0 2 0 0 0 0 2 1 0 14 8 0 0 0 3 2 0 0 0 0 0 0 0 0 0 0 0 0 0 0 0 0 2 0 
 0 0 0 0 0 0 0 4 0 0 2 0 3 0 0 0 0 0 2 0 0 0 0 1 0 1 0 0 0 2 3 0 3 0 1 0 0 0 0 5 54 76 370 107 147 71 43 43 311 183 171 89 37 107 343 216 0 256 34 113 28 0 4 0 0 5 0 0 5 5 2 11 2 0 1 0 0 0 4 46 0 0 0 0 0 0 0 0 0 0 0 0 0 0 0 0 0 0 0 0 0 0 0 0 0 0 0 0 0 0 0 0 0 0 0 0 0 0 0 0 9 9 0 10 22 4 0 0 27 21 16 0 0 0 14 0 24 84 22 2 7 0 0 0 0 3 0 0 9 0 0 0 0 0 0 0 3 0 0 0 0 0 0 0 0 0 6 0 0 0 0 0 0 0 0 0 0 0 0 0 0 0 0 0 0 0 0 0 0 0 0 0 0 0 0 0 0 0 0 0 7 7 36 45 19 1 7 0 19 0 5 0 2 0 29 0 0 31 9 0 0 7 0 5 11 0 20 0 0 0 0 3 0 12 0 0 0 0 0 9 0 0 11 0 0 0 0 0 0 0 0 10 0 0 0 0 0 2 0 1 0 0 0 0 0 1 0 0 0 0 0 0 0 0 0 0 0 0 0 0 0 0 0 0 0 29 0 0 1 0 
 0 0 0 3 0 0 0 0 0 0 0 0 0 0 0 0 0 1 0 6 0 0 0 0 0 0 0 0 2 0 0 0 0 0 0 26 0 0 0 0 154 119 160 68 43 267 95 197 90 47 113 138 115 62 131 66 256 0 23 48 0 0 2 0 0 16 0 27 0 13 3 6 2 0 0 0 0 0 0 0 0 0 20 0 0 0 0 0 20 0 0 0 0 0 0 0 0 0 0 0 0 0 0 0 0 0 0 0 0 0 0 0 0 0 0 0 0 0 0 11 4 16 14 6 47 0 0 33 0 17 5 27 0 1 51 0 41 14 28 55 0 0 0 0 0 4 0 0 0 0 0 0 0 0 0 0 0 0 0 0 0 0 6 0 1 0 0 0 0 0 0 0 0 0 0 0 0 0 0 0 0 0 0 0 0 0 0 0 0 0 0 0 0 0 0 0 0 0 0 0 28 8 44 0 19 14 0 79 24 14 1 19 11 16 43 0 1 28 0 3 0 0 0 10 53 0 0 0 0 0 0 8 16 0 0 0 0 0 0 17 0 0 0 0 0 0 0 0 0 0 0 12 0 0 0 0 0 0 0 32 0 0 1 10 1 1 1 2 0 0 1 0 0 0 0 0 0 0 0 0 0 0 0 0 20 22 0 0 2 0 
 8 27 8 0 5 2 4 4 0 0 8 0 0 19 0 3 6 8 3 0 0 1 89 29 32 129 0 0 3 1 128 123 67 0 2 0 97 1 4 68 105 61 275 144 63 60 185 64 82 85 20 236 185 96 101 58 34 23 0 167 2 0 2 0 1 0 1 2 6 3 1 4 3 1 31 2 52 1 6 1 0 4 0 0 0 4 0 5 5 0 12 8 0 5 8 7 12 11 0 0 0 0 0 14 37 24 0 0 22 2 0 10 0 0 0 1 20 40 0 0 18 0 15 0 0 0 22 8 13 0 0 0 7 34 0 28 16 0 0 0 0 0 0 0 0 5 0 0 0 0 0 0 0 0 0 0 0 0 0 0 0 0 10 4 10 0 0 4 0 6 11 10 0 0 7 4 13 5 0 0 0 0 0 0 0 18 9 0 10 1 9 0 0 1 0 8 0 0 4 0 1 20 3 0 0 0 12 2 0 0 0 0 41 20 11 21 0 20 26 13 0 0 0 0 0 0 0 0 0 0 0 0 8 0 0 0 0 0 0 0 0 0 0 0 0 0 9 0 0 0 0 8 0 0 0 0 0 89 1 0 0 0 0 0 0 5 2 0 0 0 0 0 0 0 0 1 0 0 0 0 0 0 0 0 0 0 0 0 1 0 
 0 0 0 0 2 0 2 0 0 0 0 0 0 0 0 0 0 0 0 4 0 0 42 0 1 83 0 0 3 2 63 93 0 0 0 0 2 5 0 0 144 111 113 121 83 55 180 130 96 144 79 26 179 107 184 281 113 48 167 0 12 0 6 1 0 0 3 0 5 3 0 12 1 11 0 2 2 0 0 0 0 0 0 0 21 0 0 0 0 0 0 0 0 0 0 0 0 0 0 0 0 12 0 0 21 0 0 0 0 3 0 0 0 0 0 0 19 0 0 0 9 13 14 7 1 0 0 0 0 0 0 0 8 10 18 4 0 0 33 27 11 5 0 0 3 1 0 0 0 0 0 0 6 0 0 0 0 2 0 0 0 0 0 0 0 0 0 0 0 6 0 0 3 0 0 0 0 0 0 0 0 0 0 8 12 24 0 0 0 0 10 0 0 0 0 0 0 0 0 0 37 67 19 0 0 9 5 0 20 12 0 4 31 0 13 19 10 23 44 0 6 3 0 0 0 0 3 0 3 2 3 0 3 0 10 1 6 0 0 0 0 0 11 0 0 48 1 0 2 0 0 5 0 0 0 0 0 0 0 0 1 0 3 2 0 3 0 0 0 0 10 0 0 0 0 0 0 0 0 0 0 0 0 0 0 0 0 0 2 0 
 0 0 0 2 6 4 0 0 0 0 0 7 0 0 0 0 0 0 2 6 0 3 13 0 0 0 0 0 0 38 47 0 0 14 0 0 1 0 1 2 0 0 0 0 0 0 0 0 0 0 0 0 0 1 3 0 28 0 2 12 0 296 302 59 30 76 110 311 127 113 114 154 150 141 83 301 37 89 27 33 0 0 0 0 0 12 0 0 0 0 0 0 0 0 0 0 0 0 0 0 20 3 2 0 1 0 1 14 2 4 3 0 2 6 3 0 8 0 3 0 0 0 0 0 0 0 0 0 6 8 0 0 0 0 0 0 0 0 0 0 7 37 1 9 18 0 0 0 0 0 8 25 16 0 28 8 0 13 0 13 0 0 0 0 7 0 0 0 10 0 6 0 0 0 0 0 7 0 0 0 3 0 0 0 0 0 0 0 0 0 0 0 59 0 0 2 0 2 21 6 0 0 0 0 0 0 0 0 0 0 0 21 0 0 0 0 0 0 0 0 16 9 8 8 9 1 9 30 16 15 30 27 9 13 22 5 8 11 0 0 4 0 0 0 0 2 0 0 0 0 0 0 0 8 4 0 0 0 0 0 0 0 0 2 0 0 7 0 0 0 9 2 0 2 0 0 0 0 0 0 0 0 0 0 0 1 0 0 0 0 
