 0 322 167 146 40 39 356 111 179 46 141 47 385 135 52 434 60 20 123 156 0 0 2 2 1 0 0 0 0 1 2 3 1 0 2 0 0 0 3 0 0 18 0 0 0 0 0 4 3 0 1 0 2 0 0 0 0 0 0 0 2 7 0 0 1 0 3 3 0 0 0 8 0 0 0 0 0 0 0 9 0 23 20 0 21 17 32 11 0 16 24 1 0 51 10 7 15 13 7 23 0 0 0 0 1 0 0 0 0 0 0 0 0 0 0 0 0 0 0 0 0 0 0 0 0 0 0 0 0 0 0 2 0 0 0 0 0 0 0 19 0 3 0 0 0 0 8 0 0 0 0 0 0 0 0 0 0 0 0 0 16 33 15 19 17 0 3 54 14 0 0 20 37 27 20 11 11 0 0 1 17 0 0 0 0 0 0 1 0 0 0 0 0 0 0 0 0 0 0 0 0 0 0 0 0 0 0 0 0 0 0 0 0 1 0 0 0 0 0 0 0 0 0 0 0 0 0 0 0 0 0 0 0 0 0 0 0 0 0 0 0 13 0 0 0 1 53 0 0 0 1 8 0 0 0 0 0 0 0 0 0 0 0 0 0 0 0 0 0 0 0 0 0 0 0 0 0 0 0 0 0 0 0 0 0 0 0 0 0 0 
 322 0 156 130 38 36 89 264 161 44 29 84 68 50 124 202 136 119 47 145 0 60 0 0 0 0 0 0 0 0 0 5 0 0 1 0 0 36 3 0 1 3 0 0 0 0 0 0 3 0 2 0 0 2 0 0 2 0 0 0 2 2 0 0 0 0 3 4 0 0 0 0 0 0 0 0 0 0 0 3 6 20 23 2 0 17 5 42 1 0 37 23 9 15 23 12 22 10 20 34 2 1 0 0 0 0 0 0 0 0 0 0 0 0 0 0 2 0 0 0 0 0 0 0 0 0 0 0 0 0 2 0 0 0 0 0 0 0 0 9 0 13 0 0 0 0 0 0 0 0 0 0 0 7 0 0 0 0 0 0 29 8 11 11 15 1 0 24 0 0 0 3 16 46 26 15 13 0 0 0 0 2 0 0 0 0 0 0 0 0 0 0 3 0 0 0 0 0 0 0 2 0 0 0 0 0 0 0 0 0 0 0 0 0 0 0 0 0 1 2 0 0 0 0 0 0 0 0 0 0 0 0 0 16 0 0 0 0 0 0 0 0 0 0 0 0 180 0 0 2 0 10 0 0 0 0 0 0 0 0 0 0 0 0 0 0 0 0 0 0 0 0 0 0 0 0 0 0 0 0 0 0 0 0 0 0 0 0 0 0 
 167 156 0 207 54 28 41 113 398 496 38 385 275 153 65 269 74 328 55 134 0 0 0 0 0 2 36 0 4 0 0 3 74 0 0 0 2 2 3 0 1 2 0 0 0 0 63 0 3 0 7 0 3 0 0 0 0 0 0 0 2 0 0 0 1 0 3 3 0 0 0 0 0 0 0 0 0 0 0 3 29 18 0 0 10 9 0 19 10 8 17 1 0 9 28 47 16 59 2 2 38 0 0 0 0 0 12 15 0 0 0 0 24 0 0 0 0 0 14 0 0 0 0 0 0 0 0 0 0 9 0 0 0 1 0 0 0 0 0 0 11 6 0 0 0 0 0 0 0 1 0 0 2 0 13 0 0 0 0 0 0 17 28 0 0 0 0 0 0 1 9 14 15 14 0 0 0 9 50 0 0 0 0 0 2 0 17 14 0 0 0 0 0 0 21 9 0 0 14 12 0 0 0 0 0 0 0 0 0 0 0 0 0 0 0 0 0 1 0 0 0 0 0 1 0 0 0 0 0 0 0 0 0 0 0 0 0 3 0 2 0 0 0 0 0 1 2 0 0 129 2 4 9 0 0 0 0 0 0 0 0 0 0 0 0 0 0 0 0 0 0 0 0 0 0 0 0 38 0 0 0 0 0 0 0 2 0 0 0 1 
 146 130 207 0 287 105 275 79 238 202 203 50 152 429 56 277 136 134 82 158 2 76 0 0 4 0 66 49 0 2 0 6 231 0 35 4 0 0 79 6 0 6 2 0 0 0 0 4 6 3 0 0 0 3 0 1 2 2 0 0 4 0 2 0 0 1 6 2 2 2 0 2 0 29 1 0 2 0 2 5 0 1 21 15 12 27 1 0 33 51 35 3 0 10 0 24 30 10 2 0 26 0 0 0 0 0 20 14 0 1 0 0 16 10 0 0 8 0 13 0 0 0 0 0 0 0 0 7 0 0 0 0 0 1 0 0 0 0 0 14 2 0 0 0 0 0 0 0 0 1 0 0 2 0 0 0 0 0 0 1 0 15 0 0 14 1 0 28 17 1 0 28 1 0 20 0 0 0 6 1 0 1 0 0 0 0 46 7 14 0 0 0 7 0 20 20 0 0 15 14 0 0 0 0 0 0 0 0 0 0 0 14 0 0 0 0 0 1 0 0 0 0 0 0 0 0 0 0 0 34 0 0 0 0 0 0 0 0 0 0 0 10 0 0 0 0 2 0 0 85 0 10 24 0 0 0 0 0 0 0 0 0 0 0 0 0 0 0 0 0 0 0 0 0 0 16 14 0 0 0 0 0 0 0 0 2 0 0 0 0 
 40 38 54 287 0 245 57 66 282 273 208 49 97 98 90 291 142 133 63 60 4 0 2 211 0 0 77 76 0 212 0 3 36 0 73 0 0 76 135 54 1 2 0 0 3 0 0 0 3 0 0 0 0 0 0 0 0 0 0 0 2 1 5 0 1 0 3 3 0 0 0 0 0 0 0 0 0 0 0 3 0 0 14 3 29 26 0 0 32 14 31 21 0 0 0 0 31 30 0 13 18 0 0 0 0 0 0 13 0 0 0 0 41 0 11 6 9 0 32 14 0 0 0 0 0 0 0 0 0 0 0 21 0 0 0 0 0 3 0 0 0 0 1 0 0 0 0 0 0 0 0 0 0 0 0 0 0 2 0 0 0 20 0 15 35 0 0 0 14 46 2 22 0 0 4 0 0 10 1 0 0 16 0 0 0 0 37 14 11 3 33 0 17 1 37 13 0 0 25 0 0 0 0 0 0 2 0 0 0 0 0 0 0 0 0 0 0 0 0 0 0 0 0 0 0 0 0 1 0 0 0 0 0 0 0 18 0 0 2 0 0 0 0 0 0 2 1 2 3 3 3 6 9 0 0 0 0 0 0 0 0 0 25 0 0 0 0 0 0 0 0 0 0 0 0 28 0 0 0 31 0 0 0 0 0 0 0 0 0 0 
 39 36 28 105 245 0 32 44 64 369 83 51 26 57 70 76 295 57 49 43 146 220 0 0 0 0 43 40 0 0 0 3 147 81 110 0 75 76 109 103 0 2 0 0 0 0 0 0 3 0 0 0 0 0 0 0 0 0 1 0 2 0 0 0 1 0 3 3 0 0 0 0 0 0 0 0 0 0 0 3 0 0 0 14 10 35 0 0 18 0 17 9 0 0 0 0 0 11 1 0 12 24 0 0 0 0 27 0 0 2 0 0 20 36 0 43 8 41 24 36 0 0 0 0 0 0 0 0 0 0 0 15 0 2 0 0 0 0 0 0 0 0 0 0 0 0 0 50 0 2 0 0 1 0 0 0 0 0 0 2 0 0 0 0 15 0 0 0 0 20 0 14 0 0 8 0 0 0 0 0 13 26 0 0 0 0 36 9 16 9 27 0 17 1 29 13 0 0 86 13 0 0 9 0 0 0 0 0 0 0 0 0 0 0 0 0 0 2 0 0 0 0 0 0 0 0 0 0 0 0 0 0 0 0 0 0 0 0 0 0 0 0 0 0 0 4 0 2 2 89 1 9 10 0 0 0 0 0 2 0 0 0 0 0 0 0 0 0 0 0 0 0 0 0 0 20 0 0 0 39 0 0 0 0 0 0 0 0 0 0 
 356 89 41 275 57 32 0 340 144 321 33 126 299 37 61 349 414 24 99 250 0 2 2 0 0 2 0 3 0 4 3 8 0 0 0 3 0 0 3 1 0 6 2 0 0 0 0 0 3 2 1 0 2 3 0 0 3 3 0 0 2 2 0 0 0 0 5 5 0 0 0 3 35 3 0 0 0 0 0 3 19 60 2 16 8 14 28 14 14 42 10 23 14 21 10 1 0 26 0 21 1 0 0 0 0 0 0 0 0 0 0 0 0 0 0 0 1 0 0 0 0 1 0 0 0 0 0 0 0 0 1 0 0 0 0 0 0 0 0 1 0 4 0 4 0 0 0 0 0 0 0 0 0 0 0 1 0 0 0 0 44 12 10 9 13 0 0 10 0 0 10 0 22 61 0 7 0 11 19 2 0 1 0 0 0 0 0 0 0 0 0 0 0 0 0 0 0 0 0 0 1 0 0 0 0 0 0 0 0 0 0 0 0 0 0 0 0 0 2 0 0 0 2 0 0 0 0 0 0 0 0 0 0 0 0 0 0 0 0 0 0 10 0 0 0 0 89 1 2 0 0 13 0 0 0 0 0 0 0 4 0 0 0 0 0 0 0 0 0 0 0 0 0 1 0 0 16 0 0 0 0 0 0 0 0 0 0 0 0 0 
 111 264 113 79 66 44 340 0 195 43 122 124 199 172 60 70 134 67 119 226 0 0 0 0 0 0 0 0 0 2 0 3 0 0 0 0 0 41 3 75 0 2 0 0 0 0 0 0 3 0 0 0 0 2 0 0 0 0 0 0 2 1 20 0 1 0 3 3 0 0 0 7 0 0 0 0 0 0 0 5 21 52 12 15 0 0 35 31 16 0 0 1 6 10 20 57 32 34 0 45 0 0 0 0 0 0 1 0 0 0 0 0 0 0 0 0 0 0 2 0 0 0 13 0 0 0 0 0 0 0 0 0 0 0 0 0 0 0 0 0 0 7 0 0 0 0 0 0 0 0 0 0 0 0 0 0 0 0 20 0 24 12 45 10 18 0 24 0 13 1 19 0 28 33 2 20 19 9 10 0 0 0 0 0 0 0 0 2 2 0 0 0 0 0 0 0 0 0 1 2 0 0 0 0 0 0 0 0 0 0 0 0 0 0 0 0 13 0 0 0 0 0 0 0 15 0 0 0 0 0 1 0 0 0 0 0 0 0 0 0 0 0 0 0 0 2 4 4 2 0 0 12 0 0 0 0 0 0 0 0 0 0 0 0 0 2 0 0 0 0 0 0 0 0 0 1 22 0 0 0 0 0 0 0 0 0 0 0 0 0 
 179 161 398 238 282 64 144 195 0 80 123 249 180 115 179 429 274 117 62 58 1 0 0 2 0 1 5 3 0 2 0 4 74 7 1 4 6 5 80 75 0 8 0 3 2 5 0 0 8 5 2 0 0 0 0 0 2 1 0 0 3 0 0 0 0 2 3 3 0 0 0 49 0 0 0 0 0 2 0 3 4 53 57 3 0 20 0 0 58 1 10 1 0 23 2 26 44 33 1 16 7 0 0 0 0 0 0 9 0 0 0 0 29 0 11 0 0 0 8 0 0 1 0 0 0 0 9 0 0 0 1 0 0 0 0 0 0 0 0 7 0 8 0 0 0 0 0 0 0 0 0 0 0 0 0 0 0 0 0 0 10 24 0 26 51 0 16 6 34 17 27 9 13 19 9 37 25 6 4 13 0 1 0 0 0 0 10 0 0 0 0 0 0 0 58 0 0 0 10 34 0 0 0 0 0 0 0 0 0 0 0 0 0 0 0 0 0 0 2 0 0 0 2 0 0 0 0 0 0 0 0 0 0 0 0 0 0 0 0 0 0 0 0 0 0 3 102 0 1 3 0 8 0 0 0 1 0 0 0 0 0 0 20 0 0 0 0 0 0 0 0 0 0 0 0 0 1 0 0 0 0 0 0 0 0 0 0 0 0 0 
 46 44 496 202 273 369 321 43 80 0 88 340 276 198 329 81 281 342 204 171 0 0 2 3 3 3 0 0 2 9 1 5 3 0 2 2 0 42 83 81 0 3 0 0 6 0 0 2 3 0 10 0 0 0 0 1 0 3 0 41 2 52 7 1 0 0 3 3 2 1 0 0 0 2 1 0 1 1 0 3 41 0 19 28 29 0 11 14 37 19 2 39 0 0 10 4 24 50 0 22 14 0 0 0 0 0 0 15 1 0 0 1 22 0 7 2 0 0 42 0 0 0 0 0 0 0 0 0 0 0 0 10 15 0 0 0 0 0 0 1 0 0 0 0 0 0 0 2 2 0 0 0 0 0 0 0 0 0 0 0 0 0 35 21 17 12 0 18 0 36 0 12 0 16 15 27 35 3 0 0 9 0 0 0 0 0 1 0 0 0 0 1 2 0 1 0 0 0 17 15 0 0 0 0 0 0 0 0 0 0 0 0 0 0 0 0 0 0 0 0 0 0 0 0 0 0 0 0 0 0 0 0 0 0 0 1 0 0 0 0 0 0 0 0 0 2 97 0 0 2 8 11 1 0 0 0 0 0 0 0 0 0 42 1 0 0 0 0 0 0 0 0 0 17 0 11 14 0 0 0 0 0 0 0 0 0 0 0 0 0 
 141 29 38 203 208 83 33 122 123 88 0 82 143 143 139 96 197 217 98 272 2 79 3 2 2 2 20 36 0 2 0 3 73 0 67 0 0 0 79 0 2 9 0 0 0 0 0 5 3 0 0 0 0 0 0 0 0 0 1 0 30 4 0 0 0 0 3 2 0 0 0 2 0 0 0 0 2 0 0 4 1 27 27 27 18 11 0 0 45 16 8 8 0 11 10 13 14 21 1 1 0 8 0 0 0 0 12 7 0 0 0 0 1 8 0 0 10 0 1 0 2 0 0 0 0 0 0 0 0 0 0 0 0 0 0 0 0 15 0 0 0 0 0 8 0 0 0 0 0 0 0 0 0 0 0 0 0 0 0 0 1 13 0 43 33 0 13 19 29 13 10 0 0 0 0 8 9 0 1 17 0 0 0 0 0 0 24 17 11 0 0 0 6 0 10 0 11 0 31 0 0 0 0 0 0 0 0 0 2 0 0 0 0 0 0 0 0 0 0 0 0 0 0 0 0 0 0 0 0 0 0 0 2 0 0 0 0 0 0 0 0 11 0 0 0 2 0 0 0 0 2 5 0 0 0 0 0 0 0 0 0 0 0 0 0 0 0 0 0 0 0 0 0 0 0 10 28 0 0 0 0 0 0 0 0 0 0 0 0 0 
 47 84 385 50 49 51 126 124 249 340 82 0 57 139 228 39 393 448 302 243 76 75 0 0 5 0 0 213 0 2 0 3 0 74 0 0 0 0 78 75 3 3 0 0 0 0 0 0 3 0 1 0 0 0 0 0 0 0 62 0 2 2 0 0 0 0 3 2 0 0 1 0 0 0 0 0 0 0 0 3 10 0 19 19 27 10 0 30 19 18 1 0 0 1 9 2 40 20 0 0 1 30 0 0 0 0 11 0 0 23 0 0 0 19 0 20 0 11 10 14 0 0 0 0 0 0 0 8 0 0 1 0 0 0 0 0 0 0 0 0 0 0 0 0 0 0 7 0 0 0 0 0 0 0 0 0 0 0 0 0 0 1 57 0 25 32 0 18 0 0 1 0 0 41 0 27 59 0 0 0 10 9 0 0 0 0 0 0 0 0 9 0 19 15 33 0 0 10 16 25 18 0 0 0 0 0 0 0 0 0 0 22 0 0 0 0 0 0 2 0 0 0 2 0 0 0 0 0 0 0 0 0 0 0 0 0 0 0 0 9 0 0 0 0 0 1 92 4 2 88 13 13 2 0 0 0 0 0 0 0 0 0 0 0 0 0 18 0 0 0 0 0 0 0 0 0 0 0 0 0 0 0 0 0 0 0 0 0 0 0 
 385 68 275 152 97 26 299 199 180 276 143 57 0 477 45 216 166 26 174 185 2 1 2 0 1 0 0 1 0 2 2 5 0 1 2 2 0 0 4 2 0 10 0 0 0 0 0 0 3 0 0 2 47 0 0 0 0 0 0 0 2 1 0 1 1 0 3 3 0 0 0 0 0 6 0 0 0 0 0 3 0 58 18 0 0 2 38 46 0 40 35 21 24 13 0 0 0 12 24 51 0 0 0 0 0 0 0 0 20 0 0 0 0 21 0 1 0 0 1 0 0 0 0 0 0 0 0 0 21 0 2 0 0 0 0 0 0 0 0 0 0 5 0 0 0 0 0 0 0 0 0 0 0 0 0 0 0 0 34 0 15 21 0 9 0 0 13 31 20 0 0 0 20 18 0 0 2 0 6 7 0 0 0 0 0 0 15 0 0 0 0 0 0 0 0 0 0 0 0 0 0 0 0 1 0 0 0 0 0 0 0 0 0 0 0 0 0 0 0 0 0 0 8 0 0 0 0 0 0 0 0 0 0 0 0 0 0 0 0 0 0 3 0 0 0 3 89 0 0 0 0 10 0 0 0 0 0 0 0 0 0 0 0 0 0 0 0 0 0 0 0 0 0 0 0 0 0 0 0 0 0 0 0 0 0 0 0 0 0 0 
 135 50 153 429 98 57 37 172 115 198 143 139 477 0 185 308 36 125 163 233 0 1 3 0 1 0 0 2 0 2 73 3 0 0 2 0 74 0 3 2 0 8 2 0 0 0 0 0 3 0 0 0 0 0 0 0 0 2 5 0 2 2 0 3 0 0 3 4 0 0 0 0 1 56 0 3 0 3 0 3 14 0 29 31 0 0 17 34 1 8 60 14 10 12 18 24 0 16 21 33 0 0 0 0 0 0 0 0 0 0 0 0 0 0 0 0 0 0 13 0 10 0 0 0 0 0 0 0 0 0 0 0 0 0 0 0 0 0 0 0 0 0 0 0 0 3 0 0 0 0 0 0 0 0 1 0 0 0 0 0 28 0 21 10 0 8 0 53 18 0 0 5 16 18 0 26 11 0 2 0 1 0 0 0 0 0 0 0 0 0 0 0 0 0 0 0 0 0 0 17 0 0 0 0 0 0 0 0 0 0 0 0 0 0 0 0 0 0 0 0 0 0 12 0 0 0 0 0 0 0 0 0 0 0 0 0 0 0 0 0 0 0 0 0 0 0 0 0 0 0 0 5 1 0 0 0 0 0 0 0 0 0 0 0 0 0 0 0 0 0 0 0 0 0 0 0 0 0 0 0 0 0 0 0 0 0 0 0 0 0 
 52 124 65 56 90 70 61 60 179 329 139 228 45 185 0 81 87 127 66 186 0 0 0 0 0 0 0 0 0 1 2 3 0 0 0 0 0 2 4 2 0 66 0 0 0 0 0 0 3 0 62 0 0 0 0 0 0 0 0 0 2 0 0 0 3 0 3 3 0 0 0 0 0 6 0 5 0 0 0 3 17 21 19 28 12 0 0 31 24 18 0 30 0 0 20 5 14 59 48 0 0 0 0 0 0 0 0 18 0 0 0 0 1 0 10 15 0 0 13 0 0 0 0 0 0 0 0 0 0 0 0 0 0 0 0 0 0 0 0 0 0 0 0 0 0 0 0 0 0 0 0 0 0 0 2 0 0 0 0 0 0 0 14 7 19 11 0 29 16 5 0 0 0 27 0 21 19 9 0 0 10 0 0 0 0 0 11 0 0 0 0 0 0 0 0 0 0 0 0 24 9 0 0 0 0 0 0 0 0 0 0 0 0 0 0 0 0 0 0 0 0 0 0 0 0 0 0 0 0 0 0 0 0 0 0 0 0 0 0 0 0 0 0 0 0 2 11 0 0 0 14 11 0 0 0 0 0 0 0 0 0 0 13 0 0 0 0 0 0 0 0 0 0 0 0 0 20 0 0 0 0 0 0 0 0 0 0 0 0 0 
 434 202 269 277 291 76 349 70 429 81 96 39 216 308 81 0 173 118 86 448 2 0 0 0 4 2 0 0 0 8 0 3 35 0 0 0 78 1 75 0 0 10 0 0 0 0 0 0 3 0 0 0 0 0 0 0 0 2 0 0 2 2 30 1 0 0 3 2 0 0 0 0 0 0 0 0 0 0 0 3 2 0 86 19 0 24 8 5 0 34 31 17 0 38 11 19 43 16 7 15 6 0 0 0 0 0 0 0 0 0 0 0 9 0 1 0 0 0 36 0 0 0 0 0 0 0 0 0 0 0 0 0 0 0 0 0 0 0 0 8 2 0 0 0 0 0 0 0 0 0 1 1 0 0 1 0 0 0 0 0 7 12 26 2 35 16 0 83 16 0 2 0 19 60 34 7 2 0 4 1 0 0 0 0 0 0 2 14 0 0 0 0 0 0 14 0 0 0 0 0 0 0 0 0 0 0 0 0 0 0 0 0 0 2 0 0 0 0 38 0 0 0 0 0 0 0 0 1 2 2 0 0 0 1 0 2 0 0 0 0 0 17 0 0 0 3 4 1 0 1 0 7 0 0 0 0 0 0 0 0 0 0 0 0 0 0 0 0 0 0 0 0 0 0 0 0 1 0 0 0 0 0 0 0 0 0 0 0 0 0 
 60 136 74 136 142 295 414 134 274 281 197 393 166 36 87 173 0 159 211 38 0 0 0 2 0 1 35 1 0 1 0 3 74 0 0 0 0 0 3 0 2 5 0 0 0 0 0 3 3 56 86 1 0 0 0 0 0 0 0 0 2 0 0 0 0 0 3 3 2 0 0 3 0 0 0 0 0 0 0 3 29 14 13 0 11 4 28 31 40 42 27 15 11 11 0 1 18 57 0 17 61 0 0 0 0 0 12 15 0 0 0 0 38 0 0 0 1 0 0 0 0 1 0 0 0 2 0 0 0 0 0 0 0 0 0 0 0 0 0 1 0 0 0 0 0 0 0 0 0 0 0 0 0 0 0 1 0 0 0 0 0 12 4 0 30 0 1 15 27 8 0 16 14 21 0 1 15 0 0 0 10 1 0 0 0 0 21 41 0 0 0 0 9 0 8 9 0 0 14 14 0 0 0 0 0 0 0 0 8 0 0 0 0 0 0 6 0 0 2 0 0 0 0 0 0 8 0 0 0 0 0 0 0 0 10 0 0 0 0 0 0 11 0 0 0 1 2 0 3 111 6 5 9 0 0 0 0 0 0 0 0 0 0 0 0 0 0 0 0 0 0 0 0 0 0 0 0 0 0 0 0 0 0 0 0 0 0 0 0 0 
 20 119 328 134 133 57 24 67 117 342 217 448 26 125 127 118 159 0 34 121 0 0 0 11 0 0 0 0 0 0 2 5 75 0 0 0 0 0 31 0 0 3 0 0 0 0 0 0 3 0 0 0 0 0 0 0 0 0 0 0 2 2 0 0 0 0 3 3 0 0 0 2 0 0 0 0 0 0 0 3 12 0 52 25 0 0 0 14 3 15 14 1 13 0 17 30 41 0 10 19 1 10 0 0 0 0 12 19 0 0 0 0 0 13 0 0 0 11 1 13 0 0 0 0 0 0 0 0 0 0 0 0 0 0 1 0 0 0 0 0 0 0 0 0 0 0 0 0 0 0 0 0 0 12 8 0 0 0 0 0 1 0 8 32 17 0 0 14 0 21 6 0 1 17 0 34 38 0 0 11 9 1 0 0 0 0 0 35 0 0 0 0 0 0 1 0 10 0 12 11 0 0 0 0 0 0 0 0 0 0 0 0 0 0 0 0 19 0 0 0 0 0 0 0 0 0 0 0 0 0 0 0 0 0 13 0 0 0 0 0 0 0 0 0 0 0 0 0 4 89 3 5 0 0 0 0 0 0 0 0 0 0 0 0 0 0 0 0 0 0 0 0 0 0 0 0 21 0 0 0 0 0 0 0 0 0 0 0 0 0 
 123 47 55 82 63 49 99 119 62 204 98 302 174 163 66 86 211 34 0 597 0 1 0 0 0 0 0 0 0 1 0 3 0 0 0 0 0 0 3 0 0 4 0 0 0 2 0 0 3 0 0 0 0 0 0 0 0 0 0 0 2 0 0 0 3 0 5 3 0 0 0 0 0 0 0 0 0 0 0 3 9 1 10 32 0 0 11 0 0 1 11 2 11 13 13 11 0 15 25 11 0 0 0 0 0 0 22 0 0 0 0 0 0 0 0 0 33 0 0 0 0 0 2 0 0 0 0 0 0 0 9 0 0 0 0 0 0 0 0 0 0 0 0 0 0 0 0 0 0 0 19 0 0 0 0 0 21 0 1 0 1 1 0 0 0 17 23 7 14 0 0 0 1 0 0 0 1 0 1 26 0 0 0 0 0 0 0 0 11 0 0 0 0 0 0 0 2 0 0 0 11 19 0 0 0 0 0 0 0 0 0 0 0 0 0 0 0 0 0 0 0 0 11 0 0 0 0 0 0 0 0 0 0 0 0 0 0 0 0 0 0 12 0 0 0 1 0 0 2 2 0 4 0 0 0 0 0 0 0 0 0 0 0 0 0 0 0 0 0 0 0 0 0 0 0 0 21 0 0 0 0 0 0 0 0 0 0 0 0 0 
 156 145 134 158 60 43 250 226 58 171 272 243 185 233 186 448 38 121 597 0 0 0 0 0 2 0 0 0 0 2 0 3 0 0 0 0 0 0 5 3 0 5 0 0 0 0 0 0 3 0 0 0 0 3 0 1 2 2 0 0 2 1 0 0 0 0 6 3 0 0 0 0 0 0 0 0 0 0 0 3 22 1 15 10 0 0 51 0 0 0 11 14 1 12 11 11 1 10 11 15 0 0 0 0 0 0 0 0 0 0 0 0 0 0 0 0 0 0 0 0 0 0 0 0 0 32 0 0 0 0 0 0 0 0 0 0 0 0 0 0 0 0 0 0 0 0 0 0 0 5 0 0 0 0 0 0 0 0 0 0 8 0 7 0 0 0 27 16 29 0 0 0 14 8 15 15 0 0 0 8 0 0 0 0 0 0 0 0 0 0 0 0 0 0 0 0 0 0 0 0 0 0 0 0 0 12 0 0 0 0 0 0 0 0 0 0 0 0 0 0 0 0 0 0 0 0 0 0 0 0 0 0 0 0 0 0 0 0 0 0 0 0 0 0 0 2 1 0 0 0 0 2 0 0 0 0 0 0 0 0 0 0 0 0 0 0 0 0 0 0 0 0 0 0 0 0 9 0 0 0 0 0 0 0 0 0 0 0 0 0 
 0 0 0 2 4 146 0 0 1 0 2 76 2 0 0 2 0 0 0 0 0 236 173 258 272 35 91 182 96 52 338 128 136 571 173 53 195 109 32 136 0 4 2 5 0 0 0 0 3 3 0 0 0 202 1 2 0 0 62 0 0 3 0 0 2 3 0 0 0 0 6 3 4 7 3 0 3 3 0 0 10 0 0 13 0 13 0 2 0 0 0 0 0 0 0 1 0 0 0 0 0 35 15 0 11 0 26 19 33 31 10 17 0 0 6 75 26 43 8 6 0 0 0 0 0 0 0 0 0 0 3 0 10 0 0 0 0 0 0 14 0 0 0 0 0 0 21 11 0 1 0 0 0 0 0 0 0 0 0 0 0 0 1 0 0 0 0 0 0 0 0 0 0 0 0 0 0 0 0 0 23 28 27 24 15 22 0 19 0 31 0 22 1 12 6 1 9 0 21 18 1 2 0 0 0 0 0 0 0 0 0 0 0 0 0 0 0 0 0 0 0 0 0 0 0 0 0 0 0 0 0 0 0 0 0 0 0 9 0 0 0 0 0 0 0 1 0 0 0 0 0 0 0 0 7 2 0 0 0 0 2 2 0 0 0 0 0 0 0 0 0 0 0 0 0 0 0 0 0 0 0 0 0 0 0 0 15 0 0 5 
 0 60 0 76 0 220 2 0 0 0 79 75 1 1 0 0 0 0 1 0 236 0 243 369 27 34 252 201 53 55 261 36 111 63 183 163 144 280 136 166 0 3 0 3 0 1 0 0 0 0 0 0 0 0 0 0 0 0 62 63 0 2 0 0 0 3 0 0 0 0 3 0 2 3 0 0 2 0 0 0 0 0 0 1 1 14 0 0 1 0 0 0 0 0 2 0 0 0 0 0 20 18 11 23 14 10 27 10 17 0 4 13 12 19 1 21 7 0 10 13 1 0 0 0 0 0 0 9 0 0 0 0 22 0 0 0 0 12 1 0 0 0 0 0 0 0 0 0 0 0 0 0 0 0 0 0 0 0 0 0 0 0 0 0 1 11 0 0 0 0 0 7 0 0 0 0 0 0 0 0 10 13 0 13 0 9 36 11 18 27 1 49 9 0 14 11 0 0 20 11 1 0 0 0 0 0 0 0 0 0 0 0 0 0 0 0 0 0 0 0 1 10 0 0 0 0 0 0 0 0 1 0 0 11 0 0 0 19 0 0 0 0 0 0 0 0 0 0 0 0 0 0 0 0 10 0 0 0 0 0 0 0 0 0 0 0 0 0 0 0 0 0 0 0 0 13 0 0 0 0 0 0 0 0 0 9 0 0 0 2 
 2 0 0 0 2 0 2 0 0 2 3 0 2 3 0 0 0 0 0 0 173 243 0 419 83 108 142 201 254 496 250 45 47 151 57 397 280 144 62 191 0 3 51 3 0 0 0 0 0 0 0 0 286 0 0 0 0 0 88 94 0 3 0 0 0 52 0 0 0 0 2 0 2 3 0 43 1 3 0 0 0 0 1 0 0 0 0 0 7 0 2 0 0 0 0 0 0 0 0 0 0 11 12 13 23 7 41 0 13 12 12 50 0 34 17 22 32 17 0 12 11 0 0 0 0 0 10 7 0 0 0 0 26 0 0 0 1 0 0 0 0 0 0 16 0 0 1 0 0 0 0 0 0 0 0 0 0 0 0 0 0 0 1 0 7 1 0 0 0 41 0 0 0 0 7 0 0 0 0 0 0 14 43 0 29 17 0 1 9 0 43 14 0 14 0 13 2 24 0 0 0 0 0 0 0 0 8 0 0 0 0 0 1 0 1 0 0 0 8 0 0 0 0 0 0 0 0 0 0 0 0 0 0 0 0 0 0 0 1 0 0 0 0 0 0 0 1 0 0 0 0 0 0 0 10 2 2 0 16 0 2 0 0 0 0 0 16 0 0 22 0 0 0 0 0 0 1 0 0 0 0 0 0 0 0 7 0 0 0 0 
 2 0 0 0 211 0 0 0 2 3 2 0 0 0 0 0 2 11 0 0 258 369 419 0 214 265 291 332 148 140 152 59 76 265 254 297 117 248 297 118 0 3 0 3 0 0 0 0 0 0 1 0 1 0 62 0 0 0 93 67 0 4 0 0 0 3 0 1 0 0 2 4 55 3 0 0 1 0 0 0 0 16 0 0 0 0 0 0 0 0 0 0 0 0 0 0 0 0 0 0 0 14 14 1 22 0 12 2 50 0 12 47 2 2 38 27 32 49 0 0 9 0 0 0 0 0 9 0 0 0 0 0 20 0 0 0 15 0 0 7 0 0 0 0 0 0 1 0 0 13 12 0 0 0 0 0 0 0 0 0 0 0 0 0 2 0 0 0 0 16 0 0 0 0 7 0 1 0 0 0 26 22 78 26 0 2 0 1 0 11 28 11 0 17 0 13 8 17 0 0 2 0 0 0 0 0 14 15 0 0 0 0 0 0 0 0 0 0 33 0 0 0 0 0 0 0 0 0 0 0 0 0 0 0 0 0 0 0 0 0 0 0 0 0 0 0 0 0 0 0 0 0 0 0 14 0 4 0 0 1 1 2 0 0 0 0 0 0 0 0 0 0 0 0 0 0 0 0 0 0 0 0 0 0 0 0 19 0 0 0 
 1 0 0 4 0 0 0 0 0 3 2 5 1 1 0 4 0 0 0 2 272 27 83 214 0 245 296 82 53 103 170 235 285 39 68 71 81 301 78 33 29 66 29 3 0 2 143 0 0 0 3 0 143 31 62 211 0 0 85 88 2 2 0 0 0 6 0 0 0 0 2 0 2 3 0 0 1 0 0 0 0 0 2 0 0 0 0 2 0 0 1 0 0 0 0 0 0 0 0 0 0 0 2 0 50 0 0 0 0 18 16 0 0 0 1 0 29 0 0 0 0 8 0 0 0 0 17 9 20 0 8 0 31 11 7 9 9 0 12 67 0 0 0 0 0 6 0 1 0 0 0 0 15 14 0 0 0 0 0 0 0 0 9 0 3 1 0 0 0 22 0 0 0 0 3 0 0 0 1 0 0 27 12 1 15 9 0 0 2 1 9 9 0 0 0 11 3 3 0 0 9 13 16 0 0 0 33 12 11 7 11 22 16 13 67 11 0 9 20 32 0 0 0 0 0 0 0 0 0 0 0 0 0 0 0 0 0 0 2 0 0 0 3 0 0 0 0 0 0 0 0 0 0 0 14 2 2 79 81 2 3 3 0 0 0 0 0 0 0 0 0 0 0 0 0 0 0 0 0 0 0 34 0 0 0 0 0 0 0 0 
 0 0 2 0 0 0 2 0 1 3 2 0 0 0 0 2 1 0 0 0 35 34 108 265 245 0 20 255 255 128 143 54 37 43 129 126 81 216 66 48 62 57 0 3 0 0 63 0 0 35 0 0 122 62 0 0 0 63 63 126 0 3 0 0 0 3 0 0 0 0 7 0 2 3 34 0 0 0 6 0 0 0 0 0 0 0 0 0 0 0 0 0 0 0 0 0 0 0 0 0 0 0 13 1 7 38 0 0 0 0 13 0 0 0 0 0 8 0 0 0 0 10 11 35 0 0 9 11 70 0 0 1 32 22 18 11 1 40 61 11 0 0 0 0 0 2 0 3 0 0 0 0 2 0 0 0 0 0 0 0 2 0 0 1 4 0 0 0 0 2 0 0 0 0 2 0 0 0 0 0 0 2 0 13 10 0 0 0 0 15 13 11 0 0 0 11 25 13 0 0 13 18 0 2 1 0 13 23 17 12 10 2 22 26 0 10 5 0 13 28 0 2 0 0 0 0 0 0 0 0 0 0 0 0 0 0 0 2 0 2 0 0 0 0 0 0 0 0 0 0 0 0 0 0 3 1 0 146 75 2 9 13 0 0 0 0 0 0 0 0 0 0 0 0 0 0 0 0 0 0 0 8 0 0 0 0 0 0 0 0 
 0 0 36 66 77 43 0 0 5 0 20 0 0 0 0 0 35 0 0 0 91 252 142 291 296 20 0 546 209 527 47 37 299 62 153 183 225 38 145 28 0 3 0 3 0 0 0 2 0 0 0 0 0 0 0 2 0 0 0 0 3 0 5 0 0 0 0 0 3 2 0 0 0 35 0 0 0 2 0 0 37 1 2 23 9 36 0 0 41 8 20 2 0 0 0 0 0 10 0 0 17 29 3 9 1 0 21 22 1 44 11 12 42 21 4 0 60 38 20 13 0 0 0 2 0 0 0 0 0 0 0 0 0 0 0 0 0 0 9 0 0 0 0 0 0 0 0 0 0 0 0 0 0 15 0 0 0 0 0 0 0 0 0 0 12 16 0 0 0 21 0 20 3 0 21 0 0 0 0 5 0 0 28 13 1 0 29 21 38 14 0 0 7 14 25 29 0 7 18 48 0 0 0 0 0 0 0 0 0 0 0 0 2 0 0 0 0 2 0 0 0 0 0 0 0 0 0 0 0 0 0 0 0 0 0 0 0 0 1 0 0 0 0 0 0 0 0 0 0 74 0 0 13 0 11 0 0 0 1 1 10 1 0 0 0 0 1 0 0 0 0 0 0 0 0 11 2 0 0 0 0 0 0 0 0 0 0 0 0 0 
 0 0 0 49 76 40 3 0 3 0 36 213 1 2 0 0 1 0 0 0 182 201 201 332 82 255 546 0 212 129 122 67 484 259 158 184 131 194 226 55 0 3 0 10 0 1 0 0 0 0 0 0 0 0 0 0 1 0 75 0 0 3 0 0 0 3 0 0 0 24 3 4 2 3 0 0 2 0 0 0 0 0 7 9 22 25 0 0 19 0 0 0 0 0 0 0 0 0 0 0 0 15 10 2 0 2 0 0 7 33 13 12 40 30 10 12 19 9 0 0 0 0 0 0 0 2 0 0 0 0 0 0 0 0 13 0 0 0 0 0 0 0 0 0 0 0 0 0 0 0 0 0 0 0 0 0 0 0 0 0 0 0 0 0 18 31 2 0 0 0 0 0 0 0 0 0 0 0 0 5 12 43 24 17 10 0 17 1 6 8 10 0 40 52 41 1 0 29 0 15 8 0 0 0 0 0 0 0 0 0 0 0 0 0 0 0 0 0 12 0 0 0 0 0 0 0 0 0 0 0 0 2 0 0 0 0 0 0 0 0 0 0 0 0 0 0 0 0 0 0 0 0 0 0 14 0 0 0 0 2 2 0 0 0 0 0 20 0 0 0 0 0 0 0 0 15 0 0 0 16 0 0 0 15 0 0 0 0 0 0 
 0 0 4 0 0 0 0 0 0 2 0 0 0 0 0 0 0 0 0 0 96 53 254 148 53 255 209 212 0 179 179 111 160 247 169 130 119 281 124 144 0 3 0 3 2 4 2 0 0 0 2 1 4 0 0 0 4 2 0 3 0 3 0 0 0 5 8 0 0 0 38 6 2 3 0 0 2 2 0 0 0 0 0 0 0 0 0 0 0 0 0 0 0 0 11 0 0 0 0 0 0 11 22 0 0 0 0 9 1 41 20 31 20 13 46 13 1 13 0 12 0 0 0 0 0 0 7 0 0 0 0 13 0 0 0 0 0 0 0 0 0 0 0 0 0 0 4 0 0 0 0 0 0 0 0 0 0 0 0 0 0 0 0 0 0 0 0 0 0 0 0 0 0 0 0 0 0 0 0 4 0 21 19 0 37 31 0 27 20 7 13 1 19 29 0 0 2 21 0 0 1 0 0 0 0 0 0 0 0 0 0 0 0 0 0 0 0 0 12 0 0 0 0 0 0 0 0 0 0 0 0 0 0 0 0 0 0 0 0 0 0 0 0 0 0 0 0 0 0 0 0 0 0 0 7 1 0 0 76 2 0 0 0 0 0 0 15 0 0 0 0 0 0 0 0 0 0 0 0 11 0 0 0 0 0 0 0 0 0 0 
 1 0 0 2 212 0 4 2 2 9 2 2 2 2 1 8 1 0 1 2 52 55 496 140 103 128 527 129 179 0 108 141 267 310 304 389 156 65 299 339 0 6 0 6 0 0 0 0 0 0 0 0 73 0 0 2 0 0 66 19 1 4 0 0 0 3 0 0 1 0 2 0 2 3 0 2 1 0 2 0 0 0 2 0 0 0 0 16 0 0 1 0 0 0 0 0 0 0 0 0 0 0 19 25 1 10 2 0 0 35 34 54 0 0 16 0 0 0 0 10 16 0 0 0 0 0 13 13 0 0 0 0 0 1 0 9 0 2 25 33 6 0 0 0 0 1 0 4 0 0 0 0 0 0 0 0 0 0 0 0 0 0 2 0 6 2 0 0 0 0 0 0 0 0 0 0 0 0 0 5 0 0 0 27 2 0 0 0 34 0 11 18 0 0 0 19 27 2 0 0 0 0 0 0 0 0 5 0 0 0 0 0 5 0 0 15 0 0 24 16 0 0 0 0 0 0 0 0 0 0 0 0 0 0 0 0 0 0 2 0 0 0 0 0 0 0 0 0 0 0 0 0 0 0 8 0 4 3 3 2 15 20 0 0 0 0 12 0 0 0 0 0 0 0 0 0 2 0 0 0 0 39 0 0 0 0 0 0 0 0 
 2 0 0 0 0 0 3 0 0 1 0 0 2 73 2 0 0 2 0 0 338 261 250 152 170 143 47 122 179 108 0 70 46 108 97 433 290 62 40 114 0 3 0 3 0 0 0 0 0 0 3 0 64 1 0 0 0 0 87 0 0 2 0 0 0 4 0 0 0 0 2 0 2 3 0 0 1 0 0 0 0 0 0 0 0 0 0 0 0 0 0 0 0 0 0 0 0 0 0 0 0 0 26 10 29 0 1 4 8 41 1 18 0 0 10 0 27 27 0 0 0 0 0 0 0 0 8 0 0 0 0 0 36 0 0 0 0 0 13 0 0 0 0 0 0 0 6 0 0 0 0 0 0 0 0 0 0 0 0 0 0 2 0 0 21 0 0 0 0 1 0 0 0 0 0 2 0 0 0 0 0 9 19 28 27 24 1 0 19 30 1 0 0 0 0 0 11 8 0 27 26 0 0 0 0 0 0 0 0 0 0 0 14 0 12 0 0 0 1 0 0 0 0 0 0 0 0 0 0 0 0 0 0 0 0 0 0 0 0 0 0 0 11 0 0 0 0 0 0 0 0 0 0 0 12 0 2 3 44 4 15 0 0 0 0 0 0 0 0 0 0 0 0 0 0 0 0 0 0 0 0 0 0 0 0 0 0 0 0 0 
 3 5 3 6 3 3 8 3 4 5 3 3 5 3 3 3 3 5 3 3 128 36 45 59 235 54 37 67 111 141 70 0 30 537 239 120 92 167 263 327 0 3 2 3 0 0 70 30 30 0 0 0 62 66 126 0 0 0 74 1 0 2 0 0 0 10 0 0 0 0 8 0 2 62 0 0 2 0 0 0 0 0 0 0 0 0 0 0 0 0 0 0 0 0 0 0 0 2 0 0 0 17 0 17 52 33 10 0 0 8 31 39 0 1 10 11 0 14 0 0 0 0 20 0 0 0 25 18 9 0 9 0 10 1 0 12 29 0 0 0 0 0 0 0 0 0 5 0 0 0 0 0 0 0 0 0 0 0 0 0 2 0 0 0 0 0 2 0 0 0 0 0 0 0 0 0 0 0 0 0 0 0 21 0 31 17 0 2 0 0 10 13 1 1 0 18 10 0 0 0 15 29 9 0 0 0 45 16 0 15 0 0 9 14 31 0 0 11 36 14 0 0 0 0 0 0 0 0 0 0 0 0 0 0 0 24 0 0 0 0 0 0 9 0 0 0 0 0 0 0 0 0 0 0 12 0 3 117 1 3 4 0 0 0 0 0 0 0 0 0 0 0 0 0 0 0 0 0 0 0 0 14 0 0 0 0 0 0 0 0 
 1 0 74 231 36 147 0 0 74 3 73 0 0 0 0 35 74 75 0 0 136 111 47 76 285 37 299 484 160 267 46 30 0 86 135 122 52 25 330 126 0 3 0 4 0 2 0 6 0 0 0 0 0 0 0 0 0 0 0 0 0 4 0 0 0 3 0 0 0 0 2 0 2 3 0 0 1 0 0 0 0 0 20 10 15 56 0 0 0 39 10 14 0 0 0 0 12 0 0 0 24 0 1 3 0 0 10 17 21 14 0 0 23 55 0 1 21 16 26 9 2 2 0 0 0 0 0 0 0 0 0 2 0 0 0 0 0 0 0 0 0 0 16 0 0 0 0 0 1 0 0 0 0 0 0 0 0 0 0 0 0 0 0 0 0 22 0 0 0 0 5 7 0 0 1 0 0 0 4 0 0 0 5 10 0 0 0 30 21 72 0 0 19 10 73 31 1 16 0 31 0 0 1 0 0 0 0 0 0 0 0 0 0 0 0 0 0 0 0 0 0 0 0 0 1 2 0 0 0 0 0 0 0 0 0 0 0 9 0 0 0 0 0 0 0 0 0 0 0 38 0 0 0 0 6 0 2 0 0 2 2 0 0 0 0 0 0 0 0 0 0 0 0 0 0 14 0 0 0 0 0 0 0 0 2 0 0 0 0 0 
 0 0 0 0 0 81 0 0 7 0 0 74 1 0 0 0 0 0 0 0 571 63 151 265 39 43 62 259 247 310 108 537 86 0 114 135 127 150 89 141 0 3 0 3 0 0 0 0 0 0 0 0 0 0 0 0 0 0 0 0 0 2 0 0 0 3 0 0 0 0 4 0 8 3 0 0 2 0 0 0 0 0 0 0 0 0 0 0 0 0 0 0 0 0 0 0 0 0 0 0 19 30 14 0 0 0 14 26 51 69 9 38 14 21 24 54 88 73 0 0 0 0 0 2 0 0 0 12 0 0 0 0 0 0 0 0 0 0 0 33 0 0 0 2 0 0 27 0 0 0 0 0 0 0 0 0 0 0 2 0 0 0 0 0 0 10 0 0 0 0 0 17 0 0 0 0 0 0 0 0 55 49 67 36 16 25 14 9 9 17 9 31 9 36 0 0 27 25 24 22 0 0 0 0 0 0 0 0 0 0 0 0 2 0 0 0 0 0 0 1 0 0 0 0 0 0 0 0 0 0 0 0 2 0 0 0 0 0 0 0 0 0 0 0 0 0 0 0 0 0 0 2 0 0 7 0 2 0 0 0 4 2 0 0 0 0 0 0 0 0 0 2 0 0 0 0 2 0 0 0 0 0 0 0 0 0 19 0 0 0 
 2 1 0 35 73 110 0 0 1 2 67 0 2 2 0 0 0 0 0 0 173 183 57 254 68 129 153 158 169 304 97 239 135 114 0 173 47 33 166 68 0 3 0 3 0 0 0 76 0 0 0 0 0 0 0 0 2 0 62 5 0 4 0 0 0 3 0 0 47 0 6 0 4 3 0 0 1 0 6 0 2 0 0 3 9 13 0 0 13 9 0 0 0 0 0 1 0 0 1 1 14 18 3 0 15 8 12 10 38 25 8 7 6 8 0 2 41 29 11 16 0 0 0 0 0 0 0 0 0 0 0 0 22 0 0 0 0 0 19 0 2 0 0 0 0 0 0 0 0 0 0 0 0 0 0 0 12 0 0 0 0 0 0 0 18 18 0 0 0 0 0 0 1 0 0 2 0 0 0 2 1 8 1 21 0 1 27 10 1 23 0 14 51 10 18 0 0 0 0 38 0 0 0 0 0 0 0 0 1 0 0 0 0 0 0 0 0 0 1 0 0 0 0 0 0 0 0 0 0 0 0 0 5 0 0 0 0 0 0 0 0 0 0 0 0 0 0 0 0 0 0 0 0 0 22 1 3 1 0 0 3 0 0 0 0 0 0 0 0 0 0 0 0 0 0 11 0 0 0 0 0 0 0 0 0 0 18 0 0 0 
 0 0 0 4 0 0 3 0 4 2 0 0 2 0 0 0 0 0 0 0 53 163 397 297 71 126 183 184 130 389 433 120 122 135 173 0 179 225 44 137 0 3 207 3 0 0 0 0 0 1 0 0 63 0 0 0 0 2 0 0 0 1 0 0 0 3 0 0 0 0 9 0 2 3 0 0 2 0 0 0 0 1 1 0 0 0 0 15 0 0 0 0 0 0 0 0 0 0 0 0 0 12 47 14 0 7 13 0 32 4 24 23 40 18 9 23 10 0 0 8 0 0 0 2 0 0 0 12 0 0 0 0 0 0 14 0 0 0 20 0 0 0 0 1 0 0 0 0 0 0 0 0 0 0 0 0 0 0 2 0 0 0 0 0 4 2 0 0 0 0 0 0 0 0 0 0 0 0 0 0 0 14 16 15 35 12 0 10 23 28 21 0 0 39 0 0 19 63 11 0 0 0 0 0 0 0 5 1 0 0 0 0 11 0 0 0 0 0 12 1 0 0 0 0 0 0 0 0 0 0 0 0 1 0 0 0 0 0 0 0 0 0 0 0 0 0 0 0 0 0 0 0 0 0 15 2 1 86 78 4 4 0 0 0 0 0 0 0 0 0 0 2 0 0 0 0 2 0 0 13 0 0 0 0 0 0 0 0 0 0 
 0 0 2 0 0 75 0 0 6 0 0 0 0 74 0 78 0 0 0 0 195 144 280 117 81 81 225 131 119 156 290 92 52 127 47 179 0 381 39 50 4 3 0 3 0 2 0 0 0 0 0 0 1 0 0 0 0 0 64 1 0 1 0 0 0 3 0 0 0 0 3 0 9 3 0 2 2 0 0 0 0 0 0 4 0 8 0 0 0 0 0 0 0 0 0 0 0 0 0 0 41 24 49 7 1 3 15 50 2 36 0 13 20 20 11 1 16 19 53 6 20 0 0 0 0 0 26 1 0 0 0 0 0 0 0 1 0 0 2 10 0 0 0 0 0 0 6 1 0 0 0 0 0 0 23 0 0 0 2 0 0 0 0 0 9 12 0 0 0 0 0 0 0 0 10 0 0 0 0 0 19 9 61 83 23 20 11 7 72 71 0 5 10 32 0 0 59 25 0 31 11 0 0 0 0 0 0 0 2 0 0 0 10 0 0 0 0 0 0 0 0 0 0 0 0 0 0 0 0 0 0 0 0 15 0 0 0 0 14 0 0 0 0 0 0 0 0 0 0 0 0 0 2 0 6 0 0 1 81 0 5 0 0 0 0 21 0 0 0 0 0 0 0 0 0 0 0 0 0 0 0 0 0 0 0 0 0 0 0 0 
 0 36 2 0 76 76 0 41 5 42 0 0 0 0 2 1 0 0 0 0 109 280 144 248 301 216 38 194 281 65 62 167 25 150 33 225 381 0 94 193 0 3 0 6 0 0 0 4 1 0 0 3 83 0 0 0 0 0 65 23 4 1 0 43 0 3 0 0 2 0 8 3 2 3 0 0 2 0 0 0 0 0 0 2 0 0 0 0 0 0 0 0 0 0 0 0 0 0 0 17 11 0 19 12 13 11 0 3 18 21 14 58 9 17 11 17 24 19 0 11 1 0 0 0 0 0 19 0 0 0 0 0 11 0 0 1 3 0 15 0 2 0 0 0 0 0 6 0 0 0 0 0 0 0 0 0 0 0 0 0 0 0 0 0 4 0 0 0 0 11 0 0 0 0 7 0 0 0 0 0 0 25 40 0 51 34 0 0 26 20 36 0 12 31 0 16 0 18 0 0 16 1 1 0 0 0 33 0 2 0 0 0 0 0 0 0 0 0 18 0 0 0 0 0 0 0 0 0 0 0 0 0 0 16 0 0 0 0 0 0 0 0 0 0 0 0 0 0 0 0 0 0 0 0 9 0 0 7 2 8 1 3 0 0 0 0 0 0 0 0 0 0 0 2 0 0 0 0 0 11 0 0 0 0 0 0 0 0 0 0 
 3 3 3 79 135 109 3 3 80 83 79 78 4 3 4 75 3 31 3 5 32 136 62 297 78 66 145 226 124 299 40 263 330 89 166 44 39 94 0 183 0 3 0 3 0 0 0 6 0 0 0 0 0 0 0 201 0 1 0 0 0 3 0 0 0 3 0 0 0 0 2 0 2 3 0 0 0 2 0 0 0 0 6 21 47 47 0 0 61 10 12 28 0 0 0 0 11 19 0 0 30 11 0 1 0 0 0 35 10 0 0 0 44 20 13 9 11 14 1 27 0 0 0 0 0 0 0 0 0 0 0 0 0 0 0 0 0 0 0 0 0 0 0 0 0 0 0 0 0 0 0 0 0 0 0 0 0 0 0 0 0 0 0 17 18 19 0 0 0 12 4 14 0 0 0 18 0 11 0 0 0 27 0 0 0 0 32 33 12 1 33 0 40 23 40 33 0 16 3 1 26 0 0 0 0 0 0 0 0 0 0 0 17 0 0 0 0 0 0 0 0 0 0 0 0 0 0 0 0 0 0 0 0 0 0 0 0 0 0 0 0 0 0 0 0 0 1 0 0 160 0 0 0 0 0 0 2 0 0 0 0 0 19 0 0 0 1 0 0 0 0 0 0 0 0 14 0 0 0 20 0 0 0 0 0 0 0 0 0 0 
 0 0 0 6 54 103 1 75 75 81 0 75 2 2 2 0 0 0 0 3 136 166 191 118 33 48 28 55 144 339 114 327 126 141 68 137 50 193 183 0 0 3 0 3 0 0 0 0 2 0 0 0 0 0 0 0 0 0 0 0 0 1 0 0 0 3 0 0 0 0 3 0 2 3 0 0 2 0 0 0 0 0 0 9 23 3 0 0 27 0 1 25 0 0 0 0 0 19 0 0 12 31 0 0 0 0 13 62 11 12 8 18 18 10 31 26 0 13 0 10 0 0 0 0 0 0 0 0 0 0 0 0 0 0 0 0 0 0 0 0 0 0 0 0 14 0 8 0 0 0 0 0 0 0 0 0 0 0 0 0 0 0 0 36 18 0 0 0 0 10 0 0 0 0 0 0 0 9 0 0 13 27 8 0 12 13 14 11 16 2 34 11 19 3 0 11 1 0 19 0 1 0 0 0 0 0 0 0 0 0 0 0 0 0 0 0 0 0 0 0 0 0 0 0 56 0 0 0 0 0 0 0 0 0 0 0 0 0 0 0 0 0 0 0 0 0 14 0 0 1 0 0 0 0 0 0 0 0 0 0 0 0 24 0 0 0 0 0 0 0 0 0 0 0 0 0 0 0 0 16 0 0 0 0 0 0 0 0 0 0 
 0 1 1 0 1 0 0 0 0 0 2 3 0 0 0 0 2 0 0 0 0 0 0 0 29 62 0 0 0 0 0 0 0 0 0 0 4 0 0 0 0 421 161 56 45 27 489 118 113 145 31 88 151 93 54 104 201 99 53 45 7 2 3 2 0 2 7 2 3 21 0 2 10 8 4 0 3 1 0 4 0 0 0 0 0 0 0 0 0 0 0 0 0 0 0 0 0 0 0 0 0 0 1 0 12 0 0 0 0 0 0 0 0 0 0 0 0 0 0 0 15 12 14 17 9 0 1 25 28 2 5 0 25 26 0 10 9 9 19 8 11 0 0 0 0 9 12 8 0 0 0 0 1 6 5 0 2 0 7 10 0 0 2 0 0 0 0 0 0 0 0 0 0 0 0 0 0 0 0 0 0 0 0 0 0 0 0 0 0 0 0 18 0 0 0 0 0 0 0 0 0 0 46 10 18 1 19 16 31 17 0 22 0 0 26 23 31 0 0 14 0 0 0 0 11 0 0 4 26 0 0 0 11 2 1 0 3 0 0 2 0 0 0 0 0 0 0 0 0 0 0 11 1 0 0 0 0 34 0 0 0 0 0 69 0 35 2 0 0 0 0 0 0 2 0 0 0 0 0 0 0 18 0 0 0 15 0 0 0 0 
 18 3 2 6 2 2 6 2 8 3 9 3 10 8 66 10 5 3 4 5 4 3 3 3 66 57 3 3 3 6 3 3 3 3 3 3 3 3 3 3 421 0 89 73 29 22 230 154 265 137 22 110 78 190 70 91 42 168 51 37 0 0 0 0 0 0 0 0 0 0 0 2 0 0 11 0 1 4 0 49 0 0 9 3 0 0 1 0 0 0 7 0 0 8 1 3 0 0 0 0 0 0 0 0 12 19 0 0 0 0 0 1 0 0 0 0 0 0 0 0 29 8 1 9 0 19 1 14 47 18 0 3 9 47 13 0 2 8 12 4 0 0 9 0 0 10 0 0 22 0 0 0 9 0 0 0 0 0 0 0 0 5 2 4 0 0 15 12 3 0 0 0 1 0 0 0 0 0 0 0 0 0 0 0 0 0 0 0 0 0 0 0 0 0 0 0 0 0 0 0 0 17 2 0 10 23 6 9 91 32 10 1 0 2 8 10 0 8 0 1 0 0 0 0 0 0 0 3 0 0 0 0 0 0 0 0 0 0 15 13 0 9 59 0 0 0 0 0 0 0 0 10 0 2 1 0 0 64 0 0 0 0 0 67 0 19 2 0 2 0 0 0 0 0 0 0 0 0 0 0 0 0 0 0 0 0 0 0 0 0 
 0 0 0 2 0 0 2 0 0 0 0 0 0 2 0 0 0 0 0 0 2 0 51 0 29 0 0 0 0 0 0 2 0 0 0 207 0 0 0 0 161 89 0 95 85 17 155 94 99 113 68 34 160 327 269 148 105 128 315 118 0 2 0 0 4 58 0 0 0 19 0 7 0 0 0 0 0 0 51 52 0 0 0 0 0 0 0 0 0 0 0 0 0 0 0 0 0 0 0 0 0 0 0 0 33 0 0 0 0 0 0 15 0 0 0 0 0 0 0 0 0 86 51 0 9 4 0 0 0 27 54 8 9 23 23 16 0 0 0 11 0 0 0 8 0 0 0 0 0 0 0 0 0 9 0 0 0 3 17 0 1 0 0 0 0 0 0 0 0 0 0 0 0 0 0 0 0 0 0 0 0 0 0 0 0 8 0 0 17 0 0 0 0 0 0 0 0 0 0 0 0 0 28 29 0 10 6 18 4 0 42 13 0 74 0 10 18 21 0 20 0 0 0 0 0 0 0 11 0 14 0 0 7 0 12 0 0 0 14 45 0 0 0 0 0 0 0 0 0 0 0 2 0 0 0 0 0 0 0 11 0 0 2 0 1 1 0 0 0 0 0 0 0 0 0 0 0 0 0 0 0 0 0 0 0 0 0 0 0 0 
 0 0 0 0 0 0 0 0 3 0 0 0 0 0 0 0 0 0 0 0 5 3 3 3 3 3 3 10 3 6 3 3 4 3 3 3 3 6 3 3 56 73 95 0 215 89 78 79 82 201 141 91 71 76 50 69 69 154 83 58 50 0 0 0 51 1 25 24 2 0 0 3 52 24 0 0 0 0 50 57 0 0 0 0 0 0 0 0 9 0 0 0 0 0 0 0 0 0 0 0 0 0 0 0 0 0 0 0 0 0 0 0 0 0 0 0 0 0 0 0 0 0 0 37 36 25 0 0 0 1 10 8 0 0 0 0 0 9 0 0 0 0 14 0 0 0 25 0 0 0 0 0 0 10 14 25 17 0 29 11 0 0 0 0 0 0 0 0 0 0 0 0 0 0 0 7 0 9 0 0 0 0 0 0 0 0 0 0 0 0 0 0 0 0 0 0 0 0 0 2 0 0 0 3 25 7 0 0 0 0 34 13 0 0 0 0 0 0 0 0 6 19 0 0 0 0 23 68 0 13 0 11 7 11 16 28 8 22 35 45 0 0 0 0 0 0 0 0 0 0 0 12 0 0 0 0 0 0 0 10 0 0 1 0 0 4 0 39 0 0 0 0 0 0 0 0 0 0 0 0 0 0 0 0 0 6 0 0 0 7 
 0 0 0 0 3 0 0 0 2 6 0 0 0 0 0 0 0 0 0 0 0 0 0 0 0 0 0 0 2 0 0 0 0 0 0 0 0 0 0 0 45 29 85 215 0 42 39 114 61 80 78 53 87 76 63 81 113 41 92 136 0 0 0 0 1 1 51 54 6 0 2 3 49 31 3 53 1 8 105 52 0 0 0 0 0 0 0 0 0 0 0 0 0 0 0 0 0 0 0 0 0 0 0 0 0 0 0 0 0 0 0 0 0 0 0 0 0 0 0 0 0 0 0 17 24 22 0 0 0 1 10 3 0 7 0 0 0 0 0 0 0 12 20 0 41 0 18 10 0 0 0 5 1 15 9 24 44 26 20 0 0 1 0 1 0 0 0 0 0 0 0 0 0 0 0 0 0 7 0 0 0 0 0 0 0 0 0 0 0 0 0 0 0 0 18 0 0 0 0 0 0 0 1 1 32 6 0 4 0 0 9 13 0 0 0 0 0 0 0 0 9 20 0 0 31 0 16 11 3 13 1 10 16 23 18 45 0 16 12 27 11 0 0 0 0 0 0 0 0 0 0 8 0 1 0 0 0 0 0 0 0 0 1 0 0 0 7 1 0 0 1 0 0 0 0 3 0 0 0 0 0 0 0 0 0 0 0 0 0 0 
 0 0 0 0 0 0 0 0 5 0 0 0 0 0 0 0 0 0 2 0 0 1 0 0 2 0 0 1 4 0 0 0 2 0 0 0 2 0 0 0 27 22 17 89 42 0 18 26 42 23 88 44 242 31 58 341 66 137 102 51 49 0 0 0 6 0 53 52 72 23 210 7 53 21 16 17 0 57 62 46 0 0 0 0 0 0 0 0 0 0 0 0 0 0 0 0 0 0 0 0 0 0 0 0 0 15 0 0 0 3 0 0 0 0 0 0 0 0 0 0 0 0 0 0 39 27 0 0 0 0 0 0 0 0 0 0 0 3 0 0 2 0 48 27 0 2 16 1 36 0 0 6 8 1 1 5 9 0 2 16 0 6 0 5 0 0 0 0 0 0 0 0 0 0 0 5 0 9 0 0 0 0 0 0 0 0 0 0 0 0 0 0 0 0 0 0 0 0 0 0 0 0 0 0 12 35 0 0 0 0 0 17 0 0 0 0 0 0 0 0 35 29 11 0 0 12 11 27 11 6 9 1 0 25 0 43 0 0 19 11 12 0 0 0 0 0 0 0 0 0 0 0 0 52 0 0 0 0 0 1 0 0 0 0 1 2 1 2 6 0 0 0 0 0 0 0 0 0 0 0 0 0 0 0 0 1 0 0 0 0 
 0 0 63 0 0 0 0 0 0 0 0 0 0 0 0 0 0 0 0 0 0 0 0 0 143 63 0 0 2 0 0 70 0 0 0 0 0 0 0 0 489 230 155 78 39 18 0 171 45 105 30 30 120 45 71 34 47 38 367 115 0 2 0 0 0 16 2 1 0 0 0 2 0 0 0 0 0 0 0 0 0 0 0 0 0 0 0 0 0 0 0 0 0 0 0 0 0 0 0 0 0 0 0 18 30 0 0 0 0 0 0 0 0 0 0 0 0 0 8 0 0 35 8 0 10 0 10 4 9 22 27 14 41 24 17 1 21 16 26 21 0 0 0 0 0 3 3 1 0 0 0 0 0 0 0 0 0 0 0 6 0 0 15 0 0 0 0 0 0 0 0 0 0 0 0 0 0 0 0 0 0 11 0 0 0 3 0 0 0 0 0 1 0 0 0 0 0 0 0 0 10 10 19 7 0 0 23 8 23 19 7 0 2 51 33 4 13 21 18 25 0 0 0 0 0 0 0 0 0 0 0 0 0 0 0 0 0 0 0 0 0 0 0 0 0 0 0 0 0 0 0 14 0 0 0 0 0 2 0 0 0 0 0 1 0 8 2 0 2 0 0 0 0 0 0 0 0 0 0 0 0 0 0 0 9 0 0 0 0 0 
 4 0 0 4 0 0 0 0 0 2 5 0 0 0 0 0 3 0 0 0 0 0 0 0 0 0 2 0 0 0 0 30 6 0 76 0 0 4 6 0 118 154 94 79 114 26 171 0 186 38 37 50 129 280 170 102 39 40 62 54 8 3 0 0 2 1 1 1 0 8 0 0 0 3 0 0 12 3 8 24 0 0 0 0 0 0 0 0 0 0 0 0 0 0 0 0 0 0 0 0 0 0 0 0 1 3 0 0 0 0 0 0 0 0 0 0 0 0 0 0 0 6 50 14 1 0 1 3 13 11 15 5 0 0 18 35 34 17 0 0 8 0 0 2 0 0 4 3 0 0 1 0 19 1 4 0 12 0 24 0 0 0 0 0 0 0 6 0 0 1 0 0 0 0 1 0 0 0 0 0 0 0 0 0 0 11 0 0 0 0 0 0 0 0 0 1 0 0 0 0 0 11 0 0 7 10 1 8 0 13 9 8 10 11 23 37 30 51 18 0 16 0 0 0 0 0 5 6 0 0 0 0 41 10 10 0 3 0 24 32 0 0 0 0 0 0 0 0 0 0 0 0 0 1 0 0 0 0 0 6 0 0 0 0 47 2 2 0 0 0 0 0 0 0 0 0 0 0 0 0 0 0 2 0 9 0 0 0 0 0 
 3 3 3 6 3 3 3 3 8 3 3 3 3 3 3 3 3 3 3 3 3 0 0 0 0 0 0 0 0 0 0 30 0 0 0 0 0 1 0 2 113 265 99 82 61 42 45 186 0 123 128 35 175 278 357 209 111 120 88 66 0 0 0 0 4 0 0 0 2 30 0 7 0 0 1 0 0 0 0 2 0 0 0 0 0 0 0 0 0 0 0 0 0 0 0 0 0 0 0 0 0 0 0 0 1 3 0 0 0 0 0 0 0 0 0 0 0 0 0 0 52 23 58 13 9 0 1 2 22 66 0 0 0 0 2 47 19 0 0 0 7 0 0 14 33 0 0 0 0 0 6 0 0 1 2 0 0 3 11 0 0 0 0 0 0 0 6 0 0 1 0 0 0 0 1 0 0 0 0 0 0 0 0 0 24 30 0 0 0 0 0 0 0 0 0 1 0 0 0 0 0 3 34 19 5 10 0 9 11 13 1 45 16 0 0 13 13 0 18 0 0 0 0 0 0 0 0 0 0 13 0 0 10 0 0 0 0 0 0 19 0 0 0 0 0 0 0 0 0 0 0 4 0 1 0 0 0 0 0 35 0 0 65 0 1 0 0 0 0 0 18 0 0 0 0 0 0 0 0 0 0 0 0 0 0 0 0 0 0 0 
 0 0 0 3 0 0 2 0 5 0 0 0 0 0 0 0 56 0 0 0 3 0 0 0 0 35 0 0 0 0 0 0 0 0 0 1 0 0 0 0 145 137 113 201 80 23 105 38 123 0 257 106 67 80 291 213 145 216 70 77 0 0 0 1 48 0 4 0 0 0 0 0 0 0 0 0 4 0 3 0 0 0 0 0 0 0 0 0 0 0 7 0 0 0 0 0 0 0 0 0 0 0 0 0 0 0 0 0 0 0 0 4 0 0 0 0 0 0 0 0 0 0 0 20 0 0 0 0 10 10 0 0 0 17 0 24 0 3 22 1 0 0 4 0 0 0 6 11 1 0 0 0 0 0 16 6 4 0 4 16 0 1 4 0 0 0 0 0 0 0 0 0 0 0 0 0 0 0 0 0 0 0 0 14 0 0 0 0 0 0 0 0 0 0 0 46 0 0 0 0 0 0 39 38 15 7 0 23 38 24 11 8 0 7 0 0 9 0 0 0 0 0 0 0 0 0 0 0 0 0 0 0 0 0 19 0 3 0 0 34 1 0 0 0 0 0 0 0 0 0 0 17 0 0 0 0 0 0 0 13 0 0 63 37 2 56 0 74 2 0 9 0 0 0 0 0 0 0 0 0 0 0 0 0 18 3 0 0 0 0 
 1 2 7 0 0 0 1 0 2 10 0 1 0 0 62 0 86 0 0 0 0 0 0 1 3 0 0 0 2 0 3 0 0 0 0 0 0 0 0 0 31 22 68 141 78 88 30 37 128 257 0 184 44 49 70 200 124 292 55 66 53 0 0 0 51 0 54 0 0 0 0 0 0 0 0 0 5 0 0 51 4 18 0 0 0 0 0 19 4 0 0 16 0 0 0 0 0 22 0 0 0 0 12 0 1 0 0 0 0 8 0 0 0 1 0 0 1 0 0 0 0 0 1 16 16 16 15 1 0 1 0 0 0 0 0 15 11 10 0 0 8 0 8 10 0 0 0 0 20 0 6 0 14 0 0 0 2 0 9 0 0 9 0 4 0 0 0 0 28 0 0 0 18 0 0 5 20 0 0 0 0 0 0 0 4 6 0 0 6 0 2 0 0 0 0 0 0 0 4 0 0 0 19 10 22 15 0 0 0 16 2 14 0 1 1 0 25 0 0 0 78 3 0 0 0 0 0 15 0 0 0 0 3 0 5 19 8 0 21 0 0 0 3 0 0 0 0 0 0 0 6 10 0 0 0 0 0 0 14 12 0 0 9 0 0 0 0 0 0 2 23 0 0 0 0 0 0 0 0 0 0 0 0 0 15 8 0 0 0 0 
 0 0 0 0 0 0 0 0 0 0 0 0 2 0 0 0 1 0 0 0 0 0 0 0 0 0 0 0 1 0 0 0 0 0 0 0 0 3 0 0 88 110 34 91 53 44 30 50 35 106 184 0 25 99 33 186 91 97 79 32 0 0 6 0 0 0 0 8 7 0 0 0 6 0 11 0 0 8 0 1 0 0 0 0 0 0 0 0 0 0 0 0 0 0 0 0 0 0 0 0 0 0 0 0 0 0 0 0 0 0 0 0 0 12 0 0 0 15 0 0 11 0 12 19 0 14 0 13 8 38 56 17 0 12 21 11 0 12 0 0 0 5 5 0 6 4 0 5 2 0 0 6 12 0 0 3 4 0 14 7 0 2 4 4 0 0 0 0 0 0 0 0 0 0 0 0 0 0 0 0 0 0 0 0 0 0 0 0 0 0 0 0 0 0 0 0 0 0 0 5 0 10 28 19 34 14 0 22 11 0 60 9 0 0 0 11 59 13 0 8 0 0 0 7 7 0 16 0 0 11 6 0 10 15 0 0 0 13 22 36 0 0 11 0 0 0 0 0 0 0 0 2 0 0 0 0 0 0 0 15 0 0 66 7 38 11 3 0 0 0 20 0 0 0 0 2 0 0 0 0 0 0 0 0 24 0 0 0 0 0 
 2 0 3 0 0 0 2 0 0 0 0 0 47 0 0 0 0 0 0 0 0 0 286 1 143 122 0 0 4 73 64 62 0 0 0 63 1 83 0 0 151 78 160 71 87 242 120 129 175 67 44 25 0 171 82 41 109 105 237 203 0 0 0 0 0 0 0 0 0 0 5 0 0 0 0 0 0 0 0 0 0 0 0 0 0 0 0 0 0 0 0 0 0 0 0 0 0 0 1 0 0 0 30 11 16 25 0 0 0 0 12 0 0 0 0 0 13 0 0 0 0 19 0 0 0 0 18 3 26 0 0 0 3 13 0 3 10 1 25 10 0 0 0 0 0 5 0 4 0 0 0 0 0 0 0 0 0 0 0 0 0 10 0 0 44 0 0 0 0 31 0 0 0 0 15 0 0 0 1 0 0 0 39 17 9 0 22 0 5 14 16 3 0 0 0 12 46 19 0 0 0 0 30 33 0 0 27 9 0 10 0 20 36 0 0 9 0 0 40 14 0 0 0 0 0 0 0 0 0 0 0 0 0 0 0 0 0 1 0 0 0 0 0 0 0 0 0 0 0 0 0 0 0 0 0 0 0 85 71 0 1 19 0 0 0 3 0 0 1 0 0 0 0 0 0 0 0 0 0 0 0 21 0 0 1 0 0 0 1 0 
 0 2 0 3 0 0 3 2 0 0 0 0 0 0 0 0 0 0 0 3 202 0 0 0 31 62 0 0 0 0 1 66 0 0 0 0 0 0 0 0 93 190 327 76 76 31 45 280 278 80 49 99 171 0 88 71 115 254 80 124 1 6 2 1 0 0 0 0 0 5 0 0 3 1 8 0 6 2 4 4 0 0 0 14 0 0 0 0 0 0 0 41 0 52 0 0 0 0 0 24 12 8 0 0 9 8 0 0 0 0 0 0 0 0 0 0 0 0 0 0 10 28 32 14 6 0 0 16 29 4 0 0 18 12 11 34 0 10 14 12 28 0 0 0 0 14 1 13 0 0 0 0 0 0 2 0 0 0 14 0 0 0 0 0 0 0 5 0 0 0 0 0 0 0 0 0 0 0 0 0 0 0 0 0 0 2 0 0 0 0 0 8 0 0 0 0 0 0 0 0 0 7 19 12 1 22 20 0 39 51 0 18 0 0 16 37 20 25 0 14 48 48 0 0 0 0 13 1 0 0 0 0 26 0 0 0 1 0 20 7 0 2 0 0 0 0 0 0 2 26 0 2 0 0 0 0 0 33 0 18 0 0 0 0 68 81 0 0 0 0 0 0 0 1 0 0 0 0 0 0 0 18 5 0 1 0 0 0 0 0 
 0 0 0 0 0 0 0 0 0 0 0 0 0 0 0 0 0 0 0 0 1 0 0 62 62 0 0 0 0 0 0 126 0 0 0 0 0 0 0 0 54 70 269 50 63 58 71 170 357 291 70 33 82 88 0 150 141 140 80 93 0 0 0 0 54 5 52 0 0 0 0 6 0 0 0 0 0 0 0 0 0 0 0 0 0 0 0 0 0 0 0 0 0 0 0 0 0 0 0 0 0 0 0 10 10 7 0 0 0 0 0 0 0 0 0 0 0 0 0 5 0 40 12 0 0 0 36 14 16 0 7 13 12 11 2 1 13 13 1 0 0 0 0 12 0 0 0 0 0 0 6 0 0 0 0 0 0 0 0 0 0 0 0 0 0 0 0 0 0 0 0 0 0 0 0 0 0 0 0 0 0 0 10 0 0 11 0 0 0 0 0 0 0 0 0 0 0 0 0 0 0 19 20 10 0 2 9 21 0 20 1 6 23 15 0 13 0 20 12 0 0 0 0 0 0 14 0 0 0 0 0 0 0 0 0 0 0 0 0 0 0 0 0 0 0 0 0 0 0 0 0 0 0 0 0 0 0 0 1 0 0 0 1 0 1 0 2 0 0 0 0 0 0 0 0 0 10 0 0 0 0 0 0 0 0 15 0 0 0 0 
 0 0 0 1 0 0 0 0 0 1 0 0 0 0 0 0 0 0 0 1 2 0 0 0 211 0 2 0 0 2 0 0 0 0 0 0 0 0 201 0 104 91 148 69 81 341 34 102 209 213 200 186 41 71 150 0 156 218 21 64 72 207 0 0 5 1 0 16 0 0 0 12 0 0 4 0 0 0 0 23 0 0 0 0 0 0 0 0 0 0 0 0 0 0 0 0 0 0 0 0 0 0 0 0 0 0 0 18 0 0 0 0 15 0 0 0 0 0 0 0 9 0 9 17 0 27 0 9 6 12 1 0 0 18 11 9 1 11 0 0 0 0 8 6 0 5 1 10 5 0 2 0 8 0 0 0 5 0 18 0 0 4 0 3 13 0 0 0 0 0 0 0 0 0 0 3 0 0 0 0 0 0 0 0 0 0 0 0 0 0 0 0 0 0 0 0 0 0 14 0 0 14 25 32 19 18 0 0 9 0 11 1 0 0 0 0 7 4 0 0 0 10 0 0 0 0 11 9 0 0 0 0 0 0 0 0 0 0 29 30 0 0 8 0 0 0 0 0 0 0 0 6 0 0 0 0 0 0 0 1 0 0 40 1 84 2 2 0 0 0 12 0 0 0 0 0 0 0 0 0 0 0 0 0 11 0 0 0 0 0 
 0 2 0 2 0 0 3 0 2 0 0 0 0 0 0 0 0 0 0 2 0 0 0 0 0 0 0 1 4 0 0 0 0 0 2 0 0 0 0 0 201 42 105 69 113 66 47 39 111 145 124 91 109 115 141 156 0 181 60 50 3 18 15 0 58 0 49 0 0 0 0 0 0 3 0 0 3 2 50 87 0 0 0 0 0 0 0 0 0 0 0 0 0 0 0 0 0 0 0 0 0 0 0 0 0 0 0 0 0 0 0 0 0 0 0 0 0 0 0 0 0 32 17 1 8 1 0 0 2 25 67 0 0 52 8 45 10 12 0 34 0 0 8 0 0 8 5 2 0 0 0 0 15 4 2 0 10 0 22 12 8 0 0 0 0 0 0 0 0 0 0 0 0 0 0 0 0 0 0 0 0 8 0 0 0 0 0 0 0 0 0 0 0 0 0 0 0 0 0 0 0 0 25 20 4 11 0 0 0 21 30 14 0 0 24 0 15 0 0 0 10 0 0 1 0 0 1 33 0 13 0 0 28 10 26 0 26 0 19 23 0 0 0 0 0 0 0 0 0 0 0 0 0 0 0 0 0 0 0 0 0 0 2 0 0 7 2 0 0 0 0 0 0 0 0 0 0 0 0 0 0 0 0 0 0 23 0 0 0 0 
 0 0 0 2 0 0 3 0 1 3 0 0 0 2 0 2 0 0 0 2 0 0 0 0 0 63 0 0 2 0 0 0 0 0 0 2 0 0 1 0 99 168 128 154 41 137 38 40 120 216 292 97 105 254 140 218 181 0 248 27 53 0 0 0 22 0 3 0 0 0 0 0 0 0 52 0 3 0 0 72 0 0 31 0 0 0 0 0 0 0 0 0 0 0 0 0 0 0 0 0 0 0 0 0 0 0 0 0 0 0 0 12 0 0 0 0 0 0 18 0 0 19 0 39 1 31 0 0 3 11 0 0 0 12 0 11 1 14 13 0 0 0 7 8 0 0 9 2 21 0 0 0 5 0 7 10 6 0 9 10 0 16 1 4 0 0 0 0 0 0 0 0 0 0 0 11 0 0 2 0 0 0 0 0 0 0 0 0 0 0 0 0 0 0 0 0 0 0 0 0 0 0 36 27 18 14 0 13 19 15 17 29 0 8 0 0 12 0 0 1 1 10 0 0 0 0 0 15 0 0 0 0 0 0 14 15 8 8 24 20 0 0 0 0 0 0 0 0 0 0 0 4 0 0 0 0 15 0 0 11 0 0 68 1 2 1 3 62 0 0 34 0 0 15 0 0 0 0 0 0 0 0 0 0 7 9 0 0 0 0 
 0 0 0 0 0 1 0 0 0 0 1 62 0 5 0 0 0 0 0 0 62 62 88 93 85 63 0 75 0 66 87 74 0 0 62 0 64 65 0 0 53 51 315 83 92 102 367 62 88 70 55 79 237 80 80 21 60 248 0 264 0 0 0 0 0 8 0 4 0 0 51 0 0 0 0 2 0 0 0 0 0 0 0 0 0 0 0 0 0 0 0 0 0 0 0 0 0 0 0 0 0 0 16 10 96 7 0 0 13 1 21 0 0 0 0 0 10 0 0 0 34 12 0 0 0 0 28 2 0 0 16 14 43 0 0 7 7 12 1 0 0 0 0 0 0 1 1 0 0 0 0 0 0 0 0 0 0 1 0 0 0 0 0 0 4 0 0 0 0 15 0 0 16 0 54 0 0 0 0 0 0 10 24 9 2 13 0 1 0 12 8 0 0 0 0 13 10 3 0 0 30 0 10 0 0 0 18 1 0 12 0 0 14 6 0 0 0 15 15 1 0 0 0 0 0 0 0 0 0 0 0 0 0 0 0 0 0 0 0 0 0 0 0 0 0 0 0 0 0 0 0 8 0 2 0 0 0 0 6 0 1 9 0 0 2 1 2 0 0 0 0 0 0 0 0 0 0 0 0 0 0 0 0 0 0 1 0 0 0 0 
 0 0 0 0 0 0 0 0 0 41 0 0 0 0 0 0 0 0 0 0 0 63 94 67 88 126 0 0 3 19 0 1 0 0 5 0 1 23 0 0 45 37 118 58 136 51 115 54 66 77 66 32 203 124 93 64 50 27 264 0 2 66 0 0 0 4 0 0 0 0 0 0 0 2 0 0 0 0 4 0 0 0 0 0 0 0 0 10 0 0 0 0 0 0 0 0 0 0 0 0 0 0 17 5 4 11 0 0 0 0 6 11 0 0 13 0 14 0 0 0 25 10 0 0 0 47 25 19 1 11 10 0 16 10 9 21 2 0 18 10 6 0 0 0 0 2 1 10 0 0 0 0 0 0 2 0 0 0 2 0 0 0 0 0 4 0 0 0 0 7 0 0 0 0 5 0 0 0 0 0 0 0 17 18 0 11 0 0 0 0 72 15 0 7 0 4 19 0 0 0 0 2 20 0 2 6 32 10 0 0 7 1 7 0 0 7 0 38 20 57 0 7 0 0 0 0 0 2 0 0 0 0 4 0 0 1 1 0 9 0 0 0 11 0 6 0 0 0 0 0 0 4 0 1 0 0 0 6 0 0 0 19 0 0 0 1 0 0 0 0 0 0 0 0 0 0 0 0 0 0 0 19 4 0 0 8 0 0 0 0 
 2 2 2 4 2 2 2 2 3 2 30 2 2 2 2 2 2 2 2 2 0 0 0 0 2 0 3 0 0 1 0 0 0 0 0 0 0 4 0 0 7 0 0 50 0 49 0 8 0 0 53 0 0 1 0 72 3 53 0 2 0 124 82 49 80 257 273 97 163 41 38 42 57 91 63 46 297 68 43 96 0 0 0 0 0 0 0 0 0 0 0 0 0 0 0 0 0 5 0 0 0 0 0 0 0 0 0 0 0 0 0 0 20 0 0 0 0 0 0 0 0 0 0 0 8 11 0 0 0 0 20 0 0 0 0 0 0 0 0 0 11 15 6 0 0 0 21 1 41 0 7 23 7 6 48 10 0 0 7 1 0 3 0 1 0 0 0 0 0 0 0 0 0 18 0 4 0 0 0 0 0 0 0 0 0 0 0 0 0 0 0 0 0 0 0 0 0 0 16 0 0 0 1 0 5 8 0 0 0 0 0 8 0 0 0 0 0 0 0 0 26 11 0 0 1 15 0 11 9 0 0 0 0 21 26 26 43 0 4 0 0 0 0 12 0 0 0 0 0 0 0 0 0 1 6 0 19 0 0 0 0 0 17 0 0 0 0 0 0 0 2 0 0 0 0 0 0 0 0 0 0 0 0 0 0 2 0 0 0 0 
