 0 265 229 61 142 48 102 100 174 115 110 32 46 248 73 124 56 329 60 38 0 0 35 0 0 0 0 0 0 2 1 0 2 0 0 0 0 0 0 0 3 0 2 0 0 0 0 0 0 0 0 0 0 0 0 0 0 3 0 6 0 0 0 0 1 0 0 0 0 0 3 2 0 0 2 0 3 0 0 0 19 21 6 13 47 8 10 2 0 45 12 0 13 0 50 3 39 31 13 1 0 0 0 0 0 0 0 0 0 0 0 0 0 0 0 0 0 0 0 13 0 0 2 0 0 0 0 0 0 0 0 0 1 0 0 0 0 0 0 0 0 0 0 0 0 2 0 0 0 0 0 0 1 0 0 0 0 0 0 0 1 19 40 15 14 0 29 0 15 11 0 0 0 0 16 7 33 0 1 7 1 0 0 0 0 0 1 0 0 0 0 0 0 0 1 0 0 0 0 0 0 0 0 0 0 0 0 0 0 0 0 2 2 0 0 0 0 1 0 0 0 0 0 0 0 0 0 0 0 7 0 13 1 0 0 0 2 0 0 0 0 21 0 0 0 0 0 0 0 2 0 7 0 0 0 0 0 0 0 0 0 0 0 0 0 0 0 0 0 0 0 0 0 0 0 1 0 0 0 0 0 0 0 0 0 0 0 0 0 0 
 265 0 439 266 136 217 112 490 413 163 204 123 141 70 384 482 484 89 41 474 0 1 0 2 0 206 0 206 0 0 2 0 79 208 0 0 1 0 156 0 3 0 2 0 0 0 0 0 0 0 0 0 7 0 0 0 1 3 0 2 1 0 0 0 0 0 2 3 0 0 6 2 0 0 2 0 2 0 0 0 0 18 0 12 29 13 0 18 15 0 38 40 10 0 0 20 0 41 0 0 0 0 0 0 0 0 44 0 0 0 0 0 16 0 1 0 0 0 11 14 0 0 1 0 0 0 0 0 0 0 0 0 2 0 15 0 0 0 0 0 0 0 0 0 0 0 0 0 0 0 0 0 0 0 1 0 0 0 0 0 0 2 1 7 0 0 0 37 14 0 10 1 0 0 1 21 12 16 0 0 17 0 0 0 0 0 47 0 0 0 0 0 0 47 0 10 0 0 0 16 0 0 2 44 0 0 0 0 0 0 0 0 1 0 0 0 0 0 0 0 0 0 0 0 0 0 0 0 0 0 0 0 0 2 0 0 0 0 11 0 0 0 1 0 0 1 0 0 3 1 0 9 10 0 0 0 0 0 0 0 0 0 1 0 0 0 0 0 0 0 0 0 0 0 0 0 0 0 0 0 0 0 0 0 0 0 0 0 0 0 
 229 439 0 107 92 212 90 98 80 49 82 23 67 306 121 217 200 335 158 129 0 0 0 1 0 0 1 0 0 0 0 1 33 0 0 0 0 0 77 0 3 0 2 0 3 82 0 0 3 0 0 0 0 0 0 0 1 3 0 8 0 0 0 0 1 0 2 0 0 0 3 2 0 0 2 4 3 0 0 0 0 21 0 18 9 20 0 22 17 11 43 14 0 32 0 42 16 32 0 0 0 0 1 1 0 0 10 0 0 0 0 0 18 1 0 0 1 0 14 13 0 0 0 0 0 0 0 0 0 0 0 0 0 2 0 0 0 0 0 0 0 0 0 0 0 0 0 0 0 0 0 0 0 0 10 0 0 0 0 0 0 12 0 26 29 0 17 23 13 10 5 0 0 0 10 11 25 12 0 12 25 0 0 0 0 0 11 0 1 0 0 0 0 19 0 4 0 0 5 13 0 0 0 0 0 0 9 0 0 2 4 0 0 0 0 0 0 0 0 0 0 0 0 0 0 0 0 0 0 0 0 0 0 0 0 0 0 0 0 0 0 15 0 0 0 4 0 0 92 0 11 6 24 0 0 0 0 0 0 0 0 0 0 0 0 0 0 0 0 0 0 0 0 0 1 1 19 0 0 0 0 0 0 0 0 0 0 0 0 0 
 61 266 107 0 177 127 106 170 72 621 128 232 60 287 140 39 271 316 78 136 68 75 23 1 0 1 77 0 0 0 61 2 101 5 1 0 0 0 225 1 63 2 0 0 63 30 0 0 0 0 0 0 0 0 0 0 0 0 2 0 0 0 0 0 0 0 1 0 0 0 0 0 3 7 0 0 0 0 36 0 0 0 0 0 15 0 0 15 1 18 9 33 0 0 10 0 0 4 0 0 0 17 0 0 0 0 36 27 10 0 0 0 14 13 26 0 1 0 84 14 0 0 0 0 0 0 0 0 0 0 0 0 0 0 0 0 0 4 0 0 0 0 3 7 0 0 0 0 0 0 0 0 1 0 0 10 0 0 9 10 0 0 2 11 27 3 0 11 0 0 43 28 0 0 0 1 0 0 31 0 9 10 0 0 0 0 51 0 0 2 0 0 16 16 1 49 37 25 11 22 2 0 15 0 0 19 0 0 0 0 0 0 0 0 0 0 0 2 0 0 0 0 0 0 0 0 0 0 0 0 0 0 0 0 0 0 2 0 0 0 0 0 0 0 0 2 0 0 93 0 11 32 0 0 0 0 0 0 0 0 0 0 9 0 0 0 0 0 0 0 0 0 0 0 0 0 0 14 0 0 0 0 0 0 0 0 0 0 0 0 
 142 136 92 177 0 245 50 295 300 186 179 139 89 54 379 247 51 123 61 142 0 0 77 0 3 3 0 75 77 4 3 5 2 0 0 0 3 3 135 0 0 3 0 0 0 4 0 0 0 2 0 0 0 0 0 0 0 2 2 0 0 49 0 1 0 2 2 0 2 0 0 1 3 7 0 4 0 0 0 0 17 14 0 0 1 6 0 0 0 0 14 32 21 16 10 14 0 0 36 9 0 10 0 0 0 0 29 0 0 0 0 0 14 0 1 0 0 0 0 20 0 1 0 0 0 0 0 0 0 0 0 0 0 0 0 1 0 0 0 0 0 0 0 0 0 0 0 0 0 0 0 0 0 0 0 0 2 1 0 0 14 10 5 15 0 11 0 0 0 0 9 11 0 0 34 10 10 0 0 12 24 0 0 0 0 2 55 0 0 0 0 0 3 3 0 0 0 0 0 0 0 0 0 0 0 0 0 0 0 16 0 0 0 0 0 0 0 0 0 0 0 0 1 0 0 0 0 0 0 0 0 0 0 0 0 0 0 0 0 0 0 0 0 0 0 4 1 0 2 0 0 10 0 0 0 0 0 0 0 0 0 0 9 0 0 0 0 0 0 0 0 0 51 0 0 0 0 0 0 0 0 0 0 0 0 2 0 0 0 13 
 48 217 212 127 245 0 71 132 165 195 337 233 244 58 148 80 352 347 46 33 0 0 0 1 0 0 0 1 0 0 212 9 319 2 0 0 74 0 210 72 3 0 2 0 0 0 0 11 0 0 0 0 0 0 0 0 1 3 0 2 0 0 0 0 1 0 1 0 0 0 17 2 0 0 2 1 3 0 0 0 15 22 0 6 18 21 0 0 0 0 35 10 0 0 44 1 0 21 0 8 0 0 0 0 0 0 0 14 0 0 0 0 30 1 14 0 0 0 0 24 0 0 0 0 0 0 0 0 0 0 0 0 0 0 8 2 44 0 0 0 0 0 0 0 0 0 0 0 0 0 0 0 0 0 0 0 1 0 0 0 0 0 36 64 7 0 0 9 27 0 8 11 0 0 9 1 13 10 0 0 18 0 14 0 4 0 25 14 0 0 0 0 32 34 0 0 14 0 0 42 0 0 0 0 0 0 20 0 0 0 0 0 0 0 0 0 0 0 0 0 0 0 2 0 0 24 0 0 0 0 0 0 0 0 0 0 0 0 0 0 0 0 0 0 0 0 0 1 2 85 0 17 32 0 0 0 0 0 0 0 0 0 11 0 0 0 0 0 0 0 0 0 0 0 0 0 10 0 0 0 0 0 0 0 0 0 0 0 0 0 
 102 112 90 106 50 71 0 116 149 57 37 54 65 88 130 250 148 46 326 234 1 0 4 0 2 0 37 0 0 0 73 0 1 0 0 0 207 203 1 2 5 6 7 0 0 7 65 0 0 2 0 2 2 3 5 0 1 6 1 2 4 0 0 0 0 0 0 3 0 0 3 8 0 0 5 0 6 6 0 0 36 0 0 23 0 0 4 29 32 0 0 0 19 16 27 12 0 0 10 17 0 0 0 0 0 13 0 0 9 0 0 0 0 0 0 0 0 0 0 0 0 0 0 0 0 0 0 0 0 0 0 0 0 0 0 0 0 0 0 0 0 3 0 0 0 2 0 0 0 0 0 0 0 0 0 10 0 0 0 0 26 8 1 0 0 0 0 0 14 8 0 0 15 10 14 0 0 10 8 1 0 0 0 0 0 0 0 0 0 0 0 0 0 0 1 0 1 0 0 0 2 0 0 0 0 0 0 0 0 0 0 0 0 0 0 0 0 2 0 0 0 0 0 0 0 0 0 0 0 0 0 0 0 0 0 0 2 0 0 0 0 0 0 0 0 4 88 2 1 1 0 17 0 0 0 0 0 0 0 0 0 1 0 0 0 0 0 0 0 0 0 1 0 0 0 0 0 0 0 0 0 0 0 0 0 0 0 0 0 0 
 100 490 98 170 295 132 116 0 258 173 414 60 83 107 704 196 238 267 228 54 0 0 0 0 1 0 0 0 0 0 0 0 45 0 0 0 0 0 74 2 3 0 2 0 0 0 0 0 0 0 0 0 5 0 0 0 0 3 0 2 0 0 0 0 2 5 0 0 0 0 3 2 0 0 2 0 3 0 0 0 12 23 3 15 13 14 10 23 15 14 24 21 33 19 26 9 0 0 11 0 13 0 0 0 2 0 40 0 0 0 0 0 13 0 17 0 0 0 0 16 0 0 0 0 0 0 0 0 0 0 0 2 0 0 0 0 0 0 0 0 0 4 2 0 0 0 1 0 0 0 0 1 0 0 0 0 0 0 1 0 15 17 10 16 0 0 10 16 28 10 0 0 1 0 10 18 0 11 12 17 3 0 0 0 0 0 41 0 0 0 0 6 0 0 0 0 0 0 0 10 0 0 0 14 0 0 2 0 0 12 0 0 0 15 0 1 0 0 1 0 0 0 0 0 0 0 0 0 0 0 0 0 0 0 2 0 0 0 0 0 0 0 0 0 0 2 88 0 2 1 0 9 0 0 0 0 0 0 0 0 0 0 0 0 0 0 0 0 0 0 0 0 0 0 0 0 12 0 0 0 0 0 0 0 0 0 0 0 0 0 
 174 413 80 72 300 165 149 258 0 113 125 236 438 256 233 223 135 77 229 162 2 1 0 3 1 0 2 0 0 0 0 0 4 0 2 2 2 0 82 1 3 0 2 0 0 0 0 52 0 3 0 0 7 0 3 0 1 3 0 2 1 0 0 0 1 0 2 3 0 0 6 4 0 0 4 0 4 2 0 0 34 15 10 35 29 14 9 20 9 16 0 14 14 26 24 0 16 0 24 0 0 0 0 0 0 0 15 0 0 41 2 0 16 0 0 0 0 0 19 1 0 0 0 2 0 0 0 0 0 0 0 0 0 0 0 0 0 16 0 0 0 4 0 0 0 0 3 0 0 0 0 8 0 0 0 0 0 0 0 0 0 12 0 14 28 0 12 29 0 6 0 0 0 0 0 39 31 7 0 0 0 0 0 0 0 0 26 0 0 0 2 2 0 0 0 0 0 0 0 14 0 0 14 12 0 0 0 0 0 0 0 0 0 0 0 0 0 0 0 0 0 2 0 2 0 0 9 0 0 0 20 0 2 0 0 0 0 0 0 0 0 0 0 0 0 0 47 0 0 0 0 5 1 20 0 0 0 0 0 0 0 0 0 0 0 0 0 0 0 2 0 0 0 0 0 10 18 0 0 0 0 0 0 0 0 0 0 0 0 0 
 115 163 49 621 186 195 57 173 113 0 407 37 249 444 191 266 112 38 179 68 0 0 0 1 0 1 5 0 0 0 73 2 3 0 0 2 2 0 74 0 5 63 2 0 0 3 3 0 0 2 0 0 5 0 0 0 0 3 3 2 0 0 0 0 0 0 1 1 0 3 3 2 0 6 2 0 3 0 0 0 1 52 0 0 13 11 0 17 7 14 50 46 0 7 21 33 27 32 0 0 0 18 0 0 0 0 48 0 0 0 0 0 0 1 1 0 0 0 0 30 0 2 0 0 0 0 0 2 0 0 0 0 0 0 1 0 0 0 0 0 0 0 0 0 0 0 0 0 0 0 0 0 0 0 0 0 0 0 0 0 0 9 9 51 0 10 0 13 8 0 1 0 0 0 14 26 10 0 0 0 53 2 0 0 0 0 39 0 0 0 0 5 0 2 0 0 0 0 0 19 0 0 0 16 0 10 0 0 0 0 0 0 0 0 0 0 67 0 0 0 0 0 0 0 0 1 0 0 0 0 0 0 0 0 0 0 0 0 0 2 0 0 0 0 0 0 0 2 2 0 0 5 0 0 0 0 0 0 0 0 0 0 1 0 0 0 0 0 0 0 0 0 0 0 0 0 23 0 0 0 0 0 0 0 0 0 0 0 0 0 
 110 204 82 128 179 337 37 414 125 407 0 455 28 323 277 231 478 264 26 49 74 0 0 0 0 0 0 1 0 0 2 0 75 2 0 0 0 0 75 0 3 0 2 0 0 0 0 0 0 0 0 0 9 0 0 0 0 3 0 2 0 2 0 0 0 0 0 1 5 3 6 2 0 4 2 0 3 0 0 0 0 42 0 36 31 22 0 20 0 0 41 15 0 0 16 33 16 0 0 0 0 21 0 0 0 0 0 37 0 0 0 0 0 0 15 0 1 0 16 39 0 0 1 0 0 0 0 0 0 0 0 0 2 0 0 0 0 7 0 0 0 0 0 0 0 0 0 0 0 0 0 0 0 0 1 0 0 0 0 0 0 10 22 39 0 11 21 13 21 0 0 0 0 0 6 32 10 9 0 10 14 7 10 9 0 0 22 17 0 0 0 21 13 32 0 8 16 0 10 57 0 0 2 26 0 0 0 0 0 0 0 0 1 0 0 0 0 0 0 0 0 0 0 0 0 0 0 0 0 0 0 0 0 2 0 0 0 0 0 0 0 0 0 0 1 3 1 0 2 1 1 14 0 0 0 0 0 0 0 0 0 0 0 0 0 0 0 0 0 0 0 0 0 0 0 0 6 0 0 0 0 0 0 0 0 0 0 0 0 0 
 32 123 23 232 139 233 54 60 236 37 455 0 31 242 106 111 526 68 29 30 92 59 0 0 1 0 69 1 0 0 0 85 125 74 131 0 2 0 1 73 3 0 2 0 0 2 0 0 0 0 0 0 0 0 0 0 1 3 0 2 1 0 0 0 0 0 2 3 0 0 3 2 0 0 2 0 2 0 31 0 0 0 0 0 3 0 0 0 0 18 12 31 0 0 13 2 0 9 0 0 1 39 19 0 0 0 22 39 15 0 0 0 45 32 20 17 18 0 26 11 0 0 1 0 0 0 0 0 0 0 0 0 2 0 0 0 0 0 0 0 0 0 3 4 0 0 0 0 0 0 0 0 0 0 0 0 0 0 4 0 0 0 14 0 17 9 0 0 0 0 23 17 0 0 0 3 14 10 0 0 52 0 16 0 0 0 17 21 0 18 9 0 18 10 32 2 55 10 15 68 0 0 2 0 0 0 0 0 0 0 0 1 0 0 0 0 0 0 0 0 0 0 0 0 0 0 0 0 0 0 0 1 0 2 0 0 0 0 0 0 0 0 0 0 0 1 5 0 1 90 1 6 12 0 0 0 0 0 0 0 0 0 3 0 0 0 0 0 0 0 0 0 0 0 0 0 0 0 0 0 0 0 0 0 0 0 0 0 0 0 
 46 141 67 60 89 244 65 83 438 249 28 31 0 137 36 46 26 103 155 251 0 0 73 0 0 0 0 1 0 0 202 0 205 1 1 0 1 0 202 0 3 0 2 0 0 57 0 0 0 0 0 0 0 0 0 0 0 3 0 2 0 71 51 0 2 4 0 2 0 0 9 2 2 0 2 0 3 0 0 22 2 0 0 0 0 0 22 48 13 0 2 0 0 30 0 0 0 0 0 36 0 0 0 0 0 1 1 0 0 0 0 0 0 0 0 0 0 0 14 0 1 0 0 0 0 0 0 0 0 0 0 0 0 0 0 0 0 0 0 0 0 0 0 0 11 0 0 0 0 0 3 0 0 0 0 0 0 0 0 0 23 0 0 0 0 0 0 14 0 0 0 2 54 10 10 0 0 0 48 23 0 0 0 2 0 0 2 0 0 0 0 0 0 0 0 0 0 0 0 0 0 0 0 0 0 2 0 0 0 0 0 0 0 0 0 0 0 2 0 0 0 0 0 0 0 0 0 0 0 0 0 0 0 0 0 0 0 0 0 0 0 0 0 0 0 31 1 0 2 1 0 6 0 0 0 0 0 0 0 0 0 0 0 0 0 0 0 0 0 0 0 0 50 0 0 0 23 0 0 0 0 0 0 0 0 0 0 0 0 12 
 248 70 306 287 54 58 88 107 256 444 323 242 137 0 58 123 56 236 153 94 0 0 0 0 2 0 0 0 0 0 0 0 2 0 0 0 1 0 0 0 3 0 2 0 0 0 0 0 0 0 0 0 4 0 0 0 0 3 0 2 0 0 0 0 0 0 0 51 0 0 3 2 0 0 2 0 3 0 0 0 0 13 14 15 14 0 12 22 22 14 28 7 0 12 0 30 15 1 6 0 0 0 0 0 0 0 0 0 0 0 0 0 0 0 0 0 0 0 0 57 0 0 0 0 0 0 0 0 0 0 0 0 0 0 0 0 0 0 0 0 0 0 0 0 0 0 0 0 0 0 0 0 0 0 0 0 0 0 0 1 41 13 0 0 0 0 18 28 26 12 0 0 0 0 0 9 13 0 0 8 0 0 0 0 0 0 0 0 0 0 0 13 0 0 0 0 0 0 0 0 0 0 0 3 0 0 0 0 0 0 0 0 0 0 0 0 0 1 0 0 0 0 0 0 0 0 0 0 0 0 0 0 0 0 0 0 0 0 0 0 0 0 0 0 0 0 0 0 2 0 0 8 0 0 0 0 0 0 0 0 0 0 0 0 0 0 0 0 0 0 0 0 0 0 0 0 12 0 0 0 0 0 0 0 0 0 0 0 0 0 
 73 384 121 140 379 148 130 704 233 191 277 106 36 58 0 446 286 36 88 86 0 0 0 0 0 0 0 0 0 0 0 1 2 0 0 0 2 0 24 2 3 62 2 0 0 0 0 0 0 0 0 0 5 0 0 0 61 3 0 2 2 0 0 0 1 0 2 0 0 0 3 2 0 0 2 0 3 0 0 0 25 11 33 19 0 1 1 12 0 1 26 31 24 24 47 1 41 25 36 0 0 0 0 0 0 0 29 0 0 0 2 0 43 0 51 0 0 0 0 2 0 0 0 2 0 0 0 0 0 0 0 0 0 0 0 0 0 0 0 0 0 7 0 0 1 0 22 13 0 0 0 0 0 0 0 0 0 0 0 0 1 9 0 10 3 0 1 0 0 31 0 0 0 2 13 20 40 7 0 1 0 0 0 0 0 0 34 0 0 0 2 2 9 9 0 0 0 0 0 13 0 0 0 18 0 0 0 0 0 0 0 0 0 0 0 0 0 0 0 0 0 0 0 0 0 0 0 0 0 0 0 0 2 0 0 0 0 0 0 0 0 0 0 0 0 4 8 0 1 0 0 9 16 2 0 0 0 0 0 0 0 0 0 0 0 0 0 0 0 2 0 0 0 0 0 10 0 0 0 0 0 0 0 0 0 0 0 0 0 0 
 124 482 217 39 247 80 250 196 223 266 231 111 46 123 446 0 119 129 120 162 0 0 0 0 0 2 28 206 0 27 0 0 2 206 0 0 0 0 74 0 3 0 2 0 0 0 0 0 0 0 0 0 5 0 0 0 1 3 0 2 0 44 0 0 0 0 1 2 0 0 3 2 0 5 2 0 2 0 0 0 10 26 9 1 26 9 15 22 13 3 14 29 13 10 1 1 43 13 49 0 0 0 0 0 0 0 40 0 0 0 1 0 0 0 1 0 1 0 15 38 0 0 0 0 0 0 0 0 0 0 0 0 0 0 0 0 0 0 0 0 0 1 0 0 0 0 0 0 0 13 0 0 0 0 0 0 0 0 0 0 0 24 14 13 1 0 20 13 0 22 1 0 0 0 10 27 16 1 0 0 1 0 1 0 0 0 23 0 0 0 0 0 0 10 0 1 0 0 0 0 0 0 0 16 0 0 0 0 0 2 0 0 28 0 0 0 0 0 0 0 0 0 0 0 0 0 0 0 0 0 0 0 0 0 0 12 0 0 0 0 0 0 0 0 0 0 0 0 1 0 0 10 14 0 0 9 0 0 0 0 0 0 1 0 0 0 0 0 0 0 0 0 0 0 0 0 18 0 0 0 0 0 0 0 0 0 0 0 0 3 
 56 484 200 271 51 352 148 238 135 112 478 526 26 56 286 119 0 218 79 59 1 0 0 6 0 4 0 4 2 0 6 5 76 0 0 0 0 4 82 62 3 0 2 0 0 0 0 0 0 4 0 0 4 0 0 0 27 3 0 4 0 0 0 0 0 0 1 1 0 0 3 2 3 4 2 0 3 1 0 0 31 29 1 25 13 15 0 2 3 15 15 18 24 11 38 0 0 15 16 0 16 0 0 0 0 0 14 2 0 0 0 0 67 0 18 0 0 0 0 4 0 0 0 0 0 1 0 0 0 0 0 0 0 0 0 0 0 0 0 1 0 6 1 0 0 0 8 0 0 0 0 2 0 0 0 0 12 0 0 0 0 0 7 13 11 0 2 20 15 17 0 0 0 0 0 19 1 15 0 0 6 0 0 1 0 0 25 2 0 0 0 0 11 31 0 0 12 0 0 26 0 0 0 9 0 0 1 1 0 0 0 0 0 0 0 0 0 0 0 0 0 0 0 3 0 0 0 0 0 0 0 0 0 0 0 0 0 0 0 7 0 0 0 0 0 1 57 2 1 45 1 13 15 0 0 0 0 0 0 0 0 0 0 0 0 0 0 0 0 0 0 0 0 0 0 12 10 0 0 0 0 0 0 0 0 0 0 0 0 0 
 329 89 335 316 123 347 46 267 77 38 264 68 103 236 36 129 218 0 35 43 0 208 0 0 0 2 1 2 0 0 0 0 152 2 21 0 0 0 7 0 3 0 2 0 0 0 0 0 0 0 0 0 0 0 0 0 0 3 0 2 0 0 0 0 0 0 2 4 0 0 3 2 0 0 2 1 3 1 0 0 21 13 0 32 39 46 0 0 10 18 7 14 0 9 28 0 0 33 2 0 15 0 0 0 0 0 15 0 0 0 0 0 92 0 34 15 0 0 1 2 0 0 0 0 13 0 0 0 0 0 0 0 0 0 0 0 0 0 0 0 0 0 0 0 35 0 21 0 0 0 1 0 0 0 0 0 0 0 0 0 0 0 20 10 4 3 0 7 19 0 15 18 10 0 7 4 15 19 11 0 3 0 0 0 0 0 55 0 0 0 0 16 11 10 0 18 0 0 0 39 0 0 0 0 0 0 0 0 0 0 0 0 0 0 0 0 0 23 0 0 0 0 0 14 0 0 0 0 0 0 0 0 0 0 0 0 0 0 0 0 0 0 0 0 0 3 33 0 0 0 0 11 1 0 0 0 0 0 0 0 1 0 4 0 0 0 0 0 0 0 0 0 0 0 0 11 0 0 0 0 0 0 0 0 0 0 0 0 0 0 
 60 41 158 78 61 46 326 228 229 179 26 29 155 153 88 120 79 35 0 165 0 1 0 3 4 1 0 0 1 0 8 0 2 0 2 3 0 0 0 0 3 5 2 0 0 8 0 1 0 0 0 0 0 0 3 0 2 2 0 9 2 0 0 0 0 0 1 3 0 0 3 8 0 0 2 0 2 0 0 3 17 7 2 24 1 1 0 19 34 37 6 0 20 50 10 48 11 15 3 56 0 0 0 0 0 0 0 0 0 0 0 0 0 0 0 0 0 0 0 0 0 0 0 0 0 0 0 0 0 0 0 2 0 0 0 0 0 0 0 0 0 12 0 0 0 0 8 0 0 0 0 0 0 0 0 0 0 0 1 0 27 21 0 10 23 0 0 0 22 13 19 21 31 89 21 38 1 5 7 0 2 0 0 0 0 0 0 0 0 0 0 0 0 0 0 0 0 0 0 0 0 0 0 0 0 1 0 0 0 0 0 0 0 0 0 1 0 0 1 7 0 0 0 0 0 0 0 0 0 0 0 0 0 0 2 0 0 0 0 0 0 9 0 0 0 0 8 0 1 5 2 14 0 0 1 0 0 0 0 0 0 0 0 0 0 0 0 0 0 0 0 0 0 1 0 14 34 0 0 0 0 0 0 0 0 0 0 0 0 0 
 38 474 129 136 142 33 234 54 162 68 49 30 251 94 86 162 59 43 165 0 0 0 2 0 0 203 0 0 0 0 0 1 2 0 0 0 0 0 1 8 5 22 2 0 1 4 0 0 0 5 0 0 0 0 0 0 39 3 0 2 0 0 0 0 0 5 0 1 0 0 3 4 0 0 2 0 3 1 0 0 2 0 0 0 0 0 0 61 17 0 19 0 6 23 0 0 0 0 0 15 0 0 0 18 0 0 20 1 0 0 0 0 0 6 1 0 15 0 9 0 0 0 0 0 0 0 0 0 0 0 0 0 0 0 0 0 0 0 0 0 0 0 0 0 0 0 0 0 0 2 0 0 0 0 0 0 1 1 0 0 23 14 0 0 0 0 0 35 0 0 2 0 20 30 0 0 2 2 22 9 0 11 0 0 0 0 0 0 14 0 0 0 0 0 0 14 0 0 0 2 0 0 0 0 0 0 0 0 0 0 8 0 0 0 0 0 0 0 0 0 0 0 0 0 1 0 0 0 0 2 0 0 0 0 0 0 0 0 0 0 0 0 0 0 0 0 0 0 3 0 0 2 0 3 0 0 0 0 1 0 0 0 0 0 0 0 0 0 0 0 0 0 0 0 0 0 0 0 0 0 0 0 0 0 0 2 0 0 0 0 
 0 0 0 68 0 0 1 0 2 0 74 92 0 0 0 0 1 0 0 0 0 354 60 43 64 253 227 105 49 115 36 41 165 143 233 143 105 70 133 145 0 0 2 0 6 0 3 1 4 11 5 9 0 0 6 4 4 4 0 0 0 0 0 2 5 1 0 0 4 2 2 5 0 0 4 0 2 13 25 0 0 0 0 4 10 14 0 0 0 8 0 27 0 0 0 0 0 0 0 0 13 32 0 14 0 0 0 49 1 2 0 0 24 35 16 12 22 0 62 1 0 0 2 0 0 1 0 0 2 2 0 0 0 0 1 0 0 0 0 0 0 0 4 5 0 0 0 0 0 0 0 0 0 0 0 0 0 0 4 0 0 0 0 2 8 23 0 0 0 0 43 29 13 0 0 7 0 0 0 0 13 20 25 3 0 10 22 33 18 2 0 0 9 15 13 30 46 19 74 50 0 5 0 0 0 0 0 0 0 0 0 0 0 0 0 0 0 0 0 0 0 0 0 0 0 0 0 0 0 0 0 0 0 0 8 0 0 0 0 0 0 0 0 0 0 0 0 0 0 0 1 0 0 0 23 0 1 0 0 2 9 0 0 0 0 0 0 0 0 0 0 0 0 0 0 0 0 13 0 0 0 0 0 0 0 0 0 0 0 0 
 0 1 0 75 0 0 0 0 1 0 0 59 0 0 0 0 0 208 1 0 354 0 200 433 172 32 82 427 44 134 139 31 180 329 252 73 210 259 129 63 1 0 0 1 0 2 3 0 0 0 0 3 0 2 0 3 0 1 8 1 0 0 0 0 0 0 2 0 2 4 2 1 0 0 0 3 2 7 52 0 0 0 0 10 17 16 0 0 0 13 0 8 0 0 0 0 0 0 0 2 1 15 11 0 1 0 0 13 17 22 7 0 0 12 0 21 0 9 6 0 12 0 0 0 0 0 1 14 0 0 2 0 13 2 0 0 0 0 0 10 0 0 1 6 0 0 0 0 0 0 0 0 0 0 0 0 0 0 3 0 0 0 0 0 12 30 0 0 0 0 12 0 0 0 0 0 0 0 0 0 7 13 11 21 0 0 11 21 0 32 8 4 0 2 12 19 14 15 12 25 22 0 0 0 0 0 13 0 0 0 0 0 0 15 0 0 1 0 13 9 0 0 0 0 0 0 0 0 0 0 0 0 0 0 0 0 0 0 0 3 0 0 0 0 0 0 0 0 0 0 0 0 0 0 19 1 0 0 1 0 19 4 0 0 0 0 10 0 0 0 0 1 0 0 0 0 0 1 0 31 0 0 0 0 0 10 0 0 0 0 
 35 0 0 23 77 0 4 0 0 0 0 0 73 0 0 0 0 0 0 2 60 200 0 254 71 280 54 66 171 436 111 106 79 271 134 139 44 193 255 255 0 1 0 0 0 0 5 0 0 0 0 3 0 0 0 3 0 2 30 13 0 23 0 0 0 1 2 0 2 0 0 0 0 0 0 0 2 10 1 0 0 2 0 1 0 0 0 0 0 0 0 0 0 0 0 0 0 1 0 0 0 0 5 37 0 27 0 0 0 11 55 23 0 1 0 0 25 31 0 0 0 0 0 0 0 0 15 19 8 0 16 0 28 1 0 0 0 1 0 13 0 0 0 5 0 0 0 0 0 0 0 0 0 0 0 7 0 0 0 0 0 2 0 0 0 0 0 0 1 0 2 0 0 0 0 0 0 0 13 0 0 0 0 62 2 32 0 0 0 0 48 12 0 0 8 2 0 0 0 0 76 0 0 0 0 0 0 0 12 0 0 0 5 41 20 0 0 0 0 30 0 0 0 0 0 0 0 0 2 0 0 13 0 0 0 0 0 0 0 0 0 0 0 0 0 0 0 0 0 0 0 0 0 0 11 1 1 77 76 0 4 0 0 0 0 0 0 0 0 0 0 0 24 4 0 0 0 0 0 10 0 19 0 0 0 13 0 0 0 18 
 0 2 1 1 0 1 0 0 3 1 0 0 0 0 0 0 6 0 3 0 43 433 254 0 342 192 158 58 170 250 576 349 69 101 366 240 85 75 80 64 0 63 0 0 0 0 66 0 0 0 0 2 0 0 0 5 0 10 0 67 0 2 0 0 0 2 1 5 2 0 0 0 0 2 0 0 2 4 1 5 0 0 0 0 0 0 0 0 0 0 0 0 0 0 0 0 0 0 0 5 10 0 38 28 15 9 0 0 8 15 13 11 0 31 0 16 18 5 0 0 1 0 9 0 0 0 26 1 0 0 0 0 20 0 0 0 0 0 11 8 0 0 0 0 0 0 0 0 0 0 0 0 0 0 2 0 0 0 0 1 0 0 0 0 4 2 0 0 1 0 0 18 0 0 5 0 0 0 0 0 0 10 0 63 12 24 0 31 9 33 10 9 0 0 7 20 19 25 0 0 8 2 1 0 0 0 0 6 0 0 0 0 17 0 22 7 0 0 0 42 0 0 0 0 2 0 0 0 0 32 0 15 0 0 0 0 0 0 0 0 0 0 0 0 0 0 0 0 0 0 0 1 0 0 6 1 0 38 2 0 0 2 0 0 0 21 0 0 0 0 0 0 0 6 0 0 0 0 0 12 0 10 0 0 0 8 13 0 0 0 
 0 0 0 0 3 0 2 1 1 0 0 1 0 2 0 0 0 0 4 0 64 172 71 342 0 133 45 280 68 192 137 193 94 158 107 71 112 48 68 274 0 0 0 0 0 0 3 59 64 0 0 3 0 63 62 3 0 0 57 70 0 0 0 0 0 1 2 0 2 0 0 0 0 0 0 1 54 7 0 3 0 0 0 0 0 0 0 0 0 0 0 0 0 0 0 0 0 0 0 0 2 0 0 0 15 22 0 0 4 5 13 1 0 1 1 10 18 9 0 0 10 19 20 0 0 0 0 31 9 0 0 0 21 0 30 0 0 10 9 16 0 0 0 0 0 1 6 0 0 0 0 0 0 0 0 0 1 1 0 1 0 0 0 0 0 6 0 0 15 0 0 0 6 8 0 0 0 0 0 0 10 0 0 10 19 1 0 26 2 35 0 12 1 0 0 0 0 2 0 0 25 0 0 0 0 0 49 0 5 18 0 0 6 10 11 2 8 0 39 16 0 0 2 0 0 0 0 0 7 0 0 0 0 0 0 0 0 0 0 0 0 0 2 0 0 0 1 0 2 0 0 0 0 0 6 1 0 2 83 1 0 0 0 2 0 1 15 0 0 0 0 0 0 1 0 0 0 0 0 11 0 10 0 0 0 8 0 0 0 0 
 0 206 0 1 3 0 0 0 0 1 0 0 0 0 0 2 4 2 1 203 253 32 280 192 133 0 37 27 62 172 91 187 45 266 92 84 140 455 48 51 1 32 33 0 0 0 124 0 4 0 0 3 62 31 0 2 0 0 0 19 0 3 0 0 0 1 2 0 2 0 0 0 47 0 0 2 2 3 2 0 0 0 0 0 0 0 0 0 0 0 0 0 0 0 0 0 0 0 0 0 3 0 3 21 19 13 0 0 2 1 39 4 0 0 0 0 6 0 0 0 13 0 0 0 0 29 38 26 1 11 17 0 37 1 1 0 8 14 0 0 0 0 0 0 0 0 14 0 0 0 0 0 0 0 0 0 0 0 0 0 0 0 0 48 0 0 0 0 0 0 0 0 0 12 0 0 0 0 0 0 1 0 0 40 20 19 0 0 1 2 11 13 0 0 0 0 0 0 0 0 19 11 0 0 0 0 0 6 28 12 7 0 20 29 30 20 0 0 26 19 0 0 0 0 0 0 0 0 0 0 0 0 1 0 0 0 0 0 0 0 0 0 0 0 0 2 0 0 0 0 0 0 0 0 9 1 0 150 6 0 0 0 0 0 0 12 0 0 0 0 0 0 0 0 0 0 0 0 0 0 0 0 0 0 0 0 12 0 0 0 
 0 0 1 77 0 0 37 0 2 5 0 69 0 0 0 28 0 1 0 0 227 82 54 158 45 37 0 166 365 36 381 63 255 208 129 119 25 24 280 150 2 5 0 0 0 0 5 0 2 0 1 2 0 0 0 0 3 0 1 3 0 0 2 0 0 0 1 0 0 0 0 5 2 0 13 11 0 0 50 4 0 0 0 0 0 2 0 0 0 13 0 11 0 0 0 0 0 0 0 0 15 10 27 11 12 19 0 26 43 32 0 0 1 10 12 19 0 11 8 11 0 0 0 0 0 0 0 0 0 1 0 0 1 0 0 0 0 2 14 0 0 0 2 3 0 0 0 0 0 12 0 2 0 0 0 0 0 0 4 1 0 12 0 0 13 0 11 0 0 0 15 2 0 0 7 0 0 0 0 0 1 46 25 0 31 3 13 16 36 32 7 4 12 10 0 23 33 9 14 14 0 0 0 0 0 0 0 0 0 0 0 0 5 0 0 0 0 0 0 19 2 0 0 0 0 0 0 0 0 0 0 0 0 22 0 0 0 0 0 0 0 0 0 0 0 0 74 0 0 0 0 0 0 0 4 9 0 0 1 0 2 0 1 0 0 0 0 0 0 0 0 0 0 0 0 0 0 1 0 0 0 0 0 0 0 0 0 0 0 0 
 0 206 0 0 75 1 0 0 0 0 1 1 1 0 0 206 4 2 0 0 105 427 66 58 280 27 166 0 166 96 139 32 123 191 183 224 260 189 115 217 1 1 0 0 0 0 3 0 0 0 0 3 204 0 0 2 0 0 0 0 0 0 0 0 0 0 0 0 2 0 0 0 2 0 0 0 2 3 2 0 0 0 0 0 0 21 0 0 0 0 0 0 0 10 0 1 0 0 0 0 18 0 0 16 0 0 0 27 0 15 0 9 0 22 33 0 12 25 32 1 0 0 0 0 0 0 0 0 0 0 0 1 55 0 0 0 0 0 0 0 0 0 0 0 0 1 0 0 0 0 0 0 3 0 0 0 0 0 0 0 0 0 0 0 0 7 0 0 0 0 0 0 0 0 0 0 23 0 0 0 0 30 1 0 28 1 0 45 43 0 2 29 0 14 27 15 0 2 15 0 0 0 0 0 0 0 0 0 0 0 0 0 0 0 1 0 0 0 0 19 0 0 0 0 0 0 0 0 0 0 0 0 0 0 0 0 0 0 0 0 0 0 0 0 0 0 0 0 0 0 0 0 0 2 17 0 1 1 99 2 9 0 0 0 0 75 0 0 0 0 0 0 0 0 0 0 0 2 0 0 0 0 0 0 0 0 0 0 0 0 
 0 0 0 0 77 0 0 0 0 0 0 0 0 0 0 0 2 0 1 0 49 44 171 170 68 62 365 166 0 74 174 33 101 398 391 211 124 47 72 214 7 1 0 0 0 0 3 0 1 2 0 3 0 0 0 2 0 2 2 2 0 0 0 0 0 1 1 12 3 0 0 0 0 2 0 4 3 3 1 0 0 0 0 0 0 10 0 0 0 0 0 0 0 0 2 0 0 0 0 0 10 11 25 21 67 31 56 0 43 28 63 53 1 8 13 1 10 9 0 0 0 0 2 0 0 0 0 0 0 2 0 0 0 20 0 0 0 0 0 0 0 0 0 0 0 0 0 43 0 0 14 0 0 0 0 0 0 7 0 9 0 0 0 0 0 0 3 0 0 0 0 0 0 0 0 0 0 0 0 0 0 0 51 20 62 31 0 2 15 1 8 23 21 0 39 0 18 30 1 1 0 0 11 0 0 0 2 0 0 0 0 0 0 56 0 0 0 0 3 0 0 0 0 0 12 0 0 0 0 0 0 1 0 0 0 0 0 21 0 0 0 0 10 0 0 0 0 0 2 0 0 0 0 0 4 2 0 0 4 1 7 0 0 0 0 2 0 0 0 0 0 0 0 0 2 0 0 0 0 0 0 2 0 0 0 0 0 0 0 0 
 2 0 0 0 4 0 0 0 0 0 0 0 0 0 0 27 0 0 0 0 115 134 436 250 192 172 36 96 74 0 446 70 70 320 165 346 142 422 92 63 0 2 0 0 0 0 3 63 0 2 0 3 0 0 2 3 0 0 61 12 0 0 2 0 0 1 2 2 2 0 0 0 1 0 0 0 2 9 2 0 15 0 0 19 0 0 0 0 0 0 0 0 0 0 0 0 0 0 0 0 0 0 4 74 0 30 0 0 0 20 28 16 0 12 0 11 43 9 0 0 0 0 0 0 0 7 10 38 4 0 0 0 36 1 0 0 0 1 0 29 0 0 0 0 0 0 0 0 0 2 0 0 0 0 1 0 0 0 0 2 0 6 0 0 0 21 0 0 17 0 0 0 0 0 0 0 0 0 0 0 0 23 23 60 0 22 0 10 0 1 32 29 0 0 0 8 1 0 0 0 43 1 0 0 0 0 0 0 29 0 0 0 24 20 19 2 0 0 16 49 0 0 0 0 0 0 0 0 0 0 0 21 0 0 0 0 0 0 0 0 0 0 0 0 0 0 0 0 0 0 0 0 0 0 6 0 0 86 0 1 3 0 0 0 0 0 0 0 0 0 0 0 0 0 0 0 0 0 0 10 0 0 0 0 0 29 0 0 0 0 
 1 2 0 61 3 212 73 0 0 73 2 0 202 0 0 0 6 0 8 0 36 139 111 576 137 91 381 139 174 446 0 84 298 203 316 178 472 137 232 461 0 100 0 0 105 4 3 130 0 0 0 3 0 0 4 3 0 6 63 1 0 0 0 0 0 1 1 0 2 0 0 0 0 0 0 3 2 3 2 0 0 0 0 1 0 0 0 0 0 0 0 0 0 0 0 0 0 0 0 0 11 3 14 0 61 26 12 0 44 23 36 21 0 10 11 11 11 7 0 0 0 0 1 0 0 0 0 12 11 0 0 0 10 13 0 0 0 18 0 0 0 0 0 0 0 0 0 0 0 0 0 0 1 0 0 0 0 0 0 12 0 4 0 0 0 9 0 0 6 0 0 0 1 0 0 0 0 0 0 0 0 11 24 0 20 0 0 25 26 12 10 33 12 0 42 6 19 13 0 0 0 0 2 2 0 0 3 0 0 0 0 0 0 0 0 0 0 0 12 31 0 0 0 0 0 0 0 0 0 0 0 0 0 0 0 0 0 0 0 0 0 0 0 0 0 0 0 0 0 0 0 0 0 0 5 0 0 1 0 1 0 0 0 0 0 1 0 0 0 0 0 0 0 0 0 0 0 0 0 0 0 0 0 0 0 0 0 0 0 0 
 0 0 1 2 5 9 0 0 0 2 0 85 0 0 1 0 5 0 0 1 41 31 106 349 193 187 63 32 33 70 84 0 102 41 247 50 57 145 22 39 0 0 2 0 1 0 94 77 0 0 3 2 63 56 26 3 0 0 65 130 0 2 4 0 0 1 2 0 2 0 2 2 2 0 0 0 2 3 2 6 0 0 0 0 0 0 0 0 0 0 0 0 0 0 0 0 0 0 0 0 0 0 0 18 27 34 0 0 0 13 45 4 0 0 0 0 20 1 0 0 11 13 3 0 0 0 12 13 12 0 0 0 11 25 0 0 0 5 27 0 0 0 0 0 0 0 0 0 0 0 18 0 1 0 0 0 0 4 0 0 0 6 0 0 0 0 0 0 5 0 0 0 1 1 0 0 0 0 0 0 0 0 0 28 36 33 0 0 0 0 12 0 0 0 0 0 0 16 0 0 0 0 23 0 0 0 48 0 10 35 0 0 24 38 19 27 0 6 42 20 0 0 0 0 0 0 0 0 0 0 0 0 0 0 0 0 2 0 0 2 0 0 0 0 0 2 0 0 0 0 0 0 0 0 8 1 2 182 4 1 2 0 0 2 0 2 0 0 0 0 0 0 0 1 0 11 0 0 0 0 0 0 0 0 0 0 4 0 0 0 
 2 79 33 101 2 319 1 45 4 3 75 125 205 2 2 2 76 152 2 2 165 180 79 69 94 45 255 123 101 70 298 102 0 145 41 29 240 34 427 175 0 0 0 0 0 57 3 0 0 0 0 3 0 0 0 3 2 2 0 0 0 1 0 0 0 1 1 0 2 0 0 0 0 0 0 7 2 3 39 0 0 2 0 1 14 0 0 0 4 18 0 22 0 0 1 0 0 16 0 0 1 34 20 0 21 13 2 36 36 1 10 18 1 0 8 1 0 0 19 19 0 0 0 0 0 0 0 0 0 0 0 0 0 0 0 0 0 0 0 0 0 0 4 4 0 0 0 0 0 0 0 0 0 0 0 0 0 0 5 10 0 0 8 12 28 2 0 12 0 0 38 11 0 0 0 12 0 0 1 0 19 0 43 1 21 2 5 20 0 28 9 10 20 24 0 5 56 20 12 25 0 0 0 0 0 0 1 0 0 0 0 0 0 0 0 0 0 0 0 0 0 0 0 0 0 0 0 0 2 0 0 0 0 0 0 0 0 0 0 0 0 0 0 0 0 0 72 0 79 74 29 0 0 0 6 2 2 0 0 0 3 2 14 0 0 0 0 0 0 0 0 0 0 0 0 0 0 0 0 0 0 0 0 0 0 0 0 0 0 0 
 0 208 0 5 0 2 0 0 0 0 2 74 1 0 0 206 0 2 0 0 143 329 271 101 158 266 208 191 398 320 203 41 145 0 640 221 94 267 80 101 0 1 0 1 0 0 3 0 0 0 0 3 62 2 0 3 0 1 66 2 2 2 0 0 0 2 0 0 2 0 0 1 0 0 0 3 2 3 1 0 0 0 0 0 0 0 0 9 0 0 0 11 0 0 0 0 0 0 2 0 10 1 51 9 18 8 12 13 48 42 12 14 0 15 35 35 0 0 34 0 20 0 0 0 0 0 0 0 0 0 0 1 0 6 0 0 0 0 13 0 0 0 0 5 0 1 0 0 0 0 0 0 0 0 0 0 0 0 7 9 0 0 1 0 0 23 0 0 0 0 0 0 0 0 5 0 0 0 0 0 15 41 34 0 48 9 12 25 14 49 10 20 12 9 0 59 4 73 18 0 8 0 0 0 0 0 19 0 0 0 0 0 12 0 9 0 0 0 10 0 0 0 0 0 0 0 0 0 0 0 0 0 0 3 0 1 0 0 0 0 0 0 0 0 0 0 0 0 0 0 0 0 0 2 23 3 0 1 0 1 3 13 0 0 0 0 11 0 0 0 0 0 0 0 0 0 0 0 0 0 0 0 0 0 0 0 0 0 0 0 
 0 0 0 1 0 0 0 0 2 0 0 131 1 0 0 0 0 21 2 0 233 252 134 366 107 92 129 183 391 165 316 247 41 640 0 200 269 331 79 183 0 2 0 0 0 0 3 0 0 0 0 3 0 0 0 3 0 0 0 0 0 2 0 0 0 1 0 0 2 0 0 0 0 0 0 0 2 3 1 0 0 0 0 0 0 14 0 0 0 0 0 0 0 0 0 1 0 0 0 1 24 31 3 62 0 2 2 30 0 10 17 0 9 60 15 1 28 42 36 0 0 0 0 0 0 0 2 0 0 0 0 0 11 1 0 0 0 0 13 0 0 0 0 0 0 0 0 0 0 0 0 0 0 0 10 20 0 0 0 0 0 0 0 0 0 20 0 0 0 0 0 10 8 0 1 0 1 0 0 0 40 32 3 27 0 9 0 16 16 0 17 19 8 32 2 17 19 0 66 0 0 0 0 0 0 0 0 0 0 0 0 0 0 0 3 0 0 18 22 18 0 0 0 0 0 0 0 0 0 0 0 0 0 0 0 0 0 0 0 0 0 0 0 0 0 0 0 0 0 0 0 0 0 0 0 2 0 0 76 3 10 1 0 0 0 0 0 0 0 14 0 1 0 0 0 0 2 2 0 0 0 0 0 0 0 0 0 0 0 0 
 0 0 0 0 0 0 0 0 2 2 0 0 0 0 0 0 0 0 3 0 143 73 139 240 71 84 119 224 211 346 178 50 29 221 200 0 95 31 67 143 0 1 0 20 0 2 3 0 2 5 0 5 0 0 0 3 3 0 0 66 0 39 0 0 0 0 0 0 2 0 0 3 4 0 0 0 2 3 1 1 0 0 0 0 0 0 0 0 0 0 0 0 0 0 0 0 0 0 0 0 25 0 33 11 5 23 18 18 0 28 14 10 2 25 43 26 11 12 28 0 0 0 5 0 0 0 0 0 0 0 1 0 10 20 0 0 0 0 13 0 0 0 0 2 0 0 0 0 0 0 6 0 0 0 0 0 0 6 0 0 0 0 0 0 0 12 0 0 1 0 0 0 0 0 6 0 0 0 0 0 0 62 24 37 58 34 0 13 20 2 1 0 0 0 1 13 4 69 10 0 7 0 9 0 0 0 0 0 0 0 0 0 9 12 0 0 2 0 0 12 0 0 0 0 0 0 0 0 0 0 0 2 0 0 0 0 0 0 0 0 0 0 0 0 0 0 0 0 0 0 0 0 0 0 10 0 0 0 2 0 0 0 0 0 0 0 0 0 0 0 0 1 0 0 0 0 0 0 0 0 0 0 0 0 0 0 0 0 0 0 
 0 1 0 0 3 74 207 0 2 2 0 2 1 1 2 0 0 0 0 0 105 210 44 85 112 140 25 260 124 142 472 57 240 94 269 95 0 312 33 45 7 5 2 2 0 5 3 0 0 3 0 3 1 0 0 2 0 3 68 0 0 0 0 0 3 2 0 0 2 0 0 0 6 0 0 0 2 4 1 0 0 0 0 1 0 12 0 0 0 0 16 0 0 0 0 1 0 0 0 0 0 1 0 1 52 0 0 0 35 28 32 37 0 29 1 24 10 4 0 16 11 0 0 0 0 0 2 1 0 0 0 1 21 1 0 0 11 0 0 12 0 0 0 15 0 0 0 0 0 0 0 0 0 0 0 0 0 0 0 9 0 0 0 0 0 9 4 0 0 0 0 0 0 0 0 0 0 0 0 0 12 7 13 1 12 0 1 39 13 32 2 27 0 1 11 11 0 11 0 1 0 0 0 0 0 0 15 0 0 0 0 0 0 0 7 0 0 0 25 7 0 0 0 0 0 0 0 0 0 0 0 0 0 0 0 0 0 0 0 0 0 0 0 0 0 0 0 0 0 0 2 0 0 0 2 0 1 6 37 0 2 1 0 0 0 0 9 0 0 0 0 0 0 0 0 0 0 2 0 10 0 0 0 0 0 8 0 0 0 0 
 0 0 0 0 3 0 203 0 0 0 0 0 0 0 0 0 4 0 0 0 70 259 193 75 48 455 24 189 47 422 137 145 34 267 331 31 312 0 28 87 1 62 0 0 0 0 66 0 0 0 0 4 0 0 0 64 0 0 0 64 0 0 0 0 0 2 1 42 2 0 0 0 0 0 0 0 2 5 1 0 0 0 0 0 0 10 0 0 0 0 0 0 0 0 0 0 0 0 0 0 9 0 9 15 30 20 15 0 13 0 24 5 0 8 0 0 0 29 0 0 0 0 0 0 0 0 20 19 0 0 0 0 63 0 0 0 0 0 0 0 0 0 0 0 0 0 0 0 0 0 0 0 11 0 0 0 0 0 0 0 0 0 0 0 0 0 3 0 0 0 0 0 0 0 0 0 0 12 0 0 0 0 0 33 1 13 0 29 23 1 19 15 0 0 54 0 0 0 1 1 37 0 0 0 0 0 0 0 4 0 0 0 17 27 12 17 0 0 24 13 0 0 0 0 0 0 0 0 0 0 0 0 0 0 0 0 0 0 0 0 0 0 0 0 0 0 0 0 0 0 0 0 0 0 12 0 2 182 75 0 8 0 0 0 0 0 0 0 0 0 0 0 0 0 0 0 0 0 0 0 0 9 0 0 0 0 22 0 0 0 
 0 156 77 225 135 210 1 74 82 74 75 1 202 0 24 74 82 7 0 1 133 129 255 80 68 48 280 115 72 92 232 22 427 80 79 67 33 28 0 317 0 0 0 0 0 0 3 0 0 65 0 3 5 0 1 3 0 0 0 5 0 0 51 0 0 1 0 0 2 0 0 0 2 0 0 0 2 3 46 0 0 0 0 15 23 0 0 0 10 23 0 41 0 0 15 0 0 11 0 0 11 17 0 0 0 0 20 25 0 0 0 2 30 19 13 1 39 0 27 1 0 0 0 0 0 0 0 0 0 0 0 0 0 0 13 0 0 0 0 0 0 0 6 0 0 0 0 0 0 0 0 0 0 0 2 0 0 0 0 0 0 0 0 17 25 12 0 0 1 0 30 19 0 0 0 19 0 0 0 0 1 9 15 14 0 0 43 22 0 0 0 0 22 23 15 26 44 4 61 25 0 2 2 19 0 0 0 0 0 0 0 0 0 0 0 0 0 0 0 0 0 0 0 0 2 0 0 0 0 0 0 0 0 0 0 0 0 0 0 0 0 0 0 0 0 0 0 0 36 0 1 0 0 0 17 0 0 0 0 0 13 0 0 0 0 0 0 0 0 0 0 0 0 0 0 0 0 12 0 0 0 0 0 0 0 0 0 0 0 0 
 0 0 0 1 0 72 2 2 1 0 0 73 0 0 2 0 62 0 0 8 145 63 255 64 274 51 150 217 214 63 461 39 175 101 183 143 45 87 317 0 0 63 0 0 0 0 3 0 0 0 0 3 0 0 0 3 0 0 0 0 0 0 1 0 0 1 1 0 55 0 0 0 0 0 0 4 2 3 1 0 0 0 0 0 0 11 0 0 0 12 0 0 0 0 0 0 0 0 0 0 27 0 10 22 21 15 34 21 11 22 12 22 6 0 37 6 0 15 14 21 0 0 0 2 0 0 0 0 0 0 0 0 0 9 0 0 0 0 0 0 0 0 0 0 0 0 0 0 0 0 1 0 10 0 0 0 0 2 0 11 0 0 0 0 0 0 0 0 0 0 0 0 0 0 0 3 0 0 0 0 8 9 30 0 37 0 0 51 37 0 0 29 28 24 8 0 9 23 17 0 1 0 0 0 0 0 4 0 0 0 0 0 0 0 0 0 0 0 0 0 0 0 0 0 0 0 0 1 0 0 0 0 0 0 0 0 0 0 0 0 0 0 0 0 0 0 74 0 0 20 0 0 0 0 8 0 2 75 0 0 1 0 0 0 0 0 0 0 0 0 0 0 0 0 0 0 0 0 0 0 0 0 0 0 0 0 0 0 0 0 
 3 3 3 63 0 3 5 3 3 5 3 3 3 3 3 3 3 3 3 5 0 1 0 0 0 1 2 1 7 0 0 0 0 0 0 0 7 1 0 0 0 70 290 115 42 50 132 41 55 46 38 167 253 35 148 247 105 37 100 99 0 0 0 0 4 2 0 0 4 0 0 6 4 0 0 0 0 0 1 2 0 0 0 0 0 0 0 0 0 0 0 0 0 0 0 0 0 0 0 0 0 12 15 0 20 10 0 0 5 0 0 7 0 0 0 0 5 0 0 0 28 17 11 13 0 7 14 0 14 23 2 10 0 30 48 19 1 18 5 9 11 0 0 0 0 1 19 19 20 0 0 0 0 0 0 0 0 0 36 0 0 0 0 0 0 0 0 9 0 0 0 0 0 0 0 0 9 0 0 0 0 0 0 0 0 10 0 0 0 0 3 1 0 0 6 0 0 6 0 0 7 21 8 0 0 19 0 40 8 0 12 0 0 9 4 15 44 20 0 0 0 0 0 0 0 0 0 0 0 0 0 0 0 0 0 0 0 0 0 0 0 0 13 0 0 0 0 0 0 0 0 3 0 2 0 0 0 0 0 0 0 0 0 65 0 19 0 0 0 0 0 0 0 51 0 0 0 0 0 0 0 0 0 0 30 8 0 0 0 0 
 0 0 0 2 3 0 6 0 0 63 0 0 0 0 62 0 0 0 5 22 0 0 1 63 0 32 5 1 1 2 100 0 0 1 2 1 5 62 0 63 70 0 86 159 36 489 163 89 44 52 36 383 480 69 64 205 47 70 262 146 0 2 4 0 13 2 0 2 33 0 0 3 0 0 8 2 3 1 5 10 16 1 0 0 0 0 0 3 5 4 0 0 0 9 0 24 0 0 0 25 2 0 0 0 0 0 26 0 0 0 0 6 0 0 24 18 0 3 0 0 22 5 0 10 1 9 4 0 10 13 46 13 0 0 9 0 61 23 0 0 0 0 3 0 0 0 28 0 0 0 0 0 7 0 0 0 0 0 13 0 8 4 0 0 1 8 0 1 0 0 0 1 2 6 4 0 0 5 6 0 0 10 11 0 0 0 0 0 1 0 0 0 0 0 45 0 0 0 14 0 0 37 1 1 9 18 0 13 9 16 54 0 0 12 0 1 10 3 0 0 0 0 0 0 0 0 0 0 0 0 0 0 0 0 0 0 0 0 0 0 0 5 0 0 0 0 0 0 0 0 0 8 0 1 0 0 0 26 0 0 0 11 0 0 0 21 0 0 0 0 0 0 0 0 0 0 0 0 0 0 0 0 0 0 18 9 0 0 0 0 
 2 2 2 0 0 2 7 2 2 2 2 2 2 2 2 2 2 2 2 2 2 0 0 0 0 33 0 0 0 0 0 2 0 0 0 0 2 0 0 0 290 86 0 207 41 44 129 158 422 330 124 254 344 78 230 265 327 319 58 269 0 0 0 0 0 1 2 0 0 1 0 6 0 0 0 0 0 0 53 0 0 0 0 0 0 0 0 0 0 0 0 0 0 0 0 0 0 0 0 0 9 0 0 0 0 0 0 0 0 0 0 0 0 0 0 0 0 0 10 0 18 7 1 1 13 18 26 7 5 28 61 3 1 44 3 26 47 20 11 16 9 0 0 0 0 0 23 10 0 0 0 9 0 11 0 0 0 0 3 0 0 0 0 0 0 2 0 1 0 0 0 0 2 0 0 0 0 0 0 0 0 0 0 0 0 0 0 0 0 0 0 0 0 0 15 0 0 0 0 0 0 14 0 27 1 0 0 8 9 28 11 15 1 10 1 47 3 53 8 22 33 5 0 0 0 0 0 0 0 0 0 0 1 0 0 1 0 0 0 0 0 0 0 0 0 0 0 0 0 0 0 6 0 0 0 0 0 0 0 2 0 0 4 0 67 24 1 0 2 0 0 0 0 0 0 0 0 0 0 0 0 3 8 0 0 0 7 10 0 0 
 0 0 0 0 0 0 0 0 0 0 0 0 0 0 0 0 0 0 0 0 0 1 0 0 0 0 0 0 0 0 0 0 0 1 0 20 2 0 0 0 115 159 207 0 366 265 82 96 94 137 129 160 113 284 276 369 51 166 63 137 0 1 52 0 5 0 1 7 110 0 0 88 0 0 5 2 0 0 37 0 0 0 0 0 1 0 0 0 0 0 0 0 0 0 0 0 0 0 0 0 0 0 0 0 0 0 0 0 0 0 0 0 0 0 0 0 0 0 0 0 8 12 0 42 2 0 15 0 0 0 17 18 0 1 37 1 10 0 19 19 3 0 0 0 0 5 2 0 5 26 0 5 6 14 33 0 16 8 0 53 0 0 0 41 0 0 0 0 0 0 0 0 0 0 0 0 0 0 0 0 0 0 0 0 19 0 0 0 0 0 0 0 0 0 0 0 0 12 0 0 0 11 14 55 7 51 1 15 0 15 21 14 0 0 0 1 15 10 0 0 6 0 26 0 0 0 10 2 0 6 2 8 17 27 0 1 0 4 14 1 0 0 0 0 0 0 0 0 0 0 0 14 0 0 0 0 0 0 0 18 0 0 66 1 2 2 6 0 0 0 7 0 0 0 0 0 0 0 0 0 0 0 0 0 20 7 0 0 0 0 
 0 0 3 63 0 0 0 0 0 0 0 0 0 0 0 0 0 0 0 1 6 0 0 0 0 0 0 0 0 0 105 1 0 0 0 0 0 0 0 0 42 36 41 366 0 447 57 65 157 132 190 47 62 61 82 294 48 76 67 78 51 68 5 0 56 2 0 52 50 0 0 217 103 51 0 0 71 3 49 20 0 0 0 0 0 0 0 0 0 0 0 0 0 0 0 0 0 0 0 0 0 0 0 0 0 0 0 0 0 0 0 0 0 0 0 0 0 0 0 0 0 0 0 0 24 17 0 0 0 0 0 9 0 0 0 0 0 33 0 0 0 0 7 1 0 0 21 16 9 2 0 14 22 0 14 0 27 10 0 8 0 0 0 3 0 0 0 0 13 0 0 0 0 0 0 0 0 0 0 0 0 0 0 0 0 0 0 0 0 0 0 0 0 0 0 0 0 0 0 0 0 0 15 9 0 19 0 0 0 0 0 25 0 0 0 0 0 3 0 0 0 31 62 0 0 0 12 11 0 0 0 7 12 0 16 1 14 0 35 0 0 0 0 0 0 0 0 0 0 0 0 6 0 0 0 0 0 0 0 16 0 0 0 1 0 6 5 66 0 0 0 0 0 0 0 0 0 0 0 0 0 0 0 0 0 0 0 0 0 0 
 0 0 82 30 4 0 7 0 0 3 0 2 57 0 0 0 0 0 8 4 0 2 0 0 0 0 0 0 0 0 4 0 57 0 0 2 5 0 0 0 50 489 44 265 447 0 85 39 61 398 47 57 56 58 51 100 71 56 124 51 51 65 1 0 65 1 2 52 51 2 1 0 108 50 0 0 111 13 0 84 8 0 0 0 0 0 0 3 6 2 0 0 0 6 0 19 0 0 0 23 0 0 0 0 0 0 0 0 0 0 0 0 0 0 0 0 0 0 0 0 0 0 0 0 7 23 0 0 0 0 0 0 0 0 0 0 0 0 0 0 16 27 7 1 0 0 9 0 19 0 0 0 0 7 33 0 3 10 0 0 5 4 0 0 2 0 0 0 0 0 0 0 0 4 12 0 0 7 20 0 0 0 0 0 0 27 0 0 0 0 0 0 0 0 0 0 0 0 0 0 0 0 1 0 1 0 0 0 0 0 0 2 0 0 0 0 0 0 0 0 0 17 45 0 0 0 8 11 14 0 9 27 25 0 18 1 18 0 60 32 0 2 0 0 0 0 0 0 0 0 0 17 0 0 0 0 0 0 0 1 0 0 0 0 0 4 0 30 0 0 0 0 0 7 0 0 0 0 0 0 0 0 0 0 0 0 0 0 0 0 
 0 0 0 0 0 0 65 0 0 3 0 0 0 0 0 0 0 0 0 0 3 3 5 66 3 124 5 3 3 3 3 94 3 3 3 3 3 66 3 3 132 163 129 82 57 85 0 188 86 39 27 67 230 262 39 56 64 100 140 227 2 0 0 3 0 1 2 1 16 0 0 0 10 9 4 6 0 8 30 0 0 0 0 0 0 0 0 0 0 0 0 0 0 0 0 0 0 0 0 0 0 0 0 18 0 14 0 0 0 1 0 1 0 0 0 0 0 1 0 0 15 0 22 0 0 0 45 0 0 27 29 1 3 10 34 7 28 18 3 8 4 0 5 0 0 11 8 7 10 24 0 0 0 19 0 4 6 15 0 0 0 0 0 0 0 5 0 0 0 0 0 0 15 8 0 0 0 0 0 0 0 0 0 18 0 45 0 0 0 0 0 0 0 0 0 0 0 0 0 0 8 26 6 1 0 4 50 44 1 20 11 0 0 1 21 8 14 0 0 8 0 0 5 0 0 0 0 7 0 0 9 11 0 17 1 0 5 4 0 0 0 0 0 0 0 0 0 0 0 0 0 8 0 0 0 0 0 69 0 0 0 0 0 0 0 1 4 0 0 0 0 0 0 0 0 0 0 0 0 0 0 0 0 0 6 0 4 0 0 0 
 0 0 0 0 0 11 0 0 52 0 0 0 0 0 0 0 0 0 1 0 1 0 0 0 59 0 0 0 0 63 130 77 0 0 0 0 0 0 0 0 41 89 158 96 65 39 188 0 89 43 127 212 85 181 59 67 96 94 118 121 0 2 0 0 0 2 29 0 0 203 0 0 19 0 0 0 2 0 0 47 0 0 0 0 0 0 0 0 0 0 0 3 0 0 0 0 0 0 0 0 0 0 0 0 0 10 0 0 6 17 2 0 0 0 0 0 14 0 0 0 0 0 86 34 20 5 36 12 28 19 67 27 0 10 32 22 47 0 0 9 0 6 0 0 0 0 0 1 0 0 0 24 0 0 0 0 0 0 30 15 0 1 0 0 0 5 0 0 4 0 0 0 20 0 0 0 0 0 0 0 0 11 0 0 0 0 0 0 0 0 2 0 0 0 0 0 0 0 0 0 7 22 0 18 1 38 23 7 7 0 11 9 0 0 0 10 33 16 8 11 9 6 0 0 0 0 0 0 0 0 0 0 0 10 0 1 0 0 1 3 0 0 13 0 0 0 0 0 0 0 0 4 0 0 0 0 0 0 0 0 0 0 0 0 0 1 0 0 0 0 0 0 0 0 0 0 0 0 0 0 0 0 0 0 15 0 0 0 0 0 
 0 0 3 0 0 0 0 0 0 0 0 0 0 0 0 0 0 0 0 0 4 0 0 0 64 4 2 0 1 0 0 0 0 0 0 2 0 0 0 0 55 44 422 94 157 61 86 89 0 211 93 54 160 111 142 211 354 141 79 81 0 7 7 0 0 0 0 0 0 0 0 0 0 0 0 0 0 0 54 0 0 0 0 0 0 0 0 0 0 0 0 0 0 0 0 0 0 0 11 0 0 0 0 0 0 29 0 0 0 0 4 0 0 0 0 0 0 0 0 0 0 69 20 1 9 6 0 2 21 27 0 0 0 0 6 9 0 14 1 8 12 0 0 0 0 3 8 20 0 0 0 0 11 9 0 0 0 0 9 0 0 0 0 0 0 0 0 2 0 0 0 0 0 0 0 0 3 0 0 16 0 0 0 0 9 0 0 0 0 0 0 6 0 0 0 0 0 0 0 0 1 0 33 79 9 0 1 0 8 19 0 13 13 0 0 6 23 24 18 0 8 38 0 0 0 0 21 0 0 0 0 0 0 0 0 0 7 0 0 0 0 0 0 0 0 0 0 0 0 0 0 9 0 0 0 0 0 0 0 1 0 0 2 66 64 1 1 2 0 0 0 0 0 0 0 0 0 0 0 0 0 0 0 0 0 6 0 20 0 14 
 0 0 0 0 2 0 2 0 3 2 0 0 0 0 0 0 4 0 0 5 11 0 0 0 0 0 0 0 2 2 0 0 0 0 0 5 3 0 65 0 46 52 330 137 132 398 39 43 211 0 192 246 269 66 112 425 56 93 290 183 0 23 0 0 0 2 1 2 0 0 0 0 45 2 0 0 0 0 0 0 0 0 0 0 0 0 14 0 0 0 0 0 11 0 0 0 0 0 1 0 0 0 0 0 0 0 0 0 0 0 0 0 0 0 0 0 0 0 0 0 0 0 0 14 1 10 1 0 0 0 0 22 0 0 0 2 11 0 0 0 0 0 0 0 0 0 20 0 19 0 0 43 0 0 1 0 9 0 2 3 0 0 0 13 0 0 0 6 5 0 0 0 4 0 0 0 7 0 0 0 0 0 0 8 0 0 0 0 0 0 0 0 0 0 0 0 0 0 0 0 0 10 47 16 37 93 0 0 0 0 10 0 0 0 0 14 0 34 0 0 0 16 0 0 0 0 38 0 0 0 0 0 17 30 7 0 3 0 21 0 0 0 0 0 0 0 0 0 0 0 0 4 0 0 0 0 0 0 0 3 0 0 66 4 2 3 1 65 0 0 7 0 0 0 0 0 0 0 0 0 0 5 0 0 21 0 0 0 0 0 
 0 0 0 0 0 0 0 0 0 0 0 0 0 0 0 0 0 0 0 0 5 0 0 0 0 0 1 0 0 0 0 3 0 0 0 0 0 0 0 0 38 36 124 129 190 47 27 127 93 192 0 200 19 265 58 142 200 50 42 79 0 4 0 1 1 1 2 0 0 0 31 2 209 0 43 0 3 0 24 0 0 0 0 0 0 0 0 0 0 0 0 0 0 0 0 0 0 0 0 0 0 0 0 0 0 0 0 0 0 0 0 0 0 0 0 0 0 0 0 0 0 0 6 17 28 6 0 0 10 15 6 9 0 0 0 18 30 1 0 0 14 19 1 1 2 0 0 1 19 7 10 5 20 0 40 0 33 0 36 7 0 0 0 3 0 0 0 0 0 0 0 0 0 0 0 0 0 0 0 0 0 0 0 0 0 0 0 0 0 0 0 0 0 8 0 0 0 0 0 0 1 14 0 27 14 45 0 0 0 0 8 22 0 0 0 0 0 52 0 0 10 0 5 0 3 1 18 0 1 0 0 0 38 63 5 0 8 0 14 0 0 0 0 0 0 0 0 0 0 0 0 14 0 0 0 0 0 0 0 12 0 0 72 0 0 1 4 40 4 0 8 0 0 1 0 4 0 0 0 0 0 0 0 0 0 13 0 0 0 0 
 0 0 0 0 0 0 2 0 0 0 0 0 0 0 0 0 0 0 0 0 9 3 3 2 3 3 2 3 3 3 3 2 3 3 3 5 3 4 3 3 167 383 254 160 47 57 67 212 54 246 200 0 251 153 98 97 164 258 101 315 0 0 0 0 20 0 6 0 7 0 0 0 3 0 0 0 0 0 54 4 0 0 0 0 0 0 0 0 0 0 0 0 0 0 0 0 15 0 0 0 0 0 0 0 0 0 0 0 0 0 0 0 0 0 0 0 0 0 0 0 0 0 23 66 13 0 16 26 27 0 39 14 0 13 13 51 37 0 0 0 0 0 0 0 0 2 0 0 11 0 0 1 10 0 1 0 1 0 61 14 0 0 0 9 0 0 0 0 0 0 0 0 0 0 0 0 0 0 0 0 0 0 0 0 0 0 0 0 0 0 0 0 0 0 0 19 0 0 0 0 2 17 19 15 22 16 0 40 15 1 12 15 0 0 0 13 23 2 0 0 1 5 13 0 0 0 19 0 0 0 0 0 1 15 0 0 0 0 12 1 0 0 0 0 0 0 0 0 0 0 0 2 0 0 0 0 0 0 0 12 0 27 6 0 3 3 0 1 0 0 0 0 0 0 0 0 0 0 0 0 0 2 0 0 24 7 0 0 0 0 
 0 7 0 0 0 0 2 5 7 5 9 0 0 4 5 5 4 0 0 0 0 0 0 0 0 62 0 204 0 0 0 63 0 62 0 0 1 0 5 0 253 480 344 113 62 56 230 85 160 269 19 251 0 457 217 121 121 36 242 519 0 0 0 0 0 2 1 0 0 0 0 3 3 0 0 0 0 0 52 0 0 6 0 5 12 0 0 0 0 0 1 2 0 0 0 0 4 0 0 0 0 0 0 0 0 9 8 0 0 0 0 0 0 0 0 0 0 0 2 0 15 18 14 0 0 7 16 8 13 22 1 0 17 15 33 25 1 21 11 3 11 0 0 0 0 10 11 4 0 0 0 0 0 0 0 0 0 0 15 0 0 0 0 7 0 0 3 10 0 0 0 0 0 0 0 3 3 0 0 3 0 0 0 0 0 18 4 0 0 0 0 0 0 0 0 0 0 0 0 0 0 36 3 5 1 0 38 23 7 12 0 0 0 11 9 8 50 5 0 0 0 0 0 0 0 0 0 0 0 0 0 0 0 0 0 7 0 0 0 0 0 0 0 0 0 0 0 0 0 0 0 6 0 2 13 0 0 0 0 0 0 0 2 64 2 20 0 0 0 0 0 0 0 0 0 0 0 0 0 0 0 0 0 0 0 0 10 0 0 0 
 0 0 0 0 0 0 3 0 0 0 0 0 0 0 0 0 0 0 0 0 0 2 0 0 63 31 0 0 0 0 0 56 0 2 0 0 0 0 0 0 35 69 78 284 61 58 262 181 111 66 265 153 457 0 608 111 44 33 105 343 1 0 1 0 2 2 1 0 6 54 0 0 225 6 6 8 0 6 34 0 0 13 0 0 0 0 0 0 0 0 0 0 0 0 0 0 0 0 0 0 0 0 0 0 11 13 51 0 0 0 11 0 0 0 0 0 0 0 0 0 21 18 40 29 26 9 4 32 30 24 18 1 0 0 11 0 79 39 17 10 7 0 8 0 0 11 48 10 12 5 0 0 0 5 0 1 26 6 25 0 0 0 0 0 0 0 0 1 0 0 0 0 2 0 0 0 0 0 0 0 0 0 0 0 6 10 0 0 0 0 0 0 0 0 0 0 0 0 0 0 0 62 0 2 0 11 12 32 29 38 65 12 35 12 8 10 38 3 20 0 1 0 9 0 0 0 0 5 0 0 9 4 0 29 0 0 3 8 0 0 0 0 8 0 0 0 0 0 0 0 0 3 0 0 0 0 0 63 0 0 0 0 0 0 2 22 6 0 2 0 0 0 0 0 0 0 21 0 0 0 0 0 0 0 0 0 0 0 0 0 
 0 0 0 0 0 0 5 0 3 0 0 0 0 0 0 0 0 0 3 0 6 0 0 0 62 0 0 0 0 2 4 26 0 0 0 0 0 0 1 0 148 64 230 276 82 51 39 59 142 112 58 98 217 608 0 173 38 99 75 192 0 0 19 1 0 3 0 0 41 2 0 3 4 0 0 0 0 3 2 0 0 0 0 0 0 0 0 0 0 0 0 0 0 0 0 0 0 0 0 11 0 0 0 0 6 0 0 0 0 0 0 0 0 0 0 0 0 0 13 0 15 32 10 15 18 0 16 12 10 0 1 17 0 19 21 7 8 9 22 0 6 0 0 0 0 0 0 18 0 0 9 0 5 0 0 0 0 9 22 0 0 0 0 0 0 0 0 7 0 0 1 0 0 0 0 0 7 0 0 0 0 0 0 0 7 0 0 0 0 0 0 0 0 0 0 0 0 0 0 0 0 18 33 0 34 33 33 47 27 39 1 11 7 11 8 20 46 27 9 0 0 0 0 0 0 0 6 0 0 0 0 0 3 11 0 0 0 0 0 0 0 0 9 0 0 0 0 0 0 31 0 9 0 2 0 0 0 0 0 0 0 0 0 22 3 2 1 0 2 0 0 0 0 0 0 0 0 0 0 0 0 0 0 0 39 0 0 0 0 0 
 0 0 0 0 0 0 0 0 0 0 0 0 0 0 0 0 0 0 0 0 4 3 3 5 3 2 0 2 2 3 3 3 3 3 3 3 2 64 3 3 247 205 265 369 294 100 56 67 211 425 142 97 121 111 173 0 105 290 179 163 3 0 4 2 13 0 61 0 106 2 2 50 0 15 0 0 1 0 1 0 0 0 0 0 0 0 0 0 14 0 0 0 0 0 0 0 0 0 0 0 0 0 0 0 0 5 0 0 0 0 0 0 0 0 0 0 0 0 0 0 0 24 20 12 0 0 0 10 3 1 16 3 0 0 46 15 0 7 18 21 2 0 0 11 10 5 0 0 0 0 0 0 0 0 9 4 1 0 0 0 0 0 0 3 0 0 0 6 0 0 0 0 0 0 0 0 8 0 0 0 0 0 0 0 0 0 0 0 0 0 0 0 0 0 0 0 0 0 0 0 0 18 14 0 22 35 0 24 0 13 10 0 0 0 0 14 10 0 0 0 0 0 0 0 0 8 19 0 8 0 0 0 1 17 1 8 0 0 30 0 0 0 0 0 0 2 0 0 0 0 0 14 0 0 0 0 0 0 0 1 0 0 2 1 0 0 2 0 0 0 8 0 0 0 0 0 0 0 0 0 0 0 0 0 25 11 0 0 0 0 
 0 1 1 0 0 1 1 0 1 0 0 1 0 0 61 1 27 0 2 39 4 0 0 0 0 0 3 0 0 0 0 0 2 0 0 3 0 0 0 0 105 47 327 51 48 71 64 96 354 56 200 164 121 44 38 105 0 478 96 85 0 0 0 0 0 2 2 0 0 0 0 7 0 0 0 0 0 0 51 0 0 0 0 0 0 0 0 0 0 0 0 0 0 0 0 19 0 0 0 0 0 0 0 0 0 1 0 0 0 0 0 0 0 9 0 0 0 0 0 0 0 25 1 10 19 8 14 0 2 45 35 0 0 33 0 13 3 0 20 21 9 0 0 0 0 3 0 10 0 0 0 0 0 11 0 0 2 0 1 0 0 0 11 2 0 0 0 6 0 0 0 0 0 0 0 0 8 0 0 0 0 0 0 0 0 0 0 0 20 0 0 0 0 1 0 0 0 0 0 0 1 0 13 6 13 0 0 8 6 12 0 12 0 0 1 27 0 9 1 0 20 4 0 0 0 0 19 0 0 0 0 0 1 9 0 0 0 0 15 0 0 0 0 0 0 0 0 0 1 0 0 9 0 0 0 0 0 0 0 0 0 0 1 1 66 2 0 0 1 0 0 0 0 0 0 0 0 0 0 0 0 0 0 0 20 7 0 9 0 0 
 3 3 3 0 2 3 6 3 3 3 3 3 3 3 3 3 3 3 2 3 4 1 2 10 0 0 0 0 2 0 6 0 2 1 0 0 3 0 0 0 37 70 319 166 76 56 100 94 141 93 50 258 36 33 99 290 478 0 235 105 0 0 0 0 20 2 0 0 11 0 0 0 0 0 0 0 0 0 7 0 0 0 0 0 0 0 0 0 0 0 0 0 0 0 0 0 0 0 0 16 14 4 4 0 8 0 0 0 0 0 0 29 0 11 0 5 0 0 0 0 1 12 0 11 1 0 24 5 9 0 18 35 0 18 11 10 20 0 0 0 8 0 0 0 0 0 0 2 0 0 0 10 0 0 0 0 0 22 32 0 0 0 0 0 0 7 0 6 0 0 0 0 0 0 0 0 6 0 0 0 0 0 0 0 0 0 0 0 0 7 2 0 0 0 7 0 17 0 0 0 7 11 16 34 19 18 0 2 3 1 26 0 0 0 0 26 27 22 0 0 0 0 0 0 0 0 21 0 0 0 0 0 0 0 0 10 0 0 0 0 0 0 4 0 0 0 0 0 0 0 0 5 0 0 0 0 0 0 0 11 0 0 1 63 0 2 3 0 0 0 1 0 0 0 0 0 0 0 0 0 0 1 0 0 44 22 0 0 0 0 
 0 0 0 2 2 0 1 0 0 3 0 0 0 0 0 0 0 0 0 0 0 8 30 0 57 0 1 0 2 61 63 65 0 66 0 0 68 0 0 0 100 262 58 63 67 124 140 118 79 290 42 101 242 105 75 179 96 235 0 213 0 8 0 0 0 2 2 3 0 0 0 0 0 1 0 0 0 3 3 0 0 0 0 0 0 0 0 0 0 0 0 0 0 0 0 0 0 0 0 0 0 0 0 0 1 14 0 0 1 17 4 21 0 0 0 8 24 7 0 0 28 16 18 0 0 4 16 4 30 15 8 10 8 15 35 4 0 0 7 37 0 4 0 0 0 5 0 0 0 0 0 7 0 0 0 0 0 0 0 0 0 12 0 0 0 0 0 0 0 0 0 0 0 0 0 0 0 0 0 0 6 0 0 0 1 0 0 35 0 4 24 1 0 0 0 0 0 3 0 0 15 4 9 0 0 23 12 33 0 0 0 0 0 0 0 15 13 0 13 15 24 0 0 19 0 0 2 0 0 1 0 0 0 0 0 4 0 11 5 6 0 0 0 0 0 8 0 0 0 0 0 8 0 0 0 0 0 0 0 0 0 0 0 0 0 0 12 0 0 0 0 0 0 0 0 0 0 0 0 0 0 0 0 0 43 0 0 0 0 0 
 6 2 8 0 0 2 2 2 2 2 2 2 2 2 2 2 4 2 9 2 0 1 13 67 70 19 3 0 2 12 1 130 0 2 0 66 0 64 5 0 99 146 269 137 78 51 227 121 81 183 79 315 519 343 192 163 85 105 213 0 0 2 0 0 0 0 2 0 0 0 0 0 0 4 201 0 0 1 1 0 7 0 0 3 1 0 0 0 0 9 12 0 0 0 0 15 1 0 0 12 0 0 0 22 0 31 0 0 0 12 0 0 0 0 0 0 1 0 0 0 0 9 17 0 0 0 31 11 6 6 10 3 13 11 30 8 0 0 0 15 0 0 0 0 44 1 1 0 0 0 0 0 0 0 0 0 0 0 0 0 4 15 0 0 4 2 0 0 14 9 0 0 6 0 10 0 9 6 15 1 0 0 0 17 0 9 0 0 0 0 6 0 0 0 0 0 0 0 0 0 7 11 0 0 24 22 7 30 0 1 7 0 0 0 11 20 0 0 12 18 0 0 0 0 0 2 0 12 0 0 0 0 0 3 0 0 0 0 0 0 0 9 0 0 0 0 0 0 0 0 0 4 0 1 0 0 0 64 0 0 0 0 1 0 0 2 0 0 2 0 0 0 0 0 0 0 0 0 0 0 0 0 0 0 31 0 14 0 0 0 
 0 1 0 0 0 0 4 0 1 0 0 1 0 0 2 0 0 0 2 0 0 0 0 0 0 0 0 0 0 0 0 0 0 2 0 0 0 0 0 0 0 0 0 0 51 51 2 0 0 0 0 0 0 1 0 3 0 0 0 0 0 107 182 310 94 36 338 51 109 95 40 57 247 322 50 112 84 173 49 158 0 0 0 0 18 0 0 0 0 0 0 0 0 0 0 0 0 0 0 0 0 0 0 0 0 0 0 0 10 0 0 0 0 3 0 0 0 0 0 0 0 0 0 0 0 0 0 0 0 0 0 0 0 0 0 0 0 0 0 0 7 2 17 9 0 0 1 10 0 21 0 1 0 0 7 43 0 32 0 0 0 0 0 0 3 0 0 0 0 2 4 7 0 0 0 0 0 0 0 0 0 0 0 0 0 0 0 0 4 0 0 0 0 0 7 0 0 0 0 0 0 0 0 0 0 0 0 0 0 0 0 0 0 0 0 0 0 0 0 15 21 0 0 34 0 0 7 10 20 8 10 24 6 5 17 0 40 12 10 19 6 0 0 0 0 0 0 0 0 0 0 0 0 0 4 0 0 0 0 0 0 0 0 2 0 0 0 0 0 0 10 0 0 2 2 0 0 0 0 0 0 0 0 0 0 0 0 0 0 0 
