 0 215 363 52 214 51 248 155 29 119 115 164 119 39 39 52 73 120 134 69 2 2 2 0 4 0 0 0 0 0 3 0 0 4 2 1 3 0 0 0 0 0 3 0 1 0 0 0 0 0 0 0 0 0 0 2 0 0 1 0 0 0 0 0 0 0 0 0 0 0 0 0 0 0 0 0 0 0 0 0 6 0 24 7 1 13 10 20 9 10 0 12 14 9 0 12 0 11 17 7 0 0 0 0 0 0 3 0 0 0 0 0 1 0 0 0 1 0 0 0 0 0 0 0 0 0 0 0 0 0 0 0 0 0 1 0 0 0 1 0 0 0 0 0 0 9 0 0 8 0 0 0 0 0 2 0 0 5 0 0 26 41 0 0 13 0 18 3 10 10 16 0 38 2 0 1 0 0 0 31 0 0 0 0 0 0 0 4 0 0 0 0 0 0 0 0 0 0 0 0 0 0 0 0 0 0 0 0 0 0 0 0 0 0 0 0 0 0 0 0 0 0 0 0 0 0 0 0 0 0 0 0 1 0 0 0 0 0 0 0 0 13 0 0 0 2 0 0 0 0 0 7 0 2 0 0 0 0 0 0 0 0 13 0 0 0 0 0 0 14 0 0 0 0 0 0 0 0 0 0 0 0 0 0 0 0 0 0 0 0 
 215 0 136 188 146 60 252 624 393 141 194 127 360 238 152 37 219 339 557 101 0 3 2 0 4 2 0 207 2 2 2 87 19 0 0 4 8 0 2 4 2 6 2 2 5 0 2 0 68 1 0 3 2 11 0 0 1 0 2 0 0 0 2 0 4 4 0 7 2 4 0 0 3 0 3 2 0 0 0 5 21 20 21 0 9 19 0 2 42 4 66 18 0 5 15 31 24 19 0 64 0 0 0 0 0 0 16 3 0 9 0 0 9 0 0 0 0 0 23 0 2 0 0 0 0 0 0 0 0 1 0 0 0 3 0 0 0 0 0 0 0 0 1 0 0 0 0 0 0 0 0 0 0 0 0 0 0 0 0 0 12 0 1 23 12 8 0 15 0 0 10 1 0 17 11 15 0 6 0 12 0 0 0 0 0 2 0 2 0 0 2 0 4 0 0 0 0 0 0 0 0 0 0 0 0 0 1 0 0 0 0 0 0 0 0 0 0 0 0 0 0 0 0 0 0 0 0 0 0 0 0 0 2 0 0 0 0 0 0 0 0 0 0 0 0 0 44 1 1 0 1 8 0 0 0 0 2 0 0 0 2 0 0 0 2 0 0 0 0 0 0 0 0 0 0 0 10 0 0 0 0 0 0 0 0 0 0 0 0 0 
 363 136 0 141 68 128 50 82 327 224 136 117 124 44 36 32 277 135 269 57 0 3 0 0 1 1 75 2 2 0 1 3 1 0 0 0 0 3 149 77 0 0 6 0 2 0 4 0 3 0 6 0 0 3 0 6 0 0 6 0 0 0 2 0 2 0 5 0 0 3 0 0 0 2 0 0 0 0 0 0 5 0 30 15 8 12 10 16 19 2 0 15 10 13 27 37 16 11 0 16 0 0 0 0 0 0 21 0 0 0 0 0 0 0 0 0 0 0 11 43 0 0 0 0 0 0 0 0 0 0 0 0 0 0 0 0 0 0 0 0 0 0 0 0 0 0 0 0 0 0 0 0 0 0 0 0 0 0 0 0 0 7 34 0 0 14 15 0 10 15 0 14 29 17 0 1 7 0 0 7 0 0 0 0 0 0 11 20 0 0 0 0 0 11 0 0 0 0 30 17 0 0 0 0 0 0 0 0 0 0 0 0 0 0 0 0 0 0 0 0 0 0 0 0 0 0 2 0 0 0 0 0 0 0 0 0 0 0 0 0 0 0 0 0 0 0 2 2 1 4 12 12 0 0 0 0 0 0 0 0 0 0 0 0 0 0 0 0 0 0 0 0 0 0 0 0 0 19 0 0 0 0 0 0 0 0 0 0 0 0 
 52 188 141 0 260 52 166 148 95 180 47 138 292 175 127 200 157 55 277 173 0 3 0 0 2 0 75 2 3 0 0 5 75 0 0 0 0 0 1 75 0 0 0 0 2 3 0 63 3 0 0 0 0 3 0 0 0 4 6 0 0 0 2 0 1 1 0 0 0 2 0 0 0 0 0 0 0 0 0 0 37 0 24 10 10 33 18 13 29 73 45 18 0 9 21 0 29 39 16 2 0 0 0 0 0 0 0 0 0 0 0 0 0 0 9 10 0 0 10 0 0 0 0 0 0 0 0 0 0 0 0 14 16 0 0 12 0 0 0 0 0 0 0 0 5 0 0 0 0 0 0 0 0 0 0 11 0 0 0 0 31 0 7 51 1 0 1 26 0 10 0 1 0 28 24 0 45 11 0 12 1 0 0 1 0 0 9 0 0 0 0 0 0 10 0 0 9 0 14 0 0 0 0 0 0 0 0 0 0 0 0 0 0 0 0 0 3 0 0 0 0 0 0 0 0 0 0 0 0 0 0 0 0 0 0 0 0 0 0 0 0 1 0 0 0 0 0 0 2 5 0 0 25 0 0 0 0 0 0 0 0 0 0 0 0 0 0 0 0 0 0 0 0 0 0 25 11 0 0 0 0 0 0 0 0 0 0 0 0 0 
 214 146 68 260 0 61 52 170 250 264 202 138 88 185 496 187 247 517 86 86 2 3 2 0 3 3 76 4 3 4 1 5 97 0 1 0 2 0 21 4 0 0 6 0 2 3 0 0 3 3 0 3 2 3 0 3 0 0 2 2 0 0 2 0 2 1 0 3 43 4 0 0 0 2 0 0 0 0 0 0 36 1 2 21 29 23 0 2 63 45 74 29 0 0 13 45 21 28 15 21 0 0 0 0 0 0 10 0 0 0 0 0 19 0 0 0 0 0 24 10 0 0 0 0 0 0 0 0 0 0 0 0 0 0 0 0 0 0 0 0 0 0 0 0 0 0 0 0 0 0 0 0 0 0 0 0 0 1 0 0 1 12 11 28 18 20 0 35 0 14 2 0 21 1 28 0 35 8 0 14 0 0 0 1 14 0 0 0 2 0 34 0 9 0 0 0 0 0 6 0 0 0 0 0 18 0 0 0 0 0 0 0 0 0 0 0 2 0 0 0 0 0 0 0 0 0 0 0 0 0 0 0 0 0 0 0 0 0 0 0 0 22 0 0 0 3 47 0 2 6 0 11 2 0 0 0 0 0 73 0 0 0 32 0 0 0 1 0 0 0 0 0 0 0 0 0 17 0 0 0 0 0 0 0 53 0 0 0 0 0 
 51 60 128 52 61 0 28 36 47 158 414 40 246 49 55 83 61 63 43 69 2 60 3 5 6 2 41 3 72 0 0 0 0 153 0 5 274 5 71 94 0 0 0 0 0 2 30 3 0 4 20 4 3 0 3 0 2 0 2 0 0 0 0 6 4 2 0 0 1 0 2 1 5 52 12 0 0 3 3 5 0 0 0 2 43 20 0 0 0 0 0 0 0 0 0 0 0 0 0 0 32 81 0 0 0 15 45 3 12 0 0 0 21 29 10 16 43 0 11 48 0 0 0 0 0 0 0 0 0 0 0 14 0 0 0 0 15 0 0 0 0 0 0 0 0 0 0 0 0 15 0 0 0 2 0 0 0 0 0 0 0 0 11 0 16 12 0 0 0 3 0 15 0 0 6 2 1 11 0 0 12 47 11 1 0 0 19 48 32 0 9 0 63 12 12 15 4 29 1 78 15 0 0 0 0 0 0 0 0 0 0 1 0 0 7 0 0 0 1 0 0 0 0 0 0 8 0 0 0 0 0 1 0 0 0 0 0 1 0 0 0 0 0 0 0 0 7 0 92 2 6 14 0 0 0 0 0 75 0 0 17 0 0 0 0 1 0 0 0 0 0 0 0 0 0 0 0 0 0 0 0 7 0 0 0 0 0 0 0 0 
 248 252 50 166 52 28 0 251 154 43 79 196 222 33 261 261 35 37 95 290 0 3 0 3 3 0 0 2 0 0 1 3 0 0 0 1 0 3 0 2 0 0 0 0 2 0 0 0 3 4 4 0 0 3 0 0 2 0 3 0 0 0 2 0 0 1 0 0 1 2 0 0 0 0 0 0 0 0 0 0 15 3 14 0 0 25 0 24 0 39 1 0 44 21 11 0 1 21 16 8 0 0 0 0 0 0 0 1 0 0 0 0 0 0 0 0 0 0 0 0 0 0 0 0 0 0 2 0 0 0 0 0 0 0 0 0 0 0 0 0 0 0 0 0 42 0 0 0 0 0 0 0 0 0 0 0 0 11 0 0 12 19 22 63 1 0 27 15 14 6 0 1 24 36 43 10 11 17 0 10 0 0 0 0 0 1 0 0 0 0 1 0 0 0 0 0 0 0 0 0 0 0 0 0 0 0 2 0 0 0 0 0 0 0 0 8 0 0 0 0 0 0 0 0 0 0 0 0 0 0 0 0 0 0 0 0 0 0 0 0 0 0 0 0 0 3 0 0 0 2 0 16 0 0 0 0 0 0 0 0 0 0 0 0 0 0 0 0 0 0 0 0 0 0 0 6 0 23 0 0 0 0 0 0 0 0 0 0 0 0 
 155 624 82 148 170 36 251 0 294 90 35 323 201 242 47 33 200 382 285 126 0 3 0 0 2 0 1 2 74 0 4 5 0 5 7 2 0 1 0 3 0 0 4 0 2 1 0 0 6 0 0 0 0 3 0 3 0 0 0 0 0 0 2 0 1 0 0 5 0 3 0 0 0 0 0 0 1 0 0 0 10 10 34 8 11 32 0 10 48 46 46 41 18 35 16 48 18 24 0 0 0 0 0 0 0 0 14 0 0 0 0 0 11 0 0 0 0 0 1 0 0 0 0 0 0 0 0 0 0 0 0 0 1 0 0 0 0 0 0 0 0 0 0 0 7 0 0 0 1 0 0 0 0 0 0 0 0 0 0 0 7 17 12 11 36 0 15 1 20 44 17 14 57 15 11 18 59 31 0 0 0 0 0 0 0 0 0 0 0 0 0 0 0 0 0 0 0 0 17 0 0 0 0 0 0 0 0 0 0 0 0 0 0 8 0 0 0 0 0 0 0 9 0 0 0 0 1 0 0 0 0 0 0 0 10 0 0 0 0 0 0 23 0 0 0 0 0 0 0 0 0 7 0 0 0 0 0 0 0 0 0 0 19 0 0 0 0 0 0 0 0 0 0 0 0 28 0 2 0 0 0 0 0 0 0 0 0 0 0 0 
 29 393 327 95 250 47 154 294 0 226 47 337 208 108 90 83 450 380 181 165 3 4 0 0 23 0 74 4 0 0 2 5 0 74 0 2 3 0 168 76 0 0 0 0 2 3 60 0 3 0 0 7 0 3 0 0 0 4 2 0 0 0 2 0 1 0 0 0 0 2 0 0 0 0 0 0 0 0 0 0 13 0 10 0 18 32 0 16 33 17 18 0 11 49 12 0 20 19 0 1 0 0 0 0 0 0 0 0 0 0 1 0 15 0 0 0 0 0 0 0 0 0 1 0 0 0 0 0 0 0 0 1 0 0 0 0 1 0 0 2 0 0 0 0 0 0 0 0 0 0 0 0 0 0 0 0 0 0 0 0 0 8 11 32 13 11 52 0 0 10 9 0 0 33 19 0 10 15 0 3 19 0 1 0 0 0 17 0 0 20 0 0 0 0 0 0 0 0 28 0 1 0 0 0 0 0 0 0 0 0 0 0 0 0 0 0 0 0 0 0 0 0 0 0 0 0 0 0 0 0 11 0 0 0 0 0 0 0 0 0 0 0 0 0 0 1 1 0 0 89 2 14 0 0 0 0 0 0 0 0 0 0 0 0 0 0 0 0 0 0 0 0 0 0 0 7 3 12 0 0 0 0 0 0 0 0 0 0 0 13 
 119 141 224 180 264 158 43 90 226 0 97 239 68 82 105 192 214 144 443 90 0 3 0 0 3 0 1 2 0 0 2 3 72 0 0 0 0 0 148 76 0 0 2 0 2 0 0 0 3 0 0 0 0 3 0 4 0 0 0 0 0 0 2 0 1 1 0 0 0 2 0 0 0 1 0 0 0 0 0 0 23 9 22 28 6 17 22 0 10 19 15 0 13 0 17 15 8 28 0 1 0 0 0 0 0 0 30 0 0 0 0 0 25 0 0 0 0 0 36 16 0 0 0 0 0 0 0 0 0 0 0 0 0 0 0 2 0 0 23 0 0 0 7 0 0 0 0 0 0 0 1 0 0 0 0 0 0 1 0 2 0 0 18 0 1 10 0 0 15 14 0 29 20 15 20 0 9 0 0 0 0 0 0 0 0 0 12 1 0 0 0 0 20 27 0 0 0 0 22 16 0 0 0 0 0 0 0 2 0 0 0 0 0 0 0 0 0 0 0 1 0 2 0 0 0 0 0 0 0 0 0 0 16 0 0 0 0 0 0 0 0 0 0 0 0 0 87 2 4 90 11 10 87 0 0 0 0 1 0 0 0 0 0 0 0 0 0 0 0 0 0 0 0 0 0 0 12 0 0 0 0 0 0 0 0 0 0 0 0 0 
 115 194 136 47 202 414 79 35 47 97 0 58 384 127 68 183 110 70 35 69 0 3 0 0 19 5 50 3 208 2 11 3 84 162 0 0 0 3 0 79 0 0 16 0 2 0 5 6 4 2 0 2 21 22 0 0 0 2 3 1 0 44 3 0 0 0 0 0 0 2 0 0 0 27 0 0 0 0 0 0 0 0 0 0 12 42 0 0 12 0 16 10 0 10 0 16 0 13 0 15 0 0 0 0 0 0 25 0 21 0 0 0 18 14 0 13 10 0 14 21 0 0 0 0 0 0 0 0 0 0 0 0 0 0 1 0 0 0 0 0 0 0 0 0 1 0 0 0 1 0 0 0 0 0 0 0 0 0 0 0 0 0 0 0 0 22 0 37 0 0 0 0 0 0 0 0 15 10 0 0 1 18 10 0 0 0 41 18 0 0 0 0 67 48 0 0 0 0 14 0 0 0 0 0 0 0 0 0 0 0 0 0 0 0 0 0 0 0 0 0 0 0 0 0 0 0 1 0 0 0 0 0 0 0 0 0 0 0 0 0 0 0 0 0 0 2 93 0 11 0 4 11 0 0 0 0 0 0 0 1 0 0 0 0 0 2 0 0 0 0 0 0 0 0 0 0 0 0 0 0 0 0 0 0 0 0 0 0 0 0 
 164 127 117 138 138 40 196 323 337 239 58 0 145 36 53 58 284 629 48 32 0 3 2 0 1 2 73 75 3 0 1 3 4 79 0 0 0 1 76 77 3 2 6 0 2 72 3 3 6 3 0 0 0 3 0 4 0 2 0 2 0 3 5 3 2 36 3 8 2 4 3 0 0 0 2 3 2 0 0 0 14 0 56 36 28 21 2 10 0 5 19 39 0 0 1 42 11 32 0 1 1 0 0 0 8 0 10 0 0 0 0 0 9 0 0 0 0 0 14 0 0 0 0 0 0 0 1 0 0 0 0 0 0 0 0 0 0 0 0 0 0 0 0 0 0 0 0 0 0 0 0 0 0 0 0 15 0 0 0 0 9 17 36 0 49 1 0 0 16 13 80 16 16 1 13 14 0 31 0 0 0 0 0 0 0 0 0 2 0 0 0 0 10 9 0 0 0 0 11 0 0 0 0 0 0 0 0 0 0 0 0 0 0 0 0 17 0 0 0 0 0 0 0 0 0 0 0 0 0 0 0 0 0 0 0 0 0 0 0 0 0 28 0 0 0 0 1 2 4 3 10 5 0 0 0 10 0 0 0 0 0 0 21 0 0 0 0 0 0 0 0 0 0 0 0 17 25 0 0 0 0 0 0 0 0 0 0 0 0 0 
 119 360 124 292 88 246 222 201 208 68 384 145 0 188 221 339 163 175 394 146 0 5 0 0 28 1 0 2 0 0 1 5 0 0 0 0 0 5 0 3 0 4 62 0 2 0 0 3 3 4 0 0 1 24 22 6 0 0 21 0 0 0 2 0 1 3 0 3 0 2 0 46 0 0 0 0 0 0 0 0 35 29 57 15 10 14 13 0 1 38 11 0 29 20 46 25 13 0 14 12 0 0 0 0 0 0 0 0 0 0 0 0 0 0 0 0 0 0 0 0 0 0 0 0 0 0 0 0 0 0 0 0 0 17 0 0 0 0 0 0 0 0 0 0 21 0 0 0 0 0 0 0 0 0 0 0 0 0 0 0 12 15 32 24 0 0 43 30 7 50 0 33 30 26 19 9 14 21 0 20 0 0 0 0 0 0 0 0 0 5 0 0 0 0 0 0 0 0 0 0 0 0 0 0 0 0 0 0 0 0 0 0 0 0 0 0 19 0 0 0 0 1 0 0 0 0 2 0 0 0 0 0 0 0 0 0 0 0 0 0 0 0 0 0 0 2 0 0 4 3 0 3 1 0 2 0 2 0 0 0 0 0 0 0 0 0 0 0 0 0 0 0 0 0 0 8 7 17 0 0 0 0 0 0 0 0 0 0 0 0 
 39 238 44 175 185 49 33 242 108 82 127 36 188 0 655 97 322 122 412 370 0 3 0 0 3 0 0 2 0 0 1 3 0 0 0 0 0 0 0 75 0 21 0 0 2 0 0 0 3 0 0 0 0 3 0 0 0 0 2 0 0 0 2 0 2 0 0 4 0 3 0 0 0 0 0 0 0 0 0 0 47 36 14 26 12 22 14 0 39 32 30 5 44 20 41 20 0 13 17 28 0 0 0 0 0 0 0 0 0 0 0 0 0 0 0 0 0 0 0 0 0 0 2 0 0 0 0 0 0 0 0 0 0 0 0 0 0 0 0 2 0 0 0 0 3 0 0 0 0 0 0 0 0 0 0 0 0 0 0 0 20 1 27 41 0 11 0 38 11 1 13 16 0 11 24 20 28 32 0 30 0 0 0 1 0 0 0 5 0 0 0 0 0 0 0 0 0 0 0 0 0 0 0 0 0 0 2 0 0 0 0 0 0 0 0 0 0 0 0 0 0 0 0 0 0 0 0 0 0 0 0 0 0 0 0 0 0 0 0 0 0 0 0 0 0 2 1 0 2 0 0 12 0 0 0 0 0 0 0 0 0 0 0 0 0 0 0 0 0 0 0 0 0 0 0 0 5 0 0 0 0 0 0 0 0 0 0 0 0 0 
 39 152 36 127 496 55 261 47 90 105 68 53 221 655 0 257 134 45 265 133 0 3 0 0 2 0 0 2 0 36 9 5 75 8 1 3 0 0 4 2 0 20 1 0 2 0 0 6 4 0 2 6 0 3 27 2 3 0 2 0 2 0 2 0 6 2 54 0 0 5 0 4 6 0 0 0 0 3 4 0 7 26 1 12 6 0 0 0 25 12 42 11 14 11 35 12 0 12 8 39 0 0 0 11 0 0 0 0 0 0 0 0 1 0 0 0 0 0 15 0 0 0 0 0 0 0 0 0 0 0 0 0 0 0 0 0 0 0 0 0 0 0 0 0 1 0 0 0 0 0 2 6 0 0 0 0 0 2 0 0 27 10 0 14 0 10 11 39 14 0 0 3 10 23 0 15 35 2 0 32 0 0 0 2 0 0 0 0 0 0 0 0 0 0 0 0 0 0 0 0 0 0 0 0 0 0 0 0 0 0 8 0 0 0 0 0 0 0 0 0 0 0 0 0 0 25 0 0 0 0 0 0 0 0 0 0 0 0 0 0 0 2 0 0 0 2 88 2 2 0 0 8 0 0 0 1 0 0 30 0 0 0 0 0 0 0 2 0 0 0 0 0 36 0 0 0 8 0 0 0 0 0 0 0 0 0 0 0 0 2 
 52 37 32 200 187 83 261 33 83 192 183 58 339 97 257 0 172 130 128 160 1 3 0 0 1 0 0 2 0 0 2 3 19 5 0 2 0 0 3 2 0 0 0 0 9 3 0 0 3 0 1 0 0 3 0 2 0 4 2 0 0 0 2 0 3 0 0 0 0 3 0 0 3 34 0 0 0 0 0 0 9 7 0 27 6 14 0 0 53 35 69 11 13 0 16 16 34 7 8 11 0 0 0 0 0 0 0 2 0 0 0 0 0 0 0 0 1 0 9 0 0 0 0 0 0 0 2 0 0 0 0 0 0 0 0 0 0 0 1 0 0 0 2 0 0 0 0 0 0 0 0 0 0 0 0 15 0 0 0 0 15 21 7 49 0 7 0 52 0 1 0 0 0 9 25 0 58 2 0 10 0 0 0 0 0 0 0 1 0 0 1 0 0 0 34 0 0 0 18 0 0 0 0 0 0 0 2 0 0 0 0 0 0 0 0 0 0 0 0 0 0 0 0 0 0 0 0 0 0 0 0 0 1 0 0 0 0 0 0 0 0 0 0 0 0 2 45 0 0 1 0 14 0 0 1 0 0 0 0 0 0 0 0 0 0 0 0 0 0 0 0 0 0 0 0 1 8 0 0 0 0 0 0 0 0 0 0 0 0 0 
 73 219 277 157 247 61 35 200 450 214 110 284 163 322 134 172 0 113 141 54 2 3 1 0 6 213 1 2 0 0 2 3 0 0 0 0 0 0 0 2 0 0 32 0 2 0 0 0 3 1 8 0 0 3 0 6 0 0 0 0 0 0 2 0 1 1 4 0 0 2 0 0 0 0 0 0 0 0 0 0 35 0 45 52 8 15 13 27 15 37 19 10 14 1 14 37 28 22 20 29 1 0 0 0 0 0 0 0 0 0 0 0 0 0 0 0 0 0 17 0 0 0 0 0 0 0 0 2 4 0 1 0 0 0 0 0 0 0 0 0 0 0 0 0 1 3 0 0 0 0 0 0 0 0 0 0 0 0 0 47 7 51 23 9 17 1 5 16 77 48 10 0 31 16 13 0 0 83 0 13 11 0 0 0 0 0 1 0 0 0 0 0 0 0 0 0 0 0 0 0 0 0 0 0 1 0 0 0 1 0 0 0 0 2 0 0 0 0 0 0 0 0 0 0 0 0 0 0 0 0 0 0 3 3 0 0 2 0 0 0 0 20 0 0 0 0 0 2 1 0 1 10 0 0 0 0 0 0 0 0 0 0 20 0 0 0 0 0 0 0 0 0 0 0 0 18 20 9 0 0 0 0 0 0 0 0 0 0 0 0 
 120 339 135 55 517 63 37 382 380 144 70 629 175 122 45 130 113 0 42 41 75 3 0 0 1 0 0 2 0 0 2 3 78 0 0 0 0 2 76 76 0 0 27 0 2 0 0 0 3 0 0 0 0 3 0 6 0 1 0 0 0 0 2 0 1 0 6 6 1 3 0 0 0 2 50 0 0 0 0 0 11 0 29 61 14 12 0 10 9 12 0 13 0 12 0 45 1 0 0 0 0 0 0 0 0 0 26 0 0 0 0 0 14 0 0 0 0 0 15 0 0 0 0 0 0 0 0 0 0 0 0 0 0 0 0 0 0 0 0 0 0 0 0 0 0 0 0 0 0 0 1 0 0 0 0 0 0 1 0 0 12 62 15 0 23 1 0 0 19 52 44 21 12 13 15 5 0 22 0 0 0 0 0 1 0 0 0 0 0 0 0 0 18 43 0 0 0 0 7 1 0 0 0 0 0 0 0 0 0 0 0 0 0 0 0 0 0 0 0 0 8 0 0 0 0 0 0 0 0 0 0 0 0 0 0 0 0 0 0 0 0 20 0 0 0 0 87 3 2 1 28 11 2 0 0 0 0 0 0 0 0 0 20 0 0 0 1 0 0 2 0 0 0 2 0 23 1 0 0 0 0 0 0 0 0 0 0 0 0 0 
 134 557 269 277 86 43 95 285 181 443 35 48 394 412 265 128 141 42 0 206 2 7 0 1 2 1 81 2 201 0 1 3 98 0 1 0 0 0 16 3 2 0 0 2 2 0 0 0 3 2 3 0 0 74 0 0 0 0 0 0 0 0 2 1 2 0 1 2 0 2 2 2 0 3 0 82 0 0 0 0 17 21 14 45 12 0 20 11 7 24 21 0 31 0 13 13 34 20 33 12 0 0 0 0 0 0 3 0 0 0 0 0 14 3 0 0 0 0 29 0 0 0 0 0 10 0 0 0 0 0 0 0 0 0 0 0 0 0 0 0 0 0 0 0 0 3 0 0 1 0 0 1 0 0 0 0 0 0 10 0 17 0 0 0 0 13 2 17 0 7 0 17 0 50 28 34 19 0 0 42 0 0 0 0 0 0 0 0 1 0 0 0 0 0 0 0 0 0 6 0 0 0 0 0 0 0 0 0 0 0 0 0 0 0 0 0 0 0 0 0 0 1 0 0 0 0 2 0 0 0 0 0 0 0 0 0 0 0 0 0 0 0 0 0 0 0 0 0 2 16 0 3 0 0 0 0 0 0 2 0 0 0 0 0 0 0 0 1 0 0 0 0 0 0 0 0 19 0 0 0 0 0 0 0 0 0 0 0 0 0 
 69 101 57 173 86 69 290 126 165 90 69 32 146 370 133 160 54 41 206 0 0 3 2 0 8 0 0 2 203 203 2 3 0 0 0 2 0 0 0 2 0 3 0 0 2 0 0 0 3 0 0 0 0 3 0 0 0 0 1 0 0 0 2 0 0 0 0 0 0 2 0 0 0 0 0 0 0 0 0 0 14 0 15 1 0 19 11 0 0 15 0 0 65 15 22 0 0 1 0 19 0 0 0 0 0 0 0 11 0 0 0 0 0 0 0 0 0 0 1 0 0 0 0 0 0 0 0 0 0 0 1 0 0 2 0 0 0 0 0 0 0 0 0 0 6 2 2 0 0 0 0 0 0 0 0 0 0 0 0 0 12 23 18 20 2 0 0 0 12 5 0 1 0 34 20 27 0 15 18 18 0 0 0 0 0 0 0 0 0 0 0 0 0 0 0 0 0 0 0 0 0 0 0 0 1 0 0 0 0 2 0 0 0 2 0 0 0 0 0 0 0 0 0 0 0 0 0 0 0 0 0 0 0 0 0 0 1 0 0 0 0 0 0 0 0 2 3 2 1 0 0 13 0 0 0 0 0 0 0 0 0 0 0 0 0 0 0 0 0 0 0 0 0 0 0 8 0 11 0 0 0 0 0 0 0 0 0 0 0 0 
 2 0 0 0 2 2 0 0 3 0 0 0 0 0 0 1 2 75 2 0 0 168 297 94 163 22 164 442 244 99 34 119 282 165 69 148 112 392 154 410 0 0 3 0 0 1 0 7 0 0 0 3 0 0 0 0 1 0 5 0 0 0 0 2 2 0 2 0 3 4 0 1 4 1 2 0 30 0 0 3 0 0 0 0 0 0 0 0 0 0 0 0 12 0 3 0 0 0 0 0 0 2 0 0 0 0 13 34 0 31 19 0 0 32 3 12 12 37 0 12 0 0 0 0 0 13 0 1 0 0 0 0 11 5 0 19 0 1 0 8 0 0 0 0 0 0 0 0 0 0 0 0 0 0 0 0 0 0 0 0 0 0 0 0 2 0 11 0 0 0 0 0 0 0 0 0 0 0 0 2 24 29 0 16 0 14 1 1 10 21 0 9 0 0 0 0 22 32 13 10 14 0 0 0 0 0 4 0 0 0 0 14 7 0 1 0 0 0 22 8 0 0 0 0 0 0 0 0 1 0 0 0 0 0 0 0 0 0 6 0 0 0 18 0 0 0 0 0 0 75 0 0 0 0 6 0 0 78 1 0 1 0 0 0 0 0 0 0 0 0 0 2 0 0 0 0 0 0 0 7 0 16 0 0 0 0 0 0 0 0 
 2 3 3 3 3 60 3 3 4 3 3 3 5 3 3 3 3 3 7 3 168 0 126 237 123 45 65 248 446 278 268 35 68 277 129 299 131 51 40 295 0 0 7 3 0 8 6 6 0 0 0 5 0 9 2 0 0 3 4 3 4 0 21 3 4 1 3 0 6 6 0 0 8 1 2 0 3 0 0 3 0 0 0 0 13 0 0 0 0 2 0 0 0 0 0 0 0 0 0 0 0 23 24 41 1 0 12 46 14 28 32 24 0 14 4 18 17 2 0 12 14 0 0 0 0 0 0 0 0 0 0 0 15 0 0 2 0 0 0 8 0 0 0 1 0 0 0 0 0 0 0 0 0 0 0 0 0 0 0 0 5 0 0 0 0 0 0 0 0 0 0 0 9 0 0 0 0 2 0 0 10 23 16 48 0 13 0 18 13 40 0 0 10 10 33 41 20 13 0 20 0 0 0 0 0 1 1 0 0 0 0 7 22 0 0 0 0 0 40 11 0 0 0 0 0 0 0 0 0 0 0 0 0 0 0 0 0 0 0 0 0 0 16 0 0 0 0 0 1 0 0 0 0 0 17 2 1 75 84 0 4 0 0 0 0 0 11 0 0 0 0 0 0 0 2 0 0 1 0 9 0 3 0 0 0 0 0 0 0 0 
 2 2 0 0 2 3 0 0 0 0 0 2 0 0 0 0 1 0 0 2 297 126 0 218 112 198 206 394 186 179 363 161 149 273 215 297 115 326 113 171 0 0 3 63 5 3 0 5 6 2 0 2 56 3 0 0 3 0 76 55 0 0 4 3 5 4 3 0 3 3 0 0 3 6 2 0 3 3 0 3 0 0 0 2 0 0 0 0 0 0 0 0 0 0 0 0 0 0 0 0 0 0 65 9 2 11 0 0 3 30 66 21 0 0 0 0 11 59 0 0 10 20 3 0 0 0 17 0 8 0 0 0 65 37 0 0 0 0 17 10 5 2 0 0 0 0 0 26 0 0 0 0 0 0 0 0 5 23 0 0 0 4 10 0 0 13 0 0 0 0 0 0 1 0 0 0 0 0 0 0 0 13 22 20 30 43 0 0 17 74 56 108 0 6 0 0 24 18 0 11 1 0 0 0 0 0 31 0 0 0 0 0 10 5 17 0 12 3 28 1 0 0 0 0 0 0 0 0 2 0 0 0 1 0 0 0 0 0 0 0 0 0 1 0 0 0 0 0 0 0 0 0 0 0 4 2 0 75 5 0 2 1 0 0 0 0 0 0 0 0 0 0 0 0 0 0 0 0 0 14 0 0 0 0 0 18 0 0 0 0 
 0 0 0 0 0 5 3 0 0 0 0 0 0 0 0 0 0 0 1 0 94 237 218 0 616 98 129 305 100 271 162 59 137 199 144 219 106 56 72 308 0 0 3 0 32 2 0 8 0 0 0 3 60 0 0 0 0 0 5 58 0 0 0 3 2 1 2 0 8 0 0 0 8 0 2 0 3 0 0 3 0 0 0 2 0 0 0 0 0 0 0 0 0 0 0 0 0 0 0 0 0 13 22 27 18 18 0 35 1 23 21 47 1 22 4 21 0 26 0 0 0 21 0 0 0 0 0 0 0 0 0 0 35 27 0 0 0 0 19 0 19 2 0 0 0 0 0 0 0 0 0 0 0 0 0 0 14 0 0 0 21 0 0 0 0 13 0 0 0 0 0 0 1 0 3 0 0 1 0 0 8 13 42 42 0 32 0 9 10 12 52 0 0 0 38 35 25 35 0 37 1 0 0 0 0 0 65 0 0 0 0 0 0 9 0 0 9 2 32 2 0 0 0 0 0 0 0 0 2 15 0 0 1 0 0 0 0 0 0 0 0 0 17 0 0 0 0 0 0 0 0 0 0 0 18 0 4 113 2 0 3 0 0 0 0 0 11 0 0 0 0 0 0 0 0 0 0 0 0 0 0 0 0 0 0 13 0 0 0 0 
 4 4 1 2 3 6 3 2 23 3 19 1 28 3 2 1 6 1 2 8 163 123 112 616 0 245 484 160 70 154 568 106 69 150 155 157 212 198 72 74 62 0 36 0 0 3 0 3 0 0 0 2 101 24 1 0 0 0 58 20 0 0 0 2 2 1 4 0 3 9 0 0 3 2 2 0 3 0 0 3 6 0 0 0 0 0 0 2 0 0 0 0 0 0 9 0 0 0 0 2 0 15 21 14 18 12 0 0 2 1 22 24 0 0 0 0 14 23 0 0 0 15 0 0 0 0 26 0 0 0 15 0 27 15 12 0 24 0 21 24 18 0 0 0 0 0 0 0 0 0 0 0 0 0 0 0 5 0 2 0 0 0 0 0 0 0 0 0 0 0 0 0 0 0 0 0 7 0 0 0 0 26 15 47 3 34 0 0 15 24 27 31 0 1 0 24 16 0 0 0 23 4 18 1 0 0 10 45 0 0 0 0 11 9 0 0 19 0 32 15 0 0 0 14 0 0 0 9 0 0 0 0 0 0 0 0 0 0 0 0 0 0 12 0 0 0 0 0 0 0 0 0 0 0 11 0 2 0 3 0 6 0 0 0 0 0 0 0 0 0 0 0 0 0 0 0 0 0 0 0 0 9 0 0 0 12 0 0 0 0 
 0 2 1 0 3 2 0 0 0 0 5 2 1 0 0 0 213 0 1 0 22 45 198 98 245 0 243 23 272 123 97 216 50 261 140 86 89 131 130 267 17 0 3 0 0 3 2 2 0 0 2 2 194 0 62 0 0 0 4 71 0 3 2 3 2 1 3 0 30 0 0 0 3 1 2 0 3 0 0 4 0 0 0 0 0 0 0 0 0 0 0 0 0 0 0 0 0 0 0 0 0 0 31 16 8 48 0 0 18 0 21 14 0 0 0 0 23 1 0 0 9 13 12 7 13 0 0 27 0 8 10 0 13 20 10 0 0 0 15 14 7 5 0 0 0 0 0 0 0 0 0 0 0 0 0 0 33 0 0 0 0 28 5 0 0 0 0 0 8 0 0 0 0 0 0 0 0 1 1 0 0 0 26 14 34 31 0 0 31 28 14 2 0 0 0 0 0 8 0 0 30 29 0 11 0 0 1 0 1 0 9 0 0 82 11 18 1 18 15 10 0 0 0 0 0 0 0 0 0 0 0 0 0 1 0 0 0 0 0 0 0 0 0 0 0 0 0 0 0 0 0 0 0 0 8 1 2 1 81 6 1 0 0 0 0 0 0 0 0 0 0 0 0 0 0 0 0 0 0 0 0 0 0 0 14 0 12 39 0 0 
 0 0 75 75 76 41 0 1 74 1 50 73 0 0 0 0 1 0 81 0 164 65 206 129 484 243 0 230 47 57 37 43 282 176 52 115 28 67 141 204 0 0 3 0 0 3 6 2 0 2 0 2 0 0 0 0 3 0 4 0 0 0 0 3 1 33 3 0 3 0 0 0 3 0 2 0 3 0 0 3 0 0 1 13 12 0 0 0 1 15 0 0 0 0 18 0 3 0 0 1 12 14 0 0 18 0 5 8 2 0 0 0 58 16 14 53 6 0 1 35 0 1 0 0 0 0 0 0 0 0 0 0 0 0 0 0 0 0 19 0 0 0 0 0 0 0 0 1 0 0 0 0 0 0 0 0 0 0 0 0 0 0 0 0 10 2 6 0 0 0 11 13 0 0 29 0 0 18 0 8 33 1 18 0 1 0 8 3 0 0 0 0 46 25 30 26 0 10 12 1 0 2 0 0 0 0 0 0 0 0 2 0 2 2 0 0 0 0 0 0 11 0 0 0 0 0 2 0 0 0 0 0 0 0 0 0 0 0 0 0 0 0 0 0 0 0 37 0 0 79 0 0 19 0 28 0 0 0 0 2 4 2 0 0 0 18 0 0 0 0 0 0 0 0 0 0 0 0 0 0 0 0 0 0 0 0 0 0 0 0 
 0 207 2 2 4 3 2 2 4 2 3 75 2 2 2 2 2 2 2 2 442 248 394 305 160 23 230 0 193 274 140 130 290 145 205 426 157 44 67 130 1 0 3 0 0 3 1 3 0 0 0 2 0 0 0 0 0 0 66 0 0 0 0 3 0 80 3 0 3 5 0 0 4 2 2 0 3 0 0 3 0 0 0 18 0 1 0 0 0 0 0 0 0 0 0 0 0 0 2 0 24 26 20 38 13 0 0 13 23 42 20 15 9 10 58 18 8 18 0 0 0 0 0 0 0 0 0 0 0 0 0 0 2 0 0 0 0 0 27 1 0 0 0 0 0 0 0 0 0 0 0 0 0 0 2 0 0 0 2 0 2 0 0 0 10 0 0 0 0 0 1 23 0 0 0 0 0 2 0 0 6 27 62 24 0 11 13 15 8 9 1 19 53 31 26 44 14 1 20 13 0 0 0 0 0 0 10 0 0 0 0 0 0 0 0 0 0 0 45 15 0 0 0 0 0 0 0 0 0 0 0 0 0 0 0 0 0 0 0 0 0 0 13 0 0 0 0 0 0 0 0 0 0 0 3 0 0 1 2 3 2 0 0 0 0 0 0 0 0 0 0 0 0 0 0 0 0 0 0 0 0 8 0 0 0 0 0 0 0 0 
 0 2 2 3 3 72 0 74 0 0 208 3 0 0 0 0 0 0 201 203 244 446 186 100 70 272 47 193 0 403 75 238 273 184 88 146 274 67 355 235 0 0 4 0 0 3 0 2 0 0 0 2 0 0 3 0 0 0 3 0 0 0 0 3 0 0 5 0 3 0 0 0 3 2 29 0 3 0 0 3 0 0 0 0 0 0 0 0 0 0 0 0 2 0 0 0 0 0 0 0 7 11 31 29 15 0 12 43 12 35 31 11 2 34 26 9 2 54 0 11 0 0 0 0 0 0 32 0 0 0 0 0 0 27 0 0 0 0 0 5 0 0 1 0 0 0 2 0 0 0 0 0 0 0 0 2 0 0 0 0 8 0 0 0 7 0 0 0 0 0 0 9 0 0 3 0 0 1 0 0 19 0 12 60 21 0 6 20 11 13 20 20 8 9 11 58 46 20 0 21 0 0 0 0 0 0 9 0 1 0 0 13 5 0 19 0 0 0 17 0 0 0 0 0 0 0 0 0 0 0 0 0 0 0 51 0 0 0 0 0 0 0 0 0 0 0 0 0 0 0 0 0 1 0 17 2 0 119 0 3 3 9 0 0 0 0 0 0 0 0 0 0 0 0 0 0 0 0 0 25 0 10 0 0 0 0 0 0 0 0 
 0 2 0 0 4 0 0 0 0 0 2 0 0 0 36 0 0 0 0 203 99 278 179 271 154 123 57 274 403 0 333 111 105 238 186 298 302 106 77 99 13 0 3 0 1 3 0 4 0 0 17 2 83 0 0 2 1 0 2 21 0 0 0 2 4 1 2 0 5 1 0 0 9 1 2 0 37 0 0 3 0 0 0 0 0 0 0 0 0 0 0 0 0 0 0 1 0 0 0 0 0 3 15 11 15 10 9 43 9 11 18 54 0 8 0 1 11 18 0 0 28 14 35 0 0 0 28 15 2 0 0 0 24 81 0 0 0 0 0 20 12 0 2 0 0 0 1 0 0 1 0 0 0 0 0 1 8 0 0 0 2 0 0 0 0 0 0 0 0 0 0 0 0 0 0 0 0 2 0 0 0 11 27 50 40 30 0 11 0 0 23 12 9 14 28 13 21 1 0 14 0 0 0 0 0 0 9 1 0 0 0 0 40 10 0 2 0 0 8 0 0 0 0 0 0 1 0 0 0 0 0 0 0 0 0 0 0 0 0 0 0 0 0 0 0 0 0 0 0 0 0 0 0 0 14 1 3 3 75 2 0 0 0 0 0 0 16 0 0 0 0 0 0 0 0 0 0 0 0 0 0 0 0 0 0 7 0 0 0 0 
 3 2 1 0 1 0 1 4 2 2 11 1 1 1 9 2 2 2 1 2 34 268 363 162 568 97 37 140 75 333 0 190 134 478 59 167 463 95 56 72 21 0 3 0 0 3 0 67 0 0 0 1 127 0 65 0 0 62 2 66 0 0 0 3 0 1 3 0 3 0 0 0 3 1 3 0 3 0 0 3 0 0 0 2 0 0 11 0 0 0 0 0 1 0 0 0 0 0 0 0 0 13 22 32 0 26 0 17 4 12 14 51 0 14 0 0 14 2 0 0 11 6 0 7 0 0 0 0 0 0 0 0 14 2 6 0 0 3 12 18 4 0 0 0 0 0 0 0 0 0 0 0 0 0 0 0 31 0 0 0 8 0 0 0 0 0 0 0 0 0 0 0 1 0 3 0 0 1 0 0 0 0 14 39 0 17 0 9 14 1 14 0 3 0 11 41 18 0 0 10 8 14 0 0 0 0 0 0 0 0 0 0 13 68 0 0 0 2 12 14 0 0 0 0 0 0 0 0 2 0 0 0 1 0 0 0 0 0 0 0 0 0 0 0 0 0 0 0 0 1 0 0 0 0 23 6 4 0 49 1 5 0 0 0 0 0 0 0 0 0 0 0 0 0 0 0 0 0 0 1 0 9 0 0 1 1 0 0 0 0 
 0 87 3 5 5 0 3 5 5 3 3 3 5 3 5 3 3 3 3 3 119 35 161 59 106 216 43 130 238 111 190 0 49 34 43 104 154 457 32 121 69 0 3 0 2 2 0 2 0 0 1 3 54 0 4 0 0 0 69 3 0 14 0 3 2 0 3 0 3 3 0 0 3 2 3 0 4 0 58 5 0 0 0 0 0 1 0 0 0 1 0 0 0 0 0 0 0 0 2 0 0 0 32 22 47 11 0 14 2 32 0 22 0 10 15 0 18 49 0 0 11 38 13 9 0 0 18 17 0 0 0 0 28 17 47 1 0 0 53 20 0 0 0 2 0 0 0 0 0 0 0 2 0 0 2 0 0 0 0 0 2 3 5 0 11 0 0 0 0 0 0 0 0 0 0 6 0 0 8 0 0 0 3 18 2 24 0 0 0 11 11 65 0 0 0 0 37 28 0 0 0 11 0 0 0 0 0 10 1 0 0 14 2 2 21 11 1 13 19 0 0 0 0 0 0 0 0 0 0 0 0 0 0 0 0 0 0 0 0 0 0 0 0 0 0 0 0 0 0 0 0 0 0 0 10 0 0 74 1 0 6 11 0 0 0 0 0 0 0 0 0 0 0 0 0 0 0 2 0 1 0 12 0 0 13 13 0 0 0 0 
 0 19 1 75 97 0 0 0 0 72 84 4 0 0 75 19 0 78 98 0 282 68 149 137 69 50 282 290 273 105 134 49 0 160 292 204 22 322 284 51 2 0 3 4 4 3 0 18 0 2 3 2 0 0 2 0 0 0 4 0 0 0 0 4 1 0 9 2 3 0 2 2 3 5 2 0 3 0 0 3 0 0 0 0 0 0 0 0 13 14 13 1 0 0 0 22 12 0 0 0 0 13 25 17 19 0 3 27 32 26 1 1 21 12 21 30 1 22 10 0 0 0 0 0 0 0 0 0 0 0 14 0 0 0 0 0 0 0 14 0 0 0 0 0 0 0 0 1 0 0 0 0 0 0 0 0 0 0 0 0 6 0 0 0 0 7 0 24 0 0 0 0 0 0 29 0 0 2 0 0 9 7 23 18 1 0 0 6 1 0 7 15 62 9 23 20 53 33 0 24 0 2 0 0 0 0 2 0 0 0 2 0 2 5 0 0 0 0 8 1 0 0 0 0 0 0 2 5 0 0 0 0 0 0 0 0 0 0 0 0 0 0 0 0 0 0 63 0 0 75 0 0 13 0 4 0 0 0 0 0 0 1 0 0 0 0 0 0 0 0 0 0 0 0 0 0 0 0 0 0 0 0 0 0 0 0 0 0 0 0 
 4 0 0 0 0 153 0 5 74 0 162 79 0 0 8 5 0 0 0 0 165 277 273 199 150 261 176 145 184 238 478 34 160 0 165 116 100 30 182 204 0 0 3 0 0 2 1 2 0 1 0 7 0 0 0 0 1 0 5 0 0 0 0 7 2 1 2 0 36 0 0 0 12 45 2 0 3 0 0 3 0 0 0 0 0 19 0 0 0 0 0 0 0 0 0 0 0 0 0 0 14 0 13 15 0 11 22 33 11 74 0 23 13 34 0 12 29 20 0 2 1 13 0 0 2 0 0 0 0 0 0 0 0 0 0 0 0 0 1 0 0 0 15 0 0 0 0 0 0 0 1 0 0 0 0 0 0 0 0 0 21 0 0 1 1 19 0 0 0 0 0 14 0 0 0 0 0 35 0 0 20 36 0 9 0 0 21 44 22 24 11 1 36 32 12 28 0 39 0 20 0 0 0 0 0 0 1 0 0 0 0 0 0 0 0 0 0 0 6 0 0 0 0 1 0 0 0 0 0 13 15 0 0 0 0 1 0 0 0 0 0 0 0 0 0 2 78 0 74 0 0 0 0 0 11 2 0 78 0 2 0 2 0 0 0 0 1 0 0 0 0 0 0 31 0 0 0 0 0 0 0 9 0 0 0 16 0 0 0 0 
 2 0 0 0 1 0 0 7 0 0 0 0 0 0 1 0 0 0 1 0 69 129 215 144 155 140 52 205 88 186 59 43 292 165 0 306 107 267 69 88 0 0 3 0 0 4 0 13 0 0 0 1 0 62 0 0 0 0 4 0 0 0 0 4 2 1 3 0 8 0 0 0 8 0 2 0 3 0 0 3 0 0 0 0 0 0 1 0 0 0 0 0 1 0 0 0 0 0 7 0 0 13 10 21 36 9 0 15 9 37 18 10 0 0 20 44 1 36 0 0 0 0 0 0 0 0 0 0 0 0 0 0 20 11 0 0 0 0 12 0 0 3 0 0 0 0 0 0 0 0 0 0 2 0 0 0 0 0 0 0 0 0 27 0 0 0 0 0 0 0 0 0 0 9 0 1 0 1 0 0 9 12 21 16 21 14 0 0 22 31 51 0 12 13 18 28 20 46 0 10 0 0 0 0 0 0 48 0 0 0 0 1 2 1 0 0 0 0 20 9 0 0 0 0 0 0 1 0 0 0 0 0 0 0 0 0 0 0 0 0 0 0 16 0 0 0 0 0 0 0 0 0 0 0 11 0 0 201 84 0 2 7 0 0 0 0 11 0 0 0 0 0 0 0 0 0 0 0 0 0 0 0 0 0 0 0 0 0 0 0 
 1 4 0 0 0 5 1 2 2 0 0 0 0 0 3 2 0 0 0 2 148 299 297 219 157 86 115 426 146 298 167 104 204 116 306 0 120 201 28 84 0 0 3 0 0 8 0 3 1 7 42 2 0 210 0 0 5 0 4 0 0 0 0 2 6 4 2 0 5 6 0 0 3 2 4 0 3 0 0 7 0 0 0 0 0 0 0 0 0 0 0 0 0 0 0 0 0 0 0 0 14 31 55 44 25 0 0 17 20 28 18 9 0 14 30 0 0 20 0 0 0 0 0 0 0 0 0 0 0 0 0 0 11 0 0 0 0 0 8 0 0 1 0 0 0 0 0 0 0 0 0 0 0 0 0 0 0 0 0 0 7 0 0 0 0 0 0 0 0 0 0 0 0 0 3 0 0 1 0 0 0 27 29 45 0 10 2 8 11 11 0 9 2 0 23 58 49 0 0 16 0 0 0 0 0 0 14 0 0 0 0 14 0 0 0 0 0 0 40 27 0 0 0 0 0 0 0 0 0 0 0 0 0 0 0 0 0 0 0 0 0 0 15 0 0 0 0 0 0 0 0 0 0 0 7 1 2 85 4 1 0 6 0 0 0 0 0 0 0 0 0 0 0 0 0 0 0 0 0 0 0 8 0 0 0 0 0 0 0 0 
 3 8 0 0 2 274 0 0 3 0 0 0 0 0 0 0 0 0 0 0 112 131 115 106 212 89 28 157 274 302 463 154 22 100 107 120 0 108 35 159 1 0 6 0 0 3 5 4 0 0 0 7 62 0 3 0 4 2 2 1 3 0 1 5 0 4 3 0 3 0 0 0 3 1 3 0 3 0 3 3 0 0 0 0 20 0 0 0 0 0 0 0 0 0 0 0 0 0 1 0 22 58 6 8 0 9 25 4 5 0 0 1 0 14 12 40 45 8 0 25 0 0 0 0 0 0 22 0 0 0 0 0 23 31 0 0 0 0 0 0 0 0 0 0 0 0 0 0 0 0 0 13 0 0 2 0 0 0 2 4 0 0 0 0 9 0 0 0 0 6 0 10 0 0 6 0 0 2 0 0 18 44 1 19 16 53 12 51 34 11 13 12 7 16 9 26 28 4 0 30 0 0 0 0 0 0 19 0 0 0 0 0 0 0 0 0 1 0 21 12 0 0 0 0 0 4 0 0 0 0 0 0 0 0 0 0 0 0 0 0 0 0 9 0 0 0 0 0 2 0 0 0 0 0 10 0 4 2 1 0 28 0 0 0 0 2 0 0 0 0 0 0 0 0 2 0 0 0 0 0 0 8 0 0 0 8 0 0 0 0 
 0 0 3 0 0 5 3 1 0 0 3 1 5 0 0 0 0 2 0 0 392 51 326 56 198 131 67 44 67 106 95 457 322 30 267 201 108 0 108 245 9 0 3 0 0 3 0 6 2 7 3 2 63 3 6 2 6 0 71 2 0 0 4 5 6 1 5 0 6 12 0 0 3 1 3 0 3 0 0 6 0 0 0 0 0 0 1 0 0 0 0 0 1 13 8 0 0 0 0 0 0 0 72 32 23 0 0 31 9 37 37 1 0 9 25 0 34 58 0 0 17 13 0 1 0 0 20 6 0 0 0 0 20 69 13 0 0 0 46 1 0 0 0 0 0 0 0 1 0 0 0 0 2 0 0 0 0 0 0 0 0 1 4 0 0 0 0 0 0 0 0 0 0 0 0 10 0 1 5 0 0 32 17 17 11 28 0 0 0 11 33 81 0 11 0 2 41 25 0 0 0 0 0 0 0 0 9 0 0 0 0 12 2 2 10 0 1 0 1 0 0 0 0 0 0 0 2 0 0 0 0 0 0 0 0 0 0 0 0 0 0 0 0 0 0 0 0 0 2 0 0 0 0 0 9 1 1 75 4 3 6 17 0 0 0 2 0 0 0 0 0 0 0 0 0 0 0 0 0 1 0 10 0 0 0 14 0 0 0 0 
 0 2 149 1 21 71 0 0 168 148 0 76 0 0 4 3 0 76 16 0 154 40 113 72 72 130 141 67 355 77 56 32 284 182 69 28 35 108 0 105 0 0 3 0 7 3 0 15 0 1 0 2 0 0 0 0 0 0 4 25 0 0 0 3 2 1 3 0 51 0 0 0 3 0 2 0 3 0 0 3 0 0 0 0 13 0 1 0 11 15 0 0 0 0 33 0 14 0 0 0 0 16 17 0 0 0 16 2 0 18 11 0 34 0 9 1 11 12 13 27 0 0 0 0 0 0 0 0 0 0 0 0 0 0 0 0 0 0 0 0 0 0 0 0 0 0 0 1 0 0 0 0 2 0 0 0 0 0 0 0 0 0 6 0 15 12 17 0 0 0 10 0 0 1 13 1 14 0 0 4 21 14 0 0 1 0 2 15 15 0 8 26 0 0 7 8 13 19 23 42 0 0 0 0 0 10 0 0 0 0 2 0 2 2 0 0 0 0 0 0 0 0 0 0 0 0 2 0 0 0 0 0 0 0 0 0 0 0 0 0 0 0 1 0 0 0 0 0 0 29 15 0 0 0 4 0 0 0 0 2 2 0 0 0 0 0 0 0 0 0 0 0 0 0 0 0 0 0 0 0 0 0 0 0 0 0 0 14 0 0 
 0 4 77 75 4 94 2 3 76 76 79 77 3 75 2 2 2 76 3 2 410 295 171 308 74 267 204 130 235 99 72 121 51 204 88 84 159 245 105 0 0 0 3 0 0 3 4 2 0 1 0 5 0 0 0 0 0 0 4 0 0 0 0 3 2 0 3 0 3 0 0 0 3 0 2 0 3 0 0 3 0 0 0 0 0 2 0 0 0 0 0 0 0 0 0 0 0 0 1 0 24 19 1 2 0 0 28 28 9 19 0 0 1 21 18 13 47 18 10 22 0 0 0 0 0 0 0 0 0 0 0 0 0 0 0 0 0 0 0 0 0 0 0 0 0 0 0 0 0 0 0 0 0 0 1 0 0 0 1 0 0 0 6 0 23 48 0 0 0 3 6 11 21 0 5 0 0 40 0 0 19 0 1 0 0 2 43 0 21 5 0 9 2 29 0 10 20 34 8 14 0 0 0 0 0 0 0 0 0 0 0 19 0 0 0 0 0 0 11 0 0 0 0 0 0 0 0 0 0 0 20 0 9 0 0 0 0 0 0 0 0 0 0 0 0 0 80 0 0 0 11 22 13 0 23 1 2 7 0 0 12 1 0 0 0 0 0 0 0 0 0 0 0 0 0 0 0 0 0 0 0 4 0 0 0 0 0 0 0 1 
 0 2 0 0 0 0 0 0 0 0 0 3 0 0 0 0 0 0 2 0 0 0 0 0 62 17 0 1 0 13 21 69 2 0 0 0 1 9 0 0 0 150 212 121 112 99 217 78 399 189 118 40 118 276 188 312 82 95 344 323 4 0 0 0 1 0 0 0 0 0 0 0 0 1 4 0 0 0 0 0 0 0 0 0 0 0 39 0 0 0 0 0 0 0 0 0 0 0 0 0 0 0 6 14 0 10 0 0 0 0 0 8 0 0 0 0 14 0 0 0 5 10 6 13 22 16 0 0 0 1 0 19 5 0 6 40 0 19 0 0 0 0 0 0 0 0 0 0 0 0 0 0 27 0 0 0 0 0 0 9 0 0 0 0 0 0 23 0 0 0 0 0 0 0 0 0 0 0 0 0 0 0 0 1 0 1 0 0 0 0 12 1 0 0 0 8 1 0 0 0 26 0 42 16 9 1 0 12 11 0 30 0 0 14 25 36 2 15 0 0 15 0 0 2 0 0 0 0 0 0 0 0 23 0 22 0 0 0 19 1 0 0 6 0 0 0 0 0 0 0 0 7 0 1 0 0 0 0 0 9 0 0 0 5 0 3 2 1 2 0 1 0 0 0 0 0 0 0 0 0 0 0 0 0 0 3 0 0 1 0 
 0 6 0 0 0 0 0 0 0 0 0 2 4 21 20 0 0 0 0 3 0 0 0 0 0 0 0 0 0 0 0 0 0 0 0 0 0 0 0 0 150 0 124 137 85 107 186 236 154 120 98 48 52 141 124 30 108 41 121 110 5 0 0 0 9 0 2 0 0 0 0 0 0 8 9 0 0 0 51 0 0 0 0 0 0 0 21 0 0 0 0 0 0 0 5 0 0 0 0 12 0 0 0 0 0 1 0 0 2 0 0 0 0 0 0 0 0 0 0 0 10 0 7 10 24 32 1 10 11 15 4 17 11 0 22 28 27 19 1 0 0 0 0 0 0 0 0 0 0 0 0 0 9 0 18 0 0 4 0 29 0 0 0 0 0 0 0 0 5 0 0 4 0 0 0 5 0 0 0 10 0 0 0 0 11 0 0 0 0 0 0 0 0 0 0 0 0 0 0 0 0 15 18 6 7 0 12 24 13 17 1 12 11 10 9 30 21 21 0 31 0 5 0 0 0 0 0 0 0 0 0 0 1 0 5 18 0 7 27 0 0 0 0 0 0 0 1 0 0 32 0 15 0 6 0 0 0 0 0 7 0 0 0 51 0 2 0 0 2 0 0 0 0 0 0 0 0 0 0 0 0 0 0 0 14 0 0 0 2 0 
 3 2 6 0 6 0 0 4 0 2 16 6 62 0 1 0 32 27 0 0 3 7 3 3 36 3 3 3 4 3 3 3 3 3 3 3 6 3 3 3 212 124 0 156 162 50 92 385 505 126 56 171 117 47 64 73 113 180 38 44 0 0 0 0 2 2 23 0 0 0 0 0 23 1 4 0 0 0 0 51 9 0 2 81 5 0 0 0 0 15 0 0 0 0 0 3 0 0 0 1 10 0 0 0 25 0 0 0 0 0 0 0 0 0 0 0 0 0 0 0 0 7 1 7 0 12 33 0 7 0 19 11 0 0 0 0 47 0 0 27 11 8 0 0 0 0 0 0 0 0 0 0 23 0 0 0 14 0 0 17 0 38 0 0 1 0 0 0 8 38 5 0 4 0 0 3 7 0 0 0 0 0 0 0 0 0 0 0 0 0 0 1 0 0 0 0 0 0 0 0 21 2 34 2 26 0 0 37 0 0 19 0 10 0 13 30 18 44 0 0 15 0 0 11 0 0 6 0 7 0 0 0 31 0 0 3 0 0 8 0 0 1 9 0 0 0 0 0 0 0 0 17 0 2 0 0 0 0 0 0 0 0 67 0 78 0 2 66 0 0 0 0 0 0 0 0 0 0 0 0 0 0 0 0 7 0 0 0 2 0 
 0 2 0 0 0 0 0 0 0 0 0 0 0 0 0 0 0 0 2 0 0 3 63 0 0 0 0 0 0 0 0 0 4 0 0 0 0 0 0 0 121 137 156 0 89 32 69 87 202 99 109 188 34 168 57 108 389 45 82 54 0 2 0 5 0 5 6 2 0 0 2 6 0 52 2 0 0 0 0 51 0 0 0 0 0 0 0 0 0 0 0 0 0 0 0 0 0 0 0 0 0 0 0 0 0 0 0 0 0 0 8 0 0 1 0 0 0 0 0 0 0 15 14 0 26 32 0 8 0 0 9 19 0 0 0 0 15 2 0 0 14 0 0 1 0 0 8 0 0 0 1 0 6 0 3 2 2 9 0 10 0 0 0 0 0 6 0 2 0 0 0 4 0 0 0 0 0 6 0 0 0 0 0 0 0 0 0 0 0 0 0 0 0 0 0 0 0 0 0 0 11 0 38 19 19 0 0 29 0 6 12 7 0 0 11 59 21 32 8 0 24 0 0 15 0 0 17 20 0 0 0 0 8 0 0 3 0 0 26 0 0 0 8 0 0 0 0 0 0 0 0 6 0 0 0 0 0 0 0 0 0 0 65 0 3 2 0 66 0 0 0 0 0 0 0 0 0 0 0 0 0 4 0 0 0 0 0 0 2 0 
 1 5 2 2 2 0 2 2 2 2 2 2 2 2 2 9 2 2 2 2 0 0 5 32 0 0 0 0 0 1 0 2 4 0 0 0 0 0 7 0 112 85 162 89 0 398 112 182 511 87 234 145 259 46 68 356 190 57 62 58 0 0 0 0 1 1 52 0 0 0 0 20 53 2 0 0 0 0 0 57 0 0 0 0 0 0 0 0 0 0 0 0 0 0 0 0 0 0 6 0 0 0 0 0 0 0 0 0 0 1 0 0 0 0 0 0 0 0 0 19 0 0 39 44 10 8 0 0 11 7 0 28 0 0 0 19 0 0 0 0 7 8 32 6 0 0 0 0 0 0 0 0 23 14 15 0 13 0 18 7 0 0 0 0 0 14 0 0 0 0 0 0 0 19 0 0 0 0 0 5 0 0 0 0 0 0 0 0 0 0 0 0 0 0 0 0 0 0 1 0 0 0 0 14 15 48 0 0 15 32 0 0 0 0 0 8 0 21 0 0 0 0 0 0 1 0 18 0 1 0 0 16 25 7 40 0 0 0 15 52 0 0 0 0 0 0 0 0 0 0 0 2 0 0 0 0 0 0 0 1 57 0 3 64 46 0 0 0 2 0 0 0 0 0 0 0 0 0 0 0 0 0 0 0 0 11 0 0 0 0 
 0 0 0 3 3 2 0 1 3 0 0 72 0 0 0 3 0 0 0 0 1 8 3 2 3 3 3 3 3 3 3 2 3 2 4 8 3 3 3 3 99 107 50 32 398 0 102 106 55 59 188 200 241 337 64 142 348 196 234 55 0 57 0 3 0 1 0 0 3 0 0 1 4 0 62 0 3 0 54 116 0 0 0 0 0 3 0 0 8 7 19 5 0 0 0 0 5 4 0 0 0 0 0 0 14 0 0 0 0 0 0 0 0 0 0 0 0 0 0 0 0 0 12 10 1 0 0 0 0 7 0 12 0 0 0 10 0 0 0 0 1 0 7 38 0 0 4 0 0 6 0 0 16 10 12 42 7 0 12 17 20 2 22 6 0 9 0 5 0 0 0 0 0 0 11 0 4 0 0 0 1 0 0 0 0 0 0 0 0 0 0 0 0 0 0 0 0 0 5 0 0 0 0 10 13 46 0 0 10 11 0 11 0 0 0 6 0 11 0 0 0 0 43 0 0 0 43 20 31 0 0 0 16 21 35 16 2 0 10 37 0 0 0 0 0 0 1 0 5 0 0 8 0 0 0 0 0 0 0 1 0 0 1 67 0 1 5 0 0 0 0 0 0 0 0 0 0 0 0 0 0 0 0 0 8 28 0 0 1 0 
 0 2 4 0 0 30 0 0 60 0 5 3 0 0 0 0 0 0 0 0 0 6 0 0 0 2 6 1 0 0 0 0 0 1 0 0 5 0 0 4 217 186 92 69 112 102 0 199 118 45 56 32 79 335 260 135 29 100 53 455 7 0 0 0 0 2 0 0 0 0 0 0 0 0 3 0 0 0 0 0 0 0 0 0 4 0 0 0 0 0 0 0 0 0 25 0 0 0 0 0 0 0 0 0 0 14 14 0 6 0 0 0 5 13 1 28 11 0 7 8 11 3 32 15 7 0 7 9 1 31 52 5 20 0 48 59 0 13 0 0 0 0 0 0 0 0 0 0 0 0 0 0 10 0 0 0 0 0 0 23 0 0 0 0 0 10 0 0 0 0 0 0 0 0 0 0 0 6 0 0 0 0 5 0 0 2 0 2 0 0 0 0 5 11 5 0 0 0 0 0 30 0 0 53 9 0 21 0 9 0 10 47 14 22 8 8 31 9 4 26 0 0 0 11 0 0 11 0 0 0 0 0 2 0 6 0 0 0 22 0 0 0 0 0 0 0 2 0 0 34 0 12 0 2 0 0 0 0 0 10 64 0 0 40 2 0 2 0 0 0 6 0 0 0 0 0 0 0 0 0 0 0 0 0 0 0 0 13 2 0 
 0 0 0 63 0 3 0 0 0 0 6 3 3 0 6 0 0 0 0 0 7 6 5 8 3 2 2 3 2 4 67 2 18 2 13 3 4 6 15 2 78 236 385 87 182 106 199 0 126 315 51 29 104 151 118 177 48 137 48 124 19 1 1 0 1 5 16 3 2 1 0 0 2 0 0 4 0 0 0 2 1 0 0 0 0 0 0 0 0 0 10 10 0 0 0 0 0 0 0 0 0 0 14 0 0 0 0 0 0 6 5 32 0 0 9 0 0 5 0 0 0 11 0 6 1 1 18 16 7 7 16 20 21 0 6 40 1 9 15 13 11 0 0 0 0 0 0 0 0 0 0 0 18 0 0 0 12 1 0 9 0 0 0 0 0 0 0 0 0 0 0 0 0 0 0 0 0 0 0 0 0 7 0 3 0 5 0 0 0 11 5 13 0 0 0 0 16 3 0 5 1 13 0 17 0 0 29 11 7 8 0 33 44 30 0 4 1 10 3 9 0 0 0 0 0 0 0 0 0 0 0 0 9 0 21 0 0 0 14 0 0 0 1 0 0 0 0 0 0 0 0 2 0 1 0 0 0 0 0 9 0 0 1 3 71 2 2 0 0 0 0 0 0 0 0 0 0 0 0 0 0 0 0 0 0 0 0 0 1 0 
 0 68 3 3 3 0 3 6 3 3 4 6 3 3 4 3 3 3 3 3 0 0 6 0 0 0 0 0 0 0 0 0 0 0 0 1 0 2 0 0 399 154 505 202 511 55 118 126 0 403 165 66 57 97 136 121 98 55 350 65 0 104 1 8 3 1 0 0 2 0 4 65 52 64 1 0 7 6 64 0 0 0 0 0 0 0 0 0 0 0 0 0 0 0 0 0 0 0 0 0 0 0 0 0 0 0 0 0 0 0 0 0 0 0 0 0 0 0 0 0 18 15 12 0 52 29 0 11 0 6 0 7 0 0 4 25 11 26 0 0 2 0 0 0 0 0 15 15 0 0 0 0 0 0 0 3 0 0 20 18 0 0 0 0 0 0 0 22 0 0 63 13 0 0 0 0 0 0 0 0 0 0 0 0 0 0 0 0 0 0 0 1 8 0 0 0 0 0 0 0 34 12 28 0 0 0 0 30 9 0 50 0 0 0 32 24 16 11 0 13 33 0 0 7 0 0 7 0 0 0 11 0 4 19 0 0 0 0 75 0 0 0 7 0 0 0 0 0 0 0 0 13 0 2 0 2 0 0 0 0 0 0 0 2 0 19 2 67 0 0 1 0 0 0 0 0 0 0 0 0 0 0 0 0 0 0 0 0 2 0 
 0 1 0 0 3 4 4 0 0 0 2 3 4 0 0 0 1 0 2 0 0 0 2 0 0 0 2 0 0 0 0 0 2 1 0 7 0 7 1 1 189 120 126 99 87 59 45 315 403 0 99 50 66 296 124 145 222 381 110 288 4 0 0 0 0 2 0 0 0 0 0 56 53 52 3 0 0 0 47 10 0 0 0 0 7 0 0 0 0 0 0 0 0 0 0 0 0 0 0 0 0 0 0 0 0 0 0 1 0 0 1 0 12 3 0 2 0 0 17 20 12 0 16 0 26 22 0 0 12 15 12 1 1 0 10 13 0 5 0 0 16 8 0 0 0 0 10 0 0 0 0 0 10 0 0 5 12 0 24 0 0 0 0 0 0 0 0 6 0 0 6 9 0 0 0 0 0 0 0 0 0 0 5 0 0 0 0 6 0 0 0 0 7 0 9 0 0 0 0 0 16 0 16 9 11 0 1 9 1 0 38 1 1 0 10 0 8 8 0 1 12 0 0 0 0 0 9 0 0 0 0 0 11 18 0 0 0 0 10 0 0 0 0 0 0 0 0 0 0 0 0 8 0 1 0 0 0 0 0 0 0 0 1 0 36 23 0 1 0 0 6 0 0 0 0 0 0 0 0 0 0 0 0 0 0 0 0 0 0 0 
 0 0 6 0 0 20 4 0 0 0 0 0 0 0 2 1 8 0 3 0 0 0 0 0 0 2 0 0 0 17 0 1 3 0 0 42 0 3 0 0 118 98 56 109 234 188 56 51 165 99 0 237 19 100 107 203 155 95 36 57 0 0 0 5 0 9 0 0 0 0 0 4 1 2 0 0 0 0 0 6 0 0 0 0 0 0 0 12 0 0 0 0 36 3 0 0 0 0 0 0 0 0 0 0 0 0 0 0 0 0 0 0 0 0 0 0 0 0 0 0 42 0 59 8 42 7 0 9 0 3 0 9 0 0 10 20 7 12 0 0 2 0 4 0 0 0 2 0 0 0 0 0 22 18 5 0 8 0 35 12 0 0 0 0 0 0 0 0 0 0 30 0 0 0 8 0 0 0 9 0 0 0 0 0 0 0 0 0 0 0 0 0 0 0 0 0 0 0 0 0 17 0 0 10 0 33 0 11 14 18 80 0 0 0 0 12 18 5 0 0 0 6 0 0 0 0 7 0 0 0 0 0 17 29 0 0 0 0 23 22 0 0 0 0 0 0 0 0 0 0 0 5 1 0 0 0 2 0 0 1 0 27 1 3 1 23 2 0 1 0 6 0 10 0 0 0 0 0 0 0 0 1 0 0 0 3 0 0 2 0 
 0 3 0 0 3 4 0 0 7 0 2 0 0 0 6 0 0 0 0 0 3 5 2 3 2 2 2 2 2 2 1 3 2 7 1 2 7 2 2 5 40 48 171 188 145 200 32 29 66 50 237 0 237 60 44 41 104 79 48 54 4 0 5 0 0 1 51 0 0 0 0 0 59 0 0 0 0 0 0 0 0 0 0 0 0 3 0 0 1 0 1 1 0 0 0 0 2 1 0 0 0 0 0 0 0 0 0 0 0 0 0 0 0 0 0 0 0 0 0 0 16 0 8 27 30 39 0 3 0 8 11 17 0 0 0 7 17 6 0 0 11 0 0 14 0 0 11 0 0 0 0 15 29 0 13 0 33 0 11 23 0 0 1 6 0 0 0 0 0 0 9 0 0 0 0 0 0 0 0 0 27 0 1 0 0 0 4 0 0 0 0 0 0 0 0 0 0 0 2 0 0 49 8 0 22 6 0 15 6 13 20 0 0 0 0 78 43 38 0 15 15 0 1 0 7 0 11 0 0 0 3 0 7 43 0 0 0 0 43 17 0 0 0 0 0 0 0 0 0 0 0 9 0 0 0 0 0 0 0 2 0 27 36 1 2 14 2 0 0 2 0 0 0 0 0 0 0 0 0 0 0 1 0 0 0 10 0 0 2 0 
 0 2 0 0 2 3 0 0 0 0 21 0 1 0 0 0 0 0 0 0 0 0 56 60 101 194 0 0 0 83 127 54 0 0 0 0 62 63 0 0 118 52 117 34 259 241 79 104 57 66 19 237 0 137 39 17 57 26 60 140 0 43 0 0 1 1 0 0 0 0 0 0 0 2 12 0 0 0 6 6 0 0 0 0 0 0 0 0 0 0 0 0 0 0 0 0 0 1 7 0 0 0 11 0 32 19 0 0 15 0 6 32 0 0 0 0 6 0 0 0 8 27 15 0 0 5 21 0 7 0 2 6 30 32 29 0 4 0 18 26 5 1 0 0 0 0 2 0 4 0 0 0 4 5 0 0 8 0 5 0 0 1 1 0 0 0 0 0 0 0 0 0 0 0 0 3 7 0 3 7 0 0 13 29 10 45 0 0 0 14 16 27 0 0 0 0 11 1 0 0 0 18 24 12 0 0 0 19 10 0 0 0 3 24 1 0 32 0 0 1 22 0 0 0 0 0 3 0 2 0 0 0 0 0 0 0 1 0 0 0 0 0 0 0 0 0 0 0 0 34 0 0 0 2 0 0 0 0 0 1 0 0 0 0 0 0 0 0 0 0 0 0 0 0 0 0 0 0 0 0 0 0 0 0 0 10 14 0 2 3 
 0 11 3 3 3 0 3 3 3 3 22 3 24 3 3 3 3 3 74 3 0 9 3 0 24 0 0 0 0 0 0 0 0 0 62 210 0 3 0 0 276 141 47 168 46 337 335 151 97 296 100 60 137 0 209 41 58 46 95 441 0 0 0 3 2 2 0 0 0 0 4 2 0 0 0 0 3 18 0 0 0 0 0 0 0 0 0 0 0 0 0 0 0 0 0 0 0 0 0 0 0 0 0 0 18 0 0 0 0 0 0 0 0 0 0 0 0 0 0 0 18 0 0 0 10 11 39 47 27 22 10 8 27 7 16 39 33 13 18 25 0 0 0 0 0 0 0 0 0 0 0 0 0 0 0 0 0 7 0 0 0 0 0 0 0 0 0 0 0 0 0 0 0 0 0 0 6 0 0 0 0 0 0 0 19 9 0 0 0 0 0 0 0 0 16 0 0 0 0 0 7 14 38 1 0 25 42 37 18 8 8 16 38 20 0 9 44 16 0 34 0 0 0 2 2 3 0 0 0 0 0 0 0 0 0 0 0 0 9 0 0 0 0 0 0 0 0 0 0 0 0 8 0 0 0 0 0 0 0 0 0 0 0 0 1 2 1 0 0 0 0 0 0 0 0 0 0 0 0 0 0 0 0 0 7 0 0 0 1 0 
 0 0 0 0 0 3 0 0 0 0 0 0 22 0 27 0 0 0 0 0 0 2 0 0 1 62 0 0 3 0 65 4 2 0 0 0 3 6 0 0 188 124 64 57 68 64 260 118 136 124 107 44 39 209 0 186 43 308 105 390 6 0 0 0 0 2 51 0 0 0 0 0 0 1 0 0 0 0 0 0 0 0 0 0 5 0 0 0 0 0 0 0 0 0 14 0 0 0 0 0 1 0 3 22 0 12 0 7 0 0 2 12 0 0 6 0 1 0 12 0 10 0 16 10 21 0 6 10 8 7 39 0 7 0 33 68 0 42 0 0 0 0 0 0 0 0 0 0 0 0 0 0 0 0 0 0 0 8 0 0 0 0 0 0 0 0 0 0 0 0 0 0 20 0 0 0 0 0 0 0 0 0 0 0 0 2 0 42 0 0 4 0 0 0 9 0 0 0 0 0 30 0 0 34 2 0 6 0 7 0 9 35 19 20 11 0 21 0 9 18 0 0 0 0 0 0 0 0 0 0 0 0 0 0 0 0 0 0 13 0 0 0 0 0 0 0 0 0 0 0 0 10 0 0 0 0 0 0 0 9 0 0 2 5 2 2 10 0 0 0 7 0 0 0 0 0 0 0 0 0 0 0 0 0 0 13 0 0 0 0 
 2 0 6 0 3 0 0 3 0 4 0 4 6 0 2 2 6 6 0 0 0 0 0 0 0 0 0 0 0 2 0 0 0 0 0 0 0 2 0 0 312 30 73 108 356 142 135 177 121 145 203 41 17 41 186 0 61 43 30 68 7 20 0 73 2 5 0 2 0 0 0 2 0 0 5 51 0 0 0 0 7 0 4 4 0 0 1 0 0 0 0 0 0 0 1 2 0 1 0 9 0 0 0 0 0 0 0 0 0 0 0 0 0 0 0 0 0 0 0 0 10 0 20 7 36 31 0 1 10 19 23 9 11 0 41 16 14 18 0 0 0 0 0 0 0 0 0 0 0 0 0 0 11 0 0 0 4 0 12 12 0 1 0 0 0 0 0 0 1 6 20 2 2 0 0 0 0 0 0 0 0 0 0 0 0 0 0 0 0 0 0 0 0 0 0 0 0 0 0 0 8 0 0 22 15 10 11 0 6 19 32 16 27 0 0 26 41 12 0 16 0 0 0 0 0 0 0 0 0 0 0 0 47 10 0 0 0 0 14 10 0 0 0 0 0 0 0 0 0 0 0 7 0 0 0 0 0 0 0 0 0 28 1 1 1 12 2 0 0 0 6 0 0 0 0 0 0 0 0 0 0 0 0 0 0 0 0 0 2 0 
 0 1 0 0 0 2 2 0 0 0 0 0 0 0 3 0 0 0 0 0 1 0 3 0 0 0 3 0 0 1 0 0 0 1 0 5 4 6 0 0 82 108 113 389 190 348 29 48 98 222 155 104 57 58 43 61 0 117 55 29 2 0 0 24 0 2 1 6 0 60 0 0 0 0 4 0 0 0 0 51 0 0 0 0 26 0 0 0 0 0 0 0 0 0 0 0 0 0 0 0 0 0 0 0 0 0 0 0 0 0 0 0 0 0 11 0 0 0 0 0 0 10 6 10 10 10 13 10 71 44 1 0 0 4 12 8 13 6 14 2 21 10 0 0 0 0 0 0 0 0 0 0 22 6 0 0 11 13 9 9 0 9 0 0 0 0 0 0 0 0 4 0 0 0 0 0 3 0 0 0 0 0 0 0 8 0 0 0 0 0 0 0 0 0 0 0 0 0 0 0 12 2 11 0 14 4 34 28 6 20 18 0 36 0 6 10 7 42 0 0 10 0 0 0 0 0 0 0 0 0 0 0 62 14 0 1 0 0 0 9 0 0 0 0 0 0 0 0 0 0 0 10 0 0 0 0 0 0 0 4 0 1 2 1 64 10 3 0 1 0 0 0 0 0 42 0 0 0 0 0 0 4 4 0 18 0 0 0 0 0 
 0 0 0 4 0 0 0 0 4 0 2 2 0 0 0 4 0 1 0 0 0 3 0 0 0 0 0 0 0 0 62 0 0 0 0 0 2 0 0 0 95 41 180 45 57 196 100 137 55 381 95 79 26 46 308 43 117 0 36 35 6 0 0 2 0 1 49 0 0 0 0 0 101 57 7 0 0 0 52 81 0 0 0 0 0 4 0 0 8 7 8 6 0 0 0 0 8 35 0 0 0 0 0 0 0 0 0 0 0 0 0 0 0 0 0 0 0 0 0 0 0 0 2 26 19 46 0 0 1 8 6 10 60 0 10 8 0 6 0 0 1 7 0 20 0 0 45 0 0 0 0 0 9 0 0 44 2 0 20 0 0 0 5 6 0 0 15 16 0 0 14 7 0 0 14 0 8 0 0 0 1 0 0 0 0 0 1 0 0 0 0 0 0 0 0 0 0 0 7 0 0 0 0 0 46 23 46 0 0 0 23 12 9 0 0 0 0 12 0 11 13 8 9 0 0 0 22 0 8 0 2 0 0 36 34 11 0 0 0 48 0 0 0 0 0 1 0 0 0 0 0 2 0 2 0 0 0 0 0 3 0 1 1 0 1 78 0 2 0 0 0 0 0 0 0 0 0 0 0 0 0 0 0 0 9 0 0 0 2 0 
 1 2 6 6 2 2 3 0 2 0 3 0 21 2 2 2 0 0 0 1 5 4 76 5 58 4 4 66 3 2 2 69 4 5 4 4 2 71 4 4 344 121 38 82 62 234 53 48 350 110 36 48 60 95 105 30 55 36 0 326 0 0 0 2 2 3 0 0 1 1 0 1 0 0 0 0 0 2 0 0 0 0 0 0 0 0 0 7 0 0 0 29 0 0 0 0 0 0 0 0 0 12 40 9 1 0 0 0 12 37 0 0 0 0 0 0 10 10 0 0 10 0 0 0 0 1 0 13 60 18 0 0 0 0 6 22 11 15 6 0 0 0 0 0 0 0 0 0 0 0 0 0 0 6 0 0 0 2 6 0 0 0 0 0 0 0 0 0 0 0 0 0 0 0 0 0 0 0 0 0 0 1 13 0 2 0 0 0 0 0 0 4 0 0 0 0 0 0 0 0 38 0 4 0 0 0 1 1 6 10 10 0 0 17 12 0 20 1 11 16 0 0 0 0 0 0 0 0 0 0 0 0 0 0 3 0 1 0 11 6 0 0 0 0 0 0 0 0 1 0 0 11 0 2 0 0 0 1 0 16 0 0 1 1 0 1 4 0 0 0 7 0 0 0 0 0 0 0 0 0 0 0 5 0 9 0 0 0 2 2 
 0 0 0 0 2 0 0 0 0 0 1 2 0 0 0 0 0 0 0 0 0 3 55 58 20 71 0 0 0 21 66 3 0 0 0 0 1 2 25 0 323 110 44 54 58 55 455 124 65 288 57 54 140 441 390 68 29 35 326 0 0 0 0 0 1 1 0 0 0 0 0 0 21 0 0 0 0 0 0 0 0 0 0 0 0 0 0 0 0 8 0 0 0 0 0 0 0 0 0 0 0 0 0 0 18 22 0 0 2 0 6 32 0 0 0 0 0 0 0 0 17 16 17 5 2 0 15 17 18 3 8 12 16 20 1 17 0 11 5 13 4 2 0 0 0 0 0 0 0 0 0 0 1 0 0 0 8 0 0 0 0 0 0 0 0 0 0 0 0 0 0 0 0 0 0 0 1 0 0 0 0 0 14 13 0 63 5 0 0 19 10 0 0 0 0 0 0 0 0 0 0 28 13 22 0 0 0 11 16 0 0 1 0 39 29 18 6 4 18 27 0 0 0 0 0 0 0 0 0 0 0 0 0 0 9 0 0 0 9 0 0 0 0 0 0 0 0 0 0 0 0 5 0 0 0 0 0 0 0 8 0 0 0 65 0 5 0 0 0 9 0 0 0 0 0 0 0 0 0 0 0 0 0 0 5 0 0 3 1 0 
 0 0 0 0 0 0 0 0 0 0 0 0 0 0 2 0 0 0 0 0 0 4 0 0 0 0 0 0 0 0 0 0 0 0 0 0 3 0 0 0 4 5 0 0 0 0 7 19 0 4 0 4 0 0 6 7 2 6 0 0 0 256 191 57 56 36 417 121 154 287 85 105 310 382 65 64 55 64 40 98 0 0 0 0 0 0 0 0 0 0 0 0 0 0 0 0 0 0 0 0 0 0 0 0 0 0 0 0 0 0 0 0 0 0 0 0 0 0 0 0 0 0 0 0 0 11 0 0 0 10 11 0 6 0 3 15 0 4 0 0 0 31 0 5 36 26 1 36 28 15 21 43 0 44 71 42 21 10 0 15 0 0 0 0 0 1 0 1 5 0 0 1 0 0 0 0 14 1 0 0 0 0 0 0 0 0 0 0 0 0 0 0 0 0 0 0 0 0 0 0 4 0 0 0 10 2 6 2 0 0 0 13 6 0 2 0 0 0 0 4 10 43 7 4 14 33 34 20 0 20 57 8 0 17 0 4 0 0 0 0 2 0 0 0 0 0 0 0 0 0 0 0 0 0 2 0 0 0 0 0 0 0 3 1 0 0 1 0 0 0 13 0 0 1 1 1 0 0 0 0 0 0 0 0 0 0 0 0 0 0 
