 0 122 94 63 118 39 227 276 362 100 46 35 213 361 176 490 194 88 143 42 1 0 3 2 0 0 0 0 1 0 0 0 0 0 1 0 1 0 0 0 3 3 0 0 0 0 0 0 0 0 0 0 2 62 0 0 0 0 2 2 0 39 4 0 0 3 2 3 1 3 0 2 0 0 0 0 0 0 0 5 26 11 9 0 2 17 23 15 58 12 17 1 7 55 16 1 2 85 15 48 1 0 0 0 0 0 0 0 0 0 0 0 0 16 0 0 0 0 0 11 0 29 0 0 0 0 0 0 0 0 0 0 0 0 0 0 0 0 2 0 0 0 0 0 0 0 0 0 0 1 0 0 18 0 0 1 0 0 0 0 27 11 1 73 20 0 11 0 0 18 37 16 8 10 75 19 52 52 0 12 0 0 0 0 0 0 0 0 2 1 0 0 0 0 0 2 0 0 0 0 2 0 12 0 0 2 0 0 0 0 0 0 0 0 0 0 37 0 0 0 0 0 0 0 0 0 0 0 0 0 0 0 0 2 0 0 0 0 0 0 0 0 0 0 0 2 2 0 0 0 0 11 0 0 0 0 0 0 0 0 0 0 10 0 0 0 0 0 0 13 0 0 0 0 0 41 0 0 0 0 0 0 0 0 0 0 0 0 0 0 
 122 0 57 291 38 569 642 270 353 36 204 116 431 88 58 185 239 124 624 36 1 0 3 0 0 0 11 0 0 1 0 0 0 0 0 0 2 0 17 0 3 3 0 0 64 0 2 63 0 0 0 0 3 3 0 0 0 0 2 1 0 3 2 0 0 1 0 1 0 3 0 4 32 0 3 0 0 0 0 0 1 9 42 57 11 21 1 15 6 25 42 0 10 34 5 27 7 0 0 0 0 0 2 0 1 0 0 11 0 0 0 0 0 0 0 23 0 0 1 0 0 0 0 1 1 0 0 0 0 0 0 0 0 1 0 0 0 0 0 0 0 13 0 0 0 0 0 0 0 0 0 0 1 4 0 9 2 0 0 2 0 46 32 14 0 8 3 73 16 20 41 0 6 0 18 0 12 21 0 22 8 0 0 0 0 0 0 0 0 0 0 0 0 0 0 0 0 0 0 0 0 0 0 0 28 0 0 0 0 0 0 0 0 0 0 0 0 0 0 0 0 1 0 0 0 0 0 0 0 0 0 0 0 0 0 0 0 1 0 10 0 0 13 0 0 0 52 0 92 89 24 7 10 0 0 0 0 0 0 0 0 0 1 0 0 0 0 0 0 0 0 0 0 0 0 32 0 0 0 0 0 0 0 0 0 0 0 0 0 0 
 94 57 0 350 148 52 68 184 167 213 189 119 161 113 209 81 157 59 249 211 2 11 5 3 2 4 3 4 0 0 4 2 0 0 2 5 0 2 3 4 3 13 4 0 2 1 12 0 3 8 0 1 74 3 2 76 2 2 2 1 0 4 2 3 2 2 0 2 3 5 1 52 0 0 5 0 0 0 3 1 12 24 9 11 0 0 0 0 2 27 15 0 0 12 5 15 23 31 0 0 0 0 0 0 0 0 0 0 0 0 0 0 0 0 0 0 0 0 0 0 0 2 0 0 0 2 0 0 0 1 0 0 0 0 0 0 0 0 0 0 0 0 0 0 0 0 0 2 0 0 0 0 0 0 0 0 0 0 0 0 0 10 22 0 3 0 0 0 21 18 0 46 0 0 0 0 15 0 10 41 0 0 7 0 0 0 0 0 0 0 0 0 1 0 0 0 0 0 0 0 15 2 0 20 0 0 0 0 0 0 11 0 0 0 0 0 0 0 0 0 0 0 0 0 0 0 0 0 0 0 0 0 0 0 0 0 0 0 0 0 0 0 0 0 0 4 0 0 3 89 24 4 2 0 0 0 0 0 0 0 0 0 0 0 0 1 0 0 0 0 0 0 0 0 0 0 0 0 0 0 0 0 0 0 0 0 0 0 0 0 
 63 291 350 0 136 115 116 90 314 492 136 190 71 300 150 37 50 182 79 261 0 0 3 31 0 0 26 0 0 0 1 0 75 75 0 0 0 0 72 75 3 3 0 0 0 1 0 0 0 0 0 0 2 3 0 0 0 9 2 1 0 3 2 0 0 3 0 3 0 3 0 2 0 0 0 0 0 0 0 0 0 0 0 0 48 19 0 0 13 0 0 62 0 0 0 14 12 0 0 0 31 7 0 0 0 0 56 24 0 0 13 0 7 19 10 1 0 0 34 72 1 0 0 0 0 0 0 0 0 0 0 0 0 0 0 0 0 1 0 0 0 0 0 0 0 0 0 0 0 0 14 0 0 0 16 0 0 0 0 13 0 0 0 0 2 0 2 0 2 45 8 23 0 0 2 101 10 20 0 0 0 10 0 0 0 0 10 27 2 0 0 0 27 22 11 1 0 10 45 0 0 0 0 0 0 0 0 23 0 0 0 0 1 0 0 0 0 0 0 0 15 0 2 0 0 0 0 0 0 2 0 0 0 0 0 0 0 0 0 0 0 6 14 0 0 2 55 0 2 103 2 6 0 0 0 0 0 0 0 0 0 0 0 0 0 18 0 0 0 0 0 0 0 0 0 17 11 5 0 0 0 0 0 0 0 0 0 0 0 0 
 118 38 148 136 0 385 58 56 79 181 142 55 104 175 436 290 46 143 79 90 74 90 24 0 0 0 85 74 85 75 8 0 76 0 2 0 76 74 135 73 3 3 0 0 2 0 3 0 0 5 0 0 2 3 0 0 0 0 2 2 0 3 2 0 0 5 0 3 0 3 0 2 0 0 2 0 0 0 0 0 0 0 0 0 58 10 0 0 0 0 27 41 0 0 0 16 18 6 0 0 49 2 6 10 0 0 0 2 16 11 0 0 17 49 1 0 0 12 25 47 0 0 0 0 2 0 0 0 0 0 0 0 0 1 0 0 0 0 6 0 0 0 0 0 0 0 0 0 0 0 3 0 0 0 0 0 0 0 2 1 0 13 7 20 35 14 1 0 0 30 12 57 0 0 20 30 0 25 0 0 1 19 28 18 0 0 39 62 0 1 0 0 27 13 6 0 9 16 62 12 0 0 0 0 0 0 0 0 0 0 0 0 0 0 0 2 0 0 0 0 0 0 0 0 0 0 0 0 0 0 0 0 0 0 0 0 0 0 0 0 0 0 0 0 0 2 0 2 0 94 0 7 0 0 0 0 0 0 0 0 0 0 0 0 0 0 0 0 0 0 0 0 0 0 0 22 0 0 0 0 0 0 0 0 0 0 0 0 0 0 
 39 569 52 115 385 0 268 31 146 52 97 58 57 255 258 284 192 142 40 49 0 75 3 19 0 0 0 0 37 1 0 0 2 0 4 0 0 74 0 1 3 3 0 0 2 0 0 0 0 2 0 0 2 3 0 0 2 4 2 2 2 3 2 0 0 3 2 3 0 3 0 4 55 0 2 0 0 0 4 0 0 0 1 2 0 1 0 0 0 2 1 24 0 21 0 1 1 1 0 0 0 0 0 0 0 0 0 44 18 47 0 0 25 0 23 13 12 31 35 8 0 0 1 0 0 0 0 0 0 0 0 10 0 1 0 0 0 11 0 0 0 0 0 0 0 0 0 0 16 0 0 0 0 3 0 0 2 0 0 2 6 0 10 0 15 7 0 13 23 0 0 0 0 0 0 0 10 0 0 0 11 8 0 1 11 1 14 37 0 0 0 0 1 0 29 8 15 4 37 36 0 0 0 0 0 0 0 11 0 0 0 0 0 0 0 0 0 0 0 0 0 0 0 0 0 0 0 0 0 0 0 0 0 0 0 0 0 0 0 0 0 14 0 0 0 0 173 0 2 12 1 8 0 0 0 0 0 0 0 0 0 0 0 0 0 0 0 0 0 0 0 0 0 0 0 0 0 0 0 0 0 0 0 0 0 0 0 0 0 0 
 227 642 68 116 58 268 0 373 413 99 524 22 311 229 231 51 124 35 130 229 1 0 3 1 0 0 0 3 1 0 0 0 17 1 0 0 3 3 0 2 3 27 0 0 3 2 2 2 0 0 0 0 2 3 2 0 0 0 4 2 0 3 2 0 0 3 2 3 1 3 0 50 0 0 5 0 0 3 2 0 29 24 28 19 0 12 24 27 14 31 23 0 0 9 1 14 16 29 8 56 0 0 0 13 12 0 0 0 0 0 0 0 0 0 0 0 0 0 14 0 0 2 0 0 0 2 0 1 0 0 0 0 0 0 0 0 0 0 0 0 0 0 0 0 0 0 0 2 0 0 0 0 4 0 0 0 0 0 0 0 35 14 17 13 0 0 22 7 7 17 7 15 10 37 0 9 25 1 29 3 1 0 0 0 0 0 0 0 0 0 0 0 0 0 0 0 0 0 0 0 0 2 0 1 0 0 0 0 0 0 1 0 0 0 0 0 0 0 0 0 0 0 9 0 0 0 0 0 0 0 0 0 0 0 0 27 0 0 0 0 0 0 0 0 0 0 2 0 4 1 25 0 14 0 0 0 0 0 0 0 0 0 0 0 0 0 0 0 0 0 0 0 0 0 0 10 7 0 0 0 0 0 0 0 0 0 0 0 0 0 
 276 270 184 90 56 31 373 0 241 44 27 127 299 110 53 243 344 337 153 35 1 0 3 1 0 71 0 0 3 0 0 0 0 0 0 0 0 0 1 0 3 3 0 0 0 5 0 0 0 0 0 0 2 3 0 0 0 0 2 1 0 4 2 0 0 1 0 1 0 3 0 4 0 2 0 44 0 0 0 0 76 35 17 33 0 1 29 0 37 25 0 0 16 30 80 36 10 47 6 31 0 0 0 16 0 0 0 0 0 0 0 0 0 0 0 0 0 0 0 17 0 0 0 0 0 0 0 0 0 0 0 0 0 0 0 0 0 0 0 0 0 0 0 0 0 0 0 0 0 2 0 1 0 0 0 3 0 0 0 0 0 56 44 2 0 0 23 12 16 6 2 0 8 3 1 22 0 2 11 18 0 0 0 0 0 0 0 0 0 1 0 0 0 0 0 0 0 0 0 0 0 0 0 0 0 0 1 0 0 0 0 0 0 0 0 0 0 0 0 0 0 0 0 0 0 0 0 0 0 0 0 0 11 0 0 0 1 0 0 0 0 0 0 0 0 0 0 0 5 44 0 6 19 0 0 0 0 0 0 0 0 0 33 0 0 0 0 0 0 0 0 0 0 0 2 0 16 0 0 0 0 0 0 0 0 0 0 0 0 0 
 362 353 167 314 79 146 413 241 0 173 435 141 280 213 188 257 153 256 162 51 2 0 75 0 0 0 0 0 0 0 0 0 0 66 0 0 0 23 0 1 3 3 0 0 0 0 0 0 0 4 0 0 2 3 0 0 0 0 2 1 0 4 2 1 0 2 2 2 0 3 0 2 0 0 2 0 0 0 0 0 8 12 22 21 19 11 0 1 33 0 21 0 12 32 12 9 17 33 0 12 0 0 0 8 0 1 0 0 0 0 0 0 0 0 1 0 0 0 0 0 0 0 0 0 0 0 0 10 0 0 0 0 2 0 0 0 0 0 0 0 18 2 0 0 0 0 0 0 0 0 0 0 0 0 0 3 0 1 0 0 0 89 36 21 1 15 10 35 0 20 24 4 10 2 1 11 0 0 13 7 0 0 0 0 0 0 1 0 16 0 0 0 0 0 0 0 0 0 0 0 0 0 0 0 0 0 0 0 0 0 0 0 0 0 0 0 0 2 0 0 0 0 0 0 0 0 0 0 2 0 0 0 0 0 0 0 0 0 0 0 0 0 0 0 0 3 1 0 1 1 0 18 25 0 0 0 0 0 0 0 0 0 0 0 0 0 0 0 0 1 0 0 0 0 0 18 10 0 0 0 0 0 0 0 0 1 0 0 0 0 
 100 36 213 492 181 52 99 44 173 0 153 84 138 81 148 74 47 38 73 293 77 2 3 3 3 2 100 0 0 3 3 0 0 35 0 1 2 2 21 0 3 3 0 0 3 2 13 0 0 1 3 3 2 3 0 0 3 3 2 39 0 3 2 0 0 3 0 1 0 3 0 36 0 0 0 0 0 1 2 0 0 16 24 61 16 20 2 0 0 16 27 38 0 0 0 47 35 21 0 0 29 9 0 0 0 0 0 12 15 0 2 0 0 6 1 20 2 0 1 0 0 0 0 0 0 0 0 0 0 0 0 0 0 0 0 0 0 0 0 0 0 0 0 0 0 0 0 0 0 0 10 0 0 0 0 0 0 0 0 0 0 13 9 21 14 10 0 0 0 34 6 51 0 0 0 20 33 17 11 0 9 14 0 0 0 0 25 10 0 0 0 0 22 0 0 0 0 0 21 7 0 0 0 0 0 0 0 0 0 0 0 0 0 0 0 0 0 0 0 0 0 0 0 0 0 0 0 0 0 0 0 0 0 0 0 0 0 0 0 0 0 0 0 0 1 0 1 0 6 1 18 0 0 0 0 0 0 0 0 0 0 0 0 0 0 0 0 0 0 0 0 0 0 0 0 34 0 21 0 0 0 0 0 0 0 0 0 0 0 0 
 46 204 189 136 142 97 524 27 435 153 0 239 170 121 63 57 98 237 34 90 31 1 3 3 0 3 80 0 0 0 75 6 0 75 75 31 5 0 0 0 3 3 5 0 0 5 0 0 0 34 5 0 2 2 3 0 5 0 6 0 0 5 3 4 6 0 0 0 0 3 6 34 0 0 2 0 0 4 8 0 0 1 34 29 21 10 0 0 1 32 0 56 0 0 0 21 26 34 0 0 14 10 0 0 0 0 9 0 18 1 0 0 11 0 0 32 0 0 14 0 0 0 2 0 0 0 0 0 0 9 0 14 0 0 0 1 0 0 0 0 0 0 0 1 1 0 0 0 0 0 0 0 0 0 0 2 0 0 0 0 1 19 6 19 24 33 0 0 19 1 14 28 0 0 0 0 30 14 0 0 0 0 0 0 1 0 0 31 0 0 0 0 14 27 0 0 6 0 0 3 0 0 0 0 0 0 0 0 0 9 0 0 0 0 0 0 2 0 0 0 0 0 0 0 1 0 2 0 0 0 0 0 0 0 0 0 0 0 0 0 0 0 0 0 0 2 4 0 3 0 21 7 0 0 0 0 0 0 0 0 0 0 0 0 0 0 0 0 0 0 0 0 0 2 0 0 0 20 0 0 0 0 0 0 0 0 0 0 0 2 
 35 116 119 190 55 58 22 127 141 84 239 0 51 26 41 106 85 208 39 31 76 0 3 0 0 0 37 0 0 0 0 0 111 23 1 0 0 0 1 74 3 3 0 0 0 0 0 0 0 0 0 0 2 3 0 56 2 69 2 1 0 3 5 0 0 2 0 2 0 3 0 3 0 0 0 0 0 0 11 0 2 0 14 24 25 11 0 15 1 0 0 78 0 9 0 0 0 0 0 0 18 24 1 0 0 0 17 19 20 0 0 0 21 8 0 0 0 0 31 1 0 0 0 0 2 0 0 0 0 0 0 13 0 2 0 0 0 0 0 0 0 0 0 0 0 1 0 0 0 0 0 0 0 11 0 0 14 0 0 0 0 1 17 30 7 31 0 11 26 1 20 0 0 0 12 40 40 0 0 0 0 22 0 0 0 0 19 9 12 0 9 0 37 26 0 9 0 0 1 0 0 0 0 0 0 0 0 0 0 0 0 0 0 0 0 0 0 11 0 0 0 0 0 6 0 0 0 0 0 0 0 0 0 0 0 0 0 0 0 0 0 0 0 0 0 0 88 2 4 85 2 8 0 0 0 0 0 0 0 0 0 0 0 0 0 0 0 0 0 0 8 0 0 0 0 0 0 0 0 0 0 0 0 0 0 0 0 0 0 0 
 213 431 161 71 104 57 311 299 280 138 170 51 0 391 88 247 183 234 234 156 2 0 3 0 0 76 0 0 0 0 0 0 0 1 0 0 0 0 0 0 3 3 0 0 0 0 0 0 0 0 0 0 2 5 0 0 0 0 2 0 0 43 2 0 0 1 0 1 0 47 0 37 0 0 2 0 0 0 0 0 21 10 34 2 0 16 15 24 59 53 26 1 24 59 10 11 1 23 0 1 0 0 2 13 1 0 0 0 0 0 0 0 0 0 0 0 7 0 0 0 0 0 0 0 1 0 0 0 0 0 0 0 0 0 0 0 0 0 0 0 0 0 0 0 0 1 0 0 0 0 0 0 0 14 0 5 2 0 0 2 0 12 35 14 0 0 11 20 20 14 9 1 8 0 23 0 32 23 0 34 0 0 0 0 0 0 13 0 0 0 0 0 0 0 0 4 0 10 0 0 0 0 0 0 0 0 0 0 0 0 0 0 0 0 0 0 0 0 0 0 0 1 0 0 0 0 0 0 0 0 0 0 0 0 0 0 0 0 0 0 0 0 0 0 0 1 87 2 92 88 19 6 12 0 0 0 0 0 0 0 0 0 12 0 0 0 0 0 0 0 0 0 0 0 0 18 1 0 0 0 0 0 0 0 0 0 0 0 0 0 
 361 88 113 300 175 255 229 110 213 81 121 26 391 0 219 109 29 40 186 336 1 1 3 0 0 0 0 0 0 0 0 0 1 1 1 1 1 0 0 1 3 4 64 0 0 7 62 0 0 0 0 52 2 3 0 0 0 0 2 2 0 7 2 0 0 3 44 3 1 3 0 34 3 0 2 0 4 0 0 4 0 3 15 0 0 14 4 7 1 2 17 0 0 0 10 21 29 40 33 0 1 0 0 0 16 0 0 0 0 0 0 0 0 21 0 0 0 0 0 46 0 0 0 0 0 0 0 0 0 0 0 0 0 0 0 0 0 0 0 0 0 0 0 0 0 0 0 0 0 7 0 0 0 0 0 0 0 0 0 0 0 17 0 19 18 0 0 0 0 22 6 20 0 17 20 2 16 9 0 0 0 0 0 0 6 0 0 0 0 0 0 0 0 0 0 0 0 0 0 0 0 0 0 0 0 0 0 0 0 1 0 0 0 0 0 0 0 0 14 0 2 0 0 0 0 0 0 0 0 0 0 0 0 0 0 0 0 0 0 0 0 0 0 0 0 2 0 2 1 2 23 3 0 0 0 0 0 0 0 0 0 0 0 0 0 0 0 0 0 0 0 0 0 0 0 20 0 0 0 0 0 0 0 12 0 0 0 0 0 0 
 176 58 209 150 436 258 231 53 188 148 63 41 88 219 0 315 52 32 66 213 2 0 3 2 0 0 66 0 1 0 0 207 0 0 0 0 0 0 1 0 3 3 0 0 0 0 13 0 0 3 0 0 2 3 0 0 0 0 2 0 0 31 9 0 0 0 0 0 0 3 0 2 0 0 0 0 0 5 0 0 17 1 12 0 1 14 12 0 26 1 23 20 15 14 0 20 24 12 9 27 0 0 0 0 0 0 0 0 0 0 0 0 0 13 10 0 0 0 0 7 0 0 0 0 0 0 0 0 0 0 0 0 0 0 0 0 14 0 2 0 0 0 0 0 0 0 0 0 0 3 0 0 5 0 0 0 0 0 0 0 0 33 18 10 28 0 2 0 0 34 10 36 2 22 16 0 14 0 36 0 0 0 0 0 0 0 11 0 2 0 0 0 11 0 0 2 0 0 0 9 2 0 0 0 0 5 0 0 0 0 0 0 0 0 0 0 0 0 0 0 0 0 0 0 0 0 0 10 0 0 0 0 0 2 0 0 0 0 0 0 0 1 0 0 0 4 0 2 0 0 0 14 1 0 0 0 1 0 0 0 0 0 0 0 0 0 0 0 0 0 0 0 0 0 0 16 1 0 0 0 0 0 0 0 0 0 0 0 0 0 
 490 185 81 37 290 284 51 243 257 74 57 106 247 109 315 0 303 163 296 137 1 0 3 0 0 0 0 0 0 0 2 0 0 0 0 0 0 0 0 0 3 3 0 0 0 0 0 0 0 0 0 0 2 3 0 0 0 0 2 3 0 52 2 0 0 3 0 3 2 2 0 3 0 2 2 0 0 0 0 0 38 36 13 17 18 0 2 9 24 25 0 0 9 30 9 0 10 53 19 14 0 0 0 0 0 0 0 0 0 0 0 0 0 0 0 0 0 0 12 0 0 0 1 0 0 0 0 0 0 0 0 0 0 0 0 0 0 0 0 0 0 0 0 0 0 0 0 0 0 0 0 0 2 0 0 0 0 0 0 0 0 15 1 14 0 13 0 13 13 0 24 0 0 14 13 0 14 15 9 26 0 0 0 0 0 0 0 0 0 0 0 0 0 0 0 0 0 0 0 0 0 0 0 0 0 0 0 0 0 0 0 0 0 0 0 0 0 0 0 0 0 0 0 0 0 0 0 0 0 0 0 0 0 0 0 0 0 0 0 0 0 0 0 0 0 0 0 0 88 87 1 7 0 0 0 0 0 2 0 0 0 0 5 0 0 0 2 0 0 0 0 0 0 0 2 0 0 0 0 0 0 0 0 0 0 0 0 0 0 0 
 194 239 157 50 46 192 124 344 153 47 98 85 183 29 52 303 0 113 112 27 2 0 3 0 0 0 0 0 0 1 0 0 74 0 0 1 0 0 0 0 3 3 1 0 0 0 1 0 0 0 0 0 2 3 0 0 0 0 2 2 0 30 2 0 0 3 0 3 0 3 0 6 0 0 0 0 0 0 0 0 15 14 25 23 0 2 0 0 32 13 17 19 24 55 20 12 6 14 0 0 0 0 0 0 0 0 0 0 0 0 0 0 1 0 13 0 0 0 0 0 0 0 0 0 0 0 0 0 0 0 2 0 0 0 0 0 27 0 0 1 0 0 0 0 0 0 0 0 0 0 0 11 0 6 0 3 0 0 0 0 0 33 26 0 9 0 10 22 56 1 2 2 7 1 6 0 1 20 0 21 0 0 0 0 0 0 7 0 0 0 0 0 11 0 0 0 0 0 10 12 0 0 1 0 0 0 0 10 0 7 0 0 0 0 0 0 0 0 1 0 0 0 0 0 0 0 0 0 0 0 0 0 0 0 0 0 0 0 0 0 0 7 0 0 0 0 88 1 87 45 2 17 15 0 0 0 0 0 0 0 34 0 0 0 0 0 0 0 0 0 0 0 0 0 0 18 0 0 0 0 0 0 0 0 0 0 0 0 0 0 
 88 124 59 182 143 142 35 337 256 38 237 208 234 40 32 163 113 0 102 24 0 0 3 0 0 0 61 0 0 0 0 0 96 0 3 0 0 5 4 74 3 6 3 0 0 3 0 0 0 0 0 0 2 3 3 0 0 0 2 3 0 3 2 0 3 3 0 9 3 2 2 3 0 0 2 0 0 0 0 0 0 0 20 27 40 13 0 18 0 14 5 26 9 11 0 11 14 0 1 0 1 0 0 0 0 0 0 10 0 0 0 0 10 23 0 6 0 0 60 8 0 0 0 0 0 0 0 0 0 0 0 14 0 0 0 0 0 0 0 0 0 0 0 0 11 0 0 0 0 0 0 0 0 0 0 0 0 0 0 0 0 12 1 52 17 29 0 28 11 0 34 17 0 6 42 39 55 30 1 14 0 14 0 0 0 0 15 0 0 0 0 0 12 18 0 0 0 0 15 0 0 0 0 0 0 0 0 0 0 0 0 0 0 0 0 0 0 0 0 0 0 0 0 0 0 0 0 0 0 0 0 0 0 0 0 0 0 0 0 0 0 0 0 0 0 2 11 3 86 85 1 5 2 0 0 0 0 0 0 0 2 0 0 0 0 0 0 0 0 0 0 0 0 0 0 0 0 9 0 0 0 0 0 0 0 0 0 0 0 0 
 143 624 249 79 79 40 130 153 162 73 34 39 234 186 66 296 112 102 0 229 4 0 4 0 0 0 0 0 0 0 2 0 0 1 0 2 0 0 0 0 3 3 1 0 0 0 0 0 0 0 0 0 4 3 0 0 0 0 2 3 0 31 2 0 0 3 0 3 2 5 0 40 0 3 0 2 0 3 0 0 0 38 0 0 0 0 2 15 22 0 0 0 56 34 0 10 2 38 10 19 0 0 0 0 0 0 1 0 0 0 0 0 0 0 0 0 0 0 0 0 2 0 0 0 0 0 0 0 0 0 0 0 0 13 0 0 0 0 0 0 0 0 0 0 0 0 0 0 0 0 0 0 0 0 0 0 0 0 0 0 1 29 0 0 0 0 22 0 0 0 0 0 0 49 0 21 5 17 19 26 0 0 0 0 0 0 0 0 0 0 0 0 0 0 0 3 0 0 0 0 0 0 0 0 2 0 0 0 0 0 0 0 1 0 0 0 0 0 0 0 0 0 2 0 8 0 0 0 0 2 0 0 0 0 0 0 0 5 0 0 0 0 0 0 0 1 0 0 5 1 19 15 0 0 0 0 0 2 0 0 0 0 0 0 0 0 2 0 0 0 0 0 45 0 2 0 0 0 0 0 0 0 0 0 0 0 0 0 0 0 
 42 36 211 261 90 49 229 35 51 293 90 31 156 336 213 137 27 24 229 0 1 0 3 0 0 0 2 0 2 0 0 0 3 0 4 0 0 0 3 0 3 5 0 0 0 0 0 0 5 0 58 0 2 3 0 0 0 0 2 0 0 3 6 0 0 3 1 0 0 3 0 37 0 0 3 47 0 0 0 0 43 13 11 0 0 0 13 14 0 3 0 0 26 2 10 30 16 33 79 39 0 0 0 0 0 0 0 0 0 0 0 0 0 0 0 0 0 0 0 0 0 0 0 0 0 0 0 0 0 0 0 0 0 0 0 0 0 0 0 0 0 0 0 0 0 0 0 0 0 0 0 3 17 0 0 0 0 0 0 0 22 0 0 0 0 0 33 9 1 0 0 20 1 55 0 6 15 2 21 3 0 0 0 0 13 0 0 0 0 0 0 0 0 0 0 0 0 0 0 0 0 0 0 0 0 0 0 0 0 0 0 0 0 0 0 0 0 0 0 0 0 0 0 0 0 0 0 0 0 0 0 0 0 0 0 0 0 0 0 0 0 0 0 0 0 0 1 2 42 2 19 2 0 0 0 0 2 0 0 0 0 0 0 0 2 0 1 0 0 0 0 0 0 0 0 0 0 0 0 0 0 0 0 0 0 0 0 0 0 0 
 1 1 2 0 74 0 1 1 2 77 31 76 2 1 2 1 2 0 4 1 0 175 157 45 21 38 104 86 68 103 257 36 243 214 166 42 91 42 122 39 0 9 6 1 0 0 0 0 0 3 0 0 0 0 0 0 1 4 0 3 0 2 0 51 3 0 3 0 0 0 0 0 0 2 2 0 0 0 14 2 0 0 0 17 9 18 0 0 0 0 0 21 0 0 0 0 0 2 0 0 15 16 11 23 0 11 43 15 34 2 10 0 31 8 0 2 0 0 19 46 0 0 0 0 0 0 0 0 0 0 0 0 0 0 9 2 0 0 0 1 0 1 0 0 0 0 0 0 0 7 11 0 0 0 0 0 0 1 2 0 0 0 2 44 12 8 0 0 0 0 0 0 2 0 0 0 0 0 0 0 0 0 41 32 0 19 41 12 26 24 10 18 30 103 12 9 30 9 0 12 0 0 0 0 0 0 0 0 0 5 2 2 0 0 0 0 0 0 0 0 0 0 0 0 0 0 0 0 0 0 0 0 0 0 0 0 2 0 0 1 0 0 16 0 0 0 0 0 0 0 0 0 0 0 6 0 1 78 0 2 3 0 0 0 0 0 0 0 0 0 0 0 0 0 0 0 0 0 0 0 0 0 0 0 0 0 0 0 0 3 
 0 0 11 0 90 75 0 0 0 2 1 0 0 1 0 0 0 0 0 0 175 0 151 136 47 77 159 234 136 346 55 44 199 56 116 94 193 238 65 69 0 3 0 0 0 0 0 0 0 3 0 0 0 0 0 1 3 0 0 209 0 2 0 0 0 0 2 0 0 0 1 1 1 2 2 0 0 0 4 3 0 0 1 0 10 9 0 0 0 0 0 1 0 0 0 0 0 0 0 0 22 0 24 11 7 0 0 26 0 37 16 6 8 35 0 8 15 5 21 10 0 0 0 0 0 0 15 0 0 0 0 1 0 0 0 0 0 0 0 0 13 0 0 2 0 34 0 0 0 0 0 0 0 0 15 0 0 0 0 0 0 0 0 1 3 9 0 0 0 0 0 0 0 0 0 0 0 0 0 0 11 14 29 26 0 12 6 12 19 0 0 0 0 0 31 13 11 19 0 13 0 0 0 0 0 0 0 22 2 0 0 0 1 31 0 0 0 0 42 0 0 0 0 0 0 0 0 0 0 0 1 0 0 0 0 0 0 0 0 0 0 0 0 0 0 2 0 0 0 0 0 0 0 0 6 2 0 1 0 2 2 0 0 0 0 0 0 0 0 0 0 0 0 0 0 0 0 2 0 0 0 13 0 0 0 0 0 0 0 0 
 3 3 5 3 24 3 3 3 75 3 3 3 3 3 3 3 3 3 4 3 157 151 0 142 150 114 363 202 66 163 126 135 142 128 320 177 194 62 115 517 0 2 0 0 0 0 0 0 0 3 0 0 1 1 0 0 5 0 0 3 0 2 0 0 0 1 1 0 0 1 0 0 0 2 3 0 0 0 3 4 0 0 0 0 4 10 0 0 0 0 0 2 0 2 0 0 0 0 0 0 10 12 13 51 1 28 14 3 0 0 46 20 31 10 9 1 1 13 4 31 0 0 0 0 2 0 48 36 0 0 0 0 1 10 0 10 0 2 14 26 17 0 0 0 0 0 0 0 0 0 0 0 1 0 1 0 0 0 0 0 0 0 4 0 0 19 0 0 0 0 0 1 0 0 0 0 0 12 0 0 17 14 19 16 9 0 37 0 1 41 12 15 16 1 10 10 20 0 0 24 9 0 0 0 12 0 0 0 13 2 0 0 0 41 0 0 1 0 0 0 0 0 0 0 0 0 0 0 0 0 0 0 18 0 0 0 0 0 0 0 0 0 0 0 0 1 0 0 0 0 0 0 0 0 8 2 2 153 80 0 4 12 0 0 0 0 1 0 0 0 0 0 0 0 0 0 0 0 0 0 0 10 0 0 0 0 0 0 0 0 
 2 0 3 31 0 19 1 1 0 3 3 0 0 0 2 0 0 0 0 0 45 136 142 0 169 189 91 162 54 103 119 59 59 290 50 49 586 172 68 148 0 2 0 0 0 0 0 0 0 3 0 0 0 54 0 0 7 0 0 3 0 2 0 0 0 0 2 0 0 0 0 52 51 2 3 0 0 2 3 3 0 0 0 0 0 0 2 0 0 0 0 0 0 0 0 0 0 0 0 0 0 14 2 24 40 0 0 10 11 79 16 16 17 5 11 12 13 19 9 0 0 0 0 0 0 0 24 14 0 0 0 2 0 7 9 0 0 0 22 46 2 0 9 4 0 1 0 0 5 0 0 5 0 0 10 0 0 0 0 30 0 0 0 0 0 0 0 0 0 0 0 0 5 0 0 0 0 0 7 0 9 0 12 12 0 2 0 15 2 1 0 2 0 6 29 7 44 19 0 25 0 0 0 0 0 16 0 15 0 0 0 0 11 36 0 0 0 1 32 14 0 0 0 0 0 0 0 0 0 0 0 0 0 0 0 2 0 0 0 0 0 0 0 0 0 0 0 0 0 0 0 0 0 1 10 0 1 0 13 2 2 0 0 0 0 0 0 0 0 0 0 1 0 0 0 0 0 0 0 0 0 19 0 0 0 0 0 0 0 0 
 0 0 2 0 0 0 0 0 0 3 0 0 0 0 0 0 0 0 0 0 21 47 150 169 0 143 64 135 87 168 69 183 58 69 70 78 45 73 57 60 77 1 0 0 0 0 1 0 30 3 0 0 2 68 62 0 49 0 29 3 0 7 0 0 1 0 0 0 0 0 0 2 0 2 3 39 0 0 2 3 0 0 0 0 0 0 0 0 0 0 0 0 0 2 0 0 0 0 10 0 0 3 0 8 10 33 0 2 1 18 0 30 0 2 0 37 25 14 0 0 0 0 13 5 2 0 6 45 6 0 21 0 16 0 0 9 13 2 35 7 0 0 0 0 0 0 0 0 0 1 0 0 0 0 0 0 0 0 0 0 0 0 3 0 0 5 0 0 0 0 0 0 0 0 0 0 2 0 0 0 0 0 1 0 21 14 1 0 0 2 28 9 0 0 0 0 15 2 0 0 0 1 30 12 0 0 37 0 16 0 0 0 0 30 0 0 65 0 12 12 0 0 0 0 0 8 0 0 0 1 0 0 0 0 0 0 0 1 0 0 0 0 0 0 0 1 0 0 0 0 0 0 0 0 5 0 0 2 78 0 4 0 1 0 0 0 0 0 0 0 9 0 0 0 0 0 0 0 0 8 0 0 0 0 0 22 0 0 0 0 
 0 0 4 0 0 0 0 71 0 2 3 0 76 0 0 0 0 0 0 0 38 77 114 189 143 0 326 36 44 141 167 483 38 148 41 270 138 60 65 52 55 3 0 0 0 3 65 0 0 3 0 0 130 68 65 10 1 0 0 131 0 2 0 0 13 0 2 0 0 0 0 0 0 52 2 0 0 0 3 3 0 0 0 0 0 0 0 6 0 0 1 0 0 0 0 0 0 0 0 0 0 0 9 0 23 34 0 0 0 0 0 4 1 0 9 0 17 1 0 0 13 0 1 0 0 0 1 0 22 0 0 0 19 7 10 11 1 4 24 54 0 0 7 3 0 0 0 0 5 0 0 13 2 0 0 0 0 0 0 0 0 0 2 0 0 0 0 0 0 0 0 0 0 0 0 0 10 0 0 0 0 0 13 30 52 14 1 0 9 0 9 26 0 0 13 0 0 12 0 0 29 0 0 18 0 0 13 0 41 41 17 0 24 0 14 0 13 6 1 61 0 0 0 0 0 0 0 0 0 0 0 0 0 0 0 0 0 2 0 0 0 0 0 0 0 2 0 0 0 0 0 0 0 0 16 5 0 1 76 1 0 0 0 0 0 0 0 0 0 0 8 0 0 0 0 0 0 0 0 11 0 0 13 0 12 0 0 0 0 0 
 0 11 3 26 85 0 0 0 0 100 80 37 0 0 66 0 0 61 0 2 104 159 363 91 64 326 0 185 64 44 116 502 341 162 274 251 39 269 566 162 0 3 0 17 0 0 0 0 0 3 0 0 0 0 0 0 1 0 0 3 0 2 35 0 0 0 3 0 0 0 0 0 1 5 2 0 0 0 3 1 0 0 0 0 46 15 0 9 0 14 2 13 0 0 0 0 0 0 0 0 47 15 16 10 21 0 0 20 22 0 1 13 27 26 0 13 0 3 34 22 0 0 0 0 0 0 0 0 0 0 0 0 0 0 0 0 2 2 18 0 0 0 0 0 0 0 0 0 0 0 8 0 1 0 0 0 0 0 0 0 0 0 0 26 13 3 0 0 0 4 18 20 0 0 0 6 2 9 0 0 12 21 42 12 0 15 19 10 12 11 0 18 16 16 9 18 13 14 0 9 0 0 0 0 0 0 0 0 0 0 0 0 0 0 0 0 1 0 19 0 0 0 0 0 0 0 0 0 0 0 0 0 0 0 0 0 0 1 0 0 0 0 0 0 0 1 0 0 0 74 0 0 0 0 8 2 0 78 0 4 1 1 0 0 0 0 46 0 0 0 0 0 0 0 0 34 0 24 0 0 0 0 0 0 0 0 18 0 0 0 
 0 0 4 0 74 0 3 0 0 0 0 0 0 0 0 0 0 0 0 0 86 234 202 162 135 36 185 0 69 185 27 105 196 182 146 148 102 125 218 199 0 3 0 0 3 2 0 0 0 3 0 0 1 0 2 0 4 0 0 3 5 2 0 0 0 0 3 0 0 1 0 0 1 2 5 0 0 0 5 1 0 0 0 0 12 14 12 0 0 0 2 0 0 0 0 0 0 0 0 0 23 39 49 53 21 0 12 59 18 0 13 21 29 31 20 27 40 10 16 20 0 0 0 0 0 0 0 17 0 0 0 0 12 0 0 0 0 0 28 17 1 0 0 0 0 0 0 0 0 0 0 23 0 0 0 0 0 0 0 0 0 15 0 14 6 8 0 0 0 0 0 0 34 1 0 0 2 0 3 0 43 19 113 4 0 14 26 0 50 22 22 49 12 0 42 46 75 43 0 30 0 0 0 0 0 0 0 0 0 0 0 0 0 29 0 0 0 0 0 0 0 0 0 0 0 0 0 0 0 0 0 0 0 0 0 0 0 0 0 0 0 0 0 0 7 0 0 0 1 0 0 4 0 0 16 2 0 76 0 0 0 10 0 0 0 1 8 0 0 0 0 0 0 2 0 0 0 0 0 0 0 0 0 0 0 0 23 0 0 0 
 1 0 0 0 85 37 1 3 0 0 0 0 0 0 1 0 0 0 0 2 68 136 66 54 87 44 64 69 0 93 99 24 177 124 178 144 139 360 80 300 0 4 2 0 0 1 0 0 0 3 2 0 0 1 1 0 4 0 2 3 1 2 0 0 99 0 1 7 0 6 0 2 0 9 3 0 0 61 3 3 0 0 0 0 0 0 0 0 9 0 0 0 0 0 0 0 0 0 0 0 13 15 6 2 36 15 0 17 52 2 47 26 0 22 0 10 47 52 0 19 0 0 0 0 0 0 33 0 0 0 1 1 0 0 0 0 0 0 1 17 1 0 0 0 0 3 0 0 0 0 0 1 0 0 0 0 0 0 0 0 33 1 0 0 0 12 0 0 0 0 0 0 0 0 0 2 0 0 12 0 0 65 11 4 12 0 18 5 0 22 9 15 0 0 0 11 0 23 23 16 0 0 0 0 0 0 29 0 2 0 0 0 0 32 0 0 0 0 35 0 0 0 11 0 0 0 0 19 0 0 0 0 0 0 0 0 0 0 0 0 0 0 0 0 0 0 0 0 0 0 0 0 0 0 9 0 0 77 0 0 0 1 0 0 0 0 0 0 0 0 0 0 0 0 1 0 0 0 0 0 0 15 0 10 0 12 0 0 0 0 
 0 1 0 0 75 1 0 0 0 3 0 0 0 0 0 0 1 0 0 0 103 346 163 103 168 141 44 185 93 0 291 74 39 106 228 338 141 567 165 87 0 5 1 0 0 0 3 0 0 65 0 0 1 4 3 2 6 0 0 3 0 7 0 0 0 0 0 0 0 0 0 0 0 2 3 2 0 0 2 83 0 0 0 0 10 0 0 0 8 6 0 0 0 1 0 0 0 0 0 2 14 13 13 15 0 27 0 33 30 0 12 10 19 12 0 11 17 25 26 19 0 0 0 0 0 1 13 13 0 0 0 0 11 11 0 10 0 0 29 28 0 0 1 0 0 0 0 0 0 0 0 0 0 0 0 0 0 0 0 0 3 0 7 0 0 0 0 0 0 0 0 0 0 22 0 0 0 0 3 0 12 13 43 18 16 4 18 0 9 28 13 46 0 18 11 7 24 0 0 29 8 0 0 0 0 0 27 0 14 0 0 0 0 31 2 0 0 0 0 0 0 0 0 0 8 0 0 0 0 0 0 0 0 0 0 0 0 0 0 0 0 0 1 0 0 0 0 0 0 0 0 0 0 0 5 1 0 158 0 3 7 0 0 0 0 0 0 0 0 0 0 0 0 0 0 0 0 0 0 0 0 0 0 0 0 0 0 0 0 0 
 0 0 4 1 8 0 0 0 0 3 75 0 0 0 0 2 0 0 2 0 257 55 126 119 69 167 116 27 99 291 0 54 117 27 103 232 253 95 35 65 0 1 0 0 0 0 62 0 0 3 0 0 63 2 0 0 2 0 0 3 0 2 0 0 7 0 0 0 0 0 0 2 0 2 3 0 0 0 0 3 0 0 0 0 0 0 0 0 0 0 0 0 0 0 0 0 0 0 0 0 36 0 30 10 29 10 0 19 14 22 1 0 1 1 49 0 9 0 1 3 0 0 2 0 0 0 1 1 0 0 0 0 12 13 0 12 0 0 23 43 0 0 0 2 0 0 0 0 0 0 0 0 0 0 0 0 0 0 0 0 0 0 51 0 0 0 0 0 0 0 0 0 0 0 0 0 0 0 0 0 18 8 16 44 33 10 1 11 30 1 0 22 12 5 49 16 1 27 12 0 21 0 0 0 0 0 19 0 10 29 0 0 13 2 0 0 3 0 31 2 0 0 0 0 0 0 0 0 0 0 0 0 0 0 0 0 0 0 0 0 0 0 0 0 0 0 0 0 0 0 0 0 0 0 12 0 2 3 75 0 6 0 0 0 0 0 0 0 0 0 0 0 0 0 0 0 0 0 0 0 0 15 0 0 0 0 0 0 0 0 
 0 0 2 0 0 0 0 0 0 0 6 0 0 0 207 0 0 0 0 0 36 44 135 59 183 483 502 105 24 74 54 0 102 47 97 60 96 150 52 91 123 3 0 0 0 0 1 0 0 3 0 0 78 32 26 6 4 0 0 25 0 4 2 0 0 1 2 0 0 0 0 3 1 9 2 0 0 0 91 3 0 0 0 0 0 0 0 0 0 0 2 0 0 0 0 0 0 0 0 0 0 0 8 4 9 17 0 0 0 0 0 29 2 2 0 0 0 2 1 0 0 12 11 7 0 0 30 11 8 0 15 0 27 20 4 0 23 2 6 18 0 0 4 1 0 0 0 0 6 0 0 0 1 0 0 0 0 0 0 0 0 0 2 0 0 6 4 6 0 0 0 0 0 0 2 0 2 0 0 0 2 0 12 0 24 15 1 0 3 0 19 7 0 0 0 0 0 20 0 0 48 0 0 0 9 0 15 0 13 0 14 0 0 16 9 0 0 0 0 12 0 0 0 0 0 0 0 0 0 0 0 0 0 0 0 0 0 1 0 0 0 0 0 0 0 1 0 0 0 0 0 0 0 0 5 0 0 0 10 0 0 0 0 0 0 0 3 0 0 0 11 0 0 0 0 0 0 0 0 7 0 10 43 0 0 0 19 0 0 0 
 0 0 0 75 76 2 17 0 0 0 0 111 0 1 0 0 74 96 0 3 243 199 142 59 58 38 341 196 177 39 117 102 0 151 25 98 36 41 265 319 0 3 0 0 0 0 0 0 0 3 0 0 0 0 0 0 1 0 0 3 0 2 0 0 0 0 3 0 0 0 0 1 1 2 2 0 0 0 3 1 0 0 0 0 8 9 0 1 0 0 0 14 0 0 0 1 0 0 0 0 8 21 24 7 8 1 15 1 0 12 8 4 19 17 20 13 1 0 18 0 0 0 0 0 0 0 11 1 0 0 0 0 0 0 0 0 0 0 2 0 0 0 0 1 0 0 1 0 0 0 0 0 0 0 0 0 0 0 0 0 0 0 0 18 17 0 0 0 0 0 0 0 0 1 0 20 0 0 0 0 30 7 11 0 0 11 12 34 22 1 0 0 37 22 8 28 0 13 14 31 0 0 0 0 0 0 0 0 0 0 0 0 0 0 0 0 0 0 6 0 0 0 0 0 0 0 0 0 0 0 0 8 0 0 0 0 0 0 0 0 0 0 0 0 0 0 0 0 0 63 0 0 0 0 14 1 2 1 0 1 0 12 0 0 0 0 7 0 0 0 0 0 0 0 0 0 0 0 0 0 0 0 0 0 0 0 11 0 0 0 
 0 0 0 75 0 0 1 0 66 35 75 23 1 1 0 0 0 0 1 0 214 56 128 290 69 148 162 182 124 106 27 47 151 0 161 143 52 184 111 236 0 1 1 2 4 5 0 0 2 5 0 0 0 2 2 0 5 0 0 208 0 2 2 0 0 5 0 0 0 0 0 4 2 5 6 0 0 1 6 5 0 0 0 15 0 0 0 0 0 2 0 17 0 0 0 0 0 0 0 0 45 43 1 3 30 17 14 0 76 13 0 0 10 21 1 0 0 9 0 3 0 0 0 0 0 0 0 0 0 0 0 0 8 0 0 0 0 0 8 0 0 1 0 0 0 0 0 0 0 0 2 12 0 0 10 0 0 0 0 0 7 2 0 0 0 9 0 0 0 0 0 0 0 10 0 0 19 0 2 0 21 47 25 0 11 0 36 20 9 40 13 44 32 21 10 65 10 0 1 16 0 0 0 0 11 0 0 0 0 0 0 0 0 0 0 2 0 0 39 0 0 0 0 0 0 0 0 0 2 0 0 0 0 0 0 0 0 0 0 0 0 0 0 0 0 0 0 0 0 0 0 0 0 0 9 0 1 2 0 1 13 14 0 0 0 0 0 0 0 0 0 0 2 0 0 0 0 0 0 0 0 0 0 0 2 0 0 0 0 0 
 1 0 2 0 2 4 0 0 0 0 75 1 0 1 0 0 0 3 0 4 166 116 320 50 70 41 274 146 178 228 103 97 25 161 0 185 48 288 265 297 0 2 2 0 2 2 2 0 0 6 2 4 4 1 0 0 6 0 0 3 0 3 0 0 3 0 1 0 0 0 3 2 48 2 3 0 1 2 9 3 0 0 0 13 0 11 2 0 0 0 0 0 0 0 0 0 0 0 0 0 7 12 1 0 15 22 27 23 42 9 38 0 27 0 8 10 19 9 0 11 0 0 0 0 0 0 0 0 0 0 0 2 0 0 0 0 0 0 10 15 2 0 0 0 0 0 0 0 0 0 18 0 0 0 1 0 0 0 0 0 0 0 0 0 0 18 0 0 0 0 0 0 3 2 0 0 0 0 9 0 0 10 1 59 0 8 0 0 14 12 0 0 0 9 0 9 30 13 0 9 0 0 0 0 0 0 16 0 1 0 0 0 0 8 0 0 0 0 13 0 1 0 0 0 0 0 0 0 0 0 0 0 0 0 0 1 0 0 0 0 0 0 12 0 0 0 0 0 0 0 0 0 0 0 21 1 3 1 0 2 12 0 0 0 0 0 0 0 0 0 0 2 0 0 0 0 0 0 0 0 0 16 0 0 0 9 0 0 0 0 
 0 0 5 0 0 0 0 0 0 1 31 0 0 1 0 0 1 0 2 0 42 94 177 49 78 270 251 148 144 338 232 60 98 143 185 0 214 42 154 173 0 2 0 0 0 0 2 0 0 3 0 0 18 1 0 0 2 0 0 3 0 2 0 0 1 0 1 0 0 2 0 2 0 2 28 1 0 0 3 3 0 0 0 0 0 11 0 0 0 0 0 0 0 0 0 0 1 0 0 0 34 28 11 19 21 18 0 0 9 16 39 0 0 0 0 22 12 10 0 0 0 0 0 0 0 0 25 0 0 1 0 0 0 10 0 26 0 0 5 20 0 0 0 1 0 7 0 0 1 0 0 0 0 0 0 0 0 1 0 1 2 0 0 0 0 0 0 0 0 0 0 0 10 23 0 0 0 0 5 0 9 10 1 19 20 0 0 10 29 26 0 17 0 1 1 9 18 25 0 0 4 0 0 0 13 0 21 19 16 12 0 0 1 41 0 0 0 0 57 0 0 0 0 0 0 0 0 0 0 0 53 0 16 0 0 0 0 0 0 6 0 0 0 0 0 0 0 0 0 0 0 0 0 0 8 2 2 76 0 1 18 1 0 0 0 0 0 0 0 0 0 0 0 0 0 0 0 0 0 0 0 13 0 0 0 24 0 0 0 0 
 1 2 0 0 76 0 3 0 0 2 5 0 0 1 0 0 0 0 0 0 91 193 194 586 45 138 39 102 139 141 253 96 36 52 48 214 0 175 183 37 0 3 0 0 0 0 0 0 3 3 3 2 2 0 0 0 1 0 4 5 0 2 0 3 2 0 3 0 0 9 2 3 0 3 2 0 0 0 8 1 0 0 0 0 9 12 0 0 0 0 2 0 0 0 0 0 0 0 0 0 3 14 23 1 30 10 13 9 0 12 42 9 41 2 16 0 22 22 9 31 0 0 0 0 0 0 32 0 0 0 0 0 0 0 9 0 1 13 10 14 0 0 0 5 0 6 0 0 1 0 0 0 4 0 0 0 0 0 0 0 0 0 0 0 1 2 0 0 0 0 0 0 3 0 0 0 0 0 16 0 9 0 29 34 16 1 18 14 23 14 60 11 0 10 19 3 32 19 0 9 8 0 0 0 0 0 0 18 0 0 0 0 10 34 0 0 0 0 12 20 0 0 0 2 0 0 0 0 0 0 0 0 0 0 0 0 0 0 0 0 0 0 24 0 0 2 2 0 0 0 0 0 0 0 6 1 0 82 1 1 1 0 0 2 0 0 0 0 0 0 1 0 0 0 0 0 0 0 0 0 0 0 0 0 0 0 0 0 0 0 
 0 0 2 0 74 74 3 0 23 2 0 0 0 0 0 0 0 5 0 0 42 238 62 172 73 60 269 125 360 567 95 150 41 184 288 42 175 0 112 121 0 2 0 2 0 0 0 0 0 3 0 0 0 1 0 0 2 0 0 3 0 2 0 0 0 0 1 2 0 5 0 2 0 8 3 0 0 0 3 3 0 0 0 0 0 1 0 0 0 0 2 1 0 0 0 0 0 0 0 0 11 11 5 22 23 1 0 24 44 10 1 5 2 22 0 11 14 27 0 19 0 0 0 0 0 0 1 0 0 0 0 0 15 0 0 0 2 1 4 27 0 0 0 0 0 0 0 0 0 0 0 0 0 0 0 0 0 0 0 0 6 0 0 0 0 1 0 0 0 0 0 0 0 5 0 0 2 0 0 0 4 59 17 30 0 12 0 9 27 20 30 11 1 1 0 14 14 0 11 13 0 0 0 0 0 0 18 0 0 0 0 0 0 0 0 0 0 0 0 0 0 0 0 0 0 0 0 0 0 0 0 0 0 0 0 0 0 0 0 0 0 0 0 0 0 1 0 0 0 1 0 0 0 0 10 2 1 37 6 1 21 0 0 0 0 0 13 0 0 0 0 0 0 0 0 0 0 0 0 0 0 17 0 0 0 0 19 0 0 0 
 0 17 3 72 135 0 0 1 0 21 0 1 0 0 1 0 0 4 0 3 122 65 115 68 57 65 566 218 80 165 35 52 265 111 265 154 183 112 0 120 0 1 1 0 0 0 0 0 0 3 0 0 0 2 0 0 2 0 0 3 0 2 0 0 0 0 0 0 0 2 0 0 0 5 3 0 0 0 2 3 0 9 9 0 16 17 0 0 0 11 17 0 0 0 0 8 15 0 12 0 23 1 64 34 17 0 28 46 0 23 43 9 14 15 19 7 0 11 10 6 0 0 0 0 0 8 10 0 0 0 0 0 0 0 0 0 0 0 0 0 0 1 0 0 0 0 0 0 0 0 2 0 0 0 0 0 0 0 0 0 0 2 0 0 0 6 0 0 10 12 8 0 0 0 0 0 0 0 0 0 13 0 9 21 0 0 8 23 19 10 7 0 0 2 14 7 12 18 14 26 0 0 0 0 1 0 0 0 0 0 0 0 0 10 0 2 0 0 24 0 0 0 0 0 0 0 0 0 2 0 0 0 0 0 0 0 0 0 0 0 0 0 0 0 0 0 0 0 0 0 0 0 0 0 6 2 2 80 0 2 2 0 0 0 0 0 1 0 0 0 0 0 0 0 0 0 0 0 0 0 0 0 0 0 2 0 1 0 0 0 
 0 0 4 75 73 1 2 0 1 0 0 74 0 1 0 0 0 74 0 0 39 69 517 148 60 52 162 199 300 87 65 91 319 236 297 173 37 121 120 0 0 5 10 0 0 0 0 0 0 7 0 0 0 1 1 0 2 1 0 3 0 2 0 0 2 0 1 0 0 0 0 2 1 5 3 3 2 0 5 3 0 0 0 0 15 15 0 0 9 0 0 1 0 0 0 0 0 0 0 1 9 10 45 28 14 1 12 0 0 41 12 11 20 13 9 0 0 1 12 7 0 0 0 0 0 0 0 0 0 0 0 0 0 0 0 1 0 0 0 0 0 0 2 2 0 0 0 0 0 0 0 8 0 0 3 0 0 0 10 0 0 0 1 0 0 0 0 0 0 0 29 0 0 2 0 9 0 0 0 0 15 0 14 8 0 15 35 25 33 12 10 1 19 4 8 6 10 32 28 12 0 0 0 0 0 0 0 0 0 0 0 0 0 0 1 0 0 0 31 2 0 0 0 0 0 0 2 0 0 0 0 0 0 0 0 0 15 0 0 0 0 0 0 0 0 0 0 0 0 27 0 0 0 0 5 0 2 76 0 0 0 12 0 0 0 0 31 0 0 0 0 0 0 0 0 0 0 0 0 0 0 0 0 0 0 7 10 0 0 0 
 3 3 3 3 3 3 3 3 3 3 3 3 3 3 3 3 3 3 3 3 0 0 0 0 77 55 0 0 0 0 0 123 0 0 0 0 0 0 0 0 0 507 88 118 86 46 179 126 106 65 133 117 416 64 328 125 88 29 34 159 0 0 0 4 0 0 0 0 202 0 0 1 0 0 0 0 0 0 0 50 0 0 0 0 0 0 0 0 0 0 0 0 0 0 0 0 0 0 0 0 0 0 0 0 0 7 0 0 0 0 0 10 0 0 0 0 0 0 0 0 15 24 29 0 18 19 0 0 10 2 2 0 10 9 24 8 8 0 0 10 0 0 0 0 0 0 0 0 0 2 0 0 0 0 0 0 0 13 0 0 0 0 0 0 0 0 5 3 0 0 0 0 0 0 3 0 0 0 0 0 0 0 0 0 10 20 0 0 0 0 13 8 0 0 0 0 0 0 0 0 0 8 8 0 0 21 1 10 31 0 26 8 0 1 29 2 0 47 13 8 0 0 0 0 0 0 13 0 0 0 0 0 9 0 0 0 0 0 7 0 0 0 15 0 0 0 0 0 0 0 0 0 0 0 0 0 0 0 0 0 0 0 64 0 0 0 2 16 0 0 0 0 0 0 0 0 0 0 0 9 0 0 0 0 10 1 0 0 0 0 
 3 3 13 3 3 3 27 3 3 3 3 3 3 4 3 3 3 6 3 5 9 3 2 2 1 3 3 3 4 5 1 3 3 1 2 2 3 2 1 5 507 0 179 327 109 314 140 248 120 49 51 84 60 114 63 215 177 195 88 92 0 0 5 0 0 0 226 0 4 0 0 4 0 0 0 0 0 0 19 70 0 0 0 0 0 0 0 0 12 0 0 0 0 0 0 0 0 0 0 0 0 0 0 0 0 0 0 0 0 0 0 0 0 0 0 0 0 0 0 0 21 19 0 0 23 32 0 2 0 25 29 0 0 0 0 0 0 10 0 18 0 17 0 0 0 0 0 0 0 4 0 0 13 10 0 0 0 0 1 23 0 0 0 0 0 0 0 0 0 0 0 1 0 0 0 0 4 0 0 0 0 15 0 0 0 0 0 0 0 0 0 0 0 0 0 0 0 0 0 0 11 46 0 0 5 14 0 0 0 15 0 0 0 0 0 0 10 29 0 0 12 0 13 0 0 0 1 0 0 0 0 0 1 0 0 0 0 0 0 6 0 0 0 0 0 0 0 0 0 0 0 15 0 0 0 0 0 0 0 0 0 0 8 0 1 1 4 0 0 0 0 0 0 0 0 0 0 0 0 0 0 0 0 0 35 0 0 0 0 0 
 0 0 4 0 0 0 0 0 0 0 5 0 0 64 0 0 1 3 1 0 6 0 0 0 0 0 0 0 2 1 0 0 0 1 2 0 0 0 1 10 88 179 0 308 147 47 103 187 176 181 128 31 78 50 303 337 384 332 108 37 0 0 17 3 0 0 1 5 16 11 7 13 0 0 0 8 4 0 48 0 0 0 0 0 0 0 0 0 0 0 0 0 0 0 0 0 0 0 0 0 0 0 0 0 0 0 0 0 0 0 0 0 0 0 0 0 0 0 0 0 8 21 20 23 2 0 19 0 29 18 5 11 0 9 21 0 11 61 0 0 0 0 0 0 0 0 0 4 13 0 1 7 43 11 17 0 0 8 27 12 0 0 0 0 0 0 0 0 0 0 0 4 0 0 0 0 0 0 0 0 0 0 0 0 0 0 0 0 0 0 0 0 0 0 0 0 0 0 0 0 9 10 7 35 0 20 0 47 1 24 12 17 10 0 83 32 1 0 0 0 7 0 0 0 0 5 0 0 0 0 6 3 19 6 0 0 0 0 17 0 0 0 0 0 0 0 0 0 0 0 0 9 0 1 0 0 0 0 2 2 0 0 0 1 1 0 3 0 0 0 6 0 0 0 0 0 0 0 0 0 0 4 0 0 1 0 0 0 0 0 
 0 0 0 0 0 0 0 0 0 0 0 0 0 0 0 0 0 0 0 0 1 0 0 0 0 0 17 0 0 0 0 0 0 2 0 0 0 2 0 0 118 327 308 0 82 45 210 246 343 101 76 106 119 157 128 180 197 107 254 70 0 0 7 0 0 0 0 0 10 72 0 6 0 0 0 0 0 0 0 2 0 0 0 0 0 0 0 10 0 0 0 0 0 0 0 0 0 0 0 0 0 0 0 0 0 4 0 0 0 0 0 0 0 0 8 0 0 0 0 0 9 3 13 23 47 0 0 7 27 54 0 6 0 23 13 7 21 61 0 0 0 0 0 0 0 0 0 0 0 5 0 0 30 17 8 0 0 0 43 6 0 0 0 0 0 0 0 0 0 10 0 4 0 0 0 0 0 0 0 0 0 0 13 0 0 7 0 0 0 0 0 0 0 0 0 0 0 0 0 0 18 36 22 13 0 30 0 26 0 33 0 6 17 0 26 61 5 10 0 2 0 0 0 0 0 0 0 0 0 0 0 0 1 0 0 0 0 0 16 0 0 3 0 0 0 0 0 0 0 0 0 6 0 1 0 0 0 0 0 0 0 0 34 1 0 1 1 0 0 0 0 0 0 0 0 0 0 0 0 0 0 4 0 0 11 0 0 0 0 0 
 0 64 2 0 2 2 3 0 0 3 0 0 0 0 0 0 0 0 0 0 0 0 0 0 0 0 0 3 0 0 0 0 0 4 2 0 0 0 0 0 86 109 147 82 0 157 142 97 165 172 170 113 102 126 129 146 185 86 89 80 50 3 1 36 0 0 50 1 0 8 46 10 1 1 4 0 1 6 106 1 0 0 0 0 0 0 0 0 0 0 0 0 0 0 0 0 0 0 0 0 0 0 0 0 0 0 0 0 0 0 0 0 0 0 0 0 0 0 0 0 11 31 0 0 0 15 0 0 20 13 29 0 0 0 14 10 0 19 0 0 0 36 0 31 0 0 0 24 20 0 3 54 31 8 0 15 0 2 0 9 0 0 0 0 0 0 0 0 0 0 35 0 0 0 0 0 10 0 0 0 0 0 0 9 0 0 0 0 0 0 0 0 0 0 0 0 0 0 0 0 0 22 0 26 48 48 0 12 8 0 21 22 0 0 10 31 0 13 0 0 11 0 1 0 0 13 25 0 0 0 14 7 15 24 14 0 0 0 17 19 0 0 11 0 0 0 0 0 0 0 0 8 0 0 0 0 0 0 0 3 0 0 0 0 28 5 25 48 0 0 1 0 0 0 0 0 0 0 0 0 0 0 0 0 9 0 0 19 0 0 
 0 0 1 1 0 0 2 5 0 2 5 0 0 7 0 0 0 3 0 0 0 0 0 0 0 3 0 2 1 0 0 0 0 5 2 0 0 0 0 0 46 314 47 45 157 0 27 312 124 321 281 41 97 54 267 336 216 178 68 107 16 0 6 0 2 1 101 7 17 4 6 7 51 51 0 57 0 2 1 94 0 0 0 0 0 0 0 0 0 0 0 0 0 0 0 5 0 0 0 0 0 0 0 0 0 0 0 0 0 0 0 0 0 0 0 0 0 0 0 0 0 10 0 0 9 16 0 2 15 0 0 6 0 0 0 0 0 11 0 0 6 29 1 0 0 0 7 12 0 0 38 8 0 18 20 34 0 1 10 11 0 0 0 0 0 0 0 0 0 0 0 0 14 0 2 0 0 9 0 0 0 14 0 0 0 0 0 0 0 0 0 0 0 0 0 0 0 0 0 0 0 0 0 11 13 0 0 0 1 0 10 8 0 0 0 1 22 21 0 0 0 1 18 0 0 3 0 12 31 7 22 7 48 10 0 10 7 9 9 19 14 0 0 0 0 0 0 0 0 0 0 2 0 0 0 0 0 0 0 0 0 0 2 0 5 0 2 0 66 0 10 0 0 0 0 0 0 0 0 0 0 0 0 0 0 0 0 0 2 0 
 0 2 12 0 3 0 2 0 0 13 0 0 0 62 13 0 1 0 0 0 0 0 0 0 1 65 0 0 0 3 62 1 0 0 2 2 0 0 0 0 179 140 103 210 142 27 0 319 133 98 103 38 179 149 49 325 28 38 690 96 0 0 0 0 9 0 0 0 0 0 0 1 0 0 0 37 2 0 0 0 0 0 0 0 0 0 0 0 0 8 8 0 0 0 0 0 0 1 0 0 0 0 11 0 0 0 0 0 0 0 0 0 0 0 3 0 0 0 0 0 27 11 50 14 3 0 8 12 10 9 1 1 14 39 11 11 22 0 40 18 0 0 0 0 0 0 0 0 0 4 0 0 0 19 0 6 0 5 0 16 0 1 4 0 7 7 14 46 3 4 0 4 0 8 1 0 0 0 0 0 0 0 0 7 0 15 5 0 0 1 11 14 6 1 0 0 0 0 0 4 14 13 25 2 0 14 0 18 28 31 39 9 75 0 41 0 24 15 22 21 0 0 0 0 0 0 0 0 0 0 0 0 37 0 0 0 0 0 0 0 0 0 0 0 0 0 1 0 0 0 0 4 0 0 0 0 0 0 2 2 0 0 68 0 0 3 3 0 0 0 0 20 0 0 0 0 0 0 0 0 0 0 0 0 19 2 0 0 0 0 
 0 63 0 0 0 0 2 0 0 0 0 0 0 0 0 0 0 0 0 0 0 0 0 0 0 0 0 0 0 0 0 0 0 0 0 0 0 0 0 0 126 248 187 246 97 312 319 0 246 261 93 257 193 161 128 332 112 116 70 139 0 2 34 9 3 5 4 7 4 5 11 13 2 0 0 2 1 0 13 55 0 0 0 0 0 0 0 0 0 0 0 0 0 0 0 0 0 0 24 0 0 0 0 0 0 0 0 0 0 0 0 0 0 16 4 0 0 0 0 0 71 49 12 2 0 39 0 0 10 12 1 17 0 0 17 0 1 7 0 0 0 1 0 0 0 0 0 0 0 5 1 6 14 34 0 0 0 8 15 0 0 0 0 0 0 0 0 0 0 0 0 3 0 0 0 0 0 0 0 0 0 0 0 0 0 0 0 0 0 0 0 0 0 0 0 0 0 0 0 0 0 7 6 13 0 26 0 20 5 15 8 11 0 0 46 12 39 38 0 0 0 0 0 0 0 4 6 0 0 0 6 3 23 0 0 0 0 0 19 1 0 0 9 0 0 0 0 0 0 0 0 9 0 2 0 0 0 0 1 1 0 0 64 0 1 2 2 36 0 0 6 1 0 0 0 1 0 0 0 0 0 0 0 0 39 1 0 0 0 0 
 0 0 3 0 0 0 0 0 0 0 0 0 0 0 0 0 0 0 0 5 0 0 0 0 30 0 0 0 0 0 0 0 0 2 0 0 3 0 0 0 106 120 176 343 165 124 133 246 0 143 303 98 103 162 218 179 59 241 107 66 4 15 0 1 6 0 8 0 52 0 3 4 4 0 0 6 9 2 91 2 0 0 0 0 0 0 0 0 0 0 0 0 0 0 0 0 0 0 0 0 0 0 0 0 0 0 0 0 0 0 0 0 0 0 0 0 0 0 0 0 0 21 28 0 10 21 0 29 9 13 22 8 0 0 0 0 3 0 18 0 0 0 0 9 0 0 21 0 1 1 0 0 36 0 6 4 0 3 6 0 0 0 0 0 0 1 0 0 0 0 0 3 0 0 0 0 5 0 0 0 0 0 0 0 0 0 0 0 0 0 0 0 0 0 0 0 0 0 0 0 0 13 36 16 0 0 12 0 7 0 0 1 0 0 13 19 42 12 14 19 12 1 8 0 0 0 6 0 0 0 0 0 6 42 6 0 2 2 0 16 0 0 0 0 0 0 0 0 0 0 0 11 0 1 0 0 1 0 0 1 0 16 1 0 2 2 2 0 0 0 0 0 0 0 0 0 0 0 0 0 0 0 0 0 11 3 0 0 0 0 
 0 0 8 0 5 2 0 0 4 1 34 0 0 0 3 0 0 0 0 0 3 3 3 3 3 3 3 3 3 65 3 3 3 5 6 3 3 3 3 7 65 49 181 101 172 321 98 261 143 0 82 96 63 120 177 115 66 351 149 93 0 1 0 2 5 5 7 1 0 0 5 4 0 58 3 1 0 5 51 0 0 0 1 9 0 0 0 0 0 0 3 0 0 0 0 0 6 12 0 0 0 0 0 0 0 0 0 0 0 0 0 0 0 0 0 0 0 27 0 0 24 33 0 9 7 10 2 0 21 3 40 0 0 0 11 0 12 17 0 3 0 1 0 0 0 0 0 9 7 0 0 0 0 0 0 0 0 2 2 0 0 7 34 1 0 0 0 0 0 1 0 15 0 0 1 0 1 7 0 0 0 0 0 0 1 0 0 0 0 0 0 0 0 0 0 0 0 0 0 0 0 21 0 30 23 9 0 25 11 0 27 25 17 0 10 27 0 10 0 0 0 0 0 0 0 0 13 7 0 0 0 0 0 22 0 0 14 0 7 1 0 0 11 0 0 0 0 0 0 0 0 4 0 2 0 0 0 0 0 0 0 27 4 0 0 0 0 37 0 0 0 0 0 0 0 0 0 0 0 0 0 0 0 0 0 0 0 0 0 0 
 0 0 0 0 0 0 0 0 0 3 5 0 0 0 0 0 0 0 0 58 0 0 0 0 0 0 0 0 2 0 0 0 0 0 2 0 3 0 0 0 133 51 128 76 170 281 103 93 303 82 0 246 117 63 207 91 180 276 318 111 51 27 0 11 48 1 101 0 0 0 0 2 50 3 5 2 0 0 52 0 0 0 0 0 0 0 0 0 0 0 0 0 0 0 0 0 0 0 0 0 0 0 0 0 0 0 0 0 0 0 0 0 0 0 0 0 0 0 0 0 7 41 3 37 7 37 0 27 1 0 31 0 0 0 0 20 13 4 0 0 0 16 4 22 0 10 7 15 0 13 0 0 18 0 0 6 9 14 11 11 0 0 0 0 0 0 0 0 0 5 0 0 0 0 0 0 0 0 0 0 0 0 0 0 27 0 0 0 0 0 0 0 0 0 0 0 0 0 0 0 21 6 15 17 23 12 26 14 7 2 25 10 9 0 52 54 0 14 0 9 4 0 0 15 0 0 0 0 10 4 13 0 29 13 7 6 2 8 10 11 0 0 0 0 0 0 0 0 0 0 0 6 0 0 0 0 0 0 0 13 0 0 2 13 64 18 0 4 0 0 0 0 0 0 0 7 0 0 0 0 0 0 0 0 23 16 0 12 0 0 
 0 0 1 0 0 0 0 0 0 3 0 0 0 52 0 0 0 0 0 0 0 0 0 0 0 0 0 0 0 0 0 0 0 0 4 0 2 0 0 0 117 84 31 106 113 41 38 257 98 96 246 0 105 297 23 123 88 291 26 98 52 0 0 8 0 0 98 0 0 0 0 0 0 23 0 0 0 0 1 0 0 0 0 0 0 0 0 0 0 0 0 0 0 0 0 0 0 0 0 0 1 0 0 0 0 0 0 0 0 0 0 0 0 0 8 0 0 0 0 0 38 15 13 1 0 12 0 0 0 1 2 0 0 0 7 0 1 0 0 0 0 27 0 46 0 0 0 20 16 5 0 0 31 0 0 59 0 9 0 10 0 0 0 7 0 0 0 0 0 0 0 0 0 0 0 0 0 0 0 0 0 0 0 0 0 0 0 0 0 0 0 0 0 0 0 0 0 0 0 0 1 7 6 0 54 102 0 9 0 0 8 10 0 0 42 11 0 37 0 0 0 0 10 0 0 0 16 15 0 0 50 0 37 12 14 0 0 0 14 0 0 0 9 0 0 0 0 0 0 0 0 0 0 0 0 0 0 0 0 15 0 0 62 0 32 4 0 34 0 0 0 0 0 0 0 0 0 0 0 0 0 0 0 10 36 1 0 19 0 0 
 2 3 74 2 2 2 2 2 2 2 2 2 2 2 2 2 2 2 4 2 0 0 1 0 2 130 0 1 0 1 63 78 0 0 4 18 2 0 0 0 416 60 78 119 102 97 179 193 103 63 117 105 0 151 249 106 38 29 412 359 0 0 1 0 5 0 0 0 0 4 0 2 0 0 0 4 0 0 0 0 0 0 0 0 1 0 0 0 0 0 0 0 0 0 0 0 0 0 0 0 0 0 0 0 0 5 0 0 0 0 0 7 0 0 0 0 1 0 0 0 38 8 9 5 35 0 0 0 17 13 13 24 39 10 7 32 6 0 18 12 0 0 0 0 0 0 0 0 0 7 0 10 0 0 0 0 0 0 0 0 0 0 0 0 0 0 0 0 0 4 0 0 0 0 0 0 0 0 0 17 0 0 0 13 10 0 0 0 0 0 0 18 0 0 0 0 0 1 0 0 27 21 10 0 1 32 13 0 12 15 37 15 23 0 0 9 9 39 19 28 0 0 0 0 0 0 0 0 0 0 0 0 0 0 0 0 0 1 0 0 0 0 0 0 20 0 0 0 0 0 0 11 0 0 0 0 0 0 0 10 0 0 4 68 0 16 0 0 0 0 0 0 0 0 0 0 0 0 0 6 0 0 0 0 27 0 0 0 0 0 
 62 3 3 3 3 3 3 3 3 3 2 3 5 3 3 3 3 3 3 3 0 0 1 54 68 68 0 0 1 4 2 32 0 2 1 1 0 1 2 1 64 114 50 157 126 54 149 161 162 120 63 297 151 0 304 48 36 100 369 150 0 2 0 4 1 0 0 0 1 0 0 7 4 0 0 3 43 0 0 15 0 0 0 0 0 0 0 0 0 0 0 0 0 0 0 0 0 0 0 0 0 0 0 0 5 0 0 0 0 9 0 0 0 0 0 0 0 0 0 0 3 20 11 33 16 18 0 33 0 0 0 7 15 18 6 1 49 0 9 0 0 0 8 3 22 3 0 0 10 0 0 0 0 0 0 0 3 26 11 11 0 0 0 0 0 0 11 0 0 4 0 0 0 0 0 0 0 0 0 0 0 0 0 0 20 9 0 0 0 0 0 0 0 0 0 0 0 0 0 0 23 7 13 1 0 2 14 9 0 11 21 12 9 0 25 14 38 28 14 7 28 44 0 3 0 0 13 0 1 0 0 0 16 4 0 0 7 4 19 5 0 0 15 0 0 0 0 0 0 0 0 4 0 0 0 0 0 0 0 0 0 0 1 1 0 0 0 5 2 0 2 0 0 0 0 0 0 0 0 0 0 0 0 0 0 0 0 0 0 0 
 0 0 2 0 0 0 2 0 0 0 3 0 0 0 0 0 0 3 0 0 0 0 0 0 62 65 0 2 1 3 0 26 0 2 0 0 0 0 0 1 328 63 303 128 129 267 49 128 218 177 207 23 249 304 0 92 167 108 330 156 0 3 0 2 0 0 0 0 0 0 0 2 0 0 0 6 0 0 47 0 0 0 0 0 0 0 0 0 0 0 0 0 0 0 0 0 3 0 0 0 0 0 0 0 0 0 0 0 0 0 0 11 0 0 0 0 0 0 0 11 0 20 9 32 0 1 0 5 43 0 33 8 11 1 8 1 9 25 1 0 0 0 0 0 0 0 0 6 0 0 0 0 10 0 0 0 0 6 10 0 0 0 0 0 0 0 0 0 0 0 0 3 0 0 0 0 0 0 0 0 0 0 0 0 9 2 0 0 0 8 1 8 0 0 0 0 0 0 1 0 0 0 16 41 0 10 13 20 4 11 3 13 0 0 28 24 2 0 1 15 0 0 0 0 0 0 0 0 0 0 0 0 26 15 0 0 0 0 10 0 0 0 0 0 0 0 0 0 0 0 0 7 0 1 0 0 0 0 0 3 0 0 1 1 2 5 0 1 0 0 0 0 0 0 0 0 0 0 0 7 0 0 0 0 0 12 0 0 0 0 
 0 0 76 0 0 0 0 0 0 0 0 56 0 0 0 0 0 0 0 0 0 1 0 0 0 10 0 0 0 2 0 6 0 0 0 0 0 0 0 0 125 215 337 180 146 336 325 332 179 115 91 123 106 48 92 0 197 180 112 73 0 0 60 0 0 0 0 0 27 0 0 6 0 0 0 0 0 0 14 56 0 0 0 0 0 0 0 0 0 0 0 0 0 0 0 0 0 0 0 0 0 0 0 0 0 1 0 0 0 0 0 0 0 0 0 0 0 0 0 0 32 20 0 0 13 26 2 0 0 26 9 14 0 0 76 0 0 14 0 2 0 1 0 0 0 0 0 0 0 6 0 0 0 49 0 0 0 0 16 20 0 0 0 0 0 0 5 0 0 0 0 1 0 0 0 0 21 0 0 0 0 0 0 0 0 0 0 0 0 0 0 0 0 0 0 0 0 0 0 0 9 26 0 0 0 13 2 0 5 12 5 0 0 0 0 0 23 47 0 0 12 0 0 4 0 0 1 0 0 0 0 1 2 0 0 0 0 0 10 6 0 0 14 0 0 0 0 0 0 0 0 11 0 2 0 0 0 0 7 1 0 0 34 0 0 2 2 1 0 0 18 0 0 0 0 0 0 0 0 0 0 6 2 0 16 0 0 0 0 0 
 0 0 2 0 0 2 0 0 0 3 5 2 0 0 0 0 0 0 0 0 1 3 5 7 49 1 1 4 4 6 2 4 1 5 6 2 1 2 2 2 88 177 384 197 185 216 28 112 59 66 180 88 38 36 167 197 0 112 38 37 3 50 0 0 5 0 1 1 10 0 0 3 0 0 0 0 0 0 53 27 0 0 0 0 0 0 0 0 0 0 0 0 0 0 0 0 0 0 0 0 0 0 0 4 0 0 0 0 0 0 0 13 0 0 0 14 2 4 0 0 9 37 0 14 10 62 0 6 20 16 30 11 2 0 31 18 0 29 11 2 0 0 0 0 0 0 0 6 0 0 0 0 0 38 0 0 0 2 2 17 0 0 0 0 0 0 0 0 0 3 50 0 0 0 0 0 0 0 0 0 0 0 14 0 0 0 0 0 0 0 2 0 0 0 0 0 2 0 0 0 0 0 0 35 19 2 13 19 8 17 1 23 0 4 17 40 7 73 0 0 0 0 0 0 0 0 0 0 0 0 0 0 0 18 0 0 0 0 23 1 0 0 11 0 0 0 0 0 0 0 0 7 0 0 0 0 0 0 0 9 0 0 1 62 0 12 0 7 2 0 0 0 0 0 0 0 0 0 0 0 0 2 0 0 11 0 0 0 0 0 
 0 0 2 9 0 4 0 0 0 3 0 69 0 0 0 0 0 0 0 0 4 0 0 0 0 0 0 0 0 0 0 0 0 0 0 0 0 0 0 1 29 195 332 107 86 178 38 116 241 351 276 291 29 100 108 180 112 0 50 31 0 52 1 0 0 0 0 1 8 0 0 6 0 0 0 0 0 0 101 7 0 0 0 0 0 4 0 0 0 0 0 4 0 0 0 0 0 0 0 0 0 0 0 0 0 0 6 6 0 0 13 0 1 0 0 0 0 0 24 10 0 40 0 0 33 1 0 53 20 14 33 2 0 0 9 0 0 51 0 0 0 0 0 0 0 0 0 6 10 0 0 0 0 7 0 0 0 2 13 20 0 0 0 0 1 0 0 0 0 0 0 0 0 0 0 0 2 0 0 0 0 0 0 0 0 0 0 0 0 0 11 0 0 0 6 0 0 0 27 7 0 38 19 26 15 0 0 13 8 0 0 16 0 0 0 26 16 33 0 0 15 0 0 0 0 0 10 7 0 0 0 0 0 26 0 0 0 0 12 11 0 5 42 0 0 0 6 0 0 0 0 2 2 2 0 0 0 0 0 0 0 27 0 0 2 5 0 1 2 0 0 0 0 0 2 0 0 0 0 0 0 0 0 0 0 0 0 0 0 0 
 2 2 2 2 2 2 4 2 2 2 6 2 2 2 2 2 2 2 2 2 0 0 0 0 29 0 0 0 2 0 0 0 0 0 0 0 4 0 0 0 34 88 108 254 89 68 690 70 107 149 318 26 412 369 330 112 38 50 0 181 0 23 5 3 3 0 0 0 0 0 0 2 0 1 0 6 0 0 5 3 0 0 0 0 0 0 0 0 0 0 0 0 0 0 0 0 0 0 0 0 0 0 0 0 0 0 0 0 0 0 0 0 0 0 0 0 0 0 0 0 29 0 32 10 7 0 7 35 13 17 4 2 14 15 20 25 5 0 19 0 0 0 0 0 0 0 0 0 0 3 7 0 0 0 0 0 0 0 3 6 0 0 0 0 0 0 0 0 0 6 0 0 0 0 0 0 0 0 0 0 0 0 0 4 1 16 0 0 0 0 0 0 0 0 9 0 0 8 0 0 34 21 27 29 3 10 23 18 0 31 27 15 20 0 21 7 47 24 14 37 0 0 0 0 0 0 0 1 9 0 0 0 0 0 0 0 0 0 0 0 0 0 0 0 0 0 0 0 0 0 0 3 0 1 0 0 0 0 1 19 0 0 64 64 1 14 0 0 0 0 0 0 0 0 0 1 0 0 0 0 0 0 0 0 0 7 0 0 0 0 
 2 1 1 1 2 2 2 1 1 39 0 1 0 2 0 3 2 3 3 0 3 209 3 3 3 131 3 3 3 3 3 25 3 208 3 3 5 3 3 3 159 92 37 70 80 107 96 139 66 93 111 98 359 150 156 73 37 31 181 0 0 6 0 12 1 0 3 0 0 0 0 8 0 17 0 1 0 0 0 0 0 0 0 0 0 0 0 0 0 6 0 0 0 0 0 0 0 0 11 0 0 0 0 0 0 4 0 0 0 0 0 7 0 0 0 0 0 0 0 0 24 19 0 22 9 19 0 19 12 20 24 1 24 9 0 29 12 2 0 0 0 0 0 0 0 0 1 0 0 11 0 0 0 0 0 0 0 0 0 0 0 0 0 0 0 0 0 0 0 6 0 0 7 0 0 0 0 0 0 0 0 0 0 0 8 2 0 0 0 0 0 12 0 0 0 0 0 0 0 0 19 28 30 16 0 9 23 6 6 20 18 22 8 0 20 1 1 28 0 17 0 0 0 0 0 0 0 0 0 0 0 0 1 0 0 0 0 0 0 0 0 0 0 0 0 0 0 0 0 0 0 12 0 0 0 0 0 0 1 13 0 0 34 64 0 14 0 3 2 0 0 0 0 0 0 0 0 0 0 7 0 0 0 0 28 1 0 0 0 0 
 0 0 0 0 0 2 0 0 0 0 0 0 0 0 0 0 0 0 0 0 0 0 0 0 0 0 0 5 1 0 0 0 0 0 0 0 0 0 0 0 0 0 0 0 50 16 0 0 4 0 51 52 0 0 0 0 3 0 0 0 0 83 276 64 68 42 397 85 39 60 71 34 108 118 101 119 40 55 29 331 0 0 0 0 0 0 0 0 0 0 0 0 0 0 0 0 0 0 0 0 0 0 0 0 0 0 0 0 0 0 0 0 0 14 0 0 0 0 0 0 1 0 0 18 0 33 0 0 0 0 0 0 0 0 0 1 0 0 0 0 0 15 0 7 0 0 8 1 0 0 0 0 27 8 19 45 0 0 0 14 0 0 0 0 0 0 0 0 0 0 0 0 0 0 0 0 0 0 0 10 0 0 0 0 0 0 0 0 0 0 0 0 0 0 0 0 0 0 0 0 0 0 0 0 3 7 0 0 0 0 0 0 0 0 0 0 0 0 0 0 0 0 18 0 0 0 10 7 19 35 33 1 40 21 14 8 18 17 17 16 0 0 0 0 0 0 0 0 0 0 0 0 0 0 12 0 20 0 0 0 0 0 0 0 24 1 0 0 0 0 1 0 0 2 1 1 0 0 0 0 0 0 0 0 14 1 0 5 0 0 
