 0 81 170 54 36 28 172 131 43 150 39 32 127 412 283 220 200 134 130 116 0 0 3 0 0 3 2 3 0 1 2 3 2 0 0 3 3 0 1 2 0 0 67 0 0 0 0 0 2 0 3 0 0 0 0 2 3 0 0 3 23 2 0 3 0 1 1 0 3 0 9 0 0 1 2 0 2 0 0 0 17 30 33 1 2 16 1 28 24 22 12 20 14 15 0 0 45 18 11 21 0 0 0 0 0 0 0 7 0 0 0 0 0 0 0 0 0 0 16 0 0 0 0 0 0 0 0 0 0 0 0 0 0 0 0 10 0 0 0 15 0 0 0 0 0 0 0 0 0 0 0 0 0 2 0 0 0 0 2 7 21 3 0 8 18 2 31 5 9 36 0 6 9 11 14 37 1 13 8 1 0 0 0 0 0 0 1 0 0 0 0 0 32 10 0 0 0 0 11 27 0 0 0 0 0 0 2 0 0 0 0 0 0 0 0 0 18 0 0 0 0 0 0 0 2 0 0 0 0 0 0 8 0 0 2 0 0 0 0 0 0 0 0 0 0 1 2 0 55 47 0 4 0 0 0 0 0 0 0 0 0 0 0 0 0 0 0 0 0 0 0 0 0 0 0 19 0 13 0 0 0 0 0 0 0 0 0 0 0 0 
 81 0 218 271 122 469 138 146 172 139 40 248 148 280 184 41 42 46 243 182 0 0 3 0 0 3 0 3 0 1 2 2 0 0 0 3 5 0 1 2 0 0 0 0 0 0 0 0 42 0 3 0 0 0 0 0 3 0 0 3 0 3 0 2 0 0 0 0 5 0 0 0 0 0 2 0 13 0 0 0 0 15 12 0 0 5 26 30 39 27 18 47 7 11 14 1 27 20 1 1 0 0 0 0 0 0 0 0 0 0 0 0 0 0 0 0 0 0 15 26 0 0 0 1 0 0 0 0 2 0 0 0 0 0 0 0 0 0 0 0 0 0 0 0 0 0 0 0 0 0 15 0 0 0 2 0 0 0 0 3 32 1 24 0 2 5 3 0 30 11 8 0 32 13 1 48 0 13 24 0 0 0 2 0 0 0 0 0 0 0 0 0 0 0 0 2 0 0 27 17 0 0 2 0 0 0 0 0 1 0 2 0 0 0 0 0 0 0 0 0 0 0 0 0 0 0 0 2 0 0 0 1 0 1 0 0 0 0 0 0 0 0 0 0 0 0 3 0 47 1 2 22 13 0 0 0 0 0 0 0 0 0 0 0 0 0 0 0 0 0 0 0 0 0 0 1 9 0 0 0 0 0 0 0 0 0 0 0 0 0 
 170 218 0 451 369 131 349 188 99 353 322 45 68 64 378 120 273 341 471 139 0 0 41 0 0 3 0 5 0 1 2 4 73 0 0 3 3 0 1 2 0 3 1 0 0 63 0 0 2 0 3 0 0 0 0 1 3 32 3 3 0 2 0 2 0 0 0 0 3 0 0 0 0 0 2 0 3 0 0 0 0 22 26 23 12 14 0 18 8 34 16 0 35 1 28 21 2 0 0 12 0 0 0 7 0 0 24 0 0 0 0 0 7 14 0 0 1 0 0 12 13 0 11 0 0 0 0 0 0 0 0 0 0 0 0 0 0 0 0 0 0 0 0 0 0 0 0 0 0 0 0 0 0 0 0 0 0 0 2 7 14 10 34 33 31 18 8 20 32 9 46 11 0 11 10 14 20 19 0 4 0 14 0 0 0 0 10 0 0 0 1 0 0 9 0 0 0 0 10 14 0 0 0 0 0 0 0 0 0 0 0 0 0 0 0 9 0 0 0 0 0 0 2 0 0 0 0 0 1 0 0 0 0 0 0 0 0 0 0 0 0 0 0 0 0 0 88 0 0 89 17 19 0 0 0 0 0 0 0 0 0 0 18 0 0 0 0 0 0 0 0 0 0 0 0 0 0 0 0 0 0 0 0 0 0 0 0 0 0 0 
 54 271 451 0 148 280 95 50 385 264 319 198 58 78 218 212 529 665 63 51 0 0 3 1 0 79 0 129 0 1 3 4 0 0 74 3 3 0 154 33 0 0 61 0 0 1 0 0 2 0 3 0 0 0 0 2 32 0 1 3 8 3 0 2 0 0 0 0 6 0 3 0 0 0 2 0 3 0 0 0 6 2 24 44 21 29 9 11 15 12 39 34 0 0 13 16 0 25 0 0 22 0 24 0 0 18 40 20 2 1 0 0 0 64 37 0 18 0 21 34 0 0 0 0 0 0 0 0 0 0 0 0 0 0 1 0 0 0 0 0 19 0 0 0 0 0 0 0 0 0 0 0 6 0 0 0 0 0 0 0 0 9 0 65 14 17 0 2 0 1 84 28 0 0 0 20 11 5 0 0 1 1 29 0 0 0 26 19 0 1 0 0 16 14 0 27 0 0 22 10 0 1 0 0 0 0 0 0 0 0 0 0 0 0 0 6 0 0 0 0 0 0 0 0 0 0 0 0 0 0 0 0 15 0 0 0 0 0 0 0 0 0 0 0 0 0 3 0 3 1 2 9 0 0 0 1 0 0 0 0 0 0 0 0 0 0 0 0 0 0 0 0 0 0 0 0 0 0 0 0 0 0 0 0 0 0 0 0 0 0 
 36 122 369 148 0 359 64 42 235 88 106 126 52 70 160 176 147 66 286 53 149 0 76 0 0 80 0 66 2 1 2 3 76 76 148 3 83 1 161 78 0 3 1 0 0 1 0 0 2 0 3 0 0 0 41 2 3 0 0 3 0 3 0 2 0 0 0 0 3 0 0 0 0 0 2 0 3 0 0 0 0 0 0 17 19 25 0 37 0 18 15 29 0 0 0 11 0 20 0 0 14 0 11 17 0 0 0 31 33 0 0 0 0 14 2 21 1 17 25 22 0 0 0 0 0 0 10 0 0 0 0 0 0 0 14 0 0 0 0 0 0 0 0 2 0 0 0 0 0 0 0 0 4 0 0 0 0 0 0 0 0 0 8 13 13 20 0 22 0 12 0 12 0 0 0 0 0 15 0 0 11 1 0 1 0 0 6 12 0 1 0 0 15 12 0 16 29 0 7 0 2 0 0 0 19 0 0 2 0 0 0 0 0 0 0 10 0 0 0 0 0 0 8 2 0 0 0 9 0 0 0 0 0 0 0 0 0 1 0 0 0 1 0 0 0 1 2 0 3 2 0 20 0 0 0 0 0 0 74 0 0 0 16 0 0 0 0 0 0 0 0 0 0 0 0 0 21 0 0 8 0 0 0 0 0 0 11 0 0 0 
 28 469 131 280 359 0 38 128 30 267 60 99 37 44 50 62 375 68 31 66 28 0 65 2 0 3 0 75 171 1 80 2 15 208 61 3 68 0 2 4 0 3 5 0 2 0 0 0 2 0 3 0 1 0 0 5 4 0 1 3 0 3 0 2 0 0 0 0 3 0 0 0 0 0 2 0 3 0 2 0 0 0 0 2 14 14 0 25 0 18 0 15 0 0 0 0 0 11 0 0 0 0 11 14 0 0 10 66 28 0 0 0 0 0 1 11 16 0 35 27 0 13 0 0 0 0 0 0 0 0 0 0 0 0 14 0 0 0 0 0 0 0 0 0 0 0 0 0 0 0 0 0 0 0 0 0 0 0 0 0 0 0 9 0 0 19 15 12 0 11 0 1 0 0 0 0 0 4 0 0 0 1 0 0 0 0 0 0 1 20 0 0 15 12 1 2 20 0 13 0 0 0 0 0 0 0 0 0 0 0 0 0 0 0 0 10 0 0 0 0 0 0 0 0 0 0 0 0 0 0 0 0 0 0 0 0 0 0 0 0 0 0 4 0 0 1 1 0 1 5 0 3 0 0 0 0 0 0 0 0 0 0 17 0 0 0 0 0 2 0 0 0 0 0 0 0 9 0 0 19 0 0 0 0 0 0 11 0 0 0 
 172 138 349 95 64 38 0 106 122 39 20 250 223 238 120 26 82 331 449 206 0 0 3 0 0 7 0 5 0 1 2 2 0 0 0 3 3 1 1 2 0 0 0 0 0 0 0 0 2 0 3 0 0 0 0 2 3 0 0 3 0 2 0 2 0 0 0 0 4 0 0 1 0 1 3 0 3 0 0 0 7 10 5 25 0 1 30 0 21 11 25 1 65 0 25 11 55 16 25 20 0 0 0 0 0 0 0 0 0 0 0 0 0 0 1 0 0 0 11 0 0 0 0 0 19 0 0 0 0 0 0 3 0 8 0 0 0 0 0 0 0 0 0 0 0 0 0 0 0 0 0 0 0 0 0 0 0 0 0 15 21 12 0 0 0 1 27 23 0 1 0 0 6 59 71 15 0 9 6 6 0 0 0 0 0 0 0 0 0 0 0 0 0 0 0 0 0 0 0 0 0 0 0 0 0 0 0 0 0 0 0 0 0 0 0 0 1 0 0 0 0 2 0 0 0 0 0 0 0 0 0 0 0 0 0 0 0 0 0 0 0 0 0 0 0 0 88 0 0 91 0 8 0 1 0 0 0 0 0 0 0 0 0 0 0 0 0 0 0 0 0 0 0 1 0 14 0 12 0 0 0 0 0 0 0 0 0 0 0 0 
 131 146 188 50 42 128 106 0 146 224 31 43 140 248 116 251 46 83 84 71 0 0 3 1 0 3 0 3 0 1 2 2 0 0 0 3 78 0 1 2 0 0 69 0 0 0 0 0 2 0 3 0 0 0 0 0 3 0 0 3 5 1 0 3 0 1 1 0 3 0 7 0 0 1 2 0 2 0 0 0 0 28 21 0 0 0 27 16 4 21 1 28 34 0 26 17 0 0 19 8 0 0 0 0 0 0 0 1 0 0 0 0 0 0 0 0 13 0 13 0 0 0 0 0 0 0 1 0 0 0 0 1 0 0 0 0 0 0 0 2 21 0 2 0 0 0 0 0 0 0 0 0 0 0 0 0 17 0 0 6 20 2 10 1 0 13 17 9 31 20 14 0 25 9 22 83 0 7 37 0 9 0 0 0 0 0 0 0 0 1 15 0 13 7 0 0 0 0 30 17 0 0 0 0 0 0 0 0 0 0 0 0 0 0 0 2 0 0 0 0 0 0 0 0 0 0 2 0 14 0 0 0 1 0 0 0 0 0 0 0 0 0 0 0 0 0 1 1 46 15 0 8 0 0 0 0 0 0 0 0 0 0 0 0 0 0 0 0 0 0 0 0 0 0 0 1 0 0 0 0 0 0 0 0 0 0 0 0 0 0 
 43 172 99 385 235 30 122 146 0 172 135 52 122 225 169 237 275 59 214 142 0 0 3 0 0 3 1 3 0 2 2 3 151 0 0 3 3 0 0 66 0 0 0 0 0 63 0 0 2 0 3 0 0 0 0 0 66 0 0 3 0 1 0 3 0 1 1 0 3 0 0 0 0 1 2 0 2 1 0 0 17 14 10 31 1 0 21 17 18 0 14 27 1 14 1 9 38 33 1 0 15 0 0 0 0 0 0 0 0 0 0 0 7 0 14 8 0 2 15 36 0 0 0 0 0 0 0 0 0 0 0 0 0 0 0 0 0 0 9 0 0 0 0 0 0 0 0 0 0 2 0 0 6 0 0 0 16 0 0 0 14 0 19 26 0 42 0 0 2 0 0 15 18 1 0 11 1 28 0 0 3 0 0 0 0 0 1 0 0 0 0 0 0 0 0 20 0 0 22 0 0 0 0 0 0 0 0 0 0 0 0 8 0 1 0 0 0 0 0 0 0 0 0 0 0 0 0 0 0 0 0 0 14 0 0 0 0 0 0 0 0 0 0 0 2 0 0 0 1 1 1 1 7 0 0 0 0 0 0 0 0 0 0 0 0 0 0 0 0 1 0 0 0 0 0 0 9 0 0 0 0 0 0 0 0 0 0 0 0 0 
 150 139 353 264 88 267 39 224 172 0 190 59 133 191 263 155 255 291 385 55 0 0 3 210 0 3 0 3 0 4 2 5 0 0 0 3 30 0 18 2 0 2 1 0 0 0 0 0 2 0 3 0 0 0 0 2 3 0 0 3 2 1 0 3 2 1 1 0 3 0 0 0 0 3 2 0 2 0 0 37 1 11 0 28 23 33 0 11 12 80 28 32 16 14 0 30 14 16 0 18 0 2 0 0 0 1 2 0 1 0 0 0 30 17 0 0 0 0 22 11 0 2 0 0 0 0 0 0 0 0 0 0 0 0 12 2 0 0 0 0 2 0 0 0 0 2 0 0 0 0 0 0 4 14 0 0 0 0 0 0 0 0 0 29 99 0 14 1 15 20 24 23 0 6 12 0 7 12 0 0 0 21 0 0 0 0 12 0 0 0 1 0 12 9 0 10 0 0 0 26 0 0 0 0 0 2 0 0 0 0 0 0 0 0 0 5 0 0 0 0 0 0 0 0 0 0 0 0 0 0 0 0 0 0 0 0 0 0 0 2 0 23 0 0 0 1 7 0 88 0 31 14 0 0 0 0 0 0 0 0 0 0 0 0 0 0 0 0 0 0 0 0 0 0 0 0 0 0 0 0 0 0 0 0 0 0 0 0 0 8 
 39 40 322 319 106 60 20 31 135 190 0 278 36 73 130 168 217 110 131 41 0 0 3 74 0 75 0 110 0 1 2 4 0 0 0 3 3 52 225 34 0 0 3 0 0 1 0 0 2 0 3 0 0 0 0 2 3 0 0 3 2 2 0 2 0 0 0 0 3 0 0 0 0 0 2 0 3 29 0 0 0 13 9 33 27 17 0 19 0 2 33 19 0 0 14 12 0 47 0 0 22 0 14 9 0 0 24 15 1 0 0 0 16 46 23 0 8 0 12 31 0 0 0 0 0 0 0 0 0 0 7 0 0 0 0 0 0 0 0 0 0 0 0 0 0 0 0 0 0 0 0 18 3 0 0 0 0 0 0 0 0 0 0 42 43 6 0 0 0 0 30 79 0 0 0 0 0 9 0 36 0 23 11 0 0 0 77 17 0 0 0 0 0 4 0 32 10 0 8 21 0 0 0 0 0 0 0 0 0 0 0 0 0 0 0 0 0 0 0 0 0 0 0 0 0 0 0 0 0 0 0 0 0 0 0 0 0 0 0 1 0 36 0 0 0 5 87 0 1 0 0 5 0 0 0 0 0 0 0 0 0 0 0 0 0 0 0 0 0 0 0 0 0 0 0 0 0 0 0 1 0 0 0 0 0 0 0 0 0 0 
 32 248 45 198 126 99 250 43 52 59 278 0 30 70 249 48 316 254 34 113 106 0 3 4 0 79 149 129 3 2 3 2 77 0 19 4 5 0 196 166 0 2 2 0 0 1 0 0 8 0 3 0 0 0 0 2 3 0 0 3 0 6 0 2 0 0 0 0 3 0 0 0 0 0 2 0 3 0 0 1 1 7 11 0 48 32 0 0 12 15 12 0 13 0 0 0 8 49 9 1 38 0 22 27 2 0 18 0 1 0 0 0 22 52 55 0 19 22 20 28 0 0 0 0 0 2 0 0 0 0 0 0 0 0 12 0 0 0 9 0 0 0 0 0 2 0 0 0 11 0 0 0 0 1 0 0 0 0 0 8 0 0 0 40 19 13 10 9 14 1 28 27 0 8 17 0 0 0 0 0 5 0 23 0 9 0 32 0 1 1 0 0 25 29 15 0 0 0 16 1 0 0 0 0 0 0 0 0 15 0 0 0 0 0 0 0 0 0 23 0 0 0 0 0 1 0 0 0 0 0 0 0 0 0 0 0 0 0 0 0 0 12 0 0 0 0 146 0 2 0 0 9 0 1 0 0 0 0 0 0 0 0 0 0 0 0 0 0 0 0 0 0 0 0 0 14 0 14 0 0 0 0 0 0 0 0 1 0 0 2 
 127 148 68 58 52 37 223 140 122 133 36 30 0 565 130 29 43 118 169 152 1 0 3 0 0 3 0 5 0 1 2 78 0 0 0 3 4 0 1 3 0 0 0 0 0 0 0 0 2 0 31 0 0 0 0 2 3 0 1 3 0 3 0 2 0 0 0 0 3 0 0 0 0 0 2 0 3 0 0 0 0 37 0 0 1 1 4 21 35 11 23 18 55 0 0 0 16 13 16 0 0 0 0 0 0 2 0 0 2 2 0 0 0 0 0 0 0 0 46 0 0 0 0 0 0 0 0 0 0 0 0 0 0 0 0 0 1 0 0 0 1 0 0 0 0 1 0 0 0 0 0 0 0 0 0 0 0 0 0 9 12 2 1 0 0 0 9 0 1 11 12 0 0 22 10 32 0 9 0 11 0 0 0 0 0 0 0 0 0 0 0 0 0 1 0 0 0 0 0 20 0 0 0 0 1 0 0 0 0 0 0 0 0 0 0 0 0 0 0 0 0 0 0 0 0 0 8 0 0 0 2 0 0 0 0 0 0 0 0 0 0 0 0 0 0 3 86 2 25 2 0 10 0 0 0 0 0 0 0 0 0 0 0 0 0 0 0 0 0 0 0 0 0 0 0 50 1 7 0 0 0 0 0 0 0 0 0 0 0 0 
 412 280 64 78 70 44 238 248 225 191 73 70 565 0 353 147 124 129 108 72 0 4 3 0 0 3 0 3 0 1 2 66 0 0 0 3 5 0 1 3 0 0 0 0 0 0 0 0 2 0 3 0 0 1 0 2 3 0 0 3 0 2 0 2 0 0 0 0 3 0 0 0 0 0 2 0 3 0 0 0 25 35 0 0 4 14 23 26 25 30 14 17 10 15 0 0 27 19 22 25 0 0 0 0 0 0 0 0 0 1 0 0 0 0 0 0 0 7 0 0 0 0 0 0 0 0 0 0 0 0 0 0 0 0 0 1 2 0 0 0 0 1 0 0 0 0 0 2 0 0 0 0 0 0 0 0 0 0 0 7 19 0 0 0 16 0 1 0 8 23 0 5 34 22 0 20 2 2 15 0 2 0 0 0 0 0 0 1 0 10 0 0 0 1 0 0 0 0 0 44 0 0 0 0 0 0 0 0 0 0 0 0 0 0 0 0 0 0 0 0 0 0 0 0 0 0 0 0 0 0 1 0 0 0 0 0 0 0 0 0 0 0 0 0 0 3 0 0 5 2 2 20 0 0 10 0 0 0 0 0 0 0 0 0 0 0 0 0 0 0 0 0 0 0 0 19 0 16 0 0 0 0 0 0 0 0 0 0 0 0 
 283 184 378 218 160 50 120 116 169 263 130 249 130 353 0 196 221 162 336 187 1 0 3 0 0 4 0 3 77 1 2 3 0 2 31 79 3 0 1 2 0 0 0 0 0 1 0 0 2 0 3 0 0 0 0 0 65 0 1 3 0 3 0 2 0 0 0 0 3 0 0 0 0 0 2 0 3 0 0 0 15 0 29 25 12 28 0 35 27 0 0 52 0 29 34 25 36 13 0 18 0 1 0 0 0 2 10 0 2 0 0 0 2 0 0 0 0 0 0 0 0 1 0 0 0 0 0 0 0 0 0 0 0 0 1 1 0 0 0 0 1 0 0 0 0 0 0 0 0 0 0 0 4 0 0 0 0 0 0 2 16 10 14 10 20 0 0 0 25 27 13 6 20 6 1 0 34 7 3 0 0 0 0 0 0 0 0 0 0 0 0 0 0 0 0 14 0 0 29 9 0 0 0 0 0 0 0 0 0 0 0 0 0 0 0 0 0 8 0 0 0 0 0 0 0 0 0 0 0 0 0 0 0 0 0 0 0 0 0 1 0 0 0 0 0 0 0 0 92 4 15 5 13 0 0 0 0 0 0 0 0 0 3 0 0 0 0 0 0 0 0 0 50 0 0 0 1 0 0 0 0 0 0 0 0 0 0 0 0 13 
 220 41 120 212 176 62 26 251 237 155 168 48 29 147 196 0 109 136 111 240 0 0 4 0 0 3 0 23 0 3 2 4 0 2 0 3 3 0 0 4 0 0 5 0 0 0 0 0 2 0 3 0 0 0 0 0 3 0 6 3 0 0 0 3 3 2 2 0 3 0 3 0 0 2 2 0 1 0 0 0 43 13 16 11 13 18 65 36 9 0 21 15 13 17 12 50 1 0 16 0 2 0 0 0 0 0 3 0 0 0 0 0 0 0 0 0 0 1 0 10 0 0 0 0 0 0 0 0 0 0 0 0 0 0 0 0 0 0 0 0 0 0 0 0 0 0 0 0 0 1 0 0 6 0 0 0 0 0 0 0 12 15 0 4 18 30 10 30 0 23 0 10 2 1 3 2 6 19 2 0 17 0 0 0 0 0 0 0 0 0 0 0 0 0 0 21 0 0 17 0 0 22 0 0 0 22 0 0 1 0 0 0 0 2 0 10 0 0 0 0 0 0 0 0 0 0 0 0 0 0 0 0 0 0 0 0 0 0 0 0 0 0 0 0 1 2 1 0 1 87 0 14 0 0 0 0 0 0 0 0 0 0 27 0 0 0 0 0 0 2 0 0 0 0 0 7 3 0 0 0 0 0 0 0 0 0 0 0 0 0 
 200 42 273 529 147 375 82 46 275 255 217 316 43 124 221 109 0 334 132 150 0 0 5 0 1 3 76 3 2 2 2 3 72 0 0 3 4 2 72 31 0 0 2 0 0 66 0 0 3 0 3 0 0 0 0 0 2 2 3 3 0 0 0 3 0 6 2 0 3 0 0 2 0 2 2 0 0 0 0 0 16 0 33 27 9 12 0 8 2 8 14 17 0 0 29 12 23 13 0 1 14 0 0 0 0 0 3 0 0 0 0 0 19 0 33 10 0 0 0 13 0 0 0 0 0 0 0 0 0 0 0 8 0 0 0 0 0 0 0 0 0 0 0 0 0 0 0 0 0 0 0 0 4 0 0 0 0 0 0 2 1 0 10 13 24 8 0 0 0 12 5 21 0 0 6 14 5 18 0 0 0 19 0 0 0 0 15 0 0 19 0 0 0 0 28 14 0 0 8 0 0 0 0 0 0 0 0 0 0 0 0 0 0 0 0 0 0 0 0 0 0 0 0 0 0 0 0 0 0 2 0 0 0 0 0 0 0 0 0 0 0 0 0 0 0 1 2 0 4 85 0 12 0 0 0 0 0 1 0 0 0 0 0 0 0 0 0 0 0 0 0 0 0 0 0 0 0 0 0 0 0 0 0 0 0 0 0 0 0 0 
 134 46 341 665 66 68 331 83 59 291 110 254 118 129 162 136 334 0 297 159 0 0 3 6 0 3 4 4 4 2 2 5 0 4 0 3 3 0 0 2 4 0 7 0 0 0 0 62 2 0 3 0 4 0 62 1 3 35 0 3 4 0 0 5 0 2 2 2 4 0 0 0 0 2 2 0 1 0 0 0 20 32 10 44 11 16 15 15 28 16 58 14 18 49 9 36 28 17 14 13 2 0 1 0 0 0 11 0 0 0 0 0 1 2 0 0 0 1 10 11 0 0 0 0 0 0 0 0 0 0 0 0 0 0 0 0 0 0 0 0 0 0 0 0 0 0 0 0 0 1 0 0 0 0 0 0 0 0 0 4 15 0 0 17 17 0 20 0 0 15 118 13 10 0 25 41 28 7 2 0 0 23 0 0 0 2 17 0 0 0 0 0 0 0 0 0 0 0 0 14 0 0 0 0 14 0 0 0 0 0 0 0 0 2 0 0 1 0 0 0 0 0 0 0 0 0 0 0 0 0 0 0 0 0 0 0 0 0 0 0 0 0 0 0 1 0 4 0 4 2 3 2 0 0 0 0 0 0 0 0 0 0 0 0 0 0 0 0 0 2 0 0 0 0 0 17 11 17 0 0 0 0 0 0 0 0 0 0 0 0 
 130 243 471 63 286 31 449 84 214 385 131 34 169 108 336 111 132 297 0 213 0 0 3 1 0 3 0 3 0 1 2 3 0 0 0 3 3 0 1 2 0 6 0 0 0 1 0 0 2 0 3 0 0 0 0 0 3 0 0 3 0 3 0 2 31 0 0 2 3 0 0 0 0 0 2 0 3 0 0 0 19 1 5 9 0 2 22 19 19 0 70 19 0 72 31 20 27 22 0 17 0 2 0 0 0 1 0 0 1 0 0 0 0 0 0 0 0 0 0 0 0 2 0 0 0 0 0 0 0 0 0 0 0 0 0 2 0 0 0 0 2 0 0 0 0 2 0 0 0 0 0 0 0 0 0 0 0 0 0 0 49 28 9 0 0 0 0 15 12 0 9 0 27 0 19 11 39 8 19 8 0 0 0 0 0 0 0 1 0 0 0 0 0 0 0 0 0 0 0 0 0 0 0 0 0 2 13 0 0 0 0 0 0 0 0 0 6 0 0 0 0 12 0 0 0 0 0 0 0 0 0 0 0 0 0 0 0 0 0 2 0 0 0 0 0 0 0 0 4 0 2 22 22 0 0 0 0 0 0 0 0 0 0 0 0 0 0 0 0 0 0 0 0 0 0 0 10 0 0 0 0 0 0 0 0 0 0 0 0 0 
 116 182 139 51 53 66 206 71 142 55 41 113 152 72 187 240 150 159 213 0 0 2 3 0 0 3 0 5 0 2 2 3 0 0 0 3 3 0 2 2 0 0 0 0 0 0 0 0 2 0 3 0 0 0 0 0 3 0 0 3 0 0 0 3 0 2 2 0 3 0 0 0 0 2 2 0 1 0 0 0 9 14 23 27 2 0 68 8 28 29 21 17 0 15 78 20 12 0 0 1 0 0 0 0 0 0 0 0 0 0 0 0 0 0 0 0 0 18 0 0 0 0 0 0 0 0 0 0 0 0 0 0 0 0 0 0 0 0 0 0 0 0 0 18 0 0 0 0 0 0 1 0 0 0 0 0 0 0 0 6 43 12 10 0 0 3 8 0 14 8 20 0 16 0 11 44 21 17 19 0 0 0 0 0 0 0 0 0 0 0 2 0 0 0 0 0 0 0 7 0 0 0 0 1 0 0 0 11 0 0 0 0 0 0 0 0 0 0 0 2 0 0 1 0 0 0 0 0 0 0 0 0 0 0 0 0 0 10 0 0 0 0 0 0 0 0 2 3 2 90 0 7 0 0 0 0 0 0 0 0 0 0 0 42 0 0 0 0 0 0 0 0 0 0 0 21 10 0 0 0 0 0 0 0 0 2 0 0 0 0 
 0 0 0 0 149 28 0 0 0 0 0 106 1 0 1 0 0 0 0 0 0 196 127 35 48 56 192 244 242 30 47 331 125 269 204 40 118 53 232 153 0 0 2 0 0 9 0 0 3 0 58 0 0 0 0 2 0 2 0 0 0 0 55 0 0 3 0 0 0 0 0 0 0 1 0 0 0 0 0 0 0 0 0 0 52 21 0 0 0 0 0 0 0 0 0 0 0 0 0 0 86 7 15 22 0 0 37 41 23 10 0 9 20 23 14 11 2 25 24 9 0 0 0 0 0 0 0 0 0 0 0 0 0 0 0 0 0 0 0 0 0 0 3 0 4 0 0 0 0 0 0 0 0 0 0 3 0 3 0 0 0 0 0 0 0 0 0 3 0 0 0 0 0 0 0 0 0 0 0 0 15 1 0 2 11 0 23 26 15 39 8 22 15 10 15 1 5 12 8 25 0 0 0 0 0 0 0 0 0 0 0 0 0 0 0 0 0 0 0 0 0 0 0 0 0 0 0 0 0 0 0 0 0 0 0 0 0 0 0 0 0 0 21 0 0 0 0 0 0 0 0 0 0 0 5 0 2 5 5 2 2 0 0 0 0 0 0 0 0 0 0 0 0 0 0 0 0 0 0 18 0 10 0 0 0 0 0 0 0 0 
 0 0 0 0 0 0 0 0 0 0 0 0 0 4 0 0 0 0 0 2 196 0 194 73 184 29 134 74 515 194 373 238 482 60 140 248 374 184 109 95 0 22 4 0 0 3 1 3 3 3 0 4 0 65 1 2 1 2 1 56 3 0 2 0 0 3 0 0 2 0 0 1 0 5 1 0 0 5 10 0 0 0 0 0 0 0 0 0 0 0 0 0 0 0 0 0 0 0 0 0 18 49 14 0 26 0 11 19 10 19 18 9 13 1 0 0 2 20 0 9 0 0 0 0 0 0 0 0 0 0 0 0 0 0 0 0 0 0 10 12 0 0 0 0 8 0 1 0 0 3 0 0 0 1 0 3 0 3 0 0 0 9 0 0 0 0 0 2 0 0 0 0 0 0 0 0 0 0 0 0 0 2 14 29 20 9 13 39 32 14 27 8 0 1 1 0 1 25 2 14 0 0 0 0 0 0 20 0 0 2 0 0 22 0 0 0 0 0 12 20 0 0 1 0 0 0 0 0 0 0 0 0 0 0 0 0 0 0 1 0 0 0 0 0 0 0 0 0 0 0 0 0 3 0 0 0 4 0 76 1 20 0 0 0 0 0 7 0 0 0 0 0 0 0 0 0 0 0 0 0 0 9 0 0 0 0 0 0 0 0 
 3 3 41 3 76 65 3 3 3 3 3 3 3 3 3 4 5 3 3 3 127 194 0 200 309 82 285 309 93 277 55 120 128 213 308 580 233 117 81 262 0 0 1 0 0 0 22 0 3 0 0 0 0 0 0 2 0 2 0 0 0 0 3 0 0 3 0 0 0 0 0 7 0 0 0 2 0 0 0 0 0 0 1 0 0 0 0 0 0 0 0 0 0 0 0 0 0 0 0 0 0 2 23 0 18 31 7 25 47 21 13 28 0 1 8 20 14 0 14 0 0 1 0 0 0 0 0 17 0 0 0 0 5 0 0 16 0 0 11 0 0 0 0 3 0 45 2 0 0 0 0 0 0 0 8 0 2 0 0 1 0 2 0 0 0 1 0 0 0 0 2 0 2 0 0 0 0 0 0 0 15 12 10 0 17 1 6 0 14 83 1 54 0 8 31 0 21 0 1 1 0 0 0 0 0 0 16 0 0 0 0 0 7 10 4 0 0 0 23 0 0 0 0 0 0 0 0 0 0 0 0 0 2 0 0 0 0 0 0 0 0 0 50 0 0 64 0 0 0 0 0 0 0 0 22 0 0 126 1 2 2 2 0 0 0 0 0 0 0 0 0 0 0 0 0 0 0 0 0 13 0 27 0 0 0 0 0 0 0 0 
 0 0 0 1 0 2 0 1 0 210 74 4 0 0 0 0 0 6 1 0 35 73 200 0 161 85 68 73 268 441 127 128 75 288 60 95 131 269 84 79 62 0 1 0 0 1 91 0 7 0 0 0 95 0 0 2 0 2 0 6 0 2 3 0 0 3 0 0 0 0 0 4 0 1 0 1 0 0 1 0 0 0 0 0 0 0 0 0 0 0 0 0 0 0 25 0 0 0 0 0 1 0 0 2 70 8 0 0 23 23 38 40 0 0 1 0 1 8 0 0 0 13 0 0 0 0 1 43 0 1 21 0 67 0 22 28 25 0 17 19 0 0 0 5 0 14 5 0 0 0 0 0 0 0 2 0 6 0 0 0 0 0 1 0 0 0 0 0 0 0 0 0 0 0 0 0 2 0 0 3 0 16 3 81 17 28 0 0 0 33 0 2 0 10 20 0 0 0 0 0 8 32 11 0 0 0 24 16 26 0 0 0 17 21 30 0 0 0 52 21 0 0 0 0 0 0 0 0 0 0 0 1 0 0 0 0 0 0 0 0 0 0 0 0 0 0 0 0 0 0 0 0 0 0 5 0 1 110 5 13 0 0 0 0 0 0 0 0 0 0 0 0 0 0 0 0 0 0 0 0 0 26 0 0 0 54 0 12 0 0 
 0 0 0 0 0 0 0 0 0 0 0 0 0 0 0 0 1 0 0 0 48 184 309 161 0 196 253 48 81 480 456 150 78 70 73 360 204 214 276 86 0 33 1 0 0 0 0 0 3 0 48 0 0 99 65 1 69 2 78 79 0 0 3 0 0 3 0 0 0 0 0 0 0 2 0 1 0 0 0 0 0 0 0 0 0 0 0 0 0 0 0 0 0 0 0 0 0 13 0 0 0 14 9 0 30 0 0 0 13 8 18 23 0 0 0 0 0 13 0 0 11 0 28 0 0 0 27 22 11 0 0 1 0 22 0 0 0 1 31 7 0 0 0 0 0 0 0 0 0 0 0 0 0 0 0 0 1 0 0 1 0 0 0 0 0 0 0 0 0 0 0 0 0 0 0 0 0 0 0 0 6 12 0 6 11 23 0 0 12 10 0 10 0 0 10 12 0 6 0 0 5 1 11 12 0 0 4 20 1 10 0 0 0 8 11 0 11 21 22 14 0 0 0 0 0 0 0 0 0 0 0 0 0 0 0 0 0 0 0 0 0 0 0 0 0 0 0 0 0 0 0 0 1 0 21 2 0 0 6 0 2 2 0 0 0 0 0 0 0 0 0 0 0 0 0 0 0 0 0 0 0 0 0 0 10 0 0 0 0 0 
 3 3 3 79 80 3 7 3 3 3 75 79 3 3 4 3 3 3 3 3 56 29 82 85 196 0 36 172 53 45 67 264 37 44 263 371 97 343 104 131 2 118 296 0 0 1 125 1 122 0 2 0 231 62 107 1 22 55 127 68 0 0 1 0 0 3 0 0 0 0 0 0 0 1 0 0 0 0 0 0 0 0 12 0 0 0 0 0 0 0 0 0 0 0 0 0 0 1 0 0 0 0 0 1 38 0 0 14 15 0 16 39 0 28 0 0 0 0 16 0 29 0 39 11 0 0 10 14 12 9 15 28 11 26 0 12 0 23 42 15 0 0 0 0 0 0 0 0 0 0 0 0 0 0 12 0 0 0 0 1 0 0 0 1 0 1 0 0 0 0 13 0 0 0 0 0 0 0 1 1 0 0 0 0 31 32 8 0 0 0 0 1 0 0 0 0 21 0 1 0 16 26 11 11 0 0 16 20 41 3 9 3 10 0 22 1 9 15 12 30 0 0 0 0 0 0 0 0 0 0 0 0 0 0 0 0 0 0 0 0 0 0 0 0 0 0 0 0 0 0 0 0 0 0 27 1 1 2 5 12 3 1 0 0 0 0 0 0 0 0 0 0 0 0 0 0 0 0 0 11 0 0 0 0 11 15 0 0 0 0 
 2 0 0 0 0 0 0 0 1 0 0 149 0 0 0 0 76 4 0 0 192 134 285 68 253 36 0 490 110 253 23 120 218 219 189 113 29 110 100 226 0 0 1 0 0 0 0 0 63 0 0 0 0 0 0 0 0 3 0 0 0 0 3 0 0 3 0 0 0 0 0 0 0 0 0 0 0 50 0 0 0 0 0 0 30 19 0 0 0 0 0 1 0 0 0 0 0 0 0 0 27 12 27 17 0 10 20 0 12 10 1 8 4 19 17 26 15 15 0 0 0 0 0 0 0 0 11 0 0 0 0 0 0 0 0 0 0 0 1 0 0 0 0 0 0 0 0 0 0 4 0 0 0 0 0 0 0 0 0 0 0 1 0 0 0 16 0 9 0 0 0 0 0 0 0 0 0 0 0 18 46 45 0 0 13 0 6 43 36 1 34 10 2 16 71 25 8 9 0 34 0 0 0 0 0 0 0 0 0 0 0 0 0 0 0 0 0 0 2 2 0 0 0 0 0 0 0 0 0 0 0 0 1 0 0 0 0 0 0 0 0 0 0 0 0 1 0 0 0 0 0 0 0 0 7 0 1 86 0 2 0 0 0 0 0 0 0 0 0 0 0 0 0 0 0 0 0 9 0 0 0 0 0 0 0 0 0 0 0 0 
 3 3 5 129 66 75 5 3 3 3 110 129 5 3 3 23 3 4 3 5 244 74 309 73 48 172 490 0 245 251 250 31 362 336 134 109 50 63 158 266 0 0 1 0 0 1 0 0 3 0 0 0 0 1 0 0 0 3 0 0 0 0 1 0 0 42 0 0 0 0 0 0 0 0 0 0 0 0 0 0 0 0 20 0 29 12 44 0 0 0 0 0 0 0 0 0 0 19 0 0 36 8 39 15 0 18 17 0 19 8 0 0 0 71 33 8 25 13 8 18 0 39 0 0 0 0 0 0 0 0 0 0 0 0 0 0 0 0 0 0 0 0 0 0 0 0 0 1 0 7 0 0 0 0 0 0 0 0 1 0 0 0 0 13 0 22 0 6 0 0 19 18 0 0 0 0 0 1 2 14 33 14 19 0 0 0 39 0 11 1 12 0 9 17 0 29 17 0 9 1 1 0 0 0 0 0 0 0 0 0 0 0 0 2 0 0 0 0 0 0 2 0 0 0 0 0 0 0 0 0 0 0 0 0 0 0 0 0 0 0 0 0 0 0 0 0 0 0 0 0 0 0 0 0 7 1 0 0 0 0 2 1 0 0 0 0 0 0 0 0 0 0 0 0 0 0 0 0 0 0 0 0 0 0 0 0 12 0 0 0 
 0 0 0 0 2 171 0 0 0 0 0 3 0 0 77 0 2 4 0 0 242 515 93 268 81 53 110 245 0 114 178 388 331 75 87 382 555 120 72 157 3 2 5 3 0 0 0 0 3 0 0 0 2 0 0 1 0 4 61 0 0 0 1 1 0 3 0 1 0 0 0 0 0 0 0 0 0 0 0 0 0 0 1 0 0 0 0 2 0 0 0 0 0 0 0 0 0 0 1 0 0 13 2 61 0 60 0 3 12 0 48 0 0 0 29 0 24 4 0 0 39 10 0 2 0 0 53 0 0 0 0 0 0 1 0 0 0 0 0 3 0 0 0 0 0 4 0 0 0 0 0 0 0 0 0 0 0 0 0 1 0 0 0 0 0 0 7 0 0 0 0 0 0 0 0 0 0 0 0 0 19 43 18 21 27 14 4 26 23 1 90 47 0 0 51 15 20 55 0 0 0 0 0 0 0 0 8 0 0 0 0 0 0 0 0 2 0 0 35 0 0 0 0 15 0 0 0 0 0 0 0 0 0 0 0 0 0 0 0 0 0 0 0 0 0 0 0 0 0 0 0 0 2 2 8 1 1 76 1 1 2 21 0 0 0 0 0 0 0 0 0 0 0 0 0 0 0 0 0 0 0 0 0 0 0 0 0 0 0 0 
 1 1 1 1 1 1 1 1 2 4 1 2 1 1 1 3 2 2 1 2 30 194 277 441 480 45 253 251 114 0 581 336 50 64 172 505 116 129 325 117 54 0 2 0 0 5 62 0 3 0 0 0 53 7 0 1 0 2 1 24 0 0 3 0 0 3 0 0 0 0 0 3 0 0 0 2 0 0 0 0 0 0 0 0 0 0 0 0 0 0 0 0 2 2 0 0 2 0 0 0 12 9 13 18 35 28 0 0 25 69 64 30 0 0 0 0 0 4 0 0 9 9 0 0 0 0 18 27 12 1 1 0 15 0 9 36 8 0 30 19 0 0 0 5 0 0 0 0 0 0 0 0 0 0 4 0 2 2 0 1 0 0 0 0 0 0 1 0 0 0 0 0 0 0 1 0 0 9 0 1 16 1 8 30 8 4 0 1 2 1 1 19 15 12 8 1 30 11 0 0 0 0 0 0 0 0 15 0 0 0 0 0 0 12 11 0 0 0 5 55 0 0 0 0 0 0 0 0 0 0 0 0 0 0 0 0 0 15 0 0 0 0 0 0 0 0 0 0 0 0 0 0 0 0 7 2 0 87 76 2 2 0 0 0 0 0 0 0 0 0 0 0 0 0 0 0 2 0 0 0 0 0 0 0 2 0 0 0 0 0 
 2 2 2 3 2 80 2 2 2 2 2 3 2 2 2 2 2 2 2 2 47 373 55 127 456 67 23 250 178 581 0 440 55 120 96 409 315 90 39 58 81 0 3 0 0 15 0 0 3 0 0 0 59 64 0 2 0 2 0 81 0 0 3 0 0 3 0 0 0 0 0 0 0 1 0 0 0 0 0 0 0 0 0 0 0 0 0 0 0 0 0 0 0 0 0 0 0 0 0 2 8 10 12 35 20 2 0 28 1 10 56 10 0 0 0 1 3 1 0 0 30 9 0 0 1 0 41 26 9 1 1 1 0 2 11 0 15 0 25 20 0 3 0 0 0 0 0 0 0 0 0 15 20 0 2 0 0 0 0 2 0 0 0 0 0 1 0 0 0 0 0 0 0 2 0 0 0 0 0 1 1 0 12 44 0 10 0 19 13 19 10 40 0 0 0 8 18 38 0 0 0 0 2 0 0 0 12 2 0 0 0 0 0 19 2 0 0 0 11 13 0 0 0 1 0 0 0 0 0 0 0 0 0 0 0 0 0 1 6 0 0 0 29 0 0 0 0 0 0 0 0 0 0 0 5 20 1 0 82 0 0 19 1 0 0 0 0 0 0 0 0 0 0 0 0 0 0 0 0 0 0 12 0 0 0 13 0 0 0 0 
 3 2 4 4 3 2 2 2 3 5 4 2 78 66 3 4 3 5 3 3 331 238 120 128 150 264 120 31 388 336 440 0 111 73 110 247 244 228 44 52 64 2 1 0 0 2 24 0 3 0 5 0 0 0 0 1 0 3 0 1 0 0 1 0 0 3 0 7 0 0 0 60 0 1 0 0 0 0 2 0 0 13 0 0 0 0 7 13 0 0 0 0 0 0 0 0 0 0 1 0 0 10 29 40 0 0 0 8 0 8 20 23 0 0 2 8 24 5 0 0 19 0 0 0 0 0 15 14 0 0 0 0 27 1 0 12 0 0 21 4 0 0 0 0 0 4 0 0 0 0 0 0 0 0 0 0 0 0 0 1 0 0 0 0 0 0 0 0 0 0 0 0 0 0 0 4 0 0 0 0 8 17 0 0 20 5 0 22 10 12 0 68 0 0 0 10 10 36 0 0 0 0 0 0 0 0 0 0 0 0 0 0 0 11 17 0 0 0 37 23 0 0 0 12 0 0 0 0 0 0 0 0 0 0 0 0 0 0 0 0 0 0 14 0 0 0 0 0 0 0 0 0 0 0 15 2 4 55 78 1 0 23 0 0 0 0 0 0 0 0 0 0 0 0 0 0 0 0 0 0 0 10 0 0 0 0 0 0 0 0 
 2 0 73 0 76 15 0 0 151 0 0 77 0 0 0 0 72 0 0 0 125 482 128 75 78 37 218 362 331 50 55 111 0 289 148 29 40 42 109 85 0 0 2 0 0 31 0 0 3 0 45 0 0 0 0 2 0 2 0 0 0 0 3 0 0 3 0 0 0 0 0 0 0 2 0 1 0 0 0 0 0 0 0 22 45 19 0 0 0 0 0 14 0 1 0 0 14 0 0 0 12 1 33 12 0 0 12 20 20 10 1 22 9 12 11 24 12 0 0 11 0 0 29 0 0 0 0 0 0 0 0 0 0 0 0 0 0 0 0 0 0 0 0 0 0 0 0 0 0 0 0 0 2 0 0 0 0 0 0 1 0 0 11 20 0 10 0 3 0 0 0 1 0 0 2 0 9 13 0 0 12 1 0 0 0 0 8 0 5 20 0 29 11 14 10 0 12 0 4 12 0 0 0 0 0 0 0 0 0 0 0 0 0 0 0 0 0 0 0 0 0 0 0 0 0 0 0 0 0 0 0 0 0 0 22 0 0 0 0 0 0 0 23 0 0 0 1 0 0 0 0 0 0 0 5 2 1 0 1 1 1 2 0 0 0 0 0 0 0 0 0 0 0 0 0 0 1 0 0 0 0 0 0 0 1 0 11 0 0 0 
 0 0 0 0 76 208 0 0 0 0 0 0 0 0 2 2 0 4 0 0 269 60 213 288 70 44 219 336 75 64 120 73 289 0 245 69 109 30 126 174 0 0 2 0 0 0 0 0 3 0 0 0 0 0 0 2 0 2 0 0 0 0 3 0 0 3 0 0 0 0 0 0 0 1 0 1 0 0 0 0 0 0 0 0 23 21 0 1 0 0 0 2 0 0 0 0 0 0 0 0 58 11 49 18 14 0 6 19 17 13 20 9 17 0 1 23 29 0 0 12 0 0 0 0 0 0 0 0 0 0 0 0 0 0 0 0 0 16 0 0 0 0 0 0 13 0 0 0 0 18 0 0 0 0 0 0 0 0 2 0 0 0 0 0 0 10 0 5 0 0 0 0 0 0 0 0 0 0 0 0 10 0 1 1 16 0 22 9 63 41 21 18 10 14 21 0 37 16 0 33 0 0 0 0 0 0 0 0 0 0 0 0 0 1 0 0 0 0 0 0 0 0 0 0 0 2 13 0 0 0 0 0 0 0 0 0 0 0 0 0 0 0 18 0 0 0 0 0 0 0 0 0 0 0 13 2 2 78 75 0 11 0 0 0 0 0 0 0 0 0 0 0 0 0 0 0 0 0 0 0 0 8 0 0 0 0 1 0 0 5 
 0 0 0 74 148 61 0 0 0 0 0 19 0 0 31 0 0 0 0 0 204 140 308 60 73 263 189 134 87 172 96 110 148 245 0 120 61 45 160 243 2 0 2 0 0 2 0 0 0 0 0 4 0 0 0 2 76 0 8 2 0 2 1 3 0 0 0 0 3 51 0 0 0 1 3 5 0 0 2 0 0 0 0 0 21 27 0 0 0 0 0 0 0 0 0 0 0 0 0 1 34 11 1 36 14 6 8 32 35 19 3 26 35 3 13 8 8 11 16 0 11 0 0 0 0 0 4 0 0 0 0 0 0 1 0 0 0 0 0 0 13 0 0 48 0 5 5 0 0 0 0 0 1 0 3 0 6 0 0 0 0 0 0 0 0 0 0 3 0 0 0 0 0 1 0 0 0 0 2 0 4 18 13 0 1 0 8 8 14 40 0 13 10 24 38 0 10 15 0 11 0 0 1 0 0 0 10 1 0 0 0 0 9 0 0 0 0 15 0 0 0 0 0 0 0 0 0 0 0 9 0 0 0 0 0 0 0 2 0 0 0 0 13 0 0 0 1 0 0 0 0 0 0 0 4 0 0 77 56 0 12 1 0 2 0 0 0 0 0 0 0 0 0 0 0 0 0 0 0 13 0 29 0 0 0 0 0 0 0 0 
 3 3 3 3 3 3 3 3 3 3 3 4 3 3 79 3 3 3 3 3 40 248 580 95 360 371 113 109 382 505 409 247 29 69 120 0 175 260 54 171 0 0 1 0 0 0 1 0 4 0 0 0 1 0 0 2 0 2 64 62 0 0 3 6 0 3 0 0 0 0 0 0 0 0 0 6 0 13 10 0 0 0 0 0 0 0 0 0 0 0 0 0 0 0 0 0 0 0 0 0 0 21 0 9 34 33 0 2 15 10 8 60 1 29 0 0 12 8 0 0 0 0 0 0 1 0 0 0 0 0 0 0 0 0 0 0 0 0 0 10 0 0 0 4 0 3 2 0 0 0 0 0 0 0 2 0 10 0 18 1 0 0 0 0 0 0 4 0 0 0 0 0 0 2 0 0 0 0 0 0 11 23 9 20 14 0 21 0 0 13 32 11 1 13 14 12 0 1 0 0 0 0 1 0 0 0 28 0 0 0 0 0 29 11 0 0 0 13 29 0 0 0 0 0 0 0 0 0 0 1 0 0 0 0 0 0 0 0 0 0 0 0 0 0 0 0 0 0 0 0 0 0 0 0 7 1 2 76 0 2 1 2 0 0 0 0 9 0 0 0 0 0 0 0 0 0 0 0 0 0 0 11 0 0 0 9 0 0 0 0 
 3 5 3 3 83 68 3 78 3 30 3 5 4 5 3 3 4 3 3 3 118 374 233 131 204 97 29 50 555 116 315 244 40 109 61 175 0 271 42 85 0 0 8 1 0 15 64 0 6 0 2 0 3 7 0 10 4 3 3 12 0 0 5 0 5 5 0 0 2 1 0 0 0 4 0 2 6 0 8 4 0 0 0 0 0 0 0 0 0 0 0 0 0 0 0 0 0 0 0 0 7 25 0 19 19 1 7 18 28 16 13 47 0 0 0 10 5 35 18 0 20 0 0 0 0 0 13 0 1 0 0 0 10 0 0 7 0 0 23 10 0 0 0 0 0 8 4 0 0 0 1 0 0 0 0 0 0 0 0 1 0 0 0 0 0 0 11 0 0 0 0 0 0 0 0 0 0 0 0 0 0 15 0 11 2 20 1 21 9 60 1 19 0 0 11 0 13 2 19 0 0 0 0 0 0 0 13 0 0 0 0 0 22 12 10 0 0 0 19 13 8 0 0 2 0 0 0 0 0 0 0 0 0 0 0 0 0 0 0 0 0 0 0 0 0 1 0 0 0 0 0 0 1 0 7 0 0 73 2 1 46 21 0 0 0 1 40 0 0 0 0 0 0 0 0 0 0 0 0 13 0 25 0 0 0 0 0 0 0 0 
 0 0 0 0 1 0 1 0 0 0 52 0 0 0 0 0 2 0 0 0 53 184 117 269 214 343 110 63 120 129 90 228 42 30 45 260 271 0 65 37 0 0 3 0 0 1 66 1 3 0 0 0 62 62 0 53 0 2 0 67 0 0 3 0 0 3 0 0 0 0 0 0 0 2 0 2 0 2 6 0 0 0 0 0 0 0 0 0 0 0 0 0 0 0 0 0 0 0 0 0 0 13 0 0 21 0 0 0 13 35 19 6 0 0 0 0 0 42 0 0 13 8 0 0 0 0 0 17 32 0 1 0 21 0 7 8 3 0 51 25 0 0 0 1 0 0 2 0 0 0 0 0 0 0 0 0 0 0 0 2 0 7 0 0 0 0 0 0 0 0 0 0 0 0 0 0 0 0 0 0 0 2 12 22 14 27 0 1 15 20 4 20 0 0 9 0 0 1 0 0 7 21 3 0 0 9 12 0 0 23 0 0 46 52 11 0 0 0 48 21 0 0 2 0 0 0 0 0 0 0 0 0 0 0 0 0 0 0 1 0 0 0 0 0 0 0 0 0 0 0 0 0 0 0 11 0 3 75 2 3 6 14 0 0 0 0 2 0 0 0 0 0 0 0 0 0 0 0 0 0 0 0 0 0 0 12 0 3 0 0 
 1 1 1 154 161 2 1 1 0 18 225 196 1 1 1 0 72 0 1 2 232 109 81 84 276 104 100 158 72 325 39 44 109 126 160 54 42 65 0 337 0 2 1 0 0 1 0 0 3 0 2 0 0 0 0 0 0 2 0 0 1 0 2 0 0 3 0 0 0 0 0 0 0 0 0 0 0 0 0 0 0 1 0 0 10 36 0 0 0 15 14 1 0 0 0 0 0 32 0 0 13 8 1 0 0 0 14 45 19 0 0 1 24 29 24 13 14 27 71 17 0 0 0 0 0 8 0 0 0 5 1 0 0 0 12 0 0 0 0 0 0 0 0 0 1 0 0 0 0 0 0 0 0 2 4 2 1 3 0 0 0 0 0 10 18 4 0 0 0 0 26 10 0 0 0 0 0 2 0 0 8 0 13 12 7 12 5 13 0 0 13 0 36 21 8 9 0 0 10 1 0 12 0 0 0 0 0 0 0 0 0 0 0 0 0 0 0 0 0 0 0 0 0 0 0 0 0 0 0 0 2 0 0 6 0 0 0 0 0 0 0 12 0 0 0 0 25 0 18 0 0 0 0 0 4 0 2 1 0 2 4 0 1 0 0 0 0 0 0 0 0 0 0 0 0 0 0 0 0 21 0 0 0 0 0 0 0 0 0 0 
 2 2 2 33 78 4 2 2 66 2 34 166 3 3 2 4 31 2 2 2 153 95 262 79 86 131 226 266 157 117 58 52 85 174 243 171 85 37 337 0 0 0 2 0 0 0 0 0 3 0 0 0 0 3 0 5 1 2 0 3 0 0 5 0 0 4 0 79 1 0 0 0 0 1 0 1 0 0 0 2 0 0 8 0 75 14 0 0 10 0 0 0 0 0 0 0 0 18 0 0 57 41 14 21 0 11 61 18 2 10 0 10 27 52 28 0 0 21 1 25 0 0 0 0 0 7 0 12 0 0 0 54 0 0 0 0 0 0 0 0 0 0 0 0 10 0 0 2 0 2 0 2 0 0 1 8 24 12 2 0 0 0 0 13 0 8 0 3 0 0 19 18 0 0 0 0 0 0 1 0 27 12 0 2 24 0 46 28 0 1 25 0 17 11 18 8 3 0 13 28 2 0 0 0 0 0 0 0 0 0 0 0 2 1 2 0 0 0 0 0 1 0 0 0 0 0 0 0 0 0 0 0 0 0 0 0 0 0 0 0 0 0 0 0 0 0 0 0 0 0 0 0 0 6 0 3 2 1 0 2 0 1 0 0 0 0 0 0 0 0 0 0 0 0 0 0 0 0 0 0 0 0 0 0 0 0 0 0 0 0 
 0 0 0 0 0 0 0 0 0 0 0 0 0 0 0 0 0 4 0 0 0 0 0 62 0 2 0 0 3 54 81 64 0 0 2 0 0 0 0 0 0 385 386 53 35 334 137 186 52 231 61 45 297 70 126 244 100 49 115 43 0 0 0 52 0 0 0 0 0 0 0 0 0 0 0 2 0 0 0 0 0 0 0 0 0 0 0 0 0 0 0 0 0 0 0 0 0 0 0 0 0 0 0 12 0 24 0 0 0 0 11 0 0 0 0 0 0 1 0 0 14 28 11 14 4 0 41 16 0 0 8 22 0 1 30 21 24 23 0 0 0 0 3 0 0 0 0 0 0 0 1 0 0 0 0 0 0 0 0 1 0 0 0 0 0 0 0 0 0 0 0 0 0 0 0 4 0 0 0 0 0 0 0 14 0 1 0 0 19 0 1 16 0 0 0 0 11 11 0 0 23 30 32 1 0 10 14 13 45 1 8 7 0 0 16 9 0 10 0 0 0 0 0 0 0 0 0 0 0 0 0 0 0 0 0 0 0 0 0 0 0 0 0 0 0 2 0 0 0 18 0 7 0 2 0 0 0 0 61 1 0 0 1 0 0 1 1 0 0 0 6 0 0 0 0 0 0 0 0 0 0 0 0 0 7 11 0 9 0 0 
 0 0 3 0 3 3 0 0 0 2 0 2 0 0 0 0 0 0 6 0 0 22 0 0 33 118 0 0 2 0 0 2 0 0 0 0 0 0 2 0 385 0 219 57 37 28 353 118 150 126 13 50 325 347 194 89 206 41 138 33 0 17 0 0 0 0 0 3 0 0 0 1 0 0 0 0 0 0 0 0 0 0 0 0 0 0 0 4 0 4 0 0 0 0 0 0 0 2 0 0 0 1 0 1 0 0 0 0 0 0 0 0 5 0 0 0 0 0 7 4 3 0 28 0 0 6 81 11 0 0 35 19 8 26 6 24 0 0 0 0 0 0 0 0 0 0 0 0 0 0 0 0 0 0 0 0 0 0 0 0 0 0 4 0 3 5 0 5 0 10 0 2 6 0 0 0 0 0 3 0 0 0 0 0 0 19 0 0 0 0 0 2 8 11 0 0 0 0 0 0 25 0 42 15 0 29 4 22 8 24 20 1 0 0 44 33 3 37 0 11 0 0 0 0 0 0 0 0 0 6 0 0 1 0 0 0 0 0 0 0 0 5 0 0 0 0 2 0 0 0 0 11 0 1 0 0 0 0 0 4 0 0 1 10 2 4 2 0 0 0 0 0 2 0 0 0 0 0 0 0 0 0 0 0 17 0 0 0 0 0 
 67 0 1 61 1 5 0 69 0 1 3 2 0 0 0 5 2 7 0 0 2 4 1 1 1 296 1 1 5 2 3 1 2 2 2 1 8 3 1 2 386 219 0 132 272 42 110 344 154 169 45 38 141 126 280 162 53 212 69 46 10 7 0 0 3 0 0 0 10 0 30 8 0 0 0 12 0 0 0 0 0 33 7 0 0 0 0 0 0 0 19 11 0 0 0 0 1 0 0 0 0 0 0 0 0 0 0 0 0 0 0 0 0 0 0 12 0 0 13 9 0 0 0 8 0 19 0 1 24 10 19 26 11 7 0 0 0 0 0 0 13 0 0 1 0 13 0 0 0 0 0 0 0 0 8 0 0 0 23 18 15 0 0 27 0 8 0 8 0 0 19 1 2 0 0 27 0 0 0 0 0 0 0 0 0 0 1 0 0 0 0 1 14 5 0 0 0 0 1 19 0 1 0 1 8 35 0 0 0 35 4 15 0 0 0 17 22 11 0 11 8 0 0 0 5 1 0 0 15 0 0 12 0 0 0 9 6 1 3 9 0 0 0 0 0 0 0 0 0 63 0 10 0 0 0 0 0 1 0 1 0 0 0 66 0 12 0 1 1 0 0 0 0 0 0 0 0 0 0 0 0 0 0 0 2 13 0 0 1 0 
 0 0 0 0 0 0 0 0 0 0 0 0 0 0 0 0 0 0 0 0 0 0 0 0 0 0 0 0 3 0 0 0 0 0 0 0 1 0 0 0 53 57 132 0 112 80 102 121 146 118 100 185 59 114 285 62 74 179 123 94 0 0 2 0 0 0 3 0 0 0 0 2 3 3 2 0 45 0 25 0 0 0 0 0 0 0 0 0 0 0 0 0 0 0 0 0 0 0 0 0 0 0 0 0 0 0 16 0 0 0 0 0 0 0 0 0 0 0 0 0 11 23 12 54 23 31 0 0 11 6 0 19 0 11 13 8 20 23 0 0 0 16 0 0 0 0 0 0 0 0 0 0 11 4 0 0 0 20 20 12 1 0 10 0 4 0 4 0 0 0 0 0 0 0 3 0 0 0 0 0 0 0 0 0 0 0 0 0 0 0 0 0 0 0 0 0 0 0 0 0 53 7 0 29 12 2 21 29 12 20 31 37 0 0 0 26 24 14 0 0 11 0 20 0 0 0 0 0 0 0 0 0 13 0 10 0 0 0 24 32 0 0 0 0 0 0 0 0 0 0 0 12 0 0 0 0 0 0 0 8 0 0 70 0 0 10 0 0 0 0 0 0 0 0 0 0 0 0 0 0 0 0 0 0 0 27 0 0 2 0 
 0 0 0 0 0 2 0 0 0 0 0 0 0 0 0 0 0 0 0 0 0 0 0 0 0 0 0 0 0 0 0 0 0 0 0 0 0 0 0 0 35 37 272 112 0 75 50 67 176 88 192 94 104 135 130 66 142 55 291 82 51 79 1 0 0 0 42 50 0 0 0 0 2 0 73 49 0 0 0 0 0 0 0 0 0 0 0 0 0 0 0 8 0 0 0 0 0 0 0 0 0 0 0 0 0 0 0 0 0 0 0 0 0 0 0 0 0 0 0 0 0 0 0 12 12 7 0 0 0 0 18 0 0 2 0 0 0 0 0 0 11 9 22 0 0 0 40 72 17 0 0 0 1 28 22 0 0 4 0 33 2 0 0 8 0 0 0 0 19 0 4 0 0 0 7 0 0 0 0 0 0 0 0 0 0 0 0 0 0 0 0 0 0 0 0 0 0 0 0 0 11 0 0 12 26 1 0 0 38 0 16 0 0 0 0 0 13 3 0 0 39 5 1 10 23 1 1 0 10 18 0 0 13 48 15 35 0 0 13 17 1 0 0 0 0 0 0 0 0 0 0 13 0 0 0 0 0 0 0 2 0 0 3 0 5 3 4 66 0 0 18 0 0 9 0 0 0 0 0 0 0 0 0 0 0 0 0 0 2 0 
 0 0 63 1 1 0 0 0 63 0 1 1 0 0 1 0 66 0 1 0 9 3 0 1 0 1 0 1 0 5 15 2 31 0 2 0 15 1 1 0 334 28 42 80 75 0 23 174 48 107 186 221 45 43 52 80 99 99 49 77 56 4 0 0 0 0 0 0 0 0 0 0 0 51 0 55 0 0 54 0 0 0 0 7 8 0 0 0 0 0 0 0 0 0 0 0 34 0 0 0 5 9 1 0 0 0 0 0 0 3 0 0 7 0 0 1 0 8 0 0 0 11 0 9 45 0 0 0 0 24 1 11 0 0 8 6 74 33 0 1 0 1 9 0 0 0 1 6 0 0 3 0 0 0 0 0 0 14 29 2 2 0 21 0 26 0 0 0 0 2 0 0 0 0 4 0 11 22 0 0 0 3 0 6 0 3 0 15 6 0 0 0 0 7 0 10 1 3 0 0 9 25 20 19 18 8 0 9 18 28 0 32 0 0 0 15 9 0 0 1 17 0 4 0 0 0 1 0 0 0 0 0 13 0 4 0 0 0 38 0 0 0 28 0 0 0 0 0 0 0 0 9 0 0 0 0 2 0 5 1 0 0 61 0 0 4 2 0 1 0 1 0 0 0 0 0 0 0 0 0 0 55 0 0 0 0 0 0 0 0 
 0 0 0 0 0 0 0 0 0 0 0 0 0 0 0 0 0 0 0 0 0 1 22 91 0 125 0 0 0 62 0 24 0 0 0 1 64 66 0 0 137 353 110 102 50 23 0 100 161 23 41 232 228 153 154 37 35 71 44 90 0 5 0 0 0 0 0 0 4 0 0 14 0 0 0 2 0 0 0 0 0 0 0 0 0 0 0 0 0 14 0 0 0 0 0 0 0 0 0 0 0 0 0 0 12 0 0 0 0 5 0 8 0 0 0 0 1 0 0 0 0 1 3 0 0 0 0 27 8 20 42 9 56 19 9 3 14 0 35 11 0 0 0 0 0 11 0 0 0 0 0 0 0 0 0 0 0 0 0 2 0 0 1 20 0 0 0 0 0 0 0 0 0 0 0 0 0 0 9 0 0 0 0 0 32 14 0 0 0 0 0 0 0 0 0 0 0 0 0 0 8 22 15 0 7 0 0 0 9 0 1 17 15 61 5 7 0 13 32 12 0 0 0 0 9 2 0 0 12 0 0 3 0 0 0 15 21 0 0 0 0 0 0 0 0 0 0 0 0 0 0 3 0 0 0 0 0 30 0 0 0 0 0 0 0 1 1 0 0 0 1 0 0 0 0 0 0 0 0 0 0 0 0 0 1 0 0 1 0 0 
 0 0 0 0 0 0 0 0 0 0 0 0 0 0 0 0 0 62 0 0 0 3 0 0 0 1 0 0 0 0 0 0 0 0 0 0 0 1 0 0 186 118 344 121 67 174 100 0 371 120 87 93 165 134 205 342 173 113 87 116 0 0 11 5 0 0 4 7 0 5 16 0 0 0 0 0 7 0 0 8 0 0 0 0 0 22 0 0 0 0 0 0 0 0 0 0 0 0 0 0 0 0 0 0 0 0 0 0 0 0 0 0 0 0 0 0 0 0 0 0 0 11 20 8 0 3 2 0 0 21 14 2 0 0 21 21 1 8 0 0 7 2 18 0 5 0 0 44 3 0 22 0 0 0 0 4 2 0 0 0 0 0 0 0 0 0 0 28 0 0 9 0 27 0 0 0 0 0 3 0 0 0 0 1 0 0 0 0 0 0 0 6 0 0 0 0 0 0 0 0 45 11 55 1 9 32 0 13 18 1 34 2 0 10 1 38 1 19 0 0 0 0 0 4 0 0 13 4 0 0 5 0 1 0 10 0 0 0 0 1 0 0 0 0 0 0 0 0 0 0 0 5 0 0 0 0 0 0 0 0 0 0 1 9 0 0 0 0 0 0 53 0 0 0 0 1 0 0 0 0 0 0 0 0 2 0 0 1 0 0 
 2 42 2 2 2 2 2 2 2 2 2 8 2 2 2 2 3 2 2 2 3 3 3 7 3 122 63 3 3 3 3 3 3 3 0 4 6 3 3 3 52 150 154 146 176 48 161 371 0 367 78 91 163 105 164 387 271 315 243 61 0 5 0 2 0 0 0 0 0 0 0 0 11 0 0 0 0 0 4 0 0 0 0 0 0 0 0 0 0 0 0 0 0 0 0 0 0 10 0 0 0 0 0 0 12 0 0 0 0 0 0 0 0 0 0 0 0 0 0 0 20 20 41 19 0 10 8 11 19 6 35 21 18 30 0 19 0 0 12 8 8 13 0 0 0 0 10 1 14 0 0 0 3 4 10 0 0 2 0 0 0 0 0 53 0 0 0 0 0 0 0 0 0 0 0 0 0 0 4 0 0 0 0 0 0 19 0 0 0 0 0 0 0 0 0 0 0 0 0 0 1 45 0 0 5 0 0 8 6 0 34 10 12 16 27 0 0 18 0 25 11 0 1 0 0 0 10 0 0 0 0 0 3 34 0 11 0 0 13 0 0 0 0 0 0 0 0 0 0 0 0 13 0 0 0 0 0 0 0 1 0 0 2 0 0 0 4 2 1 0 0 0 0 0 0 0 0 0 0 0 0 0 0 0 23 13 0 1 1 0 
 0 0 0 0 0 0 0 0 0 0 0 0 0 0 0 0 0 0 0 0 0 3 0 0 0 0 0 0 0 0 0 0 0 0 0 0 0 0 0 0 231 126 169 118 88 107 23 120 367 0 148 104 48 150 87 262 103 179 85 84 50 7 2 0 0 0 0 51 0 0 0 0 0 0 53 0 0 0 0 0 0 0 0 0 0 0 0 0 0 0 0 0 0 0 0 0 0 0 0 0 0 0 0 0 0 0 0 0 0 0 0 0 0 0 0 0 0 0 0 0 0 0 0 6 0 26 0 0 62 19 11 0 18 14 1 1 13 0 0 0 0 2 0 0 0 0 0 1 0 0 0 0 0 0 7 0 0 0 28 12 0 0 0 5 0 0 0 0 0 0 19 0 5 0 0 0 0 0 5 0 0 0 0 0 0 0 0 0 0 0 0 0 0 0 0 0 0 0 0 0 23 0 20 0 7 61 0 0 0 17 19 0 0 28 0 39 44 0 1 0 0 0 0 0 0 0 22 0 0 0 0 0 0 21 0 0 0 0 17 7 0 0 12 0 0 0 0 0 0 0 0 7 0 0 0 0 0 0 0 9 0 0 1 65 2 2 0 0 0 0 0 0 0 0 0 0 0 0 0 0 0 0 0 0 0 11 0 0 1 0 
 3 3 3 3 3 3 3 3 3 3 3 3 31 3 3 3 3 3 3 3 58 0 0 0 48 2 0 0 0 0 0 5 45 0 0 0 2 0 2 0 61 13 45 100 192 186 41 87 78 148 0 192 33 49 70 179 376 56 52 82 77 2 0 0 2 0 21 54 0 0 16 0 0 53 24 2 5 0 2 0 0 0 0 0 0 0 0 0 0 0 0 0 0 0 0 0 0 0 0 0 0 0 0 0 0 0 0 0 0 0 0 0 0 0 0 0 0 0 0 0 0 0 18 11 22 0 0 0 0 20 1 43 0 0 0 0 17 10 0 0 0 0 36 0 0 0 0 44 9 0 0 0 0 20 31 0 0 24 12 14 2 0 7 0 8 0 0 0 0 0 0 0 0 0 5 0 0 0 0 0 0 0 0 0 0 0 0 0 0 0 0 2 0 0 0 0 0 0 0 0 0 0 0 13 46 2 0 0 0 11 4 30 0 0 0 0 22 0 0 0 10 4 12 0 0 1 16 0 0 6 0 0 18 24 38 14 0 0 10 6 0 0 21 0 0 0 0 0 0 0 0 10 0 0 0 0 0 0 0 1 0 1 0 0 2 0 0 0 1 0 0 0 0 0 0 0 0 0 0 0 0 4 0 0 0 0 0 0 0 0 
 0 0 0 0 0 0 0 0 0 0 0 0 0 0 0 0 0 0 0 0 0 4 0 0 0 0 0 0 0 0 0 0 0 0 4 0 0 0 0 0 45 50 38 185 94 221 232 93 91 104 192 0 46 26 241 34 227 79 239 31 32 2 2 78 0 0 0 59 0 13 0 0 0 20 2 4 0 0 112 0 0 0 0 0 0 0 0 0 0 0 0 0 0 0 0 0 0 0 0 0 0 0 0 0 0 0 0 0 0 0 0 0 0 0 0 0 0 0 0 0 0 21 0 10 62 7 0 0 0 9 0 37 0 0 0 2 44 8 0 0 22 24 18 0 0 1 23 30 0 13 0 0 1 19 0 0 0 22 18 0 2 0 4 0 9 0 0 0 0 0 0 0 0 0 2 4 0 0 0 0 0 0 0 0 0 19 0 0 0 0 0 0 0 0 0 0 0 0 0 0 0 7 0 28 27 15 0 0 0 32 0 45 0 0 0 12 7 0 0 0 20 0 15 1 0 0 11 0 2 25 0 0 11 1 12 14 13 0 18 1 0 0 15 0 0 0 0 0 0 0 0 3 0 0 0 0 0 0 0 13 0 0 3 0 20 2 3 0 0 0 0 0 0 0 0 0 0 0 0 0 0 0 0 0 0 7 0 0 1 0 
 0 0 0 0 0 1 0 0 0 0 0 0 0 0 0 0 0 4 0 0 0 0 0 95 0 231 0 0 2 53 59 0 0 0 0 1 3 62 0 0 297 325 141 59 104 45 228 165 163 48 33 46 0 85 64 39 44 86 399 57 0 0 0 3 8 3 0 202 0 0 14 0 0 0 0 0 2 0 0 0 0 0 0 0 0 0 0 0 0 0 0 0 0 0 0 0 0 0 0 0 0 7 0 13 0 0 0 0 0 0 16 0 0 0 0 0 0 28 0 0 10 37 23 6 0 0 14 34 0 1 30 17 21 12 35 2 19 10 0 0 0 0 0 0 0 0 0 0 0 0 0 6 0 0 0 0 0 0 0 1 0 0 0 0 0 0 0 0 0 0 0 0 0 0 0 0 0 0 0 1 0 0 0 25 0 14 0 0 0 0 0 12 0 0 0 0 10 11 0 0 20 18 0 0 2 0 12 0 10 0 6 13 8 14 9 10 0 0 7 9 0 0 0 0 0 0 0 0 0 0 0 0 0 0 0 0 3 0 0 0 0 0 0 0 0 0 0 0 0 0 0 9 0 0 0 14 0 0 68 1 0 0 1 0 2 3 0 0 1 0 7 0 0 0 0 0 0 0 0 0 0 0 0 0 31 28 0 9 0 0 
 0 0 0 0 0 0 0 0 0 0 0 0 0 1 0 0 0 0 0 0 0 65 0 0 99 62 0 1 0 7 64 0 0 0 0 0 7 62 0 3 70 347 126 114 135 43 153 134 105 150 49 26 85 0 194 91 62 77 200 228 0 0 0 0 0 0 0 0 0 0 0 0 0 47 0 0 0 0 0 0 0 0 0 0 0 0 0 0 0 0 0 0 0 0 0 0 0 0 0 0 0 0 0 0 6 9 0 0 0 0 0 0 0 0 0 0 1 0 0 0 10 0 23 8 0 0 0 15 29 22 0 0 9 36 0 15 0 13 29 19 0 0 0 0 0 0 0 0 0 0 0 9 0 0 0 0 0 0 6 2 0 0 0 6 0 0 0 0 0 0 0 0 0 0 0 0 0 0 9 15 0 0 0 1 0 1 0 0 0 0 0 9 0 0 0 0 0 1 0 0 1 4 16 0 0 14 0 25 1 10 0 1 12 28 10 6 10 14 14 17 0 6 0 1 0 0 0 0 0 0 0 0 0 0 0 0 0 0 9 10 0 0 0 0 0 0 0 0 0 0 0 9 0 0 0 0 0 0 0 1 0 0 0 0 1 0 0 0 0 0 0 0 0 0 0 0 0 0 0 0 0 0 0 0 11 0 0 0 0 0 
 0 0 0 0 41 0 0 0 0 0 0 0 0 0 0 0 0 62 0 0 0 1 0 0 65 107 0 0 0 0 0 0 0 0 0 0 0 0 0 0 126 194 280 285 130 52 154 205 164 87 70 241 64 194 0 85 85 110 227 161 3 0 0 0 0 0 0 0 0 0 0 0 18 0 0 0 0 0 3 0 0 0 0 0 7 0 0 0 0 0 0 0 0 0 0 0 0 0 0 0 0 0 0 0 17 0 0 0 0 0 0 0 0 0 0 0 0 0 0 0 10 2 23 13 0 0 16 19 3 13 16 19 0 8 8 28 17 30 4 6 0 0 5 0 0 0 0 0 0 0 4 0 0 9 0 0 0 7 19 2 0 0 0 0 0 0 0 16 0 0 0 0 0 0 0 0 0 0 0 3 0 0 0 0 0 20 0 0 0 0 0 0 0 0 0 0 15 0 0 0 22 51 24 8 21 0 12 68 70 11 10 10 13 36 31 22 9 32 0 15 0 0 0 0 0 0 0 0 0 0 0 0 7 0 0 0 0 0 0 0 0 0 0 0 0 0 0 0 0 0 0 4 0 2 0 0 0 0 0 21 0 0 1 0 0 4 0 0 1 0 8 0 0 0 0 0 0 0 0 0 0 0 0 0 11 12 0 9 0 0 
 2 0 1 2 2 5 2 0 0 2 2 2 2 2 0 0 0 1 0 0 2 2 2 2 1 1 0 0 1 1 2 1 2 2 2 2 10 53 0 5 244 89 162 62 66 80 37 342 387 262 179 34 39 91 85 0 237 283 52 291 3 5 52 1 0 0 26 0 2 0 0 0 0 2 1 0 0 0 2 2 0 0 0 0 0 0 0 0 0 0 0 0 0 0 0 0 0 0 0 0 0 0 0 0 0 0 0 0 0 0 0 0 0 0 0 0 0 0 20 0 0 1 0 1 6 27 0 0 0 0 33 0 0 0 0 0 14 0 0 0 0 0 11 0 0 0 18 23 0 0 0 0 0 20 8 0 0 0 0 14 0 0 0 0 0 0 0 0 0 0 0 0 3 0 0 0 0 0 1 0 0 0 0 0 0 0 0 0 0 0 0 0 0 0 0 0 0 0 0 0 11 6 12 14 17 48 0 0 0 11 10 1 0 3 2 16 13 0 0 0 16 3 1 0 0 1 13 0 0 5 0 0 0 14 0 15 0 0 0 10 0 0 13 0 0 0 1 0 0 0 0 7 0 0 0 0 2 1 0 1 0 0 0 30 1 0 0 1 0 0 0 0 0 0 0 0 0 0 0 0 0 0 0 0 0 0 0 0 1 2 
 3 3 3 32 3 4 3 3 66 3 3 3 3 3 65 3 2 3 3 3 0 1 0 0 69 22 0 0 0 0 0 0 0 0 76 0 4 0 0 1 100 206 53 74 142 99 35 173 271 103 376 227 44 62 85 237 0 284 114 52 0 0 0 0 0 0 49 3 0 0 0 0 0 0 0 0 0 49 3 0 0 0 0 0 0 0 0 0 0 0 0 0 0 0 0 0 18 0 0 0 0 0 0 0 0 0 0 0 0 0 0 0 0 0 0 0 0 0 0 0 9 8 23 15 14 56 27 0 0 0 10 20 0 14 6 7 10 30 19 0 14 2 5 0 0 0 12 25 0 0 0 0 0 31 0 0 0 0 0 2 0 1 0 0 0 0 0 0 0 0 0 0 3 0 12 0 0 0 0 0 0 0 0 0 0 19 0 0 4 0 0 0 0 0 0 0 0 0 0 0 29 18 11 25 17 16 18 9 26 15 7 1 0 0 0 5 8 0 0 0 1 14 0 0 0 0 0 1 0 21 0 0 0 13 0 17 0 0 10 7 0 0 0 0 0 0 0 0 0 0 0 7 0 0 0 0 0 0 0 0 0 0 62 67 66 12 1 0 0 0 0 0 0 0 0 0 0 0 0 0 0 0 0 0 0 27 0 0 0 0 
 0 0 32 0 0 0 0 0 0 0 0 0 0 0 0 0 2 35 0 0 2 2 2 2 2 55 3 3 4 2 2 3 2 2 0 2 3 2 2 2 49 41 212 179 55 99 71 113 315 179 56 79 86 77 110 283 284 0 83 51 0 0 14 0 0 0 1 0 0 0 0 0 0 1 0 0 0 0 0 0 0 0 0 0 0 0 0 0 1 0 0 0 0 18 0 0 0 0 0 60 0 0 0 7 0 0 0 0 0 0 0 0 0 0 0 0 0 0 0 0 0 21 13 35 1 3 0 0 19 23 3 34 0 0 31 0 1 50 0 1 0 0 5 0 0 0 0 0 0 0 2 0 0 0 0 0 0 0 13 17 0 0 1 0 0 0 0 0 0 0 0 0 6 0 0 0 0 0 3 0 0 0 0 9 0 0 0 0 0 0 0 0 0 0 0 0 0 0 0 0 50 15 24 0 21 49 29 43 16 27 31 9 1 0 0 65 1 11 0 0 0 0 0 0 0 0 0 0 0 0 0 0 1 1 0 0 0 0 9 14 0 0 0 0 0 0 0 0 0 0 0 5 0 0 0 0 0 0 0 7 0 0 2 5 0 4 0 0 1 0 6 0 0 0 0 0 0 0 0 0 0 0 0 0 0 21 0 0 0 0 
 0 0 3 1 0 1 0 0 0 0 0 0 1 0 1 6 3 0 0 0 0 1 0 0 78 127 0 0 61 1 0 0 0 0 8 64 3 0 0 0 115 138 69 123 291 49 44 87 243 85 52 239 399 200 227 52 114 83 0 155 0 0 0 3 0 0 0 0 0 0 0 0 0 0 0 0 0 0 0 0 0 0 1 0 0 0 0 2 0 0 10 0 0 0 0 0 0 0 0 0 0 0 0 0 0 14 7 0 0 0 0 0 0 0 0 0 0 6 0 6 2 0 20 1 0 0 19 0 0 10 14 20 50 15 1 46 0 0 0 0 0 0 1 0 0 12 0 0 0 0 0 0 0 0 0 0 0 0 0 2 0 11 4 7 0 2 4 1 0 3 0 11 0 0 0 0 0 0 0 0 0 38 0 0 31 19 0 0 0 1 6 0 0 0 1 0 12 0 5 0 18 0 28 15 10 0 18 13 8 14 0 15 1 1 11 23 2 24 0 4 0 0 0 0 0 0 0 0 0 0 0 0 0 0 0 13 0 0 0 0 0 0 0 0 0 0 0 0 0 0 0 8 0 0 0 0 0 0 0 0 0 0 4 0 0 1 2 0 2 0 0 0 0 0 0 2 0 0 0 0 0 0 0 0 1 0 0 0 0 0 
 3 3 3 3 3 3 3 3 3 3 3 3 3 3 3 3 3 3 3 3 0 56 0 6 79 68 0 0 0 24 81 1 0 0 2 62 12 67 0 3 43 33 46 94 82 77 90 116 61 84 82 31 57 228 161 291 52 51 155 0 1 0 0 0 0 0 0 0 3 0 0 0 0 1 0 0 0 0 2 0 0 0 0 0 0 0 0 0 0 0 0 0 0 0 0 0 0 0 0 0 0 10 10 0 17 0 0 0 0 19 13 65 0 0 0 0 0 6 0 0 1 10 31 8 0 0 0 9 32 13 1 17 9 21 13 1 0 10 28 22 0 0 0 0 0 12 1 0 0 0 0 0 0 0 0 0 0 0 0 0 0 0 0 5 0 0 0 0 0 38 0 9 0 0 0 0 0 0 5 0 0 11 0 7 6 8 0 0 0 0 0 11 0 0 0 0 0 0 0 0 40 17 10 0 1 0 31 2 10 0 7 12 32 16 11 16 0 8 13 32 0 0 0 0 0 0 0 10 0 0 0 0 0 0 0 0 0 0 0 0 0 0 0 0 0 0 0 0 0 0 0 5 0 1 0 0 0 0 0 0 0 1 0 1 0 3 0 0 0 0 0 0 0 0 0 0 0 0 0 0 0 0 0 0 10 11 0 0 0 0 
 23 0 0 8 0 0 0 5 0 2 2 0 0 0 0 0 0 4 0 0 0 3 0 0 0 0 0 0 0 0 0 0 0 0 0 0 0 0 1 0 0 0 10 0 51 56 0 0 0 50 77 32 0 0 3 3 0 0 0 1 0 386 89 94 23 37 75 309 136 124 341 103 53 297 45 115 77 124 56 64 0 6 16 0 0 0 0 0 0 2 6 13 0 0 0 0 0 0 0 0 0 0 0 0 0 0 2 0 0 0 1 0 0 2 0 0 0 0 7 8 0 0 0 0 23 0 0 0 1 0 0 12 0 0 0 0 0 15 0 0 0 0 10 15 6 37 1 1 0 15 9 8 10 0 4 2 6 14 33 0 2 0 4 23 14 6 2 5 0 2 8 2 0 0 2 7 0 0 0 0 0 0 0 0 0 0 28 0 0 0 0 0 12 31 0 0 0 0 0 5 0 0 0 0 0 0 0 0 0 2 33 14 0 0 0 0 0 0 0 0 9 1 11 3 0 29 21 1 0 1 0 0 42 14 19 16 37 9 18 6 0 0 0 0 0 0 0 0 0 8 0 0 0 0 24 0 21 0 0 2 0 0 11 0 0 0 0 0 0 15 11 0 0 4 2 56 0 0 0 0 0 0 0 0 0 2 0 0 0 0 
