 0 540 198 90 41 29 300 349 135 138 113 85 320 50 154 136 142 36 180 291 2 0 0 0 4 0 3 0 0 0 0 0 3 0 0 0 0 0 2 0 0 0 0 15 0 0 0 3 2 2 3 1 3 0 0 0 0 3 0 0 0 0 1 4 5 0 0 3 2 0 11 3 0 0 0 0 2 0 0 3 20 9 43 35 0 17 14 21 24 29 18 13 27 21 29 36 45 0 23 0 0 0 0 0 2 0 0 0 0 0 0 0 0 1 2 0 0 0 0 0 0 0 0 0 0 0 0 0 0 0 0 0 0 0 0 0 0 0 1 0 0 0 0 0 0 0 0 0 0 0 0 0 1 0 0 0 0 0 0 0 7 1 15 0 10 0 16 22 0 0 23 20 4 37 10 0 1 12 5 0 0 0 0 0 0 1 0 0 0 0 0 0 11 0 0 0 0 0 9 0 0 0 0 0 0 0 0 0 0 0 0 0 0 0 0 0 8 0 2 0 0 0 0 0 0 0 0 2 2 0 0 0 0 0 0 0 0 0 0 0 0 0 0 0 0 2 91 0 93 46 11 7 0 0 0 0 0 0 0 0 0 0 18 0 0 0 0 0 0 0 0 0 0 0 0 12 0 0 0 0 0 0 0 0 0 0 0 0 0 0 
 540 0 95 137 39 237 183 354 231 136 158 208 71 48 69 46 27 123 83 365 2 0 0 0 5 0 4 0 0 0 0 0 4 0 0 0 0 0 0 74 0 0 0 4 0 0 0 3 2 2 3 0 3 0 0 0 0 0 0 0 0 0 0 0 3 1 0 3 0 0 4 3 0 0 0 0 0 0 0 3 0 19 26 6 0 48 17 45 10 76 17 6 1 11 16 34 11 26 12 0 0 0 0 0 0 0 0 0 1 0 0 0 5 0 0 0 0 0 50 0 0 0 0 0 0 0 0 0 0 2 0 0 0 0 2 0 0 0 0 0 0 0 0 0 0 0 0 0 0 0 0 0 0 0 0 0 0 0 1 2 0 10 1 39 1 18 0 36 0 1 36 7 0 30 3 5 27 24 0 10 2 0 0 0 0 0 0 0 0 0 0 0 39 2 0 0 0 0 15 0 0 0 0 0 0 0 1 0 0 0 0 0 0 0 0 0 0 0 0 0 0 0 0 0 0 0 0 0 0 0 0 0 0 1 0 0 0 0 0 2 0 0 0 0 0 0 133 0 1 0 54 6 1 0 2 0 0 0 0 0 0 0 0 0 0 0 1 0 0 0 1 0 0 0 0 0 17 0 0 0 0 0 0 0 0 0 0 0 0 0 
 198 95 0 89 120 32 56 198 220 205 122 63 69 67 45 260 127 46 26 146 3 0 0 1 3 0 11 1 0 0 0 0 3 0 0 5 0 0 147 0 0 0 0 0 0 1 0 3 2 2 60 0 3 0 0 0 0 0 0 0 0 0 0 0 2 50 0 3 0 2 3 3 0 1 0 0 0 0 1 3 16 1 0 7 0 29 15 18 25 11 0 9 9 6 17 31 0 8 12 21 20 0 0 0 0 0 1 0 0 12 0 0 14 0 0 0 0 0 32 29 12 0 0 0 0 1 0 24 0 2 0 0 0 0 2 0 0 0 0 0 0 0 0 0 0 0 0 0 0 0 0 0 0 0 1 0 14 0 0 0 0 16 1 21 20 18 0 7 76 15 17 0 1 10 57 17 13 11 0 0 0 0 0 0 0 0 17 8 0 2 0 0 0 25 0 0 0 11 51 9 0 0 0 0 0 0 1 0 0 0 0 0 0 0 0 0 0 0 0 0 0 1 0 0 0 0 0 0 0 0 0 0 0 11 0 0 0 0 0 2 0 0 0 0 0 0 90 0 2 0 0 10 5 0 0 0 22 0 2 0 0 0 9 0 0 0 0 0 0 0 0 0 0 0 0 2 0 0 0 0 0 0 0 0 0 0 0 0 0 0 
 90 137 89 0 178 166 68 150 90 193 121 38 61 86 75 34 34 219 486 55 2 0 0 0 4 0 199 153 0 0 0 0 3 0 0 3 0 0 77 145 0 0 0 0 0 0 1 3 3 3 3 0 3 0 2 0 0 2 0 0 0 0 0 0 3 3 0 3 5 0 9 3 0 0 0 0 0 0 2 2 0 10 1 17 28 54 0 0 14 1 15 5 0 11 0 0 21 20 0 0 47 1 0 0 0 0 26 11 0 0 10 0 2 0 17 21 0 0 0 27 0 0 0 0 0 0 0 0 0 0 0 0 0 0 0 0 0 0 0 0 0 0 0 0 0 0 0 0 7 0 0 0 0 0 0 0 0 0 0 0 0 0 16 6 11 11 0 5 0 12 0 35 1 0 0 3 6 0 0 0 10 73 0 0 0 0 23 0 23 0 0 0 22 19 0 0 0 21 9 1 0 0 0 0 0 0 0 0 0 0 0 0 0 0 0 0 0 0 0 0 0 0 0 0 0 0 0 0 0 0 0 0 0 0 0 0 0 0 0 0 0 0 0 0 0 2 0 2 95 5 13 0 0 0 0 0 0 0 0 0 0 0 0 0 0 0 0 0 0 0 0 0 0 0 0 0 0 10 0 0 0 0 0 0 0 0 0 0 0 0 
 41 39 120 178 0 126 33 144 161 173 76 49 80 71 172 72 48 466 141 95 10 0 21 0 5 4 4 2 40 0 0 59 23 28 0 79 2 5 177 78 4 4 0 6 0 4 3 5 2 23 3 5 3 0 0 25 5 15 2 0 0 2 0 2 4 2 2 8 5 0 3 3 0 4 0 0 3 0 10 4 0 14 0 0 36 32 7 0 0 7 10 3 0 0 1 0 0 0 0 0 32 0 11 0 0 0 2 34 0 0 16 0 44 13 0 0 1 9 16 13 0 0 0 0 0 0 3 0 0 0 0 2 14 0 0 0 0 0 0 0 0 0 0 0 0 1 0 0 0 0 0 0 0 0 0 6 0 0 0 0 0 10 1 0 11 30 2 0 8 43 10 14 0 0 0 17 0 18 0 1 0 40 0 0 0 0 31 38 19 1 0 0 19 42 0 2 0 10 24 0 0 0 0 0 0 0 0 0 0 0 0 0 0 50 0 0 0 0 20 0 0 0 0 1 0 0 0 0 0 0 0 0 0 0 0 0 0 0 0 0 0 15 0 0 0 0 0 3 3 0 2 19 1 0 0 0 0 0 0 0 0 0 0 0 0 0 0 0 0 0 0 0 0 0 2 0 0 12 0 0 0 0 0 0 0 0 0 0 0 0 
 29 237 32 166 126 0 42 107 57 186 89 129 44 65 78 92 70 144 84 60 91 1 0 0 3 0 153 38 8 0 0 0 105 6 0 0 6 2 183 79 0 0 0 0 0 2 0 3 4 5 3 0 3 0 0 0 17 2 0 0 0 2 0 0 6 2 0 2 7 0 6 3 0 0 0 0 4 34 0 2 0 1 0 0 43 20 0 0 0 9 0 3 0 0 0 0 0 0 0 0 59 20 0 0 0 0 41 0 0 0 0 11 16 20 68 8 0 0 25 15 0 0 0 0 0 0 0 0 0 2 0 0 0 0 2 0 0 7 0 0 0 0 0 0 7 0 0 0 0 0 0 0 0 0 1 4 0 0 1 0 0 10 0 0 0 43 0 0 52 14 37 20 0 0 0 0 0 14 0 11 12 26 3 0 0 0 39 6 55 12 0 0 59 24 20 0 19 18 17 12 0 0 0 0 0 0 1 0 0 0 0 0 0 24 0 0 0 0 14 0 0 0 0 0 0 27 0 0 0 0 0 0 0 0 0 0 0 0 2 6 0 0 0 0 0 0 0 0 1 48 0 9 0 0 0 0 0 0 0 0 0 0 0 0 0 0 1 0 0 0 0 0 0 0 0 0 0 13 0 0 0 0 0 0 0 0 0 0 0 0 
 300 183 56 68 33 42 0 62 40 36 50 103 430 227 227 267 335 40 241 182 2 76 76 0 5 3 5 0 0 0 0 1 3 1 0 0 0 2 2 81 0 0 3 5 2 1 3 3 3 6 3 0 3 0 0 0 2 2 2 0 0 2 30 6 3 3 0 0 0 0 3 5 0 0 0 0 0 1 2 2 10 8 18 39 2 0 8 27 11 0 22 2 17 8 16 82 29 29 4 20 0 0 0 0 0 0 0 0 0 0 0 1 0 0 0 0 0 0 0 0 0 0 0 0 0 0 0 0 0 0 0 0 0 0 0 0 0 0 0 0 0 0 1 0 0 0 1 0 0 0 0 0 3 0 0 2 0 0 0 0 26 66 26 10 0 0 28 58 0 10 19 0 2 11 0 10 32 0 61 26 16 0 0 0 0 0 2 0 0 0 0 0 0 0 0 0 0 0 0 0 0 0 0 0 0 0 0 0 0 0 0 0 0 0 0 0 0 0 0 11 0 0 1 0 0 0 0 0 0 0 0 0 0 0 0 0 2 0 0 0 0 0 0 0 0 2 92 0 1 90 0 15 0 0 0 0 0 0 0 0 0 0 0 0 0 0 0 0 0 0 0 0 0 0 0 9 10 0 0 0 0 0 0 0 0 0 0 0 0 0 
 349 354 198 150 144 107 62 0 215 245 53 343 209 170 165 62 114 154 130 446 5 1 0 0 5 0 6 0 1 0 0 0 3 74 2 4 0 3 7 104 2 1 2 7 3 2 2 3 3 3 3 2 6 0 0 2 0 5 2 0 0 1 0 0 4 3 3 6 0 3 42 3 51 2 0 0 0 20 1 2 1 11 42 7 0 17 32 25 10 24 27 13 14 5 15 19 44 28 9 16 0 0 0 0 0 0 12 0 0 0 0 0 9 0 0 0 0 0 3 0 2 0 0 0 0 2 0 0 0 0 0 15 0 0 1 0 0 0 0 0 0 3 0 0 0 0 0 3 0 0 0 0 0 0 0 0 0 0 0 2 24 13 20 13 30 9 17 47 0 0 53 19 2 27 19 0 37 34 0 0 2 11 0 0 0 0 0 0 0 0 0 0 21 2 0 0 0 0 7 0 0 0 0 0 0 0 0 0 0 0 0 0 0 0 0 0 0 0 0 0 0 0 0 0 0 0 0 0 0 0 0 0 0 0 0 15 0 0 0 0 0 0 0 0 0 0 180 0 1 4 9 8 0 0 0 0 0 0 0 0 0 0 0 0 0 0 1 0 0 0 0 0 0 0 0 7 14 0 0 0 0 0 0 0 0 0 0 0 0 0 
 135 231 220 90 161 57 40 215 0 305 67 197 76 295 203 303 109 121 89 143 2 0 0 0 3 2 5 0 1 0 0 1 7 0 0 2 0 0 74 95 0 0 0 0 6 0 2 3 2 2 3 0 3 2 3 0 0 1 0 3 0 0 2 0 4 1 0 3 0 0 3 3 0 39 5 0 0 0 0 3 23 3 16 7 0 11 14 18 15 54 27 0 9 0 16 24 10 16 38 0 1 0 0 0 0 0 0 0 0 0 0 0 19 0 0 0 0 0 44 16 0 0 0 0 0 0 0 0 0 0 0 0 0 0 0 0 0 0 0 0 0 19 0 0 0 0 0 0 0 0 0 0 0 0 0 0 0 0 0 0 0 16 0 12 0 18 0 19 32 9 37 1 2 28 18 18 14 69 0 0 0 15 0 0 0 2 4 6 0 10 0 0 0 38 15 0 0 13 64 39 0 0 0 0 0 0 0 0 0 0 0 0 0 0 0 0 0 0 0 0 0 0 0 3 0 3 0 0 0 0 0 18 0 14 0 0 0 0 0 13 0 0 0 0 0 0 132 2 3 0 0 18 10 0 0 0 1 0 0 0 0 0 6 0 2 0 0 0 0 0 0 0 0 0 0 0 18 0 0 0 0 0 0 0 0 0 0 0 0 0 
 138 136 205 193 173 186 36 245 305 0 181 47 42 205 142 106 135 122 106 185 0 0 0 0 1 0 62 75 0 0 2 0 75 0 60 2 5 0 80 0 0 0 0 2 3 2 5 0 0 62 0 3 0 2 3 3 3 0 2 0 0 3 4 0 1 0 0 2 5 0 27 0 0 2 4 2 0 9 0 0 12 14 3 0 2 23 1 8 9 32 28 4 0 9 12 30 2 15 2 0 39 0 0 0 0 0 0 13 0 0 0 0 12 0 18 20 0 0 12 21 0 0 0 0 0 0 0 0 0 0 0 0 0 0 0 0 0 0 0 0 0 1 0 0 0 0 0 0 0 0 0 9 0 0 0 0 0 0 0 0 0 9 0 0 11 15 0 47 9 38 13 10 1 15 10 16 0 36 0 0 0 0 0 0 0 0 22 9 8 1 1 0 15 39 0 0 0 10 48 10 0 0 0 0 0 1 0 0 0 0 0 0 0 1 42 0 15 0 0 0 0 0 0 0 0 2 1 0 0 0 0 0 0 1 0 0 0 0 0 0 0 25 0 0 0 5 88 0 1 2 0 5 0 2 0 0 0 0 0 0 0 0 0 0 0 0 0 0 0 2 0 0 0 2 0 0 9 0 0 0 0 0 0 0 0 0 0 0 0 0 
 113 158 122 121 76 89 50 53 67 181 0 251 32 252 376 152 102 350 115 243 2 1 0 0 5 0 78 0 0 0 0 1 70 9 3 0 0 0 3 82 0 0 0 4 2 0 0 3 4 2 3 0 3 0 0 0 0 0 0 0 50 5 0 3 4 1 0 8 2 0 5 6 0 0 4 9 1 0 0 6 0 7 0 43 1 18 0 22 3 16 32 10 1 0 0 36 13 59 0 17 1 0 0 0 0 0 20 0 0 0 0 0 67 0 0 0 0 0 14 28 0 0 0 0 0 0 0 0 0 0 2 13 0 0 0 0 0 16 0 0 4 0 0 0 0 0 0 0 9 0 0 0 0 0 0 10 0 0 0 0 1 10 0 33 0 1 8 19 7 0 9 0 3 22 0 36 47 14 1 8 0 1 0 0 0 0 0 0 0 0 0 0 12 14 0 0 0 0 24 21 0 0 0 0 0 0 0 0 0 0 0 0 0 0 0 0 0 0 0 0 0 0 0 0 11 0 0 0 0 0 0 0 0 0 0 2 0 0 0 0 0 0 0 0 0 0 86 0 2 0 0 8 10 0 0 14 2 0 0 0 0 0 0 0 0 0 0 0 0 0 0 0 0 0 0 10 23 5 0 0 0 0 0 0 0 2 0 0 0 0 
 85 208 63 38 49 129 103 343 197 47 251 0 92 55 37 116 91 173 36 125 38 2 1 1 4 0 4 74 0 0 0 2 38 0 74 0 0 0 147 0 0 0 0 2 0 0 0 3 3 3 3 0 3 0 0 0 4 3 0 0 0 0 0 0 3 3 0 1 0 0 9 3 0 0 0 0 0 2 1 2 11 7 1 0 12 33 0 19 29 0 7 11 0 10 0 1 21 23 0 0 22 0 0 0 0 0 35 0 0 0 0 13 11 11 10 0 0 0 26 43 0 0 0 0 0 2 0 0 0 0 0 0 0 0 0 0 0 0 0 0 0 0 0 0 0 0 0 0 0 0 0 0 0 0 0 0 0 0 0 0 0 0 15 30 25 15 0 0 18 1 0 4 1 0 0 19 25 0 0 0 0 0 12 0 0 0 11 0 0 0 0 0 28 18 10 0 13 0 1 13 0 0 0 0 0 0 0 0 0 0 0 0 0 0 0 0 0 0 0 0 0 2 0 0 0 0 0 0 0 0 0 0 0 0 0 0 0 0 0 0 0 0 0 0 0 0 0 0 91 1 16 6 3 1 0 0 0 0 0 0 0 0 0 0 0 0 0 0 0 0 0 0 0 0 0 8 3 0 0 0 0 0 0 0 0 0 0 0 0 0 
 320 71 69 61 80 44 430 209 76 42 32 92 0 192 174 221 127 36 195 78 2 1 0 0 5 0 3 0 0 0 0 1 3 2 0 0 0 0 0 0 0 0 0 4 0 0 0 4 2 2 3 0 3 0 0 0 0 1 0 0 0 0 0 5 3 2 0 2 0 0 3 3 0 0 0 0 0 0 0 2 12 27 10 46 0 0 15 11 14 0 12 0 12 19 16 42 19 19 26 55 0 0 13 0 0 0 0 0 0 0 0 0 0 0 0 0 0 0 0 0 0 0 0 0 0 0 2 10 0 0 0 0 0 0 0 0 0 0 0 0 0 0 0 0 0 0 0 0 0 0 0 0 6 0 0 0 0 0 0 0 10 21 1 0 0 0 22 8 0 9 16 0 2 0 0 1 28 0 36 19 0 0 0 0 0 0 0 0 0 0 0 0 0 0 0 0 0 0 0 0 0 0 0 0 0 0 0 0 0 0 0 0 0 0 0 0 0 0 0 0 0 0 0 0 0 0 0 0 0 0 0 0 0 11 0 0 0 0 0 0 0 0 0 0 0 2 87 2 0 88 2 11 0 0 0 0 0 0 0 0 0 0 0 0 0 0 0 0 0 0 0 0 0 0 0 11 0 0 0 0 0 0 0 0 0 0 0 0 0 10 
 50 48 67 86 71 65 227 170 295 205 252 55 192 0 281 218 82 51 101 193 2 0 47 74 6 0 4 0 0 0 0 1 3 0 2 2 1 1 0 0 0 0 0 0 0 0 0 3 3 66 3 0 3 0 0 0 0 2 0 2 0 0 0 14 4 3 0 0 0 0 3 3 0 54 0 1 0 0 2 2 16 10 0 11 0 0 20 8 22 0 1 23 11 5 20 10 9 0 0 46 0 1 0 0 0 0 0 1 0 0 0 0 0 0 0 0 1 0 0 0 0 0 0 0 0 0 0 0 0 0 0 0 0 0 0 0 0 0 0 0 0 0 0 0 0 0 0 2 0 0 0 0 0 0 0 0 0 2 0 0 10 0 10 0 54 0 14 0 49 21 0 0 1 0 26 1 0 0 2 20 0 0 0 0 0 0 0 0 19 0 0 0 0 0 0 2 0 0 13 0 0 0 11 0 0 0 0 0 0 0 0 15 0 0 10 0 16 0 0 0 0 0 0 1 0 0 0 0 10 0 0 0 0 0 0 0 0 2 0 0 0 0 0 0 0 0 3 1 2 51 0 11 0 0 0 0 2 0 0 0 0 0 0 30 0 0 0 0 0 0 0 0 0 0 0 31 0 0 0 0 0 0 0 0 0 0 0 0 0 0 
 154 69 45 75 172 78 227 165 203 142 376 37 174 281 0 182 218 262 83 165 2 1 0 0 4 0 3 1 0 7 74 5 77 2 0 0 0 0 0 1 0 0 3 0 0 0 7 5 2 2 3 0 3 0 0 0 0 1 0 7 0 0 0 1 3 2 0 2 0 0 3 3 0 0 0 0 0 0 0 2 0 29 10 14 0 21 6 27 26 39 39 21 41 0 9 25 40 14 0 16 0 2 0 0 0 0 0 2 0 0 0 0 0 0 1 0 2 0 17 0 0 0 0 0 0 0 0 0 0 0 0 0 0 0 0 0 23 0 0 0 0 0 0 0 0 0 0 1 0 0 0 2 7 0 0 0 0 0 0 0 24 10 0 0 13 13 28 1 0 1 7 15 26 24 9 33 18 9 27 22 0 0 0 0 0 0 0 0 1 0 0 0 24 0 0 1 0 0 9 7 0 0 0 0 0 0 0 0 0 0 0 0 0 0 2 0 0 0 0 0 0 0 0 2 0 0 0 0 0 0 0 0 0 0 0 0 0 0 0 0 0 10 0 0 0 1 0 0 2 88 1 11 0 0 0 0 0 0 0 0 0 0 0 0 0 0 0 0 0 0 0 0 0 0 0 11 11 0 0 0 0 0 0 0 0 0 0 0 0 0 
 136 46 260 34 72 92 267 62 303 106 152 116 221 218 182 0 361 40 151 168 2 3 0 0 5 0 3 0 0 0 0 3 3 0 0 0 0 2 0 82 0 0 0 0 0 0 0 3 3 3 3 0 3 0 0 0 0 2 0 0 0 0 0 7 3 3 0 1 0 2 3 3 0 0 0 0 0 0 1 2 27 13 14 33 0 0 22 17 27 0 23 0 9 9 16 39 10 14 21 64 0 0 0 0 0 0 0 0 0 0 0 0 0 0 0 0 0 0 0 0 0 0 0 0 0 0 0 0 0 0 0 0 0 0 0 0 0 0 0 0 0 0 0 0 0 0 0 0 0 0 0 0 0 0 0 0 0 0 2 0 0 0 17 26 9 0 6 28 28 25 7 0 2 12 16 17 11 0 8 5 1 0 0 0 0 0 0 0 0 0 0 0 0 1 0 0 0 0 0 0 0 0 0 0 0 0 0 0 13 0 0 0 0 0 0 0 0 0 0 0 0 0 0 0 0 0 0 0 0 0 0 0 0 0 0 0 0 0 0 0 0 1 0 0 0 1 88 0 2 1 0 10 0 1 1 0 0 0 0 0 0 0 8 0 0 0 2 0 0 0 0 0 0 0 0 7 11 0 0 0 0 0 0 0 0 0 0 0 0 0 
 142 27 127 34 48 70 335 114 109 135 102 91 127 82 218 361 0 80 124 275 2 1 0 0 5 77 4 4 2 0 0 1 7 0 0 0 0 0 0 0 0 0 0 0 0 4 58 4 2 2 3 2 3 0 0 0 0 1 0 0 0 0 0 4 4 5 4 1 0 0 4 3 0 0 0 1 0 0 1 2 5 1 0 42 0 0 15 13 39 0 10 25 44 5 17 42 9 20 6 30 0 0 0 0 0 0 0 0 0 0 0 0 0 0 0 0 0 0 0 0 0 0 15 0 0 0 0 0 0 0 1 0 0 0 0 0 0 0 0 0 0 0 0 0 0 0 0 0 0 0 0 0 0 0 0 0 0 0 0 0 21 0 1 10 30 0 26 24 51 6 0 0 1 61 37 10 12 0 0 12 0 0 0 0 0 0 0 0 0 0 0 0 0 0 0 0 0 0 16 0 0 0 0 0 0 0 14 0 0 0 0 0 0 0 0 0 0 0 0 0 0 0 0 0 0 2 0 0 0 0 0 0 0 0 0 1 0 0 0 0 0 0 0 0 0 1 89 0 4 50 0 3 0 0 0 0 0 0 0 0 0 0 30 0 0 0 0 0 0 0 0 0 0 0 0 16 10 0 0 0 0 0 0 0 0 1 0 0 0 1 
 36 123 46 219 466 144 40 154 121 122 350 173 36 51 262 40 80 0 23 126 3 0 1 0 3 1 100 0 0 2 0 0 3 2 0 0 2 2 75 75 0 0 0 1 0 0 3 6 2 2 3 0 3 0 0 0 0 0 0 0 0 0 0 0 3 0 0 3 1 0 4 3 0 0 0 0 0 0 0 3 0 60 10 16 9 11 0 46 2 40 0 19 1 0 9 2 0 9 0 0 22 0 0 0 0 0 40 0 0 0 0 0 42 0 0 0 0 0 38 22 0 0 0 0 0 0 0 0 0 0 0 0 0 0 0 0 0 0 0 1 0 0 0 0 0 0 0 0 25 0 1 0 0 3 0 0 2 0 0 0 2 13 0 32 10 41 1 1 13 10 24 11 2 9 2 41 29 32 0 2 5 9 0 0 0 0 15 12 15 1 0 0 35 16 1 0 0 10 27 0 1 0 0 0 2 0 0 0 17 0 0 0 0 0 0 0 0 0 0 0 0 0 8 0 0 0 0 0 0 0 0 0 0 0 0 0 0 0 0 0 0 10 0 0 0 0 0 0 2 86 0 13 0 0 0 0 0 0 0 0 0 0 0 0 0 0 0 0 0 0 0 13 0 0 0 7 0 0 0 0 0 0 0 0 0 0 0 0 0 0 
 180 83 26 486 141 84 241 130 89 106 115 36 195 101 83 151 124 23 0 114 2 0 0 0 4 2 3 0 0 0 0 2 3 1 0 0 0 1 0 0 0 0 0 60 0 0 0 3 2 2 3 0 3 0 0 0 0 1 1 0 0 0 0 0 2 45 0 1 0 0 3 3 0 51 0 0 0 0 1 2 20 9 17 23 0 0 48 10 1 0 14 0 13 48 10 11 0 10 0 22 0 0 0 0 0 0 0 0 0 0 0 0 19 0 0 0 0 0 0 0 0 0 0 1 0 0 0 0 0 0 0 0 0 0 0 0 0 0 0 0 0 0 0 0 0 0 0 0 0 0 0 0 0 0 0 0 0 1 0 0 13 35 0 9 0 0 19 13 0 0 0 0 19 10 0 14 14 0 18 29 1 0 0 0 0 0 0 0 0 0 0 0 0 0 0 0 0 0 0 13 0 0 0 0 0 0 0 0 0 0 0 0 0 1 2 0 0 0 0 0 0 0 0 0 0 0 0 0 13 0 1 0 0 0 0 0 0 0 0 0 0 0 0 0 0 2 31 2 0 0 2 9 0 0 0 0 0 0 0 0 0 0 0 0 0 0 0 0 0 0 0 0 0 0 0 0 0 0 0 0 0 0 0 0 0 0 0 0 0 0 
 291 365 146 55 95 60 182 446 143 185 243 125 78 193 165 168 275 126 114 0 2 1 2 0 4 0 3 0 0 0 0 2 3 0 0 0 0 0 0 0 0 63 0 0 0 0 0 3 2 2 3 0 3 0 0 0 1 0 0 0 0 0 0 0 5 0 0 3 0 0 3 3 0 0 0 0 0 0 0 3 25 8 57 7 0 13 31 28 39 20 38 19 20 11 15 26 54 10 28 13 0 0 0 0 0 0 0 0 0 0 0 0 7 0 0 0 0 0 9 0 0 0 0 0 0 0 0 0 0 0 1 0 0 0 0 0 0 0 0 0 0 0 0 0 0 0 11 0 0 0 0 0 0 0 0 0 0 1 0 0 8 0 3 21 10 8 24 56 15 1 22 0 2 45 34 16 17 25 0 8 0 0 0 0 0 0 0 0 0 0 0 0 0 0 21 0 0 0 14 0 0 0 0 0 0 0 0 0 0 0 0 0 0 0 0 0 0 0 0 0 0 0 0 0 0 0 0 0 0 0 0 0 0 12 0 1 0 0 0 0 0 0 0 0 0 0 89 0 0 1 9 4 0 0 2 0 0 0 0 0 0 0 7 0 0 0 0 0 0 0 0 0 0 0 0 0 24 0 0 0 0 0 0 0 0 1 0 0 0 0 
 2 2 3 2 10 91 2 5 2 0 2 38 2 2 2 2 2 3 2 2 0 78 143 196 25 60 60 172 54 49 43 146 179 119 339 252 243 93 351 122 2 0 0 0 0 3 1 0 0 0 0 0 3 0 3 3 23 24 3 0 0 0 0 0 3 3 0 0 0 0 0 0 0 0 20 69 0 3 14 0 0 0 0 0 22 0 0 0 0 16 0 9 0 0 0 0 0 47 0 0 44 5 0 10 0 0 37 17 22 19 2 17 16 0 28 27 10 27 0 12 0 0 12 0 0 0 0 0 0 0 0 0 0 12 0 0 0 0 0 7 0 0 0 0 0 0 0 0 0 0 0 0 0 32 0 3 0 0 0 3 0 1 0 0 1 15 0 0 10 0 0 0 0 1 30 0 0 0 0 0 22 0 13 0 0 10 8 15 32 24 46 0 35 9 54 25 35 45 0 0 1 0 8 0 0 0 0 0 0 0 0 0 0 0 0 0 0 0 0 0 0 0 0 0 0 0 0 0 0 0 0 0 0 0 0 0 0 0 0 0 0 0 0 0 0 1 0 1 0 8 0 0 0 0 38 0 0 1 1 0 2 13 0 0 0 0 0 0 0 5 0 0 0 0 0 0 0 0 0 0 0 9 0 0 0 0 7 0 0 0 
 0 0 0 0 0 1 76 1 0 0 1 2 1 0 1 3 1 0 0 1 78 0 134 75 329 386 163 54 480 98 22 63 169 54 296 182 255 186 56 304 0 0 0 0 0 4 0 1 0 0 2 2 2 0 3 2 5 2 0 0 0 1 2 3 5 3 0 0 1 8 3 4 0 0 1 5 3 7 29 0 0 0 0 0 0 0 0 0 0 0 0 0 0 0 0 0 0 0 0 0 0 15 1 16 0 23 0 1 14 1 1 15 0 13 7 7 34 12 0 0 13 0 0 0 0 0 0 0 0 0 0 0 0 0 0 1 0 0 14 0 2 0 0 0 10 0 0 0 0 0 0 11 0 0 0 0 0 0 0 0 0 0 0 0 0 0 0 1 0 0 0 1 0 0 0 0 0 0 16 0 14 12 9 15 29 0 1 2 23 16 12 19 0 2 9 14 0 0 21 16 0 1 0 0 0 0 0 0 0 0 1 4 0 0 15 0 0 0 8 0 0 0 0 0 1 2 0 0 0 0 0 0 0 0 0 0 0 4 0 0 0 0 0 0 0 1 0 0 0 0 0 0 0 0 9 0 1 84 81 0 2 0 0 0 0 0 9 0 0 0 0 1 0 0 0 0 0 0 0 23 0 0 0 0 0 14 0 0 0 1 
 0 0 0 0 21 0 76 0 0 0 0 1 0 47 0 0 0 1 0 2 143 134 0 137 63 136 380 90 274 67 60 462 91 450 92 287 322 108 80 124 1 0 0 63 0 3 0 0 0 204 0 0 66 0 3 0 3 0 62 1 0 0 0 2 5 5 0 0 0 0 0 0 15 0 0 0 0 3 0 0 0 0 0 0 0 0 2 0 0 0 0 0 0 0 0 0 0 0 0 0 0 0 12 14 10 32 1 12 20 13 32 2 30 0 0 12 41 17 0 0 0 0 0 0 0 0 0 0 0 0 0 0 0 0 0 1 0 0 0 9 0 0 0 0 0 0 0 0 0 0 0 0 0 0 0 0 0 0 0 0 0 0 0 0 0 0 0 2 0 0 0 0 0 2 0 0 0 0 0 0 1 12 0 12 0 1 35 21 0 0 9 9 0 2 10 40 10 31 0 0 0 0 0 0 0 0 16 0 0 1 2 1 1 22 0 0 0 0 9 0 0 0 0 0 0 0 0 0 0 0 0 0 0 0 0 0 0 1 0 0 0 0 0 0 0 2 0 0 0 0 0 0 0 0 18 0 0 77 74 1 2 0 0 67 0 0 0 0 0 0 0 0 0 0 0 0 0 0 0 21 0 20 0 0 0 42 0 0 0 0 
 0 0 1 0 0 0 0 0 0 0 0 1 0 74 0 0 0 0 0 0 196 75 137 0 143 107 79 206 297 182 130 343 80 203 78 29 277 127 277 87 64 0 0 0 0 3 209 0 5 0 0 0 2 0 3 0 3 0 127 2 0 0 0 0 5 3 0 19 0 4 0 0 0 0 0 0 0 3 0 0 0 0 0 0 0 0 9 0 0 0 0 0 2 0 0 0 0 0 0 0 0 0 21 23 28 9 0 0 7 8 14 26 0 0 0 0 10 46 0 1 60 26 0 0 0 0 13 12 0 0 1 0 15 14 21 14 0 0 31 35 0 0 0 0 0 0 0 0 0 0 0 0 0 10 0 0 0 0 0 14 0 0 14 0 0 0 17 0 0 0 5 0 0 0 0 10 0 9 0 0 0 2 13 16 53 16 0 0 0 10 19 32 0 11 0 12 0 14 0 0 13 28 17 0 0 0 21 8 16 0 0 0 56 30 25 0 0 0 0 47 0 0 0 12 0 0 0 0 7 0 0 0 0 0 1 0 0 0 0 0 0 0 0 0 0 0 0 0 0 0 0 0 0 0 21 2 4 0 0 0 20 17 0 0 0 0 0 0 0 0 0 0 0 0 0 0 1 0 0 0 0 23 0 0 1 0 0 0 0 0 
 4 5 3 4 5 3 5 5 3 1 5 4 5 6 4 5 5 3 4 4 25 329 63 143 0 384 62 54 71 245 167 59 90 120 178 209 173 112 49 95 24 0 0 0 8 3 0 0 1 0 0 0 287 30 5 0 4 0 23 62 0 0 1 0 3 3 0 8 0 0 0 0 0 1 0 0 0 3 0 0 0 0 0 0 0 0 0 0 0 0 0 0 0 0 0 0 0 0 0 0 0 0 0 0 13 37 0 0 21 10 0 0 0 15 5 5 0 0 0 0 11 2 13 4 0 1 24 23 0 0 15 0 0 10 11 22 0 0 0 7 0 1 0 0 0 0 0 0 0 0 0 0 0 1 0 0 0 0 0 0 0 0 0 0 0 0 0 0 0 0 0 0 0 0 0 0 0 0 6 0 0 2 15 13 39 19 0 0 0 0 0 18 0 11 0 0 8 0 0 0 0 44 14 0 0 0 27 0 5 18 0 31 10 77 7 14 0 2 1 32 0 0 0 0 0 0 0 0 0 0 0 0 0 0 0 0 0 0 0 0 0 0 0 0 0 0 0 0 1 0 0 0 0 0 0 0 2 30 1 0 4 0 0 0 0 0 0 0 0 0 0 2 0 0 0 0 0 0 0 0 0 0 0 0 0 0 0 0 0 0 
 0 0 0 0 4 0 3 0 2 0 0 0 0 0 0 0 77 1 2 0 60 386 136 107 384 0 29 29 269 132 223 218 362 258 79 81 287 283 129 92 94 1 64 0 0 3 129 22 78 33 0 0 2 0 4 61 3 0 182 183 0 0 1 1 4 3 0 0 0 0 0 0 0 0 0 0 0 3 0 0 0 1 0 0 2 0 0 0 0 0 0 1 0 0 0 0 0 0 0 0 0 0 31 38 27 58 0 0 52 38 13 17 0 0 0 4 23 20 0 0 12 37 6 0 0 0 16 14 12 17 13 0 44 61 10 18 41 18 9 17 0 0 0 0 0 0 0 0 0 0 0 0 0 0 10 0 0 0 0 1 0 0 0 0 2 0 0 0 0 0 16 0 0 0 6 0 0 4 0 0 0 11 0 14 0 23 24 0 0 11 12 0 0 0 0 36 0 11 0 0 4 12 17 0 0 10 74 9 20 0 1 0 36 17 12 0 13 1 30 21 0 0 0 0 0 0 0 0 0 0 0 0 0 0 3 0 0 0 0 0 0 0 1 0 0 0 0 0 0 0 0 0 0 0 10 2 2 74 0 1 20 0 63 0 0 0 0 0 0 0 0 0 0 0 0 0 0 0 0 18 0 18 0 0 0 23 0 0 0 0 
 3 4 11 199 4 153 5 6 5 62 78 4 3 4 3 3 4 100 3 3 60 163 380 79 62 29 0 166 357 49 42 47 119 362 111 37 403 117 137 221 0 0 0 0 0 3 0 3 0 0 0 0 2 0 3 0 3 0 0 0 1 0 0 0 3 3 45 0 2 0 2 0 0 0 0 0 0 3 0 0 1 8 0 7 12 15 0 0 0 0 0 9 0 1 0 0 0 14 0 0 42 0 10 18 8 6 17 0 0 0 10 21 12 0 6 54 10 26 1 19 0 0 0 0 0 0 0 0 0 0 0 0 11 3 0 0 0 0 0 0 0 0 0 0 0 0 0 0 3 0 0 0 0 0 0 0 0 0 0 0 0 0 0 1 0 7 0 0 23 1 0 17 2 0 0 12 12 0 0 0 2 13 9 13 0 0 8 1 18 0 0 0 0 1 0 2 0 0 1 3 0 0 0 0 0 0 0 0 0 0 0 0 0 0 0 0 0 0 0 0 0 0 0 0 0 0 0 0 0 0 0 0 1 0 0 0 0 0 0 0 0 0 13 0 0 0 0 0 0 81 0 0 1 0 9 0 0 1 1 0 2 2 0 0 0 0 0 0 0 0 0 0 0 0 0 3 0 10 0 0 0 0 0 0 0 11 0 0 0 0 
 0 0 1 153 2 38 0 0 0 75 0 74 0 0 1 0 4 0 0 0 172 54 90 206 54 29 166 0 61 202 39 189 199 70 140 106 52 59 70 53 4 0 0 0 2 5 0 0 0 3 0 3 0 3 3 2 3 0 0 2 0 0 7 6 8 3 3 0 23 3 9 3 0 1 4 3 0 3 0 0 0 0 0 0 24 20 0 0 0 0 0 9 0 0 0 0 0 0 0 0 24 14 13 14 0 0 36 26 22 14 1 0 0 17 34 32 19 23 0 0 0 0 0 0 0 9 11 0 0 0 0 0 0 0 0 0 0 0 13 9 0 10 0 0 0 0 0 0 0 0 0 0 0 4 0 4 0 0 0 0 0 0 0 0 24 1 0 0 0 0 0 20 0 0 0 13 0 0 0 0 9 1 17 11 0 0 0 0 0 11 20 0 23 15 14 37 24 0 0 0 0 0 0 0 0 0 0 0 0 0 0 0 0 34 0 0 0 0 0 0 0 0 0 14 0 0 0 0 0 0 0 0 0 0 0 0 0 0 0 0 0 0 0 0 0 0 0 0 0 0 0 0 2 0 12 0 0 0 0 0 1 18 0 0 0 0 0 0 0 0 0 0 0 0 0 0 0 0 0 0 0 12 0 0 0 0 0 0 0 0 
 0 0 0 0 40 8 0 1 1 0 0 0 0 0 0 0 2 0 0 0 54 480 274 297 71 269 357 61 0 78 39 36 102 482 99 89 193 118 192 158 0 0 0 0 0 2 0 0 0 0 0 0 2 0 3 0 17 0 0 0 0 0 0 0 5 3 0 0 3 0 1 0 0 0 0 0 0 2 1 0 0 2 0 0 0 0 0 0 0 0 0 2 0 0 0 0 0 0 0 0 0 17 20 10 0 13 0 23 0 2 52 0 8 17 27 0 11 18 0 55 0 0 0 0 0 0 0 0 0 0 0 0 0 1 0 0 0 0 0 0 0 0 0 0 5 2 9 0 2 0 0 0 0 0 0 0 0 0 0 8 0 0 0 0 0 6 0 15 0 0 0 2 0 0 0 0 2 0 0 0 14 19 17 10 0 0 0 67 8 30 0 17 0 12 63 13 1 16 0 26 0 0 0 0 0 0 0 0 0 0 0 0 0 14 0 0 0 0 0 0 0 0 10 0 0 0 0 0 0 0 0 0 1 0 0 0 0 0 0 0 0 0 0 0 0 0 0 0 0 0 0 0 0 0 0 1 1 78 72 0 1 1 0 0 0 0 0 0 0 0 0 0 0 0 0 0 0 0 0 12 0 0 0 0 0 12 0 0 0 0 
 0 0 0 0 0 0 0 0 0 0 0 0 0 0 7 0 0 2 0 0 49 98 67 182 245 132 49 202 78 0 135 42 59 177 107 351 149 134 69 114 0 0 0 0 1 3 0 0 7 0 0 12 73 24 3 0 3 0 0 0 0 0 0 0 4 3 0 0 0 0 0 0 0 0 2 3 0 40 0 0 0 0 0 0 0 0 0 0 0 0 0 0 0 0 0 10 0 0 0 0 0 20 0 0 32 33 0 10 24 20 14 28 0 20 6 6 23 0 0 0 23 0 1 0 0 4 8 0 0 14 0 0 14 26 3 0 0 0 33 9 0 0 0 0 0 0 0 0 0 0 0 7 0 0 0 7 0 0 20 0 0 0 0 0 9 0 0 0 0 0 0 0 1 0 0 0 0 0 2 0 1 0 89 51 28 14 4 0 1 0 30 16 0 0 14 19 27 1 0 0 0 13 0 0 0 0 15 0 0 1 0 0 14 55 0 16 0 0 0 0 0 0 0 8 0 0 0 0 0 0 0 0 0 0 0 0 0 0 0 0 0 0 0 0 0 0 0 0 0 0 0 0 0 0 5 0 3 64 0 3 0 0 0 0 0 0 24 0 0 0 0 0 0 0 0 0 0 0 0 0 0 11 0 0 0 0 0 0 0 0 
 0 0 0 0 0 0 0 0 0 2 0 0 0 0 74 0 0 0 0 0 43 22 60 130 167 223 42 39 39 135 0 59 27 107 153 145 118 63 57 79 71 0 0 0 0 3 0 65 33 0 0 0 0 2 3 1 3 0 188 87 0 0 0 1 5 3 0 6 0 7 0 0 0 0 0 1 0 5 0 0 0 0 0 0 0 0 0 0 0 0 0 0 0 0 0 0 0 0 0 0 0 0 27 1 46 45 0 0 14 12 67 18 0 0 19 0 0 0 0 11 27 0 0 0 0 0 12 14 0 0 0 0 68 22 20 18 0 0 7 19 0 0 0 0 0 2 6 0 0 0 0 0 0 0 0 0 0 0 0 5 0 0 0 0 8 0 0 0 0 0 8 8 0 0 1 7 0 5 0 6 0 32 15 10 11 8 0 25 0 21 34 8 0 0 23 13 0 30 0 19 32 12 15 0 0 0 40 11 15 0 0 0 34 0 20 0 0 0 22 36 0 0 0 0 0 0 0 0 0 0 0 0 0 0 0 0 0 0 0 0 0 0 0 0 0 0 0 0 0 0 0 0 0 0 8 4 0 1 0 2 0 0 0 0 0 0 0 0 0 0 0 0 0 0 0 0 0 0 0 0 0 8 0 0 0 0 0 0 0 0 
 0 0 0 0 59 0 1 0 1 0 1 2 1 1 5 3 1 0 2 2 146 63 462 343 59 218 47 189 36 42 59 0 342 209 129 109 132 157 47 120 0 0 3 0 0 6 0 2 0 0 1 0 2 0 4 0 3 0 0 0 0 0 0 0 3 3 0 0 0 0 0 0 0 0 3 4 6 3 3 0 0 0 0 0 0 0 0 0 0 0 7 0 0 0 0 0 0 0 0 0 0 0 12 35 9 31 12 10 1 24 9 16 0 0 0 13 8 37 0 0 2 15 0 0 0 0 11 0 0 0 0 0 0 0 0 1 0 0 11 13 2 0 0 0 0 0 0 0 0 0 0 0 0 0 0 0 0 0 0 0 0 0 0 0 0 0 0 1 5 0 4 1 0 0 0 1 0 0 0 0 9 0 2 0 0 21 16 0 6 7 7 7 0 7 12 46 25 16 0 0 0 1 0 0 0 0 0 0 3 0 1 2 0 19 0 0 0 0 10 0 0 0 0 0 0 0 0 0 0 0 0 0 0 0 0 0 0 2 0 0 0 0 1 0 0 1 0 0 0 0 0 0 0 0 10 2 4 10 0 0 23 0 0 0 0 0 0 0 0 0 2 0 0 0 0 0 0 4 0 0 0 7 0 0 0 0 9 0 0 9 
 3 4 3 3 23 105 3 3 7 75 70 38 3 3 77 3 7 3 3 3 179 169 91 80 90 362 119 199 102 59 27 342 0 108 151 36 116 126 430 243 1 0 0 0 0 5 0 1 0 0 0 0 2 0 3 0 9 0 0 3 0 0 0 0 5 3 0 0 0 0 0 0 0 0 1 1 17 3 6 33 0 1 0 0 38 29 0 0 11 14 9 10 0 0 0 8 9 9 0 0 29 1 0 0 0 7 40 26 0 0 18 28 13 26 52 12 0 9 7 8 0 0 0 0 0 0 0 0 0 0 0 0 0 2 0 0 2 0 22 0 0 0 0 0 0 6 0 0 1 0 0 0 0 0 0 7 0 0 0 0 0 0 0 0 0 26 0 0 6 0 0 9 0 0 0 0 1 0 0 0 12 2 48 0 0 0 17 18 32 8 0 0 52 0 25 1 46 20 12 8 0 0 0 0 0 0 0 0 0 0 0 0 0 0 0 0 0 0 17 0 0 0 0 0 0 0 0 0 0 0 0 0 1 0 0 0 0 0 0 0 0 0 0 0 0 0 1 0 0 0 0 0 0 0 4 1 0 0 0 0 3 0 0 0 0 0 0 0 0 0 0 0 0 0 0 0 12 20 0 0 0 0 0 0 0 8 8 0 0 0 
 0 0 0 0 28 6 1 74 0 0 9 0 2 0 2 0 0 2 1 0 119 54 450 203 120 258 362 70 482 177 107 209 108 0 216 153 48 106 189 109 12 0 0 0 0 3 2 10 2 2 3 0 5 3 3 0 3 0 0 3 0 0 4 3 8 7 2 0 1 0 2 2 0 0 0 0 0 3 0 2 0 0 0 0 2 0 0 0 0 0 0 49 0 0 0 0 0 0 11 0 9 8 22 13 0 0 16 52 7 0 22 3 9 33 15 57 20 35 0 15 0 0 0 0 0 0 0 0 0 0 0 0 0 0 0 0 13 2 0 0 0 0 0 0 0 0 1 0 0 0 0 0 0 5 0 5 0 0 0 3 0 0 0 0 10 1 0 0 0 0 0 0 40 0 0 0 0 0 2 0 23 16 8 13 0 0 10 37 0 3 82 0 0 0 47 0 13 22 0 14 0 0 0 0 0 0 0 0 0 0 0 0 0 19 0 0 0 0 13 0 0 0 0 0 0 0 0 0 0 0 0 0 0 0 0 0 0 0 0 0 0 16 16 0 0 0 0 0 0 2 0 0 0 0 4 0 4 1 1 0 1 12 0 0 0 0 0 0 0 0 0 0 0 0 0 0 0 0 0 0 0 0 0 0 0 0 0 0 0 0 
 0 0 0 0 0 0 0 2 0 60 3 74 0 2 0 0 0 0 0 0 339 296 92 78 178 79 111 140 99 107 153 129 151 216 0 95 202 150 80 207 0 0 0 31 62 3 0 3 0 0 0 0 2 0 3 0 4 0 55 68 0 0 0 0 3 3 0 0 0 0 2 0 0 0 13 11 0 3 13 0 0 0 0 0 13 0 0 0 0 0 0 0 0 0 0 0 0 0 0 0 0 12 57 29 28 18 12 25 37 51 0 0 1 12 34 29 0 8 21 12 0 1 2 1 0 2 7 0 0 0 0 0 59 0 0 7 0 0 10 0 0 2 0 0 0 7 6 0 0 0 0 0 0 0 0 0 0 0 0 1 0 0 0 0 0 0 0 0 3 0 0 0 0 0 0 0 0 0 28 0 12 15 10 12 13 32 0 17 34 21 17 1 0 0 22 24 21 13 0 0 1 0 0 0 0 0 0 0 0 0 7 0 2 0 0 2 0 0 38 0 0 0 0 0 0 0 0 0 0 0 0 0 0 0 0 0 0 0 0 0 0 0 11 0 0 0 0 0 0 0 0 0 0 0 8 0 0 76 0 0 1 0 0 0 0 0 0 0 0 0 0 1 0 0 0 0 0 0 0 19 0 0 0 0 0 16 11 0 0 0 
 0 0 5 3 79 0 0 4 2 2 0 0 0 2 0 0 0 0 0 0 252 182 287 29 209 81 37 106 89 351 145 109 36 153 95 0 271 186 330 82 0 6 0 0 0 3 0 1 2 0 0 0 30 62 7 0 3 0 2 4 0 0 0 0 5 3 0 0 4 0 0 0 6 0 0 0 0 3 0 0 0 0 0 0 0 0 0 0 0 0 0 6 0 0 0 0 0 0 0 0 1 13 0 11 11 15 0 0 22 11 11 28 14 31 0 1 55 0 0 0 10 0 2 0 0 9 0 0 0 20 0 0 1 0 0 0 0 0 8 0 2 2 0 0 0 0 0 0 0 0 0 0 0 2 0 4 0 0 0 0 0 0 0 0 13 0 0 0 0 0 0 0 0 0 0 0 0 0 1 0 11 0 28 23 18 9 12 14 0 0 40 35 0 10 14 18 40 14 0 0 0 0 0 0 0 0 7 0 0 13 0 0 12 9 0 2 0 0 1 0 0 0 0 0 0 0 0 0 0 0 0 0 0 11 0 0 0 0 0 0 0 0 0 0 0 0 0 0 0 0 0 12 0 0 10 0 0 148 2 0 0 0 0 0 0 0 12 0 0 0 0 1 0 0 0 0 0 0 0 0 0 13 0 0 0 0 0 0 0 0 
 0 0 0 0 2 6 0 0 0 5 0 0 0 1 0 0 0 2 0 0 243 255 322 277 173 287 403 52 193 149 118 132 116 48 202 271 0 215 53 271 1 2 0 0 0 3 0 2 0 2 0 0 2 0 3 91 3 0 0 0 0 0 1 0 3 3 0 0 0 0 0 0 0 1 5 6 0 3 5 0 0 0 0 0 16 0 0 0 0 0 0 0 0 0 0 0 0 0 0 0 1 11 10 10 0 20 18 0 20 32 11 0 0 23 31 25 0 15 19 8 28 0 0 0 0 1 2 0 0 0 0 0 0 0 0 0 0 0 0 0 0 1 0 0 0 6 0 0 0 0 0 0 0 1 0 0 0 0 13 1 0 0 0 0 0 0 0 0 0 0 0 0 0 0 3 0 0 0 2 0 37 16 13 46 7 62 0 26 47 20 0 14 0 11 19 26 18 19 0 0 0 0 0 0 0 0 0 0 0 0 0 0 0 1 0 0 0 0 14 0 0 0 0 0 0 0 8 0 0 0 0 0 0 0 0 0 0 0 0 0 0 0 0 0 0 0 0 0 0 0 0 0 1 0 8 2 3 90 77 1 2 0 0 0 0 0 0 0 0 0 0 2 0 0 0 0 0 0 0 15 0 0 0 0 0 12 11 0 0 0 
 0 0 0 0 5 2 2 3 0 0 0 0 0 1 0 2 0 2 1 0 93 186 108 127 112 283 117 59 118 134 63 157 126 106 150 186 215 0 98 257 6 0 0 0 3 3 18 1 0 0 0 0 66 3 4 0 6 5 0 2 0 4 6 6 3 3 4 5 0 0 0 4 1 0 11 13 0 3 14 2 0 0 0 0 0 0 0 0 0 0 0 0 0 0 0 0 0 0 0 0 0 17 1 11 0 32 12 1 13 23 11 0 0 15 12 15 0 22 0 0 0 0 0 0 13 0 0 0 0 0 0 0 0 0 0 0 0 2 0 6 0 0 0 12 4 0 0 0 0 0 0 0 0 0 0 0 0 0 0 0 0 0 0 0 0 1 0 0 0 0 0 0 0 0 0 0 0 0 3 0 24 15 13 32 12 12 0 11 35 10 0 54 0 18 29 34 29 13 0 10 0 0 0 0 0 0 1 0 0 1 0 0 0 7 0 0 0 0 0 0 0 0 0 0 0 0 0 0 0 0 0 0 0 0 0 0 0 0 0 0 0 0 0 0 0 0 0 0 0 0 0 0 0 0 5 0 0 78 8 1 6 0 0 0 0 0 0 0 0 0 0 0 0 0 0 0 0 0 0 25 0 0 0 0 0 13 12 0 0 0 
 2 0 147 77 177 183 2 7 74 80 3 147 0 0 0 0 0 75 0 0 351 56 80 277 49 129 137 70 192 69 57 47 430 189 80 330 53 98 0 104 1 0 0 201 0 3 0 0 0 0 0 0 2 55 3 0 11 0 0 0 0 0 1 0 5 3 0 0 0 0 0 0 0 0 0 0 0 3 0 0 0 0 0 19 18 17 0 0 0 8 0 9 0 0 0 0 0 2 0 0 21 16 10 0 0 2 26 40 0 0 12 22 30 15 9 1 11 13 24 13 9 2 0 0 0 0 0 0 0 0 2 0 0 0 0 0 0 0 0 0 0 5 0 0 53 0 0 0 6 0 0 0 0 1 0 5 0 0 0 0 0 0 0 0 0 13 0 0 8 15 20 4 2 0 0 10 10 15 0 0 2 17 11 0 15 0 28 41 12 54 13 0 44 15 17 0 19 12 12 19 0 0 0 0 0 0 0 0 0 0 0 0 0 16 0 0 0 0 0 0 0 0 0 0 0 0 0 0 0 2 0 0 0 0 0 0 0 0 0 0 0 0 0 0 0 0 0 0 0 1 0 0 0 0 17 0 2 0 77 2 0 0 0 0 0 0 0 0 2 0 0 0 0 0 0 0 0 0 0 0 0 0 0 2 0 0 0 0 0 0 
 0 74 0 145 78 79 81 104 95 0 82 0 0 0 1 82 0 75 0 0 122 304 124 87 95 92 221 53 158 114 79 120 243 109 207 82 271 257 104 0 4 0 0 0 0 3 0 0 0 0 0 0 2 3 3 0 4 1 2 2 34 0 4 3 5 3 2 0 0 0 0 0 5 0 1 1 0 3 36 0 0 1 0 19 0 30 0 0 10 20 21 9 0 0 0 23 12 20 0 11 23 19 0 0 0 0 33 18 0 0 28 13 13 1 1 0 0 28 0 26 0 0 0 0 0 0 0 0 0 0 0 0 0 2 0 0 0 0 0 0 0 0 0 0 4 0 0 0 27 0 0 0 0 0 0 25 0 0 0 0 0 0 0 0 0 5 0 0 1 0 0 2 0 0 0 68 12 0 0 0 25 23 9 14 0 0 20 71 15 10 0 0 35 0 4 1 25 11 0 17 0 0 0 0 0 0 0 0 0 0 0 0 0 0 0 0 0 0 18 12 0 0 0 0 0 0 0 1 0 0 0 0 0 0 0 0 0 0 0 0 0 0 0 0 0 0 0 0 0 0 0 0 0 0 5 0 0 2 38 0 3 3 0 0 0 0 0 0 0 0 0 0 0 0 0 0 0 3 0 0 0 0 0 0 0 0 8 0 0 0 
 0 0 0 0 4 0 0 2 0 0 0 0 0 0 0 0 0 0 0 0 2 0 1 64 24 94 0 4 0 0 71 0 1 12 0 0 1 6 1 4 0 89 88 44 39 259 194 186 114 36 26 38 86 131 62 109 31 32 258 283 0 0 3 3 1 11 3 6 0 0 0 0 0 0 0 0 0 0 0 4 0 0 0 0 0 0 0 0 0 0 0 0 0 0 0 0 0 0 0 0 0 6 0 0 17 13 0 0 0 0 3 0 0 0 0 0 0 0 0 0 13 19 17 1 0 0 7 4 15 0 45 0 12 5 14 45 8 38 63 17 0 0 0 1 1 0 0 0 0 0 0 0 0 0 0 0 0 0 0 0 0 0 0 4 0 2 0 0 0 0 0 13 0 0 2 3 0 0 0 1 0 0 0 0 4 0 0 0 0 0 0 1 0 0 20 0 3 0 0 0 0 41 15 0 0 3 30 0 0 10 0 0 52 9 19 0 11 1 21 22 0 10 0 0 0 0 0 0 0 0 0 0 1 0 0 0 0 0 0 0 0 0 0 0 0 0 0 0 0 0 0 5 0 0 0 0 0 0 0 7 0 0 74 0 1 5 0 0 0 0 0 0 0 0 0 0 0 0 0 0 0 0 0 0 7 0 0 0 2 0 
 0 0 0 0 4 0 0 1 0 0 0 0 0 0 0 0 0 0 0 63 0 0 0 0 0 1 0 0 0 0 0 0 0 0 0 6 2 0 0 0 89 0 160 138 38 86 151 392 64 33 48 37 48 136 56 170 75 50 78 18 0 0 0 0 6 0 0 0 2 11 0 8 0 0 0 0 3 0 51 0 0 0 6 0 0 0 0 0 0 0 0 0 0 0 0 0 0 0 0 0 0 0 0 0 11 13 0 0 0 0 0 9 0 0 0 0 0 0 0 0 9 0 19 17 7 10 6 19 26 18 0 0 0 9 8 0 0 28 0 0 0 3 0 0 0 0 0 0 15 0 5 1 28 1 0 0 0 0 19 19 0 0 0 0 0 0 0 0 0 0 0 0 0 0 0 0 0 0 0 0 0 0 0 0 0 0 0 0 0 0 0 0 0 0 0 0 0 0 0 0 0 30 0 19 1 9 8 11 17 11 1 0 10 0 1 20 19 0 0 0 9 0 0 0 0 8 4 10 0 0 0 0 30 18 0 0 0 0 19 0 0 0 0 0 0 2 0 0 0 0 0 5 0 0 0 0 0 0 0 0 0 0 0 1 0 18 0 0 2 9 0 0 0 0 0 29 0 0 0 0 0 0 0 0 0 0 0 0 2 0 
 0 0 0 0 0 0 3 2 0 0 0 0 0 0 3 0 0 0 0 0 0 0 0 0 0 64 0 0 0 0 0 3 0 0 0 0 0 0 0 0 88 160 0 195 51 97 72 182 244 55 43 185 71 362 275 115 275 48 238 97 10 0 8 0 2 0 0 0 0 0 0 0 0 0 0 0 42 0 50 80 0 0 0 15 0 0 0 0 0 0 0 0 0 0 0 0 0 0 0 0 0 0 0 0 10 10 0 0 0 0 0 0 0 0 0 0 0 0 0 0 11 0 25 28 12 0 0 0 9 20 22 14 10 0 13 0 0 13 0 8 13 9 0 1 0 0 15 8 14 0 0 0 0 46 28 0 0 0 31 7 0 0 0 5 0 0 0 0 0 0 0 6 0 0 2 3 0 0 0 2 0 0 0 0 0 3 13 0 0 27 0 0 0 0 0 0 0 0 0 0 0 11 12 44 5 11 18 13 10 9 3 0 0 0 0 0 9 0 9 0 2 0 0 0 0 0 0 0 0 0 0 0 12 33 1 0 0 0 26 29 0 0 0 0 0 0 0 0 0 0 0 8 0 1 0 0 0 2 0 25 0 0 2 0 0 2 0 0 0 0 1 0 0 0 0 0 0 0 0 0 0 1 15 0 27 0 0 0 0 0 
 15 4 0 0 6 0 5 7 0 2 4 2 4 0 0 0 0 1 60 0 0 0 63 0 0 0 0 0 0 0 0 0 0 0 31 0 0 0 201 0 44 138 195 0 150 304 106 146 251 156 131 99 96 178 57 31 255 151 77 75 0 51 0 0 1 0 21 0 50 0 0 0 104 0 3 0 0 0 1 1 0 21 6 1 0 0 0 19 0 3 0 2 0 0 0 1 0 7 0 0 0 0 0 0 6 0 0 0 0 0 0 0 0 0 9 0 0 0 3 0 11 0 31 27 0 29 0 10 0 19 0 0 9 8 0 0 0 14 0 0 0 1 0 0 0 0 0 0 1 0 0 0 34 1 2 0 0 0 26 16 0 8 0 3 0 0 0 8 2 0 7 1 0 0 1 0 5 0 0 0 0 0 0 0 0 0 0 0 0 0 0 0 0 0 0 0 0 0 0 12 0 0 13 26 1 7 9 0 17 14 23 25 0 0 0 26 16 9 0 0 27 9 0 14 0 0 4 7 0 4 0 0 7 21 19 0 0 0 39 15 0 0 1 0 0 0 1 0 0 0 0 2 0 1 0 0 0 0 0 0 0 0 2 64 0 2 1 0 0 0 0 0 0 0 0 0 0 0 0 0 0 3 0 0 0 0 0 8 0 0 
 0 0 0 0 0 0 2 3 6 3 2 0 0 0 0 0 0 0 0 0 0 0 0 0 8 0 0 2 0 1 0 0 0 0 62 0 0 3 0 0 39 38 51 150 0 145 257 89 95 122 316 75 285 318 112 43 274 36 80 99 137 123 6 0 0 0 49 1 40 0 0 0 53 111 18 0 63 0 0 52 0 0 0 0 0 0 0 0 0 0 0 0 0 0 0 0 0 0 0 0 0 0 0 0 0 0 0 0 0 0 0 0 0 0 0 0 0 0 0 0 0 5 4 3 7 18 3 0 0 0 0 0 0 0 4 0 0 0 9 0 15 10 0 36 0 0 0 26 0 20 11 0 0 17 0 26 0 10 9 0 0 14 0 0 0 0 0 0 0 0 0 0 0 0 0 0 2 0 0 0 0 0 0 0 4 3 1 0 0 0 0 0 0 0 0 0 0 0 0 0 0 4 0 0 6 0 1 0 6 3 0 1 0 4 0 0 0 9 8 4 0 8 0 73 0 1 9 27 12 28 15 10 0 6 59 16 0 11 15 25 41 0 0 0 0 0 0 0 0 0 0 5 0 0 0 0 0 0 0 0 0 28 0 0 2 2 2 0 0 0 0 0 0 0 0 0 0 0 0 0 0 0 0 0 0 0 0 0 0 0 
 0 0 1 0 4 2 1 2 0 2 0 0 0 0 0 0 4 0 0 0 3 4 3 3 3 3 3 5 2 3 3 6 5 3 3 3 3 3 3 3 259 86 97 304 145 0 45 313 59 27 87 163 75 87 270 278 143 129 34 59 20 4 0 0 0 0 5 0 0 2 0 5 25 33 52 0 24 0 25 25 0 0 0 0 0 0 0 0 0 0 0 0 0 0 0 0 0 0 0 0 0 0 0 0 0 0 0 0 0 0 0 0 0 0 0 0 0 0 0 0 0 0 17 2 11 67 0 0 0 22 0 15 0 0 22 6 0 0 0 0 11 0 0 16 0 0 24 26 1 0 10 0 10 8 9 9 0 0 0 8 0 0 0 0 0 0 0 0 0 0 0 0 0 0 0 0 0 0 0 0 0 0 0 0 0 0 0 0 0 0 0 0 0 25 0 0 0 0 0 0 4 0 9 0 4 10 0 0 10 0 0 10 0 0 3 13 9 27 0 0 3 17 30 23 0 0 13 0 17 0 0 0 7 22 0 11 20 10 40 6 0 0 0 0 0 0 0 0 0 0 0 79 0 0 0 0 0 0 0 2 0 0 0 5 2 1 1 0 7 10 31 0 0 0 0 0 0 0 0 0 0 0 0 0 23 0 0 9 2 0 
 0 0 0 1 3 0 3 2 2 5 0 0 0 0 7 0 58 3 0 0 1 0 0 209 0 129 0 0 0 0 0 0 0 2 0 0 0 18 0 0 194 151 72 106 257 45 0 165 221 181 31 126 368 84 335 128 612 249 73 168 0 0 0 0 0 0 0 0 0 1 2 0 0 3 0 0 0 0 1 0 0 3 0 0 0 0 0 0 0 0 4 5 0 0 5 0 0 0 0 0 0 0 0 0 11 0 0 15 0 0 2 0 0 0 0 0 0 0 0 7 1 19 0 14 0 12 7 11 39 0 31 8 16 15 44 29 13 43 8 0 0 0 0 0 0 0 0 0 0 0 0 0 0 0 0 0 0 0 0 0 0 0 0 0 1 0 0 1 13 3 0 11 0 0 0 3 0 46 0 0 0 0 0 0 1 0 0 0 0 0 0 0 0 5 0 0 0 0 5 0 24 1 18 16 0 20 1 8 20 13 16 21 0 0 14 1 10 11 4 8 0 0 0 0 0 0 0 39 0 0 0 0 7 0 0 0 0 0 0 0 0 5 0 0 0 75 0 0 0 0 0 10 0 2 0 0 0 0 0 0 0 0 47 95 66 0 0 4 2 0 0 0 0 0 0 0 0 0 0 0 0 0 0 0 17 0 0 0 0 0 
 3 3 3 3 5 3 3 3 3 0 3 3 4 3 5 3 4 6 3 3 0 1 0 0 0 22 3 0 0 0 65 2 1 10 3 1 2 1 0 0 186 392 182 146 89 313 165 0 356 130 80 50 190 147 91 187 55 46 43 179 0 0 0 0 0 1 0 0 2 0 0 52 0 0 0 0 0 6 2 0 0 0 0 0 0 0 0 0 0 0 0 0 0 0 0 0 0 0 0 0 0 0 4 5 6 7 0 0 0 0 12 0 0 0 0 5 0 6 0 0 0 10 19 0 10 2 0 0 31 11 10 0 13 0 13 1 29 9 8 9 0 0 0 7 0 8 0 0 41 0 0 0 38 0 12 0 0 0 0 16 0 0 0 0 6 0 0 0 0 0 3 5 0 0 0 4 0 1 0 4 0 0 0 0 0 0 0 1 0 0 0 0 0 0 0 0 0 0 0 0 11 9 0 16 0 26 0 1 19 10 10 0 20 0 18 17 23 1 18 13 0 0 0 0 0 0 0 0 0 0 0 0 0 38 0 0 0 0 11 0 0 0 12 0 0 0 0 0 0 26 0 14 0 1 0 1 0 0 1 9 0 0 73 0 0 2 0 1 4 0 0 0 0 0 0 0 0 0 0 0 0 0 0 0 0 11 0 0 0 0 
 2 2 2 3 2 4 3 3 2 0 4 3 2 3 2 3 2 2 2 2 0 0 0 5 1 78 0 0 0 7 33 0 0 2 0 2 0 0 0 0 114 64 244 251 95 59 221 356 0 301 50 104 300 400 196 414 143 52 68 183 0 4 2 55 0 1 0 4 3 0 2 2 0 0 2 4 0 19 1 2 0 0 0 0 23 0 0 0 0 0 0 0 0 0 0 0 0 0 0 0 0 0 0 0 10 4 0 0 0 0 28 0 0 0 0 0 0 0 20 0 20 11 37 51 0 0 1 6 33 2 11 13 46 40 0 26 19 14 6 7 0 2 0 2 2 0 0 5 0 0 0 0 0 0 0 0 0 0 0 0 0 0 0 4 0 0 0 4 15 0 0 29 0 0 1 0 5 0 0 0 0 0 0 6 34 0 21 8 0 0 25 7 0 0 0 2 0 9 0 0 19 8 14 14 13 11 28 20 5 33 18 30 10 0 1 31 11 21 0 0 0 0 0 0 0 0 0 0 0 0 0 0 8 0 15 0 0 0 0 0 0 0 0 0 0 1 1 0 0 0 0 5 0 2 1 0 1 0 0 2 0 0 65 118 1 2 0 3 2 0 0 2 0 0 0 0 0 0 0 0 0 5 0 0 5 3 0 0 0 0 
 2 2 2 3 23 5 6 3 2 62 2 3 2 66 2 3 2 2 2 2 0 0 204 0 0 33 0 3 0 0 0 0 0 2 0 0 2 0 0 0 36 33 55 156 122 27 181 130 301 0 145 50 224 308 182 358 35 102 71 168 0 0 0 3 0 0 0 0 0 0 0 0 1 0 0 3 0 7 53 0 0 0 0 0 0 0 0 0 0 0 0 0 0 0 0 0 0 0 0 0 0 0 0 0 0 0 0 0 0 0 0 0 0 0 0 0 0 0 0 0 0 15 7 19 20 0 0 3 26 22 38 9 8 22 3 5 102 16 3 0 0 0 0 1 1 0 0 0 0 0 0 0 12 0 15 0 0 0 10 0 0 0 0 0 0 0 0 0 0 35 0 0 0 0 0 0 1 0 0 0 0 0 0 5 0 0 0 0 14 0 0 0 0 0 0 0 0 0 0 0 0 0 2 27 11 3 0 6 0 29 39 0 11 0 18 16 32 28 0 3 11 7 0 0 0 0 1 0 0 0 0 0 8 0 0 21 0 0 16 0 0 0 5 0 0 0 0 0 0 0 0 9 0 0 0 0 0 0 0 3 0 0 73 0 39 5 2 2 3 0 0 0 0 0 0 0 0 0 0 0 0 3 0 0 0 13 0 0 0 0 
 3 3 60 3 3 3 3 3 3 0 3 3 3 3 3 3 3 3 3 3 0 2 0 0 0 0 0 0 0 0 0 1 0 3 0 0 0 0 0 0 26 48 43 131 316 87 31 80 50 145 0 148 115 45 81 78 150 447 38 70 0 52 0 0 0 0 61 0 0 14 0 0 26 0 0 0 0 4 0 1 0 0 13 0 0 0 0 27 0 0 0 0 0 0 0 0 0 0 0 0 0 0 1 0 0 0 0 0 0 0 0 0 0 0 0 0 0 0 0 0 0 2 0 2 12 39 0 26 20 8 14 0 0 8 9 17 53 29 0 0 0 1 0 0 0 0 0 0 0 0 0 0 17 0 7 10 10 11 12 7 0 2 0 0 0 0 0 0 0 1 0 0 0 0 0 0 5 0 0 0 0 0 0 0 0 0 0 0 0 0 0 0 0 0 0 0 0 16 0 0 0 0 10 49 3 0 0 17 0 8 39 10 0 0 0 79 0 34 0 0 30 34 0 18 0 0 36 1 0 8 0 11 10 7 28 15 0 0 33 9 0 0 4 0 0 0 0 0 0 0 0 2 0 0 0 0 0 0 0 12 0 0 4 0 69 2 0 1 0 8 18 0 0 0 0 0 0 0 0 0 0 0 0 0 0 24 0 9 1 0 
 1 0 0 0 5 0 0 2 0 3 0 0 0 0 0 0 2 0 0 0 0 2 0 0 0 0 0 3 0 12 0 0 0 0 0 0 0 0 0 0 38 37 185 99 75 163 126 50 104 50 148 0 321 22 83 89 83 67 48 37 0 0 0 0 0 0 0 0 0 0 0 6 0 0 0 0 3 0 0 0 0 0 0 0 0 0 0 0 0 0 0 0 0 0 0 15 0 0 0 0 0 0 0 0 0 0 0 0 0 0 0 0 0 0 0 0 0 0 0 0 0 2 11 26 19 0 8 30 48 0 9 17 0 7 0 0 9 5 0 0 13 0 1 1 1 0 20 0 14 0 0 0 0 19 19 8 1 0 7 0 0 0 0 2 0 0 10 5 13 0 0 0 0 0 0 0 0 0 0 0 0 0 0 0 0 0 0 0 0 0 0 0 0 0 0 0 0 0 0 0 0 0 0 36 14 16 0 22 0 0 0 21 0 7 0 9 19 3 0 0 0 22 32 0 0 0 0 9 0 0 0 0 0 0 0 9 8 0 0 41 0 0 15 0 0 0 0 0 0 0 0 19 0 0 0 0 0 0 0 19 0 0 0 9 2 6 2 2 0 0 0 0 0 0 0 0 0 0 0 0 0 0 0 0 10 0 0 0 2 0 
 3 3 3 3 3 3 3 6 3 0 3 3 3 3 3 3 3 3 3 3 3 2 66 2 287 2 2 0 2 73 0 2 2 5 2 30 2 66 2 2 86 48 71 96 285 75 368 190 300 224 115 321 0 323 83 21 181 113 90 114 0 8 4 4 0 0 0 5 3 69 0 1 0 0 0 6 8 8 5 0 0 0 0 0 0 0 0 0 0 0 0 0 0 0 0 0 8 0 0 0 0 0 0 0 1 0 0 0 0 0 0 0 10 0 0 0 0 0 0 0 34 0 23 12 0 10 0 25 11 11 0 0 8 10 10 11 46 11 0 0 0 0 0 0 0 0 0 0 5 10 1 4 1 0 0 0 0 0 0 0 0 0 0 15 0 0 0 6 10 0 0 4 0 0 3 0 0 21 0 0 0 0 0 0 17 6 0 0 0 0 0 7 0 0 0 0 15 0 0 0 0 0 0 22 0 10 23 20 0 34 12 23 0 12 0 22 29 0 0 0 0 0 0 13 0 2 0 0 0 0 0 11 0 0 0 0 5 0 0 0 0 0 9 0 0 0 0 0 0 0 0 0 0 0 0 0 0 71 0 0 0 0 0 65 65 0 2 66 1 0 0 0 0 32 0 0 0 0 0 0 0 0 0 0 12 17 0 0 2 0 
 0 0 0 0 0 0 0 0 2 2 0 0 0 0 0 0 0 0 0 0 0 0 0 0 30 0 0 3 0 24 2 0 0 3 0 62 0 3 55 3 131 136 362 178 318 87 84 147 400 308 45 22 323 0 245 108 46 123 83 291 0 0 0 0 5 0 7 0 0 0 0 6 0 0 0 6 0 5 0 0 0 0 0 0 0 0 0 19 0 0 0 0 0 0 0 0 0 0 0 0 0 0 0 0 28 19 0 0 0 0 0 0 0 0 0 0 0 0 0 0 31 0 30 9 0 7 1 18 28 20 8 0 2 16 14 0 0 0 0 20 0 0 0 0 0 0 0 0 0 0 3 0 17 0 0 0 0 0 0 4 0 0 0 8 0 0 0 12 0 0 0 7 0 0 3 3 0 0 0 0 0 0 0 0 13 4 0 0 0 0 0 0 0 0 0 0 8 0 0 0 56 31 16 0 1 0 4 9 9 25 10 26 0 11 0 50 17 18 14 0 0 0 0 0 0 8 0 0 0 0 0 0 0 19 0 0 0 0 6 0 0 0 1 0 0 0 0 0 0 0 0 6 1 0 0 0 0 31 0 20 0 0 0 1 0 4 0 44 1 0 0 0 0 0 0 9 0 0 0 0 0 0 0 0 0 0 0 7 2 0 
 0 0 0 2 0 0 0 0 3 3 0 0 0 0 0 0 0 0 0 0 3 3 3 3 5 4 3 3 3 3 3 4 3 3 3 7 3 4 3 3 62 56 275 57 112 270 335 91 196 182 81 83 83 245 0 119 111 108 93 146 0 0 0 0 0 0 32 0 0 0 0 1 0 0 0 0 0 0 0 0 0 0 0 0 0 0 0 0 0 0 0 0 0 0 0 0 0 0 0 0 0 0 0 0 47 12 0 0 7 0 0 9 0 0 0 0 0 0 0 0 20 13 22 14 0 8 27 21 0 0 7 0 28 50 21 0 12 0 15 2 0 0 0 0 0 0 0 0 0 0 0 0 0 0 0 0 0 0 0 0 0 0 0 3 0 0 0 3 2 0 0 2 0 0 12 0 0 0 0 0 0 0 0 0 1 33 0 0 0 0 0 0 0 0 0 0 0 0 14 0 12 11 10 22 0 7 19 44 0 25 13 40 10 0 5 31 28 32 19 0 0 0 0 0 0 2 0 0 0 0 14 0 1 0 0 0 0 0 0 0 0 0 0 0 0 0 0 0 0 26 0 6 0 1 0 0 0 1 0 1 0 0 3 64 66 0 0 63 0 0 0 0 0 0 0 0 0 0 0 0 0 0 0 0 1 0 0 8 0 0 
 0 0 0 0 25 0 0 2 0 3 0 0 0 0 0 0 0 0 0 0 3 2 0 0 0 61 0 2 0 0 1 0 0 0 0 0 91 0 0 0 109 170 115 31 43 278 128 187 414 358 78 89 21 108 119 0 165 149 46 107 0 0 0 0 0 0 1 0 0 0 0 0 0 0 0 0 0 1 0 0 0 0 0 0 0 0 0 0 20 0 0 0 0 0 0 17 0 0 0 0 0 0 0 0 10 0 0 0 16 0 0 0 0 0 0 0 0 0 0 0 27 26 8 0 23 1 1 0 18 33 23 31 10 11 0 12 20 18 6 0 15 0 0 0 0 0 10 0 13 0 0 0 16 0 18 0 0 1 13 0 0 0 0 0 0 0 0 0 0 7 0 0 0 0 0 0 3 0 0 0 0 0 0 0 0 0 0 0 0 0 0 0 0 0 0 0 0 0 0 0 17 0 10 0 28 10 0 10 52 7 30 4 0 0 19 0 11 24 13 9 17 8 0 0 0 0 3 0 0 19 0 0 16 18 0 26 0 0 23 20 0 0 0 0 0 0 0 0 0 0 0 16 0 0 0 0 0 0 0 1 0 0 12 0 0 0 0 64 0 0 0 0 0 0 0 0 0 0 0 0 0 0 0 0 0 15 0 1 1 0 
 0 0 0 0 5 17 2 0 0 3 0 4 0 0 0 0 0 0 0 1 23 5 3 3 4 3 3 3 17 3 3 3 9 3 4 3 3 6 11 4 31 75 275 255 274 143 612 55 143 35 150 83 181 46 111 165 0 120 38 42 0 0 0 0 0 4 0 1 0 1 0 0 53 0 0 8 0 15 133 53 0 0 0 0 0 0 0 0 0 0 0 0 0 0 0 0 0 0 0 0 0 7 0 0 1 1 6 0 0 0 0 4 5 5 15 0 0 0 0 0 0 1 0 28 10 14 0 1 30 12 0 13 0 2 1 0 0 3 0 1 14 0 0 1 9 0 18 0 23 0 0 0 0 20 22 0 0 0 10 0 0 0 0 14 0 3 0 0 0 0 0 0 0 0 0 0 0 0 0 0 0 1 7 0 0 0 0 2 0 8 0 0 16 0 15 0 7 0 0 9 11 0 0 0 5 19 0 4 4 0 11 11 0 0 0 10 11 17 1 0 9 10 0 0 0 0 0 13 0 0 0 52 0 8 7 7 0 0 0 24 0 0 0 0 0 0 0 0 0 0 0 0 0 1 0 0 0 0 2 0 0 0 0 1 0 7 2 30 0 0 7 0 0 0 2 0 0 0 0 0 0 0 0 0 1 0 0 0 0 0 
 3 0 0 2 15 2 2 5 1 0 0 3 1 2 1 2 1 0 1 0 24 2 0 0 0 0 0 0 0 0 0 0 0 0 0 0 0 5 0 1 32 50 48 151 36 129 249 46 52 102 447 67 113 123 108 149 120 0 19 254 0 0 0 0 0 0 52 0 1 0 0 0 29 2 0 0 0 6 52 1 0 0 0 0 0 0 0 0 0 0 0 0 1 0 0 0 0 0 0 0 0 0 0 0 0 0 0 0 25 0 0 0 0 0 0 0 0 0 0 0 0 0 0 0 2 21 0 0 12 45 18 48 0 0 0 9 15 0 0 0 0 0 0 0 0 0 0 0 0 0 0 0 10 1 23 0 0 0 14 6 0 3 0 0 0 0 0 0 0 5 0 0 0 0 0 0 0 0 0 0 0 0 0 0 0 0 0 0 0 0 0 0 0 0 0 0 0 0 28 0 0 0 13 16 2 0 0 1 0 11 35 18 6 0 0 24 6 30 0 0 4 30 0 11 0 0 11 0 0 7 0 0 3 8 9 40 0 0 20 0 0 0 4 0 0 0 0 0 0 0 0 5 0 0 0 0 0 0 0 13 0 0 0 0 1 8 4 1 3 0 26 0 0 0 0 0 0 0 0 0 0 0 0 0 0 14 0 2 2 0 
 0 0 0 0 2 0 2 2 0 2 0 0 0 0 0 0 0 0 1 0 3 0 62 127 23 182 0 0 0 0 188 0 0 0 55 2 0 0 0 2 258 78 238 77 80 34 73 43 68 71 38 48 90 83 93 46 38 19 0 251 0 0 0 0 1 0 0 6 2 0 0 0 3 0 0 0 2 0 0 0 0 0 0 0 0 0 11 0 0 0 0 0 0 8 0 0 0 0 0 0 0 0 13 17 24 37 0 0 6 4 12 13 0 0 0 0 0 18 0 0 8 12 15 0 0 0 20 27 0 0 16 0 11 8 21 20 0 0 0 2 0 1 0 0 0 0 0 3 0 0 0 0 0 0 0 0 0 0 0 0 0 0 0 10 4 0 0 0 0 0 6 0 0 0 0 1 0 11 0 7 0 12 0 0 0 19 0 0 0 7 1 0 0 0 1 12 0 0 0 0 21 33 13 0 0 0 20 11 7 2 1 0 30 0 10 18 11 0 50 44 0 0 26 0 13 0 0 0 0 0 0 0 0 0 0 0 0 0 0 5 0 0 0 0 0 0 0 0 0 0 0 9 0 2 0 0 0 72 0 2 26 0 6 0 2 1 0 0 0 0 0 0 0 0 0 0 0 0 0 12 0 0 0 0 0 11 0 0 0 0 
 0 0 0 0 0 0 0 0 3 0 0 0 0 2 7 0 0 0 0 0 0 0 1 2 62 183 0 2 0 0 87 0 3 3 68 4 0 2 0 2 283 18 97 75 99 59 168 179 183 168 70 37 114 291 146 107 42 254 251 0 0 0 0 0 3 19 0 3 0 1 0 0 0 0 0 0 1 0 0 0 0 0 0 0 0 0 0 0 0 0 0 0 0 0 0 0 0 0 0 0 0 0 10 4 59 27 0 0 22 13 9 0 0 0 1 0 0 0 0 0 1 21 0 0 0 0 4 8 6 0 38 8 32 16 27 29 17 34 7 40 0 0 0 0 0 0 0 8 0 0 0 0 0 0 0 0 0 0 0 0 0 0 0 0 6 0 0 0 0 0 5 6 0 0 0 6 0 3 0 8 0 14 0 0 1 9 0 0 0 0 0 1 0 0 0 1 0 0 0 0 43 43 27 0 0 8 18 0 10 0 10 0 14 0 19 0 0 1 43 20 0 0 0 0 0 0 0 0 0 0 0 0 8 0 0 0 0 6 0 0 0 0 0 0 0 0 0 0 0 0 0 15 0 0 0 0 0 0 0 24 0 0 7 0 0 0 0 1 0 0 0 0 0 0 0 0 0 0 0 1 0 0 0 0 0 10 0 0 2 0 
 0 0 0 0 0 0 0 0 0 0 50 0 0 0 0 0 0 0 0 0 0 0 0 0 0 0 1 0 0 0 0 0 0 0 0 0 0 0 0 34 0 0 10 0 137 20 0 0 0 0 0 0 0 0 0 0 0 0 0 0 0 59 283 37 34 28 182 91 111 37 46 54 80 77 88 61 74 62 54 61 0 0 0 0 0 0 0 0 0 0 0 0 0 0 15 0 0 0 0 0 0 0 0 0 0 0 0 0 0 0 0 0 0 0 0 0 0 0 0 0 0 0 0 0 21 14 0 0 0 0 0 0 0 0 0 0 0 0 0 0 9 7 7 22 0 0 28 48 0 5 20 0 0 40 0 0 0 0 4 0 0 0 0 0 0 0 0 0 0 0 0 0 0 0 0 0 0 0 0 0 0 0 0 0 0 0 0 0 0 0 0 0 0 0 0 0 0 0 0 0 0 0 0 0 0 75 0 0 0 0 25 0 0 0 0 0 0 0 0 0 0 9 0 25 25 0 21 2 16 8 1 4 0 0 0 22 51 11 17 10 0 0 0 0 0 0 0 0 0 0 0 0 0 0 0 16 0 0 0 0 0 0 0 0 0 0 0 0 0 0 2 1 0 0 0 0 0 0 0 0 0 0 6 0 0 0 0 0 0 0 
