 0 96 302 340 261 253 463 234 53 19 251 39 274 239 92 366 856 528 278 141 0 2 0 0 0 0 0 0 0 0 0 3 0 0 0 0 2 0 0 2 0 8 0 0 66 2 0 0 0 0 3 0 0 0 0 0 0 0 0 0 0 0 0 0 0 0 0 3 0 0 5 0 0 2 0 0 0 39 0 0 17 31 5 1 0 10 0 60 8 8 0 0 0 0 9 37 3 0 58 0 0 1 0 0 0 0 0 0 0 0 0 0 0 0 0 0 0 0 0 0 0 1 0 0 0 0 0 0 0 0 0 0 0 0 0 0 31 0 0 0 0 17 0 0 0 0 0 0 0 0 0 0 0 0 0 0 0 0 0 0 30 62 8 0 0 0 32 0 31 18 0 0 28 35 0 19 0 27 11 6 0 0 0 0 0 0 0 0 0 0 0 0 0 16 0 0 0 0 0 0 0 0 0 0 0 0 0 0 0 0 0 0 0 0 0 0 0 0 0 0 0 0 0 0 0 0 0 0 0 0 0 0 0 0 0 0 0 0 0 0 0 0 0 0 0 0 1 0 2 0 1 4 13 0 0 0 0 0 0 0 1 0 0 0 0 0 0 0 0 0 0 0 0 0 0 22 0 0 0 0 0 0 0 0 0 0 0 0 0 0 
 96 0 233 73 78 149 117 265 321 33 66 30 49 54 418 264 45 220 272 47 0 2 73 2 0 0 7 0 0 0 0 3 14 0 0 0 2 0 0 76 0 0 0 32 3 1 30 0 0 0 3 0 0 1 0 0 0 0 0 0 0 0 0 0 51 0 0 3 0 0 50 0 0 2 0 0 0 1 0 0 6 0 12 38 45 0 12 12 17 35 30 11 0 20 19 51 11 66 0 0 0 1 0 2 0 0 11 0 0 0 0 0 15 11 1 0 0 0 22 25 0 14 0 0 0 0 0 0 6 0 0 0 0 0 0 0 0 0 0 0 0 0 3 0 0 0 0 6 0 0 0 4 2 0 0 0 0 0 0 0 10 0 40 17 10 16 0 0 11 36 12 68 0 25 29 47 2 19 1 12 0 0 0 0 0 0 0 0 0 0 0 0 7 0 0 0 0 0 0 18 0 0 0 0 0 0 0 0 1 0 0 0 0 0 0 0 0 0 0 0 0 0 0 0 0 0 0 0 0 0 0 0 0 0 0 0 0 0 0 1 0 0 0 0 0 0 1 1 1 3 0 11 0 0 0 0 0 0 0 0 0 0 1 0 0 0 0 0 0 0 0 0 0 0 0 28 28 0 0 0 0 0 0 0 0 0 0 0 0 0 
 302 233 0 759 196 27 69 160 162 422 96 269 66 564 150 70 565 173 29 62 0 4 1 0 0 0 1 4 0 0 0 3 0 0 0 2 11 0 0 154 0 0 0 5 69 0 1 0 0 0 4 0 0 1 0 0 0 0 0 63 0 0 0 0 0 0 0 0 0 0 54 0 0 2 0 0 0 0 0 0 20 12 50 18 22 0 0 0 12 45 0 34 0 14 15 12 29 28 0 11 0 0 0 0 0 0 41 0 0 0 0 0 3 0 0 0 0 0 0 0 0 15 0 0 0 0 0 0 14 0 18 0 0 0 0 0 0 0 0 0 1 0 5 0 0 0 0 5 0 0 0 6 0 0 0 0 0 0 2 0 0 0 37 25 29 34 14 12 19 19 61 29 15 0 0 46 25 23 0 0 0 0 1 0 0 0 0 0 0 0 0 0 21 1 0 0 1 0 10 0 0 0 0 0 0 0 0 0 0 0 0 0 0 0 0 0 0 0 0 0 0 0 0 0 0 0 0 0 0 0 0 0 0 0 0 0 0 0 0 0 0 0 0 0 0 0 1 0 1 96 0 12 0 0 0 0 0 0 0 0 0 0 10 0 0 0 0 0 0 0 0 0 0 0 0 0 0 0 0 0 0 0 0 0 0 0 0 0 0 0 
 340 73 759 0 236 142 88 107 174 427 382 466 73 516 168 151 136 174 105 98 0 78 0 0 1 0 12 2 0 0 0 3 0 1 0 2 2 2 19 3 63 0 0 0 3 0 0 0 0 0 3 0 0 1 0 0 0 0 0 1 0 0 0 0 0 0 0 0 0 0 1 0 0 2 4 0 0 0 0 0 16 11 37 11 20 54 0 0 12 7 0 53 0 45 14 10 24 25 0 14 0 0 15 0 0 0 0 15 10 0 0 0 1 0 2 0 14 0 8 22 0 0 0 0 2 0 0 9 13 0 0 0 0 0 0 0 0 0 1 0 0 0 0 0 0 0 0 0 0 0 0 0 0 0 0 0 0 0 0 0 23 4 0 0 30 12 14 6 13 0 21 15 16 9 0 18 50 17 1 17 8 0 0 0 0 0 0 0 0 0 2 0 46 0 21 0 0 0 39 0 0 0 10 0 0 0 0 0 0 0 0 0 0 9 2 0 2 0 0 1 0 0 0 0 0 0 1 0 0 0 0 0 0 0 0 2 0 0 0 0 0 16 0 0 0 4 2 0 0 89 0 16 0 0 0 0 0 0 0 0 0 0 0 0 0 0 0 0 0 0 0 0 0 0 0 10 0 0 0 0 0 0 0 0 0 0 0 0 0 0 
 261 78 196 236 0 37 58 289 377 193 78 530 174 292 191 76 137 295 80 319 0 26 0 0 0 0 75 0 74 0 0 82 29 0 0 0 2 0 61 59 0 0 0 2 3 0 3 0 0 2 3 2 0 0 0 0 0 0 0 32 0 0 0 0 0 34 0 3 0 0 1 0 0 2 0 0 0 0 0 0 14 10 10 17 24 0 0 0 0 31 0 15 0 13 14 34 24 29 0 11 0 0 0 0 0 0 12 0 0 28 0 0 0 0 9 0 11 0 12 23 0 0 0 0 0 0 0 0 14 1 0 0 0 0 0 1 0 0 0 0 6 0 0 6 0 0 0 0 0 2 0 0 0 2 0 0 0 1 0 0 0 7 19 22 29 32 13 6 0 0 27 20 14 0 0 0 29 13 19 9 18 0 21 0 14 0 10 14 0 0 0 0 13 28 0 16 0 0 14 19 0 0 0 0 0 0 0 0 0 0 0 0 0 0 0 0 0 0 0 0 0 0 0 0 0 0 0 0 0 0 0 0 0 0 0 0 0 1 0 0 0 0 0 0 0 3 88 0 4 99 2 5 0 0 1 0 0 0 0 0 0 0 2 0 0 0 0 0 0 0 0 0 0 0 0 0 9 0 0 0 0 2 0 0 0 0 0 0 0 0 
 253 149 27 142 37 0 38 91 228 127 368 462 38 264 189 51 510 430 265 150 151 4 8 4 2 11 100 150 5 1 0 6 102 4 0 19 11 13 151 75 61 7 0 0 2 0 4 1 3 3 5 4 0 6 2 6 0 0 0 1 0 0 3 0 3 3 6 12 2 0 4 0 0 5 0 0 2 0 0 1 14 0 18 21 14 36 0 0 15 1 21 0 0 1 2 12 11 15 0 0 3 29 1 0 0 0 25 24 34 1 0 0 36 31 2 0 31 0 43 25 0 0 0 0 0 0 0 0 0 0 0 0 0 0 0 2 0 0 0 0 1 0 3 0 0 0 0 0 0 1 0 4 0 0 0 0 0 0 0 0 0 1 0 26 16 0 0 0 0 0 10 10 0 0 12 0 0 37 0 10 24 13 0 0 0 0 15 20 0 0 0 2 41 26 0 2 14 0 29 1 0 0 3 0 0 0 0 0 0 0 0 0 0 0 0 0 0 0 0 0 0 0 0 0 0 0 0 0 0 0 0 0 12 0 0 0 0 0 0 11 0 0 0 0 0 11 91 0 87 170 2 17 0 0 0 0 0 0 0 0 0 0 0 0 0 0 3 0 0 0 0 0 0 2 0 0 2 0 0 0 0 0 0 0 0 0 0 0 0 0 
 463 117 69 88 58 38 0 179 57 32 109 37 108 46 134 132 128 256 169 42 1 2 0 2 5 0 0 3 0 0 0 3 0 0 0 0 2 0 0 2 0 6 0 0 3 0 0 0 0 0 6 0 0 0 0 0 1 0 0 0 0 0 0 0 0 0 0 3 0 0 0 0 0 4 2 0 0 0 0 1 12 17 13 5 0 0 0 15 24 7 12 0 1 1 23 15 9 0 58 21 0 0 0 0 0 0 0 11 0 0 0 0 0 0 0 0 0 0 0 0 0 0 0 0 0 0 0 0 0 0 0 0 0 0 0 0 10 0 0 0 0 0 0 0 0 0 0 0 0 0 0 0 0 0 0 0 0 0 0 0 66 57 7 10 0 0 22 0 30 19 4 14 47 42 0 0 0 0 10 8 0 0 0 0 0 0 0 0 0 0 0 0 0 0 0 0 0 0 0 0 10 0 0 0 0 0 0 0 0 0 0 0 0 0 0 0 0 0 0 0 0 0 0 8 0 0 0 0 0 0 0 0 0 0 0 0 0 0 0 0 0 0 0 0 0 0 0 0 4 2 23 9 10 0 0 0 0 0 0 0 0 0 0 0 0 0 0 0 0 0 0 0 0 0 0 9 0 0 0 0 0 0 0 0 0 0 0 0 0 0 
 234 265 160 107 289 91 179 0 289 141 132 223 199 109 152 56 49 150 87 87 0 2 0 4 75 0 2 0 0 0 0 6 0 0 3 0 2 3 0 77 3 0 0 12 3 0 0 0 0 0 3 0 0 0 0 77 0 2 3 66 0 0 0 0 1 0 0 1 1 0 5 1 0 2 0 0 0 0 1 0 21 61 9 21 0 0 10 0 10 9 2 12 2 19 0 31 9 17 13 0 1 0 0 0 0 0 0 0 0 0 0 0 1 0 0 0 0 0 0 0 2 0 0 0 0 0 0 0 0 0 0 0 0 0 0 0 0 0 0 0 0 0 12 0 0 0 0 0 0 0 0 0 0 0 0 0 0 0 0 0 0 17 0 0 29 31 19 12 7 0 40 12 33 10 15 14 14 39 9 0 0 0 0 0 1 0 0 0 2 0 0 0 13 1 0 0 0 0 3 0 0 0 0 0 0 0 15 53 0 0 0 0 0 42 0 0 0 0 0 0 0 0 0 0 0 0 0 0 0 0 0 0 0 0 0 0 0 0 0 0 0 0 0 0 0 2 1 0 0 88 23 7 0 0 0 0 0 0 0 0 0 0 11 0 0 0 0 0 0 0 0 0 0 0 0 0 0 0 0 0 0 0 0 0 0 0 0 0 0 0 
 53 321 162 174 377 228 57 289 0 562 137 128 252 190 133 165 206 69 94 155 0 2 0 2 2 0 234 2 0 0 0 3 72 0 0 0 2 0 2 20 0 1 0 0 3 0 0 0 0 0 3 0 0 1 0 0 0 0 0 0 2 0 0 0 0 0 0 1 0 0 0 0 0 2 0 0 0 0 0 0 20 1 14 22 16 10 0 1 20 0 1 8 0 0 0 3 25 18 0 0 25 0 0 0 0 0 17 0 1 0 0 0 49 26 14 0 0 0 11 19 0 0 0 0 0 0 0 0 0 0 0 0 0 0 0 0 0 13 22 0 0 0 5 0 0 0 0 2 0 0 0 3 0 0 0 0 0 0 1 0 0 14 16 39 8 11 14 9 0 16 14 49 0 0 40 0 1 7 7 0 0 0 0 0 0 0 22 0 0 0 0 0 8 7 0 0 34 0 47 23 0 0 0 0 0 0 0 0 0 0 0 0 0 0 0 0 0 0 1 0 0 0 16 0 0 0 0 0 0 0 0 0 0 0 0 0 0 0 1 0 0 0 0 0 0 1 0 1 3 1 0 3 0 0 0 0 1 0 0 0 0 0 0 0 0 0 0 0 0 0 0 0 0 0 0 10 36 0 0 0 0 0 0 0 0 0 0 0 0 0 
 19 33 422 427 193 127 32 141 562 0 181 25 49 380 106 127 268 27 96 93 74 2 74 0 1 0 133 0 0 0 0 3 1 0 0 0 4 0 0 75 0 0 0 0 3 0 3 0 0 0 3 0 0 0 0 2 3 0 0 0 0 0 3 0 0 29 0 3 0 0 2 0 0 2 0 8 5 3 3 5 1 5 26 9 10 5 0 0 2 0 0 17 0 39 11 0 0 14 0 34 4 15 10 0 0 0 14 0 9 0 0 0 9 21 16 0 0 0 9 0 0 0 0 0 0 0 0 0 11 0 0 0 0 0 0 0 0 0 0 0 4 0 2 0 0 0 0 0 0 0 0 6 0 0 0 0 0 0 2 10 31 0 0 16 0 0 0 0 14 0 20 25 0 0 0 10 9 1 0 0 9 4 0 0 0 0 4 0 0 0 0 0 10 0 0 0 11 0 7 10 0 0 0 0 0 0 0 0 0 0 0 0 0 0 7 0 0 0 0 0 12 0 0 0 0 0 0 0 0 0 0 0 0 2 0 0 0 0 0 0 0 0 0 0 0 4 0 0 0 0 1 5 0 0 1 0 0 0 0 0 0 0 0 0 0 0 0 0 0 0 0 0 0 0 1 18 0 0 0 0 0 1 0 0 0 0 0 0 0 0 
 251 66 96 382 78 368 109 132 137 181 0 71 39 134 404 163 404 65 361 48 24 2 0 0 0 0 88 0 0 0 2 4 64 1 0 0 2 0 16 7 0 0 0 0 5 0 0 0 0 2 3 0 0 0 0 0 0 0 0 0 0 0 4 0 6 0 0 3 0 0 0 0 0 2 0 0 0 0 0 0 0 15 23 15 22 7 0 18 10 0 25 13 0 29 15 14 3 10 0 0 4 9 8 0 0 0 1 7 20 0 0 0 31 30 2 0 31 0 21 34 0 0 0 21 0 0 0 0 0 0 0 0 0 0 0 0 0 0 0 0 6 0 2 0 0 0 0 0 0 0 0 0 0 0 0 0 0 0 0 0 0 0 0 34 18 15 0 0 18 0 1 8 26 12 14 0 11 2 0 9 15 9 0 0 0 0 4 1 0 0 0 0 13 0 0 0 19 0 28 10 0 0 0 0 0 0 0 0 0 0 0 0 0 0 0 0 0 0 0 0 0 0 0 0 0 0 0 0 0 0 0 0 0 0 0 0 0 0 4 0 0 0 0 0 0 0 0 1 2 1 0 4 0 0 0 0 0 0 0 0 0 0 0 0 0 0 0 0 0 0 0 0 0 0 0 15 10 0 0 0 0 0 0 0 0 0 0 0 0 0 
 39 30 269 466 530 462 37 223 128 25 71 0 41 399 266 252 192 191 32 328 0 2 0 0 0 0 102 0 0 0 0 3 1 0 0 0 2 0 2 76 70 0 0 0 3 0 0 0 0 0 5 0 0 72 0 0 0 0 0 63 0 0 0 0 0 0 0 2 0 0 1 0 0 2 0 0 0 0 0 0 9 1 10 12 11 1 0 2 13 21 11 17 0 27 1 16 19 0 0 0 0 0 1 0 0 0 9 0 0 18 0 0 2 0 0 0 14 0 10 41 0 8 0 0 0 0 0 0 0 0 8 0 0 0 0 0 0 0 0 0 0 0 0 0 0 0 0 3 0 0 0 0 0 0 0 0 0 0 2 0 0 10 29 14 26 19 0 2 20 1 27 0 1 0 14 3 10 22 0 32 1 0 1 0 10 0 0 0 0 0 0 0 41 9 0 0 20 0 11 0 0 0 0 0 0 0 0 0 0 0 0 0 0 0 0 0 0 0 0 0 0 0 0 0 0 0 0 0 0 0 0 0 0 0 0 0 0 0 1 0 0 0 0 0 0 4 96 0 6 4 2 9 0 0 2 0 0 0 0 0 2 0 16 0 0 0 0 0 0 0 0 0 0 0 0 0 0 23 0 0 0 0 0 0 0 0 0 0 0 0 
 274 49 66 73 174 38 108 199 252 49 39 41 0 109 65 346 355 32 425 95 0 2 0 0 0 2 0 6 2 0 0 3 2 0 1 0 2 41 1 4 0 1 0 0 9 2 6 0 0 0 66 0 0 0 0 0 0 0 0 0 0 4 0 0 0 0 6 2 0 0 0 0 0 5 0 0 0 0 6 0 17 10 47 0 0 0 0 0 0 16 11 0 28 1 0 7 9 5 24 0 0 0 0 0 0 0 0 0 0 0 0 0 1 0 0 0 0 0 0 0 8 0 3 1 0 0 0 0 0 0 0 0 0 0 0 0 0 0 0 0 0 0 0 0 0 0 0 1 0 0 0 0 0 21 0 0 0 0 0 0 24 1 1 0 0 0 38 10 1 1 0 0 0 2 11 0 0 10 9 0 0 0 2 0 0 0 0 0 0 0 0 0 0 0 0 0 0 0 0 0 0 0 0 0 0 0 0 0 0 0 0 0 0 0 0 0 0 0 2 0 0 0 18 0 0 0 0 7 18 0 0 0 0 0 0 0 0 0 2 0 0 0 0 0 0 0 2 0 1 0 0 13 0 0 0 0 0 0 0 0 1 0 0 0 0 0 0 0 0 0 0 0 0 0 0 10 0 0 0 0 0 0 0 0 0 0 0 0 0 0 
 239 54 564 516 292 264 46 109 190 380 134 399 109 0 238 99 138 13 122 97 0 2 0 0 0 1 0 0 0 0 0 209 0 1 0 0 2 0 0 2 0 1 2 0 3 0 0 0 0 0 3 0 0 62 0 0 0 0 0 0 0 0 0 0 0 29 0 3 0 0 52 0 0 2 0 0 0 0 0 0 17 12 0 14 20 0 14 45 0 13 0 2 0 52 0 0 0 19 0 1 62 0 0 32 0 0 0 0 0 1 0 0 0 0 0 0 0 0 0 0 0 13 0 0 0 17 0 0 0 0 0 2 0 0 0 2 0 0 0 0 0 0 0 0 0 0 0 2 0 0 0 0 0 1 0 0 0 0 0 0 9 23 14 1 0 0 15 0 34 31 0 0 0 1 13 23 2 29 9 10 0 0 0 0 0 0 0 0 0 0 0 0 0 0 0 1 0 0 0 0 0 0 0 0 0 0 0 0 0 0 0 0 0 0 0 0 0 0 0 0 0 0 2 0 0 0 0 0 0 0 0 0 0 0 0 0 0 0 0 0 0 0 0 0 0 2 88 2 0 2 2 10 0 0 0 0 0 0 0 0 0 0 0 0 0 0 0 0 0 0 0 0 0 0 0 0 0 14 0 0 0 0 0 0 0 0 0 0 0 0 
 92 418 150 168 191 189 134 152 133 106 404 266 65 238 0 438 369 53 276 94 0 16 2 0 5 0 0 0 0 0 74 3 0 4 0 0 3 0 0 2 0 63 0 7 3 0 0 0 0 0 3 0 0 1 0 0 0 2 0 0 52 0 2 0 0 0 0 0 0 0 29 1 0 2 0 0 0 0 0 0 0 1 20 38 33 0 1 16 2 29 0 26 0 4 9 28 27 20 15 0 0 0 0 0 0 0 0 0 0 0 0 0 0 0 2 0 0 0 0 0 0 14 0 0 0 0 0 0 0 0 0 0 0 2 0 0 0 0 0 0 0 0 3 0 0 2 0 10 0 0 0 6 0 0 0 0 0 0 0 0 0 16 17 0 14 14 1 1 0 31 0 0 46 17 1 31 0 7 16 7 0 0 0 0 0 0 0 0 0 0 2 0 1 0 0 0 0 0 0 14 0 16 0 0 0 0 0 0 0 0 0 0 0 0 2 0 2 0 8 1 0 0 0 0 0 0 0 0 0 0 0 0 12 0 0 2 0 0 13 0 0 0 0 0 0 0 1 0 3 1 13 5 0 0 0 0 0 0 0 2 0 0 0 0 0 0 0 0 0 0 0 0 0 0 0 0 20 0 0 0 0 0 0 0 0 0 0 0 0 0 
 366 264 70 151 76 51 132 56 165 127 163 252 346 99 438 0 180 209 145 98 0 2 0 0 0 0 0 0 2 0 0 3 0 0 0 0 2 0 0 3 0 0 0 4 3 0 0 0 0 0 3 0 0 0 0 0 0 0 0 0 0 0 0 0 0 0 0 1 0 0 6 45 0 2 0 0 0 0 0 0 13 20 36 44 24 12 10 15 2 12 12 26 0 24 28 26 26 25 26 0 0 0 0 0 0 0 0 0 1 0 0 0 18 0 2 9 0 0 14 0 0 0 0 0 0 0 0 0 1 0 0 0 0 2 0 0 0 0 0 0 0 0 0 0 0 2 0 0 0 0 0 0 0 0 0 0 0 0 0 0 20 19 6 0 26 16 14 8 26 14 0 0 25 47 23 47 96 21 2 15 0 0 0 0 0 0 0 0 0 0 2 0 0 0 0 0 0 0 6 11 0 0 0 13 12 0 0 0 0 0 0 0 0 0 0 0 2 0 0 0 0 0 0 0 0 0 1 0 0 0 0 0 0 0 0 2 0 0 0 0 0 0 0 0 0 0 6 0 3 2 0 15 10 0 0 0 0 0 0 0 0 0 0 0 0 0 0 0 0 0 0 0 0 0 0 2 67 0 0 0 0 0 0 0 0 0 0 0 0 0 
 856 45 565 136 137 510 128 49 206 268 404 192 355 138 369 180 0 228 250 58 0 2 0 0 1 0 0 78 0 0 0 3 2 0 0 86 2 1 76 2 0 0 0 0 3 0 0 0 0 0 3 0 0 0 0 0 0 0 0 0 0 0 0 0 0 0 0 1 0 0 9 0 0 2 0 0 0 0 0 0 0 37 30 1 21 4 0 10 41 24 24 15 0 13 21 9 41 0 52 13 0 17 0 0 0 0 12 0 0 0 0 0 18 0 0 0 0 0 21 0 0 0 0 0 0 0 0 0 0 0 0 0 0 0 0 0 0 0 15 0 0 0 0 0 0 0 0 0 0 0 0 0 0 0 0 0 0 0 2 0 24 51 50 22 0 34 18 23 26 33 13 8 29 35 17 7 38 28 0 0 0 0 0 0 0 0 0 0 0 0 0 0 4 9 0 0 0 0 11 0 0 0 0 0 0 0 6 0 0 0 0 0 0 0 0 0 0 0 0 0 0 0 0 0 9 2 0 0 0 0 0 0 0 0 0 0 0 0 1 0 0 0 0 0 0 2 0 2 1 91 1 20 15 0 0 0 0 0 0 0 0 0 0 0 0 0 0 0 0 0 0 0 0 0 0 13 1 0 0 0 0 0 0 0 0 0 0 0 0 0 
 528 220 173 174 295 430 256 150 69 27 65 191 32 13 53 209 228 0 299 121 0 2 0 0 0 81 38 0 0 0 0 7 0 2 0 0 2 3 1 82 0 0 0 8 2 2 0 4 0 0 3 0 0 1 57 3 0 0 0 87 0 0 0 0 0 0 3 3 0 0 3 0 0 2 0 0 0 0 2 2 16 0 33 48 77 0 0 11 8 9 10 0 0 21 0 47 44 9 0 0 0 6 0 0 0 0 11 0 1 0 0 0 16 1 0 0 0 0 11 28 0 0 0 0 0 0 0 0 0 0 0 0 0 0 0 0 0 0 0 0 0 0 0 0 0 0 0 0 0 0 0 0 0 0 0 0 0 0 0 0 9 0 0 2 52 47 0 0 1 0 34 10 0 9 19 21 12 32 0 8 1 0 0 0 0 0 0 0 0 0 0 0 15 17 6 0 9 0 73 16 0 0 0 0 0 0 0 0 0 0 0 0 0 0 0 0 0 0 0 0 0 0 0 0 0 0 0 0 0 0 0 0 0 0 0 0 0 0 0 0 0 0 0 0 0 0 1 0 3 44 0 3 30 0 0 1 0 0 0 0 0 6 11 0 0 0 0 0 0 0 0 0 0 1 35 9 16 0 0 0 0 0 0 0 0 0 0 0 0 0 
 278 272 29 105 80 265 169 87 94 96 361 32 425 122 276 145 250 299 0 232 0 2 0 0 0 0 0 0 0 0 0 3 0 0 0 0 2 0 0 76 0 0 0 0 3 18 0 0 0 2 4 0 0 1 0 0 0 0 0 0 0 38 0 0 0 0 0 2 0 0 4 2 0 2 0 0 0 2 0 0 18 16 11 0 0 14 15 21 26 8 11 13 17 26 26 5 27 0 24 11 0 0 0 0 0 0 0 0 0 0 0 0 0 0 0 0 0 0 0 0 0 0 0 4 0 0 0 0 0 2 0 0 0 0 0 0 0 0 23 0 0 0 0 0 0 1 0 0 0 0 0 0 1 0 0 0 0 0 0 0 10 40 26 40 0 19 25 27 20 15 6 0 33 24 22 15 35 2 0 10 0 0 20 0 0 1 0 0 0 0 0 0 1 0 0 10 0 0 0 0 0 0 0 0 0 0 0 0 2 0 0 0 0 0 0 0 0 0 0 0 0 0 0 0 0 0 0 0 0 0 0 0 0 0 0 0 0 0 0 2 0 0 0 0 0 2 1 0 4 1 0 17 13 0 0 0 0 0 0 0 0 0 0 0 0 0 0 0 0 0 0 0 0 0 0 14 0 0 0 0 0 0 0 0 0 0 0 0 0 0 
 141 47 62 98 319 150 42 87 155 93 48 328 95 97 94 98 58 121 232 0 2 2 3 1 0 3 0 0 2 0 0 3 6 4 0 2 3 3 0 2 0 5 0 0 3 2 2 0 0 1 4 2 0 3 0 0 0 0 2 0 0 0 0 0 0 0 3 3 0 0 4 0 0 4 0 0 31 3 2 0 53 8 0 22 2 0 13 18 52 0 1 10 14 5 42 0 9 0 0 15 0 0 0 0 0 0 0 0 0 0 0 0 1 0 0 0 2 0 0 0 0 0 0 0 0 0 0 0 0 0 0 0 2 0 0 0 0 0 0 0 0 0 0 0 0 0 0 1 0 0 4 0 3 0 0 0 0 0 0 0 0 1 2 8 16 31 83 15 0 2 17 2 23 5 0 0 14 31 9 0 0 0 8 0 0 0 0 0 0 0 0 0 11 0 0 0 0 0 2 0 0 0 0 0 0 0 0 0 0 2 0 0 0 2 0 2 0 0 0 0 0 0 0 0 0 0 0 0 26 0 0 0 0 0 0 0 0 0 0 0 0 0 0 0 0 0 0 1 2 87 1 18 0 0 0 0 0 0 0 0 0 0 0 0 0 0 0 0 0 0 0 0 0 0 0 0 0 0 0 0 0 0 0 0 0 0 0 0 0 0 
 0 0 0 0 0 151 1 0 0 74 24 0 0 0 0 0 0 0 0 2 0 158 395 46 120 33 180 208 106 125 64 126 135 215 114 117 33 123 85 50 3 2 0 0 0 0 2 3 2 0 3 2 0 0 0 0 0 0 0 1 0 0 2 0 0 0 0 0 0 0 0 2 0 0 0 0 0 0 0 2 0 0 0 6 0 11 0 8 0 0 0 1 0 0 0 0 0 0 0 0 37 9 0 17 11 17 10 10 28 0 21 2 31 24 0 11 10 22 14 26 0 0 0 0 0 0 0 0 0 0 0 0 0 0 0 0 0 0 1 0 4 0 0 0 0 0 0 0 0 0 0 0 0 0 0 0 0 0 0 0 0 0 0 0 24 11 2 0 0 0 0 0 0 0 0 0 0 0 0 4 13 0 38 10 9 0 18 20 29 0 22 9 18 32 28 46 19 22 7 25 0 0 0 0 0 0 2 0 0 0 0 0 0 0 0 0 0 0 0 0 0 0 0 0 0 0 0 0 0 0 0 0 0 0 0 0 0 0 0 0 0 0 8 0 0 0 0 0 0 0 0 0 0 0 4 2 0 77 0 2 1 0 12 0 0 0 12 0 0 0 0 0 0 0 0 0 10 0 0 0 0 7 0 0 0 0 0 0 0 0 
 2 2 4 78 26 4 2 2 2 2 2 2 2 2 16 2 2 2 2 2 158 0 319 133 131 120 271 127 138 29 332 397 212 83 186 72 169 115 235 105 3 66 0 0 0 0 2 2 2 0 3 0 0 0 0 0 0 0 0 2 0 0 3 0 0 0 0 0 1 0 0 3 0 0 0 0 1 1 0 3 0 0 0 0 1 43 0 0 0 0 0 8 0 0 0 0 0 17 0 1 12 30 28 0 62 0 0 34 11 0 11 28 12 28 27 43 66 20 0 11 43 0 0 0 0 0 0 0 0 0 0 0 18 0 0 0 0 0 12 0 6 0 0 0 14 0 0 0 0 0 0 0 0 2 0 0 2 1 0 0 0 0 0 0 9 21 6 0 0 7 0 0 0 0 0 2 0 0 0 0 41 15 64 18 0 0 1 20 26 19 6 16 0 8 34 18 18 36 8 13 0 0 11 0 0 0 0 1 0 0 0 0 12 14 2 0 0 0 45 0 0 0 0 0 0 0 0 0 0 0 0 0 0 0 0 0 0 0 0 0 0 12 0 0 0 0 0 0 0 0 0 0 0 0 1 0 0 1 0 0 0 0 0 0 0 0 0 0 0 0 0 0 0 0 0 0 0 0 0 0 0 1 0 0 0 0 0 0 0 16 
 0 73 1 0 0 8 0 0 0 74 0 0 0 0 2 0 0 0 0 3 395 319 0 86 269 99 66 107 225 195 73 287 80 494 189 61 64 132 113 55 68 2 2 0 0 1 2 3 2 0 3 0 0 0 0 0 0 0 0 21 0 0 3 0 0 0 0 0 4 1 1 2 0 0 0 0 1 2 0 6 0 0 0 0 2 0 0 0 0 0 1 12 0 0 0 0 0 0 0 2 15 13 20 8 14 1 15 13 6 0 1 15 6 23 22 12 2 30 1 12 0 0 0 0 4 0 0 0 0 0 0 0 0 11 0 0 0 0 0 0 0 0 0 0 0 0 0 0 0 0 0 10 0 1 0 0 1 0 0 21 0 0 0 0 0 0 1 0 0 6 0 0 0 2 0 0 0 0 0 0 15 3 18 18 11 0 9 0 0 19 2 11 1 30 26 5 1 19 12 10 0 1 9 0 0 0 0 0 1 0 0 0 1 6 70 0 9 0 0 0 0 2 0 0 0 0 0 0 0 0 0 0 0 0 0 0 0 0 0 0 0 9 3 0 0 0 0 0 0 1 0 0 0 0 1 0 0 8 0 2 4 0 0 0 0 0 0 0 0 0 0 0 0 0 0 0 0 0 0 0 0 0 0 0 0 0 0 0 0 0 
 0 2 0 0 0 4 2 4 2 0 0 0 0 0 0 0 0 0 0 1 46 133 86 0 267 269 85 143 58 246 79 219 49 85 197 57 106 148 55 59 96 67 5 3 11 0 65 71 2 0 3 8 5 63 2 0 3 0 0 3 0 3 3 0 0 0 0 0 0 0 5 2 0 0 0 0 3 0 0 3 0 0 0 0 0 0 0 0 2 0 0 0 0 0 0 0 0 0 2 0 0 8 0 16 0 30 0 11 0 2 12 8 0 0 0 19 13 39 0 1 0 0 8 0 0 0 12 23 29 14 10 0 7 17 12 12 43 0 11 20 0 0 0 0 0 0 0 0 0 0 0 0 0 0 0 0 0 0 0 0 0 0 0 0 5 1 0 0 0 0 0 0 2 0 0 0 0 0 0 0 5 23 14 83 17 11 0 50 11 15 33 12 0 15 0 7 6 7 0 0 8 22 0 0 0 0 0 17 9 0 0 0 32 19 0 0 13 0 9 11 0 0 0 0 0 0 1 0 0 0 0 0 0 0 0 0 0 0 0 0 0 0 0 0 0 0 0 0 0 0 0 0 0 0 9 0 0 77 1 0 0 0 0 0 0 0 28 0 0 0 4 0 0 0 0 0 0 0 0 11 0 0 0 0 0 0 0 0 0 0 
 0 0 0 1 0 2 5 75 2 1 0 0 0 0 5 0 1 0 0 0 120 131 269 267 0 436 95 145 66 106 90 343 91 116 186 290 88 224 54 96 3 65 0 1 0 0 26 37 2 2 3 10 76 61 0 0 1 0 26 1 0 0 3 1 0 6 2 0 2 0 2 5 0 0 0 0 2 0 0 6 0 0 0 1 0 0 0 0 2 0 0 0 0 0 0 0 0 0 2 0 0 33 9 21 51 46 0 5 0 21 1 58 0 0 14 45 37 27 0 1 13 0 8 1 0 11 21 31 30 10 17 1 15 0 18 39 5 0 6 18 0 0 0 0 0 0 0 0 0 0 0 0 0 0 0 0 0 0 0 0 0 0 0 0 5 2 0 0 0 0 0 0 2 0 0 0 0 0 0 0 3 12 31 49 16 0 7 0 14 14 34 26 0 27 0 0 19 45 0 0 17 0 1 0 0 0 25 28 1 0 0 0 16 38 1 0 0 1 31 20 0 0 15 0 0 0 1 0 0 0 0 0 0 0 0 0 0 0 0 5 0 0 0 0 0 0 0 0 0 0 0 0 0 0 15 2 3 77 76 2 0 0 0 0 0 0 14 0 0 0 10 0 0 0 0 0 0 0 0 0 0 0 0 0 0 0 0 0 0 0 
 0 0 0 0 0 11 0 0 0 0 0 0 2 1 0 0 0 81 0 3 33 120 99 269 436 0 31 214 30 49 377 271 31 349 229 315 237 69 65 127 3 3 0 84 3 1 5 2 2 0 3 30 24 0 0 3 73 63 81 36 0 2 3 0 0 0 3 0 0 0 0 2 0 0 0 0 2 2 3 3 0 0 0 0 8 0 0 0 0 0 0 0 0 0 0 0 0 0 0 0 0 21 0 33 14 15 0 12 0 23 1 65 0 0 12 57 41 11 0 0 13 0 0 0 1 16 53 16 7 12 0 0 19 12 10 14 0 2 17 0 0 0 0 0 0 0 0 14 0 0 0 0 1 0 0 0 0 2 0 0 0 0 0 0 1 0 1 0 0 0 0 0 0 0 0 0 0 0 0 0 9 12 67 31 0 0 0 10 14 28 14 12 0 11 8 2 18 17 0 0 1 7 14 0 0 0 14 33 1 0 0 0 26 0 0 0 0 14 17 48 0 0 0 0 0 2 0 0 0 0 0 0 0 0 2 2 0 13 0 2 0 0 0 0 0 1 0 2 0 0 0 0 0 0 12 2 7 75 74 4 18 1 0 0 2 0 14 0 0 0 17 0 0 0 0 0 0 0 0 0 0 0 0 0 0 0 0 0 0 0 
 0 7 1 12 75 100 0 2 234 133 88 102 0 0 0 0 0 38 0 0 180 271 66 85 95 31 0 155 61 46 33 29 215 65 39 28 32 35 119 237 70 2 0 0 0 0 2 2 8 0 3 0 0 0 0 3 0 2 3 72 0 0 3 0 0 0 1 0 0 0 0 3 0 0 0 0 2 0 0 3 0 1 0 14 0 17 0 0 0 7 9 1 0 0 0 1 9 2 0 0 8 25 8 0 0 0 22 19 7 0 0 0 7 18 8 19 13 0 19 43 0 0 0 0 0 2 0 0 0 1 0 3 0 0 0 0 0 0 0 0 1 0 5 0 0 1 0 0 0 0 0 4 0 0 0 0 0 0 0 0 0 0 4 37 3 9 0 0 0 1 43 20 0 0 0 0 0 0 0 19 11 19 0 0 1 0 8 0 0 1 0 0 28 10 1 0 51 0 32 6 0 0 0 0 0 0 0 0 0 0 0 0 0 0 0 0 0 0 0 0 0 0 4 0 0 0 1 0 0 0 0 0 0 0 0 0 0 0 0 0 0 0 0 0 0 0 60 0 1 74 0 2 0 0 13 0 2 0 0 4 0 0 48 0 0 0 12 0 0 0 0 0 0 0 0 20 1 0 0 0 0 0 0 0 0 0 0 0 0 0 
 0 0 4 2 0 150 3 0 2 0 0 0 6 0 0 0 78 0 0 0 208 127 107 143 145 214 155 0 295 30 88 142 381 349 63 518 324 213 96 143 3 2 0 0 0 0 2 3 2 0 19 0 0 0 0 0 0 0 5 2 0 0 2 0 0 0 0 0 0 0 0 3 0 0 0 0 0 0 0 2 0 0 0 0 0 0 0 0 2 0 6 0 0 0 0 0 0 0 0 0 49 48 25 26 4 14 45 30 1 11 1 26 34 0 0 34 0 28 3 1 0 0 0 0 0 0 0 0 0 0 0 0 0 0 0 0 1 0 31 1 0 1 0 0 0 0 0 0 0 0 0 0 0 4 7 0 5 19 0 0 0 0 0 0 0 0 0 0 0 0 0 0 0 0 0 0 0 0 0 0 0 45 36 11 10 32 33 1 23 48 15 0 15 16 35 19 13 11 17 12 0 0 19 2 2 0 0 0 0 0 0 0 0 0 0 0 0 0 2 3 0 0 0 0 0 0 0 0 0 0 0 0 0 10 0 0 0 0 0 0 0 0 0 0 0 0 0 0 0 31 0 0 0 0 2 0 0 45 18 2 2 2 0 0 0 0 10 0 0 0 0 0 0 0 0 0 10 0 0 0 0 2 0 0 0 0 0 0 0 0 
 0 0 0 0 74 5 0 0 0 0 0 0 2 0 0 2 0 0 0 2 106 138 225 58 66 30 61 295 0 57 136 43 305 222 183 296 48 332 266 181 4 2 0 0 3 1 5 2 2 0 3 0 0 0 3 0 0 0 0 2 0 2 3 0 0 0 3 0 0 2 0 2 0 0 0 0 1 0 3 3 0 0 0 0 0 19 0 2 0 0 0 0 0 0 0 0 0 0 0 0 70 12 24 7 13 1 0 13 8 0 0 50 12 9 22 38 0 0 9 14 0 0 0 0 0 0 0 1 0 0 0 0 0 0 0 0 0 0 0 0 2 0 0 2 0 12 0 2 0 0 0 0 0 0 0 0 5 5 0 0 0 0 1 0 0 0 0 0 0 0 0 1 0 0 0 0 0 0 0 0 43 13 48 0 7 0 46 43 15 17 7 7 7 4 12 22 33 17 0 33 0 0 0 0 0 0 0 0 0 0 0 0 1 0 0 0 0 0 0 0 0 0 0 0 0 0 0 0 0 0 0 0 0 0 0 0 0 0 0 0 0 0 12 0 0 0 0 0 0 0 0 0 0 0 4 0 0 0 0 2 0 2 0 0 0 0 0 0 0 0 0 0 0 0 0 0 0 2 0 0 0 8 0 0 0 0 0 0 0 0 
 0 0 0 0 0 1 0 0 0 0 0 0 0 0 0 0 0 0 0 0 125 29 195 246 106 49 46 30 57 0 445 136 50 171 332 307 424 213 147 102 47 2 0 0 0 0 86 66 2 3 3 40 9 30 0 0 0 0 1 81 0 0 3 0 0 0 0 0 0 0 1 3 0 0 0 0 2 0 0 3 0 0 0 0 0 0 0 0 0 0 0 0 0 0 0 0 0 0 0 0 0 9 0 21 26 44 24 0 0 52 23 0 0 0 10 0 13 0 0 0 10 0 0 0 0 0 58 0 0 0 0 0 0 21 0 8 18 0 25 0 0 0 0 0 0 0 0 0 0 0 1 0 0 0 0 0 0 2 0 0 0 0 0 0 1 0 0 0 0 0 0 0 0 0 0 0 0 0 0 4 0 0 12 3 26 1 0 0 0 1 13 22 0 12 12 13 0 0 0 0 10 29 0 0 0 0 43 11 9 0 0 0 32 0 22 0 3 0 24 0 0 0 0 0 0 2 0 0 0 0 0 0 0 0 2 0 0 0 0 0 0 0 0 0 0 2 0 0 0 0 0 0 0 0 6 2 2 81 77 0 14 0 0 0 0 0 0 0 0 0 0 0 0 0 0 0 0 0 0 1 0 0 0 0 0 11 0 0 0 0 
 0 0 0 0 0 0 0 0 0 0 2 0 0 0 74 0 0 0 0 0 64 332 73 79 90 377 33 88 136 445 0 367 52 236 390 428 163 379 70 80 66 3 0 0 0 0 64 2 2 0 10 61 1 126 0 0 0 0 1 167 0 0 51 0 0 0 0 0 0 41 0 3 0 0 0 0 4 0 0 3 0 9 0 0 0 0 0 0 0 0 0 14 0 0 0 0 0 0 0 0 12 0 7 27 25 20 1 11 0 41 24 0 0 0 17 10 14 2 0 1 5 10 0 0 0 0 25 20 0 0 1 0 0 18 0 0 0 0 0 29 0 0 0 0 0 0 0 0 0 0 0 0 0 2 0 0 3 5 0 0 0 0 0 13 1 0 0 0 0 0 0 0 0 0 0 0 0 0 0 1 0 7 11 43 42 31 31 11 8 11 9 14 0 3 9 39 17 18 0 10 2 20 0 0 8 0 9 32 0 0 0 0 13 11 31 0 0 2 12 0 0 0 0 0 0 0 0 0 0 0 0 0 0 7 1 0 0 0 0 0 0 2 15 0 0 0 0 0 0 0 0 0 0 0 11 2 0 78 75 0 0 2 0 0 0 0 0 0 0 0 0 0 0 0 0 0 0 0 0 0 0 30 0 0 0 11 21 0 0 0 
 3 3 3 3 82 6 3 6 3 3 4 3 3 209 3 3 3 7 3 3 126 397 287 219 343 271 29 142 43 136 367 0 40 131 339 35 313 92 238 30 73 24 0 0 0 0 132 74 4 0 22 3 1 83 0 0 0 0 72 4 2 0 4 0 0 0 0 0 0 0 1 3 0 0 0 0 2 0 2 4 0 0 0 0 0 0 0 0 0 0 0 0 0 0 0 0 0 0 0 14 11 11 0 31 64 37 10 2 12 9 58 32 0 16 0 16 26 27 0 0 1 2 0 0 0 0 47 30 0 11 0 0 30 1 0 9 13 0 31 0 0 0 0 0 0 2 0 0 0 0 0 0 1 0 0 0 0 2 0 0 0 0 0 0 0 0 2 0 0 0 0 0 0 0 0 0 0 0 13 5 1 28 20 73 28 26 12 24 40 17 14 24 0 0 12 49 59 34 0 2 0 21 0 0 0 0 0 28 24 0 0 0 29 25 20 0 1 0 42 0 0 0 0 0 0 0 0 0 0 0 0 0 0 0 2 14 0 0 36 0 0 0 16 0 0 1 0 0 0 0 0 0 0 0 9 2 0 155 2 4 3 1 0 0 0 0 16 0 0 0 16 0 0 0 0 0 0 0 0 18 0 30 0 0 0 17 0 0 0 0 
 0 14 0 0 29 102 0 0 72 1 64 1 2 0 0 0 2 0 0 6 135 212 80 49 91 31 215 381 305 50 52 40 0 292 29 344 31 50 400 164 3 2 202 0 0 0 4 4 3 0 3 5 0 2 24 0 0 202 1 0 3 0 3 1 5 0 0 1 0 0 0 3 0 0 2 0 6 0 0 6 1 0 9 9 10 24 0 5 8 0 19 0 0 0 0 13 0 8 0 0 20 26 13 0 1 0 13 13 0 0 0 7 24 10 13 18 10 0 0 33 0 0 0 0 0 0 0 0 0 0 2 0 0 0 0 0 0 0 0 0 6 0 0 0 0 0 1 0 0 0 0 0 0 0 0 0 0 1 0 0 0 2 0 10 11 14 0 0 0 0 0 0 0 0 13 0 0 1 1 0 31 13 21 0 0 2 14 11 12 0 10 0 9 8 14 15 13 0 6 16 0 0 0 0 0 0 0 0 0 2 0 0 0 0 0 0 2 0 0 0 0 0 0 0 0 0 0 0 0 0 0 0 0 0 0 0 1 0 12 0 0 0 0 0 0 0 0 0 0 84 1 0 0 0 9 0 0 0 0 2 4 0 0 0 0 0 0 0 0 11 0 0 0 0 0 11 0 0 0 0 0 1 0 0 0 0 0 0 0 0 
 0 0 0 1 0 4 0 0 0 0 1 0 0 1 4 0 0 2 0 4 215 83 494 85 116 349 65 349 222 171 236 131 292 0 183 140 103 23 129 101 3 2 3 0 44 0 2 5 2 0 11 0 0 0 0 3 0 0 3 2 5 0 3 0 0 0 3 0 0 0 3 2 0 0 0 0 3 0 2 5 0 0 0 0 0 0 0 0 0 0 0 0 0 0 0 0 0 0 0 0 22 14 20 57 25 0 13 10 16 25 22 13 0 9 12 10 0 32 0 3 0 2 0 0 0 0 0 0 0 0 0 0 0 0 0 2 0 0 0 0 0 0 0 0 0 1 0 0 0 0 0 0 1 2 0 0 3 7 0 0 0 0 0 0 0 0 8 0 0 0 0 0 0 0 0 0 0 31 0 0 22 22 16 25 41 32 27 36 32 61 0 15 0 39 35 41 13 64 0 2 0 0 0 0 0 0 0 0 0 0 0 0 0 0 0 0 0 0 0 0 0 0 0 0 0 0 0 0 0 0 0 0 0 0 2 1 0 0 0 0 0 0 14 0 0 1 0 0 0 0 0 0 0 0 27 0 1 0 0 0 0 0 0 0 0 0 0 0 0 0 0 0 0 0 0 0 0 0 0 0 0 17 0 0 0 0 0 0 0 0 
 0 0 0 0 0 0 0 3 0 0 0 0 1 0 0 0 0 0 0 0 114 186 189 197 186 229 39 63 183 332 390 339 29 183 0 92 139 53 65 77 3 2 1 62 0 0 2 2 2 0 11 0 0 1 0 0 1 6 2 3 0 1 3 0 2 1 0 0 0 0 0 3 0 0 1 0 2 0 0 3 0 0 0 0 0 2 0 0 0 0 0 0 0 0 0 0 0 0 0 0 35 15 15 35 29 37 8 67 0 13 49 12 0 13 0 16 8 62 0 6 12 0 0 0 0 0 6 0 0 0 0 0 7 0 0 0 0 2 32 16 0 0 2 0 0 0 0 0 0 0 0 0 0 11 0 0 0 0 0 0 0 0 0 0 0 0 1 0 0 0 0 0 0 0 1 0 0 0 0 0 12 35 0 39 9 44 48 14 20 48 9 0 0 10 0 25 34 57 0 0 0 0 0 0 0 0 0 1 0 0 0 0 16 25 0 0 0 0 13 0 0 0 0 0 0 0 0 0 0 0 0 0 0 0 0 0 0 0 2 0 0 0 23 0 0 0 0 0 0 0 0 0 0 0 10 1 27 4 0 0 0 11 0 0 0 0 0 0 0 0 0 0 0 0 0 0 0 0 0 21 0 12 0 0 0 0 0 0 0 0 
 0 0 2 2 0 19 0 0 0 0 0 0 0 0 0 0 86 0 0 2 117 72 61 57 290 315 28 518 296 307 428 35 344 140 92 0 402 115 41 335 7 7 0 4 1 0 2 3 4 0 9 38 2 20 1 3 1 5 10 83 0 0 2 0 0 0 1 0 0 0 0 5 0 0 0 0 0 0 0 2 0 0 0 2 0 37 0 0 0 0 0 0 0 0 0 0 0 0 16 0 25 16 13 29 57 0 7 0 0 21 27 24 0 0 47 0 18 12 0 0 14 14 0 0 0 0 25 1 0 0 0 0 18 12 0 0 2 0 12 1 0 1 0 0 12 0 0 0 0 0 0 0 0 0 12 2 2 10 0 0 0 0 0 0 1 0 0 0 0 0 0 0 0 0 0 0 0 0 0 0 0 33 40 11 23 12 23 15 25 10 6 14 8 14 25 67 16 47 0 19 1 21 0 1 1 0 12 7 0 0 0 0 10 10 9 0 0 0 25 0 0 0 0 0 0 0 0 0 0 0 0 0 12 0 7 0 0 0 0 0 0 0 12 0 0 0 0 0 0 2 0 0 0 0 2 4 0 0 1 0 16 2 20 0 0 0 0 0 0 12 0 2 0 0 0 0 2 0 0 0 0 10 0 0 0 0 10 0 0 0 
 2 2 11 2 2 11 2 2 2 4 2 2 2 2 3 2 2 2 2 3 33 169 64 106 88 237 32 324 48 424 163 313 31 103 139 402 0 171 88 32 82 4 0 0 0 0 2 2 2 0 4 63 0 64 0 0 0 0 0 90 3 0 5 0 0 0 3 5 0 0 1 3 2 13 0 0 4 6 39 3 0 0 0 0 0 0 0 0 0 0 0 0 0 0 0 0 0 0 0 0 0 24 9 32 20 39 0 7 0 21 1 26 0 0 37 22 97 37 2 0 4 0 0 0 29 0 17 12 3 0 0 0 5 33 0 0 0 0 5 13 0 0 0 0 0 0 0 0 0 0 0 0 0 0 0 0 0 0 0 0 0 0 0 0 0 0 0 0 0 0 0 0 0 0 0 0 0 0 0 0 4 12 53 42 0 0 0 0 14 15 27 11 0 10 0 0 18 63 0 0 0 15 0 0 0 0 16 2 5 0 0 0 32 0 16 0 9 0 7 0 0 0 0 0 0 0 0 2 0 0 0 0 0 0 0 0 0 0 0 0 0 0 0 0 0 0 0 0 0 0 0 0 0 0 7 1 0 83 74 1 2 0 0 0 0 0 14 0 0 0 0 0 0 0 0 0 0 0 0 0 0 0 0 0 0 0 0 0 0 0 
 0 0 0 2 0 13 0 3 0 0 0 0 41 0 0 0 1 3 0 3 123 115 132 148 224 69 35 213 332 213 379 92 50 23 53 115 171 0 144 177 3 10 4 0 11 2 73 72 4 0 7 8 213 23 4 1 3 0 13 1 4 4 3 0 0 0 6 0 0 0 2 5 0 0 0 2 5 9 10 3 0 0 0 0 0 13 0 0 0 0 11 0 0 0 0 0 0 0 0 0 10 1 0 12 0 46 11 0 0 1 0 3 0 12 1 12 0 0 0 0 0 0 0 0 0 0 22 20 20 2 1 1 0 19 11 12 10 0 0 36 0 2 0 0 0 0 0 0 2 0 0 0 0 0 0 0 0 0 4 0 2 0 0 0 0 0 0 0 0 0 0 0 0 0 0 0 0 0 0 0 0 0 46 15 9 0 13 0 15 0 38 0 0 55 38 42 2 0 0 8 23 9 1 0 0 0 0 5 0 0 0 0 11 1 0 0 0 0 10 38 0 0 0 0 0 0 0 0 0 0 0 0 0 0 0 9 0 0 1 0 0 0 0 0 0 1 0 0 0 21 0 0 0 0 8 2 1 78 2 1 3 3 0 0 0 0 12 0 0 0 0 0 0 0 0 0 0 0 0 0 0 0 0 0 0 0 0 0 0 0 
 0 0 0 19 61 151 0 0 2 0 16 2 1 0 0 0 76 1 0 0 85 235 113 55 54 65 119 96 266 147 70 238 400 129 65 41 88 144 0 231 66 2 0 0 0 0 2 2 2 0 3 0 0 0 0 0 0 0 1 1 0 0 3 0 0 0 0 0 0 3 0 3 0 0 0 0 2 0 0 3 0 0 0 1 0 21 0 0 0 9 12 12 0 0 0 0 0 0 0 0 16 28 69 0 8 0 5 39 24 0 0 24 18 0 20 1 35 0 34 23 0 0 0 0 0 0 0 0 0 0 0 0 0 0 0 2 0 0 0 0 3 0 0 0 10 0 0 0 0 0 1 0 1 0 0 0 0 4 0 0 0 0 0 0 20 12 0 0 0 0 0 0 0 0 0 0 0 12 0 0 18 0 25 0 5 0 1 34 9 0 7 8 13 49 45 40 0 8 28 25 0 0 10 0 0 0 0 0 0 0 0 0 0 22 0 0 0 0 0 0 0 0 0 0 0 0 0 0 0 0 0 0 0 0 2 0 0 0 0 0 0 10 0 0 0 1 0 0 0 26 0 0 0 0 10 0 0 2 0 0 1 2 0 0 0 0 0 0 0 0 0 0 0 0 0 0 0 0 0 0 0 13 0 0 0 0 0 0 0 0 
 2 76 154 3 59 75 2 77 20 75 7 76 4 2 2 3 2 82 76 2 50 105 55 59 96 127 237 143 181 102 80 30 164 101 77 335 32 177 231 0 69 2 0 0 0 51 2 2 2 0 5 0 0 1 0 0 0 0 0 65 0 0 3 0 7 0 0 0 0 3 0 2 0 0 100 0 1 0 0 3 0 0 0 9 3 68 0 0 0 26 28 9 0 0 0 20 0 15 0 0 18 31 38 0 10 0 20 18 11 0 0 19 2 12 16 12 1 0 22 11 0 0 0 0 0 0 0 0 0 18 0 0 0 0 0 0 0 0 0 0 0 0 1 0 0 0 0 2 0 20 0 2 0 0 1 0 0 0 0 0 0 0 0 8 0 1 0 0 0 0 23 22 0 0 0 0 6 0 0 8 9 18 13 0 0 0 0 11 19 0 9 8 30 15 42 6 28 11 7 13 0 0 0 0 0 0 0 0 0 0 0 0 0 0 0 0 0 0 0 1 0 0 1 0 3 0 0 0 0 0 0 0 0 1 0 0 0 0 11 0 0 0 0 0 0 0 74 0 0 75 0 0 0 1 11 0 0 0 0 0 3 0 20 0 0 0 0 0 0 0 0 0 0 0 1 1 0 0 0 0 0 0 0 0 0 0 0 0 0 15 
 0 0 0 63 0 61 0 3 0 0 0 70 0 0 0 0 0 0 0 0 3 3 68 96 3 3 70 3 4 47 66 73 3 3 3 7 82 3 66 69 0 281 39 96 32 32 145 133 210 32 263 35 399 159 87 317 27 297 461 106 0 0 0 0 1 0 0 0 0 0 1 0 0 4 0 23 0 0 0 0 0 0 0 0 0 10 0 0 0 0 0 0 0 0 0 0 9 11 0 0 0 0 0 0 39 14 0 0 0 8 23 0 0 0 0 0 6 3 45 9 27 8 0 0 0 2 1 4 0 0 0 0 1 21 9 18 16 8 11 1 0 0 0 0 0 0 6 1 0 0 0 0 0 0 0 0 0 0 13 0 0 0 0 0 0 0 0 0 0 0 0 0 0 0 0 6 0 0 0 11 10 0 0 19 11 1 0 2 0 0 0 9 7 10 2 0 0 0 1 0 11 30 63 6 0 0 8 10 22 0 7 1 26 0 23 4 12 0 12 0 0 0 0 0 0 0 0 0 0 0 0 0 0 0 0 0 1 0 0 19 0 0 1 0 0 0 62 0 0 0 0 9 0 1 0 0 0 82 0 9 0 0 0 0 0 2 0 0 0 0 0 0 0 0 0 0 0 0 0 1 0 0 0 0 0 12 0 0 1 0 
 8 0 0 0 0 7 6 0 1 0 0 0 1 1 63 0 0 0 0 5 2 66 2 67 65 3 2 2 2 2 3 24 2 2 2 7 4 10 2 2 281 0 103 49 49 30 340 205 45 105 47 40 197 47 53 126 151 396 510 254 2 0 0 2 0 2 0 0 0 45 1 0 0 6 1 4 3 0 0 3 3 1 0 0 0 10 0 0 0 0 0 0 0 0 0 0 0 0 0 0 0 0 0 0 0 0 0 0 0 0 9 9 0 0 0 0 0 0 0 0 2 20 0 2 0 0 10 15 4 22 33 12 34 23 17 70 36 10 0 11 0 0 0 0 0 0 0 0 0 0 0 0 0 0 0 0 0 0 9 10 6 0 0 0 2 5 5 0 0 0 0 0 0 0 0 0 0 9 9 0 0 0 14 0 0 27 0 0 0 0 0 10 0 0 0 0 0 13 0 0 0 19 5 13 0 0 20 10 22 17 0 12 10 14 7 24 20 11 21 24 0 0 0 0 0 0 0 0 0 0 0 11 0 0 0 0 0 0 7 28 0 0 9 0 0 0 0 0 0 0 0 18 0 2 0 0 0 0 0 2 0 0 0 0 0 4 2 0 0 0 10 0 0 0 0 0 0 0 0 0 0 0 0 0 0 9 0 1 2 0 
 0 0 0 0 0 0 0 0 0 0 0 0 0 2 0 0 0 0 0 0 0 0 2 5 0 0 0 0 0 0 0 0 202 3 1 0 0 4 0 0 39 103 0 96 43 17 88 181 192 95 373 151 89 102 127 204 121 40 116 31 0 0 0 0 4 0 6 1 0 0 7 0 8 22 7 4 0 0 64 15 0 0 0 0 0 0 0 0 0 0 0 0 0 0 0 0 0 0 0 0 0 0 0 0 0 0 0 0 0 0 0 0 0 0 0 0 0 0 0 0 1 0 7 3 72 9 0 22 0 6 24 36 8 7 0 31 18 0 0 0 15 16 4 0 2 0 22 7 0 0 0 0 10 3 7 0 0 0 9 10 0 0 0 0 2 5 0 26 0 0 0 0 0 0 0 0 0 0 0 0 0 0 0 0 0 25 0 0 0 0 0 0 0 0 0 0 0 7 0 0 0 9 10 25 0 15 0 0 48 6 27 30 0 10 8 0 18 0 8 0 10 0 1 0 0 0 1 15 0 0 0 0 8 0 0 13 1 0 1 31 0 0 0 0 0 0 0 0 0 0 0 7 0 0 0 0 0 0 0 4 1 0 65 0 1 3 2 0 2 0 0 0 0 0 0 0 0 0 0 0 0 0 6 0 0 12 0 0 2 0 
 0 32 5 0 2 0 0 12 0 0 0 0 0 0 7 4 0 8 0 0 0 0 0 3 1 84 0 0 0 0 0 0 0 0 62 4 0 0 0 0 96 49 96 0 422 59 83 303 383 156 209 70 182 151 205 213 172 58 142 258 0 52 0 0 0 0 50 3 0 0 2 0 0 0 0 0 0 0 0 0 0 0 5 6 6 0 0 0 0 6 0 0 0 0 4 4 0 14 0 0 0 0 0 0 0 0 0 0 0 0 0 1 0 0 0 0 0 0 0 0 26 2 6 1 11 23 3 2 11 1 0 14 9 0 23 1 0 11 0 0 17 21 17 0 0 0 1 3 0 0 0 0 0 24 0 0 9 0 0 18 0 0 0 0 4 9 0 0 0 0 0 39 0 27 0 6 0 0 0 0 0 0 0 0 0 0 0 0 0 0 0 0 0 0 0 0 0 0 0 0 15 1 23 24 8 12 16 5 18 7 11 38 0 1 1 20 15 22 6 10 18 0 1 0 0 0 20 6 0 0 1 0 0 0 12 0 17 0 22 14 0 0 0 0 0 0 0 0 0 0 0 5 0 0 0 0 0 0 0 0 0 1 2 0 64 1 3 4 1 0 0 0 0 0 0 0 0 0 0 0 0 4 0 0 12 0 0 0 2 0 
 66 3 69 3 3 2 3 3 3 3 5 3 9 3 3 3 3 2 3 3 0 0 0 11 0 3 0 0 3 0 0 0 0 44 0 1 0 11 0 0 32 49 43 422 0 111 35 93 65 383 291 126 278 295 316 84 159 46 62 70 0 8 2 0 0 23 0 6 0 0 2 0 0 2 0 0 0 0 51 0 0 0 0 0 0 0 0 0 0 0 0 0 0 0 0 0 0 0 0 0 0 0 0 0 0 0 0 0 0 0 0 0 0 0 0 0 0 0 0 0 2 4 13 4 0 32 0 0 9 4 0 20 4 0 5 0 12 16 0 10 31 14 10 0 11 9 0 7 0 0 0 0 19 7 0 0 0 0 12 4 0 0 0 0 0 0 47 0 0 0 0 0 0 0 0 4 0 0 0 0 0 0 0 0 0 0 0 0 20 0 4 0 0 0 0 0 0 0 0 0 0 11 1 14 21 10 0 0 0 56 53 12 7 0 0 2 0 9 3 0 15 0 22 0 0 0 34 0 0 0 0 0 12 0 29 1 6 0 23 12 0 0 0 0 0 0 0 0 0 0 0 11 0 0 0 0 0 0 1 3 0 0 63 2 34 2 0 64 0 0 0 0 0 0 0 0 0 0 0 0 0 0 0 0 0 0 0 0 0 0 
 2 1 0 0 0 0 0 0 0 0 0 0 2 0 0 0 0 2 18 2 0 0 1 0 0 1 0 0 1 0 0 0 0 0 0 0 0 2 0 51 32 30 17 59 111 0 38 50 91 89 165 78 31 56 48 82 60 52 33 34 134 0 0 51 0 1 53 1 0 0 2 0 102 2 0 0 1 1 22 18 0 0 0 0 0 0 0 0 0 10 0 0 0 0 0 0 0 0 0 0 0 0 0 0 0 0 0 0 11 0 0 0 0 0 0 0 0 0 0 0 0 0 13 1 15 0 0 0 0 10 0 12 0 0 0 0 0 1 0 0 0 29 6 0 21 6 1 2 0 8 36 1 28 0 23 40 4 0 1 13 0 0 0 0 0 0 0 0 0 23 0 0 0 0 0 0 0 0 6 0 11 0 0 0 0 0 0 0 0 0 0 0 0 0 0 8 0 0 0 0 0 0 0 8 1 13 0 0 0 6 14 9 0 0 0 8 0 0 0 0 9 3 9 0 0 0 1 12 0 0 0 1 6 0 52 7 0 13 1 0 1 0 0 0 0 0 0 0 0 0 0 8 0 0 1 0 0 0 0 0 0 0 72 1 0 0 0 0 4 0 2 0 0 0 0 0 0 0 0 0 0 0 0 0 0 0 0 0 16 0 
 0 30 1 0 3 4 0 0 0 3 0 0 6 0 0 0 0 0 0 2 2 2 2 65 26 5 2 2 5 86 64 132 4 2 2 2 2 73 2 2 145 340 88 83 35 38 0 93 121 35 25 52 175 340 210 106 29 35 61 35 6 7 0 1 50 0 6 0 2 7 12 10 3 8 6 5 0 1 24 4 0 0 0 0 0 0 0 0 0 0 0 0 0 0 0 0 0 0 0 0 0 0 0 0 0 32 0 0 0 13 19 1 0 0 0 0 0 0 0 0 11 0 14 1 0 3 11 48 10 11 9 2 7 48 3 18 43 22 20 25 0 0 0 23 3 0 19 10 4 4 0 1 0 0 0 0 4 0 1 0 0 0 0 10 27 2 0 0 0 0 0 0 0 0 0 0 0 0 0 0 0 0 0 22 24 0 0 0 0 0 15 3 0 0 0 0 0 0 0 0 39 30 21 0 0 0 10 28 17 0 0 1 20 21 11 0 15 0 12 21 0 0 7 0 4 0 0 0 5 13 10 5 0 23 10 3 11 0 0 19 0 0 0 0 0 0 0 0 0 0 0 8 0 0 0 0 0 20 1 0 0 0 0 0 0 2 8 0 0 0 3 0 0 0 0 0 0 0 0 0 0 0 0 0 0 14 0 0 2 0 
 0 0 0 0 0 1 0 0 0 0 0 0 0 0 0 0 0 4 0 0 3 2 3 71 37 2 2 3 2 66 2 74 4 5 2 3 2 72 2 2 133 205 181 303 93 50 93 0 393 50 256 448 185 213 59 129 41 123 299 47 0 0 0 3 0 3 2 0 0 3 1 0 0 2 0 2 2 0 0 0 0 0 0 0 0 0 0 0 0 0 0 0 0 0 0 0 0 0 0 0 0 0 0 0 3 37 0 0 0 0 12 2 0 0 0 0 0 0 0 0 8 20 9 7 0 0 9 44 21 29 19 12 18 15 13 11 53 10 0 31 2 0 0 0 0 0 15 0 0 0 0 0 0 0 0 0 0 0 1 0 0 0 0 0 6 2 0 0 0 0 0 0 0 0 0 0 0 0 0 0 0 0 0 70 24 0 15 0 0 0 10 3 0 0 0 0 0 0 0 0 28 35 0 14 0 0 15 42 13 11 0 11 27 24 7 1 17 0 0 25 0 0 0 0 0 0 0 0 0 0 0 0 0 0 0 0 0 0 0 14 0 0 9 0 0 0 0 0 0 0 0 0 0 0 0 0 0 0 0 0 0 0 0 0 1 2 6 0 0 0 4 0 0 0 0 0 0 0 0 0 0 0 0 0 0 11 0 12 2 0 
 0 0 0 0 0 3 0 0 0 0 0 0 0 0 0 0 0 0 0 0 2 2 2 2 2 2 8 2 2 2 2 4 3 2 2 4 2 4 2 2 210 45 192 383 65 91 121 393 0 87 153 41 167 135 276 132 139 147 81 37 0 0 0 0 4 0 0 0 0 0 2 0 0 2 4 5 0 1 0 3 0 0 0 0 0 0 0 0 0 0 0 0 0 0 0 0 0 0 0 0 0 0 0 0 0 0 0 0 0 0 0 0 0 0 0 0 0 0 0 0 19 8 19 0 24 9 0 28 0 9 0 34 0 62 48 0 15 7 0 0 10 1 0 0 10 42 32 0 0 0 0 0 0 0 0 0 0 0 56 0 0 0 0 0 0 0 0 0 0 0 0 0 0 0 0 22 0 0 0 0 0 0 0 0 0 0 0 0 0 0 0 0 0 0 0 0 0 0 0 0 7 11 26 47 0 1 2 0 32 10 52 11 0 0 0 24 16 0 0 0 0 0 2 0 0 0 0 7 0 0 0 0 0 0 0 1 0 0 0 19 0 0 0 0 0 0 1 0 0 0 0 5 0 2 0 0 0 0 0 21 0 0 64 0 0 0 1 0 0 0 0 0 0 0 0 0 18 0 0 0 0 0 0 0 0 0 0 0 2 0 
 0 0 0 0 2 3 0 0 0 0 2 0 0 0 0 0 0 0 2 1 0 0 0 0 2 0 0 0 0 3 0 0 0 0 0 0 0 0 0 0 32 105 95 156 383 89 35 50 87 0 430 114 49 139 89 112 59 295 76 302 0 39 0 20 6 33 0 2 0 0 52 0 0 0 0 53 0 0 0 0 0 0 0 0 0 0 0 0 0 0 0 0 0 0 0 0 0 0 0 0 0 0 0 0 0 0 0 0 0 0 0 0 0 0 0 0 0 0 0 0 0 0 26 1 0 10 0 13 0 2 0 28 13 19 30 0 0 11 0 0 8 13 4 0 6 13 0 0 0 1 0 0 1 8 0 0 10 0 0 0 0 0 0 0 0 0 0 0 0 0 0 0 0 0 0 0 0 0 0 0 0 0 0 0 0 0 0 0 0 0 0 0 0 0 0 0 0 0 0 0 0 8 20 19 24 15 9 0 1 19 9 20 0 0 0 20 0 23 0 19 18 0 1 0 0 0 11 0 0 0 0 0 19 0 11 3 10 0 32 20 0 0 0 0 0 0 0 0 0 0 0 14 0 0 0 0 0 0 0 10 0 0 65 71 2 0 0 3 0 0 0 0 0 0 0 0 0 0 0 0 0 0 0 0 0 15 0 22 1 0 
 3 3 4 3 3 5 6 3 3 3 3 5 66 3 3 3 3 3 4 4 3 3 3 3 3 3 3 19 3 3 10 22 3 11 11 9 4 7 3 5 263 47 373 209 291 165 25 256 153 430 0 395 259 25 302 138 326 129 49 70 0 6 0 0 2 0 54 4 0 0 1 0 0 9 1 0 0 2 20 1 0 0 0 0 0 0 0 0 0 0 0 1 0 0 0 0 0 0 0 0 0 0 0 1 17 0 13 0 0 0 9 9 0 0 0 0 0 6 0 0 0 0 14 9 0 29 0 0 0 15 0 33 0 0 0 0 0 37 0 0 10 21 10 0 6 5 0 9 0 0 0 0 18 8 0 0 0 0 61 8 0 0 0 0 0 0 0 0 0 0 0 0 0 0 0 2 0 0 0 0 0 9 15 35 6 6 0 0 9 9 0 0 0 0 0 1 0 17 0 0 0 0 29 20 16 36 0 0 0 21 7 5 0 0 0 12 1 23 0 7 27 0 10 0 0 0 17 0 2 0 0 0 13 2 20 23 8 0 32 1 0 0 2 0 0 0 1 0 0 0 0 7 0 0 0 0 1 0 0 11 0 0 8 0 4 2 6 65 0 0 0 0 0 0 0 0 0 0 0 0 0 20 0 0 0 0 0 0 2 0 
 0 0 0 0 2 4 0 0 0 0 0 0 0 0 0 0 0 0 0 2 2 0 0 8 10 30 0 0 0 40 61 3 5 0 0 38 63 8 0 0 35 40 151 70 126 78 52 448 41 114 395 0 529 266 109 52 291 161 107 70 0 4 51 0 3 6 53 6 0 0 1 0 0 0 19 2 0 0 46 2 0 0 0 0 0 0 0 0 0 0 0 0 0 0 0 0 0 0 0 0 0 6 0 4 19 0 0 0 2 20 0 0 0 0 15 0 14 0 0 0 0 0 7 0 0 0 20 0 0 17 24 0 6 24 13 13 0 0 14 2 20 0 1 10 0 1 0 8 0 0 0 0 0 0 0 0 0 0 6 0 0 19 0 0 0 0 0 0 0 0 0 0 0 9 0 0 0 0 0 3 0 0 2 17 0 0 0 0 1 0 8 6 0 0 0 0 0 0 0 0 0 63 12 0 11 24 14 0 0 0 30 10 9 0 0 7 0 8 7 9 0 0 17 0 0 0 32 0 0 0 0 0 0 0 0 32 11 0 19 0 0 0 0 0 10 0 0 0 0 0 0 14 0 0 0 0 0 0 33 0 13 0 4 2 4 0 4 2 2 2 0 0 0 0 0 0 0 20 0 0 0 4 0 0 0 1 0 0 2 0 
 0 0 0 0 0 0 0 0 0 0 0 0 0 0 0 0 0 0 0 0 0 0 0 5 76 24 0 0 0 9 1 1 0 0 0 2 0 213 0 0 399 197 89 182 278 31 175 185 167 49 259 529 0 77 336 91 378 98 826 118 0 0 0 0 0 0 0 0 0 0 0 0 0 9 0 0 0 0 0 0 0 0 0 0 0 0 0 0 0 0 0 0 0 0 0 0 0 0 0 0 0 7 0 0 0 0 0 1 0 3 0 12 0 0 0 0 0 0 0 0 29 17 0 0 15 17 11 8 4 10 21 10 32 44 24 38 0 7 0 9 0 0 0 0 0 0 2 0 0 0 0 0 0 0 0 0 0 0 0 14 0 0 0 0 0 0 0 0 0 0 0 0 0 0 0 4 0 0 0 0 0 0 0 1 0 0 0 0 0 0 3 3 0 0 0 0 0 0 0 0 7 6 30 25 0 0 5 12 29 9 0 0 1 1 0 32 32 14 11 8 0 0 0 0 0 0 0 0 0 0 0 0 0 0 0 0 0 0 0 22 0 0 0 0 0 0 0 0 0 0 0 9 0 2 0 0 0 0 3 0 0 0 0 0 1 6 0 0 0 0 10 1 0 0 0 0 0 0 0 0 0 0 0 0 0 10 0 0 0 0 
 0 1 1 1 0 6 0 0 1 0 0 72 0 62 1 0 0 1 1 3 0 0 0 63 61 0 0 0 0 30 126 83 2 0 1 20 64 23 0 1 159 47 102 151 295 56 340 213 135 139 25 266 77 0 159 55 139 44 334 516 4 30 2 0 6 0 3 0 2 5 10 7 0 2 12 9 1 0 8 17 0 0 0 0 0 0 0 14 8 0 0 0 0 8 0 0 0 0 0 0 0 0 0 0 0 41 0 0 0 1 14 0 0 0 0 0 0 0 0 0 9 0 0 0 0 19 21 38 0 15 0 0 0 34 0 0 7 0 18 26 0 0 1 13 4 0 11 8 11 9 0 0 0 0 0 0 0 3 7 0 0 7 4 0 0 0 0 0 5 1 0 0 0 0 0 1 10 3 0 8 8 0 0 15 18 0 0 0 0 0 8 0 0 0 0 10 0 0 0 0 52 3 20 0 0 0 25 26 29 0 21 0 15 0 20 0 0 10 15 22 0 0 9 0 0 0 5 0 6 3 8 4 0 2 8 4 9 10 0 0 0 0 0 0 0 0 25 0 0 0 0 4 0 0 0 0 0 39 0 0 0 0 0 0 1 2 10 0 0 0 0 0 0 0 0 0 0 5 0 0 0 0 0 0 0 16 0 0 0 0 
 0 0 0 0 0 2 0 0 0 0 0 0 0 0 0 0 0 57 0 0 0 0 0 2 0 0 0 0 3 0 0 0 24 0 0 1 0 4 0 0 87 53 127 205 316 48 210 59 276 89 302 109 336 159 0 315 349 160 77 60 2 4 0 0 7 0 5 1 0 0 0 0 0 2 6 5 0 0 5 4 0 0 0 0 0 0 0 6 0 0 0 0 0 0 0 0 0 0 0 0 0 0 0 0 0 0 0 0 0 0 0 0 0 0 0 0 0 0 0 10 19 8 0 10 33 1 0 14 0 6 0 2 5 1 14 0 10 11 0 0 3 0 0 0 0 0 46 7 0 0 0 0 0 0 0 0 0 0 28 18 0 0 0 0 0 0 0 0 0 0 0 0 0 0 0 7 0 0 0 0 0 0 0 0 0 0 0 0 0 0 0 0 0 0 0 0 0 0 0 0 20 9 33 13 27 2 7 3 1 6 16 11 0 0 0 24 3 7 0 3 17 0 0 0 11 0 0 0 0 0 0 0 0 0 0 0 1 0 14 8 0 0 0 0 0 0 0 0 0 31 0 19 0 1 0 0 0 0 2 19 0 0 0 0 0 4 3 0 0 0 0 0 0 0 70 0 0 0 0 0 0 0 0 0 10 0 0 11 1 0 
 0 0 0 0 0 6 0 77 0 2 0 0 0 0 0 0 0 3 0 0 0 0 0 0 0 3 3 0 0 0 0 0 0 3 0 3 0 1 0 0 317 126 204 213 84 82 106 129 132 112 138 52 91 55 315 0 335 91 198 38 0 0 0 0 0 0 0 0 0 0 0 0 0 5 0 1 0 0 0 0 0 0 0 0 0 0 0 0 0 0 0 0 0 0 0 0 0 0 0 0 0 0 0 0 0 0 0 0 0 0 0 0 0 0 0 0 0 0 0 0 6 10 0 26 9 29 7 24 3 6 14 30 22 22 16 25 0 64 0 11 0 3 0 0 0 0 0 1 0 0 0 0 19 0 0 0 0 0 45 41 0 0 0 0 2 5 0 0 0 0 0 0 0 0 0 0 0 0 0 0 0 0 0 0 0 19 0 0 0 0 0 0 0 0 0 0 0 0 0 0 18 0 14 11 30 0 51 0 28 39 1 9 0 12 15 3 16 13 11 2 18 0 21 0 0 0 42 0 2 0 0 0 0 0 18 0 0 0 52 19 0 0 1 0 0 0 0 0 0 0 0 21 0 1 0 0 0 0 1 1 0 0 1 0 34 17 0 0 2 0 0 0 0 0 0 0 0 0 0 0 0 0 0 0 8 24 0 0 1 0 
 0 0 0 0 0 0 1 0 0 3 0 0 0 0 0 0 0 0 0 0 0 0 0 3 1 73 0 0 0 0 0 0 0 0 1 1 0 3 0 0 27 151 121 172 159 60 29 41 139 59 326 291 378 139 349 335 0 99 278 24 0 0 0 0 0 5 4 6 12 0 7 5 1 15 15 4 3 0 3 9 0 0 0 0 0 0 0 0 0 0 0 0 0 0 0 0 0 0 0 0 0 0 0 0 0 0 0 0 0 0 0 0 0 0 0 0 0 23 0 0 7 0 7 8 0 25 0 3 28 8 18 11 0 18 14 47 0 44 0 0 0 11 0 0 0 0 11 1 0 0 0 0 13 1 0 2 1 0 29 8 0 0 0 0 6 4 0 0 0 0 0 0 0 0 0 0 0 0 0 0 0 0 0 0 14 19 0 0 0 0 1 0 0 0 0 0 0 0 0 0 24 9 50 4 11 0 32 14 17 13 11 4 0 3 1 0 0 24 7 9 15 10 10 9 1 4 6 0 1 0 0 0 0 0 12 0 1 0 29 42 0 0 0 0 0 0 0 0 0 0 0 0 0 1 0 0 0 0 0 1 0 0 0 0 1 14 1 0 0 0 5 0 0 0 1 5 0 0 0 0 0 0 0 0 17 0 0 0 1 0 
 0 0 0 0 0 0 0 2 0 0 0 0 0 0 2 0 0 0 0 0 0 0 0 0 0 63 2 0 0 0 0 0 202 0 6 5 0 0 0 0 297 396 40 58 46 52 35 123 147 295 129 161 98 44 160 91 99 0 316 246 0 6 0 0 0 0 29 6 0 0 3 0 0 0 3 0 1 3 51 0 0 0 0 0 0 0 0 0 0 0 0 0 0 0 0 0 0 0 0 0 7 0 0 0 0 0 0 1 0 0 0 0 0 0 0 8 0 0 0 0 6 7 27 10 0 6 0 2 12 8 12 10 11 11 31 0 5 12 0 9 0 0 0 1 1 0 0 2 0 0 3 6 0 0 0 0 10 0 28 0 0 0 0 0 0 0 0 0 0 0 0 0 0 0 0 38 0 0 0 0 0 0 0 0 0 0 0 13 0 0 0 0 0 0 0 0 0 0 0 0 13 15 52 25 1 0 26 0 0 10 2 0 0 0 0 43 33 15 0 23 0 0 0 0 26 0 0 0 8 7 0 9 0 6 0 0 0 0 4 13 0 0 14 0 0 0 0 0 0 0 0 14 0 0 0 0 0 0 0 21 0 13 0 2 2 0 10 1 0 0 1 0 0 0 0 0 0 0 0 0 0 0 0 0 15 10 0 10 2 0 
 0 0 0 0 0 0 0 3 0 0 0 0 0 0 0 0 0 0 0 2 0 0 0 0 26 81 3 5 0 1 1 72 1 3 2 10 0 13 1 0 461 510 116 142 62 33 61 299 81 76 49 107 826 334 77 198 278 316 0 438 0 0 0 0 0 0 0 0 0 0 2 3 0 2 0 0 0 0 199 0 0 0 0 0 0 0 0 0 0 0 0 0 0 0 13 0 0 20 0 0 0 0 0 0 3 0 9 0 0 0 5 39 0 0 9 0 0 2 0 0 18 25 0 14 0 16 33 24 21 4 34 29 43 21 42 30 10 10 0 15 0 0 0 0 0 0 20 0 0 0 0 16 4 0 0 0 0 0 1 13 0 0 0 0 0 0 0 0 0 0 0 0 0 0 0 0 0 0 0 0 0 9 0 3 17 15 0 0 7 7 0 0 0 0 0 0 0 3 0 0 0 7 28 8 0 0 12 39 13 11 0 0 14 21 0 17 5 10 27 25 0 0 0 0 0 0 0 0 0 0 0 0 0 0 0 0 0 0 0 11 0 0 9 0 0 35 0 0 0 0 0 0 0 2 0 0 0 0 1 2 0 0 0 1 0 17 0 0 0 0 15 0 0 0 0 0 0 0 0 0 0 3 0 0 0 11 0 0 0 0 
 0 0 63 1 32 1 0 66 0 0 0 63 0 0 0 0 0 87 0 0 1 2 21 3 1 36 72 2 2 81 167 4 0 2 3 83 90 1 1 65 106 254 31 258 70 34 35 47 37 302 70 70 118 516 60 38 24 246 438 0 0 0 0 0 0 0 0 0 0 0 1 1 1 1 0 0 0 0 0 0 0 0 0 1 0 0 0 0 0 21 0 0 0 0 0 23 0 13 0 0 0 0 0 15 17 1 0 0 0 14 14 0 0 0 7 0 10 9 0 0 10 2 0 0 0 0 17 0 0 0 20 0 0 18 0 9 0 0 10 3 0 0 16 0 0 0 0 0 0 0 0 0 0 0 0 0 0 0 0 0 0 0 0 0 0 0 0 0 0 8 19 14 0 0 0 0 0 0 0 7 0 0 11 26 0 14 0 16 0 0 0 10 14 22 0 0 0 0 1 0 8 19 3 0 0 0 12 26 1 0 0 0 22 11 67 0 9 0 0 0 0 0 0 0 0 0 0 0 0 0 0 0 0 7 0 0 0 0 0 0 0 0 0 0 0 1 62 0 0 33 0 6 0 1 2 0 0 26 19 2 10 0 11 0 1 0 0 0 0 0 0 0 0 0 0 0 0 0 0 0 0 0 0 0 0 0 16 0 0 0 
 0 0 0 0 0 0 0 0 2 0 0 0 0 0 52 0 0 0 0 0 0 0 0 0 0 0 0 0 0 0 0 2 3 5 0 0 3 4 0 0 0 2 0 0 0 134 6 0 0 0 0 0 0 4 2 0 0 0 0 0 0 194 69 53 41 57 245 88 91 273 68 47 67 133 117 115 78 45 171 158 0 0 0 0 0 0 7 0 0 0 0 0 3 0 0 0 0 0 0 3 0 0 0 0 0 3 0 0 0 0 0 0 0 0 0 0 0 0 0 0 0 0 0 0 1 0 0 0 2 0 0 0 0 0 0 0 0 0 0 0 8 0 23 15 19 5 24 17 18 11 8 8 0 6 6 27 0 0 23 0 0 0 0 0 0 0 0 0 0 0 0 4 0 0 0 0 3 0 0 0 5 0 0 0 0 0 0 0 0 0 0 0 0 0 0 0 0 0 0 0 0 0 0 0 0 6 0 0 0 0 0 0 0 0 0 0 0 0 0 0 18 18 45 19 0 0 21 1 22 24 40 27 43 49 23 18 7 26 6 0 0 0 0 0 0 0 0 0 0 2 0 0 0 0 12 0 0 0 0 0 0 0 3 0 0 10 9 0 0 0 9 0 0 1 2 2 0 0 0 0 0 0 0 0 0 0 0 0 0 0 
