 0 69 66 61 20 40 540 253 244 19 147 23 347 33 141 114 41 24 228 53 1 2 4 0 0 3 2 0 0 3 1 0 3 0 0 0 0 0 0 3 0 3 6 0 0 0 0 0 0 7 0 3 2 0 4 0 2 0 0 0 3 0 2 2 0 0 2 0 0 0 0 3 0 0 0 0 0 3 0 0 15 18 10 18 10 0 14 46 0 0 10 20 10 0 10 76 8 20 0 21 0 0 0 0 0 0 0 0 0 0 0 0 16 0 0 0 0 0 1 0 0 19 0 0 0 0 0 8 0 0 0 0 9 0 0 0 0 0 0 0 0 0 0 0 0 0 0 0 0 19 19 0 0 0 0 0 0 26 0 9 0 3 15 0 11 16 9 10 0 0 21 15 15 0 45 18 0 20 12 11 0 0 0 0 0 0 0 0 0 0 0 0 2 0 0 0 0 0 0 18 8 1 0 0 0 0 0 0 0 0 0 0 0 0 0 0 0 0 0 0 0 0 0 0 0 0 0 0 0 0 0 0 0 0 0 0 15 0 0 0 0 0 0 0 0 0 2 0 0 0 0 5 14 0 0 0 0 0 0 0 0 0 0 0 0 0 0 0 0 0 0 0 0 0 0 0 0 0 0 0 0 0 0 0 0 0 0 0 0 0 
 69 0 111 57 44 118 71 56 168 130 116 202 78 237 119 56 109 48 132 75 1 2 0 11 4 5 6 0 0 9 4 0 77 0 0 0 3 1 0 5 0 7 7 0 0 0 0 0 10 6 6 4 2 64 5 0 2 0 0 0 1 0 2 3 0 0 0 0 3 0 6 3 0 0 0 1 0 2 7 0 35 36 10 29 28 0 16 39 87 30 47 11 0 31 17 10 24 76 20 0 0 0 0 0 0 0 0 0 0 0 0 0 22 0 0 0 0 0 34 0 0 0 0 0 0 0 0 0 0 0 0 0 0 0 0 0 0 0 0 0 0 0 0 0 0 0 0 0 0 0 0 0 0 0 0 0 0 42 0 0 15 26 2 29 0 30 1 6 36 25 27 17 0 9 18 15 14 25 0 13 7 0 0 0 0 0 0 0 0 0 0 0 14 0 0 0 0 0 7 0 25 23 0 0 0 0 0 0 0 0 0 0 0 0 0 0 0 0 0 0 0 0 0 0 0 0 0 0 0 0 0 0 0 0 0 0 0 0 0 0 0 15 0 0 0 0 1 0 88 90 15 4 0 0 0 0 0 0 0 0 0 0 0 0 0 0 0 0 0 0 0 0 0 0 0 0 44 0 0 0 0 0 0 0 0 0 0 0 0 0 
 66 111 0 194 135 30 373 287 309 227 233 218 219 138 285 238 222 341 24 106 2 4 0 3 0 4 34 0 2 3 0 2 6 0 0 22 0 0 74 40 0 3 2 22 0 0 0 0 0 3 0 3 6 0 3 0 2 0 0 2 2 0 2 3 0 0 2 1 0 0 0 5 0 0 0 0 0 2 0 9 9 15 19 36 10 0 30 18 25 3 17 21 13 10 1 5 15 19 14 8 0 0 0 0 0 2 0 0 0 0 2 0 1 0 0 13 0 0 10 0 0 0 0 0 0 0 7 0 0 0 0 0 0 0 0 0 0 0 0 0 0 0 0 0 1 0 0 0 0 0 0 0 0 0 0 0 0 0 0 0 39 3 10 23 16 21 0 43 15 2 1 24 0 16 15 13 16 17 0 0 10 1 11 0 0 0 10 0 0 0 0 1 19 2 0 0 0 0 16 27 0 0 0 0 0 0 0 0 0 0 0 0 0 1 2 0 1 0 0 0 0 0 0 0 0 0 0 0 0 0 0 0 0 0 18 0 0 0 0 0 0 0 0 0 0 3 0 0 0 88 0 17 10 0 0 0 0 0 0 0 0 0 11 0 0 0 0 0 0 0 1 0 0 0 0 0 12 8 0 0 0 0 0 0 0 0 0 0 0 0 
 61 57 194 0 127 113 394 325 89 225 46 54 148 74 256 275 64 223 135 58 0 2 0 0 0 3 75 0 0 3 2 0 3 0 0 0 0 2 29 4 0 3 2 11 0 0 0 0 0 3 0 3 2 0 0 0 2 2 0 0 3 0 2 2 0 0 0 0 0 0 0 3 47 0 0 0 0 3 0 0 0 14 12 44 0 0 24 8 36 45 0 13 0 0 7 0 24 17 7 0 15 0 0 0 0 0 0 12 27 0 0 0 0 0 0 0 0 12 39 1 0 0 0 0 0 0 0 0 0 0 0 0 0 0 0 0 0 0 0 0 0 0 0 0 0 0 0 0 0 0 0 0 0 0 0 0 0 0 0 0 24 0 7 46 0 0 14 11 55 24 9 28 0 0 11 0 4 27 29 0 19 0 0 23 0 0 25 0 0 0 0 0 0 0 14 0 0 0 25 0 0 0 0 0 0 0 0 0 0 0 0 0 0 0 0 0 0 0 0 0 0 0 0 0 0 0 0 0 0 0 0 0 0 0 0 0 0 0 0 0 0 0 0 0 0 3 89 0 3 0 0 11 0 3 0 0 0 0 0 0 0 0 1 0 0 0 0 0 0 0 0 0 0 0 0 10 0 0 0 0 0 0 0 0 0 0 0 0 0 0 
 20 44 135 127 0 173 268 193 125 84 82 140 60 66 353 179 82 46 91 68 1 77 0 1 2 3 64 86 0 3 1 0 150 30 41 0 75 0 155 157 0 3 2 4 0 0 0 0 0 3 0 3 2 0 0 0 4 1 0 0 2 0 2 3 0 0 0 0 3 0 0 3 0 0 0 0 52 3 4 0 0 0 0 13 9 23 0 37 0 20 0 0 0 0 0 0 13 2 0 0 7 1 0 29 0 0 40 12 68 0 0 0 15 7 33 55 0 0 10 28 0 0 0 0 0 1 0 0 0 0 0 0 0 0 0 0 0 0 0 1 0 0 1 0 7 0 0 0 0 0 0 0 0 0 0 0 0 0 0 0 0 0 0 13 0 0 0 1 17 0 0 0 0 0 0 0 0 0 0 0 9 39 18 0 0 0 7 1 0 0 17 0 7 46 49 10 19 4 21 19 0 0 0 0 0 0 0 0 0 0 0 13 0 0 0 0 0 0 0 0 0 0 0 0 0 0 0 0 0 0 0 0 0 0 0 0 0 0 0 0 0 0 0 0 0 4 0 0 2 1 0 4 0 0 0 0 0 2 0 0 0 0 0 0 0 0 0 0 0 0 0 0 0 0 0 0 0 0 0 0 0 0 0 0 0 2 0 0 0 0 
 40 118 30 113 173 0 48 51 46 41 97 108 30 40 46 70 275 60 72 40 80 91 0 79 0 6 148 152 73 65 2 2 174 73 75 0 154 0 222 102 0 6 5 0 0 0 5 0 0 6 0 6 5 0 0 0 4 0 1 2 0 0 2 5 0 0 0 1 30 0 0 2 0 0 0 0 5 2 4 0 0 0 0 0 10 5 0 0 0 0 0 14 0 0 2 0 0 0 0 0 10 0 16 34 0 0 39 22 13 0 0 2 9 10 25 25 9 8 33 32 0 0 0 0 0 0 0 2 0 0 0 0 1 0 0 0 0 0 0 0 0 2 4 0 3 0 0 0 0 0 0 0 0 0 0 0 0 0 0 1 0 0 24 14 25 5 0 0 0 0 15 0 0 0 0 0 13 0 0 0 6 14 0 17 11 0 8 1 0 0 13 0 12 21 13 23 10 0 6 12 0 11 0 0 0 17 0 0 0 0 0 0 0 0 0 0 0 0 0 0 0 0 0 0 0 0 0 0 0 0 0 0 0 0 0 0 0 0 0 0 0 0 0 0 0 0 105 4 6 1 1 9 0 0 0 0 0 0 0 0 2 0 0 0 0 0 0 0 0 0 0 0 0 0 0 2 16 0 0 0 0 0 0 0 0 0 0 0 0 0 
 540 71 373 394 268 48 0 446 244 130 49 42 337 130 155 24 31 169 384 23 1 2 1 0 0 5 0 0 0 3 1 0 3 2 0 0 4 0 0 3 0 3 2 0 0 0 0 0 0 3 0 5 60 58 1 0 2 0 0 1 2 0 2 2 0 0 0 0 0 0 0 3 0 0 0 0 0 3 0 31 7 0 18 1 0 0 33 1 38 11 0 0 42 18 15 11 20 1 8 24 0 0 0 0 0 0 0 0 2 0 0 0 0 0 0 0 0 0 0 0 0 0 0 0 0 1 0 0 0 0 0 0 0 0 0 0 0 0 0 2 0 0 2 0 0 0 0 1 0 0 0 0 0 0 0 9 0 0 0 0 0 0 16 0 0 0 29 2 1 0 2 0 0 18 29 3 11 13 29 18 2 0 0 0 0 0 0 0 0 0 0 0 4 0 0 0 0 0 0 0 0 0 0 0 0 0 0 0 0 0 0 0 0 0 0 0 8 0 0 0 0 0 0 0 2 0 0 0 0 0 0 0 0 1 0 0 0 0 1 0 0 0 0 0 0 0 2 0 2 0 0 11 0 0 0 0 0 0 0 0 0 0 0 0 0 0 0 0 0 0 0 0 0 0 0 0 0 0 0 0 0 0 0 0 0 0 0 0 0 0 
 253 56 287 325 193 51 446 0 276 118 37 127 117 83 431 345 214 52 452 145 1 2 0 0 0 3 0 0 0 3 1 0 3 0 0 0 0 0 72 3 0 3 2 4 0 0 0 50 0 3 0 6 2 0 0 0 2 1 0 0 1 0 2 3 32 0 0 0 0 0 0 3 0 0 0 0 5 2 0 0 0 11 38 20 0 0 9 9 23 1 0 0 16 15 17 32 20 16 9 11 0 0 0 0 1 0 0 0 0 0 0 0 8 0 0 0 0 0 0 0 0 0 0 0 0 0 0 0 0 0 0 1 0 5 0 0 0 0 0 0 0 0 0 0 0 0 0 0 0 0 0 0 0 0 0 0 0 0 2 0 13 19 6 23 29 9 31 18 10 0 0 12 10 0 13 21 0 0 11 13 7 0 0 0 1 0 0 0 0 13 0 0 2 0 0 0 0 0 12 8 0 0 0 0 0 0 0 0 0 0 0 0 0 0 0 0 0 0 2 0 0 0 0 0 0 0 0 0 0 0 0 0 0 0 0 2 0 0 0 0 0 0 18 0 0 0 1 2 2 2 0 11 0 0 0 0 0 0 0 0 0 0 10 0 0 0 2 0 0 0 0 0 0 0 0 15 0 0 0 0 0 0 0 0 0 0 0 0 0 0 
 244 168 309 89 125 46 244 276 0 249 323 37 280 100 144 223 240 125 137 97 2 2 0 0 0 3 2 0 0 5 3 0 3 0 0 0 0 2 17 3 0 3 2 2 0 0 3 0 3 46 0 3 2 0 0 0 2 63 0 0 0 0 2 3 0 0 0 0 0 0 0 3 2 0 0 0 0 2 0 0 10 0 21 55 36 2 19 58 18 50 51 1 17 12 13 0 49 33 15 32 31 0 0 15 0 0 0 0 0 0 0 0 10 2 0 0 0 0 0 0 0 0 0 0 0 0 0 0 0 0 0 0 0 0 0 0 0 1 0 0 0 0 0 0 0 0 0 0 0 0 0 0 0 0 0 0 0 0 0 0 1 0 4 16 8 1 0 26 0 8 0 15 0 16 22 0 32 37 0 0 11 0 6 0 0 1 11 0 0 0 0 0 15 0 0 0 0 11 20 0 0 0 0 0 0 0 0 1 0 0 0 0 2 0 0 0 0 0 0 0 0 0 0 0 0 0 0 0 0 0 0 0 0 0 0 0 0 0 0 0 0 1 0 0 0 0 0 0 2 2 0 8 0 0 0 0 0 0 0 0 0 0 3 0 0 5 0 0 0 0 0 0 0 0 0 0 0 7 0 0 0 0 0 0 0 0 0 0 0 0 
 19 130 227 225 84 41 130 118 249 0 277 47 144 88 232 255 140 64 192 285 75 2 0 0 0 3 154 0 0 3 1 0 41 0 0 0 0 0 60 3 0 3 2 4 0 56 0 0 0 3 0 3 2 0 0 0 2 0 66 0 2 0 2 34 0 0 2 0 0 0 0 3 0 0 0 0 0 3 0 0 10 0 0 13 1 0 27 35 8 54 20 0 17 36 0 0 14 9 9 18 18 0 0 0 0 0 2 2 0 0 0 0 24 0 0 0 0 0 12 0 0 0 0 0 0 0 1 0 0 0 0 0 0 0 0 0 0 0 0 0 0 0 0 0 0 0 0 1 0 0 0 2 0 0 0 0 0 0 0 0 1 0 23 53 0 0 8 2 0 1 13 0 0 24 0 0 24 0 11 1 9 0 0 0 0 0 10 0 0 0 0 20 0 0 0 0 1 0 28 0 0 11 0 0 0 0 0 0 0 11 0 0 0 0 0 0 0 0 0 0 0 0 0 1 0 0 0 0 0 0 0 0 0 0 0 0 0 12 0 0 0 0 0 0 0 0 2 0 0 2 0 6 0 0 0 0 0 0 0 0 0 0 0 0 0 0 0 0 0 0 0 0 0 0 0 14 0 0 0 0 0 0 0 0 0 0 0 0 0 0 
 147 116 233 46 82 97 49 37 323 277 0 196 167 63 171 163 202 67 52 253 2 2 0 0 0 3 0 84 0 3 0 75 81 73 5 0 0 0 74 77 0 3 2 0 0 0 0 0 0 3 0 3 2 0 0 0 2 0 0 0 0 0 2 3 0 0 0 0 0 0 0 3 0 0 0 0 0 2 0 0 19 69 0 18 22 0 35 19 2 5 37 29 0 0 0 31 22 16 2 0 0 0 0 0 0 0 19 13 13 0 0 0 31 0 10 0 0 0 9 8 0 0 0 12 0 0 0 0 0 0 0 0 0 0 0 0 0 0 0 0 0 0 0 0 0 0 0 0 0 0 0 0 0 0 0 0 0 0 0 0 10 22 0 0 72 18 8 39 7 18 0 3 0 0 13 11 12 21 0 0 0 14 0 0 0 0 18 0 0 0 0 0 1 0 0 10 0 0 3 17 0 1 0 0 0 55 0 0 0 0 0 1 0 0 0 0 0 0 0 0 0 0 0 0 0 0 0 0 0 0 0 0 0 0 0 0 0 0 0 0 0 0 0 0 0 0 1 0 0 2 4 12 8 0 0 0 0 0 0 0 0 0 16 0 0 0 0 0 0 0 0 0 0 0 0 0 16 55 0 0 0 0 0 0 0 0 0 0 0 0 
 23 202 218 54 140 108 42 127 37 47 196 0 144 213 150 49 73 92 48 128 0 2 0 0 0 3 1 74 0 3 2 2 76 73 85 0 0 3 152 77 0 3 2 6 0 0 0 0 0 3 0 3 2 0 0 0 2 0 0 0 3 0 2 12 0 0 0 0 0 0 0 3 0 0 0 0 0 3 5 0 0 16 1 14 19 14 51 17 11 1 20 36 0 12 8 0 0 22 0 0 0 0 0 0 0 0 30 14 14 0 0 0 7 0 15 16 0 0 8 45 0 0 0 26 0 0 0 0 0 2 0 0 20 0 0 0 0 0 0 0 0 0 0 0 0 0 0 0 0 0 0 0 0 19 0 0 0 0 0 0 24 10 0 5 7 12 10 40 9 1 12 0 11 0 11 0 26 18 1 0 0 21 0 1 0 0 0 13 0 0 2 1 1 1 5 30 0 0 12 11 0 0 0 0 0 0 0 1 0 2 0 0 0 0 0 0 0 0 0 0 0 0 0 1 0 0 0 0 0 13 0 0 0 0 0 0 0 0 0 0 0 0 0 0 0 1 87 0 0 135 2 21 0 0 0 0 0 0 0 0 0 0 11 0 0 0 0 0 0 0 0 0 0 0 0 12 28 0 0 0 0 0 0 0 0 0 0 0 0 0 
 347 78 219 148 60 30 337 117 280 144 167 144 0 166 232 132 38 450 165 268 1 2 0 34 0 7 0 0 0 3 2 0 3 0 2 0 0 0 1 3 0 3 2 0 0 0 0 0 0 4 0 9 2 0 0 0 53 0 0 0 3 3 2 2 0 0 0 0 0 0 0 3 0 0 0 0 0 3 0 0 4 30 14 13 0 0 15 0 51 0 3 0 29 10 0 12 6 20 24 9 0 0 0 0 0 0 0 0 0 0 0 0 10 0 0 0 28 0 0 0 0 0 0 0 0 1 0 0 0 0 0 0 2 0 0 0 0 0 0 0 0 0 0 0 0 0 0 5 0 0 0 0 0 0 9 0 0 0 0 0 8 14 25 0 29 15 0 11 0 0 0 17 33 32 1 0 1 8 10 0 0 0 0 0 0 0 0 0 0 0 0 0 3 0 0 0 0 0 0 20 11 0 0 0 0 0 0 0 0 0 0 0 0 0 0 0 0 0 0 21 0 0 0 0 1 0 0 0 0 0 0 0 0 0 0 0 0 0 2 0 0 0 0 0 0 0 0 0 0 88 0 12 0 0 1 0 0 0 0 0 0 0 0 0 0 0 0 0 0 0 0 0 0 2 0 0 11 0 0 0 0 0 0 0 0 0 0 0 0 0 
 33 237 138 74 66 40 130 83 100 88 63 213 166 0 221 31 269 120 105 161 4 5 0 0 3 8 0 0 3 5 3 0 3 0 0 3 45 2 3 7 3 6 10 1 6 2 0 0 0 3 2 6 4 0 4 3 2 0 2 0 1 0 3 57 0 0 2 0 0 2 0 3 0 2 4 0 2 2 0 0 9 30 0 0 0 0 27 0 32 7 26 10 0 50 0 0 13 23 0 10 16 0 1 0 0 7 0 0 0 0 0 0 0 0 0 0 0 0 0 0 0 0 0 6 0 0 0 12 0 0 1 0 0 0 0 0 1 0 0 0 0 0 0 0 0 0 0 0 2 0 18 0 2 9 0 0 0 0 0 0 26 17 9 1 2 34 23 19 67 0 11 16 0 17 0 0 6 3 13 35 8 0 0 8 0 0 0 0 0 0 0 0 1 0 0 0 0 0 1 0 0 0 0 0 0 0 0 0 0 0 0 0 0 0 0 0 0 0 0 0 0 0 0 0 0 0 0 0 2 28 0 0 0 0 0 0 0 0 2 0 0 0 0 0 0 0 0 0 3 50 22 15 0 0 0 0 0 0 0 0 0 0 10 0 0 0 0 0 0 0 0 0 0 0 0 0 9 0 0 0 0 0 0 0 0 0 0 0 0 2 
 141 119 285 256 353 46 155 431 144 232 171 150 232 221 0 704 41 385 135 87 1 2 0 0 0 3 0 0 0 3 1 0 3 0 0 0 4 0 15 3 0 3 2 2 0 0 0 0 0 3 0 54 2 0 0 0 2 0 0 0 2 0 50 2 0 0 0 0 0 0 0 3 0 0 0 0 0 3 0 0 32 0 8 44 30 0 21 12 68 28 1 19 0 12 12 0 26 45 11 0 0 0 0 0 0 0 0 0 0 0 0 0 1 0 0 0 0 0 0 0 0 0 0 0 0 0 0 0 0 0 0 0 0 0 0 0 0 0 0 0 0 0 0 0 0 0 0 0 0 0 0 0 0 0 0 0 6 0 0 0 25 0 0 29 0 9 18 10 0 0 3 19 0 15 27 0 19 17 52 0 11 0 0 0 0 0 0 0 0 0 0 0 25 0 0 0 0 0 18 0 0 0 0 0 0 0 0 0 0 0 0 0 0 0 0 0 0 0 0 0 0 0 0 0 0 0 0 0 0 0 0 0 0 0 0 0 0 0 0 0 0 2 0 0 0 2 89 0 2 90 0 3 0 0 0 0 0 0 0 0 0 0 1 0 0 0 0 0 0 0 0 0 0 0 0 10 13 32 0 0 0 0 0 0 0 0 0 0 0 0 
 114 56 238 275 179 70 24 345 223 255 163 49 132 31 704 0 156 295 252 165 1 2 2 4 1 3 0 0 0 4 1 0 3 0 1 2 0 0 78 3 0 3 2 0 0 0 0 3 0 3 0 3 2 0 0 0 2 1 0 0 3 0 2 2 0 0 0 0 0 0 0 3 0 0 0 4 0 3 0 0 29 3 11 22 0 1 59 56 35 42 21 15 19 11 1 15 25 56 16 25 0 0 0 0 0 0 0 0 0 0 0 0 0 0 0 0 0 0 13 0 0 0 0 2 0 0 0 0 0 0 0 0 0 0 0 0 0 2 0 0 0 0 0 0 0 0 0 0 0 0 0 0 0 0 0 0 0 1 0 0 23 17 4 17 38 0 22 14 0 0 0 55 0 9 22 6 12 3 12 0 20 0 0 0 0 0 2 0 0 0 0 0 0 7 0 0 0 0 15 0 0 0 0 0 0 0 0 0 0 0 0 0 0 0 0 0 0 0 0 0 0 0 0 0 0 0 0 0 0 0 0 0 0 0 0 0 0 0 0 0 0 7 0 0 0 0 89 0 0 0 10 3 6 0 0 0 0 0 0 0 0 0 0 0 0 0 0 0 0 0 0 0 0 0 0 11 0 0 0 0 0 0 0 0 0 0 0 0 0 0 
 41 109 222 64 82 275 31 214 240 140 202 73 38 269 41 156 0 145 44 267 1 2 0 0 2 3 160 1 0 3 1 0 3 0 0 0 0 2 20 78 0 40 2 1 0 0 0 0 0 3 0 3 2 0 0 0 2 0 0 0 1 0 2 3 0 0 0 0 0 0 51 3 0 0 0 0 0 2 0 0 0 17 15 13 1 0 0 43 13 40 3 0 0 32 0 0 51 21 0 24 26 0 0 0 2 0 0 0 0 0 0 0 28 0 0 4 0 0 30 0 0 0 0 0 0 0 0 0 0 0 0 0 0 0 0 0 0 0 0 0 0 0 0 0 0 0 0 0 0 0 0 0 0 0 0 0 0 0 0 0 32 7 0 10 0 12 0 0 10 11 10 43 3 62 0 19 0 0 0 21 22 0 0 0 2 0 17 0 0 0 0 0 2 0 0 0 0 0 12 10 0 0 0 0 1 0 0 0 0 0 0 0 0 0 0 0 0 0 2 0 0 0 0 0 0 0 0 0 0 0 0 0 0 0 0 0 0 1 0 0 0 0 0 0 0 0 1 1 8 3 16 18 0 0 0 0 0 0 0 0 0 0 0 0 0 0 1 0 0 0 0 0 0 0 0 0 0 7 0 0 0 0 0 0 0 0 0 0 0 0 
 24 48 341 223 46 60 169 52 125 64 67 92 450 120 385 295 145 0 211 126 2 2 2 0 3 6 2 1 0 3 5 0 3 3 1 1 0 0 0 3 0 3 2 0 0 0 0 0 2 3 0 3 2 0 0 0 5 0 0 0 1 0 3 3 0 0 1 0 0 0 2 4 1 0 0 1 0 2 0 0 0 14 9 1 0 0 37 22 39 37 24 15 0 24 5 11 33 12 20 9 0 0 7 0 0 0 1 1 0 0 0 0 0 0 0 1 0 0 27 0 0 0 0 10 0 0 0 0 0 0 0 0 0 0 0 0 0 0 0 17 0 0 0 0 0 0 0 0 0 0 0 0 0 0 0 0 0 1 0 0 15 35 11 10 11 10 19 0 14 0 1 29 0 0 4 13 0 15 21 1 7 0 0 0 0 0 1 0 23 0 0 0 1 11 0 0 0 0 0 0 0 0 0 0 0 0 0 0 0 0 2 0 0 0 0 0 0 1 0 0 0 0 0 0 0 0 0 0 0 2 0 0 0 0 0 0 0 0 0 0 0 7 0 0 0 1 2 0 84 1 13 6 0 0 0 0 0 0 0 0 0 0 0 0 0 0 0 0 0 0 0 1 0 0 0 16 0 0 0 0 0 0 0 0 0 0 0 0 0 0 
 228 132 24 135 91 72 384 452 137 192 52 48 165 105 135 252 44 211 0 263 1 2 0 0 0 5 0 0 0 3 17 2 3 0 0 2 0 0 0 3 0 3 8 0 0 0 0 0 27 6 0 3 2 0 3 0 2 2 0 0 0 0 35 3 0 0 0 0 0 0 0 3 0 0 0 0 0 2 0 0 18 31 5 17 2 0 17 9 51 19 1 7 14 1 28 10 31 20 10 23 0 0 0 0 0 0 0 0 0 0 0 0 1 0 2 0 0 0 0 0 0 0 0 0 0 0 0 0 0 0 0 0 0 0 0 0 0 0 0 0 0 0 0 0 0 0 0 0 0 0 2 0 0 0 0 2 0 10 0 0 14 0 0 11 1 1 15 9 0 34 14 15 0 0 31 39 1 50 17 21 0 2 0 0 0 0 0 0 0 0 0 0 0 0 2 0 0 0 0 0 0 2 0 0 0 0 0 0 0 0 0 0 0 0 0 0 0 0 0 0 2 0 0 0 0 0 0 0 0 0 0 0 0 0 0 0 15 0 0 0 0 0 0 0 0 1 89 1 0 0 1 15 0 0 0 0 0 0 0 0 0 0 0 0 0 0 0 0 0 0 0 0 0 0 0 10 0 0 0 0 0 0 0 0 0 0 0 0 0 0 
 53 75 106 58 68 40 23 145 97 285 253 128 268 161 87 165 267 126 263 0 160 2 5 4 3 5 3 0 0 3 3 0 3 0 0 1 2 0 0 3 0 4 47 4 81 2 0 0 9 8 0 3 2 3 7 2 2 0 0 0 6 0 4 2 0 0 0 0 2 1 0 3 0 5 3 0 0 5 1 4 12 24 22 14 9 0 28 10 33 2 38 20 2 18 9 14 0 30 27 2 0 0 0 0 1 0 0 0 0 0 0 0 13 0 0 0 0 0 1 0 0 0 0 0 0 0 0 0 0 0 0 2 0 0 0 0 0 0 1 0 0 0 0 0 0 0 0 12 0 0 0 0 0 0 0 0 0 7 0 0 1 12 0 0 14 40 1 10 0 10 14 13 24 2 10 12 0 10 14 26 0 0 0 0 1 0 0 0 0 0 0 0 0 0 0 0 0 0 0 15 0 0 0 0 2 0 0 0 0 0 0 0 0 0 0 0 0 0 1 0 0 0 0 0 0 0 0 0 0 0 0 2 0 0 0 2 0 0 0 0 0 0 0 0 0 0 0 2 2 92 0 8 11 0 0 0 0 0 0 0 0 0 0 0 0 0 1 0 0 0 0 0 0 0 0 0 7 0 0 0 0 0 0 0 0 0 0 0 0 0 
 1 1 2 0 1 80 1 1 2 75 2 0 1 4 1 1 1 2 1 160 0 254 353 203 149 242 90 300 51 156 78 337 209 58 242 142 42 264 130 158 0 0 0 65 15 0 0 2 0 0 2 1 0 3 0 203 0 0 0 0 0 0 0 0 0 2 3 2 0 0 0 0 0 5 0 3 0 0 0 0 0 0 1 0 0 10 1 0 0 10 0 0 0 0 0 0 0 0 0 0 9 49 11 12 11 0 0 42 62 30 18 1 0 11 20 2 16 20 14 11 0 0 2 0 0 0 19 0 0 0 0 0 0 0 0 0 0 0 0 0 0 0 0 0 12 1 0 0 0 0 0 0 0 0 6 0 0 0 0 0 0 0 0 14 0 0 0 0 0 0 3 0 0 0 0 0 23 0 0 0 14 24 16 11 0 4 0 24 9 55 6 32 0 0 5 42 27 16 2 0 1 9 0 0 0 0 1 0 0 0 0 0 1 0 0 0 0 0 0 0 0 0 0 0 0 1 0 0 0 0 0 0 0 0 0 0 0 0 0 0 0 0 0 0 0 0 0 0 0 73 0 0 2 0 2 2 2 78 74 3 14 1 0 0 0 0 0 0 0 2 0 0 0 1 0 15 0 0 0 0 0 0 0 0 0 16 0 0 0 0 
 2 2 4 2 77 91 2 2 2 2 2 2 2 5 2 2 2 2 2 2 254 0 269 313 111 100 70 77 126 195 115 80 282 136 182 163 112 214 210 64 7 0 0 2 0 0 0 2 0 0 67 0 0 3 0 0 2 0 60 5 0 0 0 0 0 2 1 2 0 0 0 6 0 8 0 3 1 0 0 0 0 0 1 0 0 5 0 0 0 0 0 0 0 0 0 0 0 0 0 0 0 11 11 6 7 0 10 2 0 3 2 0 0 8 1 55 16 51 13 18 0 67 2 0 0 0 14 0 0 12 0 1 0 0 0 0 0 17 13 7 0 0 4 0 2 0 1 1 0 0 0 0 0 0 0 0 0 0 0 0 0 0 0 0 0 10 0 0 0 0 0 0 0 0 0 0 0 0 0 0 8 0 11 28 0 0 0 12 1 48 39 13 0 17 0 21 28 26 2 5 23 0 0 0 1 0 0 0 0 0 0 0 19 0 0 0 3 0 0 2 0 0 0 0 0 0 0 0 10 7 0 0 0 0 0 0 0 0 0 0 0 0 0 0 0 0 0 0 0 0 0 0 0 0 16 0 2 0 1 0 3 0 0 0 0 0 8 0 0 0 0 0 0 0 0 0 0 0 0 0 0 2 0 0 0 10 15 0 0 0 
 4 0 0 0 0 0 1 0 0 0 0 0 0 0 0 2 0 2 0 5 353 269 0 338 400 49 67 83 558 133 123 199 69 112 190 111 64 320 252 66 3 0 0 2 0 0 0 2 0 0 2 0 0 3 0 0 1 0 125 63 0 0 0 0 0 2 3 2 0 1 0 6 0 12 0 3 0 0 0 0 0 0 0 0 0 0 0 0 0 0 0 0 7 0 0 0 0 0 0 0 9 31 9 24 12 1 8 15 9 0 5 10 0 9 20 0 19 49 0 14 43 8 10 0 0 0 3 0 0 0 0 0 18 0 0 0 1 0 14 20 0 0 0 0 0 0 0 0 0 0 0 0 0 0 0 0 0 0 0 0 0 1 0 0 0 0 0 0 0 0 0 0 7 0 0 0 8 2 0 0 23 0 16 0 1 9 0 31 24 46 79 0 0 0 4 40 18 11 0 0 13 0 0 0 0 0 14 2 0 0 0 0 41 0 0 0 22 0 1 15 0 0 0 0 0 0 0 0 0 0 0 0 0 0 0 0 0 0 0 2 0 0 0 0 0 0 0 0 0 0 0 0 0 0 14 0 0 123 1 3 0 0 0 0 0 0 5 0 0 0 0 0 0 0 0 0 0 0 0 12 0 12 0 0 0 0 11 0 0 0 
 0 11 3 0 1 79 0 0 0 0 0 0 34 0 0 4 0 0 0 4 203 313 338 0 472 111 488 157 176 182 218 202 171 162 73 119 165 155 119 142 5 0 2 2 1 0 0 5 3 0 2 0 3 3 1 0 0 0 64 4 4 0 0 0 1 2 3 2 2 0 0 3 0 65 3 5 0 2 1 2 0 0 0 1 0 7 0 0 24 0 1 0 0 0 0 0 11 0 0 0 0 17 0 10 20 0 1 10 4 9 0 10 0 21 0 14 15 50 0 2 0 0 0 0 0 0 0 1 0 0 0 0 11 0 2 0 0 0 16 10 0 0 0 0 0 0 0 0 0 0 0 0 0 0 7 0 0 0 1 0 45 0 0 0 0 0 0 0 0 2 0 0 0 0 0 0 0 0 0 0 35 26 22 24 12 17 0 6 20 10 25 13 0 11 10 58 28 1 0 13 60 0 0 0 0 0 12 13 0 0 0 0 53 0 0 0 0 0 14 24 0 0 0 2 0 0 0 0 0 0 0 0 0 0 0 0 0 0 0 0 0 0 0 0 0 0 0 0 0 0 0 0 0 0 4 0 2 85 78 2 11 0 0 0 0 0 0 0 0 0 0 0 0 0 0 0 0 0 0 22 0 18 0 0 5 1 0 0 0 0 
 0 4 0 0 2 0 0 0 0 0 0 0 0 3 0 1 2 3 0 3 149 111 400 472 0 82 265 67 258 249 445 312 156 76 221 352 369 126 58 104 22 2 0 4 3 2 4 2 0 0 3 0 0 3 3 0 0 1 21 74 3 0 2 0 0 3 3 3 0 0 0 0 0 7 6 3 0 0 3 2 0 0 0 0 0 0 0 0 0 0 0 0 0 0 0 0 0 19 0 0 0 13 9 0 23 0 0 4 0 0 22 15 0 0 15 9 21 14 0 0 11 7 0 0 0 0 43 8 0 0 0 0 13 26 12 0 0 12 10 0 0 0 0 0 0 0 0 0 15 0 0 0 0 4 0 0 0 0 0 0 0 0 0 0 0 0 0 0 0 0 0 0 3 0 0 0 25 0 0 0 13 0 29 13 0 15 0 12 13 20 0 33 0 0 0 0 1 16 0 0 41 9 0 0 0 0 25 10 2 0 0 0 25 14 2 0 12 1 10 64 0 0 9 0 0 0 2 0 0 0 0 0 0 2 0 0 0 0 0 0 0 0 0 0 0 0 0 0 0 0 0 0 0 2 4 2 2 5 2 1 2 13 0 0 0 0 4 0 0 0 0 0 0 0 0 0 0 0 0 0 0 21 0 0 0 14 0 0 0 0 
 3 5 4 3 3 6 5 3 3 3 3 3 7 8 3 3 3 6 5 5 242 100 49 111 82 0 20 33 167 62 286 53 16 125 34 39 76 52 265 52 0 1 3 2 3 0 110 139 0 0 2 0 282 65 2 0 65 101 63 152 0 0 0 0 0 2 2 2 0 0 0 3 0 3 7 3 0 70 0 0 0 0 0 1 0 0 0 0 0 0 0 0 0 0 0 1 0 0 0 0 0 0 0 21 0 28 0 0 0 0 0 0 0 0 0 0 7 12 0 2 17 39 8 9 0 0 0 0 29 0 0 0 10 48 11 49 14 0 31 17 0 4 0 1 0 0 0 0 0 0 0 0 0 0 0 0 0 0 0 12 0 0 0 0 0 0 0 0 0 0 7 0 0 0 0 0 0 0 0 0 18 10 0 0 27 42 0 0 0 0 1 9 0 0 0 12 0 0 20 0 12 21 19 5 0 0 0 15 0 0 0 0 9 20 45 17 20 3 50 20 0 0 0 2 0 0 0 0 0 0 2 0 0 0 0 0 0 0 0 2 0 0 0 0 0 0 0 0 0 0 0 0 0 0 9 0 0 5 74 0 2 0 0 0 0 0 0 0 0 0 1 0 0 0 0 0 0 0 0 0 0 0 0 0 0 0 0 0 0 0 
 2 6 34 75 64 148 0 0 2 154 0 1 0 0 0 0 160 2 0 3 90 70 67 488 265 20 0 167 38 241 283 40 191 39 68 21 49 36 103 137 0 0 0 2 2 0 0 2 0 0 2 0 0 3 0 0 0 0 0 0 40 37 0 0 2 3 3 2 0 0 0 0 0 3 0 3 0 0 0 0 0 0 10 24 20 22 0 0 0 9 0 13 0 0 0 0 0 0 0 0 30 0 10 7 0 0 22 13 0 0 0 0 4 8 22 46 11 0 53 1 0 0 0 0 0 0 0 0 0 0 0 0 0 0 0 0 0 0 0 14 2 1 0 0 0 0 3 4 0 0 0 0 1 3 1 0 0 0 0 2 0 0 21 52 1 0 0 0 10 0 0 25 0 0 0 14 0 0 0 0 1 15 11 1 0 0 29 1 21 0 0 0 26 10 43 13 0 0 0 3 0 9 0 0 0 0 0 0 0 0 0 0 0 13 0 0 0 0 0 0 0 0 0 0 0 0 0 0 0 0 0 0 0 0 0 0 0 0 0 0 0 0 0 0 0 0 18 1 0 79 0 0 0 0 4 0 2 0 0 2 0 0 0 0 0 0 0 0 0 0 0 0 0 0 0 10 0 10 0 0 0 0 0 0 0 0 0 0 0 0 
 0 0 0 0 86 152 0 0 0 0 84 74 0 0 0 0 1 1 0 0 300 77 83 157 67 33 167 0 72 121 105 17 118 143 393 214 40 116 107 115 0 0 0 2 0 0 0 2 0 0 2 0 3 6 0 204 3 0 0 7 0 3 3 0 0 3 6 3 5 0 0 0 0 6 0 3 0 2 0 0 0 0 0 0 8 0 0 0 0 0 0 33 0 0 0 0 0 0 0 0 21 29 19 68 0 0 28 62 37 29 9 9 6 18 33 1 50 0 7 21 0 0 0 0 0 0 0 0 0 0 0 0 0 0 0 0 0 0 0 35 0 0 0 0 0 0 0 0 0 0 0 0 0 0 30 0 0 0 0 0 0 0 0 0 22 0 0 0 0 0 0 0 0 0 0 0 0 0 0 0 17 17 0 14 7 3 7 28 32 15 3 0 21 12 22 41 43 0 0 0 10 0 0 0 0 0 0 0 0 0 0 0 1 0 0 4 0 0 12 6 0 0 0 0 0 0 0 0 0 0 0 0 0 0 0 0 0 0 0 0 0 5 0 0 0 0 15 0 0 1 0 0 0 10 11 0 1 198 0 1 0 0 0 0 0 0 0 0 0 0 0 0 0 0 0 0 0 0 0 0 0 0 0 0 0 0 0 0 0 0 
 0 0 2 0 0 73 0 0 0 0 0 0 0 3 0 0 0 0 0 0 51 126 558 176 258 167 38 72 0 377 101 41 99 154 76 140 263 324 77 292 0 1 0 2 0 0 0 2 0 2 2 0 0 4 0 0 0 0 74 78 0 3 0 1 0 4 3 3 0 0 1 10 0 40 0 3 0 0 0 0 0 0 0 0 7 24 0 0 0 0 0 0 0 0 0 0 0 0 0 0 13 27 0 22 7 0 11 0 0 10 23 0 0 11 8 9 36 31 2 10 2 8 0 0 0 0 17 1 0 2 0 0 1 2 0 0 0 0 28 25 0 0 0 0 0 0 0 0 0 1 0 0 0 0 8 0 0 0 0 0 0 0 2 0 0 0 0 0 0 0 0 0 8 0 0 0 2 14 0 0 0 0 35 15 22 0 8 12 11 17 32 7 23 0 15 0 0 73 0 15 19 0 0 0 0 0 12 20 0 0 0 0 13 0 0 40 13 0 0 0 0 0 0 0 0 0 0 0 0 0 0 0 0 0 0 0 0 0 0 0 0 0 1 0 0 1 0 0 0 0 0 0 0 0 26 2 0 75 0 1 4 0 0 0 0 0 12 0 0 0 0 0 0 3 0 0 0 0 0 10 0 2 0 0 0 0 11 0 0 0 
 3 9 3 3 3 65 3 3 5 3 3 3 3 5 3 4 3 3 3 3 156 195 133 182 249 62 241 121 377 0 404 111 323 202 167 196 195 48 181 261 0 0 62 2 0 0 0 64 0 0 2 0 0 3 0 0 0 0 0 0 0 0 0 0 0 4 3 2 5 0 0 0 0 3 0 3 2 0 0 0 0 0 0 0 0 0 0 0 0 0 0 0 0 0 0 0 0 0 0 0 0 17 56 0 14 0 0 7 0 30 21 4 0 12 0 12 12 50 0 3 0 0 0 0 0 0 12 0 0 0 0 0 0 0 0 4 0 0 0 0 0 0 3 0 1 0 0 0 0 0 0 0 0 0 0 0 0 0 0 0 0 0 0 0 0 8 17 0 0 0 0 0 2 0 0 0 9 0 0 0 8 22 12 23 0 0 1 44 0 30 1 20 0 6 0 32 27 36 0 0 3 0 0 0 0 0 0 0 0 0 0 0 6 0 0 0 0 0 1 27 0 0 0 0 0 0 2 0 0 0 2 0 0 0 0 0 0 0 10 2 0 0 0 0 0 0 0 0 0 0 0 0 0 0 7 0 2 21 0 0 3 0 0 0 0 0 0 0 0 0 0 0 0 0 0 0 0 0 0 0 0 0 0 0 0 14 0 0 0 0 
 1 4 0 2 1 2 1 1 3 1 0 2 2 3 1 1 1 5 17 3 78 115 123 218 445 286 283 105 101 404 0 217 40 43 82 292 195 303 141 172 66 64 0 2 0 0 0 2 0 0 2 0 0 3 0 0 0 0 62 59 51 63 3 0 0 2 2 2 0 0 0 0 0 33 0 3 0 0 0 0 0 0 0 0 0 0 0 0 0 0 0 2 0 0 0 0 0 0 8 0 0 0 11 2 12 15 0 0 0 8 0 28 0 10 7 9 0 19 0 0 16 10 0 0 0 0 17 12 0 0 9 0 24 8 6 0 0 0 18 0 0 0 0 6 0 0 0 0 1 0 0 0 0 3 0 0 0 0 0 0 0 0 0 0 2 0 0 0 0 0 0 0 0 0 0 0 28 0 0 0 13 7 15 7 0 3 0 5 15 19 1 18 0 0 2 21 23 1 0 0 49 12 0 0 0 0 10 40 24 0 0 0 16 12 0 1 19 7 14 54 0 0 0 0 0 0 0 0 0 0 0 0 0 0 0 0 21 0 0 0 0 0 0 0 0 0 0 0 0 0 0 0 0 0 2 0 2 75 68 1 14 41 0 0 0 0 0 0 0 0 0 0 0 0 0 0 0 0 0 10 0 25 0 0 0 2 0 0 0 0 
 0 0 2 0 0 2 0 0 0 0 75 2 0 0 0 0 0 0 2 0 337 80 199 202 312 53 40 17 41 111 217 0 45 137 37 51 286 94 23 39 137 63 0 2 0 0 0 3 1 0 2 0 0 130 0 1 66 0 147 0 0 0 5 0 0 3 3 3 0 0 0 0 0 3 0 3 0 0 0 0 0 0 0 0 0 0 0 0 0 0 0 0 0 11 0 0 0 0 0 0 0 0 0 19 0 14 0 0 1 0 0 38 0 0 0 0 0 39 0 0 18 0 1 0 0 0 31 13 0 0 0 0 24 10 8 10 0 0 16 0 0 0 0 4 0 0 0 0 0 0 0 0 0 5 0 0 0 0 0 0 0 0 0 1 0 2 0 0 0 0 0 0 0 11 0 0 0 0 0 0 0 1 10 13 22 31 2 37 0 20 19 3 0 0 0 12 27 10 0 0 65 13 0 0 0 0 44 43 7 0 8 10 22 17 0 7 0 20 11 55 2 0 0 0 0 0 13 0 0 0 0 0 0 11 0 0 0 0 0 0 0 0 0 0 0 0 0 0 0 0 0 0 0 40 0 0 2 79 1 0 2 12 0 0 0 0 0 0 0 0 0 0 0 0 0 0 0 2 0 13 0 23 0 0 0 0 0 0 0 0 
 3 77 6 3 150 174 3 3 3 41 81 76 3 3 3 3 3 3 3 3 209 282 69 171 156 16 191 118 99 323 40 45 0 463 39 70 238 38 157 177 0 0 22 2 0 0 0 2 0 0 2 0 0 3 0 0 0 0 0 0 0 0 0 0 0 2 2 2 0 0 0 0 0 3 0 3 0 0 0 0 0 0 1 18 0 9 0 7 0 0 0 13 0 0 0 0 0 0 0 0 0 14 0 0 0 0 9 8 16 6 11 0 15 12 0 23 0 0 31 27 0 0 0 0 0 0 0 0 0 0 0 0 0 0 4 0 0 0 0 0 0 0 0 0 0 0 0 0 0 0 0 0 0 0 0 0 0 0 0 0 0 0 13 14 13 0 0 0 0 12 38 1 0 0 0 1 17 24 0 0 0 39 0 17 0 0 13 8 0 11 25 0 39 8 0 7 18 8 28 20 0 1 0 0 0 0 0 0 0 0 0 0 0 0 0 0 0 0 0 0 0 0 0 0 0 0 0 0 0 0 9 0 0 0 0 0 0 0 0 0 0 0 44 0 0 0 0 0 0 0 0 0 0 0 0 1 0 0 1 0 1 0 0 0 0 0 0 0 0 0 6 0 0 0 0 1 10 1 0 0 0 0 0 0 0 0 0 0 0 0 
 0 0 0 0 30 73 2 0 0 0 73 73 0 0 0 0 0 3 0 0 58 136 112 162 76 125 39 143 154 202 43 137 463 0 155 354 34 325 63 188 0 0 0 2 1 0 0 2 0 0 2 0 0 3 0 0 0 0 1 0 0 0 0 0 0 2 1 2 18 0 0 0 0 3 0 3 1 0 0 18 0 0 19 16 0 0 0 0 0 0 2 11 0 0 0 0 0 0 0 0 0 13 23 1 0 0 0 11 12 25 33 1 34 0 15 2 17 64 8 15 0 0 0 0 0 0 20 0 0 0 0 0 0 0 1 0 0 0 1 0 0 0 0 0 6 0 0 0 0 0 0 0 0 0 2 0 0 15 2 0 5 0 0 0 8 0 0 0 0 14 0 0 5 0 0 0 2 14 0 0 36 37 12 15 5 0 12 47 0 30 0 0 0 8 0 34 68 4 16 29 16 0 0 0 0 0 1 0 0 0 0 0 39 0 0 0 1 0 11 20 0 0 0 0 0 0 0 0 0 0 12 0 2 0 0 0 0 2 0 0 0 0 0 0 0 0 0 0 0 0 0 0 0 0 10 0 2 1 2 0 4 1 0 0 0 0 0 0 0 0 0 0 0 0 0 0 15 0 0 0 0 0 0 0 0 0 0 0 0 0 
 0 0 0 0 41 75 0 0 0 0 5 85 2 0 0 1 0 1 0 0 242 182 190 73 221 34 68 393 76 167 82 37 39 155 0 168 282 285 292 126 0 0 0 2 0 2 0 2 0 0 70 0 0 3 0 0 3 4 2 1 0 0 0 6 0 2 4 2 0 3 3 0 4 3 0 4 1 3 7 0 0 0 0 0 9 0 2 0 0 0 0 15 0 0 0 0 0 0 0 0 30 34 12 2 16 0 20 0 17 20 53 1 0 10 39 18 37 27 0 19 0 39 0 0 0 0 36 0 0 0 0 0 3 0 0 0 0 14 0 13 0 0 0 0 0 0 0 0 0 0 0 0 0 0 0 0 0 0 0 0 0 0 0 0 1 0 0 0 0 0 0 0 8 0 0 0 15 0 0 0 0 0 31 0 2 8 17 29 19 12 0 13 24 10 37 20 0 43 0 0 2 0 0 0 0 0 0 0 0 0 0 0 0 2 0 0 0 0 0 0 0 0 0 0 0 0 0 0 0 0 0 0 0 0 0 0 0 0 0 0 0 1 1 0 0 0 37 0 0 0 0 0 0 0 7 0 0 3 0 1 0 0 0 0 0 0 0 0 0 0 0 0 0 0 0 1 0 0 0 0 0 0 0 0 0 28 0 0 0 0 
 0 0 22 0 0 0 0 0 0 0 0 0 0 3 0 2 0 1 2 1 142 163 111 119 352 39 21 214 140 196 292 51 70 354 168 0 219 172 448 154 0 0 0 2 0 0 0 2 0 0 2 1 0 3 1 0 0 0 1 22 0 0 0 0 0 3 4 3 18 0 0 0 0 3 0 3 0 0 0 0 0 0 0 0 0 72 0 0 0 0 0 2 0 0 0 0 0 0 0 0 1 46 24 20 12 0 0 11 18 17 14 11 0 45 16 17 14 11 0 7 0 0 0 0 0 0 15 10 0 0 0 0 0 0 0 2 0 0 0 0 0 0 0 0 0 0 0 0 0 0 0 0 0 0 0 1 0 0 0 9 0 0 0 0 2 0 0 0 0 0 0 0 0 0 0 0 8 0 0 0 14 8 0 17 0 8 0 30 2 47 9 20 0 0 10 30 32 34 0 0 0 0 0 0 0 1 0 0 0 0 0 0 5 0 0 0 0 0 2 12 0 0 0 0 0 0 0 0 0 0 0 0 0 0 0 0 0 0 0 0 0 0 17 0 0 0 0 0 0 0 0 0 0 0 9 2 0 62 45 0 14 1 1 0 0 0 0 0 0 0 0 0 0 0 0 0 0 2 0 0 0 0 0 0 0 11 0 0 0 0 
 0 3 0 0 75 154 4 0 0 0 0 0 0 45 4 0 0 0 0 2 42 112 64 165 369 76 49 40 263 195 195 286 238 34 282 219 0 382 320 139 0 0 0 2 0 0 1 2 0 0 2 0 0 3 0 0 0 0 125 11 0 0 0 0 0 3 3 3 0 0 0 0 0 3 0 3 1 0 12 0 0 0 2 1 9 19 0 0 0 0 0 0 7 0 0 0 0 0 0 0 46 8 11 28 0 1 23 4 17 0 0 20 0 15 9 20 0 18 0 40 0 0 11 0 0 0 9 0 0 0 0 0 4 0 0 0 1 0 0 0 0 0 3 0 2 0 1 2 0 0 0 0 0 0 0 0 0 0 0 0 0 0 0 0 0 9 0 0 0 0 0 0 0 0 0 0 0 0 1 0 10 0 0 0 0 2 25 37 0 16 21 9 43 29 50 1 0 33 1 0 12 0 0 0 2 0 3 2 0 0 0 0 24 0 0 7 0 0 2 5 0 0 0 0 0 0 0 0 0 0 0 0 0 0 0 0 0 0 0 0 0 0 0 0 0 0 0 0 0 0 0 0 0 0 4 0 0 42 0 2 1 1 0 0 0 0 0 0 0 0 0 0 0 0 0 0 0 0 0 9 0 0 0 18 0 0 0 0 0 0 
 0 1 0 2 0 0 0 0 2 0 0 3 0 2 0 0 2 0 0 0 264 214 320 155 126 52 36 116 324 48 303 94 38 325 285 172 382 0 117 47 3 0 2 2 3 6 1 6 0 0 2 0 0 4 0 0 0 2 68 66 0 2 0 0 0 2 3 2 2 1 2 18 0 13 0 3 0 1 2 0 1 0 0 0 9 9 0 1 0 0 0 0 2 0 0 0 1 0 0 0 11 9 0 29 7 0 0 1 0 31 26 11 0 15 16 0 30 40 0 20 8 8 0 0 0 0 3 0 0 0 0 0 16 16 0 0 0 0 27 24 0 0 0 0 0 0 0 0 0 0 0 0 0 0 0 0 0 0 0 0 0 0 0 0 0 0 0 0 0 0 0 0 10 0 0 0 7 0 0 0 38 19 38 17 0 7 0 50 18 41 20 23 0 1 49 21 13 11 0 0 13 0 0 0 0 0 11 0 0 0 0 0 10 0 0 0 23 0 24 11 0 0 0 0 0 0 0 0 1 0 0 0 0 2 0 0 0 0 0 0 0 0 0 0 0 0 0 0 0 0 0 0 0 0 20 0 0 2 76 1 22 1 0 0 0 0 6 0 0 0 0 0 0 0 0 0 0 0 0 0 0 8 0 2 0 0 11 0 0 0 
 0 0 74 29 155 222 0 72 17 60 74 152 1 3 15 78 20 0 0 0 130 210 252 119 58 265 103 107 77 181 141 23 157 63 292 448 320 117 0 297 0 0 0 3 0 0 0 2 0 0 2 0 0 3 0 0 0 0 0 0 26 0 0 9 0 2 3 2 0 0 0 0 0 3 0 3 0 0 7 0 0 0 0 6 1 9 1 6 0 12 0 18 0 0 0 0 13 0 0 0 32 0 11 31 0 0 20 1 53 11 0 0 21 8 40 23 0 9 18 38 0 0 0 0 0 0 0 0 0 0 0 0 1 0 0 0 0 0 0 0 0 0 4 0 0 0 0 0 0 0 0 0 0 0 0 0 0 0 0 0 0 0 0 8 10 16 0 0 0 0 0 0 0 0 0 0 0 0 0 0 21 42 0 6 1 0 7 22 0 16 14 14 9 42 11 8 6 0 9 10 0 0 0 0 0 0 0 0 0 0 0 0 0 1 0 0 0 0 0 0 0 0 0 0 0 0 0 0 0 0 0 0 0 0 0 0 0 0 0 0 0 0 0 0 0 0 0 0 0 0 0 0 0 0 51 0 0 0 75 2 10 2 7 0 0 0 0 0 0 0 0 0 1 0 0 0 0 0 0 0 0 0 0 0 0 0 0 0 0 0 
 3 5 40 4 157 102 3 3 3 3 77 77 3 7 3 3 78 3 3 3 158 64 66 142 104 52 137 115 292 261 172 39 177 188 126 154 139 47 297 0 1 0 0 2 0 0 0 2 0 1 3 0 202 3 0 0 0 0 0 0 0 0 0 0 0 3 3 3 0 0 0 0 0 3 0 3 0 1 3 1 2 0 13 9 0 10 0 0 1 2 1 18 1 0 0 0 2 0 0 0 10 26 0 22 0 2 36 9 27 34 28 9 10 55 15 36 0 3 41 39 0 0 0 0 0 0 0 0 0 0 0 0 0 0 0 0 0 0 0 0 0 0 0 0 0 0 14 0 0 0 0 0 0 0 0 0 0 0 0 0 0 0 0 0 13 0 0 2 0 1 0 18 0 0 1 11 0 0 0 0 0 48 1 61 0 0 21 9 0 24 20 3 39 40 0 11 12 0 0 15 0 0 0 0 0 0 2 0 0 0 0 0 0 0 0 0 0 0 0 0 0 0 0 0 0 0 0 0 2 0 0 0 0 0 0 0 0 0 0 0 0 0 13 0 0 0 0 0 0 0 0 0 0 0 12 2 0 75 2 2 3 0 0 0 0 0 0 0 0 0 0 0 0 0 0 0 0 12 0 0 0 1 0 1 1 0 0 0 0 0 
 0 0 0 0 0 0 0 0 0 0 0 0 0 3 0 0 0 0 0 0 0 7 3 5 22 0 0 0 0 0 66 137 0 0 0 0 0 3 0 1 0 174 88 109 56 36 32 243 117 302 85 18 104 117 63 32 262 27 72 39 0 0 29 0 0 0 0 6 0 0 0 0 0 0 0 0 0 0 0 0 0 0 0 0 0 0 0 0 0 0 0 0 0 0 0 0 0 0 0 0 0 0 0 0 17 18 0 0 0 0 0 21 0 0 0 0 0 4 0 0 0 10 0 22 21 6 12 20 14 1 0 0 15 9 46 18 29 0 10 2 0 0 0 0 0 0 0 0 0 0 0 0 0 4 0 12 0 0 0 0 0 0 0 0 0 0 0 0 0 0 0 0 0 0 0 0 0 0 0 0 0 0 12 13 7 10 0 0 0 0 0 6 0 0 0 4 4 0 0 0 4 8 27 0 0 0 46 8 15 26 8 0 11 27 7 0 19 6 21 22 0 0 0 0 0 0 0 0 0 0 0 0 0 0 0 0 0 0 3 6 0 0 0 0 0 0 0 0 0 0 0 7 0 2 0 0 0 1 0 2 0 11 2 0 0 1 0 0 1 0 0 0 0 0 0 0 0 0 0 0 0 27 0 0 0 0 0 0 0 0 
 3 7 3 3 3 6 3 3 3 3 3 3 3 6 3 3 40 3 3 4 0 0 0 0 2 1 0 0 1 0 64 63 0 0 0 0 0 0 0 0 174 0 375 97 20 258 71 215 42 151 367 162 262 43 52 88 288 97 64 120 7 10 2 3 3 1 0 1 6 2 1 0 0 5 0 28 0 6 0 2 0 0 0 0 0 0 0 0 0 0 0 0 0 0 0 0 0 0 0 0 0 0 0 0 0 14 0 9 0 0 0 28 0 3 0 0 0 0 0 3 0 0 0 3 10 25 44 22 8 25 18 0 7 10 21 23 1 0 11 11 35 0 5 14 0 0 1 0 10 0 10 15 5 1 21 5 0 0 0 29 0 0 0 0 0 0 0 0 0 0 0 0 0 0 0 0 0 0 0 0 0 0 0 0 0 0 0 0 0 0 0 0 0 0 5 0 0 0 0 0 25 0 14 7 9 1 10 0 81 2 1 60 0 0 0 0 10 10 11 11 0 14 0 2 8 0 0 0 0 5 36 8 29 6 6 0 0 6 13 34 0 0 0 0 0 0 0 0 0 0 0 14 0 0 0 0 0 0 0 0 0 0 0 0 24 2 1 83 1 0 5 0 0 0 0 0 0 0 0 0 0 0 0 0 0 0 0 0 0 0 
 6 7 2 2 2 5 2 2 2 2 2 2 2 10 2 2 2 2 8 47 0 0 0 2 0 3 0 0 0 62 0 0 22 0 0 0 0 2 0 0 88 375 0 119 60 362 59 375 176 154 352 57 322 60 305 125 256 185 248 39 13 0 0 0 0 1 0 0 0 0 0 0 76 0 0 5 0 0 1 50 5 4 20 0 0 0 0 0 32 0 0 0 0 4 7 4 0 3 3 0 0 1 0 0 0 0 0 0 0 0 0 18 0 0 0 0 0 0 0 0 9 10 1 20 10 0 0 0 11 0 0 23 0 0 0 11 10 24 0 0 8 5 0 0 0 0 7 9 6 0 0 0 12 11 13 0 7 15 0 12 3 6 0 0 0 0 7 0 0 8 5 0 0 0 4 5 0 24 0 15 0 15 0 0 0 0 0 0 0 0 0 0 0 0 0 0 0 0 0 0 0 1 13 8 0 25 0 7 19 24 15 17 0 0 11 0 0 8 0 0 15 1 0 0 1 14 18 0 0 0 0 0 20 9 29 24 0 0 0 0 0 0 0 0 0 0 0 0 0 0 0 7 0 2 0 0 0 0 0 13 0 0 1 2 1 3 2 1 0 0 16 0 0 0 0 0 0 0 0 0 0 0 0 0 9 0 0 10 1 0 
 0 0 22 11 4 0 0 4 2 4 0 6 0 1 2 0 1 0 0 4 65 2 2 2 4 2 2 2 2 2 2 2 2 2 2 2 2 2 3 2 109 97 119 0 368 102 159 80 191 153 82 121 129 342 78 142 99 369 78 107 0 51 0 0 0 1 0 4 0 0 0 0 0 0 0 0 0 0 51 0 0 0 0 12 0 0 0 7 0 14 0 0 0 0 0 0 1 0 0 0 0 0 0 0 12 1 0 0 0 0 0 0 0 0 0 0 0 0 1 0 0 1 20 7 26 0 0 5 9 29 28 42 9 6 68 8 3 42 0 18 7 0 9 0 0 0 0 0 1 0 0 3 10 1 0 11 7 2 13 12 27 0 0 6 0 4 0 5 12 0 0 0 0 0 0 0 0 0 0 0 5 0 0 0 0 0 0 0 0 0 0 0 0 0 0 0 0 0 1 0 0 0 15 6 0 1 29 1 0 18 20 23 0 10 0 9 21 19 0 0 7 6 0 0 0 0 25 12 1 0 0 8 0 0 0 11 0 0 11 2 0 0 0 0 0 0 0 0 0 0 0 9 0 2 0 0 0 0 0 0 0 0 71 0 0 0 0 0 0 0 0 0 0 0 0 0 0 0 0 0 0 3 0 0 1 0 0 11 0 0 
 0 0 0 0 0 0 0 0 0 0 0 0 0 6 0 0 0 0 0 81 15 0 0 1 3 3 2 0 0 0 0 0 0 1 0 0 0 3 0 0 56 20 60 368 0 320 100 298 76 136 345 44 131 123 289 269 64 55 64 78 69 77 0 0 0 6 132 1 0 0 0 0 0 53 0 54 0 0 23 53 0 0 0 0 0 0 0 0 0 0 0 0 0 0 0 0 0 7 0 0 0 0 0 0 0 0 0 0 0 0 0 0 0 0 0 0 0 0 0 0 0 0 12 0 19 9 0 0 11 24 27 0 1 0 0 0 12 3 0 0 18 11 6 0 0 4 1 1 0 0 0 37 7 0 10 0 38 0 39 22 0 0 0 3 0 0 0 0 0 0 0 0 0 0 0 0 0 0 0 0 0 0 0 0 0 0 0 0 0 0 0 0 0 0 0 0 0 0 0 0 0 0 0 0 30 12 0 0 11 0 0 0 0 0 19 15 0 0 0 0 13 38 0 8 1 0 24 10 4 0 0 0 33 1 0 2 0 32 0 3 0 0 12 0 0 0 0 0 0 0 0 0 0 0 0 0 0 0 0 0 0 0 0 1 0 2 2 5 0 0 0 0 1 0 0 0 0 0 0 0 0 0 0 0 0 10 0 0 0 0 
 0 0 0 0 0 0 0 0 0 56 0 0 0 2 0 0 0 0 0 2 0 0 0 0 2 0 0 0 0 0 0 0 0 0 2 0 0 6 0 0 36 258 362 102 320 0 39 342 134 42 160 162 37 66 123 93 75 82 63 81 67 55 1 11 0 0 84 0 9 1 10 3 6 55 67 62 10 53 0 56 0 0 0 0 0 0 0 0 0 0 0 0 0 0 0 0 0 0 0 0 0 0 0 0 0 0 0 0 0 0 0 0 0 0 0 0 0 0 0 0 0 0 1 7 0 1 0 0 0 0 0 11 0 0 0 0 0 6 0 0 62 14 0 0 1 0 25 20 0 2 9 8 12 0 39 0 12 0 29 23 0 1 0 0 0 0 0 0 0 0 0 0 0 0 0 0 0 0 0 4 0 0 0 0 0 0 0 0 0 0 0 7 0 0 0 0 0 0 0 0 0 0 0 0 1 24 0 0 21 0 6 11 0 0 0 0 0 0 0 0 0 0 10 0 1 0 11 34 7 0 8 0 48 11 1 4 3 23 0 53 0 0 0 0 0 0 0 0 0 0 0 13 0 0 0 0 0 0 0 0 0 0 1 1 1 5 2 63 5 0 7 0 0 0 0 0 0 0 0 0 0 0 0 0 0 0 0 0 0 0 
 0 0 0 0 0 5 0 0 3 0 0 0 0 0 0 0 0 0 0 0 0 0 0 0 4 110 0 0 0 0 0 0 0 0 0 0 1 1 0 0 32 71 59 159 100 39 0 160 57 112 30 305 102 117 136 177 33 118 40 207 0 0 0 0 0 7 0 5 0 0 0 0 0 0 0 0 0 2 0 0 0 0 0 0 0 0 0 0 0 0 0 0 0 0 0 0 0 0 0 0 0 0 0 21 11 15 0 0 0 0 0 42 0 0 0 0 0 0 0 0 27 6 28 13 0 32 0 0 14 7 31 14 13 30 0 10 0 9 0 14 0 4 0 0 0 0 0 0 0 0 0 0 0 0 0 0 0 0 0 2 0 18 0 0 0 0 0 0 0 0 0 0 0 0 0 0 21 0 0 0 0 0 0 0 11 23 0 0 0 0 0 0 0 0 0 0 3 0 0 0 0 0 0 37 15 0 0 9 23 0 1 0 0 1 40 7 0 20 13 26 0 0 0 0 0 0 3 0 0 0 0 0 0 0 1 0 0 0 2 15 0 0 0 0 0 0 0 0 0 0 0 2 0 0 0 0 0 0 0 0 0 0 0 0 15 0 0 0 0 0 0 0 0 0 0 0 0 0 0 0 0 0 0 0 0 5 0 0 0 0 
 0 0 0 0 0 0 0 50 0 0 0 0 0 0 0 3 0 0 0 0 2 2 2 5 2 139 2 2 2 64 2 3 2 2 2 2 2 6 2 2 243 215 375 80 298 342 160 0 100 51 99 31 260 445 112 101 186 111 52 167 7 9 0 0 50 2 7 8 0 0 1 1 28 2 7 2 18 0 5 9 0 0 0 0 0 0 0 0 0 0 0 0 0 0 0 0 0 0 0 0 0 0 0 0 16 8 0 0 0 0 0 15 0 0 0 0 0 0 0 0 22 0 25 0 12 0 0 0 7 0 40 0 0 0 0 9 13 1 21 6 8 11 0 0 0 0 2 0 0 6 0 0 27 0 0 0 7 28 14 8 0 0 0 0 0 0 0 0 0 6 0 0 0 0 0 0 11 0 0 0 0 0 0 0 0 2 0 0 0 0 0 0 0 0 0 0 0 0 0 0 1 11 24 0 16 0 0 22 15 19 1 28 19 43 7 8 12 0 21 0 0 0 2 0 0 0 1 8 0 0 0 0 9 18 7 14 11 0 0 12 0 0 11 0 0 0 0 0 0 0 0 0 0 0 0 0 0 0 0 0 0 0 66 0 0 2 0 9 0 0 4 0 0 0 0 0 0 0 0 0 0 0 0 0 15 10 0 0 0 0 
 0 10 0 0 0 0 0 0 3 0 0 0 0 0 0 0 0 2 27 9 0 0 0 3 0 0 0 0 0 0 0 1 0 0 0 0 0 0 0 0 117 42 176 191 76 134 57 100 0 112 164 40 87 148 179 201 183 269 73 84 0 0 0 0 0 0 1 6 0 0 0 0 54 0 0 0 0 0 16 0 5 3 7 0 0 0 0 0 6 0 0 0 0 4 6 3 0 13 15 0 0 0 0 0 3 9 8 0 0 0 0 0 0 0 0 0 0 0 0 0 0 11 20 9 11 12 0 0 0 13 36 56 9 8 10 9 13 52 1 0 9 0 0 0 0 0 0 0 37 0 0 3 8 10 0 5 0 18 5 0 3 0 7 0 0 0 1 0 0 42 6 0 0 9 0 5 0 43 0 9 0 0 0 0 0 0 0 0 0 0 0 0 0 0 0 0 0 0 0 0 0 5 14 10 0 10 11 13 11 36 39 2 0 12 0 9 1 28 0 0 0 0 0 0 0 0 1 10 0 0 0 11 0 5 11 3 0 0 0 2 0 0 0 0 6 0 0 0 0 0 0 4 0 2 0 0 0 0 0 0 0 0 64 1 67 7 0 0 0 0 0 0 0 0 0 0 0 0 0 0 0 0 0 0 14 0 0 0 1 0 
 7 6 3 3 3 6 3 3 46 3 3 3 4 3 3 3 3 3 6 8 0 0 0 0 0 0 0 0 2 0 0 0 0 0 0 0 0 0 0 1 302 151 154 153 136 42 112 51 112 0 161 152 55 274 218 92 62 110 76 91 58 0 0 0 0 0 27 0 0 0 0 0 60 0 0 3 0 0 0 0 1 3 0 0 0 0 0 0 1 0 1 0 0 1 3 0 0 0 0 0 0 0 19 0 0 0 0 0 0 0 0 0 0 0 0 0 4 0 0 0 0 1 0 9 51 25 0 6 18 44 0 3 0 0 21 4 0 0 0 19 9 0 0 0 0 5 0 0 0 0 26 0 0 0 34 0 0 5 0 0 0 0 0 0 0 0 0 0 0 3 3 0 0 1 2 3 0 5 0 4 0 0 0 0 0 0 0 0 0 0 0 0 0 0 0 0 0 0 0 0 0 0 6 13 14 14 20 0 12 2 0 13 0 0 0 0 20 18 0 0 9 0 0 0 1 0 13 0 10 25 0 0 21 0 3 22 0 1 49 69 0 0 0 0 0 0 0 0 0 0 0 6 0 2 0 0 0 0 0 2 0 0 0 0 93 4 2 0 0 0 0 0 0 0 0 0 0 0 0 0 0 0 0 0 11 0 0 0 1 0 
 0 6 0 0 0 0 0 0 0 0 0 0 0 2 0 0 0 0 0 0 2 67 2 2 3 2 2 2 2 2 2 2 2 2 70 2 2 2 2 3 85 367 352 82 345 160 30 99 164 161 0 113 73 118 129 61 93 95 51 69 72 0 0 0 0 211 51 0 0 0 7 4 56 0 5 3 3 0 53 54 0 0 0 0 0 0 0 0 0 0 0 0 0 0 0 0 0 0 0 0 0 0 0 0 0 0 0 0 0 0 0 0 0 0 0 0 0 0 0 0 0 31 0 0 47 6 0 0 0 23 6 0 0 0 20 0 59 28 0 0 0 9 0 1 0 14 8 10 32 0 0 0 33 15 0 0 0 0 0 11 0 0 0 0 0 0 1 0 0 0 0 0 0 0 0 0 0 0 0 0 0 0 0 0 0 0 0 0 0 0 0 0 0 0 0 0 0 0 0 0 0 22 0 0 7 40 19 0 37 43 2 14 0 0 0 0 21 4 0 0 19 4 5 0 0 0 6 22 28 0 0 0 17 7 3 5 6 20 8 21 0 0 17 0 0 0 0 0 0 0 0 7 0 0 0 0 0 0 0 4 0 0 2 0 64 20 6 36 0 0 0 0 0 0 0 0 0 0 0 0 0 0 0 0 13 22 0 0 0 0 
 3 4 3 3 3 6 5 6 3 3 3 3 9 6 54 3 3 3 3 3 1 0 0 0 0 0 0 0 0 0 0 0 0 0 0 1 0 0 0 0 18 162 57 121 44 162 305 31 40 152 113 0 456 105 95 35 75 313 247 237 29 68 0 0 0 2 125 0 0 0 0 0 0 51 24 3 4 0 51 120 0 0 0 0 0 0 0 0 0 0 0 0 0 0 0 7 0 0 0 0 0 0 0 0 0 6 0 0 0 0 0 0 0 2 0 0 0 0 0 0 0 5 0 14 25 14 0 0 0 24 0 0 1 0 0 12 11 4 9 0 22 0 0 0 0 21 0 16 0 0 0 7 11 0 17 0 10 0 16 18 0 0 0 0 0 0 0 0 0 0 0 0 0 0 0 0 0 0 0 1 0 0 0 0 0 0 0 0 0 0 0 0 0 0 0 0 0 0 0 0 0 1 0 10 20 18 0 0 27 0 0 12 0 9 8 1 0 0 7 0 11 0 0 0 0 0 13 0 5 0 3 0 20 32 0 0 0 17 7 23 0 0 11 0 0 0 0 0 0 0 0 15 0 1 0 0 0 1 4 6 0 29 0 1 65 0 0 2 0 0 0 0 0 0 0 0 0 0 0 0 0 2 10 0 9 13 0 0 0 0 
 2 2 6 2 2 5 60 2 2 2 2 2 2 4 2 2 2 2 2 2 0 0 0 3 0 282 0 3 0 0 0 0 0 0 0 0 0 0 0 202 104 262 322 129 131 37 102 260 87 55 73 456 0 87 214 402 141 192 336 245 4 202 0 0 0 4 2 2 0 0 0 0 0 0 0 0 0 0 0 21 0 0 0 0 0 0 12 0 0 0 0 0 0 0 0 0 0 0 0 0 0 0 0 0 0 0 0 0 0 0 0 15 0 0 0 0 0 0 0 0 35 1 36 12 0 7 0 0 27 20 51 18 18 20 0 46 11 9 24 7 0 6 5 0 9 0 0 0 0 0 0 0 0 0 0 0 0 5 0 0 0 0 0 0 0 0 0 0 0 7 0 0 0 0 0 0 0 0 0 0 0 0 0 0 0 14 0 0 0 0 0 0 0 0 0 0 0 0 0 8 0 23 15 43 42 0 1 27 3 11 17 6 20 34 21 21 24 1 25 0 0 0 0 0 0 0 40 0 0 0 0 0 0 0 0 0 0 0 0 0 0 0 1 0 0 0 0 0 0 0 0 2 0 0 0 0 0 0 0 0 0 0 1 0 0 3 0 0 2 0 10 0 0 0 0 0 0 0 0 0 0 0 0 0 23 1 0 0 2 0 
 0 64 0 0 0 0 58 0 0 0 0 0 0 0 0 0 0 0 0 3 3 3 3 3 3 65 3 6 4 3 3 130 3 3 3 3 3 4 3 3 117 43 60 342 123 66 117 445 148 274 118 105 87 0 135 85 106 375 228 104 6 0 0 6 2 6 5 6 0 0 0 0 4 4 4 0 0 6 5 23 0 0 0 0 0 0 0 0 17 0 0 0 0 8 0 0 0 0 0 0 0 0 0 12 11 46 0 0 10 7 0 23 0 0 0 0 0 0 0 0 10 10 38 0 21 13 0 18 0 0 8 0 15 1 0 0 24 0 0 1 4 0 0 0 0 0 0 0 0 6 0 24 0 0 0 11 6 5 8 19 0 0 0 0 0 0 0 0 0 0 0 0 0 0 0 0 0 0 0 0 0 0 0 0 42 22 0 0 0 0 19 0 0 0 0 0 0 6 0 0 18 0 10 0 15 1 2 2 2 9 1 10 19 0 21 8 0 0 1 22 0 0 0 0 0 0 0 1 0 0 0 0 0 0 10 5 0 0 0 27 0 0 15 0 0 0 0 0 0 0 0 4 0 1 0 0 0 0 0 0 0 0 39 0 0 1 0 67 0 0 9 0 0 0 0 0 0 0 0 0 0 0 0 0 13 21 0 0 2 0 
 4 5 3 0 0 0 1 0 0 0 0 0 0 4 0 0 0 0 3 7 0 0 0 1 3 2 0 0 0 0 0 0 0 0 0 1 0 0 0 0 63 52 305 78 289 123 136 112 179 218 129 95 214 135 0 97 32 165 75 105 0 0 0 0 0 4 0 0 1 0 0 0 0 0 0 0 0 0 0 3 5 24 5 0 0 0 0 0 4 0 0 0 0 5 7 5 0 4 18 0 0 0 0 0 0 0 0 0 0 0 0 14 0 0 0 0 0 0 0 0 8 2 12 8 34 32 0 0 32 41 14 1 0 11 0 18 24 22 12 9 0 4 0 0 0 0 0 0 0 0 0 1 0 0 0 0 0 17 0 0 0 0 9 0 0 0 0 0 0 9 6 0 0 0 3 4 0 11 0 8 0 0 0 0 0 2 0 0 0 0 0 0 0 0 0 0 0 0 0 0 0 0 20 10 9 0 0 27 0 33 23 31 11 10 33 1 0 25 2 0 0 0 0 0 0 0 10 0 0 0 0 0 0 0 10 0 0 0 0 17 0 0 14 0 0 0 0 0 0 0 0 0 0 2 0 0 0 0 0 0 0 0 3 0 64 2 2 2 0 0 9 0 0 0 0 0 0 0 0 0 0 0 0 0 21 17 0 0 1 0 
 0 0 0 0 0 0 0 0 0 0 0 0 0 3 0 0 0 0 0 2 203 0 0 0 0 0 0 204 0 0 0 1 0 0 0 0 0 0 0 0 32 88 125 142 269 93 177 101 201 92 61 35 402 85 97 0 415 373 248 64 0 0 1 0 0 6 0 5 0 0 0 0 0 0 0 0 0 0 51 51 0 0 0 0 0 0 0 0 0 0 0 0 8 0 0 0 0 0 0 0 0 0 0 0 18 16 0 0 9 7 0 0 0 0 10 0 0 0 0 0 0 0 0 26 0 1 0 0 8 11 52 25 2 13 14 37 0 28 0 0 0 0 0 0 0 0 26 15 0 0 0 22 0 0 0 19 0 0 0 6 6 7 0 0 0 0 5 0 0 0 0 0 0 17 0 0 0 0 0 40 0 0 0 0 0 0 0 0 0 0 0 0 0 0 0 0 0 8 0 0 0 20 8 22 2 0 0 0 29 18 15 0 0 24 0 17 0 0 1 0 1 0 0 9 0 0 48 4 0 0 0 16 10 0 3 0 0 0 9 23 0 0 0 0 0 0 0 0 0 0 0 7 0 2 0 0 0 0 0 3 0 0 1 33 0 0 2 0 0 0 0 0 0 0 0 0 0 0 0 0 0 0 0 0 0 0 0 0 1 0 
 2 2 2 2 4 4 2 2 2 2 2 2 53 2 2 2 2 5 2 2 0 2 1 0 0 65 0 3 0 0 0 66 0 0 3 0 0 0 0 0 262 288 256 99 64 75 33 186 183 62 93 75 141 106 32 415 0 179 248 94 1 25 8 6 0 4 0 3 0 0 0 14 2 0 3 1 0 12 0 0 0 0 0 0 0 0 0 0 0 0 0 0 0 0 0 0 0 0 0 0 0 0 0 0 10 7 0 0 0 0 0 0 0 0 0 0 4 0 0 0 10 1 1 21 45 0 0 10 20 22 10 16 1 1 34 17 1 11 19 33 2 0 0 4 0 0 0 0 6 0 6 1 0 0 8 10 0 0 7 0 0 0 0 0 0 0 0 0 5 0 0 0 0 0 0 0 0 0 0 0 0 0 0 0 0 0 0 0 3 0 0 0 0 0 0 0 0 0 10 0 0 4 17 0 10 0 24 7 0 16 17 17 0 34 4 18 31 23 1 0 1 0 0 4 0 0 8 26 0 5 6 2 0 0 0 0 0 0 12 12 0 0 0 0 0 0 0 0 0 1 0 14 0 2 0 0 0 0 0 2 0 0 1 0 1 4 3 0 0 0 3 0 0 0 0 3 0 0 0 0 0 0 0 0 0 0 0 0 0 0 
 0 0 0 2 1 0 0 1 63 0 0 0 0 0 0 1 0 0 2 0 0 0 0 0 1 101 0 0 0 0 0 0 0 0 4 0 0 2 0 0 27 97 185 369 55 82 118 111 269 110 95 313 192 375 165 373 179 0 29 84 0 2 0 0 0 4 212 5 0 0 0 0 2 1 0 0 1 0 0 7 11 0 0 0 0 10 0 0 0 0 0 0 0 0 0 0 0 0 0 0 0 0 0 0 0 2 0 0 0 0 0 0 0 0 0 22 0 0 0 0 7 0 22 27 20 12 0 8 23 16 39 1 1 8 13 32 23 0 26 28 2 3 0 0 0 0 0 0 0 7 0 1 0 0 0 0 4 3 5 17 0 0 0 0 0 0 0 0 0 0 24 0 0 0 0 0 0 0 0 0 0 0 0 0 0 0 0 0 0 0 0 0 0 0 0 0 0 0 0 0 0 19 28 14 21 0 1 1 0 11 10 24 0 14 9 16 20 7 0 0 0 0 0 0 0 0 10 1 0 0 0 0 0 0 10 3 0 0 0 0 0 0 11 0 0 0 0 0 0 0 0 3 0 1 0 1 0 0 0 3 0 1 62 2 2 21 5 2 0 0 28 0 0 0 0 0 0 0 0 0 0 0 0 0 6 10 0 0 1 0 
 0 0 0 0 0 1 0 0 0 66 0 0 0 2 0 0 0 0 0 0 0 60 125 64 21 63 0 0 74 0 62 147 0 1 2 1 125 68 0 0 72 64 248 78 64 63 40 52 73 76 51 247 336 228 75 248 248 29 0 97 0 2 0 0 0 0 2 0 0 0 0 11 0 2 0 0 0 0 0 0 0 0 0 0 0 0 0 0 0 0 0 0 0 0 0 0 0 0 0 0 0 0 0 28 6 2 0 0 0 0 0 11 0 0 0 0 2 5 0 0 0 0 12 0 0 0 27 6 0 0 0 0 6 0 10 0 0 0 37 46 0 0 0 0 0 0 18 0 0 0 0 0 0 4 0 0 0 0 0 0 0 0 0 0 0 0 0 0 0 0 0 0 0 0 0 0 0 0 0 0 0 2 0 13 29 10 0 0 0 10 45 6 0 0 0 0 0 19 0 0 59 8 0 0 0 0 17 13 0 0 0 0 25 10 0 12 1 0 11 44 0 0 0 0 0 0 0 0 0 0 0 0 0 0 0 0 0 0 0 0 0 0 0 0 0 0 0 0 0 0 0 10 0 0 0 0 0 61 0 0 0 11 0 0 0 2 10 0 0 0 0 0 0 0 0 0 0 0 0 10 0 11 0 0 0 0 10 0 0 0 
 0 0 2 0 0 2 1 0 0 0 0 0 0 0 0 0 0 0 0 0 0 5 63 4 74 152 0 7 78 0 59 0 0 0 1 22 11 66 0 0 39 120 39 107 78 81 207 167 84 91 69 237 245 104 105 64 94 84 97 0 0 51 0 0 0 0 0 0 0 0 0 0 0 23 0 0 0 0 0 0 0 0 0 0 7 21 0 0 0 0 0 0 0 0 0 0 0 0 0 0 3 2 0 3 9 10 6 0 0 0 0 25 0 1 0 4 3 0 0 6 29 42 16 0 44 0 10 0 2 0 2 0 18 27 9 49 14 0 32 14 0 0 0 7 0 0 0 1 0 0 0 0 0 13 0 0 0 0 0 5 0 0 0 0 0 0 0 0 0 6 0 0 0 0 0 0 0 0 0 0 0 0 0 0 0 51 9 0 24 11 9 0 15 0 3 0 0 25 0 0 14 22 20 8 0 0 7 10 20 0 10 0 28 28 25 16 28 18 27 0 0 0 0 0 0 0 0 0 0 0 0 0 0 0 0 0 0 0 0 0 0 0 1 0 0 0 0 0 0 26 0 1 0 1 0 0 0 0 0 2 0 0 0 0 0 1 17 0 0 0 0 0 0 0 0 0 0 0 0 0 0 0 0 0 0 0 13 0 2 0 
 3 1 2 3 2 0 2 1 0 2 0 3 3 1 2 3 1 1 0 6 0 0 0 4 3 0 40 0 0 0 51 0 0 0 0 0 0 0 26 0 0 7 13 0 69 67 0 7 0 58 72 29 4 6 0 0 1 0 0 0 0 405 78 45 54 470 225 445 41 108 44 505 138 282 123 70 43 51 97 181 0 0 0 0 0 0 0 0 0 0 0 0 0 0 0 0 0 0 0 13 0 0 0 0 0 0 0 0 0 0 0 0 0 2 0 0 0 0 0 0 0 0 1 0 9 9 0 0 0 10 5 4 0 0 0 0 0 0 0 0 12 8 18 11 0 6 9 8 10 13 12 0 25 22 1 8 1 0 8 18 0 0 0 0 0 0 0 0 0 0 0 0 0 0 0 0 0 0 0 0 0 0 0 0 0 0 0 0 0 0 0 0 0 0 0 0 0 0 0 0 0 0 0 0 13 21 0 0 5 1 1 8 0 0 0 12 0 0 0 0 36 0 8 1 10 0 13 0 19 0 0 0 36 8 0 14 0 19 0 3 0 0 0 0 0 0 0 0 0 0 0 0 0 0 45 0 0 0 0 0 0 0 0 0 0 0 0 2 0 0 13 0 56 5 2 2 0 0 0 0 0 0 0 0 0 0 0 0 0 0 
