 0 229 86 76 265 384 74 162 152 99 113 114 57 348 228 258 52 317 130 306 0 3 76 2 0 0 0 0 0 0 0 0 13 0 0 0 0 2 0 3 0 0 0 6 0 0 0 0 0 1 3 0 3 0 3 0 2 0 0 0 0 0 2 2 0 1 0 0 3 3 0 0 0 0 6 0 0 2 2 4 25 13 20 46 33 35 30 0 22 0 78 33 25 0 67 39 31 77 1 34 0 0 0 0 0 0 0 0 0 5 0 0 0 0 0 0 0 0 6 0 0 0 0 1 0 0 0 0 0 0 0 0 0 0 0 0 0 0 0 0 0 0 0 0 2 0 0 0 0 2 0 0 0 0 0 0 0 0 0 0 0 46 19 42 0 12 19 18 6 0 0 15 9 1 9 35 74 1 2 24 0 19 0 0 0 0 2 0 0 0 0 1 11 0 0 0 0 0 0 0 0 0 0 0 0 0 0 0 0 0 0 0 0 0 0 2 0 0 0 0 0 0 0 0 0 0 0 0 0 0 0 0 0 0 0 0 1 0 0 0 0 0 0 0 0 0 91 0 1 0 36 9 0 0 0 0 0 0 0 0 0 0 0 0 0 0 0 0 0 0 0 0 0 0 0 0 0 0 0 0 0 0 0 0 0 0 0 0 0 0 
 229 0 188 73 133 56 176 426 336 200 37 324 244 57 65 149 170 47 51 367 0 2 0 2 0 0 76 0 0 0 0 0 145 0 0 0 2 2 0 99 0 0 0 5 0 13 2 0 2 3 3 0 6 1 67 6 3 0 0 1 0 0 0 2 0 0 0 0 0 3 32 0 0 3 0 0 0 5 2 0 0 0 10 1 3 0 18 0 11 15 1 7 28 3 0 0 51 29 0 10 0 0 0 0 0 0 10 11 0 0 0 0 0 0 0 0 0 0 13 0 0 0 0 0 0 0 0 0 0 0 0 0 0 0 0 0 0 0 0 0 0 0 0 0 0 0 0 0 0 0 0 0 0 0 0 0 0 4 3 0 16 0 11 11 0 1 1 17 16 13 12 21 0 13 7 1 11 1 29 23 0 0 0 0 0 0 0 12 2 0 0 0 0 0 0 0 0 0 13 18 0 0 0 0 0 0 0 0 0 0 0 0 0 0 0 0 0 0 0 0 0 0 0 0 0 0 0 0 0 0 0 0 0 0 0 0 0 0 0 0 0 0 0 0 0 2 89 2 8 47 0 4 28 0 0 0 1 0 0 0 0 0 0 0 0 0 0 0 0 20 0 0 0 0 0 17 23 15 0 0 0 0 0 0 0 0 0 0 0 0 
 86 188 0 179 247 126 361 98 175 370 136 351 147 79 220 86 130 237 138 50 6 2 0 2 0 0 133 1 0 0 0 0 95 0 0 0 1 2 0 155 0 0 0 3 0 0 0 0 0 2 3 0 3 0 3 0 3 1 0 2 0 0 1 4 0 0 0 0 0 3 0 0 0 37 0 0 0 3 2 0 0 11 11 38 9 17 0 25 46 25 22 13 0 10 0 17 33 0 0 0 0 1 2 0 0 0 36 12 1 0 0 0 2 17 0 1 0 0 49 9 0 0 0 0 0 0 0 0 0 0 0 0 0 0 0 0 47 0 0 0 0 0 0 0 0 0 0 0 0 0 2 0 0 0 0 0 2 0 0 0 0 13 14 12 10 29 0 30 1 0 38 15 0 0 12 4 0 15 0 1 0 13 0 0 0 0 15 0 0 0 0 0 6 0 0 1 0 0 0 1 0 8 0 0 0 0 0 0 0 0 0 0 0 0 0 0 0 0 0 0 0 0 0 0 0 0 0 0 0 0 0 2 0 0 0 0 0 0 1 0 0 1 0 0 0 2 3 0 0 1 1 5 22 0 0 0 0 0 0 0 0 0 5 0 0 0 0 0 0 0 0 0 0 0 0 0 0 0 0 0 0 0 0 0 0 0 0 0 0 0 
 76 73 179 0 150 109 118 65 92 134 46 438 52 48 54 396 79 36 59 52 1 1 0 2 0 0 0 0 0 0 0 0 0 0 0 1 0 2 0 75 0 0 0 3 0 0 0 0 0 3 3 0 3 0 3 0 3 0 0 1 2 15 0 1 0 0 2 0 0 3 0 0 2 0 0 0 0 2 2 0 0 0 17 22 13 2 0 0 0 0 31 14 0 0 15 0 0 20 0 0 17 0 20 15 0 0 9 10 10 0 0 0 3 0 0 16 0 1 5 18 0 0 0 0 0 0 1 0 0 0 0 0 0 19 0 0 0 0 0 0 18 0 0 0 0 2 0 2 0 7 0 0 1 0 0 0 0 1 0 0 0 0 0 29 9 0 0 10 0 0 0 15 0 0 2 5 48 0 0 0 0 0 0 0 0 0 1 0 0 0 0 0 16 10 3 2 21 0 0 23 0 0 0 0 0 0 0 0 0 0 0 0 0 0 0 0 0 0 0 0 0 0 0 0 0 0 0 0 0 0 0 0 0 0 0 0 0 0 0 14 0 0 0 0 0 0 89 2 5 0 2 2 2 0 0 0 0 0 0 0 0 0 0 0 0 0 0 0 0 0 0 0 0 0 0 0 0 12 0 0 0 0 0 0 0 0 0 0 0 1 
 265 133 247 150 0 254 56 154 82 614 463 69 82 50 279 78 398 238 53 282 3 1 2 3 0 4 138 2 2 2 0 0 0 79 0 0 0 5 35 158 0 3 3 3 0 0 0 0 0 3 3 0 3 0 3 0 6 0 0 1 0 0 0 7 0 3 0 3 3 3 0 0 0 1 3 0 0 3 2 0 0 0 4 19 0 11 0 33 0 44 0 1 0 0 0 0 14 0 0 0 37 0 14 0 0 10 23 22 11 0 0 0 25 0 19 8 12 0 38 60 0 12 0 0 1 1 0 0 0 0 0 0 0 0 0 4 0 0 0 1 0 0 0 0 0 0 0 1 0 0 0 0 1 1 0 0 0 0 0 0 13 0 19 0 18 29 0 16 17 1 48 10 1 0 19 0 0 19 0 0 0 10 0 0 0 0 24 0 10 2 0 6 30 7 0 1 17 0 11 27 0 0 0 0 0 0 0 17 0 0 0 0 0 0 0 0 0 0 0 0 0 0 0 0 0 0 0 0 0 0 0 0 0 0 0 8 18 0 0 0 0 0 0 0 0 0 6 0 50 0 0 4 1 0 0 0 0 0 0 0 0 0 3 0 0 63 0 0 0 0 0 0 0 2 0 14 0 24 0 0 0 0 0 0 0 0 0 0 0 0 
 384 56 126 109 254 0 32 36 208 137 155 155 29 53 47 94 146 224 68 42 75 0 0 2 1 3 113 4 2 0 0 2 77 32 3 86 3 4 118 248 0 0 2 3 2 5 3 0 0 3 5 3 3 0 5 2 3 0 0 3 6 0 0 4 0 0 0 5 5 3 0 1 0 4 0 0 3 8 2 1 24 0 0 0 20 11 0 25 0 13 0 10 0 0 0 15 2 25 0 0 45 0 13 0 0 0 21 35 14 0 0 0 13 1 0 9 0 0 0 33 0 0 0 0 0 0 0 7 0 0 9 0 2 0 0 0 0 0 0 17 1 0 0 0 0 26 0 0 0 0 0 0 0 5 0 0 0 0 0 7 0 0 0 0 23 14 7 4 0 14 11 0 0 0 0 0 17 1 0 0 18 35 7 0 0 0 48 0 1 0 0 0 63 18 1 14 19 0 9 21 0 0 0 0 0 0 0 0 4 0 0 0 0 0 0 0 0 0 0 0 0 0 0 0 0 0 0 0 0 0 0 0 3 0 0 0 0 0 0 5 0 0 0 0 0 0 86 0 52 91 0 17 37 0 0 0 0 0 0 0 0 0 19 0 0 0 0 0 0 0 0 0 0 0 0 0 0 0 0 0 0 0 0 0 0 0 0 0 0 0 
 74 176 361 118 56 32 0 256 269 49 120 256 171 233 261 203 440 38 61 275 0 3 2 3 0 0 2 0 0 0 1 0 0 0 0 0 0 2 0 2 0 0 0 6 2 0 0 0 0 2 3 0 3 0 3 0 3 3 0 2 0 0 1 0 0 1 3 0 1 3 0 0 0 0 0 0 0 2 2 0 15 1 0 20 11 1 33 1 12 23 11 38 13 9 59 40 0 19 8 49 0 2 0 0 0 0 0 0 0 0 0 0 1 0 0 0 0 1 1 0 0 0 0 0 0 0 0 0 0 0 0 0 0 0 0 0 1 0 0 5 0 0 0 2 0 0 0 0 0 0 1 0 0 0 0 1 0 0 0 0 0 5 0 12 0 0 23 20 20 25 12 24 8 7 20 27 40 19 16 33 0 0 0 0 0 0 0 0 0 0 0 0 0 0 0 0 0 0 0 0 0 0 0 0 0 0 0 0 0 0 13 0 0 0 0 0 0 1 0 0 1 0 0 0 0 0 0 0 0 0 0 1 0 0 0 0 0 0 0 0 0 0 0 0 0 2 0 0 1 0 0 2 0 0 2 0 0 0 0 0 0 0 0 0 0 0 0 0 0 0 0 0 0 0 0 0 10 0 0 0 0 0 0 0 0 0 0 0 0 0 
 162 426 98 65 154 36 256 0 420 39 30 136 257 125 124 129 49 132 65 163 0 2 0 4 2 0 0 0 0 0 0 0 5 0 0 0 3 2 0 2 0 0 0 3 0 0 2 0 0 3 3 0 3 0 3 0 3 0 0 2 0 0 1 2 0 0 0 0 3 3 0 0 0 0 2 2 0 2 2 1 10 7 30 33 23 33 1 0 22 11 12 30 0 1 35 24 13 35 15 13 0 0 0 0 0 0 0 0 2 0 0 0 0 0 0 0 0 0 22 0 0 0 0 0 0 0 0 0 12 0 0 0 0 0 0 0 0 0 0 1 0 0 0 0 0 0 2 0 0 0 0 0 0 0 0 0 1 2 0 1 0 21 19 0 0 27 15 7 29 7 13 13 0 2 12 28 0 31 0 11 0 0 0 0 0 0 0 7 0 0 0 0 0 0 0 0 0 0 0 20 0 0 0 0 0 0 0 0 0 0 0 1 0 0 0 0 0 0 0 0 0 0 0 0 0 0 0 0 0 0 0 0 0 0 0 0 0 0 0 0 0 0 0 0 0 2 2 2 2 49 16 8 0 0 0 0 0 0 0 0 0 0 0 0 0 0 0 0 0 1 0 0 0 0 0 1 13 8 0 0 0 0 0 0 0 1 0 0 0 0 
 152 336 175 92 82 208 269 420 0 251 188 51 169 158 208 55 309 130 77 238 0 2 0 2 1 0 150 1 1 1 0 0 60 74 0 0 0 2 47 48 0 0 0 3 0 0 0 0 0 3 41 0 3 0 3 0 3 0 0 1 0 0 0 2 0 1 0 0 0 3 0 0 0 8 0 0 0 2 3 0 0 0 0 0 16 9 8 19 13 54 0 22 17 7 17 23 0 30 15 26 11 0 0 0 0 0 19 19 0 0 0 0 34 0 0 0 23 0 0 40 0 0 0 0 0 0 0 0 0 0 0 0 0 0 0 0 0 0 0 0 0 0 0 0 0 0 0 0 0 0 0 0 0 0 1 0 0 0 0 0 0 11 0 8 0 1 13 29 8 33 15 38 7 11 34 22 35 23 7 29 0 0 0 0 0 0 14 0 0 0 0 0 24 0 0 2 0 0 6 0 0 0 2 0 32 1 2 0 0 2 0 0 0 0 0 0 0 0 0 0 0 0 0 0 2 1 0 0 0 0 12 0 0 0 0 0 0 0 0 0 0 53 0 0 0 0 0 0 1 1 1 0 16 0 0 0 0 0 0 0 0 0 0 0 0 0 0 0 0 0 0 0 0 0 0 0 11 0 0 0 0 0 0 0 0 0 0 0 0 0 
 99 200 370 134 614 137 49 39 251 0 403 350 45 157 257 387 398 64 173 65 21 0 0 2 0 0 83 0 0 0 0 0 150 111 207 0 0 2 149 101 0 0 0 3 0 0 0 0 0 2 3 0 3 0 3 0 3 0 0 2 0 0 2 0 0 0 50 0 0 3 0 0 0 0 0 0 0 2 2 6 0 3 46 25 16 12 0 28 24 2 30 22 14 22 17 13 1 21 0 0 19 0 0 0 0 0 12 10 10 1 0 0 11 34 1 27 25 0 27 22 0 0 0 0 0 0 0 0 0 0 0 0 0 0 0 0 0 1 2 0 0 1 0 0 0 3 0 0 0 0 0 0 0 2 0 0 0 2 3 4 0 0 2 29 1 1 0 24 0 10 5 36 0 6 11 0 24 7 0 0 10 1 0 0 0 0 14 10 0 0 0 0 22 0 0 0 0 0 17 21 0 0 0 0 0 7 0 0 0 0 0 0 14 0 0 0 0 0 0 0 0 0 0 0 0 0 0 0 0 0 0 0 0 0 0 0 0 0 0 0 0 0 0 0 0 0 175 0 5 1 0 12 0 2 0 0 0 0 0 0 0 0 0 0 0 0 0 0 0 0 0 0 0 0 0 19 0 0 0 0 0 0 0 0 0 0 0 0 0 0 
 113 37 136 46 463 155 120 30 188 403 0 130 44 55 136 104 257 325 35 148 73 0 0 2 3 0 74 0 0 0 0 0 1 35 0 0 0 2 48 76 0 0 0 3 0 3 0 0 0 2 3 0 3 0 3 1 3 2 0 2 0 0 3 5 0 1 0 0 0 6 0 0 0 0 0 2 0 2 2 0 6 0 15 8 14 11 9 26 0 8 1 1 0 53 19 37 10 26 0 39 20 6 0 0 0 0 1 9 0 0 0 0 0 0 0 1 0 0 10 13 0 0 0 0 0 0 0 0 0 0 0 0 0 14 0 0 0 0 0 0 2 0 0 0 1 5 0 0 0 0 0 1 2 4 0 0 0 0 0 11 10 0 14 13 14 19 0 10 0 23 12 0 0 10 0 0 44 11 16 9 18 75 7 0 0 0 17 0 1 0 0 0 19 0 2 0 0 0 21 0 0 0 0 0 0 12 0 0 0 0 0 0 0 0 0 0 0 0 0 0 0 0 0 0 0 0 0 0 0 0 0 0 0 0 0 0 2 0 0 0 0 0 0 0 0 0 87 0 0 0 0 4 0 0 0 0 0 0 0 0 0 0 28 0 0 0 0 0 2 0 0 0 0 0 0 11 0 0 0 0 0 0 0 0 0 0 0 0 0 0 
 114 324 351 438 69 155 256 136 51 350 130 0 21 41 28 147 294 319 46 34 75 1 4 2 0 74 61 0 0 0 0 1 148 1 0 74 2 2 0 153 0 0 3 3 0 6 0 0 0 3 2 0 3 0 3 0 3 0 0 0 0 0 0 0 0 3 0 0 0 3 0 0 0 0 0 0 0 3 3 0 0 0 15 17 33 19 0 0 18 0 21 24 0 1 0 5 3 0 0 0 25 0 0 0 0 0 2 0 2 0 10 0 1 40 0 10 1 0 38 19 0 0 0 0 0 0 0 0 0 0 0 10 0 1 0 0 0 0 0 0 0 0 0 0 0 9 0 0 0 0 0 0 2 0 0 0 0 4 12 13 0 3 16 0 12 10 0 0 0 15 30 19 0 1 0 12 0 0 0 0 0 10 1 8 0 0 14 4 30 0 0 0 0 15 0 1 0 8 18 18 0 0 0 0 0 0 0 0 0 0 0 0 0 0 0 0 0 0 0 0 0 0 0 0 0 0 0 0 0 0 0 0 0 0 3 0 0 0 0 0 0 0 0 0 0 1 44 0 7 4 15 11 0 0 0 0 0 0 0 0 0 0 2 0 0 0 0 0 0 0 0 0 0 0 0 10 0 0 0 0 0 0 0 0 0 0 0 0 0 0 
 57 244 147 52 82 29 171 257 169 45 44 21 0 63 127 92 87 16 88 89 0 1 0 2 0 0 1 0 0 0 0 69 0 0 1 0 0 4 0 2 0 0 0 3 0 8 0 0 0 2 3 0 3 0 3 0 3 0 0 2 0 0 1 0 0 0 0 0 0 3 0 0 0 0 0 0 0 2 2 0 0 21 15 49 40 0 20 26 22 37 12 0 17 32 14 0 24 11 0 15 0 0 0 0 0 2 0 0 0 0 0 0 0 0 0 0 0 0 0 0 0 0 0 0 0 0 0 0 0 0 0 0 0 0 0 0 0 0 0 0 0 0 0 0 0 0 0 0 0 0 0 0 0 0 0 0 0 0 0 0 0 9 0 22 0 15 0 20 0 34 17 0 0 9 31 34 15 0 16 60 0 0 0 0 0 0 0 1 0 0 0 0 0 0 14 0 0 0 0 0 0 0 0 0 0 0 0 0 0 52 0 0 0 0 0 0 0 0 0 0 0 0 0 0 0 0 0 0 0 0 0 0 0 0 0 0 0 0 0 0 0 24 0 0 0 0 0 2 2 95 1 12 0 0 0 0 0 0 0 0 0 0 0 0 0 0 2 0 0 0 0 0 0 0 0 0 27 0 0 0 0 0 0 0 0 0 0 0 0 0 
 348 57 79 48 50 53 233 125 158 157 55 41 63 0 377 246 119 241 209 327 0 2 0 2 0 1 0 0 0 0 0 0 0 1 0 2 0 2 1 2 0 0 0 3 1 1 0 0 0 68 3 0 3 0 3 0 3 0 0 0 0 0 1 0 0 0 0 0 0 3 0 0 0 0 1 0 0 2 2 2 55 6 0 40 69 0 14 9 29 31 0 18 47 0 39 28 2 12 24 44 0 0 0 0 0 0 0 0 0 0 0 0 0 0 0 0 0 0 0 0 0 0 0 0 0 0 0 0 0 0 0 0 2 1 0 0 0 0 22 0 1 0 0 0 2 0 0 0 0 0 0 2 1 0 0 0 0 0 0 0 1 6 0 10 2 0 26 8 20 0 0 16 7 8 2 13 25 31 2 9 0 0 0 0 0 0 0 0 0 0 0 0 0 0 2 0 0 0 0 0 0 0 0 0 0 0 0 0 0 0 0 0 0 0 0 0 0 0 0 0 0 0 0 0 0 0 0 0 0 0 11 0 0 0 0 0 1 0 0 0 0 0 0 0 0 2 0 1 0 0 0 13 0 0 0 0 0 0 0 0 0 15 0 0 0 0 0 0 0 0 0 0 0 0 0 0 0 0 0 0 0 0 0 0 0 0 0 0 0 0 
 228 65 220 54 279 47 261 124 208 257 136 28 127 377 0 228 54 39 214 349 0 2 0 2 0 0 4 0 0 0 0 0 0 0 0 0 0 2 0 2 0 0 0 3 0 0 0 0 0 3 6 0 3 0 3 0 3 1 0 1 0 0 0 0 0 0 0 0 0 3 0 0 0 0 0 0 0 2 2 2 0 23 35 121 31 0 22 31 17 52 13 17 29 42 31 47 0 16 10 15 0 1 2 0 0 0 0 0 0 0 0 0 2 0 12 0 0 1 0 0 0 0 0 0 0 0 0 0 0 0 0 0 0 0 0 0 0 0 0 0 0 0 0 0 0 0 0 0 0 0 2 0 19 0 0 1 0 0 0 0 0 5 0 31 0 0 12 10 10 0 0 17 6 8 9 21 21 21 0 16 0 0 0 0 0 0 0 0 0 0 0 0 0 0 0 0 0 0 1 0 0 0 0 0 0 0 0 0 0 0 0 0 0 0 0 0 0 13 14 0 0 0 0 0 0 1 0 0 0 0 0 2 0 0 0 0 0 0 0 0 0 1 0 0 0 1 3 0 1 1 2 0 0 0 0 0 0 0 0 0 0 0 0 0 0 0 0 0 0 0 0 0 0 0 0 0 0 0 0 0 2 0 0 0 0 0 0 0 0 0 
 258 149 86 396 78 94 203 129 55 387 104 147 92 246 228 0 133 206 24 347 78 2 18 2 0 0 81 1 0 0 0 0 40 1 0 0 0 2 0 82 0 0 0 3 0 0 0 0 0 1 3 0 3 0 3 0 2 2 0 0 0 0 2 0 0 0 0 0 0 3 0 0 0 0 0 0 0 2 2 0 0 63 13 74 19 25 18 0 11 24 33 21 2 22 15 35 12 6 0 1 15 0 0 0 0 0 1 0 0 0 0 0 0 15 0 1 0 0 19 0 0 0 0 0 1 1 0 0 0 0 0 0 0 0 0 0 0 13 0 0 0 0 0 0 18 5 0 1 0 0 0 0 0 0 0 0 0 6 6 4 0 25 15 16 1 0 0 16 2 15 0 45 0 0 15 19 0 10 0 0 0 0 3 0 0 0 0 2 0 0 0 0 0 0 0 0 0 0 17 0 0 0 0 0 0 0 0 0 0 0 0 0 2 0 0 0 0 0 0 0 0 0 0 0 0 0 0 0 0 0 0 0 0 0 0 0 0 0 0 0 0 0 0 0 0 1 44 0 1 3 0 16 0 0 33 0 0 0 0 0 0 0 0 0 0 0 0 0 0 0 0 0 0 0 0 15 0 0 0 0 0 0 0 0 0 0 0 0 0 0 
 52 170 130 79 398 146 440 49 309 398 257 294 87 119 54 133 0 238 141 69 75 1 0 5 0 0 67 0 0 1 2 0 103 0 0 0 2 3 0 223 0 0 2 3 1 0 0 0 0 4 3 0 3 0 3 0 3 0 62 0 0 1 0 2 0 0 0 0 0 3 0 0 0 4 0 0 0 2 2 0 0 0 0 0 17 0 14 0 0 31 12 15 0 5 27 0 22 0 0 16 17 0 0 0 0 0 10 10 1 0 0 0 0 0 0 0 0 0 9 10 0 0 0 0 0 0 0 0 0 0 0 0 0 0 0 0 0 0 0 0 0 0 0 0 0 7 0 0 0 0 0 0 0 0 0 0 0 4 6 6 0 0 0 14 10 50 0 11 0 34 33 27 0 6 0 0 32 0 34 10 0 11 1 0 0 0 18 3 0 0 0 0 1 0 0 1 0 0 18 0 0 0 1 0 0 2 1 0 0 1 0 0 0 0 0 0 0 0 0 0 0 0 0 0 1 2 0 0 0 14 0 0 0 0 0 14 0 0 0 0 0 0 0 0 0 2 47 0 3 3 2 6 13 0 0 0 0 0 0 0 0 0 3 0 0 1 21 0 0 0 0 0 0 0 0 9 0 1 0 0 0 0 0 0 0 0 0 0 0 0 
 317 47 237 36 238 224 38 132 130 64 325 319 16 241 39 206 238 0 49 43 21 2 0 2 0 0 76 0 0 0 0 0 151 73 0 0 0 2 224 18 0 0 0 6 2 0 0 32 0 3 2 0 3 0 10 0 73 0 0 0 0 0 0 0 0 6 3 2 1 3 0 0 0 0 0 0 0 2 3 0 11 0 14 8 1 15 1 11 14 0 13 21 0 0 0 24 11 15 0 1 36 0 0 0 0 1 3 1 0 1 0 0 7 0 0 0 0 0 14 11 0 0 0 0 0 0 0 0 0 0 0 0 0 0 0 0 0 0 0 0 0 0 0 0 0 4 0 0 0 0 0 0 0 2 0 0 0 0 6 46 0 11 8 0 16 15 0 5 0 22 4 15 0 0 0 7 27 0 0 1 16 16 0 0 0 0 31 18 0 0 0 0 22 0 0 0 0 0 54 0 0 0 0 0 0 0 0 0 0 0 0 0 0 0 0 0 0 0 0 0 0 0 0 0 0 0 0 0 0 0 0 0 0 0 0 0 0 0 0 0 0 0 0 0 0 0 175 0 4 5 14 0 0 0 0 0 0 1 0 0 0 0 11 0 0 0 0 0 0 0 0 0 0 0 0 12 0 0 0 0 0 0 0 0 0 0 0 0 0 0 
 130 51 138 59 53 68 61 65 77 173 35 46 88 209 214 24 141 49 0 274 0 1 75 3 0 0 0 39 0 0 0 0 1 0 0 0 0 2 0 4 0 0 0 3 0 0 0 12 0 1 3 0 3 4 3 0 2 0 0 3 0 0 2 0 0 0 0 0 0 3 0 0 0 0 3 0 0 2 2 4 20 28 0 0 1 0 0 14 15 0 1 0 17 11 2 20 0 16 36 43 0 0 0 0 0 0 0 0 0 0 0 0 0 0 0 0 0 0 0 0 0 0 0 0 0 0 0 0 1 0 0 0 0 0 0 0 0 0 0 0 0 0 0 0 0 0 1 0 0 0 2 0 0 13 0 0 0 0 0 1 44 7 0 13 0 0 29 9 3 0 0 0 0 11 5 3 13 0 0 38 0 0 0 0 0 0 0 0 0 0 0 0 0 0 0 0 0 0 0 0 0 0 0 0 0 0 0 0 0 0 0 1 0 0 0 0 0 0 0 0 0 0 0 0 0 0 0 0 0 0 0 0 0 0 0 0 0 0 0 0 0 0 0 0 0 0 0 1 0 2 0 5 0 0 0 0 0 0 0 0 0 0 0 0 0 0 0 0 0 0 0 0 0 0 0 0 0 0 0 0 0 0 0 0 0 1 0 0 0 0 
 306 367 50 52 282 42 275 163 238 65 148 34 89 327 349 347 69 43 274 0 6 2 78 2 0 0 0 0 0 2 0 2 0 0 0 0 0 2 0 2 0 0 0 3 2 3 0 0 0 3 5 0 3 0 3 0 3 0 0 1 3 0 0 2 0 0 0 24 0 3 0 0 0 0 0 0 0 2 2 6 8 0 15 0 17 0 38 20 1 30 1 1 21 24 24 25 1 0 0 83 0 0 0 0 0 0 0 0 0 0 0 0 0 0 0 0 0 0 0 0 0 0 0 0 0 0 0 0 0 2 0 0 0 0 0 0 0 0 0 0 0 0 0 0 0 0 0 0 0 0 5 0 0 0 0 0 0 0 0 0 10 19 9 27 0 11 0 12 11 30 14 0 0 35 9 15 30 25 20 30 1 0 0 0 0 0 0 0 0 0 0 0 0 0 0 0 1 0 0 0 1 0 0 0 0 0 0 0 0 0 0 0 0 0 0 0 0 0 0 0 0 0 0 0 0 0 0 0 0 0 0 0 0 0 0 0 0 0 0 0 0 10 0 0 0 3 0 0 0 0 2 4 0 0 0 0 0 0 0 0 0 0 0 0 0 0 0 0 0 0 0 0 0 0 0 0 0 0 0 0 0 0 0 0 0 0 0 0 0 0 
 0 0 6 1 3 75 0 0 0 21 73 75 0 0 0 78 75 21 0 6 0 110 266 61 67 51 734 189 340 229 297 50 130 181 57 195 440 176 148 169 204 0 0 1 2 2 0 0 3 2 2 68 69 0 0 6 0 0 68 0 3 2 2 2 0 0 2 2 0 0 0 1 0 0 0 59 15 3 3 4 0 0 0 0 0 0 0 39 0 0 0 7 0 0 0 0 0 0 0 16 10 39 11 23 0 0 0 0 8 40 17 0 0 8 0 0 0 0 0 22 0 0 0 0 0 0 13 0 0 0 0 0 1 0 0 3 0 0 0 0 0 0 0 0 0 17 0 0 0 0 4 0 0 3 0 0 0 8 2 5 0 23 0 0 0 0 0 0 0 8 18 15 43 0 0 0 0 0 0 0 23 10 8 11 13 12 19 10 20 12 8 17 0 0 22 14 11 37 16 0 0 14 0 0 0 0 0 0 0 0 0 0 1 0 0 0 0 0 0 0 0 0 0 0 0 0 0 0 0 0 0 0 0 0 0 0 0 0 0 0 0 0 0 0 0 0 72 0 0 0 0 0 0 0 4 1 2 0 112 2 2 0 0 0 0 0 0 0 0 0 0 0 0 46 0 21 0 0 0 0 0 0 0 0 0 0 0 0 0 0 
 3 2 2 1 1 0 3 2 2 0 0 1 1 2 2 2 1 2 1 2 110 0 324 208 44 116 103 169 50 115 36 23 32 70 42 128 155 99 63 108 2 0 0 1 2 2 1 0 3 2 6 3 0 0 2 0 0 0 0 0 1 2 0 4 0 0 2 8 9 1 0 2 1 3 4 0 7 3 7 11 0 0 0 1 0 0 0 0 0 0 0 0 0 0 0 0 0 0 0 0 12 19 36 7 28 11 8 6 33 16 10 28 0 0 6 0 0 8 0 9 0 12 0 0 0 0 10 0 0 0 0 0 22 0 0 0 0 0 0 0 0 1 0 0 0 0 0 0 0 0 0 0 0 0 0 0 0 10 0 0 0 8 0 0 6 0 0 0 0 0 18 20 0 12 0 0 0 0 0 0 14 12 17 2 20 1 14 18 1 14 1 7 0 6 11 9 13 26 19 0 0 0 0 0 0 0 0 0 0 0 0 0 1 0 0 0 0 0 0 0 0 0 0 0 0 0 0 1 0 0 0 0 0 0 0 0 0 0 0 2 0 0 0 0 0 0 1 0 0 0 0 0 0 0 2 0 0 0 0 2 0 0 0 0 0 0 2 0 0 0 0 0 0 2 0 0 0 0 0 0 0 0 0 0 0 0 0 0 0 0 
 76 0 0 0 2 0 2 0 0 0 0 4 0 0 0 18 0 0 75 78 266 324 0 247 130 69 103 195 251 141 203 106 139 153 61 143 162 166 146 119 0 0 2 1 0 0 0 0 3 4 0 4 0 0 0 0 0 0 0 0 0 2 0 0 6 0 2 3 0 0 0 0 0 0 0 0 2 3 3 2 1 0 0 0 0 0 0 0 0 0 0 0 8 8 0 0 0 0 0 0 17 36 53 34 21 0 24 0 19 23 25 29 21 34 32 0 13 9 0 0 0 0 0 0 0 0 1 0 0 0 0 0 21 0 0 0 0 0 0 0 0 4 0 0 13 0 0 0 0 0 1 0 0 0 0 0 0 0 2 0 11 3 0 0 0 0 0 0 0 0 0 0 0 0 1 0 0 0 1 0 11 29 15 52 1 18 35 21 19 13 12 0 0 27 37 29 7 23 25 0 0 0 0 0 0 1 2 0 0 0 0 0 0 0 0 0 0 4 0 0 0 0 0 0 0 0 1 0 0 0 0 0 0 0 0 0 0 0 0 0 0 0 12 0 0 0 0 0 0 0 0 0 0 0 41 0 0 0 0 2 18 7 0 0 0 0 0 0 0 0 0 0 0 0 0 0 0 0 0 0 0 14 0 0 0 0 0 0 0 0 
 2 2 2 2 3 2 3 4 2 2 2 2 2 2 2 2 5 2 3 2 61 208 247 0 108 122 133 82 226 71 212 103 28 71 146 60 186 113 38 385 65 0 2 2 0 0 120 62 3 2 0 0 0 97 0 0 0 0 124 1 0 3 0 0 0 0 4 0 0 2 5 3 2 0 0 0 2 3 3 2 2 0 0 0 0 0 0 0 0 0 0 0 3 0 0 0 0 0 0 0 0 12 16 18 64 27 2 24 6 14 0 44 0 0 7 0 0 6 0 0 13 8 0 0 0 0 14 9 20 0 0 0 32 11 0 0 0 0 24 0 0 0 0 0 0 0 0 0 0 0 1 0 0 0 0 0 0 0 1 0 0 33 0 0 0 0 0 0 0 0 0 0 0 0 2 16 0 0 0 0 10 11 25 0 16 42 0 19 0 0 14 22 0 0 18 15 0 10 0 0 21 19 1 0 0 2 11 11 0 0 0 1 15 9 0 9 13 0 31 27 0 13 0 0 0 0 2 0 0 0 0 0 0 0 0 0 0 0 0 0 0 0 0 0 0 0 0 0 0 0 0 0 0 0 2 1 0 92 120 0 16 1 0 0 0 0 13 0 0 0 0 0 0 0 0 0 2 0 0 0 0 16 0 24 0 0 14 0 0 0 
 0 0 0 0 0 1 0 2 1 0 3 0 0 0 0 0 0 0 0 0 67 44 130 108 0 394 49 145 196 134 176 160 120 175 233 252 291 75 43 82 63 66 66 0 0 0 2 0 2 3 2 0 0 61 0 0 0 0 1 64 0 2 0 0 26 0 3 0 0 0 0 3 0 0 0 0 2 3 2 2 0 0 0 0 0 0 0 0 0 0 0 0 0 0 0 0 0 0 10 0 0 40 11 20 10 8 0 13 0 52 0 1 0 6 2 1 21 10 0 0 25 0 13 0 0 0 12 13 0 0 7 7 14 0 0 6 0 0 8 0 2 0 0 0 0 0 0 0 0 0 2 0 0 0 3 0 1 0 0 0 0 1 0 0 0 0 4 0 0 6 0 8 0 0 0 0 0 0 0 0 15 17 12 32 15 42 0 20 22 12 81 13 0 1 10 0 0 13 0 0 12 28 24 0 0 0 12 0 10 0 7 15 12 18 0 12 0 12 1 30 0 0 0 0 0 0 0 0 0 0 1 0 0 0 0 0 0 0 1 0 0 6 0 0 0 0 0 0 0 0 0 0 0 0 2 1 4 0 79 0 1 0 0 0 0 0 0 0 0 0 0 0 0 0 0 0 0 0 0 0 0 13 0 0 0 0 0 0 0 0 
 0 0 0 0 4 3 0 0 0 0 0 74 0 1 0 0 0 0 0 0 51 116 69 122 394 0 51 29 135 131 218 114 56 79 161 81 259 364 108 70 23 0 0 0 0 0 81 84 2 3 0 0 0 0 2 0 0 212 63 158 0 2 0 0 0 0 2 0 0 0 3 2 0 0 0 0 2 3 2 2 0 0 0 0 0 0 0 0 0 0 0 0 0 0 0 0 0 0 0 0 0 0 1 12 39 34 0 0 0 0 0 27 0 0 0 0 0 21 13 0 12 8 0 2 0 2 23 9 20 0 18 0 37 34 0 13 0 0 18 37 0 0 0 0 2 0 0 0 0 0 2 0 0 0 0 0 0 0 0 0 0 0 0 0 0 6 6 0 0 6 1 0 0 0 0 2 0 0 0 0 0 0 17 2 9 36 0 0 2 5 0 12 0 0 0 2 9 1 0 0 12 17 9 11 0 0 29 0 0 0 0 0 27 17 0 20 7 0 11 11 0 0 0 8 0 0 0 0 0 0 0 0 0 0 0 0 14 0 1 0 0 0 0 0 0 0 0 0 0 0 0 0 0 0 6 0 8 44 4 2 1 1 0 0 0 0 12 0 0 0 0 0 0 0 0 0 0 0 0 0 0 0 8 0 0 0 11 0 0 0 
 0 76 133 0 138 113 2 0 150 83 74 61 1 0 4 81 67 76 0 0 734 103 103 133 49 51 0 182 289 73 259 41 231 107 22 156 219 244 172 345 0 0 0 0 0 0 0 0 2 5 0 0 0 2 62 0 0 3 0 0 0 2 0 0 0 0 3 0 0 0 0 3 0 8 0 0 3 3 2 2 0 14 0 0 10 10 0 0 12 18 14 18 0 0 2 0 1 0 0 0 9 0 11 0 0 0 33 27 45 7 0 0 21 21 0 7 27 0 18 24 0 0 0 0 0 8 0 0 0 0 0 0 0 0 0 2 0 0 0 20 0 0 0 0 0 0 0 0 0 0 1 0 0 0 0 0 0 0 2 0 0 0 0 0 18 9 0 12 0 0 34 28 0 0 1 0 0 11 2 0 1 22 6 21 0 1 34 0 17 0 1 0 27 2 9 20 0 0 0 41 0 0 0 2 0 1 0 0 0 0 0 0 0 0 0 0 0 0 0 0 0 0 0 0 0 0 0 0 0 0 0 0 0 0 0 0 0 0 0 0 0 0 0 0 0 0 0 0 0 74 0 0 18 0 12 2 2 0 0 0 2 1 11 0 0 0 0 0 0 0 0 0 0 0 0 0 0 0 0 0 0 13 0 0 0 0 0 0 0 0 
 0 0 1 0 2 4 0 0 1 0 0 0 0 0 0 1 0 0 39 0 189 169 195 82 145 29 182 0 96 336 106 150 93 650 234 33 78 177 259 60 0 0 0 1 0 0 0 0 3 2 0 66 0 2 0 0 0 0 0 0 0 2 0 0 0 4 2 0 0 0 0 0 0 0 0 0 2 3 3 2 0 0 0 0 1 29 0 0 0 0 0 1 0 0 0 0 16 0 0 0 0 19 19 5 26 6 34 20 19 28 11 0 20 19 37 30 19 9 0 0 0 0 0 1 0 0 0 0 0 2 0 0 0 0 0 0 0 0 0 14 0 8 0 0 0 0 0 1 0 20 0 0 0 0 0 0 13 2 0 0 0 48 0 0 33 14 0 0 0 2 10 1 0 0 0 0 0 0 0 0 18 25 16 22 31 13 10 43 22 24 10 20 2 8 23 14 19 0 0 19 0 0 0 0 0 0 0 0 2 0 0 0 21 2 0 0 0 0 13 0 0 0 0 0 0 0 0 0 0 0 0 0 2 0 0 0 0 0 0 0 0 0 3 0 0 2 0 0 0 76 0 0 0 0 6 0 0 0 89 2 2 23 0 0 0 0 1 0 0 0 0 0 0 0 0 0 0 0 0 0 0 45 0 0 1 0 0 0 0 0 
 0 0 0 0 2 2 0 0 1 0 0 0 0 0 0 0 0 0 0 0 340 50 251 226 196 135 289 96 0 197 111 41 143 176 161 131 171 178 59 57 0 0 0 0 0 0 63 0 2 3 1 0 0 0 0 0 0 0 6 0 0 2 0 0 0 0 3 0 0 0 0 3 0 67 0 0 2 3 2 2 0 0 0 0 0 0 0 0 0 0 0 0 0 0 0 0 0 0 0 0 0 22 14 44 13 5 0 0 0 7 26 11 0 20 3 0 26 0 0 0 0 0 0 0 0 0 22 2 15 1 0 0 15 12 16 0 0 0 15 0 2 7 0 6 0 0 0 2 0 0 1 0 0 0 0 0 0 1 1 0 0 1 0 0 0 0 0 0 0 1 0 0 4 0 0 0 0 0 0 4 15 12 46 41 5 8 19 0 11 60 34 52 0 17 0 0 19 15 0 0 0 2 0 0 0 0 0 0 0 0 0 0 26 9 0 1 0 2 14 0 0 0 4 0 0 0 11 0 0 0 0 0 1 0 0 0 0 0 0 0 0 0 0 0 0 1 0 0 0 0 0 0 0 0 4 2 0 77 17 0 1 18 0 0 0 0 0 0 0 0 0 0 0 0 0 0 0 0 0 12 0 0 0 0 2 12 0 0 0 0 
 0 0 0 0 2 0 0 0 1 0 0 0 0 0 0 0 1 0 0 2 229 115 141 71 134 131 73 336 197 0 253 208 37 106 418 255 73 32 217 84 1 0 2 0 0 0 0 56 2 3 0 0 0 0 0 66 0 0 0 22 0 2 0 0 0 0 2 3 0 0 0 2 0 0 0 0 2 3 2 2 0 0 0 0 0 0 0 0 0 0 0 0 0 0 0 0 0 0 0 0 12 18 35 16 15 16 0 0 0 10 33 23 0 9 14 12 0 10 11 0 0 0 0 0 0 0 30 0 0 0 0 0 34 0 0 0 0 0 1 16 0 0 0 0 0 0 10 0 0 0 1 0 0 0 0 0 13 0 0 0 0 0 0 0 1 0 0 0 0 0 0 0 13 0 0 0 0 0 0 10 12 42 15 3 2 27 7 8 11 45 31 53 0 9 11 35 15 53 17 35 0 0 0 0 0 0 0 0 0 0 0 0 33 0 0 1 0 0 17 0 0 0 0 0 2 0 0 0 0 2 0 0 0 0 0 0 0 0 0 0 0 0 14 0 0 0 0 0 0 2 0 0 0 0 12 2 2 79 51 0 0 0 0 0 0 0 0 0 0 0 0 0 0 2 0 0 0 0 0 0 0 0 0 0 0 0 0 0 0 0 
 0 0 0 0 0 0 1 0 0 0 0 0 0 0 0 0 2 0 0 0 297 36 203 212 176 218 259 106 111 253 0 130 40 30 68 299 281 261 103 55 0 0 0 0 3 3 1 0 3 2 4 0 0 0 0 0 0 2 0 39 0 2 0 2 0 2 2 0 30 5 0 1 0 0 0 3 2 3 3 2 0 0 0 0 0 0 0 0 8 0 0 0 0 0 0 0 0 0 0 0 0 18 13 31 28 43 0 6 0 42 10 30 0 0 1 18 1 19 0 0 0 25 0 0 0 0 22 10 0 0 0 0 33 0 0 0 0 0 0 12 0 0 0 0 0 0 0 0 0 0 1 0 0 0 0 0 0 0 0 0 0 0 1 0 0 0 0 0 0 1 0 0 17 0 0 0 0 0 0 8 16 1 10 0 1 41 22 7 17 31 10 27 0 0 11 23 0 62 1 7 0 0 0 0 0 0 0 0 5 0 0 0 42 0 0 22 0 0 15 13 0 0 0 0 0 0 0 0 0 0 0 0 0 0 0 0 0 0 0 0 0 0 0 0 0 2 0 0 0 0 0 0 0 0 0 2 2 76 124 0 9 4 2 0 0 0 11 0 0 0 0 0 0 0 0 0 0 0 0 0 0 8 0 0 0 0 0 0 0 0 
 0 0 0 0 0 2 0 0 0 0 0 1 69 0 0 0 0 0 0 2 50 23 106 103 160 114 41 150 41 208 130 0 28 289 102 196 160 130 36 28 30 0 0 0 0 0 80 0 2 3 2 94 65 65 10 11 0 0 0 81 0 2 0 0 0 0 2 0 24 0 0 2 0 25 0 0 2 3 2 2 0 0 2 1 0 0 0 1 0 0 0 0 0 0 0 0 14 0 0 0 0 12 11 14 16 15 0 0 0 9 0 14 0 6 9 0 12 0 0 0 23 4 18 0 0 0 37 10 1 0 0 0 58 11 0 3 0 1 11 14 0 0 0 0 0 0 0 0 0 0 3 0 0 0 0 0 0 0 0 0 0 0 0 0 0 3 2 0 0 3 0 0 0 0 0 0 0 0 0 0 1 28 1 23 9 31 0 0 9 23 7 8 7 0 0 9 0 50 0 0 0 14 11 0 0 0 12 0 0 0 0 0 16 19 0 5 0 0 23 18 20 0 0 0 0 0 0 1 0 0 0 0 0 0 0 0 0 0 0 2 0 0 0 0 0 0 0 0 0 0 0 0 0 0 14 0 6 41 2 0 3 0 0 0 0 0 0 0 0 0 0 0 0 0 0 0 0 0 0 11 0 0 0 0 0 12 0 0 0 0 
 13 145 95 0 0 77 0 5 60 150 1 148 0 0 0 40 103 151 1 0 130 32 139 28 120 56 231 93 143 37 40 28 0 71 33 120 35 33 150 138 0 0 0 1 0 0 0 0 3 2 2 7 0 0 0 0 0 0 0 0 0 2 0 0 0 0 2 0 0 0 0 0 0 4 0 0 2 3 3 2 0 12 0 15 23 55 0 0 11 8 30 15 0 0 0 10 20 0 0 0 38 2 0 0 0 0 32 11 19 0 0 1 39 64 0 13 9 0 31 30 0 0 0 0 0 0 0 0 0 0 0 0 0 0 0 0 0 0 0 1 0 0 0 0 0 7 0 0 0 0 0 0 0 0 0 0 0 4 8 10 0 22 12 0 0 0 0 0 0 15 5 39 0 0 0 0 0 33 25 0 0 2 1 10 0 0 0 15 24 0 0 0 12 17 1 11 6 13 29 35 0 0 0 0 2 0 0 11 0 0 0 0 0 0 0 0 0 0 0 0 0 0 0 0 0 0 0 0 0 0 0 0 0 0 0 0 0 0 0 0 0 0 0 0 0 0 39 0 0 0 9 0 6 0 15 0 0 0 0 0 0 0 0 0 0 0 0 0 0 0 0 0 0 0 0 11 0 0 0 0 0 0 0 0 0 0 0 0 0 0 
 0 0 0 0 79 32 0 0 74 111 35 1 0 1 0 1 0 73 0 0 181 70 153 71 175 79 107 650 176 106 30 289 71 0 131 273 250 39 241 264 0 0 0 2 0 0 0 0 37 3 0 0 0 0 0 0 0 0 0 0 0 2 0 0 100 0 3 0 0 0 0 3 0 0 0 0 4 3 2 2 1 0 0 0 0 0 0 0 0 0 0 0 0 0 0 0 0 0 0 0 25 26 23 11 0 0 12 19 8 23 2 0 19 29 0 15 14 0 0 16 0 0 0 0 0 1 12 0 0 0 0 2 0 0 0 0 0 0 0 0 0 0 0 0 0 6 0 0 0 0 0 0 0 6 0 0 0 0 3 3 0 0 0 0 1 0 0 6 0 14 24 0 0 0 0 0 0 0 0 0 17 41 12 22 10 28 14 7 56 18 7 0 18 0 0 0 12 20 1 9 0 0 0 0 0 0 0 0 0 0 11 0 0 0 0 0 0 0 0 0 0 0 0 0 0 0 0 0 0 0 0 0 12 0 0 0 0 0 0 0 0 0 0 0 0 0 0 0 0 0 0 0 0 0 4 0 0 0 2 0 0 0 0 0 0 0 0 0 0 0 0 0 0 0 0 0 0 0 0 0 0 0 0 0 0 0 0 0 0 0 
 0 0 0 0 0 3 0 0 0 207 0 0 1 0 0 0 0 0 0 0 57 42 61 146 233 161 22 234 161 418 68 102 33 131 0 367 127 106 135 102 3 0 0 3 3 0 0 0 3 2 0 0 0 0 0 0 0 0 0 0 0 2 0 0 2 0 2 0 0 0 0 3 0 0 12 0 3 6 2 2 0 0 0 0 0 1 0 0 0 0 0 0 0 0 0 0 0 0 0 0 0 12 1 22 6 10 0 12 18 10 21 0 12 7 12 20 17 28 0 0 0 0 0 0 0 0 1 0 0 0 0 0 0 20 0 0 0 0 0 1 0 0 0 0 0 0 0 0 0 0 1 0 0 0 0 0 0 0 0 0 0 2 0 0 1 1 0 0 0 0 0 0 6 0 0 3 0 0 0 1 2 8 27 6 33 11 19 33 0 30 17 38 0 0 32 11 33 0 0 7 0 0 0 0 0 0 0 0 0 0 0 0 15 0 0 0 0 0 55 0 0 0 0 0 0 0 0 0 0 0 0 0 0 0 0 0 0 0 0 0 0 0 0 0 0 0 0 0 0 0 0 0 0 0 4 0 3 1 121 0 0 3 0 0 0 0 0 0 0 0 0 0 0 0 0 0 0 0 0 0 0 10 0 0 0 0 0 0 0 0 
 0 0 0 1 0 86 0 0 0 0 0 74 0 2 0 0 0 0 0 0 195 128 143 60 252 81 156 33 131 255 299 196 120 273 367 0 66 109 196 134 0 0 0 1 0 0 1 0 2 3 1 10 0 0 0 0 0 0 0 65 0 2 0 0 0 0 3 0 0 0 0 3 0 0 0 0 2 3 2 2 0 0 0 0 10 0 0 0 0 2 0 0 0 0 0 0 0 0 0 0 3 5 21 21 33 9 24 0 8 31 1 17 16 13 0 15 56 20 20 0 0 2 0 0 0 2 7 0 0 0 0 1 18 34 0 0 0 0 0 17 0 0 0 0 0 0 0 0 0 0 2 0 0 0 0 0 0 0 0 0 2 0 0 0 0 0 0 0 0 0 1 0 0 0 0 0 0 2 0 0 26 24 16 31 27 48 0 21 44 13 0 0 0 18 8 29 14 20 10 0 0 0 0 0 0 0 0 0 0 0 0 0 16 0 0 4 0 0 0 7 0 0 0 0 0 0 0 0 0 0 2 0 0 0 0 0 0 0 0 5 0 0 0 0 0 0 0 0 0 0 0 0 0 0 8 2 1 3 1 0 20 0 0 0 0 0 0 0 0 0 0 0 0 0 0 0 0 0 0 0 0 0 0 0 0 0 0 0 0 0 
 0 2 1 0 0 3 0 3 0 0 0 2 0 0 0 0 2 0 0 0 440 155 162 186 291 259 219 78 171 73 281 160 35 250 127 66 0 172 46 67 66 0 0 2 0 0 65 0 3 2 0 0 0 2 0 0 0 0 104 62 0 52 0 0 0 0 2 0 0 0 8 0 0 0 0 6 2 3 3 39 0 0 0 0 0 16 0 0 0 0 0 0 0 0 0 0 0 0 0 0 0 0 14 31 26 43 8 25 53 18 1 40 7 16 0 12 13 6 0 0 11 19 0 0 0 0 11 15 20 0 0 0 39 16 0 0 0 0 9 0 0 5 1 0 0 0 0 0 0 0 0 0 0 0 0 0 0 0 0 0 0 0 0 0 15 0 4 0 0 7 0 0 0 0 0 0 0 0 0 1 0 0 26 16 15 29 0 10 12 0 12 17 2 0 30 0 1 1 0 2 0 2 11 0 0 0 49 0 0 0 0 14 29 3 0 37 0 0 11 8 0 0 0 0 0 0 0 1 0 0 0 7 0 0 0 0 0 0 0 2 0 0 0 0 0 0 0 0 0 0 0 0 0 0 9 0 1 74 96 2 3 13 0 0 0 0 17 0 0 0 0 0 0 0 0 0 0 0 0 18 0 27 0 0 0 13 15 0 0 0 
 2 2 2 2 5 4 2 2 2 2 2 2 4 2 2 2 3 2 2 2 176 99 166 113 75 364 244 177 178 32 261 130 33 39 106 109 172 0 29 244 0 0 0 1 0 0 64 0 3 53 0 0 6 0 2 6 4 2 18 2 0 2 0 0 0 0 2 0 0 6 0 3 0 7 0 0 13 3 3 4 0 0 0 0 0 0 0 0 0 0 0 0 0 0 0 0 0 0 0 14 13 50 67 26 28 20 18 1 0 11 27 18 18 24 39 12 1 0 0 0 0 0 0 0 0 0 18 0 32 0 0 0 13 12 0 0 0 0 0 0 0 8 0 0 0 0 0 0 0 0 1 0 0 0 0 0 0 0 0 0 0 5 0 0 0 0 0 0 0 0 0 0 0 0 0 0 0 0 0 0 33 26 73 23 18 17 0 27 25 42 15 17 1 29 23 0 15 41 0 23 0 24 0 0 0 0 0 0 0 0 0 0 8 8 0 0 0 0 25 0 0 0 0 0 0 0 20 0 0 0 0 0 0 0 3 0 0 0 0 0 0 0 14 0 0 2 0 0 0 0 0 0 0 0 1 0 2 76 0 1 3 21 0 0 0 0 0 0 0 0 0 0 0 11 0 0 0 0 0 12 0 14 0 0 0 12 0 0 0 0 
 0 0 0 0 35 118 0 0 47 149 48 0 0 1 0 0 0 224 0 0 148 63 146 38 43 108 172 259 59 217 103 36 150 241 135 196 46 29 0 155 0 0 0 0 0 0 0 1 3 2 2 4 0 0 0 0 0 0 0 0 0 2 39 0 0 0 2 0 0 0 0 2 0 0 0 0 2 3 2 2 0 0 0 0 0 9 0 13 0 0 0 0 0 0 0 0 0 0 0 0 48 14 11 0 0 0 23 27 16 14 19 7 44 16 0 15 34 0 0 12 0 0 0 0 0 0 1 0 0 0 0 0 0 0 0 0 0 0 0 0 0 0 2 0 0 9 1 0 0 0 0 0 0 4 0 0 0 1 3 30 0 0 0 0 6 0 0 7 0 14 0 0 0 1 0 0 0 0 0 0 18 16 17 0 3 0 57 19 19 1 10 0 14 11 18 24 14 11 12 1 0 0 0 0 0 0 0 0 0 0 0 0 0 0 22 0 0 0 12 0 18 0 0 0 0 0 0 0 0 0 0 0 0 0 0 0 0 0 0 0 0 0 12 0 0 0 0 0 0 0 0 0 0 0 5 0 2 0 0 0 0 0 0 0 0 0 0 0 0 0 0 0 0 0 0 0 0 0 0 0 0 0 0 0 0 0 0 0 0 0 
 3 99 155 75 158 248 2 2 48 101 76 153 2 2 2 82 223 18 4 2 169 108 119 385 82 70 345 60 57 84 55 28 138 264 102 134 67 244 155 0 0 0 0 2 0 0 2 0 3 1 0 0 0 0 0 0 0 0 0 0 0 2 0 0 0 0 2 0 0 0 0 0 0 3 0 0 2 3 3 2 0 9 1 0 17 0 0 1 0 8 0 26 0 0 0 3 16 0 0 2 8 2 0 2 0 0 26 16 46 29 0 13 9 19 0 20 0 8 17 34 0 0 0 0 0 0 0 0 2 0 0 0 0 0 0 0 0 0 0 1 0 0 0 0 0 2 0 0 0 0 0 0 0 2 11 0 0 1 3 3 0 1 1 2 12 0 0 0 0 8 6 30 0 0 0 0 0 10 0 0 21 18 0 7 0 0 0 10 1 0 0 0 20 19 9 7 8 8 15 5 0 0 2 0 0 0 0 0 0 0 0 0 0 0 0 0 0 0 0 0 0 0 1 0 0 0 0 0 0 0 0 0 0 0 0 0 0 0 0 0 0 0 0 0 0 0 73 0 73 0 0 0 19 0 9 0 0 0 0 0 7 13 9 0 0 0 0 0 0 0 0 2 0 0 0 15 0 2 0 0 0 0 0 0 0 0 0 0 0 0 
 0 0 0 0 0 0 0 0 0 0 0 0 0 0 0 0 0 0 0 0 204 2 0 65 63 23 0 0 0 1 0 30 0 0 3 0 66 0 0 0 0 243 88 113 45 42 242 156 29 63 30 62 68 158 66 134 70 36 70 163 0 0 0 0 0 0 0 0 0 0 0 0 0 0 0 27 0 0 0 0 0 0 0 0 0 0 0 0 0 0 0 0 0 0 0 0 0 0 0 0 0 0 0 0 0 0 0 0 0 0 0 0 0 0 0 0 0 0 0 0 23 0 0 14 21 18 25 37 3 8 0 35 0 0 0 7 21 0 24 0 0 0 21 0 0 0 0 0 0 0 2 0 1 6 0 0 0 0 4 9 0 0 0 1 0 5 6 0 0 6 0 0 0 0 0 0 0 0 0 0 0 0 0 0 0 0 0 0 0 0 0 0 0 0 0 0 0 0 0 0 35 14 29 31 0 26 13 17 19 0 6 3 0 14 0 28 0 8 10 0 0 0 0 0 0 0 1 16 0 0 0 0 4 0 0 0 0 0 0 0 0 0 19 0 0 0 0 0 0 0 0 4 0 1 0 0 0 0 0 1 0 0 0 0 0 2 0 0 2 0 0 0 0 0 0 0 0 0 0 0 0 0 0 0 5 0 0 13 0 0 
 0 0 0 0 3 0 0 0 0 0 0 0 0 0 0 0 0 0 0 0 0 0 0 0 66 0 0 0 0 0 0 0 0 0 0 0 0 0 0 0 243 0 137 144 40 39 183 86 74 30 38 29 50 45 68 48 52 32 200 113 0 0 0 0 0 0 4 0 0 0 0 0 0 0 0 0 3 0 0 0 0 0 0 0 0 0 0 0 0 0 0 0 0 0 16 0 0 0 0 0 0 7 0 1 0 0 0 0 0 0 0 0 0 0 0 0 0 0 0 0 12 0 2 14 13 12 0 9 0 14 9 0 1 18 32 8 4 0 54 0 0 0 0 0 0 0 0 4 0 0 1 0 33 14 2 0 0 0 0 0 4 0 0 0 0 0 0 0 0 0 0 0 0 0 0 8 0 0 0 0 0 0 0 2 0 0 0 0 0 0 0 0 0 0 0 0 0 1 0 0 1 14 10 72 0 1 12 50 31 9 30 0 0 27 20 10 1 0 0 7 0 0 0 0 0 0 14 0 0 0 0 0 0 13 0 0 0 0 0 0 0 0 0 0 0 0 0 0 0 0 0 19 0 2 0 0 0 63 0 2 0 0 0 65 0 2 3 0 0 0 0 0 0 0 0 0 0 0 0 0 0 0 0 0 0 0 0 8 0 0 
 0 0 0 0 3 2 0 0 0 0 0 3 0 0 0 0 2 0 0 0 0 0 2 2 66 0 0 0 0 2 0 0 0 0 0 0 0 0 0 0 88 137 0 104 118 47 138 158 406 98 106 34 217 138 105 135 59 126 49 50 1 0 0 0 0 0 52 5 10 22 4 4 0 0 0 2 0 5 0 0 0 0 0 0 0 0 0 0 0 0 0 0 0 0 0 0 0 0 0 0 0 0 0 0 0 0 0 21 0 0 0 0 0 0 0 0 0 0 0 0 46 22 15 17 0 12 0 12 0 23 8 42 0 0 24 15 20 21 0 5 0 0 5 1 0 0 0 6 0 7 22 0 30 23 1 0 31 0 0 27 5 0 0 0 0 0 0 0 0 0 0 0 0 0 0 0 0 0 0 0 0 0 0 0 0 0 0 0 0 0 0 0 0 0 0 0 0 0 0 0 20 18 18 39 7 13 0 2 30 26 9 24 0 12 0 34 29 20 0 9 14 0 0 0 0 0 0 0 29 0 7 3 0 7 0 5 0 0 0 1 0 0 16 0 0 0 0 0 0 0 0 5 0 0 0 0 0 0 0 1 0 0 0 1 0 2 0 0 0 0 11 0 0 0 0 0 0 0 0 0 0 0 0 0 0 29 0 0 0 0 
 6 5 3 3 3 3 6 3 3 3 3 3 3 3 3 3 3 6 3 3 1 1 1 2 0 0 0 1 0 0 0 0 1 2 3 1 2 1 0 2 113 144 104 0 388 178 96 100 310 135 354 104 68 83 81 112 63 168 39 66 56 0 0 0 6 0 59 0 3 54 0 0 4 0 0 0 7 0 0 0 0 0 8 0 0 0 0 0 0 0 0 0 0 0 16 0 0 0 0 0 0 0 0 0 0 0 0 0 0 0 10 0 0 0 0 0 0 0 0 0 0 19 3 18 15 45 0 0 10 3 0 11 0 0 20 0 0 15 0 0 3 0 0 0 0 0 0 10 7 0 2 0 95 14 0 0 0 1 22 0 0 0 0 0 0 0 0 0 0 0 0 0 0 0 0 0 0 0 0 0 0 0 0 0 0 0 0 0 0 10 0 0 0 0 0 0 0 0 0 0 0 0 0 40 16 7 0 0 18 0 31 23 0 0 13 0 7 1 0 1 7 10 0 0 0 0 26 0 0 0 0 0 0 25 0 12 0 0 27 0 0 0 0 0 0 0 0 0 0 0 0 4 0 0 0 0 0 0 0 10 0 0 1 35 1 0 3 1 1 2 0 0 0 0 0 0 0 0 0 0 0 0 0 0 0 0 0 11 0 0 
 0 0 0 0 0 2 2 0 0 0 0 0 0 1 0 0 1 2 0 2 2 2 0 0 0 0 0 0 0 0 3 0 0 0 3 0 0 0 0 0 45 40 118 388 0 203 83 291 82 100 347 112 89 323 93 86 290 58 42 70 54 0 54 0 53 0 3 50 50 0 0 0 99 51 62 21 0 0 50 0 0 0 0 0 0 0 0 0 0 0 0 0 0 0 0 0 13 0 0 0 0 0 0 0 0 0 0 0 0 1 0 0 0 0 0 0 0 0 0 10 0 0 22 0 0 52 0 0 0 0 6 0 0 12 0 0 4 0 0 0 3 17 1 25 7 0 13 0 5 64 2 0 12 0 0 18 0 20 0 0 0 0 0 0 2 0 0 7 1 0 0 0 0 0 0 0 0 0 4 0 0 0 0 0 0 0 0 0 0 0 0 0 0 0 0 0 0 0 0 0 17 0 0 0 16 2 0 16 11 0 1 4 0 4 0 0 0 22 0 0 7 9 4 0 0 0 0 34 4 6 0 16 0 69 15 13 3 13 7 2 6 0 0 0 0 0 0 0 0 0 0 4 0 0 0 0 0 0 0 12 0 0 2 1 1 17 2 0 3 2 0 0 0 0 0 1 0 0 0 0 0 4 0 0 0 0 0 0 0 0 
 0 13 0 0 0 5 0 0 0 0 3 6 8 1 0 0 0 0 0 3 2 2 0 0 0 0 0 0 0 0 3 0 0 0 0 0 0 0 0 0 42 39 47 178 203 0 45 35 246 44 98 108 59 62 57 84 141 58 33 255 0 0 75 0 89 3 16 68 52 31 51 0 0 85 51 24 0 1 62 53 0 0 0 0 0 0 0 12 22 0 0 0 3 0 0 0 9 0 0 0 0 0 0 0 0 0 0 0 0 0 0 0 0 9 0 0 0 0 0 0 0 0 0 0 0 14 0 0 0 0 0 0 0 0 0 0 0 0 11 0 11 11 0 36 6 0 32 7 2 10 23 0 0 0 10 15 0 35 0 0 0 0 0 0 3 0 0 0 1 11 0 0 0 0 0 0 0 1 0 52 0 0 0 0 0 0 0 0 0 0 0 0 0 0 0 0 0 0 0 0 0 0 0 0 11 0 0 0 0 0 0 0 0 0 0 0 0 0 0 0 69 2 0 0 0 0 6 32 7 13 10 10 10 11 18 0 13 6 0 0 0 14 0 0 0 0 0 0 0 0 0 4 0 0 0 0 0 0 0 2 0 15 0 0 0 8 0 0 0 0 12 0 0 9 0 0 0 0 0 0 0 0 0 0 0 0 0 0 0 0 
 0 2 0 0 0 3 0 2 0 0 0 0 0 0 0 0 0 0 0 0 0 1 0 120 2 81 0 0 63 0 1 80 0 0 0 1 65 64 0 2 242 183 138 96 83 45 0 242 71 94 99 43 168 266 177 259 319 318 224 155 3 0 0 5 0 1 203 2 9 0 0 3 0 0 0 14 2 0 3 1 0 0 0 0 0 0 0 0 0 0 0 0 0 0 0 0 25 0 0 0 0 36 0 9 7 34 0 0 0 0 0 13 0 0 0 0 0 0 0 0 13 0 2 8 0 16 10 32 21 0 1 24 37 28 7 16 25 19 25 0 0 0 0 0 0 0 0 0 0 0 2 0 7 0 0 0 0 0 0 7 0 0 0 0 0 7 10 0 1 3 0 0 15 0 0 0 0 0 0 0 0 1 2 15 0 1 0 0 0 0 1 1 0 0 0 0 0 3 0 0 30 23 30 29 0 19 10 13 0 11 0 7 8 22 23 76 25 10 24 21 0 0 0 0 0 0 0 0 0 4 0 0 0 0 0 0 0 0 0 0 0 0 17 0 0 0 0 0 0 0 0 9 0 2 0 0 1 56 0 3 0 0 0 0 2 0 0 0 1 0 0 0 0 0 0 0 0 0 0 1 0 0 0 0 0 5 0 0 2 0 
 0 0 0 0 0 0 0 0 0 0 0 0 0 0 0 0 0 32 12 0 0 0 0 62 0 84 0 0 0 56 0 0 0 0 0 0 0 0 1 0 156 86 158 100 291 35 242 0 173 175 207 102 263 429 206 271 112 113 120 59 3 0 0 3 0 0 5 2 3 0 0 0 0 0 0 19 1 0 0 0 0 0 0 0 0 0 0 0 0 0 0 0 0 5 0 0 0 0 4 1 0 0 0 10 0 0 0 0 0 0 0 0 0 0 0 0 0 0 0 0 0 10 49 7 4 10 13 18 11 11 6 12 10 30 9 9 8 10 8 12 0 0 8 0 0 0 0 0 0 0 0 6 0 0 0 0 0 0 0 7 2 0 0 0 0 2 2 0 5 0 0 0 0 0 0 0 0 0 6 0 0 0 0 0 0 0 0 0 0 0 0 0 0 0 0 0 0 0 0 0 51 18 11 28 0 10 34 24 0 47 0 7 27 14 0 9 18 10 15 9 0 0 0 0 0 0 0 0 0 4 0 0 0 0 0 0 10 0 0 0 0 0 10 0 0 0 0 0 0 0 0 2 0 1 0 0 0 66 0 0 0 0 1 0 0 4 2 0 0 0 3 0 0 0 0 0 0 0 0 0 0 0 0 0 16 0 0 0 1 0 
 0 2 0 0 0 0 0 0 0 0 0 0 0 0 0 0 0 0 0 0 3 3 3 3 2 2 2 3 2 2 3 2 3 37 3 2 3 3 3 3 29 74 406 310 82 246 71 173 0 171 129 111 173 162 333 60 161 171 138 280 0 0 0 0 53 0 0 0 0 0 0 0 24 0 62 0 50 0 0 25 0 0 0 0 0 0 19 0 0 0 0 0 0 0 0 0 0 0 0 0 0 0 0 0 0 0 0 0 0 0 0 0 0 0 0 0 0 0 0 0 0 20 20 8 18 0 9 0 14 37 33 0 0 8 4 9 66 21 0 4 0 0 3 0 1 0 5 0 0 0 2 56 33 0 0 9 0 0 0 0 0 0 0 0 0 2 0 0 8 0 0 0 0 0 0 0 0 0 9 0 0 0 0 0 0 0 0 5 0 0 0 0 0 0 0 0 0 0 0 0 8 35 0 15 0 0 14 33 30 36 21 0 0 15 24 3 20 0 14 18 0 0 0 0 0 0 16 5 0 0 0 0 0 9 0 0 0 14 5 0 0 0 1 0 0 0 0 0 0 0 0 6 0 0 0 0 0 0 0 1 0 0 4 0 4 2 2 0 0 0 10 0 0 0 0 0 0 0 0 0 0 0 0 0 8 33 0 12 0 0 
 1 3 2 3 3 3 2 3 3 2 2 3 2 68 3 1 4 3 1 3 2 2 4 2 3 3 5 2 3 3 2 3 2 3 2 3 2 53 2 1 63 30 98 135 100 44 94 175 171 0 171 44 104 185 276 146 107 53 178 93 0 2 0 0 2 0 0 0 0 0 0 0 3 0 0 6 0 0 0 0 0 0 0 0 0 0 0 0 0 0 0 0 0 0 0 0 0 9 0 0 0 0 0 0 0 0 0 0 0 0 0 0 0 0 0 0 0 0 0 0 11 10 20 3 64 14 2 16 14 30 7 21 0 8 10 9 52 8 0 4 2 0 23 0 0 0 9 7 0 0 2 6 0 6 6 0 0 0 1 12 0 0 0 0 0 2 0 0 8 0 0 0 0 0 0 0 0 0 8 0 0 0 0 0 0 10 0 0 0 0 0 0 0 0 0 0 0 0 0 0 23 13 25 30 0 37 16 22 0 14 4 6 0 15 20 16 4 5 14 11 0 0 0 0 0 0 9 7 0 0 0 0 0 0 6 0 0 4 2 0 0 0 21 0 0 0 0 0 0 0 0 4 0 4 0 0 0 0 0 9 0 0 3 0 0 5 0 1 2 0 9 0 0 0 0 0 0 0 0 0 0 0 0 0 12 14 0 0 0 0 
 3 3 3 3 3 5 3 3 41 3 3 2 3 3 6 3 3 2 3 5 2 6 0 0 2 0 0 0 1 0 4 2 2 0 0 1 0 0 2 0 30 38 106 354 347 98 99 207 129 171 0 145 71 63 130 87 127 390 18 83 4 2 0 2 0 0 3 10 13 4 3 0 24 0 0 2 3 5 3 42 0 0 1 0 0 0 0 0 0 0 0 0 0 0 5 0 0 0 0 0 0 0 0 0 0 0 0 0 0 0 0 0 0 0 0 0 0 0 1 0 0 0 12 9 10 1 0 0 10 26 24 9 0 0 0 0 24 10 0 2 0 0 11 0 2 0 8 0 0 45 6 2 21 0 0 0 0 0 0 0 0 0 0 0 0 0 0 0 4 0 0 0 0 0 0 0 0 0 5 0 0 0 0 0 0 0 0 0 0 0 0 0 0 0 0 0 0 0 0 0 19 11 0 15 0 0 14 19 46 19 0 0 0 0 12 10 5 13 2 19 0 0 0 0 0 0 16 0 8 0 3 3 0 12 0 6 0 0 7 0 0 0 9 0 0 0 0 0 0 0 0 0 0 0 0 0 0 0 0 20 0 0 1 0 2 12 0 0 0 0 13 0 0 0 0 6 0 0 0 0 0 0 0 0 6 11 0 0 0 0 
 0 0 0 0 0 3 0 0 0 0 0 0 0 0 0 0 0 0 0 0 68 3 4 0 0 0 0 66 0 0 0 94 7 0 0 10 0 0 4 0 62 29 34 104 112 108 43 102 111 44 145 0 247 58 108 339 130 71 231 61 0 0 0 0 0 0 2 0 0 0 0 0 69 0 0 0 0 0 0 53 0 0 0 0 0 0 0 0 0 0 0 0 0 0 0 0 0 0 0 0 14 0 3 0 0 0 11 0 4 0 0 5 6 6 0 0 14 0 0 0 0 20 7 0 48 0 0 0 15 16 11 4 11 0 19 6 13 14 0 0 0 0 12 0 0 0 13 14 0 0 2 2 0 14 1 0 0 0 0 0 0 0 0 0 0 0 0 0 0 0 0 0 0 0 0 0 0 0 0 0 0 0 0 0 0 0 0 0 8 0 0 0 0 10 0 6 11 0 6 0 0 0 0 8 13 0 33 0 20 7 3 7 0 0 24 0 0 9 0 14 38 0 0 1 0 0 29 1 0 0 0 0 13 0 0 0 0 0 17 0 0 0 2 0 0 0 0 0 0 0 0 4 0 0 0 0 0 0 0 12 0 28 4 68 64 6 21 62 2 0 9 0 0 0 0 0 0 0 0 0 0 0 0 0 7 0 0 0 0 0 
 3 6 3 3 3 3 3 3 3 3 3 3 3 3 3 3 3 3 3 3 69 0 0 0 0 0 0 0 0 0 0 65 0 0 0 0 0 6 0 0 68 50 217 68 89 59 168 263 173 104 71 247 0 81 304 81 42 116 137 102 2 0 0 0 4 6 51 0 0 0 0 1 0 1 0 0 3 0 0 1 0 0 9 0 0 0 0 0 0 0 10 0 0 0 0 0 0 0 0 0 0 0 11 0 0 0 0 0 0 0 0 0 0 0 0 0 0 0 0 0 14 19 22 18 20 1 0 0 11 9 12 19 0 0 17 0 23 26 0 2 13 0 4 0 0 8 0 0 0 0 16 2 12 0 0 0 0 0 0 6 0 0 0 0 0 0 0 0 5 0 0 0 0 0 0 0 0 0 6 11 0 0 0 0 0 0 0 0 0 0 0 2 16 0 0 0 0 0 0 0 30 13 0 9 0 12 11 25 43 13 7 7 0 0 22 16 5 23 1 20 0 0 0 0 0 0 1 0 0 0 0 0 0 0 0 0 0 0 0 0 0 0 11 0 0 0 0 0 0 0 0 2 0 0 0 0 0 0 0 12 0 0 2 0 0 15 1 0 0 0 10 0 0 0 0 0 0 0 0 0 0 0 0 0 20 11 0 0 0 0 
 0 1 0 0 0 0 0 0 0 0 0 0 0 0 0 0 0 0 4 0 0 0 0 97 61 0 2 2 0 0 0 65 0 0 0 0 2 0 0 0 158 45 138 83 323 62 266 429 162 185 63 58 81 0 163 114 117 38 167 96 1 2 0 0 0 0 0 4 0 1 1 4 0 0 0 9 0 0 0 0 0 0 0 0 0 0 0 0 0 0 0 0 0 0 0 0 0 0 0 0 0 0 0 0 1 0 0 0 0 0 0 19 0 0 0 0 0 0 0 0 43 0 9 0 0 11 17 25 15 0 0 18 10 3 0 29 10 1 14 35 0 0 11 6 0 0 0 0 0 6 2 0 0 0 0 0 2 0 0 8 0 0 0 0 0 6 0 0 0 0 0 0 0 0 0 34 0 0 1 0 0 0 0 0 0 0 0 0 0 0 0 0 0 0 0 0 0 14 0 0 12 17 13 10 0 3 0 29 0 10 0 23 0 15 1 27 3 19 48 1 0 0 0 2 0 5 0 0 1 0 0 0 19 0 0 5 0 0 0 0 0 0 10 0 0 0 0 0 0 0 0 0 0 0 0 0 0 63 0 0 0 0 0 0 0 0 0 0 0 0 1 0 0 0 0 0 0 0 0 0 0 0 0 22 0 0 0 0 0 0 
 3 67 3 3 3 5 3 3 3 3 3 3 3 3 3 3 3 10 3 3 0 2 0 0 0 2 62 0 0 0 0 10 0 0 0 0 0 2 0 0 66 68 105 81 93 57 177 206 333 276 130 108 304 163 0 160 99 75 67 99 55 0 0 0 0 3 0 0 2 5 0 1 3 3 0 0 7 3 0 2 0 0 0 0 0 0 0 0 0 0 0 0 0 0 0 0 0 0 0 0 0 0 0 0 0 0 0 0 0 0 0 0 0 0 0 0 0 0 0 0 13 31 18 19 27 1 13 2 18 20 1 9 7 20 10 6 33 12 0 12 0 0 0 0 0 0 0 0 0 0 0 5 10 1 0 0 0 0 0 7 0 0 0 0 0 6 0 0 1 0 0 0 0 0 0 0 0 0 2 0 0 0 0 0 0 0 0 0 13 0 0 0 0 0 0 0 0 6 0 0 9 37 5 37 0 17 0 0 10 20 0 0 0 22 16 9 13 0 18 10 0 0 0 0 0 0 16 14 0 0 0 0 0 0 0 0 0 0 0 0 0 0 9 0 0 0 0 0 0 0 0 5 0 0 0 0 0 0 0 0 0 0 105 0 0 2 0 0 0 0 0 0 0 0 0 0 0 0 0 0 0 0 2 0 15 10 0 0 0 0 
 0 6 0 0 0 2 0 0 0 0 1 0 0 0 0 0 0 0 0 0 6 0 0 0 0 0 0 0 0 66 0 11 0 0 0 0 0 6 0 0 134 48 135 112 86 84 259 271 60 146 87 339 81 114 160 0 221 35 29 90 3 2 2 0 0 0 209 2 3 0 0 0 0 1 0 102 3 0 0 2 0 0 0 0 0 0 0 0 0 0 0 0 0 0 0 0 0 0 0 0 0 0 0 0 0 0 0 0 0 0 0 0 0 0 6 0 0 0 4 0 1 35 35 9 15 10 0 33 14 1 0 38 9 26 25 55 11 23 4 13 0 0 4 0 0 0 7 10 0 2 1 0 0 0 0 0 0 0 0 7 0 0 0 0 0 0 0 0 0 0 0 0 0 0 0 0 0 0 0 0 0 0 0 0 0 0 0 0 0 0 15 0 0 0 0 0 0 23 0 0 0 14 23 0 0 11 0 18 21 9 2 20 0 5 26 6 9 51 0 25 15 0 15 0 0 0 9 10 0 0 0 0 1 0 0 0 0 0 6 0 0 0 0 0 0 0 0 0 0 0 0 6 0 2 0 0 0 0 0 12 0 0 64 69 0 0 0 1 0 0 0 0 0 0 0 0 0 0 0 0 0 0 0 0 0 0 0 0 0 0 
 2 3 3 3 6 3 3 3 3 3 3 3 3 3 3 2 3 73 2 3 0 0 0 0 0 0 0 0 0 0 0 0 0 0 0 0 0 4 0 0 70 52 59 63 290 141 319 112 161 107 127 130 42 117 99 221 0 115 109 192 0 0 0 0 0 0 260 0 0 0 0 0 22 0 0 7 0 1 0 22 0 0 0 0 0 0 0 0 0 0 0 0 0 0 0 0 0 0 0 1 17 0 0 0 0 4 0 0 0 0 0 2 0 0 0 0 0 0 0 0 0 0 20 3 0 7 6 7 13 0 10 10 0 8 0 32 12 7 0 4 0 0 15 0 0 0 28 0 0 5 2 0 21 0 0 0 0 0 0 13 0 0 0 1 0 2 0 0 9 0 0 0 0 0 0 0 0 0 11 0 0 0 0 0 0 0 0 0 0 0 0 0 0 0 0 0 0 0 0 0 17 14 8 30 0 4 0 21 14 1 0 12 0 16 0 11 1 16 14 0 7 0 0 0 0 0 7 1 0 0 0 0 0 12 0 0 0 0 20 0 0 0 11 0 0 0 0 0 0 0 0 6 0 2 0 0 0 0 0 2 0 0 2 0 3 3 0 0 1 0 0 0 0 0 5 0 0 0 0 0 0 0 0 0 0 0 0 1 0 0 
 0 0 1 0 0 0 3 0 0 0 2 0 0 0 1 2 0 0 0 0 0 0 0 0 0 212 3 0 0 0 2 0 0 0 0 0 0 2 0 0 36 32 126 168 58 58 318 113 171 53 390 71 116 38 75 35 115 0 56 45 0 0 10 3 0 49 32 0 2 2 0 0 0 10 15 1 0 21 22 6 0 0 0 0 0 0 0 16 0 0 0 13 0 0 0 0 3 0 0 0 0 0 0 0 0 0 0 0 0 0 0 0 0 0 0 0 0 0 0 0 0 0 19 3 1 18 0 0 0 9 7 20 0 0 0 0 26 24 0 0 0 10 4 0 7 0 5 0 9 1 4 7 19 0 0 9 0 0 0 0 0 0 0 0 0 0 0 0 6 0 0 0 0 0 0 0 0 0 8 0 0 0 0 0 0 0 0 0 0 0 0 0 0 0 0 0 0 0 0 0 22 18 0 19 0 0 0 19 68 3 0 2 12 0 0 16 22 12 0 8 9 0 0 0 0 0 0 0 2 0 5 2 0 0 0 0 0 0 0 0 0 0 16 0 0 0 0 0 0 0 0 3 0 0 0 0 0 0 0 19 0 0 0 0 0 14 11 0 0 0 6 0 0 0 0 5 0 0 0 0 0 0 0 0 0 34 0 0 0 0 
 0 0 0 0 0 0 0 0 0 0 0 0 0 0 0 0 62 0 0 0 68 0 0 124 1 63 0 0 6 0 0 0 0 0 0 0 104 18 0 0 70 200 49 39 42 33 224 120 138 178 18 231 137 167 67 29 109 56 0 145 0 5 0 0 0 0 0 4 0 1 3 7 0 0 0 20 8 0 0 0 0 0 0 0 0 0 0 0 0 0 0 0 0 0 0 0 0 0 0 0 0 0 0 7 29 4 0 0 0 0 0 9 0 0 0 0 0 0 0 0 14 0 0 0 0 0 52 5 4 0 6 1 10 47 12 12 0 0 14 10 0 0 0 45 0 0 0 0 0 5 3 0 0 0 0 0 4 0 0 0 0 0 0 0 0 6 0 0 2 0 0 0 0 0 0 0 0 0 3 0 0 0 0 0 0 0 0 0 0 0 0 0 0 0 0 0 0 0 0 0 0 44 1 0 0 0 0 16 9 0 28 0 11 33 16 12 0 0 49 0 0 0 0 4 0 2 0 0 1 0 0 0 0 0 0 15 0 0 2 0 0 0 0 0 0 0 0 0 0 0 0 4 0 0 0 0 0 66 0 0 0 0 0 0 0 1 0 0 0 0 1 0 0 0 0 0 0 0 0 13 0 0 0 0 0 11 0 0 0 0 
 0 1 2 1 1 3 2 2 1 2 2 0 2 0 1 0 0 0 3 1 0 0 0 1 64 158 0 0 0 22 39 81 0 0 0 65 62 2 0 0 163 113 50 66 70 255 155 59 280 93 83 61 102 96 99 90 192 45 145 0 0 0 2 0 0 0 0 0 52 5 3 1 0 3 0 0 5 2 3 1 0 0 0 0 0 0 0 0 0 0 0 0 0 0 0 0 0 0 0 0 5 0 10 0 14 18 0 0 0 0 0 20 0 0 0 0 0 0 0 0 25 16 6 0 19 3 30 0 4 16 0 1 8 16 11 0 14 28 16 20 0 0 0 0 7 0 0 0 0 1 1 0 0 1 0 0 0 0 2 7 0 0 0 0 0 3 13 10 0 15 0 0 0 0 0 0 0 0 0 0 0 0 0 0 3 21 0 0 0 0 0 1 0 0 0 11 0 51 0 0 5 0 15 5 0 18 27 1 6 0 0 2 14 1 6 0 0 7 1 0 0 0 0 0 0 0 0 0 0 0 0 0 1 0 0 0 0 0 0 0 0 0 0 0 0 0 0 0 0 0 0 5 0 0 0 0 0 81 0 0 0 0 0 0 1 2 11 0 2 0 0 0 0 0 0 0 0 0 0 0 0 0 0 0 30 0 11 0 0 0 
 0 0 0 2 0 6 0 0 0 0 0 0 0 0 0 0 0 0 0 3 3 1 0 0 0 0 0 0 0 0 0 0 0 0 0 0 0 0 0 0 0 0 1 56 54 0 3 3 0 0 4 0 2 1 55 3 0 0 0 0 0 323 157 526 14 262 232 321 40 39 28 256 120 323 121 35 92 46 39 113 0 0 0 0 0 0 0 0 0 0 0 0 0 0 0 0 0 0 11 0 0 0 0 0 0 0 0 0 0 0 0 0 0 0 0 0 0 0 0 0 0 0 0 9 0 15 15 0 0 0 0 0 0 0 0 0 0 0 0 3 8 12 25 0 0 0 11 0 5 1 25 2 4 21 6 1 10 13 9 15 15 0 0 0 1 0 0 0 0 0 0 0 0 0 0 0 0 0 0 0 0 0 0 0 0 0 0 0 0 0 0 0 0 0 0 0 0 0 0 0 0 0 0 0 25 29 0 0 0 15 0 10 0 0 0 0 0 0 0 0 19 24 22 0 0 22 0 10 9 12 0 6 0 8 1 15 7 13 7 24 10 0 0 7 0 0 0 0 0 1 0 0 0 0 9 0 0 0 0 0 0 0 0 0 0 0 0 0 0 0 6 0 0 0 1 0 0 0 0 0 0 0 0 0 0 0 0 0 1 0 
