 0 175 165 64 488 135 187 683 160 39 248 123 150 402 308 37 66 37 471 67 5 8 3 0 0 0 0 4 2 2 4 2 1 0 2 1 3 2 2 0 0 0 0 12 0 1 0 0 0 6 2 1 0 0 3 3 3 0 0 0 0 0 0 0 3 3 0 0 0 2 2 3 0 2 0 3 36 2 0 0 15 12 1 0 1 16 0 15 0 30 0 15 22 11 57 16 0 47 11 9 1 0 0 0 0 0 10 0 2 2 1 0 0 0 1 0 0 0 0 10 0 0 0 0 0 0 0 0 0 1 0 0 0 0 0 0 0 0 0 0 0 0 0 0 0 0 0 0 0 0 0 0 0 0 0 0 0 0 0 0 0 31 0 1 18 6 0 42 11 0 25 12 6 11 31 6 11 0 0 54 0 2 0 0 0 0 0 0 0 0 0 0 0 0 0 0 0 0 0 0 0 0 0 0 0 1 0 1 0 0 0 0 0 0 1 0 0 0 0 0 11 0 0 0 0 0 0 0 0 0 0 0 0 0 2 0 0 0 0 0 0 0 0 0 0 1 2 0 3 9 0 14 2 0 0 0 0 0 0 0 0 0 0 0 0 0 0 0 0 0 0 0 0 0 0 0 10 0 0 0 0 0 0 0 0 0 0 0 0 0 
 175 0 285 428 138 276 58 410 54 45 145 31 56 151 207 75 153 32 32 104 3 2 1 0 0 0 0 0 0 1 2 0 4 0 0 2 3 0 3 0 1 0 0 0 0 0 0 0 0 3 64 1 0 0 5 0 0 2 0 0 0 0 0 0 0 0 0 0 0 3 0 0 0 0 0 3 0 0 0 0 0 18 40 26 0 12 0 30 0 11 20 1 0 0 31 1 14 10 0 0 0 0 0 0 0 0 0 0 0 0 0 0 26 3 0 0 0 0 9 10 0 0 0 0 0 0 0 0 0 0 0 0 0 0 0 0 0 0 0 0 0 0 1 0 2 1 0 0 0 2 0 1 0 0 0 0 0 1 0 0 0 2 16 0 18 24 6 14 7 0 0 0 9 0 17 11 23 48 0 0 0 0 0 0 0 0 0 0 0 0 0 0 0 0 10 0 0 0 0 4 0 0 0 0 0 10 0 0 0 0 0 0 0 0 0 0 0 0 0 0 0 0 0 1 1 1 0 0 0 1 0 1 0 0 0 1 0 0 0 0 0 0 0 0 0 2 20 0 2 7 2 7 0 0 1 0 0 0 0 0 0 0 0 0 0 0 0 0 0 0 0 0 0 0 0 0 0 0 0 0 0 0 0 0 0 0 0 0 0 1 
 165 285 0 196 52 473 68 158 102 628 83 406 292 235 237 234 503 117 117 145 3 3 0 0 0 0 0 0 0 1 75 2 2 2 2 1 4 75 2 0 0 0 0 0 0 0 0 0 0 3 0 0 0 63 3 0 0 0 0 0 0 0 7 0 0 0 0 0 0 2 0 0 0 6 0 3 1 0 0 0 5 57 48 0 0 39 11 20 23 12 31 17 0 11 0 1 17 34 0 0 6 0 0 0 0 0 0 0 0 1 16 1 16 13 0 0 0 0 0 14 0 0 0 0 0 0 0 0 0 0 0 0 0 0 0 0 0 0 0 0 0 0 0 0 0 4 0 0 0 0 0 0 0 0 0 0 0 0 0 0 21 0 17 21 20 0 0 26 32 25 41 32 0 12 17 1 0 35 0 0 0 14 0 4 0 0 15 0 0 0 0 0 9 0 0 3 0 0 1 24 0 18 0 0 0 14 0 0 0 0 0 0 0 1 0 0 0 0 0 0 0 0 0 0 0 0 0 1 0 0 0 0 0 0 0 0 0 0 0 0 0 0 0 0 0 0 176 2 93 183 0 11 25 0 0 0 0 0 0 0 0 0 33 0 0 0 0 0 0 0 0 0 0 0 0 1 23 0 0 0 0 0 0 0 0 0 0 0 0 0 
 64 428 196 0 69 358 185 185 198 94 483 34 87 160 252 87 102 151 168 294 43 3 0 0 0 0 19 40 2 2 1 2 30 3 1 1 3 0 3 79 0 0 0 0 0 0 13 0 0 3 0 0 0 0 3 0 0 0 0 0 0 0 0 0 0 0 0 0 0 2 0 0 0 0 0 3 33 7 0 0 0 6 10 6 21 27 0 18 6 15 13 1 0 0 14 32 12 11 0 0 8 15 2 1 0 0 0 7 20 0 11 0 21 22 0 14 0 0 22 26 0 0 0 0 0 0 0 0 0 33 0 0 0 0 0 0 0 1 0 0 0 0 0 0 0 0 0 0 0 0 0 0 0 1 0 0 0 0 0 0 1 11 0 16 0 14 0 8 0 0 0 10 6 0 9 0 1 0 0 0 8 14 0 0 0 0 16 2 0 0 0 2 0 7 13 23 19 16 26 0 0 2 0 0 2 12 0 0 0 0 0 0 0 0 10 14 0 0 0 0 0 0 14 0 0 0 0 0 0 0 0 0 0 0 0 0 0 0 0 0 0 0 0 0 1 1 0 0 2 53 20 16 0 0 0 0 0 0 0 0 0 0 0 0 0 0 0 0 0 0 0 0 0 0 0 0 0 0 0 0 0 0 0 0 0 0 1 0 0 0 
 488 138 52 69 0 255 125 62 628 340 291 70 108 108 170 187 159 125 51 289 79 2 36 0 0 0 80 80 10 1 2 0 2 12 1 0 3 73 2 37 0 64 2 0 0 0 1 0 0 3 0 1 0 8 3 0 0 0 0 0 0 0 0 0 0 0 0 0 1 3 0 0 0 0 0 3 0 0 0 0 10 3 75 17 11 0 0 39 33 0 0 1 14 0 18 0 16 29 0 0 7 10 0 6 0 0 17 19 18 0 0 0 1 17 10 14 20 20 0 11 0 0 0 0 0 13 0 0 0 0 0 0 0 0 0 0 0 0 0 0 0 0 0 0 0 0 0 0 0 0 0 0 0 0 0 6 0 0 10 0 38 15 40 0 13 0 26 0 5 0 10 41 0 16 22 9 0 18 0 9 23 0 0 13 0 0 11 18 0 0 15 0 0 1 0 2 14 33 29 19 0 0 0 0 0 0 0 0 0 0 0 0 0 0 0 0 0 0 0 0 0 0 2 0 0 0 0 0 0 1 0 0 0 0 0 0 0 0 0 0 0 0 0 0 0 1 94 0 95 3 0 5 0 0 0 0 0 0 0 0 0 0 11 0 0 0 0 0 0 0 0 0 0 0 0 0 19 0 0 0 0 0 0 0 0 2 9 0 0 0 
 135 276 473 358 255 0 436 101 198 63 149 150 247 130 39 208 70 51 49 68 76 4 109 1 0 1 59 0 73 2 3 2 0 152 76 5 4 60 3 150 0 0 0 4 0 0 2 0 0 3 0 1 0 0 3 0 0 0 73 0 0 0 0 0 0 0 0 0 0 2 0 0 0 0 6 3 3 13 0 0 0 13 14 1 88 12 0 27 0 0 1 13 0 0 0 10 24 29 0 0 18 0 0 1 0 0 39 1 21 7 0 0 0 13 0 9 6 5 34 14 0 0 0 0 0 0 0 0 0 0 0 0 0 0 0 0 0 0 1 0 0 0 0 0 1 6 0 0 0 0 0 0 0 5 0 0 0 0 0 0 9 9 0 0 23 9 15 2 15 29 7 25 0 26 25 8 10 15 0 0 15 0 0 22 0 0 0 21 0 0 0 0 47 0 0 1 14 40 36 46 0 0 12 0 15 0 0 0 0 0 0 0 0 0 0 0 0 0 0 1 0 0 0 0 0 0 0 0 0 0 0 0 0 0 0 6 0 0 0 0 0 0 0 0 0 1 90 0 3 6 0 7 0 0 0 0 0 0 0 0 0 0 0 0 0 0 0 0 0 0 0 0 0 0 0 1 25 0 0 0 0 3 0 0 0 0 14 0 0 0 
 187 58 68 185 125 436 0 78 236 148 26 44 298 64 58 140 109 31 93 63 8 2 0 0 0 0 0 0 0 1 2 1 2 2 0 2 3 0 3 0 0 0 0 4 1 1 0 0 0 3 2 3 0 2 5 0 0 0 2 2 2 0 0 2 0 3 0 0 2 6 0 0 2 0 0 54 2 0 0 3 11 12 0 2 15 1 1 38 15 0 0 0 31 0 10 6 14 13 0 11 0 0 0 0 0 0 13 0 0 0 0 0 0 0 0 0 0 0 0 0 0 0 0 0 0 6 0 0 0 0 0 0 0 0 0 0 0 0 0 0 0 0 0 0 0 0 0 0 0 0 0 0 0 0 0 0 0 0 0 0 24 41 29 0 0 1 13 0 0 0 0 13 0 20 13 7 13 1 42 9 0 0 0 0 7 0 0 0 0 0 0 0 0 0 0 0 9 9 13 7 0 0 0 0 0 0 0 0 0 0 0 0 0 0 0 0 0 0 0 0 0 0 0 0 0 0 0 0 0 2 0 0 0 0 10 0 0 0 0 0 0 0 0 0 0 0 1 0 93 2 0 23 0 0 0 0 0 0 0 0 0 0 0 0 0 0 0 0 0 0 0 0 0 0 0 1 15 0 0 0 0 0 0 0 0 1 0 0 0 0 
 683 410 158 185 62 101 78 0 137 385 36 203 124 310 275 311 273 131 352 263 3 2 24 0 0 0 0 0 0 1 2 0 3 0 0 0 3 0 0 4 0 0 0 0 0 0 0 0 0 3 0 0 0 0 3 0 0 0 0 0 0 0 1 0 0 0 0 0 0 2 0 0 0 5 0 3 0 0 0 0 11 0 34 17 1 38 1 11 0 12 18 0 2 10 0 33 12 25 0 12 10 0 0 0 1 0 0 6 0 0 0 0 1 21 0 0 0 0 1 23 0 0 0 0 20 0 0 0 0 3 0 0 0 2 0 0 0 0 0 0 0 0 0 0 0 10 0 0 0 0 0 0 23 0 0 0 0 0 0 0 16 0 15 13 26 0 0 27 34 50 43 55 1 26 23 23 14 16 0 0 2 0 0 0 0 0 2 0 0 2 0 0 14 0 0 0 0 0 0 0 0 0 0 0 0 17 0 0 1 0 0 0 0 0 0 0 0 0 0 0 0 0 0 0 0 0 0 1 0 0 0 0 0 0 0 0 0 0 2 0 0 8 15 0 0 1 101 0 2 179 0 10 0 0 0 0 0 0 0 0 0 0 49 0 0 0 2 0 0 0 0 0 0 0 0 13 10 0 0 0 0 0 0 0 0 0 0 0 0 0 
 160 54 102 198 628 198 236 137 0 97 73 134 91 80 283 240 273 145 85 540 3 2 2 0 0 0 0 0 0 3 2 76 1 1 2 0 3 0 37 0 1 0 0 0 0 0 0 0 0 3 0 0 0 0 3 0 0 0 0 0 51 0 0 1 0 0 0 0 3 7 0 0 0 0 0 3 36 0 0 0 0 18 0 22 0 1 0 56 0 0 10 0 0 0 49 11 14 21 0 1 0 14 0 8 0 0 10 0 0 0 0 0 14 11 0 0 0 0 0 11 0 0 0 0 0 0 0 0 0 0 0 0 0 0 0 0 0 0 0 0 0 0 0 0 0 0 0 0 0 0 0 0 0 0 0 0 0 0 0 0 15 28 2 13 24 39 56 17 0 18 0 13 39 14 33 23 12 0 18 0 0 0 0 0 0 0 13 0 0 0 0 0 5 0 1 0 0 0 10 7 0 0 0 0 0 1 0 0 0 0 0 0 0 0 0 0 0 0 0 0 0 0 0 0 0 0 0 11 2 0 0 18 0 0 0 0 0 0 0 0 0 0 0 0 0 0 8 0 3 1 2 10 0 0 21 0 0 0 0 0 0 0 0 0 0 0 0 0 0 0 0 0 0 0 0 0 39 19 0 0 0 0 0 0 0 0 0 0 0 0 
 39 45 628 94 340 63 148 385 97 0 203 228 58 167 133 607 439 40 95 556 47 31 0 0 0 0 0 72 0 5 3 2 2 2 73 0 3 0 2 2 0 0 0 0 0 0 0 0 32 3 0 1 0 58 3 0 0 0 0 0 30 0 0 0 0 0 0 0 0 3 0 0 4 41 0 3 1 0 0 0 7 18 91 0 1 22 13 36 11 30 31 19 15 0 0 19 35 41 0 0 6 1 2 0 0 0 0 0 0 0 9 0 12 1 0 0 7 0 0 14 0 0 0 0 0 0 0 0 0 0 2 0 0 0 0 0 0 0 0 0 0 0 0 0 0 3 7 0 0 3 0 0 0 1 0 0 0 0 0 0 29 1 18 0 14 0 2 0 36 16 13 26 0 25 9 2 0 50 0 0 0 9 0 0 0 0 4 0 0 0 0 0 14 0 0 3 0 0 14 10 0 0 0 1 2 1 0 0 0 0 0 0 0 0 0 0 0 0 1 0 0 0 0 0 0 0 0 0 0 0 0 0 0 0 0 0 0 0 0 0 0 26 0 0 0 0 87 0 53 4 3 14 19 0 0 0 0 0 0 0 0 0 2 0 0 0 0 0 0 0 0 0 0 0 0 1 9 1 0 0 0 0 0 0 0 0 0 0 0 0 
 248 145 83 483 291 149 26 36 73 203 0 233 54 47 64 188 338 126 263 167 3 78 0 0 0 0 78 62 0 0 1 0 78 0 0 79 3 0 3 43 0 0 0 0 0 0 0 0 0 3 0 0 0 0 3 32 0 0 0 0 0 0 0 0 0 0 0 0 0 2 0 0 0 0 0 3 0 2 0 0 14 5 15 28 0 7 0 0 12 0 0 2 0 0 36 10 50 34 0 0 11 0 0 30 0 0 0 0 0 9 0 9 27 0 1 0 18 0 26 24 0 0 0 0 0 0 0 0 0 0 0 0 0 0 0 0 0 0 0 0 0 27 0 0 0 13 0 0 0 0 0 0 0 0 0 0 0 0 0 0 0 0 0 8 12 9 6 0 4 14 9 3 0 12 0 0 10 15 0 0 1 14 0 0 0 0 10 29 0 1 0 0 29 0 0 0 0 0 22 21 0 0 0 0 0 0 0 0 0 0 0 0 0 0 0 0 0 0 10 0 0 0 0 0 0 0 0 0 0 0 0 0 0 0 0 0 0 0 0 0 0 1 0 0 0 3 187 0 0 4 24 4 0 0 0 0 0 0 0 0 0 0 0 0 0 0 0 0 0 0 0 0 0 0 0 0 0 0 0 0 0 0 0 0 0 0 0 0 0 0 
 123 31 406 34 70 150 44 203 134 228 233 0 28 139 249 200 72 78 244 41 3 4 0 79 0 0 7 0 0 2 2 1 2 0 0 3 5 2 78 75 0 0 2 0 0 0 0 0 0 3 0 0 0 0 3 0 37 0 0 0 0 0 0 0 0 0 0 0 0 2 0 0 0 2 0 5 1 0 0 0 0 0 19 0 10 11 0 15 0 26 14 9 0 9 0 15 0 13 0 0 10 0 0 12 0 0 0 0 0 0 15 0 39 9 14 13 37 0 0 11 0 0 0 0 0 0 0 0 0 0 0 0 0 15 0 0 0 0 0 0 0 0 0 0 0 5 0 0 0 0 0 0 0 0 0 0 0 0 0 0 1 0 0 13 12 17 12 3 26 22 5 3 0 11 1 15 0 12 0 27 0 0 1 0 0 0 42 16 0 13 0 0 2 0 0 0 0 0 0 0 0 0 0 23 0 0 0 0 0 0 0 0 0 1 0 0 0 0 0 0 0 0 0 0 2 0 0 0 0 0 0 0 0 0 0 0 0 0 0 0 0 16 0 0 0 2 3 0 4 85 2 11 63 0 0 0 0 0 0 0 0 0 1 0 0 0 0 0 0 0 0 0 0 0 0 0 0 14 0 0 0 0 0 0 0 0 0 0 0 0 
 150 56 292 87 108 247 298 124 91 58 54 28 0 76 61 58 60 83 422 356 5 2 0 0 0 4 0 2 0 2 2 0 3 0 0 0 3 0 4 4 3 0 2 3 1 3 62 0 3 3 2 4 0 0 3 2 0 0 0 2 0 0 0 0 0 0 0 0 0 2 0 0 0 0 0 3 0 3 0 0 24 8 0 25 0 0 15 0 27 3 0 0 24 20 24 9 1 0 0 11 0 0 0 0 0 0 0 0 0 0 0 0 0 0 0 0 0 0 0 0 0 0 0 0 0 0 0 0 0 0 0 0 14 0 0 0 0 0 0 0 0 0 0 0 0 0 0 0 0 9 0 0 0 0 0 0 0 0 0 0 0 13 39 0 0 0 0 0 0 1 0 0 13 6 0 0 0 0 26 50 0 0 0 13 0 0 0 0 0 0 0 0 0 0 0 0 0 0 0 0 0 0 0 0 0 0 0 0 0 0 0 0 0 0 0 0 0 0 0 0 0 0 0 0 0 0 0 0 0 0 0 0 0 0 0 0 0 0 0 0 0 0 0 0 0 0 0 0 2 2 0 15 0 0 0 0 0 0 0 0 0 0 0 0 0 0 0 0 0 0 0 0 0 0 0 0 0 0 0 0 0 0 0 0 0 0 0 0 0 0 
 402 151 235 160 108 130 64 310 80 167 47 139 76 0 429 50 209 221 216 184 3 2 5 2 0 0 78 0 1 1 3 2 3 0 0 2 3 0 6 0 0 0 0 0 0 0 0 0 0 3 0 1 0 0 3 0 0 0 0 6 0 0 0 0 0 3 0 15 0 9 0 0 0 15 0 3 0 0 0 0 14 17 9 1 3 19 0 32 0 20 22 19 0 7 12 11 1 31 0 11 0 0 10 0 0 0 0 0 0 0 5 0 0 0 0 0 0 0 0 11 0 0 0 0 0 0 0 0 0 0 0 0 0 0 0 0 0 0 0 0 0 0 0 0 0 0 0 0 0 0 0 0 0 0 0 0 0 1 0 0 17 1 32 29 31 0 7 48 55 11 48 12 13 0 31 53 1 21 2 0 0 0 0 0 1 0 0 0 0 0 0 0 0 0 0 0 0 0 0 0 0 0 0 0 0 1 0 0 0 0 0 0 0 0 0 0 0 0 0 0 0 0 0 0 0 0 0 0 2 0 0 0 0 0 0 0 0 0 0 1 0 1 0 0 0 0 88 0 0 40 0 6 1 0 0 0 0 2 0 0 0 0 10 0 0 0 0 0 0 0 0 0 0 0 0 0 12 0 0 0 0 0 0 0 0 0 0 0 0 0 
 308 207 237 252 170 39 58 275 283 133 64 249 61 429 0 195 388 145 406 124 3 2 0 2 2 0 0 0 0 2 4 1 1 0 0 0 3 1 0 0 0 0 0 0 0 0 0 0 0 3 0 0 0 0 3 0 5 0 0 0 0 0 0 0 0 0 0 0 0 2 0 0 0 0 0 3 0 0 0 0 10 33 57 1 0 25 16 21 11 39 14 0 0 0 26 30 0 12 0 0 0 0 0 0 0 0 0 0 0 0 0 0 0 12 0 0 2 0 0 11 0 0 0 0 0 0 0 0 0 0 0 0 0 0 0 0 0 0 0 3 3 37 0 0 0 0 0 0 0 0 0 0 21 0 0 0 0 0 0 0 21 27 29 31 11 0 0 31 10 3 45 21 9 1 43 8 1 56 15 0 0 0 0 0 0 0 1 0 0 0 0 0 0 0 0 0 0 0 0 0 0 0 0 0 0 15 0 0 0 0 0 0 0 0 0 0 0 0 0 0 10 0 0 0 0 0 0 0 0 0 0 0 0 0 0 0 0 0 0 0 0 20 0 0 0 3 1 1 2 87 0 6 0 0 0 0 0 0 0 0 0 0 13 0 0 0 0 0 0 0 0 0 0 0 0 1 9 0 0 0 0 0 0 0 0 0 0 0 0 0 
 37 75 234 87 187 208 140 311 240 607 188 200 58 50 195 0 118 135 39 82 3 2 0 0 0 2 75 0 0 2 2 1 1 0 0 0 3 0 74 75 0 0 0 0 0 0 0 0 0 3 0 0 0 0 6 0 0 0 49 0 0 0 0 31 0 0 0 0 0 2 0 0 4 0 0 3 0 0 0 0 0 0 51 0 0 27 0 38 32 35 53 0 0 0 0 13 21 24 0 0 7 0 0 0 0 0 10 0 0 0 32 0 27 10 0 0 0 0 0 11 0 2 2 0 0 0 0 2 0 0 0 0 0 0 0 0 0 0 0 0 0 0 0 0 0 4 0 0 0 0 2 1 0 0 0 0 0 0 0 0 65 10 1 12 77 22 30 7 16 20 0 21 0 16 1 16 12 20 0 0 0 0 0 0 0 0 37 0 0 0 0 0 4 0 0 0 0 0 10 8 0 0 0 0 0 10 0 0 0 0 0 0 0 0 0 2 0 0 0 0 0 0 0 0 0 2 0 0 0 0 0 1 0 0 0 0 0 0 0 0 0 13 0 0 0 0 51 0 3 22 1 11 20 0 0 0 0 0 0 0 0 0 0 0 0 0 0 0 0 0 0 0 0 0 0 0 0 18 0 0 0 0 0 9 0 0 0 0 0 0 
 66 153 503 102 159 70 109 273 273 439 338 72 60 209 388 118 0 238 136 252 77 2 2 1 3 0 0 0 0 2 3 3 4 3 0 2 6 3 0 3 0 0 5 1 0 3 3 0 0 3 0 1 0 3 8 0 9 3 0 3 0 0 33 0 0 0 0 3 0 2 0 0 0 5 0 3 2 5 0 0 0 0 40 14 0 19 10 77 0 24 35 0 0 1 45 62 0 11 0 0 0 0 0 0 0 0 0 0 0 0 0 0 0 3 0 0 0 0 0 10 0 2 0 0 0 0 0 2 0 0 0 0 0 0 0 0 0 0 0 0 0 5 0 0 0 0 0 0 2 0 2 0 0 0 0 20 0 0 0 0 28 36 48 20 8 0 11 20 6 29 28 12 4 18 41 25 25 60 40 1 0 0 0 0 0 0 0 0 0 0 0 0 0 0 0 0 0 0 0 1 0 1 0 0 0 11 0 0 0 0 0 0 0 0 0 0 0 0 0 0 0 0 0 0 0 0 0 0 0 0 0 1 0 0 0 0 0 0 0 1 0 14 0 0 0 1 1 0 5 8 2 5 0 0 0 0 0 0 0 0 2 0 13 0 0 0 0 0 0 0 0 0 0 0 0 24 0 0 0 0 0 0 0 0 0 0 0 0 0 0 
 37 32 117 151 125 51 31 131 145 40 126 78 83 221 145 135 238 0 41 133 80 2 0 3 0 0 49 172 0 2 2 3 75 0 0 0 5 0 131 74 0 0 4 0 0 0 0 0 0 3 0 1 63 0 3 0 56 0 0 2 0 0 0 0 0 0 34 0 0 2 0 0 3 0 0 3 0 1 3 0 21 15 24 39 12 54 14 0 28 2 81 0 0 0 14 0 27 3 0 0 0 32 0 0 0 0 0 25 0 0 10 0 14 19 0 0 0 0 12 13 0 16 0 0 0 0 0 0 0 0 0 0 0 0 0 0 0 0 13 0 0 2 0 0 0 0 0 0 0 0 0 0 0 0 0 3 1 0 0 0 0 0 2 51 0 15 0 12 0 11 35 40 0 0 0 0 0 17 0 7 7 45 6 0 0 0 22 0 0 0 0 9 0 0 10 2 0 0 16 14 0 0 0 0 0 0 0 0 0 0 0 0 0 0 0 0 0 0 0 0 0 0 1 0 0 0 0 0 0 2 0 0 2 0 0 0 0 0 0 0 0 0 0 0 0 0 4 1 3 2 0 17 2 0 0 0 0 0 0 0 0 0 0 0 0 0 0 0 0 0 0 0 0 0 0 32 1 0 0 0 0 0 0 0 0 1 0 0 0 0 
 471 32 117 168 51 49 93 352 85 95 263 244 422 216 406 39 136 41 0 95 3 3 0 0 1 0 0 0 0 1 87 0 2 0 0 0 3 0 2 4 0 0 0 22 0 0 0 0 0 3 0 1 0 0 3 0 0 0 0 0 0 0 0 0 0 0 42 0 0 2 0 0 0 0 0 3 0 3 0 0 13 26 11 0 0 17 29 0 11 0 20 0 33 17 0 0 0 0 0 23 0 0 0 0 0 0 0 0 0 2 0 0 0 0 1 0 0 0 0 1 0 0 0 0 0 0 0 0 0 0 0 0 0 0 5 0 0 0 0 0 0 0 0 0 0 0 0 0 0 3 0 0 0 0 0 0 0 3 0 0 0 12 0 16 0 1 0 16 0 11 20 0 0 8 0 0 0 27 16 42 0 2 0 0 0 0 0 0 0 0 0 0 0 0 0 0 0 0 0 0 0 0 0 0 0 0 0 1 0 0 0 0 0 0 1 0 0 0 0 0 1 0 0 0 0 0 0 0 0 0 0 0 0 0 0 0 0 0 0 0 0 0 0 0 0 4 0 0 2 0 2 5 0 0 0 0 0 0 0 0 0 0 0 0 0 0 0 0 0 0 0 0 0 0 0 0 1 0 0 0 0 0 0 0 0 0 0 0 0 0 
 67 104 145 294 289 68 63 263 540 556 167 41 356 184 124 82 252 133 95 0 3 2 0 1 0 0 0 3 0 1 3 0 4 5 0 1 3 0 3 0 0 0 2 2 0 0 0 0 0 3 0 2 0 0 2 0 0 0 1 0 2 0 0 0 53 0 0 4 0 3 0 2 0 0 0 3 0 0 0 0 13 17 18 49 0 0 9 14 33 60 0 0 28 0 51 6 24 0 0 1 0 0 0 0 0 0 0 0 0 0 0 0 0 0 0 0 0 0 0 0 0 0 0 0 0 0 0 0 0 0 0 0 0 0 0 0 0 0 10 0 0 0 0 0 0 0 0 0 0 0 0 0 9 0 0 0 0 0 0 0 25 0 37 0 0 0 6 0 7 0 0 0 0 0 15 0 21 15 15 15 0 0 0 0 0 0 0 0 0 0 0 0 13 0 0 0 0 0 0 0 0 0 0 0 0 0 0 0 0 0 0 0 0 0 0 0 0 0 0 0 0 0 0 0 0 0 0 0 1 0 0 0 0 0 11 0 0 0 0 39 0 0 0 0 0 1 4 2 2 0 0 23 0 0 0 0 1 0 30 0 0 0 0 0 0 0 0 0 0 0 0 0 0 0 0 0 0 0 0 0 0 0 0 0 0 0 0 0 0 0 
 5 3 3 43 79 76 8 3 3 47 3 3 5 3 3 3 77 80 3 3 0 160 120 167 37 27 232 209 40 91 73 101 72 143 110 323 30 21 39 91 0 3 0 3 0 2 14 2 45 0 0 0 1 0 0 3 0 0 4 1 0 3 51 2 0 3 0 2 0 0 0 0 0 0 0 0 0 1 0 0 0 0 0 0 25 14 0 1 0 0 0 0 0 0 0 0 0 0 0 0 26 40 11 9 0 10 0 25 56 17 11 0 1 36 7 14 24 33 0 26 0 0 0 0 0 0 12 0 0 0 0 0 2 0 0 2 0 0 4 0 0 0 0 0 0 0 0 0 0 0 0 0 0 0 0 6 0 0 0 0 0 9 0 0 0 2 7 0 0 0 0 0 0 0 0 0 0 6 6 0 17 25 0 24 0 0 10 10 7 7 13 0 0 10 25 41 16 47 9 9 0 0 0 0 15 0 0 0 0 0 0 0 0 0 0 0 17 0 13 20 0 0 0 0 15 0 0 0 0 2 0 0 0 0 0 0 0 0 0 0 0 0 0 0 19 0 0 0 0 0 0 0 0 0 16 0 0 88 0 0 1 2 0 0 0 0 0 0 0 0 0 0 0 0 0 0 0 0 0 0 0 0 0 0 0 11 13 0 0 0 
 8 2 3 3 2 4 2 2 2 31 78 4 2 2 2 2 2 2 3 2 160 0 306 101 48 47 207 326 208 156 626 46 119 62 220 172 367 342 312 336 0 3 2 3 0 2 0 2 0 0 0 0 0 0 0 3 0 0 3 20 0 65 0 2 0 3 0 2 0 0 5 0 0 50 0 0 0 0 0 0 0 0 0 0 0 0 0 2 0 0 0 23 0 0 0 0 0 15 0 0 34 0 6 20 10 23 32 40 1 43 11 32 12 18 26 15 27 13 3 4 0 0 0 0 0 0 0 0 0 0 0 0 0 0 0 0 0 0 12 0 0 0 0 0 5 0 1 0 12 0 0 0 0 0 0 0 9 0 0 0 0 0 2 0 6 3 0 0 2 0 0 0 0 0 0 0 0 0 0 0 0 11 24 28 20 52 0 1 32 21 28 21 67 69 33 25 21 7 18 14 1 0 0 0 0 0 0 0 0 0 0 0 0 0 0 1 0 0 23 14 0 0 0 0 0 0 0 0 0 0 0 0 0 0 0 0 0 0 0 0 0 0 13 0 0 0 0 0 0 2 0 0 0 0 6 0 0 124 0 0 2 0 0 0 0 63 0 0 0 0 0 2 0 0 0 0 0 0 0 9 0 11 0 0 0 5 0 0 0 0 
 3 1 0 0 36 109 0 24 2 0 0 0 0 5 0 0 2 0 0 0 120 306 0 438 62 326 123 101 344 244 60 34 290 477 195 141 498 70 56 136 0 3 0 3 0 2 2 2 0 0 0 0 3 0 0 3 66 0 3 0 10 5 0 2 0 3 0 1 6 0 0 0 0 7 8 0 1 0 0 0 0 0 0 0 28 0 0 0 0 0 0 33 0 0 0 0 0 0 0 0 23 22 0 0 0 9 62 0 52 14 0 2 0 25 9 31 2 46 35 25 0 0 0 0 33 0 0 0 0 0 0 1 0 0 0 0 0 0 18 5 0 0 0 0 8 18 0 0 0 1 0 0 0 0 0 0 0 0 0 0 0 0 0 0 1 14 0 0 0 0 0 0 0 0 0 0 0 2 0 0 20 12 13 44 0 0 13 32 7 19 11 1 7 19 1 7 17 64 32 11 0 0 0 0 0 0 0 0 0 0 0 0 0 0 0 0 0 0 27 0 0 0 0 7 0 0 0 0 7 0 0 0 0 0 0 0 0 0 0 0 0 0 0 0 0 0 0 0 0 0 0 0 0 0 37 2 1 159 81 2 12 8 0 0 0 0 0 0 0 0 0 0 0 0 0 0 2 0 0 0 0 1 0 0 0 11 12 0 0 0 
 0 0 0 0 0 1 0 0 0 0 0 79 0 2 2 0 1 3 0 1 167 101 438 0 80 33 262 75 163 230 118 139 74 96 113 149 286 279 166 141 0 3 0 3 0 2 64 2 0 0 0 1 62 0 0 3 0 0 3 67 0 8 0 2 13 3 0 3 0 0 0 0 0 0 9 0 1 0 0 0 0 0 0 0 1 0 0 0 0 11 0 0 0 2 0 0 0 0 0 0 23 3 8 19 26 27 0 12 18 20 0 0 0 18 8 13 7 35 1 1 0 0 20 0 1 0 11 1 0 0 0 0 6 13 0 12 0 4 1 20 1 2 0 0 0 0 0 0 10 0 0 0 0 0 21 1 0 0 0 0 0 4 0 0 0 1 9 0 0 0 0 0 0 0 0 0 2 6 2 0 0 0 34 16 0 0 0 2 19 55 12 28 19 20 29 14 20 24 0 0 0 0 0 0 0 0 0 0 0 0 0 0 10 19 14 3 0 0 12 29 0 0 0 0 0 0 0 0 0 0 0 0 0 0 0 0 0 0 0 0 0 0 12 0 0 0 0 0 0 0 0 0 0 0 14 2 0 20 0 0 0 2 0 0 0 0 0 0 0 0 0 0 0 0 0 0 0 0 0 9 0 9 0 0 0 4 0 0 0 0 
 0 0 0 0 0 0 0 0 0 0 0 0 0 0 2 0 3 0 1 0 37 48 62 80 0 386 274 72 57 84 152 135 69 351 43 384 44 212 81 97 66 3 0 3 0 3 0 8 22 0 0 0 97 0 2 40 96 0 80 0 0 3 0 2 0 3 2 1 2 0 0 0 0 1 4 0 0 3 1 3 0 0 0 0 0 0 0 0 0 0 0 0 0 0 0 0 0 0 0 0 0 0 0 8 45 0 0 0 0 23 0 13 0 0 0 0 13 0 1 0 24 0 0 0 0 0 22 1 12 14 0 11 16 0 22 1 26 6 15 10 0 0 0 8 0 0 0 0 0 0 0 0 0 0 0 0 0 0 0 0 0 0 0 0 0 0 0 0 0 0 0 0 8 3 0 0 0 0 0 0 0 7 9 0 53 35 0 20 0 13 8 0 0 0 0 0 0 0 0 0 7 13 6 0 0 0 66 0 23 0 0 0 30 1 9 0 0 0 19 15 0 0 0 0 0 2 0 0 0 0 0 0 0 0 0 0 0 0 0 0 0 0 0 0 0 0 0 0 0 0 0 0 0 0 2 0 2 0 77 0 6 0 0 0 0 0 7 0 0 0 0 0 0 0 0 0 0 0 0 0 0 0 0 1 0 0 0 0 0 0 
 0 0 0 0 0 1 0 0 0 0 0 0 4 0 0 2 0 0 0 0 27 47 326 33 386 0 29 104 36 58 137 130 38 274 47 93 77 298 45 47 115 3 4 3 211 2 81 2 23 0 1 0 0 210 0 95 68 0 66 63 0 8 0 2 0 3 0 2 0 0 0 0 0 0 2 0 0 0 0 0 0 0 0 0 0 0 0 0 0 0 0 0 0 0 0 0 0 0 0 0 0 0 1 0 31 15 0 0 0 0 0 9 0 0 0 0 2 10 0 0 44 13 1 17 9 0 45 0 10 33 0 20 0 41 17 27 13 0 18 18 0 0 0 0 0 0 0 0 0 0 0 2 3 0 0 0 0 0 0 0 0 0 0 0 0 0 0 0 0 1 0 0 6 5 0 0 0 0 0 0 0 0 0 0 30 7 0 0 0 0 13 0 0 2 0 0 0 0 0 0 20 2 7 0 0 0 22 45 23 0 0 0 46 9 1 11 10 32 30 11 0 0 0 0 0 0 0 0 0 0 0 0 0 0 0 0 0 0 0 0 0 0 0 0 0 0 0 0 0 0 0 0 0 0 10 0 1 0 81 1 3 1 0 0 0 0 0 0 0 0 12 1 0 0 0 0 0 0 0 0 0 0 0 0 0 20 0 0 0 6 
 0 0 0 19 80 59 0 0 0 0 78 7 0 78 0 75 0 49 0 0 232 207 123 262 274 29 0 125 121 105 126 39 194 452 190 43 35 51 28 210 0 3 0 3 0 2 0 2 0 0 0 3 0 0 0 3 0 0 3 0 0 3 0 2 1 4 0 3 0 0 0 0 4 0 0 0 1 2 0 0 0 0 11 0 0 0 2 0 23 0 13 14 0 0 0 0 18 0 0 0 13 22 13 1 0 9 16 9 10 13 0 0 22 13 8 0 12 24 10 0 0 0 0 0 0 0 2 1 0 0 0 0 0 0 0 0 0 0 0 0 0 1 0 0 0 0 0 0 0 0 0 0 28 0 0 0 0 0 0 0 0 0 0 20 0 24 2 0 0 0 1 23 0 0 0 0 0 11 7 0 14 16 0 12 0 0 6 19 15 15 11 0 8 1 0 17 6 25 14 6 0 0 0 0 0 0 0 0 0 0 0 0 0 0 0 0 0 0 14 1 0 0 0 0 0 0 0 0 0 0 0 0 0 0 0 0 0 7 0 0 0 0 0 0 0 0 0 0 0 0 0 0 0 0 2 2 0 76 1 0 2 0 0 0 0 0 0 0 0 0 0 0 0 0 0 0 0 0 0 0 0 1 0 0 0 9 0 0 0 0 
 4 0 0 40 80 0 0 0 0 72 62 0 2 0 0 0 0 172 0 3 209 326 101 75 72 104 125 0 54 42 52 109 263 194 209 95 45 62 71 45 0 8 0 3 0 2 28 2 0 0 0 0 0 0 0 3 0 0 3 1 0 3 0 2 0 3 59 2 0 0 5 5 0 0 0 0 0 0 3 0 0 0 8 0 18 14 0 0 0 2 0 1 0 0 0 0 0 0 0 0 1 36 19 0 3 8 19 26 17 8 7 32 31 0 5 0 52 31 10 36 8 14 0 0 0 0 18 0 0 0 0 0 2 0 0 0 0 0 0 0 0 0 0 0 0 0 2 0 0 0 2 0 0 0 0 0 0 0 0 0 0 0 0 0 0 24 0 0 0 0 0 1 0 0 2 0 0 0 0 0 18 42 0 32 1 0 0 21 0 1 24 0 28 20 25 72 1 0 6 31 0 0 0 0 0 0 0 0 0 0 9 0 15 0 0 0 0 0 0 31 0 0 0 0 0 0 1 0 0 0 0 0 0 0 0 0 0 0 0 0 0 0 0 0 0 0 0 0 0 0 0 0 0 0 17 0 2 39 0 2 0 0 0 0 0 0 0 0 0 0 0 0 0 0 0 0 0 0 0 0 0 1 0 0 0 0 0 0 0 0 
 2 0 0 2 10 73 0 0 0 0 0 0 0 1 0 0 0 0 0 0 40 208 344 163 57 36 121 54 0 249 180 100 118 198 164 116 156 110 216 153 0 3 0 3 0 3 0 2 0 0 0 0 0 0 0 3 0 0 6 4 0 3 0 2 0 3 0 3 3 0 0 0 0 0 0 0 1 0 0 0 0 0 0 0 15 0 0 0 1 0 0 0 0 0 0 0 0 0 0 0 29 27 22 30 24 0 9 12 41 37 11 14 0 7 21 33 26 41 1 20 0 0 0 0 0 0 0 0 0 0 0 0 10 0 0 0 0 0 1 1 0 0 0 1 18 0 0 0 0 0 0 0 0 0 0 0 5 0 0 0 0 1 0 0 0 0 0 0 0 0 0 30 0 0 0 0 0 0 0 0 25 20 21 41 16 9 10 19 12 39 8 37 33 30 11 0 45 14 8 0 0 0 0 0 0 10 0 0 0 0 0 0 0 0 0 0 0 0 0 0 0 0 0 0 0 0 0 0 0 0 0 0 0 0 0 0 0 0 0 0 0 5 8 0 0 0 0 0 0 0 0 0 0 0 11 0 1 2 76 0 15 0 0 0 0 0 0 0 0 0 44 0 0 0 0 0 0 0 0 11 0 31 0 0 0 0 12 0 0 0 
 2 1 1 2 1 2 1 1 3 5 0 2 2 1 2 2 2 2 1 1 91 156 244 230 84 58 105 42 249 0 166 22 151 340 137 97 176 266 127 292 2 3 0 3 0 2 0 2 0 0 0 0 0 0 0 3 0 0 3 0 0 3 0 2 6 9 0 1 0 0 0 0 0 0 24 22 0 0 0 0 0 0 0 0 0 0 0 0 0 0 1 0 0 0 0 0 0 0 0 0 0 17 2 20 31 5 14 14 12 18 11 15 0 18 0 0 0 1 0 0 0 0 0 1 0 0 0 0 0 0 0 0 0 0 0 2 0 8 10 0 0 0 0 0 17 0 0 0 0 0 0 0 0 0 0 0 6 0 0 0 0 0 0 0 0 0 0 15 0 0 6 0 0 0 0 0 0 0 0 0 15 32 15 24 20 5 15 8 41 24 0 10 0 22 0 8 22 14 0 0 0 0 0 8 0 0 0 0 0 0 0 0 6 0 1 49 0 0 37 0 0 0 0 10 0 0 0 0 0 0 0 0 0 0 11 0 0 0 0 0 0 0 0 0 0 0 1 0 0 0 0 0 0 0 2 0 0 78 9 2 15 2 0 0 0 0 1 0 0 0 0 0 0 0 0 0 0 0 0 0 0 0 0 0 0 10 0 0 0 0 
 4 2 75 1 2 3 2 2 2 3 1 2 2 3 4 2 3 2 87 3 73 626 60 118 152 137 126 52 180 166 0 61 50 222 248 365 188 226 114 66 0 11 0 5 0 6 65 2 0 0 0 0 0 0 0 3 2 0 4 5 0 2 1 2 0 3 3 0 1 0 0 0 0 3 0 0 0 2 0 0 0 0 0 0 0 0 0 0 0 0 12 0 0 0 0 0 0 0 0 0 1 11 15 38 13 27 10 0 48 34 14 59 0 0 9 18 38 0 2 0 12 0 0 0 0 2 12 0 0 2 0 0 10 0 0 0 0 0 18 7 0 0 0 12 0 0 0 0 0 0 0 0 0 0 0 0 6 0 0 2 0 8 0 0 0 0 2 0 0 0 0 5 0 0 0 0 0 1 1 0 0 33 48 27 27 38 0 0 33 26 29 44 1 10 11 9 19 6 0 0 5 0 0 0 0 0 0 0 0 0 0 0 14 0 11 0 0 0 1 34 0 0 0 0 0 0 0 2 0 0 0 0 0 0 0 0 0 0 0 0 0 0 11 0 0 0 0 0 0 0 0 0 0 0 9 0 0 0 0 1 2 0 0 0 0 0 0 0 0 0 0 0 0 0 2 0 0 0 0 0 0 38 0 2 0 0 0 0 0 0 
 2 0 2 2 0 2 1 0 76 2 0 1 0 2 1 1 3 3 0 0 101 46 34 139 135 130 39 109 100 22 61 0 141 38 24 94 142 228 108 91 0 3 0 5 0 2 62 5 0 0 3 4 4 62 0 11 3 2 86 3 0 3 2 6 0 5 0 2 4 0 12 0 2 5 9 1 2 0 0 2 0 0 0 0 0 2 0 0 0 0 0 0 0 1 0 0 0 2 0 13 0 10 19 10 10 32 16 20 0 0 0 16 0 0 0 0 1 6 0 1 0 10 18 15 0 0 0 18 0 9 0 1 6 4 13 0 13 11 5 11 2 0 1 0 0 0 0 0 0 0 0 0 8 0 0 2 0 0 0 0 0 0 0 0 0 0 2 0 0 0 0 0 0 0 0 0 0 2 0 0 0 0 0 1 10 21 12 22 0 1 22 0 7 15 0 15 7 11 0 23 30 22 0 1 0 0 26 0 34 0 0 0 19 24 14 11 20 11 0 31 0 0 0 0 0 0 0 0 0 0 0 0 0 0 18 0 0 0 0 0 0 0 0 0 0 0 0 0 9 0 0 0 0 0 4 0 3 74 8 2 3 0 0 0 0 0 0 0 0 0 7 0 0 1 0 0 0 0 0 0 0 0 0 0 0 0 0 0 0 0 
 1 4 2 30 2 0 2 3 1 2 78 2 3 3 1 1 4 75 2 4 72 119 290 74 69 38 194 263 118 151 50 141 0 110 72 116 27 115 224 202 3 4 0 3 0 3 0 2 2 3 0 2 0 0 67 3 2 3 3 0 6 3 0 2 0 3 0 5 0 0 3 3 0 0 3 0 1 0 0 3 0 0 0 19 17 0 0 0 0 1 17 0 0 0 0 5 11 18 0 2 0 5 17 0 2 20 18 20 0 0 0 12 9 19 1 1 3 20 50 19 0 0 0 0 0 0 1 0 0 0 0 0 0 0 0 0 0 0 1 0 0 0 0 0 0 4 1 0 0 1 0 0 0 0 0 0 0 0 0 0 0 1 0 15 2 0 0 0 0 0 9 2 0 0 1 0 0 0 0 0 1 0 0 10 0 16 35 9 0 19 14 0 21 32 54 18 5 0 10 18 0 0 0 0 0 0 0 0 0 0 0 0 0 0 0 0 0 0 0 16 0 0 0 3 0 0 0 0 0 0 0 0 0 0 0 0 0 0 0 0 0 0 0 0 0 0 1 0 0 0 18 0 4 0 5 0 2 76 89 1 10 0 0 0 0 0 0 0 0 0 0 0 0 0 0 12 0 0 0 0 0 0 0 0 0 0 0 0 0 0 
 0 0 2 3 12 152 2 0 1 2 0 0 0 0 0 0 3 0 0 5 143 62 477 96 351 274 452 194 198 340 222 38 110 0 373 58 155 357 109 192 0 3 0 3 0 2 4 2 0 0 204 0 0 0 0 3 0 0 3 0 2 3 3 2 0 3 0 66 2 0 0 35 0 0 0 0 0 0 0 0 0 0 0 0 18 1 0 0 1 0 0 24 0 0 0 0 0 0 0 0 31 30 13 12 10 24 34 10 28 38 15 14 12 7 9 13 0 23 13 18 0 0 0 2 0 0 19 0 0 0 0 0 0 0 0 2 9 0 0 0 0 0 0 0 0 0 0 0 0 0 0 0 0 0 0 0 17 0 0 0 0 0 0 0 1 12 0 0 0 0 0 0 0 0 0 0 0 0 0 0 36 12 0 33 18 1 21 35 27 39 0 23 15 37 12 18 14 31 19 20 0 0 0 0 0 0 0 0 0 0 0 0 1 0 0 0 0 0 1 0 0 0 0 9 0 0 0 0 0 2 0 0 0 0 0 0 0 0 0 0 0 0 0 0 0 0 0 0 0 0 0 0 0 0 10 1 2 2 82 1 13 2 0 0 0 0 0 0 0 0 0 0 0 0 0 0 0 0 0 0 0 31 0 0 0 3 12 0 0 0 
 2 0 2 1 1 76 0 0 2 73 0 0 0 0 0 0 0 0 0 0 110 220 195 113 43 47 190 209 164 137 248 24 72 373 0 288 126 205 177 138 0 5 0 3 0 5 63 2 0 0 0 0 0 2 0 4 0 3 3 0 0 3 2 3 0 3 0 4 0 0 5 2 0 54 1 0 0 0 6 0 0 0 0 0 1 0 0 0 0 0 0 0 0 0 0 1 0 0 0 0 28 6 17 44 11 22 19 23 38 45 10 25 19 0 8 18 37 16 18 5 0 0 0 0 0 0 80 0 0 0 0 0 0 1 0 0 0 0 19 11 0 0 0 0 0 0 0 0 0 0 0 0 0 0 0 0 12 0 0 0 0 3 0 0 0 13 1 0 0 0 0 9 0 0 0 0 0 0 4 0 13 14 20 57 17 62 0 19 53 30 27 35 51 68 10 33 0 0 0 14 1 0 20 0 0 0 0 1 0 1 0 0 0 0 0 0 0 0 0 28 0 0 0 0 0 0 0 0 0 0 0 0 0 0 0 0 0 0 0 0 0 0 0 0 0 0 0 0 0 0 0 0 0 0 5 0 2 84 0 0 0 2 0 0 0 0 0 0 0 0 0 0 0 0 0 0 0 0 0 0 0 49 0 0 0 0 0 0 0 0 
 1 2 1 1 0 5 2 0 0 0 79 3 0 2 0 0 2 0 0 1 323 172 141 149 384 93 43 95 116 97 365 94 116 58 288 0 228 143 30 366 0 3 0 30 0 2 0 2 0 0 0 0 0 0 0 3 0 28 3 5 0 3 0 2 0 3 0 2 0 0 0 0 0 0 0 3 1 0 0 0 0 0 0 2 0 0 0 0 0 0 0 0 0 0 1 0 0 0 0 0 1 12 34 24 10 18 1 14 6 35 0 8 0 0 11 37 61 0 0 0 10 0 2 0 0 0 25 0 0 0 0 5 9 0 0 9 0 20 50 8 0 0 0 0 4 0 0 0 0 0 0 0 0 0 0 0 0 0 0 0 0 3 0 0 0 0 1 0 0 0 0 1 0 0 0 0 0 18 3 0 0 8 44 20 14 19 0 0 1 1 57 3 2 1 11 24 39 21 0 1 16 0 0 2 0 0 14 0 0 0 0 0 7 0 1 0 0 0 12 21 0 0 0 0 0 0 0 0 0 0 0 1 0 0 0 0 0 0 0 0 0 0 15 0 0 2 0 0 0 0 0 0 0 0 3 0 0 81 0 0 4 10 0 0 0 0 0 0 0 0 0 0 0 0 0 0 0 0 0 0 0 22 0 0 0 0 0 0 0 0 
 3 3 4 3 3 4 3 3 3 3 3 5 3 3 3 3 6 5 3 3 30 367 498 286 44 77 35 45 156 176 188 142 27 155 126 228 0 140 108 265 0 3 0 67 0 2 87 2 0 0 62 0 1 0 100 3 0 0 3 5 0 6 0 2 29 3 0 1 0 0 0 0 0 0 5 0 0 0 0 0 0 0 0 0 7 1 0 0 0 0 0 0 0 8 0 0 0 1 0 0 21 2 41 48 17 2 31 13 57 23 28 10 0 12 10 26 16 13 0 4 0 0 31 0 0 0 18 22 0 0 0 0 11 2 0 0 0 8 18 9 0 0 2 0 1 0 0 0 0 0 0 0 0 0 0 1 5 12 0 0 0 3 0 0 0 0 1 0 0 0 0 14 0 2 0 0 0 0 4 0 10 34 74 14 26 59 0 0 51 19 39 90 8 17 21 0 18 16 0 0 18 0 0 0 0 0 0 6 0 0 0 0 12 0 0 10 0 0 22 14 0 0 0 0 0 0 0 0 0 0 0 0 8 0 0 5 0 0 0 0 0 0 9 0 0 1 0 0 0 0 0 0 0 0 4 0 0 76 0 0 2 1 3 0 0 0 0 0 0 0 0 0 0 0 0 0 0 0 0 12 0 37 0 0 0 11 0 0 0 0 
 2 0 75 0 73 60 0 0 0 0 0 2 0 0 1 0 3 0 0 0 21 342 70 279 212 298 51 62 110 266 226 228 115 357 205 143 140 0 64 344 0 36 0 3 0 3 62 25 0 0 0 0 0 0 0 4 0 0 60 0 0 3 0 2 0 3 0 3 0 0 5 0 0 0 10 0 1 0 0 0 0 0 0 0 0 0 0 0 0 0 0 14 4 0 0 0 0 0 0 0 11 10 34 36 19 5 35 20 39 17 14 22 27 0 0 17 0 28 12 11 2 0 0 0 0 4 19 14 0 2 0 0 5 1 0 0 0 0 34 22 0 0 0 0 0 0 0 0 0 0 0 0 0 0 0 0 8 0 0 2 0 3 0 0 0 8 1 0 0 0 0 9 0 0 0 0 0 0 13 0 14 0 15 49 25 24 0 21 31 4 45 28 18 21 9 23 0 10 24 23 0 0 0 0 0 0 29 0 0 0 0 0 1 0 0 0 0 0 0 24 0 0 0 0 0 0 0 2 0 0 0 0 0 0 0 0 0 0 0 0 0 0 0 0 0 0 0 0 0 0 0 0 0 0 9 0 1 53 1 5 6 2 0 0 0 0 0 0 0 0 0 0 0 0 0 0 0 0 0 0 0 14 0 2 0 0 0 0 0 0 
 2 3 2 3 2 3 3 0 37 2 3 78 4 6 0 74 0 131 2 3 39 312 56 166 81 45 28 71 216 127 114 108 224 109 177 30 108 64 0 192 2 3 0 3 0 2 0 4 0 3 0 1 0 0 10 3 0 199 69 0 0 3 0 2 0 8 0 3 3 2 5 0 0 4 0 2 0 3 0 0 0 0 0 13 9 3 0 0 0 1 43 0 0 0 0 0 0 0 0 0 14 51 32 0 0 4 18 60 0 0 10 8 11 41 0 0 0 16 8 11 0 0 0 0 0 0 0 0 0 0 0 14 2 0 0 0 0 0 0 0 0 0 0 1 0 0 0 0 0 0 0 0 0 0 0 4 0 0 0 0 0 0 1 22 0 0 0 0 1 18 0 0 0 0 0 15 0 0 0 0 13 7 13 18 0 1 8 1 0 0 11 17 36 38 27 37 0 32 12 27 0 0 0 0 0 0 0 0 0 0 0 0 0 0 0 0 0 0 15 6 0 0 0 0 0 0 0 0 0 23 0 0 0 0 0 0 0 0 0 0 0 0 0 0 0 0 0 0 0 0 0 0 0 0 8 0 5 130 0 0 2 0 0 0 0 0 2 0 0 0 0 0 0 0 0 12 0 0 0 0 0 0 0 0 0 9 0 0 0 0 
 0 0 0 79 37 150 0 4 0 2 43 75 4 0 0 75 3 74 4 0 91 336 136 141 97 47 210 45 153 292 66 91 202 192 138 366 265 344 192 0 0 3 0 3 0 3 0 2 0 0 62 0 0 0 0 3 0 0 3 0 0 3 0 2 0 3 5 3 0 0 0 43 0 0 0 0 1 0 49 0 0 0 0 20 33 2 0 0 0 0 7 0 0 0 0 9 10 12 0 0 18 15 0 29 0 0 0 4 14 20 0 0 5 19 11 38 22 36 33 23 0 0 0 0 0 0 0 0 0 0 0 0 0 0 0 0 0 0 1 0 0 0 0 0 0 4 0 0 0 5 0 0 0 0 0 0 0 1 0 0 0 1 0 12 20 16 0 0 2 0 6 0 0 0 0 0 0 0 0 0 3 0 0 44 8 0 23 33 0 19 1 0 22 15 13 0 37 21 21 0 0 0 0 0 0 0 0 0 0 0 0 0 0 26 0 0 0 0 1 0 0 0 0 0 0 0 0 0 0 0 0 0 0 0 0 0 0 0 0 0 0 0 2 0 0 1 0 0 0 0 65 0 0 0 3 0 0 2 75 0 158 2 0 0 0 1 0 0 0 0 0 0 0 0 0 10 0 0 0 0 0 21 0 0 0 0 11 0 0 0 
 0 1 0 0 0 0 0 0 1 0 0 0 3 0 0 0 0 0 0 0 0 0 0 0 66 115 0 0 0 2 0 0 3 0 0 0 0 0 2 0 0 121 194 52 39 35 388 130 181 33 15 41 259 133 270 172 473 154 96 275 6 2 0 0 12 3 8 2 0 2 7 6 2 0 7 5 31 9 1 6 0 0 0 0 0 0 0 0 0 0 0 0 0 0 0 0 0 0 0 0 0 0 0 0 1 0 0 0 0 0 0 0 0 0 0 0 0 0 0 0 18 0 4 16 30 1 0 0 13 43 0 20 0 7 13 41 1 12 0 15 4 0 6 0 0 0 0 0 0 0 0 0 0 26 0 0 2 0 0 15 0 0 0 0 0 0 0 0 0 0 0 0 16 0 0 0 0 0 0 0 0 0 0 0 0 0 0 0 1 0 0 1 0 0 0 0 0 0 0 0 0 25 32 0 12 0 14 33 10 1 1 0 15 9 12 3 0 9 40 0 0 15 2 0 9 0 0 2 0 8 0 0 0 13 6 6 0 0 0 0 0 0 0 0 0 0 0 0 0 0 0 11 0 0 0 0 0 0 0 1 0 0 39 0 0 3 2 0 0 0 5 0 0 0 0 0 0 0 0 0 0 0 0 0 4 29 0 0 0 0 
 0 0 0 0 64 0 0 0 0 0 0 0 0 0 0 0 0 0 0 0 3 3 3 3 3 3 3 8 3 3 11 3 4 3 5 3 3 36 3 3 121 0 153 139 99 312 299 215 32 42 173 41 133 304 247 122 278 116 109 199 3 0 0 28 0 2 51 0 4 0 0 0 0 0 2 0 3 4 0 0 0 0 0 0 0 0 0 0 0 0 0 0 9 0 13 1 0 0 0 0 0 0 0 4 0 0 0 0 0 0 0 0 0 0 0 1 13 0 0 0 0 13 29 0 1 8 0 0 8 9 14 18 0 26 1 13 0 1 0 1 9 6 0 0 1 0 20 0 0 0 0 1 8 0 20 0 11 0 10 8 1 0 0 0 0 0 0 0 0 0 0 0 5 0 0 0 0 0 0 0 0 0 0 0 0 0 0 0 0 0 0 10 0 0 0 0 0 0 0 0 7 15 9 26 0 55 0 24 25 4 18 6 0 39 0 7 9 46 14 19 10 0 0 0 0 0 0 10 0 0 0 0 20 0 0 0 0 0 4 1 0 0 0 0 0 0 0 0 0 0 0 8 0 0 0 0 0 0 0 9 1 0 3 5 0 12 0 0 0 0 0 0 0 0 0 0 0 0 0 0 0 0 0 0 8 0 0 0 0 0 
 0 0 0 0 2 0 0 0 0 0 0 2 2 0 0 0 5 4 0 2 0 2 0 0 0 4 0 0 0 0 0 0 0 0 0 0 0 0 0 0 194 153 0 102 199 336 62 171 273 244 45 70 82 208 88 153 43 199 131 34 8 0 4 0 23 1 53 2 1 4 4 4 0 3 0 0 11 7 1 4 0 0 0 0 0 0 0 0 0 0 0 0 0 0 0 0 0 0 0 0 0 0 0 0 0 0 0 0 0 0 0 0 0 0 0 0 0 0 0 0 0 0 11 0 50 18 0 11 32 10 8 0 0 0 27 11 14 11 0 0 0 15 15 0 0 0 0 0 0 0 0 0 0 0 0 4 21 0 10 2 6 0 0 16 0 0 0 0 0 0 0 0 0 0 0 0 0 0 0 0 0 0 0 0 0 0 0 0 0 0 0 0 0 0 0 0 0 0 0 0 0 0 0 33 12 9 16 14 0 12 0 13 0 7 0 16 12 22 0 0 0 4 22 0 68 0 0 22 14 6 0 0 14 4 5 6 0 0 6 29 0 0 0 0 0 0 1 0 0 0 0 0 0 1 0 0 1 0 0 0 0 0 67 1 1 13 0 0 0 0 0 0 0 0 0 0 0 0 0 0 0 0 0 0 45 11 0 0 0 0 
 12 0 0 0 0 4 4 0 0 0 0 0 3 0 0 0 1 0 22 2 3 3 3 3 3 3 3 3 3 3 5 5 3 3 3 30 67 3 3 3 52 139 102 0 197 119 293 287 82 75 288 118 59 80 133 272 100 168 105 298 49 0 15 3 0 51 2 1 0 3 0 0 0 1 31 0 76 0 50 102 1 0 0 0 0 0 1 0 8 0 0 0 3 4 0 0 0 0 0 11 8 0 0 0 0 0 0 0 0 0 0 0 0 0 0 0 0 0 0 0 0 6 0 10 0 34 0 0 0 0 24 19 0 0 0 0 10 11 0 0 11 0 0 10 14 0 0 23 1 10 0 0 13 0 55 12 0 0 10 10 0 9 0 0 0 0 0 0 0 0 0 0 1 9 0 0 0 0 5 0 0 0 0 0 0 0 0 0 0 0 0 0 0 0 0 0 0 0 0 0 0 0 6 8 0 8 0 0 11 22 8 44 0 0 7 9 9 0 0 0 12 0 0 0 0 0 32 0 0 0 0 0 34 11 0 7 6 0 45 1 0 0 19 0 0 0 0 0 0 0 0 10 0 0 0 2 0 0 0 2 0 29 0 0 66 4 0 3 2 0 0 0 0 0 0 0 0 0 0 0 0 3 0 0 0 0 0 13 0 0 
 0 0 0 0 0 0 1 0 0 0 0 0 1 0 0 0 0 0 0 0 0 0 0 0 0 211 0 0 0 0 0 0 0 0 0 0 0 0 0 0 39 99 199 197 0 179 47 138 55 91 397 409 192 546 151 59 152 106 281 83 2 26 9 7 1 61 0 1 0 51 1 3 1 0 0 2 8 0 47 5 0 0 0 0 0 0 0 0 0 0 0 0 0 0 0 0 0 0 0 0 0 0 0 0 0 0 0 0 0 0 0 0 0 0 12 0 0 0 0 0 0 9 1 19 7 0 0 0 0 0 12 26 0 10 9 0 0 0 0 0 0 0 0 14 0 0 1 10 0 0 0 0 0 0 19 0 0 0 21 26 6 0 0 24 0 0 0 0 0 0 0 0 0 0 9 0 0 0 0 0 0 0 0 0 0 0 0 0 0 0 0 0 0 0 0 0 0 0 0 0 0 0 8 9 5 6 1 0 13 18 9 8 0 0 8 29 11 0 0 0 17 0 7 0 0 7 38 0 0 0 0 6 20 9 0 0 0 0 35 17 10 0 6 0 0 0 0 0 0 0 0 3 0 2 0 0 0 0 0 1 0 0 0 1 4 1 17 31 1 0 0 0 0 0 0 5 0 0 0 0 0 0 0 0 0 0 0 10 0 0 
 1 0 0 0 0 0 1 0 0 0 0 0 3 0 0 0 3 0 0 0 2 2 2 2 3 2 2 2 3 2 6 2 3 2 5 2 2 3 2 3 35 312 336 119 179 0 41 65 32 60 175 60 40 271 70 51 149 139 56 55 51 57 9 18 0 56 27 52 3 3 0 0 1 34 84 0 4 101 51 25 0 0 0 0 0 0 0 0 0 0 0 0 0 0 0 0 0 0 0 0 0 12 0 0 15 0 0 0 0 0 0 0 0 0 0 0 0 0 0 0 0 0 0 0 11 1 0 0 11 0 59 9 0 1 0 0 0 0 0 0 0 9 9 15 6 18 1 3 0 10 8 0 1 33 18 22 20 6 25 12 0 0 0 0 0 4 0 0 0 0 4 0 0 0 0 0 0 0 0 0 0 0 0 0 14 0 0 0 0 0 0 0 0 0 0 0 0 0 2 0 0 1 1 0 10 7 0 0 11 18 1 0 0 0 0 0 0 0 0 0 58 3 59 7 0 0 0 0 21 0 5 17 5 10 24 0 5 20 30 4 0 0 7 0 0 0 0 0 0 0 0 3 0 0 0 0 0 0 0 0 0 0 0 2 0 0 5 6 0 0 0 0 0 0 0 0 0 0 0 0 0 0 0 0 0 0 0 0 0 0 
 0 0 0 13 1 2 0 0 0 0 0 0 62 0 0 0 3 0 0 0 14 0 2 64 0 81 0 28 0 0 65 62 0 4 63 0 87 62 0 0 388 299 62 293 47 41 0 395 61 43 107 39 308 75 41 151 36 105 189 254 0 5 8 0 0 0 0 0 0 0 0 0 0 0 3 0 0 0 0 0 0 0 0 0 20 6 0 0 0 0 0 17 0 0 0 0 0 0 0 0 24 0 0 2 0 6 13 8 0 0 14 0 0 0 0 18 0 0 0 30 10 11 0 13 0 0 18 0 0 17 0 19 0 64 7 25 1 7 28 25 0 0 0 0 0 0 0 0 0 0 0 3 2 0 0 0 7 0 0 0 0 0 0 0 0 22 0 0 0 0 0 10 0 0 0 0 0 0 0 0 5 6 37 7 14 13 0 0 19 0 17 18 3 8 25 15 0 6 11 8 8 24 7 0 0 0 13 26 18 0 0 0 11 28 2 21 10 11 9 30 0 10 0 0 0 0 6 0 0 0 5 0 0 0 0 0 0 0 0 0 0 0 0 0 0 0 0 0 18 0 0 0 0 1 0 0 0 0 0 1 0 0 2 0 0 2 0 0 0 0 9 0 0 0 0 0 0 0 0 0 0 0 0 0 0 1 0 0 2 0 
 0 0 0 0 0 0 0 0 0 0 0 0 0 0 0 0 0 0 0 0 2 2 2 2 8 2 2 2 2 2 2 5 2 2 2 2 2 25 4 2 130 215 171 287 138 65 395 0 347 119 58 42 187 225 224 66 106 188 264 169 3 0 2 6 0 3 0 8 0 0 0 0 0 0 0 0 2 2 2 0 0 0 0 0 0 0 0 0 0 0 0 0 0 0 0 0 0 0 0 0 0 0 0 0 3 0 0 0 0 0 0 3 5 0 0 0 0 0 0 0 21 30 9 22 20 13 3 4 0 18 0 0 0 0 4 31 5 20 0 13 0 0 0 0 0 0 1 0 0 0 0 0 14 0 10 0 0 0 0 21 0 0 0 3 0 0 25 0 0 4 0 0 0 0 0 0 0 0 0 0 0 0 0 0 2 5 0 0 0 0 0 0 0 0 0 0 0 0 0 0 7 28 35 0 31 0 2 47 36 22 15 10 0 11 18 4 0 13 0 14 0 0 0 0 0 0 0 4 0 0 0 0 9 0 0 0 0 0 11 0 0 0 0 0 0 0 0 0 0 17 0 4 0 2 0 0 0 0 4 0 0 0 34 0 0 0 1 0 0 0 0 0 0 0 0 0 0 0 0 0 0 0 0 0 0 0 0 0 0 0 
 0 0 0 0 0 0 0 0 0 32 0 0 3 0 0 0 0 0 0 0 45 0 0 0 22 23 0 0 0 0 0 0 2 0 0 0 0 0 0 0 181 32 273 82 55 32 61 347 0 175 30 92 119 127 89 109 92 223 107 70 0 0 0 0 2 0 0 0 0 0 0 0 50 0 0 0 1 0 0 0 0 0 0 0 0 0 0 0 0 0 0 0 0 0 0 0 0 0 0 0 0 0 0 0 13 0 0 0 0 0 0 1 0 0 0 0 0 0 0 0 40 9 12 15 26 13 0 18 44 12 17 13 0 14 16 7 49 22 0 1 19 17 5 0 0 0 8 2 0 0 0 0 23 0 0 0 0 0 0 0 0 0 0 0 0 0 0 0 0 0 0 0 10 4 9 0 0 0 0 0 0 0 0 0 0 1 0 0 0 0 0 0 0 0 0 0 0 0 0 0 0 14 4 20 4 9 13 0 0 29 0 3 21 16 4 0 30 6 19 0 0 0 0 1 0 0 1 7 0 0 0 0 17 0 0 0 0 0 17 3 0 0 0 0 0 0 0 0 0 2 0 3 0 2 0 0 0 0 0 0 0 0 66 0 68 0 0 0 0 0 0 0 0 0 0 0 0 0 0 0 0 0 6 0 23 0 0 0 0 0 
 6 3 3 3 3 3 3 3 3 3 3 3 3 3 3 3 3 3 3 3 0 0 0 0 0 0 0 0 0 0 0 0 3 0 0 0 0 0 3 0 33 42 244 75 91 60 43 119 175 0 77 139 144 261 176 247 251 57 137 155 0 0 0 0 2 0 1 7 0 0 1 1 0 2 1 1 2 0 8 0 0 0 0 0 0 0 0 0 0 0 0 0 0 0 0 0 0 0 0 0 0 0 21 0 0 0 0 0 0 0 0 0 0 0 0 12 0 0 0 0 20 11 12 24 7 7 0 9 12 0 7 0 0 0 17 0 13 27 0 0 12 19 0 0 0 0 8 6 0 0 0 11 16 0 0 0 1 0 6 7 2 0 0 4 0 0 0 0 0 0 0 0 0 0 0 0 0 0 0 0 0 0 0 0 0 0 0 0 0 0 0 0 0 0 0 0 0 0 0 0 0 4 0 30 27 32 0 19 0 11 1 50 0 0 0 10 0 8 0 0 0 0 0 0 0 0 0 1 7 0 0 0 19 0 0 0 0 17 31 23 0 0 0 0 0 0 0 0 0 0 0 10 0 2 0 0 0 0 0 0 0 0 2 1 65 0 0 0 0 0 1 0 0 0 0 0 0 0 0 0 0 1 0 0 8 0 0 0 0 0 
 2 64 0 0 0 0 2 0 0 0 0 0 2 0 0 0 0 0 0 0 0 0 0 0 0 1 0 0 0 0 0 3 0 204 0 0 62 0 0 62 15 173 45 288 397 175 107 58 30 77 0 266 62 249 168 79 183 134 56 118 17 0 4 15 0 142 64 1 0 0 0 52 0 0 27 0 8 0 22 52 0 0 0 0 0 0 0 0 0 0 0 0 0 0 0 0 0 0 0 0 0 0 4 0 1 2 0 0 20 0 0 0 0 0 0 0 0 0 0 0 1 7 10 1 0 18 0 0 0 0 23 26 36 20 0 35 0 0 0 0 26 0 0 23 0 0 0 38 0 0 0 0 10 0 20 0 0 0 20 19 0 0 0 0 0 0 0 0 0 0 0 0 0 0 0 0 0 0 0 0 0 0 0 0 0 0 0 0 11 16 0 4 0 0 14 0 0 0 0 0 12 1 6 1 1 16 0 0 27 28 27 62 0 20 9 10 9 19 0 18 2 0 0 0 0 0 32 0 0 0 0 0 42 9 0 7 17 0 19 17 0 0 6 0 0 0 0 0 0 0 0 9 0 0 0 0 0 0 0 12 0 0 0 1 0 7 4 3 0 0 0 0 0 0 0 0 0 0 0 0 0 3 0 0 0 0 0 0 0 0 
 1 1 0 0 1 1 3 0 0 1 0 0 4 1 0 0 1 1 1 2 0 0 0 1 0 0 3 0 0 0 0 4 2 0 0 0 0 0 1 0 41 41 70 118 409 60 39 42 92 139 266 0 43 158 105 110 93 75 255 45 4 0 0 0 0 0 0 21 0 0 0 3 49 0 4 0 1 59 0 52 0 0 0 0 0 0 0 0 0 0 0 0 0 0 0 0 0 0 0 0 0 0 0 0 0 0 0 0 0 0 0 0 0 0 0 0 0 0 0 0 17 19 9 18 35 17 0 21 0 0 10 0 0 0 32 0 33 13 0 0 73 16 5 0 0 0 10 13 0 0 0 0 22 0 0 0 20 0 11 0 13 0 0 8 0 0 0 0 0 0 0 0 0 0 0 0 0 0 0 0 0 0 0 0 0 0 0 0 0 0 0 0 0 0 0 0 0 0 4 0 0 13 7 62 20 0 0 0 0 65 23 19 0 0 15 23 9 14 0 0 1 0 0 0 0 0 19 34 0 0 0 0 17 0 0 8 0 0 25 23 0 0 0 0 0 0 0 0 0 0 0 4 0 0 0 0 0 0 0 11 0 0 3 11 68 21 2 1 0 0 0 0 0 0 0 0 0 0 0 0 0 0 0 0 0 0 0 5 0 0 
 0 0 0 0 0 0 0 0 0 0 0 0 0 0 0 0 0 63 0 0 1 0 3 62 97 0 0 0 0 0 0 4 0 0 0 0 1 0 0 0 259 133 82 59 192 40 308 187 119 144 62 43 0 185 378 76 245 42 405 69 0 0 0 0 0 0 0 0 0 0 0 0 0 1 3 0 1 0 0 0 0 0 0 0 0 0 0 0 0 0 0 0 0 0 0 0 0 0 0 0 0 0 5 6 16 1 0 10 0 14 0 0 0 0 0 1 0 0 0 14 0 8 1 20 0 0 27 16 0 0 0 2 8 29 3 15 2 5 17 3 0 0 0 0 0 0 0 0 0 0 0 0 0 0 2 0 8 0 0 40 0 0 0 3 0 0 0 0 0 0 0 0 0 0 0 0 0 0 0 0 0 0 0 11 5 2 0 0 10 7 0 2 0 0 0 0 0 10 1 0 9 10 35 0 10 0 18 0 38 42 0 6 1 19 62 15 25 9 0 19 0 0 0 0 0 0 20 0 0 0 0 0 0 0 0 0 0 0 0 0 0 0 0 0 0 0 0 0 0 0 0 0 0 1 0 0 0 75 1 0 0 0 1 0 0 3 8 0 0 7 0 14 0 0 0 0 0 0 0 0 0 0 0 0 0 0 0 0 2 0 
 0 0 63 0 8 0 2 0 0 58 0 0 0 0 0 0 3 0 0 0 0 0 0 0 0 210 0 0 0 0 0 62 0 0 2 0 0 0 0 0 133 304 208 80 546 271 75 225 127 261 249 158 185 0 131 194 115 64 356 124 2 3 0 1 0 0 0 0 0 0 2 0 0 3 0 0 0 0 0 3 0 0 0 0 0 0 0 0 0 0 0 0 0 0 0 0 0 0 0 0 0 0 0 0 0 0 0 0 0 0 0 0 0 0 0 0 0 0 0 0 19 1 28 5 10 0 0 17 33 0 0 25 0 14 34 13 15 0 0 14 0 8 0 0 0 0 9 0 0 0 0 3 12 0 0 0 1 0 0 7 2 0 0 4 0 0 0 0 0 0 0 0 0 0 0 0 0 0 0 0 0 0 0 0 0 0 0 0 0 0 0 0 0 0 0 0 0 0 0 0 0 12 15 27 12 16 14 43 0 16 4 24 0 31 7 27 21 2 0 0 0 0 0 0 0 0 4 11 0 0 0 0 0 0 0 0 0 0 25 9 0 0 0 0 0 0 0 0 0 33 0 15 0 1 0 0 1 0 0 0 0 0 0 0 3 3 1 0 0 0 0 0 0 0 0 0 0 0 0 0 0 0 0 0 10 0 0 0 1 0 
 3 5 3 3 3 3 5 3 3 3 3 3 3 3 3 6 8 3 3 2 0 0 0 0 2 0 0 0 0 0 0 0 67 0 0 0 100 0 10 0 270 247 88 133 151 70 41 224 89 176 168 105 378 131 0 115 541 312 70 352 0 0 0 8 0 1 0 4 6 0 0 0 1 2 0 0 0 3 0 0 0 0 0 11 0 0 0 0 0 32 0 0 0 0 0 0 0 0 0 0 0 0 0 0 0 0 0 0 0 0 0 0 0 0 0 0 0 0 0 24 19 11 0 22 1 3 0 0 11 1 3 58 0 21 0 0 0 11 0 0 13 0 1 1 0 0 0 9 0 0 0 0 4 0 27 0 0 0 0 15 0 0 0 0 0 0 0 0 0 0 0 0 5 0 0 0 0 0 0 36 0 0 0 0 0 0 0 0 0 0 0 0 0 0 0 0 0 0 0 0 0 0 19 15 47 0 0 1 26 30 19 53 11 0 18 4 3 0 0 0 1 0 0 0 0 0 22 23 0 0 0 0 2 0 0 0 0 0 34 0 0 0 0 0 0 0 0 0 0 0 0 11 0 0 0 0 0 0 0 0 0 0 69 0 4 2 2 0 2 0 0 0 0 0 0 0 0 0 0 0 0 0 0 0 11 0 0 13 0 1 
 3 0 0 0 0 0 0 0 0 0 32 0 2 0 0 0 0 0 0 0 3 3 3 3 40 95 3 3 3 3 3 11 3 3 4 3 3 4 3 3 172 122 153 272 59 51 151 66 109 247 79 110 76 194 115 0 177 56 168 103 0 0 0 0 0 0 0 0 0 0 0 0 0 0 0 0 2 0 0 0 0 0 0 0 0 0 0 0 0 0 0 0 0 0 0 0 0 0 0 0 0 0 0 0 24 0 0 0 0 0 0 0 0 0 0 0 0 15 0 0 30 0 25 11 0 0 7 8 34 40 0 34 1 5 23 16 23 3 2 21 0 22 0 0 0 0 14 0 0 0 0 5 4 0 24 0 0 0 0 1 0 0 0 0 0 0 0 0 0 0 0 0 15 3 0 0 0 0 0 0 0 0 0 0 6 0 0 0 0 0 0 0 0 0 0 0 0 0 0 0 20 31 39 16 0 9 19 32 69 0 0 0 30 39 0 16 28 17 27 32 0 0 0 0 0 0 37 0 0 0 0 0 0 0 0 0 0 0 0 0 0 0 0 0 0 0 0 0 0 0 0 0 0 1 0 0 0 0 3 2 0 0 0 0 0 2 0 0 0 1 0 0 0 0 0 0 0 0 0 0 0 0 0 0 0 0 0 0 0 0 
 3 0 0 0 0 0 0 0 0 0 0 37 0 0 5 0 9 56 0 0 0 0 66 0 96 68 0 0 0 0 2 3 2 0 0 0 0 0 0 0 473 278 43 100 152 149 36 106 92 251 183 93 245 115 541 177 0 163 18 109 0 3 7 0 0 20 0 0 0 0 1 0 49 0 1 8 11 0 0 77 0 0 0 0 0 0 0 0 0 0 0 0 0 0 0 0 0 0 0 0 0 0 0 0 0 0 0 0 24 0 0 0 0 0 0 0 0 0 0 0 18 0 14 19 8 19 0 2 14 11 26 24 0 1 13 0 14 1 0 6 0 0 5 3 0 0 0 13 11 0 0 0 3 0 0 13 0 0 20 23 0 0 0 0 0 0 0 0 0 0 0 0 6 1 0 0 0 0 0 0 0 0 0 0 0 0 0 0 0 0 0 0 0 0 0 0 0 0 0 0 0 15 14 0 0 7 14 20 9 78 10 0 15 17 14 1 11 1 18 0 8 0 0 0 0 0 7 13 0 0 0 0 38 2 0 8 0 0 6 2 0 0 5 0 0 0 0 0 0 0 0 14 0 0 0 0 0 0 0 0 0 0 0 0 0 0 0 63 0 0 0 0 0 0 0 0 0 0 0 0 0 0 0 0 0 17 0 0 0 0 
 0 2 0 0 0 0 0 0 0 0 0 0 0 0 0 0 3 0 0 0 0 0 0 0 0 0 0 0 0 0 0 2 3 0 3 28 0 0 199 0 154 116 199 168 106 139 105 188 223 57 134 75 42 64 312 56 163 0 37 175 48 0 18 0 3 27 50 3 3 0 0 0 1 18 3 5 7 50 46 3 0 0 0 0 0 0 0 0 0 0 0 0 0 0 0 0 0 0 0 0 0 9 0 0 0 0 0 0 0 0 0 0 0 0 0 0 0 0 16 0 0 10 45 0 10 20 0 0 0 4 11 6 0 0 0 15 1 6 0 64 18 0 0 11 0 15 7 19 13 0 0 0 22 0 0 22 6 0 6 6 0 0 0 0 0 0 0 0 0 0 0 0 0 0 0 0 0 0 0 0 0 0 0 0 0 0 0 0 0 0 0 0 0 6 0 0 0 0 0 0 25 23 1 0 11 9 0 18 18 0 19 7 0 38 0 0 1 13 0 22 25 0 0 0 0 20 0 57 0 0 0 2 37 12 0 0 27 0 0 0 0 0 10 0 0 0 0 0 0 0 0 4 0 0 0 0 0 0 62 18 0 0 1 1 3 1 9 62 0 0 0 0 0 15 0 3 0 0 0 0 0 0 0 0 0 0 0 0 1 0 
 0 0 0 0 0 73 2 0 0 0 0 0 0 0 0 49 0 0 0 1 4 3 3 3 80 66 3 3 6 3 4 86 3 3 3 3 3 60 69 3 96 109 131 105 281 56 189 264 107 137 56 255 405 356 70 168 18 37 0 385 0 2 0 0 0 0 0 0 0 0 0 0 0 0 3 0 0 0 0 0 0 0 0 0 0 0 0 0 0 0 0 0 0 0 0 12 0 0 0 0 0 0 0 0 10 32 0 0 0 0 0 6 0 0 0 1 0 0 0 0 44 2 0 0 3 0 22 32 30 5 23 21 8 32 10 72 10 12 32 21 0 7 0 0 0 0 0 0 0 0 0 6 1 0 0 0 0 0 0 5 0 0 0 0 8 0 1 0 0 0 0 3 0 8 0 0 0 1 0 0 0 0 11 0 12 25 0 0 12 0 24 11 0 0 0 1 0 1 0 0 9 14 39 5 0 15 57 54 1 0 0 72 1 28 0 27 58 28 0 5 0 0 0 0 0 0 21 0 0 0 9 0 0 0 0 0 0 0 0 0 0 0 0 0 0 0 0 0 0 0 0 6 0 2 0 0 0 0 2 0 0 0 0 0 2 4 0 0 0 0 0 0 0 0 0 0 0 0 0 0 0 0 6 0 17 19 0 0 1 0 
 0 0 0 0 0 0 2 0 0 0 0 0 2 6 0 0 3 2 0 0 1 20 0 67 0 63 0 1 4 0 5 3 0 0 0 5 5 0 0 0 275 199 34 298 83 55 254 169 70 155 118 45 69 124 352 103 109 175 385 0 0 5 0 0 2 0 0 0 0 0 0 0 0 202 16 0 0 0 0 0 0 0 7 0 0 0 0 0 0 0 0 0 0 0 0 0 0 0 0 0 0 0 0 4 0 36 0 0 6 4 0 0 0 0 8 7 4 0 0 0 0 0 9 0 1 0 1 7 14 23 9 0 7 15 0 89 0 27 9 35 0 0 1 0 0 0 0 0 0 0 0 0 0 0 0 0 11 0 0 2 0 0 0 0 0 0 1 0 0 0 0 3 0 13 0 0 0 1 0 0 0 0 14 0 1 11 0 0 18 6 18 25 0 0 0 1 7 1 0 0 17 26 0 0 0 0 0 49 10 0 0 10 0 23 0 16 21 11 10 10 0 0 0 0 0 0 9 7 0 0 9 0 0 0 0 0 0 0 0 0 0 0 4 0 0 0 0 0 0 0 0 12 0 1 0 0 0 0 0 2 2 0 67 0 0 1 5 0 0 0 0 0 0 0 0 0 0 0 0 0 0 2 0 0 37 1 0 29 2 0 
 0 0 0 0 0 0 2 0 51 30 0 0 0 0 0 0 0 0 0 2 0 0 10 0 0 0 0 0 0 0 0 0 6 2 0 0 0 0 0 0 6 3 8 49 2 51 0 3 0 0 17 4 0 2 0 0 0 48 0 0 0 167 108 110 290 21 229 102 100 33 303 39 74 261 542 133 36 77 85 40 0 0 0 0 0 0 0 0 0 0 0 0 30 0 0 0 8 0 0 0 0 1 0 0 0 0 0 0 0 0 0 0 0 0 0 0 0 0 0 0 0 1 30 0 11 2 0 0 0 0 1 0 0 0 1 0 0 0 0 0 24 3 50 1 9 4 18 16 0 0 0 3 15 36 0 27 22 6 11 2 1 0 0 0 0 0 0 0 0 0 0 0 0 0 0 0 0 0 0 0 0 0 0 0 3 0 0 0 32 0 0 0 0 0 0 0 0 0 7 0 0 0 0 1 16 0 0 0 0 0 9 7 0 0 0 0 0 0 0 0 12 16 16 9 19 4 16 20 18 14 0 10 7 24 12 17 22 0 0 9 12 0 0 0 0 0 0 0 0 0 0 0 0 0 0 0 0 0 0 9 0 0 0 1 0 0 0 0 0 0 19 1 0 0 0 0 0 0 0 0 0 0 0 0 0 0 0 0 0 0 
