 0 168 87 90 150 21 578 38 124 47 22 88 132 296 415 37 339 77 77 37 0 0 0 0 2 0 0 5 0 0 0 0 2 0 0 0 6 3 3 1 0 0 0 1 0 1 1 0 0 0 0 0 0 0 6 2 2 0 0 0 2 0 0 0 0 3 0 0 0 3 4 0 3 4 0 0 3 0 0 0 0 0 0 7 0 0 15 18 0 0 0 0 18 20 22 9 0 0 9 0 0 0 6 0 0 0 0 0 0 0 0 0 0 0 0 0 0 0 0 0 0 0 0 0 0 0 10 0 0 0 0 0 0 7 0 0 0 0 0 0 0 0 0 9 0 0 0 0 0 3 0 0 0 0 0 0 0 0 0 0 11 28 0 0 9 1 0 11 1 0 0 6 0 76 19 14 0 1 17 1 0 0 0 0 0 0 0 0 0 0 0 0 17 0 0 0 0 0 16 0 0 0 0 0 0 0 0 0 0 0 0 0 0 0 0 0 0 0 0 0 0 0 0 0 0 0 0 0 0 0 0 0 0 0 0 0 0 0 0 0 0 0 0 0 0 0 3 0 0 0 17 7 0 0 0 0 0 0 0 0 0 0 0 0 0 0 0 0 0 0 0 0 0 0 0 0 17 0 0 0 0 0 0 0 18 0 0 0 0 0 
 168 0 106 67 41 457 314 258 339 43 38 30 40 221 207 276 80 262 231 270 77 0 0 0 0 1 0 3 1 0 0 0 2 0 0 0 0 3 207 1 0 0 0 0 0 0 1 0 0 0 0 0 0 0 0 2 2 0 0 39 1 0 0 0 0 3 0 0 0 2 35 0 3 3 0 0 3 0 0 0 2 23 21 5 0 0 10 11 0 8 17 0 0 43 0 23 12 17 25 23 0 0 0 0 2 0 19 0 0 0 0 0 0 0 2 0 0 0 0 0 10 0 12 0 0 1 0 0 0 0 2 8 0 0 0 0 0 1 0 0 0 0 0 5 16 0 0 1 0 2 0 0 0 0 0 4 0 2 0 0 9 17 0 7 0 1 21 20 39 24 0 0 0 31 4 0 16 14 15 0 0 1 0 0 14 0 0 1 0 0 0 0 0 0 0 0 2 0 0 2 0 0 0 0 0 0 0 0 0 0 0 0 0 0 0 0 0 0 10 0 0 0 0 0 0 0 19 0 0 0 0 0 0 0 0 0 0 0 0 0 0 0 0 0 0 1 0 1 2 0 0 4 0 0 0 0 0 0 0 0 0 0 0 0 0 0 0 0 0 0 0 0 0 0 0 15 0 0 0 0 0 0 0 0 0 0 0 0 0 0 
 87 106 0 199 587 81 174 83 173 289 223 59 319 231 385 194 63 56 41 35 0 0 209 1 1 1 72 3 0 0 0 0 77 0 0 2 1 3 6 1 0 0 0 2 0 10 4 0 0 0 0 0 0 0 0 2 2 64 0 0 3 0 38 0 0 3 0 0 0 12 0 0 3 3 0 0 3 0 0 0 0 18 3 0 59 31 0 14 7 16 0 0 11 0 18 14 47 0 0 15 19 0 0 0 0 0 0 0 0 0 0 0 0 0 1 0 0 0 4 27 0 0 0 0 0 0 0 2 0 0 0 0 0 0 0 0 0 0 0 0 0 0 0 0 5 1 0 0 0 0 0 0 0 3 0 0 0 0 0 0 0 18 1 39 28 0 0 0 38 0 3 14 0 4 0 38 11 24 11 0 4 0 2 0 0 0 15 0 0 0 0 0 39 21 0 0 0 0 37 39 0 0 0 0 0 2 0 0 0 0 0 0 0 0 0 0 0 0 0 2 0 0 0 0 0 0 0 0 0 0 0 0 1 0 0 0 0 0 0 0 0 0 1 0 0 2 89 2 0 92 20 0 86 0 2 0 0 0 0 0 0 0 0 0 0 0 0 0 0 0 0 0 0 0 0 0 8 2 0 0 0 0 0 0 0 0 0 0 0 0 
 90 67 199 0 164 44 279 153 441 166 197 155 64 696 241 233 93 126 122 218 0 0 2 0 0 2 0 3 0 0 0 0 2 0 0 0 0 3 77 2 0 0 0 0 0 0 1 0 0 0 0 0 3 0 0 2 2 2 0 0 0 0 0 0 0 0 3 0 0 3 0 0 3 2 0 0 2 0 0 0 42 12 39 47 22 0 0 39 0 7 19 11 1 43 28 0 18 3 0 30 0 1 0 0 0 0 0 0 0 0 1 0 0 0 0 0 0 0 7 28 0 0 0 0 0 0 0 0 0 0 0 0 0 0 0 0 1 0 0 0 0 0 0 0 1 0 0 0 0 0 7 0 2 2 0 0 3 0 0 0 15 0 27 30 16 30 10 11 2 53 8 25 9 8 11 13 1 0 0 27 0 0 0 1 0 0 0 0 0 0 0 0 14 0 0 2 0 0 14 0 0 21 0 19 2 0 0 14 0 2 0 0 2 0 0 0 0 0 2 0 0 1 0 0 0 0 1 0 0 0 0 0 0 2 0 0 0 0 0 0 0 0 0 0 0 2 0 0 2 2 14 0 4 0 0 0 0 0 0 0 0 0 0 0 0 0 0 0 0 0 0 0 0 0 0 15 19 14 0 0 0 0 0 0 0 0 0 0 0 0 
 150 41 587 164 0 139 264 231 185 257 89 233 88 82 246 578 513 135 76 62 33 1 0 0 0 1 114 4 0 0 0 0 24 0 61 0 0 3 149 103 0 0 0 6 33 47 0 0 0 0 0 0 0 0 7 2 2 0 0 0 0 0 5 0 0 0 0 0 0 9 0 1 3 2 0 0 2 0 0 24 0 32 37 11 23 22 0 1 10 21 1 63 11 0 17 31 32 0 0 0 0 0 0 0 0 0 4 0 0 13 0 0 25 56 8 0 0 0 0 2 0 0 0 0 0 0 0 0 0 0 0 0 0 0 0 0 0 0 0 0 0 0 0 0 7 0 0 0 0 0 0 0 0 4 0 0 4 0 0 0 0 0 1 17 13 11 0 0 17 0 64 20 0 0 0 13 17 30 0 2 24 0 2 0 0 0 1 0 0 24 0 0 10 2 0 3 0 0 40 41 0 0 0 0 0 2 0 0 0 0 0 0 0 0 0 0 0 0 0 2 0 0 0 0 0 0 0 0 0 0 0 0 0 0 0 0 0 0 0 2 0 9 21 0 0 3 5 0 1 138 11 5 0 0 1 0 0 0 0 0 0 0 0 0 0 0 0 0 0 0 0 0 0 0 0 0 2 28 0 0 0 0 0 0 0 0 0 0 0 1 
 21 457 81 44 139 0 31 31 265 116 82 54 50 294 62 308 194 204 92 343 90 0 75 1 0 0 24 3 0 3 0 0 4 148 73 0 0 68 41 90 0 0 0 4 62 2 2 0 0 0 0 0 0 0 0 2 2 1 0 0 3 0 37 0 0 3 0 0 0 2 0 0 3 3 0 0 3 0 0 0 0 0 0 18 25 48 0 0 0 0 0 0 0 0 0 32 0 0 0 0 16 25 19 0 0 0 54 10 6 24 20 0 39 18 16 0 19 1 23 32 0 0 0 0 0 0 1 0 0 0 0 14 0 0 0 0 0 0 0 0 0 9 0 0 0 0 0 0 0 11 0 7 0 0 0 0 0 0 0 0 0 16 0 24 22 13 0 0 21 0 22 17 0 0 0 0 0 0 0 0 29 64 13 0 0 0 18 0 18 7 0 10 82 16 3 13 19 14 0 48 0 0 0 0 0 0 0 0 17 0 1 0 0 0 0 0 0 0 0 0 0 0 0 0 1 0 0 0 0 0 0 0 0 0 0 0 0 0 0 14 0 1 0 0 0 6 137 2 88 1 1 2 0 0 0 0 0 74 0 0 0 0 0 0 0 0 0 0 0 0 0 0 0 0 0 0 0 0 0 0 0 0 0 0 0 0 0 0 0 0 
 578 314 174 279 264 31 0 136 69 42 192 131 216 69 122 231 330 92 223 189 98 0 2 0 0 0 0 3 0 1 0 0 2 0 3 0 0 3 3 2 0 0 0 2 0 0 2 0 0 0 0 0 0 0 0 2 2 2 4 0 0 0 1 0 0 1 0 0 0 10 0 0 3 3 0 0 4 0 0 0 10 25 0 21 0 1 24 40 18 0 22 0 6 1 11 0 0 9 26 24 0 0 0 0 27 0 0 1 3 21 0 0 0 0 0 0 0 0 0 17 0 0 13 0 0 0 12 0 0 0 0 0 0 1 0 0 0 0 0 0 0 2 0 2 0 0 0 0 0 4 0 0 0 0 0 2 0 0 0 0 14 10 8 1 16 0 0 0 0 0 0 0 13 23 41 17 0 65 26 1 0 0 0 0 0 0 0 0 0 0 0 0 1 0 0 0 0 0 21 0 0 0 0 0 0 0 0 1 0 0 0 0 0 0 0 0 0 0 11 0 0 0 0 0 0 0 0 0 0 0 0 0 0 0 10 0 0 1 0 0 0 0 0 0 0 0 2 2 0 1 3 0 9 0 0 0 0 0 0 0 0 0 0 0 0 0 0 0 0 0 0 0 0 2 0 0 6 0 0 0 0 0 0 0 0 0 0 0 0 0 
 38 258 83 153 231 31 136 0 127 129 227 24 109 151 40 134 27 37 120 125 3 0 0 0 0 0 0 3 0 3 1 0 77 0 2 2 2 6 20 64 59 2 0 2 0 1 4 0 0 0 0 0 2 9 0 5 2 3 0 0 7 3 5 0 0 3 0 0 0 14 0 0 3 3 3 0 5 0 0 3 1 32 13 5 0 7 17 17 27 39 10 14 0 0 19 25 49 25 11 0 0 0 0 0 0 0 0 0 0 0 0 0 0 0 0 0 0 0 0 2 0 0 17 0 0 0 0 0 0 0 0 0 0 0 0 0 0 0 0 0 0 0 0 0 4 0 0 0 0 0 2 0 0 2 0 0 5 0 0 0 21 27 13 20 0 11 0 6 13 69 37 3 0 0 10 27 45 81 0 15 0 0 0 0 0 0 2 0 0 0 0 0 0 0 0 0 0 0 45 1 0 14 0 0 0 0 0 0 0 0 0 0 0 0 0 0 0 0 0 0 0 0 0 0 0 0 0 1 0 0 0 0 0 0 0 0 0 0 0 0 0 0 0 0 0 3 0 0 0 92 0 7 1 0 0 0 0 0 0 0 0 0 17 0 0 0 0 0 0 0 0 0 0 0 0 0 0 16 0 0 0 0 0 0 0 0 0 0 0 1 
 124 339 173 441 185 265 69 127 0 231 219 231 88 337 93 326 186 33 178 51 0 0 0 0 0 0 0 4 0 0 0 0 2 0 0 0 0 3 4 3 0 0 0 0 0 0 2 0 0 0 2 0 0 0 0 2 2 1 0 0 1 0 0 0 0 3 0 1 0 3 0 0 3 3 0 0 3 0 0 1 35 58 67 12 1 0 12 49 19 0 17 0 0 17 14 11 0 68 42 60 0 0 0 0 0 0 0 0 0 0 0 0 2 0 13 2 0 0 8 0 0 0 41 0 0 0 0 0 0 0 0 2 0 0 0 0 0 0 0 0 0 0 0 0 0 0 0 0 0 0 3 0 23 0 7 0 0 0 0 0 9 19 17 2 49 9 35 11 14 17 0 0 14 2 16 11 11 0 0 16 2 0 0 0 0 0 0 0 0 0 0 0 0 0 16 0 0 0 0 0 0 0 0 16 0 0 0 0 0 8 0 0 0 0 0 0 0 0 0 0 0 0 0 0 0 0 0 0 0 0 0 0 0 0 0 0 2 0 0 0 0 0 0 0 0 0 0 1 2 0 2 4 9 0 0 0 0 0 2 0 0 0 0 0 0 0 0 0 0 1 0 0 0 0 0 20 5 0 0 0 0 0 0 0 0 0 0 0 0 0 
 47 43 289 166 257 116 42 129 231 0 105 189 63 235 303 249 328 258 164 79 75 0 0 2 0 0 0 6 0 0 0 74 283 36 0 0 1 7 78 62 2 0 0 27 82 0 0 0 0 0 2 3 0 0 0 4 5 0 0 64 0 43 0 0 0 1 0 0 0 52 0 3 3 3 0 0 2 0 0 0 20 26 37 28 14 10 0 2 0 19 7 36 0 1 19 10 0 0 0 0 40 0 0 0 0 0 21 0 0 0 0 0 2 10 24 0 10 0 6 17 0 0 0 0 0 0 0 0 0 0 0 0 0 0 0 0 0 0 0 0 0 0 0 0 1 0 0 0 0 0 3 0 0 0 0 0 2 0 0 0 15 0 0 11 15 17 15 9 0 0 38 29 0 0 0 0 0 0 0 8 0 7 0 0 0 0 23 0 0 0 0 1 20 0 0 0 0 0 14 20 0 0 0 14 0 0 0 0 0 0 0 0 0 0 0 0 0 0 0 0 0 0 0 0 0 0 0 0 0 8 0 0 0 0 0 0 0 0 0 0 0 0 0 0 0 0 3 0 4 4 17 8 0 0 0 0 0 0 0 0 0 0 0 0 0 0 0 0 0 0 0 0 0 0 0 0 0 15 0 0 0 0 0 0 0 0 0 0 0 0 
 22 38 223 197 89 82 192 227 219 105 0 79 129 265 163 321 207 150 123 163 0 2 0 0 0 0 0 3 0 0 0 0 2 0 0 0 0 3 76 3 0 0 0 0 0 0 0 0 0 0 2 0 0 0 2 2 2 0 0 0 0 0 6 0 0 2 0 65 0 18 0 0 3 3 0 0 2 0 0 0 36 24 24 45 14 0 0 48 16 7 46 47 0 13 28 22 11 10 0 2 0 34 0 0 0 0 0 0 0 2 0 0 0 0 0 0 0 0 6 13 0 0 0 0 0 0 0 0 0 1 0 0 0 0 0 0 0 0 0 0 2 0 0 0 1 0 0 0 0 2 4 2 2 0 0 0 2 0 0 0 20 5 38 0 13 19 14 9 0 0 16 0 0 2 1 19 10 1 0 24 0 0 27 0 0 0 0 0 0 0 0 0 0 0 1 0 0 14 28 0 0 0 0 13 0 0 0 0 0 0 0 0 0 8 0 0 0 0 0 0 0 8 1 0 0 0 0 0 0 0 0 0 0 0 0 0 0 0 0 0 0 0 0 0 0 2 0 0 5 5 0 3 4 0 0 0 0 0 0 0 0 0 0 0 0 0 0 0 0 0 0 0 0 0 0 0 10 35 0 0 0 0 0 0 0 0 0 0 0 0 
 88 30 59 155 233 54 131 24 231 189 79 0 51 143 341 44 162 95 130 31 74 76 48 0 0 2 0 4 0 0 0 2 3 76 1 0 0 5 4 1 0 0 0 64 1 1 3 0 0 0 26 0 0 0 2 2 2 2 0 1 1 0 1 0 0 3 0 0 1 3 0 0 3 3 0 56 3 0 0 0 27 24 7 23 2 12 21 39 0 17 15 2 0 14 27 0 27 25 0 0 28 0 19 0 0 0 20 0 11 0 0 0 0 0 26 1 11 23 9 0 0 0 0 2 0 0 0 0 0 0 0 0 0 0 0 0 12 0 0 0 0 0 0 0 0 0 0 3 0 0 2 0 5 0 2 2 0 0 0 0 46 0 17 19 52 11 14 10 0 6 12 5 0 0 0 33 3 11 0 0 5 0 2 0 0 0 19 0 6 0 0 0 21 0 0 0 0 0 18 33 0 0 0 13 0 1 0 0 0 0 0 0 0 0 0 0 0 0 0 0 0 0 0 0 0 0 0 0 0 0 0 0 0 31 9 0 0 0 0 2 0 0 0 0 0 5 3 2 7 88 15 2 0 0 0 0 0 0 0 0 0 0 0 0 0 0 0 0 0 0 0 0 0 0 0 0 25 0 0 0 0 0 0 0 0 0 0 0 0 0 
 132 40 319 64 88 50 216 109 88 63 129 51 0 310 282 51 65 39 249 96 0 0 0 0 0 1 0 4 0 0 0 0 203 0 0 0 0 4 3 2 0 0 2 63 0 0 0 0 0 0 0 0 0 0 0 2 2 0 0 0 0 0 0 0 2 0 0 0 0 3 0 0 3 2 0 0 2 0 0 0 0 0 0 0 0 0 14 0 12 0 0 0 40 6 0 0 0 0 0 12 0 0 0 0 0 0 0 0 0 0 0 0 0 1 1 0 0 0 0 0 0 0 0 0 0 0 11 0 0 0 0 0 0 0 0 0 0 0 0 0 0 0 0 0 2 0 0 0 0 1 0 0 0 0 0 0 0 0 0 0 24 13 0 0 0 0 10 17 1 0 0 5 44 25 13 0 0 0 35 15 0 0 0 0 0 0 0 0 0 0 0 0 0 0 0 0 0 0 0 0 0 0 0 0 0 0 0 0 0 0 0 0 0 0 0 0 0 8 0 0 0 0 0 0 0 0 0 0 0 0 0 0 0 0 0 0 0 0 10 0 0 0 0 0 0 2 0 2 2 1 2 12 0 0 0 0 0 0 0 0 0 0 0 44 0 0 2 0 0 0 0 0 0 0 0 0 0 0 0 0 0 0 0 0 0 0 0 0 0 0 
 296 221 231 696 82 294 69 151 337 235 265 143 310 0 164 346 48 119 189 163 0 0 1 0 0 0 1 3 0 0 0 0 2 0 0 2 0 3 81 2 0 0 0 1 0 1 1 0 0 0 0 0 0 0 0 2 2 0 0 0 1 0 0 0 0 3 0 0 0 2 0 0 3 3 0 0 3 0 0 0 43 13 9 32 43 0 0 16 14 3 0 11 0 0 5 0 0 21 14 22 0 0 15 0 0 0 0 0 0 0 0 0 0 0 0 0 0 0 11 0 0 0 0 0 0 0 0 0 0 0 0 0 0 0 0 0 0 0 0 0 0 0 0 0 1 0 0 0 0 0 8 0 0 0 0 0 5 0 0 0 50 0 0 9 26 15 0 13 16 0 10 0 0 5 35 12 0 0 17 20 0 0 1 0 0 0 0 0 0 0 0 0 5 0 0 0 0 2 4 0 0 0 0 0 0 0 0 10 0 0 0 0 0 0 0 0 0 0 0 17 0 0 0 0 0 1 0 0 0 0 0 0 1 0 0 0 0 0 0 0 0 0 0 0 0 0 0 0 2 0 5 15 0 0 0 0 0 0 0 0 0 0 0 0 0 0 0 0 0 0 0 0 46 0 0 0 5 20 0 0 0 0 0 0 0 0 0 0 0 2 
 415 207 385 241 246 62 122 40 93 303 163 341 282 164 0 190 133 51 111 181 0 0 0 1 0 0 5 4 0 0 0 0 77 0 0 1 75 5 24 2 0 0 0 1 0 0 2 0 0 0 0 0 0 0 0 2 2 0 0 0 41 0 0 0 0 3 0 0 0 2 0 0 3 3 0 0 3 0 0 0 0 2 29 10 0 7 42 0 11 14 0 15 0 9 14 11 1 0 37 17 0 0 0 12 0 0 0 0 0 0 0 0 19 1 0 0 0 0 0 1 0 0 0 0 0 0 1 0 0 0 0 9 0 11 0 0 0 0 0 0 0 0 0 0 6 0 0 0 0 0 21 0 0 2 0 0 4 0 0 0 15 15 0 0 12 11 25 13 27 0 26 1 0 48 12 16 10 21 11 0 0 0 0 0 0 0 0 0 0 0 0 0 21 16 0 0 0 0 13 1 0 0 0 0 0 0 0 0 0 0 0 0 0 0 0 0 0 0 0 0 0 0 0 0 0 0 0 0 0 0 0 0 0 0 0 0 0 0 0 0 0 0 0 0 0 1 0 0 0 0 17 3 0 0 0 0 0 0 2 0 0 0 0 0 0 0 2 0 0 0 0 0 0 0 0 1 0 15 0 0 0 0 0 0 0 0 0 0 0 0 
 37 276 194 233 578 308 231 134 326 249 321 44 51 346 190 0 645 46 122 122 0 12 0 0 0 0 2 3 74 0 0 0 76 2 0 0 0 3 14 4 0 0 6 0 0 0 2 0 0 0 0 0 0 2 0 2 2 0 0 0 1 0 3 0 0 3 0 0 0 6 0 0 3 3 0 0 3 0 0 0 19 28 35 3 36 7 0 12 9 16 10 30 0 0 15 0 28 0 0 6 0 0 0 0 0 0 0 0 0 0 1 0 0 0 0 0 0 0 0 14 0 0 0 0 0 0 0 0 0 0 0 0 0 0 0 0 0 0 0 2 0 0 0 0 4 0 0 0 0 0 2 0 0 4 0 0 4 0 0 0 0 0 1 14 0 20 23 0 12 0 30 14 0 8 1 27 0 59 0 16 0 1 0 0 13 0 0 0 0 0 0 0 12 2 0 0 0 0 21 1 0 0 0 16 1 0 0 0 0 2 0 0 2 0 0 0 0 0 0 0 0 0 0 0 0 0 0 0 0 0 0 0 0 0 0 0 0 0 0 0 0 0 0 0 0 4 2 0 9 87 13 4 0 0 0 0 0 0 0 0 1 0 0 0 0 0 0 0 0 0 0 0 0 0 0 0 0 15 0 0 0 0 0 0 0 0 0 0 0 0 
 339 80 63 93 513 194 330 27 186 328 207 162 65 48 133 645 0 294 183 44 2 0 0 1 0 0 0 3 0 0 3 1 4 75 73 0 0 3 3 77 0 0 0 65 37 0 3 0 0 0 0 0 0 0 0 2 2 0 0 0 2 0 0 1 0 3 0 0 0 3 0 0 3 3 0 0 3 0 0 0 9 49 57 14 10 0 0 15 0 7 15 30 0 75 56 22 31 0 18 0 19 0 0 0 1 0 0 0 0 0 0 0 10 16 20 0 0 0 0 44 0 0 0 0 0 0 0 0 0 0 0 0 0 0 0 0 0 0 0 0 0 0 0 25 0 2 0 0 0 2 0 0 0 0 0 23 2 1 0 0 0 0 0 28 20 8 14 0 0 0 25 16 0 11 0 12 7 11 2 14 0 1 0 0 0 0 10 0 0 0 0 0 33 0 0 0 1 0 18 28 0 0 0 10 0 0 0 0 0 0 0 0 0 0 0 0 0 0 0 0 0 0 0 0 0 0 0 0 0 0 0 0 0 0 0 0 0 0 1 0 0 0 0 0 0 0 1 0 2 177 23 2 0 0 0 0 0 0 0 0 0 0 0 0 0 0 0 0 0 0 0 0 0 0 0 0 0 0 0 0 0 0 0 0 0 0 0 0 0 0 
 77 262 56 126 135 204 92 37 33 258 150 95 39 119 51 46 294 0 15 19 1 0 0 1 0 0 139 3 0 1 3 2 83 0 0 0 0 3 3 0 0 0 0 1 0 8 3 0 0 0 0 0 0 0 0 2 2 0 2 0 1 0 0 1 0 3 0 0 2 2 0 0 3 3 0 0 9 0 0 0 48 0 1 2 60 43 0 2 0 24 8 37 0 0 53 14 38 22 0 0 30 0 0 0 0 0 0 0 0 0 15 0 11 0 1 0 0 0 21 49 0 0 0 0 0 0 0 0 0 0 0 0 0 0 0 0 0 0 0 12 1 0 0 0 5 1 0 0 0 0 0 0 0 5 0 0 1 0 0 6 0 22 5 76 19 0 0 0 38 1 19 27 16 2 14 14 47 12 0 0 16 15 0 1 0 0 11 0 0 6 0 0 20 34 13 3 0 15 13 51 0 0 0 0 0 0 0 0 11 2 0 0 2 0 0 0 0 0 0 0 0 0 0 0 0 0 0 0 0 0 0 0 0 0 0 0 0 0 0 0 0 0 0 0 0 2 86 0 4 0 0 6 10 0 0 0 0 1 0 0 0 0 0 0 0 0 0 0 0 0 0 0 0 0 0 2 0 0 0 0 0 0 0 0 0 0 0 0 0 0 
 77 231 41 122 76 92 223 120 178 164 123 130 249 189 111 122 183 15 0 331 0 0 2 0 0 0 4 3 0 0 0 0 2 0 0 1 0 3 5 2 0 0 0 0 0 0 0 0 0 0 0 0 0 0 0 2 2 0 0 0 2 0 0 0 0 3 0 0 0 4 0 0 3 3 0 0 3 0 0 0 33 18 6 0 0 0 11 64 7 0 25 0 11 30 1 0 10 0 39 0 0 0 0 0 0 0 0 0 0 0 0 20 0 0 40 0 0 0 0 0 0 0 16 0 0 0 14 0 0 0 0 0 2 0 0 0 0 0 0 0 0 0 2 23 0 0 0 1 0 4 19 0 0 0 0 2 0 0 0 0 40 20 0 10 0 7 11 0 1 0 1 0 13 24 16 0 0 0 19 18 0 0 0 0 0 0 0 0 0 0 0 0 0 0 0 0 12 0 0 0 0 0 0 10 0 0 0 0 0 0 0 2 0 0 0 0 2 0 0 0 0 0 0 0 0 2 0 0 0 2 0 0 0 0 0 0 0 0 0 0 0 0 0 0 0 2 0 2 0 0 0 9 0 0 0 0 0 0 0 0 0 0 0 0 0 0 0 0 0 0 0 0 0 0 0 0 0 0 0 0 19 0 0 0 0 0 0 0 0 0 
 37 270 35 218 62 343 189 125 51 79 163 31 96 163 181 122 44 19 331 0 0 0 2 0 0 0 0 3 0 0 0 0 4 0 0 0 0 3 3 2 0 0 0 1 0 0 3 0 0 0 0 0 0 0 0 2 2 0 0 0 1 0 0 0 0 3 0 0 0 2 0 0 3 3 0 0 3 0 0 0 10 1 0 5 13 0 27 1 32 0 2 0 0 0 9 1 7 15 1 19 0 0 0 0 0 0 0 0 0 0 0 0 0 0 1 0 0 0 0 3 0 0 0 0 0 0 0 0 0 0 0 0 0 0 0 0 0 0 0 0 0 0 0 0 0 0 0 0 1 1 0 0 0 0 0 0 0 0 0 0 0 0 7 0 0 0 23 15 1 0 1 0 86 25 14 0 1 7 25 25 0 0 0 0 0 0 0 0 0 0 0 0 0 0 14 0 0 0 0 0 0 0 0 0 0 0 0 0 0 0 0 0 0 9 0 0 0 0 0 0 0 0 0 0 0 0 0 0 0 0 0 0 0 0 0 0 0 0 0 0 0 0 0 0 0 2 0 0 0 1 0 20 22 0 0 0 0 0 0 0 0 0 0 0 0 0 0 0 0 0 0 0 0 0 0 0 0 0 0 0 0 0 0 0 0 0 0 0 0 0 
 0 77 0 0 33 90 98 3 0 75 0 74 0 0 0 0 2 1 0 0 0 122 170 87 36 44 136 61 171 71 361 60 185 347 174 452 117 31 90 163 1 1 1 2 1 0 1 3 0 0 0 0 3 0 9 0 2 0 0 67 11 0 0 2 0 1 0 0 0 0 0 0 0 2 0 3 0 0 2 0 0 0 0 0 0 7 0 0 0 0 0 34 0 0 3 0 0 0 0 0 13 0 0 13 13 9 31 12 58 43 13 0 38 53 4 17 38 11 0 0 0 0 0 2 0 0 22 0 0 1 0 18 22 0 0 0 0 0 0 0 0 0 0 0 0 0 0 2 1 0 0 11 0 3 0 0 0 0 0 0 1 0 0 0 0 0 0 0 0 0 0 0 0 0 0 0 0 33 0 0 46 14 18 2 0 0 14 19 29 21 0 10 22 0 33 16 34 20 0 0 0 0 0 0 0 0 0 0 0 0 0 0 0 2 0 0 0 0 0 0 0 0 0 0 0 0 0 0 0 0 0 0 0 0 0 0 0 0 0 0 0 11 21 0 0 0 0 0 0 0 0 0 0 0 2 1 1 77 0 0 17 2 0 0 0 0 0 0 0 0 0 0 0 0 0 0 52 0 0 0 0 16 0 0 0 12 0 0 0 0 
 0 0 0 0 1 0 0 0 0 0 2 76 0 0 0 12 0 0 0 0 122 0 256 344 112 97 347 106 126 50 484 50 135 118 216 526 145 254 35 43 7 2 0 2 2 34 1 8 0 10 0 0 3 0 0 0 0 0 0 0 5 0 0 1 0 0 0 0 0 0 0 0 0 3 0 3 0 0 2 0 0 0 0 0 0 0 0 0 0 0 0 0 0 0 2 0 0 0 0 0 14 0 43 14 14 34 0 19 2 69 13 0 11 30 0 25 5 34 1 0 0 0 0 0 0 0 5 0 0 0 0 20 11 14 0 3 0 0 18 0 0 0 0 0 0 0 2 0 0 0 0 0 0 0 1 0 1 0 0 0 8 0 0 0 2 1 0 0 0 0 0 0 0 0 0 0 0 0 0 0 37 14 26 33 12 13 11 26 31 2 0 16 13 9 35 1 13 29 0 7 0 0 0 0 0 0 17 0 12 0 0 0 0 0 0 0 0 0 3 0 0 1 0 0 0 0 0 0 0 2 0 0 0 0 0 0 0 0 0 0 0 0 0 0 0 0 0 0 0 0 0 0 0 0 0 2 1 119 0 0 0 38 0 0 0 0 2 0 0 0 0 2 0 0 0 0 76 12 0 0 0 9 1 0 0 12 0 0 0 0 
 0 0 209 2 0 75 2 0 0 0 0 48 0 1 0 0 0 0 2 2 170 256 0 167 59 89 140 197 178 63 178 100 279 128 177 132 197 127 174 80 0 6 0 1 0 0 64 3 0 0 0 0 3 0 0 0 0 0 83 2 1 0 0 0 0 0 0 0 0 8 0 0 0 3 0 3 0 0 2 0 0 0 0 0 0 5 0 0 0 0 0 2 0 0 0 0 0 0 0 0 8 23 15 13 2 39 18 10 22 0 13 11 0 9 0 25 7 11 10 0 0 0 0 0 0 0 0 11 43 0 0 3 1 0 12 24 0 14 17 26 1 0 7 0 0 0 0 0 0 0 0 0 0 0 0 0 2 0 0 0 0 0 4 0 0 19 0 3 0 0 0 0 0 0 1 0 0 0 2 0 3 13 12 14 39 36 15 9 11 14 14 10 19 15 15 0 6 13 0 0 13 3 1 0 0 0 6 23 0 0 0 0 0 0 1 0 0 0 0 0 0 0 0 0 0 0 0 0 0 0 0 0 0 0 1 0 0 0 0 0 0 0 0 0 0 0 0 1 0 0 0 0 0 0 7 0 0 79 74 0 0 0 0 0 1 0 0 0 0 0 0 0 0 0 0 0 0 0 0 0 0 0 0 0 0 6 0 0 0 0 
 0 0 1 0 0 1 0 0 0 2 0 0 0 0 1 0 1 1 0 0 87 344 167 0 106 125 57 215 192 174 126 335 73 353 68 397 359 459 53 493 87 66 0 0 0 0 1 45 2 1 0 0 12 41 0 0 22 0 129 58 0 0 0 1 5 0 0 3 0 0 0 0 0 3 9 4 0 0 2 0 0 24 0 0 0 0 0 0 0 0 0 0 0 0 0 0 0 0 0 0 8 25 26 0 41 27 0 15 0 12 14 42 0 0 0 22 2 16 0 0 21 10 0 0 3 0 0 51 0 0 1 0 8 23 16 10 0 0 51 12 0 0 0 0 2 0 0 0 0 0 0 0 0 0 0 0 0 0 0 22 0 0 1 0 0 1 2 2 0 2 0 0 11 0 0 0 0 0 0 3 0 12 18 23 18 30 0 9 58 8 22 20 0 0 7 0 10 6 0 0 12 16 32 0 0 0 14 0 0 0 0 0 0 27 19 0 0 0 25 6 0 0 0 0 0 0 0 3 0 0 0 0 0 0 0 0 0 0 0 0 0 0 0 0 0 0 0 0 0 0 0 0 0 0 3 1 0 80 2 2 4 0 0 0 0 0 13 0 0 0 0 0 0 0 0 0 0 0 0 14 0 0 0 1 27 0 0 0 0 0 
 2 0 1 0 0 0 0 0 0 0 0 0 0 0 0 0 0 0 0 0 36 112 59 106 0 215 31 145 61 155 107 120 66 120 153 333 44 104 42 124 78 64 0 0 0 0 1 64 109 3 0 2 66 1 202 0 0 66 68 63 0 0 0 1 0 0 0 2 53 0 0 0 0 3 0 3 0 0 2 0 0 0 0 0 0 0 0 0 0 0 0 0 0 0 0 0 2 0 0 0 0 9 10 11 10 1 0 0 0 0 0 0 0 0 0 11 0 0 0 0 2 0 9 0 57 0 21 1 29 0 0 1 37 36 14 17 23 1 0 27 0 0 0 0 0 0 0 0 0 0 0 0 0 0 0 0 0 0 0 0 0 0 0 2 0 0 1 0 0 1 0 0 0 0 0 0 0 0 3 1 0 0 1 0 8 23 18 0 1 12 0 0 0 0 0 0 1 10 0 0 3 18 0 5 0 0 40 0 15 28 17 1 13 0 106 3 17 2 24 4 0 0 0 0 0 0 0 0 0 0 0 0 0 0 0 0 0 0 0 0 0 0 1 0 0 0 0 0 0 0 0 0 0 0 1 0 1 0 2 2 6 17 0 0 0 0 0 0 0 0 0 0 0 10 0 0 0 0 0 0 0 7 1 2 0 2 0 0 0 0 
 0 1 1 2 1 0 0 0 0 0 0 2 1 0 0 0 0 0 0 0 44 97 89 125 215 0 56 125 85 47 96 39 43 62 138 88 92 144 35 91 61 2 82 0 0 0 2 4 29 0 0 1 3 0 64 1 0 0 0 0 0 0 0 1 0 0 0 0 0 4 0 0 2 3 0 8 0 0 2 52 0 0 0 29 0 0 0 0 0 11 0 0 0 2 23 0 0 0 0 2 0 10 6 27 7 1 0 1 20 1 25 27 0 0 0 25 19 1 0 0 0 0 8 0 0 0 0 0 32 0 11 0 9 12 0 0 18 9 14 0 0 0 0 0 0 0 0 0 0 0 0 0 0 0 0 0 0 0 0 35 0 0 18 28 0 0 0 5 0 0 0 0 0 0 0 0 2 0 0 0 0 0 9 3 24 25 13 0 0 20 15 0 0 1 1 10 15 0 0 0 26 17 0 12 0 0 7 0 2 0 0 1 11 0 0 1 12 24 1 21 0 0 0 0 0 0 0 0 0 0 0 1 0 0 0 0 0 1 0 0 0 0 1 0 0 0 0 0 0 0 0 0 0 1 8 0 2 11 79 0 4 7 3 0 3 0 0 0 0 0 0 0 0 0 0 0 0 0 0 0 0 0 0 0 2 0 20 24 0 0 
 0 0 72 0 114 24 0 0 0 0 0 0 0 1 5 2 0 139 4 0 136 347 140 57 31 56 0 148 58 180 159 119 254 153 33 245 85 40 37 43 0 2 0 1 0 1 2 3 0 0 0 0 3 0 2 0 0 0 0 0 5 0 0 1 0 0 0 0 0 0 0 0 0 3 0 11 0 0 2 0 0 0 0 0 18 16 0 0 0 13 0 0 0 0 0 0 13 1 0 0 34 16 0 10 10 0 33 9 29 16 15 17 24 36 18 1 21 14 1 5 0 0 0 0 0 0 0 0 0 0 0 0 14 0 0 0 0 0 0 0 0 0 0 0 3 1 0 0 0 0 2 0 0 1 0 1 0 0 10 0 0 0 0 24 0 0 0 0 13 0 0 11 0 0 0 13 10 7 0 0 33 31 8 0 14 0 2 17 0 24 0 0 0 34 55 58 40 0 22 18 0 0 0 0 0 0 0 0 24 0 0 0 0 0 0 0 0 0 0 0 0 0 1 1 0 0 0 0 13 11 0 0 0 0 0 0 0 0 0 0 0 0 0 0 0 0 0 0 78 0 0 0 0 0 21 0 2 1 0 2 21 0 0 0 0 0 0 0 0 0 0 0 0 0 0 0 0 0 0 0 0 0 0 0 0 0 0 0 0 0 
 5 3 3 3 4 3 3 3 4 6 3 4 4 3 4 3 3 3 3 3 61 106 197 215 145 125 148 0 175 40 190 74 161 107 80 296 149 190 40 45 3 5 65 2 0 0 2 3 101 0 0 0 3 3 62 2 4 3 0 0 0 0 0 0 0 0 0 0 0 0 0 0 33 6 3 8 2 2 2 0 0 0 0 0 0 0 0 0 0 0 0 0 0 0 0 0 0 0 0 0 0 13 9 24 0 9 35 15 34 7 14 32 10 31 0 15 49 39 0 0 0 0 0 0 0 0 0 0 0 0 0 0 0 0 0 0 0 0 16 0 0 0 0 2 13 0 0 0 0 0 0 0 0 0 0 0 0 1 0 0 0 0 0 0 0 0 0 0 0 0 2 0 0 2 0 0 0 0 0 8 0 5 15 3 16 0 21 1 7 16 0 0 2 13 11 22 15 0 6 0 25 0 0 0 0 0 0 0 0 0 0 1 0 0 0 0 24 0 6 7 0 0 0 0 0 1 0 0 0 0 0 0 0 0 0 0 0 0 0 0 0 0 0 0 0 0 0 0 0 0 2 0 0 0 0 0 0 1 2 0 3 14 0 0 0 0 0 0 0 0 0 0 2 1 0 0 0 0 0 0 0 0 0 0 0 12 20 0 0 0 
 0 1 0 0 0 0 0 0 0 0 0 0 0 0 0 74 0 0 0 0 171 126 178 192 61 85 58 175 0 66 141 160 109 179 68 151 154 206 141 294 63 1 2 1 1 0 2 3 0 0 1 0 54 1 0 0 0 61 1 0 0 11 11 0 2 0 0 0 0 0 0 14 0 13 13 5 0 0 2 1 0 0 0 0 2 0 0 0 0 0 0 0 0 0 0 2 0 0 0 0 8 19 8 28 0 22 0 0 27 7 16 6 0 0 2 21 27 12 0 0 10 0 0 0 0 0 0 11 15 0 0 20 0 15 28 11 0 0 23 18 0 0 0 0 0 0 0 0 0 0 0 0 0 0 0 0 0 0 0 0 0 0 4 0 0 0 0 3 0 0 0 0 0 0 0 0 0 0 0 0 0 19 20 0 9 50 3 11 0 12 28 18 0 20 2 0 8 2 0 0 9 0 3 0 0 0 0 8 0 0 0 0 12 0 0 0 0 0 9 0 0 0 0 0 0 1 2 0 2 0 0 0 0 21 0 0 0 0 1 0 0 0 0 0 0 0 0 0 0 0 0 0 0 0 0 0 2 75 74 0 0 0 0 0 0 0 7 0 0 0 0 0 0 0 0 0 0 0 0 0 0 0 0 0 0 18 12 0 0 0 
 0 0 0 0 0 3 1 3 0 0 0 0 0 0 0 0 0 1 0 0 71 50 63 174 155 47 180 40 66 0 394 82 55 94 176 174 152 187 63 94 0 4 0 7 0 0 115 5 0 2 0 2 33 0 2 0 0 2 198 66 9 3 0 1 0 3 0 0 5 0 2 0 0 3 0 6 7 0 2 1 0 0 0 0 0 0 0 0 0 0 0 0 0 0 0 0 0 0 0 0 0 8 5 10 26 0 0 3 0 8 0 37 9 9 19 0 0 0 0 10 23 26 0 0 0 0 30 0 0 42 0 18 15 0 10 59 0 0 24 39 0 0 0 0 8 0 0 0 0 0 0 0 0 0 0 0 0 0 0 13 0 0 0 0 0 3 0 0 0 0 0 0 0 0 0 0 0 0 0 4 19 33 8 1 32 30 5 19 8 2 28 31 0 10 1 0 3 42 0 0 0 36 0 0 0 0 0 0 7 0 0 0 31 15 5 0 0 0 12 2 0 0 0 0 0 0 0 3 0 0 0 0 0 0 0 0 0 0 0 0 0 0 0 0 0 1 0 0 0 0 0 0 0 0 9 2 3 80 79 0 20 0 0 0 0 0 0 0 0 0 0 0 0 0 0 0 0 0 0 0 0 0 22 0 0 0 0 0 0 0 
 0 0 0 0 0 0 0 1 0 0 0 0 0 0 0 0 3 3 0 0 361 484 178 126 107 96 159 190 141 394 0 57 130 155 279 209 482 93 121 62 9 5 3 1 0 0 66 9 0 3 0 0 3 0 0 2 2 0 84 0 6 0 0 2 0 3 0 0 0 0 2 0 0 3 0 5 0 1 2 0 0 0 0 6 0 0 0 0 0 0 0 0 0 0 0 0 0 0 0 0 10 18 19 46 24 18 0 15 5 16 43 11 0 48 22 38 12 0 9 9 0 0 0 2 0 0 1 0 0 1 0 0 28 26 15 13 0 0 18 15 0 0 0 0 0 0 0 0 1 0 0 0 0 0 16 0 0 0 0 0 0 0 0 0 0 2 0 0 0 0 0 0 0 0 0 0 0 0 0 1 6 13 38 42 39 23 9 33 15 25 0 0 0 3 41 17 59 8 14 2 0 0 0 0 1 0 9 0 1 0 0 0 0 2 0 0 0 0 11 0 0 0 0 0 0 0 0 0 0 0 0 0 0 0 0 0 0 0 0 0 0 0 0 0 0 0 0 0 0 0 0 0 0 0 10 7 0 96 1 2 7 4 0 0 0 62 0 0 0 0 0 0 0 0 0 0 0 0 0 0 0 0 0 0 0 13 0 0 0 0 
 0 0 0 0 0 0 0 0 0 74 0 2 0 0 0 0 1 2 0 0 60 50 100 335 120 39 119 74 160 82 57 0 41 29 115 39 175 190 135 56 0 60 0 0 0 0 2 3 0 4 0 0 3 0 0 0 69 0 0 71 0 0 0 3 0 1 0 0 0 2 0 0 0 5 0 9 0 4 2 0 0 0 0 0 0 0 0 0 0 0 0 0 0 0 0 0 0 0 0 0 0 0 0 27 2 9 0 1 22 1 14 10 0 1 21 22 31 0 15 17 10 12 0 1 0 0 26 17 2 0 0 0 7 0 0 18 0 0 0 47 0 0 0 0 0 0 0 0 2 0 0 0 0 0 0 0 0 0 0 0 0 0 3 0 0 0 0 0 1 0 0 0 0 0 0 0 0 0 0 1 0 0 38 16 13 0 9 21 9 0 10 0 0 0 9 14 29 2 0 0 0 0 19 0 0 0 0 6 1 0 0 0 0 18 3 0 0 18 5 20 0 0 16 0 0 0 0 0 0 0 0 0 0 0 0 0 0 0 0 0 0 0 0 0 0 0 0 0 0 0 0 0 0 0 6 0 1 2 76 3 0 1 0 0 0 0 0 0 0 0 0 0 0 0 0 0 0 0 0 0 0 2 13 0 2 18 19 0 0 0 
 2 2 77 2 24 4 2 77 2 283 2 3 203 2 77 76 4 83 2 4 185 135 279 73 66 43 254 161 109 55 130 41 0 248 179 131 705 38 536 65 1 2 0 63 0 0 3 3 0 0 0 3 3 0 3 3 2 2 0 2 0 0 0 4 0 0 0 3 0 0 0 0 1 3 0 3 3 0 4 0 0 0 32 1 40 5 0 0 0 17 0 12 0 0 0 0 9 0 0 0 25 24 8 21 2 16 0 8 3 14 10 0 0 2 36 10 27 10 44 31 0 0 0 0 0 9 0 0 0 0 0 0 0 0 6 0 0 0 0 0 0 0 0 0 7 0 0 0 0 0 1 0 0 4 0 0 52 0 0 0 0 0 0 0 12 25 0 0 20 0 11 26 0 0 0 56 22 12 0 1 0 18 1 10 12 0 10 35 0 0 0 24 2 17 0 6 37 0 10 21 0 0 0 0 0 0 1 0 0 0 0 0 0 0 0 0 0 0 0 0 0 0 0 0 0 0 0 0 0 0 0 0 0 0 0 0 0 0 0 0 0 0 0 0 0 0 0 0 0 0 0 0 0 0 19 0 2 76 1 1 2 2 0 0 0 0 0 0 0 0 0 0 0 0 0 0 0 19 0 0 0 0 0 0 0 0 0 0 0 0 
 0 0 0 0 0 148 0 0 0 36 0 76 0 0 0 2 75 0 0 0 347 118 128 353 120 62 153 107 179 94 155 29 248 0 197 68 56 43 144 172 0 2 0 57 1 0 0 8 0 0 0 0 3 0 0 0 0 0 0 0 0 0 0 1 0 0 0 2 1 0 4 0 0 3 0 3 0 2 2 0 0 0 0 0 20 0 0 0 0 13 2 9 0 0 0 0 0 0 0 0 32 23 21 10 25 10 10 9 6 0 19 0 1 0 13 13 23 23 24 0 0 0 0 0 0 0 0 0 0 0 0 0 0 46 2 0 0 0 11 0 0 0 1 0 0 0 0 0 0 0 0 4 0 0 0 0 0 0 0 0 10 0 0 18 18 10 0 0 0 0 14 11 0 0 0 0 0 1 0 0 1 17 9 15 21 0 1 39 0 3 0 35 9 10 25 1 9 0 0 29 0 0 2 0 0 2 12 0 9 0 0 0 0 0 0 0 1 0 0 0 0 0 0 0 0 0 0 0 2 0 0 0 8 0 0 0 0 0 0 0 0 0 0 0 0 0 0 0 0 0 0 0 0 0 0 2 0 0 0 0 4 0 0 0 0 0 0 0 0 0 0 0 0 0 0 0 0 0 0 0 0 11 0 0 0 1 0 0 0 0 
 0 0 0 0 61 73 3 2 0 0 0 1 0 0 0 0 73 0 0 0 174 216 177 68 153 138 33 80 68 176 279 115 179 197 0 696 42 39 348 164 0 63 0 1 1 0 2 0 0 0 0 0 0 0 7 0 0 62 3 0 4 0 0 0 0 0 0 0 0 0 0 0 0 0 0 0 0 0 0 0 0 0 0 0 0 4 0 0 0 0 0 24 0 0 0 0 0 0 0 0 0 6 16 25 11 24 1 19 0 22 19 0 19 39 28 11 0 0 47 0 0 0 0 0 0 0 0 0 0 0 0 8 12 0 0 4 0 0 0 6 0 2 0 0 0 0 0 0 0 0 0 0 0 0 0 0 0 0 0 0 1 0 0 0 0 22 0 0 0 0 0 0 0 0 0 0 0 1 0 0 7 13 0 34 3 4 0 31 1 24 0 12 3 23 11 32 21 11 2 1 0 0 0 0 0 0 8 0 0 0 0 0 0 15 0 0 0 0 0 0 0 0 0 0 0 0 0 0 0 0 0 0 0 0 0 0 2 0 0 0 0 9 6 0 0 0 0 0 0 0 0 0 0 0 6 0 1 119 0 2 0 21 0 0 0 0 0 0 0 0 0 0 0 0 0 0 0 0 0 0 0 0 0 0 0 1 0 0 0 0 
 0 0 2 0 0 0 0 2 0 0 0 0 0 2 1 0 0 0 1 0 452 526 132 397 333 88 245 296 151 174 209 39 131 68 696 0 294 50 101 303 0 2 4 1 2 1 2 5 0 0 0 0 3 0 0 3 0 0 0 0 5 0 0 2 0 50 0 0 0 0 2 0 0 2 0 3 0 0 2 0 0 0 0 0 0 0 0 0 0 0 22 0 0 0 0 0 0 1 0 21 8 18 24 0 7 11 13 10 2 0 23 20 0 0 0 22 44 43 11 0 0 0 0 0 0 0 0 0 0 0 0 0 14 7 0 9 0 0 11 0 0 0 0 0 0 0 0 0 0 0 1 0 0 0 0 1 0 0 0 0 7 0 0 2 0 0 0 0 5 0 0 0 0 0 0 0 0 0 0 0 22 67 10 26 25 0 22 53 0 29 0 33 0 0 23 11 37 9 0 32 0 0 0 0 0 0 10 0 0 0 0 0 0 0 0 0 0 0 0 0 0 0 1 1 0 0 0 0 0 0 0 0 7 0 0 0 0 0 0 0 0 0 0 0 0 0 0 0 0 0 0 0 0 0 7 2 2 1 0 1 3 13 0 0 0 0 0 0 0 0 0 0 0 0 0 0 0 0 0 19 0 0 0 0 0 0 0 0 0 0 
 6 0 1 0 0 0 0 2 0 1 0 0 0 0 75 0 0 0 0 0 117 145 197 359 44 92 85 149 154 152 482 175 705 56 42 294 0 321 306 54 63 1 9 0 2 3 32 4 0 0 3 3 31 0 4 0 4 9 30 0 0 0 0 2 2 1 0 0 1 2 0 11 0 2 2 3 0 0 2 1 0 0 0 0 0 0 0 0 0 0 0 0 0 2 0 0 0 0 0 2 0 1 17 31 11 29 23 0 41 8 13 38 0 19 9 30 3 8 0 0 10 0 0 0 0 0 0 0 20 0 0 0 0 12 22 23 0 0 26 7 0 0 0 0 0 0 0 0 0 0 0 0 0 0 0 0 0 0 0 0 0 0 6 0 0 0 0 6 0 0 0 0 0 0 0 0 2 0 0 0 1 0 20 23 6 44 7 0 11 16 25 0 0 11 7 0 17 9 0 0 12 11 1 0 0 0 6 11 2 0 0 0 8 0 0 0 0 0 8 0 0 0 0 0 0 0 0 1 0 0 0 1 0 0 0 0 0 0 0 0 0 0 1 0 0 0 0 0 0 0 0 0 0 0 1 2 2 150 74 1 1 2 0 0 0 0 7 0 0 0 0 0 0 0 0 0 0 0 0 0 0 0 0 0 0 17 13 0 0 0 
 3 3 3 3 3 68 3 6 3 7 3 5 4 3 5 3 3 3 3 3 31 254 127 459 104 144 40 190 206 187 93 190 38 43 39 50 321 0 27 53 23 3 0 0 0 0 122 89 208 75 208 0 85 62 0 0 0 0 189 88 0 0 19 1 20 0 0 5 0 0 0 5 0 3 6 4 0 0 2 0 0 0 0 0 0 0 0 0 0 0 0 0 0 0 0 0 0 0 0 0 1 12 1 15 32 15 0 4 0 18 9 35 0 1 0 12 0 0 0 1 28 11 10 0 0 0 42 20 0 23 0 2 0 13 20 37 0 0 52 53 0 0 0 1 0 0 2 0 0 0 0 0 0 0 0 0 1 0 0 0 0 0 2 0 2 0 0 7 0 0 2 0 0 1 0 0 0 0 0 7 0 18 18 3 27 34 0 0 16 17 49 10 0 0 3 0 0 27 0 0 17 13 21 0 0 0 0 20 10 0 0 0 35 1 1 0 0 0 38 0 0 1 0 0 0 0 0 3 0 0 0 0 0 0 0 0 0 0 0 7 0 0 0 0 0 0 1 0 0 0 0 0 0 0 3 3 1 40 45 7 1 0 0 0 0 0 7 0 0 0 0 3 0 0 0 0 0 0 0 0 0 11 0 0 0 0 0 0 0 0 
 3 207 6 77 149 41 3 20 4 78 76 4 3 81 24 14 3 3 5 3 90 35 174 53 42 35 37 40 141 63 121 135 536 144 348 101 306 27 0 242 3 0 0 2 1 6 0 0 63 1 0 0 0 0 8 0 0 0 0 0 0 0 3 0 0 0 0 0 0 0 0 0 1 0 3 0 0 3 0 0 1 0 11 1 14 37 1 0 0 11 0 29 0 0 0 0 0 0 0 0 0 12 10 20 10 7 26 16 0 21 9 0 36 17 12 11 0 0 19 0 0 0 0 0 0 0 0 0 0 0 0 20 0 0 0 0 0 0 0 0 0 0 0 0 6 0 0 1 0 0 2 0 0 2 0 0 3 0 0 0 4 0 0 0 18 30 0 5 29 0 8 0 0 0 0 11 0 7 0 0 5 2 1 2 0 0 7 46 68 16 0 14 32 12 26 17 33 22 0 20 0 0 22 0 0 0 0 0 0 0 0 0 0 0 0 0 0 0 0 0 0 0 0 0 0 0 0 0 0 0 0 0 0 0 0 0 0 0 0 0 0 14 22 0 0 0 74 0 0 0 0 0 0 2 2 0 0 115 0 0 2 0 0 0 0 0 0 0 0 0 0 0 0 0 0 0 0 6 0 0 0 0 0 0 0 12 0 0 0 0 
 1 1 1 2 103 90 2 64 3 62 3 1 2 2 2 4 77 0 2 2 163 43 80 493 124 91 43 45 294 94 62 56 65 172 164 303 54 53 242 0 0 3 21 0 62 2 2 3 0 67 0 0 3 0 8 0 64 0 0 0 0 0 0 0 0 0 0 0 0 0 0 0 0 3 0 3 0 0 2 0 0 0 2 17 0 24 0 0 0 0 0 59 0 0 0 7 0 0 0 0 0 14 10 14 0 0 53 14 1 1 13 0 65 38 4 0 23 24 11 0 0 0 0 0 0 0 0 0 0 0 0 1 0 0 0 0 0 0 0 0 0 0 0 0 0 0 0 0 0 0 9 4 0 0 0 0 0 0 0 0 0 0 0 0 0 11 0 0 0 0 0 0 0 0 0 0 0 0 0 0 10 0 7 0 0 0 8 0 8 12 0 12 25 11 7 30 13 0 0 0 0 0 0 0 0 0 0 18 0 9 0 0 0 0 0 0 2 0 0 0 0 0 0 0 0 0 0 0 1 0 0 0 0 0 0 0 0 0 1 0 0 10 19 0 0 0 0 0 0 4 0 0 0 0 3 2 0 2 0 1 2 0 0 0 0 0 0 0 0 0 0 0 0 0 0 0 0 0 0 0 0 8 0 0 0 0 0 0 0 0 
 0 0 0 0 0 0 0 59 0 2 0 0 0 0 0 0 0 0 0 0 1 7 0 87 78 61 0 3 63 0 9 0 1 0 0 0 63 23 3 0 0 337 114 219 39 261 51 128 231 65 46 254 125 284 395 114 88 42 47 401 0 3 26 0 8 4 0 5 0 2 0 3 0 0 9 0 1 0 0 2 0 0 0 0 0 0 0 0 0 0 0 0 0 0 0 0 0 0 0 0 0 0 15 0 21 4 0 9 5 3 0 0 0 0 0 6 0 0 15 0 23 12 1 1 25 1 2 35 17 5 10 0 5 67 27 25 1 31 10 6 11 0 0 0 0 0 19 0 0 0 0 0 0 0 0 0 0 0 8 8 0 0 0 0 0 1 0 0 1 0 0 0 0 0 0 0 0 0 0 0 0 0 4 5 2 21 0 0 4 0 19 0 0 0 2 0 7 4 0 0 1 11 30 20 0 9 27 32 5 0 27 43 30 12 8 26 31 1 13 1 0 0 0 0 0 0 0 0 0 0 0 0 0 0 0 0 0 0 0 0 0 0 0 0 0 0 0 0 0 0 0 2 0 1 0 1 0 0 0 0 0 0 1 0 67 2 16 0 0 0 0 0 0 0 0 0 0 0 0 0 0 6 1 0 0 0 0 11 0 0 
 0 0 0 0 0 0 0 2 0 0 0 0 0 0 0 0 0 0 0 0 1 2 6 66 64 2 2 5 1 4 5 60 2 2 63 2 1 3 0 3 337 0 117 305 153 28 62 198 122 103 42 89 37 46 148 68 232 357 248 270 0 0 0 0 0 0 0 32 2 0 0 0 2 0 0 0 0 2 0 0 0 0 0 0 0 0 0 0 0 0 0 0 0 0 0 21 0 0 0 0 0 0 0 0 1 1 0 7 0 0 0 1 0 0 0 0 0 0 0 0 7 10 4 16 22 3 8 4 0 0 12 0 10 13 3 3 6 25 1 22 0 0 0 0 0 0 22 0 0 0 0 0 10 0 0 0 0 0 9 0 0 0 21 0 0 0 0 0 0 0 0 0 0 0 0 0 0 0 1 0 0 0 0 0 0 0 0 0 0 0 0 0 0 0 0 1 0 0 0 0 8 22 14 14 11 3 31 6 5 16 43 1 13 10 22 24 16 20 0 17 0 0 0 0 0 0 11 0 0 0 0 0 1 0 0 0 0 0 0 0 0 0 0 0 5 0 0 0 0 0 0 9 0 1 0 0 0 0 0 1 0 0 67 0 0 0 0 64 0 0 0 0 0 0 0 0 0 0 0 0 0 4 0 0 17 3 0 0 0 0 
 0 0 0 0 0 0 0 0 0 0 0 0 2 0 0 6 0 0 0 0 1 0 0 0 0 82 0 65 2 0 3 0 0 0 0 4 9 0 0 21 114 117 0 123 292 121 71 153 217 210 56 90 76 139 107 346 159 36 23 104 0 0 0 0 0 0 206 0 0 29 0 0 5 0 0 0 0 0 16 0 0 0 0 0 0 0 0 0 0 0 0 0 0 0 0 0 0 0 0 0 0 0 0 0 0 0 0 0 0 0 0 0 0 0 0 0 0 0 0 0 0 12 57 10 0 72 0 0 18 16 11 0 0 9 36 0 16 17 0 0 0 0 0 0 0 2 9 0 0 0 0 0 0 6 7 0 0 6 16 53 0 0 0 0 0 0 0 0 0 0 0 0 0 0 0 0 0 0 0 0 0 0 0 0 0 0 0 0 0 0 0 5 0 0 0 0 0 0 0 0 20 9 8 14 10 15 12 19 0 21 15 10 4 10 0 26 21 4 0 1 11 39 0 12 0 0 0 0 2 0 0 0 20 0 25 0 0 0 13 8 0 0 0 0 0 0 0 0 0 0 0 1 0 2 0 0 0 0 0 0 0 0 36 4 71 8 2 0 0 0 19 0 0 0 0 0 0 0 0 0 0 0 0 0 5 0 0 24 0 0 
 1 0 2 0 6 4 2 2 0 27 0 64 63 1 1 0 65 1 0 1 2 2 1 0 0 0 1 2 1 7 1 0 63 57 1 1 0 0 2 0 219 305 123 0 164 35 130 338 53 68 302 94 259 208 72 197 54 107 57 66 0 53 0 4 0 2 0 52 3 0 2 0 54 52 0 0 4 3 2 25 0 1 0 0 7 0 0 0 0 8 0 11 0 0 0 0 3 0 0 0 14 0 0 0 0 0 0 0 0 0 0 0 0 0 7 0 0 0 11 0 19 32 0 3 42 1 0 20 6 6 29 5 0 0 0 0 30 22 0 0 0 0 0 0 0 0 0 0 0 0 0 0 17 0 0 0 0 0 0 0 0 0 0 1 6 5 0 0 3 0 15 21 0 0 0 4 0 4 0 0 0 0 0 0 0 0 13 0 0 0 0 0 0 0 1 0 0 0 0 11 0 8 10 0 29 8 0 7 8 5 6 17 0 0 8 11 0 7 0 10 0 0 0 0 0 0 19 1 0 0 0 0 16 16 0 0 0 11 25 7 0 0 0 0 0 0 0 0 0 1 0 7 0 0 0 0 0 1 0 15 0 0 0 0 2 0 0 3 2 0 1 0 0 0 0 0 0 0 0 0 0 0 0 0 1 0 0 0 0 0 
 0 0 0 0 33 62 0 0 0 82 0 1 0 0 0 0 37 0 0 0 1 2 0 0 0 0 0 0 1 0 0 0 0 1 1 2 2 0 1 62 39 153 292 164 0 344 43 118 137 126 152 74 78 101 303 158 142 49 47 63 0 0 0 0 21 0 2 60 78 0 0 0 43 0 2 0 0 0 8 51 0 0 19 14 0 0 0 0 12 1 0 1 0 0 1 1 0 0 0 0 0 0 0 0 0 0 0 0 0 0 0 0 9 14 0 0 0 0 0 0 0 0 11 0 0 31 0 0 4 10 6 14 0 0 0 0 0 24 0 0 11 0 0 0 0 0 24 0 0 6 0 0 0 0 40 0 0 0 0 18 0 0 0 0 0 0 0 0 0 0 0 0 0 0 0 0 3 1 0 0 0 0 0 0 0 0 1 0 0 0 0 0 0 0 0 0 0 1 1 0 32 0 0 0 47 24 0 0 0 8 6 0 0 32 0 0 10 0 0 0 18 0 2 10 0 0 16 1 0 0 0 0 18 0 12 0 0 7 95 0 0 0 0 0 0 0 0 0 0 63 0 9 0 0 0 0 0 0 0 1 0 0 1 3 2 2 2 4 0 0 14 0 0 0 0 0 0 0 0 0 0 0 0 0 0 0 0 0 0 0 
 1 0 10 0 47 2 0 1 0 0 0 1 0 1 0 0 0 8 0 0 0 34 0 0 0 0 1 0 0 0 0 0 0 0 0 1 3 0 6 2 261 28 121 35 344 0 27 98 71 175 91 103 247 547 64 402 71 111 253 55 1 0 0 1 0 2 1 3 56 5 0 0 66 1 55 5 3 28 86 60 0 0 0 0 7 3 0 0 1 0 0 20 0 0 0 0 0 0 0 0 0 0 17 0 0 0 0 0 0 0 0 0 2 0 1 14 0 0 8 4 0 0 24 49 0 11 0 0 13 18 4 0 41 0 0 0 10 19 0 0 11 0 0 0 0 0 0 1 0 10 0 0 0 0 0 9 0 14 0 15 0 0 1 0 4 0 0 0 3 0 0 5 0 9 8 1 0 0 0 0 7 0 0 0 0 0 21 0 0 0 0 0 3 0 0 0 0 0 1 18 0 0 0 14 10 1 0 0 0 20 0 0 0 0 0 21 8 0 0 12 32 42 0 0 18 0 0 0 16 11 0 15 10 13 19 0 8 0 14 27 0 0 15 0 0 0 5 0 0 0 0 7 0 54 0 1 0 0 0 0 0 27 11 1 1 8 0 0 0 0 13 0 0 2 0 0 0 0 0 0 0 0 0 0 0 0 0 0 0 0 
 1 1 4 1 0 2 2 4 2 0 0 3 0 1 2 2 3 3 0 3 1 1 64 1 1 2 2 2 2 115 66 2 3 0 2 2 32 122 0 2 51 62 71 130 43 27 0 86 259 34 59 59 187 149 39 323 33 20 115 99 12 5 58 0 0 0 0 2 0 0 0 0 0 5 0 0 7 1 0 0 0 0 0 0 0 0 1 0 0 0 0 0 0 0 0 0 0 0 0 0 0 0 0 0 22 18 0 0 0 0 0 23 0 0 0 0 0 0 0 0 23 2 0 0 0 0 5 0 0 10 14 32 1 0 3 30 2 0 43 19 0 9 0 0 0 0 0 0 0 0 4 0 0 0 0 0 0 7 0 1 0 0 0 0 5 6 0 0 6 0 0 0 0 0 0 7 0 0 0 0 0 0 0 13 21 36 0 0 9 0 10 12 0 0 0 0 0 3 0 8 0 15 14 0 0 14 8 0 2 0 0 12 10 0 1 10 0 20 8 8 0 12 0 0 3 0 0 6 2 0 0 0 1 0 0 3 8 0 0 2 0 0 0 0 0 0 0 0 0 0 0 4 0 0 0 0 0 63 0 19 0 0 0 0 0 0 2 0 2 0 0 0 0 0 0 0 0 0 0 0 0 0 0 5 0 0 0 0 0 0 
 0 0 0 0 0 0 0 0 0 0 0 0 0 0 0 0 0 0 0 0 3 8 3 45 64 4 3 3 3 5 9 3 3 8 0 5 4 89 0 3 128 198 153 338 118 98 86 0 226 37 42 96 120 118 305 390 60 62 138 65 0 0 0 0 16 0 0 57 0 0 0 0 50 1 4 0 7 0 0 0 0 0 0 0 0 0 0 0 0 0 0 0 0 0 0 0 0 0 0 0 11 9 11 0 15 81 0 13 0 9 10 0 0 0 0 8 0 0 0 0 10 0 0 8 11 28 4 9 1 0 10 0 19 23 27 0 11 24 6 14 0 0 0 0 0 0 0 0 0 0 0 0 20 0 0 0 0 0 0 0 0 0 1 6 0 0 0 1 0 0 0 0 0 0 0 0 0 0 4 0 0 0 2 7 10 39 0 0 12 0 18 0 0 0 12 0 7 0 0 20 0 28 17 0 20 0 7 20 0 0 13 0 16 12 16 30 0 0 58 0 0 14 0 0 0 0 10 0 0 0 0 0 9 0 0 0 0 0 30 0 0 0 0 0 0 0 0 0 0 0 0 3 0 0 0 0 0 0 0 0 0 0 71 0 2 1 11 0 1 0 15 0 0 0 0 0 0 0 0 0 0 0 0 0 2 13 0 0 0 0 
 0 0 0 0 0 0 0 0 0 0 0 0 0 0 0 0 0 0 0 0 0 0 0 2 109 29 0 101 0 0 0 0 0 0 0 0 0 208 63 0 231 122 217 53 137 71 259 226 0 148 42 36 237 122 235 144 81 228 187 47 8 0 3 0 0 36 24 0 7 0 3 8 4 0 1 0 0 2 7 8 0 0 0 0 0 0 0 0 0 0 0 0 0 0 0 0 0 0 0 0 0 0 0 0 0 0 0 0 0 0 0 0 0 0 0 0 0 0 0 0 0 1 21 13 3 0 6 0 38 18 0 0 14 49 14 7 0 13 1 8 0 0 7 0 0 0 0 10 4 0 14 6 8 0 1 6 9 4 0 26 0 0 0 5 0 0 0 0 0 0 0 0 15 0 0 0 16 0 0 0 0 0 0 0 7 0 0 10 0 0 0 0 0 0 9 0 0 0 0 14 19 5 0 24 13 5 20 20 6 0 11 11 18 0 12 0 75 8 46 7 4 0 1 6 0 0 0 1 0 6 6 21 0 10 11 0 6 15 8 0 0 0 0 0 0 0 0 0 0 0 0 8 0 2 0 0 0 0 0 1 0 0 0 0 3 1 0 0 0 0 11 0 0 0 0 0 0 0 0 0 0 0 0 0 0 0 0 9 0 0 
 0 0 0 0 0 0 0 0 0 0 0 0 0 0 0 0 0 0 0 0 0 10 0 1 3 0 0 0 0 2 3 4 0 0 0 0 0 75 1 67 65 103 210 68 126 175 34 37 148 0 93 63 49 183 186 256 199 141 269 62 0 1 0 0 0 9 1 2 0 49 0 0 4 107 0 0 0 5 6 0 0 0 0 0 0 0 0 0 0 0 0 0 0 0 0 0 0 0 0 0 0 0 5 0 0 14 0 0 0 0 0 0 0 0 0 1 0 0 0 0 0 0 24 0 0 8 22 0 7 9 11 3 0 0 0 0 11 21 0 4 0 0 10 0 0 0 24 9 0 0 0 0 0 0 15 1 5 3 0 19 0 0 0 0 0 0 0 0 0 0 0 0 0 0 0 0 0 0 0 0 0 0 7 6 0 5 0 0 3 0 10 0 0 0 0 0 4 6 0 0 1 0 0 11 23 14 0 0 8 28 15 0 0 0 0 9 13 0 5 0 8 30 0 8 0 0 0 22 15 0 0 0 10 0 9 51 2 0 0 0 0 0 0 0 0 0 0 0 0 0 0 5 0 2 0 0 0 0 1 0 0 0 65 64 2 21 2 0 0 0 1 0 0 52 0 0 0 0 0 0 0 11 0 0 0 0 0 0 0 0 
 0 0 0 0 0 0 0 0 2 2 2 26 0 0 0 0 0 0 0 0 0 0 0 0 0 0 0 0 1 0 0 0 0 0 0 0 3 208 0 0 46 42 56 302 152 91 59 42 42 93 0 666 251 182 101 214 111 198 46 122 0 0 0 0 0 0 0 0 2 0 6 0 53 56 0 0 53 0 0 30 0 0 0 0 0 0 0 0 0 0 0 0 0 0 0 0 0 0 0 15 0 14 0 0 0 0 0 0 0 0 0 0 0 0 0 0 0 0 0 0 13 49 8 20 50 40 2 21 1 3 28 4 1 0 12 0 34 1 0 11 0 13 0 0 0 11 0 0 0 0 0 0 0 7 0 0 0 0 54 0 0 0 0 0 2 5 0 0 3 0 0 0 0 0 1 6 0 0 0 0 0 0 0 0 0 0 0 0 0 0 0 0 0 0 0 0 0 0 0 0 27 8 23 0 11 23 0 41 22 0 19 33 0 15 2 9 16 19 0 32 1 0 0 0 0 0 8 0 6 0 0 0 14 11 12 0 0 9 18 0 0 0 0 0 0 0 0 0 0 0 0 43 0 0 0 0 0 0 0 13 0 0 0 0 69 3 0 65 0 0 10 0 0 0 0 0 0 0 0 0 0 0 0 0 19 0 0 0 0 0 
 0 0 0 0 0 0 0 0 0 3 0 0 0 0 0 0 0 0 0 0 0 0 0 0 2 1 0 0 0 2 0 0 3 0 0 0 3 0 0 0 254 89 90 94 74 103 59 96 36 63 666 0 19 107 27 99 72 281 12 154 0 0 0 0 0 0 44 0 3 0 0 0 53 0 0 0 0 0 0 51 0 0 0 0 0 0 0 0 0 0 0 0 0 0 0 0 0 0 0 0 0 0 0 0 0 0 0 0 0 0 0 0 0 0 0 0 0 0 0 0 0 20 0 19 11 31 11 12 0 0 21 0 0 0 10 0 9 9 0 0 0 0 0 0 0 24 11 0 0 0 0 0 1 11 12 0 0 0 43 0 0 0 0 0 0 0 0 0 7 0 0 0 0 0 0 0 0 0 0 0 0 0 0 0 0 15 0 0 0 0 0 0 0 0 0 0 0 0 0 0 0 25 27 14 24 4 0 11 32 21 17 20 0 31 0 24 0 13 0 22 0 23 0 10 0 0 0 0 10 0 0 0 18 0 0 0 1 22 17 0 0 0 8 0 0 0 0 0 0 0 0 7 0 2 0 0 0 0 0 1 0 17 2 62 67 18 3 38 0 0 10 0 0 0 0 0 0 0 0 0 0 0 0 0 8 19 0 0 0 0 
 0 0 0 3 0 0 0 2 0 0 0 0 0 0 0 0 0 0 0 0 3 3 3 12 66 3 3 3 54 33 3 3 3 3 0 3 31 85 0 3 125 37 76 259 78 247 187 120 237 49 251 19 0 99 242 52 115 68 258 95 3 1 3 0 5 0 4 31 0 0 0 9 0 0 7 2 1 1 0 2 0 0 0 0 0 0 0 0 0 0 0 0 0 0 0 0 0 0 0 0 0 0 0 13 0 14 0 0 2 6 0 0 0 0 0 0 0 0 0 0 27 0 0 17 0 0 40 1 0 38 0 0 10 21 29 13 0 0 10 7 0 0 6 0 0 0 0 0 2 0 0 3 0 0 0 3 6 1 0 0 0 0 0 3 0 0 0 0 0 0 0 0 0 0 0 0 0 0 3 0 14 0 0 0 0 24 0 0 0 0 40 18 0 0 0 0 0 0 0 0 14 10 2 0 0 0 0 41 15 0 2 0 107 7 22 0 2 14 46 25 0 0 1 3 0 0 0 1 36 17 0 0 0 7 0 0 0 4 0 0 0 0 0 0 0 0 0 0 0 0 0 15 0 1 0 0 0 0 0 0 0 0 0 0 0 2 9 0 0 0 0 0 0 0 0 0 0 0 0 0 0 0 0 0 0 0 18 0 0 0 
 0 0 0 0 0 0 0 9 0 0 0 0 0 0 0 2 0 0 0 0 0 0 0 41 1 0 0 3 1 0 0 0 0 0 0 0 0 62 0 0 284 46 139 208 101 547 149 118 122 183 182 107 99 0 126 155 49 24 386 79 0 0 0 0 4 0 0 3 0 2 0 25 0 0 7 0 0 0 50 0 0 0 0 0 14 0 0 0 0 0 0 0 0 0 0 0 0 0 0 0 0 0 0 0 15 6 0 0 0 6 0 0 0 0 0 0 0 0 0 0 65 33 10 14 13 28 0 66 25 26 14 19 0 11 34 0 17 10 10 0 0 0 0 0 0 0 0 0 0 0 0 0 0 6 0 0 0 2 9 8 0 0 0 0 4 2 10 0 2 0 0 0 0 0 0 6 0 0 0 0 0 0 0 0 0 10 0 0 0 0 10 0 0 0 0 0 0 0 0 0 7 0 17 31 0 24 1 3 14 22 11 39 0 16 13 11 19 18 0 0 20 2 0 0 0 0 0 0 0 0 0 0 14 0 0 0 0 0 9 0 0 0 0 0 0 0 0 0 0 15 0 14 0 2 0 0 0 0 0 18 0 0 11 0 6 1 26 0 0 0 0 0 0 0 0 0 0 0 0 0 0 0 0 0 46 0 0 9 0 0 
 6 0 0 0 7 0 0 0 0 0 2 2 0 0 0 0 0 0 0 0 9 0 0 0 202 64 2 62 0 2 0 0 3 0 7 0 4 0 8 8 395 148 107 72 303 64 39 305 235 186 101 27 242 126 0 141 108 88 139 162 0 0 0 0 0 0 0 0 68 0 3 7 0 0 2 0 0 0 0 0 0 0 0 0 0 7 0 0 0 0 0 7 0 0 0 0 0 0 0 0 0 0 0 0 9 0 0 0 0 7 0 0 3 5 6 0 0 3 16 0 13 0 18 1 44 11 11 0 16 38 20 0 16 18 0 5 28 35 9 20 0 0 0 0 0 0 0 0 0 0 0 0 0 0 0 0 0 36 15 0 0 3 0 0 9 1 0 0 18 0 0 0 0 0 0 0 0 0 0 19 10 0 0 0 8 36 0 0 0 7 18 0 0 0 10 6 0 0 2 0 7 39 39 38 0 33 41 0 21 39 27 0 33 19 11 83 16 13 0 13 0 2 0 0 0 0 0 0 24 0 0 0 0 0 0 0 0 0 0 20 0 5 14 0 0 0 2 0 0 0 0 0 0 1 0 0 0 0 0 2 0 0 4 2 0 0 2 12 0 0 0 0 0 0 0 0 0 0 0 0 0 0 0 0 0 26 0 0 0 0 
 2 2 2 2 2 2 2 5 2 4 2 2 2 2 2 2 2 2 2 2 0 0 0 0 0 1 0 2 0 0 2 0 3 0 0 3 0 0 0 0 114 68 346 197 158 402 323 390 144 256 214 99 52 155 141 0 143 100 28 57 0 0 0 0 0 0 0 0 0 0 0 0 4 0 0 0 0 63 59 0 0 0 0 0 0 0 0 0 0 0 0 0 0 0 0 0 0 0 0 0 0 0 5 0 0 0 0 0 2 0 0 0 0 0 0 0 0 0 0 0 7 8 17 8 8 36 0 13 14 23 1 36 7 0 17 6 19 35 0 0 0 0 0 0 0 0 22 0 0 0 0 0 11 6 0 0 0 3 1 5 0 0 0 0 42 1 0 0 1 0 0 0 0 0 0 4 0 0 0 0 0 0 0 0 0 0 0 0 0 0 6 0 0 0 0 0 0 0 0 0 0 16 2 8 16 13 0 14 8 19 0 11 0 20 0 13 10 16 0 3 20 16 0 0 0 0 0 0 0 0 0 0 0 0 18 0 7 0 52 0 0 0 0 0 0 0 0 0 0 0 0 5 0 2 15 0 0 0 5 11 0 0 37 0 3 3 1 0 0 0 16 15 0 0 0 0 0 0 0 0 0 0 3 0 35 0 0 0 0 0 
 2 2 2 2 2 2 2 2 2 5 2 2 2 2 2 2 2 2 2 2 2 0 0 22 0 0 0 4 0 0 2 69 2 0 0 0 4 0 0 64 88 232 159 54 142 71 33 60 81 199 111 72 115 49 108 143 0 585 25 81 0 0 0 0 1 2 0 50 0 0 0 0 4 5 0 0 0 4 10 0 0 0 0 0 0 0 0 0 0 0 0 0 0 0 0 0 0 0 0 0 0 0 0 0 0 0 0 0 0 0 0 0 0 0 0 0 0 0 0 0 29 4 5 0 10 1 0 19 11 18 18 8 7 12 0 7 1 29 0 0 0 0 0 0 0 0 11 0 0 0 0 0 0 0 7 0 0 0 0 8 0 0 0 0 0 5 0 0 4 0 10 0 0 0 0 0 0 0 0 0 0 0 0 0 0 0 0 0 0 0 0 0 0 0 0 0 0 0 0 0 2 0 29 33 10 16 4 0 0 5 16 1 8 29 8 8 42 15 29 41 12 0 0 0 0 0 9 1 0 0 0 0 7 0 14 0 9 0 12 0 0 0 0 0 0 0 0 0 0 0 0 4 0 0 0 0 0 0 0 1 0 0 2 2 0 0 1 0 3 0 0 0 0 0 0 0 0 0 0 0 0 0 0 0 21 15 0 0 0 0 
 0 0 64 2 0 1 2 3 1 0 0 2 0 0 0 0 0 0 0 0 0 0 0 0 66 0 0 3 61 2 0 0 2 0 62 0 9 0 0 0 42 357 36 107 49 111 20 62 228 141 198 281 68 24 88 100 585 0 34 95 0 0 0 0 51 2 0 53 0 0 0 0 2 0 0 0 0 8 14 0 0 0 0 0 0 0 0 0 0 0 0 0 0 0 0 0 0 0 0 0 0 0 0 0 0 0 0 0 0 0 0 0 0 0 0 0 0 0 0 0 0 0 11 17 9 0 3 0 0 29 6 7 1 10 1 11 0 30 0 63 0 0 0 0 0 0 21 0 0 0 0 0 0 0 14 0 0 0 0 13 0 0 0 0 0 0 0 0 1 0 0 0 0 0 0 0 0 0 0 0 0 0 0 0 0 0 0 0 0 0 0 0 0 17 0 0 0 0 0 0 14 11 4 10 12 13 11 0 19 7 21 0 17 0 1 13 68 14 22 25 9 0 0 0 0 0 9 1 0 0 0 0 7 0 15 0 12 0 2 0 0 0 0 0 0 0 0 0 0 0 0 14 0 0 0 0 0 0 0 7 0 0 2 0 0 3 0 0 0 0 0 0 0 0 0 0 0 0 0 0 0 0 0 0 0 0 0 0 0 9 
 0 0 0 0 0 0 4 0 0 0 0 0 0 0 0 0 0 2 0 0 0 0 83 129 68 0 0 0 1 198 84 0 0 0 3 0 30 189 0 0 47 248 23 57 47 253 115 138 187 269 46 12 258 386 139 28 25 34 0 119 3 0 0 4 2 0 0 66 1 0 0 0 0 0 3 0 0 2 0 0 0 0 0 0 0 0 0 0 0 0 0 0 0 0 0 0 0 0 0 0 0 46 0 0 44 20 0 6 0 8 7 81 0 15 0 15 0 0 0 15 26 0 7 0 14 0 18 22 0 33 0 3 29 1 5 23 0 0 39 22 0 0 0 0 0 0 0 0 0 0 0 0 0 0 0 0 0 0 0 0 0 0 0 0 0 0 0 0 0 0 0 0 0 0 0 0 0 0 0 3 0 7 8 16 31 61 0 0 12 10 29 2 0 44 9 0 0 5 0 0 1 19 16 0 0 0 7 0 0 0 0 0 42 0 34 0 0 0 14 0 0 0 0 1 0 0 0 15 0 0 0 0 0 0 0 0 0 0 0 0 0 0 11 0 0 0 0 0 0 0 0 17 0 2 0 0 0 91 62 0 10 0 0 0 2 6 19 0 0 0 0 0 0 0 0 0 0 0 0 0 0 0 0 0 0 0 0 0 0 0 
 0 39 0 0 0 0 0 0 0 64 0 1 0 0 0 0 0 0 0 0 67 0 2 58 63 0 0 0 0 66 0 71 2 0 0 0 0 88 0 0 401 270 104 66 63 55 99 65 47 62 122 154 95 79 162 57 81 95 119 0 0 0 0 0 0 0 0 60 8 0 0 0 0 0 0 0 0 0 0 0 0 0 0 0 0 0 0 0 0 0 0 0 0 0 0 0 0 0 0 0 0 0 0 0 19 0 0 0 0 0 0 30 0 0 0 0 0 0 0 0 55 40 0 1 39 24 7 37 14 0 19 0 7 16 7 10 5 31 14 16 0 0 0 0 0 0 0 0 0 0 0 0 0 8 0 0 0 0 20 8 0 0 0 0 1 7 0 0 6 0 0 0 0 0 0 0 0 0 0 0 0 0 0 0 1 0 0 0 12 0 0 0 14 0 0 0 0 2 0 0 0 34 39 46 0 2 41 0 22 21 13 16 0 54 10 34 30 4 0 14 0 0 0 0 0 0 0 2 0 0 0 0 0 0 0 0 0 0 0 0 0 0 18 0 0 0 0 0 0 0 0 6 0 1 0 0 0 64 0 2 0 0 2 0 3 0 0 3 0 0 0 0 0 0 0 11 0 0 0 0 0 0 0 0 18 20 0 9 0 0 
 2 1 3 0 0 3 0 7 1 0 0 1 0 1 41 1 2 1 2 1 11 5 1 0 0 0 5 0 0 9 6 0 0 0 4 5 0 0 0 0 0 0 0 0 0 1 12 0 8 0 0 0 3 0 0 0 0 0 3 0 0 174 107 108 54 140 72 252 32 106 275 310 315 111 173 84 157 89 44 106 0 0 0 0 0 0 0 0 0 0 0 0 0 0 0 0 0 0 0 0 1 1 0 0 2 2 1 1 0 1 1 6 6 6 1 2 0 1 1 2 0 0 0 0 0 0 0 0 0 0 0 3 8 5 0 0 0 0 0 0 0 14 0 8 0 11 0 10 9 19 26 0 9 0 3 31 28 27 33 0 0 0 0 0 0 0 0 0 0 0 7 0 0 0 0 0 0 0 0 0 3 5 1 0 3 0 0 2 0 7 0 0 0 7 6 1 1 4 0 0 0 0 0 0 0 5 0 0 0 0 0 0 0 0 0 0 0 0 0 0 0 1 24 10 24 5 0 28 19 26 0 14 0 15 1 32 7 10 15 1 8 0 0 0 0 0 0 0 0 0 0 0 0 2 2 0 0 5 0 0 0 0 0 2 0 0 0 2 0 0 2 0 1 2 0 0 0 0 0 0 0 0 0 0 0 0 0 0 0 0 
