 0 296 361 246 16 54 159 156 139 24 121 136 440 143 154 40 36 130 42 532 0 0 0 1 0 2 0 0 0 0 0 0 0 0 0 0 2 3 3 0 0 0 0 2 2 0 2 0 1 0 0 0 3 0 0 3 0 0 3 2 0 3 0 0 0 0 0 0 0 2 3 0 0 16 0 0 52 1 0 0 15 28 18 11 62 0 17 2 41 35 0 7 1 17 47 16 24 29 48 22 0 0 0 0 0 0 0 0 0 0 0 0 0 0 0 0 0 0 2 0 0 0 2 0 0 0 0 0 0 0 0 0 0 0 0 0 0 0 0 0 0 0 0 0 0 0 0 0 0 0 0 0 0 0 0 0 0 0 0 0 2 30 16 28 18 0 12 0 26 13 0 0 3 47 19 0 22 0 16 5 0 0 2 0 0 0 0 0 0 0 0 0 0 0 0 0 0 0 2 0 0 0 0 0 0 0 0 0 0 0 0 0 0 1 0 0 0 0 0 0 0 0 0 0 0 0 0 0 0 0 1 0 0 0 0 0 0 0 0 0 0 0 0 0 0 2 1 0 6 0 18 1 0 0 0 0 0 0 0 0 0 0 0 0 0 0 1 0 0 0 0 0 0 0 0 1 25 0 0 0 0 0 0 0 0 0 0 0 0 0 
 296 0 580 141 116 241 68 109 600 123 348 119 59 46 462 395 156 38 129 49 1 0 0 0 0 2 74 0 6 0 1 0 120 7 0 0 0 3 90 0 0 0 0 2 0 0 2 0 2 0 0 0 3 0 1 3 58 0 3 2 0 3 0 0 1 0 0 0 0 5 3 0 0 0 0 0 0 3 0 0 0 14 30 52 40 16 14 10 22 13 40 13 0 0 12 23 16 1 0 0 1 0 0 0 0 2 35 15 0 0 0 2 14 16 2 0 0 0 13 19 3 2 0 0 0 0 2 3 0 11 0 0 0 2 1 0 0 0 0 2 0 0 1 2 0 0 0 4 0 3 2 0 2 0 0 1 3 5 0 0 0 0 34 15 62 19 0 38 11 21 28 9 0 0 3 14 0 17 0 0 0 0 0 0 3 0 0 66 0 0 0 0 22 68 0 0 0 0 0 21 0 1 0 0 24 0 8 0 0 0 0 1 0 2 0 0 0 0 4 0 0 0 0 7 0 0 0 0 0 0 0 0 0 0 20 0 0 0 0 0 0 15 0 0 0 2 4 2 106 1 0 4 0 0 0 0 0 0 0 0 0 0 0 0 0 0 0 0 0 0 0 0 0 0 0 12 15 10 0 0 0 0 0 0 0 0 0 0 0 0 
 361 580 0 148 255 28 232 317 195 146 61 84 173 331 289 289 143 400 16 193 0 0 0 0 0 2 2 0 0 0 3 0 72 0 0 0 2 3 3 0 0 0 0 0 3 0 2 0 1 0 0 0 3 0 0 3 0 0 3 2 0 3 0 0 0 0 0 0 72 2 3 0 0 0 0 0 0 0 0 0 21 39 9 1 20 0 14 28 19 32 0 1 0 3 6 29 42 8 30 31 18 0 0 0 0 0 0 0 0 0 0 0 0 0 0 0 0 0 0 0 0 0 0 0 0 25 0 0 0 0 0 0 0 0 0 0 0 0 0 3 0 0 0 0 0 0 0 0 0 0 0 0 0 0 0 0 0 0 0 2 26 29 12 42 23 0 16 31 0 93 0 30 13 31 0 35 23 0 33 0 0 0 0 0 0 0 0 0 0 0 0 0 0 0 0 0 0 0 10 0 0 0 0 0 0 0 0 0 2 0 0 0 0 0 0 0 0 1 0 0 0 0 0 0 0 0 0 0 0 0 0 1 0 0 0 0 0 0 0 0 0 0 0 0 0 0 0 0 2 94 3 0 0 0 0 0 0 0 0 0 0 0 0 0 0 0 0 0 0 0 0 0 0 0 0 15 14 0 0 0 0 0 0 0 0 0 0 0 0 0 
 246 141 148 0 89 74 89 420 348 187 200 64 42 195 488 133 133 56 72 72 0 0 74 0 0 5 0 81 3 0 2 0 78 1 0 0 2 5 4 0 0 0 0 0 1 0 5 2 2 0 0 0 5 63 0 3 0 0 3 2 0 3 0 0 0 0 0 0 0 2 3 0 3 0 1 0 0 3 0 0 0 11 2 37 37 23 12 12 22 25 21 47 49 25 21 32 2 2 0 0 0 0 0 0 0 0 0 14 0 1 0 0 54 0 2 0 10 0 12 24 0 0 0 0 0 0 0 0 0 0 0 0 0 0 0 0 0 0 0 0 0 0 0 0 0 0 0 4 0 0 0 0 2 0 0 0 0 5 0 0 0 21 13 19 30 20 3 14 12 9 37 0 9 1 13 53 17 20 3 0 7 3 0 0 0 0 0 36 0 0 0 0 3 14 0 10 0 0 1 10 0 0 1 0 0 0 0 0 0 0 24 0 0 0 0 0 0 0 0 14 0 0 0 0 0 0 2 2 0 0 0 0 0 0 0 0 0 0 0 0 0 0 0 0 0 4 5 0 92 96 18 7 22 0 0 0 0 0 0 0 0 0 10 0 0 0 0 0 0 0 0 0 0 0 0 0 13 10 0 0 0 0 0 0 0 0 0 0 0 0 
 16 116 255 89 0 251 50 94 65 265 187 214 64 147 83 121 89 132 53 83 4 74 0 0 0 2 0 0 61 0 0 0 248 2 74 0 0 3 32 2 0 0 0 0 0 0 2 0 0 0 0 0 3 0 1 3 0 0 3 1 0 4 0 0 0 1 0 0 0 2 3 0 0 0 0 0 0 0 0 0 0 0 26 45 0 3 0 20 0 19 21 4 0 0 0 0 11 8 0 0 0 23 33 20 0 0 56 35 16 17 3 0 0 0 0 1 0 0 2 17 0 0 0 0 0 0 1 0 0 0 0 0 0 0 0 0 0 0 0 0 0 0 0 0 0 0 0 0 0 0 9 0 0 0 0 0 0 0 0 0 1 0 13 0 2 10 0 30 11 0 0 68 0 0 12 0 0 21 0 0 7 19 21 11 1 0 16 2 30 0 0 0 48 14 14 1 30 0 50 15 0 0 0 0 0 0 0 0 0 0 0 0 0 10 0 0 0 0 0 0 0 0 0 0 0 0 0 0 0 0 0 0 0 0 0 0 0 0 0 0 0 12 0 0 0 2 97 0 1 0 0 4 0 0 0 0 0 0 0 0 0 0 0 0 0 0 0 0 0 0 0 0 0 0 0 13 0 0 0 0 0 0 0 0 0 0 0 0 0 0 
 54 241 28 74 251 0 139 131 46 159 698 52 29 126 275 179 87 85 51 58 27 73 0 0 0 2 0 75 77 26 0 0 87 71 75 74 0 5 5 23 0 0 0 0 0 0 3 0 0 0 0 0 3 0 1 3 70 0 3 2 49 11 0 0 0 0 0 0 0 2 2 0 0 0 0 0 0 0 0 0 0 23 24 15 0 19 0 2 0 12 11 7 0 0 45 12 0 0 0 0 0 13 0 10 0 11 11 72 10 17 11 0 18 0 28 13 7 7 0 0 0 0 0 0 0 0 0 0 0 0 0 0 0 0 0 0 0 0 0 0 0 0 0 0 0 0 0 5 0 0 0 0 2 0 8 0 0 3 0 2 0 0 8 0 13 29 0 10 10 10 34 24 0 0 1 11 0 7 0 0 10 16 39 11 0 0 13 23 26 0 0 0 11 32 10 0 25 0 12 23 0 0 0 0 9 0 0 0 0 0 0 0 0 0 0 0 0 0 0 0 0 0 0 0 0 0 0 0 0 0 0 0 0 0 0 0 0 0 0 0 0 14 0 0 0 0 0 0 0 0 1 11 0 0 0 0 0 0 0 0 0 0 0 0 0 0 0 0 0 0 0 0 0 0 0 0 17 1 0 10 0 0 0 0 0 0 0 0 0 0 
 159 68 232 89 50 139 0 121 219 145 140 41 259 241 154 339 90 207 275 230 0 0 0 0 0 2 0 57 0 0 3 0 0 1 0 0 0 9 3 0 0 0 0 0 0 4 2 0 3 0 0 0 3 0 0 4 0 0 3 2 0 3 0 0 0 0 0 0 0 2 3 0 65 0 0 0 0 3 0 0 0 0 0 0 0 0 24 2 0 12 13 0 24 15 17 9 35 17 43 8 0 0 0 0 11 0 0 0 0 1 0 0 0 0 0 0 9 0 0 0 0 0 0 0 0 0 0 0 0 0 0 0 0 0 0 0 0 0 0 0 0 9 0 0 0 0 0 10 0 0 0 0 0 0 0 2 0 0 0 0 30 18 16 0 0 0 0 29 1 0 0 14 24 31 0 26 0 0 10 0 0 0 0 0 0 0 0 0 0 0 0 0 0 0 0 0 0 0 0 0 0 0 0 0 0 0 0 0 0 0 0 0 0 0 0 0 0 0 0 0 0 1 15 0 0 0 1 1 0 0 0 0 0 0 0 0 0 0 0 0 0 0 0 0 0 0 0 0 0 0 0 4 0 0 0 0 1 0 0 0 0 0 0 0 0 0 0 0 0 0 0 0 0 0 0 0 0 0 0 0 0 0 0 13 0 1 0 0 0 0 
 156 109 317 420 94 131 121 0 298 209 43 256 266 348 319 45 33 140 68 59 0 0 0 1 0 2 1 0 0 0 0 0 0 0 0 1 0 3 3 0 0 0 0 0 0 0 2 0 1 0 0 0 3 0 2 3 0 0 3 0 0 3 0 0 0 0 8 0 48 2 3 0 0 0 0 0 0 1 0 0 21 3 21 0 31 19 17 14 25 33 0 0 17 10 10 26 14 28 21 0 0 0 0 2 0 0 0 0 0 0 0 0 9 0 0 0 0 0 15 0 16 0 0 0 0 0 0 0 0 0 0 0 0 0 0 0 0 0 0 0 0 0 0 0 0 0 0 0 0 0 0 0 0 0 0 0 0 0 0 1 0 30 0 28 0 0 0 22 25 0 8 0 18 0 11 0 19 7 0 3 0 0 0 0 2 0 0 0 0 0 0 0 0 0 0 0 0 0 4 0 0 0 0 0 0 0 0 0 0 0 16 0 0 0 0 0 0 0 0 0 0 0 0 2 0 0 0 0 0 0 0 0 0 0 0 0 0 0 0 0 0 0 0 0 0 2 6 0 2 89 0 2 6 0 0 0 0 0 0 0 0 0 0 0 0 0 0 0 0 0 0 0 0 0 0 0 14 0 0 0 0 0 0 0 0 0 0 0 0 1 
 139 600 195 348 65 46 219 298 0 315 376 272 109 279 336 493 574 117 137 113 0 0 0 0 0 2 2 0 0 3 0 1 76 3 0 0 0 3 3 1 0 0 0 0 0 0 2 0 2 0 0 0 3 0 0 3 0 0 3 0 0 3 0 0 0 0 0 0 27 2 3 0 0 0 0 0 0 2 0 0 7 10 19 33 18 30 14 37 42 18 18 10 0 57 13 51 22 8 27 20 41 0 0 1 0 26 2 0 0 0 0 0 0 28 27 0 0 0 65 12 0 2 0 0 0 16 0 1 0 22 0 0 0 0 0 0 1 0 0 0 0 0 0 0 0 0 0 15 0 0 0 0 6 0 0 0 0 7 0 0 0 22 3 51 18 30 0 0 11 0 16 0 13 0 10 19 22 0 7 0 0 0 0 0 0 0 0 14 1 0 0 19 0 0 0 0 0 22 10 1 0 0 0 0 0 0 0 0 0 0 0 0 0 0 0 0 0 0 0 0 0 0 0 0 2 0 0 0 0 0 0 0 0 0 0 0 0 0 0 0 0 0 0 0 0 0 1 2 50 4 2 6 0 0 0 0 0 0 0 0 75 0 0 0 0 0 0 0 0 0 0 0 0 0 0 0 1 18 0 0 0 0 0 0 0 0 0 0 0 0 
 24 123 146 187 265 159 145 209 315 0 129 346 112 347 280 495 231 206 50 200 0 3 0 0 1 2 76 0 2 3 0 0 74 79 0 0 3 3 91 2 0 0 0 0 2 0 2 0 2 0 0 1 3 0 5 7 0 0 6 2 0 3 0 0 35 0 0 0 0 2 3 0 0 0 0 0 0 5 36 0 1 0 13 11 0 14 9 35 7 11 21 38 20 12 0 32 16 8 0 15 2 0 0 0 0 0 13 1 0 0 0 0 11 0 0 0 17 0 35 22 0 0 0 0 0 0 0 0 0 0 12 0 0 0 2 0 0 0 0 0 0 0 0 10 0 0 0 0 0 0 3 0 0 0 0 0 0 0 0 0 3 12 13 0 0 1 6 37 29 1 7 20 0 1 12 11 11 34 0 0 0 11 0 0 0 0 7 0 0 1 0 0 29 0 0 0 1 0 2 2 0 0 0 0 0 0 0 0 0 1 10 0 0 0 0 0 0 0 0 0 2 0 0 0 0 0 0 0 0 0 0 0 0 0 5 0 0 0 1 0 0 10 0 0 0 2 12 0 3 51 1 4 8 0 0 0 0 0 0 2 0 0 0 0 0 0 0 0 0 0 0 0 0 0 0 0 0 0 0 0 0 0 0 0 0 0 0 0 0 2 
 121 348 61 200 187 698 140 43 376 129 0 150 45 98 91 277 198 77 36 294 78 0 72 0 0 2 0 74 0 0 2 0 74 174 0 0 0 3 117 0 0 0 0 0 0 0 2 0 2 0 0 0 3 0 0 3 62 0 3 2 0 3 0 0 0 0 0 0 0 2 3 0 0 0 0 0 0 2 0 0 0 1 12 7 2 29 0 0 6 17 1 18 0 17 11 2 0 36 0 0 17 0 0 0 0 0 14 32 0 24 0 0 8 0 10 0 7 0 29 23 0 0 0 0 0 0 0 0 1 14 1 0 0 0 0 0 0 0 0 0 0 0 0 0 0 0 0 3 0 0 0 0 0 0 0 0 0 0 0 1 5 0 0 37 64 17 0 0 5 1 23 1 11 0 1 20 0 4 0 0 9 10 0 0 0 0 16 9 10 0 0 0 17 19 0 13 9 0 0 39 0 0 0 0 0 0 0 0 0 0 0 0 0 0 0 0 0 0 0 0 0 0 0 2 0 0 13 0 1 0 0 0 0 0 0 0 0 0 0 0 0 0 0 0 0 0 4 0 114 1 23 6 0 0 0 0 0 0 0 0 0 0 10 0 0 0 0 0 0 0 0 0 0 0 0 24 0 0 0 0 0 0 0 0 0 0 0 0 0 0 
 136 119 84 64 214 52 41 256 272 346 150 0 31 49 134 455 403 392 30 24 76 0 2 0 0 2 21 0 0 0 0 0 37 20 0 0 2 3 254 81 0 0 0 0 1 0 2 0 0 0 0 0 3 0 62 5 0 0 3 2 0 3 0 0 0 0 0 0 0 2 2 0 0 0 0 0 0 0 0 0 0 31 25 13 20 15 0 23 9 1 0 7 0 0 30 0 0 46 13 11 22 0 0 0 0 0 14 1 1 0 0 0 0 15 0 0 0 0 15 16 0 0 0 0 0 0 0 0 0 0 0 0 0 0 0 0 0 0 0 0 0 0 0 0 0 0 0 0 0 0 0 0 0 0 0 0 0 0 0 1 0 20 12 37 34 8 20 17 10 40 27 7 0 19 0 0 7 11 0 0 0 7 0 0 2 0 9 0 0 0 0 0 13 25 0 0 0 0 12 14 20 0 0 0 0 0 0 0 0 0 0 14 0 0 0 0 0 0 0 0 0 0 0 2 0 0 0 0 0 0 0 1 0 0 0 0 0 0 0 0 0 13 0 0 0 83 86 0 7 0 0 3 0 0 0 0 0 0 0 0 0 0 0 0 0 0 0 0 0 0 0 0 0 0 0 29 11 0 0 0 0 0 0 0 0 0 0 0 0 0 
 440 59 173 42 64 29 259 266 109 112 45 31 0 105 135 111 142 60 162 397 0 0 0 2 0 2 0 0 0 0 0 0 0 0 0 2 0 3 3 0 0 0 0 0 0 0 2 0 1 1 0 0 3 0 0 3 0 0 3 2 0 3 0 0 0 0 0 0 0 2 3 0 0 0 0 0 0 1 0 0 32 26 0 0 22 0 24 15 6 8 11 0 13 0 55 22 39 22 40 21 0 0 0 0 0 0 0 0 0 0 0 0 0 0 0 0 0 0 0 0 0 0 0 0 0 0 0 0 0 0 0 0 10 0 0 0 0 0 0 0 0 1 0 0 0 0 0 0 0 0 0 0 0 0 0 0 0 0 0 0 14 61 0 68 0 0 66 16 11 16 0 16 15 0 0 16 17 0 0 21 0 0 0 0 0 0 0 0 0 0 14 0 0 0 0 0 0 0 13 0 0 0 0 0 0 0 0 0 0 0 0 0 0 0 0 0 0 0 0 0 0 21 0 0 0 0 0 0 0 0 0 0 21 25 0 0 0 0 0 0 0 0 0 0 0 0 0 0 0 0 1 5 0 0 0 0 0 0 0 0 0 0 0 0 0 0 0 0 0 0 0 0 0 0 0 0 0 0 0 0 0 0 0 0 0 0 0 0 0 0 
 143 46 331 195 147 126 241 348 279 347 98 49 105 0 301 131 218 47 66 188 0 0 0 0 0 2 2 0 0 0 0 1 0 0 0 0 2 3 3 1 0 0 0 0 1 0 2 0 1 0 0 0 3 0 12 3 0 0 3 0 0 3 0 0 0 0 2 0 0 2 3 0 0 0 0 0 0 1 0 0 14 13 11 0 1 0 0 19 1 66 25 9 13 0 7 28 28 0 1 59 0 0 0 0 0 13 0 0 0 0 0 0 0 0 9 0 0 0 0 10 0 0 0 0 0 0 0 0 0 0 0 0 0 0 0 0 0 0 0 0 0 0 0 0 0 0 0 0 0 0 1 0 1 0 0 0 0 0 0 1 0 1 20 1 1 0 1 14 0 3 0 18 0 17 9 23 1 7 39 0 0 0 0 0 2 0 0 0 0 0 0 0 9 0 0 0 0 0 0 0 0 0 0 0 0 0 0 0 0 0 0 0 0 0 0 0 0 2 0 0 0 0 0 0 0 0 0 0 0 0 0 2 0 0 0 0 0 0 0 0 0 0 0 0 0 4 55 1 0 1 2 5 0 0 0 0 0 0 0 0 0 0 0 0 0 0 0 0 0 0 0 0 0 0 0 0 11 0 0 0 0 0 0 0 0 0 0 0 0 0 
 154 462 289 488 83 275 154 319 336 280 91 134 135 301 0 232 319 422 64 107 0 0 0 0 0 2 0 0 0 2 0 0 0 0 0 0 1 10 5 0 0 0 0 0 2 0 2 0 0 0 0 2 3 0 42 3 0 0 3 2 0 3 0 0 0 0 0 0 0 2 2 0 0 0 0 0 0 0 0 0 24 10 9 10 31 1 22 57 48 28 30 2 14 0 1 59 79 12 14 23 0 0 0 0 0 0 0 0 0 0 0 0 1 0 0 0 0 0 14 3 0 0 2 0 0 0 0 0 0 15 0 0 0 0 0 0 0 0 0 0 0 0 0 0 0 0 0 0 0 0 0 0 6 0 0 0 0 11 0 0 0 37 9 17 2 5 1 26 0 0 15 16 1 6 34 18 17 30 0 0 0 0 0 0 0 0 0 0 0 0 0 0 16 1 0 0 24 0 34 17 0 0 0 0 0 0 0 0 0 0 0 0 0 0 0 2 0 0 0 0 0 0 0 0 0 1 0 0 0 0 1 0 0 0 0 0 0 0 0 0 0 0 0 0 0 0 98 0 3 89 2 2 0 0 0 0 0 0 0 0 0 0 0 0 0 0 1 0 0 0 0 0 0 0 0 0 19 58 0 0 0 0 0 0 0 0 0 0 0 0 
 40 395 289 133 121 179 339 45 493 495 277 455 111 131 232 0 266 464 244 78 2 3 0 4 0 3 24 2 0 3 0 0 179 2 0 2 0 10 178 0 0 0 3 0 0 0 2 2 63 2 0 0 3 0 1 3 0 0 3 1 0 3 0 3 0 0 0 0 0 2 6 0 0 0 0 0 0 1 1 0 0 17 58 19 20 0 0 6 0 13 25 0 0 2 2 59 17 25 0 0 0 0 5 0 0 0 30 2 0 0 0 0 0 15 1 0 0 0 15 14 0 0 0 0 2 0 0 0 0 13 0 0 0 0 0 0 0 0 0 0 0 0 0 12 0 0 0 0 2 0 0 0 4 2 0 0 0 7 0 0 1 0 42 0 14 1 0 11 36 0 9 7 0 0 6 1 0 55 0 0 0 7 0 0 0 0 7 0 0 0 0 0 24 14 0 1 0 0 16 14 0 0 0 0 0 0 0 0 0 0 0 0 0 0 0 0 0 0 0 0 0 0 0 0 0 0 0 0 0 0 0 0 0 0 0 0 0 0 0 0 0 15 0 0 0 1 107 1 6 0 1 5 0 0 0 0 0 0 0 0 0 0 0 0 0 0 0 0 0 0 0 0 0 0 0 7 12 20 0 0 0 0 0 0 0 0 0 0 0 0 
 36 156 143 133 89 87 90 33 574 231 198 403 142 218 319 266 0 76 18 38 0 0 0 0 1 3 0 0 0 1 2 0 4 4 1 0 0 5 78 0 0 0 0 0 0 0 2 0 0 0 0 3 3 0 24 3 0 0 3 0 0 3 0 0 26 0 44 0 0 2 3 0 0 0 0 0 0 0 34 0 20 0 2 69 35 12 0 7 13 15 55 0 11 15 0 23 34 0 31 29 0 0 0 0 0 0 14 0 0 0 0 0 2 0 1 0 0 0 0 37 0 0 0 0 0 0 0 0 0 10 0 0 13 0 0 0 0 0 0 0 0 13 0 0 0 0 0 0 2 0 0 0 6 2 0 0 0 8 0 0 0 1 12 0 19 9 0 19 0 0 0 19 0 10 20 19 0 20 0 0 0 0 0 0 0 0 0 7 0 0 0 0 17 21 0 0 0 0 0 17 0 0 0 0 0 0 0 0 0 0 0 0 0 0 0 0 0 0 0 0 0 0 0 0 0 0 0 0 0 0 0 0 0 0 0 0 0 0 0 0 0 0 0 0 0 0 92 0 0 90 0 3 1 2 0 0 0 0 0 0 0 0 0 0 0 0 0 0 63 0 0 0 0 0 0 9 0 19 0 0 0 0 0 0 0 0 0 0 0 0 
 130 38 400 56 132 85 207 140 117 206 77 392 60 47 422 464 76 0 33 115 0 0 0 0 1 2 138 75 0 0 1 0 188 28 0 0 0 3 142 0 0 0 0 0 0 0 2 0 2 0 0 1 3 0 1 3 0 0 3 2 0 3 0 0 40 0 0 0 0 2 3 0 0 0 0 0 26 2 0 0 11 0 26 2 0 9 22 0 2 13 11 6 0 0 12 13 19 35 69 6 0 0 22 0 0 0 11 43 0 0 0 0 10 0 16 0 7 0 0 36 0 0 0 0 0 0 0 0 0 0 0 0 0 0 1 0 0 0 0 1 0 0 0 0 0 0 0 2 0 0 0 0 2 0 0 0 0 1 2 0 0 17 33 23 0 15 0 0 0 0 30 24 14 17 3 19 19 12 13 0 1 7 0 17 0 0 32 13 15 13 0 0 0 0 20 0 0 2 26 9 0 0 0 0 0 0 0 0 0 1 1 0 1 0 2 0 0 0 0 0 1 0 0 13 0 0 0 0 0 0 0 0 0 0 0 0 0 0 2 0 0 0 0 0 0 0 0 0 3 2 2 0 0 0 0 0 0 0 0 0 0 0 0 0 0 0 0 0 0 0 0 0 0 0 0 0 15 1 0 0 0 0 0 0 0 0 0 0 0 0 
 42 129 16 72 53 51 275 68 137 50 36 30 162 66 64 244 18 33 0 187 0 1 2 0 0 2 0 0 5 2 0 0 0 0 0 0 74 3 3 0 1 0 0 4 0 0 2 0 2 0 0 0 3 5 0 3 0 0 3 0 0 3 0 0 0 0 1 0 0 2 3 0 0 2 0 48 0 2 3 0 0 55 0 8 0 0 0 55 17 0 25 0 17 29 6 0 10 0 15 13 0 0 0 0 0 0 0 0 0 0 0 0 0 0 0 0 0 0 0 0 0 0 0 0 0 0 0 0 0 0 0 0 0 0 0 0 0 0 0 0 0 0 0 0 0 0 0 0 5 0 0 0 0 0 0 0 0 0 0 0 68 0 0 0 0 27 14 0 0 0 0 0 0 43 0 0 0 0 0 25 0 0 0 0 0 0 18 0 0 0 0 0 0 0 0 0 0 0 0 0 0 0 0 0 0 0 0 0 0 0 0 0 0 0 0 0 0 0 0 0 0 0 0 0 0 0 0 0 0 0 0 0 0 0 0 0 0 0 0 0 0 0 0 0 0 1 0 0 0 1 0 2 0 0 0 0 0 0 0 0 0 0 0 0 0 0 0 0 0 0 0 0 0 0 0 0 0 0 0 0 0 0 0 0 0 0 0 0 0 0 
 532 49 193 72 83 58 230 59 113 200 294 24 397 188 107 78 38 115 187 0 2 3 2 0 1 6 0 0 3 2 0 2 1 0 0 0 75 5 3 2 30 0 0 4 5 3 2 0 0 2 3 3 3 0 3 3 3 3 3 3 0 5 0 0 2 1 0 0 0 6 5 0 0 2 0 3 26 0 0 0 2 0 0 2 0 0 1 15 0 8 0 1 19 39 9 8 16 11 0 20 1 0 0 0 0 0 0 0 0 0 0 0 0 0 0 0 0 0 0 0 0 0 0 0 0 0 0 0 0 0 2 0 0 0 0 0 0 0 0 0 0 7 0 0 0 0 0 0 2 0 0 0 0 1 0 0 0 0 0 0 11 0 20 0 0 0 0 1 0 0 0 0 13 49 0 12 0 0 16 31 0 0 7 15 0 0 0 0 0 2 0 0 0 0 0 0 2 0 0 0 0 0 0 0 0 0 0 0 0 0 0 0 0 0 0 0 0 0 0 0 0 0 0 0 0 0 0 0 3 0 0 0 0 0 0 0 17 0 18 0 0 0 0 0 0 0 0 0 93 2 17 0 0 0 0 0 0 0 0 0 0 0 0 0 0 0 0 0 0 0 0 0 0 0 0 0 0 0 0 0 0 0 0 0 0 0 0 0 0 0 
 0 1 0 0 4 27 0 0 0 0 78 76 0 0 0 2 0 0 0 2 0 623 100 123 118 103 169 58 196 229 34 76 132 94 274 235 34 43 65 148 0 107 0 2 3 3 1 3 0 0 3 0 0 0 0 2 0 3 61 4 0 0 0 0 0 0 0 2 0 0 1 3 0 2 0 0 37 0 0 0 0 0 0 0 0 0 0 0 0 0 0 0 0 0 0 0 0 15 0 0 27 24 12 14 0 11 10 10 29 24 2 0 0 15 17 8 35 0 2 12 0 0 0 0 0 0 0 0 0 0 0 0 0 0 2 0 0 0 9 1 0 0 0 0 0 0 0 0 0 0 0 0 0 0 0 12 0 0 0 29 0 0 0 12 1 1 0 3 2 2 0 0 0 0 0 0 0 0 0 0 37 40 24 12 0 6 0 12 23 0 16 10 0 21 7 13 21 0 1 14 0 0 0 0 0 0 0 0 0 0 0 0 0 0 0 0 1 0 0 11 0 0 0 0 0 0 0 0 0 0 0 0 0 0 0 0 0 0 0 0 0 0 0 0 0 0 0 0 0 0 0 1 0 0 13 0 1 1 0 0 3 2 16 0 0 0 0 0 0 0 0 0 0 0 0 0 0 0 0 10 0 0 0 0 0 0 0 0 0 0 
 0 0 0 0 74 73 0 0 0 3 0 0 0 0 0 3 0 0 1 3 623 0 207 264 45 42 367 189 86 194 216 314 41 46 110 116 277 77 118 419 0 0 0 0 2 3 3 3 0 0 3 0 10 0 1 2 0 3 79 51 0 3 11 3 0 0 0 2 0 0 3 3 4 30 0 0 0 0 0 0 0 0 0 0 0 0 0 0 0 0 0 0 0 0 0 0 0 0 0 0 0 0 14 0 16 9 12 10 22 9 7 11 0 44 0 14 11 13 0 1 0 0 1 0 0 0 10 0 0 0 0 0 15 20 0 1 0 0 2 0 0 0 0 0 0 0 0 0 0 0 0 0 0 0 0 5 0 0 0 0 0 0 0 0 0 0 0 0 0 0 2 1 0 0 10 0 0 2 0 2 13 11 12 12 0 0 3 1 0 12 1 0 18 23 15 19 8 0 8 26 0 0 0 0 0 0 0 0 1 0 1 0 1 17 0 0 0 0 12 13 0 0 0 0 0 0 0 0 0 0 0 0 1 0 2 0 0 1 0 0 0 0 0 0 0 0 0 0 0 0 0 0 0 0 12 0 4 0 80 0 4 20 0 0 0 0 0 0 0 0 0 0 0 0 60 0 0 0 0 0 0 0 0 0 0 0 1 0 0 0 
 0 0 0 74 0 0 0 0 0 0 72 2 0 0 0 0 0 0 2 2 100 207 0 178 54 41 62 126 149 326 130 119 59 40 76 109 199 261 207 41 0 0 0 3 3 3 2 3 0 0 5 0 41 0 0 2 0 3 74 108 0 0 3 1 0 0 8 2 0 0 3 3 0 0 0 0 0 0 0 0 0 0 0 0 0 0 0 0 0 0 0 0 0 0 0 0 0 0 0 0 34 28 20 10 42 11 0 9 20 0 71 2 11 0 2 41 19 23 13 11 0 0 0 0 0 0 15 0 0 0 0 0 13 29 0 0 0 0 15 0 0 0 0 0 0 0 1 0 2 0 0 0 2 0 0 0 3 0 0 0 0 0 0 0 0 0 0 0 0 0 4 0 0 0 0 0 0 2 0 0 14 12 13 20 0 11 11 15 18 12 1 10 1 2 12 8 5 18 12 0 0 2 0 0 0 0 0 0 0 0 0 0 0 20 0 0 0 0 13 22 0 0 0 0 0 0 0 0 0 0 0 0 0 0 0 0 0 0 0 0 0 0 0 0 0 0 0 0 0 0 0 0 0 0 4 0 0 78 104 4 0 0 0 0 0 0 0 0 0 0 0 0 0 0 0 0 0 0 0 0 0 0 0 0 0 0 0 0 0 0 
 1 0 0 0 0 0 0 1 0 0 0 0 2 0 0 4 0 0 0 0 123 264 178 0 124 184 375 96 184 228 209 27 41 275 106 119 173 188 159 81 1 0 0 0 4 3 3 4 0 0 9 0 68 0 4 2 0 9 2 138 0 0 3 2 0 0 0 2 0 0 3 3 0 0 0 0 0 0 0 0 0 0 1 0 0 0 0 0 0 2 0 0 0 0 0 0 0 0 0 0 14 11 21 0 39 12 0 0 14 0 9 17 0 20 2 15 18 20 0 1 23 0 0 0 0 0 3 13 0 0 1 0 27 28 15 0 0 1 27 0 0 0 0 0 0 0 0 0 0 3 0 0 0 0 0 0 0 0 0 0 0 0 0 0 0 0 0 5 0 0 7 0 0 1 0 0 0 7 0 0 1 0 2 6 9 12 14 19 3 0 27 66 1 0 13 39 11 23 0 0 2 0 1 0 0 0 25 12 9 1 11 0 0 13 0 2 0 0 20 15 0 0 0 1 0 0 0 0 0 0 0 0 0 0 0 0 0 0 0 0 0 0 9 0 0 0 1 0 0 0 0 0 0 0 27 0 2 74 8 0 0 0 0 0 0 0 0 0 0 0 0 0 0 0 0 0 0 0 0 0 0 0 0 0 0 17 0 0 0 0 
 0 0 0 0 0 0 0 0 0 1 0 0 0 0 0 0 1 1 0 1 118 45 54 124 0 283 38 105 92 201 201 107 77 256 111 595 75 35 80 323 0 21 62 0 3 3 31 64 0 1 3 18 1 66 1 2 47 3 34 72 0 0 0 0 0 0 0 2 0 0 1 3 0 0 0 0 0 0 0 0 0 0 0 0 0 0 0 0 0 0 0 0 0 0 0 0 0 0 0 9 0 7 0 0 22 40 0 0 0 0 0 11 0 15 7 0 15 13 0 0 70 12 0 10 0 0 7 22 11 0 0 8 10 17 12 12 0 1 20 54 0 0 0 0 0 0 1 0 0 0 0 0 0 0 0 0 0 0 0 0 0 3 0 0 0 0 0 1 2 0 16 0 0 0 0 0 0 0 0 0 0 0 12 0 0 7 0 0 7 8 15 14 0 0 0 22 17 20 10 0 0 23 25 0 0 0 14 32 32 8 0 7 7 0 0 21 0 10 12 48 0 0 0 0 0 0 0 0 0 10 0 0 0 0 0 0 0 0 0 0 0 2 0 0 0 0 0 0 0 0 0 0 0 0 4 2 0 75 15 4 16 2 0 0 0 0 0 0 0 0 0 0 0 0 0 0 0 0 0 0 0 0 0 0 0 10 0 0 0 0 
 2 2 2 5 2 2 2 2 2 2 2 2 2 2 2 3 3 2 2 6 103 42 41 184 283 0 287 329 51 62 401 125 77 120 486 59 68 76 43 44 0 62 11 2 3 3 191 8 0 1 66 42 34 3 71 2 62 3 65 4 0 0 0 2 0 0 0 2 0 0 3 3 0 0 0 0 0 0 0 0 0 0 0 0 0 0 0 0 0 13 0 0 0 0 0 0 0 0 0 0 0 0 0 10 51 52 0 0 24 0 25 24 0 0 14 0 15 0 0 0 29 26 0 12 0 0 25 19 0 0 12 11 107 38 0 0 0 0 19 14 0 0 3 2 0 0 1 0 2 0 0 0 2 0 0 0 0 0 0 0 0 0 0 0 0 0 0 3 0 0 24 8 0 7 0 0 0 18 0 0 0 0 10 0 18 0 0 0 13 12 19 6 0 0 0 0 0 42 0 0 26 0 0 1 0 0 23 19 20 0 0 0 13 12 0 18 0 16 58 41 0 0 0 0 0 0 0 0 0 0 0 0 0 0 0 0 0 0 0 0 0 0 11 0 0 0 0 0 0 0 0 0 0 0 85 0 4 0 166 2 9 0 0 0 0 0 0 0 0 0 0 0 0 0 0 0 0 0 0 0 0 8 0 0 0 13 0 0 0 0 
 0 74 2 0 0 0 0 1 2 76 0 21 0 2 0 24 0 138 0 0 169 367 62 375 38 287 0 617 68 98 403 45 377 280 87 319 266 111 218 164 0 0 0 0 3 3 2 3 0 0 36 1 7 0 1 2 0 3 1 11 0 0 0 1 51 0 0 2 60 0 2 3 0 0 0 0 0 0 0 0 0 7 8 1 26 7 0 0 0 0 0 2 0 0 0 0 0 38 0 0 19 40 13 1 11 0 0 1 1 0 7 0 37 90 11 1 8 10 20 1 0 0 0 0 0 0 1 0 0 0 15 0 0 1 0 0 0 0 0 0 0 0 0 0 0 0 0 0 0 0 0 0 0 0 0 6 0 0 4 2 0 0 35 0 3 0 0 1 0 0 7 0 2 0 2 1 0 11 0 0 18 1 0 28 0 8 24 12 18 23 8 19 16 14 8 9 2 32 0 1 0 0 12 0 0 0 0 0 0 0 0 0 0 0 0 0 2 0 0 0 0 2 0 0 0 0 0 0 0 0 0 0 0 0 0 0 0 0 0 1 0 0 13 0 0 0 0 0 0 0 0 2 0 0 13 0 0 0 1 2 11 20 0 0 0 0 10 0 0 0 0 0 0 0 0 0 11 0 0 0 0 0 0 0 0 0 0 0 0 0 
 0 0 0 81 0 75 57 0 0 0 74 0 0 0 0 2 0 75 0 0 58 189 126 96 105 329 617 0 149 31 168 153 308 360 260 170 126 114 65 45 0 1 2 5 6 4 5 5 2 0 3 5 1 1 1 5 4 6 2 67 42 0 4 3 2 0 0 2 2 2 3 3 0 0 4 5 0 1 0 0 0 0 0 0 11 38 1 0 0 0 0 0 0 0 0 0 0 0 0 0 7 0 13 24 0 26 0 22 12 11 4 0 27 41 41 0 29 11 12 9 0 0 0 0 0 0 12 0 0 0 1 1 1 43 0 0 0 0 4 0 0 0 0 1 0 0 1 2 2 0 0 0 2 0 0 0 0 0 0 0 1 0 5 0 3 0 0 0 0 0 2 0 0 0 0 0 0 1 22 0 0 21 1 1 1 8 0 30 24 10 1 10 12 0 2 54 11 12 0 10 0 2 0 0 0 0 1 0 0 0 0 0 1 0 1 0 0 0 54 0 0 0 0 0 0 0 0 0 0 0 0 0 0 0 0 0 0 0 0 0 0 0 0 0 0 0 0 0 0 2 0 0 0 0 14 1 2 1 45 0 0 0 0 0 0 0 0 0 0 0 0 2 0 0 0 0 0 0 0 10 0 0 0 0 0 0 4 0 0 0 
 0 6 0 3 61 77 0 0 0 2 0 0 0 0 0 0 0 0 5 3 196 86 149 184 92 51 68 149 0 408 116 42 167 78 414 81 144 41 112 156 0 0 0 3 2 3 65 3 0 0 4 0 19 0 1 2 0 3 75 75 0 1 0 5 0 0 0 2 0 0 3 3 0 4 0 0 0 0 0 0 0 0 0 0 0 0 0 0 0 0 0 0 0 0 0 2 0 0 0 0 13 3 0 28 33 2 0 12 24 18 30 2 8 13 13 12 36 3 30 17 25 0 0 0 0 0 10 0 0 0 0 0 24 49 14 0 0 0 0 0 0 0 0 0 0 0 0 0 0 0 0 0 0 0 0 0 0 0 0 0 0 0 0 0 0 0 0 0 0 0 14 0 0 0 0 0 0 3 0 0 8 23 21 15 9 1 1 17 0 8 6 10 11 45 2 0 63 10 1 10 13 0 0 0 0 0 0 0 0 0 0 0 0 12 0 0 0 0 52 13 0 0 0 0 0 0 0 0 0 0 0 0 0 0 0 0 0 0 0 0 0 0 0 0 0 0 0 0 0 0 0 0 0 0 10 0 0 74 75 4 3 0 0 0 0 0 11 0 0 0 0 0 0 0 0 0 0 0 0 2 0 0 0 0 0 0 0 0 0 0 
 0 0 0 0 0 26 0 0 3 3 0 0 0 0 2 3 1 0 2 2 229 194 326 228 201 62 98 31 408 0 261 150 25 38 508 58 432 51 271 252 0 0 0 0 3 3 3 3 0 1 6 0 0 1 0 2 0 4 1 72 0 0 5 2 0 0 0 2 0 0 3 3 0 2 0 0 0 0 0 0 0 0 0 0 0 0 0 0 0 0 0 0 0 0 0 0 0 0 0 0 12 29 32 12 51 34 15 0 10 0 0 15 0 12 24 8 1 7 0 0 19 14 0 1 0 0 1 0 0 0 0 0 0 17 10 0 0 0 10 12 0 0 0 0 0 0 0 0 0 0 0 0 0 0 0 10 0 0 0 0 0 0 0 0 0 0 0 0 0 0 0 0 0 0 0 0 0 0 0 0 33 17 26 0 78 11 0 36 0 0 20 16 0 18 9 22 13 13 1 19 0 0 0 0 0 0 9 10 0 0 0 0 3 0 8 0 0 28 0 0 0 0 0 0 0 0 0 0 0 0 0 0 0 0 0 0 0 0 0 0 0 0 0 0 0 0 0 0 0 0 0 0 0 0 15 0 0 3 0 2 1 2 0 0 0 0 0 0 0 0 0 0 0 0 0 0 0 0 0 36 0 7 0 0 0 0 0 0 0 0 
 0 1 3 2 0 0 3 0 0 0 2 0 0 0 0 0 2 1 0 0 34 216 130 209 201 401 403 168 116 261 0 277 23 159 135 114 106 242 37 158 5 3 2 78 68 3 4 5 0 5 5 0 64 0 2 7 3 8 5 68 2 0 3 6 0 0 0 2 1 2 2 3 9 3 2 0 3 1 2 0 0 0 0 0 0 0 0 0 0 0 0 0 0 0 0 0 8 2 0 0 10 30 22 21 32 4 10 13 8 5 10 13 10 14 0 9 3 16 0 7 9 0 18 0 0 0 22 0 0 0 0 0 29 49 4 0 0 0 60 34 0 0 0 0 0 0 0 0 0 0 0 0 0 0 0 6 0 0 0 0 0 0 0 0 10 0 0 3 2 0 5 0 0 0 0 0 0 4 0 0 0 3 0 1 24 0 0 1 0 0 28 10 0 1 49 77 0 1 0 0 1 10 0 0 0 0 10 0 0 0 0 0 17 8 25 0 0 1 31 1 0 0 2 0 0 0 0 0 0 0 0 0 0 2 0 0 0 0 0 0 0 0 0 0 0 1 0 0 0 0 0 0 0 0 14 1 0 78 41 1 3 0 0 0 0 0 0 0 0 0 0 0 0 0 0 0 0 0 0 2 0 9 0 1 0 0 60 0 0 0 
 0 0 0 0 0 0 0 0 1 0 0 0 0 1 0 0 0 0 0 2 76 314 119 27 107 125 45 153 42 150 277 0 24 100 99 109 358 66 35 72 0 0 5 0 3 3 99 5 2 0 4 3 25 0 0 2 0 3 1 69 0 0 5 2 0 0 0 2 0 0 3 4 0 0 0 0 0 0 0 0 0 2 0 0 0 1 0 0 1 0 0 1 0 0 0 0 0 0 0 0 17 2 22 32 0 54 10 1 18 20 14 18 0 0 24 1 12 15 0 0 1 15 0 0 0 0 22 0 0 0 22 0 36 15 0 0 0 0 10 6 0 0 9 0 0 0 0 0 0 0 0 0 0 0 0 0 0 0 0 0 0 0 2 0 1 0 0 2 0 0 0 0 0 0 1 2 0 0 0 0 5 0 19 9 16 2 0 12 28 39 0 29 1 18 8 10 21 37 0 12 5 0 0 0 0 0 0 22 0 0 0 0 9 0 4 0 1 0 35 20 1 1 0 0 0 0 0 0 48 0 0 0 0 0 0 0 0 0 0 0 0 0 1 0 0 0 0 0 0 0 0 0 0 0 20 2 0 4 75 2 4 0 0 0 0 0 0 0 0 0 1 0 0 0 0 0 0 0 0 0 0 34 0 0 0 7 0 0 0 0 
 0 120 72 78 248 87 0 0 76 74 74 37 0 0 0 179 4 188 0 1 132 41 59 41 77 77 377 308 167 25 23 24 0 149 115 111 36 36 287 39 3 0 0 2 2 3 3 3 0 3 3 18 0 0 5 5 2 3 3 4 0 5 0 3 2 0 2 2 0 0 3 3 0 2 0 0 0 0 0 0 0 0 9 35 0 24 0 0 0 0 28 11 0 0 1 1 0 32 0 0 0 0 24 0 0 0 39 33 1 0 0 0 25 11 23 10 11 10 0 14 0 0 0 0 0 0 0 0 0 0 0 0 0 0 0 0 0 0 0 0 0 0 0 0 0 0 0 7 0 0 0 0 6 0 0 0 0 7 0 0 8 0 26 0 12 20 0 9 9 10 1 8 0 0 0 6 0 7 0 0 15 9 15 0 0 0 9 34 0 3 19 0 41 12 24 0 0 24 23 9 0 0 0 0 0 0 5 0 0 0 0 2 0 0 0 0 0 0 0 0 0 0 0 0 0 0 0 0 0 0 0 0 0 0 0 0 0 0 0 0 0 14 0 0 0 0 0 0 0 0 0 0 0 0 2 0 2 0 0 2 0 0 0 0 0 0 0 0 0 0 0 0 0 0 0 0 0 18 0 0 0 0 0 0 0 0 0 0 0 0 
 0 7 0 1 2 71 1 0 3 79 174 20 0 0 0 2 4 28 0 0 94 46 40 275 256 120 280 360 78 38 159 100 149 0 58 120 17 36 174 174 0 0 8 0 2 3 3 3 0 0 3 3 0 0 1 64 0 3 0 4 0 0 0 3 0 0 0 2 0 0 3 3 40 0 53 0 0 0 0 0 0 0 0 9 0 10 0 0 0 0 1 0 0 0 0 0 0 9 0 0 24 12 1 11 0 10 13 14 7 10 1 0 15 11 19 7 1 19 14 22 0 0 0 0 0 0 7 0 9 1 0 0 0 0 0 0 0 0 21 0 0 0 0 0 0 0 0 5 0 0 0 0 0 0 0 0 0 0 0 0 4 0 1 20 17 14 0 0 0 10 10 0 8 0 0 13 0 0 0 0 0 24 11 0 10 0 1 39 15 7 0 0 9 21 0 39 0 0 0 27 0 0 0 0 0 0 0 0 0 0 0 0 0 0 0 0 0 0 21 0 0 0 0 0 0 0 0 0 0 0 0 0 0 0 0 0 0 0 0 0 0 0 0 0 0 0 0 0 0 0 0 0 0 0 3 0 0 78 11 0 1 0 0 0 0 0 0 0 0 0 0 0 0 0 0 8 0 0 0 0 0 0 0 0 0 0 0 0 0 0 
 0 0 0 0 74 75 0 0 0 0 0 0 0 0 0 0 1 0 0 0 274 110 76 106 111 486 87 260 414 508 135 99 115 58 0 85 118 264 155 280 0 61 0 0 3 3 3 3 0 0 3 0 0 0 0 2 0 3 8 72 0 0 0 3 0 0 0 2 0 0 3 3 0 0 0 0 0 0 0 0 0 0 0 0 0 0 0 0 0 0 0 0 0 0 0 0 0 0 0 0 29 19 26 28 32 1 1 0 0 1 20 0 1 14 26 20 1 28 13 10 10 0 0 0 0 0 0 0 0 0 0 0 2 9 24 0 0 0 3 0 0 0 0 0 0 0 0 0 0 0 0 0 0 0 3 3 0 0 0 0 0 0 0 0 0 1 0 0 0 0 0 0 0 7 0 0 0 0 0 0 44 39 22 0 0 19 11 36 0 10 29 26 24 20 5 3 21 10 12 14 0 0 0 19 0 0 0 0 0 0 0 0 0 0 10 0 0 0 0 0 0 0 0 0 0 0 0 0 0 0 0 0 0 0 0 0 0 0 0 0 0 0 0 0 0 0 0 0 0 0 0 0 0 0 3 2 1 78 0 2 0 0 1 0 0 0 10 0 0 0 0 0 0 0 0 0 0 21 0 1 0 0 0 0 0 0 0 0 0 0 
 0 0 0 0 0 74 0 1 0 0 0 0 2 0 0 2 0 0 0 0 235 116 109 119 595 59 319 170 81 58 114 109 111 120 85 0 227 191 63 214 1 0 1 0 3 3 3 3 0 0 8 5 4 0 1 2 0 65 0 7 0 6 0 3 0 0 0 2 0 0 3 3 0 0 0 0 0 1 0 0 0 0 1 0 0 0 0 0 0 2 0 0 0 0 0 0 0 0 0 0 8 39 16 26 9 0 5 18 12 9 1 0 6 46 45 39 28 56 0 0 0 8 0 0 0 0 30 0 0 0 13 0 0 0 0 0 0 1 18 0 0 0 11 0 0 0 0 0 0 1 0 0 0 0 0 0 0 0 0 0 0 0 0 0 0 47 22 0 0 0 0 0 0 0 0 0 0 0 0 0 14 1 35 21 9 14 9 20 51 54 0 31 0 46 27 6 0 72 12 19 0 0 0 0 0 0 0 0 10 0 0 0 0 0 0 2 0 0 5 1 0 0 5 1 0 11 0 0 0 0 0 0 0 0 5 0 0 0 0 0 0 0 8 0 0 0 0 0 0 0 0 1 0 0 17 0 0 75 74 2 15 39 0 0 0 0 10 0 0 0 0 0 0 0 0 0 0 0 0 0 0 0 0 0 0 0 0 0 0 0 
 2 0 2 2 0 0 0 0 0 3 0 2 0 2 1 0 0 0 74 75 34 277 199 173 75 68 266 126 144 432 106 358 36 17 118 227 0 155 139 122 0 105 3 2 3 3 5 5 0 3 3 1 2 6 0 5 1 3 3 8 0 0 5 2 0 5 0 53 0 0 3 3 0 0 0 54 0 0 0 0 0 0 0 0 25 10 0 0 0 0 0 0 0 0 0 1 0 0 0 0 0 24 10 0 10 10 28 0 33 10 0 26 31 29 0 14 17 57 0 1 26 19 0 0 0 0 0 18 0 0 12 0 30 19 12 0 0 0 1 9 0 0 0 0 0 0 0 0 0 0 0 0 0 0 0 9 0 0 0 0 1 0 0 0 7 0 0 0 0 0 0 0 0 0 0 0 0 0 0 0 13 0 13 1 9 14 3 8 11 35 40 43 10 31 32 14 9 63 0 13 0 0 0 0 0 0 19 29 21 0 0 2 10 0 12 0 0 0 0 33 0 0 0 0 0 0 0 0 0 0 0 0 0 0 0 0 0 6 0 0 0 0 0 0 0 0 0 0 0 0 0 0 0 0 6 0 0 1 0 0 13 18 0 0 0 0 0 0 0 0 0 0 0 0 0 0 0 0 0 0 0 0 0 0 0 13 0 0 0 0 
 3 3 3 5 3 5 9 3 3 3 3 3 3 3 10 10 5 3 3 5 43 77 261 188 35 76 111 114 41 51 242 66 36 36 264 191 155 0 388 161 0 0 1 0 5 7 71 66 0 0 8 0 74 0 64 2 0 3 2 19 0 0 0 1 0 0 0 2 0 4 5 3 0 0 0 34 0 0 0 0 0 0 0 0 0 0 0 0 0 0 0 0 0 0 0 0 0 0 7 0 25 13 23 46 16 17 10 0 23 9 9 9 6 23 6 21 0 64 14 2 40 0 8 0 0 0 19 0 0 0 0 0 19 9 0 1 0 0 37 0 0 0 0 0 3 0 0 0 0 0 0 0 0 0 0 8 0 0 0 0 0 0 0 0 0 0 0 4 13 0 2 0 0 3 0 0 0 3 13 0 0 0 1 21 35 9 23 12 5 12 9 8 0 8 50 10 0 0 0 0 22 0 0 0 0 0 19 0 0 0 0 0 8 30 8 0 0 0 41 0 0 0 0 0 0 0 0 0 0 0 0 0 0 0 0 0 0 0 0 0 0 0 22 0 0 0 0 0 0 0 0 0 0 0 20 0 6 147 79 0 4 10 0 0 0 0 0 0 0 0 0 0 0 0 0 0 0 0 0 2 0 0 0 0 0 0 8 0 0 0 
 3 90 3 4 32 5 3 3 3 91 117 254 3 3 5 178 78 142 3 3 65 118 207 159 80 43 218 65 112 271 37 35 287 174 155 63 139 388 0 399 0 0 0 200 3 3 2 3 0 0 5 0 2 0 0 2 0 3 9 10 1 0 0 4 0 0 0 4 0 0 2 3 0 5 0 0 0 0 0 1 0 0 23 0 2 0 0 0 0 0 0 2 0 0 1 0 0 33 0 0 22 0 20 14 0 0 23 12 3 0 9 0 0 4 0 8 0 10 24 49 2 0 0 0 0 0 0 0 0 14 0 0 0 15 0 0 0 0 0 0 0 0 0 0 0 0 0 0 0 0 0 0 0 0 0 9 0 0 0 0 0 0 9 11 20 0 0 0 0 0 19 0 0 0 0 0 0 9 0 0 13 6 9 17 0 13 23 0 0 15 0 33 1 47 45 1 0 14 27 16 0 0 0 0 0 0 0 0 0 3 0 0 1 0 0 0 0 1 0 0 0 10 2 0 0 0 0 0 0 0 0 0 0 2 0 0 0 0 0 0 0 0 10 0 0 0 0 0 0 0 0 0 0 0 14 0 1 0 0 0 3 19 0 0 0 0 0 0 0 0 0 0 0 0 0 8 12 0 0 0 0 0 0 1 0 0 0 0 0 0 
 0 0 0 0 2 23 0 0 1 2 0 81 0 1 0 0 0 0 0 2 148 419 41 81 323 44 164 45 156 252 158 72 39 174 280 214 122 161 399 0 0 0 0 0 3 3 3 3 0 0 10 0 18 66 0 2 0 3 2 30 0 3 0 2 0 0 0 2 0 0 3 3 0 0 0 0 0 1 0 0 1 0 0 0 12 0 0 0 0 0 0 0 0 0 0 0 0 15 0 0 75 18 36 33 0 9 28 1 37 18 3 0 0 29 33 0 0 16 0 17 0 0 0 0 0 0 1 0 0 0 0 0 0 0 0 13 0 0 0 0 0 0 0 0 0 0 0 0 0 0 0 0 0 0 0 6 0 0 0 0 0 0 0 33 0 1 0 0 0 2 0 0 0 11 0 0 0 0 0 0 14 37 40 21 0 11 20 0 19 24 1 28 0 51 20 1 15 32 1 34 0 0 0 0 0 0 0 0 0 1 0 0 0 0 0 0 0 0 0 0 0 1 0 0 0 0 2 0 0 0 0 0 0 0 0 0 0 0 0 0 0 0 8 0 0 0 0 0 1 0 0 0 0 0 10 0 1 1 2 0 1 16 0 0 0 0 0 0 0 0 0 0 0 0 0 4 0 0 0 9 0 0 0 0 0 0 0 0 0 0 
 0 0 0 0 0 0 0 0 0 0 0 0 0 0 0 0 0 0 1 30 0 0 0 1 0 0 0 0 0 0 5 0 3 0 0 1 0 0 0 0 0 328 162 145 101 469 164 75 194 303 136 250 61 97 279 170 29 130 115 126 0 0 0 0 0 0 0 9 0 0 1 0 1 0 50 0 0 0 51 0 24 0 0 0 0 0 0 0 0 0 0 0 0 0 0 0 0 0 0 0 0 0 0 0 32 0 0 0 0 0 0 0 0 0 0 0 0 0 0 0 0 24 6 6 0 0 0 2 19 1 15 8 0 0 28 14 44 24 0 0 8 1 0 0 0 0 0 0 0 0 0 0 0 0 0 0 0 0 20 0 0 0 1 9 0 0 0 0 0 0 0 1 1 0 0 0 0 0 4 0 0 0 0 0 0 18 0 0 0 0 0 0 0 0 0 0 0 1 0 0 25 14 1 37 0 20 1 3 26 28 14 12 14 4 32 5 28 14 0 0 8 0 0 0 0 0 0 0 0 0 0 0 8 1 0 0 0 0 16 0 0 0 11 0 0 0 0 0 0 0 0 12 0 8 0 0 0 0 0 11 0 0 66 2 65 9 0 1 1 0 0 0 0 0 0 0 0 0 0 0 0 0 0 0 0 1 0 0 1 0 
 0 0 0 0 0 0 0 0 0 0 0 0 0 0 0 0 0 0 0 0 107 0 0 0 21 62 0 1 0 0 3 0 0 0 61 0 105 0 0 0 328 0 280 54 102 43 96 171 102 44 52 107 31 127 64 246 131 245 121 44 0 0 0 12 0 0 60 0 0 9 3 55 1 2 0 0 0 0 24 0 0 0 0 0 0 0 0 0 0 0 0 0 0 0 0 0 0 0 0 0 0 0 0 0 0 0 0 0 0 0 0 0 0 0 0 0 0 0 0 0 0 20 0 10 0 0 2 12 10 1 0 20 0 47 13 26 21 63 0 10 0 1 0 0 1 0 0 0 1 0 5 0 0 7 0 0 0 4 0 8 0 0 0 1 0 0 0 0 0 0 0 1 0 0 0 0 0 0 0 0 0 0 0 0 0 17 0 0 0 0 0 0 0 0 0 0 0 0 0 0 0 10 10 10 0 37 27 21 35 0 30 0 58 21 40 6 1 22 0 72 11 0 10 0 0 0 0 0 0 10 0 0 9 30 0 0 11 0 0 0 0 0 0 0 0 0 0 0 1 0 0 22 0 0 0 0 0 1 0 2 0 0 0 0 0 8 8 0 2 0 0 0 0 0 0 1 0 0 0 0 0 0 0 0 8 0 0 10 0 0 
 0 0 0 0 0 0 0 0 0 0 0 0 0 0 0 3 0 0 0 0 0 0 0 0 62 11 0 2 0 0 2 5 0 8 0 1 3 1 0 0 162 280 0 119 257 89 111 309 283 115 339 66 35 131 100 348 109 121 314 50 0 0 2 0 0 0 0 0 0 0 63 0 0 0 0 0 0 2 50 0 0 0 0 0 0 0 6 0 23 0 0 9 0 0 9 0 0 0 0 0 21 0 0 0 0 0 0 0 2 0 0 0 0 0 0 0 0 0 0 0 0 34 0 26 0 18 0 8 20 16 0 12 0 0 6 39 22 0 0 7 0 0 0 0 0 0 9 0 0 1 0 0 0 15 0 0 0 0 0 23 0 0 0 0 0 0 0 0 0 0 0 15 0 0 0 0 0 0 0 0 0 0 0 0 0 0 0 0 0 0 0 0 10 0 0 0 0 0 0 0 0 6 14 31 19 9 8 24 1 16 26 0 0 0 15 14 0 13 0 8 16 0 1 0 0 0 0 0 0 0 0 0 0 27 0 0 0 23 4 0 0 0 13 0 0 0 0 0 0 0 0 10 0 0 0 0 0 0 0 9 0 22 0 0 0 0 0 0 0 0 14 0 0 0 0 0 0 0 0 0 0 0 0 0 37 1 0 25 0 0 
 2 2 0 0 0 0 0 0 0 0 0 0 0 0 0 0 0 0 4 4 2 0 3 0 0 2 0 5 3 0 78 0 2 0 0 0 2 0 200 0 145 54 119 0 107 180 118 364 122 453 139 343 150 174 56 602 69 524 92 165 48 0 0 11 0 0 52 0 0 0 6 0 52 0 50 0 0 1 0 0 0 0 0 0 0 0 1 0 0 0 0 0 0 0 0 0 0 0 0 0 0 0 0 0 0 0 0 0 0 0 0 0 0 0 0 0 0 0 0 0 0 5 2 10 4 19 0 0 1 13 3 0 0 0 2 0 27 11 0 0 7 19 10 1 0 0 4 1 33 0 9 9 34 9 15 6 0 0 29 1 0 0 0 0 0 4 0 0 0 0 0 0 3 0 0 1 3 0 0 0 0 0 0 0 0 0 0 0 0 0 0 0 0 0 0 0 0 0 0 0 0 0 0 0 0 15 0 0 1 30 0 1 14 17 19 8 36 0 0 0 9 15 0 0 0 0 29 17 0 1 0 0 4 31 10 1 9 35 12 24 0 0 0 0 0 0 0 0 0 0 0 3 0 0 0 0 0 0 0 10 0 0 0 4 11 5 0 2 0 0 0 0 0 0 1 0 0 0 0 0 0 0 0 0 19 15 0 0 0 0 
 2 0 3 1 0 0 0 0 0 2 0 1 0 1 2 0 0 0 0 5 3 2 3 4 3 3 3 6 2 3 68 3 2 2 3 3 3 5 3 3 101 102 257 107 0 259 35 63 59 492 85 236 49 146 355 239 52 154 64 279 5 0 1 3 1 1 2 0 0 2 0 3 0 0 52 53 2 2 0 0 0 0 0 0 0 0 0 0 0 0 0 0 0 0 0 0 0 0 0 0 0 0 0 0 0 9 0 0 0 0 0 0 0 0 0 7 0 0 0 0 0 0 0 0 20 0 0 0 0 8 13 0 0 0 0 0 14 9 0 0 27 0 15 8 0 0 44 10 1 10 0 0 8 18 0 0 6 0 0 3 0 0 0 3 0 0 0 0 0 0 0 0 5 0 0 0 0 0 0 0 0 0 0 0 0 0 0 0 0 0 0 0 0 0 0 0 0 0 0 0 0 0 0 0 51 0 0 0 25 0 15 8 0 0 10 0 0 0 0 0 19 0 0 0 0 0 11 0 0 0 9 0 19 37 23 27 0 37 3 3 0 0 0 0 0 0 0 0 0 0 0 10 0 0 0 0 0 0 0 8 1 0 12 3 0 21 3 1 4 0 13 0 0 0 0 0 0 0 0 0 0 0 0 0 20 0 0 0 0 0 
 0 0 0 0 0 0 4 0 0 0 0 0 0 0 0 0 0 0 0 3 3 3 3 3 3 3 3 4 3 3 3 3 3 3 3 3 3 7 3 3 469 43 89 180 259 0 39 52 70 61 152 256 58 53 52 217 51 74 51 40 0 0 0 5 0 0 50 0 0 0 1 0 41 23 57 0 0 0 52 0 0 0 0 0 0 0 0 0 0 0 0 0 0 0 0 0 0 0 0 0 0 14 0 0 0 0 0 0 0 0 0 0 0 0 0 0 0 0 0 0 0 0 10 0 44 2 0 0 59 17 2 15 0 0 0 2 0 22 0 0 10 6 15 14 0 0 14 9 42 10 11 11 25 0 21 8 10 0 1 12 0 0 0 4 0 4 0 0 0 0 0 0 30 0 0 0 0 39 0 0 0 0 0 0 0 0 0 0 0 0 0 0 0 0 0 0 0 0 0 0 0 7 0 13 67 34 0 0 17 0 16 12 0 0 0 0 0 10 0 0 2 25 7 0 0 10 14 13 0 0 4 14 32 57 5 0 0 13 9 28 0 0 0 0 0 0 0 0 0 1 0 7 0 0 5 0 0 0 0 0 0 21 4 35 0 14 1 0 0 0 19 0 0 0 0 0 0 0 0 0 0 0 0 0 3 0 0 0 0 2 
 2 2 2 5 2 3 2 2 2 2 2 2 2 2 2 2 2 2 2 2 1 3 2 3 31 191 2 5 65 3 4 99 3 3 3 3 5 71 2 3 164 96 111 118 35 39 0 251 64 103 97 28 317 245 76 35 46 122 192 117 0 0 2 0 3 0 0 0 0 1 0 0 0 0 0 0 0 0 0 0 0 0 0 0 0 0 0 0 0 0 0 0 0 0 0 0 0 0 0 0 0 0 0 21 0 13 0 0 0 0 0 9 0 0 0 0 0 0 0 0 3 11 1 15 0 0 1 0 4 0 11 6 12 0 4 18 10 0 11 44 0 1 2 0 0 0 0 0 0 0 0 5 0 0 0 0 8 0 12 0 0 1 10 0 0 0 0 6 0 0 0 0 0 6 0 0 0 2 0 0 0 1 0 0 9 7 0 0 0 0 1 0 0 0 0 0 2 0 0 0 31 8 18 0 0 0 35 1 0 8 0 0 10 9 4 22 11 9 0 15 0 0 0 0 24 38 0 0 0 0 0 0 0 0 0 0 0 0 6 0 0 0 0 0 0 0 0 0 0 0 0 10 0 0 0 0 0 0 4 0 0 4 2 0 38 2 0 0 0 0 0 0 0 0 0 0 0 0 0 0 0 29 0 0 0 0 0 0 0 0 
 0 0 0 2 0 0 0 0 0 0 0 0 0 0 0 2 0 0 0 0 3 3 3 4 64 8 3 5 3 3 5 5 3 3 3 3 5 66 3 3 75 171 309 364 63 52 251 0 177 487 80 105 322 464 109 548 100 456 508 271 0 0 0 0 0 0 0 0 0 6 0 0 2 0 0 0 0 0 5 0 0 0 0 0 0 0 0 0 0 0 0 0 1 0 0 0 0 0 0 0 0 0 0 0 0 21 0 0 11 0 1 2 0 0 0 0 0 0 0 0 17 18 33 15 0 6 14 11 11 0 23 0 19 2 0 25 14 4 3 1 27 0 0 0 0 0 1 8 0 0 0 0 0 2 0 0 0 0 0 8 0 3 2 0 0 0 0 0 0 0 0 0 0 2 0 0 0 2 0 0 0 0 0 0 27 16 0 0 0 0 7 0 16 0 0 0 0 0 0 0 11 10 54 5 1 0 2 21 1 19 12 9 20 14 70 11 13 0 8 8 0 0 0 0 0 0 0 0 0 0 1 0 0 11 0 0 0 0 20 3 0 0 0 0 0 0 0 0 0 0 0 7 0 0 0 0 0 30 0 1 0 0 2 0 67 3 2 0 0 0 0 0 0 0 0 0 0 0 0 0 0 4 0 0 1 0 13 0 0 0 
 1 2 1 2 0 0 3 1 2 2 2 0 1 1 0 63 0 2 2 0 0 0 0 0 0 0 0 2 0 0 0 2 0 0 0 0 0 0 0 0 194 102 283 122 59 70 64 177 0 173 228 104 150 188 241 142 113 219 127 133 3 0 0 0 0 0 0 3 0 0 51 0 4 0 0 0 0 0 15 0 0 0 0 11 0 0 0 0 0 0 0 0 0 0 0 0 0 0 0 0 0 0 0 0 1 0 0 0 0 0 0 0 0 0 0 0 0 0 0 0 18 35 1 11 0 1 0 10 10 0 9 19 0 0 1 22 37 11 0 13 44 0 0 0 0 0 0 8 0 0 0 0 0 0 2 0 0 0 11 7 0 0 0 0 0 0 0 0 6 0 0 4 0 0 0 1 0 0 0 0 0 0 0 0 0 1 0 0 0 0 0 0 0 0 0 0 0 1 0 0 1 13 24 1 6 2 1 9 19 27 1 18 37 11 4 34 54 21 0 0 4 3 0 0 0 0 3 0 0 0 9 0 0 23 0 2 0 0 6 6 0 0 0 0 0 0 0 0 0 0 0 10 0 0 0 0 0 0 0 1 0 0 5 0 35 0 4 3 2 0 0 0 0 0 0 0 0 0 0 0 0 0 0 0 0 15 0 0 0 0 
 0 0 0 0 0 0 0 0 0 0 0 0 1 0 0 2 0 0 0 2 0 0 0 0 1 1 0 0 0 1 5 0 3 0 0 0 3 0 0 0 303 44 115 453 492 61 103 487 173 0 90 174 82 135 162 277 43 74 144 344 54 0 0 0 0 0 73 5 0 0 77 0 0 0 0 0 0 0 0 50 0 0 0 0 0 0 0 0 0 0 0 0 0 0 0 0 0 0 0 0 0 0 0 0 6 10 0 0 0 0 0 0 0 0 0 0 0 0 0 0 10 7 1 1 10 0 0 15 0 22 13 0 1 0 2 1 11 13 14 12 0 0 0 0 0 0 13 10 0 0 0 0 0 9 0 0 0 0 4 8 0 0 0 0 0 0 0 0 6 0 0 20 0 0 0 0 0 0 0 0 0 0 0 0 0 39 0 0 0 0 7 1 0 0 0 0 0 0 0 0 11 25 14 0 22 0 1 12 11 9 15 8 14 13 10 23 13 7 0 1 4 1 0 0 25 0 0 1 0 0 0 0 5 0 0 0 0 6 18 15 0 0 0 0 0 0 0 0 0 0 0 8 0 2 0 0 0 0 0 0 0 0 0 0 64 9 0 1 0 0 11 0 0 0 0 0 0 0 0 0 0 34 0 0 6 0 0 0 0 0 
 0 0 0 0 0 0 0 0 0 0 0 0 0 0 0 0 0 0 0 3 3 3 5 9 3 66 36 3 4 6 5 4 3 3 3 8 3 8 5 10 136 52 339 139 85 152 97 80 228 90 0 126 47 63 64 423 75 142 123 98 9 0 0 0 0 0 0 1 0 0 2 0 51 0 0 0 0 0 56 0 0 0 0 0 0 0 0 0 0 0 0 0 0 0 0 0 0 0 0 0 3 13 3 0 0 0 0 0 0 0 1 0 0 1 22 0 0 3 0 0 0 25 20 45 5 0 5 7 18 8 7 17 0 0 21 0 27 19 0 19 7 8 11 0 0 0 0 0 0 0 0 0 0 16 0 0 0 0 12 0 0 0 0 0 0 3 0 0 0 0 0 0 9 0 16 1 0 0 0 0 0 1 0 18 0 3 11 0 0 2 0 4 0 0 3 0 0 0 0 0 39 7 10 34 0 26 0 7 0 15 10 22 1 2 11 11 17 18 0 14 12 0 0 0 0 0 0 0 0 0 0 0 0 10 12 0 24 0 11 0 0 0 27 0 0 0 0 0 0 0 0 11 0 0 0 0 0 0 0 2 0 21 64 1 65 0 0 1 0 0 0 0 0 0 0 0 0 0 0 0 0 0 0 0 0 0 0 0 0 0 
 0 0 0 0 0 0 0 0 0 1 0 0 0 0 2 0 3 1 0 3 0 0 0 0 18 42 1 5 0 0 0 3 18 3 0 5 1 0 0 0 250 107 66 343 236 256 28 105 104 174 126 0 46 53 63 94 115 150 32 251 12 0 0 3 0 1 30 0 0 0 1 0 1 51 24 0 0 0 4 0 0 0 0 0 0 0 0 0 0 0 0 0 0 0 0 0 0 0 0 9 0 0 0 0 0 39 0 0 1 0 0 0 0 3 5 0 0 12 0 0 0 0 0 0 21 0 4 0 8 12 16 0 0 0 0 0 8 7 7 0 17 7 8 10 1 0 7 0 12 8 0 0 11 0 11 0 10 0 1 7 0 0 0 1 0 2 0 0 0 0 0 0 4 0 0 0 0 0 0 0 0 0 5 0 0 0 0 0 26 3 1 0 0 0 29 0 0 13 0 0 0 0 0 0 48 0 1 0 29 2 14 15 0 0 1 0 3 0 1 0 20 10 0 0 0 14 8 0 0 0 1 0 12 26 11 13 0 20 3 7 0 0 0 0 0 0 0 0 0 0 0 11 0 0 0 0 0 0 6 2 0 2 2 0 0 10 0 62 0 0 20 0 0 0 0 0 0 0 0 0 0 2 0 0 22 7 0 0 0 0 
 3 3 3 5 3 3 3 3 3 3 3 3 3 3 3 3 3 3 3 3 0 10 41 68 1 34 7 1 19 0 64 25 0 0 0 4 2 74 2 18 61 31 35 150 49 58 317 322 150 82 47 46 0 390 46 123 31 52 299 101 2 0 3 0 0 1 0 0 0 3 0 0 0 0 0 0 0 3 0 1 0 0 17 0 0 0 0 0 0 0 0 0 0 0 0 0 0 0 0 0 7 0 3 24 66 20 0 9 21 0 8 14 0 1 7 13 11 6 0 0 7 21 14 1 0 0 33 0 0 0 55 0 37 7 0 61 0 14 11 2 0 0 4 0 0 0 0 0 0 0 0 0 0 0 0 0 0 0 25 0 0 0 0 0 0 0 0 0 0 0 14 0 0 0 0 0 0 2 0 0 0 0 3 21 25 27 2 0 29 1 0 3 0 0 3 0 0 0 0 0 27 21 21 0 0 0 3 3 0 6 0 0 36 44 38 4 0 0 18 16 0 0 0 0 0 0 0 0 0 0 0 0 0 0 0 0 0 0 18 0 0 0 8 0 0 0 0 0 0 0 0 5 0 0 0 0 0 29 76 0 0 0 0 0 64 3 1 0 0 0 0 0 0 0 0 0 0 0 0 0 0 23 0 0 0 0 13 0 0 0 
 0 0 0 63 0 0 0 0 0 0 0 0 0 0 0 0 0 0 5 0 0 0 0 0 66 3 0 1 0 1 0 0 0 0 0 0 6 0 0 66 97 127 131 174 146 53 245 464 188 135 63 53 390 0 102 118 109 62 499 575 0 0 1 0 0 0 0 2 0 2 3 0 1 0 7 6 0 0 0 6 0 0 0 0 0 0 0 0 0 0 0 0 0 0 0 0 0 0 0 0 0 0 0 0 0 0 0 0 0 0 0 0 0 0 0 0 0 0 0 0 0 35 1 0 0 0 2 10 0 1 7 6 0 39 24 34 30 57 7 11 0 1 0 0 0 0 0 0 0 0 0 0 2 10 8 0 0 0 22 0 0 0 0 1 0 0 0 0 0 0 0 3 2 0 0 0 0 0 0 0 0 0 0 0 20 30 0 0 0 0 0 0 0 0 0 0 0 0 0 0 18 12 21 0 0 8 33 28 37 25 14 6 53 49 59 24 20 1 8 49 4 6 0 0 0 0 23 8 3 0 4 0 14 0 6 3 0 4 44 0 0 0 0 0 0 0 0 0 0 0 0 2 0 0 0 0 0 64 0 3 0 0 0 0 67 10 1 0 0 0 2 0 0 0 0 0 0 0 0 0 0 0 0 0 0 0 0 0 0 0 
 0 1 0 0 1 1 0 2 0 5 0 62 0 12 42 1 24 1 0 3 0 1 0 4 1 71 1 1 1 0 2 0 5 1 0 1 0 64 0 0 279 64 100 56 355 52 76 109 241 162 64 63 46 102 0 97 41 51 287 337 12 1 56 0 3 6 0 1 0 0 0 0 0 0 0 0 0 55 3 4 2 0 0 0 12 17 1 7 13 0 0 0 0 0 0 52 0 0 0 12 0 0 0 1 0 10 0 0 4 0 5 0 0 0 0 0 0 0 0 0 0 0 15 11 3 4 1 1 22 15 20 8 0 38 7 36 25 12 11 0 28 0 0 0 0 0 1 0 0 0 0 0 0 11 0 0 1 0 0 10 0 0 0 1 0 15 0 2 0 0 2 0 0 42 17 0 6 4 0 0 0 0 0 0 10 0 0 0 0 0 8 0 0 0 0 0 0 0 28 0 8 0 19 0 14 0 18 1 31 3 10 12 0 11 0 0 10 0 1 0 20 0 0 0 0 0 0 0 0 0 0 0 0 10 0 0 0 0 0 0 0 0 0 0 0 0 41 0 0 18 0 11 0 1 36 0 0 0 2 0 0 0 65 0 0 0 0 68 0 0 0 0 0 0 0 0 0 0 0 0 0 0 0 0 2 7 0 9 0 0 
 3 3 3 3 3 3 4 3 3 7 3 5 3 3 3 3 3 3 3 3 2 2 2 2 2 2 2 5 2 2 7 2 5 64 2 2 5 2 2 2 170 246 348 602 239 217 35 548 142 277 423 94 123 118 97 0 77 537 313 558 8 0 0 0 0 0 0 0 0 0 1 0 1 2 0 0 0 51 31 0 0 0 0 0 0 0 0 0 0 0 0 0 0 0 0 0 0 0 0 0 0 0 0 0 3 0 0 0 0 0 0 0 0 0 0 0 1 0 0 0 1 11 13 10 20 0 0 5 13 28 24 0 0 0 3 0 32 13 0 0 0 13 0 0 0 0 1 0 0 0 0 2 0 2 0 0 0 0 12 7 0 0 0 3 0 8 0 0 0 0 0 0 5 0 0 0 0 0 0 0 0 0 0 0 1 0 0 0 0 0 0 0 0 0 0 0 0 0 0 0 0 16 1 13 17 6 1 0 33 43 0 18 33 14 7 30 12 22 0 0 22 0 0 0 0 0 0 0 0 0 0 0 8 27 7 0 0 0 10 0 0 0 0 0 0 0 0 0 0 0 0 3 0 0 0 0 0 0 0 2 0 1 6 0 46 12 0 63 1 0 0 0 0 0 0 0 0 0 0 0 0 5 0 0 0 7 0 0 0 0 
 0 58 0 0 0 70 0 0 0 0 62 0 0 0 0 0 0 0 0 3 0 0 0 0 47 62 0 4 0 0 3 0 2 0 0 0 1 0 0 0 29 131 109 69 52 51 46 100 113 43 75 115 31 109 41 77 0 116 51 29 0 0 0 0 4 5 52 0 2 1 0 0 0 23 50 0 0 0 9 0 0 0 0 0 0 0 0 0 0 0 0 0 0 0 0 0 0 0 0 0 0 0 0 0 0 0 0 0 0 0 0 0 0 0 0 0 0 0 9 0 25 4 0 19 4 0 1 0 21 0 0 24 0 15 0 26 11 15 0 40 11 0 9 0 0 0 0 0 7 12 0 0 9 1 4 0 9 0 0 1 0 4 0 0 0 0 0 0 4 0 0 0 0 2 0 0 0 0 0 0 0 0 0 0 0 7 0 0 0 0 1 0 0 0 0 0 0 0 0 0 0 20 40 0 9 2 54 1 14 9 0 16 21 18 0 27 45 37 0 15 0 6 6 0 0 4 9 0 0 0 0 0 9 0 0 0 0 0 0 9 0 0 0 0 0 0 0 0 0 0 0 11 0 0 0 0 0 0 0 0 0 0 67 0 0 1 0 0 0 0 0 0 0 0 0 0 0 0 0 0 0 0 0 0 1 13 0 0 0 0 
 0 0 0 0 0 0 0 0 0 0 0 0 0 0 0 0 0 0 0 3 3 3 3 9 3 3 3 6 3 4 8 3 3 3 3 65 3 3 3 3 130 245 121 524 154 74 122 456 219 74 142 150 52 62 51 537 116 0 109 79 56 7 0 5 0 1 71 3 5 0 6 4 46 4 0 0 14 3 2 0 0 0 0 0 0 0 0 0 0 0 0 0 0 0 0 0 0 0 0 0 0 0 0 0 0 0 0 0 0 0 0 0 0 0 0 0 0 0 9 0 0 18 18 8 19 0 0 15 7 16 7 0 0 0 14 0 1 16 0 0 3 7 9 11 0 0 3 0 9 0 0 21 0 19 0 14 2 0 20 0 0 0 0 0 0 4 0 0 0 0 0 0 0 0 0 6 0 0 0 0 0 0 10 0 0 10 0 0 0 0 0 0 0 0 0 0 0 0 0 0 19 9 0 22 12 6 0 6 0 25 14 0 6 20 9 11 8 0 0 1 17 1 0 5 0 0 1 0 0 0 0 4 0 0 0 0 32 6 18 19 0 0 0 0 0 0 0 0 0 0 0 7 0 0 0 0 0 0 0 8 0 0 5 63 62 4 0 62 0 0 14 0 0 2 0 0 0 0 0 0 0 0 0 0 6 20 0 0 0 0 
 3 3 3 3 3 3 3 3 3 6 3 3 3 3 3 3 3 3 3 3 61 79 74 2 34 65 1 2 75 1 5 1 3 0 8 0 3 2 9 2 115 121 314 92 64 51 192 508 127 144 123 32 299 499 287 313 51 109 0 240 0 0 2 0 0 0 0 0 0 0 0 0 0 0 0 0 0 0 0 0 0 0 0 0 0 0 0 0 0 0 0 0 0 0 0 0 0 0 0 0 14 8 11 19 1 1 1 12 33 0 8 0 0 0 0 20 7 0 11 13 0 8 1 9 0 0 10 7 1 1 6 10 2 17 7 18 17 9 0 21 9 0 0 0 0 0 0 0 0 0 0 13 0 3 0 0 0 0 24 0 0 0 0 0 0 0 0 0 0 0 0 15 0 0 0 0 0 0 0 0 0 7 0 10 34 29 6 16 0 0 0 2 0 0 2 0 10 0 0 0 0 15 19 0 0 0 9 13 9 2 0 0 26 20 29 36 15 13 10 39 0 0 0 0 0 0 0 0 0 0 0 0 0 0 0 0 0 0 18 0 0 0 5 0 0 0 0 0 0 0 0 6 0 1 0 0 0 0 0 2 0 17 0 0 6 1 0 0 0 0 0 0 0 0 0 0 0 0 0 0 0 0 0 0 0 0 0 0 0 0 
 2 2 2 2 1 2 2 0 0 2 2 2 2 0 2 1 0 2 0 3 4 51 108 138 72 4 11 67 75 72 68 69 4 4 72 7 8 19 10 30 126 44 50 165 279 40 117 271 133 344 98 251 101 575 337 558 29 79 240 0 0 0 5 0 0 0 0 0 0 0 0 0 0 0 0 0 0 1 0 0 0 0 0 0 0 0 19 0 0 0 0 0 0 0 0 0 0 0 0 0 20 0 17 23 5 12 0 0 0 0 20 43 0 1 0 5 0 4 7 8 17 10 6 0 0 0 0 6 0 0 6 0 0 11 6 0 21 14 9 0 0 0 0 0 2 1 0 0 0 0 1 1 10 0 0 0 0 0 20 0 0 0 0 0 0 0 0 0 0 0 0 0 0 0 0 0 0 0 0 0 2 0 0 8 0 25 7 0 0 0 11 13 0 0 7 32 20 1 0 0 18 8 0 0 0 0 0 0 0 11 0 0 15 5 21 3 5 0 0 40 0 0 0 0 3 2 0 0 0 0 1 0 0 0 0 0 0 1 15 0 0 0 12 0 0 0 0 0 0 0 0 14 0 2 0 0 0 19 0 0 0 0 2 0 63 2 4 0 0 0 0 0 0 0 0 0 0 0 0 0 0 0 0 0 0 0 1 0 1 0 
 0 0 0 0 0 49 0 0 0 0 0 0 0 0 0 0 0 0 0 0 0 0 0 0 0 0 0 42 0 0 2 0 0 0 0 0 0 0 1 0 0 0 0 48 5 0 0 0 3 54 9 12 2 0 12 8 0 56 0 0 0 131 189 111 40 59 115 283 76 42 134 62 324 135 36 29 282 88 318 61 0 0 0 0 0 0 0 0 0 0 0 0 0 1 0 0 0 0 0 0 0 0 0 0 0 0 0 0 0 0 0 0 0 0 0 0 0 0 0 0 0 0 0 0 3 31 0 0 5 1 11 0 0 0 0 0 4 0 0 0 0 4 0 12 9 26 19 13 19 0 14 6 7 12 15 66 0 1 0 4 0 0 0 0 0 0 0 0 0 0 0 0 0 0 0 1 6 8 0 0 0 0 0 0 0 0 0 0 0 0 0 0 0 0 0 0 0 0 0 0 0 12 0 0 30 0 0 0 3 0 0 4 0 0 0 0 1 0 0 0 3 28 3 26 0 10 10 16 16 4 0 0 0 0 0 0 0 11 8 37 0 0 1 2 17 0 0 0 0 1 0 0 0 3 3 0 21 0 0 0 0 0 0 0 0 0 0 4 0 0 20 0 0 8 0 24 0 0 0 0 0 0 0 0 29 4 0 0 0 0 
