 0 226 133 155 118 45 407 48 331 123 550 33 224 173 454 370 229 165 51 40 0 0 0 2 0 1 0 2 4 1 0 0 1 17 0 0 0 7 0 0 0 0 3 0 0 0 0 0 0 0 3 0 0 0 1 0 0 0 0 0 3 2 0 1 0 0 2 0 0 0 0 0 0 0 0 0 2 3 3 0 59 8 0 41 27 0 0 45 28 4 34 0 0 28 9 78 42 12 0 70 0 0 0 2 0 0 0 0 1 0 0 0 19 0 0 0 0 1 14 0 2 0 0 0 0 2 0 0 0 0 0 0 0 1 0 0 0 0 0 0 0 0 0 0 0 1 0 0 0 0 0 0 1 0 0 0 0 0 0 0 15 20 27 4 15 0 9 1 19 28 0 17 0 20 49 15 23 0 11 0 0 0 0 0 2 0 0 0 0 0 1 1 0 0 0 0 1 0 0 70 0 0 0 0 0 1 0 0 0 0 2 0 0 0 14 0 0 19 0 0 0 0 0 0 0 0 0 0 0 0 0 0 0 2 0 0 0 0 0 0 0 0 0 0 0 2 2 1 0 2 0 4 0 0 0 0 0 0 0 0 0 0 15 0 0 0 0 0 0 0 0 0 0 0 0 14 0 23 0 0 0 0 0 0 0 0 0 0 0 0 
 226 0 525 68 17 30 523 87 226 353 25 37 170 62 218 279 286 108 322 55 0 0 0 2 0 0 2 2 2 0 0 0 72 8 0 0 0 0 2 0 0 0 3 0 0 0 0 0 0 0 3 2 0 0 0 0 0 0 0 0 2 2 1 5 0 0 3 0 0 0 0 0 0 0 0 0 3 2 2 6 24 19 29 14 0 15 10 0 15 22 34 0 24 13 12 41 8 12 0 14 10 0 0 0 0 0 1 0 0 0 0 0 19 0 14 0 0 0 0 10 0 0 2 0 0 0 0 0 0 0 0 0 2 0 0 0 0 1 2 0 0 0 0 0 0 3 0 11 1 0 0 0 3 0 0 0 0 0 0 0 9 25 16 36 0 0 14 26 22 21 11 0 10 23 15 14 10 0 14 0 0 0 0 0 0 0 0 0 0 0 0 0 0 0 8 0 0 0 13 0 0 0 0 0 0 0 0 0 0 0 0 0 0 0 0 0 0 0 0 0 0 0 0 0 0 0 0 0 0 0 0 0 0 0 0 0 0 0 0 0 0 10 0 0 0 3 0 0 0 0 0 12 0 0 0 0 0 0 0 0 0 0 0 0 0 0 0 0 0 0 0 0 0 0 0 1 0 9 0 0 0 0 0 0 0 0 0 0 0 0 
 133 525 0 227 63 39 87 136 250 227 211 155 191 71 143 360 49 277 55 51 0 0 2 2 0 0 34 2 2 0 0 0 97 1 2 39 0 0 78 0 0 0 3 0 72 2 0 0 3 0 3 0 0 1 0 0 0 0 0 0 5 3 3 4 0 0 2 0 2 0 0 2 0 0 0 0 3 3 3 23 52 18 10 7 0 17 15 19 15 16 26 0 15 27 0 27 0 34 0 0 2 0 1 0 14 0 0 43 0 0 0 0 37 10 19 0 0 0 10 3 1 0 1 0 0 0 7 0 0 0 0 0 0 0 0 0 0 2 0 0 0 0 0 2 15 0 0 0 1 0 0 0 0 0 0 0 0 0 0 0 0 25 1 26 35 34 11 17 7 0 24 0 8 15 19 9 24 16 2 2 0 0 0 0 0 0 11 0 13 0 0 0 0 1 19 0 0 0 18 0 0 0 0 0 6 0 0 0 2 0 0 0 0 12 0 0 0 0 0 0 0 0 0 0 0 0 0 0 0 0 4 0 0 0 0 0 0 0 0 0 0 0 0 0 0 0 1 0 0 0 0 7 0 0 0 0 0 0 0 0 0 0 0 0 0 0 0 0 0 0 0 0 0 0 0 13 0 0 0 0 0 0 0 0 0 0 0 0 0 0 
 155 68 227 0 165 123 435 74 219 235 71 44 298 111 271 355 201 52 77 96 75 85 0 2 0 0 35 0 2 0 0 0 0 0 76 0 0 4 3 94 0 0 3 0 0 0 0 0 0 0 12 2 0 0 0 0 0 0 0 0 2 28 0 0 0 2 3 0 0 0 0 0 0 0 0 0 31 2 2 55 29 7 10 47 1 0 0 29 14 7 32 15 17 15 12 4 4 0 0 13 0 0 0 0 0 0 19 3 0 0 0 0 0 0 16 0 0 1 29 3 0 0 0 0 0 0 0 29 14 0 0 0 0 0 0 2 0 0 0 0 2 0 0 0 0 0 0 0 0 0 0 0 0 0 0 0 0 0 0 0 12 62 17 1 10 2 1 18 0 38 2 0 4 11 11 13 9 0 13 21 0 17 0 12 0 0 0 16 0 0 0 0 2 29 0 0 0 0 18 1 1 0 0 0 0 0 0 0 0 0 0 21 0 0 0 0 0 0 0 0 0 0 0 0 0 0 0 0 0 0 0 0 0 0 0 2 0 0 0 0 0 0 0 0 0 0 0 0 4 6 21 15 0 0 0 0 0 0 0 0 0 0 25 0 0 0 0 0 0 0 0 0 0 0 0 10 16 0 0 0 0 0 0 0 0 1 0 0 0 0 
 118 17 63 165 0 241 380 85 80 154 169 136 86 177 79 414 188 146 71 64 73 0 79 2 1 2 75 0 77 0 0 0 76 1 76 43 0 2 113 42 4 8 6 3 0 0 0 0 0 2 5 0 0 4 0 0 0 0 0 0 2 2 4 11 3 4 5 0 6 2 1 2 2 7 0 0 7 2 4 2 0 30 0 13 10 16 2 0 14 15 53 17 0 24 0 1 87 0 0 0 0 41 12 33 0 0 12 19 28 1 12 1 1 20 0 2 0 0 31 0 0 21 0 0 0 0 0 36 20 9 0 0 0 2 10 0 0 0 0 0 0 0 0 0 0 0 0 0 0 0 0 0 0 5 0 0 0 0 0 0 0 13 8 14 11 39 0 3 12 0 21 0 0 0 15 10 21 8 4 0 22 0 10 0 0 2 27 15 0 0 0 1 2 19 28 13 17 1 0 28 0 0 0 0 0 0 0 12 0 0 0 0 0 0 0 0 0 0 0 0 0 0 0 0 0 20 0 0 0 0 0 0 0 0 0 0 0 0 0 0 0 0 0 0 0 2 87 0 87 0 2 8 0 0 0 0 0 0 0 0 41 0 2 0 0 0 0 0 0 0 0 0 0 0 0 0 0 0 0 0 0 0 0 0 0 0 0 0 0 0 
 45 30 39 123 241 0 31 81 39 285 146 88 30 64 54 285 288 68 57 46 59 54 91 81 0 0 144 73 140 2 0 0 35 148 110 135 3 3 219 141 0 0 3 0 0 0 0 0 3 0 3 0 0 0 0 0 0 52 0 1 2 2 0 0 0 0 3 0 0 0 0 30 0 0 0 0 3 2 2 0 0 0 0 0 9 1 0 0 0 0 15 16 0 0 0 0 0 0 0 1 18 31 0 19 4 0 30 20 18 30 11 8 33 0 47 32 0 0 36 39 0 0 16 0 0 0 0 0 0 0 0 0 0 0 0 0 0 0 0 0 0 0 0 0 0 0 0 0 0 0 0 0 0 0 0 0 0 0 0 0 6 0 0 0 0 0 0 8 0 0 7 8 0 0 0 0 0 0 4 0 0 34 37 29 16 0 40 56 2 15 0 21 51 4 0 20 27 1 15 22 0 0 0 0 0 0 0 0 0 0 0 0 0 2 0 0 0 0 0 1 0 0 2 0 0 0 0 0 0 0 0 0 0 0 0 0 0 0 0 0 0 0 0 0 0 4 45 0 4 2 4 11 4 0 0 0 0 86 73 0 10 0 0 0 0 0 0 0 0 0 0 0 0 0 0 0 0 0 0 12 0 0 0 0 0 0 0 0 0 2 
 407 523 87 435 380 31 0 93 247 148 21 38 269 135 299 121 247 54 201 77 0 0 0 2 0 0 0 0 2 0 0 0 0 0 0 0 64 1 0 0 0 1 3 0 0 0 0 0 0 0 3 0 0 0 0 0 0 0 0 0 2 2 0 11 0 0 2 0 0 0 0 2 0 0 0 0 3 3 3 5 37 10 71 21 47 0 17 15 25 42 9 26 19 15 38 8 28 88 8 16 0 0 0 0 0 0 0 0 0 0 0 0 0 0 0 0 0 0 0 0 0 0 2 0 0 0 0 0 0 0 0 0 2 0 0 0 0 1 2 0 0 0 0 0 0 4 0 0 1 0 0 0 4 0 0 0 0 0 0 0 18 12 25 3 1 0 88 31 18 45 0 0 2 23 4 26 10 0 16 21 0 11 0 0 0 0 14 0 0 0 44 0 11 0 0 0 0 0 0 0 0 0 0 0 0 0 0 0 0 0 0 29 0 0 0 0 0 0 0 0 0 0 0 0 0 0 0 0 0 0 0 0 0 0 0 0 0 0 0 0 0 2 0 0 0 1 0 0 1 1 0 15 0 0 0 0 0 0 0 0 0 0 0 0 0 0 0 0 0 1 0 0 0 0 0 0 42 20 0 0 0 0 0 0 0 0 0 0 0 0 
 48 87 136 74 85 81 93 0 291 89 256 122 294 184 176 232 368 264 150 270 0 24 0 2 0 0 0 0 4 0 0 0 0 0 0 0 0 4 1 0 0 0 3 0 0 0 0 0 0 0 3 0 0 0 0 0 0 63 0 0 2 2 0 0 0 0 3 0 0 48 0 0 0 0 0 0 3 2 2 0 0 0 0 8 15 20 0 14 0 15 1 2 1 18 0 0 22 9 4 13 0 0 0 0 0 0 0 0 2 0 0 0 0 0 0 0 0 0 10 0 0 0 41 0 0 0 0 0 2 0 0 0 0 0 0 0 0 0 0 0 0 0 0 14 0 0 0 0 6 0 0 0 0 0 0 0 0 0 0 0 19 9 9 14 0 13 42 25 0 0 8 28 13 0 0 1 24 27 0 6 0 8 0 8 0 0 0 19 0 0 1 0 0 1 0 0 0 0 16 20 0 0 0 0 0 0 1 0 0 0 0 2 0 0 0 0 1 0 0 0 0 2 0 0 0 0 0 0 0 0 0 0 0 1 0 0 0 0 0 0 0 0 0 0 0 0 51 1 2 0 0 15 0 0 0 0 0 0 0 0 0 0 0 0 0 0 0 0 0 0 0 0 0 0 0 0 0 0 0 0 0 0 0 0 0 0 0 0 0 0 
 331 226 250 219 80 39 247 291 0 48 348 54 347 216 324 242 455 227 124 66 0 0 0 2 1 0 34 0 2 0 0 0 0 0 0 0 0 1 74 0 0 0 3 0 0 0 0 0 0 0 3 0 0 0 0 0 0 0 0 0 3 2 0 2 0 0 2 0 0 0 0 0 0 0 0 0 3 3 3 9 26 0 39 9 14 32 28 30 29 39 10 0 41 23 23 1 0 46 15 0 0 0 7 0 0 0 0 15 0 0 0 0 0 10 0 0 0 0 10 0 0 0 0 0 0 0 2 0 7 0 0 2 0 0 0 0 0 0 0 0 0 0 0 0 0 0 0 0 0 0 0 0 2 0 0 0 0 0 0 0 23 15 7 21 23 18 11 36 0 0 5 0 5 15 12 22 24 18 0 12 0 0 0 0 0 0 13 0 0 0 0 0 14 0 0 0 0 0 1 0 0 0 0 0 0 0 0 0 0 0 0 0 0 0 0 0 0 0 0 0 1 14 0 0 0 2 0 0 0 0 0 0 0 0 0 0 0 0 20 0 0 0 0 0 0 0 2 0 0 0 1 19 0 5 0 0 0 0 0 0 0 0 0 0 0 0 0 0 0 0 0 0 0 0 0 12 0 0 0 0 0 0 0 0 0 0 0 0 0 0 
 123 353 227 235 154 285 148 89 48 0 168 428 55 273 93 331 132 79 394 81 7 0 0 4 0 0 0 0 2 0 0 0 73 0 4 0 0 0 0 0 0 0 3 0 0 0 0 0 0 0 3 0 0 0 0 0 0 1 0 0 2 2 0 8 0 0 3 0 0 0 0 0 0 0 0 0 3 2 2 0 11 36 10 45 11 0 0 0 35 74 21 18 12 22 5 17 41 3 0 0 14 0 9 0 0 0 0 10 0 0 0 0 17 0 14 0 0 0 12 10 0 0 0 0 0 0 0 0 1 0 0 0 0 0 0 0 0 0 0 0 0 0 0 0 0 0 9 0 0 0 0 0 0 0 0 16 0 0 0 0 10 25 5 45 0 13 0 8 18 13 11 11 0 12 41 0 36 23 0 7 9 0 0 0 0 0 0 0 0 0 0 0 0 0 0 3 0 0 28 1 0 0 0 0 0 0 2 0 0 0 0 1 0 0 0 0 2 0 0 0 11 1 0 0 0 0 2 0 0 0 0 0 0 0 0 0 0 0 0 0 0 0 0 0 0 1 2 0 88 2 2 12 0 0 0 0 0 0 0 0 0 0 0 0 0 0 0 0 0 0 0 0 0 0 0 0 0 0 0 0 0 0 0 0 0 0 0 0 0 0 
 550 25 211 71 169 146 21 256 348 168 0 381 42 47 451 82 413 100 53 29 76 91 0 2 2 0 28 0 2 0 0 0 78 0 80 0 2 2 1 79 0 0 3 0 0 60 0 0 0 0 3 0 0 0 0 0 0 0 0 0 2 2 0 0 0 0 2 0 0 0 0 60 0 5 0 0 3 54 3 0 0 7 0 8 8 0 0 0 0 11 36 0 0 32 0 0 13 11 0 0 10 0 12 0 0 0 20 11 0 0 0 0 17 0 32 0 0 1 33 29 0 0 0 0 0 0 0 17 0 0 0 0 0 0 0 0 0 0 0 0 0 0 0 0 0 0 0 0 0 0 0 0 0 0 0 0 0 0 0 0 14 0 14 10 1 9 11 0 22 0 7 10 0 0 13 36 25 16 0 0 11 25 0 12 0 0 0 17 0 0 0 0 0 23 0 0 0 0 56 8 0 0 0 0 15 0 0 0 0 0 0 0 0 0 0 0 0 0 0 0 0 0 0 0 0 0 37 0 0 0 0 0 0 0 0 0 0 0 0 0 0 0 0 0 0 1 90 0 0 0 22 14 0 0 0 0 0 0 0 0 0 0 0 0 0 0 0 0 0 0 0 0 0 0 0 0 0 0 0 0 0 0 0 0 0 0 0 0 0 0 
 33 37 155 44 136 88 38 122 54 428 381 0 36 62 41 242 178 189 26 49 1 0 0 2 0 0 0 0 2 0 0 0 83 0 0 0 0 0 1 0 0 0 3 0 0 0 0 0 0 0 3 0 0 0 0 0 0 0 63 0 2 2 0 0 0 0 2 0 0 0 0 0 0 4 0 0 3 2 3 0 0 8 0 15 22 28 0 0 0 14 15 9 0 32 2 14 26 11 0 30 9 0 17 3 0 0 0 7 0 0 0 0 19 0 14 0 0 0 10 19 0 0 0 0 0 0 0 0 0 0 0 1 1 0 0 0 0 0 0 0 0 0 0 0 0 0 0 0 0 0 0 0 0 0 0 0 0 0 0 0 18 0 73 18 14 19 10 0 15 0 6 24 1 0 0 0 32 41 0 0 23 7 0 0 0 0 0 0 0 0 0 0 0 5 0 1 0 0 31 33 0 0 0 0 0 0 0 0 0 0 0 0 0 0 0 0 0 0 0 0 0 0 0 0 0 0 0 0 0 0 0 0 0 0 0 0 0 0 0 0 0 0 0 0 0 0 15 2 8 3 0 11 12 0 0 0 0 0 46 0 0 0 4 0 0 0 0 0 0 0 0 0 0 0 0 13 20 0 0 0 0 2 0 0 0 0 0 0 0 0 
 224 170 191 298 86 30 269 294 347 55 42 36 0 309 331 38 124 136 67 130 2 0 0 2 0 2 0 0 2 30 0 0 0 0 0 0 0 1 0 0 0 0 3 0 0 0 0 0 0 0 3 0 0 0 0 0 0 0 0 0 3 2 0 0 0 0 2 0 0 0 0 0 0 0 0 0 2 9 3 36 31 0 2 9 2 0 1 20 21 14 16 10 15 13 0 27 60 14 6 26 0 0 0 0 0 0 0 0 0 0 0 0 19 0 0 0 0 0 1 0 0 0 0 2 0 0 0 0 0 0 0 0 0 0 0 0 0 0 0 0 0 0 0 0 0 3 0 0 0 0 0 0 3 0 0 0 0 0 0 0 0 33 11 0 21 0 17 10 23 25 10 9 7 9 34 0 38 0 10 13 0 0 0 2 0 0 0 0 0 0 0 0 0 0 0 0 0 0 1 0 1 0 0 0 0 0 0 0 0 0 0 0 0 0 0 0 0 0 0 0 0 0 0 0 2 0 0 0 0 0 0 0 0 0 0 0 0 0 0 0 0 0 0 0 0 2 0 1 1 0 0 4 0 0 0 0 0 0 0 0 2 0 17 0 0 0 0 0 0 0 0 0 0 0 0 15 0 20 0 0 0 0 0 0 0 2 0 0 0 0 
 173 62 71 111 177 64 135 184 216 273 47 62 309 0 352 202 88 48 127 166 1 0 2 2 2 0 2 6 3 1 0 2 1 0 60 0 0 0 0 0 0 0 3 0 0 0 1 0 0 0 3 0 0 0 0 0 0 2 0 0 3 2 0 6 0 0 2 0 3 0 0 0 0 0 0 0 2 3 3 0 24 25 10 14 0 0 9 25 24 16 40 5 3 49 18 33 17 2 17 0 0 0 0 0 0 0 1 0 0 0 0 0 19 0 1 0 0 0 49 0 0 0 2 0 0 0 0 0 3 0 0 0 2 0 0 0 0 1 2 0 0 0 0 0 0 0 0 0 1 0 0 0 0 0 0 1 0 0 0 0 2 54 0 0 0 0 1 18 0 10 0 12 1 33 16 15 52 0 4 24 0 0 0 0 0 16 0 0 0 0 0 0 0 0 0 0 0 0 0 0 0 0 0 0 0 0 0 0 0 0 0 0 0 0 0 0 0 0 0 0 0 0 0 0 0 0 0 0 0 0 22 0 0 0 0 0 0 0 0 0 0 0 13 0 0 0 0 0 0 2 2 10 0 0 0 0 0 0 0 0 0 0 19 0 0 0 0 0 0 0 0 0 0 0 0 0 0 0 0 0 0 0 0 0 0 0 0 0 0 0 
 454 218 143 271 79 54 299 176 324 93 451 41 331 352 0 141 305 225 158 88 0 0 2 2 0 0 0 0 2 0 0 0 0 0 0 0 0 1 0 0 0 0 3 0 0 0 0 0 0 0 3 0 0 0 0 0 0 0 0 0 2 2 0 3 0 0 2 0 0 0 0 0 0 0 0 0 3 2 3 0 44 0 11 32 16 0 0 15 24 22 23 0 0 10 18 2 43 31 39 18 0 0 0 0 0 0 0 0 0 0 0 0 0 0 0 0 0 0 1 0 0 0 0 0 0 0 0 0 0 0 0 0 0 0 0 0 0 0 10 0 0 0 0 0 0 3 0 0 0 0 0 0 3 0 0 0 0 0 3 0 60 21 24 10 23 0 10 0 19 44 1 20 1 16 51 13 34 1 11 22 0 0 0 0 0 0 0 0 0 0 0 0 0 0 0 0 0 0 1 14 0 0 0 0 0 0 0 0 0 0 0 0 0 0 0 0 0 0 0 0 0 0 0 14 9 0 0 0 0 0 0 0 0 0 0 0 0 0 0 0 0 0 0 0 0 0 2 0 1 3 0 3 0 0 0 0 0 0 0 0 0 0 17 0 0 0 0 0 0 0 0 0 0 0 0 19 0 32 0 0 0 0 0 0 0 0 0 0 0 0 
 370 279 360 355 414 285 121 232 242 331 82 242 38 202 141 0 404 41 124 269 0 0 2 2 0 0 74 97 2 0 0 0 73 0 0 0 0 0 0 0 0 0 3 0 3 3 0 0 0 0 6 3 0 0 0 0 3 3 0 0 3 2 4 4 14 2 2 0 0 0 0 2 0 0 0 0 3 4 3 1 20 17 1 45 1 25 4 0 11 44 17 0 0 17 10 13 11 6 0 0 10 0 0 0 0 0 0 0 0 0 0 0 0 0 19 16 0 0 2 11 0 0 0 0 0 0 0 0 0 0 0 2 0 0 0 0 0 0 0 0 0 0 0 0 0 0 0 0 0 0 0 0 0 3 2 0 0 1 0 0 9 3 27 39 0 31 5 0 3 8 17 0 0 28 11 16 42 27 0 0 12 13 0 0 0 0 13 0 0 0 0 0 1 0 9 0 0 0 33 7 0 0 0 0 0 0 0 0 0 0 0 0 0 0 0 0 0 0 0 0 1 0 0 0 0 2 0 0 0 0 0 0 0 0 0 0 0 0 0 0 0 0 0 0 0 1 94 0 4 0 0 14 0 0 0 0 0 0 0 0 0 0 0 0 0 0 0 0 0 0 0 0 0 0 0 0 13 0 0 0 0 0 0 0 0 0 0 0 0 0 
 229 286 49 201 188 288 247 368 455 132 413 178 124 88 305 404 0 309 231 315 0 0 0 2 0 0 0 0 2 0 0 0 0 0 2 0 0 2 0 0 0 0 3 0 38 0 0 0 0 0 3 0 0 0 0 0 0 0 0 0 3 2 0 0 0 0 2 0 0 0 0 0 0 0 0 0 2 3 3 0 0 10 18 23 22 3 6 11 14 16 28 5 1 23 50 1 32 64 13 17 0 0 0 0 0 0 0 0 0 0 0 0 0 2 0 0 0 0 57 1 0 10 0 0 0 0 0 0 0 0 14 0 0 0 0 0 0 0 0 0 0 0 0 0 0 4 0 0 0 0 0 0 5 0 0 0 0 0 0 0 36 4 48 0 6 0 41 10 17 32 7 10 20 20 23 44 56 22 18 9 0 7 0 0 0 2 0 0 0 0 0 0 10 0 0 0 2 1 0 9 0 0 0 0 0 0 0 17 0 73 0 14 0 0 0 0 0 0 0 0 0 0 0 0 0 0 0 0 0 0 0 0 0 0 0 0 0 0 0 0 0 0 0 0 0 2 85 0 1 1 1 8 0 0 0 0 0 0 0 0 0 0 0 0 0 0 0 0 0 0 0 0 0 0 0 3 18 20 0 0 0 0 0 0 0 0 0 0 0 0 
 165 108 277 52 146 68 54 264 227 79 100 189 136 48 225 41 309 0 202 250 1 2 0 4 0 2 74 0 3 0 78 2 112 0 0 1 76 2 22 73 0 0 3 0 0 2 0 0 0 0 3 0 0 0 0 0 0 0 0 3 3 5 0 0 0 0 2 50 0 0 0 0 0 6 0 0 53 3 3 3 26 0 0 0 0 1 0 0 17 1 16 9 0 14 0 33 20 11 0 16 16 0 26 0 0 0 0 24 0 0 0 0 34 1 14 0 1 1 0 15 0 0 0 0 0 0 0 0 0 2 0 0 0 0 0 0 0 0 0 0 0 0 11 0 4 4 0 1 0 0 0 0 4 2 0 0 0 0 0 0 0 2 34 3 16 0 14 10 45 18 0 0 0 21 5 36 10 11 19 0 0 0 0 0 0 0 26 0 0 0 0 0 0 3 0 1 0 0 15 0 0 0 0 0 0 2 0 0 0 0 0 0 0 0 1 0 0 0 0 0 0 0 0 0 0 0 0 0 0 0 0 0 0 0 0 0 0 6 0 0 0 0 0 0 0 3 0 0 9 3 0 2 40 2 0 0 0 0 0 0 0 0 0 0 0 0 0 0 0 0 0 0 0 0 0 10 0 24 0 0 0 0 0 0 0 0 0 0 0 0 
 51 322 55 77 71 57 201 150 124 394 53 26 67 127 158 124 231 202 0 281 0 1 0 2 0 0 0 0 2 0 0 0 0 0 0 0 2 1 0 0 0 0 3 0 0 0 0 0 0 3 6 0 0 0 0 0 0 0 2 0 3 2 0 5 0 0 2 0 0 0 0 0 0 0 0 0 2 3 3 3 1 10 25 31 0 0 21 15 0 14 0 1 24 16 34 1 23 15 0 4 0 0 2 0 0 0 0 0 0 0 0 0 0 0 1 0 0 0 0 0 0 0 0 0 0 0 0 0 0 0 0 0 0 0 0 0 0 1 2 0 0 0 0 0 0 6 0 0 1 0 0 0 23 0 0 0 0 0 0 0 13 0 0 30 0 0 39 29 43 47 2 0 16 35 14 17 1 11 31 19 0 0 0 0 0 0 0 0 0 0 0 0 0 0 0 15 0 0 0 0 0 0 0 0 0 0 0 0 1 0 0 0 0 0 0 0 0 0 0 0 0 0 0 0 0 0 0 0 0 0 0 0 0 0 2 0 0 0 0 0 0 16 0 0 0 0 0 0 0 0 0 19 0 0 0 0 0 0 0 0 0 0 0 0 0 0 0 0 0 0 0 0 0 0 0 8 0 20 0 0 0 0 0 0 0 0 0 0 0 0 
 40 55 51 96 64 46 77 270 66 81 29 49 130 166 88 269 315 250 281 0 2 0 0 2 1 0 0 0 2 0 73 0 0 0 0 0 0 1 0 0 0 0 3 0 0 0 0 0 0 0 3 0 0 0 0 0 0 0 0 0 2 2 0 0 0 0 3 0 0 0 0 0 0 0 0 0 3 2 2 0 12 7 13 0 0 0 10 0 0 0 2 0 0 49 19 0 17 8 16 68 0 0 0 0 0 0 0 0 0 0 0 0 0 0 0 0 0 0 0 0 0 0 0 0 0 0 0 0 0 0 0 0 0 0 0 0 0 0 0 0 0 0 0 0 0 0 0 0 0 0 0 0 0 0 0 0 0 2 0 0 0 0 0 0 0 0 15 7 0 0 0 5 0 27 7 15 0 0 51 10 0 0 6 0 0 0 0 0 0 0 0 0 0 0 0 0 0 0 0 0 0 0 0 0 0 0 0 0 0 0 0 0 0 0 0 0 0 0 0 1 0 0 0 0 0 0 0 0 0 0 0 0 0 0 0 0 0 0 0 0 0 0 0 0 2 0 0 3 2 0 0 7 0 0 0 0 0 0 0 0 0 0 0 0 0 0 0 0 0 0 0 0 0 0 0 0 0 0 0 0 0 0 0 0 0 0 0 0 0 0 
 0 0 0 75 73 59 0 0 0 7 76 1 2 1 0 0 0 1 0 2 0 274 176 162 159 52 255 58 263 109 322 28 196 112 175 136 179 99 220 139 5 2 0 1 0 0 0 0 3 0 0 0 4 86 0 3 0 0 70 2 0 2 0 0 3 0 0 2 0 0 0 5 0 0 0 0 0 7 0 0 0 0 0 0 0 0 0 0 0 0 0 0 0 0 0 1 0 0 0 0 14 1 22 9 0 0 50 7 1 11 0 27 14 1 51 25 0 12 13 40 0 0 1 13 0 0 23 0 0 1 0 0 0 0 1 4 0 0 19 0 72 0 0 0 0 0 0 14 0 0 0 0 0 0 0 0 1 3 0 0 0 0 0 0 0 1 0 0 1 16 1 21 0 1 0 0 0 0 2 2 14 46 22 39 0 0 8 36 80 16 2 36 47 17 13 73 0 3 32 10 0 0 2 0 0 0 1 0 0 0 0 0 0 0 1 41 0 0 11 0 0 0 0 0 0 0 0 0 0 2 2 0 0 0 0 0 0 0 0 0 0 0 0 0 0 0 0 0 9 0 0 0 0 0 4 0 1 155 1 4 12 2 0 0 0 0 0 0 0 0 0 0 1 0 0 0 0 0 0 36 0 0 0 0 0 0 0 0 0 0 
 0 0 0 85 0 54 0 24 0 0 91 0 0 0 0 0 0 2 1 0 274 0 192 255 116 38 175 175 72 48 111 46 43 111 56 202 112 271 63 153 2 0 0 33 1 0 0 0 6 0 0 0 0 3 0 12 0 0 0 62 0 2 0 0 0 0 0 3 0 0 0 2 0 0 0 3 0 0 0 0 0 0 0 0 9 35 0 0 0 0 0 0 0 0 0 0 0 0 0 0 0 20 1 0 17 0 1 29 0 9 0 13 0 30 14 29 4 33 13 10 0 9 0 0 0 0 8 4 10 0 0 0 0 0 0 0 0 8 5 0 0 0 0 10 0 0 0 0 0 7 0 0 0 0 0 0 0 0 0 3 0 0 0 0 0 8 0 0 0 2 0 11 0 0 0 0 5 0 0 0 17 72 11 32 13 0 7 71 9 21 32 1 0 0 0 11 15 15 0 1 0 0 0 0 0 0 0 0 0 0 0 2 0 1 0 0 0 0 0 16 2 0 0 0 0 0 0 0 0 0 0 0 0 0 0 0 0 0 0 0 0 0 0 0 0 0 0 0 0 0 2 0 0 0 6 0 2 0 0 4 2 0 0 0 0 0 0 0 0 0 0 0 0 0 0 0 2 0 0 10 0 3 0 0 0 0 11 0 0 0 
 0 0 2 0 79 91 0 0 0 0 0 0 0 2 2 2 0 0 0 0 176 192 0 293 272 248 188 193 202 184 123 35 143 228 142 101 30 407 155 128 2 4 0 4 2 0 0 0 3 3 2 0 0 2 0 3 3 0 1 0 0 3 0 0 3 3 9 9 0 0 58 6 0 0 0 0 0 3 0 0 0 0 0 0 0 0 0 0 0 0 0 0 0 0 0 0 0 0 0 0 1 44 12 19 9 20 11 0 13 14 25 1 0 0 9 18 19 14 16 6 14 0 0 0 0 0 0 12 0 0 2 0 18 0 17 10 0 0 11 15 0 0 0 0 0 0 0 0 0 2 0 0 0 0 0 0 0 3 0 0 2 0 0 0 0 0 0 4 0 0 0 0 0 0 0 0 0 0 23 0 0 12 52 35 18 14 13 10 23 26 6 29 9 0 18 21 27 26 0 31 9 0 15 0 0 0 50 0 0 0 0 0 0 12 20 0 0 0 0 11 0 1 0 0 0 0 1 0 0 0 0 0 1 0 0 0 0 0 0 0 0 0 15 0 0 0 0 0 0 0 0 0 0 0 0 0 4 120 80 0 13 0 1 0 0 0 0 0 0 0 0 0 0 0 0 0 0 0 0 0 0 9 0 0 2 0 0 0 0 0 
 2 2 2 2 2 81 2 2 2 4 2 2 2 2 2 2 2 4 2 2 162 255 293 0 119 129 189 833 457 93 62 260 233 317 136 246 109 259 95 162 2 0 10 2 0 0 18 0 3 0 0 0 1 5 0 0 0 0 0 69 0 3 0 0 1 0 5 11 0 0 1 2 53 0 0 0 0 0 0 0 2 0 0 0 0 1 0 0 0 0 0 1 0 0 0 0 0 0 0 0 0 0 14 1 2 18 24 0 0 0 2 34 7 1 17 12 6 0 20 16 45 1 0 0 30 0 22 0 0 0 0 0 0 0 2 17 0 0 17 0 0 0 0 0 4 0 0 0 0 1 13 18 0 0 1 0 0 0 2 0 0 0 0 0 0 0 2 0 0 0 0 0 0 0 0 0 17 0 0 0 43 32 8 31 5 8 0 3 34 35 11 0 9 0 27 10 0 33 1 12 15 0 0 0 0 0 7 0 0 0 0 0 9 0 20 0 17 0 55 0 0 0 0 6 0 0 0 0 0 0 0 0 1 0 0 0 0 0 0 0 0 0 0 0 0 0 0 0 0 0 0 0 0 0 3 1 2 21 1 2 3 12 0 0 0 0 0 0 0 0 0 0 0 0 0 0 0 0 0 0 0 9 0 0 0 0 0 0 0 0 
 0 0 0 0 1 0 0 0 1 0 2 0 0 2 0 0 0 0 0 1 159 116 272 119 0 210 129 444 167 251 332 114 286 209 134 205 379 59 260 51 2 11 0 1 0 0 0 0 3 0 0 0 0 3 0 0 0 0 92 2 0 3 0 0 0 0 4 4 0 0 1 2 0 0 0 0 0 0 0 0 0 1 0 0 0 0 0 0 0 0 0 0 0 0 0 0 0 0 0 0 15 31 30 9 12 7 0 12 0 23 14 16 0 19 0 31 21 53 0 0 13 0 0 2 0 0 0 1 0 0 0 0 0 0 8 12 11 0 68 0 0 0 0 0 0 0 0 0 0 0 0 0 0 0 0 1 3 1 0 0 0 0 0 0 0 0 0 0 0 0 2 0 2 0 0 0 12 0 0 0 0 41 0 0 17 8 0 18 35 22 9 29 0 1 20 6 3 31 0 0 12 0 7 0 0 0 24 0 0 0 0 0 13 0 24 0 0 0 6 1 0 0 0 0 0 0 0 0 0 0 1 0 0 0 0 0 0 0 0 0 0 0 8 0 0 0 0 0 0 0 0 0 0 0 4 0 2 132 2 0 1 0 0 0 0 0 0 0 0 0 0 0 0 0 0 0 0 0 0 0 0 19 0 0 0 0 9 0 0 0 
 1 0 0 0 2 0 0 0 0 0 0 0 2 0 0 0 0 2 0 0 52 38 248 129 210 0 48 58 51 63 240 251 51 49 34 67 114 159 62 64 41 5 3 4 15 1 2 64 5 7 0 0 66 5 2 3 0 1 0 138 0 2 1 0 0 3 0 2 0 0 50 2 0 0 0 4 0 4 0 0 0 0 0 0 0 0 0 0 27 0 0 0 0 0 0 0 0 0 0 0 0 30 15 3 10 55 0 1 0 1 50 18 0 1 0 17 32 26 0 0 24 0 0 0 0 0 4 1 0 12 0 0 37 22 23 25 0 0 2 31 0 0 0 0 0 0 0 0 0 0 0 0 0 0 0 0 0 4 0 0 0 0 0 0 0 0 0 0 0 0 0 0 0 0 0 0 0 0 0 0 0 0 41 14 11 25 0 12 10 6 32 9 0 0 0 9 31 38 0 0 18 7 31 0 0 0 38 0 0 16 0 0 13 11 24 15 0 0 22 8 0 0 0 0 0 0 2 0 0 0 0 0 2 0 0 0 0 0 0 0 0 0 13 0 0 0 0 0 0 0 0 0 0 0 8 0 10 73 2 0 4 2 0 0 0 0 0 0 0 0 0 0 0 0 0 0 0 0 0 0 0 1 0 48 1 0 0 0 0 0 
 0 2 34 35 75 144 0 0 34 0 28 0 0 2 0 74 0 74 0 0 255 175 188 189 129 48 0 90 65 61 48 46 259 143 198 150 78 60 495 224 2 0 1 2 0 0 2 0 3 0 0 0 0 2 1 1 0 0 0 0 0 3 0 0 0 0 0 2 0 0 0 2 0 0 0 0 0 0 0 0 0 0 0 0 0 14 0 0 0 0 0 0 0 0 0 0 0 1 0 0 0 11 7 0 0 0 30 21 19 32 10 18 46 9 36 1 1 8 32 21 0 0 0 0 0 0 0 11 0 0 2 0 0 0 2 0 0 0 0 0 0 0 0 0 5 0 0 0 0 2 0 0 0 0 0 0 8 0 0 0 18 0 0 0 8 0 1 13 0 0 0 0 0 0 0 36 0 0 5 0 5 37 14 29 0 0 16 26 10 2 12 33 11 23 10 12 19 1 31 24 0 0 0 0 0 0 0 0 0 0 0 0 0 0 0 0 0 0 10 0 0 0 0 0 0 0 1 0 0 0 0 0 0 0 0 0 0 0 0 0 0 0 1 0 0 0 0 0 0 0 18 0 0 0 6 0 2 138 76 1 17 12 6 0 0 0 0 0 0 0 0 0 0 0 0 0 0 0 0 0 0 1 0 2 0 0 0 0 0 0 
 2 2 2 0 0 73 0 0 0 0 0 0 0 6 0 97 0 0 0 0 58 175 193 833 444 58 90 0 204 255 235 251 301 190 362 343 103 58 106 166 2 0 1 130 0 0 64 0 3 0 0 0 30 2 0 0 0 0 0 23 0 3 35 0 0 0 5 10 0 0 50 2 0 0 0 0 0 0 0 0 0 0 0 0 0 15 0 0 0 0 0 0 0 2 0 0 0 0 0 0 20 13 17 1 13 23 20 1 7 26 6 2 40 39 6 33 19 0 10 3 11 0 0 0 0 0 0 0 1 0 0 0 0 0 0 10 0 0 11 0 0 2 0 0 0 0 0 0 0 7 0 0 0 0 0 0 1 0 0 0 0 0 0 0 0 16 0 0 0 0 0 0 0 0 0 0 19 0 0 0 27 24 28 10 21 8 0 0 29 10 1 0 16 10 32 35 11 36 24 39 15 0 0 0 0 0 10 0 0 0 0 0 0 0 19 0 0 0 19 0 0 0 0 0 0 0 1 0 0 0 0 0 0 0 1 0 0 0 0 0 0 0 0 0 0 0 0 0 0 0 0 0 1 0 0 2 4 153 0 3 2 0 0 0 0 0 0 0 0 0 0 0 0 0 0 0 0 0 0 0 0 33 0 2 0 0 10 0 0 0 
 4 2 2 2 77 140 2 4 2 2 2 2 2 3 2 2 2 3 2 2 263 72 202 457 167 51 65 204 0 78 94 48 136 404 137 359 39 49 256 323 2 0 0 0 0 0 24 0 3 0 0 0 0 64 0 0 0 2 0 62 0 5 0 0 0 0 0 2 0 0 1 2 0 0 0 0 0 0 0 0 0 0 0 0 0 1 1 2 0 0 0 0 0 0 0 0 2 0 0 0 20 11 38 0 8 0 41 1 23 44 19 18 36 12 22 1 8 0 16 19 13 0 0 0 0 0 0 0 0 45 0 0 0 0 8 12 0 0 0 0 0 0 0 0 0 0 0 0 0 0 0 0 0 0 0 0 0 0 0 2 9 0 0 1 0 10 0 5 0 6 0 10 0 0 0 0 0 0 4 0 59 30 10 10 6 6 3 8 15 0 14 18 14 20 19 13 27 14 24 23 0 0 0 0 0 0 16 0 0 0 0 0 15 0 0 0 19 0 0 1 0 0 0 0 0 0 0 0 0 0 0 0 0 0 0 0 8 0 0 0 0 0 0 0 0 0 0 0 0 0 0 0 0 0 8 2 1 169 75 0 11 15 0 0 0 0 0 0 0 0 0 0 0 0 0 0 0 0 0 0 0 9 0 0 0 0 0 0 0 0 
 1 0 0 0 0 2 0 0 0 0 0 0 30 1 0 0 0 0 0 0 109 48 184 93 251 63 61 255 78 0 215 192 161 78 86 503 145 41 330 59 2 0 0 63 0 1 55 0 3 0 0 7 0 2 0 0 0 0 50 63 0 2 30 0 0 0 0 2 0 0 0 2 0 0 0 1 0 0 0 5 0 0 0 0 0 0 0 0 16 0 0 0 0 0 0 0 0 0 0 0 26 0 0 3 10 31 0 12 26 10 1 0 0 7 0 13 30 20 9 16 3 0 0 0 0 0 0 0 0 0 0 0 0 20 15 0 0 1 10 25 0 0 0 0 0 0 0 0 0 0 0 1 0 0 0 0 0 12 0 0 0 1 0 0 0 11 0 0 0 0 0 8 0 0 0 0 0 0 0 0 0 0 7 18 5 3 9 1 0 21 10 38 0 0 17 1 0 50 0 0 0 0 0 0 0 0 13 0 0 0 0 0 1 2 8 19 0 0 7 16 0 0 0 2 10 0 0 1 0 0 0 0 0 0 0 0 0 0 0 0 0 0 28 0 0 1 0 0 0 0 0 0 0 0 11 3 0 1 77 2 3 3 0 0 0 49 0 0 0 0 0 0 0 0 0 0 0 0 0 7 0 0 0 0 0 0 0 0 0 0 
 0 0 0 0 0 0 0 0 0 0 0 0 0 0 0 0 0 78 0 73 322 111 123 62 332 240 48 235 94 215 0 300 467 52 97 49 199 64 253 59 3 1 0 2 0 0 0 61 3 0 0 5 83 82 0 4 1 1 0 63 0 3 0 0 1 0 0 3 42 0 1 3 0 0 0 8 0 0 0 0 0 0 0 0 0 0 0 0 0 0 0 0 0 0 0 0 0 0 0 0 0 0 20 1 30 9 0 13 0 11 10 10 6 2 6 1 1 49 0 9 8 0 12 0 0 0 12 0 0 9 0 0 16 8 31 13 0 0 8 0 0 0 0 0 3 0 0 0 0 0 0 0 0 0 0 0 3 0 0 0 0 0 0 0 0 0 0 0 0 0 8 0 0 0 0 1 0 0 0 0 0 0 1 3 17 10 0 14 21 4 37 11 0 0 6 1 8 14 0 1 14 10 0 0 0 0 9 0 0 14 16 0 10 12 1 56 9 0 32 38 0 0 0 0 0 0 0 12 0 0 0 0 0 0 0 0 0 0 0 0 0 0 10 0 0 0 0 0 0 0 0 0 0 0 12 1 0 39 74 2 0 23 0 0 0 0 0 0 0 0 0 0 0 0 0 0 0 0 0 0 0 1 0 0 0 0 6 0 0 0 
 0 0 0 0 0 0 0 0 0 0 0 0 0 2 0 0 0 2 0 0 28 46 35 260 114 251 46 251 48 192 300 0 51 325 22 38 91 80 31 38 149 6 0 2 0 0 2 68 3 0 0 5 21 101 16 0 61 64 1 22 0 5 0 0 0 0 0 3 0 3 53 2 0 0 0 0 0 0 4 0 0 0 0 0 0 0 0 0 0 0 0 0 0 0 0 0 0 0 0 0 0 31 0 25 0 0 0 0 0 18 11 50 0 0 0 18 19 16 0 0 1 11 10 0 0 0 9 0 20 11 8 12 17 26 36 17 10 0 11 46 5 0 0 4 0 0 0 4 0 0 0 0 0 0 0 0 0 0 0 0 0 0 0 0 0 0 0 2 0 0 2 0 2 0 0 0 0 0 0 10 0 0 21 0 0 16 0 0 0 16 19 20 11 0 1 25 12 11 0 0 30 5 0 0 0 0 1 0 27 24 0 0 36 23 31 22 0 0 12 2 0 0 0 0 2 0 0 0 0 0 1 0 0 0 0 0 0 0 0 0 0 0 15 0 0 0 0 0 0 0 0 0 0 0 1 0 0 0 13 1 1 1 0 0 0 0 1 0 0 0 0 0 0 0 0 0 0 0 0 0 0 11 0 0 7 9 0 0 0 0 
 1 72 97 0 76 35 0 0 0 73 78 83 0 1 0 73 0 112 0 0 196 43 143 233 286 51 259 301 136 161 467 51 0 223 122 119 88 32 351 133 2 0 0 0 0 0 0 0 3 0 0 0 0 2 0 0 0 0 0 0 0 3 0 0 0 0 0 9 0 0 56 2 0 0 0 0 0 0 0 0 0 33 0 14 1 0 0 0 0 0 30 0 0 0 0 9 0 0 0 0 20 0 1 2 0 0 10 6 9 8 24 29 30 8 34 11 10 6 0 36 0 0 0 0 0 0 0 0 0 0 0 6 0 0 1 0 0 0 0 0 0 0 0 0 0 0 0 0 12 1 0 0 0 0 0 0 0 10 0 0 0 0 1 0 0 15 0 0 4 0 8 10 0 1 0 0 0 0 0 0 13 21 10 24 19 0 21 0 0 0 5 9 22 8 21 51 14 12 22 21 0 0 0 0 0 0 0 0 0 0 0 0 0 0 0 0 0 0 1 0 14 0 0 0 0 0 2 0 0 0 0 0 2 0 0 0 0 0 0 0 0 0 0 0 0 0 1 0 0 0 0 0 0 0 11 1 0 77 0 2 0 0 0 0 0 0 0 0 0 0 0 0 0 0 0 0 0 0 0 0 0 0 0 0 0 0 1 0 0 0 
 17 8 1 0 1 148 0 0 0 0 0 0 0 0 0 0 0 0 0 0 112 111 228 317 209 49 143 190 404 78 52 325 223 0 331 127 218 178 113 185 4 0 0 2 0 0 1 0 3 0 0 2 0 2 0 0 0 0 0 0 0 2 1 0 0 0 10 12 0 0 0 2 0 0 0 0 0 0 0 0 0 0 0 0 0 0 0 0 0 2 0 0 0 0 1 0 0 0 0 0 13 13 20 11 21 1 21 22 26 40 23 33 19 11 14 13 13 22 1 17 0 0 0 0 0 0 1 2 0 0 0 0 0 0 0 0 0 0 14 0 0 0 0 0 0 0 0 0 0 0 0 0 0 0 0 0 5 0 0 0 3 0 0 0 0 1 0 1 0 0 0 0 0 0 0 0 0 0 3 0 11 0 13 1 9 0 14 36 18 22 22 42 8 11 45 6 15 12 10 47 0 0 0 0 0 0 0 11 0 0 0 0 0 0 13 0 0 0 28 0 0 0 0 0 0 0 0 0 0 0 0 0 0 0 1 0 0 0 0 9 0 0 0 0 0 0 0 0 0 0 0 0 0 0 7 0 4 50 11 0 4 10 0 0 0 0 0 0 0 0 0 0 0 0 0 0 0 0 0 0 0 0 0 0 0 7 1 0 0 0 
 0 0 2 76 76 110 0 0 0 4 80 0 0 60 0 0 2 0 0 0 175 56 142 136 134 34 198 362 137 86 97 22 122 331 0 271 111 87 160 251 66 0 63 2 0 0 0 0 3 0 3 0 0 2 0 0 0 2 0 7 0 4 0 0 0 51 4 13 0 0 0 2 51 0 0 0 0 0 0 0 0 0 0 0 0 0 0 0 0 0 0 0 20 0 0 0 0 0 0 0 13 8 11 0 7 0 26 1 10 36 12 12 29 12 48 43 0 8 34 31 0 0 0 0 0 0 0 10 0 0 0 0 0 0 0 0 0 0 0 0 0 0 0 0 0 0 0 0 0 0 0 0 0 0 0 2 5 0 0 0 2 2 0 0 0 2 0 3 0 0 0 29 0 0 0 0 0 0 4 0 10 33 25 19 18 0 18 40 16 21 14 12 1 11 49 16 12 11 10 32 0 0 0 0 0 0 0 0 0 0 0 0 0 1 0 0 0 0 8 0 0 0 0 0 0 0 0 2 0 0 11 0 0 0 0 4 0 0 0 0 0 0 0 0 0 0 0 0 0 0 0 0 0 0 5 0 2 91 81 0 13 9 0 0 0 0 0 0 0 0 0 0 0 0 0 0 0 0 0 12 0 0 0 0 0 0 10 0 0 0 
 0 0 39 0 43 135 0 0 0 0 0 0 0 0 0 0 0 1 0 0 136 202 101 246 205 67 150 343 359 503 49 38 119 127 271 0 94 135 54 93 4 0 0 72 0 0 64 0 3 0 0 0 27 2 0 0 0 0 0 24 0 3 0 0 0 0 6 12 3 49 50 2 0 0 2 0 0 0 0 0 0 0 0 0 0 16 0 0 0 0 0 0 0 0 0 0 0 0 0 0 6 13 11 0 8 10 17 0 0 9 28 16 9 45 67 7 29 0 6 38 20 0 0 0 0 0 0 0 0 9 0 0 0 0 0 11 0 0 0 0 0 0 0 0 0 0 0 0 0 7 0 0 0 0 0 0 1 0 0 0 0 0 0 0 1 12 0 0 0 0 0 0 0 0 0 0 8 0 0 0 11 43 33 5 18 7 0 0 26 0 0 0 25 12 22 41 11 9 11 22 9 0 0 0 0 0 22 0 0 0 0 0 0 0 8 0 0 0 0 0 0 0 0 2 0 17 0 0 0 0 0 0 0 0 0 0 0 0 0 0 0 0 0 0 0 0 0 0 0 0 0 0 0 0 3 0 0 116 0 1 1 2 0 0 0 0 0 0 0 0 0 0 0 0 0 0 0 0 0 0 0 28 0 0 0 0 0 0 0 0 
 0 0 0 0 0 3 64 0 0 0 2 0 0 0 0 0 0 76 2 0 179 112 30 109 379 114 78 103 39 145 199 91 88 218 111 94 0 79 110 35 4 2 0 2 0 1 1 0 3 0 25 0 0 4 0 0 0 0 1 65 0 2 2 0 0 2 1 2 6 0 0 2 0 2 0 7 2 0 0 0 0 0 0 0 0 0 0 0 0 0 18 0 0 0 0 1 0 0 0 0 11 0 11 1 1 19 2 12 34 15 11 16 17 21 30 0 40 51 0 37 5 0 0 0 0 0 15 0 0 0 0 0 0 20 0 0 19 0 5 2 0 0 0 0 0 1 0 1 0 0 0 0 0 0 0 0 4 0 0 0 0 0 0 0 0 18 0 0 1 0 0 2 0 0 0 0 6 0 0 0 13 17 1 11 13 7 0 0 10 0 44 21 9 4 47 20 0 33 1 0 0 0 0 0 0 0 5 0 0 0 0 21 0 1 0 0 0 0 26 1 0 2 13 0 0 0 0 0 0 0 0 0 0 0 0 0 0 0 1 3 0 0 0 0 0 0 0 0 0 0 0 0 3 15 7 0 0 17 0 0 3 34 2 0 0 0 0 0 0 0 0 0 0 0 0 0 0 0 0 0 0 0 0 0 0 0 0 0 0 0 
 7 0 0 4 2 3 1 4 1 0 2 0 1 0 1 0 2 2 1 1 99 271 407 259 59 159 60 58 49 41 64 80 32 178 87 135 79 0 28 33 72 0 0 1 1 0 0 0 3 64 0 0 0 64 0 0 0 3 0 0 0 3 0 0 0 0 5 10 0 0 0 2 0 0 0 0 0 2 0 0 0 0 0 0 0 1 1 2 0 0 0 0 0 0 0 0 2 0 0 0 0 0 0 0 1 26 1 1 1 22 23 53 0 11 3 41 1 0 0 1 0 0 0 0 0 0 8 10 5 6 0 0 12 0 0 2 1 0 11 0 0 0 0 0 0 0 0 0 0 0 0 1 0 0 0 0 0 1 0 2 22 0 0 1 1 0 0 26 0 0 0 0 0 0 0 0 0 0 0 0 19 14 59 24 19 12 10 15 67 39 0 20 2 0 17 24 27 26 0 35 0 0 12 0 0 0 6 0 12 0 0 0 0 12 12 0 0 0 23 9 0 0 0 0 0 0 0 0 0 0 0 1 0 0 0 0 0 9 0 0 0 0 0 0 0 0 0 0 0 0 0 0 0 0 3 0 2 75 77 0 0 0 0 0 0 0 0 0 0 0 0 0 0 0 0 0 0 0 0 0 0 0 0 0 0 0 10 0 0 3 
 0 2 78 3 113 219 0 1 74 0 1 1 0 0 0 0 0 22 0 0 220 63 155 95 260 62 495 106 256 330 253 31 351 113 160 54 110 28 0 216 6 0 1 0 0 0 0 0 3 0 0 1 0 4 0 0 3 0 0 0 11 9 4 0 2 0 0 2 4 0 0 2 0 2 0 0 0 4 4 0 0 0 0 0 10 14 0 0 0 0 35 8 0 2 0 0 0 0 0 0 2 22 16 45 0 0 15 25 44 9 1 4 11 16 9 19 15 4 15 19 0 0 0 0 0 0 0 0 0 0 0 0 0 0 0 0 0 0 0 0 0 0 0 0 0 0 0 0 0 0 0 0 0 0 0 0 0 0 0 0 0 0 0 0 5 17 11 2 0 0 9 18 0 0 0 19 0 0 17 0 0 0 10 0 0 0 75 0 1 14 0 17 11 18 19 12 15 18 12 23 0 0 0 0 0 0 0 0 0 0 0 0 0 0 0 0 0 0 3 0 0 0 0 10 0 0 0 0 0 0 0 0 0 0 2 0 0 0 0 0 0 0 0 0 0 0 74 0 0 0 0 0 0 0 9 1 3 1 1 0 18 0 0 0 0 0 0 0 0 0 0 0 0 0 0 0 0 0 0 9 0 0 0 2 0 0 0 0 0 0 
 0 0 0 94 42 141 0 0 0 0 79 0 0 0 0 0 0 73 0 0 139 153 128 162 51 64 224 166 323 59 59 38 133 185 251 93 35 33 216 0 2 0 62 61 0 0 66 0 3 0 0 0 0 2 0 0 0 0 0 22 0 3 0 0 0 0 0 2 0 0 0 2 0 1 0 0 2 0 0 0 0 0 0 0 38 15 0 0 0 0 0 12 0 0 0 14 0 0 0 0 46 15 2 12 9 1 44 4 27 11 0 1 11 9 34 0 19 0 30 14 0 0 0 0 0 0 0 7 0 0 0 0 0 0 0 0 0 0 0 2 0 0 0 0 0 1 0 1 0 17 0 0 0 0 0 0 1 0 0 0 1 0 13 0 27 15 0 12 1 0 0 2 0 0 0 0 0 19 11 0 18 31 24 0 13 0 73 19 0 3 0 6 11 78 1 33 0 12 29 12 0 0 0 0 0 0 0 0 0 0 0 0 0 0 0 0 0 0 0 0 0 0 0 0 0 0 0 0 0 0 0 0 0 0 0 0 0 0 1 0 0 0 0 0 0 0 0 0 0 73 18 0 10 0 5 0 0 1 2 0 1 0 0 0 0 0 0 0 0 0 0 0 0 0 0 17 26 0 0 0 0 14 0 0 0 0 0 0 0 0 
 0 0 0 0 4 0 0 0 0 0 0 0 0 0 0 0 0 0 0 0 5 2 2 2 2 41 2 2 2 2 3 149 2 4 66 4 4 72 6 2 0 100 305 142 35 33 78 120 107 30 28 38 343 109 162 63 113 46 37 170 1 9 0 0 0 0 0 0 0 4 0 4 2 2 0 0 0 2 0 2 0 0 0 0 0 0 0 0 0 0 0 0 0 0 0 0 0 0 0 0 0 0 0 1 0 0 0 0 23 0 17 0 0 0 0 0 0 0 0 0 5 26 19 16 0 0 0 1 13 14 8 1 36 19 0 18 23 1 1 19 0 0 0 1 0 0 0 5 0 0 0 0 0 0 0 0 0 0 28 0 0 0 0 0 0 0 0 0 0 0 0 0 0 0 0 0 0 0 0 0 0 0 0 0 1 29 0 0 0 4 0 0 0 0 0 0 0 0 0 0 17 31 29 0 0 1 10 1 6 23 0 1 14 11 36 29 16 1 8 4 0 0 0 0 0 0 0 0 0 0 0 0 0 0 0 0 0 0 19 0 0 0 10 0 0 0 0 0 0 0 0 5 0 0 0 0 0 0 0 0 0 0 1 9 0 4 9 0 0 0 0 0 0 0 0 0 0 0 0 0 0 0 0 0 0 0 0 15 0 0 
 0 0 0 0 8 0 1 0 0 0 0 0 0 0 0 0 0 0 0 0 2 0 4 0 11 5 0 0 0 0 1 6 0 0 0 0 2 0 0 0 100 0 190 234 87 39 93 390 212 166 44 64 112 59 196 232 44 63 121 37 0 0 0 0 0 0 0 0 0 0 0 16 0 0 0 0 0 0 0 0 0 0 0 0 0 0 0 0 0 8 0 0 0 0 0 0 0 0 0 0 0 5 0 5 0 1 0 0 0 0 0 10 0 0 0 7 3 5 0 0 21 15 7 29 0 9 12 11 0 10 0 1 0 26 3 4 0 0 11 0 11 0 0 1 0 0 15 1 0 0 0 0 0 0 0 0 0 0 20 2 0 0 0 0 0 0 2 0 0 0 0 0 0 0 0 0 0 0 0 0 0 0 6 0 0 0 3 8 0 0 7 7 30 0 0 8 2 2 0 0 1 21 19 1 7 12 11 18 7 0 19 67 1 1 5 3 17 12 0 0 0 0 0 0 0 0 0 0 0 0 0 14 0 6 0 0 0 0 19 0 0 0 6 0 0 0 0 0 0 0 0 9 0 2 0 0 0 0 0 2 0 0 0 0 0 8 0 0 0 0 0 0 0 0 0 0 0 0 0 0 0 10 0 0 0 0 0 14 0 0 
 3 3 3 3 6 3 3 3 3 3 3 3 3 3 3 3 3 3 3 3 0 0 0 10 0 3 1 1 0 0 0 0 0 0 63 0 0 0 1 62 305 190 0 181 157 27 320 76 327 248 52 175 98 51 173 183 128 137 245 35 3 0 4 2 0 2 5 0 3 0 4 4 2 2 0 0 4 58 3 3 0 0 0 0 0 0 0 0 0 0 0 0 0 0 0 0 0 0 0 0 0 0 0 0 11 0 0 0 0 0 0 1 0 0 0 0 0 0 1 0 0 0 23 9 11 11 13 59 11 0 0 0 9 0 14 33 11 33 7 11 8 5 6 0 0 2 19 0 5 0 15 0 7 0 0 0 0 0 0 13 0 0 0 0 0 0 12 0 0 0 0 0 0 0 0 0 0 0 0 0 0 0 0 0 0 0 0 0 0 0 0 0 0 0 0 0 0 0 0 0 0 16 28 21 15 13 0 8 9 18 15 10 0 10 0 13 23 24 0 0 19 0 2 2 5 5 0 0 4 4 3 0 8 19 13 7 3 0 1 15 0 0 0 0 0 0 0 0 0 0 0 3 0 0 0 0 0 0 0 1 0 0 67 1 0 34 2 0 0 0 2 0 0 0 0 0 0 0 0 0 0 0 0 0 12 9 0 0 0 0 
 0 0 0 0 3 0 0 0 0 0 0 0 0 0 0 0 0 0 0 0 1 33 4 2 1 4 2 130 0 63 2 2 0 2 2 72 2 1 0 61 142 234 181 0 186 19 145 185 176 370 78 49 76 93 151 37 56 72 96 557 0 0 51 1 0 0 1 2 0 3 1 0 3 3 2 1 0 1 3 2 0 0 0 0 7 39 16 0 14 0 0 0 0 0 0 0 0 0 0 0 2 20 0 0 0 0 0 18 0 0 0 0 0 29 0 0 0 0 0 0 21 0 4 13 0 10 0 9 10 23 0 0 0 1 0 20 0 0 0 0 10 0 0 1 0 0 15 0 0 6 0 0 0 0 0 0 0 0 5 19 0 0 0 0 0 0 0 0 0 0 0 0 0 0 0 0 0 0 0 0 15 0 0 0 0 1 0 16 0 8 0 0 0 0 0 13 0 10 0 0 0 12 40 1 13 26 15 5 0 0 14 16 0 1 14 7 7 8 0 0 0 1 0 0 0 0 0 0 0 0 0 0 0 0 0 0 0 0 1 0 0 0 0 0 0 0 0 0 0 0 0 0 0 0 0 0 0 2 0 10 0 0 2 0 1 58 1 0 0 0 0 0 0 0 0 0 0 0 0 0 0 6 0 0 0 0 0 1 0 0 
 0 0 72 0 0 0 0 0 0 0 0 0 0 0 0 3 38 0 0 0 0 1 2 0 0 15 0 0 0 0 0 0 0 0 0 0 0 1 0 0 35 87 157 186 0 140 56 121 446 144 215 81 70 65 177 146 68 40 53 75 3 3 6 1 1 5 2 0 9 57 2 6 0 216 51 0 3 3 2 52 0 0 0 0 0 0 0 0 0 0 0 0 0 0 0 0 8 0 0 0 0 1 0 4 0 1 0 0 0 0 0 2 0 0 0 1 4 6 0 0 0 0 12 24 14 32 1 0 8 0 16 0 0 14 2 17 10 0 2 0 10 0 0 0 0 0 23 0 3 0 0 1 11 0 0 0 0 0 49 8 0 0 0 0 0 0 12 0 0 0 0 0 0 0 9 0 0 22 0 0 1 0 2 0 0 0 0 6 1 0 0 2 0 0 0 5 4 9 0 0 0 10 71 9 43 2 0 0 7 0 10 9 0 0 4 0 15 35 0 0 0 0 9 0 0 0 16 0 0 0 0 0 12 10 19 0 0 0 21 20 0 0 0 0 0 0 0 0 0 0 0 3 0 0 0 0 0 0 0 1 1 0 2 3 0 5 2 1 0 0 8 0 0 0 0 0 0 0 0 0 0 2 0 0 0 0 0 16 2 0 
 0 0 2 0 0 0 0 0 0 0 60 0 0 0 0 3 0 2 0 0 0 0 0 0 0 1 0 0 0 1 0 0 0 0 0 0 1 0 0 0 33 39 27 19 140 0 243 41 265 46 326 380 268 48 61 105 385 56 60 58 51 24 0 0 0 0 42 116 0 3 0 0 0 0 99 56 0 23 1 21 0 0 0 0 0 0 0 0 0 0 0 0 0 0 0 0 0 0 0 0 0 0 0 0 0 5 0 0 0 0 0 0 0 0 0 0 0 0 0 0 15 1 0 0 36 14 0 0 0 0 10 12 0 3 0 0 0 18 0 0 0 7 20 0 7 7 6 0 5 14 7 1 12 26 8 10 16 3 8 7 0 0 0 0 0 0 0 0 0 0 0 0 0 0 0 0 0 3 0 0 0 0 0 0 0 0 0 0 0 1 0 0 0 0 0 10 0 0 0 0 4 0 0 14 58 3 4 0 0 1 22 0 4 5 0 5 0 0 1 6 6 11 29 10 16 0 20 49 20 11 0 0 22 1 40 17 6 0 6 23 13 0 0 0 0 0 0 0 0 0 0 8 0 2 0 0 0 0 5 4 0 0 13 4 0 0 0 0 0 0 8 0 0 0 0 0 0 0 0 0 0 0 0 0 0 0 0 0 0 0 
 0 0 0 0 0 0 0 0 0 0 0 0 0 1 0 0 0 0 0 0 0 0 0 18 0 2 2 64 24 55 0 2 0 1 0 64 1 0 0 66 78 93 320 145 56 243 0 102 63 92 33 248 94 52 44 174 26 47 360 170 5 0 0 0 0 0 0 0 3 0 0 3 3 8 0 0 0 1 4 5 0 0 0 0 0 0 0 0 0 0 0 0 0 0 0 0 0 0 0 0 0 0 0 10 18 10 11 0 0 0 6 1 7 0 7 0 16 0 0 10 14 0 7 0 23 11 25 15 0 4 0 0 2 28 0 0 0 0 13 23 3 0 1 0 0 0 2 22 1 0 0 0 3 0 0 9 0 0 0 5 0 0 0 0 0 0 2 0 0 0 0 0 0 0 0 0 0 0 0 0 13 12 0 0 0 10 0 0 0 4 58 0 0 0 1 0 0 12 0 0 0 0 0 43 0 7 15 14 8 19 0 11 0 16 13 33 25 0 2 0 0 0 10 15 0 0 7 6 0 0 7 0 14 0 6 3 10 0 0 0 0 0 5 0 0 0 0 0 0 0 0 2 0 0 0 0 0 0 0 0 0 16 0 0 2 6 49 0 0 2 4 0 0 4 0 0 0 0 0 0 0 8 0 0 3 0 0 0 0 0 
 0 0 0 0 0 0 0 0 0 0 0 0 0 0 0 0 0 0 0 0 0 0 0 0 0 64 0 0 0 0 61 68 0 0 0 0 0 0 0 0 120 390 76 185 121 41 102 0 295 173 26 96 112 133 289 94 34 128 118 51 0 0 0 0 0 0 0 0 0 0 0 0 0 0 0 0 0 0 0 0 0 0 0 0 0 0 0 0 0 0 0 0 17 0 0 0 0 0 0 0 0 0 0 0 10 0 0 0 0 0 0 0 0 0 0 0 0 0 0 0 24 9 36 39 0 7 0 14 4 13 13 20 2 25 23 20 14 14 1 20 11 0 0 8 0 0 10 8 0 0 0 5 0 3 0 0 0 0 6 0 0 0 0 0 0 0 0 0 0 0 0 0 0 0 0 0 0 0 1 0 0 0 0 0 0 1 0 0 0 0 0 0 0 0 0 0 0 0 0 0 13 12 0 11 19 0 0 32 6 7 19 67 23 0 22 1 13 3 0 7 26 0 0 0 0 0 0 0 0 0 0 0 30 19 0 0 0 0 8 0 0 0 0 0 0 0 0 0 0 0 0 17 0 0 0 0 0 0 0 2 0 0 0 0 1 6 0 0 0 0 0 0 0 0 0 0 0 0 0 0 0 0 0 0 4 0 0 0 0 0 
 0 0 3 0 0 3 0 0 0 0 0 0 0 0 0 0 0 0 0 0 3 6 3 3 3 5 3 3 3 3 3 3 3 3 3 3 3 3 3 3 107 212 327 176 446 265 63 295 0 131 46 156 158 108 524 334 114 26 133 129 0 0 0 0 0 0 0 0 0 0 0 0 0 0 0 0 0 0 0 23 0 0 0 0 0 0 0 0 0 0 0 0 0 0 0 0 0 0 0 0 0 0 0 0 0 0 0 0 15 0 0 0 0 0 0 0 0 0 0 0 0 41 16 30 7 0 0 4 7 20 25 2 1 20 0 33 10 26 0 11 43 0 0 0 0 0 10 18 0 0 0 0 10 0 0 0 14 0 0 3 0 0 0 0 0 0 8 0 0 0 0 0 0 0 0 0 0 0 0 0 0 0 0 0 0 11 0 0 0 0 0 0 0 0 0 0 0 0 0 0 0 13 32 10 11 21 1 5 0 12 9 37 0 0 0 19 47 19 5 0 0 9 0 0 0 0 25 0 0 0 0 0 1 0 30 0 0 0 73 8 0 0 0 0 0 0 0 0 0 0 0 2 0 0 0 0 0 0 0 9 0 0 64 35 2 3 2 1 1 0 0 0 0 0 0 0 0 0 0 0 0 0 0 0 1 10 0 13 0 0 
 0 0 0 0 2 0 0 0 0 0 0 0 0 0 0 0 0 0 3 0 0 0 3 0 0 7 0 0 0 0 0 0 0 0 0 0 0 64 0 0 30 166 248 370 144 46 92 173 131 0 407 112 57 162 118 107 115 235 73 80 2 1 3 1 0 3 0 0 0 0 3 0 46 0 2 0 0 4 0 45 0 0 0 0 0 0 0 0 0 0 0 0 0 0 0 0 0 0 0 0 0 0 0 2 0 0 0 0 0 0 0 0 0 0 3 0 0 0 0 0 4 3 38 20 0 8 13 14 10 22 0 37 0 20 29 0 14 13 0 0 9 0 0 9 0 0 19 7 3 0 0 0 0 18 0 1 0 0 0 11 0 0 0 0 0 0 17 0 0 0 0 4 0 0 0 0 0 0 0 0 0 11 0 0 0 0 0 0 0 0 0 0 0 0 0 0 0 0 0 0 14 13 3 2 19 10 10 34 11 0 26 35 14 0 0 0 13 21 0 0 21 1 1 0 0 0 0 0 0 0 0 0 74 54 0 20 1 0 0 10 0 0 0 0 0 0 0 0 0 0 0 6 0 0 0 0 0 0 0 10 0 0 0 1 1 37 3 0 0 0 0 0 0 0 0 0 0 0 0 0 0 0 0 0 10 15 0 0 0 0 
 3 3 3 12 5 3 3 3 3 3 3 3 3 3 3 6 3 3 6 3 0 0 2 0 0 0 0 0 0 0 0 0 0 0 3 0 25 0 0 0 28 44 52 78 215 326 33 26 46 407 0 154 249 25 146 94 401 48 17 71 0 0 0 0 0 0 24 51 0 0 0 0 53 0 17 0 1 2 56 128 0 0 0 0 0 0 0 0 0 0 0 0 0 0 0 0 0 0 0 0 0 0 0 0 0 0 0 0 0 0 0 0 0 0 0 0 0 0 0 0 0 0 0 21 33 7 0 0 7 0 21 15 0 0 0 0 22 22 0 0 11 33 0 1 0 0 11 15 10 11 0 2 17 0 0 24 15 11 1 5 0 0 0 0 0 0 0 0 0 0 0 0 0 0 0 0 0 0 0 0 0 0 0 0 0 0 0 8 0 0 0 0 0 0 0 0 0 0 0 0 0 0 15 11 23 1 0 0 0 0 11 7 0 0 0 0 0 0 0 0 0 28 11 0 0 0 48 0 0 0 0 0 0 15 18 22 9 0 32 0 0 0 0 0 0 0 0 0 0 0 0 5 0 0 0 0 0 0 0 18 0 0 4 56 0 1 1 38 0 0 0 0 0 14 0 0 0 0 0 0 0 0 0 0 0 0 0 0 0 1 
 0 2 0 2 0 0 0 0 0 0 0 0 0 0 0 3 0 0 0 0 0 0 0 0 0 0 0 0 0 7 5 5 0 2 0 0 0 0 1 0 38 64 175 49 81 380 248 96 156 112 154 0 46 234 49 42 120 74 27 22 0 0 0 0 0 0 0 0 0 0 0 0 50 0 0 0 0 0 50 99 0 0 0 0 0 0 0 0 0 0 0 0 0 0 0 0 0 0 0 0 0 0 0 0 0 6 0 0 0 0 0 0 0 0 0 0 0 0 0 0 0 0 0 1 2 1 0 0 1 0 8 12 0 2 0 20 1 60 0 0 36 9 0 1 0 0 45 0 7 10 0 7 12 1 0 21 19 22 1 0 0 0 0 0 0 0 0 0 0 0 0 0 0 0 0 0 0 0 0 0 0 0 0 0 0 0 0 0 0 22 3 0 0 0 0 0 0 0 2 7 6 0 19 14 24 9 2 0 0 0 34 14 17 15 0 9 11 9 0 9 0 25 2 0 0 0 8 0 0 0 0 0 1 23 0 11 0 0 13 0 0 0 0 0 0 0 0 0 0 0 0 2 0 1 0 0 0 0 16 9 0 27 1 62 4 1 1 0 2 0 6 0 0 0 0 0 0 0 0 0 0 4 0 0 0 0 0 0 0 0 
 0 0 0 0 0 0 0 0 0 0 0 0 0 0 0 0 0 0 0 0 4 0 0 1 0 66 0 30 0 0 83 21 0 0 0 27 0 0 0 0 343 112 98 76 70 268 94 112 158 57 249 46 0 92 84 136 308 251 168 356 0 3 0 3 0 0 0 0 0 3 0 3 0 0 4 3 0 0 0 0 0 0 0 0 0 0 0 0 0 0 0 0 0 0 0 0 0 0 0 0 0 0 0 0 11 0 0 0 0 0 0 0 0 0 0 0 0 0 0 0 0 0 0 0 10 0 52 0 15 6 0 0 37 14 18 21 0 2 8 20 0 0 0 2 0 0 6 0 0 7 0 1 0 0 0 0 1 3 0 0 0 0 0 0 0 0 0 0 0 0 3 0 0 0 0 0 0 0 0 0 0 0 0 0 2 1 0 0 0 0 0 0 0 8 0 0 0 0 0 0 23 12 0 11 0 0 0 8 20 49 8 0 26 26 13 84 1 1 0 7 0 0 0 0 0 0 0 0 0 0 0 1 0 0 0 0 0 6 0 0 0 0 0 0 0 0 0 0 0 0 0 6 1 1 0 0 0 0 0 0 0 0 1 0 0 2 2 0 0 0 0 0 0 0 0 0 0 0 0 0 0 0 0 0 15 13 0 0 0 0 
 0 0 1 0 4 0 0 0 0 0 0 0 0 0 0 0 0 0 0 0 86 3 2 5 3 5 2 2 64 2 82 101 2 2 2 2 4 64 4 2 109 59 51 93 65 48 52 133 108 162 25 234 92 0 168 59 150 36 94 223 4 3 2 6 1 0 1 0 2 18 1 0 0 1 0 0 0 2 3 2 0 0 0 0 0 0 0 0 0 0 0 0 0 0 0 0 0 0 0 0 0 0 0 0 5 2 0 0 0 0 12 0 0 0 8 15 0 8 0 0 1 13 19 0 0 0 9 0 16 7 18 1 37 8 18 5 10 0 0 9 0 0 0 0 0 0 0 0 0 0 0 0 13 0 0 0 0 0 0 0 0 0 0 0 0 0 0 0 0 0 3 0 0 1 0 0 0 0 0 0 0 3 0 10 13 45 0 0 0 0 10 0 0 0 0 0 0 0 0 0 41 0 12 0 0 0 1 0 5 2 0 0 11 25 15 9 4 0 0 24 0 0 0 0 0 0 0 0 0 18 0 0 0 0 0 0 0 0 0 0 0 0 21 0 0 0 0 0 3 0 0 4 0 0 0 0 0 0 0 0 0 0 1 0 0 0 2 0 0 0 0 0 0 0 0 0 0 0 0 0 0 0 0 0 0 0 0 0 0 0 
 1 0 0 0 0 0 0 0 0 0 0 0 0 0 0 0 0 0 0 0 0 0 0 0 0 2 1 0 0 0 0 16 0 0 0 0 0 0 0 0 162 196 173 151 177 61 44 289 524 118 146 49 84 168 0 115 109 103 102 95 12 0 4 0 0 0 0 0 0 3 15 0 0 0 0 0 0 0 5 63 0 0 0 0 0 0 0 0 0 0 0 0 0 0 0 0 0 0 0 0 0 0 0 3 0 0 0 0 0 0 0 0 0 0 0 0 0 0 0 0 1 40 0 21 0 0 10 0 27 28 21 1 6 18 1 0 31 0 0 11 12 0 8 0 0 0 20 0 3 0 0 0 5 0 0 0 1 0 10 11 0 0 0 0 0 0 0 0 0 0 0 0 0 0 0 0 0 0 0 0 0 0 0 0 0 3 0 0 0 0 0 0 0 0 17 0 0 0 0 0 8 39 23 14 0 9 0 1 0 17 7 1 0 10 60 21 0 23 0 0 0 0 13 25 1 0 12 0 4 12 5 0 21 12 21 5 35 0 20 14 0 0 14 0 0 0 0 0 0 0 0 2 0 13 0 0 0 0 0 8 0 0 4 71 1 7 7 1 0 0 3 0 0 0 0 0 0 0 0 0 9 0 0 0 0 0 0 11 0 4 
 0 0 0 0 0 0 0 0 0 0 0 0 0 0 0 0 0 0 0 0 3 12 3 0 0 3 1 0 0 0 4 0 0 0 0 0 0 0 0 0 63 232 183 37 146 105 174 94 334 107 94 42 136 59 115 0 337 230 123 138 0 0 0 0 0 0 0 0 0 3 0 0 0 0 0 0 0 0 0 0 0 0 0 0 0 0 0 0 0 0 0 0 0 0 0 0 0 0 0 0 0 0 0 0 0 0 0 0 0 0 1 0 0 0 0 0 0 0 0 0 6 22 17 24 16 12 35 14 30 14 28 19 28 43 9 5 0 12 10 15 14 0 0 12 0 0 22 7 0 0 0 0 0 0 0 0 0 0 0 20 0 0 0 0 0 0 3 0 0 0 0 0 0 0 0 0 0 0 0 0 0 0 0 0 0 11 0 0 0 0 0 0 0 0 0 0 0 0 0 0 20 20 2 14 0 24 15 30 46 8 14 25 51 34 0 0 23 32 9 7 0 0 0 0 0 0 0 0 0 0 0 0 11 0 0 0 0 0 1 19 0 0 0 0 0 0 0 0 0 0 0 4 0 1 0 0 0 0 0 2 0 0 0 0 0 15 2 0 0 0 0 0 0 0 0 0 0 0 0 0 0 0 0 0 45 13 0 0 0 0 
 0 0 0 0 0 0 0 0 0 0 0 0 0 0 0 3 0 0 0 0 0 0 3 0 0 0 0 0 0 0 1 61 0 0 0 0 0 0 3 0 113 44 128 56 68 385 26 34 114 115 401 120 308 150 109 337 0 293 22 54 0 2 5 5 1 4 2 0 11 19 0 10 0 5 15 0 7 3 0 50 0 0 0 0 0 0 0 0 0 4 0 0 0 0 0 0 0 0 0 0 0 0 0 0 0 0 0 0 0 0 0 0 0 0 0 0 0 0 0 0 0 10 1 1 15 0 0 8 17 21 30 14 18 0 0 12 20 33 0 10 9 0 0 0 0 0 0 0 0 0 0 3 16 0 0 0 19 0 1 0 0 0 0 0 0 0 0 0 0 0 0 0 0 0 0 0 0 0 0 0 0 0 0 0 0 1 0 0 0 0 0 0 0 0 0 0 0 0 0 40 29 1 4 22 6 30 0 0 1 10 25 13 13 4 0 1 1 2 0 0 0 19 0 0 0 0 9 4 0 0 0 0 0 9 0 10 0 0 13 2 0 0 11 0 0 0 0 0 0 0 0 1 0 0 0 0 0 0 0 9 0 0 13 63 0 5 0 2 1 0 7 0 0 0 0 0 0 0 0 0 0 0 0 0 0 17 0 0 0 0 
 0 0 0 0 0 52 0 63 0 1 0 0 0 2 0 3 0 0 0 0 0 0 0 0 0 1 0 0 2 0 1 64 0 0 2 0 0 3 0 0 46 63 137 72 40 56 47 128 26 235 48 74 251 36 103 230 293 0 53 36 2 0 0 0 0 0 0 0 0 0 0 55 50 0 0 0 0 5 6 50 0 0 0 0 0 0 0 0 0 0 0 0 0 0 0 0 0 0 0 0 2 8 0 0 0 0 0 0 0 0 0 0 0 0 0 0 0 0 0 0 10 12 39 29 0 17 1 7 17 3 0 18 0 9 21 6 31 29 0 8 2 0 0 2 0 0 17 3 0 0 0 0 11 4 12 0 0 0 0 5 0 0 0 0 0 0 4 0 0 0 0 0 0 0 0 0 0 0 0 0 0 0 0 0 1 1 0 0 0 1 0 0 0 0 0 0 0 0 0 0 12 4 25 3 9 2 0 26 21 5 27 20 10 1 1 3 18 25 13 2 20 7 0 0 0 0 0 0 0 0 0 0 28 20 9 9 0 0 0 33 0 0 0 0 0 0 0 0 0 0 0 0 0 2 0 0 0 0 0 3 0 2 0 0 63 3 7 0 64 0 0 0 1 0 0 0 0 0 0 0 0 0 0 0 9 0 0 0 0 0 
 0 0 0 0 0 0 0 0 0 0 0 63 0 0 0 0 0 0 2 0 70 0 1 0 92 0 0 0 0 50 0 1 0 0 0 0 1 0 0 0 37 121 245 96 53 60 360 118 133 73 17 27 168 94 102 123 22 53 0 171 0 8 0 1 0 0 0 0 0 0 3 11 0 0 4 2 0 0 0 0 0 0 0 0 0 0 0 0 0 0 11 0 0 0 0 0 0 0 0 0 9 1 0 1 14 21 0 1 0 9 1 4 0 0 0 0 18 12 0 0 5 2 0 0 27 0 33 10 0 10 16 0 0 34 0 0 0 3 12 32 0 4 0 6 0 0 0 0 0 7 1 6 0 0 0 0 8 13 0 1 0 0 0 0 0 0 0 0 0 0 0 0 0 0 0 0 0 0 0 0 0 0 7 13 0 1 2 1 0 0 0 15 0 0 0 0 0 0 0 0 0 0 0 14 0 10 21 26 0 18 0 6 0 12 16 9 0 4 11 0 0 0 0 0 0 1 0 0 0 0 0 10 0 0 0 0 10 5 21 0 0 0 0 0 0 0 0 0 0 0 0 7 0 2 0 0 0 0 0 0 0 2 0 0 0 10 2 0 0 0 0 0 0 0 0 0 0 0 0 0 0 0 0 0 0 0 0 16 0 0 
 0 0 0 0 0 1 0 0 0 0 0 0 0 0 0 0 0 3 0 0 2 62 0 69 2 138 0 23 62 63 63 22 0 0 7 24 65 0 0 22 170 37 35 557 75 58 170 51 129 80 71 22 356 223 95 138 54 36 171 0 0 8 0 3 0 0 1 3 0 4 3 1 4 5 13 11 8 4 4 0 0 0 0 0 0 14 0 0 0 0 0 1 0 0 0 0 0 0 0 0 2 0 0 8 65 19 17 0 14 0 13 0 0 8 0 0 40 0 0 0 10 2 0 0 27 0 81 0 0 0 25 0 18 67 18 20 0 3 0 34 0 0 0 9 0 2 0 0 0 21 0 16 0 0 0 0 8 5 0 1 0 0 0 0 0 0 0 0 0 0 0 0 0 0 1 0 0 0 0 0 13 9 0 0 0 10 0 0 0 0 32 0 0 0 0 14 0 9 0 0 13 3 0 10 0 0 10 57 0 59 0 0 10 10 23 19 0 6 22 0 0 0 0 0 0 0 0 0 0 0 0 6 0 0 0 0 0 16 21 0 0 0 0 0 0 0 0 0 0 0 0 6 0 0 0 0 0 1 0 0 0 0 0 0 0 1 33 0 0 0 0 0 0 0 0 0 0 0 0 0 0 15 0 0 0 0 0 16 0 0 
 3 2 5 2 2 2 2 2 3 2 2 2 3 3 2 3 3 3 3 2 0 0 0 0 0 0 0 0 0 0 0 0 0 0 0 0 0 0 11 0 1 0 3 0 3 51 5 0 0 2 0 0 0 4 12 0 0 2 0 0 0 398 95 111 32 259 472 332 156 81 91 37 320 149 43 118 77 116 380 264 0 0 0 0 0 0 0 0 0 0 0 0 0 0 0 0 0 0 0 0 5 0 0 0 0 0 0 0 0 0 0 0 0 0 0 0 0 0 0 0 0 0 0 8 0 0 6 2 0 0 0 8 0 0 0 0 4 1 0 0 20 14 29 0 15 1 28 17 66 10 19 0 9 30 0 34 0 9 0 0 0 0 0 0 0 12 0 0 0 0 0 0 0 0 0 0 0 0 2 0 0 0 0 0 0 0 0 0 0 0 0 0 0 0 23 0 0 0 0 0 0 2 0 2 0 0 0 4 4 0 0 0 0 0 0 0 0 0 0 5 21 20 73 23 1 6 9 45 18 17 30 0 0 16 13 30 27 21 0 0 12 0 0 0 0 0 0 0 0 0 0 0 0 0 2 0 0 0 0 0 0 0 15 0 0 0 18 0 0 0 39 0 2 0 2 0 0 0 0 0 0 0 0 0 0 0 0 0 0 0 
