 0 252 70 185 174 81 164 127 125 143 234 40 51 233 487 13 87 124 46 37 3 1 0 0 0 0 3 3 0 204 0 0 0 0 0 0 0 2 0 4 0 0 0 1 0 0 3 0 3 0 0 0 3 0 0 0 0 2 0 6 3 0 0 0 0 0 0 8 0 3 26 0 0 2 0 0 0 0 0 0 32 19 11 33 0 1 26 16 36 56 0 11 0 0 18 18 45 5 24 1 0 0 14 0 0 0 16 0 0 0 0 0 0 0 0 0 0 0 7 0 0 0 0 0 0 0 17 0 0 0 0 0 0 0 0 0 0 0 0 0 0 15 0 0 0 0 0 0 3 0 2 0 0 0 0 0 0 0 0 0 15 1 18 19 0 9 0 21 0 12 27 31 0 16 0 17 2 19 0 0 0 1 0 0 0 0 0 0 0 0 0 1 0 0 0 2 0 0 0 0 0 0 0 0 0 0 0 0 0 0 0 0 0 0 0 0 0 0 0 0 0 0 0 0 0 0 0 0 2 0 0 0 0 0 0 0 0 0 16 17 0 0 0 0 0 4 3 0 2 0 1 24 0 0 0 0 0 0 0 0 0 0 0 0 0 0 0 0 0 0 0 0 0 0 0 3 0 0 0 0 0 0 0 0 0 0 0 0 0 0 
 252 0 321 290 166 43 71 130 360 98 169 44 107 49 119 149 261 134 123 235 4 0 2 206 0 0 2 6 0 0 23 0 1 0 0 0 0 2 1 2 0 0 0 1 0 0 3 1 3 4 1 0 3 0 0 0 0 2 0 1 3 0 0 0 2 0 0 3 0 3 0 0 14 2 0 0 2 0 0 0 11 11 50 15 0 5 0 23 9 0 27 19 11 42 24 29 15 20 12 21 0 0 0 0 0 0 12 0 0 0 0 0 0 0 0 2 0 0 20 16 0 13 0 0 0 0 0 0 0 0 0 0 1 0 0 0 0 2 0 0 0 6 7 35 1 2 0 0 0 0 0 0 2 0 0 0 0 0 0 0 0 10 0 17 2 0 16 14 0 0 65 35 10 16 0 32 23 9 5 4 0 0 0 0 0 0 2 1 0 0 0 0 1 0 0 0 0 0 26 9 0 0 0 0 0 0 0 0 0 0 0 0 0 0 0 0 0 0 0 0 0 0 0 0 0 0 0 0 0 0 1 0 0 0 0 0 0 11 1 0 0 0 0 0 0 2 0 2 91 97 0 7 0 0 0 0 0 0 0 0 0 0 0 0 0 0 0 0 0 0 0 0 0 0 0 0 0 0 0 0 0 0 0 0 0 0 0 0 0 0 
 70 321 0 236 81 100 206 183 321 245 335 294 55 170 244 112 403 239 39 226 3 2 0 1 3 13 2 4 0 0 2 0 74 0 2 0 0 2 76 2 0 0 3 1 0 0 3 0 6 0 0 0 3 0 2 0 0 2 0 0 2 0 0 0 0 0 0 7 0 3 0 0 0 5 0 0 0 40 1 1 10 10 15 23 0 0 0 46 9 1 12 0 3 22 9 31 10 58 0 23 0 1 0 0 0 0 0 0 0 0 0 0 0 11 0 0 0 0 0 12 0 0 11 0 1 0 0 0 0 0 0 0 0 0 0 0 0 0 0 0 0 0 2 0 7 0 0 0 4 0 4 0 0 0 0 0 0 0 0 0 7 23 15 37 28 20 2 42 21 2 0 11 8 57 27 18 19 17 16 27 0 0 0 0 0 0 0 0 0 0 0 0 0 0 0 0 0 0 0 15 0 0 0 0 0 0 0 0 0 0 24 1 0 0 0 0 0 0 0 0 0 0 0 0 0 0 0 0 0 0 0 0 0 0 0 0 0 0 14 0 0 25 0 0 0 0 2 0 2 90 15 3 10 0 0 0 0 0 0 0 21 0 0 0 0 0 0 0 0 0 0 0 0 0 0 22 9 0 0 0 0 0 0 0 0 0 0 0 0 0 
 185 290 236 0 189 150 407 187 171 118 390 338 65 109 81 31 52 44 78 86 39 76 0 0 0 0 3 3 0 0 0 0 1 97 0 0 0 2 35 2 0 0 0 2 0 0 3 0 3 0 0 0 30 0 0 0 0 3 3 1 0 0 0 0 0 0 0 8 0 2 20 0 0 2 0 0 0 0 3 0 31 0 32 26 11 6 28 62 0 37 7 24 0 19 31 22 44 22 0 13 0 18 0 0 0 0 0 35 0 0 0 0 7 9 7 0 0 0 13 0 0 0 0 0 0 0 0 0 9 0 0 0 0 0 0 0 0 0 0 0 0 0 0 0 0 0 0 0 4 0 3 0 0 0 0 0 0 0 0 0 15 4 15 10 18 27 0 26 0 12 42 25 0 4 0 32 13 0 0 0 0 0 0 19 0 0 14 0 0 1 0 0 0 0 32 0 0 0 0 1 0 0 0 0 0 0 0 0 0 0 0 0 0 0 0 0 0 0 0 0 0 0 0 0 0 0 0 0 1 0 8 0 0 0 0 0 0 0 19 0 0 0 0 0 0 95 19 2 5 52 0 8 0 0 0 0 0 0 0 0 0 0 0 0 0 0 0 0 0 0 0 0 0 0 0 25 16 0 0 0 0 0 0 0 0 0 0 0 0 0 
 174 166 81 189 0 89 154 162 438 354 299 505 232 232 265 147 79 298 153 214 3 0 0 0 0 0 78 3 2 2 0 3 109 0 0 0 1 4 95 2 0 0 0 4 0 0 6 0 3 0 0 28 3 2 0 2 0 2 0 0 6 0 2 0 0 1 0 59 0 3 0 0 0 2 0 2 0 0 2 0 20 9 24 39 12 0 0 13 36 11 41 43 0 7 0 32 16 13 0 0 10 0 0 0 0 0 12 0 0 1 0 0 0 16 0 0 1 0 23 46 0 0 0 0 0 0 0 0 0 0 0 0 0 0 0 0 0 0 0 0 0 8 0 0 1 0 0 0 1 2 0 0 0 0 0 0 0 2 0 0 0 0 29 14 23 16 2 18 0 14 5 28 0 60 19 19 10 28 0 1 0 10 0 0 1 0 9 0 2 0 0 0 18 0 13 0 0 0 24 23 0 0 0 0 2 0 0 0 0 1 0 0 0 6 0 0 0 0 0 0 1 0 0 0 0 0 0 0 0 0 0 0 0 0 0 0 0 0 0 0 0 0 0 0 0 3 2 0 4 8 14 7 0 0 0 0 0 0 0 0 0 0 0 0 0 0 0 0 0 0 0 0 0 0 0 0 1 0 0 0 0 0 0 0 0 0 0 0 0 0 
 81 43 100 150 89 0 140 353 135 260 183 417 177 139 267 151 56 102 51 51 123 76 0 211 1 0 80 4 0 0 0 0 4 105 83 0 212 2 44 2 0 0 0 2 3 0 3 0 3 0 0 0 9 5 0 0 0 4 0 0 0 0 0 0 0 0 0 9 0 1 2 0 0 2 0 0 0 0 3 0 10 0 11 25 37 0 9 16 10 20 4 9 0 0 0 11 30 23 0 0 0 14 0 2 0 0 0 18 0 0 0 0 0 24 33 0 0 0 0 0 0 0 0 0 0 0 0 0 0 0 0 0 0 0 0 0 0 0 0 0 0 0 0 0 0 0 0 0 1 0 0 0 0 0 0 0 2 0 0 0 0 3 40 0 8 20 0 6 0 14 0 28 0 0 0 7 8 11 0 9 14 0 0 14 0 0 29 0 0 9 0 0 8 0 16 0 12 0 1 9 0 1 0 0 0 0 0 0 0 0 0 0 0 0 0 0 0 0 0 0 0 0 0 0 0 0 0 0 0 0 0 2 0 0 0 0 0 0 0 0 0 0 0 0 0 4 5 1 1 2 2 4 11 0 0 0 0 0 0 0 0 0 0 0 0 0 0 0 0 0 0 0 0 0 0 0 25 0 0 0 0 0 0 0 0 0 0 0 0 0 
 164 71 206 407 154 140 0 176 145 34 90 463 195 153 155 207 40 122 230 197 3 2 0 0 0 0 2 3 0 2 2 1 0 0 0 0 94 2 0 2 0 0 0 2 0 0 3 0 3 0 0 0 3 0 0 0 0 3 0 0 1 0 0 0 0 0 0 3 0 2 0 0 0 2 0 0 0 0 2 0 28 0 31 0 0 0 47 36 0 11 15 21 72 12 36 10 11 44 0 41 0 0 0 0 0 0 0 0 0 0 0 0 0 2 0 0 0 0 0 1 0 0 0 0 2 0 0 3 0 0 0 0 0 0 8 0 0 0 0 0 0 0 0 0 0 0 0 0 6 0 5 0 0 0 0 0 0 0 0 0 0 38 45 0 7 0 34 15 2 0 0 25 0 0 1 18 0 0 9 15 0 0 0 0 1 0 0 10 0 0 1 0 0 0 0 0 0 0 0 0 0 0 0 0 0 0 0 2 0 0 18 2 0 0 0 2 0 0 0 0 0 0 0 0 0 2 0 0 0 0 0 0 0 0 0 0 0 0 0 2 0 1 0 0 0 0 0 0 2 95 0 2 0 0 0 0 0 0 0 0 10 0 0 0 0 0 0 0 0 0 0 0 0 0 0 0 0 0 0 0 0 0 0 0 0 0 0 0 0 0 
 127 130 183 187 162 353 176 0 244 54 69 22 204 280 295 319 116 105 314 350 3 2 0 2 0 0 2 3 0 0 3 0 0 0 0 0 0 2 74 3 0 0 0 3 0 0 3 0 3 0 0 0 54 0 0 0 0 3 0 0 0 0 0 0 0 0 21 3 30 52 0 0 0 3 0 0 0 0 3 0 28 9 24 0 0 21 27 25 4 11 0 11 7 11 30 10 10 62 12 16 0 0 22 0 0 0 0 0 12 0 0 0 0 0 0 0 0 0 53 0 0 0 0 0 0 0 0 0 0 0 0 0 0 0 0 0 0 0 0 0 0 0 0 0 0 0 0 0 0 0 0 0 0 0 0 0 0 0 0 0 10 32 9 14 1 0 9 0 8 1 0 1 10 0 2 0 0 21 23 0 0 0 0 0 0 0 0 0 0 0 0 0 0 1 0 0 0 0 0 0 0 9 0 0 0 0 0 0 0 0 0 0 0 0 0 0 0 0 0 2 0 0 0 0 0 0 0 0 0 0 0 0 13 0 0 0 0 0 0 0 0 0 0 0 0 0 90 1 0 89 0 9 0 0 0 0 0 0 0 0 0 0 1 0 0 0 0 0 0 0 0 0 0 0 0 0 0 9 0 0 0 0 0 0 0 0 0 0 0 0 
 125 360 321 171 438 135 145 244 0 180 248 215 77 106 103 149 46 79 113 83 4 2 0 2 3 0 80 3 0 6 3 0 94 3 0 4 3 2 181 6 0 1 0 3 2 22 3 3 3 5 2 0 3 0 0 0 2 4 0 0 0 0 0 11 2 47 0 3 4 1 0 2 1 2 0 5 0 21 6 0 12 0 28 13 1 32 0 10 33 21 13 24 0 13 18 14 28 27 0 14 0 0 2 0 0 0 14 13 0 0 0 0 0 16 0 0 0 0 30 13 0 1 0 0 0 0 0 0 0 0 0 0 0 0 1 0 0 0 1 0 0 0 0 0 0 0 0 0 0 0 0 0 0 0 1 0 0 0 0 0 0 0 13 0 12 14 0 1 0 3 34 0 0 5 0 18 8 41 0 1 0 0 0 0 0 20 0 1 0 11 0 0 1 0 12 1 1 0 0 26 0 12 0 0 0 0 0 0 0 0 0 0 0 0 0 0 0 0 0 0 0 0 0 0 7 0 0 0 0 0 0 0 0 0 0 0 0 0 0 0 0 0 0 0 0 3 92 0 47 3 0 13 2 0 0 0 0 0 0 0 0 0 0 0 0 0 0 0 0 0 0 0 0 0 0 0 14 9 0 0 0 0 0 0 0 0 0 0 0 0 
 143 98 245 118 354 260 34 54 180 0 269 62 41 94 523 358 492 40 270 99 3 0 0 3 3 0 65 79 0 3 3 2 121 0 0 0 2 2 167 78 0 0 0 3 0 2 3 0 3 0 0 0 3 0 0 0 0 3 0 0 6 0 9 5 0 2 0 3 0 1 0 2 0 6 0 0 0 1 5 0 6 7 0 18 2 19 0 14 34 0 14 35 0 0 13 32 6 3 0 0 11 0 0 0 0 0 11 0 0 0 0 0 28 18 0 0 27 0 34 62 0 0 0 0 0 21 0 0 0 0 0 0 0 0 0 0 0 0 0 0 0 0 0 0 0 0 0 0 0 0 0 18 0 0 0 0 0 0 0 6 1 0 0 13 21 11 0 14 17 25 5 19 0 30 9 19 19 16 14 0 0 2 1 0 0 0 29 14 0 0 0 0 19 0 11 0 0 0 28 9 0 18 0 1 1 0 0 0 0 0 0 7 0 0 0 0 0 0 0 0 0 0 0 0 0 0 0 0 2 0 0 0 0 0 0 0 0 0 1 0 0 1 0 0 0 4 88 0 0 107 11 9 0 0 0 0 0 0 0 0 0 0 0 0 0 0 0 0 0 0 0 0 0 0 0 0 22 24 0 0 0 0 0 0 0 0 0 0 0 0 
 234 169 335 390 299 183 90 69 248 269 0 145 247 36 164 54 226 78 45 166 3 2 0 0 0 0 76 3 0 2 67 0 75 2 3 0 0 6 149 3 0 0 0 3 0 0 3 0 3 2 0 0 3 5 0 0 3 3 0 0 0 0 0 0 0 0 2 13 0 0 18 0 0 2 0 0 0 0 3 0 29 13 54 21 0 25 0 34 7 30 38 15 0 26 11 2 19 25 0 3 0 0 0 0 0 0 14 0 0 0 7 0 0 0 0 0 0 0 8 22 0 0 0 0 0 0 0 0 0 0 0 0 0 0 0 0 0 0 0 0 0 0 0 0 1 0 0 0 5 2 5 0 0 0 0 0 0 2 0 0 34 13 22 14 10 0 18 18 1 2 48 14 0 12 0 21 10 20 0 0 0 0 0 0 0 0 0 0 2 0 13 0 0 0 19 0 15 0 16 13 0 0 0 0 2 0 0 0 0 1 0 0 0 0 0 0 0 0 0 0 1 0 0 0 0 0 0 0 0 0 0 0 0 0 0 0 0 0 16 0 0 0 0 0 0 5 0 1 91 91 1 8 0 1 0 0 0 0 0 0 0 0 0 0 0 0 0 0 0 0 0 0 0 0 0 20 9 0 0 0 0 0 0 0 0 0 0 0 0 0 
 40 44 294 338 505 417 463 22 215 62 145 0 119 25 38 25 79 207 30 233 84 79 0 0 1 0 117 3 0 0 0 2 181 165 73 0 0 2 0 3 0 0 0 3 0 0 3 0 3 0 0 0 3 0 0 0 0 3 0 0 0 0 0 0 0 0 0 5 53 0 0 0 0 2 0 0 0 0 3 0 0 25 12 15 36 5 0 1 19 11 12 12 0 0 0 17 21 16 0 0 0 0 0 25 0 0 1 31 0 0 0 0 0 26 32 3 1 2 0 13 0 0 0 0 0 0 0 0 0 0 0 12 2 0 0 0 0 0 0 0 0 0 0 0 0 2 0 0 13 0 0 0 0 0 0 0 0 0 0 3 0 0 0 0 2 22 0 9 0 0 1 17 0 0 0 29 50 15 0 10 17 0 0 1 0 0 37 1 0 17 0 0 15 13 12 0 19 2 0 30 0 0 1 0 0 0 0 0 0 0 0 0 0 0 0 0 0 0 0 0 0 0 0 0 0 0 0 0 0 0 1 0 0 1 0 0 0 0 0 0 0 0 0 0 0 2 0 1 2 8 0 10 7 0 0 0 0 0 0 0 0 0 0 0 0 0 0 0 0 0 0 0 0 43 0 0 13 0 0 0 0 0 0 0 0 0 0 0 0 0 
 51 107 55 65 232 177 195 204 77 41 247 119 0 144 284 43 113 37 232 215 4 2 1 1 0 3 2 4 0 0 2 1 79 76 2 2 0 6 1 35 0 0 0 2 0 0 3 0 3 0 0 0 3 0 0 0 0 3 0 0 1 0 5 0 0 0 0 3 0 2 1 0 0 2 0 0 0 0 2 0 11 20 16 0 11 0 29 0 22 0 37 0 0 10 19 0 0 38 11 48 0 0 0 0 0 1 0 0 0 0 0 0 0 0 2 0 2 0 0 0 0 0 0 0 0 0 0 0 0 0 0 0 0 0 0 0 0 0 0 0 0 6 7 0 1 0 0 0 0 0 0 0 1 0 0 0 0 0 0 0 29 67 19 2 0 1 103 0 0 0 16 0 21 16 12 33 0 0 18 4 0 0 13 0 0 0 16 0 0 0 0 0 11 0 0 1 1 0 0 0 0 0 0 0 0 0 0 0 0 0 0 0 0 0 0 0 0 0 0 0 0 0 0 0 0 0 0 0 0 0 0 0 0 0 0 0 0 0 21 0 0 1 0 0 0 0 0 2 4 3 0 2 0 0 0 0 0 0 0 0 0 0 0 0 0 0 0 0 0 0 0 0 0 0 0 0 0 0 0 0 0 0 0 0 0 0 0 0 0 0 
 233 49 170 109 232 139 153 280 106 94 36 25 144 0 136 113 73 104 176 171 3 1 1 1 0 0 2 5 0 0 1 0 0 0 0 4 2 75 2 2 0 0 5 4 0 0 3 0 3 0 0 0 3 0 0 3 0 6 0 5 1 0 0 0 10 0 0 3 3 2 0 0 1 2 0 0 9 0 2 3 0 9 0 7 17 0 14 4 0 0 4 2 13 25 1 23 18 0 35 18 0 0 1 0 0 0 0 0 0 0 0 0 6 0 1 0 0 0 39 0 0 0 0 0 0 0 0 0 0 0 0 0 0 0 0 0 0 0 0 0 0 0 1 0 10 0 0 0 0 0 0 0 0 0 0 0 0 0 0 0 27 11 3 32 0 0 29 19 9 0 4 20 15 45 10 22 9 0 24 16 0 0 0 0 0 0 0 0 0 0 0 0 0 0 0 0 0 0 0 0 0 0 0 0 0 0 0 0 0 0 0 0 0 0 0 0 0 0 0 0 0 0 0 0 0 0 0 0 0 0 0 2 0 0 0 0 0 0 0 0 0 11 0 0 0 2 0 0 0 2 1 23 0 0 0 0 0 0 0 0 0 0 0 0 0 0 0 0 0 0 0 0 0 0 0 19 0 0 0 0 0 0 0 0 0 0 0 0 0 0 
 487 119 244 81 265 267 155 295 103 523 164 38 284 136 0 147 244 89 171 276 3 2 0 0 2 1 2 78 0 0 2 18 76 0 72 0 0 2 18 2 0 2 0 0 0 0 3 0 2 0 0 0 3 0 0 0 0 1 0 0 3 0 5 0 0 0 0 2 0 3 1 56 0 2 0 0 0 0 0 0 11 28 22 68 0 0 1 8 29 0 40 1 0 32 28 8 0 30 0 31 0 0 0 0 0 0 0 0 0 0 0 0 0 0 0 0 0 0 2 12 0 0 0 0 0 0 0 0 0 0 0 0 0 0 0 0 0 0 1 0 0 0 1 0 5 1 0 1 0 0 0 0 0 0 0 0 0 0 0 0 44 51 37 22 0 0 31 13 3 0 3 0 32 49 19 29 0 70 31 0 0 0 0 0 0 0 16 2 0 10 0 0 9 0 0 0 0 0 0 0 0 0 2 1 0 0 0 0 0 0 0 0 0 0 0 0 0 0 15 18 0 0 0 0 0 0 0 2 0 0 2 0 0 0 0 0 0 0 22 0 0 10 0 0 0 2 1 1 1 44 0 8 0 0 0 0 0 0 0 0 0 0 0 0 0 0 0 0 0 0 0 0 0 0 0 10 13 0 0 0 0 0 0 0 0 0 0 0 0 0 
 13 149 112 31 147 151 207 319 149 358 54 25 43 113 147 0 142 191 88 219 3 0 0 0 2 0 78 3 2 0 3 0 75 0 0 0 0 2 61 5 0 0 0 0 0 1 3 0 66 0 70 0 3 2 0 0 0 1 0 0 3 0 0 2 3 0 0 2 0 3 0 2 0 2 0 0 0 0 0 0 1 13 8 11 0 0 0 16 15 12 25 26 4 41 50 28 1 22 24 16 9 0 0 0 0 0 0 0 0 0 0 0 0 19 0 0 17 0 7 11 0 0 0 0 0 0 0 0 0 0 0 0 0 0 0 0 0 0 0 0 0 0 0 0 12 0 0 0 0 0 0 0 0 0 0 0 0 0 0 0 20 26 20 18 2 14 31 61 0 0 0 0 20 18 0 1 0 27 77 21 0 9 0 0 0 0 0 0 0 0 0 0 9 0 3 0 0 0 9 14 0 0 0 0 0 0 0 0 0 0 0 0 0 0 0 0 0 0 0 0 0 0 0 0 0 0 0 0 0 0 0 0 0 0 0 0 0 0 0 0 0 0 0 0 0 1 0 0 2 6 2 6 1 0 0 0 0 0 0 0 0 0 23 0 0 0 0 0 0 0 0 0 0 0 0 11 0 0 0 0 0 0 0 0 0 0 0 0 0 0 
 87 261 403 52 79 56 40 116 46 492 226 79 113 73 244 142 0 44 45 124 3 1 2 0 0 1 2 3 0 0 1 0 36 6 0 0 0 2 149 2 0 0 0 0 0 0 3 0 2 0 0 0 3 0 0 0 0 2 64 0 3 0 0 0 0 0 0 8 0 3 4 0 0 2 0 0 0 0 0 0 12 0 0 59 13 14 10 31 33 72 0 0 0 3 22 0 0 18 0 1 12 0 0 0 0 0 0 0 0 0 0 2 7 0 0 0 0 0 6 30 0 0 0 0 0 0 0 0 0 0 18 0 0 0 0 0 22 0 0 0 0 0 0 0 0 0 0 0 0 0 0 1 0 0 0 0 0 0 0 20 13 37 17 11 11 0 0 18 13 25 39 10 22 34 21 0 15 23 0 0 0 0 0 0 0 0 11 13 0 0 0 0 30 1 0 0 0 0 14 0 0 9 0 0 0 0 0 0 0 0 0 1 0 0 0 0 0 0 20 0 0 0 0 0 0 0 0 0 0 0 0 0 0 0 0 0 0 0 14 0 0 0 0 0 0 0 85 0 0 1 52 2 0 0 0 0 0 0 0 0 0 0 0 0 0 0 0 0 0 23 0 0 0 0 0 15 0 6 0 0 0 0 0 0 0 0 0 0 0 0 
 124 134 239 44 298 102 122 105 79 40 78 207 37 104 89 191 44 0 38 133 4 0 0 0 0 0 3 4 0 0 0 0 66 0 74 0 0 2 84 2 0 0 0 1 0 0 3 0 3 0 0 0 3 0 0 6 0 2 0 4 3 0 0 0 0 0 0 2 0 3 0 0 0 2 0 0 0 0 0 0 14 0 1 28 11 0 0 2 19 13 23 14 11 37 16 46 14 0 0 30 0 0 1 0 0 0 0 11 0 0 0 0 0 20 1 0 0 0 21 0 0 0 0 0 0 0 0 0 0 0 0 0 0 0 0 0 0 0 0 0 0 0 0 0 3 11 0 0 0 0 0 0 0 0 0 12 0 0 0 0 16 10 0 21 28 13 9 23 0 0 0 42 9 27 8 14 15 11 10 0 0 0 0 0 0 0 26 0 0 34 0 0 8 0 12 0 10 0 0 42 0 0 15 0 0 0 0 0 0 0 0 0 0 0 0 0 0 0 0 0 0 0 0 0 0 0 0 0 0 0 0 0 0 0 0 0 0 0 0 0 0 11 0 0 0 3 6 1 1 0 0 10 2 0 0 0 0 0 0 0 0 0 0 0 0 0 0 0 0 0 0 0 0 0 0 7 19 0 0 0 0 0 0 0 0 0 0 0 0 0 
 46 123 39 78 153 51 230 314 113 270 45 30 232 176 171 88 45 38 0 197 3 1 0 5 2 2 2 3 0 0 4 2 0 0 0 0 0 2 0 4 0 0 0 1 0 0 3 0 3 0 0 66 3 0 0 0 7 2 0 0 2 0 6 0 0 0 0 3 0 3 0 2 0 2 0 0 0 0 1 0 12 11 13 0 0 0 32 0 0 0 10 15 10 21 37 14 0 14 18 37 0 2 0 0 0 0 0 0 0 0 0 0 0 0 0 0 2 0 0 0 0 0 0 0 0 0 0 0 0 0 0 11 0 0 0 0 0 0 0 0 0 0 1 0 0 0 0 0 0 0 0 0 0 0 0 0 0 0 0 0 23 14 0 0 12 1 13 0 6 0 0 0 11 17 14 7 0 0 0 1 0 0 0 0 0 0 0 0 0 0 0 0 0 0 0 0 0 1 0 0 0 0 0 0 0 0 1 0 0 0 0 0 0 0 0 0 0 8 0 0 0 0 0 0 0 0 0 0 0 0 0 0 0 0 0 0 0 0 0 1 0 0 0 0 0 2 0 0 0 1 2 12 0 0 0 1 0 0 0 0 0 0 0 0 0 0 0 0 0 0 0 0 0 0 0 0 0 0 0 0 0 0 0 0 0 0 0 0 0 0 
 37 235 226 86 214 51 197 350 83 99 166 233 215 171 276 219 124 133 197 0 5 2 0 0 3 0 8 5 3 6 7 2 4 0 3 73 0 8 3 3 0 1 5 3 0 0 47 3 9 6 0 0 3 3 2 0 0 3 0 0 5 0 6 3 4 0 0 6 2 1 1 0 0 5 5 0 0 3 3 1 31 19 77 8 0 0 14 43 1 0 50 29 9 102 20 40 0 0 14 35 0 0 0 0 0 1 0 0 0 0 0 0 0 0 0 0 0 0 0 0 0 0 0 0 0 0 0 0 0 0 0 0 0 0 0 0 0 0 0 1 0 0 2 0 2 0 0 0 61 0 0 0 2 0 0 0 0 0 0 0 2 29 11 14 16 0 32 9 10 47 47 0 24 20 19 16 0 2 14 7 0 0 3 0 0 0 0 0 0 0 0 0 0 0 0 15 0 0 1 25 0 0 0 0 0 0 0 0 0 0 0 0 0 0 0 0 0 0 0 0 0 0 0 0 0 0 0 0 0 0 0 0 0 0 0 0 0 0 4 0 0 1 0 0 0 0 1 1 0 2 10 0 0 0 0 0 1 0 0 0 0 0 0 0 0 0 0 0 0 0 0 0 0 0 0 0 0 0 0 0 0 0 0 0 0 0 0 0 0 0 
 3 4 3 39 3 123 3 3 4 3 3 84 4 3 3 3 3 4 3 5 0 393 95 78 264 26 114 168 45 41 33 87 57 289 664 45 30 472 96 62 0 0 3 1 0 0 5 2 3 0 0 0 8 3 3 0 71 0 0 0 0 0 5 3 1 3 3 0 0 0 1 2 2 0 0 0 1 7 0 0 0 0 0 13 34 14 0 0 0 0 0 0 0 0 0 0 0 0 0 0 0 50 12 0 13 11 0 22 35 16 14 0 1 20 50 20 28 12 1 0 0 0 0 0 0 0 0 0 0 0 0 0 39 0 0 0 0 0 13 11 0 0 0 0 0 5 3 0 0 0 0 0 0 0 0 0 0 13 0 0 0 0 0 0 9 18 0 0 0 0 0 14 0 0 0 22 1 0 0 0 25 0 3 15 0 0 28 13 0 1 0 0 2 0 16 13 20 8 11 1 0 0 0 2 0 0 0 0 0 0 0 0 0 0 2 0 0 0 0 0 0 0 0 0 0 0 0 0 0 0 0 0 0 0 0 0 2 2 0 0 0 9 0 0 0 2 37 0 0 0 0 0 0 0 12 0 0 202 0 0 0 2 2 0 0 0 0 0 0 0 0 0 0 0 0 0 13 0 0 0 0 1 0 0 0 0 0 0 0 0 
 1 0 2 76 0 76 2 2 2 0 2 79 2 1 2 0 1 0 1 2 393 0 157 159 135 29 82 126 41 53 64 31 141 62 118 157 344 109 127 358 0 0 3 0 58 0 0 3 2 67 0 0 86 4 0 3 2 0 77 2 3 0 3 5 0 3 5 0 0 0 0 4 2 3 0 52 0 2 0 0 0 0 0 0 27 0 0 0 1 0 1 1 0 0 0 0 0 0 0 0 0 15 0 2 10 0 10 6 0 0 1 0 7 50 23 0 31 46 0 0 0 6 2 0 0 0 0 0 0 0 0 10 0 0 0 0 0 0 0 23 1 0 0 0 0 0 2 0 2 0 0 0 0 0 0 0 0 0 0 0 0 2 0 0 8 13 0 0 8 0 0 0 0 0 0 0 0 0 0 0 11 13 12 20 12 3 10 23 41 1 2 16 0 32 31 8 0 24 10 1 0 0 0 0 0 0 0 0 0 0 0 0 0 0 0 14 0 0 0 0 0 0 0 0 0 0 2 0 0 0 0 0 0 0 0 0 0 0 0 0 0 0 0 0 0 0 101 0 0 0 0 0 0 0 9 2 3 34 0 2 4 0 0 0 0 0 0 0 0 0 0 0 0 0 0 0 0 0 0 1 0 0 0 0 1 0 0 0 0 0 
 0 2 0 0 0 0 0 0 0 0 0 0 1 1 0 0 2 0 0 0 95 157 0 375 57 74 102 213 233 163 168 275 78 45 56 97 152 129 30 53 0 6 5 0 0 0 63 3 3 0 37 0 86 4 0 0 2 2 100 209 0 0 3 10 0 3 2 0 2 0 0 2 2 51 0 0 56 0 0 1 1 0 0 0 0 0 0 0 5 0 0 0 0 0 0 0 0 0 1 0 1 0 3 13 0 30 0 0 0 15 11 17 0 0 0 1 19 0 0 0 20 19 0 0 0 0 0 33 0 0 0 0 9 13 0 1 1 0 0 4 0 0 0 0 0 0 2 0 0 9 0 1 0 0 0 0 0 0 0 1 0 1 0 0 0 0 5 3 0 0 0 0 0 0 0 0 0 0 2 11 0 12 10 0 0 33 0 7 27 18 49 30 0 13 0 12 25 0 0 1 0 0 0 0 0 0 23 9 0 0 16 11 0 19 0 0 0 0 0 9 0 0 2 0 0 0 0 0 0 0 0 0 0 0 0 0 0 0 0 0 0 0 0 0 0 0 0 0 2 0 0 0 0 0 16 0 2 0 3 2 0 20 0 0 0 0 0 0 0 0 0 0 0 0 0 0 0 0 0 0 0 26 0 0 0 0 0 0 0 0 
 0 206 1 0 0 211 0 2 2 3 0 0 1 1 0 0 0 0 5 0 78 159 375 0 311 72 202 163 97 110 75 142 50 115 58 238 41 112 95 77 66 62 3 0 0 0 63 2 66 0 0 4 0 3 137 0 0 0 24 0 0 0 3 3 1 3 2 0 0 0 0 2 2 3 0 0 3 1 0 0 0 0 0 0 0 0 0 0 0 0 0 0 0 0 0 0 0 0 0 0 0 0 22 0 18 10 0 0 0 0 0 11 0 15 0 0 31 8 0 0 20 25 2 0 0 0 20 14 0 12 0 1 12 0 0 16 25 0 22 30 0 0 0 4 6 9 0 0 0 2 0 0 0 0 0 0 0 0 0 0 0 0 0 0 2 0 0 0 19 0 0 0 1 0 0 0 0 0 0 0 0 35 17 12 19 25 0 28 52 0 15 15 1 69 9 20 11 0 0 18 20 0 0 1 0 0 28 15 11 0 1 0 26 19 33 0 0 0 2 12 20 0 0 0 0 0 0 0 0 0 0 0 0 0 0 0 0 0 0 0 0 0 0 0 0 0 0 0 0 0 0 0 0 0 5 4 3 83 2 0 8 2 0 0 0 0 0 0 0 1 0 0 0 2 0 0 0 0 0 0 0 0 0 0 0 0 2 0 0 0 
 0 0 3 0 0 1 0 0 3 3 0 1 0 0 2 2 0 0 2 3 264 135 57 311 0 104 54 76 84 308 328 445 77 54 312 128 52 253 88 90 60 29 61 0 0 0 62 2 23 0 0 0 1 3 93 0 0 0 69 0 0 0 3 2 0 3 9 0 0 0 0 2 2 0 0 0 0 0 0 0 0 0 0 0 0 0 2 0 0 2 0 0 0 0 0 0 0 0 0 0 0 0 8 0 32 0 0 0 0 3 7 0 0 9 0 0 25 24 0 0 20 26 24 9 0 2 35 20 0 18 12 12 10 0 20 23 36 1 25 28 0 0 0 0 0 0 0 0 0 0 0 0 0 1 0 1 0 0 0 0 0 6 0 0 0 0 0 1 7 0 0 0 0 0 0 0 0 0 0 10 0 0 0 5 14 40 0 0 8 0 12 12 0 28 3 0 0 13 0 0 2 0 0 8 1 0 23 20 54 0 22 15 65 33 19 17 63 0 23 39 0 0 0 0 2 0 0 0 0 0 0 0 0 2 0 0 0 0 0 0 0 0 0 0 0 0 0 0 0 0 0 0 0 0 4 3 0 0 1 0 7 2 0 0 0 0 0 0 0 0 0 0 0 0 0 0 0 0 0 0 0 0 0 0 7 0 0 0 0 0 
 0 0 13 0 0 0 0 0 0 0 0 0 3 0 1 0 1 0 2 0 26 29 74 72 104 0 147 26 153 155 275 217 243 37 58 115 133 217 58 62 1 0 67 0 0 0 67 6 2 0 0 0 92 11 116 0 0 0 63 69 0 0 3 1 2 3 2 0 0 0 0 2 2 51 0 0 0 0 0 0 0 0 0 0 1 0 0 0 0 0 0 0 0 2 0 0 0 0 0 0 0 2 20 22 9 36 0 0 7 0 12 11 0 0 0 0 25 13 0 0 98 48 0 5 0 0 18 17 9 16 0 0 30 31 0 21 24 0 45 13 0 2 0 0 0 0 0 8 0 0 0 0 0 0 0 0 0 0 0 0 8 0 0 0 0 0 0 0 0 0 0 0 0 0 0 0 0 7 7 0 1 0 0 60 30 33 1 0 6 15 14 14 0 0 0 0 9 20 0 0 1 0 1 0 0 1 20 11 1 0 0 25 54 11 13 59 0 0 19 28 0 0 0 0 12 0 0 0 0 0 0 0 0 0 0 0 0 0 11 0 0 0 11 0 0 0 0 0 0 0 0 0 0 2 20 2 1 0 1 0 5 7 0 0 0 20 0 0 0 0 0 0 0 0 0 0 0 0 0 0 0 30 0 0 0 0 31 0 0 0 
 3 2 2 3 78 80 2 2 80 65 76 117 2 2 2 78 2 3 2 8 114 82 102 202 54 147 0 399 64 32 254 222 366 303 221 271 129 336 132 136 3 0 5 0 3 6 0 2 3 0 3 3 0 6 2 0 0 0 0 0 0 0 3 3 0 3 2 0 0 0 0 2 2 0 2 0 0 0 5 0 20 0 1 0 1 10 0 0 7 0 11 55 0 0 0 0 0 0 7 0 13 18 11 0 0 0 52 8 59 0 0 29 13 19 20 37 26 30 15 40 0 0 0 0 0 0 0 0 0 0 0 0 0 0 16 0 0 0 0 0 0 0 0 13 0 7 0 0 0 0 12 0 0 17 0 0 0 0 0 8 0 0 0 0 10 37 0 0 0 0 0 0 0 0 0 6 1 15 3 0 8 37 10 40 0 0 16 10 0 0 0 11 17 0 12 10 7 11 38 35 0 0 0 0 0 0 0 0 0 0 0 0 0 0 0 0 0 0 0 0 0 0 0 0 0 0 0 0 0 0 0 0 0 0 0 0 0 0 0 0 0 0 0 0 0 0 1 0 0 76 0 0 0 0 7 2 1 4 0 0 3 2 0 0 0 0 0 0 0 0 0 0 0 0 0 0 0 0 0 0 0 0 0 0 0 0 0 0 0 0 
 3 6 4 3 3 4 3 3 3 79 3 3 4 5 78 3 3 4 3 5 168 126 213 163 76 26 399 0 87 126 50 112 126 75 223 328 66 256 74 300 0 0 3 0 0 0 0 2 2 0 205 0 0 3 0 0 2 0 64 0 0 0 3 1 0 3 2 0 0 0 0 2 2 0 0 0 0 0 0 4 0 0 0 0 26 10 0 1 0 0 0 11 0 0 0 0 0 0 0 0 26 0 25 27 0 17 27 0 12 26 13 16 2 15 15 29 25 0 0 10 0 0 0 0 0 0 0 0 0 0 0 0 0 0 0 0 0 0 0 0 0 0 0 10 0 5 2 0 0 0 1 0 0 0 0 0 0 0 0 0 0 0 12 0 0 0 0 0 18 0 1 0 0 0 0 5 0 0 0 0 14 34 32 0 0 2 0 21 13 18 1 12 9 37 45 33 13 0 11 43 0 0 0 0 0 0 0 0 0 2 0 0 0 0 0 0 0 0 0 0 0 14 0 0 0 0 2 1 0 0 0 0 0 0 0 2 0 0 0 0 0 0 0 0 0 0 0 0 0 37 0 0 0 0 15 1 0 76 0 2 2 1 0 0 0 0 0 0 0 0 0 0 0 0 0 0 0 0 0 17 0 0 0 0 0 24 0 0 0 0 
 0 0 0 0 2 0 0 0 0 0 0 0 0 0 0 2 0 0 0 3 45 41 233 97 84 153 64 87 0 176 141 100 100 67 82 429 181 69 111 319 0 0 3 0 0 0 61 2 26 0 0 0 23 3 0 0 0 0 65 19 0 0 3 2 0 54 2 0 0 7 0 29 2 0 0 0 0 0 0 1 0 0 0 0 0 0 0 0 0 0 0 0 0 0 0 0 0 0 0 0 12 12 0 15 13 46 0 0 12 27 6 45 15 0 0 5 11 2 0 0 0 11 0 0 0 0 0 11 0 0 0 0 19 17 0 0 0 0 13 12 0 0 0 0 0 0 2 2 0 0 16 0 0 0 2 0 0 0 0 0 0 4 0 0 0 0 1 0 0 0 0 0 0 0 0 0 0 0 0 20 22 0 11 28 4 0 0 8 1 31 17 1 12 11 1 0 2 47 0 0 0 0 0 0 0 0 0 10 1 0 0 0 0 42 0 0 0 0 4 23 0 0 0 0 0 0 0 0 0 2 0 0 0 0 0 15 0 0 0 0 0 0 0 0 0 0 0 0 0 0 0 0 1 0 13 2 0 77 0 0 0 1 0 0 0 0 13 0 0 0 0 0 0 0 0 0 0 0 0 0 0 0 0 0 0 1 58 0 0 0 
 204 0 0 0 2 0 2 0 6 3 2 0 0 0 0 0 0 0 0 6 41 53 163 110 308 155 32 126 176 0 187 116 108 73 294 187 144 128 287 103 0 0 3 0 0 0 0 9 2 0 0 0 69 67 0 0 0 0 81 0 0 0 3 1 0 3 2 0 0 0 0 2 2 0 0 0 0 0 0 2 0 0 0 0 2 18 12 0 0 0 0 0 0 1 0 0 0 0 0 0 9 10 0 18 53 61 7 12 17 20 32 3 0 0 0 19 0 11 0 0 2 0 0 0 0 0 33 23 0 2 0 0 13 0 0 0 0 0 47 37 0 0 0 0 0 0 3 0 0 0 0 0 0 0 0 0 1 0 0 0 0 0 0 0 0 0 3 4 0 0 19 0 0 0 0 0 0 0 0 0 43 0 0 0 29 16 16 0 4 0 25 13 0 24 16 0 0 22 0 0 0 0 0 0 0 2 24 0 0 0 0 0 0 37 0 2 2 0 0 1 0 0 0 0 0 0 0 0 0 0 0 0 0 0 0 0 0 0 0 0 0 0 10 0 0 0 0 0 0 0 0 0 0 0 10 0 0 150 79 2 1 2 0 0 0 0 0 0 0 0 0 0 0 0 0 0 0 0 0 12 0 21 0 0 0 6 0 0 0 0 
 0 23 2 0 0 0 2 3 3 3 67 0 2 1 2 3 1 0 4 7 33 64 168 75 328 275 254 50 141 187 0 426 247 25 277 270 182 160 43 72 6 0 3 0 0 3 63 9 3 0 0 0 122 3 66 0 0 1 56 40 0 0 3 3 0 4 2 0 0 0 0 2 2 31 0 0 0 2 3 1 0 3 0 0 0 0 0 0 0 0 0 0 0 0 0 0 0 1 0 0 0 0 0 25 25 27 0 0 5 60 17 11 0 0 0 12 18 17 0 0 19 18 0 0 0 0 38 53 0 0 0 0 10 0 0 11 40 0 55 19 0 0 0 0 0 0 0 0 0 0 0 0 0 0 0 0 0 0 0 12 0 1 0 0 0 0 5 2 0 0 0 0 0 1 0 0 0 0 0 4 0 0 0 5 76 31 0 0 18 0 21 33 0 0 9 0 68 13 0 0 2 0 0 0 0 0 75 11 0 0 0 0 16 30 22 0 0 1 5 10 0 0 0 1 0 0 0 0 0 0 0 0 0 0 0 0 0 0 0 0 0 0 11 0 0 0 0 0 0 0 0 0 0 0 4 0 6 0 3 0 2 20 0 0 0 0 0 0 0 0 0 0 0 0 0 0 0 0 0 0 0 21 0 0 0 0 0 0 0 1 
 0 0 0 0 3 0 1 0 0 2 0 2 1 0 18 0 0 0 2 2 87 31 275 142 445 217 222 112 100 116 426 0 30 188 254 98 335 80 47 37 0 2 28 2 2 0 55 2 66 3 0 0 63 66 1 3 0 0 65 64 0 0 3 2 1 3 2 0 0 0 0 27 3 0 0 0 0 0 51 2 2 0 0 0 0 0 0 0 0 0 16 0 0 0 0 0 0 0 2 0 0 3 0 19 12 28 0 9 21 17 15 8 0 0 0 9 20 15 0 0 21 19 0 0 0 10 20 27 0 0 0 0 28 9 0 15 25 0 18 10 0 0 0 0 0 0 5 0 0 0 0 0 0 0 13 0 0 0 0 2 0 0 0 0 0 0 8 8 0 0 0 0 0 0 2 0 0 0 1 0 21 11 11 9 10 10 0 46 29 16 60 18 0 13 0 22 25 9 0 0 0 0 0 0 0 0 10 1 0 0 0 0 0 13 1 0 0 0 21 1 0 0 1 0 0 0 0 0 0 0 0 0 0 0 0 0 0 0 0 0 0 0 0 0 0 0 0 0 0 0 0 0 0 0 8 0 0 80 86 0 0 19 0 0 0 18 0 0 0 0 0 0 0 0 0 0 0 0 0 0 0 36 0 0 0 0 0 0 0 0 
 0 1 74 1 109 4 0 0 94 121 75 181 79 0 76 75 36 66 0 4 57 141 78 50 77 243 366 126 100 108 247 30 0 187 130 264 150 123 317 155 0 21 3 0 0 0 0 2 2 0 0 0 0 4 0 2 1 0 0 3 0 0 3 3 0 3 2 0 0 0 0 2 2 0 0 0 0 0 0 0 0 0 1 10 25 0 0 0 58 0 12 9 0 0 0 0 0 0 0 2 0 3 0 0 0 0 11 42 0 0 2 0 2 38 20 0 20 34 7 29 0 0 0 2 0 0 0 0 0 0 0 11 0 0 0 0 0 0 0 10 0 0 0 0 0 0 0 0 0 0 0 0 0 0 0 0 0 0 0 0 0 0 0 0 14 46 0 0 0 0 0 2 0 6 0 0 0 7 0 0 12 14 11 43 1 0 65 13 32 0 1 7 5 32 28 9 2 7 0 49 0 0 0 1 0 0 0 0 0 0 0 0 0 0 0 0 0 0 18 0 0 0 0 0 0 0 0 0 0 0 0 0 0 0 0 0 0 0 0 0 0 0 0 0 0 0 2 0 0 0 0 0 0 0 10 2 2 34 0 0 0 0 0 0 0 0 0 0 0 0 0 0 0 0 0 0 5 0 0 0 0 0 0 0 0 0 0 0 0 0 
 0 0 0 97 0 105 0 0 3 0 2 165 76 0 0 0 6 0 0 0 289 62 45 115 54 37 303 75 67 73 25 188 187 0 111 199 107 95 222 90 0 5 3 0 0 0 0 2 2 0 0 0 8 3 0 0 2 0 0 0 0 0 3 3 0 3 2 0 0 3 0 2 2 0 0 0 0 0 0 0 0 0 10 0 21 0 0 1 1 0 0 0 0 0 0 0 0 0 0 0 0 6 17 0 0 14 15 17 93 0 2 12 9 23 34 0 0 20 0 8 0 0 0 0 0 0 0 0 0 0 0 0 0 1 0 0 0 0 0 0 0 0 0 12 0 12 0 0 0 0 0 0 0 0 14 9 0 0 0 0 0 0 0 0 0 38 0 0 0 0 1 0 0 0 0 12 0 0 0 0 26 14 13 1 1 0 18 22 1 10 0 14 0 0 0 17 0 20 0 45 0 0 0 0 0 0 0 0 0 0 0 0 0 0 0 0 0 0 0 2 0 0 0 2 0 0 0 0 0 0 0 0 0 0 0 0 0 0 0 0 0 0 0 0 0 0 113 0 0 0 0 0 0 0 7 0 0 79 0 2 0 0 0 0 0 0 9 0 0 0 0 0 0 0 0 0 0 0 0 0 0 0 0 0 0 0 0 0 0 0 
 0 0 2 0 0 83 0 0 0 0 3 73 2 0 72 0 0 74 0 3 664 118 56 58 312 58 221 223 82 294 277 254 130 111 0 410 103 69 174 204 3 0 5 0 0 0 1 2 3 2 0 2 0 5 0 0 3 0 0 1 2 1 3 3 0 4 4 2 0 0 0 2 2 2 0 0 0 3 0 3 0 11 0 7 19 28 0 0 0 0 0 0 0 0 0 0 0 0 0 2 0 0 31 0 1 0 53 13 12 10 0 0 7 0 37 10 23 14 0 0 0 0 0 2 0 0 0 0 0 0 0 26 0 0 0 0 0 10 0 0 0 0 0 4 0 0 11 2 0 0 0 0 0 0 1 0 0 0 0 0 0 0 2 0 0 23 0 0 0 0 0 9 0 9 0 7 0 0 0 0 15 12 7 11 7 0 37 0 1 20 1 0 6 0 0 21 22 0 13 82 0 2 0 0 0 0 0 0 1 0 0 0 0 0 0 0 0 0 0 0 0 0 0 0 0 0 0 0 0 2 0 0 0 0 0 0 0 0 0 0 0 0 0 0 0 0 0 0 0 72 0 0 0 0 17 0 0 1 0 2 0 2 0 0 0 0 0 0 0 0 0 0 0 0 0 0 11 0 0 0 0 0 0 0 0 0 0 0 0 0 
 0 0 0 0 0 0 0 0 4 0 0 0 2 4 0 0 0 0 0 73 45 157 97 238 128 115 271 328 429 187 270 98 264 199 410 0 502 278 54 79 0 0 3 0 2 0 67 5 3 0 2 0 62 3 1 0 2 1 1 54 0 0 3 3 2 5 2 0 0 9 0 4 2 0 0 0 0 2 0 0 0 0 0 0 2 0 0 0 0 0 0 0 0 0 0 0 0 0 0 0 0 0 28 9 0 37 11 1 48 2 11 30 0 31 0 0 86 21 0 0 0 26 0 0 0 0 19 2 0 0 0 0 19 18 0 0 15 0 11 37 0 1 0 4 0 2 0 0 0 0 0 0 0 13 0 0 2 0 0 0 0 8 0 0 0 14 1 0 9 0 0 0 0 0 0 0 0 2 0 0 0 18 12 15 25 9 3 16 21 14 40 0 0 14 0 33 0 59 0 8 0 0 0 0 0 2 0 10 0 0 0 0 0 0 0 0 2 0 8 28 0 0 0 0 0 0 0 0 0 0 0 0 0 0 0 0 0 0 0 0 0 0 7 0 0 0 0 0 0 0 0 0 0 0 12 0 1 2 0 2 9 1 0 0 0 0 19 0 0 0 31 0 0 0 0 0 0 0 0 0 15 27 0 0 0 0 0 0 0 0 
 0 0 0 0 1 212 94 0 3 2 0 0 0 2 0 0 0 0 0 0 30 344 152 41 52 133 129 66 181 144 182 335 150 107 103 502 0 87 111 200 0 0 3 0 2 1 1 2 3 0 0 0 124 3 2 13 0 0 52 28 1 2 3 3 0 3 2 0 0 0 0 2 2 30 0 2 0 0 0 8 0 0 0 0 19 12 0 0 0 0 22 0 0 0 0 0 0 0 0 0 13 23 0 35 0 19 27 0 2 62 0 12 28 0 39 22 0 7 0 10 0 0 0 0 0 0 0 44 0 0 0 0 1 0 5 1 0 0 0 0 0 2 0 0 0 0 0 0 0 0 0 0 0 0 7 0 0 0 0 0 0 1 0 0 0 8 5 3 0 0 0 0 0 0 0 0 0 1 0 6 46 19 24 0 11 8 17 12 27 18 48 25 17 12 0 0 13 8 18 0 0 0 0 0 0 18 27 0 0 0 0 2 1 12 0 0 0 0 0 0 0 0 0 0 0 0 0 0 0 0 0 0 0 0 0 0 0 0 0 0 0 0 16 0 0 0 0 0 0 0 0 0 0 0 6 0 0 73 4 1 0 15 0 0 0 0 0 0 0 0 0 0 0 0 0 0 0 0 0 0 0 0 0 0 0 0 0 0 0 0 
 2 2 2 2 4 2 2 2 2 2 6 2 6 75 2 2 2 2 2 8 472 109 129 112 253 217 336 256 69 128 160 80 123 95 69 278 87 0 33 181 3 0 3 0 0 0 0 6 3 0 71 0 99 5 0 0 0 62 72 0 0 0 3 1 5 3 2 0 0 0 3 2 2 0 0 2 0 0 0 0 0 0 0 0 1 4 0 0 0 0 0 0 0 0 0 0 0 0 0 0 12 33 22 8 10 20 33 13 40 14 6 42 46 0 24 0 0 7 19 10 17 0 0 0 1 0 0 5 43 0 0 0 48 11 0 1 0 0 53 30 0 0 0 0 0 0 3 0 0 0 0 0 2 0 0 0 0 0 1 0 0 17 0 0 0 8 0 0 0 0 0 0 0 0 0 0 0 0 0 1 49 34 36 20 12 25 1 12 39 28 21 9 0 15 0 12 20 17 0 15 0 0 0 1 0 0 10 0 10 0 0 0 8 0 0 0 0 0 0 1 0 0 0 0 0 0 0 0 0 0 0 0 2 0 0 0 0 0 0 0 0 0 0 0 0 1 0 0 0 0 0 0 0 0 3 0 0 72 74 0 6 22 0 0 0 0 0 0 0 0 0 0 0 0 0 0 0 0 0 0 0 43 0 0 0 0 9 0 0 0 
 0 1 76 35 95 44 0 74 181 167 149 0 1 2 18 61 149 84 0 3 96 127 30 95 88 58 132 74 111 287 43 47 317 222 174 54 111 33 0 551 0 0 3 0 0 0 0 2 2 0 2 0 7 3 2 1 0 0 0 0 0 0 3 1 0 3 2 0 0 0 72 2 2 0 0 2 0 0 0 0 0 0 0 26 14 19 0 0 40 9 0 11 0 0 1 0 0 0 0 0 30 20 8 0 1 0 8 11 19 0 0 0 4 32 25 1 1 0 37 20 0 0 1 0 0 0 0 0 0 0 0 2 0 0 0 0 0 20 0 0 0 0 0 0 0 0 0 0 0 0 0 0 0 0 0 0 0 0 0 0 0 0 0 0 22 56 0 0 0 16 0 30 0 2 0 0 14 52 0 0 1 13 14 15 0 0 58 0 0 0 0 0 53 0 37 0 10 0 23 13 0 3 0 0 0 0 0 0 0 0 2 0 2 0 0 0 0 0 2 0 0 0 0 0 0 0 0 0 0 0 0 0 0 0 0 0 0 0 2 0 0 0 0 0 0 0 71 0 0 2 0 0 0 0 4 0 0 0 0 2 49 0 0 0 0 0 0 0 0 0 0 0 0 0 0 0 31 9 0 0 0 0 0 0 0 0 0 0 0 0 
 4 2 2 2 2 2 2 3 6 78 3 3 35 2 2 5 2 2 4 3 62 358 53 77 90 62 136 300 319 103 72 37 155 90 204 79 200 181 551 0 0 0 4 0 0 0 0 2 6 0 0 0 7 9 0 0 0 0 0 1 1 0 3 6 0 3 5 0 0 0 1 2 3 1 0 0 2 0 0 6 0 0 0 0 20 10 0 1 2 0 0 10 0 0 0 0 0 0 0 0 37 35 6 2 14 2 1 24 0 20 0 0 20 52 7 1 19 19 7 10 0 0 0 0 0 0 0 2 0 0 0 0 0 0 0 0 0 0 0 0 0 0 0 2 0 0 2 0 0 0 1 0 0 0 0 0 0 0 0 0 0 0 0 1 6 0 0 0 0 0 1 0 0 0 0 0 0 0 0 0 21 37 39 20 0 2 1 37 19 12 1 10 21 17 23 0 0 11 21 0 0 0 0 0 0 0 0 0 0 2 0 0 0 0 0 0 0 0 0 0 0 0 0 0 0 0 2 1 0 0 0 0 0 0 0 2 0 0 0 0 0 0 0 0 0 0 2 0 0 35 0 2 0 0 8 4 3 42 0 3 3 0 0 0 0 0 0 0 0 0 3 0 0 0 0 0 0 0 0 3 0 0 0 0 0 0 0 0 0 0 
 0 0 0 0 0 0 0 0 0 0 0 0 0 0 0 0 0 0 0 0 0 0 0 66 60 1 3 0 0 0 6 0 0 0 3 0 0 3 0 0 0 181 90 43 43 38 175 116 55 43 33 23 53 54 176 37 53 52 165 53 6 0 0 0 0 0 4 0 0 0 0 2 0 0 0 0 0 4 0 3 0 0 0 0 0 0 0 0 0 0 0 0 0 0 0 0 0 0 0 0 0 0 7 0 18 0 0 0 0 0 0 3 0 0 0 0 0 0 0 0 34 9 25 1 0 0 37 59 0 20 13 0 0 2 21 11 7 0 20 11 0 0 0 0 0 1 0 0 0 0 0 0 0 0 0 1 0 0 16 10 0 0 0 0 0 0 0 0 0 0 0 0 0 0 0 0 1 1 1 0 0 0 1 0 0 19 8 0 0 0 0 11 0 0 0 0 0 0 0 0 60 22 8 4 1 2 39 12 34 1 14 0 39 25 15 11 37 0 20 35 0 0 0 0 0 0 0 0 0 0 0 0 0 0 0 0 0 0 0 0 0 0 0 0 0 0 0 0 0 0 0 6 0 0 0 0 0 0 0 0 0 0 0 30 2 0 0 0 0 0 0 0 0 0 0 0 0 0 0 0 0 0 0 0 9 0 0 0 0 0 
 0 0 0 0 0 0 0 0 1 0 0 0 0 0 2 0 0 0 0 1 0 0 6 62 29 0 0 0 0 0 0 2 21 5 0 0 0 0 0 0 181 0 238 135 259 115 66 46 211 141 250 105 93 70 202 394 143 97 124 33 0 0 0 0 0 0 3 0 1 0 54 0 53 1 0 0 0 0 7 2 0 0 0 0 0 0 0 0 0 0 0 0 0 0 0 0 0 0 0 0 0 0 8 0 13 0 0 0 0 0 0 17 0 0 0 0 0 0 0 0 0 7 0 0 9 8 0 7 0 0 0 8 0 9 0 24 10 0 18 21 0 0 0 0 0 0 3 0 0 0 0 0 9 0 0 0 0 0 0 0 0 0 0 0 14 0 0 0 0 0 0 0 0 0 0 0 0 0 0 0 0 0 0 1 0 7 0 0 0 0 0 19 0 0 0 0 0 0 0 0 16 0 0 3 0 13 0 0 10 11 0 9 8 0 11 0 7 13 14 0 0 0 0 0 0 0 0 0 8 0 0 0 32 11 0 0 0 0 0 0 0 0 0 0 0 0 0 0 0 0 0 8 0 0 0 0 1 0 0 0 0 0 64 0 65 2 0 0 0 0 8 0 0 0 0 0 0 0 0 0 0 0 0 0 0 16 1 0 0 0 
 0 0 3 0 0 0 0 0 0 0 0 0 0 5 0 0 0 0 0 5 3 3 5 3 61 67 5 3 3 3 3 28 3 3 5 3 3 3 3 4 90 238 0 185 125 65 52 350 77 106 101 31 76 62 113 388 34 118 20 33 0 0 0 0 0 0 1 207 0 0 0 0 5 0 0 0 0 0 0 2 0 0 0 0 0 0 0 0 0 0 0 0 0 0 0 0 0 0 0 0 0 0 0 0 0 0 0 0 0 0 0 0 0 0 0 0 0 0 0 0 21 13 40 9 0 0 11 0 6 42 22 0 0 0 10 0 0 0 0 10 0 0 0 0 0 0 0 0 0 0 0 0 18 0 0 0 0 0 4 0 12 0 0 0 0 0 0 0 0 0 0 0 0 0 0 0 0 5 8 0 0 0 0 0 0 0 0 0 0 0 0 0 0 0 0 0 0 0 0 0 13 9 24 11 9 9 2 13 18 7 30 28 10 11 9 31 11 28 0 36 0 0 0 5 11 0 7 0 48 0 0 0 19 0 0 0 0 0 0 0 0 0 0 0 0 0 0 0 0 0 0 6 0 0 0 0 0 0 0 1 0 0 0 21 37 0 2 1 0 0 0 0 0 0 0 0 0 0 0 0 0 0 0 0 14 0 0 11 2 0 
 1 1 1 2 4 2 2 3 3 3 3 3 2 4 0 0 0 1 1 3 1 0 0 0 0 0 0 0 0 0 0 2 0 0 0 0 0 0 0 0 43 135 185 0 158 97 79 89 93 68 178 54 99 70 55 268 121 532 76 74 0 0 6 25 0 0 75 0 0 0 0 0 110 49 0 0 0 0 54 2 0 0 0 0 0 0 0 0 0 0 0 0 0 0 0 0 0 0 0 0 0 0 0 0 0 0 0 0 0 0 0 0 0 0 0 0 0 0 0 0 0 0 0 10 0 8 0 0 0 20 16 0 0 0 0 0 0 0 0 10 4 23 15 0 0 0 9 0 0 15 0 0 12 1 8 10 5 4 7 0 0 0 0 0 0 0 0 0 0 0 0 0 0 0 0 0 0 0 0 10 0 0 11 0 0 0 0 0 0 0 0 0 0 0 0 0 0 0 0 0 3 3 21 10 0 19 0 0 0 8 11 12 0 0 0 31 0 16 0 0 14 0 14 1 0 0 16 20 1 0 0 0 14 5 20 0 4 0 10 10 0 0 0 0 0 0 0 0 0 0 0 16 0 0 0 0 0 0 0 10 0 0 1 2 35 4 2 0 0 0 0 0 0 0 0 0 0 0 0 0 0 0 0 0 0 19 0 0 2 0 
 0 0 0 0 0 3 0 0 2 0 0 0 0 0 0 0 0 0 0 0 0 58 0 0 0 0 3 0 0 0 0 2 0 0 0 2 2 0 0 0 43 259 125 158 0 259 106 82 135 136 148 84 73 73 84 81 158 69 282 515 0 0 2 0 0 0 70 22 0 0 0 0 65 53 17 0 0 0 110 54 0 0 0 0 0 0 0 0 0 0 0 0 0 0 0 0 0 0 0 0 0 0 0 0 0 0 0 0 0 0 0 0 0 0 0 0 0 0 0 0 0 0 0 55 19 16 0 0 4 0 31 9 0 0 0 0 0 0 0 0 5 16 25 0 8 0 8 0 1 4 0 0 8 14 6 18 0 0 9 0 0 0 0 0 0 0 0 0 0 0 0 0 0 0 0 0 0 0 0 0 0 0 0 0 0 0 0 0 0 0 0 0 0 0 0 0 0 0 0 0 0 0 10 0 15 30 0 0 0 0 21 17 0 0 0 38 0 13 0 0 24 0 10 8 0 0 28 15 7 0 0 0 9 7 7 0 10 0 12 45 0 0 0 0 0 0 0 0 0 0 0 10 0 0 0 0 0 0 0 1 0 0 0 2 4 4 24 3 2 0 18 0 0 0 0 0 0 0 0 0 0 0 0 0 13 6 0 0 2 0 
 0 0 0 0 0 0 0 0 22 2 0 0 0 0 0 1 0 0 0 0 0 0 0 0 0 0 6 0 0 0 3 0 0 0 0 0 1 0 0 0 38 115 65 97 259 0 239 250 57 50 361 80 34 39 265 352 135 44 46 55 53 56 1 4 0 1 0 79 21 0 4 0 57 68 55 3 5 1 106 105 0 0 0 0 0 0 0 0 0 0 0 0 0 0 0 0 0 0 0 0 15 0 0 0 0 0 0 0 0 0 0 0 0 0 0 0 0 0 0 0 0 0 0 17 25 0 0 0 0 0 14 10 0 0 0 0 0 0 0 0 0 5 29 9 0 2 29 0 10 0 0 3 30 1 1 8 0 19 33 6 0 0 0 0 0 0 0 0 0 0 0 0 0 0 0 0 1 0 0 0 0 0 0 0 0 0 0 7 0 0 0 0 0 0 0 0 0 10 0 0 1 10 11 0 12 1 0 1 0 4 5 6 0 0 23 12 0 20 0 0 15 3 8 9 11 0 44 5 1 7 0 0 25 11 0 0 1 0 7 34 0 0 0 0 0 0 1 0 0 0 0 2 0 0 0 0 0 0 2 0 0 0 0 54 0 1 0 1 0 0 23 0 0 0 0 3 0 0 0 0 0 0 0 0 0 0 0 0 0 0 
 3 3 3 3 6 3 3 3 3 3 3 3 3 3 3 3 3 3 3 47 5 0 63 63 62 67 0 0 61 0 63 55 0 0 1 67 1 0 0 0 175 66 52 79 106 239 0 229 66 101 36 107 125 220 48 255 31 114 47 207 0 0 0 0 0 0 4 0 20 0 0 0 0 0 0 0 0 0 0 2 0 0 0 0 0 0 0 0 0 0 0 0 0 0 0 0 0 0 0 0 0 0 0 0 30 9 0 0 0 0 0 0 0 0 0 0 4 0 0 0 16 21 13 0 11 18 8 8 8 0 0 0 12 0 10 68 30 16 19 2 0 0 0 0 0 0 0 0 8 0 0 0 0 0 0 6 0 0 10 0 0 0 0 0 0 0 0 0 0 0 0 0 0 0 0 0 3 0 0 0 0 0 0 12 13 23 0 0 0 0 0 12 0 0 0 0 0 0 0 16 7 4 19 24 8 0 0 40 3 22 0 0 1 10 4 0 16 0 0 30 0 0 0 0 0 0 0 0 0 0 0 0 0 0 0 0 0 0 8 10 0 0 5 0 0 0 0 0 0 0 0 14 0 0 1 0 0 0 0 0 0 0 0 4 0 2 0 0 0 0 0 0 0 0 0 0 0 0 0 0 0 0 0 0 0 0 0 0 2 0 
 0 1 0 0 0 0 0 0 3 0 0 0 0 0 0 0 0 0 0 3 2 3 3 2 2 6 2 2 2 9 9 2 2 2 2 5 2 6 2 2 116 46 350 89 82 250 229 0 92 171 118 110 88 297 66 109 98 75 78 343 0 0 0 0 0 0 0 0 3 0 0 1 0 0 0 0 17 0 0 0 0 0 0 0 0 0 0 0 0 0 0 0 0 0 0 0 0 0 0 0 0 0 0 0 5 9 0 0 10 0 6 3 0 0 0 0 0 3 0 0 21 12 19 0 26 0 13 4 37 38 3 0 22 0 17 12 10 21 3 13 0 0 0 0 0 0 0 0 12 0 0 0 11 0 0 3 0 0 0 0 1 0 0 0 0 0 0 0 0 0 0 0 0 0 8 15 0 0 0 0 0 0 0 0 5 5 0 0 0 0 0 0 0 0 0 0 0 2 0 0 15 10 29 39 6 0 0 1 0 29 0 12 0 7 9 54 9 9 0 4 0 0 0 0 0 0 0 0 0 0 0 0 0 0 0 0 0 0 19 17 0 0 24 0 0 0 0 0 0 0 0 10 0 1 0 0 0 0 3 2 0 0 0 65 3 0 2 1 0 0 0 0 0 0 0 0 0 0 0 0 0 4 0 0 0 0 0 21 0 0 
 3 3 6 3 3 3 3 3 3 3 3 3 3 3 2 66 2 3 3 9 3 2 3 66 23 2 3 2 26 2 3 66 2 2 3 3 3 3 2 6 55 211 77 93 135 57 66 92 0 335 108 33 293 107 209 216 57 231 149 63 2 5 0 7 0 0 59 21 0 0 4 2 0 1 0 3 8 0 0 3 0 0 0 0 0 0 0 0 0 0 0 0 0 0 0 0 0 0 0 0 0 0 6 0 10 0 0 0 0 0 0 0 0 0 0 0 0 0 0 0 0 9 23 0 0 35 1 10 8 0 0 7 0 3 0 20 20 37 16 26 9 10 0 17 0 9 2 0 0 0 0 3 2 3 1 2 0 12 8 0 0 0 0 0 0 0 0 0 0 0 0 0 0 0 0 0 8 0 0 0 0 0 0 0 0 10 0 0 0 0 0 11 0 0 0 0 0 0 0 0 7 0 0 13 40 18 0 8 29 0 6 27 27 0 18 0 9 0 0 0 0 3 0 3 9 0 0 0 9 7 0 0 7 21 0 0 0 0 0 20 0 0 0 0 0 0 0 0 0 0 0 1 0 0 0 0 0 0 0 22 0 0 11 1 0 1 1 0 2 0 30 0 0 0 0 3 0 0 0 0 0 0 0 0 12 0 0 0 2 0 
 0 4 0 0 0 0 0 0 5 0 2 0 0 0 0 0 0 0 0 6 0 67 0 0 0 0 0 0 0 0 0 3 0 0 2 0 0 0 0 0 43 141 106 68 136 50 101 171 335 0 214 34 56 108 219 88 415 186 79 176 0 0 4 0 0 0 3 0 3 0 0 0 5 15 0 71 0 0 14 1 0 0 0 0 0 0 9 0 0 0 0 0 0 0 0 0 0 0 0 0 0 0 0 0 0 0 0 0 0 0 0 0 0 0 0 0 0 0 0 10 11 0 11 0 14 9 0 0 14 7 21 7 7 9 0 7 12 26 0 0 0 7 0 0 0 0 10 0 7 4 0 0 3 7 0 30 0 0 0 0 0 0 0 0 0 0 0 0 0 0 0 0 0 0 0 0 0 0 0 0 0 0 0 0 0 10 0 0 0 0 0 0 0 0 0 0 0 0 0 14 9 0 9 24 27 11 0 10 25 15 0 14 0 19 14 0 22 11 0 0 0 0 2 1 0 0 5 0 4 0 35 0 34 16 24 6 7 7 21 12 0 0 0 0 0 0 0 0 0 0 0 12 0 0 0 0 0 0 0 12 0 0 2 0 0 1 5 64 0 0 2 0 0 0 0 0 0 0 0 0 0 0 0 0 38 0 0 0 0 0 
 0 1 0 0 0 0 0 0 2 0 0 0 0 0 0 70 0 0 0 0 0 0 37 0 0 0 3 205 0 0 0 0 0 0 0 2 0 71 2 0 33 250 101 178 148 361 36 118 108 214 0 166 96 167 170 212 181 50 34 66 0 0 0 0 0 0 51 0 2 0 0 0 87 18 0 0 0 5 8 1 0 0 0 0 0 0 0 0 0 0 0 0 0 0 0 0 0 0 0 0 0 0 0 0 0 0 0 0 0 0 0 0 0 0 0 0 0 0 0 0 3 5 17 0 29 21 0 0 1 33 11 0 11 0 6 7 23 47 0 11 0 9 12 0 0 0 0 0 0 0 0 0 23 0 0 20 0 0 0 11 0 0 0 0 0 0 0 0 0 0 0 0 0 0 0 0 0 0 0 0 0 0 0 0 0 0 0 0 0 0 0 0 0 10 0 0 0 0 0 0 21 29 10 6 35 12 0 9 0 21 0 13 0 0 11 9 1 20 0 0 7 0 9 0 0 0 35 0 8 0 0 0 45 0 11 0 0 0 33 8 0 0 0 0 0 0 0 0 0 0 0 8 0 0 0 0 0 0 0 0 0 0 62 0 66 2 1 35 0 0 8 0 0 0 0 0 0 0 0 0 0 0 7 0 0 0 0 13 0 0 
 0 0 0 0 28 0 0 0 0 0 0 0 0 0 0 0 0 0 66 0 0 0 0 4 0 0 3 0 0 0 0 0 0 0 2 0 0 0 0 0 23 105 31 54 84 80 107 110 33 34 166 0 41 44 45 31 380 180 32 32 0 53 0 0 2 0 2 0 24 212 3 13 59 52 9 3 9 5 50 50 0 0 0 7 0 0 0 0 0 0 0 0 0 0 0 0 0 0 0 0 0 0 0 0 0 0 0 0 0 0 0 0 0 0 0 0 0 0 0 0 0 31 5 21 29 14 0 0 11 0 0 7 0 0 0 0 1 10 0 0 20 0 9 0 0 0 20 8 21 25 0 0 11 9 0 16 10 12 11 16 0 0 0 0 0 0 0 0 0 18 0 0 0 0 0 0 0 0 11 0 0 0 0 0 0 0 0 0 0 0 0 0 0 0 0 0 0 0 0 0 6 0 22 0 17 0 0 0 0 38 0 0 0 0 15 0 6 18 11 0 26 10 7 0 0 0 2 27 18 0 0 0 12 14 63 8 11 0 20 0 10 0 0 0 0 0 0 0 0 1 0 19 0 0 0 0 0 0 2 1 0 0 0 0 2 4 4 0 5 4 10 0 0 0 0 2 0 0 0 0 0 0 9 0 2 0 0 0 0 0 
 3 3 3 30 3 9 3 54 3 3 3 3 3 3 3 3 3 3 3 3 8 86 86 0 1 92 0 0 23 69 122 63 0 8 0 62 124 99 7 7 53 93 76 99 73 34 125 88 293 56 96 41 0 64 53 43 33 37 297 122 2 0 0 2 1 0 1 5 0 36 0 3 0 53 0 0 0 2 0 1 0 0 0 0 6 0 0 0 0 0 0 0 0 0 0 0 0 0 0 0 0 10 0 8 2 22 0 38 1 7 14 25 4 4 7 0 1 1 0 0 18 0 0 0 0 0 0 19 0 20 0 0 0 26 0 0 0 0 1 11 0 0 0 0 0 0 0 0 0 0 0 0 0 0 0 0 0 0 0 0 0 5 0 0 11 5 1 0 0 0 0 0 0 0 0 0 0 0 0 3 0 0 0 19 3 15 4 0 27 25 21 8 0 0 49 0 19 31 3 0 0 0 19 20 0 3 1 0 4 9 0 0 0 9 0 6 0 6 5 14 0 0 0 0 0 0 0 0 0 0 0 0 0 0 0 0 0 0 0 0 0 0 0 0 0 0 10 0 0 0 0 16 0 0 0 0 0 0 0 0 0 20 0 0 4 0 7 0 0 0 0 0 0 0 0 0 0 0 0 0 0 19 0 0 0 0 6 0 0 1 
 0 0 0 0 2 5 0 0 0 0 5 0 0 0 0 2 0 0 0 3 3 4 4 3 3 11 6 3 3 67 3 66 4 3 5 3 3 5 3 9 54 70 62 70 73 39 220 297 107 108 167 44 64 0 381 326 47 169 102 157 0 0 0 0 0 0 0 0 5 0 0 0 0 0 2 0 0 0 7 0 0 0 0 0 0 0 0 0 0 0 0 0 0 0 0 0 0 0 0 0 0 0 0 11 0 0 0 0 0 0 0 8 0 0 0 0 0 0 0 0 9 9 38 9 12 0 21 0 46 45 11 0 40 0 34 9 19 28 14 30 0 0 0 0 0 0 0 0 0 0 0 0 50 0 0 7 0 0 0 0 1 0 0 0 0 0 6 5 10 0 0 0 0 0 0 0 0 0 0 0 0 0 0 0 0 0 0 0 0 0 0 13 0 0 0 0 0 0 0 0 21 0 29 19 11 4 13 22 0 42 0 0 67 23 12 45 1 32 23 0 0 0 0 0 11 0 0 0 0 0 0 0 0 0 1 0 0 0 9 34 0 0 0 0 0 0 0 0 0 0 0 4 0 0 0 0 1 0 35 0 0 0 0 0 2 22 1 63 0 0 0 0 0 0 0 0 0 0 0 0 0 0 0 0 0 0 0 20 0 0 
 0 0 2 0 0 0 0 0 0 0 0 0 0 0 0 0 0 0 0 2 3 0 0 137 93 116 2 0 0 0 66 1 0 0 0 1 2 0 2 0 176 202 113 55 84 265 48 66 209 219 170 45 53 381 0 127 66 28 144 119 0 0 0 0 0 0 5 1 0 0 0 0 0 0 0 0 0 1 0 0 0 0 0 0 0 0 0 0 0 0 0 0 0 0 0 0 0 0 0 0 0 0 13 1 17 0 0 0 0 0 0 27 0 0 0 0 0 0 0 0 78 14 0 2 0 24 20 10 20 8 0 0 13 9 0 69 50 0 52 21 0 0 0 0 0 0 0 0 0 0 0 0 0 0 0 0 0 0 0 0 5 0 0 15 0 0 0 0 0 0 0 0 0 0 0 0 0 5 8 0 0 0 0 23 12 24 0 0 0 0 0 16 0 0 0 0 0 0 0 0 18 0 1 12 0 10 3 0 11 0 0 40 30 19 16 14 0 0 25 0 0 0 0 0 8 0 0 0 7 0 0 0 0 0 0 0 0 0 1 0 0 0 0 0 0 0 0 0 64 0 0 16 0 0 61 0 0 0 0 0 0 0 5 1 2 19 2 0 0 0 30 0 0 0 0 0 0 0 0 0 0 0 0 0 0 0 0 0 2 0 
 0 0 0 0 2 0 0 0 0 0 0 0 0 3 0 0 0 6 0 0 0 3 0 0 0 0 0 0 0 0 0 3 2 0 0 0 13 0 1 0 37 394 388 268 81 352 255 109 216 88 212 31 43 326 127 0 137 41 37 59 0 0 0 0 0 0 3 0 0 0 0 0 23 0 0 68 0 0 4 1 0 0 0 0 0 0 0 0 0 0 0 0 0 0 0 0 0 0 0 2 0 0 0 0 0 0 0 0 0 0 0 0 0 12 0 0 0 0 0 0 0 0 10 0 1 16 0 0 0 7 33 7 2 9 21 0 0 16 0 0 0 0 0 0 0 0 11 0 0 0 0 0 37 0 0 0 0 3 7 0 0 0 0 0 0 0 9 0 0 0 0 0 0 0 0 0 14 0 0 0 0 0 0 0 0 0 0 0 0 0 0 0 0 0 0 0 0 0 3 0 1 3 9 0 18 20 0 11 25 0 19 18 0 0 20 10 39 14 0 0 15 0 0 0 0 0 10 0 33 0 0 0 36 14 22 29 7 0 0 0 0 0 0 0 0 0 0 0 0 0 0 5 0 1 0 0 0 0 0 18 0 0 42 0 0 3 1 63 0 0 15 0 0 0 0 0 0 0 0 0 0 0 0 0 0 0 2 23 0 0 
 0 0 0 0 0 0 0 0 2 0 3 0 0 0 0 0 0 0 7 0 71 2 2 0 0 0 0 2 0 0 0 0 1 2 3 2 0 0 0 0 53 143 34 121 158 135 31 98 57 415 181 380 33 47 66 137 0 199 31 45 18 0 2 1 0 3 58 0 0 0 0 2 7 0 0 0 0 208 0 8 0 0 0 6 0 0 0 0 0 0 0 7 0 0 0 0 0 0 0 0 0 0 0 0 0 0 0 0 0 0 0 0 0 0 0 0 1 0 0 0 6 0 0 14 21 22 0 0 10 0 0 37 0 0 0 9 13 9 0 0 10 38 2 0 0 0 20 0 0 0 0 0 9 19 0 2 0 0 0 0 0 0 0 0 0 0 0 0 0 0 0 0 0 0 0 0 0 0 0 0 0 0 0 0 0 0 0 0 0 0 0 0 0 0 0 0 0 0 0 0 0 0 0 14 16 29 0 0 0 26 8 15 0 0 10 0 9 21 0 0 1 0 0 0 0 0 0 0 7 0 0 0 30 15 1 0 0 0 0 20 0 0 0 0 0 0 0 0 0 0 0 12 0 2 0 0 0 0 0 2 0 0 6 0 0 0 2 0 0 0 26 0 0 0 0 0 0 0 0 0 0 0 0 0 12 5 0 0 0 0 
 2 2 2 3 2 4 3 3 4 3 3 3 3 6 1 1 2 2 2 3 0 0 2 0 0 0 0 0 0 0 1 0 0 0 0 1 0 62 0 0 52 97 118 532 69 44 114 75 231 186 50 180 37 169 28 41 199 0 246 140 0 0 0 0 0 52 17 22 12 0 0 0 0 0 0 0 0 1 51 52 0 0 0 0 0 0 0 0 0 0 0 0 0 0 0 0 0 0 0 0 0 0 0 0 1 0 0 0 0 0 0 0 0 0 0 0 0 0 0 0 21 26 10 13 35 6 19 1 3 1 0 15 14 9 8 12 11 64 0 0 13 12 10 0 0 0 10 0 0 0 0 0 0 7 0 13 0 0 0 0 0 0 0 1 0 0 0 0 0 0 0 0 0 0 0 0 0 0 10 0 0 0 0 0 0 0 0 0 0 0 0 0 0 0 0 0 0 0 0 0 21 0 46 25 68 6 0 0 0 38 12 1 0 21 50 0 22 19 0 0 12 23 0 0 0 0 0 0 0 0 0 0 11 17 0 0 0 0 10 31 0 0 19 0 0 0 0 0 0 0 0 4 0 0 0 0 0 0 0 21 0 0 2 0 0 0 3 0 0 0 11 0 0 0 0 0 0 0 0 0 0 0 0 12 13 15 0 0 0 11 
 0 0 0 3 0 0 0 0 0 0 0 0 0 0 0 0 64 0 0 0 0 77 100 24 69 63 0 64 65 81 56 65 0 0 0 1 52 72 0 0 165 124 20 76 282 46 47 78 149 79 34 32 297 102 144 37 31 246 0 103 0 5 0 7 2 0 0 9 1 0 5 1 0 39 2 2 5 0 0 1 15 0 0 0 0 0 0 0 0 0 0 0 0 0 0 0 0 0 0 0 10 0 9 23 0 20 0 0 0 22 10 17 0 0 0 9 0 1 11 0 0 7 0 0 0 0 0 22 0 0 12 0 0 0 0 2 6 0 14 13 0 0 0 4 7 3 0 0 0 0 0 6 0 0 0 0 0 12 0 0 0 1 0 0 0 0 29 3 1 0 0 0 0 0 0 0 0 0 0 3 0 0 0 3 21 48 0 0 18 0 33 10 0 0 6 0 18 0 0 0 0 0 0 1 0 0 41 0 13 0 1 0 16 12 0 0 0 0 0 0 0 6 0 0 17 8 0 0 0 9 0 0 0 0 0 0 0 0 0 0 0 0 0 0 0 0 0 0 0 0 0 5 0 0 2 0 0 0 1 0 0 19 0 0 0 2 0 0 0 0 6 0 51 0 0 5 0 0 0 11 0 0 0 0 0 15 1 0 2 0 
 6 1 0 1 0 0 0 0 0 0 0 0 0 5 0 0 0 4 0 0 0 2 209 0 0 69 0 0 19 0 40 64 3 0 1 54 28 0 0 1 53 33 33 74 515 55 207 343 63 176 66 32 122 157 119 59 45 140 103 0 0 0 0 0 0 0 1 0 8 0 0 0 0 24 0 0 0 0 0 2 0 0 0 0 0 0 0 0 0 0 0 1 0 0 0 2 0 1 0 5 0 0 0 13 3 18 0 0 19 1 0 0 7 0 0 0 9 0 6 0 66 11 24 1 10 0 16 5 10 0 0 0 19 0 7 0 3 17 0 31 0 0 0 0 0 15 0 0 0 0 0 0 0 0 0 0 0 0 12 0 11 0 0 19 0 0 0 4 0 0 0 2 0 2 12 2 8 1 1 0 0 0 0 0 44 15 0 0 18 0 35 0 0 0 1 0 66 0 0 0 23 37 8 12 0 0 28 19 1 12 0 0 1 7 0 0 14 0 0 30 0 0 0 0 0 0 0 0 0 0 0 0 0 0 0 0 0 0 0 6 0 9 11 0 0 0 0 0 0 0 0 7 2 2 0 0 0 0 0 3 0 19 2 36 0 2 2 2 0 0 0 0 0 0 0 0 0 0 0 0 0 0 0 0 0 1 0 0 0 0 
 3 3 2 0 6 0 1 0 0 6 0 0 1 1 3 3 3 3 2 5 0 3 0 0 0 0 0 0 0 0 0 0 0 0 2 0 1 0 0 1 6 0 0 0 0 53 0 0 2 0 0 0 2 0 0 0 18 0 0 0 0 214 132 63 18 24 47 212 102 95 37 41 89 130 145 173 92 145 68 108 0 0 0 0 1 0 0 0 0 0 0 0 0 0 0 0 0 0 0 0 0 0 0 0 0 0 0 0 0 0 0 0 0 0 0 0 0 0 0 0 0 0 0 8 0 0 0 0 0 0 0 0 0 0 0 0 0 0 0 0 0 0 0 24 35 9 0 11 0 34 9 1 3 12 57 0 17 11 1 38 0 0 0 0 0 0 0 0 0 0 0 0 0 0 0 0 0 0 0 0 0 0 0 0 0 7 0 0 0 0 0 0 0 0 0 0 0 0 0 0 0 0 0 0 0 0 0 0 0 0 0 0 0 0 0 0 0 0 6 0 7 9 0 4 7 17 11 43 13 11 0 26 11 1 0 0 9 26 1 0 1 0 0 0 0 0 0 0 0 0 0 0 0 1 6 0 0 0 0 0 0 0 0 4 0 0 0 0 0 0 13 0 0 20 2 1 0 0 0 0 0 0 0 0 0 0 0 0 0 0 
