 0 195 167 48 62 264 169 58 131 417 122 109 269 252 159 224 143 123 172 146 0 2 4 1 0 3 0 0 6 0 0 3 0 0 1 0 0 0 0 0 0 5 3 4 1 2 0 3 0 0 0 0 0 63 0 0 0 0 3 8 0 0 0 0 0 0 0 0 0 3 3 0 48 0 0 0 3 0 0 3 19 25 27 21 0 0 14 61 36 3 46 1 12 17 4 16 28 18 8 10 0 0 0 0 0 0 0 0 0 0 0 0 0 0 0 1 0 0 19 0 0 0 1 0 1 0 0 0 0 0 1 0 0 0 0 0 0 1 0 0 0 0 0 0 0 0 0 0 0 1 0 0 0 0 0 0 0 0 0 0 0 24 0 26 0 17 0 18 31 22 21 0 63 27 17 14 20 0 13 13 0 0 0 0 0 0 0 0 0 2 0 0 0 0 0 0 42 0 0 0 0 0 0 0 0 0 0 2 0 0 0 0 0 0 0 0 10 26 0 0 0 0 0 0 0 0 0 0 0 6 0 0 14 0 0 0 0 0 0 0 0 47 0 0 0 0 145 0 0 0 0 6 0 0 0 0 0 0 0 0 1 0 0 0 0 0 0 0 0 0 0 0 0 0 0 0 0 0 0 0 14 0 0 0 0 0 0 0 0 0 
 195 0 199 93 268 266 84 71 159 217 84 51 273 220 50 362 336 164 140 312 2 2 3 0 0 3 0 0 3 2 0 4 0 0 0 0 21 2 0 0 0 2 3 3 0 2 15 2 0 22 0 0 0 0 22 0 22 0 0 0 0 32 0 1 0 0 0 0 0 3 2 0 0 0 0 3 2 0 0 3 18 52 11 14 17 0 9 15 50 32 10 28 35 33 0 43 29 11 7 14 0 0 0 0 0 0 19 0 0 0 0 0 1 0 0 1 0 0 0 0 0 0 0 0 0 0 0 0 0 0 18 0 0 0 0 0 0 0 0 0 0 0 0 0 0 0 12 0 0 0 0 0 0 0 0 0 0 0 0 0 66 0 30 0 3 0 12 0 0 16 14 0 0 0 8 7 20 9 0 24 0 0 0 0 0 0 18 0 0 0 0 0 0 0 0 0 0 14 0 0 0 0 0 0 0 0 19 0 0 31 0 0 0 0 0 0 0 0 13 0 0 0 0 0 0 0 0 0 0 0 0 0 0 0 0 0 0 0 0 0 0 18 0 0 0 0 9 0 1 3 0 2 12 0 0 0 0 0 0 0 0 0 0 0 0 0 0 0 0 0 0 0 0 0 0 0 11 0 0 0 0 0 0 0 0 0 0 0 0 0 
 167 199 0 179 59 57 158 297 310 239 27 34 155 138 153 246 370 85 50 35 0 2 80 0 0 3 36 0 6 0 0 3 149 0 1 0 0 2 2 35 0 6 3 3 0 2 0 3 0 0 0 2 0 0 0 0 0 0 0 0 0 0 0 0 0 0 0 0 0 3 3 1 0 0 0 19 3 0 0 58 16 0 31 23 13 13 15 0 32 14 20 0 2 12 15 18 16 32 10 0 0 11 0 0 0 0 18 0 0 0 0 0 27 0 0 2 1 0 39 0 0 0 0 0 0 20 6 0 0 0 0 0 2 0 0 0 0 0 0 0 0 0 0 0 0 0 0 0 0 0 0 0 0 0 0 0 0 0 0 0 2 7 48 42 0 10 25 0 8 12 45 9 0 0 21 30 0 0 14 1 10 0 0 1 0 0 6 0 0 0 0 0 0 14 16 14 0 0 20 30 0 0 0 0 0 0 0 0 0 0 1 0 0 0 0 0 0 0 0 0 0 0 0 0 0 0 0 0 2 0 0 0 0 0 0 0 0 0 0 0 0 0 0 0 0 2 1 0 0 62 0 22 13 0 1 0 0 0 0 0 0 0 0 0 0 0 0 0 0 0 0 0 0 0 0 0 6 11 0 0 0 0 0 0 0 0 0 0 0 0 
 48 93 179 0 240 184 92 164 289 308 139 158 69 243 51 268 99 25 62 264 0 4 5 1 0 3 3 3 7 0 0 3 107 3 79 0 0 0 76 117 0 4 3 5 0 2 0 3 0 0 2 0 0 1 0 0 0 0 0 1 0 0 0 0 1 0 0 0 0 3 3 0 0 0 0 0 3 2 0 3 14 0 23 40 53 34 0 0 14 9 36 10 0 0 18 54 1 0 0 0 11 14 0 0 2 0 30 24 1 0 0 0 22 0 6 0 0 0 17 19 0 0 1 0 2 0 0 0 18 0 2 0 0 0 0 0 0 0 0 0 0 0 0 0 0 0 0 0 0 0 0 4 0 0 4 26 0 0 0 0 0 0 0 9 0 15 0 3 21 0 26 13 0 0 0 4 12 0 1 0 19 0 0 0 0 0 10 26 0 0 0 0 39 22 0 0 0 0 1 15 0 0 0 0 0 0 0 1 0 0 14 0 0 0 0 0 0 0 8 0 0 0 0 0 0 0 0 0 0 1 0 0 0 0 0 0 0 0 0 0 0 0 0 0 0 87 0 1 3 6 0 6 0 0 0 0 0 0 0 0 2 0 0 0 0 0 0 0 0 0 0 0 0 0 0 16 0 0 0 0 0 0 0 0 0 0 0 0 0 0 
 62 268 59 240 0 68 56 150 254 287 133 273 170 298 60 139 68 162 43 75 35 79 38 1 2 5 1 0 5 0 0 5 77 0 94 0 6 0 96 155 0 3 3 3 0 2 0 3 0 0 26 0 0 0 0 0 0 0 0 0 50 0 0 0 0 0 0 0 0 3 2 0 0 2 0 0 2 0 0 3 18 0 19 2 61 32 0 6 21 30 0 20 0 0 0 24 0 1 0 0 32 2 10 0 0 0 75 0 10 0 0 0 31 18 2 39 0 0 1 19 0 0 0 0 0 0 0 0 0 0 0 0 0 0 0 0 0 0 0 0 0 0 0 0 0 0 0 0 0 0 0 2 0 22 0 35 0 0 0 1 16 2 0 6 27 0 0 0 3 0 0 58 0 0 0 4 0 22 0 0 38 13 0 0 0 0 37 0 0 1 0 0 0 26 0 15 1 14 24 30 0 0 0 0 0 0 0 0 0 0 0 0 0 0 0 0 0 0 5 0 0 0 0 2 0 0 0 0 0 0 0 0 0 0 0 0 0 0 0 0 0 0 0 0 0 1 0 0 4 112 0 10 0 0 0 0 0 0 0 0 0 0 0 0 0 0 0 0 0 0 0 0 0 0 0 1 0 0 0 0 0 0 0 0 0 0 0 0 0 0 
 264 266 57 184 68 0 367 166 118 339 267 57 32 331 134 91 139 56 39 340 0 2 2 210 0 3 0 0 5 0 0 4 40 1 2 0 0 0 74 1 0 3 3 3 0 2 0 38 0 0 1 1 0 0 0 0 0 0 0 3 0 0 0 0 0 0 0 0 0 3 3 0 0 0 0 2 3 0 0 3 78 0 10 0 13 13 0 0 32 18 33 27 0 0 21 28 0 9 1 13 7 0 0 0 0 0 34 25 1 0 0 0 10 10 23 1 0 0 1 10 0 0 0 0 0 0 0 0 0 0 0 0 0 0 0 0 0 0 0 0 0 0 0 0 0 0 0 0 0 0 0 1 0 0 4 0 0 0 0 0 0 20 0 12 0 1 0 0 3 16 22 16 0 14 0 10 11 12 0 0 23 0 0 0 0 26 23 20 0 0 0 0 15 0 0 2 1 0 0 8 0 0 0 0 0 0 0 0 0 0 0 1 0 0 0 0 0 0 9 0 0 0 0 2 0 0 0 0 0 0 0 0 0 0 0 0 0 0 0 0 0 0 0 0 0 0 0 1 85 3 0 10 2 0 0 0 0 0 0 0 0 0 35 0 0 0 0 0 0 0 0 0 0 0 0 20 1 0 0 0 0 0 0 0 0 0 0 0 0 0 
 169 84 158 92 56 367 0 495 54 39 17 129 126 181 234 38 126 51 258 366 0 2 4 0 0 4 1 0 5 0 0 3 0 0 2 0 1 0 0 0 0 5 3 3 0 2 0 3 0 0 0 0 0 0 0 0 0 0 0 0 0 0 0 0 0 0 56 44 0 3 3 0 0 21 0 2 3 0 0 3 17 21 13 13 0 0 26 10 12 0 0 14 0 45 23 0 3 26 13 1 0 0 0 0 0 6 0 0 1 0 2 0 0 0 0 0 0 10 0 0 0 0 0 0 0 0 0 0 0 0 0 0 0 0 0 0 0 0 0 0 0 0 0 0 0 1 0 0 0 3 0 0 0 0 0 0 0 0 0 0 12 30 18 0 1 0 6 0 0 72 0 2 4 35 16 17 10 19 6 14 0 0 0 0 0 0 0 12 0 0 0 0 0 0 1 1 1 0 0 0 0 0 0 0 0 0 0 0 0 0 0 10 0 0 0 0 0 0 0 0 1 0 0 0 0 0 0 0 0 12 0 0 0 1 0 0 0 0 2 0 0 0 0 0 0 4 1 0 0 0 17 5 0 0 0 0 0 0 0 0 0 0 5 0 0 0 0 0 0 0 0 0 0 0 0 0 0 0 0 0 0 0 0 0 0 0 0 0 0 0 
 58 71 297 164 150 166 495 0 148 27 173 29 125 63 238 132 52 235 68 64 0 1 2 0 0 3 0 0 4 0 0 3 0 0 1 78 0 0 0 0 0 7 3 3 0 2 0 3 0 0 65 0 0 0 0 0 0 0 0 0 1 50 0 0 0 0 0 0 0 3 3 0 0 0 0 0 3 0 0 3 20 0 15 23 2 66 19 0 0 44 19 0 0 10 28 0 26 14 46 16 0 0 0 0 0 0 0 0 0 0 13 0 0 0 0 0 0 0 7 11 0 0 0 0 0 0 0 0 0 0 0 0 0 0 0 0 0 0 0 0 0 0 0 0 0 7 0 0 0 0 0 0 0 0 0 2 0 0 0 0 82 0 11 0 0 0 0 10 34 0 0 17 7 23 40 16 18 17 13 8 0 0 0 0 0 0 0 0 0 0 0 0 3 11 0 0 0 0 14 0 0 0 0 0 0 0 0 0 0 0 0 0 0 0 0 0 0 0 0 0 0 0 2 0 0 0 0 0 0 0 0 0 0 0 0 0 0 0 0 0 0 0 0 0 0 2 0 0 0 1 10 5 0 0 0 0 0 0 0 0 0 0 1 0 0 0 0 0 0 0 0 0 0 0 0 0 0 0 0 0 0 0 0 0 0 0 0 0 0 0 
 131 159 310 289 254 118 54 148 0 220 53 41 101 87 70 496 141 59 62 151 0 1 5 0 1 7 74 209 5 0 0 6 93 1 1 0 3 1 2 35 2 6 3 5 2 2 26 3 8 1 54 0 0 5 0 0 0 0 0 62 0 0 0 1 0 1 0 0 0 3 8 0 0 2 51 2 3 0 1 3 13 0 65 24 51 30 0 0 36 61 22 14 14 0 30 20 18 0 6 33 1 11 0 0 0 0 37 0 0 0 0 1 44 0 0 10 1 0 36 0 0 0 0 0 0 5 19 0 0 0 0 0 0 0 0 0 0 0 0 0 0 0 0 0 0 0 0 0 0 0 0 4 0 0 0 4 0 0 0 0 18 11 16 27 0 29 0 0 17 11 24 47 0 0 0 15 0 12 0 10 10 0 1 0 0 0 39 0 0 0 0 0 0 26 18 14 0 0 6 11 0 0 0 0 0 0 0 0 0 0 0 0 0 0 0 0 0 0 9 0 0 0 0 0 0 0 0 0 0 0 0 0 0 0 0 0 0 0 0 0 0 0 0 0 45 0 2 0 4 86 0 1 0 0 0 0 0 0 0 0 0 0 0 0 0 0 0 0 0 0 0 0 0 0 0 0 12 0 0 0 0 0 0 0 0 0 0 0 0 0 
 417 217 239 308 287 339 39 27 220 0 189 204 296 71 83 213 478 116 75 263 0 1 2 0 0 3 74 0 4 0 0 3 0 0 1 208 0 0 0 2 0 7 3 6 0 2 0 3 0 0 73 0 0 0 0 0 0 0 0 0 0 0 0 0 0 0 0 0 0 3 6 0 0 0 0 0 3 2 0 3 17 33 40 0 30 17 0 45 41 77 14 37 9 0 20 40 6 36 6 29 0 0 0 0 0 0 20 10 0 0 0 0 13 0 1 11 0 0 20 8 0 0 0 0 0 0 7 0 0 0 0 0 0 0 0 0 0 0 0 0 0 0 0 0 0 0 0 0 0 0 0 3 0 0 17 1 0 14 0 0 0 11 29 9 3 10 0 28 0 43 21 9 0 0 0 19 0 22 0 9 0 0 0 0 10 0 24 7 0 0 0 0 0 0 13 26 0 0 9 1 0 0 0 0 0 0 0 13 0 0 0 0 0 0 0 0 0 0 6 0 0 0 0 0 0 0 0 0 0 0 0 0 0 0 0 0 0 1 0 0 0 0 0 0 0 0 0 2 2 95 0 2 0 0 0 0 0 0 0 0 0 0 0 0 0 0 0 0 0 0 0 0 0 0 0 0 28 0 0 0 0 0 0 0 0 0 0 0 0 0 
 122 84 27 139 133 267 17 173 53 189 0 51 136 120 262 310 126 65 91 162 0 80 4 0 2 3 0 0 34 19 0 5 82 1 77 0 34 4 75 1 3 4 5 3 0 2 3 3 0 3 64 0 0 0 0 0 3 4 0 2 1 0 0 3 0 0 2 0 0 3 3 0 0 0 6 0 3 0 1 3 26 8 0 12 19 22 1 13 15 13 23 0 8 12 0 0 12 0 0 0 5 0 0 0 0 0 45 2 1 0 0 0 0 14 10 0 1 0 2 9 0 2 0 0 0 0 0 0 0 0 0 0 0 0 0 0 0 0 0 0 0 0 0 0 0 0 0 0 0 0 0 39 0 0 7 6 0 0 0 0 19 0 0 0 0 2 0 11 15 11 0 11 0 1 1 0 34 11 0 15 9 0 0 0 0 14 0 17 0 0 0 0 0 13 0 15 0 21 20 0 0 0 2 0 0 0 2 0 0 0 0 0 0 0 0 0 0 0 0 0 0 0 0 0 0 0 0 0 0 0 0 0 0 0 0 0 0 0 0 0 0 10 0 0 0 0 50 0 8 1 0 10 0 0 0 0 0 0 0 0 0 0 0 0 0 0 0 0 0 0 0 0 0 0 0 0 0 0 0 0 0 0 0 0 0 1 0 0 0 0 
 109 51 34 158 273 57 129 29 41 204 51 0 55 32 143 30 134 64 109 52 3 1 2 0 0 5 1 2 5 2 5 3 93 1 4 3 0 0 39 75 0 3 3 3 7 2 2 3 0 0 0 0 0 0 0 0 36 0 3 0 0 0 2 46 0 0 0 0 0 3 3 0 0 4 0 3 3 0 0 3 14 0 0 12 10 6 0 19 24 0 0 14 16 0 19 0 0 21 14 13 0 0 8 1 0 0 0 0 0 0 0 0 42 0 0 0 11 0 28 24 0 0 0 0 0 15 0 0 0 0 0 0 0 0 0 0 0 0 0 0 0 0 0 0 0 0 0 0 0 0 0 0 0 0 0 0 0 0 0 0 0 23 0 0 28 0 10 10 13 9 0 13 12 0 7 0 12 25 0 0 0 0 11 7 0 0 22 0 9 0 0 0 19 0 7 6 0 13 13 27 0 0 0 0 0 0 0 0 0 0 0 0 0 0 0 0 0 0 0 0 0 0 0 0 0 0 0 0 0 0 0 18 0 0 0 0 0 0 0 0 0 0 0 0 0 0 86 0 2 90 0 3 0 0 0 0 0 0 0 1 2 0 15 0 0 0 0 0 0 0 0 0 2 0 0 8 0 12 0 0 0 0 0 0 0 0 0 0 0 0 
 269 273 155 69 170 32 126 125 101 296 136 55 0 155 46 352 262 128 375 213 8 2 2 0 0 3 73 0 5 0 0 3 0 0 2 202 1 1 0 0 3 4 3 3 0 2 0 3 0 0 0 0 0 2 0 0 0 0 0 3 33 0 0 0 0 0 0 0 0 3 3 0 0 0 0 0 3 0 11 3 0 49 14 9 14 0 7 33 32 12 9 11 23 51 0 11 11 10 22 25 0 0 0 0 0 0 0 0 0 0 0 1 0 0 0 0 0 0 0 2 0 0 0 0 0 0 0 0 0 0 0 0 0 0 0 0 0 0 0 0 0 0 0 0 0 0 0 0 0 0 0 0 0 0 0 0 0 0 0 0 11 0 22 30 4 10 1 29 7 25 16 0 0 22 31 24 26 12 0 16 0 0 0 0 0 0 0 0 0 0 0 0 1 0 0 0 0 0 0 0 0 0 0 0 0 2 0 0 0 0 0 13 0 0 0 0 0 0 0 0 1 0 0 0 0 0 0 0 0 0 0 0 0 0 0 0 0 0 0 0 0 7 0 0 1 2 180 2 2 2 0 14 0 0 0 0 0 0 1 0 0 0 0 0 0 0 0 0 0 0 0 0 0 0 0 0 12 0 0 0 0 0 0 0 0 0 0 0 0 0 
 252 220 138 243 298 331 181 63 87 71 120 32 155 0 176 202 133 212 280 177 2 1 2 1 3 3 1 0 5 0 0 3 0 3 1 0 0 0 0 0 0 5 3 3 0 2 0 3 0 0 0 0 0 63 0 0 0 0 0 0 0 0 0 0 0 0 0 0 0 3 2 0 0 0 0 0 2 0 0 3 54 28 45 13 0 0 28 73 3 22 19 19 28 41 0 9 20 0 0 0 0 0 0 0 2 0 0 0 0 0 0 0 0 0 1 0 0 0 0 0 0 0 0 0 16 0 0 0 0 0 0 0 0 0 0 0 0 0 0 0 0 0 0 0 0 0 0 0 0 1 0 0 0 0 0 0 0 0 0 0 24 0 17 0 1 0 31 0 8 0 2 0 4 31 35 13 13 0 16 15 0 0 0 0 0 0 22 0 0 0 0 0 0 0 0 0 17 0 1 1 0 0 0 0 0 0 0 0 0 0 0 0 0 0 0 0 0 0 36 0 0 0 0 1 0 0 0 0 17 0 0 17 0 0 0 0 0 0 0 0 0 15 0 0 0 1 97 0 0 0 0 11 0 0 0 0 0 0 0 0 0 0 0 0 0 0 0 0 0 0 0 0 0 0 0 0 0 0 0 0 13 0 0 0 0 0 0 0 0 0 
 159 50 153 51 60 134 234 238 70 83 262 143 46 176 0 75 145 39 373 183 0 2 2 1 0 4 0 0 5 0 0 4 0 0 2 0 0 0 0 0 0 5 3 3 0 2 0 3 0 0 0 0 0 0 0 0 0 1 0 0 0 0 0 0 0 0 0 0 0 2 3 0 0 0 0 0 3 0 0 3 28 2 0 10 0 10 13 10 25 0 19 3 0 20 37 0 0 18 14 37 0 0 0 0 0 0 0 0 0 0 0 0 0 0 0 0 0 0 0 0 0 0 0 0 0 0 0 0 0 0 0 0 0 0 0 0 0 0 0 0 0 0 0 0 0 32 0 0 0 0 0 0 0 0 0 0 0 0 1 0 0 12 0 19 2 0 1 0 0 25 1 12 0 0 31 8 51 11 0 1 0 0 0 0 0 0 0 0 0 0 0 0 0 0 0 0 0 0 0 1 0 1 0 0 2 0 0 0 0 0 0 0 0 0 0 11 0 2 0 0 0 0 0 0 0 0 0 0 0 0 0 0 0 0 0 0 0 0 0 0 0 8 0 0 0 0 95 0 0 0 5 164 0 0 0 0 0 0 0 0 0 0 11 0 0 0 0 0 0 0 0 0 0 2 0 0 0 0 0 0 0 0 0 0 0 0 0 0 0 0 
 224 362 246 268 139 91 38 132 496 213 310 30 352 202 75 0 88 136 187 153 0 2 2 0 0 3 1 0 7 0 0 3 37 1 1 0 0 0 1 31 0 3 3 3 0 2 0 3 0 61 64 0 0 0 0 0 0 0 0 0 0 0 0 0 0 0 0 0 0 3 3 0 0 0 0 3 3 0 0 3 28 34 7 13 19 17 2 31 25 13 18 0 27 31 1 34 29 20 7 0 1 0 0 0 0 0 25 2 0 0 1 0 0 0 0 0 0 0 13 0 0 0 0 0 0 0 0 0 3 0 0 0 0 0 0 0 0 0 0 0 0 0 0 0 0 2 0 0 0 0 0 7 0 0 0 6 2 0 0 0 27 8 0 9 0 10 13 15 17 21 24 10 0 2 9 1 28 10 0 24 0 0 11 3 0 0 3 1 0 0 0 0 0 34 0 0 0 0 7 0 0 0 0 0 0 0 0 0 0 0 0 0 0 0 0 0 0 0 0 0 0 0 0 0 0 0 0 0 0 0 0 0 0 2 0 0 0 0 1 0 0 13 0 0 0 1 47 1 3 2 0 19 12 0 0 0 0 0 0 0 0 0 0 0 0 0 0 0 0 0 0 0 0 0 0 0 0 0 0 0 0 0 0 0 0 0 0 0 0 0 
 143 336 370 99 68 139 126 52 141 478 126 134 262 133 145 88 0 105 139 45 0 2 2 0 0 3 0 2 5 0 0 3 0 1 1 1 0 0 1 1 0 4 3 3 0 2 0 3 0 0 0 1 0 0 0 0 0 1 0 0 0 10 0 0 0 0 0 0 0 3 3 0 0 0 0 0 3 0 0 4 40 0 13 0 0 0 0 10 64 17 1 29 0 13 22 16 0 39 14 13 0 2 0 0 0 0 20 0 0 7 0 0 0 0 0 1 0 0 2 0 0 0 0 0 0 0 0 0 0 0 0 0 0 0 0 0 0 0 0 0 0 0 0 0 0 0 0 0 0 1 0 0 0 0 0 0 0 0 0 0 0 3 3 9 0 0 0 0 0 10 1 21 0 2 8 14 14 2 0 16 0 0 0 0 0 0 18 0 0 0 0 0 0 1 0 0 0 0 0 0 0 0 0 0 0 0 0 0 0 0 0 0 0 0 0 0 0 0 4 0 0 0 0 0 0 0 0 0 0 0 0 0 0 0 0 0 0 0 0 0 0 0 0 0 0 1 87 0 0 2 0 7 0 0 0 1 0 0 0 0 0 0 11 0 0 0 0 0 0 0 0 0 0 0 0 0 0 0 0 0 0 0 0 0 0 0 0 0 0 10 
 123 164 85 25 162 56 51 235 59 116 65 64 128 212 39 136 105 0 183 454 0 2 2 0 1 5 7 0 5 3 0 4 2 3 3 2 0 4 36 83 2 3 3 3 3 2 1 3 0 0 63 0 0 0 0 0 0 0 0 1 0 0 0 0 0 0 0 0 0 2 3 0 5 2 1 0 3 0 0 3 14 21 0 19 23 23 14 52 1 21 20 11 8 36 0 26 20 0 8 9 21 0 0 0 0 0 21 0 1 0 0 0 15 0 2 83 0 0 2 0 0 0 0 0 0 0 0 0 0 0 0 0 0 0 0 0 0 0 0 0 0 15 0 0 0 0 0 0 0 0 0 4 0 19 0 4 0 0 0 0 33 2 0 0 15 2 0 0 3 14 0 37 0 10 0 11 55 56 0 28 24 0 0 0 0 0 9 0 0 0 0 0 0 11 0 0 1 0 16 32 0 0 0 0 0 0 0 0 0 0 0 0 1 0 0 0 0 0 0 0 1 0 0 2 0 0 0 0 0 0 0 0 0 0 0 0 0 0 0 0 0 11 0 0 0 0 49 0 0 101 40 4 0 2 0 0 0 0 0 0 0 0 0 0 0 0 0 0 0 0 0 0 0 0 0 1 1 0 0 0 0 0 0 0 0 0 0 0 0 0 
 172 140 50 62 43 39 258 68 62 75 91 109 375 280 373 187 139 183 0 126 0 5 2 0 0 3 1 0 122 0 0 3 1 0 1 0 0 0 0 0 0 5 3 3 2 2 0 3 0 3 0 0 0 0 0 0 0 2 0 3 2 0 0 0 0 0 2 0 0 3 3 0 0 0 0 15 3 1 0 3 0 22 1 13 0 0 10 47 12 0 10 0 24 55 0 1 14 46 14 9 0 0 0 0 0 0 0 0 2 0 0 0 0 0 1 0 0 0 0 0 0 0 0 0 0 0 0 0 0 15 0 0 0 0 0 0 0 0 0 0 0 0 0 0 0 0 0 0 0 1 0 1 0 0 0 0 3 0 0 0 33 12 0 14 1 0 12 0 1 24 15 0 0 14 38 26 45 1 0 18 0 0 0 0 0 0 0 0 0 0 0 0 0 0 0 0 2 0 0 0 0 0 0 0 0 0 0 0 0 0 0 0 0 0 0 0 0 0 0 0 2 0 0 1 0 10 0 0 0 0 0 0 0 2 0 0 0 0 0 0 0 7 0 0 0 2 62 0 0 0 9 7 14 0 0 0 0 0 0 0 0 0 0 0 0 0 0 0 0 0 0 0 0 0 0 0 0 0 0 0 0 0 0 0 0 0 0 0 0 0 
 146 312 35 264 75 340 366 64 151 263 162 52 213 177 183 153 45 454 126 0 0 1 2 0 0 3 0 0 3 0 0 3 2 0 1 0 0 0 0 1 0 6 3 3 0 2 0 3 0 0 0 0 0 0 0 0 1 0 0 0 0 0 0 0 0 0 0 0 0 3 3 0 0 0 0 0 3 0 0 58 14 43 23 0 22 0 28 43 11 19 14 22 0 1 21 21 0 21 1 52 0 0 0 0 0 0 0 0 0 0 0 1 0 0 0 0 0 0 0 2 0 0 0 0 0 0 0 0 0 0 0 0 0 0 0 0 0 0 0 0 0 0 0 0 0 0 0 0 0 3 0 0 0 0 0 0 16 0 0 0 16 1 31 10 4 0 8 0 1 10 0 0 11 10 0 0 0 10 8 0 0 0 0 0 0 0 0 0 0 0 0 0 1 0 0 0 0 0 0 0 0 0 0 0 0 2 0 0 0 0 0 25 0 0 0 0 0 0 0 0 0 0 0 0 0 0 0 0 0 0 0 0 0 0 0 0 14 0 0 0 0 0 0 0 1 5 0 3 0 2 0 13 0 0 0 0 0 0 0 0 0 0 0 0 0 0 0 0 0 0 0 0 0 0 0 0 13 0 0 0 0 0 0 0 0 0 0 0 0 0 
 0 2 0 0 35 0 0 0 0 0 0 3 8 2 0 0 0 0 0 0 0 495 273 52 268 50 316 339 88 422 31 346 64 191 241 163 104 557 145 413 6 4 2 0 0 0 0 204 0 0 1 21 0 2 3 0 0 0 2 5 0 2 0 1 0 0 0 3 0 3 0 0 0 0 0 0 0 0 0 0 0 0 0 0 0 11 0 0 0 0 0 0 0 7 0 0 0 0 0 0 30 2 20 9 16 9 48 2 53 32 3 32 41 23 13 0 10 20 0 29 0 0 0 1 0 1 0 0 0 2 0 0 11 0 0 0 0 0 1 0 0 0 0 2 0 0 0 0 0 0 0 0 0 0 0 0 0 2 0 0 8 0 0 1 0 10 0 0 0 0 0 0 0 0 0 0 0 0 0 0 0 21 0 10 12 10 10 0 10 11 44 9 7 0 22 22 40 17 31 0 0 0 0 0 0 0 0 0 0 0 0 0 0 0 38 0 0 0 0 0 0 0 7 0 0 0 0 0 0 0 0 0 0 0 0 0 11 0 1 0 0 0 0 0 0 0 0 0 0 0 0 0 0 0 35 0 2 1 77 17 3 1 0 0 0 0 0 0 0 0 0 0 0 0 0 0 0 0 0 0 0 1 0 0 0 0 2 0 0 0 
 2 2 2 4 79 2 2 1 1 1 80 1 2 1 2 2 2 2 5 1 495 0 270 372 264 73 143 100 66 49 25 160 38 80 200 384 329 109 86 296 2 2 11 0 0 0 0 0 0 0 2 210 0 2 206 0 160 0 3 0 0 3 0 0 0 0 0 0 0 3 0 0 0 0 5 0 0 0 0 0 0 0 0 0 0 0 0 0 0 0 0 0 0 0 0 0 0 0 0 0 17 0 1 11 30 0 20 6 32 1 19 0 0 10 22 0 19 23 0 1 0 0 49 25 0 0 8 0 0 0 0 0 10 0 0 0 0 0 21 0 1 0 0 0 0 0 0 0 0 0 0 0 0 1 0 0 2 0 0 0 0 0 26 0 0 3 0 0 0 0 0 0 0 0 0 0 0 0 0 0 10 1 44 40 73 0 0 0 9 14 20 24 0 0 4 47 0 39 15 0 0 0 1 0 0 0 0 0 0 0 0 0 9 0 9 0 0 0 5 0 0 0 0 0 0 0 0 0 0 0 0 0 1 0 0 0 0 0 9 0 0 0 14 0 0 0 0 0 77 2 0 0 0 0 6 0 0 0 0 0 2 0 0 0 0 0 0 0 0 0 0 0 0 0 0 0 0 0 0 0 0 0 0 0 0 0 10 0 0 0 
 4 3 80 5 38 2 4 2 5 2 4 2 2 2 2 2 2 2 2 2 273 270 0 107 53 344 202 371 304 57 47 237 127 297 322 220 51 144 614 133 7 2 2 0 0 0 206 0 0 0 2 22 0 0 0 0 0 0 2 0 0 1 0 0 0 0 0 0 0 3 0 0 3 0 3 0 0 0 0 20 0 0 0 0 0 11 0 0 0 0 0 0 0 12 0 2 0 0 0 0 14 1 27 14 12 0 54 1 38 10 0 13 30 39 0 0 17 26 0 37 0 0 0 1 0 0 1 4 0 1 0 0 0 0 0 0 0 0 0 0 0 0 0 3 1 0 0 0 0 0 0 0 0 0 2 0 0 0 0 0 0 5 0 0 0 17 0 6 0 0 0 0 1 1 0 0 0 0 0 19 1 28 1 13 12 0 10 14 20 30 19 0 2 21 24 41 24 40 36 10 0 0 0 2 0 1 0 0 0 0 0 0 0 0 0 0 0 0 1 0 0 0 1 0 0 0 0 0 0 0 0 0 0 0 0 0 0 0 17 0 0 0 0 0 0 0 0 0 0 0 0 0 0 0 12 2 3 76 0 0 21 0 0 0 0 0 0 0 0 0 0 0 0 0 0 0 0 0 0 0 0 0 0 0 1 0 11 0 0 0 
 1 0 0 1 1 210 0 0 0 0 0 0 0 1 1 0 0 0 0 0 52 372 107 0 248 163 98 93 168 155 62 68 56 140 138 165 151 108 69 287 2 2 2 0 0 0 0 0 0 0 1 2 67 62 0 0 0 0 31 61 0 2 0 3 3 0 0 0 0 3 0 0 0 0 0 0 0 0 0 0 0 0 0 0 0 0 0 0 0 0 0 0 0 0 0 0 0 0 0 0 8 4 4 43 0 18 0 22 13 73 25 41 0 31 25 28 11 0 0 10 0 0 0 0 0 0 7 0 0 0 2 0 7 12 23 0 14 0 5 2 0 4 0 0 8 5 0 0 0 0 6 2 0 16 0 0 0 0 0 0 2 5 0 0 0 0 0 6 0 0 0 13 0 0 0 0 0 0 0 6 16 29 4 0 16 10 0 14 11 29 11 33 7 51 0 42 11 44 0 0 11 0 14 0 0 0 25 0 0 9 0 0 0 1 0 7 1 0 23 31 0 0 2 0 0 0 0 1 0 0 0 0 0 2 0 13 0 0 4 0 0 0 0 0 0 0 0 0 0 0 0 0 0 0 0 0 2 34 84 0 22 0 0 0 0 0 0 0 0 0 0 0 0 0 0 0 0 0 0 13 0 16 0 0 0 0 0 0 0 0 
 0 0 0 0 2 0 0 0 1 0 2 0 0 3 0 0 0 1 0 0 268 264 53 248 0 211 39 51 149 135 144 72 47 81 149 355 360 51 31 33 66 1 4 0 0 0 87 27 22 64 2 2 31 68 61 0 0 0 84 62 0 1 0 0 6 0 0 0 54 28 0 0 0 0 0 0 0 0 0 0 0 0 0 0 0 0 0 0 0 0 0 0 0 0 0 12 0 0 0 0 0 17 19 17 19 12 0 1 0 1 13 18 0 29 0 12 29 18 2 0 1 15 0 7 0 0 14 0 16 23 1 0 10 26 12 12 18 11 10 9 0 0 2 0 0 0 0 0 0 0 0 0 0 0 0 0 0 0 0 0 0 0 0 0 0 0 0 0 0 0 0 0 0 0 0 0 1 3 0 0 0 18 50 19 22 0 8 0 6 13 8 2 0 0 0 23 0 14 0 10 28 0 12 0 0 0 0 8 0 0 2 0 9 8 10 18 1 0 38 27 0 0 0 0 0 0 0 0 0 2 1 0 0 0 0 0 0 0 0 0 0 0 19 0 0 0 0 0 0 0 0 1 0 0 10 3 2 164 2 2 4 4 0 0 0 0 1 0 0 0 0 0 0 0 0 0 0 0 0 0 0 4 0 0 0 0 0 8 0 0 
 3 3 3 3 5 3 4 3 7 3 3 5 3 3 4 3 3 5 3 3 50 73 344 163 211 0 44 131 251 124 79 139 10 51 108 82 52 68 57 29 125 1 2 0 6 15 29 62 124 0 1 2 125 62 133 0 0 0 172 124 2 0 0 0 0 2 0 0 0 3 3 0 0 0 0 0 0 1 0 0 0 0 0 0 0 0 0 0 0 0 0 0 0 0 0 0 0 0 0 0 0 0 0 1 0 1 0 0 0 19 0 3 0 0 0 0 0 0 1 0 13 9 0 10 0 0 3 27 0 27 12 1 1 59 28 22 29 10 0 74 0 5 2 0 5 7 0 0 0 0 6 0 0 8 0 0 0 13 0 3 0 0 0 0 0 0 0 0 0 0 0 0 0 0 0 0 2 0 0 0 0 0 0 0 0 56 0 0 0 0 0 0 0 0 0 0 2 0 0 0 11 56 40 0 16 0 19 17 21 35 15 0 26 47 33 18 20 0 0 57 0 0 0 0 0 0 1 0 0 0 2 0 0 0 0 0 0 1 0 0 0 0 0 0 0 0 0 0 0 0 0 0 0 0 13 0 0 1 0 0 0 0 0 0 0 0 0 0 0 0 0 14 0 0 0 0 0 0 0 0 0 0 0 0 0 0 0 12 0 0 
 0 0 36 3 1 0 1 0 74 74 0 1 73 1 0 1 0 7 1 0 316 143 202 98 39 44 0 156 56 117 43 36 208 396 125 190 103 55 121 124 2 2 4 0 6 0 1 0 0 0 2 63 1 1 2 0 0 0 5 3 0 1 0 3 0 0 0 3 0 51 0 0 2 48 0 0 0 0 4 0 0 0 0 0 5 7 0 0 19 0 0 0 0 0 0 1 0 0 0 0 1 8 27 9 14 7 53 0 9 4 0 12 33 29 0 14 10 20 14 19 0 0 0 0 0 20 4 0 0 0 0 0 0 0 0 0 0 0 0 0 0 0 0 4 0 0 0 0 0 0 0 0 0 0 0 0 2 0 0 0 0 0 0 1 9 9 0 0 2 0 7 0 0 0 0 5 0 0 0 0 2 21 1 13 12 0 10 0 0 18 0 0 9 13 31 0 42 0 48 49 0 0 0 0 0 0 0 0 0 0 0 0 0 0 1 0 0 0 2 0 0 0 0 0 0 0 0 0 0 0 0 0 1 0 0 0 0 0 12 0 0 0 0 0 0 1 0 0 0 35 0 0 0 16 4 0 0 77 0 2 0 0 0 0 0 0 0 0 0 0 0 0 0 0 0 0 3 0 0 0 0 0 0 0 0 0 14 0 0 0 
 0 0 0 3 0 0 0 0 209 0 0 2 0 0 0 0 2 0 0 0 339 100 371 93 51 131 156 0 447 143 41 40 154 71 159 216 43 24 204 50 8 2 2 0 0 0 0 0 0 0 2 61 0 0 0 0 0 0 2 0 0 2 0 0 0 0 0 0 0 3 0 0 0 0 0 0 0 0 0 0 0 0 0 0 0 0 0 0 0 0 0 0 0 0 0 0 0 0 0 0 9 48 21 19 0 0 9 27 12 22 50 14 0 45 21 21 39 31 0 0 0 0 0 0 0 0 1 0 0 0 0 0 0 0 0 0 0 0 0 0 0 0 0 0 0 0 0 0 0 0 0 0 0 0 0 0 0 0 0 0 11 0 0 0 0 0 0 1 0 0 0 0 0 0 0 0 0 0 0 3 1 29 34 1 42 11 0 35 2 0 32 16 22 26 0 24 25 1 0 34 0 0 0 0 0 0 18 0 0 0 0 0 9 1 8 1 0 0 0 0 0 0 0 19 0 0 0 0 0 0 0 0 0 0 0 0 0 0 9 7 0 0 0 0 0 0 0 0 0 0 0 0 0 0 13 0 0 76 1 0 5 0 0 0 0 0 0 0 0 0 0 0 0 0 0 0 0 0 0 11 0 0 0 0 0 0 10 0 0 0 
 6 3 6 7 5 5 5 4 5 4 34 5 5 5 5 7 5 5 122 3 88 66 304 168 149 251 56 447 0 330 110 108 71 81 106 459 300 276 80 54 25 1 2 3 0 8 0 0 3 6 3 1 2 1 0 0 3 4 5 9 2 2 0 5 7 0 5 0 0 3 4 0 8 0 6 0 0 0 2 0 0 0 0 0 0 0 0 0 0 0 0 0 0 0 0 0 0 0 0 0 0 0 0 14 26 6 0 19 0 12 40 10 0 19 2 10 15 1 0 1 0 15 0 0 0 0 0 0 0 0 8 0 0 0 0 0 0 0 23 1 0 0 0 0 0 0 0 0 0 0 0 0 0 0 0 0 0 0 0 0 0 0 11 0 0 0 2 0 0 0 1 0 0 0 0 0 0 0 0 0 0 0 1 0 0 2 0 11 11 0 51 18 0 0 0 0 29 1 1 1 14 0 0 0 0 0 9 31 28 0 0 2 16 29 0 35 0 0 0 0 0 0 0 0 0 1 0 0 0 0 0 0 0 0 0 0 0 0 0 0 0 0 0 0 0 0 1 0 0 0 0 0 0 0 5 0 0 0 1 1 3 0 2 0 0 0 16 0 0 0 0 0 0 0 0 0 0 0 0 1 0 0 0 0 0 0 0 0 0 0 
 0 2 0 0 0 0 0 0 0 0 19 2 0 0 0 0 0 3 0 0 422 49 57 155 135 124 117 143 330 0 188 109 33 158 93 97 258 72 119 278 3 2 2 0 0 0 1 0 0 0 2 21 101 29 0 0 0 0 65 19 0 1 0 46 8 0 0 0 0 3 0 0 7 0 0 0 0 0 0 0 0 0 0 0 0 0 1 0 0 0 0 0 0 0 0 0 0 0 0 0 0 0 0 12 29 16 6 1 0 46 1 8 0 28 1 0 1 9 0 10 4 13 0 1 0 0 15 0 0 0 39 0 9 14 12 0 35 0 31 0 0 0 0 0 6 7 0 0 0 0 6 0 0 2 0 0 0 0 0 0 0 0 14 0 0 1 0 0 0 0 0 0 0 0 0 0 0 0 0 0 0 6 21 2 1 10 0 0 85 0 20 17 10 0 0 1 40 0 10 0 12 0 5 0 0 0 19 0 0 0 0 0 32 44 0 44 0 0 18 18 0 0 0 0 0 12 0 0 10 0 15 0 0 0 0 0 0 0 0 0 0 0 0 0 0 0 0 0 0 0 0 0 0 2 28 0 0 2 0 3 1 0 0 0 0 0 20 0 0 0 0 0 0 0 0 0 0 0 0 18 0 0 0 0 0 9 0 0 0 0 
 0 0 0 0 0 0 0 0 0 0 0 5 0 0 0 0 0 0 0 0 31 25 47 62 144 79 43 41 110 188 0 198 249 309 69 80 163 162 30 63 2 2 2 0 0 0 66 0 18 0 1 1 67 127 0 0 2 2 94 124 0 5 2 0 0 0 0 0 0 3 0 0 0 2 0 0 0 0 0 0 0 0 0 0 0 0 0 0 0 0 0 0 0 0 0 0 0 0 0 0 9 0 7 20 43 0 0 0 13 13 0 22 0 13 0 0 1 2 0 10 3 48 0 0 11 0 0 2 1 0 0 0 0 8 19 0 16 1 1 1 0 23 0 0 8 9 0 0 0 0 38 0 0 3 0 0 0 0 0 16 0 5 0 0 0 0 0 6 0 0 0 0 0 0 0 0 0 0 0 7 7 10 30 4 19 26 0 14 13 15 8 9 10 40 0 19 16 37 0 0 28 1 12 0 0 0 0 8 7 8 0 0 56 16 14 8 1 0 23 24 0 0 0 0 0 0 0 0 0 0 0 0 0 62 0 0 0 0 0 0 0 0 0 0 0 0 0 0 0 0 0 0 0 0 3 0 0 84 76 0 21 0 0 0 0 0 13 0 0 0 0 0 0 0 0 0 0 0 0 0 0 18 0 0 0 10 0 0 0 0 
 3 4 3 3 5 4 3 3 6 3 5 3 3 3 4 3 3 4 3 3 346 160 237 68 72 139 36 40 108 109 198 0 20 243 295 123 382 404 248 15 2 2 2 0 8 0 0 0 0 0 2 3 62 0 0 0 3 0 2 65 0 1 0 0 0 2 0 0 0 3 0 0 0 0 0 0 0 0 0 0 0 0 0 0 2 0 0 0 0 0 0 0 0 0 0 0 0 0 0 0 0 0 0 29 42 31 0 10 0 30 14 11 0 0 0 0 0 44 0 0 17 30 0 16 0 0 16 11 9 0 0 1 26 0 21 0 0 0 9 7 0 0 0 0 0 0 1 9 0 0 2 0 0 0 0 0 0 0 0 0 4 0 0 0 0 0 0 0 0 0 0 0 0 0 0 0 0 0 0 0 0 0 42 18 15 31 0 0 21 0 26 32 0 0 0 10 10 3 0 0 3 9 0 0 0 0 11 40 39 0 1 0 65 30 24 1 3 0 19 0 1 0 0 0 0 0 1 0 0 0 0 0 0 12 0 0 1 0 0 0 0 0 0 0 0 0 0 0 0 0 0 0 0 0 12 2 1 2 3 2 2 1 0 0 0 0 14 0 0 0 0 0 0 0 0 0 0 0 0 0 0 0 0 0 0 0 0 1 0 0 
 0 0 149 107 77 40 0 0 93 0 82 93 0 0 0 37 0 2 1 2 64 38 127 56 47 10 208 154 71 33 249 20 0 49 108 31 29 94 170 206 2 4 3 0 1 0 0 0 0 1 1 0 0 0 0 0 1 2 1 0 0 0 0 15 0 0 0 0 0 3 0 0 0 0 0 0 0 0 0 0 0 0 0 0 68 20 0 0 0 0 0 0 2 0 2 4 12 0 0 0 0 33 43 0 17 0 0 29 19 0 15 13 55 10 35 9 10 2 15 0 0 0 0 0 0 19 12 2 0 0 0 0 0 0 0 2 0 0 0 0 0 0 0 2 0 0 0 0 0 0 0 0 0 0 0 0 0 0 0 0 0 0 0 4 0 15 0 0 0 0 12 1 0 0 0 0 0 0 3 0 11 15 21 10 3 0 0 35 19 21 0 0 20 28 24 0 13 9 12 13 0 0 0 0 0 0 0 0 0 0 0 0 0 0 0 0 0 0 0 0 0 1 0 2 0 0 0 0 0 0 0 0 0 0 0 0 0 0 0 2 0 0 0 0 0 0 0 0 75 115 0 0 0 0 10 0 0 2 0 0 0 3 0 44 0 0 0 0 0 0 0 0 0 0 0 0 10 0 0 0 0 1 0 0 0 0 0 0 0 0 
 0 0 0 3 0 1 0 0 1 0 1 1 0 3 0 1 1 3 0 0 191 80 297 140 81 51 396 71 81 158 309 243 49 0 144 345 274 51 266 157 2 2 2 0 0 0 0 0 0 0 2 63 0 0 0 0 0 0 2 0 0 2 0 0 0 1 0 0 0 3 0 0 4 0 20 0 0 0 2 5 0 2 0 0 0 54 0 0 9 0 15 11 0 0 0 1 0 0 0 0 9 34 0 21 0 0 16 2 19 10 0 0 0 0 5 17 14 14 0 41 0 0 0 16 0 9 0 0 0 0 0 0 0 0 0 0 0 0 0 0 0 0 0 0 0 0 0 0 0 0 0 0 0 0 4 1 0 3 0 4 0 10 0 0 15 29 0 27 0 0 1 0 0 0 0 0 0 0 0 4 25 8 33 13 17 0 0 12 0 5 0 0 28 1 14 0 18 32 26 30 0 0 0 8 0 1 0 0 0 0 0 0 0 0 0 0 0 0 0 0 0 0 0 0 0 0 0 0 0 0 0 0 0 0 0 0 0 0 10 0 0 0 0 0 0 0 0 0 0 0 0 0 0 0 8 0 1 0 0 0 25 11 0 0 0 0 0 0 0 0 0 0 0 0 0 7 0 0 0 0 0 7 0 0 0 0 11 0 0 0 
 1 0 1 79 94 2 2 1 1 1 77 4 2 1 2 1 1 3 1 1 241 200 322 138 149 108 125 159 106 93 69 295 108 144 0 445 79 131 56 97 6 4 2 0 0 0 0 0 0 0 1 0 0 1 0 0 6 0 4 0 0 3 0 0 0 0 0 0 0 3 0 0 62 3 5 0 0 0 0 4 0 0 0 0 6 26 0 0 21 0 0 0 0 0 0 8 0 0 0 0 11 19 5 10 0 12 20 10 25 23 28 0 0 13 13 39 32 17 0 2 0 0 0 7 0 0 0 0 0 0 0 0 13 0 0 0 0 0 0 0 0 0 0 16 0 0 3 0 0 0 0 0 0 0 0 0 0 0 0 0 5 0 0 7 11 14 0 0 1 0 0 3 0 0 0 0 0 0 0 0 46 20 10 15 3 2 0 1 0 9 17 11 0 12 12 6 9 8 8 19 0 0 0 0 0 0 0 0 0 0 0 0 2 0 0 0 0 0 0 0 0 9 0 0 0 0 0 2 0 0 0 0 0 0 0 13 0 0 2 0 0 0 0 0 0 0 0 0 74 0 0 0 0 0 16 2 2 5 2 0 5 0 0 0 0 0 0 0 0 0 0 0 0 0 0 0 0 0 0 0 0 0 0 0 0 0 0 0 0 0 
 0 0 0 0 0 0 0 78 0 208 0 3 202 0 0 0 1 2 0 0 163 384 220 165 355 82 190 216 459 97 80 123 31 345 445 0 111 458 62 263 11 3 5 0 0 0 7 20 0 0 0 1 0 2 1 2 0 0 4 0 3 1 2 0 51 0 0 0 0 3 0 0 0 0 1 0 0 0 2 0 0 0 0 0 0 12 0 0 0 0 0 0 0 0 0 0 0 0 0 0 0 11 15 19 1 1 6 16 26 9 42 0 0 20 10 59 48 9 0 13 0 0 0 17 0 0 0 0 0 0 0 0 10 0 0 0 0 0 10 0 0 0 0 2 0 0 0 0 0 0 0 0 10 0 0 0 0 0 0 0 0 25 0 0 0 11 0 0 0 0 0 0 0 0 0 0 0 0 0 0 4 24 7 51 11 0 0 28 11 18 11 33 4 1 11 0 0 3 25 8 0 0 0 0 0 0 43 0 0 0 0 0 0 1 0 0 0 0 1 0 0 0 0 0 0 0 0 0 0 0 0 0 0 0 0 0 0 0 18 0 0 0 0 0 0 0 0 0 0 0 0 0 0 0 8 0 1 53 0 2 13 0 0 0 0 0 0 0 0 0 0 0 0 0 0 0 0 0 0 13 0 0 0 0 0 0 11 0 0 0 
 0 21 0 0 6 0 1 0 3 0 34 0 1 0 0 0 0 0 0 0 104 329 51 151 360 52 103 43 300 258 163 382 29 274 79 111 0 296 26 257 2 3 4 0 0 0 0 0 0 0 1 2 62 62 0 0 0 0 3 78 0 2 0 0 9 1 0 0 0 3 0 0 0 0 0 0 0 0 0 0 0 0 0 0 0 7 1 0 2 0 1 0 0 0 0 0 0 1 0 0 0 18 17 21 6 16 3 0 0 21 8 24 11 0 0 21 9 1 0 4 0 0 0 0 0 0 48 0 12 0 0 0 16 2 2 0 10 0 14 0 0 0 0 0 3 0 0 0 0 0 0 0 0 0 0 0 0 6 0 0 0 0 8 0 0 2 0 0 0 0 0 0 0 0 0 1 0 0 0 0 0 3 49 0 14 10 4 0 24 22 14 26 0 10 12 0 47 0 4 0 30 11 0 0 0 0 8 0 6 13 0 0 49 0 1 12 0 0 6 44 0 0 0 0 0 0 0 0 0 0 0 0 0 0 1 2 0 0 0 0 0 0 0 0 0 0 0 0 0 0 0 0 0 0 23 1 2 1 46 1 1 0 0 0 0 0 19 0 0 0 0 0 0 0 0 0 0 0 0 1 0 2 0 0 0 0 0 0 0 0 
 0 2 2 0 0 0 0 0 1 0 4 0 1 0 0 0 0 4 0 0 557 109 144 108 51 68 55 24 276 72 162 404 94 51 131 458 296 0 43 310 12 3 12 0 0 3 272 0 0 0 2 41 2 65 0 0 2 0 7 65 0 1 0 62 4 0 0 5 0 3 2 0 8 0 0 0 0 0 0 0 0 0 0 0 0 14 1 0 0 0 0 0 0 0 0 0 0 0 0 0 0 9 7 14 39 0 0 5 38 0 21 25 1 10 14 0 1 2 0 1 0 16 0 0 0 0 0 13 0 0 0 0 19 0 0 0 0 0 23 0 0 0 0 9 0 0 0 0 0 0 0 0 0 0 0 0 0 0 0 1 0 5 0 0 0 0 0 6 0 0 0 0 0 0 0 0 0 0 0 9 10 21 19 36 7 20 0 41 26 18 9 8 10 0 0 0 0 22 1 7 32 0 0 0 0 0 0 8 9 0 2 0 26 10 20 0 1 0 13 0 0 0 0 1 0 0 0 0 0 0 0 0 0 0 0 0 0 0 0 0 0 0 0 0 0 0 0 0 0 0 0 0 0 0 10 0 0 148 0 4 24 0 12 0 0 0 15 0 0 0 0 0 0 0 0 0 0 0 0 0 0 0 0 0 0 9 0 0 0 0 
 0 0 2 76 96 74 0 0 2 0 75 39 0 0 0 1 1 36 0 0 145 86 614 69 31 57 121 204 80 119 30 248 170 266 56 62 26 43 0 168 6 7 2 0 0 0 4 1 0 0 1 33 0 11 2 0 4 0 8 1 6 3 0 0 4 0 0 0 0 8 7 0 0 2 5 5 4 0 4 0 0 0 0 6 14 0 0 0 0 0 21 10 0 0 0 19 0 0 0 0 58 0 17 0 0 0 10 11 12 7 0 0 13 21 26 31 11 12 14 16 0 0 0 0 0 18 0 19 0 0 0 0 0 0 0 0 0 0 0 0 0 0 0 0 0 0 0 0 0 0 0 0 0 0 5 1 0 0 0 5 0 0 0 1 13 26 0 0 0 0 15 15 0 0 0 1 0 13 0 0 44 10 19 12 0 0 9 10 27 0 11 0 11 0 10 22 8 19 27 89 0 0 0 0 0 0 0 0 0 0 0 0 0 0 0 0 0 0 0 0 0 0 0 0 0 0 0 0 0 0 0 0 0 0 0 0 0 0 0 0 0 0 0 0 0 0 0 2 79 81 0 0 0 0 8 2 1 0 0 0 0 0 0 0 0 0 0 0 0 0 0 0 0 0 0 5 0 0 0 0 0 0 0 0 0 0 0 0 0 0 
 0 0 35 117 155 1 0 0 35 2 1 75 0 0 0 31 1 83 0 1 413 296 133 287 33 29 124 50 54 278 63 15 206 157 97 263 257 310 168 0 2 2 2 0 0 62 0 0 0 6 2 0 0 0 0 2 0 4 3 4 2 2 0 6 0 0 4 0 0 2 0 0 0 0 7 0 0 0 2 0 2 0 0 32 34 32 0 0 1 18 0 24 0 0 1 50 0 0 0 0 55 27 19 1 14 0 20 0 33 0 0 0 52 30 13 4 0 0 33 32 0 0 0 0 0 0 0 2 2 0 0 0 0 0 0 2 0 0 0 0 2 0 0 0 0 0 0 0 0 0 0 0 0 0 0 11 0 3 0 0 0 6 18 12 18 14 0 6 0 0 10 12 0 2 0 51 0 19 0 6 17 53 0 0 0 0 38 14 0 47 0 0 23 66 47 38 0 40 21 21 0 0 0 0 0 0 0 0 0 0 0 0 0 0 0 0 0 13 0 0 0 1 0 0 0 0 0 0 0 0 0 0 0 0 0 0 0 0 0 0 0 0 0 0 0 0 0 0 0 23 0 0 0 0 12 0 0 1 0 3 22 14 0 0 0 0 0 0 0 0 0 0 0 0 0 10 0 0 0 0 0 7 0 0 0 0 0 0 0 0 
 0 0 0 0 0 0 0 0 2 0 3 0 3 0 0 0 0 2 0 0 6 2 7 2 66 125 2 8 25 3 2 2 2 2 6 11 2 12 6 2 0 347 153 106 162 41 153 224 57 180 31 107 135 186 141 94 40 144 162 108 0 0 0 2 0 1 0 2 0 0 0 0 0 0 0 0 2 0 0 204 0 0 0 0 0 0 0 0 0 0 0 0 0 0 0 0 0 0 0 0 0 0 0 9 0 0 4 12 0 0 6 1 0 4 7 0 0 9 0 0 4 29 41 10 0 15 10 2 22 28 11 8 59 18 17 14 27 11 2 12 5 0 0 0 0 0 0 4 3 0 0 0 0 0 0 0 0 0 0 0 0 0 1 0 0 0 0 0 0 0 0 0 0 0 0 0 0 3 0 0 0 5 0 0 0 0 0 4 8 0 4 0 0 0 0 0 1 0 3 0 3 7 14 13 0 0 2 6 0 1 27 0 0 6 1 19 29 19 0 22 0 0 0 0 0 0 28 0 0 0 0 0 0 13 0 0 0 0 0 0 0 0 10 0 0 0 0 0 0 0 0 12 0 2 0 0 0 0 2 3 22 0 2 0 0 2 0 0 0 0 0 0 0 0 0 0 0 0 0 0 0 0 0 0 6 0 0 5 2 0 
 5 2 6 4 3 3 5 7 6 7 4 3 4 5 5 3 4 3 5 6 4 2 2 2 1 1 2 2 1 2 2 2 4 2 4 3 3 3 7 2 347 0 126 399 125 26 91 162 69 158 104 245 106 139 73 98 119 55 73 51 0 0 0 0 0 0 0 0 0 205 0 0 0 0 0 0 3 0 56 0 0 0 0 0 0 0 0 0 0 0 0 0 0 0 0 0 0 0 1 25 0 0 0 0 0 0 0 0 0 0 0 0 0 0 0 0 0 0 0 0 0 0 0 0 0 29 0 0 20 0 49 36 0 0 6 0 33 1 0 0 0 0 0 0 0 0 0 0 0 11 0 1 0 10 0 0 0 0 0 0 8 0 0 0 0 0 7 0 0 0 0 0 0 0 0 0 0 0 6 0 0 0 0 22 0 0 0 0 0 0 0 0 0 0 0 0 0 0 0 0 0 0 44 3 0 0 0 0 10 7 0 0 0 0 0 20 10 8 0 0 0 0 0 0 6 0 49 0 0 0 0 0 0 10 0 0 0 0 0 0 0 0 12 0 0 0 2 0 0 0 0 10 0 2 0 0 0 2 3 0 0 0 2 0 2 1 1 0 2 0 0 0 0 0 0 0 0 0 0 0 0 0 0 0 12 0 0 0 2 1 
 3 3 3 3 3 3 3 3 3 3 5 3 3 3 3 3 3 3 3 3 2 11 2 2 4 2 4 2 2 2 2 2 3 2 2 5 4 12 2 2 153 126 0 320 78 38 282 184 157 327 267 66 107 63 53 175 119 198 52 33 0 10 0 0 0 0 0 28 0 0 0 0 0 0 0 0 5 0 0 0 0 0 0 0 0 0 0 0 0 0 0 0 0 0 0 0 0 0 0 0 0 0 0 0 8 0 0 5 6 0 3 0 0 0 0 0 17 0 0 0 0 2 36 5 6 19 0 0 26 7 0 1 7 0 2 17 0 14 17 0 0 0 0 0 0 0 0 0 5 0 0 0 0 9 0 0 0 0 0 0 0 0 0 0 0 0 0 0 0 0 0 0 0 0 0 0 0 0 0 0 7 0 0 24 0 0 0 0 0 6 0 0 0 0 0 0 0 4 0 0 0 52 0 7 28 0 0 0 28 0 31 0 0 0 0 0 0 6 4 0 22 0 4 0 0 0 13 0 0 0 0 0 31 11 17 0 0 0 0 0 0 0 18 0 0 0 0 0 0 0 0 1 0 0 0 0 0 0 1 1 0 0 1 65 37 2 0 1 0 0 0 0 0 0 0 0 0 0 0 0 0 2 0 0 19 34 0 0 0 0 
 4 3 3 5 3 3 3 3 5 6 3 3 3 3 3 3 3 3 3 3 0 0 0 0 0 0 0 0 3 0 0 0 0 0 0 0 0 0 0 0 106 399 320 0 227 44 145 74 80 465 151 146 119 78 339 126 40 251 87 156 7 0 2 7 0 0 0 2 0 7 6 0 0 3 0 0 11 4 54 50 0 0 0 0 0 0 0 0 0 0 0 0 0 0 0 0 0 0 0 0 0 0 0 0 0 0 0 0 0 0 0 0 0 0 0 0 0 0 0 0 8 0 7 0 11 17 0 21 25 0 11 54 0 0 12 0 0 26 0 0 0 0 0 10 0 0 0 0 8 0 0 12 0 29 0 11 0 0 0 0 0 0 0 0 16 23 0 0 0 0 0 0 0 0 0 0 0 5 0 0 0 0 0 0 0 0 0 0 0 0 0 0 0 0 0 0 0 0 0 0 0 0 39 20 9 55 0 15 13 18 0 0 0 0 37 24 34 25 0 0 34 0 1 0 0 0 21 0 0 2 0 0 1 18 0 0 7 12 0 11 0 0 0 0 0 0 0 0 0 0 0 4 11 0 0 0 0 0 0 11 0 0 6 0 4 0 6 0 1 0 0 0 0 0 0 0 0 0 0 0 0 0 0 0 6 15 0 0 0 1 
 1 0 0 0 0 0 0 0 2 0 0 7 0 0 0 0 0 3 2 0 0 0 0 0 0 6 6 0 0 0 0 8 1 0 0 0 0 0 0 0 162 125 78 227 0 173 296 157 141 164 171 467 190 134 79 139 46 49 58 122 0 0 0 0 0 6 2 0 0 0 0 0 0 0 0 0 3 0 13 55 0 0 0 0 0 0 0 0 0 0 0 0 0 0 0 0 0 0 0 0 0 0 0 0 0 2 21 0 0 0 0 0 0 0 0 0 0 10 0 0 10 5 12 0 9 39 1 4 64 0 31 5 0 0 6 0 20 0 0 7 8 0 0 0 0 0 24 24 17 0 6 0 15 6 0 0 0 0 36 1 0 0 0 6 0 0 3 0 0 0 0 0 0 0 0 0 0 0 0 0 0 0 0 0 1 8 0 0 0 0 0 4 0 0 0 2 0 0 0 0 1 16 40 6 13 9 6 10 30 10 24 14 8 0 0 17 11 17 0 1 24 0 21 0 0 0 32 45 0 0 0 0 0 20 0 0 0 0 6 8 0 0 9 0 0 0 0 0 0 0 0 2 0 0 0 0 0 0 1 2 0 1 2 0 0 19 2 0 2 0 0 0 0 0 0 0 0 0 0 0 0 3 0 0 30 0 0 0 0 0 
 2 2 2 2 2 2 2 2 2 2 2 2 2 2 2 2 2 2 2 2 0 0 0 0 0 15 0 0 8 0 0 0 0 0 0 0 0 3 0 62 41 26 38 44 173 0 20 46 43 57 119 85 42 50 257 70 371 82 57 301 25 56 3 0 0 0 0 0 0 0 0 0 51 0 0 0 0 0 0 86 0 0 0 0 0 0 0 0 0 0 0 0 0 0 0 0 0 0 0 0 0 0 0 0 0 0 0 0 0 0 0 0 0 0 3 0 0 0 0 0 6 11 0 0 7 4 0 20 0 3 0 7 0 3 0 3 0 0 0 1 16 28 0 0 0 0 0 38 12 0 25 1 15 10 0 20 1 0 34 38 0 0 0 10 0 0 0 0 0 0 0 0 0 0 0 0 0 0 0 0 0 0 0 0 0 11 0 0 0 0 0 1 0 0 9 0 0 0 0 0 0 0 12 8 15 12 0 5 5 7 8 0 8 11 3 0 0 29 0 0 34 25 20 19 0 0 10 21 23 31 19 0 15 1 9 31 1 0 19 9 0 0 0 0 0 0 0 0 0 0 0 15 0 0 0 0 0 0 0 0 0 0 4 0 0 1 6 4 0 0 0 0 0 0 0 0 0 0 0 0 0 0 0 0 0 0 0 0 0 0 
 0 15 0 0 0 0 0 0 26 0 3 2 0 0 0 0 0 1 0 0 0 0 206 0 87 29 1 0 0 1 66 0 0 0 0 7 0 272 4 0 153 91 282 145 296 20 0 174 41 395 252 34 226 104 111 51 111 86 641 109 0 0 0 3 0 0 6 113 0 0 0 1 2 4 58 0 13 0 0 0 0 0 0 0 0 0 0 0 0 0 0 0 0 0 0 0 0 0 0 0 0 0 0 0 2 0 0 0 0 0 0 32 0 0 0 0 0 0 0 0 24 32 0 0 0 9 10 29 15 19 49 13 7 3 9 2 21 0 30 78 0 0 6 0 0 0 0 0 0 0 16 0 0 0 0 0 0 0 0 0 0 0 0 0 0 0 0 0 0 0 0 0 0 0 0 0 0 0 0 0 0 0 1 0 10 7 0 0 3 0 11 0 0 0 0 0 0 0 0 0 38 0 10 13 0 0 14 8 1 1 0 14 29 12 13 11 0 0 1 0 0 0 0 0 0 0 10 0 0 0 0 0 0 0 0 0 0 0 0 0 0 0 11 0 0 0 0 0 0 0 0 12 0 0 0 0 0 56 2 0 0 0 0 0 0 2 0 0 2 0 12 0 0 0 0 2 0 0 0 0 0 0 0 0 0 0 0 1 2 0 
 3 2 3 3 3 38 3 3 3 3 3 3 3 3 3 3 3 3 3 3 204 0 0 0 27 62 0 0 0 0 0 0 0 0 0 20 0 0 1 0 224 162 184 74 157 46 174 0 143 40 18 39 111 77 128 53 44 155 131 188 0 5 0 0 0 0 0 0 0 0 0 0 0 0 0 0 14 0 0 0 0 0 0 0 0 0 0 0 0 0 0 0 0 0 0 0 0 0 0 0 0 0 0 0 0 0 0 0 0 0 0 0 0 0 0 0 0 0 0 0 0 1 7 8 1 25 9 10 27 0 0 9 7 10 37 0 9 26 0 0 0 2 0 0 0 0 0 0 5 0 0 0 0 10 0 0 0 0 16 0 0 0 0 0 0 4 0 0 0 0 0 0 0 0 0 0 0 0 0 0 0 0 0 0 0 20 0 0 0 0 0 0 0 0 0 0 0 0 0 0 0 27 20 24 52 0 0 4 9 0 28 0 0 8 0 40 4 38 0 7 0 0 1 0 0 0 10 0 0 0 0 0 1 27 0 0 0 0 0 0 0 0 0 0 0 0 0 0 0 0 0 6 0 0 0 0 0 0 0 0 0 0 0 65 0 2 0 0 0 0 0 0 0 0 0 0 0 0 0 0 0 0 0 0 16 0 0 6 0 0 
 0 0 0 0 0 0 0 0 8 0 0 0 0 0 0 0 0 0 0 0 0 0 0 0 22 124 0 0 3 0 18 0 0 0 0 0 0 0 0 0 57 69 157 80 141 43 41 143 0 143 28 44 126 102 193 57 154 165 209 181 2 0 0 6 0 6 4 1 5 0 10 6 0 0 6 0 0 0 53 0 0 0 0 0 0 0 0 0 0 0 0 0 0 0 0 0 0 0 0 0 0 0 0 0 0 0 0 0 0 0 0 0 6 0 0 0 0 0 0 6 7 31 17 46 0 2 9 0 19 4 0 0 6 39 9 8 9 27 0 3 33 0 0 0 0 63 1 0 6 0 0 0 0 11 0 0 0 0 0 0 0 0 0 0 0 0 15 0 0 0 0 0 0 0 0 0 0 0 0 0 0 0 0 0 0 0 0 0 0 0 0 0 0 0 0 0 0 0 0 0 0 20 0 22 9 0 9 5 0 11 20 0 0 0 9 14 24 0 0 6 1 0 3 0 2 3 0 0 0 1 0 0 15 0 9 0 0 0 0 0 0 0 0 0 0 0 0 0 0 0 0 7 0 0 0 0 0 0 1 1 0 0 2 37 0 0 2 0 2 0 0 0 0 0 0 0 0 0 0 0 0 0 0 0 2 15 0 6 0 0 
 0 22 0 0 0 0 0 0 1 0 3 0 0 0 0 61 0 0 3 0 0 0 0 0 64 0 0 0 6 0 0 0 1 0 0 0 0 0 0 6 180 158 327 465 164 57 395 40 143 0 138 318 226 323 117 250 161 168 363 561 0 0 0 0 0 1 0 0 0 0 2 0 0 0 0 0 12 0 20 0 0 0 0 0 0 0 0 0 0 0 0 0 0 7 0 0 0 0 0 0 0 0 0 0 0 0 0 0 0 0 0 1 0 0 0 0 0 0 0 0 10 2 0 0 0 0 0 23 0 19 58 8 0 7 16 15 19 11 11 12 0 0 7 0 0 0 12 12 0 0 1 0 0 52 0 0 0 0 0 0 0 0 0 0 0 0 0 0 0 0 0 10 0 0 0 0 0 10 0 0 0 0 0 0 0 0 0 0 0 0 0 0 0 0 0 0 0 0 0 0 12 0 35 9 10 34 2 29 8 26 0 21 0 9 12 0 30 13 0 7 0 0 0 0 0 0 4 0 0 0 0 0 0 21 0 0 0 0 0 0 0 0 4 0 0 0 0 0 0 0 0 15 0 0 0 0 0 0 0 9 0 0 0 0 2 0 4 0 2 0 0 0 0 0 0 0 0 0 0 0 0 0 0 0 21 13 0 10 0 0 
 0 0 0 2 26 1 0 65 54 73 64 0 0 0 0 64 0 63 0 0 1 2 2 1 2 1 2 2 3 2 1 2 1 2 1 0 1 2 1 2 31 104 267 151 171 119 252 18 28 138 0 232 45 31 61 49 91 182 254 96 0 0 0 0 0 0 0 0 0 0 0 0 0 0 0 0 0 0 6 35 0 0 0 0 10 6 0 0 0 12 0 0 0 0 0 0 0 0 0 0 0 0 0 0 0 0 10 0 0 0 0 0 0 0 0 0 4 0 0 0 0 0 20 0 29 0 0 0 0 16 12 2 0 14 0 0 0 16 0 0 33 9 35 0 0 0 10 44 0 0 0 11 42 0 13 3 0 13 24 38 12 0 0 3 0 0 1 0 0 0 0 8 0 0 0 0 0 8 0 0 0 0 0 0 0 0 0 0 0 0 0 0 0 9 0 0 0 0 10 0 0 0 19 0 0 13 0 0 17 0 1 22 0 0 0 7 14 19 0 0 31 26 21 25 0 0 4 12 0 7 0 0 14 0 3 0 0 11 7 10 0 0 0 0 0 0 0 0 0 0 0 7 0 0 0 0 0 1 0 8 0 0 0 0 1 11 0 33 0 0 0 0 0 0 0 0 0 0 0 0 0 0 0 0 9 15 0 0 0 0 
 0 0 2 0 0 1 0 0 0 0 0 0 0 0 0 0 1 0 0 0 21 210 22 2 2 2 63 61 1 21 1 3 0 63 0 1 2 41 33 0 107 245 66 146 467 85 34 39 44 318 232 0 29 457 34 113 76 59 23 41 1 0 0 0 0 0 2 0 0 0 0 0 3 0 2 5 1 0 55 56 0 0 0 0 0 0 0 0 0 0 0 0 0 0 0 0 0 0 0 0 0 0 0 0 0 0 1 1 0 9 0 0 0 20 0 1 0 1 0 10 0 1 9 0 24 13 0 0 1 0 10 9 12 0 0 0 0 0 0 0 20 11 14 0 0 0 0 21 4 0 0 13 23 15 7 0 3 7 24 30 0 0 0 7 1 0 0 0 0 0 0 0 0 0 0 0 0 0 0 0 0 1 0 0 0 0 0 0 9 0 19 0 3 0 0 0 15 0 9 1 0 10 12 0 13 29 0 0 21 7 54 11 0 0 0 0 7 33 0 0 9 1 24 15 0 0 32 0 0 1 0 0 10 34 0 0 0 11 9 1 0 0 0 0 0 0 0 0 0 0 0 6 0 0 0 0 0 0 2 1 0 11 24 4 9 6 2 4 2 0 0 0 0 0 0 2 0 0 0 0 0 4 0 0 68 1 0 0 0 0 
 0 0 0 0 0 0 0 0 0 0 0 0 0 0 0 0 0 0 0 0 0 0 0 67 31 125 1 0 2 101 67 62 0 0 0 0 62 2 0 0 135 106 107 119 190 42 226 111 126 226 45 29 0 208 47 51 254 94 302 103 0 5 0 0 50 0 6 0 0 0 0 0 3 5 5 3 0 2 0 1 0 0 0 0 0 0 0 0 0 0 0 0 0 0 0 0 0 0 0 0 0 0 0 10 10 0 0 0 0 23 0 1 0 0 0 0 0 9 0 0 11 20 0 3 0 14 7 14 0 25 14 7 0 24 16 14 28 1 1 12 0 0 3 0 14 5 0 0 0 3 8 4 5 7 0 0 8 5 9 0 0 0 1 0 0 0 0 0 0 0 0 0 0 0 0 0 0 3 0 0 0 0 10 12 0 0 0 0 15 0 0 19 0 0 0 0 10 0 0 0 3 0 20 13 0 0 12 0 0 0 0 0 0 10 0 1 0 1 10 35 1 4 0 0 0 0 0 0 3 0 0 0 20 1 1 14 0 0 0 0 0 0 12 0 0 0 0 0 0 0 0 0 0 0 0 0 0 0 1 1 0 0 0 0 2 3 1 0 0 0 2 0 0 0 0 0 0 0 0 10 0 0 0 0 0 18 0 0 0 0 
 63 0 0 1 0 0 0 0 5 0 0 0 2 63 0 0 0 0 0 0 2 2 0 62 68 62 1 0 1 29 127 0 0 0 1 2 62 65 11 0 186 139 63 78 134 50 104 77 102 323 31 457 208 0 94 53 38 165 315 254 0 0 0 0 0 0 0 0 0 0 5 0 0 0 0 0 0 0 0 0 0 0 0 0 0 0 0 0 0 0 0 0 0 0 0 0 0 0 0 0 0 0 1 10 3 0 0 0 4 20 0 6 0 0 0 0 6 0 0 0 11 10 0 0 0 0 22 78 1 22 17 8 17 16 51 12 50 6 16 13 0 0 0 0 6 4 0 0 0 9 0 0 0 5 0 3 0 0 0 0 0 0 0 0 0 0 0 0 0 0 0 0 0 0 0 0 0 8 0 0 0 0 1 3 8 45 0 0 23 4 0 19 0 0 0 1 22 5 0 0 16 0 46 49 1 9 0 16 0 9 0 0 13 2 19 6 20 0 5 33 0 0 0 0 7 0 0 0 0 0 0 0 0 0 0 0 0 0 0 0 0 0 10 0 0 0 0 0 0 32 0 8 0 1 0 0 0 56 1 0 0 0 0 0 0 0 2 0 0 0 0 0 0 0 0 0 0 0 0 0 11 6 0 0 0 0 0 1 1 0 
 0 22 0 0 0 0 0 0 0 0 0 0 0 0 0 0 0 0 0 0 3 206 0 0 61 133 2 0 0 0 0 0 0 0 0 1 0 0 2 0 141 73 53 339 79 257 111 128 193 117 61 34 47 94 0 87 103 83 116 230 0 0 0 0 52 6 0 3 0 0 4 2 0 0 0 0 0 0 0 0 0 0 0 0 0 0 0 0 0 0 0 0 0 0 0 0 0 0 0 0 0 0 0 0 0 0 0 0 0 0 0 0 0 0 0 0 0 0 0 0 16 0 0 11 0 0 3 15 15 20 0 8 1 24 24 21 14 19 10 38 0 0 1 0 0 0 0 0 8 0 0 0 0 0 0 0 0 11 0 0 0 0 0 0 0 21 0 0 0 0 0 0 1 0 0 0 0 2 0 0 0 0 0 0 0 0 0 0 0 0 0 0 0 0 0 0 0 6 0 0 0 10 0 0 15 12 35 24 7 22 14 33 0 0 49 18 24 11 0 29 0 0 0 0 0 0 1 0 0 0 0 0 0 0 0 0 0 0 0 0 0 0 0 0 0 0 0 0 0 0 0 2 0 0 0 0 0 0 0 8 0 0 0 1 1 3 2 0 0 0 0 0 0 0 0 0 0 0 0 0 0 0 0 0 0 0 0 10 0 0 
 0 0 0 0 0 0 0 0 0 0 0 0 0 0 0 0 0 0 0 0 0 0 0 0 0 0 0 0 0 0 0 0 0 0 0 2 0 0 0 2 94 98 175 126 139 70 51 53 57 250 49 113 51 53 87 0 105 91 30 97 0 14 0 0 0 23 50 0 0 0 0 0 0 0 0 0 5 0 48 1 0 0 0 0 0 0 0 0 0 0 0 0 0 0 0 0 0 0 0 0 0 0 0 0 0 0 0 0 0 0 0 0 0 0 0 0 0 0 0 0 1 1 41 21 1 9 0 1 0 0 8 1 0 0 3 0 0 14 0 0 0 0 0 0 6 0 38 16 21 0 0 0 0 22 0 0 4 0 0 0 0 0 0 0 0 0 4 0 0 0 0 0 0 0 0 0 0 0 0 12 0 0 0 0 0 0 0 0 0 0 0 0 0 0 0 0 0 0 0 0 0 10 0 1 20 24 11 1 9 3 9 26 0 1 0 0 15 41 0 0 0 0 1 0 0 0 12 21 0 0 0 0 10 15 4 0 0 0 1 6 0 0 0 0 0 0 0 0 0 0 0 3 0 0 0 0 0 0 1 1 0 0 0 1 0 21 0 0 1 0 1 0 0 0 0 0 0 0 0 0 0 0 0 0 20 37 0 0 0 0 
 0 22 0 0 0 0 0 0 0 0 3 36 0 0 0 0 0 0 0 1 0 160 0 0 0 0 0 0 3 0 2 3 1 0 6 0 0 2 4 0 40 119 119 40 46 371 111 44 154 161 91 76 254 38 103 105 0 208 26 104 2 6 0 0 28 10 0 0 0 0 0 0 0 0 0 0 3 0 2 0 0 0 0 0 0 0 0 0 0 0 0 0 0 0 0 0 0 0 0 0 0 0 0 1 0 0 0 0 0 0 0 0 0 0 0 0 0 0 0 0 0 0 16 0 1 0 0 29 18 26 0 0 0 0 1 21 0 10 18 0 1 0 10 0 0 0 0 0 0 0 0 0 0 10 0 0 0 0 0 2 0 0 0 0 0 1 0 0 0 0 0 0 0 0 0 0 0 0 0 0 0 0 0 0 0 0 0 0 0 0 0 0 0 0 0 0 0 11 0 0 0 38 0 10 34 0 0 0 8 0 19 3 0 0 28 1 0 0 0 0 22 0 1 0 0 0 15 0 0 0 10 0 81 8 0 0 0 0 0 0 0 0 0 0 0 0 0 0 0 0 0 10 0 0 0 0 0 0 1 0 0 0 0 62 39 1 1 0 0 0 0 0 0 53 0 0 0 0 0 0 0 0 0 0 0 34 0 0 0 0 
 0 0 0 0 0 0 0 0 0 0 4 0 0 0 1 0 1 0 2 0 0 0 0 0 0 0 0 0 4 0 2 0 2 0 0 0 0 0 0 4 144 55 198 251 49 82 86 155 165 168 182 59 94 165 83 91 208 0 49 25 1 2 2 0 0 0 0 0 0 0 0 0 0 0 2 0 4 0 1 0 0 0 0 0 0 0 0 0 0 0 0 0 0 0 0 0 0 0 0 0 0 0 0 0 0 0 0 0 0 0 0 0 0 0 0 0 0 0 0 0 3 15 17 0 0 37 0 0 76 27 14 44 0 0 8 21 15 11 0 8 5 0 0 0 0 0 0 0 6 0 0 0 0 0 0 0 0 0 0 0 0 0 0 0 0 7 0 0 0 0 0 5 0 0 0 0 0 8 0 0 0 0 0 0 0 0 0 0 0 0 0 0 0 0 0 0 0 0 0 0 0 26 36 26 0 2 0 14 54 13 23 0 0 30 3 22 34 9 0 18 13 0 0 0 0 0 26 0 0 0 0 0 7 7 0 0 0 0 0 0 0 0 16 0 0 0 0 0 0 0 0 12 0 0 0 0 0 0 0 13 0 0 2 2 63 0 0 2 1 0 0 0 0 0 0 0 0 0 0 0 0 0 0 0 18 12 0 0 0 0 
 3 0 0 0 0 0 0 0 0 0 0 3 0 0 0 0 0 0 0 0 2 3 2 31 84 172 5 2 5 65 94 2 1 2 4 4 3 7 8 3 162 73 52 87 58 57 641 131 209 363 254 23 302 315 116 30 26 49 0 174 0 0 3 0 0 6 0 0 0 0 4 0 1 0 0 2 0 0 0 0 0 0 16 0 0 0 0 0 0 0 0 0 0 0 0 0 0 0 0 0 0 0 0 1 0 0 0 0 0 18 0 0 0 0 0 0 0 1 0 0 7 12 0 0 0 0 9 0 8 22 1 0 1 41 21 18 23 9 0 11 0 4 1 0 6 7 0 0 0 0 4 0 0 3 0 0 0 0 0 0 0 0 0 0 0 0 0 0 0 0 0 0 0 0 0 0 0 2 0 0 0 0 1 0 8 6 0 0 1 0 0 0 0 0 0 0 2 0 0 0 25 10 30 0 0 0 48 47 0 25 15 0 1 7 18 13 11 0 0 46 0 0 0 0 0 0 0 0 0 4 0 0 0 0 0 0 0 0 0 0 0 0 0 0 0 0 0 0 0 0 0 8 0 0 0 0 0 71 0 0 0 0 2 0 2 2 2 0 2 0 0 0 0 0 0 0 0 0 0 0 0 0 0 11 0 0 0 16 0 0 
 8 0 0 1 0 3 0 0 62 0 2 0 3 0 0 0 0 1 3 0 5 0 0 61 62 124 3 0 9 19 124 65 0 0 0 0 78 65 1 4 108 51 33 156 122 301 109 188 181 561 96 41 103 254 230 97 104 25 174 0 0 0 3 1 0 3 2 3 0 0 0 2 5 4 0 0 12 0 5 0 0 0 0 0 0 0 0 0 0 0 0 0 21 0 0 0 0 0 0 0 0 0 0 11 9 1 0 0 9 6 0 0 0 0 0 0 0 0 0 0 6 14 4 0 1 0 18 4 11 0 6 12 2 13 20 0 17 17 0 0 0 0 10 0 4 3 0 0 0 0 8 14 0 3 2 0 0 0 0 0 0 0 0 0 0 24 0 0 0 0 0 0 0 0 0 0 0 0 0 0 0 0 0 0 14 1 0 0 17 0 9 21 0 0 0 0 10 0 0 0 13 22 1 13 17 0 0 39 20 0 25 4 0 15 7 0 19 9 0 20 0 0 0 0 0 0 4 0 0 0 0 0 0 0 0 0 0 0 5 0 0 0 0 0 0 0 0 0 0 0 0 3 0 0 0 0 0 62 0 6 0 0 0 2 0 2 1 0 0 0 0 0 0 0 0 0 0 0 0 0 0 0 7 0 2 1 0 28 0 0 
 0 0 0 0 50 0 0 1 0 0 1 0 33 0 0 0 0 0 2 0 0 0 0 0 0 2 0 0 2 0 0 0 0 0 0 3 0 0 6 2 0 0 0 7 0 25 0 0 2 0 0 1 0 0 0 0 2 1 0 0 0 260 112 47 85 39 176 147 309 295 99 33 147 111 353 36 130 98 290 87 0 0 0 0 0 0 0 0 0 0 0 0 0 0 0 0 0 0 0 0 0 0 0 0 0 0 0 0 0 0 0 0 0 0 0 0 0 0 0 0 0 0 0 0 0 0 0 0 0 0 0 0 0 0 0 0 0 0 0 0 1 0 21 12 18 12 13 0 10 18 1 12 0 0 7 15 13 0 0 0 0 0 0 0 0 0 0 0 0 0 0 0 0 0 1 0 0 0 0 0 0 0 0 0 0 0 0 0 0 0 0 0 0 0 0 0 0 0 0 0 0 0 0 0 0 0 0 0 0 0 0 0 0 0 0 0 0 0 0 0 10 33 0 38 8 9 0 35 26 0 30 23 0 23 0 64 15 0 20 17 2 0 0 0 0 0 0 0 0 0 0 0 0 1 12 0 0 0 0 0 0 0 1 2 0 0 4 0 0 0 2 0 0 11 3 52 0 0 0 0 0 0 0 0 0 0 0 0 0 0 
