 0 165 51 176 179 37 110 222 362 207 39 120 162 46 456 121 33 174 271 251 0 85 2 4 0 0 0 1 0 0 0 78 3 0 0 0 0 3 3 0 0 3 0 0 3 0 0 0 0 0 0 0 62 3 0 0 3 0 0 0 0 0 2 0 0 2 0 0 0 0 0 1 2 0 0 0 0 0 2 0 15 18 19 2 6 0 0 33 20 33 21 20 25 2 20 0 18 20 20 22 0 1 0 0 0 0 0 0 0 0 0 0 0 0 4 0 0 0 0 0 0 0 0 0 0 0 0 0 0 0 0 0 0 0 0 0 0 0 0 0 0 0 0 0 0 0 0 0 0 0 0 0 0 0 1 0 0 0 0 0 42 13 13 0 14 0 15 0 41 36 0 11 15 0 0 14 14 0 18 0 0 0 0 0 0 0 0 0 0 0 0 0 0 14 0 0 0 0 0 14 0 0 0 0 0 0 0 0 0 0 0 0 0 0 0 0 0 0 0 0 0 0 0 0 0 0 0 0 0 0 2 0 0 0 0 0 0 0 0 0 0 0 0 0 0 0 1 0 0 1 2 2 0 0 0 0 0 0 0 0 0 0 0 0 0 0 0 0 0 0 0 0 0 0 0 24 10 10 0 0 0 0 0 0 0 0 0 0 0 0 
 165 0 204 363 39 22 95 454 287 114 117 359 274 61 153 363 314 138 38 87 0 0 0 3 0 0 77 2 0 0 0 0 4 0 0 0 0 67 130 0 0 3 0 0 3 0 0 0 0 0 0 0 0 3 2 0 3 0 0 0 0 0 3 0 0 8 0 0 0 3 0 0 2 63 0 0 0 0 2 0 14 38 27 24 4 59 7 9 11 19 11 27 11 8 12 27 73 63 14 0 11 0 0 0 0 0 0 0 0 0 0 0 0 0 2 0 0 0 49 0 0 0 0 0 0 0 0 18 0 0 0 0 0 0 0 0 0 14 0 0 0 0 0 14 0 0 0 0 11 0 0 0 0 0 0 0 0 0 14 1 11 13 24 0 11 14 7 0 12 20 0 13 0 15 7 0 9 25 12 0 0 0 0 0 0 0 0 0 0 0 1 0 8 16 1 0 0 0 0 1 0 0 0 0 0 0 0 0 0 0 1 0 0 0 0 0 0 0 0 0 0 0 21 0 0 0 0 0 0 0 0 0 0 2 0 0 0 0 0 0 0 0 0 0 0 2 1 0 4 89 11 8 15 0 0 0 0 0 0 0 0 0 0 0 0 0 0 0 0 0 0 0 0 0 0 0 0 16 0 0 0 0 0 0 0 0 0 0 0 0 
 51 204 0 212 278 108 88 91 55 195 119 128 61 359 109 223 458 251 21 128 72 0 0 3 0 0 2 12 0 0 0 0 119 0 0 0 0 3 31 88 0 3 0 0 5 0 0 0 0 0 0 0 0 3 3 0 3 0 0 0 0 0 3 0 0 2 0 0 0 1 0 41 6 0 0 1 0 0 2 0 10 33 1 11 18 12 24 0 0 1 9 22 36 7 10 41 12 29 0 0 14 0 0 0 0 0 0 0 0 0 0 0 1 37 18 0 0 0 24 0 0 0 0 0 0 0 0 0 0 0 0 0 0 0 0 0 0 0 7 0 0 5 0 0 0 0 0 0 0 0 0 0 2 0 14 6 0 0 0 0 0 0 39 7 11 17 0 6 31 0 31 14 14 2 8 0 26 32 0 15 0 55 0 0 0 0 16 0 0 0 0 0 13 0 25 0 0 17 0 11 0 0 0 0 0 0 0 0 0 0 0 0 0 0 0 0 0 0 0 0 0 22 0 0 0 0 0 0 4 0 0 0 0 0 0 0 0 0 0 0 0 0 0 0 0 2 0 2 1 92 2 6 0 0 0 0 0 1 0 0 0 0 0 0 0 0 0 0 0 0 0 0 0 0 0 0 0 0 0 0 0 0 0 0 0 0 0 0 0 0 
 176 363 212 0 66 140 83 283 304 403 43 142 148 165 156 88 59 42 144 79 75 0 2 3 0 0 74 0 0 0 0 1 151 0 0 0 0 3 99 75 0 3 0 0 3 0 0 0 0 0 0 2 0 3 27 2 3 0 0 0 0 1 3 0 0 2 0 0 0 2 0 0 56 0 0 0 0 0 2 0 1 48 27 1 23 37 1 12 41 0 22 29 14 11 12 23 29 17 1 0 11 21 0 0 0 0 0 17 0 0 0 0 0 24 16 0 0 1 66 0 0 0 0 0 0 0 0 0 0 0 0 0 0 0 0 0 0 0 0 0 0 0 11 0 0 0 0 0 2 0 0 0 2 0 0 0 0 0 0 0 0 0 13 6 28 32 0 0 32 11 10 55 0 1 16 0 10 15 0 0 0 0 0 0 0 0 9 0 0 0 0 0 16 36 15 0 0 0 15 14 0 0 0 0 0 0 0 0 0 1 0 0 1 0 0 0 0 0 0 0 0 0 0 0 0 0 0 0 0 0 0 0 0 0 1 0 0 0 0 0 0 0 0 0 0 0 48 0 0 1 1 5 9 0 0 0 0 0 0 0 0 0 0 0 0 0 0 0 0 0 0 0 0 0 0 0 1 0 0 0 0 0 0 0 0 0 0 0 0 0 
 179 39 278 66 0 180 54 413 95 267 172 247 51 94 284 99 319 218 90 318 6 0 61 3 1 0 208 0 0 6 0 6 89 76 0 2 2 3 26 150 0 7 2 0 3 0 14 0 4 3 1 0 0 3 4 0 3 0 0 0 0 50 9 0 0 2 0 0 0 3 0 0 2 0 4 0 0 0 2 0 11 20 27 0 27 12 20 0 8 3 11 0 8 0 17 0 0 9 2 0 1 2 3 11 0 3 10 1 20 18 0 1 22 30 6 0 0 1 29 20 0 0 0 5 2 2 0 0 0 0 0 0 2 0 0 0 0 0 0 0 23 0 0 0 0 0 0 0 0 0 0 13 2 28 10 0 0 17 0 0 15 8 12 10 47 9 1 1 13 21 1 21 0 7 0 13 0 0 0 8 23 0 0 3 0 0 32 23 12 0 0 0 11 1 0 29 64 53 31 38 0 1 0 0 0 0 0 0 0 0 0 0 0 0 0 0 0 0 0 0 0 19 2 1 0 0 0 0 0 0 0 0 1 0 0 0 0 0 0 0 0 0 0 0 0 3 0 0 4 3 12 0 8 0 16 0 0 0 0 0 0 0 10 0 0 0 0 0 0 0 0 0 0 0 0 0 0 0 0 0 0 0 0 0 0 0 0 0 0 0 
 37 22 108 140 180 0 51 39 47 169 163 51 29 468 264 297 293 46 140 75 74 98 73 5 0 0 149 74 181 1 0 0 38 215 84 88 103 93 3 143 5 3 1 0 3 0 0 0 0 0 0 11 0 3 0 0 3 0 0 0 0 2 2 0 0 2 0 0 0 1 0 0 2 0 0 0 0 0 2 0 0 0 0 8 13 0 0 0 0 11 0 0 0 2 0 0 0 0 0 0 13 14 16 10 15 29 23 30 22 33 18 21 22 7 0 16 34 12 24 22 0 0 0 0 0 0 0 0 0 0 0 0 0 0 0 1 0 0 0 0 0 0 0 0 0 0 0 0 0 19 0 12 2 9 9 14 18 0 0 0 0 0 0 0 10 0 15 0 0 0 0 12 0 1 0 0 0 0 0 0 1 32 0 16 2 0 38 14 1 0 0 35 38 16 11 29 0 0 17 10 0 0 0 0 0 0 0 0 14 0 0 0 0 0 0 0 0 0 23 0 0 0 0 0 0 2 0 0 0 0 0 1 0 0 0 0 0 0 0 0 0 0 0 0 0 0 0 1 0 1 0 2 0 0 0 0 0 84 11 0 0 36 0 0 0 0 0 0 0 0 0 0 0 0 0 0 0 0 0 10 0 0 0 0 0 1 0 0 0 0 
 110 95 88 83 54 51 0 121 50 49 135 192 169 227 103 166 60 118 253 264 0 0 79 3 1 0 0 1 0 0 0 0 3 0 2 106 0 4 3 0 0 3 0 0 3 0 0 0 0 0 0 0 0 3 0 0 3 2 5 0 0 0 3 0 0 2 0 36 0 1 0 0 6 1 0 0 0 0 2 0 11 15 0 3 0 0 9 32 0 14 17 29 23 7 20 12 2 35 9 27 0 0 0 0 0 0 0 0 0 0 0 0 0 2 0 0 0 0 0 0 0 0 17 0 0 0 0 0 0 0 0 0 0 0 1 0 0 2 0 0 0 0 0 1 0 0 0 0 0 0 0 0 0 0 0 0 0 0 0 0 10 5 12 7 0 0 19 4 0 14 0 1 19 5 26 11 9 0 10 16 0 0 23 0 0 0 0 0 0 0 0 0 0 0 0 1 0 0 0 1 0 0 0 0 0 0 0 0 0 0 0 0 0 0 0 0 0 0 0 0 0 0 0 0 0 0 0 0 0 0 0 0 0 0 0 0 0 0 0 2 0 0 0 0 0 1 0 0 0 0 0 7 0 0 0 0 0 0 0 0 0 0 0 0 0 0 0 0 0 0 0 0 0 0 0 0 0 0 0 0 0 0 0 0 0 0 0 0 0 0 
 222 454 91 283 413 39 121 0 186 71 136 344 332 185 136 211 518 229 62 46 0 0 4 3 80 0 0 2 0 0 0 0 3 0 0 0 0 3 24 0 0 3 0 1 3 0 0 0 0 21 0 0 0 3 0 4 3 0 0 0 0 0 3 0 0 2 0 0 0 3 0 0 2 0 0 0 0 0 2 0 13 32 31 27 0 13 0 25 1 34 6 44 17 0 1 22 30 9 25 18 1 0 0 0 0 0 0 0 43 0 0 0 0 0 5 0 18 0 17 0 0 0 0 0 0 3 0 0 0 0 0 0 0 0 0 0 0 2 11 0 0 0 0 0 0 0 0 0 0 0 0 0 0 0 0 0 0 0 0 0 23 19 14 0 44 6 20 14 24 9 0 0 0 13 0 35 0 0 14 0 0 0 0 0 0 0 1 11 0 0 0 0 38 0 3 0 0 0 0 23 0 0 11 0 0 0 1 0 0 0 0 0 0 0 0 0 0 0 0 0 0 0 0 0 0 0 0 0 0 0 0 0 0 0 0 0 0 0 0 2 0 0 0 0 0 2 0 0 3 108 17 11 0 0 2 0 0 0 0 0 0 0 0 0 0 0 0 0 0 0 0 0 0 0 0 24 1 16 0 0 0 0 0 0 0 0 0 0 0 0 
 362 287 55 304 95 47 50 186 0 156 47 269 168 371 88 150 338 56 145 309 2 0 0 3 0 0 19 2 207 77 3 2 141 0 1 0 0 3 77 2 0 3 0 2 3 0 1 0 0 2 0 0 0 3 0 2 3 5 0 1 0 36 3 0 0 2 0 0 1 3 0 0 3 0 0 0 0 0 2 0 2 10 46 0 29 7 18 27 9 15 33 40 37 13 1 10 11 40 10 10 9 18 0 0 0 0 0 38 0 0 0 0 0 0 14 0 0 0 57 10 0 0 0 0 0 0 0 0 0 0 0 0 0 0 0 0 0 0 0 0 0 4 0 0 0 0 0 0 0 0 0 0 1 0 0 0 0 0 0 0 0 0 66 23 3 14 17 0 0 53 10 0 0 9 0 0 13 9 13 17 0 0 0 0 0 0 0 0 0 0 0 0 1 16 0 1 0 0 0 0 0 0 0 0 0 0 0 0 2 0 1 0 0 0 0 0 0 0 0 0 0 0 0 0 0 0 0 0 0 0 0 0 0 2 0 0 0 0 0 0 0 0 0 0 0 0 91 0 40 2 13 5 17 1 0 0 0 0 0 0 0 0 0 0 0 0 0 0 0 0 0 0 0 0 0 28 5 0 0 0 0 0 0 0 0 0 0 0 0 0 
 207 114 195 403 267 169 49 71 156 0 75 222 288 86 307 719 318 150 193 103 0 0 0 3 0 0 0 2 0 0 0 2 99 0 0 0 0 3 3 74 0 10 0 0 6 0 3 0 0 0 0 1 0 3 1 0 3 0 0 0 0 47 3 0 0 5 3 0 0 2 0 0 2 0 0 0 0 2 2 0 19 23 19 12 22 7 25 0 32 12 0 0 11 65 20 13 1 18 0 0 10 0 0 0 0 0 0 0 0 0 0 0 0 9 0 0 2 0 23 9 0 0 0 0 0 0 0 0 0 0 0 0 0 0 0 0 0 0 0 0 0 0 0 0 0 0 0 0 0 0 0 0 1 0 0 0 2 0 0 0 0 0 54 15 0 35 0 7 13 14 11 52 0 15 1 6 0 17 0 9 0 10 0 0 0 0 10 19 0 0 0 0 11 0 0 15 0 0 9 14 0 0 0 0 0 0 0 0 0 0 0 0 0 0 0 0 0 0 0 0 0 0 0 0 0 0 0 0 0 0 1 0 0 0 0 0 0 0 0 0 0 1 0 0 0 2 0 0 6 87 10 4 14 0 0 0 0 0 0 0 0 0 14 0 0 0 2 0 0 0 0 0 0 0 2 0 0 0 0 0 0 0 0 0 0 0 0 0 0 0 
 39 117 119 43 172 163 135 136 47 75 0 28 26 282 237 100 214 47 27 129 149 2 1 3 0 2 18 101 0 0 0 2 85 96 0 0 0 3 6 1 12 5 4 2 3 0 4 0 2 0 2 0 0 3 0 0 3 3 0 0 0 0 3 0 1 2 0 29 0 1 1 1 5 0 1 48 0 0 2 0 26 1 0 33 0 0 21 0 13 11 0 12 41 15 0 25 0 12 21 14 30 15 0 0 0 0 0 33 0 1 0 0 10 2 1 0 2 0 0 11 0 0 0 0 0 0 0 0 0 0 9 0 0 0 0 0 0 0 0 0 0 1 0 0 0 0 0 0 0 0 0 0 0 0 0 0 0 0 0 0 32 27 0 42 0 7 14 0 14 15 0 24 11 8 0 0 7 16 11 10 8 15 1 8 0 0 28 18 7 4 0 0 7 0 44 13 0 19 21 10 0 0 0 0 0 0 0 0 0 0 19 0 0 0 0 0 0 0 1 0 0 0 0 0 0 0 0 0 0 0 0 0 0 0 0 0 0 0 2 0 0 1 0 0 0 0 0 0 0 3 0 2 0 0 0 0 0 0 0 0 0 0 12 1 0 0 0 0 0 0 0 0 0 0 0 7 10 19 0 0 0 0 0 0 0 0 0 0 0 0 
 120 359 128 142 247 51 192 344 269 222 28 0 39 130 131 99 437 235 228 77 24 2 0 3 0 0 1 0 0 0 0 0 3 0 0 0 0 3 4 74 0 3 0 0 3 3 0 0 0 3 0 0 0 3 8 54 3 0 0 0 0 44 2 0 0 2 0 0 0 1 1 0 2 0 0 50 0 0 2 0 23 36 11 44 37 10 49 0 0 35 11 0 19 13 19 10 21 16 9 14 0 0 0 0 0 0 0 19 0 0 0 0 10 10 0 0 0 0 0 0 0 0 0 0 0 0 0 0 0 0 0 9 0 0 0 0 0 0 0 0 0 13 2 0 0 0 0 1 0 0 0 0 1 0 0 0 0 0 0 0 33 15 2 11 32 0 1 1 8 27 28 0 0 1 1 27 10 22 0 34 0 0 0 0 0 0 0 10 0 0 0 0 10 0 0 0 0 17 10 18 0 0 0 0 0 0 0 0 0 0 0 0 0 0 0 0 0 0 0 0 0 0 0 17 0 0 0 0 0 0 0 0 17 0 0 0 0 0 0 0 0 6 0 0 0 6 134 0 94 4 0 9 2 0 0 0 0 0 0 0 0 0 0 0 0 0 0 0 0 0 0 0 1 0 0 7 0 0 0 0 0 0 0 0 0 0 0 0 0 0 
 162 274 61 148 51 29 169 332 168 288 26 39 0 160 73 603 253 35 153 63 0 0 0 3 0 0 0 2 0 0 0 0 3 0 0 0 0 3 3 0 0 3 0 0 3 0 0 0 0 0 0 0 0 3 0 0 3 0 0 0 0 0 3 0 0 2 0 0 49 1 30 0 2 0 0 0 0 0 2 0 1 10 44 0 6 0 0 12 0 13 11 20 40 2 17 0 26 0 10 12 0 0 0 0 0 0 0 0 0 0 14 0 0 0 0 0 0 0 0 0 0 0 0 0 0 0 0 0 0 0 0 0 0 0 0 0 0 0 0 0 0 0 0 0 0 0 0 0 0 0 0 1 0 0 0 0 0 1 0 0 10 19 18 0 0 0 9 34 10 0 0 2 7 19 14 12 0 0 0 0 0 0 0 3 0 0 0 0 0 0 0 0 11 0 0 0 0 0 0 0 0 0 0 0 0 0 0 0 0 0 0 0 0 0 0 0 0 0 0 0 0 0 0 0 0 0 0 0 0 0 0 0 0 0 0 0 13 0 0 0 0 0 0 0 0 4 0 0 2 3 0 4 0 0 1 0 0 0 0 0 0 0 0 0 0 0 0 0 0 0 0 0 0 0 0 0 10 0 0 0 0 0 0 0 0 0 0 0 0 1 
 46 61 359 165 94 468 227 185 371 86 282 130 160 0 227 38 439 114 114 224 1 0 0 77 0 0 0 2 2 0 0 0 3 0 0 0 1 3 3 0 4 3 60 0 3 0 0 0 0 0 0 0 0 4 0 0 3 0 0 65 0 47 3 0 0 2 0 0 0 1 0 0 12 0 0 0 0 0 2 0 36 0 35 13 8 0 28 13 0 20 0 12 38 0 14 9 0 20 17 25 0 0 0 0 0 0 0 0 0 0 0 0 0 0 0 0 0 0 0 0 0 0 0 0 0 0 0 9 2 0 0 0 0 0 0 2 0 0 0 0 0 0 0 0 0 0 0 0 0 0 0 2 0 0 0 0 0 6 0 4 0 0 19 8 0 0 0 12 0 14 0 0 51 26 3 2 0 0 0 21 0 0 0 0 0 0 0 0 0 0 0 0 19 0 0 0 0 0 0 0 0 0 0 0 0 0 0 0 0 0 0 0 0 0 0 0 0 0 0 0 0 0 0 0 0 1 0 0 0 0 0 2 0 0 0 0 0 0 0 0 0 1 0 0 0 0 2 2 9 0 21 0 0 0 0 0 0 2 0 0 0 0 0 0 0 0 0 0 0 0 0 0 0 0 0 7 10 0 0 0 0 0 0 0 0 0 0 0 0 0 
 456 153 109 156 284 264 103 136 88 307 237 131 73 227 0 384 146 139 303 778 0 0 0 3 0 0 0 2 0 0 0 0 3 0 0 0 0 3 38 0 0 3 0 0 3 0 0 0 0 0 0 0 0 3 0 0 3 0 0 0 0 0 3 0 0 2 0 0 0 1 0 0 39 0 0 0 0 0 2 0 13 0 10 10 0 29 35 0 0 24 0 14 25 19 22 25 33 17 0 25 0 0 0 2 0 0 0 0 0 0 0 0 0 0 1 0 1 0 15 0 0 0 0 0 0 0 0 0 0 0 0 0 0 0 0 0 0 0 0 0 0 3 0 0 0 0 0 0 0 0 0 0 0 0 0 0 0 24 0 0 14 24 41 15 28 0 0 0 10 1 0 0 3 6 8 0 21 7 0 15 0 0 0 0 0 0 0 0 0 0 3 0 10 0 0 0 15 0 0 16 0 0 0 0 0 0 0 0 0 0 10 0 0 0 0 0 0 15 2 0 0 0 0 0 0 0 0 0 0 0 0 0 0 0 0 0 0 0 0 0 0 19 0 0 0 2 84 0 4 0 12 5 0 0 0 0 0 0 0 0 0 0 0 0 0 0 0 0 0 2 0 0 0 0 0 0 0 0 0 0 0 0 0 0 0 0 0 0 0 0 
 121 363 223 88 99 297 166 211 150 719 100 99 603 38 384 0 142 57 75 169 0 0 0 3 0 0 74 1 0 2 0 0 5 0 0 0 0 3 22 76 0 3 0 0 3 0 0 0 0 0 0 0 0 3 4 0 3 0 0 0 2 1 2 0 0 2 0 0 0 0 0 1 51 0 0 0 0 0 2 0 16 69 10 12 11 21 13 0 4 45 34 0 8 6 20 46 18 15 0 0 3 0 0 0 0 0 0 0 0 0 0 0 0 1 4 0 0 0 15 0 0 0 0 15 0 0 0 0 0 0 0 0 0 0 0 0 0 0 0 0 0 0 0 0 0 0 0 0 0 0 0 0 0 0 0 0 0 0 0 0 44 17 35 0 0 2 11 9 34 21 0 10 0 0 24 17 35 22 10 1 0 0 0 0 0 0 0 0 0 0 0 0 10 19 0 0 0 0 0 0 0 0 0 0 0 16 0 0 0 0 0 0 0 0 0 0 0 0 0 0 0 0 0 0 0 0 0 0 0 0 0 0 0 0 0 0 0 0 0 0 0 0 0 0 0 4 0 0 0 46 0 4 16 0 2 0 0 0 0 0 0 0 0 0 0 0 0 0 71 0 0 0 0 0 0 0 0 12 0 0 0 0 0 0 0 0 0 0 0 0 
 33 314 458 59 319 293 60 518 338 318 214 437 253 439 146 142 0 146 40 118 2 1 0 3 0 0 0 1 206 0 0 0 30 2 0 1 0 3 78 95 0 63 5 0 6 0 56 0 0 0 0 2 0 3 0 7 3 0 0 0 0 1 3 0 0 2 0 0 0 3 0 0 3 0 0 0 0 0 10 0 10 76 11 33 26 13 11 0 24 15 12 19 31 18 6 26 10 26 4 16 0 0 0 0 0 0 0 0 0 0 0 0 0 15 0 0 0 0 1 9 0 0 0 0 0 0 0 0 0 0 0 0 0 10 0 11 0 0 0 0 0 1 0 0 0 0 0 0 0 0 17 0 1 0 0 0 5 0 0 2 15 0 0 29 16 27 9 11 28 1 9 22 0 18 0 0 1 20 1 29 0 0 0 0 0 0 11 22 0 0 2 0 10 0 0 16 0 0 9 0 0 0 0 6 0 0 0 1 0 0 2 0 0 0 0 0 0 0 0 0 0 0 0 0 0 0 0 0 0 0 0 0 0 1 0 0 0 0 0 0 0 0 0 0 0 3 1 1 87 8 11 1 0 0 0 0 0 0 0 0 0 0 15 0 0 0 0 0 0 0 0 0 0 0 0 13 0 1 0 0 0 0 0 0 0 0 0 0 0 0 
 174 138 251 42 218 46 118 229 56 150 47 235 35 114 139 57 146 0 251 159 0 0 0 3 1 0 0 1 0 0 0 0 77 0 0 74 0 3 78 0 0 3 0 0 3 0 0 0 0 0 0 0 0 3 0 0 3 0 0 0 0 0 3 0 0 2 0 0 0 1 0 0 2 0 0 0 1 0 2 0 33 27 11 1 0 14 14 1 29 19 9 18 0 18 64 24 18 15 36 10 0 1 0 0 0 0 0 0 0 0 0 0 0 48 20 0 0 0 20 0 0 0 0 0 0 0 0 0 0 0 0 0 0 0 0 0 0 0 0 0 0 0 0 2 0 0 0 0 0 0 0 0 1 0 0 0 0 0 0 0 35 16 0 1 31 29 0 7 36 35 33 22 6 9 0 5 12 22 2 10 0 0 0 0 0 0 14 0 0 0 0 0 6 0 23 2 0 0 0 24 5 0 0 0 0 0 2 0 0 0 0 0 0 0 0 0 0 0 0 0 0 0 0 0 0 0 0 0 0 0 0 0 0 0 0 0 0 1 0 0 0 11 0 0 0 0 91 2 1 0 0 8 0 0 0 0 0 0 0 0 0 0 0 0 0 0 0 0 0 0 0 0 0 0 0 0 13 0 0 0 0 0 0 0 0 0 0 0 0 0 
 271 38 21 144 90 140 253 62 145 193 27 228 153 114 303 75 40 251 0 213 0 3 2 3 0 2 0 2 0 0 0 1 4 0 1 0 0 3 3 0 2 3 0 0 3 0 2 3 0 3 0 2 0 3 0 5 5 0 0 0 0 0 2 0 0 2 0 0 3 0 0 0 2 1 2 3 0 0 2 0 11 2 0 9 0 0 0 24 21 35 28 0 0 0 66 0 29 19 9 25 0 0 0 0 1 0 0 0 0 0 0 0 0 0 1 0 0 0 18 0 0 0 0 0 0 0 0 0 0 0 0 0 0 0 0 0 0 0 0 0 0 0 0 3 0 0 0 0 0 0 0 0 0 0 0 0 0 0 0 1 16 11 0 0 0 0 39 26 0 31 0 0 32 0 11 15 0 0 5 20 1 2 32 2 0 0 0 1 0 1 0 0 0 0 1 0 0 0 0 0 16 0 0 0 0 0 0 0 0 0 0 0 0 0 0 0 0 0 0 0 0 0 0 0 0 0 0 0 0 0 0 6 0 0 0 0 0 0 0 0 0 0 0 0 0 0 3 0 0 0 0 0 0 13 0 0 0 0 0 2 0 0 0 0 0 0 0 0 0 0 0 0 0 0 0 0 0 0 0 0 0 0 0 0 0 0 0 0 0 0 
 251 87 128 79 318 75 264 46 309 103 129 77 63 224 778 169 118 159 213 0 0 0 0 3 0 5 0 2 0 0 0 0 3 0 0 2 0 3 3 0 0 3 0 0 6 0 0 0 0 69 0 0 0 6 0 0 3 1 0 0 0 0 2 0 0 2 0 0 0 0 0 0 30 0 0 0 0 0 5 25 41 10 1 34 0 5 24 12 0 11 15 9 10 9 51 9 36 12 24 28 0 0 0 0 0 0 0 11 0 0 0 0 0 0 0 0 0 0 0 0 0 2 0 0 0 0 0 0 0 0 0 0 0 0 0 0 0 0 0 0 0 2 0 0 0 0 0 0 0 0 0 0 0 0 0 0 0 21 0 0 37 25 0 8 11 0 20 11 0 4 7 0 16 0 38 12 13 27 0 26 0 0 0 0 1 0 0 0 0 0 0 0 0 0 0 0 0 0 0 0 0 0 0 0 2 0 0 0 2 0 2 0 0 0 0 0 0 0 0 0 0 0 0 0 0 0 0 0 0 0 0 0 0 0 0 0 0 0 0 0 0 13 0 0 2 3 10 0 0 0 1 6 0 2 0 0 0 0 0 0 0 0 0 0 0 0 0 0 0 0 0 0 0 0 0 7 59 0 0 0 0 0 0 0 0 0 0 0 0 0 
 0 0 72 75 6 74 0 0 2 0 149 24 0 1 0 0 2 0 0 0 0 170 109 325 242 43 152 148 44 67 36 33 117 37 55 38 210 40 40 192 17 0 3 2 0 0 0 0 0 0 0 1 3 1 0 0 0 0 2 2 0 0 2 3 0 0 3 3 2 0 0 0 0 0 0 0 0 0 0 0 0 0 0 0 11 9 0 0 0 0 0 0 0 0 0 0 0 0 0 0 30 1 1 0 0 0 16 33 0 0 0 1 35 21 13 11 0 14 19 13 0 0 0 0 0 0 10 0 0 0 0 0 0 2 0 0 0 0 11 2 0 0 0 0 0 0 0 0 0 0 0 3 1 2 0 0 0 2 0 0 0 0 0 59 3 13 18 0 12 0 6 0 0 1 0 2 9 11 0 0 13 1 8 9 6 10 22 11 15 11 13 0 7 1 28 0 6 36 24 43 0 0 0 0 0 0 10 0 0 0 0 0 2 0 0 0 0 0 1 0 0 0 0 0 23 0 0 0 0 0 0 0 0 0 2 0 0 0 0 0 0 0 0 0 0 0 83 0 0 0 0 0 0 0 4 0 0 2 0 1 0 0 0 0 0 0 7 0 0 0 0 0 0 0 0 0 14 0 0 0 0 0 0 0 0 0 0 0 0 0 
 85 0 0 0 0 98 0 0 0 0 2 2 0 0 0 0 1 0 3 0 170 0 176 132 41 116 135 346 112 119 26 113 43 528 35 221 52 120 47 101 4 3 2 2 2 9 2 1 0 0 0 3 3 5 1 6 2 0 2 2 0 4 2 0 5 0 3 8 7 4 4 0 2 0 0 0 0 0 0 5 0 0 0 0 48 0 0 0 12 0 0 0 5 0 0 0 0 0 6 0 0 27 22 1 26 15 1 14 31 37 0 2 8 7 20 0 57 0 0 32 0 0 0 0 0 0 0 0 0 0 0 0 3 13 0 0 0 0 24 4 0 0 0 0 0 0 14 0 0 0 0 0 2 0 0 26 0 1 0 1 0 0 0 0 0 1 0 0 0 0 6 9 0 0 0 0 0 1 0 0 0 10 13 12 8 19 1 19 8 7 27 31 8 27 0 0 18 12 11 0 46 0 0 0 0 0 13 0 0 0 0 0 20 0 14 0 0 0 0 0 0 0 0 0 14 0 20 0 0 0 0 0 0 0 0 0 0 0 0 0 0 0 10 0 0 2 0 0 0 0 0 0 0 0 2 0 0 2 0 0 19 0 0 0 0 0 0 0 0 0 0 0 0 0 0 0 0 0 0 9 0 10 0 0 0 0 0 0 0 0 
 2 0 0 2 61 73 79 4 0 0 1 0 0 0 0 0 0 0 2 0 109 176 0 118 276 80 280 227 292 230 155 65 76 222 129 192 113 43 98 112 3 1 2 2 0 2 0 0 0 1 0 3 3 6 0 4 0 0 2 2 4 15 2 0 3 0 3 57 6 3 3 0 0 0 0 0 0 0 0 3 0 0 0 0 8 0 0 0 0 0 0 0 0 0 0 0 2 0 0 0 22 1 64 25 0 45 10 0 11 14 11 36 0 21 13 19 43 23 11 5 20 3 0 0 0 0 12 25 0 0 0 0 48 0 0 0 0 0 0 0 0 0 0 0 0 0 0 0 0 0 0 0 2 0 2 0 6 0 0 0 0 8 0 0 3 0 0 0 0 0 0 0 0 0 0 0 0 0 0 0 14 24 11 18 44 0 1 0 16 31 0 14 7 0 11 10 6 23 24 24 30 0 0 0 0 0 21 0 0 9 0 2 7 1 0 0 0 8 0 19 0 0 0 0 1 0 0 0 0 2 0 0 0 0 12 0 0 0 0 0 0 0 9 0 0 0 0 0 0 0 0 0 0 0 5 1 0 2 0 0 0 28 0 0 0 0 0 0 0 0 0 0 0 0 0 0 0 0 0 0 0 0 0 0 0 9 0 0 0 0 
 4 3 3 3 3 5 3 3 3 3 3 3 3 77 3 3 3 3 3 3 325 132 118 0 240 70 93 353 161 368 221 51 126 100 307 74 112 184 278 53 3 2 6 1 5 0 208 5 1 1 0 18 3 2 0 0 1 2 5 211 0 0 2 0 0 0 9 7 6 0 0 0 4 4 0 0 0 6 6 0 0 0 0 0 0 0 0 0 0 0 0 0 0 0 0 0 0 0 0 0 44 14 24 0 25 24 21 0 20 12 10 39 0 0 9 51 31 8 0 20 19 1 0 0 2 0 15 16 0 0 0 0 30 0 0 0 0 0 9 0 0 0 0 0 0 0 0 0 0 0 2 0 2 0 2 0 0 0 0 0 0 1 0 0 0 0 0 0 0 0 2 0 0 0 0 0 0 0 0 0 1 35 19 9 65 35 0 6 49 24 22 0 4 51 8 18 38 0 1 0 0 0 0 0 0 0 24 0 0 11 0 0 10 0 1 0 0 18 27 47 0 1 0 0 0 0 0 0 0 0 0 0 0 2 0 0 0 0 0 0 0 0 0 0 0 0 0 28 2 0 0 0 0 0 5 1 1 1 4 0 3 4 0 0 0 0 0 0 0 0 0 0 0 0 0 0 0 0 0 0 0 17 0 0 0 20 0 0 0 0 
 0 0 0 0 1 0 1 80 0 0 0 0 0 0 0 0 0 1 0 0 242 41 276 240 0 64 64 59 255 167 111 141 93 80 289 93 52 48 78 51 61 141 13 2 0 0 186 1 131 6 0 8 76 78 194 66 0 0 68 20 9 0 8 0 0 4 3 3 2 0 10 5 0 3 0 0 0 0 2 0 15 0 0 0 0 0 0 2 2 0 0 0 0 0 0 0 0 0 0 0 0 36 0 0 2 36 15 0 9 0 23 24 0 0 10 0 14 2 0 0 12 11 15 11 45 0 32 0 0 6 0 0 0 2 26 0 0 51 54 42 0 0 0 0 0 0 0 0 6 0 0 0 2 10 0 0 0 0 0 0 0 11 0 0 0 0 0 0 12 0 0 2 0 0 0 0 0 6 0 0 0 8 15 11 0 0 0 3 0 1 11 24 0 12 14 0 10 0 0 0 29 20 19 0 0 0 4 36 21 0 45 0 0 27 9 39 2 18 37 12 0 0 0 0 0 0 0 0 0 0 0 0 0 0 0 0 0 0 0 0 0 0 1 0 0 0 0 0 0 0 0 0 91 0 212 0 0 4 77 8 3 0 0 0 0 0 0 0 0 0 0 0 0 9 0 0 0 0 0 0 0 13 0 0 0 0 9 0 0 0 
 0 0 0 0 0 0 0 0 0 0 2 0 0 0 0 0 0 0 2 5 43 116 80 70 64 0 102 327 248 127 575 106 24 373 127 110 126 234 46 275 3 62 2 2 0 0 0 0 0 3 0 0 4 273 66 6 0 0 83 72 53 0 2 3 0 4 40 3 2 0 0 5 0 3 0 0 0 0 0 0 0 0 0 0 0 0 0 0 0 0 0 0 0 0 2 0 0 0 0 0 19 0 23 11 9 35 0 0 0 10 13 33 2 0 0 17 1 26 0 0 1 19 1 1 0 0 10 35 0 15 0 0 48 1 0 0 0 0 0 9 0 0 0 7 0 0 0 0 0 0 0 0 2 0 0 0 4 0 0 0 3 0 0 0 0 0 0 0 14 0 0 0 0 0 0 6 0 9 0 12 0 24 24 17 13 9 0 0 16 58 17 11 0 9 0 13 22 9 0 0 33 0 0 9 0 0 32 63 18 9 0 0 17 7 0 18 1 27 8 41 0 0 0 0 0 0 0 0 0 0 0 16 0 0 0 0 0 0 0 0 0 0 11 0 0 0 1 0 0 0 0 0 0 0 2 1 2 0 3 1 1 1 0 0 0 0 0 0 0 0 0 0 0 0 0 0 0 0 0 0 0 11 0 0 0 1 11 0 0 0 
 0 77 2 74 208 149 0 0 19 0 18 1 0 0 0 74 0 0 0 0 152 135 280 93 64 102 0 167 73 52 39 36 163 528 254 240 235 130 125 234 18 1 6 3 0 0 4 0 0 0 0 0 2 2 0 0 0 0 2 1 0 0 2 0 49 0 3 2 3 0 52 0 0 4 0 0 0 0 0 0 0 0 3 0 8 21 0 0 9 9 12 0 0 0 0 2 12 0 0 0 23 0 14 0 0 0 0 0 21 20 18 0 16 20 27 0 6 0 37 87 0 0 0 0 0 0 0 0 0 0 1 0 0 0 0 0 0 0 0 0 0 0 0 0 0 0 0 0 0 0 0 4 0 12 3 0 0 0 0 0 0 0 0 14 10 17 3 0 2 12 10 15 0 0 0 0 0 10 0 0 10 0 15 11 1 0 21 76 20 0 0 11 7 26 30 18 21 33 10 15 0 0 0 0 0 0 0 1 0 0 0 0 0 0 0 0 0 0 0 0 0 0 0 0 0 0 0 0 0 0 0 0 0 0 0 0 0 0 0 0 0 0 0 0 0 0 0 0 0 0 0 0 25 0 0 0 1 0 0 0 3 0 12 0 0 0 0 0 0 25 0 0 0 0 0 0 0 0 0 4 0 0 0 0 0 0 0 0 0 0 
 1 2 12 0 0 74 1 2 2 2 101 0 2 2 2 1 1 1 2 2 148 346 227 353 59 327 167 0 366 343 269 124 102 282 42 206 27 37 68 112 3 1 2 2 0 0 0 0 0 0 0 0 3 0 0 4 0 0 2 2 0 7 2 0 0 0 3 3 4 0 0 0 0 0 0 0 0 0 0 0 0 0 0 2 38 0 0 0 0 0 0 0 0 0 0 0 0 0 0 0 51 26 21 0 16 11 0 19 0 14 0 1 13 14 0 0 6 0 0 1 0 0 0 0 0 0 0 0 0 0 9 0 1 0 0 0 0 0 0 0 0 0 0 0 0 0 0 0 0 0 0 0 0 0 0 0 0 0 0 0 0 0 0 7 2 0 4 0 1 0 0 8 0 0 0 1 6 31 0 0 0 12 13 53 0 0 13 0 0 7 0 13 10 0 10 0 4 53 14 12 12 17 0 0 1 0 13 0 0 0 0 0 16 0 0 0 0 0 0 0 0 0 0 0 0 0 0 0 0 0 0 0 11 0 0 0 0 0 0 0 0 0 22 0 0 31 0 0 0 0 0 0 0 0 4 0 0 3 0 0 1 0 0 0 0 0 1 0 0 0 0 0 0 0 0 0 8 0 0 0 0 0 0 0 0 0 0 0 0 2 
 0 0 0 0 0 181 0 0 207 0 0 0 0 2 0 0 206 0 0 0 44 112 292 161 255 248 73 366 0 717 365 387 72 192 170 297 65 144 95 62 3 0 1 1 0 0 0 85 1 1 0 1 3 2 0 7 0 0 2 65 0 0 2 0 0 0 3 3 2 0 0 0 0 0 0 0 0 0 0 0 0 0 0 0 0 20 0 0 0 0 0 0 0 0 0 0 0 2 0 0 0 15 28 8 14 16 22 7 0 2 13 18 11 13 0 2 6 21 0 7 0 0 0 0 0 0 0 0 0 0 0 0 1 8 0 0 0 0 0 38 0 0 2 7 0 0 0 0 0 0 0 1 0 12 4 0 4 0 0 0 16 0 0 0 2 0 0 1 0 0 0 0 0 0 0 4 0 39 0 7 48 10 41 21 13 2 23 4 0 29 16 29 24 11 18 9 10 0 1 12 40 0 0 0 0 0 25 0 0 0 0 0 39 0 0 0 0 0 0 0 0 0 0 0 0 0 0 0 0 0 0 7 0 0 0 0 0 0 0 0 0 0 12 0 0 0 0 0 0 0 0 0 0 0 12 1 0 43 87 0 77 21 0 0 0 0 10 0 0 0 0 0 0 0 0 0 0 0 0 0 0 0 0 0 0 0 0 0 0 0 
 0 0 0 0 6 1 0 0 77 0 0 0 0 0 0 2 0 0 0 0 67 119 230 368 167 127 52 343 717 0 255 158 130 171 141 87 234 409 290 56 3 0 1 1 0 0 0 0 1 1 0 0 68 3 0 4 0 0 2 3 4 0 2 0 0 0 3 3 2 0 0 0 0 0 0 0 0 0 0 0 0 0 0 0 0 0 0 0 0 0 0 0 0 0 0 1 0 0 0 0 21 21 14 9 21 12 9 0 17 38 14 27 14 0 0 12 0 12 0 13 30 0 0 0 0 0 15 13 0 0 0 0 1 0 0 0 0 0 27 0 0 0 0 0 0 0 0 0 0 0 0 0 0 0 0 0 2 0 0 0 0 3 0 0 19 0 0 0 0 0 0 0 0 0 0 0 0 0 0 0 37 12 63 15 73 8 0 30 10 24 0 13 0 7 0 0 1 1 17 12 22 0 0 0 0 0 16 2 0 0 0 0 0 0 0 0 0 0 14 0 0 0 0 0 0 0 0 0 0 0 0 0 0 0 0 0 0 0 0 0 0 0 8 0 0 0 0 0 0 0 0 0 0 0 6 0 4 1 1 3 4 0 0 0 0 0 0 0 0 0 0 0 0 0 0 0 0 0 0 0 0 0 0 0 2 0 0 0 0 0 
 0 0 0 0 0 0 0 0 3 0 0 0 0 0 0 0 0 0 0 0 36 26 155 221 111 575 39 269 365 255 0 78 39 358 144 143 381 198 72 52 3 0 4 1 2 0 0 0 3 2 0 2 66 5 5 0 0 0 26 80 0 0 2 0 0 3 7 3 2 0 1 2 0 0 0 5 0 0 0 0 0 0 0 0 0 0 0 0 0 0 0 0 0 0 0 0 0 0 0 0 20 17 29 23 7 33 39 0 9 17 11 57 0 0 11 4 32 38 0 5 32 21 0 0 16 0 0 31 0 7 0 0 28 0 0 0 0 0 6 1 0 0 0 0 0 0 0 0 0 0 0 0 2 0 3 0 6 0 0 0 0 0 0 0 0 0 0 0 42 0 0 2 0 0 0 1 0 8 0 9 3 5 28 45 19 0 0 0 19 39 24 27 0 14 26 15 12 0 0 10 22 19 0 0 0 0 0 10 37 23 0 0 0 0 0 25 0 5 30 38 0 0 0 0 0 0 0 0 0 0 0 0 0 0 0 0 0 0 0 0 0 0 0 0 0 0 0 0 1 0 0 0 0 0 5 0 0 0 151 0 1 13 0 0 0 1 0 0 0 0 0 0 0 3 0 0 0 0 0 0 0 13 0 0 0 0 0 0 0 0 
 78 0 0 1 6 0 0 0 2 2 2 0 0 0 0 0 0 0 1 0 33 113 65 51 141 106 36 124 387 158 78 0 41 330 291 129 181 166 249 50 67 0 65 2 47 0 77 0 0 0 0 0 75 61 58 15 0 0 2 64 8 0 6 0 0 4 3 3 2 0 0 5 0 5 0 0 0 57 0 0 0 0 0 0 0 0 0 0 0 0 0 0 0 0 8 0 0 7 0 0 0 0 13 9 10 55 0 11 0 20 71 0 13 0 0 17 12 50 0 0 14 13 0 0 20 0 28 29 10 2 1 34 14 14 0 0 0 0 0 11 0 0 0 0 0 0 0 0 7 0 0 0 0 0 0 0 0 0 0 0 0 0 0 0 0 0 0 0 0 0 2 0 0 0 0 0 0 0 0 0 13 0 8 0 10 8 9 12 22 19 1 17 0 0 2 0 12 7 0 0 33 14 6 0 0 1 18 17 20 1 0 1 12 13 0 3 0 21 15 4 0 0 0 0 2 0 0 0 0 0 0 0 0 0 0 0 1 0 0 0 0 0 6 0 0 0 0 0 0 0 0 0 0 0 0 3 2 88 4 0 17 0 0 0 0 0 0 0 0 0 0 0 0 0 0 0 0 0 0 3 0 0 0 0 9 0 10 0 0 0 
 3 4 119 151 89 38 3 3 141 99 85 3 3 3 3 5 30 77 4 3 117 43 76 126 93 24 163 102 72 130 39 41 0 54 30 28 34 264 275 128 3 7 1 1 0 0 6 0 1 1 0 0 3 2 0 0 0 0 2 3 0 0 2 0 0 0 3 3 8 0 0 0 0 0 0 0 0 0 0 0 0 14 13 5 15 2 0 0 8 9 17 12 0 0 0 8 10 10 0 0 19 6 0 1 0 0 0 17 0 0 0 0 0 23 20 12 0 0 13 27 0 0 0 0 0 0 0 0 0 0 0 0 0 0 0 0 0 0 0 0 0 1 0 0 0 0 0 0 0 0 0 0 1 0 0 0 0 0 0 0 12 0 0 25 24 20 3 0 34 6 21 28 0 0 0 0 24 37 0 0 0 32 0 1 0 0 45 19 13 0 0 0 23 26 14 27 0 13 16 14 0 0 0 0 0 0 0 1 0 2 0 0 0 0 0 0 0 0 0 0 0 0 0 0 0 0 0 0 0 0 0 0 0 0 0 0 0 0 0 0 0 0 0 0 0 0 74 0 0 74 0 0 1 0 23 0 2 0 0 0 1 0 15 0 0 0 0 0 0 0 0 0 0 0 0 10 0 0 0 0 0 0 0 0 1 0 0 0 0 0 
 0 0 0 0 76 215 0 0 0 0 96 0 0 0 0 0 2 0 0 0 37 528 222 100 80 373 528 282 192 171 358 330 54 0 149 49 160 263 336 287 7 1 6 2 1 0 6 0 0 0 0 0 3 3 1 1 0 0 2 2 0 3 65 0 0 0 3 3 2 0 0 0 0 0 0 0 5 0 0 0 0 0 0 0 12 0 0 0 0 0 0 0 0 0 0 0 0 0 0 0 3 9 28 10 1 7 2 23 11 16 23 12 11 17 0 10 25 11 0 38 0 0 0 0 0 0 0 0 0 0 0 0 0 0 0 0 0 0 0 0 0 0 0 0 0 0 0 0 0 0 0 1 0 2 2 0 4 0 0 0 3 0 0 25 0 6 0 0 0 0 25 25 0 0 0 0 0 37 0 0 19 13 0 12 11 12 55 22 36 0 10 22 16 15 8 12 0 2 36 12 0 0 12 0 0 2 0 0 0 1 0 0 2 0 0 0 0 0 0 0 0 0 0 0 0 0 0 0 0 0 0 0 0 0 0 0 2 0 0 0 0 0 0 0 0 0 0 0 0 0 0 0 0 0 6 0 1 76 0 1 6 10 12 0 0 0 0 0 0 0 0 0 0 0 0 0 13 0 0 0 0 0 0 0 2 0 0 0 0 0 
 0 0 0 0 0 84 2 0 1 0 0 0 0 0 0 0 0 0 1 0 55 35 129 307 289 127 254 42 170 141 144 291 30 149 0 136 289 124 406 72 6 0 3 6 0 0 3 0 205 0 0 24 64 2 0 0 3 3 9 1 7 0 2 0 1 0 4 2 5 0 0 0 0 0 2 0 0 0 0 0 0 0 0 0 0 0 0 0 8 0 0 0 0 0 12 0 0 0 0 0 15 4 12 26 23 0 15 11 30 15 28 12 17 0 8 37 32 14 0 6 41 0 0 0 0 0 10 26 9 0 0 9 1 7 11 0 0 0 19 11 0 0 0 0 0 0 0 0 0 0 0 0 0 0 0 0 2 0 0 0 0 0 0 0 0 0 0 0 0 0 0 0 0 0 0 0 0 0 0 0 31 23 41 9 12 8 0 18 45 28 9 8 43 9 15 0 12 0 10 12 0 0 0 0 0 0 13 2 0 0 0 0 12 0 0 0 0 0 51 0 0 0 0 0 0 0 0 0 0 0 0 0 0 0 0 0 0 0 0 0 0 0 0 0 0 0 0 0 0 0 0 0 0 0 0 0 2 1 79 1 18 0 0 0 0 0 0 0 0 0 0 0 0 0 0 0 0 0 0 2 0 14 0 0 0 0 0 0 0 0 
 0 0 0 0 2 88 106 0 0 0 0 0 0 0 0 0 1 74 0 2 38 221 192 74 93 110 240 206 297 87 143 129 28 49 136 0 155 54 25 334 3 0 3 3 207 0 0 0 0 1 0 0 2 0 0 4 0 0 2 1 0 1 2 0 0 0 3 2 2 0 0 0 2 0 0 0 0 0 0 0 0 0 0 0 13 0 1 0 0 0 0 3 0 0 0 0 0 0 0 0 0 53 41 8 0 15 4 13 2 10 14 29 11 9 0 23 20 11 0 0 7 0 0 0 0 0 11 21 0 0 0 0 27 9 0 0 0 0 0 11 0 0 0 0 0 0 13 0 0 0 0 0 0 0 0 0 0 0 0 1 2 0 0 0 0 1 0 0 0 0 0 0 0 0 0 3 0 1 0 0 0 28 8 26 22 1 13 8 1 28 1 13 12 0 0 20 0 8 15 0 19 0 0 0 0 0 37 0 0 10 0 0 14 0 0 0 0 7 0 11 0 0 0 0 0 0 0 0 0 0 0 0 0 0 0 0 0 0 0 0 0 0 14 0 0 2 0 0 0 0 0 0 74 0 6 0 1 80 1 3 2 0 0 0 0 0 0 0 0 0 0 0 0 0 0 0 0 0 0 0 0 0 2 0 0 7 0 0 0 0 
 0 0 0 0 2 103 0 0 0 0 0 0 0 1 0 0 0 0 0 0 210 52 113 112 52 126 235 27 65 234 381 181 34 160 289 155 0 234 32 240 8 0 3 2 0 0 0 0 1 0 0 21 3 1 0 0 0 0 2 63 0 0 51 0 0 1 3 3 2 0 0 0 0 0 0 0 47 0 0 0 0 0 0 0 2 0 0 0 0 0 0 0 0 0 0 2 0 0 0 0 13 0 2 23 29 9 0 14 0 0 21 0 27 0 0 23 19 33 0 7 1 0 0 0 0 0 1 0 0 0 0 0 0 6 0 0 0 0 20 12 0 0 0 0 0 0 0 0 0 0 0 1 0 3 10 0 5 0 0 0 3 0 0 2 0 0 9 0 0 0 0 0 0 0 0 3 0 4 0 3 33 15 31 0 98 20 12 0 81 12 0 14 21 0 32 9 34 0 0 22 11 0 0 0 0 0 8 0 0 2 0 0 12 0 0 0 0 0 30 0 0 0 0 0 0 0 0 0 0 0 0 0 0 0 0 0 0 0 0 0 0 0 0 0 0 0 0 0 0 0 0 0 0 0 2 1 1 3 76 0 3 10 0 0 0 0 0 0 0 0 0 0 0 0 0 0 0 0 0 0 0 0 0 0 1 0 0 0 0 0 
 3 67 3 3 3 93 4 3 3 3 3 3 3 3 3 3 3 3 3 3 40 120 43 184 48 234 130 37 144 409 198 166 264 263 124 54 234 0 29 37 3 0 5 2 3 0 0 0 0 1 3 9 3 67 26 5 5 6 73 19 3 0 2 0 0 7 18 3 8 0 2 11 0 6 0 0 0 0 0 0 0 0 0 0 0 0 0 0 0 0 0 0 0 0 0 0 0 0 0 0 0 0 1 0 36 30 17 0 20 0 34 18 4 0 13 17 15 12 0 0 0 0 0 0 0 22 0 7 0 10 1 0 18 0 0 0 0 0 1 0 0 0 0 8 9 0 0 0 0 0 0 0 0 0 0 0 0 0 0 0 1 0 13 2 0 0 2 0 5 0 13 0 0 0 0 2 0 4 0 3 0 28 23 13 0 15 0 10 1 12 16 23 9 10 23 15 47 0 0 0 20 0 0 0 0 0 15 24 1 0 0 0 12 0 0 1 0 28 18 13 0 0 0 0 0 0 0 1 0 0 0 0 0 0 0 0 0 0 0 0 0 0 0 0 0 0 0 0 0 0 0 2 0 0 2 3 7 4 114 0 2 0 0 0 0 0 0 0 0 0 0 0 0 0 0 0 0 0 0 6 0 27 0 0 0 0 11 0 0 0 
 3 130 31 99 26 3 3 24 77 3 6 4 3 3 38 22 78 78 3 3 40 47 98 278 78 46 125 68 95 290 72 249 275 336 406 25 32 29 0 255 3 1 5 2 0 2 200 0 0 0 0 0 3 0 3 0 0 0 2 202 0 8 2 0 0 0 11 3 10 0 0 0 0 0 0 0 0 0 0 0 0 12 22 0 10 23 0 0 0 0 29 30 0 0 0 27 14 31 0 0 0 22 1 8 0 0 35 0 20 0 0 0 0 18 15 0 11 0 27 14 0 0 0 0 0 0 0 0 0 0 0 0 0 0 0 0 0 0 0 0 0 11 0 0 0 0 0 0 0 0 0 0 2 0 0 0 0 0 0 0 0 6 25 0 64 0 1 3 12 18 11 0 0 10 8 0 12 0 0 0 14 0 0 0 0 0 1 0 0 0 0 0 8 10 0 0 18 28 21 0 0 0 0 0 0 0 0 0 0 0 0 0 9 0 0 0 16 0 0 0 0 0 0 0 0 0 0 0 0 0 0 0 0 0 1 0 0 0 0 0 0 0 0 0 0 0 1 0 0 24 9 0 0 0 2 1 1 0 0 2 4 0 0 0 0 0 0 0 0 0 0 0 0 0 0 2 0 10 0 0 0 0 0 0 0 0 0 0 0 0 
 0 0 88 75 150 143 0 0 2 74 1 74 0 0 0 76 95 0 0 0 192 101 112 53 51 275 234 112 62 56 52 50 128 287 72 334 240 37 255 0 3 10 2 1 0 0 0 0 1 4 0 3 3 203 3 0 0 0 2 3 0 0 5 0 0 0 3 3 2 0 1 0 0 0 0 0 0 0 1 0 0 11 0 0 12 13 0 0 16 0 0 0 0 0 0 0 0 0 0 0 10 12 34 0 0 0 20 14 8 36 0 19 26 67 11 0 0 0 51 8 0 0 0 0 0 0 0 0 0 0 0 0 0 0 0 0 0 0 0 0 0 0 0 0 0 0 0 0 0 0 0 5 2 0 0 0 0 0 0 0 0 0 0 0 17 0 4 0 14 0 0 15 0 0 9 0 0 0 0 0 22 9 0 23 0 0 13 46 16 1 16 12 13 7 25 49 20 30 26 11 0 0 0 0 0 0 0 0 0 0 0 0 0 0 0 0 0 0 0 0 0 0 0 0 7 0 7 0 0 0 0 0 0 0 0 0 8 0 0 0 0 0 0 0 0 0 0 0 0 0 0 0 0 0 5 0 2 34 0 0 3 0 0 0 0 0 7 0 0 0 0 0 0 0 0 0 0 0 0 7 0 0 0 0 0 0 0 0 0 0 
 0 0 0 0 0 5 0 0 0 0 12 0 0 4 0 0 0 0 2 0 17 4 3 3 61 3 18 3 3 3 3 67 3 7 6 3 8 3 3 3 0 222 202 119 49 40 221 410 443 39 39 72 110 45 72 346 37 312 33 76 0 2 0 0 0 0 0 0 0 4 0 0 0 0 0 7 0 0 0 0 0 0 0 0 0 0 0 0 0 0 0 0 0 0 0 0 0 0 0 0 7 0 0 0 0 0 0 13 0 0 0 0 9 1 0 0 0 0 0 0 16 10 40 12 7 11 10 0 17 0 24 3 6 1 0 23 15 40 0 0 0 0 0 0 0 0 0 0 26 0 0 0 2 0 0 10 0 0 0 34 0 0 0 0 0 0 0 0 0 0 0 9 0 0 0 0 0 0 0 0 3 0 0 0 0 0 0 0 11 21 0 0 6 0 0 0 0 0 0 13 7 0 41 17 28 20 14 22 12 0 23 2 0 0 20 0 19 0 16 8 0 0 0 0 0 0 0 0 0 0 1 0 5 0 0 0 0 0 31 11 0 0 0 0 0 0 0 0 0 0 0 8 0 0 0 0 0 0 0 0 0 0 0 0 1 6 0 6 1 0 0 0 0 0 0 0 0 0 0 0 0 0 0 0 8 0 0 10 2 0 
 3 3 3 3 7 3 3 3 3 10 5 3 3 3 3 3 63 3 3 3 0 3 1 2 141 62 1 1 0 0 0 0 7 1 0 0 0 0 1 10 222 0 500 136 262 36 148 148 188 43 35 257 167 57 237 136 51 57 179 97 0 0 0 0 0 0 0 0 0 0 0 0 0 0 0 0 0 0 0 0 0 3 0 0 4 0 0 0 9 0 0 0 0 0 0 0 0 27 0 0 0 0 0 0 0 12 0 0 0 0 0 6 0 8 0 0 9 0 0 6 10 21 19 14 25 0 17 0 0 9 16 0 0 0 23 0 16 42 15 8 0 0 0 0 0 0 0 0 11 0 0 0 1 30 0 0 0 0 0 0 0 0 0 6 0 8 0 0 6 0 0 4 0 0 0 0 0 0 0 0 5 0 0 0 0 0 6 10 0 0 7 0 0 0 0 6 0 0 6 0 11 10 10 0 0 0 24 32 13 21 37 0 0 2 8 34 18 0 21 9 0 0 0 0 0 0 0 0 0 0 0 0 0 0 0 0 0 0 6 0 0 0 0 0 0 0 0 0 14 0 0 9 0 2 0 0 0 0 0 0 0 0 6 0 0 2 0 1 0 0 0 0 0 0 0 0 0 0 0 0 0 0 0 0 0 0 0 0 1 0 
 0 0 0 0 2 1 0 0 0 0 4 0 0 60 0 0 5 0 0 0 3 2 2 6 13 2 6 2 1 1 4 65 1 6 3 3 3 5 5 2 202 500 0 98 51 97 221 316 241 175 52 249 108 61 150 535 125 113 158 78 0 0 0 0 0 0 0 0 0 0 0 2 0 0 0 0 0 0 52 1 0 0 0 0 1 0 0 0 0 0 0 0 0 0 0 0 0 0 0 0 0 0 0 0 0 3 0 0 0 0 0 0 0 0 0 0 0 0 0 6 20 16 37 12 33 24 32 0 34 0 20 0 6 0 8 29 0 10 0 0 0 0 0 0 0 0 0 0 26 0 0 0 26 9 0 0 0 0 0 0 0 0 0 3 0 20 0 0 26 0 0 2 0 0 0 0 0 0 0 0 14 0 0 0 0 0 4 2 4 0 0 0 1 0 0 4 0 0 10 0 23 0 0 32 21 0 19 54 3 7 33 0 0 21 0 0 3 19 61 17 11 0 0 0 0 0 0 0 0 0 0 0 14 0 0 0 0 0 0 0 0 0 0 0 0 0 0 0 0 0 0 10 0 1 0 0 0 0 0 2 0 0 5 0 79 2 0 1 0 0 0 0 0 0 0 0 0 0 0 0 0 2 0 0 7 0 0 0 2 0 
 0 0 0 0 0 0 0 1 2 0 2 0 0 0 0 0 0 0 0 0 2 2 2 1 2 2 3 2 1 1 1 2 1 2 6 3 2 2 2 1 119 136 98 0 87 296 74 113 85 606 51 231 66 83 76 269 136 117 90 63 25 2 0 0 0 0 50 0 0 0 0 0 81 53 0 15 0 0 0 49 0 0 0 0 0 0 0 0 0 0 0 0 0 0 0 0 0 0 0 0 0 0 0 0 0 0 0 0 0 0 0 0 0 0 0 0 0 0 0 0 0 0 3 13 17 16 16 0 1 0 39 23 0 10 25 0 30 29 17 14 11 14 1 0 5 0 1 10 0 16 7 0 0 0 0 0 11 1 22 2 0 0 0 0 11 3 0 0 19 0 0 0 0 0 0 0 1 0 0 0 0 0 0 0 0 16 0 0 0 0 0 0 0 0 0 0 0 0 0 6 0 0 12 7 17 11 0 0 7 2 4 6 14 0 35 0 29 1 0 0 22 0 0 0 0 0 0 15 0 0 10 0 0 8 7 10 0 0 17 20 0 0 0 0 0 0 0 0 0 0 0 4 0 2 0 0 0 0 0 0 95 0 2 2 1 6 4 110 0 0 16 0 0 0 0 0 0 0 0 0 0 0 0 0 0 0 0 0 0 0 
 3 3 5 3 3 3 3 3 3 6 3 3 3 3 3 3 6 3 3 6 0 2 0 5 0 0 0 0 0 0 2 47 0 1 0 207 0 3 0 0 49 262 51 87 0 108 64 126 65 77 203 113 56 102 309 178 384 39 67 154 50 1 5 0 0 5 2 0 0 0 4 0 4 51 0 50 106 0 58 0 0 0 0 0 0 0 0 0 0 0 0 0 0 0 0 0 0 0 0 0 0 0 0 0 0 0 0 0 0 0 0 0 0 0 0 0 0 0 0 0 0 0 0 20 0 12 0 0 0 13 0 1 0 0 0 0 9 0 0 0 4 24 29 20 37 4 40 0 14 0 0 4 10 0 22 0 13 0 13 18 0 0 0 0 0 0 0 3 0 0 0 0 0 0 0 0 4 0 0 0 0 0 0 0 0 0 0 0 0 0 0 0 0 0 0 0 0 0 0 0 0 17 0 0 11 20 0 0 0 11 0 22 0 0 0 0 10 0 0 0 0 0 1 0 0 0 78 8 54 0 0 1 11 20 22 11 0 0 0 0 0 0 27 0 0 0 0 0 0 0 0 4 0 0 0 0 0 0 0 18 0 0 2 2 3 11 2 0 0 0 9 0 0 0 0 0 0 0 0 0 0 0 0 0 0 38 0 0 0 0 
 0 0 0 0 0 0 0 0 0 0 0 3 0 0 0 0 0 0 0 0 0 9 2 0 0 0 0 0 0 0 0 0 0 0 0 0 0 0 2 0 40 36 97 296 108 0 61 292 36 97 63 341 64 45 52 98 118 106 52 269 0 16 5 4 0 0 1 0 1 7 0 0 0 2 33 1 0 2 54 104 0 0 0 0 0 0 0 0 0 0 0 0 0 0 9 0 0 0 0 0 0 0 0 0 0 0 0 0 0 0 0 0 0 0 0 0 0 0 0 0 0 0 0 10 0 6 0 0 0 0 0 43 0 0 0 2 9 1 0 0 13 0 12 15 27 9 9 8 0 12 16 6 13 8 0 22 2 50 9 9 0 0 0 0 0 0 0 0 0 0 0 0 0 0 0 0 0 0 0 0 0 0 0 0 0 0 0 0 0 0 0 0 0 0 0 0 0 0 0 0 0 0 0 19 51 20 0 0 0 0 0 7 0 0 1 0 0 0 0 1 29 0 12 7 0 1 0 9 0 9 8 3 11 7 18 19 45 5 7 39 0 0 0 0 0 0 0 0 0 2 0 9 0 0 6 0 0 0 0 0 0 0 0 0 0 0 5 0 0 0 1 0 0 0 0 0 0 0 0 0 0 0 0 0 7 0 0 0 0 10 
 0 0 0 0 14 0 0 0 1 3 4 0 0 0 0 0 56 0 2 0 0 2 0 208 186 0 4 0 0 0 0 77 6 6 3 0 0 0 200 0 221 148 221 74 64 61 0 124 344 117 23 34 219 210 121 313 37 104 51 443 2 0 0 0 0 0 0 0 0 0 0 0 0 0 0 0 0 0 0 0 0 0 0 0 5 0 0 0 8 0 0 0 0 0 0 0 0 0 0 0 0 0 0 0 1 10 0 0 1 0 0 0 0 2 0 0 0 0 0 18 14 12 53 0 38 13 23 19 18 0 12 12 0 37 20 25 18 15 19 0 0 0 0 0 0 0 0 0 6 0 0 0 1 3 0 6 0 0 0 0 0 0 0 6 0 13 0 0 0 0 0 9 19 0 0 0 0 0 0 0 6 0 0 0 0 0 10 4 5 0 1 0 0 0 0 7 0 0 9 0 25 13 27 24 2 0 7 44 4 2 21 0 0 33 32 24 0 12 14 2 0 0 0 0 0 0 0 0 0 0 13 0 10 0 0 0 0 0 14 1 0 0 0 0 0 0 0 0 0 0 0 12 0 0 0 0 0 62 0 0 0 0 6 0 0 2 3 0 0 0 0 0 0 0 0 0 0 0 0 0 0 0 0 0 8 0 0 21 1 0 
 0 0 0 0 0 0 0 0 0 0 0 0 0 0 0 0 0 0 3 0 0 1 0 5 1 0 0 0 85 0 0 0 0 0 0 0 0 0 0 0 410 148 316 113 126 292 124 0 155 32 67 161 65 101 65 93 77 89 135 106 2 2 0 0 0 0 1 0 0 0 0 0 0 1 0 6 0 0 0 0 0 0 0 0 0 0 0 0 0 0 0 0 0 0 0 0 0 0 0 0 0 0 0 0 0 0 0 0 0 0 0 0 0 0 0 0 0 0 0 0 0 0 20 1 34 8 19 0 18 1 14 26 0 19 0 0 49 28 0 0 0 0 0 0 6 0 1 0 0 4 0 0 0 0 0 19 0 0 0 0 0 0 0 0 0 0 0 40 0 0 0 2 0 0 0 0 0 0 0 0 0 0 0 0 0 0 0 0 0 0 0 0 0 0 0 0 0 0 0 0 19 7 0 8 47 29 0 0 4 0 2 0 0 0 23 0 30 0 0 0 25 0 0 9 0 0 6 0 0 0 19 0 0 0 16 0 0 0 35 10 0 0 0 0 0 0 0 0 0 0 0 8 0 2 0 0 0 0 0 13 37 0 0 65 2 13 0 64 0 0 1 0 0 0 0 0 0 0 0 0 0 0 0 0 0 0 0 9 1 0 
 0 0 0 0 4 0 0 0 0 0 2 0 0 0 0 0 0 0 0 0 0 0 0 1 131 0 0 0 1 1 3 0 1 0 205 0 1 0 0 1 443 188 241 85 65 36 344 155 0 142 276 118 217 258 415 113 51 31 204 357 0 1 0 0 5 0 0 0 0 0 51 0 0 0 0 7 0 1 0 0 0 0 0 0 0 0 0 0 0 0 0 0 0 0 0 0 0 0 0 0 0 0 0 0 0 9 0 0 0 0 0 0 0 0 0 0 0 1 0 0 10 16 52 13 46 0 5 0 0 0 24 23 0 9 10 9 26 49 10 0 0 0 0 0 0 0 1 0 3 0 0 0 1 8 0 4 0 0 0 1 0 0 0 0 0 0 0 0 1 0 0 0 0 0 0 0 0 0 0 0 0 0 0 0 0 0 0 0 0 0 0 0 0 0 0 0 0 0 0 0 15 0 37 0 4 0 6 16 0 7 14 0 0 10 37 28 12 7 11 1 0 0 0 0 0 0 0 0 0 0 9 0 9 0 0 0 0 0 37 0 0 0 0 0 0 0 0 0 0 0 0 10 0 0 0 0 0 0 0 1 0 0 1 0 0 2 4 65 0 0 0 0 0 0 0 0 0 0 0 0 0 0 0 0 0 0 0 14 0 0 
 0 0 0 0 3 0 0 21 2 0 0 3 0 0 0 0 0 0 3 69 0 0 1 1 6 3 0 0 1 1 2 0 1 0 0 1 0 1 0 4 39 43 175 606 77 97 117 32 142 0 198 278 56 81 142 217 201 66 157 118 0 2 4 0 0 0 23 0 0 0 0 0 7 23 0 0 0 0 105 258 0 0 0 0 0 0 0 0 0 0 0 0 0 0 0 0 0 0 0 0 0 0 0 12 0 0 0 0 0 0 0 0 0 0 0 0 0 5 0 0 16 10 15 23 12 20 17 5 11 0 0 13 10 4 10 0 0 0 2 5 3 14 0 0 0 0 11 0 0 0 0 0 43 27 0 0 0 0 30 0 0 0 0 0 0 0 0 0 0 0 0 0 0 0 0 0 0 0 0 0 0 0 0 0 11 5 0 0 0 0 0 0 0 0 0 0 0 4 0 0 0 0 10 42 27 0 0 10 15 0 10 39 4 7 0 0 0 8 0 0 1 0 0 0 0 0 10 27 19 0 0 0 10 0 0 15 0 0 0 22 0 0 17 0 0 0 0 0 0 0 0 7 0 1 0 0 0 0 0 2 0 0 38 0 40 1 0 0 0 0 0 0 0 0 0 0 0 0 0 0 0 0 0 0 9 11 0 0 1 0 
 0 0 0 0 1 0 0 0 0 0 2 0 0 0 0 0 0 0 0 0 0 0 0 0 0 0 0 0 0 0 0 0 0 0 0 0 0 3 0 0 39 35 52 51 203 63 23 67 276 198 0 99 51 31 225 93 183 342 55 98 4 2 1 0 0 0 57 0 0 0 0 0 15 51 0 0 3 0 25 52 0 0 0 0 0 0 0 0 0 0 1 0 0 0 0 0 0 0 0 0 0 0 0 0 0 0 9 0 0 0 0 0 0 0 0 0 0 0 0 0 13 13 11 9 10 36 0 0 8 3 0 11 6 0 0 9 0 0 0 0 17 21 7 0 0 1 29 23 0 10 0 0 13 5 12 0 3 0 57 0 0 0 0 0 0 0 0 0 0 0 0 25 0 0 0 0 0 0 0 0 0 0 0 4 0 0 0 0 0 0 0 0 0 0 0 0 0 0 0 0 0 0 13 12 4 0 0 0 11 0 0 14 0 0 0 0 0 0 0 0 0 10 0 0 0 0 10 20 19 0 7 0 10 54 3 5 0 0 10 25 0 0 17 0 0 0 0 0 0 0 0 3 0 0 0 0 0 0 0 8 0 0 62 4 1 4 0 0 0 0 0 0 0 0 0 0 0 0 0 0 0 0 3 0 0 16 0 0 0 0 
 0 0 0 2 0 11 0 0 0 1 0 0 0 0 0 0 2 0 2 0 1 3 3 18 8 0 0 0 1 0 2 0 0 0 24 0 21 9 0 3 72 257 249 231 113 341 34 161 118 278 99 0 37 47 38 262 182 95 47 256 5 2 4 0 0 0 51 0 2 5 1 0 107 1 0 9 2 50 0 50 0 0 0 0 0 0 0 0 0 0 0 0 0 0 0 0 0 0 0 0 1 0 0 0 4 0 4 1 7 0 7 0 1 0 7 11 14 0 0 0 0 0 7 32 2 30 0 0 0 14 14 10 0 0 0 0 26 19 0 0 6 20 0 0 17 0 0 0 14 29 0 0 0 0 0 0 0 0 32 25 0 0 0 0 0 8 0 3 0 0 0 0 0 0 0 0 6 0 0 0 0 5 0 0 0 0 0 0 0 0 6 0 23 6 3 0 6 0 0 0 0 9 0 8 14 38 0 0 0 19 12 48 0 0 9 0 12 10 11 0 1 0 0 0 0 0 0 16 0 0 0 0 0 3 14 0 0 0 22 20 0 0 0 0 0 1 0 2 0 0 0 0 0 1 0 3 1 0 5 2 0 27 2 63 1 1 4 39 0 0 15 0 0 0 0 0 0 0 0 0 0 3 0 0 0 0 0 0 0 0 
 62 0 0 0 0 0 0 0 0 0 0 0 0 0 0 0 0 0 0 0 3 3 3 3 76 4 2 3 3 68 66 75 3 3 64 2 3 3 3 3 110 167 108 66 56 64 219 65 217 56 51 37 0 101 390 94 42 28 239 66 14 0 0 0 0 1 53 2 52 0 0 1 0 4 0 0 0 0 0 0 0 0 0 0 0 0 0 0 0 0 0 0 0 0 0 0 0 0 0 0 0 0 0 0 0 0 0 0 0 7 0 0 0 0 0 0 15 0 0 0 27 10 28 9 29 19 24 4 15 10 0 0 18 0 52 0 0 9 27 6 0 0 6 1 0 0 0 10 6 0 0 0 2 28 6 0 10 1 15 0 0 0 0 0 0 0 0 0 0 0 0 0 0 0 0 0 0 0 0 0 0 0 0 0 0 0 0 21 0 0 0 0 0 0 0 0 0 0 0 0 14 9 17 10 10 0 5 38 0 1 29 0 0 14 0 0 1 8 19 7 0 11 0 0 0 0 1 0 0 0 0 0 11 0 8 0 0 0 0 0 0 0 0 0 0 28 0 0 0 0 0 4 0 0 0 0 0 0 0 2 0 0 2 0 0 2 0 0 0 0 0 0 0 0 0 0 0 0 0 0 0 0 0 0 0 0 0 0 0 0 
 3 3 3 3 3 3 3 3 3 3 3 3 3 4 3 3 3 3 3 6 1 5 6 2 78 273 2 0 2 3 5 61 2 3 2 0 1 67 0 203 45 57 61 83 102 45 210 101 258 81 31 47 101 0 463 36 43 57 330 239 5 2 0 0 0 3 0 5 0 0 0 3 0 7 0 0 2 2 3 0 0 0 0 0 0 0 0 0 0 0 0 0 0 0 0 0 0 0 0 0 0 0 0 0 16 21 0 0 1 0 3 11 0 0 0 0 0 2 0 0 1 0 10 0 5 6 20 12 20 16 0 10 14 42 5 0 11 17 20 8 0 0 0 0 0 0 0 3 0 0 0 0 2 9 0 19 0 0 4 0 0 0 0 0 0 0 0 0 3 0 0 0 0 0 0 2 0 0 0 0 0 0 0 0 0 0 0 0 0 0 12 14 0 0 0 0 0 0 0 0 10 30 9 0 2 0 0 17 1 0 12 54 0 9 37 19 10 5 10 1 0 25 0 0 0 0 0 0 0 0 5 0 0 0 0 0 0 0 10 4 0 0 0 0 0 0 0 1 0 0 0 22 0 0 0 0 0 62 1 2 0 0 0 0 1 61 2 0 1 0 0 0 0 0 0 0 0 0 0 0 0 0 9 0 7 0 14 10 1 0 
 0 2 3 27 4 0 0 0 0 1 0 8 0 0 0 4 0 0 0 0 0 1 0 0 194 66 0 0 0 0 5 58 0 1 0 0 0 26 3 3 72 237 150 76 309 52 121 65 415 142 225 38 390 463 0 166 60 78 185 148 16 0 0 0 0 3 0 0 0 0 0 4 0 3 0 0 0 2 0 0 0 20 0 0 5 3 0 0 26 0 0 0 13 0 0 5 0 0 0 0 0 0 0 0 1 24 0 0 0 0 14 0 1 0 0 0 0 0 6 0 0 62 11 11 11 32 50 0 0 10 11 0 0 13 27 11 0 31 44 17 0 0 0 0 6 0 0 0 2 0 0 0 14 2 0 2 0 0 0 0 0 0 9 0 0 1 0 0 3 0 0 0 0 0 11 0 0 0 0 0 0 0 0 0 0 0 0 0 0 0 10 10 0 0 0 0 0 0 1 0 5 17 17 1 0 0 2 28 23 13 43 0 0 42 8 53 13 25 1 0 0 0 0 0 19 0 18 0 0 0 0 0 9 0 0 0 0 0 0 1 0 1 0 0 0 0 0 0 0 31 0 5 0 0 0 0 0 0 0 1 0 0 0 0 0 3 3 0 0 0 0 0 0 0 0 0 0 0 0 0 0 0 0 0 0 0 10 0 2 0 
 0 0 0 2 0 0 0 4 2 0 0 54 0 0 0 0 7 0 5 0 0 6 4 0 66 6 0 4 7 4 0 15 0 1 0 4 0 5 0 0 346 136 535 269 178 98 313 93 113 217 93 262 94 36 166 0 199 59 111 122 1 2 0 0 0 0 3 2 2 0 0 0 2 2 0 0 0 3 21 258 0 0 10 0 0 0 0 0 19 0 0 0 0 0 0 0 0 0 0 0 0 3 6 5 1 10 0 0 0 8 0 0 9 0 0 0 9 4 0 0 14 26 13 21 19 0 4 4 14 1 5 0 4 0 13 4 5 4 0 0 0 11 0 0 0 0 0 0 7 0 0 0 11 1 0 0 0 0 9 0 0 0 0 0 0 1 0 27 0 0 0 6 0 0 0 0 0 0 0 0 0 0 21 4 4 0 0 0 0 8 0 17 0 0 0 0 9 19 0 0 24 11 14 15 12 2 21 8 50 30 12 9 0 0 0 21 42 0 14 7 0 0 0 0 0 0 20 11 0 0 10 0 0 0 0 0 0 8 9 11 0 0 9 0 0 0 0 0 0 0 0 2 0 2 0 0 0 0 0 5 0 0 0 64 13 13 2 0 0 0 0 0 0 0 0 0 0 0 0 0 0 4 0 0 38 0 0 0 1 0 
 3 3 3 3 3 3 3 3 3 3 3 3 3 3 3 3 3 3 5 3 0 2 0 1 0 0 0 0 0 0 0 0 0 0 3 0 0 5 0 0 37 51 125 136 384 118 37 77 51 201 183 182 42 43 60 199 0 241 243 57 0 0 4 0 0 52 0 0 0 0 0 0 55 0 0 0 0 0 62 47 0 0 0 0 0 0 0 0 0 0 0 0 0 0 0 0 0 0 0 0 0 0 0 0 0 0 0 0 0 0 0 0 0 0 0 0 0 0 0 0 0 0 0 19 0 31 0 0 0 30 35 11 0 0 7 11 20 0 0 10 11 11 0 0 8 0 24 0 0 8 0 0 23 1 0 4 1 0 38 0 0 0 0 0 0 0 0 5 0 0 0 6 0 0 0 0 0 0 0 0 0 0 0 0 0 29 0 0 0 0 0 0 0 0 0 0 0 0 0 0 0 3 22 10 0 31 0 0 0 0 0 35 0 13 0 0 8 13 0 0 0 4 0 0 0 0 7 31 11 0 0 0 8 19 0 0 0 0 24 20 0 0 9 0 0 0 0 0 0 0 0 2 0 2 0 0 0 0 0 16 0 0 0 62 67 10 1 0 0 2 3 0 0 0 0 0 0 0 0 0 0 3 11 0 13 10 0 0 1 0 
 0 0 0 0 0 0 2 0 5 0 3 0 0 0 0 0 0 0 0 1 0 0 0 2 0 0 0 0 0 0 0 0 0 0 3 0 0 6 0 0 312 57 113 117 39 106 104 89 31 66 342 95 28 57 78 59 241 0 34 102 1 3 0 0 2 1 0 0 0 0 1 0 17 2 0 0 0 0 0 49 0 0 0 0 0 0 0 0 0 0 0 0 0 0 0 0 0 0 0 0 0 0 0 0 0 0 0 0 0 0 0 0 0 0 0 0 0 0 0 0 7 27 19 10 0 41 0 0 16 22 0 5 15 17 10 26 17 0 0 0 12 10 0 0 9 0 0 17 0 14 0 0 0 4 0 0 0 0 24 0 0 0 0 0 0 0 0 0 0 0 0 5 0 0 5 0 0 0 0 0 0 0 0 0 0 0 0 0 0 0 0 0 0 0 0 0 10 0 0 0 5 39 16 13 2 18 0 0 17 10 0 13 5 38 0 0 0 11 0 7 0 13 0 0 0 0 0 15 0 0 0 0 0 33 18 0 0 0 20 19 0 0 0 0 0 0 0 0 0 0 0 6 0 2 0 0 0 0 0 2 0 0 2 0 1 1 0 4 0 0 11 0 0 0 0 0 0 0 0 0 0 0 9 0 1 0 0 0 1 0 
 0 0 0 0 0 0 5 0 0 0 0 0 0 0 0 0 0 0 0 0 2 2 2 5 68 83 2 2 2 2 26 2 2 2 9 2 2 73 2 2 33 179 158 90 67 52 51 135 204 157 55 47 239 330 185 111 243 34 0 618 5 1 0 0 0 4 36 1 0 0 0 3 7 4 0 0 0 1 7 0 0 0 0 0 0 0 0 0 0 0 0 0 35 0 0 0 0 0 0 0 0 0 0 0 7 17 0 0 0 11 1 0 0 0 0 0 0 0 0 0 29 13 12 9 24 7 47 11 7 13 22 12 5 11 74 10 11 30 20 0 0 5 8 10 0 0 0 4 0 0 3 0 14 6 8 35 8 5 5 1 0 0 0 0 0 0 0 0 0 0 0 0 0 0 0 0 0 0 0 0 0 0 0 0 0 0 0 0 0 0 0 0 0 0 0 0 0 0 0 0 4 15 35 2 4 0 1 37 0 6 34 0 0 40 19 34 30 13 26 0 19 0 0 0 0 0 0 0 3 0 11 0 13 0 10 0 0 0 0 15 0 0 0 0 0 0 0 0 0 0 0 2 0 2 7 0 0 0 0 0 0 0 1 2 2 63 0 0 0 0 0 0 0 0 0 0 0 0 0 0 0 0 0 0 0 0 0 0 0 0 
 0 0 0 0 0 0 0 0 1 0 0 0 0 65 0 0 0 0 0 0 2 2 2 211 20 72 1 2 65 3 80 64 3 2 1 1 63 19 202 3 76 97 78 63 154 269 443 106 357 118 98 256 66 239 148 122 57 102 618 0 0 2 0 0 0 0 0 0 0 0 0 0 0 6 0 0 0 0 0 0 0 0 0 0 0 0 0 0 0 0 0 0 0 0 0 0 0 0 0 0 0 0 0 0 0 0 0 0 0 0 0 0 0 0 0 0 0 11 0 0 0 0 10 0 25 0 18 13 29 0 0 7 9 6 6 12 11 8 0 11 0 0 0 0 0 0 0 0 0 0 0 2 2 0 0 50 0 0 0 0 1 0 0 0 0 0 0 0 8 0 0 0 0 0 0 5 0 6 0 6 0 0 10 0 0 0 0 0 0 11 0 0 0 0 0 14 0 0 0 13 29 14 0 0 0 0 17 12 0 6 1 0 0 0 13 0 10 0 0 35 0 0 0 0 0 0 0 0 0 0 6 0 0 0 0 0 0 0 10 0 0 0 0 0 0 0 0 0 0 0 0 9 0 0 0 0 0 54 55 0 0 0 0 0 0 2 5 1 1 0 0 0 0 0 0 0 0 0 0 0 0 0 0 0 16 0 0 10 1 0 
 0 0 0 0 0 0 0 0 0 0 0 0 0 0 0 2 0 0 0 0 0 0 4 0 9 53 0 0 0 4 0 8 0 0 7 0 0 3 0 0 0 0 0 25 50 0 2 2 0 0 4 5 14 5 16 1 0 1 5 0 0 150 164 54 128 52 119 74 92 65 28 112 99 193 108 67 43 31 25 41 0 0 0 0 0 0 0 0 0 0 0 0 0 0 0 0 0 0 0 0 0 18 0 0 2 12 0 0 0 0 7 0 0 0 18 0 0 0 0 0 0 7 0 1 0 11 0 0 0 13 21 2 9 5 0 0 0 0 0 0 0 68 28 9 0 0 9 30 28 11 38 0 0 18 16 0 20 2 20 11 0 0 0 0 0 7 0 0 2 0 0 0 0 0 0 0 3 0 0 0 0 0 0 0 0 0 0 0 0 0 3 7 0 0 0 0 0 0 0 0 2 5 7 10 12 7 0 0 5 0 0 0 0 7 0 16 0 13 0 0 9 19 6 15 0 6 1 21 0 12 27 0 8 0 9 23 14 10 0 0 8 0 0 0 0 0 0 0 0 0 0 0 0 2 5 2 0 0 0 0 0 0 3 3 0 1 0 0 0 0 2 0 0 0 3 0 0 0 0 0 0 0 0 0 0 0 7 0 0 0 
