 0 404 60 44 154 268 162 147 245 327 29 125 365 135 131 117 122 309 46 244 2 0 0 2 0 0 0 2 0 0 0 74 0 0 0 0 1 3 2 76 0 0 3 0 0 3 0 3 0 0 0 0 0 1 8 2 0 0 0 0 0 0 5 0 1 0 0 3 0 0 0 0 0 1 2 0 0 1 3 3 27 13 0 5 17 0 20 38 0 15 0 0 8 9 13 1 49 1 14 2 0 0 0 0 0 13 10 0 0 0 0 0 0 7 0 0 0 0 0 12 0 0 0 0 0 0 0 2 0 0 0 0 0 0 0 0 0 0 0 0 0 0 0 0 17 0 0 0 0 0 11 0 0 0 0 0 0 5 0 0 0 27 12 8 12 0 13 25 39 0 6 0 60 19 12 0 12 0 14 50 0 0 0 2 0 1 0 1 0 0 0 0 0 0 0 0 0 0 0 16 0 0 0 0 0 0 0 0 0 1 0 0 0 0 0 0 2 0 0 0 0 0 0 0 0 0 0 0 0 0 0 0 0 0 0 0 0 0 0 0 0 16 0 0 0 1 0 0 0 0 0 7 0 0 0 0 0 0 0 0 0 0 0 0 0 0 0 0 0 0 0 0 0 0 0 0 18 0 0 0 0 0 0 0 0 0 0 0 0 1 
 404 0 377 60 43 252 387 165 102 342 209 397 135 128 48 137 131 119 46 245 2 0 0 3 1 4 0 2 0 0 0 4 0 0 2 0 5 4 25 26 0 3 3 2 8 0 1 9 23 30 2 3 0 5 3 0 7 0 0 0 0 0 4 0 7 3 1 0 0 1 4 4 0 4 2 4 1 0 0 2 10 30 41 29 15 0 16 18 5 30 16 0 9 0 20 15 17 0 13 2 0 0 0 0 0 0 0 0 0 0 0 0 0 5 0 0 0 0 3 10 0 0 0 0 0 0 1 1 0 0 0 0 2 0 0 0 0 0 2 1 0 3 2 0 0 0 0 11 3 0 0 0 0 1 2 1 0 2 0 0 0 27 0 31 11 0 0 30 6 17 0 16 13 17 2 0 26 2 0 9 0 0 0 2 0 1 0 0 0 0 0 0 0 0 0 0 0 0 24 20 0 0 0 10 0 0 2 0 0 0 0 0 0 0 0 0 2 0 0 0 0 0 1 0 0 52 0 0 0 0 0 0 0 0 0 0 0 0 0 0 0 15 0 0 0 0 1 0 23 3 0 9 0 0 0 0 2 0 0 0 2 0 0 0 0 2 0 0 3 0 0 0 2 0 0 0 43 0 0 0 0 0 0 0 0 0 0 0 0 0 
 60 377 0 153 151 572 362 168 271 362 123 286 56 159 91 276 57 147 263 268 0 0 0 2 1 0 0 2 0 0 0 0 104 0 2 0 0 1 149 77 37 0 32 0 0 0 0 3 0 0 0 0 0 1 2 2 0 5 0 0 0 0 0 0 3 0 0 0 0 1 0 0 0 0 0 2 0 0 0 4 0 10 16 0 17 10 0 0 27 0 46 7 4 0 19 0 1 25 0 0 20 0 0 0 0 0 14 1 0 0 0 0 3 20 0 0 26 0 34 55 1 0 0 0 0 0 0 0 0 0 0 0 0 0 0 0 0 0 0 0 0 1 0 0 0 0 0 0 0 0 0 0 0 0 7 0 0 0 8 0 0 0 0 41 11 1 0 12 13 0 18 40 0 0 0 0 0 50 0 0 2 0 0 0 0 0 14 15 0 0 0 0 19 0 0 0 0 0 16 0 15 0 0 0 0 0 21 0 0 0 0 0 0 0 0 0 0 0 0 0 0 0 0 0 0 0 0 0 0 0 0 0 0 2 0 0 0 0 0 0 0 0 0 0 0 0 90 0 3 4 1 14 16 0 0 0 0 0 0 0 0 0 0 0 0 0 0 0 0 0 0 0 0 0 0 0 6 0 0 0 0 0 0 0 0 0 0 0 0 0 
 44 60 153 0 132 349 111 61 61 582 142 50 67 60 80 289 58 149 303 73 2 0 0 2 17 2 74 76 0 2 0 2 109 0 6 0 2 2 80 78 0 0 3 0 0 0 3 3 0 0 0 1 0 2 67 0 1 2 0 64 0 0 0 0 3 0 0 0 0 0 0 0 0 0 0 0 0 3 4 4 0 0 30 17 12 26 4 14 1 0 11 24 0 0 0 17 11 0 0 0 42 0 0 10 0 0 0 0 0 13 0 0 20 0 0 0 47 0 0 14 0 9 0 0 0 0 1 0 0 0 1 0 0 0 0 0 0 0 0 0 0 0 0 0 0 0 0 0 0 0 0 0 0 0 1 0 2 0 5 0 10 11 0 16 2 23 0 3 2 23 0 0 0 1 0 11 0 5 0 0 19 7 0 0 0 0 21 15 2 0 0 0 25 32 3 12 0 1 8 0 0 0 0 0 0 2 1 0 0 0 10 0 0 0 0 0 0 0 0 0 0 0 0 0 0 0 0 0 0 0 0 0 0 0 0 7 1 0 0 0 0 0 0 0 0 4 0 2 0 91 0 9 0 0 0 0 0 0 0 0 0 0 0 0 0 0 0 0 0 2 0 0 0 0 0 9 0 0 0 0 0 0 0 0 0 0 0 0 0 0 
 154 43 151 132 0 423 266 369 166 145 225 65 526 163 90 61 291 132 57 392 3 3 0 0 5 73 0 2 3 2 0 0 34 1 1 79 4 1 3 3 0 0 7 2 0 0 0 4 0 1 0 0 2 4 6 1 1 8 3 0 0 0 0 0 3 0 0 52 0 2 0 0 0 0 0 0 3 0 0 2 1 0 14 0 50 25 0 0 12 11 9 13 0 0 10 0 25 13 0 0 14 1 0 0 0 0 39 1 0 17 0 0 40 18 0 0 0 10 0 9 34 0 0 0 0 0 0 0 1 0 0 0 0 0 0 0 0 0 0 0 0 2 0 0 1 0 0 0 0 0 0 0 0 0 2 0 0 0 0 0 1 0 14 29 10 10 0 1 13 13 8 28 0 0 10 10 0 16 0 0 5 0 1 0 0 0 7 21 18 0 7 0 0 21 0 11 0 0 0 23 0 0 0 0 0 0 0 0 0 0 0 0 0 0 0 0 0 0 0 0 0 0 0 0 0 0 0 0 0 0 0 0 0 0 0 0 0 0 0 0 0 0 0 0 0 4 58 0 3 3 0 5 0 42 0 0 0 0 0 0 0 2 7 0 0 0 0 0 0 0 0 0 0 0 0 1 22 0 0 0 0 0 0 0 0 0 0 0 0 0 
 268 252 572 349 423 0 132 42 88 260 81 415 34 33 52 190 51 159 61 65 152 0 0 0 2 0 1 77 0 0 0 0 78 0 41 74 0 3 25 96 14 25 2 4 0 0 2 3 0 0 0 2 1 0 6 0 4 0 9 0 0 0 0 0 1 0 0 0 0 0 0 0 0 0 0 0 0 0 0 3 0 1 20 12 12 27 0 18 0 0 16 0 0 0 2 11 0 0 0 0 15 11 0 9 0 0 8 0 8 25 11 0 2 0 0 0 10 0 24 0 0 1 0 0 0 0 1 0 0 0 0 0 0 0 0 0 0 0 0 2 0 0 0 0 0 0 0 0 0 0 0 0 0 0 0 0 0 0 0 0 5 0 0 27 0 0 0 2 2 17 0 0 0 4 0 0 0 31 0 0 18 20 0 0 0 0 10 14 2 0 0 0 1 18 12 8 15 25 63 0 0 0 0 0 0 2 1 0 0 0 0 0 0 0 0 0 0 0 0 0 0 0 0 0 0 0 0 0 0 25 0 0 0 0 0 0 0 0 0 0 0 0 0 0 0 0 1 0 3 95 1 5 1 0 0 0 0 23 0 0 0 0 0 0 0 0 0 0 0 0 0 0 0 0 0 0 0 0 0 0 0 0 0 0 0 0 0 0 0 0 
 162 387 362 111 266 132 0 212 52 162 116 44 307 182 358 50 363 35 40 108 0 2 0 2 0 0 0 2 0 0 1 0 0 0 0 1 0 77 4 3 0 0 3 0 0 0 1 3 0 0 0 0 0 1 2 0 0 0 0 0 0 0 0 0 2 0 0 0 2 0 0 0 0 0 0 0 0 0 0 3 55 21 4 24 0 0 18 39 0 6 0 18 24 18 0 24 0 0 11 10 0 0 0 0 6 0 0 0 0 0 0 0 0 0 0 0 0 0 0 1 1 0 0 0 0 0 0 0 0 0 0 0 0 0 0 0 0 0 0 0 0 0 1 0 2 0 0 0 0 0 0 0 0 0 0 2 0 0 0 0 0 14 0 5 0 0 10 5 0 0 8 38 68 34 46 11 30 0 9 0 0 0 0 0 0 0 0 0 0 0 0 1 0 0 0 0 0 7 0 0 0 0 0 0 0 0 0 0 0 0 0 0 0 0 0 0 0 2 0 0 0 1 0 0 0 0 0 0 0 0 0 0 0 0 0 0 0 0 0 0 0 0 0 0 0 2 0 0 4 2 10 9 0 0 0 0 0 0 1 0 2 0 2 0 0 0 1 0 0 0 0 0 0 0 0 0 0 0 0 0 0 0 0 0 0 0 0 0 0 1 
 147 165 168 61 369 42 212 0 113 146 209 145 140 82 237 158 316 32 161 79 0 0 0 1 0 0 0 2 0 0 1 0 0 0 0 1 0 2 3 3 0 0 7 0 0 0 1 3 0 0 0 0 0 3 3 0 2 0 0 0 0 0 0 0 3 0 56 0 0 0 0 2 0 0 0 0 0 0 0 2 18 32 10 1 18 0 18 32 52 29 9 27 7 43 33 44 0 25 11 1 0 0 0 0 0 2 0 0 0 0 0 0 0 11 0 0 0 2 0 25 0 5 0 0 0 21 0 0 0 0 0 0 0 0 0 0 0 0 0 0 0 0 0 0 4 1 0 0 12 0 2 0 0 0 0 0 0 0 0 2 0 30 1 9 4 7 0 3 0 8 23 20 21 19 10 22 38 0 0 19 0 0 0 0 2 0 0 0 0 0 0 0 0 0 0 0 0 0 0 0 0 0 2 1 0 0 0 0 0 0 0 0 0 1 0 0 0 0 0 0 0 0 0 0 0 0 0 0 0 0 0 0 0 0 0 0 0 0 0 0 0 0 0 0 2 2 88 2 0 2 14 3 0 0 2 0 0 0 0 0 0 0 9 0 0 0 0 0 0 0 0 0 0 0 0 0 0 0 0 0 0 0 0 0 0 0 0 0 0 0 
 245 102 271 61 166 88 52 113 0 302 45 125 133 131 191 83 37 37 84 211 0 0 0 8 0 0 0 2 0 0 0 0 76 0 0 0 0 2 41 39 40 0 3 0 0 5 0 3 0 0 0 1 0 2 2 0 1 0 0 0 0 0 0 0 3 0 0 0 0 0 6 0 10 11 0 5 1 10 0 3 0 0 35 14 10 1 0 48 0 0 20 0 7 0 0 54 17 0 13 10 15 0 0 0 0 0 12 0 0 0 0 0 0 0 1 0 0 0 11 0 0 0 0 0 0 0 0 12 0 0 0 0 0 5 4 1 0 0 0 0 0 5 0 0 1 0 0 0 0 0 11 0 2 0 17 0 0 0 3 0 55 23 10 8 9 0 28 32 70 11 0 30 6 0 1 2 0 14 15 1 0 1 0 0 0 0 58 11 0 0 1 0 0 0 0 2 0 0 11 1 0 0 0 0 0 0 1 0 0 0 0 0 0 0 0 0 0 0 0 0 0 0 0 0 0 0 0 0 0 0 2 0 2 0 0 0 1 0 0 0 0 1 0 0 0 2 86 0 0 0 1 2 2 0 0 0 0 0 0 0 0 0 0 0 0 0 0 0 0 0 0 0 0 0 0 0 0 0 0 0 0 0 0 0 0 0 0 0 0 0 
 327 342 362 582 145 260 162 146 302 0 325 264 46 177 384 210 218 170 72 341 1 1 0 0 0 0 0 3 0 0 0 0 18 0 0 0 0 1 118 78 0 0 3 0 0 0 0 3 0 0 0 0 0 2 37 0 1 10 0 0 0 0 8 0 3 0 0 0 0 0 0 0 0 0 0 0 0 1 0 3 10 2 21 6 19 6 0 16 18 0 26 0 0 14 33 27 20 16 0 0 0 0 0 0 0 0 18 0 0 1 0 0 13 0 0 0 10 0 0 13 0 0 0 0 0 0 2 0 0 0 2 0 0 0 0 0 0 19 0 0 0 7 0 0 0 0 0 0 0 0 0 0 0 0 6 0 1 0 0 0 21 14 16 54 14 14 0 33 17 14 0 17 0 0 24 15 0 25 0 0 1 0 0 0 0 0 17 16 1 0 8 0 28 0 0 0 0 6 17 2 0 0 0 0 0 1 2 0 0 0 11 0 0 0 0 0 0 0 0 0 0 0 0 0 0 0 0 6 0 0 0 0 0 0 0 11 0 0 0 0 0 0 0 0 0 2 47 2 2 0 0 4 0 0 2 0 0 0 0 0 0 0 0 0 0 0 0 0 0 1 0 0 0 0 0 10 20 0 0 0 0 0 0 0 0 0 0 0 0 0 
 29 209 123 142 225 81 116 209 45 325 0 358 24 45 163 108 158 122 39 141 0 4 0 1 0 0 79 2 0 0 0 6 4 0 0 0 2 1 3 3 0 0 11 0 0 1 4 3 0 0 2 0 0 4 2 0 1 11 0 0 0 0 6 2 3 0 0 0 0 0 0 8 0 0 0 0 0 0 0 3 1 1 43 23 13 19 11 0 31 20 0 68 11 0 19 0 36 27 0 0 0 4 1 0 0 0 0 0 0 0 0 0 11 13 3 0 2 0 0 35 0 0 0 0 0 0 0 0 0 0 0 0 0 0 0 0 0 0 0 0 0 0 0 0 0 0 2 0 0 0 0 0 0 0 0 0 0 0 5 0 19 16 19 11 19 11 0 0 0 53 34 24 0 1 16 37 17 9 0 0 15 0 0 0 0 0 0 1 0 2 0 0 1 0 0 0 0 2 1 26 0 0 0 0 0 0 0 0 0 0 0 0 0 0 0 0 0 0 0 1 0 0 2 0 0 0 0 0 0 13 0 0 0 0 0 0 0 0 0 0 0 0 0 0 0 0 5 0 89 0 12 1 0 0 1 0 0 0 0 0 0 10 33 0 0 0 0 0 0 0 0 0 0 0 0 9 11 0 0 0 0 0 0 0 0 0 0 0 0 0 
 125 397 286 50 65 415 44 145 125 264 358 0 137 294 72 80 368 306 234 218 0 2 0 4 3 0 77 79 0 4 0 2 2 0 0 4 0 6 77 82 54 0 3 3 2 0 1 3 0 0 0 7 0 3 3 0 3 1 0 0 0 0 3 2 8 0 3 2 2 3 3 0 0 3 0 0 2 0 0 3 41 34 85 50 0 1 0 0 0 28 24 33 0 2 0 4 0 11 0 0 13 1 0 25 0 0 0 0 0 0 0 0 0 0 0 0 0 0 15 16 0 0 0 0 0 0 0 0 0 0 0 0 0 11 0 0 0 0 0 0 0 0 4 0 0 0 0 1 5 0 3 0 0 0 1 0 0 0 0 0 53 0 26 14 14 0 0 18 19 1 6 18 0 35 12 24 38 23 0 11 0 0 1 0 0 0 0 0 0 0 0 0 11 10 0 0 0 0 37 0 0 0 0 18 0 19 17 0 0 0 0 0 0 0 0 0 0 0 0 0 0 0 0 0 0 0 0 0 0 0 0 0 0 0 0 0 0 0 0 9 0 12 0 0 0 0 4 2 3 90 11 3 20 0 0 0 0 0 0 0 0 0 0 0 0 0 2 0 0 0 0 0 0 0 1 16 2 18 0 0 0 0 0 0 0 0 0 0 0 0 
 365 135 56 67 526 34 307 140 133 46 24 137 0 75 124 34 258 139 131 146 0 0 0 1 0 1 2 2 0 0 0 0 200 0 0 0 0 2 3 204 0 0 3 0 2 0 0 3 0 0 0 0 0 2 2 0 1 2 0 0 0 6 0 0 3 0 0 0 0 0 0 0 0 0 0 0 0 0 0 3 19 13 0 4 0 0 24 19 0 10 15 14 0 25 15 7 12 0 14 24 0 0 0 0 0 0 0 0 0 0 0 0 0 0 0 0 0 0 0 0 3 0 0 0 0 0 0 0 0 0 0 0 0 0 0 0 0 0 0 0 0 0 0 0 0 0 0 0 0 0 12 0 0 11 0 0 0 5 0 0 16 13 0 0 0 0 25 9 0 0 13 1 30 9 10 12 43 0 30 14 0 0 0 0 0 0 0 0 0 0 0 0 0 0 0 0 0 0 0 0 0 0 0 0 0 0 0 0 0 0 0 0 0 0 0 0 0 0 0 0 0 0 0 16 0 0 0 0 0 0 0 0 0 0 0 0 0 0 0 0 0 0 0 0 0 6 0 0 2 0 16 11 1 0 0 0 0 0 2 0 0 0 0 0 0 0 0 2 0 0 0 0 0 0 0 0 0 0 0 0 0 0 0 0 0 0 0 0 0 0 
 135 128 159 60 163 33 182 82 131 177 45 294 75 0 220 143 222 45 83 128 0 0 204 1 0 0 202 2 0 0 0 0 0 2 0 0 0 0 3 3 0 0 3 2 0 0 3 3 3 0 3 3 0 1 4 0 0 2 2 0 0 0 0 0 2 50 0 3 0 2 0 0 0 2 0 0 0 1 0 3 47 11 14 42 1 0 0 14 18 16 20 16 8 5 0 14 27 0 0 0 0 0 0 0 0 0 0 0 0 0 0 0 0 0 0 0 0 0 0 0 0 0 0 0 0 2 0 0 0 0 0 0 0 0 0 0 0 0 0 1 0 5 0 0 0 0 0 0 3 2 12 0 0 0 1 0 0 0 0 0 19 0 18 0 9 0 12 10 35 25 38 11 12 20 49 0 16 0 14 10 0 0 0 0 0 0 1 0 0 0 0 0 1 0 0 0 0 0 0 0 0 0 0 0 0 0 0 0 0 0 0 0 0 0 0 0 0 0 0 0 0 0 0 0 0 0 1 0 0 0 0 0 0 0 0 0 0 0 0 0 0 16 0 0 0 0 87 2 93 0 13 6 0 0 0 0 0 0 0 0 0 0 0 0 0 0 0 0 0 0 0 0 0 0 0 18 7 0 0 0 0 0 0 0 0 0 0 0 0 0 
 131 48 91 80 90 52 358 237 191 384 163 72 124 220 0 491 156 169 385 218 2 0 0 4 0 0 0 2 0 0 0 0 0 0 0 0 1 2 2 5 0 0 3 86 0 0 0 3 0 0 0 0 0 1 2 0 0 0 0 0 0 0 0 0 2 0 0 0 0 0 0 13 0 0 0 0 0 0 2 3 24 37 2 1 7 0 5 1 33 0 19 8 6 55 20 25 9 17 0 0 0 0 2 0 0 0 14 0 0 0 0 1 0 0 0 0 0 0 0 12 0 0 0 0 0 0 0 0 0 26 0 0 0 0 0 0 0 0 0 0 0 4 0 0 0 0 0 0 1 0 0 0 19 0 7 0 0 1 0 0 1 0 35 1 27 11 11 0 24 0 0 82 10 0 23 10 2 0 0 13 0 0 0 0 0 0 38 0 0 0 0 0 0 0 0 0 0 0 2 0 0 0 0 0 0 0 0 0 0 0 0 0 0 0 0 0 0 0 0 0 0 0 0 0 2 0 0 0 0 0 0 0 0 0 0 0 2 0 0 0 0 0 0 0 0 0 2 0 2 0 22 10 0 0 0 0 0 0 0 0 0 0 0 0 0 0 0 0 0 0 0 0 0 0 0 0 10 0 0 0 0 0 0 0 0 0 0 0 0 0 
 117 137 276 289 61 190 50 158 83 210 108 80 34 143 491 0 317 46 43 163 0 0 0 1 0 0 0 2 0 0 0 0 0 0 0 0 0 1 4 3 0 0 29 0 0 0 6 3 0 0 0 0 0 0 2 0 4 0 0 0 0 0 0 0 1 0 0 0 0 0 0 0 0 0 0 0 0 0 0 3 7 16 23 22 1 0 0 20 28 29 0 1 0 14 16 46 0 19 0 9 0 0 0 0 0 0 0 0 0 0 0 0 0 1 0 0 2 0 0 23 0 0 0 0 0 0 0 0 21 0 0 0 0 0 0 0 0 0 0 0 0 0 7 0 4 0 0 0 8 0 5 0 0 0 0 0 0 0 0 0 1 0 10 20 6 0 0 1 25 1 0 0 0 31 0 15 32 20 0 6 0 0 0 0 0 0 0 15 0 0 0 0 0 0 7 14 0 0 19 0 0 0 0 15 0 0 0 0 0 0 1 0 0 0 0 0 0 0 2 0 38 0 0 0 0 0 0 0 0 2 0 0 0 0 0 1 0 0 0 1 0 14 0 0 0 1 0 2 2 0 0 2 0 0 0 0 0 0 0 0 0 0 0 0 0 0 0 0 0 0 0 0 0 0 0 0 0 19 0 0 0 0 0 0 14 0 0 0 0 0 
 122 131 57 58 291 51 363 316 37 218 158 368 258 222 156 317 0 155 34 127 2 0 1 3 0 0 2 2 1 0 0 62 0 2 0 0 2 1 3 4 0 0 3 0 0 0 0 3 0 67 0 0 48 2 2 0 1 0 0 0 0 0 0 0 3 0 0 0 0 2 0 0 0 0 0 0 0 0 0 3 39 1 22 49 9 0 0 18 41 22 8 20 0 14 9 25 26 16 0 0 0 0 0 12 2 0 0 0 0 0 0 0 0 0 0 0 1 0 2 13 0 0 0 0 0 0 0 0 1 0 0 1 1 0 0 0 2 0 0 0 0 8 1 0 0 0 0 0 1 0 15 0 0 1 0 0 0 0 0 0 15 0 25 0 12 0 13 11 27 28 30 12 0 20 37 0 35 0 14 9 0 0 0 0 0 0 0 0 0 0 0 0 0 0 0 0 0 0 1 2 0 0 0 0 0 0 0 0 0 0 2 0 0 0 0 0 0 0 0 0 0 0 0 0 0 2 0 0 0 0 0 0 0 0 0 2 0 2 0 0 0 19 0 0 0 1 84 0 91 2 13 10 0 0 0 0 0 0 0 0 0 0 3 0 0 0 0 0 0 0 0 0 0 0 0 17 21 0 0 0 0 0 0 0 0 0 0 0 0 0 
 309 119 147 149 132 159 35 32 37 170 122 306 139 45 169 46 155 0 113 22 0 0 2 0 0 0 0 2 4 0 0 0 60 1 0 0 0 2 37 3 0 0 6 0 0 0 0 3 0 0 0 0 0 2 2 75 1 9 0 0 0 0 0 0 3 0 0 0 0 0 0 25 0 0 0 0 0 0 0 3 1 32 26 10 9 12 15 13 14 36 2 9 15 0 19 25 15 22 0 0 0 0 0 0 0 0 0 0 0 0 0 0 26 10 0 0 20 0 0 23 0 0 0 0 0 0 0 0 8 0 0 0 0 0 0 0 0 0 0 0 0 0 22 0 4 0 0 0 5 0 4 0 0 0 0 0 0 0 0 0 5 0 13 41 13 21 0 1 0 1 3 14 9 27 0 15 0 39 0 13 1 0 0 0 0 0 10 15 0 0 0 0 19 0 0 0 0 0 3 30 0 0 0 0 0 0 0 0 0 0 0 0 0 0 0 0 0 0 0 0 0 0 0 0 0 0 0 0 0 0 0 0 0 0 0 0 0 0 0 0 0 0 0 0 0 2 3 0 4 2 0 7 0 0 0 0 0 0 0 0 0 0 0 0 0 0 0 0 0 0 0 0 0 0 33 0 6 20 0 0 0 0 0 0 0 0 0 0 0 0 
 46 46 263 303 57 61 40 161 84 72 39 234 131 83 385 43 34 113 0 199 0 61 0 1 0 1 0 4 0 1 2 0 80 0 0 0 0 1 2 3 0 0 3 0 0 0 0 3 3 0 0 0 0 1 65 0 1 0 0 0 0 0 0 0 2 0 0 80 0 2 46 6 0 47 0 0 0 0 0 3 0 12 0 0 0 0 50 0 12 0 0 7 10 0 12 0 0 11 33 32 0 0 0 0 0 0 0 0 0 0 0 0 0 0 0 0 0 0 0 0 0 0 0 0 0 0 0 0 0 0 0 0 0 0 0 0 0 0 0 0 0 0 0 2 0 0 0 0 0 0 0 0 0 0 0 0 0 23 0 0 0 1 14 0 21 8 0 21 0 0 0 17 0 13 0 2 41 0 7 11 0 0 0 0 0 0 0 0 0 0 0 0 0 0 0 0 0 1 0 0 6 0 0 0 0 0 0 1 0 0 0 0 0 0 0 0 0 25 0 0 0 0 2 0 0 0 0 0 0 0 0 0 0 0 0 0 0 0 0 0 0 0 0 0 0 1 0 0 0 1 0 6 0 0 0 0 0 0 0 0 0 0 0 0 0 0 0 0 0 0 0 0 0 0 0 0 0 0 0 0 0 0 0 0 0 0 0 0 0 0 
 244 245 268 73 392 65 108 79 211 341 141 218 146 128 218 163 127 22 199 0 0 0 0 1 0 3 76 7 2 3 0 1 0 0 0 0 0 2 3 6 0 0 3 0 2 3 0 3 3 0 0 1 7 5 5 3 1 3 0 0 0 0 0 0 3 0 0 0 1 2 0 2 0 0 2 0 0 0 1 3 0 17 18 11 5 0 21 11 0 20 0 0 6 6 12 43 13 1 11 0 0 0 0 0 0 0 0 0 0 0 17 0 0 7 0 0 0 0 0 0 0 0 0 0 0 0 1 0 0 0 0 0 0 0 0 0 0 0 0 0 0 0 11 0 1 0 0 0 0 0 0 0 0 0 0 0 2 0 0 0 15 14 1 6 0 7 1 41 0 0 0 28 44 27 21 2 40 0 4 36 0 0 0 0 0 0 0 0 0 0 0 0 1 0 0 0 0 0 0 18 0 0 0 0 0 1 0 1 0 0 0 0 0 0 0 0 0 18 0 0 0 0 0 0 0 0 0 0 0 1 0 0 0 0 13 0 0 0 0 0 0 0 0 0 0 0 3 0 2 0 0 5 0 0 0 0 0 0 0 0 0 0 0 0 0 0 0 0 0 1 0 0 0 0 0 0 5 0 0 0 0 0 0 0 0 0 0 0 0 0 
 2 2 0 2 3 152 0 0 0 1 0 0 0 0 2 0 2 0 0 0 0 117 232 137 249 37 412 301 59 281 67 45 182 474 360 195 138 35 172 219 0 0 62 0 3 0 1 0 0 0 0 0 0 0 11 0 0 0 4 0 0 2 4 0 0 0 0 3 0 2 3 0 3 0 0 0 0 0 0 3 0 0 0 0 0 14 0 0 0 0 13 0 0 0 0 0 0 0 1 0 9 65 19 0 0 14 45 23 25 34 30 1 15 7 20 0 28 25 38 0 1 0 0 0 0 0 0 0 0 0 0 0 0 0 0 0 0 0 3 11 0 0 0 0 0 0 0 0 0 0 0 0 0 0 0 0 0 0 0 0 0 0 0 0 1 0 0 2 0 15 0 0 0 2 0 0 0 0 0 0 41 10 40 0 15 0 17 16 54 0 16 0 44 24 46 72 17 12 0 19 0 0 0 0 0 0 0 0 0 0 0 0 0 0 0 0 0 0 17 0 0 0 0 0 0 0 0 0 0 0 1 0 0 0 0 0 1 21 17 0 0 0 1 0 0 0 0 0 0 0 0 0 0 0 13 1 2 1 0 2 2 2 0 0 0 0 0 0 0 0 0 0 0 0 0 0 0 0 0 0 0 18 0 0 0 14 0 0 0 0 
 0 0 0 0 3 0 2 0 0 1 4 2 0 0 0 0 0 0 61 0 117 0 180 174 33 199 81 71 457 379 256 129 59 42 189 298 340 83 43 198 0 0 0 0 3 0 0 0 0 0 0 0 0 10 0 0 1 0 0 0 0 0 4 0 0 0 0 3 0 2 3 0 3 0 0 0 0 0 0 3 0 0 0 0 0 9 0 0 12 0 7 16 0 0 0 0 0 0 0 0 0 0 39 126 23 40 13 1 0 0 35 18 8 16 1 46 27 37 0 35 0 0 0 0 0 0 15 20 35 0 0 0 51 16 0 0 0 0 0 1 0 0 0 0 0 0 0 0 0 0 0 0 0 0 0 0 0 0 0 0 0 0 0 0 0 9 0 0 0 0 0 0 0 0 0 0 12 0 0 0 5 21 23 23 0 2 0 10 0 35 7 29 0 0 0 37 28 20 6 10 26 0 0 0 0 0 7 0 0 0 0 0 13 11 1 0 0 0 9 0 0 0 15 0 0 0 0 0 0 0 0 0 0 0 0 0 0 0 0 0 0 0 0 0 0 0 0 0 0 0 0 0 0 0 6 0 3 2 0 0 0 8 0 0 0 0 15 0 0 0 0 0 0 0 0 0 0 0 0 7 0 9 0 0 0 0 0 0 0 0 
 0 0 0 0 0 0 0 0 0 0 0 0 0 204 0 0 1 2 0 0 232 180 0 132 30 112 98 177 157 202 126 193 109 135 194 57 53 117 61 207 0 0 0 0 3 0 2 0 0 1 0 0 0 0 0 0 0 0 19 0 0 0 45 0 0 0 0 3 0 2 3 0 3 0 0 0 0 0 0 3 0 1 0 0 0 0 0 0 0 0 0 0 0 0 0 0 0 0 2 0 13 28 35 19 2 1 36 27 8 11 43 20 0 10 34 13 15 22 9 0 2 0 3 0 3 0 21 0 1 0 0 0 15 7 0 2 0 0 0 7 0 0 0 0 0 0 0 0 0 0 0 0 0 0 0 0 0 0 0 2 0 0 0 0 1 1 0 1 0 16 0 0 0 0 0 0 0 0 0 0 14 26 37 21 22 19 0 13 12 10 28 25 0 3 28 12 28 0 0 1 10 0 0 0 0 0 0 0 0 0 0 0 11 0 0 17 0 0 35 11 21 0 0 0 0 0 0 0 0 0 0 0 0 9 0 0 2 0 0 0 0 0 0 0 0 0 0 0 0 0 0 0 0 0 2 3 2 0 0 0 0 0 0 0 0 0 0 0 0 0 0 0 0 0 0 0 0 0 0 0 0 11 0 0 0 13 15 0 0 0 
 2 3 2 2 0 0 2 1 8 0 1 4 1 1 4 1 3 0 1 1 137 174 132 0 131 39 224 171 129 120 367 63 277 71 144 74 193 384 47 363 2 0 0 0 5 0 24 85 0 0 0 0 20 63 0 0 0 1 31 0 0 0 3 0 0 0 0 3 0 33 69 0 2 0 0 0 0 0 0 3 0 0 23 12 0 0 0 0 0 0 0 0 0 0 0 0 0 13 0 0 15 10 13 0 0 5 27 29 14 18 28 29 14 0 21 9 2 17 0 0 10 17 7 0 0 0 1 0 12 0 0 0 0 11 55 0 0 0 77 1 0 0 0 0 0 0 0 0 0 0 0 0 0 0 0 0 0 0 0 6 0 0 0 0 0 0 0 0 0 0 0 0 2 0 0 0 9 0 0 0 22 12 31 13 14 48 0 5 18 23 17 12 4 14 30 7 21 0 0 0 0 0 0 0 0 0 0 0 0 0 0 0 0 13 6 10 0 0 51 8 0 0 0 0 0 0 0 0 0 0 0 0 0 0 0 0 0 0 0 0 0 0 13 0 0 0 0 0 1 0 0 0 0 0 16 2 1 75 80 0 1 0 1 0 0 0 1 0 0 0 0 0 0 0 0 0 0 0 0 0 0 0 0 0 0 0 0 0 0 0 
 0 1 1 17 5 2 0 0 0 0 0 3 0 0 0 0 0 0 0 0 249 33 30 131 0 82 200 185 69 282 92 114 90 70 55 268 333 116 49 71 0 61 0 0 17 0 69 71 0 0 0 2 129 125 55 61 21 62 144 62 0 0 3 0 0 0 0 3 0 2 3 0 3 0 0 0 0 0 0 3 0 0 0 0 0 0 0 0 16 0 0 0 0 0 0 0 0 0 0 2 17 0 53 0 1 0 0 11 0 0 1 11 0 0 21 11 0 0 2 0 12 22 44 10 0 0 16 0 19 0 0 2 11 11 45 1 21 1 45 0 0 0 0 0 0 6 8 2 0 7 11 0 0 0 0 0 0 0 0 7 0 0 0 0 0 0 0 0 0 1 0 0 0 0 11 0 0 0 0 0 0 1 0 0 2 23 0 0 1 14 1 0 0 0 0 0 17 1 0 0 18 4 1 0 0 0 17 0 0 11 19 0 23 15 17 21 0 34 33 86 0 0 0 0 0 0 1 0 0 0 0 0 0 0 0 2 0 0 0 2 0 0 13 0 0 0 0 0 0 0 0 0 0 0 6 1 7 77 81 1 23 0 0 0 0 0 0 0 56 0 14 0 0 0 0 0 0 0 0 0 0 0 0 0 0 0 0 0 0 0 
 0 4 0 2 73 0 0 0 0 0 0 0 1 0 0 0 0 0 1 3 37 199 112 39 82 0 30 24 166 153 304 62 28 170 92 436 161 128 49 39 0 64 63 1 2 0 3 63 0 0 5 1 0 0 0 0 0 0 0 55 0 4 3 0 3 0 0 29 0 5 3 0 3 10 0 3 0 0 0 3 0 0 0 0 0 0 0 0 0 0 0 0 0 0 0 0 16 0 0 0 0 0 13 43 28 24 0 0 0 18 1 0 0 0 1 37 29 19 0 0 0 0 0 0 13 0 19 16 1 0 0 0 82 10 14 0 1 0 24 0 0 0 0 0 0 0 0 8 0 11 0 0 0 1 0 0 5 0 0 0 0 0 0 0 0 0 0 0 19 0 72 0 0 0 0 0 4 0 21 0 9 35 18 34 0 19 0 0 15 15 1 23 0 19 0 9 29 1 0 0 8 26 8 0 0 0 0 0 0 0 7 0 21 21 17 9 0 22 0 8 0 0 0 7 0 0 0 0 0 0 0 0 0 0 0 0 0 0 0 0 0 0 0 0 0 0 0 0 0 0 0 0 0 0 12 0 6 6 4 0 0 0 0 0 0 0 0 0 0 0 0 0 0 0 0 0 0 0 0 9 0 0 0 0 7 0 0 0 0 0 
 0 0 0 74 0 1 0 0 0 0 79 77 2 202 0 0 2 0 0 76 412 81 98 224 200 30 0 214 190 139 115 73 102 87 263 36 126 91 94 242 0 0 0 0 8 0 2 0 0 2 0 0 4 1 0 0 28 0 0 0 0 0 3 0 5 0 0 3 0 1 3 30 2 0 0 0 0 0 0 3 0 0 3 1 0 7 0 0 0 0 0 28 0 0 0 0 0 0 0 0 30 23 0 2 7 0 0 35 30 0 17 0 6 13 23 0 1 0 12 22 0 0 0 0 0 0 0 12 0 1 0 0 0 0 0 0 0 0 58 0 0 0 0 0 0 0 2 6 1 0 0 0 0 0 0 0 0 0 0 19 0 0 0 2 0 0 0 5 0 0 0 0 0 0 0 0 0 0 2 0 0 15 37 2 0 46 1 10 25 18 0 0 39 64 1 13 15 12 7 1 0 0 0 0 0 0 14 0 1 0 0 0 11 23 2 0 0 0 0 11 0 0 0 0 0 0 0 0 0 0 0 0 0 0 0 0 0 0 1 0 0 0 20 0 0 0 0 0 0 20 0 0 15 0 27 0 0 76 78 0 1 0 0 0 0 0 0 0 0 0 0 0 0 9 0 0 0 0 0 0 0 8 0 0 0 0 0 0 0 0 
 2 2 2 76 2 77 2 2 2 3 2 79 2 2 2 2 2 2 4 7 301 71 177 171 185 24 214 0 54 316 257 108 406 224 296 257 158 30 436 58 1 21 0 0 3 0 2 0 0 0 0 0 0 0 1 0 0 0 0 5 0 3 4 0 0 1 0 7 0 0 3 0 2 0 0 0 0 0 0 3 0 13 2 0 0 26 0 0 0 0 0 18 0 0 0 0 8 0 0 0 32 30 19 4 0 9 8 20 18 19 1 19 8 7 48 1 6 38 37 0 0 0 0 0 0 0 0 0 0 0 0 0 0 0 0 0 0 0 13 9 0 0 0 0 0 0 0 0 0 0 0 0 0 0 0 0 0 0 0 20 0 0 0 0 13 14 0 4 0 0 0 0 0 13 0 0 0 0 0 0 6 1 33 1 25 19 29 14 27 12 10 1 31 35 35 15 18 0 6 34 0 0 0 0 0 0 0 0 0 0 0 0 1 2 0 0 0 0 41 0 0 0 0 0 0 0 0 0 0 0 0 0 0 0 0 0 0 0 0 0 0 0 1 0 0 0 0 0 0 59 0 77 0 48 2 2 2 0 9 2 2 0 0 0 0 0 0 0 0 0 0 0 2 0 0 0 0 0 0 0 0 0 0 0 0 8 10 0 0 0 
 0 0 0 0 3 0 0 0 0 0 0 0 0 0 0 0 1 4 0 2 59 457 157 129 69 166 190 54 0 227 264 35 111 324 126 316 60 327 156 90 0 0 0 0 6 55 0 0 0 1 0 0 0 26 0 0 0 0 0 0 0 0 3 0 0 0 0 3 0 2 3 0 3 0 0 0 0 0 0 3 0 0 0 0 0 0 0 0 0 0 0 1 0 0 0 32 0 0 2 0 15 0 48 12 11 14 7 67 0 12 11 18 27 10 24 55 8 34 0 0 1 11 0 0 0 0 0 1 0 0 0 0 14 16 0 0 0 0 25 0 0 0 0 0 0 0 0 0 0 0 0 0 0 0 0 0 0 0 0 2 0 0 0 0 0 0 0 1 0 0 0 13 0 0 0 8 8 0 1 0 11 29 43 48 12 31 0 11 0 2 32 16 16 1 18 45 21 12 11 16 1 11 0 0 0 0 7 0 0 0 0 0 12 20 13 0 0 0 14 0 0 11 0 0 0 0 0 0 0 0 0 0 0 0 0 0 0 0 0 0 0 0 19 0 0 0 0 0 0 0 0 0 0 0 14 0 0 0 0 2 2 11 0 0 0 0 0 0 0 0 0 0 0 0 0 0 0 0 0 9 0 23 0 0 0 0 0 0 0 0 
 0 0 0 2 2 0 0 0 0 0 0 4 0 0 0 0 0 0 1 3 281 379 202 120 282 153 139 316 227 0 175 354 75 214 176 127 69 75 151 120 0 0 0 0 3 0 1 0 0 0 0 0 0 1 0 0 0 0 0 1 0 0 6 0 0 0 0 3 0 1 3 0 3 0 0 0 0 0 0 3 0 0 0 0 0 1 0 0 0 0 0 0 0 0 0 0 0 0 0 0 0 4 27 37 8 22 4 36 48 13 10 17 34 11 12 17 16 34 0 0 0 0 0 0 0 0 16 0 0 0 0 0 0 6 0 0 0 0 0 23 0 0 0 0 0 0 0 0 0 0 0 0 0 0 0 0 0 0 0 0 0 0 0 0 0 0 0 0 0 1 0 0 0 0 0 0 6 0 1 0 9 45 39 65 11 24 0 1 0 9 18 8 42 3 19 81 15 24 20 38 0 0 0 0 0 0 6 0 0 0 0 0 0 0 0 0 0 0 8 0 0 0 0 0 0 0 0 0 11 0 0 0 0 0 0 0 0 0 0 0 0 0 0 0 0 0 0 0 0 0 0 0 0 0 2 0 0 75 2 0 3 16 0 0 0 0 0 0 0 0 0 0 2 0 0 0 0 0 0 10 0 27 0 0 0 0 8 0 0 0 
 0 0 0 0 0 0 1 1 0 0 0 0 0 0 0 0 0 0 2 0 67 256 126 367 92 304 115 257 264 175 0 144 53 120 121 317 284 39 195 202 0 3 0 0 6 57 1 0 0 13 2 0 0 0 2 0 0 1 0 0 0 2 4 0 0 0 0 5 0 1 6 0 3 0 3 0 0 1 0 3 0 0 0 2 0 0 0 2 0 0 0 0 0 0 0 0 0 0 0 0 0 10 10 24 23 51 7 12 8 65 38 16 0 0 0 44 30 32 0 0 0 15 0 0 0 0 13 21 11 0 0 0 30 12 0 0 0 0 1 14 0 0 0 0 1 0 0 0 0 0 0 0 2 0 0 0 0 0 0 0 1 0 0 0 0 0 0 0 0 0 0 0 0 0 0 0 3 0 0 0 15 7 17 118 26 0 0 0 6 19 8 30 17 10 7 29 18 15 0 0 49 14 0 0 0 0 0 0 9 0 0 0 20 11 17 0 0 0 6 26 0 0 0 0 0 0 0 0 0 0 0 0 0 0 0 0 0 0 0 0 0 0 0 0 0 0 0 0 0 0 0 0 0 0 9 0 3 1 1 0 0 0 0 0 0 0 15 0 0 0 0 0 0 0 0 0 0 0 0 11 0 24 0 0 0 0 0 0 0 0 
 74 4 0 2 0 0 0 0 0 0 6 2 0 0 0 0 62 0 0 1 45 129 193 63 114 62 73 108 35 354 144 0 94 109 57 42 88 142 41 192 0 62 0 1 2 0 2 0 0 7 0 0 64 64 0 0 1 0 31 0 0 0 3 0 0 0 0 3 0 3 3 0 3 0 0 0 0 0 0 3 0 0 0 0 0 32 0 0 0 0 0 0 0 0 0 0 0 0 0 0 0 14 0 38 34 11 1 12 75 0 30 9 13 1 18 35 13 12 2 0 20 0 13 0 0 0 13 18 22 0 0 0 0 11 0 0 0 0 0 0 0 0 0 0 3 0 0 0 0 0 0 0 0 2 0 0 0 0 0 0 0 0 0 0 0 0 0 0 0 1 0 0 0 0 0 0 0 0 0 0 0 17 9 16 11 13 12 28 12 43 10 14 0 0 20 0 0 0 0 10 75 0 0 0 0 0 10 0 11 0 0 0 3 14 42 11 0 0 7 42 0 0 15 0 0 0 0 0 0 0 0 0 0 0 0 0 0 0 0 0 0 0 0 0 0 0 0 0 0 0 0 0 0 0 11 4 0 176 0 0 4 0 0 0 0 0 11 0 0 0 0 0 0 0 0 0 0 0 0 0 0 2 0 0 0 0 0 0 0 0 
 0 0 104 109 34 78 0 0 76 18 4 2 200 0 0 0 0 60 80 0 182 59 109 277 90 28 102 406 111 75 53 94 0 349 45 131 88 31 162 146 0 0 1 1 2 1 2 0 0 0 0 0 1 0 0 0 29 5 0 0 0 0 7 0 2 0 0 3 0 3 3 0 3 0 0 0 0 0 0 3 0 0 2 0 7 12 0 0 1 0 24 0 0 0 0 0 0 2 0 0 4 11 0 0 0 0 46 2 22 23 23 0 46 3 20 0 23 15 1 0 0 0 0 0 0 0 0 0 0 0 0 0 2 0 0 0 0 0 0 0 0 13 0 0 0 0 0 0 0 0 0 0 0 0 4 0 0 0 13 0 0 0 0 56 9 14 0 0 14 4 0 23 0 0 0 1 0 16 0 0 0 1 1 0 29 0 29 32 14 0 0 0 18 20 7 27 0 0 0 9 2 0 0 0 0 0 0 0 0 0 0 0 0 0 0 0 0 0 0 0 0 0 0 0 0 0 0 0 0 0 0 0 0 0 0 0 0 0 0 0 0 0 0 0 0 0 1 0 0 0 0 0 0 0 7 0 3 0 0 0 2 0 0 0 0 0 0 0 0 0 0 0 0 0 0 0 0 0 0 0 0 0 0 0 0 0 0 0 0 0 
 0 0 0 0 1 0 0 0 0 0 0 0 0 2 0 0 2 1 0 0 474 42 135 71 70 170 87 224 324 214 120 109 349 0 154 121 118 42 133 289 0 0 0 0 5 0 2 0 0 1 0 0 0 0 6 0 0 0 0 0 0 0 7 0 0 0 0 3 0 2 3 0 3 0 1 0 0 0 0 3 0 0 0 0 1 2 0 0 0 0 0 0 0 0 0 0 0 0 1 0 11 57 31 1 1 0 8 33 23 62 19 22 6 22 21 0 12 8 27 0 0 0 0 0 0 0 0 0 0 0 0 0 21 0 0 0 0 0 0 10 0 0 0 0 0 0 0 0 0 0 0 0 1 0 0 0 0 0 0 1 0 0 0 0 1 1 0 2 0 5 0 0 0 0 0 0 0 0 0 6 30 17 35 21 0 11 0 35 29 9 0 0 52 16 12 34 20 2 0 20 0 0 0 0 0 0 0 0 0 0 0 0 14 0 0 0 0 0 0 0 0 0 0 0 0 13 0 0 0 0 0 0 0 0 0 0 0 0 0 0 0 0 0 0 0 0 0 0 0 0 0 0 0 0 18 0 2 0 75 1 2 0 0 0 0 0 0 0 0 0 0 0 0 0 0 0 0 0 0 0 0 8 0 0 0 12 14 0 0 0 
 0 2 2 6 1 41 0 0 0 0 0 0 0 0 0 0 0 0 0 0 360 189 194 144 55 92 263 296 126 176 121 57 45 154 0 64 118 118 62 87 1 0 6 0 5 0 1 0 0 2 0 0 0 8 0 0 0 1 1 0 0 0 3 0 0 0 0 3 0 3 3 0 3 0 0 0 0 0 0 3 0 0 0 0 0 15 0 0 0 0 0 0 0 0 0 0 0 0 0 0 104 4 42 23 13 26 0 11 1 32 14 12 19 0 37 24 54 27 10 0 0 0 1 0 0 0 0 0 0 0 0 0 8 11 0 0 0 0 18 10 0 0 0 0 0 0 0 0 0 0 0 0 0 0 0 0 0 0 0 0 0 0 0 0 17 24 0 0 0 4 0 0 0 5 0 0 0 0 0 0 20 19 13 12 10 29 19 0 0 40 17 19 0 19 26 10 47 0 15 12 1 0 0 0 0 0 36 0 0 0 0 0 9 17 0 0 0 0 36 0 0 0 0 0 0 0 0 0 0 0 0 0 0 0 0 0 0 0 0 0 0 0 15 0 0 0 0 0 0 76 0 0 0 0 5 0 0 1 0 0 0 0 0 0 0 0 0 0 0 0 0 0 0 0 0 0 0 0 0 0 0 23 0 0 0 14 0 0 0 0 
 0 0 0 0 79 74 1 1 0 0 0 4 0 0 0 0 0 0 0 0 195 298 57 74 268 436 36 257 316 127 317 42 131 121 64 0 184 142 55 162 0 5 0 0 3 0 5 0 63 0 0 0 18 0 8 0 3 55 43 0 0 0 3 0 2 62 0 4 2 0 3 0 4 0 0 0 0 0 0 3 0 0 0 0 0 0 0 0 0 0 0 0 0 0 0 0 0 0 0 0 0 10 28 0 15 18 55 0 11 8 22 10 0 0 21 19 1 22 11 0 0 13 8 0 0 0 30 1 0 0 0 0 32 59 8 0 0 0 0 2 0 0 0 0 0 0 0 0 0 0 0 0 2 0 0 0 0 0 0 0 1 0 0 0 0 0 0 0 0 0 0 1 0 0 0 0 3 0 1 0 32 13 21 27 13 0 10 22 35 2 13 29 1 1 32 27 3 24 0 29 0 14 0 0 0 0 6 0 0 0 0 0 0 23 12 0 0 0 0 18 0 2 0 0 0 0 0 0 0 0 0 0 0 0 0 0 0 0 0 0 0 0 0 0 0 0 0 0 1 0 0 0 0 0 2 2 0 1 2 0 3 0 0 0 0 0 0 0 0 0 0 0 0 0 0 0 0 0 0 16 0 0 0 0 0 0 0 0 0 0 
 1 5 0 2 4 0 0 0 0 0 2 0 0 0 1 0 2 0 0 0 138 340 53 193 333 161 126 158 60 69 284 88 88 118 118 184 0 66 41 58 0 6 4 2 6 66 2 0 2 2 7 0 68 2 3 0 0 0 67 0 0 0 3 2 3 0 0 3 50 1 7 2 3 2 0 2 3 0 0 3 0 0 0 1 0 1 0 0 0 0 0 0 0 0 0 0 0 0 0 0 1 9 1 0 0 30 18 26 16 33 0 8 14 0 51 11 52 21 19 0 0 16 0 0 0 0 0 13 0 0 0 0 0 10 0 1 0 0 25 30 2 0 0 0 0 0 0 0 0 0 0 0 0 0 0 0 0 0 0 21 0 0 0 0 0 0 0 0 5 0 0 0 0 0 6 0 0 0 6 0 1 0 14 18 55 10 1 14 35 18 12 25 10 12 30 3 12 0 0 25 18 30 0 0 0 0 0 0 0 0 0 0 0 20 12 0 0 2 33 0 0 0 0 0 0 0 0 0 0 0 0 0 0 0 0 0 0 0 0 0 0 0 1 0 0 0 0 0 0 0 0 0 0 0 10 2 0 0 54 0 26 0 0 0 0 0 0 0 0 0 0 0 0 0 0 0 0 0 0 10 0 0 0 0 0 0 0 0 0 0 
 3 4 1 2 1 3 77 2 2 1 1 6 2 0 2 1 1 2 1 2 35 83 117 384 116 128 91 30 327 75 39 142 31 42 118 142 66 0 29 194 0 1 0 0 5 55 2 0 0 0 1 0 53 9 0 0 0 0 24 0 0 0 3 0 0 0 0 3 0 2 3 0 3 0 2 0 0 0 0 3 0 0 0 0 0 0 0 0 0 0 0 0 0 0 2 0 0 0 0 0 0 0 9 20 35 17 1 0 26 9 14 0 0 0 9 51 23 22 0 0 0 0 20 0 0 0 25 0 0 0 0 1 18 14 0 0 0 0 0 0 0 0 0 0 0 0 0 0 0 2 0 0 0 0 0 22 0 2 2 0 0 0 0 0 2 0 0 0 1 0 0 0 0 0 0 0 10 3 7 0 0 24 27 3 9 13 13 0 23 11 17 14 0 0 0 0 0 9 0 0 2 0 2 0 0 0 44 0 0 0 33 0 0 18 0 0 0 0 42 18 0 0 0 0 0 0 0 0 0 0 0 0 0 0 0 0 0 0 0 0 0 0 0 0 0 0 0 0 0 1 0 0 0 0 11 0 4 85 0 0 5 3 0 0 0 0 0 0 0 0 0 0 0 0 0 0 0 0 0 0 0 8 0 0 0 0 0 0 0 0 
 2 25 149 80 3 25 4 3 41 118 3 77 3 3 2 4 3 37 2 3 172 43 61 47 49 49 94 436 156 151 195 41 162 133 62 55 41 29 0 486 0 0 3 0 3 0 8 1 0 0 0 0 0 0 6 0 2 10 2 3 3 0 3 1 0 0 0 3 0 1 3 0 3 0 4 0 0 3 0 9 14 0 19 13 0 9 0 18 0 0 15 10 0 0 0 10 1 0 0 0 10 28 13 0 0 0 14 19 8 0 17 11 24 50 0 0 21 0 21 0 0 0 0 0 0 0 0 0 0 0 0 0 0 1 0 0 0 0 0 0 0 1 0 0 0 0 0 0 2 2 0 0 0 0 0 0 0 0 0 0 1 0 0 34 0 15 0 0 0 1 7 0 0 0 0 1 11 11 0 1 14 0 30 25 20 1 10 9 34 0 0 0 31 16 15 19 0 0 14 0 0 0 0 0 0 0 0 43 0 0 1 0 0 0 0 0 10 2 0 0 0 0 2 2 0 0 0 0 0 0 0 0 0 0 0 0 0 0 0 0 0 0 0 0 0 0 0 0 0 0 0 0 0 0 4 0 1 0 2 2 2 0 0 0 0 0 0 0 0 0 0 18 0 0 0 1 0 0 0 0 0 29 0 0 0 20 0 0 0 0 
 76 26 77 78 3 96 3 3 39 78 3 82 204 3 5 3 4 3 3 6 219 198 207 363 71 39 242 58 90 120 202 192 146 289 87 162 58 194 486 0 0 0 0 0 3 0 1 0 0 0 0 0 0 0 0 0 0 73 2 0 0 0 3 0 0 0 0 3 0 1 3 1 3 0 0 0 0 0 0 3 0 0 22 9 0 0 0 18 0 0 19 0 16 0 0 11 0 0 0 0 2 37 0 0 12 0 22 34 9 0 18 10 34 27 20 10 0 0 44 0 0 0 0 1 0 0 0 0 0 0 0 0 0 0 0 0 0 0 0 0 1 0 0 0 0 0 0 0 0 0 0 0 0 0 0 0 12 0 0 0 0 0 0 19 0 12 0 3 0 3 0 0 1 0 0 0 0 1 0 0 2 8 1 9 0 0 16 27 11 0 9 0 11 9 33 19 0 36 23 12 0 0 0 0 0 0 4 0 0 0 0 7 0 0 0 0 0 0 0 0 0 0 0 0 0 0 0 0 0 0 0 0 0 0 0 0 0 0 0 0 0 0 0 0 0 0 0 0 0 2 0 0 0 0 0 0 0 2 0 1 6 12 0 0 0 0 0 0 0 0 0 0 0 0 0 0 0 0 0 0 0 11 0 0 0 0 0 0 0 0 
 0 0 37 0 0 14 0 0 40 0 0 54 0 0 0 0 0 0 0 0 0 0 0 2 0 0 0 1 0 0 0 0 0 0 1 0 0 0 0 0 0 346 329 71 36 46 259 514 67 382 37 113 30 268 108 107 249 118 56 184 0 0 4 11 4 0 0 0 2 4 0 0 0 0 0 0 0 0 1 0 0 0 0 0 0 0 0 0 0 0 0 0 0 0 0 0 0 0 0 0 0 0 0 3 16 0 0 0 0 0 0 0 3 0 0 1 0 0 0 0 0 6 0 0 16 0 0 2 0 28 0 22 0 0 9 0 8 23 20 0 7 0 0 0 0 0 0 4 3 5 2 0 0 0 1 0 23 0 0 11 0 2 0 4 0 0 0 0 0 5 0 3 0 0 0 0 0 0 0 0 0 0 0 0 0 1 0 0 0 0 0 0 0 0 0 0 0 0 0 0 16 15 14 0 10 0 0 65 16 19 23 0 10 0 1 18 19 7 0 12 0 0 3 0 6 0 0 0 0 0 0 0 7 16 0 4 14 0 0 0 0 0 0 0 0 0 0 0 0 0 0 2 0 0 0 0 0 31 0 0 0 0 0 0 1 19 0 0 0 0 5 0 0 0 0 0 0 0 0 0 0 0 0 0 0 0 0 0 0 0 
 0 3 0 0 0 25 0 0 0 0 0 0 0 0 0 0 0 0 0 0 0 0 0 0 61 64 0 21 0 0 3 62 0 0 0 5 6 1 0 0 346 0 174 76 16 16 148 114 119 272 21 57 250 479 119 88 101 110 155 145 0 0 11 6 0 0 0 0 2 0 2 0 52 0 0 0 2 0 0 3 0 0 0 0 0 0 0 0 0 0 0 0 0 0 0 0 9 0 0 0 0 0 0 12 12 0 0 0 0 0 0 0 0 0 0 0 0 0 0 0 11 14 2 0 0 0 14 1 2 10 8 0 1 0 29 1 44 16 8 0 7 4 0 0 3 0 0 5 0 9 0 2 0 0 0 0 1 0 0 19 0 3 0 3 0 0 0 0 0 0 0 1 0 0 0 0 0 0 0 0 0 0 0 0 0 0 0 0 0 0 0 0 0 0 0 27 0 1 0 2 36 8 15 0 0 0 18 38 1 8 11 0 21 19 9 27 26 25 14 20 0 0 4 0 11 0 0 1 0 2 0 0 0 6 0 15 5 0 15 0 0 0 6 0 0 0 0 0 0 0 0 3 0 0 0 0 0 78 0 0 0 0 0 2 0 11 3 0 0 0 10 0 0 0 0 0 0 0 0 0 0 0 0 0 0 13 0 0 0 0 
 3 3 32 3 7 2 3 7 3 3 11 3 3 3 3 29 3 6 3 3 62 0 0 0 0 63 0 0 0 0 0 0 1 0 6 0 4 0 3 0 329 174 0 123 133 90 275 392 301 93 135 52 278 56 78 296 35 223 49 185 2 0 0 1 3 0 0 2 0 0 0 2 0 0 53 0 2 3 0 32 0 3 14 0 6 10 0 0 35 3 3 20 0 0 19 0 0 43 0 9 0 0 0 0 1 0 0 0 0 0 0 0 9 15 0 0 2 0 0 8 6 15 1 19 0 0 1 14 17 64 1 13 13 9 1 0 0 0 1 0 0 0 0 0 0 0 0 1 0 0 0 0 0 19 0 1 3 0 2 8 0 0 0 9 0 1 0 0 0 5 6 54 34 0 0 26 0 7 0 0 0 0 0 0 0 0 0 0 0 0 0 0 0 0 0 0 0 0 0 0 8 0 0 15 16 6 0 0 19 0 0 16 1 20 19 1 21 1 0 0 18 0 0 0 0 0 0 1 0 0 0 0 19 0 0 0 31 9 22 9 0 0 2 0 0 0 9 0 0 0 0 9 0 0 0 0 0 0 0 16 0 0 8 1 0 0 0 0 2 0 0 0 0 0 0 0 0 0 0 0 0 0 0 0 19 0 0 20 1 0 
 0 2 0 0 2 4 0 0 0 0 0 3 0 2 86 0 0 0 0 0 0 0 0 0 0 1 0 0 0 0 0 1 1 0 0 0 2 0 0 0 71 76 123 0 224 44 81 58 63 386 479 353 56 116 110 126 116 139 162 275 4 17 0 0 0 0 47 51 0 0 0 0 55 6 97 1 3 0 55 55 0 0 0 0 0 0 0 0 0 0 0 0 0 0 0 0 0 0 0 0 0 0 0 0 0 0 0 0 0 0 0 0 0 0 0 0 0 0 0 0 0 0 0 0 22 8 0 0 0 32 40 16 0 0 0 12 15 18 0 0 26 2 0 0 0 0 37 7 0 11 2 0 42 1 0 22 0 0 18 0 0 0 5 0 0 0 0 0 0 0 0 0 0 0 0 0 0 0 0 0 0 0 0 0 0 0 0 0 0 0 0 0 0 0 0 0 0 0 0 0 0 0 0 15 33 15 0 0 21 0 10 57 0 0 0 0 3 0 0 0 20 28 15 4 0 0 29 14 9 0 0 0 3 10 4 22 30 25 23 57 0 0 0 0 0 0 0 0 0 0 0 2 0 1 0 0 0 0 0 2 0 0 2 39 72 4 2 1 2 0 43 0 0 0 0 0 0 0 0 0 0 3 0 0 0 0 0 0 8 0 
 0 8 0 0 0 0 0 0 0 0 0 2 2 0 0 0 0 0 0 2 3 3 3 5 17 2 8 3 6 3 6 2 2 5 5 3 6 5 3 3 36 16 133 224 0 187 50 42 273 177 257 352 68 83 304 80 279 326 71 80 29 1 0 211 0 0 0 0 0 1 6 0 0 19 95 54 27 0 50 53 0 0 0 0 0 0 0 0 0 0 0 0 0 0 0 0 0 0 0 0 7 0 14 0 0 3 0 0 0 0 0 1 0 0 10 17 0 0 0 0 0 1 0 0 21 0 0 0 1 36 27 15 0 4 0 10 12 10 3 0 20 0 20 0 0 0 10 23 11 7 10 0 16 16 0 43 0 11 3 2 0 0 0 0 25 0 0 20 0 0 0 0 3 0 0 3 0 0 0 1 0 0 2 0 0 3 0 0 1 0 2 0 0 0 0 0 4 23 0 1 0 0 0 9 10 56 4 0 13 0 10 17 0 6 0 0 10 0 0 0 11 29 11 0 0 0 18 15 7 22 0 0 8 0 8 0 5 27 12 15 0 0 6 0 0 0 0 0 0 0 0 0 0 0 0 0 0 0 0 13 0 0 0 63 5 0 3 0 0 0 9 0 0 0 0 0 0 0 0 0 0 0 0 0 1 0 0 0 7 0 
 3 0 0 0 0 0 0 0 5 0 1 0 0 0 0 0 0 0 0 3 0 0 0 0 0 0 0 0 55 0 57 0 1 0 0 0 66 55 0 0 46 16 90 44 187 0 34 89 60 117 120 47 36 40 42 83 77 41 60 48 67 50 0 3 2 6 0 3 52 213 3 0 1 24 59 77 22 1 54 101 0 0 0 0 0 0 0 0 0 0 0 0 0 0 0 0 0 0 0 0 0 0 0 0 0 0 0 0 0 0 0 0 0 0 0 21 0 0 0 0 15 0 0 11 45 0 0 0 9 1 0 0 0 0 0 0 0 0 0 0 17 0 34 0 0 0 7 14 12 0 1 0 2 19 0 30 0 10 24 0 0 0 0 0 0 0 0 0 0 0 0 0 2 0 0 2 0 0 1 0 0 0 0 0 0 0 0 0 0 0 0 0 0 0 0 0 0 0 0 0 0 0 0 47 0 37 0 0 0 0 0 11 0 0 0 0 0 0 0 0 78 28 22 0 0 10 18 14 15 78 0 20 14 0 11 0 1 19 1 0 0 0 0 0 0 20 0 0 0 0 0 5 2 0 0 0 0 0 0 10 0 0 0 0 1 9 1 0 5 0 0 0 0 0 0 0 0 0 0 0 0 0 0 0 0 0 0 0 0 0 
 0 1 0 3 0 2 1 1 0 0 4 1 0 3 0 6 0 0 0 0 1 0 2 24 69 3 2 2 0 1 1 2 2 2 1 5 2 2 8 1 259 148 275 81 50 34 0 394 264 50 242 31 103 240 75 226 311 327 365 343 2 2 1 0 2 0 0 0 2 0 2 2 0 0 0 0 0 2 1 2 0 0 0 0 0 0 0 0 0 0 0 0 0 0 0 0 0 0 0 0 0 0 0 0 3 0 0 0 0 0 0 10 0 0 0 0 0 0 0 0 23 29 21 11 0 0 64 0 35 0 33 9 14 11 43 21 13 13 18 3 0 0 0 0 0 0 0 0 0 0 3 0 0 0 0 0 0 0 0 0 0 7 0 0 0 0 0 0 0 0 0 0 0 0 0 0 0 0 0 0 0 0 0 0 0 7 0 0 0 0 0 0 0 0 0 0 1 0 0 0 7 9 6 0 0 0 7 0 0 10 16 0 20 0 16 25 9 7 21 36 0 0 0 0 0 15 0 0 0 0 0 0 0 0 0 12 0 0 0 0 0 0 0 0 0 0 0 0 0 0 0 5 0 0 0 0 0 65 0 0 0 0 1 0 0 2 0 0 2 0 0 9 0 0 0 0 0 0 0 0 0 0 0 0 8 0 0 0 0 0 
 3 9 3 3 4 3 3 3 3 3 3 3 3 3 3 3 3 3 3 3 0 0 0 85 71 63 0 0 0 0 0 0 0 0 0 0 0 0 1 0 514 114 392 58 42 89 394 0 427 98 99 95 170 84 138 60 59 108 159 120 0 0 0 0 0 0 0 0 0 0 0 0 0 0 0 0 4 0 0 0 0 0 0 0 0 0 0 0 0 0 0 0 0 0 0 0 0 6 0 0 0 0 0 0 12 0 0 0 0 0 0 0 0 0 0 0 0 0 0 0 22 25 2 8 11 1 25 9 11 13 0 8 5 17 39 0 1 8 3 1 0 0 0 0 0 0 0 0 0 0 0 0 0 11 0 0 4 0 12 24 0 0 0 0 0 0 0 0 0 0 0 0 0 0 0 0 0 0 0 0 0 0 0 0 0 0 0 0 0 0 0 14 0 0 0 0 0 0 0 0 8 10 9 20 17 1 0 11 29 14 12 0 0 3 10 0 34 0 36 29 0 0 0 0 0 0 0 0 0 0 0 0 6 0 0 0 0 0 0 0 0 0 0 0 0 0 0 0 0 0 0 2 0 0 0 0 0 0 0 0 0 0 0 0 0 0 0 0 2 0 0 0 0 0 0 0 0 0 0 0 0 0 0 0 9 15 0 0 0 0 
 0 23 0 0 0 0 0 0 0 0 0 0 0 3 0 0 0 0 3 3 0 0 0 0 0 0 0 0 0 0 0 0 0 0 0 63 2 0 0 0 67 119 301 63 273 60 264 427 0 265 56 317 84 73 224 163 102 131 300 151 0 0 0 2 3 12 55 60 0 0 49 0 0 0 1 0 0 0 0 51 0 0 0 0 0 0 0 0 0 0 0 0 0 0 0 0 0 0 0 7 0 0 0 0 0 0 0 0 0 9 0 0 0 0 0 0 0 0 0 0 0 0 0 30 9 0 0 0 6 19 0 16 0 0 0 0 0 0 0 0 0 0 0 0 0 0 3 0 0 0 0 0 3 11 0 1 0 0 12 11 0 0 0 0 20 0 0 0 0 0 0 0 2 0 0 2 0 0 0 0 0 0 0 0 0 0 0 0 22 0 0 0 0 0 0 0 0 0 0 0 0 0 0 12 0 12 11 6 27 9 12 2 0 0 0 0 17 0 0 0 14 0 0 0 0 0 5 0 0 0 0 0 4 0 17 0 0 0 18 19 0 0 28 0 0 0 0 0 0 0 0 2 0 0 0 0 0 0 0 10 0 0 3 1 0 0 0 0 0 0 0 0 0 0 0 0 0 0 0 0 0 0 0 0 0 12 0 0 0 0 
 0 30 0 0 1 0 0 0 0 0 0 0 0 0 0 0 67 0 0 0 0 0 1 0 0 0 2 0 1 0 13 7 0 1 2 0 2 0 0 0 382 272 93 386 177 117 50 98 265 0 361 288 43 276 222 252 82 336 81 96 0 3 0 0 52 0 51 0 0 0 0 0 0 0 51 0 0 0 0 24 0 0 0 0 0 0 0 0 0 0 0 0 0 0 0 0 0 0 0 0 0 0 0 3 8 0 0 0 0 0 0 0 0 0 0 0 17 0 0 0 8 0 1 1 17 20 0 0 46 25 21 0 0 0 0 0 0 34 0 24 0 0 0 0 0 0 1 29 0 0 0 0 3 9 0 0 0 0 0 11 0 0 1 0 0 0 0 0 0 0 0 0 7 0 0 9 0 0 0 0 0 0 0 18 6 0 0 0 0 0 0 7 0 0 0 0 0 0 0 0 9 0 7 17 0 14 0 22 17 10 44 22 13 0 13 0 2 22 0 12 13 0 0 0 0 40 0 2 0 0 0 0 0 0 10 0 23 0 26 28 0 0 1 0 0 0 0 0 0 0 0 5 0 2 0 0 0 0 0 10 0 0 1 1 0 2 0 1 0 0 0 0 0 0 0 0 0 0 0 0 0 0 0 0 11 13 0 0 1 0 
 0 2 0 0 0 0 0 0 0 0 2 0 0 3 0 0 0 0 0 0 0 0 0 0 0 5 0 0 0 0 2 0 0 0 0 0 7 1 0 0 37 21 135 479 257 120 242 99 56 361 0 137 35 248 303 539 208 151 41 50 0 0 0 0 5 0 50 0 0 270 0 6 23 0 54 0 1 7 59 51 0 0 0 0 0 0 0 0 0 0 0 0 0 0 9 0 0 0 0 0 0 0 0 0 0 0 0 0 0 0 0 0 0 0 0 0 0 0 0 0 11 9 0 0 0 15 13 10 0 21 19 1 28 13 0 12 11 0 5 0 7 8 2 0 0 0 16 0 0 7 12 0 11 1 0 17 1 16 12 6 0 0 2 0 0 0 0 0 0 7 0 0 0 0 0 0 0 0 0 0 0 0 0 0 0 0 0 0 0 0 0 0 0 0 0 0 0 0 0 0 0 0 0 0 18 10 0 1 1 2 0 20 0 12 0 0 1 0 0 0 0 17 9 0 0 0 16 14 7 0 16 0 10 11 0 19 23 9 19 21 0 0 0 0 0 0 0 0 0 0 0 0 0 0 0 0 0 0 0 15 0 0 1 3 1 2 2 6 0 0 13 0 0 0 0 8 0 0 0 0 0 0 0 0 13 1 0 11 7 0 
 0 3 0 1 0 2 0 0 1 0 0 7 0 3 0 0 0 0 0 1 0 0 0 0 2 1 0 0 0 0 0 0 0 0 0 0 0 0 0 0 113 57 52 353 352 47 31 95 317 288 137 0 233 248 255 88 215 74 47 21 0 22 0 0 57 0 74 1 4 209 4 0 22 0 1 0 7 7 32 4 0 5 0 0 0 0 0 0 0 0 0 0 0 0 0 0 0 0 0 0 0 0 0 0 0 0 0 0 0 0 0 0 0 0 0 0 21 0 0 0 0 0 0 2 0 22 0 0 29 8 10 2 0 0 0 10 12 1 0 0 17 14 0 0 17 0 12 1 0 28 10 6 72 2 24 8 14 0 21 10 0 0 3 0 0 0 0 0 0 0 0 0 0 0 0 0 0 0 0 0 0 0 0 0 0 0 0 0 0 0 5 0 0 0 0 0 0 0 0 0 0 0 1 1 1 15 0 0 0 0 5 14 0 0 0 0 14 0 0 0 19 19 1 0 0 1 37 17 11 5 0 0 9 3 42 30 13 8 21 19 0 0 0 0 0 0 0 0 0 0 0 3 0 0 0 0 0 0 0 15 0 0 1 63 6 6 26 33 0 0 12 0 0 0 0 0 0 0 0 0 0 0 0 0 1 0 0 15 0 0 
 0 0 0 0 2 1 0 0 0 0 0 0 0 0 0 0 48 0 0 7 0 0 0 20 129 0 4 0 0 0 0 64 1 0 0 18 68 53 0 0 30 250 278 56 68 36 103 170 84 43 35 233 0 261 129 65 246 86 246 134 0 3 0 0 0 3 0 0 1 1 0 9 0 0 3 0 0 3 2 0 0 0 0 0 0 0 0 0 0 0 0 0 0 0 0 0 0 0 0 0 0 0 0 0 0 0 0 0 0 0 0 10 0 0 0 11 0 0 0 0 13 36 17 10 1 0 1 34 14 1 0 0 25 29 40 11 2 0 54 14 0 0 0 0 0 0 0 0 0 0 0 0 0 0 0 0 0 0 0 0 0 1 0 0 0 0 0 0 3 0 0 0 0 0 5 0 0 0 4 0 0 0 0 12 13 0 0 0 0 0 6 0 0 0 0 0 0 8 0 0 35 20 17 0 1 0 11 2 0 16 0 0 0 10 33 11 0 21 6 7 0 0 0 0 0 5 0 0 0 0 0 11 0 0 0 0 0 0 1 0 0 0 0 0 0 0 0 0 0 0 0 7 0 1 0 0 0 66 62 2 28 0 0 0 0 1 2 0 0 0 0 0 0 0 0 0 0 0 0 0 0 0 2 0 0 0 0 0 2 0 
 1 5 1 2 4 0 1 3 2 2 4 3 2 1 1 0 2 2 1 5 0 10 0 63 125 0 1 0 26 1 0 64 0 0 8 0 2 9 0 0 268 479 56 116 83 40 240 84 73 276 248 248 261 0 130 227 270 119 273 153 0 0 0 0 0 0 0 0 0 0 0 0 0 0 0 0 0 0 0 0 0 0 0 0 0 0 0 0 0 0 0 0 0 0 0 0 0 0 0 0 4 0 5 0 0 33 0 0 0 0 10 12 0 0 0 10 0 0 0 0 29 0 2 1 10 0 13 16 7 10 21 13 0 17 27 32 29 26 9 0 0 0 0 0 0 0 8 0 0 0 0 0 0 2 0 3 0 0 0 0 0 5 0 0 0 0 0 0 0 0 0 1 0 0 0 0 0 0 0 0 0 0 2 0 1 20 0 0 0 10 2 0 0 0 0 0 3 1 0 0 29 0 0 10 0 7 21 12 12 12 20 7 71 28 19 25 38 0 33 20 0 0 0 0 0 0 0 0 0 0 0 0 0 0 0 0 0 0 15 0 0 0 3 0 0 0 0 0 0 19 0 0 0 1 0 0 0 21 0 0 0 0 1 0 0 5 12 0 1 0 11 0 0 0 0 0 0 0 0 0 0 5 0 0 0 0 0 0 2 0 
 8 3 2 67 6 6 2 3 2 37 2 3 2 4 2 2 2 2 65 5 11 0 0 0 55 0 0 1 0 0 2 0 0 6 0 8 3 0 6 0 108 119 78 110 304 42 75 138 224 222 303 255 129 130 0 102 70 182 570 395 0 0 0 0 0 0 2 6 0 0 46 4 0 4 2 0 0 3 0 0 0 0 0 0 0 0 0 0 0 0 0 0 0 0 0 0 0 0 0 0 0 17 0 0 0 0 3 1 11 8 18 7 2 0 0 0 0 0 4 0 0 0 0 0 11 0 0 5 0 18 12 14 0 0 17 21 10 36 9 0 0 0 0 0 0 0 7 0 0 0 0 0 0 2 0 3 0 0 0 8 0 0 0 0 0 0 0 0 0 0 0 0 0 0 3 0 0 0 0 0 4 0 0 0 0 8 0 4 7 1 0 0 0 0 8 6 0 5 0 6 0 10 11 11 1 7 0 21 10 11 18 8 11 0 11 0 22 7 0 0 0 0 1 0 0 0 0 0 0 0 0 0 13 0 0 7 0 0 9 0 0 0 0 0 0 0 0 0 0 0 0 8 0 1 0 0 0 0 1 2 14 0 0 0 0 0 0 0 2 0 11 0 0 0 0 0 0 0 0 0 0 0 0 0 0 0 0 20 2 0 
 2 0 2 0 1 0 0 0 0 0 0 0 0 0 0 0 0 75 0 3 0 0 0 0 61 0 0 0 0 0 0 0 0 0 0 0 0 0 0 0 107 88 296 126 80 83 226 60 163 252 539 88 65 227 102 0 311 82 95 59 0 0 2 0 0 0 12 0 0 1 2 0 0 0 2 3 3 0 50 0 0 0 0 0 0 0 0 0 0 0 0 0 0 0 0 0 0 0 0 0 0 0 0 0 0 0 0 0 0 0 0 0 0 0 0 0 0 14 0 0 13 15 4 9 20 8 16 0 5 0 29 3 0 0 13 10 50 29 0 0 0 0 0 0 0 11 0 0 0 0 0 0 4 0 23 0 0 0 0 13 0 3 0 12 0 0 0 0 0 10 0 1 0 0 0 0 0 0 0 0 0 0 0 0 0 0 0 0 0 0 0 0 0 0 0 0 0 0 0 0 28 0 0 1 0 0 13 12 1 4 27 17 2 35 0 19 10 30 14 22 21 0 0 0 0 0 41 0 0 0 0 0 0 0 7 1 0 0 49 4 0 0 0 0 0 0 0 0 0 0 0 3 0 2 0 0 0 0 0 0 0 0 7 0 1 15 1 1 0 0 0 0 0 0 52 0 0 0 0 0 0 0 0 0 9 3 0 0 1 0 
 0 7 0 1 1 4 0 2 1 1 1 3 1 0 0 4 1 1 1 1 0 1 0 0 21 0 28 0 0 0 0 1 29 0 0 3 0 0 2 0 249 101 35 116 279 77 311 59 102 82 208 215 246 270 70 311 0 79 251 67 0 0 0 207 0 0 107 52 0 0 0 0 66 3 1 1 4 0 0 59 0 0 0 0 0 0 0 0 0 0 0 0 0 0 0 0 0 0 0 0 0 0 0 0 0 0 0 0 0 0 18 0 0 0 0 0 0 0 0 0 16 0 0 3 13 0 0 0 0 0 11 8 0 14 19 36 11 22 0 0 19 0 0 0 0 0 35 0 0 0 0 0 7 9 16 3 9 0 2 0 0 5 0 0 0 0 0 0 0 0 0 1 0 0 0 0 0 0 0 0 0 0 0 0 0 8 0 0 0 0 0 0 0 0 0 0 0 0 0 0 0 0 0 0 15 1 7 0 0 18 21 33 13 0 9 7 27 40 0 0 19 0 0 0 0 0 18 0 0 0 0 0 1 12 26 0 0 0 18 30 0 0 0 0 0 0 0 0 0 0 0 2 0 0 0 0 0 0 0 0 0 0 0 0 76 2 0 62 1 0 0 0 0 0 0 0 0 0 0 0 0 0 0 0 0 25 0 0 0 0 
 0 0 5 2 8 0 0 0 0 10 11 1 2 2 0 0 0 9 0 3 0 0 0 1 62 0 0 0 0 0 1 0 5 0 1 55 0 0 10 73 118 110 223 139 326 41 327 108 131 336 151 74 86 119 182 82 79 0 111 71 0 0 0 0 0 51 0 0 0 2 0 2 0 0 0 0 0 0 0 100 0 0 9 0 4 8 0 0 5 0 6 0 13 0 0 0 0 5 0 0 0 0 0 0 0 0 0 0 0 0 0 0 7 8 0 0 7 0 0 12 19 11 9 16 21 0 19 0 15 16 55 1 1 11 9 12 18 3 0 0 0 0 0 0 0 0 0 0 0 0 0 0 0 14 0 2 0 0 10 0 0 0 0 8 0 0 0 0 0 0 7 7 7 0 0 7 0 5 0 0 0 0 0 0 0 0 3 10 0 0 0 0 16 0 0 1 0 1 3 0 12 0 0 14 17 18 7 21 2 0 0 1 8 12 0 10 19 0 7 4 10 0 0 0 0 0 0 0 0 0 0 0 28 0 0 0 1 0 13 0 0 0 15 0 0 0 20 0 0 0 0 23 0 0 0 0 0 0 0 21 0 27 0 0 0 0 1 0 2 0 0 0 0 0 0 0 0 0 0 0 0 0 0 0 11 1 0 0 2 0 
 0 0 0 0 3 9 0 0 0 0 0 0 0 2 0 0 0 0 0 0 4 0 19 31 144 0 0 0 0 0 0 31 0 0 1 43 67 24 2 2 56 155 49 162 71 60 365 159 300 81 41 47 246 273 570 95 251 111 0 126 0 2 0 0 0 0 0 0 0 0 0 0 0 0 0 0 0 0 0 0 0 0 0 0 0 0 0 0 0 0 0 0 0 0 0 0 0 0 0 0 0 13 0 0 1 0 3 0 4 3 6 9 0 0 1 7 0 0 8 0 28 21 35 0 0 10 14 7 26 0 0 0 0 4 21 0 11 10 20 34 0 0 0 0 0 0 0 0 0 0 0 0 0 0 0 0 0 0 0 0 0 0 0 0 0 0 0 0 0 0 0 0 0 0 9 0 0 0 1 0 3 7 0 0 8 1 1 2 0 0 1 0 0 7 18 4 1 5 0 0 11 7 19 10 0 0 34 0 0 0 0 0 11 4 9 25 0 23 34 18 0 0 0 0 0 0 0 0 0 0 0 0 0 0 0 0 0 0 6 0 0 0 0 0 0 0 0 0 0 0 0 7 0 2 0 0 0 65 64 0 8 0 0 0 0 2 0 0 0 0 0 0 0 0 0 0 0 0 0 0 0 0 0 0 10 0 0 0 1 0 
 0 0 0 64 0 0 0 0 0 0 0 0 0 0 0 0 0 0 0 0 0 0 0 0 62 55 0 5 0 1 0 0 0 0 0 0 0 0 3 0 184 145 185 275 80 48 343 120 151 96 50 21 134 153 395 59 67 71 126 0 0 0 10 7 0 0 0 7 0 12 0 0 0 0 0 0 0 3 0 0 0 0 0 0 0 0 0 0 0 0 0 0 0 0 0 0 0 0 0 0 0 0 0 0 9 0 0 0 0 0 0 0 0 0 0 0 0 0 0 0 12 0 0 14 0 0 7 20 0 15 10 10 36 0 31 10 0 8 30 0 0 0 3 2 0 2 0 21 4 0 0 14 0 0 0 0 6 0 0 0 0 4 0 0 0 0 0 0 0 0 0 0 0 0 0 0 0 0 0 0 0 0 0 8 0 48 0 0 0 0 10 0 0 0 0 0 0 6 0 0 22 30 2 0 0 0 12 10 1 27 23 0 25 18 23 6 12 7 0 0 0 0 0 0 23 0 0 0 0 0 1 4 0 0 0 0 0 8 0 0 0 0 9 0 0 0 0 0 0 2 0 3 0 0 0 0 0 0 0 0 0 0 0 0 1 3 2 1 0 0 0 0 0 0 0 1 0 0 0 0 0 0 0 0 0 0 0 0 0 0 
 0 0 0 0 0 0 0 0 0 0 0 0 0 0 0 0 0 0 0 0 0 0 0 0 0 0 0 0 0 0 0 0 0 0 0 0 0 0 3 0 0 0 2 4 29 67 2 0 0 0 0 0 0 0 0 0 0 0 0 0 0 105 81 80 41 304 209 156 140 81 97 250 106 125 210 144 44 43 38 116 0 1 0 0 0 24 0 0 0 0 0 0 0 0 0 0 0 0 0 0 0 0 0 0 0 0 0 0 9 0 0 0 0 0 0 0 0 0 0 0 0 0 0 8 0 3 0 0 0 0 0 3 0 0 0 0 0 0 0 0 1 11 64 8 31 0 0 16 46 1 13 0 23 20 11 16 18 0 12 0 0 0 0 0 0 0 0 0 0 0 0 0 0 0 0 0 0 0 0 0 0 0 0 0 0 0 0 0 0 0 0 0 0 0 0 1 0 0 0 0 0 8 0 0 0 7 0 0 0 0 0 12 0 0 0 0 0 0 0 0 16 19 55 1 6 0 0 18 6 22 9 11 20 3 9 12 8 9 4 0 1 0 0 0 0 0 0 0 0 0 0 0 0 0 3 0 0 0 0 0 0 0 9 0 0 0 0 0 0 0 0 0 53 15 0 1 0 0 0 0 0 0 0 0 0 0 0 10 0 0 
