 0 105 257 198 260 54 482 218 89 133 32 44 47 126 406 55 167 131 143 208 0 3 4 0 0 2 0 2 3 0 0 0 0 0 4 1 1 0 3 0 0 3 2 2 0 0 0 1 0 3 2 0 0 0 0 3 6 0 0 0 0 0 0 3 5 3 3 0 0 0 2 3 0 0 2 0 3 5 0 0 32 32 14 0 1 0 11 15 38 7 12 15 0 44 0 16 27 10 11 0 0 0 0 0 0 0 0 0 0 0 0 0 12 0 0 0 0 0 0 0 0 0 0 0 0 0 0 0 0 0 0 0 0 0 0 0 0 0 0 0 0 0 0 0 0 2 0 0 0 0 0 0 0 2 0 0 0 0 0 0 4 8 30 10 0 0 1 14 8 3 0 30 6 11 1 14 0 25 26 30 18 0 0 0 0 0 0 0 0 0 0 2 0 0 0 0 0 0 7 0 0 0 0 0 0 2 0 0 0 0 1 0 0 0 0 0 0 0 0 0 0 0 0 0 0 0 0 0 0 0 0 1 0 0 0 0 0 0 0 0 0 0 0 0 0 2 91 0 0 0 0 7 0 0 0 0 0 0 0 0 0 0 0 0 0 1 0 0 0 0 0 0 0 0 0 0 0 0 0 0 0 0 0 0 0 0 0 2 0 0 
 105 0 75 127 173 46 229 190 224 82 24 40 66 229 143 59 116 170 132 66 0 0 0 0 72 2 0 2 0 1 2 0 0 0 3 0 0 1 3 19 0 3 3 0 0 0 0 2 0 0 0 0 0 0 0 0 3 0 0 0 0 0 0 3 0 0 3 0 0 0 0 0 0 0 0 0 2 2 0 0 0 20 9 38 48 36 0 31 29 24 15 1 0 0 3 34 31 31 0 0 15 0 0 0 0 0 0 0 0 0 0 0 1 0 0 0 0 0 1 0 0 0 0 0 0 0 1 0 0 0 16 0 0 0 0 2 0 0 0 0 0 0 0 0 0 0 0 0 0 0 0 0 0 0 0 0 0 0 1 0 20 0 21 0 0 17 6 11 9 38 15 21 1 4 24 21 45 12 0 8 0 0 0 0 0 0 0 0 0 0 0 0 14 19 0 0 1 0 21 26 0 0 0 0 0 0 0 0 0 0 0 0 0 0 0 0 0 0 0 0 0 0 14 0 0 0 2 0 0 0 0 0 0 0 0 0 0 0 0 0 0 11 0 0 0 0 1 0 88 90 1 10 0 0 0 0 0 0 0 0 0 0 0 0 0 0 0 0 0 0 0 0 0 0 0 0 14 0 0 0 0 0 0 0 0 0 0 0 0 0 
 257 75 0 199 63 85 172 245 220 349 145 189 140 57 55 156 37 191 124 161 0 1 0 0 0 2 0 2 0 0 0 0 73 0 3 0 0 0 39 1 3 65 3 0 0 0 0 3 0 0 0 0 0 0 0 0 3 0 0 0 0 0 0 3 0 5 3 0 4 0 0 2 0 0 0 0 1 2 0 0 11 29 32 15 9 1 14 18 14 31 6 52 0 51 0 18 19 10 0 13 0 0 0 0 0 0 0 0 7 0 0 0 15 1 0 0 0 0 18 12 0 0 0 0 0 0 0 0 2 0 0 0 0 0 0 0 0 0 0 0 0 0 0 0 0 0 0 0 0 23 0 0 0 0 0 0 1 0 0 0 1 49 2 41 0 2 0 2 1 0 0 23 0 0 0 0 0 14 27 42 0 0 0 0 2 0 22 0 0 0 0 0 15 11 0 0 0 0 0 0 0 0 0 0 0 0 0 0 0 0 0 0 0 0 0 0 0 0 0 0 0 0 0 0 2 0 0 0 0 0 0 0 0 16 0 0 0 0 0 0 0 0 0 0 0 0 2 0 0 87 2 12 1 0 0 0 0 0 0 0 0 0 0 0 0 0 0 0 0 0 0 0 0 0 0 0 10 0 0 0 0 0 0 0 0 0 0 0 0 1 
 198 127 199 0 274 110 303 69 88 265 524 238 51 152 232 69 137 111 139 55 0 0 0 0 0 1 0 1 0 0 1 0 78 75 2 0 2 0 78 0 10 3 2 2 0 0 0 1 0 0 0 0 0 62 0 0 3 2 6 0 0 0 0 3 0 2 3 0 17 0 0 3 0 0 0 0 4 3 0 0 0 0 30 14 17 1 0 0 74 0 1 46 0 2 0 10 0 31 0 13 14 0 14 0 0 0 0 2 0 0 7 0 23 0 10 0 0 0 39 28 0 0 0 0 0 0 0 0 0 0 2 0 0 0 0 1 0 12 0 0 0 0 0 0 0 0 0 0 0 0 0 0 0 0 3 0 0 0 0 0 0 5 2 10 14 5 1 0 10 4 9 18 0 6 8 12 14 6 0 0 10 0 0 0 0 0 10 6 0 0 0 0 25 28 0 10 1 2 25 0 0 0 0 0 0 0 0 0 0 0 0 0 0 0 0 0 0 0 1 1 0 0 0 0 0 2 1 0 0 0 0 0 0 0 0 0 0 0 0 0 0 7 0 0 0 4 88 1 4 93 0 4 0 0 0 0 0 0 0 0 0 0 0 0 0 0 0 0 0 0 0 0 0 0 0 0 0 14 0 0 0 0 0 0 0 1 0 0 0 0 
 260 173 63 274 0 168 373 139 86 91 381 490 74 147 159 166 290 123 67 85 73 0 0 0 0 2 0 161 0 0 0 0 149 74 3 42 1 0 3 2 0 3 3 0 0 0 0 3 0 0 0 1 0 2 0 0 3 0 0 0 0 0 0 2 0 0 3 0 0 0 0 0 1 0 0 0 0 2 0 0 0 0 0 26 15 0 0 0 58 24 0 0 0 2 0 11 0 0 0 0 14 42 17 7 19 0 21 0 10 0 16 0 0 3 7 12 0 0 0 0 0 0 0 1 0 0 0 0 1 0 0 0 0 0 0 0 0 0 0 0 0 4 0 0 0 0 0 0 0 0 0 0 0 0 0 4 0 0 0 0 0 0 9 20 35 13 3 0 0 6 0 14 0 1 14 10 0 14 0 0 0 0 0 0 0 14 13 0 0 0 0 0 47 10 20 0 14 0 37 0 0 0 0 2 0 0 0 0 0 0 0 0 0 0 0 0 0 0 0 0 0 0 0 0 0 0 0 0 0 0 0 0 0 0 0 0 0 0 15 0 0 0 0 0 0 1 87 2 5 90 0 13 0 0 0 0 0 2 0 0 0 0 1 0 0 0 0 0 0 0 0 0 0 0 0 0 0 0 0 1 0 0 0 0 0 10 0 0 0 0 
 54 46 85 110 168 0 33 33 153 383 149 383 255 363 39 86 323 132 265 35 3 0 0 2 5 2 2 77 0 0 0 80 97 1 6 74 0 0 29 1 21 65 3 0 0 0 4 34 0 4 0 0 5 0 0 0 3 0 0 0 0 0 0 3 0 0 3 0 4 45 0 10 0 0 0 0 1 2 0 2 0 0 21 34 11 0 0 0 23 0 11 40 0 0 0 0 28 10 0 8 15 45 0 0 0 0 33 0 7 0 0 0 0 7 10 0 0 0 8 2 0 0 0 0 0 0 0 0 0 9 0 0 0 0 0 0 0 9 0 13 0 0 0 1 0 0 0 0 0 0 0 0 0 0 0 6 0 0 0 0 0 0 10 36 29 15 0 0 23 11 0 0 0 0 1 15 16 0 0 0 0 9 16 20 0 8 3 18 0 23 0 0 10 0 17 0 0 20 0 13 0 0 0 0 0 0 0 0 0 0 0 0 1 0 0 0 0 0 0 0 0 0 0 0 0 0 0 0 0 0 0 0 0 0 0 0 0 0 0 0 0 6 0 0 0 4 2 0 83 5 15 5 0 0 0 0 2 0 0 0 0 0 20 0 0 0 2 0 0 0 0 0 0 0 0 0 18 0 0 0 0 0 0 0 0 0 0 0 0 0 
 482 229 172 303 373 33 0 199 452 37 238 133 87 272 136 135 143 116 159 45 0 0 0 10 2 0 0 3 0 2 0 0 0 0 5 0 0 2 5 0 0 3 3 0 0 0 0 3 0 0 0 4 0 0 0 0 4 0 0 0 2 0 0 1 0 0 3 0 0 0 0 0 2 0 0 0 0 2 0 0 1 8 0 17 24 13 18 62 38 47 13 14 0 49 15 85 9 1 0 15 0 0 0 0 0 0 0 0 0 0 0 0 0 0 0 0 0 0 0 15 0 0 0 0 0 0 0 2 0 0 0 0 2 0 0 0 0 0 0 0 0 0 0 0 0 0 0 0 0 0 0 0 0 0 0 0 0 0 0 0 26 46 7 1 0 0 7 2 0 0 13 26 0 3 0 13 10 7 13 15 0 0 0 0 0 0 2 0 0 0 0 0 0 0 0 0 0 1 1 10 0 0 2 0 0 0 0 13 0 0 0 0 0 0 0 1 0 0 0 0 0 0 0 0 0 0 0 0 0 0 0 0 0 0 0 0 0 0 0 0 0 0 0 0 0 1 0 2 2 95 0 14 0 0 0 0 0 0 0 0 0 0 0 0 0 0 0 0 0 0 0 0 0 2 0 0 0 0 0 0 0 0 0 0 0 0 0 0 0 0 
 218 190 245 69 139 33 199 0 65 38 303 113 349 60 57 329 334 261 196 166 0 0 1 2 0 0 0 3 0 0 0 0 1 0 3 0 0 0 3 0 4 3 3 2 0 0 0 5 0 0 0 0 63 0 0 0 3 0 0 0 0 0 0 1 3 0 3 3 0 0 0 0 59 0 2 0 0 2 0 0 23 56 23 37 9 0 22 39 49 18 0 19 21 34 12 25 27 0 11 10 24 0 0 0 0 0 0 0 1 0 0 0 0 0 0 0 0 0 1 0 0 0 0 0 0 0 0 0 0 0 0 0 0 0 0 0 0 1 0 10 0 0 0 0 0 0 0 0 0 1 0 0 0 0 0 0 0 0 0 0 1 2 26 0 1 0 0 11 59 0 0 22 0 10 10 16 20 20 40 14 2 0 0 0 0 0 0 0 0 0 0 0 13 19 0 0 0 0 8 0 0 0 0 0 0 0 7 0 0 0 0 0 0 0 0 0 0 0 0 0 0 0 0 0 0 0 0 0 0 2 0 0 0 0 0 0 0 0 0 0 0 7 0 0 0 0 1 0 2 0 0 10 0 0 0 0 0 0 0 0 0 0 0 0 0 0 0 0 0 0 0 0 0 0 0 0 0 0 0 0 0 0 0 0 0 0 0 0 0 0 
 89 224 220 88 86 153 452 65 0 171 124 158 495 91 281 186 46 195 143 288 0 0 0 0 0 1 0 3 0 0 1 0 0 0 35 0 0 0 27 0 0 67 6 2 0 0 0 3 0 0 0 0 0 0 0 0 3 0 1 0 34 0 0 3 0 0 3 0 3 0 0 0 0 0 0 0 1 2 0 0 12 0 17 38 12 0 9 45 0 42 35 0 9 14 45 15 0 41 0 0 0 0 0 0 0 0 0 0 0 0 0 0 0 0 0 0 0 0 0 0 0 0 0 0 0 0 0 0 0 0 0 0 0 0 0 0 0 0 0 0 0 0 0 0 15 0 0 0 0 0 0 0 0 0 0 0 0 0 0 0 18 2 44 6 0 0 32 35 0 23 12 72 10 0 8 1 51 54 7 50 0 0 0 0 0 0 0 0 0 14 0 0 25 0 0 0 0 0 0 1 0 0 0 0 0 0 0 0 0 0 0 0 0 0 0 0 0 0 0 0 0 0 0 0 0 0 0 0 0 0 0 0 0 0 0 0 0 0 0 0 0 0 0 0 0 0 86 0 0 0 0 17 0 0 0 0 0 0 0 0 0 0 0 0 0 0 0 0 0 0 0 0 0 0 0 0 14 0 0 0 0 0 0 0 0 0 0 0 0 0 
 133 82 349 265 91 383 37 38 171 0 278 210 296 71 168 277 507 54 91 77 0 0 3 0 0 0 0 3 0 0 0 0 55 0 3 0 0 0 156 63 15 35 3 0 0 0 0 34 0 0 0 0 0 0 0 0 3 0 0 0 0 0 0 1 0 5 3 0 0 0 0 0 2 0 1 0 0 2 0 0 0 0 56 14 15 16 0 0 34 20 49 54 0 0 1 18 14 11 0 1 20 0 0 2 0 0 13 0 0 0 0 0 67 1 0 0 0 0 46 7 0 0 0 0 2 0 0 0 0 0 0 0 0 0 0 0 0 0 0 0 0 0 0 0 0 0 0 0 0 0 0 0 0 0 0 0 0 0 0 0 0 9 10 16 7 72 0 0 10 21 1 25 0 0 0 0 36 18 0 0 0 0 0 0 0 0 5 15 0 19 0 0 23 18 0 0 2 0 14 19 1 0 0 0 48 0 0 0 0 0 0 0 0 0 0 0 0 0 0 0 0 0 0 0 0 0 0 0 0 0 0 2 0 14 0 0 0 0 0 0 0 6 0 0 0 2 86 2 87 48 2 11 0 0 0 0 0 0 0 0 0 0 11 0 0 0 0 0 0 0 0 0 0 0 0 2 19 7 0 0 0 0 0 0 0 0 0 0 0 0 
 32 24 145 524 381 149 238 303 124 278 0 262 43 33 130 154 389 405 39 288 0 0 72 207 0 2 2 77 0 75 0 0 80 0 3 0 0 0 100 0 1 4 8 0 0 0 0 3 0 0 0 86 0 0 0 0 3 0 3 0 0 0 0 3 0 1 3 2 19 0 0 0 0 0 1 0 1 2 0 0 0 0 32 32 13 21 1 0 14 0 21 2 0 0 0 18 0 11 0 0 18 0 0 0 0 0 33 0 0 0 0 1 54 0 3 0 0 0 24 24 0 0 0 0 0 0 0 0 0 0 0 0 0 0 0 0 0 0 0 0 0 0 0 0 0 2 0 0 0 0 2 0 0 2 18 1 0 0 0 0 0 7 4 1 15 19 0 0 27 20 1 3 0 0 20 4 58 35 0 0 16 11 0 0 0 0 7 0 0 0 0 2 15 19 0 0 0 0 26 1 0 0 0 0 0 0 0 0 0 0 0 0 0 0 0 0 0 13 0 0 0 0 0 0 0 0 0 0 5 0 0 0 0 0 0 0 0 0 0 0 0 10 0 0 0 2 6 0 2 88 0 9 23 0 0 0 0 0 0 0 0 0 0 0 0 0 0 0 0 0 0 0 0 0 0 15 13 9 0 0 0 0 0 0 0 0 0 0 0 0 
 44 40 189 238 490 383 133 113 158 210 262 0 28 245 44 146 178 180 25 348 0 0 0 0 0 2 0 77 0 0 5 0 74 0 4 1 0 0 82 1 0 4 3 0 0 1 0 15 0 0 0 0 0 0 0 0 3 0 0 0 5 0 3 3 0 2 3 0 9 0 0 3 0 0 2 0 2 2 0 3 0 17 32 13 50 14 0 0 21 0 14 38 0 0 0 0 17 14 0 0 0 0 0 0 0 0 18 0 0 0 0 0 16 0 12 1 0 0 20 20 0 0 0 0 0 0 0 0 0 11 0 0 0 0 0 0 0 0 0 0 2 0 7 0 0 0 0 0 0 0 0 0 2 0 9 0 0 0 0 0 0 39 0 10 0 18 0 0 0 17 12 10 0 1 0 0 3 8 0 0 14 11 0 0 0 0 10 0 0 0 0 0 15 11 0 0 0 2 0 1 0 0 0 0 0 0 0 0 0 0 0 0 0 0 0 0 2 0 0 2 0 0 0 0 0 0 0 0 0 0 0 0 1 0 2 0 0 0 0 0 0 0 0 0 2 3 2 2 1 89 0 16 0 0 0 0 0 0 0 0 0 0 0 0 0 0 0 0 0 0 0 0 0 0 0 0 14 0 0 0 0 0 0 0 0 0 0 0 0 0 
 47 66 140 51 74 255 87 349 495 296 43 28 0 172 132 260 114 134 98 146 0 1 0 0 0 90 0 3 0 0 0 0 0 0 3 0 0 0 3 0 0 3 3 3 0 6 0 3 0 0 0 0 0 0 0 0 3 1 0 1 0 0 0 8 0 0 3 0 0 0 0 0 5 0 0 0 0 2 0 0 26 0 0 22 0 0 20 1 0 0 1 0 20 27 2 0 0 0 63 0 0 0 0 0 0 0 0 0 0 0 0 0 0 0 0 0 0 0 0 0 0 0 0 0 0 0 0 0 0 0 0 0 0 7 0 0 0 0 0 11 0 0 0 0 0 0 0 0 0 0 0 0 0 0 0 0 0 0 0 0 83 0 0 0 0 0 21 0 0 5 1 0 10 16 0 0 1 1 11 0 0 0 0 0 0 0 7 0 0 0 0 0 0 0 0 0 0 0 0 0 0 0 0 0 0 19 0 0 0 0 0 0 0 0 0 0 0 0 0 0 0 0 0 0 0 0 0 0 0 0 0 0 0 0 0 0 0 0 0 0 0 0 0 0 0 2 0 0 1 0 2 8 0 0 0 0 0 0 0 0 0 0 0 0 0 0 0 0 0 0 0 0 0 0 0 0 0 0 0 0 0 0 0 0 0 0 0 0 0 0 
 126 229 57 152 147 363 272 60 91 71 33 245 172 0 265 126 113 197 195 98 1 0 0 0 0 0 0 1 0 0 0 1 4 0 4 3 0 0 5 0 0 3 3 0 0 8 0 2 0 2 0 0 0 0 0 0 3 0 0 1 0 0 0 3 0 1 3 0 0 0 1 0 37 0 1 0 3 3 0 0 8 0 0 0 0 16 14 16 21 6 36 13 0 20 1 53 11 19 2 18 0 0 0 0 0 0 0 0 0 0 0 0 0 0 0 0 0 0 0 0 0 0 0 0 0 0 0 0 0 0 0 0 0 0 0 0 0 0 0 9 0 0 0 0 0 0 0 0 0 0 0 0 0 0 0 0 0 0 0 0 0 17 0 14 19 0 18 0 10 3 35 18 0 7 11 27 7 8 1 0 0 0 0 11 0 0 1 0 0 0 0 0 0 0 0 0 0 17 21 2 0 0 0 0 0 0 0 0 0 0 0 0 0 0 0 0 0 0 0 0 0 0 0 0 0 0 0 0 0 0 0 0 0 0 0 0 0 0 0 0 0 0 0 0 0 0 1 0 3 2 14 2 18 0 0 0 0 0 0 0 0 0 0 0 0 0 0 0 0 0 0 0 0 0 0 19 5 0 0 0 0 0 0 0 0 0 0 0 0 0 
 406 143 55 232 159 39 136 57 281 168 130 44 132 265 0 191 209 130 166 187 0 0 0 0 0 2 0 2 2 0 2 0 0 0 3 205 0 0 75 0 0 3 3 0 0 0 0 4 0 0 0 0 0 0 0 0 3 0 0 0 0 0 1 3 27 0 5 0 0 3 0 0 3 0 3 0 2 2 3 0 2 14 65 21 0 10 62 1 47 0 0 11 0 41 12 0 2 19 12 11 0 0 0 0 0 0 0 1 0 0 0 0 12 0 0 0 0 0 23 0 0 0 0 0 0 0 0 0 0 0 0 0 0 15 0 0 0 13 73 27 0 0 0 0 0 0 0 0 0 0 0 0 0 0 0 0 0 0 0 0 0 30 11 0 0 0 11 0 22 2 0 14 0 15 6 0 0 27 9 0 0 0 0 0 0 0 0 0 0 0 0 0 0 0 0 0 0 0 21 0 0 0 0 0 0 0 0 0 0 0 0 0 0 0 0 0 0 0 0 0 0 0 0 0 0 0 0 0 0 0 0 0 0 0 0 0 0 0 0 0 0 0 0 0 0 1 60 0 4 4 2 8 0 0 0 0 0 0 0 0 0 0 0 0 0 0 0 0 0 0 0 0 0 0 0 0 24 6 0 0 0 0 0 0 0 0 0 0 0 0 
 55 59 156 69 166 86 135 329 186 277 154 146 260 126 191 0 61 38 139 96 0 0 5 0 0 1 0 2 0 0 4 0 74 0 4 2 0 0 3 0 0 3 3 3 0 0 0 3 0 36 0 2 0 0 0 0 3 0 0 0 0 0 0 3 0 12 3 0 2 0 0 0 0 0 0 0 1 3 0 1 0 0 24 16 14 0 11 18 32 49 14 5 33 13 16 13 0 35 0 11 0 0 0 0 0 0 0 0 0 0 0 0 4 0 0 0 0 0 20 14 0 0 4 0 0 0 11 0 0 0 0 0 0 1 0 0 0 0 0 0 1 0 0 0 0 0 0 0 0 0 0 0 0 2 0 0 11 0 0 0 0 12 0 3 18 0 24 10 0 0 22 8 0 5 12 1 14 17 15 25 0 0 0 0 0 0 13 0 0 0 0 0 0 0 0 0 0 0 9 0 0 0 0 0 0 0 0 0 0 0 1 0 0 0 0 0 0 0 0 0 0 0 0 0 0 0 0 0 0 0 0 0 0 0 1 0 0 0 0 0 0 0 0 0 0 0 0 0 1 178 1 21 16 0 0 0 0 0 0 0 0 15 0 0 0 0 0 0 0 0 0 0 0 0 0 18 0 0 0 0 0 0 0 0 0 0 0 0 0 6 
 167 116 37 137 290 323 143 334 46 507 389 178 114 113 209 61 0 125 235 21 0 0 0 2 0 4 0 3 0 0 6 1 71 0 3 0 0 0 3 86 5 3 3 1 0 0 0 42 0 0 0 0 64 0 0 0 3 0 0 0 40 0 0 2 0 0 3 0 0 0 0 0 1 0 0 0 0 2 0 0 14 44 33 0 21 10 13 16 86 7 28 20 0 8 10 1 58 0 0 12 14 0 0 0 0 0 24 0 0 0 0 0 31 0 30 0 0 0 7 35 0 0 0 0 0 0 0 0 0 0 0 0 0 0 0 0 0 0 0 0 0 0 0 0 0 0 0 0 0 0 0 0 0 0 0 0 0 0 0 0 1 11 15 0 11 17 15 0 13 26 10 18 0 8 1 0 36 9 32 0 9 0 0 0 0 0 0 2 0 9 0 0 0 0 0 0 0 0 0 0 0 0 0 0 0 0 0 0 0 0 0 0 0 0 0 0 0 0 0 0 5 0 0 0 0 0 0 0 0 0 0 0 0 0 0 0 0 0 0 0 0 17 0 0 0 0 1 1 2 0 0 9 0 0 0 0 0 0 0 0 0 0 10 0 0 0 0 0 0 0 0 0 0 0 0 0 0 0 0 0 0 0 0 0 0 1 0 0 0 0 
 131 170 191 111 123 132 116 261 195 54 405 180 134 197 130 38 125 0 35 26 1 0 0 0 74 1 0 2 0 0 2 0 0 0 3 3 0 0 152 0 0 38 3 3 0 0 3 3 0 0 0 0 0 0 0 0 3 2 1 0 0 0 0 3 0 0 3 0 0 0 0 0 0 39 0 0 2 2 0 0 0 0 41 74 0 0 13 19 23 18 24 38 0 0 22 23 0 0 0 10 13 0 0 0 0 0 0 0 0 0 0 0 8 0 0 0 0 0 13 0 0 0 0 0 0 0 0 0 0 0 0 0 0 0 0 0 0 0 0 21 2 0 0 0 0 0 0 0 0 0 0 0 2 0 0 0 0 0 0 0 18 8 1 0 0 0 14 0 10 12 29 49 0 2 26 12 13 24 0 0 0 0 0 0 0 0 0 0 0 0 0 5 55 15 0 0 0 0 11 0 0 0 0 0 0 0 0 0 0 0 0 0 0 0 0 0 2 0 0 2 0 0 0 0 0 0 0 0 0 0 14 0 1 0 2 0 0 0 0 0 0 9 0 0 2 0 99 0 4 5 0 7 1 0 0 0 0 0 0 0 0 0 0 0 0 0 0 0 0 0 0 0 0 0 0 1 36 7 0 0 0 0 0 0 0 0 0 0 0 0 
 143 132 124 139 67 265 159 196 143 91 39 25 98 195 166 139 235 35 0 238 0 0 5 10 5 6 0 5 6 5 3 0 0 2 3 4 2 2 3 6 0 3 6 2 0 0 3 2 2 0 0 0 0 3 0 0 3 5 2 2 2 9 0 9 2 0 3 2 0 28 2 2 1 2 1 0 3 3 0 0 4 11 0 0 12 0 17 35 24 11 1 0 40 30 53 0 0 38 0 22 0 0 0 0 0 0 0 0 0 0 0 0 0 0 0 0 0 0 0 0 0 0 0 1 0 0 0 0 0 0 0 20 0 0 0 0 0 0 0 0 0 0 0 0 0 0 0 0 0 0 0 0 0 0 0 0 0 0 0 0 0 21 18 0 0 2 21 9 0 3 0 0 18 26 14 3 20 1 23 23 0 0 0 0 0 0 0 0 0 0 0 0 0 0 0 0 0 0 10 0 0 0 0 2 0 0 0 0 0 0 0 0 0 0 0 0 0 0 0 0 0 0 0 0 0 0 0 0 0 0 0 0 0 0 0 0 0 0 0 0 0 1 0 0 0 0 0 0 2 1 0 10 0 0 0 0 0 0 0 0 0 0 0 0 0 0 0 0 0 0 0 0 0 0 0 0 0 0 0 0 0 0 0 0 0 0 0 0 0 0 
 208 66 161 55 85 35 45 166 288 77 288 348 146 98 187 96 21 26 238 0 1 0 0 0 0 0 0 1 0 0 3 0 0 0 2 0 0 0 3 0 0 3 3 0 1 0 0 2 0 0 0 0 0 0 0 0 3 0 0 0 0 0 0 3 5 0 3 0 0 3 0 0 0 0 1 0 3 3 0 0 40 20 0 1 0 13 22 2 23 27 33 0 24 0 13 0 12 26 13 10 0 0 0 0 0 0 0 0 0 0 0 0 0 0 0 0 0 0 0 0 0 0 0 0 0 0 0 0 0 0 0 0 0 1 0 0 0 0 0 0 0 0 0 0 0 0 0 0 0 0 0 0 0 2 0 0 0 0 0 0 23 15 18 10 0 0 10 24 5 11 19 0 40 12 31 0 12 0 58 17 0 0 0 0 0 0 0 0 0 0 0 1 0 0 0 0 0 0 8 0 0 0 0 0 0 15 0 0 0 0 0 1 0 0 0 0 0 0 0 0 0 0 3 0 0 0 0 9 0 0 0 0 0 0 0 0 0 0 0 0 0 0 0 0 0 0 3 0 2 0 0 3 0 0 0 0 0 0 0 0 0 0 0 0 0 0 0 0 0 0 0 0 0 1 0 0 0 0 0 0 0 0 0 0 0 0 0 0 0 0 
 0 0 0 0 73 3 0 0 0 0 0 0 0 1 0 0 0 1 0 1 0 447 226 366 68 45 284 198 63 50 157 35 217 145 276 181 100 34 138 171 0 3 3 8 0 0 2 2 0 1 2 0 0 0 0 0 0 0 3 3 0 0 0 2 0 0 0 0 0 0 0 0 0 0 0 0 0 0 0 0 0 0 0 0 12 25 0 0 1 12 0 0 0 0 0 0 0 1 0 0 18 13 48 47 0 1 24 0 21 22 33 12 7 31 18 43 0 9 6 33 0 0 0 0 2 0 0 0 0 0 0 0 0 0 0 0 0 0 16 0 0 0 8 6 0 0 0 0 0 3 0 1 0 6 0 0 0 0 0 5 0 0 0 0 0 7 1 0 0 0 11 0 0 0 0 0 0 0 0 3 13 0 16 60 9 0 21 25 26 12 13 13 24 28 2 17 24 6 13 19 0 4 0 0 21 0 0 0 0 2 0 0 0 0 0 0 0 0 0 0 1 0 0 0 0 0 0 0 1 0 0 0 0 0 0 0 0 0 0 0 0 0 13 0 0 0 0 0 0 0 0 0 0 0 3 0 0 1 0 5 0 2 0 0 0 0 8 0 0 0 26 0 0 0 0 0 0 0 0 10 0 0 0 0 0 14 16 0 0 0 
 3 0 1 0 0 0 0 0 0 0 0 0 1 0 0 0 0 0 0 0 447 0 315 62 40 43 189 371 186 27 38 52 223 200 69 117 116 313 124 155 0 3 3 3 0 0 2 3 0 0 2 0 0 0 0 0 0 0 3 3 0 0 0 2 0 0 1 0 0 0 0 0 0 0 0 0 0 0 0 0 0 0 0 1 12 9 0 0 0 0 0 0 0 0 0 0 0 0 0 21 65 47 13 21 7 6 8 26 0 7 0 12 12 27 33 2 22 27 9 15 0 0 0 0 0 0 0 0 0 0 0 0 13 0 0 0 0 0 0 0 0 13 0 1 0 0 0 0 0 8 0 0 0 0 0 2 0 0 0 0 0 0 0 1 1 9 0 0 0 0 13 0 0 0 0 0 0 10 0 0 24 0 0 5 0 12 26 43 34 27 20 20 56 17 11 35 14 0 0 11 0 0 0 0 0 0 0 0 10 0 0 0 0 0 0 0 0 0 1 0 0 0 0 0 0 0 0 0 0 0 0 0 0 0 0 0 0 0 0 0 0 0 11 0 0 0 0 0 0 0 0 0 0 0 14 0 0 0 1 0 4 2 0 0 0 0 0 0 0 0 0 0 0 0 0 0 0 0 0 2 0 0 0 0 0 0 10 0 0 0 
 4 0 0 0 0 0 0 1 0 3 72 0 0 0 0 5 0 0 5 0 226 315 0 195 45 34 260 479 132 64 106 36 143 89 250 140 192 96 147 184 0 3 3 2 0 13 1 208 0 4 209 0 62 206 0 0 0 0 209 6 0 0 0 2 0 0 1 4 0 0 2 0 2 4 0 46 0 0 0 0 2 0 0 0 0 13 0 0 0 0 0 0 0 0 2 0 0 0 2 0 12 32 0 7 27 28 0 19 0 9 0 14 0 20 10 0 36 11 7 13 0 0 0 0 0 0 8 0 0 0 0 0 15 0 0 0 0 0 0 0 19 0 4 2 0 0 0 0 0 5 0 0 2 0 9 0 0 0 0 14 0 0 0 0 0 0 0 2 0 0 0 0 0 0 0 0 0 0 1 0 25 0 0 9 9 32 18 26 46 34 60 28 24 12 0 31 43 0 0 0 0 0 0 0 0 0 0 0 0 0 0 0 16 0 0 0 0 0 0 16 0 0 0 2 0 0 0 0 0 0 0 0 0 0 0 0 0 0 0 0 0 0 0 0 0 2 0 0 0 0 0 0 0 0 17 1 0 3 2 1 0 1 0 0 0 0 0 0 0 0 0 1 0 0 0 0 1 0 0 18 0 0 0 0 0 0 1 0 0 0 
 0 0 0 0 0 2 10 2 0 0 207 0 0 0 0 0 2 0 10 0 366 62 195 0 248 433 92 75 163 254 144 178 56 68 70 150 253 120 87 101 0 3 3 7 7 0 2 2 3 2 2 5 0 19 4 2 1 4 6 5 0 3 61 3 3 0 2 8 1 1 1 0 0 2 2 4 2 3 0 0 0 0 0 0 0 0 0 0 0 0 0 0 0 0 0 0 0 0 0 0 1 0 46 0 10 29 1 0 23 45 22 12 0 1 0 9 31 29 0 0 12 1 0 0 0 0 0 0 0 0 0 0 15 18 0 0 0 0 29 13 0 0 0 0 0 0 0 0 0 0 0 0 0 0 12 0 0 0 0 0 0 0 1 0 0 5 0 0 0 0 0 0 0 0 0 0 0 0 0 0 0 12 33 0 28 29 0 17 9 15 51 28 0 2 1 0 12 56 0 0 0 14 0 0 12 0 17 34 0 0 0 0 37 45 0 0 0 0 28 5 0 0 0 0 0 0 0 0 0 0 0 0 0 0 0 0 0 0 0 3 0 0 0 0 0 0 0 0 0 1 0 0 1 0 9 0 0 77 76 0 22 2 0 0 0 0 20 0 0 0 0 0 0 0 0 0 0 2 0 0 0 4 0 0 0 0 0 0 0 0 
 0 72 0 0 0 5 2 0 0 0 0 0 0 0 0 0 0 74 5 0 68 40 45 248 0 76 153 139 300 151 100 121 84 73 80 107 78 116 64 331 0 3 3 2 0 0 34 77 1 211 2 0 21 62 0 0 0 0 129 68 0 0 0 1 0 0 2 0 0 0 0 0 0 0 39 0 0 0 0 0 0 0 0 0 0 0 0 0 0 0 0 0 0 0 0 0 0 0 0 0 0 0 27 9 1 14 0 0 0 6 16 16 0 0 0 5 11 52 0 0 0 2 0 0 0 0 13 10 24 0 0 0 11 44 0 12 26 0 18 15 0 0 0 0 0 0 0 1 0 2 0 0 0 0 5 0 0 0 0 0 9 0 1 0 0 0 0 19 2 0 0 1 6 0 0 0 0 1 0 0 0 0 19 0 9 10 0 0 10 2 37 22 0 0 0 1 4 21 0 0 24 0 1 0 0 0 33 21 0 14 13 0 29 20 9 27 14 14 9 20 0 0 0 0 0 0 2 0 0 0 0 0 0 1 0 0 0 2 0 0 0 0 0 0 0 0 0 0 0 0 0 0 0 0 8 0 0 2 2 0 8 0 0 0 0 0 20 0 0 0 0 0 0 0 0 0 0 0 0 0 0 0 0 0 0 0 10 0 0 0 
 2 2 2 1 2 2 0 0 1 0 2 2 90 0 2 1 4 1 6 0 45 43 34 433 76 0 30 242 54 361 104 86 20 36 148 58 274 110 42 58 2 3 29 4 2 0 59 68 0 0 75 1 1 3 2 0 2 2 66 69 0 0 0 2 0 0 2 1 0 1 0 0 0 4 0 0 0 0 0 0 0 0 0 0 0 0 0 0 0 0 0 0 0 0 0 0 0 0 0 0 0 0 0 0 19 12 0 0 28 0 0 16 0 0 0 0 0 0 0 0 1 19 0 0 0 0 4 11 0 0 0 10 0 3 20 0 14 18 50 23 0 0 0 0 0 0 0 0 0 0 0 0 10 0 0 0 0 0 0 0 0 0 0 0 0 0 0 0 4 0 0 0 0 0 6 0 0 0 0 0 0 11 15 0 2 12 0 0 0 0 25 0 0 0 0 9 12 12 0 0 14 11 0 0 0 0 27 1 0 0 0 1 1 0 1 1 3 18 18 0 0 0 0 12 0 0 0 0 0 0 0 0 0 0 0 0 0 0 0 0 0 0 0 0 0 0 2 0 0 0 0 0 0 0 5 0 1 74 0 1 0 1 2 0 0 0 0 0 0 0 0 0 0 0 0 0 0 0 0 0 0 1 0 0 0 0 0 0 0 0 
 0 0 0 0 0 2 0 0 0 0 2 0 0 0 0 0 0 0 0 0 284 189 260 92 153 30 0 159 176 203 116 13 102 200 283 42 144 29 65 141 0 3 7 2 0 0 0 2 0 62 2 0 0 0 0 0 0 0 3 3 0 0 0 2 0 0 0 0 0 0 0 0 0 0 50 0 0 0 0 0 0 0 0 0 0 41 0 0 0 0 0 0 0 0 0 0 0 0 0 0 4 0 17 9 0 13 11 18 18 29 32 0 9 7 14 69 21 8 7 20 0 0 0 0 0 0 0 0 0 0 0 0 0 0 0 0 0 0 10 0 0 0 4 1 0 0 0 0 0 3 0 0 0 0 0 0 0 0 0 63 0 0 0 3 0 0 0 0 0 0 0 0 0 0 0 8 0 0 0 4 6 51 25 33 14 0 7 10 40 12 0 14 9 28 21 43 12 4 0 10 0 0 0 0 0 0 0 0 0 0 0 0 0 0 0 0 0 0 0 20 0 0 0 0 0 0 0 0 0 0 0 0 0 0 0 0 0 0 0 0 0 0 0 0 0 0 0 0 0 0 0 0 0 0 6 2 0 1 2 2 5 0 0 0 0 0 20 0 0 11 0 0 0 0 0 0 0 0 0 0 0 0 0 0 0 0 2 0 0 0 
 2 2 2 1 161 77 3 3 3 3 77 77 3 1 2 2 3 2 5 1 198 371 479 75 139 242 159 0 161 259 36 28 153 173 144 146 40 39 157 58 0 4 3 6 0 1 0 3 0 0 22 0 0 0 0 0 0 0 3 3 0 0 0 1 0 0 0 46 0 0 0 53 0 0 0 0 0 0 0 0 0 0 1 6 10 18 0 0 1 0 0 8 0 0 0 0 18 0 16 0 11 26 31 16 0 0 46 0 19 12 17 0 14 17 66 19 1 11 0 29 2 0 0 0 1 0 0 0 0 0 0 0 0 0 0 0 0 0 7 0 0 0 1 20 0 0 0 0 0 0 0 0 0 0 0 15 0 0 0 0 0 0 0 0 0 4 1 0 0 5 23 0 10 0 0 1 0 0 0 0 9 0 1 10 0 9 47 11 20 1 1 20 4 2 25 15 12 1 30 49 0 0 0 0 0 0 0 0 0 2 0 0 0 0 0 0 0 0 0 0 0 0 15 0 0 0 0 0 1 0 0 0 0 0 0 0 0 0 0 0 0 0 19 0 0 0 0 0 0 0 0 1 0 0 10 0 1 0 1 2 2 0 0 0 0 0 15 0 0 0 0 0 0 0 0 0 0 0 0 13 0 0 0 0 0 14 12 0 0 0 
 3 0 0 0 0 0 0 0 0 0 0 0 0 0 2 0 0 0 6 0 63 186 132 163 300 54 176 161 0 150 269 68 178 71 294 78 106 331 222 226 0 3 3 2 2 0 0 2 0 0 2 0 0 0 0 0 0 0 3 7 0 0 0 2 0 0 0 0 0 0 0 0 0 0 0 0 0 0 0 48 0 0 0 0 0 24 0 0 0 0 0 2 0 0 0 0 2 0 0 0 8 1 19 0 1 37 7 35 3 0 13 3 0 6 14 0 69 40 11 0 0 0 0 0 0 0 0 0 0 0 0 0 0 0 0 0 0 0 0 0 0 0 0 0 0 0 0 0 0 0 1 0 0 0 5 0 0 0 0 0 0 0 0 9 0 3 0 0 0 0 0 0 0 0 0 0 0 0 0 1 17 26 14 1 65 14 13 23 52 13 10 22 0 16 24 17 0 23 0 0 0 0 0 0 0 0 16 22 0 0 13 2 22 21 0 0 0 0 10 20 0 0 0 0 0 0 0 0 0 0 1 0 0 0 1 0 0 0 0 0 0 0 0 0 0 0 1 0 0 0 0 0 0 0 14 0 0 1 9 4 12 0 0 0 0 0 0 0 0 0 0 0 0 0 0 0 0 0 0 0 0 8 0 0 0 0 0 0 0 2 
 0 1 0 0 0 0 2 0 0 0 75 0 0 0 0 0 0 0 5 0 50 27 64 254 151 361 203 259 150 0 222 37 119 63 197 245 142 133 85 108 0 62 0 1 2 0 1 0 8 0 2 0 64 0 0 0 2 0 11 70 0 0 0 0 1 2 0 3 0 0 0 2 0 0 0 0 0 2 0 0 0 0 0 0 0 12 0 0 0 0 14 0 0 0 0 0 0 0 0 0 19 31 8 0 0 30 0 0 29 0 10 53 0 0 15 0 45 10 0 7 15 41 8 0 0 0 28 31 0 0 0 0 38 15 0 0 0 16 51 3 0 0 0 0 0 0 0 0 0 0 0 0 0 0 0 0 0 0 0 0 0 0 0 0 0 0 0 0 0 0 0 1 0 0 0 0 0 1 0 39 11 0 21 25 1 10 0 0 1 15 30 1 0 13 1 6 31 17 0 0 0 18 0 0 0 0 24 13 20 1 0 0 26 12 0 0 0 8 14 26 0 0 0 0 0 0 13 0 0 0 0 0 0 0 0 0 0 0 0 0 0 0 0 0 0 0 0 0 0 0 0 1 0 0 7 0 2 80 0 3 1 0 26 0 0 0 0 0 0 33 0 0 0 0 0 0 0 0 0 0 0 37 0 0 0 0 0 0 0 0 
 0 2 0 1 0 0 0 0 1 0 0 5 0 0 2 4 6 2 3 3 157 38 106 144 100 104 116 36 269 222 0 69 314 147 155 204 70 139 255 310 0 3 6 2 1 0 57 2 6 4 6 7 2 0 5 3 0 4 106 73 2 3 50 3 0 0 0 2 0 0 0 3 0 12 0 0 0 5 0 0 0 0 3 11 0 1 0 0 0 0 0 1 0 0 0 0 0 0 0 0 19 0 1 0 8 25 0 0 4 1 27 55 0 0 9 21 0 0 1 9 1 24 8 0 0 0 10 16 2 0 10 9 19 24 0 0 27 10 0 17 0 0 0 0 0 0 0 0 0 0 3 0 0 4 7 0 0 0 2 0 2 0 0 0 0 0 0 0 0 0 2 0 0 0 0 0 0 0 0 4 27 5 25 5 0 10 1 0 0 12 37 1 0 24 1 0 0 35 0 0 1 0 0 0 0 0 18 0 1 12 13 0 26 3 8 9 4 0 26 9 0 0 0 0 0 0 0 0 0 0 0 0 0 0 1 0 30 0 0 0 0 0 0 0 0 0 0 0 0 0 0 0 0 0 6 0 2 26 0 1 1 12 0 0 0 0 22 0 0 0 2 0 0 0 0 0 0 0 0 0 0 8 0 0 0 0 0 0 0 0 
 0 0 0 0 0 80 0 0 0 0 0 0 0 1 0 0 1 0 0 0 35 52 36 178 121 86 13 28 68 37 69 0 21 46 51 46 194 70 41 44 62 3 4 2 1 7 48 65 0 0 2 2 132 128 0 0 0 2 131 5 0 0 0 2 0 0 2 9 0 0 0 0 0 0 0 0 2 0 0 0 0 0 0 0 0 0 0 0 0 0 0 0 0 1 0 0 0 0 0 0 0 16 0 13 24 23 0 8 17 8 45 7 0 2 0 0 17 34 8 0 14 2 0 10 0 0 20 15 21 0 18 0 21 6 0 14 0 0 19 33 0 2 0 0 0 0 0 0 0 0 0 15 0 0 0 0 0 0 0 0 0 0 6 0 0 0 0 0 10 0 0 0 3 0 4 0 2 0 0 0 0 21 0 0 43 15 1 0 20 27 18 63 0 14 24 0 14 12 0 0 34 12 0 0 0 2 11 6 1 1 0 0 42 0 37 0 0 15 13 32 0 0 0 0 0 0 0 0 0 0 0 0 0 0 0 0 0 0 0 3 0 0 0 0 0 0 0 0 0 0 0 0 0 0 1 1 2 90 2 2 0 0 0 0 0 0 8 0 0 0 0 0 0 0 0 0 0 0 0 0 0 0 0 0 0 0 0 0 0 0 
 0 0 73 78 149 97 0 1 0 55 80 74 0 4 0 74 71 0 0 0 217 223 143 56 84 20 102 153 178 119 314 21 0 193 189 117 38 27 167 303 36 3 3 2 0 0 0 35 2 0 2 0 0 0 6 2 0 0 3 3 0 0 1 2 0 6 0 0 0 0 2 1 0 0 52 0 0 3 0 0 0 0 22 0 0 10 0 0 11 0 0 10 0 0 2 0 12 0 0 0 41 65 0 31 0 0 47 0 31 0 16 0 37 20 9 30 0 1 36 25 0 0 0 0 0 0 0 0 0 0 0 0 0 0 0 0 0 0 0 0 0 0 0 0 0 0 0 0 0 17 0 0 0 0 0 4 0 0 0 0 0 0 0 16 17 41 0 0 13 0 0 13 0 0 0 2 14 0 0 5 0 0 1 27 0 16 33 26 0 30 0 1 19 32 10 1 13 7 27 0 0 0 12 0 0 0 0 0 0 0 0 0 0 0 0 0 0 0 1 0 0 0 18 0 0 0 0 0 0 0 0 0 0 0 0 0 0 30 0 0 0 8 0 0 0 0 0 0 0 39 0 0 0 0 30 2 2 0 0 0 2 1 8 0 0 0 0 0 0 0 2 0 0 0 0 0 0 1 0 9 0 0 0 0 0 14 0 0 0 0 
 0 0 0 75 74 1 0 0 0 0 0 0 0 0 0 0 0 0 2 0 145 200 89 68 73 36 200 173 71 63 147 46 193 0 183 113 83 30 108 193 0 3 3 5 0 0 1 71 0 0 2 1 0 3 0 0 0 3 3 3 3 3 0 1 0 0 2 3 0 0 3 3 0 1 0 0 0 2 0 0 0 10 0 8 11 10 0 0 2 0 0 47 0 0 0 0 0 0 0 0 17 0 30 11 0 3 14 0 13 3 5 2 15 5 11 43 0 9 0 30 0 0 0 0 0 0 0 0 0 0 0 0 0 0 0 0 0 0 0 0 0 0 9 4 0 0 0 0 0 4 0 0 0 1 0 3 0 0 0 4 0 0 0 0 17 6 5 0 0 0 5 0 0 0 0 0 0 0 0 1 17 0 10 1 0 1 13 15 1 0 0 0 19 0 21 12 16 11 14 31 0 0 1 0 1 1 14 0 0 0 0 5 0 0 0 0 1 0 0 0 0 1 0 0 0 0 0 0 0 0 0 0 0 0 0 0 0 0 0 0 0 0 5 0 0 0 0 0 0 0 0 0 0 0 13 0 0 0 0 0 2 2 0 0 0 0 0 0 0 0 0 0 0 0 0 0 0 0 0 0 0 0 0 0 0 16 0 0 0 0 
 4 3 3 2 3 6 5 3 35 3 3 4 3 4 3 4 3 3 3 2 276 69 250 70 80 148 283 144 294 197 155 51 189 183 0 93 183 156 216 413 1 3 6 2 0 0 0 2 0 61 2 5 0 0 0 0 0 0 3 3 0 0 0 0 0 0 1 0 3 0 0 0 0 0 39 0 0 0 0 1 0 0 0 0 0 0 0 0 0 0 13 7 0 0 0 0 0 0 0 0 20 0 2 18 0 18 8 1 27 13 0 0 8 10 12 11 8 16 2 13 0 0 0 0 0 0 0 0 2 0 0 0 0 0 0 0 1 0 17 0 0 0 8 2 0 0 0 0 0 4 0 0 0 0 0 0 0 0 1 5 0 0 0 0 0 0 0 0 0 0 1 0 0 0 0 0 0 0 0 0 6 19 38 29 14 16 17 22 35 0 28 14 21 0 14 39 12 11 0 21 0 0 0 0 0 0 0 0 0 0 0 0 0 0 0 0 0 0 0 11 0 0 18 0 0 0 0 0 0 0 0 0 0 0 2 0 0 0 0 0 0 0 0 0 0 0 0 0 0 0 0 0 0 0 5 0 4 5 3 3 5 0 0 0 0 0 0 0 0 0 0 0 0 0 0 0 0 0 0 0 0 0 0 0 0 0 10 0 0 0 
 1 0 0 0 42 74 0 0 0 0 0 1 0 3 205 2 0 3 4 0 181 117 140 150 107 58 42 146 78 245 204 46 117 113 93 0 91 170 40 238 0 3 3 4 3 0 0 2 0 0 2 0 0 3 0 0 0 0 2 3 0 1 0 6 0 2 1 2 0 0 0 0 0 0 0 0 0 1 4 35 0 0 0 0 0 19 0 0 2 0 0 0 0 0 0 0 0 0 0 0 16 49 33 21 30 24 3 13 17 8 72 24 0 16 8 2 12 25 0 0 8 0 0 0 0 0 0 11 0 20 0 0 0 0 0 0 0 0 0 7 0 0 0 0 0 0 0 0 0 0 0 0 0 0 3 0 2 0 0 0 0 0 0 0 20 0 0 0 0 0 0 0 0 0 0 10 0 0 0 1 23 25 21 15 9 1 1 0 0 14 2 7 17 17 9 16 16 42 28 0 0 0 0 17 0 0 9 91 0 0 0 1 25 13 0 0 0 0 13 0 2 0 0 0 0 0 0 0 0 0 12 0 0 0 0 0 0 0 13 0 0 0 0 0 0 0 0 0 0 0 0 0 1 0 3 0 0 0 1 1 0 0 0 0 0 0 0 0 0 0 0 0 0 0 0 0 0 0 0 0 0 15 0 0 0 11 0 0 0 0 
 1 0 0 2 1 0 0 0 0 0 0 0 0 0 0 0 0 0 2 0 100 116 192 253 78 274 144 40 106 142 70 194 38 83 183 91 0 208 31 408 0 3 3 2 0 0 0 64 0 0 76 0 25 15 0 0 0 0 3 3 0 0 0 2 0 0 2 5 0 0 0 0 0 0 0 0 0 0 0 0 0 0 0 0 0 0 0 0 0 0 0 0 0 0 0 0 0 0 0 0 7 26 17 46 32 27 0 18 26 18 20 8 0 6 0 11 9 12 0 1 13 0 0 0 0 0 5 9 0 0 0 0 13 5 0 0 0 0 18 12 0 0 3 0 0 0 0 0 0 0 0 0 0 2 0 0 0 0 0 1 0 0 0 0 0 8 0 0 0 0 0 0 0 0 0 0 0 0 0 0 10 11 37 8 11 33 0 29 28 21 42 7 12 0 10 22 26 24 0 11 0 0 0 0 0 0 8 18 16 0 0 0 27 1 1 1 0 0 42 10 0 0 0 0 0 0 0 0 0 0 0 0 0 0 0 0 2 0 0 0 0 0 0 0 0 0 0 0 0 0 0 0 0 1 3 2 0 150 74 0 0 1 0 0 0 0 0 0 0 0 0 0 0 0 0 0 0 0 0 0 0 0 0 0 0 0 0 0 0 0 
 0 1 0 0 0 0 2 0 0 0 0 0 0 0 0 0 0 0 2 0 34 313 96 120 116 110 29 39 331 133 139 70 27 30 156 170 208 0 65 369 0 3 3 2 0 0 0 2 0 0 2 0 0 0 0 0 104 0 3 5 0 0 0 1 0 0 1 0 0 0 0 0 0 0 0 0 0 0 32 3 0 0 0 9 0 1 0 0 0 0 0 0 0 0 0 0 0 0 0 0 16 21 0 11 7 39 16 22 11 0 27 19 0 18 30 1 1 16 61 0 1 3 0 0 0 0 0 20 0 20 0 0 1 0 0 0 0 0 9 0 0 0 0 1 13 0 0 0 0 1 0 0 0 1 4 0 0 0 0 1 0 0 0 0 0 0 0 0 0 0 0 0 0 0 0 0 0 0 0 2 23 21 32 25 29 40 0 14 11 20 32 13 0 14 19 59 0 23 0 0 0 0 0 0 0 0 0 0 0 0 0 0 6 11 14 0 0 0 23 9 0 0 0 0 0 0 0 0 0 0 0 0 0 0 0 0 0 0 0 0 0 0 0 0 0 0 0 0 0 0 0 0 0 0 11 1 0 41 16 2 1 18 0 0 0 0 0 0 0 0 0 0 0 0 0 0 0 0 0 0 0 10 0 0 0 0 1 0 0 0 
 3 3 39 78 3 29 5 3 27 156 100 82 3 5 75 3 3 152 3 3 138 124 147 87 64 42 65 157 222 85 255 41 167 108 216 40 31 65 0 403 0 65 3 2 0 0 0 2 0 1 2 0 0 0 0 0 0 2 3 3 0 4 0 2 1 0 1 30 0 0 0 0 0 0 51 0 0 0 0 6 0 0 27 10 0 7 0 0 0 0 12 0 2 0 0 0 0 0 0 0 24 13 0 15 0 0 8 26 0 0 0 0 6 14 17 3 30 20 44 0 0 0 0 0 0 0 0 0 0 0 0 0 0 1 0 0 0 0 0 0 0 0 0 0 0 0 2 0 0 0 0 0 0 0 0 0 0 0 2 0 0 12 0 0 0 0 0 0 10 0 0 0 0 1 19 0 0 7 0 0 17 0 9 26 0 0 36 1 30 18 1 17 22 32 8 28 14 0 3 0 0 0 0 0 2 0 0 0 0 0 0 0 0 0 0 0 0 0 0 0 0 0 0 0 0 0 0 0 0 0 0 0 0 0 20 0 0 0 2 0 0 0 0 0 0 0 18 0 0 0 0 0 0 0 8 0 0 0 2 0 2 1 0 0 0 0 0 0 0 0 0 0 0 0 0 0 13 8 0 0 0 0 0 0 0 0 0 0 0 0 
 0 19 1 0 2 1 0 0 0 63 0 1 0 0 0 0 86 0 6 0 171 155 184 101 331 58 141 58 226 108 310 44 303 193 413 238 408 369 403 0 0 4 5 2 0 0 0 2 2 1 2 0 0 0 3 4 0 27 29 3 0 0 0 2 2 0 1 4 0 1 3 2 0 0 0 0 2 3 0 6 0 0 2 0 23 13 0 0 0 0 13 0 0 0 0 0 1 12 0 0 12 8 1 7 31 6 38 21 2 9 1 12 2 30 24 0 14 29 0 21 0 0 0 0 0 0 0 0 0 0 0 0 0 0 0 13 0 0 0 0 0 0 4 2 2 0 0 0 0 2 0 0 0 0 0 0 0 0 0 3 0 0 10 4 0 15 0 0 11 13 0 0 0 0 0 0 8 0 0 0 28 0 7 18 1 13 1 13 20 10 60 8 7 0 10 61 9 0 0 29 0 0 0 0 0 0 0 0 0 0 0 0 0 0 0 0 0 0 1 2 44 0 0 0 0 2 6 1 0 0 0 0 0 0 0 0 1 0 0 0 0 0 0 0 0 1 0 0 78 0 0 0 0 2 17 0 3 0 79 2 5 3 0 0 0 0 0 0 0 0 0 0 0 0 0 2 0 0 0 0 0 0 0 0 0 0 1 0 0 0 
 0 0 3 10 0 21 0 4 0 15 1 0 0 0 0 0 5 0 0 0 0 0 0 0 0 2 0 0 0 0 0 62 36 0 1 0 0 0 0 0 0 136 386 63 105 280 217 119 150 42 81 38 89 278 46 483 798 342 48 147 0 0 2 0 0 0 1 0 0 0 0 0 0 0 53 0 0 0 0 0 0 0 14 0 11 0 0 0 43 0 0 6 0 0 0 0 6 0 0 0 9 0 0 0 14 0 6 0 0 0 0 0 0 0 0 6 0 0 6 1 70 0 25 36 0 10 0 45 21 0 0 11 0 0 25 4 0 31 21 8 0 0 0 0 0 0 0 0 0 0 0 0 0 15 0 0 0 0 28 12 0 0 0 0 6 0 0 0 5 0 0 0 0 0 0 7 39 0 11 0 0 0 0 0 20 0 0 12 0 23 0 12 0 0 0 0 0 0 0 0 28 40 47 25 0 3 1 0 11 26 0 32 11 0 3 16 8 21 0 0 12 0 25 0 0 0 0 0 0 2 0 0 0 0 0 0 0 0 10 0 0 7 15 0 0 0 0 0 0 0 0 2 0 2 0 0 0 21 0 12 0 0 4 88 0 9 4 0 0 0 0 0 0 0 0 0 0 0 0 0 0 0 0 0 0 0 0 0 0 0 
 3 3 65 3 3 65 3 3 67 35 4 4 3 3 3 3 3 38 3 3 3 3 3 3 3 3 3 4 3 62 3 3 3 3 3 3 3 3 65 4 136 0 187 124 18 41 174 391 166 67 170 32 35 98 182 79 242 108 37 76 2 0 2 53 0 1 4 0 0 0 0 0 1 0 0 8 0 0 0 0 0 0 11 14 0 0 0 0 0 18 4 0 0 0 0 8 0 0 0 0 0 0 0 1 1 0 0 0 0 0 0 0 0 0 0 0 0 0 0 0 19 0 0 9 32 0 20 0 0 0 17 39 20 20 14 0 20 16 0 0 4 0 0 0 0 4 0 9 0 0 0 0 10 17 9 0 0 0 14 2 0 0 0 0 0 0 0 0 0 0 0 0 0 0 0 0 0 0 0 1 0 0 0 0 1 0 0 0 0 0 0 1 8 0 7 0 0 0 0 0 0 2 7 0 1 0 0 0 0 25 0 10 24 0 7 6 20 16 0 13 3 6 4 0 0 0 1 4 1 0 0 0 27 9 0 0 6 0 24 15 0 0 0 0 0 0 0 0 0 0 0 0 0 9 0 0 0 0 0 0 0 0 2 0 0 1 1 46 2 0 9 0 0 0 0 0 16 0 0 0 0 0 1 0 0 12 0 0 2 0 
 2 3 3 2 3 3 3 3 6 3 8 3 3 3 3 3 3 3 6 3 3 3 3 3 3 29 7 3 3 0 6 4 3 3 6 3 3 3 3 5 386 187 0 417 54 61 79 389 91 283 500 38 168 197 150 45 396 165 338 407 0 0 40 0 0 0 2 0 0 5 0 0 0 0 0 0 6 0 50 0 17 0 0 0 6 0 0 0 0 0 0 0 0 0 0 0 0 0 0 0 0 0 0 0 0 0 0 0 0 0 0 0 0 0 0 0 4 0 0 0 0 22 4 1 0 0 4 3 3 12 11 44 4 4 45 8 9 3 29 0 6 0 0 0 0 2 0 10 0 0 0 0 7 0 0 0 0 0 14 0 0 0 0 3 0 0 0 0 4 0 0 0 0 0 7 0 29 0 0 0 0 0 0 0 6 0 0 0 0 0 0 0 0 0 0 0 0 0 0 0 9 21 33 3 50 8 14 21 0 17 10 19 24 1 17 10 9 34 0 9 3 5 0 0 0 0 0 0 0 0 0 0 3 7 0 0 5 0 0 3 0 0 14 0 0 0 0 0 0 0 0 6 0 0 0 0 0 0 0 3 0 0 0 0 1 2 4 0 0 0 6 0 0 0 0 0 0 0 0 0 0 0 0 0 14 10 0 0 0 0 
 2 0 0 2 0 0 0 2 2 0 0 0 3 0 0 3 1 3 2 0 8 3 2 7 2 4 2 6 2 1 2 2 2 5 2 4 2 2 2 2 63 124 417 0 106 276 94 139 168 159 286 41 154 97 64 153 42 76 251 336 0 8 49 4 4 3 5 0 2 2 3 3 1 0 0 3 7 3 2 3 24 0 0 0 4 1 0 5 0 0 0 0 0 0 0 0 0 0 0 0 0 0 3 0 0 0 0 5 0 0 0 0 3 0 3 4 0 6 1 7 23 5 46 14 15 9 0 19 1 6 22 12 0 0 12 0 19 10 0 0 0 0 0 0 0 0 0 3 0 0 0 0 0 0 10 0 1 0 1 0 0 0 0 0 0 7 0 0 0 0 4 0 0 0 2 0 13 0 0 0 0 0 0 0 0 0 0 1 0 0 0 0 0 0 0 46 0 0 0 6 0 18 31 31 43 9 14 20 0 23 0 14 24 0 16 2 0 14 0 0 18 11 0 0 0 0 0 0 0 2 0 0 2 0 7 0 0 0 51 20 0 0 14 0 0 0 0 0 0 0 0 0 0 2 0 0 0 0 0 15 0 0 0 73 0 7 4 4 0 0 1 0 0 0 0 0 0 0 0 0 0 4 0 0 13 0 0 0 1 0 
 0 0 0 0 0 0 0 0 0 0 0 0 0 0 0 0 0 0 0 1 0 0 0 7 0 2 0 0 2 2 1 1 0 0 0 3 0 0 0 0 105 18 54 106 0 77 69 104 148 184 82 111 85 150 135 145 143 117 79 149 0 31 0 0 0 0 0 0 0 8 2 0 0 0 50 0 20 0 0 0 0 0 0 0 0 0 0 0 0 0 0 0 0 0 0 0 0 0 1 0 0 0 0 0 0 0 0 0 0 0 0 0 0 15 0 0 0 0 0 0 0 0 6 13 25 0 7 2 25 32 12 0 0 0 3 23 0 13 0 0 6 7 0 0 0 0 3 33 18 0 7 0 7 0 0 0 1 4 51 0 0 0 0 0 0 0 0 0 0 0 0 0 0 0 0 0 0 0 0 0 0 0 0 0 0 0 0 0 0 0 49 0 0 0 0 0 0 0 0 0 0 20 8 5 0 16 0 0 1 0 66 29 0 1 7 4 0 22 0 0 0 0 7 7 0 0 28 14 1 15 0 7 19 11 14 13 1 0 39 33 0 0 14 0 0 63 0 0 0 0 0 6 0 0 0 0 0 0 0 1 0 0 26 0 69 10 0 1 0 0 3 0 0 0 0 0 0 0 0 0 0 0 0 0 3 0 0 0 0 6 
 0 0 0 0 0 0 0 0 0 0 0 1 6 8 0 0 0 0 0 0 0 0 13 0 0 0 0 1 0 0 0 7 0 0 0 0 0 0 0 0 280 41 61 276 77 0 261 40 47 101 76 31 28 47 88 128 128 64 58 40 25 1 0 0 0 0 0 0 51 0 0 0 51 86 56 52 85 52 132 0 6 0 0 0 0 0 0 0 0 0 0 0 1 0 0 0 0 0 22 0 0 0 0 0 0 0 0 0 0 0 0 0 0 0 0 0 0 0 0 0 0 0 0 20 16 11 0 0 0 10 0 0 0 0 0 0 0 0 0 0 1 0 3 0 0 0 0 7 38 0 0 31 12 0 9 1 13 21 20 19 0 0 0 0 0 0 19 0 0 0 0 9 0 0 0 0 0 0 4 0 0 0 0 0 0 0 0 0 0 0 0 0 0 0 0 0 0 0 0 0 0 0 10 0 20 9 0 0 13 0 0 0 0 0 0 3 0 0 0 0 6 0 8 0 1 0 0 26 4 0 0 0 36 16 16 4 32 0 10 19 0 0 0 0 0 0 0 0 0 0 0 4 0 0 0 0 0 0 2 0 1 0 1 5 0 7 0 1 0 0 2 0 0 0 0 0 0 0 0 0 0 0 0 0 0 0 0 0 1 0 
 0 0 0 0 0 4 0 0 0 0 0 0 0 0 0 0 0 3 3 0 2 2 1 2 34 59 0 0 0 1 57 48 0 1 0 0 0 0 0 0 217 174 79 94 69 261 0 161 298 295 96 33 138 228 79 55 101 309 184 54 0 2 2 0 0 0 2 0 2 0 0 0 0 3 0 1 0 0 0 0 0 0 0 0 18 1 0 0 0 0 0 18 0 0 0 0 7 0 0 0 0 0 5 0 25 0 27 0 0 0 0 10 5 0 2 9 1 7 0 3 9 11 0 6 0 0 19 5 22 0 21 18 0 4 12 14 9 11 33 21 0 0 0 0 0 0 0 0 0 0 0 0 0 14 0 0 0 0 17 0 0 0 3 0 9 8 0 0 5 0 3 0 15 0 0 0 0 0 0 0 0 0 0 0 7 0 0 0 1 13 0 13 0 0 0 0 0 0 0 6 15 22 37 0 0 0 21 0 1 1 0 0 34 0 8 0 12 35 29 7 0 0 0 0 0 0 0 0 0 0 0 0 0 0 0 0 0 0 13 0 0 0 2 0 0 0 0 0 0 0 0 0 0 2 0 0 0 65 1 0 0 0 0 0 0 3 2 0 1 0 0 0 0 0 0 0 0 0 0 0 0 0 0 0 0 0 0 0 0 0 
 1 2 3 1 3 34 3 5 3 34 3 15 3 2 4 3 42 3 2 2 2 3 208 2 77 68 2 3 2 0 2 65 35 71 2 2 64 2 2 2 119 391 389 139 104 40 161 0 383 260 329 307 233 660 191 37 103 32 517 78 0 0 69 0 0 50 3 0 0 6 0 0 0 0 0 6 9 0 0 5 0 0 14 0 0 0 0 0 10 0 0 9 0 0 0 0 11 0 0 0 41 0 0 0 18 0 20 0 0 0 0 4 0 0 0 0 0 0 2 1 0 19 0 17 23 0 22 0 42 12 21 0 0 20 13 23 0 10 7 11 0 4 1 0 0 0 5 8 0 0 5 0 1 0 0 0 0 3 0 0 0 0 0 0 13 8 0 0 18 15 0 0 0 0 3 0 50 0 0 0 0 0 0 0 0 0 0 3 0 8 17 0 0 0 0 0 0 0 0 0 23 19 0 23 10 0 25 23 8 14 19 38 10 3 0 1 17 22 0 0 0 0 0 0 0 0 0 0 0 0 0 0 14 0 0 0 0 0 19 15 0 7 0 0 0 0 0 0 0 0 0 10 1 1 0 0 1 0 0 2 0 0 45 0 0 2 0 65 0 0 1 0 0 0 0 0 0 0 0 0 0 0 0 0 25 0 0 0 0 0 
 0 0 0 0 0 0 0 0 0 0 0 0 0 0 0 0 0 0 2 0 0 0 0 3 1 0 0 0 0 8 6 0 2 0 0 0 0 0 0 2 150 166 91 168 148 47 298 383 0 103 408 75 88 153 253 316 478 328 114 70 0 6 2 0 0 0 23 0 0 6 0 0 0 0 0 7 18 0 0 0 0 0 0 0 0 0 0 0 0 0 0 0 0 0 0 0 0 0 0 0 0 0 0 0 0 5 0 0 0 0 0 0 0 0 0 0 0 0 0 0 6 28 17 17 5 26 7 18 0 20 21 10 7 5 36 12 0 42 0 0 0 4 1 0 0 0 7 24 0 0 0 0 1 12 3 0 14 4 12 0 0 0 0 0 0 0 0 0 0 0 0 0 0 0 0 0 7 0 4 0 0 0 0 0 0 5 0 0 0 0 0 0 0 0 0 0 0 0 0 0 0 46 24 20 0 0 2 4 10 12 0 0 10 0 0 28 17 13 0 12 7 0 0 0 0 0 14 0 0 3 0 0 7 0 0 0 0 0 38 15 0 0 0 0 0 0 0 0 0 0 0 0 1 1 0 0 0 0 0 22 0 0 66 65 0 11 2 63 0 0 0 0 0 0 0 0 0 0 0 0 0 7 0 0 7 0 0 0 0 0 
 3 0 0 0 0 4 0 0 0 0 0 0 0 2 0 36 0 0 0 0 1 0 4 2 211 0 62 0 0 0 4 0 0 0 61 0 0 0 1 1 42 67 283 159 184 101 295 260 103 0 239 29 223 166 118 169 254 104 93 152 0 0 48 0 0 1 4 0 0 7 0 0 2 7 1 5 7 3 17 1 0 0 0 0 0 0 0 0 0 0 0 0 0 0 0 0 0 7 0 0 0 0 0 0 0 0 0 0 0 0 0 0 0 0 0 0 0 0 0 0 12 21 10 22 0 19 20 6 9 22 13 66 20 20 26 3 20 7 0 0 8 0 0 0 0 4 0 2 22 0 0 0 29 27 0 0 0 0 21 0 0 0 0 0 0 0 0 0 0 0 0 0 0 0 0 0 0 0 5 0 0 0 0 0 1 0 0 0 0 0 0 1 0 0 0 0 0 0 0 0 18 6 75 10 22 3 5 21 15 29 0 29 21 0 9 15 20 9 0 31 0 2 0 0 0 0 7 32 0 0 0 0 6 10 0 0 2 0 29 14 0 0 14 0 0 0 0 0 1 0 0 10 0 0 0 0 0 0 0 15 0 0 0 0 0 4 0 0 1 0 2 0 0 0 0 0 0 0 0 0 0 0 11 0 15 15 0 0 2 0 
 2 0 0 0 0 0 0 0 0 0 0 0 0 0 0 0 0 0 0 0 2 2 209 2 2 75 2 22 2 2 6 2 2 2 2 2 76 2 2 2 81 170 500 286 82 76 96 329 408 239 0 50 114 45 282 276 122 76 65 298 0 0 1 0 0 0 3 50 0 0 0 0 0 0 0 4 4 0 0 0 0 0 0 0 0 0 0 0 0 0 0 0 0 0 0 0 0 0 0 0 0 0 0 0 0 0 0 0 0 0 0 0 0 0 0 0 0 0 0 0 33 29 15 42 12 0 11 0 0 10 8 51 11 11 39 0 26 6 3 0 8 0 0 0 0 8 0 31 0 0 0 0 9 0 13 0 0 0 1 1 0 0 0 0 0 0 0 0 0 0 0 0 0 0 7 0 0 0 0 0 0 0 0 0 0 0 0 0 0 0 0 0 0 0 0 0 0 0 5 0 0 7 9 0 15 0 9 25 8 10 0 16 7 0 22 12 8 18 0 0 6 7 2 0 0 0 0 2 0 0 0 0 16 6 0 0 7 0 14 21 0 0 0 0 0 0 0 0 0 0 0 4 0 0 0 0 0 0 1 3 0 27 2 4 0 0 0 32 1 0 10 0 0 0 0 0 0 0 0 0 0 0 0 0 0 0 0 0 2 0 
 0 0 0 0 1 0 4 0 0 0 86 0 0 0 0 2 0 0 0 0 0 0 0 5 0 1 0 0 0 0 7 2 0 1 5 0 0 0 0 0 38 32 38 41 111 31 33 307 75 29 50 0 62 36 325 303 206 142 31 35 0 0 2 0 9 0 52 0 0 0 0 0 22 0 18 0 0 2 0 0 0 0 0 0 0 0 0 0 0 0 0 0 0 0 0 0 0 0 0 0 0 0 0 0 0 0 0 0 0 0 0 0 0 0 0 0 0 0 0 0 2 1 7 0 0 10 0 11 22 0 0 0 0 0 0 0 1 49 0 0 6 7 0 19 0 0 3 0 0 0 6 0 13 24 0 0 13 30 54 45 0 0 0 0 0 0 0 0 0 0 0 0 0 0 0 0 4 0 32 0 0 0 0 0 0 0 0 0 0 0 0 0 0 0 0 0 0 0 0 0 0 14 16 39 31 0 0 1 10 7 4 4 0 0 1 4 9 14 0 0 20 36 0 0 9 4 10 1 0 3 0 4 0 4 25 1 0 0 11 8 3 0 0 0 0 2 0 0 0 0 0 0 0 0 0 2 0 0 2 13 0 0 76 67 2 9 2 0 0 0 19 0 0 0 0 3 0 0 0 0 0 0 0 0 9 0 0 0 1 0 
 0 0 0 0 0 5 0 63 0 0 0 0 0 0 0 0 64 0 0 0 0 0 62 0 21 1 0 0 0 64 2 132 0 0 0 0 25 0 0 0 89 35 168 154 85 28 138 233 88 223 114 62 0 240 49 130 122 33 179 58 49 0 53 0 0 0 7 7 0 0 0 0 2 0 0 0 0 0 0 0 0 0 0 0 0 0 0 0 0 0 0 0 13 0 0 0 0 0 0 0 0 0 0 0 1 19 14 0 0 0 0 0 0 0 0 0 8 0 0 0 0 31 28 0 1 0 10 0 9 17 0 12 17 11 10 20 17 0 9 15 27 0 0 0 0 4 0 4 0 19 1 0 14 0 0 9 0 0 0 3 0 0 6 0 0 0 0 0 7 16 0 0 2 0 2 0 0 0 0 0 0 0 0 0 0 21 0 0 33 16 0 0 0 0 0 0 13 0 0 0 11 0 1 17 24 0 29 21 26 4 0 19 18 7 0 13 30 9 0 14 35 4 5 0 0 0 0 5 2 0 0 0 7 2 0 0 19 0 0 2 0 0 0 0 0 0 0 0 0 0 0 0 0 2 0 0 0 67 1 0 0 0 0 0 0 1 2 0 0 0 7 0 0 0 0 0 0 0 0 0 0 0 0 0 15 0 0 0 0 0 
 0 0 0 62 2 0 0 0 0 0 0 0 0 0 0 0 0 0 3 0 0 0 206 19 62 3 0 0 0 0 0 128 0 3 0 3 15 0 0 0 278 98 197 97 150 47 228 660 153 166 45 36 240 0 144 109 56 248 131 177 0 0 65 0 0 0 1 0 0 14 0 0 0 0 0 5 5 0 0 0 0 0 0 0 0 0 0 0 0 0 0 0 0 0 0 0 0 0 0 0 0 1 0 30 16 0 0 0 4 3 2 32 8 0 0 0 0 0 0 0 3 2 9 35 0 0 53 22 33 1 7 1 15 17 10 30 1 7 0 21 0 0 0 0 0 0 0 0 0 0 0 0 0 0 0 0 0 0 0 0 0 0 3 0 0 0 12 0 0 0 10 0 3 0 0 0 0 0 0 0 0 4 0 0 2 0 0 1 0 0 0 0 0 0 2 0 7 9 0 0 28 36 0 13 11 0 0 7 8 34 37 10 29 10 11 8 17 10 16 17 0 0 0 0 0 0 0 0 0 0 0 0 0 0 0 0 0 0 1 0 0 0 0 0 0 0 0 0 0 30 0 7 0 2 0 0 0 1 0 2 1 0 0 0 0 3 1 1 0 0 0 0 0 0 0 0 0 0 0 0 0 0 0 0 10 0 0 0 0 0 
 0 0 0 0 0 0 0 0 0 0 0 0 0 0 0 0 0 0 0 0 0 0 0 4 0 2 0 0 0 0 5 0 6 0 0 0 0 0 0 3 46 182 150 64 135 88 79 191 253 118 282 325 49 144 0 198 192 98 296 131 0 0 2 0 0 0 1 0 0 7 0 0 0 0 0 6 3 0 0 0 0 0 0 0 0 0 0 0 0 0 0 0 0 25 0 0 0 0 0 0 0 0 0 0 0 0 0 0 0 0 0 34 0 0 0 0 7 0 0 0 2 0 20 12 19 10 0 27 66 14 4 3 0 0 29 9 0 36 0 0 3 19 0 0 0 0 7 0 0 0 11 0 21 15 0 0 0 7 18 0 0 0 0 0 0 0 0 0 0 0 0 0 0 0 0 0 8 0 1 0 0 0 0 0 0 0 0 0 0 0 0 0 0 0 0 0 0 0 0 0 0 41 9 15 0 0 0 0 14 13 11 9 0 0 0 16 8 29 0 0 13 3 0 0 0 0 0 0 0 5 0 0 7 14 0 0 3 0 14 4 0 0 0 0 0 0 0 0 0 0 0 0 0 0 0 0 0 0 0 11 0 0 11 65 0 11 0 2 0 0 8 0 0 0 0 0 0 0 0 0 0 0 0 0 18 0 0 0 0 0 
 3 0 0 0 0 0 0 0 0 0 0 0 0 0 0 0 0 0 0 0 0 0 0 2 0 0 0 0 0 0 3 0 2 0 0 0 0 0 0 4 483 79 45 153 145 128 55 37 316 169 276 303 130 109 198 0 417 85 33 287 0 0 0 0 0 0 0 0 0 9 0 0 0 0 1 6 23 0 0 0 0 0 0 0 0 0 0 0 0 0 0 0 0 0 0 10 0 0 0 0 0 0 0 0 0 0 0 0 0 0 0 0 0 0 0 0 0 22 0 0 0 24 51 37 35 0 0 0 0 11 52 20 0 0 20 0 20 0 0 0 0 0 1 0 0 6 22 23 8 0 0 0 28 0 8 0 0 0 10 0 0 0 0 0 0 0 0 0 0 0 0 0 0 0 0 0 0 0 2 0 0 0 0 0 6 0 0 0 0 0 0 0 0 0 0 0 0 0 0 0 0 19 0 0 0 0 0 0 7 0 0 0 0 0 0 18 24 2 0 0 1 20 0 0 0 0 0 12 1 0 0 0 8 11 0 0 0 0 54 14 0 0 0 0 0 0 0 0 0 0 0 2 0 1 0 0 0 0 1 1 0 0 1 0 1 2 0 62 0 0 0 0 0 0 0 0 0 0 0 0 0 0 0 0 0 0 0 0 1 0 
 6 3 3 3 3 3 4 3 3 3 3 3 3 3 3 3 3 3 3 3 0 0 0 1 0 2 0 0 0 2 0 0 0 0 0 0 0 104 0 0 798 242 396 42 143 128 101 103 478 254 122 206 122 56 192 417 0 422 71 254 0 0 1 0 0 18 1 0 0 5 0 0 1 0 0 4 12 0 42 0 0 0 0 0 0 0 0 0 0 0 0 0 0 0 0 0 0 0 0 0 0 0 0 0 0 0 0 0 0 0 0 0 0 0 0 0 0 0 0 0 19 19 35 27 0 16 11 7 8 0 16 7 17 15 9 0 7 30 0 0 0 0 0 0 0 12 0 2 1 0 0 0 9 14 0 0 0 0 12 0 0 0 0 0 0 0 0 0 0 0 0 0 0 0 0 0 0 0 5 13 0 0 0 15 0 0 0 0 0 0 4 0 0 0 0 0 0 0 0 0 0 28 6 1 0 7 1 0 27 11 0 0 0 0 0 39 39 6 0 0 11 0 0 0 0 0 0 10 0 2 0 0 0 0 0 0 0 0 13 0 0 0 0 0 0 0 0 0 0 0 0 6 0 0 0 0 0 0 0 1 0 0 1 1 0 5 1 0 1 0 0 0 0 0 0 0 0 0 0 0 0 0 0 0 0 10 0 0 0 0 
 0 0 0 2 0 0 0 0 0 0 0 0 1 0 0 0 0 2 5 0 0 0 0 4 0 2 0 0 0 0 4 2 0 3 0 0 0 0 2 27 342 108 165 76 117 64 309 32 328 104 76 142 33 248 98 85 422 0 43 71 0 0 1 0 1 14 0 0 0 0 0 1 0 0 0 0 3 0 0 0 0 0 0 0 0 0 0 0 0 0 0 0 0 0 0 0 0 0 0 0 0 0 0 0 0 0 0 0 0 0 0 0 0 0 0 0 0 0 0 0 28 0 13 10 0 12 0 7 10 10 0 1 0 0 10 3 0 28 0 0 0 0 0 0 0 0 0 0 9 0 0 0 19 46 0 0 7 0 55 0 0 0 0 0 0 0 0 8 0 0 0 0 1 0 0 0 0 0 38 0 0 0 0 0 0 0 0 0 0 0 0 0 0 0 0 0 0 0 0 0 18 42 25 10 1 24 0 0 10 0 0 20 0 2 3 17 1 0 0 0 21 0 0 0 0 0 0 4 0 0 0 0 0 0 0 0 0 0 24 0 0 0 19 0 0 0 0 0 0 0 0 2 0 0 0 0 0 0 0 15 0 0 2 2 0 2 0 2 1 0 0 0 0 0 0 0 0 0 0 0 0 0 0 0 0 14 0 0 2 0 
 0 0 0 6 0 0 0 0 1 0 3 0 0 0 0 0 0 1 2 0 3 3 209 6 129 66 3 3 3 11 106 131 3 3 3 2 3 3 3 29 48 37 338 251 79 58 184 517 114 93 65 31 179 131 296 33 71 43 0 285 0 0 0 201 0 0 1 0 0 26 0 0 0 8 0 0 0 0 0 0 0 0 0 0 0 0 0 0 0 0 0 3 0 0 0 0 0 0 0 0 0 0 0 1 41 11 0 0 0 45 0 4 0 0 15 0 12 1 0 0 25 11 5 14 0 0 20 31 28 1 9 7 28 46 19 2 28 7 45 19 0 0 0 0 0 0 0 0 0 0 0 0 0 0 0 0 0 0 0 0 0 0 0 1 0 0 0 0 7 0 1 0 0 0 8 0 0 0 0 0 0 0 0 0 10 4 0 0 0 0 1 24 0 0 0 0 3 0 0 0 48 15 0 12 1 0 4 19 30 3 8 0 19 4 2 2 3 13 8 25 0 0 0 0 0 0 0 0 0 0 0 0 0 0 0 0 0 0 0 0 0 0 1 0 0 0 0 0 0 0 0 5 0 2 0 0 0 24 1 2 0 0 2 0 0 4 0 0 0 0 0 0 0 0 0 0 0 0 0 0 0 4 0 0 0 23 0 0 0 0 
 0 0 0 0 0 0 0 0 0 0 0 0 1 1 0 0 0 0 2 0 3 3 6 5 68 69 3 3 7 70 73 5 3 3 3 3 3 5 3 3 147 76 407 336 149 40 54 78 70 152 298 35 58 177 131 287 254 71 285 0 0 0 0 0 0 0 1 0 0 0 0 0 0 0 0 0 0 0 0 4 0 0 0 0 0 0 0 0 0 0 0 0 0 0 0 0 0 0 0 0 0 0 10 0 35 0 0 0 0 15 0 9 0 0 0 0 29 23 0 0 35 11 10 6 0 0 11 10 17 0 0 14 10 19 21 22 23 7 11 12 6 0 0 0 12 0 0 5 0 8 0 0 3 8 0 0 0 0 11 0 0 0 0 0 0 0 0 0 0 0 0 0 0 0 4 0 0 0 0 0 0 0 0 0 12 0 0 0 0 0 0 22 0 0 0 0 0 0 0 0 22 0 8 10 12 8 19 31 13 0 12 26 0 0 26 18 0 0 7 0 0 0 0 0 0 0 5 0 0 0 0 0 1 8 0 0 0 0 8 4 0 0 6 0 0 0 0 0 0 21 0 0 0 1 0 0 0 64 1 3 0 0 0 2 0 2 0 0 0 0 0 0 0 0 0 0 0 0 0 0 0 22 5 0 6 0 0 0 0 0 
 0 0 0 0 0 0 2 0 34 0 0 5 0 0 0 0 40 0 2 0 0 0 0 0 0 0 0 0 0 0 2 0 0 3 0 0 0 0 0 0 0 2 0 0 0 25 0 0 0 0 0 0 49 0 0 0 0 0 0 0 0 152 198 105 68 85 192 271 73 91 46 33 114 174 124 40 59 136 108 40 0 0 0 0 0 0 0 0 0 0 0 0 0 0 0 0 0 0 0 0 0 0 0 13 0 0 12 0 0 0 0 0 0 1 0 0 0 0 0 0 0 0 0 0 0 0 0 0 22 0 0 0 0 0 0 0 0 0 0 0 1 0 13 0 31 38 0 14 0 17 0 21 0 17 21 2 4 0 0 20 0 0 0 0 0 0 0 12 0 9 0 0 0 0 0 0 0 0 0 0 0 0 0 0 2 0 0 0 0 0 0 0 0 0 0 0 0 0 0 0 0 0 0 0 0 5 0 0 0 0 0 0 0 0 0 0 0 0 0 0 13 0 25 5 17 0 0 0 8 20 23 0 18 0 22 19 25 0 0 0 7 0 0 0 0 0 0 0 0 0 0 0 0 6 5 0 0 0 0 0 0 0 0 43 0 0 18 0 0 0 4 2 2 2 2 0 0 0 0 0 0 0 0 0 0 0 0 0 0 0 
