 0 74 263 49 42 188 71 162 128 51 34 262 71 36 150 26 44 47 139 115 0 0 0 0 1 0 4 0 5 0 0 0 0 3 0 0 0 6 3 0 4 3 4 3 2 0 0 0 0 0 4 0 0 0 0 2 0 0 0 0 3 0 0 0 2 0 0 44 0 0 54 0 1 0 7 0 0 0 4 0 22 11 25 1 0 0 10 0 15 24 18 63 39 10 6 25 45 0 14 37 1 0 0 2 0 0 0 0 0 11 0 0 0 0 1 0 0 0 0 0 0 0 0 0 0 0 0 0 0 0 1 0 0 3 0 0 1 0 0 0 0 0 0 0 22 0 1 0 0 0 0 0 0 0 0 0 0 0 0 0 0 0 0 5 1 0 23 22 11 35 0 3 16 39 24 30 44 42 5 8 0 0 0 0 0 0 0 0 0 0 0 0 0 0 0 0 0 0 0 0 0 0 0 1 0 0 0 0 0 0 0 0 13 0 0 0 0 0 0 0 2 0 0 2 0 0 0 0 0 0 0 0 0 1 0 0 0 0 0 0 0 0 0 0 0 0 0 0 0 0 0 13 0 0 2 0 0 0 0 0 0 0 15 0 0 0 1 0 0 0 0 0 0 0 0 0 0 3 0 0 0 0 0 0 0 0 0 0 0 0 
 74 0 92 89 29 35 169 58 151 132 121 140 165 72 81 115 34 30 382 158 0 0 3 0 1 0 0 0 3 3 0 0 0 0 2 3 0 3 3 0 0 2 0 3 2 0 0 0 0 2 3 0 0 0 0 0 0 0 0 0 3 0 1 0 3 3 2 3 0 0 0 0 3 0 3 0 0 2 0 0 29 0 0 18 0 22 24 44 32 15 0 11 0 57 54 37 11 46 1 36 0 0 36 0 0 0 0 0 0 0 0 0 8 0 0 0 2 0 1 0 0 0 0 0 0 0 0 0 0 0 0 0 0 27 0 0 0 0 0 0 14 0 0 0 12 0 0 0 0 0 0 0 0 0 0 0 0 0 0 0 4 15 12 16 8 7 19 12 9 15 10 0 12 0 20 20 14 20 31 26 0 0 0 0 0 2 1 0 0 0 0 0 0 5 0 0 0 2 0 0 0 0 0 0 0 0 0 0 0 0 1 0 0 0 0 0 0 12 0 0 0 0 2 0 0 0 5 0 0 0 11 0 0 0 0 0 0 0 0 18 0 0 0 0 0 2 91 0 0 89 2 7 52 0 0 0 0 0 0 0 2 0 9 0 0 0 0 0 2 0 0 0 0 0 0 0 8 0 0 0 0 0 0 0 0 0 0 0 0 0 
 263 92 0 425 158 265 83 204 184 387 93 40 89 268 186 323 251 386 144 272 0 57 0 1 0 0 0 8 0 0 0 0 75 0 0 0 98 2 78 0 0 5 0 0 8 0 0 0 0 0 0 0 0 0 0 0 0 0 1 0 5 0 10 2 2 5 0 51 0 1 11 3 0 5 4 0 0 5 0 0 0 15 35 26 15 39 0 17 0 35 8 20 14 7 3 1 6 0 0 0 14 0 0 0 0 0 0 0 1 0 0 0 0 0 0 0 0 0 13 0 0 0 0 1 0 0 0 1 0 0 0 0 0 0 0 0 0 0 0 0 0 1 0 0 0 0 0 0 0 0 1 0 2 0 0 0 0 7 0 1 10 2 14 0 0 24 0 0 8 17 16 25 3 0 6 0 9 15 0 15 0 0 0 0 0 0 0 0 0 0 0 0 11 0 0 15 0 0 5 13 0 0 2 0 0 0 0 0 0 2 0 0 0 0 0 0 0 0 0 0 0 0 0 0 0 0 0 0 0 0 0 0 0 0 0 0 0 0 0 0 0 8 9 0 0 2 4 0 2 89 2 15 47 0 0 0 0 0 0 0 0 0 0 0 0 0 0 0 0 0 0 0 0 1 0 10 11 0 0 0 0 0 0 0 0 0 0 0 0 0 
 49 89 425 0 125 191 105 122 225 421 240 363 64 162 73 63 68 365 171 358 0 79 0 0 0 0 4 43 0 0 103 0 75 74 0 0 3 2 57 0 0 3 0 2 2 0 0 0 0 1 60 1 0 2 0 1 0 0 0 0 6 41 0 2 2 0 0 0 3 0 0 2 0 0 2 10 0 2 0 3 34 10 27 37 11 2 0 22 1 11 7 16 0 0 0 0 9 34 0 0 0 0 0 20 0 0 0 0 0 11 0 0 0 17 16 0 24 15 34 19 0 0 0 0 0 0 0 0 0 0 0 0 0 1 13 0 0 0 0 0 0 0 0 0 0 0 0 0 0 0 0 0 0 0 0 0 0 0 0 0 0 2 15 0 19 11 1 0 28 10 0 11 0 0 0 14 0 24 17 7 1 0 0 0 0 2 34 0 0 8 0 0 22 0 42 15 4 0 5 32 0 0 0 0 1 0 0 0 0 0 1 0 0 0 0 0 0 0 0 0 0 2 2 0 0 2 0 0 0 11 0 0 0 0 0 0 0 0 2 0 0 16 0 0 0 2 2 4 2 119 0 17 0 0 0 0 0 0 0 0 0 0 0 2 0 0 0 0 0 0 0 0 0 0 0 0 9 0 0 0 0 0 0 0 0 0 0 0 0 0 
 42 29 158 125 0 168 54 79 329 307 304 583 275 169 92 238 198 535 87 92 2 73 0 0 0 0 33 61 0 1 0 0 41 0 4 0 0 7 137 0 0 3 0 0 2 0 0 0 0 0 0 0 0 0 0 0 0 0 0 0 22 0 0 0 2 0 0 44 2 0 0 4 1 0 3 0 0 15 0 0 0 0 34 2 11 28 0 0 0 0 13 16 0 0 0 14 21 17 0 0 0 0 16 21 0 0 10 1 0 8 0 0 13 24 39 10 0 17 11 27 0 0 0 0 0 12 0 0 0 0 2 0 0 0 0 0 1 0 0 0 0 0 0 1 0 0 0 0 0 0 0 0 0 0 10 0 0 0 0 5 0 14 14 14 9 51 0 18 13 12 9 28 0 0 0 1 0 5 0 4 0 0 0 0 0 0 40 0 12 19 0 16 12 0 15 0 20 0 10 50 0 0 0 2 0 0 0 0 12 0 0 0 0 0 0 0 0 0 14 0 0 0 0 0 0 0 0 0 0 1 0 0 0 0 0 0 0 1 0 0 0 0 0 0 0 2 13 0 8 0 18 15 0 0 0 0 0 0 0 0 0 12 0 0 0 0 0 0 0 2 0 0 0 0 0 0 0 0 0 0 0 0 0 0 0 0 0 0 0 0 
 188 35 265 191 168 0 37 33 159 48 172 48 53 46 74 80 50 257 49 119 21 121 0 1 0 0 80 173 74 0 0 0 148 73 2 21 0 3 76 111 0 3 0 7 4 0 0 0 0 2 3 2 0 0 0 3 3 3 1 1 32 0 0 0 7 2 0 0 0 0 4 0 0 0 3 9 3 2 0 0 0 0 7 14 33 0 0 0 0 0 0 17 0 0 0 0 0 0 0 0 1 0 1 26 0 0 15 31 0 38 0 0 15 19 29 30 38 13 17 51 0 2 2 0 0 0 0 0 0 0 0 0 0 0 0 0 0 0 0 0 0 0 0 0 0 0 1 0 0 2 0 1 0 1 0 0 0 0 0 0 0 0 14 1 13 41 0 0 0 0 0 20 0 0 0 17 0 4 0 7 29 0 7 0 0 0 55 0 10 10 0 0 43 2 38 16 51 38 33 8 2 0 9 0 0 0 1 0 0 0 0 0 0 0 0 0 0 0 0 0 0 0 0 0 0 0 0 0 0 15 1 0 0 0 0 0 0 0 0 0 0 0 0 0 0 2 0 0 1 123 1 1 0 0 0 0 0 0 0 0 0 0 0 0 0 0 0 0 0 7 0 0 0 0 0 0 0 0 0 0 0 0 0 0 0 0 0 0 0 0 
 71 169 83 105 54 37 0 199 56 48 252 45 309 243 168 149 39 256 146 341 0 0 0 0 0 0 0 0 0 0 0 0 0 2 0 1 5 3 3 0 3 3 58 0 2 0 67 0 0 0 0 0 0 0 0 2 0 0 0 0 3 0 0 0 2 0 0 3 0 2 0 0 1 0 3 0 2 33 1 0 25 21 0 0 0 23 0 0 55 22 0 11 19 14 35 8 20 9 51 0 0 0 0 0 0 0 0 10 0 0 0 0 32 0 0 0 0 0 0 0 0 1 0 0 0 0 0 0 0 0 0 0 0 0 0 0 0 0 0 0 0 0 0 0 0 0 0 0 0 0 0 0 0 0 0 0 0 0 0 0 9 11 21 0 0 22 4 0 1 31 8 0 17 0 0 0 1 29 11 0 0 0 0 0 0 0 0 0 0 0 0 0 0 0 0 0 0 0 0 0 0 0 0 0 0 0 0 0 0 0 0 0 0 0 0 0 0 0 0 0 0 0 0 0 0 0 0 0 0 0 0 0 0 0 0 0 0 0 0 0 0 0 0 0 0 0 2 0 2 93 0 0 3 0 0 0 0 0 0 0 0 0 0 0 0 0 0 0 0 0 0 0 0 0 0 0 2 0 0 0 0 0 0 0 0 0 0 0 0 0 
 162 58 204 122 79 33 199 0 106 162 181 45 409 261 113 61 38 37 283 320 0 1 0 2 0 0 0 0 2 0 0 0 0 6 0 2 1 4 67 0 0 6 0 0 5 3 2 0 0 0 0 3 0 2 0 3 3 0 1 0 5 0 0 0 5 0 0 0 0 0 2 0 0 0 6 0 0 0 0 1 2 29 22 57 0 1 41 18 12 32 25 19 34 34 12 12 31 38 1 11 0 11 0 0 2 0 0 0 0 0 0 0 1 0 0 0 0 0 3 0 1 0 0 0 0 0 0 0 0 0 0 0 1 0 0 0 0 0 0 0 0 0 0 0 0 0 0 0 0 0 0 16 0 0 1 0 0 0 0 0 0 2 1 0 14 0 1 0 47 30 10 12 29 0 0 12 61 0 37 0 0 0 0 2 0 0 0 18 0 0 0 0 1 0 0 2 0 0 0 10 0 0 0 0 0 0 0 14 0 0 0 0 0 0 0 0 0 0 0 9 0 24 0 0 0 0 1 0 0 0 0 0 0 0 0 0 0 0 0 0 0 21 0 0 2 1 1 0 1 0 0 19 35 0 1 0 0 0 0 0 2 0 0 0 0 0 0 0 0 0 0 0 0 0 2 0 7 0 0 0 0 0 0 0 0 0 0 0 0 0 
 128 151 184 225 329 159 56 106 0 214 133 38 220 77 228 177 143 177 389 132 5 0 0 3 2 0 3 0 0 3 5 8 76 0 0 8 0 3 5 0 0 2 2 3 4 0 0 0 3 3 0 1 0 8 0 25 4 3 2 0 19 0 0 0 4 5 3 6 2 1 2 3 2 2 4 4 4 8 42 1 6 10 71 22 43 14 10 17 18 44 0 39 0 1 10 16 14 19 0 12 21 0 0 0 0 0 0 0 0 0 0 0 8 0 12 0 0 0 0 22 0 0 0 0 0 0 2 0 0 1 0 0 0 0 0 0 0 0 2 0 0 0 0 0 0 0 0 0 0 0 0 0 0 0 0 0 0 3 0 0 11 0 12 9 0 32 17 4 39 0 15 19 15 0 5 32 10 20 15 1 0 0 0 0 0 0 0 0 0 0 0 2 0 0 1 14 0 0 29 1 0 0 0 0 2 0 0 0 0 0 0 0 0 0 0 0 0 0 0 0 0 0 0 0 0 0 0 0 0 0 0 2 2 0 0 0 0 0 0 0 0 0 0 0 0 3 2 0 0 90 1 34 0 1 0 0 1 0 0 0 0 0 2 0 3 1 0 0 0 0 0 0 2 7 0 15 17 0 0 0 0 0 0 0 0 0 0 0 0 0 
 51 132 387 421 307 48 48 162 214 0 106 126 81 143 126 414 284 239 101 175 0 3 0 0 0 0 9 0 1 0 0 0 23 0 2 2 0 208 3 0 16 44 0 3 2 0 15 0 26 14 44 22 21 1 9 0 14 23 3 22 3 0 0 6 2 3 0 56 0 0 1 2 6 2 2 0 0 2 0 0 0 0 16 0 0 31 0 59 0 0 0 0 0 0 0 23 0 26 2 0 0 0 28 0 0 2 2 1 0 0 0 0 0 1 14 0 0 0 0 0 0 0 0 0 0 0 0 0 0 0 0 0 0 0 0 0 0 0 0 0 1 0 0 0 0 0 0 2 0 0 0 0 0 0 10 0 0 0 0 0 6 16 14 0 2 16 0 9 19 0 0 2 0 0 15 0 27 0 12 10 0 0 0 0 0 0 0 0 0 0 0 0 0 0 16 0 0 0 11 0 11 0 0 0 0 0 0 0 15 0 0 0 0 0 0 0 0 0 2 0 0 0 0 0 0 0 0 0 0 0 0 0 0 0 0 0 0 0 0 24 0 0 8 0 0 0 10 3 2 2 0 12 3 0 0 0 0 0 0 0 0 0 0 1 0 0 0 0 0 0 0 0 0 16 0 0 12 0 0 0 0 0 0 0 0 0 0 0 0 0 
 34 121 93 240 304 172 252 181 133 106 0 271 31 42 75 244 363 438 249 173 0 0 0 0 0 0 98 75 1 0 0 0 81 2 0 0 0 3 224 73 2 3 0 0 8 0 0 0 0 0 0 0 0 0 0 0 0 0 0 0 10 0 0 0 2 0 0 0 0 0 0 0 0 0 3 0 0 1 0 0 0 14 26 1 15 46 0 27 0 0 36 14 0 0 0 0 66 19 0 0 6 0 0 0 0 0 14 0 0 12 0 0 28 25 9 0 0 0 31 24 0 1 0 0 0 2 0 0 0 0 0 0 0 0 2 0 0 8 0 0 0 0 0 0 0 0 0 0 0 0 0 0 0 1 1 0 0 2 0 0 1 15 41 15 10 23 0 11 20 27 25 27 2 0 31 22 0 21 0 0 12 0 0 0 0 0 33 0 2 0 0 0 11 0 0 0 19 0 0 72 2 0 1 0 0 0 1 0 0 0 0 0 0 0 0 0 1 14 0 0 0 0 0 0 1 0 0 0 0 0 1 0 0 0 0 0 0 0 0 0 0 17 0 0 0 0 22 0 5 0 20 15 0 0 2 0 0 0 0 0 0 0 0 0 0 0 0 0 0 0 0 0 0 0 0 0 0 10 0 0 0 0 0 0 0 0 0 0 0 0 
 262 140 40 363 583 48 45 45 38 126 271 0 46 136 44 125 185 304 44 47 0 0 0 73 0 0 223 155 0 0 0 0 76 0 2 0 0 2 100 75 0 3 0 0 2 0 0 0 0 0 0 0 0 0 0 0 0 0 0 0 6 0 0 0 2 0 0 2 0 0 0 0 0 0 3 0 0 4 0 0 0 16 7 6 0 24 0 23 0 0 21 12 0 0 0 15 39 24 0 0 5 0 14 0 0 0 27 0 21 11 0 0 49 28 14 0 10 14 21 30 0 0 0 0 0 0 0 1 0 0 0 0 0 0 2 0 0 0 0 0 0 0 0 0 0 0 0 0 0 0 1 0 0 0 7 0 0 1 0 0 6 29 2 10 10 14 0 18 13 15 16 23 2 0 8 15 0 46 0 1 13 0 0 0 0 0 40 0 2 12 0 0 11 0 10 0 0 0 25 8 0 0 20 0 0 0 0 0 11 2 0 0 0 0 0 0 0 10 0 0 0 0 0 0 0 0 0 0 0 0 0 0 0 0 0 0 0 0 0 0 0 0 0 0 0 0 92 0 90 4 10 10 0 0 0 0 0 0 0 0 0 0 0 0 0 0 0 0 0 0 0 0 0 0 0 0 0 10 0 0 0 0 0 0 0 0 0 0 0 0 
 71 165 89 64 275 53 309 409 220 81 31 46 0 178 141 36 255 44 228 158 0 0 0 2 0 0 2 0 0 0 0 0 0 0 0 0 0 2 3 0 0 5 0 0 2 0 0 0 0 0 0 0 0 0 0 68 0 0 0 0 3 0 0 0 2 0 0 0 0 0 0 0 1 0 2 0 0 0 0 0 9 10 0 1 0 0 49 0 42 14 29 0 35 58 31 29 0 2 17 32 0 0 0 0 0 8 0 0 0 0 0 0 0 0 0 0 0 0 0 0 0 0 0 0 0 0 0 0 0 0 0 4 0 0 0 0 0 0 0 0 0 0 0 0 0 0 0 0 0 0 0 0 0 0 0 0 0 0 0 0 1 0 0 0 0 0 20 22 10 35 7 30 21 0 13 20 32 0 15 3 0 0 0 0 0 0 0 0 0 0 0 0 0 0 0 0 0 0 0 0 0 0 0 0 0 0 0 0 0 0 0 6 19 0 0 0 0 0 0 0 0 6 0 0 0 1 0 0 0 0 0 0 0 0 4 0 0 0 0 23 0 1 0 0 0 4 0 0 0 2 2 12 10 0 0 0 0 0 0 0 0 0 10 0 0 0 0 0 0 0 0 0 0 0 0 0 0 0 0 0 0 0 0 0 0 0 0 0 0 0 
 36 72 268 162 169 46 243 261 77 143 42 136 178 0 164 130 352 264 372 161 0 0 0 4 0 0 0 0 0 0 0 2 1 0 0 0 0 6 161 0 0 67 0 0 2 0 0 0 2 0 0 0 0 10 0 0 0 0 0 0 3 0 2 2 3 0 1 6 0 0 0 0 2 0 3 0 0 3 0 2 13 40 17 17 16 6 11 37 38 0 7 0 0 10 43 12 25 19 10 15 0 0 0 2 0 0 0 9 0 0 0 0 0 0 1 0 0 0 13 0 0 0 0 0 0 12 0 0 0 0 0 0 0 0 0 0 0 1 0 0 0 0 0 0 0 0 0 0 1 0 0 0 0 0 0 0 0 0 0 0 23 25 10 0 14 16 20 8 14 20 19 2 12 0 0 14 0 8 11 18 0 0 0 8 0 0 0 0 0 0 0 0 22 0 0 0 0 0 11 34 0 0 0 0 0 0 0 0 0 0 0 0 0 0 0 0 0 0 0 0 2 0 0 2 0 0 0 0 0 0 0 0 0 0 0 0 0 0 0 0 0 0 0 0 0 0 1 0 16 0 2 5 0 0 0 0 1 0 0 0 0 0 0 0 0 0 0 0 0 0 0 0 0 0 0 0 0 0 0 0 0 0 0 0 0 0 0 0 0 0 
 150 81 186 73 92 74 168 113 228 126 75 44 141 164 0 79 142 119 99 160 0 0 0 0 0 0 3 0 1 0 0 0 0 0 0 0 0 77 3 3 0 3 0 0 2 0 0 0 0 0 0 0 0 65 0 0 0 0 0 0 3 0 0 0 2 0 0 2 0 0 0 0 0 0 3 0 0 0 51 0 26 29 10 38 5 35 10 14 27 13 20 28 10 0 18 44 63 7 0 9 0 0 0 0 0 0 0 1 0 0 0 0 0 0 0 0 0 0 4 0 0 0 0 0 0 0 9 0 0 0 0 0 0 0 0 0 0 0 0 0 0 0 0 1 0 0 0 0 0 0 0 0 0 0 0 0 0 12 7 0 19 28 10 0 0 26 34 18 37 0 0 0 0 0 4 38 31 12 9 9 0 0 0 2 0 0 0 0 0 1 0 0 7 0 0 0 0 0 22 0 0 0 0 0 0 0 0 0 0 0 0 0 0 0 0 0 0 0 0 1 0 0 0 0 0 0 3 0 1 0 0 0 0 0 0 0 0 0 0 0 0 0 0 0 0 0 0 0 3 93 1 4 0 0 2 0 0 0 0 0 0 0 14 0 0 0 0 0 0 0 0 0 0 0 0 0 16 0 0 0 0 0 0 0 0 0 0 0 0 0 
 26 115 323 63 238 80 149 61 177 414 244 125 36 130 79 0 89 234 252 58 1 0 0 0 0 0 39 1 2 0 2 0 117 1 0 0 0 3 4 0 0 3 0 0 2 0 0 0 0 0 0 0 0 0 0 0 0 0 0 0 3 0 0 0 2 0 0 2 0 0 0 0 1 0 53 0 0 0 4 0 14 14 0 7 23 39 0 20 14 10 30 0 0 0 17 33 34 26 0 1 10 0 16 0 0 0 0 0 0 0 0 0 38 14 14 0 0 0 7 0 0 0 0 0 0 0 0 0 0 0 0 0 0 0 0 0 0 0 0 0 0 0 0 0 8 0 1 0 0 0 1 0 0 0 7 0 0 6 0 0 6 13 9 14 2 12 0 18 27 12 27 14 0 0 0 0 6 0 0 10 0 0 0 0 0 0 9 0 0 0 0 0 6 0 0 0 14 0 24 0 4 0 0 0 0 0 0 0 0 0 0 0 0 0 0 0 0 1 0 0 0 0 0 0 0 0 0 0 0 0 0 0 0 0 0 0 0 0 0 0 0 14 0 0 0 1 99 1 65 3 16 5 0 0 0 0 0 0 0 0 0 0 2 0 0 0 0 0 0 0 0 0 0 2 0 2 0 11 0 0 0 0 0 0 0 0 0 0 0 0 
 44 34 251 68 198 50 39 38 143 284 363 185 255 352 142 89 0 234 130 85 0 0 5 0 0 0 74 0 0 0 2 0 77 0 0 0 85 2 28 74 0 3 0 0 2 0 0 0 0 0 1 1 0 0 0 3 0 0 0 0 10 0 0 2 2 0 0 5 0 13 0 0 0 0 2 0 0 17 0 0 2 0 34 16 30 52 6 28 0 32 19 16 0 13 0 14 15 44 0 6 0 0 26 0 0 0 15 0 0 0 0 0 16 0 17 2 0 0 12 0 0 0 0 0 0 0 0 8 0 0 0 0 0 0 0 0 0 0 0 0 0 0 0 0 0 0 0 0 0 0 0 0 14 0 7 0 0 0 0 0 0 28 14 6 8 27 1 17 37 0 14 10 0 0 19 0 1 13 14 14 0 0 0 0 0 0 0 0 0 0 0 0 0 0 0 0 5 1 17 12 0 0 0 10 0 0 0 0 0 0 0 0 0 0 0 0 0 11 0 0 0 0 0 0 0 0 0 0 0 0 0 0 0 0 0 0 0 0 0 0 0 14 0 0 0 1 170 2 0 5 1 0 0 0 0 0 0 0 0 0 0 0 0 0 0 0 0 0 0 0 0 0 0 0 0 0 24 0 0 0 0 0 0 0 0 0 0 0 0 0 
 47 30 386 365 535 257 256 37 177 239 438 304 44 264 119 234 234 0 47 262 73 18 0 5 0 0 149 86 0 2 2 2 76 0 0 0 0 6 90 150 0 3 64 0 4 0 0 0 0 2 2 4 0 2 63 4 5 3 0 0 4 0 3 3 36 0 0 4 0 0 0 0 1 0 2 1 2 6 0 0 0 0 0 4 22 9 9 13 0 4 9 0 0 0 0 12 1 9 0 0 1 0 14 0 13 0 10 9 0 1 0 0 14 63 15 0 27 0 3 2 0 0 0 0 0 0 0 0 0 0 0 0 0 0 0 0 0 0 10 0 0 0 0 0 0 0 0 3 0 0 0 0 0 0 7 0 0 2 0 0 0 12 8 0 17 24 0 9 28 37 29 36 0 0 6 0 0 3 0 22 0 0 0 0 0 0 6 14 0 0 0 0 8 0 0 10 21 0 25 17 0 0 0 0 0 0 0 0 0 0 0 10 0 0 0 0 0 0 0 0 0 0 0 0 0 0 0 0 0 0 0 0 0 0 0 0 0 0 0 0 0 14 0 0 0 2 87 3 93 3 0 15 0 0 0 0 0 0 0 0 0 0 0 0 0 0 0 0 0 0 0 0 0 0 0 0 0 1 0 0 0 0 0 0 0 0 0 0 0 0 
 139 382 144 171 87 49 146 283 389 101 249 44 228 372 99 252 130 47 0 312 0 0 2 0 0 0 0 4 0 0 0 1 0 0 0 0 0 9 3 3 0 3 0 0 2 0 4 0 0 0 0 0 0 0 0 0 0 0 0 0 3 0 0 0 6 18 0 0 0 0 0 0 2 0 3 0 1 0 0 0 2 1 16 1 0 9 17 26 2 20 0 5 27 35 11 10 0 20 0 2 2 0 0 0 0 0 0 0 0 0 0 0 0 0 0 0 0 0 2 0 0 0 0 0 0 0 0 0 0 0 0 0 0 2 0 0 0 0 0 0 0 7 0 0 0 0 0 0 0 0 1 0 0 0 0 0 0 0 0 0 38 10 0 13 0 0 19 0 12 3 11 5 14 0 38 0 25 31 47 0 0 0 0 0 0 1 2 0 0 0 0 0 0 0 0 0 0 0 0 0 0 0 0 0 0 0 0 0 0 0 2 0 0 0 0 0 0 0 0 0 0 0 0 0 0 0 0 0 0 0 0 0 0 0 0 0 0 0 0 21 0 0 0 0 0 0 0 2 1 2 1 2 10 2 0 0 0 0 0 0 0 0 0 2 0 0 0 0 0 0 0 0 0 0 0 0 17 0 0 0 0 0 0 0 0 0 0 0 0 0 
 115 158 272 358 92 119 341 320 132 175 173 47 158 161 160 58 85 262 312 0 0 0 0 2 0 0 2 0 0 0 0 0 0 0 0 0 0 3 3 0 0 2 63 0 2 0 0 0 0 0 0 0 0 3 0 0 0 0 0 0 3 0 36 0 3 0 0 0 0 0 0 0 3 0 3 0 52 0 0 0 5 28 9 1 0 2 14 31 53 34 0 10 28 0 15 1 0 16 28 10 0 0 6 0 0 0 0 7 1 0 0 0 0 0 4 0 0 0 0 0 0 0 0 1 0 0 0 1 0 0 0 0 0 0 0 0 0 0 0 0 0 1 0 0 0 0 0 0 0 0 1 0 2 0 0 0 0 0 0 0 0 43 0 1 0 0 0 1 6 2 16 0 16 8 27 0 0 0 13 0 0 0 0 0 0 0 0 0 0 0 0 0 0 0 0 0 0 0 0 0 0 0 2 0 0 0 0 0 0 2 0 0 0 0 0 0 0 0 0 0 0 0 0 0 1 0 0 0 0 0 15 1 0 0 0 0 15 0 0 0 0 0 0 0 0 1 2 0 2 0 0 8 0 0 0 0 0 0 0 0 0 0 0 0 0 0 0 0 0 0 0 0 0 1 0 0 24 0 0 0 0 0 0 0 0 0 0 0 0 1 
 0 0 0 0 2 21 0 0 5 0 0 0 0 0 0 1 0 73 0 0 0 170 147 164 112 201 197 34 25 112 43 116 113 375 223 115 187 340 136 93 0 0 0 0 0 0 2 3 0 0 0 2 0 0 0 0 0 3 0 1 0 0 0 0 3 2 2 2 2 0 0 0 3 0 3 8 0 2 0 0 2 0 0 53 23 0 1 0 0 0 0 8 0 0 0 0 0 0 0 0 0 26 31 9 9 0 3 24 11 28 23 7 1 1 14 33 15 21 17 1 0 0 0 0 0 0 10 0 0 0 0 0 17 0 1 0 1 0 14 3 0 0 0 1 0 0 0 0 0 0 0 0 1 0 0 0 0 0 0 0 0 0 0 0 17 0 0 0 0 0 0 0 0 0 0 0 0 1 0 0 19 6 20 0 12 0 63 31 2 20 12 3 20 29 23 15 28 1 0 11 0 0 0 0 0 0 0 0 0 0 0 0 0 0 0 0 0 0 0 0 0 0 0 0 0 1 0 2 0 0 0 0 0 0 0 0 0 0 0 0 0 0 11 0 0 0 0 0 18 74 0 0 0 0 0 0 2 0 1 10 0 1 0 0 0 0 0 0 0 0 0 0 0 0 0 22 0 0 0 0 0 19 0 0 0 0 0 0 0 0 
 0 0 57 79 73 121 0 1 0 3 0 0 0 0 0 0 0 18 0 0 170 0 393 357 36 29 354 161 103 62 127 26 135 49 289 202 51 133 177 187 0 0 64 3 0 0 2 3 0 0 0 2 0 0 0 0 0 3 0 2 0 2 0 0 3 2 2 3 1 0 0 0 3 1 3 3 0 2 0 4 0 0 0 0 10 0 0 0 0 0 0 0 0 0 1 0 0 0 0 0 10 10 1 13 31 0 12 9 34 17 0 13 1 21 19 25 14 14 0 29 0 0 0 0 0 0 0 0 0 0 0 0 7 0 0 0 0 0 0 0 0 0 0 0 0 1 0 0 0 0 0 0 0 0 1 0 0 0 0 0 0 0 0 0 14 0 0 0 0 0 0 12 0 0 0 0 0 4 0 14 15 11 8 13 12 11 42 0 18 3 11 0 29 27 43 0 29 39 1 0 0 0 0 0 0 0 1 1 1 1 0 0 11 9 0 0 0 0 10 12 0 0 0 0 0 0 0 0 0 0 0 0 0 0 0 0 0 0 0 1 0 0 23 0 0 0 0 0 0 0 0 0 0 1 2 0 3 79 77 0 1 0 0 0 0 0 0 0 0 0 0 0 0 0 0 0 0 0 0 0 0 14 0 0 0 0 11 0 0 0 
 0 3 0 0 0 0 0 0 0 0 0 0 0 0 0 0 5 0 2 0 147 393 0 255 93 132 171 182 236 362 100 33 117 175 145 169 164 195 214 33 0 0 0 0 0 0 2 3 0 8 0 2 0 0 0 0 0 3 63 1 0 0 0 0 3 2 2 3 0 3 0 0 3 0 3 3 0 3 0 0 0 0 0 0 0 0 8 0 0 0 0 0 0 0 0 49 0 2 0 1 19 16 19 4 37 11 0 0 34 11 22 11 0 18 16 0 10 32 0 0 0 0 0 0 0 0 2 0 0 23 19 0 72 1 0 0 0 0 26 7 0 0 2 0 0 0 0 0 0 0 0 0 0 0 0 0 0 0 0 0 0 0 0 0 0 0 0 0 0 0 0 0 0 0 0 1 2 0 0 0 41 24 8 19 35 15 0 14 11 27 0 27 0 0 0 34 0 35 0 23 4 0 0 0 10 0 0 0 0 0 0 0 18 1 0 0 0 0 11 45 0 0 0 0 0 0 0 0 2 0 0 0 14 1 0 0 0 0 0 0 0 0 1 0 0 0 0 0 0 1 0 0 0 0 1 2 1 1 0 0 1 1 0 0 0 0 0 2 0 0 41 0 0 0 0 0 0 0 0 0 0 9 0 0 0 0 0 0 0 0 
 0 0 1 0 0 1 0 2 3 0 0 73 2 4 0 0 0 5 0 2 164 357 255 0 163 67 225 103 245 179 86 348 261 230 134 70 221 138 178 346 62 1 0 0 0 0 2 3 0 6 0 2 0 0 62 0 6 66 0 2 0 53 0 0 3 9 11 3 0 0 0 0 3 0 3 3 0 3 0 0 0 0 0 0 0 0 0 0 0 0 0 0 0 0 0 0 0 0 0 0 0 9 6 1 32 14 0 8 10 46 13 15 0 0 13 0 9 44 12 0 0 0 0 0 0 1 37 0 0 0 0 0 21 15 0 10 0 0 10 28 0 0 0 0 0 2 0 3 0 0 0 0 0 0 0 0 0 0 0 0 0 0 2 0 15 0 0 0 0 0 0 0 0 0 0 0 0 0 0 0 9 29 45 40 35 14 0 18 0 0 23 36 0 29 9 20 15 4 0 10 27 0 0 0 0 1 0 18 9 0 0 0 0 0 13 0 0 0 13 19 0 0 0 0 0 0 0 0 0 0 0 0 0 0 0 0 1 0 0 0 0 0 23 0 0 0 0 0 0 0 0 0 0 2 7 2 3 44 0 0 0 0 0 0 0 0 0 0 0 0 0 0 0 0 0 0 0 0 0 34 0 0 0 0 2 13 0 0 0 0 
 1 1 0 0 0 0 0 0 2 0 0 0 0 0 0 0 0 0 0 0 112 36 93 163 0 510 58 58 221 446 105 148 58 181 124 105 211 145 81 506 2 0 2 0 3 1 2 3 0 0 0 5 55 3 23 3 2 3 129 65 0 0 64 0 3 16 5 6 2 0 47 0 3 3 3 3 1 3 0 0 0 0 0 0 0 0 0 0 2 0 0 0 0 0 0 0 0 0 0 0 0 80 21 13 27 30 0 11 11 2 65 21 0 5 0 11 14 10 0 0 3 2 19 0 0 0 74 1 0 2 17 0 30 11 0 2 1 18 23 17 0 0 0 0 0 0 0 0 0 5 0 1 0 0 0 0 0 0 0 0 0 0 0 0 0 0 0 0 0 0 0 0 0 0 0 0 0 0 0 0 0 0 12 0 18 0 0 12 0 19 7 1 0 1 0 24 0 0 0 11 31 27 0 0 0 0 20 0 0 16 0 0 0 12 35 7 0 0 0 12 0 0 0 0 0 0 0 0 0 0 0 0 0 0 0 0 0 0 0 0 0 0 1 0 0 0 0 0 0 0 0 0 0 0 3 0 6 152 4 2 2 2 0 0 0 0 19 0 0 4 0 0 0 0 0 0 0 0 0 0 0 19 0 0 0 7 0 0 0 0 
 0 0 0 0 0 0 0 0 0 0 0 0 0 0 0 0 0 0 0 0 201 29 132 67 510 0 38 34 140 87 56 272 32 100 95 124 331 149 39 41 138 0 0 0 3 0 2 3 0 5 24 4 1 61 0 0 63 3 213 34 0 1 0 0 3 4 2 3 1 0 0 0 9 0 3 3 7 2 0 0 0 0 0 0 0 0 0 0 0 0 0 0 0 0 0 0 0 0 0 0 0 8 35 1 50 19 0 0 37 0 19 0 0 0 0 0 21 0 0 0 0 1 14 6 0 0 60 0 0 10 15 1 0 19 0 15 0 14 16 13 0 0 0 0 0 0 0 0 0 0 0 2 0 0 0 14 0 0 0 0 0 0 0 0 0 0 0 0 0 0 0 0 0 0 0 1 0 0 0 0 0 0 0 30 13 21 0 0 0 0 7 21 0 0 0 38 0 0 0 22 28 5 0 0 0 0 29 20 27 0 0 0 33 4 12 17 0 0 0 35 0 0 0 0 0 0 0 0 0 0 0 0 1 0 0 0 0 0 0 0 0 0 13 0 0 0 0 0 0 0 0 0 0 0 4 5 0 5 1 0 4 5 0 0 0 0 10 0 0 0 0 0 0 0 0 0 0 0 0 8 0 0 0 0 0 4 0 0 0 0 
 4 0 0 4 33 80 0 0 3 9 98 223 2 0 3 39 74 149 0 2 197 354 171 225 58 38 0 397 70 67 123 37 197 114 70 190 72 54 64 178 0 0 0 37 0 0 2 3 0 0 0 2 1 37 0 0 0 3 0 1 0 1 0 51 3 5 2 3 2 0 0 0 3 0 3 3 2 2 0 25 0 0 1 14 36 0 0 0 0 0 26 0 0 0 0 0 0 0 0 0 0 10 26 2 20 0 18 19 0 32 0 0 12 15 2 20 12 0 33 1 0 0 0 0 0 0 0 0 0 0 0 0 0 0 0 0 0 0 0 0 0 0 0 0 0 0 0 0 2 0 0 9 0 0 0 0 0 0 0 0 0 0 0 14 42 0 0 0 0 14 10 32 0 0 4 0 0 1 0 0 27 10 5 14 0 0 26 13 0 0 0 0 9 9 31 10 29 16 1 0 0 0 0 0 0 0 0 0 12 0 0 12 0 0 0 0 0 0 9 0 0 0 0 0 0 0 0 0 0 0 0 2 0 0 0 0 0 0 0 0 0 0 0 0 0 2 1 0 26 79 18 1 0 0 7 2 0 0 0 2 2 0 0 0 0 0 0 0 0 0 0 0 0 0 0 7 12 0 0 0 0 15 0 0 0 0 0 0 0 0 
 0 0 8 43 61 173 0 0 0 0 75 155 0 0 0 1 0 86 4 0 34 161 182 103 58 34 397 0 159 283 171 95 223 91 136 192 114 56 97 264 0 0 0 16 0 0 2 3 0 0 0 2 0 0 0 0 0 3 0 1 0 0 0 3 3 2 5 3 1 0 0 0 3 0 3 3 0 2 0 0 0 1 0 1 11 0 1 0 0 1 2 0 2 0 0 0 0 0 0 0 12 0 0 21 0 42 21 8 0 24 0 0 29 15 26 22 19 35 2 15 0 0 0 0 0 0 0 0 0 0 0 0 0 0 2 0 0 0 0 7 0 0 0 0 0 0 0 0 0 0 0 0 2 0 0 0 0 1 0 3 0 0 0 0 0 9 19 0 0 0 0 65 0 0 0 0 0 13 0 5 18 20 3 11 6 14 46 4 36 27 11 0 1 0 28 25 5 13 0 15 31 0 0 0 0 0 0 0 31 0 15 0 0 0 1 0 0 0 11 0 0 0 0 0 0 2 0 1 0 0 0 0 0 0 0 0 0 0 0 0 0 0 0 0 0 0 0 0 0 0 0 0 0 0 0 0 2 1 0 0 2 0 0 0 0 0 0 0 0 0 0 0 0 0 0 1 0 0 0 0 0 0 0 0 0 0 0 0 0 0 
 5 3 0 0 0 74 0 2 0 1 1 0 0 0 1 2 0 0 0 0 25 103 236 245 221 140 70 159 0 91 185 196 171 190 239 206 52 198 151 81 0 2 0 4 1 0 37 3 3 0 0 4 2 0 0 0 0 3 30 3 0 0 0 3 3 7 8 3 51 0 0 0 6 1 3 3 1 3 0 0 0 0 0 0 9 0 0 0 0 0 0 0 0 0 0 0 0 0 0 0 29 12 6 12 3 32 0 12 19 10 31 12 0 9 0 9 0 22 0 24 0 0 10 0 0 0 29 7 0 0 0 0 4 0 9 16 0 0 19 8 0 0 0 0 0 0 0 0 0 0 1 0 0 0 0 0 0 0 0 0 0 0 0 0 0 0 0 0 0 0 0 13 0 0 0 0 0 0 2 0 0 21 7 14 8 9 0 20 0 2 25 2 0 17 0 1 2 29 0 0 20 1 0 2 9 0 0 9 9 0 0 0 1 0 23 0 0 0 13 21 0 0 0 0 0 0 0 0 0 0 0 0 0 0 0 0 0 0 0 0 0 0 0 0 0 0 0 0 0 0 0 0 0 0 2 0 0 89 75 1 0 0 0 0 0 0 0 0 0 0 0 0 0 0 0 0 0 0 0 0 0 3 0 0 0 0 0 0 0 0 
 0 3 0 0 1 0 0 0 3 0 0 0 0 0 0 0 0 2 0 0 112 62 362 179 446 87 67 283 91 0 173 159 42 156 251 82 257 202 78 173 65 0 4 0 0 70 33 3 0 0 3 5 0 0 0 3 0 3 16 34 0 0 0 3 3 2 2 3 1 0 3 0 3 0 6 3 0 2 2 2 0 0 0 0 0 0 0 0 0 0 0 0 0 0 2 0 0 0 0 0 34 10 2 16 16 0 10 9 13 0 36 55 0 42 0 2 1 0 0 1 0 0 5 0 1 0 19 5 0 0 0 0 2 14 0 0 0 0 8 1 0 0 0 0 0 0 0 0 0 0 0 0 4 0 0 0 0 0 0 0 0 0 0 0 0 0 0 10 0 0 0 0 0 0 0 0 0 0 0 0 8 25 12 21 28 42 0 36 0 8 34 0 0 23 1 0 9 11 12 7 33 19 0 0 0 0 0 24 24 1 0 0 1 0 0 0 0 0 0 12 0 0 0 0 0 0 0 0 0 0 0 0 0 0 0 0 2 0 0 2 0 0 0 0 0 0 0 0 0 0 0 0 0 0 2 0 5 116 80 0 1 0 0 0 0 0 0 0 0 0 0 0 0 0 0 0 0 0 0 7 0 8 0 0 0 9 10 0 0 0 
 0 0 0 103 0 0 0 0 5 0 0 0 0 0 0 2 2 2 0 0 43 127 100 86 105 56 123 171 185 173 0 83 94 533 150 172 206 104 106 476 0 2 0 0 0 0 2 3 0 0 0 2 0 0 1 0 0 3 61 0 51 0 0 0 3 2 2 3 0 0 0 0 37 0 3 3 0 3 0 13 0 0 0 0 0 0 0 0 2 0 0 0 0 0 0 15 0 0 0 0 16 12 35 20 0 33 14 0 49 22 0 8 0 18 28 1 1 12 11 0 0 0 0 0 0 0 1 0 14 0 0 0 20 11 0 22 0 0 13 19 0 53 0 0 0 0 0 0 0 2 0 1 0 0 0 0 0 0 0 0 0 0 0 0 0 0 0 0 0 0 0 0 0 0 0 5 0 0 0 0 0 23 16 1 14 8 0 20 9 25 15 11 0 33 27 8 0 1 0 14 1 1 0 0 10 0 0 18 0 0 0 0 21 9 1 0 0 0 15 14 0 0 0 0 0 0 0 0 0 0 0 0 11 0 0 0 0 0 0 0 0 0 0 0 0 0 0 0 0 0 0 0 0 0 0 0 0 0 2 0 8 0 0 0 0 0 0 0 0 0 0 0 0 0 0 0 0 0 0 0 0 0 0 0 0 0 13 0 0 0 
 0 0 0 0 0 0 0 0 8 0 0 0 0 2 0 0 0 2 1 0 116 26 33 348 148 272 37 95 196 159 83 0 96 322 122 117 316 91 27 45 0 61 0 1 0 63 73 67 0 0 0 2 2 0 0 0 0 3 1 3 0 1 0 0 8 12 20 3 0 0 0 0 3 3 31 3 0 3 0 0 0 0 0 0 1 0 0 0 0 0 2 0 0 0 0 0 0 0 0 0 14 0 4 15 15 22 20 1 9 10 19 29 0 11 34 1 0 23 0 0 1 0 29 0 0 18 8 14 0 30 0 0 16 0 19 2 0 0 27 19 0 0 0 0 0 0 0 0 2 3 0 0 0 0 0 0 0 0 0 0 0 1 0 7 0 0 0 0 8 0 0 0 0 0 0 0 0 0 0 0 0 0 38 20 0 0 0 15 10 46 14 14 0 38 1 66 0 0 0 11 25 65 0 0 0 0 10 50 18 15 0 0 1 0 19 0 21 0 11 1 0 0 0 0 0 0 0 0 0 0 0 0 0 0 1 30 0 0 0 0 0 0 1 0 0 0 0 0 0 0 0 0 0 0 3 0 0 80 152 4 2 0 0 0 0 0 0 0 0 0 0 0 0 0 0 0 0 0 0 0 0 23 0 0 0 0 0 0 0 0 
 0 0 75 75 41 148 0 0 76 23 81 76 0 1 0 117 77 76 0 0 113 135 117 261 58 32 197 223 171 42 94 96 0 111 99 64 99 36 165 59 0 0 0 0 5 0 2 3 0 0 0 2 0 0 0 0 0 3 0 1 0 0 0 0 3 2 2 3 3 0 7 0 3 0 3 6 0 2 1 0 0 0 1 22 22 39 0 14 0 6 1 1 0 0 0 0 0 0 0 0 36 0 13 18 0 20 20 10 0 9 0 0 15 1 43 28 1 12 4 13 0 0 0 0 0 0 0 0 0 0 0 0 0 0 0 0 0 0 0 0 0 0 0 0 0 0 0 0 0 0 0 0 0 0 10 0 0 6 0 0 0 0 12 21 18 13 0 10 0 0 16 2 0 0 0 0 0 0 0 7 0 18 24 0 10 0 1 0 40 27 0 0 11 19 61 19 9 8 37 2 0 0 0 0 0 0 0 0 12 0 0 0 0 0 0 0 0 1 0 0 0 0 0 0 0 0 0 0 0 0 0 0 0 0 0 0 16 0 0 0 0 0 0 0 0 2 25 0 0 22 0 0 0 0 0 1 1 0 0 2 1 0 0 0 0 0 0 0 0 0 0 0 0 0 0 20 0 10 0 0 0 0 0 0 0 0 0 0 0 0 
 3 0 0 74 0 73 2 6 0 0 2 0 0 0 0 1 0 0 0 0 375 49 175 230 181 100 114 91 190 156 533 322 111 0 180 134 55 49 144 190 0 0 0 0 0 0 3 3 0 0 0 2 0 0 0 0 0 3 74 2 0 0 0 0 8 2 2 3 0 0 2 0 3 0 3 9 0 3 0 0 0 0 2 13 19 0 0 0 0 0 0 0 0 0 0 5 0 0 0 0 14 25 63 36 23 0 28 0 39 23 43 24 0 31 25 44 17 0 14 24 0 0 0 0 0 0 20 0 0 2 0 0 1 0 0 0 0 0 12 0 0 0 0 0 0 0 0 0 0 0 0 0 0 0 0 0 0 2 0 2 0 0 0 0 12 0 0 0 0 0 0 1 0 0 0 0 0 0 0 0 0 10 19 0 1 0 0 21 0 45 0 27 35 60 19 53 7 0 6 54 0 0 0 0 0 0 0 0 0 0 0 0 0 0 0 0 0 0 1 12 0 0 0 0 0 0 0 3 0 0 30 0 0 2 0 0 0 0 0 0 0 0 0 0 0 1 0 0 0 60 0 0 0 0 4 0 0 0 78 1 1 16 0 0 0 1 2 1 0 0 0 2 0 0 0 27 0 0 0 0 0 19 0 0 0 1 0 0 0 0 
 0 2 0 0 4 2 0 0 0 2 0 2 0 0 0 0 0 0 0 0 223 289 145 134 124 95 70 136 239 251 150 122 99 180 0 229 158 473 148 472 3 0 0 203 0 2 2 5 0 0 0 83 6 0 0 0 0 3 68 19 0 1 0 0 3 2 2 3 2 59 0 0 5 0 3 7 0 2 0 0 0 0 0 2 0 1 0 0 0 0 0 1 0 0 0 0 0 0 0 0 22 35 39 13 24 9 23 0 15 1 18 9 0 18 73 10 10 22 3 9 0 0 0 0 0 0 13 0 0 0 0 0 30 0 0 0 0 0 22 1 0 0 0 0 0 0 0 0 0 15 0 0 0 2 18 0 0 0 0 2 0 0 0 0 0 0 0 0 0 0 2 13 0 0 0 0 1 0 0 0 0 38 1 0 27 39 0 38 10 53 0 14 1 17 11 35 0 17 0 57 1 0 0 0 0 0 0 0 0 0 0 0 0 0 0 0 0 0 1 15 0 0 0 0 0 0 0 0 1 0 0 0 0 0 0 0 0 0 1 0 0 0 0 0 0 0 0 0 0 0 0 0 0 0 2 2 1 1 1 0 0 11 0 0 0 0 0 0 0 0 0 0 0 0 0 0 0 0 0 0 0 12 0 0 0 0 0 0 0 0 
 0 3 0 0 0 21 1 2 8 2 0 0 0 0 0 0 0 0 0 0 115 202 169 70 105 124 190 192 206 82 172 117 64 134 229 0 157 91 192 382 1 0 0 8 0 4 208 3 0 0 0 2 7 37 0 0 0 6 77 1 3 0 0 0 3 2 2 2 2 0 0 0 4 0 6 3 0 2 0 6 0 0 0 0 16 0 0 0 0 0 0 0 0 0 0 0 0 0 0 0 12 24 61 47 16 8 45 30 45 27 11 0 12 0 25 12 46 10 10 13 0 0 0 0 0 0 19 0 0 0 0 0 0 0 0 0 0 0 12 0 0 0 0 0 0 0 0 0 0 0 0 0 0 0 0 0 0 0 0 0 0 0 0 0 0 0 0 0 10 0 0 9 0 0 0 0 0 0 0 0 46 61 29 1 6 0 43 15 33 11 0 0 0 31 30 42 13 15 0 38 13 0 0 0 0 0 0 0 1 0 0 0 0 0 0 0 0 0 0 12 0 0 0 0 0 0 0 0 0 0 0 0 11 0 0 0 0 0 0 0 0 0 0 0 0 3 0 0 0 0 0 73 0 0 3 0 1 0 1 2 1 0 0 0 0 0 0 0 0 0 0 0 0 0 0 0 0 0 0 0 0 0 0 0 0 0 0 0 0 0 
 0 0 98 3 0 0 5 1 0 0 0 0 0 0 0 0 85 0 0 0 187 51 164 221 211 331 72 114 52 257 206 316 99 55 158 157 0 177 52 345 63 0 2 5 0 208 3 4 47 1 0 2 0 1 0 0 0 5 76 33 0 0 0 0 3 2 2 2 3 0 0 0 3 43 3 3 0 2 0 0 0 0 0 0 0 0 0 0 0 0 0 0 0 0 0 0 0 0 0 0 44 19 12 10 17 0 0 12 13 13 14 35 0 24 1 13 0 24 2 0 0 0 0 0 0 0 13 0 0 1 0 0 0 8 0 0 0 0 0 0 0 0 0 5 0 0 0 0 0 0 0 0 0 0 0 0 0 0 0 0 0 0 0 0 12 0 0 0 0 0 0 0 0 0 0 0 0 0 0 1 20 23 8 30 1 28 0 42 31 34 25 5 13 24 16 12 13 42 10 0 9 9 0 0 0 0 0 12 7 0 22 0 0 0 9 0 0 0 10 0 0 0 0 0 0 0 0 0 0 0 0 0 0 0 0 0 0 0 0 0 0 0 0 0 0 0 0 0 0 2 0 0 0 0 4 0 3 45 76 0 2 0 0 0 0 0 0 0 0 0 0 0 0 0 0 0 0 0 0 7 0 31 0 0 0 8 2 0 0 0 
 6 3 2 2 7 3 3 4 3 208 3 2 2 6 77 3 2 6 9 3 340 133 195 138 145 149 54 56 198 202 104 91 36 49 473 91 177 0 246 255 59 0 0 206 0 0 64 3 0 12 0 2 0 30 0 0 0 3 126 64 0 0 0 0 3 48 2 2 2 0 0 0 3 0 3 3 0 2 0 6 0 0 0 0 0 2 0 0 0 0 0 2 0 0 0 0 0 0 0 0 0 5 27 46 9 22 23 14 16 4 84 19 0 0 0 2 11 4 0 0 0 4 25 0 0 0 0 13 0 0 0 0 71 28 0 0 0 0 42 54 0 0 0 0 0 0 0 0 0 2 0 0 0 1 0 0 0 0 0 0 0 0 0 0 0 0 0 0 2 0 1 0 0 0 0 7 0 0 0 0 20 26 0 38 3 36 16 0 13 0 16 21 0 4 0 5 6 0 0 0 32 24 0 0 0 0 0 32 17 12 2 0 0 13 10 0 1 0 0 41 0 2 0 0 0 0 0 0 0 0 0 0 0 0 0 0 0 0 0 0 0 0 0 0 0 0 0 0 0 0 0 0 0 0 0 2 1 96 1 3 16 0 0 0 0 0 0 0 0 0 0 0 0 0 0 1 0 0 0 4 0 0 0 0 0 9 0 0 0 0 
 3 3 78 57 137 76 3 67 5 3 224 100 3 161 3 4 28 90 3 3 136 177 214 178 81 39 64 97 151 78 106 27 165 144 148 192 52 246 0 485 22 2 0 2 0 0 2 3 2 3 2 2 0 2 0 0 0 6 3 0 4 6 2 2 9 3 2 6 3 0 0 2 3 3 3 6 4 8 0 3 0 30 15 12 0 0 0 0 1 0 7 10 0 0 0 14 20 19 0 0 57 14 13 0 0 9 10 0 0 12 0 0 22 10 50 11 0 13 28 27 0 7 0 0 0 0 0 0 0 0 0 0 0 0 0 0 0 0 0 0 0 0 0 0 0 0 0 7 0 0 0 2 0 0 0 0 12 0 0 0 0 13 1 0 14 22 0 6 26 6 0 11 0 0 0 0 0 4 0 9 1 43 0 2 7 0 7 13 15 15 0 12 35 10 16 0 0 0 0 48 2 0 0 0 0 0 0 0 0 0 0 0 0 0 2 0 0 0 0 0 0 0 0 0 0 0 0 0 0 0 0 0 0 0 0 0 0 0 0 0 0 12 0 0 0 0 0 0 0 0 0 0 0 0 2 2 0 0 0 0 4 10 0 0 0 0 0 0 0 0 0 0 0 0 0 0 0 0 0 0 0 0 0 0 0 0 0 0 0 0 
 0 0 0 0 0 111 0 0 0 0 73 75 0 0 3 0 74 150 3 0 93 187 33 346 506 41 178 264 81 173 476 45 59 190 472 382 345 255 485 0 0 0 0 7 0 0 5 5 0 0 0 2 0 0 0 0 0 6 3 4 0 2 0 0 9 5 2 2 2 0 0 0 3 0 3 3 0 2 0 6 0 0 1 0 21 0 0 2 0 0 13 12 0 0 0 0 0 0 1 0 32 20 17 3 1 0 14 14 29 22 2 7 1 22 16 18 18 14 25 15 0 0 0 0 0 0 2 0 1 0 0 0 1 0 0 1 0 0 0 0 0 0 0 0 0 0 0 0 0 0 0 0 0 0 0 0 0 0 0 9 0 0 0 0 19 0 0 0 0 0 0 26 0 0 4 0 0 1 0 0 18 48 21 1 10 0 0 22 1 0 0 0 0 37 9 0 23 26 0 0 0 0 0 0 0 0 0 0 0 0 0 0 0 0 0 0 0 0 0 0 0 0 0 0 11 0 0 0 5 0 0 0 0 0 0 0 0 0 0 0 0 0 0 0 0 0 0 0 0 0 0 0 0 0 3 0 1 0 76 0 4 0 28 0 0 0 0 0 0 0 0 0 0 0 0 0 7 0 0 0 0 0 0 0 0 0 13 0 0 0 
 4 0 0 0 0 0 3 0 0 16 2 0 0 0 0 0 0 0 0 0 0 0 0 62 2 138 0 0 0 65 0 0 0 0 3 1 63 59 22 0 0 207 165 69 39 18 396 100 123 123 158 315 120 324 348 460 67 255 166 296 0 0 2 0 2 10 0 0 0 30 0 0 0 0 0 0 2 2 0 0 0 0 0 0 0 0 0 0 0 0 0 0 0 0 0 0 5 0 0 0 0 0 0 0 0 0 0 0 0 0 14 0 0 0 0 0 0 0 0 0 8 24 0 23 2 0 20 8 39 0 0 0 1 7 0 0 20 0 0 0 0 0 0 0 0 3 0 0 0 0 0 0 14 0 0 0 1 0 0 0 0 0 0 0 0 0 0 0 0 0 0 0 0 0 0 0 2 0 0 0 0 0 0 9 0 16 0 0 0 0 10 10 0 0 0 0 0 0 0 0 11 9 53 6 0 0 0 7 11 2 41 16 1 0 10 28 0 1 0 0 0 0 0 0 0 9 3 0 0 0 0 0 0 0 0 0 4 0 9 15 0 0 0 0 0 0 0 0 0 0 0 2 0 0 0 0 0 67 0 0 0 0 1 1 0 4 1 0 2 0 0 0 0 0 0 0 0 0 0 8 0 0 0 0 0 6 0 0 2 0 
 3 2 5 3 3 3 3 6 2 44 3 3 5 67 3 3 3 3 3 2 0 0 0 1 0 0 0 0 2 0 2 61 0 0 0 0 0 0 2 0 207 0 152 125 59 264 256 121 211 112 30 140 94 154 206 42 101 342 33 185 0 0 0 0 0 1 0 0 0 0 0 0 0 0 40 0 0 0 0 0 0 0 0 0 13 0 0 0 0 0 42 0 0 0 0 0 0 0 0 0 0 0 0 0 0 0 0 0 0 0 0 0 0 0 0 0 0 0 0 0 12 49 0 28 0 20 0 11 8 1 9 0 0 21 21 0 18 1 0 0 0 0 0 0 0 0 0 0 2 0 0 0 28 8 0 0 4 0 20 0 0 0 0 0 0 0 0 0 0 0 0 0 0 0 0 0 0 0 0 0 0 0 0 0 0 0 0 0 0 0 0 0 0 0 0 0 0 0 0 0 0 66 15 56 6 0 0 10 0 3 0 38 0 14 0 11 14 11 0 0 0 0 0 0 0 0 0 0 0 0 0 0 33 0 0 23 0 0 7 15 0 0 0 0 0 0 0 0 0 17 0 3 0 2 0 0 0 0 2 2 0 0 0 0 2 9 2 0 2 0 0 0 0 0 0 0 0 0 0 0 0 0 0 0 12 10 0 0 0 0 
 4 0 0 0 0 0 58 0 2 0 0 0 0 0 0 0 0 64 0 63 0 64 0 0 2 0 0 0 0 4 0 0 0 0 0 0 2 0 0 0 165 152 0 165 132 102 293 112 104 67 99 37 146 52 45 440 69 408 28 99 0 1 102 0 48 0 61 0 3 0 1 0 2 34 0 0 2 0 99 1 0 0 0 0 0 0 0 0 10 0 0 0 0 0 0 0 0 0 0 0 0 0 0 0 0 0 0 9 0 0 0 0 0 0 0 0 0 0 0 0 0 12 0 17 33 12 0 10 13 6 11 29 0 1 0 14 0 12 0 0 10 9 1 0 0 2 10 1 43 0 0 0 25 19 2 0 3 0 0 0 0 6 0 0 0 0 7 0 0 0 6 0 0 0 0 0 15 0 0 0 0 0 0 0 0 0 0 0 0 0 0 0 6 0 0 0 0 0 0 0 0 11 35 0 71 16 0 6 0 7 60 29 0 11 0 33 0 0 0 6 0 24 0 0 0 0 7 7 0 0 0 0 18 10 7 0 0 0 0 2 0 0 0 0 0 2 0 0 0 0 0 8 2 0 0 0 1 0 0 1 0 0 0 0 68 4 1 0 0 0 5 0 0 0 0 0 0 0 0 0 0 0 0 0 0 26 0 0 0 0 
 3 3 0 2 0 7 0 0 3 3 0 0 0 0 0 0 0 0 0 0 0 3 0 0 0 0 37 16 4 0 0 1 0 0 203 8 5 206 2 7 69 125 165 0 154 35 100 61 449 417 209 161 87 60 64 67 111 88 82 51 1 0 6 0 4 0 50 0 0 0 3 2 0 0 51 0 3 3 49 15 0 0 0 0 6 0 0 0 0 0 0 0 0 0 0 0 0 0 0 0 0 0 0 0 0 0 32 7 0 8 0 0 8 1 0 5 5 0 0 9 0 0 0 2 52 30 0 15 27 0 24 5 0 0 0 0 0 0 0 0 4 0 0 0 0 0 27 3 1 24 0 21 15 0 7 0 0 0 34 0 0 0 0 0 0 0 0 0 0 0 0 23 0 13 0 0 0 0 0 0 8 0 10 0 0 0 4 0 0 2 0 0 0 0 0 0 4 3 0 0 0 0 0 25 0 3 0 0 0 28 0 1 0 0 0 34 0 0 0 0 0 1 0 0 8 0 0 2 1 0 0 0 0 11 1 0 25 10 6 14 0 0 6 0 0 0 0 0 0 0 0 3 0 2 0 0 0 0 3 2 0 0 9 0 3 3 0 5 0 0 0 0 0 0 0 0 0 0 0 0 0 0 0 0 0 0 0 0 1 2 
 2 2 8 2 2 4 2 5 4 2 8 2 2 2 2 2 2 4 2 2 0 0 0 0 3 3 0 0 1 0 0 0 5 0 0 0 0 0 0 0 39 59 132 154 0 185 186 167 117 61 158 171 100 143 80 143 72 112 74 79 0 0 10 0 52 1 3 0 0 53 0 0 78 0 3 0 0 0 51 0 0 0 0 0 0 10 0 0 0 0 0 0 0 0 0 0 0 0 0 0 0 0 0 0 0 0 0 0 0 0 0 0 0 0 0 0 0 0 0 0 0 21 0 0 23 1 0 0 0 8 0 7 0 0 0 13 0 48 0 0 0 6 6 0 0 0 8 24 27 10 0 0 17 0 18 10 13 0 33 76 0 0 0 0 5 0 0 0 0 0 0 0 0 0 0 0 0 0 0 0 0 0 0 0 0 0 0 0 0 0 0 0 0 0 0 0 0 0 0 0 0 0 9 0 26 81 0 0 0 0 19 10 0 0 0 46 21 0 0 0 23 0 0 7 1 0 1 0 11 0 0 0 20 0 7 0 10 11 38 27 0 0 9 0 0 0 0 0 0 0 0 6 0 0 0 0 0 0 0 1 0 0 1 0 2 4 0 66 2 0 8 0 0 0 0 0 0 0 0 0 0 0 0 0 15 0 0 21 1 0 
 0 0 0 0 0 0 0 3 0 0 0 0 0 0 0 0 0 0 0 0 0 0 0 0 1 0 0 0 0 70 0 63 0 0 2 4 208 0 0 0 18 264 102 35 185 0 246 44 97 181 139 128 44 55 41 98 555 89 71 34 0 53 51 0 1 0 0 51 53 76 1 0 68 0 0 51 54 55 53 51 0 0 0 0 0 0 0 0 0 0 0 0 0 14 0 0 10 0 0 0 0 0 0 0 0 0 17 0 0 0 0 0 0 0 0 0 0 0 0 0 0 0 0 0 1 0 0 0 13 0 0 0 0 0 0 0 0 9 0 0 0 8 36 0 2 0 7 40 21 13 0 9 10 19 21 9 29 0 5 73 0 0 0 0 7 0 0 0 0 0 0 0 0 0 0 0 0 0 0 2 0 24 0 0 0 0 0 0 0 0 0 0 0 0 0 0 0 0 14 20 0 0 0 0 0 0 0 0 0 0 0 0 0 0 0 0 0 6 0 0 20 2 0 18 0 0 29 12 22 18 0 11 13 28 0 0 1 0 15 0 2 0 0 0 0 0 0 0 0 0 0 6 0 0 0 0 0 0 0 2 0 0 1 1 36 3 2 10 2 0 0 0 1 0 0 0 0 0 0 0 0 0 0 0 0 5 0 0 1 0 
 0 0 0 0 0 0 67 2 0 15 0 0 0 0 0 0 0 0 4 0 2 2 2 2 2 2 2 2 37 33 2 73 2 3 2 208 3 64 2 5 396 256 293 100 186 246 0 180 56 39 103 116 253 152 124 39 40 287 91 31 16 0 7 0 9 0 0 0 2 0 0 3 3 0 18 0 1 7 0 0 0 0 0 0 0 0 0 0 0 0 0 0 0 0 0 0 0 0 0 0 0 0 0 0 12 0 0 0 0 0 15 24 0 0 0 0 0 0 0 0 55 46 11 0 0 0 0 35 18 22 0 13 0 16 11 0 32 21 20 0 0 0 12 0 0 0 0 0 0 2 17 42 0 22 0 0 0 0 20 0 0 0 0 0 0 0 0 0 0 0 0 0 0 0 0 0 2 0 0 0 1 0 0 0 0 8 0 0 0 0 9 11 0 0 0 0 0 0 0 0 6 3 11 42 10 12 11 14 32 0 0 7 10 0 0 94 25 9 1 21 0 3 9 3 6 0 0 1 0 0 0 12 14 0 2 0 13 0 3 15 0 0 0 0 0 0 0 0 0 0 0 8 0 0 0 0 0 63 0 1 0 0 1 1 0 2 2 0 0 0 33 0 0 0 0 0 0 0 0 0 0 0 0 0 0 0 0 1 0 0 
 0 0 0 0 0 0 0 0 0 0 0 0 0 0 0 0 0 0 0 0 3 3 3 3 3 3 3 3 3 3 3 67 3 3 5 3 4 3 3 5 100 121 112 61 167 44 180 0 73 34 35 105 198 199 88 156 59 305 46 41 3 0 4 6 25 5 0 0 2 6 0 45 11 0 3 0 0 6 29 5 0 0 0 0 0 0 0 0 0 0 0 0 0 0 0 0 0 0 0 0 0 0 0 0 0 0 0 0 0 0 0 0 0 0 0 0 0 0 0 0 14 27 11 1 0 0 0 6 7 13 8 21 0 8 20 22 0 7 0 0 0 0 0 0 0 0 1 0 4 0 3 5 0 10 0 0 1 0 9 0 0 0 0 3 11 0 0 0 3 0 0 0 0 7 0 0 0 0 0 0 0 0 0 0 0 0 0 0 0 0 0 10 0 13 0 0 0 0 0 4 2 17 17 10 30 8 7 12 0 0 10 6 0 10 10 17 26 10 0 6 0 6 4 0 0 0 0 0 0 0 1 5 20 0 12 0 5 5 0 11 0 0 0 0 0 0 0 0 0 0 0 5 0 0 0 13 0 0 0 0 0 0 0 0 0 0 0 0 0 0 8 0 0 0 0 5 0 0 0 0 0 0 0 0 0 10 0 11 0 0 
 0 0 0 0 0 0 0 0 3 26 0 0 0 2 0 0 0 0 0 0 0 0 0 0 0 0 0 0 3 0 0 0 0 0 0 0 47 0 2 0 123 211 104 449 117 97 56 73 0 171 260 117 108 100 103 211 141 99 306 124 1 0 1 0 2 22 51 0 0 0 3 2 0 0 0 0 2 3 57 0 0 0 0 0 0 0 0 0 0 0 0 0 0 0 0 0 0 0 0 8 0 0 0 0 0 0 0 0 0 0 0 0 0 0 0 0 0 0 0 0 0 0 0 13 15 19 20 0 19 0 14 6 0 0 20 0 19 7 0 0 0 0 1 12 0 0 1 16 0 19 0 0 15 1 24 0 0 0 19 0 0 0 0 0 0 0 0 0 0 0 0 0 0 0 0 0 0 0 0 36 0 0 0 0 0 0 0 0 2 0 0 0 0 0 0 0 0 0 0 0 0 0 0 27 0 22 0 0 0 13 33 1 0 0 0 6 8 9 0 0 0 0 0 0 0 0 0 0 0 0 0 0 1 0 0 0 9 0 2 35 0 0 0 0 0 0 0 0 0 0 0 9 0 0 0 0 0 0 0 1 0 0 0 0 0 38 0 66 2 0 0 0 0 0 0 0 0 0 0 0 0 0 0 0 0 13 0 20 0 0 
 0 2 0 1 0 2 0 0 3 14 0 0 0 0 0 0 0 2 0 0 0 0 8 6 0 5 0 0 0 0 0 0 0 0 0 0 1 12 3 0 123 112 67 417 61 181 39 34 171 0 342 119 58 69 117 233 122 92 118 166 0 2 0 0 0 0 62 0 0 0 0 0 0 0 0 0 0 0 51 0 0 0 0 0 0 0 0 0 0 0 0 0 0 0 0 0 0 0 0 0 0 4 0 0 0 0 0 0 0 0 5 0 0 0 0 0 0 4 0 0 0 0 0 13 13 3 0 0 35 1 12 14 3 2 31 0 18 6 4 4 0 0 1 0 0 0 1 1 0 0 0 0 36 16 0 0 5 9 7 0 0 0 0 25 0 0 0 0 0 0 0 0 0 0 0 0 0 0 0 0 0 0 0 9 18 0 11 0 0 0 11 3 0 0 0 5 0 0 0 0 5 1 0 15 0 0 0 0 0 18 13 2 0 0 0 6 2 22 0 9 0 17 0 0 0 0 7 1 0 0 0 0 21 0 2 0 0 0 15 14 0 0 2 0 0 0 0 0 0 0 0 5 0 9 0 0 0 0 0 0 0 19 0 0 70 10 1 1 0 0 4 0 0 0 2 0 0 0 0 0 0 0 0 0 0 0 0 0 2 0 
 4 3 0 60 0 3 0 0 0 44 0 0 0 0 0 0 1 2 0 0 0 0 0 0 0 24 0 0 0 3 0 0 0 0 0 0 0 0 2 0 158 30 99 209 158 139 103 35 260 342 0 130 81 178 343 351 222 34 69 64 0 0 8 0 2 0 50 0 0 0 0 0 1 0 0 0 0 0 52 0 0 0 0 0 0 0 0 0 0 0 0 0 0 0 0 0 0 0 0 0 0 0 0 0 0 0 0 0 0 0 0 0 0 0 0 0 0 0 0 0 3 24 0 2 21 1 34 3 22 0 14 18 0 0 1 0 1 17 0 0 0 0 1 0 0 0 20 18 0 15 0 0 13 1 0 0 0 0 42 7 0 0 0 0 0 0 0 0 0 0 0 0 0 0 0 0 15 0 0 0 0 0 0 0 0 0 0 0 0 0 0 0 0 0 0 0 0 0 0 0 0 0 15 0 0 17 18 0 7 0 0 0 0 0 8 0 0 0 0 0 0 10 0 0 0 0 0 0 0 0 0 0 1 1 0 0 14 0 10 12 0 0 12 0 0 0 0 0 0 0 0 13 0 0 0 0 0 0 1 17 0 0 2 82 69 7 2 70 0 0 0 0 0 0 0 0 0 0 0 0 0 0 0 0 0 13 0 0 1 0 
 0 0 0 1 0 2 0 3 1 22 0 0 0 0 0 0 1 4 0 0 2 2 2 2 5 4 2 2 4 5 2 2 2 2 83 2 2 2 2 2 315 140 37 161 171 128 116 105 117 119 130 0 112 62 305 103 164 56 46 251 0 0 1 0 2 0 4 0 0 0 0 0 1 8 54 0 0 0 0 0 0 0 0 0 0 0 0 0 0 20 0 0 0 0 0 0 9 0 0 0 0 0 0 9 0 0 0 0 0 0 0 0 0 0 0 0 0 0 0 0 18 12 0 35 12 19 0 0 1 0 0 0 0 0 1 0 0 22 0 0 4 51 0 0 5 0 1 26 0 0 0 0 6 0 21 0 5 0 22 15 0 0 0 0 0 0 0 0 0 0 0 0 0 0 0 0 0 0 0 0 0 0 0 0 0 0 0 0 0 0 0 0 0 0 0 11 0 0 0 0 0 0 14 6 23 22 1 0 0 1 0 28 0 0 0 14 19 24 0 0 5 0 0 0 7 11 3 0 0 5 0 0 7 13 0 3 11 10 12 10 0 0 0 0 0 0 0 0 0 0 0 6 0 0 0 0 0 0 0 12 0 0 10 0 1 15 1 63 2 0 0 0 0 0 0 0 0 0 0 0 0 0 0 0 0 0 0 7 2 0 
 0 0 0 0 0 0 0 0 0 21 0 0 0 0 0 0 0 0 0 0 0 0 0 0 55 1 1 0 2 0 0 2 0 0 6 7 0 0 0 0 120 94 146 87 100 44 253 198 108 58 81 112 0 220 216 29 84 26 154 177 0 2 0 0 1 0 3 51 1 3 0 0 26 0 0 4 0 0 0 1 0 0 0 0 0 0 0 0 0 0 0 0 0 0 0 0 0 0 0 0 0 0 0 0 0 9 0 0 0 0 0 0 0 2 2 0 0 0 0 0 31 27 16 29 0 0 0 23 4 1 28 12 0 31 0 0 0 10 0 12 9 0 0 0 5 0 0 13 9 2 0 0 12 0 0 0 5 0 10 0 0 0 0 9 0 0 0 0 0 0 0 0 0 0 0 0 2 0 0 0 0 0 0 0 8 0 0 0 0 0 0 0 0 0 0 0 0 0 0 0 11 23 23 0 5 7 10 10 17 16 0 19 9 24 9 0 0 11 2 0 0 0 0 0 0 0 0 0 25 6 8 0 11 0 0 4 0 0 7 4 0 0 0 0 0 0 0 0 0 0 0 11 0 0 0 0 0 0 0 8 0 0 0 65 2 0 3 0 2 0 18 0 0 0 0 0 0 0 0 0 0 0 0 0 10 6 0 0 2 9 
 0 0 0 2 0 0 0 2 8 1 0 0 0 10 65 0 0 2 0 3 0 0 0 0 3 61 37 0 0 0 0 0 0 0 0 37 1 30 2 0 324 154 52 60 143 55 152 199 100 69 178 62 220 0 143 28 104 56 193 130 0 0 0 0 0 0 0 3 0 0 0 0 1 0 0 0 10 0 0 0 0 5 0 2 0 0 0 4 0 0 0 0 5 0 0 0 2 4 0 0 0 0 0 0 1 0 0 0 0 0 0 0 0 0 0 0 0 0 2 0 34 28 1 9 0 0 22 16 20 0 10 16 0 10 13 1 21 27 0 0 0 0 0 0 0 0 0 11 0 0 0 0 0 0 0 0 0 0 3 0 0 5 0 0 5 0 0 0 0 1 2 0 0 0 0 0 4 0 0 0 0 0 0 0 0 0 0 0 0 0 0 0 7 0 0 0 0 0 0 0 10 0 26 11 23 0 11 11 9 0 0 42 10 0 8 7 30 13 14 10 0 0 0 0 0 0 0 0 0 0 0 0 2 0 0 0 0 0 0 0 0 0 0 0 0 0 0 0 0 0 0 17 0 1 0 0 0 0 1 10 0 0 0 4 0 1 0 0 0 0 0 0 0 0 0 0 0 0 0 0 0 0 0 0 0 0 0 3 2 0 
 0 0 0 0 0 0 0 0 0 9 0 0 0 0 0 0 0 63 0 0 0 0 0 62 23 0 0 0 0 0 1 0 0 0 0 0 0 0 0 0 348 206 45 64 80 41 124 88 103 117 343 305 216 143 0 280 94 88 108 308 228 0 6 6 5 0 0 0 0 0 0 11 0 0 45 0 1 9 0 3 0 0 0 0 0 0 0 0 0 0 0 0 0 0 0 0 0 0 0 0 0 0 0 0 0 12 0 0 0 0 0 0 0 0 0 7 0 0 0 0 56 26 18 3 0 0 0 49 10 25 21 21 3 74 11 13 12 20 2 37 0 0 2 4 0 0 0 0 0 18 2 10 1 11 0 0 0 0 0 0 0 0 0 0 0 0 0 0 0 0 0 7 0 0 0 0 1 0 0 0 0 0 0 0 19 0 0 0 0 0 0 19 0 0 0 0 0 0 0 0 23 36 4 42 32 0 21 21 0 14 2 2 0 27 14 19 11 0 30 10 0 6 6 0 0 0 0 0 0 0 0 22 0 0 3 0 55 4 9 10 0 0 0 0 0 0 0 0 0 0 0 0 0 0 0 0 0 0 0 3 0 0 0 1 2 2 0 0 2 0 2 0 0 0 0 9 0 0 0 0 0 0 0 0 0 23 0 0 0 0 
 2 0 0 1 0 3 2 3 25 0 0 0 68 0 0 0 3 4 0 0 0 0 0 0 3 0 0 0 0 3 0 0 0 0 0 0 0 0 0 0 460 42 440 67 143 98 39 156 211 233 351 103 29 28 280 0 173 52 26 350 2 0 61 3 53 0 53 0 0 0 0 4 51 0 0 0 0 0 101 0 0 0 0 0 0 0 0 0 0 0 0 0 0 0 0 22 2 0 0 0 0 0 0 0 0 0 0 10 0 0 0 0 0 0 0 0 0 0 0 0 0 0 12 0 38 22 0 0 47 27 18 19 0 0 0 27 11 1 0 1 2 0 0 0 0 0 7 0 9 35 0 0 15 1 17 0 0 0 0 0 0 0 0 0 0 0 0 0 2 0 0 0 0 3 0 0 0 0 0 0 0 0 20 0 0 0 0 0 0 0 0 0 15 0 0 0 0 0 0 0 10 0 19 13 20 30 0 33 0 0 9 14 10 0 0 15 0 47 11 0 0 0 0 0 0 0 0 0 1 0 0 0 0 0 10 0 21 0 12 8 0 0 0 0 0 0 0 0 0 0 0 4 0 0 0 0 0 0 0 1 0 0 1 1 3 3 0 1 2 0 14 0 0 0 0 0 0 0 0 0 0 0 0 0 22 13 0 0 0 0 
 0 0 0 0 0 3 0 3 4 14 0 0 0 0 0 0 0 5 0 0 0 0 0 6 2 63 0 0 0 0 0 0 0 0 0 0 0 0 0 0 67 101 69 111 72 555 40 59 141 122 222 164 84 104 94 173 0 99 92 93 2 9 1 6 0 2 0 4 0 0 6 1 0 0 2 0 6 8 6 4 0 0 0 0 0 0 0 0 0 0 0 0 0 0 0 0 0 0 0 0 0 0 0 0 0 0 0 0 0 0 0 0 0 0 0 0 0 0 0 0 10 19 0 28 10 0 8 26 18 19 1 1 0 0 3 8 34 8 0 18 0 0 0 14 0 0 1 15 0 14 0 1 0 9 9 5 0 6 21 0 0 0 0 0 0 0 0 0 0 0 0 0 0 0 0 0 2 0 0 0 0 0 0 0 0 0 0 0 0 0 0 0 0 0 0 0 0 0 0 0 0 0 0 7 1 12 4 0 1 0 0 1 0 6 1 9 0 10 18 14 0 6 1 2 0 0 0 3 8 0 30 0 0 0 0 0 10 6 24 35 0 0 0 0 0 0 0 0 0 0 0 11 0 0 0 0 0 0 0 2 0 0 2 1 2 0 36 72 1 0 0 0 0 0 0 8 0 0 0 0 0 0 0 0 15 13 0 0 0 0 
 0 0 0 0 0 3 0 0 3 23 0 0 0 0 0 0 0 3 0 0 3 3 3 66 3 3 3 3 3 3 3 3 3 3 3 6 5 3 6 6 255 342 408 88 112 89 287 305 99 92 34 56 26 56 88 52 99 0 69 102 0 1 0 0 51 1 46 0 0 0 0 0 0 28 50 0 0 0 51 0 0 0 0 0 0 0 0 0 0 0 0 0 0 0 0 0 0 0 0 0 0 0 0 0 0 0 0 0 0 0 10 0 0 0 0 0 0 0 0 0 7 5 0 34 14 25 0 11 13 1 25 7 0 14 31 14 0 41 0 0 6 15 0 0 0 0 19 0 5 15 0 0 9 28 1 0 17 0 2 0 0 7 0 0 0 0 3 0 0 0 3 0 0 0 0 0 0 0 0 0 0 0 0 0 0 0 0 0 0 0 0 0 0 0 0 0 0 0 0 0 0 13 14 17 43 30 0 18 11 1 28 44 0 12 11 22 26 4 0 4 0 9 0 0 0 0 0 19 0 0 0 0 26 20 18 0 0 0 0 10 0 0 0 0 0 0 0 0 0 0 0 10 0 1 0 0 0 0 1 0 0 1 0 0 2 3 1 2 0 0 7 0 0 0 0 0 0 0 0 0 0 0 5 0 0 9 0 4 2 0 
 0 0 1 0 0 1 0 1 2 3 0 0 0 0 0 0 0 0 0 0 0 0 63 0 129 213 0 0 30 16 61 1 0 74 68 77 76 126 3 3 166 33 28 82 74 71 91 46 306 118 69 46 154 193 108 26 92 69 0 125 0 0 0 0 0 2 0 0 0 0 0 3 10 0 0 0 9 0 0 0 0 0 0 0 0 14 0 16 0 0 0 9 0 0 0 0 0 0 0 0 0 14 25 23 28 34 0 0 0 0 20 0 0 0 0 0 0 0 0 0 18 27 50 17 0 7 46 5 0 13 11 21 1 11 12 0 8 20 12 0 0 0 0 0 0 0 0 0 0 0 0 0 0 0 0 0 9 0 0 0 0 0 0 0 0 0 0 0 0 0 0 0 0 0 0 0 0 0 0 0 0 0 0 10 1 9 0 0 0 0 8 10 0 0 1 0 18 0 0 0 5 11 5 11 0 0 35 9 21 0 5 6 18 17 7 15 14 5 0 22 0 0 0 0 0 0 0 0 0 0 0 0 0 0 0 0 0 0 0 0 0 0 0 0 0 0 0 0 0 0 0 10 0 0 0 0 0 52 0 0 0 0 0 0 0 2 0 0 0 0 0 0 0 0 0 0 0 0 0 7 0 0 8 0 0 10 0 0 0 0 
 0 0 0 0 0 1 0 0 0 22 0 0 0 0 0 0 0 0 0 0 1 2 1 2 65 34 1 1 3 34 0 3 1 2 19 1 33 64 0 4 296 185 99 51 79 34 31 41 124 166 64 251 177 130 308 350 93 102 125 0 0 1 0 0 0 0 1 1 0 51 2 0 6 2 0 2 1 0 1 6 0 0 0 0 0 0 0 0 10 0 0 0 0 0 0 0 0 0 0 0 0 0 1 0 7 0 0 0 0 0 4 0 0 0 0 0 0 0 0 0 0 0 2 44 0 0 25 0 0 0 7 11 17 1 10 13 13 0 0 0 0 0 0 0 0 1 0 0 0 18 0 0 13 0 0 0 0 0 0 0 0 0 0 0 0 0 0 0 1 0 0 0 0 18 0 0 4 0 0 0 0 0 0 15 0 17 0 0 0 0 5 0 0 0 0 0 0 0 0 0 36 10 19 14 27 0 0 20 13 6 19 13 12 13 1 0 9 12 5 0 0 1 2 1 1 1 7 1 0 0 0 0 1 0 2 0 0 1 0 0 0 0 0 0 0 0 0 0 0 0 0 10 0 0 2 0 0 33 1 17 0 0 0 65 0 2 0 0 2 0 2 0 0 0 0 0 0 0 0 6 0 0 0 0 0 19 0 0 0 2 
 3 3 5 6 22 32 3 5 19 3 10 6 3 3 3 3 10 4 3 3 0 0 0 0 0 0 0 0 0 0 51 0 0 0 0 3 0 0 4 0 0 0 0 1 0 0 16 3 1 0 0 0 0 0 228 2 2 0 0 0 0 351 238 123 108 72 183 239 77 98 87 45 106 147 127 241 78 155 256 140 0 0 20 11 1 0 0 0 0 0 0 31 0 0 0 0 3 4 0 0 0 0 0 0 0 0 0 0 0 0 0 0 9 0 3 0 0 0 0 4 0 0 20 0 0 0 0 0 0 0 0 0 0 0 0 0 0 0 0 0 10 6 0 10 29 11 0 0 1 3 6 31 0 8 9 30 10 18 0 0 0 1 6 15 0 4 0 5 0 0 0 6 0 0 0 10 8 0 0 0 0 0 0 0 0 0 0 0 0 0 0 0 0 0 0 0 0 0 4 6 0 0 0 0 0 0 0 0 0 0 0 0 0 0 0 0 0 0 0 0 3 88 28 9 30 3 2 2 2 17 11 24 1 1 5 19 14 17 3 2 0 0 0 0 0 0 0 0 0 0 0 0 0 0 2 0 0 0 0 0 0 0 0 2 0 0 0 0 0 0 0 0 2 2 1 53 0 0 0 0 0 0 0 0 0 0 0 0 0 0 
