 0 178 166 66 128 236 205 143 198 34 205 89 74 145 249 27 59 100 63 165 0 1 1 0 0 0 0 0 0 0 0 0 3 0 2 0 0 3 0 0 1 0 0 0 0 0 0 0 2 0 0 0 3 0 0 0 0 2 2 63 0 0 0 0 0 2 0 0 0 0 3 0 0 2 3 2 0 0 2 0 9 0 22 14 10 0 21 14 9 3 0 0 8 26 12 0 6 18 34 24 0 0 0 0 0 0 0 0 0 0 0 0 0 0 0 0 0 0 0 16 0 0 0 0 0 0 0 0 0 0 0 0 15 0 0 0 0 0 0 0 0 0 0 0 0 0 19 0 0 0 0 0 0 0 0 0 14 0 0 0 13 0 1 26 0 0 51 0 11 4 0 19 20 10 41 21 10 18 21 1 0 0 0 0 0 0 0 0 0 0 0 0 0 0 0 0 0 0 10 0 0 0 0 0 0 0 0 0 0 0 0 0 2 0 0 0 0 0 0 0 0 0 0 9 0 0 0 0 0 0 0 0 0 0 0 0 0 0 0 0 0 0 0 0 0 0 0 0 88 0 2 0 0 0 0 0 0 0 0 0 0 0 18 0 0 0 0 0 0 0 0 0 0 0 0 0 18 0 0 0 0 0 0 0 0 0 0 0 0 0 
 178 0 91 380 50 328 158 194 71 138 103 35 40 57 121 791 37 128 37 119 0 2 5 0 1 2 74 0 0 2 0 0 3 96 0 0 0 3 0 0 1 0 0 0 0 0 0 0 0 0 0 0 3 0 0 0 0 2 2 0 0 0 0 0 0 2 0 0 0 0 2 0 0 2 3 2 0 0 2 0 21 24 0 0 15 1 10 27 0 33 17 2 2 24 26 30 0 45 0 10 0 0 0 0 0 2 0 0 0 0 0 0 14 0 0 0 0 0 1 0 0 0 0 0 0 0 0 0 0 0 0 0 0 0 0 0 0 1 2 0 21 0 3 0 0 0 0 0 0 0 0 0 0 0 0 0 0 0 0 0 15 2 56 2 0 10 0 0 22 1 0 16 16 18 12 10 21 1 19 26 0 0 0 0 0 0 12 0 0 0 0 0 0 10 0 0 0 7 109 3 0 0 0 0 1 0 0 0 0 0 0 0 18 0 1 0 0 0 1 0 0 0 0 0 0 0 0 0 0 13 0 0 0 1 0 0 8 0 0 0 0 8 0 0 0 1 0 2 2 56 2 6 0 0 0 0 0 0 0 0 0 0 12 0 0 0 0 0 0 0 0 0 0 0 0 0 0 0 0 0 0 0 0 0 0 0 0 0 0 0 
 166 91 0 83 55 24 211 190 144 279 43 205 165 80 164 73 46 79 44 132 0 0 2 0 0 0 0 0 16 22 0 0 3 31 17 0 0 3 2 0 0 0 2 0 1 0 0 28 0 0 0 0 3 0 0 0 0 1 2 0 0 0 0 0 0 3 0 0 0 0 2 0 0 0 3 3 0 0 3 0 12 11 31 8 14 1 15 11 7 0 13 0 28 59 17 0 43 0 0 27 0 0 0 1 0 0 10 13 0 17 0 0 19 0 0 0 2 0 2 0 0 0 0 0 0 0 0 0 0 13 0 0 0 0 0 0 0 0 0 0 0 0 3 0 0 0 0 0 0 1 3 0 0 0 0 0 0 0 0 0 1 0 10 13 0 0 0 16 0 18 10 21 2 0 0 13 27 41 0 0 0 0 0 2 0 0 0 0 0 0 0 0 0 0 0 0 2 0 23 0 0 0 2 0 0 0 0 0 0 0 0 0 0 0 0 0 0 0 0 0 0 0 0 2 0 13 0 0 0 0 0 0 0 0 0 0 0 0 1 0 0 0 0 0 0 0 3 0 87 1 1 2 0 0 0 0 0 0 0 0 0 0 0 0 0 0 0 0 0 0 0 0 0 0 0 0 0 10 0 0 0 0 0 0 0 0 0 0 0 0 
 66 380 83 0 109 34 129 71 166 103 282 60 95 295 165 42 130 145 70 41 0 1 1 0 0 0 12 0 0 0 0 0 80 2 0 1 0 3 75 110 2 0 63 0 0 0 0 1 0 0 0 0 3 0 64 0 0 3 2 0 0 0 0 53 0 2 0 0 0 0 2 0 0 3 3 2 0 0 2 0 0 3 0 7 30 11 0 19 0 12 49 28 0 28 0 51 11 10 0 0 18 16 0 0 0 0 0 17 2 0 0 0 42 13 29 0 15 0 12 41 0 0 0 2 0 0 0 0 0 0 0 0 0 0 0 0 0 0 0 0 0 0 0 0 1 0 0 0 0 0 0 0 0 0 0 2 0 0 0 0 10 2 0 15 37 0 8 14 2 49 43 11 8 1 0 0 19 15 1 0 11 11 15 2 13 0 18 1 14 1 0 0 11 0 0 0 0 0 27 25 1 0 0 0 0 0 0 0 0 0 0 0 0 0 0 0 0 0 0 19 0 0 0 0 0 0 4 0 34 0 0 0 0 0 0 0 0 12 0 0 0 0 15 0 0 3 44 0 4 140 0 25 2 0 0 0 0 0 0 0 0 0 0 0 0 0 0 0 0 0 0 0 0 0 0 11 14 0 0 0 0 0 0 0 0 0 0 0 0 0 
 128 50 55 109 0 276 132 87 96 168 108 72 84 161 262 107 141 135 57 63 1 25 2 0 2 0 1 75 12 1 1 2 78 1 0 90 0 80 38 1 1 0 0 0 0 0 0 31 0 0 0 0 3 0 0 0 0 2 2 2 0 0 0 0 0 2 0 0 0 0 2 0 0 52 3 2 0 0 2 0 0 11 10 7 0 10 0 0 27 10 42 1 0 22 15 0 0 26 0 0 0 27 10 0 13 0 0 0 24 0 0 2 13 19 9 0 5 2 11 23 0 10 0 0 0 0 0 0 0 0 20 0 0 0 0 0 0 0 0 0 0 0 0 0 0 0 0 0 0 0 0 0 0 0 0 0 0 0 20 0 10 0 0 0 9 9 0 14 0 0 25 15 9 0 0 10 10 15 0 0 12 9 13 16 0 0 0 1 0 1 10 0 31 16 15 12 23 0 26 31 0 0 0 0 0 0 0 0 2 0 0 0 0 0 0 0 0 0 0 0 0 0 1 0 0 0 1 0 0 0 0 0 0 0 0 0 0 0 0 0 0 7 0 0 0 0 8 3 94 62 0 8 0 0 0 22 0 0 0 0 0 14 11 0 0 0 0 0 0 0 0 0 0 0 0 0 16 0 0 0 0 0 0 0 0 0 0 0 0 0 
 236 328 24 34 276 0 129 33 93 154 80 50 236 52 337 534 169 69 99 30 3 2 82 0 0 0 62 73 0 0 1 0 150 0 3 0 78 158 141 72 0 0 0 0 0 0 0 0 0 0 0 2 3 0 6 0 0 1 4 0 0 0 0 0 0 3 0 0 0 0 2 0 0 1 33 2 0 0 3 0 0 0 14 26 29 11 0 9 0 7 0 10 1 2 14 8 22 0 14 7 0 12 30 0 10 0 9 12 0 0 0 0 8 18 16 14 0 0 28 20 0 0 0 0 0 0 0 0 0 0 0 0 0 0 0 0 12 0 0 0 0 0 0 0 0 0 0 0 0 0 0 0 0 0 0 0 0 0 12 0 10 13 0 10 21 11 0 0 0 16 16 11 2 0 0 0 0 35 0 0 0 6 0 37 0 0 10 17 15 36 10 0 19 24 14 11 0 0 23 36 0 0 0 0 0 0 0 0 1 0 0 0 0 0 0 0 0 0 0 0 0 0 2 0 0 0 2 0 0 0 0 0 0 0 0 0 0 0 0 0 0 0 0 0 0 1 1 0 0 117 1 5 0 0 0 0 0 0 0 0 0 15 0 0 0 63 0 0 0 0 0 0 0 0 0 19 0 0 0 0 0 0 0 0 0 0 0 0 0 0 
 205 158 211 129 132 129 0 116 225 126 259 51 175 278 149 157 342 310 284 138 0 2 2 6 3 2 8 0 1 2 0 3 22 203 0 0 1 3 4 0 3 2 2 0 0 3 77 2 0 0 0 3 3 0 0 3 6 3 2 3 0 3 0 5 6 2 3 0 0 0 3 6 0 3 3 2 2 0 7 0 15 10 4 10 12 0 0 10 34 25 21 12 24 25 24 0 16 25 23 33 0 0 0 0 0 9 0 10 0 0 0 0 21 1 0 0 0 0 22 28 0 0 0 0 1 0 0 0 0 0 0 0 0 3 0 0 0 0 0 0 0 0 0 0 0 2 0 0 0 0 0 0 0 0 0 0 0 0 0 0 24 0 0 2 14 0 0 1 0 0 11 45 23 10 17 9 0 0 22 0 0 0 0 0 0 0 0 0 0 0 0 1 0 0 0 0 0 0 15 10 0 0 0 0 0 0 0 0 0 0 0 0 0 0 0 0 0 0 0 0 0 0 0 0 0 0 0 0 0 0 0 0 0 0 0 2 2 0 0 0 0 13 0 0 0 2 2 0 1 0 0 0 0 1 0 0 0 0 0 0 0 0 14 0 0 0 0 0 0 0 0 0 0 0 0 0 14 0 0 0 0 0 0 0 0 0 0 0 0 0 
 143 194 190 71 87 33 116 0 260 116 123 41 171 85 52 142 27 49 289 215 0 1 1 0 0 0 73 2 0 0 0 0 5 0 0 0 0 3 0 0 2 0 0 0 0 0 0 0 0 0 0 6 3 0 0 0 0 3 2 0 0 0 0 0 0 2 0 32 0 0 2 0 0 3 3 2 3 0 2 0 28 29 18 0 0 0 25 15 17 21 0 0 51 27 0 0 11 22 11 7 0 0 0 0 0 0 0 0 0 0 0 0 0 0 0 0 0 12 1 0 0 0 0 0 0 0 0 2 0 0 0 0 0 0 0 0 0 0 0 8 0 0 0 0 0 0 0 0 0 0 0 0 0 0 0 0 0 0 0 0 0 30 42 0 0 0 37 61 46 0 0 0 15 29 46 1 27 1 56 3 0 0 0 0 0 0 0 1 0 0 0 0 0 0 0 0 0 0 0 0 0 0 0 0 0 0 0 0 0 0 0 0 0 0 0 0 0 0 0 0 0 0 0 0 0 0 0 0 0 0 0 0 0 0 0 0 0 0 0 0 0 0 0 0 0 0 0 0 0 0 10 17 0 1 0 0 0 0 0 0 0 0 26 0 0 0 0 0 0 0 0 0 0 0 0 0 0 0 0 0 0 0 0 0 0 2 0 0 0 0 
 198 71 144 166 96 93 225 260 0 377 135 119 286 89 172 78 311 118 90 147 0 4 1 0 0 3 1 0 3 0 1 0 3 2 0 2 0 3 0 1 2 62 2 0 0 0 67 5 0 0 0 0 6 0 32 0 0 3 2 0 0 3 2 0 0 2 0 50 0 3 2 0 0 3 6 2 7 0 2 0 12 23 41 12 13 1 23 22 12 10 11 18 31 17 0 8 31 17 0 19 8 0 0 5 0 0 10 24 0 0 0 0 45 27 0 0 0 0 13 0 0 0 0 0 0 0 0 0 0 0 0 0 0 0 0 0 0 0 0 0 0 0 0 0 0 0 0 0 0 0 0 0 0 0 0 0 0 1 0 0 20 6 0 11 22 0 0 16 0 12 6 50 22 0 0 10 1 1 0 7 0 0 0 0 12 0 0 0 0 0 0 0 12 1 13 0 10 0 15 13 0 0 10 0 0 0 0 0 14 0 0 0 0 0 0 0 0 0 0 0 0 0 0 0 0 0 0 0 0 0 0 0 0 0 0 0 0 0 0 0 0 7 15 0 0 0 0 1 2 2 0 2 0 0 0 0 0 0 0 4 0 0 10 0 0 0 0 0 0 0 0 0 0 0 0 0 0 0 0 0 0 0 0 0 0 0 0 0 0 0 
 34 138 279 103 168 154 126 116 377 0 82 53 144 255 97 834 55 137 102 80 0 1 6 0 0 0 82 0 6 1 0 0 23 0 0 6 3 3 0 77 0 0 0 0 2 2 0 2 0 0 0 2 3 0 0 1 0 7 2 0 0 2 0 3 0 3 0 0 0 4 2 2 0 0 6 5 0 2 3 0 8 5 30 6 27 45 12 11 36 23 8 33 0 2 13 9 9 15 0 0 22 0 10 0 0 0 5 0 0 9 0 0 0 0 5 9 0 0 17 0 0 0 0 0 0 0 0 0 0 0 0 0 0 0 0 0 0 0 0 0 0 0 0 0 0 0 0 0 0 27 0 0 0 0 0 0 0 0 0 0 4 19 17 31 0 0 23 0 19 0 0 0 46 8 0 25 32 0 18 33 0 0 10 0 0 0 0 1 0 0 9 0 0 0 0 0 0 0 11 0 0 0 0 0 0 0 0 0 0 0 0 0 0 0 0 0 0 0 0 0 0 0 0 0 0 0 0 0 0 0 0 0 0 0 0 0 0 0 0 0 0 6 0 0 0 2 2 0 1 1 5 0 0 0 0 0 0 0 0 0 0 0 14 0 0 0 0 0 0 0 0 0 0 0 0 6 19 0 0 0 0 0 0 0 0 0 0 0 0 0 
 205 103 43 282 108 80 259 123 135 82 0 241 57 134 282 127 317 88 51 143 75 2 4 0 0 0 74 0 0 2 0 36 79 0 0 0 1 5 1 1 0 0 0 0 0 0 0 1 0 0 0 0 3 0 0 0 0 1 2 0 0 0 0 0 0 3 0 0 0 0 2 0 0 58 3 2 0 0 3 0 0 0 26 2 10 29 14 20 67 22 10 35 0 0 47 36 0 56 0 0 12 0 0 0 0 0 25 21 0 0 0 0 36 12 21 0 22 13 9 1 0 0 0 11 0 0 0 0 0 0 0 14 0 2 0 0 0 0 0 0 5 0 10 0 0 0 0 0 0 0 0 0 0 0 0 0 0 0 0 0 1 10 19 18 21 11 1 0 21 4 33 45 1 14 0 0 0 27 0 0 0 0 10 0 0 0 21 0 0 0 0 0 11 46 17 0 14 0 13 26 0 0 0 0 0 1 0 2 0 0 0 0 0 0 7 0 0 0 0 0 2 12 35 0 0 0 0 0 2 17 0 0 0 0 0 14 0 0 0 0 0 0 0 0 0 0 0 0 0 6 2 3 10 0 0 0 0 0 0 0 0 0 2 0 0 0 0 0 0 0 0 0 0 0 0 10 0 0 0 0 0 0 0 0 0 0 0 0 0 0 
 89 35 205 60 72 50 51 41 119 53 241 0 25 49 139 26 395 92 42 194 83 1 75 0 0 0 100 2 0 0 1 0 79 0 0 0 0 3 162 114 1 0 0 0 0 0 0 0 1 0 0 0 3 0 0 0 0 2 2 0 0 0 0 0 0 2 0 0 0 0 2 0 0 6 3 2 0 0 2 0 10 0 30 0 0 69 10 11 21 6 0 0 11 0 0 33 0 12 0 11 7 0 0 0 0 0 27 14 0 11 0 0 8 22 76 20 54 0 9 11 0 0 3 0 0 0 0 0 0 0 0 0 0 0 0 0 0 0 0 0 0 0 0 0 0 0 0 0 0 0 7 0 0 0 0 0 0 0 0 0 0 5 0 0 10 28 0 0 0 17 24 30 0 0 0 0 0 26 0 0 24 2 25 1 0 0 21 0 16 1 0 0 0 2 0 0 0 0 0 17 0 0 0 0 0 0 0 0 0 0 0 0 0 0 0 0 0 0 0 0 0 0 0 0 0 0 0 0 0 0 0 0 0 0 0 0 0 0 0 0 0 0 15 0 0 6 129 2 3 7 2 0 17 2 0 0 0 0 0 0 0 0 0 0 0 0 0 0 0 0 0 0 0 0 0 11 1 13 0 0 0 0 0 0 0 0 0 0 0 0 
 74 40 165 95 84 236 175 171 286 144 57 25 0 89 253 57 41 41 365 67 2 7 3 2 0 2 0 2 0 0 0 0 5 2 0 0 1 5 2 0 2 64 0 0 0 0 0 3 0 0 0 2 3 0 0 0 4 3 2 0 0 0 0 0 0 2 0 20 0 0 3 0 0 3 3 2 0 0 2 0 36 3 9 17 0 0 23 9 12 14 0 0 38 1 0 0 10 0 9 24 0 0 0 0 0 0 0 0 0 0 0 0 0 0 0 0 0 0 0 8 0 0 0 0 0 0 0 0 0 0 0 0 0 0 0 0 0 0 0 0 0 0 0 0 0 0 0 0 0 0 0 0 0 0 0 0 0 0 0 0 0 1 0 0 0 0 0 15 0 0 0 0 11 15 0 28 10 0 18 39 0 0 0 0 0 0 0 0 0 0 0 0 0 0 0 0 0 0 0 0 0 0 0 0 0 0 0 0 0 0 0 0 0 0 0 0 0 0 0 0 0 0 0 0 0 0 0 0 0 0 10 0 0 0 0 0 0 0 0 0 0 0 0 0 0 0 2 2 2 0 0 5 0 0 0 0 0 0 0 0 0 0 0 0 0 0 0 0 0 0 0 0 0 0 0 7 0 0 0 0 0 0 0 0 0 0 0 0 0 0 
 145 57 80 295 161 52 278 85 89 255 134 49 89 0 341 36 304 224 185 150 0 1 1 0 0 0 0 0 0 0 0 0 3 0 0 0 0 3 0 0 1 0 0 0 0 0 0 0 0 0 0 1 3 0 0 0 0 3 2 0 0 0 0 0 0 2 0 0 0 0 2 0 0 2 3 2 0 0 2 0 11 9 1 17 26 0 20 5 1 19 11 13 37 29 12 0 32 1 1 10 0 0 0 0 7 0 2 11 0 47 0 0 8 0 0 0 0 0 0 10 0 0 0 0 0 0 0 0 1 2 0 2 0 0 2 0 0 0 0 0 0 0 0 18 0 0 0 0 0 0 0 0 0 0 0 22 0 0 0 0 24 14 23 39 0 2 22 0 0 1 2 3 14 29 0 25 72 48 0 0 0 0 0 0 0 0 0 0 0 0 0 0 0 0 0 1 0 0 0 11 0 2 0 0 0 0 1 0 0 0 0 0 0 0 0 0 0 0 0 0 0 0 0 0 0 0 0 0 0 0 0 0 0 0 0 0 0 0 0 0 0 0 0 0 0 2 0 2 1 1 11 2 0 0 0 0 0 0 0 0 0 0 0 0 0 0 0 0 0 0 0 0 0 1 0 15 32 0 0 0 0 0 0 0 0 0 0 0 0 0 
 249 121 164 165 262 337 149 52 172 97 282 139 253 341 0 121 200 238 120 71 0 0 7 3 3 3 2 3 2 1 0 0 3 2 2 0 1 5 73 2 1 3 0 0 0 0 0 73 0 0 0 2 3 1 0 0 0 2 2 62 0 0 0 0 0 5 0 3 1 0 2 0 0 32 3 5 2 0 2 0 8 0 13 33 12 0 15 47 12 13 22 10 0 12 28 29 0 51 10 0 1 0 0 0 0 0 71 3 0 0 0 1 65 9 0 0 0 0 0 12 0 0 0 0 0 0 0 0 0 0 0 2 0 2 0 0 0 0 0 0 5 0 5 0 0 0 0 0 0 0 2 0 0 0 0 0 0 0 0 0 13 19 10 0 12 7 27 32 57 18 29 32 0 0 13 0 31 15 0 1 0 0 0 0 0 0 1 0 0 0 0 0 0 10 0 0 0 0 42 16 0 0 0 0 0 0 0 1 0 0 0 0 18 0 0 0 0 0 0 1 2 2 0 0 0 0 0 0 2 0 0 0 0 0 0 0 0 0 0 0 0 0 0 0 0 3 0 2 1 0 0 12 0 0 0 0 0 0 0 0 0 0 0 0 0 0 0 0 0 0 0 0 0 0 0 0 0 2 0 0 0 0 0 0 0 0 0 0 0 0 
 27 791 73 42 107 534 157 142 78 834 127 26 57 36 121 0 69 51 29 92 0 2 0 2 2 0 18 0 0 3 0 1 77 0 0 0 0 3 1 4 2 0 0 1 34 0 7 1 0 0 0 0 5 0 0 4 2 5 2 0 2 0 2 4 0 2 2 0 2 3 6 0 55 3 5 2 0 2 2 0 9 34 12 7 61 8 4 35 11 22 20 12 0 1 61 34 16 32 0 0 0 0 0 0 0 0 7 0 0 0 2 0 13 0 7 0 0 0 14 0 0 0 0 0 0 0 0 0 0 0 0 0 0 0 0 0 0 2 0 0 5 0 2 0 0 0 0 0 0 0 0 0 0 0 0 0 0 0 15 0 11 25 44 0 0 8 17 0 26 17 15 0 26 25 13 10 0 0 32 6 0 0 0 0 2 0 10 0 0 0 0 0 0 0 0 0 0 0 13 15 0 0 0 0 0 0 0 0 0 0 0 0 0 0 2 0 0 0 0 8 0 0 0 0 0 0 0 0 0 0 0 0 0 0 0 1 0 0 0 0 0 7 0 0 0 4 3 0 0 87 14 4 0 0 0 0 1 0 0 0 0 0 0 0 0 0 0 0 0 0 2 0 0 0 0 1 0 0 0 0 0 0 0 0 0 0 0 0 0 0 
 59 37 46 130 141 169 342 27 311 55 317 395 41 304 200 69 0 233 296 244 0 3 1 0 2 0 0 0 0 0 1 0 3 1 0 2 0 3 2 0 2 0 0 0 1 0 2 2 0 0 0 0 3 0 1 0 0 3 4 0 0 0 0 0 0 2 0 0 0 1 2 0 0 11 3 2 0 2 2 0 0 0 11 30 1 3 0 23 2 10 35 48 1 8 21 37 0 45 0 0 8 13 0 0 0 0 34 21 0 15 0 0 40 13 0 0 0 0 2 15 0 9 0 0 0 0 0 0 0 0 0 0 0 0 0 0 0 0 0 0 0 0 3 0 0 0 0 0 0 0 3 0 0 0 0 0 0 0 0 0 14 13 16 52 13 0 0 16 0 32 33 62 17 10 0 0 14 52 0 0 0 0 0 0 0 0 1 0 0 0 0 0 10 10 0 0 0 0 37 22 0 0 0 0 0 0 0 0 0 0 0 0 0 0 0 0 0 0 0 0 0 0 0 0 0 0 0 0 0 0 0 0 0 0 0 0 0 0 0 0 0 0 0 0 0 2 0 0 2 3 0 2 0 0 0 0 0 0 0 0 0 0 0 0 0 0 9 0 0 0 0 0 0 0 0 2 10 10 0 0 0 0 0 0 0 0 0 0 0 0 
 100 128 79 145 135 69 310 49 118 137 88 92 41 224 238 51 233 0 129 58 0 2 1 0 1 2 73 72 0 1 2 1 63 2 2 0 0 3 1 61 2 0 0 0 0 0 0 33 0 0 0 6 3 0 0 0 0 3 2 0 0 0 0 0 0 2 0 0 0 0 2 0 58 4 3 2 0 0 2 0 10 2 60 33 1 11 12 2 72 28 25 0 16 31 19 1 0 20 0 0 20 0 0 0 0 0 0 0 0 0 0 0 19 0 4 0 9 0 0 7 0 0 0 0 0 0 0 1 0 0 0 0 0 0 0 0 0 1 0 0 1 0 0 0 0 1 0 0 0 0 0 0 0 0 0 0 0 0 0 0 0 3 7 8 1 0 1 29 0 0 44 22 16 21 0 16 14 44 0 9 6 19 0 0 0 0 6 0 0 0 0 0 0 1 0 0 0 0 22 14 0 0 0 0 0 0 0 0 0 0 0 0 0 0 1 0 0 0 0 0 9 0 0 0 0 0 0 0 0 0 0 0 0 0 0 1 1 0 0 0 0 0 0 0 0 0 4 0 87 87 0 0 11 2 0 0 0 0 0 0 0 0 0 0 0 0 0 0 0 0 0 0 0 0 0 20 17 0 0 0 0 0 0 0 0 0 0 0 0 0 
 63 37 44 70 57 99 284 289 90 102 51 42 365 185 120 29 296 129 0 86 0 4 1 0 0 0 5 0 0 2 74 0 4 0 0 2 0 3 73 0 0 0 0 0 0 0 0 2 0 0 0 0 6 0 0 0 0 2 2 0 0 1 0 0 0 3 0 0 0 3 2 0 0 1 6 2 0 0 3 0 76 10 1 5 1 0 36 0 13 49 1 0 15 24 0 0 24 1 17 11 0 0 0 0 0 0 0 0 0 0 0 0 0 0 0 0 0 0 0 0 0 0 0 0 0 0 0 0 0 0 0 0 0 0 0 0 0 10 0 17 0 0 0 0 0 0 0 0 0 0 0 0 0 0 0 0 0 0 0 0 2 2 1 10 0 0 22 28 31 0 0 0 19 18 42 30 41 16 1 13 0 0 0 13 0 0 0 0 0 0 0 0 0 0 0 0 0 0 0 0 0 0 28 0 0 0 0 0 0 0 0 0 0 0 0 0 0 0 0 0 0 0 0 0 0 0 0 0 0 0 0 0 0 0 0 0 0 0 0 0 0 0 0 0 0 2 0 2 0 1 0 2 0 0 0 0 2 0 0 0 0 0 0 0 2 0 0 0 0 0 0 0 0 0 0 5 0 0 0 0 0 0 0 0 0 0 0 0 0 0 
 165 119 132 41 63 30 138 215 147 80 143 194 67 150 71 92 244 58 86 0 0 1 1 0 0 0 2 0 1 1 0 0 3 0 0 0 0 3 0 0 1 0 0 0 0 0 0 0 0 0 0 0 3 0 0 0 20 2 7 0 0 0 0 0 0 4 0 43 0 0 2 0 0 3 3 2 0 0 4 0 33 11 28 0 9 0 53 28 7 0 0 0 9 34 22 0 8 2 35 22 0 0 0 0 0 0 0 0 0 0 0 0 0 0 0 0 0 0 0 0 0 0 0 0 0 0 0 0 0 0 0 0 0 0 0 0 0 0 0 0 0 0 0 0 0 0 0 0 0 0 0 0 0 0 0 0 0 0 0 0 10 12 8 9 0 0 19 50 1 5 0 9 10 8 24 9 10 0 25 7 0 0 0 0 0 0 0 0 0 0 0 0 0 0 0 0 0 0 0 0 0 0 0 0 0 0 0 0 0 0 0 0 0 0 0 0 0 0 0 0 0 0 0 0 0 0 0 0 0 0 0 0 0 0 0 0 0 0 0 0 0 0 0 0 0 0 0 0 85 0 0 4 0 40 1 0 0 0 0 0 0 0 0 0 0 0 0 0 0 0 0 0 0 0 0 0 14 12 0 0 0 0 0 0 0 0 0 0 0 0 
 0 0 0 0 1 3 0 0 0 0 75 83 2 0 0 0 0 0 0 0 0 106 614 65 127 70 151 95 149 624 37 109 158 176 256 184 151 36 26 188 0 207 0 0 3 2 4 0 2 405 4 202 19 0 4 1 3 0 2 2 2 2 0 0 0 0 0 1 3 2 3 0 0 0 3 0 0 2 1 3 0 0 0 0 0 16 1 0 0 0 0 0 0 0 0 0 0 0 0 0 10 35 11 31 10 11 20 16 48 0 20 20 9 0 7 46 25 26 33 11 0 0 0 0 0 0 0 0 0 0 0 0 0 0 0 0 0 2 23 12 0 0 0 0 0 0 0 0 0 0 0 0 0 4 0 0 0 0 0 0 0 0 0 0 12 59 0 0 0 0 0 0 0 0 0 7 0 0 12 0 4 44 32 20 0 0 17 28 9 39 8 24 15 8 25 18 11 0 0 12 0 9 0 0 0 0 0 0 0 0 0 0 2 0 0 0 0 0 0 0 0 0 0 0 0 0 0 0 0 0 0 0 0 0 0 0 0 0 21 0 0 0 0 0 0 0 0 0 0 0 0 0 0 3 14 1 2 0 77 0 1 0 0 0 0 0 0 0 0 0 0 0 0 0 0 0 0 0 0 0 0 16 0 0 0 0 0 0 0 0 
 1 2 0 1 25 2 2 1 4 1 2 1 7 1 0 2 3 2 4 1 106 0 162 59 27 69 75 505 167 45 38 259 41 102 42 127 165 54 69 39 0 2 0 0 0 1 0 0 0 64 2 0 66 2 3 0 3 0 0 2 2 2 2 0 0 0 4 2 3 0 0 0 0 0 6 52 4 0 0 6 0 0 0 0 0 0 0 19 0 0 8 0 0 0 0 0 2 0 0 0 0 70 0 15 8 0 0 1 33 12 4 6 0 21 0 0 18 1 16 0 0 0 0 0 0 2 0 16 0 0 0 0 52 12 0 0 0 13 9 34 16 0 0 2 0 0 0 0 0 0 0 0 0 6 0 0 0 0 0 0 0 0 0 0 0 8 5 0 0 0 2 8 0 0 0 0 0 4 0 0 20 13 32 0 26 0 0 2 4 0 19 23 1 14 0 10 10 9 0 0 0 1 0 0 0 0 33 0 0 0 0 0 0 8 21 0 0 2 17 1 0 0 0 0 0 0 0 0 0 0 0 0 0 0 0 0 0 1 0 0 0 0 0 0 0 0 1 0 0 0 0 0 0 0 14 2 2 7 1 0 0 0 0 0 0 0 0 0 0 0 0 0 0 0 0 0 0 0 0 0 0 0 0 0 0 0 0 0 0 0 
 1 5 2 1 2 82 2 1 1 6 4 75 3 1 7 0 1 1 1 1 614 162 0 188 59 220 150 191 171 296 72 45 69 433 59 335 211 218 290 81 1 2 0 0 0 0 1 8 0 0 6 0 0 0 3 4 3 0 0 2 4 4 0 0 0 0 0 2 3 7 0 4 0 0 11 7 0 7 0 3 0 0 0 0 0 0 0 0 0 0 0 0 0 2 0 0 0 0 0 0 0 26 0 14 0 1 3 19 52 0 1 18 2 1 0 99 0 65 12 14 2 0 0 0 0 0 0 8 0 0 0 0 10 5 0 0 0 0 0 58 0 2 0 0 0 0 0 0 2 0 0 0 0 29 0 0 0 0 0 0 0 0 0 0 0 28 0 0 0 0 0 0 0 0 0 17 0 0 0 7 6 1 39 26 1 0 10 10 2 54 27 1 24 0 17 33 23 23 0 0 0 0 0 0 0 0 4 0 0 0 0 0 29 0 0 0 0 0 0 0 0 0 0 0 0 0 0 0 0 0 0 0 0 0 0 0 0 0 0 0 0 0 0 0 0 0 0 0 0 0 0 0 0 0 9 0 2 0 76 0 2 0 0 0 0 0 0 0 0 0 0 0 0 0 0 0 0 0 0 0 0 0 0 0 0 0 0 0 0 0 
 0 0 0 0 0 0 6 0 0 0 0 0 2 0 3 2 0 0 0 0 65 59 188 0 424 340 172 189 89 205 178 314 56 118 206 98 50 342 50 236 84 2 0 0 0 0 1 0 0 0 2 2 81 0 3 2 3 0 33 64 0 0 0 47 0 52 2 0 3 0 0 0 0 0 3 6 0 0 5 3 0 0 1 0 0 0 0 0 0 0 1 0 0 0 0 0 0 0 0 0 0 10 0 1 4 1 0 9 0 31 9 0 0 13 0 14 40 1 0 0 12 2 0 0 0 32 9 36 0 0 0 0 18 23 0 0 0 0 11 13 0 0 0 0 0 0 0 14 0 0 0 0 0 0 0 0 0 0 0 0 0 0 0 0 0 0 0 0 0 0 0 0 0 0 0 17 0 0 0 0 0 0 0 20 11 9 0 0 0 0 11 14 0 0 14 1 24 11 0 0 22 11 0 0 0 0 24 16 0 0 0 0 34 40 12 0 3 0 5 18 0 0 0 0 0 0 0 0 0 0 0 0 0 0 0 2 0 0 0 2 0 0 0 0 0 0 0 0 0 0 0 0 0 0 16 0 1 78 0 1 2 0 0 0 0 0 0 0 0 0 0 0 0 0 0 0 0 0 0 10 0 12 0 0 0 0 22 0 0 0 
 0 1 0 0 2 0 3 0 0 0 0 0 0 0 3 2 2 1 0 0 127 27 59 424 0 270 50 153 79 332 277 81 72 139 90 169 268 194 56 48 21 2 0 0 1 2 2 0 0 0 2 2 29 0 8 8 67 2 126 71 29 0 2 0 3 54 0 1 5 0 3 3 0 0 3 0 3 3 0 5 1 0 0 0 0 0 0 0 0 0 0 0 0 0 0 0 19 0 0 0 0 13 0 0 4 14 0 11 0 15 20 3 0 0 0 13 3 12 0 0 11 14 0 0 0 0 35 11 16 3 4 0 1 15 1 1 0 0 18 0 0 0 0 0 0 0 0 6 0 8 0 0 0 0 0 0 0 0 0 0 0 0 0 0 0 0 0 0 0 0 0 0 0 0 0 12 0 0 0 0 6 1 0 21 0 24 0 0 0 0 12 0 15 0 14 8 10 0 19 0 52 40 0 1 0 0 13 20 1 1 0 0 29 50 46 0 8 0 62 10 0 0 0 0 0 0 0 1 0 0 0 0 0 0 0 0 0 0 0 0 0 0 0 0 0 2 0 0 0 0 1 0 0 0 4 7 3 154 0 5 5 0 0 0 0 0 22 0 0 0 0 0 0 0 0 0 0 0 0 1 0 11 2 0 0 9 22 0 0 0 
 0 2 0 0 0 0 2 0 3 0 0 0 2 0 3 0 0 2 0 0 70 69 220 340 270 0 50 71 254 145 155 458 253 105 214 158 87 50 30 148 57 2 0 4 3 0 64 62 0 0 2 0 1 56 8 3 89 0 0 63 0 0 0 0 0 0 0 0 3 0 0 6 1 0 3 0 0 0 0 3 0 0 0 0 0 0 0 0 0 1 0 0 0 0 2 0 0 0 0 0 0 14 0 25 0 19 0 9 18 0 21 0 0 7 0 20 14 0 2 0 0 1 69 0 0 0 0 10 22 20 2 17 9 0 7 42 0 0 33 21 0 0 0 0 0 0 0 0 0 0 0 0 0 9 0 0 0 0 0 0 1 0 0 0 0 0 1 0 0 0 0 0 0 0 0 7 0 0 0 0 0 0 0 0 19 1 0 0 0 0 0 24 0 0 9 0 12 13 0 0 22 68 0 0 0 0 18 0 11 7 11 5 2 0 38 8 22 0 14 18 0 0 0 0 0 0 0 0 0 0 2 0 7 0 0 0 0 0 0 0 0 0 0 0 0 0 0 0 0 0 0 0 0 0 2 0 0 10 5 0 5 0 0 0 0 0 0 0 0 0 0 0 0 0 0 0 0 0 0 1 0 53 0 0 0 8 0 0 0 0 
 0 74 0 12 1 62 8 73 1 82 74 100 0 0 2 18 0 73 5 2 151 75 150 172 50 50 0 194 43 31 31 64 429 44 311 112 26 139 131 274 0 2 2 0 0 3 0 0 2 0 2 0 0 0 3 0 3 0 0 2 0 0 0 2 3 0 5 0 3 0 0 3 0 2 3 0 0 0 2 3 0 0 1 13 15 25 0 0 7 25 0 6 0 0 16 19 10 14 0 1 1 0 0 0 0 7 20 1 1 0 13 0 8 2 39 20 19 0 15 48 0 2 1 0 0 0 0 0 0 0 1 0 20 0 0 2 0 0 12 0 0 0 0 0 0 0 0 0 0 0 0 0 0 0 0 0 0 0 0 0 0 49 0 26 0 35 2 0 0 22 10 1 2 0 0 0 0 7 0 0 0 1 9 0 0 0 50 12 10 31 0 12 0 11 0 0 0 26 6 26 0 0 0 0 0 0 0 0 0 0 0 0 0 0 0 0 14 0 0 0 0 0 0 0 0 1 0 0 0 0 1 0 0 0 0 0 0 0 0 0 0 0 0 0 0 0 0 0 1 76 0 0 11 0 9 0 2 0 0 0 3 0 23 0 0 2 0 0 0 0 0 0 0 0 0 11 0 0 0 0 0 16 0 0 0 0 0 0 0 0 
 0 0 0 0 75 73 0 2 0 0 0 2 2 0 3 0 0 72 0 0 95 505 191 189 153 71 194 0 79 262 239 213 125 377 383 105 126 101 213 45 0 2 0 0 0 0 0 0 0 2 2 0 0 0 3 8 3 0 65 2 0 0 0 0 0 0 2 0 3 0 0 0 0 0 3 6 0 0 5 3 0 0 0 0 0 0 0 0 0 0 0 0 0 0 0 0 0 0 0 0 12 27 12 1 42 10 28 17 14 1 16 12 0 11 32 0 20 20 10 9 13 0 0 0 0 0 0 4 0 0 0 0 13 17 0 0 0 1 16 30 0 0 0 0 0 0 0 0 0 0 0 0 0 0 0 0 0 0 0 0 0 0 0 0 0 0 0 0 0 0 0 0 0 0 0 7 0 0 0 0 2 35 19 19 1 1 31 0 10 30 26 26 21 64 33 17 9 59 2 0 0 0 0 0 0 0 30 0 0 0 0 0 35 0 1 0 0 0 27 0 0 0 0 0 0 0 0 0 0 0 0 0 0 0 0 0 0 0 0 0 0 0 1 0 0 0 0 0 0 0 0 0 0 0 11 0 2 4 93 1 1 13 0 0 0 0 0 0 0 0 0 0 0 0 0 0 0 0 0 0 0 0 0 0 0 0 4 0 0 0 
 0 0 16 0 12 0 1 0 3 6 0 0 0 0 2 0 0 0 0 1 149 167 171 89 79 254 43 79 0 212 40 82 83 282 170 299 119 190 75 136 3 2 0 12 0 3 3 0 0 4 2 0 2 0 3 0 3 5 0 2 0 0 0 0 0 0 56 46 3 0 2 0 2 0 3 0 0 0 0 3 0 0 0 0 0 0 0 0 0 0 8 0 0 0 0 0 0 0 0 0 0 18 24 50 0 0 0 1 75 22 21 0 0 7 0 18 19 9 15 0 1 1 0 0 0 0 0 0 0 0 2 0 0 0 0 0 0 0 13 25 0 0 0 0 0 0 0 0 0 0 0 0 0 12 0 0 0 0 0 0 0 0 0 0 0 7 1 0 0 0 0 2 0 0 0 0 0 0 0 0 54 2 15 4 8 4 0 33 14 4 0 18 1 8 0 27 21 0 0 0 0 0 0 0 0 0 4 9 0 0 0 0 9 0 0 0 1 0 0 30 0 0 0 0 0 1 0 0 0 0 2 0 0 0 0 0 0 0 0 0 0 0 0 0 0 0 0 0 0 0 0 0 0 0 21 0 2 76 0 0 14 0 0 0 0 0 0 0 0 0 0 0 0 0 0 0 0 0 0 0 0 14 0 0 0 0 0 0 0 0 
 0 2 22 0 1 0 2 0 0 1 2 0 0 0 1 3 0 1 2 1 624 45 296 205 332 145 31 262 212 0 104 114 43 288 241 153 366 129 48 71 27 2 0 0 0 1 4 3 0 1 2 3 2 0 3 3 4 4 0 2 0 2 0 3 0 1 0 4 6 3 0 2 0 0 6 0 0 2 0 3 0 0 0 0 0 0 0 0 0 0 0 0 0 0 0 0 0 0 0 0 0 24 20 22 12 8 0 11 15 16 13 3 10 0 0 27 8 86 0 0 21 2 43 0 0 0 1 39 0 0 0 0 18 42 0 0 0 0 0 41 0 0 0 0 0 0 0 5 0 0 0 0 0 1 0 0 0 0 0 0 0 0 0 0 0 0 2 0 0 0 0 1 0 6 0 10 0 0 0 0 6 13 0 5 9 8 0 9 19 17 22 27 0 0 26 14 28 29 0 0 0 0 0 0 0 0 47 0 0 0 0 0 111 4 1 0 2 7 50 43 0 0 0 0 0 2 0 0 0 0 1 0 0 0 0 0 0 0 0 0 0 0 0 0 0 0 0 1 0 0 0 0 0 0 13 1 2 85 0 0 4 3 0 0 0 0 0 0 0 0 0 0 1 0 0 0 0 0 0 0 0 0 0 0 0 0 0 0 0 0 
 0 0 0 0 1 1 0 0 1 0 0 1 0 0 0 0 1 2 74 0 37 38 72 178 277 155 31 239 40 104 0 121 36 65 235 246 206 201 38 127 125 4 0 1 0 0 0 0 0 2 2 0 126 0 76 33 3 0 62 2 0 0 0 0 0 0 1 0 3 0 0 0 0 0 3 4 0 0 3 3 0 0 0 0 0 2 0 0 0 1 0 0 0 0 0 0 0 0 0 0 0 1 4 1 22 17 0 0 1 14 41 3 0 1 0 0 0 5 0 0 24 1 0 0 0 0 14 0 17 2 0 0 30 28 0 0 0 0 13 12 0 0 0 0 0 0 0 0 0 0 0 0 0 0 18 0 0 0 0 0 0 0 0 0 1 0 4 0 0 0 0 0 0 0 0 0 0 3 0 1 0 0 0 17 0 20 13 13 6 14 77 32 1 3 0 0 12 12 0 1 11 10 0 0 0 0 33 12 0 0 0 0 17 25 50 0 0 0 26 8 25 0 0 0 0 0 0 0 0 2 0 0 0 0 0 0 2 12 0 0 0 0 0 0 0 0 0 0 0 0 0 0 0 0 20 1 0 0 41 0 0 1 0 0 0 0 0 0 0 0 0 0 0 0 0 0 0 0 0 11 0 23 0 0 0 10 31 0 0 0 
 0 0 0 0 2 0 3 0 0 0 36 0 0 0 0 1 0 1 0 0 109 259 45 314 81 458 64 213 82 114 121 0 30 175 119 60 242 337 71 30 62 4 0 210 210 0 0 0 210 2 2 210 0 0 8 6 3 0 29 2 53 0 0 0 0 0 0 0 42 0 26 0 0 0 3 21 0 0 6 3 0 6 0 0 0 0 0 0 0 0 0 0 0 0 13 0 0 0 0 0 0 1 20 13 3 0 0 0 1 30 10 8 0 16 0 0 22 5 0 0 15 3 0 0 0 0 29 26 22 4 0 0 12 9 1 0 0 0 10 17 0 0 0 0 0 0 0 0 0 3 0 0 0 0 0 0 0 0 0 0 0 0 0 0 0 0 1 0 0 0 0 0 0 0 0 5 0 3 0 0 10 0 0 16 19 2 0 15 27 0 16 12 0 10 21 11 34 2 0 0 45 12 6 2 0 0 23 13 1 0 0 0 24 36 21 0 0 0 13 0 0 0 0 0 0 0 0 0 0 0 0 0 0 0 0 0 0 6 0 0 0 0 0 0 0 0 0 0 0 0 0 0 0 0 20 0 7 82 0 0 5 2 0 0 0 0 0 0 0 0 0 0 0 0 0 0 0 0 0 0 0 16 0 0 0 0 16 0 0 0 
 3 3 3 80 78 150 22 5 3 23 79 79 5 3 3 77 3 63 4 3 158 41 69 56 72 253 429 125 83 43 36 30 0 61 38 43 107 50 164 121 1 2 0 0 0 0 0 0 2 0 2 2 0 0 3 0 3 0 0 2 0 0 0 0 0 0 2 0 3 0 0 0 0 2 3 0 0 0 0 3 0 0 0 0 0 74 0 0 20 1 0 15 0 0 0 0 0 2 0 0 46 13 9 0 76 0 27 25 0 10 44 0 0 0 75 0 44 0 38 42 2 0 0 0 0 0 0 2 0 0 0 0 0 3 0 0 0 0 8 0 0 0 0 0 0 0 1 0 0 0 2 0 0 0 0 0 1 0 0 0 0 2 0 0 39 20 0 0 0 0 0 0 0 0 0 1 0 19 0 0 0 31 43 0 0 0 51 9 2 15 7 8 0 11 45 22 0 2 0 28 0 0 0 0 0 0 0 0 12 0 0 0 0 0 0 0 0 0 2 0 0 0 0 0 0 0 10 0 0 0 0 0 0 0 0 0 0 0 0 0 0 0 0 0 0 0 75 0 0 78 0 0 10 0 18 0 2 0 77 0 1 0 17 10 0 0 0 0 0 0 0 0 0 0 3 13 0 0 0 0 0 0 0 0 0 0 0 0 0 0 
 0 96 31 2 1 0 203 0 2 0 0 0 2 0 2 0 1 2 0 0 176 102 433 118 139 105 44 377 282 288 65 175 61 0 487 141 226 89 62 148 0 2 0 0 0 0 2 0 0 3 2 0 0 0 3 2 3 0 0 2 54 0 0 0 0 0 2 0 3 0 0 0 0 0 3 0 0 0 0 3 0 0 0 0 0 0 0 0 0 0 0 0 0 0 0 0 0 0 7 0 9 22 28 74 9 10 0 9 30 19 20 3 0 15 0 35 32 0 0 0 0 0 0 1 0 0 0 4 0 0 0 0 14 0 0 0 0 0 32 28 0 0 0 0 0 0 0 0 11 0 0 0 0 11 0 2 0 0 0 0 0 0 0 0 0 0 0 0 0 0 0 0 0 0 0 5 2 0 0 0 10 11 0 1 9 9 0 15 11 13 6 47 0 6 29 21 17 18 0 0 0 0 0 0 0 0 7 0 0 10 0 0 11 0 0 0 0 0 0 16 0 0 0 0 0 0 0 0 0 0 0 0 0 0 0 0 20 0 0 0 0 0 0 0 0 0 0 0 0 0 0 0 0 0 9 2 1 43 0 2 2 0 0 0 0 0 0 0 0 0 0 0 0 0 0 0 0 0 0 0 0 21 0 0 0 0 0 0 0 0 
 2 0 17 0 0 3 0 0 0 0 0 0 0 0 2 0 0 2 0 0 256 42 59 206 90 214 311 383 170 241 235 119 38 487 0 227 47 109 52 97 0 2 0 0 0 0 5 0 0 4 2 0 3 0 3 0 3 0 62 2 0 0 0 0 0 0 0 0 3 0 0 0 0 0 3 15 0 0 8 3 0 0 0 0 0 0 0 0 0 0 0 16 0 0 2 0 0 0 0 0 0 11 19 11 11 30 0 3 38 19 39 2 0 1 0 28 20 29 2 0 23 1 1 0 0 0 0 9 0 0 1 0 18 20 0 1 0 0 12 44 0 0 0 0 0 0 0 0 0 0 0 0 0 3 0 10 0 0 0 0 1 0 0 11 0 0 1 0 0 0 0 0 0 0 0 8 0 0 0 0 9 12 0 1 1 4 0 41 29 1 22 52 0 1 29 9 42 26 0 0 0 0 0 0 7 0 10 1 0 0 0 0 42 0 9 0 0 0 18 28 0 0 0 0 0 0 0 0 0 0 2 0 0 0 0 0 0 0 0 0 0 0 0 0 0 0 0 0 0 0 0 0 0 0 10 34 0 1 0 0 3 0 0 0 0 0 0 0 0 0 0 2 0 0 0 0 0 0 0 0 0 12 0 0 0 0 1 0 0 0 
 0 0 0 1 90 0 0 0 2 6 0 0 0 0 0 0 2 0 2 0 184 127 335 98 169 158 112 105 299 153 246 60 43 141 227 0 49 49 108 59 0 2 0 1 0 0 0 0 0 0 2 0 0 0 4 0 3 1 63 2 0 0 0 0 0 0 0 0 3 0 0 0 0 0 3 0 0 0 0 3 0 0 0 0 0 0 0 0 0 0 1 0 0 0 0 0 0 0 0 0 0 0 0 23 0 29 0 0 32 0 22 44 16 0 0 33 8 44 1 0 37 0 0 0 0 0 40 0 0 0 0 0 1 29 0 0 0 0 9 2 0 0 0 0 0 0 0 0 0 0 0 0 0 15 0 0 0 0 0 0 0 0 0 0 0 56 0 0 0 0 0 0 0 0 0 0 0 0 0 0 25 12 0 9 0 0 0 25 20 9 19 18 16 0 0 11 21 30 0 0 10 0 0 0 0 0 16 0 0 0 0 0 23 21 15 0 0 0 18 0 0 0 0 0 1 0 0 0 0 0 0 0 0 0 0 0 0 0 0 0 0 0 0 0 0 0 0 0 0 1 0 0 0 0 12 0 0 0 0 0 13 0 0 0 0 0 0 0 0 0 0 0 0 0 0 0 0 0 0 0 0 38 0 0 0 9 0 0 0 0 
 0 0 0 0 0 78 1 0 0 3 1 0 1 0 1 0 0 0 0 0 151 165 211 50 268 87 26 126 119 366 206 242 107 226 47 49 0 191 25 41 68 4 1 3 0 0 4 0 3 5 2 3 56 0 10 0 4 0 0 2 0 0 0 0 0 0 0 2 3 0 0 0 0 2 3 1 0 0 1 3 0 0 0 0 0 0 0 0 1 0 0 0 0 0 0 0 0 0 4 0 1 0 48 25 30 9 15 0 11 43 14 29 14 10 0 21 1 18 0 0 0 0 0 0 2 0 0 29 0 0 0 0 29 19 0 22 0 0 12 24 0 0 0 0 0 0 0 0 0 0 0 0 0 14 0 0 0 0 0 0 0 0 0 0 0 0 5 0 0 0 0 0 0 1 12 0 0 6 0 0 1 15 0 14 29 16 0 25 55 43 22 17 21 39 10 8 12 6 0 0 0 0 0 0 0 0 42 0 0 0 0 0 2 0 22 0 0 0 13 39 0 0 0 0 0 0 2 0 0 0 0 0 0 0 0 0 0 0 0 0 0 0 0 0 0 0 0 0 0 0 0 0 0 0 12 0 0 0 85 2 2 1 0 0 0 0 0 0 0 0 0 0 0 0 0 0 0 0 0 0 0 0 0 0 0 0 0 0 0 0 
 3 3 3 3 80 158 3 3 3 3 5 3 5 3 5 3 3 3 3 3 36 54 218 342 194 50 139 101 190 129 201 337 50 89 109 49 191 0 130 26 0 2 0 0 0 0 0 0 0 0 2 0 0 0 3 0 3 0 63 2 0 0 1 0 0 0 1 0 3 2 0 0 0 0 5 14 0 2 11 3 0 0 0 42 0 0 0 0 0 0 0 0 0 0 0 0 2 0 0 0 0 42 33 18 14 3 23 17 20 52 12 1 0 16 13 0 12 13 9 63 0 15 0 0 0 2 7 8 0 0 0 0 0 14 1 21 0 0 20 21 0 6 0 2 0 0 0 0 0 0 0 0 0 0 0 0 0 0 0 19 0 0 0 0 11 0 0 0 0 0 2 0 0 0 0 5 0 0 0 0 0 10 21 79 7 15 29 18 16 50 19 1 29 51 27 5 24 19 0 12 12 0 0 0 0 0 0 11 1 0 0 0 3 10 0 0 0 2 8 0 0 0 0 0 0 0 0 0 0 0 0 0 0 0 0 0 0 0 0 0 0 0 0 0 0 1 0 0 0 2 0 0 0 0 21 2 1 0 82 0 0 11 0 0 0 0 2 0 0 0 0 0 0 44 0 0 0 0 0 0 0 0 0 0 0 0 11 0 0 0 
 0 0 2 75 38 141 4 0 0 0 1 162 2 0 73 1 2 1 73 0 26 69 290 50 56 30 131 213 75 48 38 71 164 62 52 108 25 130 0 159 0 2 0 0 0 0 0 0 1 0 2 0 0 0 3 0 3 0 0 2 48 0 0 0 0 0 0 0 3 0 0 0 0 0 3 0 0 0 0 3 0 0 0 0 0 9 0 0 0 0 8 0 0 0 0 2 0 0 0 2 2 40 12 5 10 0 1 1 35 36 0 0 0 21 24 8 17 0 15 35 0 0 0 0 0 0 0 0 0 0 23 21 0 0 0 0 0 0 0 0 0 0 0 0 1 0 0 0 0 0 0 0 0 0 0 0 0 0 0 0 0 0 0 0 17 28 0 0 0 0 0 0 0 0 0 0 0 14 0 0 95 8 36 59 0 0 1 14 4 14 10 0 32 40 14 10 0 0 0 9 0 0 0 0 2 0 0 0 0 0 2 0 0 0 0 0 0 0 0 0 0 2 1 0 0 0 0 0 0 0 0 0 0 0 0 0 0 0 0 0 0 0 21 0 0 0 76 0 0 0 0 0 0 0 9 0 0 0 0 0 14 11 0 0 0 62 0 0 0 0 0 0 0 0 0 0 0 35 0 0 0 0 0 0 0 0 0 0 0 0 
 0 0 0 110 1 72 0 0 1 77 1 114 0 0 2 4 0 61 0 0 188 39 81 236 48 148 274 45 136 71 127 30 121 148 97 59 41 26 159 0 0 2 2 0 0 0 1 0 0 0 2 0 0 0 204 0 3 0 0 2 0 1 0 3 0 0 1 0 3 2 0 0 0 0 5 0 0 4 2 3 0 0 0 1 0 20 19 1 14 0 2 27 0 0 0 2 0 1 0 0 36 0 17 0 0 16 8 0 27 11 13 0 12 1 37 13 11 0 15 23 0 1 0 0 0 0 0 0 0 0 1 0 0 0 0 0 0 0 8 0 0 0 0 0 0 0 0 0 0 0 0 0 0 2 0 0 0 0 0 0 0 0 0 0 10 13 0 0 0 1 1 2 0 0 0 0 0 14 0 0 22 26 9 12 0 0 10 11 25 13 0 7 2 2 0 0 10 10 1 0 0 0 0 0 0 0 0 0 0 0 0 0 0 0 0 0 0 0 0 0 0 0 0 0 0 1 0 0 0 0 2 0 0 0 0 0 0 14 0 1 0 0 21 0 0 0 23 0 0 73 0 0 10 0 2 0 0 0 0 0 1 0 0 0 0 0 0 0 0 0 0 0 0 0 0 11 0 0 0 0 0 8 0 0 0 0 0 0 0 0 
 1 1 0 2 1 0 3 2 2 0 0 1 2 1 1 2 2 2 0 1 0 0 1 84 21 57 0 0 3 27 125 62 1 0 0 0 68 0 0 0 0 95 89 46 44 61 368 126 27 254 39 59 351 56 206 113 75 241 126 73 0 0 0 0 0 1 0 0 0 0 0 12 0 0 0 0 0 0 0 0 0 0 0 0 0 0 0 0 0 0 0 8 0 0 0 0 0 0 0 0 0 0 0 1 9 20 0 0 0 0 23 1 0 1 0 0 0 0 0 0 0 0 12 0 0 0 1 19 0 0 0 16 10 9 0 0 0 0 0 0 0 0 0 0 0 0 0 5 0 1 0 0 0 1 0 0 0 0 0 0 0 0 0 0 0 0 3 0 0 0 0 0 0 0 7 0 0 3 0 0 0 0 0 0 20 12 0 0 3 0 18 8 0 0 0 0 26 0 0 0 0 12 0 7 0 0 35 0 0 1 0 1 0 3 53 16 1 0 16 27 0 0 0 0 0 0 0 0 0 0 0 0 0 0 0 0 0 10 0 0 0 0 0 0 0 0 0 0 0 0 0 3 0 0 0 0 0 76 26 1 0 0 2 0 1 2 0 0 2 0 0 0 0 0 0 0 0 0 0 30 0 0 0 0 0 33 0 0 2 0 
 0 0 0 0 0 0 2 0 62 0 0 0 64 0 3 0 0 0 0 0 207 2 2 2 2 2 2 2 2 2 4 4 2 2 2 2 4 2 2 2 95 0 291 235 254 41 152 428 186 195 319 250 76 76 138 137 185 130 17 142 0 0 0 2 3 0 0 2 0 0 2 0 0 0 7 206 3 3 0 0 0 0 0 0 0 0 0 0 0 0 0 0 0 0 0 0 0 0 0 0 0 0 0 0 0 0 0 0 0 0 0 0 0 0 0 0 0 0 0 0 0 53 33 31 16 8 0 0 31 26 9 0 0 7 0 1 12 15 0 0 0 0 0 0 0 0 8 21 10 0 0 0 26 20 0 0 0 0 34 13 0 0 0 0 0 0 0 0 1 0 0 0 0 4 0 0 0 0 0 0 0 0 0 0 0 0 0 0 0 0 0 0 0 0 0 0 4 0 0 0 0 7 16 47 21 8 0 31 30 23 18 12 0 10 0 38 0 14 0 0 0 0 0 0 0 0 12 0 0 0 0 0 0 0 0 0 0 0 0 5 0 0 0 0 0 0 0 0 0 0 0 4 0 0 0 0 0 0 0 0 0 0 3 2 69 1 2 0 0 0 0 0 0 0 0 0 0 0 0 0 0 0 0 0 11 15 0 0 2 0 
 0 0 2 63 0 0 2 0 2 0 0 0 0 0 0 0 0 0 0 0 0 0 0 0 0 0 2 0 0 0 0 0 0 0 0 0 1 0 0 2 89 291 0 129 45 49 166 168 71 145 116 102 174 135 134 218 73 161 26 142 0 0 0 0 0 7 0 0 0 0 0 0 0 0 0 0 0 0 0 0 0 0 0 0 0 0 0 0 0 0 0 0 0 0 0 0 0 0 0 0 0 0 0 0 0 0 0 0 0 0 0 0 0 0 0 0 0 0 0 0 38 62 8 0 20 23 12 0 27 29 11 30 0 8 7 28 17 0 0 0 7 0 0 0 0 0 0 26 0 0 0 0 13 3 0 5 1 0 27 1 0 0 0 0 0 0 0 0 14 0 0 0 0 0 0 0 0 0 0 0 0 0 0 0 0 19 0 0 0 0 0 0 0 0 0 0 0 0 0 0 45 45 23 1 18 0 0 27 0 21 10 7 1 8 20 27 0 0 0 0 0 0 0 0 0 0 0 0 0 0 0 0 0 0 0 0 0 10 0 0 0 0 19 0 0 0 0 0 0 0 0 0 0 0 0 0 0 0 0 1 0 0 17 0 0 0 0 65 0 0 0 0 0 0 0 0 0 0 0 0 0 0 0 0 0 0 0 0 0 7 
 0 0 0 0 0 0 0 0 0 0 0 0 0 0 0 1 0 0 0 0 0 0 0 0 0 4 0 0 12 0 1 210 0 0 0 1 3 0 0 0 46 235 129 0 294 48 123 161 238 151 334 188 151 139 344 378 111 68 73 62 0 0 0 0 8 0 9 0 0 0 0 0 0 0 6 0 0 0 1 0 0 0 0 0 0 0 0 0 0 0 0 0 0 0 0 0 0 0 0 0 0 0 0 0 0 4 0 0 0 0 0 0 0 0 0 0 0 0 0 0 0 13 12 79 10 5 0 5 7 75 28 11 8 0 5 25 24 1 0 5 12 0 0 0 0 0 10 0 0 0 0 0 16 0 0 15 6 0 22 27 0 0 0 0 0 0 0 0 13 0 0 0 0 6 0 0 0 0 0 0 0 0 0 0 0 0 0 0 0 0 0 0 0 0 0 0 0 0 0 0 1 13 0 19 31 0 0 0 15 1 32 29 1 0 13 11 3 13 4 0 11 22 13 0 0 0 7 24 0 10 0 0 0 0 0 0 0 10 0 12 0 0 0 0 0 0 0 0 0 0 0 2 0 0 0 0 0 0 1 0 0 0 1 0 0 2 2 0 0 0 0 0 0 0 0 0 0 0 0 0 0 5 0 0 14 0 0 11 2 0 
 0 0 1 0 0 0 0 0 0 2 0 0 0 0 0 34 1 0 0 0 3 0 0 0 1 3 0 0 0 0 0 210 0 0 0 0 0 0 0 0 44 254 45 294 0 207 115 77 342 298 131 277 297 100 82 115 53 43 74 84 0 0 0 0 55 0 0 2 0 0 0 0 54 70 70 0 67 0 20 24 10 0 0 0 0 0 0 0 0 0 0 0 0 0 0 0 0 0 0 0 0 0 9 0 0 0 0 0 0 0 0 0 0 0 0 13 0 0 0 0 0 21 0 29 29 0 14 18 0 17 19 3 0 0 14 1 0 34 0 0 8 7 0 0 0 0 2 49 12 0 12 0 27 16 8 0 0 1 24 24 0 0 0 24 0 0 0 0 0 0 0 0 0 11 0 0 0 0 1 0 0 0 0 0 0 0 0 0 0 0 0 0 0 0 0 0 0 0 0 0 0 1 21 8 17 13 0 0 13 19 1 4 0 41 0 21 8 18 0 0 12 0 6 11 0 0 8 17 78 0 0 0 15 23 39 0 0 0 9 0 0 0 0 0 0 0 0 0 0 0 0 4 0 0 0 0 0 0 1 0 0 17 0 35 1 0 0 0 3 0 0 0 0 0 0 0 0 0 0 0 0 0 22 0 19 0 0 0 1 0 
 0 0 0 0 0 0 3 0 0 2 0 0 0 0 0 0 0 0 0 0 2 1 0 0 2 0 3 0 3 1 0 0 0 0 0 0 0 0 0 0 61 41 49 48 207 0 49 66 47 89 99 68 23 41 104 133 87 36 44 278 8 0 16 0 2 0 21 4 24 1 3 0 58 0 0 0 46 0 103 59 0 0 0 0 0 0 0 0 0 0 0 0 0 0 0 0 0 0 0 0 0 0 0 0 0 0 0 0 0 0 0 0 0 0 0 0 0 0 0 0 0 0 0 17 0 9 0 0 0 11 11 2 0 0 0 0 0 13 0 0 14 13 0 0 0 0 10 0 20 2 28 0 0 16 1 25 4 0 0 12 0 25 0 7 0 0 12 0 8 0 0 0 0 1 0 0 0 0 0 0 0 0 0 0 0 0 0 0 0 0 0 18 0 0 0 0 0 0 0 0 0 0 0 0 2 29 0 0 9 10 0 5 0 0 0 7 8 5 6 0 15 29 16 63 22 0 1 24 27 22 33 0 28 10 74 8 0 0 40 28 0 0 0 0 0 2 0 0 0 0 0 11 0 0 0 0 0 0 0 0 0 0 0 73 4 2 0 0 1 0 0 0 0 0 0 0 0 10 0 0 0 0 18 0 9 12 0 0 2 0 
 0 0 0 0 0 0 77 0 67 0 0 0 0 0 0 7 2 0 0 0 4 0 1 1 2 64 0 0 3 4 0 0 0 2 5 0 4 0 0 1 368 152 166 123 115 49 0 139 247 275 376 94 397 139 315 95 522 66 98 204 0 0 0 0 0 0 0 0 0 0 0 8 1 0 0 0 0 4 0 0 0 0 0 0 0 0 0 0 0 0 0 0 0 6 0 0 0 0 0 5 0 0 21 10 0 7 0 0 0 3 0 0 1 0 0 0 8 0 0 0 19 32 18 23 27 6 29 11 8 0 7 23 0 7 40 11 16 11 0 0 0 0 0 0 0 0 0 0 0 0 0 0 0 0 0 0 0 0 8 0 9 0 0 0 0 0 0 0 0 0 0 0 0 0 0 0 0 0 0 0 0 0 0 0 0 5 0 6 0 0 0 0 0 0 0 0 6 0 0 0 11 26 47 2 15 13 0 7 10 1 16 36 4 17 27 40 36 23 0 2 0 0 0 0 0 0 0 0 0 0 0 0 0 0 0 0 0 0 0 29 0 0 0 0 0 0 0 0 0 0 0 1 0 2 0 0 0 0 0 2 0 0 1 0 4 0 1 0 0 0 0 0 0 0 0 0 0 0 0 0 0 0 0 0 20 2 0 0 0 0 
 0 0 28 1 31 0 2 0 5 2 1 0 3 0 73 1 2 33 2 0 0 0 8 0 0 62 0 0 0 3 0 0 0 0 0 0 0 0 0 0 126 428 168 161 77 66 139 0 137 166 92 103 199 189 46 168 181 33 26 403 8 5 4 0 0 0 5 6 2 3 3 9 8 2 2 2 7 2 5 0 0 0 9 6 0 0 0 0 23 0 15 0 0 18 0 0 0 0 0 0 0 0 0 0 0 0 0 0 0 0 0 0 0 0 0 0 0 0 0 10 11 18 24 15 9 2 1 0 9 1 0 15 0 7 7 1 11 0 0 0 0 0 0 0 0 0 0 0 0 14 0 0 0 0 0 0 0 0 17 10 0 0 0 0 0 0 0 20 1 0 73 0 0 4 0 0 9 16 0 0 0 0 0 0 0 1 0 0 0 0 0 0 0 0 0 5 0 0 20 0 1 19 0 0 6 10 0 11 10 0 6 28 0 10 15 24 20 26 0 0 0 6 0 0 0 0 0 5 4 4 0 0 0 0 4 0 0 2 1 11 0 0 0 0 0 0 0 0 72 0 0 10 0 1 0 0 0 0 0 0 0 0 2 0 2 2 0 0 0 0 0 14 0 0 0 0 0 0 0 0 0 0 0 0 10 14 0 0 0 0 
 2 0 0 0 0 0 0 0 0 0 0 1 0 0 0 0 0 0 0 0 2 0 0 0 0 0 2 0 0 0 0 210 2 0 0 0 3 0 1 0 27 186 71 238 342 47 247 137 0 272 124 130 113 79 95 181 71 298 129 272 0 0 0 0 0 0 0 2 0 0 0 1 0 0 5 0 0 0 0 0 0 0 0 0 0 0 0 0 0 0 0 0 0 0 0 0 0 0 0 15 0 0 0 0 0 0 0 0 0 0 1 0 1 0 0 0 0 0 0 0 12 11 9 27 21 25 11 0 11 22 11 15 0 0 10 7 2 35 0 2 17 5 0 0 0 0 4 19 0 0 0 0 25 18 0 0 1 0 17 27 0 0 0 0 0 0 0 0 0 0 0 0 0 0 0 0 0 0 0 0 0 0 0 3 0 0 0 0 0 0 0 0 0 0 0 0 0 0 0 0 10 12 53 19 40 13 0 0 3 9 59 13 0 1 4 24 10 22 0 0 2 2 0 0 0 0 16 5 0 0 27 0 9 0 0 0 0 10 6 39 0 0 0 0 0 0 0 0 0 2 0 2 0 0 0 0 0 2 0 1 0 0 1 0 0 11 2 0 0 0 0 0 0 0 0 0 0 0 0 0 0 0 13 0 37 0 0 8 0 3 
 0 0 0 0 0 0 0 0 0 0 0 0 0 0 0 0 0 0 0 0 405 64 0 0 0 0 0 2 4 1 2 2 0 3 4 0 5 0 0 0 254 195 145 151 298 89 275 166 272 0 219 323 121 128 321 212 271 115 78 118 0 0 0 0 0 2 0 0 0 0 0 0 0 0 0 0 0 0 0 2 0 0 0 0 0 0 0 0 0 0 0 0 0 0 0 0 0 0 0 0 8 0 5 0 7 0 0 1 0 4 0 0 0 0 0 0 2 0 1 0 49 14 3 20 31 0 0 0 18 11 10 0 0 6 1 0 13 1 0 0 1 20 0 0 0 0 11 19 1 0 0 0 0 1 0 9 0 0 21 17 0 0 0 0 0 0 4 0 8 8 0 0 0 3 0 0 0 0 0 0 0 0 0 0 0 39 1 1 0 0 11 0 0 19 0 11 0 0 0 0 0 14 0 0 23 11 0 4 9 6 13 53 0 1 18 13 0 26 0 3 0 28 0 0 0 0 0 12 0 0 0 0 10 0 0 0 0 0 0 32 0 0 12 0 0 0 0 0 0 0 0 1 0 0 0 0 0 0 0 13 0 0 1 1 0 4 0 64 0 0 0 0 0 0 0 0 0 0 0 0 0 0 0 0 9 0 0 11 2 0 
 0 0 0 0 0 0 0 0 0 0 0 0 0 0 0 0 0 0 0 0 4 2 6 2 2 2 2 2 2 2 2 2 2 2 2 2 2 2 2 2 39 319 116 334 131 99 376 92 124 219 0 204 256 91 69 204 130 227 76 282 0 0 0 0 2 0 4 2 0 5 0 0 0 0 1 0 0 0 0 0 15 0 0 0 0 0 0 0 0 0 0 0 0 0 0 0 0 0 0 0 0 0 0 0 0 0 0 0 0 0 0 0 0 0 0 0 0 0 0 0 13 31 10 3 1 38 21 0 0 10 0 89 0 0 2 15 16 0 0 0 8 1 10 10 0 0 26 0 7 0 0 0 14 0 0 1 11 0 0 14 21 0 0 0 0 12 0 0 0 0 0 0 0 0 0 0 0 0 0 0 0 0 0 0 0 18 5 0 0 0 0 0 0 0 0 0 0 0 0 0 43 38 18 14 20 11 0 14 0 0 40 22 15 0 41 20 15 21 0 0 9 0 0 0 0 0 15 33 0 10 0 15 8 0 0 0 0 25 0 12 0 0 0 0 0 0 0 0 0 0 0 0 0 0 0 0 0 0 1 0 0 1 63 0 1 14 1 4 2 0 0 0 0 0 0 0 0 0 0 0 0 0 0 0 0 0 0 3 1 0 
 0 0 0 0 0 2 3 6 0 2 0 0 2 1 2 0 0 6 0 0 202 0 0 2 2 0 0 0 0 3 0 210 2 0 0 0 3 0 0 0 59 250 102 188 277 68 94 103 130 323 204 0 37 25 94 61 104 130 29 47 0 0 0 0 6 0 36 2 0 6 0 0 57 66 6 0 0 0 4 0 0 0 0 0 0 0 0 0 0 0 0 0 0 0 0 0 0 0 0 0 0 0 0 0 0 0 0 0 0 0 0 0 0 0 0 0 0 0 0 0 0 1 19 36 43 33 0 0 12 18 9 34 0 0 0 32 0 11 0 0 3 2 13 0 0 0 31 8 0 0 0 0 31 13 9 20 14 7 0 10 0 0 7 1 0 0 0 0 0 0 0 0 0 0 0 0 0 0 0 0 0 0 0 0 0 0 0 0 0 0 0 0 0 0 0 0 0 0 0 0 0 1 0 9 34 27 0 0 30 13 34 25 0 0 0 17 0 15 0 0 8 0 10 10 0 0 49 24 0 7 0 0 12 30 0 0 3 17 4 16 0 0 0 0 0 0 0 0 0 0 0 0 2 0 0 0 0 0 0 16 0 0 2 2 0 0 0 0 0 0 0 0 0 0 0 0 0 0 0 0 0 0 0 0 12 0 0 7 2 0 
 3 3 3 3 3 3 3 3 6 3 3 3 3 3 3 5 3 3 6 3 19 66 0 81 29 1 0 0 2 2 126 0 0 0 3 0 56 0 0 0 351 76 174 151 297 23 397 199 113 121 256 37 0 181 99 130 55 164 132 76 2 0 0 0 0 0 0 4 0 2 2 0 3 0 0 0 0 4 0 52 0 0 0 0 0 0 2 0 0 0 0 0 6 0 0 0 0 0 0 0 0 0 0 0 25 14 0 0 0 0 1 16 0 1 0 0 1 0 0 0 22 22 35 0 19 0 0 0 0 0 0 18 4 0 7 17 21 0 0 0 0 0 0 0 0 0 0 0 0 0 0 0 0 0 0 1 0 0 0 0 0 0 0 0 0 0 4 0 0 0 0 0 0 0 0 0 0 5 0 0 0 0 0 0 6 29 0 0 8 0 4 9 0 0 0 0 1 0 0 0 20 25 0 0 18 11 0 17 10 19 31 11 9 0 40 44 10 15 7 8 0 0 0 0 0 0 0 0 0 0 0 0 0 0 0 0 0 0 0 0 0 0 10 0 0 0 0 0 0 26 0 8 0 1 0 0 0 0 62 1 0 0 83 0 3 1 2 64 1 0 0 18 0 0 0 0 0 0 0 3 0 0 0 0 0 7 0 0 0 0 
 0 0 0 0 0 0 0 0 0 0 0 0 0 0 1 0 0 0 0 0 0 2 0 0 0 56 0 0 0 0 0 0 0 0 0 0 0 0 0 0 56 76 135 139 100 41 139 189 79 128 91 25 181 0 145 162 165 25 73 208 0 0 0 0 0 0 0 0 0 0 0 13 0 0 0 0 0 0 0 0 0 0 0 0 0 0 0 0 0 0 7 0 0 0 0 0 0 0 0 0 0 0 0 0 0 0 0 0 0 0 0 0 0 0 0 0 0 0 0 0 4 28 10 9 6 0 15 48 7 15 25 31 0 7 25 12 14 15 0 0 0 0 0 0 0 0 0 3 0 0 0 0 10 0 0 5 0 0 24 15 0 0 0 0 0 0 0 0 1 0 0 0 0 4 0 0 0 0 0 0 0 0 0 0 27 20 0 0 0 0 0 0 0 0 0 0 0 0 0 0 20 30 26 0 3 0 17 43 0 0 1 2 2 23 37 42 7 1 0 0 0 1 0 0 0 0 0 0 0 0 0 0 0 0 0 0 0 0 0 0 0 0 0 0 0 0 0 0 0 0 0 15 0 2 0 0 0 0 0 2 0 0 13 0 2 2 2 0 0 0 0 0 0 0 0 0 0 0 0 0 0 0 0 0 11 9 0 0 0 0 
 0 0 0 64 0 6 0 0 32 0 0 0 0 0 0 0 1 0 0 0 4 3 3 3 8 8 3 3 3 3 76 8 3 3 3 4 10 3 3 204 206 138 134 344 82 104 315 46 95 321 69 94 99 145 0 225 135 33 141 175 0 71 0 0 0 1 0 2 0 0 0 1 5 0 0 0 0 0 0 0 0 0 0 0 0 0 0 0 0 0 0 0 0 0 0 0 0 0 0 0 0 0 0 25 2 14 0 0 0 0 22 7 0 0 0 0 0 0 0 0 36 5 11 0 21 9 9 0 5 27 9 20 7 0 21 16 21 8 0 10 7 0 0 0 0 0 1 0 0 0 0 0 14 0 0 8 0 0 0 0 0 0 0 0 0 0 1 0 0 1 0 0 0 0 0 0 0 2 0 0 0 0 0 0 0 20 0 0 0 0 0 2 0 0 0 0 2 0 0 0 52 7 18 0 6 10 9 11 4 2 0 20 10 1 5 1 20 11 1 14 0 0 0 0 0 0 0 0 0 0 0 0 0 0 0 0 0 22 0 0 0 0 20 0 0 0 0 0 0 0 0 5 0 0 0 0 0 0 66 12 0 0 66 0 0 0 3 63 0 0 0 0 0 0 0 0 0 0 0 0 0 0 0 0 12 11 0 0 0 0 
 0 0 0 0 0 0 3 0 0 1 0 0 0 0 0 4 0 0 0 0 1 0 4 2 8 3 0 8 0 3 33 6 0 2 0 0 0 0 0 0 113 137 218 378 115 133 95 168 181 212 204 61 130 162 225 0 185 123 14 66 0 0 0 0 0 2 0 2 0 1 0 1 24 50 0 0 0 2 1 0 0 0 0 0 0 0 0 0 0 0 0 0 0 0 0 0 0 0 0 0 0 0 0 0 0 2 0 0 0 0 0 0 0 2 0 0 0 0 0 0 43 25 11 20 24 19 8 0 3 39 19 69 4 3 13 23 23 0 0 0 3 0 0 0 0 0 33 0 0 0 0 0 12 0 0 15 20 0 13 40 0 0 0 0 7 0 0 0 7 0 0 0 0 6 0 0 0 0 0 0 0 0 0 0 0 10 0 0 0 0 0 0 0 0 0 0 0 0 0 0 37 27 0 0 30 18 2 11 3 11 18 95 9 2 15 19 18 10 0 3 3 21 0 0 0 0 0 19 0 0 0 0 0 0 0 0 0 13 0 4 0 0 20 0 0 0 0 0 0 0 0 4 0 0 0 0 0 0 0 2 0 0 68 0 0 1 1 65 0 0 0 0 0 0 0 0 0 0 0 0 0 14 0 0 0 12 0 13 0 0 
 0 0 0 0 0 0 6 0 0 0 0 0 4 0 0 2 0 0 0 20 3 3 3 3 67 89 3 3 3 4 3 3 3 3 3 3 4 3 3 3 75 185 73 111 53 87 522 181 71 271 130 104 55 165 135 185 0 51 78 563 0 0 0 0 0 0 0 1 0 0 0 15 1 33 0 0 0 0 0 0 0 0 0 0 0 0 0 0 0 0 0 0 0 0 0 0 0 0 0 0 0 0 0 0 0 0 0 0 0 0 0 17 0 0 0 0 0 0 0 0 0 1 39 16 0 0 3 0 16 27 17 24 0 3 6 0 7 11 0 0 3 2 0 0 0 0 0 2 0 3 0 0 0 0 0 47 10 0 21 11 0 0 0 0 0 0 0 0 26 0 0 0 0 3 0 0 0 0 0 0 0 0 0 0 58 0 0 0 0 0 0 0 0 0 0 0 0 0 0 0 24 3 0 0 5 1 22 92 14 2 0 19 0 1 18 20 12 0 0 9 0 12 0 0 0 0 3 0 0 0 0 0 6 0 0 0 0 0 4 0 0 0 0 0 0 0 0 0 0 0 0 3 0 0 0 0 0 0 1 0 0 1 1 0 3 4 1 1 0 0 0 0 0 0 0 0 0 0 0 0 0 5 4 0 6 8 0 0 2 0 
 2 2 1 3 2 1 3 3 3 7 1 2 3 3 2 5 3 3 2 2 0 0 0 0 2 0 0 0 5 4 0 0 0 0 0 1 0 0 0 0 241 130 161 68 43 36 66 33 298 115 227 130 164 25 33 123 51 0 335 94 0 0 1 0 0 8 12 0 0 2 0 2 19 0 2 0 0 2 2 6 0 0 0 0 0 0 0 0 0 0 0 0 0 0 0 0 0 0 0 0 0 0 0 0 0 0 0 0 0 0 0 0 0 0 14 0 0 0 0 0 23 50 30 13 34 8 12 0 7 1 0 1 0 7 15 11 26 1 0 0 56 20 49 0 0 0 22 0 0 0 7 0 0 4 0 0 0 9 8 7 0 0 0 0 0 0 0 0 0 0 0 0 0 0 0 0 0 0 0 0 0 0 0 0 0 0 0 0 0 0 0 0 0 0 0 0 0 0 0 0 13 31 8 9 9 21 0 7 24 6 12 46 0 10 12 48 18 53 0 0 7 0 4 0 0 0 0 23 0 0 0 0 15 0 0 8 0 61 0 14 0 0 20 0 0 0 0 0 0 0 0 16 0 0 0 0 0 0 0 11 0 0 1 2 0 0 0 62 0 0 0 0 0 0 0 0 0 0 0 0 0 0 0 0 13 0 0 20 2 0 
 2 2 2 2 2 4 2 2 2 2 2 2 2 2 2 2 4 2 2 7 2 0 0 33 126 0 0 65 0 0 62 29 0 0 62 63 0 63 0 0 126 17 26 73 74 44 98 26 129 78 76 29 132 73 141 14 78 335 0 139 0 0 0 0 0 0 55 5 4 1 1 0 0 0 0 6 0 0 6 2 0 0 0 0 0 0 0 0 0 0 0 0 0 0 0 0 0 0 0 0 0 0 0 0 8 17 0 0 0 21 9 19 0 0 0 0 0 0 0 0 21 23 0 0 0 20 32 0 1 20 7 0 0 21 9 7 0 0 0 14 0 0 0 0 0 0 0 4 0 1 4 0 0 0 0 7 0 0 0 1 12 0 0 0 0 0 0 0 0 0 0 0 0 0 0 0 0 0 0 0 0 0 0 20 0 24 0 0 0 0 37 14 0 0 0 0 8 0 0 0 29 13 15 10 0 0 26 18 0 0 22 1 19 12 13 0 42 0 0 0 0 0 0 0 0 0 0 9 0 0 0 0 0 0 0 0 0 0 0 0 0 0 0 0 0 0 2 0 0 0 0 9 0 0 0 0 0 0 0 0 0 0 1 0 0 44 1 0 1 0 0 0 0 0 0 0 0 0 0 18 0 0 0 0 0 5 21 0 1 0 
 63 0 0 0 2 0 3 0 0 0 0 0 0 0 62 0 0 0 0 0 2 2 2 64 71 63 2 2 2 2 2 2 2 2 2 2 2 2 2 2 73 142 142 62 84 278 204 403 272 118 282 47 76 208 175 66 563 94 139 0 0 4 0 0 0 0 0 1 2 0 0 6 7 0 0 0 7 0 7 0 0 0 0 0 0 0 0 0 0 0 0 0 0 0 0 0 0 0 0 0 0 0 0 0 0 0 0 0 0 0 0 10 0 0 0 0 0 0 0 18 0 9 46 0 0 30 11 0 15 10 7 16 0 3 7 10 1 1 0 0 0 0 0 0 0 0 15 0 8 7 0 0 0 0 0 15 0 0 15 0 0 0 0 0 0 0 0 0 0 0 0 0 0 0 0 0 0 0 0 0 0 0 0 0 19 1 0 0 0 0 0 0 0 0 0 0 0 0 0 0 22 5 32 1 0 0 18 3 0 6 0 6 2 13 6 31 23 0 0 4 0 7 0 0 0 0 0 8 4 4 0 0 0 7 4 0 10 0 0 4 0 0 0 0 0 0 0 0 0 0 0 2 0 0 0 0 0 1 0 0 0 0 2 0 0 0 0 0 0 0 0 0 0 0 0 0 0 0 0 0 0 0 0 0 0 6 0 0 2 0 
 0 0 0 0 0 0 0 0 0 0 0 0 0 0 0 2 0 0 0 0 2 2 4 0 29 0 0 0 0 0 0 53 0 54 0 0 0 0 48 0 0 0 0 0 0 8 0 8 0 0 0 0 2 0 0 0 0 0 0 0 0 136 132 46 25 129 400 98 257 160 290 59 162 118 380 101 74 155 50 95 0 0 0 0 0 0 0 0 0 0 0 0 0 0 0 0 0 0 0 0 0 0 0 0 0 0 0 0 0 13 0 0 0 0 0 0 0 0 0 0 0 0 0 0 0 26 0 0 0 0 0 0 0 0 0 0 0 0 0 0 41 5 27 14 8 3 23 0 25 21 28 0 0 17 22 0 10 18 0 1 0 0 4 0 6 0 0 0 0 0 0 0 0 0 6 0 0 0 0 0 0 0 0 0 0 0 0 0 0 0 0 0 0 0 0 0 0 0 0 0 0 0 0 0 0 0 0 0 0 0 0 0 0 0 0 0 0 0 0 0 21 29 32 18 8 0 20 4 7 13 7 0 21 24 17 25 57 22 7 35 0 0 0 0 0 0 0 0 0 0 0 0 0 62 7 0 0 0 0 0 0 0 0 0 0 0 0 0 0 0 8 2 0 1 4 0 0 0 0 0 0 0 0 0 0 2 0 0 0 0 
