 0 199 282 225 169 49 179 206 66 166 144 23 358 372 42 139 142 91 166 157 0 0 0 0 2 2 0 0 3 0 0 0 0 0 0 3 2 0 1 0 0 3 5 0 3 0 0 74 0 0 0 3 3 0 3 0 0 0 0 3 0 0 2 2 41 0 0 3 0 0 0 0 0 1 0 0 3 0 0 2 21 27 0 0 1 0 10 10 24 20 9 30 19 16 58 26 47 0 1 23 0 0 0 0 0 0 0 0 0 0 0 0 0 0 0 0 0 0 0 2 2 0 0 0 0 0 0 0 0 0 16 0 0 0 0 0 0 0 0 0 0 0 0 0 0 0 0 1 0 0 0 0 0 0 0 0 0 0 0 0 15 10 26 0 10 0 7 1 30 34 0 0 25 23 21 37 34 31 14 31 0 0 0 0 0 2 0 2 0 0 0 0 10 13 0 0 0 0 31 65 0 0 0 0 0 0 0 0 0 0 9 0 0 0 0 0 0 0 0 0 0 0 0 0 1 0 0 0 0 0 0 0 0 0 0 0 0 0 0 0 0 0 0 0 0 0 0 0 2 55 0 9 0 0 0 0 0 0 0 0 0 0 20 0 0 0 0 0 0 0 0 0 0 0 0 8 4 1 0 0 0 0 0 0 0 0 0 0 0 0 
 199 0 180 156 279 54 172 375 200 353 32 220 86 68 179 343 539 217 117 321 0 0 0 0 2 2 0 0 2 0 1 0 0 0 0 80 2 0 3 0 0 3 0 0 3 0 0 3 0 0 63 3 3 0 3 0 0 0 0 3 0 0 2 2 0 0 0 2 0 0 0 0 0 2 0 0 2 0 0 3 23 29 24 10 0 12 2 7 9 25 0 28 16 21 20 25 67 8 41 0 0 0 0 0 0 0 0 0 0 0 0 0 0 0 0 0 0 0 0 0 0 0 0 0 13 0 0 1 0 0 0 0 0 0 0 0 0 0 0 1 0 3 0 0 0 0 0 0 2 0 0 0 2 0 3 0 2 0 0 0 22 10 2 0 11 0 12 2 0 32 22 0 0 9 25 35 27 11 0 11 0 0 2 0 0 0 14 7 0 0 0 0 8 11 0 0 0 0 1 17 0 0 13 0 0 0 0 0 1 0 1 0 0 0 0 0 0 0 0 0 0 0 0 0 0 0 0 0 0 0 0 0 0 0 0 0 0 0 0 0 0 0 0 0 0 0 102 0 6 92 0 6 0 0 0 0 0 0 1 0 0 0 0 0 0 0 0 0 0 0 0 0 0 0 0 0 12 0 0 0 0 0 0 0 0 0 0 0 0 0 
 282 180 0 274 392 30 109 99 209 168 223 472 365 163 148 281 144 57 114 118 0 0 0 0 2 1 0 0 2 0 2 0 0 0 0 3 1 0 4 0 0 3 0 0 3 0 0 3 0 0 0 3 3 0 3 0 0 0 0 3 0 0 3 2 0 0 0 2 0 0 0 0 11 3 0 0 2 0 0 3 18 36 14 53 85 9 18 15 1 0 27 28 25 14 17 0 10 26 15 0 0 0 0 0 0 0 0 0 0 0 0 0 18 12 1 0 0 0 0 0 0 0 0 0 0 0 0 0 0 0 0 0 2 0 0 0 0 0 0 0 0 0 0 0 0 0 0 0 0 0 0 0 0 0 4 0 0 0 0 0 24 20 11 10 0 26 7 0 18 10 0 18 1 1 7 24 8 10 0 0 0 0 0 0 1 0 0 0 0 0 0 0 0 0 2 0 0 0 8 0 0 0 0 0 0 0 0 0 0 0 0 0 13 0 0 0 0 0 0 0 0 0 0 0 0 0 0 0 0 0 0 0 0 0 0 0 0 0 0 0 0 0 0 0 0 4 92 0 0 1 81 7 0 0 0 0 0 0 0 0 0 0 5 0 0 0 0 0 0 0 0 0 0 0 0 0 0 14 0 0 0 0 0 0 0 0 0 0 0 0 
 225 156 274 0 187 58 192 382 188 332 172 142 64 172 278 63 238 142 79 275 0 2 0 0 2 2 0 0 3 0 2 0 0 0 0 3 2 0 1 34 0 3 0 0 3 0 0 3 0 0 0 5 4 0 3 0 0 1 0 3 0 0 2 4 0 0 0 2 0 0 3 0 23 3 0 0 2 0 0 3 11 33 10 54 0 13 17 0 1 9 21 38 15 0 10 12 20 0 0 1 11 11 10 0 0 0 19 0 0 0 0 13 0 10 11 35 0 0 30 24 0 0 0 0 13 0 0 1 0 0 0 0 0 0 0 0 0 0 0 0 0 1 0 0 0 0 0 0 0 0 0 0 6 0 0 0 2 0 0 0 30 22 8 29 12 29 0 0 6 28 73 10 0 0 20 15 10 16 0 1 15 0 30 0 0 0 0 15 0 0 0 0 30 11 35 0 0 1 0 60 0 0 0 0 0 0 0 0 2 0 0 0 0 0 0 0 0 0 0 0 1 0 0 0 0 0 0 0 0 2 0 0 0 0 0 0 1 0 0 0 0 0 0 0 0 0 0 0 89 1 0 16 0 0 0 0 0 0 0 0 0 0 7 0 0 0 0 0 0 0 0 15 0 0 0 19 27 0 0 0 0 0 0 0 0 0 0 0 0 0 
 169 279 392 187 0 87 48 358 128 112 330 114 81 255 182 460 435 103 286 174 0 0 0 0 2 1 0 0 3 0 2 0 0 2 86 7 1 0 75 284 0 3 1 0 2 0 0 4 0 0 0 3 3 0 2 0 0 0 0 3 0 0 3 2 0 0 0 3 0 0 0 0 4 0 0 0 3 0 0 0 9 36 17 13 30 0 10 0 0 7 11 24 0 0 0 0 10 2 0 0 0 0 0 0 0 0 10 0 2 0 0 0 51 22 1 0 0 0 0 0 2 0 0 2 0 0 0 0 0 0 0 0 0 0 0 0 13 0 5 0 0 0 0 0 0 0 0 0 0 0 0 0 0 0 0 0 0 0 0 0 10 19 8 16 1 13 23 0 25 0 18 10 10 0 13 1 6 9 0 0 0 0 0 0 0 1 0 0 0 0 0 0 0 13 0 0 0 0 28 5 0 0 0 0 0 0 0 0 0 0 0 0 0 0 0 0 0 0 0 0 0 0 1 0 1 0 0 0 0 0 0 0 0 0 1 0 0 0 0 0 0 1 0 0 0 4 91 0 0 47 14 0 0 0 0 0 0 0 0 0 0 0 0 0 0 0 0 0 0 0 0 0 0 0 0 0 0 0 0 0 0 0 0 0 0 0 0 0 0 0 
 49 54 30 58 87 0 33 37 54 141 202 117 40 66 65 125 56 34 44 132 150 0 1 0 2 2 78 74 80 0 5 1 17 147 2 100 0 0 149 76 0 3 1 0 2 0 0 2 0 0 0 3 3 0 38 0 0 1 0 3 0 0 2 4 0 0 0 5 0 51 0 0 0 0 0 0 3 5 0 0 2 0 11 1 14 0 0 0 0 0 21 0 0 0 0 0 0 0 0 0 14 17 20 0 0 0 22 40 8 0 0 31 23 0 5 13 21 18 16 28 0 0 0 0 1 0 0 0 0 1 0 0 0 1 0 0 2 0 0 0 0 0 0 0 0 0 0 0 0 0 0 0 2 0 0 0 0 0 0 0 0 0 0 0 12 18 0 0 0 0 1 9 0 2 0 0 0 0 0 0 39 0 92 0 0 0 22 30 0 7 13 0 20 24 15 31 0 1 10 1 0 0 0 0 0 0 0 0 0 0 0 0 0 0 0 0 0 0 0 0 0 0 0 0 0 0 0 0 0 0 0 0 0 0 0 0 0 0 0 0 0 0 0 0 0 5 1 2 2 0 0 23 0 0 2 0 0 0 0 0 0 0 0 0 0 0 0 0 0 0 0 0 0 0 0 0 1 0 0 0 0 0 0 0 0 1 0 0 0 0 
 179 172 109 192 48 33 0 136 41 195 268 35 320 56 117 122 209 42 123 82 1 0 0 1 9 2 2 0 3 0 2 0 71 1 0 3 2 0 1 2 0 3 1 0 40 0 0 2 0 4 0 3 6 0 2 0 0 0 0 3 0 0 6 2 0 0 0 3 0 0 0 0 33 0 0 0 3 0 0 0 13 11 35 13 14 0 42 7 28 0 11 0 25 19 0 0 9 30 1 18 0 0 0 0 15 0 0 0 0 1 0 0 17 0 0 0 0 0 0 0 0 0 0 0 0 0 0 1 0 0 0 0 0 0 0 0 0 0 0 0 0 1 0 0 0 0 0 0 0 0 0 0 0 0 0 0 14 0 0 0 0 0 0 0 14 4 0 11 10 13 0 0 20 19 0 10 0 18 30 27 0 0 0 0 0 0 0 0 0 0 0 0 0 0 0 0 0 1 0 0 0 0 0 0 0 0 0 0 2 0 0 0 0 0 0 0 0 35 0 0 1 1 0 0 0 0 0 0 0 2 0 0 0 0 0 0 1 0 0 0 0 0 0 0 0 2 2 0 2 90 0 12 0 0 0 0 0 1 0 0 0 0 0 0 0 0 1 0 0 0 0 0 0 0 0 0 0 1 0 0 0 0 0 0 0 0 0 0 0 0 
 206 375 99 382 358 37 136 0 155 201 154 256 389 219 267 44 120 377 471 59 0 2 0 0 76 1 73 0 2 0 0 0 0 0 1 3 1 5 1 0 0 3 0 0 3 0 0 3 0 1 0 12 3 0 3 0 63 2 0 3 0 0 6 3 0 1 0 2 0 0 0 0 0 3 0 0 2 0 0 5 2 20 0 10 0 8 0 7 18 35 1 27 17 4 12 9 21 0 23 0 0 0 0 0 0 0 0 0 0 0 0 0 0 0 0 0 0 0 16 0 0 0 0 0 1 0 0 0 0 0 0 0 0 0 0 0 14 0 0 0 1 0 0 0 0 2 1 0 0 0 0 0 0 0 0 0 0 0 0 0 47 11 11 14 23 0 0 9 0 56 0 10 0 26 43 1 25 0 0 21 0 0 0 0 0 0 0 0 0 0 0 0 0 24 0 0 0 0 11 7 0 0 0 0 0 0 0 0 0 0 0 0 0 0 0 0 0 0 0 0 0 0 0 0 0 0 0 0 1 0 0 0 2 1 0 0 0 0 0 0 0 0 0 0 0 0 2 0 0 137 2 6 0 0 0 0 0 0 61 0 0 32 0 0 0 0 0 0 0 0 0 25 0 0 0 13 0 0 0 0 0 0 0 0 0 0 0 0 0 0 
 66 200 209 188 128 54 41 155 0 130 134 259 278 178 419 171 122 142 125 71 0 0 1 2 5 2 82 1 3 3 2 0 0 0 3 6 4 0 10 74 3 3 62 0 8 0 3 2 1 4 4 3 3 0 17 0 2 1 0 5 1 0 4 2 0 6 0 6 0 0 0 2 0 0 0 0 3 2 5 3 10 39 0 0 10 4 1 0 0 19 1 45 6 11 1 9 23 16 39 0 0 0 0 0 0 0 0 0 0 0 9 0 0 0 0 1 0 0 13 0 0 0 0 0 0 0 0 0 0 0 0 0 0 16 0 0 0 0 0 0 0 0 0 0 0 0 0 0 0 0 0 13 0 0 1 0 0 0 0 0 12 0 0 14 25 0 10 0 15 0 14 12 0 0 0 18 7 0 0 0 0 0 19 0 0 0 0 0 0 0 0 0 0 23 0 0 0 0 40 17 0 0 0 0 0 0 0 0 0 0 0 0 0 0 0 0 0 0 0 0 0 14 0 31 0 0 0 0 0 0 0 0 0 0 0 0 0 0 0 0 0 13 0 0 0 1 92 0 3 76 2 9 0 0 0 0 0 1 0 0 0 0 0 0 0 0 0 0 0 0 0 0 0 0 0 0 0 0 0 0 0 0 0 0 0 0 0 0 0 0 
 166 353 168 332 112 141 195 201 130 0 238 183 74 202 103 213 48 131 79 174 4 0 2 2 4 1 84 0 9 3 5 0 2 5 1 3 3 0 1 80 0 6 4 9 5 0 0 9 4 3 0 5 3 0 7 6 2 0 2 5 0 0 2 2 0 6 0 6 2 0 0 0 31 13 0 0 2 2 4 3 12 52 4 32 25 1 0 0 1 20 59 14 15 0 10 0 16 0 0 1 4 0 5 0 0 0 16 0 0 0 0 0 8 1 1 1 0 0 0 0 0 0 0 1 14 0 0 0 0 0 0 0 19 0 0 0 0 0 0 0 0 1 0 0 0 0 0 0 0 0 0 0 5 0 2 0 0 0 0 0 15 7 10 0 10 11 11 0 14 12 9 14 0 0 7 13 10 10 0 1 1 0 22 0 0 0 0 0 0 0 0 0 0 32 0 0 0 1 25 18 0 16 0 0 0 0 0 0 2 0 0 0 0 0 0 0 0 0 0 0 1 0 0 0 0 0 0 0 0 2 0 0 0 0 0 0 0 0 0 0 0 0 0 0 0 1 0 0 1 3 16 20 0 0 0 0 0 0 0 0 0 0 7 0 0 0 0 0 0 0 0 0 0 0 0 0 10 0 0 0 0 0 0 0 0 0 0 0 0 0 
 144 32 223 172 330 202 268 154 134 238 0 144 337 68 216 108 399 133 32 102 0 0 0 5 2 2 1 5 7 2 1 1 0 0 4 3 2 2 2 82 0 3 0 0 2 0 0 2 0 0 0 7 3 0 2 0 0 0 0 3 6 0 4 2 0 0 0 3 0 0 0 0 6 0 0 0 3 0 0 7 0 23 39 51 38 7 11 6 13 0 28 22 0 0 17 1 1 27 0 0 8 0 9 0 0 0 10 0 0 0 0 0 14 0 0 0 0 0 0 0 0 0 0 0 12 2 0 0 0 2 0 0 0 0 0 0 1 0 0 0 0 0 0 0 0 0 0 0 0 0 0 0 3 0 0 0 0 0 0 0 4 11 20 2 54 18 11 0 32 0 2 17 0 1 10 22 51 25 0 0 0 0 1 0 0 0 0 0 0 0 0 0 0 15 0 0 0 0 55 12 0 0 0 0 0 0 0 0 0 0 0 0 0 0 0 0 0 0 0 0 18 0 0 0 0 0 0 0 0 0 0 0 0 0 0 0 0 0 0 0 0 24 0 0 0 0 1 0 1 179 17 11 0 0 2 0 0 0 0 0 0 0 19 0 0 0 0 0 0 0 0 0 0 0 0 0 1 0 0 0 0 0 0 0 0 2 0 0 0 0 
 23 220 472 142 114 117 35 256 259 183 144 0 279 73 24 116 270 281 26 45 2 0 0 1 5 4 1 0 114 3 2 0 0 0 74 3 1 0 89 73 3 3 0 0 3 0 3 3 0 3 0 3 3 0 3 0 0 0 0 5 0 0 3 2 0 2 0 5 44 0 0 0 4 2 4 0 3 0 0 4 0 30 26 0 17 26 10 0 0 11 54 33 0 0 0 0 12 1 0 0 19 0 10 0 0 0 28 0 13 0 0 0 48 24 0 1 1 0 4 19 0 0 0 0 0 0 0 0 0 0 0 0 0 0 0 0 0 0 0 0 0 0 1 0 0 0 0 0 0 0 0 0 3 0 0 0 0 0 0 0 3 8 0 9 4 14 0 0 11 1 18 11 0 0 0 18 0 9 0 0 1 0 18 16 0 0 9 5 0 18 0 0 19 60 0 0 0 0 22 1 0 0 0 0 0 0 0 0 0 0 0 0 1 2 0 0 0 1 0 0 0 0 0 0 0 0 0 0 0 0 0 0 0 0 0 0 0 0 0 0 0 0 0 0 0 0 88 2 87 1 6 7 0 0 0 0 1 0 0 0 0 0 0 0 0 0 0 0 0 0 0 0 0 0 0 0 32 0 0 0 0 0 0 0 0 0 0 0 0 0 
 358 86 365 64 81 40 320 389 278 74 337 279 0 327 177 276 47 33 305 466 0 0 0 72 76 2 0 0 2 0 1 0 0 0 0 3 2 0 1 0 0 3 0 0 3 0 0 3 0 0 0 3 3 0 3 0 0 0 0 3 0 0 2 2 0 0 0 2 0 0 0 56 0 2 0 0 3 0 0 3 26 0 32 7 31 2 18 8 10 1 0 1 22 32 32 19 0 12 35 4 0 0 0 0 0 0 0 0 1 0 0 0 0 2 0 0 0 0 0 0 0 0 0 0 0 0 0 0 0 0 0 0 0 0 0 0 0 0 0 17 0 0 0 0 0 0 0 0 0 0 0 0 1 0 0 0 0 0 0 0 62 13 2 0 0 0 14 12 12 8 0 0 7 21 11 27 15 22 1 14 0 0 0 10 0 0 0 0 0 0 8 0 0 1 0 0 0 0 10 0 0 0 0 0 0 2 0 0 0 0 0 0 0 0 0 2 0 0 0 0 0 0 0 0 0 0 0 0 0 0 0 0 0 0 10 0 0 0 0 0 0 0 0 0 0 4 1 0 2 6 0 8 0 0 0 0 0 0 0 0 0 0 0 0 0 0 0 0 0 0 0 0 0 0 0 0 0 20 0 0 0 0 0 0 0 0 0 0 0 0 
 372 68 163 172 255 66 56 219 178 202 68 73 327 0 180 334 123 119 119 307 0 0 0 0 4 2 0 0 3 0 1 0 1 0 0 3 1 0 2 0 0 6 1 0 2 0 0 2 0 0 1 4 4 0 2 0 0 2 0 5 0 0 2 2 0 0 0 3 0 0 0 0 0 0 0 0 3 0 0 1 14 34 0 0 0 0 16 22 19 21 0 30 1 13 18 40 25 0 0 47 0 0 0 0 0 0 0 0 0 1 2 0 0 0 0 0 0 0 0 0 22 0 0 0 0 0 0 0 1 0 0 0 0 0 0 0 0 0 0 0 0 0 0 0 1 0 0 0 0 0 0 0 0 0 0 0 0 0 0 0 45 0 55 0 43 0 19 2 44 15 0 0 9 18 9 3 0 18 39 15 0 0 0 0 0 0 1 0 1 0 0 0 1 1 0 0 26 0 30 21 2 2 0 0 0 0 0 0 0 0 0 0 0 0 0 0 0 0 0 0 0 0 0 0 0 0 0 0 0 0 0 0 0 0 0 0 0 0 0 0 0 2 0 0 0 4 0 0 8 87 0 12 0 20 0 0 0 0 0 0 0 0 0 0 0 0 0 0 0 0 0 0 0 0 0 7 1 20 0 0 0 0 0 0 0 0 0 0 0 0 
 42 179 148 278 182 65 117 267 419 103 216 24 177 180 0 507 130 243 305 254 0 2 4 3 2 2 0 2 3 0 95 0 2 2 0 8 3 0 3 0 0 5 5 0 45 36 0 5 3 5 3 3 3 3 5 0 0 0 0 3 0 0 6 6 2 0 1 4 0 0 0 0 5 0 0 2 3 1 11 1 55 0 46 1 31 0 10 45 33 0 9 0 32 28 13 0 0 60 36 17 0 0 0 0 0 0 0 0 0 0 0 0 15 0 0 0 0 0 0 0 0 0 0 0 0 0 0 0 0 0 0 0 0 0 0 0 0 12 0 0 0 0 0 0 0 0 0 0 0 0 0 0 0 0 0 0 0 0 13 0 16 13 11 0 14 0 10 2 30 0 27 0 12 11 1 0 7 11 0 15 0 0 0 0 0 0 0 0 0 0 0 0 0 0 0 0 0 0 10 0 0 0 0 14 14 0 0 0 0 0 0 0 0 0 0 0 0 0 0 0 0 0 0 0 0 0 0 0 0 0 0 0 0 11 0 0 0 0 0 0 0 0 0 0 7 1 87 0 2 89 0 16 0 0 38 0 0 0 0 0 0 0 0 0 0 2 0 0 0 0 0 0 0 2 0 0 0 0 0 0 0 0 0 0 0 0 0 0 0 0 
 139 343 281 63 460 125 122 44 171 213 108 116 276 334 507 0 91 41 120 77 4 3 0 0 4 1 4 0 3 0 0 0 0 1 0 3 2 3 2 0 0 3 2 0 65 0 36 2 0 0 0 4 3 0 2 0 0 2 0 3 0 0 2 5 3 6 0 4 0 0 0 0 4 0 0 0 3 0 0 0 23 9 10 36 10 6 0 8 16 0 19 68 73 6 38 0 1 13 9 0 0 0 0 0 0 0 0 0 0 3 0 0 0 7 0 0 1 0 0 0 0 0 0 0 0 0 0 0 0 0 0 0 0 0 0 0 0 0 0 0 0 0 0 0 0 2 0 0 0 0 0 0 0 0 0 0 0 0 0 0 17 48 2 16 10 19 0 9 24 0 21 0 28 10 15 14 25 37 0 11 0 0 2 0 0 0 0 0 0 0 2 0 0 0 0 0 0 0 2 24 0 18 0 0 0 0 0 21 0 0 0 0 0 0 0 0 0 0 0 0 0 0 0 0 0 0 0 0 0 0 8 0 2 2 0 0 0 0 0 0 0 9 0 0 0 0 0 0 0 0 0 2 0 0 0 0 0 0 17 0 0 0 10 0 0 0 0 0 0 0 0 0 0 0 0 0 0 14 0 0 0 0 0 0 0 0 0 0 0 2 
 142 539 144 238 435 56 209 120 122 48 399 270 47 123 130 91 0 164 38 124 0 0 2 0 7 3 0 0 7 1 2 2 0 0 0 7 3 2 4 20 3 3 3 6 7 6 9 2 3 6 0 3 3 0 4 3 0 3 0 5 0 7 56 4 2 4 0 6 4 51 6 0 8 3 1 4 16 0 0 1 2 11 12 0 35 74 20 0 0 36 28 23 0 1 0 37 12 8 0 0 0 19 0 0 0 0 0 0 10 0 0 0 20 7 0 9 0 27 9 15 0 0 0 0 0 1 0 0 0 1 0 0 0 0 0 0 18 0 0 0 0 0 0 0 0 0 0 0 0 9 0 0 0 0 0 0 0 0 0 0 7 25 18 27 16 17 2 0 18 28 34 13 0 1 50 1 2 16 0 0 12 0 1 0 0 0 0 1 0 0 0 0 36 0 0 0 0 0 15 12 0 1 0 0 0 0 0 0 0 0 0 0 0 0 0 0 0 0 0 0 0 0 0 0 0 1 0 0 0 0 0 0 0 0 0 0 0 0 0 0 0 1 0 0 0 2 46 1 86 4 0 3 2 0 0 0 0 0 0 0 0 0 0 0 0 2 0 0 0 0 1 0 0 0 0 0 25 0 0 0 0 0 0 0 0 1 0 0 0 0 
 91 217 57 142 103 34 42 377 142 131 133 281 33 119 243 41 164 0 24 39 0 2 2 2 2 2 26 0 3 0 7 0 2 2 74 5 4 0 79 173 3 36 0 0 3 0 0 3 2 2 2 3 3 0 3 0 0 0 0 3 0 0 2 2 37 0 0 2 0 0 0 0 0 26 0 0 2 0 0 3 0 10 0 15 0 54 0 0 0 25 0 14 0 0 1 15 8 0 0 0 9 0 0 0 0 0 7 0 13 12 0 0 14 34 15 0 0 0 0 2 2 0 0 2 15 0 0 0 0 0 14 0 0 0 1 0 0 0 0 0 0 0 0 0 0 0 0 1 0 0 0 0 3 0 0 0 0 0 0 0 6 0 14 12 1 12 0 0 0 10 33 36 0 0 1 10 0 0 0 0 0 0 16 0 0 0 7 5 0 0 0 0 23 41 0 0 0 0 57 35 0 0 0 0 0 0 0 0 0 0 0 0 0 0 0 0 0 0 0 0 0 0 1 0 0 0 0 0 0 0 0 0 0 0 1 0 0 0 0 0 0 0 0 0 0 3 87 0 93 52 0 10 10 0 0 0 0 0 0 0 0 0 0 0 0 2 0 0 0 0 0 0 0 2 0 10 19 0 0 0 0 0 0 0 0 0 0 0 0 0 
 166 117 114 79 286 44 123 471 125 79 32 26 305 119 305 120 38 24 0 98 0 3 0 0 2 1 0 0 5 0 0 0 0 0 0 3 1 0 0 0 0 6 0 0 66 0 0 3 0 3 2 6 3 2 4 0 0 0 3 3 0 51 2 2 5 5 0 2 0 0 0 0 0 2 0 0 2 0 0 3 21 22 13 0 0 0 9 15 20 16 0 31 28 25 0 0 50 21 39 23 0 0 0 0 0 0 0 0 0 0 0 0 0 0 0 0 0 0 0 0 0 0 0 0 0 0 0 0 0 0 0 0 0 0 0 0 0 0 0 0 0 0 0 0 0 0 0 0 0 0 0 0 0 0 4 0 0 0 0 3 14 18 26 0 0 0 26 12 0 0 0 0 26 41 0 20 10 10 27 29 0 0 0 0 0 0 0 0 0 0 0 0 0 0 0 0 0 0 0 20 0 0 0 0 0 0 0 0 0 0 0 0 0 0 11 0 0 0 0 0 0 0 0 0 0 0 0 0 0 0 0 0 0 0 0 0 0 0 0 0 0 0 0 0 0 0 44 0 0 0 0 4 0 0 0 0 0 0 0 0 0 0 0 0 0 0 0 0 0 0 1 0 0 0 0 21 0 0 0 0 0 0 0 0 0 0 0 0 0 2 
 157 321 118 275 174 132 82 59 71 174 102 45 466 307 254 77 124 39 98 0 0 2 0 0 2 2 0 0 3 0 0 0 2 0 0 3 1 2 1 0 0 3 0 0 2 92 60 2 0 0 0 3 3 0 2 0 0 0 0 3 0 0 2 2 0 0 0 3 0 0 0 0 0 0 0 0 3 0 0 1 27 0 22 9 12 0 11 1 30 1 2 0 0 2 5 10 0 24 27 9 0 0 0 0 0 0 0 0 0 0 0 0 2 0 0 0 0 0 0 0 0 0 0 0 0 0 0 0 0 0 0 0 2 0 0 0 21 0 0 0 0 0 0 0 0 0 0 0 0 0 0 0 0 0 0 0 12 0 0 0 23 11 91 0 0 4 18 17 7 27 11 0 0 7 30 32 27 0 0 13 0 0 0 0 1 0 0 0 0 0 2 0 0 0 2 0 0 0 14 0 0 0 0 0 0 0 0 0 0 0 0 0 0 0 0 0 0 0 2 0 0 2 0 0 0 0 0 0 0 0 0 0 0 0 0 0 0 0 1 0 0 0 0 0 0 1 1 0 4 1 16 10 0 0 0 0 0 0 0 0 0 0 0 0 0 0 0 0 0 0 0 0 0 0 0 14 0 0 0 0 0 0 0 0 0 0 0 0 0 0 
 0 0 0 0 0 150 1 0 0 4 0 2 0 0 0 4 0 0 0 0 0 285 342 45 400 56 220 463 47 122 122 33 60 206 29 114 25 28 65 138 3 0 1 2 0 3 3 2 0 0 2 1 1 4 84 0 2 0 0 0 3 0 0 0 0 0 0 0 0 3 0 0 0 0 1 0 0 3 0 3 0 0 0 0 0 0 0 0 0 0 18 0 0 0 0 0 0 0 7 0 17 19 1 11 9 1 22 27 29 35 0 3 20 30 52 11 52 30 16 1 0 0 0 0 0 0 12 0 0 0 0 0 0 0 0 0 0 0 0 29 0 0 0 0 0 0 0 0 0 0 0 0 0 0 0 0 0 0 7 0 0 0 0 5 0 23 0 0 0 0 5 17 0 0 0 0 0 0 0 24 23 9 16 0 0 0 1 2 15 17 19 9 1 0 14 20 31 33 14 11 1 0 0 0 0 0 10 0 0 0 0 0 15 0 0 0 0 0 39 0 0 0 0 0 0 0 0 0 0 0 0 0 0 0 0 0 0 0 0 0 0 0 0 0 0 0 0 0 0 0 0 0 0 0 14 0 4 4 0 3 15 15 0 0 0 0 12 0 0 0 0 0 0 0 0 0 0 0 0 0 0 0 0 0 0 0 11 0 0 0 
 0 0 0 2 0 0 0 2 0 0 0 0 0 0 2 3 0 2 3 2 285 0 208 59 128 47 251 211 479 184 403 111 53 152 121 136 269 127 132 131 3 0 0 207 2 3 3 0 0 0 0 0 0 3 0 0 2 1 28 0 2 5 0 15 0 0 0 9 0 3 1 0 0 0 2 6 0 3 0 3 0 0 1 0 0 0 0 0 0 0 0 0 0 2 0 0 0 0 0 0 27 24 10 0 0 25 26 11 12 12 19 0 0 11 7 0 19 1 9 17 0 0 0 0 0 0 0 1 0 0 0 0 15 0 0 0 2 0 0 26 0 0 0 0 0 0 0 0 0 14 0 0 0 0 0 0 0 0 6 0 12 0 0 8 0 0 14 0 0 0 0 15 0 0 0 0 0 2 0 0 21 29 1 31 9 3 18 7 85 7 0 40 12 0 18 34 25 7 0 0 0 0 0 0 0 0 0 11 0 0 0 0 11 0 17 0 0 0 23 0 0 0 0 0 0 0 15 0 0 0 0 0 0 0 0 1 0 0 0 0 0 0 7 0 0 0 0 0 0 0 0 0 0 0 17 1 1 0 80 4 20 11 0 0 0 0 0 0 0 0 0 0 0 0 0 0 0 1 0 0 0 0 0 0 0 0 0 0 0 0 
 0 0 0 0 0 1 0 0 1 2 0 0 0 0 4 0 2 2 0 0 342 208 0 344 201 188 99 193 65 109 153 191 117 116 131 132 129 92 75 109 6 0 0 3 7 2 6 0 207 0 2 1 56 3 1 0 2 0 62 0 3 0 0 0 0 0 12 0 0 10 0 1 0 0 0 0 0 3 0 3 0 0 0 0 0 0 0 0 0 0 1 0 0 0 0 0 0 0 0 0 17 0 20 18 40 22 17 11 34 16 13 32 13 34 54 8 0 0 7 12 0 0 0 0 0 0 0 13 0 0 3 0 10 13 0 0 0 0 0 24 0 1 18 11 0 0 0 0 0 5 0 0 0 0 0 0 0 0 0 0 0 0 0 9 0 1 0 0 0 0 0 0 0 0 0 0 0 0 0 6 1 25 0 16 19 0 0 9 31 4 0 39 14 10 12 13 7 11 0 18 6 0 0 0 0 0 10 12 22 0 0 0 4 0 15 0 11 0 18 0 0 6 0 0 0 0 0 0 0 0 0 0 0 0 0 0 0 0 0 0 0 0 0 0 0 0 0 0 2 0 0 0 0 0 9 0 0 179 0 2 20 1 0 0 0 0 1 0 0 0 0 0 0 0 0 0 0 0 0 11 0 18 0 0 0 0 36 0 0 0 
 0 0 0 0 0 0 1 0 2 2 5 1 72 0 3 0 0 2 0 0 45 59 344 0 176 352 80 201 151 122 274 39 269 280 282 100 539 108 51 41 27 0 0 3 2 3 29 87 0 0 1 26 74 3 128 3 2 0 61 24 3 0 0 0 0 0 12 0 1 6 0 25 0 0 0 0 0 2 0 6 0 0 0 0 0 5 0 0 0 0 0 0 0 0 0 0 0 0 0 0 1 1 0 18 36 0 1 0 0 12 28 2 0 0 0 0 0 0 0 0 43 51 21 0 0 0 14 7 28 2 14 4 19 10 0 0 17 0 20 32 0 0 0 0 0 0 0 0 0 0 0 0 0 0 0 0 3 1 0 0 0 0 0 0 0 0 0 0 0 0 0 0 1 0 0 0 0 0 0 0 0 12 0 0 24 23 0 0 0 0 9 0 0 0 0 0 11 7 0 0 20 0 0 0 0 0 32 0 25 0 1 0 31 0 8 22 31 0 14 23 0 0 0 0 2 0 0 0 0 0 0 0 0 0 0 0 0 0 0 1 0 0 0 0 0 2 0 0 0 0 0 0 0 0 6 2 0 79 1 0 2 0 0 0 0 0 0 0 0 0 0 0 0 0 0 0 0 0 0 0 0 18 0 0 1 0 0 0 0 0 
 2 2 2 2 2 2 9 76 5 4 2 5 76 4 2 4 7 2 2 2 400 128 201 176 0 367 152 138 232 62 338 275 283 152 316 79 134 340 69 89 77 0 0 3 4 3 3 62 3 2 3 1 54 3 3 61 2 0 12 0 3 0 0 0 2 0 3 0 0 3 69 0 0 0 0 0 0 2 2 3 0 0 0 0 0 0 0 0 0 0 0 0 0 0 0 0 0 0 2 0 12 1 19 10 23 38 12 9 0 28 0 1 0 9 6 0 0 1 0 0 0 0 1 0 0 0 32 37 0 0 0 20 10 13 45 1 2 0 17 41 0 0 0 0 0 1 1 0 0 0 2 0 0 0 0 0 8 0 4 0 0 0 0 3 0 0 0 0 0 0 0 0 0 0 0 0 0 0 0 0 0 11 0 8 0 10 0 0 32 51 10 10 0 17 0 14 0 7 0 0 16 17 27 0 1 0 1 23 0 10 0 0 12 0 14 0 18 0 12 0 0 0 0 0 0 0 2 0 0 0 0 0 0 0 0 0 0 0 0 0 0 0 14 0 0 0 0 0 0 0 0 0 0 0 4 0 2 124 5 0 9 0 0 0 0 0 8 0 0 0 0 0 0 0 0 0 0 0 0 0 0 5 0 0 10 0 12 0 0 0 
 2 2 1 2 1 2 2 1 2 1 2 4 2 2 2 1 3 2 1 2 56 47 188 352 367 0 65 22 110 161 89 135 53 71 62 89 137 72 269 43 52 64 0 2 0 3 3 62 63 0 0 0 62 3 73 0 2 0 18 63 2 0 0 0 0 0 3 0 0 7 0 0 0 0 2 0 0 3 0 3 2 0 0 0 0 0 0 0 0 0 0 0 0 0 0 0 0 0 0 0 0 0 14 0 20 12 0 0 0 0 15 10 0 0 1 0 0 0 0 0 0 18 24 0 0 8 30 9 18 0 4 13 30 13 16 0 31 0 36 12 1 0 0 0 0 0 0 0 0 0 0 0 0 0 0 0 0 0 0 0 0 0 15 0 0 0 2 12 1 0 0 0 0 0 0 4 0 0 2 0 1 0 0 13 0 23 0 0 0 1 6 0 0 0 0 0 0 0 0 2 12 0 9 0 0 0 7 15 8 22 0 0 10 23 19 19 1 0 17 25 0 0 0 0 0 0 0 0 0 0 0 0 0 0 0 0 0 0 0 0 0 0 0 0 0 0 0 0 2 0 0 0 0 0 5 0 0 76 73 0 5 0 0 0 0 0 0 0 0 0 0 0 0 0 0 0 0 0 0 0 0 12 0 0 0 0 1 0 0 0 
 0 0 0 0 0 78 2 73 82 84 1 1 0 0 0 4 0 26 0 0 220 251 99 80 152 65 0 258 284 32 355 48 91 104 139 189 47 42 30 107 3 0 0 3 1 9 3 0 0 0 0 7 0 3 63 0 36 0 0 0 3 0 0 0 0 3 0 0 0 3 0 0 0 15 0 0 0 5 0 6 0 0 0 0 0 44 0 0 0 0 1 0 0 0 0 0 0 0 0 0 34 23 0 0 9 16 21 14 19 16 0 2 9 29 41 0 29 13 1 3 0 0 0 0 0 0 0 0 0 0 0 0 7 0 0 0 0 0 0 9 0 0 0 2 0 0 0 0 0 16 0 2 0 0 0 0 0 2 5 0 0 0 0 6 0 8 0 0 0 2 13 0 0 0 11 0 0 0 0 6 13 9 30 29 7 0 1 12 34 0 1 31 15 9 8 24 35 13 0 37 0 0 0 0 0 0 0 0 0 0 44 1 12 0 0 0 0 0 31 0 0 0 0 0 1 0 0 0 0 0 0 0 0 0 0 0 0 0 0 0 0 0 0 0 0 1 0 0 0 0 0 0 10 0 12 1 0 3 0 0 21 10 0 0 0 0 0 0 0 0 0 0 0 0 0 0 0 0 0 1 0 0 0 0 0 0 0 0 0 0 
 0 0 0 0 0 74 0 0 1 0 5 0 0 0 2 0 0 0 0 0 463 211 193 201 138 22 258 0 163 125 401 282 97 223 157 214 498 134 254 52 3 7 0 3 2 3 3 0 0 0 9 1 0 3 1 0 5 0 6 0 3 0 0 0 0 0 3 0 0 3 0 0 0 0 0 0 0 5 0 3 0 0 0 0 0 7 0 0 0 0 1 0 0 0 0 26 0 0 0 0 0 3 14 17 0 18 1 0 0 22 2 12 0 11 1 0 33 18 0 0 0 0 1 0 2 0 12 0 0 2 0 0 31 0 0 0 0 0 0 8 0 0 0 0 0 0 0 0 0 0 0 0 0 0 0 0 5 0 4 0 0 0 0 1 0 0 0 0 0 0 0 0 1 0 0 0 0 0 0 0 3 21 0 8 11 12 1 9 17 58 7 41 0 15 0 7 34 40 10 0 0 0 0 0 0 0 30 10 0 0 0 0 45 0 9 16 0 0 33 0 0 0 0 0 0 0 0 0 0 0 0 0 0 0 0 0 0 0 0 1 0 0 12 0 0 2 1 0 0 0 0 0 0 0 12 1 0 100 1 2 0 2 0 0 0 0 0 0 0 0 0 0 0 0 0 0 0 0 0 19 0 0 0 0 0 0 0 0 0 0 
 3 2 2 3 3 80 3 2 3 9 7 114 2 3 3 3 7 3 5 3 47 479 65 151 232 110 284 163 0 164 33 263 76 89 188 71 191 285 148 418 6 0 0 3 2 3 6 1 1 3 0 1 0 3 0 0 2 0 51 2 3 0 1 0 0 2 0 3 0 3 0 0 1 4 0 19 0 3 0 4 0 0 0 2 10 0 0 0 0 0 13 0 0 7 0 0 0 0 0 0 10 6 10 13 0 4 44 0 21 13 51 0 20 13 13 14 1 12 19 9 0 12 8 0 0 0 2 7 1 0 0 0 12 0 0 0 13 1 3 9 0 0 0 0 0 2 0 0 0 0 0 0 0 0 0 0 0 0 0 0 0 0 0 3 11 0 0 0 0 0 0 14 0 0 0 0 0 0 0 0 10 28 16 18 16 1 24 9 0 6 0 0 0 3 18 18 10 8 13 0 0 0 0 0 0 0 0 8 0 0 0 0 8 1 0 12 0 36 0 0 0 0 0 0 0 0 0 0 0 0 0 0 0 0 0 0 0 0 0 0 0 0 11 0 0 0 0 0 0 0 0 0 0 0 14 0 0 0 23 0 16 0 0 0 0 0 0 0 0 0 0 0 0 0 0 0 0 0 0 0 0 0 0 0 0 13 0 0 0 0 
 0 0 0 0 0 0 0 0 3 3 2 3 0 0 0 0 1 0 0 0 122 184 109 122 62 161 32 125 164 0 152 35 45 169 187 163 56 184 65 66 8 1 0 3 1 3 74 0 0 68 0 1 0 4 0 0 2 0 120 2 3 0 1 0 0 2 7 3 0 17 0 0 2 2 0 0 0 2 0 4 0 0 0 0 0 0 0 0 0 0 0 0 0 0 7 13 0 0 0 0 0 37 0 0 6 10 0 9 0 0 22 24 1 25 0 0 12 0 0 0 0 19 0 0 0 0 22 9 0 0 1 0 9 0 1 0 22 0 1 0 0 0 14 0 0 0 0 0 0 0 0 0 0 0 10 0 0 0 4 0 0 0 0 9 0 0 0 1 0 0 0 0 5 0 0 0 0 0 0 0 12 8 0 67 13 0 0 0 41 0 0 26 12 0 0 9 7 0 0 0 19 37 0 0 0 0 9 86 15 6 0 0 61 0 8 0 2 0 30 18 0 0 0 0 0 0 0 0 0 0 0 0 0 0 0 0 0 0 0 0 0 0 15 0 0 0 0 0 0 0 0 0 0 0 18 0 3 2 43 0 2 11 0 0 0 0 0 0 0 0 0 0 0 0 0 0 0 0 0 0 0 0 0 0 0 0 0 0 0 0 
 0 1 2 2 2 5 2 0 2 5 1 2 1 1 95 0 2 7 0 0 122 403 153 274 338 89 355 401 33 152 0 151 120 88 62 66 110 96 121 110 6 0 2 2 6 5 3 3 0 2 2 0 0 3 2 0 5 0 1 0 2 0 0 0 3 3 0 0 25 3 0 0 6 0 2 0 0 3 0 3 0 0 0 0 0 0 0 0 0 0 0 0 0 0 0 0 0 0 0 0 6 0 13 14 18 8 10 25 14 31 1 21 7 31 13 0 15 0 0 0 0 0 2 0 0 0 10 0 0 0 0 0 0 0 0 0 0 0 0 34 0 0 3 0 0 0 0 0 0 2 0 0 0 0 0 0 0 0 5 0 0 0 0 4 0 0 0 0 0 0 0 0 0 0 0 0 0 0 0 21 10 36 0 9 1 0 0 13 55 26 13 41 12 12 10 11 20 15 13 12 0 0 0 0 11 0 0 0 0 0 0 0 19 0 16 0 0 0 22 0 0 0 0 0 0 0 0 0 0 0 0 0 0 0 0 0 0 0 0 0 0 0 0 0 13 0 1 0 3 0 0 0 0 0 10 2 2 3 0 1 19 11 0 1 0 2 10 0 0 0 0 0 0 2 0 0 0 0 0 0 0 19 0 0 0 0 2 0 0 0 
 0 0 0 0 0 1 0 0 0 0 1 0 0 0 0 0 2 0 0 0 33 111 191 39 275 135 48 282 263 35 151 0 149 102 40 146 88 104 100 34 68 28 2 6 3 6 68 62 6 0 24 68 0 6 65 0 4 63 7 2 3 3 47 0 41 0 0 0 0 6 0 0 0 0 49 2 0 6 0 3 0 0 0 0 0 0 0 0 0 0 0 0 0 0 0 0 0 0 0 0 0 0 30 17 20 17 0 1 17 0 14 12 0 14 13 1 10 0 5 11 0 8 32 0 0 0 29 8 11 0 7 12 25 9 9 0 0 0 29 3 0 10 0 0 0 0 0 0 0 0 8 0 0 0 0 0 0 0 0 0 0 11 0 0 0 0 0 2 0 0 0 0 0 0 0 0 0 0 0 13 8 29 0 8 0 35 14 9 18 10 11 30 1 15 6 12 18 13 29 0 0 0 0 11 0 0 0 27 0 8 0 0 0 13 11 12 12 0 10 9 0 0 0 16 0 0 0 0 0 0 0 0 0 0 0 0 0 0 0 0 0 0 9 0 0 1 0 0 0 0 0 0 0 0 12 0 0 72 1 0 1 0 0 0 0 0 0 0 0 0 0 0 0 0 0 0 0 0 0 20 0 1 0 0 0 0 0 0 0 0 
 0 0 0 0 0 17 71 0 0 2 0 0 0 1 2 0 0 2 0 2 60 53 117 269 283 53 91 97 76 45 120 149 0 169 178 165 46 321 359 57 3 202 3 3 5 5 3 0 0 205 0 1 0 6 0 0 204 0 0 0 3 0 0 0 3 0 3 0 0 3 0 32 0 9 0 1 0 2 0 3 0 0 0 2 0 60 0 2 0 0 0 0 0 0 0 0 0 0 1 0 80 0 39 13 10 0 13 32 13 11 14 77 0 16 27 28 0 6 27 2 0 0 0 0 0 0 0 0 0 0 0 0 2 0 0 0 0 7 0 0 0 0 5 0 0 2 0 0 0 11 1 0 0 1 0 0 0 0 2 0 0 0 0 0 0 0 0 0 0 0 0 25 0 0 0 0 0 0 0 2 0 66 13 14 23 0 8 23 15 8 21 33 45 5 39 24 17 24 0 12 0 0 0 0 0 0 0 0 0 0 0 0 0 0 0 0 0 0 0 0 0 0 10 0 0 0 1 0 0 0 0 0 0 0 0 0 0 0 2 0 0 0 0 0 0 0 0 0 0 0 0 0 9 0 6 0 2 79 0 1 1 0 0 0 0 0 0 0 0 0 0 0 0 0 0 0 0 0 0 18 0 13 0 0 0 0 0 0 0 0 
 0 0 0 0 2 147 1 0 0 5 0 0 0 0 2 1 0 2 0 0 206 152 116 280 152 71 104 223 89 169 88 102 169 0 62 65 57 25 184 159 3 0 0 3 12 3 5 3 6 4 6 1 0 3 4 1 2 0 0 0 3 0 0 25 4 0 0 0 0 3 0 0 0 0 0 6 0 2 0 3 0 0 0 0 0 0 0 0 0 0 12 0 9 0 0 0 0 0 0 0 6 8 47 25 66 41 27 18 53 14 18 56 19 0 0 13 17 44 10 3 0 0 0 0 0 0 0 1 0 0 0 0 0 0 0 0 0 0 0 7 0 0 0 0 0 0 0 0 0 0 12 0 0 0 0 0 0 0 3 0 0 0 0 0 0 13 0 0 0 0 1 20 0 0 0 0 0 0 0 25 31 58 0 0 0 2 25 11 12 38 16 10 1 11 1 54 15 1 0 23 0 0 0 0 0 0 10 0 0 0 0 0 11 0 17 0 0 0 9 0 0 0 0 0 0 0 0 0 0 0 10 0 0 0 0 0 0 0 0 0 0 0 0 0 0 0 0 0 0 0 0 0 0 0 9 0 2 0 0 1 0 12 0 0 0 0 0 0 0 0 0 0 0 0 0 0 0 0 0 0 0 18 0 0 0 0 0 0 0 0 
 0 0 0 0 86 2 0 1 3 1 4 74 0 0 0 0 0 74 0 0 29 121 131 282 316 62 139 157 188 187 62 40 178 62 0 173 75 173 161 126 3 0 0 3 2 7 3 0 0 1 0 1 3 53 2 0 2 2 0 0 3 0 1 1 0 0 0 0 0 3 0 0 3 6 0 0 0 11 0 3 0 0 2 0 1 14 0 0 0 0 0 0 0 0 0 1 0 0 0 0 0 24 9 23 0 0 25 2 28 0 46 16 23 9 25 20 23 0 15 9 0 0 0 0 0 0 0 0 0 0 0 1 16 0 0 0 0 0 0 0 19 1 6 0 0 0 0 0 0 7 0 0 0 0 0 0 2 0 0 0 0 0 0 1 0 0 0 0 0 0 4 15 0 0 0 2 0 1 0 1 0 18 3 1 27 2 21 76 11 11 0 0 24 0 20 1 11 19 1 0 2 0 0 0 0 0 13 0 0 0 0 0 12 0 0 0 0 0 0 0 0 0 0 0 0 0 0 0 0 0 0 0 0 0 0 0 0 0 0 0 0 0 0 0 0 0 0 0 0 0 0 0 9 0 3 2 2 2 1 0 2 2 0 0 0 0 0 0 0 0 0 0 0 0 0 0 0 2 0 0 0 0 0 0 0 0 0 0 0 0 
 3 80 3 3 7 100 3 3 6 3 3 3 3 3 8 3 7 5 3 3 114 136 132 100 79 89 189 214 71 163 66 146 165 65 173 0 179 390 504 74 5 0 1 5 4 9 3 0 2 0 0 4 0 3 28 3 2 0 0 2 8 0 50 0 0 0 0 3 0 3 3 0 0 0 0 3 3 3 0 3 0 0 0 0 0 0 0 0 0 1 0 0 0 0 0 0 0 0 0 0 0 7 12 28 16 0 0 13 20 1 34 26 0 1 20 2 18 11 6 42 2 2 0 0 29 0 0 0 2 5 0 0 0 0 0 20 0 0 2 0 0 0 20 0 0 0 0 0 0 5 0 0 0 0 0 0 0 0 8 0 0 0 0 0 0 8 0 0 0 0 0 0 0 1 0 0 0 0 0 0 21 14 8 19 25 11 25 40 24 0 20 17 21 0 12 17 39 18 24 0 13 0 0 0 0 0 10 12 0 0 0 0 13 0 0 0 0 0 18 0 0 0 0 0 0 0 0 0 0 0 0 0 4 2 0 0 0 0 0 0 0 0 0 0 0 0 0 0 0 0 0 0 0 0 5 0 0 75 1 2 2 11 0 0 0 0 0 0 0 0 0 0 0 0 0 0 0 0 0 11 0 0 0 0 0 0 0 0 0 0 
 2 2 1 2 1 0 2 1 4 3 2 1 2 1 3 2 3 4 1 1 25 269 129 539 134 137 47 498 191 56 110 88 46 57 75 179 0 172 43 87 66 0 0 3 1 3 67 1 0 0 1 1 28 3 0 2 2 0 63 67 3 0 0 0 0 3 0 0 0 4 0 0 0 0 0 0 0 2 0 3 0 0 0 0 0 0 0 0 0 0 2 0 0 0 0 19 0 0 0 0 0 0 0 19 1 6 2 13 0 24 18 10 0 0 0 0 0 14 0 0 5 20 10 0 0 0 1 6 15 2 0 0 15 8 0 0 0 0 1 8 0 0 0 0 0 0 0 0 0 0 0 0 0 0 0 0 4 2 0 0 0 0 0 1 0 0 0 0 0 2 0 0 1 0 0 0 0 0 0 0 0 22 18 24 14 27 0 10 13 12 11 8 0 0 0 0 2 9 0 13 19 0 0 0 0 0 27 12 0 0 0 0 30 10 0 11 0 0 0 0 0 8 0 0 1 0 0 0 0 0 0 0 0 0 0 0 0 0 0 1 0 0 0 0 0 1 1 0 0 0 0 0 0 0 9 1 0 77 2 4 1 0 0 2 0 0 9 0 0 0 0 0 0 0 0 0 0 0 0 0 0 7 0 0 0 14 10 0 0 1 
 0 0 0 0 0 0 0 5 0 0 2 0 0 0 0 3 2 0 0 2 28 127 92 108 340 72 42 134 285 184 96 104 321 25 173 390 172 0 329 126 3 0 0 3 1 3 3 0 1 0 2 1 1 5 0 0 2 0 131 0 3 0 0 4 1 0 54 3 1 3 0 0 0 0 0 0 0 2 0 3 0 0 1 0 0 0 0 0 0 0 0 0 0 2 0 0 0 0 0 0 0 13 0 23 0 0 0 15 7 11 38 14 0 15 8 10 10 16 12 4 0 10 0 0 0 0 33 8 13 0 0 0 0 0 0 0 11 0 49 0 0 0 3 0 0 0 0 1 0 2 0 0 0 0 0 0 1 0 0 0 0 0 0 0 0 0 0 0 0 0 0 0 10 0 0 1 0 2 0 0 3 0 12 24 18 15 11 27 18 13 29 16 1 0 50 0 9 35 17 0 7 14 0 0 0 0 13 8 0 0 0 0 30 0 0 1 0 0 23 29 0 0 0 0 0 0 0 0 0 0 0 0 0 0 0 1 0 0 0 0 0 0 1 0 0 0 0 0 0 0 0 0 0 2 5 4 1 1 156 1 0 0 0 0 0 0 8 0 0 0 0 0 0 0 0 0 0 1 0 0 0 0 0 0 0 18 0 0 0 0 
 1 3 4 1 75 149 1 1 10 1 2 89 1 2 3 2 4 79 0 1 65 132 75 51 69 269 30 254 148 65 121 100 359 184 161 504 43 329 0 174 3 0 0 3 0 3 3 0 0 0 0 1 0 3 66 1 3 0 0 0 3 0 0 0 0 0 0 4 0 3 0 0 3 3 0 14 0 3 4 6 0 0 0 0 0 22 0 2 0 0 11 0 0 0 0 0 0 0 0 0 30 25 0 24 0 0 4 9 46 0 29 18 13 12 27 0 10 13 10 11 0 0 0 0 0 0 0 0 0 0 0 0 2 0 0 0 0 0 0 0 0 0 4 0 18 0 0 0 0 7 0 0 0 0 0 2 0 0 2 0 0 0 0 0 0 22 0 0 0 0 1 11 0 0 0 14 0 0 0 0 14 20 22 9 14 16 24 25 10 0 0 10 22 8 21 21 3 28 0 0 0 0 0 0 2 0 0 0 0 0 0 0 0 0 0 0 0 0 0 0 0 0 0 0 0 0 0 1 0 0 0 2 0 0 0 0 2 0 2 0 0 0 1 0 0 0 0 0 0 1 0 0 0 0 2 2 0 0 0 4 4 0 0 0 0 0 0 0 0 0 0 0 0 0 0 0 1 0 0 0 0 0 0 0 0 0 0 0 0 0 
 0 0 0 34 284 76 2 0 74 80 82 73 0 0 0 0 20 173 0 0 138 131 109 41 89 43 107 52 418 66 110 34 57 159 126 74 87 126 174 0 3 0 0 3 0 3 3 0 0 0 0 1 0 3 0 0 2 0 0 0 3 0 0 0 0 0 0 0 0 3 0 0 0 0 0 6 0 3 0 3 0 0 14 18 13 0 0 0 0 24 21 0 0 0 0 16 0 0 0 0 41 14 17 0 0 0 61 12 59 25 14 0 14 15 19 11 12 0 38 16 0 0 0 0 12 0 0 0 0 0 0 0 15 0 30 0 0 0 0 16 0 0 0 2 0 0 0 0 0 0 0 0 6 0 0 0 0 2 0 0 0 0 1 34 0 35 0 0 0 2 2 100 1 0 0 0 0 0 0 2 21 28 0 0 0 1 13 7 0 0 0 0 0 20 14 25 3 9 12 13 0 0 0 0 0 0 0 0 0 0 0 0 0 0 0 0 0 0 19 0 0 0 0 0 1 0 0 0 0 0 0 0 0 0 0 0 0 0 0 0 0 0 0 0 0 1 64 0 0 0 0 0 0 0 4 0 2 1 0 0 30 2 0 0 0 0 0 0 0 0 0 0 0 0 0 19 0 0 0 0 0 0 0 0 0 0 0 0 0 1 
 0 0 0 0 0 0 0 0 3 0 0 3 0 0 0 0 3 3 0 0 3 3 6 27 77 52 3 3 6 8 6 68 3 3 3 5 66 3 3 3 0 186 91 42 249 49 152 144 209 72 35 50 190 113 233 44 87 35 32 223 0 0 0 9 0 0 0 0 17 0 0 0 9 0 0 0 0 17 0 0 0 0 0 0 0 0 0 0 2 0 0 0 0 0 0 2 0 0 0 0 0 0 0 0 28 8 0 0 0 0 0 0 0 0 0 0 0 0 0 0 1 24 30 9 13 12 15 1 24 4 28 21 1 35 17 25 15 0 19 29 0 0 1 0 0 0 1 0 0 0 0 0 0 0 0 0 3 0 12 0 0 0 2 0 0 0 0 10 0 0 0 0 0 0 0 10 0 0 0 0 0 0 0 0 0 8 0 0 0 0 8 1 0 0 0 0 0 0 0 0 25 0 56 0 1 22 0 16 10 45 0 12 0 31 17 29 9 12 0 21 16 0 0 0 0 0 0 0 0 0 0 0 10 0 0 4 0 0 18 6 0 0 0 0 0 2 0 0 0 0 0 0 0 2 0 0 0 62 1 0 0 0 3 0 0 1 4 0 0 0 0 0 0 0 0 0 0 0 0 0 0 18 4 0 0 26 0 0 0 0 
 3 3 3 3 3 3 3 3 3 6 3 3 3 6 5 3 3 36 6 3 0 0 0 0 0 64 0 7 0 1 0 28 202 0 0 0 0 0 0 0 186 0 456 107 74 40 219 328 75 479 99 263 110 117 61 165 523 93 40 119 0 0 0 7 7 3 0 0 0 45 0 0 59 0 0 0 0 0 0 53 0 0 0 0 5 0 0 0 0 0 0 0 0 0 0 0 0 0 19 0 0 0 0 0 0 4 0 0 0 0 0 0 0 0 0 0 0 0 0 0 0 7 15 8 0 7 7 0 10 16 7 22 0 0 35 10 0 16 4 0 21 0 0 0 37 0 0 0 22 0 0 0 8 34 0 0 0 13 0 4 0 0 0 0 0 0 0 5 0 0 0 0 0 0 0 0 0 0 0 0 0 0 0 3 0 2 0 0 0 0 0 0 0 0 0 0 0 0 0 2 9 0 6 19 0 0 0 0 0 43 70 9 0 47 0 10 0 13 0 6 0 12 0 0 0 0 0 21 0 0 0 0 0 18 0 0 0 0 13 22 0 0 0 0 0 0 0 0 0 0 0 4 2 0 0 0 0 0 3 0 0 0 1 0 3 1 0 0 0 0 21 0 0 0 0 0 0 0 0 0 0 0 0 0 0 9 0 6 0 0 
 5 0 0 0 1 1 1 0 62 4 0 0 0 1 5 2 3 0 0 0 1 0 0 0 0 0 0 0 0 0 2 2 3 0 0 1 0 0 0 0 91 456 0 483 61 29 125 180 243 52 185 265 116 218 71 277 279 168 52 406 0 0 0 6 0 1 0 0 3 52 0 0 0 2 5 0 26 0 0 51 0 0 0 0 0 3 0 0 0 0 0 0 0 0 0 0 0 0 0 0 0 0 0 0 0 0 9 0 0 0 0 0 0 0 0 0 0 0 0 0 1 0 0 22 8 1 0 4 34 1 0 0 0 0 7 39 0 11 2 0 29 1 36 0 3 0 0 5 0 0 0 5 12 0 0 2 0 7 0 0 0 0 0 0 0 0 0 0 1 0 0 0 0 0 14 0 0 0 0 12 0 0 0 0 0 0 0 0 0 0 0 0 0 0 0 0 0 0 0 0 0 0 19 4 0 35 0 0 0 22 7 17 0 12 10 11 0 14 0 8 0 16 0 1 3 2 0 6 0 3 0 1 1 8 0 0 8 1 18 12 0 0 0 0 0 0 0 0 0 0 0 3 0 0 0 0 0 0 0 10 0 0 67 1 2 22 3 0 2 1 1 0 0 0 2 5 0 0 0 0 0 0 0 0 0 16 0 10 0 0 
 0 0 0 0 0 0 0 0 0 9 0 0 0 0 0 0 6 0 0 0 2 207 3 3 3 2 3 3 3 3 2 6 3 3 3 5 3 3 3 3 42 107 483 0 107 42 106 78 169 106 415 88 63 163 48 88 194 135 60 95 2 1 1 1 0 0 7 5 2 59 0 0 7 1 0 2 0 8 59 63 0 0 0 0 0 0 0 0 0 0 0 0 0 0 0 0 0 0 0 0 0 10 0 12 0 0 0 0 0 0 0 0 0 0 0 0 0 0 0 0 0 0 0 42 13 28 0 0 0 15 0 0 0 0 0 0 0 36 0 0 25 24 0 1 6 0 20 1 0 6 6 0 12 24 20 0 10 4 0 52 19 0 18 10 20 0 4 0 3 0 0 0 0 0 0 0 0 0 6 1 0 0 0 0 0 0 0 0 0 0 0 0 0 0 0 0 0 0 0 0 0 0 10 40 0 12 0 0 0 10 52 1 0 1 10 0 9 23 0 0 27 31 1 7 1 1 2 2 7 9 0 0 32 15 7 0 10 0 9 78 0 0 0 0 0 0 0 0 0 0 0 0 0 0 0 0 1 0 0 19 0 0 68 0 1 3 3 66 0 0 11 0 0 0 0 0 0 0 0 0 0 0 0 0 0 13 0 6 0 0 
 3 3 3 3 2 2 40 3 8 5 2 3 3 2 45 65 7 3 66 2 0 2 7 2 4 0 1 2 2 1 6 3 5 12 2 4 1 1 0 0 249 74 61 107 0 142 47 93 91 91 92 84 79 60 65 162 61 43 271 342 36 2 2 2 4 0 0 48 0 0 0 0 102 71 0 1 0 0 50 102 0 0 14 4 0 4 0 0 14 10 19 0 13 0 0 0 0 19 1 0 0 0 5 10 19 15 0 7 0 11 0 9 0 0 0 9 0 0 0 0 0 0 0 0 0 19 0 0 0 43 0 0 0 0 0 0 0 0 0 2 0 12 0 0 1 0 15 0 17 0 0 12 15 4 0 5 0 0 15 9 0 0 0 0 7 0 0 3 0 0 0 0 7 1 0 0 1 9 7 0 0 4 0 0 0 0 0 0 0 9 11 2 0 5 10 9 12 3 0 9 0 0 0 19 11 0 0 0 0 0 0 9 0 0 1 0 0 0 0 0 2 0 18 30 1 0 0 11 1 0 0 0 30 6 18 18 0 0 0 29 11 0 0 0 0 0 0 0 0 0 0 7 0 1 0 0 0 3 0 9 0 18 0 0 5 0 0 0 2 0 12 0 0 0 0 0 0 0 0 0 0 8 0 0 0 0 0 0 10 0 
 0 0 0 0 0 0 0 0 0 0 0 0 0 0 36 0 6 0 0 92 3 3 2 3 3 3 9 3 3 3 5 6 5 3 7 9 3 3 3 3 49 40 29 42 142 0 25 40 71 265 91 154 41 244 246 75 280 38 63 55 110 49 0 87 50 0 53 0 0 1 0 0 8 51 51 59 53 50 60 0 0 0 0 0 0 0 0 0 0 0 0 0 0 0 0 0 0 0 0 0 0 0 0 0 0 0 0 0 0 0 0 0 0 0 0 0 0 0 0 0 0 0 0 0 0 0 0 0 0 0 0 0 0 0 0 11 0 0 0 0 0 17 0 0 0 0 0 34 58 20 0 9 0 0 18 1 33 65 31 7 0 0 0 0 0 0 0 0 0 2 0 0 0 0 0 0 0 1 0 0 0 0 0 0 0 0 0 0 0 0 0 0 0 0 0 0 0 0 0 0 0 0 0 6 1 1 0 0 0 0 0 0 0 5 0 0 6 0 0 0 1 0 55 50 0 0 9 13 20 36 1 54 19 0 0 0 0 0 0 23 7 0 0 0 0 0 0 0 0 0 0 2 0 2 0 0 0 0 0 0 0 0 0 6 0 0 3 0 4 0 0 0 0 0 0 0 0 0 0 0 0 0 2 0 0 0 0 0 2 0 
 0 0 0 0 0 0 0 0 3 0 0 3 0 0 0 36 9 0 0 60 3 3 6 29 3 3 3 3 6 74 3 68 3 5 3 3 67 3 3 3 152 219 125 106 47 25 0 185 65 35 104 34 206 209 92 53 101 19 121 197 0 0 0 8 0 16 0 0 0 202 0 0 0 0 0 0 0 50 0 0 0 0 0 0 0 0 0 0 0 0 0 0 0 0 0 0 0 0 0 0 0 0 0 18 1 14 0 0 0 14 12 0 0 0 0 0 0 0 0 0 44 58 1 1 0 14 14 0 32 0 7 3 0 0 52 10 0 0 14 0 0 0 0 0 0 0 0 0 0 0 0 0 0 0 0 9 0 3 0 0 0 0 0 0 0 0 0 0 0 0 0 0 4 0 0 0 0 0 0 0 0 0 0 0 0 26 0 0 0 0 0 15 0 0 0 0 0 0 0 0 8 34 18 0 0 10 9 0 0 23 10 0 9 41 10 30 6 12 0 19 0 0 0 0 0 0 0 0 0 0 0 0 9 1 0 0 0 0 1 0 0 0 1 0 0 0 0 0 0 0 0 2 0 0 0 0 0 0 64 0 0 0 67 0 0 1 0 0 0 0 0 0 0 0 0 0 0 0 0 0 0 0 0 0 7 3 0 0 0 0 
 74 3 3 3 4 2 2 3 2 9 2 3 3 2 5 2 2 3 3 2 2 0 0 87 62 62 0 0 1 0 3 62 0 3 0 0 1 0 0 0 144 328 180 78 93 40 185 0 359 280 98 40 146 154 79 447 95 32 71 276 0 0 0 0 4 0 0 0 0 0 7 0 0 0 0 0 0 0 1 0 0 0 0 0 0 0 0 0 0 0 0 0 0 0 0 0 0 0 0 11 0 0 0 0 21 11 0 0 0 0 0 0 0 0 0 0 0 0 0 0 1 0 20 19 0 11 7 12 32 0 0 25 0 12 10 7 12 28 19 1 24 0 0 0 0 7 10 0 0 0 0 19 0 13 20 0 0 0 12 0 0 0 0 0 0 0 0 0 5 0 0 0 0 0 0 0 0 0 0 0 0 0 0 0 0 2 0 0 0 0 0 0 0 0 0 0 0 0 0 0 1 26 8 12 14 27 0 9 0 7 66 29 5 0 3 9 45 13 0 9 0 1 0 10 0 0 10 11 0 0 0 0 0 13 0 0 1 0 20 0 0 0 10 0 0 0 0 0 0 0 0 2 0 1 0 0 1 0 0 0 0 0 0 0 1 18 0 1 2 0 0 0 0 0 0 0 0 0 0 0 0 1 0 0 12 0 0 0 0 0 
 0 0 0 0 0 0 0 0 1 4 0 0 0 0 3 0 3 2 0 0 0 0 207 0 3 63 0 0 1 0 0 6 0 6 0 2 0 1 0 0 209 75 243 169 91 71 65 359 0 289 83 97 149 80 155 189 80 42 71 90 3 7 5 0 0 0 2 1 0 46 0 0 0 1 0 7 0 0 6 64 0 0 0 0 0 0 0 0 0 0 0 0 0 0 0 0 0 0 0 0 0 0 0 0 0 0 0 0 0 0 33 0 0 0 0 0 0 0 0 0 31 0 38 44 8 62 0 0 0 34 28 14 0 16 0 2 25 6 0 13 7 0 0 27 7 0 22 0 11 1 0 0 16 27 0 0 3 7 6 5 0 0 0 0 7 0 0 3 0 0 0 0 0 0 0 4 0 0 0 0 0 0 0 0 0 2 0 0 0 0 0 0 0 0 0 0 0 0 0 0 2 0 3 13 29 9 0 11 31 0 1 41 2 21 21 2 0 24 0 15 0 38 0 0 0 1 26 21 4 1 0 0 0 45 0 0 11 0 51 8 0 0 0 0 0 0 0 0 0 0 0 0 0 0 0 0 0 0 0 1 3 0 1 1 1 4 3 65 0 0 24 0 0 0 0 0 0 0 0 0 0 0 0 0 0 13 0 0 0 0 
 0 0 0 0 0 0 4 1 4 3 0 3 0 0 5 0 6 2 3 0 0 0 0 0 2 0 0 0 3 68 2 0 205 4 1 0 0 0 0 0 72 479 52 106 91 265 35 280 289 0 194 501 50 342 300 177 564 49 132 268 0 0 51 0 0 0 0 0 0 51 0 0 0 0 0 0 0 0 0 0 0 0 0 0 0 0 0 0 0 0 0 0 0 0 0 20 0 0 0 0 0 0 0 0 1 0 0 0 0 0 0 0 0 0 0 0 0 0 0 0 11 7 14 6 48 37 0 0 1 10 41 20 0 29 11 20 20 17 1 0 0 0 1 0 0 0 17 0 0 0 0 0 0 13 0 0 0 0 10 0 0 0 0 6 0 0 0 9 0 0 0 0 0 0 0 5 0 0 0 0 0 0 0 0 0 9 0 0 0 0 0 0 0 0 0 0 0 0 17 0 29 23 18 12 28 14 0 2 33 1 46 32 0 1 13 8 1 35 0 8 0 1 0 0 0 0 10 17 0 0 0 0 10 13 0 0 1 0 23 0 0 0 17 0 0 0 0 0 0 0 0 10 0 2 0 0 0 0 0 0 0 0 1 64 66 0 1 2 0 0 0 0 0 0 0 0 0 0 0 0 0 3 0 0 2 0 0 0 0 0 
 0 63 0 0 0 0 0 0 4 0 0 0 0 1 3 0 0 2 2 0 2 0 2 1 3 0 0 9 0 0 2 24 0 6 0 0 1 2 0 0 35 99 185 415 92 91 104 98 83 194 0 437 24 106 46 290 184 190 30 265 0 0 0 0 0 208 0 0 0 0 0 0 0 0 0 0 0 0 1 50 0 0 0 0 14 0 0 0 0 0 0 0 0 0 0 0 0 0 0 0 0 0 0 0 0 0 0 0 0 0 0 0 0 0 0 0 0 0 0 0 1 1 9 27 0 9 0 9 21 0 0 0 0 0 0 19 1 40 0 16 28 1 0 0 0 0 19 0 0 0 0 0 21 11 15 0 0 4 0 3 0 11 0 0 0 0 0 0 7 0 0 0 0 0 0 0 0 8 0 9 0 0 0 0 0 0 0 0 0 0 0 0 0 0 0 0 0 0 0 0 0 0 32 9 0 34 0 0 0 19 25 49 0 9 20 0 7 52 0 0 0 48 0 0 0 0 7 0 0 0 0 0 20 38 0 0 23 0 25 9 0 0 0 0 0 0 0 0 0 0 0 2 0 2 0 0 0 0 0 0 0 0 8 0 3 23 1 63 2 0 0 0 0 0 0 0 0 0 0 0 0 3 0 0 13 0 0 12 0 0 
 3 3 3 5 3 3 3 12 3 5 7 3 3 4 3 4 3 3 6 3 1 0 1 26 1 0 7 1 1 1 0 68 1 1 1 4 1 1 1 1 50 263 265 88 84 154 34 40 97 501 437 0 252 38 59 100 100 96 235 47 22 53 0 0 0 0 0 52 0 0 0 0 49 53 0 0 0 0 149 54 0 0 0 0 0 0 0 0 0 0 0 0 0 0 0 0 0 0 0 0 0 0 0 0 0 0 0 0 0 0 0 0 0 0 0 0 0 0 0 0 0 0 16 6 0 29 0 0 0 0 0 11 0 0 0 13 9 9 0 0 0 1 0 0 0 0 30 8 22 29 0 0 16 14 0 3 19 0 21 21 0 9 0 0 14 0 0 0 0 0 0 0 0 0 0 0 0 0 9 3 0 0 0 0 0 0 0 0 0 0 0 0 0 0 0 0 0 0 0 0 0 11 0 39 12 29 0 7 0 0 10 10 0 7 0 0 6 5 0 0 0 1 21 24 0 0 11 12 19 0 14 16 27 30 7 0 1 0 6 24 0 0 9 0 0 0 0 0 0 0 0 5 0 1 0 0 0 0 0 11 0 21 0 0 2 2 2 0 4 0 0 0 0 0 0 0 0 0 0 0 0 0 2 0 0 0 0 1 0 0 
 3 3 3 4 3 3 6 3 3 3 3 3 3 4 3 3 3 3 3 3 1 0 56 74 54 62 0 0 0 0 0 0 0 0 3 0 28 1 0 0 190 110 116 63 79 41 206 146 149 50 24 252 0 78 47 98 131 15 86 151 3 2 1 3 2 0 0 0 0 0 4 0 3 0 0 0 0 0 0 50 0 0 0 0 9 0 0 0 0 0 0 0 0 0 0 0 0 0 0 0 0 3 0 0 19 10 0 0 0 7 0 0 0 0 0 0 0 0 0 0 15 0 3 0 0 0 6 14 5 10 6 20 0 12 29 12 7 0 20 22 0 0 0 0 0 4 1 0 0 0 0 4 9 0 0 0 6 0 0 0 0 0 0 0 0 0 0 8 0 0 0 0 0 0 0 3 0 0 0 0 0 0 0 0 0 8 0 0 0 24 2 0 0 0 0 0 0 0 0 0 23 15 30 0 1 1 4 0 12 15 0 0 2 1 10 14 25 12 0 1 0 0 3 0 0 0 0 0 0 0 0 0 0 0 0 0 0 0 0 0 0 0 0 0 0 0 0 0 0 0 0 3 0 1 0 0 0 23 0 0 0 0 0 64 0 0 0 0 0 0 0 0 0 0 0 0 0 0 0 0 0 19 0 0 9 6 0 0 0 0 
 0 0 0 0 0 0 0 0 0 0 0 0 0 0 3 0 0 0 2 0 4 3 3 3 3 3 3 3 3 4 3 6 6 3 53 3 3 5 3 3 113 117 218 163 60 244 209 154 80 342 106 38 78 0 153 32 251 42 142 95 0 0 0 0 0 0 0 0 3 1 0 0 0 0 0 0 2 0 0 0 0 0 0 0 0 0 0 0 0 0 0 0 0 0 0 0 1 0 8 0 0 0 0 0 1 0 0 0 0 0 0 0 0 0 0 0 0 0 0 0 15 6 0 31 6 4 0 8 4 0 1 6 1 0 0 8 0 7 16 1 9 0 0 0 5 0 10 0 0 0 0 0 0 30 0 0 0 22 0 0 0 0 0 0 0 0 0 0 0 0 0 0 0 0 0 0 0 0 0 0 0 0 0 0 1 0 0 0 0 0 0 0 0 0 0 0 0 0 0 0 0 0 27 0 10 19 0 0 0 21 0 32 0 11 19 0 1 10 0 17 0 0 0 0 0 0 0 0 0 0 0 0 31 20 0 0 0 0 40 19 0 0 0 0 0 0 0 0 0 0 0 3 0 0 0 0 2 0 0 2 0 0 6 1 34 6 0 0 0 0 0 0 2 0 0 0 0 0 0 0 0 0 0 0 13 7 0 0 0 0 
 3 3 3 3 2 38 2 3 17 7 2 3 3 2 5 2 4 3 4 2 84 0 1 128 3 73 63 1 0 0 2 65 0 4 2 28 0 0 66 0 233 61 71 48 65 246 92 79 155 300 46 59 47 153 0 139 461 283 79 285 2 2 2 0 0 0 0 2 5 1 0 52 0 0 0 7 0 0 1 5 0 0 0 0 0 0 0 0 0 0 0 0 0 0 0 0 0 0 0 0 0 20 0 0 23 10 1 0 0 10 0 0 0 0 8 0 8 13 0 8 22 21 12 0 0 0 0 0 45 24 11 10 0 24 24 0 16 0 25 12 0 0 0 0 0 0 0 0 0 0 0 0 0 7 0 0 0 0 0 0 0 0 0 0 0 14 0 0 0 0 0 0 0 0 0 1 0 0 0 0 0 0 22 0 11 24 8 9 0 0 2 13 18 0 2 0 0 4 0 0 0 17 19 0 0 0 13 18 15 0 0 0 8 21 25 23 36 9 0 15 0 0 0 0 0 1 0 0 0 0 0 0 0 0 0 0 0 0 0 0 0 0 0 0 0 0 0 0 0 31 0 7 0 0 0 0 0 0 0 0 0 0 0 66 3 0 4 0 2 0 0 0 0 0 0 0 0 0 0 0 0 0 0 0 10 0 0 0 0 0 
 0 0 0 0 0 0 0 0 0 6 0 0 0 0 0 0 3 0 0 0 0 0 0 3 61 0 0 0 0 0 0 0 0 1 0 3 2 0 1 0 44 165 277 88 162 75 53 447 189 177 290 100 98 32 139 0 115 142 23 83 50 2 2 4 0 0 0 0 0 51 2 0 0 0 0 1 0 0 50 98 0 0 3 0 0 0 0 0 0 0 0 0 0 0 0 0 0 0 0 0 0 0 0 0 23 8 0 0 0 0 0 0 0 0 0 0 8 0 0 0 34 0 12 16 1 9 0 16 0 14 0 66 0 0 19 0 3 68 20 0 0 0 0 0 2 0 9 0 5 0 0 0 0 9 10 8 0 0 1 25 0 0 0 3 4 0 3 0 1 0 0 0 0 0 0 0 0 0 3 0 0 0 0 0 0 0 0 0 0 0 0 0 0 0 0 0 0 0 0 0 0 29 0 8 27 18 8 0 0 0 25 13 9 0 0 0 29 20 0 0 5 0 0 0 0 0 0 54 0 0 34 0 10 1 15 0 0 0 3 9 0 0 3 0 0 1 0 0 0 0 0 66 0 0 0 0 0 0 0 9 0 0 1 0 2 1 0 0 0 0 21 0 0 0 0 0 0 0 0 0 0 0 0 0 8 0 0 0 0 0 
 0 0 0 0 0 0 0 63 2 2 0 0 0 0 0 0 0 0 0 0 2 2 2 2 2 2 36 5 2 2 5 4 204 2 2 2 2 2 3 2 87 523 279 194 61 280 101 95 80 564 184 100 131 251 461 115 0 71 239 351 0 57 0 5 0 0 0 0 0 1 0 0 0 0 0 0 0 1 0 0 0 0 0 0 0 0 0 0 0 0 0 0 0 0 0 0 11 0 0 0 0 0 0 0 0 0 0 0 0 0 0 0 0 0 0 0 0 0 0 0 0 0 0 15 7 0 0 9 34 0 0 0 0 1 18 19 0 9 0 0 11 0 0 0 31 0 14 0 0 0 0 0 0 15 9 0 0 13 0 0 12 0 0 0 0 0 0 0 2 0 0 0 0 0 13 0 0 0 0 0 0 0 0 0 0 0 0 0 0 0 0 0 0 0 0 0 0 0 0 0 0 0 14 0 19 18 0 1 1 11 9 25 0 27 4 16 7 55 0 11 0 0 0 0 0 0 0 11 0 0 0 0 13 10 0 0 0 0 39 25 0 0 1 0 0 0 0 0 0 0 0 4 20 0 0 0 0 0 0 0 0 0 32 0 4 15 3 0 0 0 0 0 0 0 0 0 0 0 0 0 0 0 0 0 10 16 0 1 0 1 
 0 0 0 1 0 1 0 2 1 0 0 0 0 2 0 2 3 0 0 0 0 1 0 0 0 0 0 0 0 0 0 63 0 0 2 0 0 0 0 0 35 93 168 135 43 38 19 32 42 49 190 96 15 42 283 142 71 0 30 39 0 1 1 4 0 0 3 0 2 45 0 0 2 3 0 1 14 5 109 163 0 0 0 0 0 0 0 0 0 0 0 0 0 0 0 0 10 0 0 0 0 0 0 0 0 0 0 0 0 0 0 0 0 0 0 0 0 0 0 0 0 0 0 12 16 21 0 0 0 38 0 0 0 0 0 0 0 20 0 0 0 8 18 0 8 0 19 5 2 0 5 0 13 5 19 2 10 4 0 32 0 9 0 0 17 0 4 0 3 0 0 0 0 0 0 0 0 0 6 18 0 7 1 0 0 0 0 0 0 21 0 0 0 0 0 0 0 0 0 0 0 0 0 40 0 19 0 0 0 0 46 16 0 0 0 0 9 0 0 0 26 21 1 17 0 2 0 26 0 10 15 0 29 35 13 0 10 0 13 28 0 0 0 0 0 0 0 0 0 0 0 1 0 1 0 0 0 0 0 12 0 1 1 0 0 0 13 68 0 0 35 0 0 0 0 0 0 0 0 0 0 0 0 0 0 0 0 22 1 0 
 0 0 0 0 0 0 0 0 0 2 0 0 0 0 0 0 0 0 3 0 0 28 62 61 12 18 0 6 51 120 1 7 0 0 0 0 63 131 0 0 32 40 52 60 271 63 121 71 71 132 30 235 86 142 79 23 239 30 0 149 0 0 0 1 0 1 3 0 0 3 0 5 0 0 0 0 0 0 2 0 0 0 0 0 0 0 0 0 0 0 0 0 0 0 0 0 0 0 0 0 0 0 0 26 8 9 0 1 0 0 16 9 0 0 0 0 0 21 0 0 0 1 1 0 0 21 9 10 0 0 12 16 22 0 58 7 0 8 0 9 0 0 0 0 0 0 0 0 0 0 6 0 0 0 0 0 0 0 0 0 0 0 0 0 0 0 0 0 0 0 0 0 5 0 0 0 0 0 0 0 0 0 19 40 4 18 0 0 26 7 0 14 0 0 0 0 0 0 0 0 15 21 0 9 0 0 6 51 26 0 3 0 1 0 16 16 0 0 0 8 0 0 0 0 0 0 0 0 0 0 0 0 0 0 0 0 0 0 0 0 0 0 14 0 0 0 0 0 0 0 0 6 0 0 0 0 0 0 60 2 0 0 0 0 2 0 2 0 0 0 0 0 0 0 0 0 0 0 0 0 0 0 0 0 0 15 0 0 0 0 
 3 3 3 3 3 3 3 3 5 5 3 5 3 5 3 3 5 3 3 3 0 0 0 24 0 63 0 0 2 2 0 2 0 0 0 2 67 0 0 0 223 119 406 95 342 55 197 276 90 268 265 47 151 95 285 83 351 39 149 0 0 0 0 8 0 0 4 0 35 6 0 0 0 0 0 0 1 41 12 87 0 0 0 0 0 0 0 0 7 0 0 0 0 0 0 0 0 0 0 0 0 0 0 20 8 2 0 0 0 14 0 0 0 0 0 0 0 0 0 0 50 17 15 0 1 0 12 7 23 0 33 34 10 9 19 28 5 41 0 0 0 8 2 0 11 0 0 0 0 4 15 0 6 8 0 0 0 7 0 2 0 0 0 0 0 0 0 4 0 0 0 0 0 0 0 9 0 0 0 0 0 0 0 0 2 37 0 0 0 0 11 0 0 0 0 0 0 0 0 0 0 53 10 14 1 2 10 0 19 14 10 0 6 21 5 35 1 8 0 0 0 3 0 8 0 0 0 0 9 0 0 0 0 8 0 0 0 0 0 0 0 0 0 0 0 0 0 0 0 0 0 4 0 1 0 0 0 0 0 0 0 0 0 2 2 0 5 0 2 0 15 0 0 0 0 0 0 0 0 0 0 0 0 0 0 18 0 0 0 0 
 0 0 0 0 0 0 0 0 1 0 6 0 0 0 0 0 0 0 0 0 3 2 3 3 3 2 3 3 3 3 2 3 3 3 3 8 3 3 3 3 0 0 0 2 36 110 0 0 3 0 0 22 3 0 2 50 0 0 0 0 0 182 186 96 80 22 310 84 42 117 84 24 72 109 258 109 38 32 173 353 0 0 0 0 0 0 0 0 0 0 0 0 0 0 0 0 0 0 0 0 0 0 44 0 0 0 0 8 0 0 0 0 0 0 0 0 0 0 0 0 0 0 0 0 0 0 0 0 0 15 0 0 0 0 0 0 0 0 0 0 15 0 22 2 4 0 0 25 47 36 8 7 12 0 12 10 21 15 0 35 0 0 0 0 0 0 0 0 0 0 0 0 0 0 0 0 0 19 0 0 0 0 0 0 0 0 0 0 0 0 0 0 0 0 0 0 0 0 0 2 0 0 0 0 13 18 0 0 0 0 0 8 0 0 0 0 0 0 0 0 4 1 16 41 6 0 26 22 54 8 29 47 0 32 16 2 0 7 0 0 0 0 0 0 0 0 0 0 0 0 0 0 8 0 10 0 0 0 0 0 0 0 0 1 0 0 0 0 0 0 31 1 1 2 0 0 0 0 0 0 0 0 0 0 0 0 0 0 0 0 
