 0 74 81 434 141 265 93 136 150 39 46 115 61 346 357 27 322 126 124 363 0 7 5 73 0 0 0 0 2 0 0 3 0 26 32 0 0 0 3 62 0 3 0 0 0 0 0 0 0 0 0 0 62 2 1 0 0 0 2 0 0 0 0 0 0 2 2 0 0 0 0 0 0 0 0 0 0 0 3 3 25 16 7 6 23 0 1 0 0 0 1 1 22 10 23 0 17 21 15 0 0 0 0 20 0 0 0 0 0 0 0 2 1 0 0 0 0 0 0 0 0 0 0 0 0 0 0 0 0 0 0 0 0 0 0 0 0 0 0 0 0 0 0 0 0 0 0 0 0 0 0 0 0 0 0 0 0 0 0 0 0 0 5 14 1 11 10 0 17 0 25 0 11 0 10 20 0 34 29 0 21 0 0 0 0 0 0 0 0 0 0 1 0 0 0 0 0 0 16 0 0 1 0 0 1 0 0 0 0 0 0 0 0 0 0 0 0 0 0 2 0 0 0 0 0 0 2 0 0 0 0 0 0 0 0 0 0 0 0 0 0 0 0 0 0 2 2 0 0 2 1 16 10 0 0 0 0 0 0 0 0 0 63 0 0 0 0 0 0 0 0 0 0 0 0 0 13 0 0 0 0 0 0 0 0 0 0 0 0 0 
 74 0 182 168 51 215 63 80 270 32 49 73 45 45 434 230 207 264 130 349 5 3 3 0 0 0 0 0 2 0 0 3 2 5 0 3 0 0 10 2 2 3 0 1 0 0 0 0 0 0 0 0 0 2 2 0 0 0 2 0 0 0 0 0 0 3 8 0 2 0 0 0 0 0 0 0 0 0 0 3 1 15 1 12 0 12 54 12 6 15 28 2 0 36 51 18 27 0 1 12 0 0 0 0 0 41 17 5 0 0 0 0 0 0 20 0 0 0 0 20 0 0 0 0 0 0 20 0 0 0 0 0 1 9 0 2 13 0 0 14 0 0 0 0 0 0 11 0 0 0 0 0 0 0 0 0 0 0 0 0 16 13 0 0 0 15 4 0 16 0 9 1 0 0 0 2 14 0 14 10 0 0 0 0 0 0 0 20 0 0 0 0 1 0 0 0 0 0 8 0 0 0 0 0 20 2 1 0 0 0 0 0 0 2 2 0 0 1 0 0 0 0 2 0 0 0 0 0 0 0 0 0 0 0 0 0 0 0 0 0 0 0 0 0 0 2 0 1 0 0 0 10 0 1 0 0 0 0 0 0 0 0 0 0 0 0 0 0 0 0 0 0 0 0 0 5 0 0 0 0 0 0 0 0 0 0 0 0 0 0 
 81 182 0 320 220 134 120 83 152 114 112 52 68 130 237 119 210 231 14 96 77 4 3 0 0 0 0 5 1 0 0 5 3 4 0 0 0 0 75 2 0 3 0 0 0 0 0 0 50 0 6 0 0 2 1 3 61 0 2 0 0 3 0 0 0 2 2 0 0 0 0 0 0 0 0 0 0 0 0 3 0 18 20 11 22 1 0 0 17 14 15 52 0 0 0 10 14 50 14 14 10 1 0 0 0 0 4 3 0 0 0 0 21 11 17 2 0 0 1 34 0 0 0 0 0 0 0 2 0 0 0 0 0 0 0 0 2 0 0 0 0 0 0 0 0 0 0 11 0 0 0 0 0 0 0 0 0 0 0 0 10 1 14 18 10 28 38 0 0 32 13 1 8 1 8 0 16 12 0 6 49 0 0 0 0 0 16 0 0 0 0 0 0 10 10 15 0 0 12 0 0 0 0 0 0 0 0 0 0 0 0 1 0 0 0 0 0 0 1 0 0 0 0 0 0 0 0 0 0 0 0 0 0 0 0 0 2 0 0 0 0 0 0 0 0 2 88 0 6 15 12 16 0 0 0 0 0 0 0 0 0 0 10 0 0 0 0 0 0 0 0 0 0 0 0 0 14 0 0 0 0 0 0 0 0 0 0 0 0 0 
 434 168 320 0 231 172 136 297 100 277 135 66 70 437 172 60 272 315 49 297 2 5 3 0 4 250 0 0 1 0 0 3 3 27 0 0 0 0 0 4 0 3 0 0 0 0 0 0 0 0 0 0 0 2 3 0 0 68 6 0 0 0 3 0 0 2 53 0 0 0 0 0 0 0 0 0 0 0 0 3 0 15 1 11 50 8 0 1 2 30 21 28 0 10 12 22 11 13 20 10 12 4 0 4 0 0 0 0 0 0 0 1 17 0 14 0 1 0 0 44 0 0 0 0 0 0 0 0 0 0 0 0 0 0 0 0 0 6 0 0 0 0 0 0 1 0 0 0 0 0 0 0 0 1 0 0 2 0 0 0 1 18 24 21 17 19 14 0 10 19 14 0 7 0 11 1 15 22 0 16 37 0 0 2 0 0 15 9 0 0 0 0 0 11 0 10 0 0 14 16 0 2 0 0 0 0 0 0 0 0 0 0 0 0 0 0 0 0 0 0 0 0 0 0 0 0 0 0 0 0 0 0 0 0 0 0 16 1 0 0 0 0 0 0 0 6 51 1 0 3 31 7 0 0 0 0 0 0 0 0 9 0 28 2 0 0 0 0 0 2 0 0 0 0 0 0 11 0 0 0 0 0 0 0 0 1 0 0 0 0 
 141 51 220 231 0 391 139 57 201 191 171 152 89 57 87 228 90 73 43 82 0 5 77 0 0 0 36 92 74 0 0 3 38 22 3 87 0 0 102 160 0 38 0 4 0 0 0 0 0 0 0 0 0 2 5 0 0 0 2 0 0 0 0 0 0 3 2 0 0 0 0 0 0 0 0 0 0 0 0 13 13 0 11 0 41 0 0 0 0 0 1 2 0 0 0 1 0 0 0 1 17 5 8 21 1 0 0 16 20 15 0 13 36 10 0 0 0 10 15 36 0 0 0 0 0 0 0 0 0 0 1 0 0 0 0 0 0 0 0 0 1 1 0 0 8 3 0 0 0 0 2 1 0 0 0 0 0 0 0 0 0 20 0 1 25 24 0 8 14 1 27 0 0 0 9 0 1 50 0 0 29 0 14 0 0 0 13 26 23 8 9 0 10 12 0 33 27 0 21 31 0 0 1 0 0 0 0 2 0 0 0 0 0 0 0 0 1 0 0 0 0 0 0 0 1 11 0 1 0 0 0 0 0 0 0 0 15 0 0 0 0 0 0 0 2 2 6 2 1 5 0 10 21 0 0 0 0 0 0 0 11 0 21 0 0 0 0 0 0 0 0 0 0 0 0 8 1 15 0 0 0 0 0 0 0 12 0 0 0 2 
 265 215 134 172 391 0 274 345 45 44 70 55 53 115 245 106 171 57 46 197 0 5 4 75 0 0 61 105 76 0 2 3 24 175 2 162 74 0 0 81 0 3 1 0 0 0 0 0 0 0 8 0 0 2 1 4 0 2 2 0 0 0 0 0 0 2 4 0 0 0 0 0 0 0 0 0 0 0 0 3 0 0 11 0 12 10 0 0 6 0 0 14 0 0 0 10 1 0 0 0 14 20 6 0 0 0 0 28 29 0 0 20 14 0 21 0 8 32 18 0 0 0 1 0 0 0 0 0 0 0 0 0 0 0 0 0 0 0 0 0 0 0 0 2 0 0 0 0 0 0 0 0 0 0 0 0 0 3 0 12 15 20 14 13 8 24 1 0 0 23 10 22 0 20 6 0 0 12 0 0 27 9 17 13 0 0 16 34 45 18 0 9 10 2 0 30 36 0 21 39 0 0 0 0 0 0 0 0 0 0 1 0 1 0 0 0 0 0 0 0 0 0 0 0 0 0 0 0 0 0 0 0 0 0 0 0 0 0 0 0 0 0 0 0 0 2 90 1 2 0 0 8 0 15 0 0 0 0 0 0 5 0 29 0 0 0 0 0 0 0 3 0 0 0 0 0 0 0 0 0 0 0 0 0 0 9 0 0 0 0 
 93 63 120 136 139 274 0 148 138 141 56 540 84 143 145 36 45 51 109 243 0 4 3 0 2 0 0 1 1 0 0 3 1 4 0 1 1 0 0 4 0 3 6 1 0 0 0 0 0 0 0 0 0 2 2 6 0 0 5 0 0 0 0 0 0 3 9 0 0 1 0 0 0 0 0 0 0 0 46 3 43 58 23 5 15 11 15 29 24 11 11 0 47 35 6 13 17 21 0 79 0 0 0 0 0 0 0 0 0 0 0 0 0 0 0 0 0 0 0 0 0 0 0 0 0 11 0 0 2 0 0 1 0 0 0 0 0 0 0 0 0 0 0 0 0 0 0 0 0 0 0 0 0 0 0 0 0 0 4 0 0 12 0 16 15 19 0 26 14 0 0 0 0 32 6 39 10 0 4 0 0 0 0 0 0 0 0 0 0 0 0 0 0 0 0 0 0 0 1 11 0 0 0 0 0 0 0 0 0 9 0 0 0 0 0 0 0 0 0 0 1 0 0 0 0 0 0 0 0 0 0 0 0 0 0 0 0 26 0 0 0 0 0 0 0 1 0 0 2 2 2 8 0 0 2 0 0 0 0 0 0 0 58 0 0 0 0 0 0 0 0 0 0 0 0 0 0 0 0 0 0 0 0 0 0 0 0 0 0 0 
 136 80 83 297 57 345 148 0 165 46 31 133 197 196 153 36 119 138 242 74 3 6 3 3 6 0 0 0 2 0 0 9 0 5 0 6 0 3 2 2 2 3 6 5 3 0 0 0 0 4 0 0 2 2 7 0 0 0 2 0 0 2 3 0 0 3 4 3 2 2 1 75 0 0 2 2 0 0 0 6 0 0 41 38 0 0 0 10 5 1 0 0 26 0 11 0 14 16 15 0 0 0 0 0 0 0 0 0 0 0 2 0 0 0 0 0 0 0 0 0 0 2 1 0 0 0 0 0 0 0 0 0 0 15 0 0 0 0 0 0 0 0 0 0 0 0 0 0 0 0 0 0 0 0 0 0 0 2 1 0 13 18 29 22 0 23 14 7 0 19 10 10 8 35 55 0 0 8 49 0 0 0 0 0 0 0 0 0 0 0 0 0 19 0 1 0 0 0 0 0 0 0 0 0 0 0 0 0 0 0 0 0 0 0 0 0 0 0 0 0 0 0 0 0 0 0 0 0 0 1 0 0 0 6 0 0 0 0 0 0 0 0 0 0 0 3 0 0 3 0 0 3 0 0 0 0 0 0 0 0 0 0 1 0 0 0 0 0 2 0 0 0 0 2 0 0 10 0 0 0 0 0 0 0 0 0 0 0 0 0 
 150 270 152 100 201 45 138 165 0 85 45 219 532 163 309 128 118 135 71 52 87 5 3 1 2 0 0 4 1 3 2 3 1 3 1 2 0 0 78 4 22 9 1 0 0 0 0 0 61 0 0 0 0 2 1 0 0 0 2 0 0 0 0 0 0 3 2 0 0 0 0 0 0 0 0 2 0 0 0 3 3 0 9 10 23 22 0 0 6 1 12 10 0 0 0 0 0 26 0 0 0 0 0 0 0 0 32 16 9 19 0 0 45 9 17 0 0 0 0 18 0 0 0 0 0 0 0 0 0 0 0 0 0 0 0 0 0 0 0 0 0 0 0 0 0 0 0 0 0 0 0 0 0 0 0 0 0 0 0 0 17 26 7 0 14 9 0 25 22 12 0 13 0 15 0 18 1 10 0 0 0 0 0 1 0 0 0 0 1 0 0 0 21 0 9 0 0 0 41 0 0 0 21 0 0 0 0 0 0 0 0 0 0 0 0 0 0 0 0 0 0 0 0 0 0 0 0 0 0 0 0 0 0 0 0 0 0 0 0 0 0 0 0 0 0 0 4 2 3 1 9 13 10 0 0 0 0 0 0 2 0 0 14 0 0 0 0 0 0 0 0 0 0 0 0 30 0 0 0 0 0 0 0 0 0 0 0 0 0 0 
 39 32 114 277 191 44 141 46 85 0 488 54 44 57 92 324 247 63 51 123 0 5 5 0 3 1 2 74 2 0 2 3 0 152 0 2 0 0 75 44 0 4 2 0 0 0 0 1 1 0 0 0 1 2 6 0 1 0 2 0 0 0 0 0 0 2 2 0 0 0 0 0 0 3 0 0 0 1 0 3 0 14 15 0 33 24 0 32 12 4 28 44 0 33 21 38 28 0 0 0 9 11 0 1 0 1 10 21 7 0 11 0 0 0 15 0 1 0 21 4 0 0 0 0 0 0 0 0 0 0 0 0 0 0 0 0 0 0 0 0 0 0 0 0 14 4 0 1 0 0 0 11 0 0 0 0 0 1 0 0 10 32 6 14 11 33 0 0 28 6 9 8 0 0 0 19 11 11 0 0 15 13 0 0 0 0 17 19 0 1 0 0 0 4 0 24 0 0 20 20 0 0 0 0 0 0 0 0 0 0 0 0 0 0 0 0 0 0 0 0 0 0 0 0 0 0 0 0 0 2 0 0 0 2 0 0 0 0 0 0 0 1 0 0 0 4 1 0 0 173 0 9 0 0 0 0 0 0 0 0 0 0 0 0 0 0 0 0 0 0 0 0 0 0 0 0 3 14 0 0 0 0 0 0 0 0 0 0 0 0 
 46 49 112 135 171 70 56 31 45 488 0 319 29 30 87 97 141 78 67 152 0 4 3 0 0 0 0 120 1 0 0 3 0 83 0 0 2 25 118 25 0 3 7 2 0 0 0 0 0 0 0 1 0 2 3 0 0 0 2 0 0 0 0 0 0 3 3 0 0 1 0 0 0 3 0 0 0 0 0 3 28 36 29 5 36 26 0 29 9 10 16 24 0 0 24 41 27 22 0 14 5 13 0 0 1 0 0 28 41 0 0 0 55 0 15 0 0 12 31 0 0 0 0 0 0 0 0 0 0 0 0 0 0 0 0 0 0 13 0 0 0 1 0 0 4 6 0 0 0 0 0 6 0 0 0 0 0 0 0 0 1 29 6 30 25 19 0 30 0 6 0 10 0 0 1 28 26 9 0 0 0 22 0 0 0 0 32 16 0 0 0 0 0 31 0 0 0 0 2 0 0 0 0 0 0 0 0 0 0 0 0 0 0 0 0 0 0 0 0 0 0 0 0 0 0 0 0 0 0 0 0 0 0 0 0 1 0 0 0 0 0 0 0 0 0 0 3 0 0 179 1 7 0 0 0 0 0 0 0 0 0 0 0 0 0 0 0 0 0 0 0 0 0 0 0 10 4 29 0 0 0 0 0 0 0 0 0 0 0 10 
 115 73 52 66 152 55 540 133 219 54 319 0 139 88 159 316 219 124 125 64 0 5 90 0 0 0 0 0 2 1 3 5 0 3 0 0 0 0 0 2 0 3 4 0 0 0 0 0 0 0 0 0 0 2 1 0 0 0 2 0 0 0 0 0 0 2 2 0 0 0 0 2 0 0 3 0 0 2 0 3 18 51 10 19 10 31 0 16 29 15 39 0 9 0 0 1 1 39 0 58 0 0 0 2 0 1 26 0 0 0 0 0 15 0 0 0 0 17 1 0 0 0 0 0 0 0 0 0 0 0 0 0 0 0 0 0 0 0 0 0 0 40 0 0 0 2 0 0 0 0 0 0 0 0 0 0 0 0 0 0 0 69 8 26 24 32 1 18 20 0 11 15 2 14 0 35 0 26 0 0 25 0 0 0 0 0 0 0 0 2 0 0 0 0 0 0 0 0 23 0 0 0 0 0 0 0 0 0 0 0 0 0 0 0 0 0 0 0 0 0 0 0 0 0 0 0 0 0 0 1 0 0 0 0 0 0 0 0 0 0 0 1 0 0 0 5 2 1 2 1 0 9 13 0 0 0 0 0 0 0 0 0 0 0 0 0 0 0 0 0 0 0 0 0 0 11 0 21 0 0 0 0 0 0 0 0 0 0 0 0 
 61 45 68 70 89 53 84 197 532 44 29 139 0 184 28 21 135 43 208 153 0 4 3 11 2 0 0 0 0 71 3 5 5 3 19 3 2 0 0 5 2 4 1 4 0 10 1 1 0 1 0 0 0 2 3 3 6 6 2 0 3 0 5 6 29 3 6 0 0 3 0 2 0 0 3 1 0 2 0 4 11 13 9 0 0 0 1 2 0 20 0 9 12 0 31 0 0 23 0 0 0 0 0 0 0 0 0 0 0 0 0 0 0 0 0 0 0 0 0 0 0 0 0 0 12 0 0 0 0 0 0 0 0 0 0 0 0 0 0 0 0 0 0 0 0 0 0 0 0 0 0 0 0 0 0 0 0 0 0 0 0 0 2 0 1 0 11 0 15 0 0 0 18 20 10 22 17 0 13 1 0 0 0 0 0 0 0 0 0 0 0 0 19 0 0 0 0 0 0 0 0 0 0 0 0 0 18 0 0 0 0 0 0 0 0 0 0 0 0 0 0 0 0 0 0 0 0 0 0 11 17 0 0 0 0 16 0 0 0 0 0 0 0 0 0 2 0 0 4 0 0 4 0 0 0 0 0 0 0 0 2 0 0 0 0 2 0 0 0 0 0 0 0 0 5 0 0 0 0 0 0 0 0 0 0 0 0 0 0 0 
 346 45 130 437 57 115 143 196 163 57 30 88 184 0 211 36 91 168 77 142 0 5 3 80 0 0 0 0 1 0 0 79 0 4 0 0 0 3 0 3 0 3 4 3 0 0 0 0 3 0 0 1 0 2 3 0 0 0 2 0 0 0 0 0 0 3 3 0 0 3 0 0 0 3 0 0 0 0 0 2 80 55 73 19 0 1 18 16 11 14 22 0 14 11 0 2 1 32 33 11 0 0 0 0 0 0 0 0 0 0 0 0 15 0 0 0 0 0 0 0 0 0 0 0 0 0 0 0 0 0 0 0 0 0 0 0 0 0 0 0 0 0 2 0 0 0 0 0 2 0 0 0 0 0 0 0 0 0 2 0 3 19 49 0 0 16 40 0 14 29 0 14 19 15 29 9 11 19 21 6 1 0 14 0 0 0 0 0 0 0 0 0 0 0 0 0 0 0 13 0 0 0 0 0 0 0 0 0 0 0 0 0 0 0 0 0 0 0 0 0 0 0 0 0 0 1 0 0 0 0 0 0 0 0 0 0 0 0 0 0 0 0 0 0 0 0 1 0 0 2 0 1 10 0 0 0 0 0 0 0 0 0 19 0 0 0 0 0 0 0 0 0 0 0 0 0 10 0 0 0 0 0 0 0 0 0 0 0 0 0 
 357 434 237 172 87 245 145 153 309 92 87 159 28 211 0 217 126 142 71 204 0 3 3 0 0 0 0 0 3 0 0 3 1 3 0 205 0 0 0 4 0 3 0 0 0 0 0 0 0 0 0 0 22 2 2 0 0 0 2 0 0 0 3 0 0 2 9 10 0 0 0 0 0 3 0 0 0 0 0 6 0 0 66 19 0 10 12 23 7 18 38 24 13 31 0 0 0 94 8 16 0 0 0 0 0 0 15 0 0 0 0 0 0 0 0 2 0 0 0 0 2 0 0 0 0 0 0 0 0 0 0 0 0 2 0 0 2 0 0 0 0 0 0 0 0 0 0 0 0 0 0 2 0 0 0 0 0 0 0 0 15 0 17 0 0 0 20 2 0 26 0 0 13 0 23 0 9 24 13 8 0 0 0 0 0 0 0 0 0 0 0 0 0 0 0 0 0 0 0 0 0 0 0 0 0 0 0 0 0 0 0 1 0 0 0 0 0 0 1 0 0 0 0 0 0 0 0 0 0 0 0 0 0 0 0 0 0 0 0 50 0 0 0 0 0 0 0 0 2 3 0 1 0 0 0 0 0 0 0 0 0 0 0 0 0 0 0 0 0 0 0 0 0 0 0 0 20 0 0 0 0 0 0 0 0 0 0 0 0 0 
 27 230 119 60 228 106 36 36 128 324 97 316 21 36 217 0 54 460 36 69 5 5 3 0 1 0 0 0 1 0 6 4 73 3 0 0 1 0 0 2 0 5 0 1 0 0 0 0 0 0 0 0 0 2 5 0 0 0 2 0 0 0 0 0 0 3 10 0 0 0 0 0 0 0 0 2 0 0 0 3 0 0 0 11 30 21 5 12 22 18 18 0 0 14 2 0 10 20 0 0 22 1 0 0 1 0 9 32 10 0 0 0 35 0 0 0 0 0 0 12 0 0 0 2 0 0 0 0 0 0 0 0 0 0 0 0 0 0 0 0 0 0 0 0 0 0 1 0 0 0 0 0 0 0 0 0 0 0 0 0 16 0 0 0 12 0 10 14 0 0 0 1 0 0 0 2 0 24 0 5 19 0 0 0 0 0 0 0 1 0 0 0 0 0 0 0 0 0 0 1 0 0 0 0 0 0 0 0 1 10 0 0 0 0 0 0 0 0 0 0 0 0 0 2 10 0 0 0 0 0 0 0 0 0 0 13 0 0 0 0 0 0 0 0 0 2 54 0 0 1 0 10 0 0 0 0 0 0 0 0 0 0 15 0 0 0 0 0 0 0 0 0 0 0 0 17 0 0 0 0 0 0 0 0 0 0 0 0 0 0 
 322 207 210 272 90 171 45 119 118 247 141 219 135 91 126 54 0 312 137 255 44 8 115 1 33 2 2 0 7 0 0 3 1 3 1 2 0 3 0 4 5 3 1 8 0 0 2 0 3 0 4 0 0 24 1 2 0 3 4 3 0 0 0 0 2 5 2 0 0 0 0 0 6 0 0 0 0 2 3 3 14 0 32 16 32 9 1 12 7 27 44 20 0 46 9 21 10 2 1 11 0 0 0 0 0 0 0 0 0 0 0 0 28 0 0 2 0 0 7 15 0 0 0 0 0 0 0 2 0 0 0 0 0 0 0 0 2 0 0 0 0 0 0 0 10 21 0 0 0 0 0 6 48 0 0 0 0 0 0 0 34 28 8 0 16 20 0 0 29 19 23 13 12 15 0 2 22 13 0 0 12 0 0 0 0 0 0 0 0 0 0 0 14 0 0 0 0 0 25 0 12 0 0 0 0 0 0 0 0 0 0 1 2 0 0 1 0 0 1 0 0 0 0 0 0 0 0 0 12 0 0 0 0 0 0 0 2 0 0 8 0 0 0 0 0 0 1 2 2 2 0 11 21 0 0 0 0 0 0 0 0 0 16 0 0 0 0 0 0 0 0 0 0 0 0 0 0 0 0 0 0 0 0 0 0 0 0 0 0 0 
 126 264 231 315 73 57 51 138 135 63 78 124 43 168 142 460 312 0 34 35 7 5 6 0 0 0 2 74 1 0 6 3 5 77 0 0 2 0 82 19 3 3 0 1 0 1 0 0 0 0 0 3 0 2 5 0 5 0 4 0 0 0 0 6 4 3 5 0 51 4 0 0 0 17 0 2 0 0 0 3 0 0 17 11 19 30 0 0 3 0 14 24 11 1 0 23 13 2 19 12 5 20 0 18 0 0 0 33 19 0 0 2 16 0 15 0 1 14 1 30 0 0 0 0 0 0 0 0 0 0 0 0 0 0 0 0 0 0 0 0 0 0 0 0 0 0 0 0 0 0 0 0 0 0 0 0 1 0 0 0 1 0 8 43 1 1 18 0 0 9 11 11 6 0 16 0 5 29 9 0 28 14 0 1 0 0 43 23 0 0 0 0 0 3 0 0 0 0 1 16 0 1 0 0 0 0 0 0 0 0 0 0 0 0 0 0 0 0 0 0 0 0 0 0 0 0 2 0 0 0 0 0 0 0 0 0 0 2 0 0 0 0 0 0 0 6 94 0 0 172 1 12 0 0 0 1 0 0 0 1 0 0 23 38 0 65 0 0 0 0 0 0 0 0 0 0 16 0 0 0 0 0 0 7 0 0 0 0 0 0 
 124 130 14 49 43 46 109 242 71 51 67 125 208 77 71 36 137 34 0 175 0 3 3 0 0 0 0 0 1 0 0 3 0 3 0 0 73 1 6 3 0 3 5 3 0 0 0 0 0 0 2 0 0 2 3 0 0 0 2 0 0 0 0 0 0 3 3 0 0 3 0 0 0 0 0 0 0 0 0 2 38 13 45 8 0 0 2 21 0 0 15 0 13 2 14 9 21 11 20 6 0 0 0 0 0 0 0 0 0 0 0 0 0 0 0 2 0 0 0 0 0 0 0 3 0 0 0 2 0 0 0 0 0 0 0 0 2 0 0 0 0 0 0 0 0 0 0 0 0 0 0 0 0 0 0 0 0 0 4 0 11 5 6 15 0 0 0 19 15 0 9 1 12 50 0 18 0 0 4 0 0 0 0 0 0 0 0 0 0 0 0 0 15 0 0 0 0 0 0 0 0 0 0 0 0 0 0 0 0 0 0 1 0 0 0 1 0 0 1 0 0 0 0 0 0 0 0 0 0 0 0 0 0 0 0 0 2 0 0 0 0 0 0 0 0 0 1 0 0 0 0 11 0 0 0 0 2 0 0 0 0 0 0 0 0 0 0 0 0 0 0 0 0 0 0 0 1 0 0 0 0 0 0 0 0 0 0 0 0 0 
 363 349 96 297 82 197 243 74 52 123 152 64 153 142 204 69 255 35 175 0 0 3 3 0 0 0 1 0 1 0 75 3 0 3 0 0 0 0 2 2 0 3 0 0 0 0 0 0 0 0 0 0 0 2 1 0 0 0 4 0 0 0 0 0 0 2 2 0 0 0 0 0 0 0 0 0 35 0 0 3 12 54 0 10 0 15 8 14 28 20 9 17 38 0 56 0 8 20 30 32 0 0 0 0 0 0 2 0 0 0 0 2 1 0 0 0 2 0 0 0 0 0 0 0 0 0 0 0 0 0 0 0 14 0 0 0 0 0 0 0 0 0 0 0 1 0 0 0 0 0 0 0 0 2 0 0 0 0 0 0 13 0 11 14 13 16 48 10 0 9 11 0 14 0 11 16 5 0 19 12 0 0 12 2 0 0 0 0 0 0 0 0 0 0 2 0 0 0 0 0 0 0 0 2 0 9 0 0 0 0 0 0 0 0 0 0 0 0 0 0 0 0 0 0 0 0 0 0 0 0 0 34 0 0 16 0 0 2 0 0 0 0 0 0 0 3 0 2 0 0 1 5 0 0 0 0 0 0 0 0 0 0 0 0 0 0 0 0 0 0 0 0 0 0 0 12 0 1 0 0 0 0 0 0 0 2 0 0 0 0 
 0 5 77 2 0 0 0 3 87 0 0 0 0 0 0 5 44 7 0 0 0 348 224 71 27 45 79 128 268 37 174 313 142 332 141 39 41 275 245 75 4 68 5 2 5 1 0 2 0 3 2 0 0 5 0 3 0 5 36 0 2 8 2 3 2 50 0 2 3 1 0 0 3 8 60 9 0 0 3 1 0 0 0 0 0 14 1 0 0 0 3 0 18 0 0 3 1 0 0 0 0 8 64 11 26 4 42 6 13 0 0 44 1 28 38 15 8 0 47 30 23 0 0 0 0 0 0 0 0 0 0 0 0 1 0 0 0 0 15 0 0 0 0 0 0 0 0 0 4 0 0 0 3 0 0 1 0 4 0 0 0 0 0 0 0 0 2 2 0 0 0 12 0 0 0 0 0 0 0 0 23 15 13 0 0 0 35 22 0 9 0 0 26 16 49 11 21 23 5 8 0 0 0 0 0 0 0 0 0 0 0 0 0 0 0 0 0 0 0 2 0 0 0 0 0 0 0 0 0 0 0 0 0 0 0 0 0 0 0 0 0 12 0 0 0 0 0 0 80 73 4 0 0 0 10 0 0 0 0 2 3 1 0 0 0 0 0 0 0 0 0 0 0 0 0 0 0 0 0 0 0 15 0 0 0 0 0 0 0 0 
 7 3 4 5 5 5 4 6 5 5 4 5 4 5 3 5 8 5 3 3 348 0 112 79 47 28 85 314 298 96 109 115 114 51 90 196 428 123 44 195 1 1 1 0 10 0 0 0 0 3 0 0 0 2 0 1 1 3 0 1 2 0 0 1 0 0 0 2 0 0 0 0 9 0 3 3 0 0 3 0 0 0 0 0 0 23 0 1 0 0 0 0 0 0 0 0 0 0 0 0 34 17 5 0 12 10 0 27 48 11 11 50 10 24 0 39 7 27 11 41 24 0 0 0 0 0 0 0 0 0 0 0 0 0 0 0 0 0 7 0 0 0 0 0 0 0 0 0 0 0 0 0 0 0 0 0 0 4 0 0 0 0 0 0 0 0 0 0 0 0 0 0 0 0 0 15 0 0 2 0 20 19 48 31 12 0 0 15 0 0 0 4 8 1 42 39 12 11 0 27 0 0 0 0 0 0 0 0 0 0 0 0 0 0 0 0 0 0 2 0 0 22 0 0 0 0 2 0 0 0 0 0 0 0 0 0 0 0 0 0 0 0 0 0 0 0 2 0 0 0 0 0 0 0 10 0 0 0 2 2 2 0 0 0 0 0 0 0 0 0 0 0 0 0 0 0 0 0 0 13 0 0 0 0 0 10 0 0 0 0 
 5 3 3 3 77 4 3 3 3 5 3 90 3 3 3 3 115 6 3 3 224 112 0 88 45 187 168 199 392 192 200 29 422 210 198 30 207 277 100 362 0 4 0 4 5 1 0 0 0 4 2 0 0 4 3 0 0 2 63 0 2 0 0 0 0 4 0 2 3 0 0 54 2 0 3 3 0 0 3 2 0 0 0 0 0 1 0 0 0 1 0 0 0 0 0 0 0 0 0 0 16 8 0 18 14 33 11 0 14 13 36 10 13 22 10 0 24 34 7 19 12 0 0 0 0 0 0 9 0 0 0 0 1 0 0 0 0 0 7 13 0 2 0 0 0 0 1 0 0 0 0 0 0 0 0 0 0 6 0 0 0 3 0 0 0 1 0 0 0 0 2 1 0 0 3 0 0 0 0 0 24 15 56 25 16 0 0 30 12 12 45 1 25 0 0 14 27 68 6 1 0 0 0 0 2 0 12 0 0 0 0 0 12 24 0 0 0 0 12 0 0 0 2 0 0 0 0 0 0 0 0 2 0 0 0 2 22 0 2 0 0 0 11 0 0 0 0 0 0 0 0 0 0 0 12 0 2 2 162 2 2 0 0 0 0 0 0 0 0 0 0 0 0 0 0 0 0 0 0 0 0 0 0 2 0 0 0 0 0 0 
 73 0 0 0 0 75 0 3 1 0 0 0 11 80 0 0 1 0 0 0 71 79 88 0 275 173 84 75 60 85 147 266 64 285 279 341 68 163 157 67 123 0 0 4 6 0 0 65 0 3 0 0 0 73 0 1 0 0 65 92 2 0 0 0 0 4 0 2 0 0 0 4 0 0 9 3 0 4 4 0 0 0 0 2 0 42 2 0 0 0 0 0 2 0 0 1 0 1 0 0 0 0 11 0 20 23 0 0 0 16 18 25 0 0 3 0 0 1 0 0 27 12 0 2 0 0 52 7 4 0 0 0 53 24 23 0 0 0 27 32 12 0 3 1 0 0 0 0 0 0 0 0 2 0 0 5 0 0 0 4 0 0 0 0 0 2 0 1 0 0 0 0 0 3 0 2 0 0 0 0 0 0 0 5 28 11 0 0 15 8 15 65 0 14 0 0 1 0 0 0 5 10 0 17 0 0 49 16 12 0 0 0 32 39 24 0 9 0 52 11 0 0 0 0 0 0 0 0 19 0 0 0 0 0 0 19 0 0 0 0 0 0 0 0 0 0 0 0 0 0 0 0 0 0 21 0 2 50 4 2 1 10 0 0 0 0 7 0 0 0 0 1 0 0 0 0 0 0 0 0 0 0 8 0 0 0 34 0 0 0 
 0 0 0 4 0 0 2 6 2 3 0 0 2 0 0 1 33 0 0 0 27 47 45 275 0 237 58 65 68 253 67 32 68 290 78 191 74 118 60 88 128 1 0 1 3 0 0 34 0 3 2 0 21 158 0 0 0 0 8 1 4 0 2 0 0 3 0 2 0 2 0 3 0 0 3 3 0 0 14 0 0 0 0 0 0 0 0 0 0 0 0 0 0 7 0 0 0 0 0 0 0 0 0 13 39 21 0 0 0 0 1 11 0 0 0 1 8 0 0 0 25 9 0 0 0 0 15 21 0 0 0 0 11 11 27 7 0 0 1 49 0 5 4 0 0 19 0 0 0 0 0 0 0 0 0 0 0 0 0 4 0 0 0 0 0 0 0 0 0 0 0 0 0 5 0 0 0 0 0 0 0 0 0 0 9 26 0 0 0 1 12 8 0 0 0 0 0 10 0 0 19 21 10 9 0 0 1 7 0 0 0 0 44 16 7 1 0 14 4 18 0 0 0 0 0 0 0 0 13 0 0 0 0 0 0 0 0 0 0 0 0 0 0 0 0 0 0 0 0 0 0 0 0 0 10 3 2 159 1 0 2 16 0 0 0 22 0 0 0 0 0 0 0 0 3 0 0 0 0 0 0 1 8 0 0 0 0 0 0 0 
 0 0 0 250 0 0 0 0 0 1 0 0 0 0 0 0 2 0 0 0 45 28 187 173 237 0 39 113 64 48 168 93 50 54 272 136 46 63 360 52 196 0 65 3 3 0 0 63 65 80 0 0 3 93 3 0 24 0 49 0 9 0 1 0 0 0 0 3 5 0 1 0 0 53 5 3 0 2 9 0 0 0 0 0 0 0 0 0 0 0 0 0 0 0 0 0 0 0 0 0 1 0 0 0 0 9 17 0 0 0 20 24 0 0 0 0 0 9 0 0 25 0 2 0 0 0 0 0 31 0 42 0 11 17 23 10 0 0 0 7 0 0 0 0 1 0 10 0 0 0 0 0 0 0 0 16 0 0 0 1 0 0 0 0 0 0 0 0 0 0 0 1 2 1 0 1 0 0 0 0 0 0 11 2 12 22 0 10 15 0 45 15 0 0 0 0 19 7 0 0 38 1 11 12 0 0 10 20 0 9 0 0 21 20 8 12 10 6 12 54 0 0 0 0 0 0 0 0 0 0 0 0 0 0 0 0 0 0 0 0 0 0 4 0 0 0 0 0 0 0 0 0 0 0 18 0 5 10 5 1 1 30 0 0 0 0 0 0 0 0 0 0 0 0 0 0 0 0 0 0 0 0 0 0 2 0 0 0 0 0 
 0 0 0 0 36 61 0 0 0 2 0 0 0 0 0 0 2 2 0 1 79 85 168 84 58 39 0 447 219 114 254 62 269 250 153 191 201 139 110 218 0 0 0 0 3 0 0 1 0 3 0 0 0 2 0 0 0 1 0 0 2 0 0 0 0 0 0 2 0 52 0 0 9 0 3 3 0 0 3 0 0 0 0 0 0 0 0 0 0 0 0 0 0 0 0 0 0 0 0 0 41 14 11 17 1 0 13 36 0 28 16 20 28 12 1 11 35 45 28 50 0 0 0 0 0 0 0 0 0 0 0 0 0 0 0 0 0 0 0 0 0 0 0 0 0 0 0 0 0 0 0 0 0 0 0 0 0 6 0 0 0 2 0 0 0 0 0 4 0 0 0 20 0 0 0 1 0 0 0 0 43 30 73 13 0 0 19 50 24 21 18 0 42 11 0 33 14 17 2 39 0 0 0 0 0 13 0 0 0 0 0 0 0 0 0 0 0 0 0 0 0 0 0 0 0 0 0 0 0 0 0 0 0 0 0 0 25 0 0 0 0 0 0 0 0 0 74 0 0 0 0 0 0 0 18 0 2 0 43 0 1 0 0 0 0 0 0 0 0 0 0 0 0 0 0 0 0 0 0 0 0 1 0 0 0 9 0 0 0 0 
 0 0 5 0 92 105 1 0 4 74 120 0 0 0 0 0 0 74 0 0 128 314 199 75 65 113 447 0 140 115 489 38 559 322 368 190 404 35 320 225 0 0 0 11 3 0 0 0 2 3 0 0 0 2 0 0 0 2 0 0 2 0 0 0 0 0 0 2 0 0 0 0 0 4 3 3 0 0 3 0 0 0 0 0 0 16 0 0 0 0 15 0 0 0 0 0 0 0 0 0 15 37 8 8 0 20 0 76 39 30 0 23 16 11 2 0 27 42 28 12 0 0 0 0 0 0 1 0 1 0 0 0 0 0 0 0 0 0 0 0 1 0 2 0 0 0 0 0 1 0 0 0 0 0 0 0 0 4 0 0 0 5 0 0 0 1 0 0 0 0 0 26 0 0 4 0 0 0 0 0 25 48 25 5 18 0 21 10 30 25 30 0 9 11 11 56 35 12 7 17 0 0 0 0 0 0 0 0 0 0 0 0 0 0 0 0 0 0 5 0 0 0 0 0 0 0 0 0 0 0 2 0 0 0 0 0 12 0 0 0 0 0 10 0 0 0 89 0 0 35 0 0 0 0 2 0 1 0 169 0 3 0 0 0 0 0 0 0 0 0 0 0 0 0 0 0 0 0 0 0 0 0 0 0 0 12 0 1 0 0 
 2 2 1 1 74 76 1 2 1 2 1 2 0 1 3 1 7 1 1 1 268 298 392 60 68 64 219 140 0 175 46 358 165 345 192 89 46 149 75 323 7 0 1 0 3 0 3 7 0 3 0 0 0 20 0 8 0 2 0 2 2 0 0 0 2 2 0 2 0 0 0 0 2 0 5 3 0 2 5 0 0 0 0 0 0 19 0 0 0 0 0 0 0 0 0 0 2 0 0 0 0 19 21 37 0 24 15 8 31 0 2 25 0 0 25 21 18 3 13 0 19 2 2 0 0 0 9 0 0 0 0 0 0 0 0 0 0 0 1 0 0 0 0 0 2 0 0 0 0 0 0 0 0 0 0 0 0 0 0 0 0 0 0 0 11 0 0 0 0 0 11 0 2 0 0 5 2 0 0 0 0 12 30 22 0 0 1 39 31 22 11 22 10 10 1 41 21 31 18 16 0 28 0 0 0 0 0 0 0 0 0 0 0 0 0 0 0 0 17 0 0 0 0 1 0 0 0 0 0 0 0 0 0 0 0 2 0 0 0 0 0 20 0 0 0 0 0 0 0 0 0 0 0 0 3 2 2 0 0 2 1 0 0 0 0 0 0 0 0 0 0 0 0 0 0 0 0 0 0 0 0 4 0 0 2 12 0 0 0 0 
 0 0 0 0 0 0 0 0 3 0 0 1 71 0 0 0 0 0 0 0 37 96 192 85 253 48 114 115 175 0 311 46 126 159 310 191 203 180 92 84 0 0 0 0 3 0 0 0 0 3 0 0 0 2 0 0 64 1 0 0 2 0 0 0 25 0 0 2 0 0 0 0 0 0 3 3 0 0 3 0 0 0 0 0 0 0 0 0 0 0 0 0 0 2 0 0 0 0 0 0 0 0 0 23 35 12 32 0 0 11 36 15 0 0 24 14 32 2 11 0 11 0 0 0 0 2 0 6 0 0 0 0 16 0 7 0 0 0 10 0 0 0 3 2 0 0 0 0 0 0 0 2 0 0 0 0 0 0 0 2 0 0 0 0 0 0 0 0 0 0 0 13 0 0 0 0 0 0 0 0 16 20 34 19 6 0 0 27 0 25 63 36 11 1 3 0 88 19 0 0 0 0 0 0 0 0 6 0 0 0 0 0 11 0 0 0 0 1 0 0 0 1 0 0 0 0 0 0 0 0 10 0 0 0 0 0 0 0 0 0 0 0 4 0 0 0 0 0 0 0 0 0 1 0 19 2 0 85 80 2 1 1 0 0 0 0 0 0 0 0 0 0 0 0 0 0 0 0 0 2 0 13 0 0 0 0 0 0 0 0 
 0 0 0 0 0 2 0 0 2 2 0 3 3 0 0 6 0 6 0 75 174 109 200 147 67 168 254 489 46 311 0 375 44 52 151 86 389 137 104 127 3 61 3 10 3 66 0 2 209 3 0 2 0 2 0 0 0 3 0 66 2 0 0 3 0 1 0 2 2 0 1 0 0 2 3 6 3 0 3 0 0 0 0 0 0 0 0 0 2 0 0 0 0 0 0 0 0 2 0 0 1 0 31 15 84 16 9 0 0 10 2 13 0 10 0 19 27 0 7 31 7 0 0 0 0 0 10 7 0 0 0 0 25 0 0 0 0 0 57 11 0 0 0 0 0 0 6 0 2 0 0 0 1 0 0 0 0 1 0 0 0 0 0 0 0 1 0 0 0 7 0 0 0 1 0 0 0 0 0 0 2 0 11 1 51 0 0 8 1 33 14 0 13 11 10 0 63 46 0 0 0 0 0 0 0 16 12 0 0 0 0 0 3 0 12 0 0 0 0 0 0 0 0 0 0 0 0 0 0 0 0 0 0 0 2 8 0 0 0 0 0 0 9 0 0 0 0 0 0 0 0 0 0 0 7 0 1 78 82 2 1 2 0 0 0 0 8 0 0 0 0 2 0 0 0 0 0 0 0 0 0 0 0 0 0 0 11 0 0 0 
 3 3 5 3 3 3 3 9 3 3 3 5 5 79 3 4 3 3 3 3 313 115 29 266 32 93 62 38 358 46 375 0 119 254 241 132 79 160 56 334 60 55 0 0 3 0 0 0 0 3 0 0 9 44 0 0 0 1 1 92 2 0 0 0 0 2 0 2 0 0 0 5 0 0 3 3 0 0 3 0 0 0 0 0 0 0 0 0 0 0 0 0 21 0 0 15 0 0 0 0 2 0 41 0 15 0 23 21 0 42 10 20 0 23 34 0 0 0 0 0 19 0 0 0 9 0 38 1 0 0 0 0 0 8 0 0 8 0 13 13 0 0 0 0 0 0 0 0 4 0 0 0 7 0 0 0 0 0 0 0 0 0 0 0 0 0 0 0 0 0 18 0 0 0 0 5 0 0 0 0 0 15 17 18 10 0 0 36 15 9 24 27 9 29 1 2 20 15 0 0 9 1 0 0 0 0 9 7 13 12 0 0 1 8 48 11 18 0 16 12 0 0 0 0 0 0 0 34 0 0 0 0 0 0 0 0 0 0 0 0 0 0 1 0 0 0 0 0 0 0 0 0 0 0 19 0 0 3 2 0 6 0 0 0 0 0 0 0 0 0 0 0 0 0 0 0 0 2 0 0 0 0 0 0 0 0 10 0 0 0 
 0 2 3 3 38 24 1 0 1 0 0 0 5 0 1 73 1 5 0 0 142 114 422 64 68 50 269 559 165 126 44 119 0 180 83 124 162 131 170 217 2 2 1 1 4 0 1 1 0 5 3 2 0 2 0 4 0 5 4 1 2 0 2 0 0 0 1 37 5 0 0 0 11 0 3 3 0 0 3 0 0 0 0 0 0 0 0 0 0 0 0 0 0 0 0 0 2 0 0 0 23 0 26 19 29 10 0 83 20 36 1 39 20 13 0 12 2 33 32 59 0 0 2 0 0 0 0 0 0 0 0 0 0 0 0 1 0 0 0 13 0 0 0 0 2 0 0 0 0 0 0 0 0 0 0 1 0 2 0 0 0 2 0 0 0 0 0 0 0 0 0 1 2 0 2 0 0 0 0 0 1 29 58 10 0 0 9 13 19 19 9 0 10 2 60 26 11 0 0 23 0 0 0 0 0 0 0 0 0 10 0 0 0 0 0 0 0 0 0 0 0 0 0 0 20 0 0 0 0 0 0 0 0 0 0 13 14 0 0 0 0 0 0 0 0 0 1 0 0 0 0 0 0 3 8 0 1 2 5 1 1 0 0 0 0 0 0 0 0 0 0 0 0 0 0 0 0 0 0 0 0 19 0 0 2 9 0 0 0 0 
 26 5 4 27 22 175 4 5 3 152 83 3 3 4 3 3 3 77 3 3 332 51 210 285 290 54 250 322 345 159 52 254 180 0 357 126 124 92 337 218 3 0 1 0 3 0 0 3 0 3 0 0 50 2 0 6 0 3 0 0 2 0 0 0 0 0 0 2 0 0 0 0 2 0 3 3 0 1 3 0 0 0 0 0 9 19 2 0 0 0 0 0 2 0 0 1 0 0 0 0 41 28 38 35 0 29 5 16 19 0 14 11 0 0 25 12 26 20 12 0 0 0 2 0 0 0 0 0 0 0 0 0 0 0 0 0 0 0 0 0 0 0 0 0 5 0 0 0 0 0 0 0 0 0 0 2 0 21 0 0 0 2 0 0 0 0 1 1 0 0 0 31 2 0 1 0 8 0 0 0 15 27 58 2 0 0 68 43 10 8 2 0 19 27 34 40 21 18 1 33 0 0 0 0 0 0 0 0 0 0 0 0 0 0 0 0 0 0 0 1 0 0 0 0 0 0 0 0 0 0 0 0 0 0 0 0 0 0 0 0 0 19 0 0 0 0 74 0 0 0 0 0 0 0 4 0 2 0 0 4 17 0 0 0 0 0 0 0 0 0 0 0 0 0 0 0 21 0 0 0 0 28 0 0 0 11 0 0 0 0 
 32 0 0 0 3 2 0 0 1 0 0 0 19 0 0 0 1 0 0 0 141 90 198 279 78 272 153 368 192 310 151 241 83 357 0 252 27 84 71 168 0 2 0 0 6 0 0 0 0 3 0 0 0 2 0 0 0 0 0 0 2 0 0 0 0 0 0 2 0 0 0 0 2 0 3 3 0 0 3 0 5 0 0 0 0 0 0 0 0 0 0 0 0 0 0 0 0 0 0 0 7 14 3 16 22 20 6 14 11 21 26 27 0 1 14 15 10 0 1 0 0 0 0 0 0 0 0 0 0 0 0 0 7 0 0 0 0 0 13 0 0 0 0 4 0 0 0 1 4 0 0 0 6 0 0 0 0 0 0 0 0 0 0 2 0 1 0 0 0 1 0 0 0 0 0 1 3 0 0 0 0 8 75 12 13 0 0 33 1 27 11 3 6 1 51 16 29 22 1 14 0 0 0 0 0 1 0 16 0 0 0 0 0 0 0 1 0 0 0 0 0 0 0 0 1 0 0 0 0 0 0 0 0 0 0 0 0 0 0 1 0 0 4 0 0 0 0 0 0 0 0 0 0 0 9 2 2 0 3 2 4 0 69 0 0 0 0 0 0 0 0 0 0 0 0 0 1 0 0 22 0 20 0 0 0 10 0 0 0 0 
 0 3 0 0 87 162 1 6 2 2 0 0 3 0 205 0 2 0 0 0 39 196 30 341 191 136 191 190 89 191 86 132 124 126 252 0 44 142 29 281 1 0 0 6 3 0 0 1 0 5 0 0 4 2 6 0 0 1 0 66 2 0 0 0 0 1 0 2 0 0 2 0 0 0 7 3 0 0 3 0 0 0 0 0 0 0 0 0 17 0 0 0 0 19 0 0 0 0 0 0 9 0 57 0 1 0 0 21 19 18 19 36 0 0 0 0 0 0 0 0 41 0 0 0 0 3 18 0 0 0 0 0 12 0 12 9 0 0 13 0 0 0 6 4 0 19 0 0 0 0 0 0 0 0 0 0 0 0 0 6 0 0 0 0 0 0 0 0 0 0 0 0 0 0 0 5 0 0 0 0 0 26 23 14 18 0 0 31 18 34 38 21 0 9 0 11 15 57 0 17 0 4 0 0 0 0 8 0 0 0 0 0 3 0 10 0 0 0 16 0 0 0 0 0 0 0 0 0 0 0 0 0 0 0 0 0 0 0 0 0 0 0 11 0 0 0 0 0 0 0 0 0 0 16 9 0 2 74 0 1 1 8 0 0 0 0 8 0 0 0 0 0 0 0 0 0 0 0 0 0 0 19 0 0 0 3 10 0 0 0 
 0 0 0 0 0 74 1 0 0 0 2 0 2 0 0 1 0 2 73 0 41 428 207 68 74 46 201 404 46 203 389 79 162 124 27 44 0 67 183 119 0 0 0 37 64 0 31 0 0 3 0 1 0 2 0 3 0 1 0 0 2 0 0 0 0 0 0 2 0 0 0 10 42 0 6 3 0 2 3 4 0 0 0 0 0 0 0 0 0 6 0 0 0 0 0 0 0 0 0 0 15 17 0 29 47 27 1 0 0 13 0 17 14 16 0 2 23 9 8 46 0 0 0 0 3 0 11 10 9 0 0 0 7 0 0 0 0 0 1 19 0 2 0 1 0 0 0 0 0 0 9 0 0 0 0 35 0 9 0 0 0 0 0 0 1 0 0 0 0 0 2 19 0 0 0 0 0 0 0 0 24 35 15 10 14 1 0 0 39 19 9 0 19 0 1 11 0 32 10 20 10 1 0 0 0 0 0 0 0 0 0 0 0 0 0 0 0 0 27 0 0 0 2 0 0 0 0 0 0 0 0 0 0 0 0 0 13 0 0 0 0 0 0 0 0 1 1 0 0 0 0 0 0 0 9 2 1 36 112 2 2 0 0 0 0 0 0 0 0 0 0 0 0 3 0 0 0 0 0 0 0 0 0 0 0 0 0 0 0 0 
 0 0 0 0 0 0 0 3 0 0 25 0 0 3 0 0 3 0 1 0 275 123 277 163 118 63 139 35 149 180 137 160 131 92 84 142 67 0 123 156 60 62 0 0 3 0 0 64 0 3 0 0 0 2 0 0 0 1 19 0 2 0 0 0 0 0 0 2 0 0 0 0 0 0 3 3 0 0 3 0 0 0 0 2 0 0 17 0 0 0 0 0 2 0 0 1 0 1 0 0 2 0 27 12 12 16 34 22 0 78 33 13 0 28 0 0 15 10 0 38 13 0 0 2 0 0 16 8 0 0 0 0 1 9 13 0 0 0 8 14 0 0 0 0 0 0 0 0 2 13 0 0 2 9 0 1 0 1 0 0 0 0 0 0 0 2 1 1 0 0 0 6 0 3 0 1 0 0 0 0 0 15 47 17 12 0 0 47 0 0 2 15 47 26 0 0 19 35 0 0 8 7 1 0 0 0 22 19 0 0 0 0 17 12 1 0 17 0 53 1 0 0 0 0 0 0 0 0 0 0 0 0 0 0 0 0 0 0 0 0 0 0 0 0 0 0 0 0 0 0 0 0 0 0 6 0 0 2 2 0 3 0 0 0 0 0 0 0 0 0 0 0 0 0 0 0 0 0 0 0 0 0 0 0 0 0 0 0 0 0 
 3 10 75 0 102 0 0 2 78 75 118 0 0 0 0 0 0 82 6 2 245 44 100 157 60 360 110 320 75 92 104 56 170 337 71 29 183 123 0 299 2 2 0 4 3 0 0 0 0 4 5 0 0 2 0 0 9 0 0 0 2 0 0 3 2 0 1 2 0 2 0 0 0 4 3 4 0 0 4 0 0 0 0 7 0 16 0 0 0 1 14 0 0 0 0 0 0 0 0 0 13 25 0 19 13 0 13 14 35 11 0 1 13 29 13 0 19 14 21 24 0 0 0 0 0 0 0 0 0 0 0 0 0 0 0 0 0 1 7 0 0 0 0 0 0 0 0 0 0 0 0 0 0 5 0 0 0 4 0 0 0 6 0 0 0 4 0 0 0 0 0 17 0 0 6 0 1 0 0 0 37 44 35 0 0 0 15 13 21 0 1 0 8 6 22 26 11 1 14 6 0 0 0 0 0 0 0 0 0 0 0 0 0 0 0 0 0 0 0 0 0 0 0 0 0 0 0 0 0 0 0 0 0 0 0 0 11 11 0 0 0 0 0 0 0 0 0 0 72 38 8 0 0 0 15 0 0 0 76 1 2 2 0 0 0 0 0 0 0 0 0 0 0 0 0 0 0 1 0 0 0 0 0 0 0 0 0 0 0 0 
 62 2 2 4 160 81 4 2 4 44 25 2 5 3 4 2 4 19 3 2 75 195 362 67 88 52 218 225 323 84 127 334 217 218 168 281 119 156 299 0 0 68 1 0 3 2 0 9 0 3 0 0 19 2 8 0 3 1 2 0 2 0 0 0 0 1 0 2 0 0 0 0 0 3 3 3 0 3 3 0 0 0 0 0 15 8 0 0 0 0 8 12 0 0 0 9 0 0 0 0 0 15 61 11 13 0 66 17 46 10 0 6 13 32 0 0 16 20 18 55 0 0 0 0 0 0 0 0 0 0 0 0 0 0 2 0 0 0 5 0 0 0 0 4 0 0 0 0 4 0 0 0 1 0 0 0 0 4 0 0 0 4 6 12 8 2 0 0 0 7 17 8 0 0 14 0 0 31 0 0 28 35 43 1 0 0 7 38 48 14 13 0 27 25 0 141 20 10 27 31 0 0 0 0 0 0 0 0 0 0 0 0 9 0 0 2 0 0 0 0 0 0 0 0 0 0 0 0 0 0 0 0 0 0 0 0 11 0 0 2 0 1 0 0 0 1 0 0 0 75 0 0 0 0 2 0 2 0 77 0 5 0 0 0 0 0 0 0 0 0 0 0 0 0 0 0 2 0 0 0 0 0 0 0 0 12 0 0 0 0 
 0 2 0 0 0 0 0 2 22 0 0 0 2 0 0 0 5 3 0 0 4 1 0 123 128 196 0 0 7 0 3 60 2 3 0 1 0 60 2 0 0 201 94 114 35 31 284 76 35 32 39 51 190 135 65 148 47 184 234 175 0 0 0 0 0 0 0 0 2 0 0 0 8 0 0 0 0 0 4 0 0 0 0 0 1 3 0 0 0 0 9 10 0 0 0 0 0 0 0 0 0 4 1 3 11 11 0 0 3 0 9 10 0 0 7 3 4 0 1 0 0 0 0 15 0 0 9 6 0 0 7 13 0 29 3 1 9 0 0 11 0 0 0 0 0 0 0 0 0 0 0 0 0 0 0 18 0 0 0 0 0 0 0 0 1 0 0 0 0 0 1 11 0 0 0 0 0 0 0 0 1 0 0 0 11 18 3 0 0 1 3 24 0 0 3 0 0 0 0 0 36 3 1 10 0 0 17 9 9 11 0 7 20 7 1 0 11 0 9 12 0 0 0 0 0 0 0 0 0 0 0 0 0 0 0 0 0 0 0 0 0 2 0 0 0 0 0 0 0 33 0 4 0 2 0 0 0 62 0 0 0 61 0 0 0 0 0 0 0 0 0 0 0 0 0 3 0 0 0 0 0 1 0 0 0 0 0 0 0 0 
 3 3 3 3 38 3 3 3 9 4 3 3 4 3 3 5 3 3 3 3 68 1 4 0 1 0 0 0 0 0 61 55 2 0 2 0 0 62 2 68 201 0 132 128 102 40 160 75 27 62 97 386 122 268 223 80 172 110 335 48 0 0 0 4 0 0 0 0 1 3 0 5 0 3 0 0 5 0 0 0 0 0 0 0 0 0 0 0 0 0 0 0 0 0 0 0 0 8 0 0 0 0 8 0 10 0 8 0 0 0 0 0 9 11 11 0 0 0 0 0 0 10 0 64 3 0 0 12 6 21 16 14 0 17 11 2 0 8 17 0 21 0 0 0 0 0 0 0 3 0 0 0 3 0 6 0 0 1 0 15 0 0 0 0 0 0 0 0 9 0 0 0 1 0 0 0 0 0 0 0 0 0 0 0 0 10 0 11 0 0 0 0 0 19 0 0 10 11 0 0 6 12 10 0 9 0 0 0 1 0 0 1 0 0 0 0 0 34 0 0 14 1 0 0 0 0 2 0 1 0 0 0 23 9 0 0 0 0 0 10 0 0 0 0 33 0 0 0 0 0 0 3 0 0 0 0 0 0 0 0 0 0 1 0 3 2 0 2 2 0 0 0 0 2 0 0 0 0 0 0 0 0 0 0 0 16 0 10 0 0 
 0 0 0 0 0 1 6 6 1 2 7 4 1 4 0 0 1 0 5 0 5 1 0 0 0 65 0 0 1 0 3 0 1 1 0 0 0 0 0 1 94 132 0 458 160 42 97 157 203 400 126 57 276 340 72 119 75 42 144 34 2 0 6 0 4 10 0 0 19 6 0 0 51 0 0 0 0 0 0 51 1 5 6 5 0 0 0 1 10 0 6 0 0 0 0 0 1 8 0 0 14 0 0 0 0 0 0 0 0 0 0 0 0 0 0 0 0 0 0 0 0 10 51 12 21 0 0 0 17 19 18 6 10 10 0 10 14 10 0 0 10 0 0 0 0 0 0 0 0 0 0 0 1 4 5 6 0 0 0 0 4 4 9 6 0 1 0 0 0 2 0 18 2 5 0 0 0 0 0 0 0 0 0 0 0 15 0 0 0 0 0 0 0 0 0 0 0 0 0 0 0 0 12 9 1 14 0 0 7 35 32 10 0 0 5 22 0 0 0 10 9 0 0 0 0 0 11 0 0 0 0 0 12 12 0 0 0 0 0 0 0 0 42 0 0 0 0 0 0 0 0 9 0 1 0 0 0 0 0 39 0 0 1 0 68 16 1 0 0 0 10 0 0 0 0 0 0 0 0 0 0 0 0 0 33 10 0 0 0 0 
 0 1 0 0 4 0 1 5 0 0 2 0 4 3 0 1 8 1 3 0 2 0 4 4 1 3 0 11 0 0 10 0 1 0 0 6 37 0 4 0 114 128 458 0 221 80 216 230 79 130 233 270 59 193 399 162 183 88 180 134 1 2 0 0 0 4 0 0 1 0 0 0 0 0 0 0 2 3 91 1 0 0 1 0 0 0 0 0 0 0 0 0 0 0 0 0 0 0 0 0 0 0 0 0 5 7 0 0 0 0 1 3 0 7 0 0 0 3 0 0 0 32 0 68 11 0 0 25 14 3 22 22 13 4 3 3 1 33 0 0 0 0 0 0 0 0 7 0 0 0 0 0 10 3 9 0 0 0 0 0 0 0 0 0 0 0 0 0 6 0 0 0 0 0 0 0 0 8 0 0 0 0 0 0 3 0 0 1 14 38 0 1 0 0 0 2 0 0 0 3 23 8 23 0 0 4 0 0 2 18 10 37 0 0 41 0 8 19 13 0 0 0 0 0 0 0 4 0 0 0 0 0 24 12 0 0 0 0 0 17 0 0 1 0 0 0 0 0 0 0 0 6 0 1 0 0 0 0 4 2 0 13 1 0 2 4 0 7 2 0 12 0 0 1 0 0 0 0 0 0 0 4 0 0 14 0 0 0 0 0 
 0 0 0 0 0 0 0 3 0 0 0 0 0 0 0 0 0 0 0 0 5 10 5 6 3 3 3 3 3 3 3 3 4 3 6 3 64 3 3 3 35 102 160 221 0 187 349 162 78 357 289 49 68 165 89 162 195 376 103 161 0 0 0 5 0 0 0 0 2 0 0 1 0 0 0 0 7 0 51 0 0 0 0 0 0 0 0 0 0 0 0 0 0 0 0 0 0 0 0 0 0 0 0 0 0 0 0 0 0 0 0 0 0 0 0 0 0 0 0 0 0 27 40 37 10 20 0 6 18 0 22 13 9 13 22 0 13 34 0 0 0 0 0 9 0 0 0 0 0 0 0 0 10 4 18 19 0 0 9 14 0 0 0 0 0 0 0 0 6 0 0 0 5 0 0 0 0 0 10 0 0 0 0 0 0 0 0 0 0 0 0 0 0 0 0 0 0 0 0 0 18 0 24 0 13 29 0 10 27 10 35 17 0 0 8 0 25 0 0 4 13 0 0 0 0 0 21 0 0 0 0 0 12 21 0 0 0 0 0 28 0 0 0 0 0 0 0 0 0 0 0 13 0 1 0 0 0 0 0 0 0 0 6 0 2 2 0 0 0 0 9 0 0 12 0 0 0 0 0 0 0 0 0 0 38 0 0 0 0 0 
 0 0 0 0 0 0 0 0 0 0 0 0 10 0 0 0 0 1 0 0 1 0 1 0 0 0 0 0 0 0 66 0 0 0 0 0 0 0 0 2 31 40 42 80 187 0 25 26 45 51 90 263 27 58 64 57 80 126 254 47 76 3 2 0 0 30 54 49 1 2 0 0 26 3 3 40 0 3 53 0 0 0 0 0 0 0 0 0 0 7 0 7 5 0 5 0 1 0 0 0 0 0 0 0 0 0 0 0 0 0 0 0 0 0 0 0 0 0 0 0 0 0 0 0 8 34 0 0 0 0 0 10 0 0 0 0 0 5 0 0 9 11 0 7 7 0 14 0 1 14 0 0 19 2 0 11 14 10 43 7 4 0 0 0 1 0 6 0 0 1 4 0 13 0 4 0 1 0 20 0 0 0 0 0 0 0 0 0 0 0 0 0 0 0 0 0 0 0 0 0 0 0 0 14 11 6 0 0 0 0 13 0 0 0 0 0 0 0 0 0 6 8 2 0 0 0 10 18 26 30 16 0 0 1 11 0 0 22 14 24 11 0 0 0 0 0 0 0 0 0 0 3 0 2 0 0 0 0 0 1 0 20 17 64 0 2 1 0 1 0 0 0 0 0 0 0 0 0 0 0 0 0 0 0 0 0 0 0 0 0 
 0 0 0 0 0 0 0 0 0 0 0 0 1 0 0 0 2 0 0 0 0 0 0 0 0 0 0 0 3 0 0 0 1 0 0 0 31 0 0 0 284 160 97 216 349 25 0 126 47 29 154 92 215 256 170 155 270 122 73 146 3 0 3 0 0 0 0 3 0 0 0 0 0 3 0 0 0 0 1 2 0 0 0 0 0 0 0 0 2 0 10 0 0 0 0 0 0 0 0 0 0 0 0 0 0 0 0 0 0 0 0 0 0 0 0 0 0 0 0 0 0 35 26 67 18 4 0 28 33 0 60 7 9 15 29 28 13 17 26 0 4 0 0 3 0 0 11 0 1 0 15 0 0 5 16 0 0 0 0 0 0 0 0 0 0 0 0 0 10 0 0 0 7 0 0 0 0 0 0 0 0 0 0 0 0 10 0 0 0 0 0 0 0 0 0 0 0 0 0 0 20 43 53 0 9 3 0 11 28 17 0 38 0 0 24 2 15 27 0 0 0 0 0 0 0 0 13 7 0 0 0 0 37 1 0 2 0 0 0 19 0 0 1 0 0 0 0 0 0 0 0 5 0 0 0 0 0 0 0 0 0 0 1 0 1 1 0 65 0 0 9 0 0 0 0 0 0 0 0 0 0 0 0 0 7 1 0 10 0 0 
 0 0 0 0 0 0 0 0 0 1 0 0 1 0 0 0 0 0 0 0 2 0 0 65 34 63 1 0 7 0 2 0 1 3 0 1 0 64 0 9 76 75 157 230 162 26 126 0 173 76 110 34 306 234 161 178 42 53 68 87 0 0 0 0 0 0 0 0 0 0 0 0 0 0 0 0 4 0 0 1 0 0 0 0 0 1 0 0 0 0 0 0 0 3 0 0 0 0 0 0 0 0 0 0 0 0 11 0 0 0 0 0 0 0 6 0 4 0 8 0 0 16 11 37 34 0 0 6 8 7 21 8 13 0 29 32 0 15 0 17 0 0 0 0 2 0 11 0 0 0 0 5 1 3 41 0 0 0 0 0 5 0 12 0 8 0 0 0 0 0 14 0 0 7 0 0 0 0 0 0 0 0 0 10 8 0 0 0 0 0 0 0 1 0 0 9 0 0 7 2 0 29 26 0 0 3 0 25 1 17 0 29 7 0 36 0 12 24 0 6 0 0 0 0 0 0 3 0 0 5 0 0 65 11 0 0 0 0 0 0 0 3 10 0 0 0 0 0 0 29 0 9 0 2 0 0 0 0 0 0 0 0 1 0 67 0 2 71 0 0 12 0 0 0 0 0 0 0 0 0 0 0 0 0 5 0 0 8 0 0 
 0 0 50 0 0 0 0 0 61 1 0 0 0 3 0 0 3 0 0 0 0 0 0 0 0 65 0 2 0 0 209 0 0 0 0 0 0 0 0 0 35 27 203 79 78 45 47 173 0 184 188 175 86 93 82 70 48 51 175 287 9 0 0 0 0 0 51 0 4 0 0 0 46 4 0 1 0 0 51 98 0 0 0 0 0 0 0 0 0 0 0 0 0 0 0 0 0 0 0 0 0 0 0 0 0 0 0 0 0 0 0 0 0 0 0 0 0 17 0 0 0 0 18 0 25 0 0 0 27 34 11 0 0 22 1 28 12 13 0 0 1 0 0 0 0 0 0 15 0 0 0 0 0 0 0 7 23 0 0 0 0 0 0 0 0 0 0 0 0 6 0 0 0 7 0 0 0 0 0 0 0 0 0 0 0 12 0 0 0 0 0 0 0 0 0 19 0 0 0 0 1 4 23 14 23 25 0 0 27 38 30 0 0 0 0 28 9 15 0 16 6 0 0 0 0 0 7 0 0 0 0 0 41 37 0 0 0 0 50 0 0 0 9 0 0 0 0 0 0 0 0 6 0 1 0 0 0 0 0 13 0 0 42 1 7 16 3 0 0 0 0 0 0 0 0 0 0 0 0 0 0 0 0 0 5 17 0 10 0 0 
 0 0 0 0 0 0 0 4 0 0 0 0 1 0 0 0 0 0 0 0 3 3 4 3 3 80 3 3 3 3 3 3 5 3 3 5 3 3 4 3 32 62 400 130 357 51 29 76 184 0 394 110 56 303 110 240 111 58 189 75 16 0 1 0 0 9 92 0 59 0 0 0 77 51 54 15 6 6 53 50 0 0 0 0 0 0 0 0 0 0 0 0 0 0 0 0 0 0 0 0 0 0 0 0 0 9 0 0 0 0 0 0 0 0 0 32 0 0 0 0 0 9 72 0 14 11 0 0 31 35 22 0 0 9 0 14 18 0 0 0 1 0 0 8 0 17 0 0 0 5 0 0 0 0 0 2 10 0 0 0 12 0 0 0 0 0 0 0 0 5 0 0 0 0 0 0 0 0 0 0 0 0 0 0 0 21 0 0 0 0 0 0 0 0 0 0 0 0 0 0 0 0 0 9 33 15 0 0 11 31 12 1 0 0 21 25 0 11 0 32 2 0 0 4 0 0 0 0 0 0 0 8 25 23 11 0 0 0 7 0 0 0 11 0 0 0 0 0 0 0 0 6 0 0 0 0 0 0 0 29 14 0 0 2 69 13 0 0 1 0 0 0 0 0 0 6 0 0 0 0 0 0 0 0 0 38 0 0 0 0 
 0 0 6 0 0 8 0 0 0 0 0 0 0 0 0 0 4 0 2 0 2 0 2 0 2 0 0 0 0 0 0 0 3 0 0 0 0 0 5 0 39 97 126 233 289 90 154 110 188 394 0 213 28 60 148 77 102 381 329 111 0 0 0 8 0 8 29 0 5 2 0 2 51 0 0 9 26 5 25 50 0 0 0 0 0 0 0 0 0 0 0 0 0 0 0 0 0 0 0 17 0 0 0 0 0 0 0 0 0 0 0 0 0 0 0 0 0 0 0 0 0 0 24 36 11 19 0 6 4 16 19 53 13 0 9 11 0 1 2 0 0 0 0 7 8 29 0 0 0 0 0 0 19 4 25 17 11 0 0 0 3 0 0 0 0 0 0 0 0 3 0 0 0 0 0 0 0 0 0 0 0 0 0 0 0 12 0 0 0 0 0 0 0 0 0 0 0 0 0 0 10 12 15 20 42 25 0 0 0 16 30 4 0 0 32 0 0 5 0 0 6 0 0 3 0 0 10 0 9 0 0 8 12 12 10 0 0 0 7 12 0 0 0 0 0 0 1 0 0 0 0 69 0 0 0 0 0 0 0 0 0 0 0 65 61 12 3 0 0 0 13 0 0 0 2 6 0 0 0 0 0 0 0 0 14 0 0 12 0 0 
 0 0 0 0 0 0 0 0 0 0 1 0 0 1 0 0 0 3 0 0 0 0 0 0 0 0 0 0 0 0 2 0 2 0 0 0 1 0 0 0 51 386 57 270 49 263 92 34 175 110 213 0 29 54 258 45 77 290 45 58 53 0 0 0 0 0 24 53 0 0 0 6 52 51 50 5 0 0 47 50 0 0 0 0 0 0 0 0 0 0 0 0 0 0 0 0 0 6 0 0 0 0 0 0 0 0 0 0 0 0 0 0 0 0 0 0 0 0 0 0 11 6 13 0 10 30 0 5 1 26 13 0 0 3 22 25 1 0 0 12 0 0 0 8 0 0 0 0 0 0 0 0 16 10 0 8 12 0 10 0 2 0 0 0 0 0 0 0 0 14 0 0 0 0 0 0 0 0 0 0 0 0 11 0 0 40 0 0 0 0 0 0 0 0 0 0 0 0 0 0 0 14 12 14 37 17 0 0 0 22 8 0 12 5 0 2 2 17 0 3 7 0 5 1 0 0 1 27 22 0 12 0 29 13 19 0 0 0 26 25 7 0 0 0 0 0 0 0 0 0 0 11 0 1 0 0 0 0 0 6 0 0 4 61 107 29 0 0 0 0 0 0 0 0 0 0 0 0 0 0 0 0 9 0 4 0 0 11 0 0 
 62 0 0 0 0 0 0 2 0 1 0 0 0 0 22 0 0 0 0 0 0 0 0 0 21 3 0 0 0 0 0 9 0 50 0 4 0 0 0 19 190 122 276 59 68 27 215 306 86 56 28 29 0 183 138 32 92 27 287 65 0 2 0 0 0 3 0 0 2 1 7 0 1 0 12 8 7 1 8 0 0 0 0 0 0 0 0 0 0 0 0 0 0 0 0 0 0 0 0 0 0 5 0 0 14 0 0 0 0 0 0 0 0 0 0 0 0 0 0 0 9 23 0 6 0 0 23 0 25 0 10 23 29 0 8 15 7 1 16 11 0 0 0 0 0 0 0 0 0 8 0 3 0 0 0 2 0 0 0 0 0 18 0 0 0 0 0 0 0 0 0 0 0 0 0 0 0 0 0 0 0 0 0 0 9 10 0 0 0 0 11 3 0 0 0 0 0 0 0 0 18 42 0 3 0 0 23 0 1 11 0 5 23 0 39 14 0 0 35 11 0 0 0 7 0 8 0 0 0 0 0 10 0 0 0 0 0 0 0 2 0 0 0 0 0 0 0 0 0 0 0 5 0 0 0 0 0 67 0 0 0 0 0 0 0 0 1 0 2 0 0 0 0 0 0 3 0 0 0 0 0 0 0 0 0 0 0 0 0 0 
 2 2 2 2 2 2 2 2 2 2 2 2 2 2 2 2 24 2 2 2 5 2 4 73 158 93 2 2 20 2 2 44 2 2 2 2 2 2 2 2 135 268 340 193 165 58 256 234 93 303 60 54 183 0 232 56 38 90 114 158 0 0 0 5 24 3 1 0 0 3 0 0 0 3 0 1 0 5 3 0 0 0 0 0 0 0 0 0 0 0 0 0 0 0 0 0 7 0 0 0 0 0 0 0 0 0 0 0 0 0 0 0 0 0 0 0 0 0 0 0 0 0 18 55 1 0 15 27 5 0 20 7 10 8 37 18 8 4 25 0 0 0 0 0 7 6 7 0 0 1 0 0 0 5 6 0 0 0 0 0 0 0 0 0 0 0 15 0 0 0 0 0 0 0 0 0 0 0 0 0 0 0 0 0 0 0 0 0 0 10 15 0 0 0 0 0 0 0 0 0 23 27 31 19 0 25 10 9 4 30 0 47 7 0 59 11 53 39 0 29 0 0 0 1 0 0 38 0 0 0 0 0 0 0 0 0 0 0 0 0 0 0 0 0 0 0 0 0 0 0 0 4 0 0 0 0 0 0 0 0 0 0 2 0 2 0 0 10 0 0 7 0 0 0 0 0 0 0 0 0 0 0 0 0 9 0 2 0 0 0 
 1 2 1 3 5 1 2 7 1 6 3 1 3 3 2 5 1 5 3 1 0 0 3 0 0 3 0 0 0 0 0 0 0 0 0 6 0 0 0 8 65 223 72 399 89 64 170 161 82 110 148 258 138 232 0 155 50 141 129 198 0 0 0 0 0 0 0 0 0 0 0 0 0 0 0 0 0 0 0 0 0 0 0 0 14 0 0 8 0 0 0 0 0 0 0 0 0 0 0 0 0 0 40 0 0 0 6 0 0 0 0 0 0 0 0 0 0 0 4 2 0 35 16 52 0 0 8 28 7 1 30 21 10 14 19 41 8 0 16 0 0 0 0 0 0 0 6 0 0 0 0 0 0 1 8 0 0 0 0 0 0 0 0 0 4 0 0 0 0 0 4 0 0 0 0 0 0 9 0 0 5 0 0 0 0 15 0 0 0 0 13 0 0 0 0 1 0 0 10 3 45 21 14 5 0 0 19 0 1 19 0 39 0 0 20 9 31 10 0 19 0 0 0 0 0 0 0 0 0 0 0 0 0 0 0 0 0 0 0 38 0 0 0 0 0 0 3 0 0 29 0 13 2 2 0 0 0 0 0 0 0 0 2 0 3 0 3 49 1 2 10 0 0 0 0 0 0 0 0 0 0 0 0 0 1 0 0 0 0 0 
 0 0 3 0 0 4 6 0 0 0 0 0 3 0 0 0 2 0 0 0 3 1 0 1 0 0 0 0 8 0 0 0 4 6 0 0 3 0 0 0 148 80 119 162 162 57 155 178 70 240 77 45 32 56 155 0 246 295 87 78 0 3 2 6 4 2 56 3 2 10 3 4 54 2 7 4 3 2 52 51 0 0 13 11 0 5 0 0 0 0 0 0 0 0 0 0 0 0 8 0 0 3 2 3 0 0 0 0 3 0 0 0 0 0 3 3 9 0 2 0 0 31 0 21 0 0 0 59 0 17 9 18 0 7 12 11 0 49 0 0 13 0 0 0 0 0 6 0 0 0 0 0 10 0 0 0 0 0 0 0 0 0 0 0 1 0 0 0 10 0 0 0 0 0 0 0 0 0 0 0 0 1 0 0 0 0 5 0 0 0 0 0 11 1 5 0 0 0 0 16 21 10 11 0 2 0 0 0 8 0 29 8 0 0 0 0 14 27 0 0 0 0 0 0 12 0 0 0 0 0 1 0 0 20 0 0 0 0 8 16 0 2 0 0 0 1 0 0 0 0 0 20 0 0 0 0 0 0 0 0 0 0 1 0 1 0 2 39 1 0 0 0 0 0 0 0 0 0 0 0 0 3 0 0 8 0 0 0 0 0 
 0 0 61 0 0 0 0 0 0 1 0 0 6 0 0 0 0 5 0 0 0 1 0 0 0 24 0 0 0 64 0 0 0 0 0 0 0 0 9 3 47 172 75 183 195 80 270 42 48 111 102 77 92 38 50 246 0 177 28 115 0 0 4 8 2 0 56 8 0 2 0 0 51 4 0 1 7 0 32 53 0 0 0 0 0 0 0 0 0 0 0 0 0 0 0 0 0 0 0 0 0 0 0 0 0 0 0 0 0 0 0 0 0 0 0 0 0 0 0 0 0 11 0 15 33 27 0 6 0 31 0 25 0 12 1 1 0 23 0 0 31 0 0 4 0 0 4 0 16 0 0 0 4 0 23 25 9 0 0 13 0 0 0 0 0 0 0 0 0 0 0 0 0 0 0 0 0 0 0 0 0 0 0 0 0 1 0 0 0 0 0 0 0 0 0 0 0 0 0 0 28 0 0 1 15 3 9 0 7 0 42 10 0 0 0 0 0 23 0 0 12 3 0 0 0 0 32 8 1 0 0 0 18 9 0 28 0 0 7 2 0 0 0 0 0 2 0 0 0 0 0 4 0 1 0 0 0 0 0 1 0 1 2 0 1 0 1 3 0 0 0 0 0 0 0 0 0 0 0 0 0 0 0 0 8 0 0 0 0 0 
 0 0 0 68 0 2 0 0 0 0 0 0 6 0 0 0 3 0 0 0 5 3 2 0 0 0 1 2 2 1 3 1 5 3 0 1 1 1 0 1 184 110 42 88 376 126 122 53 51 58 381 290 27 90 141 295 177 0 309 250 0 6 3 5 0 2 0 3 0 5 0 3 7 2 2 0 10 0 12 3 0 0 0 0 0 0 0 0 0 0 0 0 0 0 0 0 0 0 0 0 0 0 0 0 0 0 0 0 0 0 0 0 0 0 0 0 0 0 0 0 0 29 22 54 9 2 7 29 0 19 30 38 13 12 0 16 4 17 0 0 18 0 0 1 0 0 0 0 0 0 0 0 16 1 37 33 20 0 4 19 0 0 0 0 0 0 0 0 5 0 0 0 1 0 0 0 0 0 0 0 0 0 0 0 0 0 0 0 0 0 0 0 0 0 0 0 0 0 0 0 19 0 1 28 18 8 18 0 1 3 21 43 0 0 10 0 0 0 22 0 21 0 0 0 0 0 14 0 1 0 0 0 17 4 15 13 6 0 0 25 0 0 0 0 0 1 0 0 0 0 0 5 0 1 0 0 0 0 0 0 0 13 2 0 0 5 3 0 0 0 12 0 0 0 0 0 0 0 0 0 0 4 0 0 0 0 0 0 0 0 
 2 2 2 6 2 2 5 2 2 2 2 2 2 2 2 2 4 4 2 4 36 0 63 65 8 49 0 0 0 0 0 1 4 0 0 0 0 19 0 2 234 335 144 180 103 254 73 68 175 189 329 45 287 114 129 87 28 309 0 387 5 21 0 0 0 0 0 0 10 2 0 20 10 0 2 6 0 0 5 0 0 0 0 0 0 0 0 0 0 0 0 0 0 0 0 0 0 0 0 0 0 0 0 0 0 1 10 0 0 0 6 1 0 0 0 0 0 9 0 0 9 3 0 15 0 0 0 6 18 0 2 13 0 17 1 0 0 0 0 14 0 4 3 0 0 0 0 4 0 0 1 3 0 9 0 9 1 12 0 0 0 0 0 0 0 0 0 0 0 0 0 0 0 0 0 0 0 0 0 0 0 0 0 0 11 26 0 0 0 0 0 11 0 0 0 0 0 0 0 0 47 11 0 5 0 0 17 9 0 13 0 8 7 9 8 10 10 13 19 19 0 16 10 0 0 0 0 0 7 6 14 0 0 0 0 0 2 4 0 0 0 0 0 0 0 0 0 0 0 0 0 9 0 0 0 0 0 1 0 1 0 1 2 0 0 1 9 0 0 0 9 0 1 1 0 0 0 0 0 0 0 0 0 0 0 1 0 0 0 0 
 0 0 0 0 0 0 0 0 0 0 0 0 0 0 0 0 3 0 0 0 0 1 0 92 1 0 0 0 2 0 66 92 1 0 0 66 0 0 0 0 175 48 34 134 161 47 146 87 287 75 111 58 65 158 198 78 115 250 387 0 0 0 0 0 0 4 0 0 0 0 0 0 0 0 0 0 0 0 0 0 0 0 0 0 5 0 0 0 0 0 0 0 0 0 0 0 0 31 0 0 0 0 14 0 0 0 0 0 0 3 0 0 0 0 0 0 0 0 0 0 0 39 6 31 10 0 19 9 7 0 46 22 37 28 3 0 12 17 53 0 0 0 0 0 0 0 0 0 0 0 0 0 0 3 5 0 0 0 5 0 0 0 0 0 0 0 0 0 5 0 0 0 1 0 0 0 0 18 0 0 0 0 0 0 4 0 0 0 10 7 19 19 0 40 0 0 0 0 0 0 31 0 13 0 8 11 5 13 22 39 0 30 0 20 42 17 64 0 0 28 0 0 0 0 0 0 11 0 0 0 0 0 12 0 0 0 0 0 0 69 0 0 0 0 0 0 0 0 0 0 0 4 0 4 0 1 0 2 0 0 0 0 2 0 0 2 7 0 0 0 23 0 0 0 0 0 0 0 0 0 0 0 0 0 14 0 3 0 0 0 
 0 0 0 0 0 0 0 0 0 0 0 0 3 0 0 0 0 0 0 0 2 2 2 2 4 9 2 2 2 2 2 2 2 2 2 2 2 2 2 2 0 0 2 1 0 76 3 0 9 16 0 53 0 0 0 0 0 0 5 0 0 88 473 83 32 21 66 205 42 84 32 285 157 67 258 248 26 23 114 92 0 0 0 0 0 0 0 0 0 0 0 0 0 0 0 0 0 0 0 0 0 0 0 0 0 0 0 0 0 0 0 0 0 0 0 0 0 0 0 0 0 6 4 0 0 21 0 0 30 0 6 10 0 6 0 0 13 0 0 0 14 8 12 0 0 0 16 18 0 8 20 0 0 0 3 32 16 47 6 9 0 0 0 0 5 0 0 0 0 19 0 0 0 0 0 0 0 0 19 27 0 0 0 0 0 2 9 8 0 0 0 0 0 0 0 0 0 0 0 0 0 0 4 0 0 0 0 9 9 0 0 0 0 0 0 4 0 0 0 34 4 21 0 35 15 0 32 5 9 13 23 0 0 0 10 1 11 42 12 20 14 0 11 0 0 0 0 0 0 0 0 0 0 0 4 0 0 0 0 0 0 0 0 0 0 0 10 0 0 0 22 0 61 15 0 0 0 0 0 0 0 0 0 0 0 10 0 0 0 0 
