 0 277 212 45 39 48 297 58 28 106 238 36 197 218 44 31 74 70 138 161 0 3 2 0 0 0 2 0 0 0 1 0 0 0 0 3 0 0 0 0 0 1 2 0 0 0 0 0 3 0 0 0 3 0 0 0 0 0 0 0 0 0 3 0 3 0 3 0 3 0 0 0 30 0 0 0 0 0 1 0 51 26 70 0 0 0 12 24 1 30 24 0 3 2 31 19 13 16 17 18 0 0 0 0 0 0 0 36 0 0 0 0 0 0 0 0 0 0 0 0 0 0 0 0 0 0 36 0 0 0 21 0 0 0 0 0 0 0 0 0 0 0 0 0 2 0 12 0 11 0 0 0 0 0 0 0 0 0 0 0 1 0 0 9 0 0 21 1 0 7 0 0 29 32 0 16 1 0 45 19 0 0 0 0 0 0 0 0 0 0 0 0 0 0 0 0 0 0 0 0 0 1 0 0 0 0 0 0 0 0 0 0 0 2 0 0 0 0 0 0 0 0 0 0 0 0 0 0 0 0 0 0 0 0 0 0 0 0 0 0 0 0 0 0 0 2 0 0 0 2 0 30 14 0 0 0 0 0 0 0 0 0 10 0 0 0 1 0 0 0 0 0 0 0 0 0 19 0 0 0 0 0 0 0 0 0 0 0 0 0 
 277 0 384 79 257 256 365 169 47 120 122 413 287 169 365 76 392 131 78 137 0 3 0 33 5 0 76 0 0 0 1 0 0 0 0 3 2 0 0 2 0 1 2 0 0 0 0 0 3 0 0 0 3 1 5 5 0 0 0 0 0 0 3 0 3 0 3 0 3 0 0 0 0 0 0 0 0 0 0 0 5 54 15 55 0 0 31 12 21 43 39 39 26 16 0 31 18 16 16 0 0 0 0 0 0 0 0 1 0 0 0 0 1 0 0 0 0 0 0 0 0 0 0 0 0 0 0 0 0 0 0 0 0 0 0 0 0 0 0 0 0 0 0 0 0 0 0 8 0 0 4 0 0 2 0 6 0 0 0 0 16 32 19 16 0 0 0 10 37 21 0 16 12 22 1 20 15 25 0 6 0 2 0 0 0 0 10 0 0 0 0 0 0 0 0 0 0 0 18 25 0 0 0 0 1 0 0 0 2 0 0 0 0 0 0 0 0 0 0 0 10 0 0 0 8 0 0 0 0 0 0 0 0 0 0 0 0 0 0 0 0 0 0 0 0 4 2 0 1 0 0 9 12 0 0 0 0 0 0 0 0 0 0 0 0 0 0 0 0 0 0 0 0 0 0 0 10 0 0 0 0 0 0 0 0 0 0 0 0 0 
 212 384 0 201 37 32 214 100 126 147 69 120 76 146 140 42 174 347 238 93 0 3 0 0 0 3 137 3 0 0 2 0 0 2 1 3 207 0 2 3 0 1 2 0 0 0 0 0 8 0 4 1 3 9 5 8 3 58 0 0 0 1 5 0 3 0 5 0 3 0 0 0 0 0 60 0 0 0 2 0 23 21 18 19 1 0 33 12 36 51 39 23 1 0 0 20 18 9 12 0 0 0 0 0 0 0 53 0 0 0 0 0 0 11 0 0 1 1 39 0 0 0 0 0 0 0 0 0 0 0 2 0 0 0 0 0 0 0 0 0 0 0 0 0 0 0 0 0 2 0 0 0 0 1 0 0 2 0 0 0 62 11 10 15 11 1 14 25 19 4 0 32 0 16 0 18 2 10 12 18 0 0 0 0 0 0 10 0 0 0 0 0 0 2 0 0 0 0 18 21 0 0 0 0 0 0 0 0 9 0 1 0 0 0 0 0 1 0 0 0 0 0 0 0 0 0 0 0 0 0 0 0 2 0 0 0 0 0 0 0 0 0 0 0 0 3 35 0 3 0 0 0 23 0 0 20 0 0 0 0 0 0 0 0 0 0 0 0 0 0 0 0 0 0 0 0 0 0 0 0 0 0 0 0 0 0 0 0 0 0 
 45 79 201 0 172 41 186 173 248 98 153 92 92 182 63 221 322 154 143 66 0 3 0 0 0 0 162 88 0 1 1 0 81 0 0 78 0 0 37 22 0 4 2 0 0 0 0 0 3 0 0 0 3 7 0 0 0 0 0 0 0 0 3 0 3 0 3 0 3 0 0 0 0 0 0 0 0 0 0 0 0 0 8 2 59 23 0 18 10 12 14 0 0 11 0 0 15 0 0 0 37 13 0 0 0 0 39 0 1 0 0 0 80 33 15 20 2 2 6 44 0 0 0 0 0 0 0 0 0 0 1 0 0 0 0 0 1 0 0 2 0 0 5 0 0 0 0 0 1 10 0 0 0 0 0 1 0 0 0 12 30 0 0 41 80 14 0 0 12 2 19 16 0 0 10 10 21 8 0 6 3 0 0 1 0 16 8 0 8 0 0 0 21 1 9 0 14 0 21 0 0 0 0 0 14 0 0 0 0 0 2 0 0 0 0 0 2 0 0 0 0 0 0 0 18 0 0 0 0 0 0 0 0 0 0 0 0 0 0 0 0 3 0 0 0 3 0 0 87 1 15 3 2 0 0 0 0 0 0 0 0 0 0 0 0 4 0 0 0 0 0 0 0 0 0 29 0 0 0 0 0 0 0 0 0 0 0 0 0 0 
 39 257 37 172 0 330 36 69 310 307 286 171 66 61 159 176 258 62 43 80 78 62 77 0 1 1 230 75 0 0 76 0 1 0 222 61 0 0 224 154 0 69 2 0 0 2 0 0 3 3 1 1 3 20 2 0 0 62 0 5 0 0 3 0 3 3 3 0 3 2 0 4 0 0 0 0 0 0 2 0 0 11 4 9 25 19 0 0 0 0 0 42 0 0 10 20 0 0 0 0 26 1 0 0 0 0 53 20 17 0 0 4 19 21 15 20 26 7 21 16 0 0 0 0 0 0 0 0 0 0 0 0 0 0 0 0 0 0 0 0 0 0 0 10 4 1 0 0 0 0 0 0 0 0 0 0 0 0 0 0 14 1 12 0 6 63 0 0 1 0 9 0 0 0 0 0 0 0 0 0 2 0 0 0 0 0 20 0 53 23 0 0 74 11 24 1 13 0 12 29 1 0 0 0 0 0 0 0 0 0 0 0 0 0 0 0 0 0 0 0 0 0 0 0 0 0 0 0 0 0 0 0 0 0 0 0 0 0 0 0 0 0 0 0 0 3 2 0 5 147 3 2 0 0 0 0 0 1 0 0 0 0 0 0 0 0 0 0 0 0 0 0 0 0 0 0 0 0 0 0 0 1 0 0 0 0 0 0 0 0 
 48 256 32 41 330 0 25 21 124 58 67 50 52 38 155 146 75 137 24 279 172 225 22 2 0 0 85 76 0 0 2 3 2 0 149 92 62 0 152 177 0 1 2 3 0 0 2 0 6 0 0 1 3 2 21 10 3 64 0 0 0 0 3 0 3 0 6 25 3 0 0 0 8 0 3 0 0 0 5 3 0 20 0 0 26 16 1 9 10 1 6 11 0 0 0 12 0 0 0 0 11 2 15 6 0 0 15 9 9 13 0 0 22 13 11 16 12 9 59 20 0 2 0 0 2 0 0 0 0 0 0 0 0 0 0 0 0 0 0 0 0 0 0 0 3 0 0 0 0 0 0 0 0 0 0 0 0 0 0 5 0 1 14 0 20 14 0 11 18 4 0 0 0 0 0 0 3 0 0 0 2 14 12 12 0 0 20 0 58 0 0 0 43 31 33 1 14 0 47 84 0 0 0 0 0 0 0 0 0 0 0 0 0 0 0 0 0 0 0 0 0 0 1 0 0 0 0 0 0 0 0 0 0 0 0 0 0 0 0 0 0 0 0 0 0 2 6 0 1 6 1 17 0 0 0 0 0 2 2 0 2 0 0 0 0 0 0 0 0 0 0 0 0 0 0 0 0 0 0 0 0 0 0 0 0 0 19 0 0 0 
 297 365 214 186 36 25 0 173 247 127 300 56 389 151 196 38 82 228 235 199 0 6 0 0 0 0 2 3 0 0 0 3 0 3 0 5 2 2 1 0 0 6 4 3 0 0 0 0 3 0 0 0 6 0 2 0 3 0 0 0 0 0 3 0 3 2 3 0 2 33 0 0 0 0 2 0 0 6 3 0 37 1 34 14 0 6 39 0 0 14 14 0 0 2 0 0 3 26 26 1 0 0 0 0 0 0 0 2 1 0 0 0 0 0 0 0 0 0 0 4 0 0 0 0 0 0 0 0 0 0 0 0 0 0 0 0 0 0 0 0 0 0 0 0 0 16 0 0 0 0 0 0 0 0 0 0 0 0 0 0 0 12 20 23 0 0 34 0 0 30 32 10 28 13 4 0 2 26 19 10 0 0 0 0 0 0 0 0 0 0 0 0 0 0 0 0 0 0 17 0 0 0 0 0 0 0 0 0 0 0 0 0 0 0 0 0 0 0 0 0 0 0 0 0 0 0 0 0 0 0 0 0 0 0 0 0 0 0 0 0 0 0 0 0 0 1 105 0 1 1 3 7 0 0 1 0 0 0 0 0 0 0 0 0 0 0 0 0 0 0 0 0 0 0 0 0 0 0 0 0 0 0 0 0 0 0 0 0 0 0 
 58 169 100 173 69 21 173 0 352 44 131 46 74 163 432 205 253 46 156 61 0 7 0 0 124 0 64 0 0 0 2 0 0 0 0 3 0 0 0 71 0 0 4 0 2 0 0 0 4 0 0 5 4 2 0 0 0 0 0 0 0 0 3 0 4 0 3 1 3 0 0 4 0 0 0 0 0 0 3 0 0 31 10 19 25 26 1 18 12 19 9 18 5 24 12 24 3 10 0 0 0 1 0 0 0 0 10 0 0 0 0 0 15 0 0 0 0 0 2 11 0 0 0 0 0 0 10 0 0 0 0 0 0 0 0 0 0 0 0 0 0 0 0 0 0 0 0 0 0 0 0 0 0 4 0 6 0 0 0 0 70 12 35 11 57 17 18 0 17 0 32 0 23 0 28 16 37 9 23 19 0 0 0 0 0 0 44 0 0 0 0 0 0 0 0 0 0 0 19 0 0 0 0 0 0 0 0 0 0 0 0 0 0 0 0 0 12 0 0 0 0 0 0 0 0 0 0 0 0 0 0 0 0 0 0 0 0 0 0 0 0 0 0 0 0 2 0 0 88 90 15 17 0 0 0 0 0 0 0 0 0 0 3 0 0 0 0 0 0 0 0 0 0 0 0 0 0 0 0 0 0 0 0 0 0 0 0 0 0 0 
 28 47 126 248 310 124 247 352 0 353 141 43 107 85 167 187 224 132 67 50 0 3 2 0 0 0 2 0 0 0 0 0 0 0 0 3 0 2 0 0 0 4 2 1 0 0 0 0 9 0 0 0 3 2 22 10 0 0 0 2 0 0 5 0 3 0 3 0 2 0 0 1 0 0 0 0 0 0 0 0 20 33 0 2 14 10 0 23 50 0 17 12 28 36 94 7 16 25 29 0 0 0 0 0 0 2 23 0 0 0 0 0 14 8 0 0 0 0 62 0 0 0 1 0 0 0 0 0 0 0 0 0 0 0 0 0 0 0 0 0 0 0 0 0 0 0 0 0 0 0 0 0 0 0 1 0 0 0 0 2 63 12 25 0 9 3 0 29 22 0 2 40 0 11 17 0 35 1 13 3 0 0 0 0 0 0 7 0 0 0 0 2 0 12 0 0 0 0 12 12 0 0 0 0 1 0 0 0 0 0 0 0 0 0 0 0 0 0 0 0 0 0 0 0 0 0 0 0 0 0 0 0 0 0 0 0 0 0 0 0 0 1 18 0 0 1 1 0 2 1 1 10 1 0 0 0 0 0 0 0 0 0 0 0 0 0 0 0 0 2 0 0 0 0 0 0 0 0 0 0 0 0 0 0 0 0 0 0 0 0 
 106 120 147 98 307 58 127 44 353 0 145 140 231 359 181 277 265 144 162 88 0 4 0 2 0 0 4 0 0 1 1 3 1 6 0 4 1 0 0 1 1 10 2 6 5 0 3 6 12 0 2 0 3 4 1 2 6 0 2 1 8 2 5 2 4 0 3 0 6 0 0 1 3 2 0 0 0 0 1 4 1 0 17 14 0 0 10 11 31 1 0 0 15 14 28 2 21 26 16 0 0 0 0 0 0 0 16 0 0 2 0 24 0 19 0 0 0 0 2 0 0 1 0 0 0 0 0 0 0 0 7 0 0 0 0 0 0 0 0 2 0 0 0 0 0 0 0 0 0 0 0 0 15 0 0 0 0 0 0 0 0 22 13 14 0 1 1 25 13 18 0 28 10 30 18 13 0 10 1 10 0 0 0 0 0 0 0 0 0 0 34 0 0 0 0 0 0 0 1 0 0 0 0 0 0 0 0 0 0 0 0 0 0 0 0 0 0 0 0 0 0 1 1 13 2 0 0 0 1 2 1 0 0 2 0 0 0 1 0 1 0 0 0 0 0 2 5 0 2 0 0 4 11 2 0 0 2 0 0 0 0 0 30 0 0 0 0 0 0 0 0 0 0 0 0 11 0 0 0 0 0 0 0 0 0 0 0 0 0 0 
 238 122 69 153 286 67 300 131 141 145 0 274 358 47 141 274 197 134 260 45 1 4 0 0 0 0 76 79 1 6 1 2 98 24 1 78 0 94 102 35 0 3 2 0 0 0 0 0 3 0 0 0 3 23 2 0 0 0 0 2 0 0 3 0 3 0 3 0 3 0 0 0 0 0 0 0 0 0 1 0 0 1 7 0 22 8 0 14 21 6 1 27 7 54 4 0 23 25 1 0 22 6 0 14 0 0 0 15 0 0 0 0 27 0 34 15 1 0 10 24 0 0 0 0 0 0 0 0 0 0 0 0 4 1 0 0 0 0 0 10 0 0 0 0 2 0 0 0 0 0 0 0 0 0 0 0 0 0 0 0 32 0 29 9 7 45 0 20 1 7 36 28 10 0 33 13 3 23 0 19 22 0 0 0 0 0 0 0 10 1 0 0 0 0 1 0 17 0 13 0 0 0 0 0 14 0 0 0 0 0 0 0 0 0 2 0 0 0 1 0 0 0 0 0 0 0 0 0 0 0 0 0 0 0 0 0 0 0 0 0 0 0 0 0 2 0 90 1 2 103 13 2 31 2 0 0 0 0 0 0 0 0 0 0 0 0 0 0 0 0 0 0 0 0 0 21 0 15 0 0 0 0 0 0 0 0 0 0 0 0 
 36 413 120 92 171 50 56 46 43 140 274 0 48 119 24 139 264 39 123 34 0 3 2 0 0 3 150 3 0 0 0 0 1 2 75 78 4 0 97 66 0 3 2 1 0 0 0 1 3 0 1 0 3 12 1 2 10 0 0 0 0 0 9 0 3 0 7 0 2 0 0 2 0 0 0 0 0 0 0 0 0 28 0 21 30 8 15 4 42 41 12 18 11 43 23 14 55 15 0 0 21 10 0 1 0 0 0 10 0 0 9 0 21 1 15 20 21 0 0 14 0 0 0 0 0 0 0 0 0 0 0 17 0 0 0 0 0 0 0 0 0 0 0 0 0 0 0 0 0 0 5 0 18 0 0 1 0 0 0 0 48 7 27 0 25 14 14 39 1 9 1 40 0 0 24 14 22 1 0 0 0 0 0 0 0 0 16 0 11 0 0 0 0 0 0 0 17 0 0 0 0 0 0 0 20 0 0 0 0 0 0 0 0 0 0 0 0 0 0 0 0 0 0 0 0 0 0 0 0 0 0 0 0 0 0 0 0 0 0 0 0 0 0 0 0 4 0 2 86 8 0 4 1 0 0 0 0 0 0 0 0 0 0 0 0 0 0 0 0 10 0 0 0 0 0 0 0 0 0 0 0 0 0 0 0 0 0 0 0 0 
 197 287 76 92 66 52 389 74 107 231 358 48 0 318 54 64 118 26 296 286 0 4 6 9 0 11 5 3 0 6 2 3 4 3 6 11 36 0 0 2 0 0 2 4 3 0 0 0 7 0 2 4 3 0 0 0 7 2 0 1 0 0 4 2 4 8 3 0 3 4 0 6 0 0 0 0 4 11 6 0 10 0 29 0 0 8 12 10 0 2 0 0 0 11 10 0 4 9 30 41 0 0 0 0 0 0 0 8 0 0 0 0 0 0 0 0 2 0 0 19 0 0 0 0 0 0 0 0 0 0 0 0 0 0 0 0 0 0 0 0 0 0 6 0 0 0 0 0 0 0 0 0 0 0 0 1 0 0 0 0 4 13 17 10 0 3 20 0 29 46 31 1 14 30 7 0 0 12 71 21 0 0 0 0 0 0 0 0 0 0 0 0 19 0 0 0 0 0 17 0 0 0 0 0 0 16 2 0 0 0 2 0 0 0 0 0 2 0 0 0 0 0 0 0 0 2 0 0 0 0 0 0 0 0 0 0 0 0 0 0 0 0 0 0 0 0 2 0 3 0 11 2 0 0 0 0 0 0 0 0 0 0 21 0 0 0 0 0 0 0 0 0 0 22 0 0 0 0 0 0 0 0 0 0 0 0 0 0 0 0 
 218 169 146 182 61 38 151 163 85 359 47 119 318 0 301 25 79 114 144 558 0 5 0 0 0 8 2 3 0 0 1 0 0 2 0 3 1 0 2 3 0 2 2 2 0 1 0 0 3 0 0 8 3 4 2 3 34 0 0 3 0 0 8 0 3 0 7 0 3 2 0 0 0 0 0 0 0 3 0 3 19 21 99 28 7 7 10 14 13 1 13 0 0 0 7 19 0 7 26 0 0 0 0 0 0 0 0 13 0 0 0 0 1 0 0 0 0 0 0 0 0 0 0 0 0 2 0 0 1 0 0 0 0 0 0 0 0 0 0 0 0 0 0 0 0 0 0 0 0 0 0 0 0 0 0 0 0 0 0 0 1 11 0 23 11 0 17 0 0 8 0 31 96 15 0 0 20 27 29 1 0 1 0 0 0 0 2 0 0 0 0 0 0 0 1 0 0 0 0 2 0 0 0 0 2 0 0 0 1 0 0 0 0 0 0 0 0 0 0 0 0 0 0 0 0 0 0 0 0 0 0 0 0 0 0 0 0 0 0 0 0 0 0 0 0 1 87 2 4 0 1 2 0 0 0 0 0 0 0 0 0 0 1 0 0 0 0 0 0 0 0 0 0 0 0 0 10 0 0 0 0 0 0 0 0 0 0 0 0 0 
 44 365 140 63 159 155 196 432 167 181 141 24 54 301 0 161 297 119 73 238 0 3 0 0 5 0 3 4 0 0 127 0 72 0 2 0 0 0 0 0 2 3 0 3 2 1 2 0 0 0 0 0 0 0 5 4 0 4 0 0 2 0 0 0 0 3 0 0 0 0 0 0 0 2 0 0 0 0 0 2 8 31 28 11 0 8 13 1 14 0 10 88 36 10 0 22 13 9 65 0 0 0 0 0 9 0 0 12 0 0 0 0 0 0 0 0 0 0 14 7 0 0 0 0 0 0 0 0 0 0 0 0 0 0 0 0 0 0 0 0 0 0 2 0 0 0 0 0 0 0 0 0 0 7 0 11 0 0 0 0 5 21 35 68 0 22 43 11 37 24 75 9 81 0 7 4 41 81 0 11 0 0 0 0 0 0 10 0 0 0 0 0 0 0 0 0 0 0 28 21 0 0 0 0 0 11 0 0 0 0 35 0 0 0 0 0 0 0 0 0 0 0 0 7 0 0 0 0 0 0 0 0 0 0 0 0 0 0 0 0 0 0 0 0 0 0 88 0 1 49 12 6 0 0 0 0 2 0 0 0 0 0 0 0 0 0 0 0 0 0 0 0 0 0 0 0 0 0 0 0 0 0 0 0 0 0 0 0 0 0 
 31 76 42 221 176 146 38 205 187 277 274 139 64 25 161 0 221 139 38 55 2 3 0 74 0 0 2 3 0 2 1 0 78 77 0 3 0 3 2 0 0 2 4 0 3 0 0 0 3 0 0 0 3 1 2 7 0 4 0 0 0 2 6 0 3 2 4 0 3 0 6 4 0 0 0 3 3 1 1 0 23 24 10 0 10 10 0 20 39 0 18 66 0 33 16 6 1 0 16 0 0 0 0 0 0 0 35 0 0 0 0 0 17 1 0 0 0 0 37 0 0 0 0 0 0 0 0 0 0 0 0 0 0 2 0 0 0 0 1 0 0 0 16 0 0 0 0 0 0 0 0 0 0 0 0 0 0 2 0 0 16 21 31 0 0 22 0 52 30 1 12 20 0 13 19 0 14 16 14 11 9 0 0 0 0 0 7 0 0 0 0 0 0 18 0 1 0 0 15 15 0 0 0 0 1 0 0 0 0 0 0 0 0 0 0 0 0 0 0 0 0 0 0 0 0 0 0 0 0 2 0 0 0 0 0 0 0 0 0 0 0 1 0 0 0 0 9 0 1 2 0 2 0 0 0 0 0 0 0 2 0 0 0 0 0 2 1 0 0 0 0 0 0 0 1 4 0 0 0 0 0 0 0 0 0 0 0 0 0 0 
 74 392 174 322 258 75 82 253 224 265 197 264 118 79 297 221 0 69 60 156 0 5 0 0 0 0 2 2 0 0 1 0 76 74 0 75 0 2 0 5 0 2 2 0 0 0 0 0 3 0 0 0 3 1 0 1 0 0 0 0 0 0 3 0 3 0 3 0 3 0 0 0 0 0 0 0 0 0 50 0 12 0 10 22 2 0 27 37 30 1 0 1 43 28 1 10 7 11 0 0 0 0 0 0 0 2 79 0 0 0 1 0 0 0 0 0 0 0 30 0 0 0 0 0 0 0 0 0 0 0 0 0 0 0 0 0 0 0 0 2 0 0 0 0 0 0 0 0 0 0 0 0 0 0 1 0 0 0 0 2 3 2 1 11 10 1 0 14 0 16 11 61 5 4 22 13 39 42 0 1 10 0 0 0 0 0 0 0 0 0 1 2 0 0 0 0 0 0 0 0 0 0 0 0 0 0 0 0 0 0 0 0 0 0 0 0 0 0 0 0 0 0 0 0 0 0 0 0 0 0 0 0 0 0 0 0 0 0 0 0 0 0 0 0 0 3 94 1 4 2 0 8 12 0 0 0 0 0 0 0 0 0 0 0 0 0 0 0 0 2 0 0 0 0 0 6 0 1 0 0 0 0 0 0 0 0 0 0 0 0 
 70 131 347 154 62 137 228 46 132 144 134 39 26 114 119 139 69 0 50 27 0 3 0 0 0 0 100 3 0 0 2 0 138 75 0 4 0 0 1 72 0 1 2 0 0 0 0 0 2 0 0 2 3 2 0 6 0 0 1 0 0 0 3 0 2 0 38 1 3 0 0 0 0 0 0 0 0 0 3 0 0 10 8 10 0 19 0 1 2 15 60 11 12 0 22 32 0 8 0 0 2 10 0 0 0 0 20 0 0 0 0 0 34 0 1 0 0 0 30 40 0 0 0 0 0 0 2 0 0 19 0 0 0 0 0 0 0 0 0 0 0 0 0 0 0 0 0 0 0 0 0 0 0 0 0 1 0 0 0 0 0 0 0 0 0 0 0 0 9 3 83 0 0 0 0 14 25 41 0 0 10 0 0 0 0 0 6 0 0 0 0 0 25 29 0 0 0 0 0 0 0 0 0 0 0 0 2 0 0 0 0 0 0 0 0 0 0 0 0 0 0 0 0 0 0 2 0 0 0 0 0 0 0 0 0 2 9 0 0 0 0 24 0 0 0 0 1 0 0 97 0 13 0 0 0 0 0 0 0 0 0 0 0 0 0 0 0 0 0 0 0 0 0 0 0 26 28 5 0 0 0 0 0 0 0 0 0 0 0 2 
 138 78 238 143 43 24 235 156 67 162 260 123 296 144 73 38 60 50 0 152 0 3 31 0 1 0 2 0 31 1 0 32 0 0 0 3 0 0 0 0 0 3 2 1 0 0 12 0 3 0 0 0 24 0 0 0 0 0 21 0 0 0 3 0 3 0 3 0 1 0 0 0 0 0 0 0 0 2 0 0 28 13 6 17 0 0 62 1 1 46 15 12 9 14 0 17 3 9 13 0 0 0 0 0 0 0 0 0 0 0 0 0 0 0 0 0 0 0 0 0 0 0 0 0 0 1 0 0 2 0 0 0 0 0 0 0 0 0 0 0 0 0 2 0 0 0 0 0 0 0 9 0 0 2 0 8 0 0 0 0 44 10 16 1 10 5 14 0 15 10 1 0 18 14 16 32 15 0 21 18 0 0 0 0 0 0 0 0 0 0 0 0 1 0 2 0 0 0 0 0 0 0 0 0 0 0 0 0 0 0 0 10 0 0 0 0 0 0 0 0 0 0 0 0 0 0 0 0 0 0 0 0 0 0 0 0 0 0 0 0 0 0 0 0 0 0 2 0 1 0 0 12 0 0 0 0 0 0 0 0 0 0 0 0 0 0 0 0 0 0 0 0 0 0 0 0 0 0 0 0 0 0 0 0 0 0 0 0 0 0 
 161 137 93 66 80 279 199 61 50 88 45 34 286 558 238 55 156 27 152 0 0 3 0 0 0 0 3 0 0 2 2 0 0 0 0 3 0 0 0 0 0 0 2 0 0 0 0 0 2 0 0 1 65 0 2 3 2 0 0 0 0 0 3 0 3 0 3 0 54 0 0 0 0 0 0 0 0 4 3 0 10 39 23 14 0 0 27 10 10 0 0 7 4 0 0 7 0 0 36 30 0 0 0 1 0 0 10 0 0 0 0 2 0 2 0 0 0 0 0 1 0 0 0 0 0 0 0 0 0 0 0 2 0 0 0 1 16 0 0 0 2 0 3 0 0 0 0 0 0 1 0 0 0 0 0 0 0 0 0 0 7 17 7 14 0 6 15 10 13 0 4 11 4 17 0 0 1 17 42 0 0 0 0 0 0 0 0 0 0 0 0 0 0 0 0 0 0 0 15 21 0 0 0 0 0 0 0 21 0 0 0 0 0 0 0 0 0 0 0 0 0 0 0 0 1 0 0 0 1 0 2 2 0 0 0 0 0 0 0 0 0 0 0 0 0 0 51 3 2 2 2 11 0 2 0 0 0 0 0 0 0 0 0 0 0 38 0 0 0 0 0 0 0 0 0 0 0 0 0 0 0 0 0 0 0 0 0 0 0 0 
 0 0 0 0 78 172 0 0 0 0 1 0 0 0 0 2 0 0 0 0 0 655 252 76 38 30 72 95 71 32 107 39 154 348 76 205 193 112 336 218 0 5 2 3 1 39 3 0 0 0 1 0 8 0 32 0 3 1 0 0 0 0 7 2 0 0 0 25 4 0 47 2 9 0 0 0 0 0 0 0 0 0 0 0 0 25 15 2 0 0 0 0 0 15 0 0 0 0 0 0 21 0 41 15 24 10 10 16 0 25 49 11 0 1 24 12 14 26 0 22 0 0 0 0 0 0 0 0 0 0 0 11 0 0 0 0 0 0 0 0 0 0 0 0 2 8 2 0 0 0 0 0 0 0 0 0 0 0 0 0 0 0 0 0 10 3 0 0 0 1 0 0 0 0 8 0 0 0 0 0 25 24 41 28 0 14 6 58 21 0 0 0 18 67 13 40 0 1 11 47 0 0 0 2 0 12 23 0 0 0 0 2 0 0 0 0 0 0 0 0 0 0 0 0 0 0 0 0 0 0 0 0 0 0 0 0 0 0 0 1 0 0 5 0 0 0 0 0 0 0 0 0 0 2 9 0 0 78 40 0 16 0 0 0 0 0 0 0 0 0 0 0 0 0 0 0 0 0 0 0 0 10 0 0 0 0 7 0 0 0 
 3 3 3 3 62 225 6 7 3 4 4 3 4 5 3 3 5 3 3 3 655 0 406 180 40 31 241 98 57 46 55 56 180 361 288 96 224 119 50 415 0 4 2 3 0 0 1 0 0 0 0 1 7 0 0 0 3 2 0 0 0 0 3 2 0 0 0 7 3 0 0 2 10 0 0 0 0 0 0 0 0 2 0 0 22 7 2 0 0 0 0 0 0 0 0 0 0 0 0 0 9 0 78 3 0 19 9 21 11 12 22 10 0 4 11 19 20 19 4 3 0 0 0 0 0 0 0 0 0 2 0 0 0 0 0 10 0 0 0 0 0 0 0 0 0 1 0 0 0 0 0 0 0 0 0 0 0 2 0 0 0 0 0 0 17 0 0 1 0 1 0 0 0 0 0 0 2 0 0 0 23 19 14 32 0 11 12 47 11 0 12 0 31 14 21 11 33 15 70 28 0 0 0 0 0 0 0 0 0 0 0 0 0 0 0 0 0 0 0 0 0 0 0 0 0 0 0 0 0 0 0 0 0 0 0 0 0 0 0 0 0 0 7 0 0 1 8 0 0 0 0 0 0 0 22 2 0 1 0 0 2 0 0 0 0 0 0 0 0 0 0 0 0 0 0 0 0 0 0 0 0 0 0 0 2 0 18 0 0 0 
 2 0 0 0 77 22 0 0 2 0 0 2 6 0 0 0 0 0 31 0 252 406 0 416 133 244 149 274 231 185 27 47 275 131 29 131 89 165 183 254 0 4 2 3 0 0 130 0 0 0 2 0 3 2 0 0 3 0 44 4 0 0 3 2 0 0 0 7 3 0 0 2 24 0 0 0 0 0 0 3 2 0 0 0 0 2 0 0 0 0 0 0 0 0 0 0 0 0 0 0 29 10 0 30 10 8 15 10 30 0 11 0 92 7 18 30 0 16 0 12 0 0 0 0 0 2 27 2 0 0 0 0 7 14 0 0 1 0 0 0 4 0 0 0 0 0 0 0 0 0 0 0 0 0 3 0 0 0 5 3 0 2 0 0 25 0 0 0 0 0 0 0 0 0 5 6 0 0 0 0 29 36 8 10 21 0 74 13 23 47 16 18 16 11 8 22 28 13 14 14 2 0 14 0 0 0 12 0 0 0 0 0 0 0 0 49 0 0 0 0 0 0 0 0 0 0 0 0 0 0 0 0 0 0 0 0 0 0 0 0 0 0 0 0 0 0 0 0 0 0 0 0 0 0 10 0 2 43 76 0 12 16 0 0 0 0 0 0 0 0 0 0 0 0 0 0 0 0 0 9 0 0 0 0 0 1 19 2 0 0 
 0 33 0 0 0 2 0 0 0 2 0 0 9 0 0 74 0 0 0 0 76 180 416 0 104 151 84 78 161 274 564 162 271 108 80 361 304 234 476 349 0 4 2 3 0 0 63 55 0 0 0 0 3 1 0 0 4 1 55 24 0 0 3 2 0 0 0 3 4 0 0 2 4 0 0 0 0 0 0 0 0 1 0 0 0 0 0 0 0 0 0 0 0 0 0 0 0 0 0 0 0 11 1 0 39 39 0 0 22 51 35 33 0 0 0 19 2 25 0 0 35 0 0 14 0 0 1 17 2 2 0 0 5 24 30 0 0 0 18 0 0 0 0 0 0 0 0 1 0 0 0 0 0 0 1 0 0 1 0 0 0 0 0 0 0 0 0 1 0 0 0 0 0 0 3 0 0 0 0 0 0 9 0 16 23 13 0 8 0 0 29 13 0 0 1 46 80 46 0 0 21 0 0 0 0 0 21 0 0 1 0 12 10 0 1 13 0 8 0 0 0 0 0 0 0 0 0 0 0 0 0 0 0 0 0 0 0 0 0 0 0 0 0 0 0 2 0 0 0 0 0 0 0 0 11 0 2 5 74 2 10 0 0 0 0 0 0 0 0 0 0 0 0 0 0 0 0 0 0 1 0 0 0 0 1 12 0 0 0 0 
 0 5 0 0 1 0 0 124 0 0 0 0 0 0 5 0 0 0 1 0 38 40 133 104 0 85 117 61 238 279 225 491 149 98 75 87 199 177 91 54 5 11 2 6 2 1 5 9 61 7 0 1 53 7 12 0 5 7 62 3 4 0 6 5 1 7 0 3 3 7 0 2 6 4 0 4 0 0 1 2 0 0 0 1 0 0 0 0 0 0 0 0 1 0 0 0 0 0 0 0 0 0 25 5 0 14 0 0 0 14 37 20 0 0 0 16 0 10 0 0 41 0 0 0 0 0 42 1 10 15 0 0 1 0 0 4 0 0 70 26 0 0 9 0 0 0 0 2 0 0 0 3 0 0 1 0 1 0 0 0 1 0 0 0 0 0 0 0 0 0 0 0 0 0 0 0 0 0 0 0 0 0 0 0 35 0 0 0 0 85 17 28 0 0 0 13 16 13 0 0 30 0 0 0 0 0 1 11 0 0 15 0 5 28 1 16 0 0 16 0 0 0 0 0 0 0 0 2 0 0 0 0 1 0 0 0 0 0 0 0 0 0 0 0 0 0 0 1 0 0 0 0 0 0 7 0 0 82 75 0 3 3 0 0 0 0 33 0 0 0 0 0 0 0 0 0 0 0 0 12 0 0 0 1 0 15 0 0 0 0 
 0 0 3 0 1 0 0 0 0 0 0 3 11 8 0 0 0 0 0 0 30 31 244 151 85 0 20 244 260 60 283 160 21 285 267 152 188 213 268 63 0 66 2 3 2 5 3 64 0 5 1 0 143 127 63 67 12 0 125 125 0 0 3 2 0 0 0 3 3 0 0 2 3 0 0 0 0 1 1 0 0 0 0 0 0 0 0 0 0 0 0 0 0 0 0 0 0 2 0 0 0 0 12 0 16 90 1 0 18 10 10 7 16 0 0 0 19 0 0 0 18 30 19 32 0 0 2 28 0 12 1 0 13 43 28 10 14 0 0 15 0 0 0 0 0 0 0 0 0 0 0 0 1 0 1 0 0 0 0 0 0 0 0 0 0 0 37 0 0 0 0 1 0 0 0 0 0 0 0 0 0 0 0 0 44 0 0 0 0 11 9 12 0 0 0 43 9 25 0 0 22 10 0 0 30 0 56 10 34 0 0 12 21 0 4 20 0 8 18 31 0 0 0 0 0 0 12 0 0 0 0 0 0 0 0 0 0 0 0 0 0 0 1 0 0 0 2 0 0 0 0 0 0 0 8 2 1 12 8 2 1 1 0 2 0 18 0 0 0 0 0 2 0 0 0 0 0 0 0 0 0 8 0 0 0 1 0 15 0 0 
 2 76 137 162 230 85 2 64 2 4 76 150 5 2 3 2 2 100 2 3 72 241 149 84 117 20 0 265 46 37 41 32 126 82 89 75 32 30 144 292 0 5 2 3 0 0 0 0 0 0 0 0 3 8 0 0 3 62 0 4 7 0 3 2 0 0 0 3 3 0 0 2 10 0 0 0 0 0 0 0 0 0 0 9 62 22 0 0 24 27 36 6 0 0 0 0 18 0 0 0 32 10 42 8 0 0 20 12 15 0 0 0 23 58 10 25 9 7 10 24 0 0 0 0 0 0 0 0 0 2 0 0 0 0 0 0 0 0 0 0 0 0 0 0 2 0 0 0 5 0 0 0 0 0 0 1 0 0 0 0 0 0 0 13 30 10 0 0 10 0 0 0 0 0 0 0 0 0 0 0 13 0 0 0 0 0 17 0 4 29 0 0 49 1 33 0 18 0 8 0 0 0 0 0 0 0 0 0 7 0 0 0 0 0 0 14 0 0 0 0 0 0 0 0 0 0 0 0 0 0 0 0 0 0 0 0 0 1 0 0 0 0 0 0 0 0 74 0 0 84 0 0 0 0 7 0 0 0 1 0 2 1 0 0 0 0 0 0 0 0 0 0 0 0 0 12 18 13 0 0 0 0 0 0 0 0 0 0 0 0 
 0 0 3 88 75 76 3 0 0 0 79 3 3 3 4 3 2 3 0 0 95 98 274 78 61 244 265 0 196 259 109 132 206 525 340 104 49 43 91 231 2 13 4 9 3 11 2 2 4 3 0 0 6 22 4 0 10 66 2 1 5 0 3 4 0 7 0 4 3 5 26 2 3 2 0 0 3 0 1 2 0 0 0 0 9 12 0 0 0 0 4 12 0 0 0 0 0 0 0 0 74 17 12 0 20 10 28 11 0 23 18 7 18 11 32 0 20 12 12 14 0 0 0 0 0 0 0 0 0 13 0 0 0 0 0 0 0 0 0 1 0 0 0 0 5 0 0 0 0 0 0 0 0 0 0 0 0 0 0 0 0 0 0 18 16 0 0 0 0 2 15 0 0 6 6 0 0 14 0 8 41 1 26 4 18 0 3 11 24 0 0 0 15 12 13 32 0 0 11 43 0 0 0 0 0 0 18 0 0 0 10 12 0 0 0 0 0 0 0 12 0 0 0 0 0 0 0 0 0 0 0 0 0 0 0 0 0 0 0 0 0 0 0 0 0 0 65 0 0 0 0 0 0 0 7 2 0 0 39 2 24 2 0 0 0 0 0 0 0 0 0 0 0 0 0 2 0 23 0 0 0 13 0 0 0 0 1 0 0 0 
 0 0 0 0 0 0 0 0 0 0 1 0 0 0 0 0 0 0 31 0 71 57 231 161 238 260 46 196 0 129 116 258 89 118 66 194 108 67 69 141 0 5 2 3 0 7 62 0 0 0 0 0 23 2 0 0 13 0 20 0 23 0 3 2 0 4 53 3 3 0 0 2 3 0 0 0 0 0 3 0 0 0 0 2 0 0 9 0 0 0 0 0 0 0 0 0 0 9 0 0 11 0 29 24 30 23 0 0 0 40 39 21 0 0 21 0 7 44 0 14 0 0 0 0 0 0 21 0 0 0 0 0 0 7 0 0 1 0 9 13 0 0 1 0 4 0 0 0 0 0 0 0 0 0 0 0 0 0 0 3 0 0 0 0 0 0 0 0 0 3 0 0 0 0 8 0 14 0 0 0 20 0 21 7 38 0 0 0 8 46 4 11 0 4 1 60 11 12 1 15 0 0 10 0 0 0 68 0 0 0 0 21 9 10 9 0 0 0 0 13 0 0 0 0 0 0 2 0 0 0 0 0 0 0 0 0 0 0 0 0 0 0 0 0 0 0 0 0 0 0 0 0 0 0 14 2 2 151 2 1 11 1 0 0 0 0 49 0 0 0 0 0 0 0 0 0 0 0 0 10 0 12 0 0 0 0 0 0 0 0 
 0 0 0 1 0 0 0 0 0 1 6 0 6 0 0 2 0 0 1 2 32 46 185 274 279 60 37 259 129 0 165 154 235 296 142 61 115 180 132 66 3 115 2 3 0 3 25 0 0 0 2 0 119 2 0 208 13 1 2 0 0 0 3 2 0 9 0 3 3 0 0 2 8 22 0 0 0 1 0 0 1 0 0 0 0 0 0 0 0 1 2 0 0 0 0 0 0 0 0 0 1 14 15 12 63 39 0 5 32 18 1 22 17 0 0 18 38 0 0 0 0 0 0 0 0 0 22 20 0 0 0 0 5 1 1 0 1 0 22 0 6 0 0 0 0 0 0 0 0 0 5 0 0 0 12 0 0 0 5 6 0 2 0 0 0 1 0 0 0 1 0 0 0 17 0 0 1 0 0 0 0 33 0 22 36 19 0 18 10 41 13 18 6 12 0 11 28 27 0 0 0 0 10 0 0 0 18 0 0 0 0 13 16 0 0 0 0 0 28 10 0 0 0 0 0 0 0 0 3 0 0 0 0 8 0 2 0 0 0 0 0 0 0 0 0 0 0 0 0 0 0 0 0 0 0 0 0 78 2 3 0 18 0 0 0 0 0 0 0 0 0 0 0 0 0 0 0 0 0 3 0 10 0 0 0 3 0 0 0 0 
 1 1 2 1 76 2 0 2 0 1 1 0 2 1 127 1 1 2 0 2 107 55 27 564 225 283 41 109 116 165 0 200 102 42 59 193 169 272 239 55 3 4 2 3 0 0 62 4 0 0 0 0 65 1 0 0 4 2 0 0 0 0 3 2 0 3 0 3 3 0 36 2 3 0 0 0 0 0 2 0 0 0 0 0 0 0 0 0 0 0 0 2 0 0 0 0 0 0 0 0 12 0 24 31 12 11 0 0 10 20 23 25 0 0 8 0 0 30 0 0 16 0 15 0 0 0 41 13 18 0 0 0 9 1 16 7 4 1 11 8 18 0 0 0 0 0 0 0 0 0 0 0 0 0 4 0 0 0 51 2 0 0 0 12 0 0 0 0 0 0 0 0 0 0 0 0 0 0 0 0 2 10 6 15 44 66 0 13 0 57 34 0 0 1 2 21 20 38 0 0 19 0 0 0 0 0 16 2 1 0 0 12 34 15 0 12 0 0 64 3 0 0 0 0 0 0 0 0 0 0 0 0 0 0 0 0 0 0 0 0 0 0 0 0 0 0 1 0 0 0 0 0 0 0 10 0 0 7 81 1 6 13 0 2 0 0 12 0 0 0 0 0 0 0 0 0 0 0 0 0 0 2 0 0 0 0 0 0 0 0 
 0 0 0 0 0 3 3 0 0 3 2 0 3 0 0 0 0 0 32 0 39 56 47 162 491 160 32 132 258 154 200 0 41 36 49 203 409 220 232 260 1 5 4 3 4 13 132 1 9 11 2 17 71 1 5 0 14 0 25 0 0 0 5 2 3 6 0 8 9 4 0 8 3 0 4 0 0 6 3 3 0 0 0 0 6 0 0 1 1 0 0 2 0 0 0 0 0 6 0 0 0 0 18 12 20 8 0 0 8 1 27 21 0 0 0 3 10 33 0 0 6 0 10 0 0 0 19 1 12 0 0 0 1 13 0 0 1 0 28 9 15 0 0 0 0 0 0 2 0 0 0 0 0 0 0 1 0 0 0 0 0 0 0 9 0 0 0 20 0 0 0 0 0 0 2 0 0 2 0 0 0 1 41 0 50 9 0 0 0 35 23 14 16 2 1 26 10 9 0 0 17 0 0 0 0 0 13 0 0 0 0 18 27 2 12 0 3 0 27 24 0 0 0 0 0 0 15 0 0 0 0 0 0 0 0 0 0 0 11 0 0 0 0 0 0 0 0 0 0 0 0 0 0 0 0 2 0 4 1 2 1 0 0 0 0 0 17 0 0 0 0 0 0 0 0 0 0 0 0 12 0 23 0 0 0 2 0 3 0 0 
 0 0 0 81 1 2 0 0 0 1 98 1 4 0 72 78 76 138 0 0 154 180 275 271 149 21 126 206 89 235 102 41 0 224 103 107 133 184 171 252 0 5 2 3 0 0 1 0 0 0 0 0 3 2 0 2 4 1 0 0 4 0 3 2 0 3 0 3 3 37 0 2 3 0 0 0 0 0 0 0 0 0 0 9 10 10 0 0 0 0 7 19 2 0 0 12 11 0 0 0 22 0 6 13 0 2 1 1 0 11 29 0 23 0 0 0 1 10 2 11 0 0 0 0 0 0 0 0 0 0 0 0 0 0 0 0 0 0 0 0 0 0 0 0 2 0 10 1 0 0 0 0 0 0 2 0 2 0 0 0 2 0 0 0 20 1 0 0 10 11 22 0 0 0 0 0 10 20 17 7 52 8 15 18 0 13 25 12 0 0 19 0 0 13 15 33 0 1 10 0 23 0 0 0 0 0 0 12 0 0 0 1 0 0 0 0 0 0 0 0 0 0 0 0 0 0 0 1 0 0 0 0 2 0 0 0 0 0 0 0 0 0 10 0 0 0 75 0 0 74 0 0 0 0 5 0 0 78 0 13 0 2 0 0 0 0 0 0 0 0 0 0 0 0 0 54 0 18 0 0 0 0 0 1 0 0 0 0 0 0 
 0 0 2 0 0 0 3 0 0 6 24 2 3 2 0 77 74 75 0 0 348 361 131 108 98 285 82 525 118 296 42 36 224 0 179 112 79 105 328 182 0 5 2 3 0 0 2 0 0 0 0 0 5 2 0 204 3 1 0 0 0 0 3 2 0 0 0 5 3 0 0 2 3 0 0 0 0 0 66 55 0 0 0 21 30 0 0 0 0 0 0 0 2 0 0 0 0 0 0 0 20 0 17 8 8 2 0 29 0 19 64 1 14 0 17 0 1 16 0 14 12 0 0 0 0 0 0 0 0 0 0 0 0 0 0 0 0 0 0 0 0 0 0 0 4 0 0 0 0 0 0 0 0 0 2 0 2 0 0 0 1 0 0 0 11 17 0 0 0 5 11 0 0 0 7 0 1 7 0 2 47 19 25 12 0 1 0 41 0 0 12 0 0 12 8 20 0 0 12 27 0 0 0 0 0 0 0 0 0 0 0 0 0 0 0 0 0 0 0 0 0 0 0 0 0 0 0 1 0 0 0 0 2 0 0 0 0 0 0 0 0 0 10 0 0 0 74 0 0 0 0 0 0 0 11 2 2 43 2 0 8 2 0 0 0 62 0 0 0 0 0 0 0 0 0 6 0 14 0 0 0 0 0 1 0 0 12 0 0 0 
 0 0 1 0 222 149 0 0 0 0 1 75 6 0 2 0 0 0 0 0 76 288 29 80 75 267 89 340 66 142 59 49 103 179 0 64 44 185 375 115 0 5 2 3 0 4 0 0 0 1 0 0 9 1 0 0 3 20 0 0 0 0 3 2 0 2 0 3 3 0 0 2 3 0 0 0 0 0 0 0 0 0 0 0 0 18 0 2 1 0 0 0 0 0 0 0 0 0 0 0 0 16 65 11 12 10 7 23 0 18 18 9 1 15 25 0 64 10 30 0 0 0 0 0 0 0 0 0 0 0 0 0 0 0 0 0 0 0 0 0 0 0 0 0 0 7 1 0 0 0 0 0 0 1 0 0 0 0 0 0 0 0 1 0 0 11 0 0 0 0 0 0 0 0 0 0 1 0 0 0 1 6 9 34 0 12 22 9 36 0 0 0 22 18 12 10 10 64 1 29 0 0 0 0 0 0 19 0 0 0 0 0 25 1 0 0 0 0 7 0 0 0 0 0 0 0 0 0 0 0 0 0 0 0 0 0 0 0 0 0 0 0 0 0 0 0 0 0 0 76 0 0 0 2 18 0 0 1 0 0 2 3 0 0 0 0 0 0 0 0 0 0 0 0 0 0 0 0 0 0 0 9 0 0 2 0 0 0 0 0 
 3 3 3 78 61 92 5 3 3 4 78 78 11 3 0 3 75 4 3 3 205 96 131 361 87 152 75 104 194 61 193 203 107 112 64 0 144 36 118 143 6 8 2 5 2 0 0 0 23 0 7 5 52 5 0 0 6 3 0 2 0 2 3 4 0 0 0 6 3 0 0 6 3 0 2 0 2 1 0 0 0 0 0 0 49 1 0 1 0 3 0 0 0 0 0 0 0 0 0 0 16 13 46 2 10 18 11 15 25 36 5 24 6 13 26 18 0 28 1 37 0 0 0 0 0 0 20 0 0 0 0 0 0 11 0 0 0 0 9 15 0 0 0 0 0 0 1 0 0 1 0 0 0 0 0 0 0 0 0 0 0 0 0 0 10 10 0 0 0 4 0 0 0 0 5 0 2 0 0 0 19 10 16 29 0 11 0 14 17 31 2 9 24 9 45 28 78 31 20 14 0 0 0 0 1 0 1 2 0 0 0 0 27 1 9 0 0 0 0 2 0 14 0 8 0 0 0 0 0 0 0 0 0 0 0 0 0 0 0 0 0 0 0 0 0 0 0 0 0 0 0 1 0 0 9 0 0 78 75 0 5 0 0 0 0 0 17 0 0 0 0 0 0 0 0 0 0 0 0 0 0 1 0 0 0 0 0 0 0 0 
 0 2 207 0 0 62 2 0 0 1 0 4 36 1 0 0 0 0 0 0 193 224 89 304 199 188 32 49 108 115 169 409 133 79 44 144 0 242 319 78 0 7 2 3 0 5 0 3 0 5 0 0 6 8 6 0 10 0 0 0 0 0 9 3 0 6 4 4 3 4 0 2 9 0 0 0 0 0 0 0 0 0 10 0 0 0 0 0 0 0 0 0 0 0 0 0 0 0 0 0 10 0 13 11 12 34 12 10 49 9 9 6 33 0 0 9 0 17 0 0 4 0 14 8 0 0 22 0 10 0 0 0 1 40 0 0 0 0 9 0 0 0 0 0 0 0 0 0 0 0 0 0 1 0 0 0 0 0 0 0 0 0 0 0 13 14 0 0 0 0 0 0 0 0 0 0 0 0 0 0 6 11 1 0 36 12 0 13 0 0 0 0 7 11 8 18 6 19 12 12 28 0 0 0 0 0 1 0 0 0 0 12 10 2 13 12 0 0 21 0 0 0 0 0 0 0 11 0 0 0 0 0 0 0 0 0 0 0 0 0 0 0 0 0 0 0 0 0 0 0 0 0 0 0 8 0 0 43 79 0 2 0 0 0 0 0 0 2 0 0 0 0 0 26 0 0 0 0 0 0 0 0 0 0 0 0 12 0 0 0 
 0 0 0 0 0 0 2 0 2 0 94 0 0 0 0 3 2 0 0 0 112 119 165 234 177 213 30 43 67 180 272 220 184 105 185 36 242 0 45 39 0 5 2 5 0 33 0 2 65 0 0 0 6 2 0 0 3 4 0 0 0 0 3 2 0 4 0 3 3 0 0 2 3 0 0 0 0 0 0 0 0 0 0 0 0 7 0 0 0 0 0 0 0 0 0 0 0 0 0 0 0 1 12 0 18 49 0 0 10 0 13 8 0 0 8 45 0 0 0 0 10 0 0 0 1 0 31 0 0 0 0 0 0 8 0 0 0 0 10 0 0 0 0 0 0 0 0 0 0 0 0 0 0 0 0 0 0 0 0 19 0 0 0 0 0 0 0 1 0 0 0 0 0 0 0 0 0 0 0 0 0 19 8 23 22 11 0 25 0 25 10 20 0 0 0 47 22 37 2 0 19 0 11 0 0 0 12 1 0 0 0 0 0 11 10 0 1 0 12 6 0 0 0 0 0 0 0 0 0 0 0 0 0 0 0 0 0 0 0 0 0 0 0 0 0 0 0 0 0 0 0 0 0 17 7 0 3 77 0 0 2 3 0 0 0 0 0 0 0 0 0 0 0 0 0 0 0 0 0 0 0 2 0 0 0 21 0 0 0 0 
 0 0 2 37 224 152 1 0 0 0 102 97 0 2 0 2 0 1 0 0 336 50 183 476 91 268 144 91 69 132 239 232 171 328 375 118 319 45 0 238 0 4 2 3 0 0 1 0 46 0 0 0 3 6 0 0 3 65 0 0 0 0 3 2 0 0 0 4 3 0 0 2 5 0 0 0 0 0 0 0 0 0 0 7 3 0 0 1 0 12 0 12 0 0 0 0 12 0 0 0 31 65 0 0 0 0 17 12 14 21 0 11 34 0 28 33 22 0 16 33 0 0 0 0 2 1 0 0 0 14 0 0 0 0 0 0 0 0 7 0 0 0 2 0 0 3 6 0 0 0 0 0 0 0 0 0 0 0 0 0 0 0 0 0 10 1 0 0 0 0 1 0 0 0 0 0 2 0 0 1 0 7 0 0 0 0 12 0 48 0 0 0 43 13 1 0 17 0 2 31 0 0 0 0 19 0 0 2 0 0 0 0 0 0 0 0 1 0 2 1 0 0 0 0 0 0 0 0 0 0 0 0 0 0 0 0 0 0 0 0 0 0 0 0 0 0 0 0 0 76 0 0 0 0 89 1 1 0 0 0 7 0 0 0 0 0 0 0 0 0 0 0 0 0 0 0 0 0 0 0 0 12 0 0 0 0 3 0 0 0 
 0 2 3 22 154 177 0 71 0 1 35 66 2 3 0 0 5 72 0 0 218 415 254 349 54 63 292 231 141 66 55 260 252 182 115 143 78 39 238 0 1 5 2 3 0 0 1 0 0 0 2 0 3 36 0 0 3 0 0 0 0 0 3 2 0 5 0 7 3 0 0 2 8 51 0 0 0 0 0 0 0 0 0 0 37 12 0 0 0 6 14 22 0 0 0 0 0 0 0 0 19 26 0 0 2 0 6 0 13 18 3 0 55 12 85 31 0 16 0 28 0 0 0 0 0 0 0 0 0 13 8 0 0 0 0 0 0 0 0 0 0 0 0 0 2 0 0 0 0 0 0 0 0 0 0 2 0 0 0 0 0 0 0 0 25 24 0 0 0 5 0 0 0 0 4 0 2 0 0 0 43 9 8 25 0 0 1 0 20 0 0 0 41 12 26 0 16 0 41 34 0 0 0 0 12 0 0 0 0 0 0 0 0 0 0 0 0 0 0 0 0 0 0 0 0 0 9 0 0 0 0 0 0 0 0 0 0 0 0 0 0 0 0 0 0 0 76 0 0 0 0 0 0 0 7 0 0 0 76 0 5 0 0 0 0 0 0 0 0 0 0 0 0 0 0 0 11 16 0 0 0 0 0 0 0 0 23 0 0 0 
 0 0 0 0 0 0 0 0 0 1 0 0 0 0 2 0 0 0 0 0 0 0 0 0 5 0 0 2 0 3 3 1 0 0 0 6 0 0 0 1 0 163 98 104 37 97 72 53 77 47 35 236 103 115 188 171 87 38 47 37 0 0 1 0 0 0 0 17 0 0 7 1 3 57 2 5 0 0 0 3 10 0 0 0 0 0 0 0 0 0 0 0 0 0 0 0 0 0 8 8 0 0 0 0 0 0 0 0 0 0 0 14 0 0 0 0 0 0 0 0 21 0 0 0 0 0 4 0 2 0 16 2 2 18 0 10 0 3 0 5 23 0 9 13 0 0 0 0 0 0 3 0 0 0 0 0 0 0 0 4 0 0 0 0 0 0 0 3 6 0 0 0 0 6 0 0 0 0 0 0 0 0 0 0 0 0 0 0 0 0 0 8 0 0 0 0 0 0 0 0 0 0 18 0 3 0 7 10 0 7 9 1 12 24 20 0 39 0 0 14 0 0 0 0 0 4 0 0 0 5 0 4 9 0 0 0 3 0 0 0 0 0 16 0 0 0 0 0 2 18 0 23 0 2 0 0 0 0 2 1 0 0 0 1 0 6 4 8 0 0 0 0 0 0 0 1 0 0 0 0 0 0 0 0 0 20 0 0 2 0 
 1 1 1 4 69 1 6 0 4 10 3 3 0 2 3 2 2 1 3 0 5 4 4 4 11 66 5 13 5 115 4 5 5 5 5 8 7 5 4 5 163 0 212 75 251 34 77 328 153 106 81 46 82 147 91 157 29 248 281 119 5 2 1 2 0 0 2 4 0 2 0 5 7 4 2 2 4 8 2 7 0 0 0 0 0 0 0 0 0 0 0 0 0 0 14 0 0 0 0 0 0 0 0 0 0 0 0 0 0 0 0 0 0 0 0 0 0 0 0 25 7 21 21 0 20 9 0 15 0 0 0 0 22 37 28 0 0 18 0 24 0 13 6 0 0 0 9 0 0 4 9 0 5 4 0 0 0 2 1 16 0 0 0 0 0 0 0 0 2 0 0 0 0 0 0 0 0 0 0 0 0 0 0 0 0 0 0 0 0 0 0 0 0 0 0 0 0 0 0 0 0 8 1 0 0 0 0 35 0 0 0 17 12 9 18 60 14 3 0 19 0 0 18 0 0 0 0 0 0 0 0 9 5 0 5 3 0 0 0 8 0 0 0 0 0 0 1 0 0 0 0 7 0 0 0 0 0 1 2 0 0 0 3 2 2 34 2 1 2 0 0 0 0 0 0 0 0 0 0 0 0 0 0 0 21 0 0 0 0 0 
 2 2 2 2 2 2 4 4 2 2 2 2 2 2 0 4 2 2 2 2 2 2 2 2 2 2 2 4 2 2 2 4 2 2 2 2 2 2 2 2 98 212 0 237 116 83 78 138 330 247 188 52 261 46 129 80 266 128 44 59 0 0 0 0 2 1 0 0 0 4 3 3 1 2 0 5 2 8 3 64 0 0 0 0 0 0 0 0 0 0 0 0 0 0 0 0 0 0 0 0 0 0 0 0 0 0 0 0 0 0 0 0 0 0 0 0 0 0 0 0 10 0 11 10 35 50 0 0 0 19 8 14 6 8 17 19 3 12 0 0 0 0 19 3 0 0 8 1 7 7 10 4 38 7 0 0 0 7 1 13 0 0 1 0 0 0 0 0 0 0 0 0 0 0 0 0 0 0 0 0 0 0 0 0 0 0 0 0 0 0 0 0 0 11 0 0 0 0 0 0 0 0 10 9 0 0 0 19 7 15 34 40 0 14 29 24 26 23 0 0 5 0 0 0 2 0 9 0 0 0 0 12 2 0 0 5 0 4 14 16 0 0 0 0 0 0 0 0 0 0 0 4 0 0 0 0 0 0 0 30 0 0 9 0 2 0 0 1 0 0 4 0 0 0 0 0 0 0 0 0 0 0 0 0 41 0 0 0 0 0 
 0 0 0 0 0 3 3 0 1 6 0 1 4 2 3 0 0 0 1 0 3 3 3 3 6 3 3 9 3 3 3 3 3 3 3 5 3 5 3 3 104 75 237 0 447 118 65 165 264 108 112 135 48 95 190 271 273 146 92 511 24 0 2 1 58 0 6 0 0 0 0 0 54 54 0 0 1 2 55 38 0 0 0 0 0 0 0 0 0 0 0 0 0 0 0 0 0 0 0 0 0 0 0 0 0 0 0 0 0 0 0 0 0 0 0 0 0 0 0 0 8 7 21 27 0 5 7 1 56 4 7 60 13 18 8 10 14 14 0 0 19 0 0 0 0 0 17 0 0 0 0 0 17 1 1 0 0 0 14 0 0 0 5 8 0 0 0 0 0 0 0 0 0 0 0 0 0 0 0 0 1 0 0 0 0 0 0 0 0 0 0 0 0 0 0 0 0 0 0 0 0 21 42 12 0 0 0 18 6 62 23 0 1 0 23 0 25 7 0 1 0 15 0 0 0 0 46 27 0 0 0 0 29 1 0 0 0 1 89 2 0 0 0 0 0 0 0 0 0 0 0 6 0 0 0 0 0 0 1 18 0 16 4 0 0 2 2 0 0 0 0 0 0 0 0 0 0 0 0 0 0 0 0 0 6 0 0 0 2 0 
 0 0 0 0 0 0 0 2 0 5 0 0 3 0 2 3 0 0 0 0 1 0 0 0 2 2 0 3 0 0 0 4 0 0 0 2 0 0 0 0 37 251 116 447 0 221 76 166 293 153 167 134 67 54 90 150 219 340 68 88 102 0 0 4 1 0 6 0 51 0 0 0 0 0 0 0 0 0 35 69 0 0 0 0 0 0 0 0 0 0 0 0 0 0 0 0 0 0 0 0 0 0 0 0 0 0 0 0 0 0 0 0 0 0 0 0 0 0 0 0 0 0 13 15 0 8 0 0 19 5 24 40 0 0 0 10 12 0 0 0 18 0 16 0 0 0 17 0 0 0 0 0 89 1 16 1 0 2 0 0 0 0 8 7 0 8 0 12 0 0 0 0 0 0 0 0 0 0 0 0 0 0 0 0 9 0 0 0 0 0 0 0 0 0 0 0 0 0 0 0 0 19 12 22 29 7 0 0 0 21 17 13 0 13 20 1 0 0 0 0 0 5 0 1 0 6 28 39 9 0 0 0 24 23 1 8 13 0 39 20 0 0 0 0 0 0 0 0 0 0 0 10 0 0 0 0 0 0 0 10 0 0 1 0 0 4 1 2 2 0 0 0 0 0 0 0 0 0 0 0 0 0 0 0 0 0 0 0 0 0 
 0 0 0 0 2 0 0 0 0 0 0 0 0 1 1 0 0 0 0 0 39 0 0 0 1 5 0 11 7 3 0 13 0 0 4 0 5 33 0 0 97 34 83 118 221 0 42 139 116 379 57 50 44 37 65 71 79 123 65 142 1 0 0 0 0 0 0 0 48 17 4 0 0 0 0 45 1 0 0 2 0 0 0 0 0 0 0 0 0 0 0 0 0 0 0 0 0 0 0 0 0 0 3 0 1 3 0 0 0 8 5 0 0 0 0 0 4 0 0 0 0 0 0 4 13 0 0 0 21 30 7 0 0 0 0 23 0 23 0 0 0 6 0 0 0 0 4 9 7 16 0 0 7 0 25 0 0 0 0 0 0 0 4 7 0 0 0 0 0 0 19 2 0 0 0 0 0 0 0 0 0 7 0 12 0 0 0 3 0 0 0 0 0 0 0 17 0 0 0 0 0 0 3 19 42 12 6 0 1 20 19 14 0 0 23 1 0 18 0 24 1 0 9 0 9 0 0 1 12 0 3 0 0 65 48 0 0 6 23 30 0 0 0 0 0 0 0 0 0 0 0 7 0 0 0 0 0 1 0 0 0 0 37 0 4 4 0 2 0 0 0 0 0 0 0 0 0 0 0 0 0 18 0 0 21 0 0 0 23 0 
 0 0 0 0 0 2 0 0 0 3 0 0 0 0 2 0 0 0 12 0 3 1 130 63 5 3 0 2 62 25 62 132 1 2 0 0 0 0 1 1 72 77 78 65 76 42 0 160 50 50 25 31 253 94 39 31 36 39 253 242 0 0 2 0 0 0 0 0 0 0 0 0 0 0 0 0 0 1 0 0 0 0 0 0 0 0 0 0 0 0 0 0 0 0 0 0 0 0 0 9 0 0 0 13 0 0 0 0 0 0 0 0 0 0 0 0 0 8 0 0 14 11 0 15 8 0 7 58 0 0 0 0 18 0 57 8 12 11 8 13 6 0 0 0 0 0 0 0 0 0 0 0 0 0 5 0 0 0 5 6 0 0 0 0 0 0 3 0 0 0 0 21 0 0 0 0 0 0 0 0 0 0 8 9 11 29 0 0 0 19 45 30 0 0 0 0 1 0 0 0 11 0 8 0 7 0 18 0 12 0 0 0 15 0 1 0 0 13 25 0 0 0 0 0 0 0 0 0 0 0 0 0 0 1 7 0 0 0 0 0 0 3 0 0 0 0 0 0 0 0 0 12 0 0 0 0 0 125 2 0 0 13 1 0 0 5 0 0 0 0 0 0 0 0 0 0 0 0 0 16 0 0 0 0 0 0 0 12 0 0 
 0 0 0 0 0 0 0 0 0 6 0 1 0 0 0 0 0 0 0 0 0 0 0 55 9 64 0 2 0 0 4 1 0 0 0 0 3 2 0 0 53 328 138 165 166 139 160 0 344 194 31 51 65 131 89 97 96 112 129 352 0 0 0 0 0 2 0 2 50 0 0 3 0 0 0 0 0 49 1 0 0 0 0 0 0 0 0 0 0 0 0 0 0 0 0 0 0 0 0 0 0 0 0 0 1 0 0 0 0 25 0 2 0 0 0 0 0 5 0 0 15 0 0 19 8 0 6 19 7 29 12 0 3 0 12 28 0 21 0 20 0 0 0 0 0 0 0 0 0 0 0 0 6 0 26 0 0 0 0 0 0 0 2 3 0 0 0 0 0 0 23 0 0 0 0 0 0 0 0 0 0 0 0 0 7 0 0 0 0 0 19 9 0 0 0 0 0 7 0 0 6 0 11 10 6 0 21 2 9 23 19 9 5 11 13 5 1 25 0 0 0 0 0 0 0 0 0 1 0 0 0 0 7 6 0 0 0 0 14 48 0 0 0 0 0 0 0 0 0 0 0 5 0 0 0 0 0 0 4 0 0 0 36 0 0 0 3 0 0 0 0 0 0 0 0 0 0 0 0 0 0 0 0 0 21 10 0 0 0 0 
 3 3 8 3 3 6 3 4 9 12 3 3 7 3 0 3 3 2 3 2 0 0 0 0 61 0 0 4 0 0 0 9 0 0 0 23 0 65 46 0 77 153 330 264 293 116 50 344 0 150 87 163 143 245 207 261 336 262 330 75 0 1 0 2 0 0 0 0 56 0 0 2 0 6 0 0 0 0 0 0 0 0 0 0 0 0 0 0 0 0 0 0 0 0 0 0 0 3 0 0 0 0 0 0 0 0 0 0 0 0 0 14 0 0 0 0 0 0 0 0 10 5 58 14 10 0 0 0 12 0 33 0 3 18 0 15 1 4 0 8 0 0 0 3 0 0 0 0 0 7 0 0 0 15 22 0 0 0 6 0 0 0 0 0 0 0 0 5 6 0 0 0 0 0 0 0 0 0 0 0 0 0 0 0 0 1 0 0 0 0 0 0 0 0 0 0 0 0 0 0 0 19 0 15 19 0 8 10 9 42 0 30 12 35 16 13 32 5 0 38 0 0 0 0 0 0 0 0 0 0 0 0 11 15 0 0 0 0 0 20 0 0 14 0 0 0 0 0 0 0 0 3 0 1 0 0 0 0 0 2 0 0 0 0 2 0 2 5 2 0 10 0 0 0 0 0 0 0 0 0 0 3 0 0 0 19 0 0 1 0 
 0 0 0 0 3 0 0 0 0 0 0 0 0 0 0 0 0 0 0 0 0 0 0 0 7 5 0 3 0 0 0 11 0 0 1 0 5 0 0 0 47 106 247 108 153 379 50 194 150 0 151 37 45 93 197 153 126 85 83 179 1 0 1 2 54 0 2 8 38 0 0 6 0 0 4 0 0 6 21 51 15 0 0 0 0 0 0 0 0 0 0 0 0 0 0 0 0 0 0 0 0 0 0 0 0 12 0 0 0 0 0 0 0 0 0 0 0 0 0 0 0 0 0 11 24 36 28 0 35 6 6 11 0 0 1 21 11 5 14 0 1 0 0 2 0 0 0 0 0 0 14 0 5 8 17 0 0 0 11 11 0 0 0 0 0 0 0 0 0 0 0 0 0 0 0 0 0 0 13 0 0 0 0 0 0 0 0 0 0 0 0 18 0 0 0 0 0 9 0 0 7 1 8 98 12 5 0 12 6 50 29 34 0 4 0 14 0 0 32 0 0 0 0 0 0 0 8 0 7 6 0 13 15 21 7 0 0 4 14 31 0 0 0 0 0 0 0 0 0 0 0 6 0 0 0 0 0 0 5 1 0 0 64 64 1 0 1 0 2 0 0 0 0 10 0 0 0 0 0 0 0 0 0 0 10 0 0 0 0 0 
 0 0 4 0 1 0 0 0 0 2 0 1 2 0 0 0 0 0 0 0 1 0 2 0 0 1 0 0 0 2 0 2 0 0 0 7 0 0 0 2 35 81 188 112 167 57 25 31 87 151 0 83 304 38 214 114 176 92 98 130 0 0 2 1 49 6 3 0 0 4 0 0 0 0 0 0 0 0 53 18 0 0 0 0 0 0 0 0 0 0 0 0 0 0 0 0 0 0 0 0 0 0 0 0 1 0 0 0 0 0 0 0 0 0 0 0 0 0 0 0 29 0 50 29 15 13 0 0 38 0 6 25 18 19 3 9 31 20 0 0 37 0 0 5 0 0 10 0 0 4 0 0 10 14 7 0 0 0 14 1 0 0 0 0 0 0 0 0 0 2 0 0 0 0 0 28 0 0 11 0 0 0 0 0 0 0 0 0 0 0 0 0 0 0 0 0 0 0 0 0 0 24 53 12 0 10 0 19 35 29 21 1 1 12 1 31 2 7 0 0 0 9 0 0 0 0 29 20 0 10 0 0 14 9 0 0 16 9 21 3 0 0 0 0 0 0 0 0 0 0 0 6 0 0 0 0 0 0 0 23 0 0 0 1 0 5 1 0 0 0 20 0 0 0 0 0 0 0 0 0 0 0 0 0 18 0 0 0 0 0 
 0 0 1 0 1 1 0 5 0 0 0 0 4 8 0 0 0 2 0 1 0 1 0 0 1 0 0 0 0 0 0 17 0 0 0 5 0 0 0 0 236 46 52 135 134 50 31 51 163 37 83 0 32 60 26 36 78 72 57 58 85 1 3 2 1 3 3 5 54 17 4 0 18 53 0 0 0 15 81 170 0 0 0 0 4 0 0 0 0 0 0 0 0 0 0 0 0 8 0 0 0 0 0 0 0 0 0 0 0 0 0 0 0 0 0 0 0 0 0 0 0 0 0 0 8 17 0 0 1 0 10 22 0 0 0 0 0 0 0 0 37 21 5 0 0 0 0 7 5 12 0 6 0 14 10 8 34 17 11 0 0 0 0 0 0 0 0 0 0 0 0 0 0 0 0 0 0 0 0 0 0 0 7 0 0 0 0 0 0 0 0 0 0 0 0 0 0 0 11 0 0 0 0 0 13 17 0 0 0 0 10 0 0 0 0 0 0 2 0 0 17 0 0 12 4 0 1 3 39 0 0 0 18 10 7 21 10 28 6 0 0 0 0 0 0 0 0 0 45 0 0 10 0 0 0 1 0 0 0 17 0 0 2 71 33 4 0 0 0 0 4 0 0 0 0 0 0 0 0 0 0 0 0 0 0 0 0 0 0 0 
 3 3 3 3 3 3 6 4 3 3 3 3 3 3 0 3 3 3 24 65 8 7 3 3 53 143 3 6 23 119 65 71 3 5 9 52 6 6 3 3 103 82 261 48 67 44 253 65 143 45 304 32 0 178 60 95 44 25 136 62 0 0 0 0 0 2 0 0 0 0 0 0 0 0 0 27 0 0 0 0 0 0 0 0 0 0 0 0 0 0 0 0 0 0 0 0 0 0 0 0 0 17 29 17 10 8 12 0 0 0 22 12 0 10 8 0 3 11 0 0 27 0 10 8 12 0 18 31 0 0 0 0 7 0 0 2 14 7 19 18 0 0 0 0 0 0 0 0 0 4 0 0 0 0 0 10 0 0 0 0 0 0 0 0 0 0 0 0 0 0 0 0 0 0 0 0 0 0 0 0 0 8 12 9 38 0 0 1 0 10 22 0 0 0 11 14 7 0 0 0 6 22 0 10 0 0 21 15 32 7 0 32 21 10 12 25 17 0 22 20 0 0 0 0 0 0 0 0 0 0 0 0 0 0 0 0 0 0 0 0 0 0 0 0 0 0 0 0 0 0 0 5 0 0 0 0 0 62 1 0 0 0 2 0 1 20 10 0 0 0 9 0 0 0 0 0 0 0 0 0 0 1 0 0 0 0 0 14 0 0 
 0 1 9 7 20 2 0 2 2 4 23 12 0 4 0 1 1 2 0 0 0 0 2 1 7 127 8 22 2 2 1 1 2 2 1 5 8 2 6 36 115 147 46 95 54 37 94 131 245 93 38 60 178 0 129 140 54 35 154 187 4 1 0 92 0 0 11 6 3 6 0 6 0 0 4 3 3 6 53 4 0 0 0 0 7 0 0 0 0 5 0 0 0 0 0 0 0 0 0 0 23 5 0 0 8 0 0 0 2 0 0 15 7 0 38 5 0 0 0 4 25 14 42 24 13 0 0 25 23 0 0 0 7 0 0 0 17 18 0 26 0 0 0 9 0 0 0 0 0 11 0 0 1 0 0 0 0 0 0 0 0 0 0 0 7 23 0 0 2 0 13 0 0 0 0 0 0 0 0 0 0 0 0 0 0 0 0 0 10 0 7 0 0 0 1 0 7 0 0 0 1 2 0 7 3 0 0 5 14 26 0 10 6 41 9 52 15 16 2 19 0 0 0 0 0 0 0 0 0 1 0 0 0 0 0 7 0 0 0 1 0 0 0 0 0 0 0 0 0 0 0 2 0 0 0 0 0 1 0 0 0 0 0 0 1 23 0 0 0 0 21 0 0 0 0 0 0 0 0 0 0 0 0 0 21 17 0 0 0 6 
 0 5 5 0 2 21 2 0 22 1 2 1 0 2 5 2 0 0 0 2 32 0 0 0 12 63 0 4 0 0 0 5 0 0 0 0 6 0 0 0 188 91 129 190 90 65 39 89 207 197 214 26 60 129 0 137 66 42 73 111 0 0 0 0 22 1 2 0 0 3 0 0 0 0 0 0 0 2 0 0 14 3 0 0 0 0 0 0 6 0 6 11 0 0 0 9 0 0 0 0 0 0 0 0 0 0 0 0 0 0 0 1 0 0 0 0 0 0 26 0 7 14 15 0 7 15 9 10 19 0 0 10 22 12 24 0 16 25 0 41 20 0 0 0 0 0 0 0 0 0 12 0 0 0 0 0 0 0 36 0 0 0 11 0 0 0 0 9 4 1 0 9 0 0 0 0 25 4 0 0 0 0 0 0 0 0 0 0 0 1 0 0 0 0 0 0 0 0 4 20 0 54 34 18 14 0 14 61 9 0 9 48 15 2 0 10 30 0 0 99 0 0 0 0 0 0 20 0 0 0 1 0 17 0 0 0 0 0 21 9 0 0 0 0 0 0 5 0 0 0 0 15 0 2 0 0 0 0 1 3 0 0 0 0 2 10 0 0 2 0 0 0 0 0 0 0 0 0 0 0 0 0 0 0 1 0 0 0 2 0 
 0 5 8 0 0 10 0 0 10 2 0 2 0 3 4 7 1 6 0 3 0 0 0 0 0 67 0 0 0 208 0 0 2 204 0 0 0 0 0 0 171 157 80 271 150 71 31 97 261 153 114 36 95 140 137 0 94 39 91 140 54 2 0 2 2 4 1 0 27 1 1 2 0 6 0 0 1 2 3 1 26 4 0 0 0 6 1 4 6 0 24 13 0 0 0 8 0 0 0 0 0 0 0 0 0 0 0 0 0 0 0 0 0 0 0 0 0 0 12 0 5 0 5 10 29 16 8 12 12 0 14 8 6 0 0 0 10 52 0 7 17 0 0 2 0 0 0 0 0 19 10 15 0 11 0 0 0 0 0 34 0 0 11 0 0 0 0 6 4 0 4 6 0 0 0 6 14 5 0 0 0 0 0 0 0 0 0 0 0 0 0 0 0 4 0 0 0 0 5 4 0 0 0 6 18 0 0 60 0 29 0 37 12 37 20 29 28 0 0 11 0 0 0 0 0 0 0 0 0 0 0 22 2 15 0 0 0 1 0 21 0 6 0 0 0 0 6 0 0 0 0 10 0 0 0 0 0 0 2 1 0 0 0 0 0 24 0 1 0 0 11 0 0 0 0 1 0 0 0 0 0 0 0 0 0 0 0 0 2 2 
 0 0 3 0 0 3 3 0 0 6 0 10 7 34 0 0 0 0 0 2 3 3 3 4 5 12 3 10 13 13 4 14 4 3 3 6 10 3 3 3 87 29 266 273 219 79 36 96 336 126 176 78 44 54 66 94 0 56 72 269 1 0 0 7 1 0 4 0 65 0 0 0 0 0 0 0 0 0 16 50 0 0 15 0 0 0 0 0 0 0 0 0 0 0 0 0 0 0 0 0 0 0 3 0 4 14 0 0 0 5 1 7 0 0 11 0 20 1 0 0 0 13 0 0 0 9 1 0 20 0 7 29 1 0 14 0 13 11 0 12 0 0 6 0 0 0 0 0 0 0 0 0 15 8 60 8 19 0 0 0 0 0 0 0 0 0 0 0 0 0 0 0 0 0 0 15 0 0 9 0 0 4 0 0 11 0 0 0 0 0 0 0 0 0 0 6 0 0 0 0 0 20 0 39 35 5 23 14 20 42 14 38 1 0 0 0 6 0 0 12 0 8 0 0 0 0 8 18 7 6 0 0 0 16 8 0 0 5 10 23 0 0 0 0 12 0 0 0 0 31 0 14 0 1 0 0 0 1 1 1 0 0 1 62 0 2 0 0 0 0 0 0 0 0 0 0 0 0 0 0 0 6 0 0 0 0 0 0 0 0 
 0 0 58 0 62 64 0 0 0 0 0 0 2 0 4 4 0 0 0 0 1 2 0 1 7 0 62 66 0 1 2 0 1 1 20 3 0 4 65 0 38 248 128 146 340 123 39 112 262 85 92 72 25 35 42 39 56 0 29 49 57 0 0 55 1 0 17 3 0 0 0 0 0 3 1 0 0 2 21 50 0 0 0 0 0 0 0 0 0 2 0 0 0 0 0 0 0 0 0 0 0 1 0 0 0 0 6 8 0 0 0 0 2 0 7 0 10 0 12 0 0 0 0 26 0 20 0 8 0 6 31 47 0 0 0 10 14 0 0 0 0 0 4 0 0 0 17 0 0 0 0 0 31 1 1 10 35 50 0 0 0 0 5 8 0 10 0 0 0 0 0 0 0 0 0 0 0 0 0 0 1 0 0 0 0 0 0 0 7 0 0 0 0 0 1 0 0 0 0 13 0 0 8 3 16 10 9 0 27 60 30 0 0 0 23 0 0 0 0 0 0 12 0 0 0 0 0 22 8 0 0 0 2 0 0 0 0 1 58 0 0 0 0 0 0 0 0 0 0 0 0 5 0 0 0 0 0 1 1 25 0 0 2 2 3 3 0 0 1 0 0 0 0 0 0 0 0 0 0 0 0 0 0 0 0 0 0 0 0 0 
 0 0 0 0 0 0 0 0 0 2 0 0 0 0 0 0 0 1 21 0 0 0 44 55 62 125 0 2 20 2 0 25 0 0 0 0 0 0 0 0 47 281 44 92 68 65 253 129 330 83 98 57 136 154 73 91 72 29 0 139 0 0 0 0 0 6 0 0 0 0 0 0 0 0 0 0 0 0 0 0 0 0 6 0 0 0 0 0 0 0 0 0 0 0 0 0 0 0 0 0 0 0 20 0 0 0 0 0 0 0 0 0 0 0 0 0 0 1 0 0 20 10 14 11 17 0 0 14 1 3 0 0 20 8 22 0 27 8 12 3 0 0 0 1 0 0 0 0 0 5 0 0 0 0 0 0 0 0 0 0 0 0 0 0 0 0 4 0 0 0 0 4 0 0 0 2 0 0 0 0 0 0 8 0 21 17 0 0 0 11 21 19 0 0 0 0 0 0 0 0 0 13 2 9 9 0 21 3 18 7 0 21 0 15 10 68 7 9 0 11 0 0 0 0 0 0 0 0 0 0 0 0 14 0 0 0 0 0 0 0 0 0 0 0 0 0 0 0 0 0 0 12 0 0 0 0 0 0 1 0 0 0 2 0 0 12 2 2 0 0 8 0 0 0 0 0 0 0 0 8 0 0 6 0 6 1 0 1 0 0 
 0 0 0 0 5 0 0 0 2 1 2 0 1 3 0 0 0 0 0 0 0 0 4 24 3 125 4 1 0 0 0 0 0 0 0 2 0 0 0 0 37 119 59 511 88 142 242 352 75 179 130 58 62 187 111 140 269 49 139 0 0 0 0 0 0 0 0 0 0 0 0 0 0 0 0 0 0 0 0 0 0 0 0 0 0 0 0 0 0 0 0 0 0 0 0 8 0 0 0 0 4 0 0 4 11 0 4 3 3 0 0 0 4 4 0 3 0 0 0 3 25 29 31 29 31 0 0 19 5 3 0 0 5 0 10 0 8 4 1 13 0 0 0 4 0 0 9 11 0 0 0 0 3 0 0 0 0 0 0 0 0 15 0 7 6 0 3 0 0 0 0 8 0 0 0 0 0 0 0 0 0 0 1 0 9 10 5 0 8 4 21 3 5 0 3 0 5 0 0 0 0 5 9 8 0 0 21 0 15 13 0 0 15 11 9 27 1 18 0 12 0 0 0 0 0 0 0 0 0 0 0 0 0 0 0 0 0 0 0 10 0 0 0 0 0 0 0 0 0 0 0 4 0 2 0 0 0 0 2 2 66 0 3 0 0 2 0 0 0 0 11 0 0 0 0 0 0 0 0 0 0 0 0 0 19 0 0 0 2 0 
 0 0 0 0 0 0 0 0 0 8 0 0 0 0 2 0 0 0 0 0 0 0 0 0 4 0 7 5 23 0 0 0 4 0 0 0 0 0 0 0 0 5 0 24 102 1 0 0 0 1 0 85 0 4 0 54 1 57 0 0 0 169 372 56 63 26 88 120 47 244 26 47 119 167 104 49 37 75 140 156 0 0 0 0 0 0 0 0 0 0 0 0 0 0 0 0 0 0 0 0 0 0 0 0 0 0 0 0 0 0 0 0 0 0 0 0 0 0 0 0 0 0 0 0 9 32 0 0 0 0 0 15 0 0 0 0 0 0 0 0 0 6 3 0 21 0 2 9 0 8 0 15 10 27 0 0 15 0 19 13 0 0 0 0 0 0 0 0 0 0 0 0 0 0 0 0 0 0 0 0 0 0 0 0 0 0 0 0 0 0 0 0 0 0 0 0 0 0 0 0 0 0 0 0 1 10 0 0 0 0 0 0 0 0 0 9 0 0 0 0 21 11 4 0 0 0 29 20 13 0 0 0 40 20 8 1 35 0 30 7 0 0 0 6 0 0 0 0 0 2 0 0 0 0 6 0 15 0 0 0 0 0 0 0 18 0 0 1 0 0 0 0 29 2 2 0 0 0 0 0 0 0 0 0 0 0 0 0 0 7 
