 0 122 260 63 122 49 362 132 43 117 25 181 99 54 124 35 135 93 58 215 1 0 0 4 0 3 0 0 64 0 0 0 0 2 0 0 0 2 0 3 29 0 2 0 0 0 1 60 0 0 0 0 0 0 0 0 0 0 0 0 0 0 0 0 0 0 6 0 0 1 3 3 0 0 3 0 0 0 0 0 43 17 21 14 0 0 18 2 0 14 0 0 27 8 26 27 13 13 34 19 0 0 9 0 0 0 2 0 0 0 0 0 0 23 0 0 0 0 0 0 18 0 0 1 0 0 0 0 0 0 0 0 0 0 0 0 0 0 0 0 0 0 1 0 0 0 0 0 0 0 0 1 0 0 0 0 0 0 0 0 10 0 14 18 0 0 19 0 11 0 0 0 12 12 0 33 35 51 0 0 0 0 0 0 0 0 0 0 0 1 0 0 0 1 0 0 0 0 0 1 0 0 2 0 0 0 0 0 0 0 0 0 0 0 0 0 0 0 0 0 0 0 0 0 0 0 0 0 0 0 0 0 0 0 0 0 15 0 0 0 0 1 0 0 0 2 2 0 0 2 0 5 0 0 0 0 0 0 0 0 0 0 10 0 0 0 0 0 0 0 0 0 0 0 0 0 0 8 0 0 0 0 0 0 0 0 0 0 0 0 
 122 0 113 155 151 89 321 194 296 31 80 350 234 390 223 163 207 162 203 424 204 0 0 0 0 3 0 0 0 0 0 0 0 2 0 0 0 2 0 2 0 0 3 0 0 0 0 0 0 0 0 0 0 0 0 22 0 0 0 0 0 0 0 0 0 0 2 0 0 0 2 2 0 0 3 0 0 0 0 0 63 18 18 0 0 0 0 30 20 10 6 6 10 30 55 0 32 12 8 43 0 0 2 0 0 0 0 0 0 0 0 0 0 0 1 1 0 0 9 0 0 0 0 0 0 0 0 0 0 0 2 22 0 0 0 0 1 0 0 0 0 0 7 0 0 1 0 0 0 0 0 0 2 0 1 0 0 2 0 0 17 0 36 10 1 0 30 0 14 24 0 0 1 1 4 9 9 21 30 0 0 0 0 0 0 0 0 0 0 0 0 0 0 1 0 0 0 0 0 1 0 0 0 0 0 0 0 1 0 0 0 0 0 2 0 0 0 0 0 0 0 0 0 0 0 0 0 0 0 0 0 0 0 0 0 0 0 0 0 0 0 1 0 0 0 1 90 0 48 93 0 15 6 0 2 0 0 0 0 0 0 0 12 0 0 0 0 0 0 0 0 0 0 0 0 3 0 0 0 0 0 0 0 0 0 0 0 0 0 0 
 260 113 0 383 117 254 106 156 277 181 149 48 172 67 248 95 129 131 129 80 4 4 0 0 1 3 24 0 0 0 0 3 0 4 2 0 0 2 75 3 0 6 2 0 0 5 0 0 3 11 3 0 2 0 0 0 0 0 0 0 0 0 0 1 0 0 2 0 3 3 3 3 0 3 57 0 0 0 0 0 29 9 0 25 12 5 0 0 0 63 25 19 12 15 22 5 73 28 18 5 17 0 0 1 0 0 0 0 0 0 0 0 5 0 0 0 0 59 1 0 0 0 0 0 0 0 0 0 0 0 0 0 10 0 0 2 1 0 0 0 0 0 5 0 0 0 0 0 0 0 0 0 0 0 0 0 2 0 46 0 16 0 1 10 51 0 0 0 14 41 12 10 11 14 0 13 14 21 10 0 0 0 0 0 0 0 0 22 0 0 2 0 0 0 0 0 0 5 0 19 0 1 0 0 0 0 0 0 0 0 0 0 0 0 0 0 0 0 0 0 0 0 0 0 0 0 0 0 0 0 0 0 0 22 0 0 0 0 0 0 0 0 0 0 0 0 94 0 12 0 0 7 11 0 0 0 0 0 0 0 0 0 0 0 0 0 0 0 0 0 0 0 0 0 0 0 0 10 0 0 0 0 0 0 0 0 0 0 0 0 
 63 155 383 0 341 142 690 315 198 351 53 59 340 94 270 212 49 46 66 224 0 0 0 0 0 6 1 3 0 0 0 0 1 2 0 0 0 2 0 7 0 1 2 0 0 0 0 0 0 0 0 0 3 0 0 0 58 0 0 0 2 0 0 0 0 0 4 0 0 1 3 3 0 0 5 1 0 0 0 0 41 15 27 25 0 16 0 0 33 12 9 0 35 0 13 0 31 18 18 15 0 0 0 0 0 0 0 1 0 0 0 0 0 10 0 0 0 1 35 4 0 0 0 0 0 0 0 10 0 0 0 0 12 0 0 19 0 0 0 0 0 0 3 0 0 0 0 0 0 0 0 0 0 0 0 0 0 0 10 0 9 0 20 30 0 7 18 20 10 14 0 9 0 0 10 11 17 22 0 0 0 0 0 0 0 0 1 0 0 0 0 0 16 1 0 0 0 0 0 12 0 0 0 0 0 0 0 0 0 0 0 0 0 0 0 0 0 0 0 0 0 0 0 0 1 0 0 0 0 0 0 0 0 0 0 0 0 0 0 0 0 1 0 0 0 1 3 1 0 5 21 10 0 0 0 0 0 0 0 0 0 0 0 0 0 0 0 0 0 0 0 0 0 0 0 22 0 15 0 0 0 0 0 0 0 0 0 0 0 0 
 122 151 117 341 0 140 228 71 305 273 498 70 68 125 178 162 47 133 93 186 75 0 1 2 0 3 0 0 0 0 0 0 0 25 73 2 0 3 75 4 0 61 2 0 0 0 0 0 0 0 0 0 0 0 67 0 3 0 0 0 0 0 0 2 0 0 0 0 0 0 3 3 0 0 3 0 0 0 0 0 17 24 16 22 0 0 2 0 28 0 17 1 0 14 10 1 40 0 0 0 11 19 0 0 0 0 38 0 0 0 1 2 19 12 0 0 0 0 21 0 0 0 0 0 0 0 0 0 0 0 0 0 12 0 0 0 0 0 0 0 0 0 0 0 0 0 0 0 0 0 0 0 0 0 0 0 0 0 0 0 31 2 11 16 0 30 20 5 0 0 1 2 0 0 0 13 15 30 0 0 0 0 0 17 0 0 11 0 0 0 2 0 0 1 0 1 0 9 0 2 0 10 0 2 0 0 0 0 0 0 0 0 2 0 0 0 0 2 0 0 0 0 0 0 0 0 0 0 0 0 0 1 1 2 0 0 0 0 0 0 0 1 0 0 0 3 4 0 0 96 0 9 0 2 0 0 0 0 0 0 0 1 0 0 0 0 0 0 0 0 0 0 0 0 0 18 0 0 0 0 0 0 0 0 0 0 0 0 0 0 
 49 89 254 142 140 0 41 38 63 183 153 339 29 127 137 105 418 257 51 139 28 86 0 75 0 3 21 0 74 0 0 0 114 242 62 81 155 2 193 87 59 0 2 0 0 0 0 0 0 1 0 0 3 0 0 0 0 0 0 0 0 0 0 0 0 0 0 0 0 0 3 3 0 0 3 0 0 0 0 0 0 1 0 28 14 0 0 0 0 0 39 0 0 0 20 0 26 19 0 7 0 20 16 37 0 0 47 20 2 4 0 10 27 30 13 0 0 2 0 10 0 0 0 0 0 28 0 0 0 0 0 0 0 0 0 0 0 0 0 0 0 0 0 0 0 0 0 0 0 0 0 0 2 0 0 0 0 2 12 0 14 30 16 16 9 7 0 0 0 0 1 0 0 12 0 0 1 15 0 0 26 23 13 22 0 0 12 1 22 11 30 0 7 0 21 9 11 24 0 31 0 0 0 0 0 0 0 0 0 0 0 0 0 2 0 0 0 0 0 1 0 0 0 0 0 0 0 0 0 0 0 0 0 0 0 0 0 0 0 0 0 0 0 0 0 0 1 0 1 9 0 2 0 0 0 0 0 0 0 0 0 18 0 0 0 0 0 0 0 0 0 0 0 0 0 0 0 0 0 16 0 0 0 0 0 0 0 0 0 0 
 362 321 106 690 228 41 0 174 64 467 45 209 372 76 148 130 339 231 264 96 2 0 0 0 0 3 0 0 0 0 0 0 2 2 2 0 0 2 0 4 0 0 2 0 2 0 0 1 0 0 0 0 0 0 0 0 0 0 0 1 0 0 0 0 0 0 0 0 0 1 3 3 7 0 3 0 0 0 0 0 38 0 26 12 0 0 9 17 27 8 21 16 9 22 96 0 31 16 14 51 0 0 0 0 0 0 1 0 0 0 0 0 0 15 0 0 0 1 11 0 0 0 0 2 0 0 0 0 0 0 0 0 0 0 0 0 0 0 0 0 0 0 3 0 0 0 0 0 0 0 0 0 0 0 0 0 0 0 0 0 28 0 19 12 0 0 21 0 14 49 9 0 0 0 23 13 0 8 6 0 0 0 18 0 0 0 0 0 0 0 0 0 0 0 0 0 0 0 0 0 0 0 1 0 0 0 0 0 0 0 0 0 0 15 0 0 0 0 0 0 0 0 0 0 1 0 0 0 0 0 0 2 0 0 0 0 0 0 0 0 0 0 0 0 0 1 101 2 4 0 0 9 10 0 0 0 0 0 0 0 0 0 2 0 0 0 0 0 0 0 0 0 0 0 0 27 0 1 0 0 0 0 0 0 0 0 0 0 0 0 
 132 194 156 315 71 38 174 0 174 128 207 76 93 183 228 267 93 29 279 320 65 1 0 0 0 3 0 0 0 1 0 2 2 2 0 0 0 5 0 3 0 0 2 0 0 0 0 0 0 0 0 0 0 0 0 0 0 0 0 0 0 0 0 0 1 0 0 0 0 0 3 3 0 0 3 0 0 0 0 0 12 14 44 16 15 0 21 22 29 2 19 0 0 49 0 31 34 11 1 10 0 0 0 0 0 0 13 0 0 0 0 0 0 12 0 0 0 0 0 0 0 0 0 0 0 0 0 0 0 0 0 2 0 0 0 0 0 0 0 0 0 2 0 0 0 0 0 1 0 0 0 0 0 0 0 0 0 0 0 0 17 10 28 1 19 7 20 0 0 0 0 1 29 33 10 19 33 39 14 10 1 0 0 0 0 0 0 0 0 0 0 0 0 0 0 0 0 0 0 0 0 0 0 0 0 9 1 0 2 0 0 0 0 0 0 0 0 0 0 0 0 0 0 1 0 0 0 0 0 0 0 0 0 0 0 0 0 0 2 0 0 0 0 0 0 2 0 0 4 3 0 15 0 0 0 0 0 0 0 0 0 0 0 0 0 0 0 0 0 0 0 0 0 0 0 0 0 0 0 0 0 0 0 0 0 0 0 0 0 0 
 43 296 277 198 305 63 64 174 0 429 112 136 287 436 61 190 96 190 83 155 81 0 0 0 0 5 0 0 0 0 0 3 1 2 0 0 6 2 0 3 0 5 3 0 0 0 54 0 0 0 4 0 0 0 0 0 0 0 0 0 0 0 0 0 0 0 0 0 0 0 2 3 0 0 3 0 0 0 0 0 0 31 10 10 19 28 0 15 43 0 2 4 0 14 16 0 20 30 0 0 17 9 0 0 0 0 0 0 0 0 0 0 0 0 0 0 0 0 41 9 0 0 0 0 1 0 0 0 0 0 0 0 13 0 0 0 1 0 0 2 0 0 0 0 0 7 0 0 5 0 0 0 0 0 1 0 0 0 0 0 0 0 0 18 29 38 0 20 9 14 19 19 0 0 3 0 27 0 0 0 0 2 0 0 0 0 1 0 0 0 0 0 3 10 0 0 0 0 0 8 0 0 0 0 0 0 0 0 0 1 0 0 0 0 0 0 1 0 0 0 2 0 0 0 0 0 1 0 0 7 0 0 0 0 0 0 0 0 0 0 0 9 0 0 0 1 94 0 4 102 17 15 0 0 0 0 0 0 0 0 0 0 0 0 0 0 0 0 0 2 0 0 0 0 0 12 49 0 0 0 0 0 0 0 0 0 0 0 0 0 
 117 31 181 351 273 183 467 128 429 0 195 130 58 322 80 392 78 224 84 81 4 0 2 2 0 3 156 0 0 0 0 3 75 5 5 4 0 3 20 75 9 26 2 2 0 3 0 0 1 2 6 2 2 0 2 2 2 0 0 0 0 0 0 3 0 0 1 0 3 3 6 3 2 2 4 2 51 1 0 0 0 0 14 34 13 29 0 0 15 8 38 55 1 0 0 0 46 13 1 0 0 0 0 0 1 0 0 0 13 0 0 0 0 32 11 14 0 0 27 46 0 0 0 0 0 0 0 0 0 0 0 0 10 0 0 0 0 0 0 1 0 0 0 0 0 0 0 0 0 0 0 0 3 0 2 0 0 0 0 11 1 0 1 1 13 22 1 0 0 1 10 12 0 0 0 4 13 8 0 0 13 2 0 0 0 0 0 0 0 0 0 0 14 48 10 0 0 0 12 32 0 0 0 0 0 0 0 0 0 0 0 0 0 0 0 0 0 0 0 0 1 0 0 0 0 0 2 0 0 0 0 0 0 0 0 0 0 0 0 0 0 17 0 0 0 0 1 0 2 88 2 13 0 0 0 0 0 0 0 0 0 0 0 0 0 0 0 0 0 0 0 0 0 0 0 14 0 0 0 0 0 0 0 0 0 0 0 0 0 0 
 25 80 149 53 498 153 45 207 112 195 0 146 41 223 75 408 180 38 43 164 78 0 0 0 0 3 76 0 0 0 2 0 0 2 24 0 0 2 0 116 16 1 2 0 0 0 0 0 0 33 0 0 6 0 0 0 0 0 0 0 0 0 0 0 0 0 0 0 0 0 3 3 0 0 3 0 0 0 0 0 0 32 11 11 34 7 0 15 14 24 26 17 0 13 7 10 0 0 1 0 42 17 0 11 0 0 11 1 8 0 0 0 14 10 31 0 11 24 1 28 0 0 0 0 0 0 0 0 0 0 0 0 0 0 2 0 1 0 0 0 0 0 0 0 0 1 0 0 0 0 0 0 5 0 12 0 0 0 0 0 0 0 0 14 44 46 0 12 0 0 23 19 0 14 0 0 0 0 0 0 19 0 0 1 0 0 17 15 0 0 0 0 2 8 12 10 0 23 3 1 0 0 0 0 0 0 0 0 0 0 0 0 0 0 2 0 0 0 0 0 0 0 0 0 0 0 0 0 0 2 0 0 0 0 0 1 0 0 0 0 0 0 0 0 0 4 46 0 2 84 0 19 0 1 0 0 0 0 0 0 0 0 0 0 0 0 0 0 0 0 0 0 0 0 0 0 22 0 0 0 0 0 0 0 0 0 0 0 0 2 
 181 350 48 59 70 339 209 76 136 130 146 0 178 86 114 137 343 79 54 206 2 0 1 0 0 5 2 0 0 0 0 3 73 5 2 0 0 5 0 3 73 9 2 0 0 3 0 0 1 2 0 0 2 0 0 0 0 0 1 2 0 0 0 1 0 0 0 0 0 0 3 5 0 0 3 1 0 0 0 0 36 8 1 9 29 19 0 20 2 1 0 1 11 10 23 0 10 1 19 37 15 0 19 0 2 0 34 5 22 0 0 0 12 10 0 13 0 0 19 11 0 0 0 0 0 1 0 0 0 0 0 0 0 0 0 0 10 0 0 0 0 0 3 0 0 6 0 0 2 0 0 0 2 0 0 0 1 0 0 0 24 14 40 23 10 9 14 1 0 14 0 0 0 3 15 0 13 35 0 0 2 11 30 0 0 0 20 0 0 0 0 0 15 0 17 10 4 22 3 0 0 0 0 0 0 0 0 0 0 0 0 0 0 0 0 0 0 0 0 1 0 0 0 0 0 0 1 0 0 0 0 0 0 0 0 0 0 0 0 0 0 0 0 0 0 1 5 0 7 3 0 3 0 2 0 0 0 0 0 0 0 0 11 0 0 0 0 0 0 0 0 0 0 0 0 11 18 1 0 0 0 0 0 0 0 0 0 0 0 0 
 99 234 172 340 68 29 372 93 287 58 41 178 0 84 221 123 210 167 233 139 0 0 0 0 0 3 0 4 0 0 73 0 0 2 21 2 0 2 0 3 0 0 2 0 0 0 0 0 0 0 0 5 0 0 2 0 0 0 0 0 53 0 1 0 0 0 0 0 0 0 3 3 0 0 3 0 0 0 0 0 67 7 11 1 2 0 0 18 14 16 11 2 13 16 34 0 1 32 34 22 0 0 0 0 0 0 0 0 0 0 0 0 0 0 0 0 0 0 0 0 0 0 0 0 0 0 0 0 0 0 0 0 0 0 0 0 0 0 0 0 0 0 0 6 0 0 0 1 0 0 0 0 0 0 0 0 0 0 0 0 16 2 11 14 0 0 23 1 0 14 1 9 0 39 0 12 10 47 0 0 0 0 0 0 0 0 0 0 0 0 0 0 0 21 0 0 0 0 0 23 0 0 0 0 0 0 0 0 0 0 0 0 0 0 0 9 0 0 0 0 0 0 0 0 0 0 0 0 0 0 0 0 0 0 0 0 16 0 0 0 0 1 0 0 0 0 0 0 88 1 0 16 10 0 2 0 0 0 0 0 0 0 12 0 0 0 0 0 0 0 0 0 0 0 0 0 0 0 0 0 0 0 0 0 0 0 0 0 0 0 
 54 390 67 94 125 127 76 183 436 322 223 86 84 0 118 298 63 29 207 183 0 2 2 0 2 3 3 1 0 0 3 2 0 3 0 79 2 2 0 4 2 0 2 0 0 60 7 1 1 0 0 0 0 0 0 0 0 0 0 0 0 0 0 3 0 0 0 0 0 0 7 3 0 0 3 0 0 0 0 0 0 7 7 16 16 0 6 43 0 0 0 0 10 32 1 0 0 0 13 37 0 0 0 0 0 0 19 1 0 0 0 0 0 0 0 0 0 0 0 2 0 24 0 0 0 0 0 0 0 0 0 0 0 0 0 0 0 0 0 0 0 11 0 0 0 0 14 0 0 0 0 0 0 0 0 0 0 0 0 0 41 13 19 12 15 10 10 0 10 0 0 0 29 4 28 10 1 18 13 21 0 0 0 0 0 0 0 0 0 0 0 0 0 0 0 0 15 0 0 2 2 0 0 0 18 0 0 0 0 0 0 0 0 0 0 0 0 0 0 2 0 0 0 0 0 0 0 0 0 0 0 0 0 0 0 0 0 0 0 0 0 0 0 0 0 0 0 0 3 3 1 16 0 0 0 0 0 2 0 0 0 0 0 0 0 0 0 0 0 0 0 0 0 0 0 0 0 0 0 0 0 0 0 0 0 0 0 0 0 0 
 124 223 248 270 178 137 148 228 61 80 75 114 221 118 0 170 316 137 182 304 75 0 0 0 0 4 2 0 0 204 204 0 2 4 0 0 0 2 0 5 0 3 2 0 0 0 0 0 0 0 0 0 0 0 0 0 0 0 0 0 0 0 0 0 0 0 0 0 0 0 3 3 0 0 3 0 0 0 0 0 24 0 26 13 14 0 0 8 1 23 17 0 28 41 67 19 28 26 61 35 0 0 0 0 0 0 0 0 0 0 0 0 0 15 0 0 0 0 1 0 0 0 2 0 0 0 0 0 0 11 0 0 0 2 0 0 0 0 0 0 0 2 3 0 0 0 0 1 0 0 0 0 0 0 0 0 0 0 12 0 23 27 52 12 10 0 8 0 10 15 0 0 19 0 22 14 10 22 14 1 0 0 0 0 0 0 0 0 0 0 0 0 0 0 0 0 5 2 0 14 0 0 0 0 2 0 0 0 2 0 0 0 0 0 1 1 0 0 0 0 0 0 0 0 0 0 0 0 0 0 0 0 0 0 0 0 0 0 0 0 0 0 0 0 0 0 2 0 3 1 0 6 0 0 0 0 0 0 0 0 0 0 0 0 0 0 0 0 0 0 0 0 0 0 0 10 0 13 0 0 0 0 0 0 0 0 0 0 0 0 
 35 163 95 212 162 105 130 267 190 392 408 137 123 298 170 0 198 212 127 247 85 0 1 2 0 3 60 1 0 0 0 0 0 2 2 2 207 2 0 2 0 0 3 0 0 0 2 0 0 0 0 1 0 0 0 0 4 0 0 0 0 0 0 0 0 0 0 0 54 0 2 2 0 0 3 41 0 0 0 2 0 15 0 0 34 10 0 24 13 12 0 0 0 29 35 0 19 23 14 35 18 0 0 0 2 0 0 0 0 0 0 0 0 1 0 0 0 0 33 9 0 0 0 0 0 0 0 0 0 0 0 0 14 0 0 0 1 0 0 2 0 0 7 0 0 0 0 0 2 0 0 0 0 0 1 0 0 0 0 0 50 21 28 27 24 23 0 2 32 21 19 0 15 15 22 12 9 16 0 23 0 2 0 0 0 0 0 0 0 0 0 0 3 0 0 0 0 0 0 1 0 0 0 0 0 0 0 0 0 0 0 0 0 0 0 0 0 11 0 0 2 0 0 18 0 0 1 0 0 0 0 0 0 0 0 0 0 0 0 0 0 0 0 0 0 2 99 2 4 45 17 7 12 0 0 0 0 0 0 0 0 0 32 0 0 0 0 0 0 0 0 0 0 0 0 11 28 0 0 0 0 0 0 0 0 0 0 0 0 0 
 135 207 129 49 47 418 339 93 96 78 180 343 210 63 316 198 0 334 126 125 0 0 0 0 0 4 74 1 0 0 0 0 0 2 0 0 72 2 22 4 0 0 2 0 0 0 0 0 0 0 0 0 0 0 4 0 0 0 0 0 0 0 0 0 0 0 0 0 0 1 3 3 0 0 3 0 0 0 0 0 11 37 0 41 25 0 0 16 27 31 12 21 5 7 21 0 0 18 11 37 0 0 0 0 0 0 19 0 0 0 0 0 0 0 0 19 0 0 16 0 18 0 0 0 0 0 0 0 0 0 0 0 0 0 0 0 11 0 0 0 0 0 0 0 0 3 0 0 8 0 0 12 14 0 0 0 0 0 0 0 32 32 20 21 13 10 0 25 1 0 0 0 3 15 0 0 12 20 0 0 0 0 0 0 0 0 0 0 0 0 0 0 0 34 0 0 0 1 0 0 0 0 0 0 0 0 0 0 0 0 0 0 0 0 0 0 0 0 0 0 0 0 0 0 0 0 0 0 0 0 0 0 0 0 0 0 0 0 0 0 0 0 0 0 0 0 88 0 88 0 0 8 0 0 0 0 0 0 0 0 0 0 13 0 0 0 0 0 0 0 0 0 0 0 0 0 0 0 0 0 0 0 0 14 0 0 0 0 0 0 
 93 162 131 46 133 257 231 29 190 224 38 79 167 29 137 212 334 0 239 186 0 0 0 0 1 3 21 0 0 0 1 0 74 2 0 2 0 3 76 3 0 0 2 0 0 0 0 0 2 0 0 3 0 0 0 0 0 0 0 0 0 0 0 0 0 0 2 0 30 0 3 3 0 2 3 0 0 0 1 1 12 5 1 29 15 65 0 24 2 18 16 9 0 23 8 1 14 8 8 55 34 0 14 0 0 0 0 0 14 0 0 0 0 1 0 10 0 0 20 7 0 0 0 0 0 0 0 0 0 0 0 0 15 0 0 0 10 0 0 0 0 0 3 0 0 1 0 0 11 0 0 0 0 0 0 0 0 0 0 0 15 15 33 0 11 2 14 1 0 15 0 0 0 1 11 35 12 44 0 0 1 7 0 0 0 0 0 0 0 0 0 0 23 13 10 0 0 0 1 0 0 0 0 0 0 0 0 0 0 0 0 0 0 0 0 0 20 0 0 0 0 0 0 0 0 0 0 0 0 0 0 0 0 0 0 0 0 0 0 0 0 0 0 0 0 0 11 0 3 0 14 28 0 0 0 0 0 0 0 0 0 0 11 0 0 0 0 0 0 0 0 0 0 0 0 11 65 0 0 0 0 0 0 0 0 0 0 12 0 0 
 58 203 129 66 93 51 264 279 83 84 43 54 233 207 182 127 126 239 0 59 0 0 0 1 0 4 1 1 2 0 0 4 0 5 4 0 0 6 0 9 9 6 3 0 5 1 0 0 2 0 6 2 8 8 0 0 4 2 1 2 2 12 0 1 4 1 3 3 1 0 9 4 0 3 3 12 2 2 0 0 14 0 0 0 0 0 2 52 15 20 12 12 7 14 39 1 0 27 28 17 0 0 0 0 2 0 0 0 0 0 1 0 0 0 0 0 0 0 0 0 0 0 0 0 0 1 0 0 0 0 0 28 0 0 0 0 0 0 0 0 0 0 0 0 0 0 5 0 2 0 0 0 0 0 1 0 1 0 0 17 0 8 1 2 0 0 33 1 5 17 11 0 0 0 0 2 0 0 13 1 0 18 0 0 0 0 0 0 0 0 0 0 12 0 0 0 0 0 2 0 0 0 0 0 0 0 18 0 0 0 0 0 0 0 0 0 0 0 0 1 0 0 0 0 0 0 1 0 1 0 0 2 0 0 0 0 0 0 0 0 0 0 0 0 0 2 0 0 51 1 0 10 10 0 0 0 0 0 0 0 0 1 0 0 0 0 0 0 0 0 0 0 0 0 0 0 0 0 0 0 0 0 0 0 0 0 0 15 0 0 
 215 424 80 224 186 139 96 320 155 81 164 206 139 183 304 247 125 186 59 0 0 2 1 0 0 3 0 0 0 2 2 1 0 2 0 2 0 4 0 2 0 0 3 0 66 0 0 0 2 0 0 0 0 0 0 0 0 0 0 0 2 0 0 0 0 0 0 0 0 0 5 2 0 1 3 0 0 0 0 1 15 33 14 13 10 0 14 6 1 18 16 0 17 45 33 0 30 17 18 8 0 0 0 0 0 0 0 0 0 0 0 0 0 13 0 0 0 0 0 0 0 0 0 0 0 0 0 0 0 0 0 0 0 0 0 0 0 0 0 0 0 0 7 54 0 0 1 0 0 0 0 0 0 0 0 0 0 0 0 2 23 11 16 16 11 19 17 0 17 5 0 0 26 28 0 0 18 15 64 0 0 0 0 0 0 11 0 0 0 0 0 0 0 0 0 0 0 0 0 21 0 0 0 0 0 2 0 0 0 0 0 0 0 0 0 0 0 0 0 0 0 0 0 0 0 0 0 0 0 0 0 15 0 0 0 0 0 0 0 0 0 0 0 0 0 1 1 0 0 7 0 4 0 0 0 0 0 0 0 0 0 0 0 0 0 0 0 0 0 0 0 0 0 0 0 1 0 6 0 0 0 0 0 0 0 0 0 0 0 0 
 1 204 4 0 75 28 2 65 81 4 78 2 0 0 75 85 0 0 0 0 0 88 161 368 270 29 114 155 197 109 154 328 49 388 185 414 78 336 128 116 0 0 0 2 0 0 0 2 1 0 66 3 0 0 0 0 0 0 0 0 0 0 0 0 0 0 3 0 0 0 0 0 3 2 0 3 0 0 0 0 2 0 0 0 17 15 0 2 0 0 0 2 0 0 0 2 0 0 0 0 31 51 28 1 19 0 38 0 12 0 1 9 54 10 10 18 13 12 50 4 0 0 0 0 0 0 0 0 0 0 0 0 2 0 0 1 0 0 0 2 0 0 0 2 0 0 0 0 0 0 0 0 0 0 0 0 0 0 0 0 0 0 0 0 8 23 0 20 0 0 19 0 8 0 3 0 0 0 0 0 8 14 36 26 12 0 34 13 15 12 20 12 10 0 14 22 0 24 11 1 0 0 0 0 0 0 0 0 0 0 0 0 0 0 0 0 0 0 10 10 0 0 0 0 0 0 0 1 0 0 1 0 0 0 0 21 0 0 0 0 0 0 0 0 0 0 0 0 0 0 19 0 0 0 3 0 2 0 152 4 0 17 62 0 0 0 0 0 0 0 0 0 0 0 0 0 22 0 0 0 0 0 0 0 0 0 0 0 0 0 
 0 0 4 0 0 86 0 1 0 0 0 0 0 2 0 0 0 0 0 2 88 0 121 205 286 82 501 119 350 76 42 187 312 256 211 87 163 256 179 45 2 0 0 0 0 0 0 0 0 2 0 0 36 0 0 0 0 0 20 1 1 0 0 0 0 0 0 0 0 0 0 0 0 3 0 0 0 2 26 0 0 0 0 2 0 0 0 0 0 0 0 9 0 0 0 0 0 0 0 0 0 0 68 23 20 0 34 19 0 10 11 7 19 10 0 12 11 14 0 33 9 0 0 0 1 0 0 13 0 0 0 0 14 0 0 0 0 0 12 1 1 0 0 0 0 0 0 0 0 5 0 0 0 0 0 0 0 0 2 0 0 0 0 0 0 0 0 0 0 0 0 0 0 0 0 0 0 0 0 0 14 22 21 14 57 30 18 2 14 30 17 0 20 22 13 24 0 1 19 9 0 1 0 0 0 0 1 0 0 0 0 0 0 0 0 0 0 0 0 27 11 0 0 0 0 0 0 0 0 0 0 0 0 0 0 0 2 0 0 0 0 0 0 0 0 0 0 0 0 0 0 0 0 0 10 0 2 0 0 2 13 0 0 0 0 0 0 0 0 0 0 0 0 0 0 0 0 0 0 0 0 6 0 0 1 0 0 0 0 0 
 0 0 0 0 1 0 0 0 0 2 0 1 0 2 0 1 0 0 0 1 161 121 0 123 344 191 170 339 286 295 71 178 273 134 197 214 228 273 275 41 1 0 0 2 0 1 9 2 1 0 0 2 67 0 1 0 5 0 0 0 0 0 1 3 0 0 3 0 0 66 0 1 3 0 0 3 0 0 0 13 0 0 0 0 0 0 0 0 0 0 0 0 0 0 0 0 0 0 0 0 0 20 1 21 29 9 8 28 37 15 43 60 0 0 6 0 32 21 0 0 20 0 0 0 0 0 19 0 0 0 0 0 25 2 0 0 0 0 1 16 0 0 0 0 0 0 0 0 0 16 1 0 0 0 0 0 0 2 0 0 0 1 0 0 0 0 2 4 0 0 0 0 7 0 0 0 17 0 0 0 6 0 14 18 29 21 0 24 13 79 19 29 0 0 0 14 18 0 52 0 10 0 0 0 0 0 14 0 0 2 0 0 1 11 0 0 0 0 0 10 0 0 0 0 0 0 0 0 19 0 0 0 0 0 0 0 0 0 0 0 0 0 0 0 0 0 0 0 0 0 0 0 0 0 13 0 1 1 93 2 0 0 0 0 0 0 16 0 0 0 0 0 0 0 0 0 0 2 0 0 0 27 0 0 0 0 0 0 0 0 
 4 0 0 0 2 75 0 0 0 2 0 0 0 0 0 2 0 0 1 0 368 205 123 0 113 115 200 79 130 82 572 138 333 187 87 354 130 43 73 153 67 0 0 1 0 0 0 2 64 0 0 0 139 0 1 0 2 0 135 0 0 0 1 4 0 0 3 0 0 1 0 2 3 0 0 3 0 1 0 2 0 0 0 0 0 0 0 9 8 0 0 0 0 0 0 0 0 0 0 0 12 13 22 34 0 51 21 9 0 27 68 10 0 10 0 16 12 0 0 0 7 0 1 0 11 18 15 37 20 0 0 0 0 9 10 12 0 22 36 19 0 7 0 0 2 0 0 0 0 0 0 0 0 0 0 0 0 0 0 0 0 0 5 0 0 0 0 2 0 0 0 3 0 0 0 0 0 0 4 0 22 1 20 26 0 0 0 1 12 7 29 1 0 29 10 6 14 0 1 0 33 1 23 0 0 0 42 0 63 1 0 1 15 16 13 0 13 15 15 4 0 0 0 0 0 0 0 0 0 0 0 0 0 0 0 0 0 0 0 0 0 0 0 0 0 0 0 0 0 0 0 0 0 0 0 2 4 46 0 1 10 2 0 0 0 0 0 0 0 0 0 0 0 0 0 0 0 0 0 18 0 0 0 0 0 0 19 0 0 0 
 0 0 1 0 0 0 0 0 0 0 0 0 0 2 0 0 0 1 0 0 270 286 344 113 0 145 161 154 76 199 157 363 74 83 79 169 110 212 63 59 140 0 0 3 0 0 0 65 1 0 0 9 62 61 0 0 0 0 62 62 0 0 0 0 0 1 3 0 0 1 0 0 29 0 0 3 0 0 0 0 0 0 0 0 0 0 0 0 0 0 0 0 0 0 0 0 0 0 0 0 0 9 21 33 6 33 27 0 0 15 20 38 0 1 8 13 14 0 0 0 18 13 0 0 10 0 8 30 9 0 0 0 9 0 3 8 0 20 24 19 0 0 0 0 0 0 0 0 0 0 0 0 0 0 0 6 0 0 0 0 0 0 1 0 0 0 4 0 1 0 0 0 0 0 0 0 0 0 0 0 0 0 11 21 61 30 0 0 15 59 27 48 0 14 0 10 0 12 0 0 9 0 11 0 0 0 15 0 14 0 9 0 14 15 12 27 1 0 8 31 0 0 0 0 0 0 0 0 0 0 0 0 0 0 0 0 0 0 0 0 0 0 0 0 0 0 0 0 0 0 0 0 0 0 8 2 5 76 74 1 9 3 0 0 0 0 0 0 0 0 0 0 0 0 0 0 0 0 0 0 0 18 0 0 0 11 0 0 0 0 
 3 3 3 6 3 3 3 3 5 3 3 5 3 3 4 3 4 3 4 3 29 82 191 115 145 0 262 248 491 39 270 63 54 409 137 620 155 171 44 266 65 0 0 7 0 0 0 4 2 0 0 2 84 0 1 0 0 0 119 68 0 0 0 0 0 53 3 0 0 5 0 0 3 0 0 1 0 0 0 0 0 1 0 0 0 0 0 0 0 0 0 0 0 0 0 0 0 0 1 0 0 0 0 0 31 23 0 13 13 25 20 1 0 0 24 11 0 18 0 0 46 0 0 0 0 0 22 31 45 20 0 0 12 21 14 0 0 21 33 26 0 8 0 0 0 0 0 15 0 0 0 4 0 0 0 0 0 0 0 2 0 0 0 0 0 3 0 0 0 0 0 0 0 0 0 0 0 0 1 0 0 0 0 1 10 0 0 8 40 10 0 60 0 0 0 0 12 16 0 0 91 0 16 0 1 0 0 13 13 0 0 22 50 71 15 54 0 23 0 0 0 0 0 0 2 0 0 0 0 0 0 0 0 0 0 0 0 58 0 0 0 0 12 0 0 0 0 0 0 0 0 0 0 0 173 5 1 78 4 1 4 0 0 0 0 0 27 0 0 0 0 0 0 0 0 0 0 0 0 0 0 0 0 0 0 0 0 0 0 1 
 0 0 24 1 0 21 0 0 0 156 76 2 0 3 2 60 74 21 1 0 114 501 170 200 161 262 0 173 791 106 41 68 360 247 257 258 28 36 109 267 1 7 0 1 0 0 2 2 3 10 1 0 0 59 0 0 2 0 0 0 0 0 0 0 0 0 3 0 2 0 0 0 3 0 0 2 0 0 34 0 0 0 0 15 43 21 0 0 0 36 51 28 0 0 0 3 0 0 1 0 39 0 52 26 11 0 45 11 0 0 0 12 2 0 0 24 8 33 10 30 0 0 0 0 1 0 0 0 0 0 0 0 10 0 0 0 0 0 0 1 0 0 0 0 0 0 0 0 0 4 0 0 0 0 0 0 0 0 0 13 0 0 0 0 2 0 0 0 0 14 26 21 0 0 0 0 0 2 0 0 14 25 6 0 51 1 8 10 27 11 17 9 37 42 16 22 1 1 0 17 0 0 0 0 1 0 0 0 0 0 0 0 0 0 0 0 0 0 0 18 0 0 0 0 0 0 0 0 0 0 0 0 0 0 0 0 0 0 0 0 0 0 0 0 0 0 75 0 0 0 0 0 0 0 4 0 1 0 0 0 2 0 0 0 0 0 0 0 0 0 0 0 0 0 0 0 9 0 0 0 0 12 0 0 0 0 0 0 0 0 
 0 0 0 3 0 0 0 0 0 0 0 0 4 1 0 1 1 0 1 0 155 119 339 79 154 248 173 0 318 142 111 253 93 142 156 115 288 191 147 338 4 0 0 2 3 0 0 2 2 0 0 0 3 3 7 0 0 0 64 0 0 3 0 0 0 0 3 1 0 0 1 2 3 2 0 3 0 0 2 0 0 0 0 0 0 0 0 0 0 0 1 0 0 0 0 0 1 0 0 0 0 24 1 43 28 0 24 29 19 9 38 48 0 2 8 3 36 52 0 0 0 0 13 1 0 0 10 0 0 0 1 0 3 0 0 0 0 0 0 29 0 0 0 0 0 0 0 0 0 5 0 0 0 0 0 0 0 0 0 0 0 0 0 0 0 0 0 5 0 0 0 0 8 1 0 0 0 0 0 0 15 1 3 8 51 37 0 1 15 46 19 27 0 0 0 13 4 14 11 0 0 0 0 0 0 0 7 0 7 0 1 9 0 1 0 0 0 0 0 45 0 0 0 0 0 2 0 0 0 0 0 0 0 0 0 0 0 0 1 0 0 0 0 0 0 1 0 0 0 0 0 0 0 0 10 0 2 0 87 2 1 2 0 0 0 0 2 0 0 0 0 0 0 0 0 0 0 0 0 0 0 21 0 0 0 10 12 0 0 0 
 64 0 0 0 0 74 0 0 0 0 0 0 0 0 0 0 0 0 2 0 197 350 286 130 76 491 791 318 0 128 52 357 101 583 124 524 579 189 101 355 0 0 0 1 0 0 0 2 2 0 0 0 0 0 2 0 0 0 0 0 0 0 0 0 0 0 3 0 0 0 0 0 3 0 0 2 0 0 0 0 0 0 0 0 0 0 0 0 1 0 0 0 0 0 19 0 0 0 0 0 1 22 34 45 4 0 21 23 7 26 27 28 10 16 0 25 1 13 0 9 0 7 0 0 0 0 1 0 0 0 0 0 10 0 0 0 0 0 0 0 0 0 0 0 0 0 0 0 0 0 0 0 0 0 0 0 0 0 0 0 0 0 0 0 0 0 0 5 0 0 0 0 6 0 0 0 0 0 0 0 13 21 32 9 21 22 6 0 8 31 31 1 18 37 0 0 19 0 63 29 0 0 0 0 0 0 0 0 0 19 19 0 0 0 0 0 1 0 13 15 0 0 0 0 0 0 0 0 0 0 0 0 0 0 0 0 0 0 0 0 0 0 0 0 0 0 0 0 0 0 0 0 0 0 16 2 0 1 11 0 3 2 0 0 0 0 0 0 0 0 0 0 29 0 0 0 0 0 0 13 0 25 0 0 0 0 0 0 0 0 
 0 0 0 0 0 0 0 1 0 0 0 0 0 0 204 0 0 0 0 2 109 76 295 82 199 39 106 142 128 0 381 270 55 70 92 244 221 244 133 175 2 0 0 1 0 0 1 2 2 0 0 0 0 0 0 0 0 0 0 1 0 0 0 0 0 0 3 0 0 0 0 0 3 0 0 2 0 0 0 0 0 0 0 2 0 0 0 0 0 0 0 0 0 0 0 0 0 0 0 0 0 40 0 16 68 0 0 23 25 8 21 47 2 9 20 0 52 25 0 0 1 20 0 0 0 0 13 0 0 0 0 0 14 0 0 0 0 0 0 13 0 0 0 0 0 0 0 0 0 4 0 0 0 0 0 0 0 0 2 13 0 0 0 0 0 4 0 0 0 0 0 0 0 0 0 0 0 0 0 0 14 0 12 8 26 34 0 11 26 40 27 15 0 0 0 14 6 22 0 0 0 1 0 0 0 0 8 0 0 0 0 0 11 0 0 0 0 0 0 11 0 0 5 0 0 0 0 0 0 0 0 0 0 0 0 0 2 0 0 0 0 0 0 0 0 0 0 0 0 0 0 0 0 0 15 0 0 0 29 0 2 0 0 0 0 0 0 0 0 0 0 0 0 0 0 0 0 0 0 0 0 23 0 0 0 12 15 0 0 0 
 0 0 0 0 0 0 0 0 0 0 2 0 73 3 204 0 0 1 0 2 154 42 71 572 157 270 41 111 52 381 0 204 258 31 75 148 107 409 28 128 80 7 0 6 63 0 0 2 6 0 0 9 3 20 0 0 0 0 0 65 0 0 0 0 0 0 4 49 0 0 0 0 3 0 0 3 0 0 0 2 0 0 0 0 0 0 0 0 0 0 0 0 0 0 0 0 0 0 0 0 11 12 20 58 6 19 0 0 13 29 28 24 0 0 0 10 10 8 0 0 21 0 0 0 0 1 44 18 0 0 0 0 0 30 16 0 0 18 18 37 0 0 0 0 0 0 0 0 0 0 0 0 0 0 0 0 0 0 0 0 0 0 8 0 0 0 0 0 0 0 0 17 0 0 0 0 20 0 9 0 13 0 9 8 0 18 0 1 40 10 0 30 0 20 11 3 0 5 3 0 26 0 0 1 0 0 46 0 0 0 15 0 0 11 10 3 1 0 12 34 0 0 0 0 0 0 0 0 0 0 0 0 0 0 0 0 0 39 0 0 0 0 19 0 0 0 0 0 0 0 0 0 0 0 6 0 0 6 0 0 2 1 0 0 0 0 0 0 0 0 0 0 0 0 0 0 0 0 0 0 0 0 0 0 0 1 21 0 0 0 
 0 0 3 0 0 0 0 2 3 3 0 3 0 2 0 0 0 0 4 1 328 187 178 138 363 63 68 253 357 270 204 0 62 322 125 179 117 149 40 150 1 6 2 9 0 0 0 7 1 2 2 5 2 31 70 63 0 1 65 3 0 2 0 30 0 0 3 0 0 0 0 0 6 0 0 3 0 2 2 0 0 0 0 0 0 0 0 0 0 0 0 0 0 0 0 0 0 0 0 0 12 13 12 40 43 13 0 1 0 18 11 45 1 0 13 1 12 5 0 0 2 14 7 24 0 0 0 1 0 8 0 0 22 4 16 0 11 0 19 11 0 0 0 0 0 0 0 0 0 0 0 0 0 0 0 0 2 0 0 0 0 0 0 0 0 0 0 9 0 0 0 0 6 0 0 0 0 0 0 0 25 0 0 26 12 18 18 13 11 44 18 2 0 0 18 10 0 0 0 0 2 2 0 0 0 0 0 1 0 8 16 14 14 1 24 0 1 0 20 16 0 0 0 0 0 0 0 0 0 0 0 1 0 0 37 0 1 0 0 0 0 0 0 0 0 1 0 0 0 0 0 0 0 0 13 4 3 6 78 3 4 2 0 0 0 0 0 0 0 0 0 0 7 0 0 0 0 0 0 0 0 18 0 0 2 0 15 0 0 0 
 0 0 0 1 0 114 2 2 1 75 0 73 0 0 2 0 0 74 0 0 49 312 273 333 74 54 360 93 101 55 258 62 0 273 256 120 187 52 146 154 0 0 0 1 0 0 0 2 2 2 0 0 7 0 0 0 0 0 0 0 0 0 0 0 0 0 3 0 0 0 0 0 3 0 0 1 0 0 0 0 0 0 0 0 16 11 0 0 0 9 0 38 0 0 0 0 0 0 0 0 2 12 57 11 10 0 11 46 1 8 1 1 0 6 14 35 33 6 2 31 0 0 0 0 0 0 0 0 0 0 0 0 0 0 0 0 0 0 0 0 0 0 0 0 0 0 0 0 0 19 0 0 0 2 0 0 0 0 0 0 1 0 0 0 0 0 0 0 0 0 18 10 0 0 0 0 6 0 0 0 17 45 17 9 0 0 9 0 17 11 11 13 41 48 24 21 20 20 1 14 0 0 0 0 0 0 0 0 0 0 0 0 23 0 0 10 0 0 0 0 0 0 0 0 0 0 0 0 1 0 0 0 2 0 0 0 0 0 0 0 0 0 0 0 0 0 0 0 0 1 0 0 0 0 3 0 0 0 0 2 1 14 0 0 0 0 0 0 0 0 0 0 0 0 0 0 4 0 0 13 0 2 0 0 0 0 0 0 0 0 
 2 2 4 2 25 242 2 2 2 5 2 5 2 3 4 2 2 2 5 2 388 256 134 187 83 409 247 142 583 70 31 322 273 0 341 71 387 79 315 215 1 0 0 2 0 0 0 2 6 0 0 0 2 0 0 0 0 0 0 0 0 0 0 0 0 0 3 0 0 0 0 0 3 2 0 3 0 0 0 0 0 0 0 0 0 0 0 0 0 0 0 8 0 0 0 0 0 0 0 0 11 0 17 16 10 0 45 25 6 7 0 0 42 21 0 19 0 10 0 18 0 0 0 0 0 0 0 0 0 0 0 0 0 0 0 0 0 0 0 0 0 0 0 0 0 0 0 7 0 0 0 0 0 0 0 0 2 17 0 0 0 0 0 0 0 0 0 2 0 0 0 0 4 0 1 0 0 0 0 0 34 13 29 30 0 0 45 0 13 19 19 0 22 23 20 24 12 20 18 12 0 0 0 0 0 0 0 0 0 9 0 0 0 0 0 0 0 0 0 5 0 0 0 0 0 0 0 0 0 0 0 0 0 0 0 0 0 0 0 0 0 0 0 0 0 0 0 0 0 0 0 0 0 0 7 0 0 0 75 2 2 4 0 0 0 0 0 0 0 0 0 0 0 0 0 0 0 0 0 11 0 0 0 0 0 0 0 0 0 0 
 0 0 2 0 73 62 2 0 0 5 24 2 21 0 0 2 0 0 4 0 185 211 197 87 79 137 257 156 124 92 75 125 256 341 0 478 208 42 100 254 1 7 1 2 0 0 0 3 1 0 0 0 69 0 0 0 0 0 66 0 1 0 1 0 0 0 3 0 0 2 2 1 3 1 2 3 0 0 0 0 0 0 0 0 36 0 0 0 0 0 19 0 0 0 0 0 0 0 8 0 17 36 13 9 1 0 22 26 22 0 34 9 10 10 23 0 19 16 0 25 0 0 0 0 0 0 0 0 0 0 0 0 0 0 0 1 0 0 0 0 0 0 0 0 0 0 0 0 0 0 2 0 0 0 0 0 0 1 0 0 0 2 0 0 10 27 1 0 0 0 19 48 0 0 0 0 0 0 0 0 49 13 17 29 0 0 7 7 27 13 9 3 14 0 1 1 12 8 12 0 0 0 0 0 0 0 0 0 0 0 0 0 9 0 0 0 2 0 0 0 0 0 0 0 0 0 0 0 0 0 0 0 0 0 0 0 0 2 0 0 0 0 0 0 0 0 0 0 0 0 0 0 0 0 11 3 1 0 2 2 11 12 0 0 0 0 0 0 0 0 0 0 0 0 0 0 14 0 0 0 0 7 0 0 0 0 31 0 0 0 
 0 0 0 0 2 81 0 0 0 4 0 0 2 79 0 2 0 2 0 2 414 87 214 354 169 620 258 115 524 244 148 179 120 71 478 0 512 252 210 132 2 207 0 2 0 64 0 2 1 0 0 4 23 0 0 0 0 1 56 0 0 0 0 0 0 0 3 0 0 0 50 0 3 0 0 3 0 0 0 0 0 0 0 0 0 0 0 0 0 0 0 0 0 0 0 20 0 0 0 0 11 34 36 9 29 0 18 15 25 12 40 31 19 0 0 11 29 51 0 0 31 0 0 0 0 0 20 21 0 0 0 0 0 0 2 0 0 0 24 10 0 0 0 0 1 0 0 0 0 0 2 0 0 0 0 0 0 0 0 0 0 2 0 0 0 3 0 0 0 0 3 0 0 0 0 0 0 0 1 0 10 10 24 16 13 0 0 1 31 28 13 50 0 0 12 17 0 9 0 0 0 0 0 0 0 0 53 0 0 1 0 0 1 0 1 0 2 0 0 12 0 0 0 0 0 0 15 0 0 0 0 0 0 0 0 0 0 0 0 0 0 0 0 0 0 0 0 0 0 0 0 0 0 0 2 2 1 3 74 1 6 17 0 0 0 0 0 0 0 0 0 0 0 0 0 0 0 0 0 0 0 0 0 0 0 0 20 0 0 0 
 0 0 0 0 0 155 0 0 6 0 0 0 0 2 0 207 72 0 0 0 78 163 228 130 110 155 28 288 579 221 107 117 187 387 208 512 0 154 196 103 69 0 0 2 0 0 0 4 1 0 0 0 2 0 0 0 0 2 2 0 0 0 0 0 0 6 3 0 0 0 0 0 3 0 0 3 0 0 0 0 0 0 0 0 0 0 0 0 0 0 0 0 0 0 0 0 0 0 0 0 0 0 19 23 19 0 15 47 29 21 0 13 18 23 5 0 1 0 0 1 0 0 0 0 0 0 0 0 0 0 0 0 31 0 0 0 0 0 0 0 0 0 0 0 0 0 0 0 0 1 0 0 0 0 0 0 0 0 0 0 0 0 0 0 0 0 0 2 0 0 0 0 4 0 1 0 0 0 0 0 52 10 13 31 26 17 22 20 25 34 3 9 5 0 26 9 18 31 17 10 10 0 0 0 0 0 0 0 0 0 16 0 0 11 0 0 0 0 12 20 0 0 0 0 0 0 0 0 0 0 0 0 0 0 0 0 0 0 1 0 0 0 0 0 0 0 0 0 0 0 0 0 0 0 5 2 0 3 73 0 2 0 0 0 0 0 16 0 0 0 0 0 0 0 0 0 0 0 0 6 0 13 0 0 0 0 0 0 0 0 
 2 2 2 2 3 2 2 5 2 3 2 5 2 2 2 2 2 3 6 4 336 256 273 43 212 171 36 191 189 244 409 149 52 79 42 252 154 0 40 31 4 0 0 2 0 0 0 2 1 0 0 0 2 0 0 0 0 0 27 0 0 0 0 0 0 5 3 0 0 10 0 0 3 0 0 3 0 0 0 0 0 0 0 0 0 0 0 0 0 6 0 0 0 0 0 0 0 0 0 0 0 11 0 13 72 14 14 0 19 24 33 26 12 0 4 0 10 12 0 0 46 0 0 0 0 0 15 0 0 0 0 0 27 7 1 0 0 0 9 12 0 0 0 0 0 0 0 0 0 0 0 0 0 0 0 0 1 0 2 0 0 0 0 0 0 0 0 10 0 0 0 0 9 0 3 0 0 0 0 0 8 0 34 0 35 26 19 20 1 24 21 27 0 0 0 10 20 35 0 0 26 1 0 0 0 0 0 24 0 0 11 0 0 42 0 0 0 0 20 11 0 0 0 0 0 0 0 0 0 0 0 0 0 0 0 0 2 0 0 0 0 0 0 0 0 0 0 0 0 0 0 0 0 0 2 3 0 72 77 0 5 0 0 32 0 0 15 0 0 0 0 0 0 0 0 0 0 0 0 0 0 6 0 0 0 0 0 0 0 0 
 0 0 75 0 75 193 0 0 0 20 0 0 0 0 0 0 22 76 0 0 128 179 275 73 63 44 109 147 101 133 28 40 146 315 100 210 196 40 0 168 53 0 0 67 0 1 0 2 1 0 0 0 5 0 2 0 0 0 0 0 0 0 0 0 0 0 3 0 0 0 0 0 3 0 0 3 0 0 0 0 0 0 0 13 0 0 0 0 0 7 31 13 0 0 0 0 0 0 0 0 0 32 14 1 0 0 31 26 0 9 0 2 31 26 12 19 0 19 1 10 0 0 0 0 0 0 0 0 0 0 0 0 0 0 0 0 0 0 0 0 0 0 0 0 0 0 0 2 0 0 0 0 0 0 0 0 1 0 0 0 0 0 0 0 0 0 0 0 0 0 0 20 0 0 0 0 0 0 0 0 6 24 18 27 0 0 22 0 1 0 9 0 21 32 15 9 15 16 7 18 0 0 0 0 0 0 0 0 0 0 0 0 0 2 0 0 0 0 0 0 0 0 0 0 0 2 0 0 0 0 0 0 0 0 0 0 0 0 0 0 0 0 0 0 1 0 0 0 0 0 0 0 2 0 8 0 1 0 0 1 0 18 0 0 0 0 0 0 0 2 0 0 0 0 0 0 0 0 0 24 0 0 0 0 0 0 0 0 0 0 
 3 2 3 7 4 87 4 3 3 75 116 3 3 4 5 2 4 3 9 2 116 45 41 153 59 266 267 338 355 175 128 150 154 215 254 132 103 31 168 0 3 2 0 2 0 0 0 3 1 0 0 0 0 0 66 0 0 0 0 0 0 0 0 2 0 0 3 0 0 0 3 0 4 0 0 3 0 0 0 0 0 0 0 0 30 10 0 0 0 0 26 0 19 0 0 0 2 0 0 0 38 28 28 15 1 0 9 12 14 0 1 19 1 20 23 14 12 12 0 61 0 0 0 0 0 0 0 0 0 0 0 0 8 0 0 0 0 0 0 0 0 0 0 0 0 0 0 0 0 0 0 0 14 0 8 0 0 0 0 0 0 0 0 0 19 27 0 0 4 0 23 20 3 2 2 0 0 0 0 0 5 0 0 22 0 0 30 17 29 8 13 1 8 12 55 10 3 0 15 1 0 0 0 0 0 0 0 0 0 17 0 0 10 0 0 0 0 0 0 0 0 0 0 0 0 0 0 0 0 0 0 0 0 0 0 0 0 0 0 0 0 0 0 0 0 0 0 0 0 0 4 1 0 0 12 1 0 0 4 0 2 2 0 0 0 0 0 0 0 0 0 0 0 0 0 0 14 0 0 0 0 0 0 0 0 0 17 0 0 0 
 29 0 0 0 0 59 0 0 0 9 16 73 0 2 0 0 0 0 9 0 0 2 1 67 140 65 1 4 0 2 80 1 0 1 1 2 69 4 53 3 0 323 103 55 33 43 93 175 39 33 35 31 115 69 347 55 28 43 47 91 0 1 0 55 0 18 0 3 16 22 0 44 3 1 0 2 7 2 2 4 14 0 0 0 0 0 0 0 0 0 10 0 0 0 0 0 0 0 0 0 0 0 0 0 0 7 0 7 0 49 22 0 14 13 1 0 0 0 18 7 22 9 0 0 0 0 19 26 0 13 0 0 0 34 0 10 1 31 12 6 0 0 0 0 0 0 0 7 0 0 0 5 1 0 0 0 0 5 0 0 0 0 6 0 0 0 0 0 0 0 0 18 0 0 0 0 0 0 6 0 2 0 0 11 0 20 3 3 1 7 0 11 0 0 9 0 11 0 0 12 56 0 11 1 0 0 11 9 5 0 0 22 19 17 0 27 0 18 0 0 0 7 0 0 0 6 0 0 0 0 0 17 0 0 0 0 0 4 0 0 0 0 0 0 0 0 0 0 0 0 0 10 0 0 0 0 0 21 0 0 1 0 0 0 1 1 9 0 1 0 1 0 0 0 0 2 0 0 0 9 0 0 0 0 0 0 0 0 2 0 
 0 0 6 1 61 0 0 0 5 26 1 9 0 0 3 0 0 0 6 0 0 0 0 0 0 0 7 0 0 0 7 6 0 0 7 207 0 0 0 2 323 0 318 71 267 257 210 224 150 38 184 46 74 27 292 70 53 40 288 299 9 0 1 43 0 0 0 0 0 2 3 3 0 2 3 0 0 0 0 0 12 0 0 0 1 6 0 0 0 3 0 0 0 0 0 9 0 6 0 0 4 21 0 13 0 0 0 3 0 15 0 0 6 0 1 0 0 3 18 0 0 1 81 18 27 15 11 13 33 0 33 14 0 31 10 26 0 33 12 14 0 0 1 0 0 0 0 4 0 0 0 0 8 10 0 0 0 0 1 25 0 0 2 0 6 6 0 0 0 4 1 12 0 0 0 0 0 0 6 0 0 0 0 0 9 10 0 1 0 0 0 10 0 3 0 4 0 0 0 3 31 4 31 20 0 0 16 23 10 29 0 5 0 0 6 24 20 0 26 14 0 0 0 0 0 0 1 0 0 0 0 0 15 3 9 0 0 0 0 0 0 5 57 0 0 2 0 0 0 0 0 7 0 2 0 0 0 0 0 1 0 0 0 0 1 15 0 0 0 0 0 0 0 0 0 0 0 0 0 0 0 0 0 0 0 7 0 15 2 0 
 2 3 2 2 2 2 2 2 3 2 2 2 2 2 2 3 2 2 3 3 0 0 0 0 0 0 0 0 0 0 0 2 0 0 1 0 0 0 0 0 103 318 0 135 98 39 129 93 229 191 397 170 143 39 102 119 92 90 46 105 1 0 0 0 4 0 0 52 0 0 0 1 0 0 0 0 0 0 0 96 0 0 0 0 0 0 0 0 0 0 0 0 3 0 0 0 0 0 0 0 0 0 0 0 0 0 0 0 0 0 0 0 0 0 0 0 0 0 0 0 0 3 8 8 0 0 0 0 0 1 8 28 0 0 11 0 10 0 0 0 10 16 0 0 0 0 1 0 0 12 0 0 11 0 18 0 0 0 0 11 0 0 0 0 0 0 15 12 0 0 0 0 0 0 0 0 1 0 0 0 0 0 0 0 0 0 0 0 0 0 0 0 0 0 0 0 0 0 0 0 10 13 0 7 25 0 0 0 9 12 26 12 0 0 0 0 10 14 0 1 0 0 1 0 0 0 29 27 0 0 0 0 22 9 15 0 0 0 27 36 0 0 0 0 0 0 0 0 0 0 0 7 0 0 0 0 0 0 0 1 0 0 67 0 0 2 0 65 2 0 0 0 0 0 0 0 0 0 0 0 0 0 0 0 0 12 0 0 0 0 
 0 0 0 0 0 0 0 0 0 2 0 0 0 0 0 0 0 0 0 0 2 0 2 1 3 7 1 2 1 1 6 9 1 2 2 2 2 2 67 2 55 71 135 0 106 35 360 54 370 111 344 115 299 40 76 65 36 283 64 64 57 0 0 0 0 0 0 0 0 0 0 0 0 0 0 0 0 0 23 50 0 0 0 0 0 0 0 0 0 0 0 0 0 0 0 0 0 0 0 0 0 0 0 0 0 1 0 0 0 19 0 0 0 0 0 16 0 0 0 0 0 0 39 0 0 11 0 0 0 68 0 10 0 6 78 0 0 22 0 6 0 32 9 0 0 0 13 0 7 8 47 10 18 0 19 13 0 1 11 13 0 0 0 0 5 0 0 0 0 0 0 0 0 14 0 0 0 0 0 0 0 12 9 25 0 0 0 0 6 0 0 0 0 0 0 0 0 0 0 0 0 1 0 0 0 7 13 0 0 0 17 14 6 0 17 8 0 0 0 19 21 0 0 0 0 7 8 11 0 0 0 0 24 0 22 0 24 0 8 9 0 0 8 0 0 0 0 0 0 0 0 6 0 2 1 0 0 0 0 0 0 0 69 2 65 1 2 0 0 0 10 0 0 0 0 0 0 0 0 0 0 0 0 0 0 8 0 0 2 0 
 0 0 0 0 0 0 2 0 0 0 0 0 0 0 0 0 0 0 5 66 0 0 0 0 0 0 0 3 0 0 63 0 0 0 0 0 0 0 0 0 33 267 98 106 0 56 40 67 152 187 155 96 156 130 98 96 98 96 269 139 0 0 0 0 0 0 0 0 0 0 0 0 0 0 50 0 0 9 0 51 0 0 0 0 0 0 0 0 0 0 0 0 0 11 0 0 0 0 0 0 0 0 0 0 0 0 0 0 0 0 0 0 0 0 0 0 9 0 0 0 0 28 10 8 29 26 1 2 41 5 17 17 0 0 0 0 11 2 0 0 34 11 0 0 0 0 0 0 0 35 0 0 17 15 11 0 0 13 24 38 0 0 0 0 9 26 0 0 0 0 0 0 0 0 0 0 0 0 6 0 0 0 0 0 0 0 0 0 0 0 0 0 0 0 0 1 0 0 0 0 0 12 5 14 33 8 1 0 0 1 7 6 0 0 0 0 8 0 0 0 1 0 10 0 0 0 18 46 0 9 0 0 11 10 11 0 0 0 11 37 0 0 0 0 0 0 0 0 0 0 0 6 0 0 0 0 0 0 0 1 0 0 82 0 2 0 2 1 0 0 0 0 0 0 0 0 0 0 0 0 0 0 0 0 28 0 0 2 1 0 
 0 0 5 0 0 0 0 0 0 3 0 3 0 60 0 0 0 0 1 0 0 0 1 0 0 0 0 0 0 0 0 0 0 0 0 64 0 0 1 0 43 257 39 35 56 0 36 108 337 488 70 282 32 45 63 64 37 50 49 97 2 2 51 59 0 0 281 52 49 0 0 0 62 51 51 72 21 0 108 51 0 0 0 0 0 0 5 3 0 0 0 0 0 0 0 0 0 0 0 0 0 0 0 0 0 0 0 0 0 0 0 0 0 0 0 0 0 0 0 0 0 0 0 0 21 15 0 13 0 0 20 14 0 0 0 13 0 11 0 0 0 0 1 22 23 0 12 11 0 10 4 0 17 8 17 8 5 3 1 39 0 0 0 0 2 0 0 0 0 9 0 0 0 0 0 0 0 0 12 0 0 0 0 0 0 0 0 0 0 0 0 0 0 0 0 0 0 0 0 0 0 0 10 0 0 1 0 0 0 0 0 11 0 0 0 43 0 0 0 0 28 35 17 24 0 0 0 0 63 7 3 10 23 10 10 12 22 30 0 30 0 0 0 0 0 0 0 0 0 0 0 2 0 0 0 0 0 0 0 0 0 0 0 0 0 6 5 0 0 0 5 0 0 0 0 0 0 0 0 0 0 0 0 0 0 0 0 15 1 0 
 1 0 0 0 0 0 0 0 54 0 0 0 0 7 0 2 0 0 0 0 0 0 9 0 0 0 2 0 0 1 0 0 0 0 0 0 0 0 0 0 93 210 129 360 40 36 0 109 163 85 132 97 242 349 146 188 27 536 123 151 3 0 2 6 0 0 0 0 0 0 0 0 0 0 0 0 0 0 0 4 0 3 0 0 0 0 0 0 0 0 9 0 3 1 1 11 0 0 2 0 0 3 0 0 0 14 0 0 0 0 0 0 0 0 0 0 0 0 0 0 0 1 60 27 13 0 0 0 12 1 29 0 0 0 14 23 13 11 0 0 0 0 0 0 0 0 0 0 0 0 0 0 0 6 0 0 0 0 0 0 2 7 1 7 0 0 0 2 4 0 0 0 5 2 9 3 1 1 0 2 0 0 0 0 0 0 0 0 0 0 0 0 0 0 0 0 0 0 0 0 16 28 3 21 1 9 6 12 7 20 10 0 9 0 18 0 4 46 12 18 0 0 0 0 0 0 0 0 0 16 0 0 0 0 0 0 0 0 26 0 0 0 35 0 0 0 0 0 0 0 0 2 0 1 0 0 0 0 0 6 0 0 0 5 0 0 0 0 0 0 18 0 0 0 0 0 0 0 0 0 0 0 0 0 22 9 0 0 0 0 
 60 0 0 0 0 0 1 0 0 0 0 0 0 1 0 0 0 0 0 0 2 0 2 2 65 4 2 2 2 2 2 7 2 2 3 2 4 2 2 3 175 224 93 54 67 108 109 0 60 37 30 52 127 80 81 127 35 164 83 191 0 5 6 0 0 0 0 0 0 0 3 0 0 0 9 4 0 0 6 1 0 0 0 0 0 0 0 0 0 0 0 0 0 0 0 0 0 0 0 0 0 0 0 0 0 0 0 0 0 0 0 0 0 0 0 0 0 0 0 0 7 35 2 29 10 19 3 52 12 14 16 13 0 28 0 14 8 43 0 2 6 1 0 0 5 0 0 6 0 0 0 0 10 2 0 0 0 0 0 0 0 0 0 0 0 0 0 0 0 0 0 0 0 0 0 0 0 0 0 5 0 0 0 0 0 12 0 0 0 0 0 0 1 0 0 0 0 0 0 0 43 42 23 0 9 9 1 19 21 1 0 54 20 0 13 49 0 0 18 14 0 0 4 0 0 0 0 0 0 0 10 0 0 10 9 2 20 0 0 0 0 0 0 0 0 0 0 0 0 0 0 1 0 2 0 0 0 31 0 0 0 0 2 1 0 1 0 0 0 0 0 0 0 0 0 0 0 0 0 0 0 0 0 0 11 0 0 13 2 0 
 0 0 3 0 0 0 0 0 0 1 0 1 0 1 0 0 0 2 2 2 1 0 1 64 1 2 3 2 2 2 6 1 2 6 1 1 1 1 1 1 39 150 229 370 152 337 163 60 0 133 41 13 71 54 154 127 95 146 133 50 9 0 0 4 0 0 0 3 4 3 0 1 2 0 0 0 0 0 2 3 0 0 0 0 0 0 0 0 0 0 0 0 0 0 0 0 0 0 0 0 0 0 0 0 0 0 0 0 0 0 0 0 0 0 0 0 0 0 0 0 0 10 64 0 24 22 0 8 36 52 43 20 0 0 0 7 0 40 0 14 0 0 0 0 0 0 0 0 0 0 0 0 8 0 10 3 0 0 0 1 0 4 0 5 0 0 0 0 0 0 0 0 0 0 0 0 2 0 0 0 0 0 0 0 0 16 0 0 0 0 15 0 0 0 0 0 0 0 0 0 0 48 14 35 32 0 15 0 0 0 0 15 0 0 2 12 7 5 26 10 21 0 0 0 0 0 0 0 0 0 0 0 6 10 0 0 0 0 10 22 0 0 30 0 0 0 0 0 0 0 0 6 0 0 0 0 0 0 0 18 0 0 6 66 1 0 0 0 2 0 0 0 0 0 0 0 0 0 0 0 0 0 0 0 12 21 0 11 2 0 
 0 0 11 0 0 1 0 0 0 2 33 2 0 0 0 0 0 0 0 0 0 2 0 0 0 0 10 0 0 0 0 2 2 0 0 0 0 0 0 0 33 38 191 111 187 488 85 37 133 0 187 128 79 116 136 190 59 82 84 75 1 0 0 2 0 0 0 0 0 0 0 58 0 3 0 0 0 25 0 0 0 0 0 0 11 0 0 0 0 8 0 3 0 0 0 5 0 0 0 10 8 0 0 8 0 12 0 0 0 0 0 0 6 0 3 9 0 7 0 0 0 6 15 6 7 46 0 0 0 7 3 0 0 0 6 14 10 0 4 0 10 0 0 0 0 0 0 0 0 0 0 0 0 0 0 0 5 19 8 0 0 1 0 4 7 0 0 0 0 0 12 0 0 0 0 0 4 1 0 0 7 0 0 0 0 15 3 7 0 0 0 0 0 0 0 6 0 4 0 0 28 13 0 18 31 0 0 0 12 0 0 0 13 0 9 0 12 17 0 8 0 0 10 0 0 0 2 31 0 9 0 0 9 2 13 0 0 13 10 0 0 0 0 0 0 0 5 0 0 0 0 13 0 2 0 0 0 0 0 0 0 0 1 1 2 0 0 1 0 0 14 0 0 0 0 0 0 0 0 0 0 0 0 0 19 0 0 0 2 0 
 0 0 3 0 0 0 0 0 4 6 0 0 0 0 0 0 0 0 6 0 66 0 0 0 0 0 1 0 0 0 0 2 0 0 0 0 0 0 0 0 35 184 397 344 155 70 132 30 41 187 0 256 307 91 148 322 92 88 48 150 1 0 0 2 0 0 0 0 0 0 0 16 0 0 0 0 0 11 0 81 0 0 0 0 0 7 0 0 6 0 0 1 0 0 0 4 0 47 0 0 0 0 0 1 0 1 0 0 0 0 0 0 25 0 0 10 0 0 2 0 0 21 26 10 1 15 0 0 0 0 10 7 0 0 11 14 17 0 0 0 0 1 0 0 0 0 15 0 15 9 14 18 18 0 1 1 0 12 6 13 0 0 0 0 23 7 0 0 0 9 0 7 0 0 0 0 0 0 0 0 0 0 0 0 0 0 0 0 0 0 0 0 0 4 0 0 0 0 0 4 14 1 0 8 19 0 0 0 11 7 42 14 2 0 0 0 10 6 0 0 0 0 12 0 0 0 36 19 0 9 0 0 10 3 35 10 16 0 32 0 0 6 0 0 0 0 0 0 0 0 0 11 0 2 0 0 0 0 0 2 0 0 4 0 2 0 0 1 1 0 13 0 0 0 0 0 0 0 0 0 0 0 0 0 18 0 0 0 2 0 
 0 0 0 0 0 0 0 0 0 2 0 0 5 0 0 1 0 3 2 0 3 0 2 0 9 2 0 0 0 0 9 5 0 0 0 4 0 0 0 0 31 46 170 115 96 282 97 52 13 128 256 0 94 41 108 66 135 128 40 93 2 0 0 0 4 0 85 0 0 0 0 4 2 3 0 0 0 12 0 3 6 9 0 0 0 0 0 0 0 0 0 0 0 0 0 0 0 0 0 0 0 0 0 0 3 0 0 0 0 7 10 5 0 0 0 5 0 0 0 0 0 6 12 10 1 16 0 0 0 0 11 13 0 4 5 8 20 0 0 6 0 0 0 0 0 0 13 0 9 0 11 11 0 48 0 14 0 17 0 0 0 0 0 0 15 0 0 0 0 4 0 0 0 0 0 0 0 0 0 0 0 0 0 13 0 0 0 0 10 2 8 0 0 0 0 0 0 0 0 0 0 1 17 26 2 0 0 12 7 17 0 13 1 0 13 0 0 18 0 14 0 0 11 1 0 0 15 9 11 11 0 0 24 12 21 0 6 12 17 0 0 0 2 0 0 0 0 0 0 0 0 4 0 0 0 0 0 0 0 2 0 22 1 0 6 3 0 4 0 0 10 0 0 0 0 0 0 0 0 0 0 3 0 0 9 0 0 0 2 10 
 0 0 2 3 0 3 0 0 0 2 6 2 0 0 0 0 0 0 8 0 0 36 67 139 62 84 0 3 0 0 3 2 7 2 69 23 2 2 5 0 115 74 143 299 156 32 242 127 71 79 307 94 0 78 163 38 103 47 232 72 4 0 0 1 0 0 0 0 0 0 0 0 0 0 0 0 21 0 0 0 19 0 0 0 35 0 0 0 0 0 0 3 0 0 0 0 0 0 0 0 0 0 0 0 0 14 0 0 0 1 13 0 0 0 5 0 0 0 0 2 23 7 19 1 0 1 0 24 15 9 0 0 0 0 16 22 0 20 33 0 0 5 0 0 0 0 0 2 0 0 0 0 0 0 0 0 0 0 0 0 0 0 0 0 0 2 0 0 0 0 19 0 0 0 1 0 0 0 1 0 8 0 0 4 0 0 8 5 0 7 0 0 2 0 25 6 0 4 0 0 3 2 0 9 0 0 14 0 19 0 3 13 16 7 14 16 14 78 0 28 0 0 0 0 0 0 0 0 0 0 0 0 0 0 0 0 0 0 10 0 0 0 0 0 0 0 4 0 0 0 0 11 0 1 0 0 0 62 0 0 3 0 0 0 0 2 2 0 2 0 0 0 0 0 0 0 0 0 0 0 0 0 0 0 0 7 0 0 0 0 
 0 0 0 0 0 0 0 0 0 0 0 0 0 0 0 0 0 0 8 0 0 0 0 0 61 0 59 3 0 0 20 31 0 0 0 0 0 0 0 0 69 27 39 40 130 45 349 80 54 116 91 41 78 0 118 107 23 51 166 108 0 0 0 25 0 0 0 5 5 4 4 3 0 5 0 0 3 0 0 3 0 0 0 0 0 0 0 0 0 0 0 0 0 0 0 0 0 0 0 0 0 0 0 0 0 18 0 0 0 1 0 0 0 0 0 0 0 0 0 0 0 7 12 2 0 0 26 4 0 1 0 0 0 11 7 56 14 1 3 1 0 0 0 0 0 0 0 0 0 0 0 4 0 4 0 0 2 14 0 0 0 0 3 0 4 0 0 0 0 0 0 4 0 0 0 0 0 0 3 0 0 0 0 0 9 34 0 0 0 0 0 13 0 0 0 0 20 0 0 0 1 0 38 11 1 0 1 61 15 52 23 0 10 3 11 6 10 0 18 0 0 10 0 0 0 14 7 9 0 4 0 3 0 16 10 0 0 5 0 0 0 0 0 0 0 0 0 0 0 0 0 4 0 0 0 0 0 23 0 0 0 0 0 0 0 14 6 0 0 0 11 0 0 0 0 0 0 0 0 0 0 0 0 0 7 0 0 0 2 0 
 0 0 0 0 67 0 0 0 0 2 0 0 2 0 0 0 4 0 0 0 0 0 1 1 0 1 0 7 2 0 0 70 0 0 0 0 0 0 2 66 347 292 102 76 98 63 146 81 154 136 148 108 163 118 0 257 103 120 113 226 1 0 1 52 0 0 1 53 0 0 0 1 9 3 0 0 53 0 0 0 0 0 10 0 0 0 0 0 0 0 0 0 23 0 0 0 0 0 0 0 0 0 0 0 0 0 0 0 0 0 0 1 0 0 0 0 0 0 0 0 0 0 1 30 21 4 0 9 0 19 24 16 0 13 1 0 12 10 8 0 0 0 17 0 0 0 0 4 0 0 0 0 4 6 3 0 0 0 0 20 0 6 0 0 0 0 0 0 32 0 0 0 0 0 0 0 0 0 0 0 0 0 0 0 0 0 0 0 0 2 0 0 0 0 0 0 9 0 0 0 6 67 0 1 10 12 0 9 0 35 20 21 0 14 0 0 32 19 19 1 0 0 1 0 0 0 9 4 0 0 0 0 8 8 0 0 0 0 14 6 0 0 0 0 0 0 0 0 0 0 0 3 0 2 0 0 0 78 0 19 0 0 0 35 0 1 3 63 0 0 0 0 0 0 0 0 0 0 0 0 0 0 0 0 0 1 0 0 0 0 
 0 22 0 0 0 0 0 0 0 2 0 0 0 0 0 0 0 0 0 0 0 0 0 0 0 0 0 0 0 0 0 63 0 0 0 0 0 0 0 0 55 70 119 65 96 64 188 127 127 190 322 66 38 107 257 0 60 88 65 63 0 0 0 49 0 0 0 0 0 0 2 35 0 2 1 0 0 35 0 0 0 0 0 0 0 0 8 0 0 0 0 0 0 0 0 0 0 0 0 0 0 0 0 0 0 13 0 0 0 0 0 0 0 0 0 0 0 0 0 0 3 2 29 26 1 32 0 6 0 31 24 6 3 22 18 0 33 3 13 0 0 0 0 0 0 0 0 21 0 0 0 35 0 12 0 0 0 12 1 1 0 4 0 3 0 0 0 0 0 0 0 0 0 0 0 0 6 0 0 0 0 0 0 0 0 4 0 0 0 3 0 0 0 0 0 0 0 0 0 0 32 36 7 3 5 0 0 15 0 30 23 1 4 3 6 3 10 11 0 0 0 0 11 0 0 0 11 1 0 10 0 0 14 0 1 0 0 0 10 0 0 0 0 0 0 0 0 0 0 0 0 0 0 2 0 0 0 0 0 2 1 0 0 1 0 0 0 6 0 0 0 0 0 0 0 0 0 0 0 0 0 0 3 0 0 0 0 0 2 0 
 0 0 0 58 3 0 0 0 0 2 0 0 0 0 0 4 0 0 4 0 0 0 5 2 0 0 2 0 0 0 0 0 0 0 0 0 0 0 0 0 28 53 92 36 98 37 27 35 95 59 92 135 103 23 103 60 0 74 37 78 53 0 0 0 0 0 0 26 0 0 0 5 0 3 0 0 0 1 0 59 0 0 0 0 0 0 0 0 0 0 0 0 9 0 0 0 0 15 0 0 0 0 0 0 0 0 0 0 0 0 0 0 0 0 0 0 0 0 0 0 0 16 6 16 0 8 0 2 10 16 17 16 0 0 15 11 0 1 0 0 22 11 0 0 0 0 0 0 0 16 5 0 57 0 17 18 0 0 8 27 0 0 0 0 0 0 0 0 0 0 0 0 0 0 0 0 0 0 0 0 0 0 0 0 0 0 0 0 0 0 0 0 0 0 0 0 0 0 0 0 8 29 0 7 15 0 0 0 4 0 7 22 0 11 0 0 0 5 0 0 22 0 0 0 0 0 15 14 0 0 0 0 21 1 1 0 0 0 12 8 0 0 0 0 0 0 1 0 12 0 0 79 0 0 0 0 0 0 0 0 0 22 68 0 0 5 0 0 0 0 0 0 0 10 0 0 0 0 0 0 0 3 0 0 11 0 0 1 2 3 
 0 0 0 0 0 0 0 0 0 0 0 0 0 0 0 0 0 0 2 0 0 0 0 0 0 0 0 0 0 0 0 1 0 0 0 1 2 0 0 0 43 40 90 283 96 50 536 164 146 82 88 128 47 51 120 88 74 0 39 76 53 0 0 5 0 6 0 12 5 214 11 7 0 0 0 0 4 2 0 0 0 0 0 0 0 0 0 0 0 0 0 0 0 0 0 0 0 0 0 0 0 0 0 0 0 0 0 0 0 0 0 0 0 0 0 0 0 0 0 0 0 1 0 1 72 34 0 17 11 0 31 35 0 0 0 16 10 10 0 0 3 0 1 0 0 0 0 0 0 0 5 5 34 0 8 12 0 8 10 20 32 1 0 0 0 0 0 0 15 0 0 0 0 0 0 0 0 0 0 5 0 0 0 0 0 0 0 9 0 0 0 0 0 0 0 0 0 0 0 0 0 3 9 0 0 4 12 0 0 19 0 5 0 19 0 19 0 0 0 0 21 21 10 0 5 11 11 0 0 21 0 5 21 11 13 0 0 9 29 9 0 0 0 0 0 0 0 0 0 0 0 2 0 0 0 0 0 0 0 40 0 0 68 71 3 2 12 63 0 0 10 0 0 0 0 0 0 0 0 0 0 0 0 0 0 15 0 16 2 0 
 0 0 0 0 0 0 0 0 0 0 0 1 0 0 0 0 0 0 1 0 0 20 0 135 62 119 0 64 0 0 0 65 0 0 66 56 2 27 0 0 47 288 46 64 269 49 123 83 133 84 48 40 232 166 113 65 37 39 0 145 3 199 0 52 4 0 0 0 0 0 0 0 0 0 0 0 3 0 0 0 0 0 0 0 0 0 0 0 0 0 0 0 0 0 0 0 0 0 0 0 0 0 0 0 0 27 0 0 0 0 12 7 0 0 0 0 0 0 0 0 60 1 10 8 0 0 0 13 21 7 0 0 0 9 1 0 0 10 36 12 0 5 0 0 0 6 0 0 7 0 0 0 0 0 0 0 0 0 0 0 0 0 0 0 0 0 0 0 0 0 0 0 0 0 0 0 0 0 0 0 0 0 0 34 0 0 0 0 0 15 0 0 0 0 0 0 0 0 0 0 0 0 0 6 0 0 18 11 15 9 10 20 13 17 24 11 18 47 9 10 0 0 0 0 0 0 0 0 0 0 0 0 0 0 0 0 0 0 0 0 0 0 6 0 0 0 0 0 0 0 0 0 0 0 0 0 0 125 0 0 13 0 0 0 2 3 2 0 0 0 0 0 0 0 0 0 0 0 0 0 0 0 0 0 0 7 0 0 1 0 
 0 0 0 0 0 0 1 0 0 0 0 2 0 0 0 0 0 0 2 0 0 1 0 0 62 68 0 0 0 1 65 3 0 0 0 0 0 0 0 0 91 299 105 64 139 97 151 191 50 75 150 93 72 108 226 63 78 76 145 0 3 0 0 0 0 0 0 0 0 0 0 0 0 3 2 0 0 1 4 3 0 0 0 0 0 0 0 0 0 0 0 0 0 9 0 0 0 0 0 0 0 0 0 0 0 0 0 11 0 0 0 0 0 0 0 0 0 0 0 0 31 16 3 0 16 0 2 29 11 18 13 6 0 22 0 2 0 20 0 1 3 3 0 1 0 0 0 23 0 1 0 0 0 0 0 3 7 0 0 0 0 2 21 0 0 0 0 0 0 0 0 0 0 0 0 0 0 0 0 18 0 0 0 0 0 9 0 0 0 0 0 0 0 0 0 0 0 0 0 0 21 2 3 10 0 11 21 19 30 0 0 23 41 7 0 43 1 30 0 11 0 0 3 6 0 0 0 0 0 0 0 0 0 0 5 5 2 1 25 0 0 0 0 0 0 0 0 0 0 0 0 0 0 0 0 0 0 32 0 13 0 0 0 86 0 5 0 0 0 0 0 0 0 0 0 0 0 0 0 0 0 0 0 0 0 0 0 0 2 0 
 0 0 0 2 0 0 0 0 0 0 0 0 53 0 0 0 0 0 2 2 0 1 0 0 0 0 0 0 0 0 0 0 0 0 1 0 0 0 0 0 0 9 1 57 0 2 3 0 9 1 1 2 4 0 1 0 53 53 3 3 0 181 91 115 47 87 130 350 49 28 73 36 49 207 324 108 316 34 87 46 0 0 0 0 0 0 0 0 0 0 0 0 0 0 0 0 0 0 0 0 0 0 0 0 0 0 13 0 0 0 0 0 0 0 0 0 0 0 0 0 0 0 11 0 7 8 1 0 13 0 0 0 0 0 0 0 0 3 0 1 0 0 5 3 11 33 0 56 22 26 17 0 0 11 4 28 20 1 0 0 0 0 0 0 0 0 0 6 0 0 0 0 0 0 0 0 0 0 0 0 0 0 0 0 0 0 0 0 0 6 0 0 0 0 0 0 0 0 0 0 0 0 0 8 0 7 5 0 0 0 4 0 0 0 9 0 2 0 6 3 35 7 22 32 22 9 4 2 2 26 27 18 1 15 1 11 3 2 11 11 0 0 11 0 0 0 0 0 0 0 0 0 0 0 6 0 0 0 0 0 0 0 11 0 0 0 0 0 0 0 17 0 4 1 2 0 0 0 0 0 0 0 0 0 0 8 0 0 0 0 
