 0 107 160 132 33 19 59 35 24 35 24 48 229 165 120 39 54 198 173 107 2 2 2 1 0 0 4 0 2 7 3 2 3 1 3 2 2 4 1 3 0 2 0 2 4 0 0 3 2 0 0 0 0 0 2 0 0 0 0 4 0 0 0 0 0 0 31 0 0 0 0 0 0 3 2 0 0 3 0 0 0 0 1 0 0 0 22 14 9 1 5 0 0 0 0 27 10 0 13 8 0 0 0 8 0 0 0 0 0 0 0 0 0 13 0 0 0 0 0 0 0 0 0 0 0 0 0 0 0 0 0 0 0 0 0 0 0 0 0 0 0 0 0 0 2 0 0 0 0 0 0 0 0 0 0 0 0 0 0 0 11 0 0 20 0 0 0 20 0 0 6 0 0 13 0 6 0 0 20 7 0 0 0 0 0 0 0 0 0 0 0 0 1 0 0 0 0 0 0 0 0 0 0 0 0 0 0 0 0 19 0 0 0 0 0 0 0 0 0 0 0 0 0 0 0 0 0 0 0 0 0 0 0 0 0 0 0 0 0 0 0 0 0 0 0 0 1 0 0 3 1 10 0 0 0 0 0 0 0 0 0 0 0 0 0 0 0 0 0 0 0 0 0 0 0 0 0 0 0 0 0 0 0 0 0 0 0 0 0 0 
 107 0 309 238 29 40 91 81 302 147 43 44 470 271 135 132 486 203 66 112 0 0 1 0 3 0 3 0 0 0 3 2 39 1 76 2 0 0 76 1 0 0 0 0 0 0 0 0 0 0 48 0 0 0 0 0 0 0 0 2 0 0 0 3 0 0 0 0 0 0 0 1 0 3 2 0 0 3 0 0 0 0 30 23 31 33 10 1 12 1 36 0 0 0 0 13 11 0 0 0 0 0 0 0 0 0 0 0 0 0 0 0 15 22 0 0 0 0 20 16 0 0 0 0 0 0 0 0 0 0 0 0 6 0 0 0 0 0 0 0 0 0 0 1 0 0 0 0 0 0 0 0 0 0 0 0 0 0 0 0 0 0 15 45 10 6 0 2 21 12 15 1 1 0 0 1 12 11 8 0 0 0 0 0 0 0 0 0 0 0 0 0 7 0 0 0 0 0 19 39 0 0 0 0 0 0 0 0 0 0 0 0 0 0 0 0 0 0 0 0 0 0 0 0 0 0 0 0 0 0 0 0 0 0 0 0 0 0 0 0 0 0 0 0 1 2 91 1 1 3 0 2 22 0 1 0 0 0 0 0 0 0 0 0 0 0 0 0 0 0 0 0 0 0 0 8 7 0 0 0 0 0 0 0 0 0 0 0 0 0 
 160 309 0 338 269 338 213 182 158 49 162 115 161 151 350 149 366 192 52 133 0 0 2 0 2 0 76 0 0 0 3 2 3 2 4 2 0 0 25 2 0 0 2 0 0 0 0 0 0 0 0 0 0 0 0 0 0 0 60 2 0 3 0 3 0 0 2 0 0 0 0 0 0 7 3 1 0 3 0 1 14 0 65 17 52 67 20 10 14 10 14 18 0 0 12 52 0 36 1 0 0 2 0 0 0 0 0 0 10 0 0 0 7 1 0 0 0 0 1 0 0 0 0 0 1 0 0 0 0 0 0 0 0 0 0 0 0 0 34 0 0 0 0 0 6 0 0 0 0 0 0 0 0 0 0 0 0 2 0 0 0 19 11 21 1 0 11 0 15 23 0 5 11 0 0 23 24 31 0 0 0 0 0 0 0 0 0 0 0 11 0 0 0 0 0 0 0 0 0 0 0 0 0 0 21 0 0 0 0 0 0 0 0 0 0 0 0 0 0 0 0 0 0 0 0 0 1 0 0 0 0 0 0 1 0 0 0 0 0 0 0 0 0 0 0 0 2 2 0 0 0 3 0 0 1 0 0 0 0 0 0 0 0 0 0 0 0 0 0 0 0 0 0 1 0 1 4 0 0 0 0 0 0 0 18 0 0 0 0 0 
 132 238 338 0 169 233 325 292 190 280 198 233 149 83 271 34 104 95 62 378 1 2 2 0 0 0 3 1 0 208 3 0 142 145 78 0 209 0 0 77 0 0 64 0 0 0 0 71 0 0 0 0 0 0 0 0 0 0 41 2 0 0 0 2 0 0 0 4 0 0 0 51 0 3 2 0 3 3 0 0 0 0 0 22 16 12 15 14 2 19 31 0 0 0 2 1 1 15 0 0 1 0 10 0 2 0 1 25 1 0 16 0 19 1 34 14 0 6 28 21 0 0 22 0 0 0 0 0 0 0 0 0 0 0 0 0 0 0 0 0 0 0 0 0 0 0 0 0 0 2 0 0 0 0 0 0 0 0 2 0 0 0 18 45 13 17 0 0 0 10 26 25 0 0 1 0 0 0 0 0 11 10 0 0 0 0 27 1 3 0 1 0 17 29 20 0 0 1 26 43 0 0 0 0 0 0 0 0 2 0 2 17 0 0 16 0 0 0 0 17 0 0 0 0 0 0 0 0 0 0 0 0 0 0 0 0 0 0 0 2 0 0 0 0 0 2 135 0 13 9 1 2 0 1 0 0 0 0 0 0 0 0 0 0 0 0 0 0 0 0 0 0 0 0 0 14 0 0 0 1 0 0 0 0 0 0 0 0 0 0 
 33 29 269 169 0 288 61 59 61 111 176 132 280 65 71 46 73 52 287 101 147 1 2 0 6 3 4 92 0 3 6 3 8 229 76 4 28 3 78 134 0 0 67 3 1 5 0 0 0 0 0 3 0 0 3 3 0 2 0 2 0 0 0 0 0 2 0 3 2 0 0 2 0 5 2 0 5 3 0 0 0 0 0 0 0 18 0 0 0 22 20 12 0 0 0 0 0 10 0 0 7 21 10 0 0 0 8 35 0 0 22 0 67 35 35 0 22 3 45 34 0 0 17 0 1 0 0 0 0 0 0 0 0 2 0 0 0 0 1 0 0 0 0 7 0 0 0 0 1 0 0 0 0 0 0 0 0 2 0 0 0 0 16 20 18 10 0 0 11 6 0 12 0 0 0 0 0 0 0 0 37 14 0 0 0 0 9 1 15 0 0 0 26 32 27 11 8 10 25 20 0 0 0 0 0 0 0 0 0 0 0 0 0 0 0 0 0 5 0 0 0 0 0 0 0 0 1 0 0 0 0 0 0 0 0 1 0 0 0 0 0 11 0 0 0 0 4 0 52 48 10 0 0 11 0 0 0 0 0 0 0 0 0 0 0 0 0 0 3 0 0 0 0 1 0 0 0 0 0 1 0 0 0 0 0 0 0 0 0 0 
 19 40 338 233 288 0 38 54 32 58 261 66 31 67 68 150 70 220 45 87 111 0 2 0 0 0 2 0 0 0 3 0 3 1 20 0 73 0 176 101 0 0 62 0 1 0 0 0 0 0 0 0 0 0 0 0 0 0 0 2 0 0 0 3 0 0 0 7 0 0 0 36 0 3 2 0 3 3 0 0 0 10 2 0 12 20 0 18 0 19 42 12 0 13 35 13 10 13 0 0 10 29 0 0 2 2 6 12 1 0 28 0 49 15 93 0 19 12 19 17 0 12 16 0 0 0 0 0 0 0 0 0 0 0 0 0 0 0 0 0 0 0 0 0 0 0 0 0 0 0 0 0 0 0 0 0 0 0 1 0 0 0 0 1 14 35 0 21 0 36 0 47 0 0 16 0 0 0 0 0 20 12 12 0 0 0 11 1 0 13 1 0 10 28 18 17 6 0 11 26 0 0 0 0 0 0 0 0 0 0 1 0 0 0 0 0 0 0 0 0 0 0 0 0 0 0 0 0 0 0 0 0 0 0 0 0 0 0 0 0 0 3 0 0 0 9 46 0 3 0 1 20 0 2 0 0 0 0 0 0 0 0 0 0 0 0 0 0 0 0 0 0 0 0 0 17 7 0 0 12 0 0 0 0 0 0 0 0 0 0 
 59 91 213 325 61 38 0 186 147 152 42 123 206 158 142 200 80 218 97 62 0 0 2 0 0 0 2 0 0 1 3 0 3 4 65 0 0 38 0 0 0 0 0 0 0 0 0 0 0 0 0 0 1 0 0 0 0 0 2 2 0 0 0 0 0 0 0 0 0 0 0 0 0 4 2 0 0 3 0 0 11 1 21 1 24 7 0 14 15 22 13 1 33 1 34 24 13 1 7 18 0 0 0 0 0 0 0 0 0 0 0 0 0 0 0 0 0 0 0 9 0 0 0 0 0 0 0 0 0 0 0 0 0 0 10 0 0 0 0 0 0 0 0 0 0 0 0 0 0 0 0 0 0 31 0 0 2 0 0 0 17 28 19 0 0 0 12 1 0 11 0 11 19 0 20 10 1 0 0 1 0 0 0 0 0 0 0 0 0 0 0 0 0 0 0 16 0 0 0 0 0 0 0 0 0 9 0 22 17 0 0 0 0 0 0 0 0 0 0 0 0 0 0 0 0 10 0 0 0 0 0 0 0 0 0 0 0 11 0 0 0 0 0 0 0 0 0 0 2 0 0 6 0 0 0 0 0 0 0 0 0 0 0 0 0 0 0 0 0 13 0 0 0 0 0 0 8 0 0 0 0 0 0 0 0 0 0 0 0 0 
 35 81 182 292 59 54 186 0 89 133 68 131 229 179 59 182 46 215 114 180 0 0 2 0 1 3 2 0 0 0 6 74 4 2 5 1 0 0 0 2 39 0 0 2 2 0 0 0 0 0 0 0 0 0 0 0 0 0 1 4 0 4 0 3 0 0 0 0 0 0 0 0 2 3 2 0 3 3 0 2 35 18 12 14 14 0 0 2 12 33 13 33 5 23 14 16 0 67 10 20 0 0 0 0 0 0 0 0 0 0 0 0 14 0 2 0 0 0 2 0 0 1 0 0 0 0 0 0 0 0 0 0 0 0 0 0 0 0 13 0 0 0 0 1 16 0 0 0 0 0 0 0 2 0 1 0 0 0 0 0 25 11 22 0 0 0 30 19 19 1 0 0 13 32 21 11 10 23 0 16 0 0 0 0 0 0 0 0 16 0 0 0 0 0 0 0 0 0 0 0 0 0 0 0 1 0 0 0 22 0 0 0 0 0 0 14 0 0 0 0 0 0 0 0 0 0 0 0 0 0 0 0 0 0 0 0 0 0 0 0 0 0 0 0 0 0 0 0 3 94 1 12 1 0 2 0 0 0 0 0 0 0 0 0 0 0 0 0 0 0 0 0 0 0 0 0 7 0 0 0 0 0 0 0 0 0 0 0 0 0 
 24 302 158 190 61 32 147 89 0 318 59 32 167 448 160 162 134 142 143 82 0 0 2 0 0 0 2 0 3 0 3 0 25 1 6 0 0 2 0 0 0 1 0 0 4 0 0 0 0 1 0 0 0 0 1 0 0 0 0 57 0 0 0 2 0 0 0 0 3 0 0 0 3 3 4 0 0 3 0 0 30 29 2 16 38 0 20 0 0 19 21 15 11 16 39 13 24 1 2 13 0 1 0 0 2 2 0 0 0 0 0 0 0 0 0 17 0 0 0 0 0 0 0 0 0 0 0 0 0 0 0 0 0 0 0 0 0 0 0 0 1 0 0 0 0 0 0 0 0 0 0 0 0 0 0 1 0 0 1 0 11 1 0 15 0 0 0 10 20 0 0 0 0 6 0 1 13 0 0 0 0 2 0 0 8 0 1 0 0 0 0 0 0 1 0 0 0 0 0 9 0 0 0 0 0 0 0 0 0 0 1 0 1 0 0 0 0 0 0 0 0 0 0 0 0 0 0 0 0 0 0 0 0 0 0 0 0 0 0 0 0 0 0 0 0 0 87 0 3 0 0 4 0 0 0 0 0 0 0 0 0 0 1 0 0 0 0 0 0 0 0 0 0 0 0 0 13 0 0 0 0 0 0 0 0 0 0 0 0 0 
 35 147 49 280 111 58 152 133 318 0 97 214 108 70 105 318 240 337 259 175 0 0 1 0 0 3 151 0 6 0 3 0 44 0 10 0 206 4 1 2 0 0 0 0 4 0 0 3 33 0 3 0 0 0 3 0 2 0 2 2 1 3 0 6 5 0 0 0 6 0 3 0 0 3 6 0 0 5 2 0 13 18 13 39 96 0 15 8 14 65 28 13 11 9 22 16 10 0 6 17 12 38 0 0 0 1 0 2 0 0 0 0 1 0 0 0 0 0 1 10 0 0 0 0 0 0 0 0 0 0 0 0 0 0 1 0 0 0 0 0 0 0 0 0 0 1 0 0 0 0 0 0 0 0 0 0 0 0 0 0 1 14 0 34 1 0 0 6 13 4 27 8 11 0 0 12 2 0 0 0 0 2 0 0 0 0 49 55 0 0 0 0 3 25 6 0 0 0 9 20 0 0 0 0 0 0 0 0 0 0 0 0 0 0 0 0 0 0 0 11 0 0 0 0 0 0 0 9 0 0 0 0 0 0 0 0 0 0 0 0 0 0 0 0 0 27 89 0 1 2 0 2 0 0 0 0 0 0 0 0 0 0 0 0 0 0 0 0 0 0 0 0 0 0 0 1 0 18 0 0 0 0 0 0 0 0 0 0 0 0 
 24 43 162 198 176 261 42 68 59 97 0 207 31 32 51 339 316 40 23 158 1 0 4 0 2 0 2 2 0 0 3 0 54 75 3 0 0 1 29 78 0 1 31 2 0 0 0 0 0 0 2 0 1 0 0 0 0 2 0 2 0 6 0 3 0 0 3 0 0 0 0 32 0 3 2 0 0 3 0 0 0 5 3 3 16 12 0 33 0 23 45 11 0 3 0 10 13 28 0 11 10 7 0 0 0 1 9 0 0 0 0 0 28 0 1 0 0 1 36 25 0 0 0 0 0 0 0 2 0 0 0 1 0 0 0 0 0 0 0 0 2 0 0 0 0 0 0 0 0 0 0 0 0 0 0 22 0 0 0 0 0 11 21 19 0 22 2 33 0 29 13 28 13 25 9 0 0 30 0 0 9 0 0 0 0 0 24 0 0 0 0 0 0 16 9 0 9 0 15 27 0 2 0 0 0 0 0 1 0 0 1 0 2 0 0 0 0 0 0 0 0 0 0 0 0 0 0 0 0 0 0 0 0 0 0 0 0 0 0 0 0 12 0 0 0 2 201 0 2 88 8 4 0 0 0 0 0 0 0 0 0 0 0 0 0 0 0 0 0 0 0 0 0 0 0 19 0 0 0 1 0 0 0 0 0 0 0 0 0 0 
 48 44 115 233 132 66 123 131 32 214 207 0 30 99 113 119 185 294 261 45 0 0 76 0 0 0 150 7 2 0 3 0 3 0 5 0 0 3 2 2 0 0 0 0 2 0 0 1 1 0 0 0 1 0 2 0 0 0 0 2 0 0 0 1 0 0 0 0 0 0 0 1 0 8 3 0 0 3 0 0 24 14 0 0 37 16 1 15 27 30 11 29 6 27 12 28 0 0 0 0 6 0 0 0 0 0 0 3 0 5 0 0 2 9 0 0 0 0 0 18 0 0 0 0 0 0 0 0 0 0 0 0 0 0 0 0 0 0 0 13 0 0 0 0 0 0 0 4 0 1 0 0 0 0 0 0 0 0 0 0 13 13 1 21 0 0 9 0 1 18 26 22 27 18 18 39 0 9 0 11 14 11 0 0 0 0 33 12 0 0 0 3 33 26 9 0 0 0 19 26 0 2 0 0 0 0 0 0 0 0 0 0 0 0 0 0 0 0 0 4 0 0 0 0 0 0 0 0 0 0 0 0 0 14 0 0 0 0 0 0 0 0 0 0 0 2 4 0 2 85 0 0 4 0 0 0 0 0 0 0 0 0 1 0 0 0 0 0 0 0 0 0 0 0 0 0 0 11 0 0 0 0 0 0 0 0 0 0 0 0 
 229 470 161 149 280 31 206 229 167 108 31 30 0 91 141 170 54 106 245 271 0 0 5 0 0 1 4 0 0 0 3 0 6 1 4 0 0 0 0 3 0 0 0 0 1 2 0 0 1 0 0 0 0 0 0 0 0 0 0 2 0 0 0 0 0 0 0 0 5 0 0 1 0 3 2 0 0 4 0 0 18 11 14 12 0 0 24 17 15 19 0 31 25 12 12 40 11 0 14 21 0 0 0 0 0 0 0 0 0 0 0 0 0 0 0 0 0 0 0 0 0 0 0 0 11 0 0 0 0 0 0 0 0 0 0 0 0 0 0 0 0 0 0 0 0 0 0 0 0 0 0 0 0 0 0 0 0 37 0 0 13 0 0 8 0 0 8 12 1 0 0 0 23 35 38 27 0 8 10 26 0 0 0 0 0 0 0 0 0 0 0 0 0 0 0 0 0 0 0 0 0 0 0 0 0 0 0 0 0 0 0 0 0 0 0 0 0 0 0 0 0 0 0 0 0 0 0 0 0 0 0 0 0 0 0 0 0 0 0 0 0 0 0 0 0 0 2 2 1 0 0 80 0 0 0 0 0 0 0 0 0 0 1 0 0 0 0 0 0 0 0 0 0 0 0 1 0 0 0 0 0 0 0 0 0 0 0 0 0 0 
 165 271 151 83 65 67 158 179 448 70 32 99 91 0 236 41 48 327 314 209 75 2 2 0 0 0 4 0 1 0 3 0 3 1 3 0 0 2 0 0 0 0 0 0 0 0 0 0 0 0 0 0 0 0 0 0 0 0 0 2 0 0 0 5 0 0 0 0 0 0 0 0 0 3 2 0 41 3 2 0 0 15 2 0 15 0 15 18 13 0 1 18 0 4 12 10 11 45 0 13 0 0 0 0 0 0 0 0 0 0 0 0 16 0 11 0 0 0 0 0 0 0 0 0 2 0 0 0 0 0 0 0 0 13 2 0 0 0 2 0 0 0 0 34 0 0 0 0 0 0 0 0 0 6 10 0 0 1 0 0 20 10 14 0 0 0 0 6 0 0 0 0 14 1 0 11 22 0 19 11 0 0 0 20 0 0 0 0 0 0 0 0 0 0 0 0 0 0 4 0 0 0 0 0 0 0 0 0 0 0 0 0 0 0 0 0 0 0 0 0 0 0 0 2 0 0 2 0 0 0 0 0 0 0 0 0 0 0 0 0 0 0 0 0 0 0 0 1 2 2 0 2 0 0 0 0 0 0 0 0 0 0 0 0 0 0 0 0 0 0 0 0 0 0 0 0 9 0 0 0 0 0 0 0 0 0 0 0 0 0 
 120 135 350 271 71 68 142 59 160 105 51 113 141 236 0 121 46 219 275 207 0 0 2 0 0 0 2 0 0 0 3 0 6 2 3 0 3 0 0 2 0 0 0 0 1 0 0 0 0 0 0 0 0 0 0 0 0 0 0 2 0 0 0 2 0 0 0 0 0 0 0 0 0 52 2 0 0 3 0 0 5 16 0 0 13 0 29 0 24 16 4 14 19 10 37 0 0 22 0 42 2 0 0 2 0 0 0 0 0 0 1 0 19 0 1 0 0 0 1 0 9 1 2 0 0 0 0 0 0 0 0 0 0 0 0 0 0 0 0 0 0 0 0 0 0 0 0 0 0 0 0 0 1 17 2 0 0 0 0 0 23 13 26 0 0 0 21 0 0 0 0 0 24 4 29 0 20 9 7 32 0 0 0 0 0 0 0 0 0 0 0 0 0 9 0 0 0 0 1 0 0 0 0 0 0 0 0 0 45 0 0 0 0 0 0 0 0 0 0 0 0 0 0 0 0 0 0 0 0 0 0 0 0 0 0 0 0 0 0 0 0 0 0 0 0 2 2 2 0 1 0 5 0 0 0 0 0 0 0 0 0 0 0 0 0 0 0 0 0 0 0 0 0 0 0 0 6 0 0 0 0 0 0 0 0 0 0 0 0 0 
 39 132 149 34 46 150 200 182 162 318 339 119 170 41 121 0 321 133 157 206 0 0 2 0 0 0 2 0 0 0 3 0 77 1 3 0 1 0 25 2 56 3 0 1 2 0 0 0 0 0 0 0 0 0 0 0 0 0 0 2 0 0 0 3 0 0 2 0 0 0 0 31 0 3 2 0 0 3 0 0 32 14 19 18 1 9 0 36 10 43 22 2 21 31 11 21 35 16 6 34 10 0 0 0 0 0 0 0 0 0 0 0 7 2 0 0 0 0 17 23 0 0 0 0 0 0 0 0 0 0 14 0 0 0 0 0 0 0 0 0 0 0 0 0 0 0 0 0 0 0 0 0 0 0 0 0 0 0 0 0 51 1 25 1 1 38 44 28 0 19 11 17 14 16 17 0 13 26 0 50 0 0 0 0 0 0 26 0 0 0 0 0 6 1 0 0 0 0 0 22 0 0 0 0 0 0 0 0 15 0 0 0 0 0 0 20 0 0 0 0 0 1 0 0 0 0 0 0 0 0 0 0 0 2 0 0 0 0 1 14 0 0 0 0 0 0 88 0 1 1 15 20 0 0 0 0 0 0 0 2 0 0 0 0 0 0 0 0 0 0 0 0 0 0 0 19 6 0 0 0 0 0 0 0 0 0 0 0 0 0 
 54 486 366 104 73 70 80 46 134 240 316 185 54 48 46 321 0 72 195 138 2 0 2 1 0 1 24 3 2 3 3 3 157 3 5 0 0 2 75 2 0 0 82 0 5 4 0 0 0 0 2 4 0 0 1 3 1 5 0 2 0 0 0 3 2 0 0 5 3 3 3 2 0 3 4 0 0 6 0 0 26 10 30 63 25 10 0 9 29 7 9 0 0 0 0 0 11 12 19 25 12 0 0 0 0 0 0 0 0 1 0 0 14 0 0 1 1 0 29 11 0 0 0 0 0 0 0 0 0 0 0 0 0 0 0 0 0 0 0 0 0 0 0 0 4 0 0 0 0 0 1 0 0 0 0 0 1 0 0 0 0 0 2 17 0 14 0 0 14 7 56 15 0 10 0 12 24 47 0 0 1 0 0 0 0 0 21 0 0 0 2 0 16 23 8 2 0 2 37 84 0 0 1 0 0 0 0 0 0 0 0 0 0 0 1 0 0 0 2 15 0 0 0 0 0 0 0 0 0 0 0 0 0 0 0 0 0 0 0 0 0 0 0 0 0 3 46 1 20 0 9 2 0 0 0 0 0 0 0 0 0 0 63 0 0 0 0 1 0 0 0 0 0 0 0 0 12 0 0 0 0 0 0 0 0 0 0 0 0 0 
 198 203 192 95 52 220 218 215 142 337 40 294 106 327 219 133 72 0 32 130 1 0 2 1 2 2 2 1 0 4 4 1 6 3 5 0 2 1 3 2 2 1 2 0 2 2 0 0 0 2 2 2 1 2 0 2 2 2 0 2 0 0 0 3 0 0 3 2 0 0 0 40 0 3 2 0 0 3 0 0 9 0 22 0 17 5 19 38 15 28 20 15 9 0 9 28 0 16 1 19 0 2 0 0 0 0 0 0 0 0 0 0 1 1 0 0 0 0 0 2 0 0 0 0 1 0 0 0 0 0 0 0 0 29 0 0 0 0 0 0 0 0 0 0 0 0 0 0 0 0 0 0 0 0 0 0 0 2 0 0 17 0 18 18 0 20 9 0 0 14 1 11 22 0 50 1 42 0 0 0 0 0 0 0 0 0 0 0 0 0 0 0 9 0 0 0 0 0 0 1 0 0 0 0 0 0 0 0 20 0 0 0 0 0 0 0 0 0 0 0 0 0 0 0 0 0 1 0 0 0 0 0 0 1 0 0 0 0 0 0 0 0 0 0 0 0 88 0 6 4 0 0 0 0 0 0 0 0 0 0 0 0 0 0 0 0 0 2 0 0 0 0 0 1 0 21 41 0 0 0 0 0 0 0 0 0 0 0 0 0 
 173 66 52 62 287 45 97 114 143 259 23 261 245 314 275 157 195 32 0 314 37 0 2 6 0 1 3 0 0 0 3 0 3 2 3 0 2 0 0 2 0 0 0 0 2 0 0 0 0 0 0 0 0 0 0 0 0 0 0 2 0 0 0 3 0 0 0 0 0 0 0 0 0 3 2 0 0 3 0 0 30 26 35 31 0 0 15 11 0 0 0 1 10 1 9 2 42 18 18 47 0 0 0 0 0 0 33 2 0 0 0 0 0 0 0 0 0 0 0 0 0 0 3 2 0 0 0 0 0 0 0 0 0 0 0 0 0 0 0 0 0 0 0 0 6 0 0 1 0 0 0 0 0 0 0 0 0 0 0 10 25 0 0 0 0 0 0 24 18 0 0 0 0 22 0 13 37 21 30 10 0 0 0 0 0 0 0 0 0 0 0 2 0 0 0 0 0 0 0 0 0 0 0 2 0 0 0 0 0 0 0 1 10 0 0 0 0 2 0 2 0 0 0 0 0 0 0 0 0 0 0 8 2 0 0 0 1 0 0 0 0 0 0 0 0 2 0 0 0 0 2 9 0 0 0 0 0 0 0 0 0 0 0 0 0 0 0 0 0 0 0 0 0 0 0 0 0 0 0 0 0 0 0 0 0 0 0 0 0 0 
 107 112 133 378 101 87 62 180 82 175 158 45 271 209 207 206 138 130 314 0 19 0 3 0 2 5 2 25 0 0 6 3 6 2 3 0 0 2 18 27 0 0 0 0 2 0 0 0 0 2 31 0 3 0 0 0 0 2 0 2 0 0 0 3 0 33 6 2 0 0 0 3 0 3 5 0 1 3 0 0 14 17 22 9 0 0 21 22 0 7 0 11 13 13 0 25 20 15 9 20 0 0 0 0 0 0 0 0 0 1 0 0 0 0 0 0 2 0 0 0 0 0 0 0 0 0 0 0 0 0 0 0 0 0 0 0 0 0 0 0 0 0 0 0 2 0 0 2 0 0 0 0 0 0 0 0 0 0 2 0 34 22 0 20 0 0 12 10 0 0 2 2 12 21 6 0 0 0 10 17 0 0 0 0 0 0 0 0 0 0 0 0 0 0 0 0 0 0 0 0 0 0 0 0 0 0 11 0 0 0 0 0 0 0 0 0 0 0 1 0 0 0 0 0 0 0 0 0 0 0 0 0 0 0 0 0 0 0 0 0 0 1 0 0 0 3 7 0 0 3 1 0 0 0 0 0 0 2 0 0 0 0 0 0 0 0 2 0 0 0 0 0 0 0 0 9 0 0 0 0 0 0 0 0 0 0 0 0 0 0 
 2 0 0 1 147 111 0 0 0 0 1 0 0 75 0 0 2 1 37 19 0 86 152 233 38 34 67 220 35 108 83 125 285 139 65 41 202 31 192 114 0 0 1 0 1 0 2 3 0 0 1 32 3 2 2 0 33 2 0 0 5 3 3 3 1 0 5 5 0 6 0 5 0 2 1 3 0 0 50 2 0 0 0 0 0 0 0 0 0 0 1 1 0 0 0 0 0 0 0 0 38 35 2 37 0 0 17 1 24 16 0 11 19 28 21 1 1 30 0 17 0 0 20 0 0 0 0 0 0 0 0 0 0 0 0 0 0 0 0 0 2 0 0 6 2 0 0 0 1 0 0 0 0 0 8 0 0 0 0 11 0 0 0 0 21 9 0 0 5 2 0 0 0 14 0 0 0 0 0 5 42 59 10 5 15 1 28 48 45 2 1 9 11 1 41 19 19 0 23 1 0 0 0 0 0 0 0 0 0 0 0 0 0 0 0 0 0 0 9 0 0 0 0 0 0 0 0 0 0 0 0 0 0 0 0 0 0 0 0 0 0 9 0 0 0 0 1 0 0 0 0 0 0 0 4 0 2 95 0 0 10 0 0 0 0 0 0 0 0 0 0 0 0 0 0 0 0 0 0 11 0 0 0 0 0 0 0 0 0 0 
 2 0 0 2 1 0 0 0 0 0 0 0 0 2 0 0 0 0 0 0 86 0 239 311 136 32 105 310 115 294 30 35 121 142 69 58 481 50 58 53 0 63 1 2 1 0 69 0 0 0 2 38 35 0 0 3 2 0 0 3 3 0 0 0 3 4 3 0 0 0 3 7 2 4 0 0 3 2 3 0 0 0 0 0 0 0 0 0 0 0 24 0 0 0 0 0 0 0 0 0 0 0 17 32 26 0 8 7 0 24 24 51 0 22 1 39 25 27 2 0 0 0 0 0 0 0 0 0 0 0 0 0 0 1 0 0 0 0 35 10 0 0 0 0 0 0 0 0 0 0 0 0 0 0 0 7 0 0 0 4 0 0 3 0 0 0 0 0 0 0 0 0 0 1 0 4 0 0 0 0 37 11 1 13 26 0 0 11 16 30 21 12 0 1 0 18 40 23 0 0 28 1 0 0 0 0 0 41 0 0 0 0 0 11 12 0 0 0 10 21 0 0 0 0 0 0 0 0 0 0 0 0 0 0 0 0 0 0 0 0 0 0 0 0 0 0 0 0 0 0 0 0 0 16 16 0 1 77 79 0 1 9 2 0 0 0 0 0 0 0 0 0 0 0 0 0 0 0 0 0 0 35 0 0 0 27 0 0 0 0 
 2 1 2 2 2 2 2 2 2 1 4 76 5 2 2 2 2 2 2 3 152 239 0 201 211 338 78 194 294 71 64 50 118 139 47 198 45 107 33 47 0 0 1 29 0 0 48 0 0 0 0 0 7 0 0 0 0 2 0 9 2 3 3 2 0 0 0 3 0 2 0 0 35 0 0 3 0 1 2 2 0 0 0 2 1 0 0 0 0 0 0 0 0 0 0 0 0 0 0 0 1 23 17 0 0 12 15 2 17 11 1 30 2 9 0 0 24 34 4 0 0 0 0 0 0 0 0 2 1 0 0 0 0 1 0 0 0 0 16 14 2 0 0 0 0 0 0 0 0 10 0 0 0 0 0 0 0 0 0 0 0 0 4 0 0 9 0 0 0 4 0 0 0 0 0 2 0 0 0 0 18 16 0 28 0 11 1 25 12 42 18 20 0 0 13 1 12 63 0 0 42 0 0 0 0 0 21 9 0 1 0 0 0 12 11 0 0 0 13 3 0 0 0 0 0 0 0 0 0 0 0 0 0 0 0 0 0 0 0 0 0 0 0 0 0 68 0 0 0 0 0 0 0 0 5 2 2 81 1 2 4 0 0 0 0 0 0 0 0 0 0 0 0 0 0 0 0 0 0 0 0 1 0 0 0 14 0 0 0 0 
 1 0 0 0 0 0 0 0 0 0 0 0 0 0 0 0 1 1 6 0 233 311 201 0 146 128 97 80 281 111 94 116 140 134 430 196 300 194 49 142 0 1 0 0 0 0 36 0 0 0 0 0 62 65 0 0 0 2 2 0 2 3 3 2 0 0 0 3 0 2 0 1 0 3 0 3 0 1 2 2 0 0 0 0 0 0 0 0 0 0 0 0 0 0 0 0 0 0 0 0 0 0 11 0 0 19 10 0 7 19 19 4 0 0 0 8 13 27 1 0 20 0 0 0 0 7 14 1 0 0 0 0 22 18 22 0 28 9 1 90 0 0 0 0 0 0 0 0 0 0 0 0 0 0 0 1 0 0 0 25 0 0 5 0 0 0 0 0 0 37 0 0 0 0 19 22 0 0 0 0 17 13 36 61 0 2 1 20 27 17 11 0 0 0 25 0 30 69 0 0 15 0 16 0 0 0 14 11 11 2 1 0 21 15 42 0 18 0 51 19 0 0 0 0 0 0 1 0 0 0 0 0 0 0 0 0 18 0 0 0 0 0 40 0 0 0 0 0 0 0 0 0 0 0 12 0 0 62 4 2 2 10 0 0 0 0 0 0 0 0 0 0 0 0 0 0 0 0 0 0 0 0 0 0 0 0 0 0 0 0 
 0 3 2 0 6 0 0 1 0 0 2 0 0 0 0 0 0 2 0 2 38 136 211 146 0 233 109 64 214 154 597 140 104 73 148 369 274 195 70 71 0 0 0 0 1 0 124 62 0 0 0 0 62 0 5 6 0 2 0 2 2 3 3 2 42 0 0 3 0 2 0 2 0 0 0 3 0 1 2 2 0 0 0 0 0 0 0 0 0 0 0 0 0 0 0 0 0 0 0 0 0 0 0 0 12 21 0 0 0 75 2 14 0 0 0 0 9 0 0 0 35 24 0 0 8 0 4 9 21 14 0 0 25 0 39 23 1 21 63 7 0 0 0 0 0 0 0 0 0 0 0 0 0 0 4 0 0 0 0 0 0 0 5 0 0 0 0 0 0 5 0 0 0 0 0 6 6 0 0 0 0 0 0 14 31 1 0 0 0 43 0 0 0 0 0 0 0 11 0 0 75 0 32 28 0 0 40 1 11 34 15 0 7 28 4 0 0 10 9 23 0 0 0 0 0 0 0 0 0 0 0 1 0 0 0 0 0 0 0 0 0 0 0 0 0 0 0 0 0 0 0 0 0 0 77 0 2 3 82 0 2 1 0 0 0 0 0 0 0 0 0 0 0 0 0 0 0 0 0 0 0 0 0 0 0 21 1 0 0 0 
 0 0 0 0 3 0 0 3 0 3 0 0 1 0 0 0 1 2 1 5 34 32 338 128 233 0 58 35 132 99 376 218 142 74 41 68 94 152 43 48 0 0 0 0 1 0 65 1 0 0 0 0 63 0 6 16 0 2 0 0 2 3 3 2 0 0 0 3 0 2 0 2 0 0 6 3 0 1 2 2 0 0 0 0 0 0 0 0 0 0 0 0 0 0 0 0 8 0 0 0 0 0 0 10 27 32 0 0 0 14 0 1 0 0 0 0 1 0 0 0 16 16 0 0 0 0 11 6 39 36 0 0 17 21 26 26 2 25 52 30 0 0 0 0 0 0 0 0 4 0 6 0 0 0 9 3 0 0 0 3 0 0 0 0 0 0 0 0 0 2 0 0 0 0 25 1 3 0 0 0 0 0 0 18 33 11 0 0 33 13 0 0 0 0 0 0 0 0 0 0 1 13 25 35 0 0 42 0 20 19 0 0 2 18 7 0 11 19 0 0 0 0 0 0 0 0 0 0 0 0 0 0 0 0 0 0 0 0 0 0 0 0 0 0 0 0 0 0 0 0 0 0 0 0 9 0 0 0 2 1 0 1 0 0 0 0 0 0 0 0 0 0 0 0 0 0 0 0 0 0 0 19 0 0 0 0 2 0 0 0 
 4 3 76 3 4 2 2 2 2 151 2 150 4 4 2 2 24 2 3 2 67 105 78 97 109 58 0 411 181 46 39 39 133 164 472 121 81 156 255 198 0 0 0 0 2 0 6 0 0 0 0 5 2 0 0 0 0 2 0 1 3 3 30 2 0 0 0 3 0 2 0 2 0 26 0 3 0 0 9 2 0 0 0 8 23 0 0 0 12 7 0 43 0 0 0 0 0 0 0 0 12 21 22 25 0 0 1 42 12 16 26 18 27 0 0 27 0 23 19 1 0 0 0 0 0 0 20 0 0 0 0 0 0 0 1 0 0 0 0 0 0 0 0 3 0 0 0 0 6 1 0 0 0 0 0 0 0 0 0 2 0 5 1 0 0 0 0 0 3 0 42 0 0 0 0 0 0 0 0 1 0 43 4 0 0 0 13 29 1 1 26 28 23 14 20 19 2 22 26 16 0 1 0 0 0 0 0 0 0 0 0 0 1 0 0 0 0 0 0 12 0 0 0 0 0 0 1 0 0 0 0 0 0 0 0 0 0 0 0 0 0 0 0 0 0 0 0 0 0 0 0 0 0 0 15 0 0 77 76 0 3 0 0 0 0 0 0 0 0 0 0 0 0 0 0 0 0 1 0 0 0 23 0 0 0 0 0 0 0 0 
 0 0 0 1 92 0 0 0 0 0 2 7 0 0 0 0 3 1 0 25 220 310 194 80 64 35 411 0 403 143 255 115 319 171 84 273 124 247 153 206 0 205 1 4 1 1 0 0 0 0 0 1 0 0 0 0 0 2 0 0 3 3 3 2 0 0 0 3 0 2 0 1 51 0 0 3 1 0 2 2 0 0 0 0 1 11 0 0 0 0 0 13 0 0 0 0 0 0 0 0 27 87 29 62 1 0 10 38 17 0 9 0 13 13 9 15 33 31 21 18 0 0 0 0 0 0 2 0 0 0 0 0 15 0 0 0 0 0 0 0 0 0 0 5 0 0 0 0 4 0 0 0 0 0 0 2 0 0 0 0 0 5 0 0 0 27 0 0 4 0 1 13 0 2 0 0 0 0 0 0 76 30 0 0 1 0 0 32 20 13 29 0 57 0 20 25 1 28 26 0 0 0 0 0 0 0 0 0 0 0 0 0 0 1 0 0 0 0 0 0 0 0 0 0 0 0 0 0 0 0 0 0 0 0 0 0 0 0 0 0 0 1 0 0 0 0 0 0 0 0 0 0 0 0 7 0 2 43 0 2 2 0 0 0 0 0 0 0 0 0 0 0 0 0 0 0 0 0 0 0 0 0 0 0 0 0 0 0 0 0 
 2 0 0 0 0 0 0 0 3 6 0 2 0 1 0 0 2 0 0 0 35 115 294 281 214 132 181 403 0 367 122 31 558 397 252 243 175 63 186 71 0 3 3 5 0 0 8 0 0 22 0 22 45 2 5 2 0 2 0 12 4 3 3 3 0 0 0 3 0 7 0 2 0 4 0 3 0 0 3 2 0 0 0 0 0 0 0 0 0 12 0 0 0 0 0 0 0 5 0 1 0 8 34 17 7 38 3 27 0 28 29 14 0 14 0 16 37 56 0 0 0 0 0 0 0 0 0 0 0 0 0 0 0 1 2 0 1 0 14 29 0 0 0 0 0 0 0 0 2 2 0 0 0 0 0 4 0 0 0 3 0 47 2 0 0 0 0 0 14 16 0 0 0 0 0 0 0 0 0 2 8 23 3 21 0 0 0 21 27 21 21 21 8 0 17 24 12 29 0 0 14 2 0 0 14 0 0 0 0 0 0 0 2 15 9 0 0 0 9 0 0 0 0 0 0 0 0 0 0 0 0 0 0 0 0 0 0 0 0 0 0 0 0 0 0 0 0 0 0 0 0 0 0 0 5 0 1 85 0 0 12 11 0 0 0 0 0 0 0 0 0 0 0 0 0 0 0 0 0 0 0 11 0 0 0 18 0 0 0 13 
 7 0 0 208 3 0 1 0 0 0 0 0 0 0 0 0 3 4 0 0 108 294 71 111 154 99 46 143 367 0 181 53 81 152 149 246 391 79 72 277 0 0 1 10 1 0 0 0 210 0 0 3 21 0 0 0 0 2 0 16 62 3 3 2 0 0 0 3 0 64 0 2 0 3 0 3 0 0 3 2 0 0 0 0 0 0 0 0 0 0 0 0 0 0 0 0 0 0 0 0 12 20 27 10 26 1 11 20 1 40 1 8 0 10 0 0 22 15 0 0 0 0 0 0 0 0 1 1 0 0 0 0 0 0 0 0 0 2 11 1 0 1 0 0 0 0 1 0 0 0 10 0 0 0 4 45 0 0 1 1 0 0 1 0 0 10 0 0 11 0 0 0 0 0 0 0 1 0 0 4 0 6 14 0 40 0 19 27 11 4 0 3 20 0 10 2 13 12 0 0 11 15 0 17 0 0 0 0 12 0 0 0 0 0 0 0 0 0 0 7 0 0 0 0 0 0 0 0 0 0 0 0 0 0 0 0 0 1 0 0 0 0 0 0 0 0 0 0 0 0 0 0 0 0 3 1 2 0 0 0 6 0 0 0 0 0 0 0 0 0 0 0 0 0 0 0 0 0 0 0 0 17 0 0 0 11 0 0 0 0 
 3 3 3 3 6 3 3 6 3 3 3 3 3 3 3 3 3 4 3 6 83 30 64 94 597 376 39 255 122 181 0 134 250 35 294 85 146 287 147 301 0 25 0 0 0 0 64 0 0 0 0 0 29 0 0 0 0 2 0 0 2 3 3 2 0 0 0 3 0 2 1 0 0 0 0 3 0 0 2 2 0 0 0 0 0 0 0 0 0 0 0 0 0 0 0 0 0 0 0 0 10 24 0 15 20 29 26 2 30 22 0 20 0 0 0 0 13 0 11 0 0 11 0 0 0 0 10 0 7 0 0 0 12 1 27 0 20 0 28 15 8 0 0 0 0 0 0 0 2 8 0 0 0 0 0 0 0 0 0 1 0 0 2 0 0 0 12 0 2 0 0 0 0 0 0 0 0 0 0 4 12 0 12 17 26 22 10 11 14 3 11 23 0 0 5 9 0 46 0 0 15 2 0 0 0 0 6 14 0 0 0 0 22 26 10 0 0 0 18 10 0 0 0 0 0 0 0 0 0 0 19 0 0 0 0 0 0 0 0 0 0 0 17 0 0 0 0 0 0 0 0 0 0 0 14 1 1 75 0 0 17 0 0 0 0 0 1 0 0 0 0 0 0 0 0 0 0 0 0 0 0 0 0 0 0 16 0 0 0 0 
 2 2 2 0 3 0 0 74 0 0 0 0 0 0 0 0 3 1 0 3 125 35 50 116 140 218 39 115 31 53 134 0 32 26 118 34 272 235 134 117 0 2 0 0 2 0 0 0 0 0 0 0 0 0 2 23 0 2 35 0 3 3 3 2 0 0 0 3 0 2 0 12 0 0 0 3 0 0 2 2 1 0 0 0 0 0 0 0 0 0 0 0 0 0 0 0 0 0 0 0 33 0 37 45 22 31 32 0 31 9 23 0 0 0 9 19 31 0 1 0 11 0 0 0 0 8 16 0 0 0 20 0 0 0 25 9 41 31 18 1 0 0 0 0 0 1 0 1 16 0 0 0 0 0 0 0 0 0 0 2 0 0 0 0 0 0 0 0 2 0 0 0 0 0 0 0 0 0 0 1 0 10 43 9 14 20 14 25 20 0 26 30 0 21 1 6 34 0 26 0 9 0 28 13 0 0 20 0 0 0 0 0 42 1 0 1 0 22 5 19 0 0 0 0 2 0 0 0 0 0 0 0 0 0 8 0 0 0 0 0 0 0 0 0 0 0 0 0 0 0 0 0 0 2 11 0 0 156 1 0 0 14 0 0 0 0 12 0 0 0 0 0 0 0 0 0 0 0 0 0 0 0 0 0 0 0 11 0 0 0 
 3 39 3 142 8 3 3 4 25 44 54 3 6 3 6 77 157 6 3 6 285 121 118 140 104 142 133 319 558 81 250 32 0 177 29 196 62 61 101 102 0 0 0 0 0 0 0 0 0 0 0 0 0 0 18 2 0 6 0 0 3 3 3 2 0 0 0 3 0 2 0 0 0 0 0 3 0 0 3 2 0 0 1 30 19 1 0 0 0 0 21 0 0 0 0 0 11 0 0 0 10 62 0 0 0 0 16 18 1 14 0 37 11 8 22 0 2 23 18 14 0 0 0 0 0 0 0 0 0 0 0 0 0 0 1 0 0 0 0 0 6 0 0 0 1 0 15 0 1 7 0 0 0 0 0 0 0 0 0 2 0 0 19 27 21 7 0 0 18 0 13 1 0 0 0 0 0 17 0 22 19 14 9 7 17 26 16 17 12 0 6 1 31 1 24 3 0 23 13 18 0 0 0 0 0 0 0 0 0 0 0 0 1 0 0 0 0 0 11 0 0 0 0 0 0 0 0 0 0 0 0 0 0 0 0 0 0 0 0 0 0 0 0 0 0 0 120 0 0 0 1 0 2 0 8 2 1 5 0 1 4 2 0 0 0 0 0 0 0 0 0 0 0 0 0 0 0 0 0 1 0 0 0 0 0 0 0 0 0 0 
 1 1 2 145 229 1 4 2 1 0 75 0 1 1 2 1 3 3 2 2 139 142 139 134 73 74 164 171 397 152 35 26 177 0 89 177 43 56 125 150 0 2 0 10 2 0 37 0 0 0 1 4 6 0 0 0 0 2 5 6 3 3 3 2 0 0 0 3 0 2 2 0 0 0 0 3 0 0 3 2 0 0 0 0 0 0 14 0 0 0 0 0 0 0 0 0 1 12 0 0 2 0 23 13 0 0 7 30 0 0 26 8 6 2 1 8 14 28 19 5 1 0 19 0 0 0 0 0 0 0 0 0 0 17 0 0 0 1 0 0 0 0 0 0 0 0 2 0 0 0 0 0 0 0 0 0 1 0 0 0 8 19 7 15 0 11 0 0 0 0 0 0 0 0 0 0 6 12 0 0 24 26 1 7 0 0 0 30 24 9 68 20 0 17 17 32 0 19 0 20 0 0 0 0 0 0 0 0 0 0 0 0 0 0 0 0 0 0 12 0 2 0 0 0 0 0 0 0 0 0 0 0 0 0 0 0 0 0 0 2 0 0 0 0 0 0 0 0 94 72 13 0 0 0 8 0 0 11 0 5 2 2 0 0 0 0 0 0 0 0 0 0 0 0 0 0 0 0 0 0 0 0 0 0 0 0 0 0 0 1 
 3 76 4 78 76 20 65 5 6 10 3 5 4 3 3 3 5 5 3 3 65 69 47 430 148 41 472 84 252 149 294 118 29 89 0 116 347 66 65 201 0 0 0 0 2 0 0 0 0 0 3 3 0 0 0 0 2 3 0 0 10 3 3 2 0 1 9 6 0 4 0 2 0 0 0 5 3 1 14 3 0 0 0 1 0 7 0 0 0 19 0 0 0 0 0 0 0 0 0 0 0 7 16 16 28 0 9 7 22 30 19 31 9 0 21 9 44 0 0 7 0 0 0 0 0 0 12 0 0 0 0 0 9 1 0 0 0 0 27 12 0 0 0 0 0 0 0 0 0 0 2 0 0 0 0 0 13 2 0 0 0 0 0 1 0 11 0 0 0 0 1 7 0 0 0 1 0 2 13 0 0 12 24 11 9 0 1 1 24 0 18 21 10 22 0 17 37 49 1 1 15 0 0 0 1 0 0 0 0 0 0 0 0 0 0 0 0 0 0 39 0 0 0 0 0 0 0 0 0 0 0 0 0 0 0 0 0 0 0 0 0 0 0 0 0 0 0 0 0 0 0 0 0 0 14 0 0 76 77 0 1 11 0 0 0 0 0 0 0 0 0 0 0 0 0 0 0 0 0 0 0 12 0 0 0 19 0 0 0 0 
 2 2 2 0 4 0 0 1 0 0 0 0 0 0 0 0 0 0 0 0 41 58 198 196 369 68 121 273 243 246 85 34 196 177 116 0 415 47 119 298 0 0 1 10 1 0 0 0 0 0 0 0 5 0 0 0 0 2 0 6 3 3 3 2 0 0 0 3 0 2 0 2 0 0 0 3 0 0 28 2 0 0 0 0 0 0 0 0 0 0 0 0 0 0 0 0 0 0 0 0 0 49 41 0 9 0 18 28 0 27 1 26 0 19 0 14 33 43 0 31 0 0 0 0 0 0 0 0 0 0 0 0 4 1 0 0 0 0 21 0 0 0 0 0 0 0 0 0 0 0 0 0 0 0 0 0 0 0 0 1 0 15 0 0 0 7 0 0 12 0 0 0 0 0 0 0 0 0 0 4 12 20 21 0 61 0 0 24 8 16 14 22 21 0 4 1 43 37 0 0 21 0 0 0 0 0 0 0 0 0 0 0 0 1 0 0 0 11 16 32 0 0 0 0 0 0 0 0 0 0 0 2 0 0 0 0 0 0 0 0 0 0 8 0 0 0 0 0 0 0 0 19 0 0 71 0 0 149 0 1 10 10 0 0 0 0 0 0 0 0 0 0 0 0 0 0 0 0 0 0 0 0 0 0 0 32 0 0 0 0 
 2 0 0 209 28 73 0 0 0 206 0 0 0 0 3 1 0 2 2 0 202 481 45 300 274 94 81 124 175 391 146 272 62 43 347 415 0 284 107 117 0 3 3 0 2 0 0 0 0 0 0 0 63 0 3 0 0 3 0 0 2 3 3 2 0 0 3 10 0 2 0 2 0 4 0 3 1 1 2 2 0 0 0 0 0 9 0 0 0 0 0 0 0 0 1 0 1 0 2 0 0 8 9 0 21 10 10 17 0 8 38 29 14 10 18 9 40 8 1 29 0 0 0 0 0 0 14 0 0 0 0 0 0 0 0 2 27 0 12 15 0 0 0 0 0 0 0 0 18 0 0 0 0 0 0 3 0 0 0 7 0 0 0 0 0 10 0 0 0 0 0 0 0 0 0 0 0 0 0 0 0 12 16 2 1 9 0 0 1 12 12 13 20 23 0 23 35 19 0 0 0 0 0 0 0 0 0 27 0 0 0 0 34 0 12 0 0 0 15 36 0 0 0 0 0 1 0 0 0 0 0 0 0 0 0 0 0 0 0 0 0 0 15 0 0 0 0 0 0 0 0 0 2 0 12 0 2 3 1 0 0 33 20 0 0 6 0 0 0 0 0 0 0 0 0 0 0 0 0 0 0 0 0 0 0 0 0 0 0 0 
 4 0 0 0 3 0 38 0 2 4 1 3 0 2 0 0 2 1 0 2 31 50 107 194 195 152 156 247 63 79 287 235 61 56 66 47 284 0 34 49 0 208 0 61 1 0 68 0 0 0 0 5 1 1 0 1 0 2 25 3 2 3 3 2 0 0 0 3 0 2 0 49 0 0 0 3 0 2 2 2 0 0 0 0 0 0 0 0 0 0 0 0 0 0 0 0 0 0 0 0 35 20 57 53 18 0 9 7 26 14 24 7 0 10 0 18 9 0 0 0 10 0 0 0 0 0 0 0 0 1 0 0 0 0 0 0 0 0 0 0 0 0 2 0 0 0 0 0 0 0 0 0 0 18 0 0 0 0 0 1 0 0 5 0 0 1 1 0 0 6 0 1 0 0 0 7 6 0 0 0 27 0 23 13 0 14 0 12 0 18 24 43 0 0 0 24 33 0 12 0 10 0 0 0 0 0 14 0 0 15 0 0 8 21 5 0 0 0 1 12 0 0 17 0 0 0 0 0 0 0 0 0 0 0 0 0 0 0 0 0 0 0 0 0 0 0 2 0 0 0 0 0 0 0 13 2 1 115 147 5 10 10 0 2 0 0 19 0 0 0 0 2 0 0 0 0 0 0 0 0 0 19 0 0 0 0 9 0 0 0 
 1 76 25 0 78 176 0 0 0 1 29 2 0 0 0 25 75 3 0 18 192 58 33 49 70 43 255 153 186 72 147 134 101 125 65 119 107 34 0 168 0 5 1 0 1 0 0 3 3 0 0 0 0 0 5 65 3 3 2 0 2 3 6 5 0 0 1 3 0 5 0 47 0 0 0 3 1 3 4 6 0 8 0 7 17 0 0 21 14 19 21 0 0 1 0 0 33 0 0 0 38 85 22 17 1 0 19 19 17 11 9 0 18 23 24 6 0 0 1 22 0 0 0 0 0 0 13 0 0 0 0 0 0 0 0 0 14 0 0 0 0 0 0 2 0 0 0 0 0 0 0 0 0 0 0 0 0 0 0 0 0 0 13 0 0 29 0 17 5 26 1 29 0 0 15 0 0 9 0 9 31 3 21 0 31 0 42 38 0 0 11 1 29 0 20 13 10 0 28 12 0 0 0 0 0 0 0 0 0 0 0 0 0 0 0 0 0 0 0 0 0 0 0 0 0 0 0 0 0 0 0 0 0 0 0 0 0 0 0 0 0 10 0 0 0 0 79 0 0 0 0 0 0 0 17 0 0 44 0 0 7 0 0 0 0 0 0 0 0 0 0 0 0 0 0 19 0 0 0 0 0 0 0 0 0 0 0 0 0 2 
 3 1 2 77 134 101 0 2 0 2 78 2 3 0 2 2 2 2 2 27 114 53 47 142 71 48 198 206 71 277 301 117 102 150 201 298 117 49 168 0 2 2 70 2 1 0 0 2 2 0 2 2 0 0 2 0 2 2 0 2 2 3 3 2 2 2 0 9 0 2 0 1 0 4 0 4 50 2 2 2 0 0 0 0 0 29 0 0 0 0 0 0 0 0 0 0 0 1 0 9 8 19 3 12 7 0 9 27 0 0 25 2 35 28 36 25 9 21 31 16 0 0 0 0 0 0 10 0 0 0 0 0 0 0 0 0 0 0 0 0 0 0 0 0 0 0 0 14 0 0 0 0 0 0 0 0 0 0 0 0 0 9 0 0 0 11 0 0 0 9 69 14 0 0 0 0 0 0 0 0 21 1 0 0 12 2 6 6 1 1 0 24 17 29 11 13 20 22 26 18 2 0 0 2 0 0 0 0 0 0 2 0 0 0 0 0 0 0 0 0 0 0 0 0 0 0 2 0 0 0 0 0 0 5 0 0 0 0 0 0 0 4 0 0 0 0 1 0 0 74 0 0 0 0 19 0 2 6 0 0 2 0 2 2 0 0 0 0 0 0 0 0 0 0 0 0 0 0 0 0 0 0 0 0 0 0 0 0 0 0 
 0 0 0 0 0 0 0 39 0 0 0 0 0 0 0 56 0 2 0 0 0 0 0 0 0 0 0 0 0 0 0 0 0 0 0 0 0 0 0 2 0 134 348 116 210 41 145 112 186 103 279 48 65 349 140 104 119 40 115 51 0 1 1 1 2 0 8 0 0 0 0 1 6 1 20 0 0 3 5 0 0 0 0 0 0 0 0 0 0 0 0 0 0 0 0 0 0 0 0 0 0 0 0 0 0 4 0 0 0 0 0 0 0 0 0 0 0 0 13 0 19 0 23 12 1 0 0 14 25 23 65 19 10 23 9 14 17 11 0 0 18 0 0 7 0 5 0 5 0 0 9 0 1 0 0 0 0 0 0 1 1 0 0 0 0 0 0 0 0 0 25 0 0 0 0 0 0 0 0 0 0 0 0 0 0 0 0 0 0 0 0 0 0 0 0 0 0 0 0 16 16 7 27 0 48 6 29 1 28 1 58 33 0 0 3 23 51 0 24 12 0 4 16 0 0 0 9 0 0 7 0 0 4 0 3 0 0 0 25 10 0 0 8 0 0 0 0 0 0 0 0 11 0 0 0 0 0 0 0 13 0 0 1 0 0 3 0 32 2 0 0 0 0 0 0 0 0 0 0 0 0 0 0 0 10 0 0 0 2 0 
 2 0 0 0 0 0 0 0 1 0 1 0 0 0 0 3 0 1 0 0 0 63 0 1 0 0 0 205 3 0 25 2 0 2 0 0 3 208 5 2 134 0 168 142 252 113 362 125 90 347 36 110 537 430 176 327 324 163 122 155 3 52 61 0 0 0 3 0 0 0 0 0 0 0 0 0 0 0 3 34 0 0 0 0 0 0 0 0 0 0 0 0 11 0 0 0 0 0 0 0 0 0 0 0 23 42 0 0 1 0 0 0 0 0 0 0 0 0 0 0 15 0 8 18 20 0 20 12 44 0 9 0 9 19 7 8 23 9 22 0 0 0 0 0 0 2 0 0 0 0 1 0 0 0 7 1 0 0 13 9 5 0 0 0 0 2 0 0 0 0 0 0 0 0 0 0 0 0 0 0 0 0 0 0 0 3 0 0 0 0 0 0 0 0 0 0 0 0 0 0 1 0 16 1 51 10 9 8 5 25 0 0 2 7 0 15 1 13 11 24 0 0 0 0 14 0 0 0 0 0 0 0 27 0 0 0 0 0 5 12 0 0 0 0 0 0 0 0 0 26 0 6 0 2 0 0 0 0 0 2 0 0 0 0 1 1 0 0 1 0 0 0 0 0 0 0 0 0 0 0 0 0 0 0 19 12 0 13 0 0 
 0 0 2 64 67 62 0 0 0 0 31 0 0 0 0 0 82 2 0 0 1 1 1 0 0 0 0 1 3 1 0 0 0 0 0 1 3 0 1 70 348 168 0 94 64 27 68 80 163 184 30 55 71 63 35 171 47 86 33 31 3 0 1 0 0 0 3 0 0 0 0 2 0 0 1 0 0 31 32 108 0 0 0 0 20 3 0 0 0 0 18 0 0 0 0 0 0 0 0 0 0 6 0 0 0 0 9 0 0 0 0 0 24 0 0 0 19 0 4 0 5 0 0 1 1 35 0 0 21 7 8 0 0 14 0 13 0 13 0 0 8 10 0 0 0 4 0 0 0 0 0 0 4 11 37 19 0 0 9 7 0 0 0 50 0 0 0 0 0 2 0 13 0 1 0 0 0 0 0 0 19 0 0 0 0 0 6 15 0 0 0 0 0 39 2 0 9 0 17 19 0 0 0 20 0 10 0 0 0 8 22 16 0 0 0 12 27 10 0 0 11 45 0 0 0 0 24 0 3 0 0 0 47 0 0 9 0 0 3 13 0 12 0 0 0 0 64 0 0 0 0 9 0 0 0 0 0 0 0 5 0 0 98 68 1 0 2 0 2 0 21 0 0 0 0 0 0 0 0 0 0 0 0 0 0 16 0 1 1 0 
 2 0 0 0 3 0 0 2 0 0 2 0 0 0 0 1 0 0 0 0 0 2 29 0 0 0 0 4 5 10 0 0 0 10 0 10 0 61 0 2 116 142 94 0 354 54 106 115 151 310 351 59 101 305 102 243 54 233 100 92 24 0 24 0 0 0 0 0 0 0 0 1 50 0 0 0 0 0 0 103 0 0 0 0 0 0 0 0 0 0 0 0 0 0 0 0 0 0 0 0 0 0 6 5 0 0 0 22 0 0 2 0 0 2 0 1 8 11 0 0 0 0 7 9 0 10 0 12 5 19 2 4 0 0 0 10 23 1 0 0 1 14 0 1 0 0 0 1 0 0 0 0 0 10 10 0 0 0 0 0 0 0 0 0 0 2 0 0 9 0 0 0 2 0 0 0 0 0 0 0 0 12 1 0 0 0 0 1 0 18 16 14 0 0 0 2 0 0 0 0 0 12 0 23 10 21 0 8 0 4 6 31 0 21 0 0 0 31 0 0 9 12 9 4 0 0 1 0 0 0 0 0 12 11 0 26 0 0 14 11 0 0 6 0 0 0 0 0 0 0 0 9 0 0 0 0 0 0 0 15 0 0 3 65 2 0 0 64 0 0 0 0 0 0 0 0 0 0 0 0 0 0 0 0 0 0 0 10 1 0 
 4 0 0 0 1 1 0 2 4 4 0 2 1 0 1 2 5 2 2 2 1 1 0 0 1 1 2 1 0 1 0 2 0 2 2 1 2 1 1 1 210 252 64 354 0 404 58 82 182 225 436 56 96 137 114 145 122 127 80 106 55 0 0 1 0 0 0 0 0 5 0 2 0 0 0 0 1 6 0 4 0 0 0 0 0 0 0 0 0 0 0 0 0 0 0 6 0 0 0 0 0 0 0 0 0 0 0 0 0 0 0 0 0 0 0 0 0 0 0 0 0 0 10 0 32 0 0 10 23 0 35 16 0 14 0 13 11 14 0 0 0 8 0 11 9 10 0 1 0 9 0 5 0 1 0 0 2 1 0 13 0 0 0 0 0 0 0 7 10 0 0 0 33 0 0 0 0 0 0 0 0 0 0 0 0 0 0 0 0 0 6 0 0 0 0 0 0 0 0 0 24 0 6 1 0 25 0 0 12 7 61 0 0 0 0 22 58 0 0 0 15 0 0 13 1 0 18 0 0 2 0 0 0 16 0 7 0 4 0 0 0 0 9 0 0 0 0 0 1 0 0 11 0 0 0 0 0 1 0 1 62 0 62 1 2 4 13 63 1 0 24 0 0 0 0 0 0 0 0 0 0 0 0 0 0 7 0 0 0 2 
 0 0 0 0 5 0 0 0 0 0 0 0 2 0 0 0 4 2 0 0 0 0 0 0 0 0 0 1 0 0 0 0 0 0 0 0 0 0 0 0 41 113 27 54 404 0 37 33 117 36 103 51 26 57 117 87 70 97 51 63 0 102 52 0 52 0 44 50 50 24 3 15 51 74 16 0 0 50 17 2 0 0 0 0 0 0 0 0 0 0 0 0 0 0 0 0 0 0 0 0 0 0 0 0 0 0 0 0 0 0 0 0 0 0 0 0 0 0 0 0 0 0 0 24 15 8 0 1 6 0 0 35 0 0 0 0 0 0 0 0 0 0 0 10 0 0 10 10 9 0 0 0 17 13 10 2 14 7 15 19 0 0 0 0 0 0 0 0 0 0 0 0 0 0 0 0 0 0 0 0 0 0 0 0 0 0 0 0 0 0 0 0 0 0 0 0 0 0 0 0 42 0 19 0 10 12 0 0 11 9 0 0 0 0 0 14 10 0 0 0 20 24 0 0 12 0 0 11 0 11 31 34 0 14 18 7 25 6 9 0 18 0 0 0 0 0 0 0 0 0 0 17 0 0 0 2 0 0 0 0 0 0 0 0 67 0 0 1 4 0 0 0 0 10 0 0 0 0 0 0 0 0 0 0 0 5 0 0 2 0 
 0 0 0 0 0 0 0 0 0 0 0 0 0 0 0 0 0 0 0 0 2 69 48 36 124 65 6 0 8 0 64 0 0 37 0 0 0 68 0 0 145 362 68 106 58 37 0 153 130 36 292 120 222 53 163 43 38 114 90 127 0 0 0 0 0 0 0 0 0 0 0 2 0 0 0 0 0 0 15 0 0 0 0 0 0 0 0 0 0 0 0 0 0 10 0 0 0 0 0 0 0 0 5 11 14 0 0 18 6 6 10 3 0 1 0 1 0 0 0 0 8 11 11 8 9 0 42 0 1 8 1 0 13 0 11 8 0 0 24 0 0 12 0 19 0 0 0 0 0 0 0 0 0 0 0 0 0 0 0 0 0 0 7 0 0 1 0 0 0 10 0 0 0 0 0 17 0 0 0 0 0 4 0 12 1 6 0 0 0 25 5 3 0 0 0 8 18 0 0 0 21 9 4 9 10 0 26 19 0 1 0 0 15 12 26 0 0 10 16 0 0 0 0 0 0 0 0 0 0 0 0 0 0 0 0 0 0 0 10 7 0 0 0 0 0 0 0 0 0 26 0 8 0 2 0 0 0 0 3 2 0 0 0 0 2 2 16 0 0 0 0 0 0 0 0 0 0 0 0 0 0 1 0 0 10 0 14 0 0 0 
 3 0 0 71 0 0 0 0 0 3 0 1 0 0 0 0 0 0 0 0 3 0 0 0 62 1 0 0 0 0 0 0 0 0 0 0 0 0 3 2 112 125 80 115 82 33 153 0 145 165 99 54 114 294 61 234 112 93 344 63 4 0 23 0 0 0 0 0 2 4 8 0 0 0 0 0 3 4 0 51 0 0 0 0 0 0 0 0 0 0 0 0 0 0 0 0 0 0 0 0 0 0 0 0 0 13 0 0 0 0 0 0 0 0 0 0 0 0 0 0 0 41 9 0 30 15 0 24 10 9 22 0 14 7 21 11 11 9 19 3 3 3 0 0 4 7 0 0 0 0 1 4 0 0 12 0 3 10 9 0 0 0 0 0 0 0 12 0 0 0 0 0 0 10 0 0 0 0 0 0 0 0 0 0 0 0 0 0 0 0 0 0 0 0 0 0 0 11 0 0 3 15 8 42 0 0 0 25 0 4 40 6 19 17 0 0 17 53 8 0 0 0 0 6 0 0 0 0 0 18 14 13 1 0 0 0 0 16 22 20 0 0 8 0 0 0 0 0 0 26 0 11 0 2 0 0 0 0 0 9 0 0 2 0 2 20 0 62 0 0 0 0 0 0 0 0 0 30 0 0 0 0 0 0 0 0 0 8 0 0 
 2 0 0 0 0 0 0 0 0 33 0 1 1 0 0 0 0 0 0 0 0 0 0 0 0 0 0 0 0 210 0 0 0 0 0 0 0 0 3 2 186 90 163 151 182 117 130 145 0 304 92 42 146 223 242 188 112 287 142 171 4 0 55 0 0 0 0 3 19 3 1 1 0 0 0 4 0 0 0 17 8 0 0 0 0 0 0 0 0 0 2 0 0 0 0 0 0 0 0 0 0 0 0 0 0 7 0 0 0 0 12 0 0 0 0 0 0 0 12 0 14 0 23 8 0 0 0 18 66 8 17 19 13 56 13 26 23 13 0 0 0 3 10 0 0 3 0 1 2 0 0 0 3 4 6 8 0 1 13 13 4 0 0 0 0 0 0 0 0 0 0 0 0 15 0 0 0 0 0 0 0 0 0 0 0 0 16 0 0 0 0 0 0 0 0 0 0 0 0 0 26 6 36 4 13 15 13 1 15 19 32 0 5 0 0 32 47 12 6 12 0 0 0 9 0 4 2 9 4 5 30 2 0 0 0 0 3 0 4 9 0 0 8 0 0 0 0 0 0 0 0 6 0 0 0 0 0 0 0 1 0 0 1 0 0 1 0 65 1 0 12 0 0 0 0 0 0 0 0 0 0 0 0 0 0 23 0 10 1 0 
 0 0 0 0 0 0 0 0 1 0 0 0 0 0 0 0 0 2 0 2 0 0 0 0 0 0 0 0 22 0 0 0 0 0 0 0 0 0 0 0 103 347 184 310 225 36 36 165 304 0 330 54 59 86 186 185 53 76 91 187 29 0 59 0 0 0 0 5 7 2 3 2 0 0 51 6 0 0 0 83 0 0 0 0 0 0 0 0 9 10 0 0 0 0 0 0 0 0 0 0 0 0 0 0 0 0 0 0 0 0 0 0 0 0 0 0 0 0 0 0 6 0 27 0 2 0 24 3 15 1 23 23 0 10 0 10 12 17 1 0 1 24 7 1 0 3 0 0 4 0 0 0 5 16 8 14 1 3 0 0 0 0 0 0 0 0 0 0 0 0 0 16 2 0 0 0 0 0 0 0 0 0 0 0 0 0 0 0 0 0 0 0 0 0 0 0 0 0 0 0 13 3 25 11 0 8 12 12 14 19 12 20 0 0 0 1 8 3 0 0 9 0 0 13 0 5 1 10 4 39 11 18 21 11 0 48 5 7 1 8 0 0 3 0 0 0 0 0 0 0 0 14 0 0 20 0 0 0 0 15 0 0 1 64 1 2 0 30 1 0 15 0 0 0 0 0 0 0 0 0 0 0 0 0 11 0 0 22 2 0 
 0 48 0 0 0 0 0 0 0 3 2 0 0 0 0 0 2 2 0 31 1 2 0 0 0 0 0 0 0 0 0 0 0 1 3 0 0 0 0 2 279 36 30 351 436 103 292 99 92 330 0 75 24 44 126 181 159 69 83 282 33 0 0 0 0 0 0 0 0 0 0 0 0 0 0 0 0 0 0 56 0 0 0 0 0 11 0 0 0 0 0 0 0 0 0 0 0 0 0 0 0 0 0 0 0 0 0 0 0 0 0 0 0 0 0 0 0 0 0 0 0 15 8 6 0 9 0 30 2 6 14 33 0 3 0 0 6 6 0 0 0 10 0 1 0 0 0 0 0 0 0 0 31 15 0 0 0 0 0 0 0 0 0 0 0 0 0 0 0 0 0 0 2 0 0 0 0 0 0 0 0 0 0 0 0 1 0 0 0 0 0 0 0 0 0 0 0 0 0 0 10 4 10 12 35 8 19 9 10 0 17 18 0 5 7 1 7 0 0 0 30 0 6 11 0 0 0 0 0 0 0 0 18 25 0 10 0 0 21 13 1 0 8 0 0 2 0 0 0 0 0 3 0 0 0 0 0 0 0 0 0 0 3 65 1 0 2 5 2 0 0 0 0 0 0 0 0 0 0 0 0 2 37 0 0 0 0 0 1 0 
 0 0 0 0 3 0 0 0 0 0 0 0 0 0 0 0 4 2 0 0 32 38 0 0 0 0 5 1 22 3 0 0 0 4 3 0 0 5 0 2 48 110 55 59 56 51 120 54 42 54 75 0 281 37 202 111 167 144 64 67 0 0 11 0 0 0 0 0 0 0 0 1 51 0 0 0 4 3 28 72 0 0 0 0 0 0 0 0 0 0 21 0 0 0 0 0 0 0 0 0 0 0 9 7 9 0 0 13 0 1 6 4 0 0 0 3 0 0 0 0 0 0 0 25 17 21 0 0 0 32 0 0 0 0 0 1 17 0 0 0 8 0 0 4 0 0 0 1 0 0 0 0 0 12 20 0 0 0 18 1 0 0 0 8 0 0 0 0 0 0 0 0 0 1 0 0 0 0 0 0 0 0 0 0 0 0 0 0 0 0 6 3 0 0 0 6 0 0 0 0 0 1 0 30 40 14 22 0 0 12 9 34 0 0 5 2 15 29 0 0 1 26 6 0 0 0 10 0 1 0 0 0 21 0 0 0 0 0 32 0 0 0 0 0 0 0 0 0 0 0 0 2 0 7 0 0 0 0 4 0 0 14 1 67 0 4 2 0 0 0 2 0 0 0 0 0 0 0 0 0 0 2 0 0 1 8 0 0 1 0 
 0 0 0 0 0 0 1 0 0 0 1 1 0 0 0 0 0 1 0 3 3 35 7 62 62 63 2 0 45 21 29 0 0 6 0 5 63 1 0 0 65 537 71 101 96 26 222 114 146 59 24 281 0 110 129 242 201 28 211 127 0 0 2 0 4 0 22 0 0 0 0 1 0 0 0 0 0 0 0 0 0 0 0 0 0 0 0 0 0 0 0 0 0 0 0 0 0 0 0 0 0 0 28 14 8 3 0 10 0 0 34 0 0 10 0 6 12 36 0 0 1 18 9 0 0 0 11 43 25 0 9 0 23 6 44 0 5 2 19 25 0 0 0 0 0 0 0 0 0 0 0 0 0 0 0 40 0 0 0 8 0 0 0 0 0 0 0 0 0 0 0 0 0 0 0 0 1 0 0 0 0 7 13 0 23 7 0 0 11 10 4 3 0 0 0 5 18 0 0 0 0 8 22 0 6 0 27 12 21 0 11 10 1 0 52 8 1 0 1 9 0 0 0 0 0 0 0 0 0 7 0 0 0 0 0 0 0 0 11 10 0 0 0 0 0 0 0 0 0 0 0 15 0 2 0 0 0 0 0 12 0 9 0 0 0 4 2 0 0 0 0 0 0 0 0 0 0 0 0 0 0 22 0 0 4 0 0 0 0 0 
 0 0 0 0 0 0 0 0 0 0 0 0 0 0 0 0 0 2 0 0 2 0 0 65 0 0 0 0 2 0 0 0 0 0 0 0 0 1 0 0 349 430 63 305 137 57 53 294 223 86 44 37 110 0 458 300 200 56 92 176 0 0 8 0 0 0 0 53 0 0 0 2 3 0 0 0 0 0 5 1 0 0 0 0 0 0 0 0 0 0 0 0 0 6 0 0 0 0 0 0 0 0 0 0 0 0 0 0 0 0 0 0 0 0 0 0 0 0 0 0 12 40 11 8 43 15 26 11 6 0 12 18 6 77 4 9 6 24 1 0 4 0 0 0 0 7 0 17 0 0 0 0 0 0 0 0 0 0 15 3 0 0 0 0 0 0 7 0 0 0 0 0 0 8 0 0 0 0 0 0 0 0 0 0 0 13 0 0 0 0 0 0 0 0 0 0 0 0 0 0 8 0 27 0 11 3 17 22 18 15 30 13 4 4 0 34 49 16 12 0 0 12 5 0 0 0 0 0 0 9 0 0 2 0 2 0 0 0 42 10 0 0 0 0 0 0 0 0 0 0 0 16 0 0 0 0 0 0 0 9 0 0 1 0 2 22 1 1 0 0 0 0 0 0 0 0 0 0 0 0 0 0 0 0 23 5 0 0 2 0 
 2 0 0 0 3 0 0 0 1 3 0 2 0 0 0 0 1 0 0 0 2 0 0 0 5 6 0 0 5 0 0 2 18 0 0 0 3 0 5 2 140 176 35 102 114 117 163 61 242 186 126 202 129 458 0 151 204 232 233 101 0 0 6 0 0 0 0 0 0 0 0 0 0 3 0 0 0 0 0 8 0 0 0 0 0 0 0 0 0 0 0 0 0 0 0 0 0 0 0 0 0 0 0 0 2 0 0 0 0 0 0 0 0 0 0 0 0 0 0 0 19 1 21 11 36 0 9 42 1 5 0 1 10 15 25 10 19 2 13 0 0 0 0 0 0 2 0 0 0 0 0 0 0 0 1 0 0 0 10 10 0 0 0 0 0 0 1 0 0 0 14 0 0 1 0 0 0 0 0 0 0 0 0 0 0 0 0 0 0 0 0 0 0 0 0 0 0 0 0 0 22 20 67 21 44 10 34 42 8 36 0 0 0 8 7 42 0 38 10 10 0 0 0 0 0 0 0 0 0 9 0 0 0 0 0 0 0 0 57 18 0 0 0 0 0 0 0 0 0 0 0 7 0 1 0 0 0 0 0 14 0 0 3 0 0 2 4 0 0 0 0 0 0 0 0 0 0 0 0 0 0 0 0 0 5 10 0 0 0 0 
 0 0 0 0 3 0 0 0 0 0 0 0 0 0 0 0 3 2 0 0 0 3 0 0 6 16 0 0 2 0 0 23 2 0 0 0 0 1 65 0 104 327 171 243 145 87 43 234 188 185 181 111 242 300 151 0 335 38 41 137 79 0 53 0 0 0 0 0 0 0 0 2 0 2 0 0 51 0 53 64 0 0 0 0 0 0 0 0 0 9 0 0 0 0 0 0 0 0 0 0 0 0 0 0 6 29 0 0 0 0 0 0 0 0 0 0 0 0 0 0 20 0 18 0 1 0 22 3 23 12 19 31 0 23 30 18 76 31 2 0 14 1 0 0 0 10 0 0 0 0 0 0 0 14 4 0 0 0 0 0 0 0 0 10 0 0 0 0 0 0 0 0 0 0 0 0 0 0 0 0 0 0 24 0 0 6 0 0 0 0 0 0 0 0 0 0 0 0 11 0 18 0 33 31 0 0 26 9 18 19 25 30 26 4 0 0 8 2 0 0 7 0 0 13 0 0 10 0 0 0 0 0 17 21 0 1 0 0 1 0 0 0 3 0 0 0 0 0 0 0 0 9 1 1 0 0 0 0 0 2 0 0 0 3 0 0 1 29 0 0 0 0 0 0 0 0 0 0 0 0 0 0 0 0 18 0 0 11 0 0 
 0 0 0 0 0 0 0 0 0 2 0 0 0 0 0 0 1 2 0 0 33 2 0 0 0 0 0 0 0 0 0 0 0 0 2 0 0 0 3 2 119 324 47 54 122 70 38 112 112 53 159 167 201 200 204 335 0 212 113 115 0 51 12 0 0 0 0 0 0 0 0 1 50 0 0 0 0 0 0 13 0 0 0 0 0 0 0 0 0 0 0 0 0 0 0 0 0 0 0 0 0 0 0 0 9 0 0 0 0 0 0 0 0 0 0 0 0 0 0 0 10 36 0 9 55 13 0 13 0 11 11 18 11 10 23 0 29 10 0 0 0 0 0 0 0 0 0 1 0 0 0 0 0 0 0 0 0 0 6 3 0 0 0 0 0 0 5 0 0 0 0 0 0 4 0 0 0 0 0 0 0 0 0 0 0 22 0 0 0 0 0 0 0 0 0 0 0 0 0 0 9 0 43 0 28 17 0 7 14 9 11 8 10 0 0 28 19 21 16 0 0 12 9 0 0 0 0 0 0 9 0 0 0 0 0 0 0 0 30 13 0 0 1 0 0 0 0 0 0 0 0 5 0 1 0 0 1 0 1 11 0 0 5 3 0 11 1 1 0 0 0 0 0 0 0 0 0 0 0 0 0 0 0 0 11 12 0 0 0 0 
 0 0 0 0 2 0 0 0 0 0 2 0 0 0 0 0 5 2 0 2 2 0 2 2 2 2 2 2 2 2 2 2 6 2 3 2 3 2 3 2 40 163 86 233 127 97 114 93 287 76 69 144 28 56 232 38 212 0 111 33 0 67 57 0 0 0 0 0 0 0 0 2 26 0 0 0 0 0 0 2 0 0 0 0 0 0 0 0 0 0 0 0 0 0 0 0 0 0 0 0 0 0 0 0 0 0 0 0 0 0 0 0 0 0 0 0 0 0 0 0 0 0 10 31 9 9 0 11 22 18 5 18 6 6 8 9 15 0 0 0 0 0 0 0 0 0 0 5 0 0 0 0 0 0 0 0 0 0 31 4 0 0 0 0 0 0 0 0 0 0 0 0 0 0 0 0 0 0 0 0 0 0 0 0 0 0 0 0 0 0 0 8 0 0 0 0 11 0 0 0 21 21 27 22 21 18 3 0 19 29 1 9 0 0 0 15 39 15 0 9 0 10 9 0 0 0 11 0 0 7 0 0 0 0 0 0 0 0 29 12 0 0 0 0 0 0 0 0 0 0 0 0 0 0 0 0 0 0 0 23 0 0 62 0 0 2 4 3 0 0 12 0 0 0 0 0 0 0 0 0 0 0 0 0 0 6 0 16 2 0 
 0 0 60 41 0 0 2 1 0 2 0 0 0 0 0 0 0 0 0 0 0 0 0 2 0 0 0 0 0 0 0 35 0 5 0 0 0 25 2 0 115 122 33 100 80 51 90 344 142 91 83 64 211 92 233 41 113 111 0 465 2 0 3 3 0 0 0 0 1 0 0 14 0 0 1 1 3 0 1 2 0 0 0 0 0 1 0 0 0 0 0 0 0 0 0 0 7 0 0 0 18 0 13 19 9 7 0 0 24 0 0 1 0 0 0 5 0 0 0 0 10 57 43 2 16 5 20 23 16 54 41 10 1 20 8 16 20 18 20 0 0 0 0 0 0 0 0 0 0 0 0 0 0 0 0 0 0 0 0 0 14 0 0 0 0 2 0 0 0 0 0 0 0 0 0 0 0 0 0 0 0 0 3 0 0 15 0 0 0 0 0 0 0 0 0 0 9 0 0 0 29 0 20 0 16 0 0 27 21 7 10 9 6 10 14 3 0 0 8 3 0 0 0 0 0 0 0 0 0 0 0 0 0 0 0 0 0 0 0 0 0 0 0 0 0 0 0 0 0 0 0 9 0 0 0 0 0 0 0 0 0 0 0 0 0 3 19 0 0 0 0 0 0 0 0 0 0 0 0 0 0 0 0 0 54 0 9 0 1 0 
 4 2 2 2 2 2 2 4 57 2 2 2 2 2 2 2 2 2 2 2 0 3 9 0 2 0 1 0 12 16 0 0 0 6 0 6 0 3 0 2 51 155 31 92 106 63 127 63 171 187 282 67 127 176 101 137 115 33 465 0 0 0 0 0 0 0 0 0 3 0 0 0 0 33 0 0 0 0 0 5 0 0 32 0 0 0 0 0 0 0 18 0 0 0 0 0 0 0 0 0 0 0 15 7 0 6 0 13 0 0 4 0 0 0 0 12 6 11 0 0 9 2 21 14 10 0 12 41 14 12 23 0 18 6 1 21 0 1 10 3 0 0 0 0 0 1 0 0 0 0 0 0 0 0 0 0 0 0 0 0 5 0 0 0 0 8 0 0 0 0 0 0 0 0 0 0 0 0 0 0 0 9 0 0 0 10 0 0 0 9 6 4 0 0 0 6 0 0 0 0 0 23 0 0 4 0 10 41 28 0 12 25 13 26 9 5 0 3 4 13 0 0 0 0 0 0 0 0 0 0 0 0 0 0 0 0 0 0 1 0 0 0 0 0 0 0 0 0 0 0 0 12 0 1 0 0 0 0 0 0 0 0 0 0 0 2 2 1 2 0 0 0 0 0 0 0 0 0 0 0 0 0 0 0 32 0 0 0 0 0 
 0 0 0 0 0 0 0 0 0 1 0 0 0 0 0 0 0 0 0 0 5 3 2 2 2 2 3 3 4 62 2 3 3 3 10 3 2 2 2 2 0 3 3 24 55 0 0 4 4 29 33 0 0 0 0 79 0 0 2 0 0 132 132 37 88 52 145 179 187 38 98 40 300 95 40 51 29 99 33 334 0 0 11 0 0 0 0 0 0 0 0 0 0 0 0 0 0 0 0 0 0 0 0 1 0 13 0 0 0 0 0 0 6 0 0 0 0 0 0 0 0 0 0 0 0 0 0 1 0 0 0 22 0 0 0 0 0 0 0 0 10 43 12 0 37 14 1 0 18 7 15 14 1 10 18 0 2 16 4 0 0 0 0 0 0 0 0 0 0 0 0 0 7 0 0 0 0 0 0 29 0 0 0 0 0 0 0 0 0 19 0 0 0 0 0 0 0 0 0 6 0 0 0 11 0 7 0 0 0 0 0 0 0 0 0 0 0 0 0 0 12 1 5 29 6 49 1 11 35 9 7 31 40 24 0 24 19 5 1 0 1 0 0 0 0 0 0 0 0 0 0 0 0 0 6 0 0 0 0 0 0 0 0 51 0 0 0 0 0 0 24 0 0 1 2 0 0 0 0 0 0 0 0 0 0 0 0 0 16 0 
