 0 146 313 147 200 125 306 268 155 118 32 135 63 469 126 226 245 62 143 222 0 0 78 0 0 0 76 0 2 0 0 0 2 0 0 3 0 0 1 0 0 0 2 0 0 2 0 0 0 0 1 1 0 0 2 0 0 0 0 0 3 0 0 0 0 3 3 0 0 0 0 0 0 0 52 0 1 0 0 0 59 40 20 7 12 11 0 18 44 29 11 1 16 26 25 56 13 16 19 0 0 0 0 0 0 0 8 0 0 0 0 0 1 0 0 0 0 0 0 18 0 0 0 0 0 0 0 0 0 0 0 0 0 0 0 0 0 0 0 0 0 0 3 0 0 0 0 0 0 0 0 0 0 0 0 0 0 1 0 0 28 41 44 0 0 0 13 21 17 0 1 12 0 18 14 14 14 11 1 0 0 0 0 0 0 0 0 0 0 0 2 0 13 0 0 4 0 0 0 0 0 1 10 0 0 0 0 0 2 0 0 0 0 0 0 0 0 0 0 0 0 0 0 0 0 0 0 0 0 0 0 0 0 0 0 0 0 0 0 0 0 0 0 0 0 0 177 0 51 1 0 3 1 0 0 0 0 0 0 0 0 0 0 0 0 0 0 0 0 0 0 0 0 0 0 13 34 10 0 0 0 0 0 0 0 0 0 0 0 0 
 146 0 68 61 405 23 156 191 41 233 137 28 32 129 374 361 259 50 132 128 3 0 2 0 0 4 1 0 2 0 0 25 2 0 2 3 0 0 2 0 0 2 2 2 0 2 0 0 0 63 3 3 62 0 3 0 0 0 0 0 3 0 0 0 0 0 3 3 0 0 0 2 0 0 1 3 0 0 81 0 20 10 28 13 20 0 11 28 15 11 27 0 7 14 15 0 0 14 0 0 0 0 0 0 0 0 0 0 0 0 0 0 10 0 0 0 0 0 0 9 0 0 0 0 0 0 6 0 0 0 0 0 13 0 1 0 0 0 0 0 0 0 0 0 0 0 0 0 0 0 0 0 0 0 0 2 3 0 0 0 19 12 19 22 0 0 19 14 14 23 14 0 0 11 33 13 22 20 1 13 0 0 0 0 10 0 0 0 0 0 0 0 12 0 0 0 0 0 0 0 0 0 0 0 0 0 1 0 0 0 0 0 0 0 0 0 0 0 0 0 0 0 0 0 0 0 0 0 0 0 0 0 0 0 0 0 0 0 0 0 0 0 0 0 0 0 94 0 91 0 14 1 0 0 0 0 0 0 0 0 0 0 2 0 0 0 15 0 0 0 0 0 0 0 0 0 0 0 0 0 0 0 0 0 0 0 0 0 0 1 
 313 68 0 296 134 123 70 186 277 44 39 303 163 67 246 292 212 200 136 58 0 0 1 0 0 0 4 205 2 0 0 0 2 0 0 2 1 0 90 1 0 0 2 0 0 2 0 0 0 0 61 2 3 0 3 0 1 0 6 0 3 0 0 0 0 2 3 0 0 0 0 0 0 0 44 0 0 0 0 0 64 54 21 11 51 20 18 9 31 0 22 11 0 51 49 31 0 3 13 13 0 0 0 0 0 0 42 0 0 0 0 0 0 0 0 0 0 0 18 17 22 0 0 0 0 0 0 0 0 0 0 0 9 0 0 0 0 0 0 0 0 0 3 0 0 0 0 0 0 0 0 0 0 0 0 0 0 0 0 0 1 19 26 18 0 5 0 4 28 0 0 14 0 27 33 43 0 7 0 0 0 0 0 0 5 0 0 0 0 0 2 0 0 0 0 0 0 0 0 0 0 0 9 0 0 1 0 0 0 0 0 0 0 0 1 0 0 1 0 0 0 0 0 0 0 0 0 0 0 0 0 0 0 0 0 0 0 0 0 0 0 5 0 0 0 0 134 0 0 1 0 0 0 0 0 0 0 0 0 0 0 0 0 0 0 0 1 0 0 0 0 0 0 0 0 5 14 11 0 0 0 0 0 0 0 0 0 0 0 0 
 147 61 296 0 92 260 86 83 151 102 252 307 100 291 164 77 175 186 87 69 1 0 0 0 0 1 0 74 2 41 3 3 20 4 0 2 0 3 0 135 0 1 2 3 3 2 0 0 0 0 22 5 15 0 2 0 0 0 0 2 6 0 7 0 0 6 3 1 0 0 0 9 0 0 3 10 0 0 2 0 10 1 29 0 47 29 0 0 0 7 11 27 0 0 0 13 5 16 0 9 15 23 0 0 0 0 9 0 0 0 0 0 1 22 14 0 0 0 0 12 0 0 0 0 0 2 1 0 0 0 0 0 0 0 0 0 2 0 0 0 0 0 0 0 0 0 0 0 2 0 0 0 0 0 0 0 0 0 0 9 0 19 25 2 32 2 0 1 32 39 14 14 0 0 0 13 0 19 0 21 0 31 0 0 0 0 27 0 8 0 0 0 58 0 0 12 1 0 23 8 0 0 10 0 0 0 0 0 0 0 2 2 0 0 0 0 0 0 0 0 0 0 10 0 0 0 0 0 0 0 0 0 0 14 0 0 0 0 0 0 0 0 0 0 0 4 4 0 2 177 13 0 0 0 2 0 0 0 0 0 12 0 0 0 0 2 0 0 0 0 0 0 0 0 0 0 0 0 0 0 0 0 0 0 0 0 0 0 0 0 
 200 405 134 92 0 62 40 82 62 149 163 354 119 98 102 144 49 37 61 60 0 74 0 0 4 2 0 0 67 0 5 0 3 0 59 62 2 73 0 68 18 0 2 0 0 2 0 0 0 0 0 3 0 0 3 1 61 0 3 0 1 1 0 0 0 0 3 0 0 0 0 0 0 5 31 45 0 0 0 0 8 8 18 18 0 0 0 11 0 41 13 17 1 10 8 15 0 23 0 1 0 0 0 0 0 0 7 11 0 17 0 0 10 0 1 0 0 0 13 9 0 0 0 0 0 0 0 0 0 0 0 0 29 0 0 0 0 0 0 0 0 0 16 0 9 0 0 0 0 0 20 0 0 0 0 0 0 0 11 0 18 20 30 0 0 0 0 0 0 0 14 11 0 9 10 1 0 17 0 0 12 0 0 10 0 0 0 3 0 0 0 0 42 0 17 23 13 31 0 5 0 0 0 0 0 0 0 0 0 0 0 0 10 0 0 0 0 0 0 0 0 0 0 0 0 0 0 0 0 0 0 0 0 0 0 0 0 0 0 0 0 0 0 0 0 0 61 0 2 90 0 0 0 0 1 0 0 0 0 0 0 0 17 0 0 0 16 0 0 0 0 0 0 0 0 14 0 11 0 0 0 0 0 0 0 0 10 0 0 0 
 125 23 123 260 62 0 43 32 55 112 103 200 33 241 73 269 307 138 54 45 39 0 0 2 0 0 0 74 2 1 0 0 2 0 0 77 84 0 24 158 0 0 2 0 0 3 0 0 0 0 41 3 7 33 3 4 0 1 0 0 0 0 0 0 0 6 3 0 0 0 0 0 0 0 0 0 0 0 0 0 25 1 10 0 0 27 0 0 0 0 0 13 0 0 0 10 24 0 0 0 26 10 0 0 0 0 100 32 0 0 0 0 1 28 9 19 9 0 1 10 0 15 0 0 0 0 0 0 10 0 0 0 0 0 0 0 0 0 0 0 0 0 0 5 0 0 0 0 0 0 0 0 0 0 0 0 0 0 0 0 0 18 16 9 21 23 0 11 21 10 10 15 0 0 12 13 17 0 0 0 0 42 8 8 0 0 25 0 15 0 1 0 25 0 0 1 14 0 69 1 0 0 0 0 0 0 0 0 0 0 0 0 0 0 0 0 0 0 0 0 0 0 0 0 0 0 0 0 0 0 0 0 0 0 0 0 0 0 0 0 0 8 0 0 0 3 0 1 9 92 0 9 0 0 0 0 0 0 2 0 0 10 32 0 0 0 0 2 0 0 0 0 0 0 0 0 13 0 0 0 0 0 0 0 0 0 0 0 0 0 
 306 156 70 86 40 43 0 177 60 340 251 324 233 475 251 130 24 88 157 163 2 0 2 2 0 2 1 0 2 1 0 0 2 0 2 2 1 4 2 0 0 2 2 4 0 58 1 0 0 0 1 4 77 4 3 1 0 0 0 0 2 4 4 1 0 0 3 0 0 0 1 0 0 0 0 4 0 2 6 0 11 50 31 0 16 0 0 10 41 1 0 12 34 19 45 5 11 0 0 15 0 0 0 0 0 0 0 0 0 0 0 0 0 0 0 0 0 0 1 2 2 0 0 0 0 0 0 0 0 0 0 0 0 0 0 0 0 0 0 0 0 0 0 0 0 0 0 0 0 2 1 0 0 0 0 0 5 5 0 0 12 16 0 14 0 0 69 41 0 0 0 0 21 0 0 18 0 11 30 39 0 0 0 0 2 2 0 0 0 0 0 0 0 0 0 6 0 0 0 0 0 0 0 0 0 0 0 0 1 0 0 0 0 0 0 0 0 0 0 0 0 0 0 0 0 0 0 0 0 0 0 0 0 0 0 0 0 0 0 0 0 0 0 0 0 0 0 0 0 0 0 6 0 0 1 0 0 0 0 0 0 0 0 0 0 0 0 0 0 0 0 0 0 0 0 0 0 0 0 0 0 0 0 0 0 0 0 0 0 0 
 268 191 186 83 82 32 177 0 98 277 154 341 348 324 96 70 323 348 163 472 0 0 0 0 0 1 0 0 2 0 0 0 2 0 2 3 0 0 0 0 0 5 2 1 62 3 0 0 0 0 0 4 0 0 3 0 6 0 0 0 0 0 0 0 0 0 3 0 0 0 0 38 0 0 0 0 0 1 0 2 20 20 56 0 53 8 47 1 48 0 49 0 9 25 39 0 14 23 10 31 0 0 0 0 0 0 0 0 0 0 0 0 12 0 1 0 0 0 13 1 0 0 0 0 0 0 0 0 0 0 0 0 0 0 0 0 0 0 0 0 0 9 1 0 0 0 0 0 0 0 0 0 0 0 0 2 4 4 0 0 0 6 12 13 0 0 28 0 22 27 0 0 23 20 16 0 25 33 0 20 0 0 0 0 0 8 0 0 0 0 0 0 10 0 0 0 0 0 0 0 0 0 0 0 0 0 0 0 0 0 0 0 0 0 0 0 0 0 0 0 0 0 0 0 0 0 0 0 0 0 0 0 0 0 0 0 0 0 0 0 0 0 0 0 0 2 0 0 1 0 15 5 0 0 0 0 0 0 0 0 0 0 0 0 0 0 0 0 0 0 0 0 0 0 0 0 0 0 0 0 0 0 0 0 0 0 0 0 0 0 
 155 41 277 151 62 55 60 98 0 256 222 52 113 200 220 259 414 127 89 105 0 0 0 3 2 5 2 3 5 0 2 2 283 0 0 6 1 2 33 2 0 0 48 0 0 2 0 0 0 0 21 6 7 7 3 0 0 0 3 0 0 4 3 1 0 0 3 0 0 9 3 2 0 2 1 2 0 3 3 5 15 10 0 18 0 14 0 20 37 0 22 17 0 22 28 0 41 0 22 12 11 0 0 0 0 0 14 0 0 0 0 0 26 24 0 0 0 0 13 7 0 0 0 0 0 0 0 0 0 0 0 0 3 0 0 0 0 0 0 0 0 0 0 0 0 0 0 0 0 0 0 0 0 0 0 0 0 0 0 4 1 1 9 21 0 8 11 0 0 10 28 0 0 0 38 1 13 0 0 0 0 28 0 0 0 0 0 0 8 0 2 0 0 11 0 0 0 0 12 15 0 0 0 0 0 1 0 0 1 0 0 0 0 0 0 0 0 0 0 0 0 0 0 0 0 0 0 0 0 0 0 0 0 0 0 0 0 0 0 0 0 7 0 0 0 1 0 0 89 2 12 4 0 0 0 0 0 0 0 0 0 0 0 0 0 0 0 0 0 0 0 0 0 0 0 0 51 0 0 0 0 0 0 0 0 0 0 0 0 0 
 118 233 44 102 149 112 340 277 256 0 119 41 65 139 445 467 620 155 72 67 1 93 0 0 1 0 0 0 2 0 0 0 2 0 0 3 0 1 0 81 0 0 2 0 0 2 0 0 0 0 0 3 0 0 3 0 0 0 0 0 0 0 0 0 0 1 3 0 0 0 0 0 0 0 0 0 0 0 0 0 0 16 63 13 6 17 0 2 38 48 34 24 0 2 15 17 6 13 62 5 0 0 0 0 0 0 12 8 0 0 0 0 31 9 0 14 0 0 29 0 0 2 0 0 0 0 0 0 6 0 0 0 0 0 2 0 0 0 0 0 0 0 0 20 0 0 0 0 0 0 0 19 0 0 0 0 0 0 0 4 18 32 20 0 0 32 9 0 0 10 31 12 0 13 23 0 28 43 0 0 0 25 3 0 0 0 0 0 25 0 0 0 46 3 0 0 0 0 0 12 0 0 0 0 0 0 0 0 0 0 0 0 0 0 0 0 0 0 2 0 0 0 0 0 0 0 0 0 0 2 0 0 0 0 0 0 0 0 0 2 0 0 0 0 0 0 41 3 5 0 2 2 0 0 2 0 0 0 0 0 0 13 15 0 0 0 0 0 0 0 0 0 0 0 0 0 16 0 0 0 0 0 0 0 0 0 0 0 0 0 
 32 137 39 252 163 103 251 154 222 119 0 363 356 249 226 294 178 59 39 55 1 0 0 0 0 2 0 74 17 0 0 0 2 1 6 6 0 0 0 165 0 0 2 0 71 2 3 0 2 0 1 12 8 4 3 0 0 0 0 2 3 0 0 0 0 0 6 0 0 0 0 0 11 0 0 0 0 0 0 0 0 0 10 19 25 0 0 16 0 29 1 18 0 0 0 0 0 17 0 11 11 18 0 0 0 0 2 10 0 0 0 0 35 24 33 0 0 0 11 30 0 0 0 0 0 0 0 15 0 0 0 0 0 1 0 0 17 17 0 0 0 0 0 19 0 0 0 0 0 0 0 0 0 17 0 0 0 0 0 4 1 0 10 17 22 42 0 0 19 37 22 9 0 14 9 1 0 0 0 0 9 34 0 1 0 0 0 0 44 0 2 0 27 8 0 43 16 0 35 41 0 0 0 0 0 1 0 0 0 0 0 0 0 0 1 0 0 0 0 0 0 0 0 0 0 0 0 0 0 0 0 0 0 0 0 0 0 0 0 0 0 0 0 0 0 2 2 0 5 88 16 5 18 0 0 2 0 0 0 0 0 3 0 0 0 0 0 0 0 1 0 0 0 0 0 0 0 0 0 0 0 0 0 0 0 0 0 0 0 0 
 135 28 303 307 354 200 324 341 52 41 363 0 97 43 77 220 492 254 253 27 0 0 0 34 0 0 0 0 2 0 2 2 78 0 0 3 0 0 2 0 0 0 2 0 0 2 0 0 0 0 33 1 3 0 2 0 0 0 0 0 3 0 0 0 0 1 65 0 0 0 0 0 0 0 0 0 0 0 0 0 9 0 5 1 9 27 0 0 0 9 28 0 0 3 0 7 38 20 0 0 31 10 0 0 0 0 50 8 0 0 0 0 14 10 0 16 0 0 27 14 0 0 0 0 0 0 0 0 6 0 0 0 0 0 0 0 0 0 0 0 0 0 0 0 0 0 0 0 0 0 0 0 0 0 0 0 0 0 0 0 1 16 34 50 0 6 0 10 3 0 0 20 0 0 28 17 15 0 0 0 0 11 1 0 0 0 0 0 0 0 2 0 44 0 0 0 0 0 15 12 0 0 1 0 0 0 0 0 0 0 0 0 0 0 0 0 0 2 0 0 0 0 0 0 0 0 0 0 0 0 0 0 0 0 0 0 0 0 0 0 0 6 0 0 0 2 1 0 1 19 0 7 1 0 0 0 0 0 0 0 0 0 0 0 0 0 2 0 0 0 0 0 0 0 0 10 24 0 0 0 0 0 0 0 0 0 0 0 0 0 
 63 32 163 100 119 33 233 348 113 65 356 97 0 154 244 273 90 130 167 75 2 0 0 0 0 76 1 0 2 0 65 0 2 1 0 2 0 0 0 0 0 0 2 0 0 2 0 65 0 0 0 2 5 0 3 0 0 3 0 0 3 0 0 0 0 0 3 0 0 0 0 0 0 3 0 2 0 0 0 0 0 0 5 0 4 0 29 1 13 0 0 0 32 0 35 15 0 10 8 8 0 0 0 0 0 0 0 0 0 0 16 0 0 0 1 0 0 0 0 0 0 0 0 0 0 0 2 0 1 0 0 0 0 0 0 0 0 0 0 0 12 0 0 0 0 0 10 0 0 0 0 0 0 0 0 0 0 0 0 0 14 0 3 4 0 0 0 8 19 9 1 0 10 7 0 0 0 10 22 42 0 0 0 0 0 0 0 0 0 0 0 0 0 0 0 0 0 0 0 0 0 0 0 0 0 0 0 0 0 2 0 0 0 0 0 0 0 0 0 0 0 0 0 0 1 0 0 0 0 0 0 0 0 0 0 0 0 0 2 0 0 0 0 0 0 0 0 0 1 0 19 15 2 0 0 0 0 0 0 0 0 0 2 0 0 0 0 0 0 0 0 0 0 0 0 0 0 0 0 0 0 0 0 0 0 0 0 0 0 0 
 469 129 67 291 98 241 475 324 200 139 249 43 154 0 210 55 43 108 129 172 0 0 4 0 73 0 3 17 2 0 0 0 2 0 3 6 2 0 1 0 2 0 2 0 2 3 0 0 0 0 3 6 0 0 6 3 0 0 40 0 0 0 0 0 2 3 3 0 0 7 2 2 0 0 3 0 2 0 0 0 20 10 25 16 0 0 0 1 49 58 23 79 11 32 0 21 47 10 25 86 0 0 0 0 0 0 0 0 0 0 0 0 0 0 0 0 0 0 0 0 0 0 0 0 0 0 0 0 0 0 0 0 0 0 0 0 0 0 0 0 0 0 0 0 0 0 0 0 0 0 0 0 0 0 0 0 0 3 0 0 23 35 18 0 0 0 47 0 1 1 0 0 19 23 15 0 18 32 14 0 0 0 0 0 0 0 0 0 0 0 0 0 14 0 0 0 0 0 0 0 0 0 0 11 0 0 0 0 0 0 0 0 0 0 0 0 0 0 0 0 0 0 0 0 0 0 0 0 11 0 0 0 0 0 0 0 0 0 0 0 0 0 0 0 0 0 4 1 1 0 0 2 0 0 0 0 0 0 0 0 0 0 0 0 0 0 0 0 3 0 0 0 0 0 0 16 5 0 0 0 0 0 0 0 0 0 0 0 0 0 
 126 374 246 164 102 73 251 96 220 445 226 77 244 210 0 295 381 217 254 289 0 0 1 0 0 0 2 0 2 0 1 1 76 0 2 5 0 78 35 0 0 0 2 0 0 6 3 0 0 4 0 1 0 0 4 0 0 0 7 2 3 0 0 0 0 0 3 0 4 0 49 0 0 0 0 0 0 0 3 3 1 11 0 16 44 20 19 10 0 0 87 0 0 31 8 10 26 0 9 24 0 0 0 3 0 2 22 2 0 0 0 0 7 0 0 0 0 12 10 25 0 0 0 0 0 0 1 0 0 0 0 0 0 0 0 0 0 0 0 0 0 0 0 0 0 1 0 0 0 0 0 12 0 0 0 0 0 0 0 0 0 0 29 13 0 14 11 18 0 1 24 9 2 60 35 11 5 17 0 0 0 7 0 0 0 0 0 0 0 0 0 0 0 0 0 0 0 0 0 0 2 0 1 0 0 0 0 0 0 2 0 0 0 0 0 0 0 0 0 0 0 0 0 0 1 0 0 0 0 0 0 0 0 0 2 0 0 0 0 0 0 12 0 0 0 1 5 0 51 0 0 2 0 0 0 0 0 0 0 1 0 0 18 0 0 0 0 0 0 0 0 0 0 0 0 0 0 0 0 0 0 0 0 0 0 0 0 0 0 0 
 226 361 292 77 144 269 130 70 259 467 294 220 273 55 295 0 386 180 149 134 0 0 0 0 0 0 1 0 2 0 1 0 3 0 2 3 0 2 76 0 0 0 2 0 0 2 0 0 0 0 71 3 0 0 3 1 0 0 1 64 1 0 0 0 0 46 3 0 0 0 0 0 0 0 29 1 0 0 0 0 48 52 17 31 20 10 19 9 14 13 28 14 2 106 20 22 9 12 23 0 0 0 0 0 0 1 34 12 2 0 0 0 1 0 0 0 0 0 19 13 0 0 0 0 0 2 10 0 10 0 0 0 0 0 0 0 0 0 0 0 0 0 3 0 12 1 0 0 0 0 0 0 0 0 0 0 0 2 0 0 11 21 22 8 0 9 0 9 0 0 0 0 1 19 21 31 0 0 0 0 0 0 0 0 0 0 0 0 1 0 0 0 0 0 0 0 0 0 0 0 0 0 2 0 0 0 0 0 0 0 0 0 0 0 0 0 0 0 0 0 1 0 0 0 0 0 0 0 0 0 0 0 0 0 0 0 0 0 0 0 0 9 0 0 0 0 14 0 91 2 1 2 0 0 0 0 0 0 0 0 0 0 0 0 0 0 0 0 0 0 0 0 0 0 0 39 34 3 0 0 0 0 0 0 0 0 0 0 0 0 
 245 259 212 175 49 307 24 323 414 620 178 492 90 43 381 386 0 271 114 26 0 0 0 0 0 0 0 0 2 0 0 0 341 0 0 3 0 0 1 0 0 0 2 0 0 2 1 0 0 0 37 3 7 0 3 0 0 0 0 0 1 0 0 0 0 3 3 0 0 0 0 0 0 0 0 0 0 1 0 0 1 1 30 0 78 40 0 1 0 10 21 5 0 1 0 0 0 14 0 12 18 0 0 0 0 0 37 0 0 0 0 0 10 10 16 0 0 0 12 1 0 0 0 0 0 0 0 0 0 0 0 0 0 0 0 0 0 0 0 0 0 0 0 1 0 0 0 0 0 0 0 0 0 0 0 0 0 0 0 3 0 6 0 21 16 19 0 0 32 31 14 14 0 2 12 2 0 11 0 0 2 49 0 0 0 0 20 0 11 0 0 0 0 0 0 0 0 0 50 17 0 0 11 0 0 0 0 0 0 0 0 0 0 11 0 0 0 0 0 0 0 0 0 0 0 0 0 0 0 0 2 0 0 0 0 0 0 0 0 0 0 8 0 0 0 4 0 0 1 86 13 0 20 2 40 0 0 0 0 0 0 0 0 0 0 0 0 0 0 0 0 0 0 0 0 0 0 0 0 0 0 0 0 0 0 0 0 0 0 0 
 62 50 200 186 37 138 88 348 127 155 59 254 130 108 217 180 271 0 33 125 2 0 1 0 0 0 0 0 2 0 0 0 2 0 0 3 1 0 73 1 0 0 2 0 0 2 0 0 0 0 68 3 0 0 3 0 0 0 3 0 1 0 0 0 0 0 3 0 0 0 0 0 0 0 1 0 0 0 0 1 0 22 45 0 70 15 16 0 17 19 28 56 10 36 4 0 7 15 0 26 0 0 0 0 0 0 7 0 0 0 0 0 10 0 0 0 0 0 30 27 0 0 0 0 0 0 0 0 0 0 0 0 0 0 0 0 0 0 0 0 0 0 1 0 0 0 0 0 0 0 0 0 0 0 0 0 7 12 0 0 0 14 0 25 0 4 9 13 15 0 0 0 16 19 21 42 0 58 0 18 0 2 0 0 0 0 0 0 0 0 0 0 0 0 0 0 0 0 8 0 0 0 0 0 0 0 0 0 0 0 0 0 0 0 0 0 0 0 0 0 0 0 0 0 0 0 0 0 0 0 0 0 0 0 0 0 0 0 0 0 0 4 0 0 0 3 3 1 2 5 0 4 0 0 0 0 0 0 0 0 0 0 0 0 0 0 0 0 0 0 0 0 0 0 0 10 0 0 0 0 0 0 0 0 0 0 0 0 0 0 
 143 132 136 87 61 54 157 163 89 72 39 253 167 129 254 149 114 33 0 312 2 0 0 1 0 0 3 0 5 0 0 2 5 0 0 6 0 0 5 0 0 0 4 0 0 2 0 0 32 0 0 3 2 0 3 0 0 0 0 0 2 0 0 0 0 0 3 0 0 3 0 0 0 0 0 0 0 0 0 3 39 55 0 5 0 0 59 23 57 0 0 0 25 23 74 15 11 0 45 5 0 0 0 0 0 0 0 0 0 2 0 0 0 0 0 0 0 0 0 0 0 0 0 0 0 0 0 0 0 0 0 0 0 0 0 0 0 0 0 0 0 0 0 0 0 0 0 0 0 0 0 0 0 0 0 3 2 0 0 0 11 1 0 0 0 0 10 10 30 14 0 0 13 0 0 10 17 0 0 26 0 0 2 0 0 0 0 0 0 0 0 0 0 0 2 0 0 0 0 0 0 0 0 0 0 0 0 0 0 0 0 0 0 0 0 0 0 0 0 0 0 0 0 0 0 0 0 0 0 0 0 0 0 0 0 0 0 0 0 0 0 0 0 0 1 4 0 0 2 2 0 10 0 0 0 0 0 0 0 0 0 0 0 0 0 0 0 0 0 0 0 0 0 0 0 0 20 0 0 0 0 0 0 0 0 0 0 0 0 0 
 222 128 58 69 60 45 163 472 105 67 55 27 75 172 289 134 26 125 312 0 0 0 0 0 0 0 2 0 2 2 0 0 2 0 2 3 0 2 0 0 0 0 2 0 0 3 0 0 0 0 0 3 0 0 46 0 0 0 0 0 0 0 0 0 0 0 3 0 0 0 0 0 0 0 0 42 0 0 0 0 9 2 0 8 0 0 26 25 51 49 0 0 32 27 17 16 0 0 19 11 0 0 0 0 0 0 0 0 0 0 0 0 0 0 0 0 0 0 0 0 0 0 0 0 0 0 0 0 0 0 0 0 0 0 0 0 0 0 0 0 0 0 0 0 0 0 0 0 0 0 0 0 0 0 0 8 4 1 0 0 28 12 0 19 0 0 37 32 19 0 0 0 0 14 0 10 13 0 20 11 0 9 0 0 0 0 30 0 0 0 0 0 0 0 0 0 0 0 0 0 0 0 0 0 0 0 0 0 6 0 0 0 0 0 0 0 0 0 0 0 11 0 0 0 0 0 0 0 0 0 0 0 0 0 0 0 0 0 0 0 0 0 0 0 0 4 0 0 0 2 0 9 0 0 0 0 0 0 0 0 0 0 0 0 0 0 0 0 0 0 0 0 0 0 0 0 17 0 0 0 0 0 0 0 0 0 0 0 0 0 
 0 3 0 1 0 39 2 0 0 1 1 0 2 0 0 0 0 2 2 0 0 239 174 60 125 339 179 212 261 117 275 45 309 141 376 362 436 70 132 287 0 3 0 2 3 0 0 2 0 2 4 2 2 0 0 2 5 3 0 1 4 0 0 1 0 1 2 0 3 3 2 0 0 2 4 0 0 0 7 5 0 0 0 0 0 0 0 0 0 0 0 0 0 0 0 0 0 0 0 0 20 18 0 2 27 22 0 4 15 0 8 1 0 13 13 0 23 17 0 9 0 0 0 0 0 0 2 0 0 0 0 0 2 0 12 0 0 0 0 0 0 0 0 10 0 0 0 0 0 0 0 0 0 0 0 0 0 0 0 0 0 0 0 0 1 21 43 1 10 9 0 0 0 0 1 5 0 0 0 0 8 12 12 46 0 0 33 0 75 15 40 24 9 24 18 16 13 2 0 0 0 0 11 0 0 0 2 2 0 0 0 0 0 0 18 0 0 0 1 12 0 0 0 0 0 0 0 0 0 0 0 0 0 0 0 0 2 0 0 0 0 0 0 0 0 0 0 2 1 0 0 2 0 0 7 1 2 0 0 0 1 21 0 0 2 0 0 0 0 0 0 0 0 0 0 0 0 0 0 0 0 1 0 0 0 0 0 0 0 0 
 0 0 0 0 74 0 0 0 0 93 0 0 0 0 0 0 0 0 0 0 239 0 414 368 36 29 169 58 347 129 322 24 141 350 206 256 228 58 191 212 0 0 0 1 0 1 0 0 0 3 2 0 0 2 0 0 2 0 0 2 0 0 0 0 0 1 0 0 0 3 0 26 0 7 2 12 0 0 3 3 0 0 0 0 0 0 0 0 0 0 0 0 0 0 0 15 0 0 0 0 29 0 32 11 9 16 13 38 7 21 13 0 0 0 0 0 16 25 6 2 0 0 0 0 0 0 12 0 0 0 0 0 8 13 0 0 0 0 0 0 0 0 0 0 0 0 2 0 0 0 3 24 0 0 0 0 0 0 0 0 0 0 0 0 16 0 0 5 0 0 0 0 0 0 0 2 0 0 0 0 11 7 27 42 17 9 10 24 19 9 21 11 0 28 38 75 28 19 0 1 9 37 0 0 0 0 15 6 0 0 0 0 0 0 0 0 0 0 0 0 0 0 0 0 0 0 0 0 0 0 0 0 0 0 0 0 0 0 0 0 0 0 0 0 0 1 0 0 0 0 0 0 0 0 13 0 1 76 0 2 4 0 0 0 1 0 11 1 0 0 0 0 0 0 2 0 0 0 0 21 0 7 0 0 0 1 13 0 0 0 
 78 2 1 0 0 0 2 0 0 0 0 0 0 4 1 0 0 1 0 0 174 414 0 410 148 447 147 131 163 658 182 141 158 149 90 45 159 133 20 58 0 0 0 0 0 0 0 0 0 2 79 0 63 0 0 0 3 0 0 1 0 0 0 0 0 0 0 0 0 3 0 0 0 2 3 0 0 0 2 32 0 6 0 0 0 0 0 0 0 0 2 0 0 0 0 0 0 0 0 0 0 16 32 33 12 22 0 0 14 14 18 22 3 0 0 35 21 51 0 0 15 0 0 5 0 0 0 0 0 0 0 0 29 19 0 11 0 0 1 0 0 0 0 0 0 0 4 2 0 0 0 0 0 0 13 0 0 0 0 0 0 0 0 0 0 0 0 0 0 0 2 0 2 0 0 0 0 8 2 0 26 1 1 10 31 20 10 11 0 40 88 28 0 14 25 0 11 50 2 0 21 20 0 0 15 0 9 19 0 0 0 0 9 21 39 0 0 0 18 28 0 0 0 0 0 0 0 0 0 0 0 0 0 0 0 0 0 0 0 0 0 0 0 0 0 0 0 0 0 0 0 0 0 1 6 0 2 116 0 4 17 0 0 0 0 0 0 0 0 0 0 0 0 0 0 0 0 0 0 9 0 9 0 0 0 15 0 0 0 0 
 0 0 0 0 0 2 2 0 3 0 0 34 0 0 0 0 0 0 1 0 60 368 410 0 280 181 88 67 372 217 136 185 75 70 71 129 103 134 354 83 0 0 0 3 0 0 2 0 0 2 0 0 0 36 0 0 4 0 64 68 49 2 0 1 0 0 0 0 0 8 0 0 1 0 3 0 0 1 2 3 0 0 0 0 0 0 0 0 0 0 0 0 0 0 0 1 0 0 0 0 0 9 20 0 18 11 1 0 1 8 11 31 0 0 0 10 21 1 0 0 9 13 0 0 0 0 13 35 0 1 0 0 30 11 1 0 0 42 21 25 0 0 0 0 0 0 6 0 0 0 0 0 0 0 0 2 0 0 0 13 2 0 0 0 0 0 0 0 13 0 0 0 0 0 0 0 0 1 0 0 1 0 0 12 29 7 2 0 0 0 14 13 2 0 0 9 0 35 0 0 28 34 8 0 1 0 32 25 0 2 0 1 0 1 8 0 0 18 23 19 0 0 0 0 0 0 0 1 0 0 0 0 0 0 0 0 0 0 0 0 0 0 2 0 0 0 0 0 0 0 0 0 0 0 4 0 0 40 77 2 4 0 0 0 0 0 0 0 0 0 0 0 0 0 0 0 0 0 0 11 0 0 0 0 0 0 0 0 0 0 
 0 0 0 0 4 0 0 0 2 1 0 0 0 73 0 0 0 0 0 0 125 36 148 280 0 235 210 134 154 175 359 359 82 721 113 142 267 115 91 50 0 0 0 0 4 5 0 0 0 2 6 6 64 0 0 33 4 0 0 1 0 0 0 1 0 0 0 0 0 4 1 0 0 1 3 0 1 0 2 8 0 0 0 0 0 0 0 0 0 0 0 0 0 0 0 2 0 0 0 0 2 20 1 7 45 0 1 10 17 20 16 11 0 0 0 18 15 18 0 0 21 0 0 0 0 0 0 0 0 15 0 0 8 0 0 0 0 2 10 9 0 0 0 0 0 0 23 0 0 0 5 0 0 0 0 0 0 0 1 0 0 0 0 0 0 0 0 0 0 0 0 0 0 0 0 0 0 2 0 0 16 0 10 1 6 12 1 15 0 9 29 1 0 1 0 0 0 0 0 0 16 13 0 0 2 0 0 2 0 0 0 0 0 10 19 0 0 0 19 30 0 0 0 0 0 0 0 0 0 0 0 0 0 0 0 0 0 0 0 0 0 0 1 0 0 0 0 0 0 0 0 0 0 0 14 1 1 3 5 0 2 1 0 0 0 0 0 0 0 0 0 0 0 0 0 0 0 0 0 0 0 0 0 0 1 0 0 0 0 0 
 0 4 0 1 2 0 2 1 5 0 2 0 76 0 0 0 0 0 0 0 339 29 447 181 235 0 30 337 131 157 216 221 28 121 107 92 429 92 42 60 62 0 0 0 0 0 0 56 0 2 0 0 131 30 2 0 6 0 0 1 0 2 2 0 0 0 0 0 0 3 0 0 0 2 3 2 0 1 5 8 0 0 0 0 0 1 0 0 0 0 0 0 0 0 0 0 0 0 2 0 0 12 0 12 8 12 0 0 9 32 28 14 0 0 0 11 68 13 0 0 38 0 0 0 0 0 0 12 0 4 10 0 9 0 1 11 0 12 11 0 0 1 0 2 0 0 3 0 0 0 1 0 0 0 0 0 0 0 0 0 0 0 0 1 0 0 0 0 0 0 1 0 0 0 0 0 0 0 0 0 12 0 11 18 12 15 0 13 0 11 60 1 0 0 0 0 0 14 0 0 5 9 32 0 0 0 0 6 63 0 0 0 0 14 54 12 0 0 48 35 0 0 0 0 0 0 0 0 0 0 0 1 0 0 0 0 0 0 0 0 0 0 0 0 0 0 0 0 0 0 0 0 0 0 0 5 4 90 5 0 2 0 0 0 0 0 0 0 0 0 0 0 0 0 0 0 0 0 0 0 0 0 0 0 12 0 0 27 0 0 
 76 1 4 0 0 0 1 0 2 0 0 0 1 3 2 1 0 0 3 2 179 169 147 88 210 30 0 268 49 307 98 29 333 255 190 192 237 28 298 55 0 0 0 0 0 0 0 0 0 29 1 0 0 0 0 0 3 0 0 0 0 0 0 0 0 0 0 0 0 3 0 0 0 0 3 0 1 0 2 3 0 0 0 0 0 13 0 0 0 0 0 0 0 0 0 0 0 0 0 0 8 27 11 18 9 8 0 33 0 41 24 9 0 13 0 21 28 20 58 0 0 0 0 0 0 5 0 0 0 0 0 0 0 0 0 0 0 0 0 0 0 0 0 0 0 2 0 1 0 10 3 0 0 0 0 0 0 0 0 0 0 0 0 0 0 1 0 0 0 0 0 0 0 0 0 1 0 0 0 0 69 9 38 12 2 4 29 26 18 80 25 29 0 13 17 27 61 0 0 14 0 10 0 0 1 0 0 0 0 0 0 0 1 0 0 0 0 0 0 2 2 26 0 0 0 0 0 0 2 0 0 0 0 0 0 0 0 0 0 0 0 0 0 0 0 0 0 0 0 0 0 0 0 2 7 2 0 0 0 1 2 0 0 0 0 0 0 0 0 0 0 0 0 0 0 0 0 0 0 0 0 18 0 0 0 0 0 0 0 0 
 0 0 205 74 0 74 0 0 3 0 74 0 0 17 0 0 0 0 0 0 212 58 131 67 134 337 268 0 151 321 42 47 232 240 49 52 209 115 229 317 0 0 0 0 6 0 0 0 0 2 1 6 1 0 0 0 3 0 0 1 0 0 0 0 0 0 0 0 29 3 0 0 0 1 3 0 0 0 2 3 0 0 0 2 5 9 0 12 0 0 0 14 0 0 0 0 0 0 0 0 0 30 0 33 1 0 0 1 29 16 0 9 43 0 18 54 26 14 23 20 0 0 0 0 0 0 0 0 0 0 0 0 1 0 0 0 0 0 2 0 0 0 0 0 0 0 0 0 0 0 0 0 0 0 0 0 0 2 2 0 0 0 0 1 48 0 0 0 0 0 0 0 0 0 0 0 14 0 0 0 47 0 21 5 12 17 12 27 19 50 75 10 16 0 1 1 0 19 0 34 0 0 1 0 0 0 0 0 0 0 0 0 0 0 33 0 0 0 1 15 0 0 0 0 0 0 0 0 11 0 0 0 0 0 0 0 0 2 0 0 0 0 0 0 0 0 0 0 0 0 0 0 0 0 3 0 0 0 0 1 21 20 0 0 0 0 0 0 0 0 0 0 0 0 0 0 0 2 0 0 0 0 0 0 0 0 0 0 0 0 
 2 2 2 2 67 2 2 2 5 2 17 2 2 2 2 2 2 2 5 2 261 347 163 372 154 131 49 151 0 72 43 71 122 132 181 300 39 119 84 374 0 0 0 0 4 0 0 0 0 1 2 1 0 0 0 0 3 1 0 0 0 0 0 0 0 0 0 0 0 3 51 0 0 4 3 1 0 0 2 3 0 0 0 13 14 2 0 0 0 0 0 14 0 0 2 0 0 1 1 0 0 43 16 13 7 0 0 10 14 37 5 9 13 2 20 1 14 18 48 21 0 0 0 0 0 0 12 0 22 0 15 0 20 19 0 0 2 0 15 0 0 1 0 0 0 0 11 0 1 2 3 0 0 0 0 0 0 0 0 0 0 0 0 2 20 0 0 0 0 0 2 9 0 0 0 0 0 0 0 0 34 0 2 12 24 10 0 8 0 0 20 1 0 2 16 50 16 23 0 20 10 8 0 0 0 0 9 7 0 0 0 0 0 0 14 0 0 0 10 31 0 0 0 0 0 0 0 0 0 2 0 2 0 0 0 0 0 0 0 0 0 0 0 0 0 0 0 0 0 0 0 0 0 0 5 1 1 151 74 0 0 0 0 0 0 0 14 0 0 0 0 0 0 0 0 0 0 0 0 9 0 0 0 0 0 0 10 0 0 0 
 0 0 0 41 0 1 1 0 0 0 0 0 0 0 0 0 0 0 0 2 117 129 658 217 175 157 307 321 72 0 145 128 60 240 171 82 198 45 94 63 0 2 0 2 0 0 2 1 0 2 3 0 96 0 0 0 4 0 0 1 2 0 0 0 1 0 0 0 0 3 0 2 1 1 3 0 2 0 4 8 0 0 0 0 0 0 0 0 0 0 0 0 0 0 0 0 0 0 0 0 24 0 32 0 44 0 0 12 20 30 26 10 0 0 0 4 17 28 0 0 16 0 0 0 0 0 0 0 1 0 0 0 12 16 0 0 0 0 9 10 0 0 0 0 0 0 0 0 0 0 3 0 0 0 2 0 0 0 0 0 0 0 0 0 0 0 0 0 0 0 0 0 0 0 0 0 0 0 0 0 13 14 9 0 31 25 0 42 0 18 37 10 0 0 31 4 0 3 14 0 1 18 0 0 0 0 3 0 0 0 0 0 0 19 20 0 0 0 11 25 0 0 50 1 0 0 0 0 0 0 0 0 0 0 0 0 0 0 0 0 0 0 0 0 0 0 0 0 0 0 0 0 0 0 13 0 0 80 3 1 2 0 1 0 0 0 0 0 0 0 0 0 1 0 0 0 0 0 0 2 0 4 0 0 2 14 0 0 0 0 
 0 0 0 3 5 0 0 0 2 0 0 2 65 0 1 1 0 0 0 0 275 322 182 136 359 216 98 42 43 145 0 334 77 259 305 152 100 220 98 69 0 0 0 0 0 0 2 0 0 2 3 0 55 0 0 0 3 0 3 3 0 0 0 44 0 0 0 7 1 3 0 0 0 2 3 2 0 2 2 6 0 0 0 0 2 0 0 0 0 0 0 0 0 0 0 0 0 0 0 0 30 19 26 20 26 18 0 12 6 38 56 33 1 0 42 9 18 55 0 0 10 0 0 0 0 0 12 0 0 0 0 0 0 0 0 0 0 0 5 0 0 0 0 0 0 0 7 0 0 0 3 0 0 0 0 0 0 0 0 0 0 0 0 0 0 12 0 0 0 0 0 0 0 0 0 1 0 0 0 0 27 25 18 31 20 0 16 18 13 43 1 15 0 37 6 0 15 21 0 0 0 16 15 0 0 0 0 0 0 0 0 0 8 4 0 4 0 0 5 20 0 0 0 0 0 0 9 0 1 0 0 0 0 0 0 0 0 0 14 7 0 0 0 0 0 0 0 0 2 0 0 1 0 0 5 0 0 149 1 2 14 0 0 0 0 0 0 0 0 0 0 0 0 0 0 0 2 0 0 0 0 18 0 0 0 2 0 0 0 2 
 0 25 0 3 0 0 0 0 2 0 0 2 0 0 1 0 0 0 2 0 45 24 141 185 359 221 29 47 71 128 334 0 24 38 23 42 57 116 54 30 18 0 1 0 0 0 63 62 0 2 0 0 114 60 125 0 3 0 0 3 0 0 0 0 0 0 0 0 0 3 0 0 0 1 3 0 0 0 2 7 0 0 0 0 0 0 0 2 0 0 0 0 0 0 0 0 0 0 0 0 0 0 30 22 55 10 0 0 0 18 12 1 0 0 0 0 14 0 0 0 17 1 0 0 0 0 10 15 8 0 1 2 10 0 0 20 0 19 14 9 0 0 0 0 0 0 0 0 0 0 0 0 0 0 0 0 0 0 0 0 0 0 0 0 0 0 0 0 0 0 0 0 0 2 0 0 0 0 0 0 0 0 1 0 0 22 0 0 0 13 2 6 0 0 0 0 1 0 0 0 0 26 12 13 0 0 16 0 11 0 0 0 31 36 29 0 0 13 77 4 0 0 0 0 0 0 0 0 0 0 0 0 0 0 0 0 0 0 0 0 0 0 0 0 0 0 0 0 0 0 0 0 0 0 2 1 0 75 78 1 0 2 0 0 0 0 0 0 0 0 0 0 0 0 0 0 0 0 0 0 0 0 0 0 2 0 0 8 0 0 
 2 2 2 20 3 2 2 2 283 2 2 78 2 2 76 3 341 2 5 2 309 141 158 75 82 28 333 232 122 60 77 24 0 107 163 402 156 194 366 315 0 0 0 0 0 0 0 0 0 3 1 0 0 0 0 2 2 0 2 63 2 0 0 50 0 0 0 0 0 3 0 0 0 2 4 0 0 0 3 3 0 0 0 0 12 9 0 2 0 0 11 0 0 0 0 0 0 0 0 0 52 27 1 36 9 20 0 9 18 35 25 35 0 17 0 23 19 36 1 0 0 0 0 0 0 0 0 0 0 0 0 2 0 0 0 2 0 0 0 2 0 0 0 0 0 0 0 0 0 0 0 0 0 0 0 0 0 0 0 3 0 0 0 0 0 26 0 1 0 0 1 16 0 2 0 12 0 0 0 0 30 33 19 48 9 4 18 14 28 25 10 16 0 57 11 18 38 31 0 10 0 0 9 2 0 0 0 0 0 0 0 7 0 1 2 0 0 9 0 1 9 0 0 0 0 0 0 0 0 0 0 0 0 0 0 0 0 0 0 0 0 0 0 0 0 0 0 0 0 0 0 0 0 0 11 2 0 0 0 0 17 1 0 0 0 0 0 0 0 0 0 0 0 0 0 0 0 0 0 0 0 15 0 0 0 0 0 0 0 0 
 0 0 0 4 0 0 0 0 0 0 1 0 1 0 0 0 0 0 0 0 141 350 149 70 721 121 255 240 132 240 259 38 107 0 322 47 50 143 266 158 32 0 0 0 1 0 0 0 0 2 2 0 14 0 63 0 3 0 0 1 0 0 0 0 0 0 0 0 0 3 0 0 0 0 3 0 0 0 2 5 0 0 0 0 8 6 0 0 0 0 0 23 0 0 0 0 0 0 0 0 41 46 10 29 24 0 0 1 24 42 22 7 11 0 13 13 3 37 7 12 22 1 0 0 0 0 1 0 0 0 0 0 0 0 0 0 0 0 0 0 0 0 0 0 0 0 0 0 0 0 6 0 0 0 0 0 0 0 0 0 0 0 0 0 13 0 0 2 0 0 0 2 0 0 0 4 12 0 0 0 34 1 9 19 21 1 7 28 0 62 48 16 12 29 34 10 0 21 0 40 0 0 0 0 0 0 0 0 0 0 0 2 0 1 0 0 0 0 0 21 0 0 0 0 0 2 0 0 0 0 0 0 0 0 0 0 0 0 0 0 0 0 0 0 0 0 0 0 0 0 0 0 0 0 5 0 2 0 0 0 93 0 0 0 0 0 0 0 0 0 0 0 0 0 0 0 0 0 0 0 0 0 0 0 0 0 0 0 0 0 
 0 2 0 0 59 0 2 2 0 0 6 0 0 3 2 2 0 0 0 2 376 206 90 71 113 107 190 49 181 171 305 23 163 322 0 194 61 244 163 112 0 1 0 5 0 0 0 0 0 2 0 0 0 0 0 0 3 0 0 1 0 8 0 0 0 28 0 0 0 3 0 0 0 21 3 0 0 0 2 7 0 0 0 0 0 0 0 0 0 0 0 0 0 0 0 0 0 0 0 0 37 3 12 16 11 1 0 27 28 78 8 23 9 18 0 1 0 20 9 0 11 0 0 0 0 0 0 0 0 0 0 0 10 2 0 0 0 0 0 14 0 0 0 0 0 0 7 0 0 0 3 0 0 0 0 0 0 0 0 2 0 13 0 0 0 41 0 3 0 0 0 9 0 0 0 5 0 0 0 0 34 10 0 38 44 0 11 0 22 18 11 0 0 29 19 14 28 15 0 11 0 1 0 0 0 0 0 0 0 0 0 0 12 0 0 6 0 0 25 1 0 0 0 1 13 0 0 0 0 0 0 0 0 0 0 0 0 0 0 0 0 0 11 0 0 0 0 0 0 0 0 0 0 0 0 0 0 2 75 1 0 0 0 0 0 0 12 0 0 0 0 0 0 0 0 0 0 0 0 0 0 0 0 0 0 0 12 0 0 1 
 3 3 2 2 62 77 2 3 6 3 6 3 2 6 5 3 3 3 6 3 362 256 45 129 142 92 192 52 300 82 152 42 402 47 194 0 356 400 132 111 0 0 0 0 0 0 0 0 207 2 2 0 0 0 0 0 3 0 0 1 0 0 0 0 0 0 0 0 0 3 0 0 0 2 3 0 0 0 2 3 0 0 0 0 0 1 0 0 0 0 0 4 0 0 0 0 0 0 0 0 13 49 0 6 2 22 11 26 0 33 0 24 9 21 0 1 17 42 8 0 0 0 0 1 0 0 0 0 0 0 0 0 0 0 0 0 0 0 0 0 0 0 0 0 0 0 10 0 0 0 3 0 0 0 0 0 0 0 0 0 0 0 0 0 0 13 0 6 0 1 0 9 0 0 12 11 0 0 1 0 31 0 3 28 13 0 8 0 27 1 38 10 0 13 16 17 30 16 15 9 0 0 0 0 0 0 0 0 0 0 0 0 0 0 0 0 0 0 8 21 0 0 0 0 0 0 0 0 0 0 0 0 1 0 0 0 0 0 0 0 0 0 0 0 0 0 0 0 0 0 0 0 1 0 2 0 2 76 0 0 5 2 0 0 0 0 12 0 0 0 0 0 0 0 0 0 0 0 0 0 0 0 0 0 0 0 9 0 0 0 
 0 0 1 0 2 84 1 0 1 0 0 0 0 2 0 0 0 1 0 0 436 228 159 103 267 429 237 209 39 198 100 57 156 50 61 356 0 212 131 213 1 0 0 0 0 0 0 62 0 2 1 0 1 68 0 0 3 0 0 1 0 0 0 0 0 0 0 0 0 3 0 0 0 5 3 0 0 0 2 3 0 0 0 0 0 0 0 0 0 0 0 0 0 0 0 0 0 0 0 0 1 1 42 44 0 32 0 10 12 30 40 6 0 0 0 54 42 38 22 11 32 0 0 0 0 0 10 0 0 0 0 0 0 0 0 7 0 0 2 0 0 0 0 1 0 0 0 1 0 0 0 0 0 0 0 0 0 0 0 0 10 0 0 0 10 1 0 0 0 0 0 0 0 0 0 0 0 17 0 0 13 8 38 53 15 15 31 39 25 24 22 54 0 9 2 12 15 29 1 0 0 0 9 0 0 0 0 0 0 0 0 0 2 0 2 0 0 0 0 0 1 0 0 0 0 0 0 0 0 0 0 0 0 0 0 0 0 0 0 0 0 0 0 0 0 0 0 0 0 0 0 2 0 2 7 0 0 0 2 0 18 14 0 0 0 0 13 0 0 0 0 0 0 0 0 0 0 0 0 0 0 17 0 0 0 0 1 0 0 0 
 0 0 0 3 73 0 4 0 2 1 0 0 0 0 78 2 0 0 0 2 70 58 133 134 115 92 28 115 119 45 220 116 194 143 244 400 212 0 112 175 0 0 0 3 0 0 0 0 0 2 0 2 0 0 0 0 3 0 0 1 0 0 2 0 0 0 0 0 0 3 0 0 0 4 3 0 0 0 2 3 0 0 0 0 0 0 0 10 0 0 0 0 0 0 0 0 0 0 0 0 13 21 35 27 21 0 0 0 25 20 6 29 0 18 24 6 0 34 6 0 0 0 0 0 0 0 0 15 0 0 0 0 10 0 0 0 0 0 10 0 0 0 0 0 0 0 7 0 0 0 3 0 0 0 0 0 0 0 0 0 0 0 0 0 0 17 0 0 0 0 0 0 0 0 0 0 0 0 0 0 18 18 20 11 32 0 0 27 22 10 1 13 0 5 12 13 14 35 0 0 0 0 0 0 11 14 0 0 0 0 0 0 13 1 0 0 0 0 13 21 0 0 0 0 0 0 0 0 0 0 0 0 0 0 0 0 0 0 0 2 0 0 15 0 0 0 0 0 0 0 0 0 0 0 4 0 5 76 80 3 10 0 0 0 0 0 8 0 0 0 0 0 0 0 0 0 0 0 0 0 0 0 0 0 0 0 12 0 0 0 
 1 2 90 0 0 24 2 0 33 0 0 2 0 1 35 76 1 73 5 0 132 191 20 354 91 42 298 229 84 94 98 54 366 266 163 132 131 112 0 422 0 0 0 0 0 0 0 0 0 2 0 0 201 0 0 0 3 0 7 1 0 19 0 0 0 0 0 0 0 3 0 0 0 14 3 0 0 0 2 3 0 0 0 15 0 34 0 0 0 0 0 0 0 19 9 0 0 0 0 0 13 32 0 29 0 0 9 0 42 15 9 21 0 20 1 10 44 8 40 13 0 0 0 0 0 0 0 0 0 0 0 0 0 0 0 0 0 0 0 0 0 0 0 1 0 0 1 1 0 0 0 0 0 0 1 0 0 0 0 0 0 0 0 0 13 21 0 3 0 13 20 0 0 1 49 35 0 0 0 0 6 19 49 42 2 22 80 11 36 10 3 1 23 14 4 24 15 9 0 7 0 0 0 18 0 0 0 0 0 0 0 0 2 0 0 0 0 0 0 0 0 0 0 0 0 0 0 0 0 0 0 0 0 0 0 0 0 0 0 0 0 8 0 0 0 0 0 0 0 0 0 0 0 2 2 0 2 0 0 2 11 11 14 0 0 0 11 0 0 0 0 0 0 0 0 0 0 0 0 0 0 0 0 0 0 0 0 0 0 0 
 0 0 1 135 68 158 0 0 2 81 165 0 0 0 0 0 0 1 0 0 287 212 58 83 50 60 55 317 374 63 69 30 315 158 112 111 213 175 422 0 0 0 1 0 4 0 0 0 0 3 1 3 0 0 0 0 3 0 0 2 0 0 0 0 0 0 0 0 0 3 0 0 0 6 2 0 0 0 3 3 0 0 0 4 8 0 0 0 0 1 0 17 0 0 1 0 0 4 0 1 13 18 28 11 10 0 13 42 0 14 1 0 36 69 17 1 9 1 29 11 0 0 10 0 0 0 0 0 0 0 0 0 0 0 0 0 0 0 0 0 0 0 0 24 0 0 0 0 2 0 2 0 0 0 0 0 2 0 0 4 0 0 0 0 18 30 0 8 0 1 16 11 0 0 0 0 0 0 0 0 14 11 0 15 0 0 7 22 95 2 0 9 1 20 7 29 21 15 60 25 0 0 0 0 0 0 0 0 0 2 0 0 0 0 0 0 0 0 0 0 0 0 0 0 0 0 0 1 0 0 0 0 0 30 0 0 0 0 2 0 0 1 0 0 0 0 0 0 0 0 0 1 0 0 14 3 0 0 0 1 9 26 0 0 0 0 14 0 0 0 0 0 0 0 0 0 0 0 0 0 0 0 0 0 0 0 9 0 0 0 
 0 0 0 0 18 0 0 0 0 0 0 0 0 2 0 0 0 0 0 0 0 0 0 0 0 62 0 0 0 0 0 18 0 32 0 0 1 0 0 0 0 196 90 46 65 184 230 487 120 32 38 327 119 145 217 32 114 41 114 47 0 0 0 0 0 0 0 0 0 0 0 0 0 0 0 7 0 0 1 0 0 0 0 0 0 0 0 0 0 0 0 0 0 0 0 0 0 0 0 0 0 0 0 10 0 5 0 0 0 0 0 0 0 0 0 0 1 0 0 0 11 8 29 0 0 10 18 35 34 0 0 8 2 24 23 7 11 45 19 18 0 2 0 0 0 3 0 0 0 0 14 0 0 6 0 0 0 0 14 18 0 0 0 0 2 0 0 0 0 0 0 0 0 0 0 0 0 0 0 0 0 0 25 1 0 0 0 0 0 0 0 0 0 0 0 0 0 0 0 0 38 6 0 9 8 0 20 12 11 8 7 0 10 9 0 9 18 15 6 0 15 0 0 0 0 0 0 1 1 0 0 0 12 0 0 0 0 0 0 14 0 0 10 0 0 0 0 0 0 0 0 13 0 0 0 0 0 0 0 0 0 0 1 0 0 19 2 0 0 0 0 0 0 0 0 0 0 0 0 1 0 0 0 0 0 0 0 9 0 0 
 0 2 0 1 0 0 2 5 0 0 0 0 0 0 0 0 0 0 0 0 3 0 0 0 0 0 0 0 0 2 0 0 0 0 1 0 0 0 0 0 196 0 164 57 39 188 157 194 178 110 246 105 63 93 175 348 183 79 50 32 9 1 0 0 3 3 0 2 1 0 0 0 51 0 0 0 0 0 3 2 0 0 0 0 0 0 0 0 0 0 0 0 0 0 0 0 0 0 0 0 0 0 0 0 0 0 0 0 1 0 0 0 0 0 0 0 0 0 0 0 0 27 72 12 9 18 0 0 13 0 20 8 0 13 0 11 37 0 0 0 5 0 0 0 0 8 19 10 0 0 0 0 1 40 0 0 0 0 0 0 0 0 0 0 4 0 0 0 0 0 0 0 0 3 0 0 0 0 0 0 0 0 0 0 0 0 0 0 0 0 0 0 0 0 0 0 0 0 0 0 0 1 0 6 47 0 0 8 21 16 31 1 0 0 83 30 48 8 0 0 15 0 0 0 4 5 39 39 19 0 0 6 37 0 6 0 0 0 1 9 0 0 0 0 0 0 0 0 0 0 0 17 0 0 0 0 0 0 0 14 0 0 1 1 0 0 5 0 0 0 18 0 0 0 0 3 0 0 0 0 0 0 0 0 47 0 0 0 0 0 
 2 2 2 2 2 2 2 2 48 2 2 2 2 2 2 2 2 2 4 2 0 0 0 0 0 0 0 0 0 0 0 1 0 0 0 0 0 0 0 1 90 164 0 103 46 48 309 99 112 128 184 116 291 139 153 121 60 42 121 262 0 0 0 0 0 0 1 0 0 0 0 0 0 0 0 8 0 0 1 0 0 0 0 0 0 0 0 0 0 0 0 0 0 0 0 0 0 0 8 0 0 0 0 0 0 11 0 0 0 0 0 0 0 0 0 0 0 0 0 8 4 49 34 10 0 12 11 26 26 13 0 4 9 3 33 1 5 34 21 9 0 2 0 0 0 0 27 0 6 0 15 0 13 22 0 0 0 0 0 0 0 0 0 0 4 6 0 0 0 0 0 0 0 3 0 6 0 0 0 0 0 0 0 0 0 12 0 0 0 0 0 0 0 0 0 0 0 0 0 0 20 0 10 0 0 22 33 1 16 0 0 13 0 1 40 3 36 28 0 0 0 0 63 0 0 0 90 21 21 0 0 0 0 8 0 0 0 0 7 0 0 0 4 0 0 0 0 0 0 0 0 3 0 2 0 0 0 0 0 14 0 0 1 67 65 3 2 0 0 0 0 0 0 0 0 0 0 0 0 0 0 0 0 0 24 0 0 0 1 0 
 0 2 0 3 0 0 4 1 0 0 0 0 0 0 0 0 0 0 0 0 2 1 0 3 0 0 0 0 0 2 0 0 0 0 5 0 0 3 0 0 46 57 103 0 145 47 152 298 162 305 51 181 57 104 123 189 163 157 131 203 0 0 0 0 0 0 0 54 0 0 0 0 67 58 5 7 0 0 4 75 0 0 0 0 0 0 0 0 0 0 0 0 0 0 0 0 0 0 0 0 0 0 2 0 0 0 0 12 5 0 0 2 0 0 0 1 1 0 0 0 19 43 0 34 44 0 20 2 21 4 35 14 4 19 5 0 20 2 7 14 17 0 4 0 0 0 0 0 0 10 0 0 0 0 0 0 0 0 26 21 0 0 0 22 0 0 0 0 0 0 0 0 0 0 0 0 0 0 0 0 1 0 0 1 1 0 0 0 0 7 0 0 0 1 0 0 0 6 0 0 22 0 28 4 5 0 0 9 28 0 41 27 31 8 20 0 0 0 3 11 18 0 0 0 0 0 9 0 0 5 0 0 4 16 13 1 0 0 0 0 0 0 4 0 0 0 0 0 0 0 0 5 0 0 0 0 0 0 4 10 0 0 0 0 67 26 2 0 0 0 8 0 0 0 0 0 0 0 0 0 0 0 0 0 9 15 0 0 0 0 
 0 0 0 3 0 0 0 62 0 0 71 0 0 2 0 0 0 0 0 0 3 0 0 0 4 0 0 6 4 0 0 0 0 1 0 0 0 0 0 4 65 39 46 145 0 134 60 62 87 345 91 226 306 336 68 111 173 67 79 86 0 0 17 0 0 0 0 51 0 0 0 1 1 24 50 24 5 1 0 0 0 0 0 0 9 0 0 0 0 0 0 13 0 0 0 0 0 0 0 8 4 5 0 2 0 0 0 0 0 0 0 0 13 4 4 0 0 0 0 1 0 12 10 12 9 8 10 1 0 0 11 20 0 10 0 0 0 0 0 0 0 1 0 0 0 0 0 7 0 3 0 9 0 7 10 0 0 0 15 57 0 0 0 0 14 0 0 0 0 0 0 0 0 0 0 0 0 0 0 0 0 4 0 0 0 0 0 4 8 0 0 0 0 0 0 6 0 0 3 1 0 0 0 0 44 8 0 0 0 0 0 9 0 0 0 0 8 7 0 0 45 10 0 0 0 0 18 5 9 10 13 11 39 6 20 0 46 8 14 6 0 0 0 0 0 0 0 0 0 0 0 16 0 0 0 0 0 0 0 0 0 18 0 2 2 13 0 0 3 0 8 0 0 0 0 0 0 0 0 0 0 0 0 0 0 0 0 0 0 0 
 2 2 2 2 2 3 58 3 2 2 2 2 2 3 6 2 2 2 2 3 0 1 0 0 5 0 0 0 0 0 0 0 0 0 0 0 0 0 0 0 184 188 48 47 134 0 53 259 96 47 195 53 37 268 318 219 297 144 273 268 0 0 0 0 0 0 0 52 0 0 0 0 115 0 1 0 0 0 0 0 0 0 0 0 0 0 0 0 0 0 0 0 0 0 0 0 0 0 0 0 0 6 0 0 0 0 0 0 0 0 0 0 0 0 0 0 0 0 0 0 0 1 32 8 10 12 0 1 12 0 19 11 0 20 0 13 8 0 0 1 9 0 0 0 0 3 0 18 0 0 0 0 10 23 0 0 0 0 20 0 0 0 0 0 4 0 13 0 0 0 0 0 1 3 0 0 0 0 0 0 0 7 0 0 0 0 0 0 0 0 0 0 0 0 0 0 0 0 0 0 0 0 1 2 27 0 0 1 11 8 40 18 0 0 0 32 11 23 0 0 7 1 0 0 0 0 10 28 15 0 0 19 37 0 16 0 0 0 10 27 0 0 0 0 0 0 0 0 0 0 0 6 0 0 0 0 0 0 0 1 0 0 0 0 0 5 0 5 6 0 10 0 0 0 0 0 0 0 0 0 0 0 0 0 7 4 0 0 0 0 
 0 0 0 0 0 0 1 0 0 0 3 0 0 0 3 0 1 0 0 0 0 0 0 2 0 0 0 0 0 2 2 63 0 0 0 0 0 0 0 0 230 157 309 152 60 53 0 181 125 130 133 16 486 68 134 110 294 32 347 252 0 0 0 0 0 0 0 50 0 0 0 0 6 0 9 1 0 0 7 2 0 0 0 0 0 0 0 0 0 3 0 0 0 0 0 0 0 0 0 0 0 0 0 0 0 0 0 0 0 0 0 0 0 0 0 0 0 0 0 0 20 27 15 17 12 0 22 35 14 21 7 6 0 33 0 0 35 20 0 25 6 6 0 6 0 9 3 0 1 6 0 0 0 11 0 0 0 0 17 28 0 1 0 6 0 0 0 0 0 0 0 0 0 0 0 0 0 0 0 0 0 0 0 0 0 0 0 0 0 0 0 0 0 0 0 0 0 0 6 0 36 8 12 39 27 1 0 20 38 6 46 44 23 26 19 15 38 0 23 1 10 0 0 0 0 0 3 8 0 0 0 0 0 1 1 0 0 0 4 15 0 0 0 0 0 0 0 0 0 0 0 4 0 2 0 0 0 0 2 0 0 0 66 0 2 21 2 0 24 0 1 0 2 0 0 0 0 0 0 0 0 0 0 10 0 0 0 8 0 0 
 0 0 0 0 0 0 0 0 0 0 0 0 65 0 0 0 0 0 0 0 2 0 0 0 0 56 0 0 0 1 0 62 0 0 0 0 62 0 0 0 487 194 99 298 62 259 181 0 150 171 33 37 198 459 149 112 267 44 309 109 0 0 0 0 0 0 0 1 0 0 0 0 51 0 3 7 0 0 4 0 0 0 0 0 0 0 0 0 0 7 0 0 0 0 0 0 0 0 0 0 0 0 0 3 0 17 0 0 0 0 8 0 0 0 0 0 9 0 0 0 27 6 25 12 18 0 23 26 32 6 7 0 0 30 0 2 9 22 0 9 0 0 0 0 0 3 0 0 0 0 0 0 0 0 0 0 0 0 15 19 0 0 0 6 0 0 0 0 0 0 0 0 0 0 0 0 8 0 0 0 0 0 0 18 0 0 0 0 0 0 0 0 0 0 0 0 0 0 0 6 24 0 19 5 3 0 1 10 22 9 25 0 23 12 21 24 0 0 14 0 0 0 0 0 0 0 0 0 0 0 0 0 0 0 1 0 0 0 0 11 0 0 0 0 0 0 0 0 0 0 0 8 0 0 0 0 0 0 0 0 0 0 0 0 0 22 2 0 0 0 10 0 0 0 0 0 0 0 0 1 0 0 0 0 7 0 0 8 0 7 
 0 0 0 0 0 0 0 0 0 0 2 0 0 0 0 0 0 0 32 0 0 0 0 0 0 0 0 0 0 0 0 0 0 0 0 207 0 0 0 0 120 178 112 162 87 96 125 150 0 133 158 81 134 104 345 184 61 104 304 73 0 0 32 0 0 0 0 2 1 3 1 0 125 0 6 4 0 0 4 5 0 0 0 0 0 0 0 0 0 0 0 0 0 0 0 0 0 0 0 0 0 0 0 0 0 0 0 0 0 0 0 0 0 0 0 0 0 0 0 0 0 0 22 7 20 26 0 0 24 11 23 10 0 14 0 0 16 0 0 0 23 2 0 5 0 5 16 18 0 0 0 0 0 42 0 0 0 0 0 0 0 0 0 0 2 1 0 0 0 0 0 0 0 15 0 0 0 0 0 0 0 0 0 0 0 0 0 0 0 0 0 0 0 0 0 0 0 0 0 0 0 0 0 17 39 11 0 9 0 7 4 19 0 0 12 36 2 1 0 0 8 1 12 15 0 0 26 27 13 0 0 0 44 9 6 0 0 0 18 50 0 0 0 0 11 0 0 0 0 0 0 11 0 0 0 0 0 0 0 8 0 21 2 68 2 2 0 0 0 0 9 0 0 0 0 0 0 0 0 0 0 3 0 0 15 0 0 0 1 0 
 0 63 0 0 0 0 0 0 0 0 0 0 0 0 4 0 0 0 0 0 2 3 2 2 2 2 29 2 1 2 2 2 3 2 2 2 2 2 2 3 32 110 128 305 345 47 130 171 133 0 136 128 268 405 107 206 389 136 83 552 0 0 0 0 0 0 0 8 0 0 0 0 9 0 4 1 0 0 3 0 0 0 0 0 0 0 0 0 0 0 0 0 0 0 0 0 0 0 0 0 0 0 0 0 0 0 0 0 0 0 0 0 0 0 0 0 0 0 0 0 35 35 11 48 4 14 11 17 6 17 15 24 0 4 18 8 38 17 1 3 0 0 0 0 8 0 9 0 0 8 0 0 17 0 0 0 0 0 0 8 0 0 0 5 0 0 0 0 0 0 2 0 0 0 8 0 0 1 0 0 9 0 0 0 0 0 0 0 0 0 0 0 0 0 0 0 0 0 0 0 21 8 24 18 8 20 1 20 15 1 13 11 19 14 44 19 38 5 0 19 18 6 0 0 0 0 15 0 21 22 0 0 9 13 14 0 0 0 0 0 0 0 0 0 0 0 0 0 0 0 0 10 0 2 0 0 0 0 0 0 0 0 1 0 84 0 0 0 2 0 0 0 0 0 0 0 0 0 0 0 0 0 4 0 13 0 0 0 1 0 
 1 3 61 22 0 41 1 0 21 0 1 33 0 3 0 71 37 68 0 0 4 2 79 0 6 0 1 1 2 3 3 0 1 2 0 2 1 0 0 1 38 246 184 51 91 195 133 33 158 136 0 65 83 49 58 108 98 64 96 65 0 0 0 13 0 0 0 0 0 0 53 0 1 0 0 0 0 0 0 4 0 0 0 0 0 11 0 0 0 0 0 0 0 0 0 0 0 0 0 0 8 0 0 0 0 0 31 0 0 0 0 0 0 10 0 10 0 0 0 0 0 0 19 32 0 15 0 0 5 19 21 0 0 0 1 1 1 1 0 8 9 49 0 0 0 5 29 0 0 0 0 0 4 66 0 11 0 0 14 0 0 0 0 12 0 15 0 0 0 0 18 0 0 0 10 0 0 0 0 0 0 24 0 0 0 0 0 0 0 0 0 0 0 0 0 0 0 0 24 0 0 10 0 9 31 17 0 15 0 15 1 14 0 0 18 14 71 0 0 0 0 10 16 0 0 0 18 49 12 0 0 0 20 9 19 0 0 0 29 8 0 7 0 0 0 0 0 0 0 0 0 2 0 1 0 0 0 0 0 11 0 0 6 18 0 1 0 62 0 0 0 0 0 0 0 0 0 0 0 0 0 0 0 0 19 18 0 0 2 0 
 1 3 2 5 3 3 4 4 6 3 12 1 2 6 1 3 3 3 3 3 2 0 0 0 6 0 0 6 1 0 0 0 0 0 0 0 0 2 0 3 327 105 116 181 226 53 16 37 81 128 65 0 82 33 320 91 187 393 32 32 0 2 2 8 0 1 0 0 1 0 5 0 1 0 0 2 14 1 4 0 0 0 0 0 7 0 0 0 0 0 0 4 0 0 0 0 0 0 0 0 6 4 0 1 0 0 0 0 0 0 0 0 1 6 7 0 0 0 0 0 0 5 4 24 4 35 0 0 0 29 63 61 4 0 18 0 0 0 0 0 0 0 0 0 0 0 0 5 0 17 0 0 21 5 0 0 0 0 0 4 0 0 7 0 28 0 0 0 0 0 0 0 0 2 0 0 0 0 0 0 0 7 0 0 0 0 0 1 3 0 0 0 0 0 0 8 0 0 6 0 0 10 0 0 10 13 0 0 0 2 0 28 0 0 0 0 26 29 0 0 29 4 0 0 5 0 15 2 23 19 0 0 36 14 14 0 0 0 7 0 0 0 0 0 0 0 0 0 0 0 0 18 0 0 0 0 0 0 0 1 0 0 0 0 56 2 0 1 0 0 0 0 0 0 0 0 0 0 0 0 0 3 0 0 1 0 0 0 1 0 
 0 62 3 15 0 7 77 0 7 0 8 3 5 0 0 0 7 0 2 0 2 0 63 0 64 131 0 1 0 96 55 114 0 14 0 0 1 0 201 0 119 63 291 57 306 37 486 198 134 268 83 82 0 156 118 56 38 95 419 67 0 0 3 3 0 0 0 0 3 0 2 2 0 0 0 1 3 3 0 4 0 0 0 0 4 0 0 0 0 0 0 2 0 0 0 0 0 0 0 0 10 8 11 8 10 8 3 0 0 0 21 0 1 4 0 0 0 0 0 1 15 0 0 3 1 0 11 15 1 16 0 0 0 1 20 7 0 15 0 9 0 6 0 0 0 4 0 0 0 0 0 0 0 0 0 0 0 0 0 0 0 0 0 4 0 0 0 0 6 0 15 0 0 0 0 0 0 2 0 0 0 21 0 1 0 0 0 0 1 11 0 0 0 0 0 1 0 0 17 0 0 64 10 31 15 0 0 38 3 15 4 0 18 61 0 21 20 0 31 26 0 0 0 0 0 0 0 0 0 0 0 0 0 0 0 0 0 0 0 0 0 0 0 0 0 0 0 0 0 0 0 8 0 2 0 0 0 63 0 2 0 0 4 0 2 0 2 0 0 0 0 0 0 0 0 0 0 0 0 0 0 0 0 0 0 0 0 1 1 0 
 0 0 0 0 0 33 4 0 7 0 4 0 0 0 0 0 0 0 0 0 0 2 0 36 0 30 0 0 0 0 0 60 0 0 0 0 68 0 0 0 145 93 139 104 336 268 68 459 104 405 49 33 156 0 162 30 55 234 250 220 0 0 2 0 3 3 0 2 0 8 0 0 0 0 0 1 0 0 0 0 0 0 0 0 0 0 0 0 0 0 0 0 0 0 0 0 0 0 0 0 0 0 0 12 0 9 0 0 0 0 11 16 0 0 0 0 9 0 1 0 31 26 1 8 15 0 45 83 0 2 8 0 2 27 12 9 4 31 22 30 0 6 0 0 1 0 16 0 5 0 1 0 0 0 0 0 0 0 15 21 0 0 0 6 0 0 0 0 0 0 0 0 0 0 0 0 0 0 0 0 0 0 0 63 7 0 0 0 0 0 0 0 0 0 0 0 0 0 0 0 46 30 19 21 16 18 21 0 28 0 16 0 19 9 0 0 6 48 39 0 0 0 1 0 0 6 0 0 0 0 0 9 0 0 0 0 0 0 0 0 0 0 0 0 0 0 0 0 0 0 0 1 0 0 0 0 0 0 0 0 0 0 1 0 0 21 0 0 1 0 0 0 0 0 0 2 0 0 0 0 0 0 0 0 0 0 0 7 0 0 
 2 3 3 2 3 3 3 3 3 3 3 2 3 6 4 3 3 3 3 46 0 0 0 0 0 2 0 0 0 0 0 125 0 63 0 0 0 0 0 0 217 175 153 123 68 318 134 149 345 107 58 320 118 162 0 142 185 43 162 232 0 0 1 1 2 0 0 1 1 2 1 0 0 0 13 0 1 2 22 1 0 0 0 0 0 0 0 0 0 0 0 0 0 0 0 0 0 0 7 16 0 0 0 0 0 22 0 0 0 0 0 0 0 0 0 0 0 0 0 0 17 31 11 0 3 12 10 40 0 7 0 10 0 10 0 1 22 18 14 10 0 0 0 0 0 0 0 0 7 0 0 0 0 0 0 0 0 0 19 11 0 0 0 0 2 0 0 0 0 0 0 0 0 0 0 0 0 0 0 0 0 0 0 0 0 47 0 0 0 0 0 0 0 0 0 0 0 0 0 0 4 0 0 24 15 19 9 17 24 0 5 14 15 11 27 0 70 22 14 5 10 0 0 0 0 0 0 0 0 0 0 0 14 0 0 0 0 0 0 0 0 0 0 0 0 0 0 0 0 0 0 9 0 0 0 0 0 0 0 0 0 0 0 0 0 14 0 0 1 0 0 0 0 0 0 0 0 0 0 0 0 0 0 0 0 0 0 7 0 0 
 0 0 0 0 1 4 1 0 0 0 0 0 0 3 0 1 0 0 0 0 2 0 0 0 33 0 0 0 0 0 0 0 2 0 0 0 0 0 0 0 32 348 121 189 111 219 110 112 184 206 108 91 56 30 142 0 523 41 107 126 0 0 0 0 8 2 0 1 2 0 0 3 24 0 3 5 0 1 1 3 0 0 0 0 0 0 0 0 0 0 0 0 0 0 0 0 0 0 0 0 0 0 0 0 0 0 0 0 0 0 0 0 0 0 0 0 0 0 0 0 0 7 28 14 43 9 0 0 0 2 16 10 0 0 29 20 68 7 2 15 0 0 0 0 0 0 0 0 0 2 0 0 0 20 0 0 0 0 21 0 0 0 0 0 13 0 0 0 0 0 0 0 0 4 0 0 0 0 0 0 0 0 0 0 0 0 8 0 0 0 0 0 0 0 0 0 0 0 0 0 0 0 0 17 49 0 0 9 15 0 34 20 0 0 11 0 8 8 0 23 22 0 0 0 0 4 21 21 20 0 0 12 21 0 10 0 0 0 2 0 0 0 0 0 0 0 0 0 0 0 0 8 0 1 0 0 0 0 0 17 0 0 0 2 2 0 0 0 0 0 11 0 0 0 0 0 0 0 0 0 0 0 0 0 9 0 0 0 2 0 
 0 0 1 0 61 0 0 6 0 0 0 0 0 0 0 0 0 0 0 0 5 2 3 4 4 6 3 3 3 4 3 3 2 3 3 3 3 3 3 3 114 183 60 163 173 297 294 267 61 389 98 187 38 55 185 523 0 176 92 313 0 0 0 0 0 0 0 0 0 0 0 0 51 0 0 0 0 0 3 0 0 0 0 0 0 0 0 0 0 0 0 0 0 0 0 0 0 0 0 0 0 0 0 0 0 0 0 0 0 0 0 0 0 0 0 0 0 0 0 0 0 22 14 20 23 29 0 0 0 0 7 26 10 0 10 33 59 0 10 10 0 0 0 0 20 0 0 0 0 4 0 0 1 1 0 0 0 0 9 0 0 5 0 0 5 0 0 0 0 0 0 0 0 2 0 0 0 0 0 0 0 0 0 0 0 0 0 0 0 0 0 0 0 10 0 0 0 4 0 0 0 0 0 8 11 0 0 8 21 0 50 29 10 1 18 0 66 10 0 9 20 0 0 0 0 0 17 2 1 0 0 0 35 20 6 0 0 0 7 0 0 0 0 0 0 0 0 0 0 0 0 8 0 0 0 0 0 0 0 1 0 0 0 0 4 3 1 1 1 0 9 0 0 0 0 0 0 0 0 0 0 0 0 0 16 15 0 0 0 4 
 0 0 0 0 0 1 0 0 0 0 0 0 3 0 0 0 0 0 0 0 3 0 0 0 0 0 0 0 1 0 0 0 0 0 0 0 0 0 0 0 41 79 42 157 67 144 32 44 104 136 64 393 95 234 43 41 176 0 111 100 0 0 0 5 0 0 0 0 0 0 0 0 0 25 0 0 10 0 0 0 0 0 0 0 0 0 0 0 0 0 0 0 0 0 0 0 0 0 0 0 0 0 0 0 0 9 0 0 0 0 0 0 0 0 0 0 0 0 0 0 1 0 16 26 17 31 0 0 0 6 55 34 0 1 4 0 0 0 0 10 11 0 0 0 0 0 14 28 0 1 0 0 0 20 0 0 0 0 12 10 0 0 0 10 0 0 0 0 0 0 6 0 0 0 0 0 0 0 0 0 0 0 0 0 0 0 0 0 0 0 0 0 0 0 0 0 0 0 0 0 0 22 0 0 17 20 0 6 0 14 10 8 0 10 20 25 30 0 0 4 6 15 0 0 0 0 24 21 10 9 0 0 21 8 10 0 0 0 20 2 0 0 0 0 0 0 0 0 0 0 0 7 0 0 0 0 0 0 0 11 0 0 3 1 2 4 3 66 0 0 0 0 0 0 0 0 0 0 0 0 0 0 0 0 18 13 0 0 0 0 
 0 0 6 0 3 0 0 0 3 0 0 0 0 40 7 1 0 3 0 0 0 0 0 64 0 0 0 0 0 0 3 0 2 0 0 0 0 0 7 0 114 50 121 131 79 273 347 309 304 83 96 32 419 250 162 107 92 111 0 207 0 2 2 0 0 0 0 0 0 0 0 0 0 0 0 2 0 1 3 0 0 0 0 5 0 1 0 18 0 0 0 0 0 4 4 0 0 0 0 0 0 0 0 1 0 18 3 0 0 0 0 11 0 1 0 0 0 0 4 0 1 0 0 4 22 0 42 6 1 27 0 0 17 0 37 1 4 9 10 25 0 5 0 0 0 4 0 0 4 0 0 0 0 0 0 0 0 0 15 0 0 0 0 0 0 3 0 0 6 0 7 0 0 1 2 5 0 2 0 0 0 0 0 0 0 0 0 0 0 0 0 0 0 0 0 0 0 0 0 0 16 16 0 22 15 0 6 20 10 9 16 13 8 14 0 30 21 0 0 36 0 0 0 0 0 0 0 0 0 0 0 22 0 0 0 0 0 0 0 0 0 3 12 0 0 0 0 0 0 0 0 6 1 2 0 0 0 0 0 2 0 0 86 0 2 2 2 0 0 1 0 0 0 0 0 0 0 0 0 0 0 0 0 0 0 0 0 0 0 0 
 0 0 0 2 0 0 0 0 0 0 2 0 0 0 2 64 0 0 0 0 1 2 1 68 1 1 0 1 0 1 3 3 63 1 1 1 1 1 1 2 47 32 262 203 86 268 252 109 73 552 65 32 67 220 232 126 313 100 207 0 0 1 0 6 0 59 0 0 8 1 0 3 0 0 1 6 5 0 0 0 0 0 0 0 0 0 0 0 0 0 0 0 0 0 0 0 0 0 0 0 0 0 12 17 0 0 0 0 0 0 1 14 0 0 0 0 0 0 0 0 10 0 5 8 18 0 10 7 2 18 20 0 0 12 32 0 19 7 13 27 0 29 0 0 10 4 0 2 0 0 1 2 0 0 0 1 16 0 23 0 0 0 0 13 0 0 0 0 0 0 0 0 0 0 0 0 0 0 0 0 0 0 0 0 8 0 0 0 0 0 0 0 0 0 0 0 0 0 0 0 8 92 44 31 47 0 1 25 28 0 19 10 40 24 0 13 30 25 8 40 0 4 0 1 0 0 0 1 0 1 0 0 0 0 0 7 34 4 0 0 0 0 0 0 0 0 0 0 0 0 0 11 0 2 0 0 0 65 0 1 0 0 7 0 3 2 0 0 0 0 0 0 0 0 0 0 0 0 0 0 0 0 0 0 0 0 0 0 1 0 
 3 3 3 6 1 0 2 0 0 0 3 3 3 0 3 1 1 1 2 0 4 0 0 49 0 0 0 0 0 2 0 0 2 0 0 0 0 0 0 0 0 9 0 0 0 0 0 0 0 0 0 0 0 0 0 0 0 0 0 0 0 224 381 80 245 66 167 200 110 98 99 101 109 76 396 105 46 95 404 366 7 0 0 0 0 0 0 0 0 0 0 0 0 0 0 0 0 0 0 0 0 0 0 0 10 0 0 0 0 0 0 0 0 0 0 0 0 0 0 0 0 0 0 0 2 9 0 0 0 0 0 0 0 0 0 0 0 0 0 0 0 0 26 0 10 0 0 30 0 8 0 58 0 0 0 1 17 0 17 32 5 0 0 0 0 0 4 0 0 0 0 0 0 0 0 0 0 0 0 0 0 0 0 0 0 0 0 0 0 0 0 0 0 0 0 0 0 0 0 0 0 0 0 0 0 0 0 0 0 0 21 0 0 0 0 0 0 0 0 0 15 17 0 7 0 0 11 11 0 22 22 0 0 0 6 39 0 1 23 8 0 0 0 0 0 0 0 0 0 0 0 0 0 0 5 0 16 0 0 0 0 0 0 0 0 0 0 0 0 0 4 2 54 8 0 0 0 0 0 0 0 0 0 0 0 0 0 0 0 0 
