 0 88 71 46 46 53 253 136 33 51 30 32 219 124 88 32 36 26 56 284 2 0 0 0 0 2 0 74 0 0 1 0 0 0 0 0 3 2 0 0 0 0 2 1 0 0 0 0 0 0 0 0 0 0 2 0 0 0 0 0 0 0 0 0 0 0 0 3 0 0 2 9 0 0 0 0 0 8 0 3 9 0 14 1 0 20 49 14 21 16 19 0 31 16 21 0 0 0 11 1 0 0 0 0 0 0 0 0 9 0 0 0 0 1 0 0 0 0 0 2 0 0 0 0 0 0 0 0 0 0 0 0 0 0 2 0 0 0 0 0 0 0 0 0 0 0 0 0 0 0 0 1 0 0 0 0 0 2 0 0 19 1 0 16 9 0 1 28 13 16 0 25 0 38 31 13 28 20 11 43 0 0 0 0 0 0 14 0 0 0 8 0 0 0 0 0 0 0 2 0 0 0 0 0 0 0 0 0 0 0 0 0 0 0 0 0 2 0 0 0 0 0 0 0 0 28 0 0 0 0 0 0 0 1 0 0 0 0 0 0 0 0 0 0 0 0 0 2 0 0 0 1 0 0 0 0 0 0 0 0 0 0 0 0 0 0 0 0 0 0 0 0 0 0 0 0 0 0 0 0 0 0 0 0 0 0 0 0 0 0 
 88 0 104 102 24 37 178 291 261 45 65 32 44 194 361 105 121 30 66 144 0 0 0 0 1 1 0 0 0 0 0 0 0 0 1 62 3 2 0 0 0 0 2 0 0 0 0 0 0 0 0 0 0 0 2 0 0 0 0 0 0 0 0 0 0 0 5 3 0 0 2 4 0 0 0 0 0 0 0 3 19 34 30 5 8 1 1 28 22 44 10 0 22 21 8 33 77 12 20 18 0 0 0 0 0 0 0 0 0 0 0 0 0 0 0 0 0 0 15 15 0 0 0 0 0 0 0 0 0 0 0 0 0 0 0 0 0 0 1 0 2 0 0 0 0 0 0 0 0 0 0 0 0 0 0 0 0 0 0 0 41 33 14 0 11 14 10 17 32 0 0 10 2 0 29 0 37 15 0 15 24 0 0 1 0 0 11 0 0 0 0 0 15 0 0 0 0 0 14 0 0 0 0 0 0 0 0 0 0 0 0 0 0 0 0 0 0 0 0 0 0 0 0 0 0 0 0 0 0 0 0 0 0 0 0 0 0 0 0 2 0 14 0 0 0 1 2 0 3 2 11 0 9 0 2 0 0 0 0 0 0 0 0 0 0 0 0 0 0 0 0 0 0 0 0 20 19 0 0 0 0 0 0 0 0 0 0 0 0 0 
 71 104 0 90 129 30 354 191 174 62 107 214 64 167 197 52 56 275 37 220 0 1 3 0 3 3 0 0 0 1 20 0 0 1 1 0 4 2 74 3 0 2 4 0 0 0 0 3 0 5 0 0 0 2 2 0 0 0 0 0 0 0 1 0 0 0 0 5 0 2 5 2 2 0 2 0 0 0 0 2 0 51 30 16 0 20 10 1 14 27 20 1 14 1 18 15 1 0 0 1 7 0 0 0 0 0 0 0 6 0 0 9 1 13 0 1 0 0 15 0 1 0 0 0 0 0 0 0 0 0 0 0 0 0 0 0 0 0 2 0 0 0 0 0 0 1 0 1 0 0 0 0 0 0 0 0 2 0 0 0 71 1 34 0 33 10 0 30 10 0 24 45 0 11 7 20 10 0 0 0 1 0 0 0 0 0 44 0 0 2 0 0 0 0 0 1 0 0 15 0 0 0 0 0 0 0 0 0 0 0 0 0 0 0 0 0 0 0 0 0 0 0 0 0 0 4 0 0 0 0 0 0 0 0 0 0 0 0 0 0 0 0 0 0 0 0 88 0 5 1 0 11 0 0 0 0 0 0 0 0 0 0 8 0 0 0 0 0 0 0 0 0 0 0 0 0 0 0 0 0 0 0 0 0 0 0 0 0 0 0 
 46 102 90 0 238 269 385 154 503 99 337 332 74 228 79 132 241 152 281 54 0 0 0 208 0 1 27 0 0 1 0 0 0 75 2 0 3 2 0 0 0 0 2 0 0 2 0 0 0 0 0 0 0 0 2 0 0 0 0 2 0 0 0 0 0 0 0 3 0 0 2 3 29 0 0 0 43 0 0 3 1 0 0 3 16 22 6 27 7 26 43 32 12 23 6 10 26 39 0 0 3 16 0 0 0 0 0 0 11 0 0 0 13 1 0 1 0 0 53 0 0 2 0 0 0 0 0 0 0 0 0 0 0 0 0 0 0 0 0 0 0 0 0 0 0 0 0 0 0 0 0 0 0 0 0 0 0 0 0 0 32 53 16 21 0 0 0 16 0 0 20 36 0 19 12 27 21 0 12 0 0 0 13 0 0 0 14 10 0 0 0 0 27 1 0 0 0 0 25 2 1 0 14 0 0 0 0 0 0 0 0 0 3 0 0 0 0 0 0 0 0 0 0 0 0 0 0 0 0 0 0 0 14 0 0 0 0 0 0 7 0 13 0 0 0 0 3 2 2 91 1 8 0 0 0 0 0 0 0 0 0 0 68 0 0 0 0 0 0 0 0 0 0 2 0 0 0 0 0 0 0 0 0 0 0 10 0 0 0 0 
 46 24 129 238 0 242 44 167 78 170 267 331 82 380 140 176 274 216 100 90 73 0 0 0 2 73 148 0 0 0 2 0 75 1 77 0 3 3 1 0 0 0 2 2 0 0 62 0 0 62 0 0 0 0 3 0 0 0 0 0 0 0 0 0 0 0 0 3 0 0 3 3 0 0 0 0 0 0 0 3 0 10 15 22 27 45 10 0 0 37 36 30 0 26 0 29 29 12 0 0 11 18 0 0 0 0 14 0 12 0 0 2 8 15 0 0 0 0 46 0 0 0 0 0 0 0 0 0 0 0 0 0 0 0 0 0 0 0 0 0 0 0 2 0 0 0 0 0 0 0 0 0 0 0 0 0 0 0 1 0 35 14 36 0 0 17 0 19 0 0 22 30 0 0 0 12 38 21 0 3 0 2 6 0 0 0 40 2 0 0 0 0 13 10 11 0 12 0 15 24 0 0 0 0 1 0 0 1 0 0 0 0 0 0 0 0 0 0 0 0 0 0 0 13 0 0 0 0 0 2 0 0 0 0 0 0 0 0 0 0 0 0 0 0 0 0 3 0 3 89 0 21 0 0 0 0 0 0 0 0 0 0 30 0 0 0 0 0 0 0 0 0 0 0 0 0 0 0 0 0 0 0 0 0 0 5 0 0 0 0 
 53 37 30 269 242 0 17 253 282 130 263 174 278 46 275 56 85 479 61 47 165 75 0 0 0 1 254 77 0 0 1 0 81 111 139 78 4 2 1 158 0 0 2 0 0 0 0 0 0 0 0 0 0 0 2 0 0 0 0 0 38 0 0 0 0 0 0 3 33 0 3 3 0 0 0 0 0 0 0 3 0 1 0 4 23 38 0 0 0 0 47 11 0 0 0 0 9 12 0 0 0 21 18 0 0 0 29 0 0 4 0 0 47 25 12 42 2 33 0 0 0 0 0 0 0 0 0 0 0 0 0 0 0 0 0 0 0 0 0 0 0 0 4 0 1 0 2 0 0 0 0 0 0 0 0 0 0 6 0 0 0 0 0 0 27 7 0 0 0 2 0 0 0 0 0 0 0 0 0 6 7 15 12 0 0 0 13 53 0 9 0 0 23 16 12 11 16 0 41 21 0 0 0 6 0 0 0 0 0 0 2 0 0 0 0 0 0 0 16 0 0 0 0 0 0 0 0 0 0 0 10 0 0 0 0 0 0 0 0 0 0 0 0 0 0 1 4 1 1 3 1 4 0 5 0 0 0 0 0 0 1 0 0 0 0 0 0 0 0 0 0 0 0 0 0 6 0 0 0 0 0 0 0 0 0 13 25 0 0 0 
 253 178 354 385 44 17 0 406 56 382 452 39 430 51 120 13 20 24 313 110 1 0 0 0 0 3 0 0 0 0 2 0 0 0 0 66 3 2 0 1 0 0 2 0 0 0 0 0 0 0 0 0 0 0 1 0 0 0 0 0 0 0 0 0 0 0 0 3 0 0 2 2 0 0 0 0 0 0 0 2 21 10 10 0 33 0 13 19 17 0 0 13 45 38 12 42 8 7 0 47 0 0 0 19 0 0 0 0 0 0 0 0 0 0 0 0 0 0 19 0 0 0 0 0 0 0 1 0 0 0 0 0 0 0 0 0 0 0 0 0 0 0 0 0 0 0 0 0 0 0 0 0 0 0 0 0 0 0 0 0 35 29 10 18 0 0 15 0 26 0 11 1 0 30 41 10 0 0 32 14 0 0 0 0 0 0 0 0 0 0 0 0 0 0 0 0 0 0 0 0 0 0 14 0 0 0 0 0 0 0 0 0 0 0 0 0 0 0 0 0 0 0 0 0 0 0 0 0 0 0 0 0 0 0 0 0 0 0 0 0 0 0 0 0 0 2 0 0 1 110 0 9 0 0 7 0 0 0 0 0 0 0 0 0 0 0 0 0 0 0 0 0 0 0 0 0 0 0 0 0 0 0 0 0 0 0 0 0 0 0 
 136 291 191 154 167 253 406 0 332 240 456 44 293 503 282 342 642 254 235 155 0 0 0 0 0 3 0 0 0 0 0 205 0 0 4 0 3 3 0 0 0 0 2 2 0 0 0 0 0 0 0 0 0 0 1 0 0 0 0 0 0 45 0 0 0 0 0 3 0 0 3 3 0 0 0 0 0 0 0 3 47 13 10 13 49 13 27 10 5 0 11 23 21 49 16 44 0 21 28 23 0 0 0 1 0 0 0 0 0 0 0 0 0 0 0 0 0 0 16 0 0 0 0 0 0 0 0 0 0 0 0 0 0 0 0 0 0 0 0 0 0 0 0 0 0 0 0 0 0 0 0 0 2 0 0 0 0 0 0 1 28 15 3 50 26 3 0 15 14 28 0 12 4 26 0 28 0 25 1 0 0 0 0 0 0 0 1 10 0 0 0 0 0 0 0 0 0 0 39 0 0 0 0 0 0 0 0 0 0 0 0 0 2 0 1 0 0 0 0 0 0 0 0 0 0 0 0 0 0 0 0 14 0 0 0 1 0 0 0 0 0 4 0 0 0 4 1 0 4 6 2 16 0 0 0 0 0 0 0 0 0 0 0 0 0 0 1 0 0 0 0 0 0 0 0 0 8 0 0 0 0 0 0 0 0 0 0 0 0 0 
 33 261 174 503 78 282 56 332 0 258 248 214 198 309 219 395 278 276 405 176 0 0 0 0 0 1 0 0 0 0 1 0 0 0 1 76 3 2 0 0 0 0 2 0 0 0 0 0 0 0 0 0 0 0 0 0 0 0 0 0 0 0 0 0 0 0 4 3 0 0 3 3 0 0 0 0 0 0 0 3 34 43 11 27 0 0 0 33 21 48 0 0 1 0 19 27 29 12 1 11 2 0 0 0 0 2 0 0 0 0 0 0 0 0 0 0 0 0 28 0 0 0 0 0 0 0 0 0 0 0 0 0 0 0 0 0 0 0 0 0 0 0 3 0 0 0 1 0 2 0 0 0 0 0 0 0 0 0 0 1 38 33 35 0 17 16 0 12 20 7 48 15 0 10 9 34 0 8 10 0 0 0 0 0 0 0 22 0 19 0 0 0 11 1 0 0 0 0 16 1 0 0 13 0 0 0 0 0 0 0 1 0 0 0 0 0 2 0 0 0 0 0 14 0 0 0 0 0 0 0 10 0 2 1 0 0 0 0 0 0 0 0 0 0 0 2 2 2 6 89 0 0 0 0 0 0 0 0 0 0 1 0 22 0 0 0 0 0 0 0 0 0 0 0 0 12 9 0 0 0 0 0 0 0 0 0 0 0 0 0 
 51 45 62 99 170 130 382 240 258 0 181 120 75 87 227 141 85 364 84 164 0 1 0 0 0 1 0 0 0 0 2 1 76 147 1 0 3 2 149 36 0 0 2 0 0 6 0 0 0 0 0 0 0 0 2 0 0 65 0 0 0 0 0 0 0 1 0 3 0 0 3 3 0 0 0 0 0 0 0 3 10 18 31 12 8 46 11 8 9 59 38 0 14 0 14 28 8 0 6 10 8 0 14 0 0 0 0 0 0 0 0 0 7 23 0 1 35 0 0 11 0 0 0 0 0 0 0 0 0 0 0 0 0 0 0 0 0 0 0 0 1 0 0 0 0 0 0 0 0 0 0 0 0 0 0 0 0 0 0 1 34 20 31 0 17 39 0 37 9 17 12 21 2 13 0 0 13 2 0 0 28 14 0 0 2 0 31 13 0 0 0 0 0 0 0 30 0 0 14 0 2 0 0 0 0 0 0 0 0 0 0 0 0 0 0 0 0 1 0 36 0 0 0 0 0 0 0 0 0 0 0 0 0 0 0 0 0 0 0 0 0 0 0 0 0 1 98 1 8 3 12 7 0 0 0 0 0 0 0 0 0 0 11 0 0 0 0 0 0 0 0 0 0 1 0 0 22 0 0 0 0 0 0 0 0 2 10 12 0 0 
 30 65 107 337 267 263 452 456 248 181 0 143 36 136 64 149 335 233 50 53 74 1 0 0 0 3 60 1 0 0 0 0 1 142 0 0 4 2 75 224 0 0 2 0 0 0 0 0 0 0 56 0 0 0 0 0 0 0 0 0 0 42 0 0 0 0 0 3 0 0 2 2 0 0 0 0 0 0 0 2 0 64 26 22 18 24 0 0 13 0 24 8 2 0 0 0 0 18 15 0 21 35 10 0 0 0 7 0 11 10 0 0 16 36 0 28 0 0 21 0 0 0 0 0 0 0 0 0 0 2 0 0 0 0 0 0 0 0 0 0 0 0 4 0 0 0 0 0 0 0 0 0 0 0 0 0 0 6 0 16 0 0 10 0 20 0 0 0 0 0 10 0 0 0 4 0 0 0 0 0 24 62 8 0 0 0 6 24 0 23 2 0 0 15 13 13 10 0 36 15 0 0 11 0 0 0 0 0 0 0 12 0 0 0 0 0 0 0 0 0 0 0 0 0 0 0 0 0 22 0 0 0 0 0 0 0 0 0 0 0 0 0 0 0 0 0 189 0 2 1 2 10 0 0 2 0 0 0 0 0 0 0 62 0 0 0 0 0 0 0 0 0 0 0 0 4 0 10 0 0 0 0 0 0 0 7 12 0 0 0 
 32 32 214 332 331 174 39 44 214 120 143 0 169 39 36 40 398 331 349 267 17 37 0 0 0 0 23 81 0 0 0 6 28 1 95 2 3 2 27 176 0 0 2 5 0 0 0 3 0 62 0 0 0 0 2 0 4 0 0 3 0 0 0 0 0 0 0 3 0 0 3 3 0 0 0 2 0 1 0 3 29 21 2 19 11 68 10 10 12 26 65 25 0 0 13 18 2 0 1 12 0 16 14 0 0 2 13 3 0 19 0 0 4 1 12 1 4 0 25 2 0 0 0 0 0 0 0 0 0 0 0 0 0 0 2 0 0 0 0 0 0 0 0 0 0 0 0 0 0 0 0 1 0 0 0 15 0 2 0 0 0 3 0 0 10 26 0 28 0 18 55 44 1 0 7 14 21 18 1 0 1 16 0 0 0 0 24 0 0 8 0 0 0 0 10 12 0 0 19 15 0 0 0 0 0 0 0 0 0 0 0 0 0 0 0 0 2 0 0 0 0 0 0 0 0 0 0 0 0 0 0 0 2 1 0 0 0 0 0 0 0 0 10 0 0 2 2 0 94 3 2 7 0 0 0 0 0 0 0 0 1 0 0 0 0 0 0 0 0 0 0 0 0 0 0 0 0 0 0 0 0 0 0 0 0 0 0 0 0 0 
 219 44 64 74 82 278 430 293 198 75 36 169 0 300 360 84 167 32 229 124 3 0 0 0 50 25 2 3 0 0 3 0 0 0 4 0 3 2 5 0 0 0 5 1 2 0 0 60 0 0 66 0 0 0 0 0 0 0 0 0 0 32 0 0 0 3 0 3 0 0 3 6 0 0 0 0 0 0 0 5 52 1 0 13 0 25 7 9 3 9 0 0 25 9 22 28 19 2 20 45 0 0 1 0 0 0 2 0 0 0 0 0 0 0 0 0 0 0 0 0 0 1 0 0 0 0 0 0 0 0 0 0 0 0 0 0 0 0 0 0 0 0 0 0 0 0 0 8 0 0 0 0 0 0 1 0 0 0 0 0 0 15 0 14 0 26 5 0 0 0 0 0 25 9 25 11 10 4 16 29 0 0 0 0 0 1 0 0 0 0 0 2 0 0 0 13 0 0 2 0 0 0 0 0 0 0 0 0 0 0 0 0 0 0 0 0 0 0 0 0 0 0 1 0 0 0 0 0 0 0 0 0 0 0 0 0 0 0 0 0 0 0 0 0 0 0 0 0 1 1 2 3 0 0 0 0 0 0 0 0 0 0 0 0 0 0 0 0 0 0 0 0 0 0 0 0 13 0 0 0 0 0 0 0 0 0 0 0 0 0 
 124 194 167 228 380 46 51 503 309 87 136 39 300 0 196 44 38 23 165 171 0 0 0 0 0 75 0 0 0 0 0 0 0 0 1 0 3 2 0 0 0 0 2 1 0 0 0 0 0 0 0 0 0 0 0 0 0 0 0 0 0 0 0 0 0 0 0 3 0 0 3 3 0 0 0 0 0 0 0 3 18 62 0 40 27 0 0 31 37 45 0 28 24 20 11 97 31 19 30 11 0 0 1 0 0 0 0 0 0 0 0 0 0 0 0 0 0 0 46 0 0 0 0 0 0 0 0 0 0 0 0 0 0 0 2 0 0 0 0 0 0 12 18 0 0 0 0 0 0 0 0 1 0 0 1 0 0 2 0 0 30 42 23 37 0 10 0 0 3 2 10 0 0 56 85 24 22 0 26 0 0 0 0 0 0 0 1 0 0 0 16 2 16 0 0 0 0 0 12 0 0 0 14 0 0 0 0 0 0 0 0 0 0 0 0 0 1 0 0 0 11 0 1 0 0 0 0 0 0 0 0 0 0 0 0 0 0 0 0 0 0 14 0 0 0 0 0 0 2 95 0 10 0 0 0 0 0 0 0 0 0 0 6 0 0 0 0 0 0 0 0 0 0 0 0 0 0 0 0 0 0 0 0 0 0 0 0 0 0 0 
 88 361 197 79 140 275 120 282 219 227 64 36 360 196 0 204 51 358 87 408 0 0 0 0 0 0 0 0 0 0 1 0 0 0 2 0 3 2 5 0 0 0 2 0 0 0 0 0 0 0 0 0 0 0 2 0 0 0 0 0 0 0 0 0 0 0 0 3 0 0 3 9 0 0 0 0 0 1 0 3 22 14 15 15 13 0 30 10 24 20 0 0 17 32 24 12 19 18 7 11 2 0 0 0 0 0 14 0 0 0 0 0 0 0 12 0 2 0 14 18 0 0 0 0 0 0 0 0 0 0 0 0 0 0 0 0 0 1 0 0 0 0 0 0 0 0 0 0 0 0 0 0 0 1 0 19 0 0 0 0 48 14 26 1 28 24 0 0 20 0 13 1 2 1 10 4 19 13 4 28 1 0 0 0 15 1 24 1 0 0 0 0 10 0 0 0 0 0 1 0 0 0 0 0 0 0 0 0 0 0 0 1 0 0 0 0 0 0 0 0 0 0 0 0 0 0 0 0 0 0 0 0 0 0 0 0 0 0 0 0 0 0 0 0 0 2 4 0 1 1 20 13 0 0 0 0 0 0 0 0 0 0 13 0 0 0 0 0 0 0 0 0 0 0 0 0 10 0 0 0 0 0 0 0 0 0 0 0 0 0 
 32 105 52 132 176 56 13 342 395 141 149 40 84 44 204 0 162 228 106 60 1 1 2 0 0 3 74 0 0 0 1 0 0 74 0 0 3 2 143 0 0 0 2 0 0 0 0 0 0 3 0 0 0 0 2 0 0 0 0 0 0 0 0 0 0 0 5 3 0 0 2 13 0 0 0 0 0 0 0 3 10 26 24 28 7 0 0 9 9 25 0 13 0 0 11 28 19 7 24 10 9 0 0 1 0 0 18 10 0 0 0 0 7 17 0 14 0 0 9 1 0 0 1 0 0 0 0 0 0 0 0 0 0 0 0 0 0 0 0 0 0 0 0 0 0 0 0 0 0 0 0 0 0 0 0 0 0 0 0 0 0 6 29 0 8 36 13 14 19 0 21 0 6 0 0 3 11 17 1 0 0 0 0 0 0 0 19 0 0 0 0 0 0 15 0 0 0 0 0 1 0 0 0 0 0 0 0 0 0 13 0 0 15 0 0 0 0 0 0 0 0 0 0 1 0 0 0 0 0 0 0 0 0 0 0 0 0 0 0 0 0 0 0 0 0 1 137 0 0 3 1 7 11 0 0 0 0 0 0 0 0 0 11 0 0 0 1 0 0 0 0 0 0 0 0 44 14 10 0 0 0 0 0 0 0 0 0 0 0 0 
 36 121 56 241 274 85 20 642 278 85 335 398 167 38 51 162 0 436 46 39 2 0 1 3 0 1 4 0 0 0 2 0 0 74 2 0 3 5 35 0 0 0 0 2 3 0 3 0 0 3 0 0 3 0 1 3 0 0 0 2 0 0 0 0 0 2 0 3 0 0 3 3 0 0 0 0 0 0 0 8 0 0 1 18 22 21 1 7 7 0 12 18 1 28 1 0 10 21 0 0 0 0 0 0 0 0 9 17 0 0 0 0 28 0 0 0 0 0 48 0 0 0 0 0 0 1 0 0 0 0 0 0 0 0 0 0 0 0 0 0 0 0 0 0 0 2 0 2 0 0 0 0 0 0 0 0 0 1 0 3 19 0 60 1 13 12 0 28 0 19 10 20 0 0 15 13 20 30 0 13 0 0 0 0 0 0 32 0 12 2 0 0 0 0 9 0 17 17 15 0 0 0 1 0 0 0 0 0 16 0 0 0 0 0 0 0 0 0 0 0 0 0 0 0 0 0 2 0 1 0 0 0 0 0 0 0 0 1 1 0 0 49 0 0 0 2 120 2 1 2 1 10 0 0 0 2 0 0 0 0 0 0 0 0 0 0 0 0 0 0 0 0 0 0 0 1 11 9 0 0 0 0 0 0 0 0 0 0 0 0 
 26 30 275 152 216 479 24 254 276 364 233 331 32 23 358 228 436 0 118 83 1 2 0 0 0 1 0 2 0 0 0 0 75 74 1 0 3 2 150 38 0 0 2 2 0 0 0 0 0 0 0 66 0 0 0 0 0 0 0 0 0 0 0 0 0 0 0 3 0 0 3 5 0 0 0 0 0 0 0 3 0 27 23 34 0 44 0 0 14 0 19 10 0 0 12 22 4 5 0 0 11 0 33 0 0 0 0 0 0 1 0 0 21 20 0 1 11 0 27 0 11 0 0 0 0 0 0 0 0 0 0 0 0 0 0 0 0 0 0 0 7 0 0 0 0 0 0 0 0 0 0 0 0 0 0 0 0 0 0 0 0 0 34 0 26 29 0 10 0 26 38 12 0 0 4 38 0 0 0 0 0 10 0 0 0 0 68 9 0 0 0 0 0 0 0 3 16 0 32 0 0 0 0 0 0 0 0 0 0 0 0 0 0 0 0 0 0 0 0 0 0 0 0 0 0 0 0 0 0 0 0 0 0 0 0 0 0 0 0 0 0 0 0 0 0 2 177 3 86 87 3 0 2 0 0 0 0 0 0 0 0 0 21 0 1 0 0 0 0 0 0 0 0 0 0 0 0 9 0 0 0 0 0 0 0 0 15 0 0 17 
 56 66 37 281 100 61 313 235 405 84 50 349 229 165 87 106 46 118 0 429 0 0 0 0 2 79 0 0 0 0 0 0 0 0 2 0 3 2 1 0 0 0 2 1 0 0 62 0 0 0 0 0 2 0 1 0 63 0 0 0 0 0 0 0 0 0 0 3 0 0 3 3 0 0 0 0 0 0 0 3 16 22 12 26 0 0 0 23 11 31 0 0 0 11 51 17 59 0 38 10 0 0 0 0 0 0 0 0 0 0 0 0 0 0 0 0 0 0 0 0 1 0 0 0 0 0 0 0 0 0 0 0 0 0 0 0 0 0 2 0 0 0 0 0 0 1 0 1 0 0 0 0 0 0 0 0 1 0 0 0 0 12 0 16 0 4 0 0 0 19 14 15 25 13 24 41 0 33 6 25 0 0 0 0 0 0 0 0 0 2 0 0 0 0 0 1 0 0 0 0 0 0 0 0 0 0 1 0 0 0 0 0 0 0 0 0 0 0 0 0 0 0 0 0 0 0 0 0 0 0 0 0 0 0 0 0 0 0 0 0 0 0 0 0 0 0 0 0 5 1 0 5 0 0 0 0 0 0 0 0 0 0 0 0 0 0 0 0 0 0 0 0 0 0 0 0 10 0 0 0 0 0 0 0 0 0 0 0 0 0 
 284 144 220 54 90 47 110 155 176 164 53 267 124 171 408 60 39 83 429 0 0 0 0 0 0 2 0 0 0 0 0 0 1 0 1 0 3 2 1 0 0 0 2 2 0 0 0 0 0 0 0 0 0 0 1 0 0 0 0 0 0 0 0 0 0 0 0 3 0 0 3 3 0 0 0 0 0 0 0 3 37 31 13 0 0 0 41 2 11 0 0 0 13 34 13 10 1 0 9 16 0 0 0 0 0 0 0 0 0 0 0 0 0 0 0 0 0 0 1 0 0 0 0 0 0 0 0 0 0 0 0 0 3 0 0 0 0 0 0 0 0 0 1 0 0 0 0 0 0 0 0 0 0 0 0 0 0 0 0 23 17 0 0 39 0 0 15 18 25 16 36 36 2 29 10 14 20 0 0 9 0 2 0 0 0 0 0 0 0 0 0 0 0 0 0 0 0 13 0 0 0 0 0 0 0 0 0 0 0 0 0 0 0 0 0 0 0 0 0 0 0 0 0 0 0 0 0 0 0 0 0 0 0 0 0 0 0 0 0 0 0 0 0 0 0 2 0 0 90 0 0 12 0 0 0 0 0 0 0 0 0 0 0 0 0 0 0 0 0 0 0 0 0 0 0 0 0 0 0 0 0 0 0 0 0 0 0 0 0 0 
 2 0 0 0 73 165 1 0 0 0 74 17 3 0 0 1 2 1 0 0 0 238 80 347 36 236 185 202 40 46 261 54 136 107 364 134 31 48 122 135 0 3 0 5 2 1 20 0 2 2 0 0 0 0 2 0 0 3 0 0 0 3 0 0 0 3 2 3 0 3 0 3 0 0 3 0 0 3 3 0 0 0 0 0 26 0 0 0 0 0 2 10 0 0 0 0 0 12 0 0 14 24 0 21 0 0 22 17 0 17 36 0 0 37 37 12 11 17 0 0 0 0 0 0 0 0 0 0 0 0 0 0 0 0 0 0 0 0 0 0 0 0 4 0 0 0 0 0 0 0 0 0 0 14 0 0 0 4 0 0 0 0 0 0 0 0 3 2 0 0 0 0 0 0 0 0 0 0 0 0 7 8 46 0 4 3 0 13 15 19 22 16 19 30 16 1 0 12 12 32 0 0 0 0 0 0 0 0 0 0 3 0 0 0 0 0 0 0 1 0 0 0 0 0 0 0 0 0 0 0 0 0 0 0 0 0 0 0 0 0 0 0 33 0 0 0 0 0 0 0 0 0 0 0 7 0 0 4 0 0 2 0 0 0 0 0 0 0 2 0 0 0 0 0 2 6 0 0 0 0 0 0 0 0 0 0 0 0 0 0 
 0 0 1 0 0 75 0 0 0 1 1 37 0 0 0 1 0 2 0 0 238 0 125 440 582 142 125 178 195 329 101 250 26 115 235 187 49 340 141 431 0 3 0 4 2 0 0 0 1 2 0 0 0 0 2 0 0 4 0 0 0 3 0 1 0 0 42 3 0 3 0 3 34 0 3 0 49 3 3 0 0 0 0 1 10 0 0 0 0 2 0 3 0 0 0 0 0 1 0 0 0 27 11 23 14 17 0 19 15 10 19 19 1 9 35 1 38 19 0 0 0 0 0 0 0 0 0 0 0 0 0 0 20 0 0 0 0 0 10 0 0 0 0 0 0 0 0 0 0 4 0 0 0 0 0 0 0 0 21 0 2 0 0 0 0 0 0 0 6 0 1 0 0 0 0 0 0 0 0 0 0 28 0 11 0 16 1 11 0 16 19 19 0 15 32 27 12 44 0 13 0 0 0 0 0 0 1 0 0 0 0 0 10 12 0 0 0 0 0 17 0 0 1 0 0 0 0 0 0 0 0 0 6 0 0 0 0 0 1 1 0 0 9 0 0 0 0 0 0 0 0 0 0 0 21 0 2 75 0 2 13 7 1 0 0 0 0 0 0 0 0 0 0 0 0 0 0 0 0 1 0 11 0 0 0 0 0 0 0 0 
 0 0 3 0 0 0 0 0 0 0 0 0 0 0 0 2 1 0 0 0 80 125 0 123 221 109 82 96 215 176 105 125 168 58 256 218 216 163 202 132 0 5 2 11 63 0 0 3 2 2 0 0 56 93 2 0 0 3 125 86 0 3 1 0 0 0 2 3 0 5 3 3 21 0 5 4 0 3 3 0 0 0 0 0 0 0 0 0 0 0 0 0 0 0 0 0 0 0 0 0 9 21 52 28 0 17 0 31 6 0 30 36 13 0 0 42 38 13 0 11 0 7 0 0 0 0 0 17 0 0 0 0 21 0 16 0 30 9 9 0 0 0 0 0 6 0 0 0 0 0 0 0 0 0 0 0 0 0 0 27 0 0 1 0 7 0 0 0 8 0 0 0 0 0 0 0 0 0 0 0 14 23 2 0 0 9 0 9 19 14 21 26 0 11 1 12 7 34 0 19 11 0 0 0 0 0 29 0 0 0 0 0 10 11 0 0 0 0 2 15 0 0 0 0 0 0 0 0 0 1 0 1 0 2 0 0 0 0 0 0 0 0 0 0 0 0 0 0 0 0 0 0 0 0 9 0 2 0 0 0 19 0 0 0 0 0 1 0 0 0 0 0 0 0 0 0 0 0 0 11 0 0 0 0 0 0 0 0 0 0 
 0 0 0 208 0 0 0 0 0 0 0 0 0 0 0 0 3 0 0 0 347 440 123 0 185 210 288 74 69 263 284 124 51 83 88 201 150 348 72 109 0 3 1 5 16 0 3 64 1 2 0 0 8 20 1 0 3 7 22 7 0 3 0 0 0 5 2 5 0 3 0 43 0 0 3 0 0 3 3 0 0 0 0 1 0 0 0 0 0 0 0 17 0 0 0 0 0 0 0 0 15 0 27 2 33 2 0 4 0 56 22 1 0 0 24 0 6 0 0 0 10 7 8 1 0 0 1 15 16 0 7 0 10 35 12 12 0 0 2 9 0 0 0 0 0 0 2 3 0 0 0 0 0 0 0 0 0 0 0 0 0 0 0 0 0 1 0 0 0 0 0 0 14 0 0 0 14 0 0 0 0 11 0 10 29 23 0 11 25 0 11 1 0 22 21 0 26 11 0 0 13 13 20 0 0 0 27 0 0 0 2 1 29 0 0 13 0 19 46 15 0 0 0 0 0 0 0 2 0 0 0 0 0 0 0 0 0 0 0 0 0 0 0 0 0 0 0 0 0 0 0 0 0 0 8 0 0 80 45 3 3 0 0 0 0 0 0 0 0 0 0 0 0 0 0 0 0 0 0 0 0 0 0 2 0 0 0 0 0 0 
 0 1 3 0 2 0 0 0 0 0 0 0 50 0 0 0 0 0 2 0 36 582 221 185 0 239 54 124 179 98 178 285 41 143 229 143 378 137 61 161 212 3 0 3 2 0 0 52 1 2 28 0 4 0 3 0 0 3 0 0 0 3 1 1 0 0 2 3 0 3 0 3 8 0 3 2 0 3 3 0 0 0 0 0 0 0 0 0 0 0 0 0 0 2 0 0 16 0 0 0 0 0 32 7 24 38 0 6 27 0 36 36 0 8 7 17 14 0 0 17 0 51 0 1 0 0 1 14 12 0 0 0 21 8 0 42 0 0 0 0 0 0 0 0 0 0 0 30 0 5 0 0 0 0 0 0 7 0 0 0 0 0 0 0 2 0 0 0 10 0 0 0 0 0 0 0 0 0 0 2 0 23 0 25 70 77 0 25 2 27 14 34 0 9 37 29 44 8 0 0 0 0 12 0 0 0 0 21 0 0 0 9 13 19 0 0 12 15 0 31 0 0 0 0 1 0 0 0 0 0 0 0 0 0 0 0 0 0 0 0 0 0 0 0 0 0 0 0 0 0 0 0 0 0 5 1 1 3 1 0 13 8 0 0 0 0 0 0 0 0 0 0 0 0 0 0 0 0 0 0 0 22 0 0 0 0 0 0 0 0 
 2 1 3 1 73 1 3 3 1 1 3 0 25 75 0 3 1 1 79 2 236 142 109 210 239 0 40 27 131 101 175 53 30 49 80 142 66 41 52 52 1 3 1 4 54 3 20 0 65 2 1 0 125 2 0 0 0 3 66 61 0 3 0 0 0 2 3 3 0 3 0 3 3 0 3 0 16 3 3 0 0 1 0 0 0 0 0 0 0 0 1 0 1 1 0 0 19 0 0 0 0 0 0 11 30 13 0 0 0 8 19 15 0 0 2 0 11 1 0 0 0 0 0 0 0 0 1 31 11 0 0 0 38 23 25 3 0 0 37 9 0 0 0 0 0 0 0 0 3 0 0 0 0 0 0 0 0 0 0 2 3 9 1 0 0 0 0 1 0 0 0 0 0 0 22 21 0 0 0 3 0 0 0 17 0 10 0 0 11 18 9 28 0 1 1 19 0 16 0 0 0 0 14 0 0 0 20 0 0 0 0 27 25 9 0 0 13 18 0 26 0 0 0 0 0 0 0 1 0 0 0 0 0 10 1 0 0 0 0 0 0 0 0 0 0 0 1 0 0 0 0 0 0 0 3 0 0 81 77 5 1 3 2 0 0 0 0 0 0 10 0 0 0 0 0 0 0 0 0 13 0 0 0 0 0 0 0 0 0 0 
 0 0 0 27 148 254 0 0 0 0 60 23 2 0 0 74 4 0 0 0 185 125 82 288 54 40 0 504 43 96 47 32 101 410 141 70 436 37 60 216 0 3 0 2 2 0 0 0 1 2 0 0 0 0 0 23 0 3 0 0 0 3 0 1 0 0 1 3 0 3 0 3 0 0 3 0 0 3 3 0 0 0 18 14 48 24 0 0 0 0 9 26 0 0 0 0 10 19 2 0 1 49 0 0 0 0 47 0 16 11 0 0 30 20 13 18 11 8 0 20 0 0 0 0 1 0 0 0 0 11 0 0 8 0 0 0 0 0 0 0 0 0 4 0 0 0 0 0 0 2 0 2 0 0 0 0 0 40 0 0 0 0 9 0 12 0 0 0 0 0 10 0 0 0 0 0 2 0 1 10 1 0 23 0 0 0 0 42 0 10 0 0 17 15 35 10 24 0 11 37 0 0 0 0 0 0 0 0 0 0 0 0 0 0 0 0 0 0 0 0 1 0 0 0 0 0 0 0 0 0 15 0 0 0 0 0 1 0 0 0 0 0 11 0 0 0 88 0 0 0 0 0 0 0 2 2 0 0 0 2 0 19 0 0 0 0 0 0 0 0 0 0 0 0 0 3 0 9 0 0 0 0 0 0 0 12 0 0 0 0 
 74 0 0 0 0 77 0 0 0 0 1 81 3 0 0 0 0 2 0 0 202 178 96 74 124 27 504 0 92 327 123 51 122 76 271 114 42 245 114 51 0 3 0 5 3 0 2 0 3 2 0 0 3 0 2 3 0 3 0 0 2 6 0 0 0 0 3 3 0 3 0 3 0 4 3 9 2 3 3 0 0 0 0 0 20 0 0 0 0 0 0 19 0 0 2 0 2 0 0 0 30 87 10 3 0 0 10 1 67 1 0 1 3 101 9 10 0 28 0 40 0 0 0 0 0 2 0 0 0 1 0 0 0 0 0 0 0 0 0 0 0 0 0 0 5 0 1 0 0 0 0 0 0 0 0 0 0 2 0 1 0 0 0 3 3 0 5 0 1 0 0 0 0 0 0 0 0 0 0 0 37 1 33 0 1 1 0 0 7 0 2 0 44 6 35 0 16 0 19 39 0 0 0 0 0 0 0 0 0 0 0 0 0 0 0 0 0 0 0 0 0 2 0 0 0 32 0 0 0 0 0 0 0 0 0 0 0 0 0 0 0 0 11 0 0 1 0 0 0 0 0 0 0 0 12 0 0 0 0 0 1 20 0 0 0 0 0 0 0 0 0 0 0 0 0 0 0 0 0 0 0 0 0 0 0 0 11 0 0 0 
 0 0 0 0 0 0 0 0 0 0 0 0 0 0 0 0 0 0 0 0 40 195 215 69 179 131 43 92 0 122 108 54 81 135 141 47 94 358 83 144 0 3 0 4 72 0 0 0 2 2 0 0 63 1 2 0 14 3 0 0 0 3 0 1 0 0 2 3 0 3 0 3 3 0 3 0 0 3 3 0 0 0 0 0 0 0 0 0 0 0 0 0 0 0 0 0 0 0 0 0 0 0 1 26 13 37 0 8 10 7 21 31 0 6 21 16 13 12 0 0 0 18 0 0 0 0 3 0 0 0 0 0 21 0 1 0 0 0 11 13 0 0 0 0 0 0 0 0 0 4 0 0 0 0 0 0 0 0 0 0 0 0 3 0 3 0 0 0 0 0 0 0 0 0 0 0 0 0 0 0 0 0 18 33 26 25 0 25 1 15 22 25 0 9 8 25 8 22 0 0 8 11 0 0 0 0 21 0 0 0 0 0 11 12 0 0 0 0 0 16 0 0 0 0 0 0 0 31 0 0 0 0 0 12 0 0 0 0 0 0 0 0 0 0 0 0 0 0 0 0 0 0 0 0 6 0 0 3 79 2 1 7 0 0 0 0 0 0 0 0 0 0 0 0 0 0 0 0 0 11 0 22 0 0 0 0 0 0 0 0 
 0 0 1 1 0 0 0 0 0 0 0 0 0 0 0 0 0 0 0 0 46 329 176 263 98 101 96 327 122 0 174 121 475 58 313 72 72 59 109 70 0 5 2 4 2 0 0 6 2 2 0 0 64 66 2 0 5 3 94 123 0 3 1 0 0 1 2 3 0 5 3 3 2 0 5 4 0 3 3 0 0 0 0 0 0 0 0 0 0 0 0 0 0 0 0 0 0 0 0 0 2 22 0 20 27 0 21 0 16 13 0 26 0 0 1 4 16 26 0 15 0 0 14 0 0 0 17 19 0 33 0 0 79 17 14 5 2 0 19 17 0 0 0 0 0 0 8 0 0 0 0 0 0 0 0 0 0 0 0 0 0 0 0 0 0 0 0 0 0 0 0 0 0 0 0 0 0 0 0 0 0 0 33 22 22 2 12 0 9 0 13 9 10 0 13 13 11 11 0 19 6 26 0 0 0 0 42 0 0 0 0 0 10 0 0 10 0 0 12 28 0 0 0 0 19 0 0 0 0 0 0 1 0 9 0 0 0 0 0 0 0 0 0 0 0 0 2 0 0 0 0 0 0 0 12 2 2 74 151 3 2 2 0 0 0 0 0 0 0 0 0 0 0 0 0 0 0 0 0 14 0 6 0 0 0 0 0 0 0 0 
 1 0 20 0 2 1 2 0 1 2 0 0 3 0 1 1 2 0 0 0 261 101 105 284 178 175 47 123 108 174 0 191 179 43 85 264 479 131 37 127 1 7 0 4 2 0 0 0 2 4 0 0 0 74 27 0 0 3 60 66 0 3 0 0 0 0 52 3 0 6 1 3 9 31 4 7 0 3 3 0 0 7 0 0 0 0 0 0 0 0 0 0 0 0 0 0 0 2 0 0 0 0 12 28 6 9 0 1 20 14 20 0 20 1 1 0 1 31 0 15 0 0 0 0 0 0 13 1 0 0 0 1 26 18 14 21 0 0 1 3 0 0 0 0 1 0 3 0 0 0 0 0 0 0 0 0 0 0 0 0 0 0 1 0 0 0 0 1 0 2 0 0 0 0 0 2 0 0 0 0 0 14 0 0 40 36 0 13 12 20 17 18 17 5 4 0 13 31 0 1 31 10 13 0 0 0 59 0 2 0 0 0 8 12 0 8 0 0 12 9 0 0 0 0 7 4 0 0 0 0 0 0 0 0 0 0 0 0 2 0 0 0 0 0 0 0 0 0 0 0 0 0 0 0 2 0 1 160 12 0 8 0 0 0 0 0 0 0 0 0 0 0 0 0 0 0 0 0 0 0 0 0 0 0 0 0 0 0 0 0 
 0 0 0 0 0 0 0 205 0 1 0 6 0 0 0 0 0 0 0 0 54 250 125 124 285 53 32 51 54 121 191 0 50 40 88 175 88 157 115 175 0 3 0 6 15 0 62 131 2 2 0 1 9 19 1 0 0 66 5 63 0 3 1 0 1 1 2 3 0 3 0 3 0 0 3 0 0 3 3 0 0 0 0 0 0 0 0 0 0 0 0 0 7 0 0 0 0 0 0 0 0 23 29 15 40 9 0 25 14 14 35 15 0 0 22 5 13 0 0 0 7 7 7 0 0 0 13 13 28 0 0 0 0 8 13 14 0 0 14 1 0 0 0 0 0 0 9 4 0 0 0 0 0 0 0 0 0 0 0 2 0 0 0 0 0 0 0 0 5 0 0 0 0 0 0 0 0 0 0 0 0 22 0 0 125 46 0 1 10 0 2 0 3 0 40 2 11 0 0 0 12 15 17 0 0 0 9 32 13 0 1 30 57 21 14 14 25 18 13 41 21 0 0 0 0 0 0 0 0 0 0 0 0 0 0 2 0 0 0 0 0 0 0 0 0 0 0 0 0 0 0 0 0 0 136 0 0 1 0 0 15 0 0 0 0 0 21 0 0 0 0 0 0 0 0 0 0 0 0 0 0 0 0 0 2 0 0 0 0 0 
 0 0 0 0 75 81 0 0 0 76 1 28 0 0 0 0 0 75 0 1 136 26 168 51 41 30 101 122 81 475 179 50 0 87 342 233 81 60 78 290 3 3 0 5 5 0 0 0 2 2 0 3 0 2 2 1 0 6 3 1 0 3 2 0 0 0 3 3 3 3 0 6 0 0 3 0 0 3 6 0 0 0 18 0 19 22 0 0 0 0 23 10 0 0 0 0 10 0 0 0 9 1 17 0 0 0 17 0 0 3 19 13 46 29 0 0 8 19 0 21 0 0 0 0 0 0 0 0 0 0 0 0 3 0 0 0 2 0 0 0 0 0 0 0 5 0 0 0 0 0 0 0 0 0 0 0 0 0 0 17 0 0 0 0 1 15 0 0 0 0 0 16 0 0 0 0 0 22 0 10 15 26 0 0 2 2 9 14 69 14 0 0 6 11 11 27 15 29 2 38 0 0 0 0 0 0 2 0 0 0 0 0 0 0 16 0 0 0 1 0 0 0 0 0 0 0 0 0 0 0 0 1 0 0 0 0 0 0 0 0 0 0 1 0 0 0 0 0 0 0 0 0 0 0 6 0 0 0 0 1 2 2 0 0 0 0 0 0 0 0 0 0 0 0 0 0 0 0 0 0 0 0 0 0 0 1 1 0 0 0 
 0 0 1 75 1 111 0 0 0 147 142 1 0 0 0 74 74 74 0 0 107 115 58 83 143 49 410 76 135 58 43 40 87 0 77 57 26 67 349 251 0 5 2 5 5 0 3 0 3 2 0 4 0 0 2 5 2 6 0 0 5 3 43 0 0 3 3 3 3 4 0 3 0 71 4 0 8 6 3 33 0 0 35 0 38 28 2 0 0 0 19 14 0 1 0 0 0 4 0 0 37 54 21 10 0 0 44 48 29 9 5 0 15 39 10 20 20 9 18 1 0 0 0 0 0 0 4 0 0 0 0 0 0 0 0 0 0 0 0 0 0 15 0 0 0 0 0 0 0 5 0 0 0 0 0 0 0 0 0 1 0 0 0 0 4 0 24 0 0 0 0 0 0 0 0 0 14 10 0 0 22 24 19 0 0 1 9 17 0 15 21 12 0 1 29 9 10 0 12 32 10 0 0 0 0 0 0 0 0 0 0 0 0 0 0 0 0 0 0 0 0 0 0 0 0 0 0 0 0 0 0 0 0 0 0 0 0 0 0 0 0 0 0 0 0 0 98 0 0 0 0 0 0 0 12 0 0 0 0 0 1 31 0 0 0 0 0 0 0 0 0 0 0 0 0 0 0 0 0 0 0 11 0 20 0 0 1 0 0 0 
 0 1 1 2 77 139 0 4 1 1 0 95 4 1 2 0 2 1 2 1 364 235 256 88 229 80 141 271 141 313 85 88 342 77 0 265 52 475 220 272 0 3 0 3 2 0 0 0 2 2 0 1 3 0 0 0 0 3 1 0 0 3 0 0 0 1 3 3 0 3 0 3 3 0 3 0 0 3 3 0 0 0 2 0 10 1 0 0 0 0 38 8 0 0 0 0 0 12 0 0 2 10 12 10 0 35 11 9 17 4 23 16 0 21 10 7 23 13 0 11 0 0 0 0 0 0 0 0 0 0 0 2 10 0 0 0 0 0 0 0 0 0 2 0 0 0 0 0 0 0 0 0 0 0 0 23 0 7 0 0 0 0 1 11 1 0 0 0 8 0 0 0 0 0 0 0 0 0 0 0 1 12 28 12 0 12 0 12 0 18 9 17 20 50 0 0 0 14 19 23 0 0 0 0 0 0 0 0 0 0 0 0 0 11 0 2 0 0 0 9 0 0 19 0 0 0 0 2 0 0 0 0 0 0 0 0 0 0 0 0 0 0 12 0 0 0 0 0 0 0 0 2 0 0 14 2 1 89 0 0 48 1 0 0 0 0 0 0 0 1 0 0 0 1 0 0 0 0 0 0 0 0 0 0 0 9 0 0 0 0 
 0 62 0 0 0 78 66 0 76 0 0 2 0 0 0 0 0 0 0 0 134 187 218 201 143 142 70 114 47 72 264 175 233 57 265 0 170 468 190 140 0 3 3 4 2 2 2 0 1 2 0 0 0 2 0 0 4 3 0 0 0 3 0 2 0 9 1 4 0 3 0 8 0 0 6 0 0 3 3 0 0 0 0 0 3 0 0 0 0 0 0 0 0 0 0 0 0 0 0 0 12 19 20 51 0 20 0 21 17 21 33 29 12 13 10 1 22 35 0 13 0 0 0 1 0 0 0 0 0 2 0 0 0 0 0 0 0 14 0 0 0 0 0 0 3 0 0 0 0 1 0 0 0 0 0 0 0 0 0 10 0 0 1 11 0 0 0 0 7 0 0 0 0 0 0 0 10 0 0 0 11 13 10 0 3 1 6 13 19 20 0 21 10 6 0 0 0 26 2 45 0 0 0 0 0 0 0 0 0 0 0 0 0 0 0 0 0 0 0 10 0 0 0 0 0 0 0 0 0 0 0 0 0 0 0 0 0 0 0 0 0 0 0 0 0 0 0 0 0 0 0 0 0 0 17 0 0 51 0 2 28 0 0 0 0 0 0 0 0 0 0 0 0 0 0 0 11 13 0 0 0 0 0 0 2 0 0 0 0 0 
 3 3 4 3 3 4 3 3 3 3 4 3 3 3 3 3 3 3 3 3 31 49 216 150 378 66 436 42 94 72 479 88 81 26 52 170 0 640 50 108 0 3 0 3 2 0 0 0 1 2 0 0 62 0 1 0 0 3 24 117 0 3 0 3 0 31 1 3 0 3 0 13 0 0 2 0 0 3 3 0 0 0 0 0 0 0 0 0 0 0 0 0 2 0 0 0 0 0 0 0 23 0 2 13 0 0 13 11 0 21 0 14 7 0 28 15 14 22 0 0 0 0 0 0 0 0 41 15 0 0 0 0 1 1 17 0 4 0 3 9 0 12 1 0 0 0 0 0 0 0 0 0 0 0 6 0 0 1 0 0 20 0 4 2 5 0 0 0 7 0 0 0 0 0 0 0 0 0 0 0 0 14 0 28 25 2 0 34 14 19 19 10 0 17 3 28 0 12 0 1 1 0 0 0 0 2 18 2 0 0 0 0 0 0 0 0 0 0 10 10 0 0 0 0 0 0 0 0 0 0 0 0 0 9 0 0 0 0 0 0 0 0 0 0 0 1 0 0 0 0 0 0 0 0 19 2 3 9 0 0 54 0 0 0 0 0 0 0 0 0 0 0 0 0 0 0 0 2 0 13 0 0 0 0 0 0 0 0 0 0 
 2 2 2 2 3 2 2 3 2 2 2 2 2 2 2 2 5 2 2 2 48 340 163 348 137 41 37 245 358 59 131 157 60 67 475 468 640 0 33 128 0 3 0 4 2 0 0 0 2 2 0 0 25 0 2 1 0 4 62 3 0 3 0 0 0 0 3 3 0 3 0 3 6 0 3 0 0 3 3 0 0 0 0 0 0 0 0 0 0 0 0 0 0 0 0 0 0 14 0 0 11 3 34 0 11 7 0 0 0 14 35 36 20 0 19 12 0 23 0 23 0 38 0 0 0 0 8 15 0 0 0 0 30 0 0 0 9 0 1 0 0 0 0 6 4 0 0 0 0 0 0 0 0 2 0 2 0 0 0 4 0 0 3 0 1 0 0 0 0 0 0 0 0 0 0 0 0 0 0 0 14 30 1 27 23 22 0 41 12 28 1 0 0 6 7 48 12 46 0 33 8 0 0 0 0 0 0 0 0 0 0 0 0 26 0 0 0 0 2 18 0 1 0 0 0 0 0 0 0 2 0 0 0 0 0 0 0 0 0 0 0 0 0 0 0 0 0 0 0 0 0 0 0 0 1 0 1 2 2 3 3 0 0 0 0 0 2 0 0 0 0 1 0 0 0 0 0 0 0 0 0 0 0 0 0 0 0 0 0 0 
 0 0 74 0 1 1 0 0 0 149 75 27 5 0 5 143 35 150 1 1 122 141 202 72 61 52 60 114 83 109 37 115 78 349 220 190 50 33 0 146 0 3 0 4 2 0 4 0 2 2 0 0 0 0 11 0 6 3 77 0 6 3 0 0 0 0 3 5 0 3 0 9 0 0 5 0 0 3 3 0 0 0 4 14 21 21 0 0 9 2 21 0 0 0 0 0 0 11 0 0 17 1 23 1 2 16 18 12 9 7 9 1 8 11 0 22 19 0 17 0 0 0 0 0 0 0 0 0 0 0 0 0 0 1 0 0 0 0 1 3 0 0 0 0 2 0 0 0 0 0 0 0 0 0 0 0 0 0 0 0 0 0 0 25 2 36 3 0 1 1 27 9 0 0 0 0 1 19 0 0 13 18 11 0 0 0 42 0 0 0 9 0 16 1 0 10 0 0 31 10 0 0 27 0 0 2 0 0 0 20 0 0 0 0 0 0 0 0 0 0 0 0 0 0 0 1 0 0 0 0 0 0 0 0 0 0 0 0 0 0 0 0 0 0 0 0 23 0 0 0 0 0 0 0 0 0 1 0 0 0 2 0 19 0 0 0 0 0 0 0 0 0 0 0 0 0 9 0 0 0 0 0 0 0 0 0 0 0 0 0 
 0 0 3 0 0 158 1 0 0 36 224 176 0 0 0 0 0 38 0 0 135 431 132 109 161 52 216 51 144 70 127 175 290 251 272 140 108 128 146 0 0 3 0 6 2 0 0 0 2 2 0 0 1 0 2 0 0 3 0 0 0 3 0 0 0 0 2 3 0 3 0 3 0 0 3 0 0 3 3 0 0 0 0 0 25 68 0 0 0 0 54 7 0 0 0 0 0 24 0 6 0 15 76 4 0 11 19 9 9 11 11 8 71 2 21 42 11 0 0 0 0 0 0 0 0 0 0 0 0 20 0 0 0 0 0 0 0 0 0 0 0 0 5 2 0 0 0 0 0 0 0 0 0 0 0 0 0 7 0 0 2 0 2 0 44 23 0 0 6 12 11 0 0 0 0 1 0 0 0 0 0 19 0 1 9 9 8 21 11 16 0 0 27 17 23 28 16 0 38 8 0 0 0 0 0 0 0 0 1 0 0 0 0 0 0 0 0 0 0 9 0 0 0 0 0 0 0 0 0 14 0 0 0 0 0 0 0 0 0 0 0 0 0 0 0 0 0 0 0 0 0 0 0 0 6 0 0 0 0 0 9 0 0 0 0 62 0 0 0 6 0 0 0 0 0 6 0 1 0 0 0 0 0 0 0 0 25 0 0 0 
 0 0 0 0 0 0 0 0 0 0 0 0 0 0 0 0 0 0 0 0 0 0 0 0 212 1 0 0 0 0 1 0 3 0 0 0 0 0 0 0 0 148 141 48 348 16 327 141 128 30 30 29 149 117 129 83 312 43 39 329 0 0 0 0 0 0 0 0 0 0 0 2 0 0 0 0 0 1 2 0 0 0 0 0 0 0 0 0 0 0 0 0 0 0 0 0 0 0 0 0 0 0 0 0 9 0 0 0 0 0 0 0 0 0 0 0 0 0 0 0 4 15 5 18 0 0 0 0 17 22 19 11 0 25 8 24 5 31 14 15 0 0 0 0 0 0 0 0 0 0 0 0 11 0 16 0 0 0 0 0 0 0 0 0 0 0 0 4 0 0 0 9 0 9 0 0 0 0 0 0 0 0 0 0 0 0 0 0 0 12 0 0 0 0 0 0 0 0 0 0 10 34 0 0 14 50 16 0 23 7 9 0 12 7 8 6 18 0 8 0 0 0 0 0 0 0 0 16 0 0 0 0 19 1 0 0 10 0 3 7 0 0 0 0 0 0 0 0 0 0 0 2 0 2 0 0 0 0 1 2 0 0 2 0 0 1 0 0 1 0 0 0 0 0 0 0 0 0 0 0 0 0 0 0 51 0 0 0 1 0 
 0 0 2 0 0 0 0 0 0 0 0 0 0 0 0 0 0 0 0 0 3 3 5 3 3 3 3 3 3 5 7 3 3 5 3 3 3 3 3 3 148 0 142 64 57 32 117 112 172 104 60 31 266 88 334 324 377 233 38 23 3 5 4 7 0 0 0 0 0 3 0 0 4 3 3 3 5 0 0 3 0 0 0 0 0 0 0 0 0 0 0 0 0 0 0 0 0 0 0 0 0 0 17 0 0 0 0 0 0 0 0 0 10 0 0 0 0 0 0 0 23 9 24 18 0 1 0 16 8 10 7 0 20 28 0 0 0 13 0 0 7 4 3 1 0 0 0 4 5 0 8 0 9 3 0 2 0 0 16 0 0 0 0 0 0 0 0 2 0 0 0 0 0 0 0 0 0 0 0 0 0 0 0 0 0 22 0 0 0 0 0 0 0 0 0 0 1 0 0 0 0 0 12 19 0 13 0 10 0 0 10 9 12 29 20 10 11 25 5 0 9 0 4 3 0 0 12 16 10 0 0 0 0 4 0 0 0 4 13 0 0 0 0 0 0 0 0 0 1 0 0 0 0 0 0 0 0 0 0 10 0 0 2 0 2 3 2 1 0 0 19 0 0 0 0 0 0 0 0 0 0 1 0 0 2 0 0 0 1 0 
 2 2 4 2 2 2 2 2 2 2 2 2 5 2 2 2 0 2 2 2 0 0 2 1 0 1 0 0 0 2 0 0 0 2 0 3 0 0 0 0 141 142 0 112 321 107 75 113 509 309 262 261 82 130 187 127 54 332 24 242 53 0 0 6 3 4 1 4 0 0 15 2 1 0 0 0 18 0 0 0 0 0 0 0 0 0 0 15 0 0 0 0 0 0 0 0 0 0 0 0 0 0 0 0 0 0 0 0 0 0 0 0 0 0 0 0 0 0 0 0 9 0 14 15 8 0 0 0 0 10 29 14 0 1 9 49 0 45 0 0 0 11 0 0 0 0 1 10 0 0 0 0 0 13 35 0 0 0 0 8 0 0 0 0 0 0 0 5 0 0 0 0 0 0 0 0 0 0 0 0 14 0 0 0 0 11 0 0 0 0 0 0 0 0 0 0 0 0 0 0 0 0 10 31 1 76 2 0 5 1 0 16 13 7 0 0 4 0 9 0 0 0 0 0 8 7 11 27 22 0 0 0 0 2 11 0 5 0 14 18 0 0 0 0 0 0 0 0 0 1 0 2 0 1 0 0 0 1 0 0 0 0 0 0 8 2 3 1 2 0 0 0 0 0 0 8 0 0 0 0 0 0 0 0 20 0 0 11 1 0 
 1 0 0 0 2 0 0 2 0 0 0 5 1 1 0 0 2 2 1 2 5 4 11 5 3 4 2 5 4 4 4 6 5 5 3 4 3 4 4 6 48 64 112 0 360 66 67 309 80 160 87 152 94 80 74 37 136 103 55 51 4 7 50 0 2 0 50 55 3 0 0 0 76 0 58 0 0 6 86 7 0 0 0 0 0 0 0 0 0 0 0 0 0 0 0 0 0 0 0 0 0 0 0 0 0 0 0 0 0 0 0 0 0 0 0 0 0 0 0 0 1 0 1 1 25 0 0 0 0 3 1 13 0 6 0 1 0 2 0 1 21 0 0 11 0 0 0 0 3 0 0 0 22 0 19 0 17 0 0 0 0 0 0 0 0 0 0 0 0 0 7 6 0 0 0 0 0 0 0 0 0 0 0 0 6 0 0 0 0 0 0 0 0 0 0 0 0 0 0 0 9 0 0 0 6 0 13 0 0 14 1 7 0 0 0 1 1 0 0 0 13 6 0 0 0 0 0 0 0 6 0 0 11 7 17 0 0 0 0 8 0 0 15 0 0 0 0 0 0 0 2 23 0 0 0 0 0 1 0 11 0 0 4 3 0 2 4 1 0 0 0 0 0 0 2 0 1 7 0 0 0 0 0 0 0 15 0 0 2 0 
 0 0 0 0 0 0 0 0 0 0 0 0 2 0 0 0 3 0 0 0 2 2 63 16 2 54 2 3 72 2 2 15 5 5 2 2 2 2 2 2 348 57 321 360 0 141 45 146 415 92 322 147 99 69 135 51 109 111 47 108 0 0 0 15 0 2 49 52 1 0 0 2 92 0 0 0 0 2 0 0 0 0 0 0 13 0 0 0 0 0 0 0 0 0 0 0 0 0 0 0 0 0 0 0 3 0 0 0 0 0 0 0 0 0 0 0 0 0 0 0 4 2 7 26 16 0 0 5 6 24 46 0 0 25 9 25 0 32 0 0 0 0 40 0 0 0 25 0 0 0 0 0 33 0 29 0 0 0 0 0 0 0 0 0 0 0 0 0 0 0 5 4 0 0 0 0 13 0 0 0 0 0 0 0 0 3 0 0 0 0 0 0 0 0 0 0 0 0 0 0 0 14 3 22 12 6 0 1 49 19 0 15 4 0 9 0 3 4 0 15 0 9 0 0 0 0 5 36 20 5 0 0 4 9 0 18 14 0 65 16 0 0 0 0 0 0 0 0 0 0 0 8 0 0 0 0 0 0 0 0 0 27 0 0 1 1 2 1 0 0 0 0 0 0 0 0 0 0 0 0 0 0 0 0 19 0 0 0 0 0 
 0 0 0 2 0 0 0 0 0 6 0 0 0 0 0 0 0 0 0 0 1 0 0 0 0 3 0 0 0 0 0 0 0 0 0 2 0 0 0 0 16 32 107 66 141 0 35 154 78 107 189 162 38 242 70 187 156 55 74 41 52 3 0 0 0 54 105 54 1 0 0 0 76 0 81 0 50 0 0 51 0 0 0 0 0 0 0 0 60 0 0 0 0 0 0 0 0 0 0 0 0 0 0 0 0 0 0 0 0 0 0 10 0 0 0 0 0 0 0 0 0 0 0 0 43 46 0 0 0 0 0 9 0 0 0 0 0 0 0 0 27 12 0 39 0 0 31 0 0 0 0 0 52 10 35 0 25 0 1 10 0 0 0 0 0 0 0 0 0 0 7 6 0 0 0 9 0 0 0 0 0 0 0 0 0 0 0 0 0 0 0 0 0 0 0 0 0 0 0 0 0 0 0 13 0 0 0 0 1 0 0 0 0 0 1 0 0 8 0 0 25 5 16 0 0 0 21 48 0 6 0 0 26 23 32 3 9 0 11 18 20 0 0 0 0 0 0 0 0 0 0 10 0 0 0 0 0 0 0 4 0 0 1 0 63 1 4 0 0 0 0 0 0 0 0 0 0 0 0 0 0 0 0 0 1 0 0 0 1 0 
 0 0 0 0 62 0 0 0 0 0 0 0 0 0 0 0 3 0 62 0 20 0 0 3 0 20 0 2 0 0 0 62 0 3 0 2 0 0 4 0 327 117 75 67 45 35 0 202 68 43 33 22 148 135 123 110 476 387 115 37 0 0 4 0 0 0 0 0 0 0 0 0 0 0 0 0 0 0 0 0 0 0 0 0 0 0 0 0 0 0 0 0 0 0 0 0 0 0 0 0 0 0 0 0 0 3 0 0 0 0 0 13 0 0 0 0 0 0 0 0 25 81 42 18 2 0 19 22 24 0 8 0 0 21 28 16 66 0 23 7 0 0 0 0 0 0 0 4 0 0 0 0 3 0 0 2 0 0 0 0 0 0 0 0 0 0 0 3 0 2 0 0 0 0 0 0 0 0 0 0 0 0 0 0 14 1 0 0 0 0 0 0 0 0 0 0 0 0 0 0 0 15 10 1 0 8 0 21 4 9 26 0 11 22 24 18 24 37 11 9 0 0 0 0 0 0 0 15 0 0 0 0 0 0 3 0 0 0 0 0 0 0 0 0 0 0 0 0 0 0 0 3 0 1 0 0 0 0 0 22 0 0 0 0 0 1 12 0 0 0 0 0 0 0 0 0 0 0 0 0 0 0 0 0 3 0 0 0 0 0 
 0 0 3 0 0 0 0 0 0 0 0 3 60 0 0 0 0 0 0 0 0 0 3 64 52 0 0 0 0 6 0 131 0 0 0 0 0 0 0 0 141 112 113 309 146 154 202 0 247 133 332 31 190 121 133 114 338 73 103 77 1 23 2 2 0 0 1 0 0 2 205 203 0 0 2 1 0 0 0 0 0 0 0 0 0 0 0 0 0 0 0 0 0 0 0 0 0 0 0 0 0 0 0 0 4 0 0 0 0 5 0 0 0 0 0 0 0 0 0 0 18 27 29 0 0 0 8 0 54 2 2 0 0 0 0 0 26 15 38 21 0 0 0 0 0 0 16 7 0 0 0 0 45 0 0 1 0 0 9 15 0 0 0 0 0 0 0 0 0 0 0 0 0 0 0 0 0 0 0 0 0 0 0 0 2 0 0 0 0 0 0 0 0 0 0 14 0 0 0 0 0 38 0 20 27 21 1 8 81 0 81 15 4 0 32 36 69 0 33 1 0 0 0 0 4 0 21 0 0 0 0 0 12 0 13 0 0 0 8 42 0 0 1 0 0 0 0 0 0 0 0 13 0 0 0 0 0 62 0 0 0 0 2 66 5 0 1 0 2 0 20 0 0 0 0 0 0 0 0 0 0 0 0 0 14 10 0 0 2 0 
 0 0 0 0 0 0 0 0 0 0 0 0 0 0 0 0 0 0 0 0 2 1 2 1 1 65 1 3 2 2 2 2 2 3 2 1 1 2 2 2 128 172 509 80 415 78 68 247 0 340 708 100 105 85 83 151 143 99 58 64 0 0 0 6 0 0 0 0 58 0 0 0 2 0 0 0 0 0 3 0 0 0 0 0 0 0 0 0 0 0 0 0 0 0 0 0 0 0 13 0 0 0 0 0 0 0 0 0 0 0 0 0 0 0 0 0 0 0 0 0 0 0 42 13 25 1 0 0 8 62 25 25 0 0 20 0 17 36 0 0 0 1 0 0 0 0 23 0 0 0 0 0 7 10 24 0 0 0 11 5 0 0 0 0 0 0 0 0 0 0 0 0 0 0 0 0 0 0 0 0 0 0 0 10 0 0 0 0 0 0 0 0 0 0 0 0 0 0 0 0 0 0 0 65 12 22 0 39 13 9 31 18 0 1 0 5 0 7 0 0 15 0 0 0 0 0 21 0 20 0 0 0 0 8 5 9 26 0 25 9 0 0 0 0 0 0 0 0 0 0 0 4 0 0 0 0 0 0 0 1 0 0 2 1 69 4 0 0 0 0 0 0 0 0 0 0 0 0 0 0 0 0 6 0 24 0 0 0 2 0 
 0 0 5 0 62 0 0 0 0 0 0 62 0 0 0 3 3 0 0 0 2 2 2 2 2 2 2 2 2 2 4 2 2 2 2 2 2 2 2 2 30 104 309 160 92 107 43 133 340 0 271 59 76 104 113 351 126 265 48 370 56 0 0 0 0 0 0 0 0 0 0 2 0 0 0 0 0 1 0 0 0 0 0 0 0 6 0 0 0 0 0 0 0 0 0 0 0 0 0 0 0 0 0 14 8 0 0 0 0 0 0 0 0 0 0 0 0 0 0 0 11 0 0 0 27 0 0 0 32 2 0 24 10 12 14 0 16 15 10 3 2 12 0 0 0 6 0 20 0 0 0 0 3 2 23 10 0 0 9 14 0 0 0 0 0 0 0 0 0 0 0 0 0 0 0 0 0 0 0 0 0 0 0 0 0 0 0 0 0 0 0 0 0 0 0 0 0 0 0 0 10 37 0 41 14 22 15 14 30 0 10 16 8 41 31 29 2 0 0 0 1 0 0 0 0 2 22 0 0 0 0 0 0 0 10 0 23 0 0 10 0 0 0 0 0 0 0 0 0 0 0 0 0 0 0 0 0 0 0 13 0 0 0 65 39 2 1 0 0 0 11 0 0 0 0 0 0 0 0 0 0 0 0 0 13 0 0 25 1 0 
 0 0 0 0 0 0 0 0 0 0 56 0 66 0 0 0 0 0 0 0 0 0 0 0 28 1 0 0 0 0 0 0 0 0 0 0 0 0 0 0 30 60 262 87 322 189 33 332 708 271 0 180 47 23 67 124 535 352 29 36 106 2 9 4 53 0 0 0 1 0 0 0 1 0 2 0 0 0 0 0 0 0 0 0 0 0 0 0 0 0 0 0 0 0 0 0 0 0 0 0 0 0 0 0 0 0 0 0 0 0 0 0 0 0 0 0 0 0 0 0 0 44 0 16 31 1 0 0 3 19 24 6 0 1 9 20 11 40 0 0 11 25 2 0 0 0 42 43 0 1 8 0 5 16 12 0 0 0 20 30 0 0 0 0 0 0 0 0 0 0 0 0 0 0 0 0 0 0 0 0 0 0 0 0 0 22 0 0 0 0 0 0 0 0 0 0 8 0 0 0 0 1 0 38 12 19 0 10 3 0 19 20 0 1 1 1 0 6 0 0 17 0 3 0 0 0 17 22 18 0 0 0 0 7 24 9 6 3 1 55 0 0 0 0 0 0 0 0 0 0 0 7 0 0 0 0 0 0 0 10 0 0 0 11 18 0 2 0 0 0 1 0 0 0 0 0 0 0 0 0 0 0 0 0 18 0 0 12 2 0 
 0 0 0 0 0 0 0 0 0 0 0 0 0 0 0 0 0 66 0 0 0 0 0 0 0 0 0 0 0 0 0 1 3 4 1 0 0 0 0 0 29 31 261 152 147 162 22 31 100 59 180 0 103 98 30 253 196 73 48 27 23 6 0 0 9 2 112 4 4 0 0 0 91 0 0 0 0 10 26 5 0 0 0 0 0 11 0 0 0 0 0 0 0 0 0 0 0 0 0 0 0 0 0 0 0 0 0 0 0 0 0 0 0 0 0 0 0 0 0 0 0 0 0 3 2 28 0 0 0 33 14 33 0 4 0 0 14 0 0 1 0 6 0 4 8 0 23 0 0 0 0 0 1 0 22 0 6 3 8 0 0 0 0 0 0 0 0 0 0 0 0 6 0 0 0 0 0 0 0 0 0 0 0 0 0 0 0 0 0 0 0 0 0 0 0 0 0 0 0 0 0 0 3 8 26 11 0 0 0 0 8 24 0 0 0 1 0 0 0 0 7 24 0 0 0 0 30 10 8 7 0 22 13 0 0 37 20 0 15 0 11 0 15 0 0 0 0 0 0 0 0 10 0 0 0 0 0 0 0 15 0 0 74 0 0 3 0 61 2 0 0 0 0 0 0 0 0 0 0 0 0 0 0 0 0 17 0 0 1 13 
 0 0 0 0 0 0 0 0 0 0 0 0 0 0 0 0 3 0 2 0 0 0 56 8 4 125 0 3 63 64 0 9 0 0 3 0 62 25 0 1 149 266 82 94 99 38 148 190 105 76 47 103 0 171 119 237 67 58 141 126 0 3 0 0 0 51 0 0 0 0 0 0 0 0 0 0 0 4 7 6 0 1 0 0 0 0 0 0 0 0 0 0 0 0 0 0 0 0 0 0 0 0 0 9 3 2 20 0 0 0 0 2 0 0 0 11 12 0 0 0 22 10 8 0 0 0 0 39 4 0 0 2 0 14 11 21 20 0 15 7 0 0 0 0 0 0 0 4 0 0 0 0 0 0 0 1 0 0 0 0 0 0 0 0 0 0 0 5 0 0 0 0 0 0 0 0 0 0 0 0 0 0 0 0 0 22 0 0 0 0 17 24 0 0 0 0 0 1 0 0 22 18 27 0 7 52 18 0 0 0 8 4 60 23 9 0 16 12 10 10 0 1 0 0 0 0 0 27 0 0 0 0 0 16 0 0 0 0 0 0 0 0 10 0 0 0 0 0 0 0 0 0 0 1 0 0 0 1 0 0 0 0 0 0 0 1 2 1 0 10 0 0 0 0 0 0 0 0 0 13 0 0 0 0 0 10 0 0 0 0 
 0 0 2 0 0 0 0 0 0 0 0 0 0 0 0 0 0 0 0 0 0 0 93 20 0 2 0 0 1 66 74 19 2 0 0 2 0 0 0 0 117 88 130 80 69 242 135 121 85 104 23 98 171 0 230 35 32 123 92 158 0 4 0 0 4 0 0 0 0 204 0 0 0 0 0 0 0 3 13 4 0 0 0 0 0 0 0 0 0 0 0 0 0 0 0 0 0 0 0 0 0 0 0 5 11 4 0 0 4 12 0 0 0 0 0 0 0 0 0 0 9 10 14 9 0 0 11 10 0 0 2 5 0 7 0 32 0 1 1 10 0 0 8 0 0 0 1 1 0 0 0 0 0 0 0 0 1 12 9 0 0 0 0 0 0 0 0 6 0 0 0 0 0 0 0 0 0 0 0 0 0 0 0 0 12 35 0 0 0 9 0 0 0 0 0 0 0 0 0 0 41 11 20 0 8 19 30 4 0 1 0 0 22 6 0 11 3 10 27 8 0 0 0 0 0 0 0 18 0 0 0 0 0 1 0 0 0 0 55 0 0 0 14 0 0 0 0 0 0 0 0 8 0 2 0 0 0 40 1 2 0 0 0 0 2 2 0 5 0 0 0 0 0 0 0 0 0 0 0 0 0 0 0 0 0 14 0 0 1 0 
 2 2 2 2 3 2 1 1 0 2 0 2 0 0 2 2 1 0 1 1 2 2 2 1 3 0 0 2 2 2 27 1 2 2 0 0 1 2 11 2 129 334 187 74 135 70 123 133 83 113 67 30 119 230 0 112 83 48 51 103 0 0 0 8 3 6 49 0 0 8 6 3 2 0 1 11 6 0 6 0 0 7 0 0 0 0 0 0 0 0 0 0 0 0 0 0 0 0 0 0 0 0 0 0 0 0 0 0 0 0 0 0 0 0 0 0 0 0 0 0 2 0 3 6 0 0 0 0 0 0 42 16 0 10 0 0 0 21 0 0 0 0 0 0 0 2 8 0 0 0 0 0 12 0 0 0 0 0 0 0 0 0 0 0 0 0 0 4 0 0 0 0 0 0 0 6 0 0 0 0 0 0 0 0 0 1 0 0 0 0 0 0 0 14 0 0 0 0 0 0 0 11 1 1 14 14 0 0 9 9 0 23 12 3 10 0 9 0 16 0 0 0 0 0 0 0 11 37 0 0 0 0 9 0 7 0 0 0 35 0 0 0 0 0 0 0 2 0 0 0 0 6 0 2 0 0 0 2 0 2 0 0 0 0 1 2 4 65 0 0 0 0 0 0 0 0 0 0 0 0 0 0 0 0 6 0 0 0 2 0 
 0 0 0 0 0 0 0 0 0 0 0 0 0 0 0 0 3 0 0 0 0 0 0 0 0 0 23 3 0 0 0 0 1 5 0 0 0 1 0 0 83 324 127 37 51 187 110 114 151 351 124 253 237 35 112 0 76 301 15 116 57 0 0 0 0 26 0 0 0 0 293 0 16 0 0 0 0 0 57 0 0 0 0 0 0 0 0 0 0 0 0 0 0 0 0 0 0 0 0 0 0 0 0 1 9 0 0 0 0 0 0 0 0 0 0 0 0 0 0 0 0 42 13 0 42 0 0 0 0 1 1 28 8 0 1 1 0 1 46 11 0 11 0 0 0 0 7 20 0 0 0 0 0 4 21 0 0 0 0 48 0 0 0 0 0 0 0 0 0 0 38 0 10 0 0 0 0 0 0 0 0 0 0 0 0 0 0 0 0 0 0 33 0 0 0 0 0 0 0 1 10 5 0 18 0 7 10 0 11 19 18 10 7 0 1 8 0 13 0 0 13 0 0 0 0 0 6 0 0 0 0 0 0 0 10 0 21 0 10 12 0 0 0 0 0 0 2 0 0 0 0 8 0 1 0 2 0 0 0 6 0 0 3 1 45 18 2 1 0 0 0 0 0 0 0 0 0 0 0 0 0 0 0 0 0 0 0 42 1 0 
 0 0 0 0 0 0 0 0 0 0 0 4 0 0 0 0 0 0 63 0 0 0 0 3 0 0 0 0 14 5 0 0 0 2 0 4 0 0 6 0 312 377 54 136 109 156 476 338 143 126 535 196 67 32 83 76 0 67 14 23 0 10 0 0 0 0 69 53 1 0 0 0 50 0 0 0 0 9 7 78 0 0 0 0 0 0 0 0 0 0 0 0 0 0 0 0 0 0 0 0 0 0 14 5 0 0 0 0 0 0 0 6 0 0 0 0 0 0 0 0 17 1 1 31 15 0 0 0 2 18 45 0 18 34 31 0 0 1 0 10 5 0 0 0 0 0 32 0 0 0 0 0 34 0 21 0 0 0 0 0 0 0 0 0 0 0 0 0 0 0 15 4 0 0 0 0 0 0 0 0 0 0 5 6 13 0 0 0 0 0 10 0 0 0 0 0 0 0 0 0 9 26 0 3 11 2 13 20 13 9 0 0 0 11 22 0 0 0 0 0 0 38 0 0 0 0 0 0 0 0 0 0 20 0 1 18 0 0 15 11 0 0 16 0 0 0 0 0 0 29 0 5 0 1 0 0 0 0 6 1 0 0 2 0 1 3 0 1 0 0 11 0 0 0 0 0 0 0 0 0 0 8 0 0 50 18 0 0 1 0 
 0 0 0 0 0 0 0 0 0 65 0 0 0 0 0 0 0 0 0 0 3 4 3 7 3 3 3 3 3 3 3 66 6 6 3 3 3 4 3 3 43 233 332 103 111 55 387 73 99 265 352 73 58 123 48 301 67 0 8 65 0 2 0 10 3 5 0 0 0 207 0 0 17 0 0 0 0 0 53 0 0 0 0 0 0 0 0 0 0 0 0 0 0 0 0 0 0 0 0 0 0 0 0 0 0 0 0 0 0 0 0 0 0 0 0 0 0 0 0 0 22 21 16 34 4 0 0 0 18 0 19 15 0 1 0 0 0 26 0 0 0 0 0 0 0 0 0 0 0 0 0 0 0 0 0 0 0 0 9 7 0 0 0 0 0 0 0 2 0 0 0 0 0 0 0 0 0 0 0 0 0 0 0 0 0 0 0 0 0 0 0 0 0 0 0 0 0 0 0 0 0 2 0 0 0 1 0 0 0 17 11 7 0 0 1 22 5 6 0 0 9 0 0 0 0 0 11 1 0 0 0 0 0 0 0 0 0 0 38 0 0 0 0 0 0 0 0 0 0 0 0 7 0 0 0 0 0 0 0 15 0 0 0 0 3 12 0 63 4 0 0 0 0 0 0 0 0 0 0 0 0 0 0 0 1 0 0 0 1 0 
 0 0 0 0 0 0 0 0 0 0 0 0 0 0 0 0 0 0 0 0 0 0 125 22 0 66 0 0 0 94 60 5 3 0 1 0 24 62 77 0 39 38 24 55 47 74 115 103 58 48 29 48 141 92 51 15 14 8 0 140 44 0 30 0 0 0 0 0 0 2 0 0 2 0 1 51 0 0 0 0 0 0 0 0 0 0 25 0 0 0 0 0 0 0 0 0 0 0 0 20 0 0 0 0 0 1 0 0 0 0 0 13 11 7 0 5 14 0 0 0 20 26 8 0 0 0 19 57 0 0 0 0 25 10 43 30 21 0 10 22 0 0 0 0 0 0 0 19 0 0 0 0 2 0 0 3 0 0 0 0 0 0 0 0 0 0 0 0 0 0 0 0 0 0 0 0 0 0 0 0 0 0 0 1 9 30 0 0 1 9 23 13 0 0 0 0 0 3 0 0 6 1 21 0 0 0 20 16 0 0 9 0 8 0 32 0 6 19 2 3 0 0 0 0 7 0 0 0 0 0 0 0 0 9 0 0 0 0 0 0 0 0 0 0 0 0 0 0 0 0 0 15 0 0 0 0 0 1 56 0 0 0 0 0 0 4 14 0 0 0 0 0 0 0 0 0 0 0 0 18 0 0 0 0 0 0 0 0 2 0 
 0 0 0 2 0 0 0 0 0 0 0 3 0 0 0 0 2 0 0 0 0 0 86 7 0 61 0 0 0 123 66 63 1 0 0 0 117 3 0 0 329 23 242 51 108 41 37 77 64 370 36 27 126 158 103 116 23 65 140 0 0 0 0 0 0 0 2 1 0 0 0 0 2 1 3 0 0 0 0 0 0 0 0 0 0 0 0 0 0 0 0 0 0 0 0 0 0 0 0 0 0 0 0 8 30 11 0 0 0 14 0 0 0 0 0 12 21 0 0 0 19 0 0 0 0 0 49 34 9 0 0 0 2 12 23 0 32 0 31 27 0 0 0 0 0 2 6 0 0 0 0 0 0 0 0 0 0 0 2 0 0 0 0 0 0 0 0 0 0 0 0 0 0 0 0 0 0 0 0 0 0 0 0 10 11 0 0 0 8 12 6 16 0 0 0 0 0 9 0 0 43 32 0 0 0 41 73 2 3 17 6 0 14 0 0 19 14 0 1 9 0 0 0 0 0 0 0 0 0 0 0 0 0 10 0 0 0 0 0 0 0 0 1 0 0 0 0 0 0 0 0 5 0 0 0 0 0 2 0 0 0 0 0 0 0 3 2 0 0 0 0 0 0 0 0 0 0 0 0 10 0 0 0 0 0 0 0 0 2 0 
 0 0 0 0 0 38 0 0 0 0 0 0 0 0 0 0 0 0 0 0 0 0 0 0 0 0 0 2 0 0 0 0 0 5 0 0 0 0 6 0 0 3 53 4 0 52 0 1 0 56 106 23 0 0 0 57 0 0 44 0 0 517 154 53 66 27 137 65 91 51 32 35 74 280 113 44 70 23 293 101 0 0 0 0 0 0 8 0 0 0 0 0 0 0 0 0 0 0 0 0 0 0 0 0 0 0 0 0 0 0 0 12 0 0 0 0 0 0 0 0 0 0 0 0 15 19 0 0 0 0 7 9 0 0 0 0 0 0 0 0 0 42 0 9 9 0 0 8 1 8 0 15 0 22 8 51 12 0 0 6 0 0 0 0 0 0 0 0 0 0 0 0 0 0 0 0 0 0 0 0 0 0 0 0 0 0 0 0 0 0 0 0 0 0 0 0 0 0 0 0 0 0 0 0 18 0 0 0 0 0 0 10 0 0 0 0 0 0 0 0 23 12 16 7 0 0 37 0 7 8 10 0 19 0 1 41 19 4 19 26 29 0 0 0 0 0 0 0 0 0 0 0 0 0 9 0 0 0 0 0 0 0 62 0 68 0 9 0 0 0 2 0 0 0 0 0 0 0 0 0 0 0 0 0 0 0 0 18 0 0 
