 0 249 58 50 255 42 259 235 173 115 126 44 51 195 169 216 34 92 130 33 0 3 0 0 0 3 3 4 0 0 5 0 0 0 5 2 0 3 0 6 3 3 2 0 3 0 0 2 0 0 0 0 0 0 0 0 0 3 0 0 0 0 2 0 3 2 0 35 0 0 0 3 0 0 0 0 0 1 3 2 10 12 4 1 10 17 14 11 0 6 0 0 10 19 0 10 31 7 11 18 0 0 0 0 0 21 0 0 0 0 0 0 1 0 6 0 0 0 41 0 1 0 0 0 0 0 0 0 0 0 0 0 11 0 0 0 0 0 4 0 0 0 2 1 0 0 0 0 0 0 0 0 0 0 0 0 0 0 0 0 0 16 0 11 24 4 0 10 23 7 9 10 15 2 8 0 14 23 13 13 0 0 0 2 0 0 0 0 1 0 0 0 0 0 0 0 0 0 25 0 0 0 0 0 0 0 0 0 0 0 28 0 0 0 0 0 0 0 0 0 0 0 0 0 0 0 0 0 0 0 0 19 0 0 0 0 0 19 0 0 0 15 0 0 0 0 1 0 2 0 0 26 21 0 0 0 0 2 0 0 0 0 0 0 0 0 2 0 0 0 0 0 0 0 0 0 0 10 0 0 0 0 0 0 0 0 0 0 0 2 
 249 0 277 51 121 40 314 504 197 125 354 37 576 284 70 63 121 158 352 165 0 1 1 9 0 3 0 3 0 0 2 0 62 0 1 0 0 0 82 3 5 3 1 0 53 0 0 0 0 0 0 0 0 0 0 0 0 3 0 0 0 0 2 0 3 0 0 0 0 0 0 8 0 0 0 0 0 0 3 2 0 80 24 14 11 13 0 25 39 27 10 62 13 14 0 28 0 44 2 9 12 0 0 0 0 0 0 1 0 0 2 0 0 0 0 0 0 0 4 0 0 0 0 0 0 0 0 0 0 0 0 0 0 0 0 0 0 0 0 0 0 0 0 0 0 0 0 0 0 0 0 15 0 5 0 0 0 0 0 0 12 2 50 17 0 11 0 0 9 12 1 0 2 12 0 19 42 10 0 0 0 0 0 0 1 0 1 0 0 0 0 0 16 0 0 0 0 0 6 0 0 0 0 0 0 0 0 0 0 0 0 0 0 0 0 0 0 0 0 0 0 0 0 0 0 0 0 0 0 0 0 1 0 0 0 0 0 0 0 0 0 0 0 0 0 4 178 0 67 1 0 11 17 0 0 0 0 0 0 0 0 0 0 0 0 0 0 0 0 0 0 0 0 0 0 0 0 0 0 0 0 0 0 0 0 0 0 0 0 0 
 58 277 0 392 132 114 198 103 172 60 147 198 80 157 61 74 388 147 70 137 0 2 33 0 0 3 21 3 0 0 4 0 56 0 2 0 2 0 75 3 4 3 0 0 0 0 0 0 0 0 0 0 0 0 0 0 0 3 0 0 0 0 3 0 3 0 26 0 1 0 0 0 0 0 0 0 0 0 2 3 14 46 19 33 0 10 0 27 26 16 10 72 11 15 0 26 29 15 1 21 23 0 0 0 0 0 17 11 0 0 0 0 14 0 0 0 0 0 12 12 0 0 0 0 0 0 0 1 0 0 0 0 0 0 0 0 0 0 0 0 0 0 0 0 19 0 0 0 0 0 0 0 0 11 0 0 0 0 0 0 12 14 19 0 0 0 0 9 17 10 10 15 0 78 8 33 12 71 0 8 11 0 0 0 0 0 10 0 16 0 0 0 18 1 0 6 0 0 0 0 0 0 0 3 0 0 0 13 0 0 0 0 0 0 0 0 0 0 0 0 0 0 11 0 0 0 9 0 0 0 0 0 0 0 0 0 0 11 0 0 0 0 0 0 0 2 176 0 0 3 8 8 0 0 0 0 0 0 0 0 0 0 0 0 0 0 0 0 0 0 0 0 0 0 0 0 0 0 0 0 0 0 0 0 0 0 0 0 0 0 
 50 51 392 0 275 301 534 77 228 270 163 261 48 71 62 114 442 63 62 80 75 0 0 0 66 3 303 3 0 0 2 0 96 1 0 0 0 0 121 180 5 3 2 0 0 0 0 63 0 0 0 0 0 0 0 87 0 3 0 0 0 3 3 0 3 0 0 0 1 0 2 0 0 0 0 0 0 0 2 3 0 0 10 0 22 34 0 0 42 22 26 23 0 0 15 0 20 11 0 0 0 42 14 0 0 17 12 35 0 0 0 0 25 27 48 12 0 0 35 0 0 0 0 0 0 0 0 9 0 0 15 0 0 0 0 0 0 0 0 0 0 0 0 0 0 10 0 0 0 0 0 0 0 0 0 7 0 0 0 0 0 0 0 11 15 25 2 0 0 0 0 31 0 0 0 0 12 13 0 0 62 0 1 0 0 0 44 10 11 0 0 0 41 35 0 0 0 0 0 30 0 0 0 0 0 0 0 0 0 0 0 0 0 0 0 0 0 0 0 0 0 0 0 0 0 0 0 0 0 0 0 0 0 0 0 0 0 0 0 0 0 0 0 0 0 2 2 0 0 144 17 11 0 0 0 0 0 0 0 0 0 0 10 0 0 0 0 0 0 0 0 0 0 0 0 28 22 0 0 0 0 0 0 0 0 0 0 0 0 0 
 255 121 132 275 0 185 261 47 212 170 240 211 63 65 186 259 388 48 80 70 22 76 77 0 3 9 94 76 84 0 7 3 90 106 3 0 9 3 74 161 3 5 0 63 3 2 0 0 1 0 0 4 0 0 0 10 0 7 1 0 0 0 53 0 3 2 0 0 0 0 5 1 0 0 0 0 0 0 3 3 0 11 1 28 18 11 0 9 11 1 0 22 0 1 8 13 4 0 0 0 0 22 13 0 11 0 10 23 1 0 10 0 26 34 42 12 10 0 17 1 0 0 0 0 0 0 0 21 0 0 7 19 0 0 0 0 0 19 0 0 0 0 0 0 0 0 0 0 0 0 0 0 0 0 0 18 0 0 0 0 0 0 0 10 25 26 0 0 0 0 0 24 1 0 0 3 1 1 50 0 40 0 3 0 1 18 11 0 13 0 0 7 10 14 17 0 0 0 0 14 0 0 0 0 0 0 11 1 1 0 0 0 0 0 0 0 0 0 0 0 0 0 0 0 0 14 0 7 0 0 0 1 0 0 0 0 0 0 0 0 0 0 0 0 0 0 2 0 5 3 18 14 2 2 0 0 0 0 0 0 0 0 13 0 0 0 12 0 0 0 0 0 0 0 0 0 7 0 0 0 0 0 0 0 0 0 0 0 0 0 
 42 40 114 301 185 0 31 114 112 53 408 405 31 57 47 146 192 129 39 50 24 0 0 0 0 3 38 3 0 0 4 3 122 74 38 2 0 1 90 102 3 3 0 64 0 0 0 0 0 3 0 0 3 0 0 7 0 5 3 2 2 0 3 0 3 0 0 0 0 0 33 0 0 0 0 2 2 3 3 3 0 27 0 52 18 10 0 9 23 22 12 40 0 9 13 0 12 0 0 1 20 0 0 2 0 0 37 48 12 0 0 0 36 18 10 10 7 0 8 13 19 1 0 0 0 0 0 1 0 0 12 14 6 0 0 0 0 0 0 0 0 0 0 0 0 1 0 0 0 0 0 0 0 2 0 8 0 0 0 0 11 0 1 10 0 17 14 0 0 0 0 29 0 8 0 0 1 24 25 1 21 0 0 0 0 0 12 7 12 0 17 7 11 14 16 0 8 5 23 8 0 0 0 0 0 0 0 0 0 0 0 0 0 0 0 0 0 0 0 0 0 0 0 1 0 0 0 0 0 0 0 0 1 0 0 0 0 0 0 0 0 0 0 0 0 3 87 0 6 7 8 8 12 0 0 0 0 0 2 0 0 0 7 0 0 0 0 0 0 0 0 0 0 0 0 16 0 0 0 0 0 0 0 0 0 2 0 0 0 0 
 259 314 198 534 261 31 0 217 132 62 137 27 304 217 162 43 335 134 238 192 0 1 0 0 0 3 0 3 0 2 2 0 0 0 3 0 0 1 0 3 40 62 0 0 14 0 0 0 0 0 0 0 0 0 0 0 0 3 87 0 0 0 2 0 3 0 0 0 0 0 0 6 0 0 0 0 0 0 3 2 27 29 6 0 0 3 10 0 0 14 0 0 20 10 17 0 25 0 17 14 10 0 0 0 0 0 0 0 0 0 0 0 0 0 0 0 0 0 5 0 0 0 0 0 0 0 0 0 0 0 0 0 10 9 0 15 0 0 0 0 0 0 0 0 0 0 6 0 0 0 0 0 0 0 0 0 0 0 2 0 0 15 5 14 0 3 11 14 9 21 0 0 24 30 36 15 0 31 15 22 0 0 0 0 0 0 1 0 0 0 0 0 0 0 0 0 0 0 14 0 0 0 0 0 0 0 0 9 0 0 0 0 0 0 0 0 0 0 0 19 0 0 0 0 0 0 0 0 0 0 0 16 0 0 0 0 0 0 0 0 0 0 0 0 0 3 0 0 0 0 0 9 20 0 0 0 0 0 0 0 0 0 10 0 0 0 0 0 0 0 15 0 0 0 0 0 0 0 0 0 0 0 0 0 0 0 0 0 0 0 
 235 504 103 77 47 114 217 0 175 132 382 116 340 423 231 58 34 182 130 97 1 1 0 83 73 4 0 5 0 0 2 0 2 0 2 0 0 0 0 4 2 3 0 0 0 0 0 0 0 0 0 0 0 0 0 0 0 2 0 0 0 0 2 0 2 0 0 0 0 0 0 3 0 0 0 0 0 0 3 2 9 25 41 21 41 29 14 21 5 13 0 3 0 15 8 20 0 32 8 13 0 0 0 0 0 0 16 0 8 0 0 0 0 0 0 0 0 2 32 0 2 0 0 0 0 0 0 0 0 0 0 0 0 0 0 0 0 0 0 2 0 0 1 2 0 0 0 0 0 0 0 0 0 0 0 0 0 0 0 0 13 7 18 2 0 16 24 0 40 1 14 1 0 22 9 14 33 10 1 14 0 0 2 1 15 0 7 0 0 0 0 0 0 21 0 0 0 0 22 0 0 0 0 0 0 0 0 0 0 0 0 0 0 0 0 1 0 0 0 0 0 0 9 0 0 0 0 0 0 0 0 0 0 0 11 1 0 0 0 0 0 4 0 0 0 2 92 0 99 46 0 11 20 0 0 0 0 0 0 0 0 0 0 0 0 0 1 0 0 0 0 0 0 0 0 14 8 15 0 0 0 0 0 0 0 0 0 0 0 0 
 173 197 172 228 212 112 132 175 0 144 225 193 253 210 216 138 192 219 152 138 0 0 0 2 0 5 1 51 0 0 2 3 156 0 1 0 1 0 98 147 3 6 0 0 0 0 0 0 0 0 0 0 3 18 0 7 0 3 0 0 0 0 5 3 5 45 0 0 0 0 0 3 0 0 1 0 0 1 3 38 0 13 17 20 22 10 1 12 4 14 0 10 0 0 39 0 0 15 1 0 17 0 0 0 0 0 0 0 0 0 0 0 18 0 17 0 1 0 53 0 0 0 0 0 0 0 15 3 0 0 12 0 0 0 0 0 0 0 0 0 0 0 0 0 0 0 0 0 0 0 0 0 0 8 0 0 0 0 0 0 0 0 0 23 2 0 2 0 0 8 0 26 8 43 14 0 11 0 44 1 0 0 0 0 0 0 0 1 0 0 1 0 25 13 0 11 0 0 10 0 0 0 0 0 0 0 0 0 0 0 0 0 0 2 0 0 0 0 0 0 0 0 0 0 0 0 0 0 0 0 1 0 0 1 0 0 0 0 0 0 0 1 0 0 0 0 1 2 0 0 0 16 13 0 0 0 0 0 0 0 0 0 20 0 0 0 0 0 0 0 0 0 0 0 0 0 0 0 0 0 0 0 0 0 5 0 0 0 0 0 
 115 125 60 270 170 53 62 132 144 0 273 229 49 90 190 87 196 349 183 176 1 2 0 0 0 3 19 3 0 0 2 1 0 3 1 2 0 0 73 76 3 3 0 39 0 0 0 0 0 0 3 3 0 2 3 33 0 3 0 0 0 0 39 0 3 0 0 0 0 0 0 0 0 0 0 1 0 0 3 3 10 6 10 14 35 23 25 11 26 24 0 14 1 0 20 5 21 35 23 0 0 0 11 0 0 0 15 30 0 0 0 0 37 14 10 0 0 0 25 12 0 0 0 0 0 0 0 0 0 0 0 0 0 0 0 0 0 0 0 0 0 0 0 0 0 0 0 0 0 0 0 0 0 0 0 5 0 0 0 0 0 0 1 0 1 0 0 0 26 0 0 30 0 0 12 13 32 16 0 0 20 0 0 0 0 0 38 0 10 0 0 0 24 20 0 0 0 0 0 11 0 0 0 0 0 0 22 0 0 0 0 0 0 0 0 0 0 0 0 0 0 0 0 0 0 0 0 0 0 8 0 0 0 0 0 0 0 0 0 0 0 0 0 0 0 1 98 0 2 95 8 3 0 0 0 0 0 0 0 0 0 0 61 0 0 2 0 0 0 0 0 0 0 0 0 11 14 0 0 0 0 0 0 0 0 0 0 0 0 0 
 126 354 147 163 240 408 137 382 225 273 0 49 118 45 250 138 294 548 46 146 6 1 2 6 0 3 78 4 1 1 2 0 96 0 4 2 2 1 57 89 3 3 2 0 0 0 0 3 0 0 0 0 0 3 1 5 1 68 50 0 3 0 2 2 3 2 0 4 0 0 0 16 3 0 0 0 0 4 35 2 8 18 16 0 12 1 0 11 20 13 15 52 0 10 31 38 0 28 19 0 15 15 0 0 0 0 10 0 0 0 0 0 0 13 0 16 0 0 24 0 0 0 0 0 0 0 0 0 0 0 11 0 0 0 0 0 0 1 0 0 0 18 0 0 0 0 0 0 0 0 0 0 0 5 0 0 0 0 0 0 36 0 11 24 0 34 0 0 0 0 0 9 0 1 0 7 34 10 14 0 0 0 0 0 0 0 15 0 0 0 0 0 24 5 0 0 0 0 25 0 0 0 0 0 15 0 0 0 0 0 0 0 0 0 0 0 0 0 0 0 0 0 8 0 0 0 0 0 0 0 0 0 0 0 3 0 0 0 0 6 0 0 0 0 0 3 2 0 63 93 0 3 16 0 0 0 0 0 0 0 0 0 9 0 0 0 0 0 0 0 2 0 0 0 0 0 23 0 0 0 0 0 0 0 0 0 0 0 0 0 
 44 37 198 261 211 405 27 116 193 229 49 0 360 30 47 299 357 117 46 35 76 0 0 0 0 3 146 3 0 0 2 0 73 0 0 1 0 0 93 128 3 3 0 1 0 0 0 0 0 0 0 0 0 0 0 0 0 3 0 0 0 38 2 0 3 0 0 0 0 0 5 0 0 0 0 0 0 0 3 2 0 32 0 34 19 0 0 2 11 26 15 30 0 0 32 71 52 11 0 25 0 1 11 0 0 0 60 45 0 0 0 0 41 31 24 0 0 0 21 9 0 0 0 0 0 0 0 10 0 0 0 0 0 0 0 0 0 0 0 0 0 0 0 0 0 0 0 0 0 0 0 0 0 0 0 0 0 0 0 0 0 6 0 11 14 12 16 13 1 16 17 16 0 0 0 19 14 10 10 4 27 0 0 0 0 0 1 0 13 14 0 0 17 0 0 0 2 0 28 15 0 0 0 13 0 0 0 29 0 0 0 0 0 0 0 0 0 0 0 0 0 0 0 0 0 0 22 0 0 0 0 0 0 0 0 0 0 0 0 0 0 18 0 0 0 0 0 0 2 84 15 5 0 0 0 0 0 0 0 0 0 0 0 0 0 0 0 0 0 0 0 0 0 2 0 11 0 13 0 0 0 0 0 0 0 0 0 0 0 0 
 51 576 80 48 63 31 304 340 253 49 118 360 0 212 59 38 30 48 211 265 2 1 0 73 0 4 3 3 2 0 5 0 0 0 7 2 0 2 0 6 15 3 2 1 15 0 0 2 0 0 1 0 0 0 0 2 0 4 0 0 0 0 2 0 6 3 0 0 19 0 0 0 0 0 0 0 0 1 3 2 1 0 13 20 15 0 18 24 23 0 0 3 18 5 11 3 2 6 18 0 0 0 0 0 0 0 0 0 0 0 0 0 0 9 0 0 0 0 0 0 0 0 0 0 0 0 0 0 0 0 0 0 1 0 0 0 0 0 11 0 0 0 0 1 0 20 2 0 0 0 0 0 0 0 0 1 0 0 0 0 10 11 33 0 0 33 10 1 21 20 0 0 32 23 18 11 9 0 0 0 10 0 1 0 0 0 0 0 0 0 0 0 0 1 0 0 0 0 0 0 0 0 0 0 0 0 0 0 0 0 0 0 0 0 0 2 0 0 0 0 0 1 0 0 0 0 0 0 0 0 0 0 0 0 0 18 0 0 2 0 0 0 11 0 0 1 0 1 87 0 0 27 0 0 0 0 0 0 0 0 0 0 0 0 0 0 0 0 0 0 0 0 0 0 0 0 0 0 0 0 0 0 0 0 0 0 0 0 0 0 
 195 284 157 71 65 57 217 423 210 90 45 30 212 0 361 128 132 117 494 184 0 2 0 80 0 3 0 3 22 0 2 0 0 1 78 0 1 0 0 3 3 3 0 0 0 0 2 0 0 0 0 0 0 0 0 0 0 3 0 1 0 0 2 0 3 0 0 4 0 0 0 0 0 0 0 0 0 0 3 8 16 19 15 11 20 20 17 51 9 21 13 23 2 34 12 21 12 4 0 10 0 0 0 0 0 0 46 0 0 0 0 0 0 0 0 0 0 0 0 0 0 0 2 0 0 0 0 9 2 0 0 0 0 0 0 0 0 0 0 0 0 0 0 0 0 0 0 0 0 0 0 0 0 0 0 0 0 0 0 0 31 29 0 25 0 2 25 10 9 27 12 1 10 40 44 50 27 8 0 13 0 0 0 0 0 0 0 0 0 0 0 0 0 0 0 0 0 0 0 0 0 0 0 0 0 0 0 0 0 0 0 0 0 0 0 0 0 0 1 2 0 0 0 0 0 0 0 0 0 0 0 0 0 0 0 0 0 0 0 0 0 0 0 0 0 0 174 0 2 0 0 5 0 0 0 0 0 0 0 0 0 0 0 0 0 0 0 0 0 0 0 0 0 0 0 16 0 1 0 0 0 0 0 0 0 0 0 0 0 0 
 169 70 61 62 186 47 162 231 216 190 250 47 59 361 0 179 132 28 232 99 0 2 0 0 0 3 0 3 0 0 2 0 1 0 1 0 0 0 0 3 2 3 0 0 0 0 0 0 0 0 0 0 0 1 0 0 0 2 0 0 0 0 2 0 3 0 0 0 0 0 0 0 0 0 0 0 0 0 3 2 0 21 19 2 19 0 34 5 12 10 30 0 3 15 39 13 15 9 19 32 0 0 0 2 0 1 0 0 0 0 0 0 0 0 0 0 0 0 0 1 0 0 0 0 0 0 0 2 0 0 0 0 0 0 0 0 0 0 0 0 0 0 6 0 0 0 0 0 0 0 0 0 0 0 0 0 0 0 0 0 13 17 0 15 18 7 26 12 0 40 17 46 8 3 20 16 18 23 19 20 0 0 0 0 0 0 0 0 0 0 0 0 0 0 2 0 0 0 34 0 0 0 0 0 0 0 0 0 0 0 0 0 0 0 0 0 0 0 0 0 0 0 0 0 0 0 0 0 0 0 0 17 0 0 0 0 0 0 0 0 0 24 0 0 0 0 2 0 0 0 2 2 0 0 0 0 0 0 0 0 0 0 0 0 0 0 0 0 0 0 0 0 0 0 0 0 0 11 0 0 0 0 0 0 0 2 0 0 0 0 
 216 63 74 114 259 146 43 58 138 87 138 299 38 128 179 0 287 123 53 61 1 0 0 0 0 3 77 3 0 0 2 0 73 0 2 0 0 0 60 149 3 3 3 0 0 0 0 0 0 0 0 0 0 0 0 6 0 3 0 0 0 0 2 0 3 0 0 0 0 0 0 2 0 0 0 50 0 0 3 2 0 15 11 58 15 14 0 14 10 27 15 8 1 11 18 3 20 20 13 10 0 9 0 0 0 0 12 0 20 0 0 0 50 9 53 9 0 0 3 16 0 0 0 0 0 0 0 12 0 0 5 0 0 0 0 0 0 0 0 0 0 0 0 0 0 0 0 0 0 0 0 0 0 0 0 0 0 2 0 0 0 10 4 15 14 14 13 1 14 5 33 38 0 0 0 10 0 49 20 15 1 0 0 0 0 0 37 0 1 0 0 0 64 0 0 0 0 0 19 1 0 0 0 0 0 0 0 0 0 0 36 0 13 1 0 0 0 0 0 0 0 0 1 0 0 0 0 0 0 0 0 20 0 0 0 0 0 0 0 0 0 0 0 0 0 0 0 0 2 2 0 6 0 0 0 0 0 0 0 0 0 0 4 0 0 0 0 0 0 0 0 0 0 0 0 0 0 4 0 0 0 0 0 0 0 0 0 0 0 0 
 34 121 388 442 388 192 335 34 192 196 294 357 30 132 132 287 0 197 344 73 0 1 0 0 2 3 61 3 1 74 2 0 73 0 4 1 0 0 77 25 3 3 0 2 0 0 0 0 0 0 0 0 0 0 0 6 0 3 0 0 0 0 3 0 3 0 0 0 0 0 0 0 0 0 0 39 0 0 3 3 14 105 1 27 0 0 0 20 21 50 0 18 0 15 14 1 12 13 2 9 0 0 0 0 0 1 16 3 0 0 0 0 27 0 0 0 1 0 19 14 0 0 0 0 1 0 0 1 0 0 11 0 0 0 0 0 2 0 0 0 0 0 18 0 0 0 0 0 0 0 0 0 0 0 0 0 0 0 0 0 0 30 0 64 0 6 9 13 0 0 31 30 0 10 0 20 0 29 12 9 17 0 0 0 0 0 9 0 0 2 1 0 11 0 0 2 0 0 9 0 0 0 0 0 0 0 0 0 0 0 0 0 0 0 0 0 0 0 0 0 0 0 0 0 0 0 0 0 0 0 1 0 0 0 0 0 0 2 0 0 0 7 0 0 0 3 0 1 3 1 21 17 19 0 0 1 0 0 0 0 0 0 7 0 0 0 0 0 0 0 0 0 43 0 0 13 0 0 0 0 0 0 0 0 0 0 0 0 0 0 
 92 158 147 63 48 129 134 182 219 349 548 117 48 117 28 123 197 0 132 34 1 1 0 2 0 3 77 3 2 4 2 3 18 0 5 0 0 1 74 3 3 3 2 0 3 0 2 0 0 4 0 0 0 0 0 2 0 3 0 0 0 0 3 21 3 2 0 2 0 0 2 0 0 36 0 0 0 0 3 3 22 9 7 11 70 0 17 1 6 53 9 14 0 0 28 17 5 35 18 0 10 0 0 0 0 0 15 9 0 0 0 0 11 0 0 0 0 0 25 11 0 0 0 0 0 0 0 0 0 0 0 0 31 0 0 0 0 0 0 0 0 0 0 0 0 0 0 0 0 0 0 0 0 3 0 0 0 0 1 0 9 18 0 39 16 0 0 21 11 0 17 4 0 0 7 22 26 22 1 0 22 0 1 0 0 0 1 0 0 0 0 0 14 0 0 0 0 0 25 0 0 0 0 0 0 0 0 0 0 0 0 0 0 0 0 0 0 0 0 0 0 0 0 0 0 0 0 0 0 0 0 0 0 0 0 0 0 0 0 0 0 34 0 0 0 2 90 3 0 6 20 10 22 0 0 0 0 0 0 0 0 0 0 0 0 0 0 0 0 0 0 0 0 0 0 0 6 0 0 0 0 0 0 0 0 0 0 0 0 0 
 130 352 70 62 80 39 238 130 152 183 46 46 211 494 232 53 344 132 0 256 0 2 2 0 0 3 0 4 0 0 2 0 0 0 2 0 0 0 0 3 8 3 0 0 19 0 0 0 0 63 0 0 0 0 0 0 0 4 0 0 0 0 2 0 2 0 0 0 0 0 0 0 0 0 0 0 0 0 3 2 9 0 22 17 0 0 0 35 19 0 13 13 36 6 59 22 14 10 59 11 0 0 0 0 0 0 0 0 0 0 0 0 0 0 0 0 0 0 0 0 0 0 0 0 0 18 0 0 0 0 0 0 0 0 0 0 0 0 0 0 0 0 0 0 0 0 0 0 0 0 0 0 0 0 0 0 0 0 0 0 0 10 1 6 0 0 18 1 6 37 0 0 33 35 17 11 0 11 31 0 0 0 0 0 0 0 0 0 0 0 0 0 0 0 0 0 0 0 0 10 0 0 0 0 0 0 0 0 0 0 0 0 0 0 0 0 0 0 0 0 0 0 0 0 0 0 0 0 0 0 0 0 0 0 0 0 0 0 0 0 0 0 0 0 0 2 0 0 1 89 0 11 0 18 0 0 0 0 0 0 0 0 0 0 0 0 0 0 0 0 0 0 0 0 0 0 13 0 0 0 0 0 0 1 0 0 0 0 0 0 
 33 165 137 80 70 50 192 97 138 176 146 35 265 184 99 61 73 34 256 0 0 1 0 75 0 3 1 3 0 0 2 0 0 0 2 0 6 0 0 3 7 3 0 0 5 0 0 0 0 0 0 0 0 3 0 0 1 3 0 0 0 0 2 2 3 0 0 0 0 0 0 1 0 0 0 0 0 0 3 2 31 13 11 17 13 0 28 26 22 0 0 27 26 14 17 11 17 21 43 0 0 0 0 0 0 1 0 0 0 0 0 0 0 0 0 0 1 0 0 2 0 1 0 0 1 0 0 1 0 0 0 0 0 0 0 0 2 0 0 0 0 0 0 0 0 0 23 0 0 0 0 0 0 0 0 0 0 0 0 0 7 13 60 0 0 19 6 14 31 10 0 0 21 24 15 10 10 3 15 0 0 0 0 0 0 0 0 0 0 2 0 0 0 0 1 2 0 0 0 0 0 0 6 0 0 0 0 0 0 0 0 0 12 0 0 0 0 0 0 0 0 0 1 0 0 0 0 0 0 0 0 0 0 0 0 0 11 2 0 0 0 0 0 0 0 0 4 2 89 1 0 11 0 0 2 0 0 0 0 0 0 0 0 0 0 0 0 0 0 0 0 0 0 0 0 0 0 0 0 0 0 0 0 0 0 0 0 0 0 0 
 0 0 0 75 22 24 0 1 0 1 6 76 2 0 0 1 0 1 0 0 0 84 198 61 249 45 166 55 114 80 47 273 121 313 170 106 104 45 80 338 0 0 0 64 3 1 2 0 0 0 2 4 3 0 0 2 0 0 0 2 2 0 0 1 0 0 0 0 3 0 5 0 3 0 0 0 3 6 0 3 0 0 0 0 28 0 0 0 0 0 0 11 1 0 0 0 4 0 12 0 20 6 0 34 5 0 16 11 10 32 0 44 33 48 10 0 54 25 14 0 0 0 0 0 0 0 11 0 0 0 0 0 0 0 0 0 0 0 0 0 0 0 0 2 0 0 0 0 0 9 0 0 16 12 2 0 0 6 1 1 0 0 1 0 0 13 0 0 22 0 0 0 0 0 0 0 7 0 0 0 11 21 17 9 0 18 0 12 57 4 10 9 12 1 0 1 15 4 8 2 0 0 0 0 0 0 20 0 2 0 0 0 0 8 0 0 0 0 22 0 0 0 0 0 0 0 0 1 0 0 0 0 0 0 0 0 0 0 0 0 0 0 0 0 0 0 0 0 0 1 0 0 0 0 12 0 1 0 0 0 2 1 0 0 0 0 0 0 0 0 0 0 0 0 0 0 0 0 0 0 0 24 0 0 0 0 0 0 0 0 
 3 1 2 0 76 0 1 1 0 2 1 0 1 2 2 0 1 1 2 1 84 0 324 95 138 118 81 265 81 28 60 27 178 211 225 58 205 99 136 136 0 0 0 67 0 14 2 0 4 3 0 0 3 0 0 2 5 2 42 11 2 0 0 0 3 2 0 0 3 0 3 3 3 0 0 1 3 4 0 3 0 0 0 0 0 0 0 0 0 0 0 0 0 0 0 0 0 1 0 0 0 26 34 0 0 0 21 18 46 10 1 22 0 10 19 11 21 14 2 43 0 0 0 0 0 15 10 0 0 0 0 0 9 0 2 0 0 0 11 10 0 0 0 0 0 0 0 0 0 0 0 0 0 0 0 0 0 0 0 0 24 0 0 0 18 0 0 0 0 0 27 0 0 0 0 0 0 0 0 0 41 1 22 0 12 14 0 0 0 11 0 25 0 31 20 2 0 4 0 11 0 0 0 0 0 0 12 8 0 0 0 0 10 0 0 0 0 0 13 9 0 0 0 0 0 0 1 0 0 0 0 0 0 0 0 0 0 0 0 0 0 0 0 0 0 0 0 0 0 1 0 0 0 0 13 0 0 1 76 0 3 2 0 0 0 0 1 0 0 0 0 0 0 0 0 0 0 0 0 24 0 0 0 0 0 0 0 0 0 0 
 0 1 33 0 77 0 0 0 0 0 2 0 0 0 0 0 0 0 2 0 198 324 0 107 109 108 353 163 200 68 126 47 148 235 50 44 348 51 281 341 0 0 0 0 0 0 3 0 0 0 0 0 97 0 2 2 0 0 2 105 0 0 0 0 0 0 43 0 3 0 0 0 3 0 0 7 0 2 0 3 0 0 0 0 0 0 0 0 0 0 7 0 0 0 0 0 0 0 0 0 1 40 4 22 9 0 17 0 1 0 1 0 9 11 42 11 51 1 10 26 5 0 0 0 0 2 15 19 0 0 0 0 1 0 12 0 14 0 23 0 0 0 0 0 18 0 0 0 0 0 0 0 0 0 0 2 0 0 2 0 0 9 0 0 0 0 0 0 0 0 0 0 0 0 0 0 6 0 0 0 21 2 27 0 3 16 0 0 19 0 25 9 0 0 39 30 4 24 32 0 2 9 0 0 0 1 9 0 0 0 0 0 33 0 1 0 0 0 0 15 0 0 2 0 0 0 0 0 0 0 0 0 0 0 0 0 0 0 0 0 0 0 1 0 0 0 0 0 0 0 0 0 0 0 6 0 2 0 0 0 3 0 0 0 0 0 18 0 65 0 0 0 0 0 0 0 0 0 0 0 0 0 0 0 0 0 0 0 0 0 
 0 9 0 0 0 0 0 83 2 0 6 0 73 80 0 0 0 2 0 75 61 95 107 0 172 62 90 177 125 77 159 123 46 82 132 60 102 274 139 73 0 0 0 3 63 0 2 0 0 5 0 0 64 1 0 2 0 7 0 0 0 0 0 0 0 0 2 0 3 0 0 0 3 0 0 2 0 1 0 3 0 0 0 0 0 0 0 2 29 0 0 14 0 0 17 16 0 16 0 0 0 0 0 30 39 38 17 0 2 18 0 55 0 0 0 0 0 0 0 0 26 0 0 0 0 0 13 0 1 0 0 0 29 12 0 2 0 0 1 8 1 0 0 0 0 0 0 0 11 0 2 0 0 0 0 0 0 13 1 0 7 0 0 0 0 2 3 0 4 0 0 0 0 15 15 1 0 0 2 0 2 0 9 27 1 0 0 2 0 9 0 0 0 13 0 17 0 0 0 0 0 0 0 0 0 0 10 0 0 0 0 0 2 0 1 0 0 4 0 1 0 0 0 0 0 0 0 0 1 0 0 0 0 1 0 0 24 0 0 0 0 0 0 0 0 0 0 0 1 0 0 0 0 0 0 1 0 124 2 0 0 8 0 0 0 0 8 0 0 0 0 0 0 0 0 0 1 0 0 0 0 0 0 0 0 0 15 0 0 0 
 0 0 0 66 3 0 0 73 0 0 0 0 0 0 0 0 2 0 0 0 249 138 109 172 0 144 54 72 131 117 347 319 64 170 98 168 170 140 40 281 22 3 0 11 0 0 2 128 0 10 0 0 0 30 31 22 30 3 93 16 0 0 0 0 12 0 0 0 3 0 0 1 3 0 0 1 0 9 11 3 0 0 0 0 0 0 0 0 0 0 0 0 0 2 0 0 0 0 0 0 0 14 20 9 9 41 0 1 11 9 17 13 0 0 0 18 0 0 0 0 31 9 0 0 0 0 21 14 0 0 18 0 32 7 0 17 0 0 10 10 0 0 0 0 0 0 0 0 0 0 0 0 0 0 3 0 1 2 2 0 0 2 2 0 17 0 0 4 0 0 0 0 0 0 0 0 0 0 0 0 0 18 0 75 38 23 0 13 12 32 0 13 0 0 11 15 12 12 0 0 0 4 9 0 0 0 0 0 11 0 0 0 13 20 12 0 1 10 40 18 0 0 0 0 0 0 0 1 0 0 0 0 0 0 0 0 0 0 0 0 0 0 0 0 0 0 0 0 0 0 0 0 0 0 3 0 0 93 3 0 3 2 0 0 0 0 0 0 0 0 0 0 0 0 0 0 0 0 0 22 0 12 0 2 0 18 0 0 0 0 
 3 3 3 3 9 3 3 4 5 3 3 3 4 3 3 3 3 3 3 3 45 118 108 62 144 0 38 38 203 117 371 222 41 135 53 81 75 125 51 57 0 94 0 1 0 62 2 3 0 1 0 3 62 0 0 2 68 13 63 87 0 0 0 0 0 0 5 0 39 0 0 0 25 0 0 14 0 2 0 3 0 0 0 0 0 0 0 0 2 0 0 0 0 0 0 0 0 0 0 0 40 23 9 19 0 12 0 0 18 8 0 14 0 0 0 51 0 0 0 0 8 8 4 11 0 0 46 0 19 0 0 0 18 1 14 0 0 0 32 0 7 0 3 0 8 0 0 0 0 0 2 0 0 0 0 0 0 0 0 1 0 0 0 0 0 2 0 0 0 0 0 0 24 0 0 0 0 0 2 0 2 28 0 4 72 10 0 35 0 15 15 10 0 0 15 29 10 12 0 0 0 13 21 0 0 0 9 17 19 8 0 0 17 0 9 0 2 14 14 18 0 0 0 0 0 0 0 0 1 0 0 0 0 1 0 0 0 0 0 0 0 0 0 0 0 0 0 0 0 0 0 0 0 0 4 0 0 80 0 0 1 4 0 0 0 0 0 0 0 0 0 0 0 0 0 0 1 0 0 10 0 0 0 0 0 18 0 0 0 0 
 3 0 21 303 94 38 0 0 1 19 78 146 3 0 0 77 61 77 0 1 166 81 353 90 54 38 0 183 44 120 30 28 283 171 45 31 53 31 144 201 0 0 4 62 205 0 2 203 0 0 0 0 0 0 0 10 0 0 6 2 0 0 0 0 0 0 0 1 3 0 4 0 3 0 0 4 4 1 0 3 2 6 0 13 11 0 0 0 1 64 10 18 0 2 0 0 25 0 0 0 0 14 0 0 0 0 13 23 0 0 0 0 40 14 29 3 0 13 16 14 0 0 0 0 0 0 0 1 0 0 10 0 0 0 0 0 0 0 0 0 0 0 0 0 1 0 0 0 0 0 0 0 0 0 0 0 1 2 0 0 0 0 2 10 1 21 0 0 0 0 14 43 0 0 0 0 4 22 0 0 65 0 0 0 0 0 54 8 9 0 0 7 10 0 0 0 0 9 3 0 0 0 0 0 0 0 0 0 0 0 0 0 0 0 0 0 0 0 0 0 0 0 0 0 0 0 0 0 0 0 0 0 0 0 0 0 0 2 0 0 0 1 0 0 0 0 0 0 0 0 8 0 0 1 13 0 0 2 0 2 2 0 11 0 0 0 0 0 0 0 0 0 0 0 0 0 0 0 0 0 0 0 0 0 0 0 0 0 0 33 
 4 3 3 3 76 3 3 5 51 3 4 3 3 3 3 3 3 3 4 3 55 265 163 177 72 38 183 0 118 256 251 54 507 239 154 113 473 319 363 197 0 0 7 1 1 0 2 62 0 0 0 0 0 0 0 2 0 0 0 0 0 0 0 0 0 0 0 0 3 0 0 1 3 0 0 2 1 2 0 3 0 0 0 0 0 0 0 0 0 0 16 0 0 0 0 0 0 0 0 0 31 40 23 15 1 0 28 0 9 36 11 30 0 47 6 19 39 48 0 41 0 0 0 0 0 0 0 0 0 0 1 0 0 0 0 0 0 0 0 0 0 0 0 0 0 0 0 0 0 0 0 1 0 0 0 0 0 0 0 0 0 0 0 12 0 18 0 0 0 0 10 9 0 0 0 2 0 12 0 0 38 0 45 41 1 0 34 10 12 4 11 0 15 30 20 18 27 10 1 6 0 0 0 0 0 0 0 0 0 0 0 0 0 0 0 2 0 0 0 0 0 0 0 0 0 0 0 0 0 0 0 0 0 0 0 0 0 0 0 0 0 0 0 0 0 2 0 0 0 0 0 0 0 0 3 0 2 5 0 1 0 2 0 0 0 0 24 0 0 0 0 0 0 0 0 0 0 0 0 0 0 0 0 0 58 0 10 0 0 0 
 0 0 0 0 84 0 0 0 0 0 1 0 2 22 0 0 1 2 0 0 114 81 200 125 131 203 44 118 0 360 45 17 296 232 106 99 101 95 63 146 0 0 0 0 0 0 2 0 0 0 0 0 124 0 0 5 0 0 1 63 0 0 0 0 0 2 0 0 3 0 0 0 3 0 0 6 0 2 0 3 0 0 0 0 0 0 0 0 0 0 0 0 0 0 0 0 0 0 0 0 0 39 13 27 0 17 12 0 0 18 27 17 1 32 48 29 22 1 12 22 27 0 0 0 0 1 14 24 0 0 0 0 35 1 0 0 0 0 20 1 0 0 0 0 0 0 0 0 0 0 0 0 0 0 0 0 0 0 0 0 1 0 0 0 8 0 0 0 0 0 0 0 0 0 0 0 0 0 0 0 19 31 28 6 58 9 0 10 21 12 23 8 0 0 41 35 0 27 14 0 0 1 11 0 0 0 11 0 0 0 0 0 14 0 31 0 0 0 23 14 0 0 0 0 0 0 0 0 0 0 0 0 0 0 0 0 0 0 0 0 0 0 1 0 0 0 0 0 0 0 0 0 0 0 13 0 2 7 1 0 1 2 0 0 0 0 0 0 0 0 0 0 0 0 0 0 0 0 0 0 0 0 0 0 0 20 0 0 0 0 
 0 0 0 0 0 0 2 0 0 0 1 0 0 0 0 0 74 4 0 0 80 28 68 77 117 117 120 256 360 0 207 75 89 132 327 178 406 136 116 63 0 0 0 0 1 0 2 0 1 10 0 0 0 0 0 2 0 0 0 70 0 0 0 0 0 0 3 0 3 0 0 0 3 0 0 1 0 3 0 3 0 0 0 0 0 0 0 0 0 0 0 0 0 0 0 0 0 0 0 0 18 22 0 59 16 4 0 0 21 45 7 16 9 20 0 9 9 24 0 0 0 0 0 0 0 0 20 0 0 0 0 0 10 0 0 0 0 0 8 1 0 0 0 0 0 0 0 0 0 0 0 0 0 0 6 0 0 4 4 0 0 0 0 0 0 0 0 0 0 0 0 1 0 0 0 0 6 0 0 0 4 12 1 70 7 14 0 8 18 11 0 0 9 0 8 22 12 9 0 0 0 0 3 0 0 0 34 0 0 0 0 0 8 9 0 0 0 0 29 0 0 0 0 0 0 0 0 0 0 0 0 0 0 0 0 0 0 0 0 0 0 0 0 0 0 0 0 0 0 0 0 0 0 0 8 14 2 79 78 2 0 10 0 0 0 0 1 0 0 0 0 0 0 0 0 0 0 1 0 0 0 18 0 0 0 0 0 0 0 0 
 5 2 4 2 7 4 2 2 2 2 2 2 5 2 2 2 2 2 2 2 47 60 126 159 347 371 30 251 45 207 0 198 245 42 55 182 214 156 37 108 66 0 0 0 0 0 77 272 62 6 0 0 2 0 1 2 0 0 30 274 0 0 0 0 0 0 5 0 3 0 0 0 3 0 0 9 0 3 0 3 0 0 0 0 0 0 0 0 0 0 0 0 0 0 0 2 0 0 0 0 10 0 9 15 6 17 2 17 26 9 9 21 0 0 0 10 0 10 0 0 11 1 0 0 0 0 10 2 30 0 1 0 9 11 0 9 0 0 30 14 0 2 0 0 0 0 0 36 0 0 0 0 0 0 3 0 0 1 2 0 4 6 0 0 0 0 0 0 0 0 2 0 5 0 0 0 0 0 0 0 0 10 44 61 39 44 0 19 12 36 16 13 0 0 3 27 23 7 0 0 0 12 1 0 0 0 2 0 0 0 0 0 29 9 7 0 0 40 53 15 0 0 0 0 0 0 0 0 0 0 0 0 0 0 14 0 0 0 0 0 0 0 0 0 0 0 0 0 0 0 0 0 0 0 10 0 0 3 75 1 0 3 0 0 0 0 0 0 0 0 0 0 0 0 0 0 0 0 0 18 0 12 0 0 0 0 0 0 0 0 
 0 0 0 0 3 3 0 0 3 1 0 0 0 0 0 0 0 3 0 0 273 27 47 123 319 222 28 54 17 75 198 0 102 110 72 194 85 98 50 57 0 0 0 14 0 0 2 52 0 0 0 0 0 133 126 2 67 3 0 133 0 0 0 53 2 0 3 0 3 0 0 0 3 0 0 1 0 2 0 3 0 0 0 0 0 0 0 0 0 0 0 0 0 0 0 0 0 0 0 0 6 0 0 11 18 1 0 0 15 9 0 21 0 0 0 4 0 9 0 0 14 16 0 0 0 0 0 0 0 4 9 0 2 15 14 55 0 12 9 23 0 0 0 0 0 0 0 0 0 3 0 0 3 0 0 0 0 7 1 0 2 3 0 0 0 0 0 2 0 0 0 0 0 0 0 0 0 0 0 0 0 22 0 21 20 28 0 30 21 10 10 2 0 0 16 23 10 9 0 0 26 14 0 0 0 0 3 0 14 0 0 0 23 25 0 0 0 9 20 1 0 0 0 0 0 0 0 0 0 0 0 0 0 0 0 0 0 0 0 0 0 0 0 0 0 0 0 0 0 0 0 0 0 0 6 2 1 85 1 1 2 1 0 0 0 0 0 0 0 0 0 0 0 0 0 0 0 0 0 0 0 19 0 0 0 0 0 0 0 0 
 0 62 56 96 90 122 0 2 156 0 96 73 0 0 1 73 73 18 0 0 121 178 148 46 64 41 283 507 296 89 245 102 0 244 114 39 111 36 197 223 0 29 2 61 0 0 2 0 0 0 0 0 0 0 0 5 0 0 0 0 0 0 0 1 3 0 0 0 3 0 3 0 3 0 0 2 0 2 0 3 0 0 36 3 11 0 0 0 16 1 21 32 0 0 14 0 0 15 12 0 34 10 8 8 0 0 9 9 11 13 0 10 19 45 9 7 7 18 5 9 0 0 0 0 0 0 0 0 0 0 8 0 0 0 0 7 0 0 0 0 0 0 0 0 0 0 0 0 0 0 0 1 0 15 0 0 0 0 0 0 12 0 2 48 0 22 0 0 0 0 0 8 0 9 1 2 13 11 0 0 20 8 0 13 0 0 21 1 16 0 0 7 38 0 0 0 1 11 0 0 0 0 0 0 0 0 0 0 0 0 10 0 0 0 0 2 0 0 0 0 0 0 0 0 0 0 0 0 0 0 0 0 0 0 0 12 0 0 0 0 0 0 0 0 0 0 77 0 0 0 0 0 0 0 19 0 0 0 0 0 0 2 8 0 0 0 0 0 0 0 0 0 0 0 0 0 2 0 0 0 0 0 0 0 0 0 0 0 0 0 
 0 0 0 1 106 74 0 0 0 3 0 0 0 1 0 0 0 0 0 0 313 211 235 82 170 135 171 239 232 132 42 110 244 0 72 67 48 57 79 89 5 0 22 14 63 0 2 3 0 0 0 0 3 0 0 8 0 0 5 0 0 7 0 3 2 1 5 2 4 6 2 3 3 0 2 2 2 2 0 3 0 0 0 0 9 0 0 0 0 0 13 11 0 0 1 0 0 0 0 0 10 61 16 0 0 2 12 7 0 0 23 0 8 7 19 22 14 25 11 21 0 0 0 0 0 0 0 0 0 0 0 4 0 1 0 1 0 0 0 0 0 0 0 0 0 0 0 0 0 0 0 0 0 0 0 4 0 0 0 0 0 0 0 0 13 23 0 0 2 0 13 0 0 2 0 0 13 2 0 0 38 20 13 0 14 0 12 19 10 9 11 8 0 13 34 8 8 67 13 0 0 0 0 0 0 1 0 0 0 0 0 7 0 0 0 0 0 0 15 0 0 0 0 0 0 0 0 0 0 0 0 0 0 0 0 0 0 0 0 0 0 0 0 0 0 0 2 0 0 0 0 0 0 0 11 0 2 49 0 1 0 1 0 0 0 0 0 0 0 0 0 0 0 1 0 0 0 0 0 0 0 0 0 0 0 9 0 0 0 0 
 5 1 2 0 3 38 3 2 1 1 4 0 7 78 1 2 4 5 2 2 170 225 50 132 98 53 45 154 106 327 55 72 114 72 0 377 134 323 136 109 0 0 1 4 0 2 2 0 1 2 2 2 0 2 0 2 1 2 1 8 56 0 0 0 0 0 0 0 3 0 0 0 3 0 3 1 0 2 0 4 0 0 0 0 0 13 0 0 0 0 0 0 0 0 0 0 0 0 0 0 22 0 0 13 10 0 0 2 49 10 7 40 0 11 0 3 13 38 0 0 0 0 10 0 0 0 0 0 0 0 0 0 7 0 0 0 0 0 0 13 0 0 0 0 0 0 0 0 0 5 0 0 3 0 0 0 0 7 0 0 0 0 0 0 0 0 0 1 0 0 0 0 0 0 0 0 0 0 0 0 0 7 0 13 13 19 0 70 12 0 49 15 12 13 20 8 13 20 5 25 0 0 0 0 0 0 18 0 2 0 0 0 12 9 0 0 0 0 26 8 0 0 0 0 0 0 0 15 0 0 0 0 0 0 0 0 0 0 0 0 0 0 0 0 0 0 0 0 0 1 0 0 0 0 10 0 0 3 3 6 4 0 0 0 0 0 0 2 0 0 0 0 0 0 0 0 0 0 0 0 0 12 0 0 0 0 0 0 0 0 
 2 0 0 0 0 2 0 0 0 2 2 1 2 0 0 0 1 0 0 0 106 58 44 60 168 81 31 113 99 178 182 194 39 67 377 0 166 450 199 77 66 0 0 0 0 0 67 0 0 8 207 207 62 0 0 30 0 0 4 0 0 0 0 0 0 0 7 0 3 0 1 0 4 0 0 0 2 3 0 3 0 0 0 0 0 3 0 0 0 0 0 0 0 0 1 0 0 0 0 0 4 0 0 10 46 31 52 0 1 24 9 25 0 0 13 3 8 7 0 2 1 0 0 0 0 0 0 0 12 0 0 0 20 8 0 1 0 0 8 0 0 56 0 0 0 0 0 0 0 17 0 0 4 0 1 0 0 0 0 0 2 3 0 13 0 0 0 0 2 0 0 0 11 0 0 0 0 0 0 0 0 3 33 31 19 34 9 4 0 18 8 36 0 20 0 14 14 20 0 10 36 1 0 0 0 1 14 15 0 0 0 0 34 0 0 0 0 0 10 26 0 0 0 0 0 0 0 0 0 0 0 0 0 0 0 0 0 0 0 0 0 0 0 0 0 0 0 0 0 0 0 0 0 0 18 0 0 75 73 3 18 1 0 0 0 0 7 0 0 0 0 0 0 0 0 0 12 0 0 0 0 0 0 0 0 0 24 0 0 0 
 0 0 2 0 9 0 0 0 1 0 2 0 0 1 0 0 0 0 0 6 104 205 348 102 170 75 53 473 101 406 214 85 111 48 134 166 0 75 331 283 0 0 0 1 0 0 2 0 0 14 0 0 0 5 0 2 0 0 0 0 0 0 0 4 0 0 0 0 3 2 0 5 3 0 0 1 0 2 0 3 0 0 0 0 1 1 0 2 0 0 0 0 0 0 1 2 0 0 0 0 30 3 31 22 23 12 29 1 10 26 17 43 1 31 13 13 20 23 0 17 0 0 0 0 0 0 0 0 0 0 0 0 9 0 0 0 0 0 0 0 0 0 0 0 0 0 0 0 0 0 0 0 0 0 0 0 11 0 0 0 0 1 0 10 0 0 0 0 0 0 2 0 0 0 0 0 0 0 0 13 31 15 30 81 11 18 21 1 9 17 12 0 12 38 34 0 20 21 0 13 0 0 0 0 0 0 0 0 0 0 0 0 0 0 0 0 0 0 9 0 0 0 0 0 0 0 0 0 0 7 0 0 0 1 0 0 0 0 0 0 0 0 0 0 0 0 0 0 0 0 0 0 0 0 7 2 5 86 2 0 2 2 0 0 0 0 25 0 0 0 0 0 0 0 0 0 0 0 0 0 0 0 0 0 0 0 5 0 0 0 
 3 0 0 0 3 1 1 0 0 0 1 0 2 0 0 0 0 1 0 0 45 99 51 274 140 125 31 319 95 136 156 98 36 57 323 450 75 0 108 448 7 0 0 1 0 0 4 1 9 0 0 0 54 0 0 2 1 0 6 69 0 0 0 0 0 0 0 0 3 0 0 0 3 0 0 1 0 3 0 3 0 0 0 0 0 0 0 0 0 0 0 0 0 0 0 0 0 13 0 0 0 0 0 23 42 22 18 18 20 36 1 36 0 0 0 0 0 12 0 0 18 0 0 22 0 0 0 27 5 0 0 0 27 14 13 0 8 2 56 36 0 0 0 0 0 0 8 0 0 0 0 16 0 0 1 0 0 0 3 0 0 0 0 0 0 0 0 0 7 0 0 0 0 0 0 0 0 0 0 0 10 0 27 46 22 21 0 13 0 20 0 12 0 44 0 18 9 0 0 2 11 10 0 0 0 11 22 9 0 0 0 0 48 0 0 0 0 0 0 15 0 0 27 0 0 0 0 0 0 0 0 0 0 0 0 0 0 0 0 0 0 0 0 0 0 0 0 0 0 0 0 0 0 0 6 0 5 160 79 0 9 15 0 0 0 0 19 0 0 0 0 0 0 0 0 0 0 0 0 0 0 0 0 0 0 0 4 0 0 0 
 0 82 75 121 74 90 0 0 98 73 57 93 0 0 0 60 77 74 0 0 80 136 281 139 40 51 144 363 63 116 37 50 197 79 136 199 331 108 0 227 0 0 63 1 0 0 2 0 0 0 0 0 0 0 0 7 0 0 0 0 0 0 0 0 0 0 0 0 3 42 0 0 3 0 0 1 0 2 0 3 0 0 5 0 3 12 0 0 20 14 34 8 0 0 13 0 0 2 0 0 26 29 0 9 0 0 6 0 14 25 0 18 0 26 0 27 20 24 20 13 0 0 0 0 0 0 1 0 0 0 16 0 0 0 0 0 0 0 1 0 1 0 0 0 0 1 0 0 0 0 0 0 0 4 0 0 0 0 2 0 0 0 0 11 0 14 0 0 0 0 0 6 0 0 0 13 13 10 0 0 0 0 11 28 0 0 11 10 0 15 0 1 55 8 0 0 0 0 1 0 2 0 0 0 0 0 0 0 0 0 0 0 2 0 0 0 0 0 0 0 0 0 2 0 0 0 0 0 0 0 0 0 0 0 0 0 0 0 0 0 0 0 0 0 0 1 0 0 0 0 0 0 0 0 12 2 0 1 0 0 1 0 10 0 0 0 13 0 0 0 0 0 0 0 0 0 0 0 0 0 0 0 0 0 0 0 7 0 0 0 
 6 3 3 180 161 102 3 4 147 76 89 128 6 3 3 149 25 3 3 3 338 136 341 73 281 57 201 197 146 63 108 57 223 89 109 77 283 448 227 0 0 203 0 0 1 0 2 0 0 0 0 0 0 2 0 9 0 0 0 0 37 0 0 0 0 0 0 0 3 0 3 0 3 0 0 0 0 3 3 3 0 1 0 18 20 12 0 9 20 15 8 19 0 0 9 0 9 0 0 0 0 0 65 0 0 0 0 11 0 0 9 0 38 6 73 14 0 9 12 22 0 0 0 0 0 0 0 9 0 0 15 0 0 0 0 0 0 0 0 0 19 0 0 0 0 0 0 0 0 0 2 0 1 0 0 0 0 0 0 0 0 0 0 22 14 13 0 0 0 0 0 24 0 0 0 1 12 0 49 0 72 0 24 0 21 0 20 0 11 0 0 0 24 10 20 0 1 0 0 35 0 0 6 0 0 0 0 0 0 0 0 0 0 0 0 1 0 1 1 0 0 0 0 0 0 0 0 0 0 0 0 0 0 0 0 0 0 0 0 0 0 12 0 0 0 0 0 0 0 81 0 0 0 0 5 0 0 0 0 2 2 0 8 0 0 0 0 0 0 0 0 0 0 0 0 17 9 0 0 0 0 0 0 0 0 0 0 0 0 0 
 3 5 4 5 3 3 40 2 3 3 3 3 15 3 2 3 3 3 8 7 0 0 0 0 22 0 0 0 0 0 66 0 0 5 0 66 0 7 0 0 0 303 149 300 38 23 101 194 468 279 28 90 257 133 113 89 453 33 270 67 0 2 2 2 5 0 0 0 3 2 1 4 0 1 0 2 0 13 6 0 0 3 7 4 0 0 0 0 0 0 0 0 3 9 0 1 6 0 3 4 0 0 0 0 16 9 0 0 0 0 10 0 0 0 0 0 0 0 0 0 16 16 43 0 16 11 9 52 16 36 10 0 17 28 0 0 25 2 27 1 0 0 0 0 0 0 0 0 0 0 0 0 0 0 0 0 3 0 0 12 5 13 3 0 0 0 0 0 1 6 0 4 9 14 0 0 0 0 0 0 0 0 29 18 0 0 0 0 0 62 0 9 0 0 0 0 0 0 0 0 9 17 24 42 13 0 0 16 14 20 48 34 9 0 45 10 6 7 9 24 0 0 0 0 0 0 0 7 0 0 0 0 0 0 0 0 0 0 20 0 0 0 0 0 0 0 0 0 0 31 0 1 0 1 0 0 0 0 30 2 8 0 21 0 0 0 0 0 0 0 0 0 0 0 0 0 0 0 0 0 0 0 0 0 26 0 0 0 0 0 
 3 3 3 3 5 3 62 3 6 3 3 3 3 3 3 3 3 3 3 3 0 0 0 0 3 94 0 0 0 0 0 0 29 0 0 0 0 0 0 203 303 0 320 359 98 88 66 198 289 350 120 89 84 347 343 269 425 225 182 117 0 5 0 0 0 0 0 0 0 4 0 3 0 0 1 0 0 1 50 4 0 0 0 0 0 0 0 0 0 0 0 0 0 0 5 0 0 0 0 0 0 0 0 0 0 0 0 0 0 0 0 0 0 0 0 0 0 0 0 0 16 10 18 0 1 17 14 0 28 1 16 11 0 0 22 10 10 13 21 0 0 0 8 0 6 0 11 0 0 0 0 0 0 0 10 0 0 0 11 51 0 0 0 0 0 0 0 3 0 0 0 0 0 0 0 0 0 0 0 0 0 30 7 0 0 0 0 0 0 0 0 0 0 0 0 0 0 0 0 0 40 10 44 20 20 0 0 0 19 3 35 29 0 0 34 8 30 20 0 0 0 0 0 6 0 0 0 0 0 0 0 0 0 20 0 0 0 0 15 5 0 0 0 0 0 0 0 0 0 0 0 5 0 0 0 0 2 0 0 6 0 0 2 2 8 4 0 65 0 0 0 0 0 0 0 0 0 0 0 0 0 0 0 0 2 14 0 0 1 13 
 2 1 0 2 0 0 0 0 0 0 2 0 2 0 0 3 0 2 0 0 0 0 0 0 0 0 4 7 0 0 0 0 2 22 1 0 0 0 63 0 149 320 0 159 85 99 68 182 198 154 109 169 159 30 28 54 112 178 86 31 1 0 0 0 0 0 0 0 0 54 0 0 3 0 0 0 0 0 54 51 0 0 0 0 0 0 0 0 0 0 35 4 0 0 0 0 0 0 0 0 2 6 0 0 0 0 0 0 0 0 0 0 0 5 0 8 0 0 0 0 14 7 45 0 28 3 14 7 6 1 4 0 0 18 39 0 14 23 22 0 0 0 5 0 3 0 13 0 0 0 0 14 0 0 0 0 0 0 13 15 0 0 0 3 0 5 0 9 0 0 1 3 0 0 0 0 0 18 0 0 0 0 0 0 0 0 12 10 0 0 0 0 13 0 0 0 0 0 0 0 14 0 39 62 55 0 0 0 0 25 20 14 0 0 4 21 50 26 0 0 0 0 0 0 0 0 0 0 0 0 0 0 0 11 8 0 0 0 39 0 0 0 0 0 0 0 0 0 0 0 0 8 0 0 0 0 0 0 0 14 0 22 5 0 0 38 2 0 2 0 0 0 0 0 0 0 0 0 0 0 0 0 0 0 19 0 0 0 0 0 
 0 0 0 0 63 64 0 0 0 39 0 1 1 0 0 0 2 0 0 0 64 67 0 3 11 1 62 1 0 0 0 14 61 14 4 0 1 1 1 0 300 359 159 0 329 66 78 132 146 188 48 180 66 352 148 111 264 135 300 291 52 4 4 0 24 3 51 12 0 3 5 0 2 0 0 0 0 0 51 1 0 0 0 0 9 0 0 0 0 0 0 11 0 0 0 0 0 0 0 0 0 16 0 0 0 0 0 0 0 0 0 0 8 0 0 0 16 10 0 11 0 0 0 8 15 15 0 0 10 19 21 31 0 0 0 13 18 14 0 0 1 56 9 0 0 18 22 0 0 0 0 0 24 5 1 15 14 0 20 1 0 0 0 0 0 12 0 0 0 0 0 0 0 0 2 0 0 0 0 0 0 0 0 0 0 0 0 0 0 0 0 9 0 0 0 0 0 0 0 0 0 0 18 14 10 14 21 0 0 11 0 0 0 0 22 0 18 0 0 0 33 26 3 0 0 0 12 0 11 0 0 2 0 3 10 0 0 0 16 43 0 0 0 0 0 0 0 0 0 0 0 6 0 0 0 0 0 1 0 0 0 1 1 35 86 5 0 0 0 0 0 0 0 0 0 0 0 0 0 0 0 0 0 0 10 0 0 5 0 0 
 3 53 0 0 3 0 14 0 0 0 0 0 15 0 0 0 0 3 19 5 3 0 0 63 0 0 205 1 0 1 0 0 0 63 0 0 0 0 0 1 38 98 85 329 0 238 57 573 149 162 306 59 280 321 63 145 55 380 268 315 2 2 0 2 0 3 29 57 0 0 3 105 5 0 24 0 0 2 0 52 1 2 10 6 0 0 0 0 0 0 0 0 12 8 0 0 5 0 5 3 0 0 0 0 0 0 0 0 0 0 0 0 0 0 0 0 0 0 0 0 0 0 0 10 17 0 0 0 0 15 0 0 0 0 33 0 0 0 0 0 0 6 0 0 0 0 16 5 7 0 19 7 1 19 0 0 0 0 15 9 0 6 2 0 0 0 1 0 0 11 0 7 5 8 0 0 0 0 0 0 0 0 0 0 0 0 0 11 0 0 0 0 0 0 0 0 0 0 0 0 0 0 0 12 11 11 0 0 6 0 0 29 0 0 0 29 0 0 0 0 0 0 17 0 0 0 0 0 6 0 0 0 34 18 8 14 0 0 11 0 0 0 0 0 0 0 0 0 0 0 0 11 0 0 0 0 0 0 0 0 0 19 11 24 3 5 1 3 0 0 6 0 0 0 0 0 0 0 0 0 0 0 0 0 0 0 0 1 0 0 
 0 0 0 0 2 0 0 0 0 0 0 0 0 0 0 0 0 0 0 0 1 14 0 0 0 62 0 0 0 0 0 0 0 0 2 0 0 0 0 0 23 88 99 66 238 0 138 92 129 65 291 90 42 107 62 106 136 70 49 263 105 2 0 0 0 0 120 0 0 1 0 0 2 0 51 0 3 0 1 66 0 0 0 0 0 0 0 0 0 0 0 0 0 0 0 0 0 0 0 0 0 0 0 0 0 0 0 0 0 0 0 0 0 0 0 0 0 0 0 0 0 6 2 28 0 13 8 0 48 6 0 18 0 0 19 12 1 3 0 0 8 85 9 0 0 0 30 20 17 0 9 0 36 1 1 0 5 0 22 6 0 0 0 0 0 0 0 0 0 0 0 0 8 0 2 0 0 0 0 0 0 0 0 0 0 0 0 5 0 0 0 0 0 0 0 0 0 0 0 17 11 4 19 23 11 38 0 11 7 11 13 25 0 4 0 20 0 0 0 0 22 27 20 0 0 0 12 0 18 0 0 2 23 4 7 3 0 0 0 9 0 0 0 0 0 0 0 0 0 0 0 2 0 1 0 0 0 0 0 1 0 0 4 33 3 6 0 2 0 0 13 0 0 0 0 0 0 0 0 0 0 0 0 0 0 0 0 8 2 0 
 0 0 0 0 0 0 0 0 0 0 0 0 0 2 0 0 0 2 0 0 2 2 3 2 2 2 2 2 2 2 77 2 2 2 2 67 2 4 2 2 101 66 68 78 57 138 0 253 51 142 101 102 283 262 103 48 79 94 316 63 0 0 0 0 0 0 0 0 0 0 0 0 0 11 7 0 0 0 0 0 0 0 0 0 0 0 0 0 0 0 0 0 0 0 0 0 0 0 0 0 0 0 0 0 10 11 0 0 0 0 0 0 0 0 0 0 0 0 0 0 0 26 13 0 25 3 0 11 27 24 1 19 0 3 0 7 24 1 18 0 13 1 0 0 0 1 10 0 1 0 2 0 5 0 0 0 0 1 10 1 6 6 0 0 0 0 0 0 0 0 0 0 6 0 0 0 0 0 0 0 0 0 34 18 2 0 0 0 0 10 0 11 0 0 0 0 10 0 0 18 11 28 0 25 0 0 8 23 0 2 27 0 10 13 10 0 0 0 1 18 0 0 0 8 0 0 7 9 0 0 14 1 6 10 0 0 6 0 22 8 0 0 0 0 0 2 0 0 0 0 0 16 2 0 0 0 0 1 30 0 9 0 31 0 0 2 2 90 0 0 9 0 0 0 0 0 0 0 0 0 0 0 8 0 11 0 0 0 2 0 
 2 0 0 63 0 0 0 0 0 0 3 0 2 0 0 0 0 0 0 0 0 0 0 0 128 3 203 62 0 0 272 52 0 3 0 0 0 1 0 0 194 198 182 132 573 92 253 0 110 111 109 81 145 317 256 174 185 99 79 113 0 7 4 24 0 0 5 7 0 4 17 1 5 23 0 7 0 40 0 63 0 0 0 0 0 0 0 0 0 0 0 0 0 0 0 0 0 0 0 0 0 0 0 0 0 0 0 0 0 0 0 0 0 0 0 0 0 0 0 0 0 26 1 0 17 0 0 18 1 22 24 15 0 13 5 20 19 38 0 9 0 0 9 8 0 6 18 0 0 7 0 0 0 6 13 7 0 0 23 0 23 1 0 0 0 0 0 2 0 0 0 0 0 0 0 0 0 0 0 0 0 15 1 0 12 10 0 0 0 7 0 0 0 0 0 0 0 0 0 0 0 24 0 30 17 0 10 12 0 66 8 0 0 27 12 18 0 0 11 1 0 32 1 0 5 0 0 0 47 4 0 0 1 19 2 4 0 0 7 0 0 0 0 0 0 0 0 0 0 0 0 9 0 0 0 1 0 0 1 0 0 0 66 0 0 0 7 0 0 1 0 0 0 0 0 2 0 0 0 0 0 0 0 0 35 15 0 0 2 0 
 0 0 0 0 1 0 0 0 0 0 0 0 0 0 0 0 0 0 0 0 0 4 0 0 0 0 0 0 0 1 62 0 0 0 1 0 0 9 0 0 468 289 198 146 149 129 51 110 0 133 112 145 174 174 93 52 93 257 113 101 0 0 0 0 0 0 0 0 0 0 0 53 0 0 0 0 0 0 48 0 0 0 0 0 0 0 0 0 0 0 0 0 0 0 0 13 0 0 0 0 0 0 0 0 0 0 0 6 5 11 1 0 0 0 0 0 0 4 0 0 6 15 27 0 43 11 14 0 21 11 2 0 0 0 0 9 0 0 11 6 0 0 3 0 3 0 12 0 0 0 0 0 0 1 0 0 0 0 12 27 0 0 0 0 0 0 0 0 0 0 0 0 0 0 0 0 0 0 0 0 8 0 0 0 5 0 0 11 0 0 0 1 0 7 0 1 0 0 0 8 6 9 20 32 9 0 9 0 1 39 32 15 5 0 8 16 40 29 0 6 0 0 0 6 0 0 0 0 0 0 0 0 17 26 0 0 0 0 40 5 0 0 0 0 0 0 0 0 0 0 0 15 0 0 0 0 0 0 23 1 0 0 3 0 4 18 0 64 0 0 0 0 0 0 2 0 0 0 0 0 0 1 0 0 0 15 0 0 2 0 
 0 0 0 0 0 3 0 0 0 0 0 0 0 0 0 0 0 4 63 0 0 3 0 5 10 1 0 0 0 10 6 0 0 0 2 8 14 0 0 0 279 350 154 188 162 65 142 111 133 0 90 256 127 110 296 350 243 127 101 114 1 0 0 52 0 2 52 2 0 1 2 50 0 0 0 0 0 0 1 0 0 0 0 0 0 0 0 0 0 0 0 0 0 0 0 0 0 0 0 0 0 0 0 0 9 10 0 0 0 0 9 13 0 0 0 0 0 0 0 0 5 38 38 8 8 26 0 0 11 27 28 45 0 5 0 23 1 14 5 0 0 1 0 0 0 23 1 0 0 0 0 0 1 7 0 0 0 0 0 14 0 0 0 0 0 0 0 0 0 0 0 0 0 0 0 0 0 0 0 0 0 0 0 8 0 21 0 0 0 8 0 0 0 0 0 11 0 1 0 0 0 6 0 13 19 1 1 17 0 15 17 29 0 1 10 16 0 22 1 0 7 2 0 8 0 0 1 0 0 0 0 0 20 1 0 0 0 0 16 10 0 0 0 0 0 0 0 0 0 0 0 8 0 0 0 0 0 0 0 3 0 1 0 2 1 2 0 6 1 0 0 0 0 0 0 0 0 0 0 0 0 1 0 0 5 1 0 0 0 0 
 0 0 0 0 0 0 0 0 0 3 0 0 1 0 0 0 0 0 0 0 2 0 0 0 0 0 0 0 0 0 0 0 0 0 2 207 0 0 0 0 28 120 109 48 306 291 101 109 112 90 0 136 31 250 47 209 233 131 41 94 50 63 3 2 0 0 129 0 1 0 0 63 58 0 6 0 1 1 0 52 0 0 0 0 0 0 0 0 0 0 0 0 0 0 0 0 0 0 0 0 0 0 0 0 0 0 0 0 0 0 0 0 0 0 0 0 0 0 0 0 0 8 0 32 82 3 0 0 10 14 0 70 0 0 7 13 0 0 0 0 6 2 0 0 0 0 13 3 8 0 10 0 15 4 0 14 0 1 32 3 0 0 0 0 0 8 0 0 0 0 0 0 0 0 0 0 0 0 0 0 0 0 0 0 0 0 0 0 0 0 0 0 0 0 0 0 0 0 0 0 0 0 0 12 16 23 0 0 0 6 0 0 0 0 0 15 0 0 0 0 1 2 19 3 0 0 0 6 23 0 6 12 23 23 29 8 4 0 1 26 0 0 0 0 0 0 0 0 0 0 0 2 0 0 0 0 0 0 0 10 0 0 4 1 67 4 0 1 0 0 16 0 0 0 0 3 0 0 0 0 0 0 0 0 0 0 0 7 2 0 
 0 0 0 0 4 0 0 0 0 3 0 0 0 0 0 0 0 0 0 0 4 0 0 0 0 3 0 0 0 0 0 0 0 0 2 207 0 0 0 0 90 89 169 180 59 90 102 81 145 256 136 0 70 252 114 329 78 97 52 69 3 2 0 0 0 2 2 1 0 13 6 0 1 1 4 0 7 5 18 3 0 0 0 0 0 0 0 17 0 3 0 0 0 0 0 0 0 0 0 0 0 0 0 0 0 0 0 0 0 0 0 0 0 0 0 0 0 0 0 0 0 0 10 0 1 7 0 13 9 7 10 12 0 0 20 10 15 10 0 0 6 5 3 0 0 4 0 3 7 6 10 6 7 11 14 7 0 1 0 7 0 0 0 0 0 0 0 0 0 0 0 0 0 0 0 0 0 0 0 0 0 0 0 0 0 0 0 0 0 0 0 0 0 0 0 0 0 0 0 0 0 0 24 47 10 11 0 0 0 0 29 11 0 0 16 40 28 17 0 0 9 0 1 5 0 0 0 0 0 0 0 8 8 33 0 14 6 0 28 13 0 0 0 0 0 0 0 1 0 0 0 5 0 0 0 0 0 0 0 16 0 0 63 0 0 37 4 0 0 0 1 0 0 0 0 14 0 0 0 0 0 0 0 0 8 0 0 0 13 0 
 0 0 0 0 0 3 0 0 3 0 0 0 0 0 0 0 0 0 0 0 3 3 97 64 0 62 0 0 124 0 2 0 0 3 0 62 0 54 0 0 257 84 159 66 280 42 283 145 174 127 31 70 0 94 113 298 396 330 221 616 0 0 0 0 0 0 0 0 0 0 0 0 0 0 0 4 0 0 0 0 4 0 0 0 0 0 0 0 0 0 0 0 0 0 0 0 0 0 0 0 0 0 0 1 10 11 0 0 0 11 7 11 1 0 0 0 0 0 0 0 82 26 25 0 7 0 1 26 0 0 0 0 31 15 0 0 0 0 16 0 0 0 2 0 0 0 4 0 0 0 0 0 0 0 0 0 0 0 0 4 1 0 0 0 0 0 0 0 0 0 0 0 0 0 0 0 0 0 0 0 0 0 0 9 0 12 0 0 2 0 66 7 0 0 0 6 0 13 0 0 23 18 10 0 0 0 13 22 0 24 31 0 42 57 24 0 0 0 0 8 0 0 0 0 0 0 0 0 0 0 0 0 0 0 0 0 0 0 6 0 0 0 0 0 0 0 0 0 0 17 0 10 0 2 0 0 0 0 1 2 7 0 65 0 0 5 0 0 0 0 0 0 0 0 0 0 0 0 0 0 0 0 0 0 16 0 0 0 0 0 
 0 0 0 0 0 0 0 0 18 2 3 0 0 0 1 0 0 0 0 3 0 0 0 1 30 0 0 0 0 0 0 133 0 0 2 0 5 0 0 2 133 347 30 352 321 107 262 317 174 110 250 252 94 0 326 335 143 64 97 176 2 0 6 0 9 0 0 0 4 4 0 0 5 0 2 6 0 43 0 0 0 0 0 0 0 0 0 0 11 0 0 0 0 0 0 0 0 0 0 0 0 0 0 0 0 11 0 0 0 0 0 0 0 0 0 0 0 0 0 0 8 26 1 0 1 0 0 11 12 35 50 42 0 0 0 79 5 23 0 26 0 0 0 0 0 17 0 0 0 0 3 11 0 0 0 0 0 0 0 0 0 0 0 0 0 0 35 6 0 7 0 0 0 0 0 0 19 0 0 0 0 0 0 0 9 6 0 0 0 0 0 0 0 0 0 0 0 0 0 0 4 6 0 9 0 0 1 10 67 0 21 0 0 3 8 0 0 10 10 0 0 0 0 8 0 0 0 0 0 0 0 0 0 1 0 0 0 0 11 0 0 0 0 0 0 0 0 0 0 0 0 6 0 0 0 0 0 0 0 0 0 0 67 0 0 4 1 9 0 0 0 0 0 0 0 0 0 0 0 0 0 0 0 0 21 10 0 0 1 0 
 0 0 0 0 0 0 0 0 0 3 1 0 0 0 0 0 0 0 0 0 0 0 2 0 31 0 0 0 0 0 1 126 0 0 0 0 0 0 0 0 113 343 28 148 63 62 103 256 93 296 47 114 113 326 0 81 123 38 78 410 0 0 0 0 0 0 0 0 0 0 0 3 0 0 0 0 0 0 0 0 0 0 0 0 0 0 0 0 0 0 0 0 0 0 0 0 0 0 0 0 0 0 0 0 0 0 0 0 0 0 0 0 0 0 0 0 0 0 0 0 0 28 0 0 0 1 0 0 0 56 52 35 0 22 0 16 23 42 0 16 0 0 0 0 0 8 0 0 0 0 0 0 0 0 0 0 0 0 0 0 0 0 0 0 0 0 0 6 0 10 0 0 0 0 0 0 0 0 0 0 0 0 0 0 30 5 0 0 0 0 0 0 0 0 0 0 0 0 0 0 18 16 1 15 26 0 13 16 10 49 19 1 0 22 16 0 0 19 11 0 0 0 0 6 0 0 0 0 0 0 0 0 0 0 0 0 0 0 20 0 0 0 7 0 0 60 0 0 0 0 0 6 0 0 0 0 0 0 0 0 0 0 1 0 0 6 0 82 0 0 0 0 0 2 0 0 10 0 0 0 0 0 0 0 28 36 0 0 2 0 
 0 0 0 87 10 7 0 0 7 33 5 0 2 0 0 6 6 2 0 0 2 2 2 2 22 2 10 2 5 2 2 2 5 8 2 30 2 2 7 9 89 269 54 111 145 106 48 174 52 350 209 329 298 335 81 0 90 116 37 74 56 0 0 5 0 0 100 0 0 23 0 50 0 0 0 0 0 0 1 111 0 0 0 0 0 0 0 0 35 0 6 9 0 0 5 0 0 0 0 0 0 40 0 0 0 0 0 0 0 0 0 0 0 16 0 13 0 0 0 0 0 0 26 78 39 11 0 8 0 31 21 10 0 0 1 0 28 1 0 0 11 0 18 0 0 1 1 0 0 1 0 0 11 14 0 17 0 0 35 15 0 0 0 7 0 7 0 0 0 0 4 8 0 0 0 0 0 7 0 0 0 0 0 0 0 0 3 4 0 0 0 0 8 0 0 0 0 0 0 0 0 0 0 11 0 13 0 6 0 17 15 16 0 0 11 0 1 0 0 0 14 1 0 6 0 0 12 0 9 0 0 0 22 11 38 0 10 0 48 17 0 0 0 0 0 66 0 0 0 0 0 11 0 1 0 0 0 0 0 2 0 0 115 1 8 0 0 0 0 0 0 0 0 0 0 0 0 0 0 0 0 4 0 0 7 0 0 7 0 0 
 0 0 0 0 0 0 0 0 0 0 1 0 0 0 0 0 0 0 0 1 0 5 0 0 30 68 0 0 0 0 0 67 0 0 1 0 0 1 0 0 453 425 112 264 55 136 79 185 93 243 233 78 396 143 123 90 0 378 259 117 5 0 0 51 0 0 0 0 0 0 0 0 1 0 0 0 5 0 0 0 0 0 0 0 0 0 0 0 0 0 0 0 0 0 0 0 0 0 0 0 0 0 0 0 0 0 0 18 0 0 0 0 0 0 0 0 0 0 0 0 0 36 32 8 0 22 10 0 13 4 20 0 0 33 20 30 0 3 18 15 9 0 2 0 6 0 16 0 0 0 0 0 0 0 0 0 0 0 24 11 0 0 0 0 0 0 0 8 0 0 0 0 0 0 0 0 0 0 0 0 0 0 0 0 9 10 0 0 0 0 0 0 0 0 0 0 0 0 0 0 8 27 12 26 9 0 0 31 55 30 34 21 0 4 14 9 12 24 10 25 0 0 0 32 0 0 0 0 0 0 0 0 0 39 0 0 0 0 1 0 0 0 1 0 0 0 0 0 0 0 0 11 0 0 0 0 0 0 0 0 0 0 2 1 1 1 1 63 2 0 0 0 0 0 0 0 0 0 0 0 0 0 0 0 23 16 0 0 2 0 
 3 3 3 3 7 5 3 2 3 3 68 3 4 3 2 3 3 3 4 3 0 2 0 7 3 13 0 0 0 0 0 3 0 0 2 0 0 0 0 0 33 225 178 135 380 70 94 99 257 127 131 97 330 64 38 116 378 0 78 37 0 0 4 0 0 4 0 4 2 0 51 21 19 52 2 2 10 1 18 0 0 0 0 0 0 0 0 0 0 0 0 0 0 0 0 0 0 0 4 0 0 0 0 0 11 0 0 0 0 0 0 0 0 0 0 0 0 0 0 0 33 15 47 5 23 6 14 0 21 13 1 0 0 5 8 10 0 1 20 0 0 0 5 0 3 0 8 0 0 0 0 0 0 21 0 0 0 0 7 23 0 0 0 0 0 0 0 0 0 0 0 0 0 0 0 0 0 0 0 0 0 0 0 0 0 0 0 0 0 0 0 0 0 0 0 0 0 0 0 0 18 0 8 32 19 0 0 0 1 7 10 10 0 0 11 47 11 17 0 0 0 0 0 0 0 0 0 0 0 0 0 0 10 23 11 0 8 0 34 9 0 0 0 0 0 0 0 0 0 0 0 10 0 2 0 0 0 0 1 2 0 1 2 2 2 2 0 1 3 0 0 0 0 0 0 0 0 0 0 0 0 0 0 0 1 0 0 0 0 0 
 0 0 0 0 1 3 87 0 0 0 50 0 0 0 0 0 0 0 0 0 0 42 2 0 93 63 6 0 1 0 30 0 0 5 1 4 0 6 0 0 270 182 86 300 268 49 316 79 113 101 41 52 221 97 78 37 259 78 0 341 0 0 0 11 6 0 2 0 0 0 0 0 4 0 0 0 3 6 5 0 0 0 0 0 0 0 0 0 0 0 0 8 0 0 0 0 0 0 0 0 0 0 11 0 0 2 0 13 8 5 8 0 0 1 0 1 0 0 0 0 15 7 11 0 12 0 13 20 0 0 13 0 20 11 0 1 9 9 33 6 0 0 3 0 1 0 0 0 0 0 0 0 0 0 0 0 1 0 0 7 0 0 0 0 0 0 0 0 0 0 0 0 0 0 0 0 0 0 0 0 15 0 0 0 2 10 0 3 0 1 6 6 0 4 17 0 0 1 1 4 10 0 20 0 7 0 1 0 10 6 0 11 0 0 23 0 0 25 22 16 0 0 0 0 0 0 0 0 0 0 0 0 0 0 0 0 0 0 33 0 0 0 7 0 0 0 0 0 0 0 0 3 0 1 0 0 0 1 0 25 0 0 1 0 0 0 0 0 0 0 0 0 0 0 0 0 0 0 0 2 0 6 0 0 0 0 0 0 0 0 
 0 0 0 0 0 2 0 0 0 0 0 0 0 1 0 0 0 0 0 0 2 11 105 0 16 87 2 0 63 70 274 133 0 0 8 0 0 69 0 0 67 117 31 291 315 263 63 113 101 114 94 69 616 176 410 74 117 37 341 0 0 0 0 0 0 0 0 0 0 0 0 0 0 0 2 9 2 0 0 0 0 0 0 0 0 0 0 0 0 0 1 0 0 0 0 0 0 0 0 0 0 0 0 0 7 0 0 0 0 0 0 0 0 0 0 0 0 6 0 0 0 17 0 0 0 0 22 14 41 0 19 0 9 6 21 7 18 10 28 17 5 0 3 0 14 0 0 0 0 0 0 0 0 0 0 0 0 0 0 0 0 0 0 1 0 0 0 5 0 0 0 0 0 0 0 0 0 0 0 0 0 0 0 0 31 18 0 0 0 2 46 23 0 0 13 20 5 31 0 6 0 23 21 0 0 0 3 14 54 17 0 0 50 13 2 0 17 7 24 36 0 0 0 0 0 0 0 0 0 0 0 0 0 0 0 0 0 0 0 0 0 0 0 0 0 0 0 0 0 0 0 8 0 1 0 0 0 0 2 0 0 0 0 0 1 4 2 0 0 0 0 0 0 0 0 0 0 0 0 0 0 0 0 0 0 0 0 0 0 0 
 0 0 0 0 0 2 0 0 0 0 3 0 0 0 0 0 0 0 0 0 2 2 0 0 0 0 0 0 0 0 0 0 0 0 56 0 0 0 0 37 0 0 1 52 2 105 0 0 0 1 50 3 0 2 0 56 5 0 0 0 0 327 68 84 36 250 174 365 340 28 34 36 92 96 383 52 46 36 30 116 0 0 0 0 0 0 0 0 0 0 0 0 0 0 0 0 0 0 0 0 0 0 0 0 0 0 0 0 17 0 0 0 0 0 0 0 0 0 0 0 0 0 13 18 14 17 0 0 0 0 0 0 0 0 0 0 8 0 0 0 11 10 17 0 0 0 28 0 0 0 0 1 42 1 1 18 22 8 12 1 0 0 0 0 0 0 0 0 0 0 0 0 0 0 18 0 0 0 0 0 0 0 0 0 0 0 6 0 0 0 0 0 0 0 0 0 0 0 0 0 0 0 0 0 0 15 0 0 8 1 0 6 0 0 0 0 0 0 0 0 21 14 0 8 0 0 28 0 7 0 0 19 18 0 36 4 6 26 0 24 0 0 0 0 0 0 0 0 0 0 0 0 0 0 14 0 0 0 0 0 0 0 0 51 50 0 0 0 0 0 2 2 0 1 0 0 0 0 0 0 0 0 6 0 0 0 0 8 0 0 
