 0 408 194 61 116 272 299 140 48 209 36 361 69 119 234 88 132 39 221 129 2 0 0 2 3 3 1 0 0 25 3 2 0 3 0 0 1 0 1 0 2 0 0 0 3 0 0 0 63 3 0 0 0 0 3 64 2 0 0 0 2 0 1 3 4 2 0 0 0 0 0 0 0 0 0 2 2 0 0 2 26 27 1 20 16 15 68 14 3 1 2 0 12 0 29 2 10 0 15 29 0 0 0 0 0 0 0 0 0 0 0 0 0 0 0 0 0 0 0 0 0 0 0 0 0 0 0 0 0 0 0 0 0 0 0 0 0 0 0 0 0 0 0 0 0 8 0 0 0 0 0 0 0 0 0 0 1 0 0 0 0 11 0 10 1 0 29 19 40 1 23 0 20 34 24 21 0 5 0 25 0 0 0 0 1 0 0 0 0 1 0 0 0 0 0 0 0 0 1 0 0 0 0 2 0 0 0 0 0 0 0 0 0 0 0 0 0 0 0 0 0 0 0 0 0 0 0 0 2 0 0 0 0 0 0 0 0 0 0 0 0 15 0 0 0 1 0 1 2 0 0 6 0 0 0 0 0 0 0 0 0 0 19 0 0 0 0 0 0 0 0 0 0 0 0 0 0 0 0 0 0 0 0 0 0 0 0 0 0 0 
 408 0 184 202 128 238 93 442 392 434 306 205 46 63 227 311 559 50 370 66 3 0 0 0 3 3 0 0 0 0 3 0 2 3 0 0 0 0 75 149 0 0 0 0 3 0 0 0 0 3 0 0 0 0 3 0 2 0 0 0 1 0 0 3 0 2 0 0 0 0 0 0 0 0 0 2 2 0 0 2 9 19 14 23 1 8 17 37 8 23 14 7 11 14 0 20 8 23 31 28 0 7 0 0 0 0 0 0 0 11 0 0 11 0 14 0 0 0 0 1 0 0 0 0 0 0 0 0 0 0 0 0 0 0 0 0 0 0 0 0 0 0 0 21 0 0 0 0 0 0 0 0 0 0 0 0 0 0 0 0 16 0 19 28 13 0 18 0 10 0 29 1 0 0 11 1 10 15 0 0 0 0 0 0 0 0 0 0 0 1 0 0 34 18 0 0 0 0 29 0 0 0 1 0 0 0 0 0 0 0 0 0 0 0 0 0 0 0 0 0 0 0 0 0 0 0 0 0 0 0 0 0 0 0 0 0 0 2 0 0 0 0 0 0 0 2 3 1 3 0 4 11 0 1 0 0 0 0 0 0 0 0 0 0 0 0 0 0 0 2 0 0 0 0 0 1 21 0 0 0 0 0 0 0 0 0 0 0 0 0 
 194 184 0 197 236 129 138 170 142 236 213 120 48 44 49 340 243 128 38 34 2 0 1 0 3 3 2 0 0 3 68 3 80 82 0 0 0 0 74 75 0 0 3 2 6 0 0 0 0 3 0 0 0 2 3 2 2 0 0 0 5 0 45 5 0 2 0 1 0 0 1 0 0 1 0 2 2 0 0 4 0 38 30 21 31 0 0 10 0 20 19 23 50 24 13 15 0 22 0 0 0 0 0 7 0 0 0 0 10 0 0 0 3 0 16 0 0 0 9 0 0 0 0 0 0 0 0 0 0 0 0 0 0 9 0 0 0 0 0 0 0 0 0 0 0 0 0 0 0 0 0 0 12 0 1 0 0 0 0 0 16 0 38 2 10 2 0 0 11 1 0 37 5 10 0 52 10 0 0 0 0 0 0 0 0 0 0 0 0 0 0 0 25 0 0 0 0 0 22 0 0 0 0 0 0 0 0 0 0 0 0 0 0 0 0 0 0 0 0 0 0 0 0 0 0 0 0 0 0 0 0 0 0 0 0 0 0 0 0 0 0 10 0 0 0 0 2 2 2 2 2 9 0 0 0 0 0 0 0 0 0 0 15 0 0 0 0 0 0 0 0 0 0 0 0 0 21 0 0 0 0 0 0 0 0 0 0 0 0 0 
 61 202 197 0 209 121 93 72 463 91 287 140 48 193 264 294 38 93 63 63 77 2 0 0 3 5 0 0 0 0 3 0 178 75 0 0 0 0 19 132 5 0 5 15 3 0 0 0 2 3 0 0 0 0 3 0 2 0 0 0 3 0 0 3 0 2 0 1 0 0 0 0 0 0 0 2 2 0 0 2 0 31 28 8 37 8 0 0 0 4 0 15 16 15 0 14 1 15 0 0 0 2 0 0 0 0 10 1 0 0 0 0 56 13 30 22 13 1 1 25 0 0 0 0 0 0 0 2 0 0 0 0 0 0 0 0 0 0 0 1 0 0 0 0 0 0 0 0 0 0 0 0 0 0 0 0 0 0 0 0 0 12 0 25 4 55 0 0 1 40 0 37 4 0 2 0 9 30 0 0 1 0 0 0 3 0 7 15 0 0 0 0 9 12 15 0 0 0 57 2 0 0 0 0 1 0 0 0 0 0 0 0 0 0 0 0 0 0 0 0 0 0 0 0 0 0 0 0 0 0 0 0 0 0 0 0 0 0 0 0 0 0 0 0 0 0 1 0 0 1 1 10 10 0 0 0 0 0 0 0 0 0 0 0 0 0 0 0 0 0 0 0 0 0 0 15 0 0 0 0 0 0 0 0 0 2 0 0 0 0 
 116 128 236 209 0 79 317 234 337 215 196 263 75 85 241 406 257 440 137 81 4 0 1 0 4 3 0 0 0 0 4 1 86 77 0 3 0 1 74 150 33 0 4 19 3 0 0 0 2 3 0 0 0 0 3 0 2 0 0 0 3 0 0 3 0 2 0 2 0 0 0 0 0 0 0 2 3 0 45 2 0 1 29 60 33 29 0 20 24 13 23 21 1 1 0 37 0 20 2 13 0 15 0 0 0 0 1 0 12 0 0 0 1 0 0 1 0 1 19 15 0 0 0 0 0 0 0 0 0 0 2 0 0 0 0 0 0 0 0 0 0 0 0 0 0 0 0 0 0 0 0 0 13 0 0 1 0 0 0 0 0 0 0 29 6 36 0 0 34 2 28 23 4 16 20 38 1 3 0 0 43 0 0 1 0 0 0 0 0 0 0 1 51 2 1 13 0 0 10 22 0 0 0 0 0 0 0 0 0 0 0 0 0 0 0 2 0 0 0 0 0 0 0 0 0 0 0 0 0 0 0 0 0 0 0 0 0 0 0 0 0 0 0 0 0 2 91 3 2 0 20 7 0 0 0 0 0 0 0 0 0 0 0 0 0 0 0 0 0 0 0 0 0 0 0 1 1 0 0 0 0 0 0 0 0 0 0 0 0 2 
 272 238 129 121 79 0 336 47 61 70 113 272 28 62 353 74 373 147 73 62 75 0 73 0 3 3 0 152 0 0 79 0 72 97 0 0 0 35 2 1 0 44 0 0 3 0 0 0 2 3 0 0 0 0 3 0 3 1 0 3 3 0 0 3 0 2 0 2 0 0 0 0 0 0 0 2 3 0 0 2 0 0 1 24 13 1 0 11 7 17 0 18 0 0 10 14 0 0 0 0 52 8 26 0 0 0 11 14 11 11 21 0 0 9 16 0 1 0 10 0 0 0 0 0 0 0 0 0 0 0 0 0 0 0 0 0 0 0 0 0 0 0 0 0 1 0 0 0 0 0 0 0 5 0 0 0 0 0 0 0 0 0 14 0 1 0 0 0 9 0 36 0 0 14 0 6 12 0 0 0 0 7 2 0 0 0 13 31 11 0 8 1 47 0 3 22 0 11 20 0 0 0 0 0 0 0 0 0 0 0 0 0 0 0 0 0 0 0 0 0 2 0 0 0 1 0 5 0 0 0 0 0 1 0 0 0 0 1 3 0 0 9 0 0 0 6 90 0 12 6 0 23 0 0 0 0 0 0 0 0 0 0 0 0 0 0 0 0 0 0 0 0 0 0 3 0 0 0 0 10 0 0 0 0 0 33 0 0 0 12 
 299 93 138 93 317 336 0 343 272 37 327 26 173 141 104 96 18 44 45 310 4 0 0 0 3 3 0 0 0 0 4 0 74 6 1 0 1 3 0 6 0 0 69 0 4 1 3 3 2 10 3 0 3 4 9 0 2 6 2 0 4 0 4 5 9 5 48 2 0 0 0 0 0 9 0 2 3 9 6 2 32 61 41 18 13 0 22 18 26 15 0 0 14 17 33 53 13 1 7 0 0 0 0 0 0 0 0 0 0 0 0 0 11 0 0 0 0 0 0 0 0 0 0 0 0 0 0 0 0 0 0 0 0 0 0 0 0 0 0 0 0 0 0 0 0 0 0 0 0 0 0 0 0 0 0 0 7 0 0 0 21 14 29 0 0 0 29 12 5 15 19 21 18 41 12 19 104 8 10 0 0 0 0 0 0 0 0 0 0 0 0 0 21 0 0 0 0 0 0 0 0 0 0 0 0 0 1 0 0 0 0 0 0 0 0 0 0 0 0 0 14 0 0 0 0 0 0 0 0 0 0 0 0 0 0 0 0 0 0 0 0 5 0 0 0 2 1 0 0 0 0 0 0 0 0 0 0 0 0 0 0 0 24 0 0 0 0 0 0 0 0 0 0 0 0 0 0 30 0 0 0 0 0 0 0 0 0 0 0 0 
 140 442 170 72 234 47 343 0 81 99 141 139 172 441 82 41 76 156 296 223 3 1 0 0 3 4 0 2 4 0 3 2 0 3 0 1 5 0 0 4 3 62 0 0 5 0 0 0 1 4 2 1 3 0 58 7 4 0 3 0 4 4 0 6 0 2 2 2 0 3 6 0 0 0 0 5 39 0 0 2 10 34 19 15 14 14 15 0 17 13 32 14 13 14 0 32 105 5 1 0 0 0 0 0 0 0 0 0 0 0 0 0 24 0 2 0 0 0 0 0 0 0 0 0 0 0 0 0 0 2 0 0 0 0 0 0 0 0 0 0 0 0 0 0 0 0 0 0 0 0 19 0 0 1 0 1 0 0 0 0 14 13 13 0 0 0 15 14 14 20 49 19 8 20 0 0 19 10 0 12 0 0 0 0 0 0 0 0 0 2 0 0 35 0 0 0 13 0 1 0 0 0 0 1 0 0 0 0 0 0 0 0 0 25 0 0 0 0 0 0 0 0 0 0 0 0 5 0 22 0 0 0 0 0 0 0 0 0 0 0 0 0 0 0 0 0 0 2 1 2 0 8 0 0 0 0 0 0 0 0 0 0 0 0 0 0 0 0 0 0 0 0 0 0 0 1 9 1 0 0 0 0 0 0 0 0 0 0 0 0 
 48 392 142 463 337 61 272 81 0 160 49 116 86 241 92 187 92 140 411 159 5 0 0 2 3 3 0 0 0 0 3 0 140 3 0 0 0 2 9 87 8 2 6 4 3 0 0 3 1 3 0 0 0 0 3 0 2 0 0 0 3 0 0 3 0 5 0 2 2 0 2 0 0 1 0 2 3 5 2 2 26 0 24 0 11 12 26 7 11 12 0 13 0 12 10 0 1 11 10 22 0 9 9 0 0 0 0 0 0 0 0 0 5 0 10 11 0 0 20 0 0 0 0 0 0 0 0 0 0 14 0 0 0 0 0 0 0 0 0 0 0 0 0 0 0 0 0 0 0 0 0 0 0 0 0 0 0 10 0 0 0 19 11 30 9 11 0 29 11 10 19 9 11 0 23 42 0 27 0 1 20 0 0 0 0 0 0 23 0 0 0 0 20 18 0 0 0 0 12 14 2 0 0 0 0 0 0 0 2 0 0 0 0 0 0 0 0 0 0 0 0 0 2 0 0 0 0 0 0 0 0 0 0 0 0 0 30 0 0 0 0 0 0 0 0 0 4 0 2 0 20 13 0 0 2 0 0 0 0 1 0 0 0 0 0 0 0 0 0 0 0 0 0 0 0 0 10 9 0 0 0 0 0 0 0 0 0 0 0 0 
 209 434 236 91 215 70 37 99 160 0 90 171 47 191 488 172 182 37 71 114 10 0 0 0 5 3 2 77 0 2 5 0 0 7 0 0 0 0 0 142 0 0 22 2 3 0 2 0 2 3 0 0 0 0 3 0 2 0 0 0 1 4 0 9 0 2 2 0 0 0 0 0 0 0 0 2 2 2 0 2 0 12 8 19 14 32 0 7 40 11 53 0 11 30 0 22 10 21 0 12 7 8 21 0 0 0 0 21 0 0 0 0 10 9 0 0 0 0 0 0 0 0 0 0 0 0 0 0 0 2 0 0 0 8 0 1 0 0 0 0 0 0 13 0 0 0 0 2 0 0 0 0 0 0 0 0 1 0 0 0 17 0 5 19 15 14 14 0 48 0 32 28 0 2 5 0 0 19 0 0 0 0 0 0 0 0 0 0 0 2 0 0 12 13 2 0 15 0 9 0 0 0 0 1 0 0 0 0 0 0 0 0 0 20 0 0 0 0 0 0 0 0 0 0 0 0 0 0 0 0 10 0 0 0 0 0 0 0 0 0 0 0 0 0 0 0 91 0 87 7 0 3 0 0 0 0 0 0 0 0 0 0 0 0 0 0 0 0 0 0 0 0 0 0 0 14 16 0 0 0 0 0 0 0 0 0 0 0 0 0 
 36 306 213 287 196 113 327 141 49 90 0 72 32 479 586 214 180 50 166 510 80 0 0 0 3 4 74 0 7 0 3 2 95 77 0 0 0 0 2 3 0 0 0 61 3 0 2 0 2 3 0 0 0 0 3 2 2 0 0 0 51 0 0 7 0 2 0 2 0 4 0 0 0 0 0 2 8 0 0 2 10 3 12 18 18 25 18 15 21 33 17 0 0 17 1 34 0 2 0 0 0 0 0 0 0 0 0 16 0 0 0 0 7 29 8 19 24 0 9 49 0 0 0 0 0 0 0 0 1 12 0 0 0 0 0 0 0 0 0 0 0 0 0 0 0 1 11 0 0 0 0 0 0 0 0 2 0 0 0 0 0 0 23 1 10 41 1 10 12 8 30 17 15 38 0 1 63 13 0 15 4 9 0 0 0 0 18 16 16 0 0 2 8 2 14 0 0 0 12 0 0 0 0 0 0 0 2 0 0 0 0 0 0 0 0 2 0 2 0 0 0 0 0 0 0 0 0 0 0 0 0 0 0 0 0 0 0 0 0 0 0 7 0 0 0 2 85 4 1 13 0 14 13 0 0 9 0 0 0 0 0 0 1 0 0 0 0 0 0 0 0 0 0 0 0 25 0 9 0 0 0 0 0 0 0 0 0 0 0 2 
 361 205 120 140 263 272 26 139 116 171 72 0 39 252 204 232 261 69 37 39 6 3 0 0 3 3 0 0 0 0 6 2 64 4 0 0 1 2 1 82 0 0 4 7 3 0 0 0 2 3 2 3 3 0 3 0 4 0 2 0 3 0 0 3 3 2 0 0 0 0 0 2 0 3 0 2 2 2 2 2 0 0 26 63 21 31 11 22 12 9 21 1 0 0 0 36 0 33 0 10 0 8 0 0 0 0 1 0 0 0 0 0 1 0 0 0 0 1 22 2 0 0 1 0 0 1 1 0 13 0 0 0 0 1 0 0 0 0 0 0 0 0 0 0 0 0 2 0 0 0 0 0 0 0 0 0 0 0 0 0 0 26 0 28 27 23 0 0 12 0 31 38 0 20 11 20 0 12 0 0 0 0 0 1 0 0 0 0 0 0 0 0 14 19 0 0 0 0 13 9 0 0 0 0 0 0 0 0 0 0 0 0 0 0 0 0 0 0 0 0 0 0 0 0 0 0 0 0 0 0 0 0 0 0 0 2 0 0 0 0 0 1 0 0 0 2 86 0 3 0 23 15 0 0 0 0 0 0 0 0 0 0 0 0 0 0 0 0 0 0 0 0 0 0 0 1 0 0 0 0 0 0 0 0 0 0 0 0 0 0 
 69 46 48 48 75 28 173 172 86 47 32 39 0 66 173 35 237 43 482 556 2 0 0 0 3 3 0 0 0 0 3 0 0 3 0 0 16 2 0 0 0 0 0 0 3 0 0 0 2 3 0 0 68 0 3 0 62 0 0 0 3 0 1 3 0 2 0 1 0 0 0 0 0 0 0 2 2 0 31 2 42 33 2 0 0 0 25 25 2 6 15 0 19 18 61 0 3 11 22 11 0 0 0 0 0 2 0 0 0 0 0 0 0 0 0 0 0 0 0 0 0 0 0 7 0 0 0 0 0 0 0 0 0 0 0 0 0 0 0 0 0 0 0 0 0 0 0 0 0 0 0 0 0 0 2 0 0 0 0 0 22 17 0 30 0 1 20 14 2 28 0 0 20 2 7 0 0 5 14 46 0 0 0 0 0 0 0 1 0 0 0 0 0 0 0 0 0 0 0 0 0 0 0 0 0 0 0 0 0 0 0 0 0 0 0 0 0 0 2 1 0 0 0 0 0 1 0 0 0 0 2 0 0 11 0 0 0 0 0 0 0 1 11 0 0 0 0 1 0 0 1 14 0 0 0 0 0 0 0 0 0 0 0 0 0 0 0 0 0 0 0 0 0 0 0 0 0 0 0 0 0 0 0 0 0 0 0 0 0 0 
 119 63 44 193 85 62 141 441 241 191 479 252 66 0 326 131 208 20 214 101 3 0 0 0 4 3 0 0 0 0 7 0 0 6 0 0 0 0 0 0 0 0 0 0 3 0 3 2 1 3 0 0 0 0 3 0 2 0 3 2 1 0 0 3 0 2 2 3 0 0 0 3 2 0 0 2 2 0 56 2 10 11 11 26 10 16 0 0 0 22 21 1 0 0 0 16 32 18 19 0 0 0 0 1 0 0 0 0 0 0 0 0 15 0 0 0 0 0 0 1 1 0 0 0 0 0 0 0 0 0 0 0 0 0 0 0 0 1 0 0 0 0 0 0 15 0 0 0 0 0 0 0 0 0 1 0 0 0 0 0 0 17 22 0 0 0 0 9 12 12 2 9 0 34 0 0 1 11 0 10 0 0 0 0 0 0 0 0 0 0 0 0 0 0 0 0 0 0 0 0 1 0 0 0 0 0 0 0 0 0 0 0 0 0 0 0 39 0 0 0 0 0 0 0 0 0 2 0 0 0 0 0 0 0 0 0 0 0 11 0 0 0 0 0 0 1 2 0 3 0 0 109 0 0 0 0 0 0 0 0 0 0 0 0 0 0 0 0 0 0 0 0 0 0 0 1 1 10 0 0 0 0 0 12 0 0 0 0 0 0 
 234 227 49 264 241 353 104 82 92 488 586 204 173 326 0 299 127 36 174 472 6 3 0 2 3 3 75 3 0 3 3 3 0 7 0 0 2 1 2 3 1 2 0 0 3 0 0 3 5 3 0 5 0 3 3 0 2 0 0 4 2 3 0 3 0 5 0 0 2 0 2 0 0 1 6 4 2 3 2 2 23 14 21 0 14 16 20 26 17 13 1 0 11 0 39 23 2 0 0 25 0 9 0 0 9 0 0 0 0 0 0 0 0 0 0 0 0 0 0 0 0 0 0 0 0 0 0 0 0 2 0 0 0 0 0 1 0 0 0 0 0 0 0 0 0 0 0 2 0 0 0 0 0 0 0 0 1 0 0 0 0 15 14 9 0 0 30 0 30 0 22 1 16 15 11 0 10 18 0 0 0 0 0 0 0 0 0 0 0 2 0 0 19 0 2 0 0 0 19 0 0 0 0 1 0 0 0 0 0 0 0 0 0 0 0 0 0 0 0 0 0 0 0 0 0 0 0 0 0 0 0 0 0 0 0 0 0 0 0 0 0 0 0 0 0 2 49 0 0 0 0 3 0 0 1 0 0 0 0 0 0 0 0 0 0 0 0 0 0 6 0 0 0 0 0 0 0 0 0 0 0 0 0 8 0 0 0 0 0 0 
 88 311 340 294 406 74 96 41 187 172 214 232 35 131 299 0 159 26 42 69 2 0 2 2 3 12 0 0 0 0 3 15 20 3 2 0 0 2 0 77 2 4 5 2 3 0 2 0 4 3 2 4 1 65 8 1 4 5 2 1 3 0 0 3 0 2 0 1 0 0 0 0 0 0 0 6 2 0 0 5 0 64 12 14 63 13 0 1 6 0 1 1 23 25 1 59 0 19 0 10 0 8 0 0 0 0 0 0 0 0 1 0 12 0 0 0 0 0 16 0 0 0 0 0 1 0 0 0 0 0 0 0 0 16 0 0 0 0 0 0 2 0 0 0 0 2 0 0 0 0 0 0 0 0 0 2 0 0 0 0 11 16 2 9 68 13 0 0 33 5 24 38 8 9 0 15 6 21 0 0 0 0 0 0 0 0 0 0 0 0 0 2 0 20 0 0 0 0 9 0 0 0 0 0 14 0 1 0 0 0 0 0 0 0 0 0 0 2 0 0 0 0 0 1 0 0 0 0 0 0 0 0 0 0 2 0 0 0 0 0 0 0 0 0 0 4 87 0 88 1 0 6 0 0 0 0 0 0 0 2 0 2 0 0 0 0 0 0 0 0 0 2 0 0 0 0 18 0 0 0 0 0 0 0 0 0 0 0 0 0 
 132 559 243 38 257 373 18 76 92 182 180 261 237 208 127 159 0 130 47 51 3 82 0 1 3 5 0 0 0 0 3 2 0 3 0 0 1 62 2 0 0 2 0 3 3 0 6 0 1 3 0 1 6 0 3 0 2 6 2 0 0 0 33 2 0 3 0 0 0 0 0 0 0 0 0 2 2 0 0 2 18 17 43 12 13 16 22 12 41 39 36 14 0 19 0 11 34 12 20 17 0 21 0 0 0 0 0 0 0 0 0 0 10 0 0 0 0 0 0 0 0 0 0 0 0 8 0 0 0 0 0 0 0 11 0 0 0 0 0 0 0 0 0 0 0 0 0 0 0 0 0 0 0 0 0 0 0 0 0 0 6 0 14 12 0 10 16 10 34 0 19 28 0 10 0 5 16 11 3 0 0 0 0 0 0 0 0 0 0 0 0 0 26 0 0 0 0 0 17 0 2 0 0 35 0 0 0 0 1 0 0 0 0 0 0 0 0 0 0 0 0 0 2 0 0 0 0 0 0 0 0 0 0 0 0 0 0 0 0 0 0 0 0 0 0 0 47 0 87 1 1 12 0 0 0 0 0 0 0 0 0 0 0 0 0 3 0 0 0 0 0 0 0 0 0 10 10 0 0 0 0 0 0 0 0 0 0 0 0 0 
 39 50 128 93 440 147 44 156 140 37 50 69 43 20 36 26 130 0 119 41 1 58 0 0 3 3 0 87 2 0 3 0 1 47 0 0 0 0 0 133 71 0 6 1 3 0 0 0 2 3 0 0 0 0 3 0 2 0 0 0 3 0 53 3 0 40 0 3 0 0 0 0 0 0 0 3 3 0 0 2 0 0 8 0 17 16 0 0 11 0 28 33 0 0 0 12 9 11 0 0 26 0 8 0 0 0 8 30 0 0 0 0 20 10 0 0 0 12 15 0 0 0 0 0 0 0 0 0 7 1 0 0 0 0 0 2 0 0 0 0 0 0 0 0 0 0 0 0 0 0 0 0 5 0 0 0 2 0 0 0 0 1 4 12 17 15 1 8 0 0 1 16 20 9 18 22 0 0 0 14 0 0 0 0 0 0 0 2 2 1 0 0 3 16 12 0 0 0 0 0 0 0 0 1 0 0 0 0 0 0 0 0 0 0 0 0 2 0 0 0 0 0 0 0 0 0 0 0 0 0 0 0 0 0 0 0 0 0 0 0 0 0 0 0 0 0 87 0 0 4 0 9 0 2 0 0 0 0 0 2 0 2 0 0 0 0 0 0 0 0 0 0 0 0 0 0 0 0 0 0 0 0 0 0 0 0 0 0 0 0 
 221 370 38 63 137 73 45 296 411 71 166 37 482 214 174 42 47 119 0 150 4 0 0 0 3 3 0 0 0 0 5 0 0 3 0 0 0 2 0 0 0 0 0 0 3 0 0 0 2 3 0 0 3 0 3 0 2 0 3 0 5 1 0 3 0 2 0 2 0 0 0 3 0 0 103 4 3 2 2 3 1 0 45 0 1 0 16 18 10 9 10 17 24 14 27 0 26 0 7 10 0 0 0 0 0 0 0 0 0 0 15 0 0 0 0 0 0 0 0 0 0 0 0 0 0 0 0 1 0 0 0 0 0 0 0 0 0 0 0 0 16 0 0 0 1 0 0 0 0 0 15 0 0 0 15 0 0 0 0 0 18 23 11 16 0 0 14 9 26 1 2 0 9 17 11 28 0 6 53 53 0 0 0 0 0 0 0 0 0 0 0 0 0 23 0 0 0 0 0 0 0 0 2 0 0 0 0 0 0 0 0 0 0 0 0 0 1 0 0 0 2 0 0 0 0 0 0 0 12 0 0 0 0 0 0 0 0 1 0 0 0 0 0 0 0 0 0 1 1 2 0 12 0 2 0 0 0 0 0 0 0 0 0 0 0 0 0 0 0 1 0 0 0 0 4 0 0 0 0 0 0 0 0 0 0 0 0 0 0 0 
 129 66 34 63 81 62 310 223 159 114 510 39 556 101 472 69 51 41 150 0 1 0 0 2 3 6 0 3 4 2 3 0 0 3 0 0 2 2 0 0 2 3 2 2 3 0 0 0 1 3 0 4 6 0 65 2 71 6 3 0 5 0 1 3 0 2 0 6 2 0 0 0 16 0 0 2 3 0 0 8 61 1 27 0 1 0 34 22 15 11 26 0 16 23 50 21 1 12 0 0 0 0 0 0 0 0 0 0 0 0 0 0 0 0 0 0 0 0 0 0 0 0 0 0 0 0 0 0 15 0 0 0 0 0 0 0 0 0 0 0 0 0 0 0 0 0 0 0 0 0 0 0 0 0 0 0 0 0 0 0 12 0 23 4 0 2 13 25 25 10 17 0 22 15 10 18 16 0 6 1 0 0 0 0 0 0 28 0 0 0 0 0 0 0 0 0 0 0 0 0 0 0 0 0 0 0 0 0 0 0 0 1 0 0 0 0 0 0 1 0 0 0 0 0 0 2 0 0 0 0 1 0 0 0 0 0 0 0 0 0 0 2 0 0 0 0 0 0 1 0 0 12 0 0 0 0 0 0 0 0 0 0 0 0 0 0 0 0 0 0 0 0 0 0 0 13 0 16 0 0 0 0 0 0 0 0 0 0 0 0 
 2 3 2 77 4 75 4 3 5 10 80 6 2 3 6 2 3 1 4 1 0 292 236 81 37 35 188 229 116 110 37 79 167 475 150 128 102 434 206 185 0 0 0 0 0 7 6 6 64 207 204 0 2 0 0 0 0 0 3 0 0 0 0 4 2 3 2 0 2 0 0 0 5 3 0 0 6 0 3 0 0 0 0 0 0 0 0 0 0 0 0 10 0 0 0 0 0 0 0 0 24 27 13 47 12 0 11 37 39 10 61 7 1 22 23 13 16 18 5 12 0 0 0 0 0 0 0 0 0 0 0 0 13 0 0 0 0 0 13 0 0 1 0 0 0 22 0 0 0 0 0 0 0 0 0 0 0 0 22 0 0 0 0 4 20 29 0 0 0 0 2 0 0 0 0 0 0 10 0 0 51 52 41 13 12 34 14 0 50 5 15 47 6 13 25 18 10 13 19 0 0 0 0 0 0 4 0 0 0 0 0 0 27 0 0 0 0 0 0 0 0 0 0 0 0 0 0 0 0 2 0 0 0 0 0 0 0 2 0 0 0 0 15 0 0 2 0 0 0 75 0 0 37 0 4 0 2 77 2 0 2 2 0 0 0 0 0 2 0 0 0 0 0 0 0 11 0 0 0 33 0 0 0 0 0 5 0 0 0 0 
 0 0 0 2 0 0 0 1 0 0 0 3 0 0 3 0 82 58 0 0 292 0 194 112 198 123 254 300 120 490 181 117 61 126 141 208 35 117 54 63 2 5 0 9 0 12 3 7 0 3 0 0 0 0 0 2 0 0 5 62 1 2 0 1 3 56 2 3 2 0 1 1 3 3 0 12 2 8 3 14 0 0 0 0 0 0 0 0 0 2 0 0 0 0 0 0 0 0 0 0 0 0 3 14 0 20 0 8 8 16 6 10 1 2 9 0 0 14 0 1 24 1 0 0 0 0 21 0 1 0 0 0 21 2 11 0 0 0 35 8 0 0 0 0 0 0 0 0 0 0 0 0 0 0 20 0 0 0 0 0 0 0 0 3 1 0 0 0 0 2 0 0 0 0 0 2 0 0 1 2 14 0 1 35 55 11 1 0 30 18 17 38 0 1 1 0 14 0 2 10 0 0 0 0 0 0 0 1 0 0 0 0 16 1 0 0 0 0 7 0 0 0 1 1 0 0 0 0 0 0 0 0 0 0 0 0 0 0 0 0 0 0 7 0 0 0 0 0 0 0 0 0 0 0 2 0 0 30 0 0 13 11 0 0 0 0 0 0 0 0 0 0 0 0 0 0 0 0 0 0 0 11 0 0 0 0 4 0 0 0 
 0 0 1 0 1 73 0 0 0 0 0 0 0 0 0 2 0 0 0 0 236 194 0 99 110 93 136 87 90 121 171 131 65 207 112 59 192 125 37 57 1 0 0 62 0 1 0 1 1 3 0 5 0 0 0 0 0 0 3 64 1 1 1 1 2 3 2 0 2 0 0 0 4 3 0 2 11 0 3 1 0 1 0 0 1 0 0 1 0 0 0 0 0 0 0 0 0 0 0 0 18 26 30 11 9 18 24 7 54 10 23 0 0 19 10 0 4 15 41 0 26 1 0 0 0 0 15 0 0 0 0 0 0 0 7 0 0 0 0 0 0 4 1 0 0 0 0 0 0 0 0 0 0 0 0 0 0 0 0 0 0 0 2 7 0 0 0 0 0 0 0 0 0 1 1 0 0 15 0 0 32 25 12 41 42 1 0 21 11 0 105 56 0 14 4 8 9 1 0 15 0 0 0 0 0 0 0 14 0 0 0 0 30 0 0 0 0 0 0 0 0 14 0 0 0 0 0 0 0 0 0 0 0 2 0 0 0 0 0 0 0 0 0 0 0 0 0 0 0 0 0 0 0 0 2 0 0 77 80 2 17 13 0 0 0 0 0 0 0 0 0 1 0 0 0 0 0 0 0 11 0 0 0 0 0 10 0 0 0 0 
 2 0 0 0 0 0 0 0 2 0 0 0 0 0 2 2 1 0 0 2 81 112 99 0 98 330 307 295 367 172 126 202 265 75 48 56 128 349 88 55 0 4 0 0 0 0 81 0 1 3 0 0 69 62 2 1 1 3 52 0 0 0 0 49 3 3 2 1 2 0 0 1 4 3 2 7 0 5 3 8 0 0 0 0 0 0 0 0 0 0 0 0 0 0 0 0 0 0 0 0 0 0 0 18 18 12 0 0 0 19 0 26 0 0 0 21 0 6 0 0 0 30 6 1 0 0 45 20 31 0 0 0 24 18 10 15 0 1 7 38 0 0 9 0 14 0 0 0 0 2 0 0 0 0 0 0 0 0 1 0 0 0 0 0 0 0 0 0 0 0 0 0 0 1 0 0 0 0 0 0 0 0 0 1 11 12 0 0 0 0 6 1 0 2 0 0 1 19 0 9 8 0 18 0 0 1 14 10 0 0 5 0 32 23 2 0 0 1 28 36 8 23 0 0 0 0 0 0 0 0 0 0 0 0 0 0 0 0 0 0 0 0 0 0 0 0 0 0 0 0 0 0 0 0 0 0 2 46 78 0 13 1 0 0 0 0 0 0 0 0 0 0 0 0 0 0 0 0 0 0 0 10 0 0 0 0 8 0 0 0 
 3 3 3 3 4 3 3 3 3 5 3 3 3 4 3 3 3 3 3 3 37 198 110 98 0 84 66 70 179 95 312 257 81 67 83 87 66 43 78 73 0 62 0 0 0 0 126 0 28 3 0 0 0 62 63 63 0 0 4 65 0 0 0 0 3 3 2 0 2 0 0 2 3 3 0 0 1 1 3 0 0 0 0 0 0 0 0 0 0 0 0 0 0 0 0 0 0 0 0 0 0 0 0 15 13 22 0 9 1 0 27 0 0 0 0 0 0 0 0 0 20 32 0 13 0 0 4 20 19 2 13 0 14 32 25 16 10 13 11 21 0 0 1 0 0 0 0 0 0 0 0 0 0 0 0 0 0 0 0 0 0 0 0 0 0 0 0 0 6 0 5 0 0 0 5 0 0 0 0 0 0 16 19 22 19 11 0 0 28 4 0 32 14 0 0 0 20 0 0 0 12 12 0 0 0 0 27 0 7 40 0 0 0 46 9 9 13 14 0 22 0 0 0 0 0 0 0 0 0 0 0 0 0 0 2 0 0 0 0 0 0 0 8 0 0 0 0 0 0 0 0 0 0 0 8 2 0 76 7 0 2 2 0 0 0 0 0 0 0 0 0 0 0 0 0 0 0 0 0 0 0 0 0 0 0 0 0 0 0 0 
 3 3 3 5 3 3 3 4 3 3 4 3 3 3 3 12 5 3 3 6 35 123 93 330 84 0 39 36 48 193 227 471 101 41 311 323 132 67 312 267 213 0 0 0 0 212 100 0 2 4 0 0 64 1 0 1 0 0 129 64 0 0 0 0 3 3 2 0 2 0 0 3 2 3 0 6 0 4 3 6 0 0 0 0 0 0 0 0 0 2 0 0 0 0 0 0 0 0 0 0 0 0 18 41 11 11 0 7 0 12 10 7 0 0 0 0 0 11 0 0 4 15 13 0 0 0 82 7 13 0 0 0 22 12 40 14 0 0 0 48 0 21 2 0 3 0 0 0 0 0 0 0 0 0 2 0 0 0 11 0 0 0 0 0 0 0 0 0 0 2 0 0 0 8 0 2 0 0 1 2 0 0 0 0 22 26 1 0 0 14 0 12 0 0 0 0 0 7 0 0 12 4 20 0 0 0 53 0 0 22 0 0 19 13 1 0 1 0 26 16 0 0 0 1 0 0 0 0 0 0 0 14 0 0 0 0 0 0 0 0 0 0 0 0 0 73 0 0 0 0 0 0 0 0 11 0 1 162 23 1 0 2 0 0 0 0 0 0 0 0 0 0 0 0 0 0 0 0 0 0 0 0 0 0 0 0 6 0 0 0 
 1 0 2 0 0 0 0 0 0 2 74 0 0 0 75 0 0 0 0 0 188 254 136 307 66 39 0 385 188 144 35 113 371 231 128 254 21 120 144 58 1 0 0 0 0 1 0 0 0 3 0 0 0 0 0 0 0 0 3 0 0 0 0 0 3 3 2 0 2 0 0 1 3 3 0 0 17 0 3 0 0 0 0 7 0 11 0 0 0 0 0 1 0 0 0 0 0 0 0 0 1 0 10 36 0 33 0 41 32 10 14 0 0 24 13 19 27 13 5 29 0 0 0 0 0 0 0 0 0 0 0 0 0 0 0 0 0 0 12 0 0 0 0 0 0 0 0 0 0 1 0 0 0 0 0 0 0 2 0 0 0 0 0 7 20 8 0 0 0 0 0 10 0 0 0 0 2 1 0 0 43 41 31 42 9 0 13 14 34 16 21 32 13 15 10 7 20 10 0 26 0 0 0 0 0 0 0 0 0 0 0 0 9 0 1 0 0 0 2 0 0 0 0 0 0 0 0 0 0 0 0 0 1 0 0 0 0 0 0 2 0 0 0 0 0 0 0 0 0 74 0 0 34 0 11 2 0 77 0 1 16 0 0 0 0 0 0 0 0 1 0 0 0 0 0 0 0 0 0 0 0 0 0 0 0 0 0 0 0 0 
 0 0 0 0 0 152 0 2 0 77 0 0 0 0 3 0 0 87 0 3 229 300 87 295 70 36 385 0 162 244 57 42 128 281 132 138 234 194 64 316 0 0 0 0 0 2 0 3 2 3 0 1 0 0 0 0 1 0 3 0 0 0 0 0 2 3 2 2 2 0 0 0 3 3 0 0 1 0 3 0 8 12 0 0 0 19 0 0 0 0 19 0 0 0 0 0 0 13 0 0 19 34 44 16 15 0 14 22 10 11 7 17 6 20 0 11 30 13 0 0 0 0 0 0 0 0 0 1 0 0 0 0 0 0 0 0 0 0 31 0 0 0 0 14 0 0 0 0 0 0 0 0 0 0 0 0 0 0 0 0 0 0 4 0 12 1 0 1 0 0 0 0 0 0 0 16 0 0 0 0 43 26 21 8 27 5 15 15 34 0 8 0 18 0 13 0 12 28 11 0 7 0 0 0 0 0 0 0 0 0 0 0 10 0 0 0 0 0 14 0 0 0 0 0 0 0 0 0 0 0 0 0 0 0 0 0 14 0 0 0 0 0 24 0 0 0 0 0 0 77 0 0 0 0 3 0 4 1 0 0 3 0 0 0 0 0 14 0 0 0 0 0 0 0 0 0 0 0 0 7 0 0 0 0 0 0 0 0 0 0 
 0 0 0 0 0 0 0 4 0 0 7 0 0 0 0 0 0 2 0 4 116 120 90 367 179 48 188 162 0 280 195 72 155 194 312 235 178 178 81 133 2 7 0 0 63 0 0 0 4 6 0 3 2 0 0 4 0 3 59 2 5 2 0 1 64 3 20 2 2 0 2 0 3 3 0 0 12 0 3 0 0 0 0 0 0 0 0 0 0 0 0 0 0 0 0 0 0 0 0 0 0 16 0 30 0 24 42 0 18 4 21 31 0 59 1 11 14 8 3 11 0 16 0 0 0 0 0 0 0 0 0 0 0 0 0 11 0 0 34 0 1 8 0 0 0 0 0 0 1 0 0 0 0 0 0 0 0 0 4 0 0 0 0 1 0 0 0 0 2 0 14 3 0 19 0 0 0 0 0 0 30 38 11 53 12 13 0 16 12 10 30 0 1 37 14 1 28 12 0 9 4 0 0 0 0 0 0 0 0 0 0 0 0 0 0 0 1 0 20 11 1 0 0 0 0 0 0 46 0 6 0 0 0 0 0 0 0 0 0 0 0 0 0 0 0 61 1 0 0 0 0 2 0 0 15 2 0 1 0 0 14 0 0 0 0 0 0 0 0 0 0 0 0 0 0 0 0 0 0 0 0 0 0 0 0 0 0 0 0 0 
 25 0 3 0 0 0 0 0 0 2 0 0 0 0 3 0 0 0 0 2 110 490 121 172 95 193 144 244 280 0 277 344 264 82 185 141 492 331 266 371 0 1 0 0 0 1 0 0 0 3 0 1 76 0 3 71 0 0 121 60 0 0 0 0 3 4 2 1 2 0 0 2 3 3 0 6 1 5 3 6 0 0 0 0 0 0 0 0 0 0 0 0 0 0 0 0 0 0 0 0 0 37 0 10 3 6 19 13 21 32 28 48 0 10 0 1 0 9 0 0 0 0 0 0 0 0 19 0 0 1 0 0 18 10 0 24 0 0 40 0 0 5 0 9 0 0 0 0 0 0 0 0 0 0 0 0 0 0 7 0 0 0 0 10 0 4 0 0 0 0 0 0 0 0 0 0 0 0 0 0 10 21 13 15 6 48 0 0 20 32 19 13 1 21 0 0 149 30 0 2 9 0 0 0 0 0 0 13 0 0 0 0 30 0 0 0 0 0 11 16 0 0 0 0 0 0 0 0 0 0 0 0 0 0 0 0 0 0 0 0 0 0 0 0 0 0 0 0 0 0 0 0 0 0 6 0 3 1 1 4 17 0 0 0 0 0 0 0 0 0 0 0 0 0 0 0 0 0 0 0 0 19 0 0 0 0 0 0 0 1 
 3 3 68 3 4 79 4 3 3 5 3 6 3 7 3 3 3 3 5 3 37 181 171 126 312 227 35 57 195 277 0 337 43 110 59 93 398 175 245 60 0 63 0 0 0 0 190 0 0 3 0 0 0 124 62 0 0 0 144 71 3 0 0 0 3 3 2 0 2 0 0 2 3 3 0 18 1 0 3 0 0 0 0 0 1 0 0 0 0 0 0 0 0 0 0 1 0 0 0 0 10 10 23 34 25 20 0 10 10 0 15 11 0 0 1 0 0 0 0 0 0 30 6 4 0 0 11 19 17 0 0 0 13 46 1 9 0 0 0 0 0 0 7 0 8 0 0 0 11 0 0 0 0 0 0 0 0 0 0 0 0 0 0 1 0 0 0 0 0 0 0 0 0 13 0 0 0 0 0 0 0 15 19 10 12 0 0 0 0 7 19 25 0 0 0 20 11 0 1 9 4 0 0 0 0 0 9 40 0 0 0 0 17 0 0 0 11 0 35 13 0 0 0 0 0 0 0 0 0 0 0 0 0 0 0 0 0 0 0 0 0 0 0 0 0 0 0 0 0 0 0 0 0 0 7 0 0 82 74 0 16 0 0 0 0 0 0 0 0 0 0 0 0 0 0 0 0 0 0 10 0 10 0 0 0 3 0 0 0 0 
 2 0 3 0 1 0 0 2 0 0 2 2 0 0 3 15 2 0 0 0 79 117 131 202 257 471 113 42 72 344 337 0 36 77 108 196 122 158 108 33 0 0 0 0 0 0 62 0 0 3 0 0 40 62 0 61 0 0 32 1 0 0 0 0 2 3 2 0 2 0 0 0 3 3 0 0 0 0 3 0 0 0 0 0 0 0 0 0 2 0 0 0 7 1 1 0 0 0 8 0 0 0 0 0 10 0 15 0 24 7 1 12 0 16 4 0 1 40 0 0 0 14 1 0 0 0 14 29 8 0 0 0 9 20 0 12 0 0 0 33 0 0 4 0 5 0 0 0 0 0 0 0 0 0 0 0 0 0 1 0 13 0 0 6 0 0 0 0 0 0 0 0 0 0 0 0 0 0 0 0 19 0 11 12 15 0 0 12 0 26 1 18 0 20 18 12 10 41 0 0 2 0 13 0 0 0 26 29 0 0 0 0 44 24 0 0 0 0 28 1 0 0 0 0 0 0 0 0 0 0 0 0 5 0 0 0 2 0 0 0 0 0 0 0 0 0 0 0 0 0 0 0 0 0 7 0 0 43 74 0 9 0 0 0 0 0 0 0 0 0 0 0 0 0 0 0 0 0 0 0 0 37 0 0 0 0 0 0 0 0 
 0 2 80 178 86 72 74 0 140 0 95 64 0 0 0 20 0 1 0 0 167 61 65 265 81 101 371 128 155 264 43 36 0 123 42 114 107 236 164 123 0 0 0 0 0 5 0 4 1 3 0 0 0 0 0 0 0 1 3 0 0 0 0 0 3 3 2 0 2 0 0 1 3 3 0 0 0 3 3 0 0 0 0 0 16 26 0 0 0 10 0 1 0 0 0 0 0 7 0 0 0 0 0 0 0 0 41 3 0 12 1 12 0 53 9 33 42 53 11 17 0 0 0 0 0 0 0 0 0 0 0 0 0 3 0 0 0 0 10 0 0 0 0 0 0 0 0 0 0 0 0 0 0 0 0 0 0 0 0 0 0 32 28 0 7 14 0 0 32 0 0 0 0 0 12 18 12 11 0 0 37 32 9 1 3 0 16 38 24 0 1 0 17 0 13 42 0 37 25 1 1 0 1 0 0 0 0 0 0 0 0 0 0 0 0 0 0 0 26 0 0 0 0 0 0 0 0 0 0 0 0 0 0 0 0 0 0 0 1 0 0 0 12 0 0 0 0 0 0 0 0 0 0 0 6 0 2 0 0 0 0 0 0 0 0 0 0 0 0 0 0 0 0 0 0 0 0 0 0 0 0 0 0 0 0 0 0 0 0 0 
 3 3 82 75 77 97 6 3 3 7 77 4 3 6 7 3 3 47 3 3 475 126 207 75 67 41 231 281 194 82 110 77 123 0 185 27 31 84 258 175 0 0 0 0 0 0 0 1 7 69 0 0 0 0 0 1 0 0 3 0 0 4 0 0 3 4 2 0 2 0 0 2 3 3 50 0 2 1 3 0 0 0 0 2 15 16 0 0 0 0 0 24 0 0 0 0 0 0 2 0 29 9 8 0 0 0 13 1 68 0 0 0 20 19 21 13 16 28 33 8 0 0 0 0 0 18 0 0 0 0 0 0 0 0 0 0 0 0 9 0 0 1 0 0 0 0 0 0 0 0 0 0 8 0 0 0 0 20 0 0 0 0 0 11 28 6 0 0 21 0 0 0 0 0 0 18 1 10 0 0 43 12 18 20 12 0 12 10 0 0 9 38 0 18 26 11 9 14 36 0 0 0 0 0 0 0 0 0 0 16 0 0 13 13 0 0 0 0 2 0 0 0 0 0 0 0 0 0 0 0 0 0 0 0 0 0 0 0 0 0 0 0 8 0 0 0 74 0 0 72 0 0 11 0 4 2 0 1 0 0 2 0 0 0 0 0 0 0 0 0 0 0 0 0 0 8 0 0 0 9 0 0 0 0 0 7 0 0 0 0 
 0 0 0 0 0 0 1 0 0 0 0 0 0 0 0 2 0 0 0 0 150 141 112 48 83 311 128 132 312 185 59 108 42 185 0 377 225 104 166 118 0 0 0 0 0 0 0 0 2 3 0 0 0 0 8 0 0 0 3 0 0 0 0 0 2 3 2 0 2 0 0 1 3 3 0 0 10 0 3 0 0 1 0 5 9 18 0 1 0 0 0 0 0 0 0 0 0 0 0 0 11 15 2 31 19 11 42 28 18 11 65 22 15 0 18 30 71 27 37 0 0 17 0 0 0 0 0 0 0 0 0 0 0 0 0 0 0 0 32 0 0 0 0 0 0 0 0 0 0 0 0 0 11 0 0 0 0 0 4 0 0 0 0 3 8 0 0 0 0 0 0 13 0 0 0 0 0 0 0 0 33 43 38 11 14 14 16 20 36 2 9 43 0 28 14 12 38 12 0 11 0 0 0 0 0 0 0 0 0 0 0 0 0 0 0 0 0 0 0 0 0 0 0 0 0 0 0 0 1 0 14 0 0 1 0 0 0 0 0 0 0 0 0 0 0 0 0 0 0 0 0 0 0 1 16 0 2 76 0 0 0 4 0 0 0 0 0 0 0 0 0 1 0 0 0 0 0 0 0 0 0 0 0 0 0 0 0 0 0 0 
 0 0 0 0 3 0 0 1 0 0 0 0 0 0 0 0 0 0 0 0 128 208 59 56 87 323 254 138 235 141 93 196 114 27 377 0 374 51 268 465 0 0 0 0 0 30 62 0 0 3 1 0 63 0 0 0 0 0 208 0 0 0 0 0 2 3 2 0 2 0 0 0 3 3 0 0 0 0 3 0 0 0 0 0 0 0 0 0 0 0 0 0 0 0 0 0 0 0 0 0 0 20 11 31 6 0 17 12 2 33 37 31 0 0 0 6 1 33 0 0 0 14 0 0 1 0 0 0 0 0 0 0 11 0 0 28 0 0 12 44 0 1 0 0 0 0 0 9 0 0 0 0 2 0 0 0 0 0 0 0 0 0 0 0 0 0 0 0 0 0 0 0 0 2 0 0 0 0 0 0 13 15 17 56 30 15 0 6 47 36 9 13 0 0 0 18 39 26 0 0 40 0 0 0 0 1 8 33 0 14 0 0 24 0 10 1 0 0 35 37 0 0 0 0 0 0 0 0 0 0 0 0 0 0 0 0 0 0 0 0 0 0 0 0 0 0 0 0 0 0 0 2 0 0 119 1 2 0 1 0 4 0 0 0 0 0 8 0 0 0 0 0 0 0 0 0 0 0 0 0 0 14 0 0 0 0 0 0 0 0 
 1 0 0 0 0 0 1 5 0 0 0 1 16 0 2 0 1 0 0 2 102 35 192 128 66 132 21 234 178 492 398 122 107 31 225 374 0 182 110 42 0 0 0 0 0 0 0 1 2 6 0 3 22 0 0 2 0 3 3 2 0 0 0 0 3 3 2 0 2 0 1 0 3 3 0 0 13 1 3 1 0 0 0 0 0 0 0 0 0 0 1 0 0 0 0 0 2 0 0 0 0 18 35 6 20 0 43 0 23 28 23 36 0 22 0 30 51 68 0 0 0 0 0 0 0 0 0 0 0 0 0 0 0 0 0 14 2 2 25 12 0 0 0 0 0 0 0 1 0 2 7 0 0 0 0 0 0 0 16 0 0 0 0 0 0 0 0 0 0 0 0 0 0 0 0 2 0 0 0 0 17 30 21 41 63 18 60 35 5 24 28 1 27 35 19 8 10 25 12 0 10 0 1 0 0 1 0 11 0 0 0 0 21 2 0 0 0 1 11 0 0 0 1 0 0 1 0 0 0 0 0 0 0 0 0 0 0 0 0 0 0 0 1 0 0 0 0 0 0 0 0 0 0 0 6 0 1 2 1 1 0 1 0 0 0 0 0 0 0 0 0 0 0 0 0 0 0 2 0 0 0 9 0 0 0 0 0 0 0 0 
 0 0 0 0 1 35 3 0 2 0 0 2 2 0 1 2 62 0 2 2 434 117 125 349 43 67 120 194 178 331 175 158 236 84 104 51 182 0 65 104 2 0 0 0 0 0 2 3 2 3 0 0 1 0 3 2 1 3 26 0 5 0 0 0 5 3 2 9 2 0 0 2 3 3 0 0 1 1 6 0 0 0 0 0 0 2 0 7 0 0 0 0 0 0 0 0 1 0 0 0 15 35 20 50 0 9 32 1 46 0 37 29 0 24 17 12 0 8 27 11 0 11 0 0 0 2 0 0 0 0 0 0 0 0 7 0 0 0 33 0 0 8 0 0 0 0 0 0 0 1 0 0 0 0 0 0 0 0 24 0 5 0 0 0 1 0 0 0 0 0 0 2 0 1 0 0 0 0 0 0 27 37 46 34 10 25 14 14 0 0 16 5 0 22 0 20 34 22 9 35 29 0 0 26 0 2 0 0 0 0 0 0 13 0 0 0 0 2 14 0 0 0 0 0 0 0 0 0 0 0 0 0 0 0 0 0 0 0 0 0 0 0 0 0 0 0 0 0 0 0 0 0 0 0 15 0 4 73 3 0 12 0 0 0 0 0 7 0 0 0 0 0 0 0 0 0 0 1 0 26 0 0 0 0 0 10 7 0 0 0 
 1 75 74 19 74 2 0 0 9 0 2 1 0 0 2 0 2 0 0 0 206 54 37 88 78 312 144 64 81 266 245 108 164 258 166 268 110 65 0 209 2 0 0 0 0 0 0 0 2 4 2 0 2 0 14 1 0 0 3 0 0 0 0 0 3 3 2 0 2 0 0 2 3 3 0 0 0 0 3 0 0 0 0 0 27 45 0 0 0 9 0 8 0 2 2 1 0 0 0 1 7 0 20 19 0 0 21 7 4 15 2 0 31 9 58 60 21 23 21 24 0 0 0 0 0 0 0 0 0 0 0 0 2 0 0 0 0 0 0 0 0 4 0 0 0 0 0 0 0 0 0 0 0 0 0 0 0 0 0 0 0 0 0 2 5 22 0 0 10 0 13 0 0 0 20 0 0 17 0 0 29 0 9 10 10 0 21 46 0 10 9 12 19 18 12 12 16 0 8 19 0 0 19 0 0 0 1 0 0 0 0 0 0 0 0 0 0 0 0 0 0 0 0 0 0 1 0 0 0 0 0 0 0 0 0 0 2 0 0 0 0 0 0 0 0 0 0 0 0 1 19 0 10 0 9 0 4 0 0 3 2 0 0 0 0 0 1 0 0 0 0 0 0 0 0 12 0 0 0 0 0 0 0 0 0 0 0 0 0 0 
 0 149 75 132 150 1 6 4 87 142 3 82 0 0 3 77 0 133 0 0 185 63 57 55 73 267 58 316 133 371 60 33 123 175 118 465 42 104 209 0 5 0 17 3 0 0 0 0 1 3 0 0 0 0 0 0 0 0 3 0 0 0 0 0 3 3 2 0 2 0 0 1 3 3 0 0 0 0 3 0 0 0 11 1 13 14 0 0 6 9 6 18 0 0 0 2 0 12 0 0 8 21 8 3 19 0 18 12 8 0 5 24 57 10 53 43 0 4 0 18 0 0 0 0 0 0 0 0 0 0 0 0 0 0 0 0 0 0 21 0 0 0 0 0 0 0 0 0 0 0 0 0 0 0 0 0 0 0 4 0 30 0 3 18 0 41 0 0 9 0 12 5 0 0 10 0 0 32 0 0 11 19 10 0 5 25 0 11 1 0 0 0 23 11 0 0 0 10 45 17 0 0 0 0 0 0 0 0 0 0 0 0 0 0 0 0 0 0 0 0 0 0 0 0 0 0 0 0 0 0 0 0 0 0 0 0 0 0 0 0 0 0 0 0 0 0 0 0 0 59 15 0 13 0 10 0 2 0 0 1 2 1 0 0 0 0 0 0 0 0 0 0 0 0 0 17 0 0 0 0 0 0 0 0 0 0 0 0 0 0 
 2 0 0 5 33 0 0 3 8 0 0 0 0 0 1 2 0 71 0 2 0 2 1 0 0 213 1 0 2 0 0 0 0 0 0 0 0 2 2 5 0 168 197 325 34 262 128 148 100 33 28 244 117 271 125 362 88 50 39 177 0 2 2 0 0 6 5 0 0 0 2 0 0 0 0 0 1 0 6 4 0 0 0 0 4 2 0 0 0 0 0 21 0 0 0 0 0 0 0 0 2 0 0 0 0 2 3 0 0 0 0 0 5 0 0 0 0 0 0 14 20 0 30 20 0 23 2 10 1 9 0 5 0 0 15 0 31 40 18 0 0 0 0 0 0 0 0 0 0 0 0 0 0 0 0 0 0 0 0 0 0 0 0 5 2 3 0 0 0 0 0 2 0 0 1 13 0 2 0 0 0 0 0 0 19 0 0 0 0 0 0 0 0 6 0 0 0 0 0 2 15 23 0 26 0 21 34 20 31 23 0 12 8 21 11 0 26 14 0 13 0 0 0 0 0 0 0 0 0 1 0 0 0 0 0 4 0 0 0 0 0 0 0 0 0 0 0 0 0 0 0 3 0 2 0 0 0 0 0 2 0 0 2 0 0 3 2 0 0 0 19 10 0 0 0 0 0 0 0 0 0 0 0 0 0 0 0 12 0 0 
 0 0 0 0 0 44 0 62 2 0 0 0 0 0 2 4 2 0 0 3 0 5 0 4 62 0 0 0 7 1 63 0 0 0 0 0 0 0 0 0 168 0 147 118 110 171 193 168 137 99 29 39 34 88 120 259 30 425 111 40 0 1 0 0 0 0 0 0 0 0 0 0 0 0 0 1 60 0 78 0 0 0 0 0 0 0 0 0 0 0 0 0 0 0 0 0 0 0 0 0 0 0 0 1 1 1 0 0 0 0 0 0 0 0 0 0 0 0 0 4 12 25 29 17 11 0 0 16 7 8 10 5 20 0 10 11 9 14 0 19 21 0 0 0 0 0 0 0 0 0 22 0 20 8 0 10 0 0 1 0 0 0 0 0 6 9 0 0 0 0 0 0 2 0 0 0 0 0 0 4 0 0 0 0 0 0 0 0 0 1 0 1 0 0 0 0 0 0 0 0 4 4 19 28 0 33 11 21 23 4 10 1 0 0 12 19 22 11 0 14 1 0 0 0 0 0 2 11 29 0 0 0 8 0 0 0 0 0 4 0 0 0 6 0 0 0 0 0 0 0 0 5 0 2 0 0 0 0 0 2 0 0 0 6 0 0 0 0 1 0 0 0 0 0 0 0 0 0 0 0 0 0 0 0 25 0 0 10 0 0 
 0 0 3 5 4 0 69 0 6 22 0 4 0 0 0 5 0 6 0 2 0 0 0 0 0 0 0 0 0 0 0 0 0 0 0 0 0 0 0 17 197 147 0 332 37 172 55 230 147 148 41 90 67 37 118 99 390 170 31 31 0 0 1 0 0 0 35 0 0 0 50 0 49 0 0 3 0 0 78 0 0 0 3 0 3 0 0 0 0 0 0 34 0 0 0 0 0 0 0 0 0 4 0 0 0 11 4 0 0 0 0 0 1 0 0 0 0 0 0 0 11 0 23 26 8 0 30 9 1 0 14 22 0 0 0 0 0 9 0 0 19 0 0 0 0 0 0 0 10 0 0 0 5 3 0 0 0 0 20 0 0 0 0 4 9 11 0 0 0 0 0 3 0 0 0 0 0 38 0 1 0 0 0 0 0 0 0 0 0 0 0 0 0 5 0 0 0 0 3 0 15 16 30 53 0 10 0 68 0 29 1 0 6 9 50 0 0 10 0 7 25 0 0 0 0 0 18 10 13 0 0 19 26 0 3 0 31 0 2 1 0 0 1 0 0 0 0 0 0 0 0 10 0 1 0 0 0 0 0 1 0 0 0 68 2 1 2 1 0 0 6 0 0 0 0 0 0 0 0 0 0 1 0 0 0 0 0 0 0 0 
 0 0 2 15 19 0 0 0 4 2 61 7 0 0 0 2 3 1 0 2 0 9 62 0 0 0 0 0 0 0 0 0 0 0 0 0 0 0 0 3 325 118 332 0 245 101 87 355 231 150 113 214 380 107 194 453 112 53 73 51 3 211 1 0 0 0 1 0 1 0 3 0 48 0 1 0 4 0 50 4 0 0 4 0 15 0 0 1 2 0 0 3 0 0 0 0 0 0 0 0 0 11 0 0 0 0 0 0 0 0 0 0 0 0 0 0 0 0 0 0 17 0 0 0 0 17 23 4 0 13 62 26 0 0 0 7 9 14 0 0 0 11 12 0 0 0 0 1 0 0 0 0 2 0 0 10 0 0 33 10 0 0 0 28 0 40 0 0 0 0 0 7 0 0 0 0 1 14 0 0 10 0 0 0 0 0 0 0 0 0 0 0 0 6 0 0 0 0 4 0 0 0 8 35 18 2 0 0 18 45 14 15 0 0 12 10 12 7 0 0 0 13 21 0 0 0 20 0 0 0 0 0 8 7 14 0 0 11 11 19 0 0 0 0 0 0 0 0 0 0 0 4 0 1 0 0 0 0 0 13 0 0 6 0 0 9 0 0 0 0 0 0 0 0 1 0 0 0 0 0 0 0 0 0 9 0 0 0 0 0 
 3 3 6 3 3 3 4 5 3 3 3 3 3 3 3 3 3 3 3 3 0 0 0 0 0 0 0 0 63 0 0 0 0 0 0 0 0 0 0 0 34 110 37 245 0 126 56 114 161 148 152 116 82 44 72 142 305 33 58 68 0 0 2 0 0 0 0 0 0 0 0 0 0 59 0 0 0 0 5 22 0 0 0 0 0 0 0 0 0 0 0 0 0 0 0 0 0 0 0 0 0 0 0 0 0 0 0 0 0 0 0 0 0 0 0 0 0 0 1 0 0 0 8 6 7 58 0 0 0 31 20 21 0 0 0 0 9 0 0 0 0 32 3 22 0 0 15 0 0 0 0 0 11 28 0 3 0 0 12 8 0 0 0 0 2 4 0 0 0 0 0 0 0 0 0 0 0 0 0 4 0 0 0 0 0 0 0 0 0 0 0 0 0 0 0 0 0 0 0 0 0 0 16 0 6 24 43 13 7 18 30 24 0 0 0 14 10 14 0 0 14 1 3 0 0 0 0 10 0 0 0 0 8 30 9 0 12 0 3 18 0 0 0 0 0 0 0 0 0 0 0 9 0 0 0 0 0 0 0 1 0 0 130 62 10 2 4 1 0 0 0 0 0 0 0 0 0 0 0 0 0 0 0 0 0 0 0 0 2 0 
 0 0 0 0 0 0 1 0 0 0 0 0 0 0 0 0 0 0 0 0 7 12 1 0 0 212 1 2 0 1 0 0 5 0 0 30 0 0 0 0 262 171 172 101 126 0 30 105 92 136 67 181 26 55 37 77 98 138 265 32 0 2 2 0 2 0 130 1 0 0 0 0 50 0 1 0 2 0 100 0 0 0 0 0 0 0 0 0 0 0 0 0 0 0 0 0 2 0 0 0 0 0 0 0 0 0 0 10 0 12 2 1 0 0 0 0 0 0 0 0 0 0 12 0 38 20 0 0 0 13 13 0 0 0 9 0 9 11 6 0 0 14 0 0 0 0 0 29 0 6 0 0 27 0 12 0 0 0 0 0 0 0 0 0 2 4 0 0 0 0 0 0 0 0 0 0 0 0 0 5 0 0 1 0 5 13 0 0 13 16 1 7 0 0 1 0 0 0 0 0 0 0 18 19 6 0 0 28 0 8 24 0 0 0 0 0 0 0 4 0 0 0 0 0 0 2 23 10 0 13 0 9 11 13 9 0 0 1 19 10 0 0 8 0 0 0 0 0 0 0 0 21 0 0 0 0 0 0 0 0 1 0 0 62 2 1 0 0 0 0 0 0 0 0 0 0 0 0 0 0 0 3 0 0 0 0 0 0 19 0 
 0 0 0 0 0 0 3 0 0 2 2 0 0 3 0 2 6 0 0 0 6 3 0 81 126 100 0 0 0 0 190 62 0 0 0 62 0 2 0 0 128 193 55 87 56 30 0 285 239 36 40 57 178 111 129 37 38 30 151 179 6 3 2 3 0 0 0 0 0 0 0 4 5 0 0 0 2 0 0 4 0 0 0 0 0 0 0 5 0 0 0 0 0 0 0 0 0 0 0 0 0 0 0 0 17 14 0 0 0 0 5 0 0 18 0 0 0 0 0 0 0 11 35 13 0 0 10 22 22 20 0 0 22 15 0 41 0 42 0 32 0 2 18 7 8 0 7 0 18 0 0 0 23 0 0 0 0 0 0 0 0 0 0 0 0 0 6 0 0 0 0 0 0 6 0 0 0 0 0 0 0 0 0 0 0 15 0 2 0 11 12 0 0 0 0 0 0 0 0 0 20 4 0 8 0 22 55 0 7 21 1 7 6 12 2 7 5 0 15 39 12 0 3 0 0 0 0 0 0 0 0 11 0 0 0 0 0 0 0 6 0 0 8 0 0 0 0 0 0 0 0 17 0 1 0 0 0 63 65 0 0 0 2 0 0 0 9 0 0 0 5 0 0 0 0 0 0 0 0 0 0 0 0 0 1 0 0 6 2 0 
 0 0 0 0 0 0 3 0 3 0 0 0 0 2 3 0 0 0 0 0 6 7 1 0 0 0 0 3 0 0 0 0 4 1 0 0 1 3 0 0 148 168 230 355 114 105 285 0 168 100 39 29 217 67 155 58 172 101 65 36 0 205 2 0 0 0 5 0 0 0 0 0 49 51 0 0 1 2 85 0 0 0 0 0 0 0 0 0 0 0 0 0 0 0 0 0 0 0 0 0 0 0 0 0 0 30 0 26 0 20 3 0 0 2 0 0 2 0 0 0 1 0 19 6 27 0 9 11 4 2 15 18 0 0 9 7 12 0 6 0 0 1 0 0 0 0 14 0 1 0 0 0 11 11 0 5 0 0 0 0 0 0 0 0 7 9 0 0 0 0 0 0 0 0 0 0 0 0 0 4 2 2 0 1 0 8 0 0 8 3 0 5 0 0 2 0 0 0 0 0 0 14 29 0 6 9 0 18 0 7 9 1 0 30 9 0 0 12 3 14 0 0 0 0 0 0 4 19 0 0 0 0 11 14 0 0 0 0 13 21 0 0 7 0 0 0 0 0 0 0 0 0 0 2 0 0 0 0 0 3 0 0 1 66 0 0 0 3 0 0 23 0 0 0 0 0 0 0 0 0 0 3 0 0 8 8 0 0 0 0 
 63 0 0 2 2 2 2 1 1 2 2 2 2 1 5 4 1 2 2 1 64 0 1 1 28 2 0 2 4 0 0 0 1 7 2 0 2 2 2 1 100 137 147 231 161 92 239 168 0 84 50 42 314 145 202 126 90 154 98 91 0 0 0 0 0 0 0 51 0 0 0 0 2 0 0 1 1 0 58 0 0 0 0 0 0 0 0 0 0 0 0 0 0 0 0 0 0 0 0 0 0 0 1 0 2 0 0 2 0 2 2 1 0 1 0 0 0 0 0 0 2 4 34 8 5 3 2 2 2 16 2 17 1 1 0 2 25 2 1 24 22 0 2 2 1 5 2 1 8 2 0 0 13 6 2 2 0 0 0 0 0 0 0 0 13 24 0 0 0 0 0 0 0 0 0 0 10 0 0 3 0 0 0 2 1 0 0 0 0 1 8 2 0 0 1 0 2 0 0 0 19 23 23 8 1 23 29 2 33 17 16 12 2 9 1 19 79 14 10 0 4 0 1 0 0 0 2 10 17 0 1 9 10 1 1 1 2 8 2 10 0 0 3 0 0 0 0 0 0 0 0 0 0 2 0 0 0 0 2 0 0 0 104 12 2 1 2 0 0 0 0 0 0 0 0 0 0 0 0 0 0 1 2 0 0 0 0 13 0 0 
 3 3 3 3 3 3 10 4 3 3 3 3 3 3 3 3 3 3 3 3 207 3 3 3 3 4 3 3 6 3 3 3 3 69 3 3 6 3 4 3 33 99 148 150 148 136 36 100 84 0 150 103 47 115 177 93 120 434 72 66 2 0 8 0 0 0 63 3 0 0 7 3 54 0 0 0 1 0 101 14 0 0 0 0 0 0 0 0 0 0 0 0 0 0 0 0 0 0 0 0 0 0 0 0 0 0 0 0 0 0 0 0 0 0 0 0 0 0 0 0 22 0 23 7 10 19 0 8 0 6 18 9 0 0 0 0 11 27 22 0 0 21 0 0 0 0 0 0 0 0 0 0 24 13 0 0 3 3 20 0 0 0 0 0 0 2 0 0 0 0 0 0 0 0 0 0 0 2 0 5 0 0 0 0 0 0 0 0 0 0 0 0 0 0 0 0 0 0 0 14 0 21 11 40 8 9 0 36 8 21 4 0 0 0 11 13 0 21 0 0 38 0 0 0 0 0 0 1 0 0 1 0 20 42 10 0 24 0 8 22 0 0 0 0 0 0 0 0 0 0 0 3 0 0 0 0 0 0 0 11 0 0 2 2 3 8 3 2 2 0 0 0 0 0 0 0 0 0 0 0 0 0 0 0 0 13 0 0 0 0 
 0 0 0 0 0 0 3 2 0 0 0 2 0 0 0 2 0 0 0 0 204 0 0 0 0 0 0 0 0 0 0 0 0 0 0 1 0 0 2 0 28 29 41 113 152 67 40 39 50 150 0 241 42 40 69 92 236 131 37 69 1 0 23 0 4 0 0 0 0 0 0 0 51 63 0 55 1 0 11 99 0 0 0 0 0 0 0 0 0 0 0 1 0 0 0 0 0 0 0 0 0 0 0 0 0 0 0 0 0 0 0 0 0 0 0 0 0 0 0 0 0 0 0 38 19 13 0 0 4 8 12 20 0 0 0 1 0 0 0 0 0 40 1 0 0 0 32 0 10 0 0 0 0 21 9 0 0 0 0 42 0 0 0 0 0 0 0 0 0 0 0 0 0 0 0 0 0 0 0 0 16 0 0 0 0 0 0 0 0 0 0 0 0 0 0 0 0 0 14 0 0 0 23 0 0 46 0 0 25 15 15 0 0 0 0 14 3 26 0 0 24 9 0 0 0 0 52 8 0 0 4 0 6 14 10 26 19 0 9 24 0 0 0 0 0 0 0 0 0 0 0 2 0 0 0 0 0 0 0 9 0 0 62 0 45 0 2 3 0 0 1 0 0 0 0 0 0 0 0 0 0 0 0 0 0 25 0 0 2 0 
 0 0 0 0 0 0 0 1 0 0 0 3 0 0 5 4 1 0 0 4 0 0 5 0 0 0 0 1 3 1 0 0 0 0 0 0 3 0 0 0 244 39 90 214 116 181 57 29 42 103 241 0 40 45 21 263 66 177 52 36 1 1 1 0 6 0 49 0 0 0 0 0 1 28 0 1 2 0 50 151 0 0 0 0 0 0 0 0 0 0 0 0 0 0 0 0 0 0 0 0 0 0 0 0 0 8 0 0 0 0 0 0 0 0 0 0 0 0 0 0 2 0 5 5 12 19 0 0 0 10 0 13 2 0 0 0 0 0 0 0 20 7 9 0 0 0 12 15 14 37 1 0 14 21 0 1 2 13 0 49 0 0 0 0 0 0 0 0 0 0 0 0 0 0 0 0 0 0 0 0 0 0 0 0 0 0 0 0 0 0 0 0 0 0 0 0 0 0 0 0 0 0 0 10 0 0 0 0 0 0 8 11 0 0 0 0 0 0 0 0 13 24 14 0 0 0 32 32 12 1 21 10 0 0 0 12 6 8 21 17 0 0 0 0 0 0 0 0 0 0 0 9 0 2 0 0 0 0 0 1 0 12 3 1 74 2 0 0 2 0 0 0 0 0 0 0 0 0 0 0 0 0 4 0 0 0 0 0 21 0 
 0 0 0 0 0 0 3 3 0 0 0 3 68 0 0 1 6 0 3 6 2 0 0 69 0 64 0 0 2 76 0 40 0 0 0 63 22 1 2 0 117 34 67 380 82 26 178 217 314 47 42 40 0 94 47 173 564 62 145 108 5 0 0 0 3 0 6 5 0 0 1 5 0 2 0 0 0 2 3 0 0 0 0 0 0 0 0 0 0 0 0 0 0 0 0 0 1 0 0 0 0 0 0 0 1 0 0 1 0 22 0 0 0 0 0 0 0 8 0 0 13 0 1 1 0 1 0 11 0 23 10 29 0 0 25 15 25 28 20 8 0 0 0 0 0 0 0 0 0 0 0 0 0 0 0 4 0 0 0 0 0 0 0 0 0 0 22 0 0 0 0 0 0 0 1 0 0 1 0 0 0 0 5 8 11 0 0 0 0 21 0 0 0 0 0 0 0 14 3 0 0 1 1 12 0 0 9 12 13 14 16 0 1 12 12 0 35 30 0 1 0 0 0 0 0 0 0 0 0 0 0 0 0 11 0 0 0 0 0 10 0 0 0 0 0 0 0 0 0 0 0 2 0 0 0 0 0 0 0 0 0 0 65 0 0 2 0 0 0 0 0 0 0 0 0 0 0 0 0 0 0 0 0 0 6 0 0 0 1 0 
 0 0 2 0 0 0 4 0 0 0 0 0 0 0 3 65 0 0 0 0 0 0 0 62 62 1 0 0 0 0 124 62 0 0 0 0 0 0 0 0 271 88 37 107 44 55 111 67 145 115 40 45 94 0 134 61 25 34 262 167 0 0 1 0 0 0 10 0 3 0 1 10 0 0 19 0 5 2 0 0 0 0 0 0 0 0 0 0 0 0 0 0 0 0 0 0 0 0 0 15 0 0 0 0 9 0 0 0 0 0 0 1 0 0 0 0 0 0 0 0 44 42 0 1 0 2 0 20 33 18 26 0 69 19 8 15 0 0 0 25 0 0 6 0 16 9 0 23 0 0 10 12 0 0 0 10 0 2 0 0 0 0 0 0 1 0 0 0 0 0 0 0 0 0 0 0 0 7 0 0 0 0 0 19 0 0 0 0 1 0 0 8 0 0 0 0 0 0 0 0 0 0 14 15 19 0 0 49 3 0 28 8 1 0 69 11 5 23 11 15 0 0 0 0 11 0 0 0 4 6 0 9 0 20 8 7 0 5 0 24 0 0 16 0 0 0 0 0 0 0 0 6 0 0 0 0 0 61 0 13 0 1 0 1 0 9 0 0 0 0 0 0 0 0 0 6 0 0 0 0 0 2 0 0 15 0 0 0 1 0 
 3 3 3 3 3 3 9 58 3 3 3 3 3 3 3 8 3 3 3 65 0 0 0 2 63 0 0 0 0 3 62 0 0 0 8 0 0 3 14 0 125 120 118 194 72 37 129 155 202 177 69 21 47 134 0 90 297 109 77 112 0 0 0 0 0 0 0 0 0 0 5 0 0 0 0 0 53 85 0 52 0 15 0 0 0 18 0 0 0 0 0 0 0 0 0 0 0 10 0 0 13 0 0 7 0 0 0 0 3 0 0 0 3 0 4 2 0 3 4 2 9 10 11 1 1 10 0 1 0 9 12 30 0 0 0 18 4 0 0 14 0 0 0 0 0 0 0 0 0 0 3 0 0 0 0 15 0 0 0 0 0 0 0 0 7 0 0 0 0 0 0 0 2 0 0 0 3 8 0 0 0 0 0 0 0 0 18 9 0 3 0 16 0 0 0 0 0 0 15 5 13 11 0 24 9 0 11 11 49 0 32 17 1 0 11 43 13 22 0 11 0 0 0 0 0 0 0 0 0 3 0 0 0 15 0 0 0 0 0 23 0 0 8 0 0 0 0 0 0 0 0 17 0 2 0 0 0 0 0 12 0 0 63 1 2 11 0 0 2 0 0 0 0 0 0 0 0 0 0 0 0 0 0 0 2 0 0 10 0 0 
 64 0 2 0 0 0 0 7 0 0 2 0 0 0 0 1 0 0 0 2 0 2 0 1 63 1 0 0 4 71 0 61 0 1 0 0 2 2 1 0 362 259 99 453 142 77 37 58 126 93 92 263 173 61 90 0 103 33 40 58 2 2 2 4 12 17 0 2 0 0 0 2 51 0 0 0 2 0 51 3 0 0 0 0 0 0 0 0 0 0 0 0 0 0 0 0 0 0 0 0 0 0 0 0 0 0 0 0 0 0 0 0 0 0 0 0 0 0 0 0 7 8 0 6 0 0 0 1 0 15 33 0 0 0 0 1 3 14 0 18 0 33 0 0 0 0 0 0 0 0 0 0 7 0 0 0 0 0 21 0 0 1 0 0 0 0 0 0 0 0 0 0 0 0 0 0 0 10 0 0 0 0 0 15 0 0 0 0 0 0 0 0 0 0 0 0 14 0 0 0 0 9 3 2 0 24 3 0 10 18 14 9 0 3 7 22 28 29 0 0 14 0 0 1 0 1 0 0 0 0 0 0 8 20 9 0 22 0 9 9 0 0 7 0 0 0 0 0 0 0 0 12 0 0 0 0 0 0 0 10 0 0 65 0 1 0 2 0 0 0 0 0 0 0 0 0 0 0 0 0 0 0 0 0 0 0 0 0 0 0 
 2 2 2 2 2 3 2 4 2 2 2 4 62 2 2 4 2 2 2 71 0 0 0 1 0 0 0 1 0 0 0 0 0 0 0 0 0 1 0 0 88 30 390 112 305 98 38 172 90 120 236 66 564 25 297 103 0 124 38 59 0 0 0 0 50 0 0 0 0 0 2 0 1 0 0 0 2 0 3 0 0 0 0 0 15 0 0 0 0 0 0 0 0 0 0 0 0 0 0 0 0 0 0 0 0 0 0 0 0 0 1 0 0 0 0 0 0 0 0 0 0 0 11 16 45 0 0 19 31 10 1 17 0 0 27 13 0 0 19 0 0 0 0 0 0 0 1 0 0 0 0 0 0 0 0 0 0 0 18 0 0 0 0 0 0 0 0 0 0 0 0 0 13 0 4 0 0 0 0 0 0 0 0 0 0 0 0 15 0 0 0 0 0 0 0 0 0 0 0 0 23 38 30 0 2 25 0 0 7 67 10 1 0 19 2 9 52 35 0 0 0 0 0 0 0 0 24 12 0 0 0 0 29 0 13 0 0 0 0 27 0 0 0 0 0 0 0 0 0 0 0 6 2 2 0 0 0 0 0 1 0 0 62 0 1 0 0 65 0 2 0 0 0 2 0 0 0 0 0 0 0 0 0 0 2 7 0 0 0 0 
 0 0 0 0 0 1 6 0 0 0 0 0 0 0 0 5 6 0 0 6 0 0 0 3 0 0 0 0 3 0 0 0 1 0 0 0 3 3 0 0 50 425 170 53 33 138 30 101 154 434 131 177 62 34 109 33 124 0 41 88 0 4 2 0 0 0 25 3 7 0 14 4 1 3 2 0 2 0 48 1 0 0 0 0 0 0 0 0 0 0 0 0 0 0 0 0 0 0 0 0 0 0 0 0 0 0 0 0 0 28 0 0 0 0 24 0 0 0 0 0 0 0 29 25 70 23 0 0 20 1 4 10 0 0 0 0 3 13 11 0 9 0 0 0 2 0 0 5 7 0 0 0 4 34 0 11 10 3 0 3 0 0 0 0 2 3 0 0 0 0 0 0 0 0 0 0 0 0 0 2 0 0 0 0 0 39 0 0 0 0 0 0 0 0 0 0 0 0 0 0 0 22 21 28 0 10 10 1 6 2 1 15 0 0 5 0 0 22 0 0 11 0 0 0 0 2 1 57 17 0 23 0 18 15 0 0 2 0 23 32 0 0 0 0 0 0 0 0 0 0 0 4 0 2 0 0 0 0 0 1 0 0 2 65 1 7 3 62 0 0 0 0 0 0 0 0 0 0 0 0 0 5 0 0 0 8 0 6 0 0 
 0 0 0 0 0 0 2 3 0 0 0 2 0 3 0 2 2 0 3 3 3 5 3 52 4 129 3 3 59 121 144 32 3 3 3 208 3 26 3 3 39 111 31 73 58 265 151 65 98 72 37 52 145 262 77 40 38 41 0 176 6 3 2 0 0 1 0 0 0 0 0 0 4 0 0 5 2 7 0 4 0 0 0 0 0 0 0 0 0 0 0 0 0 0 0 0 0 0 0 0 0 0 0 11 10 19 0 0 0 0 0 9 0 0 6 0 0 0 0 0 17 52 0 73 0 3 11 51 33 15 0 0 65 26 6 9 14 20 0 5 3 0 15 4 9 0 15 0 0 3 0 0 5 0 3 0 0 0 0 0 0 0 0 0 0 0 0 0 0 0 0 0 0 20 0 0 0 0 0 0 0 0 0 0 0 6 0 0 0 10 6 15 0 0 0 0 0 0 0 9 9 0 14 0 0 13 9 27 0 0 4 0 1 0 19 0 0 31 29 17 5 0 4 0 0 0 0 0 0 0 1 0 0 0 0 0 3 0 0 4 0 0 0 0 1 0 0 0 0 0 0 14 0 0 0 0 0 32 0 0 14 1 0 0 0 3 4 0 0 0 0 0 0 0 0 0 0 0 0 0 0 7 0 0 13 0 0 1 2 0 
 0 0 0 0 0 3 0 0 0 0 0 0 0 2 4 1 0 0 0 0 0 62 64 0 65 64 0 0 2 60 71 1 0 0 0 0 2 0 0 0 177 40 31 51 68 32 179 36 91 66 69 36 108 167 112 58 59 88 176 0 0 0 5 0 0 0 0 0 0 5 0 0 0 0 0 19 2 18 0 10 0 0 0 0 0 0 0 0 0 0 0 0 0 0 0 0 0 0 0 0 0 0 0 0 12 14 0 0 0 0 0 0 0 0 0 0 0 0 0 0 19 15 13 1 1 0 16 10 7 0 0 10 12 48 16 20 0 1 5 4 0 0 0 0 1 0 0 0 0 0 0 8 0 0 0 0 0 5 0 0 0 0 0 0 0 0 0 0 0 0 0 0 0 6 3 0 0 0 0 0 0 15 1 27 0 0 0 0 0 8 0 15 0 0 0 0 0 1 0 0 10 28 0 7 0 11 14 9 11 0 12 14 0 11 0 0 21 13 6 26 0 0 0 4 0 7 0 0 0 0 0 0 0 0 0 0 0 6 0 0 0 0 0 0 0 0 0 0 0 0 0 0 0 0 0 0 0 0 3 0 0 16 0 0 0 3 3 0 3 0 8 0 0 0 0 5 0 0 0 0 0 6 0 0 0 0 0 10 1 0 
 2 1 5 3 3 3 4 4 3 1 51 3 3 1 2 3 0 3 5 5 0 1 1 0 0 0 0 0 5 0 3 0 0 0 0 0 0 5 0 0 0 0 0 3 0 0 6 0 0 2 1 1 5 0 0 2 0 0 6 0 0 117 112 65 521 36 360 350 21 110 44 53 106 87 129 84 291 317 73 338 0 0 0 0 0 0 0 0 0 0 0 0 0 0 0 0 0 0 0 0 0 0 0 0 0 0 0 0 0 0 0 0 0 0 0 0 0 0 0 0 0 0 0 0 0 0 0 0 0 0 0 0 0 0 0 0 0 0 0 0 0 0 6 19 0 0 57 23 19 0 9 5 10 0 0 17 18 1 15 0 0 2 0 0 0 0 0 0 0 0 3 0 0 0 0 0 0 0 0 0 0 0 0 1 0 0 0 0 0 0 0 0 0 0 0 0 0 0 0 0 0 0 0 0 1 0 0 0 0 0 0 0 0 0 0 0 0 0 0 0 24 6 37 7 1 16 0 15 15 16 1 0 35 21 28 9 8 0 0 3 4 0 0 0 0 0 0 0 0 0 0 0 0 47 1 0 0 0 0 0 0 0 0 1 0 0 7 0 0 0 35 0 1 2 0 0 0 0 0 0 0 0 0 0 0 0 0 0 0 4 
