 0 177 133 104 31 39 168 41 268 113 30 35 46 319 445 127 40 25 115 192 3 0 1 1 0 3 3 1 3 2 2 3 0 0 0 0 2 0 79 4 4 0 0 0 3 0 0 0 3 0 0 2 2 3 0 2 2 2 0 0 2 0 0 0 0 3 0 0 0 0 1 0 0 2 0 2 0 0 2 3 21 0 23 26 0 0 17 18 11 13 1 0 21 32 48 15 41 12 1 19 0 0 0 0 0 0 0 0 0 0 0 0 0 0 0 9 0 0 0 0 0 0 19 0 0 0 0 0 0 0 0 0 0 0 0 0 0 0 0 0 0 0 0 0 0 0 12 0 0 11 0 0 0 3 0 0 1 0 0 0 20 11 10 1 10 14 18 15 88 0 11 1 11 3 1 0 0 1 0 0 0 0 0 0 0 0 13 0 0 0 0 0 0 0 0 15 0 0 11 44 0 0 0 0 0 0 0 0 0 0 0 0 0 0 0 0 0 0 0 0 0 14 0 0 0 0 0 0 0 0 0 0 0 0 0 0 0 0 0 0 0 0 0 0 0 2 0 0 5 2 1 14 0 0 1 0 0 0 0 0 0 0 0 0 0 0 0 0 0 0 0 0 0 0 0 0 0 0 0 0 0 0 0 0 0 0 0 0 0 0 
 177 0 378 50 109 124 143 375 201 128 357 150 39 56 156 457 158 139 50 133 0 0 0 0 0 2 3 0 3 2 16 0 0 1 0 0 0 0 74 2 5 0 0 0 0 0 0 0 41 0 0 3 1 3 0 2 2 3 0 0 2 0 0 0 0 3 0 0 0 0 0 0 0 4 0 2 0 43 2 0 26 52 43 12 21 0 0 25 27 45 17 7 0 34 1 40 15 22 0 0 9 0 0 0 0 0 0 0 0 5 0 0 9 0 14 0 0 0 30 0 15 0 0 2 0 0 0 0 0 0 0 0 0 0 0 0 0 0 0 0 0 0 0 0 0 0 0 0 0 0 0 0 0 0 0 0 0 0 0 1 0 6 21 40 41 21 1 2 28 39 26 38 0 13 13 25 21 50 18 31 0 1 0 0 0 18 10 1 0 0 0 0 7 0 0 0 0 2 35 9 0 9 0 0 0 0 0 0 0 0 0 0 0 0 0 0 0 0 0 1 0 0 0 0 0 0 2 1 0 0 0 0 0 0 0 0 0 0 0 0 0 0 0 0 0 2 92 2 111 1 20 12 15 0 0 0 0 0 0 0 0 0 10 0 0 0 0 0 0 0 0 0 0 0 0 14 1 0 0 0 0 0 0 0 0 0 0 0 0 0 
 133 378 0 335 189 40 104 91 114 134 75 49 287 372 141 151 290 274 118 103 75 0 0 0 0 0 7 0 3 2 3 0 79 0 3 0 0 0 76 150 5 0 0 0 0 0 0 0 3 0 0 2 2 3 0 2 2 2 0 0 2 0 0 1 0 3 0 0 0 0 0 0 0 0 0 2 0 0 2 0 1 2 3 9 1 21 2 17 12 11 12 15 10 59 36 0 8 20 0 9 11 0 0 0 0 0 0 0 0 0 0 0 0 0 16 0 0 0 30 0 0 0 0 0 0 6 0 0 0 0 0 0 0 0 0 0 0 2 0 0 0 0 0 0 0 0 0 0 0 0 0 19 0 8 0 0 4 19 0 11 0 10 7 8 0 22 1 37 44 12 9 18 26 1 0 0 8 38 1 0 0 13 0 0 0 0 1 16 0 0 0 0 17 0 0 0 0 1 1 15 0 0 0 0 0 0 0 0 0 0 0 0 0 0 0 0 0 0 0 2 0 0 0 0 0 0 1 1 0 0 0 0 0 0 0 0 0 0 0 0 0 0 0 0 0 2 100 2 3 89 2 16 0 0 0 0 0 0 0 0 0 0 9 0 0 0 0 0 0 0 0 0 0 0 0 1 17 14 0 0 0 0 0 0 0 0 0 0 0 8 
 104 50 335 0 182 522 106 241 375 91 171 150 84 90 135 236 143 125 154 67 0 59 0 2 0 0 69 74 3 2 2 0 25 61 2 0 1 0 0 75 3 0 0 0 0 0 63 0 3 0 0 2 71 3 0 3 2 2 0 35 2 0 0 0 0 2 0 0 0 0 0 0 0 0 1 2 0 0 2 0 0 11 0 24 0 44 16 11 5 14 0 54 0 0 0 0 0 7 32 14 0 0 0 6 0 0 9 18 16 16 12 0 14 18 1 18 0 0 11 0 0 0 0 1 0 9 0 0 0 0 0 0 0 0 0 0 0 2 0 0 0 0 0 0 0 0 0 0 0 0 0 0 0 1 0 0 0 0 0 5 0 22 5 9 13 14 16 0 1 11 22 18 0 0 14 0 19 27 0 0 13 27 0 0 0 0 26 20 5 0 0 0 73 0 9 0 13 14 0 19 0 0 0 0 0 0 0 0 0 0 0 0 0 0 0 0 0 0 0 2 0 0 0 0 0 0 0 0 0 0 0 0 0 0 0 0 0 3 0 0 0 5 0 0 0 0 89 1 2 91 15 7 0 0 0 0 0 0 0 0 2 0 0 0 0 0 0 0 0 0 0 0 0 0 0 9 15 19 0 0 0 0 0 0 0 0 0 0 0 0 
 31 109 189 182 0 72 138 156 81 164 209 40 170 116 126 101 275 179 71 89 74 77 0 0 0 0 70 0 3 36 2 0 78 76 0 0 0 0 74 80 3 0 0 0 0 0 0 0 3 0 0 2 3 24 0 3 2 2 0 1 2 0 0 0 0 2 0 0 3 0 0 0 0 0 0 2 0 0 2 0 0 0 0 0 5 43 30 10 1 17 41 60 0 0 0 10 14 10 0 0 13 0 0 0 0 0 0 1 4 0 0 0 11 3 2 21 0 0 30 21 0 0 0 0 0 0 0 0 0 0 0 0 0 0 0 0 0 0 0 0 0 0 2 0 0 0 0 0 0 0 0 0 0 0 0 0 3 0 0 0 0 0 8 27 34 80 0 0 17 23 0 54 0 0 0 0 6 10 0 0 0 25 0 0 0 0 9 17 1 0 0 0 21 0 2 0 19 0 0 0 0 0 0 0 0 0 0 0 0 2 0 0 18 0 0 0 0 0 0 0 0 0 0 0 0 0 0 0 0 0 0 1 0 1 0 0 0 0 2 0 0 6 0 0 1 2 86 0 1 91 2 7 0 0 0 2 0 0 0 0 0 0 8 0 0 0 0 0 0 0 0 0 0 0 0 15 0 18 0 0 0 0 0 0 0 0 0 0 0 0 
 39 124 40 522 72 0 319 44 58 50 305 140 25 38 144 290 297 55 56 265 75 152 0 0 0 0 3 74 87 3 79 0 79 78 92 145 0 0 117 2 3 1 1 0 0 0 0 0 3 0 0 4 3 3 0 3 2 2 0 62 2 0 0 0 0 2 0 0 0 0 0 0 0 0 0 3 0 0 2 0 0 5 0 21 0 14 0 4 27 0 16 11 10 0 0 0 0 0 0 0 0 0 0 0 0 0 42 41 30 21 0 0 44 2 0 38 0 0 12 28 0 0 0 0 0 0 0 0 0 0 0 0 0 0 0 0 0 0 0 0 0 1 0 0 0 0 0 0 0 0 0 0 0 0 3 0 0 0 0 2 0 0 18 3 12 12 0 0 0 4 0 2 0 0 0 0 0 10 0 1 0 15 7 1 0 0 11 11 25 0 7 0 21 0 20 12 32 15 22 18 0 2 0 0 0 0 0 0 0 0 0 0 0 0 0 0 0 0 0 0 0 0 0 0 0 0 0 0 0 0 0 0 0 0 7 0 0 0 0 0 0 0 0 0 0 2 4 0 8 1 16 0 0 0 0 0 0 0 75 0 0 0 0 0 0 0 0 0 0 0 0 0 0 15 0 16 15 1 0 0 0 11 0 0 0 0 0 0 0 0 
 168 143 104 106 138 319 0 410 248 45 48 29 478 276 204 126 120 116 240 197 0 0 9 0 0 0 31 204 3 2 2 0 0 73 0 0 0 4 2 2 10 0 0 0 0 0 0 0 3 0 0 2 2 3 0 2 2 2 0 0 2 0 0 0 0 3 3 0 0 0 0 0 0 0 7 2 1 0 2 0 30 47 0 12 0 0 8 37 0 12 10 1 16 37 33 22 3 0 13 0 0 0 0 0 0 0 0 0 0 2 0 0 0 2 0 0 0 0 1 0 0 0 13 0 0 0 0 0 0 0 0 0 0 1 0 0 0 0 0 0 0 0 0 0 3 0 0 0 0 0 0 20 0 0 0 0 0 0 0 0 34 0 12 11 0 0 0 29 1 9 1 29 16 23 21 9 0 13 0 14 0 0 0 2 0 0 0 0 0 0 0 1 0 0 0 0 1 0 8 0 0 0 0 0 0 1 0 0 0 6 0 1 0 0 0 0 0 0 0 0 0 0 0 10 0 0 0 0 1 0 0 0 0 0 0 0 0 0 19 0 0 0 0 0 0 2 2 2 91 0 18 5 0 0 0 0 0 0 0 0 0 0 0 0 0 0 0 0 0 0 0 0 0 0 0 0 20 0 0 0 0 0 0 0 0 0 0 0 0 0 
 41 375 91 241 156 44 410 0 535 176 138 233 131 335 157 219 100 117 295 163 0 1 3 0 0 4 3 0 3 4 4 0 4 1 0 0 3 0 0 2 3 3 0 0 0 0 0 0 2 0 0 6 1 3 0 2 3 3 0 0 2 0 0 0 1 3 0 1 30 0 0 0 3 0 0 2 2 3 2 0 43 15 0 5 26 0 30 15 11 3 22 0 0 2 1 5 11 55 18 37 0 0 0 0 0 0 0 0 0 0 0 0 0 0 0 0 0 0 17 0 0 0 0 0 0 0 0 0 0 0 0 0 0 0 0 0 0 0 0 0 0 0 0 0 0 0 0 0 0 0 0 0 0 15 1 0 0 0 0 0 0 20 19 9 16 17 8 8 2 16 11 10 0 18 14 0 22 33 28 0 0 0 0 0 0 0 0 0 0 0 0 0 22 0 0 0 1 0 44 15 0 1 0 0 0 0 0 0 0 0 0 0 0 0 0 0 0 0 0 0 0 0 0 0 0 0 0 0 9 0 1 0 0 0 0 0 0 0 0 0 0 0 0 0 8 0 1 1 2 0 16 0 0 0 0 0 0 0 0 0 0 0 0 0 0 0 0 0 0 0 0 0 0 0 0 0 15 0 0 0 0 0 0 0 0 0 0 0 0 0 
 268 201 114 375 81 58 248 535 0 258 158 133 208 227 212 145 136 141 390 278 0 0 0 0 2 0 3 0 3 2 3 0 75 0 3 0 3 0 0 2 5 0 0 0 0 0 0 0 3 0 3 2 2 3 0 2 3 2 0 0 2 0 1 0 1 3 0 1 0 2 0 38 0 0 0 2 0 3 2 1 27 23 18 10 24 0 21 12 11 30 2 0 20 13 21 0 39 20 14 20 0 0 2 0 0 0 0 0 0 0 0 0 0 0 0 0 0 0 16 0 0 2 0 0 0 0 0 0 0 0 0 0 0 0 0 0 0 0 0 0 0 0 0 0 0 0 0 0 0 0 0 11 0 1 0 0 0 0 0 0 0 9 3 24 19 14 69 26 18 10 10 7 41 15 17 0 45 12 0 0 0 0 11 0 1 0 9 0 0 0 0 0 1 0 0 0 0 0 17 38 0 0 0 0 0 0 0 0 2 0 0 0 0 0 0 0 0 0 0 0 0 1 0 0 0 0 17 0 0 0 0 0 0 0 0 0 0 0 0 0 0 0 0 0 0 2 2 0 3 0 0 1 0 2 0 0 0 0 0 0 0 0 0 2 0 0 0 0 0 0 0 0 0 0 0 0 0 15 0 0 0 0 0 0 0 0 0 0 0 0 
 113 128 134 91 164 50 45 176 258 0 79 27 46 90 182 243 571 143 168 195 2 0 0 0 3 0 3 0 3 2 2 0 0 0 0 0 0 0 0 2 5 0 0 0 0 0 0 0 3 0 0 2 3 3 0 3 2 2 1 0 2 0 0 0 0 2 0 0 0 0 0 0 0 3 0 2 0 0 2 0 88 17 26 21 24 0 14 1 36 19 11 14 7 0 0 22 18 39 0 13 0 0 0 0 0 0 0 0 0 0 0 0 14 0 0 0 0 2 1 0 0 0 0 0 2 0 0 0 0 0 0 0 0 0 0 0 0 0 0 0 0 0 0 0 0 0 0 0 0 0 0 0 0 2 0 0 0 2 0 0 0 19 12 22 11 0 0 26 16 15 21 35 0 1 41 46 0 12 0 39 0 1 0 0 0 0 26 0 0 0 0 0 0 0 0 0 15 0 1 19 0 9 0 0 0 0 0 0 0 0 0 0 0 0 0 0 0 0 0 0 0 0 0 0 0 0 0 0 0 0 0 0 0 0 0 0 0 0 0 2 0 0 0 0 0 0 2 0 92 5 0 10 9 0 0 0 0 0 0 0 0 0 0 0 0 0 0 0 0 0 0 0 0 0 0 15 0 0 0 0 0 0 0 0 0 0 0 0 0 0 
 30 357 75 171 209 305 48 138 158 79 0 236 241 41 240 77 205 147 275 323 59 1 0 0 0 0 79 33 3 2 79 0 74 147 17 0 0 3 155 2 5 2 2 3 0 0 0 0 2 0 6 5 1 3 1 3 7 3 0 0 2 37 5 0 2 3 0 0 0 3 2 0 0 4 0 6 0 0 2 0 1 30 14 21 29 25 13 0 16 9 42 20 0 15 1 34 15 10 0 10 0 23 0 0 0 0 3 0 22 21 0 0 50 38 0 31 0 11 0 22 0 0 0 0 0 0 0 0 0 0 0 0 0 0 0 0 0 0 0 0 0 0 0 0 0 0 0 0 0 0 0 0 0 2 2 0 0 0 0 0 1 10 12 45 11 15 29 0 0 14 40 12 0 0 0 11 28 13 14 16 16 11 0 13 0 0 24 0 3 0 0 0 27 30 1 0 0 0 7 16 0 11 0 0 0 0 0 1 0 0 0 0 0 1 0 0 0 2 0 0 0 0 0 0 0 0 0 0 0 0 1 19 0 0 0 0 0 0 0 0 0 10 0 0 0 0 0 0 0 93 0 15 9 0 0 0 0 0 0 1 0 22 0 0 0 0 0 0 0 0 21 0 0 2 0 16 0 0 0 0 0 0 0 0 0 0 0 0 0 0 
 35 150 49 150 40 140 29 233 133 27 236 0 41 272 129 52 443 98 250 90 84 2 2 0 0 0 63 73 3 2 33 0 25 118 0 0 0 0 74 77 6 0 0 0 0 0 0 0 2 0 0 3 1 3 0 2 2 3 0 62 2 1 0 0 0 3 0 0 0 0 0 0 0 0 0 2 0 0 2 0 0 45 0 23 0 15 0 7 9 12 28 52 0 27 0 17 29 7 0 10 0 0 0 0 0 0 29 0 29 19 0 1 0 31 0 1 0 0 1 16 0 0 2 0 0 0 0 1 0 0 0 0 0 0 0 0 0 0 2 0 0 0 0 0 0 0 0 0 0 0 0 0 0 0 0 0 1 0 0 0 0 6 15 12 29 30 16 0 0 7 19 7 1 0 0 0 13 30 14 0 1 29 1 0 0 0 12 9 9 0 1 0 41 1 0 10 11 1 7 35 0 0 0 0 0 0 0 0 0 0 0 0 0 0 0 0 0 0 0 0 0 0 0 0 0 0 0 0 0 0 0 0 0 0 0 0 0 0 0 0 0 5 0 0 0 2 7 0 0 2 14 2 0 11 1 0 0 0 0 0 0 0 0 0 0 0 0 0 0 0 0 0 0 0 0 0 11 0 0 0 0 0 0 0 0 2 0 0 0 0 
 46 39 287 84 170 25 478 131 208 46 241 41 0 168 139 40 39 37 137 259 4 0 0 0 0 0 3 0 8 2 9 0 0 0 0 0 0 0 0 2 4 0 0 0 0 0 0 1 3 0 0 2 3 3 0 3 2 46 0 0 2 0 0 0 0 30 0 0 0 0 0 0 0 0 0 2 0 0 2 0 36 21 3 0 0 0 10 19 19 0 0 0 29 22 27 0 28 0 25 28 0 0 0 0 0 0 0 0 1 0 0 0 0 0 0 2 0 0 0 0 0 0 0 0 0 0 0 0 0 0 0 0 0 0 0 0 0 0 19 0 0 0 19 0 16 0 0 0 0 0 1 15 0 0 0 0 0 0 0 0 15 0 0 0 0 0 3 29 11 0 0 0 14 29 33 0 11 0 12 0 0 0 0 0 0 0 0 0 0 0 0 0 0 0 0 0 0 0 0 0 0 0 5 0 0 0 0 0 0 0 0 0 0 0 0 0 0 0 0 0 0 0 0 0 0 0 0 0 0 0 0 2 0 2 0 0 0 0 0 0 0 0 0 0 2 0 2 0 3 0 0 2 0 0 0 0 0 0 0 0 0 0 0 0 0 0 0 0 0 0 0 0 0 0 0 0 1 0 0 0 0 0 0 0 0 0 0 0 0 0 
 319 56 372 90 116 38 276 335 227 90 41 272 168 0 232 40 125 259 101 213 1 0 0 0 2 0 3 1 5 2 4 3 2 0 0 0 0 0 84 2 4 0 0 0 0 0 0 3 3 0 0 2 2 3 3 2 2 2 1 0 2 0 0 5 0 3 0 0 1 0 0 0 0 0 0 7 0 0 2 0 0 5 29 10 0 0 9 8 3 10 0 0 13 33 52 15 13 0 41 42 0 0 0 0 0 0 1 0 0 0 0 0 0 0 0 0 2 0 0 2 0 0 10 0 0 0 0 0 0 0 0 0 0 0 0 0 0 0 0 0 0 0 0 0 0 0 2 0 0 0 0 17 0 0 0 0 0 0 0 0 18 0 10 2 0 17 35 6 0 0 0 2 0 23 0 0 17 0 0 0 1 0 0 0 0 0 0 0 11 15 0 0 0 0 2 0 0 0 12 1 0 0 1 0 0 0 0 0 0 0 1 11 0 0 0 0 0 0 0 0 0 0 0 0 0 0 0 0 0 0 0 0 1 0 0 0 0 2 0 0 0 0 0 0 0 4 2 0 1 0 1 14 0 0 0 0 0 0 0 0 0 0 0 0 0 0 0 0 0 0 0 0 0 0 0 0 20 0 0 0 0 0 0 0 0 0 0 0 0 0 
 445 156 141 135 126 144 204 157 212 182 240 129 139 232 0 79 50 37 98 255 0 0 4 0 1 0 4 2 3 3 2 0 0 0 0 0 2 0 1 2 3 0 0 0 0 0 0 0 7 0 0 3 1 3 0 3 2 3 0 0 2 0 0 0 0 3 0 0 0 0 0 9 0 10 0 2 0 0 2 0 0 49 10 26 0 0 9 7 1 28 4 22 9 25 24 13 11 24 11 43 2 0 0 0 0 0 0 0 0 10 0 0 7 0 0 0 0 0 0 0 0 0 9 0 0 0 0 0 0 0 0 0 0 0 0 0 0 0 0 0 0 0 0 0 0 0 0 0 0 0 0 10 0 0 0 0 0 0 0 0 6 15 14 21 25 33 22 4 0 8 0 8 0 0 0 7 31 34 0 8 0 0 0 0 0 0 0 0 0 0 0 0 12 0 0 0 0 8 9 0 0 7 0 0 0 0 0 0 0 0 0 0 0 0 0 0 0 0 0 0 0 0 0 0 0 0 0 0 0 0 0 0 0 0 0 0 0 0 0 0 0 0 0 0 0 1 0 0 0 1 14 4 0 0 1 0 0 0 0 0 0 0 9 0 0 14 0 0 0 0 0 0 0 0 0 0 24 0 0 0 0 0 0 0 0 0 0 0 0 3 
 127 457 151 236 101 290 126 219 145 243 77 52 40 40 79 0 213 145 188 59 75 0 0 0 2 0 3 88 3 2 2 0 76 0 0 0 0 0 74 2 3 0 0 0 0 0 0 0 3 0 0 2 2 3 0 2 2 2 0 0 2 0 0 0 0 3 0 0 0 0 0 0 0 0 0 2 0 0 2 0 18 7 17 24 15 10 16 0 10 13 61 1 15 10 20 34 0 9 0 36 0 0 0 0 0 0 0 0 0 0 0 0 0 0 0 0 0 0 12 0 0 0 0 0 0 0 0 0 0 0 0 0 0 0 0 0 0 0 0 0 0 0 0 0 0 0 0 0 0 10 0 0 0 0 0 0 0 0 0 0 0 56 27 2 89 12 0 23 19 15 32 5 0 15 16 6 0 14 21 25 0 13 0 0 0 0 1 0 0 0 0 0 0 0 0 10 0 0 33 2 0 0 0 0 0 0 0 0 0 0 0 0 0 0 0 0 0 0 0 12 0 0 0 0 0 0 0 0 0 0 0 0 0 0 0 0 0 0 0 0 0 0 0 0 0 0 2 1 2 88 0 6 0 0 0 0 0 0 0 0 0 0 0 0 0 0 0 0 0 0 0 0 0 0 0 1 20 0 0 0 0 0 0 0 0 0 0 0 0 0 
 40 158 290 143 275 297 120 100 136 571 205 443 39 125 50 213 0 156 80 448 4 0 0 0 0 3 79 0 3 2 2 3 83 75 0 0 0 0 0 30 4 0 0 0 62 0 0 0 3 0 2 2 2 4 0 2 2 2 0 0 3 0 0 0 0 3 0 0 0 0 0 0 0 0 0 2 0 0 2 0 8 11 0 16 7 12 34 1 11 29 26 25 13 15 1 54 0 0 18 16 11 0 0 0 0 0 0 0 0 0 0 0 0 22 12 0 0 1 0 0 0 0 0 2 0 0 0 0 0 0 0 0 0 0 0 0 0 0 0 0 0 0 0 0 0 0 0 0 0 0 0 0 0 0 0 0 0 0 0 1 0 28 16 79 0 22 17 13 36 3 34 22 0 0 66 12 45 1 32 12 10 0 0 0 0 0 15 1 0 0 0 0 32 0 0 0 0 2 16 6 0 0 0 0 0 0 0 0 0 0 0 0 0 0 0 0 0 0 0 1 0 0 0 0 0 0 2 1 0 0 0 0 0 0 0 0 0 0 0 0 0 55 0 0 0 1 89 0 59 85 2 12 0 0 0 0 0 0 0 0 0 0 12 0 0 0 0 0 0 0 0 0 0 0 0 0 0 0 0 0 0 0 0 0 0 0 0 0 0 9 
 25 139 274 125 179 55 116 117 141 143 147 98 37 259 37 145 156 0 42 32 90 0 0 0 0 9 3 2 6 2 3 1 79 1 0 0 4 0 236 62 4 0 2 0 0 2 0 0 3 6 0 2 3 3 0 9 2 6 2 71 2 4 0 0 0 2 0 0 0 0 6 0 0 0 0 2 0 57 2 0 8 0 21 15 14 33 0 29 13 29 39 17 10 0 13 25 0 11 0 0 9 0 0 0 2 1 0 0 0 0 0 0 0 0 12 0 0 0 57 1 0 0 0 0 0 0 2 0 2 0 0 11 0 0 0 0 0 0 0 0 0 0 0 0 0 0 0 0 0 0 0 0 0 7 0 0 20 0 0 9 0 0 25 23 10 24 0 25 40 24 6 24 0 13 12 8 10 24 0 14 4 16 1 0 0 1 18 12 11 0 0 0 45 0 0 0 16 0 27 19 0 0 0 0 0 0 0 0 1 0 0 0 0 0 0 0 0 0 0 0 0 1 1 0 0 0 0 0 0 0 0 0 0 0 0 0 0 0 0 0 0 0 0 0 0 3 87 0 45 90 1 2 0 0 0 0 0 0 0 0 0 0 12 0 0 0 0 0 0 0 0 0 0 0 0 0 0 11 0 0 0 0 0 0 0 0 0 0 0 0 
 115 50 118 154 71 56 240 295 390 168 275 250 137 101 98 188 80 42 0 100 0 0 1 57 0 0 3 0 3 2 2 0 0 0 0 0 1 0 0 3 6 0 0 0 0 0 0 0 3 0 2 3 3 3 0 3 2 2 0 0 2 0 0 0 0 2 0 0 0 0 0 0 0 0 0 2 0 0 2 0 0 12 28 0 0 0 50 14 37 11 13 0 0 0 16 1 0 0 27 70 0 0 0 0 2 0 0 0 0 0 0 0 0 0 0 0 0 0 0 0 0 0 0 0 0 0 0 0 0 0 0 9 0 0 0 0 0 0 0 0 0 0 0 0 0 0 0 0 0 0 2 0 0 0 0 0 0 0 16 0 11 21 12 0 13 0 15 0 11 0 13 0 19 1 36 11 13 0 1 39 0 0 0 0 0 0 0 0 0 0 0 0 0 0 0 0 0 0 0 1 0 0 0 0 0 0 0 0 0 0 0 0 0 0 0 0 0 0 0 0 0 0 0 0 0 0 0 0 0 0 0 0 0 2 0 0 0 0 0 0 0 0 0 0 2 0 0 0 1 1 0 16 0 0 2 0 0 0 0 0 0 0 0 0 0 0 0 0 0 0 1 0 0 0 0 0 14 0 0 0 0 0 0 0 0 0 0 0 0 0 
 192 133 103 67 89 265 197 163 278 195 323 90 259 213 255 59 448 32 100 0 0 3 0 3 0 0 3 0 6 5 2 0 0 0 2 0 0 0 1 2 5 1 0 2 3 0 0 0 3 0 0 2 3 3 0 3 2 2 0 2 2 0 0 0 0 2 0 0 0 33 0 0 0 0 0 6 2 0 2 0 0 28 0 22 0 0 9 29 15 0 12 0 33 34 49 32 38 0 12 11 0 0 0 0 0 3 0 0 0 0 0 0 0 0 0 0 0 0 0 0 0 0 2 0 0 0 0 0 0 0 0 0 0 0 0 0 0 0 0 0 0 0 0 0 0 0 0 0 0 0 0 0 0 0 0 1 0 0 0 0 5 18 9 4 0 30 19 15 46 0 13 0 11 10 0 0 3 0 18 0 0 0 0 0 0 0 0 0 0 0 0 0 2 0 0 0 0 0 23 0 0 0 0 0 0 0 2 0 0 0 0 0 0 0 0 0 0 0 0 0 2 0 0 0 0 2 0 0 0 0 0 0 0 0 0 0 0 0 0 0 0 0 0 0 0 0 0 2 4 3 1 11 0 0 2 0 0 0 0 0 0 0 0 0 0 0 0 0 0 0 0 0 0 1 0 0 0 0 0 0 0 0 0 0 0 0 0 0 0 0 
 3 0 75 0 74 75 0 0 0 2 59 84 4 1 0 75 4 90 0 0 0 70 154 49 120 103 230 169 30 21 16 323 63 444 61 29 71 326 137 298 2 0 3 0 5 0 0 0 0 3 0 2 0 0 0 2 3 0 8 0 0 0 0 0 58 2 0 0 0 0 0 0 3 0 0 3 0 0 0 0 0 0 0 1 14 36 0 3 0 0 9 0 0 0 0 0 0 0 0 0 20 15 33 12 11 0 24 12 6 3 19 0 0 19 17 46 12 43 8 20 0 0 0 0 0 0 0 0 1 0 0 6 0 14 0 0 0 0 0 0 1 4 1 0 4 0 2 1 0 0 0 0 3 3 3 0 0 0 1 1 0 0 0 0 15 9 0 0 0 3 0 0 4 0 0 0 2 0 0 0 15 12 23 23 1 0 0 12 0 50 0 0 13 54 4 27 2 1 0 1 0 0 0 0 0 0 0 0 0 0 0 0 0 0 0 0 0 0 0 14 0 0 0 0 0 0 0 0 0 1 0 0 0 0 0 0 0 0 0 0 0 0 10 0 0 0 0 0 0 0 0 0 0 0 1 2 2 0 0 2 7 2 0 0 0 0 0 0 0 0 0 0 0 0 0 0 0 0 0 0 0 0 0 0 0 0 0 0 0 0 
 0 0 0 59 77 152 0 1 0 0 1 2 0 0 0 0 0 0 0 3 70 0 334 79 103 105 79 110 396 127 49 148 36 43 47 202 69 131 130 36 5 0 33 0 0 0 0 0 1 3 0 5 23 3 0 5 6 3 0 0 1 0 1 0 3 2 2 17 2 0 0 58 3 2 0 3 0 0 1 0 0 0 0 0 0 10 0 0 0 0 0 14 0 0 0 0 0 0 0 0 0 66 9 17 1 0 19 37 58 29 0 6 39 2 0 38 28 22 0 12 0 0 0 0 0 0 0 0 0 0 0 0 14 12 0 0 0 0 10 12 0 0 9 0 0 0 0 0 20 0 0 0 0 0 0 9 0 0 0 4 0 0 0 0 0 0 0 0 0 5 0 11 0 0 0 0 4 0 0 0 1 0 4 12 0 0 11 29 12 2 42 32 12 0 57 0 24 15 0 0 0 0 0 0 0 0 0 0 0 0 0 0 1 2 0 0 0 2 0 11 0 0 0 0 0 0 0 23 0 0 0 0 0 0 0 0 0 2 12 0 0 0 0 0 0 0 83 0 0 0 0 0 0 0 11 0 3 2 2 0 0 0 0 0 0 0 0 0 0 0 0 0 0 0 0 25 0 15 0 0 0 16 0 2 0 0 1 0 0 0 
 1 0 0 0 0 0 9 3 0 0 0 2 0 0 4 0 0 0 1 0 154 334 0 512 345 182 112 117 105 63 256 113 72 81 138 103 200 187 329 133 1 0 1 0 3 0 97 0 0 3 0 2 63 1 0 3 3 0 12 0 0 0 0 0 3 0 0 0 0 0 0 0 3 49 0 3 3 0 0 0 0 0 0 0 0 0 0 0 0 0 0 0 3 2 0 0 0 0 0 0 15 0 35 1 14 2 13 32 29 0 47 39 0 0 24 12 1 7 0 0 0 20 0 0 0 0 9 9 0 1 0 0 21 29 9 0 0 0 0 14 0 0 0 0 0 2 2 1 0 4 0 0 0 0 1 0 0 0 0 0 0 0 0 0 0 0 0 0 0 1 0 0 7 0 0 0 0 13 0 1 1 0 2 10 12 21 0 10 0 29 1 25 0 0 0 6 6 0 9 0 5 2 19 0 1 0 11 0 0 0 0 0 18 9 5 0 0 0 19 11 0 0 0 0 0 0 0 0 8 0 0 0 0 0 0 0 0 0 0 0 0 0 11 0 0 1 0 0 0 0 0 0 0 0 4 2 2 81 0 2 23 4 0 0 0 0 0 0 0 0 0 0 0 0 0 0 0 0 0 0 0 0 0 0 1 0 0 0 0 0 
 1 0 0 2 0 0 0 0 0 0 0 0 0 0 0 0 0 0 57 3 49 79 512 0 77 47 195 512 250 241 163 141 150 79 443 48 69 117 121 76 2 0 8 2 0 0 0 0 0 3 0 2 0 0 0 2 3 2 0 1 0 0 0 0 3 1 1 2 0 0 3 0 5 0 0 3 0 0 0 0 0 0 0 0 0 0 0 0 7 0 0 0 0 0 0 0 0 0 0 0 28 16 49 13 21 1 25 1 8 61 9 7 0 14 7 0 30 18 0 0 0 0 0 7 0 0 0 0 0 0 0 0 11 0 0 0 0 0 11 13 0 0 0 0 5 0 0 11 0 0 0 0 0 0 0 2 0 0 0 0 0 0 0 0 0 0 0 2 0 0 0 0 7 0 0 0 0 0 0 0 44 0 19 0 8 0 0 13 28 105 20 25 0 30 4 15 25 18 5 14 0 0 0 0 0 0 0 0 0 0 0 0 0 0 0 0 0 0 0 1 0 0 0 0 0 0 0 1 0 0 0 0 0 2 0 0 0 0 0 0 0 0 0 0 0 0 0 0 0 0 0 1 0 0 12 0 2 9 82 1 2 2 0 0 0 0 0 0 0 0 2 0 0 0 0 0 0 0 0 0 0 13 0 0 0 0 0 0 0 0 
 0 0 0 0 0 0 0 0 2 3 0 0 0 2 1 2 0 0 0 0 120 103 345 77 0 143 49 171 52 281 373 139 483 77 74 70 390 107 496 347 57 0 63 0 0 0 210 8 1 3 0 3 6 84 64 3 3 63 160 65 0 0 0 0 3 0 0 0 0 0 0 0 3 0 4 3 3 0 0 0 0 0 0 0 0 0 2 0 0 0 0 0 0 0 0 0 0 0 0 0 9 13 0 0 41 24 0 13 0 17 16 17 0 0 12 12 21 0 0 0 29 10 11 13 0 0 16 0 36 22 0 16 10 39 0 8 0 21 12 12 0 0 1 0 0 0 4 0 0 7 0 0 0 0 22 0 0 0 0 0 0 1 0 0 0 0 14 10 0 9 0 0 3 0 0 0 5 0 10 0 0 0 0 6 29 37 2 0 0 0 0 2 0 0 17 0 0 18 0 0 30 12 0 0 0 1 59 33 11 13 1 0 29 22 6 20 9 0 13 57 0 0 0 0 0 0 0 0 0 0 0 0 0 0 0 0 0 0 2 0 0 9 11 0 0 0 0 0 0 0 0 0 0 0 7 2 3 0 1 3 26 0 0 0 0 0 0 0 0 0 0 0 0 0 0 0 0 0 0 0 0 0 0 0 32 11 0 0 0 0 
 3 2 0 0 0 0 0 4 0 0 0 0 0 0 0 0 3 9 0 0 103 105 182 47 143 0 37 115 53 149 101 233 56 40 136 97 288 91 48 278 19 0 0 0 4 0 48 0 0 3 2 2 2 29 69 3 3 0 97 62 0 0 0 0 3 0 0 0 2 0 0 0 3 0 0 3 0 0 0 0 78 0 0 0 0 2 0 0 0 0 0 0 0 0 0 0 0 0 0 0 0 0 14 20 31 0 0 13 12 0 19 21 1 0 12 0 13 0 5 1 2 11 31 0 0 0 0 18 9 0 0 0 12 43 29 0 25 0 1 10 0 0 0 0 0 0 1 0 0 9 0 0 0 0 0 0 0 0 0 2 0 0 0 0 0 0 0 0 0 0 0 2 0 0 0 5 0 0 0 0 0 0 8 14 19 12 0 2 0 21 0 32 1 1 13 14 0 10 0 0 6 13 12 0 0 0 7 0 10 0 0 0 8 0 24 42 0 0 0 27 0 0 0 0 0 0 0 27 0 0 0 1 0 0 0 0 0 0 0 8 0 0 6 0 0 0 0 0 0 0 0 0 0 0 2 1 1 75 3 14 0 1 0 0 0 0 10 0 0 0 0 0 0 0 0 0 0 0 0 12 0 0 0 0 12 7 8 0 0 2 
 3 3 7 69 70 3 31 3 3 3 79 63 3 3 4 3 79 3 3 3 230 79 112 195 49 37 0 274 319 252 193 69 141 230 548 98 42 133 139 481 2 0 1 0 0 0 0 0 0 9 0 2 0 0 1 7 7 0 0 0 0 4 0 0 3 0 0 0 0 0 6 0 3 0 0 3 0 0 0 2 0 0 0 0 17 12 0 1 0 1 0 26 0 0 0 1 0 14 0 0 26 0 11 0 4 0 29 9 10 0 27 0 1 8 20 13 0 16 15 16 0 0 0 2 0 0 0 0 0 2 0 0 0 0 0 0 0 0 0 1 0 6 0 0 4 0 1 0 0 1 0 0 0 0 5 0 0 0 0 2 0 0 0 0 20 3 0 0 3 1 20 0 6 0 0 0 0 0 0 0 18 16 10 1 0 0 9 0 21 19 0 0 39 28 0 19 0 10 9 11 0 0 0 0 0 0 0 0 0 0 0 0 0 2 0 1 0 0 0 3 0 0 0 0 0 0 0 0 1 0 0 0 0 0 0 0 0 0 0 0 0 9 0 0 0 93 1 0 0 0 0 0 0 0 7 0 4 0 0 2 22 0 1 0 0 0 0 0 0 0 0 0 0 0 0 13 0 0 0 0 0 0 0 0 0 0 0 0 0 0 
 1 0 0 74 0 74 204 0 0 0 33 73 0 1 2 88 0 2 0 0 169 110 117 512 171 115 274 0 155 45 110 43 218 124 95 342 120 23 140 53 0 0 0 0 0 0 0 0 0 3 0 2 0 0 0 3 6 0 0 0 0 0 0 0 3 0 3 0 0 0 0 0 3 0 0 3 0 0 0 0 0 0 0 0 61 0 0 0 0 0 0 65 0 0 0 0 0 0 0 0 0 31 0 1 0 0 12 11 46 42 1 0 0 20 18 15 19 33 7 55 0 0 0 0 0 0 21 0 0 0 0 0 0 0 17 0 2 0 0 0 0 11 0 0 0 0 0 0 0 0 0 0 0 0 3 0 0 0 0 3 0 0 0 0 17 2 0 0 0 6 23 0 0 0 0 0 5 0 0 0 1 13 0 12 0 0 14 6 7 0 10 8 0 1 26 7 0 13 0 19 0 0 0 0 0 0 0 0 0 0 0 0 3 12 0 1 0 14 14 9 0 0 0 0 0 0 2 0 1 0 0 0 0 0 0 0 0 2 0 0 0 9 0 0 0 0 0 0 0 0 0 0 0 0 6 1 1 40 2 2 0 0 0 0 0 0 0 0 0 0 0 0 0 0 0 0 0 0 0 0 0 0 0 0 0 4 0 0 0 0 
 3 3 3 3 3 87 3 3 3 3 3 3 8 5 3 3 3 6 3 6 30 396 105 250 52 53 319 155 0 388 193 316 122 173 271 68 125 43 386 364 2 0 0 0 0 0 0 0 0 3 0 2 55 0 0 3 3 0 0 0 0 0 0 0 3 0 17 3 8 0 0 0 3 0 0 3 0 0 0 0 0 0 0 0 21 0 0 0 0 0 0 0 0 0 0 0 0 0 0 0 1 11 54 12 0 0 53 16 12 0 1 9 26 3 0 6 4 16 20 9 0 0 0 0 0 0 0 0 0 0 0 0 9 18 0 0 0 0 9 14 0 3 0 0 7 0 0 0 0 0 0 2 0 0 2 0 0 0 0 0 0 0 0 0 10 0 0 0 0 0 0 0 0 0 0 0 0 0 0 0 18 0 0 67 2 0 8 26 24 0 52 11 12 24 10 33 39 10 8 16 0 0 0 0 0 0 0 0 0 0 0 0 0 0 0 0 0 0 0 0 0 0 0 0 0 0 0 14 0 0 0 0 0 0 0 0 0 0 0 0 0 0 0 0 0 0 1 0 0 0 0 0 0 0 19 1 0 1 75 0 4 0 0 0 0 0 0 0 0 0 0 0 0 0 0 0 0 0 0 1 0 11 0 0 0 0 9 0 0 0 
 2 2 2 2 36 3 2 4 2 2 2 2 2 2 3 2 2 2 2 5 21 127 63 241 281 149 252 45 388 0 141 276 166 72 167 375 470 37 143 365 1 0 4 206 3 2 23 0 0 3 0 2 0 52 0 3 3 3 14 210 0 2 3 2 3 0 0 0 5 0 0 0 3 0 0 3 59 0 0 0 0 0 0 0 12 0 0 0 0 0 0 0 0 0 0 0 0 0 0 0 16 16 21 13 37 1 17 0 7 23 11 0 10 14 6 3 9 21 0 0 0 0 0 0 0 0 0 16 0 0 0 0 0 15 19 0 21 0 0 0 0 0 0 0 2 0 0 16 0 0 0 0 0 0 0 1 0 0 0 0 0 0 0 0 0 0 0 0 0 0 0 0 0 0 0 0 0 0 0 0 32 0 13 15 23 0 9 29 26 25 20 14 0 27 0 32 9 1 15 13 0 0 0 0 0 0 0 0 0 0 0 0 0 1 0 0 0 0 0 4 0 0 0 20 0 0 0 13 0 0 0 0 0 0 0 0 0 0 0 0 0 0 10 0 0 0 0 0 0 0 0 0 0 0 8 0 2 2 0 21 1 0 0 0 0 0 8 0 0 0 0 0 0 0 0 0 0 0 0 0 0 22 0 0 0 0 12 0 0 0 
 2 16 3 2 2 79 2 4 3 2 79 33 9 4 2 2 2 3 2 2 16 49 256 163 373 101 193 110 193 141 0 46 33 33 139 250 179 264 28 204 2 0 0 0 1 0 54 0 0 3 0 2 0 0 0 3 3 0 0 0 0 0 0 0 3 0 0 1 0 0 0 0 3 3 0 3 0 0 0 0 0 0 0 0 0 0 0 0 0 0 0 0 0 12 0 0 0 0 0 0 23 12 15 11 9 1 27 36 1 8 69 13 1 0 18 35 27 10 0 1 1 0 0 0 0 0 10 7 0 0 1 0 12 0 0 0 0 0 3 0 1 0 0 0 21 0 1 8 0 2 0 0 0 0 0 0 0 22 0 0 0 0 0 0 0 0 2 0 0 4 0 0 8 0 0 0 0 0 0 0 19 1 12 1 0 22 0 19 23 27 25 21 40 1 1 2 57 24 10 14 0 0 11 0 0 0 0 0 0 0 0 0 0 0 0 0 0 0 11 7 0 0 0 0 0 0 0 0 0 0 0 0 0 0 0 0 0 0 0 0 0 0 0 0 0 0 0 2 0 0 0 0 2 0 2 0 0 3 37 0 14 13 2 0 0 0 0 0 0 0 0 0 0 0 0 0 0 0 0 0 0 21 0 0 0 0 0 0 0 0 
 3 0 0 0 0 0 0 0 0 0 0 0 0 3 0 0 3 1 0 0 323 148 113 141 139 233 69 43 316 276 46 0 50 57 184 345 95 302 469 37 2 0 0 0 8 3 63 0 0 3 2 70 62 0 0 4 6 5 63 62 0 0 2 2 3 0 6 10 8 0 0 4 6 0 3 5 3 0 0 0 0 0 0 0 0 0 0 0 0 0 0 0 0 0 0 0 0 0 0 0 0 35 24 63 73 16 0 9 14 0 12 0 0 0 21 0 37 13 0 0 48 0 0 1 0 0 0 0 0 3 0 1 0 12 0 0 36 0 39 0 0 0 0 0 0 0 0 6 0 0 0 0 0 0 0 0 0 0 0 0 0 0 0 0 0 2 14 11 0 0 0 0 0 0 0 3 0 0 0 0 8 11 14 21 27 0 0 25 0 70 53 7 0 0 14 17 0 17 0 0 0 12 0 0 0 0 18 0 0 0 0 0 0 1 0 1 0 0 8 31 0 0 0 0 0 0 2 10 0 0 0 0 0 0 0 0 0 8 0 0 0 0 11 0 0 0 0 0 0 0 0 0 0 0 8 2 0 77 2 2 1 0 0 0 0 0 8 0 0 0 0 0 2 0 0 0 0 0 0 11 0 18 0 0 0 0 16 0 0 0 
 0 0 79 25 78 79 0 4 75 0 74 25 0 2 0 76 83 79 0 0 63 36 72 150 483 56 141 218 122 166 33 50 0 295 131 32 30 58 98 134 3 0 0 1 0 1 2 0 1 3 1 6 0 6 1 4 3 0 0 1 0 0 0 0 3 0 0 0 0 0 0 2 3 0 0 3 0 0 0 0 0 0 19 0 12 20 0 0 14 11 12 40 0 0 0 10 0 0 0 0 11 47 20 1 13 0 14 0 6 43 1 0 19 42 12 1 7 16 28 5 0 0 0 0 0 0 0 16 0 0 1 0 0 0 1 0 0 0 2 0 0 0 0 0 11 0 0 4 0 0 0 0 0 0 0 26 0 0 0 0 0 0 5 31 9 11 2 0 0 14 71 1 0 0 0 0 0 0 0 0 0 37 4 0 0 0 44 1 8 9 0 0 32 27 0 20 0 0 0 37 0 0 0 0 0 0 0 0 0 0 0 0 0 0 0 0 0 0 0 0 0 0 0 0 0 0 20 0 0 0 1 0 0 0 0 0 22 0 0 0 0 11 0 0 0 0 0 0 0 24 0 0 10 0 14 0 2 2 0 0 3 0 0 0 0 0 0 0 0 0 0 0 0 0 0 14 0 0 0 0 0 26 0 0 0 0 0 0 0 0 
 0 1 0 61 76 78 73 1 0 0 147 118 0 0 0 0 75 1 0 0 444 43 81 79 77 40 230 124 173 72 33 57 295 0 198 37 114 31 422 154 0 0 0 3 2 0 0 4 0 3 1 3 0 0 0 3 3 0 7 4 0 0 0 13 6 0 0 0 0 0 0 0 3 51 0 3 0 2 0 0 2 0 0 0 52 19 0 0 0 1 2 15 0 0 0 0 0 0 2 1 69 12 3 0 0 0 25 1 9 40 0 0 0 81 0 0 1 34 21 30 0 0 0 0 0 0 0 0 0 0 0 0 0 0 0 0 0 0 0 0 0 7 0 0 12 0 0 0 0 0 0 0 0 0 1 4 0 0 0 1 0 0 0 1 0 4 0 0 0 0 16 0 0 0 0 0 1 0 0 0 0 34 6 11 0 0 23 25 23 0 0 0 34 22 0 35 0 0 0 28 0 0 0 0 0 0 0 0 0 1 12 5 0 0 0 0 0 0 0 0 0 0 0 10 0 0 0 0 0 0 0 2 0 0 0 0 0 0 0 0 0 11 0 0 0 0 0 0 0 0 0 0 0 0 10 1 2 0 0 0 1 0 7 0 0 0 0 0 0 0 0 0 0 0 0 0 0 0 0 0 0 6 0 0 0 0 0 0 0 0 
 0 0 3 2 0 92 0 0 3 0 17 0 0 0 0 0 0 0 0 2 61 47 138 443 74 136 548 95 271 167 139 184 131 198 0 161 28 81 161 112 9 0 0 0 0 2 0 0 0 3 2 2 0 4 0 7 7 2 3 2 0 0 0 0 3 0 3 0 0 0 2 0 3 0 2 3 0 0 0 0 0 0 0 0 0 9 0 0 0 0 0 0 0 0 11 0 0 0 0 0 11 11 0 13 12 10 0 0 7 0 3 0 0 25 0 21 12 9 0 8 6 12 0 0 0 0 0 0 0 0 0 0 0 0 0 0 0 0 12 1 0 0 0 0 0 0 0 25 0 0 0 0 0 4 0 0 0 0 0 0 0 0 2 0 0 0 0 0 0 0 0 0 0 0 0 0 0 0 1 0 14 28 0 13 6 9 13 10 1 19 19 12 0 35 0 10 17 13 1 0 0 0 0 0 0 0 0 0 0 0 0 0 0 0 0 0 0 0 0 0 0 0 9 0 0 0 0 0 0 0 0 0 0 0 0 0 0 0 0 0 0 0 0 0 0 0 0 0 0 0 0 0 0 0 3 0 2 119 37 3 0 0 0 0 0 0 0 0 0 0 0 1 0 0 0 0 0 14 0 0 0 13 0 0 0 0 0 0 0 0 
 0 0 0 0 0 145 0 0 0 0 0 0 0 0 0 0 0 0 0 0 29 202 103 48 70 97 98 342 68 375 250 345 32 37 161 0 63 193 66 63 1 0 0 0 0 0 30 0 0 3 0 2 0 0 0 3 3 0 63 0 0 0 0 0 3 0 0 0 0 0 53 0 3 0 0 3 0 0 0 0 0 0 0 0 0 0 9 0 0 0 0 0 0 0 0 0 0 0 0 0 1 0 0 0 0 0 0 32 8 2 22 13 10 0 29 20 11 12 0 13 9 0 0 0 0 0 11 7 0 0 0 0 12 0 0 0 0 0 12 1 0 0 0 0 0 0 5 0 0 2 0 0 0 0 0 0 0 0 0 0 0 0 0 0 0 0 0 0 0 0 0 0 0 0 0 4 2 0 0 0 12 0 30 26 21 14 0 0 27 11 29 17 10 9 31 0 14 17 0 0 0 13 12 0 0 0 0 0 0 0 0 0 0 2 0 0 0 0 22 0 0 0 0 0 0 0 0 0 0 0 0 0 0 0 0 0 0 0 0 0 0 0 0 0 0 0 0 0 0 0 0 0 0 0 5 0 0 77 85 0 2 12 0 0 0 0 0 0 0 0 0 0 0 0 0 0 0 0 0 9 0 37 0 0 0 11 0 0 0 0 
 2 0 0 1 0 0 0 3 3 0 0 0 0 0 2 0 0 4 1 0 71 69 200 69 390 288 42 120 125 470 179 95 30 114 28 63 0 207 36 28 63 0 0 0 0 0 61 0 0 5 0 2 0 0 0 2 3 0 0 0 0 0 0 0 3 0 25 0 0 0 0 0 3 0 0 3 0 0 0 14 0 0 0 0 17 0 0 0 0 0 0 0 0 0 0 0 0 0 0 0 0 15 12 0 18 11 30 11 6 39 51 30 1 6 12 1 21 30 13 19 52 0 0 0 0 0 23 0 0 0 0 0 0 15 0 0 0 0 0 13 0 6 0 0 7 0 0 0 0 0 0 0 0 0 5 0 0 0 0 2 0 0 0 0 10 0 0 0 0 7 0 24 0 0 0 0 6 0 0 0 25 1 7 23 23 43 1 6 0 0 10 9 25 29 12 33 6 13 7 12 22 0 0 0 0 0 30 13 0 0 0 0 6 3 8 0 1 0 13 24 0 0 0 0 0 0 0 0 0 0 0 0 0 0 0 0 0 0 0 0 0 0 1 0 0 0 0 0 0 0 0 0 0 0 6 0 2 3 2 1 1 1 0 0 0 0 0 0 0 0 0 0 0 0 0 0 0 0 0 0 0 0 0 0 0 1 0 0 0 0 
 0 0 0 0 0 0 4 0 0 0 3 0 0 0 0 0 0 0 0 0 326 131 187 117 107 91 133 23 43 37 264 302 58 31 81 193 207 0 114 166 4 0 1 0 0 0 115 0 0 3 0 2 64 0 0 3 3 63 1 0 0 0 0 0 3 0 2 0 0 0 0 0 3 0 2 3 0 0 0 2 0 1 0 9 0 0 0 0 0 0 0 0 0 0 0 0 0 0 0 1 10 0 12 0 9 12 11 10 9 0 51 34 0 1 21 14 0 0 0 0 6 21 18 0 0 0 0 4 9 0 0 0 17 31 9 0 0 0 0 20 0 0 0 0 0 0 11 0 12 3 0 0 0 0 0 0 0 0 0 0 11 0 0 2 0 0 0 0 0 0 0 0 3 0 20 0 0 0 0 0 18 0 23 11 16 63 0 0 33 9 0 44 12 12 0 0 0 10 7 0 23 1 18 0 0 0 15 11 0 0 0 0 29 10 6 0 7 0 30 10 0 0 0 0 0 0 0 0 0 0 0 0 0 0 0 0 0 0 0 0 0 0 0 0 0 0 0 0 0 0 0 0 0 0 8 0 0 0 0 0 12 9 0 0 0 0 0 0 0 0 0 0 0 0 0 0 0 0 0 0 0 0 0 0 0 0 0 0 0 0 
 79 74 76 0 74 117 2 0 0 0 155 74 0 84 1 74 0 236 0 1 137 130 329 121 496 48 139 140 386 143 28 469 98 422 161 66 36 114 0 258 3 1 0 0 96 0 0 0 0 3 0 2 0 0 0 2 4 0 0 1 0 0 0 0 3 0 36 0 0 0 0 0 3 0 0 3 0 57 0 0 0 0 16 0 15 25 0 0 0 13 11 0 14 0 12 0 1 11 0 1 0 49 31 0 7 0 22 22 28 20 0 0 18 29 2 10 0 4 5 4 0 0 0 0 0 0 13 0 0 0 0 0 0 0 0 0 0 0 0 0 0 0 0 0 0 0 0 0 0 0 1 0 0 3 0 0 1 0 0 0 0 0 14 0 0 12 1 0 0 0 18 0 3 0 0 0 0 0 0 0 0 26 0 1 0 0 9 1 20 11 2 0 0 33 10 21 0 0 12 36 0 0 0 0 0 0 0 0 0 0 0 0 0 0 1 0 0 0 0 0 0 0 0 0 11 0 0 0 0 0 0 1 0 0 0 0 0 0 0 0 0 0 0 0 0 0 0 0 0 0 0 0 0 0 5 1 0 0 0 1 4 2 0 0 0 0 0 0 0 0 0 0 0 0 0 0 0 0 0 0 0 2 0 1 0 0 0 0 0 0 
 4 2 150 75 80 2 2 2 2 2 2 77 2 2 2 2 30 62 3 2 298 36 133 76 347 278 481 53 364 365 204 37 134 154 112 63 28 166 258 0 3 0 0 0 0 72 0 0 0 3 0 2 0 0 0 3 3 0 0 0 0 0 0 0 3 0 1 0 0 0 0 0 3 0 0 3 0 0 0 1 0 0 9 0 16 1 0 0 0 16 0 12 0 0 12 0 0 24 0 0 21 15 38 0 10 0 26 12 3 3 42 1 4 44 64 26 29 10 0 0 2 0 0 0 0 0 0 0 0 0 0 1 2 0 0 0 0 0 0 10 0 0 0 0 0 0 0 0 0 0 0 0 2 3 0 0 2 0 0 0 0 0 0 16 0 20 0 0 18 35 0 0 5 1 0 0 19 7 0 0 36 0 8 68 0 12 16 0 23 19 0 1 30 29 3 2 22 12 1 28 0 0 1 0 1 0 0 0 0 0 0 0 0 0 0 0 2 0 0 9 2 1 0 0 0 0 0 0 0 0 0 0 0 0 0 0 0 5 0 0 0 13 2 0 0 1 79 0 0 0 0 0 0 0 6 2 2 0 0 0 25 1 11 0 0 0 0 0 0 0 0 0 0 0 0 0 0 0 0 0 0 0 0 0 0 0 0 0 0 0 
 4 5 5 3 3 3 10 3 5 5 5 6 4 4 3 3 4 4 6 5 2 5 1 2 57 19 2 0 2 1 2 2 3 0 9 1 63 4 3 3 0 103 108 121 265 38 79 236 175 39 113 49 55 107 191 107 40 49 70 126 0 5 0 0 0 0 50 0 0 2 10 0 0 0 1 2 3 1 0 0 3 0 0 0 0 0 0 0 0 0 0 0 0 0 0 0 0 0 0 0 0 0 0 0 1 9 0 0 0 0 0 0 0 0 0 7 0 0 0 0 7 12 14 26 0 8 0 8 9 7 8 30 2 20 1 0 0 11 0 26 0 0 0 0 0 0 2 0 0 0 0 0 0 0 0 0 0 0 0 0 0 0 0 0 0 0 0 0 0 0 0 0 0 0 5 0 0 0 0 0 5 0 0 0 1 17 0 0 0 25 0 0 0 0 0 0 0 0 0 0 17 1 9 0 0 0 28 0 12 10 11 10 20 0 12 31 1 9 0 17 8 0 0 0 0 1 0 0 0 0 0 0 4 0 0 0 0 0 0 0 0 0 0 0 0 0 0 0 0 2 0 5 0 0 1 0 0 2 0 0 0 0 0 0 0 0 4 0 1 0 0 0 0 0 2 0 0 0 0 0 0 0 0 0 11 16 0 0 1 0 
 0 0 0 0 0 1 0 3 0 0 2 0 0 0 0 0 0 0 0 1 0 0 0 0 0 0 0 0 0 0 0 0 0 0 0 0 0 0 1 0 103 0 89 116 48 36 121 262 125 129 312 26 87 129 189 181 133 93 46 46 0 0 0 0 0 0 11 0 0 0 0 0 0 0 0 0 0 0 1 54 0 0 0 0 0 0 0 0 0 0 0 0 0 0 0 0 0 0 0 0 0 0 0 0 0 0 9 0 0 0 0 0 0 0 0 0 0 0 0 0 9 10 0 15 11 20 17 11 30 0 41 31 0 0 0 44 25 9 0 13 0 0 28 0 0 5 16 0 0 0 0 1 6 9 8 0 11 0 21 0 0 0 0 9 0 0 0 0 0 0 0 0 0 0 13 0 0 0 0 0 0 0 0 0 0 0 0 0 0 0 0 0 0 0 0 0 0 0 0 0 0 18 0 23 9 9 0 17 13 71 0 24 8 0 0 0 2 11 0 0 27 0 0 0 0 0 39 28 4 0 13 0 23 0 21 0 0 0 32 21 0 0 0 0 0 0 0 0 0 0 0 7 0 0 0 0 0 0 0 0 0 0 0 0 66 1 2 67 2 0 0 0 0 0 0 0 0 0 0 0 0 0 11 0 0 15 0 0 1 0 
 0 0 0 0 0 1 0 0 0 0 2 0 0 0 0 0 0 2 0 0 3 33 1 8 63 0 1 0 0 4 0 0 0 0 0 0 0 1 0 0 108 89 0 221 57 244 132 104 151 87 342 73 108 70 259 125 70 248 146 176 0 0 0 0 0 0 0 85 0 0 0 0 0 0 5 0 0 0 0 0 0 0 0 0 0 0 0 0 0 0 0 0 0 0 0 0 0 0 0 0 0 0 9 1 4 1 0 0 0 0 4 0 0 0 0 0 3 0 0 0 0 7 1 23 0 11 0 0 1 15 8 22 0 0 12 8 0 14 1 11 0 0 0 0 0 0 13 0 25 0 0 0 10 0 0 0 0 14 0 0 0 0 0 0 0 0 0 0 0 0 0 0 0 0 0 0 0 0 0 6 4 0 4 0 0 0 0 0 0 0 1 9 6 14 0 1 1 3 0 0 2 4 7 26 0 7 47 21 0 0 21 0 11 22 9 0 44 20 10 1 7 0 0 0 0 0 0 0 0 0 0 0 0 14 0 0 0 0 0 7 0 0 0 0 0 0 0 0 0 0 0 11 0 1 0 0 0 0 1 0 0 0 2 31 0 10 1 1 0 0 0 0 0 0 0 0 0 0 0 0 0 0 0 0 27 0 0 0 2 0 
 0 0 0 0 0 0 0 0 0 0 3 0 0 0 0 0 0 0 0 2 0 0 0 2 0 0 0 0 0 206 0 0 1 3 0 0 0 0 0 0 121 116 221 0 130 64 106 49 178 415 158 111 266 179 386 123 44 147 168 165 0 0 0 0 2 1 0 0 0 0 4 0 2 0 22 0 0 0 53 0 0 0 0 0 0 0 0 0 0 9 0 0 0 0 0 0 0 0 0 0 0 0 0 0 0 0 0 0 0 0 0 0 0 0 0 0 0 0 0 0 1 23 0 17 7 0 7 0 16 0 11 19 0 0 0 29 0 55 0 22 0 0 0 0 0 0 0 0 0 12 0 5 0 0 0 0 0 0 0 10 0 0 0 0 0 0 0 0 0 0 0 0 0 0 21 0 0 0 0 0 0 0 0 0 0 0 0 0 0 0 0 0 1 0 0 0 0 8 0 0 0 30 2 12 0 0 10 61 0 15 0 26 19 0 11 9 12 0 0 19 1 13 0 19 0 0 21 0 0 0 0 0 1 14 0 0 21 0 0 0 0 0 0 0 0 0 0 0 0 0 0 8 0 1 0 0 0 0 0 2 0 13 65 2 0 3 0 68 0 0 19 0 0 0 0 0 0 0 0 0 0 0 0 0 34 2 0 0 2 0 
 3 0 0 0 0 0 0 0 0 0 0 0 0 0 0 0 62 0 0 3 5 0 3 0 0 4 0 0 0 3 1 8 0 2 0 0 0 0 96 0 265 48 57 130 0 68 53 355 143 478 82 46 66 297 96 76 62 488 70 55 51 52 5 0 0 0 0 0 0 0 0 4 0 0 0 0 0 0 52 52 0 0 0 0 0 1 0 0 0 0 0 0 0 0 0 0 0 0 0 0 0 0 6 6 4 0 0 0 0 0 5 0 0 0 0 0 0 0 0 0 9 0 2 14 0 57 0 11 21 0 58 9 0 0 0 11 21 0 0 0 0 0 0 20 0 26 6 10 1 2 0 0 9 0 6 14 0 10 5 16 0 0 0 0 0 0 0 0 0 0 0 0 0 0 0 0 0 0 5 0 0 0 0 0 0 0 0 10 0 6 0 0 0 0 0 21 0 0 0 0 0 18 1 9 0 8 0 0 14 27 19 1 0 0 0 0 0 11 0 5 21 15 15 0 0 0 19 24 0 0 0 11 0 11 42 0 0 1 43 38 0 0 4 0 0 0 0 0 0 0 0 7 0 2 0 0 0 0 0 0 0 22 1 1 66 14 2 0 0 0 0 0 0 0 0 0 0 0 0 0 0 1 0 0 0 0 0 0 0 0 
 0 0 0 0 0 0 0 0 0 0 0 0 0 0 0 0 0 2 0 0 0 0 0 0 0 0 0 0 0 2 0 3 1 0 2 0 0 0 0 72 38 36 244 64 68 0 96 43 35 55 107 281 34 45 54 274 85 60 57 265 0 20 0 1 0 0 25 76 0 2 0 0 5 60 26 1 1 0 49 0 2 0 0 0 0 0 0 0 0 0 0 0 0 0 0 0 0 0 0 0 0 0 0 0 0 0 0 0 0 0 0 0 0 0 0 4 0 0 0 0 0 0 3 0 21 0 0 0 0 0 1 0 0 0 0 0 0 0 0 0 44 0 1 0 0 3 20 15 10 17 0 23 17 17 4 1 17 16 9 0 0 0 0 0 0 0 0 0 0 0 0 0 0 14 0 0 0 0 0 0 0 0 0 0 0 0 0 0 0 0 0 0 0 0 0 0 0 0 0 0 0 0 20 0 6 22 0 0 0 0 0 9 0 0 0 0 0 0 0 0 0 12 9 20 27 0 1 7 0 0 0 14 18 15 1 30 11 18 0 9 0 0 0 0 0 0 0 0 0 0 0 7 0 0 0 0 0 0 0 0 0 0 63 0 0 6 0 0 0 0 11 0 0 0 0 0 0 0 0 0 0 0 0 0 0 0 0 1 1 6 
 0 0 0 63 0 0 0 0 0 0 0 0 0 0 0 0 0 0 0 0 0 0 97 0 210 48 0 0 0 23 54 63 2 0 0 30 61 115 0 0 79 121 132 106 53 96 0 93 57 35 31 23 154 291 30 51 38 39 452 58 1 0 0 2 0 0 7 6 3 3 0 4 0 0 2 0 0 0 1 1 0 0 0 0 0 0 0 0 0 0 0 0 0 0 0 0 0 0 0 0 0 0 0 0 21 14 0 0 0 0 11 41 0 0 0 0 0 0 0 0 0 16 9 0 0 0 9 23 0 0 0 0 32 35 42 0 32 0 1 6 0 5 10 0 0 0 16 1 5 4 0 0 7 11 6 0 6 6 0 2 0 0 0 0 0 0 0 0 0 0 0 0 0 0 0 1 0 0 0 0 1 0 4 14 18 10 0 0 0 0 1 25 0 0 0 0 0 0 0 0 8 10 30 0 0 0 0 0 10 0 0 20 10 11 18 9 0 0 19 2 10 0 3 0 0 0 2 13 30 42 17 0 6 0 0 0 0 0 0 6 0 0 0 0 0 0 0 0 0 33 0 7 0 2 0 0 0 0 0 10 0 4 0 0 0 2 23 0 0 0 0 0 0 0 0 0 0 0 0 0 0 0 0 0 0 0 14 0 1 0 
 0 0 0 0 0 0 0 0 0 0 0 0 1 3 0 0 0 0 0 0 0 0 0 0 8 0 0 0 0 0 0 0 0 4 0 0 0 0 0 0 236 262 104 49 355 43 93 0 115 87 17 17 81 143 134 30 109 35 75 161 0 0 0 0 0 0 0 7 0 0 0 0 4 0 0 2 0 0 0 0 0 0 0 0 0 0 0 0 0 0 0 0 0 8 0 0 0 0 0 0 0 0 0 0 0 9 0 0 0 0 0 11 0 0 0 0 0 0 0 0 9 6 30 13 8 12 0 10 10 27 6 2 9 10 12 0 7 1 0 13 0 0 0 0 0 0 0 0 0 0 0 0 0 0 0 2 0 2 6 0 0 0 0 0 0 0 0 0 0 0 0 0 0 0 0 0 0 0 0 0 0 0 0 16 0 8 0 0 0 0 0 0 0 0 0 0 0 0 0 0 8 0 61 0 24 58 10 0 16 9 31 20 1 10 11 20 11 30 0 11 13 0 0 0 0 0 7 1 0 0 0 0 9 0 0 0 0 0 2 9 0 0 0 0 0 0 0 0 0 0 0 0 0 0 0 0 0 0 0 0 0 0 0 0 1 0 0 1 0 0 0 0 0 0 0 0 0 0 0 0 0 0 12 0 18 14 0 0 2 0 
 3 41 3 3 3 3 3 2 3 3 2 2 3 3 7 3 3 3 3 3 0 1 0 0 1 0 0 0 0 0 0 0 1 0 0 0 0 0 0 0 175 125 151 178 143 35 57 115 0 84 68 258 381 241 124 180 96 384 135 167 0 0 0 37 0 0 0 0 0 0 0 1 0 0 14 0 0 0 0 0 0 0 0 0 0 0 0 0 0 0 0 0 0 0 0 0 0 0 0 0 0 0 0 0 0 23 0 0 0 0 0 0 0 0 16 0 0 0 0 0 0 0 18 11 0 11 0 18 1 13 10 4 0 0 0 7 9 33 0 16 0 0 0 0 0 0 0 0 18 13 0 0 0 0 0 2 0 1 3 13 0 0 0 0 0 0 0 0 0 0 0 0 0 0 7 0 0 0 0 0 0 0 0 0 0 0 0 0 0 0 0 0 0 0 0 0 0 0 0 0 0 21 27 0 0 0 9 0 7 17 0 16 15 0 0 10 0 7 0 19 4 3 2 0 0 0 1 0 1 0 0 0 0 0 0 0 0 0 14 31 0 0 0 0 0 0 0 0 0 0 0 11 0 0 0 0 0 0 0 1 0 0 0 0 0 0 0 0 0 0 0 0 0 0 0 0 0 0 0 0 0 0 0 0 8 16 0 0 2 0 
 0 0 0 0 0 0 0 0 0 0 0 0 0 0 0 0 0 6 0 0 3 3 3 3 3 3 9 3 3 3 3 3 3 3 3 3 5 3 3 3 39 129 87 415 478 55 35 87 84 0 86 41 127 157 323 100 52 331 68 58 0 0 2 0 0 0 0 2 0 2 0 0 2 1 0 0 0 0 0 24 0 0 0 0 0 0 0 0 0 0 0 0 0 13 0 0 0 17 0 0 0 0 0 0 0 0 0 0 0 0 0 0 0 0 0 0 0 13 0 0 6 4 18 1 6 21 16 11 23 8 25 0 0 0 0 12 28 12 0 3 0 0 0 0 0 0 0 1 0 9 0 0 0 0 0 0 0 0 4 13 0 0 0 17 0 11 0 0 0 0 0 12 0 0 1 0 0 0 0 0 0 0 0 0 0 0 0 0 0 0 0 0 0 0 0 0 0 0 0 0 0 15 14 5 19 9 0 3 27 33 0 7 25 0 2 12 0 25 0 1 12 2 1 0 0 0 21 9 1 0 0 0 1 0 0 0 0 0 22 81 0 0 0 0 0 0 0 0 0 0 0 21 0 1 0 0 0 0 0 3 0 1 0 0 65 3 0 0 0 0 0 14 0 0 0 0 0 0 0 0 0 4 0 0 0 0 0 0 2 0 
 0 0 0 0 0 0 0 0 3 0 6 0 0 0 0 0 2 0 2 0 0 0 0 0 0 2 0 0 0 0 0 2 1 1 2 0 0 0 0 0 113 312 342 158 82 107 31 17 68 86 0 98 107 132 71 132 209 337 32 100 2 0 0 0 0 0 54 1 0 0 0 0 1 0 18 0 0 0 53 0 0 0 0 0 0 0 0 0 0 0 0 0 0 0 0 0 0 0 0 0 0 0 0 0 0 11 0 0 0 0 0 0 0 0 0 0 0 0 0 0 0 9 17 0 21 0 0 22 1 11 10 0 0 0 0 12 0 11 0 5 0 0 0 0 0 0 0 0 0 0 0 6 0 0 0 0 0 0 21 0 0 0 0 0 0 0 0 0 0 0 0 0 0 0 4 0 0 0 0 0 0 0 0 0 0 0 0 0 0 0 0 0 0 0 0 0 0 0 0 0 0 0 0 30 2 0 34 6 0 9 1 52 9 0 13 0 5 0 0 0 0 13 0 23 0 0 1 24 0 0 0 0 3 29 0 0 10 0 26 0 0 0 0 0 0 0 0 0 0 0 0 15 0 0 0 0 0 0 0 7 0 0 67 0 64 2 1 63 2 0 19 0 0 0 0 0 0 0 0 0 0 0 0 0 0 0 0 0 1 0 
 2 3 2 2 2 4 2 6 2 2 5 3 2 2 3 2 2 2 3 2 2 5 2 2 3 2 2 2 2 2 2 70 6 3 2 2 2 2 2 2 49 26 73 111 46 281 23 17 258 41 98 0 239 42 231 255 365 91 32 42 49 6 1 11 6 6 0 55 35 0 0 1 0 3 25 0 6 0 49 71 0 0 0 0 0 0 0 0 0 0 0 0 1 0 0 0 0 0 0 0 0 0 0 0 0 0 0 0 0 0 0 0 0 0 0 0 0 0 0 0 0 0 0 18 6 33 0 0 0 0 0 0 0 0 0 0 0 1 0 0 15 6 0 27 8 5 20 0 0 0 0 8 32 10 6 11 11 13 0 0 0 0 0 0 0 0 0 2 0 0 0 0 0 0 0 0 0 0 0 5 0 0 0 0 0 0 0 0 0 0 5 0 0 9 0 0 0 11 0 0 0 0 0 18 5 20 0 0 0 0 13 9 0 0 0 0 10 7 0 0 31 39 10 16 6 0 0 3 11 0 10 1 4 32 4 26 18 15 0 23 0 0 0 0 0 0 0 0 0 0 0 5 0 2 0 0 0 0 0 0 0 1 65 1 0 11 6 0 2 0 17 0 0 0 0 0 0 0 0 0 0 0 0 0 0 0 0 1 0 0 
 2 1 2 71 3 3 2 1 2 3 1 1 3 2 1 2 2 3 3 3 0 23 63 0 6 2 0 0 55 0 0 62 0 0 0 0 0 64 0 0 55 87 108 266 66 34 154 81 381 127 107 239 0 77 177 136 29 244 76 130 0 0 0 0 0 0 2 8 2 0 0 3 0 0 0 0 0 3 0 0 0 0 0 0 0 0 0 0 0 0 0 0 0 0 0 0 0 0 0 0 0 10 8 8 20 8 0 0 0 0 0 6 1 0 0 0 9 0 0 3 0 30 0 0 0 0 8 1 16 22 0 1 23 54 7 14 0 8 40 58 0 0 0 0 0 0 0 0 0 1 1 0 0 0 0 0 0 2 0 0 0 0 0 0 0 0 0 0 0 0 0 0 0 0 21 0 0 0 0 0 0 0 0 10 10 0 0 0 0 0 14 47 0 0 0 0 0 0 0 0 16 0 0 0 0 0 10 34 0 15 9 15 17 19 15 0 17 9 0 0 0 0 0 0 0 19 21 14 0 0 0 0 0 0 0 0 0 0 0 0 0 0 0 0 0 0 0 0 0 0 0 13 0 0 0 0 0 0 0 0 0 0 0 0 0 0 0 0 2 0 0 0 0 0 0 3 0 0 0 0 0 0 0 0 12 0 1 0 1 0 
 3 3 3 3 24 3 3 3 3 3 3 3 3 3 3 3 4 3 3 3 0 3 1 0 84 29 0 0 0 52 0 0 6 0 4 0 0 0 0 0 107 129 70 179 297 45 291 143 241 157 132 42 77 0 372 106 284 509 106 157 0 0 0 0 0 3 3 204 0 5 0 1 4 0 0 0 0 0 0 0 0 0 0 0 0 0 0 0 0 0 0 0 0 0 0 0 0 0 0 0 0 0 0 0 0 0 0 0 0 0 1 0 0 0 0 0 0 0 0 0 0 28 8 6 8 0 7 0 52 0 0 11 0 20 0 34 0 38 0 28 9 0 0 0 0 0 4 0 0 0 0 0 0 0 0 4 0 0 9 0 0 0 0 0 0 0 0 0 0 0 7 0 0 0 6 0 0 0 0 0 13 0 1 0 0 19 0 0 0 0 0 1 0 0 0 0 0 0 0 0 9 13 8 0 21 0 20 16 0 17 2 13 25 0 2 2 0 7 0 8 0 0 0 0 0 0 25 0 0 0 0 0 7 0 0 0 0 0 0 0 0 0 0 0 0 0 0 0 0 0 0 9 0 0 0 0 0 0 0 2 0 1 2 0 0 0 0 130 1 0 0 0 0 0 0 0 0 0 0 0 0 0 0 0 57 0 0 0 0 0 
 0 0 0 0 0 0 0 0 0 0 1 0 0 3 0 0 0 0 0 0 0 0 0 0 64 69 1 0 0 0 0 0 1 0 0 0 0 0 0 0 191 189 259 386 96 54 30 134 124 323 71 231 177 372 0 92 95 468 217 190 0 0 0 0 0 0 1 0 1 0 0 0 0 0 0 0 0 0 0 0 0 0 0 0 0 0 0 0 0 0 0 0 0 0 0 0 0 0 0 0 0 0 0 0 0 0 0 14 0 0 0 0 0 0 0 0 0 0 0 0 0 22 9 11 9 0 8 0 10 0 0 15 0 10 26 19 1 22 0 12 0 0 2 0 0 0 10 0 0 0 0 0 6 8 16 0 10 1 18 0 0 0 0 0 0 0 0 0 12 0 0 0 0 0 1 0 0 0 0 0 0 0 0 0 0 1 0 0 0 0 0 0 0 0 0 0 0 0 0 0 1 11 20 5 16 4 12 8 1 12 4 16 22 1 6 16 0 8 0 47 6 0 0 0 0 1 23 0 1 0 8 0 30 0 0 0 0 0 4 0 0 0 0 0 0 0 1 0 0 0 0 17 0 2 0 0 0 0 0 2 0 0 0 2 0 2 0 1 2 0 0 0 0 11 0 0 0 0 0 0 0 0 7 0 13 0 0 0 0 0 
 2 2 2 3 3 3 2 2 2 3 3 2 3 2 3 2 2 9 3 3 2 5 3 2 3 3 7 3 3 3 3 4 4 3 7 3 2 3 2 3 107 181 125 123 76 274 51 30 180 100 132 255 136 106 92 0 172 547 50 102 0 0 4 0 0 0 54 1 0 0 1 3 1 2 5 0 0 4 1 2 0 0 0 0 0 0 0 0 0 0 0 0 0 0 0 0 0 0 0 0 0 0 0 0 0 20 0 0 0 0 0 0 0 0 0 0 0 0 0 0 0 13 22 1 13 15 0 36 0 44 26 1 0 0 0 7 13 18 0 22 0 0 0 0 0 0 0 0 0 0 0 0 0 0 0 0 0 0 28 3 0 0 0 7 0 0 0 0 0 0 0 0 0 0 15 0 0 0 0 0 0 0 0 0 0 0 0 0 0 0 0 0 0 0 0 0 0 0 0 0 0 14 0 25 2 0 18 8 10 24 2 43 18 0 11 0 14 0 0 0 0 0 24 0 0 0 0 29 0 0 0 0 2 11 0 0 0 0 53 10 0 0 0 0 0 0 0 0 0 0 0 12 0 0 2 0 0 0 0 1 0 0 1 0 64 3 2 68 2 0 1 0 0 0 0 0 0 0 0 0 0 0 0 0 0 2 0 0 2 0 
 2 2 2 2 2 2 2 3 3 2 7 2 2 2 2 2 2 2 2 2 3 6 3 3 3 3 7 6 3 3 3 6 3 3 7 3 3 3 4 3 40 133 70 44 62 85 38 109 96 52 209 365 29 284 95 172 0 277 36 68 5 6 0 0 6 0 22 5 1 0 0 0 51 2 7 0 6 0 107 63 0 0 0 0 0 0 0 0 0 0 0 0 0 0 0 0 0 0 0 0 0 0 0 0 0 0 0 0 0 0 0 0 0 0 0 0 0 0 0 0 0 1 14 29 42 22 0 0 0 0 0 10 0 0 0 22 0 0 0 0 0 10 0 0 4 11 6 15 0 7 0 9 9 0 0 8 0 0 27 23 0 0 0 0 9 0 0 0 0 0 0 0 0 0 0 0 0 0 0 3 0 0 0 0 0 0 0 0 0 0 18 0 0 0 0 0 0 0 0 0 0 0 0 24 39 10 0 0 0 0 23 28 0 0 0 0 10 1 0 0 20 57 7 0 10 0 35 2 5 0 2 0 36 66 18 7 1 0 1 20 0 0 0 0 0 0 0 0 0 0 0 11 0 0 0 0 0 0 0 2 0 0 62 10 2 49 1 68 0 0 16 0 0 0 0 0 0 0 0 0 0 0 0 0 0 15 0 7 1 0 
 2 3 2 2 2 2 2 3 2 2 3 3 46 2 3 2 2 6 2 2 0 3 0 2 63 0 0 0 0 3 0 5 0 0 2 0 0 63 0 0 49 93 248 147 488 60 39 35 384 331 337 91 244 509 468 547 277 0 76 133 0 0 0 0 0 47 0 0 0 16 0 0 2 0 2 0 0 0 0 0 0 0 0 0 0 0 0 0 0 0 0 0 0 0 0 0 0 0 0 0 0 0 0 0 0 0 0 0 0 0 0 0 0 0 0 0 0 0 0 0 0 18 0 18 0 1 7 35 16 9 9 20 0 0 11 31 0 22 0 30 13 0 0 0 0 0 0 21 0 0 0 0 0 0 0 5 0 12 0 0 9 0 0 0 0 0 0 0 0 0 0 0 0 0 11 0 2 0 0 0 0 0 0 0 0 0 0 0 0 0 0 0 0 0 0 0 0 0 0 0 0 20 21 12 0 1 9 52 5 19 10 31 15 10 11 0 18 16 9 3 1 0 0 0 0 0 21 0 0 0 0 0 0 0 0 0 0 0 0 0 0 0 0 0 0 0 0 0 0 0 0 18 0 2 0 0 0 0 0 0 0 1 1 0 2 3 2 65 3 0 0 0 0 0 0 0 0 0 0 0 0 0 0 0 12 0 0 0 0 0 
 0 0 0 0 0 0 0 0 0 1 0 0 0 1 0 0 0 2 0 0 8 0 12 0 160 97 0 0 0 14 0 63 0 7 3 63 0 1 0 0 70 46 146 168 70 57 452 75 135 68 32 32 76 106 217 50 36 76 0 165 0 0 0 0 0 0 0 0 0 0 0 0 0 0 25 0 1 0 0 0 0 0 0 0 0 0 0 0 0 0 0 0 0 0 0 0 0 0 0 0 0 0 5 3 0 6 0 0 0 0 6 0 0 0 0 0 0 1 0 0 7 9 10 35 0 0 20 0 8 0 0 23 17 39 0 9 10 17 10 12 0 0 0 0 0 0 4 0 0 12 0 0 0 0 0 0 0 0 0 0 0 0 0 0 0 0 0 0 0 0 0 0 0 0 0 4 0 0 0 0 4 0 2 11 11 18 0 4 0 1 2 6 0 6 0 4 0 0 0 0 15 26 13 0 0 0 21 11 17 10 0 0 33 7 15 11 2 0 30 29 0 0 0 5 0 0 0 0 0 0 0 0 0 0 0 0 0 0 0 0 0 0 12 0 0 0 0 0 0 0 0 6 2 0 0 0 0 0 63 9 0 0 0 0 2 0 2 0 0 0 0 0 0 0 0 0 0 0 0 0 0 0 0 0 38 19 0 0 0 0 
 0 0 0 35 1 62 0 0 0 0 0 62 0 0 0 0 0 71 0 2 0 0 0 1 65 62 0 0 0 210 0 62 1 4 2 0 0 0 1 0 126 46 176 165 55 265 58 161 167 58 100 42 130 157 190 102 68 133 165 0 0 0 0 0 0 0 0 0 0 0 0 0 0 0 4 0 0 0 0 0 0 0 0 13 1 12 0 0 13 0 0 0 0 0 0 0 0 0 0 0 0 0 0 0 0 0 0 0 0 0 0 0 9 0 0 0 0 0 9 0 27 18 0 6 0 11 0 0 0 0 16 10 0 19 14 6 0 1 0 12 0 0 0 0 0 0 0 0 0 0 0 0 0 0 0 0 0 0 0 0 0 0 0 5 0 0 0 0 0 0 0 7 0 0 0 0 0 0 0 0 17 0 0 0 0 0 0 0 3 0 0 0 18 0 0 0 9 0 0 0 2 0 11 3 0 0 21 13 11 12 1 0 14 1 22 20 39 12 0 16 28 0 0 0 0 0 0 0 0 0 0 0 0 0 0 0 0 0 0 0 0 0 0 0 0 0 0 0 0 62 0 2 0 0 0 0 0 0 0 0 0 0 0 0 1 2 0 72 0 0 0 0 0 0 0 0 0 0 0 0 0 0 0 0 78 0 0 0 1 0 
 2 2 2 2 2 2 2 2 2 2 2 2 2 2 2 2 3 2 2 2 0 1 0 0 0 0 0 0 0 0 0 0 0 0 0 0 0 0 0 0 0 0 0 0 51 0 1 0 0 0 2 49 0 0 0 0 5 0 0 0 0 156 321 68 39 39 165 121 91 92 60 33 92 119 281 32 43 40 189 114 0 0 0 0 0 0 0 0 0 0 0 0 0 2 0 0 0 0 10 0 0 0 0 0 0 0 0 0 0 0 0 0 0 8 0 0 0 0 0 0 0 0 0 0 11 0 0 1 0 0 0 1 0 0 0 0 0 0 0 4 15 7 1 5 0 7 3 30 18 5 0 7 0 1 0 11 1 8 2 19 0 0 0 10 0 0 0 0 0 0 0 0 0 2 0 0 0 0 0 0 0 0 0 0 0 0 0 0 0 0 0 0 0 0 0 0 0 0 0 0 0 0 0 0 9 0 0 0 0 0 14 1 0 0 0 0 0 0 0 0 0 19 28 0 7 0 28 31 1 10 10 18 16 2 7 22 0 17 4 10 0 0 0 0 0 0 0 0 0 0 0 0 0 0 5 0 0 0 0 0 0 0 0 1 1 0 0 0 0 0 13 0 0 4 0 1 0 0 0 0 0 0 0 0 0 0 0 7 0 5 
