 0 92 225 56 51 48 311 158 342 409 139 33 232 387 346 28 49 52 446 140 5 74 0 79 0 0 0 0 2 0 0 0 0 3 3 2 6 42 0 0 0 0 3 0 53 0 3 0 0 0 0 3 0 0 0 0 0 3 3 3 0 0 0 0 0 0 0 0 0 0 2 0 0 0 0 0 3 0 1 0 6 19 21 0 19 18 47 32 8 0 1 11 10 7 47 0 18 14 24 16 28 0 0 0 0 0 0 0 0 0 0 0 1 0 0 0 0 0 0 0 0 0 0 0 0 0 0 0 0 0 2 0 0 0 0 0 0 0 0 0 0 16 0 0 0 0 0 0 0 0 0 0 0 0 0 0 0 0 0 0 16 13 34 21 0 0 55 14 2 0 24 0 16 2 29 34 0 12 27 0 0 0 0 0 13 0 0 0 0 0 0 0 0 0 0 0 0 2 1 0 0 0 0 0 0 0 0 0 0 0 0 0 0 0 0 0 0 0 0 0 0 0 0 0 0 0 0 0 0 0 0 0 0 0 0 0 0 0 0 0 0 0 0 0 0 1 0 0 0 0 0 23 14 2 0 0 0 0 0 0 0 0 0 0 0 0 2 0 0 0 0 0 0 0 0 0 0 0 0 0 0 0 0 0 0 0 0 0 0 0 
 92 0 278 408 156 130 74 292 482 186 314 34 127 51 58 98 157 119 29 31 6 0 0 5 0 0 0 8 4 6 0 0 1 3 2 6 5 0 0 74 0 3 69 0 6 0 3 0 2 3 2 6 0 4 11 6 3 3 0 5 4 2 0 0 47 0 0 0 42 0 0 2 2 0 4 0 3 4 8 0 0 18 24 41 0 12 20 43 1 19 10 21 18 21 0 45 30 23 0 0 0 0 0 0 0 0 0 0 0 6 0 0 41 2 0 0 0 0 14 34 0 0 0 0 0 0 0 0 0 0 0 0 0 0 0 0 0 0 0 0 0 0 0 0 0 0 0 0 19 0 0 0 0 0 0 5 0 4 0 0 4 46 29 26 0 0 0 31 41 25 12 11 1 0 0 32 16 11 10 3 17 0 1 0 0 0 10 0 1 0 0 0 13 1 11 0 0 0 0 0 0 0 0 0 0 0 0 0 0 0 0 1 0 0 0 0 0 0 0 0 0 0 0 0 0 0 0 0 0 0 0 0 0 0 0 0 0 0 0 0 0 0 0 0 0 0 0 0 1 89 0 15 0 1 2 0 0 0 0 0 0 0 0 0 0 0 0 0 0 0 0 0 0 0 0 20 0 3 0 0 0 0 0 0 0 0 0 0 0 0 
 225 278 0 98 688 202 156 89 320 322 54 257 56 133 132 195 194 133 39 246 80 0 0 1 0 0 0 0 2 0 0 1 0 0 2 0 3 0 0 0 0 2 3 0 0 0 0 0 0 11 0 3 0 0 0 0 0 3 0 3 2 0 0 0 0 0 0 0 0 74 0 0 0 0 0 0 4 0 3 0 6 16 1 6 0 0 0 14 0 0 0 17 0 2 11 7 0 18 19 0 0 0 0 0 0 0 2 13 0 0 0 0 11 0 0 0 0 0 0 0 0 0 0 0 0 0 0 0 0 0 0 0 0 0 0 0 0 0 0 0 0 0 0 0 0 0 0 0 0 0 0 0 0 0 0 0 0 0 0 0 0 13 16 30 21 11 19 0 26 16 23 0 0 0 9 14 14 0 12 1 17 0 0 0 0 0 11 20 14 0 0 0 7 0 40 0 0 0 0 1 0 0 0 0 0 0 0 0 0 0 0 0 0 0 0 0 0 0 0 0 0 0 0 0 0 0 0 0 0 0 0 0 0 0 0 0 0 0 0 0 0 11 0 0 0 2 2 0 0 1 0 11 0 0 0 0 0 0 0 0 0 0 0 0 0 0 0 0 0 0 0 0 0 0 0 5 1 0 0 0 0 0 0 0 0 0 1 0 0 0 
 56 408 98 0 365 235 293 103 115 191 143 444 48 55 55 49 192 211 101 278 3 0 0 0 0 0 0 77 2 0 0 0 0 80 1 0 3 3 47 2 0 0 3 0 0 0 0 0 0 0 0 2 0 0 61 0 0 3 0 3 3 0 0 0 0 0 0 0 60 0 0 0 0 0 0 0 3 0 3 0 13 0 3 49 0 33 11 10 1 20 0 9 24 1 25 18 15 14 0 0 7 0 1 0 0 0 0 1 9 14 0 0 15 0 10 23 10 0 11 10 0 0 0 0 0 0 0 0 0 0 0 0 0 0 0 0 0 0 0 0 0 0 0 0 0 0 0 0 0 7 0 0 0 0 0 1 0 1 0 0 1 34 19 14 17 0 0 32 9 26 1 45 0 0 0 1 12 25 0 47 31 9 41 0 0 0 35 2 15 0 0 0 0 11 20 0 1 1 0 0 0 0 0 0 0 0 0 0 0 0 0 1 0 0 0 0 0 0 0 0 0 0 0 0 0 0 0 0 0 0 0 0 0 0 0 0 0 0 0 0 0 0 0 0 0 4 6 0 3 14 0 6 0 2 0 0 0 0 0 0 15 0 0 0 0 0 0 0 0 0 0 0 0 0 0 13 13 0 0 0 0 0 0 0 0 0 0 0 0 0 
 51 156 688 365 0 111 41 51 203 98 184 209 268 76 99 221 163 255 75 71 5 2 0 3 0 0 153 76 4 2 1 0 76 1 2 0 3 4 75 54 0 0 5 0 0 0 0 0 0 11 0 3 0 0 0 0 0 3 0 3 6 0 0 0 0 0 0 0 0 42 0 65 0 0 29 0 3 8 2 0 0 11 10 40 0 0 0 2 0 0 21 18 2 65 1 11 0 39 0 0 10 2 0 0 0 0 10 9 14 15 0 0 51 12 22 11 20 15 0 15 0 0 0 0 0 0 0 0 2 0 1 0 0 0 0 0 0 0 0 0 0 1 0 0 2 0 0 0 0 6 0 0 0 0 2 0 0 2 0 0 0 0 5 8 15 3 0 0 1 1 11 8 0 2 0 0 0 0 6 0 1 15 18 0 0 0 15 13 30 0 0 0 25 0 36 0 0 19 2 3 0 0 0 0 0 0 0 0 0 0 0 0 0 0 0 0 0 0 0 0 0 0 0 0 0 0 0 0 0 0 0 0 0 0 0 0 0 0 0 0 0 12 0 0 0 0 143 2 2 3 0 24 4 0 0 0 0 0 0 0 0 0 7 0 0 0 1 0 0 0 0 0 0 0 0 0 0 0 0 0 0 0 0 0 0 0 15 0 0 0 
 48 130 202 235 111 0 43 330 218 187 200 243 21 51 271 248 152 100 58 54 5 0 0 35 0 3 73 26 80 1 1 4 76 78 1 1 5 0 234 0 0 2 3 3 6 6 3 3 0 2 0 2 0 0 65 66 2 6 2 3 3 0 0 0 4 0 0 0 0 32 4 0 0 0 0 2 5 0 3 2 11 19 0 0 2 1 5 15 17 13 8 44 0 49 0 3 9 57 0 0 0 1 0 0 0 0 12 10 0 19 0 0 11 1 37 0 0 0 35 12 2 0 0 0 0 0 0 0 0 0 0 0 0 0 0 0 0 0 0 0 0 0 0 0 1 0 0 0 0 0 0 0 0 15 0 0 0 1 0 0 31 19 1 27 31 3 0 7 23 0 8 1 0 15 22 1 1 12 1 0 18 13 11 43 0 0 14 14 10 0 0 0 0 9 30 0 0 0 0 0 7 0 0 0 0 0 0 0 0 0 0 0 0 0 0 0 0 0 0 0 0 0 0 0 0 0 0 0 0 0 0 0 0 1 0 0 0 0 0 0 0 10 0 0 0 0 87 0 1 86 20 8 0 0 0 0 0 0 0 0 1 0 0 0 0 0 0 0 0 16 0 0 0 0 0 0 0 10 0 0 0 0 0 0 0 1 0 0 0 0 
 311 74 156 293 41 43 0 513 72 88 38 53 168 291 92 47 32 23 229 23 4 0 0 0 0 0 0 0 2 0 0 2 0 0 1 100 3 0 0 0 0 0 3 0 0 0 0 0 0 0 0 2 0 0 0 0 0 3 27 3 3 0 0 0 0 0 0 0 51 0 1 0 0 0 0 0 3 0 3 0 19 13 31 0 34 16 0 46 48 16 16 18 15 19 17 0 32 0 15 25 1 0 0 0 0 0 0 0 0 0 0 0 0 0 0 0 0 0 0 0 0 0 0 0 0 0 0 0 0 0 0 0 0 0 0 2 0 0 0 0 0 0 0 0 0 0 1 0 0 2 0 6 0 0 0 0 0 0 0 0 37 20 21 0 9 10 12 20 16 13 43 7 0 0 20 25 0 30 15 5 2 0 0 0 0 0 0 0 0 0 0 0 10 0 0 0 0 0 9 0 0 0 0 0 0 0 0 0 0 0 0 0 0 0 0 0 0 0 0 0 0 0 0 1 0 0 0 0 0 0 10 2 0 0 0 0 0 0 0 0 0 0 0 0 0 0 0 0 3 0 0 41 30 0 0 0 0 0 0 0 0 0 0 0 0 0 0 0 0 0 0 0 0 0 0 0 0 0 0 0 0 0 0 0 0 0 0 0 0 0 
 158 292 89 103 51 330 513 0 251 201 246 223 168 88 155 70 31 290 58 32 3 0 0 0 0 0 4 0 2 0 0 0 4 0 1 2 3 0 2 79 0 1 3 0 32 0 0 0 0 0 0 1 2 0 0 0 0 3 5 3 3 0 0 0 0 0 0 4 0 0 0 0 0 0 0 0 3 0 29 0 14 28 42 10 20 1 14 44 19 42 11 19 0 46 15 47 17 10 10 0 0 0 0 0 0 0 0 2 0 0 0 0 20 0 1 0 1 0 17 23 12 0 0 0 0 0 3 2 0 2 0 0 1 2 0 0 0 0 0 1 0 0 4 3 0 0 0 0 1 2 0 0 0 0 0 4 1 4 0 0 55 0 0 0 0 17 34 23 34 21 5 12 2 0 15 37 13 1 0 10 20 0 0 0 0 0 0 0 0 0 2 0 21 0 0 0 0 0 0 0 0 1 6 0 0 0 0 3 0 1 0 0 0 0 0 0 0 0 0 0 0 0 0 0 0 0 0 0 9 0 0 0 0 0 0 0 0 0 1 0 0 0 0 0 0 1 2 2 92 42 0 5 0 0 0 0 0 0 0 0 0 0 0 0 0 0 0 0 0 0 0 0 0 0 0 19 19 27 0 0 0 0 0 0 0 0 0 0 0 0 
 342 482 320 115 203 218 72 251 0 294 157 257 186 106 315 374 65 472 110 47 80 0 0 5 0 0 0 0 4 0 3 0 0 1 3 0 4 0 0 2 0 0 3 0 0 0 0 0 0 19 3 3 2 0 0 0 1 3 0 3 0 0 0 0 0 0 0 0 0 35 1 0 0 0 2 2 3 0 1 37 11 18 36 22 21 18 25 23 13 0 11 29 0 32 11 27 23 55 14 0 0 0 2 0 2 0 4 0 0 0 0 0 49 0 0 0 0 0 8 0 0 0 0 0 0 0 0 0 0 0 0 0 14 0 0 0 0 0 0 0 0 0 0 15 0 0 0 0 0 0 0 0 0 0 0 0 0 0 0 1 23 1 25 17 3 0 11 19 18 0 23 9 0 14 34 13 11 21 18 0 0 0 0 0 1 0 0 20 0 0 0 0 16 0 50 0 0 0 0 1 0 0 1 0 0 0 0 0 0 0 1 0 1 0 0 0 0 0 0 0 0 0 0 0 0 0 0 0 0 0 0 0 0 0 0 0 0 0 0 0 0 2 0 0 0 1 1 1 4 3 0 7 0 0 0 0 0 0 0 0 0 0 0 0 0 0 0 0 0 0 0 0 0 0 0 0 0 10 0 0 0 0 0 0 0 0 0 0 0 0 
 409 186 322 191 98 187 88 201 294 0 169 40 126 78 109 100 58 245 389 89 46 0 0 1 0 2 1 5 3 0 0 2 1 0 2 3 6 4 1 1 65 0 3 0 3 3 0 0 0 14 4 9 0 0 74 63 12 5 0 3 5 0 0 0 0 0 0 0 0 0 1 0 0 0 8 54 5 2 3 0 0 0 44 20 0 19 20 19 0 16 0 46 0 25 9 4 41 26 0 49 0 0 0 1 0 2 38 0 0 18 0 0 39 0 0 0 0 0 0 47 0 0 0 0 0 0 1 0 0 0 0 0 0 0 0 0 0 2 0 0 0 0 0 0 0 0 0 0 0 0 0 6 0 0 0 0 0 0 0 0 16 9 20 14 41 16 13 18 9 15 18 2 0 0 0 8 9 2 39 0 14 0 0 0 0 0 16 10 2 0 0 0 4 0 15 0 0 0 17 8 0 0 0 2 0 0 0 0 2 0 0 0 0 0 0 0 0 2 0 0 0 0 0 0 0 0 0 0 1 0 0 0 0 0 0 0 0 0 0 1 0 13 0 0 0 3 0 0 3 91 0 13 0 0 0 0 0 0 2 0 0 0 0 0 0 0 5 2 0 0 0 0 0 0 0 13 0 0 0 0 0 0 0 0 0 0 0 0 0 0 
 139 314 54 143 184 200 38 246 157 169 0 134 46 29 280 105 250 377 34 57 5 0 2 6 0 0 77 24 101 0 3 2 0 77 3 6 5 2 82 4 0 4 4 0 0 32 0 3 0 3 2 7 1 0 6 0 3 3 0 8 3 0 3 2 0 0 0 0 0 2 0 0 0 0 0 0 11 3 1 0 11 1 16 41 0 20 9 32 13 12 10 14 14 13 0 29 8 0 1 48 0 0 0 0 0 0 10 13 0 3 0 0 26 0 12 0 0 0 20 46 0 0 0 0 0 0 0 0 0 0 0 0 0 2 0 0 0 0 0 0 0 0 0 0 0 0 1 0 0 0 1 3 2 0 0 0 0 0 1 0 0 11 6 40 18 11 0 8 11 20 1 18 0 15 10 0 19 10 22 9 18 10 10 22 0 0 12 0 14 0 0 0 21 1 23 0 0 0 11 0 0 0 0 0 0 0 0 0 0 0 0 0 0 0 0 0 0 0 0 0 0 0 0 0 0 0 0 0 0 0 0 2 0 0 0 0 0 0 2 0 0 0 0 0 0 1 0 0 0 2 21 0 0 0 0 0 0 0 0 0 0 0 0 0 0 65 0 0 0 0 0 0 0 0 0 5 0 0 0 0 0 0 0 0 0 0 1 0 0 0 
 33 34 257 444 209 243 53 223 257 40 134 0 25 30 266 255 97 156 43 454 3 0 0 0 0 0 4 96 42 16 2 0 99 54 1 2 82 0 195 1 0 2 3 3 0 0 3 3 0 0 0 2 0 3 2 0 2 6 4 3 11 0 0 0 2 0 0 0 1 11 0 0 0 0 0 0 7 0 3 12 0 0 1 19 20 22 0 0 15 8 10 19 0 19 0 0 2 0 0 0 1 3 10 1 0 2 4 14 6 23 0 0 0 27 29 22 11 3 21 0 0 0 0 0 0 0 1 0 1 0 0 0 0 0 0 0 0 0 0 0 0 0 9 0 1 0 0 0 0 10 0 0 0 14 0 0 0 2 0 0 0 0 0 22 19 24 0 1 0 0 14 18 0 16 0 0 0 2 0 1 1 16 17 9 0 0 16 11 26 0 0 0 18 17 39 14 15 15 14 10 0 0 0 2 0 0 0 0 2 0 0 0 0 0 0 0 0 0 0 0 0 0 0 0 0 0 0 0 0 0 0 0 0 0 0 0 0 0 0 1 0 0 0 0 0 0 175 1 0 86 11 7 0 0 0 0 0 0 0 0 9 0 7 0 0 0 0 0 0 0 0 0 0 0 0 0 0 0 0 0 0 0 0 0 0 0 1 0 0 0 
 232 127 56 48 268 21 168 168 186 126 46 25 0 71 225 118 21 124 136 141 4 0 0 0 0 0 0 0 2 0 0 0 2 0 1 0 3 0 0 0 0 1 59 0 0 0 4 0 0 0 0 1 0 0 0 0 0 3 0 3 3 0 0 0 0 0 5 0 0 0 2 0 0 0 0 0 3 0 3 0 24 9 0 0 1 0 0 29 10 18 10 0 10 18 14 0 0 0 34 2 0 0 0 0 0 0 0 0 0 0 0 0 0 0 0 0 0 0 0 0 0 0 0 0 0 0 0 0 0 0 0 0 0 0 0 2 2 0 0 2 0 0 0 0 0 0 0 0 0 2 0 0 11 0 0 0 12 0 0 1 0 0 14 11 0 21 14 0 0 0 0 0 7 0 12 27 8 0 9 17 0 0 0 0 1 0 0 0 0 0 0 0 0 0 0 0 0 0 0 0 0 0 2 0 0 0 0 0 0 0 0 0 0 0 0 0 0 0 0 0 0 0 0 0 0 0 0 0 0 0 0 0 0 0 0 0 0 0 0 0 0 0 0 0 0 0 0 0 0 2 0 7 16 0 0 0 0 0 0 0 0 0 0 0 0 0 0 0 0 0 0 0 0 0 0 0 0 0 0 0 0 0 0 0 0 0 0 0 0 0 
 387 51 133 55 76 51 291 88 106 78 29 30 71 0 132 38 24 25 314 130 0 3 0 0 0 3 0 2 0 3 0 0 4 5 0 0 0 2 0 1 2 5 3 0 0 0 0 2 0 2 3 4 0 4 0 0 0 0 4 4 3 3 0 0 0 3 0 9 3 0 1 0 6 3 6 0 0 3 0 2 13 22 9 0 0 0 0 10 0 0 0 0 25 1 31 15 14 0 22 55 0 0 0 0 0 0 0 1 0 0 0 0 0 0 0 0 0 0 0 0 0 0 0 0 0 0 0 0 0 0 43 0 0 0 0 0 15 0 0 0 0 0 0 7 0 0 0 0 0 0 0 3 0 0 0 0 0 0 0 0 9 13 15 7 0 0 27 0 5 7 8 0 36 7 0 11 13 0 14 11 0 0 0 0 0 0 0 0 0 0 0 0 0 0 0 0 0 0 10 0 0 0 0 0 0 0 0 0 0 0 0 0 0 0 0 0 12 0 0 0 0 1 0 0 2 0 0 0 0 0 0 1 0 0 1 0 0 0 0 0 0 0 0 0 0 3 0 0 2 0 1 3 0 0 3 0 0 0 0 0 0 0 0 0 0 0 0 0 0 0 0 0 0 0 0 0 0 0 0 0 0 0 0 0 0 0 0 0 0 0 
 346 58 132 55 99 271 92 155 315 109 280 266 225 132 0 81 272 150 248 160 6 0 1 0 0 0 0 0 4 0 0 0 0 0 2 0 6 0 0 73 0 1 3 0 0 0 0 2 0 0 0 5 2 0 0 0 0 6 0 6 3 0 0 0 0 0 12 3 0 0 1 1 0 0 0 0 3 0 3 5 0 1 0 0 22 16 0 21 12 28 30 19 27 39 26 22 0 0 15 12 0 0 0 0 0 0 0 0 0 0 0 0 0 0 0 0 0 0 0 1 0 2 0 0 0 0 0 0 0 0 0 0 0 0 0 0 0 1 0 0 1 0 0 0 0 0 0 0 0 0 0 0 0 0 0 0 0 0 0 0 0 10 39 2 0 8 34 0 0 0 25 1 11 17 19 1 0 12 16 14 0 0 0 0 0 1 0 0 0 0 0 0 10 0 0 0 2 0 0 0 0 0 0 0 0 0 0 0 0 0 0 0 0 0 0 0 0 0 0 0 0 1 0 0 0 0 0 0 0 0 0 0 0 0 0 0 0 0 0 0 0 0 0 0 0 0 95 0 0 0 2 10 9 0 0 0 0 0 0 0 0 0 12 0 0 0 0 0 0 0 0 0 0 0 0 0 0 0 0 0 0 0 0 0 0 0 0 0 0 0 
 28 98 195 49 221 248 47 70 374 100 105 255 118 38 81 0 426 141 111 292 3 0 0 2 0 0 79 0 2 1 0 2 0 0 1 2 3 0 0 91 2 2 5 0 0 0 0 0 0 40 3 3 0 0 0 0 3 3 0 3 3 0 0 0 0 0 0 0 0 37 1 3 0 0 0 0 3 0 5 0 21 53 0 19 0 0 11 0 0 24 47 32 0 18 11 28 19 72 0 0 6 11 0 0 0 0 10 13 0 1 0 0 25 9 1 1 0 0 14 12 0 0 0 0 0 0 0 0 38 0 0 0 0 0 0 0 0 2 0 0 0 0 0 0 24 0 0 1 0 0 0 0 0 0 0 11 0 15 0 0 3 0 20 0 10 0 1 40 12 0 12 0 18 0 1 14 19 0 11 8 0 0 8 0 0 0 0 4 0 0 0 2 18 0 18 0 0 0 0 11 0 0 0 0 0 0 0 0 0 0 0 0 0 0 0 0 0 0 0 0 0 0 0 0 0 0 0 0 0 0 0 0 0 0 0 0 2 0 0 0 0 10 0 0 2 3 86 0 0 2 2 13 1 1 2 0 0 0 2 0 0 0 0 0 0 0 0 1 0 0 0 0 0 0 0 9 0 4 0 0 0 0 0 0 0 0 0 0 0 0 
 49 157 194 192 163 152 32 31 65 58 250 97 21 24 272 426 0 165 253 50 6 0 0 0 0 2 81 0 4 0 0 0 0 0 1 6 6 0 76 64 0 1 3 0 0 0 0 2 0 0 0 4 2 0 0 0 0 6 0 6 3 0 3 0 0 0 0 3 52 0 0 1 0 0 0 0 3 0 3 0 5 31 3 48 0 10 7 7 10 11 29 10 11 18 9 8 8 29 0 0 10 2 0 0 0 0 10 15 0 0 0 0 28 5 18 10 0 0 0 25 0 0 0 0 0 0 0 0 0 0 0 0 0 0 0 0 0 0 0 0 0 1 0 0 0 7 0 0 0 1 0 0 0 0 0 2 0 3 0 0 0 41 15 43 15 9 1 8 21 14 0 21 0 0 0 1 7 9 0 13 35 0 25 0 0 0 15 11 20 0 0 0 0 0 0 0 0 0 0 3 0 0 0 0 0 0 0 0 0 0 0 0 0 0 0 0 0 0 0 0 0 0 0 0 11 0 0 0 0 8 0 0 0 0 0 0 0 0 0 0 0 0 0 0 0 1 87 2 1 2 1 13 0 0 0 0 0 0 2 0 0 0 0 0 0 0 0 0 0 0 0 0 2 0 0 1 18 7 0 0 0 0 0 0 0 0 0 0 0 5 
 52 119 133 211 255 100 23 290 472 245 377 156 124 25 150 141 165 0 26 14 3 0 0 0 0 1 19 0 2 0 0 0 0 0 1 2 3 2 74 2 61 2 3 0 0 0 0 65 0 0 0 1 0 0 23 0 0 3 0 3 3 0 0 0 0 0 0 0 0 0 1 0 0 0 0 0 3 0 3 0 11 18 39 21 3 41 34 35 20 13 19 49 0 49 32 5 28 30 0 0 0 0 0 10 0 0 0 0 0 10 14 2 10 0 0 2 0 0 14 24 0 0 0 0 0 0 0 0 0 0 0 0 0 0 0 0 0 0 0 0 0 0 0 0 0 0 0 0 0 0 0 0 0 0 0 1 0 1 0 0 27 0 14 21 0 13 12 31 5 17 10 21 0 30 63 17 49 11 0 0 17 0 0 0 0 0 10 0 0 0 0 0 8 10 19 0 0 6 0 0 0 0 0 0 0 1 0 2 0 10 0 0 0 0 2 0 0 0 0 0 2 0 0 0 2 0 0 0 0 2 0 0 0 0 0 0 0 0 0 0 0 0 0 0 0 1 4 0 4 167 1 10 0 0 0 0 0 0 0 0 0 0 10 0 0 0 2 0 0 0 0 0 0 0 39 8 0 10 0 0 0 0 0 0 0 0 0 0 0 0 
 446 29 39 101 75 58 229 58 110 389 34 43 136 314 248 111 253 26 0 164 3 0 0 2 0 4 0 0 2 0 0 0 0 1 4 0 3 3 0 5 0 0 2 0 0 0 10 0 0 0 0 3 1 0 0 0 0 5 0 3 0 0 0 0 0 0 8 0 0 0 2 0 0 0 0 0 3 1 0 0 55 10 1 0 4 10 0 41 11 8 26 0 10 0 30 0 21 0 12 2 0 0 0 0 0 0 0 0 0 0 0 0 0 0 0 0 0 0 0 0 0 0 0 0 0 0 0 0 0 0 0 0 0 0 0 0 0 0 0 0 0 0 0 0 0 16 0 0 0 0 0 0 0 0 3 0 0 0 0 0 0 9 14 0 0 0 29 0 0 0 20 0 1 0 14 13 0 0 47 4 0 0 0 0 0 0 0 0 0 0 0 0 0 0 0 0 0 0 0 0 0 0 0 0 0 0 0 0 0 0 0 0 0 0 0 0 0 0 0 0 0 0 0 0 0 0 0 2 0 0 0 0 0 0 0 0 0 0 0 0 0 0 0 0 0 0 0 0 2 0 0 2 86 0 0 0 0 0 0 0 0 0 0 0 0 0 0 0 0 0 0 0 0 0 0 0 0 0 0 0 0 0 0 0 0 0 0 0 0 0 
 140 31 246 278 71 54 23 32 47 89 57 454 141 130 160 292 50 14 164 0 3 74 0 1 0 0 0 0 2 1 0 0 34 0 2 4 3 1 2 0 0 0 3 0 0 0 4 0 0 0 0 3 4 0 0 0 0 3 0 3 2 0 0 4 0 0 0 0 0 0 1 0 2 0 0 0 3 0 3 0 42 11 0 0 0 0 0 0 0 0 0 0 36 0 14 0 30 0 0 0 0 0 0 0 0 0 0 0 0 0 0 0 0 0 0 0 0 0 0 0 0 2 0 0 0 0 0 0 0 0 0 0 0 0 0 0 0 0 0 0 0 0 0 0 0 0 0 0 0 0 0 0 0 0 0 0 0 10 0 0 0 0 0 0 0 0 0 0 0 0 0 0 26 10 14 1 20 0 12 10 0 6 0 0 0 0 0 0 0 0 0 0 0 0 0 2 1 0 0 0 0 0 0 0 0 0 0 0 0 0 0 0 0 0 0 11 0 0 0 0 0 0 0 0 0 0 0 2 0 0 0 0 2 0 0 0 0 0 0 0 0 0 0 0 0 2 1 1 2 2 0 0 0 0 0 0 0 0 0 0 0 0 0 0 0 0 0 0 0 0 0 0 0 0 0 0 0 5 0 0 0 0 0 0 0 0 0 0 0 0 
 5 6 80 3 5 5 4 3 80 46 5 3 4 0 6 3 6 3 3 3 0 252 193 118 52 37 239 64 264 197 30 114 214 336 156 123 385 122 46 60 0 2 0 0 4 1 0 1 0 7 0 0 0 2 2 0 0 0 2 0 3 0 0 0 2 5 3 0 0 1 0 0 0 2 0 3 0 0 6 3 0 0 0 0 24 0 0 0 0 0 0 1 0 0 0 0 0 14 0 0 7 14 26 22 15 10 53 41 0 1 29 6 0 9 9 12 7 11 0 0 0 0 0 0 0 0 0 0 0 0 0 0 0 12 2 0 0 0 16 15 0 11 0 0 0 0 0 8 0 0 0 0 0 0 0 0 0 0 0 1 22 0 0 0 24 11 0 0 4 1 0 0 0 0 0 0 0 0 0 0 0 22 20 47 0 7 15 18 22 14 21 0 19 1 2 12 0 0 8 21 0 0 0 0 0 0 0 0 0 0 0 0 0 1 0 0 0 10 14 0 0 0 0 0 0 0 0 0 0 0 0 2 0 0 0 0 0 0 2 0 0 13 0 0 0 0 0 0 0 0 0 0 0 0 96 0 2 0 0 0 2 0 0 0 0 0 0 0 0 0 0 0 0 0 0 0 0 0 0 0 0 0 0 0 0 0 0 0 0 0 
 74 0 0 0 2 0 0 0 0 0 0 0 0 3 0 0 0 0 0 74 252 0 156 155 29 28 408 140 148 105 115 104 333 49 59 257 212 213 36 115 0 1 0 0 3 1 66 0 0 0 0 0 0 2 2 0 0 0 2 0 3 0 0 9 3 2 3 0 0 0 0 0 0 2 0 3 0 0 0 3 0 0 0 0 25 0 0 0 0 0 0 0 0 0 0 0 0 0 0 0 32 0 45 84 0 0 12 40 16 0 30 1 0 18 10 13 1 20 10 10 0 0 9 0 0 0 0 0 0 0 0 0 0 0 1 0 0 0 0 17 0 0 0 0 0 0 0 0 9 0 0 0 0 0 0 0 0 8 0 1 6 0 0 0 16 11 0 0 0 0 0 0 0 0 0 0 0 0 0 0 46 20 33 27 12 0 48 0 18 0 17 11 20 19 0 12 15 1 0 24 0 0 0 0 0 0 0 23 0 0 0 0 17 0 0 14 0 0 10 0 0 0 0 0 0 18 0 0 0 0 0 0 0 0 0 0 0 0 0 0 0 0 0 0 0 0 0 0 0 2 0 0 0 0 3 0 0 5 0 0 0 0 0 0 0 0 12 12 0 0 0 0 0 0 0 0 0 0 0 0 0 0 0 0 11 1 0 0 0 0 
 0 0 0 0 0 0 0 0 0 0 2 0 0 0 1 0 0 0 0 0 193 156 0 69 135 36 156 216 192 117 37 165 368 282 178 51 129 196 41 477 0 1 0 0 3 1 0 0 0 0 0 0 0 3 2 0 2 0 2 0 3 0 0 0 3 2 3 0 0 0 0 0 11 2 0 3 50 0 0 3 0 0 0 0 0 0 10 0 0 0 0 0 0 0 0 0 0 0 0 0 44 34 12 19 11 12 13 17 17 11 39 30 0 34 11 18 5 18 18 3 0 0 0 0 0 0 13 0 0 0 0 0 0 10 0 0 0 0 9 25 0 0 0 0 0 0 0 0 0 0 0 0 0 0 0 0 0 0 0 5 0 0 0 0 3 0 0 0 0 0 0 0 0 0 0 0 0 0 0 0 27 48 13 0 13 12 25 28 16 37 19 30 0 28 0 46 12 0 11 11 0 0 0 4 0 0 0 0 0 0 0 0 0 0 0 0 0 0 0 0 0 0 0 0 0 0 0 0 0 0 0 0 0 0 0 0 0 0 0 10 0 0 13 0 0 0 0 0 0 0 0 0 0 0 4 0 0 80 0 0 2 0 0 0 0 0 0 0 0 0 0 0 0 0 0 0 0 0 0 0 0 10 0 0 0 14 0 0 0 0 
 79 5 1 0 3 35 0 0 5 1 6 0 0 0 0 2 0 0 2 1 118 155 69 0 205 204 183 154 107 98 167 386 81 296 279 76 53 224 103 63 0 1 0 6 3 2 86 6 1 0 4 0 62 3 3 0 4 6 7 0 3 0 0 1 3 2 3 0 1 4 0 0 0 2 0 3 4 0 0 7 0 0 0 0 0 0 0 11 1 0 0 0 2 0 0 0 0 0 0 0 0 0 0 0 1 17 0 0 21 11 22 9 0 0 1 11 0 10 0 0 10 12 9 0 0 0 32 0 23 0 13 0 52 9 12 10 11 12 11 4 0 0 4 0 0 0 0 0 0 0 2 1 2 0 0 0 0 0 0 0 0 0 0 0 0 0 0 0 0 0 0 0 0 5 2 2 0 0 10 0 0 24 0 0 24 8 0 0 0 0 8 14 0 0 0 0 0 23 0 0 0 0 0 12 0 0 0 9 70 0 0 0 23 11 25 21 0 0 47 18 0 0 0 0 0 0 0 0 0 0 0 0 0 0 0 0 2 2 0 0 0 0 0 0 0 0 0 0 0 0 0 0 0 0 14 2 1 76 153 0 4 14 4 0 0 0 0 0 0 0 0 0 0 0 0 0 0 0 0 0 0 0 0 0 19 0 0 0 0 0 
 0 0 0 0 0 0 0 0 0 0 0 0 0 0 0 0 0 0 0 0 52 29 135 205 0 488 52 268 68 139 170 40 148 53 225 272 114 132 160 87 60 5 0 6 3 3 65 4 0 0 0 0 61 2 2 0 3 0 137 0 6 0 0 8 5 4 3 0 1 0 0 0 1 3 3 5 0 0 0 3 0 0 0 0 0 0 1 0 0 0 0 0 0 0 0 0 0 0 0 0 0 0 0 1 20 55 0 0 22 23 20 14 0 0 0 2 0 0 0 0 59 12 10 0 0 0 0 29 11 0 0 0 33 27 6 64 0 26 26 10 0 0 28 0 0 0 0 0 0 0 0 0 8 0 27 0 0 0 0 0 0 0 0 0 0 0 0 0 0 0 0 0 0 0 0 0 0 0 0 0 0 0 0 0 5 25 0 0 24 9 49 12 0 0 0 0 0 0 0 0 0 18 0 0 0 0 19 30 0 10 0 0 30 0 11 17 10 0 12 1 0 0 0 0 0 0 0 0 0 0 0 2 0 0 0 0 0 0 0 0 0 0 0 0 0 0 0 0 0 0 0 0 0 0 13 0 7 49 4 0 3 18 62 0 0 0 0 0 0 0 0 0 0 0 0 0 0 0 0 14 0 0 15 0 0 0 0 0 0 0 
 0 0 0 0 0 3 0 0 0 2 0 0 0 3 0 0 2 1 4 0 37 28 36 204 488 0 53 234 43 43 225 218 242 38 60 265 73 52 60 52 60 4 128 3 3 4 65 22 66 28 7 0 62 91 2 27 72 0 10 63 4 2 1 7 3 5 3 0 1 0 3 0 2 2 2 3 3 0 0 3 0 0 0 0 0 0 0 0 0 0 0 0 0 1 0 0 2 0 0 0 0 0 0 0 27 14 0 0 0 2 0 0 0 0 0 9 0 0 0 0 9 24 1 0 0 0 44 26 15 110 13 0 41 20 11 19 24 11 22 0 0 0 0 0 0 0 0 0 0 0 0 0 0 0 0 0 0 0 0 14 0 2 0 0 0 0 0 0 0 1 0 0 0 0 0 0 0 0 2 0 0 0 0 0 9 7 2 0 0 0 0 20 0 0 0 0 0 16 0 0 11 11 11 21 0 0 0 55 15 27 0 0 39 100 10 1 34 0 14 27 0 0 0 0 0 0 0 2 0 0 0 0 0 0 0 0 0 0 0 0 0 0 0 0 0 0 0 0 0 0 0 0 0 0 13 4 5 2 47 3 4 3 64 0 0 0 0 0 0 0 0 0 0 0 0 0 2 0 0 0 0 0 0 1 0 1 0 1 0 0 
 0 0 0 0 153 73 0 4 0 1 77 4 0 0 0 79 81 19 0 0 239 408 156 183 52 53 0 199 60 154 133 113 460 179 283 259 286 43 58 306 0 1 0 0 3 1 0 0 0 0 0 0 0 2 2 0 0 0 2 0 6 0 0 1 5 5 3 0 0 4 5 2 0 2 0 3 2 3 0 112 0 0 0 0 10 0 0 0 0 2 19 0 0 0 0 38 6 0 0 0 31 9 12 28 0 3 72 21 30 12 13 0 12 40 41 0 49 33 19 21 0 0 0 0 0 0 0 0 0 0 0 0 0 0 0 0 0 0 1 39 0 0 0 0 0 2 0 1 0 0 0 0 0 0 0 0 0 9 1 0 4 1 0 0 44 11 0 0 2 0 0 0 0 0 0 0 0 0 0 0 13 54 20 40 10 0 1 0 0 0 6 11 22 14 13 0 0 10 0 30 1 0 0 0 0 0 2 0 0 12 2 0 0 0 0 0 0 0 8 0 0 0 0 0 2 0 0 0 0 0 0 0 0 0 0 0 0 0 0 0 0 0 0 0 0 0 0 0 0 0 1 0 0 0 12 0 0 0 0 4 1 2 0 0 0 0 0 0 0 0 0 0 0 0 0 0 0 0 0 0 0 1 0 0 0 0 8 0 0 0 
 0 8 0 77 76 26 0 0 0 5 24 96 0 2 0 0 0 0 0 0 64 140 216 154 268 234 199 0 226 137 41 224 365 285 251 83 108 45 512 143 0 4 2 0 3 2 0 0 0 0 0 0 0 3 3 0 0 0 2 2 3 0 0 2 3 2 4 0 0 2 0 26 3 3 0 3 0 3 0 3 0 0 0 0 11 9 0 0 0 0 0 0 0 0 0 0 0 0 0 0 11 32 24 30 23 0 46 9 0 2 0 24 0 12 13 14 0 35 53 0 0 2 0 0 0 0 1 17 0 0 1 0 0 0 0 0 0 0 0 0 0 0 0 0 0 0 0 0 0 0 0 0 0 0 0 0 0 0 0 7 0 0 0 0 0 0 0 0 0 0 0 0 2 0 0 0 1 0 13 1 0 18 17 44 0 43 33 11 7 14 1 0 28 41 23 12 23 15 23 9 0 0 0 0 0 0 0 0 0 2 0 7 0 0 0 0 0 0 0 1 0 0 0 0 0 0 0 0 0 0 0 0 0 0 0 0 0 0 0 2 0 0 0 0 0 0 0 0 0 74 20 0 0 0 10 0 0 0 1 0 26 0 0 0 0 0 0 0 0 0 0 0 0 0 0 0 0 0 0 0 0 0 0 0 2 0 0 0 0 0 
 2 4 2 2 4 80 2 2 4 3 101 42 2 0 4 2 4 2 2 2 264 148 192 107 68 43 60 226 0 411 179 194 267 215 212 118 281 33 197 382 0 2 0 0 3 2 0 0 0 0 0 0 0 3 4 0 0 3 2 0 3 0 0 0 3 2 3 0 0 0 0 0 20 2 0 3 0 0 0 3 0 1 0 0 31 0 0 0 0 0 0 0 0 0 0 1 0 0 1 0 29 40 10 20 24 0 14 11 44 24 0 32 0 12 17 0 9 21 35 0 0 0 0 0 0 0 0 0 0 0 0 15 0 0 1 0 0 0 0 0 0 2 0 0 0 0 0 0 0 0 0 0 0 0 0 0 0 0 0 18 0 0 0 0 0 0 0 16 0 0 0 15 0 0 0 0 0 0 0 0 0 15 9 30 0 15 21 19 9 31 3 0 0 37 2 34 29 19 75 10 0 0 0 0 0 0 0 0 0 0 0 0 14 0 0 0 0 0 0 1 0 0 0 0 0 0 0 0 0 0 0 0 0 0 0 0 1 0 0 0 0 0 0 0 0 0 0 0 0 0 17 0 0 0 15 1 0 5 0 19 2 0 0 0 0 0 0 0 0 0 0 0 0 0 0 0 0 0 0 0 0 0 0 0 0 0 0 0 0 0 
 0 6 0 0 2 1 0 0 0 0 0 16 0 3 0 1 0 0 0 1 197 105 117 98 139 43 154 137 411 0 156 119 102 337 160 106 91 330 88 185 0 1 0 0 3 2 61 0 0 0 0 0 0 23 3 0 9 0 23 0 3 0 0 0 3 2 5 0 0 0 0 0 2 2 0 3 0 0 0 3 0 0 0 0 0 0 0 0 0 0 0 0 0 0 0 11 0 0 0 0 8 12 19 32 12 24 32 1 0 36 16 27 0 37 1 1 20 32 10 0 0 0 0 0 0 14 1 11 33 0 0 0 12 24 13 0 2 0 0 0 0 0 0 0 0 0 0 0 0 0 0 0 0 0 0 0 0 0 0 0 0 0 0 0 18 0 0 0 0 1 0 0 0 1 0 0 0 0 0 24 21 42 2 10 0 1 21 9 0 45 0 43 18 13 0 50 0 0 19 8 0 0 0 0 0 0 0 0 0 0 0 0 10 0 0 0 0 0 0 0 0 0 0 0 0 0 0 0 0 0 0 2 0 0 0 0 0 0 2 0 0 0 24 0 0 2 0 0 0 0 1 0 0 0 15 2 1 0 81 2 0 0 0 0 0 0 0 2 0 0 0 0 0 0 0 0 0 0 0 0 0 0 0 0 0 0 0 0 0 0 
 0 0 0 0 1 1 0 0 3 0 3 2 0 0 0 0 0 0 0 0 30 115 37 167 170 225 133 41 179 156 0 42 39 27 279 252 137 136 121 134 57 2 0 0 3 1 20 0 0 0 0 0 53 64 2 0 0 0 127 0 3 0 0 12 3 2 3 0 0 1 0 0 0 2 0 3 0 2 0 3 0 0 0 0 0 0 0 0 0 2 0 0 0 1 0 0 0 0 0 0 35 0 0 1 20 2 0 3 21 0 3 0 0 25 2 2 0 11 4 2 8 0 0 0 0 0 27 22 9 0 0 0 21 0 20 18 10 1 8 33 0 0 0 2 0 0 0 0 0 0 0 0 0 0 11 0 0 0 0 8 0 0 0 0 1 0 0 0 2 0 0 0 0 0 0 0 5 0 0 0 1 0 0 1 31 14 0 17 0 33 40 42 0 6 0 24 54 14 0 0 1 0 0 0 0 0 2 11 0 0 2 1 26 0 0 0 0 0 0 32 0 0 0 0 2 0 0 0 0 0 0 0 0 0 0 0 0 0 0 0 0 0 0 0 0 0 0 0 0 0 0 0 0 0 9 0 0 164 2 7 3 2 0 0 0 0 0 0 0 0 0 0 0 0 0 0 0 0 0 13 0 17 0 0 0 43 0 0 0 0 
 0 0 1 0 0 4 2 0 0 2 2 0 0 0 0 2 0 0 0 0 114 104 165 386 40 218 113 224 194 119 42 0 46 116 137 181 184 237 119 63 0 2 0 2 3 1 0 0 0 0 3 0 20 2 2 63 0 0 2 0 3 0 0 0 2 7 3 0 49 0 0 0 6 2 28 3 0 0 0 3 0 0 0 0 0 0 0 0 0 0 0 0 0 1 0 0 2 0 0 0 32 20 0 26 16 7 58 16 50 2 0 40 2 14 28 34 0 21 19 0 0 11 0 0 0 0 12 31 0 0 0 0 38 0 13 32 0 0 0 21 0 0 0 0 0 0 0 0 0 0 11 0 0 0 23 0 0 0 0 8 7 2 2 0 0 0 2 0 0 0 0 0 0 0 0 0 0 0 2 0 0 0 19 34 0 21 4 21 0 20 12 0 1 13 0 26 1 23 10 8 0 0 0 0 0 0 0 0 14 1 0 0 0 13 0 44 0 0 57 10 0 0 0 0 0 0 0 2 0 0 0 0 0 0 0 0 0 0 0 0 0 0 0 0 0 0 0 0 0 0 0 0 0 0 6 1 0 1 74 1 3 0 0 0 0 0 0 0 0 0 0 0 0 0 0 0 0 0 0 0 0 0 0 2 17 0 0 0 0 0 
 0 1 0 0 76 76 0 4 0 1 0 99 2 4 0 0 0 0 0 34 214 333 368 81 148 242 460 365 267 102 39 46 0 502 148 40 21 67 226 497 1 2 0 0 3 2 1 0 0 0 0 0 0 3 3 0 0 0 2 0 9 0 0 0 103 2 3 0 0 5 0 0 0 3 0 3 0 0 0 3 0 0 0 0 16 6 2 0 0 0 0 0 0 0 0 0 0 0 0 0 2 12 30 40 1 0 10 25 0 0 13 0 0 0 1 57 5 76 12 0 0 0 0 0 0 0 0 0 0 0 0 0 0 0 0 0 0 0 0 0 0 0 2 0 0 0 0 0 0 0 0 0 12 0 0 0 0 10 0 0 0 0 0 18 27 20 0 0 0 0 0 10 0 0 0 0 0 0 0 0 25 0 20 31 0 1 43 0 33 1 0 10 20 11 12 8 15 9 12 0 0 0 0 0 0 0 0 0 0 0 0 0 0 0 0 10 0 0 0 0 0 0 0 0 0 0 0 0 0 0 1 0 0 0 0 0 0 0 0 0 0 0 0 0 0 0 0 0 0 0 0 0 0 0 5 4 1 1 0 12 15 2 0 0 0 0 0 0 0 0 0 0 0 0 0 0 0 5 0 0 0 0 0 0 0 0 1 0 0 0 
 3 3 0 80 1 78 0 0 1 0 77 54 0 5 0 0 0 0 1 0 336 49 282 296 53 38 179 285 215 337 27 116 502 0 451 47 213 34 207 97 0 2 0 0 3 1 0 0 1 0 0 0 0 2 3 1 2 0 2 0 3 0 0 0 3 69 3 0 0 0 0 0 10 2 0 3 0 0 0 3 0 0 0 0 1 4 0 0 0 0 0 0 0 0 26 0 0 0 0 0 15 41 23 21 2 10 22 13 13 66 0 21 0 15 80 24 30 21 29 0 5 0 0 0 0 0 0 7 0 2 2 0 0 0 0 0 0 0 0 1 0 0 0 0 0 0 0 0 0 0 0 0 0 0 2 0 0 0 0 6 0 0 0 0 0 0 0 0 0 9 0 0 1 0 19 0 2 0 0 2 18 40 16 36 0 18 1 21 0 22 2 1 19 34 13 16 23 21 62 1 0 0 0 1 0 2 0 0 0 0 0 0 0 0 0 0 0 0 0 1 0 0 0 0 0 0 0 0 0 0 0 0 0 1 0 0 0 0 0 0 0 0 11 0 0 0 0 0 0 74 6 0 0 0 6 2 0 0 0 2 23 0 0 0 0 0 0 0 0 0 0 0 0 0 0 0 0 1 0 0 0 0 0 0 0 0 0 0 0 0 
 3 2 2 1 2 1 1 1 3 2 3 1 1 0 2 1 1 1 4 2 156 59 178 279 225 60 283 251 212 160 279 137 148 451 0 379 144 130 66 620 0 1 0 0 3 1 0 0 0 0 0 0 0 2 2 0 0 0 30 205 3 0 0 0 2 2 3 0 0 0 0 1 6 2 0 3 0 0 0 3 0 0 0 0 0 0 0 0 0 0 0 0 0 0 0 0 0 1 0 0 82 16 0 0 57 0 24 17 20 0 54 54 0 35 16 0 8 0 28 16 0 0 0 0 0 0 13 0 0 0 0 0 0 10 0 0 0 0 47 22 0 0 0 0 0 0 0 0 0 0 16 0 0 0 0 0 0 0 0 0 0 0 0 0 4 0 0 0 4 0 0 0 0 0 0 0 0 0 0 0 3 57 15 0 29 1 25 32 12 31 38 14 0 14 0 41 29 28 1 11 0 0 0 23 0 0 0 0 0 0 0 0 31 0 0 1 0 0 0 16 0 0 0 0 0 0 0 0 0 1 0 0 0 0 0 0 0 0 0 0 0 0 0 0 0 0 0 0 0 0 0 0 0 0 8 0 2 192 1 0 4 6 0 0 0 0 0 0 0 0 0 0 0 0 2 0 0 0 0 9 0 12 0 0 0 37 0 0 0 0 
 2 6 0 0 0 1 100 2 0 3 6 2 0 0 0 2 6 2 0 4 123 257 51 76 272 265 259 83 118 106 252 181 40 47 379 0 163 62 206 143 0 1 0 1 3 2 48 0 0 0 0 0 66 3 3 0 0 0 2 0 3 0 9 2 3 2 3 0 0 0 0 0 0 2 0 9 0 0 0 3 0 0 0 0 8 0 0 0 0 0 0 0 0 0 0 0 0 0 0 1 11 0 0 22 47 10 1 27 47 0 32 10 0 0 8 0 0 19 0 0 10 23 4 0 0 0 1 11 1 0 0 0 0 10 24 11 0 0 21 16 0 0 0 0 1 2 0 0 0 0 0 0 2 0 18 0 0 0 0 0 4 0 0 0 3 0 0 0 0 2 0 0 0 0 0 0 0 0 0 0 0 11 32 22 20 6 4 0 19 0 44 0 0 5 5 0 27 18 1 8 0 0 0 0 0 0 0 5 0 0 0 0 43 2 39 10 0 0 9 9 0 0 0 0 0 0 0 0 0 0 0 0 0 0 0 0 0 0 0 0 0 0 0 0 0 87 0 0 0 0 0 26 0 0 16 0 1 88 0 3 0 14 0 0 0 0 0 0 0 0 0 0 0 0 0 0 0 0 0 0 0 8 0 0 0 1 0 0 0 0 
 6 5 3 3 3 5 3 3 4 6 5 82 3 0 6 3 6 3 3 3 385 212 129 53 114 73 286 108 281 91 137 184 21 213 144 163 0 359 117 198 0 2 0 0 3 1 0 0 0 0 0 0 0 3 2 2 0 0 2 0 3 0 0 0 2 2 3 0 0 0 0 0 6 2 0 3 0 0 0 3 0 0 0 0 2 0 0 0 0 0 0 0 0 0 41 0 0 0 0 0 10 26 19 21 12 0 10 14 38 0 6 29 0 36 26 7 19 0 19 0 5 0 0 0 0 0 1 0 0 2 2 0 0 0 0 0 0 0 0 30 0 0 0 0 0 0 0 0 0 6 0 0 0 0 0 0 0 0 0 0 6 0 0 1 18 0 0 5 0 0 0 0 0 0 0 0 2 0 0 2 31 38 2 16 0 1 33 27 14 13 10 24 0 42 19 23 1 0 10 37 0 0 0 2 0 0 0 0 0 0 0 0 0 0 0 0 0 0 8 11 0 0 12 0 0 0 0 0 0 0 0 0 0 0 0 0 0 0 0 0 0 0 0 0 0 0 0 0 0 0 0 0 0 0 6 0 3 0 2 1 0 0 0 0 0 0 0 0 0 0 0 0 0 0 0 0 0 0 0 0 0 9 0 0 0 0 0 0 0 0 
 42 0 0 3 4 0 0 0 0 4 2 0 0 2 0 0 0 2 3 1 122 213 196 224 132 52 43 45 33 330 136 237 67 34 130 62 359 0 37 130 0 2 0 0 3 90 76 0 0 0 7 2 0 5 2 0 0 3 64 0 3 0 0 0 2 2 3 0 0 0 0 0 0 2 0 3 0 2 0 3 0 0 0 0 0 0 0 0 0 0 0 0 0 0 0 0 0 0 0 0 10 13 31 14 12 0 0 17 2 0 24 10 0 0 0 12 0 31 0 0 0 0 3 0 0 0 41 0 8 0 0 0 6 0 30 7 10 0 0 0 0 0 0 0 0 0 0 0 0 0 0 0 0 1 0 0 0 0 0 3 0 0 0 0 0 1 0 0 0 0 0 2 0 0 0 0 0 0 0 0 12 0 0 0 30 21 10 0 0 9 31 18 0 18 0 26 0 17 0 0 0 0 0 0 0 0 0 0 11 0 0 0 37 6 0 1 0 0 0 12 0 0 0 10 0 0 0 0 0 0 0 0 0 0 0 0 0 0 0 0 0 0 2 0 0 0 0 0 0 0 0 0 0 0 13 0 7 73 3 2 0 0 0 0 0 0 0 0 0 0 0 0 0 0 0 0 8 0 0 0 0 0 0 0 0 1 0 0 0 0 
 0 0 0 47 75 234 0 2 0 1 82 195 0 0 0 0 76 74 0 2 46 36 41 103 160 60 58 512 197 88 121 119 226 207 66 206 117 37 0 187 0 0 0 0 3 1 0 0 0 0 0 0 0 2 64 0 0 0 2 0 10 0 0 0 2 2 3 0 0 7 0 0 0 2 0 53 0 0 0 3 0 0 0 9 28 10 0 0 0 10 0 0 0 0 0 0 0 0 0 0 0 2 0 11 0 0 42 12 0 35 0 0 1 0 15 22 10 70 23 17 0 1 0 13 0 13 0 0 0 0 0 0 0 0 0 0 0 0 0 0 0 0 0 1 0 0 0 0 0 0 0 0 0 0 0 5 0 21 0 0 0 0 0 23 15 12 0 19 0 0 0 0 0 0 0 10 0 0 0 0 18 9 72 9 0 0 10 0 42 0 0 0 1 9 19 0 0 3 17 10 1 0 0 0 0 0 0 0 0 0 0 0 0 0 0 0 0 0 0 0 0 0 0 0 0 0 1 0 0 0 0 0 0 0 0 0 0 0 0 1 0 0 0 0 0 0 0 0 0 36 9 0 0 0 25 0 0 0 0 0 21 0 0 0 0 0 0 0 0 0 0 0 0 0 0 28 0 0 0 0 0 0 0 0 0 0 0 0 0 0 
 0 74 0 2 54 0 0 79 2 1 4 1 0 1 73 91 64 2 5 0 60 115 477 63 87 52 306 143 382 185 134 63 497 97 620 143 198 130 187 0 0 2 0 0 3 2 0 0 0 0 0 0 0 2 2 0 0 0 2 0 3 0 0 0 3 2 4 2 0 1 0 0 3 2 0 3 0 0 0 3 0 0 0 14 0 2 0 0 0 18 6 0 0 0 0 0 0 22 0 0 63 19 0 9 0 0 32 17 37 15 7 30 21 97 32 0 21 23 24 56 0 0 0 0 0 0 0 0 0 0 0 0 0 0 0 0 0 0 0 43 0 0 0 0 0 0 0 0 0 0 0 0 0 0 0 6 0 21 0 0 36 1 0 0 0 0 0 10 2 2 0 2 0 0 0 16 0 0 0 0 0 66 12 9 11 0 0 12 0 11 44 12 13 10 25 1 0 14 11 30 0 0 14 0 0 0 0 0 0 0 0 0 0 0 0 0 0 0 23 0 0 0 0 0 0 0 2 0 0 0 0 0 0 0 0 0 0 0 0 0 0 0 0 0 0 0 0 0 0 0 0 0 0 0 4 0 0 0 0 2 2 0 0 0 0 0 0 0 0 0 0 0 0 0 0 13 0 9 0 0 0 0 0 0 0 0 6 0 0 0 
 0 0 0 0 0 0 0 0 0 65 0 0 0 2 0 2 0 61 0 0 0 0 0 0 60 60 0 0 0 0 57 0 1 0 0 0 0 0 0 0 0 95 77 189 47 27 381 132 281 23 168 27 200 186 88 56 190 102 28 179 0 0 0 2 0 0 0 0 0 0 0 0 0 0 0 0 0 0 2 0 0 0 0 0 0 0 0 0 0 0 0 0 0 0 0 0 0 8 0 0 0 0 0 0 1 0 0 0 0 0 0 0 0 0 0 0 0 0 0 0 7 38 0 0 12 0 9 14 0 0 0 38 7 0 82 0 8 19 1 0 0 0 0 0 0 7 0 15 0 0 0 0 0 17 14 0 0 0 0 0 0 0 0 0 0 0 0 0 0 32 0 0 0 0 3 0 0 3 0 0 0 0 11 0 9 0 0 0 0 0 0 7 0 0 0 0 0 0 0 0 17 11 41 35 1 16 38 17 0 14 19 6 0 0 35 11 16 50 0 18 0 0 0 0 0 0 0 0 0 0 0 0 0 0 0 0 0 0 0 12 0 0 0 0 0 0 0 0 0 0 0 5 0 0 0 0 0 63 0 8 0 0 1 0 0 9 0 0 0 0 0 0 0 0 0 0 0 0 0 0 0 0 0 0 9 9 0 6 2 0 
 0 3 2 0 0 2 0 1 0 0 4 2 1 5 1 2 1 2 0 0 2 1 1 1 5 4 1 4 2 1 2 2 2 2 1 1 2 2 0 2 95 0 357 133 257 265 273 143 74 54 40 79 64 113 307 231 42 165 97 116 0 0 0 0 3 0 0 0 0 0 0 0 5 3 3 4 0 3 62 0 0 0 0 0 0 0 0 0 0 0 0 0 0 0 0 0 0 0 0 0 0 0 0 0 0 11 0 0 0 0 0 0 0 0 0 0 0 0 0 0 1 8 0 28 31 0 10 0 7 12 7 5 0 0 0 4 0 63 16 11 0 29 0 0 0 0 4 8 11 1 0 0 0 17 0 0 0 0 7 0 0 0 0 0 0 0 0 0 0 0 0 0 0 0 0 0 0 0 0 0 0 0 0 0 0 3 0 0 0 0 0 0 0 0 0 0 0 0 0 0 37 0 21 27 24 0 11 0 0 14 16 20 0 0 29 0 10 20 0 27 11 0 1 0 0 0 0 0 0 0 0 0 0 0 0 0 0 0 59 0 0 0 0 0 0 0 0 0 0 0 1 19 0 0 0 0 0 1 2 0 0 0 0 0 5 70 1 0 0 0 9 0 0 0 0 0 0 0 0 0 0 0 0 0 18 20 0 0 2 0 
 3 69 3 3 5 3 3 3 3 3 4 3 59 3 3 5 3 3 2 3 0 0 0 0 0 128 0 2 0 0 0 0 0 0 0 0 0 0 0 0 77 357 0 253 64 99 323 152 324 201 83 330 197 313 155 163 249 118 60 381 2 37 0 7 7 2 0 0 0 42 5 9 0 0 0 0 3 0 0 0 0 0 0 0 0 0 0 0 0 0 0 0 0 0 0 0 0 0 0 0 0 13 3 0 0 0 0 0 0 0 10 0 0 0 0 0 0 0 0 0 15 7 10 11 0 0 20 0 7 15 10 72 0 1 12 0 13 0 0 0 6 1 6 11 0 7 30 17 0 0 0 4 0 16 13 0 0 0 0 11 0 0 0 0 0 9 0 0 0 0 0 0 0 0 0 3 1 0 0 0 0 0 0 0 0 0 0 0 0 0 0 0 0 0 0 0 0 0 0 0 14 0 20 22 16 18 36 17 0 18 23 0 0 9 0 0 7 0 0 0 9 73 0 0 4 7 21 0 0 0 0 0 0 0 0 0 0 0 3 34 0 0 0 0 0 0 0 0 0 0 0 4 0 0 0 0 0 0 0 4 0 0 38 66 0 3 0 0 0 0 0 0 0 0 0 0 0 0 0 0 0 0 0 0 9 5 0 0 2 0 
 0 0 0 0 0 3 0 0 0 0 0 3 0 0 0 0 0 0 0 0 0 0 0 6 6 3 0 0 0 0 0 2 0 0 0 1 0 0 0 0 189 133 253 0 203 170 345 69 162 176 151 76 66 318 203 47 743 79 465 95 0 6 4 5 0 0 0 0 21 0 0 0 0 12 5 0 5 1 0 0 0 0 10 0 0 0 0 0 0 0 0 0 0 0 0 0 0 0 17 0 0 0 0 0 0 0 0 0 0 0 0 0 0 0 0 0 0 0 0 0 0 15 11 14 0 0 0 13 0 0 0 24 0 0 9 0 23 0 0 0 1 11 0 3 4 2 28 17 0 3 5 4 0 24 20 0 5 2 7 15 0 0 0 0 0 0 0 0 0 0 0 0 0 0 0 28 4 0 0 0 0 0 0 0 0 0 0 0 0 0 0 0 0 0 0 0 0 0 0 0 7 31 0 0 11 16 14 0 10 0 12 0 0 0 13 0 15 12 0 0 0 3 0 7 0 0 19 0 0 6 2 7 0 0 0 5 0 4 27 16 0 0 10 0 0 0 0 0 0 0 0 4 0 0 0 0 0 0 0 2 0 28 0 36 0 0 6 0 0 0 22 0 0 0 0 1 0 0 0 0 0 0 0 0 0 0 0 8 2 0 
 53 6 0 0 0 6 0 32 0 3 0 0 0 0 0 0 0 0 0 0 4 3 3 3 3 3 3 3 3 3 3 3 3 3 3 3 3 3 3 3 47 257 64 203 0 271 90 304 159 85 322 125 61 63 67 294 341 108 58 79 0 6 46 0 0 0 0 53 2 0 0 0 51 50 0 0 0 0 1 27 0 0 0 0 0 0 0 0 0 0 0 0 0 0 0 0 0 0 0 0 0 0 0 0 0 0 0 0 6 0 0 0 22 0 0 0 0 0 0 0 0 0 0 28 21 0 0 0 0 0 0 24 0 0 0 0 1 14 0 0 8 33 0 0 0 0 31 18 0 1 0 0 49 36 0 1 0 0 19 12 0 0 0 0 0 2 0 0 0 0 1 0 0 0 0 11 7 0 0 0 0 0 0 0 0 0 0 0 0 0 0 0 0 0 0 0 0 0 0 0 0 0 11 19 9 0 0 0 0 13 16 6 0 0 1 0 1 7 0 0 0 7 0 27 11 0 18 0 2 0 0 0 9 14 0 6 0 0 17 22 0 0 0 0 0 9 0 0 0 0 0 17 0 0 0 0 0 0 0 1 0 0 2 67 3 0 0 1 2 0 0 0 0 0 0 0 0 1 0 0 0 0 0 0 0 0 0 1 1 0 
 0 0 0 0 0 6 0 0 0 3 32 0 0 0 0 0 0 0 0 0 1 1 1 2 3 4 1 2 2 2 1 1 2 1 1 2 1 90 1 2 27 265 99 170 271 0 28 29 324 100 221 84 30 55 60 66 67 75 254 36 3 52 99 0 5 5 0 17 0 0 2 0 54 1 3 51 52 0 0 51 0 0 0 0 0 0 0 0 0 28 0 0 0 0 0 0 0 0 0 0 0 0 0 0 0 0 0 0 0 0 0 0 0 0 0 0 0 0 0 0 0 0 0 0 0 0 0 0 0 0 4 12 0 0 0 0 0 0 0 0 40 1 0 0 0 1 11 28 0 0 37 0 3 12 15 0 0 0 8 12 0 0 0 0 0 0 0 0 0 0 0 0 0 0 0 7 14 0 0 0 0 0 0 0 0 0 0 0 0 0 0 0 0 0 0 0 0 0 0 0 0 8 0 0 11 14 0 0 0 11 6 0 0 0 0 0 0 0 0 0 0 28 1 0 35 10 20 0 11 19 0 0 7 10 27 0 0 21 12 28 0 0 0 0 0 0 0 0 0 0 0 4 0 0 0 0 0 0 0 0 0 0 4 64 0 0 1 0 1 0 0 0 0 0 0 0 0 0 0 0 0 0 0 0 0 0 0 0 1 0 
 3 3 0 0 0 3 0 0 0 0 0 3 4 0 0 0 0 0 10 4 0 66 0 86 65 65 0 0 0 61 20 0 1 0 0 48 0 76 0 0 381 273 323 345 90 28 0 146 102 104 58 40 166 189 223 109 94 37 328 180 0 51 0 1 4 1 0 0 0 0 0 1 0 2 2 0 0 2 5 0 3 0 0 0 0 0 0 0 0 0 0 0 0 0 5 0 0 0 0 6 0 0 0 0 0 0 0 0 13 0 9 0 0 0 0 0 8 13 0 0 12 33 17 0 0 0 10 9 13 13 9 44 4 1 10 7 11 0 9 17 0 0 0 0 0 7 0 35 0 0 0 0 0 14 19 0 0 0 0 0 0 0 0 0 0 0 13 0 0 0 0 0 0 0 6 0 0 0 10 0 0 12 13 0 19 7 0 0 0 0 6 7 0 0 0 0 0 0 0 0 0 0 12 0 1 0 41 0 0 0 0 0 47 5 0 0 15 0 0 0 0 0 0 0 0 0 0 0 0 0 0 0 0 0 0 0 0 0 0 0 0 0 0 0 0 0 0 0 0 0 0 9 0 1 0 0 0 62 19 0 0 0 1 0 0 0 2 0 0 0 0 0 0 0 0 0 0 0 0 0 0 0 0 0 9 0 0 0 1 0 
 0 0 0 0 0 3 0 0 0 0 3 3 0 2 2 0 2 65 0 0 1 0 0 6 4 22 0 0 0 0 0 0 0 0 0 0 0 0 0 0 132 143 152 69 304 29 146 0 213 143 95 106 89 231 131 62 73 160 67 181 3 0 0 0 0 0 48 2 0 0 0 0 0 3 0 0 0 0 0 3 0 0 0 0 0 0 0 0 0 0 0 0 0 0 0 0 0 0 0 0 0 0 0 0 0 0 0 0 0 0 0 0 6 0 0 0 0 0 0 6 24 0 15 7 23 16 1 0 33 39 17 23 22 21 33 4 9 23 0 2 4 0 9 0 0 0 0 0 0 0 0 0 0 0 3 0 0 0 12 3 0 0 0 0 0 0 0 0 0 0 0 0 0 0 3 0 0 3 0 0 0 0 0 0 0 0 0 0 0 0 0 30 0 0 0 0 0 7 0 0 0 22 19 8 9 2 21 13 60 34 0 0 0 36 0 28 91 1 8 0 0 0 11 0 0 0 16 8 2 0 0 0 0 4 3 0 0 0 0 3 0 0 20 0 0 0 0 0 0 0 0 4 0 0 0 0 0 0 0 0 0 0 0 0 2 2 0 0 2 0 0 0 0 0 24 0 0 0 0 0 0 0 0 0 0 0 0 1 1 0 
 0 2 0 0 0 0 0 0 0 0 0 0 0 0 0 0 0 0 0 0 0 0 0 1 0 66 0 0 0 0 0 0 0 1 0 0 0 0 0 0 281 74 324 162 159 324 102 213 0 232 124 268 133 373 111 252 352 54 51 132 0 15 0 0 7 0 0 5 0 0 0 0 0 0 0 0 0 0 1 0 0 0 0 0 0 0 0 0 0 0 0 0 0 0 0 0 0 0 0 0 0 0 0 0 0 0 0 0 12 0 0 0 0 0 0 0 0 0 0 0 9 14 0 0 0 0 0 14 0 10 0 37 0 19 1 0 0 0 0 0 3 0 0 0 0 12 0 20 0 0 0 0 1 19 23 0 0 0 0 0 0 0 0 0 0 0 0 0 0 0 0 0 0 0 0 4 0 0 0 0 0 0 0 0 0 0 0 0 0 0 0 0 0 0 0 0 0 1 0 0 0 12 18 0 19 11 13 3 19 14 39 0 0 0 0 1 15 0 0 7 0 21 0 0 4 2 58 1 0 0 0 0 13 0 16 10 0 0 10 7 0 0 0 0 0 0 0 0 0 0 0 0 0 0 0 0 0 0 0 0 0 0 1 1 1 0 1 2 2 0 1 0 0 0 0 0 0 0 0 0 0 0 0 0 27 13 0 0 2 0 
 0 3 11 0 11 2 0 0 19 14 3 0 0 2 0 40 0 0 0 0 7 0 0 0 0 28 0 0 0 0 0 0 0 0 0 0 0 0 0 0 23 54 201 176 85 100 104 143 232 0 382 113 41 349 124 159 191 57 73 147 0 0 0 0 0 0 0 0 0 4 0 0 0 0 0 0 0 0 0 0 0 0 0 0 0 0 0 0 0 0 0 0 0 0 0 0 0 6 0 0 0 0 0 0 0 0 6 0 0 0 0 0 1 0 0 0 0 0 0 0 5 0 0 30 12 9 0 0 14 27 18 1 0 18 0 0 14 1 0 0 10 0 0 0 10 0 14 0 0 0 0 0 0 1 10 0 0 0 13 0 0 0 0 0 10 21 0 0 8 0 0 0 0 0 0 2 0 0 0 0 0 0 0 0 0 0 0 3 0 0 0 0 0 1 10 0 0 0 6 7 0 14 0 0 16 22 0 9 4 12 14 8 0 26 0 2 30 0 0 0 0 10 0 17 0 0 61 0 0 13 0 0 19 0 11 0 0 11 0 10 0 7 5 0 0 0 0 0 0 0 0 9 0 1 0 0 0 0 0 0 0 0 2 2 0 5 1 0 0 0 0 0 0 0 0 0 0 0 0 0 0 1 0 0 0 0 0 1 2 0 
 0 2 0 0 0 0 0 0 3 4 2 0 0 3 0 3 0 0 0 0 0 0 0 4 0 7 0 0 0 0 0 3 0 0 0 0 0 7 0 0 168 40 83 151 322 221 58 95 124 382 0 851 41 264 121 73 418 58 56 75 0 4 1 0 0 0 0 54 0 22 0 0 0 0 0 0 0 0 0 0 0 0 0 0 0 0 16 0 0 0 0 0 0 0 0 0 0 0 0 0 0 0 1 0 1 0 0 0 0 0 0 1 0 0 0 4 0 3 0 0 11 20 21 1 34 14 2 0 0 1 5 8 4 0 19 0 2 0 0 0 4 0 0 0 0 0 0 1 0 0 0 0 0 2 0 0 0 0 26 0 0 0 0 0 0 0 0 0 0 0 0 0 19 0 12 0 0 4 0 0 0 0 0 0 0 0 0 0 0 0 0 0 0 0 0 0 0 6 0 0 18 6 7 0 0 45 14 2 3 1 19 13 2 6 11 0 0 7 4 34 0 7 0 0 10 0 10 0 10 4 0 0 8 16 7 0 0 4 4 43 0 0 0 0 0 0 0 0 0 0 0 11 0 1 0 0 0 0 6 3 0 0 1 4 0 10 4 89 0 0 0 0 0 0 0 0 0 4 0 0 0 3 0 0 0 0 0 19 2 0 
 3 6 3 2 3 2 2 1 3 9 7 2 1 4 5 3 4 1 3 3 0 0 0 0 0 0 0 0 0 0 0 0 0 0 0 0 0 2 0 0 27 79 330 76 125 84 40 106 268 113 851 0 25 304 40 329 130 223 43 53 0 8 46 12 18 0 0 1 0 0 8 26 0 0 0 2 0 0 58 0 0 0 0 0 0 0 0 0 0 0 0 15 0 0 0 0 0 0 0 0 0 0 0 0 0 0 0 0 0 0 0 0 8 0 0 0 0 0 0 0 18 0 10 27 34 22 0 0 0 3 27 39 0 0 0 0 1 14 0 0 0 20 0 14 0 1 1 19 0 7 0 10 1 21 0 0 0 0 20 0 0 0 0 0 0 0 0 0 0 0 0 0 0 0 0 0 0 0 0 0 0 0 0 0 19 0 0 0 0 1 0 0 0 0 0 0 0 0 0 0 0 9 10 19 9 19 19 0 23 13 44 9 0 0 1 0 0 8 0 1 0 3 0 0 1 2 9 1 0 0 0 1 24 0 17 0 0 0 18 8 0 0 0 0 0 0 0 0 0 0 0 7 0 0 0 0 0 0 0 2 0 27 4 6 0 4 0 5 0 0 19 0 0 0 0 0 0 0 0 0 0 0 0 0 0 0 0 1 2 0 
 0 0 0 0 0 0 0 2 2 0 1 0 0 0 2 0 2 0 1 4 0 0 0 62 61 62 0 0 0 0 53 20 0 0 0 66 0 0 0 0 200 64 197 66 61 30 166 89 133 41 41 25 0 159 97 20 112 253 125 304 0 0 0 2 0 0 0 2 0 0 0 0 0 0 0 0 0 0 0 51 0 0 0 9 0 0 0 0 0 0 0 0 0 0 0 0 0 0 0 0 0 0 0 0 22 7 0 0 10 0 0 0 0 0 0 0 0 0 0 0 7 49 1 0 1 0 21 40 10 0 0 20 16 0 11 11 0 0 3 11 0 0 0 0 0 7 0 13 0 0 0 0 0 0 32 0 0 0 0 0 0 0 0 0 0 0 0 0 0 7 0 0 0 0 6 0 0 5 0 0 0 0 0 0 10 21 0 0 0 0 11 4 0 0 0 0 0 37 0 0 28 0 8 12 0 0 14 28 0 0 0 16 0 15 8 59 2 6 18 19 0 0 0 0 0 0 0 0 17 0 0 6 0 0 0 0 0 0 0 0 0 0 0 0 0 0 0 0 0 0 0 18 0 0 0 0 0 66 0 12 0 0 66 0 0 10 0 0 0 0 0 0 0 0 0 0 0 0 0 0 0 0 0 0 11 10 0 0 2 0 
 0 4 0 0 0 0 0 0 0 0 0 3 0 4 0 0 0 0 0 0 2 2 3 3 2 91 2 3 3 23 64 2 3 2 2 3 3 5 2 2 186 113 313 318 63 55 189 231 373 349 264 304 159 0 275 175 117 48 59 108 0 0 0 6 0 0 0 0 0 0 0 0 0 0 0 5 0 0 0 0 0 0 0 10 0 0 0 0 0 0 0 0 0 0 0 0 0 0 0 0 0 0 14 0 0 24 0 0 0 14 3 24 0 0 0 7 1 0 0 0 25 24 33 12 1 7 18 35 22 38 23 9 13 0 11 1 0 0 21 0 0 0 0 0 0 5 3 6 0 0 0 0 0 13 7 0 0 0 0 0 0 0 0 0 0 0 0 0 0 0 0 0 0 0 1 0 0 0 0 0 0 0 0 0 0 22 0 0 0 0 0 19 0 0 0 38 0 8 0 0 0 9 22 0 16 1 19 44 24 0 11 1 0 38 0 28 34 20 0 3 0 0 0 0 0 0 0 0 0 1 0 0 13 0 9 0 0 0 15 1 0 0 3 0 0 0 0 0 0 0 0 10 0 2 0 0 0 0 0 2 0 0 1 0 0 1 1 0 1 0 2 0 0 0 0 0 0 0 0 0 0 0 0 0 0 3 0 0 1 0 
 0 11 0 61 0 65 0 0 0 74 6 2 0 0 0 0 0 23 0 0 2 2 2 3 2 2 2 3 4 3 2 2 3 3 2 3 2 2 64 2 88 307 155 203 67 60 223 131 111 124 121 40 97 275 0 132 68 64 119 319 0 50 0 0 0 0 0 0 0 0 0 0 0 5 0 0 0 0 3 0 0 0 1 2 0 0 0 0 0 0 0 0 0 0 0 0 0 0 0 0 0 0 0 0 0 0 0 0 0 25 0 0 2 0 0 0 0 0 0 10 1 16 37 0 17 0 0 9 19 2 13 26 0 0 19 0 7 17 0 0 0 0 0 0 0 4 0 30 0 0 0 0 3 8 8 0 0 0 5 0 0 0 0 0 0 0 0 0 0 0 16 0 0 0 0 0 0 0 2 0 4 0 0 0 0 0 12 0 0 0 0 0 0 10 10 0 0 0 0 0 15 20 24 18 22 33 26 0 1 4 53 0 0 31 22 14 35 15 0 0 22 0 0 0 0 0 2 0 0 0 6 0 0 0 0 0 0 0 4 13 0 0 0 0 0 0 0 0 0 85 0 9 0 2 0 0 0 0 0 2 0 0 3 0 2 1 4 0 0 0 0 0 0 0 0 0 0 0 0 0 0 0 0 0 10 0 0 9 0 0 
 0 6 0 0 0 66 0 0 0 63 0 0 0 0 0 0 0 0 0 0 0 0 0 0 0 27 0 0 0 0 0 63 0 1 0 0 2 0 0 0 56 231 163 47 294 66 109 62 252 159 73 329 20 175 132 0 98 266 79 156 0 0 0 0 0 0 0 0 0 0 0 0 0 8 54 10 0 0 24 2 0 0 0 0 0 0 0 0 0 0 0 0 0 0 0 8 22 0 0 0 0 0 0 0 0 0 0 0 0 0 0 0 0 0 0 0 0 0 0 0 4 0 3 15 43 21 0 0 25 17 58 12 0 25 0 32 0 13 0 9 8 0 0 0 0 0 0 0 0 0 0 0 0 8 0 0 0 0 0 0 0 0 0 0 0 0 0 0 0 0 0 0 0 0 0 0 0 0 0 0 0 0 0 0 0 0 0 10 0 0 0 0 0 0 0 0 1 0 0 0 13 46 0 7 30 1 28 12 15 20 20 14 0 54 32 58 33 17 0 0 0 9 0 0 0 0 0 0 11 0 0 0 15 0 8 0 0 0 12 0 0 0 0 0 0 0 0 0 0 0 0 11 0 0 0 0 0 0 0 1 0 0 0 0 0 2 0 0 0 0 7 0 0 0 0 0 0 0 0 0 0 0 0 0 0 6 0 1 1 0 
 0 3 0 0 0 2 0 0 1 12 3 2 0 0 0 3 0 0 0 0 0 0 2 4 3 72 0 0 0 9 0 0 0 2 0 0 0 0 0 0 190 42 249 743 341 67 94 73 352 191 418 130 112 117 68 98 0 69 263 192 0 0 0 0 0 0 0 0 0 0 0 0 0 0 0 0 0 0 0 0 0 0 0 0 0 0 0 0 0 0 0 0 0 0 0 0 0 0 9 0 0 0 6 0 0 7 0 0 0 9 13 7 0 0 0 3 0 0 0 17 8 30 0 2 15 0 10 8 12 21 9 21 0 11 46 0 18 0 13 0 0 0 0 0 0 0 23 15 0 0 0 0 0 19 0 0 0 0 8 0 0 0 0 0 0 0 0 0 0 6 0 0 0 0 53 0 0 7 0 0 4 3 0 21 0 0 0 0 0 34 0 0 0 0 0 3 0 0 0 0 28 0 22 10 0 0 0 31 29 11 0 14 0 18 0 13 25 2 0 8 0 25 0 0 0 0 16 0 1 0 0 0 1 0 0 0 0 0 10 0 0 0 26 0 0 0 0 0 0 0 0 4 0 1 0 0 0 1 0 13 0 0 62 0 0 3 2 1 2 0 0 0 0 0 0 0 0 0 0 0 0 0 0 0 0 0 0 0 2 0 
 3 3 3 3 3 6 3 3 3 5 3 6 3 0 6 3 6 3 5 3 0 0 0 6 0 0 0 0 3 0 0 0 0 0 0 0 0 3 0 0 102 165 118 79 108 75 37 160 54 57 58 223 253 48 64 266 69 0 93 306 0 8 3 2 0 0 0 0 0 0 0 0 0 15 7 0 12 0 22 0 0 0 0 0 0 0 0 0 0 0 0 0 0 0 0 0 0 0 0 0 0 0 0 0 0 0 0 0 0 0 0 8 0 0 0 0 0 0 0 0 11 0 8 25 81 21 0 0 13 12 18 9 0 0 0 0 1 18 0 0 20 0 0 1 4 0 14 0 0 2 6 3 0 5 0 0 9 2 0 0 0 0 0 0 0 0 0 0 0 0 0 0 0 0 3 0 0 0 0 0 0 0 0 0 0 0 0 0 0 0 0 0 0 0 0 0 0 0 0 0 16 27 11 13 30 1 9 0 7 36 37 7 0 9 18 11 0 46 0 0 0 2 0 0 0 0 0 0 0 8 1 5 11 0 55 17 0 4 14 1 0 0 0 0 0 0 0 0 0 0 0 13 0 0 0 0 0 0 0 11 0 0 0 2 0 4 7 0 3 0 18 0 0 0 0 0 0 0 0 0 0 0 0 0 0 13 0 0 2 0 
 3 0 0 0 0 2 27 5 0 0 0 4 0 4 0 0 0 0 0 0 2 2 2 7 137 10 2 2 2 23 127 2 2 2 30 2 2 64 2 2 28 97 60 465 58 254 328 67 51 73 56 43 125 59 119 79 263 93 0 119 0 0 0 0 0 0 0 0 3 0 0 0 0 5 0 4 0 0 0 0 6 5 4 0 0 0 0 9 0 0 0 0 0 0 2 0 1 0 22 0 0 0 0 0 7 19 0 0 0 0 0 10 0 0 0 0 0 13 0 19 1 3 30 0 10 0 27 0 26 40 12 0 28 55 0 15 0 27 21 11 0 0 4 0 0 0 0 0 0 0 0 0 1 11 0 0 0 0 0 0 9 10 0 0 0 0 3 0 0 0 0 0 0 0 0 4 0 3 0 0 0 0 0 0 8 0 0 8 0 16 0 20 0 0 0 0 36 0 0 0 8 13 1 7 11 0 10 0 28 33 0 11 30 12 10 26 0 18 7 0 0 0 0 0 0 0 0 0 0 0 0 0 0 0 0 0 0 0 0 0 0 0 0 0 0 0 0 0 0 0 0 18 0 0 0 0 0 63 62 0 0 0 0 0 0 2 2 0 0 0 0 0 0 0 0 0 0 0 0 15 0 0 0 0 0 21 0 0 0 0 
 3 5 3 3 3 3 3 3 3 3 8 3 3 4 6 3 6 3 3 3 0 0 0 0 0 63 0 2 0 0 0 0 0 0 205 0 0 0 0 0 179 116 381 95 79 36 180 181 132 147 75 53 304 108 319 156 192 306 119 0 0 0 3 0 0 0 0 5 0 0 0 0 0 14 0 10 0 6 0 0 0 0 0 0 0 0 0 0 0 0 0 0 0 0 0 0 9 0 0 0 0 0 0 0 0 0 0 0 0 0 0 0 0 0 0 0 0 0 0 0 50 29 22 0 27 1 54 8 22 11 22 12 0 0 46 28 0 13 0 9 7 0 0 0 0 5 0 8 0 0 0 4 0 0 36 6 8 0 0 0 0 0 0 0 0 0 0 0 0 0 0 0 34 0 3 0 0 44 0 0 25 0 0 0 0 0 0 0 0 0 0 0 0 0 0 0 0 0 0 0 40 36 10 22 11 0 55 0 2 11 0 73 6 49 32 43 20 11 0 7 0 4 0 6 0 0 0 0 13 0 0 1 0 0 18 1 7 0 0 0 0 0 0 0 0 0 0 0 0 0 0 3 0 0 0 0 0 0 0 0 0 0 64 0 1 31 0 0 0 0 0 0 0 0 0 6 0 0 0 0 0 0 0 0 12 0 0 1 2 0 
 0 4 2 3 6 3 3 3 0 5 3 11 3 3 3 3 3 3 0 2 3 3 3 3 6 4 6 3 3 3 3 3 9 3 3 3 3 3 10 3 0 0 2 0 0 3 0 3 0 0 0 0 0 0 0 0 0 0 0 0 0 98 148 105 42 50 398 93 259 345 399 42 52 378 177 35 93 308 33 106 0 0 0 0 0 0 0 0 0 0 0 0 0 0 0 0 2 0 0 0 0 0 0 0 0 0 0 0 0 7 0 0 0 0 0 0 6 4 0 0 0 0 0 0 0 0 0 0 1 0 0 7 0 0 0 0 0 1 0 0 1 0 32 28 8 44 8 0 0 14 0 0 0 0 0 0 14 10 1 22 0 0 0 0 0 0 0 0 0 0 0 0 0 0 0 0 0 0 0 0 0 3 0 0 0 0 0 0 0 0 0 0 4 0 9 0 0 3 0 3 0 0 0 0 0 21 0 0 0 0 0 0 0 0 0 0 0 0 0 0 7 0 11 0 7 9 20 74 26 19 2 6 0 2 0 12 25 0 0 3 14 0 0 0 0 0 0 0 0 0 0 0 0 0 6 0 20 0 0 0 0 0 9 4 0 0 0 0 0 0 8 0 23 2 1 0 0 0 0 0 0 0 0 0 1 0 9 0 0 0 
