 0 386 575 405 48 30 263 171 126 17 131 43 50 62 24 140 141 108 145 65 0 0 5 0 3 1 0 2 0 0 3 0 0 5 2 0 3 3 2 0 0 0 0 0 0 0 0 0 3 0 0 0 0 0 0 0 0 0 0 0 2 0 0 0 0 54 0 0 0 0 0 2 0 2 0 1 2 0 0 0 3 9 28 40 32 1 15 21 64 25 12 14 3 75 13 21 20 52 13 11 0 0 0 0 0 0 0 0 0 1 0 0 0 0 2 0 0 0 9 0 0 0 0 13 0 0 2 0 0 0 0 0 11 0 0 0 18 0 0 0 0 0 0 0 0 0 0 0 0 0 0 0 2 0 0 0 0 0 0 0 12 24 18 16 0 10 31 19 20 13 7 18 0 0 25 0 45 10 32 0 0 0 0 0 0 0 0 0 0 0 0 0 1 14 0 0 0 2 2 4 0 0 0 0 0 0 0 1 0 0 0 0 2 0 0 0 0 0 0 0 2 0 0 0 0 0 0 0 0 0 0 0 0 0 0 0 0 0 0 0 0 2 0 0 2 2 0 0 1 43 0 6 0 0 0 0 0 0 0 0 0 0 11 0 0 0 0 0 0 0 0 0 0 0 0 0 29 0 0 0 0 0 0 0 0 0 0 0 0 0 
 386 0 431 91 22 33 88 318 237 32 44 26 577 153 524 176 208 42 346 58 0 0 0 0 0 5 0 1 3 2 0 0 0 2 2 3 0 3 1 0 0 4 1 0 3 0 0 0 0 2 2 0 0 0 0 0 0 0 0 0 0 0 0 3 0 0 0 0 0 2 2 0 0 3 1 0 0 0 0 0 45 26 13 6 0 18 9 2 3 9 0 20 12 15 23 20 0 0 34 12 19 0 0 0 0 0 0 0 0 0 0 0 2 20 0 0 0 0 1 22 0 0 0 29 2 0 0 0 0 0 0 0 0 0 0 0 0 0 0 0 0 0 0 0 0 0 0 0 0 0 0 0 0 2 0 0 0 0 0 0 23 0 16 5 0 1 1 16 0 30 3 0 15 0 0 17 1 10 26 0 0 0 0 0 0 0 0 0 0 0 2 0 0 0 0 0 0 0 0 0 2 0 0 0 0 0 0 0 0 0 0 0 0 0 0 2 0 0 0 2 0 0 0 0 0 0 0 0 0 0 0 0 0 0 0 0 0 0 0 0 0 0 8 0 0 0 7 0 5 0 14 4 0 0 0 0 0 0 0 0 0 0 0 0 0 0 0 0 0 1 0 0 0 0 0 0 1 12 0 0 0 0 0 0 0 0 0 0 0 0 
 575 431 0 308 28 40 126 307 362 151 54 130 74 128 88 60 228 49 249 57 0 0 0 0 0 3 0 1 3 0 0 0 0 3 1 3 1 0 1 0 0 5 0 0 3 0 0 0 0 0 2 0 0 0 0 0 0 0 0 0 0 0 0 3 0 0 0 0 0 2 3 0 0 0 0 0 0 0 0 0 0 25 23 21 8 29 0 16 11 21 0 36 27 43 0 17 36 17 13 13 42 0 0 0 0 0 5 0 0 0 0 0 0 25 0 0 0 0 0 21 0 0 0 0 0 11 0 0 0 0 0 0 0 0 0 0 14 0 2 0 0 0 0 0 1 0 0 0 0 0 0 0 0 0 0 0 0 0 0 0 29 16 41 32 0 0 0 13 2 28 15 43 0 0 35 14 34 20 13 0 0 0 0 0 0 0 0 0 0 0 0 0 0 0 0 2 0 0 15 11 0 0 0 0 0 0 0 0 0 0 0 1 0 0 0 0 0 0 0 0 0 0 0 0 1 0 0 0 0 0 0 0 0 0 0 20 0 0 0 0 0 0 0 0 0 0 12 0 1 46 0 0 11 0 0 0 0 0 0 0 0 0 0 0 2 0 0 0 0 0 0 0 0 0 0 0 25 11 0 0 0 0 0 0 13 0 0 0 0 0 
 405 91 308 0 96 81 241 120 85 169 292 304 100 70 70 63 49 227 153 68 2 76 0 0 0 3 112 0 3 0 0 0 98 3 139 3 0 0 2 33 0 3 1 0 3 0 0 0 0 9 2 0 0 0 0 0 3 0 7 1 0 0 0 3 0 0 0 0 0 2 2 0 0 0 0 0 0 0 0 0 0 0 16 21 51 0 11 11 20 41 64 52 0 1 9 0 22 17 0 0 0 0 0 0 13 0 1 26 0 0 0 0 11 13 19 14 0 3 27 13 0 0 0 0 0 0 0 0 0 0 0 0 0 0 0 0 0 0 0 0 0 0 0 0 0 0 0 0 0 15 0 0 0 0 0 1 0 0 0 0 19 13 16 0 14 17 2 19 37 16 91 21 20 0 18 4 20 39 15 0 0 3 0 0 0 0 18 10 0 14 0 0 19 10 7 17 0 2 18 23 0 0 0 0 0 0 0 0 0 0 0 0 0 0 0 0 0 0 0 0 0 0 0 0 0 0 0 0 0 0 0 0 0 0 0 0 0 0 0 0 0 0 0 0 0 3 0 1 1 88 2 4 0 0 0 0 0 0 0 0 0 0 0 0 0 0 0 0 0 0 0 0 0 0 0 0 0 12 0 0 0 0 0 0 0 0 0 0 0 0 
 48 22 28 96 0 378 38 50 49 280 131 236 275 122 134 175 134 352 271 251 60 143 0 0 0 7 132 73 80 0 0 0 133 1 148 3 59 0 11 177 0 3 0 0 3 14 0 0 0 1 2 0 0 0 0 0 0 0 0 2 2 0 0 3 0 0 0 0 4 4 2 4 0 0 0 1 0 7 0 0 0 0 11 15 0 16 15 0 0 0 21 37 0 0 0 3 10 23 0 0 13 11 17 0 0 0 0 7 1 26 0 20 9 12 19 14 13 0 20 19 0 0 0 0 0 2 0 0 0 0 0 1 0 0 0 0 0 0 0 2 0 1 0 0 0 0 3 0 0 0 0 0 0 0 0 0 0 0 1 0 0 0 0 0 45 31 0 0 0 1 0 21 0 0 9 0 0 0 0 0 0 1 0 0 20 0 14 6 13 37 0 14 18 78 3 21 0 15 9 10 0 0 0 0 0 0 0 3 1 0 0 0 0 0 0 0 0 0 17 0 0 0 0 1 0 0 1 0 0 0 0 0 0 0 0 0 0 0 1 2 0 0 0 0 0 4 99 0 5 1 1 2 0 0 0 0 0 0 0 0 0 0 0 0 0 0 0 0 0 0 0 0 0 0 0 0 0 0 0 0 0 0 0 0 0 0 0 0 0 0 
 30 33 40 81 378 0 325 33 44 66 296 272 29 55 39 86 70 61 263 61 230 76 75 2 0 3 2 1 5 9 0 0 1 153 22 3 75 75 247 146 2 3 3 3 3 2 0 0 2 6 2 0 2 0 0 3 6 0 2 0 3 0 0 3 0 0 0 3 6 2 3 0 0 0 0 0 0 0 0 0 0 0 0 0 0 15 0 0 0 13 10 24 0 1 7 0 0 0 0 0 15 0 7 0 0 0 24 11 17 38 11 16 6 10 0 10 0 8 0 0 0 0 0 0 0 0 0 0 0 0 0 0 0 0 0 0 0 0 0 0 0 0 0 8 0 0 0 0 0 0 0 0 2 0 0 0 0 0 0 0 0 0 0 0 18 34 0 29 16 0 8 9 14 0 0 1 0 15 0 0 14 19 0 1 0 0 57 0 0 1 0 8 0 0 18 0 13 6 26 72 0 0 0 0 0 0 0 12 0 0 0 0 2 0 2 0 0 0 0 0 0 0 0 0 0 0 0 0 0 0 0 0 0 0 0 0 0 0 0 0 0 4 0 0 0 0 4 0 6 1 0 2 0 0 0 0 0 0 75 0 0 0 0 0 0 0 3 0 0 0 0 0 0 0 0 7 0 0 0 0 0 0 0 0 0 1 0 0 0 0 
 263 88 126 241 38 325 0 182 244 333 257 56 172 136 130 273 27 157 194 246 0 0 0 0 0 3 0 1 3 0 0 0 84 3 0 3 0 0 2 0 0 4 0 0 3 0 0 0 0 4 2 0 61 0 0 0 0 1 3 0 0 0 0 3 0 40 0 0 0 2 3 0 0 6 0 0 0 0 0 0 30 0 13 11 0 0 8 54 11 39 0 32 0 31 29 73 0 2 30 13 0 0 0 0 0 0 0 0 0 0 0 0 0 0 0 0 0 0 0 0 0 0 0 0 0 0 0 0 0 0 0 0 0 0 0 0 0 0 0 0 0 0 0 0 0 0 0 0 0 0 0 0 0 0 0 0 0 0 0 0 8 18 10 16 0 7 0 15 13 0 0 0 36 1 18 34 1 0 14 25 0 0 0 13 0 0 0 0 0 0 0 0 0 0 0 0 0 0 9 1 0 0 0 0 0 0 0 0 0 0 0 0 0 0 0 0 0 0 0 0 0 0 0 0 0 0 0 0 0 0 0 0 0 0 0 0 0 0 0 0 0 13 0 0 0 0 1 2 1 0 24 3 0 0 0 0 0 0 0 0 0 0 0 0 0 0 0 0 0 0 0 0 0 0 0 0 5 0 0 0 0 0 0 11 0 0 0 0 0 0 
 171 318 307 120 50 33 182 0 207 130 250 25 333 117 92 147 135 504 75 137 0 2 0 0 6 3 0 1 3 0 4 0 0 8 1 3 4 4 2 3 0 3 0 0 3 0 0 0 6 2 2 0 0 0 0 0 0 0 1 0 0 0 0 3 46 0 0 0 0 2 3 4 0 0 0 2 0 0 0 0 10 21 2 21 9 13 15 47 24 32 7 20 11 31 23 68 10 5 20 28 0 0 0 0 0 0 0 0 0 0 0 0 0 0 0 0 0 0 0 22 0 0 0 0 0 32 0 0 0 0 0 0 0 0 0 0 12 0 0 0 0 0 0 1 0 0 0 0 0 0 0 0 0 0 0 9 0 0 0 0 39 27 1 31 0 8 0 17 17 0 7 1 26 0 18 25 39 33 1 23 0 0 0 0 0 0 4 0 0 0 0 0 0 0 0 0 0 0 19 16 0 0 0 0 0 0 0 0 0 0 25 0 0 0 0 0 0 0 0 0 0 0 0 0 0 0 0 0 0 0 0 0 0 0 0 0 0 0 0 0 0 0 0 0 0 3 0 2 89 7 0 9 11 0 0 0 0 0 0 0 30 0 0 0 0 0 0 0 0 0 0 0 0 0 0 1 23 0 0 0 0 0 0 0 0 0 0 0 0 0 
 126 237 362 85 49 44 244 207 0 253 298 33 143 120 111 80 128 103 249 222 0 0 0 0 4 3 3 1 3 2 0 1 4 2 1 3 0 0 1 0 0 5 0 0 3 0 0 0 0 2 2 3 0 27 0 0 0 0 7 0 0 0 0 3 24 2 0 0 0 2 2 0 0 0 0 0 0 0 3 0 10 18 0 11 20 79 11 25 33 35 0 34 0 32 1 18 11 1 0 0 23 0 1 0 0 0 1 0 0 0 1 0 0 20 0 0 0 0 0 26 0 0 0 1 0 24 0 0 0 0 0 0 0 0 0 0 10 0 0 0 0 0 0 0 0 0 0 0 0 0 0 0 0 0 0 0 0 0 0 0 32 29 10 10 0 0 0 42 32 17 14 1 58 0 0 74 27 48 0 0 0 0 0 0 0 0 0 0 0 0 0 16 0 0 0 0 0 0 21 1 0 0 0 1 0 0 0 0 0 0 0 0 0 0 0 0 1 0 0 0 0 0 0 0 0 0 0 0 0 0 0 0 0 0 0 0 0 0 0 0 0 13 0 0 0 1 12 2 2 47 1 1 15 0 0 0 0 0 0 0 0 0 11 0 0 0 0 0 0 0 0 0 0 0 0 0 5 15 0 0 0 0 0 0 0 2 0 0 0 0 
 17 32 151 169 280 66 333 130 253 0 169 168 74 67 79 193 194 263 82 277 0 0 0 76 0 3 2 3 3 0 0 2 77 81 2 3 0 0 78 151 0 3 1 0 3 0 0 0 0 2 2 0 0 0 0 0 0 0 0 0 0 0 0 3 0 49 0 0 0 2 2 56 0 0 0 0 1 0 0 0 1 28 1 10 29 2 43 48 2 32 48 30 0 13 12 23 9 0 21 8 23 0 1 0 0 0 55 1 0 0 0 0 25 19 4 0 0 0 32 13 0 0 11 0 1 0 0 9 9 0 7 0 0 0 8 0 2 0 0 0 0 5 0 0 0 0 2 0 0 2 0 0 0 0 0 0 0 0 0 0 0 13 4 16 13 0 0 24 22 18 0 2 1 13 1 49 1 1 21 36 1 0 0 0 0 24 0 0 22 0 0 0 2 0 0 0 0 0 17 0 0 0 0 0 6 0 1 7 0 0 0 0 0 0 0 0 9 9 0 0 0 0 0 0 0 0 0 0 0 0 0 0 0 0 0 0 0 0 0 0 0 0 7 0 0 0 90 0 1 0 0 0 0 0 2 0 0 0 0 0 0 0 63 0 0 63 0 0 0 0 0 0 0 0 0 0 7 0 0 0 0 0 0 0 0 7 0 0 0 0 
 131 44 54 292 131 296 257 250 298 169 0 315 33 256 46 484 122 291 57 77 0 74 0 0 0 3 123 2 3 0 0 75 158 78 147 3 0 2 76 183 0 3 0 0 3 0 0 0 0 0 2 0 0 0 0 0 1 0 0 0 0 0 0 3 0 0 0 0 0 3 3 0 0 0 2 0 63 0 0 0 0 0 0 45 81 0 26 10 0 18 33 15 0 0 1 0 31 0 0 0 47 0 0 0 0 0 39 28 0 0 0 0 23 33 17 14 0 0 17 11 0 0 0 0 2 0 0 0 0 0 0 0 0 0 0 24 0 0 2 0 0 5 0 0 1 0 0 0 0 0 0 0 0 0 0 0 0 0 0 0 1 13 0 0 43 0 14 12 14 10 0 5 0 0 0 14 15 1 20 0 0 1 0 0 0 0 18 13 47 16 2 0 19 9 0 17 0 0 17 0 0 0 0 0 0 0 0 0 0 0 0 2 0 0 0 0 0 0 0 0 0 0 1 0 0 0 0 0 0 0 0 0 0 0 0 0 0 0 0 0 0 0 0 0 0 0 87 0 2 91 0 0 0 0 0 0 0 0 2 0 0 0 0 0 0 0 0 0 0 0 0 0 0 1 0 1 0 0 0 0 0 0 0 0 0 0 0 0 0 0 
 43 26 130 304 236 272 56 25 33 168 315 0 29 36 30 91 312 360 16 13 78 0 78 73 0 3 109 0 5 0 0 0 245 2 138 5 0 0 3 84 0 3 2 0 3 0 0 0 0 3 2 0 0 0 0 0 4 0 0 0 0 0 0 3 0 0 0 0 13 2 4 0 0 0 1 0 0 0 0 0 0 10 16 0 13 20 0 10 16 2 13 0 0 23 0 0 14 39 0 0 0 0 0 0 0 0 16 18 30 24 12 0 25 22 14 13 1 0 88 0 0 0 1 0 0 0 0 0 0 0 0 0 0 0 0 0 2 0 0 0 0 0 0 0 0 0 2 0 0 2 0 0 0 0 0 0 0 0 0 0 15 13 12 0 20 32 0 0 50 2 27 36 0 0 17 0 77 11 0 0 1 21 0 0 0 0 10 0 0 15 0 0 7 13 0 16 0 0 8 5 0 0 0 0 0 0 0 0 0 0 0 0 0 0 0 4 0 0 0 0 0 0 0 0 0 0 0 0 0 0 0 0 0 0 0 0 0 0 0 0 0 0 0 0 0 1 4 0 4 14 0 9 0 2 0 0 2 0 0 0 0 0 0 0 0 0 2 0 0 0 0 0 0 0 0 0 18 0 0 0 0 0 0 0 0 0 0 0 0 0 
 50 577 74 100 275 29 172 333 143 74 33 29 0 47 37 112 245 25 275 417 0 0 0 0 0 3 0 2 3 0 0 0 0 3 2 3 0 47 2 0 0 3 0 0 3 0 0 3 0 0 2 0 0 0 0 0 0 0 0 0 0 0 0 3 0 0 0 0 0 3 3 0 0 0 0 0 0 28 0 0 11 0 1 0 0 0 0 1 0 0 0 0 0 0 1 16 0 0 19 1 0 0 0 0 0 0 0 0 0 0 0 0 0 0 0 0 0 0 0 0 2 0 0 0 0 0 0 0 0 0 0 0 0 0 0 0 0 0 0 0 0 0 0 0 0 8 0 0 0 0 0 0 0 0 0 0 0 0 0 0 0 0 14 0 0 3 0 17 0 0 0 0 1 33 0 8 20 0 1 11 0 0 0 0 0 0 0 1 0 0 0 0 0 0 0 0 0 0 0 2 0 2 2 0 0 0 0 0 0 0 0 0 0 0 0 0 0 0 0 0 29 0 0 0 0 0 0 0 0 0 0 0 0 0 0 0 0 0 0 0 0 0 0 0 0 0 1 0 0 0 4 7 0 0 0 0 0 0 3 0 0 0 22 0 0 0 0 0 0 0 0 0 0 0 0 0 0 0 0 0 0 0 0 0 0 0 0 0 0 0 
 62 153 128 70 122 55 136 117 120 67 256 36 47 0 265 459 218 222 170 182 3 1 2 4 2 6 0 1 37 17 74 0 0 1 0 3 0 0 2 0 0 5 2 0 4 0 0 1 0 4 2 2 0 0 1 0 0 1 0 0 0 0 0 3 0 0 0 0 0 2 2 31 1 2 0 0 1 0 2 0 22 5 12 10 0 21 22 13 80 0 18 0 0 13 0 13 14 61 2 14 0 2 0 0 0 0 0 10 0 0 0 0 0 1 0 0 0 0 14 0 56 0 5 0 0 0 0 0 0 0 0 0 0 0 0 2 0 0 0 0 0 0 0 0 0 0 2 0 0 0 0 0 0 0 0 0 0 0 0 0 16 0 15 0 0 11 2 0 13 0 0 10 13 0 0 0 1 2 0 0 0 0 0 1 0 0 0 0 0 0 0 0 0 0 0 0 0 0 13 0 0 0 0 0 0 0 0 0 0 0 1 0 0 0 0 0 0 0 0 0 0 0 0 0 0 0 0 0 0 2 0 0 0 0 0 0 0 0 0 0 0 1 0 0 0 2 1 0 88 1 9 0 0 0 0 0 0 0 16 0 0 0 0 0 0 0 22 0 0 0 0 0 0 1 0 0 0 0 0 0 0 0 0 0 0 0 0 0 0 0 
 24 524 88 70 134 39 130 92 111 79 46 30 37 265 0 460 344 34 84 217 0 0 0 0 1 3 1 1 3 0 1 0 2 3 1 3 2 0 1 0 0 5 0 0 3 0 0 0 0 0 2 0 0 0 0 0 0 0 0 0 0 0 0 3 0 0 0 0 0 2 3 0 0 2 0 15 0 0 0 0 18 0 3 12 0 32 24 60 15 10 19 22 10 19 2 10 2 15 11 19 21 0 0 0 0 0 2 0 0 0 0 0 0 26 0 0 0 0 0 20 0 0 0 0 0 0 0 0 0 0 0 0 0 0 0 1 0 0 0 0 7 0 0 0 0 0 20 0 0 0 0 0 0 0 0 0 0 0 0 0 66 0 15 0 0 0 14 16 8 19 3 12 45 0 14 0 13 10 19 0 0 0 0 2 0 0 0 18 0 2 1 0 11 0 0 0 0 0 17 0 0 0 0 0 0 0 0 0 0 0 0 0 0 0 0 0 0 0 0 0 0 0 2 0 0 0 0 0 0 1 0 0 0 0 0 0 0 0 0 0 0 0 0 0 0 0 10 0 90 3 12 1 0 0 0 0 0 0 0 0 0 0 0 0 0 0 2 0 0 2 0 0 0 2 0 0 0 11 0 0 0 0 0 0 0 0 0 0 0 0 
 140 176 60 63 175 86 273 147 80 193 484 91 112 459 460 0 213 57 253 159 2 0 0 0 3 3 0 3 3 2 0 2 2 4 1 3 0 0 2 0 0 4 1 0 3 0 2 2 2 2 2 0 0 0 1 0 0 2 0 0 0 0 0 5 0 0 0 0 1 2 2 0 0 3 0 0 0 0 0 2 11 0 26 12 3 15 34 19 22 0 15 0 15 15 13 30 25 14 43 8 0 0 0 0 0 18 57 0 0 1 0 0 20 18 1 0 6 0 0 16 0 0 0 1 0 0 1 0 7 0 2 0 0 0 0 0 0 0 0 0 0 12 0 0 0 0 14 0 0 0 0 0 1 0 0 0 0 0 0 0 10 0 2 36 0 0 2 29 0 0 4 20 17 0 0 13 35 0 31 19 0 0 0 0 0 0 0 48 0 0 0 0 17 0 0 0 0 2 0 0 0 0 0 0 0 2 0 0 0 0 0 0 1 0 1 0 0 0 0 0 0 0 0 0 0 1 0 0 0 0 0 0 0 0 0 0 0 0 0 0 0 0 14 0 0 2 1 1 44 0 21 29 0 0 0 0 0 0 0 0 0 0 0 0 0 0 0 0 0 0 0 0 0 0 0 0 0 0 0 0 0 0 0 0 0 0 0 0 0 0 
 141 208 228 49 134 70 27 135 128 194 122 312 245 218 344 213 0 148 19 259 73 0 0 0 0 3 1 0 3 0 0 0 72 2 2 3 0 2 1 74 0 5 0 0 3 0 0 0 0 1 2 0 0 0 0 0 0 0 0 0 0 0 0 3 0 0 0 0 0 4 3 0 0 0 0 0 0 0 0 0 0 32 16 0 6 40 0 0 0 8 36 2 13 7 0 1 21 26 0 6 18 0 0 2 0 0 12 0 0 18 0 0 10 12 15 0 0 0 1 11 0 0 0 0 0 57 0 0 0 0 0 0 0 0 0 0 11 0 0 0 0 1 0 7 0 0 22 0 0 0 2 0 0 0 0 0 0 0 0 0 41 0 28 9 10 11 0 7 0 14 75 14 0 0 12 15 56 35 0 0 0 0 0 0 0 0 0 15 14 0 0 0 9 0 0 0 0 0 0 12 0 1 0 0 0 0 0 0 0 0 0 0 0 0 0 0 0 0 2 0 0 0 0 1 0 0 0 0 0 0 0 0 13 0 0 0 0 0 0 2 0 0 0 0 0 0 188 0 1 1 0 0 13 0 0 0 0 0 0 0 0 0 0 0 0 0 0 0 0 0 0 0 0 0 0 10 9 16 0 0 0 0 0 0 0 0 0 0 0 0 
 108 42 49 227 352 61 157 504 103 263 291 360 25 222 34 57 148 0 332 249 0 0 0 0 0 3 74 1 3 0 0 0 160 116 2 3 0 0 77 147 0 3 0 0 3 0 0 0 0 1 9 0 0 0 0 0 62 0 1 0 0 0 0 3 0 0 0 0 0 2 2 0 0 0 0 0 0 0 0 0 0 0 1 16 6 1 0 55 0 36 20 44 0 10 0 14 10 17 0 20 20 0 0 0 0 0 66 0 5 0 0 1 32 42 21 0 1 0 15 29 0 0 0 0 0 6 0 0 0 0 0 0 8 0 0 0 7 0 0 0 0 0 0 0 0 0 0 0 0 0 0 0 0 2 0 0 0 0 0 0 0 9 0 0 0 0 0 2 15 20 0 19 0 0 0 0 0 1 0 0 21 0 0 15 0 0 0 8 0 0 0 1 11 0 0 0 0 1 10 0 0 0 0 0 0 0 0 0 0 0 0 0 0 0 0 0 0 0 0 0 0 0 0 0 0 0 2 0 0 0 0 0 0 0 0 0 0 0 0 0 0 0 0 0 0 3 3 0 3 1 1 2 0 0 2 0 0 2 0 0 0 0 0 0 0 0 0 0 0 0 0 0 0 0 0 11 8 0 0 0 0 0 0 0 0 0 0 0 0 0 
 145 346 249 153 271 263 194 75 249 82 57 16 275 170 84 253 19 332 0 393 0 4 0 0 0 3 0 1 3 0 0 0 0 3 1 3 0 0 2 0 0 5 1 0 3 0 0 0 0 79 2 0 0 4 0 0 0 0 0 0 0 0 0 3 0 0 0 0 0 2 2 0 0 0 0 0 0 0 0 0 20 0 0 16 12 0 9 0 24 0 0 0 48 26 31 37 0 0 16 11 0 0 0 0 0 0 0 0 0 0 0 0 0 0 0 0 0 0 0 0 0 0 0 0 0 0 0 0 0 0 0 0 0 0 0 0 0 0 4 0 0 0 0 0 16 0 0 0 0 0 0 0 0 0 0 0 0 0 0 0 0 24 10 8 0 0 0 16 0 1 0 0 15 16 13 16 17 0 0 0 0 0 0 0 0 0 0 0 0 0 0 0 0 0 0 0 0 0 14 0 0 0 0 0 0 0 0 0 0 0 0 2 0 0 0 0 0 0 0 19 0 0 0 0 0 0 0 0 0 0 0 0 0 0 0 0 0 0 0 0 0 20 0 0 0 0 0 1 0 0 4 6 0 0 0 0 0 0 0 0 0 0 12 0 0 0 0 0 0 0 0 0 0 0 0 0 0 0 0 0 0 0 0 0 0 0 0 0 0 0 
 65 58 57 68 251 61 246 137 222 277 77 13 417 182 217 159 259 249 393 0 0 0 2 0 2 4 0 2 3 0 0 0 0 3 1 3 0 0 1 0 0 4 0 2 3 0 0 3 0 2 2 0 0 0 0 0 0 2 15 0 0 0 0 3 0 0 0 0 0 2 3 0 0 0 0 0 0 0 0 0 31 0 1 0 12 0 47 19 43 0 2 1 12 9 1 29 0 1 30 7 0 1 0 0 2 0 0 0 0 0 0 0 0 1 0 0 0 0 0 0 0 0 0 10 0 0 0 0 0 0 0 0 0 0 0 0 0 0 0 0 0 8 0 0 0 10 0 1 0 0 0 0 0 0 0 0 0 0 0 10 8 22 11 4 0 3 15 0 14 0 0 0 14 8 9 32 0 0 4 33 0 0 0 0 0 0 0 0 0 0 0 0 0 0 0 0 0 0 26 0 0 0 0 0 0 0 0 0 0 0 1 0 0 0 0 0 0 0 0 0 0 1 0 0 0 0 0 0 0 0 1 0 0 0 0 0 0 0 0 0 0 10 0 0 0 1 0 0 6 0 14 0 0 0 0 0 0 0 0 0 1 0 65 0 0 0 0 0 0 0 0 0 0 0 0 0 0 0 0 0 0 0 0 0 0 0 0 0 0 0 
 0 0 0 2 60 230 0 0 0 0 0 78 0 3 0 2 73 0 0 0 0 92 155 134 84 37 75 353 125 34 35 29 34 46 234 183 96 42 36 140 0 0 0 0 0 0 1 0 0 0 9 0 3 0 3 3 0 0 0 0 0 3 0 0 0 0 0 0 12 2 0 0 3 0 2 2 0 0 0 0 0 0 0 0 0 0 0 0 0 0 0 0 1 0 0 0 0 0 0 0 15 10 0 16 0 0 0 38 23 39 21 25 22 9 7 55 22 18 12 0 0 2 0 0 0 0 0 0 0 0 2 0 9 0 0 0 0 0 0 0 0 0 0 20 0 0 0 0 0 0 0 0 0 0 0 0 0 0 0 0 0 0 0 0 39 35 0 0 0 0 0 7 0 0 0 23 0 0 0 0 10 19 55 25 1 0 13 32 0 36 0 21 37 23 7 1 13 0 28 20 0 0 0 0 0 0 12 17 0 0 0 0 0 0 0 0 0 0 0 1 0 0 0 0 0 0 0 0 0 0 0 1 0 0 0 0 0 0 0 0 0 0 1 0 0 0 0 0 0 0 0 0 0 0 12 0 2 0 45 0 2 0 0 0 0 0 0 0 0 0 0 0 0 0 0 6 0 0 0 0 0 10 0 0 0 28 0 0 0 0 
 0 0 0 76 143 76 0 2 0 0 74 0 0 1 0 0 0 0 4 0 92 0 98 67 122 52 155 82 263 24 129 251 118 291 225 49 91 119 264 52 0 0 0 0 0 2 5 0 0 0 5 0 3 2 3 207 0 0 0 2 2 3 0 0 0 0 2 0 0 2 0 6 3 0 2 2 0 0 0 0 0 0 0 0 37 18 0 0 0 0 0 0 0 0 1 0 0 0 0 0 33 0 45 0 0 0 0 1 1 27 0 60 17 0 32 33 19 10 9 18 0 0 0 0 0 0 0 0 0 0 0 0 0 0 0 0 0 0 0 17 0 0 0 0 0 0 0 11 0 2 0 0 0 0 18 0 0 0 0 0 0 0 0 0 14 17 0 0 0 0 0 23 1 2 0 0 0 0 0 0 30 0 15 0 0 0 29 11 18 7 0 89 19 55 18 37 28 18 9 23 0 0 0 0 0 0 0 13 0 0 0 2 0 0 0 0 0 0 0 21 0 0 0 0 0 0 0 0 2 0 0 0 0 0 0 0 0 0 0 0 0 0 0 0 0 0 0 0 0 1 0 0 0 2 2 1 2 78 1 2 2 1 0 0 0 0 1 0 0 0 0 0 0 0 0 2 0 0 0 1 0 0 0 0 0 16 0 0 0 0 
 5 0 0 0 0 75 0 0 0 0 0 78 0 2 0 0 0 0 0 2 155 98 0 160 77 120 202 252 169 209 121 144 66 53 128 222 113 89 32 117 0 0 0 0 0 0 16 0 0 0 4 0 21 63 3 5 0 0 62 0 1 3 0 0 0 0 29 0 7 2 0 0 3 0 2 44 0 0 0 0 0 0 0 0 0 0 0 0 0 0 0 0 0 1 0 0 0 0 0 0 31 16 0 19 12 0 4 22 27 37 21 14 19 10 0 32 11 12 11 19 0 0 0 0 0 0 7 0 0 0 0 0 16 0 0 0 0 2 0 28 0 0 0 0 0 0 0 0 0 0 0 0 0 1 0 0 0 0 3 0 5 0 0 0 25 7 4 0 0 0 0 3 0 0 0 0 0 0 0 0 21 26 19 35 21 0 0 32 17 35 0 9 13 46 52 0 43 8 1 0 0 0 0 0 0 0 20 0 1 0 0 0 0 0 19 0 0 1 1 7 0 0 0 0 0 0 0 0 0 0 0 0 0 0 0 0 0 0 0 0 0 0 1 0 0 0 0 0 0 0 0 0 0 0 11 0 0 2 1 0 1 0 0 0 0 0 0 0 0 0 0 0 0 0 0 0 0 0 0 0 0 10 0 0 0 0 0 0 0 1 
 0 0 0 0 0 2 0 0 0 76 0 73 0 4 0 0 0 0 0 0 134 67 160 0 166 95 106 154 324 224 161 421 300 68 68 264 49 307 85 78 95 0 0 0 0 0 62 0 0 3 10 0 4 0 37 3 0 0 65 0 0 3 0 0 0 2 0 3 0 2 0 0 12 0 2 2 1 38 0 0 0 0 0 0 0 2 0 0 0 0 0 0 0 0 0 0 0 9 0 0 0 12 0 39 12 14 0 10 0 14 11 35 2 0 0 1 0 7 39 0 22 23 27 0 0 0 39 0 1 0 0 0 64 17 0 8 0 10 10 19 0 0 0 0 0 0 0 0 0 0 0 0 0 0 0 0 0 0 7 0 0 0 0 0 18 0 0 0 0 0 0 0 2 0 0 0 0 0 20 0 0 60 6 68 26 11 0 45 0 20 43 16 11 18 12 0 0 19 0 0 36 0 14 0 1 0 30 22 23 6 0 0 48 10 12 0 11 0 0 1 0 0 0 0 0 0 0 0 0 0 0 0 0 0 0 0 0 0 0 0 0 0 14 0 0 0 0 0 0 0 0 11 0 0 15 2 2 79 2 2 0 0 0 0 0 0 0 0 0 0 0 0 0 0 0 0 0 0 0 0 0 59 0 0 0 0 3 0 0 0 
 3 0 0 0 0 0 0 6 4 0 0 0 0 2 1 3 0 0 0 2 84 122 77 166 0 437 47 142 201 132 92 143 81 77 92 263 29 278 83 63 95 63 32 52 0 0 1 89 1 0 14 1 102 62 68 3 67 7 125 0 52 6 0 0 0 0 0 0 0 2 0 4 5 0 2 6 0 0 0 0 0 0 0 0 0 0 0 0 0 0 0 0 0 0 6 0 0 0 0 0 0 0 0 43 15 28 2 10 0 0 40 4 0 0 0 0 3 0 11 0 18 23 0 0 0 0 10 0 0 20 7 0 15 46 12 10 0 12 10 0 4 0 0 0 0 0 0 0 0 0 0 0 0 0 0 12 2 0 0 0 0 0 0 0 0 18 0 0 0 0 0 9 20 0 0 0 0 0 0 0 16 0 1 39 11 25 0 1 1 10 16 0 1 0 8 3 27 0 0 0 46 17 2 0 0 0 9 18 35 10 2 0 30 34 0 27 14 20 0 13 0 0 0 0 0 0 0 0 0 0 0 0 0 0 0 0 0 0 10 0 0 0 0 0 0 0 0 0 0 0 0 0 0 0 14 1 0 0 4 2 0 1 0 0 0 0 0 0 0 0 0 0 0 0 0 0 0 0 0 0 0 9 0 0 8 0 8 1 0 0 
 1 5 3 3 7 3 3 3 3 3 3 3 3 6 3 3 3 3 3 4 37 52 120 95 437 0 34 41 275 60 172 124 43 49 72 126 355 146 54 263 0 29 64 1 0 0 117 87 129 0 3 0 125 90 69 3 66 0 59 59 6 3 0 0 0 0 48 0 0 2 0 0 3 0 49 2 0 0 0 1 0 0 0 0 0 0 0 0 0 0 0 0 0 0 0 0 0 0 0 0 0 0 0 9 0 39 0 0 0 12 27 12 0 0 0 0 0 6 0 0 0 0 2 0 28 0 20 1 14 35 0 12 12 16 8 12 0 21 9 10 3 0 10 0 10 0 0 0 0 0 0 0 0 0 0 7 0 0 0 0 0 1 0 0 0 0 0 0 0 0 0 0 0 0 0 5 0 0 0 0 0 0 9 11 11 0 0 0 0 0 41 9 0 0 0 0 0 0 0 0 26 7 1 0 7 0 21 0 0 0 0 0 26 19 0 14 17 13 1 10 0 0 0 0 0 0 0 1 0 0 0 0 0 0 0 0 0 0 0 0 0 0 0 0 0 2 0 0 0 0 0 0 0 0 9 0 2 6 0 0 0 0 0 0 0 0 0 0 0 0 0 0 0 0 0 0 0 0 0 0 0 0 0 0 0 0 0 0 0 0 
 0 0 0 112 132 2 0 0 3 2 123 109 0 0 1 0 1 74 0 0 75 155 202 106 47 34 0 158 180 101 38 56 282 43 226 37 101 73 78 135 4 0 0 0 0 0 0 0 0 0 2 0 3 0 3 3 3 0 0 0 0 3 0 0 0 0 0 0 2 2 0 0 3 0 2 2 0 0 0 0 0 0 1 21 0 14 0 0 0 0 0 33 0 0 0 0 1 0 0 0 12 20 16 1 0 0 0 38 0 33 0 8 7 22 45 46 13 12 37 34 2 0 0 0 11 0 0 0 0 0 0 0 11 0 2 0 0 0 0 19 0 0 0 0 2 0 0 0 0 0 0 0 0 0 0 0 0 0 3 0 0 2 0 0 52 0 0 0 0 1 0 8 0 0 0 0 0 0 0 0 0 19 0 1 10 0 38 29 12 77 0 0 12 25 36 58 4 23 0 0 0 0 2 0 0 0 0 0 0 0 0 0 1 0 0 0 0 0 0 0 0 0 1 0 0 0 0 2 0 0 0 0 0 0 0 2 0 0 0 0 0 0 0 0 0 0 85 0 0 34 0 0 0 0 6 0 0 1 0 2 0 0 0 0 0 0 0 0 0 0 0 0 2 0 0 0 0 0 0 0 0 0 0 0 0 0 0 0 0 0 
 2 1 1 0 73 1 1 1 1 3 2 0 2 1 1 3 0 1 1 2 353 82 252 154 142 41 158 0 190 112 129 53 97 354 87 61 112 150 55 69 0 0 0 0 0 0 0 0 0 0 6 0 3 0 3 3 69 205 0 0 0 3 1 0 0 0 1 0 0 3 0 2 3 0 2 2 0 0 0 0 0 0 0 0 0 0 9 0 0 0 0 19 0 0 0 0 0 0 0 0 15 29 0 23 4 0 1 0 18 1 0 7 0 0 9 18 0 50 23 13 0 0 0 0 0 0 0 0 1 0 0 0 41 0 35 0 0 0 0 27 0 10 0 0 0 1 0 10 0 0 0 0 0 0 0 1 1 0 4 16 0 0 0 0 14 0 6 0 0 0 0 1 0 0 0 0 0 0 0 0 19 27 19 40 20 0 19 41 0 40 0 0 4 29 26 17 0 0 0 0 21 0 0 2 18 0 0 0 0 0 1 0 26 0 12 0 3 0 8 0 0 0 0 0 0 0 0 0 0 0 0 0 0 0 0 0 0 0 0 0 0 0 0 0 0 0 0 0 0 1 0 0 0 0 12 0 2 0 1 2 1 0 0 0 0 0 0 0 0 0 0 0 0 0 0 0 0 0 0 0 0 0 0 0 0 0 0 0 0 1 
 0 3 3 3 80 5 3 3 3 3 3 5 3 37 3 3 3 3 3 3 125 263 169 324 201 275 180 190 0 189 139 42 95 121 111 429 119 80 354 146 0 0 63 0 0 0 0 0 0 0 2 0 67 0 3 3 0 0 43 0 0 3 0 0 0 0 0 0 0 2 0 0 3 0 2 2 0 0 0 0 0 0 0 0 0 12 0 0 0 0 0 0 0 0 0 0 0 0 0 0 14 50 2 16 0 13 5 0 33 0 0 0 19 0 23 16 24 11 41 16 0 0 0 0 1 0 0 2 0 0 27 0 11 6 0 0 0 0 12 67 0 0 0 0 0 0 0 0 0 0 1 0 0 0 0 0 0 0 0 0 6 0 0 0 0 13 4 1 0 2 0 0 0 0 0 0 0 0 0 0 21 32 48 16 35 24 10 31 33 1 0 11 21 54 17 13 17 65 0 0 0 0 0 0 0 0 0 0 0 0 0 0 1 0 3 0 3 0 1 0 0 0 0 0 0 2 0 0 0 0 0 0 0 0 0 0 0 0 0 0 0 0 0 0 0 0 0 0 0 0 0 0 0 0 4 1 0 1 77 4 6 0 0 0 0 0 0 0 0 0 0 0 0 0 0 0 0 0 0 0 0 0 0 0 0 0 16 0 0 0 
 0 2 0 0 0 9 0 0 2 0 0 0 0 17 0 2 0 0 0 0 34 24 209 224 132 60 101 112 189 0 178 63 79 57 119 208 47 38 79 92 82 0 0 0 0 0 78 3 0 0 1 0 125 19 3 3 3 0 5 0 0 2 0 0 5 2 0 1 0 3 0 0 6 0 2 3 0 2 0 0 0 0 0 0 0 0 0 0 0 0 0 0 0 0 0 0 0 0 0 0 0 8 1 3 17 24 0 0 2 12 16 22 0 0 0 28 0 20 0 0 0 10 6 0 0 0 11 10 31 1 0 0 24 1 0 15 0 0 0 35 0 0 0 0 0 0 0 21 0 0 0 0 0 0 0 0 0 0 1 0 0 0 0 0 0 0 0 0 0 0 0 0 1 0 0 0 0 0 0 0 0 63 0 18 35 35 2 38 0 0 12 0 15 34 8 5 19 10 0 0 32 9 9 0 0 0 28 1 37 12 0 0 21 0 18 0 0 1 0 40 0 0 0 0 0 0 0 0 0 0 0 0 0 0 12 0 0 0 0 0 0 0 0 0 0 0 0 0 0 0 0 0 0 0 11 0 0 1 43 0 0 0 0 0 0 0 0 0 0 0 0 0 0 0 0 0 0 0 0 0 0 1 0 0 0 0 10 0 0 0 
 3 0 0 0 0 0 0 4 0 0 0 0 0 74 1 0 0 0 0 0 35 129 121 161 92 172 38 129 139 178 0 197 23 134 68 140 158 249 52 48 20 0 0 0 0 0 129 0 2 0 55 3 65 6 3 3 0 0 22 0 2 2 0 0 0 0 4 0 0 3 0 0 3 0 2 3 0 0 0 0 0 0 0 0 0 0 0 0 0 0 0 1 0 0 1 0 2 0 0 0 3 6 13 0 0 46 0 1 0 14 20 40 0 0 0 13 14 69 0 0 23 33 12 0 0 0 41 0 0 0 0 10 17 15 0 28 10 14 20 88 0 0 0 0 1 0 0 0 0 0 0 0 0 0 0 0 0 0 3 0 0 0 0 0 0 12 0 0 0 0 0 0 0 0 2 0 0 0 0 2 6 24 2 0 80 10 37 19 3 0 24 26 0 20 19 8 0 11 0 20 18 5 9 0 0 0 12 14 7 9 0 0 1 9 0 0 14 1 0 23 0 0 0 0 0 0 0 0 0 0 0 0 0 0 0 0 0 0 0 0 0 16 11 0 0 0 0 0 0 0 0 0 0 0 2 0 0 41 0 0 0 0 0 0 0 0 10 0 0 0 0 1 0 0 0 0 1 0 0 0 0 0 0 0 0 0 0 0 0 0 
 0 0 0 0 0 0 0 0 1 2 75 0 0 0 0 2 0 0 0 0 29 251 144 421 143 124 56 53 42 63 197 0 64 32 70 117 98 143 244 41 65 0 0 0 1 0 70 77 66 0 7 0 67 18 198 5 3 0 64 64 0 3 0 2 0 0 0 4 0 2 2 53 3 1 2 5 56 0 0 0 0 0 0 0 0 0 0 0 0 0 0 0 0 0 0 0 0 0 0 0 0 16 9 13 15 21 1 12 0 0 30 15 0 0 0 1 11 1 0 0 21 0 0 0 0 0 46 0 23 2 0 0 23 10 6 24 0 2 20 1 0 0 0 0 0 0 3 0 0 0 0 0 0 0 0 0 1 0 1 0 0 0 0 0 0 0 0 0 0 0 0 1 0 0 0 0 0 0 0 0 0 14 2 0 43 6 0 0 11 0 11 10 2 0 1 11 0 7 0 0 46 1 10 0 1 0 13 9 14 18 1 0 29 11 20 0 17 10 6 8 0 0 0 0 0 0 0 0 0 0 0 0 0 0 0 0 0 0 0 0 0 0 19 0 0 0 0 0 0 0 0 0 0 0 7 0 24 38 0 0 1 7 0 0 0 0 0 0 0 0 0 0 0 8 0 0 0 0 0 0 0 8 0 0 0 0 0 0 0 0 
 0 0 0 98 133 1 84 0 4 77 158 245 0 0 2 2 72 160 0 0 34 118 66 300 81 43 282 97 95 79 23 64 0 79 426 56 34 34 251 90 0 0 0 0 0 0 0 0 0 0 2 0 3 0 3 3 0 0 0 0 0 3 0 0 0 49 0 0 4 2 0 0 3 0 2 3 0 0 3 5 0 0 13 19 7 1 0 0 0 6 0 58 0 0 0 0 8 0 0 0 21 0 11 0 0 0 23 23 8 17 0 0 26 39 49 17 10 0 23 52 0 0 0 0 0 0 0 0 0 0 0 0 0 0 0 0 0 0 0 0 0 0 0 0 0 0 0 0 0 0 0 0 0 0 0 0 0 0 0 0 0 0 0 0 34 0 0 0 0 0 0 14 0 0 0 0 0 1 0 0 12 0 0 0 0 0 13 9 8 17 0 0 9 40 0 8 0 1 0 0 0 26 0 0 0 0 0 0 0 0 0 0 0 0 0 0 0 0 0 0 0 0 0 0 0 0 0 0 0 0 0 0 0 0 0 0 0 0 0 0 0 0 0 0 0 0 74 0 0 77 0 0 0 0 18 2 2 0 0 0 0 0 0 0 0 0 0 0 0 0 0 0 0 0 0 7 0 0 0 0 0 0 0 0 0 0 0 0 0 0 
 5 2 3 3 1 153 3 8 2 81 78 2 3 1 3 4 2 116 3 3 46 291 53 68 77 49 43 354 121 57 134 32 79 0 76 105 246 315 284 427 0 0 0 0 0 0 0 0 0 0 2 0 3 0 4 3 1 0 0 0 0 3 0 0 0 0 5 0 0 2 0 0 3 0 2 2 0 1 0 0 0 0 0 0 1 17 0 2 0 20 24 0 0 0 0 0 0 0 0 0 14 0 31 0 1 0 23 15 0 0 0 13 20 29 0 18 34 28 0 25 0 0 0 0 0 14 0 0 0 0 0 1 0 0 0 0 0 0 0 12 0 0 0 0 0 0 0 0 0 0 0 0 0 0 0 0 0 0 0 0 0 0 0 0 6 0 0 0 1 15 0 1 20 0 0 13 0 0 0 0 21 0 20 15 0 0 14 0 2 1 0 29 9 0 0 7 11 0 38 16 0 1 0 2 0 0 0 0 0 0 0 0 0 0 0 0 0 0 0 6 0 0 0 0 0 0 0 0 0 0 0 0 6 0 0 0 0 0 0 0 0 0 0 0 0 0 1 0 1 0 0 0 0 0 9 2 0 75 39 2 2 1 0 0 0 0 1 0 0 0 0 0 0 0 0 0 0 0 0 0 0 0 0 0 0 0 0 0 0 0 
 2 2 1 139 148 22 0 1 1 2 147 138 2 0 1 1 2 2 1 1 234 225 128 68 92 72 226 87 111 119 68 70 426 76 0 76 116 41 101 258 209 3 2 0 3 0 0 0 0 2 2 3 3 0 3 3 0 2 0 205 1 31 1 4 2 2 0 2 2 5 0 2 3 0 2 4 42 3 3 2 0 0 0 1 7 0 0 0 0 1 0 1 0 0 0 0 0 0 1 0 0 0 0 0 0 0 0 21 0 23 10 1 14 22 8 8 0 0 21 1 0 0 0 0 0 0 0 0 0 0 0 0 0 0 0 0 2 0 0 0 0 0 0 0 0 0 0 0 0 0 0 0 0 0 0 0 0 0 0 0 0 0 0 0 7 11 0 0 0 0 0 27 0 0 0 0 0 0 0 0 12 13 0 0 0 0 22 3 0 9 0 7 9 11 0 7 0 0 12 11 0 0 0 0 0 0 0 10 0 0 0 0 0 0 0 0 0 0 0 0 0 0 0 0 0 0 0 0 0 0 0 0 0 0 1 0 0 0 8 0 0 0 0 0 0 1 1 0 0 74 0 0 0 0 7 2 0 0 1 1 1 4 0 0 0 0 0 0 0 0 0 0 0 0 2 9 0 0 0 0 0 0 0 0 0 0 0 0 0 0 
 0 3 3 3 3 3 3 3 3 3 3 5 3 3 3 3 3 3 3 3 183 49 222 264 263 126 37 61 429 208 140 117 56 105 76 0 69 40 48 59 62 0 0 0 0 0 20 0 0 0 5 0 45 64 3 65 0 0 187 0 0 2 0 0 0 0 0 0 0 5 0 0 8 0 2 3 0 0 0 0 0 1 0 0 0 0 0 0 0 0 11 0 0 0 0 0 0 0 0 1 4 10 6 28 1 13 7 0 0 0 23 15 5 0 0 0 24 51 13 1 0 48 0 0 0 0 19 0 0 0 0 0 44 30 0 0 0 0 0 0 2 0 0 0 0 0 1 0 0 0 0 0 0 0 0 0 0 0 0 0 9 0 0 0 7 2 6 1 19 0 0 0 0 0 0 0 0 0 0 0 0 1 7 66 20 1 0 10 31 9 21 13 0 1 0 13 18 0 0 6 1 0 0 0 0 0 13 0 20 0 0 0 21 11 13 0 0 0 0 20 0 0 0 0 0 1 0 0 0 0 0 0 0 0 0 0 0 1 1 19 0 0 1 0 0 0 0 0 0 0 0 0 0 0 5 0 2 1 75 0 13 34 0 0 0 0 0 0 0 0 0 0 0 0 0 0 0 0 0 0 0 0 0 0 0 0 4 0 0 16 
 3 0 1 0 59 75 0 4 0 0 0 0 0 0 2 0 0 0 0 0 96 91 113 49 29 355 101 112 119 47 158 98 34 246 116 69 0 535 120 233 0 0 0 0 0 0 1 0 0 0 2 0 3 0 3 3 0 0 1 207 0 3 0 0 0 0 2 0 0 2 0 0 3 0 2 2 0 0 0 0 0 0 0 0 0 0 0 0 0 0 0 1 0 0 0 0 2 0 0 0 55 26 40 39 8 14 7 2 8 15 0 32 1 0 0 12 55 5 0 13 0 0 20 0 0 0 0 0 10 0 0 0 12 32 9 30 0 0 2 31 0 0 0 0 0 0 0 0 0 0 0 0 0 0 0 0 0 0 0 0 3 0 0 0 12 11 3 0 0 0 0 6 0 0 2 0 0 0 0 2 37 47 26 46 14 0 26 0 22 25 10 64 7 11 0 4 16 21 9 25 24 0 0 0 0 0 12 34 0 0 0 0 21 7 25 0 0 0 4 5 0 0 0 0 0 0 0 0 0 0 0 0 0 0 0 0 0 0 0 0 0 0 13 0 0 0 0 0 0 0 0 0 0 0 13 2 2 157 0 0 11 0 0 0 0 0 2 0 0 0 0 1 0 8 0 0 0 0 0 19 0 1 0 0 0 14 0 0 0 0 
 3 3 0 0 0 75 0 4 0 0 2 0 47 0 0 0 2 0 0 0 42 119 89 307 278 146 73 150 80 38 249 143 34 315 41 40 535 0 241 32 208 0 0 0 0 0 1 0 0 0 3 0 7 0 3 3 0 0 62 0 3 3 0 0 0 0 3 0 0 2 0 0 3 6 3 2 0 0 0 0 0 0 0 0 7 0 0 0 0 0 0 0 0 0 0 0 0 0 0 0 12 8 7 24 11 18 1 0 13 10 15 1 0 0 0 8 16 22 0 46 0 0 2 0 0 0 19 0 19 0 0 0 11 12 19 12 0 0 15 41 0 0 1 0 0 0 0 0 0 0 0 0 0 0 21 0 0 0 0 0 0 1 0 0 0 0 1 0 0 0 0 0 0 0 0 3 0 0 0 0 21 32 10 13 24 0 12 15 1 6 26 34 0 35 16 13 0 35 0 0 15 7 0 0 0 0 10 0 0 0 0 0 21 8 12 0 0 15 7 6 7 0 0 0 0 0 0 1 0 0 0 0 0 0 0 0 0 0 0 0 0 0 0 0 0 2 0 0 0 0 0 0 0 0 2 0 2 111 0 1 3 0 0 0 0 0 11 0 0 0 0 0 0 0 0 0 0 0 0 0 0 1 0 0 0 0 0 0 0 0 
 2 1 1 2 11 247 2 2 1 78 76 3 2 2 1 2 1 77 2 1 36 264 32 85 83 54 78 55 354 79 52 244 251 284 101 48 120 241 0 198 0 0 0 0 3 2 2 0 0 0 2 0 3 0 6 5 2 0 0 1 3 4 0 0 0 2 5 0 1 2 0 3 3 0 2 2 2 3 1 0 0 0 0 0 9 30 0 0 0 13 22 1 0 0 0 0 0 0 0 2 26 0 19 0 0 0 20 14 18 6 0 10 0 15 35 15 12 21 0 27 0 0 0 0 0 0 0 1 0 0 0 0 2 0 0 0 0 1 1 0 0 0 0 0 0 0 0 0 0 0 0 0 0 0 0 0 0 0 0 0 0 0 0 0 16 0 0 0 0 16 0 0 0 0 0 0 0 2 0 0 6 0 1 2 0 0 0 0 15 0 0 1 10 3 10 17 20 20 25 3 0 0 0 0 0 0 0 0 0 0 0 0 0 0 0 0 0 0 0 8 0 0 2 0 0 0 0 0 0 0 0 0 0 0 0 1 0 0 0 0 0 0 0 0 0 0 75 0 0 0 0 0 0 0 7 0 0 2 1 0 2 0 0 0 0 0 9 0 0 0 0 0 0 0 0 0 0 0 0 0 0 0 0 0 0 0 0 0 0 0 
 0 0 0 33 177 146 0 3 0 151 183 84 0 0 0 0 74 147 0 0 140 52 117 78 63 263 135 69 146 92 48 41 90 427 258 59 233 32 198 0 0 0 0 0 0 0 0 0 0 3 5 0 3 0 3 3 0 0 3 0 0 3 0 0 0 0 0 0 30 4 0 0 4 0 2 2 0 0 0 0 0 0 0 19 0 15 0 0 0 25 14 16 0 0 0 0 0 0 0 0 8 13 7 0 0 0 33 26 0 21 2 25 28 36 10 19 24 0 23 26 0 0 2 0 0 0 0 0 0 0 0 0 0 0 1 0 1 0 0 0 0 0 0 0 0 0 0 0 0 0 0 0 0 0 0 0 0 0 0 0 7 0 0 0 46 0 1 0 0 16 0 9 0 0 0 0 0 0 0 0 1 1 7 12 0 0 13 10 22 25 0 24 26 15 0 0 49 1 22 16 0 0 0 0 0 0 0 21 0 0 0 0 0 0 0 0 0 0 0 0 0 0 0 0 0 0 0 0 0 0 0 0 0 0 2 0 0 0 0 0 0 0 0 0 0 2 60 0 0 0 0 0 0 0 12 0 2 0 75 0 25 0 0 0 0 0 0 0 0 0 0 0 0 0 0 0 0 0 0 0 0 0 0 0 0 0 0 0 0 0 
 0 0 0 0 0 2 0 0 0 0 0 0 0 0 0 0 0 0 0 0 0 0 0 95 95 0 4 0 0 82 20 65 0 0 209 62 0 208 0 0 0 116 176 66 321 523 209 193 129 50 39 42 121 257 344 357 416 35 123 49 0 36 7 2 0 0 6 1 0 0 1 6 65 0 0 2 0 10 4 5 0 0 0 0 0 0 0 0 0 0 0 0 0 0 0 0 0 0 0 0 0 1 0 11 28 31 0 0 0 1 13 9 0 17 0 0 0 0 0 0 10 49 11 27 0 0 28 0 24 20 40 0 7 0 23 50 8 0 32 0 0 0 0 0 18 0 0 3 5 1 24 0 0 0 0 0 0 6 0 3 0 0 0 0 0 0 0 0 0 0 0 0 11 0 0 0 0 0 0 0 0 0 0 38 13 42 0 0 4 0 59 0 0 0 0 0 0 0 0 0 38 23 9 0 0 11 5 12 43 18 0 38 59 15 22 0 13 32 0 0 0 0 8 0 0 9 0 0 1 0 34 10 0 0 0 0 0 0 15 0 0 0 0 0 0 0 0 0 0 29 0 8 0 1 0 0 0 2 0 2 0 0 0 0 0 2 0 0 0 0 4 0 0 0 0 62 0 0 0 0 0 0 0 0 5 0 10 4 1 0 
 0 4 5 3 3 3 4 3 5 3 3 3 3 5 5 4 5 3 5 4 0 0 0 0 63 29 0 0 0 0 0 0 0 0 3 0 0 0 0 0 116 0 379 141 302 58 94 222 147 486 261 107 260 153 162 291 60 65 50 133 15 0 0 9 5 0 3 14 0 0 0 0 0 2 0 0 0 0 51 3 0 0 0 0 0 0 0 0 0 0 0 0 0 8 0 0 0 0 0 0 11 0 0 0 0 0 0 0 0 0 0 0 0 0 0 0 2 0 0 0 13 0 9 9 0 0 0 7 0 15 0 22 0 37 7 0 7 0 1 0 0 0 6 3 0 5 10 29 3 1 3 7 16 0 0 0 0 0 0 0 0 0 0 0 0 0 0 0 0 0 0 0 0 0 13 0 0 0 0 0 0 0 0 0 0 0 0 0 0 0 0 0 0 7 0 0 0 0 0 0 0 0 21 0 34 0 0 0 0 2 9 1 0 14 0 10 8 0 0 8 0 5 13 2 3 0 0 0 2 0 0 0 0 0 0 5 1 0 9 0 0 0 0 0 0 0 0 0 0 0 0 12 0 0 0 0 0 0 0 0 0 0 2 0 68 2 0 0 0 0 6 0 0 0 0 0 0 0 0 0 0 0 0 0 0 0 0 0 2 0 
 0 1 0 1 0 3 0 0 0 1 0 2 0 2 0 1 0 0 1 0 0 0 0 0 32 64 0 0 63 0 0 0 0 0 2 0 0 0 0 0 176 379 0 177 107 99 147 217 377 359 82 308 339 326 175 121 203 93 101 36 0 0 0 5 0 5 0 0 0 0 0 0 2 0 3 0 0 1 7 0 0 0 0 0 0 0 0 0 0 0 0 0 0 0 0 0 0 0 0 0 0 0 0 0 9 10 0 0 0 0 1 0 0 0 1 0 0 0 0 0 0 22 0 16 3 0 0 0 17 27 16 27 0 8 12 52 1 0 0 0 18 3 0 6 0 0 0 17 12 0 16 0 0 5 31 2 0 0 10 14 0 0 0 0 0 0 0 0 0 0 0 0 0 0 0 11 0 0 0 0 0 0 0 0 0 12 0 0 0 0 0 0 0 0 0 0 0 0 0 0 2 22 11 17 27 10 0 0 15 10 10 14 14 44 19 12 11 32 0 9 7 0 0 0 0 0 3 0 0 0 0 0 10 13 0 0 0 1 10 0 0 0 0 0 0 0 0 0 0 0 0 5 0 2 0 20 0 0 0 0 0 0 0 0 0 0 0 64 2 0 6 0 0 0 0 0 0 0 0 0 0 0 24 0 13 0 0 1 1 0 
 0 0 0 0 0 3 0 0 0 0 0 0 0 0 0 0 0 0 0 2 0 0 0 0 52 1 0 0 0 0 0 0 0 0 0 0 0 0 0 0 66 141 177 0 224 96 178 135 190 663 67 228 62 79 98 102 131 145 72 120 0 0 0 0 0 2 16 0 0 0 3 0 3 0 9 6 1 38 19 1 0 0 0 0 0 14 0 0 0 0 0 0 0 0 0 0 0 0 0 0 0 0 0 0 0 0 0 0 0 0 0 0 0 0 0 0 0 0 0 0 0 11 13 12 6 0 0 0 14 15 28 44 0 9 0 11 15 0 0 0 12 25 0 0 0 0 4 22 2 0 5 13 5 0 10 3 12 0 0 25 0 0 0 0 0 0 0 0 0 0 0 0 12 0 0 4 0 0 0 0 0 0 0 0 0 0 0 0 0 0 0 0 0 0 0 0 0 0 0 0 0 19 22 29 10 15 0 0 0 14 0 59 0 12 15 10 11 26 0 7 0 0 3 12 0 0 5 6 0 6 0 0 21 0 6 0 0 5 40 15 0 0 11 0 0 0 0 0 0 0 0 10 0 0 0 0 0 0 0 24 0 0 0 0 21 3 1 0 0 0 1 0 0 0 0 0 0 0 0 0 0 0 0 0 0 15 0 0 1 0 
 0 3 3 3 3 3 3 3 3 3 3 3 3 4 3 3 3 3 3 3 0 0 0 0 0 0 0 0 0 0 0 1 0 0 3 0 0 0 3 0 321 302 107 224 0 159 249 300 59 155 408 170 141 63 577 81 308 356 90 77 4 0 0 1 0 0 0 0 0 0 0 0 77 0 0 1 5 0 54 2 0 0 0 0 0 0 0 0 0 0 0 0 0 0 0 5 0 0 0 0 0 0 0 0 0 0 7 0 0 0 0 0 0 0 0 0 0 0 0 0 0 0 26 17 6 0 0 0 0 0 37 32 0 0 0 11 0 0 0 0 0 7 6 0 0 0 26 17 0 0 4 0 23 11 13 19 7 0 0 0 0 0 10 0 0 0 0 0 0 0 1 0 0 0 0 0 0 0 3 0 1 0 0 0 0 0 23 0 0 0 0 0 0 0 0 0 0 0 0 0 0 13 5 0 2 20 0 0 0 0 12 11 0 0 11 11 1 10 0 0 13 8 8 11 0 0 0 12 9 19 0 0 1 2 2 1 0 0 44 0 0 0 0 0 0 0 0 0 0 0 0 9 0 0 0 0 0 0 0 1 0 0 2 64 67 2 2 1 2 0 8 0 0 0 0 0 0 0 0 0 0 0 3 0 5 0 0 0 1 0 
 0 0 0 0 14 2 0 0 0 0 0 0 0 0 0 0 0 0 0 0 0 2 0 0 0 0 0 0 0 0 0 0 0 0 0 0 0 0 2 0 523 58 99 96 159 0 44 32 45 118 155 70 38 36 138 506 114 59 59 120 14 50 0 3 0 0 17 51 28 0 0 0 65 0 0 50 5 0 0 0 0 0 0 0 0 0 0 0 0 0 0 0 0 0 0 0 0 0 0 0 0 0 0 0 0 0 0 0 0 0 0 0 0 0 0 0 0 0 0 0 0 0 24 6 2 11 0 0 0 0 13 10 0 0 0 10 8 0 0 0 9 23 33 10 0 0 0 3 9 9 16 0 35 0 22 16 31 24 31 11 0 0 0 0 0 0 0 0 0 0 5 0 0 0 0 0 0 0 5 0 0 0 0 0 0 0 0 0 9 0 13 0 0 0 0 0 0 0 0 0 0 11 0 0 0 0 0 0 0 0 16 8 0 0 11 0 0 10 0 0 10 7 16 11 0 0 0 0 20 15 0 0 33 25 1 1 7 10 14 0 0 0 0 0 0 0 0 0 0 0 0 5 2 0 0 0 0 0 0 0 0 0 4 2 0 7 4 70 4 0 9 0 0 0 0 0 0 0 0 0 0 0 0 0 0 0 0 0 0 0 
 0 0 0 0 0 0 0 0 0 0 0 0 0 0 0 2 0 0 0 0 1 5 16 62 1 117 0 0 0 78 129 70 0 0 0 20 1 1 2 0 209 94 147 178 249 44 0 202 128 37 99 36 73 129 389 30 115 35 123 152 0 0 4 0 0 2 2 2 0 0 0 0 0 0 1 0 0 3 31 0 0 0 0 0 0 0 0 0 0 0 0 0 0 0 0 0 0 0 0 0 0 12 0 0 0 9 0 0 0 15 13 27 0 0 0 0 0 1 0 0 8 12 5 7 9 0 18 0 33 8 24 0 13 0 0 12 7 0 0 1 0 0 0 0 0 0 0 8 0 0 4 0 0 0 0 13 0 0 0 7 0 0 0 0 0 0 0 0 0 0 0 0 2 0 0 0 0 0 0 0 0 0 0 0 4 9 0 0 1 0 30 0 0 0 0 0 0 0 0 0 0 0 18 0 24 2 32 2 11 35 0 1 0 0 9 0 13 15 25 8 0 0 0 0 0 0 0 0 0 0 0 0 0 0 0 0 0 0 0 0 0 0 0 0 0 0 0 0 0 0 0 6 0 0 0 0 0 0 0 0 0 0 0 0 1 0 0 0 0 0 7 0 0 0 0 0 0 0 0 0 0 0 0 0 0 0 0 0 0 0 
 0 0 0 0 0 0 0 0 0 0 0 0 3 1 0 2 0 0 0 3 0 0 0 0 89 87 0 0 0 3 0 77 0 0 0 0 0 0 0 0 193 222 217 135 300 32 202 0 134 46 97 44 115 183 260 29 541 79 332 122 0 0 0 0 0 0 0 0 0 0 0 0 4 0 0 0 0 0 12 0 0 0 0 0 0 0 0 0 0 0 0 0 0 0 0 0 0 0 0 0 0 0 0 0 0 7 0 0 0 0 23 0 0 0 0 0 0 0 0 0 18 21 0 7 17 0 20 1 13 39 36 6 0 1 10 8 6 0 30 0 0 0 0 0 0 0 0 0 0 0 1 0 0 5 7 0 0 0 0 4 0 0 0 0 0 4 0 0 0 0 0 0 0 0 0 0 0 0 0 0 0 0 0 0 0 6 0 0 0 0 0 0 0 0 0 0 0 0 0 0 6 4 16 0 15 14 12 18 11 8 0 0 6 2 0 24 16 17 4 0 17 0 0 0 28 0 0 0 0 0 0 0 0 0 0 0 0 0 0 0 0 0 0 0 0 0 0 0 0 0 0 10 0 0 0 0 0 0 0 0 0 0 0 0 0 2 2 0 0 0 6 0 0 0 0 0 0 0 0 0 0 0 4 0 15 0 0 0 0 0 
 3 0 0 0 0 2 0 6 0 0 0 0 0 0 0 2 0 0 0 0 0 0 0 0 1 129 0 0 0 0 2 66 0 0 0 0 0 0 0 0 129 147 377 190 59 45 128 134 0 131 90 38 300 324 105 136 339 46 211 192 7 0 0 0 0 0 7 7 0 0 0 0 0 2 0 1 6 0 0 7 0 0 0 0 0 0 0 0 0 0 0 0 0 0 0 0 0 0 0 0 0 0 0 0 0 0 0 0 0 0 0 0 0 0 0 0 0 0 0 0 53 1 0 0 7 0 2 20 11 26 0 2 0 8 8 0 20 31 11 0 0 0 10 3 0 2 0 14 6 0 1 2 11 0 0 0 0 0 18 0 0 0 0 0 0 2 0 0 0 0 0 0 0 0 0 4 0 0 0 0 0 0 0 0 0 0 0 0 0 0 0 0 0 0 0 0 0 0 16 0 0 0 47 0 56 0 0 13 1 3 13 0 0 22 0 0 32 6 9 5 0 9 1 0 9 0 0 0 0 0 0 0 0 0 0 5 0 0 0 0 0 0 0 0 0 0 0 0 0 0 0 20 0 1 0 0 0 0 0 0 0 0 0 0 0 1 2 0 0 0 11 0 0 0 0 0 0 0 0 0 7 0 0 0 0 0 0 10 2 0 
 0 2 0 9 1 6 4 2 2 2 0 3 0 4 0 2 1 1 79 2 0 0 0 3 0 0 0 0 0 0 0 0 0 0 2 0 0 0 0 3 50 486 359 663 155 118 37 46 131 0 109 264 36 265 95 332 235 105 79 144 53 0 49 0 0 4 0 0 0 0 6 0 77 0 6 6 0 12 1 103 0 0 0 0 0 0 0 41 0 2 9 3 6 0 12 0 4 0 0 0 0 0 0 0 0 0 0 0 0 0 0 0 0 0 0 0 0 0 0 0 0 0 15 10 0 0 0 26 0 0 11 5 0 0 0 8 8 0 0 0 10 12 0 0 0 0 0 50 10 0 0 0 0 8 0 0 0 0 0 5 0 0 0 0 0 10 0 0 5 13 8 1 5 0 0 0 0 3 0 0 0 0 0 0 0 0 0 0 0 0 0 0 0 0 0 0 0 0 0 6 0 14 1 25 0 10 0 0 0 24 28 36 0 0 9 0 5 10 0 0 16 0 2 0 0 0 33 17 1 0 0 0 12 0 27 0 0 0 17 69 0 1 20 0 0 0 0 0 0 0 0 5 0 1 0 0 0 0 0 9 0 0 77 0 16 9 2 0 2 0 0 0 0 0 0 0 0 0 0 0 0 0 0 0 0 0 0 0 2 0 
 0 2 2 2 2 2 2 2 2 2 2 2 2 2 2 2 2 9 2 2 9 5 4 10 14 3 2 6 2 1 55 7 2 2 2 5 2 3 2 5 39 261 82 67 408 155 99 97 90 109 0 108 251 40 76 207 253 116 265 340 8 0 0 3 0 0 0 0 0 0 0 0 0 0 0 0 24 0 0 0 0 0 0 0 0 0 0 0 0 0 0 0 0 0 0 0 0 0 0 0 0 0 0 5 11 3 0 0 0 0 0 5 0 0 0 0 0 7 8 0 10 10 0 4 18 7 0 9 24 0 20 10 7 0 1 0 11 8 6 0 0 10 5 0 0 0 0 0 0 0 21 0 6 0 0 61 10 0 20 3 0 0 0 0 0 11 0 0 0 0 1 0 0 0 0 0 0 0 0 0 0 0 0 2 0 0 0 11 0 12 0 0 0 0 0 1 0 0 0 0 0 0 0 0 8 14 0 9 1 1 15 37 0 13 11 8 0 13 0 0 13 0 22 0 0 0 14 0 9 15 0 0 11 7 1 0 0 0 28 3 0 0 7 0 0 0 0 0 0 0 0 14 0 2 0 0 0 0 0 2 0 13 2 66 2 9 18 65 0 0 0 0 0 0 0 0 0 0 0 0 0 1 0 0 0 0 0 10 0 0 
 0 0 0 0 0 0 0 0 3 0 0 0 0 2 0 0 0 0 0 0 0 0 0 0 1 0 0 0 0 0 3 0 0 0 3 0 0 0 0 0 42 107 308 228 170 70 36 44 38 264 108 0 36 28 31 47 73 563 238 253 0 0 0 0 0 1 0 0 0 0 0 0 0 0 24 0 0 41 27 0 0 0 0 0 0 0 0 0 0 0 0 0 0 0 0 0 0 0 0 0 0 18 0 0 20 0 20 0 0 0 1 0 0 0 0 0 0 0 0 0 4 0 7 12 16 9 2 0 0 0 0 12 0 0 0 4 8 20 1 7 17 38 0 0 0 0 0 5 11 0 0 0 0 0 14 7 0 0 0 13 0 0 0 0 0 0 0 0 0 0 0 0 0 0 0 0 0 0 0 3 0 0 0 0 0 0 0 0 0 12 1 0 0 0 0 0 0 0 0 0 0 31 0 15 0 12 0 6 5 18 2 23 0 0 0 25 0 1 2 7 6 0 11 11 0 0 18 0 0 0 0 0 21 0 0 0 0 0 44 10 0 0 0 0 0 3 0 0 0 0 0 12 0 0 0 0 0 0 0 17 0 0 1 62 35 2 1 0 4 4 0 0 0 0 0 0 0 0 0 0 0 0 0 0 12 0 0 0 2 0 
 0 0 0 0 0 2 61 0 0 0 0 0 0 0 0 0 0 0 0 0 3 3 21 4 102 125 3 3 67 125 65 67 3 3 3 45 3 7 3 3 121 260 339 62 141 38 73 115 300 36 251 36 0 154 248 244 243 30 235 104 1 0 0 0 0 0 0 0 3 0 0 0 5 0 0 0 0 0 0 0 0 0 0 0 0 0 0 0 0 0 0 0 0 0 0 0 0 0 0 0 0 0 0 16 0 37 0 0 13 0 11 4 0 0 0 0 0 0 0 0 0 13 0 0 0 3 16 6 0 25 9 12 10 26 0 0 8 11 1 0 1 0 0 0 0 0 6 0 1 0 0 0 0 0 0 6 0 0 0 0 0 4 2 0 0 0 0 0 0 0 0 0 0 0 0 4 0 0 0 0 0 0 0 26 21 4 0 0 0 0 17 0 0 0 0 0 0 0 0 0 10 0 16 20 8 0 9 0 20 7 0 0 36 11 16 15 0 0 0 15 0 0 0 0 0 0 35 0 0 0 0 0 0 0 0 0 0 0 0 0 0 0 0 0 0 0 0 0 0 0 0 16 0 0 0 0 2 0 0 3 0 0 2 0 0 0 4 0 0 0 0 0 0 0 0 0 0 0 0 0 0 0 0 0 0 0 3 0 0 0 
 0 0 0 0 0 0 0 0 27 0 0 0 0 0 0 0 0 0 4 0 0 2 63 0 62 90 0 0 0 19 6 18 0 0 0 64 0 0 0 0 257 153 326 79 63 36 129 183 324 265 40 28 154 0 162 47 99 28 177 459 2 0 0 0 0 0 1 6 0 0 0 0 0 3 0 0 27 0 0 5 0 0 0 0 0 0 0 0 0 0 0 0 0 0 0 0 0 0 0 0 0 0 0 0 0 0 0 0 21 0 10 10 0 0 0 0 0 0 0 0 9 0 0 0 11 0 12 28 0 18 13 12 10 7 7 0 7 1 0 0 0 0 23 4 0 2 0 6 0 0 2 3 9 0 0 0 0 0 0 10 0 0 0 0 0 0 0 0 0 0 0 0 0 14 0 3 0 0 0 0 0 0 0 0 15 0 0 0 0 0 0 1 0 0 0 0 0 19 0 0 7 1 10 0 23 0 23 1 0 9 0 0 1 20 9 0 9 1 11 21 0 7 0 0 19 0 0 0 0 0 0 0 0 0 0 5 0 0 0 0 0 0 0 0 0 0 0 0 0 0 0 3 0 2 0 0 0 0 0 0 0 0 0 0 0 0 0 0 1 0 7 0 0 0 0 0 0 0 0 0 3 0 0 0 0 0 0 0 0 0 
 0 0 0 0 0 0 0 0 0 0 0 0 0 1 0 1 0 0 0 0 3 3 3 37 68 69 3 3 3 3 3 198 3 4 3 3 3 3 6 3 344 162 175 98 577 138 389 260 105 95 76 31 248 162 0 246 205 44 69 206 7 0 3 2 2 0 6 9 0 1 0 0 0 3 0 1 0 0 0 6 0 0 0 0 0 0 0 0 0 0 0 0 0 0 0 0 0 7 17 0 0 0 0 0 0 7 0 0 0 0 38 0 0 0 0 0 0 0 0 0 0 35 0 17 6 0 0 11 24 35 62 1 0 0 19 4 6 0 0 13 10 0 7 4 0 12 0 6 0 2 4 11 0 45 0 0 0 0 0 3 0 0 0 0 0 0 0 0 0 0 0 0 0 0 0 0 17 0 23 0 0 0 0 0 0 21 0 0 0 0 0 0 0 5 0 0 0 0 10 0 8 26 0 9 9 10 17 11 3 2 10 19 14 0 21 0 0 61 20 0 1 5 4 4 6 14 0 0 2 0 0 0 0 0 1 11 0 0 15 0 0 0 0 0 0 0 0 0 0 0 0 0 0 0 0 0 2 0 0 6 0 0 1 0 0 23 2 0 0 0 1 0 0 0 0 0 0 0 0 0 0 0 0 0 9 7 0 0 0 0 
 0 0 0 0 0 3 0 0 0 0 0 0 0 0 0 0 0 0 0 0 3 207 5 3 3 3 3 3 3 3 3 5 3 3 3 65 3 3 5 3 357 291 121 102 81 506 30 29 136 332 207 47 244 47 246 0 340 33 57 161 0 38 0 6 6 4 0 1 3 3 4 0 51 0 5 2 0 5 0 0 0 0 0 0 0 0 0 0 0 0 20 0 0 0 0 0 0 0 0 0 0 0 9 0 18 0 0 0 0 1 0 0 0 0 0 0 0 0 0 0 9 35 17 27 14 0 0 18 15 0 23 11 0 0 13 21 15 9 20 0 3 0 0 0 39 4 0 8 1 10 1 9 0 6 0 0 0 0 0 0 0 5 0 0 0 0 0 10 0 0 0 0 0 0 0 0 0 0 0 0 0 0 0 0 0 0 0 0 0 0 0 0 20 0 0 0 0 0 0 0 0 37 0 0 14 3 0 12 1 2 13 18 0 13 18 9 10 30 0 0 0 0 0 0 1 11 1 0 14 0 15 0 0 0 1 0 9 0 24 0 0 0 10 0 0 0 0 0 0 0 0 3 0 1 0 0 0 0 0 15 0 0 3 0 0 14 3 0 0 0 18 0 0 0 0 48 0 0 0 0 0 3 0 0 0 9 0 13 2 0 
 0 0 0 3 0 6 0 0 0 0 1 4 0 0 0 0 0 62 0 0 0 0 0 0 67 66 3 69 0 3 0 3 0 1 0 0 0 0 2 0 416 60 203 131 308 114 115 541 339 235 253 73 243 99 205 340 0 59 39 150 0 0 0 0 0 0 0 0 0 0 0 0 52 0 0 0 0 6 0 0 21 0 0 0 0 0 0 0 0 0 0 0 0 0 0 0 0 0 0 0 0 0 0 0 6 6 0 0 0 0 0 0 0 0 0 0 0 0 0 0 0 14 20 45 15 10 0 12 22 38 71 23 0 0 25 38 59 0 10 0 10 0 0 0 0 0 0 13 0 0 0 0 0 6 0 0 0 0 0 0 0 0 0 0 0 0 0 0 0 0 0 0 0 0 0 0 0 0 0 0 0 0 0 0 0 0 0 0 0 0 0 0 0 0 0 0 0 9 0 0 0 59 0 9 39 1 8 39 0 0 18 45 0 6 8 0 12 23 11 0 0 0 0 0 0 0 1 0 0 2 0 0 0 0 2 0 0 0 26 1 0 0 0 0 0 0 0 0 0 0 0 4 0 2 0 0 0 0 0 17 0 0 1 1 2 17 6 0 2 0 0 0 0 0 0 0 0 0 0 0 0 3 0 0 8 7 0 10 1 9 
 0 0 0 0 0 0 1 0 0 0 0 0 0 1 0 2 0 0 0 2 0 0 0 0 7 0 0 205 0 0 0 0 0 0 2 0 0 0 0 0 35 65 93 145 356 59 35 79 46 105 116 563 30 28 44 33 59 0 41 59 0 0 0 30 0 2 0 0 0 0 1 0 1 0 52 0 0 1 37 0 0 0 17 0 0 0 0 0 0 0 0 0 0 0 0 0 0 0 0 0 0 0 0 0 0 0 0 0 0 0 0 0 0 0 0 14 0 0 0 0 0 0 1 8 19 8 0 3 0 3 0 71 0 0 0 19 0 10 8 0 11 21 9 0 0 0 0 25 15 0 0 0 0 1 14 8 0 0 22 19 0 0 0 0 0 15 0 0 0 0 0 0 0 0 0 0 0 0 0 0 0 0 0 0 0 0 0 11 0 0 0 0 0 0 0 0 0 0 0 0 0 8 0 48 0 12 0 0 0 0 19 47 0 0 1 26 1 1 1 0 26 0 3 0 0 0 20 0 1 0 0 0 43 16 10 0 0 0 14 12 0 0 0 0 0 0 0 0 0 0 0 6 0 0 0 0 2 0 1 13 0 0 62 33 51 1 1 61 1 0 7 2 0 0 0 0 0 0 0 0 0 0 1 0 14 10 0 0 2 0 
 0 0 0 7 0 2 3 1 7 0 0 0 0 0 0 0 0 1 0 15 0 0 62 65 125 59 0 0 43 5 22 64 0 0 0 187 1 62 0 3 123 50 101 72 90 59 123 332 211 79 265 238 235 177 69 57 39 41 0 90 0 42 0 0 0 0 0 0 0 9 1 0 2 0 0 0 0 0 0 0 0 26 0 0 0 0 0 0 16 0 0 7 0 0 0 0 0 0 0 0 0 10 18 1 11 15 0 10 0 17 0 25 0 2 0 0 10 10 0 0 0 0 0 0 0 0 4 0 0 12 0 7 33 51 0 0 0 0 14 1 0 0 0 0 0 0 27 0 0 0 0 0 0 0 0 0 0 23 0 0 0 0 6 0 0 19 0 0 16 0 0 0 6 0 0 15 0 3 0 0 0 0 13 2 79 24 0 0 32 0 15 8 0 0 0 10 10 23 22 1 1 0 0 0 61 0 4 0 0 0 0 0 3 27 0 0 0 0 12 20 0 0 0 0 0 0 0 0 0 0 0 0 0 0 0 0 0 0 0 0 0 4 0 0 0 0 0 0 0 0 0 10 0 0 0 0 0 64 0 1 62 9 2 0 0 2 0 0 0 0 0 0 0 0 0 0 0 0 0 0 0 6 0 0 0 0 47 0 0 0 
 0 0 0 1 2 0 0 0 0 0 0 0 0 0 0 0 0 0 0 0 0 2 0 0 0 59 0 0 0 0 0 64 0 0 205 0 207 0 1 0 49 133 36 120 77 120 152 122 192 144 340 253 104 459 206 161 150 59 90 0 0 4 5 3 3 0 0 0 9 1 0 36 0 0 0 0 0 5 0 0 0 0 0 0 0 0 0 0 0 0 0 0 0 0 0 0 0 0 0 0 0 0 0 0 0 0 0 0 0 0 0 0 0 0 0 0 0 0 0 0 45 0 0 0 7 0 37 25 53 8 4 0 0 0 2 0 16 19 68 0 0 0 0 0 12 0 1 0 35 2 5 0 27 13 0 0 0 5 12 0 0 0 0 0 0 0 0 0 0 0 0 0 0 0 0 4 0 0 0 0 0 0 0 1 0 9 0 0 0 0 0 0 0 0 0 0 0 0 0 0 0 10 35 12 7 0 8 9 9 8 1 0 1 9 0 0 24 4 28 0 0 0 0 0 0 12 0 0 2 0 7 7 0 0 0 0 12 0 0 0 0 0 0 0 0 0 0 0 0 2 0 0 0 0 0 0 2 0 0 10 0 0 0 0 1 10 24 0 2 0 6 0 2 0 0 4 0 0 0 0 0 0 0 0 0 0 0 9 2 0 
 2 0 0 0 2 3 0 0 0 0 0 0 0 0 0 0 0 0 0 0 0 2 1 0 52 6 0 0 0 0 2 0 0 0 1 0 0 3 3 0 0 15 0 0 4 14 0 0 7 53 8 0 1 2 7 0 0 0 0 0 0 184 384 220 96 79 195 97 91 84 36 198 162 70 100 37 349 39 81 155 0 0 0 0 0 0 0 0 0 0 0 0 0 0 0 0 0 0 0 0 0 0 0 0 0 0 0 0 0 0 0 0 0 0 0 0 0 0 0 0 0 0 0 0 0 3 0 0 0 0 0 0 0 0 0 0 0 4 0 0 0 24 8 18 10 6 15 52 14 13 9 4 15 15 0 24 20 0 0 23 0 0 0 0 22 0 0 0 0 0 2 1 0 0 0 0 0 0 0 0 0 0 0 0 0 0 0 0 0 0 0 0 0 0 0 0 0 0 0 0 0 0 0 0 0 29 0 0 0 0 0 0 0 0 0 0 0 0 0 0 0 11 48 19 25 8 23 7 16 17 7 16 4 8 17 34 16 12 0 11 0 0 0 0 0 0 0 0 0 0 0 0 0 0 9 0 4 0 0 0 0 0 0 0 0 0 0 0 0 0 4 0 0 0 2 0 0 0 0 0 0 0 0 0 0 0 0 0 0 0 
