 0 209 190 163 29 37 164 161 403 315 33 326 117 205 376 331 30 142 339 141 0 0 1 0 0 0 0 0 0 1 0 0 0 0 2 0 3 0 5 2 0 0 0 0 0 0 0 1 2 0 3 0 0 0 0 2 0 0 0 3 0 0 0 5 0 0 0 0 0 0 0 0 0 0 0 3 3 0 0 0 23 0 1 13 12 0 16 10 0 42 3 25 16 0 0 19 18 14 20 1 0 0 0 0 0 0 0 0 0 0 0 0 0 0 9 0 0 0 32 34 0 0 2 0 0 8 0 0 0 0 0 0 0 2 0 0 0 1 0 0 0 0 0 0 18 0 0 0 4 0 0 0 0 6 0 0 0 0 0 0 1 26 16 12 65 0 0 0 24 32 5 13 0 55 27 13 0 10 0 11 0 0 0 0 0 0 8 0 4 0 2 0 17 0 0 1 0 1 31 1 0 0 0 0 1 0 0 0 0 0 12 0 0 0 0 0 0 0 0 0 0 0 0 0 0 10 0 0 0 0 0 0 0 18 0 0 0 1 0 0 0 0 0 0 3 88 1 0 3 0 0 3 15 0 0 0 0 0 0 0 0 0 0 0 0 0 0 0 0 0 0 0 0 0 0 9 19 0 0 0 0 0 0 0 0 0 0 0 0 0 
 209 0 139 96 124 95 92 314 215 225 124 43 131 127 71 35 41 144 117 69 6 3 25 3 4 3 66 0 6 4 0 6 113 2 3 3 7 0 118 2 0 2 7 3 9 1 0 1 2 2 5 3 0 0 0 10 0 0 0 3 0 4 0 4 0 0 0 2 1 2 0 3 0 3 0 3 0 0 0 2 10 47 42 14 14 31 0 0 14 0 10 12 0 13 0 0 35 17 0 0 10 0 0 0 0 0 14 0 11 0 2 0 0 0 0 0 0 0 8 34 0 0 0 0 0 0 0 0 0 0 0 0 0 0 0 23 0 0 0 0 0 0 0 0 4 8 0 0 9 0 0 0 0 2 0 0 0 0 0 0 0 5 34 11 13 0 0 2 16 39 33 0 0 22 1 25 0 38 0 0 2 0 0 0 0 0 0 0 0 0 0 0 35 11 0 0 0 0 0 1 1 0 0 0 0 0 0 0 0 0 0 0 0 0 0 0 0 0 0 0 18 0 0 0 0 0 0 0 0 0 0 0 0 0 0 0 1 0 0 0 0 0 0 0 0 2 94 0 0 6 3 0 5 0 0 0 0 0 0 2 0 0 15 0 0 0 0 0 0 0 0 0 0 0 0 0 11 0 0 0 0 0 0 0 0 2 0 0 0 2 
 190 139 0 198 360 79 583 421 81 123 38 29 176 162 77 139 179 298 205 62 91 0 0 1 0 1 0 2 0 1 0 3 1 1 3 1 3 0 28 0 0 20 0 2 3 1 0 0 13 0 2 0 0 0 0 4 0 0 0 3 0 3 0 3 2 2 0 0 0 0 14 3 32 0 0 3 7 0 18 0 34 32 83 8 10 10 16 0 36 13 24 10 0 14 18 24 116 52 10 0 2 0 0 0 0 0 29 1 0 0 0 0 0 0 1 0 0 0 20 21 0 0 0 0 0 0 0 0 0 0 0 0 0 0 0 0 0 0 0 0 0 0 0 0 0 0 0 2 0 0 0 0 0 0 0 0 0 0 0 0 1 33 0 16 16 27 18 54 15 32 27 9 1 18 0 49 1 5 0 19 0 0 2 0 0 0 2 2 0 0 0 0 10 0 0 0 0 1 0 0 0 0 0 0 0 0 0 0 0 0 15 0 0 0 0 0 0 3 0 0 0 12 0 0 0 0 0 17 0 7 0 0 0 0 0 0 0 1 0 0 0 1 0 0 0 2 4 0 2 46 0 2 0 0 0 0 0 0 0 0 0 0 0 0 0 0 0 2 0 0 0 0 0 0 0 0 22 16 0 0 0 0 0 0 0 0 0 0 0 0 
 163 96 198 0 455 231 353 323 100 302 151 135 269 77 81 56 123 93 292 92 0 0 2 0 0 1 109 0 1 0 0 0 154 0 4 0 3 0 79 84 0 10 0 0 62 0 0 1 2 0 3 0 0 0 0 2 0 0 0 3 1 25 0 2 0 0 0 7 0 0 0 0 0 0 0 3 0 0 0 0 0 21 0 0 40 13 0 0 9 22 14 35 0 13 0 0 12 45 0 0 22 0 0 0 0 0 31 9 0 0 0 0 35 5 0 0 22 1 35 0 0 0 0 0 0 0 0 0 0 2 2 0 2 0 0 0 0 0 0 0 0 0 0 0 0 3 0 0 4 0 0 0 0 0 12 0 0 1 0 2 0 17 13 10 0 9 0 15 12 0 20 13 0 0 0 18 0 56 0 1 14 6 2 0 0 0 0 1 0 2 1 0 15 0 0 0 0 15 21 9 0 0 0 0 0 0 0 0 0 0 0 0 0 0 0 0 0 0 0 8 0 0 0 0 0 0 0 0 0 0 0 0 0 0 0 0 0 0 0 0 0 0 0 0 0 2 90 0 88 2 16 9 0 0 0 0 0 0 0 0 0 0 11 0 0 0 2 0 0 0 0 0 0 2 0 0 0 0 0 0 0 0 0 0 0 0 0 0 0 0 
 29 124 360 455 0 164 75 86 195 177 277 145 74 79 73 79 84 342 281 299 1 0 2 0 0 0 1 0 0 0 62 0 240 0 2 17 77 0 11 1 0 28 0 0 0 0 0 3 0 0 3 0 0 0 0 38 0 0 56 1 0 0 45 46 0 0 0 1 0 0 0 0 0 0 56 1 1 1 0 0 0 20 21 11 46 36 0 0 11 17 2 19 0 0 0 14 38 65 0 0 30 1 0 0 0 0 12 8 7 0 0 10 10 8 0 0 14 3 31 0 0 0 0 0 0 0 0 0 0 0 0 0 0 0 0 0 0 0 0 0 0 0 0 0 0 1 0 0 2 0 0 0 0 0 0 0 0 0 0 0 0 86 22 1 0 34 0 21 1 13 17 11 0 0 11 27 1 11 0 0 22 0 1 0 0 0 8 12 7 9 9 0 26 25 8 2 0 6 9 22 0 0 0 0 2 0 0 0 0 0 0 0 0 0 13 0 0 0 0 0 0 0 0 0 0 0 0 0 0 0 0 0 0 0 0 0 0 0 0 0 0 1 0 0 0 0 3 0 0 2 1 14 0 0 0 0 0 0 0 0 0 0 0 0 0 0 0 0 0 0 0 0 0 0 0 0 0 0 0 0 0 0 0 0 0 0 0 0 0 0 
 37 95 79 231 164 0 35 82 274 142 183 81 127 65 56 86 102 302 251 56 30 0 2 75 0 1 77 96 0 1 72 3 60 1 77 74 103 0 35 0 0 10 0 0 0 0 0 2 1 0 6 56 1 0 1 3 0 0 0 2 6 31 0 2 0 0 0 14 0 0 0 0 0 0 0 2 0 48 0 0 18 0 16 0 23 27 0 0 20 18 23 11 0 0 0 14 28 13 0 0 38 0 14 0 0 0 29 13 1 0 0 0 11 0 7 15 26 32 30 13 0 0 0 0 0 0 0 0 0 0 13 0 0 0 2 0 0 0 0 0 0 0 0 2 0 0 0 0 0 0 0 0 0 0 0 1 2 0 0 0 1 22 0 3 0 15 0 15 4 0 0 11 0 0 0 20 1 5 0 0 25 25 0 0 0 0 13 16 16 0 13 0 12 2 12 20 0 4 9 27 0 20 0 0 1 0 0 0 0 0 0 0 0 0 0 0 0 0 0 13 0 0 0 0 0 0 0 0 0 0 11 0 0 0 0 0 0 0 0 0 0 3 0 0 0 0 7 0 10 134 0 16 0 0 0 0 0 0 0 0 0 0 0 0 0 1 0 0 0 0 0 0 0 1 0 0 10 0 0 0 0 0 0 0 0 0 0 0 0 0 
 164 92 583 353 75 35 0 566 272 34 47 123 111 32 52 67 68 47 44 457 3 0 1 3 0 1 5 0 4 0 0 3 0 1 4 2 3 0 4 0 0 2 0 0 6 2 0 1 6 0 6 0 1 0 1 6 0 0 0 3 0 2 1 2 1 1 1 0 0 30 0 6 0 49 0 3 0 3 0 0 7 5 42 15 0 0 12 0 32 24 7 0 2 1 25 14 32 1 5 0 0 0 0 0 0 0 0 0 0 0 0 0 0 0 0 0 0 0 13 7 0 0 0 0 0 0 0 0 0 0 0 0 0 0 0 0 11 0 0 0 6 0 0 0 16 0 0 0 0 0 0 0 0 0 0 0 0 0 0 0 7 23 0 10 15 0 9 33 20 34 3 0 3 25 45 0 8 0 11 28 0 0 0 0 0 1 0 0 0 0 0 0 0 0 0 0 0 0 0 0 0 0 0 0 0 11 0 0 0 0 13 0 0 0 0 0 0 0 0 0 0 0 0 0 0 0 0 0 0 0 0 0 0 0 0 0 0 0 0 0 0 0 0 0 0 0 2 0 0 0 0 0 0 0 0 0 0 0 0 0 0 0 0 0 0 33 0 0 0 0 0 0 0 0 0 0 15 29 0 0 0 0 0 0 0 0 0 0 0 0 
 161 314 421 323 86 82 566 0 686 52 53 89 179 171 65 57 51 121 153 276 2 0 1 205 0 0 0 2 0 1 2 0 0 0 2 0 3 0 39 0 0 2 0 0 0 0 0 0 6 0 2 0 0 0 0 3 0 0 0 5 0 0 0 2 3 0 0 0 0 1 0 0 0 0 0 3 0 0 0 0 34 0 14 0 0 11 29 42 22 21 0 0 0 10 20 41 9 0 11 15 1 0 0 0 0 0 14 0 0 0 2 0 0 0 0 0 0 0 8 43 0 0 0 0 0 0 0 0 0 0 0 0 0 0 0 0 0 0 0 0 0 0 2 0 2 0 0 0 0 0 0 17 0 4 0 0 0 0 0 0 12 0 0 13 1 0 0 12 13 15 0 16 21 0 14 10 17 7 8 10 2 0 0 2 0 0 0 0 0 0 0 0 0 0 0 0 0 0 0 0 1 0 0 0 0 0 0 0 0 0 0 0 0 2 0 8 0 0 0 0 0 7 0 0 0 0 0 19 0 0 0 0 0 0 0 0 0 0 0 1 0 0 0 0 0 0 86 2 0 4 0 1 0 2 0 0 0 0 0 0 1 0 0 0 0 0 0 0 0 0 0 0 0 0 0 11 10 0 0 0 0 0 0 0 0 0 0 0 0 0 
 403 215 81 100 195 274 272 686 0 368 546 319 226 220 241 147 42 35 426 223 0 0 0 1 0 1 0 0 0 2 0 4 72 1 2 0 3 1 5 0 0 2 0 0 0 0 0 0 3 0 2 0 0 0 0 2 0 0 0 3 0 0 0 2 1 1 0 0 0 0 0 0 0 0 0 3 0 0 0 0 12 23 30 0 0 15 35 1 16 33 9 9 18 14 19 41 5 3 13 1 11 0 8 0 0 0 0 0 0 0 0 0 0 0 0 0 0 0 9 16 0 0 0 0 0 0 0 0 0 0 0 0 0 0 0 0 0 0 0 0 0 0 0 0 3 2 0 0 2 1 0 0 2 1 0 0 0 0 0 0 0 13 9 1 18 0 14 0 0 70 24 5 18 10 10 12 2 10 1 0 0 0 0 0 0 0 0 0 0 0 0 0 25 0 0 0 0 0 0 0 0 0 0 0 0 0 0 2 2 0 14 0 0 0 0 0 0 0 0 0 2 0 0 0 0 2 0 2 0 0 1 0 2 0 0 0 0 0 0 0 0 0 0 0 0 2 2 0 2 0 1 2 0 0 0 0 0 0 0 0 0 0 9 0 0 5 0 0 0 0 0 0 0 0 0 3 0 0 0 0 0 0 0 0 0 0 0 0 0 0 
 315 225 123 302 177 142 34 52 368 0 315 38 213 125 278 76 115 57 81 206 7 3 0 0 0 0 76 0 3 2 2 0 135 3 3 1 3 0 31 0 3 2 0 0 0 0 0 0 3 0 1 6 0 0 0 2 0 0 0 3 6 0 0 2 3 0 2 33 0 26 0 3 0 0 0 3 0 0 0 2 11 10 31 10 10 19 20 0 0 0 47 37 15 0 0 23 0 13 1 0 30 0 0 0 0 0 2 0 0 0 0 0 0 0 0 0 16 0 0 21 2 0 0 0 0 0 0 0 0 0 0 15 0 0 0 0 0 0 0 0 0 0 2 0 2 0 0 0 0 0 0 0 0 4 0 0 0 0 0 0 6 0 15 13 5 0 0 2 0 27 43 20 0 9 0 23 9 10 0 0 11 37 0 0 2 0 0 14 0 0 0 0 1 7 0 0 0 4 0 0 0 3 0 0 0 0 0 0 0 0 0 0 0 0 0 2 0 0 0 0 0 0 0 16 0 0 2 0 0 0 0 0 0 16 0 0 0 0 0 1 0 0 0 0 0 3 87 0 2 91 18 9 0 2 0 0 0 0 0 0 0 0 16 0 0 0 0 0 0 0 0 0 0 0 0 11 0 0 0 0 0 0 0 0 0 0 0 0 0 0 
 33 124 38 151 277 183 47 53 546 315 0 285 33 52 80 305 82 55 48 62 36 0 2 1 2 6 1 1 81 4 2 3 245 0 37 0 6 0 151 7 0 17 0 2 0 0 0 1 3 0 6 1 2 0 2 2 0 0 0 3 0 0 2 2 0 0 4 41 0 2 0 0 0 3 3 6 0 0 0 2 0 10 12 32 24 48 0 0 0 0 20 12 0 0 0 0 0 71 0 0 13 9 0 0 0 0 0 14 0 0 0 1 0 22 0 12 25 0 1 14 0 0 0 0 0 1 0 0 0 0 0 0 0 0 0 0 0 0 0 0 0 11 0 0 0 7 0 0 37 0 0 0 0 0 0 0 0 0 0 0 3 10 23 0 27 0 0 0 0 0 51 6 0 0 2 11 0 9 0 0 34 1 31 1 0 0 0 37 0 21 0 0 43 22 0 0 9 6 5 14 0 0 0 0 0 0 0 0 0 0 0 0 0 0 13 0 0 0 0 0 0 0 0 0 0 0 0 0 0 0 0 0 0 0 0 0 0 0 0 0 0 0 0 0 0 1 1 0 0 1 2 9 0 0 0 0 0 0 0 0 0 0 0 0 0 0 0 0 0 0 0 0 0 1 0 0 0 0 0 0 0 0 0 0 0 0 0 0 0 0 
 326 43 29 135 145 81 123 89 319 38 285 0 43 77 28 128 190 273 67 94 75 0 0 0 0 0 0 74 2 2 0 2 131 1 4 0 4 0 5 2 0 8 0 0 0 0 0 0 3 0 2 0 0 0 0 2 0 0 0 3 0 0 0 2 1 0 0 0 0 0 0 0 0 0 0 3 52 0 0 0 16 0 3 35 22 14 0 0 5 0 0 0 0 0 0 14 13 11 0 0 19 0 0 0 0 0 10 12 0 0 0 0 0 10 9 11 0 0 29 44 1 0 0 0 0 0 0 0 0 0 0 0 0 0 14 0 0 0 0 0 0 0 2 6 4 5 0 0 5 0 0 0 0 2 0 0 0 0 0 0 6 42 26 2 22 11 0 16 9 31 24 11 0 12 24 24 1 18 0 0 0 0 12 0 2 0 6 0 0 0 1 0 65 0 0 0 0 1 12 4 0 2 0 0 0 0 0 0 0 0 15 0 0 0 3 2 0 0 0 0 0 0 0 0 15 0 0 0 0 0 0 0 0 0 0 0 0 0 1 1 0 0 0 0 0 4 2 0 2 4 4 7 10 2 2 0 0 0 0 0 0 0 1 2 0 0 0 0 0 0 0 0 0 0 0 0 0 0 0 0 0 0 0 0 0 0 0 0 0 0 
 117 131 176 269 74 127 111 179 226 213 33 43 0 166 171 177 499 42 673 176 77 0 0 2 0 200 0 0 0 2 0 0 0 1 2 2 5 0 78 0 0 2 0 0 0 0 0 0 3 0 2 0 0 0 0 2 0 0 0 3 0 0 0 6 2 0 0 0 0 0 0 0 0 0 0 3 0 0 0 0 34 0 14 0 34 0 5 19 15 14 1 10 8 15 0 0 13 8 0 14 0 0 0 0 0 0 7 0 0 0 0 0 0 0 0 0 0 0 12 1 0 0 21 0 0 0 0 0 0 0 0 0 0 0 0 0 0 0 0 0 0 0 0 9 0 0 2 0 0 0 0 0 2 0 0 0 9 0 0 0 13 0 0 0 2 0 15 0 1 11 42 13 1 8 14 0 0 8 0 25 0 0 0 0 0 0 7 0 0 0 0 0 12 0 0 0 0 0 0 0 0 0 2 0 0 0 0 0 0 0 0 0 0 0 0 0 0 0 0 0 0 0 0 0 0 0 0 0 0 0 1 0 0 0 0 1 0 0 0 0 0 0 13 0 0 3 0 0 4 91 2 6 10 0 0 0 0 0 0 0 0 0 0 0 0 0 0 0 0 0 0 0 0 0 0 10 0 0 0 0 0 0 0 0 0 0 0 0 0 0 
 205 127 162 77 79 65 32 171 220 125 52 77 166 0 183 123 37 139 173 191 0 0 2 1 0 0 0 0 6 0 0 0 1 0 3 1 3 0 5 3 0 2 0 0 0 0 2 2 1 2 8 0 0 0 0 3 0 0 0 2 0 0 0 2 0 0 0 0 0 0 0 0 2 0 0 2 0 0 1 0 0 31 15 21 10 0 0 44 0 0 0 29 23 19 12 19 25 0 6 5 7 0 0 0 0 0 0 0 0 0 0 0 0 0 9 0 0 0 5 9 0 0 1 0 0 0 0 0 0 0 0 0 0 0 0 0 0 0 0 0 0 0 0 0 0 0 0 0 0 2 0 0 0 0 0 0 0 0 0 0 17 24 4 15 10 0 5 38 33 9 13 14 0 13 23 7 17 5 13 0 0 0 0 0 0 0 13 3 0 0 0 0 0 0 0 0 0 0 3 0 0 0 0 0 0 0 0 0 0 0 0 0 0 0 0 0 0 0 0 0 0 0 1 0 0 1 0 0 0 0 0 0 6 0 0 0 0 0 0 0 0 0 0 0 0 0 88 0 2 0 2 8 10 0 1 0 0 0 0 0 76 0 12 0 0 0 0 0 0 0 0 0 0 0 0 0 0 0 0 0 0 0 0 0 0 0 0 0 0 0 
 376 71 77 81 73 56 52 65 241 278 80 28 171 183 0 252 239 366 376 528 74 0 1 2 1 6 7 0 5 2 2 10 0 36 4 6 3 37 5 5 0 9 0 0 3 0 2 2 1 2 5 1 3 4 0 3 0 7 6 2 1 2 0 6 0 0 0 0 7 38 0 4 2 0 0 7 0 0 0 0 20 14 0 1 38 0 7 26 23 25 10 9 16 66 23 14 28 20 13 15 0 0 0 0 0 0 1 0 0 0 0 0 0 0 11 0 1 0 0 0 0 0 0 0 0 0 0 0 0 2 0 0 2 0 0 1 0 0 0 0 5 0 0 7 0 0 0 0 0 0 0 0 0 11 1 0 0 0 0 2 16 0 0 0 2 0 15 0 2 9 28 10 0 10 41 0 0 0 10 68 0 0 0 0 0 0 7 0 0 2 0 0 0 0 0 0 0 0 0 0 0 0 0 0 0 0 0 0 0 0 0 0 0 0 0 0 0 0 0 0 0 0 0 0 0 0 0 0 0 0 0 0 0 0 0 0 0 0 0 0 0 0 0 0 0 1 4 5 0 0 2 31 10 0 0 0 0 0 0 0 0 0 0 0 0 0 2 0 0 0 0 0 0 0 0 10 0 1 0 0 0 0 0 0 0 0 0 0 0 0 
 331 35 139 56 79 86 67 57 147 76 305 128 177 123 252 0 366 47 128 231 75 3 4 2 2 209 2 0 0 2 0 0 0 2 2 4 3 77 5 1 0 5 0 0 0 0 0 3 3 0 85 0 0 3 0 3 3 2 0 1 0 0 0 3 0 0 57 0 5 0 0 0 2 0 47 1 0 1 1 0 7 8 18 16 25 21 14 1 32 12 41 0 1 16 0 29 24 17 11 6 0 0 0 0 0 0 0 0 0 0 0 0 0 0 0 0 16 0 10 18 0 0 0 0 0 0 0 1 0 0 0 1 0 0 0 0 1 0 0 0 10 0 0 0 0 2 0 0 0 0 0 0 2 0 0 0 0 0 0 0 13 0 0 0 39 0 24 19 32 1 16 18 0 19 21 0 1 7 17 21 0 0 0 0 0 0 8 0 0 8 0 0 0 9 0 0 0 0 16 0 0 0 2 0 0 0 0 0 0 0 1 0 13 0 0 0 0 0 0 0 0 0 0 0 0 0 0 0 0 0 0 0 10 31 0 1 0 0 14 0 0 5 0 0 0 1 1 0 4 0 0 21 11 0 0 0 0 0 0 0 0 0 0 0 0 0 0 0 0 0 0 0 0 0 0 14 0 11 0 0 0 0 0 0 0 0 0 0 0 0 
 30 41 179 123 84 102 68 51 42 115 82 190 499 37 239 366 0 238 143 176 0 2 1 207 0 2 0 0 0 3 0 0 0 207 3 0 6 0 4 0 0 90 0 0 1 2 0 2 1 0 3 0 0 0 0 3 0 0 0 2 0 0 0 4 0 0 0 0 0 0 0 0 0 2 0 3 33 0 0 1 0 0 14 0 7 0 9 2 36 0 0 0 0 0 0 46 33 14 0 13 0 0 0 0 0 0 11 0 0 0 0 0 0 0 0 0 0 0 16 0 0 2 0 0 0 0 0 0 0 0 0 1 4 0 0 0 0 0 0 0 0 0 0 0 0 2 0 0 0 0 0 0 0 0 0 0 0 0 0 0 16 20 0 0 1 6 14 38 14 0 0 19 13 0 1 14 0 3 0 10 0 0 0 0 0 0 0 0 0 0 0 0 12 0 0 0 0 0 0 0 0 0 2 0 0 0 0 0 0 0 0 0 0 0 0 0 0 0 0 0 0 0 0 0 0 0 0 1 0 0 1 0 0 0 0 1 0 0 0 0 0 0 0 0 0 0 4 1 2 0 0 8 0 0 1 0 0 0 0 0 0 0 0 0 0 0 0 0 0 0 0 0 0 0 0 13 0 0 0 0 0 0 0 0 0 0 0 0 0 0 
 142 144 298 93 342 302 47 121 35 57 55 273 42 139 366 47 238 0 43 27 75 0 5 1 2 0 4 0 0 2 0 0 0 0 2 1 3 0 80 77 0 8 0 0 0 0 0 1 2 0 3 0 0 0 63 4 0 0 0 3 0 0 0 2 0 1 7 3 0 0 0 0 0 0 0 3 0 0 0 0 27 32 12 61 0 2 1 0 20 0 9 31 0 28 0 14 16 5 0 16 23 0 0 0 0 0 15 11 0 0 0 15 0 0 9 0 0 0 24 20 55 0 0 0 0 0 0 0 0 0 0 0 0 0 0 0 0 0 0 0 0 0 0 0 0 0 0 0 0 0 0 0 0 0 0 0 0 0 0 0 10 11 41 37 6 25 13 26 63 1 31 80 1 64 0 65 29 34 0 13 0 3 0 0 0 0 0 0 0 9 0 47 15 0 1 0 0 0 31 0 0 0 0 0 0 0 0 0 0 0 0 0 0 0 2 0 0 0 0 0 5 0 0 2 0 0 0 0 0 0 0 0 0 0 0 2 0 0 0 0 0 0 0 0 0 0 169 0 4 90 0 12 11 0 0 0 0 0 0 0 0 0 0 0 0 0 0 0 0 0 0 0 0 0 0 0 5 5 0 0 0 0 0 0 0 0 0 0 0 0 
 339 117 205 292 281 251 44 153 426 81 48 67 673 173 376 128 143 43 0 219 0 0 1 1 0 0 0 0 0 1 64 0 0 1 2 1 3 0 4 0 0 1 2 0 0 0 0 1 2 0 67 0 0 0 0 2 3 0 0 3 0 0 45 5 0 0 0 0 0 1 0 0 0 0 36 3 0 0 0 0 1 4 29 0 0 0 5 0 0 16 0 8 18 17 0 11 28 16 24 26 0 0 0 0 0 0 0 0 0 0 0 0 0 0 0 2 0 0 0 0 0 0 0 0 0 2 0 0 0 0 0 3 0 0 0 0 0 0 0 0 0 0 0 2 0 0 0 0 0 0 0 0 0 0 0 0 0 0 0 1 31 8 0 0 0 0 4 37 14 11 9 4 35 9 2 0 12 0 20 22 0 0 0 0 0 0 0 0 0 0 0 0 0 1 0 0 0 0 0 2 0 0 0 0 0 0 0 0 0 0 0 0 1 0 0 0 0 0 0 0 0 0 0 0 0 0 0 0 0 0 0 0 0 0 0 1 0 0 0 0 0 0 0 0 2 2 1 2 1 2 0 14 0 0 0 0 0 0 0 0 0 0 13 0 0 0 0 0 0 0 0 0 0 0 0 13 0 0 0 0 0 0 0 0 0 0 0 0 0 0 
 141 69 62 92 299 56 457 276 223 206 62 94 176 191 528 231 176 27 219 0 1 0 2 105 0 1 0 0 0 2 1 0 2 0 2 3 3 2 6 0 0 1 0 0 0 0 0 1 3 0 3 0 0 0 0 2 0 0 1 3 0 0 0 3 0 0 0 0 0 0 0 0 0 46 0 3 0 0 0 0 22 13 19 0 0 0 17 45 0 53 2 0 13 12 62 0 10 12 26 42 0 0 0 0 0 0 0 12 0 0 0 0 0 0 0 0 0 0 0 0 0 0 0 0 1 0 0 0 0 0 0 0 0 0 0 0 0 0 0 0 0 0 0 4 0 0 0 0 0 0 0 0 0 0 0 0 0 0 0 0 13 11 0 0 6 0 26 9 0 18 0 4 0 0 2 0 0 0 0 5 0 0 0 0 0 0 17 0 0 0 0 0 0 0 0 0 0 0 0 0 0 0 0 0 0 0 0 0 0 0 0 0 0 0 0 0 0 0 0 0 0 0 0 0 0 0 0 0 0 0 0 0 0 0 0 0 0 0 0 0 0 0 0 0 0 1 0 0 0 0 0 7 0 0 0 0 0 0 0 0 0 13 2 0 0 0 0 0 0 0 0 0 0 0 0 0 0 0 0 0 0 0 0 0 0 0 0 0 0 0 
 0 6 91 0 1 30 3 2 0 7 36 75 77 0 74 75 0 75 0 1 0 193 77 66 263 41 373 138 217 195 48 241 268 46 43 244 146 33 268 47 3 4 0 1 5 6 3 2 0 2 4 58 0 9 0 7 3 3 2 3 0 12 2 14 0 7 3 1 6 2 6 6 0 1 1 0 1 1 3 3 9 0 0 49 27 16 0 0 7 40 0 0 0 10 0 11 25 1 0 0 25 0 0 11 20 0 0 11 1 14 2 22 19 40 0 16 18 31 11 9 0 0 0 1 0 0 0 0 16 0 0 0 22 0 0 1 0 16 38 10 0 0 0 1 18 0 0 0 0 0 0 0 0 0 0 0 0 0 0 0 8 0 0 11 15 1 14 10 0 0 25 31 0 13 0 0 0 0 0 8 2 19 8 5 11 14 0 0 1 10 0 0 19 13 4 1 0 0 9 37 0 26 0 2 0 0 0 0 0 0 0 0 0 0 15 0 0 0 0 3 0 0 0 0 0 0 0 0 0 0 0 0 0 0 0 0 0 0 0 0 0 0 0 0 0 0 0 0 0 0 0 0 2 0 19 0 2 1 0 0 0 0 0 0 0 0 18 0 0 2 0 0 0 0 0 0 12 2 0 0 0 2 0 0 0 0 0 0 0 0 
 0 3 0 0 0 0 0 0 0 3 0 0 0 0 0 3 2 0 0 0 193 0 331 158 273 47 186 141 120 172 42 248 127 131 196 286 75 33 255 100 3 0 0 0 5 3 0 1 0 3 4 2 66 2 0 31 3 0 65 0 0 1 0 2 0 4 0 0 25 6 0 2 0 0 3 57 0 4 3 2 0 0 0 1 0 0 0 0 0 0 0 0 0 0 0 20 0 0 0 0 19 0 29 13 29 31 0 40 0 45 10 29 0 13 35 13 11 12 0 0 12 0 0 0 0 0 23 0 0 0 0 0 14 33 0 0 0 0 60 22 0 0 7 1 0 22 27 0 0 0 3 0 0 0 0 0 0 0 0 0 0 0 0 0 0 0 0 0 0 0 0 0 5 0 0 0 0 0 6 0 0 25 0 0 82 36 11 0 0 11 9 21 0 1 32 15 19 19 0 9 12 0 0 0 0 0 7 1 13 0 0 0 24 23 17 0 0 0 18 33 0 0 0 0 0 0 0 0 0 0 0 0 0 0 0 0 0 0 0 0 0 0 32 0 0 0 0 0 0 0 0 1 0 2 6 2 0 1 155 3 0 9 0 0 0 0 0 0 0 0 2 0 0 0 0 0 0 0 0 0 0 19 0 0 0 0 0 0 0 0 
 1 25 0 2 2 2 1 1 0 0 2 0 0 2 1 4 1 5 1 2 77 331 0 206 75 128 142 325 68 49 170 256 279 265 79 54 124 114 29 37 0 2 0 0 8 3 0 0 0 2 2 2 0 2 0 2 1 0 0 0 0 0 0 0 0 1 6 0 0 3 0 0 0 0 0 0 0 4 3 0 0 0 0 0 0 0 0 0 0 0 0 0 0 0 2 0 0 0 0 0 0 27 0 36 17 50 0 0 9 32 21 21 0 1 0 19 0 14 0 0 12 0 8 0 0 0 23 0 0 0 0 0 1 26 0 20 11 0 0 0 0 0 1 2 0 1 0 0 0 0 10 0 0 0 24 0 0 0 0 0 0 0 13 1 0 0 0 0 0 2 0 0 0 0 2 0 0 0 0 0 0 18 15 9 4 0 0 1 3 48 1 7 0 0 1 0 2 11 0 0 28 0 0 0 0 0 11 0 0 12 0 0 14 0 0 0 0 0 32 9 0 0 0 0 0 0 0 0 0 0 0 0 0 0 0 0 0 0 0 0 0 0 0 0 0 0 0 0 29 0 0 0 0 0 2 1 0 5 0 1 2 0 0 0 0 0 0 0 0 0 0 0 0 0 0 0 0 0 0 0 0 9 0 0 0 0 0 0 0 0 
 0 3 1 0 0 75 3 205 1 0 1 0 2 1 2 2 207 1 1 105 66 158 206 0 86 132 72 150 88 79 226 70 83 89 61 53 68 281 97 53 0 24 0 0 34 3 0 1 0 2 2 2 63 5 0 2 0 0 57 0 0 0 0 0 0 0 0 0 0 2 0 0 0 0 0 0 0 2 3 0 0 0 0 0 0 0 0 0 0 0 0 0 0 0 0 0 0 0 0 0 0 15 17 12 0 6 0 14 9 36 8 0 0 0 1 19 11 80 0 0 0 0 0 0 0 0 32 0 8 0 0 0 19 24 0 0 1 0 1 0 0 0 0 0 0 0 0 0 0 0 0 0 0 0 0 0 0 0 0 0 0 0 0 0 0 0 0 0 0 0 1 1 6 0 0 0 0 0 6 0 0 25 0 8 20 31 10 31 9 10 17 1 0 0 21 20 11 0 0 6 9 0 0 0 0 0 0 0 0 19 0 0 0 0 0 0 0 0 15 7 0 0 0 0 2 14 0 0 0 0 0 0 0 0 0 0 0 0 0 0 2 0 0 0 0 0 0 0 0 0 0 0 0 2 11 2 1 0 3 0 1 0 0 0 0 0 0 0 0 0 0 0 0 0 0 0 0 0 0 10 0 0 0 0 0 0 0 0 0 2 
 0 4 0 0 0 0 0 0 0 0 2 0 0 0 1 2 0 2 0 0 263 273 75 86 0 170 339 383 98 67 318 145 113 298 98 75 54 50 68 94 18 89 0 0 3 3 79 28 125 126 39 2 0 64 0 2 17 1 0 21 0 0 51 0 0 0 0 0 0 3 0 0 0 2 0 0 0 1 3 0 0 0 0 0 7 0 0 0 0 0 1 0 0 0 0 0 0 0 0 0 0 59 0 32 17 0 0 0 0 1 0 9 0 0 0 19 0 0 0 0 24 11 2 0 0 0 11 30 31 26 0 0 0 15 11 33 8 0 28 23 0 0 3 2 0 0 0 0 0 2 10 0 0 0 16 0 0 0 0 0 0 0 0 0 0 0 0 3 0 0 0 0 0 0 0 0 0 0 2 0 0 34 15 12 0 0 0 0 0 1 8 13 0 0 0 17 0 0 1 0 1 35 28 10 16 0 13 13 19 21 15 13 41 26 48 11 16 33 19 13 0 0 0 0 0 0 0 0 0 30 0 0 42 0 0 0 0 0 0 11 0 0 0 0 0 0 0 0 0 0 0 0 0 0 287 3 3 1 2 11 7 2 0 0 0 0 0 0 0 0 0 0 0 0 0 0 0 0 0 0 0 9 0 0 56 0 0 0 0 0 
 0 3 1 1 0 1 1 0 1 0 6 0 200 0 6 209 2 0 0 1 41 47 128 132 170 0 254 38 265 42 147 169 55 62 72 66 62 79 49 62 0 65 0 0 3 3 25 124 131 22 2 2 0 65 0 67 0 1 3 127 0 0 0 0 0 1 0 0 0 1 0 0 0 0 0 0 0 0 3 0 0 0 2 0 0 0 0 1 0 0 0 0 27 0 0 0 0 15 0 0 0 0 0 15 0 37 0 0 0 23 23 13 0 0 0 0 0 0 0 4 25 15 23 0 0 0 23 18 0 24 0 0 0 20 14 11 11 1 9 7 0 0 0 1 0 0 0 0 0 8 0 1 0 0 0 0 0 0 0 0 1 0 0 0 0 0 0 0 0 0 0 0 0 1 0 0 0 0 0 0 0 0 0 0 0 0 0 0 2 0 7 18 0 0 1 0 0 10 16 0 33 10 2 0 8 0 14 0 46 23 17 0 29 15 0 0 0 2 1 8 0 0 1 0 1 2 0 0 0 2 0 2 0 0 0 17 1 0 0 0 0 0 0 0 0 0 0 0 0 0 0 0 0 0 13 4 0 0 1 13 1 1 1 0 0 0 0 0 0 0 0 0 0 0 0 0 0 0 0 0 0 0 0 0 0 0 0 0 0 0 
 0 66 0 109 1 77 5 0 0 76 1 0 0 0 7 2 0 4 0 0 373 186 142 72 339 254 0 96 98 108 44 383 207 169 364 253 242 101 138 520 0 1 0 0 3 3 0 0 0 2 2 2 0 2 0 3 0 0 1 0 4 0 0 0 0 0 0 7 0 3 0 0 0 0 0 0 0 0 3 0 0 0 0 0 0 0 0 0 0 0 12 23 2 0 6 0 0 0 0 0 19 14 24 20 28 0 14 0 30 33 9 13 32 15 14 25 15 9 1 3 0 0 0 0 0 2 0 0 0 2 12 0 0 0 0 0 0 0 0 0 20 0 0 1 0 0 0 0 0 0 0 0 0 0 2 0 0 0 0 0 0 0 12 10 1 34 0 0 0 0 13 7 0 1 0 8 13 0 1 0 26 38 10 18 22 0 21 24 0 10 1 8 0 0 5 18 0 20 7 11 0 0 1 0 0 0 0 0 0 0 0 0 0 0 0 0 0 0 10 0 0 0 0 0 0 0 0 0 1 0 0 0 0 0 0 0 0 0 0 0 0 0 0 0 0 0 0 0 28 2 18 0 0 0 11 0 2 76 37 0 10 0 0 0 0 0 0 0 0 0 0 0 0 0 0 0 0 0 0 0 0 27 0 0 0 0 0 0 0 0 
 0 0 2 0 0 96 0 2 0 0 1 74 0 0 0 0 0 0 0 0 138 141 325 150 383 38 96 0 90 51 84 121 94 533 159 258 113 180 272 271 0 2 0 0 9 3 0 0 0 2 2 64 0 5 54 4 0 0 1 0 0 0 0 0 0 0 0 0 0 2 0 0 0 5 10 0 0 1 3 0 16 0 0 0 14 18 0 0 1 22 0 1 0 0 1 0 0 0 0 0 25 47 48 0 21 17 22 38 1 13 13 0 20 2 19 21 13 56 11 0 0 2 0 0 0 0 14 0 0 0 0 0 8 1 0 0 4 0 0 0 0 0 0 17 0 0 0 0 0 0 0 0 0 0 0 0 0 0 14 0 0 0 0 0 0 0 0 0 0 1 34 0 0 0 0 0 0 0 1 0 0 21 29 0 13 28 10 25 44 0 9 9 6 3 25 30 9 12 9 24 0 36 0 0 0 0 0 0 0 0 0 0 0 1 0 0 0 0 0 1 0 0 0 0 0 0 0 0 0 0 0 0 0 0 0 0 0 0 0 0 0 0 1 0 0 0 0 0 0 0 0 0 0 0 6 0 1 78 7 0 2 0 0 0 0 0 0 0 0 0 0 0 0 0 0 0 0 0 0 11 0 0 0 0 0 0 0 0 0 0 
 0 6 0 1 0 0 4 0 0 3 81 2 0 6 5 0 0 0 0 0 217 120 68 88 98 265 98 90 0 146 74 258 90 225 191 183 207 114 100 114 0 0 0 0 3 3 93 0 0 2 2 2 56 2 0 2 0 2 0 1 0 0 0 0 38 28 0 0 3 3 0 0 0 0 0 0 0 0 54 0 0 0 2 14 1 1 1 0 0 0 13 0 0 2 0 0 0 0 0 0 0 23 11 0 32 12 0 20 14 42 26 33 15 10 0 4 39 6 0 1 10 0 0 0 0 0 12 0 0 0 0 5 29 12 0 0 1 0 16 2 0 0 4 2 0 0 0 0 4 0 0 0 0 0 1 0 0 0 0 0 0 0 0 0 1 0 0 0 0 0 0 0 0 0 0 0 0 0 0 0 29 0 8 0 20 21 0 13 0 14 1 39 0 19 10 30 41 30 0 0 14 0 0 0 0 0 7 0 0 0 0 0 40 0 27 0 0 0 0 0 0 0 0 0 0 0 0 0 0 0 0 0 0 0 0 0 0 0 0 0 0 0 0 0 0 0 0 0 0 0 0 0 0 0 22 0 2 2 1 4 10 4 0 0 0 0 17 0 0 0 0 0 0 0 0 0 0 11 0 0 0 0 0 0 0 0 11 0 0 0 
 1 4 1 0 0 1 0 1 2 2 4 2 2 0 2 2 3 2 1 2 195 172 49 79 67 42 108 51 146 0 75 271 112 183 124 96 42 54 76 186 0 0 0 1 3 3 23 62 0 3 2 2 62 2 0 2 0 0 0 0 1 0 0 1 1 5 3 2 0 1 0 2 0 0 4 4 0 4 10 5 0 0 0 0 0 0 0 0 0 1 0 0 0 0 0 0 0 0 0 2 32 1 20 1 19 8 0 0 27 17 0 1 0 16 2 17 0 7 0 0 0 0 0 0 0 0 1 8 0 0 0 0 28 0 17 0 0 0 19 13 0 0 1 1 0 0 1 0 0 4 0 0 0 0 0 0 0 0 0 17 0 0 0 0 0 0 7 0 3 0 0 0 0 0 0 0 0 0 1 0 0 23 0 11 68 0 24 0 1 24 11 11 0 0 13 0 8 11 0 1 20 0 0 0 0 0 0 1 0 0 0 0 17 0 14 0 0 0 22 12 0 0 0 0 0 0 0 0 0 0 0 0 0 0 0 0 0 0 0 2 0 0 0 0 0 0 0 0 0 1 0 0 0 0 7 2 0 0 3 0 3 15 0 0 0 0 0 0 0 0 0 0 0 0 0 0 0 0 0 0 0 21 0 0 0 0 0 0 0 1 
 0 0 0 0 62 72 0 2 0 2 2 0 0 0 2 0 0 0 64 1 48 42 170 226 318 147 44 84 74 75 0 276 36 136 144 87 234 375 45 344 64 1 0 0 13 3 0 0 4 2 2 2 114 2 3 2 3 3 2 1 0 0 51 0 0 0 0 0 0 2 0 2 0 0 0 0 0 0 3 0 0 0 0 0 0 0 0 0 0 0 0 0 0 0 0 0 1 0 0 0 0 17 10 18 13 0 1 15 3 18 49 0 0 0 15 35 8 51 0 0 0 0 0 0 0 0 10 11 46 11 0 0 8 0 10 19 27 0 0 0 0 0 0 2 0 0 0 0 0 0 0 0 0 0 3 0 0 0 4 0 0 0 0 0 0 25 0 2 0 0 0 0 0 0 0 0 0 0 0 0 2 9 16 53 0 10 29 12 9 9 9 17 0 0 13 8 5 0 0 10 12 2 10 0 0 0 0 11 0 33 1 19 0 0 12 0 14 15 53 10 0 0 0 0 1 0 0 0 0 0 1 0 0 0 0 0 0 4 0 0 0 0 0 0 0 0 0 0 0 2 0 0 0 0 10 2 0 88 0 2 2 2 0 0 0 0 0 0 0 0 0 2 0 0 0 0 0 2 0 10 0 12 0 0 0 1 0 0 0 0 
 0 6 3 0 0 3 3 0 4 0 3 2 0 0 10 0 0 0 0 0 241 248 256 70 145 169 383 121 258 271 276 0 48 113 179 34 282 81 51 343 21 4 0 0 4 3 0 0 63 2 2 2 63 6 0 10 1 0 0 0 0 0 0 0 0 3 0 0 56 2 1 0 0 1 0 0 0 0 3 0 0 0 0 1 0 0 0 0 0 0 0 0 0 0 0 0 0 0 0 0 19 35 18 14 35 29 0 5 0 24 23 10 0 13 25 38 0 0 0 0 0 12 0 0 0 0 12 9 27 15 0 0 0 15 16 16 9 0 0 0 0 0 2 2 0 0 12 0 0 0 5 0 0 0 6 0 0 0 0 0 0 0 0 0 0 0 0 0 0 0 2 0 2 0 0 0 0 0 0 0 0 46 18 38 72 23 11 29 13 12 15 33 0 2 19 25 28 20 0 0 1 14 0 0 0 0 0 0 1 0 0 0 11 0 17 12 9 8 20 23 5 0 0 0 0 0 0 0 0 0 0 0 3 0 0 4 2 0 0 0 0 0 5 0 0 0 0 0 0 0 0 0 0 1 24 1 0 1 41 0 4 6 0 0 0 0 0 0 0 0 0 0 0 0 10 0 0 0 0 13 0 28 0 0 0 12 0 0 0 0 
 0 113 1 154 240 60 0 0 72 135 245 131 0 1 0 0 0 0 0 2 268 127 279 83 113 55 207 94 90 112 36 48 0 184 64 51 43 44 396 143 0 0 0 0 3 3 0 0 0 2 2 2 0 2 0 2 0 0 0 0 2 1 6 0 0 0 0 4 0 2 0 106 0 0 0 0 0 0 3 0 0 5 13 29 16 23 0 0 0 0 24 10 0 0 0 0 0 43 0 0 53 0 11 17 0 0 0 10 0 10 0 15 49 33 1 22 1 0 1 0 0 2 0 0 0 0 0 0 0 0 0 0 0 0 0 0 0 0 0 0 0 0 0 0 0 3 0 0 4 0 0 0 0 0 0 0 0 0 0 0 5 10 92 0 13 2 0 0 1 1 7 15 0 1 0 2 1 29 0 0 8 23 10 28 12 0 8 26 0 0 1 0 54 16 1 0 0 9 1 12 1 0 0 0 0 0 0 0 0 0 0 0 0 0 0 0 0 0 0 2 0 0 0 0 11 0 0 0 0 0 0 0 0 0 0 0 0 0 0 0 0 0 0 0 0 0 0 0 0 86 0 0 0 0 6 0 0 0 1 0 0 0 0 0 0 0 0 0 0 0 0 0 0 0 0 0 0 0 0 0 0 18 0 0 0 0 0 0 0 0 
 0 2 1 0 0 1 1 0 1 3 0 1 1 0 36 2 207 0 1 0 46 131 265 89 298 62 169 533 225 183 136 113 184 0 116 194 131 138 154 166 0 1 0 3 5 3 0 0 0 2 3 2 2 4 28 18 0 3 0 0 0 0 0 3 3 0 0 49 2 2 0 0 0 3 5 0 0 0 3 0 0 0 0 0 0 0 0 0 0 0 0 0 0 0 0 0 0 0 0 0 6 41 23 10 5 0 8 12 30 0 8 27 2 24 24 20 0 0 0 0 0 0 0 0 0 0 1 1 0 0 0 0 0 0 0 0 0 0 0 0 0 2 0 0 0 0 0 0 0 0 0 0 0 2 0 0 0 0 8 0 0 1 1 0 0 11 0 0 0 0 7 0 0 0 0 0 6 0 0 0 14 28 0 21 23 15 20 15 6 26 0 0 5 19 20 0 33 0 14 9 0 0 0 0 0 0 0 0 0 0 0 0 0 0 0 0 0 0 11 14 0 0 2 0 0 0 0 0 0 0 0 0 0 0 0 0 0 0 0 0 0 0 36 0 0 2 0 0 0 0 0 0 0 0 3 2 2 170 78 4 4 2 0 0 0 0 19 0 0 0 0 0 0 0 0 0 0 0 0 9 0 8 0 0 0 17 3 0 0 2 
 2 3 3 4 2 77 4 2 2 3 37 4 2 3 4 2 3 2 2 2 43 196 79 61 98 72 364 159 191 124 144 179 64 116 0 141 417 375 81 201 3 1 0 0 7 3 0 0 0 4 5 4 6 12 0 51 0 0 56 3 0 2 0 2 3 0 5 0 0 2 1 9 0 0 5 0 3 0 3 2 0 0 0 14 0 0 0 0 0 0 0 7 0 6 0 0 0 0 0 0 0 52 38 0 15 7 9 41 56 22 18 21 28 0 32 49 43 9 12 0 7 0 0 0 0 0 0 0 0 0 0 0 30 14 0 0 0 0 2 0 0 0 33 2 0 0 5 0 0 0 5 0 1 0 0 0 0 3 0 0 0 0 0 0 0 12 0 6 0 0 0 0 0 0 0 0 0 0 0 0 26 1 26 1 0 27 20 54 39 0 29 0 11 12 46 49 4 36 1 12 1 0 0 0 0 0 0 0 0 0 0 0 0 0 0 0 0 0 1 20 0 0 0 1 0 0 0 2 0 0 0 0 0 0 0 0 0 0 0 0 0 0 19 0 0 0 0 0 0 0 0 0 0 2 5 0 0 78 76 1 26 1 0 0 0 0 0 0 0 0 0 0 0 0 0 0 0 0 0 0 0 1 0 0 0 0 0 0 0 0 
 0 3 1 0 17 74 2 0 0 1 0 0 2 1 6 4 0 1 1 3 244 286 54 53 75 66 253 258 183 96 87 34 51 194 141 0 191 77 139 63 0 22 0 0 3 3 0 3 1 2 5 2 0 2 0 41 0 0 0 2 0 0 43 3 2 0 0 0 0 2 0 0 0 1 0 3 0 0 3 0 0 0 0 10 12 0 0 0 0 0 0 21 0 0 0 0 0 1 0 0 0 11 0 0 0 0 0 15 27 10 1 14 9 0 12 30 15 0 0 1 0 0 0 1 2 0 0 0 0 0 0 0 0 16 0 0 0 0 0 0 0 0 0 1 0 0 0 11 0 0 0 0 0 0 0 0 0 0 0 0 0 0 0 0 0 13 0 2 0 0 0 0 0 0 0 6 0 0 0 0 38 14 21 7 0 0 23 4 49 17 20 15 2 11 76 2 6 0 9 15 0 0 0 2 0 0 0 0 0 0 0 0 0 0 16 0 0 0 0 0 0 0 0 0 0 1 0 0 0 0 0 0 0 0 0 7 0 0 0 0 2 0 0 0 0 2 0 0 0 0 0 0 0 0 9 0 2 0 1 11 3 2 0 0 0 0 0 0 0 0 0 0 0 0 0 0 0 2 0 0 0 0 0 0 0 0 0 0 0 10 
 3 7 3 3 77 103 3 3 3 3 6 4 5 3 3 3 6 3 3 3 146 75 124 68 54 62 242 113 207 42 234 282 43 131 417 191 0 131 18 43 0 2 0 0 28 3 0 1 0 2 2 2 62 5 0 48 0 0 0 0 0 0 0 0 0 3 0 0 0 2 0 0 0 0 0 0 3 0 3 0 0 0 0 0 0 0 0 0 0 0 0 8 0 0 0 0 0 0 0 0 0 60 33 0 14 0 0 61 31 10 0 26 7 10 0 27 31 63 0 0 0 0 0 0 0 0 0 0 0 0 0 0 31 0 0 0 2 0 37 11 0 0 4 1 0 0 14 0 0 0 1 0 8 0 0 0 0 0 0 1 1 0 0 0 0 0 0 0 0 0 0 0 0 0 0 2 0 0 0 0 11 0 0 0 41 35 18 54 20 0 42 1 0 23 43 45 26 10 18 5 9 0 0 0 0 0 0 0 0 11 0 0 1 0 20 0 0 0 0 0 0 0 0 0 0 0 0 0 3 0 0 0 0 0 0 0 0 0 0 0 0 0 0 0 0 0 0 0 0 0 0 0 0 0 18 0 3 4 1 0 10 7 0 0 0 0 8 0 63 19 0 0 0 0 0 0 0 0 0 9 0 0 0 0 0 0 11 0 0 0 
 0 0 0 0 0 0 0 0 1 0 0 0 0 0 37 77 0 0 0 2 33 33 114 281 50 79 101 180 114 54 375 81 44 138 375 77 131 0 28 124 0 1 0 0 12 3 0 1 0 3 2 2 0 5 2 52 12 23 0 0 11 0 0 0 0 1 0 0 0 3 0 0 5 0 7 0 0 0 8 0 0 0 0 2 0 0 0 0 0 0 0 0 0 0 0 0 0 0 0 0 0 37 33 0 1 0 12 0 32 0 0 11 12 0 0 0 53 29 0 0 0 0 0 0 0 0 1 0 0 0 0 0 54 0 0 0 0 0 2 0 0 0 0 0 0 0 0 5 0 0 0 0 0 0 0 0 1 1 0 0 0 0 0 0 0 0 0 0 0 0 2 0 0 0 0 0 0 0 0 0 19 15 1 18 16 28 0 57 10 10 16 1 8 29 1 18 22 16 0 13 9 0 0 0 0 0 0 0 0 5 0 0 0 0 0 0 0 0 16 0 0 0 0 0 0 0 0 0 0 0 0 0 0 2 0 0 2 0 0 0 0 0 0 0 0 0 0 0 0 0 0 0 0 1 7 4 3 2 0 0 10 0 0 0 0 0 0 0 0 0 0 0 0 0 0 0 0 0 0 34 0 0 0 0 0 14 10 0 0 0 
 5 118 28 79 11 35 4 39 5 31 151 5 78 5 5 5 4 80 4 6 268 255 29 97 68 49 138 272 100 76 45 51 396 154 81 139 18 28 0 386 2 3 2 2 4 5 1 0 0 4 4 2 0 6 0 3 2 0 0 0 0 0 0 0 54 0 0 62 0 21 0 0 0 0 0 45 0 0 3 0 17 15 53 43 10 25 0 0 26 0 55 12 0 0 0 1 16 10 0 0 38 13 0 0 0 0 25 0 14 0 8 0 16 7 11 0 11 0 6 10 2 0 0 0 0 0 0 0 0 0 0 0 0 0 2 0 0 0 0 0 0 0 0 0 0 0 0 0 0 0 0 0 0 0 0 14 0 0 0 0 1 0 14 0 4 13 0 0 0 0 0 0 0 0 0 10 0 17 0 0 20 0 10 0 0 0 8 0 10 42 0 1 0 7 23 0 10 0 0 0 0 1 0 0 0 0 0 0 0 0 0 0 7 0 0 0 0 0 0 0 0 0 0 0 0 0 0 0 0 0 0 0 1 0 0 0 0 0 0 0 0 2 0 0 0 0 0 0 0 62 13 0 0 0 19 0 2 75 0 1 0 0 0 0 0 0 0 1 0 0 0 0 0 0 0 0 12 0 0 0 0 0 0 0 0 0 0 0 0 0 
 2 2 0 84 1 0 0 0 0 0 7 2 0 3 5 1 0 77 0 0 47 100 37 53 94 62 520 271 114 186 344 343 143 166 201 63 43 124 386 0 0 1 0 0 3 3 0 6 0 2 8 2 0 2 0 8 0 3 1 0 3 4 0 0 0 0 0 1 5 2 0 0 0 0 0 0 0 3 3 0 0 0 2 12 0 0 1 0 0 0 13 18 0 2 0 0 0 0 0 0 20 18 19 11 0 0 27 11 17 10 12 11 17 9 40 8 13 9 20 11 0 0 0 0 0 0 0 16 0 0 0 0 0 0 0 0 1 0 0 0 0 0 0 0 0 0 0 0 0 0 0 0 0 0 1 0 0 0 0 0 0 0 7 13 8 20 0 0 2 0 9 0 0 7 0 11 7 1 1 0 35 13 1 1 6 0 22 47 10 14 0 9 0 0 25 18 0 11 17 48 0 0 0 0 0 0 0 0 0 17 11 0 2 0 0 0 0 0 0 12 0 0 0 0 0 0 17 0 0 0 6 0 0 0 0 0 0 0 0 0 0 0 7 0 0 0 0 0 69 1 11 0 0 0 12 0 3 77 82 2 16 0 0 0 0 0 0 0 0 0 0 0 0 0 0 0 0 0 0 0 0 8 0 0 0 0 0 0 0 0 
 0 0 0 0 0 0 0 0 0 3 0 0 0 0 0 0 0 0 0 0 3 3 0 0 18 0 0 0 0 0 64 21 0 0 3 0 0 0 2 0 0 166 106 324 177 88 147 109 104 170 167 341 47 73 35 40 139 29 44 98 0 0 0 0 0 0 0 0 0 6 0 0 1 3 0 0 0 0 0 0 0 0 0 0 0 0 0 0 0 0 0 0 0 0 0 0 0 0 0 0 0 0 0 0 0 0 0 0 0 0 0 0 0 0 0 12 0 0 0 0 2 12 0 3 14 17 17 19 34 19 34 0 0 0 43 37 8 20 4 27 0 1 0 0 0 1 0 0 0 0 1 0 1 2 3 0 7 0 4 8 0 0 0 0 0 0 0 0 0 0 0 0 0 4 0 0 0 0 0 0 0 0 0 0 0 0 0 0 0 0 10 10 0 0 0 0 0 0 0 0 1 7 0 1 18 14 0 2 14 21 0 18 13 13 27 31 9 7 0 0 4 22 0 8 0 0 4 1 8 0 0 0 4 9 3 8 0 0 0 10 0 0 0 0 0 0 0 0 0 0 0 10 0 0 0 0 0 0 0 0 0 0 0 0 0 11 6 0 0 0 1 0 0 0 0 0 0 0 0 0 0 0 0 0 18 13 0 0 0 0 
 0 2 20 10 28 10 2 2 2 2 17 8 2 2 9 5 90 8 1 1 4 0 2 24 89 65 1 2 0 0 1 4 0 1 1 22 2 1 3 1 166 0 169 98 44 27 229 137 129 148 25 94 46 262 127 140 97 40 46 100 0 0 7 0 0 0 0 0 4 0 0 0 1 0 3 1 3 0 3 0 0 2 0 0 10 0 0 0 17 15 0 0 0 18 0 8 24 23 0 16 0 0 0 13 0 0 12 0 0 0 0 0 0 0 0 0 0 0 10 0 13 0 3 7 18 10 0 0 0 15 0 2 0 0 0 0 0 41 40 6 0 10 0 0 0 0 0 0 4 0 0 0 1 10 1 0 9 0 0 0 0 17 0 0 0 21 0 17 0 0 0 9 0 0 0 21 3 1 0 0 0 0 0 3 1 0 2 13 0 2 0 0 7 0 2 0 2 0 5 0 0 5 8 1 14 15 3 8 20 19 16 0 19 10 0 0 0 0 0 8 20 0 0 0 1 0 15 0 0 0 0 0 0 0 27 0 0 0 0 3 1 3 0 0 0 0 0 0 0 0 0 17 0 7 0 0 0 2 0 9 0 1 0 0 2 0 4 65 2 0 0 0 0 0 0 0 0 0 0 0 0 0 0 0 13 0 1 0 1 0 
 0 7 0 0 0 0 0 0 0 0 0 0 0 0 0 0 0 0 2 0 0 0 0 0 0 0 0 0 0 0 0 0 0 0 0 0 0 0 2 0 106 169 0 227 105 44 53 148 138 81 227 221 65 61 169 135 57 63 94 41 1 8 20 0 1 8 0 1 0 0 0 0 0 0 9 6 8 0 0 50 0 0 0 0 0 0 0 0 0 0 0 0 0 0 0 0 0 0 0 0 0 0 0 0 0 0 0 0 0 0 0 0 0 0 0 0 0 0 0 0 18 1 18 27 23 7 0 21 4 8 20 8 0 0 22 31 20 15 0 0 0 0 0 2 0 0 0 0 0 8 0 11 0 4 0 0 11 5 0 20 0 0 0 0 0 0 0 0 0 12 0 0 0 5 0 0 0 0 0 0 0 0 0 0 2 0 0 0 0 0 0 0 0 0 0 0 0 0 0 0 0 0 10 3 0 18 13 10 6 13 23 12 0 7 0 17 0 12 0 0 46 11 1 0 1 0 11 0 0 6 1 6 0 0 27 0 0 0 0 8 0 0 0 0 0 0 0 0 0 0 0 13 0 0 0 0 1 0 0 11 0 0 0 0 1 18 0 14 0 0 0 0 0 0 0 2 0 0 0 0 0 0 0 0 12 0 0 0 0 0 
 0 3 2 0 0 0 0 0 0 0 2 0 0 0 0 0 0 0 0 0 1 0 0 0 0 0 0 0 0 1 0 0 0 3 0 0 0 0 2 0 324 98 227 0 289 100 135 146 95 183 84 137 146 331 163 58 101 248 406 127 50 0 0 0 0 0 7 51 52 11 0 6 0 7 0 3 0 0 23 51 0 0 0 0 0 0 0 0 0 0 0 0 0 0 0 0 0 0 0 0 0 0 0 0 0 0 0 0 0 0 0 0 0 0 0 0 0 0 0 0 0 0 1 27 25 37 0 0 0 0 40 9 0 0 5 0 0 0 0 0 0 0 2 3 0 0 0 0 0 0 1 3 18 5 17 0 15 0 3 10 0 0 0 0 0 0 0 0 0 0 0 0 0 4 0 0 0 0 0 16 0 0 0 0 0 0 0 0 0 0 0 0 0 0 0 0 0 0 0 0 1 1 11 36 53 14 0 3 0 14 0 35 1 6 12 4 9 14 0 0 5 7 0 7 0 0 0 0 6 0 0 0 0 10 26 7 0 7 0 20 0 0 14 0 0 0 0 0 0 0 0 9 0 0 68 0 0 0 0 10 0 0 4 0 66 7 10 0 0 0 11 0 0 0 0 0 0 0 0 0 0 0 0 0 0 13 0 0 0 0 
 0 9 3 62 0 0 6 0 0 0 0 0 0 0 3 0 1 0 0 0 5 5 8 34 3 3 3 9 3 3 13 4 3 5 7 3 28 12 4 3 177 44 105 289 0 344 70 65 103 319 69 268 121 322 147 298 71 326 65 138 0 29 0 0 0 0 102 0 50 0 0 0 0 0 45 59 80 0 22 80 0 0 0 0 0 0 0 0 0 0 0 0 0 0 0 0 0 0 0 0 0 0 0 0 0 1 5 1 5 0 0 0 0 0 0 0 0 10 0 0 0 18 0 10 17 10 0 13 0 0 11 12 2 0 4 28 0 20 0 0 0 0 41 31 0 1 3 0 0 10 13 0 17 16 21 0 0 18 61 19 0 0 0 0 0 0 0 0 0 0 0 0 0 2 0 0 0 0 0 0 0 0 0 0 0 12 0 3 0 0 3 1 0 0 0 0 0 0 0 0 4 0 0 0 0 0 0 0 0 21 0 9 0 0 0 5 0 0 0 0 4 25 0 0 0 0 0 0 9 2 0 0 17 0 1 10 5 14 31 8 9 0 1 0 0 0 0 0 0 0 0 2 0 0 0 0 0 0 1 2 0 0 20 0 1 9 6 1 0 0 0 0 0 0 0 0 0 0 0 0 0 0 0 0 0 0 0 0 0 0 
 0 1 1 0 0 0 2 0 0 0 0 0 0 0 0 0 2 0 0 0 6 3 3 3 3 3 3 3 3 3 3 3 3 3 3 3 3 3 5 3 88 27 44 100 344 0 109 78 275 311 313 106 253 63 335 100 91 63 61 127 0 22 63 0 0 0 162 24 58 0 0 0 0 1 0 7 1 0 111 57 0 0 0 0 0 0 0 0 0 0 0 0 0 0 0 0 0 0 0 0 0 0 0 0 0 0 0 0 0 0 0 0 0 0 0 0 0 13 0 0 0 0 13 60 49 18 0 0 0 0 11 20 0 0 0 11 0 0 0 0 0 11 0 78 0 0 9 0 0 0 0 0 1 0 19 9 0 28 1 22 0 0 0 0 0 0 0 0 0 0 7 0 0 0 0 0 0 0 0 0 0 0 0 0 0 0 0 0 0 0 12 0 0 0 0 0 0 0 0 0 0 0 36 0 16 0 0 1 12 9 0 0 0 0 0 5 0 0 0 0 20 13 0 0 0 0 23 0 14 0 1 0 28 2 17 11 0 13 35 35 0 0 0 0 0 0 0 0 0 0 0 4 0 0 0 0 0 0 0 0 0 0 5 1 2 4 1 0 0 0 8 0 0 3 0 0 0 0 0 0 0 0 6 0 0 12 0 0 0 0 
 0 0 0 0 0 0 0 0 0 0 0 0 0 2 2 0 0 0 0 0 3 0 0 0 79 25 0 0 93 23 0 0 0 0 0 0 0 0 1 0 147 229 53 135 70 109 0 280 103 188 161 35 200 218 55 56 132 32 274 488 0 8 0 0 0 1 9 0 0 8 0 2 0 0 1 5 9 2 0 50 0 0 0 0 0 0 0 0 0 0 0 0 0 0 0 0 0 0 0 0 0 0 0 0 0 8 0 0 0 0 0 0 0 0 0 0 0 0 0 0 51 0 21 0 1 0 0 20 0 6 20 1 3 0 16 0 12 22 13 31 0 0 0 1 0 0 6 0 0 13 0 9 0 0 0 0 0 0 0 0 27 0 0 0 0 0 0 0 0 0 0 0 0 0 0 0 0 0 0 0 0 8 0 0 25 0 0 0 0 0 9 15 0 0 0 0 0 9 0 0 30 11 15 1 47 0 6 13 14 0 23 8 32 77 34 0 0 0 0 5 0 0 0 0 0 0 0 0 0 1 0 0 0 0 0 0 0 0 17 1 0 0 17 0 0 0 0 0 0 0 0 5 0 0 0 0 0 0 0 12 0 7 0 0 0 0 2 0 0 0 0 0 0 0 0 5 0 0 0 0 0 0 0 0 15 0 0 0 0 0 
 1 1 0 1 3 2 1 0 0 0 1 0 0 2 2 3 2 1 1 1 2 1 0 1 28 124 0 0 0 62 0 0 0 0 0 3 1 1 0 6 109 137 148 146 65 78 280 0 191 223 47 103 102 99 57 162 736 320 289 76 0 0 4 0 0 0 0 0 0 4 0 8 0 5 0 0 0 0 0 51 0 0 0 0 0 0 0 0 0 0 0 0 0 0 0 0 0 0 0 0 0 0 0 0 0 9 0 0 0 0 1 0 0 0 0 0 0 0 0 0 23 12 13 11 0 1 4 34 11 22 0 0 7 0 5 0 10 0 24 5 0 0 0 2 0 0 0 0 0 4 0 0 0 0 0 0 0 0 0 0 0 0 0 0 0 0 0 5 0 0 0 0 0 0 0 0 0 0 0 0 0 0 0 0 0 0 0 0 0 0 0 18 0 0 0 0 0 13 0 0 13 26 9 17 7 0 18 14 19 1 17 17 36 31 4 3 6 6 1 16 14 0 0 0 0 0 11 0 0 0 0 0 0 0 0 0 0 0 0 0 0 0 10 0 0 0 0 0 0 0 0 4 0 0 0 0 0 0 0 9 0 0 2 0 0 3 0 0 2 0 0 0 0 0 0 0 0 0 0 0 0 0 0 0 0 17 0 0 0 0 
 2 2 13 2 0 1 6 6 3 3 3 3 3 1 1 3 1 2 2 3 0 0 0 0 125 131 0 0 0 0 4 63 0 0 0 1 0 0 0 0 104 129 138 95 103 275 103 191 0 162 22 99 72 100 101 357 44 102 210 399 0 0 0 0 0 0 0 0 0 0 0 0 0 13 0 0 51 0 1 52 0 0 0 0 0 0 9 0 0 0 0 0 0 10 10 0 0 0 11 7 0 0 0 0 0 0 0 0 0 0 0 0 0 0 0 0 12 0 0 0 41 50 60 19 12 4 0 14 44 40 0 0 0 0 12 23 20 0 12 0 0 0 0 2 0 0 0 0 0 0 0 0 0 0 0 0 10 0 0 0 13 0 0 0 0 0 0 6 0 0 0 0 0 0 6 0 0 0 0 0 0 0 0 0 0 0 0 0 0 0 0 0 0 0 0 0 0 0 0 0 0 26 10 20 0 2 66 17 19 22 18 4 17 18 10 64 14 14 0 19 13 0 0 0 0 0 5 0 0 0 0 0 0 0 0 0 0 0 0 0 0 0 0 0 0 0 0 0 0 0 0 0 2 2 0 0 0 0 0 17 0 0 0 0 2 0 0 0 0 0 0 0 0 0 0 0 0 0 0 0 0 1 0 0 0 0 0 0 0 0 
 0 2 0 0 0 0 0 0 0 0 0 0 0 2 2 0 0 0 0 0 2 3 2 2 126 22 2 2 2 3 2 2 2 2 4 2 2 3 4 2 170 148 81 183 319 311 188 223 162 0 382 262 106 253 92 153 390 155 154 235 0 0 0 0 0 0 10 0 0 28 0 52 0 0 0 15 0 1 1 0 0 0 0 0 0 0 0 0 0 0 0 22 0 0 0 0 0 0 0 0 0 0 0 0 0 0 0 0 0 0 0 0 0 0 0 0 0 0 0 0 15 4 23 10 0 0 0 0 1 13 6 4 0 0 11 2 21 15 17 18 0 8 0 2 0 0 0 0 0 0 0 0 0 0 0 0 0 0 0 0 0 3 0 0 0 0 0 0 0 0 0 0 0 0 0 0 0 0 0 0 0 7 0 0 0 0 0 0 0 0 0 0 0 0 0 0 0 0 0 0 8 19 7 0 33 6 6 17 10 0 21 22 22 20 0 4 7 0 0 0 0 0 0 12 0 0 12 15 0 0 0 0 10 0 0 0 0 0 16 0 0 0 17 0 0 0 0 0 0 0 0 2 0 0 0 0 0 0 0 24 0 0 0 0 0 2 4 0 2 0 0 0 0 0 0 0 0 0 0 0 0 0 0 0 13 10 0 0 0 0 
 3 5 2 3 3 6 6 2 2 1 6 2 2 8 5 85 3 3 67 3 4 4 2 2 39 2 2 2 2 2 2 2 2 3 5 5 2 2 4 8 167 25 227 84 69 313 161 47 22 382 0 273 247 28 504 111 247 68 52 169 0 0 6 0 0 0 16 0 2 0 0 0 0 1 48 5 0 0 0 0 0 0 0 0 0 0 0 0 0 0 0 0 0 0 0 0 0 0 0 0 0 0 0 0 0 0 0 0 0 0 0 0 0 0 0 0 0 0 0 0 8 2 11 35 19 10 33 5 19 2 35 8 0 0 29 24 9 29 38 8 0 24 0 0 0 0 8 0 0 0 0 16 0 0 19 0 10 3 0 0 0 0 0 0 0 0 0 0 0 0 0 0 0 6 3 0 0 0 0 0 0 0 0 0 0 0 0 0 0 0 0 0 0 0 0 0 0 0 0 0 0 0 20 36 11 0 24 8 25 36 0 8 0 10 0 9 11 64 0 0 0 22 0 6 0 0 10 0 6 0 0 0 9 0 0 0 0 0 9 0 0 0 0 0 0 0 0 0 0 0 0 5 0 0 0 0 0 0 0 8 0 0 0 1 0 1 0 0 1 0 0 0 0 0 0 0 0 0 0 0 0 0 0 0 27 0 0 20 0 0 
 0 3 0 0 0 56 0 0 0 6 1 0 0 0 1 0 0 0 0 0 58 2 2 2 2 2 2 64 2 2 2 2 2 2 4 2 2 2 2 2 341 94 221 137 268 106 35 103 99 262 273 0 52 100 150 484 151 152 62 23 0 0 9 0 0 1 0 0 3 5 0 3 2 0 0 3 0 2 0 24 0 0 0 0 0 0 0 0 0 0 0 16 0 0 0 0 0 0 0 0 0 0 0 0 0 0 0 0 0 0 0 0 0 0 0 0 0 0 0 0 17 0 32 75 44 50 9 0 42 9 84 7 0 0 29 1 65 10 0 1 0 18 0 0 0 0 6 0 0 0 1 0 11 6 18 0 73 5 2 12 0 0 0 0 0 0 0 0 0 0 4 0 0 4 0 0 0 0 0 0 0 0 51 0 0 0 0 0 0 0 0 0 0 0 0 0 0 0 0 0 0 0 21 19 0 62 30 0 26 22 8 30 0 14 0 20 9 31 0 0 31 6 0 6 0 0 23 0 6 0 0 0 0 3 0 6 0 0 12 7 0 0 0 0 0 1 0 0 0 0 0 6 0 0 0 0 0 0 0 12 0 0 1 0 0 6 7 0 0 0 0 0 0 0 0 0 0 0 0 0 0 0 0 0 6 0 0 0 0 0 
 0 0 0 0 0 1 1 0 0 0 2 0 0 0 3 0 0 0 0 0 0 66 0 63 0 0 0 0 56 62 114 63 0 2 6 0 62 0 0 0 47 46 65 146 121 253 200 102 72 106 247 52 0 151 45 50 88 36 323 63 0 0 0 0 0 1 0 0 0 5 0 5 0 4 0 0 0 0 0 0 0 0 0 0 0 0 0 0 0 0 0 0 0 0 0 0 0 0 0 0 0 0 4 16 38 0 0 11 0 13 0 2 0 0 0 0 14 0 0 0 14 0 0 0 0 0 1 0 1 1 0 0 16 14 4 13 0 0 0 11 0 0 3 2 0 0 1 0 0 0 0 0 0 0 0 0 0 0 0 0 0 0 0 0 0 0 0 0 0 0 0 0 6 0 0 0 0 0 7 0 0 0 0 9 6 17 0 0 0 0 18 10 0 0 0 14 1 20 0 0 7 7 11 14 0 0 8 15 0 10 0 12 9 8 13 0 12 25 0 8 0 0 0 0 0 0 0 0 0 0 0 0 0 0 0 0 0 0 0 0 0 0 15 0 0 0 0 0 0 0 0 6 0 0 0 0 0 85 0 0 0 11 1 0 1 3 0 0 0 0 0 0 0 0 0 0 0 0 0 0 0 0 0 0 0 20 0 0 0 0 
 0 0 0 0 0 0 0 0 0 0 0 0 0 0 4 3 0 0 0 0 9 2 2 5 64 65 2 5 2 2 2 6 2 4 12 2 5 5 6 2 73 262 61 331 322 63 218 99 100 253 28 100 151 0 401 110 45 115 308 425 0 0 0 3 0 2 3 0 6 0 3 0 0 0 0 5 3 0 0 0 0 0 0 0 0 0 0 0 0 0 0 0 0 0 0 0 0 0 0 0 0 0 0 11 5 23 0 4 0 0 2 1 0 0 4 0 0 0 0 0 0 19 11 7 76 8 9 0 19 14 28 0 6 0 0 7 12 10 24 2 0 12 0 1 0 0 9 0 0 0 0 0 0 0 0 0 0 0 0 0 0 0 0 0 0 0 0 0 0 0 0 0 0 0 0 0 19 0 0 0 0 0 0 0 0 18 0 7 6 0 11 0 0 0 3 5 0 27 0 0 0 8 45 0 20 21 0 2 31 13 11 16 0 0 0 33 12 12 0 14 0 0 0 0 0 0 13 0 0 0 0 0 5 0 1 0 0 0 15 0 0 0 11 0 0 0 0 0 0 0 0 18 2 1 0 0 0 0 4 12 0 0 0 0 0 1 2 0 0 2 0 0 0 0 0 0 0 0 0 0 0 0 0 0 0 0 0 0 2 0 
 0 0 0 0 0 1 1 0 0 0 2 0 0 0 0 0 0 63 0 0 0 0 0 0 0 0 0 54 0 0 3 0 0 28 0 0 0 2 0 0 35 127 169 163 147 335 55 57 101 92 504 150 45 401 0 93 260 57 284 193 0 0 26 0 2 3 3 0 3 0 0 0 0 0 0 6 0 0 0 2 0 0 0 0 0 0 0 0 0 0 0 0 0 0 0 0 0 0 0 0 0 0 0 0 0 0 0 0 0 0 0 0 0 0 0 11 0 0 0 0 0 0 9 14 13 14 8 23 10 0 23 16 0 0 16 25 7 20 0 0 0 17 0 0 0 0 6 0 0 0 0 0 0 0 0 0 6 4 0 0 0 0 0 0 0 0 0 0 0 0 0 0 0 4 0 0 0 0 3 0 0 0 0 0 0 0 0 0 0 0 0 0 0 0 0 0 0 0 0 0 0 0 16 18 0 12 11 0 29 28 12 3 0 10 0 59 1 16 0 0 30 21 0 0 0 0 16 0 0 0 0 0 0 0 0 0 0 0 12 7 0 0 0 0 0 0 0 0 0 31 0 13 0 1 0 0 0 0 0 0 0 0 0 0 0 14 3 2 0 0 0 0 0 0 0 0 0 0 0 0 0 0 0 0 43 0 0 7 1 0 
 2 10 4 2 38 3 6 3 2 2 2 2 2 3 3 3 3 4 2 2 7 31 2 2 2 67 3 4 2 2 2 10 2 18 51 41 48 52 3 8 40 140 135 58 298 100 56 162 357 153 111 484 50 110 93 0 332 129 114 332 0 2 12 3 0 0 3 1 0 0 0 0 0 4 5 0 2 0 4 55 0 0 0 0 11 0 0 0 0 0 0 13 0 0 0 0 0 0 0 0 2 8 2 0 11 20 0 6 15 0 3 15 0 10 6 8 0 0 0 0 18 10 10 9 19 11 0 4 18 43 9 7 0 0 0 10 8 9 0 0 0 0 0 2 0 0 0 0 0 0 0 0 9 1 0 0 0 1 0 19 0 0 0 0 0 0 0 0 0 0 0 0 0 0 0 0 0 0 0 0 4 0 1 0 22 4 19 6 10 13 9 3 0 10 16 5 0 24 9 13 1 0 0 0 0 27 1 16 6 24 8 11 0 0 13 11 0 0 0 13 34 0 0 0 0 0 34 0 0 0 0 0 0 0 20 0 0 0 0 7 0 0 24 0 0 0 0 0 0 0 0 2 0 1 0 0 0 0 6 0 1 0 2 0 0 4 2 1 2 0 0 0 0 0 0 0 0 0 0 0 0 4 0 0 0 0 0 0 0 0 
 0 0 0 0 0 0 0 0 0 0 0 0 0 0 0 3 0 0 3 0 3 3 1 0 17 0 0 0 0 0 3 1 0 0 0 0 0 12 2 0 139 97 57 101 71 91 132 736 44 390 247 151 88 45 260 332 0 426 290 377 51 2 0 0 0 0 28 0 6 5 1 4 26 58 0 0 0 0 0 0 0 0 0 0 0 0 0 0 0 0 0 0 0 0 0 0 0 0 0 0 0 3 0 0 0 0 0 0 0 0 0 0 6 0 0 11 0 0 0 0 0 0 13 7 0 9 0 0 0 0 21 3 0 0 1 0 1 20 11 10 3 11 0 2 0 16 7 9 0 6 0 5 9 0 19 10 0 0 15 0 0 0 19 0 0 3 0 0 0 0 0 0 0 7 0 0 0 0 0 0 0 0 0 0 0 0 0 0 0 0 0 0 0 0 0 0 0 0 0 0 1 0 0 43 57 15 1 9 0 0 10 2 0 11 0 1 13 23 0 0 6 36 0 0 0 0 26 29 0 0 0 0 1 20 18 0 0 4 0 11 0 0 13 0 0 0 0 0 0 0 0 13 0 1 0 0 0 0 0 1 0 0 9 0 2 4 2 2 0 0 27 0 0 0 0 0 0 0 0 0 24 0 3 0 55 13 0 0 0 0 
 0 0 0 0 0 0 0 0 0 0 0 0 0 0 7 2 0 0 0 0 3 0 0 0 1 1 0 0 2 0 3 0 0 3 0 0 0 23 0 3 29 40 63 248 326 63 32 320 102 155 68 152 36 115 57 129 426 0 68 32 17 0 5 0 0 0 0 0 0 13 0 4 50 4 0 0 0 0 51 50 0 0 0 0 0 0 0 0 0 0 0 0 0 0 0 0 0 0 0 0 0 0 0 0 0 0 0 11 0 0 0 0 0 0 0 0 0 0 0 0 25 20 12 35 13 9 5 40 0 13 13 6 0 0 37 20 8 9 0 20 0 2 0 1 0 0 1 0 0 0 0 17 6 0 0 0 0 0 0 0 0 0 0 0 8 0 0 0 0 0 0 0 0 1 0 0 0 0 0 0 0 0 0 0 0 0 0 0 0 0 0 0 0 0 0 0 0 0 0 0 7 1 24 36 11 13 25 19 1 0 1 19 0 9 0 6 0 0 0 0 14 1 0 0 0 0 2 1 0 0 0 0 0 0 23 0 0 0 0 22 0 0 19 0 0 0 0 0 0 1 0 4 0 1 0 0 0 0 0 3 0 1 77 2 3 14 3 2 0 0 10 0 0 0 0 0 0 0 0 0 0 4 0 0 9 12 0 0 0 0 
 0 0 0 0 56 0 0 0 0 0 0 0 0 0 6 0 0 0 0 1 2 65 0 57 0 3 1 1 0 0 2 0 0 0 56 0 0 0 0 1 44 46 94 406 65 61 274 289 210 154 52 62 323 308 284 114 290 68 0 206 51 0 0 0 0 0 0 0 0 5 1 4 0 17 0 0 0 0 0 0 0 0 0 0 0 0 0 0 0 0 0 0 0 0 0 0 0 0 0 0 0 0 0 0 7 20 0 0 0 12 10 27 0 0 1 0 0 0 0 0 29 1 39 0 11 0 22 0 8 12 0 0 3 9 0 57 0 0 0 0 0 0 0 0 0 0 0 0 0 0 0 0 0 0 0 0 6 4 0 0 0 0 0 0 0 0 0 9 0 0 0 0 2 0 0 0 0 0 12 0 0 12 0 0 14 35 0 0 0 0 0 11 0 0 0 0 7 10 0 2 7 2 3 10 2 0 33 15 0 24 0 10 3 20 2 2 11 0 0 25 0 0 0 0 0 13 0 0 0 0 0 0 0 0 0 0 0 0 0 0 0 0 13 0 0 0 0 0 0 0 0 9 0 0 0 0 0 36 1 0 0 0 2 0 0 0 6 0 0 0 0 0 0 0 0 1 0 0 0 0 0 0 0 0 0 6 0 0 0 0 
 3 3 3 3 1 2 3 5 3 3 3 3 3 2 2 1 2 3 3 3 3 0 0 0 21 127 0 0 1 0 1 0 0 0 3 2 0 0 0 0 98 100 41 127 138 127 488 76 399 235 169 23 63 425 193 332 377 32 206 0 0 4 0 0 0 0 6 0 2 5 4 3 0 0 0 8 35 5 0 0 0 0 0 0 0 0 0 0 0 0 0 0 0 0 0 0 0 0 0 0 0 0 0 0 0 0 0 0 0 0 0 0 0 0 0 0 0 0 0 0 23 7 29 0 24 2 0 16 0 21 15 10 0 0 12 10 0 22 38 3 0 0 0 2 0 0 7 0 0 4 0 4 0 0 0 0 0 0 0 0 0 0 0 0 0 0 0 8 0 0 0 12 9 0 0 0 0 0 0 0 0 0 0 0 0 0 0 0 0 0 1 0 0 0 0 0 0 1 0 0 14 4 26 12 25 0 2 30 6 6 11 8 29 6 0 0 0 0 0 17 0 0 13 0 0 0 0 0 0 0 0 0 0 0 0 0 0 8 56 1 0 0 14 0 0 0 0 0 0 0 0 8 0 0 0 0 0 0 0 13 0 1 0 0 0 0 1 0 0 0 0 0 0 0 0 6 0 0 0 0 0 0 0 0 0 0 0 11 0 0 
 0 0 0 1 0 6 0 0 0 6 0 0 0 0 1 0 0 0 0 0 0 0 0 0 0 0 4 0 0 1 0 0 2 0 0 0 0 11 0 3 0 0 1 50 0 0 0 0 0 0 0 0 0 0 0 0 51 17 51 0 0 108 47 60 138 38 82 107 97 41 78 32 110 35 88 254 58 37 39 263 0 0 0 0 0 0 0 0 0 0 5 0 0 0 0 0 0 0 0 0 4 0 0 0 0 0 0 0 0 0 0 0 12 0 0 0 0 0 0 0 0 0 0 9 0 0 0 0 0 0 0 2 9 0 0 0 0 0 0 0 19 23 45 14 23 0 8 26 22 0 19 13 0 0 0 0 3 1 0 0 0 0 2 9 0 3 0 0 0 0 5 5 0 0 0 6 5 0 0 0 3 5 0 0 0 0 0 6 0 0 0 0 0 0 0 0 0 6 0 0 0 0 0 7 0 0 0 0 0 0 0 0 0 0 0 0 0 0 0 0 0 0 9 11 0 0 0 16 8 0 3 0 0 0 24 33 9 8 0 1 0 0 0 0 0 0 0 0 0 0 0 0 0 0 5 0 0 0 0 0 0 0 51 0 0 0 0 0 0 0 41 0 54 2 0 0 0 0 0 0 0 0 0 0 0 2 0 0 0 0 
