 0 91 102 54 21 44 56 438 208 131 166 128 301 90 112 26 126 116 355 309 0 0 0 16 1 3 0 5 3 0 0 0 30 0 0 1 15 3 0 0 0 0 0 2 0 0 0 0 2 0 2 0 0 0 0 2 3 0 0 2 14 0 0 0 0 3 34 0 0 0 0 1 0 0 0 2 0 0 2 0 0 45 39 21 32 0 10 14 1 27 22 35 23 4 27 22 14 8 14 31 0 0 0 0 0 0 0 0 0 0 0 0 0 0 0 0 0 0 1 0 0 0 0 0 0 0 0 0 8 0 0 0 0 0 0 0 0 0 0 0 0 14 0 0 0 0 0 0 0 0 0 0 0 0 0 0 3 0 0 0 0 36 1 0 25 0 14 29 25 26 33 0 36 12 23 15 0 9 0 17 0 0 0 0 0 0 0 0 0 0 0 0 0 0 0 0 0 0 0 0 0 0 0 0 0 0 0 0 0 0 0 0 0 0 0 0 0 0 0 0 0 0 0 0 0 0 0 0 0 0 0 0 0 0 0 0 0 0 0 0 0 0 0 0 0 0 1 1 0 2 0 7 0 0 0 0 0 0 0 0 0 0 0 0 0 0 0 0 0 0 0 0 0 0 0 0 0 9 0 0 0 0 0 0 0 0 0 0 0 0 
 91 0 277 161 28 38 243 240 182 142 330 231 66 56 263 341 248 276 131 154 3 0 3 0 1 6 5 2 3 3 0 0 1 0 0 0 0 2 62 2 0 0 0 8 0 0 0 0 6 4 2 1 0 0 0 2 5 0 0 2 0 0 11 0 2 3 25 0 0 0 0 3 0 4 0 8 0 2 2 0 13 20 27 6 40 10 11 38 33 0 29 38 0 0 10 0 37 36 0 13 9 0 0 0 0 23 0 0 0 0 0 0 21 0 0 0 0 0 6 40 0 0 0 0 0 0 0 0 0 0 0 0 0 0 2 0 0 15 0 0 0 0 0 1 0 0 0 0 0 0 0 0 0 0 0 0 0 0 0 0 10 20 34 7 0 2 21 28 9 1 53 1 27 14 24 0 5 0 0 0 16 0 0 0 0 0 0 17 0 0 0 0 0 0 0 0 0 23 0 0 0 0 0 0 0 0 0 0 0 0 0 0 0 1 0 2 0 2 0 0 0 0 0 0 0 0 0 0 0 1 0 0 0 2 0 0 0 0 1 0 0 0 0 0 0 0 1 2 0 93 2 2 0 0 0 0 0 1 0 0 2 2 10 0 0 0 0 0 2 0 0 0 0 0 0 0 0 0 0 0 0 0 0 0 0 0 0 0 0 0 
 102 277 0 162 85 48 61 349 243 221 42 135 150 46 26 156 88 145 58 153 0 0 0 7 1 3 38 0 3 0 0 1 0 73 0 0 0 1 1 35 0 0 0 0 0 0 0 28 0 4 2 0 0 0 0 2 4 0 0 2 0 0 4 0 0 0 0 0 0 0 0 3 0 0 0 5 0 0 2 0 9 34 28 24 10 0 1 1 24 12 38 19 16 0 0 3 15 22 0 27 0 0 0 0 0 0 17 9 0 0 0 0 30 11 0 0 0 0 31 0 0 0 0 0 0 0 0 0 0 0 0 0 0 0 0 0 6 0 0 2 1 0 0 0 0 0 0 39 0 0 9 0 0 0 0 0 0 0 0 0 0 8 1 1 1 16 3 1 49 11 0 17 12 11 13 14 0 10 0 0 0 0 7 0 0 0 20 4 0 2 0 0 26 0 0 10 0 0 22 0 0 0 0 0 0 0 0 0 0 0 0 2 0 6 0 0 0 0 0 0 0 0 0 0 0 0 0 0 2 0 0 0 0 0 0 0 2 0 0 0 0 0 0 0 0 0 6 0 4 87 1 0 0 2 0 0 0 0 0 0 0 0 0 0 0 0 0 0 0 0 0 0 0 0 0 0 9 0 0 0 0 0 0 0 0 0 0 0 0 15 
 54 161 162 0 84 168 141 159 148 358 222 212 71 63 283 229 82 248 77 230 0 1 1 1 0 3 0 0 3 0 0 0 0 0 74 0 0 1 0 0 0 0 0 12 0 0 0 0 0 0 2 0 0 0 0 2 4 0 0 2 0 0 0 0 0 0 0 0 0 0 0 0 0 0 0 9 0 0 2 0 30 13 28 0 44 2 0 21 4 41 29 22 0 0 0 29 57 23 0 0 1 0 0 0 0 0 0 3 0 0 0 0 0 1 0 0 0 0 11 22 0 0 0 0 0 0 0 0 0 0 0 0 0 1 0 0 0 24 0 1 0 4 0 0 0 0 0 0 0 0 0 0 0 0 0 0 0 0 0 0 1 16 14 11 0 0 9 1 10 1 11 29 1 11 0 1 40 14 0 0 0 0 0 0 0 0 0 3 0 2 0 0 13 0 0 0 0 0 0 1 0 0 1 0 0 0 0 0 2 0 0 2 1 0 0 0 0 0 0 0 0 0 2 0 0 0 0 0 0 0 0 0 0 0 0 0 2 0 8 0 0 0 0 0 0 1 0 0 0 168 3 4 0 2 0 0 0 0 0 0 0 0 62 0 0 0 0 0 0 0 0 0 0 0 0 16 25 0 0 0 0 0 0 3 0 0 0 0 0 0 
 21 28 85 84 0 216 39 48 99 167 286 106 47 56 162 175 53 333 66 68 2 57 2 2 0 4 1 56 100 0 1 0 76 111 17 10 1 0 39 64 29 0 0 0 0 0 0 0 0 0 0 0 0 0 0 2 5 0 0 2 0 0 0 0 42 0 0 0 0 0 0 3 0 0 0 4 0 0 4 7 0 0 12 22 14 19 0 0 10 33 14 4 0 0 0 13 7 17 0 0 13 8 14 8 0 0 33 11 11 11 0 10 18 45 40 8 10 4 33 11 0 0 0 0 0 0 0 0 1 0 0 0 0 0 0 0 0 0 0 0 0 0 0 0 0 0 2 0 1 0 2 0 2 0 0 0 0 0 0 0 0 7 13 16 9 27 0 0 0 34 4 14 0 0 0 21 10 14 0 0 27 47 0 33 0 0 53 23 3 0 19 0 10 14 10 2 11 0 14 35 0 0 0 0 1 0 0 22 0 0 0 0 0 0 0 0 0 0 0 0 0 0 0 0 0 0 0 0 0 0 0 0 21 0 0 0 0 0 0 2 0 0 0 0 0 4 8 2 10 1 0 0 13 0 2 0 0 0 0 0 0 0 0 0 0 0 0 0 0 0 0 0 0 0 0 7 0 0 0 0 0 9 0 0 0 8 0 0 0 0 
 44 38 48 168 216 0 234 33 70 137 154 160 252 45 128 79 257 268 50 32 17 184 76 2 0 3 0 77 78 0 2 0 154 3 2 148 73 35 220 146 0 0 0 63 0 0 0 0 0 2 4 0 0 0 0 2 4 0 66 6 0 0 5 2 0 0 1 0 0 51 0 3 0 0 0 5 0 0 2 2 0 10 0 1 0 19 0 0 0 35 14 1 0 0 0 32 11 26 0 0 1 24 15 12 2 0 27 11 18 42 3 9 1 0 16 10 19 18 37 36 0 0 0 0 0 0 10 0 0 0 0 0 0 0 0 0 0 28 11 0 0 0 0 0 0 0 0 0 0 0 0 0 0 0 0 0 0 6 0 0 0 23 0 25 17 12 10 0 0 1 2 0 0 0 0 0 18 19 2 0 15 14 11 10 0 8 32 20 29 13 0 21 8 11 41 15 17 2 0 32 0 0 0 0 0 0 0 0 0 0 0 0 1 0 1 0 0 0 0 0 0 0 0 0 0 0 0 0 0 0 0 0 0 0 0 0 0 0 0 0 0 0 0 0 0 2 1 0 1 10 0 4 0 0 0 0 0 0 0 0 0 0 64 0 0 0 0 0 0 0 0 0 0 0 0 14 0 0 0 0 0 8 0 0 0 15 0 0 0 0 
 56 243 61 141 39 234 0 171 326 118 169 35 67 158 123 19 75 157 150 290 0 3 0 0 4 3 0 0 6 2 1 1 2 2 0 0 2 3 0 0 0 0 0 0 0 0 0 0 2 3 0 0 0 2 0 4 3 0 2 2 0 0 4 0 0 1 0 0 0 2 1 0 0 0 0 7 3 2 4 0 11 1 0 0 10 0 23 0 14 0 1 0 26 1 14 10 8 1 0 14 0 0 0 0 0 0 0 0 0 0 0 0 0 0 0 0 0 0 0 0 0 0 0 0 0 0 0 0 0 0 0 0 0 0 0 0 0 1 0 0 0 11 0 0 0 0 0 0 0 0 0 0 0 0 0 0 0 0 0 0 29 0 15 0 9 0 0 0 28 0 1 49 0 24 25 0 10 0 0 0 0 0 0 0 0 0 0 0 0 0 0 0 0 0 0 0 0 0 0 0 0 0 0 0 0 0 15 0 0 0 0 0 0 0 0 0 0 0 0 0 0 0 1 0 0 0 0 0 0 0 0 0 0 0 0 0 0 0 0 0 0 0 0 0 0 0 2 0 2 0 0 99 0 0 0 0 0 0 2 0 0 0 0 0 0 0 0 1 0 0 0 0 0 0 0 0 0 0 0 0 0 0 0 0 0 0 0 0 0 0 
 438 240 349 159 48 33 171 0 164 358 34 43 165 63 39 142 120 296 142 99 0 0 0 0 2 6 3 3 3 0 0 2 0 0 0 0 74 2 2 1 0 0 0 8 0 0 0 0 3 6 0 0 0 0 0 2 4 48 0 2 0 0 1 0 3 2 0 0 0 0 0 0 1 2 0 2 0 0 2 0 1 1 23 14 53 0 0 5 25 25 49 27 18 0 18 15 14 15 22 22 0 0 0 0 0 0 0 0 0 0 0 0 19 1 0 0 0 0 0 13 0 0 0 0 0 0 0 0 0 0 0 0 0 0 0 0 28 0 0 0 0 0 0 0 0 11 0 0 0 0 0 0 0 0 0 0 0 0 0 0 14 0 19 1 0 2 25 13 1 0 0 0 14 0 14 12 12 1 0 0 1 0 1 0 0 0 22 0 0 0 0 0 29 0 0 1 0 0 13 0 0 0 0 0 0 0 0 0 0 0 0 0 0 12 0 0 0 0 0 0 0 0 0 0 0 0 0 0 0 0 0 0 0 0 0 0 0 0 0 0 0 0 0 0 0 2 6 0 0 2 2 11 0 0 0 0 0 0 0 0 0 0 14 0 0 0 0 0 0 0 0 0 0 0 0 0 22 0 0 0 0 0 0 0 0 0 0 0 0 0 
 208 182 243 148 99 70 326 164 0 76 164 330 71 174 79 146 127 319 168 295 0 0 0 0 2 3 74 0 3 4 0 0 1 0 0 2 2 0 0 74 0 0 0 3 0 0 0 0 0 5 0 1 0 0 0 2 5 0 0 2 0 1 10 0 0 0 0 11 0 0 10 0 30 0 0 2 1 0 2 0 0 0 1 29 16 1 21 1 25 7 0 0 15 0 10 7 20 0 0 9 0 0 0 0 0 0 0 0 0 0 0 0 0 21 0 0 0 0 0 0 0 0 0 0 0 0 0 2 0 0 0 0 0 0 0 0 0 0 1 0 0 4 0 0 0 1 0 0 0 0 0 0 0 0 2 0 0 0 0 0 11 0 26 0 0 0 0 6 1 14 62 2 21 21 33 1 0 0 0 0 0 0 1 0 0 0 0 2 0 0 0 0 0 0 0 2 0 0 10 0 0 0 0 0 0 0 0 0 0 0 0 0 1 0 0 0 0 0 0 0 2 0 17 0 0 0 0 0 0 0 0 0 0 0 0 0 0 0 0 21 0 0 0 0 0 0 89 2 4 0 1 10 0 0 0 0 0 0 0 0 0 0 12 0 0 0 0 0 0 1 0 0 11 0 0 0 0 7 0 0 0 0 0 0 0 0 0 9 0 0 
 131 142 221 358 167 137 118 358 76 0 63 162 59 179 306 194 127 44 53 71 0 0 0 0 0 3 0 0 3 0 0 2 74 34 0 0 0 2 0 78 0 0 85 5 0 0 0 0 0 0 1 0 0 0 0 6 5 0 0 2 0 0 4 0 0 0 0 0 0 0 0 34 0 0 0 3 0 52 2 0 0 30 28 15 0 10 19 36 32 0 10 79 0 0 12 16 0 62 0 1 0 0 0 0 0 0 16 8 0 0 0 0 2 45 0 0 0 0 22 20 0 0 0 0 0 0 0 0 0 0 0 0 0 0 0 0 0 13 0 0 0 4 0 0 0 0 0 0 0 0 0 0 0 0 0 0 0 0 0 0 0 30 26 27 1 14 11 0 24 15 10 14 13 12 0 0 23 0 0 0 0 0 0 0 0 0 0 0 0 0 0 0 0 0 0 0 0 0 0 0 0 0 0 0 0 0 0 0 0 0 0 0 0 0 0 0 0 0 0 0 0 0 0 0 0 0 0 0 0 0 0 0 0 0 0 0 0 0 0 0 0 0 0 0 0 2 1 3 88 90 0 0 2 0 0 0 0 0 0 0 0 0 9 0 0 0 0 0 0 0 0 0 0 0 0 2 0 0 0 0 0 0 0 0 21 0 0 0 0 0 
 166 330 42 222 286 154 169 34 164 63 0 161 33 112 163 200 186 49 38 196 75 11 0 0 0 3 28 7 77 0 0 0 0 0 82 3 0 0 87 0 0 0 0 0 0 0 0 0 0 0 0 0 0 0 0 2 5 0 0 2 0 0 0 0 0 0 0 0 0 0 0 2 0 0 0 2 0 0 5 0 11 0 3 0 21 19 19 1 10 19 0 14 0 0 0 19 25 15 0 0 0 0 10 0 0 0 11 16 10 0 0 10 18 23 31 10 0 0 27 13 0 0 0 0 0 0 0 0 0 0 0 2 2 0 0 0 0 0 0 0 1 24 0 0 0 0 0 0 0 0 0 0 0 0 0 0 0 0 0 0 2 0 30 22 20 0 0 0 1 14 19 26 0 2 39 11 27 22 0 0 17 33 10 0 0 0 17 17 0 2 22 1 0 0 0 10 0 0 11 14 0 0 0 0 0 0 0 0 2 0 0 2 0 0 0 0 0 0 0 0 0 0 2 0 0 0 0 0 10 0 0 0 0 0 0 0 2 0 0 0 0 0 11 0 0 1 1 0 4 93 0 7 0 2 0 0 0 0 0 0 0 0 0 0 0 0 0 0 0 0 0 0 0 0 0 12 0 12 0 0 0 0 0 0 0 0 0 0 0 0 
 128 231 135 212 106 160 35 43 330 162 161 0 127 46 36 151 348 248 39 36 79 0 0 0 0 3 36 0 3 2 0 0 0 75 0 1 0 1 72 37 0 0 0 0 0 0 0 0 0 1 0 0 0 0 0 2 5 0 0 2 23 0 6 0 35 0 0 0 0 89 0 1 0 0 0 10 0 0 2 0 13 8 38 61 37 3 0 0 14 22 33 0 0 0 0 10 12 34 0 0 0 1 0 0 0 0 20 7 0 0 0 0 33 11 0 0 0 0 64 16 0 0 0 0 0 0 0 0 0 0 0 0 0 0 0 0 0 10 0 0 0 0 0 0 0 0 0 0 0 12 0 2 0 0 0 0 4 0 0 0 0 33 23 15 6 9 6 1 13 29 22 0 0 12 10 19 10 24 0 0 1 0 13 0 0 0 17 20 1 13 0 0 63 2 0 10 1 0 24 0 0 2 0 2 0 0 0 0 0 0 0 0 0 0 0 0 0 0 0 0 0 0 0 0 21 0 1 0 0 0 0 0 0 0 0 0 0 0 0 0 0 0 0 0 0 6 2 0 4 97 0 6 0 22 0 0 0 0 0 0 0 0 0 0 0 0 0 0 0 0 0 0 0 8 0 0 15 10 0 0 0 0 0 0 0 0 0 0 0 0 
 301 66 150 71 47 252 67 165 71 59 33 127 0 168 215 126 22 30 110 143 1 0 0 1 2 3 0 0 3 0 0 0 0 1 0 1 0 2 0 0 0 0 0 6 0 0 0 0 0 0 1 0 0 0 0 2 5 0 0 2 0 0 0 0 0 0 0 0 0 0 6 0 0 0 0 2 0 0 2 0 16 18 0 0 0 0 41 36 39 11 46 27 1 34 9 0 19 27 20 53 0 2 0 0 0 0 0 0 0 0 10 0 0 0 0 0 0 0 0 0 0 0 3 0 0 0 0 0 0 0 0 0 0 0 0 0 0 0 0 0 0 0 0 0 0 0 0 0 0 0 0 1 0 0 0 0 0 0 0 2 7 10 2 0 4 0 47 19 13 27 0 0 30 0 0 7 0 0 24 24 0 0 0 0 0 0 2 0 0 0 0 0 0 1 0 0 0 0 0 0 0 1 0 1 0 0 0 0 0 0 0 0 0 0 0 0 0 0 0 0 0 0 0 10 0 0 0 0 0 0 0 0 0 0 0 0 0 0 0 0 0 0 0 0 0 0 2 0 1 1 2 1 0 0 0 0 0 0 0 0 0 0 0 0 0 0 0 0 0 0 0 0 0 0 0 0 0 0 0 0 0 0 0 0 0 0 0 0 0 0 
 90 56 46 63 56 45 158 63 174 179 112 46 168 0 370 246 54 254 260 208 2 0 0 0 2 3 0 0 3 1 11 0 0 1 0 0 0 2 0 1 0 0 0 0 0 0 0 0 0 0 0 0 0 0 0 2 3 0 0 2 3 0 0 0 0 0 0 0 0 0 12 3 0 0 0 3 0 0 2 0 50 16 1 0 0 0 12 2 0 11 9 1 22 17 47 10 22 2 26 0 0 0 0 51 0 0 8 0 0 0 0 0 0 0 2 0 0 0 0 0 2 0 0 0 0 0 0 0 0 0 0 0 0 0 0 0 0 0 0 0 0 9 0 0 0 6 0 0 1 0 2 0 2 0 0 0 0 0 0 0 25 0 2 0 6 0 9 0 47 19 16 18 9 45 2 5 0 9 37 0 0 0 0 0 0 0 0 0 0 0 0 2 0 0 0 0 0 0 0 0 0 0 0 0 0 0 0 0 0 0 0 0 7 0 0 0 0 0 0 0 0 0 0 0 0 0 0 0 0 0 2 0 0 0 0 0 0 0 0 2 0 17 0 0 0 0 1 0 0 1 0 4 2 0 0 0 0 0 0 0 0 0 0 0 0 0 0 0 0 0 0 0 0 0 0 0 0 0 0 0 0 0 0 0 0 0 0 0 0 0 
 112 263 26 283 162 128 123 39 79 306 163 36 215 370 0 139 131 118 62 275 1 2 2 3 0 7 3 0 7 2 5 0 0 35 0 2 2 3 3 2 0 0 0 3 1 0 0 0 60 0 1 0 0 0 0 2 3 3 0 2 0 0 0 0 0 0 0 5 0 0 0 2 0 0 0 2 3 0 15 0 14 11 19 0 13 17 11 36 3 23 14 18 0 17 1 25 12 30 20 27 0 0 0 0 0 0 0 0 0 0 0 0 0 1 0 0 0 0 14 14 0 0 0 0 3 0 0 0 0 0 0 0 0 0 0 0 0 0 0 0 0 0 0 0 0 0 0 0 0 0 0 0 0 0 0 0 0 0 0 0 1 17 28 8 5 0 0 46 0 0 9 13 21 0 0 10 22 10 0 0 0 0 0 0 12 0 0 0 0 0 0 0 0 2 0 15 0 0 0 14 0 0 0 0 0 0 0 0 0 0 0 0 0 0 0 0 0 0 0 0 0 0 0 0 0 0 0 0 0 0 0 0 0 0 0 0 0 0 0 0 0 0 0 0 0 2 2 0 0 91 12 2 0 0 1 0 0 2 0 0 0 0 0 0 0 0 0 0 0 0 0 0 0 0 0 11 12 0 0 0 0 0 0 0 0 0 0 0 0 0 
 26 341 156 229 175 79 19 142 146 194 200 151 126 246 139 0 169 230 122 52 0 0 0 0 0 3 4 0 7 0 1 0 0 0 0 0 1 1 75 79 0 0 0 8 0 0 0 0 0 23 0 0 0 0 0 2 4 0 0 2 0 0 0 0 3 0 0 0 0 0 0 3 0 20 0 3 0 0 28 0 10 0 12 19 41 14 0 30 35 87 5 69 0 0 28 18 31 0 11 31 3 0 0 0 0 0 0 0 0 0 0 1 0 17 0 0 0 0 0 13 0 0 0 0 0 0 0 0 0 0 0 2 2 1 0 0 0 0 0 0 0 0 0 0 0 0 0 0 0 0 0 0 0 0 0 0 0 0 0 0 28 0 32 7 9 0 2 28 0 17 0 10 0 0 0 26 23 1 0 0 0 0 1 0 0 0 24 22 0 11 1 0 57 12 0 1 0 1 0 18 0 0 0 0 0 0 0 0 2 0 0 0 0 0 0 0 0 0 0 0 0 0 0 0 0 0 0 0 0 0 0 0 0 0 0 0 0 0 0 0 0 0 1 0 0 1 0 0 1 56 10 13 11 0 0 0 0 0 0 0 0 0 5 0 0 0 0 0 0 0 0 0 0 0 0 0 72 0 0 0 0 0 0 0 0 0 0 0 0 0 
 126 248 88 82 53 257 75 120 127 127 186 348 22 54 131 169 0 464 59 216 13 0 0 0 1 3 74 0 3 0 2 0 0 0 0 2 0 0 2 0 0 0 2 6 0 63 3 0 0 0 2 3 2 0 1 2 5 2 0 2 0 0 8 0 1 0 0 0 1 0 1 0 0 56 0 6 42 0 2 0 15 0 47 17 51 11 0 20 0 20 17 15 21 0 0 6 0 45 0 18 9 0 0 0 1 0 0 9 0 0 0 0 58 0 0 0 0 0 14 8 0 0 0 0 0 0 0 0 0 0 0 0 0 0 0 0 2 0 0 0 0 0 0 0 0 0 0 0 0 0 0 0 0 0 0 0 7 0 0 0 0 16 25 16 13 0 0 0 15 15 10 0 0 0 20 19 28 64 0 0 13 0 0 0 0 0 22 0 0 0 0 0 19 0 0 0 0 0 25 0 0 0 0 0 0 0 0 0 0 0 0 0 0 0 2 0 1 0 0 0 0 0 0 2 0 0 0 0 0 0 0 0 0 1 0 0 0 0 12 0 0 0 0 0 0 1 3 0 2 1 0 19 0 0 0 0 0 0 0 0 0 0 0 0 0 0 0 0 0 0 0 0 0 0 0 0 0 6 0 0 0 0 0 0 0 0 0 0 0 0 
 116 276 145 248 333 268 157 296 319 44 49 248 30 254 118 230 464 0 35 46 1 0 0 0 0 3 76 0 3 0 0 0 0 0 0 0 0 1 0 158 0 0 0 5 0 0 0 0 0 4 2 0 0 0 0 29 5 0 0 2 0 0 0 0 3 0 0 0 0 0 0 1 0 0 0 5 1 0 12 0 8 0 20 36 37 14 0 20 14 42 13 35 0 0 0 29 16 0 0 0 2 0 0 0 0 0 0 0 0 0 0 0 0 32 0 0 0 0 23 8 0 0 0 0 0 0 0 0 0 0 0 0 0 14 0 0 0 0 0 0 0 0 2 0 0 0 0 0 0 0 0 0 0 2 0 1 9 0 0 0 0 6 92 0 14 0 0 12 0 31 10 12 0 0 10 22 12 17 0 0 1 0 0 0 0 0 20 1 1 0 0 0 58 72 0 2 0 1 11 18 0 0 0 0 0 0 0 0 0 0 0 0 0 0 0 0 0 0 0 0 11 0 0 0 0 0 0 0 0 0 0 0 0 0 0 0 0 0 0 0 0 0 0 0 0 4 91 0 0 85 11 9 20 0 0 0 0 0 0 0 0 0 8 0 0 0 2 0 0 1 0 0 0 0 0 0 55 10 0 0 0 0 0 0 0 0 0 0 0 0 
 355 131 58 77 66 50 150 142 168 53 38 39 110 260 62 122 59 35 0 221 0 0 0 0 2 3 0 0 3 0 1 0 1 1 0 0 0 2 0 0 0 0 0 0 0 0 0 0 0 0 0 0 0 0 0 2 4 0 0 2 0 0 0 0 0 0 0 0 0 0 4 2 0 0 0 2 0 0 2 0 10 33 0 0 0 0 45 8 21 0 9 0 13 30 32 0 21 0 29 0 0 0 0 0 0 0 0 0 0 0 0 1 0 0 0 0 0 0 0 0 0 0 0 0 0 0 11 0 0 0 0 2 2 0 0 0 8 0 0 0 0 2 0 0 0 0 0 0 0 0 0 0 0 0 0 0 0 0 0 0 18 0 2 0 0 0 11 13 36 0 18 0 0 23 29 0 0 8 25 10 0 0 0 0 0 0 0 0 0 0 0 0 0 0 0 0 0 16 0 0 0 0 0 0 0 0 0 0 2 0 0 0 0 0 0 0 0 0 0 0 0 0 0 0 0 0 0 0 0 0 0 0 0 0 0 0 0 0 0 0 0 0 0 0 0 0 0 2 2 2 0 6 0 0 0 0 0 0 2 0 0 0 0 0 0 0 0 0 0 0 0 0 0 0 0 0 0 0 0 0 0 0 0 0 0 0 0 0 0 0 
 309 154 153 230 68 32 290 99 295 71 196 36 143 208 275 52 216 46 221 0 0 0 2 0 18 3 0 0 3 0 0 0 0 0 0 0 0 2 0 73 0 0 0 15 0 0 0 0 0 0 0 0 0 0 0 2 5 0 0 63 1 0 0 0 0 0 0 0 0 0 0 3 0 0 0 3 0 0 2 0 0 13 13 11 20 10 18 9 15 9 13 0 30 0 10 9 15 13 0 30 0 0 0 0 0 0 0 0 0 0 0 0 0 0 0 0 0 0 0 0 0 0 0 0 0 0 10 0 17 0 0 0 0 0 11 0 0 0 0 0 0 5 1 0 0 0 0 0 0 0 26 0 0 1 0 0 0 0 0 0 11 15 4 0 0 0 1 12 2 15 27 2 20 34 25 0 0 0 0 13 2 0 0 0 0 0 0 0 0 0 0 0 0 0 0 1 0 0 0 0 0 0 0 0 0 0 0 0 0 0 0 0 0 0 0 0 0 0 0 0 0 0 0 0 0 0 0 0 2 0 0 0 0 0 0 0 0 0 0 0 0 0 0 0 0 45 0 0 0 2 0 1 0 0 0 0 0 0 0 0 0 0 0 0 0 0 1 0 0 2 0 0 0 0 0 0 0 9 0 0 0 0 0 0 0 0 0 0 0 0 
 0 3 0 0 2 17 0 0 0 0 75 79 1 2 1 0 13 1 0 0 0 283 179 262 33 62 480 119 47 159 49 161 98 71 309 135 117 84 549 194 3 0 0 0 0 0 0 43 2 0 2 3 1 0 0 3 4 0 0 5 0 3 2 2 0 0 0 0 5 1 0 0 0 0 2 2 0 0 0 0 0 0 0 3 7 14 0 0 0 0 0 0 0 0 0 0 0 0 0 0 22 0 17 27 26 0 0 21 8 22 19 9 13 9 0 46 7 42 0 6 0 0 0 0 0 0 10 0 0 0 0 0 0 0 0 0 0 9 25 0 0 0 0 0 0 0 0 0 1 18 0 0 0 0 0 0 0 0 0 0 0 2 1 2 0 11 0 0 2 0 0 0 0 0 0 0 0 0 0 0 12 17 5 12 0 10 0 11 20 23 15 11 10 0 16 1 18 0 10 9 0 0 0 0 0 0 10 0 0 0 0 0 11 0 0 0 0 0 0 13 0 0 0 0 2 0 0 0 0 0 0 2 0 0 0 0 0 0 0 0 0 0 0 0 0 0 0 0 0 0 0 0 0 0 10 0 2 0 0 0 0 7 0 0 0 0 0 0 0 0 0 0 0 6 0 0 0 0 0 0 0 0 0 0 0 13 0 0 0 0 
 0 0 0 1 57 184 3 0 0 0 11 0 0 0 2 0 0 0 0 0 283 0 179 49 336 87 177 144 140 52 136 118 158 219 113 33 26 113 119 54 4 4 0 0 0 0 0 21 2 0 0 3 1 0 0 3 8 1 37 6 0 2 2 0 3 0 2 0 38 0 0 0 0 32 2 2 32 0 39 0 0 0 0 0 8 28 0 0 0 0 0 0 0 0 0 0 0 0 2 0 0 18 9 30 3 0 14 14 70 54 9 42 0 23 20 1 16 28 34 18 0 0 0 0 0 0 9 0 0 0 0 0 0 0 0 0 0 0 4 0 1 0 10 0 0 0 0 0 0 0 0 2 0 0 0 0 0 0 0 7 14 0 0 0 17 0 0 0 0 0 0 0 0 0 0 0 0 0 0 0 0 27 11 19 8 21 16 22 52 29 31 9 10 30 61 46 4 20 0 27 0 0 0 0 0 0 3 0 0 0 0 0 19 0 0 0 0 0 9 0 0 0 0 0 0 0 0 0 0 0 0 0 2 0 0 0 0 0 0 0 0 0 0 0 0 0 0 2 0 0 0 0 0 0 6 0 2 0 0 0 1 0 0 0 0 0 0 0 0 0 0 0 0 0 0 0 0 0 0 0 0 0 0 0 0 15 0 0 0 0 
 0 3 0 1 2 76 0 0 0 0 0 0 0 0 2 0 0 0 0 2 179 179 0 96 150 112 272 247 266 381 241 53 134 46 59 115 219 206 60 66 3 0 0 1 0 0 0 3 2 0 16 3 2 0 0 3 5 0 22 0 0 3 3 0 0 0 0 0 3 0 0 0 0 0 2 2 0 0 0 0 0 2 0 1 0 0 0 0 0 0 0 0 12 0 0 0 0 1 0 0 0 21 31 0 19 14 34 12 19 15 5 11 0 1 9 9 28 18 0 23 0 0 0 0 0 0 0 11 0 0 0 0 8 0 0 0 0 0 15 2 0 0 0 0 0 0 0 0 0 0 0 1 0 0 0 0 0 0 0 0 0 0 1 0 0 6 0 0 0 1 0 0 0 0 2 0 0 0 0 0 10 0 38 15 27 0 10 0 0 20 18 9 0 30 12 0 32 14 0 0 0 0 0 0 0 0 0 0 0 0 0 0 0 0 0 0 0 0 27 0 0 0 6 0 0 0 0 0 0 0 0 0 0 1 0 0 0 0 0 0 0 0 0 0 0 0 0 0 0 0 0 0 0 0 7 0 1 3 75 0 0 14 0 0 0 0 9 0 0 0 0 0 0 0 0 0 0 0 0 9 0 0 0 0 0 0 10 0 0 0 
 16 0 7 1 2 2 0 0 0 0 0 0 1 0 3 0 0 0 0 0 262 49 96 0 276 111 105 74 141 191 386 180 148 237 88 121 214 106 71 76 3 0 0 1 0 0 0 3 2 2 5 3 1 0 61 3 4 0 63 30 0 2 2 2 2 1 0 0 3 0 0 2 0 1 2 5 0 1 0 1 0 0 0 0 0 0 0 0 0 0 0 0 0 0 0 0 0 0 0 11 0 4 14 2 0 11 1 0 0 14 0 9 0 0 11 9 26 1 0 0 24 10 9 0 0 0 1 33 1 0 8 0 15 1 12 0 1 0 13 0 0 0 0 0 0 0 0 0 0 0 0 0 0 0 0 0 21 0 34 0 0 2 1 0 0 20 0 0 2 0 0 0 0 0 0 0 0 0 0 0 0 0 0 3 0 0 9 0 0 0 10 58 0 15 4 22 11 0 0 0 9 0 12 0 0 0 0 10 10 0 0 0 0 1 0 15 0 0 0 8 0 0 0 0 2 0 0 0 0 0 0 2 0 0 0 0 0 0 0 0 0 0 0 0 0 0 0 0 0 0 0 0 0 0 4 2 0 3 81 2 27 0 0 0 0 0 0 0 0 0 0 0 0 41 0 0 0 0 0 0 0 0 0 1 0 1 0 0 0 0 
 1 1 1 0 0 0 4 2 2 0 0 0 2 2 0 0 1 0 2 18 33 336 150 276 0 183 32 66 75 312 340 122 97 85 313 165 138 102 65 300 3 0 2 3 71 0 0 3 2 0 5 5 2 0 68 3 25 65 85 1 0 2 2 0 35 0 0 0 3 1 0 0 0 0 7 2 0 0 1 0 0 0 0 0 0 1 0 0 0 0 0 0 0 2 0 0 0 0 0 2 0 2 19 0 0 29 0 0 24 0 11 0 0 0 2 0 0 9 0 0 12 0 0 0 0 0 15 11 0 11 0 0 0 9 16 0 17 0 31 3 0 0 0 0 1 2 0 0 0 0 0 0 0 0 0 1 0 0 0 1 0 0 3 0 0 0 0 0 0 0 0 0 0 0 0 0 0 0 0 2 0 0 41 11 27 0 0 0 0 0 15 33 0 0 0 0 38 33 0 0 1 0 0 0 14 0 0 0 9 10 1 0 23 13 0 0 0 0 34 0 0 0 0 2 1 0 0 0 0 0 0 0 0 0 0 0 0 0 0 0 0 0 0 0 0 17 0 0 0 0 0 0 0 0 8 0 3 4 8 0 3 2 0 0 0 0 0 0 0 0 0 0 0 0 0 0 0 0 0 0 0 3 0 0 0 0 0 23 0 0 
 3 6 3 3 4 3 3 6 3 3 3 3 3 3 7 3 3 3 3 3 62 87 112 111 183 0 41 50 52 561 199 532 144 151 353 106 94 279 53 53 4 0 0 2 0 0 0 3 3 0 1 3 78 0 0 3 5 0 35 0 0 3 2 0 0 0 0 1 3 0 0 2 0 0 3 2 0 0 0 0 0 0 0 0 20 0 0 0 0 0 0 0 0 0 0 0 0 0 0 0 0 0 10 12 21 20 0 0 0 25 6 22 0 0 0 0 17 0 0 0 11 0 0 1 0 0 11 23 9 0 0 0 27 0 0 0 0 0 2 0 0 0 0 0 0 0 0 0 2 0 0 0 0 0 0 0 0 0 0 11 0 1 0 0 0 0 0 0 1 0 0 0 0 0 6 0 2 0 0 0 1 0 50 1 6 20 0 0 0 0 50 0 0 0 0 14 29 21 0 2 16 0 10 0 0 0 11 11 0 1 0 0 0 0 19 24 0 8 41 1 0 0 0 0 1 0 0 0 0 0 0 1 0 0 0 0 0 0 0 0 0 0 0 0 0 0 0 0 0 0 0 0 0 0 76 0 1 76 74 4 8 1 0 0 0 0 0 0 0 0 0 0 0 0 0 0 0 0 0 0 0 0 0 0 0 0 0 0 0 0 
 0 5 38 0 1 0 0 3 74 0 28 36 0 0 3 4 74 76 0 0 480 177 272 105 32 41 0 207 371 174 199 316 186 131 347 111 29 66 26 144 65 0 2 0 0 2 0 3 2 7 0 3 4 0 0 3 5 0 0 0 2 3 2 0 0 0 0 1 3 0 2 0 3 3 2 3 0 0 0 2 0 0 0 23 0 9 0 0 19 0 0 0 0 0 0 0 0 0 0 0 0 0 0 0 20 0 14 29 68 30 28 58 12 53 0 2 19 21 19 0 0 0 0 0 0 0 0 0 0 0 0 0 0 0 11 0 8 0 8 0 0 0 0 0 0 0 0 0 2 0 0 0 0 0 0 0 0 0 0 7 0 0 2 0 0 9 0 0 0 0 0 2 0 0 0 22 1 9 0 9 21 14 37 20 9 0 0 1 0 33 34 1 0 12 2 25 0 18 27 0 0 0 0 0 0 0 0 0 0 0 0 0 1 25 0 0 0 0 34 24 0 0 5 0 2 0 0 0 0 0 0 0 0 0 0 0 2 0 0 0 0 0 0 0 0 0 36 0 0 0 0 0 0 0 7 0 0 77 0 0 78 19 0 0 0 0 2 0 0 0 0 0 0 0 0 0 0 0 0 10 0 0 0 0 0 0 18 0 0 0 
 5 2 0 0 56 77 0 3 0 0 7 0 0 0 0 0 0 0 0 0 119 144 247 74 66 50 207 0 275 166 114 30 223 86 104 127 121 297 389 459 3 8 0 1 0 0 0 6 3 0 0 3 2 0 0 3 4 0 0 2 0 3 3 0 47 2 0 0 3 0 0 0 0 2 68 2 0 0 0 0 0 0 0 1 0 9 0 0 0 0 0 0 0 0 0 0 0 0 1 0 11 10 22 1 1 0 9 1 20 20 29 8 20 13 0 1 22 44 15 20 0 0 0 0 0 0 25 0 0 0 0 0 0 0 0 0 0 0 10 0 2 0 0 0 0 0 0 0 0 0 0 1 0 0 0 0 0 0 0 0 0 0 0 0 0 0 0 0 0 0 0 0 0 0 0 0 0 0 0 0 34 41 22 31 12 1 10 0 57 31 15 29 0 31 17 0 0 31 15 25 0 0 0 0 0 0 1 0 0 0 0 0 8 0 0 0 0 0 0 20 0 0 2 0 0 18 0 0 0 0 0 0 0 0 0 0 29 0 0 0 0 0 11 0 0 0 0 0 0 0 0 0 0 0 16 0 1 0 0 1 1 20 0 0 0 0 0 0 0 0 0 0 0 0 0 0 0 0 0 8 0 10 0 0 0 0 0 0 0 0 
 3 3 3 3 100 78 6 3 3 3 77 3 3 3 7 7 3 3 3 3 47 140 266 141 75 52 371 275 0 224 152 112 201 85 99 109 145 180 78 150 3 0 0 2 0 0 3 3 3 0 2 3 4 0 0 4 5 0 0 0 0 3 2 0 0 0 0 0 3 4 0 0 0 0 3 2 0 0 44 0 0 0 0 0 0 4 0 0 0 0 0 0 0 0 0 0 0 0 0 0 4 32 1 39 23 34 33 27 18 15 0 15 0 19 9 16 34 27 17 0 0 0 0 0 0 0 0 12 0 0 6 0 9 0 0 0 0 0 0 0 0 0 0 0 0 0 1 0 1 0 0 0 1 0 0 0 0 0 0 0 0 0 15 4 0 8 0 0 0 0 0 0 0 0 0 0 2 0 0 0 20 23 31 14 7 0 27 9 17 0 39 9 0 21 12 0 9 0 0 19 14 0 0 0 0 0 0 0 0 5 0 0 12 0 0 0 0 0 19 0 0 0 9 0 0 0 0 0 0 0 0 0 0 0 0 0 0 0 0 0 0 0 0 0 0 0 2 0 0 0 0 0 0 0 3 1 1 10 1 0 2 0 0 0 0 0 9 0 0 0 0 0 0 0 0 0 0 0 0 4 0 10 0 0 0 0 10 0 0 0 
 0 3 0 0 0 0 2 0 4 0 0 2 0 1 2 0 0 0 0 0 159 52 381 191 312 561 174 166 224 0 298 192 226 349 402 516 41 498 88 189 3 0 0 1 0 0 0 37 2 0 67 3 70 0 0 3 5 6 62 2 0 2 2 0 0 50 0 0 3 0 0 0 0 0 2 2 0 0 0 0 1 0 0 0 0 0 0 14 0 0 0 1 0 0 0 0 0 0 0 0 1 0 1 0 43 10 7 15 27 28 59 57 0 0 0 15 33 14 0 0 0 0 0 0 0 0 1 0 0 0 2 0 0 0 0 0 1 2 32 9 0 0 0 0 0 0 0 1 0 0 0 0 0 0 0 0 0 0 0 6 0 3 0 2 0 9 0 0 0 0 0 0 0 0 20 0 0 9 0 0 13 12 32 15 26 0 0 0 0 59 8 14 0 12 1 12 8 28 18 0 0 0 0 0 0 0 0 0 0 0 0 0 0 0 0 9 0 0 42 41 0 1 12 0 0 0 0 0 1 0 0 0 0 0 0 0 0 0 0 0 0 0 0 0 0 0 0 0 0 0 0 0 0 0 165 1 2 76 72 3 2 13 0 0 0 0 2 0 0 0 0 0 0 0 0 0 0 0 0 9 0 0 0 0 0 0 32 0 0 0 
 0 0 0 0 1 2 1 0 0 0 0 0 0 11 5 1 2 0 1 0 49 136 241 386 340 199 199 114 152 298 0 48 110 188 291 390 236 364 60 59 3 0 0 1 0 0 0 3 3 0 7 3 2 0 0 3 4 0 73 0 0 3 2 0 0 0 0 3 3 0 0 0 0 0 32 2 1 0 0 0 0 0 0 0 0 0 0 0 7 0 0 0 0 0 0 0 0 0 0 0 0 23 3 0 3 0 24 14 15 33 20 31 0 0 26 34 6 39 0 0 0 0 0 0 0 0 12 0 2 0 0 0 24 0 0 0 0 0 19 0 0 0 0 0 0 0 0 0 0 0 0 0 7 0 0 0 0 0 0 5 2 0 1 0 0 10 0 0 0 0 0 2 0 0 0 0 18 0 9 0 24 0 40 1 44 0 0 9 0 0 21 19 0 25 0 28 34 0 0 0 1 0 0 0 0 0 0 0 0 0 0 0 0 0 2 0 0 0 57 13 0 0 10 0 0 0 0 0 0 0 0 0 0 0 0 0 0 0 0 0 0 0 0 0 0 0 0 0 0 0 0 0 0 0 3 0 0 77 5 0 24 0 0 0 0 0 0 0 0 0 0 2 0 0 0 0 0 0 0 3 0 2 0 0 0 0 15 0 0 0 
 0 0 1 0 0 0 1 2 0 2 0 0 0 0 0 0 0 0 0 0 161 118 53 180 122 532 316 30 112 192 48 0 34 76 59 37 158 56 31 59 3 0 0 1 0 0 0 3 3 1 61 3 21 64 18 3 67 3 68 127 0 6 2 0 0 0 0 0 3 0 0 0 0 0 3 2 0 0 0 0 0 0 0 0 0 0 0 0 0 0 0 0 0 0 0 0 0 0 0 1 0 0 0 23 22 40 0 0 1 10 18 18 0 0 0 0 35 0 0 2 32 24 1 0 0 0 21 25 0 0 13 9 13 17 11 0 14 9 15 4 7 0 0 0 0 0 0 0 0 1 0 0 0 0 0 0 0 0 0 6 0 0 0 0 0 0 0 0 0 0 0 0 0 0 3 0 0 0 1 0 0 0 30 1 9 32 0 0 0 0 22 1 0 0 0 8 12 8 0 0 11 1 0 0 0 0 0 0 26 16 0 0 11 7 12 23 0 0 36 28 0 0 0 0 0 0 0 0 0 0 0 0 0 0 0 0 0 0 0 0 0 0 0 0 0 0 0 0 0 0 0 0 0 2 5 2 0 0 73 0 4 0 0 0 0 0 0 0 0 0 0 0 0 0 0 0 0 0 0 0 0 0 0 0 0 0 0 0 0 0 
 30 1 0 0 76 154 2 0 1 74 0 0 0 0 0 0 0 0 1 0 98 158 134 148 97 144 186 223 201 226 110 34 0 261 194 133 213 44 288 123 3 0 0 0 0 0 0 4 2 19 1 3 1 0 0 3 4 0 0 14 0 5 2 0 0 0 0 0 3 0 0 0 0 8 2 2 0 0 0 7 0 0 0 0 23 0 0 0 0 0 0 0 0 0 0 0 0 0 0 0 0 45 27 25 12 0 42 62 31 62 0 25 0 19 4 13 40 6 23 26 0 0 0 0 0 0 10 0 0 0 0 0 0 0 0 0 0 0 0 0 0 0 0 0 2 0 0 0 0 0 0 0 1 0 0 0 0 0 0 0 0 0 0 12 0 14 0 2 0 0 0 0 0 0 0 0 0 0 0 0 2 15 10 12 0 52 35 43 6 24 0 2 17 32 62 47 19 6 8 25 0 0 1 0 0 0 3 0 0 1 0 0 2 0 0 0 0 0 0 0 0 0 0 0 0 0 1 0 0 0 0 0 0 0 0 0 0 0 0 0 0 0 0 0 0 0 0 0 35 0 0 0 0 0 2 2 1 1 0 0 5 2 0 0 0 0 10 0 0 0 0 0 0 0 0 0 0 0 0 0 0 9 0 0 0 0 1 0 0 0 
 0 0 73 0 111 3 2 0 0 34 0 75 1 1 35 0 0 0 1 0 71 219 46 237 85 151 131 86 85 349 188 76 261 0 183 107 119 256 301 81 3 3 0 1 0 0 0 11 2 0 2 3 1 0 0 3 4 0 69 1 0 2 2 0 0 0 5 0 3 0 0 3 0 0 2 2 0 0 0 0 0 0 0 13 0 0 0 0 0 0 0 0 0 0 0 0 0 3 0 0 13 36 1 0 0 11 24 9 9 32 10 20 1 47 13 9 10 0 7 1 0 0 2 2 2 0 25 0 0 0 0 0 0 0 0 0 0 0 10 0 0 0 0 0 0 0 0 0 0 0 0 0 0 0 0 0 0 2 0 10 0 13 0 12 0 12 0 0 0 13 2 0 21 0 0 0 0 0 0 1 0 0 21 11 9 0 1 0 6 17 16 10 0 22 14 24 0 14 0 0 0 0 0 0 0 0 0 0 0 0 0 0 8 1 13 0 0 0 22 19 0 0 0 0 0 0 0 0 0 0 0 0 0 0 0 0 0 0 0 0 0 0 17 0 0 0 0 0 75 0 0 0 0 0 3 2 0 0 0 0 15 0 0 0 0 0 0 0 0 0 0 0 0 0 0 0 0 0 0 0 0 11 0 0 0 0 0 0 0 0 
 0 0 0 74 17 2 0 0 0 0 82 0 0 0 0 0 0 0 0 0 309 113 59 88 313 353 347 104 99 402 291 59 194 183 0 190 165 50 239 355 3 0 20 2 0 0 0 3 3 0 2 8 3 0 0 3 4 0 66 6 0 3 2 2 2 0 0 0 5 0 2 0 1 0 6 2 0 0 0 0 0 0 0 0 12 20 0 0 0 0 0 2 0 0 0 0 0 0 0 0 10 1 11 1 18 0 0 0 0 8 18 19 13 0 25 53 6 2 0 0 0 0 0 0 0 0 12 0 2 0 0 0 0 0 0 0 0 0 14 0 0 0 0 0 0 0 1 0 0 0 0 0 0 0 0 0 0 0 0 7 0 0 1 14 17 10 0 0 0 0 0 13 0 1 0 0 0 11 0 0 27 40 12 24 7 0 13 13 11 0 14 10 1 13 0 32 1 15 26 1 1 0 13 0 0 0 0 0 0 0 0 0 0 0 0 0 0 0 52 13 0 0 0 0 0 0 0 0 0 0 0 0 0 0 0 0 0 0 0 0 0 0 0 0 0 2 0 0 0 0 0 0 0 0 2 1 0 1 0 3 23 0 0 0 0 0 0 0 0 0 0 0 0 0 0 0 0 0 0 0 0 0 0 0 0 18 0 0 0 0 
 1 0 0 0 10 148 0 0 2 0 3 1 1 0 2 0 2 0 0 0 135 33 115 121 165 106 111 127 109 516 390 37 133 107 190 0 218 328 150 154 6 0 0 1 0 0 0 5 2 1 3 3 1 0 0 3 30 0 0 0 0 3 4 3 2 2 0 0 3 0 0 0 0 0 2 2 3 4 3 0 0 0 0 0 2 12 0 0 0 0 0 0 0 0 0 0 0 0 0 0 25 35 16 1 27 0 31 33 17 19 25 40 0 0 13 11 25 0 0 23 0 0 0 0 0 10 0 0 0 0 0 0 0 0 0 0 0 0 12 0 0 0 2 0 0 0 0 0 0 0 0 0 0 0 0 0 5 0 0 2 0 23 0 0 1 24 0 0 0 0 0 0 0 0 0 0 0 0 0 0 0 13 9 18 7 0 19 0 7 18 0 7 0 24 26 1 11 0 0 27 0 0 0 0 2 0 0 0 0 0 0 0 0 0 0 0 2 2 8 0 0 0 0 0 0 0 0 0 0 0 0 0 0 0 0 0 0 0 0 0 0 0 15 0 0 0 0 0 0 1 0 0 0 7 17 0 0 39 123 2 4 25 0 0 0 0 9 0 0 0 0 0 1 0 0 0 0 0 0 0 0 10 0 0 0 12 8 0 0 2 
 15 0 0 0 1 73 2 74 2 0 0 0 0 0 2 1 0 0 0 0 117 26 219 214 138 94 29 121 145 41 236 158 213 119 165 218 0 79 65 53 3 0 0 67 0 0 0 3 2 0 5 6 15 0 0 3 5 0 0 0 2 3 2 6 0 0 0 0 3 0 0 0 6 0 2 2 1 1 0 0 5 0 0 0 0 2 0 0 0 2 0 0 0 1 0 0 0 0 0 0 0 20 38 0 13 0 20 21 24 19 14 17 0 0 1 0 22 0 0 11 0 0 0 0 0 0 0 0 8 0 0 0 7 0 0 0 0 0 17 0 0 0 0 0 0 0 0 0 0 0 0 0 0 0 2 0 0 0 1 0 0 0 2 0 0 14 0 0 0 0 0 0 0 0 0 0 0 0 0 1 1 0 2 8 20 11 16 1 0 12 1 2 0 32 2 40 28 29 13 1 0 0 0 0 0 0 11 1 0 0 0 0 0 0 0 0 0 0 29 0 0 0 0 1 0 0 0 0 0 0 0 0 0 0 0 0 0 0 0 0 0 0 1 0 0 0 0 0 2 0 0 0 0 0 6 0 2 147 42 0 18 13 0 0 0 2 1 0 0 0 0 0 0 0 0 0 0 0 0 0 0 7 0 0 0 0 15 0 0 0 
 3 2 1 1 0 35 3 2 0 2 0 1 2 2 3 1 0 1 2 2 84 113 206 106 102 279 66 297 180 498 364 56 44 256 50 328 79 0 33 119 3 0 0 0 0 1 0 3 3 0 0 3 2 0 0 3 4 1 2 11 4 3 3 0 0 0 4 0 3 0 0 0 0 0 3 3 0 0 1 1 0 0 1 0 0 0 0 0 0 0 0 0 0 0 0 1 0 0 0 0 0 42 0 18 0 0 10 29 19 33 9 35 0 0 12 24 1 25 0 0 0 0 0 0 0 0 9 0 0 0 0 1 2 13 0 0 0 0 2 0 0 0 0 0 0 0 6 0 0 0 0 0 7 0 0 0 0 6 0 0 0 0 1 0 0 22 0 0 0 0 0 0 0 4 0 0 0 0 0 0 11 12 12 12 8 23 0 25 0 27 10 60 5 10 13 0 11 0 0 11 7 0 0 0 0 0 0 0 0 0 0 0 0 12 0 0 0 0 16 0 0 0 8 0 0 2 0 0 0 2 0 0 0 0 0 0 0 0 0 0 0 0 0 0 0 0 0 0 0 1 0 0 0 0 7 0 1 86 0 3 4 0 0 0 0 0 0 0 0 0 0 0 0 0 0 0 0 0 0 8 0 0 0 0 0 0 12 0 0 0 
 0 62 1 0 39 220 0 2 0 0 87 72 0 0 3 75 2 0 0 0 549 119 60 71 65 53 26 389 78 88 60 31 288 301 239 150 65 33 0 84 3 0 0 74 0 0 0 3 2 1 2 3 1 0 0 3 5 0 69 1 0 2 4 3 4 0 0 0 3 0 0 0 0 0 5 2 2 2 2 0 6 0 0 11 26 17 0 0 0 0 0 0 0 0 0 0 12 0 0 0 18 0 10 10 32 0 12 3 7 0 0 1 26 0 36 17 0 0 0 8 0 0 0 0 0 0 2 0 0 0 0 0 0 0 0 0 0 0 0 0 0 0 0 0 0 0 0 0 0 0 0 0 0 0 0 0 0 0 0 0 0 2 1 21 36 10 0 0 2 0 0 15 0 0 0 0 0 0 0 0 72 43 0 0 0 2 27 25 4 12 0 0 0 13 0 0 0 13 14 12 0 0 0 0 0 0 0 0 0 0 0 0 1 0 0 0 0 0 0 2 0 0 0 0 2 0 0 0 0 0 0 2 0 0 0 0 0 0 0 0 0 0 0 0 0 0 0 0 0 72 0 0 0 0 15 0 0 0 0 2 0 16 0 0 0 0 0 0 0 0 0 0 0 0 0 0 0 0 0 0 0 0 0 0 0 11 0 0 0 46 
 0 2 35 0 64 146 0 1 74 78 0 37 0 1 2 79 0 158 0 73 194 54 66 76 300 53 144 459 150 189 59 59 123 81 355 154 53 119 84 0 3 0 2 0 0 2 0 9 2 12 0 3 5 0 0 3 5 0 0 5 2 2 2 0 2 0 3 0 3 0 0 0 3 0 6 2 0 0 0 5 0 0 0 18 0 29 0 0 43 0 0 8 0 0 0 0 0 0 0 0 31 6 8 0 29 0 51 0 14 7 2 7 22 35 0 13 7 35 45 25 0 0 0 0 0 0 0 0 0 0 2 0 0 0 0 1 0 0 0 0 0 0 0 0 0 0 0 1 0 0 0 0 0 0 0 0 0 0 0 0 0 0 1 2 12 0 0 0 0 13 0 20 0 0 0 16 0 11 0 0 9 19 9 29 0 0 45 6 12 12 21 2 10 29 10 9 1 0 6 25 0 0 0 0 0 0 0 0 0 0 0 0 0 2 0 0 0 0 0 0 0 0 12 0 0 0 0 0 0 0 0 0 0 0 0 0 0 0 0 0 0 0 0 0 0 0 37 0 0 0 0 0 13 0 18 1 2 0 0 2 0 13 0 0 0 92 0 0 0 0 0 0 0 0 0 0 0 0 0 0 0 0 0 0 21 0 0 0 0 0 
 0 0 0 0 29 0 0 0 0 0 0 0 0 0 0 0 0 0 0 0 3 4 3 3 3 4 65 3 3 3 3 3 3 3 3 6 3 3 3 3 0 278 121 61 44 327 167 160 131 38 92 103 66 135 35 82 252 43 38 176 0 5 0 0 4 0 0 0 10 0 1 0 1 0 0 0 5 4 0 9 0 0 0 0 0 0 0 0 0 9 0 0 0 0 0 0 0 0 0 0 0 0 0 0 0 0 0 0 0 0 1 0 0 0 0 0 0 0 0 0 6 0 6 16 0 0 0 31 44 20 0 0 6 37 26 16 9 1 18 15 10 0 0 0 0 0 0 0 0 6 0 0 0 0 6 0 0 0 0 0 0 0 0 0 0 0 0 0 0 0 0 0 0 0 0 0 12 0 0 0 0 0 0 0 19 13 0 0 0 0 0 0 0 0 0 0 0 0 0 0 13 23 44 0 0 0 20 9 14 0 8 8 26 0 3 8 9 18 0 1 0 0 12 5 0 0 18 1 11 9 6 37 15 8 5 0 0 0 0 0 0 0 0 0 0 0 0 0 0 0 0 4 0 2 0 0 2 0 2 2 0 0 2 0 0 0 0 2 0 0 16 0 0 0 0 0 0 0 0 0 0 0 0 0 0 0 0 0 0 0 
 0 0 0 0 0 0 0 0 0 0 0 0 0 0 0 0 0 0 0 0 0 4 0 0 0 0 0 8 0 0 0 0 0 3 0 0 0 0 0 0 278 0 330 85 252 52 247 218 234 49 288 99 55 190 177 508 260 100 266 46 0 0 0 0 0 0 0 1 0 5 0 0 0 0 0 0 0 0 0 50 0 0 0 0 0 0 0 0 0 0 0 0 0 0 0 0 0 0 0 0 1 3 0 0 0 8 0 0 3 3 0 0 0 0 0 0 0 0 0 0 70 2 5 10 3 0 8 19 34 29 0 0 0 18 31 25 0 11 0 12 0 0 0 0 0 0 0 0 0 0 0 0 9 0 5 0 0 0 0 0 0 0 0 0 0 1 0 0 0 0 0 0 0 0 1 0 0 0 0 0 0 0 0 8 1 17 0 0 16 2 0 1 0 3 6 0 0 4 0 0 0 24 10 0 0 25 35 27 30 0 23 0 26 5 21 6 29 26 0 0 0 0 41 0 0 0 0 0 0 0 3 0 34 0 0 0 0 0 1 0 0 0 7 0 0 0 0 0 0 0 0 11 0 1 0 0 0 63 0 0 0 0 0 1 0 0 1 0 0 0 0 0 0 0 0 0 0 0 0 0 0 3 0 0 0 0 0 0 0 0 
 0 0 0 0 0 0 0 0 0 85 0 0 0 0 0 0 2 0 0 0 0 0 0 0 2 0 2 0 0 0 0 0 0 0 20 0 0 0 0 2 121 330 0 166 324 31 131 151 288 338 119 126 75 58 111 126 162 149 38 101 1 0 0 2 0 0 0 2 1 9 2 0 56 1 0 0 0 0 21 5 0 0 0 0 0 0 0 0 0 0 0 0 0 0 0 0 0 0 0 0 0 0 0 0 0 0 0 0 0 0 0 0 0 0 0 0 0 0 0 0 0 23 0 9 0 0 11 1 0 12 81 17 9 11 1 0 0 13 0 11 21 5 0 6 0 0 0 2 0 1 0 0 0 18 0 0 0 0 1 0 4 0 0 0 0 0 0 0 0 0 0 0 0 0 0 0 0 0 0 0 0 0 0 0 0 0 0 0 0 0 0 0 0 0 0 0 0 0 0 0 11 0 34 2 27 0 0 12 1 8 44 15 0 0 10 23 45 17 0 0 29 23 0 1 0 0 0 14 7 0 51 0 37 17 0 0 0 0 12 11 0 0 7 0 0 0 0 0 0 0 0 12 0 0 0 0 0 0 0 21 0 0 1 1 0 0 1 0 2 0 0 0 0 0 0 0 0 0 0 0 0 0 0 0 36 7 0 1 0 0 
 2 8 0 12 0 63 0 8 3 5 0 0 6 0 3 8 6 5 0 15 0 0 1 1 3 2 0 1 2 1 1 1 0 1 2 1 67 0 74 0 61 85 166 0 221 58 143 96 229 209 92 51 381 117 35 174 66 253 139 80 1 2 0 18 0 4 2 1 1 1 0 0 71 2 0 0 1 2 3 2 28 5 7 0 0 19 7 14 0 0 2 5 0 0 0 0 0 10 0 4 0 0 0 0 0 0 0 11 0 0 0 0 0 0 0 0 0 0 0 5 19 6 3 12 17 15 0 12 13 10 13 7 5 0 1 0 0 0 0 0 9 0 10 5 0 0 26 17 0 6 0 1 0 29 0 8 0 0 10 21 0 4 7 0 0 0 0 5 0 0 0 0 0 0 0 0 5 0 0 0 9 0 0 0 0 0 0 0 0 16 0 0 0 0 0 0 0 0 0 0 0 0 8 23 0 36 15 33 19 0 11 7 0 5 0 0 34 0 0 0 6 9 0 0 0 0 25 0 9 7 0 0 21 0 0 27 7 0 21 19 0 0 0 0 0 0 0 0 0 0 0 12 0 1 0 0 0 0 1 1 0 0 11 1 68 4 1 0 0 0 60 0 0 0 0 0 0 0 0 0 0 0 0 0 0 0 0 0 0 1 
 0 0 0 0 0 0 0 0 0 0 0 0 0 0 1 0 0 0 0 0 0 0 0 0 71 0 0 0 0 0 0 0 0 0 0 0 0 0 0 0 44 252 324 221 0 87 59 302 159 168 66 37 108 82 70 90 85 49 75 168 55 4 0 0 0 3 104 5 4 0 0 0 0 1 2 51 5 1 55 58 0 0 0 0 0 0 0 0 0 0 0 0 0 0 0 0 0 0 0 0 0 0 0 0 0 0 0 0 19 27 0 0 0 0 0 0 0 0 0 0 0 13 0 0 1 0 0 0 0 0 1 18 9 0 0 0 0 1 0 0 17 1 0 1 0 0 12 22 0 4 0 0 5 24 0 21 0 6 47 23 0 19 0 0 0 0 37 0 0 0 4 0 0 0 0 0 0 0 0 0 0 0 0 0 0 0 0 0 0 0 0 0 0 0 0 0 0 0 0 0 0 0 29 11 0 14 0 0 0 0 15 14 0 0 0 10 26 0 0 0 0 8 6 18 0 0 61 8 7 20 1 3 4 5 15 10 0 1 28 11 0 0 0 0 0 0 0 0 0 0 0 10 0 0 0 0 0 0 0 1 0 0 2 0 6 2 3 0 0 0 14 0 0 1 0 0 0 0 0 0 0 0 0 0 7 0 0 0 0 0 
 0 0 0 0 0 0 0 0 0 0 0 0 0 0 0 0 63 0 0 0 0 0 0 0 0 0 2 0 0 0 0 0 0 0 0 0 0 1 0 2 327 52 31 58 87 0 100 48 55 107 119 55 253 71 116 76 134 117 57 54 102 0 0 0 0 0 52 50 0 7 0 0 51 66 51 0 0 0 0 0 11 0 0 0 0 0 0 0 0 0 0 0 23 0 0 0 0 0 0 0 0 0 0 0 0 0 0 0 0 0 0 0 0 0 0 0 0 0 0 0 0 9 13 0 2 31 0 20 0 22 0 0 2 19 21 27 18 5 0 1 0 0 0 0 0 0 8 9 0 0 5 0 0 7 0 0 0 7 10 0 3 0 0 0 0 0 0 0 0 0 0 0 0 0 0 0 0 0 0 0 0 12 0 0 0 0 0 0 0 0 0 0 12 0 0 0 0 0 0 0 0 13 1 5 3 22 4 0 18 14 25 0 0 3 19 4 17 21 0 0 9 0 0 10 0 0 10 11 9 28 2 0 30 0 44 22 7 14 3 17 8 0 6 0 0 0 0 0 0 0 0 19 0 0 0 0 0 0 0 1 0 0 1 40 3 10 6 0 0 0 11 0 0 0 0 0 0 0 0 0 0 0 0 0 5 0 0 0 0 0 
 0 0 0 0 0 0 0 0 0 0 0 0 0 0 0 0 3 0 0 0 0 0 0 0 0 0 0 0 3 0 0 0 0 0 0 0 0 0 0 0 167 247 131 143 59 100 0 312 133 251 101 109 172 281 93 110 33 97 48 56 0 1 0 0 0 0 0 0 22 0 2 0 0 0 1 1 0 4 0 0 0 2 0 0 0 0 0 0 0 0 0 0 0 0 0 0 0 0 0 0 0 0 0 0 0 8 0 0 0 0 0 0 0 0 0 0 0 0 0 0 8 8 8 0 7 0 4 19 26 28 0 0 0 41 33 17 1 0 0 24 0 0 2 2 0 0 0 2 0 3 1 0 0 0 21 1 6 0 0 0 0 0 0 0 0 0 0 0 0 0 0 0 0 0 0 0 0 0 0 0 0 0 0 0 0 28 0 0 0 0 0 0 0 0 10 0 0 0 0 0 13 16 0 0 8 0 30 18 18 22 28 7 31 30 21 1 28 13 0 0 0 0 10 0 0 2 8 2 0 1 6 32 6 5 4 0 0 0 0 0 0 0 0 0 0 0 0 0 0 0 0 11 0 0 0 0 0 63 0 0 0 0 2 0 1 0 2 1 0 0 0 0 0 0 0 6 0 0 0 0 0 0 0 0 6 0 0 12 0 0 
 0 0 28 0 0 0 0 0 0 0 0 0 0 0 0 0 0 0 0 0 43 21 3 3 3 3 3 6 3 37 3 3 4 11 3 5 3 3 3 9 160 218 151 96 302 48 312 0 133 46 32 306 207 230 58 302 67 40 193 55 0 0 0 0 0 0 0 0 0 0 0 4 0 0 0 0 0 0 0 0 0 0 0 0 0 0 0 0 0 0 0 0 0 0 0 2 0 0 0 0 8 6 0 0 0 0 0 0 16 2 6 0 0 0 0 0 0 0 0 0 29 1 0 21 1 0 1 0 27 0 0 0 8 44 8 16 26 7 14 13 0 0 0 0 0 0 0 0 0 0 9 0 0 0 5 0 0 0 0 0 0 0 0 0 0 0 0 0 0 0 0 0 0 0 0 0 0 0 0 0 0 0 0 8 2 23 0 0 4 2 0 0 0 10 3 0 15 20 0 0 51 14 50 0 0 0 85 30 22 1 34 14 29 0 12 14 49 24 0 0 0 0 0 0 0 0 0 0 0 0 0 0 0 0 0 0 0 0 0 0 0 0 5 0 0 0 0 0 0 0 0 4 0 0 0 0 0 0 0 0 0 0 0 0 0 2 0 72 0 0 0 0 0 0 0 0 0 0 0 0 0 5 0 0 0 0 0 0 0 0 
 2 6 0 0 0 0 2 3 0 0 0 0 0 0 60 0 0 0 0 0 2 2 2 2 2 3 2 3 3 2 3 3 2 2 3 2 2 3 2 2 131 234 288 229 159 55 133 133 0 338 33 63 276 249 56 64 280 59 168 82 1 0 0 0 0 0 1 0 0 0 0 22 9 0 0 0 0 0 0 0 0 0 0 0 0 0 0 0 0 0 0 0 0 0 0 0 0 0 0 0 7 0 0 0 0 0 0 0 0 0 0 0 0 0 0 0 0 0 0 0 0 21 56 11 7 10 0 9 0 11 11 0 2 44 8 13 14 0 0 9 0 8 0 6 0 0 0 0 0 0 0 0 0 17 0 0 0 0 1 0 0 0 0 0 0 0 0 0 0 0 0 0 0 0 0 0 0 0 0 0 0 0 0 0 0 0 0 0 0 0 0 0 0 0 0 0 0 0 0 0 9 3 51 17 0 5 0 24 1 10 40 14 0 12 15 10 37 29 0 0 8 0 0 0 0 0 0 0 0 0 20 0 25 0 0 0 0 0 15 8 0 0 0 0 0 0 0 0 0 0 0 17 0 2 0 0 0 0 0 0 0 0 1 1 2 0 0 64 0 0 10 0 0 0 0 0 0 0 0 0 0 0 0 0 0 0 0 0 0 0 
 0 4 4 0 0 2 3 6 5 0 0 1 0 0 0 23 0 4 0 0 0 0 0 2 0 0 7 0 0 0 0 1 19 0 0 1 0 0 1 12 38 49 338 209 168 107 251 46 338 0 668 42 266 277 63 472 160 33 97 107 72 0 0 7 0 0 0 56 0 0 0 0 140 0 0 0 0 0 15 1 0 0 0 10 0 0 0 0 4 0 0 0 0 0 0 0 0 0 0 0 0 0 0 0 0 0 0 0 11 0 0 0 0 2 0 0 0 0 0 0 0 0 0 19 37 34 0 0 0 0 11 36 0 0 0 30 0 8 0 0 14 0 3 0 0 0 6 31 0 6 0 0 0 0 0 25 0 3 6 12 13 0 5 0 0 0 0 0 0 0 0 0 0 0 0 0 0 0 0 0 0 0 0 0 0 0 0 0 0 0 0 0 0 0 0 0 0 15 5 0 0 0 0 50 52 9 0 0 0 0 0 10 1 0 0 0 0 14 0 0 28 7 0 0 0 0 40 14 9 0 0 0 8 16 0 20 2 30 0 29 0 0 1 0 0 0 2 0 0 0 0 12 0 1 0 0 0 0 0 7 0 1 10 1 69 6 2 0 0 0 0 0 0 0 0 25 0 0 0 0 0 4 0 0 0 0 0 0 0 0 
 2 2 2 2 0 4 0 0 0 1 0 0 1 0 1 0 2 2 0 0 2 0 16 5 5 1 0 0 2 67 7 61 1 2 2 3 5 0 2 0 92 288 119 92 66 119 101 32 33 668 0 70 53 80 103 311 114 468 68 280 0 0 0 0 0 63 0 0 26 6 0 0 0 0 0 0 0 0 0 51 0 0 0 0 0 0 0 0 0 0 0 0 0 0 0 0 0 0 0 0 0 0 0 0 0 0 0 0 0 0 4 0 0 0 0 0 0 0 0 0 0 7 17 0 5 15 5 7 0 19 0 0 0 24 7 48 0 0 4 11 4 0 0 0 0 0 0 0 7 0 1 0 0 0 12 0 0 4 3 0 0 0 1 0 0 0 0 0 0 0 0 0 0 0 0 0 0 0 0 0 0 0 0 1 2 0 0 0 0 0 0 0 0 0 0 0 4 1 0 0 4 0 0 26 28 0 0 9 7 22 8 7 4 0 12 1 28 12 0 0 0 0 0 0 0 0 0 0 0 0 9 0 10 12 0 0 0 0 0 0 0 0 7 0 0 0 0 0 0 0 0 9 0 0 0 0 0 0 5 0 0 1 1 54 0 0 2 0 0 0 0 0 0 0 0 0 0 0 0 0 0 1 0 0 9 0 0 12 0 0 
 0 1 0 0 0 0 0 0 1 0 0 0 0 0 0 0 3 0 0 0 3 3 3 3 5 3 3 3 3 3 3 3 3 3 8 3 6 3 3 3 103 99 126 51 37 55 109 306 63 42 70 0 102 98 249 80 73 204 104 46 51 0 0 0 0 0 51 0 0 0 0 0 0 0 1 52 0 0 56 108 0 0 0 0 0 0 0 0 0 0 0 0 0 0 0 0 0 0 0 0 0 0 0 0 0 0 0 0 0 0 0 0 0 0 0 0 0 0 0 0 0 18 16 37 30 0 0 4 0 34 1 11 0 33 4 3 15 15 0 0 1 2 0 9 0 0 19 19 11 0 0 0 0 0 0 0 0 1 22 8 0 0 0 41 14 0 0 0 0 0 8 0 0 0 0 0 0 0 0 0 0 0 0 0 0 0 0 0 0 0 0 0 0 0 0 0 0 0 0 0 4 18 21 0 0 0 0 6 4 59 20 31 0 0 13 29 13 52 0 0 1 8 0 0 0 0 7 25 8 0 0 0 0 23 7 11 0 1 8 1 0 0 0 0 0 0 0 0 0 2 0 19 0 0 0 0 0 0 0 0 7 13 5 0 1 1 0 68 0 0 0 0 0 1 0 0 0 0 0 0 0 0 3 0 8 0 0 0 0 0 
 0 0 0 0 0 0 0 0 0 0 0 0 0 0 0 0 2 0 0 0 1 1 2 1 2 78 4 2 4 70 2 21 1 1 3 1 15 2 1 5 66 55 75 381 108 253 172 207 276 266 53 102 0 127 33 69 243 291 409 128 3 6 0 0 0 0 0 4 0 0 0 51 0 0 0 1 7 3 0 3 0 0 0 0 0 0 0 0 0 0 0 0 0 0 9 0 0 0 0 0 0 10 10 10 12 7 0 0 0 0 14 0 0 0 0 0 16 0 0 0 25 18 0 0 0 0 12 7 17 0 20 0 22 7 0 0 23 1 0 0 6 0 0 23 0 0 0 0 0 1 0 0 25 8 16 0 0 5 0 0 0 0 0 0 0 0 0 0 0 0 0 0 0 0 16 0 0 0 0 0 1 0 12 0 12 29 0 0 0 0 0 0 0 0 0 0 18 16 0 0 10 10 0 0 0 0 9 8 1 0 0 0 0 17 26 15 19 0 14 33 0 0 4 3 0 0 0 0 5 16 0 17 0 0 0 0 0 0 0 9 0 0 0 0 0 0 0 0 0 0 0 5 0 0 0 0 0 61 62 0 0 0 2 0 0 1 2 4 0 0 10 0 0 0 0 0 0 0 0 0 0 0 0 0 0 14 0 0 0 0 
 0 0 0 0 0 0 2 0 0 0 0 0 0 0 0 0 0 0 0 0 0 0 0 0 0 0 0 0 0 0 0 64 0 0 0 0 0 0 0 0 135 190 58 117 82 71 281 230 249 277 80 98 127 0 125 248 23 52 117 140 3 4 0 0 0 0 5 7 0 0 0 2 0 5 2 0 6 0 0 3 0 0 0 0 0 0 0 0 0 0 0 0 0 0 0 0 0 0 0 0 0 0 0 0 0 0 0 0 0 0 0 0 0 0 0 0 0 0 0 0 26 30 15 19 12 2 11 0 39 17 0 14 13 0 19 16 10 17 0 21 0 0 0 0 0 0 0 0 0 0 0 0 10 0 4 0 0 0 0 2 0 0 0 0 0 0 0 0 0 0 0 0 0 0 0 0 0 0 0 0 0 0 0 0 13 10 0 0 0 0 0 0 0 0 0 0 0 0 0 0 0 0 27 0 4 19 22 46 22 0 21 0 6 14 6 34 18 68 0 22 0 0 0 0 0 0 0 0 0 0 0 0 0 0 0 0 0 0 1 0 0 0 0 0 0 0 0 0 0 0 0 17 0 0 0 0 0 0 0 0 0 0 0 1 2 0 2 1 0 0 0 0 0 0 0 0 0 0 0 0 0 0 6 0 3 13 0 0 1 1 
 0 0 0 0 0 0 0 0 0 0 0 0 0 0 0 0 1 0 0 0 0 0 0 61 68 0 0 0 0 0 0 18 0 0 0 0 0 0 0 0 35 177 111 35 70 116 93 58 56 63 103 249 33 125 0 66 142 81 182 264 0 0 0 0 0 0 0 0 0 7 0 0 0 0 0 0 0 2 0 3 0 0 0 0 0 0 11 0 0 0 0 0 0 0 0 0 0 0 0 0 0 0 0 1 0 45 0 0 0 0 0 0 0 0 0 0 0 0 0 0 11 6 6 2 0 0 0 35 1 10 15 0 7 1 35 9 10 0 37 12 0 0 0 0 0 0 0 0 0 0 0 0 0 0 0 0 0 0 0 0 0 0 0 0 0 0 0 0 0 0 0 0 0 0 0 0 0 0 0 0 0 0 0 0 22 5 0 0 0 0 0 0 0 0 0 0 0 0 0 0 20 26 24 0 0 0 0 0 23 10 0 0 27 7 8 0 6 0 0 0 9 0 0 0 0 0 0 0 0 0 6 0 3 0 0 0 0 0 18 4 0 0 8 0 0 0 0 0 0 0 0 17 0 0 0 0 0 57 0 0 0 0 0 0 0 0 0 0 0 0 0 0 0 0 0 0 0 0 0 0 0 0 0 0 0 0 0 0 0 0 
 2 2 2 2 2 2 4 2 2 6 2 2 2 2 2 2 2 29 2 2 3 3 3 3 3 3 3 3 4 3 3 3 3 3 3 3 3 3 3 3 82 508 126 174 90 76 110 302 64 472 311 80 69 248 66 0 92 124 37 296 4 6 0 3 3 0 0 19 2 0 0 0 18 0 0 0 4 2 50 93 0 0 0 0 0 0 0 0 0 0 0 0 0 0 0 0 0 0 0 0 0 0 0 0 0 0 0 0 0 0 0 0 0 0 0 0 0 0 0 0 9 55 7 23 18 9 0 1 9 6 10 8 7 27 0 1 0 7 17 0 21 0 11 0 0 0 0 10 4 11 0 0 35 0 0 10 0 5 3 8 0 0 0 0 0 0 0 0 0 10 0 0 0 0 0 0 0 0 0 0 0 0 0 0 0 0 0 0 0 0 0 0 0 0 0 0 0 0 0 0 0 8 21 11 0 9 10 9 24 36 6 13 1 0 0 18 10 8 0 0 45 9 29 4 0 0 11 7 18 7 0 4 1 27 0 10 8 0 16 6 0 0 2 0 0 0 0 0 0 0 0 6 0 2 0 0 0 0 0 0 0 0 39 0 1 0 1 0 1 0 0 0 0 0 0 0 0 0 0 0 0 0 0 0 6 0 0 0 0 0 
 3 5 4 4 5 4 3 4 5 5 5 5 5 3 3 4 5 5 4 5 4 8 5 4 25 5 5 4 5 5 4 67 4 4 4 30 5 4 5 5 252 260 162 66 85 134 33 67 280 160 114 73 243 23 142 92 0 219 68 47 0 0 0 20 0 0 0 3 0 0 0 0 61 0 0 2 0 0 0 3 0 0 0 0 0 0 0 0 0 0 0 0 0 0 0 0 0 0 46 0 0 0 0 0 0 0 0 0 0 0 0 29 0 0 0 0 0 0 0 0 18 0 122 11 0 15 0 22 0 1 24 0 0 0 9 10 28 2 4 0 0 0 16 0 2 0 2 0 0 7 0 0 0 13 0 0 0 0 0 0 17 6 0 0 0 0 0 0 0 0 0 0 0 0 0 0 0 0 0 0 0 1 0 0 0 0 0 0 0 0 0 0 0 0 0 8 0 0 11 0 0 0 0 16 0 0 0 0 11 38 1 0 19 4 0 0 0 7 0 0 9 16 0 0 0 0 0 9 11 0 0 0 1 12 0 22 8 0 0 16 0 0 0 0 0 0 2 0 0 0 0 5 0 6 0 0 0 0 0 0 0 0 0 7 0 20 0 0 0 0 0 0 0 0 0 0 0 0 0 0 0 0 0 0 0 15 0 15 2 0 
 0 0 0 0 0 0 0 48 0 0 0 0 0 0 3 0 2 0 0 0 0 1 0 0 65 0 0 0 0 6 0 3 0 0 0 0 0 1 0 0 43 100 149 253 49 117 97 40 59 33 468 204 291 52 81 124 219 0 29 52 0 0 0 1 0 0 0 2 0 6 0 0 84 0 207 0 0 0 4 31 0 0 0 0 0 0 0 0 0 0 0 0 0 0 0 0 0 7 0 0 0 0 0 0 4 0 0 0 0 0 0 0 0 0 0 0 0 0 0 0 35 1 62 14 20 45 9 25 0 60 0 17 0 0 21 60 31 12 9 11 0 0 0 0 0 37 0 1 9 1 0 0 0 0 0 0 0 0 3 2 10 2 0 0 0 0 0 0 0 0 0 0 0 0 0 0 0 2 0 0 0 0 0 0 0 0 0 0 0 0 0 0 0 0 0 0 0 0 6 0 9 0 5 0 42 0 0 16 71 83 1 10 11 10 10 1 22 29 0 0 13 0 0 0 0 0 0 0 0 0 13 0 22 27 0 0 0 0 0 6 0 0 5 0 0 0 0 0 0 0 0 7 0 0 0 0 0 0 0 9 0 0 68 34 3 10 4 0 3 0 0 0 0 0 0 0 0 0 0 0 0 0 3 0 9 8 0 6 0 0 
 0 0 0 0 0 66 2 0 0 0 0 0 0 0 0 0 0 0 0 0 0 37 22 63 85 35 0 0 0 62 73 68 0 69 66 0 0 2 69 0 38 266 38 139 75 57 48 193 168 97 68 104 409 117 182 37 68 29 0 219 0 2 0 0 7 0 2 0 0 0 0 0 0 0 0 0 0 51 0 0 0 0 0 0 0 0 9 0 0 0 0 0 0 0 0 0 0 0 0 0 0 1 29 0 0 25 0 0 0 35 0 24 0 0 0 0 0 0 0 0 0 12 4 0 0 0 13 0 10 0 35 0 0 0 0 0 8 0 0 4 0 0 0 0 0 0 0 0 0 0 0 0 0 0 0 0 0 0 0 11 0 0 1 0 0 0 0 0 0 0 0 0 0 0 0 0 0 0 0 0 7 0 59 8 17 24 0 0 0 3 14 2 0 0 0 14 25 26 0 0 60 12 0 0 0 1 24 0 1 0 0 0 0 10 11 0 0 0 30 14 0 0 0 0 0 0 0 0 0 0 0 0 0 0 0 0 0 0 0 0 0 0 0 0 0 0 0 0 0 0 0 14 0 0 0 0 0 73 0 0 0 0 0 0 0 2 0 7 2 0 0 0 0 0 0 0 0 0 0 0 0 0 0 0 0 11 0 0 0 0 
 2 2 2 2 2 6 2 2 2 2 2 2 2 2 2 2 2 2 2 63 5 6 0 30 1 0 0 2 0 2 0 127 14 1 6 0 0 11 1 5 176 46 101 80 168 54 56 55 82 107 280 46 128 140 264 296 47 52 219 0 0 8 0 0 4 0 0 0 0 0 0 0 0 0 0 0 0 0 0 0 0 0 0 0 0 0 0 0 0 0 0 0 0 0 13 0 0 0 0 0 0 0 5 43 12 16 0 8 1 5 2 22 0 8 0 0 0 11 0 0 1 8 10 8 0 34 8 30 13 0 34 3 25 0 13 0 2 0 1 0 0 0 0 5 0 0 0 0 0 0 0 0 0 36 0 0 0 0 0 0 0 0 17 0 0 13 0 0 0 0 0 0 0 0 0 0 0 0 0 3 0 0 0 3 36 55 0 0 2 4 0 15 13 1 8 0 0 3 0 7 12 29 12 0 17 0 0 0 10 0 18 0 13 26 12 26 21 0 0 36 0 0 0 0 0 0 0 0 0 8 0 0 21 0 0 0 0 0 15 0 0 0 0 0 0 0 0 0 0 0 0 3 0 1 0 0 0 0 62 0 0 0 1 0 0 2 0 2 0 11 13 0 0 0 0 0 0 0 0 0 0 0 0 0 0 17 0 0 0 0 
 14 0 0 0 0 0 0 0 0 0 0 23 0 3 0 0 0 0 0 1 0 0 0 0 0 0 2 0 0 0 0 0 0 0 0 0 2 4 0 2 0 0 1 1 55 102 0 0 1 72 0 51 3 3 0 4 0 0 0 0 0 85 96 98 52 23 148 107 32 37 37 39 54 380 326 114 124 52 250 135 5 0 5 6 0 0 5 8 0 0 0 0 0 6 0 0 0 0 1 10 8 0 0 0 0 0 0 0 13 0 0 0 0 0 0 0 0 0 0 0 0 0 0 0 0 15 0 0 0 0 8 14 0 7 0 0 0 0 0 1 11 1 1 0 0 0 17 17 15 0 4 0 12 0 0 0 0 73 23 0 2 0 0 0 0 0 0 5 1 0 4 1 1 0 2 0 0 11 30 3 0 0 0 0 0 0 0 0 0 0 0 0 0 0 0 0 0 0 0 0 0 0 0 29 13 28 0 0 0 0 0 7 7 0 0 0 0 1 0 0 7 10 0 11 0 0 27 19 37 23 0 0 19 7 25 7 2 27 0 8 0 0 0 0 0 0 0 0 0 0 0 0 0 103 8 0 0 0 0 0 0 0 0 0 0 0 0 0 0 0 0 0 0 3 0 0 0 0 0 0 0 0 0 0 0 0 0 0 0 0 
