 0 218 479 133 30 41 636 147 39 336 376 23 62 124 158 47 131 333 209 61 3 0 0 2 0 0 0 2 0 0 0 2 0 0 0 3 0 2 0 1 0 0 2 0 0 0 0 0 1 0 0 5 0 3 2 3 0 0 0 1 0 0 3 1 3 0 0 2 2 2 2 3 3 1 0 0 0 0 0 3 0 11 26 14 39 0 1 10 19 17 14 0 11 0 2 27 12 29 23 0 0 0 0 0 0 0 0 0 0 0 0 0 0 0 0 0 0 0 0 0 0 0 0 0 0 8 0 0 0 0 0 0 0 0 0 0 0 0 0 0 0 0 0 0 0 0 0 1 0 3 0 0 0 0 0 0 0 0 0 0 21 17 3 14 3 19 18 0 3 0 0 0 2 46 13 0 26 0 0 1 0 0 0 0 0 0 0 0 0 0 0 0 0 0 0 0 0 0 0 0 0 0 0 0 0 0 0 0 0 0 0 0 0 0 0 0 0 0 0 0 0 0 0 2 0 0 0 0 0 0 0 0 0 0 0 0 0 0 0 0 0 0 0 0 0 2 1 0 3 1 1 4 23 0 0 0 0 0 0 0 0 0 0 0 0 0 0 0 0 19 0 0 0 0 0 14 0 0 0 0 0 0 0 0 0 0 0 0 0 0 
 218 0 105 159 215 114 74 94 111 38 113 32 51 278 147 162 55 36 232 138 3 0 0 2 0 0 0 0 0 0 0 0 73 0 0 3 0 3 0 0 2 0 0 0 0 0 0 0 29 0 0 3 0 1 3 3 0 0 0 2 0 0 3 3 3 0 0 2 2 3 0 0 3 0 0 0 0 0 0 3 22 15 7 12 14 38 19 13 7 0 1 18 50 27 0 1 12 65 13 18 0 0 0 0 0 1 0 0 0 0 0 0 3 2 0 0 0 0 18 0 0 0 0 0 0 0 0 0 0 0 0 0 0 0 0 0 0 0 0 0 0 0 0 0 0 0 0 7 0 0 0 0 0 0 0 0 0 0 0 0 10 14 36 0 0 0 0 31 10 34 11 0 22 13 16 12 22 26 13 10 0 0 0 2 0 0 0 0 7 0 0 0 10 6 0 0 0 0 0 0 0 0 0 0 0 0 0 0 0 0 0 1 0 0 0 0 0 0 0 0 0 0 0 9 0 0 0 0 0 0 0 0 20 0 2 0 2 0 0 0 0 11 0 0 0 0 0 0 2 90 0 6 11 0 0 0 0 0 0 0 0 0 9 0 0 0 0 0 0 0 0 0 0 0 0 0 0 0 0 0 0 0 0 0 0 0 0 0 0 0 
 479 105 0 322 133 130 121 110 213 65 152 138 142 47 108 139 268 42 121 125 3 0 0 2 0 0 0 1 1 0 0 0 77 0 0 3 0 3 0 0 0 0 1 0 0 0 0 3 7 1 1 3 0 3 3 3 0 0 0 2 0 0 3 2 3 0 0 2 8 3 0 3 3 0 0 0 0 0 0 3 15 20 0 17 18 0 10 0 18 0 34 1 1 11 11 24 2 0 0 12 0 0 0 0 0 0 0 14 0 10 0 0 15 0 0 0 0 0 1 0 0 0 0 0 0 0 0 0 0 0 0 0 0 0 0 0 0 0 0 0 0 0 0 0 2 0 0 5 0 0 0 0 0 0 0 0 0 0 0 0 1 0 1 10 9 0 0 25 0 29 20 18 0 21 0 25 50 15 1 1 0 0 0 0 0 0 0 6 0 0 0 0 0 25 1 0 0 0 10 8 0 0 0 0 0 0 0 0 0 0 0 0 0 0 0 0 0 0 0 0 0 0 0 0 0 0 0 0 0 0 0 0 0 0 0 0 0 0 0 0 0 11 0 0 0 2 4 0 2 0 0 12 0 0 0 0 0 0 0 0 0 0 9 0 0 0 0 0 0 0 0 0 0 0 0 0 0 14 0 0 0 0 0 0 0 0 0 0 0 0 
 133 159 322 0 97 136 218 692 82 173 235 132 49 159 72 126 214 300 72 230 78 0 0 2 5 2 24 3 8 0 1 2 75 77 67 3 2 5 0 155 0 0 3 0 0 0 1 1 3 4 5 8 17 5 3 65 4 8 1 8 0 0 3 3 6 5 0 2 3 3 4 4 3 0 1 0 2 2 3 3 0 0 7 0 14 54 9 7 0 1 17 36 0 0 0 36 13 0 0 6 10 0 20 0 0 0 16 22 0 11 0 0 20 19 1 0 0 11 11 3 0 0 0 0 0 0 0 0 0 0 0 0 0 0 0 0 0 0 0 0 0 0 0 0 4 0 0 0 0 0 0 0 0 0 0 0 0 1 0 0 9 33 10 21 18 23 1 0 11 6 22 25 0 0 32 0 17 5 3 0 15 10 0 0 0 0 9 1 0 0 0 0 13 14 37 0 0 1 24 12 0 0 0 0 0 0 0 0 0 0 2 0 0 2 0 0 0 0 0 0 0 0 0 0 0 0 0 0 0 0 0 0 0 0 0 0 0 0 0 0 0 0 0 0 0 4 69 0 88 101 0 12 19 0 0 0 0 0 0 0 2 0 0 0 0 2 0 0 0 0 0 0 0 0 2 0 11 12 0 0 0 0 0 0 0 0 0 0 0 0 
 30 215 133 97 0 304 24 91 165 254 89 55 84 72 86 591 279 296 117 240 131 74 2 3 1 3 74 2 0 3 0 2 264 151 82 26 2 3 1 150 2 3 2 0 0 0 0 1 1 0 0 5 0 4 2 3 0 2 1 5 0 8 3 1 3 0 0 2 2 2 3 8 3 1 0 0 0 0 0 5 40 27 0 29 11 10 15 0 22 6 1 20 0 0 43 0 20 0 0 0 0 0 16 0 0 0 15 0 0 0 0 15 0 21 51 10 16 27 40 23 0 0 0 0 0 0 0 0 0 0 0 0 0 0 0 0 0 0 0 0 0 4 1 0 0 0 0 0 0 0 0 0 4 0 0 0 0 0 0 0 2 0 4 0 0 15 0 16 0 4 12 0 0 0 18 2 7 30 5 11 0 0 0 0 0 0 21 4 0 0 19 0 0 19 2 0 0 17 2 29 0 0 0 0 0 0 1 0 0 0 0 0 0 13 0 0 0 0 0 0 0 0 0 1 0 0 0 0 0 0 0 0 0 0 0 0 0 0 0 0 0 0 0 0 0 2 8 2 2 3 0 7 0 0 0 0 0 0 0 0 0 0 0 0 0 0 2 0 0 0 0 0 0 0 0 0 9 0 0 0 0 0 0 0 0 0 0 0 0 0 
 41 114 130 136 304 0 25 324 355 37 387 238 106 138 334 105 126 153 35 126 67 30 0 2 206 0 140 29 2 26 1 0 18 62 77 62 73 3 147 0 2 0 4 0 0 0 0 0 12 2 0 3 0 4 3 3 0 0 102 3 0 0 3 3 3 0 0 2 2 3 2 29 3 0 24 0 0 0 0 3 0 0 8 6 0 10 3 10 14 5 10 53 0 0 2 1 13 0 0 0 0 10 0 1 0 0 49 3 11 2 0 0 12 0 0 2 1 0 67 28 0 0 0 0 0 0 0 0 0 0 0 0 0 0 0 0 0 0 0 0 0 0 0 0 0 0 0 0 0 0 0 0 0 0 0 0 0 0 0 0 0 7 2 4 34 11 3 0 13 2 71 10 0 0 1 0 18 12 0 2 10 1 0 9 0 0 0 0 3 15 0 0 25 14 9 29 25 9 26 14 0 0 0 0 0 0 0 0 27 0 0 0 15 0 0 0 0 0 1 0 0 0 0 0 0 0 0 1 0 0 0 0 0 0 0 0 0 0 0 0 0 11 0 0 0 1 3 0 5 92 5 5 0 0 2 0 0 0 0 0 42 0 13 0 0 0 0 0 0 0 0 0 0 0 0 9 0 0 0 0 0 0 0 0 0 0 0 0 0 0 
 636 74 121 218 24 25 0 263 51 143 190 116 217 254 170 36 301 126 169 203 3 0 0 2 0 0 0 0 0 3 5 3 0 0 0 6 0 3 0 59 2 0 1 63 0 2 1 0 3 0 0 3 0 12 5 3 2 0 3 2 0 11 3 3 3 0 0 2 2 9 0 1 3 0 0 1 0 0 0 6 0 6 29 15 35 12 42 41 26 13 21 1 1 0 10 59 22 52 30 39 0 0 0 0 0 0 0 0 0 0 0 0 0 0 0 0 0 0 0 0 0 0 0 0 0 0 0 0 0 0 0 0 0 0 0 0 0 0 0 0 0 0 0 0 6 0 0 0 0 0 0 10 0 0 0 0 0 0 0 0 21 24 0 13 5 17 44 14 14 0 38 0 10 16 26 10 0 1 0 0 0 0 0 0 0 0 0 0 0 0 0 0 0 0 0 0 0 13 0 0 0 0 0 0 0 0 0 0 0 0 10 0 0 0 0 0 0 0 0 0 0 0 0 0 0 0 0 0 0 0 0 0 0 0 0 0 0 0 0 0 0 0 0 0 0 0 52 0 178 0 0 4 0 0 0 0 0 0 0 0 0 0 0 0 0 0 0 0 0 0 0 0 0 0 0 10 62 12 0 0 0 0 0 0 0 0 0 0 0 0 
 147 94 110 692 91 324 263 0 297 160 42 200 127 209 628 278 99 161 230 512 3 2 1 3 1 0 0 3 0 73 0 0 0 0 0 3 0 3 0 2 0 0 1 0 0 0 0 0 2 0 6 3 0 3 3 5 0 0 0 2 0 47 4 2 3 0 0 7 5 3 0 3 4 0 0 0 0 0 32 3 0 7 47 0 24 19 44 28 13 35 0 12 12 0 20 53 11 0 20 27 0 0 0 0 0 0 0 0 0 0 0 0 0 0 0 0 0 0 0 0 0 0 0 0 0 0 0 0 0 0 0 0 0 14 0 0 0 0 0 0 0 0 2 0 2 0 0 0 0 0 0 13 0 0 0 0 0 0 0 0 3 5 1 22 2 13 27 24 15 0 16 10 0 17 13 15 0 0 0 1 0 0 0 0 0 0 0 1 0 0 1 0 0 22 1 0 2 2 2 0 0 0 0 0 0 0 2 0 0 0 0 0 0 0 0 0 0 0 0 0 0 0 0 0 0 0 0 0 0 0 0 0 0 0 0 0 0 0 0 0 0 0 0 0 0 2 88 0 2 2 0 13 0 0 0 0 0 0 0 0 0 0 0 0 0 0 0 0 0 0 0 0 0 0 0 25 0 0 0 0 0 0 0 0 0 0 0 0 0 0 
 39 111 213 82 165 355 51 297 0 112 261 96 110 147 394 217 370 130 109 160 5 0 0 2 0 0 0 1 0 0 0 0 74 4 0 210 0 4 0 0 2 0 0 0 0 0 0 0 12 0 4 3 0 2 3 14 0 0 0 2 0 0 3 3 3 0 2 2 2 3 32 2 3 0 0 0 0 0 0 3 1 5 72 5 14 18 20 4 3 0 9 23 1 1 12 20 2 19 28 36 0 0 0 0 0 0 0 0 0 0 0 1 0 0 0 0 0 0 18 0 0 0 0 0 0 0 0 0 0 0 0 0 10 14 0 0 0 0 0 0 0 0 0 2 2 0 0 21 0 0 0 0 0 0 0 0 0 0 0 1 0 0 12 2 1 0 10 18 2 50 0 4 1 23 0 10 16 23 0 1 0 0 0 0 0 0 0 0 0 0 0 0 0 0 0 0 0 21 0 0 0 0 0 0 26 0 0 0 0 2 0 0 0 0 0 0 0 0 0 0 0 0 0 0 0 0 0 0 0 0 0 0 0 0 1 0 0 0 0 0 0 10 0 0 0 0 1 0 2 2 2 8 0 0 0 0 0 0 0 0 0 0 10 0 0 0 0 0 0 0 0 0 0 0 0 0 0 30 0 0 0 0 0 0 0 0 0 0 0 0 
 336 38 65 173 254 37 143 160 112 0 171 437 142 165 216 176 267 343 185 70 26 0 0 4 0 0 0 2 0 0 0 0 75 39 73 5 0 2 74 37 2 2 2 2 0 62 0 1 4 0 0 3 0 21 2 3 1 0 0 2 0 0 3 1 3 0 0 2 3 6 0 3 3 0 0 0 0 3 1 3 0 23 16 13 24 0 12 16 24 9 11 0 0 0 14 23 16 39 14 11 0 0 0 0 0 0 6 1 0 0 0 1 0 12 17 0 0 0 0 2 2 0 0 0 0 0 0 0 0 0 0 1 0 0 0 0 0 0 0 0 0 0 0 0 0 0 0 0 19 0 0 10 0 0 0 0 0 0 0 0 22 23 0 1 0 21 33 0 13 0 0 20 10 10 11 25 0 0 3 1 0 9 0 0 0 0 10 0 0 0 16 16 13 32 0 0 0 0 14 3 0 0 0 0 0 0 0 0 0 0 0 0 0 0 0 0 0 0 0 0 0 0 0 0 0 0 0 2 0 0 0 0 0 0 0 0 0 2 0 0 0 0 0 0 0 0 0 0 102 87 0 3 1 0 0 0 0 0 0 0 1 0 0 0 0 0 0 0 0 0 0 0 0 0 0 11 31 0 0 0 0 0 0 0 0 0 0 0 0 0 
 376 113 152 235 89 387 190 42 261 171 0 54 458 85 99 102 484 66 62 118 3 0 0 2 0 0 36 2 0 0 0 0 0 0 0 77 0 2 0 74 0 0 2 0 0 0 0 117 1 2 3 3 0 3 2 3 0 0 0 1 0 0 2 2 3 0 0 2 2 2 0 3 3 0 0 0 0 0 0 3 9 6 7 10 18 33 14 15 8 0 1 37 0 0 0 50 25 10 0 3 11 1 0 0 0 1 0 13 0 9 0 0 14 1 0 0 0 1 0 0 0 0 0 0 0 0 0 0 0 0 0 0 0 0 0 0 0 0 0 0 3 0 0 0 2 0 0 0 2 0 0 0 0 0 0 0 0 0 0 0 12 51 9 21 6 37 1 0 10 0 14 28 0 1 26 1 14 1 0 0 0 0 0 1 0 0 9 0 0 0 0 1 0 0 10 0 0 1 24 1 0 0 0 0 0 0 0 0 0 2 0 2 0 0 0 0 0 0 0 0 0 0 0 0 0 0 0 0 0 0 0 0 0 0 1 0 0 0 0 0 0 0 0 0 0 0 171 0 90 2 1 7 17 0 0 0 0 0 0 0 0 0 0 0 0 0 0 0 0 0 0 0 0 0 0 29 0 0 0 0 0 0 0 0 0 0 0 0 0 0 
 23 32 138 132 55 238 116 200 96 437 54 0 243 25 85 246 220 101 248 216 76 0 0 4 0 74 146 79 0 4 2 0 75 73 75 3 72 2 25 2 0 0 5 0 0 0 9 0 1 0 0 3 2 8 2 3 0 1 2 5 0 0 4 1 5 14 2 2 2 2 0 7 3 0 0 0 2 1 0 3 10 42 10 15 18 2 0 0 33 16 30 11 0 0 4 10 27 18 16 1 9 21 9 0 0 0 26 0 7 0 0 0 9 0 0 0 0 0 17 18 0 0 0 0 0 0 0 0 0 0 0 0 0 0 0 0 0 0 0 0 0 0 0 0 0 0 0 0 0 0 0 0 0 11 0 0 0 0 0 0 1 9 0 36 0 44 10 10 1 3 0 27 9 18 14 17 0 22 0 10 0 6 52 0 0 0 9 0 0 10 0 0 19 0 7 7 0 1 10 24 0 0 0 0 0 14 0 0 0 0 0 0 0 0 0 0 0 0 14 0 0 0 0 0 0 0 0 0 0 0 0 0 0 0 0 0 0 0 0 0 0 0 0 0 0 31 0 0 4 86 10 5 1 0 0 0 0 0 0 0 10 0 0 0 0 0 0 0 0 0 0 0 51 0 1 27 0 14 0 0 0 0 0 0 0 0 0 0 0 0 
 62 51 142 49 84 106 217 127 110 142 458 243 0 304 33 43 647 178 623 57 3 0 0 2 0 0 0 0 0 0 0 0 2 0 0 3 1 4 0 0 1 0 0 0 0 0 0 0 3 0 0 3 0 5 3 3 0 0 2 2 0 0 3 3 3 0 1 2 2 3 2 0 3 0 0 0 0 0 0 3 21 0 9 0 1 0 14 37 6 0 72 0 64 41 3 11 35 47 0 29 0 0 0 0 0 0 0 1 0 0 0 0 0 0 1 0 0 0 0 0 2 0 0 0 0 0 0 0 0 0 0 2 0 0 0 0 0 0 0 0 0 0 0 0 3 0 0 1 0 0 0 27 0 0 0 0 0 0 0 0 18 11 1 2 0 0 8 14 13 25 0 0 29 5 0 17 8 16 0 2 0 2 0 0 0 0 0 0 0 0 0 0 0 0 0 0 0 0 0 0 0 0 0 0 0 0 0 13 0 0 0 0 0 0 0 0 0 0 0 0 0 0 0 0 0 0 0 2 0 0 0 0 0 0 0 0 0 2 0 0 0 0 0 0 0 3 1 0 4 2 2 6 0 0 0 0 0 0 0 0 0 0 0 0 0 0 0 0 0 0 0 0 0 0 0 0 19 15 0 0 0 0 0 0 0 0 0 0 0 0 
 124 278 47 159 72 138 254 209 147 165 85 25 304 0 486 57 88 125 375 259 3 0 0 2 0 0 0 0 202 0 0 0 0 0 2 3 0 3 0 0 1 0 0 0 0 0 0 0 3 0 0 3 0 4 64 3 0 0 0 2 0 0 3 3 3 0 0 2 2 3 0 0 3 0 0 0 0 0 0 3 0 10 18 0 16 11 45 86 1 24 39 9 0 7 12 44 63 29 19 44 0 0 0 0 0 0 0 0 0 0 0 0 0 0 0 0 0 0 0 0 0 0 0 0 7 0 0 0 0 0 0 0 1 0 0 0 0 0 0 0 0 0 0 0 2 0 0 0 0 0 0 7 0 0 0 0 0 0 19 0 41 7 10 15 0 1 17 12 10 0 14 0 0 17 11 31 0 0 8 11 0 0 0 0 0 13 0 2 0 0 2 0 0 0 2 0 1 1 2 0 1 0 0 0 0 0 0 0 0 0 0 0 0 0 0 0 0 0 0 0 0 0 11 0 0 0 0 0 0 0 0 0 0 0 0 0 0 0 7 0 0 0 0 0 0 0 93 0 90 0 0 16 0 0 0 0 0 0 0 0 0 0 0 0 0 0 2 0 0 0 0 0 0 0 0 10 47 0 0 0 0 0 0 0 0 0 0 0 0 0 
 158 147 108 72 86 334 170 628 394 216 99 85 33 486 0 614 362 141 489 213 3 0 0 2 3 0 0 2 1 0 0 0 75 0 0 3 0 2 80 1 0 0 1 0 0 0 0 0 0 0 0 3 0 13 2 3 0 0 0 2 0 0 1 0 3 0 0 2 3 2 0 3 3 0 0 0 0 0 0 3 0 37 32 1 28 19 24 32 34 28 20 41 0 0 0 94 54 15 12 12 0 0 0 0 1 0 3 0 0 0 0 24 0 0 0 0 0 0 2 0 0 0 0 0 0 0 0 0 0 0 0 0 0 2 0 0 1 0 0 0 1 1 0 0 0 0 0 0 0 0 0 9 0 0 0 0 0 0 0 0 24 23 9 29 3 16 0 11 21 2 0 28 10 21 15 21 0 15 0 0 0 0 1 0 0 0 11 0 1 0 0 0 4 0 0 0 0 7 4 1 0 0 0 0 18 0 0 0 0 0 0 0 0 0 0 0 0 1 0 0 0 0 0 0 0 0 0 0 0 0 0 0 0 0 0 0 0 0 0 0 0 0 0 0 0 0 0 0 87 0 0 4 0 0 0 0 0 0 0 0 0 0 0 0 0 0 0 0 0 0 0 0 0 0 0 24 0 0 0 0 0 0 0 0 0 0 0 0 0 0 
 47 162 139 126 591 105 36 278 217 176 102 246 43 57 614 0 76 343 58 139 67 0 0 2 0 0 0 4 0 64 0 2 31 2 0 3 0 3 74 0 2 0 0 0 0 0 0 0 7 0 0 3 0 2 3 3 7 0 0 2 0 0 3 3 3 0 0 2 2 3 0 2 3 0 5 0 44 0 0 3 0 18 7 45 1 17 15 12 20 6 16 40 0 0 0 1 17 14 8 18 8 1 0 0 2 0 9 7 0 0 0 3 10 0 0 0 0 0 41 19 0 2 0 0 0 0 0 0 0 0 0 0 0 1 0 0 0 0 0 0 1 0 0 0 0 0 0 0 0 0 0 0 0 0 0 0 0 0 2 0 0 1 16 0 14 11 0 0 17 0 20 20 0 0 0 0 14 12 0 0 1 0 2 0 0 0 6 0 2 0 0 2 31 16 2 0 0 0 18 26 0 0 0 0 0 0 0 0 0 0 7 0 0 0 0 0 0 1 0 0 0 0 0 0 0 2 0 0 0 0 0 0 0 0 0 0 0 0 0 0 0 18 0 0 0 0 0 0 0 88 16 3 0 0 0 0 0 0 0 0 0 0 12 0 0 0 0 0 0 0 0 0 0 1 0 0 0 12 0 0 0 0 0 0 0 0 0 0 0 0 
 131 55 268 214 279 126 301 99 370 267 484 220 647 88 362 76 0 215 45 159 3 6 0 2 4 0 0 2 0 0 4 0 0 0 64 86 4 2 0 1 1 0 0 0 0 0 0 61 1 0 0 7 0 14 2 9 2 0 60 3 0 0 3 1 3 0 0 2 2 2 0 3 3 0 0 6 0 0 2 3 13 17 23 2 27 19 12 10 1 0 11 16 0 0 16 49 26 23 8 40 0 0 0 0 0 1 0 0 0 0 0 0 0 1 0 0 0 0 0 48 0 0 0 0 0 0 0 0 0 0 0 0 0 0 0 0 0 0 0 0 0 0 0 0 1 0 0 0 2 0 0 0 0 0 0 0 0 0 0 0 25 21 0 53 0 14 42 9 0 0 15 14 11 25 9 44 2 0 0 0 0 0 0 1 0 0 0 0 0 0 0 0 0 0 0 0 0 0 10 0 0 0 0 0 0 0 0 0 0 2 0 2 0 0 0 0 0 0 0 0 0 0 0 0 0 0 0 0 0 0 0 0 0 0 1 0 0 0 0 0 0 0 0 0 0 0 87 0 94 3 1 9 0 0 0 0 0 0 0 0 0 0 0 0 0 0 0 0 0 0 0 0 0 0 0 23 19 0 0 0 0 0 0 0 0 0 0 0 0 0 
 333 36 42 300 296 153 126 161 130 343 66 101 178 125 141 343 215 0 116 189 78 0 0 2 0 0 0 0 0 2 0 0 151 102 0 3 0 3 29 80 0 0 0 0 0 0 0 1 3 0 0 3 0 11 3 3 0 0 0 2 3 0 3 3 3 0 0 2 2 3 0 1 3 0 31 0 0 0 0 3 0 37 17 0 30 0 14 22 19 8 11 11 0 0 5 32 25 37 16 11 0 0 0 0 0 0 1 0 0 0 0 0 0 13 10 0 0 0 0 8 0 0 0 0 0 0 0 0 0 0 0 0 0 0 0 0 21 0 3 0 0 0 0 0 0 0 1 18 0 0 2 11 0 0 0 0 0 0 0 0 22 12 0 26 0 36 21 11 14 0 0 28 14 30 0 10 0 0 2 0 0 0 0 0 0 0 0 0 0 0 0 0 18 15 15 0 0 0 9 0 0 0 0 0 0 0 0 0 0 0 0 0 0 0 0 0 0 0 0 0 0 0 0 3 0 0 0 0 0 0 0 0 0 0 0 0 0 0 12 14 0 0 0 0 1 2 0 0 88 5 0 0 2 2 0 0 0 0 0 0 0 0 0 0 0 0 0 0 0 0 0 0 0 0 0 32 33 0 0 0 0 0 0 0 0 0 0 0 0 0 
 209 232 121 72 117 35 169 230 109 185 62 248 623 375 489 58 45 116 0 290 15 0 0 2 0 0 0 2 0 0 0 0 1 0 0 3 0 2 0 1 1 0 4 0 0 0 0 0 1 2 0 3 0 6 2 3 0 0 0 3 0 0 3 1 3 0 3 4 5 4 52 3 3 0 0 1 0 0 0 3 75 22 12 2 25 0 57 11 23 22 0 0 10 42 86 11 1 6 28 28 0 0 0 0 0 0 0 0 0 2 0 0 0 0 0 0 0 0 0 0 0 0 0 0 0 0 0 0 0 0 0 0 0 0 0 0 0 0 0 0 0 0 0 0 0 29 0 0 0 3 0 13 0 0 0 0 0 0 0 0 18 0 15 0 6 0 0 42 21 1 2 0 21 12 0 1 11 6 10 18 0 0 16 0 0 0 0 0 0 0 0 0 0 0 0 0 0 0 0 0 0 0 0 0 0 0 0 0 0 0 0 0 0 0 0 0 0 0 0 2 0 0 0 0 0 0 0 0 15 0 0 0 0 0 0 0 0 0 0 0 0 0 0 0 0 1 1 0 2 0 0 10 0 0 0 0 0 0 0 0 0 0 0 0 0 0 0 0 0 0 0 0 0 0 0 0 0 1 0 0 0 0 0 0 0 0 0 0 0 0 
 61 138 125 230 240 126 203 512 160 70 118 216 57 259 213 139 159 189 290 0 3 2 0 2 0 0 0 2 0 0 0 0 1 0 0 3 0 2 0 1 2 0 1 4 0 0 0 0 1 6 0 3 0 3 64 3 0 2 3 1 0 0 2 0 3 0 0 4 2 2 0 3 3 0 0 0 0 0 0 3 13 32 32 2 45 25 42 24 46 15 0 8 0 8 30 35 31 0 24 39 0 1 0 0 0 0 0 0 0 2 0 0 0 0 0 0 0 0 0 15 0 0 0 2 0 0 0 0 0 0 0 0 0 0 0 0 0 0 0 0 0 0 0 0 0 0 25 0 0 0 0 0 0 0 0 0 0 0 15 0 0 9 7 29 5 11 30 1 0 18 24 8 0 17 18 15 0 25 0 11 0 0 0 0 0 0 0 9 0 0 0 0 0 0 0 0 0 0 0 0 0 0 0 0 0 0 0 0 0 0 0 0 0 0 2 0 0 0 0 2 0 0 0 0 0 0 1 0 0 0 1 0 0 1 0 0 0 0 0 0 0 0 0 0 0 0 99 0 0 0 1 11 0 0 0 0 0 0 0 0 0 0 0 0 0 0 0 0 0 0 0 0 0 0 0 8 1 1 0 0 0 0 0 0 0 0 0 0 0 0 
 3 3 3 78 131 67 3 3 5 26 3 76 3 3 3 67 3 78 15 3 0 251 368 575 235 38 98 222 42 112 118 132 122 506 211 165 45 50 209 304 4 3 5 0 0 0 0 1 0 1 2 0 0 2 0 0 54 0 9 1 0 0 0 8 0 0 0 0 0 0 0 3 3 53 0 2 0 0 8 0 0 0 1 0 0 0 0 0 0 10 0 0 0 0 1 0 0 0 0 0 14 20 14 0 9 19 0 6 32 0 9 0 23 16 73 22 0 30 12 39 5 0 0 1 0 0 15 0 0 0 0 0 0 0 0 0 0 0 0 0 0 0 0 0 0 0 4 0 0 0 0 0 0 0 2 0 0 19 0 0 14 0 0 0 24 19 2 0 1 0 0 0 0 0 0 0 0 0 3 0 35 74 17 0 0 1 10 22 24 1 0 30 18 13 17 32 0 20 7 0 0 0 0 0 0 0 0 0 0 0 0 0 0 0 0 0 0 0 0 0 0 10 0 0 0 0 0 0 0 0 0 0 0 0 0 0 0 0 0 0 0 0 0 0 0 0 0 0 0 72 1 0 0 0 0 0 0 1 0 0 2 0 0 0 0 0 11 0 0 0 0 0 0 0 2 0 13 0 0 0 0 0 0 0 0 0 0 0 0 0 
 0 0 0 0 74 30 0 2 0 0 0 0 0 0 0 0 6 0 0 2 251 0 128 158 53 31 601 260 67 274 61 74 371 277 597 247 339 48 72 304 4 2 5 0 0 0 0 0 1 2 0 0 0 1 204 0 62 204 63 1 0 7 0 0 0 0 0 0 0 0 0 3 3 0 2 2 0 0 0 0 0 0 0 14 0 0 0 0 0 0 0 0 0 0 0 0 0 0 0 0 12 1 14 29 18 1 10 0 38 22 10 2 2 5 4 22 0 0 0 1 0 0 0 0 0 0 0 0 0 0 0 0 0 0 0 0 0 0 15 0 0 0 0 0 0 0 0 0 0 0 0 0 0 0 0 19 1 1 0 1 0 0 0 3 1 9 3 0 0 2 3 0 0 0 0 0 0 0 0 0 18 25 12 20 0 0 19 13 12 10 0 15 31 0 37 8 43 19 0 9 0 0 0 0 0 0 2 0 0 0 0 0 0 0 0 1 0 0 2 10 0 1 0 0 0 0 0 0 0 0 0 0 0 0 0 0 0 0 0 0 0 0 0 0 0 0 0 0 0 0 0 0 0 0 15 0 3 0 0 3 12 1 0 0 0 0 0 0 0 0 0 0 0 0 0 0 0 0 0 33 0 27 0 0 0 18 0 0 0 0 
 0 0 0 0 2 0 0 1 0 0 0 0 0 0 0 0 0 0 0 0 368 128 0 208 339 119 105 358 474 178 105 288 52 117 289 87 63 323 227 122 2 3 4 0 0 0 0 1 0 0 0 2 64 3 0 0 0 0 125 0 2 0 0 1 0 0 0 0 0 0 0 3 3 0 0 2 0 0 0 6 0 0 0 0 0 0 0 0 0 0 0 0 0 0 0 0 0 0 0 0 0 30 17 35 13 0 0 25 0 18 16 34 22 0 0 0 11 49 0 12 9 0 0 0 0 0 26 23 0 0 0 0 0 0 9 0 0 0 15 19 0 0 0 0 0 0 9 0 0 0 0 0 0 0 0 0 0 3 0 0 0 66 0 0 28 0 0 0 0 0 17 0 2 0 0 0 0 0 0 0 21 16 17 15 29 14 1 48 5 0 7 14 0 0 9 0 36 0 0 0 0 20 0 0 0 0 0 0 0 0 0 9 25 0 0 0 0 0 24 20 0 1 0 0 0 0 0 0 0 0 0 0 0 0 0 0 0 0 0 0 0 0 1 0 0 0 0 0 0 0 0 0 0 0 11 2 1 75 16 19 0 0 0 0 0 0 0 0 0 0 0 0 0 0 0 0 0 0 0 0 0 0 0 0 0 0 19 0 0 0 
 2 2 2 2 3 2 2 3 2 4 2 4 2 2 2 2 2 2 2 2 575 158 208 0 312 22 178 58 109 87 499 177 41 132 112 231 135 109 156 277 3 3 5 0 0 0 0 0 1 1 0 0 21 2 0 0 0 0 0 63 0 0 0 0 0 0 0 0 0 0 58 3 3 0 0 2 0 1 0 7 0 0 0 0 0 0 0 0 0 0 0 0 0 0 0 0 0 0 0 0 15 34 1 25 12 0 9 5 0 40 16 17 1 26 8 29 11 13 0 10 0 0 0 0 0 0 0 25 0 0 0 0 10 0 3 0 0 0 14 0 0 0 0 0 0 0 5 0 0 0 0 0 0 0 0 0 0 4 0 3 0 0 0 2 1 0 0 0 9 0 0 0 6 0 0 0 0 0 0 0 32 0 24 1 31 2 9 13 12 12 7 10 0 12 0 9 22 10 0 0 0 22 10 0 0 0 2 11 0 0 0 0 20 0 25 1 0 0 28 4 0 12 0 0 0 0 0 0 0 0 0 0 0 0 0 0 0 0 0 0 0 0 0 0 0 0 0 0 0 0 0 0 0 0 8 0 1 0 1 0 3 0 0 0 0 0 0 0 0 0 0 0 0 0 0 0 0 0 0 0 0 6 0 0 0 0 0 0 0 0 
 0 0 0 5 1 206 0 1 0 0 0 0 0 0 3 0 4 0 0 0 235 53 339 312 0 132 263 151 181 158 498 44 92 119 71 146 349 120 54 68 70 121 69 0 1 1 0 0 53 2 0 0 58 129 0 0 0 0 3 61 0 0 0 0 0 0 0 0 0 0 0 3 3 0 0 2 0 0 0 0 0 0 0 0 0 0 0 0 0 0 1 0 0 0 0 0 0 0 0 0 0 11 0 0 14 12 0 6 0 10 12 37 0 16 0 0 28 0 0 0 11 0 0 0 0 0 0 27 0 0 0 0 16 19 1 0 0 0 14 19 0 2 0 0 0 0 0 0 0 0 0 0 0 0 0 0 2 0 0 0 0 0 0 0 0 0 0 0 0 0 0 0 9 0 0 0 0 0 0 0 0 0 0 1 63 13 0 14 0 0 30 11 0 0 0 11 0 4 0 0 8 0 11 15 0 0 32 10 12 0 0 0 70 18 41 0 10 0 43 12 0 0 0 0 0 0 0 0 0 0 0 0 0 0 0 0 0 0 0 0 0 0 0 0 0 0 0 0 0 0 0 1 0 0 8 5 4 41 4 5 0 15 0 0 0 0 0 0 0 0 0 0 0 0 0 0 0 0 0 0 0 19 0 0 0 20 0 0 0 0 
 0 0 0 2 3 0 0 0 0 0 0 74 0 0 0 0 0 0 0 0 38 31 119 22 132 0 57 45 136 104 377 123 65 71 71 82 348 215 252 57 3 3 66 0 0 0 69 0 0 64 0 0 63 58 0 0 0 0 99 121 0 0 0 0 0 0 0 0 1 25 0 3 3 0 34 2 0 40 0 0 0 0 0 0 0 0 0 0 0 0 0 0 0 0 0 2 0 0 0 0 0 0 13 0 10 0 0 0 0 0 7 1 0 1 0 0 20 25 0 0 21 14 10 0 0 0 19 0 0 4 9 0 24 2 1 1 19 1 19 30 0 0 0 0 0 0 0 0 0 0 0 0 0 0 0 0 0 0 0 0 0 3 0 0 0 0 0 0 0 0 0 0 0 0 0 0 0 0 0 0 0 0 62 19 0 45 0 19 0 0 10 6 0 0 0 0 14 10 0 14 33 11 10 14 0 0 28 12 21 28 11 0 39 77 0 22 8 0 0 17 0 0 0 0 0 0 0 0 0 0 0 0 0 0 0 0 0 0 0 0 0 11 0 0 0 0 0 0 0 0 0 0 0 0 7 2 2 119 0 3 0 0 0 0 0 0 0 0 0 0 0 0 0 0 0 0 0 0 0 0 0 0 9 0 0 20 0 0 0 0 
 0 0 0 24 74 140 0 0 0 0 36 146 0 0 0 0 0 0 0 0 98 601 105 178 263 57 0 89 56 117 70 17 153 92 128 257 61 19 117 165 4 3 3 0 63 0 0 0 0 8 5 0 0 2 0 1 0 0 0 2 60 0 38 0 0 0 0 34 0 0 0 3 3 0 3 2 0 0 0 0 0 0 0 14 0 0 0 0 0 4 13 0 17 0 0 15 0 0 0 0 57 25 14 0 1 0 16 14 25 29 0 0 32 12 2 17 0 0 46 7 3 0 15 0 0 0 0 0 0 0 0 0 0 0 0 0 0 0 0 0 0 0 0 0 0 0 0 0 0 0 0 0 0 0 0 0 0 2 0 5 0 0 0 0 32 28 4 0 0 3 2 11 0 0 0 0 0 0 0 0 1 15 18 13 0 0 15 12 40 43 0 0 11 11 30 33 1 5 22 16 0 0 0 0 0 0 0 0 0 0 0 0 0 0 0 0 0 0 0 0 0 13 0 22 0 0 0 0 0 0 0 0 0 0 0 0 0 0 0 0 0 0 0 0 0 0 24 0 0 1 7 0 0 0 12 2 0 0 0 0 32 0 0 0 0 23 0 0 0 0 0 0 0 0 0 0 0 0 0 0 0 0 0 0 0 0 0 0 0 0 
 2 0 1 3 2 29 0 3 1 2 2 79 0 0 2 4 2 0 2 2 222 260 358 58 151 45 89 0 159 41 198 192 78 220 350 51 25 411 264 274 4 3 4 0 0 0 0 0 6 1 0 0 0 2 0 0 0 0 69 0 3 0 0 55 0 40 0 0 0 0 1 3 7 6 0 2 45 0 10 6 0 0 0 1 0 0 0 0 0 3 0 0 0 0 0 0 0 0 0 0 1 12 15 20 30 18 1 7 13 10 1 22 0 14 38 22 0 19 16 2 0 0 0 0 0 0 12 0 0 0 0 0 0 0 0 0 0 0 13 13 0 0 0 0 0 0 0 0 0 0 0 0 1 0 0 23 0 0 0 0 0 5 0 0 20 6 0 0 0 0 0 0 0 0 0 0 0 0 0 0 12 35 21 0 14 30 0 52 14 0 0 14 12 0 6 6 0 68 12 0 0 1 0 0 0 0 0 0 13 0 0 0 8 0 0 0 0 0 35 0 0 0 0 0 0 0 0 0 0 0 0 0 0 0 0 0 0 0 0 0 0 0 0 0 0 0 0 0 0 0 0 0 0 0 17 0 0 0 0 2 4 0 0 0 0 0 8 0 0 0 0 0 0 0 0 0 0 0 0 0 0 0 0 0 0 0 21 0 0 0 
 0 0 1 8 0 2 0 0 0 0 0 0 0 202 1 0 0 0 0 0 42 67 474 109 181 136 56 159 0 163 43 100 87 241 106 81 218 220 103 116 3 4 4 2 0 0 0 0 0 1 0 6 61 65 0 0 0 3 85 0 0 0 0 0 0 0 0 0 0 0 0 3 3 0 0 2 0 0 1 3 0 0 0 0 0 0 0 0 0 0 0 0 0 0 0 0 0 0 0 0 5 4 17 6 8 41 0 11 0 20 7 34 0 1 26 0 68 9 0 0 11 0 0 0 0 0 13 0 0 0 0 0 4 11 0 17 12 0 7 21 0 0 0 0 0 0 0 0 0 0 0 0 0 0 0 0 2 0 0 0 0 3 0 0 0 0 0 0 0 0 0 0 0 0 0 0 0 1 0 0 10 8 41 0 12 27 7 17 1 59 20 12 0 9 0 6 51 10 0 0 0 0 0 0 0 0 30 0 0 0 0 0 30 25 7 12 36 0 25 11 0 0 0 0 0 0 0 0 0 0 0 0 0 0 0 0 0 0 0 0 0 0 12 0 0 2 0 0 0 0 0 0 0 0 12 2 0 48 1 0 0 14 0 0 0 0 9 0 0 0 0 0 0 0 0 0 0 0 0 0 0 26 0 0 0 0 17 0 0 0 
 0 0 0 0 3 26 3 73 0 0 0 4 0 0 0 64 0 2 0 0 112 274 178 87 158 104 117 41 163 0 170 182 46 128 108 139 314 195 77 82 5 10 5 0 0 0 62 0 0 1 0 0 60 56 0 0 0 0 67 64 0 0 0 2 2 0 0 0 0 0 0 3 3 0 3 2 0 1 32 0 0 0 0 0 2 0 0 0 0 0 0 0 0 0 0 4 0 0 0 0 15 12 14 7 0 0 0 0 12 6 0 0 18 7 15 0 21 16 0 0 9 0 10 0 0 2 8 0 0 0 0 0 11 0 0 0 0 0 29 1 0 0 0 0 0 0 0 0 0 0 8 0 10 0 0 0 1 0 0 0 0 0 0 3 0 5 3 0 0 2 0 0 0 0 0 0 2 0 11 0 2 0 35 29 0 30 0 16 57 10 14 0 10 26 6 18 36 18 0 2 0 13 0 0 0 0 0 0 0 1 0 0 28 20 1 0 0 0 11 31 0 0 0 0 0 0 0 0 0 0 2 0 0 0 2 0 0 0 1 16 0 0 0 0 0 0 0 0 0 0 0 0 0 0 12 0 2 164 43 2 12 0 0 0 0 0 0 0 0 0 0 0 0 0 0 0 0 12 0 0 0 1 0 0 0 0 0 0 0 0 
 0 0 0 1 0 1 5 0 0 0 0 2 0 0 0 0 4 0 0 0 118 61 105 499 498 377 70 198 43 170 0 102 35 35 339 148 328 294 83 45 3 64 5 0 0 2 24 0 63 2 0 0 71 124 2 0 2 0 3 76 0 0 0 0 0 0 0 0 0 0 0 3 3 0 0 3 0 0 0 3 0 0 0 0 0 0 0 0 0 0 0 0 0 0 0 0 0 0 0 0 1 10 22 1 11 15 14 10 0 6 65 23 1 10 0 46 14 0 0 0 10 0 0 0 0 0 0 23 12 13 0 0 29 32 21 0 0 0 13 0 1 0 23 0 0 18 0 0 0 0 0 0 0 0 0 0 0 0 0 0 0 0 0 0 0 1 0 0 9 0 0 0 4 0 0 0 0 0 0 0 18 0 13 17 17 10 27 11 1 0 10 0 1 0 1 0 0 1 0 0 14 27 23 4 0 0 14 13 13 0 0 0 63 15 40 48 0 0 15 0 0 0 0 0 0 0 0 0 0 0 0 0 0 0 0 0 0 0 0 0 0 0 0 0 0 0 0 0 0 0 0 0 0 0 21 0 1 1 0 1 4 1 0 0 0 0 0 0 0 0 0 0 0 0 0 0 0 0 0 0 0 21 0 0 0 0 0 0 0 0 
 2 0 0 2 2 0 3 0 0 0 0 0 0 0 0 2 0 0 0 0 132 74 288 177 44 123 17 192 100 182 102 0 42 35 92 244 147 218 284 40 4 4 5 1 0 0 0 0 2 1 0 3 64 30 64 0 62 0 129 0 0 0 0 6 0 0 0 2 0 0 0 3 3 0 3 2 0 0 9 0 0 0 0 0 0 0 0 0 0 0 0 0 0 0 0 0 0 0 0 0 0 14 0 30 24 32 7 0 0 1 17 0 0 33 0 22 0 10 0 0 11 0 7 0 0 0 43 7 0 0 0 0 23 0 16 0 1 0 17 1 0 0 0 1 0 0 0 0 0 0 0 0 0 0 0 0 0 1 0 4 2 1 0 14 0 2 0 0 0 0 0 0 0 2 0 0 0 0 0 0 18 3 27 10 10 28 21 0 23 8 6 6 0 20 0 0 3 0 0 0 0 11 16 0 1 0 0 10 0 0 0 0 18 11 0 0 16 0 30 13 1 9 0 0 0 0 0 0 2 0 0 0 0 0 0 0 0 0 0 0 0 0 0 0 0 0 0 0 0 0 0 1 0 5 18 0 3 76 118 3 0 0 0 0 0 0 4 0 0 0 0 0 0 0 0 0 0 0 0 0 0 17 0 0 0 0 21 0 0 0 
 0 73 77 75 264 18 0 0 74 75 0 75 2 0 75 31 0 151 1 1 122 371 52 41 92 65 153 78 87 46 35 42 0 86 124 97 30 30 170 98 3 3 16 0 0 0 0 2 10 0 0 0 2 6 3 0 0 0 0 4 0 0 0 0 0 0 0 0 0 3 0 55 3 0 2 2 0 2 0 0 0 1 0 21 0 0 0 0 18 3 10 12 0 0 0 0 3 0 0 0 0 0 2 30 0 1 2 1 21 20 0 17 1 19 72 11 0 0 64 0 0 0 0 0 0 0 0 0 0 0 0 0 0 0 0 0 0 0 0 2 24 2 0 0 0 0 0 0 0 0 0 0 0 15 0 0 0 0 0 1 0 0 0 0 0 21 1 0 0 0 11 16 1 0 1 2 11 1 4 0 2 34 13 0 0 0 9 18 8 0 0 10 23 26 0 0 0 14 11 22 0 0 0 0 0 0 0 0 0 0 0 0 0 0 0 0 0 23 0 0 0 0 0 0 0 0 0 0 0 0 0 0 0 0 0 0 0 0 0 0 0 25 0 0 0 0 0 0 0 76 0 0 0 0 13 0 2 0 0 2 2 0 12 0 0 0 0 0 0 0 0 0 0 0 0 0 13 0 0 17 0 0 0 0 0 20 0 0 0 0 
 0 0 0 77 151 62 0 0 4 39 0 73 0 0 0 2 0 102 0 0 506 277 117 132 119 71 92 220 241 128 35 35 86 0 277 134 39 216 470 217 4 3 5 1 2 0 0 1 0 1 8 0 0 2 0 0 0 2 0 2 0 6 0 0 0 0 0 55 8 0 0 4 3 7 0 4 0 0 0 2 0 0 0 0 20 0 0 0 0 8 0 0 0 2 0 0 0 0 0 0 10 15 22 14 0 0 9 5 11 0 2 0 18 19 45 8 9 45 27 24 0 0 0 0 8 0 0 0 0 0 0 0 0 0 0 0 0 0 0 0 0 1 0 0 0 0 5 0 0 0 0 0 0 0 0 0 0 0 0 0 0 0 0 0 29 32 1 0 0 0 0 1 0 0 0 0 0 0 4 0 19 41 6 0 0 0 16 19 0 10 9 9 18 11 24 10 0 27 10 0 0 0 0 0 0 0 0 0 0 0 0 0 0 0 2 0 0 1 0 0 0 0 0 0 0 0 0 0 0 0 0 0 0 0 0 0 0 0 0 0 0 0 0 0 0 0 2 0 0 76 0 0 0 0 4 0 2 1 0 0 0 0 0 0 0 0 0 0 0 1 0 0 0 0 0 0 13 0 0 0 0 0 0 0 0 0 0 0 0 0 
 0 0 0 67 82 77 0 0 0 73 0 75 0 2 0 0 64 0 0 0 211 597 289 112 71 71 128 350 106 108 339 92 124 277 0 200 132 113 280 426 4 2 3 0 0 0 0 1 0 2 0 0 1 1 0 0 0 0 0 2 0 26 0 0 0 0 0 0 0 0 0 3 4 0 0 2 0 0 0 0 0 0 0 2 1 0 0 0 0 11 10 2 0 0 0 0 1 0 0 2 0 21 35 12 0 0 38 0 16 0 13 16 0 21 1 24 13 11 44 10 0 0 0 0 0 0 0 0 0 0 0 0 0 0 0 0 0 0 0 0 21 7 0 0 0 0 0 0 0 0 0 0 3 0 0 0 3 0 34 0 0 0 0 0 17 52 0 0 0 11 0 0 0 0 0 0 0 0 1 0 18 42 14 3 0 0 23 0 52 11 10 0 0 12 56 10 0 8 3 20 0 0 0 0 0 0 0 0 0 0 0 0 0 0 0 0 0 0 0 0 0 0 0 0 0 0 0 0 0 0 1 0 0 0 0 0 0 0 1 0 0 0 0 0 0 0 0 0 0 19 0 0 0 0 14 0 2 2 2 3 4 0 0 0 0 0 0 0 0 0 0 0 0 0 0 0 0 2 0 0 0 20 0 0 0 0 0 0 0 0 
 3 3 3 3 26 62 6 3 210 5 77 3 3 3 3 3 86 3 3 3 165 247 87 231 146 82 257 51 81 139 148 244 97 134 200 0 196 194 324 146 5 2 5 0 0 0 0 0 0 2 0 0 0 1 0 0 0 0 1 1 0 3 0 0 0 0 0 0 0 0 0 3 2 0 0 2 0 0 0 51 0 9 0 10 1 0 0 0 0 0 0 2 0 0 1 0 0 0 0 2 0 14 12 0 9 0 3 0 7 0 6 0 12 27 0 41 36 73 14 37 0 0 0 0 0 5 0 3 0 0 45 0 0 0 0 0 0 0 15 0 0 0 0 0 0 0 9 0 0 0 0 0 0 0 0 0 0 32 0 9 0 0 0 1 17 5 1 0 0 0 0 0 19 0 0 0 1 0 0 0 20 0 24 34 0 19 24 25 18 26 18 12 12 16 12 7 7 29 0 13 0 0 0 0 0 0 0 0 0 0 0 0 0 10 0 0 0 0 3 0 0 0 0 0 0 0 0 0 0 0 1 0 0 0 1 0 0 0 2 0 0 0 0 0 0 0 0 0 0 0 0 0 0 0 10 1 0 2 1 0 12 1 0 0 0 0 0 0 0 0 0 0 0 0 0 0 0 0 0 0 0 19 0 0 0 0 0 0 0 0 
 0 0 0 2 2 73 0 0 0 0 0 72 1 0 0 0 4 0 0 0 45 339 63 135 349 348 61 25 218 314 328 147 30 39 132 196 0 599 122 37 4 4 3 0 0 0 66 0 0 1 0 5 195 69 0 0 1 0 1 3 0 5 51 0 0 1 0 0 0 0 0 3 3 0 0 2 0 0 0 0 0 0 0 0 0 0 0 2 0 0 9 0 0 0 0 0 0 0 0 0 6 33 28 0 11 15 33 0 30 31 9 21 31 14 21 7 32 13 10 0 19 0 2 0 0 0 1 8 1 0 12 0 19 4 2 0 1 0 13 13 0 0 0 0 0 0 0 0 0 0 1 0 0 0 0 0 4 0 0 0 0 0 0 0 0 5 3 0 19 4 0 0 0 0 0 0 0 0 2 0 0 0 37 33 41 36 0 0 15 28 34 0 14 28 24 42 0 5 0 6 0 0 0 1 24 0 12 0 0 0 0 0 32 26 0 0 12 0 25 17 0 0 2 0 0 0 0 0 0 0 0 0 0 0 0 0 0 0 0 0 0 0 1 0 0 0 0 0 0 0 0 0 0 0 8 2 1 91 1 4 14 39 0 0 0 0 0 0 0 0 0 0 0 0 0 0 0 0 0 0 0 19 0 0 0 0 1 0 0 0 
 2 3 3 5 3 3 3 3 4 2 2 2 4 3 2 3 2 3 2 2 50 48 323 109 120 215 19 411 220 195 294 218 30 216 113 194 599 0 21 248 3 2 5 1 2 0 0 0 0 2 0 0 65 1 0 0 0 0 149 0 0 0 0 0 0 0 0 0 0 0 0 3 3 0 0 2 0 0 1 3 0 0 0 0 0 0 0 0 0 0 1 0 0 0 0 0 0 0 0 0 6 1 1 6 9 13 17 5 0 21 70 13 0 15 0 0 7 18 0 0 1 0 0 0 0 0 26 10 0 0 0 0 21 0 0 0 0 0 59 21 0 0 0 0 0 0 0 0 0 0 0 0 0 0 0 0 7 0 0 0 0 5 0 0 0 0 0 0 0 0 0 0 0 0 0 0 0 0 0 0 1 8 21 14 11 15 39 13 12 1 8 17 0 1 0 0 26 9 0 0 0 0 0 0 0 0 8 0 0 0 22 0 42 21 1 10 0 2 29 27 0 0 0 0 0 0 0 0 0 0 0 0 0 0 0 0 0 0 0 0 0 0 0 0 0 0 0 0 0 0 0 0 0 0 5 0 0 146 73 0 1 17 0 0 0 0 8 0 0 0 0 0 0 0 0 0 0 0 0 0 0 22 0 2 0 0 28 0 0 0 
 0 0 0 0 1 147 0 0 0 74 0 25 0 0 80 74 0 29 0 0 209 72 227 156 54 252 117 264 103 77 83 284 170 470 280 324 122 21 0 81 5 3 5 2 2 0 0 83 0 1 0 3 2 23 2 0 0 0 0 3 0 4 0 0 0 0 0 0 0 0 0 5 3 0 0 2 0 2 0 0 0 23 0 1 0 0 0 0 11 19 0 11 0 0 0 1 9 2 0 0 8 49 21 0 2 0 14 0 1 2 12 0 19 75 20 28 9 19 10 10 0 0 0 0 0 0 1 13 0 0 0 0 0 0 0 0 0 0 0 0 0 0 0 0 0 0 0 0 0 0 0 0 0 0 0 0 0 0 0 0 0 0 0 0 6 22 0 0 0 0 0 23 0 0 0 3 0 0 0 0 6 12 31 0 2 0 28 19 0 1 14 0 14 20 7 7 0 19 18 0 0 0 0 0 0 0 0 0 0 0 0 0 0 0 0 0 0 0 0 0 0 0 0 0 0 0 0 0 0 0 0 0 0 0 0 0 0 0 0 0 0 0 0 0 0 0 0 0 0 0 0 0 0 0 18 0 0 76 0 2 2 0 0 0 0 0 0 0 0 0 0 0 0 0 0 20 0 0 0 0 0 13 0 0 0 0 0 0 0 0 
 1 0 0 155 150 0 59 2 0 37 74 2 0 0 1 0 1 80 1 1 304 304 122 277 68 57 165 274 116 82 45 40 98 217 426 146 37 248 81 0 4 2 5 16 0 0 0 0 1 4 2 203 0 1 0 0 0 0 0 1 0 0 0 0 0 0 0 0 0 0 0 3 3 0 2 2 0 0 0 0 0 0 0 4 0 0 0 0 0 0 0 0 0 0 0 0 23 0 0 0 13 0 14 13 0 13 14 11 37 2 0 41 0 18 68 1 10 13 12 0 0 0 0 0 0 0 0 0 0 0 0 0 0 0 0 0 0 0 0 12 0 1 0 0 0 0 0 0 0 0 0 0 15 0 0 0 0 0 0 0 0 0 0 0 4 13 1 13 0 0 13 16 0 0 0 0 0 0 4 0 7 45 15 0 0 0 16 62 0 13 16 11 11 22 16 0 22 20 5 23 0 0 0 0 0 0 2 0 0 0 0 0 0 0 0 0 0 0 0 0 0 0 0 0 0 0 0 0 0 0 0 0 0 0 0 0 0 0 0 0 0 0 0 0 0 0 116 0 0 74 0 0 0 0 14 1 0 1 0 0 5 2 0 0 0 0 0 0 0 0 0 0 0 0 0 0 14 0 0 0 0 0 0 0 0 0 0 0 0 0 
 0 2 0 0 2 2 2 0 2 2 0 0 1 1 0 2 1 0 1 2 4 4 2 3 70 3 4 4 3 5 3 4 3 4 4 5 4 3 5 4 0 156 53 132 23 38 199 328 121 24 61 33 40 272 91 14 200 28 31 96 0 0 0 0 4 8 0 3 3 4 5 3 0 0 0 0 5 0 1 0 0 0 0 0 0 0 0 12 0 0 0 0 0 0 0 0 0 0 0 0 0 0 0 0 0 0 0 0 0 0 0 0 0 0 17 0 0 0 0 0 21 21 7 34 7 0 42 5 6 15 38 23 0 43 18 24 0 4 0 0 0 0 0 6 5 0 19 0 0 0 1 6 15 0 11 0 0 45 0 0 0 0 16 0 0 0 0 0 0 13 0 0 0 0 0 0 0 0 0 0 0 0 0 0 0 0 0 0 0 0 0 0 0 0 0 0 0 0 0 0 4 15 0 2 15 0 0 0 10 20 11 0 0 0 7 0 42 7 0 0 16 0 0 0 12 0 0 9 0 0 3 1 0 0 0 0 0 0 1 0 0 0 0 0 0 1 0 0 0 0 0 9 0 0 0 0 0 1 0 3 0 0 2 0 70 0 0 0 0 0 15 0 0 2 0 0 0 0 0 0 0 0 0 0 0 0 0 0 0 0 
 0 0 0 0 3 0 0 0 0 2 0 0 0 0 0 0 0 0 0 0 3 2 3 3 121 3 3 3 4 10 64 4 3 3 2 2 4 2 3 2 156 0 219 76 40 33 118 180 99 67 56 30 39 287 97 53 92 90 249 497 0 0 0 0 0 0 0 0 5 1 0 0 0 0 0 0 0 3 1 0 0 0 0 0 0 0 0 0 0 0 0 0 0 0 0 0 0 0 0 0 0 0 0 0 0 11 0 0 0 0 0 0 0 0 0 0 0 0 0 0 0 23 5 0 20 15 9 0 53 42 30 44 1 42 0 0 0 28 10 7 6 0 0 0 0 0 4 0 0 0 0 0 21 0 0 0 0 0 12 9 7 0 5 0 0 0 35 1 0 0 0 0 0 3 0 0 0 0 0 0 0 0 0 0 19 11 0 0 0 0 0 0 0 0 0 0 0 1 0 0 23 59 16 19 5 0 11 29 5 28 18 29 10 0 34 0 25 8 0 1 8 0 0 0 0 0 4 0 0 1 0 0 14 0 6 0 0 0 39 0 0 0 0 0 0 0 0 0 0 0 0 2 0 0 0 0 0 0 0 19 9 0 2 13 6 20 2 0 0 0 9 0 0 0 0 0 0 0 0 0 0 0 0 0 9 18 0 0 0 0 
 2 0 1 3 2 4 1 1 0 2 2 5 0 0 1 0 0 0 4 1 5 5 4 5 69 66 3 4 4 5 5 5 16 5 3 5 3 5 5 5 53 219 0 98 42 20 65 197 144 108 58 43 167 193 161 417 101 115 33 120 0 0 0 1 0 0 0 0 0 0 0 0 0 0 0 0 0 0 0 0 0 0 0 0 0 0 0 0 0 0 0 0 0 0 0 0 0 0 0 0 0 0 11 0 0 0 0 0 0 0 0 0 0 0 0 0 0 0 0 0 7 20 0 11 4 0 7 9 30 20 0 0 5 50 23 19 20 23 0 8 0 0 0 0 0 0 0 0 0 0 0 0 0 0 0 0 0 0 0 0 0 0 0 0 0 0 0 0 0 0 0 0 0 0 0 1 0 0 0 0 0 0 0 0 0 0 0 0 0 0 0 0 0 0 0 0 0 0 0 0 39 0 13 11 22 7 11 15 26 0 15 0 0 1 14 10 0 19 0 16 0 0 0 0 0 0 1 0 0 0 0 23 0 0 8 0 0 0 2 0 0 0 0 0 0 0 0 0 0 0 0 8 0 11 0 0 0 0 1 1 0 0 0 0 0 1 0 0 0 0 0 0 0 0 0 0 0 0 0 0 0 0 0 0 5 8 0 0 0 0 
 0 0 0 0 0 0 63 0 0 2 0 0 0 0 0 0 0 0 0 4 0 0 0 0 0 0 0 0 2 0 0 1 0 1 0 0 0 1 2 16 132 76 98 0 234 46 75 100 90 86 205 159 55 108 60 46 50 268 95 56 46 1 2 0 0 0 2 7 6 0 55 0 53 57 0 2 0 2 72 4 0 0 0 0 0 0 0 0 0 0 0 0 0 0 0 0 0 0 0 0 0 0 0 0 0 0 1 0 0 0 0 2 0 0 0 0 0 0 0 0 0 0 14 29 0 34 5 6 20 0 11 19 0 10 0 19 0 11 0 0 10 1 0 0 0 0 0 23 0 0 0 0 0 15 22 9 1 0 4 30 0 0 0 0 0 0 11 0 0 0 0 0 0 9 0 0 0 0 0 0 0 0 0 0 0 0 0 0 0 0 0 0 0 0 0 0 0 0 0 0 0 0 1 14 24 3 0 0 9 1 9 20 0 0 7 0 0 0 0 0 11 0 0 0 0 0 14 43 16 17 0 0 51 6 20 14 17 0 0 16 0 0 0 0 0 0 0 0 0 0 0 0 0 2 0 0 0 0 0 9 0 0 65 1 1 0 1 0 0 0 2 0 0 0 0 0 0 0 0 0 0 0 0 0 0 0 0 19 0 0 
 0 0 0 0 0 0 0 0 0 0 0 0 0 0 0 0 0 0 0 0 0 0 0 0 1 0 63 0 0 0 0 0 0 2 0 0 0 2 2 0 23 40 42 234 0 298 56 80 183 86 176 108 96 85 74 130 42 43 488 79 105 1 0 0 0 0 1 56 4 0 0 0 110 0 1 1 0 57 56 0 0 0 0 0 0 0 0 0 0 0 0 0 0 0 0 0 0 0 0 0 0 0 0 0 0 0 0 0 0 0 0 0 0 0 0 0 0 0 0 0 0 0 0 0 0 8 0 0 0 0 0 32 0 0 0 17 0 0 0 0 13 6 7 0 0 0 2 21 25 0 5 0 33 0 49 5 0 11 12 0 0 0 0 0 0 0 0 3 0 0 0 0 0 0 0 0 0 0 0 0 0 0 0 0 0 0 0 0 0 0 0 0 0 0 0 0 0 0 0 0 0 0 8 0 10 24 0 0 0 1 0 60 0 0 0 21 0 7 0 0 7 8 20 4 0 0 11 13 18 3 1 0 15 10 0 20 46 0 6 6 0 0 0 0 0 0 0 0 0 0 0 5 0 0 0 0 0 0 0 1 0 0 39 2 0 10 3 4 0 0 25 0 0 0 0 0 0 0 0 0 0 0 0 0 0 0 0 0 0 0 
 0 0 0 0 0 0 2 0 0 62 0 0 0 0 0 0 0 0 0 0 0 0 0 0 1 0 0 0 0 0 2 0 0 0 0 0 0 0 0 0 38 33 20 46 298 0 77 43 353 41 129 419 28 46 52 306 68 48 46 97 22 1 0 1 0 0 22 51 7 0 0 2 0 0 38 1 0 23 3 103 0 7 0 0 0 13 0 0 0 0 0 0 0 0 0 0 0 0 0 0 0 0 0 0 0 0 0 0 0 0 0 0 0 0 0 0 0 0 0 0 0 0 20 0 0 42 0 0 0 0 0 23 0 0 0 27 0 0 10 0 12 20 14 0 0 0 11 17 13 5 3 0 25 13 65 0 0 9 47 0 0 0 0 0 0 0 0 1 0 0 0 0 0 0 0 0 0 0 0 0 0 0 0 0 0 0 0 0 0 7 0 0 0 0 0 0 0 0 0 0 0 0 0 10 9 28 0 0 0 29 0 31 0 0 0 0 18 15 0 0 20 29 35 2 0 0 26 0 13 9 9 0 20 15 0 15 29 0 32 41 0 0 0 0 0 0 0 0 0 0 0 0 0 0 0 0 0 0 0 1 0 0 4 0 2 8 1 62 1 0 16 0 0 7 0 0 0 0 0 0 0 0 0 0 0 0 0 0 1 0 
 0 0 0 1 0 0 1 0 0 0 0 9 0 0 0 0 0 0 0 0 0 0 0 0 0 69 0 0 0 62 24 0 0 0 0 0 66 0 0 0 199 118 65 75 56 77 0 59 46 107 41 78 64 113 39 118 78 139 249 102 0 0 0 0 7 16 0 0 0 2 7 5 0 0 0 0 1 0 0 2 0 0 0 0 0 0 0 0 0 0 0 0 0 0 0 0 0 0 0 0 0 0 14 0 0 24 0 0 0 0 0 0 0 0 0 0 13 0 0 0 31 26 2 2 26 0 0 0 0 33 26 17 14 32 0 0 1 44 0 0 2 0 0 0 0 0 6 0 0 0 0 0 12 0 0 0 0 2 0 0 6 0 2 0 0 0 0 0 0 0 0 0 0 2 0 0 0 0 0 0 0 0 0 0 0 0 0 0 0 0 8 0 0 0 0 0 0 0 0 0 7 30 0 0 0 0 0 0 0 10 29 0 0 26 44 15 39 24 0 21 7 0 0 0 3 0 0 0 0 0 0 0 0 0 0 0 0 0 11 0 0 0 0 0 0 2 0 0 1 0 0 2 2 0 0 0 0 0 0 11 0 0 0 37 6 26 0 0 0 0 0 0 0 0 2 4 0 0 0 0 0 0 0 0 9 34 0 0 0 0 
 0 0 3 1 1 0 0 0 0 1 117 0 0 0 0 0 61 1 0 0 1 0 1 0 0 0 0 0 0 0 0 0 2 1 1 0 0 0 83 0 328 180 197 100 80 43 59 0 74 107 102 26 79 106 198 93 70 30 45 56 0 0 0 0 0 0 1 0 0 0 0 9 0 3 0 0 0 0 4 2 11 0 0 14 0 8 0 0 0 20 0 12 0 0 0 0 0 0 0 0 0 0 0 0 0 15 0 0 0 4 0 0 0 0 0 0 0 0 0 9 16 24 19 0 14 18 29 0 0 10 20 11 0 11 16 27 11 5 0 0 2 0 0 17 0 0 12 0 0 0 0 0 1 0 0 0 0 18 0 40 0 0 0 0 0 0 0 0 0 0 0 0 0 0 0 0 0 0 0 0 0 0 0 0 9 6 0 0 0 0 0 0 0 0 0 0 0 0 8 0 20 10 0 0 0 10 14 15 28 20 0 3 0 0 10 10 25 0 0 15 5 26 0 0 0 0 0 0 31 0 0 0 7 6 0 0 0 0 10 23 0 0 19 0 0 0 0 0 0 1 0 0 0 0 0 0 0 0 0 0 0 0 0 0 0 6 0 65 0 0 10 0 0 0 0 0 0 0 0 0 0 0 0 0 0 0 0 0 0 0 
 1 29 7 3 1 12 3 2 12 4 1 1 3 3 0 7 1 3 1 1 0 1 0 1 53 0 0 6 0 0 63 2 10 0 0 0 0 0 0 1 121 99 144 90 183 353 46 74 0 175 185 308 73 121 81 107 51 108 70 73 0 0 0 0 0 0 0 0 2 4 206 0 52 0 0 0 0 0 0 0 0 0 0 8 0 0 0 0 0 0 6 7 0 0 0 0 0 0 0 0 0 0 0 0 0 0 0 2 0 0 0 0 1 0 0 0 0 0 6 0 0 0 3 20 1 19 0 0 46 10 19 16 0 16 0 40 0 11 0 7 0 0 0 0 0 0 3 0 21 0 0 0 4 0 7 0 0 0 0 0 3 0 4 0 0 0 0 38 0 0 8 0 0 28 0 1 13 0 0 0 0 22 0 0 12 0 0 0 0 0 0 0 0 4 0 0 0 0 0 2 0 0 16 27 0 31 12 14 6 17 0 16 11 0 13 7 0 18 0 0 7 0 0 0 0 0 2 0 0 0 0 0 11 0 0 1 0 0 3 0 0 7 0 0 0 0 0 0 0 0 0 0 0 12 0 0 0 0 0 2 0 0 72 0 3 0 2 0 1 0 0 0 0 0 0 0 0 0 0 0 0 0 0 0 0 0 0 20 0 0 
 0 0 1 4 0 2 0 0 0 0 2 0 0 0 0 0 0 0 2 6 1 2 0 1 2 64 8 1 1 1 2 1 0 1 2 2 1 2 1 4 24 67 108 86 86 41 107 107 175 0 83 147 115 371 217 159 74 446 293 172 0 2 0 0 0 12 0 0 0 0 0 0 0 0 0 0 0 0 0 0 0 0 0 0 0 0 0 0 0 0 0 0 0 0 0 18 0 0 10 0 2 0 0 0 1 0 0 2 19 5 0 0 2 0 0 0 0 0 0 0 13 28 0 7 14 0 0 0 11 57 37 0 11 10 25 7 19 39 0 0 0 0 0 0 0 0 0 0 0 0 0 0 10 0 0 1 0 0 0 0 6 0 2 0 4 2 0 0 0 0 3 5 0 2 0 0 4 0 0 0 1 0 0 0 0 0 0 0 0 0 0 0 0 1 2 0 0 0 3 3 19 0 0 0 0 11 2 10 5 14 62 48 0 7 70 18 0 14 0 21 0 0 0 0 0 0 0 0 1 0 0 0 11 0 7 0 0 0 10 0 0 0 0 0 0 0 4 0 0 0 0 0 0 1 0 0 0 0 0 13 0 12 32 38 1 24 2 0 0 0 0 0 0 0 0 0 0 14 0 0 0 0 0 0 0 8 0 0 2 0 
 0 0 1 5 0 0 0 6 4 0 3 0 0 0 0 0 0 0 0 0 2 0 0 0 0 0 5 0 0 0 0 0 0 8 0 0 0 0 0 2 61 56 58 205 176 129 41 102 185 83 0 181 34 53 125 65 127 104 263 62 47 0 0 0 2 0 2 26 3 0 0 6 103 53 2 0 1 0 47 4 0 0 0 0 0 0 0 0 0 0 0 0 0 0 0 0 0 0 0 0 6 0 2 0 0 0 0 0 3 0 0 0 0 0 2 0 0 3 0 0 0 0 20 25 1 12 0 0 3 0 21 0 0 0 0 12 1 0 0 0 0 6 0 0 0 0 15 0 1 0 0 0 19 0 0 19 0 0 9 21 0 0 0 0 0 2 0 0 0 0 0 0 0 0 0 0 1 0 0 8 0 3 0 0 0 0 0 6 0 0 0 8 4 1 4 0 0 2 0 1 0 0 0 41 0 4 0 0 0 23 7 9 0 0 0 0 4 0 0 0 0 4 0 0 0 0 23 0 54 0 0 5 9 10 21 34 7 0 12 7 0 0 10 0 0 0 5 0 0 0 0 72 0 1 0 0 0 0 0 6 0 0 64 0 0 70 0 39 0 0 0 0 0 0 0 0 0 0 0 0 0 0 0 0 0 0 0 21 2 0 
 5 3 3 8 5 3 3 3 3 3 3 3 3 3 3 3 7 3 3 3 0 0 2 0 0 0 0 0 6 0 0 3 0 0 0 0 5 0 3 203 33 30 43 159 108 419 78 26 308 147 181 0 32 34 34 184 302 97 31 37 18 0 0 0 0 6 0 1 0 0 0 0 50 51 0 0 0 0 20 0 0 0 0 0 0 0 0 0 0 0 0 0 0 0 0 0 0 0 0 0 0 3 0 0 0 1 0 0 0 0 0 26 0 0 0 0 12 0 0 0 16 9 17 18 5 46 0 0 8 0 8 7 13 5 0 17 0 12 0 0 0 0 0 0 8 0 2 0 14 0 0 0 1 0 11 29 0 0 0 8 0 16 0 0 0 0 0 3 0 0 0 0 0 0 0 0 0 0 0 0 0 0 0 0 6 8 0 0 0 7 1 0 0 0 0 2 5 0 0 0 1 0 0 10 8 15 7 0 0 1 10 13 3 10 1 10 9 42 0 7 53 0 0 0 0 18 9 10 19 0 0 0 14 0 5 11 0 0 0 0 0 0 9 0 0 0 0 0 0 0 0 5 0 0 0 0 0 0 1 1 0 0 66 2 1 3 4 2 0 0 0 0 0 13 0 0 0 0 0 0 0 0 0 0 0 28 0 10 2 0 
 0 0 0 17 0 0 0 0 0 0 0 2 0 0 0 0 0 0 0 0 0 0 64 21 58 63 0 0 61 60 71 64 2 0 1 0 195 65 2 0 40 39 167 55 96 28 64 79 73 115 34 32 0 288 166 38 43 36 165 76 0 0 0 0 0 0 0 51 4 0 0 0 0 0 0 0 10 0 0 6 0 0 0 0 0 0 0 0 0 0 0 0 0 0 0 0 0 15 0 0 0 0 0 0 24 4 0 0 0 27 7 13 0 0 0 0 9 0 0 0 18 38 0 0 0 0 0 28 0 0 0 0 17 0 59 0 33 10 7 7 0 0 0 0 0 0 1 0 0 0 0 0 0 0 0 0 0 0 0 0 0 0 0 0 0 0 0 0 0 0 0 0 0 0 0 0 0 0 0 0 0 0 0 6 30 0 0 0 0 0 7 0 0 0 0 0 14 10 0 0 0 32 22 0 1 0 15 20 15 0 0 0 65 8 0 0 20 0 9 24 9 0 0 0 0 0 0 0 0 0 0 0 0 0 0 0 0 0 0 0 0 0 0 0 0 0 0 0 0 26 0 5 0 2 0 0 0 23 23 1 0 21 1 0 3 2 0 0 0 0 0 0 0 0 0 0 0 0 0 0 0 9 0 0 10 0 0 0 1 0 
 3 1 3 5 4 4 12 3 2 21 3 8 5 4 13 2 14 11 6 3 2 1 3 2 129 58 2 2 65 56 124 30 6 2 1 1 69 1 23 1 272 287 193 108 85 46 113 106 121 371 53 34 288 0 219 319 133 22 518 426 0 0 0 0 0 0 0 0 0 0 0 0 0 0 0 0 0 0 0 1 0 5 0 0 0 0 1 1 0 0 0 3 0 0 0 0 0 5 0 0 0 0 0 0 9 7 0 0 0 28 0 0 0 0 0 0 8 0 0 2 42 12 6 0 0 0 0 0 12 0 0 0 10 16 20 0 10 15 0 35 0 0 0 0 10 0 1 0 0 0 0 3 0 0 0 0 0 0 0 0 15 4 0 2 0 0 0 0 1 1 0 0 4 0 0 9 0 0 0 0 0 0 0 0 9 0 0 0 0 0 9 0 0 0 0 0 1 7 0 0 0 54 31 8 1 0 13 19 15 0 0 0 20 7 5 0 18 0 0 30 1 0 0 0 0 0 0 1 0 0 0 0 0 0 0 0 0 0 0 0 0 0 0 0 0 0 0 0 0 17 0 2 68 1 0 0 0 61 66 0 0 0 1 0 1 1 1 0 0 0 0 0 0 0 0 0 0 0 0 0 0 0 0 0 9 0 0 11 2 0 
 2 3 3 3 2 3 5 3 3 2 2 2 3 64 2 3 2 3 2 64 0 204 0 0 0 0 0 0 0 0 2 64 3 0 0 0 0 0 2 0 91 97 161 60 74 52 39 198 81 217 125 34 166 219 0 205 81 83 138 324 0 0 0 0 0 1 0 0 1 0 0 20 0 0 0 0 0 0 0 0 0 0 0 0 0 0 0 0 0 0 0 0 0 0 0 0 0 0 0 0 0 0 0 0 4 4 0 0 0 0 0 0 0 0 0 0 0 0 0 0 7 54 17 1 22 22 0 0 5 3 0 0 0 0 77 10 67 21 0 0 0 0 0 0 0 0 15 1 0 0 0 0 1 0 0 0 0 0 9 0 0 0 0 0 0 0 0 0 0 0 0 0 0 0 0 0 0 0 0 0 0 0 0 0 0 0 0 0 0 0 0 0 0 0 0 0 0 0 0 0 0 0 22 0 20 19 9 18 27 19 0 7 0 0 0 17 48 9 0 25 0 23 0 0 0 0 0 0 12 0 0 0 0 1 3 0 0 0 21 0 0 0 7 0 0 0 0 0 0 0 0 31 0 0 0 0 0 0 23 0 0 0 1 0 1 1 0 63 3 0 0 0 0 0 0 0 0 0 0 0 0 0 0 0 0 0 0 0 0 0 
 3 3 3 65 3 3 3 5 14 3 3 3 3 3 3 3 9 3 3 3 0 0 0 0 0 0 1 0 0 0 0 0 0 0 0 0 0 0 0 0 14 53 417 46 130 306 118 93 107 159 65 184 38 319 205 0 74 172 40 97 0 0 0 0 51 8 0 0 0 0 0 0 50 0 0 0 0 0 0 0 0 0 0 0 0 0 0 0 0 0 0 0 0 0 0 0 0 0 0 0 0 0 0 0 0 0 0 0 0 0 0 0 0 0 0 0 0 0 0 0 8 27 0 25 45 17 0 18 45 23 17 27 0 0 14 0 38 44 0 0 0 0 1 0 0 0 19 0 0 0 3 1 19 0 11 0 0 0 30 13 6 0 4 0 0 0 0 6 0 0 0 0 0 3 0 0 0 0 0 0 0 0 0 0 0 0 0 0 0 0 0 0 0 0 0 0 0 1 0 0 1 19 9 16 27 42 0 0 21 7 18 15 0 0 0 12 0 20 0 29 1 0 0 0 0 0 4 0 0 0 0 0 8 1 19 0 1 0 34 0 0 0 0 0 0 0 0 0 0 27 0 7 0 2 0 0 0 0 0 1 0 0 0 1 2 9 0 1 1 0 0 0 0 0 0 0 0 0 0 0 0 0 0 0 20 0 0 0 1 0 
 0 0 0 4 0 0 2 0 0 1 0 0 0 0 0 7 2 0 0 0 54 62 0 0 0 0 0 0 0 0 2 62 0 0 0 0 1 0 0 0 200 92 101 50 42 68 78 70 51 74 127 302 43 133 81 74 0 308 66 251 0 3 0 0 52 0 6 0 1 0 0 8 8 6 0 4 0 0 8 4 0 0 0 0 0 0 0 0 12 0 0 0 0 0 0 0 0 0 0 0 0 0 0 0 1 0 0 0 0 0 0 0 0 0 0 0 0 0 0 0 9 4 64 12 35 52 24 8 0 8 12 61 16 0 6 38 20 16 0 0 9 8 0 3 0 0 38 11 0 0 6 3 9 5 17 0 3 0 0 0 0 0 0 0 0 0 0 0 0 0 0 0 0 0 0 0 0 0 0 0 0 0 0 0 0 0 0 0 0 0 0 0 0 0 0 0 0 0 0 0 16 38 10 0 19 19 0 1 11 43 10 0 0 0 0 0 40 3 0 0 31 22 0 0 0 0 0 0 18 0 0 0 0 1 0 0 0 0 21 15 0 0 4 0 0 0 0 0 0 0 0 10 0 0 0 0 0 0 1 10 0 0 1 1 51 0 4 61 0 0 11 0 0 0 0 0 0 0 0 0 0 0 0 0 9 16 0 0 0 0 
 0 0 0 8 2 0 0 0 0 0 0 1 0 0 0 0 0 0 0 2 0 204 0 0 0 0 0 0 3 0 0 0 0 2 0 0 0 0 0 0 28 90 115 268 43 48 139 30 108 446 104 97 36 22 83 172 308 0 49 44 0 0 0 0 0 9 4 5 0 0 0 2 7 10 0 0 3 0 6 6 0 0 0 0 0 0 0 0 0 0 0 0 0 0 0 0 0 0 0 0 0 0 0 0 0 0 0 0 0 0 0 0 0 0 0 0 0 0 0 0 11 108 13 28 13 10 0 0 18 17 74 1 10 0 11 29 9 15 0 0 8 9 0 0 0 0 3 4 3 0 0 0 20 2 4 0 2 0 0 69 15 0 5 0 0 0 0 0 0 0 0 0 0 5 0 0 0 0 0 0 0 0 0 0 0 0 0 0 0 0 0 0 0 0 0 0 0 0 0 0 23 0 0 14 11 10 0 0 0 0 3 12 0 11 0 21 0 21 0 19 19 0 6 0 0 0 0 14 0 0 0 0 29 4 39 0 0 0 4 24 0 0 0 0 0 0 0 0 0 0 0 0 0 0 0 0 0 0 0 0 0 0 3 62 2 3 2 2 0 0 0 0 0 0 0 0 0 0 0 0 0 0 0 0 0 11 0 19 0 0 
 0 0 0 1 1 102 3 0 0 0 0 2 2 0 0 0 60 0 0 3 9 63 125 0 3 99 0 69 85 67 3 129 0 0 0 1 1 149 0 0 31 249 33 95 488 46 249 45 70 293 263 31 165 518 138 40 66 49 0 108 0 0 0 3 0 0 0 0 0 2 0 1 0 0 0 4 0 0 0 9 5 5 0 0 10 0 0 0 45 0 0 0 0 19 0 0 7 8 0 0 8 0 13 5 33 18 26 0 0 27 11 0 0 1 10 0 8 23 0 5 0 0 0 0 0 0 32 1 0 0 0 0 0 0 1 0 10 0 32 8 0 0 0 0 0 0 0 0 0 0 0 0 0 0 0 0 25 0 0 0 0 5 12 4 0 15 0 0 0 1 0 0 5 0 3 8 0 7 0 5 6 19 27 62 0 58 0 13 0 0 3 18 0 0 0 0 34 1 0 0 0 0 1 0 0 1 19 10 0 0 0 0 20 24 0 12 13 0 19 10 0 0 0 0 0 0 1 0 0 0 0 0 0 0 0 0 0 0 0 0 0 0 0 0 0 0 0 0 0 0 0 4 0 0 1 0 0 38 62 0 0 23 0 0 0 3 13 0 0 0 0 0 0 0 0 0 0 0 0 0 0 10 0 0 0 0 4 0 2 0 
 1 2 2 8 5 3 2 2 2 2 1 5 2 2 2 2 3 2 3 1 1 1 0 63 61 121 2 0 0 64 76 0 4 2 2 1 3 0 3 1 96 497 120 56 79 97 102 56 73 172 62 37 76 426 324 97 251 44 108 0 0 0 0 0 0 8 0 0 0 0 1 8 54 0 0 0 73 0 0 0 0 0 0 0 0 0 0 0 0 0 0 0 0 0 0 0 0 0 0 0 0 0 0 0 9 13 0 0 0 0 0 0 0 0 0 0 10 0 0 0 30 3 1 0 0 0 0 0 0 18 7 0 40 13 0 15 0 13 0 6 3 0 0 0 1 2 0 0 0 0 0 0 0 0 0 0 0 1 0 0 0 0 0 0 0 0 0 0 0 0 0 0 0 0 0 0 0 0 0 0 0 0 0 0 0 1 0 0 0 0 7 0 0 0 0 0 0 0 0 0 27 10 11 11 0 0 24 0 0 0 9 0 0 20 21 10 0 0 0 0 0 0 0 0 1 3 0 0 0 0 0 0 0 0 0 0 0 0 0 0 0 0 0 0 0 0 0 0 0 2 0 6 0 0 0 0 0 0 0 0 0 0 0 0 2 4 2 0 2 0 0 0 0 0 0 5 0 0 0 0 0 0 0 0 0 14 0 0 0 1 
 0 0 0 0 0 0 0 0 0 0 0 0 0 0 0 0 0 3 0 0 0 0 2 0 0 0 60 3 0 0 0 0 0 0 0 0 0 0 0 0 0 0 0 46 105 22 0 0 0 0 47 18 0 0 0 0 0 0 0 0 0 68 158 119 35 40 148 137 161 53 36 49 99 313 106 49 81 76 48 198 0 0 0 0 0 0 0 0 0 0 0 0 0 0 0 0 0 0 0 0 0 0 0 0 0 0 0 0 0 0 0 0 0 0 8 0 0 0 0 0 0 9 4 0 0 7 0 0 0 0 0 0 0 0 0 0 0 0 0 0 0 19 0 0 0 0 0 19 19 14 0 20 0 21 10 49 15 8 8 0 0 0 0 0 0 0 0 0 0 0 0 0 0 0 0 0 0 0 0 0 1 0 1 1 0 0 1 0 0 0 0 1 1 0 1 0 0 0 1 0 0 0 0 0 1 0 0 0 0 0 0 6 0 0 0 0 0 0 0 0 0 15 11 1 0 1 21 4 6 15 13 0 0 15 0 18 12 6 13 14 0 0 0 0 0 0 0 0 0 0 0 0 0 0 7 0 0 0 0 0 0 0 52 0 0 0 15 0 0 0 9 0 0 10 0 0 0 0 0 0 0 0 0 0 0 0 0 0 0 0 
