 0 336 116 192 253 38 363 390 75 154 21 55 278 239 333 126 200 50 298 256 0 0 2 0 0 1 0 0 0 0 2 5 0 2 5 3 0 0 2 2 2 0 0 0 0 0 3 0 0 3 0 0 0 0 3 0 0 0 0 0 0 0 0 0 2 0 0 0 0 0 0 0 0 0 0 0 0 4 0 2 24 36 25 37 11 0 0 0 25 0 9 0 59 17 24 0 18 28 2 30 0 0 0 0 0 0 2 0 0 0 0 0 0 13 0 0 2 0 0 0 0 9 0 0 1 0 0 0 0 1 0 0 0 0 0 1 0 2 0 0 0 0 0 0 14 8 0 0 0 0 0 0 0 0 0 0 5 10 0 0 16 0 8 0 0 0 10 15 14 0 0 11 1 33 14 56 1 21 1 28 1 0 0 0 0 0 0 0 0 0 0 0 0 10 0 0 0 0 0 0 17 0 0 0 0 0 0 0 0 0 0 0 0 0 0 0 0 0 0 0 0 0 0 0 0 0 0 0 0 0 0 0 0 0 10 0 0 0 0 0 0 1 0 0 0 2 0 0 90 2 0 6 10 0 0 0 0 0 0 0 0 0 0 0 0 0 0 0 0 0 0 0 0 0 0 0 18 0 0 0 0 0 0 0 0 0 0 0 0 0 
 336 0 409 324 240 43 168 78 74 258 133 139 64 240 137 219 341 67 32 35 3 0 0 0 1 0 0 0 0 0 3 3 43 0 4 3 2 0 84 78 2 0 0 0 0 0 6 0 0 3 0 0 0 0 3 1 0 0 0 0 1 0 0 0 2 0 10 0 0 0 0 0 0 0 0 1 6 1 1 5 21 15 16 1 21 13 0 0 0 19 26 16 13 42 18 1 0 47 0 0 0 2 0 0 0 1 0 20 0 0 0 0 0 0 14 0 0 0 0 13 0 0 1 0 0 0 0 0 0 0 0 0 0 0 0 0 0 0 0 0 0 0 0 0 0 0 2 0 0 0 0 0 0 0 0 0 0 0 0 0 0 10 25 26 19 10 10 25 14 0 55 24 0 0 10 19 14 35 0 0 0 0 1 0 0 0 23 14 0 0 0 0 0 0 0 0 0 0 0 18 0 0 0 0 0 0 0 0 0 0 0 0 0 0 0 0 0 0 0 0 0 0 1 0 0 0 0 0 0 0 0 0 0 0 0 0 0 0 0 0 0 0 0 0 1 1 18 0 2 87 1 3 0 0 0 0 0 0 0 0 0 0 0 0 0 0 0 2 0 0 0 0 0 0 0 28 0 1 0 0 0 0 0 0 0 0 0 0 0 2 
 116 409 0 91 32 249 133 82 70 49 126 60 59 367 60 271 59 179 232 145 281 0 0 2 2 0 0 0 3 0 5 2 0 0 7 19 0 0 2 21 0 14 0 0 4 9 5 0 2 0 0 2 0 0 0 0 0 0 0 0 1 4 0 2 0 0 0 0 0 0 3 0 2 0 0 5 0 5 0 0 25 1 0 0 10 0 0 25 24 24 0 10 0 20 41 10 8 42 0 1 1 9 0 0 0 0 0 19 0 0 2 0 9 10 0 0 0 0 0 15 0 0 20 0 0 0 0 0 0 3 0 0 52 0 0 0 0 0 0 0 0 0 0 0 0 0 0 0 0 0 0 0 0 0 0 0 0 0 0 2 0 12 21 0 0 0 0 0 10 0 0 0 9 16 0 0 0 0 0 7 0 0 18 0 0 0 11 0 0 0 0 0 0 17 0 0 0 11 19 6 1 0 0 0 0 0 0 0 0 0 0 0 0 0 0 0 0 0 0 2 1 0 0 0 0 0 0 0 0 0 0 0 0 0 0 0 0 0 0 0 0 0 0 0 0 0 88 0 2 0 1 16 0 0 2 0 0 0 0 0 0 0 0 0 0 0 0 0 0 0 0 0 0 2 0 0 1 1 0 0 0 0 0 0 0 0 0 0 0 9 
 192 324 91 0 83 32 257 244 406 264 279 560 263 97 351 256 235 389 183 157 0 0 0 0 1 0 0 83 3 0 3 3 1 74 3 3 0 2 2 40 2 0 0 0 0 0 3 0 3 3 0 0 0 0 3 0 0 0 0 0 0 0 0 47 0 0 0 51 0 0 0 0 0 2 0 0 0 1 0 3 17 0 19 47 24 51 0 0 1 23 11 4 4 19 0 18 0 10 0 16 0 0 1 0 0 0 0 1 0 2 0 0 39 0 14 0 0 0 0 15 0 1 0 0 0 0 0 0 0 0 0 0 0 0 0 0 0 0 0 0 0 0 0 0 0 0 0 0 0 0 6 0 0 0 1 2 0 0 0 0 12 41 26 57 11 14 2 6 6 0 7 19 0 0 19 18 88 78 0 0 28 0 0 0 0 21 2 0 0 0 0 0 0 1 0 0 0 0 0 15 0 0 0 0 0 0 0 0 0 0 0 0 0 0 0 0 18 0 0 0 0 0 8 0 0 1 22 0 0 0 0 0 0 0 0 0 0 0 0 0 0 0 0 0 0 0 3 2 2 10 0 16 9 0 0 0 1 0 0 0 0 0 0 0 0 0 0 0 0 0 0 0 0 0 0 15 0 26 0 0 0 0 0 0 0 0 0 0 0 0 
 253 240 32 83 0 275 457 46 331 163 157 273 73 174 177 214 54 42 255 278 0 92 57 0 0 0 3 2 76 0 4 4 78 81 5 4 78 0 19 4 2 4 0 69 0 0 3 0 10 3 0 0 0 0 5 0 0 0 0 0 0 0 0 0 1 0 0 0 0 0 0 0 0 0 0 0 0 0 0 3 0 15 17 0 36 19 14 0 0 0 41 14 0 0 0 0 0 7 0 0 24 0 15 0 0 0 0 9 0 27 12 10 0 0 33 24 11 4 11 0 0 0 0 0 0 0 0 0 0 0 22 0 0 0 0 0 0 0 0 0 0 2 0 0 0 0 0 0 0 0 0 35 0 2 0 0 0 0 0 0 0 0 3 14 0 38 0 29 0 0 13 9 0 2 0 2 1 13 0 0 38 1 2 0 2 0 16 27 9 0 0 0 54 13 8 8 15 32 1 0 0 0 0 2 0 0 0 0 0 0 0 0 0 0 0 13 0 7 0 0 0 0 0 0 0 0 0 0 0 0 0 0 0 1 0 0 0 0 0 0 0 0 0 0 0 3 3 1 7 53 0 2 0 0 0 0 0 0 0 0 0 11 0 0 0 0 0 0 0 0 0 0 0 0 0 6 19 0 0 0 0 0 0 0 0 0 0 0 0 0 
 38 43 249 32 275 0 38 47 98 141 238 60 33 165 254 167 69 69 46 50 119 79 2 2 1 2 72 2 0 0 5 80 20 22 79 80 13 0 2 5 2 0 2 67 3 3 9 2 0 5 0 0 0 0 3 3 0 0 0 0 0 0 3 0 3 0 0 0 29 0 6 0 7 0 0 0 4 2 3 5 0 0 28 0 17 0 14 0 0 10 19 7 0 0 0 0 0 0 0 20 11 8 9 10 0 0 1 14 0 11 16 10 0 12 10 15 1 9 41 9 0 0 0 0 0 0 0 0 0 0 0 0 0 0 0 16 0 0 0 0 0 0 0 0 0 0 0 0 32 0 0 0 0 0 0 0 0 0 0 0 0 0 0 0 10 10 0 0 0 10 0 0 0 0 0 0 0 0 0 0 16 29 21 0 0 0 0 10 34 0 35 0 44 0 12 34 29 31 1 0 0 0 0 16 0 0 15 0 0 0 0 0 0 0 0 0 0 0 0 0 0 0 0 5 0 0 0 0 0 0 0 0 0 0 0 0 0 0 0 0 0 0 0 0 0 1 6 6 0 45 0 6 0 0 0 0 0 0 0 0 0 0 0 0 0 0 0 0 0 0 0 0 0 0 0 0 26 0 0 0 0 0 0 0 0 15 0 0 0 0 
 363 168 133 257 457 38 0 160 47 327 464 148 316 188 273 118 115 37 369 227 0 0 0 0 1 0 1 0 0 0 4 3 0 0 3 3 2 0 1 2 2 27 0 0 0 0 11 0 0 3 0 0 0 0 3 0 0 0 0 142 0 0 0 0 0 0 0 0 0 0 0 0 0 0 0 0 0 23 0 3 1 10 19 27 14 0 16 34 20 13 12 0 10 31 30 2 0 10 13 37 0 1 0 0 0 2 0 0 0 0 0 0 0 0 0 0 0 0 0 0 0 0 2 0 0 0 0 0 0 0 0 0 0 0 0 0 0 0 0 0 0 0 1 0 0 0 1 0 0 0 1 0 0 0 0 0 5 2 0 0 20 15 27 0 0 0 24 2 22 1 0 0 0 22 16 44 48 1 19 14 0 0 0 0 0 0 0 0 0 0 18 0 0 0 0 0 0 0 0 0 0 0 0 0 0 0 1 0 0 0 1 0 0 0 0 0 0 0 0 0 0 0 2 0 0 0 0 0 0 0 0 0 0 0 1 0 0 0 0 0 0 0 0 0 2 2 0 0 2 88 2 6 3 0 0 0 0 0 0 0 0 0 0 0 0 0 0 0 0 0 0 0 0 0 0 0 0 0 0 0 0 0 0 0 0 0 0 0 0 0 
 390 78 82 244 46 47 160 0 101 54 39 226 222 287 173 64 23 38 51 133 0 0 0 2 0 0 0 0 2 0 5 4 0 0 5 3 0 0 1 2 2 0 0 0 1 0 3 0 0 3 0 0 0 0 3 0 0 0 0 0 0 0 0 0 2 0 0 0 0 0 0 0 0 0 0 0 0 30 0 3 1 1 28 41 0 0 0 10 24 3 0 0 10 14 12 12 21 0 18 21 0 0 0 0 0 0 0 0 0 0 0 0 0 0 0 0 0 1 0 0 0 0 0 0 0 0 0 2 10 0 0 0 0 0 0 0 0 0 0 0 0 0 0 1 0 0 0 0 0 6 2 0 0 0 0 0 0 0 0 0 62 41 14 15 0 16 0 10 0 9 0 14 0 31 26 23 21 6 0 25 0 0 0 0 0 0 0 15 0 0 1 0 0 0 0 0 0 0 3 0 0 0 0 0 0 0 0 0 0 0 0 0 0 0 0 0 0 0 0 0 0 0 18 0 10 0 0 0 0 1 0 0 0 0 0 0 0 0 0 0 0 0 0 0 0 0 2 0 90 85 0 10 11 0 0 0 0 0 0 0 0 0 0 0 0 0 0 0 0 0 0 0 0 0 0 0 9 10 0 0 0 0 0 0 0 0 0 0 0 0 
 75 74 70 406 331 98 47 101 0 260 131 121 76 308 90 254 129 173 78 152 1 0 0 0 1 0 0 0 0 0 4 3 35 0 3 77 0 0 79 2 2 0 5 63 0 0 3 0 0 3 0 0 0 0 5 0 0 0 0 0 0 0 36 0 0 0 0 0 0 0 0 0 0 0 0 0 0 2 0 41 0 32 22 75 21 29 46 12 34 0 21 40 11 16 0 14 20 13 0 0 0 0 0 0 0 0 0 0 0 0 0 10 14 0 49 0 0 2 8 19 0 0 0 0 0 0 0 1 1 0 0 0 0 0 0 0 0 0 0 0 0 0 0 0 0 0 0 0 0 0 5 0 0 0 0 0 0 0 0 0 0 11 13 26 14 9 11 17 24 32 41 45 0 0 24 6 16 38 0 1 20 0 2 0 0 0 0 0 0 0 2 1 0 0 0 0 0 0 31 23 0 2 0 0 0 0 0 0 1 0 0 0 0 0 0 0 0 0 0 0 0 0 0 0 0 0 0 0 0 0 0 0 0 0 0 0 0 0 0 0 0 15 0 0 0 2 89 0 0 98 0 23 0 0 0 0 0 0 0 0 0 0 0 0 0 0 0 0 0 0 0 0 0 0 0 8 11 0 0 0 0 0 0 0 0 0 0 0 0 0 
 154 258 49 264 163 141 327 54 260 0 189 143 50 304 121 164 303 96 94 285 75 1 1 0 1 0 0 1 1 0 4 3 42 0 3 3 0 0 78 5 2 0 101 0 0 0 3 0 0 75 0 0 0 6 3 0 2 0 0 0 0 1 0 0 0 0 0 0 0 0 0 0 0 0 0 0 0 11 0 4 11 15 1 33 24 26 4 0 0 10 2 42 0 0 0 13 3 19 0 27 0 0 0 0 0 0 19 13 0 0 0 0 0 0 14 0 0 0 20 13 0 2 0 0 0 0 0 0 0 0 0 0 0 0 0 0 0 0 0 0 0 0 0 13 0 0 0 0 0 2 1 0 0 1 2 0 0 0 0 0 14 13 22 28 23 10 0 0 14 14 41 10 0 0 1 14 16 15 0 21 25 0 0 0 0 0 1 1 0 0 0 0 0 0 0 0 0 0 15 30 0 0 0 0 0 0 0 0 0 0 0 0 1 0 0 0 0 0 0 0 0 0 0 0 0 1 0 0 0 0 0 0 0 0 0 0 0 0 0 0 0 12 0 0 0 2 88 0 4 170 2 11 12 0 0 0 0 0 0 0 0 0 65 0 0 0 0 0 0 0 0 0 0 0 0 10 22 11 0 0 0 0 0 0 0 0 0 0 0 0 
 21 133 126 279 157 238 464 39 131 189 0 149 42 55 287 413 175 265 45 61 2 73 0 0 1 0 3 0 0 0 3 3 41 0 3 3 0 0 76 152 2 0 0 29 0 0 3 0 0 3 0 0 0 0 3 0 0 0 0 0 0 0 0 0 0 0 0 0 0 0 0 0 0 0 0 0 0 0 0 3 0 0 9 21 16 0 19 0 15 15 14 24 0 2 0 0 3 23 0 0 0 29 0 0 0 0 10 10 0 0 3 9 15 0 26 10 0 0 19 14 0 0 0 0 0 0 0 0 2 2 0 0 0 0 0 0 0 0 0 0 0 0 0 0 0 0 0 0 0 0 0 0 0 0 0 0 0 0 0 0 0 0 15 10 4 13 0 7 21 0 37 29 0 0 11 0 11 10 0 0 15 5 15 0 0 0 19 21 12 0 0 2 0 0 0 0 0 5 49 10 0 0 0 0 0 0 0 0 2 0 0 0 0 0 0 0 0 0 0 13 0 0 0 0 0 0 0 0 0 0 0 0 0 0 0 0 0 0 0 0 0 4 0 0 0 0 167 0 2 86 0 0 0 0 0 0 0 0 0 0 0 0 0 0 0 0 0 0 0 0 0 0 0 0 0 13 20 2 0 0 0 0 0 0 0 0 0 0 0 0 
 55 139 60 560 273 60 148 226 121 143 149 0 39 332 141 175 377 135 234 28 0 77 3 0 3 0 74 23 2 0 5 5 3 99 5 5 0 0 3 77 2 0 0 1 0 0 3 0 0 3 0 0 1 0 3 0 6 0 0 0 0 0 0 0 1 0 0 0 0 0 0 0 0 0 0 0 0 12 0 3 14 17 0 49 0 32 1 1 0 0 0 0 14 23 0 16 44 0 0 1 0 0 30 0 0 0 0 1 0 9 0 0 11 18 4 0 0 1 0 11 0 0 0 0 0 0 0 1 0 0 0 0 0 0 0 9 0 0 0 0 0 0 0 0 0 0 0 0 0 0 24 0 0 0 0 0 0 0 15 0 5 16 11 20 14 10 10 6 18 14 30 2 0 0 20 39 34 58 0 22 20 1 1 0 0 0 58 19 0 0 1 0 51 20 17 10 21 21 0 18 0 0 0 0 0 0 0 0 0 0 0 0 15 0 0 0 0 0 0 0 0 0 0 0 0 0 0 0 0 1 0 0 0 0 0 0 0 0 0 0 0 0 0 0 0 0 5 0 4 7 0 13 9 0 0 0 0 0 0 0 0 0 0 0 0 0 0 0 0 0 0 0 0 0 0 0 0 10 0 0 0 0 0 0 0 0 0 0 0 0 
 278 64 59 263 73 33 316 222 76 50 42 39 0 180 468 258 38 45 633 254 0 0 0 0 1 0 0 1 0 0 37 3 1 0 4 3 0 2 2 2 2 0 0 2 0 0 3 0 0 3 0 3 0 0 3 1 0 0 0 0 0 0 0 33 1 0 0 0 0 0 0 0 0 0 0 0 0 0 0 3 0 14 12 0 0 0 21 17 21 0 0 0 21 15 31 23 7 0 49 1 0 0 0 0 5 0 0 0 0 0 0 0 0 0 0 0 0 0 0 0 0 0 0 0 0 0 0 0 0 0 0 0 0 0 0 0 0 0 0 0 0 0 0 0 0 0 0 0 0 0 0 0 0 0 0 0 0 0 0 0 23 23 2 0 0 17 0 11 0 0 0 13 0 0 20 15 0 0 22 28 0 0 0 0 0 0 0 0 0 0 0 0 0 0 0 0 0 0 1 0 0 0 0 0 0 0 0 0 0 0 0 0 0 0 0 0 0 0 0 0 0 8 0 0 0 0 0 0 0 0 0 0 0 0 0 0 0 0 0 0 0 0 0 0 0 0 0 0 95 0 0 8 0 0 0 0 0 0 0 0 0 0 0 0 0 0 0 0 0 0 10 0 0 0 0 0 8 0 0 0 0 0 0 0 0 0 0 0 0 0 
 239 240 367 97 174 165 188 287 308 304 55 332 180 0 426 182 209 142 291 175 204 1 0 0 203 0 0 0 0 0 6 3 0 0 4 3 0 0 6 2 2 0 0 0 0 0 3 0 0 3 0 0 0 0 3 0 0 0 0 0 0 0 0 0 0 0 0 0 0 0 0 0 0 0 0 0 0 3 0 54 41 25 41 0 12 11 13 10 35 3 28 9 31 46 13 15 1 0 0 19 0 0 0 1 0 0 0 0 0 0 0 0 0 0 0 1 0 0 0 0 6 0 1 0 0 0 0 0 0 0 0 0 0 0 0 0 0 0 0 0 2 0 1 0 2 0 0 1 4 0 0 0 0 0 0 0 0 2 0 0 0 20 19 10 0 0 21 48 11 0 10 26 13 0 43 11 9 18 7 39 0 0 0 0 0 0 0 0 0 0 0 0 0 0 0 0 0 0 0 0 0 0 0 12 0 0 1 0 0 0 1 0 0 0 0 0 0 0 0 0 0 0 0 0 0 0 0 0 0 0 15 0 0 0 0 0 0 0 0 0 0 0 0 0 2 2 1 0 5 2 2 10 2 0 0 0 0 0 0 0 0 0 0 0 0 0 0 0 0 2 0 0 0 0 0 46 15 0 0 0 0 0 0 0 0 0 0 0 0 0 
 333 137 60 351 177 254 273 173 90 121 287 141 468 426 0 91 55 128 219 208 1 0 0 2 0 0 0 0 2 0 5 3 23 0 3 3 0 0 0 2 2 0 0 0 0 3 3 0 0 3 0 0 0 0 3 0 0 0 0 0 0 0 0 0 2 2 0 0 0 0 0 0 0 0 0 0 2 0 0 2 25 6 29 0 12 0 11 20 17 0 10 0 60 29 33 20 15 0 16 0 0 0 0 0 0 0 2 0 0 0 0 0 0 0 0 0 2 0 0 0 0 0 0 0 2 0 0 0 0 0 0 0 0 0 0 1 0 1 0 0 0 0 0 0 5 7 0 0 0 0 0 47 0 0 0 0 6 0 0 0 6 0 11 0 0 1 12 22 11 15 0 10 0 35 16 90 28 12 11 0 0 0 0 12 0 0 0 0 0 0 0 0 0 0 0 0 0 0 28 0 0 0 0 0 18 0 0 0 0 0 0 0 2 0 0 0 13 52 0 0 0 0 0 0 0 0 0 0 0 0 0 0 0 0 0 0 0 0 0 0 0 2 0 0 0 1 1 1 10 0 2 5 0 0 0 0 0 0 0 0 0 0 0 0 0 0 0 0 0 0 0 0 0 30 0 0 18 0 0 0 0 0 0 1 0 0 0 0 0 1 
 126 219 271 256 214 167 118 64 254 164 413 175 258 182 91 0 387 232 113 369 0 0 0 0 1 0 0 0 0 0 3 3 73 0 3 4 0 0 2 78 2 0 0 27 0 0 3 0 0 3 0 0 0 0 3 0 0 0 0 0 0 45 2 0 0 0 0 0 0 0 0 0 7 0 0 0 0 0 0 5 8 23 26 28 19 0 0 1 0 0 28 25 12 9 0 7 31 37 0 0 0 14 0 0 0 0 0 0 1 0 0 8 10 0 26 10 0 0 14 28 0 0 0 0 0 0 0 0 0 0 0 0 0 0 0 0 0 0 0 0 0 0 0 0 0 0 0 0 0 0 3 0 0 0 0 0 0 0 2 0 9 12 6 41 16 23 11 30 15 10 15 15 0 0 7 9 19 52 0 0 31 0 13 0 0 0 0 1 0 0 0 0 0 0 0 1 0 0 14 1 0 0 0 0 0 0 0 0 0 0 0 0 0 0 0 0 0 0 0 0 0 0 0 0 0 0 0 2 0 0 0 0 0 0 0 0 0 0 0 0 0 0 0 0 0 0 1 0 1 85 1 21 0 0 0 0 0 0 0 0 0 0 0 0 0 0 0 0 0 0 0 0 0 0 0 11 14 11 0 0 0 0 0 0 0 0 0 0 0 0 
 200 341 59 235 54 69 115 23 129 303 175 377 38 209 55 387 0 68 28 30 90 3 0 6 3 0 0 0 0 3 4 12 41 14 3 5 0 2 75 2 2 2 0 0 24 0 8 0 6 11 8 0 0 0 4 3 0 0 0 6 9 0 0 0 6 0 0 0 0 0 9 0 0 0 0 0 7 0 0 5 1 31 0 33 24 73 20 10 43 0 10 12 17 17 14 13 1 28 0 10 0 0 0 0 0 0 17 0 0 0 0 0 14 0 14 0 2 0 9 19 0 0 0 0 0 0 0 0 0 1 0 0 0 0 0 1 0 2 0 0 0 0 0 0 0 0 0 0 0 0 1 0 0 0 0 0 3 0 0 0 0 25 14 27 14 10 18 3 25 12 47 26 0 22 26 0 14 11 4 0 1 0 0 0 0 0 0 0 0 0 0 0 0 1 0 0 0 0 13 54 0 0 0 0 0 0 0 0 0 0 0 0 0 0 0 0 0 0 0 0 0 0 0 0 0 0 0 0 0 0 0 0 0 0 0 0 0 0 0 0 0 14 0 0 0 3 86 0 1 86 0 7 0 0 0 0 0 0 0 0 0 0 0 0 0 0 0 0 0 0 0 0 0 0 0 7 0 0 0 0 0 0 0 0 0 0 0 0 0 0 
 50 67 179 389 42 69 37 38 173 96 265 135 45 142 128 232 68 0 30 69 19 1 0 2 0 0 3 0 2 0 4 3 27 2 4 3 0 0 165 76 2 0 0 7 0 1 3 67 0 3 0 1 0 0 4 0 0 0 0 0 0 2 0 0 2 0 0 0 0 0 0 1 0 0 2 0 0 0 3 2 32 0 11 0 16 1 0 21 13 16 14 23 10 25 7 0 28 32 0 1 0 0 0 0 0 0 21 0 0 0 0 0 14 73 16 0 0 1 0 51 0 0 0 0 0 0 0 2 2 0 0 0 0 0 0 0 0 0 0 0 0 0 0 0 0 0 0 0 0 0 0 0 0 14 0 0 0 0 0 0 0 0 0 43 26 19 9 6 37 10 17 0 0 0 8 0 10 29 0 0 7 23 0 0 0 0 13 6 0 0 1 2 0 12 0 0 0 0 14 6 0 1 0 0 0 0 0 0 3 0 0 0 0 0 0 0 0 0 0 0 0 0 0 0 0 0 0 0 0 0 0 0 0 0 0 0 0 0 0 0 0 0 0 0 0 0 1 0 1 4 0 12 0 2 2 0 0 0 0 0 0 0 0 0 0 1 0 0 0 0 0 0 0 0 0 0 0 0 0 0 0 0 0 0 0 0 0 0 0 0 
 298 32 232 183 255 46 369 51 78 94 45 234 633 291 219 113 28 30 0 194 3 0 0 0 4 0 0 3 0 1 5 3 0 3 4 3 0 2 3 2 2 2 2 0 0 0 5 0 2 3 0 62 0 3 3 0 0 0 0 2 0 0 0 0 0 0 0 0 2 0 0 0 0 3 2 0 0 0 0 44 20 21 25 0 2 0 41 25 41 3 5 0 38 43 18 30 25 16 43 18 0 0 0 0 0 0 0 0 0 0 0 0 0 0 0 0 0 0 0 0 0 0 0 0 0 0 0 0 0 0 0 0 0 0 0 0 0 0 0 0 0 0 0 0 0 0 0 0 0 0 0 0 0 0 0 0 0 0 0 8 0 0 5 0 0 1 37 27 35 9 0 0 0 0 33 2 1 32 14 0 0 0 0 0 0 0 0 0 0 0 0 0 0 0 0 0 0 0 0 0 0 0 0 0 0 0 0 0 0 0 0 0 0 0 0 0 0 0 0 0 0 0 0 0 0 0 0 0 0 0 0 0 0 0 0 0 20 0 0 0 0 0 0 0 0 0 2 0 1 0 2 0 1 2 0 0 0 0 0 0 0 0 0 0 0 0 0 0 0 0 0 0 0 0 3 0 0 0 0 0 0 0 0 0 0 0 0 0 0 0 
 256 35 145 157 278 50 227 133 152 285 61 28 254 175 208 369 30 69 194 0 0 0 0 0 1 27 0 0 0 0 4 3 0 0 5 3 0 0 1 2 2 0 0 0 0 0 5 0 0 3 0 0 0 0 3 0 0 0 0 0 0 0 0 0 0 3 0 0 0 0 0 0 0 0 0 0 0 6 0 3 22 9 16 36 19 0 0 0 18 0 40 2 45 50 18 18 14 14 43 25 0 0 0 0 0 0 0 0 0 0 0 0 0 0 1 0 0 1 0 0 0 0 0 0 0 0 0 2 2 0 0 0 0 0 0 0 0 0 0 0 0 0 0 0 1 6 0 0 0 0 0 0 0 0 0 0 11 0 0 0 17 13 15 0 0 0 24 17 14 0 0 1 14 0 25 45 0 21 9 29 0 0 0 0 0 0 0 0 0 0 1 2 6 0 0 0 0 0 0 0 0 1 0 0 0 0 0 0 2 11 0 0 0 0 0 10 0 10 0 0 0 0 0 0 0 0 0 0 0 0 0 0 0 0 0 0 0 0 8 0 0 0 0 0 0 3 1 0 0 4 0 14 10 0 0 0 0 0 0 0 0 0 0 0 0 0 0 0 0 0 0 0 0 0 0 0 0 0 0 0 0 0 0 0 0 0 0 0 0 0 
 0 3 281 0 0 119 0 0 1 75 2 0 0 204 1 0 90 19 3 0 0 90 152 265 471 33 86 245 116 116 111 472 130 90 59 183 186 38 108 193 3 0 2 1 3 2 0 2 0 0 0 0 0 4 7 3 0 0 0 0 0 0 0 0 1 0 0 3 3 3 4 3 0 3 3 3 0 0 0 3 0 7 2 0 0 2 0 0 0 0 15 15 0 0 0 1 1 16 1 0 11 0 2 10 29 9 37 22 0 15 10 13 62 22 2 16 13 0 30 10 0 0 0 0 0 0 27 0 0 1 0 0 17 18 0 0 0 16 0 11 0 0 0 0 0 0 0 0 3 0 0 0 17 0 0 0 0 0 0 0 0 0 2 7 13 0 0 0 0 7 0 0 0 0 0 0 0 0 5 0 9 49 25 38 31 20 32 14 1 0 29 0 46 67 0 0 26 11 14 23 0 0 0 0 0 0 0 1 0 0 0 0 0 0 0 0 0 0 31 0 0 0 2 0 0 0 0 0 1 0 0 0 0 0 0 0 0 0 0 0 0 14 1 0 0 0 2 0 0 0 0 0 0 0 2 0 0 2 1 0 2 0 11 0 0 0 2 0 0 0 0 0 0 0 0 0 1 0 0 0 0 0 0 0 0 5 0 0 0 0 
 0 0 0 0 92 79 0 0 0 1 73 77 0 1 0 0 3 1 0 0 90 0 89 61 38 41 187 180 79 35 19 251 197 195 346 198 185 59 37 36 3 0 2 1 4 3 0 3 3 0 0 0 0 0 3 2 0 0 33 0 0 1 28 0 0 2 0 0 0 3 0 2 0 8 2 3 3 32 0 0 1 0 0 0 0 16 0 0 0 0 0 0 0 0 0 0 0 0 0 0 10 30 30 13 0 1 9 38 8 2 45 0 21 1 36 27 11 0 44 14 0 13 0 0 0 0 0 0 2 0 0 0 14 0 0 0 0 0 0 12 0 0 0 0 0 0 0 0 0 0 0 0 15 0 0 0 0 0 0 0 0 0 0 1 0 0 0 0 0 0 0 0 0 0 0 0 0 0 4 0 0 19 1 22 11 17 7 6 33 6 15 3 18 16 1 29 64 15 11 13 0 0 0 0 13 0 0 0 0 0 0 0 0 0 0 0 0 0 34 0 0 0 0 0 0 0 0 0 0 0 0 0 0 0 0 0 0 0 0 0 0 0 7 0 0 0 0 0 0 0 0 0 0 0 7 0 1 0 2 0 2 2 0 0 2 0 0 1 0 0 0 0 0 0 0 0 0 0 0 0 0 0 0 0 0 0 0 0 0 0 
 2 0 0 0 57 2 0 0 0 1 0 3 0 0 0 0 0 0 0 0 152 89 0 159 101 336 90 203 366 121 137 144 156 140 427 106 248 259 107 37 3 1 2 1 3 2 70 2 4 0 0 0 67 0 4 3 2 0 64 0 0 0 0 0 0 0 0 3 2 3 2 3 0 3 2 3 0 0 0 1 0 0 0 0 0 0 0 0 0 0 0 0 0 0 0 0 0 0 0 0 31 11 9 12 0 8 0 29 0 20 15 28 9 0 9 16 24 15 0 0 0 0 0 0 0 0 19 15 0 0 0 0 15 0 0 0 0 0 10 11 0 0 9 0 0 3 0 0 0 0 0 26 16 0 0 0 0 0 0 0 0 0 0 4 0 7 0 0 0 0 0 0 0 0 0 0 0 0 4 0 0 10 14 9 0 35 52 0 1 21 11 0 11 27 9 0 0 11 0 1 0 1 0 0 0 0 31 0 0 0 0 0 0 14 0 0 0 0 29 0 0 0 0 0 0 0 0 0 0 0 0 0 0 0 0 0 0 0 0 0 0 0 0 0 0 0 0 0 0 0 0 0 0 0 0 0 0 80 1 3 1 0 1 0 0 0 0 0 0 0 0 0 0 0 50 0 0 0 0 0 0 21 0 0 0 0 0 0 0 0 
 0 0 2 0 0 2 0 2 0 0 0 0 0 0 2 0 6 2 0 0 265 61 159 0 182 120 107 63 134 476 112 738 84 279 66 30 131 305 97 39 129 1 4 0 3 52 67 4 0 0 0 0 1 131 91 2 6 0 120 180 0 0 0 0 0 76 0 0 0 3 0 2 0 3 2 3 0 0 0 0 0 0 0 0 0 0 0 0 0 0 0 0 0 0 0 0 0 0 0 0 0 0 0 0 66 2 0 0 18 15 0 10 0 0 0 11 0 23 0 0 30 33 0 2 0 0 23 48 0 0 0 0 0 0 0 13 11 0 7 1 0 0 6 0 0 0 0 0 0 0 0 0 0 2 0 0 0 0 0 0 2 0 0 2 0 0 3 0 0 0 0 0 0 0 1 0 12 5 0 2 0 0 0 0 31 11 0 0 0 1 24 67 0 0 0 0 0 1 2 0 20 38 0 0 0 0 2 48 43 0 0 0 3 0 6 63 11 0 22 19 0 0 0 0 0 0 0 0 0 0 0 0 0 0 0 0 0 0 0 0 0 0 11 0 0 0 0 0 0 0 0 0 0 0 4 2 2 6 77 2 0 1 0 0 0 0 0 0 0 0 0 0 0 0 0 0 0 0 0 0 0 1 0 12 0 0 0 0 0 0 
 0 1 2 1 0 1 1 0 1 1 1 3 1 203 0 1 3 0 4 1 471 38 101 182 0 246 268 63 180 316 328 379 80 290 225 263 341 274 285 70 3 0 2 0 3 3 66 2 0 0 0 0 71 0 3 2 0 0 8 0 0 0 0 0 13 0 0 2 2 3 3 2 0 3 2 3 0 0 0 1 0 0 0 0 0 0 0 1 0 0 1 0 0 2 0 0 0 0 0 0 14 17 21 11 10 13 19 14 9 14 8 10 0 9 0 10 33 8 2 12 0 0 0 0 0 0 22 20 0 0 0 0 13 13 0 0 0 0 18 9 0 0 19 0 0 1 0 0 0 0 1 30 14 0 2 0 0 0 0 0 0 0 0 0 0 0 0 0 0 0 0 0 0 0 0 0 0 0 2 0 0 0 8 33 10 13 0 0 7 18 1 0 0 0 0 12 29 0 0 0 0 0 0 0 0 0 24 0 0 1 0 0 8 11 0 2 0 2 39 0 0 0 0 0 0 0 0 0 1 0 0 0 0 0 0 0 0 0 0 2 0 0 2 0 0 2 0 0 0 0 0 0 0 0 3 2 0 125 5 0 6 0 0 0 0 0 0 0 0 0 0 0 0 0 0 0 0 0 0 3 0 13 0 0 0 0 8 0 0 0 
 1 0 0 0 0 2 0 0 0 0 0 0 0 0 0 0 0 0 0 27 33 41 336 120 246 0 35 31 117 213 117 255 239 46 46 74 150 76 70 38 69 0 2 0 3 11 62 2 0 0 0 0 91 88 67 2 1 9 119 62 0 0 0 55 3 0 0 1 1 3 1 2 0 3 2 3 0 0 0 0 0 0 0 0 0 0 0 0 0 0 0 0 0 0 0 0 0 0 0 0 0 0 0 11 17 8 0 0 0 11 0 20 0 0 0 13 8 19 0 0 0 3 0 0 0 0 38 30 0 0 9 0 22 0 0 0 0 0 10 24 0 0 6 0 0 9 0 0 0 0 0 0 0 0 0 0 0 0 0 0 0 0 5 0 0 0 17 0 0 3 0 0 0 0 0 0 0 6 0 0 0 0 1 0 0 0 0 0 0 8 11 45 0 0 1 0 0 0 0 0 28 0 0 0 0 0 14 29 0 0 0 0 28 22 3 20 0 0 0 0 0 0 0 0 0 0 0 0 0 0 0 0 0 0 0 0 0 0 0 0 0 0 0 0 0 0 0 0 0 0 0 0 0 0 4 0 6 76 6 1 14 0 0 0 0 0 0 0 0 0 0 0 0 0 0 0 0 0 0 0 0 0 16 0 0 0 12 0 0 0 
 0 0 0 0 3 72 1 0 0 0 3 74 0 0 0 0 0 3 0 0 86 187 90 107 268 35 0 114 167 256 127 56 320 415 134 466 312 184 301 129 3 0 2 2 4 3 59 2 61 0 88 2 0 0 3 2 0 1 0 0 0 0 0 0 0 0 0 2 2 3 0 2 0 9 2 3 14 0 0 1 0 0 0 0 0 42 0 0 0 0 0 0 0 0 0 0 0 0 0 2 26 40 16 24 14 0 40 14 14 0 18 1 0 51 17 0 34 2 15 0 0 0 0 0 0 0 0 0 0 0 2 0 0 15 0 0 0 0 0 1 0 0 0 0 0 0 1 0 0 0 0 0 0 0 0 0 0 0 1 0 0 0 0 23 0 0 1 0 0 0 0 0 0 0 0 0 0 0 8 0 2 0 8 25 0 23 19 29 37 21 11 0 21 0 18 22 38 20 1 0 0 0 0 0 0 0 0 0 0 0 0 0 0 0 2 0 0 0 42 0 0 0 0 4 0 0 0 0 0 0 0 0 0 0 0 0 0 0 0 0 0 0 0 0 0 0 0 0 0 0 0 0 0 0 4 0 2 6 0 3 4 0 0 0 0 0 0 0 0 0 0 0 0 0 0 0 0 0 0 6 0 19 0 0 0 5 0 0 0 0 
 0 0 0 83 2 2 0 0 0 1 0 23 1 0 0 0 0 0 3 0 245 180 203 63 63 31 114 0 131 199 33 44 294 103 61 497 167 270 143 386 3 0 4 2 66 3 0 2 5 0 0 0 0 8 22 2 0 0 0 0 0 0 0 0 0 0 0 1 1 3 0 2 0 3 2 3 0 0 0 0 0 4 0 12 0 40 0 0 0 0 0 0 0 0 0 0 0 0 0 0 0 0 32 12 17 50 13 23 22 25 12 0 29 0 1 22 9 18 15 0 0 0 0 16 0 0 0 2 0 0 0 0 40 0 0 0 0 0 0 8 0 0 3 0 0 0 1 0 0 0 0 0 12 0 0 0 0 0 0 0 0 0 0 31 14 8 0 0 0 5 0 0 0 0 0 0 0 0 3 0 73 13 8 21 11 7 30 0 2 13 10 35 3 47 0 12 0 22 0 37 0 0 0 0 0 0 0 0 0 0 0 0 13 18 0 0 0 0 23 0 0 0 0 0 0 0 0 0 0 0 0 0 0 1 0 0 0 0 0 0 0 9 0 0 0 0 0 0 0 0 0 0 0 0 5 0 2 1 3 0 2 0 14 0 0 0 6 0 0 0 0 0 0 0 0 0 0 0 0 0 0 0 0 0 0 0 0 0 0 0 
 0 0 3 3 76 0 0 2 0 1 0 2 0 0 2 0 0 2 0 0 116 79 366 134 180 117 167 131 0 225 202 213 171 113 167 139 247 515 186 39 5 0 2 0 43 3 75 4 8 3 0 48 68 0 4 2 2 0 2 0 2 0 0 6 5 0 0 57 1 3 13 2 4 3 2 9 0 0 0 2 0 0 1 0 0 0 0 0 0 0 0 0 0 0 0 0 0 0 2 0 5 6 1 32 8 20 0 0 8 26 8 11 0 8 10 11 52 13 0 0 0 0 0 0 0 0 20 22 0 0 0 0 22 19 0 0 0 0 11 0 0 0 8 2 0 2 0 0 0 0 0 12 12 0 0 0 0 0 0 0 0 0 0 1 0 0 0 0 0 3 0 0 0 23 0 0 0 0 0 0 0 0 27 19 8 14 23 0 15 11 37 1 15 11 32 0 9 10 0 1 0 0 0 0 0 0 47 2 0 0 0 0 0 0 0 0 0 0 21 0 0 0 1 0 0 0 0 0 0 8 0 0 0 0 0 0 0 0 0 0 0 0 2 0 0 0 0 0 0 0 0 0 0 0 3 0 0 158 13 0 1 0 0 0 0 0 1 0 0 0 0 0 0 0 0 0 2 0 0 11 0 12 0 0 0 1 0 0 0 0 
 0 0 0 0 0 0 0 0 0 0 0 0 0 0 0 0 3 0 1 0 116 35 121 476 316 213 256 199 225 0 279 47 77 164 244 111 60 216 286 50 4 0 2 0 3 3 0 3 0 0 0 0 63 48 68 2 6 3 90 0 0 62 1 0 0 0 0 0 0 3 3 2 0 3 2 3 0 2 0 0 0 0 0 0 0 0 0 0 0 0 0 0 0 0 0 0 0 0 0 2 22 6 10 6 29 31 0 18 16 50 0 28 0 0 0 18 12 49 0 0 0 11 0 0 0 0 13 21 0 0 3 0 0 0 0 0 0 0 0 0 0 0 5 0 0 0 0 0 0 0 0 0 0 0 0 0 0 0 0 0 0 0 0 0 0 0 4 0 0 1 0 0 0 0 0 0 9 8 0 0 0 0 22 0 6 0 3 0 0 0 21 23 0 5 7 0 11 13 0 0 12 0 0 0 0 0 28 1 1 0 0 0 50 12 0 20 0 0 2 0 0 0 0 0 0 0 0 0 0 0 0 0 0 26 0 0 0 0 0 0 0 0 0 0 0 0 0 0 0 0 0 0 0 0 4 2 2 78 4 0 18 0 0 0 0 0 0 0 0 0 0 0 0 0 0 0 0 0 0 0 0 0 0 0 0 0 0 0 0 0 
 2 3 5 3 4 5 4 5 4 4 3 5 37 6 5 3 4 4 5 4 111 19 137 112 328 117 127 33 202 279 0 228 35 104 199 96 73 229 128 48 9 0 45 0 3 7 4 3 0 3 0 0 63 6 6 2 4 6 3 0 0 0 1 0 10 50 0 0 0 3 4 2 7 3 2 3 0 0 2 0 0 0 0 0 0 0 0 0 0 0 0 0 0 0 0 1 0 0 0 0 18 11 0 13 5 32 0 0 14 8 1 10 0 0 0 4 44 34 0 0 0 0 0 2 0 0 3 0 0 0 0 0 1 17 0 0 0 0 0 14 0 0 1 0 0 0 0 0 0 0 0 0 0 0 0 0 0 0 0 1 0 0 0 0 0 0 0 0 0 3 0 0 0 0 0 1 0 0 0 0 0 15 14 21 6 24 0 0 8 1 9 6 0 0 22 0 7 1 0 1 2 0 0 0 0 0 14 0 0 0 0 0 15 7 0 0 0 0 0 0 0 0 0 1 0 0 0 0 0 0 0 0 0 0 0 0 0 0 0 0 0 0 0 0 0 0 1 0 8 0 0 0 0 0 11 0 0 152 148 0 18 0 0 0 0 0 0 0 0 0 0 0 0 0 0 0 0 0 0 10 0 0 0 0 2 0 15 0 0 0 
 5 3 2 3 4 80 3 4 3 3 3 5 3 3 3 3 12 3 3 3 472 251 144 738 379 255 56 44 213 47 228 0 34 249 171 107 287 174 43 41 65 0 64 0 3 23 23 2 62 0 0 0 31 64 65 2 0 0 66 83 0 0 0 0 0 0 4 1 1 3 0 2 0 3 2 3 0 0 0 0 0 0 0 0 0 0 0 0 0 0 0 0 0 0 0 0 5 0 0 0 25 9 31 0 66 10 19 0 11 0 14 37 0 10 0 0 31 0 0 0 6 20 0 0 0 0 1 2 11 10 0 0 12 1 0 62 0 0 19 0 0 0 0 0 0 0 0 0 0 0 0 5 0 0 0 0 0 0 0 0 0 0 0 0 0 0 1 0 0 0 0 0 0 0 0 0 0 2 0 0 5 6 0 12 9 37 0 1 1 7 18 26 0 0 0 10 0 0 0 0 26 28 0 0 0 0 14 0 36 0 11 0 0 0 0 12 0 0 0 20 0 0 0 0 0 0 0 0 0 0 0 0 0 0 0 6 0 0 0 1 0 1 19 0 0 0 1 0 0 0 0 0 0 0 0 0 4 11 1 0 2 0 0 0 0 0 0 0 0 0 0 0 0 0 0 0 0 0 0 4 0 24 0 0 0 23 0 0 0 0 
 0 43 0 1 78 20 0 0 35 42 41 3 1 0 23 73 41 27 0 0 130 197 156 84 80 239 320 294 171 77 35 34 0 362 129 52 57 70 146 130 3 0 2 1 11 3 0 2 0 0 0 0 63 0 3 2 0 0 1 0 0 0 2 0 0 0 0 2 2 3 0 2 0 5 2 3 1 0 0 1 0 0 0 0 19 3 0 0 0 0 0 2 0 0 0 0 0 17 0 0 29 8 21 26 0 0 49 57 18 9 9 0 13 9 14 0 33 28 28 31 0 0 0 0 0 0 0 0 0 0 0 0 0 0 0 0 0 0 0 13 0 0 0 0 0 0 0 0 0 0 0 0 19 0 0 0 0 0 0 0 0 0 0 10 4 11 0 0 11 0 17 0 0 0 0 0 0 11 2 1 21 12 11 54 0 17 13 16 23 24 11 1 10 14 41 28 18 12 8 19 0 0 0 0 0 0 0 17 0 0 0 0 0 0 0 0 0 0 14 8 0 0 0 0 0 0 0 0 0 0 0 0 0 0 0 0 0 0 0 0 0 0 0 0 0 0 0 0 0 0 0 0 0 0 2 0 0 0 0 1 1 1 0 0 0 0 3 0 0 0 0 0 0 0 0 0 0 0 0 0 0 13 0 0 0 0 0 0 0 0 
 2 0 0 74 81 22 0 0 0 0 0 99 0 0 0 0 14 2 3 0 90 195 140 279 290 46 415 103 113 164 104 249 362 0 237 254 111 121 348 136 4 1 2 2 4 3 5 3 0 3 0 0 2 0 4 6 1 2 0 0 0 0 1 0 3 0 0 2 1 3 7 3 0 3 2 3 3 0 0 0 0 0 0 10 2 30 0 0 0 0 0 0 0 0 0 0 0 0 0 0 18 7 44 35 0 26 15 19 0 2 1 2 21 43 0 11 18 12 10 0 0 0 0 0 0 0 12 0 0 0 0 0 0 19 0 0 0 0 0 1 0 0 0 0 0 0 0 0 0 13 0 0 0 0 0 0 0 0 0 0 0 0 0 4 15 0 0 0 0 0 0 0 0 0 0 7 0 2 0 0 28 1 26 12 11 0 55 13 20 17 20 0 9 32 43 25 50 85 0 26 0 0 0 0 0 0 0 0 0 0 0 0 0 1 0 0 0 0 24 0 0 0 0 0 0 0 0 0 0 0 0 0 0 0 0 0 0 0 0 0 0 0 0 0 0 0 0 0 0 2 0 0 0 30 0 0 0 1 0 1 2 2 0 0 0 0 0 0 0 0 0 0 0 0 0 0 0 0 0 0 0 19 0 0 0 0 0 0 0 0 
 5 4 7 3 5 79 3 5 3 3 3 5 4 4 3 3 3 4 4 5 59 346 427 66 225 46 134 61 167 244 199 171 129 237 0 102 177 287 62 93 3 0 2 0 3 3 0 2 21 0 0 0 0 0 3 2 0 1 4 0 0 0 0 0 1 0 0 1 1 3 3 5 0 3 2 3 0 0 0 0 0 0 0 0 0 0 0 0 0 0 0 0 0 0 0 0 0 0 0 0 37 38 6 24 2 32 5 0 7 4 0 13 0 9 11 11 7 5 7 12 0 0 0 0 0 0 11 0 0 0 0 0 0 12 0 0 0 0 0 0 0 0 0 0 1 0 0 0 0 0 1 0 0 0 0 0 0 2 0 0 0 0 0 0 1 0 0 0 0 0 0 0 0 0 0 0 0 0 0 0 0 0 9 23 19 24 10 0 8 8 22 7 15 7 12 22 29 25 0 0 0 0 0 0 0 0 0 0 1 0 0 0 0 12 0 0 0 0 10 0 0 1 0 0 1 0 0 0 0 1 0 1 0 0 0 0 0 0 0 0 0 0 12 0 0 0 0 0 0 0 0 0 0 0 6 0 3 84 1 1 2 0 0 0 0 0 0 0 0 0 0 0 0 1 0 0 0 0 0 12 0 0 0 0 0 0 0 0 0 2 
 3 3 19 3 4 80 3 3 77 3 3 5 3 3 3 4 5 3 3 3 183 198 106 30 263 74 466 497 139 111 96 107 52 254 102 0 162 44 157 264 3 0 2 0 3 3 0 2 0 0 0 0 1 0 3 2 0 0 3 1 0 0 0 0 0 0 0 1 1 3 57 2 0 5 2 3 1 0 0 0 0 0 0 0 0 0 0 1 0 0 1 0 0 2 0 0 0 0 0 0 0 22 17 0 11 22 14 20 41 30 0 0 0 11 41 0 12 26 24 34 0 0 9 0 0 0 0 0 0 0 0 0 7 0 0 0 0 0 0 11 0 0 0 0 0 0 0 0 0 0 1 0 11 0 2 0 0 0 0 0 0 0 0 0 0 0 0 0 17 0 0 0 0 0 0 0 0 0 1 0 19 13 16 41 23 26 0 13 14 34 8 10 7 0 0 32 9 1 0 3 0 0 0 0 0 0 0 0 0 1 0 0 17 0 0 2 0 2 7 0 0 0 0 0 0 0 0 0 1 0 0 1 0 0 0 0 0 0 0 2 0 0 9 0 0 0 0 0 0 0 0 0 0 0 19 0 2 1 74 2 0 0 0 0 0 0 3 0 0 0 0 0 0 0 0 0 0 0 0 0 0 0 0 0 0 12 0 0 0 0 
 0 2 0 0 78 13 2 0 0 0 0 0 0 0 0 0 0 0 0 0 186 185 248 131 341 150 312 167 247 60 73 287 57 111 177 162 0 137 362 70 6 0 3 1 7 3 0 2 2 0 0 0 65 0 5 2 2 0 3 38 0 3 0 0 0 0 0 2 28 3 6 2 0 3 2 3 0 2 1 1 0 0 0 0 0 0 0 0 0 0 0 0 0 0 3 0 7 0 0 14 43 7 23 39 1 27 0 19 19 37 0 18 0 57 21 2 14 29 0 0 11 0 0 0 0 0 35 0 0 0 2 0 17 0 0 0 13 0 0 17 0 0 0 0 0 0 2 0 0 0 0 0 10 0 0 0 0 0 8 0 0 0 0 0 0 0 0 0 0 0 8 0 0 0 0 0 0 0 15 0 0 0 25 10 15 15 34 0 21 18 12 10 14 4 7 13 1 4 0 0 0 0 0 2 0 0 0 3 0 0 0 0 13 1 11 13 0 0 28 0 0 0 0 0 0 0 0 0 0 0 0 0 0 0 0 0 0 0 0 0 0 0 0 0 0 0 0 2 0 0 0 0 0 0 2 1 2 2 71 1 1 13 0 0 2 0 0 0 0 0 0 0 0 0 0 0 0 0 0 0 0 0 0 0 0 0 0 0 0 0 
 0 0 0 2 0 0 0 0 0 0 0 0 2 0 0 0 2 0 2 0 38 59 259 305 274 76 184 270 515 216 229 174 70 121 287 44 137 0 38 21 66 0 4 0 57 4 20 2 0 0 0 0 92 2 3 3 0 0 4 0 0 0 0 0 1 2 0 3 3 3 3 2 0 3 3 3 0 0 48 2 0 0 0 0 0 0 8 0 0 0 0 0 0 0 0 0 0 0 0 0 27 18 0 40 0 45 1 14 9 14 10 25 0 11 0 11 15 13 0 0 0 0 0 0 0 2 12 1 0 0 0 0 11 13 0 7 0 0 11 0 0 0 1 0 0 0 0 0 0 0 0 3 0 0 0 0 0 0 0 2 0 0 0 0 0 0 0 2 0 6 0 0 0 0 0 0 0 0 0 0 0 0 21 50 10 13 23 7 16 6 10 1 0 7 30 0 23 21 0 0 1 0 0 0 0 0 30 0 1 0 0 0 12 0 0 0 0 0 30 0 0 0 0 0 0 0 0 0 0 0 0 0 0 1 0 12 0 0 0 0 0 0 2 0 0 1 0 0 0 0 0 0 0 0 2 2 0 81 77 0 22 1 0 0 0 0 0 0 0 0 0 0 0 0 0 0 0 0 0 9 0 9 0 0 0 0 0 0 0 0 
 2 84 2 2 19 2 1 1 79 78 76 3 2 6 0 2 75 165 3 1 108 37 107 97 285 70 301 143 186 286 128 43 146 348 62 157 362 38 0 123 3 0 128 3 5 67 0 4 10 2 1 0 2 0 7 3 2 2 0 0 2 2 0 2 2 2 3 2 2 5 0 2 49 5 4 6 12 1 0 0 0 0 0 0 11 31 0 0 0 16 42 56 0 0 0 0 0 20 0 0 21 0 9 0 0 0 7 22 18 32 0 0 9 11 9 10 11 16 17 12 0 0 0 0 0 0 0 0 0 0 0 0 0 0 0 0 0 0 0 0 0 2 0 0 0 0 0 0 0 0 0 0 0 0 0 0 0 0 0 0 0 2 1 25 11 27 0 0 20 0 29 0 0 0 0 0 0 1 0 0 35 12 0 13 0 0 1 8 0 18 2 7 20 10 0 19 0 1 21 16 0 0 1 0 0 0 0 0 0 0 0 0 0 0 0 0 0 0 1 0 0 0 0 0 0 0 0 0 0 0 0 2 0 0 0 0 0 0 0 0 0 0 0 0 0 0 0 0 0 0 14 0 0 0 10 0 2 0 2 2 0 8 0 0 0 0 6 0 0 0 0 0 2 0 0 0 0 0 0 0 0 0 0 0 0 0 0 0 0 0 
 2 78 21 40 4 5 2 2 2 5 152 77 2 2 2 78 2 76 2 2 193 36 37 39 70 38 129 386 39 50 48 41 130 136 93 264 70 21 123 0 5 0 2 2 3 6 0 2 17 1 2 0 55 38 16 2 0 2 3 61 0 0 43 0 3 6 0 1 1 3 9 8 0 6 2 3 7 0 0 0 0 0 0 9 14 30 0 0 0 0 8 18 0 0 0 0 0 61 0 0 9 8 0 0 0 0 33 32 0 0 23 0 28 10 25 11 0 0 0 56 0 0 0 0 0 0 0 0 0 0 0 0 0 0 0 0 0 0 0 1 0 0 0 0 0 0 0 0 2 0 0 0 0 0 0 0 0 0 13 9 0 0 13 10 12 13 0 0 0 0 0 9 0 0 0 0 0 12 0 0 34 26 0 0 0 0 23 6 8 10 0 0 16 26 0 0 0 11 11 41 0 0 0 0 0 0 0 0 0 0 0 0 13 0 0 0 0 0 3 0 0 0 2 0 0 0 14 0 0 0 0 0 0 10 0 0 0 0 0 0 0 0 0 0 0 0 75 0 0 0 0 0 0 0 2 0 0 0 0 2 0 3 26 0 0 0 0 0 0 0 0 0 0 0 0 0 0 0 0 0 0 0 0 0 0 0 0 0 0 0 
 2 2 0 2 2 2 2 2 2 2 2 2 2 2 2 2 2 2 2 2 3 3 3 129 3 69 3 3 5 4 9 65 3 4 3 3 6 66 3 5 0 188 308 45 123 43 254 176 74 319 48 59 124 333 71 102 309 269 530 131 0 0 1 0 20 0 0 0 0 0 0 0 0 0 0 0 0 0 0 0 0 0 0 0 0 0 0 0 0 0 0 0 0 0 0 0 0 0 0 0 0 0 0 0 65 0 0 0 0 0 42 20 0 0 0 0 10 0 0 0 10 1 0 16 0 7 6 26 0 0 16 37 13 1 1 25 13 0 75 7 0 0 0 0 0 0 0 0 0 0 0 7 0 0 0 0 0 0 0 0 0 0 0 0 0 0 0 0 0 0 0 3 0 0 0 0 0 0 0 0 0 0 0 15 35 1 0 0 0 18 0 26 0 0 0 0 0 0 0 0 23 26 10 8 0 11 16 39 0 0 0 0 7 15 10 21 0 0 7 52 0 0 0 0 0 0 0 0 0 0 0 0 7 0 0 0 0 0 0 0 0 0 12 0 0 0 0 0 0 0 0 8 0 2 0 0 0 1 1 1 0 0 0 1 0 0 0 0 2 0 0 0 0 0 0 0 0 0 0 0 0 18 5 0 0 0 3 0 0 0 
 0 0 14 0 4 0 27 0 0 0 0 0 0 0 0 0 2 0 2 0 0 0 1 1 0 0 0 0 0 0 0 0 0 1 0 0 0 0 0 0 188 0 68 60 112 26 82 551 49 220 55 31 73 115 202 87 116 97 63 383 0 0 0 0 0 0 0 0 1 0 0 0 0 0 0 0 0 0 2 0 0 0 0 0 0 0 0 0 0 0 0 0 0 0 0 0 0 0 0 0 0 0 0 0 0 0 0 0 0 0 0 1 0 0 0 0 0 1 0 0 5 0 24 32 9 7 0 9 6 22 1 22 6 26 35 18 10 9 21 60 0 0 0 0 0 0 8 0 20 0 0 0 18 1 0 0 0 0 4 0 0 0 0 0 0 0 0 0 0 0 0 3 0 0 0 0 5 0 0 0 0 0 0 0 0 15 0 0 0 0 0 0 0 0 0 0 0 0 0 0 17 21 18 27 21 37 15 14 42 1 2 0 0 3 2 0 25 12 20 4 0 0 0 0 0 0 0 0 0 0 0 0 6 0 5 0 0 0 10 0 0 0 0 0 0 0 0 0 0 0 0 4 0 11 1 0 0 0 0 2 0 0 0 3 0 2 0 0 0 0 0 0 0 0 0 0 0 0 0 0 0 0 0 0 8 0 0 1 0 0 
 0 0 0 0 0 2 0 0 5 101 0 0 0 0 0 0 0 0 2 0 2 2 2 4 2 2 2 4 2 2 45 64 2 2 2 2 3 4 128 2 308 68 0 246 368 64 72 104 164 45 376 276 53 271 183 139 256 115 40 48 23 0 5 0 0 0 9 0 17 0 0 0 0 4 0 24 0 0 122 6 0 0 0 0 0 0 0 0 0 0 0 0 0 0 0 0 0 0 0 0 0 0 0 0 0 0 0 0 0 0 0 0 0 0 0 0 0 0 0 0 0 19 0 8 1 19 0 0 0 19 21 22 14 0 0 0 20 9 0 0 11 5 2 0 0 0 0 1 5 0 2 0 15 15 0 0 8 3 23 0 8 0 6 1 0 0 0 1 0 0 0 0 0 0 0 0 0 0 0 0 0 0 0 0 0 17 0 0 0 0 0 0 0 0 0 0 0 0 0 0 0 0 20 11 0 18 0 7 21 26 15 27 0 0 0 10 9 0 0 18 0 0 4 2 0 0 9 0 4 10 0 3 36 6 11 6 1 5 2 21 0 0 0 0 0 0 0 0 0 0 0 5 0 0 0 0 0 0 0 1 0 0 0 5 4 1 2 0 0 0 26 0 0 0 0 0 0 0 0 0 0 0 0 0 7 35 0 0 0 0 
 0 0 0 0 69 67 0 0 63 0 29 1 2 0 0 27 0 7 0 0 1 1 1 0 0 0 2 2 0 0 0 0 1 2 0 0 1 0 3 2 45 60 246 0 102 344 123 132 291 201 256 116 86 148 163 120 165 54 91 72 9 1 0 6 0 0 0 0 3 0 0 0 0 0 1 0 0 0 55 0 0 0 6 0 0 0 0 0 0 0 19 6 0 0 0 0 0 0 0 0 0 15 0 0 0 0 0 0 0 0 0 8 0 0 11 10 0 0 15 0 19 0 0 18 38 38 0 10 9 0 0 14 10 14 72 0 11 11 1 17 1 6 0 0 0 0 6 0 4 0 0 0 1 8 0 39 0 0 1 0 0 0 0 0 0 0 0 0 0 0 0 0 0 0 0 0 0 0 0 0 8 0 10 0 0 0 0 1 0 0 0 0 2 0 0 0 0 0 10 8 7 0 38 27 6 8 15 8 11 17 0 21 0 0 0 0 0 50 0 0 0 0 23 1 0 0 6 12 0 0 0 0 25 15 35 0 0 0 19 27 0 0 0 0 0 0 0 0 2 63 0 9 0 0 0 0 0 2 0 11 2 0 0 0 1 4 1 0 0 0 42 0 0 0 2 0 15 0 0 0 0 0 0 0 44 15 0 7 0 0 
 0 0 4 0 0 3 0 1 0 0 0 0 0 0 0 0 24 0 0 0 3 4 3 3 3 3 4 66 43 3 3 3 11 4 3 3 7 57 5 3 123 112 368 102 0 386 57 204 114 306 163 402 81 47 97 220 374 315 85 92 19 49 0 0 0 0 1 0 57 0 0 0 0 56 0 0 0 0 51 50 0 0 0 0 0 0 0 0 0 0 0 0 0 0 0 0 0 0 0 0 6 0 1 9 1 0 0 0 0 0 0 0 0 8 0 14 5 0 0 0 0 0 1 1 13 43 0 0 20 15 26 20 0 0 14 9 0 11 0 0 22 14 0 0 19 0 34 16 4 0 7 0 10 10 0 2 24 17 0 12 0 0 0 14 0 1 0 0 0 10 0 7 0 0 0 0 0 0 0 0 0 0 9 0 0 0 4 6 10 0 0 0 0 0 17 0 0 0 0 0 0 0 0 10 12 11 0 10 0 0 0 16 0 12 12 13 0 0 0 0 0 0 22 0 0 0 29 5 8 0 1 0 51 16 4 10 0 0 17 0 0 0 0 0 0 0 0 0 0 0 0 6 0 0 0 0 0 0 0 1 0 0 7 1 2 3 0 2 2 0 39 0 0 0 0 0 0 0 0 0 0 4 0 0 0 0 0 0 1 0 
 0 0 9 0 0 3 0 0 0 0 0 0 0 0 3 0 0 1 0 0 2 3 2 52 3 11 3 3 3 3 7 23 3 3 3 3 3 4 67 6 43 26 64 344 386 0 43 249 134 37 138 93 11 44 37 299 84 92 52 45 0 5 0 0 0 26 0 0 0 0 0 0 10 0 0 0 0 1 51 0 0 0 0 0 0 0 0 0 0 0 0 0 0 0 0 0 1 0 0 0 0 0 0 0 0 1 0 0 0 0 0 2 0 0 0 0 0 0 0 0 0 0 0 21 6 0 6 0 0 0 5 0 0 0 0 0 13 16 0 5 9 3 28 0 0 0 10 26 0 10 0 11 0 0 0 0 10 9 14 1 21 0 30 0 0 0 0 1 0 22 0 0 0 0 0 0 0 0 0 0 0 0 0 0 0 0 0 0 0 0 0 0 0 0 0 0 0 0 0 0 3 0 0 8 2 22 8 4 0 19 13 0 0 2 1 7 0 0 0 0 30 16 9 0 3 0 9 14 0 6 10 0 0 8 25 14 0 1 3 9 0 0 0 0 0 0 0 0 0 0 0 8 0 0 0 0 0 0 0 0 0 0 0 8 61 11 0 77 6 4 10 0 0 0 0 0 0 0 0 0 0 0 7 10 0 0 0 0 2 0 
 3 6 5 3 3 9 11 3 3 3 3 3 3 3 3 3 8 3 5 5 0 0 70 67 66 62 59 0 75 0 4 23 0 5 0 0 0 20 0 0 254 82 72 123 57 43 0 119 131 260 20 282 150 162 67 114 97 307 109 112 0 0 0 0 2 0 1 0 0 0 0 0 0 0 0 2 0 0 5 0 0 0 0 0 2 0 0 7 0 5 3 0 0 0 3 0 0 5 0 0 0 0 0 0 20 0 0 0 0 0 8 11 0 0 0 1 14 0 0 0 0 15 19 0 0 12 12 7 24 21 10 0 10 1 0 40 0 9 25 0 9 0 3 0 0 0 0 0 0 0 0 8 0 0 0 0 0 0 0 0 0 0 3 0 0 0 0 0 0 0 0 0 0 4 0 2 0 0 0 0 0 0 0 0 1 0 0 0 0 32 0 0 0 0 0 0 1 0 0 0 18 19 4 0 0 0 23 1 0 2 0 2 9 19 8 0 27 12 0 22 0 0 0 11 0 0 0 0 0 0 0 0 0 0 0 0 0 0 0 0 0 0 15 0 0 0 0 0 0 0 0 2 0 0 0 0 0 4 0 2 0 0 0 0 0 13 2 0 0 0 0 0 0 0 0 0 0 0 0 0 0 7 0 0 0 0 0 7 0 0 
 0 0 0 0 0 2 0 0 0 0 0 0 0 0 0 0 0 67 0 0 2 3 2 4 2 2 2 2 4 3 3 2 2 3 2 2 2 2 4 2 176 551 104 132 204 249 119 0 264 264 50 343 123 236 272 535 276 124 195 77 0 0 0 0 0 0 0 0 0 0 0 0 0 0 0 0 0 0 0 0 0 0 0 0 0 0 0 0 0 0 0 0 0 0 0 0 0 0 0 0 0 0 0 0 0 0 0 0 0 0 0 0 0 0 0 0 0 0 0 0 0 1 30 14 55 16 0 9 6 12 20 30 0 15 14 51 3 34 0 38 66 0 0 0 0 0 13 0 10 0 0 0 19 9 0 0 0 0 0 0 0 0 0 0 0 0 0 0 0 0 0 8 7 0 0 0 0 0 0 0 0 0 1 0 0 1 0 0 0 0 0 0 0 0 0 0 0 0 0 0 11 9 21 19 24 39 14 24 37 9 18 0 0 13 24 0 63 17 0 0 0 0 0 0 0 0 0 0 0 0 0 0 24 0 6 0 0 0 28 0 0 0 0 0 0 0 0 0 0 34 0 3 0 2 1 0 0 0 0 1 0 0 2 0 2 2 0 0 2 0 0 0 0 0 0 0 26 0 0 0 0 0 0 0 64 0 0 7 0 0 
 0 0 2 3 10 0 0 0 0 0 0 0 0 0 0 0 6 0 2 0 0 3 4 0 0 0 61 5 8 0 0 62 0 0 21 0 2 0 10 17 74 49 164 291 114 134 131 264 0 77 98 75 73 96 123 59 35 109 123 212 68 4 0 0 0 0 0 0 0 0 0 0 52 0 0 2 0 33 73 0 0 0 0 0 0 0 0 0 0 0 0 14 0 0 0 0 0 0 0 0 17 0 0 0 0 0 0 0 0 8 3 0 0 0 12 10 0 0 0 0 23 9 24 30 43 37 11 0 18 21 39 21 0 0 0 0 0 32 1 0 8 0 0 0 0 0 25 9 0 0 0 0 20 10 0 0 0 0 13 0 0 0 0 6 0 14 0 0 0 4 0 0 0 0 0 0 0 3 0 0 0 0 0 0 29 0 0 0 0 10 0 0 40 5 0 0 0 0 0 0 4 11 24 19 3 14 0 12 16 0 20 1 0 0 21 1 30 0 0 27 10 0 0 12 0 0 0 0 0 0 0 0 25 5 0 0 0 0 29 11 0 0 0 0 0 0 0 0 0 0 0 6 0 1 0 0 0 0 0 2 0 0 72 0 1 15 2 0 0 0 0 0 0 0 0 0 0 0 0 0 0 2 0 0 14 0 0 0 0 0 
 3 3 0 3 3 5 3 3 3 75 3 3 3 3 3 3 11 3 3 3 0 0 0 0 0 0 0 0 3 0 3 0 0 3 0 0 0 0 2 1 319 220 45 201 306 37 260 264 77 0 139 60 50 105 84 169 99 144 73 157 2 3 0 4 1 0 11 1 3 0 0 4 2 8 0 2 0 0 3 10 0 0 0 0 0 0 0 0 7 0 0 0 0 0 0 0 0 0 0 0 0 0 0 0 0 0 0 0 0 0 0 0 0 0 0 0 0 0 0 0 0 12 15 9 15 9 0 12 7 20 0 16 0 18 20 9 0 3 11 8 0 5 4 8 8 0 9 0 9 2 0 19 10 0 0 0 7 2 0 0 0 0 0 0 0 0 0 0 0 0 5 3 0 0 0 0 0 0 0 0 0 0 0 0 0 0 0 0 0 0 0 0 0 0 0 0 0 0 0 0 30 1 20 26 9 14 6 17 4 7 21 1 0 9 43 1 8 11 1 11 0 0 0 4 0 0 0 0 0 8 10 0 9 0 0 5 0 0 9 11 0 0 0 0 0 0 0 0 0 0 0 4 0 2 0 0 0 0 0 1 0 0 64 1 0 1 2 1 1 0 5 0 1 0 0 0 0 0 0 0 0 0 0 0 0 0 0 0 0 0 
 0 0 0 0 0 0 0 0 0 0 0 0 0 0 0 0 8 0 0 0 0 0 0 0 0 0 88 0 0 0 0 0 0 0 0 0 0 0 1 2 48 55 376 256 163 138 20 50 98 139 0 153 105 345 53 91 157 126 46 64 0 0 3 7 0 0 0 3 4 0 2 0 8 0 0 11 0 0 47 0 0 0 0 0 0 0 0 0 0 0 0 0 0 0 0 0 0 0 0 0 0 0 0 0 0 0 0 0 0 0 0 0 0 0 0 0 0 0 0 0 5 2 1 2 0 25 0 8 4 0 15 2 1 15 32 0 20 28 0 30 40 13 0 0 0 0 7 9 4 0 0 0 8 10 26 0 0 0 5 11 3 0 4 0 0 0 0 9 0 0 0 0 0 0 0 0 0 0 0 0 0 0 0 0 0 0 0 0 0 0 0 0 0 0 0 0 0 0 0 0 0 0 2 17 21 13 21 0 19 16 0 12 0 0 23 0 0 17 0 0 4 20 1 0 0 0 13 0 3 0 0 29 30 3 8 0 12 40 10 15 0 0 0 0 0 0 0 0 0 0 0 0 0 0 0 0 0 0 0 9 0 27 0 64 0 2 1 0 0 0 26 0 0 0 0 0 0 0 0 0 0 5 0 0 0 0 0 10 0 0 
 0 0 2 0 0 0 0 0 0 0 0 0 3 0 0 0 0 1 62 0 0 0 0 0 0 0 2 0 48 0 0 0 0 0 0 0 0 0 0 0 59 31 276 116 402 93 282 343 75 60 153 0 34 28 41 238 295 77 252 110 12 37 0 0 0 0 2 0 2 0 2 0 0 0 0 6 0 2 72 26 0 0 0 0 0 0 0 0 0 0 0 0 0 0 0 0 0 0 0 0 0 0 0 0 0 0 5 0 0 0 0 0 0 0 0 0 0 0 0 0 0 11 13 24 14 6 0 0 1 10 0 16 0 0 0 0 10 15 0 0 29 0 15 0 0 0 4 5 19 21 0 0 9 0 27 29 0 10 14 5 9 10 8 0 0 0 0 22 0 0 0 0 0 0 0 0 0 0 0 0 0 0 0 0 0 0 0 0 0 0 0 0 0 0 0 0 0 0 0 0 8 0 8 23 0 19 0 7 2 19 12 2 0 0 21 1 8 3 0 0 55 15 0 0 0 0 14 54 8 9 11 5 0 1 10 19 10 16 23 0 0 0 0 0 0 0 0 2 0 0 0 5 0 0 0 0 0 0 0 16 62 0 63 5 95 4 2 30 2 0 10 0 0 0 0 0 0 0 0 0 0 0 0 0 7 0 0 0 2 0 
 0 0 0 0 0 0 0 0 0 0 0 1 0 0 0 0 0 0 0 0 0 0 67 1 71 91 0 0 68 63 63 31 63 2 0 1 65 92 2 55 124 73 53 86 81 11 150 123 73 50 105 34 0 158 164 319 86 34 299 127 0 2 10 43 6 1 2 0 8 2 7 3 0 1 2 3 7 0 0 2 0 0 0 0 0 0 0 0 0 5 0 0 0 0 0 0 0 18 0 0 0 0 0 18 10 21 0 0 1 16 2 33 0 0 0 0 0 7 0 0 19 28 0 0 0 0 3 10 0 0 0 46 28 0 22 7 3 0 4 0 0 11 2 0 0 8 0 0 6 0 0 12 1 0 0 0 0 0 0 0 0 0 0 0 0 0 6 0 0 3 0 10 0 0 0 0 0 0 0 0 0 0 0 0 0 0 0 0 17 43 17 1 0 0 0 0 0 0 0 0 1 0 9 1 0 0 27 27 0 25 0 13 32 20 0 1 0 15 0 2 0 0 0 0 13 0 0 0 0 0 0 17 0 0 0 0 0 0 0 21 0 0 0 0 0 0 0 0 0 0 0 2 0 1 0 0 1 0 0 1 21 0 0 0 0 3 1 0 1 0 0 0 0 0 0 6 0 0 0 0 0 21 0 0 0 0 0 0 0 0 
 0 0 0 0 0 0 0 0 0 6 0 0 0 0 0 0 0 0 3 0 4 0 0 131 0 88 0 8 0 48 6 64 0 0 0 0 0 2 0 38 333 115 271 148 47 44 162 236 96 105 345 28 158 0 250 38 32 249 142 196 0 0 0 0 0 0 0 0 1 0 0 0 0 0 0 0 0 0 0 0 0 8 0 0 0 0 0 0 0 0 0 0 0 0 0 3 0 0 0 0 9 0 0 0 16 0 3 0 0 0 4 0 0 0 0 0 1 0 0 0 1 23 0 37 10 0 0 13 9 0 0 10 0 24 15 10 16 13 21 40 0 0 0 0 0 0 0 0 0 0 0 0 0 0 0 0 0 0 4 0 0 0 0 7 1 0 3 0 0 8 0 0 0 0 0 0 0 9 0 0 3 0 0 0 0 49 0 0 0 0 5 12 0 3 0 0 0 0 1 3 31 6 14 14 26 0 13 1 49 7 0 0 12 1 0 14 11 21 2 18 10 0 0 0 0 0 0 0 0 0 0 0 0 0 0 0 0 0 7 0 0 8 6 0 0 0 1 0 0 0 0 9 0 0 0 0 0 4 0 0 49 0 9 0 1 2 2 0 0 0 0 0 0 0 0 0 0 0 0 0 0 0 0 0 11 0 0 0 0 6 
 3 3 0 3 5 3 3 3 5 3 3 3 3 3 3 3 4 4 3 3 7 3 4 91 3 67 3 22 4 68 6 65 3 4 3 3 5 3 7 16 71 202 183 163 97 37 67 272 123 84 53 41 164 250 0 125 26 30 206 197 0 2 0 2 0 0 1 0 3 0 0 0 0 205 2 0 0 1 3 0 0 0 0 0 0 0 0 0 0 0 0 0 0 0 0 0 0 0 0 0 0 0 0 0 6 0 5 0 0 0 5 0 0 0 3 6 0 0 9 0 57 9 0 8 0 8 1 6 0 0 0 16 12 13 15 0 29 7 13 10 0 0 0 0 0 0 0 0 0 0 0 0 21 0 0 0 0 0 3 0 0 0 0 56 0 12 8 0 0 0 0 0 0 0 0 0 0 27 0 0 5 0 0 7 26 27 0 0 0 0 10 14 21 9 0 0 0 0 0 3 29 33 20 0 11 0 7 18 31 25 0 10 0 11 18 19 0 32 25 11 0 0 0 0 0 0 0 0 0 0 0 0 0 0 0 0 0 0 0 1 0 0 0 0 0 0 0 0 0 32 0 11 0 2 0 0 0 0 0 0 0 0 25 0 0 0 2 0 2 0 0 0 0 0 0 0 0 0 0 0 0 0 0 0 10 15 0 0 0 0 
 0 1 0 0 0 3 0 0 0 0 0 0 1 0 0 0 3 0 0 0 3 2 3 2 2 2 2 2 2 2 2 2 2 6 2 2 2 3 3 2 102 87 139 120 220 299 114 535 59 169 91 238 319 38 125 0 140 381 29 294 1 0 3 1 0 1 4 0 7 0 4 2 0 4 2 2 3 4 2 0 0 0 0 0 0 0 6 0 0 0 0 0 0 0 0 0 0 0 0 6 0 0 0 0 0 0 0 0 0 0 0 0 0 0 0 0 0 0 0 0 0 31 29 7 0 16 0 0 8 20 14 22 5 0 2 36 8 0 0 0 13 9 0 0 0 0 0 0 0 0 0 0 16 22 0 0 0 0 10 0 0 0 0 0 0 0 0 0 0 0 0 3 3 0 17 0 0 0 4 5 0 0 0 0 0 19 0 0 0 0 0 0 0 0 0 0 0 0 25 0 1 0 9 16 0 18 6 6 16 2 10 49 0 0 0 16 4 24 0 0 0 0 0 0 0 0 0 0 0 0 0 0 14 0 0 0 0 0 11 0 0 0 0 0 0 2 0 0 0 0 0 4 0 2 0 0 0 0 2 2 0 0 69 1 0 2 5 2 1 0 0 0 2 0 0 0 0 0 0 0 0 0 0 0 4 19 0 0 0 0 
 0 0 0 0 0 0 0 0 0 2 0 6 0 0 0 0 0 0 0 0 0 0 2 6 0 1 0 0 2 6 4 0 0 1 0 0 2 0 2 0 309 116 256 165 374 84 97 276 35 99 157 295 86 32 26 140 0 193 248 46 0 0 0 4 0 0 0 0 1 0 0 0 58 0 0 0 0 0 48 0 0 0 0 0 0 0 0 0 0 0 0 0 0 0 0 0 11 1 0 0 0 0 0 0 2 6 0 0 6 0 0 3 0 0 0 0 0 6 0 0 4 21 16 1 0 48 0 0 1 19 20 58 9 0 17 34 25 0 0 0 13 5 0 0 0 0 0 0 6 0 0 0 15 31 11 0 0 0 0 0 0 0 0 10 0 0 0 0 0 0 0 8 0 0 0 0 0 0 0 0 0 0 0 0 0 3 0 0 0 0 4 0 0 0 0 0 0 14 0 0 0 0 3 15 0 38 33 14 0 1 0 38 0 13 0 8 3 12 0 0 0 0 0 0 0 0 0 0 0 0 0 0 35 0 2 0 0 0 0 18 0 0 0 0 0 0 0 0 0 0 0 12 0 2 0 0 0 0 3 1 0 0 0 0 2 0 0 0 0 0 10 0 0 0 0 0 0 0 0 0 0 0 0 0 0 0 0 0 0 0 
 0 0 0 0 0 0 0 0 0 0 0 0 0 0 0 0 0 0 0 0 0 0 0 0 0 9 1 0 0 3 6 0 0 2 1 0 0 0 2 2 269 97 115 54 315 92 307 124 109 144 126 77 34 249 30 381 193 0 29 23 0 3 5 0 0 0 0 0 2 0 0 5 0 17 0 3 0 2 50 17 11 0 0 0 0 0 0 0 0 0 0 0 0 0 0 0 0 0 0 0 0 0 0 0 0 0 0 0 0 0 0 7 0 0 0 0 0 0 0 0 0 7 28 6 7 9 13 0 15 13 20 10 0 2 12 0 0 0 5 6 0 0 19 0 0 0 13 12 31 0 0 0 18 0 0 0 0 0 0 0 6 0 0 0 0 0 0 0 0 0 0 0 0 0 0 0 0 0 0 0 0 0 0 0 0 0 0 0 0 0 0 0 0 0 0 0 0 0 0 0 6 0 18 0 0 36 37 21 0 0 23 17 16 20 14 16 14 20 0 27 19 0 0 0 0 0 0 0 0 6 0 0 15 2 0 0 0 0 0 1 0 0 0 0 0 1 0 0 0 0 0 15 0 1 0 0 0 0 0 0 0 2 4 0 61 24 2 0 0 0 11 0 0 0 0 0 0 0 0 0 0 0 7 0 0 0 0 0 0 0 
 0 0 0 0 0 0 0 0 0 0 0 0 0 0 0 0 0 0 0 0 0 33 64 120 8 119 0 0 2 90 3 66 1 0 4 3 3 4 0 3 530 63 40 91 85 52 109 195 123 73 46 252 299 142 206 29 248 29 0 193 0 0 0 0 0 0 0 1 1 0 2 0 0 0 0 5 0 0 0 0 0 0 0 0 0 0 0 0 0 0 0 0 0 0 0 0 0 0 0 0 0 6 5 13 20 10 0 4 6 2 0 0 0 0 0 1 2 0 0 10 0 62 0 0 20 0 8 14 0 0 0 29 10 8 0 8 9 3 0 21 0 0 0 0 6 0 0 0 0 0 0 0 0 0 0 0 0 0 13 0 0 0 0 0 0 0 3 0 0 1 0 0 1 0 0 0 0 3 0 0 0 0 12 7 15 11 0 2 24 18 7 14 0 0 17 7 8 0 0 0 24 6 0 21 19 0 1 0 6 0 0 0 47 7 0 18 20 3 3 9 0 0 1 0 0 0 0 0 0 0 0 0 0 0 0 0 0 0 6 0 0 0 18 0 0 0 0 0 0 0 0 8 0 0 0 0 0 0 0 1 22 0 0 0 2 2 0 0 0 0 0 0 0 0 0 1 0 0 0 0 0 1 0 0 15 0 0 0 0 0 
 0 0 0 0 0 0 142 0 0 0 0 0 0 0 0 0 6 0 2 0 0 0 0 180 0 62 0 0 0 0 0 83 0 0 0 1 38 0 0 61 131 383 48 72 92 45 112 77 212 157 64 110 127 196 197 294 46 23 193 0 0 0 0 0 0 0 0 0 1 0 0 0 0 0 0 0 0 0 0 0 0 0 0 0 0 0 0 0 0 0 0 0 0 0 0 0 0 0 0 0 0 0 0 8 12 7 0 0 0 0 0 3 0 0 0 0 0 1 0 0 24 10 1 0 7 0 9 6 12 17 0 7 8 1 1 14 16 6 15 0 0 0 0 0 0 0 0 0 0 0 0 0 0 0 0 0 0 0 0 0 0 0 0 0 0 0 0 0 0 0 0 0 0 0 0 0 0 3 0 0 0 0 0 0 81 1 0 0 0 19 0 49 0 0 0 0 0 0 0 0 29 23 9 7 0 8 0 13 16 1 0 0 14 1 21 42 20 9 2 12 0 0 0 0 0 0 11 0 0 0 0 0 0 0 0 0 0 0 8 0 1 0 8 0 0 0 0 0 0 0 0 3 0 0 2 1 0 0 0 0 0 0 2 0 2 1 2 0 0 0 0 0 0 0 0 0 0 0 0 0 0 0 0 2 21 0 0 0 0 0 
 0 1 1 0 0 0 0 0 0 0 0 0 0 0 0 0 9 0 0 0 0 0 0 0 0 0 0 0 2 0 0 0 0 0 0 0 0 0 2 0 0 0 23 9 19 0 0 0 68 2 0 12 0 0 0 1 0 0 0 0 0 134 77 65 38 25 169 133 97 85 36 59 266 108 92 254 97 24 134 101 0 0 0 0 0 0 0 0 0 0 0 0 0 0 14 0 0 0 0 0 0 0 0 0 0 0 0 0 0 0 0 0 0 0 0 0 0 0 0 0 0 0 0 0 9 16 0 0 0 18 11 33 0 0 0 0 0 29 0 0 22 10 0 0 0 0 22 0 0 0 5 0 14 14 22 27 0 0 36 21 0 0 1 0 0 0 0 4 0 0 0 0 0 0 0 0 0 0 0 11 0 0 0 0 0 0 0 0 0 0 0 0 0 0 0 0 0 0 0 0 0 0 0 7 8 2 0 0 0 0 31 59 0 0 0 0 0 9 0 0 15 1 10 0 17 0 5 25 0 0 0 0 30 0 22 0 22 23 15 13 0 0 0 0 0 0 0 0 0 0 0 0 0 0 14 0 0 0 0 6 0 0 0 0 0 0 0 0 0 0 0 0 0 4 2 0 0 0 0 0 0 0 0 0 11 0 0 0 11 0 
