 0 230 77 140 175 32 138 75 112 218 41 216 170 224 44 40 32 224 141 139 0 0 0 2 2 0 0 0 0 0 0 0 60 0 0 0 0 3 0 1 0 3 0 3 0 0 0 0 0 4 0 0 3 6 0 0 0 0 0 0 0 0 0 0 0 0 0 2 2 0 0 0 0 7 3 2 0 0 6 0 18 15 21 15 10 8 10 1 27 21 31 1 30 24 0 2 16 12 1 52 0 0 0 0 0 0 0 0 2 0 0 0 3 0 0 0 0 0 0 14 1 0 0 0 0 0 0 0 0 0 0 1 0 0 0 0 0 0 0 0 0 0 10 0 0 22 0 0 0 1 3 0 0 0 0 0 0 0 0 0 0 10 16 29 0 2 1 7 0 0 7 0 32 15 0 19 7 14 0 41 0 0 0 0 0 0 0 0 0 0 0 0 0 0 0 0 0 0 0 0 0 0 15 0 0 0 0 0 0 0 0 0 0 0 0 0 2 0 0 0 0 0 0 0 0 0 0 0 0 0 0 0 0 0 0 0 0 0 0 0 0 0 0 0 0 1 2 0 1 47 12 6 0 0 0 0 0 0 0 0 0 0 0 0 0 0 0 0 0 0 0 0 0 0 0 9 13 0 0 0 0 0 0 0 0 0 0 0 0 0 
 230 0 123 197 82 103 510 230 29 58 36 138 339 227 167 226 377 49 184 336 0 2 2 1 2 2 0 0 0 0 1 0 30 0 0 0 0 3 86 0 0 3 0 3 0 0 0 0 0 4 0 0 5 0 2 0 0 6 0 0 0 0 0 0 0 0 0 2 2 0 0 0 2 3 3 2 0 29 3 0 11 16 44 29 1 0 9 35 18 1 63 2 1 17 0 11 9 58 0 18 0 0 0 0 0 0 0 0 0 0 0 0 0 1 0 0 0 0 0 0 0 0 0 0 0 1 0 0 0 0 0 0 0 0 0 0 0 0 0 0 0 0 0 0 0 0 0 0 0 0 1 0 0 0 0 1 0 0 0 0 5 22 24 27 0 18 35 0 13 4 16 19 0 8 18 1 1 28 16 9 0 0 0 0 0 0 1 0 0 0 0 0 15 0 0 0 0 0 0 0 0 0 0 0 0 0 0 0 0 0 0 0 0 0 0 15 0 0 0 0 0 0 0 0 0 1 0 0 0 0 0 0 0 0 0 0 0 0 0 0 0 0 0 0 0 4 1 0 0 89 0 12 4 0 0 0 0 0 2 0 0 0 0 0 0 0 0 2 0 0 0 0 0 0 10 0 0 0 0 0 0 0 0 0 0 0 0 0 0 0 
 77 123 0 86 80 108 423 91 395 396 368 34 167 52 420 354 132 140 237 331 0 0 0 0 2 0 0 0 0 0 0 0 0 0 0 0 0 3 78 0 0 3 0 3 0 0 0 0 0 3 0 0 3 3 0 25 0 0 0 0 0 0 0 0 0 0 6 2 2 0 0 0 0 3 3 3 0 0 3 0 21 36 0 19 0 0 5 24 6 15 19 0 0 10 2 7 0 26 26 1 0 0 0 0 0 0 0 0 0 0 0 0 14 44 1 0 0 0 0 0 0 0 0 0 0 0 0 0 1 0 0 0 0 0 0 0 0 0 0 0 0 0 0 0 0 0 0 0 0 0 3 0 0 0 0 18 0 0 0 0 17 10 0 7 0 0 14 26 17 41 60 15 9 15 7 12 36 22 12 0 15 0 0 0 0 0 0 0 0 0 0 0 0 0 0 0 0 0 1 0 0 0 0 0 0 9 0 0 37 0 0 0 0 0 0 0 0 0 0 0 0 0 0 0 0 0 0 0 0 0 0 0 0 0 0 0 0 0 0 0 0 11 0 0 0 0 60 0 0 7 0 18 30 0 1 0 0 0 0 0 0 0 4 0 0 0 0 0 0 0 0 0 0 0 0 1 0 21 0 0 0 0 0 0 0 0 0 0 0 0 
 140 197 86 0 105 41 79 183 67 282 277 272 173 170 172 149 138 115 83 168 0 0 0 0 2 2 38 0 0 0 0 0 73 1 0 0 3 4 82 211 0 3 2 3 0 0 0 0 6 3 0 0 6 0 0 1 0 0 33 0 0 0 0 5 0 0 0 2 4 0 0 0 0 3 3 2 0 0 3 0 20 22 8 12 0 0 16 33 8 10 42 0 0 1 2 17 0 66 16 0 0 0 0 0 0 0 0 0 0 0 0 0 10 6 0 0 0 0 0 0 0 0 2 0 0 0 0 0 0 0 0 0 0 0 0 0 0 0 0 0 0 0 0 0 0 1 0 0 0 0 7 0 0 0 0 6 0 0 0 0 11 25 0 32 6 0 14 37 0 24 40 15 0 16 7 10 14 15 0 56 0 0 0 0 0 0 0 0 0 0 0 0 0 0 0 0 0 0 8 0 0 0 0 0 0 0 0 0 9 0 0 0 0 0 0 0 0 0 0 0 0 0 0 11 0 0 0 0 0 36 0 0 0 0 0 0 0 0 0 0 0 0 0 0 0 2 1 0 2 7 1 5 0 0 0 0 0 0 0 0 3 0 0 0 0 2 0 0 0 0 0 0 0 0 0 0 0 11 0 0 0 0 0 0 0 0 0 0 0 1 
 175 82 80 105 0 175 46 69 350 184 348 129 100 70 91 176 134 51 55 91 1 0 0 0 2 0 2 0 5 0 0 0 3 1 1 0 0 3 169 2 0 3 3 3 0 0 1 0 0 4 0 0 3 0 1 0 2 4 0 0 0 0 0 0 0 0 0 2 2 0 0 0 2 3 9 2 0 0 3 0 2 0 39 0 0 23 1 19 22 27 17 12 0 0 0 7 0 17 0 0 0 0 0 13 0 0 1 0 0 0 19 0 0 21 0 0 0 0 0 0 0 0 0 0 0 0 0 0 0 0 0 0 1 0 2 0 0 0 0 0 0 0 0 0 0 0 0 0 0 0 0 0 0 7 0 0 0 0 0 0 0 0 29 8 0 17 0 10 0 33 0 0 0 0 2 28 19 22 0 0 16 0 0 0 1 0 0 0 0 2 0 0 14 0 26 0 16 0 0 0 0 0 0 0 0 0 0 0 0 0 0 0 0 0 0 0 0 0 0 0 0 0 0 0 0 2 0 0 0 0 0 0 0 0 0 0 0 2 0 0 0 0 0 0 0 0 0 2 18 1 17 18 0 0 0 0 0 0 0 0 0 0 0 0 0 0 0 0 0 0 0 0 0 2 0 0 19 0 0 0 0 0 0 0 0 0 0 0 0 0 
 32 103 108 41 175 0 22 339 92 52 204 49 29 53 51 92 208 55 79 260 0 0 0 3 90 0 0 116 0 2 1 0 1 87 0 34 0 3 83 71 0 3 0 3 0 0 0 69 0 3 0 1 3 0 1 0 0 0 0 0 0 0 0 0 4 0 0 2 2 0 0 0 0 3 3 3 6 0 3 0 0 1 16 14 14 25 0 0 0 0 0 9 1 0 0 0 0 0 0 0 1 6 28 32 3 1 16 13 9 27 0 0 28 43 1 21 0 0 18 2 0 1 0 0 0 5 0 0 0 0 0 0 0 0 0 0 0 0 0 0 0 0 0 2 0 0 0 2 0 0 0 0 0 0 0 8 0 0 0 12 0 0 40 0 0 19 0 0 12 11 9 29 0 0 10 0 0 17 0 0 20 52 19 0 9 0 2 11 0 13 0 0 52 3 39 39 0 13 13 28 0 15 0 0 0 0 0 0 0 0 0 0 0 0 0 1 18 0 0 0 0 0 0 0 0 0 0 0 0 0 0 0 0 0 0 0 0 0 0 0 0 0 0 0 0 0 0 0 5 5 0 12 0 0 0 0 0 0 0 0 0 0 0 0 0 0 1 0 0 0 0 0 0 0 0 15 0 0 0 23 0 0 0 0 0 0 0 0 0 0 
 138 510 423 79 46 22 0 153 59 133 347 38 408 161 159 41 33 205 230 241 0 0 2 1 2 0 0 0 0 0 0 0 0 0 0 0 0 3 0 0 0 3 0 8 0 0 0 0 0 3 0 0 3 0 0 0 0 0 0 0 0 0 0 0 0 0 0 2 2 0 0 0 5 3 3 3 0 0 3 0 36 25 12 33 0 0 13 0 33 0 22 0 19 26 9 0 16 0 44 48 0 0 2 0 0 0 0 0 2 0 0 0 0 0 0 0 0 0 0 0 1 0 0 0 0 0 0 0 0 0 0 0 0 0 0 0 0 0 0 0 0 0 0 0 0 0 0 0 0 0 0 0 0 0 0 9 0 26 2 2 10 0 0 1 0 2 29 53 30 18 0 0 14 31 18 0 21 0 14 16 0 0 0 0 0 0 0 0 0 0 1 0 0 0 0 0 0 0 0 0 0 0 0 0 0 0 0 0 0 2 0 0 0 0 0 0 0 0 0 0 0 0 0 0 0 0 0 0 0 0 0 0 2 0 0 0 0 0 0 0 0 16 0 0 0 0 88 0 1 6 0 29 0 0 0 0 0 0 0 0 0 0 9 0 0 0 0 0 0 0 0 0 0 0 0 0 0 12 0 0 0 0 0 0 0 0 0 0 0 0 
 75 230 91 183 69 339 153 0 198 257 93 142 399 67 226 318 52 218 250 108 73 2 0 0 2 0 0 0 1 0 0 0 7 0 0 0 0 3 3 0 0 3 0 3 1 0 2 0 3 3 0 0 3 0 0 0 0 1 0 0 0 0 0 0 0 0 2 2 3 0 0 0 0 3 3 2 0 0 8 5 22 7 8 25 0 0 0 13 23 10 19 7 2 0 1 0 1 15 0 14 16 0 0 0 0 2 11 3 0 0 0 0 0 1 2 0 0 0 6 7 0 2 0 0 0 0 0 0 0 0 0 0 0 0 0 0 0 0 0 0 0 0 0 0 0 0 0 0 0 0 0 0 0 0 0 0 0 13 8 0 19 42 4 8 18 2 15 0 0 0 23 33 0 0 13 0 0 15 0 0 0 0 0 0 0 0 18 0 0 0 0 0 0 1 0 0 0 0 7 0 0 0 0 0 0 1 0 0 4 0 13 0 0 0 0 0 0 18 0 0 0 0 0 0 0 0 0 0 0 0 0 0 0 0 0 0 0 0 0 0 0 0 0 0 0 2 1 0 2 51 2 18 19 0 0 0 0 0 0 0 0 0 0 0 0 0 1 0 0 0 0 0 0 0 0 0 0 0 0 0 0 0 0 0 0 0 0 0 0 2 
 112 29 395 67 350 92 59 198 0 275 210 64 103 188 94 132 211 65 87 70 0 0 0 0 2 2 0 0 1 1 19 0 0 4 0 0 0 3 89 1 0 3 0 3 0 0 1 0 0 3 0 0 3 0 0 0 0 0 0 0 0 0 0 0 0 1 0 2 2 0 0 0 0 3 3 2 0 0 4 0 1 33 12 55 26 17 10 0 8 18 12 30 0 0 1 0 0 25 3 0 0 0 0 0 0 0 44 13 2 0 0 0 11 22 0 0 0 0 9 0 1 0 0 0 0 0 0 0 16 0 0 0 0 0 0 0 0 0 0 0 0 0 0 2 2 0 0 0 0 2 0 0 0 0 0 0 0 0 2 0 6 11 18 0 7 2 0 10 69 35 14 14 0 0 17 17 11 0 4 0 12 5 0 0 0 0 0 5 0 0 0 0 10 3 0 0 0 0 1 9 8 21 0 0 0 0 0 0 10 0 0 0 0 0 0 0 2 0 0 0 0 0 0 0 0 0 0 0 0 0 0 0 2 0 0 0 0 0 0 0 0 12 0 0 0 0 88 0 85 6 12 9 1 0 0 0 0 0 0 0 0 0 41 0 0 0 0 0 0 0 0 0 0 0 0 9 10 0 0 0 0 0 0 0 0 0 0 0 0 0 
 218 58 396 282 184 52 133 257 275 0 154 214 268 715 199 194 66 63 72 116 0 1 0 25 5 106 0 0 1 2 3 23 0 0 0 0 24 3 0 0 0 3 0 3 3 2 1 0 0 3 3 3 3 0 0 0 3 3 1 0 0 0 0 0 0 2 0 4 3 0 0 2 0 3 3 2 0 1 3 0 26 0 25 0 0 10 12 0 23 42 15 5 0 53 11 28 0 33 28 0 17 0 0 0 19 0 0 0 0 0 0 0 14 72 17 0 0 0 2 0 0 0 0 0 0 0 0 0 0 0 0 0 0 0 0 0 0 0 0 0 0 0 0 0 1 0 0 0 0 0 8 0 0 2 0 12 0 0 0 0 0 0 20 20 0 0 0 55 0 33 0 0 0 0 0 20 22 9 0 44 11 0 0 2 0 0 0 20 0 0 0 2 2 0 0 0 13 0 0 0 0 0 0 0 0 0 0 0 18 0 0 0 0 0 0 0 0 0 0 0 0 0 0 0 0 0 0 0 0 0 0 1 0 0 0 0 8 0 0 0 0 0 0 0 0 3 0 3 3 87 19 3 0 0 0 0 0 0 0 0 0 0 0 0 0 0 0 0 0 0 0 0 0 0 0 0 32 12 0 0 0 0 0 0 0 0 0 0 0 0 
 41 36 368 277 348 204 347 93 210 154 0 152 37 46 260 216 108 232 469 156 2 0 0 0 2 4 0 78 0 0 120 0 69 63 0 2 0 3 103 105 6 7 0 3 6 0 0 0 6 3 0 0 3 0 0 0 0 0 1 54 0 0 0 0 0 0 0 2 2 0 0 0 0 6 3 3 4 6 2 0 18 0 20 0 27 2 1 0 20 23 0 22 0 0 10 0 0 18 2 1 52 10 0 0 0 0 27 0 0 43 0 0 39 34 36 2 0 0 20 0 2 0 0 0 8 0 0 0 0 0 0 2 0 4 0 18 0 0 0 0 0 0 0 1 0 0 0 0 5 2 0 22 0 0 0 0 0 0 0 0 0 24 0 0 20 11 0 0 10 24 15 0 0 11 0 0 3 0 0 0 0 6 0 11 0 0 2 14 0 12 0 0 7 15 10 26 12 0 18 0 0 0 0 0 0 0 0 0 0 0 0 0 0 0 0 0 1 0 0 0 0 0 0 0 0 0 0 0 0 0 0 0 0 0 0 0 0 0 0 0 0 0 0 0 0 4 14 0 0 95 0 5 0 0 0 0 0 0 0 0 1 0 0 0 0 0 0 0 0 0 0 0 0 0 0 1 15 0 0 14 0 0 0 0 0 0 0 0 0 0 
 216 138 34 272 129 49 38 142 64 214 152 0 355 44 249 47 70 68 43 34 68 0 1 0 2 0 77 25 0 0 0 103 224 37 1 0 0 3 2 76 0 5 0 3 0 0 0 0 0 4 0 0 3 0 1 0 0 0 0 0 0 0 0 0 0 0 0 2 2 0 0 0 0 3 3 3 0 0 18 5 0 0 21 14 0 45 0 17 8 19 0 35 0 0 15 30 10 13 1 0 28 0 0 0 0 0 14 11 0 0 0 0 16 20 37 0 19 0 30 24 0 0 0 0 0 2 0 0 0 0 0 0 0 0 0 0 0 0 0 0 0 0 0 1 0 0 0 0 0 0 0 0 0 0 0 0 0 0 0 0 0 0 19 2 43 40 0 10 0 14 10 38 0 0 0 8 30 17 0 0 40 21 12 0 0 0 21 15 31 0 0 0 0 14 17 0 5 0 1 1 0 0 0 0 0 0 0 0 0 0 0 0 0 0 0 0 0 10 0 0 0 0 0 0 0 0 34 0 0 0 0 0 0 9 0 0 0 0 0 0 0 0 0 0 0 2 1 1 84 0 18 13 2 0 0 0 0 0 0 0 0 0 0 0 0 0 0 0 0 0 0 0 0 0 0 0 30 1 0 0 0 0 0 0 0 0 0 0 0 0 
 170 339 167 173 100 29 408 399 103 268 37 355 0 246 44 205 533 25 160 389 0 0 0 0 2 0 1 0 3 2 0 0 63 0 0 0 0 3 0 2 0 3 0 3 0 0 1 0 1 4 0 0 3 0 0 0 0 2 0 0 0 0 0 0 0 10 0 2 2 3 0 0 4 3 3 2 0 3 3 0 3 0 9 18 0 0 26 23 8 0 33 0 52 19 20 21 19 10 25 23 0 0 0 0 2 0 0 0 0 0 0 0 0 0 0 0 0 0 0 0 0 0 0 0 0 0 0 0 2 0 0 0 0 0 0 0 0 0 0 0 0 0 0 0 0 0 0 0 0 0 4 0 0 0 0 0 2 0 0 0 15 0 0 10 0 0 0 9 15 0 0 0 10 0 13 1 20 0 15 24 0 0 0 0 0 0 1 1 0 0 0 0 0 0 0 0 0 0 12 0 0 0 0 0 0 0 0 0 0 0 0 0 0 0 0 0 0 0 0 0 0 0 0 0 0 0 0 0 0 0 0 0 0 0 0 0 0 0 2 0 0 15 0 0 0 1 88 0 2 87 2 12 0 0 0 0 0 0 0 0 0 0 10 0 0 0 0 0 0 2 0 0 0 0 0 0 0 0 0 0 0 0 0 0 0 2 0 0 0 0 
 224 227 52 170 70 53 161 67 188 715 46 44 246 0 176 44 110 209 97 342 0 2 0 0 2 0 0 0 0 0 0 1 74 2 0 0 0 3 1 0 2 3 0 3 0 0 0 0 0 3 0 0 3 0 1 0 2 0 0 0 0 2 0 0 0 0 2 2 2 2 0 0 1 5 3 3 0 0 6 2 32 5 1 0 29 14 11 0 11 0 9 12 0 34 13 10 15 18 8 15 0 0 0 0 0 0 0 0 0 0 0 0 0 0 0 0 0 0 0 0 0 0 0 0 0 0 0 2 0 0 0 0 0 0 0 0 0 0 0 0 0 0 0 2 0 0 0 0 1 0 3 0 2 1 1 2 0 0 0 0 0 9 0 8 0 0 18 15 0 1 0 0 8 32 0 1 0 16 6 34 0 0 0 0 0 0 0 0 0 0 0 0 15 0 0 0 0 0 0 0 0 0 0 0 0 0 0 0 0 0 0 0 0 0 0 0 0 28 0 0 0 0 0 10 1 0 0 0 2 0 0 0 0 0 0 0 0 0 0 0 0 0 0 0 0 1 0 2 0 1 0 8 0 0 0 0 0 0 0 0 0 0 0 0 0 0 0 0 0 0 0 0 0 0 0 0 0 10 0 0 0 0 0 0 0 0 0 0 0 0 
 44 167 420 172 91 51 159 226 94 199 260 249 44 176 0 364 355 93 83 161 0 0 0 0 3 0 0 0 0 0 0 2 0 2 0 0 0 3 103 68 0 6 0 3 0 0 0 0 3 3 0 0 3 0 0 0 0 0 3 2 0 0 2 1 9 0 0 3 3 3 0 0 0 5 3 3 0 0 3 0 11 123 0 23 13 9 0 33 26 14 56 13 1 9 1 0 0 61 0 0 0 0 0 0 27 0 2 0 0 0 0 0 11 5 0 0 0 0 0 0 0 0 0 0 0 0 0 0 0 0 0 0 0 0 0 0 0 0 0 0 0 0 0 0 0 0 0 23 0 0 0 0 0 3 0 4 0 0 0 0 4 29 4 19 11 0 25 0 0 44 17 19 12 20 10 12 12 14 11 0 0 0 0 0 0 1 0 0 0 0 2 0 28 0 0 0 0 0 5 0 0 0 0 2 0 2 0 0 10 0 0 0 0 0 0 0 0 0 0 0 0 0 2 0 0 0 1 0 0 0 0 0 0 0 0 2 0 0 0 0 0 0 0 0 0 0 0 0 1 6 0 3 1 2 0 0 0 0 0 0 0 0 0 0 0 0 0 0 0 0 0 0 0 0 0 0 0 0 0 0 1 0 0 0 0 0 0 0 0 0 
 40 226 354 149 176 92 41 318 132 194 216 47 205 44 364 0 285 39 518 75 0 0 0 0 2 0 1 2 2 0 0 0 2 4 0 0 0 3 83 0 0 3 0 3 0 67 0 0 0 3 0 56 3 0 1 0 0 0 1 0 0 0 0 0 0 0 0 2 2 0 0 0 0 3 3 2 0 0 3 0 18 23 31 43 13 19 13 21 10 2 27 9 0 0 11 0 6 30 0 15 1 0 2 0 1 0 16 0 0 0 0 0 10 12 0 0 0 0 10 0 0 0 0 0 0 0 0 0 0 0 0 0 0 0 0 0 0 0 0 0 0 0 0 2 1 2 0 0 0 0 0 0 0 0 0 0 0 0 0 2 4 29 51 9 0 9 19 0 15 21 25 39 0 0 22 12 27 30 0 0 31 26 8 0 0 0 2 10 0 0 0 0 40 15 9 0 0 0 0 6 0 26 0 0 14 0 0 0 10 3 0 0 0 0 0 0 0 0 0 6 0 0 0 0 0 0 0 0 0 0 0 7 2 0 0 0 0 0 0 0 0 0 0 0 0 0 1 2 2 41 0 15 1 0 0 0 0 0 0 0 0 0 0 0 0 0 0 0 0 0 0 0 0 0 0 43 0 0 0 0 0 0 0 0 0 0 0 0 0 0 
 32 377 132 138 134 208 33 52 211 66 108 70 533 110 355 285 0 65 251 45 69 0 0 0 3 0 1 2 1 0 0 0 0 0 0 0 0 4 129 73 0 4 0 3 2 0 1 0 0 5 0 0 3 0 5 0 5 0 0 0 0 0 0 0 0 0 51 2 3 0 0 0 0 3 3 2 0 0 5 6 9 17 24 11 6 54 0 0 0 0 3 23 0 0 10 0 28 20 0 0 1 0 0 0 0 0 1 0 0 0 0 0 14 18 0 0 0 0 0 0 0 0 0 0 0 0 0 0 0 0 0 0 0 0 0 17 16 0 0 0 0 0 0 1 6 0 0 0 0 0 0 0 0 0 0 0 0 0 0 0 0 15 77 0 0 12 0 0 20 31 9 30 9 0 19 20 25 44 3 0 2 9 37 0 0 0 0 9 0 0 0 0 27 0 0 0 0 0 0 4 0 15 0 0 0 0 0 0 2 0 9 0 0 0 0 0 0 0 0 0 0 0 0 0 0 0 0 0 0 0 0 0 0 0 0 0 0 0 0 0 0 0 0 0 0 0 0 0 1 86 0 13 15 0 0 0 0 0 0 0 0 0 0 0 0 0 0 0 0 0 0 0 0 0 0 9 0 0 0 0 0 0 0 0 0 0 0 0 0 0 
 224 49 140 115 51 55 205 218 65 63 232 68 25 209 93 39 65 0 262 245 0 0 0 0 2 0 76 0 1 0 0 0 94 0 0 0 0 3 82 0 0 3 0 3 0 0 0 0 3 3 0 0 3 0 0 0 0 0 0 0 0 0 0 0 0 0 0 2 2 0 0 0 0 3 3 2 0 0 3 0 54 13 15 6 43 0 10 20 8 24 50 16 0 10 0 0 0 28 8 14 13 15 0 0 0 1 38 0 1 0 0 0 13 0 0 0 0 0 3 0 0 2 0 4 0 0 0 0 0 0 0 0 0 0 0 0 0 0 0 0 0 0 0 0 0 0 0 10 0 0 20 0 0 0 0 3 0 1 0 0 0 14 0 14 29 3 0 9 0 14 0 0 11 3 0 0 0 17 5 21 0 0 0 0 0 0 0 0 0 0 0 0 13 10 0 0 0 0 30 16 0 0 0 0 0 0 0 0 0 0 0 0 0 0 0 0 1 0 0 0 0 0 0 0 0 0 0 1 0 0 0 0 0 0 0 0 0 0 0 12 0 0 0 0 0 16 0 3 1 86 0 11 0 0 0 0 0 0 0 0 7 0 0 0 0 0 0 0 0 0 0 0 0 0 0 11 0 11 0 0 0 0 0 0 0 0 0 0 0 0 
 141 184 237 83 55 79 230 250 87 72 469 43 160 97 83 518 251 262 0 189 2 2 2 1 4 2 0 2 2 7 1 2 1 1 1 4 4 5 1 1 2 3 2 4 1 1 0 0 2 3 1 0 5 6 2 1 1 0 4 2 0 0 2 1 1 2 0 2 4 0 1 2 22 5 3 4 0 0 5 0 0 16 4 23 13 0 0 0 22 0 20 0 15 0 0 0 47 0 0 14 0 0 0 0 0 0 0 0 2 0 0 0 0 0 0 0 0 0 0 0 1 0 0 0 0 0 0 0 0 0 0 0 0 0 0 0 0 0 0 0 0 0 0 0 0 0 0 0 0 1 0 0 0 0 0 0 0 0 2 0 12 0 0 0 0 2 23 0 10 0 0 0 1 2 12 0 0 0 31 0 15 0 0 0 0 0 0 0 0 0 0 0 0 0 0 0 0 0 0 0 0 0 0 0 16 0 0 0 0 0 0 0 0 9 0 0 2 0 0 0 0 0 0 0 0 0 0 0 0 0 0 0 2 0 0 0 0 0 0 0 0 0 0 0 0 0 0 0 4 88 0 28 0 0 0 0 0 1 34 0 0 0 0 0 1 0 0 0 0 0 0 0 0 0 0 0 0 0 0 0 0 0 0 0 0 0 0 0 0 0 
 139 336 331 168 91 260 241 108 70 116 156 34 389 342 161 75 45 245 189 0 0 0 0 0 4 0 0 0 0 2 0 0 0 0 0 2 0 5 0 0 0 3 0 3 0 0 0 0 0 5 0 0 3 1 0 0 0 3 2 0 0 0 0 0 0 0 4 2 2 0 1 0 0 3 3 2 62 0 3 2 29 1 21 14 15 0 12 0 29 0 49 1 0 43 3 5 47 2 12 62 0 0 0 0 0 0 0 0 0 0 1 1 1 0 0 17 0 0 0 0 0 0 0 0 0 0 0 0 0 0 0 0 1 0 2 0 0 0 0 0 0 0 1 0 0 0 0 0 0 0 3 0 0 0 0 3 0 0 0 0 1 12 0 8 0 0 0 11 0 13 0 0 31 32 11 10 41 10 4 36 0 0 0 0 0 0 0 0 0 2 0 0 0 0 0 0 1 0 0 0 0 0 0 0 0 0 0 0 0 0 0 0 0 0 0 0 0 0 0 0 0 0 0 0 0 2 0 0 0 0 0 0 0 0 0 0 0 2 0 0 0 0 0 0 0 2 1 0 2 5 0 27 0 0 2 0 0 0 0 0 1 0 0 0 0 0 0 0 0 0 0 0 0 2 0 11 0 14 0 0 0 0 0 0 0 0 0 0 0 0 
 0 0 0 0 1 0 0 73 0 0 2 68 0 0 0 0 69 0 2 0 0 272 183 38 41 80 313 45 157 76 117 36 120 67 195 122 64 113 42 140 0 1 0 0 2 0 3 0 0 3 7 0 2 0 1 0 0 3 23 0 0 0 43 3 0 0 0 3 0 0 0 0 0 3 0 0 0 3 3 11 0 0 0 12 0 6 0 0 0 0 0 48 0 0 0 0 9 0 0 0 11 17 23 7 0 60 12 24 9 11 33 11 2 30 36 14 1 26 12 20 0 0 0 0 0 0 0 0 0 0 0 19 0 0 0 0 10 0 20 0 0 0 0 2 9 0 0 0 19 0 0 2 0 0 15 0 0 0 0 0 0 0 28 0 58 14 2 0 0 3 9 13 0 0 14 0 0 0 0 0 29 10 13 25 0 7 14 35 32 27 15 12 0 16 20 13 0 3 10 14 0 0 0 0 0 0 0 0 0 0 0 0 3 0 0 0 0 8 0 0 0 0 0 0 0 0 0 0 0 0 0 0 0 0 0 0 0 0 0 0 0 0 10 0 0 0 12 0 0 0 0 0 0 0 8 0 2 78 155 2 2 0 0 0 0 0 0 0 0 0 0 0 0 0 0 0 0 0 0 0 0 12 0 0 0 0 0 0 0 0 
 0 2 0 0 0 0 0 2 0 1 0 0 0 2 0 0 0 0 2 0 272 0 149 272 328 151 76 310 367 127 457 34 268 346 60 53 177 264 50 258 0 0 0 0 2 0 2 0 0 3 68 5 3 0 2 0 0 3 0 62 0 0 3 3 0 0 0 6 0 1 0 0 0 3 0 0 0 2 3 0 0 0 0 0 0 0 0 0 0 0 0 0 0 0 0 0 0 0 0 3 0 23 15 0 0 13 0 0 41 56 0 15 0 2 14 18 9 24 0 0 0 0 0 0 0 0 0 0 0 0 0 0 0 0 0 0 0 0 38 15 0 0 1 9 0 0 0 0 0 0 0 0 0 0 0 0 0 0 0 0 0 2 0 0 28 0 0 0 0 0 15 20 11 0 0 0 0 0 0 0 11 13 31 47 0 12 32 12 23 16 14 13 0 0 0 18 0 33 0 0 0 0 0 0 0 0 23 0 0 0 0 0 0 12 17 1 0 0 0 0 0 0 0 0 0 0 0 0 0 0 0 0 0 0 0 0 0 0 0 0 0 0 2 0 0 0 0 0 0 0 0 0 0 0 12 0 0 46 1 0 0 0 0 0 0 0 0 0 0 0 0 0 0 0 0 0 0 0 0 0 0 0 0 0 0 0 7 0 0 0 
 0 2 0 0 0 0 2 0 0 0 0 1 0 0 0 0 0 0 2 0 183 149 0 85 213 188 227 108 178 111 132 29 159 64 43 243 26 185 58 237 61 0 0 0 2 3 28 0 3 65 6 3 3 2 2 1 0 3 0 64 0 0 3 3 9 0 0 3 0 0 0 0 0 3 0 0 8 2 0 0 0 0 0 0 0 0 0 0 0 0 0 14 0 0 0 0 0 0 0 0 0 19 17 12 22 11 11 0 1 8 44 24 7 9 0 12 19 17 9 24 0 0 7 0 0 0 0 10 0 0 0 0 0 0 0 0 0 0 0 35 0 0 1 26 0 0 0 0 2 0 0 2 0 0 0 0 0 0 0 0 1 2 0 0 14 12 2 0 0 0 0 0 0 0 0 0 0 0 0 0 0 1 68 12 13 0 7 26 42 10 12 0 0 14 10 0 20 26 19 20 0 0 0 0 0 0 0 0 0 0 0 0 12 0 0 0 0 0 0 0 0 0 0 0 0 0 0 0 0 0 0 0 0 0 0 0 0 0 0 0 0 0 2 0 0 0 0 0 0 0 0 0 0 0 16 0 0 0 1 1 0 0 0 0 0 0 0 0 0 0 0 0 0 0 0 0 0 0 0 0 0 9 0 0 0 12 0 0 0 0 
 2 1 0 0 0 3 1 0 0 25 0 0 0 0 0 0 0 0 1 0 38 272 85 0 101 97 60 90 118 73 394 168 61 273 44 119 99 122 67 38 62 1 2 0 4 3 89 21 0 5 4 0 72 0 60 1 3 3 71 48 0 0 3 3 2 0 30 3 0 5 0 1 0 3 40 1 19 1 0 0 0 0 1 0 0 0 0 0 0 0 0 0 0 0 0 0 0 1 0 0 0 0 3 0 32 22 0 0 20 15 15 0 0 0 0 0 23 41 0 0 0 0 10 0 0 0 6 21 1 0 0 0 35 0 0 0 11 0 24 13 0 0 2 2 0 0 0 5 0 6 0 0 0 0 0 0 13 0 0 0 2 1 26 0 0 0 0 0 0 0 0 0 0 0 0 14 0 2 20 6 0 0 0 8 62 25 0 0 0 11 23 21 0 0 0 0 16 15 0 0 18 49 0 0 0 0 23 1 0 0 0 0 20 0 30 12 0 0 54 1 0 0 0 0 0 0 0 0 0 15 0 0 0 0 0 0 0 0 0 0 0 0 2 0 0 0 0 0 0 0 0 0 0 0 6 2 4 0 0 2 0 6 0 0 0 0 0 0 0 0 0 0 0 0 0 0 0 0 0 0 0 0 0 14 0 17 0 0 0 0 
 2 2 2 2 2 90 2 2 2 5 2 2 2 2 3 2 3 2 4 4 41 328 213 101 0 90 116 122 163 80 203 56 88 72 282 254 58 399 281 288 4 2 0 0 2 0 191 0 0 4 3 0 2 0 4 0 0 6 0 51 0 4 52 5 0 0 0 3 0 0 0 0 0 6 3 0 0 3 3 0 0 0 0 0 0 0 0 0 0 0 0 0 0 0 0 0 0 0 0 0 0 0 31 10 28 34 1 0 7 0 47 17 0 0 0 0 24 1 15 0 14 0 1 15 0 0 29 16 1 0 0 0 9 47 2 10 0 0 25 81 0 9 0 2 0 7 0 2 0 0 0 0 0 0 0 0 0 1 4 0 0 0 0 0 0 0 3 0 0 8 0 0 0 0 0 0 0 0 3 0 0 0 0 32 12 1 0 0 0 15 33 51 0 0 0 14 21 22 0 0 0 17 0 0 0 0 0 0 2 18 0 0 35 0 0 15 0 0 21 10 0 0 0 0 0 1 0 0 0 0 0 1 0 2 0 1 0 0 0 0 0 0 0 0 0 0 0 0 0 0 0 0 0 0 16 2 0 5 75 0 19 2 0 0 0 0 2 0 0 0 0 0 0 0 0 0 0 11 0 0 0 0 0 0 0 0 1 0 0 0 
 0 2 0 2 0 0 0 0 2 106 4 0 0 0 0 0 0 0 2 0 80 151 188 97 90 0 40 61 174 80 139 215 28 48 193 135 253 148 47 256 0 0 0 0 2 0 46 0 0 4 2 0 3 2 2 4 5 3 63 71 0 0 3 3 0 0 42 3 0 0 0 0 0 53 0 0 0 2 0 0 0 0 0 0 15 0 0 8 0 0 0 0 0 0 0 13 0 0 0 2 0 18 0 8 20 10 0 0 31 20 14 2 0 0 20 0 10 12 0 1 1 0 0 0 0 0 17 0 0 0 8 0 17 0 10 35 0 0 54 27 0 0 0 2 0 0 0 5 0 2 0 0 0 0 0 0 0 0 0 0 0 0 0 0 0 0 3 0 0 7 0 0 0 0 0 0 0 0 0 0 0 21 0 47 31 27 0 15 13 29 21 59 0 0 0 0 3 0 0 0 10 7 0 0 0 0 19 11 0 0 0 0 35 18 11 22 0 0 22 8 0 0 0 0 0 0 0 1 0 0 0 0 0 0 0 0 0 0 0 0 0 0 0 0 0 0 0 0 0 0 0 0 0 0 13 8 1 77 74 0 13 9 0 0 0 0 0 0 0 0 0 2 0 0 0 0 0 1 0 0 0 0 0 0 0 0 12 0 0 0 
 0 0 0 38 2 0 0 0 0 0 0 77 1 0 0 1 1 76 0 0 313 76 227 60 116 40 0 175 122 45 61 29 148 45 119 44 31 207 131 100 0 0 6 0 2 0 2 0 1 5 7 0 3 0 2 0 0 3 0 0 0 0 3 9 0 0 0 3 0 0 0 0 0 3 0 0 0 2 0 0 0 0 1 14 2 8 0 0 0 0 0 19 0 0 0 0 0 0 0 0 43 14 77 4 0 15 11 1 0 0 90 10 18 12 2 24 10 12 31 30 0 0 0 0 0 0 0 0 0 0 0 0 0 0 0 0 0 0 0 13 1 0 0 0 0 0 0 0 0 2 0 0 0 0 0 0 0 0 0 5 0 0 0 11 14 14 0 5 0 15 2 26 0 0 0 0 0 0 0 0 17 19 20 37 0 0 24 35 9 31 0 0 9 14 0 6 0 30 28 12 7 0 0 0 0 0 0 0 0 0 0 0 0 0 0 0 0 15 0 0 1 2 0 0 0 0 0 0 0 2 2 0 0 0 0 0 0 0 0 0 0 0 0 0 0 0 0 0 76 0 0 0 0 0 10 0 0 0 1 12 75 2 0 0 0 0 0 0 0 0 0 0 0 0 1 0 1 0 0 0 0 24 0 0 0 0 0 0 0 0 
 0 0 0 0 0 116 0 0 0 0 78 25 0 0 0 2 2 0 2 0 45 310 108 90 122 61 175 0 45 99 366 67 337 339 142 226 40 46 183 57 0 2 0 0 2 0 2 0 0 4 2 0 3 69 4 0 0 3 0 0 0 0 3 3 6 0 2 5 0 0 0 0 0 3 0 0 22 2 0 0 0 0 0 0 16 12 0 1 0 0 0 0 0 0 0 0 0 0 0 0 0 9 29 28 0 0 12 0 23 2 41 0 17 12 0 23 19 0 20 18 2 0 0 0 0 2 9 0 0 0 0 0 3 0 0 0 0 0 0 25 0 2 0 2 0 0 0 6 0 0 0 0 0 0 0 0 0 4 23 0 0 0 0 1 12 7 0 0 0 0 0 10 0 0 0 0 0 0 0 0 1 0 23 0 38 11 23 10 10 11 9 16 35 19 32 30 3 27 27 22 0 0 0 0 0 0 0 0 0 0 0 0 0 0 0 0 0 0 15 17 0 2 0 0 0 2 0 0 0 0 0 0 0 1 0 2 0 0 0 0 0 0 0 0 0 0 0 0 0 0 0 0 0 0 17 0 1 1 0 0 4 0 0 0 0 0 0 0 0 0 0 0 0 0 0 0 0 1 0 15 0 0 0 0 0 0 0 0 0 0 
 0 0 0 0 5 0 0 1 1 1 0 0 3 0 0 2 1 1 2 0 157 367 178 118 163 174 122 45 0 120 491 90 71 195 67 206 120 121 72 161 3 0 0 0 2 0 90 206 1 4 213 0 3 0 6 0 64 3 62 62 0 47 4 4 3 49 41 5 0 0 0 0 0 3 46 3 0 2 0 0 0 0 0 0 0 0 0 0 0 0 0 0 0 0 0 0 9 0 0 0 0 15 19 0 60 48 1 14 2 17 35 29 0 10 27 9 9 20 0 11 0 0 0 5 0 0 19 10 0 0 0 1 12 1 0 3 14 0 27 24 0 1 0 2 0 0 0 7 0 0 0 0 0 0 0 0 0 1 0 0 0 0 0 0 0 0 4 0 0 3 0 0 0 0 0 0 0 0 0 1 19 3 15 0 19 28 23 36 17 25 1 45 0 0 1 0 0 10 0 41 8 5 0 0 0 0 2 0 2 0 0 0 38 14 1 38 0 0 33 8 0 0 0 0 0 0 0 0 0 0 0 0 0 2 0 1 0 0 0 0 0 0 9 0 0 2 0 0 0 0 0 0 0 0 7 0 0 82 79 3 25 31 0 0 0 2 0 0 0 0 0 0 0 0 0 0 0 0 0 0 0 9 0 0 0 0 10 0 0 2 
 0 0 0 0 0 2 0 0 1 2 0 0 2 0 0 0 0 0 7 2 76 127 111 73 80 80 45 99 120 0 166 42 122 218 234 233 140 192 91 80 0 0 0 0 2 0 64 0 0 4 2 1 3 0 2 0 0 3 0 63 0 0 3 3 0 0 2 3 64 2 0 0 4 3 0 0 0 9 1 5 0 0 0 0 0 0 0 0 0 0 0 0 0 0 0 0 1 0 0 0 0 25 27 1 0 1 1 0 17 0 24 29 1 0 0 17 18 1 0 0 25 0 0 0 0 0 8 0 0 0 0 0 7 0 0 0 0 0 20 22 0 0 0 2 0 0 0 0 0 0 0 0 0 0 0 0 0 1 12 0 0 0 0 0 0 1 7 0 0 0 0 2 0 0 0 0 0 0 0 0 0 0 0 1 12 33 1 1 17 4 17 20 0 0 2 18 11 11 0 0 0 0 0 0 0 0 0 0 0 0 0 0 10 15 3 0 1 20 21 0 0 0 0 0 0 0 0 0 0 0 0 0 0 0 0 0 0 0 0 0 0 0 0 0 0 0 0 0 0 0 0 0 0 2 7 1 0 73 75 0 2 4 0 0 0 0 0 0 0 0 0 0 0 0 0 0 0 0 0 0 0 0 0 0 0 0 10 0 0 0 
 0 1 0 0 0 1 0 0 19 3 120 0 0 0 0 0 0 0 1 0 117 457 132 394 203 139 61 366 491 166 0 184 51 73 212 81 289 184 67 118 0 0 0 0 2 0 2 0 0 3 14 0 3 1 2 0 0 3 0 0 0 0 3 3 0 0 0 3 55 0 0 0 0 3 0 0 1 1 0 0 0 0 0 0 0 0 0 0 0 0 0 0 0 0 0 0 1 0 0 0 0 0 43 0 45 11 0 26 13 20 20 24 0 0 0 13 19 15 0 18 0 0 0 0 0 0 0 0 0 0 0 0 0 0 0 13 0 0 18 10 0 0 1 2 0 0 0 0 0 0 0 0 0 0 0 0 0 5 2 1 0 0 0 0 0 0 8 0 0 4 0 1 0 0 0 0 0 0 0 0 22 9 11 0 0 0 7 17 0 17 27 16 0 0 18 29 19 10 0 0 0 21 0 0 0 0 12 0 0 0 0 0 0 0 0 20 0 19 0 11 0 0 0 0 0 0 0 0 0 0 0 0 0 0 0 0 0 0 0 0 0 0 1 0 0 0 0 0 0 0 0 0 0 1 11 0 0 1 76 0 23 1 0 0 0 0 0 0 0 0 0 0 0 0 0 0 0 0 0 0 0 12 0 0 0 0 0 0 0 0 
 0 0 0 0 0 0 0 0 0 23 0 103 0 1 2 0 0 0 2 0 36 34 29 168 56 215 29 67 90 42 184 0 51 28 105 38 147 227 29 300 0 0 0 0 2 0 3 61 1 5 2 0 41 0 2 0 4 3 0 74 0 0 3 4 0 0 0 3 0 0 0 0 0 4 0 0 2 3 0 0 0 0 0 0 0 0 0 0 0 0 0 0 0 0 0 0 0 0 0 0 0 24 0 0 46 0 0 18 28 21 0 1 0 0 0 21 9 14 0 0 0 0 0 0 0 0 11 5 9 0 1 0 47 1 1 10 0 13 25 0 0 0 0 0 11 0 0 0 0 0 2 0 0 0 1 0 0 0 0 23 0 0 0 0 23 0 3 0 0 27 0 0 0 0 0 0 2 0 0 0 0 0 4 18 36 68 0 0 1 16 19 32 6 0 0 15 6 0 2 0 14 18 0 37 0 0 34 0 0 2 11 0 0 18 15 43 0 0 13 10 0 0 0 0 0 0 0 0 0 0 0 0 0 0 0 0 0 0 0 2 0 0 0 0 0 0 0 0 0 0 0 0 0 0 16 1 2 75 74 5 16 0 0 0 0 0 0 0 0 0 0 0 0 0 0 0 0 0 0 0 0 10 0 0 0 0 37 0 0 0 
 60 30 0 73 3 1 0 7 0 0 69 224 63 74 0 2 0 94 1 0 120 268 159 61 88 28 148 337 71 122 51 51 0 171 129 87 47 147 134 66 0 5 0 0 2 0 2 0 0 3 2 0 3 1 2 0 203 3 2 0 0 0 3 3 0 0 0 3 0 0 0 0 0 3 0 0 0 9 0 0 0 0 0 11 45 11 10 0 0 1 12 0 0 0 0 12 0 11 10 0 61 7 14 19 0 0 12 0 1 0 12 1 66 20 8 0 13 0 49 46 0 0 0 0 0 0 0 0 0 0 0 0 0 0 0 0 0 0 0 0 0 0 0 0 0 0 0 0 0 0 2 0 0 0 0 0 0 0 0 0 0 0 0 17 10 12 0 0 0 0 1 33 0 0 0 1 1 0 0 9 17 19 26 18 0 0 33 25 0 0 0 0 12 55 14 52 10 13 12 0 0 0 0 0 0 0 0 0 0 0 0 0 0 0 0 0 0 14 0 0 2 1 0 0 0 0 0 0 0 0 0 0 0 0 0 0 0 0 0 0 0 0 0 0 0 0 0 0 82 0 0 0 0 0 25 2 2 0 0 2 2 0 0 0 0 0 0 0 0 0 0 0 0 0 0 0 0 0 0 19 0 0 0 0 0 0 0 0 0 0 
 0 0 0 1 1 87 0 0 4 0 63 37 0 2 2 4 0 0 1 0 67 346 64 273 72 48 45 339 195 218 73 28 171 0 222 122 19 107 82 94 0 5 0 0 2 1 2 0 0 3 2 2 3 0 4 3 0 3 1 0 1 1 3 4 0 0 0 3 0 2 0 3 1 3 0 0 0 2 0 4 0 0 0 0 13 45 0 0 0 0 0 13 0 0 0 0 0 0 0 0 1 9 24 24 0 0 17 10 34 10 0 8 29 1 8 28 10 0 26 22 0 2 0 0 0 11 0 0 0 0 0 0 0 0 0 0 0 0 12 0 0 0 0 2 2 0 0 0 3 0 0 3 0 0 0 0 0 0 1 0 0 0 0 8 2 0 2 0 1 17 0 15 0 0 1 0 0 0 0 0 11 22 30 10 0 8 52 0 23 9 7 0 16 12 60 35 0 6 27 6 0 1 0 0 0 0 0 0 0 0 0 0 0 0 0 0 0 0 0 0 0 0 0 0 0 0 0 0 0 0 0 0 0 0 2 0 0 0 0 0 0 0 0 0 0 0 64 0 0 0 0 0 0 0 7 0 1 1 74 0 1 2 0 0 0 0 0 0 0 0 0 0 0 0 0 3 0 0 0 0 0 0 0 0 0 0 0 0 0 0 
 0 0 0 0 1 0 0 0 0 0 0 1 0 0 0 0 0 0 1 0 195 60 43 44 282 193 119 142 67 234 212 105 129 222 0 147 106 24 49 205 0 0 0 0 2 0 3 0 0 5 3 0 3 1 3 0 0 89 0 69 0 0 3 3 1 0 0 3 0 0 0 0 0 3 0 0 1 0 0 1 0 0 0 13 19 3 0 0 0 0 0 0 0 0 0 1 0 0 0 0 20 35 10 22 49 63 11 32 12 15 78 48 0 12 50 68 0 16 19 10 25 14 0 0 0 0 33 0 0 0 0 0 0 0 0 1 0 0 22 22 0 0 15 0 0 0 0 2 1 0 0 0 0 0 0 1 0 5 7 0 0 0 0 1 0 0 13 0 0 4 0 19 0 0 0 0 0 0 0 0 29 37 8 18 1 19 0 15 23 0 21 13 15 41 0 33 32 58 14 24 0 5 0 0 0 0 0 0 0 0 0 0 20 0 1 0 0 0 0 1 0 0 0 0 0 0 0 0 0 0 0 0 0 0 0 0 1 0 0 0 0 0 22 0 0 0 0 0 0 0 0 0 1 0 18 2 0 79 121 0 3 0 0 0 0 0 0 0 0 0 0 0 0 0 0 0 0 0 0 0 0 9 0 0 0 0 0 0 0 0 
 0 0 0 0 0 34 0 0 0 0 2 0 0 0 0 0 0 0 4 2 122 53 243 119 254 135 44 226 206 233 81 38 87 122 147 0 123 229 239 58 208 0 0 0 2 0 131 0 0 6 26 0 3 0 2 2 1 3 0 266 0 0 3 3 4 0 100 3 0 0 0 2 0 3 0 0 7 3 0 0 0 0 0 0 0 0 0 0 24 0 0 0 0 0 0 0 0 0 0 0 0 1 46 75 32 11 8 0 13 1 57 34 3 0 0 21 62 1 0 8 12 0 0 0 0 4 9 0 1 0 0 0 7 0 0 0 0 0 1 58 0 0 0 0 0 0 1 5 0 0 0 0 0 0 2 0 0 0 14 0 0 0 0 0 5 30 0 0 9 0 0 6 0 0 0 0 0 0 0 0 0 0 18 51 17 12 3 18 0 59 13 23 16 9 32 30 19 58 29 13 7 0 0 0 0 0 2 0 0 2 0 0 40 0 21 0 0 0 22 1 10 0 2 0 0 0 0 0 7 0 0 0 0 0 0 0 0 0 0 0 0 0 3 0 0 0 0 0 0 0 0 2 0 0 7 0 4 0 1 1 0 12 0 0 0 0 0 0 0 0 0 0 0 0 0 0 0 0 0 0 0 10 0 0 0 0 0 0 0 0 
 0 0 0 3 0 0 0 0 0 24 0 0 0 0 0 0 0 0 4 0 64 177 26 99 58 253 31 40 120 140 289 147 47 19 106 123 0 120 53 40 0 0 0 0 2 0 35 0 0 4 2 0 66 0 3 0 3 3 65 55 0 0 3 3 0 0 38 3 0 0 0 0 0 3 0 0 0 1 0 0 19 0 0 2 0 0 0 0 0 0 6 1 0 0 9 0 0 0 0 0 0 12 0 9 23 9 0 0 22 19 25 21 0 0 20 1 23 24 15 0 2 0 0 0 0 0 9 0 0 2 0 0 14 0 0 0 1 0 38 30 0 0 0 3 0 0 0 8 0 3 0 0 0 0 0 0 0 0 0 0 0 0 0 0 0 0 0 14 0 0 0 0 1 0 1 0 0 0 0 0 0 19 0 44 32 40 0 14 34 26 21 61 0 0 2 0 1 6 0 0 4 10 0 0 0 0 0 1 0 0 0 0 38 12 6 0 0 0 37 1 0 0 0 0 0 0 0 0 0 0 0 0 0 0 0 0 0 0 0 0 0 0 0 0 0 0 0 0 0 0 0 0 0 0 13 0 0 166 0 1 1 18 0 0 0 0 0 0 0 0 0 0 0 0 0 0 0 0 0 0 0 0 0 0 0 0 6 0 0 0 
 3 3 3 4 3 3 3 3 3 3 3 3 3 3 3 3 4 3 5 5 113 264 185 122 399 148 207 46 121 192 184 227 147 107 24 229 120 0 31 28 66 2 0 0 2 3 66 66 4 7 51 1 43 0 62 0 0 3 0 56 0 0 5 3 0 0 10 3 1 0 0 2 0 3 6 0 0 3 0 0 0 0 0 2 0 0 0 0 30 0 0 0 0 0 0 0 0 0 0 0 0 20 13 0 14 13 1 0 2 0 0 36 42 0 0 21 23 13 0 15 0 0 17 0 0 0 0 13 10 0 0 0 0 1 0 0 0 0 1 26 0 0 0 2 0 0 0 0 0 0 2 0 0 0 2 0 0 1 0 6 0 0 0 0 21 1 22 0 27 0 0 6 0 0 0 0 2 0 0 0 0 0 14 61 30 56 0 0 49 25 2 22 10 1 0 50 10 33 2 0 11 0 0 0 0 0 2 0 0 2 0 0 0 13 10 1 0 0 0 0 0 0 2 0 0 0 0 0 0 0 0 0 0 0 0 0 0 0 0 2 0 0 0 0 0 0 0 0 0 0 0 0 0 0 16 2 0 73 0 0 2 0 0 0 0 0 0 0 0 0 0 0 0 0 0 0 0 0 0 0 0 2 0 0 0 5 5 0 0 0 
 0 86 78 82 169 83 0 3 89 0 103 2 0 1 103 83 129 82 1 0 42 50 58 67 281 47 131 183 72 91 67 29 134 82 49 239 53 31 0 93 0 0 0 0 2 0 2 0 0 71 2 0 3 0 4 4 0 3 0 0 0 0 59 3 0 0 0 3 0 0 0 0 0 3 0 0 0 1 1 4 0 49 24 0 16 13 0 0 0 0 14 23 0 0 9 0 0 0 0 0 16 17 0 0 0 0 3 0 0 8 0 0 32 78 0 0 0 10 19 18 0 0 0 0 0 0 0 0 0 0 0 0 12 0 0 0 0 0 0 0 0 0 0 2 0 0 0 0 2 0 0 2 0 0 0 0 0 6 0 0 4 0 15 0 30 20 0 0 0 31 0 0 0 0 0 13 1 19 0 0 0 10 39 10 0 0 0 0 19 27 0 0 27 5 9 22 0 0 10 10 0 0 0 0 0 0 0 0 12 0 0 0 0 0 0 0 0 0 0 0 0 0 0 0 0 0 0 0 0 11 0 0 0 0 12 0 0 0 0 0 0 0 0 0 0 0 0 0 0 77 0 0 13 0 25 0 0 0 0 0 3 0 0 0 0 0 0 0 0 0 0 0 0 0 0 0 0 0 0 39 0 0 0 0 0 0 0 0 0 0 
 1 0 0 211 2 71 0 0 1 0 105 76 2 0 68 0 73 0 1 0 140 258 237 38 288 256 100 57 161 80 118 300 66 94 205 58 40 28 93 0 0 9 0 0 95 0 2 0 0 3 2 0 3 0 3 0 0 3 0 0 0 0 3 3 0 0 1 3 0 0 0 0 0 3 0 0 0 1 0 0 0 0 0 62 13 8 0 0 0 0 0 14 0 0 0 0 0 0 1 0 16 18 15 12 0 0 9 25 15 21 0 0 1 19 26 0 2 11 28 30 0 0 0 0 0 0 0 0 0 0 0 0 0 0 0 0 0 0 0 0 2 0 0 2 0 0 0 0 3 1 0 2 0 0 0 0 0 0 0 0 0 15 0 12 16 0 0 0 0 0 9 19 0 0 0 0 14 0 0 0 47 40 35 24 0 0 29 17 20 27 0 0 1 16 28 0 11 0 10 57 0 0 0 0 0 0 0 0 0 0 0 0 0 0 0 17 0 16 0 0 2 0 0 31 0 0 0 0 0 1 1 0 0 0 0 0 0 0 0 0 0 0 8 0 0 0 0 0 0 0 0 0 0 0 10 9 2 2 76 3 0 0 0 0 0 0 0 0 0 0 0 0 0 0 0 0 0 0 0 0 0 0 0 1 0 0 0 0 0 0 
 0 0 0 0 0 0 0 0 0 0 6 0 0 2 0 0 0 0 2 0 0 0 61 62 4 0 0 0 3 0 0 0 0 0 0 208 0 66 0 0 0 113 195 59 48 29 143 226 44 252 59 41 228 197 54 55 44 41 139 59 5 4 5 1 0 0 0 0 60 1 0 4 0 0 13 3 2 0 0 0 0 0 0 0 0 0 0 0 0 0 0 0 0 0 0 0 0 0 0 0 0 0 0 0 10 0 0 0 0 0 0 23 0 0 0 0 10 0 0 0 24 20 49 0 0 27 0 33 10 43 0 0 2 18 34 6 11 25 0 9 0 9 7 1 5 0 10 0 0 3 0 0 0 0 0 0 0 0 0 11 0 0 0 0 9 0 0 1 0 0 5 0 0 0 0 0 0 0 0 0 0 0 0 0 43 9 0 0 0 0 0 0 0 0 0 0 8 9 0 0 37 0 0 1 22 0 0 0 0 9 7 58 1 2 44 11 18 7 0 3 0 0 0 0 4 0 0 0 8 5 0 2 0 0 0 0 0 0 12 10 0 0 1 0 0 0 0 0 0 0 0 2 0 0 0 0 0 0 0 22 0 0 0 0 0 2 9 0 0 0 1 0 0 1 0 5 0 0 0 0 0 0 0 0 0 12 0 0 1 0 
 3 3 3 3 3 3 3 3 3 3 7 5 3 3 6 3 4 3 3 3 1 0 0 1 2 0 0 2 0 0 0 0 5 5 0 0 0 2 0 9 113 0 236 89 245 92 76 254 185 37 17 58 341 165 176 45 79 110 127 61 2 1 0 1 1 1 0 2 0 1 67 46 0 0 0 3 51 0 0 2 0 0 0 0 1 0 0 0 0 0 0 0 0 0 0 0 0 0 0 0 25 0 2 4 0 0 0 0 0 0 0 0 5 0 1 0 7 0 6 6 10 0 0 0 21 18 19 0 10 8 22 20 0 18 23 1 0 22 0 0 9 11 0 2 0 8 0 0 0 0 0 0 0 0 17 0 0 0 0 11 0 0 0 0 0 0 0 0 1 0 0 8 0 0 0 0 0 0 0 0 0 0 0 0 0 0 9 0 7 0 0 0 0 1 4 0 4 0 0 1 0 0 11 10 20 0 11 10 1 17 7 1 0 38 1 0 20 11 0 10 0 0 0 0 0 0 10 0 2 0 0 0 32 21 0 0 0 0 9 0 0 0 12 0 0 0 0 0 0 31 0 6 0 2 0 0 0 2 1 0 0 0 64 2 2 1 2 4 0 0 10 0 0 0 2 0 0 0 0 0 0 0 0 0 0 0 0 0 0 0 
 0 0 0 2 3 0 0 0 0 0 0 0 0 0 0 0 0 0 2 0 0 0 0 2 0 0 6 0 0 0 0 0 0 0 0 0 0 0 0 0 195 236 0 90 76 26 92 211 80 211 131 37 222 404 80 115 145 135 50 116 2 0 0 2 0 0 0 12 0 0 6 0 0 0 0 0 0 3 0 51 0 0 0 0 0 0 0 0 0 0 0 0 9 0 13 0 0 0 0 0 0 0 0 0 0 0 0 0 0 0 0 0 0 0 0 0 0 0 0 0 21 28 0 0 0 11 0 0 3 48 1 19 0 7 2 18 44 11 0 0 5 15 0 8 0 0 15 1 9 0 0 2 0 4 8 3 0 0 2 1 0 0 0 21 0 0 0 0 0 0 0 0 0 3 0 0 0 0 0 0 0 0 0 15 0 0 0 0 0 0 0 0 0 0 0 0 0 0 0 0 23 0 0 1 1 7 0 18 10 13 33 24 0 0 8 0 14 1 0 0 0 3 0 17 0 0 31 1 0 0 0 0 15 13 0 0 1 0 26 14 0 0 2 0 0 0 0 0 0 0 0 11 1 0 0 0 0 0 0 1 0 0 1 0 67 1 0 0 0 0 4 0 0 0 0 0 0 0 0 0 0 0 0 0 0 16 0 0 0 0 
 3 3 3 3 3 3 8 3 3 3 3 3 3 3 3 3 3 3 4 3 0 0 0 0 0 0 0 0 0 0 0 0 0 0 0 0 0 0 0 0 59 89 90 0 124 98 295 64 73 171 175 312 149 142 55 38 217 113 65 71 0 0 0 0 6 6 22 28 0 6 0 0 101 0 1 0 0 0 51 52 0 0 0 0 0 0 0 0 0 0 0 0 0 0 0 0 0 0 0 0 0 0 0 0 0 0 0 0 0 0 0 0 0 0 0 0 0 0 0 0 21 0 0 0 1 18 0 0 0 0 0 0 0 8 0 0 6 0 0 0 0 0 0 2 0 7 9 0 9 0 9 0 0 28 0 0 30 0 0 0 9 0 0 0 0 0 0 0 0 0 0 0 0 6 0 0 0 0 0 0 0 0 0 0 0 0 21 0 0 0 0 0 0 0 0 0 0 0 0 0 0 0 0 0 20 11 8 0 1 0 0 0 0 22 0 0 21 0 0 0 9 0 10 0 0 6 0 2 0 0 0 22 0 9 24 0 0 20 7 0 0 0 0 0 0 0 0 0 0 0 0 8 0 0 0 0 0 0 0 13 0 0 67 0 2 0 2 1 0 0 25 0 10 0 0 0 0 0 0 0 0 0 0 0 0 0 0 0 0 0 
 0 0 0 0 0 0 0 1 0 3 6 0 0 0 0 0 2 0 1 0 2 2 2 4 2 2 2 2 2 2 2 2 2 2 2 2 2 2 2 95 48 245 76 124 0 618 266 95 82 87 323 173 318 267 57 86 83 47 50 302 3 2 55 0 0 0 0 14 21 5 0 0 103 56 0 26 48 0 31 56 0 0 0 0 0 0 0 0 0 0 0 0 0 0 0 0 0 13 0 0 0 13 0 0 0 0 0 0 0 0 0 0 0 0 0 0 0 0 0 0 0 25 0 12 0 11 0 0 0 0 0 11 0 8 0 15 9 0 0 0 11 14 10 3 0 0 22 0 3 10 36 1 13 44 0 26 23 0 0 2 3 10 2 0 0 0 0 0 0 0 0 0 0 0 0 0 9 0 0 0 0 0 0 0 0 0 0 0 0 0 0 0 0 0 0 0 0 0 0 0 0 0 10 0 10 36 0 0 10 0 0 7 0 0 0 21 1 0 0 0 45 1 14 28 0 0 27 6 8 20 16 0 0 11 17 10 9 1 0 5 0 0 0 0 0 0 0 0 0 0 0 8 0 0 0 21 0 0 0 1 0 0 1 0 0 5 2 2 3 0 5 0 0 22 0 0 0 0 0 0 0 0 0 0 9 0 0 10 0 0 
 0 0 0 0 0 0 0 0 0 2 0 0 0 0 0 67 0 0 1 0 0 0 3 3 0 0 0 0 0 0 0 0 0 1 0 0 0 3 0 0 29 92 26 98 618 0 26 110 131 102 174 177 239 279 34 395 147 43 47 42 2 23 52 0 0 0 1 10 5 0 0 0 99 0 47 0 0 0 50 5 0 0 0 0 0 0 0 0 0 0 0 0 0 0 0 0 0 0 0 0 0 0 0 0 0 0 0 0 0 0 0 0 0 0 0 0 0 0 21 0 0 0 0 4 29 0 6 0 18 0 9 20 0 0 7 0 0 0 0 0 3 5 0 2 0 0 3 3 5 20 10 7 19 0 8 0 26 0 7 15 0 0 0 0 0 0 0 0 0 0 0 0 0 0 0 0 14 0 0 0 0 0 0 0 0 0 0 0 0 0 0 0 9 0 0 0 0 0 0 0 0 0 1 12 0 8 0 18 19 9 0 0 0 0 0 0 0 0 0 0 15 0 1 10 11 0 8 0 0 0 5 2 15 9 1 31 10 1 0 0 0 0 1 0 0 0 0 0 0 0 0 5 0 0 0 0 0 0 0 0 0 0 9 2 0 23 1 63 1 0 0 0 0 0 0 0 0 0 0 0 0 0 0 0 0 0 0 0 0 0 
 0 0 0 0 1 0 0 2 1 1 0 0 1 0 0 0 1 0 0 0 3 2 28 89 191 46 2 2 90 64 2 3 2 2 3 131 35 66 2 2 143 76 92 295 266 26 0 90 59 55 257 32 83 56 322 53 36 31 118 128 0 0 0 0 0 0 58 0 0 0 0 0 0 0 49 0 0 0 0 0 0 0 0 0 0 0 0 0 0 0 0 0 0 0 0 0 0 0 0 0 0 0 0 1 7 22 0 0 0 0 31 24 0 0 0 0 14 10 0 0 0 0 12 2 0 0 26 22 0 0 0 0 29 0 0 1 9 0 37 49 0 0 0 2 0 5 15 8 0 0 0 0 0 0 0 0 0 0 0 0 0 0 0 0 0 0 0 0 0 0 0 0 0 0 0 3 0 0 0 2 0 0 0 1 64 37 0 0 31 3 2 35 0 0 0 0 10 11 0 0 4 0 0 0 0 0 7 11 0 27 0 0 49 0 3 2 0 0 40 3 0 0 0 0 0 0 0 0 0 0 0 0 0 0 0 0 0 0 0 0 0 0 0 0 0 0 0 0 0 0 0 22 0 2 0 0 0 62 0 1 1 21 2 0 2 0 9 0 2 0 0 1 0 0 0 0 0 0 0 0 0 0 0 0 0 8 0 0 0 0 
 0 0 0 0 0 69 0 0 0 0 0 0 0 0 0 0 0 0 0 0 0 0 0 21 0 0 0 0 206 0 0 61 0 0 0 0 0 66 0 0 226 254 211 64 95 110 90 0 134 47 37 27 242 206 62 233 58 39 65 169 6 0 0 0 0 0 0 6 7 0 0 0 5 0 0 0 0 0 0 5 0 0 0 0 0 0 0 0 0 0 0 0 0 0 0 0 0 0 0 0 0 0 9 0 0 0 0 0 0 0 0 10 0 0 0 0 2 0 0 0 26 41 8 0 13 21 0 27 2 35 3 16 0 8 31 0 21 24 0 11 8 34 0 1 0 0 13 0 9 0 21 0 4 0 12 2 4 0 0 7 0 0 0 0 0 11 0 0 0 0 4 0 0 0 0 0 0 0 0 0 0 0 0 1 19 1 0 0 0 0 0 1 0 0 0 0 1 14 0 0 11 6 31 0 26 38 0 1 0 7 0 22 0 13 21 23 0 12 9 0 13 0 0 2 0 0 9 0 0 0 11 0 20 8 0 12 0 0 0 0 0 0 14 0 0 0 0 0 0 0 0 2 0 0 0 0 0 0 0 6 0 0 2 0 1 1 2 76 0 0 3 0 0 0 0 0 0 0 0 0 0 0 0 0 0 26 0 0 0 0 
 0 0 0 6 0 0 0 3 0 0 6 0 1 0 3 0 0 3 2 0 0 0 3 0 0 0 1 0 1 0 0 1 0 0 0 0 0 4 0 0 44 185 80 73 82 131 59 134 0 109 100 40 142 79 66 67 158 169 109 79 2 0 1 0 0 0 0 2 1 2 0 1 0 0 0 0 2 2 0 55 0 0 0 0 0 0 0 3 4 7 1 0 0 0 0 0 0 1 0 0 0 0 0 0 0 0 0 0 0 0 0 0 0 0 0 0 0 0 0 0 2 0 22 8 28 0 0 0 0 10 40 12 18 13 21 0 0 31 0 0 5 13 0 1 0 0 1 0 0 0 0 0 0 0 12 0 0 0 0 7 0 5 0 3 7 0 0 0 0 0 1 0 0 2 0 0 1 0 0 0 0 0 0 0 0 0 0 0 0 0 0 0 0 0 0 0 0 0 4 0 0 0 26 28 7 21 19 0 13 14 27 0 0 7 0 6 0 15 0 23 0 1 0 0 0 0 12 0 0 0 0 0 21 29 11 0 0 4 5 0 0 0 11 0 0 0 0 0 0 0 0 0 0 2 0 0 0 0 0 2 0 0 0 0 0 1 2 5 0 0 0 0 0 0 0 0 0 0 0 0 0 0 0 0 8 0 0 0 0 0 
 4 4 3 3 4 3 3 3 3 3 3 4 4 3 3 3 5 3 3 5 3 3 65 5 4 4 5 4 4 4 3 5 3 3 5 6 4 7 71 3 252 37 211 171 87 102 55 47 109 0 138 53 124 247 192 110 62 59 104 143 0 0 33 0 0 0 59 207 0 68 0 1 0 0 0 0 0 0 0 0 0 0 0 0 0 0 0 0 1 0 0 0 0 0 0 0 0 0 0 0 0 0 0 0 0 0 0 0 0 0 0 0 0 0 0 0 0 0 0 0 48 10 0 10 9 5 12 0 0 32 0 0 12 6 3 7 20 13 0 11 0 0 0 0 0 0 9 0 0 0 0 0 1 0 0 0 0 0 0 0 0 0 0 0 0 0 0 0 0 0 2 0 0 0 0 0 0 0 0 0 0 0 0 0 0 0 0 0 0 0 0 0 0 0 0 0 0 0 0 0 21 0 9 0 38 11 0 11 0 0 44 22 0 17 16 0 15 46 0 0 0 0 0 0 0 0 1 17 0 0 0 0 0 0 0 0 0 0 19 17 0 0 7 0 0 0 0 0 0 0 0 11 0 0 0 0 0 0 0 20 0 0 0 1 46 0 0 1 1 0 0 0 0 0 0 0 0 0 0 0 0 0 0 0 0 0 0 0 0 0 
 0 0 0 0 0 0 0 0 0 3 0 0 0 0 0 0 0 0 1 0 7 68 6 4 3 2 7 2 213 2 14 2 2 2 3 26 2 51 2 2 59 17 131 175 323 174 257 37 100 138 0 90 252 30 58 273 244 237 33 58 8 0 2 0 0 0 21 79 0 17 0 0 50 0 2 0 0 0 73 108 0 0 0 0 0 0 10 0 0 0 0 0 0 0 0 0 0 0 0 0 0 0 3 0 0 3 2 0 0 0 2 19 0 0 0 7 0 0 0 0 0 0 0 0 1 0 0 0 0 0 0 21 0 0 0 0 0 0 0 3 18 0 0 0 0 0 10 0 9 0 0 0 0 7 0 0 42 0 0 0 0 0 0 0 0 0 0 0 0 0 0 0 0 8 0 0 0 8 0 0 0 1 0 0 0 0 0 6 0 3 0 0 0 0 0 23 0 8 0 0 0 0 0 0 11 19 0 0 0 0 10 0 0 0 0 0 0 0 0 0 19 6 11 0 0 0 11 8 7 1 0 0 14 30 9 0 0 31 31 8 0 0 14 0 0 0 0 0 0 0 0 2 0 0 0 0 0 0 0 15 0 0 0 0 1 0 2 1 2 0 15 0 0 0 0 0 0 0 0 0 0 7 0 0 0 0 0 0 0 0 
 0 0 0 0 0 1 0 0 0 3 0 0 0 0 0 56 0 0 0 0 0 5 3 0 0 0 0 0 0 1 0 0 0 2 0 0 0 1 0 0 41 58 37 312 173 177 32 27 40 53 90 0 95 324 48 285 215 105 35 52 0 0 0 0 6 1 0 6 0 13 0 0 50 2 1 0 0 0 0 25 0 0 0 0 0 0 0 0 0 0 0 0 0 0 0 0 0 0 0 0 0 0 0 0 0 0 0 0 0 0 0 0 0 0 0 0 0 0 0 0 1 22 1 16 14 30 0 0 0 0 9 2 0 8 9 1 11 0 0 1 11 1 16 2 0 7 6 0 10 0 0 0 27 18 0 0 0 0 6 0 0 0 0 0 0 0 0 0 0 0 0 0 0 0 0 0 0 0 0 0 0 0 0 0 0 0 0 0 0 0 0 0 0 0 0 0 0 0 0 0 1 0 16 1 20 24 8 20 22 0 0 1 0 26 0 0 22 1 0 0 2 0 16 0 0 7 6 19 0 0 0 0 1 6 7 0 0 1 0 0 0 0 0 0 0 0 0 0 0 0 0 8 0 2 0 0 0 0 0 2 0 0 65 61 0 2 0 1 4 0 53 0 0 0 0 0 0 0 0 0 0 3 0 0 12 0 0 48 0 0 
 3 5 3 6 3 3 3 3 3 3 3 3 3 3 3 3 3 3 5 3 2 3 3 72 2 3 3 3 3 3 3 41 3 3 3 3 66 43 3 3 228 341 222 149 318 239 83 242 142 124 252 95 0 433 114 36 317 33 161 123 3 0 1 0 0 0 0 0 0 0 0 0 6 4 0 0 0 0 2 0 0 0 0 14 0 0 0 0 0 0 0 0 0 0 0 0 0 0 0 0 0 0 0 0 0 0 0 0 0 0 0 1 0 0 0 0 0 0 0 0 37 29 19 0 0 32 0 0 8 40 2 0 56 14 2 3 21 14 0 11 0 0 0 1 0 17 0 0 0 0 0 0 1 0 0 0 0 0 0 0 0 0 0 0 0 0 12 0 0 0 5 0 0 0 0 0 0 0 0 0 0 0 0 0 20 23 0 0 0 0 0 0 0 0 0 0 0 0 0 0 51 3 11 1 13 18 21 1 0 10 40 29 0 11 27 13 0 10 4 2 0 0 0 0 0 0 0 0 0 0 0 0 0 0 0 0 0 0 22 16 0 0 0 0 0 3 0 0 0 0 0 10 0 0 0 0 0 0 0 9 0 0 3 0 0 2 0 0 0 0 1 0 0 0 0 0 0 0 0 0 0 0 0 0 0 10 0 0 0 0 
 6 0 3 0 0 0 0 0 0 0 0 0 0 0 0 0 0 0 6 1 0 0 2 0 0 2 0 69 0 0 1 0 1 0 1 0 0 0 0 0 197 165 404 142 267 279 56 206 79 247 30 324 433 0 197 50 119 98 194 111 5 0 0 0 0 0 0 0 1 0 0 0 0 0 0 0 0 0 0 0 6 5 0 0 0 0 0 0 0 0 0 0 2 1 0 0 1 0 0 0 0 0 0 0 0 0 0 0 0 0 0 0 0 0 0 0 0 0 0 0 26 0 11 0 14 13 0 0 0 25 16 1 22 31 21 0 11 21 0 10 0 11 0 1 0 3 10 0 0 0 0 0 0 0 12 0 0 0 8 0 0 0 0 0 0 0 0 0 0 0 3 0 3 0 0 0 0 0 0 2 0 1 0 0 0 0 0 0 0 0 0 0 0 0 0 0 0 0 0 0 7 0 11 13 12 0 19 0 0 20 69 15 0 30 10 0 11 13 0 22 0 15 0 0 0 0 19 0 0 0 0 0 1 0 0 0 0 0 0 13 0 0 22 0 0 0 0 0 0 0 0 2 0 2 0 0 0 0 0 10 0 0 2 0 0 2 2 1 0 0 0 0 0 0 0 0 0 0 0 0 0 0 0 0 0 0 0 0 0 0 
 0 2 0 0 1 1 0 0 0 0 0 1 0 1 0 1 5 0 2 0 1 2 2 60 4 2 2 4 6 2 2 2 2 4 3 2 3 62 4 3 54 176 80 55 57 34 322 62 66 192 58 48 114 197 0 125 36 108 176 118 0 0 0 0 0 205 0 0 0 0 0 0 0 0 49 0 0 0 0 0 0 0 0 0 0 2 0 1 0 0 0 0 0 0 0 0 0 0 0 13 0 0 0 0 0 15 0 0 0 0 0 10 5 0 0 0 0 10 4 13 14 1 0 0 13 0 21 19 0 12 6 0 13 0 21 66 14 15 10 0 0 0 0 2 0 0 8 0 0 4 0 0 0 0 0 0 0 0 0 0 0 0 0 1 0 3 0 0 0 0 0 2 0 0 0 3 0 0 0 2 0 0 6 0 19 0 3 0 0 0 0 0 1 0 6 0 0 0 0 0 11 0 0 0 8 0 7 17 0 10 11 11 7 25 16 10 11 8 11 11 0 0 0 0 0 0 0 0 0 0 0 0 0 0 0 0 0 0 11 33 0 0 2 0 0 0 0 0 0 0 0 2 0 1 0 0 0 0 2 0 2 0 1 0 64 1 2 1 0 0 0 0 0 0 0 0 0 0 0 0 0 0 0 0 0 1 0 0 0 0 
 0 0 25 1 0 0 0 0 0 0 0 0 0 0 0 0 0 0 1 0 0 0 1 1 0 4 0 0 0 0 0 0 0 3 0 2 0 0 4 0 55 45 115 38 86 395 53 233 67 110 273 285 36 50 125 0 268 41 108 56 0 8 0 0 1 0 0 0 0 4 0 4 0 14 0 0 0 0 0 0 0 0 0 0 0 0 0 0 0 0 0 0 0 0 0 0 0 0 0 0 0 0 0 0 5 0 0 0 0 0 0 0 0 0 9 0 0 0 0 0 22 23 41 10 25 4 8 9 29 0 16 0 7 1 28 5 0 18 0 0 0 0 0 1 0 2 0 0 0 11 0 0 8 0 0 0 0 0 7 0 0 0 0 0 0 0 0 0 0 0 0 0 0 0 10 0 0 0 0 0 0 0 0 0 5 0 3 0 0 0 0 0 0 6 0 0 0 0 0 0 0 6 20 27 25 31 7 37 13 0 9 4 18 18 5 10 32 13 0 19 0 0 0 0 0 0 0 0 3 0 0 0 0 20 22 0 0 0 0 0 0 0 0 0 0 0 0 0 0 0 0 2 0 2 0 0 0 0 0 2 0 0 65 66 4 27 2 0 1 0 8 0 0 0 0 0 0 0 0 0 0 2 0 0 9 7 0 0 0 0 
 0 0 0 0 2 0 0 0 0 3 0 0 0 2 0 0 5 0 1 0 0 0 0 3 0 5 0 0 64 0 0 4 203 0 0 1 3 0 0 0 44 79 145 217 83 147 36 58 158 62 244 215 317 119 36 268 0 154 25 31 1 0 6 0 0 0 0 56 5 7 0 1 0 51 0 0 0 0 0 67 0 0 0 0 0 0 0 0 0 14 0 0 0 0 0 0 0 0 0 46 0 0 5 0 3 0 0 0 3 13 0 0 0 0 0 0 0 9 0 0 0 6 0 10 7 21 0 0 0 0 1 21 6 6 1 14 6 1 5 0 21 12 10 2 0 3 10 0 0 0 0 0 8 16 1 0 0 0 0 0 0 0 0 0 0 0 0 0 0 0 0 0 0 3 0 0 0 0 0 0 0 0 0 21 5 12 0 0 0 0 7 5 0 0 0 1 0 0 0 0 0 8 8 0 19 8 8 0 9 5 6 6 1 14 0 0 10 0 12 0 10 0 18 0 0 0 14 11 0 0 0 0 10 11 0 0 0 0 14 0 0 0 0 0 0 0 0 0 0 0 0 14 0 0 0 0 0 0 0 13 0 0 63 0 0 1 1 1 0 0 12 0 0 0 0 0 0 0 0 0 0 0 0 0 7 0 0 10 0 0 
 0 6 0 0 4 0 0 1 0 3 0 0 2 0 0 0 0 0 0 3 3 3 3 3 6 3 3 3 3 3 3 3 3 3 89 3 3 3 3 3 41 110 135 113 47 43 31 39 169 59 237 105 33 98 108 41 154 0 160 41 0 15 4 15 0 208 0 53 0 9 0 4 0 6 4 32 2 0 50 69 0 0 0 0 0 0 0 0 0 0 0 0 0 0 0 0 0 0 0 0 0 12 0 0 0 0 0 0 0 0 0 9 0 0 0 0 0 0 0 0 10 12 19 9 15 0 20 0 8 8 16 21 0 10 11 0 0 1 0 0 20 0 14 0 4 0 4 0 0 6 0 0 0 0 0 0 0 1 0 0 1 0 0 0 0 0 0 0 0 0 0 0 0 5 0 0 0 0 0 0 0 0 0 0 0 0 0 0 0 0 0 0 0 0 0 0 0 0 0 0 0 0 0 34 10 0 0 21 4 7 3 1 0 12 0 13 13 12 0 28 3 10 0 0 8 0 18 8 3 4 0 3 12 18 1 0 0 28 40 9 0 0 12 0 0 0 0 0 0 0 0 8 0 0 0 0 0 0 0 13 0 0 3 0 1 9 15 2 3 0 0 0 0 0 0 4 0 0 0 0 0 3 0 0 0 8 0 0 0 0 
 0 0 0 33 0 0 0 0 0 1 1 0 0 0 3 1 0 0 4 2 23 0 0 71 0 63 0 0 62 0 0 0 2 1 0 0 65 0 0 0 139 127 50 65 50 47 118 65 109 104 33 35 161 194 176 108 25 160 0 406 8 14 3 2 0 0 50 3 2 0 0 4 0 15 0 0 0 0 0 3 0 0 0 0 0 0 9 0 0 0 0 0 0 0 0 0 0 0 0 0 0 0 0 0 0 4 0 0 0 0 0 0 0 0 0 6 0 0 0 0 1 5 38 0 8 2 0 0 9 35 7 0 35 8 10 27 1 10 14 0 0 0 0 1 0 0 0 9 0 15 0 0 0 0 4 0 0 0 5 0 11 0 0 0 0 0 0 0 0 0 8 0 0 0 0 2 0 0 0 5 0 0 0 0 1 14 0 0 0 41 0 0 0 0 0 0 0 0 0 0 22 0 1 24 7 5 10 22 0 10 13 6 35 20 26 4 71 0 0 19 0 0 0 0 0 0 0 8 0 0 0 0 6 0 0 0 0 0 26 15 0 0 0 0 0 0 0 0 0 0 0 5 0 0 0 0 0 0 0 2 0 19 0 0 0 2 0 0 0 0 0 0 0 2 0 0 0 0 0 0 0 0 2 0 8 3 0 0 1 0 
 0 0 0 0 0 0 0 0 0 0 54 0 0 0 2 0 0 0 2 0 0 62 64 48 51 71 0 0 62 63 0 74 0 0 69 266 55 56 0 0 59 61 116 71 302 42 128 169 79 143 58 52 123 111 118 56 31 41 406 0 0 0 201 0 201 0 0 5 0 0 0 0 0 0 0 0 0 0 0 0 0 0 0 0 0 0 0 0 0 0 0 0 0 0 0 0 0 0 0 0 0 13 0 32 36 0 0 0 0 0 6 24 0 0 0 0 9 0 0 0 10 9 18 0 11 37 0 12 0 45 0 0 0 17 10 0 11 32 0 29 0 0 0 1 0 0 0 0 0 0 0 0 2 0 11 0 0 1 5 0 0 0 0 0 0 0 0 0 0 0 7 0 0 2 0 0 0 14 32 0 0 0 0 22 0 9 10 18 11 21 7 54 0 0 0 0 15 0 0 0 9 0 0 1 32 46 0 0 0 12 0 25 4 13 21 10 18 7 0 0 0 0 0 0 0 0 0 6 0 0 0 0 16 0 0 0 0 0 8 7 0 0 0 0 0 0 0 0 0 0 0 14 0 0 0 0 0 62 1 47 0 0 0 0 0 1 3 0 2 0 1 0 0 0 0 0 0 0 0 0 0 0 21 0 0 0 18 0 0 0 
 0 0 0 0 0 0 0 0 0 0 0 0 0 0 0 0 0 0 0 0 0 0 0 0 0 0 0 0 0 0 0 0 0 1 0 0 0 0 0 0 5 2 2 0 3 2 0 6 2 0 8 0 3 5 0 0 1 0 8 0 0 148 103 78 136 92 117 108 194 313 25 252 62 135 31 87 232 79 234 38 0 0 0 0 0 0 0 0 0 0 0 0 0 0 0 0 0 0 0 0 0 0 0 0 0 0 0 0 0 0 0 0 0 0 0 0 0 0 0 0 0 0 0 13 6 1 0 0 0 0 6 3 0 0 8 0 0 5 0 0 8 35 0 28 24 12 15 1 0 8 6 17 8 0 11 15 0 11 1 0 0 1 6 14 0 0 0 0 0 0 0 0 0 0 0 0 0 0 0 0 0 0 0 0 0 0 0 0 0 0 0 0 0 0 0 0 0 0 0 0 0 0 5 0 0 0 0 0 1 0 0 2 0 0 0 0 0 0 0 0 8 6 14 25 0 9 19 8 0 7 8 0 13 13 0 23 0 0 0 10 0 0 36 0 0 0 0 0 0 0 0 0 0 0 0 0 0 0 0 0 0 0 12 0 0 0 0 2 0 0 18 0 0 0 0 0 0 0 0 0 0 0 0 0 0 1 0 0 0 0 
