 0 363 173 199 253 45 310 65 38 176 128 103 67 184 122 121 226 134 349 90 0 0 0 0 0 0 0 2 0 66 0 1 1 0 0 0 78 0 0 0 0 0 0 0 0 0 0 0 3 0 0 0 0 0 0 0 0 0 0 0 0 0 8 0 0 2 0 0 2 0 0 0 0 0 3 0 3 0 0 0 23 22 27 0 0 8 11 16 26 45 43 0 16 13 23 15 22 5 17 37 0 0 0 0 0 0 0 0 0 2 0 0 0 0 0 0 14 0 39 28 0 0 0 0 0 0 0 0 0 0 0 0 26 0 0 18 0 0 0 13 0 0 0 0 0 0 0 0 0 0 2 1 0 0 0 0 3 0 0 0 10 80 0 14 0 0 23 19 4 1 0 1 8 2 0 0 32 4 0 15 0 0 0 0 0 0 0 0 1 0 0 0 0 0 0 0 0 0 0 0 0 0 0 0 0 0 0 0 0 0 0 0 0 0 0 0 0 0 0 0 0 0 0 0 0 0 0 0 0 0 0 0 0 0 0 0 0 0 0 0 0 0 0 0 0 2 2 0 1 89 2 2 0 0 0 0 0 0 0 0 0 0 0 0 0 0 0 0 0 0 0 0 0 0 0 0 7 0 0 0 0 0 0 0 0 0 0 0 0 0 
 363 0 321 74 23 120 163 171 240 289 134 120 122 44 148 245 108 109 135 127 0 2 0 0 0 0 0 2 0 0 0 0 2 66 0 0 3 0 0 0 0 0 0 0 0 0 29 0 3 0 0 0 0 0 0 0 0 0 0 0 0 0 13 33 0 2 0 0 2 0 0 0 0 0 2 0 3 0 0 0 0 22 1 11 1 12 0 11 14 0 18 11 26 47 32 19 1 16 7 24 10 0 2 0 0 0 0 0 0 0 0 0 0 0 0 0 0 0 3 7 0 0 0 0 0 1 0 0 0 10 0 0 0 0 0 3 0 0 0 0 0 0 0 0 0 0 0 0 0 0 0 0 8 0 0 0 0 0 0 0 32 10 11 29 0 1 0 25 23 32 12 24 45 7 0 8 11 8 7 0 0 0 0 0 0 0 0 0 0 0 0 0 0 0 0 0 0 0 7 13 0 0 0 0 0 0 0 0 0 0 0 2 0 0 0 0 0 0 0 0 0 0 0 0 0 0 0 1 0 0 0 0 0 0 0 0 0 1 0 0 0 0 0 0 0 0 0 1 0 1 10 85 0 0 0 0 0 0 0 0 0 0 0 0 0 0 0 0 0 0 0 0 0 0 104 0 12 6 0 0 0 0 0 0 0 0 0 0 0 0 
 173 321 0 378 43 201 375 113 482 261 442 207 91 142 45 179 83 147 35 128 0 0 0 0 0 0 31 2 0 0 0 1 2 0 1 0 3 0 36 151 0 0 0 0 0 6 2 0 3 0 5 0 0 68 0 0 0 0 0 0 0 0 8 0 0 2 0 0 2 0 0 0 0 0 3 0 3 0 0 0 1 11 19 19 0 36 0 13 0 35 38 17 17 14 25 17 26 14 13 33 9 0 0 0 0 0 0 19 0 0 0 0 0 0 12 0 0 0 20 4 1 0 0 0 22 0 0 0 0 1 0 0 0 0 6 5 0 0 0 0 1 0 19 0 0 1 0 0 0 0 0 0 0 2 0 0 0 0 0 0 33 24 2 45 0 0 0 1 0 21 14 17 17 0 0 35 15 40 0 0 1 0 0 0 0 0 0 0 0 11 0 0 27 0 0 2 0 0 9 39 0 0 0 0 17 0 0 0 0 0 0 0 0 0 0 10 0 0 0 0 0 0 0 1 1 0 0 0 0 0 0 0 0 0 7 0 0 0 0 0 0 0 0 0 0 2 3 0 1 95 9 0 0 0 0 0 0 0 0 0 0 0 16 0 0 0 0 0 0 0 0 0 0 2 0 0 6 11 0 0 0 0 0 0 0 0 0 0 0 8 
 199 74 378 0 191 198 284 146 469 222 393 60 381 101 365 183 107 47 148 203 69 72 0 0 1 0 140 2 2 0 0 3 2 150 0 157 3 3 3 1 0 3 2 0 0 0 2 0 3 0 1 0 0 66 3 3 0 3 0 0 0 0 3 0 1 2 0 0 5 2 0 0 6 0 6 0 3 0 0 0 3 0 0 17 27 43 0 0 0 0 24 20 8 0 10 15 1 24 1 0 7 8 0 0 0 14 0 13 16 0 0 0 20 32 20 0 32 0 0 8 0 0 0 0 0 0 0 0 0 0 0 0 0 22 0 0 0 0 0 0 0 0 0 0 0 0 0 0 0 0 0 0 0 0 0 0 0 0 0 0 26 15 0 18 1 0 0 0 1 15 0 15 6 10 1 0 34 13 10 0 0 19 12 0 0 0 0 10 18 21 0 0 0 14 11 0 0 0 0 0 1 0 0 0 0 0 0 0 0 0 0 0 0 0 0 0 0 0 0 0 0 0 0 0 0 0 0 0 0 0 0 0 0 0 0 0 2 0 0 0 0 0 0 0 0 6 12 0 2 0 14 2 0 0 0 0 0 0 0 0 70 0 32 0 0 2 20 0 0 0 0 0 0 0 0 41 14 0 0 0 0 0 0 0 0 0 0 0 0 13 
 253 23 43 191 0 240 48 62 272 75 102 152 74 209 84 108 53 346 57 76 156 147 18 1 2 0 149 20 111 0 1 0 4 4 88 134 4 1 74 74 0 0 0 0 0 4 2 0 3 0 3 3 0 0 0 0 0 0 0 0 0 0 0 0 0 2 0 0 2 0 0 0 7 0 3 0 3 0 0 0 0 0 0 0 37 5 0 0 11 60 10 10 0 0 0 0 8 0 0 6 27 0 9 10 0 22 63 39 2 12 0 0 12 49 9 23 19 0 23 32 0 0 0 0 0 0 0 0 0 0 0 0 0 0 0 0 0 0 0 0 2 22 2 0 0 0 0 0 0 0 0 0 0 0 0 0 0 0 0 0 0 7 10 0 38 20 0 0 0 0 0 0 0 0 0 17 1 52 0 21 12 0 0 13 0 0 10 28 0 0 0 1 61 0 1 13 20 0 7 0 0 0 0 0 0 0 0 0 0 0 0 0 0 0 0 0 0 0 1 0 0 0 0 0 0 0 0 0 0 0 0 0 0 0 0 0 0 0 0 0 0 10 0 0 0 3 91 1 11 0 0 3 0 0 0 0 0 1 0 0 0 0 0 0 0 0 40 0 0 0 0 0 0 0 0 0 0 0 0 0 0 13 0 0 0 0 0 0 0 0 
 45 120 201 198 240 0 23 95 96 172 88 153 232 38 177 153 52 64 51 59 69 74 0 73 0 0 19 2 74 0 0 0 1 75 1 74 3 0 0 0 0 0 0 0 0 0 1 0 3 0 0 0 0 0 0 0 0 0 0 0 0 0 52 0 52 2 0 0 2 0 0 0 8 0 3 0 3 0 0 0 6 21 0 28 8 7 0 0 0 0 0 16 0 0 0 19 11 0 4 15 26 0 11 0 0 0 15 35 11 6 0 0 24 14 1 8 13 28 22 0 0 0 0 0 0 0 0 0 0 0 0 0 0 0 0 0 0 0 0 0 0 0 0 0 0 0 0 0 0 0 0 0 0 0 0 0 0 0 0 0 2 33 26 1 9 21 2 0 0 18 27 11 0 1 0 27 2 32 0 1 1 0 9 0 0 0 8 21 0 0 0 1 26 1 12 14 1 0 4 24 0 0 0 0 0 0 0 0 0 0 0 0 0 0 0 0 0 0 0 1 0 0 0 0 0 0 0 0 0 0 2 0 0 0 0 0 0 0 0 0 0 0 0 0 0 5 5 1 1 0 10 5 0 1 0 0 0 0 0 0 28 0 0 0 0 0 13 0 0 0 0 0 0 0 0 23 1 0 0 0 0 0 0 0 0 0 0 0 0 11 
 310 163 375 284 48 23 0 276 56 140 147 113 353 335 135 117 43 18 64 255 0 0 0 4 0 0 0 0 0 0 0 0 1 0 0 0 1 1 0 0 0 0 2 0 0 0 1 0 0 0 1 0 0 0 7 0 0 0 0 0 0 0 0 0 2 0 4 0 0 0 0 0 0 0 0 1 0 2 0 3 5 18 32 16 14 1 17 16 23 15 10 40 10 42 14 0 0 49 3 23 0 0 0 0 0 0 0 0 0 0 0 0 1 0 0 0 0 0 12 1 0 0 0 0 0 4 0 0 0 10 0 0 0 0 0 0 2 0 0 0 0 0 0 0 0 9 0 0 0 0 0 0 0 6 0 0 0 0 0 0 17 2 32 16 1 0 10 14 34 2 13 20 0 13 25 20 31 16 28 12 0 0 0 0 0 0 7 0 0 2 0 0 0 0 14 0 0 0 15 0 0 0 0 0 0 0 0 0 0 0 0 0 0 0 0 0 0 0 0 0 0 0 0 0 0 0 0 0 0 0 0 0 0 0 0 0 0 0 0 0 0 0 0 0 0 2 87 0 2 3 0 6 19 0 0 0 0 0 0 0 0 0 1 0 0 0 0 0 0 0 0 0 0 0 0 1 0 14 0 0 0 0 0 0 0 0 0 0 0 0 
 65 171 113 146 62 95 276 0 376 20 39 115 372 242 279 55 39 32 73 53 0 72 0 0 2 0 0 2 2 0 0 0 0 0 0 0 8 2 39 79 0 3 0 0 0 0 5 0 3 0 0 0 0 0 1 0 0 2 0 0 0 0 0 0 0 2 51 0 2 0 0 4 0 0 3 0 3 0 0 0 20 12 24 25 0 7 11 15 15 36 0 0 13 38 76 25 22 26 50 0 0 0 0 0 0 0 0 0 0 0 0 0 0 0 12 0 0 0 0 0 0 14 0 0 0 0 0 0 0 8 0 0 0 0 0 21 0 0 0 0 0 0 0 0 0 0 0 0 0 0 7 0 0 0 0 0 35 0 8 0 0 0 3 0 0 0 14 25 23 18 0 20 4 45 51 0 32 0 13 13 1 0 0 0 0 0 0 0 0 0 0 0 0 0 0 0 0 0 0 0 6 0 0 0 0 0 0 0 0 0 0 0 0 0 0 0 12 0 0 0 0 0 0 0 0 0 0 0 0 0 0 0 0 16 0 0 0 0 0 0 0 2 0 0 11 2 0 1 0 10 0 5 15 0 0 0 0 0 0 0 0 0 0 0 0 0 0 0 0 0 0 0 0 0 0 0 0 0 0 0 0 0 0 0 0 0 0 0 0 0 
 38 240 482 469 272 96 56 376 0 179 133 52 95 106 186 232 233 123 247 120 0 0 2 1 0 0 2 3 0 3 0 1 63 149 0 1 5 0 65 74 0 0 0 0 0 0 2 0 3 3 0 0 0 0 0 0 0 2 0 3 0 0 0 1 3 2 0 1 2 0 0 4 0 0 3 0 3 0 0 0 19 0 13 15 1 12 0 0 13 18 63 3 36 3 16 47 0 20 18 13 13 0 0 5 0 0 0 9 1 2 0 0 11 0 15 0 0 0 1 1 0 0 0 0 0 8 0 0 0 0 0 0 0 0 0 14 0 0 0 0 0 0 0 0 0 10 0 0 1 0 0 1 0 0 0 0 0 0 0 0 16 48 10 15 0 14 2 0 3 29 21 36 19 7 13 43 29 23 6 0 23 0 10 0 0 0 17 14 19 0 0 0 0 17 0 0 1 0 10 11 0 0 0 0 0 0 0 0 0 0 0 0 0 0 0 0 1 0 0 0 0 0 0 0 0 0 0 0 0 0 0 0 0 0 0 0 2 0 0 0 0 0 0 0 0 2 1 1 0 2 0 0 0 0 0 0 0 0 0 0 1 0 0 0 0 0 0 0 0 0 0 0 0 0 0 22 20 14 0 0 0 0 0 0 0 0 0 0 0 0 
 176 289 261 222 75 172 140 20 179 0 389 147 292 117 92 240 66 52 56 184 0 1 0 0 0 0 90 2 0 0 0 0 1 2 0 0 3 0 0 8 0 0 0 0 0 0 62 0 3 0 0 63 0 0 0 0 0 0 0 0 0 0 4 0 2 2 0 0 2 0 0 0 0 0 3 2 3 3 0 0 0 9 1 53 0 31 0 13 13 13 30 25 33 21 20 31 8 9 0 16 0 0 0 0 0 0 2 14 8 0 15 0 11 0 13 0 0 0 29 14 0 0 0 0 0 0 2 5 0 0 0 0 0 0 0 8 1 0 0 0 0 0 0 0 0 0 0 0 0 0 0 0 0 0 0 0 0 0 0 0 18 24 0 16 0 1 0 1 1 3 8 0 23 0 0 2 12 1 0 0 0 13 0 0 0 1 7 0 0 7 0 0 0 13 18 0 0 0 11 0 0 0 0 0 0 0 1 0 2 0 0 0 0 0 0 0 0 0 0 0 0 0 0 0 0 0 0 0 2 0 0 0 0 0 0 0 0 0 0 0 0 0 0 0 0 1 46 0 0 91 11 7 1 0 0 0 1 0 2 0 0 0 14 0 0 0 0 0 0 0 0 0 0 0 0 6 17 0 0 0 0 0 0 0 0 2 0 0 0 0 
 128 134 442 393 102 88 147 39 133 389 0 92 45 19 271 84 170 121 44 271 0 73 0 3 0 4 0 23 0 0 0 0 2 76 73 74 3 1 74 1 0 0 0 0 2 0 2 0 3 0 4 3 6 0 2 0 0 0 0 0 0 0 7 0 6 7 0 4 2 0 0 0 0 0 3 0 2 4 0 0 13 1 0 0 14 0 0 12 0 9 29 17 0 16 12 29 11 61 0 31 0 8 0 0 0 14 0 0 0 0 0 0 1 9 1 0 14 9 9 13 0 0 0 0 0 0 0 0 0 0 0 0 0 0 0 0 0 0 0 11 0 0 0 0 0 0 0 0 0 0 0 0 0 9 0 0 0 0 0 0 21 0 9 21 7 15 0 0 11 2 12 15 0 1 19 17 8 15 0 0 0 0 0 0 0 0 0 0 26 0 0 0 22 0 20 0 0 0 0 9 0 0 0 0 0 0 0 0 0 0 0 0 0 0 0 0 0 0 0 15 0 0 0 0 0 0 0 0 0 0 0 0 0 0 0 0 0 0 0 0 0 0 0 0 0 3 5 3 44 51 6 3 0 0 0 3 2 0 0 0 0 0 0 0 0 0 0 0 0 0 0 0 0 0 0 1 6 6 0 0 0 0 0 0 0 0 0 0 0 0 
 103 120 207 60 152 153 113 115 52 147 92 0 120 284 37 30 173 63 25 39 0 61 0 0 0 0 0 138 0 0 0 2 1 0 170 0 3 0 147 26 0 0 0 0 0 0 1 0 3 0 0 0 33 0 0 0 0 0 0 0 0 0 24 0 0 2 0 0 2 0 0 0 0 0 4 0 3 2 0 0 0 1 13 33 0 45 0 3 1 0 2 9 0 19 33 1 0 13 0 16 0 1 1 0 0 0 2 0 7 0 0 0 0 20 25 0 0 17 46 19 0 0 0 0 0 0 0 0 0 12 0 0 0 0 2 5 0 0 9 0 0 0 0 0 0 0 0 0 0 0 0 0 0 0 0 0 0 0 0 0 0 9 0 14 13 0 0 13 18 0 0 0 0 2 0 1 2 0 0 0 9 18 0 0 0 0 11 18 0 11 0 2 14 13 36 0 0 0 10 15 0 0 0 0 0 0 0 0 0 0 0 0 0 0 0 0 0 0 1 0 0 0 0 0 0 0 0 0 0 0 0 0 0 0 0 0 0 0 0 0 0 0 0 0 0 6 2 0 5 83 0 4 2 0 0 0 0 0 0 0 0 0 0 0 0 0 0 0 0 0 0 0 0 0 0 1 0 0 0 0 0 4 0 0 0 0 0 0 0 0 
 67 122 91 381 74 232 353 372 95 292 45 120 0 91 56 115 57 73 126 174 0 0 0 0 0 0 0 2 0 0 0 0 0 3 0 0 3 0 0 0 0 0 0 0 0 0 0 0 3 0 0 0 0 0 0 0 1 0 63 0 0 0 0 0 0 2 0 0 2 0 0 0 0 55 3 0 3 0 0 1 60 0 25 11 0 0 11 44 2 21 0 0 13 0 18 0 9 12 15 13 0 0 0 0 0 0 0 0 0 0 0 0 0 0 0 18 0 0 0 0 0 0 2 0 0 2 0 0 0 8 0 2 0 0 0 2 0 0 0 0 0 2 0 0 0 15 0 0 0 0 4 0 0 0 0 0 9 0 0 2 0 7 0 0 0 2 2 56 19 0 0 34 17 28 21 0 28 0 14 0 0 0 0 0 0 0 0 0 0 0 0 0 0 0 0 13 0 0 0 0 0 0 0 0 0 0 0 0 0 0 0 1 0 0 0 0 0 0 0 0 0 0 0 0 0 2 0 0 0 0 0 0 0 0 0 0 0 0 0 0 0 0 0 0 0 2 0 1 2 0 2 6 1 0 0 0 0 0 0 0 0 0 0 0 0 0 0 0 0 0 0 0 0 0 0 0 0 0 0 0 0 0 0 0 0 0 0 0 0 0 
 184 44 142 101 209 38 335 242 106 117 19 284 91 0 186 31 235 82 98 178 0 2 2 0 2 2 0 5 0 0 0 0 2 0 0 0 3 0 75 7 1 0 0 0 0 1 1 0 6 4 2 0 2 0 1 0 0 3 8 0 0 0 2 0 0 2 3 0 4 3 0 0 0 0 5 0 3 0 0 0 15 10 40 13 22 21 92 1 23 46 14 23 0 9 44 13 7 1 13 8 0 0 0 0 0 0 10 0 0 0 0 15 12 0 11 0 0 0 16 14 2 0 0 0 0 0 0 0 0 0 0 0 0 0 0 0 0 0 0 0 2 0 0 2 0 0 1 0 0 0 0 0 0 2 0 0 0 0 0 0 13 0 22 0 14 26 13 28 0 0 0 0 1 25 13 12 2 0 30 28 0 0 0 0 10 0 0 0 0 0 1 0 0 0 0 0 0 0 14 1 0 0 0 0 0 0 0 0 0 0 0 0 0 2 0 0 0 0 0 0 0 0 0 0 2 0 0 0 0 0 0 0 0 0 0 0 0 0 0 0 0 8 0 0 0 0 5 0 1 87 0 7 0 0 0 0 0 0 0 0 2 0 0 0 0 0 0 0 0 0 0 0 0 0 0 0 0 0 0 0 0 0 0 0 0 0 0 0 0 0 
 122 148 45 365 84 177 135 279 186 92 271 37 56 186 0 90 109 110 104 197 0 0 0 0 1 1 0 2 0 0 0 47 2 0 0 0 3 0 0 2 0 0 0 0 0 0 65 0 3 0 0 0 0 0 3 0 0 0 0 0 0 0 0 0 0 3 0 0 2 0 0 0 0 0 3 0 2 5 0 0 52 36 11 12 10 0 33 0 19 16 0 22 13 0 10 30 19 13 10 13 0 2 0 0 0 0 0 0 0 0 0 0 0 11 0 0 0 2 0 0 0 0 15 0 0 1 0 0 0 0 0 0 0 0 0 0 0 0 0 0 0 0 0 0 0 0 0 0 0 0 0 0 0 0 0 0 0 0 0 0 29 0 19 0 0 11 12 19 1 2 10 2 1 10 23 7 10 17 13 4 0 0 0 0 0 0 0 0 0 0 0 0 0 0 0 0 0 0 0 0 0 0 0 0 0 0 0 17 0 0 0 0 0 0 0 0 0 0 0 1 0 0 0 0 0 0 0 0 0 2 1 0 0 0 0 0 0 0 0 0 0 0 0 0 0 3 2 1 2 0 19 12 0 2 2 0 0 0 0 0 0 0 0 0 0 0 0 0 0 0 0 0 0 0 0 0 0 0 0 0 0 0 0 0 0 0 0 0 0 0 
 121 245 179 183 108 153 117 55 232 240 84 30 115 31 90 0 148 42 38 165 4 62 2 0 0 0 0 2 0 0 0 7 1 0 0 2 4 8 0 0 0 0 0 0 0 0 0 0 3 0 0 0 0 0 1 0 2 0 0 0 0 6 0 0 3 17 0 0 2 0 0 0 0 0 3 0 3 0 0 0 9 11 10 56 0 14 0 0 9 0 10 20 8 26 23 10 1 0 9 14 11 0 0 0 0 0 0 0 0 0 0 0 1 0 0 0 0 7 0 0 0 0 0 0 0 0 0 0 0 24 0 0 0 0 2 0 0 0 0 0 0 0 0 0 0 0 0 0 0 0 0 0 0 0 0 0 0 0 0 0 17 17 9 17 0 0 21 64 13 19 22 31 6 8 9 14 22 12 27 0 0 0 0 0 0 0 0 0 0 0 0 2 0 0 2 0 0 0 8 12 33 0 0 0 0 0 0 0 0 0 0 0 0 0 0 0 0 0 0 0 0 0 0 0 0 0 0 0 0 0 0 0 0 0 0 0 0 0 0 0 0 0 0 0 0 0 2 0 1 1 15 6 17 0 0 0 0 0 0 0 0 0 0 0 0 0 11 0 0 0 0 0 0 0 0 7 8 0 0 0 0 0 0 0 0 0 0 0 0 0 
 226 108 83 107 53 52 43 39 233 66 170 173 57 235 109 148 0 276 25 217 0 0 0 0 0 0 0 2 0 0 3 0 2 0 0 0 3 0 112 90 0 0 0 0 0 3 2 0 3 0 3 0 3 0 0 0 0 3 0 0 0 0 3 0 0 2 0 0 3 0 0 0 0 0 2 40 3 0 7 3 0 15 21 17 24 28 15 0 27 53 49 53 17 1 27 36 21 0 0 9 0 0 0 0 0 0 16 0 10 0 0 0 9 0 34 0 0 0 17 20 0 0 2 0 0 0 0 0 0 0 0 2 0 0 0 1 0 0 0 0 0 2 0 0 0 0 0 0 3 0 0 0 0 0 0 0 0 0 0 2 21 21 16 29 11 27 7 14 0 10 13 0 18 0 0 14 10 15 10 11 9 0 0 0 0 0 1 0 0 0 0 0 15 14 0 0 0 0 2 0 0 0 0 0 0 0 0 0 0 0 0 1 0 0 16 0 0 0 0 0 0 0 0 0 0 2 0 0 0 0 0 0 0 0 0 0 0 0 0 0 0 12 0 0 0 1 86 1 1 99 14 8 0 0 0 0 0 0 0 0 0 0 0 0 0 0 0 0 0 0 0 0 0 0 0 0 6 0 0 0 14 0 0 0 0 0 0 0 0 0 
 134 109 147 47 346 64 18 32 123 52 121 63 73 82 110 42 276 0 48 143 0 0 0 2 1 0 75 2 0 0 0 0 2 0 0 0 3 0 75 0 0 0 0 0 0 4 63 0 3 0 3 0 0 0 0 3 0 0 0 0 0 0 5 0 0 2 0 0 2 0 0 0 0 2 3 0 3 1 0 0 1 42 12 1 21 0 21 0 34 35 29 11 25 0 0 31 28 1 0 23 0 0 15 0 0 2 9 0 18 0 0 0 16 0 17 0 0 0 18 13 0 1 0 0 0 0 0 2 0 0 0 0 0 0 0 0 0 0 0 0 0 0 0 0 0 0 0 1 0 2 9 0 0 0 0 0 0 0 0 0 0 8 0 17 13 27 11 19 0 17 24 13 0 0 0 21 2 32 0 3 13 0 0 0 0 2 0 0 0 0 0 0 34 33 4 0 0 0 0 13 0 1 0 0 0 0 0 0 1 0 0 0 0 0 0 40 0 0 0 0 0 9 0 0 0 0 0 0 1 0 0 0 1 0 0 0 0 0 0 0 0 8 0 0 2 0 1 2 0 89 0 9 0 0 0 0 0 0 0 0 0 0 13 0 0 0 0 0 0 0 0 0 0 0 0 6 0 0 0 0 0 0 0 0 0 0 0 0 0 0 
 349 135 35 148 57 51 64 73 247 56 44 25 126 98 104 38 25 48 0 291 0 0 0 2 1 0 2 5 0 0 2 3 2 0 0 0 3 0 3 0 0 0 0 0 0 0 0 0 3 0 0 0 5 0 4 0 0 8 0 0 0 0 5 0 0 2 0 0 6 6 0 0 0 0 7 0 3 0 0 0 31 0 12 0 0 21 13 0 13 0 1 0 3 34 0 12 2 2 12 11 0 0 0 0 0 0 0 0 0 0 0 0 0 0 0 0 0 0 0 0 0 0 0 0 0 0 0 0 0 0 0 0 9 0 0 0 0 0 0 0 0 0 0 0 0 0 0 0 0 0 0 0 8 0 0 0 0 0 0 3 32 6 10 16 0 0 15 10 0 25 0 12 31 23 21 0 2 0 15 13 0 0 0 0 0 0 0 0 0 0 0 0 0 0 0 0 0 0 0 0 0 0 0 0 0 0 0 0 0 0 0 0 0 0 0 0 0 0 0 0 0 0 0 0 0 0 0 0 0 0 0 0 0 0 0 0 0 0 0 0 0 0 0 0 0 0 1 2 0 0 0 3 0 0 0 0 0 0 0 0 2 0 0 0 0 0 0 0 0 0 0 0 0 0 0 0 2 0 0 0 0 0 0 0 0 0 0 0 0 0 
 90 127 128 203 76 59 255 53 120 184 271 39 174 178 197 165 217 143 291 0 0 0 0 0 2 74 0 2 0 0 76 0 1 0 0 2 3 0 0 0 0 0 0 0 0 0 0 0 3 0 0 0 0 0 0 0 0 2 31 0 0 0 0 0 0 2 0 0 2 0 0 0 0 0 3 0 3 0 0 0 7 33 18 0 12 15 20 19 14 14 16 16 28 1 25 16 0 2 7 0 0 0 0 0 0 0 0 0 11 0 0 0 0 0 0 0 0 0 0 0 0 0 0 0 0 0 0 0 0 0 0 0 0 20 0 0 0 0 0 0 3 0 0 0 0 0 0 0 0 0 0 0 0 8 0 0 0 0 0 0 30 21 0 22 0 0 0 0 7 0 0 0 29 0 0 0 16 1 0 17 0 0 0 0 0 0 0 0 0 0 0 0 0 0 0 0 0 0 0 0 0 0 0 0 0 0 0 0 5 0 0 0 0 0 0 0 0 0 0 0 0 0 0 0 0 0 0 0 0 0 0 0 0 0 0 0 0 0 0 0 0 1 8 0 12 0 0 0 2 0 0 13 0 0 0 0 0 0 0 0 0 0 0 0 0 0 0 0 0 0 0 0 0 0 0 0 11 0 0 0 0 0 0 0 0 0 0 0 0 0 
 0 0 0 69 156 69 0 0 0 0 0 0 0 0 0 4 0 0 0 0 0 417 165 145 65 34 197 174 219 107 50 39 172 131 444 158 87 265 141 213 0 3 0 0 5 2 4 0 6 1 0 3 3 2 0 3 0 1 4 3 0 0 2 0 8 2 0 1 0 2 5 3 6 3 0 48 0 0 0 3 0 0 0 0 9 32 0 0 0 0 0 0 0 0 0 0 0 0 0 0 43 15 9 25 21 0 61 31 18 50 15 0 37 38 9 34 52 22 0 0 0 0 7 0 10 0 0 0 0 0 0 0 0 0 19 0 0 0 0 1 0 0 0 0 0 1 2 0 0 0 0 0 0 0 0 0 0 0 3 0 2 0 0 0 0 1 0 0 0 2 0 0 0 0 0 0 3 22 0 0 0 8 10 0 3 14 0 55 41 2 4 0 10 0 0 50 2 13 7 0 0 0 0 0 0 0 0 0 0 0 0 0 2 10 0 0 0 0 0 9 0 0 0 0 0 0 0 0 0 0 0 0 0 0 0 0 0 6 0 1 0 0 0 0 0 0 0 0 0 0 0 0 0 0 8 0 2 0 77 2 14 0 0 0 0 0 23 0 0 0 0 0 0 0 0 17 0 0 0 0 0 1 0 0 0 0 0 0 0 0 
 0 2 0 72 147 74 0 72 0 1 73 61 0 2 0 62 0 0 0 0 417 0 91 123 53 137 128 202 136 110 25 117 201 136 155 103 42 121 67 131 0 0 0 0 3 2 2 0 3 0 1 2 3 0 0 3 0 2 36 0 0 0 2 0 0 0 0 0 0 0 3 0 0 0 24 1 0 0 0 3 1 0 0 10 12 10 0 0 0 0 1 0 0 0 0 0 0 28 0 0 63 35 7 25 0 9 28 1 0 28 0 28 30 10 7 2 0 8 42 15 0 6 0 0 0 0 0 0 0 9 0 1 0 0 0 0 0 0 49 1 0 1 0 0 0 0 0 0 0 0 0 0 0 0 0 0 0 0 2 0 0 0 0 0 0 0 0 0 0 0 0 0 0 0 0 0 2 0 0 0 0 25 0 0 14 28 20 14 0 10 0 11 0 0 50 23 11 23 26 66 0 0 0 12 0 0 13 0 0 0 2 0 12 11 0 2 0 0 16 0 0 0 0 0 0 0 0 0 0 0 4 0 0 0 0 0 0 0 0 0 0 0 0 0 0 0 0 0 0 0 0 0 0 0 5 0 2 115 0 2 2 0 0 0 0 0 0 0 0 0 0 0 0 0 0 0 3 0 0 0 0 0 0 0 0 0 9 0 0 0 
 0 0 0 0 18 0 0 0 2 0 0 0 0 2 0 2 0 0 0 0 165 91 0 203 273 53 49 170 235 261 153 170 122 138 203 115 244 472 102 62 0 2 0 0 3 4 112 0 3 0 0 0 3 0 0 3 0 1 0 0 0 0 2 0 0 0 0 0 0 0 3 0 0 0 0 0 0 0 0 3 0 0 0 0 0 0 0 0 0 0 0 0 0 0 0 0 0 0 2 0 0 16 0 25 26 23 0 18 18 8 56 18 1 0 0 1 1 8 0 8 12 0 0 0 0 0 28 0 0 0 0 0 17 4 9 0 0 0 2 15 0 0 0 0 0 0 0 0 0 0 0 0 0 2 0 0 0 0 11 0 1 0 0 0 1 0 0 0 0 0 0 0 0 0 0 0 0 2 0 0 8 0 10 19 0 11 13 0 12 7 32 12 0 1 0 0 26 0 0 0 31 12 0 0 0 0 17 0 0 0 0 0 28 35 16 63 0 0 1 40 0 0 0 0 18 0 0 0 2 0 0 0 0 0 0 0 0 0 0 12 0 0 0 0 0 0 0 0 0 0 0 0 0 0 7 0 2 76 0 0 0 2 0 0 0 0 0 0 0 0 0 0 0 0 0 0 0 1 0 12 0 0 0 0 0 13 0 0 0 0 
 0 0 0 0 1 73 4 0 1 0 3 0 0 0 0 0 0 2 2 0 145 123 203 0 95 185 176 298 145 108 58 364 164 82 358 83 98 149 87 202 0 0 2 0 212 2 1 0 212 0 0 209 65 0 2 3 0 0 4 0 52 0 6 0 2 0 7 0 0 0 3 46 0 6 0 1 55 2 0 2 0 0 0 0 0 0 0 0 0 0 0 0 0 0 0 0 0 0 0 0 2 15 25 32 0 1 0 38 21 25 27 21 12 13 0 111 0 11 0 8 0 0 0 0 0 0 0 0 0 0 0 0 12 0 0 0 0 0 14 8 0 0 0 0 0 0 0 0 0 0 0 0 0 0 0 0 0 0 0 0 0 0 0 0 0 8 0 0 0 0 0 0 0 5 0 0 1 0 0 0 13 47 19 20 0 0 33 56 0 11 40 0 9 0 9 15 4 46 19 17 0 8 0 0 0 0 0 13 0 0 0 0 36 0 0 12 0 0 30 0 0 0 0 0 21 0 0 0 0 0 0 0 0 0 0 0 0 0 0 0 0 0 0 0 0 0 0 0 0 0 0 0 0 0 11 0 3 92 0 0 10 8 0 0 1 0 0 0 0 0 0 0 2 0 0 0 0 0 0 15 0 14 0 0 0 13 12 0 0 0 
 0 0 0 1 2 0 0 2 0 0 0 0 0 2 1 0 0 1 1 2 65 53 273 95 0 240 61 115 64 182 98 161 70 272 304 43 136 150 72 56 14 70 21 0 3 2 68 75 68 0 0 0 3 0 0 6 2 0 1 68 0 0 2 0 0 0 0 0 0 0 3 0 0 0 0 0 0 3 0 2 0 0 0 0 0 0 0 0 0 0 0 0 0 0 0 0 0 0 0 0 0 0 0 10 0 0 0 0 12 0 12 0 2 0 0 0 16 10 0 0 31 24 1 0 0 0 0 9 12 9 12 0 46 33 0 0 9 10 0 5 0 0 0 1 0 2 0 0 0 0 0 4 0 1 0 0 0 0 0 0 0 0 0 0 0 0 7 0 10 0 0 0 0 0 0 1 2 0 0 0 0 12 0 0 0 10 0 0 0 0 0 0 0 2 0 0 0 12 0 0 37 13 7 12 0 0 18 0 0 0 0 10 0 8 0 38 0 9 11 0 0 0 0 0 1 2 0 2 1 0 0 0 0 0 0 0 0 0 0 11 1 0 0 0 0 0 0 0 0 0 0 0 0 0 6 7 0 2 3 0 0 0 0 0 0 0 0 0 0 0 0 0 0 0 0 0 0 0 0 0 0 0 6 0 1 0 0 0 1 1 
 0 0 0 0 0 0 0 0 0 0 4 0 0 2 1 0 0 0 0 74 34 137 53 185 240 0 37 331 199 140 242 137 328 52 66 196 153 175 48 52 75 1 0 0 3 2 0 0 3 0 0 0 25 0 0 4 0 1 92 62 0 0 2 0 0 1 58 5 0 0 3 0 0 0 0 0 26 0 0 3 0 0 2 0 0 0 0 0 1 0 0 0 10 2 0 0 0 15 0 0 0 24 13 32 22 12 0 13 10 0 32 59 0 0 0 9 8 0 0 9 24 0 0 0 0 0 0 0 0 0 0 0 0 0 15 0 17 0 35 12 0 0 2 0 0 0 0 0 0 0 0 0 0 0 0 0 1 0 0 0 0 0 0 0 0 0 8 0 0 0 0 0 0 0 0 0 2 0 0 0 24 25 0 30 17 11 12 0 0 22 37 23 0 6 0 0 22 16 0 0 12 12 11 0 0 1 49 1 0 12 0 0 27 0 3 23 0 0 13 24 0 0 0 0 19 0 0 0 0 0 0 0 0 0 0 0 0 0 0 0 0 0 0 0 0 0 0 0 0 0 0 0 0 0 16 0 0 76 0 3 8 0 0 0 0 0 0 0 0 0 0 0 0 0 0 0 0 0 0 14 0 14 0 0 0 23 0 0 0 0 
 0 0 31 140 149 19 0 0 2 90 0 0 0 0 0 0 0 75 2 0 197 128 49 176 61 37 0 79 38 33 333 105 194 199 56 116 22 118 42 46 0 0 0 0 3 6 0 0 3 0 5 0 3 0 0 3 0 0 0 0 0 0 2 0 2 0 0 0 0 0 3 0 6 0 47 0 0 90 0 3 0 0 18 15 10 21 0 0 1 0 0 14 0 0 0 0 1 0 15 0 33 0 8 3 0 0 15 39 20 1 1 26 43 14 26 4 12 16 10 0 0 0 0 0 0 0 0 0 0 0 0 0 0 0 0 0 0 0 0 0 0 12 0 0 0 0 0 0 0 0 0 0 0 0 0 0 0 0 0 0 0 45 0 1 0 0 0 0 0 11 6 0 0 45 0 18 2 25 10 0 3 47 29 17 0 0 0 14 0 33 4 19 27 26 0 29 1 11 13 1 0 0 0 0 0 0 0 0 0 0 0 0 0 0 0 0 0 0 20 0 0 0 0 0 0 0 0 0 0 0 0 0 0 0 0 0 0 0 0 0 0 0 0 0 0 0 64 0 0 0 0 0 0 0 2 0 0 0 0 2 15 0 18 0 0 0 12 0 0 0 0 0 0 0 0 20 0 0 0 0 0 0 0 0 0 0 0 0 0 0 
 2 2 2 2 20 2 0 2 3 2 23 138 2 5 2 2 2 2 5 2 174 202 170 298 115 331 79 0 180 135 347 54 176 70 143 104 404 113 209 523 0 0 0 0 12 2 0 0 3 0 0 7 3 1 0 7 0 0 3 0 0 0 6 4 0 0 0 0 0 0 3 0 0 0 0 49 0 0 47 6 0 0 0 0 1 2 0 0 0 0 0 1 0 0 0 0 0 0 0 11 11 27 0 32 0 0 9 23 21 22 21 0 0 40 11 0 20 0 13 27 5 0 0 0 0 0 0 2 0 0 0 0 0 16 0 0 0 0 10 1 3 0 2 0 0 0 0 0 0 0 0 0 0 0 0 0 0 0 0 0 0 0 0 0 19 0 0 0 0 0 0 1 0 0 0 0 2 0 0 0 12 33 0 12 1 1 31 0 14 26 0 1 35 0 19 16 0 39 20 21 0 0 0 0 0 0 1 0 0 0 0 0 0 21 2 3 0 0 17 0 0 0 0 0 0 0 0 0 0 0 0 0 0 0 0 0 0 0 0 0 0 0 0 0 0 0 0 0 63 0 0 0 0 0 2 0 0 11 42 2 1 0 0 0 0 0 0 0 0 0 0 0 0 0 0 0 0 0 0 0 0 12 0 0 1 0 11 0 0 0 
 0 0 0 2 111 74 0 2 0 0 0 0 0 0 0 0 0 0 0 0 219 136 235 145 64 199 38 180 0 77 31 30 163 96 160 185 303 84 157 167 0 0 0 0 3 2 2 0 3 0 0 0 3 0 0 3 0 0 0 0 0 17 2 0 0 0 0 0 0 0 3 0 0 0 0 0 0 0 0 3 0 0 0 0 17 0 10 0 0 0 0 0 0 0 0 0 0 0 0 0 18 12 34 13 25 52 14 28 0 3 37 26 0 47 0 47 0 22 14 28 0 0 0 0 0 0 24 0 11 0 0 0 0 0 13 0 0 9 0 10 25 0 13 0 0 0 0 0 0 0 0 0 0 0 0 0 0 0 0 0 0 0 2 1 11 0 0 0 0 0 0 0 0 0 0 0 0 0 0 0 29 20 29 29 18 0 29 31 2 1 21 1 24 0 10 9 0 18 0 17 0 0 0 0 0 0 0 0 0 0 0 0 28 0 0 0 0 1 15 3 0 0 0 2 26 0 0 0 0 0 0 0 0 0 0 0 0 19 0 0 0 0 0 0 0 0 0 0 0 0 0 0 0 0 4 0 0 2 0 0 3 0 0 0 0 0 0 0 0 0 0 0 0 0 0 0 0 0 0 11 0 53 0 0 0 18 0 0 0 0 
 66 0 0 0 0 0 0 0 3 0 0 0 0 0 0 0 0 0 0 0 107 110 261 108 182 140 33 135 77 0 262 308 68 117 164 127 245 40 79 97 64 4 0 0 3 3 0 0 3 0 1 0 3 0 0 3 0 2 160 0 0 0 2 0 0 0 0 0 0 0 3 0 0 0 0 0 0 0 0 3 0 0 0 0 0 0 0 0 0 2 0 0 0 0 0 0 0 2 0 0 0 0 45 45 30 16 0 0 31 14 35 0 0 18 1 47 1 0 0 11 9 0 0 0 0 2 10 0 0 0 0 0 23 3 1 0 0 0 13 16 0 0 0 0 0 0 0 0 0 0 0 0 0 0 1 0 0 0 10 0 0 0 0 0 1 0 0 0 0 0 0 0 0 0 0 0 0 0 0 34 21 1 7 9 8 1 0 0 31 23 22 19 0 15 0 0 26 9 0 0 4 0 0 0 0 0 30 2 0 0 0 0 37 13 0 19 0 0 22 26 0 0 0 0 0 0 0 0 0 0 0 0 0 0 0 0 0 0 0 0 0 0 5 0 0 0 0 0 0 0 0 0 0 0 8 2 2 8 3 0 2 0 0 0 0 0 0 0 0 0 0 0 0 0 0 0 0 0 0 9 0 16 0 0 0 0 0 0 0 0 
 0 0 0 0 1 0 0 0 0 0 0 0 0 0 0 0 3 0 2 76 50 25 153 58 98 242 333 347 31 262 0 768 339 251 337 124 206 404 308 139 0 5 0 39 3 2 68 0 3 0 0 0 3 0 0 3 0 75 66 82 0 0 2 0 0 0 0 0 1 0 3 0 0 0 0 0 0 0 0 5 0 0 2 0 0 0 0 0 0 15 15 0 0 2 0 0 0 0 0 0 9 10 20 2 0 5 0 0 10 18 23 10 0 18 15 49 39 28 0 1 0 0 0 0 0 0 15 49 8 0 0 0 13 0 2 0 1 1 29 43 0 0 0 0 0 0 0 0 0 0 0 0 0 0 0 22 0 0 0 0 10 0 0 0 0 0 0 0 0 0 0 0 0 17 0 0 1 0 0 0 41 26 24 28 8 15 0 1 22 41 9 83 0 29 11 3 11 31 2 0 0 0 0 0 0 1 3 10 0 0 0 0 10 0 4 0 0 0 21 0 0 0 0 0 1 0 0 0 0 0 0 0 0 0 0 0 0 0 0 0 0 0 9 0 0 0 0 0 7 0 0 0 0 0 16 0 1 4 87 2 1 0 0 0 0 0 0 0 0 0 0 0 0 0 0 0 0 0 0 0 0 1 0 0 0 0 0 0 0 0 
 1 0 1 3 0 0 0 0 1 0 0 2 0 0 47 7 0 0 3 0 39 117 170 364 161 137 105 54 30 308 768 0 36 75 209 32 86 158 40 47 0 68 272 0 3 2 59 62 3 0 0 208 64 0 208 3 0 0 0 64 0 0 2 0 0 0 0 0 0 0 3 0 0 0 0 0 0 0 0 3 0 0 0 2 0 0 0 0 0 0 2 0 0 0 0 0 0 0 0 0 0 0 12 0 9 16 0 0 0 20 0 68 0 0 0 8 29 9 0 0 0 18 0 0 0 0 16 42 19 0 0 0 19 5 68 0 2 0 14 23 0 0 0 0 0 0 0 0 0 0 0 7 0 0 0 0 0 0 0 0 0 0 0 0 0 0 0 0 0 0 0 0 0 2 0 0 2 0 0 0 0 12 39 14 21 18 0 0 7 7 6 10 0 8 1 0 0 12 0 0 3 8 0 0 0 2 0 45 0 0 0 0 0 9 21 0 52 0 50 14 10 0 0 0 0 0 0 0 0 0 0 0 0 1 0 0 2 0 0 0 0 0 0 0 0 0 0 0 0 0 0 0 0 0 14 0 7 2 1 0 2 11 0 0 0 0 0 0 0 0 0 0 0 0 0 0 0 0 0 0 0 0 0 1 0 0 0 0 0 0 
 1 2 2 2 4 1 1 0 63 1 2 1 0 2 2 1 2 2 2 1 172 201 122 164 70 328 194 176 163 68 339 36 0 222 46 115 172 82 110 277 0 0 0 0 3 2 2 0 3 0 1 0 3 0 0 3 57 0 0 0 0 0 2 0 0 0 0 0 0 0 4 1 0 0 0 49 0 0 0 3 0 0 0 0 0 1 0 1 15 14 20 0 0 1 0 13 0 0 0 0 24 43 5 18 28 1 17 0 0 10 1 0 7 46 15 22 9 0 1 1 0 0 1 0 2 0 0 0 0 0 0 19 0 0 0 0 0 0 0 0 3 0 2 0 0 0 0 0 1 0 0 0 0 0 0 0 0 2 0 0 0 0 0 0 1 0 0 0 0 0 0 0 5 0 0 2 0 0 0 0 6 17 0 0 12 0 20 23 24 15 0 1 0 0 9 31 0 40 10 25 0 0 2 0 0 0 0 0 1 0 0 0 0 0 0 0 0 0 8 0 0 0 0 0 0 0 0 0 0 0 0 0 0 0 0 0 0 0 0 0 0 0 0 0 0 0 1 0 0 0 0 0 0 2 8 0 2 75 50 1 2 0 0 0 0 0 0 0 0 0 0 0 0 0 0 0 19 0 0 0 0 0 0 0 0 0 14 0 0 0 
 0 66 0 150 4 75 0 0 149 2 76 0 3 0 0 0 0 0 0 0 131 136 138 82 272 52 199 70 96 117 251 75 222 0 92 70 62 116 192 193 0 3 0 0 3 2 1 0 3 0 1 26 3 0 0 27 0 51 0 0 0 7 2 0 0 0 0 0 0 0 3 0 0 0 0 4 0 0 0 3 0 0 0 0 0 0 0 0 0 0 8 10 5 0 0 0 0 7 0 0 21 12 26 22 0 10 18 38 10 12 0 0 12 53 14 30 8 9 2 1 0 0 0 0 0 0 0 0 8 0 0 0 0 0 0 0 0 0 10 0 0 0 15 2 0 0 0 0 0 0 0 0 2 0 0 6 0 0 0 0 0 0 0 11 0 0 0 7 2 11 34 0 0 0 0 0 2 6 0 0 34 9 14 0 0 0 13 23 8 12 0 8 19 29 25 22 8 23 9 9 0 0 0 0 0 0 0 0 0 0 0 0 0 0 0 0 0 0 0 14 0 0 2 0 1 0 0 0 2 0 0 2 0 0 0 0 0 0 0 0 0 0 13 0 0 0 2 0 0 0 0 0 0 0 18 0 2 0 1 0 0 2 0 0 0 0 0 0 0 0 0 0 0 0 0 12 9 0 0 0 0 12 0 0 0 0 0 0 0 0 
 0 0 1 0 88 1 0 0 0 0 73 170 0 0 0 0 0 0 0 0 444 155 203 358 304 66 56 143 160 164 337 209 46 92 0 156 299 123 88 108 0 0 0 0 3 2 0 0 3 0 0 0 3 0 0 3 0 0 0 0 0 0 2 0 0 0 0 0 0 0 3 1 0 0 0 56 0 0 0 3 0 0 0 0 1 11 0 0 23 0 0 0 0 13 0 0 0 0 0 0 0 11 19 15 34 16 2 18 1 0 13 11 18 0 8 37 48 29 16 1 0 0 0 0 0 0 0 0 0 0 0 0 1 0 20 9 0 8 0 5 0 0 0 5 0 0 2 0 0 0 0 0 0 0 0 0 0 0 0 0 0 0 0 0 6 1 0 1 0 2 1 0 0 7 0 0 4 0 0 0 0 2 11 17 20 0 0 8 44 20 31 19 10 10 34 28 1 2 0 9 0 0 0 0 0 0 0 0 0 0 0 0 0 2 0 0 0 0 22 25 23 0 0 0 0 0 0 0 0 0 0 0 0 0 0 0 0 0 0 0 0 0 0 0 0 0 0 0 79 0 0 0 0 0 32 2 0 0 2 0 13 0 0 0 0 0 0 0 0 0 0 0 0 0 0 0 0 0 0 0 0 0 0 0 0 0 0 0 0 0 
 0 0 0 157 134 74 0 0 1 0 74 0 0 0 0 2 0 0 0 2 158 103 115 83 43 196 116 104 185 127 124 32 115 70 156 0 151 51 186 239 0 0 0 0 3 2 1 0 3 0 1 0 3 0 0 3 0 1 26 0 0 0 2 0 0 0 0 0 0 0 3 0 3 0 0 30 0 0 0 3 0 0 0 0 20 18 14 0 0 0 0 0 0 0 0 0 0 11 0 0 36 65 0 1 0 17 23 11 11 19 11 24 1 34 15 18 27 0 0 33 0 0 0 0 0 0 1 0 0 2 0 0 0 0 0 0 0 0 23 1 0 0 0 0 0 0 0 0 1 0 0 0 0 11 0 0 0 0 4 0 0 0 0 5 0 0 0 0 0 0 0 0 1 0 0 0 2 1 0 0 14 0 0 8 8 11 17 31 9 6 10 5 10 0 9 84 14 29 2 3 0 1 0 0 0 0 17 0 1 0 0 0 35 10 0 0 0 0 1 0 0 0 0 0 0 0 0 0 0 0 0 0 0 0 2 2 0 0 0 0 0 0 0 0 0 2 0 0 0 0 0 0 0 0 26 0 0 88 77 1 0 0 0 0 0 0 10 0 0 0 0 0 0 0 0 0 0 0 0 9 0 0 0 0 0 17 0 0 0 0 
 78 3 3 3 4 3 1 8 5 3 3 3 3 3 3 4 3 3 3 3 87 42 244 98 136 153 22 404 303 245 206 86 172 62 299 151 0 56 144 191 3 1 2 0 3 2 0 0 3 0 62 0 3 0 0 3 0 1 0 1 0 51 5 4 0 0 0 0 2 0 3 3 0 0 0 45 0 0 2 3 0 0 0 1 0 9 0 0 0 1 0 0 0 0 2 2 0 0 0 0 10 19 12 46 15 39 0 18 18 7 33 9 0 15 11 15 5 0 0 7 10 0 0 2 0 0 30 0 0 0 0 0 0 3 1 0 0 0 0 0 0 0 0 0 0 0 0 0 0 0 0 1 0 0 0 0 0 0 2 0 0 0 0 0 1 0 0 0 0 0 0 0 0 0 0 0 0 0 0 0 13 0 0 8 8 10 24 28 24 0 20 0 0 0 10 6 1 14 0 1 2 1 0 0 0 0 10 1 0 0 0 0 12 24 0 20 0 0 18 12 0 0 0 0 0 0 0 0 0 0 0 0 0 0 0 0 0 0 0 0 0 0 0 0 0 0 0 0 0 0 0 0 0 0 15 0 0 3 73 4 1 2 0 0 0 0 0 0 0 0 0 0 0 0 0 0 0 0 0 10 0 1 0 0 0 7 1 0 0 0 
 0 0 0 3 1 0 1 2 0 0 1 0 0 0 0 8 0 0 0 0 265 121 472 149 150 175 118 113 84 40 404 158 82 116 123 51 56 0 67 99 0 0 0 0 3 3 62 0 3 0 0 0 4 0 0 3 0 64 0 71 0 2 2 0 2 0 0 0 0 0 3 0 0 0 30 0 0 0 0 3 0 0 0 0 0 0 0 0 0 0 0 0 0 0 0 1 0 0 0 0 11 12 20 38 7 15 15 0 0 0 26 24 10 30 0 36 37 15 0 0 13 0 0 0 0 0 30 0 0 0 0 0 0 0 10 0 9 0 20 14 0 0 0 1 0 23 0 0 1 0 0 0 1 0 0 4 0 0 1 0 0 2 0 0 0 0 0 0 0 0 0 7 0 0 0 0 1 0 0 0 0 49 13 9 0 0 0 16 5 18 49 27 0 12 8 15 0 36 9 9 0 17 0 2 0 0 10 0 0 9 0 0 17 19 24 17 0 0 19 2 0 0 0 0 6 0 0 0 1 0 0 0 0 0 0 0 0 0 0 0 0 0 0 0 0 0 0 0 0 0 0 0 0 0 4 0 0 2 0 0 2 0 0 0 0 0 0 0 0 0 0 0 0 0 0 0 0 2 0 0 0 0 0 0 0 1 0 0 0 0 
 0 0 36 3 74 0 0 39 65 0 74 147 0 75 0 0 112 75 3 0 141 67 102 87 72 48 42 209 157 79 308 40 110 192 88 186 144 67 0 732 0 0 0 1 4 2 2 2 8 1 1 0 3 0 0 3 0 105 0 0 0 0 2 0 0 0 0 0 0 0 3 0 6 0 0 49 0 0 0 2 0 0 19 15 21 32 0 0 0 23 0 0 0 0 18 18 0 0 0 0 12 22 13 0 0 0 4 14 36 17 1 0 1 31 15 0 26 14 0 9 0 0 0 4 0 0 0 2 0 0 0 0 0 0 0 7 0 0 0 0 2 0 5 0 0 0 0 0 0 17 0 0 0 0 0 7 0 0 0 10 0 0 0 0 32 19 0 0 0 0 2 16 8 0 0 0 0 1 0 0 9 20 16 17 0 0 75 39 16 27 0 1 27 10 21 22 27 11 25 0 0 0 0 0 0 0 0 0 0 15 0 0 0 0 23 0 0 0 0 0 2 0 0 0 0 0 0 0 0 0 0 0 0 0 0 0 0 0 0 0 0 0 0 0 0 0 0 0 73 44 0 0 0 0 7 2 2 2 44 2 0 0 0 0 0 0 18 0 0 0 0 0 0 0 0 0 0 0 0 0 0 14 0 0 0 0 0 0 0 0 
 0 0 151 1 74 0 0 79 74 8 1 26 0 7 2 0 90 0 0 0 213 131 62 202 56 52 46 523 167 97 139 47 277 193 108 239 191 99 732 0 0 0 0 0 1 0 1 0 2 0 2 0 3 0 0 0 0 0 202 0 1 0 0 0 3 2 0 0 0 0 0 2 0 0 0 41 0 4 0 0 0 0 0 1 0 28 0 0 0 9 3 0 0 0 12 11 0 0 0 0 14 44 9 2 0 0 46 15 0 19 2 18 10 59 42 23 10 0 67 13 0 0 0 0 0 13 0 13 12 0 0 0 2 0 0 0 0 0 0 0 2 0 0 0 0 0 0 0 0 0 0 0 0 0 0 0 0 0 2 0 0 0 0 0 2 0 0 0 0 0 1 0 6 0 0 0 2 2 0 0 27 55 0 2 0 0 33 24 13 46 15 2 9 64 0 54 12 42 5 24 0 0 0 0 0 0 0 0 0 0 0 0 5 0 1 0 0 0 1 0 21 0 0 0 0 0 18 0 0 0 0 0 0 0 0 0 0 0 0 0 0 0 0 0 0 0 0 0 0 83 0 0 0 0 12 2 3 75 6 4 2 3 0 0 0 0 0 0 0 0 0 0 0 0 0 0 0 2 0 2 0 1 0 0 0 28 11 0 0 0 
 0 0 0 0 0 0 0 0 0 0 0 0 0 1 0 0 0 0 0 0 0 0 0 0 14 75 0 0 0 64 0 0 0 0 0 0 3 0 0 0 0 250 83 131 107 34 89 408 300 33 242 38 408 104 365 32 95 107 343 60 0 0 1 0 0 0 9 3 2 1 0 15 0 0 0 0 0 6 0 0 0 0 0 0 0 0 0 0 0 0 0 0 0 0 17 0 0 0 0 0 0 0 0 0 0 0 0 0 0 0 0 0 0 0 0 0 0 0 0 0 0 15 15 52 0 0 9 4 19 15 87 2 17 0 16 11 38 13 0 7 0 17 2 0 7 0 0 0 4 1 0 2 0 0 8 0 0 0 0 0 0 0 0 0 0 0 0 6 0 0 0 0 0 6 0 0 2 0 0 0 0 0 0 0 0 9 0 0 0 0 0 13 0 0 0 0 0 0 0 0 0 10 39 14 1 39 36 0 8 37 34 13 0 10 3 0 2 13 0 9 0 0 0 0 0 0 0 0 0 0 0 0 29 0 0 4 3 0 0 0 0 0 0 0 0 0 0 0 2 19 0 6 0 2 11 0 0 0 0 5 0 0 69 1 0 2 2 0 1 0 0 0 0 0 0 5 0 0 0 0 0 0 0 0 8 8 0 0 0 0 
 0 0 0 3 0 0 0 3 0 0 0 0 0 0 0 0 0 0 0 0 3 0 2 0 70 1 0 0 0 4 5 68 0 3 0 0 1 0 0 0 250 0 227 56 57 260 320 210 129 147 37 30 266 119 408 132 109 54 303 57 0 0 0 0 0 0 1 0 0 0 0 0 0 0 0 0 0 0 0 0 0 0 0 0 0 0 0 0 0 0 0 0 0 0 0 0 0 0 0 0 0 0 2 1 2 0 0 0 4 6 0 0 0 2 0 3 1 0 4 0 25 11 21 0 0 0 0 24 19 0 20 8 0 35 11 11 3 20 3 0 0 0 0 0 0 0 0 0 0 0 0 5 0 0 0 0 0 0 0 0 0 0 0 0 0 0 0 8 0 0 0 0 0 0 0 0 0 0 0 0 6 2 0 0 0 7 0 0 0 4 0 24 0 5 0 1 6 4 0 0 11 20 11 22 16 9 8 32 34 44 22 0 0 2 25 15 1 0 16 15 0 0 0 0 0 0 0 0 0 0 0 0 0 0 0 0 0 0 0 0 0 0 5 0 0 0 0 0 0 30 0 0 0 1 0 0 0 0 0 0 0 9 2 30 0 3 0 0 0 0 0 0 0 0 0 0 0 0 0 0 0 6 0 0 0 0 0 0 0 0 
 0 0 0 2 0 0 2 0 0 0 0 0 0 0 0 0 0 0 0 0 0 0 0 2 21 0 0 0 0 0 0 272 0 0 0 0 2 0 0 0 83 227 0 210 135 30 232 362 329 132 99 262 62 60 359 330 103 184 33 116 0 57 0 0 2 1 0 0 0 0 4 0 0 0 6 0 0 0 0 0 0 0 0 0 0 0 0 0 0 0 0 0 0 0 0 0 0 0 0 0 0 0 0 0 0 0 0 16 0 0 15 0 0 0 0 0 0 0 0 0 6 13 10 35 10 12 0 8 0 0 37 0 31 26 10 1 0 8 0 0 10 0 0 0 0 0 0 0 0 8 0 3 40 0 0 0 11 3 27 13 0 0 0 0 0 0 0 0 0 0 0 0 0 0 0 0 0 0 0 0 0 0 0 0 0 0 0 0 0 0 0 0 0 0 0 0 0 0 0 0 22 0 10 17 7 1 0 0 8 9 1 33 0 0 4 12 72 7 0 0 0 0 0 0 15 0 0 0 0 0 0 0 6 13 0 0 0 0 0 13 0 0 13 0 0 0 0 0 0 0 0 10 0 0 0 0 0 0 0 10 0 0 2 0 1 0 1 15 0 0 0 0 0 0 0 0 0 0 0 0 0 0 0 0 0 12 0 0 0 0 
 0 0 0 0 0 0 0 0 0 0 0 0 0 0 0 0 0 0 0 0 0 0 0 0 0 0 0 0 0 0 39 0 0 0 0 0 0 0 1 0 131 56 210 0 129 127 86 85 94 158 60 153 77 67 73 45 31 155 82 53 0 0 1 0 0 15 20 0 5 0 8 0 53 0 60 0 0 0 54 1 0 0 15 0 0 0 0 0 0 0 0 0 0 0 0 0 0 0 0 0 0 0 0 0 0 0 0 0 0 0 0 0 0 0 0 0 0 0 0 0 0 11 0 50 20 0 0 7 0 20 29 0 0 0 0 15 0 20 0 0 0 0 0 0 0 0 30 0 0 14 0 0 0 0 0 0 26 0 22 0 14 0 0 0 0 0 0 2 0 0 0 0 0 0 0 0 1 0 0 0 0 0 0 0 0 0 0 0 0 0 0 0 0 0 0 0 0 0 0 0 0 0 7 7 9 38 0 0 7 0 76 38 0 0 0 0 4 14 0 0 0 7 1 0 0 0 2 0 0 10 0 0 20 0 0 0 0 0 14 7 0 0 0 0 0 0 0 0 7 0 0 0 0 0 0 0 0 0 0 22 0 0 0 0 3 4 0 37 0 0 12 0 0 0 0 0 0 0 0 0 0 0 0 0 12 15 0 2 0 0 
 0 0 0 0 0 0 0 0 0 0 2 0 0 0 0 0 0 0 0 0 5 3 3 212 3 3 3 12 3 3 3 3 3 3 3 3 3 3 4 1 107 57 135 129 0 150 56 74 307 79 77 399 149 56 100 94 57 52 57 76 0 26 6 0 24 0 0 51 0 0 1 0 103 0 60 9 0 4 49 70 0 0 0 0 0 0 0 0 0 0 0 0 15 0 0 0 0 0 0 0 0 0 0 9 0 0 0 0 0 0 0 0 0 0 0 0 0 0 0 0 0 0 0 7 0 26 0 7 0 14 16 53 0 0 0 1 0 9 0 10 25 0 0 0 5 0 0 1 0 18 0 0 1 0 22 0 9 14 19 10 0 0 0 0 0 0 0 1 0 0 0 0 0 0 0 11 0 0 0 0 0 0 0 4 0 0 0 0 0 0 0 0 0 0 0 0 0 0 0 0 0 0 7 9 22 12 0 0 1 1 11 11 0 0 0 10 0 0 0 0 24 0 8 0 0 0 0 0 0 7 1 36 10 12 0 14 0 0 3 4 0 0 0 0 0 0 0 0 0 0 0 12 0 0 0 0 0 0 0 16 0 0 1 0 1 5 0 0 0 0 0 0 0 0 0 0 0 0 0 0 0 0 0 0 19 0 0 0 0 0 
 0 0 6 0 4 0 0 0 0 0 0 0 0 1 0 0 3 4 0 0 2 2 4 2 2 2 6 2 2 3 2 2 2 2 2 2 2 3 2 0 34 260 30 127 150 0 36 38 275 54 81 57 48 51 80 307 84 52 65 60 46 54 125 57 1 0 110 66 1 0 0 0 23 53 44 0 1 52 103 113 0 0 0 0 0 0 0 0 5 1 3 0 0 0 0 0 8 0 0 0 0 2 0 0 0 0 5 0 0 0 0 0 10 0 0 0 0 0 0 4 0 0 0 0 0 0 0 0 0 0 1 1 0 0 0 0 0 0 0 0 30 18 18 24 16 0 31 7 14 23 7 20 14 11 23 0 10 0 3 10 0 11 0 0 4 16 0 0 0 0 6 6 0 0 0 6 0 5 0 0 0 0 0 0 0 0 0 0 0 0 0 0 4 0 0 0 7 0 0 0 0 0 0 0 12 0 0 0 0 0 0 0 0 0 0 0 0 0 0 0 1 10 1 7 1 11 0 20 0 9 13 15 0 0 1 1 11 11 26 0 0 9 0 0 0 0 2 0 0 0 0 10 0 0 0 0 0 0 0 1 2 27 2 0 0 6 6 0 0 0 0 0 0 0 0 0 0 0 0 0 0 0 0 0 0 0 0 0 0 0 
 0 29 2 2 2 1 1 5 2 62 2 1 0 1 65 0 2 63 0 0 4 2 112 1 68 0 0 0 2 0 68 59 2 1 0 1 0 62 2 1 89 320 232 86 56 36 0 161 127 93 300 21 285 174 265 77 41 40 52 87 0 0 0 0 0 0 0 0 0 0 1 0 0 2 0 0 17 0 0 0 0 19 0 0 0 12 0 0 20 0 0 0 19 20 0 0 1 0 0 0 0 0 0 0 5 0 0 0 0 0 7 0 0 0 0 0 0 8 0 0 1 12 0 0 0 5 65 19 4 0 0 0 16 10 12 0 0 0 1 17 0 0 0 0 0 0 1 0 0 0 0 8 0 0 0 0 0 0 0 12 0 0 0 0 0 0 0 0 0 4 0 0 0 0 0 0 1 3 0 0 0 0 0 12 0 0 0 0 0 0 0 13 0 0 0 0 0 0 0 0 10 14 39 2 11 1 30 11 11 1 1 0 14 24 43 12 16 0 19 0 0 0 0 0 0 0 18 0 0 0 0 0 0 0 0 0 0 0 0 0 0 0 0 0 0 0 0 0 0 2 0 5 0 0 0 0 0 0 0 0 0 9 0 0 68 0 0 0 0 0 0 0 0 0 0 0 0 0 0 0 0 0 10 0 0 0 0 13 0 0 
 0 0 0 0 0 0 0 0 0 0 0 0 0 0 0 0 0 0 0 0 0 0 0 0 75 0 0 0 0 0 0 62 0 0 0 0 0 0 2 0 408 210 362 85 74 38 161 0 275 94 42 21 352 111 74 97 104 28 339 153 0 0 0 0 6 7 0 0 8 0 31 0 0 3 4 0 0 0 0 0 0 0 0 0 0 0 0 0 0 4 0 0 0 0 6 0 0 0 0 0 0 0 0 0 0 0 0 0 0 0 0 0 0 0 0 0 0 0 0 0 0 28 17 3 0 0 1 14 20 21 26 3 25 6 0 4 27 25 0 6 0 0 0 0 0 0 0 0 0 0 0 1 0 16 0 0 0 0 13 0 0 0 0 0 0 0 0 7 0 0 0 0 0 0 0 0 1 0 0 0 0 6 0 0 0 0 0 0 0 0 0 0 0 0 0 0 0 0 0 0 8 10 7 8 0 20 0 0 9 13 29 30 0 8 0 0 7 18 0 0 0 0 0 0 0 0 0 0 0 0 0 0 0 0 0 0 0 0 0 0 0 0 0 0 0 0 0 0 0 0 0 15 0 0 0 0 0 0 0 13 0 0 1 65 0 0 2 37 2 0 0 0 0 0 0 0 0 0 0 0 0 3 0 0 0 0 0 0 0 0 
 3 3 3 3 3 3 0 3 3 3 3 3 3 6 3 3 3 3 3 3 6 3 3 212 68 3 3 3 3 3 3 3 3 3 3 3 3 3 8 2 300 129 329 94 307 275 127 275 0 217 62 35 435 207 337 588 228 86 63 115 0 0 0 0 12 2 0 0 0 0 7 0 0 0 0 0 0 0 0 0 0 0 0 0 0 0 0 0 0 0 0 0 0 0 0 0 0 0 0 0 0 0 0 0 13 0 0 0 0 0 0 0 0 0 0 0 0 0 0 0 0 9 44 7 0 28 0 10 4 0 8 9 4 0 29 10 12 0 0 0 15 0 0 0 0 0 0 0 13 0 0 0 9 0 0 0 0 11 9 40 0 0 0 0 0 0 0 4 0 0 0 0 0 0 0 10 0 0 0 0 10 0 6 0 0 0 0 0 10 0 0 0 0 0 0 0 0 0 0 0 5 10 1 7 15 0 0 0 20 22 4 25 0 0 31 0 2 0 0 0 0 0 0 0 0 0 47 0 0 0 0 0 0 5 0 0 0 0 0 5 0 0 8 0 0 0 0 0 0 0 0 4 0 9 0 0 0 0 0 1 0 0 0 3 75 2 0 2 0 0 0 0 0 0 0 0 0 0 0 0 0 0 0 0 10 13 0 26 0 0 
 0 0 0 0 0 0 0 0 3 0 0 0 0 4 0 0 0 0 0 0 1 0 0 0 0 0 0 0 0 0 0 0 0 0 0 0 0 0 1 0 33 147 132 158 79 54 93 94 217 0 274 163 165 290 257 321 218 55 300 73 0 0 0 0 0 0 0 0 5 0 1 0 0 0 0 0 0 0 0 0 0 0 0 23 0 0 2 0 0 0 0 0 0 0 0 0 0 0 0 0 0 0 0 0 0 0 0 0 0 0 0 3 0 4 0 0 0 0 0 0 7 14 40 0 7 0 17 0 12 0 11 16 1 14 11 10 75 9 0 0 0 12 0 0 5 0 0 0 0 0 0 0 0 13 0 0 0 0 0 12 0 0 0 0 0 0 0 11 0 7 0 0 0 0 0 0 0 0 0 0 0 0 0 0 0 0 1 0 0 0 0 0 0 0 0 0 0 0 0 0 0 10 9 14 60 0 0 14 45 18 33 0 0 0 27 13 13 34 0 0 0 0 0 0 0 0 0 1 0 0 0 0 20 0 0 0 0 0 0 0 0 0 0 0 0 0 0 0 0 0 0 10 0 0 0 1 0 0 0 13 0 0 64 5 2 0 0 2 3 0 6 0 0 0 0 0 0 0 0 0 0 0 0 0 0 11 0 0 0 0 
 0 0 5 1 3 0 1 0 0 0 4 0 0 2 0 0 3 3 0 0 0 1 0 0 0 0 5 0 0 1 0 0 1 1 0 1 62 0 1 2 242 37 99 60 77 81 300 42 62 274 0 131 313 167 69 176 72 124 52 281 0 0 0 0 0 0 0 0 7 0 0 2 210 54 2 0 0 0 0 0 1 0 0 0 2 0 0 0 10 2 5 3 0 0 0 0 12 0 0 4 0 0 0 0 0 0 9 0 0 0 0 0 11 0 0 0 0 0 0 10 15 0 9 0 4 28 0 19 7 0 8 2 0 18 3 9 2 65 0 0 0 0 11 0 0 0 10 11 0 0 10 0 0 10 0 7 0 0 0 17 0 6 3 0 11 9 15 0 0 0 19 0 0 0 15 20 0 5 0 0 0 0 0 0 0 0 0 0 0 0 0 0 3 0 21 0 0 0 0 0 23 0 0 0 47 20 0 4 14 0 13 0 0 0 34 0 64 5 0 0 11 1 0 0 0 0 27 21 1 0 0 0 21 10 9 0 13 0 18 0 0 11 0 0 0 0 2 0 0 0 0 4 0 1 0 0 0 0 0 1 0 0 4 0 77 4 2 0 0 0 0 0 0 0 0 0 0 0 0 0 0 0 0 0 0 0 0 39 0 0 
 0 0 0 0 3 0 0 0 0 63 3 0 0 0 0 0 0 0 0 0 3 2 0 209 0 0 0 7 0 0 0 208 0 26 0 0 0 0 0 0 38 30 262 153 399 57 21 21 35 163 131 0 48 30 71 268 68 256 62 24 50 6 0 0 0 3 0 2 2 0 1 0 48 0 0 0 0 0 0 30 0 0 0 0 0 0 0 0 0 0 0 0 0 0 0 0 0 0 0 0 0 0 0 0 0 0 0 0 0 0 13 0 0 0 0 0 0 0 0 0 0 11 10 10 36 45 0 0 12 0 18 14 0 0 0 9 2 47 0 0 24 0 0 0 0 0 9 18 0 9 0 1 19 19 0 0 11 0 20 0 0 0 0 0 0 0 0 0 0 0 0 0 0 0 0 0 0 0 0 0 0 0 0 0 0 0 0 0 0 0 0 0 0 0 0 0 0 0 0 0 0 0 0 0 5 0 0 9 7 0 10 0 0 0 13 0 23 21 0 0 19 0 40 0 8 0 0 20 13 34 0 0 44 9 0 0 0 0 10 9 0 0 0 0 0 0 0 0 0 0 0 8 0 0 0 0 0 0 0 15 0 0 1 0 0 0 2 4 0 0 0 0 0 0 0 0 0 0 0 0 0 0 0 0 0 0 0 0 0 4 
 0 0 0 0 0 0 0 0 0 0 6 33 0 2 0 0 3 0 5 0 3 3 3 65 3 25 3 3 3 3 3 64 3 3 3 3 3 4 3 3 408 266 62 77 149 48 285 352 435 165 313 48 0 82 125 188 175 59 184 198 0 0 0 0 0 0 6 4 195 0 0 0 0 1 0 0 0 0 0 24 0 0 0 0 0 0 0 0 0 0 0 0 0 21 0 0 0 0 0 0 5 0 0 0 0 0 0 0 0 0 0 0 0 0 0 0 0 0 0 0 12 2 73 2 0 0 1 14 19 9 2 2 0 38 19 10 25 0 15 10 0 0 0 0 0 0 0 0 0 0 0 2 2 0 0 0 0 0 0 1 0 0 0 0 0 0 0 17 0 0 0 0 0 0 0 0 1 0 0 0 0 0 0 0 0 7 0 0 0 0 11 0 0 0 0 0 0 0 0 0 0 11 24 13 7 20 0 7 11 37 16 16 0 9 10 23 11 0 12 15 0 0 0 0 0 19 1 0 0 0 0 0 0 0 0 0 0 0 0 0 0 0 0 0 0 0 0 0 0 0 0 18 0 0 0 0 0 0 0 9 0 8 2 65 4 2 3 0 0 0 0 0 0 0 0 0 0 0 0 0 0 0 0 0 0 9 0 3 0 0 
 0 0 68 66 0 0 0 0 0 0 0 0 0 0 0 0 0 0 0 0 2 0 0 0 0 0 0 1 0 0 0 0 0 0 0 0 0 0 0 0 104 119 60 67 56 51 174 111 207 290 167 30 82 0 164 111 79 57 96 286 5 0 0 0 0 0 7 0 28 1 0 0 28 15 4 0 5 44 0 0 0 0 0 0 0 0 0 0 0 0 0 0 0 0 0 0 0 0 9 0 0 0 0 0 0 0 0 0 0 0 0 0 0 0 0 0 0 0 0 0 29 0 67 11 11 0 11 5 35 0 0 0 26 5 71 0 0 0 0 18 0 0 0 0 0 5 0 0 0 0 4 0 9 0 0 4 0 0 0 6 0 0 3 2 10 0 0 0 0 0 0 0 0 0 0 4 1 0 0 0 0 0 0 0 25 9 0 0 0 0 0 0 0 0 0 0 0 0 0 0 78 0 20 26 9 71 15 20 7 21 32 18 4 0 0 8 26 0 0 0 0 6 6 18 0 0 6 0 4 8 8 0 36 0 10 2 0 7 8 0 0 0 0 0 0 0 0 0 0 0 0 4 0 0 0 0 0 0 52 0 0 0 61 0 4 2 0 0 0 0 12 0 0 0 0 10 0 0 0 0 0 0 0 0 42 0 0 6 0 0 
 0 0 0 3 0 0 7 1 0 0 2 0 0 1 3 1 0 0 4 0 0 0 0 2 0 0 0 0 0 0 0 208 0 0 0 0 0 0 0 0 365 408 359 73 100 80 265 74 337 257 69 71 125 164 0 417 41 31 82 159 0 0 0 0 0 0 0 52 0 0 0 0 0 0 0 0 0 0 0 0 0 0 0 0 1 0 0 0 0 1 0 3 0 0 4 0 0 3 6 8 0 0 0 0 0 0 0 0 0 0 0 0 0 0 0 0 0 0 0 2 33 0 9 0 0 21 11 10 0 0 21 2 2 19 48 9 2 44 0 11 0 0 0 0 0 0 16 0 0 0 0 0 0 0 0 0 0 0 0 0 9 0 7 3 7 0 0 0 0 0 0 0 0 1 1 3 3 0 1 0 0 0 0 0 8 15 0 0 0 0 0 0 0 0 0 0 0 0 0 0 22 0 19 17 20 35 10 10 10 13 0 0 5 1 25 7 0 14 0 0 0 0 0 0 0 0 0 21 0 0 0 0 0 0 0 0 0 0 0 0 0 0 0 0 0 0 1 0 0 21 0 13 0 2 1 0 0 0 62 0 0 0 1 0 3 5 0 0 2 0 0 0 0 0 0 0 0 0 0 0 0 0 0 0 0 0 0 0 0 0 
 0 0 0 3 0 0 0 0 0 0 0 0 0 0 0 0 0 3 0 0 3 3 3 3 6 4 3 7 3 3 3 3 3 27 3 3 3 3 3 0 32 132 330 45 94 307 77 97 588 321 176 268 188 111 417 0 97 89 301 61 0 0 0 0 0 0 0 0 0 0 0 0 0 0 0 0 0 5 0 0 0 0 0 0 0 0 0 0 0 0 0 16 0 0 0 0 0 0 0 0 0 0 0 0 0 0 0 0 0 0 0 0 0 0 0 0 0 0 0 0 11 0 12 0 7 20 0 4 31 0 8 9 0 4 3 18 4 24 1 0 0 0 0 0 0 0 10 0 0 0 0 0 0 0 0 0 0 0 0 18 0 0 0 1 0 0 0 12 0 0 0 0 0 0 0 0 2 0 3 0 0 0 0 0 0 0 0 0 0 0 1 0 0 0 0 0 0 0 0 0 11 14 0 0 15 33 10 11 21 21 12 0 0 0 36 0 2 3 16 11 0 0 0 0 0 0 32 23 0 0 0 0 0 0 0 0 0 0 0 0 0 0 0 0 0 0 0 0 0 0 0 18 0 0 0 0 0 0 0 1 0 0 1 34 77 3 1 0 0 0 0 0 0 0 0 0 0 0 0 0 0 0 0 0 0 12 0 53 0 0 
 0 0 0 0 0 0 0 0 0 0 0 0 1 0 0 2 0 0 0 0 0 0 0 0 2 0 0 0 0 0 0 0 57 0 0 0 0 0 0 0 95 109 103 31 57 84 41 104 228 218 72 68 175 79 41 97 0 136 76 106 3 4 0 0 2 0 2 0 2 0 1 0 2 2 2 0 4 0 0 3 0 0 0 0 0 0 0 0 0 0 0 0 0 0 0 0 0 0 0 0 0 0 0 0 3 0 0 0 0 0 0 0 0 0 0 0 0 0 0 0 11 1 12 16 0 10 0 5 28 0 36 37 18 10 8 10 16 12 0 0 16 0 4 8 0 3 0 8 0 0 7 0 20 0 0 14 25 1 11 14 0 0 0 0 0 7 0 8 0 9 0 0 0 0 0 0 2 0 0 0 0 0 0 0 0 0 0 0 0 0 0 0 0 0 0 0 0 0 0 0 12 14 24 23 10 15 0 0 27 33 0 7 0 1 22 6 7 4 0 0 0 6 7 4 0 0 0 0 4 7 1 0 9 11 1 0 0 7 0 11 0 0 8 0 0 0 0 0 0 0 0 6 0 0 0 0 0 0 0 0 0 1 0 35 0 0 1 1 1 0 9 0 0 0 0 0 0 0 0 0 0 0 0 0 11 12 0 0 0 0 
 0 0 0 3 0 0 0 2 2 0 0 0 0 3 0 0 3 0 8 2 1 2 1 0 0 1 0 0 0 2 75 0 0 51 0 1 1 64 105 0 107 54 184 155 52 52 40 28 86 55 124 256 59 57 31 89 136 0 29 29 26 3 30 0 0 1 0 2 9 0 5 0 53 1 1 6 0 0 0 83 9 0 0 0 0 0 0 0 0 0 0 0 0 0 0 0 0 0 0 0 0 12 14 0 0 7 7 0 0 0 0 0 0 0 0 31 16 23 0 0 0 14 9 25 32 7 0 6 11 10 22 11 0 0 0 5 11 13 0 0 4 0 3 0 6 0 6 6 3 19 0 2 5 14 4 23 14 2 13 0 0 0 0 0 0 17 0 0 0 0 0 0 0 0 0 0 0 0 0 0 0 0 16 0 0 0 0 12 0 0 0 0 12 0 10 21 0 0 0 0 0 0 7 0 20 11 11 8 6 0 32 35 0 0 7 0 3 2 0 0 0 0 17 0 0 1 0 0 18 9 0 3 43 0 0 0 2 0 12 10 0 0 0 0 0 0 0 0 0 0 0 9 0 0 0 0 0 1 0 33 0 0 0 2 0 3 5 0 0 0 0 0 0 0 0 0 0 0 0 0 0 0 0 0 0 11 0 0 0 0 
 0 0 0 0 0 0 0 0 0 0 0 0 63 8 0 0 0 0 0 31 4 36 0 4 1 92 0 3 0 160 66 0 0 0 0 26 0 0 0 202 343 303 33 82 57 65 52 339 63 300 52 62 184 96 82 301 76 29 0 183 0 0 0 2 0 0 3 8 0 4 0 9 0 0 0 0 0 28 0 2 0 0 0 0 0 0 0 0 0 15 0 0 0 0 0 0 0 0 0 0 0 0 0 0 14 8 0 0 0 19 0 17 10 0 0 0 19 7 0 0 0 0 16 0 0 0 0 0 4 0 0 6 0 0 39 10 17 0 53 0 0 9 1 0 1 3 0 0 2 0 0 2 0 0 2 0 0 0 5 0 0 0 1 0 0 0 0 3 0 0 0 0 0 0 0 0 0 0 0 0 0 0 28 0 24 41 0 0 0 10 14 6 0 0 0 0 16 16 0 0 8 11 7 1 0 0 28 1 6 34 0 0 14 10 0 0 0 0 20 31 0 0 0 0 0 0 0 0 0 0 10 0 5 0 10 19 2 0 0 0 0 0 0 0 0 1 0 0 0 0 0 5 0 0 0 0 0 152 0 2 0 0 3 3 0 2 2 0 0 0 0 0 0 0 0 7 0 0 0 0 0 0 0 0 0 15 0 0 1 0 
 0 0 0 0 0 0 0 0 3 0 0 0 0 0 0 0 0 0 0 0 3 0 0 0 68 62 0 0 0 0 82 64 0 0 0 0 1 71 0 0 60 57 116 53 76 60 87 153 115 73 281 24 198 286 159 61 106 29 183 0 1 0 0 0 0 0 8 1 0 0 0 0 52 3 2 0 7 0 0 1 0 0 0 0 0 0 0 0 0 0 48 0 0 0 0 0 0 0 0 0 0 0 0 0 0 0 0 0 1 12 7 8 0 0 0 0 0 2 0 0 0 36 15 0 0 0 68 54 18 10 0 0 19 0 7 0 3 0 20 24 0 0 0 0 0 0 0 0 0 0 0 0 0 0 0 0 0 0 0 0 0 0 8 0 4 0 0 0 0 0 0 0 0 0 0 5 1 0 0 0 0 0 0 0 33 20 0 0 0 0 19 23 0 0 0 0 0 0 0 0 27 28 1 15 0 0 0 5 3 23 0 3 21 29 14 33 0 0 0 22 0 13 0 0 0 0 0 0 0 0 0 0 0 0 0 0 0 0 0 0 0 0 0 0 0 0 0 0 0 0 0 8 0 0 0 0 0 0 63 0 0 0 1 0 0 2 0 0 0 0 0 0 0 0 0 0 0 0 0 0 0 0 0 0 10 6 0 0 0 0 
 0 0 0 0 0 0 0 0 0 0 0 0 0 0 0 0 0 0 0 0 0 0 0 52 0 0 0 0 0 0 0 0 0 0 0 0 0 0 0 1 0 0 0 0 0 46 0 0 0 0 0 50 0 5 0 0 3 26 0 1 0 93 105 151 29 78 69 27 100 92 35 285 379 87 118 39 49 242 80 170 0 0 0 0 0 0 0 0 0 0 0 0 0 0 0 0 0 0 0 0 0 0 0 0 0 0 0 0 0 0 0 0 0 0 0 0 0 0 0 0 1 1 2 22 25 4 2 1 3 2 1 22 1 2 1 3 1 2 1 3 11 10 0 12 0 18 16 37 4 0 10 0 35 5 28 4 4 0 0 11 0 3 0 0 0 11 0 0 0 0 0 4 0 0 1 0 0 0 0 2 0 0 0 0 0 0 0 0 0 0 0 3 0 1 0 0 0 0 0 0 0 0 0 0 0 0 0 0 0 0 0 15 0 0 0 0 0 0 0 0 0 11 69 0 0 16 0 9 32 18 17 30 30 0 49 4 0 8 6 2 8 0 0 0 0 0 0 0 0 0 0 0 0 0 7 0 0 0 0 0 0 0 0 0 0 0 0 0 0 0 12 2 0 0 0 55 0 0 0 0 0 0 0 0 0 1 0 0 0 0 
