 0 218 207 57 42 156 242 137 37 56 143 34 97 60 82 133 119 241 110 117 0 1 2 2 1 0 0 0 0 2 32 1 1 0 0 4 0 30 3 0 0 0 0 0 0 0 4 3 0 0 0 2 2 2 2 3 0 2 0 0 0 35 0 0 0 3 0 0 0 3 1 0 0 0 0 0 5 2 0 0 16 1 11 12 15 0 5 1 31 25 0 4 0 24 14 24 18 14 0 25 0 13 0 0 0 0 1 0 0 0 0 0 0 3 0 0 0 0 12 0 0 2 0 0 0 0 3 0 0 0 0 0 0 0 0 0 0 0 0 0 0 0 0 0 0 0 0 0 0 0 0 39 0 1 0 0 0 42 0 0 9 21 34 0 0 0 31 26 9 0 10 6 6 19 11 10 69 33 10 14 1 0 0 0 0 0 0 0 0 0 2 0 0 0 0 0 0 1 0 34 0 0 0 0 0 0 0 0 0 0 0 0 0 1 0 2 0 0 0 0 0 0 0 0 0 0 0 0 0 0 22 0 0 0 0 0 0 0 0 1 2 0 0 0 0 2 94 0 0 0 0 14 0 0 0 0 0 0 0 0 0 0 0 0 0 0 1 0 0 0 0 0 0 0 2 9 11 0 0 0 0 0 0 0 0 0 0 0 0 0 
 218 0 157 116 118 290 547 289 169 192 231 25 357 54 276 445 130 126 75 191 0 1 2 0 0 0 0 0 0 0 2 0 75 0 0 2 2 0 78 79 0 0 0 0 0 0 3 3 9 0 0 2 2 2 2 3 0 64 0 0 0 2 0 33 0 3 0 0 0 3 0 11 0 0 0 17 0 4 0 0 0 29 0 30 6 14 10 19 14 20 19 13 19 1 13 3 0 46 2 0 1 0 0 0 0 0 0 15 0 0 0 0 0 3 3 0 0 0 11 18 0 0 0 0 0 0 0 0 0 0 0 0 2 0 0 0 0 0 0 0 2 0 0 0 0 0 0 2 0 0 0 0 0 0 0 0 0 0 0 0 21 12 2 14 1 17 2 25 0 13 25 18 0 0 35 0 11 24 0 1 0 0 0 0 0 0 33 0 0 0 0 0 0 1 1 0 0 0 0 0 0 0 0 0 0 0 0 0 0 0 0 0 36 0 0 0 0 0 0 0 0 1 0 0 0 0 2 2 0 0 0 0 0 0 0 0 1 0 0 0 0 0 0 0 0 1 6 0 2 46 0 17 12 0 0 0 0 0 0 0 1 0 7 0 0 0 0 0 0 0 0 0 0 0 0 10 22 0 0 0 0 0 0 0 0 0 0 0 0 0 
 207 157 0 125 160 156 106 99 66 56 117 47 171 45 57 226 203 344 24 143 2 0 2 2 1 1 0 0 0 2 3 0 76 282 4 6 5 0 34 0 13 0 0 0 2 0 5 3 6 0 2 5 2 2 0 6 3 5 2 2 0 4 0 0 3 5 3 0 3 9 0 2 0 0 0 0 0 5 0 33 0 10 28 26 0 43 21 10 37 24 58 18 0 0 24 19 26 4 0 0 10 0 0 0 0 0 38 5 0 0 0 0 8 58 0 0 0 0 0 15 0 0 0 0 0 0 0 0 0 0 0 0 0 0 0 0 0 0 0 0 0 0 0 0 0 0 0 10 0 0 0 0 0 0 0 0 0 0 0 0 0 19 35 2 0 78 29 0 18 1 0 59 1 18 10 1 21 0 0 0 0 0 0 0 0 0 14 0 0 0 0 0 34 0 15 0 0 0 59 0 0 0 0 0 0 0 0 0 0 0 0 0 0 0 0 0 0 0 0 0 0 0 0 0 0 0 0 0 0 0 0 0 0 0 0 0 0 0 0 0 0 1 0 0 0 0 1 0 4 2 13 7 0 0 0 0 2 0 0 0 0 0 0 0 0 0 0 0 0 0 0 0 0 0 2 12 12 0 0 0 0 0 0 0 0 0 0 0 0 0 
 57 116 125 0 320 136 103 239 179 119 129 88 288 65 69 256 258 221 60 183 0 0 2 3 3 2 0 0 3 3 6 0 73 0 23 3 3 0 188 125 0 0 0 0 3 3 3 3 3 0 3 5 68 6 2 34 3 7 0 0 0 2 0 3 0 5 0 0 0 3 1 8 3 0 0 0 0 4 0 0 0 31 0 22 36 24 0 0 0 11 2 20 0 0 16 22 0 11 0 0 20 0 1 0 0 0 18 18 11 2 0 0 0 3 6 0 0 0 23 26 0 0 0 0 0 0 0 0 0 0 0 0 0 0 0 0 0 0 0 0 2 0 0 0 3 0 26 2 0 0 0 0 0 3 0 0 0 0 0 0 0 3 1 1 0 7 0 35 6 20 11 25 0 9 18 11 0 22 0 0 11 0 0 0 0 0 32 0 0 0 0 0 2 0 15 0 0 0 16 37 0 0 0 0 0 17 0 0 0 0 0 0 0 0 0 0 0 0 0 0 0 2 0 0 0 0 0 1 0 0 0 0 0 0 0 1 0 0 0 0 0 2 0 0 0 1 1 0 0 47 0 9 4 0 0 0 0 0 0 0 0 0 12 0 0 1 0 0 0 0 0 0 0 12 0 0 0 11 0 0 0 0 0 0 0 0 0 0 0 0 
 42 118 160 320 0 190 364 282 103 439 304 124 86 454 78 152 64 297 282 48 35 2 2 0 0 0 6 0 78 2 2 0 183 1 74 2 0 0 175 0 61 0 0 0 4 1 5 7 8 0 0 2 63 2 0 70 0 4 0 0 0 2 0 4 0 3 0 0 0 3 0 0 0 4 0 0 0 3 0 48 0 2 12 14 39 70 0 0 0 16 10 17 0 0 0 0 7 0 0 0 17 1 0 15 0 0 49 19 8 0 0 0 21 31 8 13 9 0 26 12 2 0 0 0 0 0 17 0 0 0 0 0 0 15 0 13 0 0 0 0 0 0 0 0 0 0 4 0 0 0 0 0 0 0 0 0 0 0 0 7 0 16 9 10 3 10 0 19 1 0 0 25 0 6 0 12 0 0 0 0 12 0 0 0 0 0 25 0 13 0 0 0 10 11 18 1 0 0 40 13 0 0 0 0 31 0 0 0 0 0 0 0 0 0 0 0 8 0 0 0 0 0 0 0 0 0 0 0 0 0 0 0 0 0 0 0 0 0 0 14 0 0 0 0 1 0 2 0 4 2 15 0 0 0 0 0 0 0 0 0 0 0 0 0 0 0 0 0 0 0 0 0 0 0 0 0 0 14 0 0 0 0 0 0 0 1 0 0 0 0 
 156 290 156 136 190 0 49 114 51 108 111 131 277 51 31 202 52 69 56 59 73 81 13 2 81 0 75 2 55 2 2 0 74 41 18 4 2 0 5 2 0 1 0 0 0 0 5 3 5 1 0 4 4 2 0 3 0 2 0 0 0 2 0 0 0 3 0 0 6 3 0 0 0 0 0 0 0 48 0 51 1 16 0 23 0 27 0 0 15 13 21 0 0 2 0 2 1 1 0 0 37 26 9 20 1 0 20 25 11 19 0 0 10 0 1 10 12 0 0 12 0 0 0 0 0 6 0 0 0 0 0 0 2 0 0 0 0 0 0 0 1 0 0 0 0 0 0 2 0 0 0 1 0 1 0 0 0 0 0 0 0 0 2 10 19 0 0 18 0 0 1 23 0 0 1 0 0 0 0 0 10 1 0 10 1 0 0 0 17 9 9 0 0 18 8 0 0 10 23 0 0 0 0 0 0 2 0 0 0 0 0 0 0 0 0 0 0 0 0 0 0 0 0 0 21 0 0 0 0 0 0 0 0 0 0 2 0 0 0 0 0 0 0 0 0 0 0 0 5 0 0 18 0 0 0 0 0 23 0 0 0 15 0 0 1 0 0 0 0 0 0 0 0 0 0 0 7 0 0 0 0 0 0 0 0 0 0 0 0 0 
 242 547 106 103 364 49 0 199 168 264 238 111 426 234 246 52 114 244 151 267 0 2 2 6 0 0 0 0 0 0 4 0 1 0 0 2 0 0 4 5 0 0 0 0 0 0 3 3 0 1 0 2 2 2 2 3 0 46 0 0 0 2 0 0 0 3 0 0 0 3 0 0 0 0 0 0 0 3 0 0 15 0 56 12 1 0 26 26 0 18 15 24 19 8 15 0 15 0 35 0 0 22 0 0 0 0 0 0 0 0 0 0 0 0 0 0 0 0 0 0 0 0 0 0 0 0 0 0 0 0 0 0 2 0 0 0 0 0 0 0 2 0 0 0 0 0 0 2 0 6 0 0 0 0 0 0 0 0 0 0 30 11 17 20 0 2 15 19 20 15 36 0 7 27 12 0 37 23 12 1 14 0 0 0 0 0 0 0 16 0 0 0 20 1 0 0 0 0 0 0 0 0 0 0 0 0 0 0 0 0 0 0 0 0 0 0 0 0 0 0 0 1 0 0 0 0 0 2 0 0 0 0 0 0 0 2 0 0 0 12 0 1 0 0 0 2 0 0 2 0 2 7 0 0 0 0 0 0 0 0 1 0 0 0 0 0 0 0 0 0 0 0 0 0 0 18 2 0 0 0 0 0 0 0 0 0 0 0 0 0 
 137 289 99 239 282 114 199 0 256 141 136 192 226 163 208 126 66 470 151 27 0 1 8 0 0 0 0 3 0 0 2 0 1 1 0 2 4 1 21 0 0 1 0 0 0 0 4 5 2 4 0 2 2 8 2 3 0 1 0 0 0 2 0 6 0 7 0 0 0 3 0 23 0 6 6 0 0 2 0 0 11 18 0 7 11 1 12 8 28 10 26 1 0 24 80 25 26 25 1 16 11 0 0 0 0 0 0 0 0 0 0 0 0 23 0 0 0 0 20 0 0 0 0 0 0 0 0 0 0 0 0 0 2 0 0 0 0 0 0 0 1 0 0 0 0 0 0 2 0 0 0 7 0 4 0 0 0 0 0 0 0 0 3 13 8 1 9 19 26 8 1 20 12 13 38 22 21 13 0 7 0 0 0 0 0 0 29 0 0 0 0 0 0 0 0 0 0 0 0 10 0 0 0 0 0 2 0 0 0 0 0 0 0 0 0 0 0 0 0 0 0 0 0 0 0 0 0 0 0 0 0 0 0 0 11 2 0 0 17 0 0 1 0 0 0 0 177 0 0 175 0 22 0 0 0 0 0 0 0 0 0 0 10 37 0 0 0 0 0 0 0 0 0 0 0 0 0 0 0 0 0 0 0 0 0 0 0 0 0 0 
 37 169 66 179 103 51 168 256 0 285 161 229 594 471 447 140 375 263 98 200 0 2 2 0 0 0 0 0 87 63 2 0 1 0 0 2 0 0 3 59 0 0 0 0 0 0 4 3 0 0 0 31 2 2 2 3 0 73 0 0 0 2 0 0 0 3 0 0 0 5 0 4 0 0 25 0 0 3 0 0 1 9 0 11 12 0 16 23 20 15 11 1 19 14 2 22 28 19 13 18 0 0 0 0 0 0 0 10 0 0 0 0 0 11 14 0 0 0 19 19 0 0 0 0 0 0 0 0 1 0 0 0 0 0 0 0 0 0 0 0 0 0 2 0 0 0 0 0 0 0 0 0 0 0 0 0 0 0 0 0 20 14 1 88 9 43 1 5 10 13 42 11 10 1 8 1 16 18 0 10 0 0 0 2 0 0 15 10 0 0 1 0 0 0 60 1 2 0 0 21 0 0 0 0 0 0 0 0 0 0 0 0 0 0 0 1 0 0 0 0 0 0 1 0 0 0 0 0 0 1 2 0 0 0 0 0 0 0 0 0 0 0 0 0 0 0 43 0 2 93 1 8 19 0 0 0 0 0 0 0 0 0 7 0 0 0 0 0 0 0 0 0 0 0 0 11 0 0 0 0 0 0 0 0 0 0 0 0 0 0 
 56 192 56 119 439 108 264 141 285 0 122 140 370 391 394 280 108 74 109 136 0 2 4 0 0 0 4 0 0 0 2 0 74 0 0 2 0 1 157 0 2 4 0 0 4 0 9 9 0 6 4 2 60 2 2 7 0 2 0 0 0 2 0 2 0 3 0 0 0 3 0 2 6 1 2 0 0 2 0 0 0 19 14 17 39 15 0 47 21 6 14 44 25 14 12 2 46 31 14 28 9 0 1 1 0 0 19 2 26 0 0 0 0 0 0 0 11 0 49 0 0 0 2 0 0 0 0 0 0 0 0 0 0 0 0 0 0 0 0 0 0 0 0 0 0 4 0 0 0 0 0 0 0 0 0 0 1 0 0 0 9 21 11 10 18 0 1 0 35 19 8 0 13 0 0 33 11 0 0 25 10 0 0 0 0 0 16 0 0 1 0 0 14 0 17 0 0 0 0 0 0 0 0 0 0 0 0 0 0 0 7 0 0 0 0 0 0 0 0 0 0 0 0 0 0 0 0 0 0 0 0 0 0 0 0 0 0 0 0 0 0 0 0 0 0 4 97 0 1 2 0 4 0 0 0 0 0 0 0 0 0 0 0 0 0 0 0 0 0 0 0 0 0 0 0 0 12 12 0 0 0 0 0 0 0 0 0 0 0 0 
 143 231 117 129 304 111 238 136 161 122 0 146 122 155 60 176 412 85 53 131 0 4 2 0 0 0 0 0 0 0 2 0 0 0 0 2 0 0 3 0 0 0 0 0 0 0 5 3 8 0 0 2 2 2 1 3 0 3 0 0 0 2 0 0 0 3 0 0 0 3 0 0 1 0 0 0 0 3 0 0 0 0 2 10 16 3 10 11 54 13 12 0 0 0 0 15 20 61 0 0 20 0 0 0 0 0 0 0 0 0 0 0 0 0 0 0 0 9 0 11 0 0 0 0 0 0 2 0 0 0 1 0 0 0 0 0 0 0 0 0 0 0 0 0 0 1 0 3 0 0 0 3 0 8 0 0 0 0 0 1 0 0 11 0 22 15 8 24 0 0 0 27 0 0 28 0 16 0 0 0 9 0 0 0 0 0 0 8 0 0 0 0 0 0 0 0 17 0 1 0 0 0 0 0 0 0 0 0 0 0 0 0 0 0 0 0 0 0 0 0 0 0 0 0 1 2 0 0 0 0 0 0 0 0 0 0 0 0 0 0 0 0 0 0 0 0 90 2 45 6 0 4 0 0 0 0 0 0 0 0 0 0 6 0 0 0 0 0 0 0 0 0 0 0 0 0 13 0 0 0 0 0 0 0 0 0 0 0 0 1 
 34 25 47 88 124 131 111 192 229 140 146 0 31 122 128 137 253 383 46 119 1 0 5 1 2 0 5 0 0 2 2 0 149 3 82 4 0 2 3 82 3 0 5 0 0 0 3 66 0 0 3 2 66 4 2 3 0 3 0 0 0 2 2 0 4 5 0 3 3 3 0 0 0 0 0 0 0 2 0 0 0 1 0 1 10 9 0 12 0 7 0 34 0 0 14 23 26 51 0 0 7 0 0 0 0 0 2 26 0 0 0 0 0 22 10 1 0 0 0 16 0 0 0 0 0 0 0 0 0 0 0 0 0 0 0 0 0 0 0 0 0 0 0 0 0 0 4 0 0 0 0 6 0 0 0 0 0 0 0 0 0 0 0 11 22 11 0 16 6 18 61 0 13 0 16 9 0 30 0 0 9 0 0 0 0 0 16 9 0 0 0 0 0 0 2 17 14 0 33 51 0 0 0 0 0 0 0 0 0 0 0 0 0 0 0 0 0 0 0 0 0 0 0 0 0 0 0 0 0 0 0 0 0 0 0 0 3 0 0 0 0 0 0 0 0 0 165 0 0 1 1 2 13 0 0 0 0 0 1 0 0 0 13 0 0 0 2 0 0 0 0 0 0 2 1 0 2 9 0 0 0 0 0 0 0 0 0 0 0 0 
 97 357 171 288 86 277 426 226 594 370 122 31 0 84 143 143 234 50 132 101 2 0 2 0 0 0 0 0 0 1 3 0 1 0 0 2 0 0 3 0 0 0 65 0 0 0 4 3 0 0 0 2 2 2 0 3 0 12 0 1 0 3 1 0 0 2 0 0 0 3 0 0 0 0 0 0 0 2 0 0 42 19 29 10 17 0 27 0 48 22 0 2 0 46 15 13 0 33 16 38 0 0 0 12 0 0 0 0 0 0 0 0 0 2 0 0 0 0 0 0 0 0 0 0 0 0 0 0 0 0 0 0 0 0 0 0 0 0 0 0 0 17 0 0 0 0 0 0 0 0 0 0 0 11 2 0 0 0 0 0 15 34 27 23 0 42 27 10 25 20 0 0 17 33 1 46 52 12 14 19 0 0 0 0 0 0 0 0 0 0 0 0 0 0 0 0 0 1 0 1 0 0 0 0 0 0 0 0 0 0 0 0 0 0 0 0 0 0 0 0 0 0 0 0 0 0 0 0 0 0 0 0 0 0 0 0 0 0 0 0 0 0 0 0 0 2 0 0 0 90 2 4 0 0 0 0 0 0 0 0 0 0 0 0 0 0 1 0 0 0 0 0 0 0 0 12 0 0 0 0 0 0 0 0 0 0 0 0 0 0 
 60 54 45 65 454 51 234 163 471 391 155 122 84 0 173 54 175 136 320 138 0 2 2 0 0 2 0 2 0 0 2 6 2 0 0 2 0 0 3 0 0 3 0 0 3 4 4 6 0 3 0 3 2 2 2 6 0 91 8 0 2 5 3 1 1 5 2 3 2 4 1 0 10 2 1 1 1 4 0 0 20 1 11 11 11 1 30 17 40 24 14 1 0 1 19 10 11 9 26 0 1 1 0 0 0 0 0 0 0 0 0 1 0 0 0 0 0 0 0 0 0 0 0 0 0 2 2 0 0 4 12 0 0 0 0 0 0 0 0 0 0 0 0 0 0 0 0 0 0 0 0 0 0 0 3 0 0 2 0 0 12 23 0 0 5 0 10 23 0 1 31 0 31 3 35 0 21 0 52 13 0 0 0 0 0 0 0 0 0 0 0 0 0 0 0 0 0 0 0 0 0 0 0 0 0 0 0 0 0 0 0 0 7 1 0 0 14 0 0 0 0 0 0 0 0 0 0 0 0 0 0 0 0 12 0 0 0 0 0 0 0 0 8 0 0 2 7 1 0 0 0 8 0 0 0 0 1 0 2 0 0 0 9 0 0 0 0 0 0 0 0 0 0 0 0 10 0 0 0 0 0 0 0 0 0 2 0 0 0 0 
 82 276 57 69 78 31 246 208 447 394 60 128 143 173 0 242 90 185 62 68 0 0 0 4 1 0 0 0 37 0 0 2 74 0 0 0 0 2 74 0 0 0 0 0 2 0 2 0 0 0 0 0 64 0 2 6 0 2 0 0 0 0 0 0 0 0 0 0 0 0 0 5 0 0 0 0 0 0 0 0 12 39 47 22 30 0 0 35 19 0 14 44 9 30 28 37 83 32 9 30 4 0 0 0 0 0 3 13 0 0 0 0 0 11 0 0 0 0 4 0 0 0 0 0 0 0 0 0 0 0 0 0 0 0 0 0 0 0 0 9 0 0 0 0 0 0 0 0 14 0 0 7 0 11 0 0 0 0 0 0 13 14 7 30 20 0 0 1 56 22 15 0 16 16 0 30 10 12 0 24 9 0 0 0 0 0 45 0 0 0 2 0 43 0 2 0 0 1 0 6 0 0 0 0 0 0 0 0 0 0 0 0 0 0 0 2 0 0 0 0 0 0 0 0 0 0 0 0 0 0 2 0 0 0 0 0 0 1 0 1 0 0 0 0 0 1 185 0 2 91 0 2 0 0 0 0 0 0 0 0 0 0 0 0 0 0 1 0 0 0 0 0 0 0 0 0 0 18 0 0 0 0 0 0 0 0 0 0 0 0 
 133 445 226 256 152 202 52 126 140 280 176 137 143 54 242 0 299 143 32 182 0 4 3 2 1 0 0 0 0 0 2 3 92 6 0 2 0 0 76 79 0 0 0 0 0 0 3 3 13 0 0 2 32 2 2 3 0 3 0 0 0 2 0 0 0 3 0 0 0 3 5 8 0 0 0 0 0 3 0 47 16 54 13 17 17 27 0 10 20 19 25 8 10 11 16 16 0 11 0 0 22 0 0 0 0 0 17 26 0 0 0 0 0 14 1 0 0 0 22 8 0 0 0 0 0 0 0 0 0 0 0 0 0 0 0 0 0 0 0 0 0 0 0 0 0 0 0 0 0 0 0 0 0 27 0 0 0 0 0 0 18 0 0 42 0 1 0 41 6 29 12 22 0 0 10 11 31 22 0 0 11 0 0 0 0 0 40 0 0 0 2 0 9 0 0 0 0 1 20 8 0 0 0 0 0 0 0 0 0 0 27 0 0 0 0 2 0 0 0 0 0 0 0 0 0 0 0 0 0 0 2 0 0 0 0 0 0 0 0 0 0 0 0 0 0 1 3 0 0 44 0 14 13 10 0 0 0 0 0 0 0 0 0 0 0 0 1 0 0 0 0 0 0 0 0 0 4 11 0 0 0 0 0 0 0 0 0 0 0 0 
 119 130 203 258 64 52 114 66 375 108 412 253 234 175 90 299 0 75 189 163 0 2 2 0 0 0 4 0 0 0 2 2 2 0 0 2 0 0 3 0 0 0 0 0 0 0 5 3 0 0 0 2 2 2 2 3 0 3 0 0 0 2 0 0 0 4 0 3 0 3 0 0 0 0 0 0 0 3 0 0 2 8 0 1 14 0 56 21 27 0 20 5 12 30 26 2 70 30 11 33 0 0 0 0 0 0 0 23 0 0 0 0 0 0 0 0 0 0 0 0 0 0 7 0 0 0 0 0 0 0 0 0 0 0 0 0 0 0 0 0 0 0 0 0 0 0 0 0 0 0 0 0 0 1 0 0 0 0 0 0 28 30 34 26 9 12 15 14 22 18 5 0 71 74 0 10 19 0 1 24 10 0 0 0 0 0 0 0 0 0 0 0 0 0 0 0 0 0 0 0 0 0 0 0 0 0 0 0 0 0 0 0 0 5 2 0 0 0 0 0 0 0 0 0 0 0 0 0 0 0 0 0 0 0 0 0 0 0 0 0 0 0 0 0 0 0 85 0 1 90 0 6 0 0 0 0 0 0 0 0 0 0 0 0 0 0 0 0 0 0 0 0 0 1 0 2 0 0 0 0 0 0 0 0 0 0 0 0 0 0 
 241 126 344 221 297 69 244 470 263 74 85 383 50 136 185 143 75 0 346 94 0 6 2 2 1 0 0 0 0 0 40 0 77 53 96 2 0 2 231 0 4 0 0 0 0 0 4 3 3 0 2 2 2 2 0 67 0 1 0 3 0 3 1 0 0 2 0 0 0 3 0 3 0 0 0 37 0 2 0 52 1 15 18 11 11 14 0 9 0 0 13 15 0 0 25 57 37 19 0 0 22 0 0 0 0 0 14 22 0 0 22 0 0 41 12 0 0 0 2 32 0 0 0 0 0 0 0 0 0 0 0 0 0 0 0 0 0 0 0 0 0 0 1 0 0 0 5 0 0 4 0 22 0 0 0 0 0 0 0 0 0 0 0 14 0 15 0 48 26 10 4 13 0 4 16 8 35 9 0 2 0 0 0 1 2 0 2 0 0 0 0 0 40 0 12 2 0 0 16 21 0 0 0 0 0 0 0 0 0 0 0 0 0 0 0 0 0 0 0 0 0 0 0 0 0 0 0 0 0 2 1 0 0 0 0 0 0 0 0 2 0 0 0 0 0 4 5 0 2 3 3 0 0 0 0 3 0 0 0 24 0 0 0 0 0 0 0 0 0 0 0 0 0 0 0 0 19 2 0 0 0 0 0 0 0 0 0 0 0 0 
 110 75 24 60 282 56 151 151 98 109 53 46 132 320 62 32 189 346 0 318 0 2 2 0 0 0 6 0 0 0 112 0 1 0 2 2 0 0 3 2 0 0 0 0 4 0 3 7 0 0 0 2 2 2 1 3 0 2 0 0 0 2 0 4 0 3 0 0 0 3 0 0 0 4 0 0 0 3 0 0 24 0 14 0 0 0 0 8 23 19 0 0 5 11 14 0 0 0 16 28 0 0 0 0 0 0 0 0 0 0 0 0 0 0 0 0 0 0 0 0 0 0 0 0 0 0 0 0 0 9 0 0 0 0 0 0 0 0 0 0 0 0 2 0 0 0 0 0 0 0 0 0 0 0 2 0 0 0 0 0 1 0 0 0 0 0 11 10 0 0 6 0 33 30 0 21 0 10 0 2 0 0 0 2 0 0 0 0 0 0 0 0 0 0 0 1 0 0 0 0 0 0 0 0 0 0 0 0 0 0 0 0 0 0 0 0 0 0 0 0 0 0 0 0 0 0 0 0 0 1 0 0 0 0 0 0 0 0 0 0 0 0 0 0 0 0 1 1 1 0 0 7 0 0 0 0 0 0 0 0 0 0 0 0 0 0 0 0 0 0 0 0 0 2 0 11 0 0 0 0 0 0 0 0 0 0 0 0 0 0 
 117 191 143 183 48 59 267 27 200 136 131 119 101 138 68 182 163 94 318 0 0 1 2 0 0 0 0 4 0 2 7 0 1 0 5 2 0 0 4 0 0 0 0 20 0 0 6 3 0 0 0 5 2 2 0 9 35 3 3 0 0 4 0 0 0 3 2 0 0 5 0 0 0 0 0 0 0 3 7 0 0 0 15 0 0 0 11 31 49 1 45 18 0 0 23 25 19 10 19 27 0 0 0 0 0 0 0 0 0 0 0 0 0 0 0 0 0 0 0 0 0 20 0 0 0 0 0 0 0 0 0 0 0 0 0 0 0 0 0 0 0 0 0 0 0 0 0 0 0 0 0 0 11 0 0 0 0 0 0 0 22 10 43 18 0 14 23 13 18 0 16 6 19 18 8 1 1 14 0 0 0 0 0 0 0 0 0 0 0 0 0 0 15 0 0 0 0 0 0 0 28 0 0 0 0 0 0 0 0 0 0 0 0 0 0 0 0 0 0 0 0 0 0 0 0 0 0 0 0 0 0 0 0 0 28 0 0 0 0 0 0 0 0 0 0 0 1 0 0 2 0 8 0 0 0 0 0 0 0 0 0 0 0 0 0 0 0 0 0 0 0 0 0 0 0 11 15 0 0 0 0 0 0 0 0 0 0 0 0 0 
 0 0 2 0 35 73 0 0 0 0 0 1 2 0 0 0 0 0 0 0 0 261 65 75 249 90 223 260 192 262 114 74 39 70 122 93 48 111 45 119 2 5 4 0 0 0 3 0 0 0 3 6 2 0 2 9 3 14 0 2 0 2 2 0 0 0 3 0 3 1 0 0 45 3 0 0 3 0 3 0 0 0 0 0 0 0 0 0 0 0 0 0 7 0 0 2 0 0 0 0 0 35 0 28 4 16 2 14 34 0 2 26 29 10 4 65 42 0 0 1 0 2 0 0 0 0 0 0 0 0 0 0 0 0 0 0 0 0 20 14 0 0 0 0 0 0 2 0 0 0 0 0 0 0 0 0 0 0 0 0 0 0 0 0 0 0 0 0 0 0 0 0 0 0 0 0 0 7 0 5 19 0 15 39 18 0 0 27 39 42 1 18 11 28 10 15 35 27 0 0 0 0 0 0 0 0 0 0 0 0 0 0 0 1 0 0 0 0 17 0 0 0 0 0 0 0 0 0 0 0 0 1 0 0 0 0 0 0 0 0 0 0 0 0 0 0 0 0 0 0 0 8 0 0 2 0 0 2 0 0 0 1 0 0 0 0 0 0 0 0 0 0 0 11 0 0 0 0 0 0 0 7 0 0 0 0 0 0 0 0 
 1 1 0 0 2 81 2 1 2 2 4 0 0 2 0 4 2 6 2 1 261 0 462 349 123 106 201 224 173 114 463 111 261 196 164 235 415 626 63 276 0 2 3 0 0 0 5 6 0 3 9 5 63 2 0 5 3 5 0 4 0 0 4 0 0 0 0 0 0 0 0 0 0 0 0 0 3 0 0 0 0 12 0 0 0 5 0 0 0 0 0 0 0 0 0 0 0 0 0 0 5 43 21 48 15 16 14 10 30 37 18 20 41 0 19 1 11 18 19 12 0 0 6 0 0 0 11 0 0 0 0 0 0 0 0 0 0 0 0 12 0 0 0 0 0 0 0 0 0 0 0 0 0 0 0 0 0 0 0 0 0 0 0 0 0 0 0 0 0 0 0 0 0 0 0 0 0 1 0 0 21 16 11 24 20 0 2 11 31 35 30 9 28 61 1 40 0 25 1 1 0 0 0 14 0 0 0 0 0 0 0 0 2 0 0 0 0 0 10 0 0 2 0 0 0 0 0 0 0 0 2 0 0 56 0 0 3 0 0 0 0 0 15 0 0 0 0 0 0 1 0 0 0 0 13 0 2 159 0 0 2 0 6 0 0 0 0 0 0 0 0 0 0 0 0 0 0 0 0 10 0 0 0 0 0 0 0 0 0 0 
 2 2 2 2 2 13 2 8 2 4 2 5 2 2 0 3 2 2 2 2 65 462 0 96 68 150 251 171 116 293 126 168 44 351 123 346 337 44 33 99 2 6 3 0 2 0 5 7 0 7 8 3 24 0 0 8 3 19 0 0 0 0 2 2 0 0 0 0 0 0 0 30 6 3 2 0 3 0 24 0 0 0 2 0 0 0 0 2 0 2 0 0 0 0 0 0 0 0 0 0 1 14 20 26 37 30 10 13 47 17 15 31 10 10 0 11 8 0 11 12 13 0 0 0 0 0 11 1 11 0 0 0 9 4 0 0 0 0 21 24 0 2 0 0 0 0 0 0 0 0 0 0 0 0 0 1 0 0 0 0 0 0 0 0 0 3 0 0 0 0 0 0 0 0 0 0 0 0 3 4 1 16 0 20 29 0 0 10 24 6 19 28 12 61 10 1 22 1 8 0 0 10 0 0 0 0 0 18 0 0 0 0 12 20 0 0 0 0 21 23 0 0 0 0 0 0 0 0 0 0 0 0 0 0 0 0 0 0 0 0 0 0 0 0 0 0 0 0 0 0 0 0 0 0 9 0 2 131 1 0 21 15 0 0 0 0 0 0 0 0 0 0 0 0 0 0 0 0 0 9 0 0 0 18 0 9 0 0 0 0 
 2 0 2 3 0 2 6 0 0 0 0 1 0 0 4 2 0 2 0 0 75 349 96 0 105 125 162 64 195 144 117 129 42 288 75 53 91 448 83 63 33 2 3 0 0 0 64 68 2 1 10 3 2 121 0 4 3 7 0 5 0 0 2 0 0 0 0 0 6 0 0 44 0 0 0 0 3 0 0 0 0 0 0 0 0 0 0 0 14 0 0 0 0 0 0 0 0 0 0 2 0 18 2 0 19 64 0 0 25 0 46 0 12 12 13 69 8 21 0 0 12 10 15 0 0 0 7 0 1 0 0 0 10 37 4 18 0 0 69 15 0 0 0 0 0 0 0 0 0 5 0 0 0 1 0 0 0 0 0 1 0 0 0 0 0 0 2 0 0 0 0 0 0 0 0 0 0 5 2 3 17 0 23 0 11 11 0 18 0 33 22 0 2 21 12 35 18 0 0 0 20 30 15 0 0 0 67 21 27 0 0 0 27 30 11 0 39 22 0 45 1 0 0 0 0 0 0 0 0 2 0 0 0 0 0 0 0 0 0 0 0 0 32 0 0 0 0 0 0 0 0 0 0 1 9 0 2 0 0 2 0 0 0 0 0 0 18 0 0 0 0 0 0 0 0 0 0 0 0 0 0 0 0 0 0 0 12 0 0 2 
 1 0 1 3 0 81 0 0 0 0 0 2 0 0 1 1 0 1 0 0 249 123 68 105 0 153 45 78 69 159 146 319 56 80 315 212 489 197 64 55 98 26 66 0 0 0 64 62 0 0 3 3 88 0 32 3 106 4 0 21 0 0 2 0 0 0 0 0 0 0 0 0 0 53 0 0 3 0 0 0 0 0 0 0 0 0 0 0 0 0 0 0 0 0 0 0 0 0 0 0 0 0 0 14 24 2 0 0 13 29 12 0 0 0 0 0 0 12 0 0 13 0 0 6 0 8 15 12 14 0 8 0 31 1 10 13 0 31 0 0 17 0 10 0 0 1 0 0 0 3 4 0 0 0 7 0 0 0 0 6 0 9 0 0 35 0 0 0 0 6 0 1 0 0 0 0 0 0 7 0 0 0 0 0 82 51 0 0 0 0 1 0 0 0 0 0 10 0 0 0 3 19 26 0 0 0 9 2 0 0 0 22 33 0 9 1 47 0 51 11 0 0 13 0 0 0 0 0 0 0 0 0 0 0 0 0 0 0 0 0 0 0 0 0 0 0 0 0 0 0 0 0 0 0 8 2 2 6 92 0 4 2 0 0 0 0 0 0 0 0 0 0 0 0 0 0 0 0 0 3 0 0 0 0 0 13 0 0 0 0 
 0 0 1 2 0 0 0 0 0 0 0 0 0 2 0 0 0 0 0 0 90 106 150 125 153 0 30 112 66 191 549 360 238 56 154 41 402 342 32 36 0 68 57 0 2 0 2 1 62 2 3 3 1 87 4 65 3 8 1 0 0 0 6 23 0 3 0 0 3 0 0 0 0 51 3 0 3 0 0 0 0 0 0 0 0 0 19 0 0 0 0 0 0 0 0 0 0 0 0 0 0 0 14 17 20 11 0 0 31 7 11 19 0 0 0 0 12 19 0 0 20 20 20 11 0 0 6 1 0 0 0 0 10 10 0 18 0 10 16 31 0 0 6 0 0 0 0 0 0 0 7 0 0 0 0 0 0 0 0 5 0 0 0 0 0 0 0 0 0 0 0 0 0 0 0 0 0 0 1 2 0 0 41 36 48 0 0 8 36 16 7 30 0 0 17 0 14 14 0 0 11 11 20 0 0 0 17 6 0 0 0 0 12 28 22 0 11 34 25 26 28 0 0 0 0 0 0 0 0 0 0 0 0 0 0 0 0 0 0 0 0 0 0 0 0 0 0 0 0 0 0 0 1 0 22 0 1 0 5 2 15 0 0 0 0 0 18 0 0 0 0 0 0 0 0 0 0 0 0 6 0 11 0 0 0 0 10 0 0 0 
 0 0 0 0 6 75 0 0 0 4 0 5 0 0 0 0 4 0 6 0 223 201 251 162 45 30 0 347 213 110 123 114 110 311 340 47 114 214 19 177 0 0 0 0 0 0 2 0 0 0 0 0 1 0 2 0 0 2 62 0 0 0 0 0 0 0 0 2 3 0 0 1 0 0 0 0 0 37 0 0 0 0 0 0 0 0 0 0 0 0 0 0 0 8 0 0 0 0 0 0 0 18 23 19 21 14 15 0 19 14 9 34 32 12 0 22 0 10 18 11 0 0 0 0 0 0 0 0 0 0 0 0 0 0 0 0 0 0 12 15 0 0 0 0 0 0 0 0 0 19 0 0 0 0 0 37 0 0 0 0 0 0 0 0 0 0 0 0 0 0 0 0 0 0 0 0 0 0 0 0 14 35 11 9 18 0 0 25 5 0 27 15 84 58 11 62 0 15 0 0 0 0 0 0 0 0 0 0 0 0 0 0 0 0 0 0 0 0 7 0 0 0 0 0 0 0 0 0 0 0 0 0 0 0 0 0 0 0 0 19 0 0 0 0 0 2 0 0 0 0 0 1 0 0 4 2 0 85 0 0 2 2 2 0 0 0 0 1 0 0 0 1 0 0 0 0 0 0 0 0 0 0 0 0 0 0 0 0 0 0 
 0 0 0 0 0 2 0 3 0 0 0 0 0 2 0 0 0 0 0 4 260 224 171 64 78 112 347 0 156 195 468 24 258 170 190 106 132 376 124 289 2 8 5 2 3 0 3 0 0 3 8 7 4 0 4 6 10 12 5 1 0 2 2 2 0 2 0 0 5 0 0 5 0 3 2 0 5 0 0 0 0 2 0 0 0 0 0 0 0 0 0 0 0 0 0 0 0 0 0 0 0 26 2 23 0 0 12 14 0 7 20 31 22 0 17 33 41 1 45 0 0 19 0 0 0 0 0 0 0 0 0 0 0 0 0 0 0 0 13 11 0 0 0 0 0 0 0 0 0 0 0 0 0 15 0 0 0 0 0 0 0 0 0 0 0 0 0 2 0 0 0 0 2 0 0 0 0 0 0 0 66 57 15 19 0 13 30 44 38 19 23 23 14 23 0 12 14 19 0 7 0 0 0 0 0 0 0 0 0 0 0 14 0 1 0 0 0 0 9 0 0 0 14 0 0 0 0 0 0 0 0 2 0 0 0 0 0 12 0 0 0 8 0 0 0 0 0 0 0 0 0 0 0 0 5 0 0 4 0 0 2 0 72 0 0 0 0 0 0 0 0 0 0 0 0 0 1 0 0 0 0 9 0 0 0 0 0 0 0 0 
 0 0 0 3 78 55 0 0 87 0 0 0 0 0 37 0 0 0 0 0 192 173 116 195 69 66 213 156 0 298 104 44 285 117 112 156 482 128 281 151 0 2 3 0 0 0 2 0 0 0 3 64 2 3 36 10 3 5 0 0 0 0 2 3 0 0 0 0 0 0 1 0 3 0 0 0 3 0 0 0 0 0 0 0 0 0 0 0 0 0 0 0 0 0 0 0 0 0 0 0 15 34 12 15 24 26 9 13 7 29 0 37 19 0 1 59 19 8 12 12 0 0 0 0 1 0 0 0 0 0 0 0 0 0 0 0 0 0 5 9 1 0 0 0 0 0 0 0 0 0 0 18 2 0 0 0 0 0 0 0 0 0 0 0 22 0 0 0 0 0 0 0 0 0 0 0 0 8 1 2 28 12 8 25 11 0 0 46 9 38 8 9 24 60 4 87 78 0 20 0 23 0 0 0 0 0 0 1 0 0 0 0 0 0 0 0 0 0 0 0 0 0 0 2 0 0 0 0 0 0 0 0 0 0 0 0 0 0 0 0 0 0 0 0 0 0 0 0 0 0 0 0 0 0 13 1 0 0 2 1 2 13 0 0 0 0 0 0 0 0 0 0 0 0 0 0 0 0 0 0 0 14 0 0 0 0 0 0 0 0 
 2 0 2 3 2 2 0 0 63 0 0 2 1 0 0 0 0 0 0 2 262 114 293 144 159 191 110 195 298 0 182 167 40 136 223 248 274 83 72 191 0 2 3 0 0 0 2 0 0 1 3 5 66 0 2 3 3 11 0 1 0 0 2 0 0 0 0 0 0 0 0 0 0 0 52 0 3 0 0 0 0 0 0 0 0 0 0 0 0 0 0 0 16 0 0 0 0 0 0 0 0 42 9 10 22 29 9 37 14 20 1 35 20 1 0 16 18 1 0 1 0 0 0 0 0 0 13 0 0 0 0 2 0 0 0 0 1 10 2 50 0 0 0 0 0 0 0 0 0 0 0 0 0 0 0 0 0 0 0 0 0 0 0 11 13 0 0 0 0 0 0 0 0 0 0 0 0 5 1 1 18 10 19 33 25 0 0 31 11 32 13 23 10 46 0 11 19 6 18 0 0 0 0 0 0 0 0 1 0 0 0 0 0 1 0 0 0 0 18 0 0 0 0 0 0 0 0 0 0 0 0 0 0 0 0 0 0 0 0 0 0 0 0 0 0 0 0 0 0 0 0 0 0 0 4 0 4 149 1 0 1 18 0 0 0 0 0 0 0 0 0 0 0 0 0 0 0 0 0 11 0 11 0 0 0 0 0 0 0 0 
 32 2 3 6 2 2 4 2 2 2 2 2 3 2 0 2 2 40 112 7 114 463 126 117 146 549 123 468 104 182 0 43 462 131 253 186 355 341 65 129 0 2 3 0 0 0 2 0 0 0 3 3 2 0 8 3 3 3 0 0 0 0 2 0 0 0 0 0 0 0 0 0 0 0 0 0 3 0 4 0 2 0 0 0 0 0 0 0 0 0 0 0 0 0 0 0 0 0 23 0 0 40 11 17 11 30 10 30 13 42 2 52 46 0 2 12 28 8 0 11 10 0 0 0 0 0 0 0 0 0 0 0 7 0 0 0 0 0 2 0 0 0 0 0 0 0 0 0 0 0 0 0 0 0 0 0 0 0 0 0 0 0 0 0 1 2 0 1 0 0 0 0 0 0 0 0 0 12 1 8 17 11 5 50 30 0 0 21 8 37 20 23 8 27 0 14 10 9 9 0 39 0 0 0 0 0 0 1 0 0 0 0 0 1 0 0 0 0 13 12 0 0 0 0 0 0 0 0 0 0 0 0 0 1 0 0 0 0 0 0 0 0 0 0 0 0 0 0 0 0 0 0 0 0 4 2 0 77 4 2 4 21 0 0 0 5 0 0 0 0 0 0 0 0 0 0 0 0 0 0 0 2 0 0 0 0 0 0 0 0 
 1 0 0 0 0 0 0 0 0 0 0 0 0 6 2 3 2 0 0 0 74 111 168 129 319 360 114 24 44 167 43 0 27 35 23 184 219 104 247 240 0 2 3 0 0 0 74 0 0 0 3 3 97 23 13 4 3 12 1 1 0 0 2 5 0 0 0 0 5 0 0 0 0 0 0 27 3 0 0 0 0 0 1 0 0 0 0 1 0 1 0 0 0 0 0 0 0 0 0 0 0 2 19 41 52 17 0 0 30 40 40 0 1 37 11 33 9 27 0 0 34 12 6 0 11 2 21 0 10 0 0 0 42 0 0 8 0 0 73 5 0 0 0 0 0 0 0 0 0 0 0 2 0 0 0 0 2 2 0 0 0 0 0 0 0 0 0 0 0 0 0 1 0 0 0 0 22 2 4 5 0 9 12 0 31 0 0 3 22 0 12 26 1 0 11 0 41 0 0 0 1 13 12 0 0 0 0 21 0 0 0 0 7 64 9 0 12 0 22 37 0 0 21 0 0 0 0 0 0 0 0 0 3 0 0 0 23 0 0 0 0 0 0 0 0 0 0 0 0 0 0 0 0 0 9 2 2 77 2 0 9 0 0 0 0 0 9 0 22 0 0 0 0 0 0 0 0 0 0 12 0 13 0 0 0 14 10 0 0 0 
 1 75 76 73 183 74 1 1 1 74 0 149 1 2 74 92 2 77 1 1 39 261 44 42 56 238 110 258 285 40 462 27 0 136 34 26 32 55 115 73 9 2 4 0 0 0 2 0 6 0 3 3 19 0 0 2 4 5 0 0 0 0 2 0 0 0 0 0 0 0 0 0 0 0 0 0 3 0 0 33 0 9 13 14 11 122 0 0 0 13 0 21 0 0 0 1 7 17 11 0 17 0 0 0 0 0 55 13 0 0 12 0 9 53 0 0 0 0 24 10 0 0 0 0 0 0 0 0 0 0 0 0 0 0 0 0 0 0 0 0 0 0 0 1 0 0 2 0 0 0 0 0 0 0 0 0 0 1 1 0 0 14 6 0 0 55 0 0 6 6 0 37 0 0 2 11 1 2 0 0 11 0 0 0 0 0 22 0 0 0 0 13 19 0 15 0 0 0 76 8 0 0 2 0 0 0 0 0 0 0 0 0 0 0 0 0 0 0 0 0 0 0 2 0 0 0 0 0 0 4 0 0 0 0 1 0 0 0 0 0 0 1 0 0 0 2 0 0 1 0 7 0 0 0 10 2 0 0 0 0 0 1 0 0 0 0 0 0 0 0 0 0 0 0 0 0 16 11 0 0 0 0 0 0 0 0 0 0 0 0 
 0 0 282 0 1 41 0 1 0 0 0 3 0 0 0 6 0 53 0 0 70 196 351 288 80 56 311 170 117 136 131 35 136 0 191 328 98 189 180 162 5 2 3 0 0 0 0 0 3 0 3 3 2 0 1 3 3 3 0 0 0 0 2 0 0 0 0 0 51 0 0 0 0 0 0 0 3 0 0 51 0 0 2 0 0 0 0 0 2 2 19 0 0 0 0 0 0 0 0 0 26 8 8 16 4 0 14 30 0 30 8 8 1 0 20 0 0 11 21 32 0 0 0 0 0 0 0 0 0 0 0 0 0 0 0 0 0 0 0 0 0 0 0 0 0 0 0 0 0 0 0 0 0 0 0 0 1 1 0 0 0 0 24 13 10 16 20 0 0 0 0 0 0 0 0 0 0 0 0 0 1 10 8 16 16 11 0 0 0 0 14 12 35 18 17 18 0 1 41 0 0 0 0 0 0 23 0 0 0 0 0 0 0 0 0 0 0 0 15 0 1 0 0 0 0 0 0 0 0 0 0 0 1 0 0 0 0 0 0 0 0 0 0 0 0 1 0 0 0 0 0 0 0 0 4 0 0 1 0 3 2 21 0 0 0 0 0 0 0 0 0 0 0 0 0 0 0 0 0 0 0 0 0 0 0 0 0 0 0 0 
 0 0 4 23 74 18 0 0 0 0 0 82 0 0 0 0 0 96 2 5 122 164 123 75 315 154 340 190 112 223 253 23 34 191 0 170 130 49 80 152 0 2 3 0 0 0 0 208 0 1 7 3 2 0 1 30 3 3 0 0 0 0 2 0 1 0 0 0 0 3 0 0 0 0 0 0 3 0 2 3 0 0 0 0 13 10 0 0 0 0 8 0 0 0 0 0 0 0 0 0 24 19 32 1 0 8 12 27 6 23 6 8 0 1 17 0 28 0 25 13 0 7 0 0 0 0 0 0 0 0 0 0 0 0 0 0 0 0 0 0 0 0 0 0 0 1 3 0 0 0 0 0 0 0 0 0 0 0 0 0 0 0 0 0 10 7 1 0 0 0 0 0 0 5 0 1 0 0 0 0 24 29 6 29 1 0 19 0 31 37 12 11 3 0 1 0 7 20 25 24 0 0 0 2 0 0 0 0 0 0 0 0 0 0 0 0 0 0 1 0 0 0 0 3 0 0 0 0 0 0 0 0 0 0 0 0 0 0 0 0 0 9 8 0 0 1 0 0 0 0 0 0 0 0 21 3 0 6 0 1 0 17 0 0 0 0 0 0 0 0 0 0 0 0 0 0 0 1 0 0 0 2 0 0 0 0 0 0 0 0 
 4 2 6 3 2 4 2 2 2 2 2 4 2 2 0 2 2 2 2 2 93 235 346 53 212 41 47 106 156 248 186 184 26 328 170 0 349 157 94 46 0 6 7 0 0 0 1 7 0 2 11 3 63 14 0 40 3 4 64 69 0 49 2 3 0 0 0 48 0 0 4 2 3 2 2 0 3 0 0 0 0 0 0 0 0 0 0 0 0 0 0 0 0 0 0 0 0 0 0 0 0 21 9 1 18 14 0 0 13 11 29 15 11 0 36 16 23 13 0 0 0 0 0 0 1 0 14 0 13 0 0 0 22 40 0 0 0 0 32 0 0 0 0 0 0 0 0 0 1 0 0 0 2 0 0 0 0 0 0 0 0 0 0 0 0 0 0 0 0 0 0 0 0 0 0 0 0 4 0 2 43 17 0 0 0 12 0 25 14 21 14 35 0 17 10 12 12 0 0 18 0 0 0 0 0 0 12 42 11 0 0 0 9 15 0 0 0 0 28 9 0 0 13 2 0 0 0 0 0 0 0 0 0 0 0 0 0 0 0 0 0 0 16 0 0 2 0 0 0 0 0 0 2 0 6 0 0 151 2 2 2 0 0 0 0 0 0 2 0 0 0 0 0 0 0 0 0 0 0 12 0 0 0 0 0 3 0 0 0 0 
 0 2 5 3 0 2 0 4 0 0 0 0 0 0 0 0 0 0 0 0 48 415 337 91 489 402 114 132 482 274 355 219 32 98 130 349 0 139 24 38 0 2 3 0 0 1 1 0 0 0 3 3 4 0 4 4 3 6 1 0 0 0 2 0 0 0 0 0 0 0 0 28 0 0 2 0 3 0 0 0 0 0 0 0 0 9 0 0 2 0 0 0 0 0 0 0 0 0 0 0 15 31 17 21 0 37 10 15 39 36 12 18 2 0 12 26 32 19 0 0 4 0 0 0 4 2 0 0 0 0 0 0 13 0 0 19 0 0 11 21 0 0 0 0 0 0 0 0 0 1 0 2 0 0 0 0 1 1 0 0 0 0 0 0 0 0 0 0 0 0 0 1 0 0 0 0 0 32 0 9 33 27 10 33 33 0 0 23 0 36 29 18 0 5 13 7 19 23 0 0 9 1 0 0 0 0 0 0 0 1 15 0 0 8 0 0 0 0 12 10 0 0 0 0 0 0 0 0 0 0 0 0 2 0 0 0 0 0 0 0 0 0 0 0 0 2 0 0 0 0 0 0 0 0 12 1 0 5 87 1 3 0 0 0 0 0 0 0 0 0 0 0 0 0 0 0 0 0 0 0 0 16 0 0 0 0 0 0 0 0 
 30 0 0 0 0 0 0 1 0 1 0 2 0 0 2 0 0 2 0 0 111 626 44 448 197 342 214 376 128 83 341 104 55 189 49 157 139 0 42 183 1 2 3 0 0 0 2 4 0 3 6 3 2 0 2 3 3 210 0 64 0 0 4 0 0 0 0 0 0 0 0 0 0 0 0 0 6 51 0 0 0 0 0 0 0 0 0 0 0 0 0 0 0 0 0 0 0 0 0 0 0 149 18 11 8 2 9 16 13 19 13 26 27 9 19 35 8 0 12 11 0 0 0 0 0 0 0 0 0 0 0 0 0 0 0 0 0 0 14 0 0 0 0 1 0 0 0 0 0 0 0 0 0 0 0 0 0 7 0 0 0 0 0 0 0 0 0 0 0 0 0 0 0 0 2 0 0 18 1 1 26 14 0 6 6 12 0 37 8 25 0 13 15 88 10 40 11 0 6 1 0 0 2 0 0 0 0 1 0 0 0 0 0 0 0 0 0 0 13 0 10 0 14 0 0 0 0 0 0 0 0 0 0 0 0 0 0 0 0 0 0 0 14 0 0 2 0 0 0 0 0 0 0 0 10 0 0 4 4 1 1 13 0 0 0 0 0 0 0 0 0 0 0 0 0 0 0 0 0 0 0 0 0 0 0 0 0 0 0 0 
 3 78 34 188 175 5 4 21 3 157 3 3 3 3 74 76 3 231 3 4 45 63 33 83 64 32 19 124 281 72 65 247 115 180 80 94 24 42 0 177 4 2 3 0 0 0 0 0 0 55 3 3 4 2 0 31 3 3 0 0 0 0 2 0 0 0 0 0 0 0 0 10 0 0 0 0 3 0 38 0 0 19 13 35 25 28 1 2 0 15 0 0 8 0 14 11 7 1 10 0 12 0 10 0 0 0 46 24 3 12 0 0 8 23 7 0 0 0 52 13 0 31 0 0 0 0 0 0 0 0 0 0 0 0 0 0 0 26 0 0 0 0 0 0 0 0 9 0 0 0 0 0 0 0 0 0 0 0 0 0 0 24 10 0 31 39 0 2 0 0 0 10 2 5 0 9 0 0 0 0 0 0 0 0 0 0 47 0 0 0 0 0 20 0 26 0 0 0 23 17 0 0 0 0 0 0 0 0 0 0 0 0 0 0 0 1 0 0 0 0 0 0 0 0 0 10 0 0 12 0 0 2 0 1 0 0 0 0 8 0 0 9 0 0 0 0 0 0 4 74 6 0 0 0 23 1 0 0 0 0 2 0 0 0 0 0 0 0 0 0 0 0 0 0 0 0 1 0 0 0 0 0 0 0 0 0 0 0 0 0 
 0 79 0 125 0 2 5 0 59 0 0 82 0 0 0 79 0 0 2 0 119 276 99 63 55 36 177 289 151 191 129 240 73 162 152 46 38 183 177 0 0 2 3 0 0 0 2 0 0 0 3 3 1 0 1 3 3 3 4 0 0 0 2 0 0 0 0 0 0 0 3 2 0 0 0 0 3 0 0 0 0 0 0 4 14 0 0 0 0 0 0 0 0 0 0 9 0 0 0 0 15 8 9 22 16 10 10 9 0 12 0 10 21 15 10 9 20 18 52 22 0 0 0 0 0 0 0 0 0 0 0 0 0 0 0 2 0 0 0 24 0 0 0 0 0 0 0 0 0 2 0 0 0 1 2 0 0 0 0 0 0 0 0 13 0 12 0 0 0 19 11 14 0 0 0 0 0 9 0 0 14 52 26 0 15 0 40 50 34 0 9 0 34 10 10 25 0 55 0 22 0 0 1 0 0 0 0 11 0 0 0 0 0 0 0 0 1 0 0 0 0 0 0 0 0 0 0 0 0 0 0 0 0 0 0 0 0 0 0 1 0 4 0 0 0 0 0 0 0 73 0 0 14 0 17 0 0 1 0 0 1 0 0 0 0 0 0 0 0 0 0 0 0 0 0 0 0 0 0 0 0 0 0 0 0 0 0 0 0 0 
 0 0 13 0 61 0 0 0 0 2 0 3 0 0 0 0 0 4 0 0 2 0 2 33 98 0 0 2 0 0 0 0 9 5 0 0 0 1 4 0 0 157 239 46 287 55 166 209 84 132 107 272 51 84 688 40 91 114 319 324 0 0 0 2 2 0 3 3 0 0 0 4 0 0 0 1 2 0 1 23 0 0 0 0 0 0 0 0 0 0 0 0 0 0 0 0 0 0 0 0 3 24 0 0 0 10 7 6 0 0 0 0 0 0 0 0 0 0 1 0 19 19 0 0 6 7 4 59 7 3 28 0 7 49 6 8 0 5 0 8 0 0 0 0 0 0 5 0 0 6 0 0 3 0 0 0 0 0 0 1 0 0 0 7 0 28 0 38 0 6 0 0 0 0 0 0 0 0 0 0 0 0 0 0 0 19 2 0 0 0 0 0 3 0 4 0 0 0 4 0 23 35 14 35 28 0 2 10 15 27 0 10 15 0 0 34 20 13 4 10 0 0 0 0 0 0 1 0 0 0 0 0 9 0 0 0 0 0 0 0 0 1 0 0 0 0 0 0 0 0 0 7 0 1 0 0 0 0 0 0 62 0 0 0 1 0 1 66 2 0 0 0 0 0 0 0 0 0 0 0 0 0 0 0 0 0 0 0 0 0 
 0 0 0 0 0 1 0 1 0 4 0 0 0 3 0 0 0 0 0 0 5 2 6 2 26 68 0 8 2 2 2 2 2 2 2 6 2 2 2 2 157 0 224 54 53 91 61 442 71 89 35 35 104 43 67 292 306 31 33 81 0 0 0 0 0 0 0 0 0 0 0 0 0 0 0 0 0 1 3 60 0 0 0 0 0 0 0 0 0 0 0 0 0 0 0 0 0 0 0 0 0 0 0 0 0 0 0 0 0 0 0 0 0 0 0 0 0 0 0 0 0 5 8 1 1 18 0 0 9 23 25 25 0 11 21 6 8 37 17 0 11 22 8 0 0 12 10 0 0 3 34 0 2 0 25 0 14 0 14 4 0 0 0 0 18 0 0 0 0 39 0 4 0 0 0 0 0 0 0 0 0 0 0 0 0 11 3 0 0 0 0 0 14 10 0 0 0 0 0 0 11 28 32 12 16 0 6 14 13 11 44 43 26 0 8 40 14 0 15 0 0 0 0 0 0 0 12 9 0 0 0 0 25 0 0 0 0 0 28 0 0 0 1 0 0 0 0 0 0 0 0 5 0 0 0 0 0 0 0 0 0 0 0 0 38 2 0 4 0 0 0 0 0 0 0 0 0 0 0 0 0 0 2 0 0 0 0 0 0 0 
 0 0 0 0 0 0 0 0 0 0 0 5 65 0 0 0 0 0 0 0 4 3 3 3 66 57 0 5 3 3 3 3 4 3 3 7 3 3 3 3 239 224 0 136 116 98 61 355 253 78 158 113 77 533 43 184 187 160 240 68 7 0 0 0 23 0 4 0 0 0 2 0 205 0 0 0 0 0 0 28 0 0 0 0 0 0 0 0 0 0 0 0 0 0 0 0 0 0 0 0 0 0 0 0 0 0 0 0 0 0 0 0 0 0 0 0 0 0 0 0 40 25 10 16 30 55 0 43 55 0 0 17 0 0 14 0 0 36 0 0 0 0 3 0 0 0 15 0 0 6 9 0 13 0 0 0 0 0 0 3 0 0 0 0 0 0 0 0 0 0 0 10 0 10 0 0 0 0 0 0 0 0 0 0 0 0 0 0 0 0 0 0 0 0 0 0 0 0 0 0 3 27 48 31 18 0 7 0 0 1 0 13 5 0 9 25 0 22 12 0 0 19 0 1 0 0 1 0 0 0 0 0 0 3 0 0 0 0 0 8 0 0 0 0 0 0 0 0 0 0 0 4 0 0 0 0 0 0 0 1 0 0 0 0 3 2 2 0 0 0 0 0 0 0 0 0 0 0 0 0 0 0 0 0 0 19 0 0 0 0 
 0 0 0 0 0 0 0 0 0 0 0 0 0 0 0 0 0 0 0 20 0 0 0 0 0 0 0 2 0 0 0 0 0 0 0 0 0 0 0 0 46 54 136 0 120 55 83 60 44 271 343 151 78 293 98 99 34 328 90 372 0 1 0 0 1 55 55 0 0 0 0 0 0 0 0 0 0 3 0 73 0 0 0 0 0 9 0 0 0 0 0 0 8 0 0 0 0 0 0 0 0 0 0 0 14 0 0 8 0 0 0 0 0 0 0 0 0 0 0 0 2 6 1 0 20 19 2 3 1 9 1 27 0 0 0 18 13 5 0 0 12 0 0 5 0 0 0 22 4 14 0 0 7 23 26 1 19 0 19 0 0 0 0 0 0 0 0 0 0 0 0 0 0 0 0 0 0 0 0 0 0 0 0 0 0 1 0 0 0 0 0 0 0 0 0 0 0 0 0 0 0 7 0 25 0 0 0 1 1 0 14 26 0 0 9 14 0 7 0 0 1 7 20 1 0 0 0 4 40 15 0 0 21 9 33 0 0 0 7 0 0 0 0 0 0 0 0 0 0 0 0 11 0 0 0 0 0 0 0 2 0 21 0 42 2 4 0 0 0 0 10 0 0 24 0 0 0 0 0 0 0 0 1 0 8 0 0 19 0 0 
 0 0 2 3 4 0 0 0 0 4 0 0 0 3 2 0 0 0 4 0 0 0 2 0 0 2 0 3 0 0 0 0 0 0 0 0 0 0 0 0 287 53 116 120 0 132 302 287 96 324 362 121 91 65 85 66 53 46 289 103 1 29 2 2 0 53 83 26 4 0 3 0 1 1 17 0 3 0 3 1 0 0 0 0 0 0 0 0 0 0 0 0 0 0 0 0 0 0 0 0 0 0 6 0 0 0 0 0 1 0 0 0 0 0 0 0 0 0 0 0 11 0 0 0 10 12 0 9 0 0 10 0 0 0 0 1 1 11 0 0 11 0 0 0 0 5 12 0 1 0 25 0 11 20 0 13 0 19 0 11 0 0 0 0 0 0 0 0 0 0 0 0 0 0 0 2 0 0 0 0 0 0 0 0 0 0 0 0 0 10 0 0 0 0 0 0 0 0 0 0 0 29 6 0 21 4 0 0 7 6 0 0 0 0 0 11 0 0 0 0 27 7 12 22 0 0 1 0 0 14 0 1 17 3 27 0 0 14 3 16 0 0 0 0 0 0 0 0 0 0 0 5 0 0 0 0 0 0 0 1 0 22 3 1 3 5 1 2 0 0 0 0 0 12 0 0 0 0 0 0 0 0 0 0 0 0 0 0 0 0 
 0 0 0 3 1 0 0 0 0 0 0 0 0 4 0 0 0 0 0 0 0 0 0 0 0 0 0 0 0 0 0 0 0 0 0 0 1 0 0 0 55 91 98 55 132 0 247 236 58 171 438 122 68 49 57 161 221 194 61 53 1 0 0 0 6 0 56 0 0 0 0 0 0 0 6 0 0 0 0 24 0 0 0 0 0 0 0 0 0 0 0 0 0 0 0 0 0 0 0 0 0 0 0 0 0 0 0 0 0 0 0 0 0 0 0 0 0 0 0 0 0 0 0 14 15 14 0 11 2 0 23 8 0 0 0 0 0 0 0 0 4 0 0 0 0 0 14 21 0 12 10 0 1 11 16 1 0 0 1 0 0 0 0 0 0 0 0 0 0 0 0 0 0 0 0 0 0 0 0 0 0 0 0 0 0 0 0 0 0 12 0 0 0 0 0 0 0 0 0 0 0 10 0 22 12 12 0 0 11 10 10 10 0 0 0 0 0 0 0 0 0 7 17 1 18 0 7 21 28 1 0 0 0 11 0 0 0 0 12 21 0 0 0 0 0 0 0 0 0 0 0 11 0 0 0 0 0 0 0 0 0 0 0 35 62 7 1 0 0 0 9 0 0 23 0 0 0 0 0 0 0 0 0 0 10 0 0 0 0 0 
 4 3 5 3 5 5 3 4 4 9 5 3 4 4 2 3 5 4 3 6 3 5 5 64 64 2 2 3 2 2 2 74 2 0 0 1 1 2 0 2 166 61 61 83 302 247 0 162 82 467 94 458 99 148 41 45 96 94 349 126 0 0 0 0 0 0 0 0 5 0 0 0 0 0 0 0 0 0 59 0 0 0 0 0 0 0 0 0 0 0 0 0 0 0 0 0 0 0 0 0 0 0 0 0 20 7 0 0 0 0 12 14 0 0 0 0 0 44 0 0 21 18 0 0 8 0 9 21 9 0 0 5 0 19 25 23 0 19 25 0 0 0 1 0 0 0 2 0 0 12 0 0 5 0 0 0 0 0 0 0 0 0 0 0 0 0 0 0 0 0 0 0 0 0 0 0 0 0 0 0 0 0 24 0 6 3 15 0 0 0 0 0 0 0 0 0 7 0 0 0 8 27 25 0 17 0 16 0 0 2 0 0 1 0 6 18 1 13 0 3 0 0 19 0 0 0 1 0 0 0 0 0 7 0 0 13 0 0 0 0 0 0 0 0 0 0 0 0 0 1 0 9 0 2 0 0 0 0 2 2 0 0 2 0 1 4 21 0 2 0 0 0 54 0 0 0 0 0 0 0 0 0 0 0 0 0 7 0 0 1 
 3 3 3 3 7 3 3 5 3 9 3 66 3 6 0 3 3 3 7 3 0 6 7 68 62 1 0 0 0 0 0 0 0 0 208 7 0 4 0 0 209 442 355 60 287 236 162 0 238 328 114 282 392 68 80 551 107 88 140 139 7 0 0 0 0 0 0 0 0 0 0 0 0 0 0 0 0 3 0 28 0 0 0 1 0 0 0 0 0 0 0 0 0 0 0 0 0 0 0 0 0 5 12 0 0 13 0 0 2 0 4 0 4 0 8 0 3 0 0 0 21 20 12 16 20 18 9 0 51 0 1 4 0 2 16 25 13 13 0 0 0 0 1 25 0 0 8 0 0 5 0 0 23 0 0 0 0 0 13 0 0 0 0 0 0 0 0 0 0 0 0 5 0 0 0 0 0 0 0 0 8 13 0 0 0 12 0 0 4 3 0 0 0 3 0 2 0 0 0 2 10 11 15 15 0 0 0 0 7 7 7 0 16 0 0 37 29 13 1 0 0 0 0 0 0 0 10 0 0 0 0 0 0 4 0 0 23 0 8 11 0 0 15 0 0 0 0 0 0 0 0 1 0 1 0 0 0 0 1 1 0 0 0 0 0 4 2 0 0 0 0 0 0 0 0 0 0 0 0 0 0 3 0 0 0 20 0 0 0 0 
 0 9 6 3 8 5 0 2 0 0 8 0 0 0 0 13 0 3 0 0 0 0 0 2 0 62 0 0 0 0 0 0 6 3 0 0 0 0 0 0 84 71 253 44 96 58 82 238 0 68 172 230 93 142 141 149 241 178 110 169 1 2 0 0 3 0 3 0 0 0 0 0 0 0 0 0 0 0 0 6 0 23 0 0 0 6 0 0 0 0 5 0 0 0 0 0 0 0 0 0 8 0 0 0 0 0 3 6 0 0 0 0 0 0 0 0 0 0 0 16 30 18 6 9 13 24 0 27 7 0 0 3 0 0 10 18 10 41 0 0 0 0 2 2 0 0 8 0 0 8 4 0 16 0 0 0 0 0 0 1 0 0 0 7 0 5 0 5 0 0 0 13 0 0 7 0 0 0 0 0 0 0 0 0 0 0 0 0 0 0 0 0 2 0 4 0 0 0 4 0 2 20 38 9 14 1 8 0 0 8 1 14 5 0 8 23 0 18 9 0 0 0 0 0 0 0 0 0 7 1 0 0 0 9 0 0 0 0 1 11 0 0 0 0 0 0 0 0 0 18 0 10 0 2 0 0 0 0 0 2 0 0 1 0 0 0 0 0 0 0 1 0 0 0 0 0 0 0 0 0 0 0 0 0 0 0 0 0 0 0 
 0 0 0 0 0 1 1 4 0 6 0 0 0 3 0 0 0 0 0 0 0 3 7 1 0 2 0 3 0 1 0 0 0 0 1 2 0 3 55 0 132 89 78 271 324 171 467 328 68 0 417 62 49 286 168 102 79 63 505 195 122 0 0 0 0 0 0 0 3 0 0 0 0 0 48 0 0 5 52 111 0 13 0 0 0 0 0 0 0 0 0 0 0 0 0 0 0 0 0 0 0 4 7 0 0 0 0 0 1 0 3 0 3 0 3 0 0 0 0 0 11 11 1 0 14 0 0 12 0 28 25 18 0 8 14 11 10 32 0 0 18 0 0 6 0 0 0 12 2 0 0 0 18 0 28 0 19 0 25 0 0 0 0 0 0 0 0 8 0 0 0 0 0 0 0 0 0 0 0 0 5 0 0 0 0 0 0 0 0 2 0 0 0 1 0 1 0 0 0 1 0 0 1 16 14 0 0 2 28 19 18 27 0 0 18 28 0 1 0 0 0 11 0 0 0 0 1 0 18 0 0 0 49 0 13 15 0 0 18 0 0 0 4 0 0 0 0 0 0 0 0 3 0 1 0 0 0 0 2 0 0 0 0 65 5 3 3 35 0 0 10 0 0 0 0 0 0 0 0 0 0 0 0 0 3 0 0 19 0 0 
 0 0 2 3 0 0 0 0 0 4 0 3 0 0 0 0 0 2 0 0 3 9 8 10 3 3 0 8 3 3 3 3 3 3 7 11 3 6 3 3 107 35 158 343 362 438 94 114 172 417 0 141 50 266 81 100 348 160 42 283 8 0 0 0 6 0 8 5 0 0 0 0 0 55 22 0 0 2 4 25 0 0 0 0 0 0 0 0 0 0 0 0 0 0 1 0 0 0 0 0 0 8 8 0 0 0 0 0 1 0 6 0 33 0 4 1 11 0 0 0 23 0 3 16 27 18 0 18 8 12 10 20 0 0 0 0 7 12 0 0 0 0 0 0 0 2 17 0 4 1 0 0 56 0 7 0 0 0 16 3 0 0 0 5 0 0 0 0 0 0 0 0 0 0 2 0 0 0 0 0 7 0 0 0 0 0 0 0 1 3 0 0 0 3 0 6 0 0 0 1 0 13 5 0 30 0 0 0 1 24 22 18 0 0 0 0 0 0 0 0 0 9 0 0 0 1 0 1 11 0 0 0 13 0 6 4 0 0 1 20 0 0 7 0 0 0 0 0 0 0 0 21 0 0 0 0 0 0 0 1 0 0 63 1 1 69 0 0 0 0 1 0 0 0 0 0 0 0 0 0 0 0 0 0 0 0 0 0 0 0 
 2 2 5 5 2 4 2 2 31 2 2 2 2 3 0 2 2 2 2 5 6 5 3 3 3 3 0 7 64 5 3 3 3 3 3 3 3 3 3 3 272 35 113 151 121 122 458 282 230 62 141 0 53 262 93 102 359 79 224 110 5 50 0 0 0 0 28 0 0 0 0 0 0 0 0 0 0 6 1 104 0 0 0 0 0 0 0 0 0 0 0 0 0 0 0 0 0 0 0 0 0 0 0 0 0 0 0 0 0 0 0 0 0 0 0 0 0 0 0 0 11 0 17 6 27 0 0 14 1 17 0 19 0 0 0 12 17 0 0 0 37 1 0 9 0 0 11 18 3 0 0 0 3 0 15 0 23 0 44 6 0 0 0 0 0 0 0 0 0 0 0 0 1 0 0 0 0 0 0 0 0 0 0 0 0 0 0 0 0 0 0 0 0 0 0 0 0 0 0 0 0 0 1 27 9 6 0 1 2 0 10 27 0 0 11 7 0 0 0 0 4 0 12 24 0 0 12 0 13 0 0 0 7 0 14 0 0 0 16 25 0 0 18 0 0 0 0 0 0 0 0 5 0 0 0 0 0 0 0 0 0 0 0 63 1 0 0 4 0 0 11 0 0 20 0 0 9 0 0 0 0 0 1 0 4 9 0 27 0 0 
 2 2 2 68 63 4 2 2 2 60 2 66 2 2 64 32 2 2 2 2 2 63 24 2 88 1 1 4 2 66 2 97 19 2 2 63 4 2 4 1 51 104 77 78 91 68 99 392 93 49 50 53 0 149 47 28 323 25 89 327 0 5 2 0 9 8 0 0 9 0 9 0 0 211 12 0 0 0 0 4 0 0 0 0 13 12 0 0 0 0 0 6 0 0 0 0 0 0 0 0 15 0 0 14 42 0 10 2 9 17 11 0 0 10 0 0 0 24 10 0 18 0 0 0 0 13 17 1 13 0 0 0 9 1 9 19 0 18 0 11 0 0 0 0 8 0 0 0 0 0 0 0 0 0 0 0 0 0 0 0 0 0 0 0 0 0 0 0 20 7 0 7 0 0 0 11 0 0 0 0 11 0 22 0 64 0 7 0 0 0 0 0 0 0 0 0 9 0 0 12 2 15 22 4 0 0 7 1 0 0 0 13 16 3 57 40 0 0 14 0 0 0 14 0 0 9 0 0 0 0 0 0 0 0 0 0 0 0 0 0 0 0 0 0 0 0 0 0 0 0 0 17 0 0 0 0 0 24 0 0 0 0 3 0 0 1 19 0 0 0 0 0 0 0 0 0 0 11 0 2 0 0 0 0 0 13 15 0 0 0 
 2 2 2 6 2 2 2 8 2 2 2 4 2 2 0 2 2 2 2 2 0 2 0 121 0 87 0 0 3 0 0 23 0 0 0 14 0 0 2 0 84 43 533 293 65 49 148 68 142 286 266 262 149 0 99 52 34 33 119 403 118 0 0 0 0 0 0 0 18 0 0 0 0 0 0 0 0 24 51 0 0 0 0 0 0 0 0 0 0 0 0 0 0 10 0 0 0 0 0 0 0 0 0 0 5 12 0 0 0 0 6 10 0 0 0 0 0 18 0 0 17 17 32 0 6 0 8 3 26 0 0 7 10 20 0 20 13 8 22 8 0 0 5 4 0 0 0 0 0 0 8 0 0 0 0 0 0 0 0 13 0 0 0 0 0 0 0 0 0 0 0 0 0 0 5 0 0 0 0 0 0 0 10 0 19 0 0 0 0 0 13 0 0 0 0 0 21 0 0 9 0 13 24 0 0 15 11 15 23 0 0 0 8 19 16 0 8 10 9 19 0 0 1 0 0 0 0 0 0 0 0 0 0 11 7 0 0 0 9 0 0 0 0 0 0 0 0 0 0 0 0 2 0 2 0 0 0 0 0 14 0 0 0 0 2 14 7 0 2 0 0 0 0 0 0 0 0 0 0 0 0 0 0 0 0 1 43 0 0 0 
 2 2 0 2 0 0 2 2 2 2 1 2 0 2 2 2 2 0 1 0 2 0 0 0 32 4 2 4 36 2 8 13 0 1 1 0 4 2 0 1 688 67 43 98 85 57 41 80 141 168 81 93 47 99 0 100 122 55 325 291 0 0 0 52 0 0 0 35 0 0 0 0 0 0 0 0 0 0 0 0 0 0 0 0 0 0 0 0 0 0 0 0 0 0 0 0 0 0 0 0 0 0 0 0 8 8 0 0 0 12 0 2 0 1 0 1 0 0 0 0 2 0 0 0 10 3 0 24 0 26 9 0 13 13 20 28 37 22 1 31 0 0 0 9 0 1 0 0 0 0 0 0 0 0 35 0 0 0 0 0 0 0 0 0 0 0 0 0 0 9 0 0 0 0 0 0 0 0 0 0 0 0 4 2 0 15 0 4 0 0 4 9 0 0 0 0 7 0 0 0 48 0 16 26 10 0 14 0 0 10 0 16 0 0 10 13 22 0 19 0 0 0 0 2 2 0 0 0 0 0 0 0 0 0 0 0 0 0 0 0 0 0 0 0 0 0 0 0 1 27 0 2 0 1 0 12 0 0 1 0 0 0 2 0 2 0 0 2 2 0 10 0 0 0 0 0 0 0 0 0 0 6 0 0 0 0 0 0 0 4 
 3 3 6 34 70 3 3 3 3 7 3 3 3 6 6 3 3 67 3 9 9 5 8 4 3 65 0 6 10 3 3 4 2 3 30 40 4 3 31 3 40 292 184 99 66 161 45 551 149 102 100 102 28 52 100 0 166 26 45 164 12 1 0 0 21 0 12 0 7 44 0 0 4 61 0 0 0 2 4 10 0 0 0 0 4 11 0 0 0 0 0 0 0 0 0 0 0 0 0 0 18 0 0 0 0 7 0 0 0 0 0 0 0 0 7 0 0 0 0 23 1 2 36 14 17 12 0 0 40 0 0 25 0 0 0 18 11 8 14 21 0 4 9 4 0 0 13 0 0 13 15 8 10 14 19 1 9 0 0 3 0 0 0 0 0 8 0 0 0 0 0 0 0 7 0 0 0 0 0 0 0 0 0 0 0 10 0 0 0 0 13 0 1 0 0 0 0 0 20 16 0 0 8 0 0 0 16 0 0 0 0 0 0 0 8 0 0 3 9 0 0 0 0 0 2 0 0 31 8 0 6 0 0 0 0 10 1 0 0 37 0 0 0 0 0 0 0 0 0 0 0 13 0 0 0 0 0 0 1 1 0 0 0 0 0 2 3 0 2 0 0 0 0 0 0 0 0 0 0 0 0 0 0 0 0 20 0 0 0 0 
 0 0 3 3 0 0 0 0 0 0 0 0 0 0 0 0 0 0 0 35 3 3 3 3 106 3 0 10 3 3 3 3 4 3 3 3 3 3 3 3 91 306 187 34 53 221 96 107 241 79 348 359 323 34 122 166 0 304 31 112 5 0 0 0 2 2 3 1 0 6 0 0 2 0 7 3 0 1 0 0 0 0 0 0 0 0 0 0 0 0 0 0 0 0 0 0 0 0 0 0 23 0 0 0 0 0 0 0 0 0 0 0 0 0 0 0 0 0 0 0 11 0 1 12 30 33 0 5 15 0 38 9 0 0 11 0 0 16 0 0 0 2 2 0 0 0 18 0 0 12 0 35 17 4 4 4 1 0 1 0 0 0 0 0 0 0 0 0 0 0 0 2 0 0 0 0 0 0 0 0 0 0 0 0 0 0 0 0 0 0 0 0 0 0 0 0 0 0 0 0 33 7 8 34 6 12 10 1 11 30 10 30 10 0 8 10 11 1 0 0 0 0 4 5 6 0 1 10 7 2 0 0 0 5 0 5 4 9 14 8 0 0 5 0 0 0 0 0 0 0 0 5 0 0 0 0 0 0 0 0 0 0 1 0 0 3 6 0 1 0 9 0 0 0 0 5 0 0 0 0 0 0 0 0 14 12 0 0 0 0 
 2 64 5 7 4 2 46 1 73 2 3 3 12 91 2 3 3 1 2 3 14 5 19 7 4 8 2 12 5 11 3 12 5 3 3 4 6 210 3 3 114 31 160 328 46 194 94 88 178 63 160 79 25 33 55 26 304 0 34 44 0 0 0 1 21 1 4 0 0 0 0 2 0 3 3 0 1 2 53 0 0 0 14 2 0 0 0 1 0 9 0 0 0 0 0 0 0 0 0 0 0 0 0 0 15 0 0 0 0 0 5 0 0 5 0 7 0 0 0 0 35 0 9 20 12 31 0 26 0 9 10 27 0 0 0 0 2 13 5 4 0 0 0 0 0 0 11 0 19 37 0 0 22 2 0 0 0 0 11 9 20 21 0 21 0 9 0 0 0 0 13 0 0 0 6 0 0 0 0 0 0 0 6 0 0 0 0 6 0 0 0 11 0 0 0 1 9 0 0 0 0 10 0 0 9 8 0 0 0 6 2 0 0 0 0 0 0 0 21 0 0 21 0 0 0 0 0 9 1 0 0 0 32 6 0 20 0 0 0 0 0 0 0 0 0 0 1 0 0 0 0 2 0 2 0 0 0 3 0 16 0 2 5 1 1 1 0 2 3 0 0 0 0 0 0 3 0 0 0 0 0 8 0 0 0 0 0 0 0 0 
 0 0 2 0 0 0 0 0 0 0 0 0 0 8 0 0 0 0 0 3 0 0 0 0 0 1 62 5 0 0 0 1 0 0 0 64 1 0 0 4 319 33 240 90 289 61 349 140 110 505 42 224 89 119 325 45 31 34 0 130 0 0 0 87 0 0 0 13 0 6 0 0 0 0 0 0 0 0 0 0 0 0 0 0 0 12 0 0 0 0 0 0 0 0 0 0 0 0 0 0 0 0 0 0 5 1 0 0 0 0 16 0 0 0 1 0 0 2 0 12 1 37 1 3 0 0 17 24 4 15 13 0 15 66 24 19 46 4 19 29 0 0 0 0 0 2 1 0 0 0 0 0 0 0 0 11 0 0 0 0 0 0 0 0 0 0 13 0 0 0 0 0 0 0 0 0 0 0 0 0 0 15 0 6 12 27 0 0 1 0 2 13 0 0 0 0 0 17 0 0 31 0 16 20 16 0 9 1 0 34 4 0 0 3 2 20 19 16 1 11 0 0 0 0 0 0 0 0 0 0 0 0 0 0 0 0 0 0 0 10 0 0 1 0 0 0 0 0 0 0 0 9 0 0 0 0 0 1 57 0 0 0 0 0 0 4 2 1 0 0 0 0 0 0 0 1 0 0 0 0 0 2 0 0 7 0 0 0 0 0 
 0 0 2 0 0 0 0 0 0 0 0 0 1 0 0 0 0 3 0 0 2 4 0 5 21 0 0 1 0 1 0 1 0 0 0 69 0 64 0 0 324 81 68 372 103 53 126 139 169 195 283 110 327 403 291 164 112 44 130 0 53 3 0 0 11 0 0 0 0 0 0 0 0 0 0 0 50 1 0 0 0 0 0 0 0 0 0 0 0 0 0 0 0 0 0 0 0 0 0 0 0 0 0 0 0 20 0 0 0 0 11 0 0 0 0 0 0 0 0 0 10 26 30 6 2 17 0 10 9 10 0 0 0 0 54 14 11 48 11 10 0 0 11 14 0 0 0 0 0 0 5 0 0 0 0 0 0 0 0 0 0 0 0 0 0 0 0 0 0 0 0 43 0 0 0 0 0 0 0 0 0 0 0 0 0 21 0 0 0 0 24 0 0 0 0 0 10 0 0 0 3 8 17 9 0 0 19 0 0 0 0 13 8 0 36 20 0 23 16 14 0 0 8 0 0 0 0 0 0 0 0 0 0 0 0 0 0 0 0 0 0 0 0 0 0 0 0 0 0 0 0 10 0 2 0 0 0 0 0 3 0 0 0 0 0 5 15 0 3 0 1 0 0 0 0 0 0 0 0 0 0 0 0 0 0 0 0 0 0 0 
 0 0 0 0 0 0 0 0 0 0 0 0 0 2 0 0 0 0 0 0 0 0 0 0 0 0 0 0 0 0 0 0 0 0 0 0 0 0 0 0 0 0 7 0 1 1 0 7 1 122 8 5 0 118 0 12 5 0 0 53 0 72 197 90 67 35 209 84 93 146 131 51 212 114 194 77 83 157 289 40 0 0 0 0 0 0 0 0 0 0 0 0 0 0 0 0 0 0 0 0 1 1 2 1 2 1 1 1 1 1 1 2 2 2 3 16 6 3 2 2 0 0 5 8 13 7 0 0 14 0 0 2 0 0 0 0 0 6 0 0 1 17 7 6 1 0 14 17 23 21 29 8 9 16 0 20 73 11 5 8 0 0 0 0 0 0 0 4 0 0 0 0 0 0 0 0 7 0 0 0 0 0 0 0 4 0 0 0 0 0 0 0 0 0 0 0 0 0 0 0 0 0 0 0 0 7 0 0 0 0 4 0 0 0 0 0 0 0 0 0 0 6 9 0 0 8 18 0 13 19 4 9 0 0 1 7 1 38 3 32 0 0 4 0 0 0 0 0 0 0 0 0 0 1 8 0 0 0 0 0 0 0 13 1 0 0 0 0 0 0 9 0 0 0 0 1 0 0 0 0 0 0 0 0 0 8 0 0 0 0 
