 0 212 176 47 41 258 152 376 35 229 32 117 66 231 255 54 40 217 71 156 0 0 0 2 0 2 3 3 1 0 2 1 2 0 0 0 3 0 75 2 2 0 8 0 0 0 0 3 0 0 0 0 0 3 0 0 1 3 0 3 3 0 0 0 0 0 0 3 0 3 0 2 3 0 0 0 2 0 3 0 33 13 23 0 0 0 0 20 0 15 0 16 42 12 24 30 42 36 0 14 0 0 0 14 0 0 0 0 0 0 0 0 0 0 0 1 0 0 4 14 0 0 0 0 0 0 0 0 0 0 0 0 0 0 2 0 0 7 0 0 2 0 0 0 0 0 0 0 0 0 0 0 0 0 0 0 8 0 0 0 21 0 16 2 1 11 7 14 18 13 4 23 8 0 0 5 24 13 11 26 0 0 0 0 0 0 0 0 0 0 0 0 0 0 0 0 0 0 0 2 0 0 0 0 0 0 0 0 0 0 2 0 0 0 0 19 0 0 0 0 0 0 0 0 0 0 0 0 0 0 0 0 0 0 0 0 0 2 0 0 0 0 0 0 0 0 0 0 0 89 1 4 10 0 0 0 0 0 0 0 0 0 16 0 0 0 0 0 0 0 0 0 0 0 0 0 14 0 0 0 0 0 0 0 0 0 0 0 0 0 
 212 0 184 65 58 25 278 259 414 202 28 32 326 37 27 48 59 472 118 183 0 0 0 2 0 2 2 6 2 0 0 5 2 0 0 2 0 0 1 1 0 0 0 1 0 0 62 3 0 0 0 0 2 3 0 0 2 32 0 3 0 0 0 0 0 2 0 3 0 3 0 2 3 4 0 4 0 0 5 0 24 25 14 15 0 0 20 27 13 6 10 3 9 29 3 47 9 10 63 23 0 0 0 0 0 0 0 0 1 0 0 0 2 0 0 0 0 0 0 0 0 0 0 0 0 0 0 2 0 0 9 0 0 0 0 0 0 0 0 0 0 0 0 9 0 0 0 0 0 0 10 0 0 0 0 0 0 0 0 0 11 17 0 0 0 0 12 15 14 0 12 2 20 19 24 14 0 51 13 2 0 0 2 0 0 0 0 0 0 0 0 1 0 0 0 0 0 0 0 0 0 0 0 0 0 0 0 0 0 0 0 0 0 0 0 0 0 0 0 12 0 0 0 0 0 17 0 0 0 0 0 0 0 0 0 0 2 0 0 0 0 0 0 0 0 0 4 0 0 0 0 10 0 0 0 0 0 0 0 0 0 0 1 0 0 0 0 0 0 0 0 0 0 0 0 19 0 0 0 0 0 0 0 0 0 0 0 0 0 0 
 176 184 0 246 47 325 274 377 177 244 46 44 149 147 145 72 137 213 23 219 0 0 0 2 0 2 2 0 2 0 0 0 2 0 0 0 88 0 3 2 0 1 0 0 0 0 0 2 0 0 0 0 0 3 0 0 3 10 0 2 0 0 0 0 0 0 0 3 0 3 0 3 54 0 0 0 0 1 3 0 63 6 23 31 3 12 30 2 17 0 39 24 13 14 11 33 18 15 16 24 0 0 0 0 0 0 0 0 0 0 0 0 0 12 0 0 0 0 34 0 0 0 0 0 0 0 0 0 0 0 0 0 0 0 0 0 0 0 0 0 0 12 5 0 0 0 0 0 0 0 0 0 0 0 0 0 0 0 0 1 36 13 16 4 11 22 41 13 8 14 20 41 0 9 1 9 66 11 2 9 0 0 0 0 0 0 0 0 0 0 0 0 0 0 0 0 0 0 21 1 0 0 0 0 0 0 0 0 0 0 0 0 0 0 0 0 0 0 0 0 0 14 0 0 0 0 0 0 0 0 0 0 0 0 0 0 0 0 0 0 0 0 0 0 0 1 90 0 98 1 16 13 7 0 0 0 0 0 0 0 0 0 16 0 0 0 0 0 0 0 0 0 0 0 0 11 26 0 0 0 0 0 0 0 0 0 0 0 0 0 
 47 65 246 0 97 213 49 92 97 285 240 41 76 96 139 379 99 358 51 108 0 0 0 2 0 2 99 136 0 0 0 0 4 0 0 0 0 0 0 2 6 0 1 0 0 0 0 37 0 64 47 0 5 3 0 0 3 3 70 2 0 1 0 0 0 0 0 3 0 3 0 3 3 0 0 0 0 0 3 0 3 24 30 14 48 37 0 20 12 8 32 22 0 0 19 16 23 0 0 0 0 0 0 0 0 0 0 12 0 0 0 0 8 20 26 0 10 17 7 11 0 0 0 0 0 0 0 0 0 0 0 0 0 0 0 0 9 0 0 0 0 0 4 0 0 0 0 0 0 0 0 0 0 0 0 0 0 0 0 12 0 0 16 23 26 30 0 0 2 10 20 24 0 0 0 14 0 7 0 0 8 32 0 0 0 0 14 0 15 0 0 0 1 18 0 0 0 0 1 0 15 0 0 0 0 0 0 0 0 0 0 0 0 0 0 0 0 0 18 0 0 0 0 2 0 0 0 0 0 0 0 0 0 0 0 0 0 0 0 0 0 0 0 0 0 4 58 0 97 1 13 3 0 1 0 0 0 0 0 0 0 0 0 0 0 2 0 0 0 0 0 0 0 0 0 5 0 17 0 0 0 0 0 0 0 0 0 0 0 0 
 41 58 47 97 0 65 38 301 177 332 278 156 81 63 46 125 76 146 51 99 92 1 0 4 0 79 151 62 1 76 0 0 112 125 0 1 8 0 99 74 0 0 0 0 0 0 0 3 0 65 0 0 0 3 0 0 1 3 0 3 0 1 0 0 51 0 0 3 5 3 51 2 3 0 0 0 0 0 3 0 0 0 0 11 10 14 0 0 0 9 0 14 0 0 0 0 18 13 0 0 22 12 13 0 0 1 1 15 10 0 0 0 34 31 32 8 11 19 22 11 0 0 0 1 0 0 0 0 0 0 0 0 0 0 0 0 12 0 0 2 0 0 0 0 0 0 0 0 0 0 0 0 0 0 0 45 0 0 0 0 0 0 2 0 0 12 0 0 0 0 13 0 0 0 0 0 0 0 0 0 29 28 0 16 0 0 0 22 0 0 16 1 14 46 17 26 0 2 19 24 29 0 0 0 0 0 0 0 0 0 0 0 0 0 0 0 0 2 1 0 0 0 0 0 0 0 0 0 0 0 0 0 0 0 0 0 0 0 0 0 0 0 1 0 0 0 3 0 0 46 0 4 2 0 0 0 0 1 0 0 0 5 0 0 0 0 0 0 0 0 0 0 0 0 0 0 0 0 0 0 0 0 0 0 0 14 0 0 0 0 
 258 25 325 213 65 0 6 19 134 103 239 180 32 40 89 201 168 551 47 52 80 69 0 2 0 2 80 17 0 0 1 0 4 3 1 0 0 83 1 1 5 2 0 0 0 0 2 5 3 54 0 0 0 3 0 0 11 3 0 2 4 1 2 0 0 0 2 3 2 5 0 4 3 0 0 0 0 0 6 36 0 17 1 58 11 11 0 0 18 26 22 32 0 2 0 0 0 5 0 0 10 3 0 1 0 0 29 0 6 16 9 1 10 40 11 0 0 1 0 14 0 0 0 0 0 0 0 0 0 0 0 0 0 0 0 0 0 0 0 0 0 0 0 0 0 0 0 0 0 0 0 0 0 0 0 0 0 2 0 0 2 10 27 30 26 28 0 0 25 0 45 10 0 0 0 14 0 15 0 0 15 4 17 26 0 0 19 24 12 0 0 0 5 9 19 1 2 0 13 16 0 0 0 0 0 0 1 0 0 0 0 18 1 0 0 0 0 0 1 0 0 0 0 1 0 0 0 0 0 0 0 0 2 2 0 0 0 0 0 0 0 0 0 0 0 2 4 0 49 3 7 7 0 0 0 0 0 0 1 0 1 0 0 0 0 0 2 0 0 0 0 0 0 2 0 0 0 0 0 0 0 0 0 0 0 0 0 0 0 0 
 152 278 274 49 38 6 0 244 45 103 245 35 143 375 310 29 18 117 56 130 11 0 0 0 0 0 0 0 2 0 0 0 2 0 78 2 0 0 0 2 1 0 6 0 0 0 0 0 0 0 0 2 0 0 0 0 0 0 0 0 5 0 0 4 0 0 0 14 0 0 0 0 0 0 0 0 0 0 0 0 26 31 0 0 0 0 11 7 14 0 0 0 40 13 11 11 1 23 15 39 0 0 0 0 0 0 0 0 0 0 0 0 0 0 0 0 0 0 0 0 0 0 0 0 4 0 0 0 0 0 0 0 0 0 0 0 0 0 0 0 0 0 0 5 0 0 0 0 0 0 0 0 0 0 0 23 0 0 0 0 10 15 30 3 7 0 14 19 2 34 0 10 0 39 10 9 10 0 15 17 0 0 0 0 0 0 0 0 0 0 0 0 0 0 0 0 0 0 0 0 0 0 0 0 0 0 0 0 0 0 0 0 0 0 0 0 0 0 0 0 0 0 0 0 0 0 0 0 0 0 0 0 0 0 0 0 0 0 0 0 0 0 0 0 0 1 0 0 2 0 2 9 0 0 0 0 0 0 0 0 0 0 15 0 0 0 0 0 0 0 0 0 0 0 0 0 0 1 0 0 0 0 0 0 0 0 0 0 0 0 
 376 259 377 92 301 19 244 0 101 148 275 33 240 143 35 51 37 257 146 73 1 2 0 2 2 2 3 0 1 1 2 0 2 0 0 0 0 0 0 1 0 0 0 0 0 0 0 2 1 2 0 0 0 3 1 2 3 10 33 2 0 0 0 0 0 0 0 3 0 3 0 3 3 3 2 0 0 0 3 0 0 25 32 0 0 0 35 31 10 0 0 19 15 12 46 8 16 2 35 0 0 0 0 0 0 0 0 0 0 0 0 0 0 0 0 0 0 0 0 0 0 0 0 0 0 0 0 0 0 0 0 0 0 0 0 0 0 0 2 0 0 2 0 0 0 0 0 0 0 0 0 0 0 0 0 0 0 0 0 0 0 0 0 0 4 0 7 0 7 36 10 0 15 0 26 18 7 53 13 46 0 0 0 0 0 0 0 0 0 0 0 0 0 0 0 0 0 0 0 0 0 0 0 0 0 0 0 0 0 0 0 0 0 0 0 2 0 0 0 0 0 0 10 0 1 0 0 0 0 0 0 0 0 0 0 0 0 0 0 0 0 0 0 0 0 0 2 0 0 0 0 11 0 0 0 0 0 0 0 0 0 0 0 0 0 0 2 0 0 0 0 0 0 0 0 1 0 0 0 0 0 0 0 0 0 0 0 0 0 0 
 35 414 177 97 177 134 45 101 0 89 40 244 191 437 233 161 239 137 371 310 0 0 0 2 0 2 3 0 1 0 1 1 25 0 0 0 1 0 0 1 0 0 0 0 0 0 0 2 0 0 0 0 0 2 0 0 3 4 0 1 0 0 0 0 0 0 0 2 0 8 0 3 2 0 0 0 1 0 8 0 10 10 37 11 0 0 0 25 0 20 0 33 0 1 1 10 15 21 13 18 0 0 0 9 2 0 10 0 0 0 0 0 0 0 0 0 0 0 0 9 0 0 0 0 0 1 0 0 0 0 0 0 0 0 0 0 0 0 0 0 0 0 0 9 0 0 0 0 0 0 12 9 0 6 0 0 0 0 0 5 38 0 0 12 18 0 8 15 12 10 0 10 22 20 13 0 8 0 25 28 14 0 0 0 0 0 20 20 0 0 0 0 14 0 0 0 0 0 11 13 0 0 0 0 0 0 0 0 1 0 0 0 0 0 0 0 0 0 0 0 1 0 0 0 0 2 1 0 0 0 0 0 0 0 0 0 0 0 1 2 0 0 0 0 0 0 0 2 2 114 2 16 0 0 0 0 0 0 0 0 0 0 1 0 0 0 0 0 0 0 0 0 0 1 0 19 21 0 0 0 0 0 0 0 0 0 0 0 0 0 
 229 202 244 285 332 103 103 148 89 0 103 39 136 77 267 284 136 58 47 105 2 0 0 2 0 4 2 0 1 0 208 0 2 74 2 0 0 0 1 74 0 0 18 0 0 0 0 2 0 0 0 45 0 3 0 0 3 3 0 2 0 0 0 0 0 0 0 3 0 3 0 3 3 0 0 0 0 0 3 0 5 25 7 24 0 14 10 0 18 0 25 22 18 22 15 45 31 13 9 0 0 0 0 0 0 0 0 22 0 0 0 0 0 0 0 0 0 0 6 0 0 0 0 0 0 0 0 0 0 0 0 0 0 0 0 0 0 0 0 0 0 0 9 0 0 0 0 0 0 0 0 0 0 0 0 0 0 0 0 0 13 16 43 25 24 19 0 13 83 1 36 23 0 0 1 16 8 32 0 0 0 0 0 0 0 0 0 0 0 0 5 0 0 0 0 0 0 0 0 0 0 0 0 0 0 17 0 0 0 0 0 0 0 0 0 0 0 0 0 0 0 0 0 0 0 0 0 0 0 0 0 24 0 0 0 0 0 0 0 0 0 0 0 0 0 4 5 0 47 2 9 5 7 0 1 0 0 0 0 0 0 0 0 0 0 1 0 0 0 0 0 0 0 0 0 0 0 0 0 0 0 0 0 0 0 0 0 0 0 0 
 32 28 46 240 278 239 245 275 40 103 0 201 73 46 46 80 339 178 37 115 74 0 0 2 0 2 193 77 0 0 0 0 2 6 0 0 1 1 243 0 0 0 0 0 0 0 0 2 0 0 0 0 0 3 0 0 3 3 0 2 0 0 0 0 0 0 0 3 0 3 0 3 3 0 0 0 0 0 3 0 0 0 0 23 24 9 0 25 19 6 13 33 0 0 0 13 0 10 0 0 1 0 0 0 0 0 49 58 1 0 0 0 48 12 9 0 11 0 9 54 0 0 0 0 0 0 0 0 0 0 0 0 0 0 0 0 0 0 0 0 0 5 11 0 0 0 0 0 0 0 0 0 0 0 0 0 0 0 0 16 0 3 12 13 0 4 0 0 0 15 23 3 0 0 0 0 0 0 2 0 1 43 0 1 0 0 14 10 0 0 0 0 39 20 11 0 0 0 20 32 16 0 0 24 0 0 0 0 0 0 0 0 0 0 0 0 0 0 0 0 0 0 0 4 0 0 0 0 0 0 0 0 0 0 0 0 0 0 0 0 0 9 0 0 0 0 3 0 2 187 1 10 0 2 0 0 0 0 0 0 33 0 0 0 0 0 0 0 0 0 0 0 0 0 0 0 0 0 0 0 0 0 0 0 0 0 0 0 0 0 
 117 32 44 41 156 180 35 33 244 39 201 0 46 51 63 76 252 83 26 135 0 2 0 5 0 95 40 79 2 0 0 0 80 2 2 2 2 1 76 6 0 0 0 0 4 0 65 5 0 0 0 0 0 6 0 0 3 6 0 5 0 1 2 0 0 2 0 3 2 5 1 4 3 32 50 1 1 0 3 0 8 14 9 8 3 0 0 11 12 2 34 25 0 0 21 24 21 31 0 0 14 0 0 10 0 0 13 14 0 0 0 0 16 0 0 0 0 0 0 9 0 0 0 0 0 0 0 0 0 0 1 1 0 0 0 0 0 0 0 0 0 0 0 0 0 1 0 0 0 0 16 0 0 0 0 1 0 0 0 0 11 0 12 20 0 12 0 0 1 2 15 0 7 0 16 0 18 0 9 36 15 19 0 2 0 0 14 10 0 0 0 0 31 0 8 0 0 34 20 20 0 0 0 0 4 0 0 0 0 0 0 0 0 0 0 0 0 0 0 0 0 0 1 0 13 0 0 0 0 0 0 0 0 0 0 0 0 0 0 0 0 0 0 0 0 1 1 1 2 1 2 14 0 0 0 0 0 0 0 0 0 0 0 0 0 0 0 0 0 0 0 0 0 0 0 0 10 0 0 0 0 0 0 0 0 0 0 0 0 0 
 66 326 149 76 81 32 143 240 191 136 73 46 0 206 126 43 27 44 81 539 0 0 0 2 4 2 7 2 1 0 208 0 4 0 0 0 0 0 202 3 0 0 0 0 0 0 0 2 0 4 1 0 0 3 0 0 3 13 0 2 0 6 0 0 0 0 0 3 35 3 0 3 7 0 0 0 55 0 3 0 0 33 10 0 0 0 22 26 0 28 0 21 4 59 18 18 0 0 36 2 0 0 0 0 0 0 0 0 0 0 0 0 0 0 0 0 0 0 0 0 0 0 0 0 0 0 0 0 0 0 0 0 0 0 0 0 0 0 0 0 0 0 0 0 0 0 0 0 0 0 0 0 0 0 0 0 0 0 0 0 1 0 0 0 5 0 10 20 9 0 6 0 10 8 5 0 13 5 14 9 0 0 0 0 0 0 0 0 0 0 0 0 0 0 0 0 0 0 0 0 0 0 0 0 0 0 0 19 0 0 0 0 0 0 0 0 0 0 0 0 0 0 0 0 0 0 0 0 0 0 0 0 0 0 0 0 0 0 0 12 0 0 0 0 0 1 0 2 2 2 0 6 0 1 0 0 0 0 0 0 0 0 0 0 0 0 0 0 0 0 0 0 0 0 0 0 0 0 0 0 0 0 0 0 0 0 0 0 0 0 
 231 37 147 96 63 40 375 143 437 77 46 51 206 0 156 30 129 45 290 153 2 2 3 1 4 0 6 3 3 0 4 0 6 0 0 4 2 2 0 3 3 0 2 58 0 3 0 4 1 0 2 0 66 4 3 3 0 2 2 7 49 5 3 0 0 0 0 0 0 4 0 1 0 3 3 0 0 2 5 2 28 0 8 0 0 0 0 0 19 26 10 0 13 29 21 43 3 0 58 20 0 0 0 10 0 0 0 7 0 0 0 0 0 0 18 0 0 0 14 0 2 0 0 0 0 0 0 0 0 0 9 0 0 0 0 0 0 0 0 0 0 0 0 0 0 0 0 0 0 0 0 0 0 0 0 0 0 0 0 0 14 10 0 0 0 0 0 12 0 23 0 0 7 15 10 11 0 14 12 40 0 0 0 0 0 0 0 0 0 0 0 0 0 0 0 0 0 0 1 0 0 0 0 16 0 0 0 0 0 0 0 0 0 0 0 0 0 0 0 0 0 0 0 0 2 0 0 0 0 0 0 0 0 14 0 0 0 0 0 0 0 0 0 0 0 0 2 0 0 0 0 16 0 0 0 0 0 0 0 0 2 0 0 0 0 0 0 0 0 0 0 0 0 1 0 0 18 0 0 0 0 0 0 0 0 0 0 0 0 0 
 255 27 145 139 46 89 310 35 233 267 46 63 126 156 0 103 206 130 46 237 0 0 0 2 0 3 2 0 8 0 2 0 77 0 0 0 0 0 75 3 0 0 7 0 0 0 0 2 0 0 0 3 0 2 0 0 3 3 0 1 0 3 0 0 35 0 0 2 0 2 4 3 2 0 0 0 0 0 2 52 15 29 9 15 0 0 14 10 0 16 32 42 11 39 10 44 14 23 36 0 0 0 0 11 0 0 0 0 0 0 0 0 0 0 5 0 0 0 0 16 0 0 0 0 0 0 0 0 0 0 0 0 1 0 0 0 0 0 0 0 0 0 0 0 0 0 0 0 0 0 0 0 0 0 0 0 0 2 0 0 15 19 14 11 22 6 0 37 25 0 13 3 14 0 13 15 29 24 11 1 15 0 0 0 0 0 0 1 0 0 0 0 1 0 1 0 0 0 27 10 0 0 0 0 0 0 15 9 0 0 0 2 0 0 0 0 0 0 0 0 0 0 0 2 0 12 0 0 0 0 0 0 2 0 0 0 0 0 0 0 0 0 0 0 0 0 0 0 0 90 0 9 4 0 0 0 0 0 0 0 0 0 1 0 0 0 0 0 0 0 0 0 0 0 0 10 1 0 0 0 0 0 0 0 0 0 0 0 0 0 
 54 48 72 379 125 201 29 51 161 284 80 76 43 30 103 0 201 159 21 169 0 0 0 4 0 4 1 1 2 0 0 2 82 0 0 1 2 0 30 1 6 2 0 0 0 0 3 3 0 0 0 4 0 3 0 0 2 7 0 3 1 3 0 0 2 0 3 3 0 3 0 2 3 0 3 0 1 3 3 0 1 33 0 51 7 10 17 0 21 20 59 30 1 1 18 17 0 31 21 0 0 0 0 0 0 0 0 0 0 0 0 0 0 0 0 0 0 0 0 0 0 0 0 0 0 4 0 0 0 5 0 0 0 0 0 0 0 1 0 0 0 0 0 0 1 0 0 0 0 0 2 0 0 0 0 0 0 0 1 0 10 29 23 0 22 16 0 16 8 0 15 14 2 0 29 16 6 14 0 0 40 0 0 0 0 0 0 0 0 0 2 0 1 0 0 0 0 0 16 10 0 0 0 0 0 0 0 0 0 0 0 0 0 0 0 0 0 0 0 0 0 36 0 0 0 0 0 0 0 7 0 0 0 1 0 0 0 0 0 2 0 0 0 0 0 0 0 0 90 3 0 5 0 0 0 0 0 0 0 0 0 0 0 0 0 0 0 0 0 2 0 0 0 0 0 0 0 0 0 0 0 0 0 0 0 0 0 0 0 0 
 40 59 137 99 76 168 18 37 239 136 339 252 27 129 206 201 0 159 45 237 111 0 0 2 208 2 4 0 2 0 3 2 77 0 164 0 1 0 73 1 5 3 2 0 0 0 0 2 0 2 0 0 0 6 2 0 3 8 2 2 0 3 0 0 0 2 0 3 0 3 0 29 5 7 3 0 0 1 3 0 11 34 50 12 17 0 0 38 0 34 13 40 0 31 76 53 65 23 0 9 1 0 0 11 0 0 1 0 0 0 0 0 0 0 0 0 0 0 0 15 0 2 2 0 0 0 0 0 0 0 0 0 2 0 0 0 0 0 0 0 0 0 0 0 0 0 0 0 0 0 0 0 0 5 0 0 0 0 0 4 10 8 0 2 16 23 0 14 10 8 0 18 8 0 0 0 42 4 11 19 27 15 0 1 0 0 31 0 0 0 0 0 28 1 1 0 0 0 46 9 0 0 0 0 0 0 0 0 0 0 0 0 0 2 21 0 0 0 0 0 0 0 0 0 0 0 0 0 0 0 0 0 0 0 0 0 0 0 0 0 0 13 0 0 0 0 2 0 2 88 0 9 9 0 0 0 0 0 0 0 2 0 0 0 0 0 0 0 0 0 0 0 0 0 0 0 14 13 0 0 0 0 0 0 0 0 0 0 0 0 
 217 472 213 358 146 551 117 257 137 58 178 83 44 45 130 159 159 0 41 34 0 0 0 2 0 2 78 0 0 0 0 2 2 0 0 0 0 0 62 1 0 0 3 0 0 0 0 2 0 0 0 0 0 3 0 0 3 3 0 2 0 0 0 0 0 0 0 3 0 3 0 2 3 0 0 0 0 0 3 0 12 0 25 32 10 22 0 20 16 5 17 10 3 10 35 23 22 1 0 0 9 0 0 0 20 0 0 36 0 12 0 0 12 13 0 0 13 0 0 24 0 0 0 0 19 0 0 0 0 0 0 0 0 0 0 1 0 2 0 0 0 0 2 3 2 0 0 0 0 0 2 0 0 6 0 0 0 0 2 2 2 0 48 30 22 23 0 0 26 0 26 24 1 0 0 14 3 10 0 1 0 12 0 0 0 0 1 0 0 0 0 0 24 20 4 0 0 0 10 0 20 0 0 0 0 0 0 0 0 0 0 0 0 0 1 0 0 0 0 0 0 0 0 0 0 0 0 0 0 0 0 0 0 0 0 0 2 0 0 0 0 0 0 0 0 3 15 0 45 95 7 14 14 0 0 0 0 0 0 0 0 0 1 0 0 0 0 0 0 1 0 0 0 0 0 12 1 10 0 0 0 0 0 0 0 0 0 0 0 0 
 71 118 23 51 51 47 56 146 371 47 37 26 81 290 46 21 45 41 0 106 0 0 0 2 0 2 1 0 1 0 0 0 2 0 0 0 0 0 0 2 0 0 0 0 0 0 0 3 0 0 0 1 0 3 0 0 1 3 0 64 0 0 0 0 0 0 0 3 43 8 0 2 3 0 0 0 0 0 9 0 9 0 2 0 0 0 11 0 15 0 0 0 14 0 1 1 0 0 42 41 0 0 0 0 0 0 0 0 0 0 0 0 0 0 0 0 0 0 6 0 0 0 0 0 0 0 0 0 4 0 0 0 0 0 0 0 0 0 0 0 0 0 12 0 0 0 0 1 0 0 0 0 0 0 0 1 0 0 0 0 19 0 0 0 0 0 22 10 1 36 1 0 6 2 0 6 0 0 0 4 0 0 0 0 0 0 0 0 0 0 0 0 0 0 0 0 0 0 0 0 0 0 0 0 1 0 0 0 0 0 0 1 2 0 0 0 0 0 9 0 0 0 0 0 0 0 0 0 0 0 0 0 0 1 0 0 0 0 0 0 0 0 0 0 0 0 0 2 0 0 0 32 0 0 0 0 0 0 0 0 0 0 22 0 0 0 0 0 0 0 0 0 0 0 0 17 0 0 0 0 0 0 0 2 0 0 0 0 0 0 
 156 183 219 108 99 52 130 73 310 105 115 135 539 153 237 169 237 34 106 0 1 25 0 34 0 76 1 0 1 31 7 3 2 0 25 26 0 22 0 33 0 0 0 0 0 0 62 3 0 1 0 0 0 7 0 0 1 4 0 3 0 0 0 0 0 0 0 5 0 3 0 2 3 0 0 0 0 0 6 0 0 16 34 9 0 0 0 14 10 0 8 0 12 10 0 14 0 12 8 38 0 0 0 0 0 0 0 0 0 0 0 0 0 0 0 0 0 0 0 0 0 0 0 0 0 0 0 0 0 0 0 0 0 0 0 0 0 0 0 0 0 0 2 0 0 0 0 0 0 0 18 0 0 0 0 0 0 0 0 0 26 14 10 0 0 0 8 12 0 0 0 0 0 36 12 0 0 6 11 12 0 0 0 0 0 0 0 0 0 1 0 0 0 0 0 0 0 0 0 0 0 0 0 0 0 0 0 0 0 0 0 0 0 0 0 0 0 0 0 11 0 0 0 0 0 0 0 0 0 0 0 0 0 0 0 0 0 0 0 0 0 0 0 0 0 3 5 0 3 0 2 20 0 0 0 0 0 0 0 2 0 0 2 0 0 0 0 0 0 0 0 0 0 0 0 0 0 0 0 0 0 0 0 0 0 0 0 0 0 0 
 0 0 0 0 92 80 11 1 0 2 74 0 0 2 0 0 111 0 0 1 0 259 282 188 237 39 193 19 50 105 113 32 190 100 54 43 26 110 40 191 0 0 0 0 0 0 0 2 0 1 0 1 2 0 0 3 0 2 0 3 2 7 1 1 0 1 1 8 51 0 3 0 0 0 1 0 1 0 3 0 0 0 0 12 7 10 0 0 0 15 0 0 0 0 0 0 0 0 0 0 0 53 0 25 0 11 31 0 49 12 14 0 22 12 65 14 29 0 7 0 0 0 0 0 0 0 0 0 0 0 0 0 0 0 0 0 0 0 0 2 0 0 0 0 4 6 10 0 0 0 0 0 0 0 0 0 0 0 0 0 0 6 2 2 0 0 0 0 0 4 0 0 0 0 0 0 0 0 0 0 36 9 41 19 0 0 10 44 9 9 13 14 11 12 9 18 39 35 43 15 0 0 0 0 0 0 0 0 0 0 0 0 0 0 0 2 0 0 0 0 0 0 0 0 0 0 1 0 0 1 0 0 2 0 0 0 0 0 0 0 0 9 0 0 0 0 79 0 0 0 0 0 0 0 8 2 0 82 79 0 17 0 0 0 0 0 0 0 0 0 0 0 0 0 0 0 2 0 0 0 0 0 0 0 0 11 0 0 0 0 
 0 0 0 0 1 69 0 2 0 0 0 2 0 2 0 0 0 0 0 25 259 0 434 99 109 108 128 134 136 137 73 251 367 342 429 50 135 229 128 262 1 2 0 1 4 4 0 1 0 2 1 7 6 4 0 9 1 0 0 2 3 5 6 0 2 1 0 0 0 0 0 3 0 0 3 0 0 0 0 1 0 0 0 0 0 13 34 0 0 0 0 8 0 0 0 0 0 0 0 0 29 25 41 11 10 16 27 10 48 32 41 11 8 17 12 7 18 9 18 1 0 0 0 0 0 0 0 0 0 0 0 0 7 0 0 0 0 0 0 0 10 11 0 0 4 20 2 0 0 0 0 0 0 0 1 2 5 0 0 2 0 0 0 0 0 0 0 0 0 0 0 0 0 0 0 0 0 0 0 0 18 0 24 29 0 0 38 24 52 19 0 14 20 14 19 38 10 11 1 35 0 0 0 0 2 0 0 0 0 0 0 0 0 0 0 0 0 1 0 0 2 0 0 0 0 0 0 0 0 0 0 0 0 0 0 0 0 0 1 0 0 0 18 0 0 0 0 0 0 20 0 0 2 0 7 2 0 40 2 2 4 1 0 0 0 0 0 0 0 0 0 0 0 0 0 0 0 0 0 0 0 0 0 0 0 0 0 0 0 0 
 0 0 0 0 0 0 0 0 0 0 0 0 0 3 0 0 0 0 0 0 282 434 0 242 52 92 153 64 88 329 160 153 140 595 80 130 303 72 106 206 0 0 0 0 0 2 0 0 0 1 0 0 62 2 61 3 0 0 0 0 3 0 2 0 2 1 0 0 0 0 0 0 0 0 2 0 1 0 0 0 0 0 0 0 0 0 0 0 0 0 0 0 0 0 0 0 0 1 0 0 45 25 0 27 24 12 12 0 45 0 1 2 0 0 19 6 15 24 6 0 0 0 0 0 0 0 8 0 0 0 0 0 1 4 10 0 0 22 0 22 0 0 0 0 0 0 0 0 0 0 0 0 0 0 0 0 0 2 0 0 0 0 0 0 0 0 0 0 0 1 0 0 0 0 0 0 0 0 0 0 22 0 12 28 1 33 34 61 0 16 0 30 21 0 19 15 47 45 0 22 14 0 0 0 0 0 0 5 0 0 0 0 0 0 5 0 0 0 0 26 0 0 0 1 0 0 0 0 0 0 0 0 10 0 0 0 0 0 0 0 0 0 0 0 0 0 0 0 0 0 0 0 0 0 19 0 3 82 76 2 15 0 2 0 0 0 8 0 0 0 0 0 0 0 0 0 0 0 0 0 0 0 0 0 0 1 1 0 0 0 
 2 2 2 2 4 2 0 2 2 2 2 5 2 1 2 4 2 2 2 34 188 99 242 0 161 190 76 67 77 183 92 107 158 77 160 111 50 268 85 57 0 64 0 0 0 2 26 0 0 1 0 2 68 29 127 3 0 0 86 0 3 4 0 0 2 1 0 0 1 0 0 0 4 0 2 0 0 0 0 0 0 0 0 0 0 8 14 0 0 0 0 16 0 0 0 0 0 0 0 0 0 10 0 9 12 24 0 26 0 1 21 0 0 1 0 1 0 23 9 0 0 0 0 0 0 0 14 0 35 10 0 0 16 19 15 0 27 7 10 17 0 0 0 0 0 1 0 0 0 0 6 0 0 0 0 0 0 16 0 0 0 0 1 1 0 0 0 0 0 0 0 0 0 0 0 0 7 0 0 0 0 11 7 24 17 0 0 10 22 20 28 0 0 17 0 13 2 0 0 0 0 0 10 0 0 0 6 19 0 0 0 0 16 42 7 17 0 0 19 12 0 0 0 0 0 0 2 2 0 0 0 0 15 0 0 0 0 0 0 0 0 0 0 0 0 2 0 0 0 0 0 0 0 0 12 1 2 78 0 0 2 1 0 0 0 0 0 0 0 0 0 0 0 0 0 0 1 0 0 12 0 0 0 0 0 0 0 0 0 0 
 0 0 0 0 0 0 0 2 0 0 0 0 4 4 0 0 208 0 0 0 237 109 52 161 0 121 341 63 188 100 197 59 83 62 110 186 117 30 88 152 81 41 0 63 3 2 65 24 64 64 0 0 132 2 65 3 0 0 3 19 3 1 6 0 2 0 0 0 0 0 0 0 0 0 2 0 51 0 0 0 0 0 0 0 0 0 0 0 0 0 0 0 0 0 0 0 0 0 0 0 0 0 20 0 5 10 4 14 0 21 0 22 0 0 0 0 10 0 0 0 26 11 1 12 8 0 17 24 51 35 15 0 33 19 31 30 58 1 5 21 0 0 0 0 0 0 0 0 0 0 11 0 0 0 0 0 0 0 0 0 0 0 0 0 0 0 0 0 0 0 0 0 0 0 0 0 23 0 0 0 9 0 0 16 15 37 0 0 18 0 13 22 0 0 0 0 0 0 0 0 9 16 34 0 41 0 0 46 19 0 14 0 8 8 8 14 0 12 22 14 0 0 0 0 0 0 0 0 0 10 0 0 0 0 0 0 0 0 0 0 0 0 0 0 0 0 0 0 0 0 0 0 0 0 2 1 0 78 0 4 0 0 0 0 0 0 0 0 0 0 19 0 0 0 0 0 0 0 0 0 0 0 0 0 0 0 20 0 0 0 
 2 2 2 2 79 2 0 2 2 4 2 95 2 0 3 4 2 2 2 76 39 108 92 190 121 0 30 46 128 103 161 147 28 37 274 140 97 124 276 120 1 0 0 0 0 2 32 76 20 0 0 0 93 92 1 3 0 2 68 296 3 0 6 0 2 2 0 0 0 0 0 0 0 0 2 0 0 0 0 0 0 0 0 0 0 0 0 0 0 0 0 0 0 0 0 0 0 0 0 0 0 0 19 0 22 16 3 2 0 18 0 25 0 0 0 5 28 0 0 0 11 0 31 0 0 0 19 13 0 0 0 0 0 9 1 0 0 28 0 0 0 0 2 0 0 0 0 0 0 0 6 0 0 0 0 0 0 10 0 0 0 0 0 0 0 0 0 0 0 0 0 0 0 0 4 0 0 0 0 0 0 0 0 27 0 4 0 0 21 0 29 14 0 0 0 0 13 0 0 0 0 2 10 0 0 0 24 24 0 0 0 0 22 18 0 5 0 17 18 14 0 0 0 0 0 0 0 0 0 0 0 7 0 0 0 0 0 0 0 0 0 0 0 0 0 0 0 0 0 0 0 0 0 0 15 0 1 73 0 0 2 12 0 0 0 0 1 0 0 0 0 0 0 0 0 0 0 0 0 0 0 10 0 0 2 0 19 0 0 0 
 3 2 2 99 151 80 0 3 3 2 193 40 7 6 2 1 4 78 1 1 193 128 153 76 341 30 0 321 52 111 56 39 220 105 35 60 117 30 149 69 63 0 0 0 0 2 0 0 0 63 0 2 0 2 0 3 0 0 0 0 3 1 0 0 2 1 0 0 0 0 0 0 0 0 2 0 0 0 0 0 0 0 0 2 58 12 0 0 0 7 11 18 0 0 0 0 0 0 0 0 10 2 1 0 0 0 35 26 16 0 0 0 27 18 11 1 10 35 20 32 0 0 0 0 0 0 0 0 2 0 0 0 0 0 0 0 0 0 0 1 0 0 0 0 0 1 0 0 0 0 0 0 0 0 0 0 0 0 0 1 0 0 1 11 0 1 0 0 1 0 10 1 0 0 0 0 0 0 0 0 16 50 14 0 1 0 26 46 0 0 1 0 24 17 44 15 16 0 21 0 13 0 0 0 0 0 1 0 0 0 0 0 0 0 0 0 0 0 19 0 0 0 0 0 0 0 2 0 0 0 0 0 0 0 0 0 0 0 0 0 0 0 1 0 0 0 74 0 0 0 0 0 0 0 17 2 1 0 0 0 0 2 0 0 0 0 0 0 0 0 0 0 0 0 0 0 1 0 0 0 0 0 0 0 0 0 0 0 0 0 
 3 6 0 136 62 17 0 0 0 0 77 79 2 3 0 1 0 0 0 0 19 134 64 67 63 46 321 0 149 42 109 39 145 591 66 179 333 43 88 48 0 0 0 0 0 2 0 0 3 62 0 0 13 2 0 3 62 0 0 0 3 1 0 0 2 0 0 0 0 0 0 0 0 0 4 0 0 0 0 0 0 0 0 7 6 13 0 0 2 1 8 5 0 0 0 0 0 1 0 0 22 14 0 0 21 32 6 24 22 40 18 24 7 54 25 0 20 27 9 23 0 0 0 0 0 0 1 1 0 0 0 0 20 0 0 0 0 0 15 11 0 0 0 0 0 0 0 0 0 0 0 0 0 0 0 0 0 0 0 0 0 0 0 7 0 11 0 0 0 13 13 0 0 0 0 0 0 0 0 0 0 70 0 39 0 0 19 0 36 19 1 22 1 0 45 1 0 0 0 30 0 0 0 0 0 0 0 0 0 0 0 0 0 0 0 0 0 0 28 0 0 0 0 0 0 0 0 11 0 0 0 0 0 0 0 0 0 0 0 0 0 0 14 0 0 0 1 0 0 0 0 0 0 0 0 0 0 75 91 0 2 0 0 0 0 0 0 0 0 0 0 0 0 0 0 0 0 0 0 0 0 19 0 0 0 0 0 0 0 0 
 1 2 2 0 1 0 2 1 1 1 0 2 1 3 8 2 2 0 1 1 50 136 88 77 188 128 52 149 0 68 82 130 230 162 178 232 237 37 91 145 0 0 0 31 0 2 0 0 4 0 0 0 128 8 0 3 0 0 1 0 3 0 6 0 2 1 0 0 0 0 0 0 0 0 2 0 9 0 0 0 0 0 0 0 0 0 0 0 0 0 0 0 0 0 0 0 0 0 0 8 0 16 20 12 11 30 4 15 19 58 0 44 0 0 0 0 13 24 0 0 0 0 0 0 0 0 34 19 0 0 0 0 18 0 0 0 0 1 0 19 0 0 0 0 0 1 0 0 7 0 0 0 0 0 0 0 2 20 0 0 0 0 0 0 0 0 0 0 0 0 0 0 0 0 0 0 0 0 0 0 25 0 1 14 15 4 0 0 39 0 23 41 0 0 0 24 0 0 0 4 0 0 25 0 0 0 0 21 0 0 0 0 0 0 0 0 2 1 28 0 0 0 0 0 0 0 0 0 0 0 1 0 0 0 0 0 0 0 0 2 0 0 0 0 0 0 0 0 0 1 0 0 0 0 2 0 0 76 11 2 2 12 0 0 0 0 0 0 0 0 0 0 0 0 0 0 0 0 0 0 0 17 0 0 0 0 20 0 0 0 
 0 0 0 0 76 0 0 1 0 0 0 0 0 0 0 0 0 0 0 31 105 137 329 183 100 103 111 42 68 0 70 178 63 471 394 163 99 130 427 175 0 0 0 0 1 2 0 0 0 0 0 0 62 64 0 6 0 1 71 0 3 3 0 0 2 2 0 0 0 0 3 0 0 0 2 2 0 0 0 0 0 0 0 0 0 28 0 0 0 0 0 0 0 0 0 0 0 0 0 0 33 0 27 27 22 35 13 0 22 0 13 12 0 10 0 7 0 42 31 9 0 0 0 0 0 0 0 0 0 0 0 0 13 0 0 0 0 1 0 2 0 0 0 0 0 0 0 0 0 0 0 0 0 0 0 0 0 8 0 0 0 0 0 0 0 0 0 0 0 0 0 0 0 0 0 0 0 0 0 0 19 0 22 1 0 10 15 36 2 15 29 10 9 41 26 38 12 0 18 37 0 1 0 0 0 0 20 0 0 0 0 0 15 19 0 1 0 0 12 0 0 0 0 0 0 0 0 0 0 0 0 0 0 0 0 0 0 0 0 0 0 0 19 0 0 0 0 0 0 0 2 0 0 0 0 0 0 0 1 0 0 13 0 0 0 0 0 0 0 0 0 0 0 0 0 0 0 0 0 0 0 10 0 0 0 0 0 0 0 0 
 2 0 0 0 0 1 0 2 1 208 0 0 208 4 2 0 3 0 0 7 113 73 160 92 197 161 56 109 82 70 0 166 159 104 454 119 85 66 43 132 64 136 0 0 0 2 31 24 9 0 0 0 159 133 63 3 0 0 193 0 3 0 0 0 2 1 0 0 0 0 0 0 0 0 2 0 0 0 3 0 0 0 0 0 0 0 0 0 0 0 0 0 17 0 1 0 0 0 0 0 0 14 0 28 0 1 0 15 25 9 16 18 8 0 0 1 15 1 18 0 0 0 7 0 0 0 7 0 11 10 0 12 0 0 20 0 1 15 6 12 0 0 0 0 6 5 1 0 0 0 0 0 0 0 0 0 0 0 0 0 0 0 0 0 0 0 0 0 0 0 0 0 0 0 0 0 12 0 0 0 1 0 3 0 28 0 0 0 34 10 26 41 10 0 0 0 0 16 0 0 0 20 0 0 0 0 13 27 2 13 0 0 11 19 0 14 0 9 16 10 0 0 0 0 0 0 0 0 0 0 0 0 0 0 0 0 0 0 0 0 0 0 12 0 0 0 0 0 0 0 0 0 0 0 15 0 0 1 39 1 3 0 0 0 0 0 0 0 0 0 0 0 0 0 0 0 0 0 0 0 0 17 0 0 0 0 0 0 0 0 
 1 5 0 0 0 0 0 0 1 0 0 0 0 0 0 2 2 2 0 3 32 251 153 107 59 147 39 39 130 178 166 0 145 116 124 298 148 241 36 37 0 2 0 2 3 2 0 0 0 0 2 0 59 2 3 3 0 1 24 2 5 2 0 0 2 2 0 0 0 0 4 0 2 0 5 2 57 4 0 2 0 0 0 0 0 0 2 2 0 19 0 0 9 0 0 0 0 0 1 0 2 12 7 0 15 25 0 14 0 17 12 20 0 0 0 0 20 11 0 0 0 0 0 0 2 0 13 0 0 0 0 0 15 8 22 1 0 38 10 22 0 0 0 0 4 0 0 0 0 0 0 4 0 0 0 0 0 16 0 0 0 0 0 0 0 0 0 0 0 0 0 0 1 0 0 1 0 1 2 0 0 18 0 34 37 2 2 0 11 13 11 1 0 21 0 1 43 14 0 0 0 14 0 0 0 0 10 0 0 0 2 0 0 83 0 0 0 0 19 39 0 0 0 0 0 13 0 0 0 0 0 0 0 0 0 0 0 0 0 0 0 0 0 0 0 0 1 0 0 0 0 0 0 18 13 2 0 74 0 0 5 2 0 0 0 0 13 0 0 0 0 0 0 0 0 0 0 0 0 11 0 3 0 0 0 0 0 0 0 0 
 2 2 2 4 112 4 2 2 25 2 2 80 4 6 77 82 77 2 2 2 190 367 140 158 83 28 220 145 230 63 159 145 0 174 237 322 30 52 162 142 0 0 0 0 0 3 0 0 8 62 30 0 9 2 0 3 4 0 0 0 3 0 0 0 2 1 0 50 5 0 0 0 0 0 2 0 0 0 0 0 0 0 0 13 0 0 0 0 1 0 0 12 0 0 0 0 0 31 0 0 31 40 0 12 0 13 0 24 31 0 12 21 8 25 1 0 13 58 15 0 0 0 4 0 0 0 0 0 0 0 0 0 0 0 0 0 1 0 0 0 0 0 0 0 4 2 0 0 1 0 0 0 1 0 0 0 0 0 0 0 0 0 0 0 0 0 0 0 0 0 0 0 0 0 0 0 0 0 0 0 24 77 2 1 16 0 13 1 35 14 20 26 28 26 1 19 0 23 0 31 0 0 2 0 0 0 0 0 0 0 0 0 0 0 0 0 0 11 0 2 0 0 0 0 0 0 0 0 0 0 0 0 0 0 0 0 0 0 0 0 0 0 14 0 0 0 0 0 0 78 0 0 0 0 14 1 0 43 82 0 6 0 0 0 0 0 0 0 0 0 0 2 0 0 0 0 0 0 0 10 0 19 0 0 9 0 0 0 0 0 
 0 0 0 0 125 3 0 0 0 74 6 2 0 0 0 0 0 0 0 0 100 342 595 77 62 37 105 591 162 471 104 116 174 0 286 135 111 39 205 172 1 0 0 0 0 2 0 2 39 66 0 0 10 9 0 2 0 72 26 0 3 1 0 0 2 3 0 0 5 0 0 0 0 0 2 0 0 0 0 0 0 0 0 0 0 0 0 0 0 11 0 0 0 0 0 0 0 0 0 0 34 2 8 28 35 26 14 29 23 15 0 9 0 9 10 0 0 83 22 0 0 0 0 0 0 0 1 1 0 0 0 0 22 0 0 0 0 0 2 0 0 0 0 0 0 0 0 0 0 0 0 0 0 0 0 0 3 0 0 0 0 0 0 0 0 1 0 0 0 0 3 0 0 0 0 0 0 0 0 0 16 35 36 12 11 4 22 0 16 29 29 20 15 12 84 29 55 0 15 14 0 0 0 0 0 3 0 0 0 0 0 0 0 0 0 0 0 0 23 0 0 0 0 0 0 0 0 0 0 0 0 0 0 0 0 0 0 0 0 0 0 0 0 0 0 0 0 0 0 0 0 0 0 0 7 0 4 1 85 0 1 0 0 0 0 0 0 0 0 0 0 0 0 16 0 0 0 0 0 1 0 18 0 0 0 0 0 0 0 0 
 0 0 0 0 0 1 78 0 0 2 0 2 0 0 0 0 164 0 0 25 54 429 80 160 110 274 35 66 178 394 454 124 237 286 0 434 147 296 294 154 0 0 0 0 0 2 0 0 2 1 0 1 5 2 0 3 63 0 0 0 3 3 0 0 2 1 0 0 0 0 0 0 0 0 2 0 0 0 0 0 0 0 0 0 0 22 9 0 0 0 0 0 0 0 0 0 0 0 0 29 26 23 28 61 46 25 1 1 23 13 27 23 0 3 14 0 1 16 10 1 2 0 0 0 0 0 0 4 0 0 0 0 38 0 0 0 0 0 9 12 0 0 2 0 0 0 0 0 0 0 2 0 0 0 0 20 0 0 0 0 12 0 0 0 0 0 0 0 0 25 0 0 0 0 0 0 0 0 0 0 10 0 8 46 0 30 0 11 86 38 1 42 16 0 15 0 0 9 0 27 0 3 0 0 0 0 1 0 0 0 0 0 0 10 0 0 0 0 60 0 0 0 0 0 0 0 0 0 0 0 0 0 0 0 0 0 0 0 0 0 0 0 14 0 0 0 0 0 0 0 0 0 0 0 9 0 0 152 76 0 3 0 0 0 0 0 0 0 0 0 0 0 0 0 0 0 0 0 0 0 0 19 0 0 0 0 0 0 0 0 
 0 2 0 0 1 0 2 0 0 0 0 2 0 4 0 1 0 0 0 26 43 50 130 111 186 140 60 179 232 163 119 298 322 135 434 0 167 250 36 124 0 0 0 0 0 2 0 0 6 0 0 0 8 2 0 3 1 2 5 0 3 4 3 0 2 1 0 0 0 0 0 0 0 0 2 0 0 0 0 0 5 0 0 0 2 0 0 0 0 0 0 0 0 0 0 0 0 0 0 0 14 26 37 30 39 60 8 61 16 75 33 33 0 3 0 0 0 30 0 0 0 0 0 0 0 0 0 0 0 0 0 0 21 0 0 0 0 0 12 10 0 0 0 0 0 0 4 2 0 0 0 0 0 0 0 0 0 0 0 0 0 0 0 0 0 1 48 0 0 0 0 0 0 1 0 0 0 0 0 0 0 23 10 22 73 0 14 0 60 18 0 26 0 15 0 15 0 0 0 1 0 0 0 0 0 0 1 0 0 0 0 1 0 0 0 0 0 0 2 0 0 0 2 0 0 0 0 0 0 0 0 0 0 0 0 0 0 0 0 0 0 0 0 0 0 0 0 0 0 0 0 0 0 0 10 0 1 41 7 0 9 0 0 0 0 0 0 0 0 0 0 0 0 0 0 0 0 0 0 9 0 7 0 0 0 0 0 0 0 0 
 3 0 88 0 8 0 0 0 1 0 1 2 0 2 0 2 1 0 0 0 26 135 303 50 117 97 117 333 237 99 85 148 30 111 147 167 0 151 104 318 1 0 63 0 0 2 0 0 0 0 0 0 67 2 0 3 0 1 1 0 3 0 0 0 2 2 0 0 0 0 0 0 0 0 2 0 9 5 0 0 0 0 0 0 1 11 2 2 0 1 0 0 1 0 0 0 0 0 28 0 14 20 65 13 14 18 4 0 0 38 1 19 13 8 0 15 1 18 10 15 0 2 0 0 2 0 59 23 0 0 1 0 20 0 8 2 0 0 0 18 0 17 0 0 0 0 4 0 0 0 0 0 0 0 0 0 0 0 0 0 0 1 0 0 0 0 0 0 0 2 0 0 10 0 0 0 0 0 2 0 0 0 0 0 21 31 10 11 0 9 0 12 1 11 9 38 38 78 6 0 14 0 0 0 0 0 1 0 0 0 0 0 0 0 0 0 0 0 17 8 0 0 0 0 0 0 12 0 0 0 0 0 0 0 0 0 0 0 0 0 0 0 1 0 0 0 1 0 0 0 0 0 0 2 6 0 1 2 75 0 21 2 0 0 0 0 11 0 0 0 0 0 0 0 0 0 0 0 0 0 0 1 0 0 0 0 0 0 0 0 
 0 0 0 0 0 83 0 0 0 0 1 1 0 2 0 0 0 0 0 22 110 229 72 268 30 124 30 43 37 130 66 241 52 39 296 250 151 0 241 176 0 0 0 0 0 2 0 0 0 1 0 0 61 64 0 3 0 0 121 0 3 3 0 0 2 1 48 0 0 0 0 0 0 0 2 0 0 0 0 0 0 0 0 0 0 10 0 0 0 0 0 0 0 0 0 0 0 0 0 0 0 13 14 12 22 42 14 0 6 21 33 2 0 0 16 0 13 0 0 0 0 0 0 0 0 0 0 2 0 0 0 0 24 7 0 0 0 21 10 10 0 0 0 0 0 2 0 0 0 0 0 0 0 0 0 0 0 11 0 0 0 0 2 0 0 0 0 0 0 1 0 0 15 0 0 0 0 0 0 0 0 0 23 98 1 0 0 29 26 36 14 0 0 0 9 9 26 15 0 0 0 0 0 0 0 0 9 0 0 0 0 0 13 8 0 0 0 0 37 4 0 0 0 0 0 0 18 0 0 0 0 0 0 0 0 0 0 0 0 0 0 0 0 0 0 1 0 0 0 0 0 0 0 0 1 4 0 75 71 3 14 12 0 0 0 0 0 0 0 0 0 0 0 0 0 0 1 0 0 0 0 12 0 0 0 0 0 0 0 0 
 75 1 3 0 99 1 0 0 0 1 243 76 202 0 75 30 73 62 0 0 40 128 106 85 88 276 149 88 91 427 43 36 162 205 294 36 104 241 0 93 4 12 6 0 0 5 0 0 0 0 3 0 0 2 2 4 0 3 1 1 5 2 4 0 5 1 1 0 0 14 0 1 0 0 2 28 2 0 0 0 0 0 7 0 0 0 0 11 0 0 0 1 0 10 3 0 13 0 0 0 30 0 1 0 0 0 21 49 12 0 0 0 11 11 41 7 0 11 8 18 0 0 0 0 0 0 0 0 0 0 0 0 10 0 0 0 0 0 0 0 0 0 0 0 0 0 0 0 0 0 0 0 0 0 0 0 0 0 0 0 0 0 12 10 0 19 0 0 5 0 31 10 0 0 0 0 8 0 0 0 6 13 20 17 1 0 8 10 0 0 0 0 23 0 39 13 13 0 28 14 0 0 0 0 0 0 0 0 0 0 0 0 0 0 0 0 0 0 0 0 0 0 0 0 0 0 0 0 0 0 0 0 0 0 0 0 0 0 0 0 0 0 0 0 0 0 74 0 0 64 0 0 7 2 11 4 1 2 0 0 4 1 0 0 0 0 0 0 0 0 0 0 0 0 0 0 0 0 0 1 0 0 0 0 0 0 0 0 0 0 
 2 1 2 2 74 1 2 1 1 74 0 6 3 3 3 1 1 1 2 33 191 262 206 57 152 120 69 48 145 175 132 37 142 172 154 124 318 176 93 0 0 0 0 0 64 2 0 0 0 0 0 0 0 2 0 3 0 1 1 0 3 2 0 0 2 2 0 0 0 0 0 0 0 0 2 0 0 0 0 0 0 0 0 0 3 0 0 0 0 0 0 1 0 0 0 0 0 0 0 0 21 22 7 42 9 28 50 21 25 25 23 0 1 1 26 0 19 0 6 0 0 0 0 0 0 0 0 0 0 0 0 0 0 0 0 0 0 0 0 0 0 0 0 0 0 0 0 0 0 0 0 0 0 0 0 0 0 0 0 0 0 0 0 0 0 0 0 0 0 6 0 0 0 0 0 14 0 1 0 0 17 0 14 30 0 0 9 37 12 25 0 12 12 0 16 14 28 27 14 18 0 0 0 0 0 0 0 0 0 0 0 1 9 0 0 0 0 0 0 0 0 0 15 0 0 0 0 0 0 0 0 12 0 0 0 0 0 13 0 0 0 0 0 0 0 0 2 0 0 0 0 0 0 0 3 0 0 76 40 0 14 1 0 0 0 0 0 0 0 0 0 0 0 0 0 0 0 0 0 0 0 0 0 0 0 10 0 0 0 2 
 2 0 0 6 0 5 1 0 0 0 0 0 0 3 0 6 5 0 0 0 0 1 0 0 81 1 63 0 0 0 64 0 0 1 0 0 1 0 4 0 0 327 421 44 37 241 65 276 188 50 37 32 60 81 81 75 104 316 463 180 0 0 0 0 0 0 0 0 0 0 0 1 9 0 0 0 0 0 0 0 0 12 0 6 10 0 0 0 0 3 8 5 0 0 0 0 0 0 0 0 0 0 0 0 0 0 0 0 0 0 0 0 0 0 0 0 0 0 0 0 9 8 10 19 0 0 0 18 1 0 35 0 10 13 17 32 27 32 6 1 0 0 0 0 0 0 9 10 0 0 0 0 0 0 0 0 0 7 0 25 0 37 0 1 5 31 6 0 1 0 3 0 0 1 0 0 0 10 0 0 15 0 0 0 0 51 0 0 0 0 0 1 0 0 0 0 0 0 0 0 9 21 0 10 45 19 11 13 18 27 0 23 19 9 8 0 17 14 0 26 8 0 0 0 0 0 0 0 0 0 0 0 0 0 0 0 0 0 0 0 0 0 0 0 0 0 0 0 0 0 0 2 0 2 0 0 0 0 0 20 0 0 2 0 2 0 0 42 0 0 10 0 0 0 0 0 0 0 0 0 0 0 0 0 0 10 0 0 0 0 
 0 0 1 0 0 2 0 0 0 0 0 0 0 0 0 2 3 0 0 0 0 2 0 64 41 0 0 0 0 0 136 2 0 0 0 0 0 0 12 0 327 0 335 72 38 26 152 360 120 121 297 25 127 70 58 35 91 152 58 45 3 0 0 3 0 2 0 0 27 0 0 0 51 0 4 0 0 2 0 0 4 0 0 0 0 0 0 0 0 0 0 0 0 0 0 0 0 0 0 0 0 0 0 0 0 0 0 0 0 0 0 0 0 0 0 0 0 0 0 0 10 4 11 0 8 0 7 7 62 11 15 20 0 13 6 53 0 36 11 4 3 0 0 0 0 0 0 0 0 0 0 0 39 0 0 0 0 0 20 0 0 0 0 0 0 12 0 0 0 0 0 0 0 0 0 0 2 0 5 0 0 0 0 0 35 0 0 0 0 0 0 0 0 0 0 0 0 3 0 0 0 8 34 13 0 7 0 4 8 33 10 0 9 8 0 23 0 17 0 0 0 0 0 0 0 0 18 0 0 0 0 0 0 0 0 1 0 0 3 14 0 0 7 0 0 0 0 0 0 0 0 8 0 0 0 0 0 0 0 0 0 0 2 0 0 2 2 0 0 0 0 0 0 0 0 0 0 0 0 0 0 0 0 0 9 0 0 0 0 0 
 8 0 0 1 0 0 6 0 0 18 0 0 0 2 7 0 2 3 0 0 0 0 0 0 0 0 0 0 0 0 0 0 0 0 0 0 63 0 6 0 421 335 0 82 55 271 76 180 101 137 95 51 68 120 232 272 173 494 106 54 1 0 0 0 16 7 1 0 0 0 0 6 53 0 0 0 1 0 56 0 5 0 0 0 0 0 0 0 0 0 1 1 16 0 0 10 0 5 0 0 0 0 0 0 0 0 0 0 0 0 0 0 0 0 0 0 0 0 0 0 13 31 0 19 15 30 0 0 0 13 0 3 0 0 8 14 38 23 0 0 23 0 0 0 0 0 18 8 0 0 0 0 16 26 0 0 0 14 4 10 7 6 3 8 0 6 7 4 34 0 0 6 18 13 0 0 5 1 0 0 0 0 0 0 0 6 0 0 0 0 1 0 0 0 0 0 0 0 0 6 29 1 0 15 1 24 8 20 0 17 42 15 6 12 18 0 6 22 1 9 7 0 0 0 0 0 11 0 0 0 0 0 13 19 0 0 0 0 0 9 0 0 0 0 0 0 0 0 0 0 0 12 0 1 0 0 0 0 0 5 0 0 48 75 2 16 0 1 0 0 0 0 0 0 0 0 0 0 0 0 0 0 0 0 10 0 0 0 0 0 
 0 1 0 0 0 0 0 0 0 0 0 0 0 58 0 0 0 0 0 0 0 1 0 0 63 0 0 0 31 0 0 2 0 0 0 0 0 0 0 0 44 72 82 0 96 101 126 299 97 179 145 98 71 86 61 229 124 148 52 134 30 0 0 3 0 2 62 0 0 3 4 4 35 54 0 0 2 1 55 0 0 0 0 0 0 0 0 0 0 0 0 0 0 0 0 0 0 0 0 0 0 0 0 0 0 0 0 0 0 0 0 0 0 0 0 0 0 0 0 0 0 34 28 0 15 60 7 0 5 11 0 20 11 12 0 0 0 12 0 0 0 13 1 0 0 1 6 0 7 0 0 37 19 1 0 12 0 1 22 7 0 0 0 0 0 4 0 0 0 0 0 0 0 0 0 0 0 0 0 0 0 0 0 0 0 0 0 0 0 0 0 0 0 0 0 0 0 0 0 0 0 1 8 0 8 7 11 6 17 27 19 20 15 0 10 14 36 20 0 0 0 20 7 0 0 0 0 0 7 2 4 4 0 0 8 0 0 0 0 0 0 0 0 0 0 0 0 0 0 0 0 14 0 0 0 0 0 0 0 10 0 0 0 2 65 1 3 1 44 11 0 0 0 0 0 3 0 0 0 0 0 0 0 0 11 14 0 12 0 0 
 0 0 0 0 0 0 0 0 0 0 0 4 0 0 0 0 0 0 0 0 0 4 0 0 3 0 0 0 0 1 0 3 0 0 0 0 0 0 0 64 37 38 55 96 0 136 49 71 60 69 71 134 75 72 177 129 111 113 51 87 67 50 85 3 6 3 2 0 0 0 0 1 1 51 1 0 11 2 50 51 0 0 0 0 0 0 0 0 0 0 0 0 0 29 0 0 0 0 0 0 0 0 0 0 0 0 0 0 0 0 0 0 0 0 0 0 0 0 0 0 10 47 5 0 21 24 0 0 6 0 4 5 0 0 0 27 0 8 0 0 11 1 16 0 0 0 11 23 22 0 1 0 0 0 4 24 13 8 22 11 0 0 0 0 0 0 0 0 0 0 0 3 0 0 0 0 0 0 0 0 0 0 0 0 0 0 0 0 0 0 0 0 0 0 0 0 0 0 0 0 0 5 13 5 9 0 4 0 4 0 8 0 0 0 1 27 4 10 0 0 21 31 45 0 0 0 9 16 13 9 0 4 11 0 7 15 14 14 19 20 7 0 0 0 0 0 0 0 0 0 0 2 0 0 0 0 0 0 0 1 0 1 66 0 5 0 2 0 0 0 0 0 0 0 0 0 0 0 0 0 0 3 0 0 0 0 0 0 0 0 
 0 0 0 0 0 0 0 0 0 0 0 0 0 3 0 0 0 0 0 0 0 4 2 2 2 2 2 2 2 2 2 2 3 2 2 2 2 2 5 2 241 26 271 101 136 0 43 54 34 71 321 419 44 59 45 279 76 78 56 46 109 60 1 0 0 0 3 0 6 0 0 0 104 44 67 0 4 0 56 0 0 0 0 0 0 0 0 0 0 0 0 0 0 0 7 0 0 0 0 0 0 0 0 0 0 0 0 0 0 0 0 0 0 0 0 0 0 0 0 0 0 0 0 10 7 1 0 0 0 0 9 15 0 0 0 0 0 0 0 0 12 16 14 0 0 0 23 0 8 18 0 0 8 10 9 40 0 0 13 19 0 0 0 0 0 0 0 0 0 11 0 0 0 0 0 0 0 0 0 0 0 0 0 0 0 0 0 0 0 0 0 0 0 0 0 0 0 0 0 1 0 0 0 12 18 0 0 0 0 0 0 2 0 0 0 0 0 10 0 0 13 22 0 0 0 0 14 9 8 0 0 0 7 16 17 8 0 0 58 12 0 0 0 0 0 1 0 0 0 0 0 8 0 0 0 0 0 0 0 0 0 0 61 0 4 0 1 0 0 0 0 0 0 0 0 0 0 0 0 0 0 0 0 0 9 0 0 0 0 0 
 0 62 0 0 0 2 0 0 0 0 0 65 0 0 0 3 0 0 0 62 0 0 0 26 65 32 0 0 0 0 31 0 0 0 0 0 0 0 0 0 65 152 76 126 49 43 0 143 97 34 36 101 120 48 33 104 101 107 141 118 0 0 1 3 1 1 0 0 0 2 3 0 5 0 0 0 2 1 0 0 0 0 0 0 0 0 0 0 0 0 0 0 0 0 0 0 0 0 0 0 0 0 0 0 0 0 0 0 0 0 0 0 0 0 0 0 0 0 0 0 1 14 17 14 10 9 44 0 8 3 6 7 0 9 14 13 23 10 37 0 0 0 0 0 0 0 13 11 0 0 0 5 2 0 0 0 0 7 18 7 0 0 0 9 0 0 0 0 0 0 0 0 0 0 0 0 6 0 0 0 0 0 0 0 21 1 0 0 0 14 15 0 0 0 0 0 0 0 0 0 5 1 13 0 8 13 6 24 6 15 36 25 22 0 0 16 44 0 11 13 24 0 0 0 0 0 0 7 0 0 0 0 0 0 0 0 0 0 5 1 0 0 0 0 0 0 0 0 0 0 0 6 0 1 0 0 0 0 0 0 0 0 0 0 67 1 2 42 0 0 0 0 0 2 0 0 0 0 0 0 0 0 0 0 13 21 0 13 0 0 
 3 3 2 37 3 5 0 2 2 2 2 5 2 4 2 3 2 2 3 3 2 1 0 0 24 76 0 0 0 0 24 0 0 2 0 0 0 0 0 0 276 360 180 299 71 54 143 0 262 429 332 44 190 451 197 245 325 170 137 54 1 6 0 7 8 9 3 0 5 8 5 29 0 0 3 0 17 6 7 0 0 0 0 0 0 0 0 0 0 0 0 0 0 0 0 0 5 0 0 0 0 0 0 0 0 0 0 0 0 0 0 0 0 0 0 0 0 0 0 0 15 0 3 36 8 1 0 18 15 34 15 3 0 20 62 33 35 17 7 0 0 0 0 0 0 2 19 3 0 0 32 0 8 25 0 0 0 8 0 24 0 6 0 0 0 6 7 22 0 0 0 4 9 13 0 0 0 0 0 3 0 0 0 0 0 20 0 0 0 0 12 46 0 0 0 0 0 0 0 0 8 0 11 9 29 13 10 70 19 4 27 13 0 13 0 28 0 9 0 18 2 0 0 0 0 0 0 0 0 5 8 24 15 19 0 0 0 0 0 0 0 0 0 0 0 0 0 0 0 0 0 9 0 0 0 0 0 0 0 2 0 0 0 71 0 15 10 64 2 0 48 0 0 0 0 4 0 0 0 0 0 0 0 0 0 7 0 0 0 0 
 0 0 0 0 0 3 0 1 0 0 0 0 0 1 0 0 0 0 0 0 0 0 0 0 64 20 0 3 4 0 9 0 8 39 2 6 0 0 0 0 188 120 101 97 60 34 97 262 0 162 130 40 199 131 94 218 118 37 79 254 1 0 0 0 1 0 0 0 0 0 0 0 4 0 0 0 0 2 0 0 0 0 0 0 0 0 0 0 0 0 0 0 0 0 0 0 0 0 0 0 0 4 0 6 2 12 0 7 3 39 0 4 0 0 0 0 0 65 0 0 20 0 20 20 0 1 1 16 8 4 27 9 18 0 20 49 19 0 23 0 0 0 0 0 0 0 27 14 0 0 3 0 9 0 0 37 0 9 0 15 0 0 0 0 0 0 10 0 0 0 0 0 0 0 3 0 1 0 0 0 0 0 4 0 7 18 0 0 8 2 8 14 0 0 0 0 0 0 0 0 6 16 9 23 22 14 20 24 22 9 0 9 13 0 6 24 10 14 3 2 6 0 0 0 0 0 0 0 0 0 0 0 0 0 0 0 0 0 11 0 0 0 0 0 0 0 0 0 0 0 0 5 0 1 0 0 0 0 3 0 0 0 0 0 0 0 5 3 0 0 54 0 0 0 0 0 0 0 0 0 0 5 0 0 0 2 0 0 0 0 
 0 0 0 64 65 54 0 2 0 0 0 0 4 0 0 0 2 0 0 1 1 2 1 1 64 0 63 62 0 0 0 0 62 66 1 0 0 1 0 0 50 121 137 179 69 71 34 429 162 0 307 47 269 83 176 232 181 263 78 165 0 0 0 0 0 0 54 0 9 0 0 0 1 0 0 0 0 0 51 0 0 0 0 0 18 0 0 0 0 0 14 0 0 0 0 0 0 0 0 0 0 9 0 0 0 0 0 0 7 0 0 0 0 1 10 0 0 24 7 10 6 0 0 23 6 16 0 11 9 23 18 20 10 3 7 10 0 0 7 0 0 10 0 0 0 0 0 0 0 0 0 0 15 10 0 0 0 0 0 27 0 10 0 0 0 7 0 2 0 0 0 0 1 4 0 0 0 0 0 0 10 31 0 0 0 11 0 0 0 0 8 0 0 2 0 13 0 0 0 0 9 11 0 10 5 0 0 9 10 11 10 10 0 0 7 11 1 0 28 9 0 0 0 0 0 0 0 0 0 0 0 0 0 7 0 9 0 0 10 0 0 0 0 0 0 0 0 0 0 0 0 1 0 0 0 0 0 0 0 11 0 0 65 36 1 13 0 0 2 0 6 0 0 0 0 0 0 0 0 0 0 0 0 0 1 11 0 0 0 0 
 0 0 0 47 0 0 0 0 0 0 0 0 1 2 0 0 0 0 0 0 0 1 0 0 0 0 0 0 0 0 0 2 30 0 0 0 0 0 3 0 37 297 95 145 71 321 36 332 130 307 0 55 52 47 134 163 170 135 33 73 50 0 0 0 9 10 49 0 0 0 0 7 116 0 0 1 0 0 22 0 0 0 0 0 0 0 0 0 0 0 0 0 0 0 0 0 0 0 0 0 0 0 0 0 0 0 0 0 0 0 0 0 0 0 0 0 0 0 0 0 0 32 7 26 14 30 0 0 0 0 15 21 0 0 0 32 20 8 0 0 44 20 1 0 0 0 22 12 0 0 0 0 6 20 0 0 0 7 5 12 0 3 0 0 0 10 0 8 0 0 0 0 0 5 0 0 0 0 0 0 0 52 0 0 0 0 0 0 0 0 0 0 0 0 0 0 1 0 0 0 0 0 0 17 63 7 0 18 0 0 41 0 0 0 0 0 0 15 0 0 32 2 0 0 0 0 6 1 0 0 0 0 24 76 61 9 0 0 0 20 0 0 0 0 0 0 0 0 0 0 0 10 0 0 0 0 0 0 0 8 0 0 0 64 0 13 0 1 0 0 0 0 0 0 0 0 0 0 0 0 0 0 0 0 9 14 0 0 0 0 
 0 0 0 0 0 0 2 0 0 45 0 0 0 0 3 4 0 0 1 0 1 7 0 2 0 0 2 0 0 0 0 0 0 0 1 0 0 0 0 0 32 25 51 98 134 419 101 44 40 47 55 0 47 56 29 77 74 89 24 114 52 3 51 0 0 0 0 0 69 0 3 0 0 134 0 0 57 6 0 0 0 0 0 0 0 0 3 0 0 0 0 0 0 0 0 0 0 0 0 0 0 0 0 0 0 0 0 0 0 0 0 0 0 0 0 0 0 0 0 0 0 19 0 0 0 14 0 0 1 9 9 0 0 4 0 0 0 23 0 0 0 0 15 0 0 0 0 18 6 0 0 0 6 14 0 18 0 0 43 1 0 0 0 0 0 0 0 0 0 0 0 2 0 0 0 0 0 0 0 0 0 1 0 0 0 0 0 0 0 0 0 0 1 0 0 0 0 0 0 0 0 7 15 0 0 0 0 0 0 0 5 0 1 0 0 0 1 0 0 0 10 11 7 0 0 0 0 11 6 14 1 0 11 1 0 10 27 11 27 12 8 0 0 0 0 0 0 0 0 0 0 6 0 0 1 0 0 0 0 2 3 19 12 0 13 1 0 1 0 0 0 0 0 0 0 0 0 0 0 0 0 0 0 0 2 0 0 15 0 0 
 0 2 0 5 0 0 0 0 0 0 0 0 0 66 0 0 0 0 0 0 2 6 62 68 132 93 0 13 128 62 159 59 9 10 5 8 67 61 0 0 60 127 68 71 75 44 120 190 199 269 52 47 0 111 103 246 36 38 199 85 0 51 0 0 0 0 0 0 0 0 0 0 0 0 0 0 0 0 0 0 0 0 0 0 0 0 0 0 0 0 0 0 0 0 0 0 0 0 0 0 0 10 0 4 12 22 0 4 12 10 0 19 0 0 0 0 0 8 0 0 0 0 10 5 0 0 53 20 53 10 0 1 0 11 33 0 9 19 1 8 0 0 0 0 0 0 0 0 0 0 4 0 0 0 0 12 0 2 0 0 0 0 0 0 0 0 0 0 0 0 0 0 0 0 0 0 6 0 0 0 0 0 22 0 70 0 0 0 15 0 20 43 0 0 0 0 36 11 0 0 1 0 10 0 0 1 6 27 0 0 0 0 11 14 19 16 1 0 25 15 0 0 0 0 0 0 0 0 0 0 0 0 0 0 0 0 20 0 0 0 0 0 1 0 0 0 0 0 0 0 0 7 2 0 0 0 0 0 8 0 0 0 2 0 0 2 10 0 2 0 0 0 0 0 0 0 0 0 0 0 0 3 0 0 0 0 0 0 0 0 
 3 3 3 3 3 3 0 3 2 3 3 6 3 4 2 3 6 3 3 7 0 4 2 29 2 92 2 2 8 64 133 2 2 9 2 2 2 64 2 2 81 70 120 86 72 59 48 451 131 83 47 56 111 0 194 38 55 44 180 179 7 0 0 0 0 0 0 0 0 0 0 0 0 0 0 0 0 67 0 0 0 0 0 0 0 0 0 0 0 0 0 0 0 0 0 0 0 0 0 0 0 0 0 4 18 13 0 4 0 7 0 1 0 0 0 0 0 0 0 0 30 0 55 0 0 0 10 11 15 20 9 4 0 21 24 5 6 23 35 4 0 0 0 0 8 0 0 0 0 0 5 0 0 0 0 0 0 6 1 0 0 0 0 0 0 0 0 0 0 0 0 0 0 0 3 0 0 0 0 0 0 0 4 0 34 5 0 0 0 3 9 2 0 0 0 0 0 0 0 0 0 9 29 0 1 0 33 1 0 8 0 0 57 53 2 6 9 22 10 6 0 0 0 0 0 0 0 0 0 0 0 0 0 0 0 0 0 0 18 0 0 0 6 0 0 0 0 0 0 0 0 4 0 0 0 0 0 0 0 0 0 0 2 0 0 0 0 0 2 0 0 0 0 0 0 0 0 0 0 0 0 0 0 0 0 0 0 0 0 0 
 0 0 0 0 0 0 0 1 0 0 0 0 0 3 0 0 2 0 0 0 0 0 61 127 65 1 0 0 0 0 63 3 0 0 0 0 0 0 2 0 81 58 232 61 177 45 33 197 94 176 134 29 103 194 0 411 112 163 177 377 1 2 0 3 17 3 0 0 0 0 4 3 9 0 0 0 0 0 2 0 0 0 0 0 0 0 0 0 0 0 0 0 0 0 0 0 0 0 0 0 0 0 0 0 8 0 0 0 0 0 0 0 0 0 0 0 0 25 0 1 1 1 10 31 2 15 0 14 19 15 0 16 0 22 13 0 7 8 7 0 4 0 9 0 0 0 0 0 0 0 8 0 5 21 0 0 0 19 3 9 25 6 0 0 0 5 9 4 0 0 0 0 11 31 0 0 0 0 0 0 0 0 0 0 0 23 0 0 0 0 0 1 0 0 0 0 44 0 0 0 1 0 3 11 0 1 12 1 2 2 21 11 31 9 3 1 12 17 0 13 0 0 0 0 0 0 9 3 0 0 3 0 15 19 0 0 0 0 0 11 0 0 0 0 0 0 0 0 0 26 0 6 0 1 0 0 0 0 0 1 0 0 0 65 2 20 3 0 0 0 0 0 0 0 0 0 0 0 0 0 0 0 0 0 0 0 0 0 1 0 
 0 0 0 0 0 0 0 2 0 0 0 0 0 3 0 0 0 0 0 0 3 9 3 3 3 3 3 3 3 6 3 3 3 2 3 3 3 3 4 3 75 35 272 229 129 279 104 245 218 232 163 77 246 38 411 0 196 47 252 258 51 0 0 17 4 6 40 0 0 0 0 0 66 0 0 0 0 6 26 0 0 0 0 0 0 0 0 0 0 0 0 0 0 0 0 0 0 0 0 0 0 0 0 0 0 0 0 0 0 0 0 0 0 0 0 0 0 18 0 0 1 0 11 9 0 51 9 0 0 0 19 12 24 0 9 19 0 21 0 0 19 19 22 0 0 0 0 0 0 0 0 7 2 58 0 0 0 0 20 16 0 0 0 0 0 7 0 3 0 0 0 0 0 2 0 0 0 0 0 15 0 0 0 0 0 0 0 0 0 0 0 0 0 0 0 0 0 0 0 0 19 12 0 4 12 1 4 10 6 20 24 9 0 0 16 2 7 0 0 0 0 7 0 0 0 0 30 0 0 15 0 0 0 11 11 10 0 0 0 17 0 0 0 0 0 0 0 0 0 0 0 12 0 2 0 0 0 0 0 0 1 0 0 109 0 12 2 0 1 0 1 0 0 0 0 0 0 0 0 0 0 0 0 0 0 0 0 0 1 0 
 1 2 3 3 1 11 0 3 3 3 3 3 3 0 3 2 3 3 1 1 0 1 0 0 0 0 0 62 0 0 0 0 4 0 63 1 0 0 0 0 104 91 173 124 111 76 101 325 118 181 170 74 36 55 112 196 0 149 17 52 0 0 0 3 8 6 0 2 0 0 1 4 0 0 0 0 12 7 0 0 0 0 0 0 0 0 0 0 0 0 0 0 0 0 0 0 11 0 0 19 0 0 0 0 0 0 0 0 0 0 0 0 0 0 0 0 0 0 0 0 0 0 7 28 7 8 2 10 0 14 17 0 14 0 0 14 6 0 0 0 13 1 15 0 0 0 0 0 0 0 0 7 8 0 0 0 9 0 1 0 5 8 0 0 0 0 2 0 0 0 0 0 2 1 0 0 0 0 0 0 0 0 0 0 0 0 0 0 0 0 0 0 0 0 0 0 0 0 0 0 0 14 0 44 0 12 0 29 0 14 17 19 0 0 7 0 51 0 0 0 0 0 0 0 0 4 15 1 0 5 17 12 28 3 1 9 0 0 0 23 0 0 0 0 0 0 0 0 0 0 0 10 0 0 0 0 0 0 0 9 1 0 0 0 1 0 5 0 2 0 0 0 0 0 0 4 0 0 0 0 0 0 0 0 0 13 0 0 0 0 
 3 32 10 3 3 3 0 10 4 3 3 6 13 2 3 7 8 3 3 4 2 0 0 0 0 2 0 0 0 1 0 1 0 72 0 2 1 0 3 1 316 152 494 148 113 78 107 170 37 263 135 89 38 44 163 47 149 0 25 99 0 0 0 0 6 216 0 0 0 0 0 5 1 0 0 0 0 0 0 0 1 0 4 0 1 0 0 11 0 1 0 0 0 5 0 0 0 0 0 0 0 0 0 0 0 0 0 0 0 0 0 0 0 0 0 0 0 0 0 0 11 10 7 17 17 7 0 24 0 10 1 0 0 0 0 13 29 17 1 0 10 0 0 0 0 0 11 11 0 0 0 7 11 0 0 0 0 9 3 1 0 3 0 0 0 0 14 1 0 0 0 0 9 1 7 0 1 0 15 3 0 0 0 0 0 9 0 0 0 0 0 0 0 0 0 0 0 0 2 0 6 8 2 27 4 29 0 23 0 10 5 11 6 15 8 0 21 12 0 0 8 0 0 0 0 0 21 0 0 1 0 0 7 0 0 0 0 0 0 11 0 0 0 0 0 0 0 0 0 0 0 9 0 0 0 0 0 0 0 11 0 0 3 0 0 2 3 2 0 0 0 0 0 0 0 0 0 0 0 0 0 1 0 0 2 1 0 0 0 0 
 0 0 0 70 0 0 0 33 0 0 0 0 0 2 0 0 2 0 0 0 0 0 0 86 3 68 0 0 1 71 193 24 0 26 0 5 1 121 1 1 463 58 106 52 51 56 141 137 79 78 33 24 199 180 177 252 17 25 0 69 1 0 0 0 0 200 0 0 0 0 1 0 0 0 0 0 0 0 0 0 0 0 0 0 0 0 0 0 0 0 0 0 0 0 0 0 0 0 0 0 0 0 0 4 24 14 0 5 0 25 0 0 0 0 0 0 0 0 0 0 10 27 11 0 0 0 6 13 30 23 0 4 0 10 13 0 9 11 19 17 0 0 0 0 0 0 0 0 0 0 7 0 0 0 0 0 0 9 0 0 0 0 0 0 0 0 0 0 0 0 0 0 0 0 0 2 8 0 2 0 0 0 3 0 49 2 0 0 0 3 36 0 0 0 0 0 0 0 0 0 1 27 35 0 0 1 19 0 0 11 0 0 32 29 7 26 10 20 26 29 0 0 0 0 0 0 0 0 0 0 0 0 0 0 0 0 0 0 0 0 0 0 7 0 0 0 0 0 0 18 0 12 0 2 0 0 0 0 1 0 0 2 1 0 0 0 2 0 0 0 0 0 0 0 0 0 0 0 0 0 0 1 0 0 0 0 0 0 2 0 
 3 3 2 2 3 2 0 2 1 2 2 5 2 7 1 3 2 2 64 3 3 2 0 0 19 296 0 0 0 0 0 2 0 0 0 0 0 0 1 0 180 45 54 134 87 46 118 54 254 165 73 114 85 179 377 258 52 99 69 0 20 5 0 3 0 3 1 0 4 58 0 0 7 18 2 59 2 6 2 0 0 0 0 0 0 0 0 0 0 0 0 0 0 0 0 0 0 0 0 0 0 0 14 0 2 1 0 0 0 0 0 0 0 0 0 0 0 1 9 0 30 75 19 18 0 9 1 20 32 10 25 0 4 44 35 39 23 19 14 0 0 0 0 0 0 0 1 0 2 0 5 0 0 0 0 0 2 0 19 16 0 0 0 0 0 0 0 0 0 0 0 0 0 0 3 0 0 0 0 0 0 0 0 0 0 26 0 0 0 0 0 0 0 0 0 0 0 0 6 0 32 1 12 8 25 29 21 1 28 0 13 6 14 0 14 9 0 15 8 7 0 11 0 0 6 0 0 0 18 0 0 0 6 6 0 0 2 0 0 0 0 0 0 0 0 0 0 0 0 0 0 2 0 0 0 0 0 0 0 0 0 0 16 0 72 1 23 108 2 0 15 0 0 0 0 0 0 0 0 0 0 0 0 0 9 11 0 0 0 0 
 3 0 0 0 0 4 5 0 0 0 0 0 0 49 0 1 0 0 0 0 2 3 3 3 3 3 3 3 3 3 3 5 3 3 3 3 3 3 5 3 0 3 1 30 67 109 0 1 1 0 50 52 0 7 1 51 0 0 1 20 0 197 642 264 26 251 176 116 100 262 39 45 74 148 169 54 100 24 122 75 0 0 0 0 0 0 0 0 0 0 0 0 0 0 0 0 0 0 0 0 0 0 0 0 0 0 0 0 0 0 0 0 0 0 0 0 0 0 0 0 8 3 56 0 17 18 0 11 8 0 0 18 6 8 0 0 0 0 21 0 64 21 8 0 0 0 5 1 37 0 0 7 11 4 13 25 59 0 9 4 0 0 0 0 0 2 0 3 0 0 0 0 1 0 0 0 0 0 0 0 0 0 0 0 0 0 0 0 0 0 0 0 0 0 0 0 0 0 0 0 0 7 9 0 23 0 17 1 31 3 0 6 0 7 0 11 7 7 0 0 0 41 1 9 20 0 9 14 36 0 8 8 1 29 23 1 22 22 9 0 21 0 0 0 0 0 0 0 0 0 0 0 0 0 5 0 0 0 0 0 0 0 0 0 0 0 0 0 0 0 3 0 0 2 4 0 0 0 0 0 0 0 0 0 0 0 0 8 0 0 
