 0 154 59 130 30 34 92 136 28 107 50 84 146 183 67 161 36 193 117 169 0 75 6 3 0 2 3 3 3 3 3 3 2 1 2 2 3 2 0 0 6 0 0 5 0 0 2 6 0 7 6 0 2 0 3 0 0 0 5 0 0 0 16 0 3 0 0 0 2 0 0 0 0 0 0 4 3 0 3 0 18 10 10 0 0 11 27 16 23 0 0 14 28 41 14 9 11 5 1 19 0 0 0 0 0 0 0 0 0 0 0 0 0 0 0 0 0 0 0 0 0 0 0 0 0 0 0 0 0 0 14 0 0 0 0 0 0 0 0 0 0 0 0 0 0 0 0 0 0 30 0 39 0 0 0 0 0 0 0 0 1 0 0 12 0 0 20 2 16 17 0 13 10 15 7 13 13 0 15 12 0 0 0 0 0 0 0 0 0 0 0 0 0 0 0 0 0 0 0 0 0 0 0 0 0 0 0 0 0 0 0 0 0 0 0 0 0 0 0 0 0 0 0 0 0 38 0 9 0 0 0 0 0 0 0 0 0 0 0 0 0 0 0 0 0 0 11 0 0 0 0 15 0 0 0 0 0 0 0 0 0 0 12 0 0 0 0 0 0 0 0 0 0 0 0 0 0 0 0 0 0 0 0 0 0 0 0 0 0 0 
 154 0 268 363 140 89 292 71 236 375 236 221 130 139 214 76 179 419 261 130 1 2 5 3 0 0 0 0 5 2 2 3 0 1 1 0 0 1 2 0 3 0 0 0 0 0 1 30 0 3 2 1 0 0 0 0 4 0 3 0 3 0 0 0 4 3 0 0 2 0 0 0 2 0 0 50 2 0 3 0 49 10 22 21 25 62 0 44 23 28 19 16 0 0 9 48 11 65 0 0 20 0 0 0 0 0 7 2 0 0 0 0 16 0 0 0 0 0 5 0 0 0 0 0 0 0 0 0 0 0 0 0 0 0 0 0 0 0 0 0 9 0 0 0 28 0 0 0 0 2 0 0 0 0 0 0 0 0 0 0 0 1 0 10 2 16 12 40 20 32 38 0 0 24 36 21 11 24 0 0 7 8 0 0 0 0 27 0 0 0 0 0 9 0 3 0 3 0 1 19 0 0 0 0 0 0 0 0 0 0 0 0 0 0 0 0 0 1 0 0 0 0 1 0 0 0 0 0 0 0 0 0 0 0 0 0 18 0 0 0 0 0 0 0 0 2 0 0 39 89 1 17 13 0 0 0 0 2 0 0 0 0 0 0 0 0 0 0 0 0 0 0 0 0 0 24 0 26 0 0 0 0 0 0 0 0 0 0 0 0 
 59 268 0 168 186 44 76 157 131 55 80 44 150 39 79 98 172 41 124 238 1 0 3 3 0 0 0 1 3 3 0 3 83 0 0 0 4 3 0 0 6 0 0 0 0 0 0 62 0 3 4 0 0 0 0 2 0 0 5 0 0 0 0 0 5 0 0 0 4 0 0 0 15 0 0 0 0 0 3 0 14 8 26 32 0 0 32 0 0 18 8 1 0 0 18 10 13 20 16 29 12 0 0 0 11 0 14 30 11 0 0 0 2 0 0 0 0 0 35 30 0 0 0 0 0 0 0 0 0 0 0 0 0 0 15 0 0 0 0 0 0 0 4 0 0 0 0 0 0 0 0 0 0 7 0 0 2 4 0 0 1 25 0 10 10 10 0 0 11 16 12 5 0 27 10 7 1 7 2 0 1 1 0 1 0 0 16 0 0 0 0 0 0 0 0 0 18 0 14 10 0 0 0 18 0 0 0 0 0 0 0 0 0 0 0 0 0 0 0 0 0 0 0 0 0 0 0 0 0 0 0 0 0 0 0 0 0 0 0 13 0 0 0 0 0 0 88 0 0 1 0 15 0 0 0 0 0 0 0 0 0 0 63 0 0 0 0 0 0 0 0 0 0 0 0 10 9 0 0 0 0 0 0 0 0 0 0 0 0 0 
 130 363 168 0 434 119 184 148 615 185 251 297 254 163 600 39 120 56 196 155 0 0 3 3 0 0 73 0 3 1 0 3 0 0 2 0 2 2 0 0 4 0 0 0 0 2 1 63 0 5 2 3 0 1 0 0 0 2 11 0 0 0 0 0 4 0 0 0 2 0 0 0 0 32 0 0 2 0 3 0 78 13 15 30 10 35 0 19 15 38 29 31 0 1 9 35 14 25 0 0 0 0 0 1 0 0 24 0 0 0 14 0 9 0 0 0 0 0 7 0 0 0 0 0 0 0 0 0 0 0 0 0 0 0 0 0 0 0 0 0 1 0 1 0 0 0 0 0 16 0 0 0 0 0 3 0 1 0 0 0 1 0 1 18 20 28 13 1 11 1 7 0 0 9 7 8 9 8 0 0 16 0 0 0 0 0 27 0 0 0 0 0 21 0 8 0 0 0 11 9 0 0 0 0 0 0 0 0 0 0 0 0 0 0 0 0 0 0 0 0 0 0 0 0 0 0 0 0 0 0 0 0 2 0 0 0 0 0 0 0 0 0 0 0 0 2 1 0 87 2 0 13 0 0 0 0 0 0 0 0 0 0 0 0 0 0 0 0 0 2 0 0 0 0 0 1 0 9 0 0 0 0 0 0 0 0 0 0 0 0 
 30 140 186 434 0 167 69 96 72 170 151 248 500 266 71 75 162 54 56 73 1 79 213 3 3 0 75 0 3 1 0 3 156 145 37 0 1 2 2 0 3 0 0 0 0 0 2 0 0 5 2 4 3 10 0 3 0 0 7 0 13 0 0 0 7 0 0 1 2 0 0 3 0 5 0 56 9 3 3 49 17 13 0 17 7 45 10 0 18 16 14 41 0 0 1 32 14 17 0 0 4 0 12 0 0 0 10 14 38 0 1 8 20 0 10 0 1 11 51 12 2 0 0 1 0 0 0 0 0 0 0 2 0 0 0 0 0 0 0 0 0 0 0 0 0 0 0 0 0 0 0 0 0 6 2 0 0 10 0 0 0 0 10 4 41 0 0 20 2 18 0 12 12 0 0 0 0 0 0 0 25 10 0 0 0 0 18 2 12 0 1 0 19 0 9 13 0 0 0 0 0 0 0 0 0 0 0 0 0 0 2 0 0 0 0 0 0 2 0 0 0 0 0 0 0 0 1 0 0 0 0 0 0 0 0 0 0 0 0 0 0 0 0 0 0 5 93 0 88 1 0 17 0 0 0 0 0 0 0 0 0 0 0 0 0 1 0 0 0 0 0 0 0 0 0 0 0 0 0 0 0 0 0 0 0 0 0 0 0 0 
 34 89 44 119 167 0 22 25 337 379 389 537 46 127 147 158 72 245 56 31 0 1 3 3 3 3 83 0 3 73 4 3 77 73 111 2 6 4 0 73 10 0 0 6 0 0 0 3 0 12 8 1 4 0 6 0 0 0 5 0 0 0 0 0 4 0 0 1 3 0 0 0 0 4 34 7 2 0 3 0 14 9 8 0 40 36 0 14 24 30 37 59 0 1 1 15 25 0 0 0 9 9 0 2 0 0 18 15 11 0 0 8 15 25 0 21 0 12 10 0 1 0 0 0 1 0 0 2 0 0 0 0 0 0 0 0 0 0 0 0 0 0 7 0 0 0 0 0 0 0 0 0 0 1 5 0 0 0 0 0 0 5 12 6 27 43 0 15 14 42 10 0 0 1 10 2 20 22 0 0 4 0 0 0 32 0 29 1 30 6 1 0 18 31 20 13 0 0 35 22 0 0 0 0 0 0 0 0 0 0 0 0 0 0 0 0 0 2 0 0 0 0 0 0 0 0 0 0 0 0 0 0 0 0 0 0 0 0 0 0 0 0 1 0 0 0 1 0 8 0 1 10 0 0 0 0 0 0 0 0 0 0 1 1 0 0 0 0 0 0 0 0 0 0 0 31 0 0 0 0 0 0 0 0 0 0 0 0 0 0 
 92 292 76 184 69 22 0 120 358 208 54 69 455 131 135 96 56 194 132 154 0 2 3 3 0 4 0 0 3 1 6 3 0 0 4 4 8 2 0 0 4 0 0 6 0 0 0 0 0 10 8 66 4 0 6 0 0 0 7 0 0 0 0 0 4 0 0 0 3 0 0 1 0 0 0 4 0 7 29 0 28 20 0 0 1 0 14 1 9 0 13 10 27 11 64 21 12 13 0 10 0 0 15 0 0 0 0 0 0 0 0 0 0 0 0 0 0 0 0 0 0 0 0 0 0 0 0 0 0 0 13 0 0 0 0 14 0 0 0 0 0 0 0 0 0 0 0 0 0 30 0 41 0 0 0 0 0 0 0 0 40 0 3 27 0 3 9 0 0 0 0 35 0 9 0 0 35 54 15 29 0 0 0 0 0 0 0 0 2 0 0 0 0 0 0 0 0 0 33 14 0 0 0 0 0 0 0 0 0 0 0 0 0 0 0 0 0 0 0 0 0 0 0 0 0 0 0 0 0 0 0 0 0 0 0 0 0 0 0 0 0 2 0 0 0 2 1 0 0 0 6 2 0 0 0 0 0 0 0 0 0 0 10 0 0 0 0 0 0 0 0 0 0 0 0 0 0 0 0 0 0 0 0 0 0 0 0 0 0 0 
 136 71 157 148 96 25 120 0 325 215 50 89 286 327 64 143 88 213 366 77 0 205 3 3 0 0 0 0 3 3 0 3 0 0 0 0 2 3 3 0 3 0 0 0 0 0 0 2 0 5 2 0 0 3 0 0 0 0 3 0 0 0 0 0 3 0 2 0 3 0 0 0 0 0 0 0 0 0 3 0 16 9 8 9 16 23 40 14 48 0 21 18 0 2 25 30 17 17 9 9 8 0 0 0 0 0 0 14 1 0 16 0 8 0 0 0 0 0 0 0 2 0 0 0 0 0 2 0 1 0 2 0 0 0 0 0 0 0 0 0 2 0 0 0 0 0 0 0 0 6 0 6 0 0 0 0 0 0 0 0 26 15 52 2 2 2 0 31 25 15 0 14 17 6 33 0 28 115 30 10 0 0 0 0 0 0 0 0 0 0 0 0 7 19 0 0 0 0 0 0 0 0 0 0 0 0 0 0 0 0 0 0 0 0 0 0 0 0 0 0 0 0 0 0 0 0 7 0 0 0 0 0 0 0 0 0 0 0 0 0 0 0 0 0 0 0 87 1 1 1 0 9 0 0 0 0 0 0 0 0 1 0 0 0 0 0 2 0 0 0 0 0 0 0 0 0 27 0 0 0 0 0 0 0 0 0 0 0 0 0 
 28 236 131 615 72 337 358 325 0 123 91 63 97 71 130 64 134 101 104 58 0 0 3 3 0 0 0 0 3 1 0 3 74 0 0 0 8 0 0 0 4 0 0 0 0 0 0 62 0 4 2 27 0 0 0 2 0 0 4 0 0 0 0 0 5 0 0 0 31 0 2 0 0 0 0 0 1 1 3 0 25 0 14 22 38 0 0 13 17 46 18 27 0 0 2 23 0 2 0 0 16 0 0 0 0 0 10 30 0 0 0 0 5 0 0 0 1 0 14 40 0 0 0 0 0 0 0 0 0 0 0 0 0 0 0 0 0 0 0 0 4 0 0 0 0 0 0 0 0 0 0 0 0 0 0 0 1 0 0 0 23 0 10 3 9 29 0 8 3 8 30 1 9 17 0 13 0 71 0 8 0 0 0 2 0 0 33 0 0 0 0 0 0 22 1 0 20 0 16 11 0 0 0 0 0 0 0 0 0 0 0 0 0 0 0 0 0 0 0 23 0 0 0 0 0 0 0 0 0 0 0 0 17 0 0 0 0 0 0 0 0 0 0 0 0 2 0 0 0 92 8 15 0 0 0 0 0 0 0 0 0 0 15 0 0 0 0 0 0 2 0 0 0 0 0 15 21 0 0 0 0 0 0 0 0 0 0 0 0 0 
 107 375 55 185 170 379 208 215 123 0 320 235 146 560 225 121 54 56 568 54 0 2 3 3 0 0 0 0 3 1 0 3 1 0 0 0 1 1 0 0 4 0 0 0 0 0 2 63 0 3 2 62 33 0 0 0 0 0 3 0 0 0 0 0 2 0 0 0 2 0 0 0 0 0 0 0 3 0 3 0 40 8 25 39 0 35 0 19 14 0 0 14 0 0 16 41 21 32 0 1 1 0 0 0 0 0 12 0 0 0 0 0 0 0 0 0 0 0 7 13 0 0 0 0 0 0 0 0 0 0 0 0 0 0 0 0 0 0 0 0 0 0 7 0 0 0 0 0 0 0 0 0 0 1 0 0 0 0 0 0 26 8 22 14 0 20 0 3 0 4 17 0 0 0 3 0 14 16 0 18 0 0 0 0 1 0 19 0 0 0 6 0 9 0 0 14 0 0 0 15 0 0 0 0 0 0 0 0 0 0 0 0 0 0 0 0 0 0 0 0 0 0 0 0 0 0 0 0 0 0 0 0 0 0 0 0 0 0 0 0 0 0 0 0 0 6 94 2 2 0 11 18 0 0 0 0 0 0 0 0 0 0 0 0 0 0 0 0 0 0 0 0 0 0 0 13 1 0 0 0 0 0 0 0 0 0 0 0 0 0 
 50 236 80 251 151 389 54 50 91 320 0 362 134 49 73 164 146 379 51 65 0 2 4 3 3 0 73 35 3 3 0 5 77 3 3 15 3 5 4 0 5 1 0 3 1 0 1 0 1 5 2 2 0 1 0 2 0 0 33 23 0 0 3 0 5 2 3 1 2 0 0 58 1 0 0 1 51 0 3 0 18 14 0 5 0 11 0 0 26 15 0 0 0 0 11 29 14 0 0 0 4 0 0 0 0 1 10 0 62 0 10 14 11 10 1 0 14 0 0 0 0 0 0 0 0 0 1 0 0 2 17 0 0 0 0 0 0 0 0 0 0 0 0 0 0 0 0 1 0 0 0 0 0 0 0 0 0 3 0 0 0 0 0 14 40 13 11 2 12 11 12 15 0 46 0 0 15 0 0 0 43 16 2 0 0 0 24 2 0 0 0 0 13 13 8 12 0 0 64 47 0 0 0 2 0 0 0 0 0 0 0 0 0 0 0 0 1 0 0 0 0 0 0 0 0 0 0 0 0 0 0 0 0 0 0 0 0 0 0 0 0 0 0 0 0 1 4 2 84 2 2 24 0 0 2 0 0 0 1 0 1 1 15 0 0 0 0 0 0 0 0 1 0 0 0 13 0 0 0 0 0 0 0 0 0 0 0 0 0 0 
 84 221 44 297 248 537 69 89 63 235 362 0 38 33 45 119 203 85 113 27 0 0 5 6 0 1 76 6 6 195 2 5 1 106 73 3 2 85 4 0 6 0 0 2 2 0 0 3 1 3 2 2 0 10 0 2 0 0 3 0 0 1 0 0 4 0 6 67 9 0 0 0 0 0 3 35 11 1 3 3 27 13 11 28 1 46 10 0 18 16 19 45 0 11 0 38 14 24 0 14 1 0 0 0 0 0 10 12 30 0 1 8 10 0 0 2 0 21 29 15 0 0 0 0 1 1 0 0 0 0 0 0 0 0 0 0 0 0 0 0 0 0 2 0 0 0 0 2 0 13 0 0 0 7 0 0 0 4 1 0 0 1 13 11 42 0 0 19 2 22 0 2 0 0 0 0 0 0 0 0 18 17 0 0 0 0 18 16 35 0 16 0 19 2 10 24 0 0 0 0 0 0 0 0 2 0 0 0 0 0 0 0 0 0 0 0 0 21 0 1 0 0 0 0 1 0 0 0 0 0 0 0 0 0 0 2 2 0 0 0 0 0 0 0 0 0 171 1 86 2 2 11 1 2 0 0 0 0 0 0 0 0 0 0 0 0 0 0 0 0 0 0 0 0 0 0 0 0 0 0 0 0 0 0 0 0 0 0 0 0 
 146 130 150 254 500 46 455 286 97 146 134 38 0 214 38 291 134 60 162 233 0 0 3 3 0 0 1 0 3 3 0 3 0 0 0 0 1 2 0 0 66 0 0 0 0 0 2 58 0 4 2 0 0 6 0 0 0 0 3 0 0 0 0 0 3 0 0 0 2 13 0 0 0 0 0 0 3 0 3 0 10 12 20 0 0 14 56 0 29 0 9 25 17 24 15 11 11 22 14 42 0 0 0 0 0 0 9 0 0 0 0 0 0 0 0 0 0 0 0 1 0 0 0 0 0 0 0 0 0 0 44 14 0 15 0 0 0 0 0 0 0 0 0 0 0 0 0 0 0 6 0 6 0 1 0 0 0 1 0 0 1 19 16 22 0 0 22 21 12 15 0 35 0 13 23 1 21 0 25 20 0 0 0 0 0 0 0 0 0 0 0 0 0 0 0 0 0 0 0 0 0 0 0 0 0 2 0 0 0 14 0 0 0 1 0 0 0 0 0 0 0 0 0 0 0 0 0 0 0 0 2 0 0 0 2 0 0 0 0 0 0 0 0 0 0 0 88 0 0 0 0 7 0 0 0 0 0 0 0 0 0 0 4 0 0 0 0 0 0 0 0 0 0 0 0 0 21 0 0 0 0 0 0 0 0 0 0 0 0 0 
 183 139 39 163 266 127 131 327 71 560 49 33 214 0 148 18 32 49 109 161 2 0 3 3 2 1 0 0 35 0 0 3 0 0 26 0 3 9 0 16 3 0 0 3 0 0 1 0 0 4 2 1 0 0 0 0 0 3 3 0 0 0 0 0 3 0 0 0 2 0 0 0 0 0 0 0 2 0 3 38 28 39 0 0 5 0 23 23 42 0 13 0 0 9 0 6 57 18 1 13 0 0 0 0 0 0 0 0 0 0 0 0 0 0 0 0 1 0 0 0 0 0 0 0 0 0 0 0 0 26 0 17 0 0 0 0 0 0 0 0 0 0 0 0 0 0 0 0 0 5 0 5 0 0 0 0 0 0 0 0 39 29 0 2 0 0 0 0 10 0 0 0 1 0 19 7 0 0 16 15 0 0 26 0 0 0 0 0 0 0 0 0 8 17 1 2 0 0 0 0 0 0 0 0 0 0 0 0 0 0 0 0 0 0 0 0 0 0 0 0 0 0 0 0 0 0 0 0 0 0 0 0 1 0 0 0 0 0 0 0 0 9 0 0 0 1 0 0 1 0 0 4 0 0 0 0 0 0 0 0 0 0 1 0 0 0 0 0 0 2 0 0 0 0 0 0 0 0 0 0 0 0 0 0 0 0 0 0 0 0 
 67 214 79 600 71 147 135 64 130 225 73 45 38 148 0 272 332 130 183 299 0 0 3 3 0 2 1 0 77 1 0 3 0 0 0 0 1 2 0 2 5 0 0 2 0 0 2 0 0 3 2 26 0 0 0 0 0 0 3 0 0 0 0 0 5 0 0 0 2 0 0 0 1 0 0 0 3 0 3 0 45 11 28 23 0 10 0 6 0 17 12 11 2 10 0 48 10 47 0 1 16 0 0 0 0 0 0 0 0 0 1 0 0 0 0 0 0 0 0 13 0 0 0 0 0 0 0 0 0 2 0 0 0 0 0 0 0 0 0 0 0 0 0 0 0 0 0 0 0 0 0 0 0 0 5 2 0 0 0 0 16 20 32 0 0 43 10 0 0 10 18 0 0 18 5 9 8 0 0 6 0 0 0 0 0 0 12 0 0 0 0 0 0 0 0 0 0 0 26 13 0 0 0 0 0 0 0 0 0 0 0 0 0 9 0 0 0 0 0 0 0 0 0 0 0 0 0 0 1 0 0 0 0 0 0 0 0 0 0 0 0 7 0 0 0 2 0 0 5 1 8 9 0 0 0 0 0 0 0 0 0 0 0 0 0 0 0 0 0 0 2 0 0 0 0 35 0 18 0 0 0 0 0 0 0 0 0 0 0 0 
 161 76 98 39 75 158 96 143 64 121 164 119 291 18 272 0 217 144 164 749 0 0 3 3 0 0 0 0 3 1 0 3 75 0 0 0 0 0 0 0 3 0 0 2 0 0 1 0 0 3 2 0 0 0 0 0 0 1 3 0 0 0 0 0 4 0 0 0 2 0 0 0 2 0 0 0 2 0 3 0 0 0 30 13 7 51 25 0 6 0 9 24 0 31 47 2 11 67 9 15 12 0 0 0 3 0 0 0 0 0 0 0 11 21 9 0 0 0 0 7 13 0 0 0 0 9 0 0 0 0 15 0 0 0 2 0 0 0 0 0 2 9 5 0 0 0 0 0 0 0 0 0 0 1 2 0 0 0 0 0 0 28 23 30 0 0 17 0 0 41 14 19 0 25 9 4 20 0 15 0 14 0 0 0 2 0 16 0 0 0 0 0 1 0 0 0 0 0 0 11 0 0 0 0 0 0 0 0 0 0 0 0 0 0 0 0 0 0 1 0 0 0 0 0 0 0 0 0 0 0 0 0 0 0 0 0 0 0 0 0 0 0 0 0 0 0 90 0 2 107 0 8 14 0 0 0 0 0 0 0 0 0 11 0 0 0 0 0 0 0 0 0 0 0 0 17 10 0 0 0 0 0 0 0 0 0 0 0 0 0 
 36 179 172 120 162 72 56 88 134 54 146 203 134 32 332 217 0 461 236 255 0 1 3 3 0 0 0 0 3 1 0 3 0 0 0 0 1 1 1 0 5 0 0 0 0 0 3 0 0 3 2 0 0 0 0 0 0 0 3 0 0 0 0 0 4 0 0 0 2 0 0 0 0 0 0 0 3 0 2 0 15 0 10 23 20 0 17 0 19 12 17 9 0 0 20 15 1 33 10 14 10 0 0 0 0 0 0 41 0 0 0 0 0 0 0 1 9 0 14 6 0 0 0 0 0 1 0 0 0 0 14 0 0 0 0 0 0 0 0 0 0 1 0 0 0 0 0 0 0 9 0 0 1 2 0 0 0 1 2 0 0 23 0 32 0 21 10 0 0 18 0 56 0 29 14 0 16 0 15 0 21 0 0 0 0 0 9 0 0 0 0 0 0 0 9 0 0 0 17 13 0 0 0 0 1 8 0 0 0 0 0 0 0 0 0 0 0 0 0 2 0 1 0 0 0 0 0 0 0 0 0 0 0 0 8 1 0 0 0 0 0 2 0 0 0 0 103 1 0 45 1 6 0 0 0 0 0 0 0 0 0 0 11 0 0 0 0 0 0 0 2 0 0 0 0 24 21 0 0 0 0 0 0 0 0 0 0 0 0 0 
 193 419 41 56 54 245 194 213 101 56 379 85 60 49 130 144 461 0 166 196 20 0 3 3 1 0 0 1 76 3 3 3 3 0 0 0 4 8 0 0 6 0 0 3 0 0 3 0 0 5 4 1 0 0 0 4 0 0 5 1 0 0 0 0 2 0 0 0 2 0 0 0 2 0 0 0 3 0 2 0 15 22 0 23 34 0 0 1 60 31 20 10 0 0 27 10 27 0 0 0 8 0 0 0 0 0 19 12 0 0 0 0 10 9 0 0 1 0 0 0 0 0 0 0 0 0 0 0 0 0 1 0 0 17 0 0 0 0 0 17 0 0 0 0 0 0 0 0 0 0 0 0 0 1 6 0 0 0 0 0 18 0 1 19 0 39 44 19 0 14 24 1 0 28 11 0 47 32 0 8 0 0 0 0 0 0 19 0 0 0 0 0 0 63 0 0 0 0 0 0 0 0 0 0 0 0 0 0 0 0 0 0 0 0 0 4 0 0 0 0 0 0 0 0 17 0 0 0 0 0 0 0 0 0 0 0 0 0 0 0 0 6 0 0 0 2 2 3 89 85 0 5 0 0 0 0 0 0 0 0 0 0 14 0 0 0 0 0 0 0 0 0 0 0 0 1 31 14 0 0 0 0 0 0 0 0 0 0 0 0 
 117 261 124 196 56 56 132 366 104 568 51 113 162 109 183 164 236 166 0 170 0 0 3 3 8 0 0 74 3 2 0 9 0 0 6 5 1 3 4 0 3 0 0 0 0 0 4 0 0 3 2 0 9 0 0 0 0 1 3 0 0 0 0 0 3 0 0 0 3 0 0 0 0 0 0 6 0 0 3 0 1 13 16 0 1 15 30 54 18 0 17 12 20 17 84 0 31 26 7 31 0 0 0 0 0 0 0 0 0 0 0 0 0 0 0 0 0 0 0 0 0 0 0 0 0 0 0 0 0 0 0 0 0 0 0 0 0 0 0 0 7 0 0 0 0 6 14 0 0 0 0 0 0 0 0 0 0 0 0 0 9 17 0 16 0 0 18 1 0 0 0 0 0 12 14 35 13 24 14 28 0 0 0 0 0 0 0 0 0 0 0 0 0 0 0 0 0 0 0 0 0 0 0 0 0 0 0 0 0 0 0 0 8 0 0 0 0 0 0 0 0 0 0 0 0 0 0 0 0 0 0 0 0 0 0 0 0 0 0 0 0 1 0 0 0 2 0 2 52 0 2 3 0 0 0 0 0 0 0 0 0 0 0 0 0 0 0 0 0 0 0 0 0 0 0 0 0 19 0 0 0 0 0 0 0 0 0 0 0 0 
 169 130 238 155 73 31 154 77 58 54 65 27 233 161 299 749 255 196 170 0 0 0 3 3 0 0 0 0 3 2 0 3 0 0 1 0 2 1 0 0 3 0 0 0 0 0 2 0 0 3 2 0 0 0 0 0 0 0 3 0 0 0 0 0 3 0 0 0 2 0 30 0 0 0 0 0 3 0 3 0 1 9 7 15 16 0 17 42 10 0 10 0 0 0 26 0 41 0 61 3 0 0 0 0 0 0 0 0 0 0 0 0 0 0 0 0 0 18 0 0 0 0 0 0 0 0 0 0 0 0 13 0 0 0 0 0 0 0 1 2 5 0 0 0 2 0 0 0 0 0 0 0 15 0 0 0 0 0 0 0 15 14 0 14 0 5 33 2 15 0 0 15 0 33 35 48 16 0 12 0 0 2 0 0 0 11 0 0 0 0 0 0 0 0 0 0 0 0 9 0 0 2 0 0 0 0 0 25 2 0 0 0 0 0 0 0 0 0 0 0 0 0 0 0 0 2 0 0 0 0 0 0 0 1 0 0 0 0 0 0 0 2 0 0 0 0 2 0 3 0 0 10 0 0 0 0 0 0 0 0 0 0 11 0 0 0 0 0 0 0 0 0 0 0 0 0 0 26 0 0 0 0 0 0 0 0 0 0 0 0 
 0 1 1 0 1 0 0 0 0 0 0 0 0 2 0 0 0 20 0 0 0 250 43 119 222 30 308 65 54 258 40 40 117 145 188 234 86 118 192 275 3 2 0 0 3 0 202 4 0 2 1 4 0 0 0 0 0 3 0 0 0 2 3 2 2 0 0 36 0 0 0 53 0 2 0 0 7 3 2 3 0 0 0 0 0 0 0 0 11 0 0 0 0 0 0 15 0 0 0 0 0 22 6 15 2 0 9 0 0 0 5 1 3 13 1 8 0 0 0 23 0 0 0 0 0 7 11 0 0 0 0 0 0 0 0 0 0 0 0 0 0 0 0 0 1 0 0 0 0 0 0 0 0 0 0 0 0 0 0 3 0 0 0 0 18 0 0 0 0 0 0 2 0 0 0 0 0 0 0 0 13 26 23 19 7 22 10 34 2 57 14 17 37 12 13 0 9 24 2 14 0 0 0 17 0 0 0 0 0 0 0 0 10 1 0 0 0 18 0 0 0 0 0 0 0 0 0 0 0 0 0 0 35 0 0 0 0 0 0 2 0 0 0 0 0 0 0 0 0 0 0 0 0 0 7 0 2 0 1 0 1 0 0 0 0 0 0 0 0 0 0 0 0 0 0 0 0 0 0 0 0 7 0 0 0 0 0 0 0 0 
 75 2 0 0 79 1 2 205 0 2 2 0 0 0 0 0 1 0 0 0 250 0 436 315 164 307 471 136 152 190 122 106 39 139 107 86 410 22 136 36 1 4 0 0 3 0 77 3 0 1 1 2 0 0 0 6 1 3 0 0 0 3 3 2 0 0 0 3 0 0 0 2 31 2 0 2 1 3 3 3 0 0 0 0 0 0 0 0 0 1 0 0 0 0 0 0 0 0 0 0 0 62 25 23 17 0 5 5 10 19 0 0 13 12 7 11 10 0 7 16 20 0 0 0 0 0 1 0 0 0 0 0 18 0 0 0 0 12 0 0 0 0 0 0 0 0 0 0 0 0 0 17 0 0 0 0 0 0 0 4 0 0 0 0 0 0 0 0 0 2 0 0 0 0 0 0 0 0 0 1 0 0 22 23 0 34 0 19 24 0 19 13 0 15 1 9 11 6 0 0 2 0 0 0 0 0 0 18 0 0 1 0 20 24 0 0 0 0 0 0 0 0 2 0 0 19 0 0 0 0 0 0 0 0 0 0 0 0 0 0 0 0 0 0 0 2 0 0 0 0 0 0 0 0 20 0 2 83 1 0 2 2 0 0 0 0 13 0 0 0 0 0 0 0 0 0 0 0 0 49 0 11 0 0 0 0 0 0 0 0 
 6 5 3 3 213 3 3 3 3 3 4 5 3 3 3 3 3 3 3 3 43 436 0 448 137 174 83 424 96 67 105 268 241 104 47 71 140 64 128 35 1 2 0 0 3 0 19 4 0 2 2 2 0 62 0 0 0 3 63 125 0 0 3 2 2 0 0 3 0 0 6 2 0 8 0 0 0 3 2 2 0 0 12 0 0 0 0 0 0 0 0 0 2 0 0 0 0 0 0 0 18 1 12 14 33 16 10 0 43 32 10 30 17 23 26 40 44 10 0 0 9 0 0 0 0 0 12 0 0 0 0 0 24 0 0 0 1 0 27 19 0 0 0 0 0 0 0 0 0 0 0 0 0 0 0 0 0 0 0 0 0 0 8 0 0 1 0 0 6 0 0 0 15 0 0 0 4 0 0 0 10 26 14 42 44 19 0 0 30 63 12 31 4 0 9 43 10 0 6 9 0 6 0 0 0 0 0 0 0 0 0 0 10 23 4 0 0 0 14 1 0 0 0 0 0 0 0 0 0 0 0 0 0 0 0 0 0 0 11 0 0 0 7 0 0 0 0 0 0 0 0 0 0 0 13 0 0 41 79 1 3 2 0 0 0 6 0 0 0 0 0 0 0 0 0 0 0 0 0 12 0 9 0 0 0 0 0 0 0 0 
 3 3 3 3 3 3 3 3 3 3 3 6 3 3 3 3 3 3 3 3 119 315 448 0 178 114 405 152 128 149 136 163 58 360 136 117 43 379 176 210 2 3 0 0 0 0 33 36 7 2 2 3 0 0 0 0 0 6 0 0 0 2 3 2 2 0 0 3 0 0 0 2 0 2 0 0 0 3 2 3 0 0 0 0 0 0 0 0 0 0 0 2 0 0 0 0 0 0 0 0 0 0 11 25 34 12 19 10 35 13 0 0 0 7 0 19 7 13 0 9 31 12 0 0 0 2 24 6 0 0 0 0 13 0 0 0 0 0 35 25 1 0 0 0 0 0 0 0 0 0 0 0 0 0 0 0 1 0 0 0 0 0 3 0 0 0 0 0 6 0 0 0 0 0 0 0 0 2 0 0 0 23 11 28 0 27 0 8 21 7 59 47 0 0 6 22 3 15 0 0 19 16 0 0 0 0 17 20 1 0 0 0 1 34 0 0 0 0 6 7 0 0 0 0 0 0 0 0 0 0 0 0 0 0 0 0 0 0 0 0 0 0 2 0 0 0 0 0 0 0 0 0 0 0 3 2 2 1 76 2 18 0 0 0 0 0 11 0 0 0 0 0 0 0 0 0 0 0 0 20 0 0 5 0 0 0 0 0 0 0 
 0 0 0 0 3 3 0 0 0 0 3 0 0 2 0 0 0 1 8 0 222 164 137 178 0 158 91 165 302 198 177 354 338 129 299 166 64 53 281 137 2 5 0 0 3 0 0 35 3 1 2 2 33 121 0 62 0 3 0 35 0 1 3 2 1 0 0 3 0 0 6 2 0 4 3 1 0 6 2 5 0 0 0 0 0 0 0 0 0 0 0 0 0 0 0 0 0 0 0 0 0 15 0 20 19 15 10 0 0 0 14 0 0 0 0 15 19 1 0 0 0 0 17 11 1 0 7 1 10 20 8 20 15 68 19 9 25 11 13 27 0 0 0 0 0 0 0 0 0 0 0 0 0 0 0 0 0 0 0 5 0 0 0 0 4 0 0 0 6 9 0 0 0 0 0 1 0 5 0 4 0 0 0 14 0 30 0 9 0 0 0 0 0 0 7 1 26 21 0 0 15 0 1 0 0 0 29 26 7 0 0 0 18 12 9 22 21 0 2 10 0 0 0 0 0 0 0 0 0 0 0 0 0 0 0 0 0 0 6 0 0 0 2 0 0 0 0 0 0 0 0 16 0 0 11 2 1 0 1 2 2 0 0 0 0 0 2 0 0 0 0 0 0 0 0 0 0 0 0 0 0 26 0 0 0 0 0 0 0 0 
 2 0 0 0 0 3 4 0 0 0 0 1 0 1 2 0 0 0 0 0 30 307 174 114 158 0 62 29 331 96 234 516 68 55 145 172 238 61 64 50 1 9 0 2 0 0 65 3 0 2 2 2 0 61 0 0 0 3 126 62 0 2 6 2 50 2 3 4 0 0 6 6 0 2 0 1 0 3 2 3 0 0 0 0 1 0 0 0 0 0 0 0 0 0 0 0 0 0 0 0 0 0 6 25 1 0 0 0 32 11 63 12 0 0 0 17 0 17 0 0 32 12 0 0 0 0 1 1 0 0 0 0 7 2 21 2 0 0 20 11 0 0 0 0 0 0 0 0 0 0 0 0 0 0 0 1 0 0 0 2 0 0 0 0 2 0 0 11 12 0 0 0 0 0 0 0 0 0 0 0 0 1 21 0 18 0 0 32 12 18 34 9 0 0 0 12 0 2 0 0 25 8 8 0 0 0 27 0 0 0 9 1 23 11 8 5 34 0 36 1 0 0 0 1 0 0 0 0 2 0 0 1 0 0 8 0 0 0 0 0 0 0 0 0 0 0 0 0 0 0 0 0 0 0 13 0 3 152 2 1 14 17 0 0 0 0 0 0 0 0 0 0 0 0 0 0 0 0 0 8 0 0 9 0 0 0 0 0 0 0 
 3 0 0 73 75 83 0 0 0 0 73 76 1 0 1 0 0 0 0 0 308 471 83 405 91 62 0 153 283 343 117 38 156 419 41 194 54 174 211 462 2 2 0 0 0 6 0 3 0 1 1 3 0 0 0 0 0 3 0 0 0 1 3 2 2 0 0 3 31 0 0 2 0 2 0 0 0 3 2 3 0 2 0 0 13 12 0 0 0 12 0 0 0 0 0 0 0 0 0 0 0 33 25 28 25 1 24 10 0 10 0 2 0 35 1 23 7 3 2 20 0 0 0 10 2 0 0 0 0 0 0 0 10 0 0 0 0 1 0 0 1 0 0 0 0 11 0 0 0 0 0 0 0 0 0 0 1 0 0 6 0 0 11 0 7 27 0 1 9 1 0 0 0 0 0 0 0 3 0 0 17 24 0 0 18 27 12 22 14 26 0 45 24 17 31 0 15 28 28 21 0 0 0 0 0 0 0 0 1 0 0 0 0 0 0 0 0 0 0 0 0 0 0 0 0 0 0 0 0 0 0 0 0 0 0 0 0 20 0 0 0 0 0 0 0 1 0 0 1 0 0 0 0 0 14 0 2 0 0 0 2 0 0 0 0 0 11 0 0 0 0 0 0 0 0 0 0 0 0 0 0 11 0 0 0 0 0 0 0 0 
 3 0 1 0 0 0 0 0 0 0 35 6 0 0 0 0 0 1 74 0 65 136 424 152 165 29 153 0 182 107 344 352 251 363 66 121 255 45 47 41 1 5 0 0 5 0 0 7 2 2 1 5 0 3 0 3 0 3 1 0 0 5 4 4 1 0 3 6 0 1 2 5 0 3 3 0 2 6 3 5 0 0 0 0 0 0 0 0 0 0 0 0 0 0 0 0 0 0 0 0 17 12 43 1 34 0 12 12 33 16 11 15 0 17 24 19 28 15 0 12 0 0 0 0 0 0 3 0 0 0 0 0 27 0 0 0 0 0 29 15 0 0 0 0 0 0 0 0 0 0 0 0 0 0 0 0 0 6 0 0 0 0 3 0 1 0 0 0 6 0 0 1 0 0 0 0 0 0 0 0 12 40 35 34 4 16 0 11 1 13 19 20 0 2 0 19 6 0 0 0 14 19 0 0 0 0 0 0 1 0 0 15 1 15 0 0 0 0 0 0 0 0 0 0 0 0 0 0 0 0 0 0 0 0 0 0 0 0 0 0 0 0 0 0 0 0 0 0 0 0 0 0 0 0 4 0 2 1 83 2 20 0 0 0 0 0 9 0 0 0 0 0 0 0 0 0 0 0 0 0 0 0 0 0 0 0 0 0 0 0 
 3 5 3 3 3 3 3 3 3 3 3 6 3 35 77 3 3 76 3 3 54 152 96 128 302 331 283 182 0 372 200 219 158 291 154 359 127 193 268 227 2 2 61 0 0 0 0 3 68 2 209 2 0 0 0 0 0 3 61 0 0 2 3 2 2 0 0 3 0 0 0 2 0 3 0 0 0 3 2 3 0 0 0 0 0 0 0 0 0 0 0 0 2 0 0 0 0 0 0 0 1 75 10 10 6 26 18 15 0 12 46 23 0 17 29 9 28 19 26 7 0 0 0 0 0 0 2 1 0 0 0 0 26 0 0 0 1 0 0 0 0 0 0 0 0 0 0 0 0 0 0 0 0 0 0 0 0 0 0 1 1 0 0 0 0 0 0 0 0 0 0 0 0 1 0 0 0 0 0 0 0 9 48 8 24 12 6 15 0 19 23 18 5 0 0 0 24 44 2 31 11 0 0 0 0 0 14 12 0 0 0 0 38 10 0 0 0 0 13 0 0 0 0 0 0 0 0 0 0 0 0 0 0 14 0 0 0 0 0 0 0 0 0 0 0 0 0 0 0 0 0 0 0 0 13 1 1 149 0 0 14 10 0 0 2 0 1 0 0 0 0 0 0 0 0 0 0 0 0 0 0 1 0 0 0 13 12 0 0 0 
 3 2 3 1 1 73 1 3 1 1 3 195 3 0 1 1 1 3 2 2 258 190 67 149 198 96 343 107 372 0 185 211 54 97 241 160 80 29 82 349 3 2 0 0 0 0 79 4 0 2 4 18 0 0 2 0 0 3 2 0 0 0 3 2 0 0 0 3 0 0 0 2 0 8 0 0 0 3 7 2 0 0 0 0 0 0 0 0 0 0 0 0 0 0 0 0 0 0 0 0 0 20 0 60 19 1 14 0 24 20 21 9 0 0 0 34 19 13 0 0 0 0 0 2 0 0 0 1 2 0 0 0 19 0 0 0 0 0 0 0 10 0 0 0 0 0 0 0 0 0 0 2 0 0 18 0 0 0 0 0 0 0 0 0 0 0 0 0 6 0 0 0 0 0 0 1 0 0 0 0 0 0 29 15 1 39 0 10 11 1 1 0 3 0 14 4 5 34 0 0 0 0 0 2 0 0 0 0 0 0 0 0 3 2 0 0 0 0 20 0 0 0 0 0 0 0 0 0 0 0 0 0 0 0 0 0 0 0 0 1 0 0 0 0 0 0 0 0 2 0 0 0 0 1 10 0 3 9 1 0 21 1 0 0 2 0 0 0 0 0 0 0 2 0 0 0 0 1 0 0 0 8 0 0 0 0 24 0 0 0 
 3 2 0 0 0 4 6 0 0 0 0 2 0 0 0 0 0 3 0 0 40 122 105 136 177 234 117 344 200 185 0 148 268 369 169 581 237 101 98 137 3 2 0 2 3 0 3 4 2 2 1 5 2 0 0 0 2 3 0 3 0 1 5 2 0 0 0 3 3 0 0 2 0 8 1 0 0 3 2 3 0 0 0 0 0 0 0 0 0 0 0 0 2 0 0 0 0 0 0 0 0 32 1 35 25 19 1 10 19 37 2 18 10 1 37 68 0 45 0 0 20 0 0 0 0 0 0 0 0 0 0 0 0 0 0 0 0 0 0 8 0 0 0 0 0 0 0 0 0 0 0 0 0 0 0 0 0 0 0 3 1 0 0 0 0 0 0 0 2 0 0 0 0 0 8 0 0 0 0 0 1 66 41 11 8 20 7 30 21 47 21 1 0 17 0 21 13 13 2 17 13 0 0 0 0 0 0 0 0 0 0 0 13 0 0 0 0 0 19 0 0 0 0 0 0 0 0 0 0 0 0 0 0 0 0 0 0 0 0 19 0 0 17 0 0 0 0 0 0 0 0 0 0 0 10 2 1 4 45 6 3 0 0 0 0 0 0 0 0 0 0 0 0 0 0 0 0 0 0 0 0 15 0 0 0 0 20 0 0 0 
 3 3 3 3 3 3 3 3 3 3 5 5 3 3 3 3 3 3 9 3 40 106 268 163 354 516 38 352 219 211 148 0 264 100 38 40 374 90 40 58 2 69 0 210 0 0 1 4 0 1 1 2 62 0 0 63 0 4 54 0 0 2 3 2 0 0 0 3 0 0 7 2 0 2 3 6 0 3 2 3 0 0 0 0 0 0 10 0 0 0 0 0 0 0 0 0 0 0 0 0 0 2 9 32 12 0 1 4 19 11 2 3 0 0 0 23 17 44 0 0 8 0 0 0 0 0 7 0 0 0 0 1 29 12 33 0 0 0 21 1 0 0 0 0 0 0 0 0 0 0 0 0 0 0 0 5 0 0 0 0 0 0 0 0 0 0 0 0 15 0 0 0 0 0 0 0 0 0 0 0 0 14 12 11 9 0 1 0 14 1 23 60 0 13 0 27 7 21 0 0 31 3 0 0 0 0 25 0 0 0 0 0 30 31 1 10 19 0 13 0 0 0 0 0 0 0 0 0 0 0 0 0 0 0 0 0 0 0 0 0 0 0 7 0 0 0 0 0 0 0 0 0 0 0 7 0 4 39 0 4 12 11 0 0 0 0 0 1 0 0 0 0 0 0 0 0 0 0 0 14 0 0 0 0 0 0 0 0 0 0 
 2 0 83 0 156 77 0 0 74 1 77 1 0 0 0 75 0 3 0 0 117 39 241 58 338 68 156 251 158 54 268 264 0 71 188 156 112 141 439 150 2 2 0 0 0 0 0 2 0 0 0 2 0 0 0 2 0 3 0 52 0 2 3 2 2 0 0 3 0 0 0 2 3 2 0 0 0 3 2 3 0 0 4 0 5 15 0 0 0 0 30 19 3 0 0 0 0 20 0 0 57 1 22 0 0 19 22 28 14 0 15 13 0 91 19 1 0 10 30 10 12 0 0 0 0 18 0 43 0 0 0 0 0 0 0 0 0 0 0 0 0 0 0 0 0 0 0 0 0 0 0 0 0 1 0 0 0 8 0 0 0 13 18 13 27 0 0 0 9 9 20 0 0 0 0 0 0 0 0 0 35 18 0 10 14 0 16 19 0 76 0 0 1 66 0 0 40 14 2 38 0 0 0 0 0 0 0 0 0 0 0 0 0 0 0 0 0 0 0 0 0 0 0 0 0 0 0 0 0 0 0 0 0 0 0 0 0 0 0 0 0 0 0 0 0 0 0 0 0 0 0 0 0 0 10 1 1 0 0 0 3 0 0 0 0 0 0 0 0 0 0 0 0 0 0 0 0 0 0 0 0 0 0 14 0 0 0 0 0 0 
 1 1 0 0 145 73 0 0 0 0 3 106 0 0 0 0 0 0 0 0 145 139 104 360 129 55 419 363 291 97 369 100 71 0 317 114 279 71 136 163 4 3 0 0 2 0 2 5 0 2 2 48 0 0 0 0 1 6 0 0 0 3 3 2 2 0 2 32 0 2 0 2 0 2 51 2 4 3 2 3 0 0 0 0 0 0 0 0 0 0 12 0 0 0 0 0 0 0 0 0 0 27 26 33 18 0 0 9 41 9 0 33 20 26 35 16 0 36 11 22 14 0 0 0 0 7 0 0 0 0 1 0 0 0 0 0 0 0 0 0 0 0 0 0 12 0 0 0 0 0 0 0 0 0 0 0 0 0 0 7 0 0 1 0 8 0 0 0 0 0 0 0 0 0 0 0 0 0 0 0 10 34 4 0 27 13 2 18 33 38 22 0 0 9 0 44 9 13 0 10 11 28 0 0 0 0 0 0 0 0 0 0 10 1 0 0 0 11 0 0 0 0 0 0 0 0 0 1 0 0 0 0 0 0 0 0 0 0 0 0 0 0 8 0 0 0 0 0 0 0 0 0 0 0 11 0 1 0 76 0 0 2 0 0 0 0 0 0 0 0 0 0 0 0 0 0 0 0 0 1 0 19 0 0 0 0 0 0 0 0 
 2 1 0 2 37 111 4 0 0 0 3 73 0 26 0 0 0 0 6 1 188 107 47 136 299 145 41 66 154 241 169 38 188 317 0 75 60 30 75 243 0 2 0 0 0 1 0 3 0 1 1 66 0 0 0 0 0 3 205 1 0 2 3 52 1 0 0 3 0 0 0 2 1 2 0 0 0 3 2 3 0 0 1 0 27 0 7 0 0 15 19 13 0 0 0 1 7 0 12 0 0 10 1 14 13 18 1 16 11 0 21 16 1 9 20 25 0 18 12 13 0 0 0 2 0 0 8 0 0 0 0 0 0 0 0 0 0 0 0 2 0 0 0 0 0 0 0 0 0 0 0 0 0 2 0 0 0 0 0 4 0 0 0 0 26 0 0 0 13 0 0 0 5 0 0 0 0 0 1 0 0 1 17 1 1 7 1 42 80 19 14 0 18 13 1 20 45 7 33 16 0 0 0 0 0 0 19 2 0 0 0 0 0 0 0 0 0 0 22 0 0 0 0 0 0 0 0 0 0 0 0 0 0 0 0 0 0 0 0 0 0 0 0 0 0 0 0 0 0 1 0 0 0 0 21 0 2 0 0 0 2 2 0 0 0 0 0 0 0 0 0 0 0 0 0 0 2 0 0 0 17 12 0 0 0 36 0 0 0 0 
 2 0 0 0 0 2 4 0 0 0 15 3 0 0 0 0 0 0 5 0 234 86 71 117 166 172 194 121 359 160 581 40 156 114 75 0 121 76 52 157 1 2 64 0 1 1 0 5 207 1 1 2 0 0 0 0 2 3 0 0 0 0 1 2 0 0 0 3 0 0 0 2 0 2 0 0 0 3 2 2 0 0 0 0 0 0 0 0 0 0 0 0 0 0 0 0 0 0 0 0 11 58 33 0 3 12 55 3 1 0 0 10 0 34 1 14 6 11 12 11 0 0 2 0 0 0 0 0 0 0 0 1 41 0 0 0 0 0 0 42 0 0 0 0 0 0 0 20 0 0 0 0 0 0 0 0 0 0 0 6 0 0 0 0 0 0 0 0 2 0 0 0 0 0 0 0 0 0 0 0 0 12 12 25 14 23 9 30 0 40 5 0 0 0 0 0 24 25 0 15 8 1 0 0 0 0 0 0 0 0 0 0 4 0 0 0 0 0 1 0 0 0 0 0 0 0 0 0 0 0 0 0 0 0 0 0 0 0 0 0 0 0 0 0 0 0 0 0 0 0 0 71 0 0 17 2 0 4 1 0 0 0 0 0 0 0 10 0 0 0 0 0 0 0 54 0 0 0 0 0 0 23 0 0 0 0 0 0 0 0 
 3 0 4 2 1 6 8 2 8 1 3 2 1 3 1 0 1 4 1 2 86 410 140 43 64 238 54 255 127 80 237 374 112 279 60 121 0 235 192 120 4 12 0 0 5 0 2 66 1 1 1 2 69 0 0 1 0 3 55 0 0 2 52 2 10 0 0 3 0 0 3 51 9 2 0 0 0 4 2 3 2 0 0 0 2 0 0 0 0 0 0 0 0 0 0 0 0 0 0 0 0 10 17 18 33 0 12 18 29 0 0 19 12 11 18 33 0 37 2 10 18 0 0 0 0 0 0 2 0 0 0 1 0 0 0 0 0 0 2 0 0 0 0 0 0 0 0 0 0 0 0 0 0 0 0 7 0 0 0 0 0 0 0 0 1 0 0 0 0 0 0 0 0 26 0 0 0 0 0 0 0 44 25 21 0 10 30 14 18 1 46 52 0 3 0 12 0 11 0 44 24 0 0 0 0 0 20 0 0 0 0 0 0 23 0 2 0 0 1 0 0 0 0 0 1 0 0 0 0 0 0 1 0 0 0 0 0 2 0 0 0 0 4 0 0 0 0 0 0 0 0 0 0 10 7 0 2 46 7 3 2 29 0 0 0 0 0 0 0 0 0 0 1 0 0 0 0 0 0 23 0 6 0 0 0 0 0 0 0 0 
 2 1 3 2 2 4 2 3 0 1 5 85 2 9 2 0 1 8 3 1 118 22 64 379 53 61 174 45 193 29 101 90 141 71 30 76 235 0 177 128 2 6 0 3 3 0 0 3 0 0 2 3 4 0 4 6 2 3 0 0 1 12 3 2 2 0 2 14 0 4 0 2 3 6 4 0 7 3 9 7 0 0 0 0 0 0 0 0 0 0 0 0 0 0 0 0 0 0 0 0 15 25 31 16 23 13 13 0 9 9 0 41 13 52 6 0 0 9 13 2 0 0 0 0 1 0 0 0 0 0 0 0 0 0 0 0 0 2 0 0 2 0 0 0 0 0 0 0 0 0 0 0 0 0 2 0 0 0 0 0 0 0 0 23 0 0 0 0 0 0 0 0 0 0 0 0 0 0 0 0 8 54 4 5 37 0 21 30 0 69 14 16 19 12 6 14 12 13 0 20 0 0 2 0 0 0 0 0 2 0 0 0 0 0 0 0 0 20 1 0 0 0 0 0 0 2 0 0 0 0 0 0 0 0 0 0 0 0 1 0 0 0 7 0 0 0 2 0 0 0 0 0 0 0 21 0 2 2 80 3 1 0 0 0 0 0 0 0 0 0 0 0 0 0 0 0 0 0 0 0 0 11 0 0 0 0 0 0 0 0 
 0 2 0 0 2 0 0 3 0 0 4 4 0 0 0 0 1 0 4 0 192 136 128 176 281 64 211 47 268 82 98 40 439 136 75 52 192 177 0 130 2 2 0 0 27 2 0 3 0 2 2 2 0 3 0 0 0 3 0 0 0 3 3 2 0 1 3 3 3 0 0 2 0 2 0 0 3 3 2 5 0 0 0 0 0 0 0 0 0 0 0 0 2 0 0 0 0 0 0 0 43 24 64 20 3 11 24 2 13 9 0 40 15 29 26 0 13 12 15 0 0 0 0 0 0 0 0 0 0 0 0 0 0 0 0 0 1 17 0 0 1 0 0 0 0 0 0 0 0 0 0 10 0 0 0 0 0 0 0 0 0 0 0 0 4 0 0 0 0 0 0 0 0 0 0 0 0 0 0 0 21 32 29 28 36 3 9 15 8 30 0 14 44 16 23 53 11 23 11 17 0 0 0 4 0 13 0 0 0 0 0 0 0 0 0 0 0 0 4 0 0 0 0 0 0 0 0 0 0 0 0 0 0 0 0 0 0 0 0 0 0 0 8 0 0 0 2 0 0 0 0 0 2 0 3 0 0 2 76 2 1 0 0 0 0 0 57 0 0 0 0 0 0 0 0 0 0 6 0 0 0 13 0 0 0 0 0 0 0 0 
 0 0 0 0 0 73 0 0 0 0 0 0 0 16 2 0 0 0 0 0 275 36 35 210 137 50 462 41 227 349 137 58 150 163 243 157 120 128 130 0 0 2 0 0 0 0 0 3 0 1 1 3 0 0 0 0 0 3 34 0 0 2 3 2 0 0 0 3 0 0 0 2 0 2 0 0 0 3 2 3 0 0 0 0 11 0 0 2 0 9 6 0 0 0 0 0 0 0 0 0 0 36 19 20 16 11 11 12 0 0 13 1 0 36 7 14 0 0 11 27 0 2 0 0 0 0 0 0 0 2 0 2 1 0 0 0 0 0 0 0 0 0 0 0 9 0 0 0 0 0 0 0 0 0 0 0 0 0 0 5 0 0 0 0 9 0 0 0 0 0 0 0 0 0 0 0 0 0 0 8 0 18 9 14 0 13 11 36 12 41 0 14 27 25 16 0 28 52 11 19 0 0 0 0 0 1 0 0 0 0 0 17 0 0 0 0 1 0 1 0 0 19 0 0 0 0 0 0 0 0 0 0 0 0 0 0 0 0 0 0 0 0 0 0 0 1 0 0 0 0 0 0 0 0 6 2 0 0 0 2 0 0 0 0 0 0 10 0 0 0 0 0 0 0 0 0 0 0 0 0 0 12 0 0 0 5 0 0 0 0 
 6 3 6 4 3 10 4 3 4 4 5 6 66 3 5 3 5 6 3 3 3 1 1 2 2 1 2 1 2 3 3 2 2 4 0 1 4 2 2 0 0 238 176 63 94 25 166 363 112 118 53 36 41 143 289 330 294 112 58 35 0 1 0 0 0 0 0 0 1 0 0 0 0 0 0 0 2 0 3 0 0 0 0 0 0 0 0 0 0 0 0 0 0 0 0 0 0 0 0 0 0 0 0 0 0 0 0 0 0 0 0 0 0 0 0 0 0 0 0 0 7 13 9 0 20 0 0 56 0 6 20 15 0 0 0 0 17 14 0 0 0 1 0 0 0 0 20 0 0 0 56 0 12 0 0 0 0 0 0 0 0 0 0 0 0 0 0 0 0 0 13 0 0 0 0 0 0 0 0 0 0 0 0 0 0 0 0 0 0 0 0 0 0 0 0 0 0 0 0 0 0 9 13 16 0 3 0 1 0 0 21 24 0 0 58 49 20 32 0 0 0 1 0 0 0 0 0 0 0 0 0 0 1 2 0 0 0 0 15 0 0 0 0 0 0 0 0 0 0 2 0 3 0 0 0 0 0 1 0 17 0 0 66 65 0 31 0 0 2 0 0 0 0 0 0 0 0 0 0 0 0 0 0 0 27 0 0 14 0 0 
 0 0 0 0 0 0 0 0 0 0 1 0 0 0 0 0 0 0 0 0 2 4 2 3 5 9 2 5 2 2 2 69 2 3 2 2 12 6 2 2 238 0 198 312 45 104 388 205 105 82 38 317 104 293 345 93 159 37 71 91 0 5 0 0 2 0 0 0 0 0 0 0 7 0 0 10 50 4 50 0 0 0 0 0 0 0 10 0 0 0 0 11 0 0 0 0 0 0 0 0 0 0 0 0 0 0 0 0 0 0 0 0 0 9 0 0 0 0 0 0 6 5 9 7 16 14 11 4 15 0 9 26 0 1 15 0 7 0 11 7 0 5 0 0 0 0 9 0 0 0 1 0 16 0 0 23 0 0 0 0 0 0 0 0 0 0 0 0 0 0 13 0 0 0 0 2 0 0 0 0 0 0 0 0 19 0 0 0 0 0 0 0 0 0 0 0 0 0 0 0 10 4 32 0 0 15 26 18 0 8 7 3 13 0 37 27 1 29 12 1 0 21 0 0 0 0 0 20 0 0 0 0 0 4 0 0 0 0 2 25 0 0 11 0 0 0 0 0 0 0 0 0 0 2 0 0 0 0 0 12 0 0 0 36 0 16 0 1 2 0 0 0 0 0 0 0 0 0 0 0 0 0 3 0 15 0 0 1 1 0 
 0 0 0 0 0 0 0 0 0 0 0 0 0 0 0 0 0 0 0 0 0 0 0 0 0 0 0 0 61 0 0 0 0 0 0 64 0 0 0 0 176 198 0 118 135 30 232 125 48 287 111 50 170 54 318 98 139 125 114 53 0 0 0 0 1 0 0 0 0 0 0 0 0 0 0 0 50 6 15 0 0 0 0 0 0 0 0 0 0 0 0 0 0 0 0 0 0 0 0 0 0 0 0 0 0 0 0 0 0 0 0 0 0 0 0 0 0 0 0 0 0 26 0 7 17 0 17 8 18 0 31 20 5 6 9 18 25 13 0 0 0 0 0 0 0 0 0 5 0 0 13 0 5 0 11 0 18 0 0 0 0 0 0 0 0 0 0 0 0 0 9 0 0 0 0 3 0 0 0 0 0 0 0 0 0 0 0 0 0 0 0 0 0 0 0 0 0 0 0 0 11 19 22 2 21 0 19 46 14 0 5 58 0 18 57 23 33 84 0 10 0 0 0 0 0 0 0 10 0 0 0 0 0 0 0 0 1 0 0 1 0 0 0 0 0 0 0 0 0 0 0 3 0 0 0 0 0 0 0 24 0 0 67 33 0 14 2 65 0 0 2 0 0 0 1 0 0 0 0 0 0 0 0 0 4 9 0 14 0 0 
 5 0 0 0 0 6 6 0 0 0 3 2 0 3 2 2 0 3 0 0 0 0 0 0 0 2 0 0 0 0 2 210 0 0 0 0 0 3 0 0 63 312 118 0 167 108 85 211 148 198 331 268 63 76 53 46 86 262 92 52 75 0 0 0 0 0 68 0 0 1 0 0 0 75 6 0 2 1 0 0 0 2 0 11 0 0 1 2 2 0 0 0 0 0 0 0 10 0 0 0 0 0 0 0 0 0 0 0 0 0 0 0 0 0 0 0 0 0 0 0 0 0 10 0 0 10 0 6 0 6 0 9 0 0 0 31 0 0 0 0 18 16 7 0 0 0 10 0 0 0 3 0 0 14 17 10 0 0 14 21 8 2 0 0 0 0 9 0 0 0 0 0 0 23 0 6 0 0 0 0 0 0 0 0 0 0 0 0 0 0 15 0 0 0 0 0 0 0 0 0 0 0 0 20 12 26 0 0 0 14 1 14 0 0 5 0 7 0 0 18 8 10 13 0 0 0 9 0 0 0 0 0 25 50 13 19 0 0 25 10 0 9 0 0 0 0 0 0 0 0 0 0 0 2 0 0 0 0 0 2 0 0 12 1 37 2 0 0 1 0 47 0 0 0 0 0 0 0 0 0 0 0 0 0 0 3 0 0 1 0 
 0 0 0 0 0 0 0 0 0 0 1 2 0 0 0 0 0 0 0 0 3 3 3 0 3 0 0 5 0 0 3 0 0 2 0 1 5 3 27 0 94 45 135 167 0 109 318 81 76 69 166 158 260 50 98 102 114 44 295 487 0 0 0 0 1 0 1 0 54 0 0 0 0 118 50 0 0 0 4 0 0 0 0 0 0 0 0 0 14 0 0 0 0 0 0 0 0 0 0 0 0 0 0 0 3 0 0 0 3 0 0 1 6 0 1 0 0 1 0 0 0 6 0 0 9 0 0 11 0 0 21 6 0 0 0 0 0 0 0 0 0 0 17 0 9 0 0 26 1 17 11 0 45 10 1 26 0 1 18 0 6 0 0 0 0 0 0 0 0 0 0 0 0 4 0 0 0 0 0 0 0 2 5 10 0 9 0 4 0 0 0 0 0 0 0 14 0 1 0 13 0 14 0 11 13 0 0 0 0 9 17 0 0 0 0 0 8 10 0 12 20 8 17 0 0 0 18 0 0 0 0 0 0 0 16 22 15 19 16 38 3 0 7 0 0 0 0 0 0 0 0 2 0 0 0 0 0 0 6 1 0 0 2 0 0 7 2 0 2 0 0 0 0 0 0 0 0 0 0 0 0 10 0 0 11 0 0 0 0 0 
 0 0 0 2 0 0 0 0 0 0 0 0 0 0 0 0 0 0 0 0 0 0 0 0 0 0 6 0 0 0 0 0 0 0 1 1 0 0 2 0 25 104 30 108 109 0 92 109 49 43 105 69 44 60 111 216 222 253 55 48 67 0 0 0 28 54 54 0 1 1 1 0 50 54 1 0 0 1 1 51 0 0 0 0 0 0 0 0 0 0 8 0 0 0 0 0 0 0 0 0 0 0 0 0 0 0 0 0 0 0 0 0 0 0 0 0 0 0 0 0 0 18 30 13 6 26 0 8 8 2 0 1 0 0 0 21 15 16 0 0 19 15 8 0 19 15 41 0 0 0 0 0 6 8 0 16 0 0 8 19 0 0 0 0 0 0 0 0 0 0 0 0 0 0 0 0 0 0 0 0 0 0 0 0 0 0 0 0 0 0 0 0 0 0 0 0 0 0 0 0 0 1 0 52 16 34 0 14 0 21 4 8 0 0 0 0 1 0 0 1 0 24 0 0 0 0 21 14 0 0 0 0 32 22 4 10 0 0 22 0 0 0 0 0 0 0 0 0 8 0 0 4 1 0 0 0 0 0 0 0 0 0 0 0 41 0 5 1 0 0 0 0 0 0 0 0 0 0 0 0 0 0 0 0 0 9 0 0 0 0 
 2 1 0 1 2 0 0 0 0 2 1 0 2 1 2 1 3 3 4 2 202 77 19 33 0 65 0 0 0 79 3 1 0 2 0 0 2 0 0 0 166 388 232 85 318 92 0 172 57 135 94 248 263 158 93 36 48 61 256 324 2 0 0 0 3 2 0 0 3 3 0 2 0 2 0 0 22 2 0 0 0 0 0 22 20 0 0 0 0 0 0 0 0 0 0 0 0 0 0 0 0 0 0 1 0 2 0 0 11 4 0 0 0 0 0 0 9 0 0 0 7 40 3 2 0 0 0 3 26 8 24 20 10 0 2 24 24 17 3 18 13 1 0 0 0 0 1 0 0 0 0 0 9 0 15 0 10 0 0 0 0 0 0 0 10 0 0 0 0 4 10 0 0 0 0 6 0 0 0 0 0 0 0 0 0 1 0 0 19 0 1 12 0 0 0 0 0 0 0 0 0 0 2 0 2 0 21 22 25 0 0 0 4 40 8 4 0 7 18 8 0 0 0 0 0 0 0 13 0 0 0 0 28 23 11 0 0 0 0 0 0 0 0 0 0 0 0 0 0 0 0 11 0 0 0 0 0 56 0 2 0 0 0 66 0 4 0 1 2 0 0 0 0 0 0 0 0 0 0 18 0 0 0 0 0 0 0 0 0 0 
 6 30 62 63 0 3 0 2 62 63 0 3 58 0 0 0 0 0 0 0 4 3 4 36 35 3 3 7 3 4 4 4 2 5 3 5 66 3 3 3 363 205 125 211 81 109 172 0 266 44 45 22 149 139 150 108 176 152 163 50 0 0 0 0 1 205 0 0 0 2 0 0 0 0 3 0 1 12 51 2 13 0 13 8 0 17 0 0 0 0 14 12 0 0 0 21 0 0 0 0 74 0 0 0 0 0 3 1 0 0 0 0 0 0 0 0 0 0 6 1 11 66 30 31 13 13 13 39 11 14 20 0 0 14 14 17 21 5 0 10 20 5 0 0 0 2 3 0 0 0 0 0 0 10 0 0 12 0 0 22 0 0 0 0 1 0 0 0 26 0 29 0 0 19 0 0 0 4 0 0 0 0 0 0 0 18 4 0 0 0 0 0 0 0 0 0 0 0 0 0 0 7 13 17 0 21 10 20 22 63 0 3 0 14 7 41 7 0 0 26 0 1 0 0 0 0 0 11 0 0 0 0 19 9 0 0 0 0 0 0 0 0 0 0 0 0 0 0 0 0 0 0 0 0 0 0 0 0 2 0 0 0 1 0 0 4 0 67 2 0 0 0 0 0 0 0 0 0 0 0 0 0 0 0 14 0 0 0 0 0 
 0 0 0 0 0 0 0 0 0 0 1 1 0 0 0 0 0 0 0 0 0 0 0 7 3 0 0 2 68 0 2 0 0 0 0 207 1 0 0 0 112 105 48 148 76 49 57 266 0 240 27 52 67 70 108 143 262 67 156 82 0 0 0 0 0 0 0 0 0 0 0 1 0 0 18 0 1 0 18 51 0 0 0 0 0 0 0 0 0 0 0 0 0 0 0 0 0 0 0 0 0 0 0 0 0 17 0 0 0 0 0 0 0 0 0 0 0 0 0 1 21 0 3 12 58 6 4 26 0 2 2 8 0 0 0 16 0 0 15 0 27 11 0 0 0 0 1 0 0 0 1 0 0 0 10 0 0 0 0 11 0 0 0 0 0 0 0 0 0 0 1 0 0 0 0 0 0 0 0 0 0 0 0 0 0 0 0 0 0 0 8 5 0 0 0 0 0 2 0 0 38 0 0 74 0 49 3 19 0 38 21 11 8 3 20 22 1 20 2 16 0 1 0 0 0 0 0 0 0 0 0 0 0 23 0 0 0 0 0 0 0 0 0 0 0 0 0 0 0 0 0 0 0 2 0 0 0 0 0 9 0 0 0 1 0 10 0 0 0 0 0 0 0 0 0 0 0 0 0 0 0 0 0 0 10 0 0 0 1 0 
 7 3 3 5 5 12 10 5 4 3 5 3 4 4 3 3 3 5 3 3 2 1 2 2 1 2 1 2 2 2 2 1 0 2 1 1 1 0 2 1 118 82 287 198 69 43 135 44 240 0 126 37 346 161 152 223 50 60 181 172 0 0 0 0 51 4 0 0 2 0 0 1 0 0 3 0 50 2 0 0 0 0 0 0 0 0 0 0 0 0 0 0 0 0 0 0 0 0 0 13 0 0 0 0 0 14 0 0 0 0 0 0 0 0 0 0 0 0 0 9 0 0 12 34 31 0 0 18 2 8 1 19 0 0 12 17 20 0 13 12 12 0 0 0 0 0 0 3 0 0 0 0 0 0 12 1 4 1 1 5 0 0 0 0 0 0 0 14 0 0 12 0 0 0 0 2 0 0 0 0 0 0 0 0 0 0 0 0 0 0 0 0 0 0 0 0 0 0 0 0 0 0 8 10 2 16 28 16 9 0 11 15 0 0 40 81 3 22 0 0 0 10 0 0 0 0 10 0 0 0 0 0 0 13 0 0 0 0 0 0 0 0 0 0 0 0 2 0 0 0 0 3 0 0 0 0 0 1 0 29 0 0 0 31 2 21 0 0 2 0 15 0 0 0 0 0 0 0 0 0 0 0 0 0 0 10 0 0 0 0 
 6 2 4 2 2 8 8 2 2 2 2 2 2 2 2 2 2 4 2 2 1 1 2 2 2 2 1 1 209 4 1 1 0 2 1 1 1 2 2 1 53 38 111 331 166 105 94 45 27 126 0 178 54 34 128 309 212 522 42 67 57 3 1 0 0 0 58 1 2 4 0 0 2 75 62 0 0 0 5 1 0 0 0 0 0 0 0 0 0 0 0 0 0 2 0 0 0 0 8 0 0 0 0 0 0 0 0 0 0 0 0 0 0 0 0 0 0 0 0 0 0 20 22 11 8 10 0 8 12 2 0 1 0 0 0 7 14 13 0 0 0 8 20 0 1 1 37 0 1 1 4 1 3 8 0 10 1 1 29 0 14 0 15 0 0 0 0 0 0 0 0 0 6 0 7 0 0 0 0 2 0 0 0 0 0 0 0 0 0 0 0 0 0 0 16 0 0 0 0 0 0 0 11 0 28 14 0 18 0 0 9 0 0 0 0 0 0 0 0 0 71 10 11 0 1 0 11 32 0 0 2 0 50 0 6 31 1 38 32 18 0 0 0 0 0 0 0 0 0 0 0 0 0 0 0 0 0 0 1 12 0 0 0 0 37 2 2 0 1 0 0 0 0 0 0 1 0 0 0 0 0 0 0 0 0 23 0 0 0 2 
 0 1 0 3 4 1 66 0 27 62 2 2 0 1 26 0 0 1 0 0 4 2 2 3 2 2 3 5 2 18 5 2 2 48 66 2 2 3 2 3 36 317 50 268 158 69 248 22 52 37 178 0 44 39 18 95 109 165 102 50 6 0 0 1 3 0 5 6 1 1 0 0 11 30 51 5 0 13 4 1 8 0 0 24 0 0 0 0 0 0 5 0 0 0 0 5 0 0 0 0 0 0 0 0 0 0 0 0 0 0 0 0 0 0 0 0 0 0 0 0 0 0 1 49 0 0 26 0 0 0 0 0 0 0 0 0 0 0 0 0 0 0 21 8 9 0 14 6 0 0 27 0 0 8 0 7 0 0 11 0 8 0 26 0 0 38 0 1 0 6 9 0 0 0 0 0 0 0 44 13 0 0 0 0 0 0 1 0 6 0 0 0 0 0 0 0 0 0 0 0 9 9 14 0 28 13 0 0 0 1 28 0 9 20 0 0 0 0 0 11 11 4 18 3 7 0 0 19 0 3 0 0 7 0 28 19 0 10 24 26 0 0 6 0 0 0 0 0 1 0 21 2 0 0 0 0 0 0 0 18 0 0 0 8 0 0 21 71 2 0 5 0 0 1 0 6 0 0 0 0 0 0 0 0 0 0 0 0 0 0 
 2 0 0 0 3 4 4 0 0 33 0 0 0 0 0 0 0 0 9 0 0 0 0 0 33 0 0 0 0 0 2 62 0 0 0 0 69 4 0 0 41 104 170 63 260 44 263 149 67 346 54 44 0 219 160 32 100 99 250 47 1 0 0 5 1 0 0 0 0 0 0 0 0 0 0 4 23 4 6 0 0 0 0 0 0 0 0 0 0 0 0 0 0 0 0 0 0 0 0 0 0 0 0 0 0 1 0 0 0 0 0 0 0 0 0 0 12 0 0 0 0 21 13 17 0 0 8 8 18 34 59 4 0 20 9 12 35 14 0 11 0 0 0 0 0 1 0 0 7 0 0 4 0 0 0 21 2 0 0 0 0 0 0 0 26 20 0 0 0 4 9 0 0 0 0 5 0 0 0 0 0 0 0 0 0 11 0 0 0 0 12 0 0 0 0 0 0 0 0 0 16 56 2 0 0 0 65 37 9 0 0 0 0 21 5 14 0 0 1 24 0 0 0 0 0 0 0 16 0 0 5 0 1 0 0 0 0 7 0 0 0 0 0 0 0 0 0 0 0 0 0 7 0 0 0 0 0 71 0 1 0 20 0 65 1 3 2 64 0 0 0 0 0 0 0 0 0 0 0 0 0 0 0 0 0 0 0 0 0 0 
 0 0 0 1 10 0 0 3 0 0 1 10 6 0 0 0 0 0 0 0 0 0 62 0 121 61 0 3 0 0 0 0 0 0 0 0 0 0 3 0 143 293 54 76 50 60 158 139 70 161 34 39 219 0 118 34 78 30 126 254 0 0 3 3 2 0 0 0 0 0 2 0 0 0 55 0 52 0 0 0 0 0 0 7 0 0 6 0 0 0 0 1 0 0 8 0 0 0 0 0 0 0 0 0 0 26 0 0 0 1 8 0 0 0 0 0 0 0 0 0 0 22 21 3 16 0 0 1 39 28 6 23 0 23 11 15 16 16 33 21 0 0 0 0 0 10 0 0 0 0 0 0 0 0 0 1 0 0 0 0 0 0 8 3 0 0 0 2 0 5 23 5 0 0 0 4 3 0 0 0 0 0 1 10 0 0 0 0 0 0 0 0 0 0 0 0 0 0 0 0 0 18 8 0 0 0 33 27 23 0 0 0 0 18 45 41 9 20 5 6 0 0 0 0 0 0 0 0 0 0 0 0 0 0 0 0 0 0 4 0 0 0 0 0 0 0 3 0 0 0 0 2 0 2 0 0 0 0 0 32 0 0 0 35 0 28 4 0 0 0 0 0 0 0 0 0 0 0 0 0 0 0 0 0 0 0 1 0 1 0 
 3 0 0 0 0 6 6 0 0 0 0 0 0 0 0 0 0 0 0 0 0 0 0 0 0 0 0 0 0 2 0 0 0 0 0 0 0 4 0 0 289 345 318 53 98 111 93 150 108 152 128 18 160 118 0 106 104 91 90 87 0 0 0 0 2 0 0 0 0 0 0 0 0 0 4 0 53 2 3 0 0 0 0 0 0 0 0 0 0 0 0 0 0 0 0 0 0 0 0 0 0 0 0 0 0 0 0 0 1 0 0 0 0 0 0 0 0 0 0 1 0 23 4 2 28 1 20 5 20 7 28 7 7 12 1 3 32 46 0 0 0 1 0 0 0 0 1 0 0 0 0 0 22 0 0 0 22 0 0 0 0 0 0 0 0 0 0 8 0 0 2 0 0 0 0 1 0 0 0 0 0 0 0 0 0 0 0 0 0 0 0 0 0 0 0 0 0 0 0 0 0 0 32 11 15 10 11 40 12 0 14 49 0 0 38 21 10 26 0 1 0 0 0 0 0 0 0 24 0 0 0 0 21 0 14 0 0 0 0 16 0 0 0 0 0 0 0 0 0 0 0 0 0 0 0 0 0 0 0 8 0 0 9 2 0 12 0 1 37 0 24 0 0 0 0 0 0 0 0 0 0 0 0 0 10 0 0 12 0 1 
 0 0 2 0 3 0 0 0 2 0 2 2 0 0 0 0 0 4 0 0 0 6 0 0 62 0 0 3 0 0 0 63 2 0 0 0 1 6 0 0 330 93 98 46 102 216 36 108 143 223 309 95 32 34 106 0 259 97 491 64 0 3 0 0 7 2 0 0 0 207 0 0 31 2 0 5 0 0 50 19 0 0 0 0 0 0 0 0 0 0 0 0 0 0 0 0 0 0 0 0 0 11 0 0 0 10 0 0 0 0 0 0 0 0 0 0 0 0 0 0 0 0 14 8 9 16 10 9 0 1 0 0 0 0 10 0 0 0 11 0 0 3 0 0 0 10 23 0 0 0 1 0 0 16 0 0 0 0 0 13 0 0 0 0 0 0 0 0 0 0 0 0 0 0 0 0 0 0 0 0 0 0 0 0 6 0 0 0 0 0 0 0 0 0 0 0 0 0 0 0 8 0 9 11 0 4 6 1 13 20 11 4 11 0 0 2 22 0 11 11 1 23 0 0 0 0 0 9 0 0 0 0 11 15 0 0 4 0 8 11 0 0 10 0 0 0 0 0 0 0 0 2 0 0 62 0 0 0 0 1 0 0 1 0 0 3 0 1 0 0 0 0 0 0 0 0 0 0 0 0 0 0 0 0 0 17 0 0 0 0 
 0 4 0 0 0 0 0 0 0 0 0 0 0 0 0 0 0 0 0 0 0 1 0 0 0 0 0 0 0 0 2 0 0 1 0 2 0 2 0 0 294 159 139 86 114 222 48 176 262 50 212 109 100 78 104 259 0 217 33 44 0 12 0 0 1 0 5 4 1 4 0 1 52 0 4 0 0 2 7 75 0 0 0 0 0 0 0 0 0 0 0 0 0 0 0 0 1 0 0 0 0 0 0 0 0 0 0 0 0 0 0 0 0 0 0 0 0 0 0 0 1 35 3 7 1 9 1 23 3 7 23 22 0 0 0 12 16 28 0 0 10 11 3 5 0 37 8 0 0 0 13 0 28 13 11 5 7 0 0 44 0 0 0 0 18 0 0 0 0 0 0 0 0 0 0 0 0 0 0 0 0 0 0 0 0 0 0 0 0 0 0 0 0 0 0 0 0 0 0 0 0 9 0 13 1 33 0 13 8 9 0 23 0 0 15 0 40 3 0 1 0 45 0 3 0 0 12 14 0 1 0 0 45 19 15 0 1 0 9 11 0 0 0 0 0 0 0 0 0 0 0 5 0 0 0 0 0 2 0 15 0 0 0 0 0 1 0 2 1 0 10 0 0 0 0 0 0 0 0 0 0 0 0 0 5 7 0 8 0 0 
 0 0 0 2 0 0 0 0 0 0 0 0 0 3 0 1 0 0 1 0 3 3 3 6 3 3 3 3 3 3 3 4 3 6 3 3 3 3 3 3 112 37 125 262 44 253 61 152 67 60 522 165 99 30 91 97 217 0 29 40 23 0 0 0 1 0 2 0 0 0 0 0 0 80 0 0 1 0 6 1 2 1 0 2 0 2 2 0 1 0 2 2 1 10 1 2 2 2 1 1 2 2 0 1 2 0 0 1 0 12 1 0 2 0 0 1 0 0 0 0 0 8 16 8 15 14 0 25 16 10 13 0 0 0 0 16 6 11 0 0 27 11 0 0 0 0 7 0 0 0 5 0 10 21 0 0 18 0 26 49 0 1 2 0 0 26 2 2 2 2 3 5 0 2 1 0 0 0 1 0 1 1 0 0 0 2 0 2 1 0 0 0 0 1 1 1 1 0 0 1 0 0 0 12 10 37 0 18 12 0 6 14 1 0 24 20 0 19 0 0 20 23 10 0 9 0 7 6 0 0 0 0 27 0 24 16 6 0 9 0 0 0 1 0 0 0 0 0 0 0 0 2 0 0 0 0 0 0 0 25 0 0 5 1 65 18 0 1 0 0 0 0 0 0 0 0 0 0 0 0 0 1 0 0 0 8 0 0 0 0 
 5 3 5 11 7 5 7 3 4 3 33 3 3 3 3 3 3 5 3 3 0 0 63 0 0 126 0 1 61 2 0 54 0 0 205 0 55 0 0 34 58 71 114 92 295 55 256 163 156 181 42 102 250 126 90 491 33 29 0 409 0 0 3 0 2 4 7 0 0 0 0 8 0 4 6 0 40 25 10 0 0 0 0 0 0 0 0 0 0 0 0 0 0 0 0 0 0 0 0 0 0 0 10 0 21 10 0 0 0 0 0 0 0 0 0 0 0 9 0 0 4 21 2 1 10 0 55 11 0 0 40 0 0 0 2 0 0 21 11 14 0 0 0 0 0 4 0 0 0 5 1 0 1 0 0 2 10 5 12 0 0 0 4 0 0 0 0 0 0 0 0 0 0 0 0 0 5 32 0 0 0 0 0 0 30 16 0 0 5 0 27 19 0 0 0 0 0 0 0 0 14 15 22 10 27 0 11 0 39 10 0 0 0 52 0 1 0 0 0 21 0 11 0 0 0 5 0 0 0 0 0 0 0 0 0 0 0 0 0 0 0 0 14 0 0 0 0 0 0 0 0 6 0 1 0 0 0 20 66 0 0 8 0 0 1 2 2 10 0 0 0 0 0 0 0 0 0 0 0 0 0 0 0 0 0 0 1 0 0 0 
 0 0 0 0 0 0 0 0 0 0 23 0 0 0 0 0 0 1 0 0 0 0 125 0 35 62 0 0 0 0 3 0 52 0 1 0 0 0 0 0 35 91 53 52 487 48 324 50 82 172 67 50 47 254 87 64 44 40 409 0 0 0 0 0 2 2 0 0 0 0 8 4 0 2 0 1 35 5 0 0 0 0 0 5 7 0 0 0 0 0 0 0 37 0 0 0 0 0 0 0 0 0 0 0 24 28 0 0 0 0 2 0 0 0 0 0 0 0 12 0 12 32 0 0 13 0 0 10 18 0 0 20 0 11 14 29 1 16 29 44 0 0 0 0 0 4 0 0 0 4 1 0 0 0 0 0 0 3 14 0 0 6 7 0 0 0 0 0 0 0 0 0 6 0 0 0 7 3 0 0 0 0 1 15 14 12 0 0 12 0 14 18 0 0 0 0 0 0 0 0 0 8 0 10 0 0 18 3 41 13 0 0 2 26 9 11 20 9 8 39 0 0 0 0 0 7 0 0 0 7 0 0 0 9 0 0 0 0 0 0 0 0 1 0 0 0 0 0 0 31 0 2 0 1 0 0 0 0 63 2 0 0 1 0 0 1 5 0 0 0 0 0 0 0 0 0 0 0 0 0 0 0 0 0 0 0 0 0 2 0 
 0 3 0 0 13 0 0 0 0 0 0 0 0 0 0 0 0 0 0 0 0 0 0 0 0 0 0 0 0 0 0 0 0 0 0 0 0 1 0 0 0 0 0 75 0 67 2 0 0 0 57 6 1 0 0 0 0 23 0 0 0 130 133 134 89 47 257 138 456 485 269 59 178 86 53 191 84 63 58 107 0 67 0 0 0 0 0 0 0 0 0 0 0 0 0 0 0 0 0 0 0 0 0 37 0 0 0 0 0 0 0 0 0 0 0 0 0 0 0 0 0 0 3 0 4 0 19 0 0 4 1 1 0 0 0 6 0 13 0 0 10 28 0 6 22 0 7 20 9 15 10 1 28 33 1 4 4 0 16 17 0 0 0 0 0 4 0 2 0 0 0 0 0 0 0 0 0 0 7 0 0 0 0 0 0 0 0 0 0 0 0 0 0 0 0 0 2 0 0 0 0 0 1 0 14 2 0 0 1 1 12 0 0 0 0 0 0 0 0 0 0 43 0 34 8 11 27 14 19 16 10 0 28 0 10 11 8 0 0 0 0 0 0 12 0 0 0 0 0 0 0 0 36 0 22 0 0 0 0 0 0 0 0 0 57 0 0 0 0 0 10 0 29 0 0 9 0 0 0 0 0 0 0 16 0 8 0 0 0 0 
