 0 142 230 137 36 23 223 130 147 68 125 109 191 257 158 86 91 143 170 129 0 0 2 0 0 0 2 0 0 3 0 2 27 3 0 0 0 0 4 0 0 0 1 3 3 0 2 0 0 0 0 0 0 0 0 0 3 0 0 0 0 1 3 0 0 0 3 2 3 0 42 0 0 0 0 39 0 0 2 2 7 36 1 0 2 17 19 8 28 41 0 0 9 18 52 0 20 0 34 13 0 0 0 0 0 0 0 0 0 0 0 0 0 0 1 0 0 2 4 0 0 0 0 0 0 0 24 0 0 0 0 0 10 0 0 0 0 0 0 0 0 0 0 0 0 0 0 1 0 0 0 1 0 0 0 0 0 5 0 0 0 0 1 19 0 0 10 15 9 14 0 12 52 26 20 56 16 24 10 19 0 0 0 0 0 0 0 0 0 0 0 0 0 0 0 0 0 0 13 0 0 0 0 0 0 0 0 0 8 0 0 0 0 2 0 0 0 0 0 0 0 0 0 0 0 0 0 2 14 0 0 0 0 0 0 0 0 11 2 0 0 1 0 0 0 0 0 0 2 0 0 2 0 0 1 0 0 0 0 0 0 0 0 0 0 0 0 0 0 0 2 0 0 0 0 0 0 0 0 0 0 0 0 0 0 0 0 0 0 0 
 142 0 102 155 127 32 241 279 234 43 55 234 25 154 444 137 68 55 270 43 0 74 2 0 0 0 2 0 0 1 0 0 0 3 0 1 0 0 0 0 0 0 3 3 3 0 34 0 0 0 3 0 0 0 0 0 3 0 0 0 0 0 3 0 0 0 3 2 3 0 35 0 0 0 0 1 0 0 2 7 8 0 0 28 0 0 10 0 17 23 1 20 36 27 15 7 16 0 0 13 0 0 0 0 0 0 0 0 0 0 0 0 0 0 19 2 0 0 0 0 0 0 0 0 0 0 0 0 0 0 0 0 0 0 0 0 19 0 0 1 0 0 0 0 0 0 0 0 1 0 0 0 0 0 0 0 0 5 0 0 0 37 28 0 12 0 10 1 10 1 0 0 11 10 38 52 0 19 35 11 0 0 0 0 0 0 0 0 0 0 0 0 8 0 0 0 0 0 0 3 0 0 0 0 0 0 0 0 2 0 0 0 0 0 0 0 0 2 0 0 1 0 0 2 0 0 2 0 0 0 0 0 0 0 0 0 0 0 0 0 0 0 0 0 0 0 91 2 0 89 1 10 15 0 0 0 0 0 0 0 0 0 5 0 0 0 0 0 0 0 0 0 0 0 0 0 0 0 0 0 0 0 0 0 0 0 0 0 0 0 
 230 102 0 468 71 33 232 247 434 639 485 208 91 90 54 131 229 51 216 186 206 0 2 0 1 0 3 38 2 1 0 0 5 3 3 2 0 3 1 0 0 0 1 3 3 0 5 0 0 0 0 0 1 0 0 3 6 0 3 0 0 0 3 0 0 0 3 5 4 0 0 0 0 0 0 1 2 7 32 3 8 16 25 12 22 30 13 0 8 13 0 0 16 9 18 11 28 28 25 7 0 0 0 0 0 0 0 21 0 19 0 0 0 0 0 2 0 0 9 0 0 0 0 0 0 0 0 0 0 0 0 0 0 0 0 0 0 0 0 1 0 0 0 0 0 0 0 0 0 0 0 0 5 0 0 0 0 1 0 0 0 16 11 12 0 0 30 8 19 27 0 10 12 0 2 23 39 12 10 13 0 0 0 0 0 0 0 0 0 0 0 0 0 0 0 0 0 0 0 5 0 0 0 0 0 0 0 0 1 0 0 0 0 0 0 0 0 2 0 0 1 0 0 2 0 0 2 0 0 0 0 13 0 0 0 0 0 0 0 0 0 0 0 0 0 0 1 0 0 92 22 5 19 0 0 0 0 0 0 0 0 0 0 0 0 0 0 0 0 0 0 0 0 0 0 0 0 0 0 0 0 0 0 0 0 0 0 0 0 0 
 137 155 468 0 163 119 80 478 255 175 91 190 281 67 358 186 28 66 78 384 0 1 2 0 2 0 1 0 0 2 1 0 80 2 0 0 0 0 0 1 0 0 3 32 3 0 65 0 0 0 0 0 1 0 0 0 2 0 0 0 0 0 3 0 0 0 2 2 3 0 3 0 0 0 0 3 0 0 3 2 20 49 10 33 0 22 0 0 21 14 13 0 0 0 34 0 15 30 0 0 0 0 0 0 0 0 2 0 0 2 0 0 14 0 0 0 0 0 16 23 0 0 0 0 0 0 0 0 0 0 0 0 0 16 0 0 0 0 0 0 0 0 0 2 0 3 2 0 0 0 0 0 1 2 0 0 0 0 0 2 0 0 52 0 24 12 0 0 19 0 14 23 33 0 2 18 40 27 0 0 0 0 0 0 0 0 0 0 0 0 0 0 14 0 0 0 0 0 22 11 0 0 0 0 0 0 0 0 1 0 1 0 0 0 0 0 0 0 0 0 0 0 0 0 0 0 0 0 0 0 0 0 0 0 0 0 0 0 0 0 0 19 0 0 0 2 93 2 3 104 14 6 0 0 0 0 0 0 0 0 0 0 7 0 0 0 0 0 0 7 0 0 0 0 0 0 0 1 0 0 0 0 0 0 0 0 0 0 0 0 
 36 127 71 163 0 252 53 147 185 83 218 264 299 58 63 144 159 137 51 100 149 76 2 0 1 0 147 1 0 0 0 0 0 76 0 0 2 0 226 0 0 0 0 3 3 0 63 6 0 3 0 0 2 2 0 0 3 0 0 0 0 0 3 0 0 0 2 2 3 1 1 0 0 0 0 2 0 0 3 2 0 0 13 18 10 0 0 2 12 14 21 83 1 0 0 0 10 34 0 0 13 0 15 0 0 0 24 31 29 9 0 17 10 10 38 0 0 0 14 0 0 0 0 0 0 0 0 0 0 0 0 0 0 0 0 0 0 0 0 0 0 0 0 0 0 0 0 0 0 0 0 5 0 0 1 4 0 0 0 0 0 0 20 0 31 30 0 0 29 0 13 15 8 0 0 77 22 17 5 2 10 1 34 0 0 0 24 25 10 36 0 10 43 19 17 28 14 0 0 11 0 0 0 0 0 1 0 0 0 0 0 0 0 0 0 0 0 0 0 0 0 0 0 0 0 0 0 0 0 0 0 0 0 0 0 0 0 0 0 0 0 0 0 0 0 0 1 0 1 3 0 3 0 0 0 0 0 0 0 0 0 0 11 0 0 0 0 0 0 0 0 0 0 0 0 0 19 0 0 0 0 0 0 0 0 0 0 0 0 0 
 23 32 33 119 252 0 35 25 47 146 326 114 31 44 171 66 96 40 42 70 1 0 2 0 1 0 28 43 77 0 0 0 72 30 0 79 1 3 59 0 0 2 0 3 3 0 3 8 0 4 0 62 0 62 0 0 3 0 0 0 0 0 3 0 0 0 3 2 3 0 0 0 0 0 0 1 0 0 7 2 0 10 0 30 11 11 0 0 14 0 7 18 0 0 0 0 2 26 0 0 10 0 13 0 0 0 2 8 0 0 0 0 14 0 29 0 0 16 10 11 0 0 0 0 0 0 0 0 0 0 0 0 0 0 0 1 0 0 0 0 0 0 0 0 0 15 0 10 0 0 2 0 0 0 0 0 0 0 0 0 14 0 33 18 5 1 0 0 15 0 0 3 2 0 0 15 0 0 7 0 35 14 0 0 0 0 19 5 6 0 11 0 7 19 10 10 18 0 26 0 11 0 21 0 0 0 0 0 0 0 0 0 0 0 0 0 0 0 0 0 0 0 2 0 0 0 0 0 0 0 0 0 1 0 0 0 0 0 0 0 0 0 0 0 0 19 56 1 87 1 0 3 0 0 0 0 0 0 0 0 0 0 0 0 0 0 0 0 0 0 0 0 0 0 0 0 16 17 0 0 0 0 0 0 0 0 0 0 0 0 
 223 241 232 80 53 35 0 128 126 245 51 545 500 208 31 23 417 325 495 252 0 0 2 0 2 0 4 2 0 3 0 3 0 3 0 0 0 0 0 0 0 0 0 3 3 0 2 0 0 0 0 0 30 0 0 0 3 3 0 0 0 0 2 0 0 0 3 2 10 0 2 0 0 6 0 2 0 0 2 3 29 16 2 0 11 0 73 31 33 33 0 0 34 11 37 26 20 7 25 40 0 0 1 0 0 0 0 2 0 0 0 0 0 0 0 0 0 0 0 0 0 0 0 0 0 0 0 0 0 0 0 0 0 0 0 1 0 0 0 0 0 0 0 0 0 0 0 0 0 0 2 0 0 0 0 0 0 7 0 10 27 31 0 2 2 0 12 34 0 21 14 0 11 1 11 3 16 5 25 22 0 0 0 0 0 0 0 8 0 0 0 0 0 0 0 0 0 0 0 0 2 0 0 0 0 0 0 0 0 0 0 0 0 0 0 0 0 0 0 0 0 0 0 0 0 0 0 0 0 0 0 0 1 0 0 0 0 0 0 0 0 13 0 0 0 2 1 2 2 0 1 4 0 0 0 0 0 0 0 0 0 0 0 0 0 0 0 0 0 0 0 0 0 0 0 0 0 0 0 0 0 0 0 0 0 1 0 0 0 0 
 130 279 247 478 147 25 128 0 251 48 47 117 200 171 134 429 27 29 503 249 1 0 2 0 1 0 1 0 0 1 0 0 0 3 0 2 0 0 0 1 0 0 1 3 3 0 28 0 0 0 0 0 0 0 0 0 3 0 2 0 1 0 3 0 7 8 2 2 3 0 2 9 0 2 0 2 2 0 3 6 22 7 60 20 0 0 33 0 38 43 1 21 17 14 22 19 17 9 17 9 0 0 0 0 0 0 0 0 0 0 0 0 0 0 0 0 0 0 0 0 0 0 0 0 0 0 0 0 0 0 0 0 0 0 0 0 0 0 0 0 2 1 0 0 0 0 0 0 0 0 0 0 0 0 0 0 0 7 0 0 0 28 32 0 11 1 24 22 25 50 0 0 0 10 11 29 12 29 41 0 2 0 0 0 1 0 0 0 0 0 2 0 34 0 1 0 0 0 0 0 0 11 1 0 2 0 0 0 0 0 0 2 0 0 0 0 2 0 0 0 0 0 0 0 0 0 0 0 0 0 0 0 0 0 0 0 0 0 0 0 0 0 0 0 0 0 89 0 0 92 12 19 15 0 0 0 0 0 0 0 0 0 8 0 0 0 0 0 0 0 0 0 0 1 0 0 0 0 0 0 0 0 0 0 0 0 0 0 0 0 
 147 234 434 255 185 47 126 251 0 89 360 268 315 287 262 241 29 48 321 183 2 2 2 0 1 0 3 0 0 4 0 0 0 3 0 0 2 0 21 0 0 0 4 3 3 0 75 0 0 0 0 0 2 0 0 0 2 0 0 0 0 0 3 1 0 0 2 2 3 0 2 0 0 0 0 50 5 0 3 2 9 20 9 29 0 19 1 0 34 35 8 57 18 0 85 18 15 37 1 11 1 0 0 0 0 0 26 0 0 0 0 2 8 0 0 0 1 0 86 11 0 0 0 0 0 0 0 0 0 0 0 0 0 0 0 0 0 0 0 0 0 0 0 0 0 0 0 0 0 0 0 0 0 0 0 0 0 2 0 0 0 13 1 0 14 12 1 18 14 45 15 24 15 0 0 37 49 37 12 1 0 0 0 0 0 0 0 0 0 0 0 0 22 0 0 0 0 0 14 23 0 0 0 0 0 0 0 0 0 0 0 0 0 0 0 0 0 0 0 0 0 0 0 1 0 0 1 0 0 0 0 10 0 0 0 0 0 0 0 0 0 29 0 0 0 2 46 0 1 7 0 4 2 0 0 0 0 0 0 0 0 0 12 0 0 0 0 0 0 0 0 0 0 0 0 0 0 0 0 0 0 0 0 0 0 0 0 0 0 0 
 68 43 639 175 83 146 245 48 89 0 190 41 169 379 116 82 230 136 355 198 3 3 2 0 1 2 1 0 0 0 0 34 111 3 0 0 0 4 21 36 0 0 1 3 3 0 2 2 0 0 1 0 2 0 0 0 3 2 0 0 0 0 3 0 0 0 4 2 3 0 2 0 2 0 0 2 0 0 3 2 2 0 23 32 11 15 10 0 1 17 29 0 9 22 29 15 22 1 43 0 0 0 13 1 0 0 2 24 0 0 0 0 13 71 18 0 0 0 4 10 0 0 0 0 0 0 0 0 0 0 0 0 0 0 0 2 0 0 0 0 0 0 3 0 0 0 0 0 12 0 15 0 0 0 0 0 0 0 0 0 18 0 21 50 11 0 10 13 31 41 20 0 13 14 14 0 0 16 2 8 16 0 0 0 0 0 0 0 7 0 0 0 0 0 16 0 0 2 0 11 0 0 0 0 0 0 0 2 0 0 0 0 27 0 0 0 0 0 0 0 0 0 0 0 0 0 0 0 0 0 0 0 2 0 0 0 0 0 0 0 0 0 0 0 0 3 92 0 89 17 0 21 0 0 0 0 0 0 0 0 0 0 0 0 0 0 0 0 0 0 0 0 0 0 0 13 0 0 0 0 0 0 0 0 0 0 0 0 0 0 
 125 55 485 91 218 326 51 47 360 190 0 181 26 64 146 148 172 401 39 152 10 0 2 0 1 14 78 76 8 4 2 104 61 77 5 0 0 0 73 0 0 6 0 3 9 0 8 43 2 4 64 0 2 73 6 0 3 0 0 0 0 10 6 0 0 0 2 2 3 0 2 0 4 41 6 3 0 1 7 2 8 13 5 9 64 13 0 0 45 19 40 15 9 83 40 0 17 46 9 8 4 14 23 0 0 0 7 24 0 1 0 0 28 1 29 0 0 0 23 10 0 0 2 0 0 0 0 0 0 0 0 0 0 0 0 11 1 0 0 0 0 0 0 0 0 0 0 0 0 0 0 0 0 1 0 0 0 0 0 0 10 0 14 18 27 2 1 32 64 18 16 8 10 1 1 18 17 0 15 0 26 1 15 0 0 0 11 12 17 0 0 0 3 12 0 15 12 0 40 1 15 0 0 0 0 0 0 0 0 0 0 0 0 0 0 0 0 0 0 0 0 0 0 0 0 0 0 0 0 0 0 0 0 0 0 0 0 0 0 0 0 0 0 0 0 0 1 0 7 4 0 15 1 1 0 0 0 1 0 0 2 0 1 0 0 0 0 0 0 0 0 0 0 0 0 0 18 0 0 0 0 0 0 0 0 0 0 0 0 0 
 109 234 208 190 264 114 545 117 268 41 181 0 38 45 434 215 102 174 245 89 0 0 2 0 0 0 38 0 0 2 0 0 75 3 0 0 0 0 18 76 0 0 2 3 3 0 2 0 0 0 0 0 0 0 0 0 3 0 0 0 0 29 3 0 0 0 3 2 3 0 0 0 0 0 0 1 0 0 2 18 20 33 11 1 15 21 0 0 19 11 0 17 0 0 2 0 14 31 4 0 9 0 0 0 0 0 7 0 0 0 0 0 0 0 14 0 0 0 13 10 0 0 0 0 0 0 0 0 0 0 13 0 0 0 0 0 0 0 0 0 0 0 26 0 0 0 0 0 0 0 0 0 0 0 2 0 0 0 0 0 0 0 10 1 33 18 0 0 59 0 10 30 13 0 0 41 38 16 1 4 0 0 3 0 0 0 0 16 0 0 0 1 0 17 1 11 18 0 30 9 0 0 0 0 0 2 0 0 0 0 0 0 0 0 0 0 15 0 0 0 0 0 0 0 0 0 0 0 0 0 0 0 0 0 0 0 0 0 0 1 0 8 0 0 0 0 125 2 0 1 14 5 0 0 0 0 0 0 0 0 0 0 0 0 0 0 0 0 0 0 0 0 0 0 0 23 8 11 0 0 0 0 0 0 0 0 0 0 0 0 
 191 25 91 281 299 31 500 200 315 169 26 38 0 98 75 51 25 262 234 178 0 0 2 0 1 0 1 0 0 1 0 0 0 3 0 0 0 0 0 0 0 0 2 3 3 0 2 0 0 0 0 0 0 1 2 0 5 0 0 0 0 0 3 0 0 0 2 2 9 0 1 0 0 0 0 29 0 1 3 4 9 11 0 0 30 0 20 10 12 27 0 0 11 26 0 1 22 0 48 20 0 0 0 0 0 0 0 0 0 0 0 0 0 0 0 0 0 0 0 0 0 0 0 0 0 0 0 0 0 0 0 0 0 0 0 0 0 0 0 0 0 0 0 0 0 0 0 0 0 0 0 9 0 0 0 0 1 0 0 0 0 19 0 7 10 0 54 8 0 22 0 0 13 33 0 0 0 0 14 12 0 0 0 0 0 0 0 0 0 0 0 0 0 2 0 0 0 0 0 0 10 0 0 0 0 0 0 0 0 0 0 0 0 0 0 0 0 0 0 0 0 0 0 0 0 0 0 0 1 0 0 0 0 2 0 0 0 0 6 0 0 0 0 0 2 0 3 2 0 2 0 102 0 0 0 0 0 0 0 0 0 0 0 0 0 0 0 0 0 0 0 0 0 0 0 0 0 0 0 0 0 0 0 0 0 0 0 0 0 0 
 257 154 90 67 58 44 208 171 287 379 64 45 98 0 120 23 135 35 418 421 0 0 2 0 2 0 0 2 0 1 1 0 0 2 4 6 0 0 0 0 0 0 1 3 3 0 2 0 0 0 0 0 0 0 0 0 2 0 0 0 0 0 3 0 0 0 2 3 7 0 3 0 0 0 0 3 0 0 3 2 15 0 17 0 26 0 40 13 12 16 0 0 24 22 14 0 22 0 29 39 0 0 0 0 0 0 0 0 0 0 0 0 0 0 0 0 0 0 0 0 2 0 0 0 0 1 0 0 0 0 0 0 0 0 0 0 0 0 0 0 0 0 0 0 1 0 0 0 0 0 0 3 0 0 0 0 0 6 0 0 23 26 0 15 0 10 21 27 0 10 0 0 27 12 0 36 5 0 9 30 0 0 0 1 0 0 0 0 0 1 0 0 0 0 0 0 0 0 0 0 0 0 0 0 0 0 0 0 6 1 0 0 0 0 0 0 0 0 0 0 0 0 0 0 0 0 0 0 0 0 0 0 0 0 0 0 0 0 0 0 0 0 0 0 0 2 0 0 0 1 0 15 0 0 0 0 0 2 0 0 0 0 0 0 0 0 2 0 0 0 0 0 0 0 0 0 0 0 0 0 0 0 0 0 0 0 0 0 0 0 
 158 444 54 358 63 171 31 134 262 116 146 434 75 120 0 441 127 250 76 228 0 0 2 0 1 0 2 0 0 1 0 0 80 3 2 0 0 0 1 0 0 0 3 3 3 0 65 0 0 0 0 0 2 0 0 19 2 0 0 0 0 0 3 0 0 0 2 2 3 0 2 0 0 0 0 3 0 0 3 2 14 57 2 44 0 19 0 0 25 54 10 19 24 36 49 0 0 0 0 0 0 0 0 0 0 0 0 0 0 0 0 1 10 0 2 0 2 0 6 24 0 0 0 0 0 0 0 0 0 0 0 0 0 0 0 0 0 0 0 0 0 0 1 0 0 8 0 0 0 0 0 0 0 0 0 0 0 0 0 0 10 26 18 10 4 0 0 15 12 0 13 11 7 0 17 0 65 42 12 18 0 0 0 0 0 0 0 0 0 0 0 0 33 0 0 0 0 0 17 11 0 0 0 0 0 0 0 0 0 0 0 0 0 0 0 0 0 0 0 0 0 0 0 0 0 0 0 0 0 0 0 0 0 0 15 0 0 17 0 0 0 18 0 0 0 3 137 0 0 2 0 9 0 0 0 0 0 0 0 0 0 0 13 0 0 0 0 0 0 0 0 0 0 0 0 0 0 0 0 0 0 0 0 0 0 0 0 0 0 0 
 86 137 131 186 144 66 23 429 241 82 148 215 51 23 441 0 68 181 34 211 0 0 4 6 6 0 1 0 0 2 2 3 82 5 0 0 2 0 5 77 0 0 5 3 7 3 64 0 0 0 5 3 0 0 2 1 6 3 0 0 0 0 3 0 0 2 2 2 3 0 2 2 1 0 1 2 2 1 3 2 0 25 0 20 0 31 0 0 12 32 19 48 0 0 9 0 1 0 0 0 0 0 0 0 0 0 0 0 0 0 0 0 17 0 0 0 0 0 11 11 0 0 0 0 0 0 0 0 0 0 0 0 0 2 0 0 0 0 0 0 0 7 7 0 16 0 0 0 0 0 0 0 0 0 0 0 1 0 0 0 2 0 0 12 23 1 12 0 22 0 14 6 5 0 10 12 27 45 3 0 0 0 0 0 0 0 0 0 0 0 0 0 27 0 1 8 0 0 28 20 0 0 0 0 0 0 0 0 0 0 0 0 1 0 0 0 0 0 0 0 0 0 0 0 0 0 0 0 1 0 1 0 0 0 1 0 0 0 0 0 0 18 0 0 2 1 49 0 0 0 15 7 1 0 0 0 0 0 0 0 0 0 10 0 0 0 0 0 0 0 0 0 0 2 0 15 13 10 0 0 0 0 0 0 0 0 0 0 0 0 
 91 68 229 28 159 96 417 27 29 230 172 102 25 135 127 68 0 160 108 527 3 0 2 0 4 0 2 0 0 2 6 0 74 7 0 2 0 0 75 77 0 0 0 5 3 0 16 3 2 2 0 0 0 65 0 0 2 63 4 0 0 0 4 0 0 0 3 3 3 0 4 0 0 5 0 3 0 0 4 2 13 10 25 1 0 10 0 6 34 29 19 14 0 39 12 11 37 23 0 14 0 0 0 0 0 0 0 13 0 0 0 0 0 11 14 0 0 0 7 7 0 0 14 0 0 2 0 10 0 0 0 0 0 0 0 0 8 0 12 0 0 0 0 0 0 0 0 0 0 0 0 0 0 0 0 0 0 0 0 0 14 0 14 14 15 0 1 2 24 18 14 0 0 0 11 19 50 5 11 14 13 0 0 3 0 0 8 18 0 1 0 0 0 0 10 0 0 0 11 0 0 0 0 0 0 0 0 0 0 2 0 0 0 0 0 0 0 0 0 0 0 0 0 0 0 0 16 0 0 0 0 0 0 0 0 0 0 0 0 0 0 0 0 0 0 0 0 0 0 1 2 6 0 0 0 0 0 0 0 0 0 0 2 0 0 0 0 0 0 0 0 0 0 0 0 16 0 0 0 0 0 0 0 0 0 0 0 0 0 0 
 143 55 51 66 137 40 325 29 48 136 401 174 262 35 250 181 160 0 207 240 1 2 2 0 1 0 22 0 0 0 1 0 96 3 0 0 0 0 61 84 0 0 1 3 3 0 2 0 0 0 0 0 0 0 0 0 66 0 0 0 0 0 3 0 0 0 2 2 3 0 1 0 0 0 0 2 0 0 3 2 0 0 1 0 45 12 11 0 0 0 6 14 0 6 0 0 9 18 12 0 12 0 0 0 0 0 0 1 0 0 0 0 0 16 21 0 0 0 0 10 2 0 0 0 0 0 0 0 0 0 0 0 0 0 0 0 0 0 0 0 0 0 7 1 0 0 1 0 0 0 0 0 0 0 0 0 0 0 0 1 0 0 0 7 6 15 30 0 29 29 0 0 15 0 26 0 0 0 4 9 1 0 4 0 0 0 0 13 0 0 0 0 0 16 35 11 17 0 14 9 0 0 0 0 0 0 0 0 1 0 2 0 0 0 0 0 0 0 0 0 0 0 0 0 0 0 0 0 0 0 0 0 0 0 0 2 0 2 0 0 0 0 0 0 0 1 3 0 2 3 2 11 0 0 0 0 0 0 0 0 0 0 0 0 0 0 0 0 56 0 0 0 0 0 0 16 21 11 0 0 0 0 0 0 0 0 0 0 0 0 
 170 270 216 78 51 42 495 503 321 355 39 245 234 418 76 34 108 207 0 437 0 0 2 0 0 1 2 0 0 2 0 0 0 3 0 0 0 0 0 0 0 0 1 3 3 0 2 0 0 0 0 0 0 0 0 0 3 0 0 0 0 0 3 0 0 0 3 2 3 0 0 0 0 0 0 1 0 0 2 5 31 12 0 4 0 0 39 15 17 23 7 0 62 11 43 27 34 16 24 24 0 0 0 0 0 0 0 0 0 0 0 0 0 0 0 0 0 0 0 0 0 0 0 0 0 0 26 0 0 0 0 0 0 0 0 0 0 0 0 0 0 0 0 0 0 0 0 0 0 0 0 0 0 0 0 8 0 15 0 0 0 15 45 7 0 0 15 15 0 5 0 0 61 19 14 70 0 48 0 22 0 0 0 0 0 0 0 0 0 0 0 0 0 0 0 15 0 2 0 0 0 0 0 0 0 0 0 0 0 0 0 0 0 0 56 13 0 0 0 0 0 0 0 0 0 0 0 0 0 0 0 0 0 0 0 0 0 0 0 0 0 0 0 0 0 3 0 0 2 6 0 5 10 0 0 0 0 0 0 0 70 0 0 0 0 0 0 0 0 0 0 0 0 0 0 0 8 0 0 0 0 0 0 0 0 0 0 0 0 0 
 129 43 186 384 100 70 252 249 183 198 152 89 178 421 228 211 527 240 437 0 0 0 2 0 1 0 1 0 201 1 0 0 0 3 0 0 0 0 0 0 0 0 4 4 3 0 2 0 0 0 0 0 0 0 0 0 2 1 0 0 0 0 3 0 0 2 2 2 3 0 2 0 0 5 0 3 0 0 3 2 26 19 50 0 19 0 34 7 42 45 19 1 18 0 28 0 4 45 14 30 0 0 1 0 0 0 2 2 0 0 0 0 0 0 0 0 0 0 1 0 0 9 0 0 0 14 0 0 0 0 0 0 0 0 0 1 0 0 0 0 0 0 0 9 0 0 0 0 0 0 2 0 0 0 0 0 0 0 0 0 13 13 0 0 10 1 16 26 20 16 11 0 0 0 0 0 33 22 11 11 0 0 0 0 0 0 0 0 0 0 0 0 0 0 0 0 0 0 0 0 2 0 0 0 0 0 0 1 0 0 0 0 0 0 0 0 0 0 0 0 0 0 2 1 0 0 0 0 0 0 0 0 0 0 0 0 0 0 0 0 0 29 0 0 0 3 87 2 1 0 22 3 0 10 0 0 0 0 0 0 0 0 0 0 0 0 0 0 0 0 0 0 0 0 0 0 10 0 0 0 0 0 0 0 0 1 0 0 0 0 
 0 0 206 0 149 1 0 1 2 3 10 0 0 0 0 0 3 1 0 0 0 123 208 415 254 34 119 69 423 117 113 31 136 363 110 197 52 120 47 477 0 0 0 0 2 0 0 1 0 0 0 0 2 0 2 0 3 0 63 0 0 3 0 0 0 0 0 0 0 0 0 0 0 0 3 0 2 0 0 0 0 0 0 0 9 28 0 0 0 0 13 17 0 0 0 0 1 0 2 0 9 23 11 9 0 0 0 22 0 72 2 0 8 19 0 23 0 58 9 0 0 0 0 0 0 0 0 0 0 0 0 0 27 0 0 0 0 0 8 17 0 0 0 0 0 0 1 0 0 0 0 0 5 3 0 0 7 1 0 0 0 0 0 0 23 9 1 0 0 0 0 0 0 0 0 0 0 0 0 0 30 49 34 0 1 7 18 1 0 8 31 26 35 0 4 12 45 1 21 0 4 0 0 0 0 0 0 1 0 0 0 0 0 0 0 0 0 0 8 12 0 0 0 0 0 0 0 0 0 2 0 0 0 0 0 0 0 0 0 14 0 0 0 0 0 0 0 0 0 0 0 0 0 0 6 0 2 1 78 0 2 1 0 0 0 0 0 0 0 0 0 0 0 0 0 0 0 0 0 0 0 14 0 0 0 0 0 0 0 0 
 0 74 0 1 76 0 0 0 2 3 0 0 0 0 0 0 0 2 0 0 123 0 133 488 120 35 272 263 135 154 117 51 54 64 97 122 209 169 124 168 0 0 0 206 0 0 0 1 0 1 0 0 206 0 2 0 2 0 5 0 0 3 0 0 0 0 0 0 0 0 0 0 0 0 2 0 2 0 0 0 0 0 0 0 15 0 0 0 0 0 0 0 1 0 0 0 0 0 0 0 0 11 25 0 13 8 8 20 22 8 2 21 19 0 0 28 12 0 0 0 0 0 0 0 0 0 0 3 0 4 0 0 0 15 13 0 0 0 10 8 0 0 1 0 5 0 1 0 0 0 9 0 0 0 0 0 0 0 0 0 2 0 0 0 0 0 1 0 0 0 13 11 0 0 0 0 0 0 0 0 1 60 32 22 2 15 21 18 27 23 16 18 0 20 21 7 0 38 1 2 0 2 0 0 2 0 0 19 10 0 0 0 0 18 2 0 0 0 11 15 0 0 0 0 0 0 0 0 0 2 0 0 0 0 0 0 0 0 0 0 0 0 0 0 0 0 0 0 0 0 0 0 0 0 6 2 0 156 40 2 0 2 0 0 0 0 0 0 0 0 0 0 0 0 0 0 0 0 0 22 9 0 0 0 0 0 0 0 0 0 
 2 2 2 2 2 2 2 2 2 2 2 2 2 2 2 4 2 2 2 2 208 133 0 183 94 49 263 106 169 57 270 93 80 238 235 173 162 278 262 133 0 2 0 207 0 0 1 0 4 54 0 0 1 1 2 8 3 0 63 0 0 3 8 0 0 31 0 0 0 0 0 1 0 0 2 0 2 0 6 0 0 0 0 0 0 5 0 0 0 0 0 0 0 0 0 0 0 0 0 0 38 26 12 10 1 0 10 0 19 32 79 34 2 13 0 29 13 13 0 17 0 2 0 0 0 0 0 0 0 0 0 0 19 0 0 0 1 0 5 11 0 0 0 0 0 0 0 0 0 2 0 0 2 1 0 0 3 0 0 0 0 0 0 0 0 0 0 0 0 0 0 4 0 0 0 0 0 0 24 0 9 2 0 0 0 1 26 0 0 1 58 18 7 45 0 10 29 1 1 4 13 0 0 0 0 0 0 1 0 0 0 0 0 1 0 0 1 0 7 11 0 0 1 0 0 0 0 0 0 0 0 0 0 0 0 0 0 0 0 0 0 0 11 0 0 0 0 0 0 0 0 0 0 0 12 0 0 6 115 1 2 2 0 0 0 0 0 0 0 0 0 0 0 0 0 0 0 0 0 0 0 13 0 0 0 0 0 0 0 0 
 0 0 0 0 0 0 0 0 0 0 0 0 0 0 0 6 0 0 0 0 415 488 183 0 127 72 80 79 308 104 353 198 93 119 582 47 509 128 70 130 63 0 0 0 0 0 0 0 0 0 0 0 2 0 2 1 5 0 4 128 0 3 0 0 0 0 8 0 0 0 0 0 3 0 3 0 2 0 0 0 0 0 0 0 0 0 0 0 0 0 0 0 0 0 0 0 0 0 0 0 6 0 30 12 0 9 0 57 0 13 23 15 0 0 0 13 9 15 0 0 20 0 16 0 0 0 9 10 0 0 0 0 29 0 0 13 1 0 18 8 4 0 0 0 0 0 0 0 0 0 0 0 0 0 0 0 0 0 0 1 0 0 0 0 0 0 0 6 0 0 0 0 0 0 0 0 0 0 0 0 0 0 0 23 51 14 0 0 0 7 8 0 0 6 0 0 16 3 0 0 27 0 0 0 0 0 71 80 0 0 0 0 13 1 16 0 30 17 6 0 0 0 0 0 0 0 0 0 0 0 0 0 0 0 0 0 0 0 0 0 0 0 0 0 0 0 0 0 0 0 0 0 0 0 0 2 4 76 6 4 5 4 0 0 0 0 0 0 0 0 0 0 0 0 0 0 0 0 0 0 0 0 0 0 0 12 0 0 0 0 
 0 0 1 2 1 1 2 1 1 1 1 0 1 2 1 6 4 1 0 1 254 120 94 127 0 236 56 198 174 153 303 111 141 289 73 187 376 113 85 92 1 0 1 1 0 0 0 0 0 0 0 0 64 0 3 0 2 1 62 0 0 3 0 0 0 3 0 0 0 0 0 0 0 0 2 0 2 0 0 0 0 0 0 0 0 0 0 0 0 0 0 0 0 0 0 0 0 0 2 0 0 20 15 8 42 19 0 0 0 30 22 0 0 0 0 1 76 8 0 0 19 0 0 0 0 2 55 0 2 0 0 0 10 29 1 10 0 25 4 20 4 0 0 0 0 0 0 0 0 0 0 0 1 0 0 0 3 0 0 0 1 0 0 0 0 2 0 0 0 0 0 7 0 0 0 0 0 0 0 0 0 0 12 45 34 44 0 7 0 12 0 54 1 0 0 9 11 25 0 0 27 10 0 0 0 0 21 16 0 0 0 0 0 0 18 0 0 1 36 4 0 0 0 0 0 1 0 0 2 0 0 0 0 0 0 0 0 0 2 0 0 0 0 0 0 0 2 0 0 0 0 0 0 0 19 0 3 78 1 2 5 0 0 0 0 0 0 0 0 0 0 0 0 0 0 0 0 0 0 0 0 0 0 0 0 0 9 0 0 0 
 0 0 0 0 0 0 0 0 0 2 14 0 0 0 0 0 0 0 1 0 34 35 49 72 236 0 44 268 72 56 309 88 286 49 47 103 135 329 45 43 60 6 0 0 6 3 0 62 2 63 0 2 100 65 11 62 4 1 85 0 0 3 0 0 0 0 0 0 0 0 0 0 5 3 44 0 4 1 5 0 1 0 0 0 0 0 0 0 0 0 0 0 0 0 0 0 0 0 0 0 0 14 0 12 20 3 0 0 0 10 0 0 0 0 0 0 15 10 0 22 15 21 10 7 0 0 21 17 15 18 0 1 22 16 60 11 21 32 1 14 3 0 0 1 0 0 0 1 0 0 0 0 0 0 0 1 0 0 2 0 0 0 0 0 0 0 0 1 0 0 0 0 0 0 0 0 6 0 0 0 0 0 1 29 23 26 0 24 0 1 0 10 0 0 0 12 12 21 0 0 12 30 0 0 0 0 29 30 10 0 9 0 0 9 36 2 4 0 30 1 0 2 0 0 0 0 0 0 0 0 0 0 0 0 0 0 0 0 0 0 0 0 0 0 0 1 0 0 0 0 0 0 0 0 13 0 4 0 0 15 0 15 0 0 0 0 8 0 0 0 0 0 0 3 0 0 0 0 0 0 0 0 0 0 0 11 10 0 0 0 
 2 2 3 1 147 28 4 1 3 1 78 38 1 0 2 1 2 22 2 1 119 272 263 80 56 44 0 120 146 158 134 58 88 62 402 115 92 73 88 113 0 2 0 1 0 0 0 0 0 0 0 0 0 14 5 0 8 6 0 0 0 3 5 0 0 0 0 3 10 0 0 0 54 3 3 4 2 0 36 0 0 2 0 0 0 0 0 0 0 0 0 0 0 0 0 0 0 17 0 0 32 1 14 0 0 0 0 0 41 20 99 0 18 1 19 20 0 0 13 11 0 0 0 0 0 0 0 0 0 0 0 0 7 6 0 0 0 11 0 0 0 0 0 0 6 0 0 0 0 0 0 0 0 0 0 0 0 0 0 0 0 0 0 10 21 0 1 0 4 0 0 0 2 0 0 0 0 0 4 0 3 15 30 0 0 0 16 22 1 11 7 17 12 62 33 15 34 0 0 8 0 0 2 0 0 0 0 0 7 0 0 0 0 0 0 0 0 0 0 0 0 0 0 0 0 0 0 0 0 0 0 0 0 0 0 0 0 0 0 0 0 0 0 0 0 0 0 0 0 0 0 0 0 0 7 0 2 80 0 0 4 0 2 0 0 0 0 0 0 0 0 0 0 0 0 0 17 0 0 18 0 0 0 0 0 0 0 0 0 0 
 0 0 38 0 1 43 2 0 0 0 76 0 0 2 0 0 0 0 0 0 69 263 106 79 198 268 120 0 495 141 210 31 462 198 142 332 338 450 180 129 0 0 2 3 0 0 0 0 4 3 0 2 1 1 2 0 4 3 3 0 0 3 0 65 0 3 0 0 53 3 0 0 3 0 3 18 4 0 0 0 0 0 1 9 0 24 0 0 0 0 0 0 0 0 0 0 0 0 0 0 1 54 62 2 1 16 8 10 31 18 8 0 23 11 23 15 29 19 10 7 0 0 0 0 0 0 0 0 0 0 0 0 0 21 0 0 0 0 10 17 0 0 0 0 3 0 0 0 0 0 0 0 0 0 0 0 0 0 22 1 0 0 0 2 0 13 0 0 1 0 0 1 0 0 0 9 0 0 0 0 15 43 18 30 0 20 1 16 38 10 25 7 9 21 42 24 0 21 17 9 19 0 0 2 0 0 0 0 0 0 0 0 0 0 0 0 0 0 2 24 0 0 0 0 0 0 0 0 0 0 0 9 0 0 2 0 0 0 0 0 0 0 1 0 0 0 0 0 78 0 0 0 0 0 12 0 2 76 1 0 2 0 0 0 0 0 0 0 0 0 0 0 0 0 0 0 0 0 0 0 0 11 0 0 0 0 0 0 0 0 
 0 0 2 0 0 77 0 0 0 0 8 0 0 0 0 0 0 0 0 201 423 135 169 308 174 72 146 495 0 213 52 60 92 264 253 207 192 361 84 296 0 0 1 0 0 0 63 0 2 0 0 0 1 0 3 0 4 0 63 0 0 3 6 0 0 0 0 0 0 0 0 0 0 0 2 0 4 0 0 0 0 0 0 0 0 6 0 0 0 0 2 0 0 0 0 0 0 0 0 0 37 32 17 19 1 0 12 1 39 0 37 15 0 19 10 3 41 12 0 27 36 0 0 12 0 0 0 19 0 0 0 0 0 9 15 0 0 0 1 15 0 0 0 0 0 0 0 0 0 0 0 0 8 0 0 0 11 0 0 0 0 0 0 0 0 0 0 0 0 0 0 0 0 0 0 1 0 0 0 0 9 22 0 9 46 37 25 0 4 26 30 19 27 15 2 23 18 13 1 6 30 16 0 0 0 0 11 24 0 0 0 0 1 18 0 0 0 19 9 10 0 0 0 0 0 0 0 0 0 0 0 0 0 0 0 0 0 2 0 0 0 0 0 0 0 2 0 0 0 0 0 0 0 0 2 0 4 77 0 2 5 0 0 0 0 2 0 0 0 0 0 0 0 0 0 0 0 0 0 0 0 0 0 0 0 0 0 0 0 0 
 3 1 1 2 0 0 3 1 4 0 4 2 1 1 1 2 2 0 2 1 117 154 57 104 153 56 158 141 213 0 270 137 48 83 109 83 65 65 146 123 64 6 0 0 7 3 0 0 0 1 0 3 0 0 7 0 4 6 13 63 0 3 0 0 0 0 0 0 6 0 6 0 5 1 7 4 2 0 9 0 0 0 1 0 3 0 0 0 0 0 0 0 0 0 0 0 0 0 0 0 0 0 0 14 60 0 0 0 0 4 2 22 18 0 2 9 10 0 2 0 0 0 0 0 0 0 0 11 0 0 0 0 12 10 0 0 0 0 1 10 0 0 2 0 6 2 0 3 0 0 0 0 0 12 0 0 0 0 0 0 3 0 0 0 0 11 0 0 0 0 0 4 0 0 0 0 0 0 0 0 0 11 0 9 18 1 21 0 0 1 6 13 0 0 0 24 0 44 0 0 0 14 0 1 0 0 18 22 0 0 0 0 29 12 0 0 16 0 0 10 0 0 0 0 0 0 0 2 9 0 0 0 0 0 1 0 0 0 0 0 0 0 0 0 0 0 0 0 0 2 0 0 0 0 16 0 0 0 7 0 2 0 0 0 0 0 0 0 0 0 0 0 0 0 0 0 0 0 0 0 0 0 0 0 0 12 0 0 0 1 
 0 0 0 1 0 0 0 0 0 0 2 0 0 1 0 2 6 1 0 0 113 117 270 353 303 309 134 210 52 270 0 42 255 338 228 220 176 187 38 159 34 0 7 0 0 0 62 0 0 0 4 0 74 62 3 0 4 0 0 15 0 3 7 4 0 0 0 4 0 4 0 0 0 6 2 0 2 0 6 6 2 0 0 0 0 0 7 0 0 0 0 0 0 0 0 0 0 0 0 0 12 0 9 0 13 0 10 7 19 0 8 42 0 0 0 20 0 2 9 17 0 2 0 0 0 0 0 14 11 0 0 2 93 10 0 0 0 0 7 6 0 0 0 0 0 0 0 2 0 0 0 0 0 7 2 0 15 0 1 0 1 0 0 0 0 0 0 0 0 1 2 2 0 0 0 0 2 0 0 0 9 8 0 10 0 11 30 0 0 9 14 10 0 11 0 8 1 47 0 4 0 0 0 0 0 0 0 34 0 0 0 0 14 11 0 0 8 1 0 10 3 0 0 0 0 0 0 0 0 0 0 2 0 0 0 0 0 0 0 0 0 0 0 0 0 0 0 0 0 0 0 0 0 0 6 0 1 1 41 3 2 2 0 0 0 0 0 0 0 0 0 0 0 0 0 0 0 0 0 0 0 27 0 0 0 0 0 0 0 0 
 2 0 0 0 0 0 3 0 0 34 104 0 0 0 0 3 0 0 0 0 31 51 93 198 111 88 58 31 60 137 42 0 206 186 362 240 154 323 39 39 0 0 56 0 0 0 63 0 0 0 0 0 1 1 3 0 3 0 0 30 0 3 0 0 0 0 0 0 0 0 0 0 0 0 2 0 2 2 0 0 0 0 0 15 1 0 0 0 0 0 0 5 1 0 0 18 0 0 0 0 9 15 36 12 10 26 8 20 14 30 18 25 29 0 7 13 10 12 10 0 22 0 3 0 0 0 8 21 0 0 0 0 1 0 13 3 0 7 18 1 4 0 0 0 0 0 0 0 0 0 0 0 0 0 0 0 0 0 0 0 0 0 0 18 0 0 0 1 0 9 19 0 0 0 0 0 0 0 0 0 27 13 12 13 23 11 25 0 27 38 39 2 1 13 0 2 52 17 0 39 13 0 0 19 0 0 10 28 0 0 0 0 13 1 15 0 0 2 1 0 0 0 0 0 0 0 0 0 0 0 0 0 0 0 0 0 0 0 1 0 0 0 0 0 0 0 0 0 75 0 0 0 0 0 16 2 0 162 77 0 17 0 14 0 0 0 0 0 0 0 90 0 0 0 0 0 2 0 0 0 0 0 0 0 0 0 0 0 0 0 
 27 0 5 80 0 72 0 0 0 111 61 75 0 0 80 82 74 96 0 0 136 54 80 93 141 286 88 462 92 48 255 206 0 200 116 158 253 36 389 170 0 0 1 0 0 0 0 0 8 5 0 0 0 1 3 0 4 0 0 0 0 3 0 0 0 0 0 0 0 0 0 0 0 0 2 1 2 0 0 0 0 20 15 14 33 27 0 0 0 23 0 1 0 0 0 1 0 0 0 0 0 0 12 0 0 0 13 31 13 0 1 0 10 35 29 8 0 12 4 19 0 0 0 0 2 0 0 0 0 0 0 0 0 0 0 0 0 0 0 0 0 0 2 0 0 1 0 0 0 1 0 0 0 0 0 0 0 0 0 0 16 0 17 28 0 16 0 0 0 18 32 1 0 0 10 0 0 18 0 3 61 9 0 0 0 0 24 11 29 0 0 0 0 0 73 0 0 47 1 5 0 0 0 0 0 0 0 0 0 0 0 2 0 0 0 1 2 0 0 0 0 0 2 0 0 0 0 0 0 0 0 0 0 0 0 0 0 0 0 0 0 0 0 0 0 2 0 0 61 0 0 0 0 0 11 0 0 0 1 2 4 2 0 0 0 0 0 0 0 0 1 0 0 0 0 2 0 17 0 0 0 15 0 0 0 0 0 0 0 0 
 3 3 3 2 76 30 3 3 3 3 77 3 3 2 3 5 7 3 3 3 363 64 238 119 289 49 62 198 264 83 338 186 200 0 225 219 254 118 356 187 0 0 0 0 0 0 0 68 0 0 0 0 1 60 2 0 4 0 0 0 0 3 30 0 0 0 0 0 0 0 0 0 0 0 3 0 2 0 0 0 0 0 0 10 17 11 0 0 0 0 0 12 0 0 0 0 0 0 0 26 35 0 45 0 0 0 45 31 0 29 39 21 14 15 19 16 10 30 0 22 9 0 0 0 0 0 0 1 0 0 0 0 15 0 0 0 1 0 9 2 0 0 2 0 0 0 0 0 0 0 0 0 0 0 0 0 0 0 0 0 0 0 0 0 0 10 0 0 0 0 8 21 0 0 0 0 0 0 2 0 36 11 23 0 11 0 26 0 29 23 5 26 7 20 1 0 15 3 25 12 22 0 0 0 0 0 0 0 0 0 0 0 0 0 0 0 0 0 0 8 0 0 0 0 0 0 0 0 0 0 7 0 0 0 0 0 0 0 0 0 0 0 0 0 0 0 0 0 91 0 0 0 0 0 0 1 0 1 42 1 2 0 0 0 0 0 0 0 0 0 0 0 0 0 0 13 0 0 0 0 0 0 0 0 0 0 0 0 0 0 
 0 0 3 0 0 0 0 0 0 0 5 0 0 4 2 0 0 0 0 0 110 97 235 582 73 47 402 142 253 109 228 362 116 225 0 231 116 196 63 187 0 1 0 0 0 0 0 0 0 0 0 0 2 1 3 0 3 0 0 0 0 3 10 0 0 0 0 0 1 0 0 0 0 0 3 0 2 0 0 0 23 0 0 0 7 0 0 0 0 0 0 0 0 0 0 0 0 0 0 10 26 27 5 0 23 0 7 10 13 10 35 22 21 17 2 21 0 22 10 19 0 0 0 19 20 0 0 0 0 0 0 1 6 20 0 0 0 0 0 15 0 0 0 0 8 0 0 1 0 1 0 0 0 7 0 1 0 0 0 0 3 0 0 0 0 0 0 0 1 0 0 0 0 0 0 0 0 0 0 0 14 9 54 12 0 0 12 2 30 41 32 0 0 36 26 17 11 7 19 10 0 0 0 0 0 0 0 0 0 0 0 2 0 1 0 1 0 0 0 0 0 1 0 0 0 0 0 0 0 0 0 0 0 0 0 0 0 0 0 0 0 0 1 0 0 0 0 0 0 0 0 0 0 0 9 0 4 10 75 0 4 0 0 0 0 0 2 0 0 0 0 0 0 0 1 0 0 0 0 2 0 8 0 0 0 0 0 0 0 2 
 0 1 2 0 0 79 0 2 0 0 0 0 0 6 0 0 2 0 0 0 197 122 173 47 187 103 115 332 207 83 220 240 158 219 231 0 85 119 32 82 1 0 1 0 0 0 0 0 0 0 0 0 2 0 3 0 4 0 3 0 0 3 22 0 0 0 0 0 0 0 0 0 0 0 2 0 2 0 0 0 0 0 0 0 10 13 0 0 0 0 0 0 0 0 0 0 0 0 0 0 32 30 0 12 40 0 23 6 18 9 20 11 0 14 9 1 11 10 10 13 0 0 0 0 0 0 0 6 0 0 0 11 19 18 0 0 0 0 0 1 0 0 0 0 0 0 0 0 0 0 0 0 5 7 0 0 6 0 0 0 21 0 0 0 0 0 0 0 0 0 0 0 0 0 0 0 0 0 0 0 31 6 14 9 12 0 18 0 0 3 20 10 30 28 4 21 10 12 26 9 1 12 0 0 0 0 0 12 0 0 0 0 0 12 0 0 0 0 0 21 0 0 0 0 0 0 0 0 0 0 0 0 0 0 0 0 0 0 0 0 0 0 0 0 0 0 0 0 3 0 0 0 0 0 15 2 3 2 0 0 0 1 0 0 0 0 2 0 0 0 0 0 0 0 0 0 0 0 0 0 0 12 0 0 0 0 0 0 0 0 
 0 0 0 0 2 1 0 0 2 0 0 0 0 0 0 2 0 0 0 0 52 209 162 509 376 135 92 338 192 65 176 154 253 254 116 85 0 371 54 312 0 0 0 0 0 0 7 1 0 2 0 0 26 5 72 0 4 0 62 0 0 3 0 0 0 0 0 0 0 0 0 0 0 0 3 0 2 0 0 0 0 0 0 0 0 0 0 0 0 19 0 0 0 0 0 0 0 0 0 0 0 20 22 21 12 1 0 11 22 39 19 0 0 0 0 63 57 18 0 0 11 0 0 0 0 0 12 1 11 11 0 0 9 38 5 9 0 0 53 15 1 0 0 0 0 0 2 0 0 0 37 0 1 0 0 0 3 2 0 0 0 0 0 0 0 0 2 0 0 0 0 0 0 0 0 0 0 0 0 0 0 28 76 63 9 10 0 14 45 43 44 17 0 8 20 0 15 9 0 0 24 0 0 0 1 0 5 24 0 0 0 0 0 0 15 0 0 0 23 22 0 0 0 0 0 0 0 0 0 0 0 0 0 0 0 0 0 0 0 0 0 0 0 0 0 0 0 0 0 0 0 0 0 0 13 1 0 78 106 1 11 2 0 0 0 0 8 0 0 0 0 0 0 0 0 0 0 0 0 11 0 0 0 0 0 0 2 0 0 0 
 0 0 3 0 0 3 0 0 0 4 0 0 0 0 0 0 0 0 0 0 120 169 278 128 113 329 73 450 361 65 187 323 36 118 196 119 371 0 39 100 64 0 0 0 0 0 3 0 0 0 0 0 0 0 2 0 4 0 2 0 0 8 5 0 0 0 0 0 0 0 0 0 0 0 3 2 2 0 0 0 2 0 0 0 0 0 0 0 0 0 0 0 0 0 0 0 0 0 0 0 35 0 11 0 0 0 8 13 13 31 25 22 0 0 0 38 0 25 0 18 0 0 14 1 0 2 8 9 0 9 0 0 12 0 20 14 0 0 7 0 6 0 0 1 0 0 0 0 0 0 0 0 0 0 2 0 0 0 1 0 4 0 0 0 0 0 0 0 0 1 0 6 0 0 0 0 2 0 0 0 0 0 9 10 0 0 50 0 0 33 13 14 1 23 11 0 16 26 0 11 0 0 0 0 0 0 1 25 0 0 0 0 0 1 32 0 0 8 0 1 0 0 0 0 0 0 0 0 0 0 0 2 0 0 0 0 0 0 0 0 0 0 0 0 0 0 0 0 0 0 0 0 0 0 15 0 3 79 24 0 1 13 0 0 0 0 0 0 0 0 0 0 0 0 0 23 0 0 0 12 0 0 0 0 0 0 0 0 0 0 
 4 0 1 0 226 59 0 0 21 21 73 18 0 0 1 5 75 61 0 0 47 124 262 70 85 45 88 180 84 146 38 39 389 356 63 32 54 39 0 210 0 7 2 2 0 0 0 0 1 0 0 0 0 0 3 0 5 0 0 0 0 3 0 0 0 0 0 0 0 0 0 0 0 0 2 0 2 0 0 0 0 1 10 0 23 0 0 0 1 14 0 23 0 0 10 17 12 8 0 0 16 0 0 0 0 0 88 37 1 0 0 17 12 21 35 0 0 0 12 16 0 0 0 0 0 0 0 19 0 0 0 0 0 0 0 0 0 0 0 0 0 0 7 0 0 0 0 0 0 2 0 0 0 0 0 0 0 0 0 0 0 0 0 11 17 82 0 0 4 16 16 31 0 0 10 16 0 13 20 0 2 1 7 0 0 0 9 56 29 1 0 15 0 16 20 20 12 0 19 38 0 0 0 0 0 0 0 0 0 0 0 0 0 0 0 2 1 0 0 0 0 0 1 0 0 0 0 0 0 0 0 0 0 0 0 0 0 0 2 0 0 0 12 0 0 2 0 0 0 0 0 0 0 1 10 0 0 0 0 2 0 0 0 0 0 0 0 0 0 0 0 0 0 0 0 45 14 22 0 0 0 12 0 0 0 0 0 0 0 0 
 0 0 0 1 0 0 0 1 0 36 0 76 0 0 0 77 77 84 0 0 477 168 133 130 92 43 113 129 296 123 159 39 170 187 187 82 312 100 210 0 0 9 7 0 0 0 0 1 1 0 5 0 0 1 7 0 4 0 0 0 0 3 0 4 0 0 0 7 2 4 0 0 48 9 2 0 2 0 6 6 0 0 13 0 0 15 0 0 0 18 0 8 0 0 1 0 0 0 0 0 19 1 1 0 0 0 14 5 21 21 0 11 10 51 29 29 0 0 2 14 1 0 0 0 0 0 0 0 0 0 0 0 13 0 0 0 0 0 0 0 0 0 4 0 0 0 0 0 0 0 0 2 0 0 0 0 0 0 0 0 3 0 0 25 0 15 0 0 0 17 69 5 0 0 9 0 1 18 0 0 34 0 7 0 0 0 37 10 6 0 0 31 2 7 47 0 0 19 8 17 0 0 0 0 0 0 0 0 0 0 0 0 0 0 0 1 0 0 0 1 0 0 0 0 0 0 0 0 0 0 6 0 0 0 0 0 0 1 0 0 0 0 12 0 0 0 0 0 0 0 0 0 0 0 3 0 3 78 6 0 3 0 0 0 0 0 0 0 0 0 0 0 0 0 0 12 1 12 0 15 0 9 0 0 0 0 0 0 0 0 
 0 0 0 0 0 0 0 0 0 0 0 0 0 0 0 0 0 0 0 0 0 0 0 63 1 60 0 0 0 64 34 0 0 0 0 1 0 64 0 0 0 126 80 104 34 242 227 105 58 24 297 154 195 109 66 264 315 319 45 192 0 0 0 0 0 0 0 0 0 0 0 0 0 0 0 0 0 0 3 0 0 0 0 0 0 0 0 0 0 0 0 0 0 0 0 0 0 0 0 0 0 0 0 0 0 9 0 0 0 0 0 37 0 0 0 0 0 0 0 0 0 1 13 5 0 13 7 29 9 15 15 10 13 0 0 6 65 20 0 13 0 2 0 1 0 0 0 0 0 0 0 0 20 0 0 1 0 0 8 0 0 6 0 8 0 0 0 0 0 0 0 0 0 0 0 0 0 0 0 0 0 0 0 2 0 0 0 0 0 0 0 0 39 0 0 0 0 0 0 0 0 10 10 0 18 0 0 14 7 39 12 31 12 1 11 0 7 1 0 9 0 0 0 0 0 0 0 0 0 0 0 0 0 0 0 8 0 0 19 0 0 0 0 0 0 0 0 0 0 0 0 6 0 0 0 0 0 0 0 0 0 12 0 0 0 14 2 0 0 0 0 0 0 0 0 0 0 0 0 0 0 0 0 0 0 9 0 0 0 0 
 0 0 0 0 0 2 0 0 0 0 6 0 0 0 0 0 0 0 0 0 0 0 2 0 0 6 2 0 0 6 0 0 0 0 1 0 0 0 7 9 126 0 157 123 42 24 145 204 137 126 38 97 45 41 128 139 156 104 22 96 0 0 0 0 0 0 0 0 0 0 0 1 23 0 0 0 0 0 0 0 0 0 0 0 0 0 0 0 0 0 0 0 0 0 0 0 0 0 0 0 3 5 1 0 0 0 0 0 0 0 1 6 5 0 0 0 0 3 0 7 1 0 0 31 6 23 0 9 13 26 8 10 0 12 0 24 12 9 9 0 0 0 0 2 0 0 24 10 0 2 0 0 34 0 1 4 0 5 28 3 0 0 0 0 0 0 0 0 0 0 0 0 0 0 0 0 0 0 0 0 1 0 8 0 0 0 0 11 7 0 0 0 0 5 4 0 0 0 0 0 0 27 21 0 10 8 0 0 11 36 22 28 0 0 0 0 0 15 0 0 3 0 0 0 0 0 29 0 0 9 0 0 30 0 0 0 0 0 13 8 0 0 5 0 0 0 0 0 0 0 0 3 33 1 0 0 0 0 0 0 0 0 70 0 2 0 0 0 0 0 8 0 0 0 0 0 0 0 0 0 0 7 0 0 36 9 0 13 0 0 
 1 3 1 3 0 0 0 1 4 1 0 2 2 1 3 5 0 1 1 4 0 0 0 0 1 0 0 2 1 0 7 56 1 0 0 1 0 0 2 7 80 157 0 200 114 50 98 388 297 306 41 378 56 35 153 57 50 105 32 26 0 0 53 0 0 0 0 0 0 0 0 0 52 0 0 0 0 2 0 0 0 0 0 2 0 0 0 0 0 1 0 0 0 1 0 0 0 0 0 0 0 0 0 0 0 0 0 0 0 0 0 0 0 0 0 0 0 0 0 0 3 0 27 0 0 0 0 10 0 20 9 19 0 0 11 9 0 40 0 0 0 0 0 0 0 0 0 24 0 1 1 0 0 0 0 0 0 0 16 12 0 0 0 1 3 0 0 0 0 1 3 0 1 0 0 0 2 2 0 0 0 0 0 0 0 0 0 0 0 0 0 0 4 0 0 0 0 0 0 0 21 14 46 20 20 32 0 0 0 0 6 14 0 21 0 24 0 1 0 4 0 0 0 0 0 0 19 0 0 0 0 0 39 10 0 0 0 0 27 6 0 2 0 0 0 0 3 0 0 0 0 4 0 1 0 0 0 0 0 0 0 0 4 1 66 1 1 0 0 0 50 0 0 0 0 0 0 0 0 0 0 0 0 0 18 0 0 0 0 0 
 3 3 3 32 3 3 3 3 3 3 3 3 3 3 3 3 5 3 3 4 0 206 207 0 1 0 1 3 0 0 0 0 0 0 0 0 0 0 2 0 104 123 200 0 66 84 109 113 215 138 72 75 56 47 198 175 183 113 69 101 19 0 1 0 0 0 50 9 0 2 0 0 0 0 1 0 0 0 50 0 0 0 0 0 0 0 0 0 0 0 6 0 0 0 0 0 0 0 0 0 0 0 0 0 0 0 0 0 0 0 0 0 0 0 0 0 0 0 0 0 16 9 6 20 20 30 0 1 0 7 1 0 0 0 8 12 12 49 0 0 10 0 0 0 0 0 0 0 0 0 11 0 1 0 0 0 0 0 28 0 0 0 0 18 0 0 0 0 0 0 0 0 0 0 0 0 0 0 0 0 0 0 0 0 0 0 0 0 0 0 0 0 0 0 2 0 0 0 0 0 1 0 41 32 29 19 0 0 10 13 30 24 0 6 1 33 0 0 0 0 2 0 0 0 0 0 20 13 0 0 0 0 11 9 16 0 0 0 44 7 0 0 0 0 0 0 0 0 0 0 0 8 0 0 0 0 0 0 0 2 0 0 0 5 2 2 0 0 4 0 0 0 0 0 0 0 0 0 0 0 0 0 0 0 1 3 0 0 0 0 
 3 3 3 3 3 3 3 3 3 3 9 3 3 3 3 7 3 3 3 3 2 0 0 0 0 6 0 0 0 7 0 0 0 0 0 0 0 0 0 0 34 42 114 66 0 274 50 37 234 262 127 88 65 281 64 232 70 39 64 61 0 52 6 3 0 50 38 20 0 3 0 3 0 0 0 0 0 12 106 48 0 0 0 0 0 18 0 0 3 0 0 0 0 0 0 0 0 0 0 0 0 0 0 0 0 0 0 0 0 0 0 0 0 0 0 0 0 0 0 0 0 0 2 0 27 0 0 0 0 0 0 0 0 0 0 0 4 0 0 0 73 16 24 19 0 9 14 0 13 0 9 7 0 4 39 0 16 1 0 14 0 0 0 0 0 0 0 0 0 0 0 0 0 0 0 0 0 0 0 0 0 0 0 0 0 0 0 0 0 0 0 0 0 0 0 0 0 0 0 0 0 0 0 0 8 20 0 0 0 8 0 0 0 0 0 0 0 0 0 0 20 0 0 8 0 0 0 5 1 8 22 0 16 0 17 24 0 4 0 29 0 0 0 0 0 0 0 0 0 0 0 22 0 0 0 0 0 0 0 1 0 0 1 2 2 0 13 2 2 0 0 0 0 0 0 2 0 0 0 0 0 0 0 0 19 0 0 0 0 0 
 0 0 0 0 0 0 0 0 0 0 0 0 0 0 0 3 0 0 0 0 0 0 0 0 0 3 0 0 0 3 0 0 0 0 0 0 0 0 0 0 242 24 50 84 274 0 24 17 49 89 74 53 441 32 48 75 285 39 61 252 50 2 4 2 2 0 21 53 51 52 2 7 1 1 0 0 0 4 3 52 0 0 0 0 0 0 0 0 0 0 0 0 0 0 0 0 0 0 0 0 0 0 0 0 0 0 0 0 0 0 0 0 0 0 0 0 0 0 0 0 0 0 0 0 46 9 0 0 0 0 0 0 0 0 0 0 1 0 0 0 12 0 54 19 0 1 11 11 16 0 5 3 0 6 16 2 26 0 0 1 0 0 0 0 0 0 0 0 0 0 0 0 0 0 0 0 0 0 0 0 0 0 0 0 0 0 0 0 0 0 0 0 0 0 0 0 0 0 0 0 0 0 0 18 0 15 0 0 0 1 0 0 0 0 0 0 0 0 0 0 1 0 0 14 1 0 13 63 33 20 22 0 10 11 12 15 0 14 0 13 0 0 0 0 0 16 0 0 0 0 0 1 0 0 0 0 0 0 0 0 0 0 1 63 1 9 5 10 0 0 0 0 0 0 0 35 0 0 0 0 0 0 0 0 1 0 0 0 0 0 
 2 34 5 65 63 3 2 28 75 2 8 2 2 2 65 64 16 2 2 2 0 0 1 0 0 0 0 0 63 0 62 63 0 0 0 0 7 3 0 0 227 145 98 109 50 24 0 125 57 33 106 37 171 304 301 260 27 35 120 253 0 0 0 0 0 0 0 0 0 0 0 0 0 0 0 0 0 0 50 0 0 0 0 22 0 0 0 0 18 21 0 15 0 0 0 0 0 0 0 0 0 0 0 11 0 10 0 0 13 0 0 0 0 0 1 0 9 0 0 0 0 28 0 0 10 1 1 19 9 0 24 7 18 11 8 43 0 0 13 0 0 0 0 0 0 0 0 0 0 6 0 0 0 0 0 2 0 0 0 4 0 0 15 0 8 0 0 0 11 0 0 0 0 0 0 15 0 20 0 0 0 33 0 2 27 0 0 0 18 6 20 0 2 0 0 0 0 0 0 0 0 43 16 10 1 0 10 2 0 37 0 0 26 74 14 21 36 24 0 0 0 0 0 0 0 0 0 0 0 0 0 0 0 0 0 0 0 0 6 0 0 0 10 0 0 0 63 0 0 0 0 10 0 0 0 0 0 0 0 0 10 0 11 0 0 2 1 0 0 0 12 0 0 0 0 0 0 0 0 0 0 0 0 0 0 0 0 9 0 0 
 0 0 0 0 6 8 0 0 0 2 43 0 0 0 0 0 3 0 0 0 1 1 0 0 0 62 0 0 0 0 0 0 0 68 0 0 1 0 0 1 105 204 388 113 37 17 125 0 168 302 42 40 106 56 335 37 56 202 61 106 0 0 0 0 0 0 3 0 0 0 0 0 63 0 0 0 6 1 0 0 0 0 0 0 0 1 0 0 3 0 16 8 0 0 0 0 0 19 0 13 0 0 0 17 0 0 0 0 4 4 0 0 0 0 0 0 0 11 7 0 0 20 18 31 1 34 1 0 41 15 10 39 0 0 40 9 0 15 0 17 0 0 0 0 0 0 0 0 0 0 0 0 23 0 0 0 0 0 28 0 0 0 6 5 0 2 0 0 4 0 0 0 0 12 0 6 0 0 0 0 25 0 0 0 0 0 26 0 0 0 0 1 0 0 0 0 0 0 5 0 10 0 28 14 8 0 0 0 0 4 14 47 24 14 0 25 21 0 0 0 10 0 0 4 0 0 27 0 0 0 0 0 45 0 0 0 0 0 14 0 0 0 0 0 0 0 0 0 0 0 0 9 0 2 0 0 0 0 0 2 0 0 1 0 0 0 5 0 0 0 0 0 0 0 0 0 0 0 0 0 0 0 0 0 4 0 0 16 0 0 
 0 0 0 0 0 0 0 0 0 0 2 0 0 0 0 0 2 0 0 0 0 0 4 0 0 2 0 4 2 0 0 0 8 0 0 0 0 0 1 1 58 137 297 215 234 49 57 168 0 361 170 165 76 73 109 179 209 105 87 123 9 0 0 0 0 0 50 0 0 0 0 1 2 0 0 0 0 1 18 102 0 0 0 0 0 8 0 0 0 0 0 0 0 0 0 0 0 13 0 0 0 0 0 0 0 0 11 0 10 0 0 0 0 6 6 0 0 0 15 0 0 1 1 24 11 18 0 31 20 0 14 10 0 0 1 7 19 22 0 0 0 0 0 0 0 0 0 0 0 0 6 13 29 18 0 0 0 0 14 1 0 8 0 7 0 8 0 0 0 0 0 0 0 0 0 0 0 0 0 0 52 0 0 0 0 0 0 6 1 0 0 0 0 0 2 0 0 0 4 9 0 8 10 0 21 0 0 0 3 45 25 28 0 0 0 0 0 0 0 0 12 0 0 0 0 0 0 0 0 0 0 0 9 0 13 13 0 0 22 8 0 0 0 0 0 0 0 0 0 0 0 11 0 0 0 0 0 0 0 1 0 0 0 0 0 23 0 0 0 0 0 0 0 0 0 0 0 0 0 0 0 2 0 0 4 24 0 11 0 0 
 0 0 0 0 3 4 0 0 0 0 4 0 0 0 0 0 2 0 0 0 0 1 54 0 0 63 0 3 0 1 0 0 5 0 0 0 2 0 0 0 24 126 306 138 262 89 33 302 361 0 117 52 31 96 189 127 112 41 89 71 0 0 0 0 0 0 109 0 0 0 0 0 0 0 0 0 0 0 41 56 0 0 0 0 0 7 0 0 0 0 6 0 0 0 0 0 0 15 0 0 0 0 0 0 0 0 3 0 8 0 0 0 0 10 5 0 0 0 16 0 0 0 6 20 9 0 9 0 11 1 0 0 0 13 0 0 11 0 0 0 0 0 10 0 0 0 0 0 0 0 3 0 11 0 0 0 0 0 0 1 0 1 0 0 0 16 0 0 0 0 0 0 0 0 0 0 1 0 0 0 7 0 0 0 0 11 5 0 0 0 0 0 0 0 0 0 0 0 10 7 0 0 0 0 12 0 7 0 13 9 17 0 0 14 9 9 0 0 21 0 10 0 0 0 0 0 13 10 1 9 0 0 27 0 11 0 0 0 0 17 0 0 12 0 0 0 0 0 0 0 0 12 0 1 0 0 0 0 0 7 0 0 0 0 0 2 0 66 0 0 0 0 0 0 0 0 0 0 0 0 0 0 0 0 8 0 0 11 0 0 
 0 3 0 0 0 0 0 0 0 1 64 0 0 0 0 5 0 0 0 0 0 0 0 0 0 0 0 0 0 0 4 0 0 0 0 0 0 0 0 5 297 38 41 72 127 74 106 42 170 117 0 182 48 51 192 210 146 341 45 47 1 0 56 6 0 0 0 1 0 6 0 9 0 0 4 0 0 8 53 0 0 8 0 0 0 0 0 0 0 0 0 0 9 0 0 0 0 0 0 0 0 0 0 0 15 0 0 0 0 8 0 0 0 0 0 0 0 0 0 0 15 11 0 11 11 30 13 0 3 0 32 27 1 0 0 13 13 0 6 0 0 0 0 0 0 6 0 0 2 0 18 8 2 0 0 0 7 0 1 0 0 5 0 7 0 0 0 0 0 0 0 0 0 0 0 0 0 0 0 0 0 0 0 0 11 0 0 0 0 0 0 0 0 0 0 0 0 0 9 0 9 13 0 16 11 19 19 0 9 0 19 15 0 36 10 0 0 11 0 8 0 0 0 25 0 0 0 0 0 0 0 0 0 0 15 5 0 9 0 7 0 0 12 0 0 0 0 0 0 0 0 13 0 0 0 0 0 0 0 9 0 0 4 0 61 31 11 0 0 0 0 0 0 0 0 1 0 0 0 0 0 0 0 0 1 0 0 0 0 0 
 0 0 0 0 0 62 0 0 0 0 0 0 0 0 0 3 0 0 0 0 0 0 0 0 0 2 0 2 0 3 0 0 0 0 0 0 0 0 0 0 154 97 378 75 88 53 37 40 165 52 182 0 32 245 95 139 175 163 38 94 0 0 51 0 0 0 0 0 0 0 0 47 0 0 0 0 0 0 0 0 0 27 17 0 0 0 0 9 0 0 0 0 5 0 2 6 0 0 0 13 0 0 0 0 0 0 0 0 0 0 0 0 0 0 0 0 0 0 0 0 13 34 0 11 0 30 0 5 16 0 19 27 0 0 10 9 17 33 13 0 0 0 0 0 0 0 0 0 0 2 0 0 0 0 0 0 0 0 14 0 8 14 0 5 0 0 0 1 0 0 0 0 0 8 0 0 0 0 4 0 0 0 0 0 0 0 0 0 0 0 0 0 0 0 0 17 0 0 0 0 29 24 37 67 53 0 9 0 19 7 0 29 38 43 0 26 19 0 0 7 0 0 0 0 0 0 0 0 0 0 0 0 51 0 0 0 0 0 41 0 0 0 2 0 0 0 0 0 0 0 0 9 1 0 0 0 0 0 0 0 0 1 1 1 36 14 0 3 0 0 0 0 0 0 0 0 8 0 0 0 0 0 0 0 7 12 0 0 0 0 
 0 0 1 1 2 0 30 0 2 2 2 0 0 0 2 0 0 0 0 0 2 206 1 2 64 100 0 1 1 0 74 1 0 1 2 2 26 0 0 0 195 45 56 56 65 441 171 106 76 31 48 32 0 69 51 38 36 43 314 106 0 0 1 3 0 0 0 0 0 2 3 0 0 0 0 1 0 3 0 0 0 0 0 0 0 0 0 0 0 0 0 0 0 0 0 0 0 0 0 0 0 13 0 19 3 10 0 0 0 8 0 4 0 0 0 0 14 14 1 0 0 15 14 10 0 0 5 30 0 7 0 0 16 20 0 0 0 6 14 0 0 9 0 7 0 0 9 0 0 0 0 0 0 0 0 0 0 0 0 0 0 0 0 0 0 18 0 0 0 0 0 0 0 0 0 0 0 0 0 0 0 0 0 19 0 35 0 0 0 0 0 5 0 0 0 0 9 0 0 0 0 0 0 0 0 0 0 11 0 0 0 0 27 0 0 0 16 16 0 21 0 0 0 0 0 0 0 0 0 0 0 0 0 0 0 0 0 0 0 15 0 0 0 0 0 0 0 0 2 2 0 7 0 2 0 0 0 0 0 2 0 12 0 0 0 4 0 0 0 0 6 0 0 0 0 0 0 0 0 0 0 0 0 0 0 0 11 0 1 0 
 0 0 0 0 2 62 0 0 0 0 73 0 1 0 0 0 65 0 0 0 0 0 1 0 0 65 14 1 0 0 62 1 1 60 1 0 5 0 0 1 109 41 35 47 281 32 304 56 73 96 51 245 69 0 192 268 67 100 125 403 0 0 0 0 0 0 0 0 0 0 0 0 0 0 0 0 0 0 0 0 0 0 0 0 0 22 0 0 1 0 9 1 0 0 0 0 0 1 0 0 0 0 0 0 0 0 0 0 13 0 0 0 0 0 0 0 0 0 32 0 0 23 0 59 12 0 13 9 0 9 7 14 9 5 41 41 0 0 21 1 0 0 0 2 0 0 5 0 0 2 0 0 0 0 0 4 0 0 0 2 0 0 1 0 0 43 0 0 1 0 0 0 0 0 0 1 12 11 0 0 20 0 0 0 51 28 20 0 0 0 0 0 0 0 0 0 0 0 13 0 13 22 0 0 0 0 7 0 14 12 0 0 49 37 22 30 22 40 12 0 0 0 0 0 0 0 0 0 0 0 0 0 0 0 0 0 0 0 10 0 0 0 1 0 0 0 0 0 0 0 0 6 0 7 0 0 0 0 0 7 0 0 63 0 0 0 12 0 0 0 14 0 0 11 0 0 0 0 0 0 0 0 0 0 0 0 0 0 0 0 
 0 0 0 0 0 0 0 0 0 0 6 0 2 0 0 2 0 0 0 0 2 2 2 2 3 11 5 2 3 7 3 3 3 2 3 3 72 2 3 7 66 128 153 198 64 48 301 335 109 189 192 95 51 192 0 109 310 245 67 61 0 0 0 1 2 0 0 3 2 0 3 5 4 5 6 0 2 2 4 0 0 0 0 1 0 0 0 0 0 0 0 0 0 0 0 0 0 0 0 0 0 0 0 0 0 0 0 0 0 0 0 0 0 0 0 0 0 0 0 0 7 10 12 30 12 21 0 0 28 13 11 32 0 0 17 0 0 9 0 0 0 0 0 0 0 0 28 0 0 0 0 3 10 0 0 0 0 0 12 0 0 5 0 4 0 0 0 0 0 0 0 0 0 0 0 0 0 19 0 0 0 0 0 0 0 0 0 0 19 0 0 0 0 0 0 0 0 0 0 0 0 16 0 11 18 22 14 0 4 6 27 17 0 18 7 6 1 19 0 0 20 0 0 0 0 0 9 0 0 0 0 0 29 3 1 0 0 0 10 10 0 0 11 0 0 0 0 0 0 6 0 3 0 0 0 0 0 0 0 0 0 1 2 0 0 20 1 0 0 0 0 0 0 0 0 0 0 0 0 0 0 0 8 0 8 0 0 12 0 0 
 0 0 3 0 0 0 0 0 0 0 0 0 0 0 19 1 0 0 0 0 0 0 8 1 0 62 0 0 0 0 0 0 0 0 0 0 0 0 0 0 264 139 57 175 232 75 260 37 179 127 210 139 38 268 109 0 243 33 80 113 4 1 8 1 0 0 95 3 0 51 5 30 1 0 10 0 0 9 23 50 0 0 0 0 0 0 0 0 0 0 0 0 0 13 0 0 0 0 0 0 0 0 0 0 1 21 0 0 0 0 0 0 0 0 0 0 0 0 0 0 15 7 11 40 9 0 10 16 16 0 1 0 30 0 0 0 26 28 0 26 0 0 4 8 4 1 0 1 10 0 12 3 14 0 0 0 6 0 9 1 0 0 0 0 0 0 0 3 0 0 0 0 0 0 0 0 7 0 0 0 0 0 0 0 0 36 0 0 0 0 0 0 0 0 0 0 0 0 0 0 0 0 9 0 7 1 1 1 15 31 26 14 0 1 10 15 13 10 10 0 18 0 0 7 1 0 0 0 0 0 0 0 18 0 6 0 0 27 29 2 0 0 1 0 0 0 0 0 0 0 0 7 0 0 0 0 0 0 0 8 0 0 0 0 0 2 5 0 0 0 0 0 0 0 0 0 0 0 0 0 0 0 0 0 20 23 0 23 0 0 
 3 3 6 2 3 3 3 3 2 3 3 3 5 2 2 6 2 66 3 2 3 2 3 5 2 4 8 4 4 4 4 3 4 4 3 4 4 4 5 4 315 156 50 183 70 285 27 56 209 112 146 175 36 67 310 243 0 128 29 39 3 0 64 0 0 0 0 0 2 0 0 0 50 0 0 0 1 7 55 1 0 1 0 0 0 0 0 0 0 0 0 0 0 0 0 0 0 0 0 0 0 0 0 0 0 0 0 0 0 0 0 0 0 0 0 0 0 0 0 0 13 9 21 16 0 10 0 1 0 19 8 1 0 0 26 5 11 32 0 0 0 1 1 1 1 2 0 20 1 0 3 2 0 1 1 2 1 2 29 1 0 0 0 0 0 0 0 0 0 0 0 0 0 0 0 0 0 0 0 0 0 0 0 0 0 0 0 0 0 0 0 0 0 0 0 0 0 13 0 0 34 15 83 37 30 24 0 0 17 7 44 19 0 16 0 20 0 0 0 0 0 0 0 1 0 1 21 0 0 0 0 1 0 9 20 0 1 2 34 7 0 0 0 0 0 0 0 0 0 0 0 12 0 0 0 0 0 0 2 0 0 0 0 0 64 2 1 0 63 0 0 0 0 0 0 0 0 0 0 0 0 0 0 0 0 27 0 0 0 1 
 0 0 0 0 0 0 3 0 0 2 0 0 0 0 0 3 63 0 0 1 0 0 0 0 1 1 6 3 0 6 0 0 0 0 0 0 0 0 0 0 319 104 105 113 39 39 35 202 105 41 341 163 43 100 245 33 128 0 98 64 1 0 3 0 0 0 0 0 0 0 0 1 54 3 0 0 1 0 0 209 0 0 0 0 0 0 0 0 0 0 0 0 0 0 0 0 0 0 0 0 0 0 0 1 0 0 0 0 0 0 0 0 0 0 7 0 0 1 0 4 8 0 19 0 7 53 0 0 0 18 23 29 0 0 12 30 0 37 9 0 0 0 0 0 0 0 0 4 0 0 1 0 33 0 0 0 0 0 21 0 0 2 10 9 0 0 0 0 0 0 0 0 0 0 0 0 0 0 0 0 0 0 12 0 10 0 0 0 0 0 0 0 0 0 0 0 0 0 0 0 1 12 52 1 38 21 10 0 0 19 16 47 0 12 8 58 11 8 0 0 0 0 0 0 0 0 33 0 0 0 0 0 27 0 0 0 0 0 17 8 0 0 10 0 0 0 0 0 0 0 0 12 0 0 0 0 0 0 0 0 0 27 0 2 2 5 1 0 0 0 0 0 0 0 0 0 0 0 0 0 0 0 0 0 8 0 0 0 0 0 
 0 0 3 0 0 0 0 2 0 0 0 0 0 0 0 0 4 0 0 0 63 5 63 4 62 85 0 3 63 13 0 0 0 0 0 3 62 2 0 0 45 22 32 69 64 61 120 61 87 89 45 38 314 125 67 80 29 98 0 103 0 0 0 0 0 0 0 0 12 0 0 0 0 0 200 0 2 0 0 200 0 0 0 0 0 0 0 0 0 0 0 0 0 0 0 0 0 0 0 0 0 18 0 17 14 0 0 0 0 0 10 10 0 0 0 11 21 0 0 0 20 20 14 11 55 0 10 9 1 10 0 14 9 16 13 15 24 19 0 24 0 0 0 0 0 0 0 0 0 0 0 0 10 0 0 0 5 0 0 0 0 0 0 0 0 0 0 6 0 0 0 0 0 0 0 0 7 0 0 0 0 0 0 4 38 43 0 10 0 30 0 13 13 0 0 1 17 16 18 0 21 36 0 0 0 0 31 2 15 0 2 0 11 13 30 23 31 26 40 5 0 0 0 0 0 0 0 0 0 0 0 18 0 0 0 0 0 0 0 0 0 0 0 0 0 0 0 0 0 0 0 12 0 0 0 0 0 64 0 8 0 0 0 0 0 4 5 0 0 1 0 0 0 1 0 0 0 0 0 0 0 0 0 0 0 9 0 0 0 0 
 0 0 0 0 0 0 0 0 0 0 0 0 0 0 0 0 0 0 0 0 0 0 0 128 0 0 0 0 0 63 15 30 0 0 0 0 0 0 0 0 192 96 26 101 61 252 253 106 123 71 47 94 106 403 61 113 39 64 103 0 0 0 0 0 0 0 0 0 0 0 0 0 0 0 0 0 0 0 0 0 0 0 0 0 0 0 0 0 0 0 0 0 0 0 0 0 0 0 0 0 0 0 0 3 10 5 0 0 19 0 0 17 0 0 0 0 0 0 0 0 24 14 2 13 0 10 0 6 8 0 2 0 39 0 14 0 8 1 19 6 0 0 0 0 0 0 0 0 0 1 0 0 0 0 0 0 0 0 11 1 0 0 0 0 0 0 0 3 0 0 0 0 0 0 0 0 0 0 0 0 0 26 0 49 18 0 0 0 2 19 11 0 0 0 0 0 0 0 0 0 0 0 8 22 10 0 0 29 17 21 0 36 23 6 0 11 15 15 0 0 0 0 0 0 0 0 0 0 0 0 0 0 0 0 39 0 0 0 20 0 0 0 0 0 0 0 0 0 0 0 0 2 0 0 0 0 0 0 0 0 19 0 64 0 0 0 3 0 0 0 0 0 0 0 0 0 0 0 0 0 0 0 0 0 10 18 0 0 0 0 
 0 0 0 0 0 0 0 1 0 0 0 0 0 0 0 0 0 0 0 0 0 0 0 0 0 0 0 0 0 0 0 0 0 0 0 0 0 0 0 0 0 0 0 19 0 50 0 0 9 0 1 0 0 0 0 4 3 1 0 0 0 232 75 45 55 34 161 179 322 56 125 21 60 92 239 303 131 80 108 35 0 0 0 0 0 0 0 0 0 0 0 0 0 0 0 0 0 0 0 0 0 0 0 0 0 0 0 0 0 0 0 0 0 0 0 0 0 0 0 0 0 0 0 0 27 0 0 0 0 0 0 0 0 0 0 0 0 0 0 0 12 11 18 57 29 1 3 1 20 27 11 4 5 16 0 0 1 3 10 8 0 0 0 0 0 0 0 10 0 0 0 0 0 0 0 0 0 0 0 0 0 0 0 0 0 20 0 0 0 0 0 0 0 18 0 0 0 0 0 0 0 0 0 25 0 0 0 0 0 0 0 0 0 0 0 0 0 0 0 0 0 39 0 24 3 49 0 15 0 0 22 35 7 12 1 0 10 0 6 0 0 0 0 12 0 0 0 0 0 0 0 0 0 0 2 0 24 0 0 0 0 0 0 20 0 0 0 0 0 0 2 0 0 0 0 0 0 0 0 0 0 0 0 0 0 0 0 0 0 0 
