 0 214 337 151 126 145 159 245 42 131 54 32 214 444 497 176 118 35 344 212 0 0 2 0 8 0 2 0 3 0 4 8 3 0 2 3 2 2 3 3 6 2 0 3 3 0 0 0 3 2 1 2 25 3 2 0 4 0 4 5 0 1 0 0 2 5 2 5 2 0 0 3 1 1 0 54 3 3 0 0 0 8 26 1 7 0 0 0 75 0 45 0 38 10 15 46 0 14 31 66 0 0 0 0 0 0 0 0 0 0 1 0 0 2 0 0 0 0 0 9 0 0 0 0 0 0 0 0 0 0 0 0 0 0 0 2 0 1 0 0 0 0 0 0 0 4 0 0 0 0 0 0 11 0 0 0 0 0 0 0 0 13 0 17 0 0 9 26 3 0 2 1 10 45 1 10 15 5 0 26 0 0 2 0 0 0 0 0 0 0 0 2 0 0 0 0 0 0 0 6 0 0 0 0 0 10 0 0 0 0 0 0 0 0 0 0 0 0 0 0 0 0 0 0 0 0 0 0 2 0 0 0 0 0 0 0 16 0 8 0 0 0 0 0 1 3 0 0 2 1 2 5 0 0 0 0 0 0 0 0 0 0 0 0 0 0 0 0 2 0 0 0 0 0 0 14 15 9 0 0 0 0 0 0 0 0 0 0 0 0 
 214 0 487 54 46 294 61 205 302 64 148 193 340 49 243 134 136 443 30 44 4 0 1 0 1 1 91 2 4 0 3 3 63 2 1 3 1 4 0 1 0 2 0 3 3 1 0 0 0 2 0 0 0 0 0 0 4 0 0 3 2 1 0 0 3 0 0 2 0 0 0 3 0 0 1 2 55 3 1 0 0 0 0 25 18 15 0 3 0 38 0 0 0 12 15 10 0 0 0 18 0 0 0 5 0 0 24 1 0 0 0 0 0 0 0 0 0 0 9 8 0 0 0 0 0 0 0 0 0 0 0 0 0 0 0 0 0 0 0 0 5 0 0 0 0 0 18 4 0 0 0 0 0 0 1 0 0 0 0 0 23 19 60 5 10 1 10 20 15 24 25 0 0 0 4 1 1 2 2 0 0 0 0 0 0 0 0 0 0 0 0 0 17 0 0 0 0 0 2 33 0 0 0 0 0 0 0 0 0 0 0 0 0 0 0 0 0 0 0 0 0 0 0 2 0 0 0 11 0 0 0 0 0 2 0 0 0 0 0 0 0 0 0 0 0 0 89 0 88 2 0 7 0 0 0 0 0 0 1 0 0 0 0 0 0 0 0 0 0 2 0 0 0 0 0 0 1 0 0 0 0 0 0 0 0 0 0 0 0 0 
 337 487 0 511 62 241 52 250 259 138 72 196 244 60 244 229 201 147 38 88 0 4 2 0 2 3 0 4 6 1 1 4 0 0 4 3 0 5 0 5 0 2 0 3 3 3 0 0 0 2 3 0 0 0 0 0 5 4 0 2 0 0 0 6 2 2 0 4 3 0 0 5 2 0 0 35 6 6 0 0 0 25 0 59 38 9 21 1 1 20 0 2 33 63 18 16 13 24 0 29 0 0 0 0 0 0 0 0 0 0 2 0 20 0 0 0 0 0 0 14 0 0 0 0 0 0 0 0 0 0 0 0 1 0 0 0 0 2 0 0 6 0 0 0 0 0 0 0 0 0 0 0 47 0 4 0 0 0 0 0 44 35 1 14 9 10 23 0 37 20 0 29 0 16 19 33 25 1 13 12 0 0 0 0 0 0 0 0 0 0 0 2 0 0 0 0 0 0 2 24 0 0 0 0 0 0 0 0 0 0 0 0 0 0 0 0 0 0 0 18 0 0 0 0 0 0 0 0 1 0 0 0 2 0 0 0 0 0 2 0 0 9 0 0 0 0 0 0 2 2 0 2 0 0 0 11 0 0 0 0 0 0 0 0 0 0 0 0 0 0 0 0 0 0 0 1 1 0 0 0 0 0 0 0 0 0 0 0 0 0 
 151 54 511 0 78 125 72 175 220 87 51 293 428 87 177 34 392 253 62 206 0 0 2 0 0 0 0 0 3 0 1 0 1 68 2 0 0 0 74 0 0 2 0 3 3 0 0 0 0 2 0 0 0 0 0 0 3 0 0 3 0 0 0 0 2 0 0 0 1 0 6 3 0 0 0 38 3 7 0 0 0 15 14 58 0 1 1 15 0 10 9 1 0 0 10 0 13 20 13 29 36 0 0 0 0 0 0 13 9 0 0 0 19 0 0 0 0 21 0 0 0 0 0 0 0 0 0 0 0 0 0 0 0 0 0 0 0 0 0 0 0 0 0 0 0 0 0 0 0 0 21 3 0 0 0 0 0 0 0 0 23 23 15 34 0 0 14 0 0 9 0 11 0 0 0 35 10 0 0 2 0 10 0 0 0 0 0 0 0 0 18 0 0 23 0 0 12 1 43 0 0 0 0 0 0 0 0 0 0 0 0 0 0 0 0 0 0 0 0 0 0 0 0 0 0 0 0 0 0 0 0 0 0 0 0 0 0 0 0 0 0 6 0 0 0 0 0 2 0 0 0 3 0 0 0 0 0 0 0 0 0 0 0 0 0 0 0 0 0 0 0 0 0 0 0 0 0 0 0 0 0 0 0 0 0 0 0 0 0 0 
 126 46 62 78 0 142 57 95 99 100 312 210 95 357 195 130 153 226 61 95 81 0 0 0 0 0 150 0 3 0 2 2 68 0 24 0 1 0 73 1 0 2 0 3 3 0 0 0 0 2 0 0 0 0 0 0 3 0 0 3 0 0 0 0 2 0 0 0 1 0 0 3 0 0 0 3 3 3 0 0 1 15 18 0 12 0 0 15 9 29 0 14 0 0 0 13 23 12 0 0 9 1 0 0 0 0 48 24 0 0 0 0 0 11 0 0 18 0 23 6 0 0 0 0 0 0 0 0 0 0 0 0 0 0 0 0 0 0 0 0 9 0 17 0 0 0 7 10 0 0 0 11 0 0 0 0 2 0 0 0 0 1 58 17 13 15 0 5 0 17 26 0 0 0 10 1 0 5 0 0 0 0 0 9 0 0 17 0 0 19 11 32 42 31 0 39 3 0 27 17 0 0 0 0 0 0 0 0 0 0 0 0 0 0 0 2 0 0 0 0 0 0 0 0 0 0 0 0 0 0 0 0 0 0 0 16 0 0 2 0 0 0 0 0 0 3 90 0 90 87 2 2 15 0 0 0 0 0 0 15 1 0 0 0 0 0 1 0 0 0 0 0 0 0 0 0 3 0 0 0 0 0 0 0 0 0 0 0 0 0 
 145 294 241 125 142 0 49 335 132 98 241 38 19 38 60 178 111 131 54 59 45 83 74 0 0 0 1 4 44 9 75 2 0 92 19 2 0 2 84 27 15 3 0 3 3 0 0 0 0 3 0 0 0 0 0 0 1 0 0 2 0 0 0 2 2 44 0 0 3 0 0 3 3 0 1 3 4 10 1 44 0 0 10 9 36 11 2 0 0 0 10 44 0 0 0 0 5 0 0 0 13 0 13 40 0 0 1 22 30 24 10 20 19 28 19 0 0 1 23 7 0 0 0 0 0 0 0 2 0 0 0 0 0 0 0 0 0 0 0 0 1 2 2 2 1 0 10 1 0 0 0 5 0 0 0 0 0 0 0 0 0 0 3 14 16 12 0 0 0 2 9 0 0 0 0 14 0 0 0 2 14 14 13 0 0 0 27 9 0 0 0 0 16 22 19 13 13 5 38 0 0 0 0 0 0 0 0 0 0 0 0 13 0 0 0 0 0 0 0 0 0 0 1 0 0 0 0 0 0 0 0 0 0 0 0 0 2 0 0 0 0 0 0 0 0 9 2 0 0 0 0 0 0 0 0 0 0 0 0 0 0 0 19 0 0 0 0 0 0 0 0 0 0 0 0 3 11 0 0 0 0 0 0 0 0 0 25 0 0 0 
 159 61 52 72 57 49 0 64 60 268 24 39 99 34 30 24 40 33 203 90 0 0 0 0 6 0 1 0 3 0 1 2 0 3 2 2 0 0 3 3 0 2 0 3 5 0 0 0 3 2 0 2 0 0 0 0 3 0 0 6 0 0 0 0 2 3 0 2 2 0 2 3 1 0 3 3 3 3 0 3 54 1 20 1 0 0 32 0 12 0 1 0 6 25 56 0 12 0 24 0 0 1 0 0 0 0 0 0 0 0 0 0 0 0 0 0 0 0 0 0 0 0 9 0 0 0 0 0 0 1 0 0 0 0 1 2 0 2 0 0 1 0 9 0 0 11 0 0 0 0 0 0 0 0 0 0 0 0 0 0 16 2 0 0 0 0 16 42 16 0 0 0 19 10 0 0 0 0 0 18 0 0 2 0 0 0 10 0 0 0 0 0 0 0 0 0 0 0 0 0 0 0 0 0 0 0 0 0 16 0 0 0 0 0 2 0 2 0 0 0 0 0 0 0 0 0 0 0 2 0 0 0 0 0 0 0 0 0 0 0 0 0 0 0 1 0 2 0 0 0 0 0 0 0 0 2 0 0 0 0 0 0 0 2 0 0 0 0 0 0 0 2 0 0 0 0 0 5 0 0 0 0 0 0 0 0 0 0 0 1 
 245 205 250 175 95 335 64 0 127 142 53 210 240 187 276 329 79 37 82 145 0 0 0 0 0 0 0 0 3 0 2 2 0 0 0 2 0 0 0 0 0 2 0 4 2 2 0 0 0 2 0 0 0 0 0 0 5 0 0 3 0 0 0 0 3 0 0 0 0 0 0 3 0 0 0 52 2 49 0 0 0 23 29 19 35 10 0 15 44 44 53 2 9 6 20 56 0 33 0 44 0 0 0 0 0 0 20 0 0 0 0 0 0 0 0 1 0 0 0 6 0 0 0 0 0 0 0 0 0 0 0 0 0 10 0 0 0 0 0 0 5 0 0 0 0 6 0 4 0 0 0 0 0 0 1 0 2 0 0 0 13 39 43 37 10 1 14 18 0 10 1 0 0 17 21 0 13 37 21 10 0 0 0 0 0 0 0 0 0 0 0 0 0 0 0 0 0 4 0 20 0 0 0 0 0 0 0 0 0 0 0 0 0 0 0 2 0 0 0 0 0 0 0 20 0 0 0 0 0 0 0 0 0 0 0 0 0 0 1 0 0 0 0 0 0 2 88 0 3 1 1 2 11 0 0 0 0 0 0 0 0 0 0 0 0 0 1 0 0 0 0 0 0 0 0 0 26 0 0 0 0 0 0 0 0 0 0 0 0 0 
 42 302 259 220 99 132 60 127 0 185 242 173 106 76 299 70 246 191 69 237 3 0 2 0 1 2 0 166 5 1 3 3 2 2 210 0 2 1 113 168 2 4 1 3 3 0 2 0 2 4 2 2 2 2 2 2 2 2 0 4 0 0 0 0 4 0 1 0 2 0 2 3 1 1 0 3 4 5 3 0 0 18 1 35 21 22 0 13 0 35 8 7 0 0 14 41 38 13 0 13 7 0 0 0 0 0 15 0 0 0 0 0 33 0 20 0 0 0 0 15 0 0 0 0 0 0 0 0 10 0 0 0 0 0 0 0 0 0 0 0 2 0 0 0 0 0 0 2 0 0 0 0 0 0 0 0 0 0 15 0 16 8 10 35 10 0 0 0 0 36 0 5 0 0 0 16 11 13 11 0 10 0 0 0 0 0 0 0 0 10 0 0 0 0 13 0 0 0 14 44 0 0 0 0 0 0 0 18 0 0 0 0 0 0 0 0 0 0 5 39 0 0 0 21 0 0 0 0 0 0 9 0 0 2 0 0 0 0 0 0 0 10 0 0 0 0 88 0 3 87 0 3 2 0 0 0 0 1 0 0 0 0 0 0 0 0 0 0 0 2 0 0 0 0 0 11 0 0 0 0 0 0 0 0 0 0 0 0 0 0 
 131 64 138 87 100 98 268 142 185 0 135 347 289 255 173 270 361 310 147 124 72 0 0 0 0 0 75 1 3 2 1 2 0 1 0 1 0 0 74 0 0 2 0 3 3 0 0 0 0 2 3 0 0 0 0 0 3 0 0 3 0 0 0 0 2 0 0 41 1 0 0 3 0 0 0 3 3 6 2 0 1 20 22 0 58 9 0 15 17 38 26 11 0 0 31 8 14 21 2 10 2 0 0 0 0 0 35 0 0 0 11 0 0 0 7 0 0 0 10 37 0 0 0 0 0 0 0 0 0 0 0 0 0 2 0 0 0 0 0 0 1 0 0 0 0 0 0 0 0 0 0 2 0 0 27 0 0 0 0 0 19 23 15 14 0 10 0 1 14 9 0 12 2 22 17 15 23 21 10 0 29 30 0 0 0 0 0 9 0 2 0 0 12 0 23 0 0 0 0 2 0 0 1 0 0 0 0 1 0 0 2 0 0 0 0 9 0 0 0 0 6 0 0 0 0 0 1 0 0 0 0 0 0 0 0 0 0 0 11 0 0 0 0 0 0 0 3 0 0 5 0 0 10 0 0 0 0 0 0 0 0 0 0 0 0 0 0 0 0 0 0 0 0 0 0 9 11 0 0 0 0 0 0 0 0 0 0 0 0 0 
 54 148 72 51 312 241 24 53 242 135 0 59 49 43 172 73 182 138 24 294 223 7 0 0 0 0 199 72 3 59 1 2 114 77 74 0 0 0 74 77 0 2 0 38 3 1 0 0 0 2 0 0 0 0 0 0 3 0 0 3 0 0 0 51 34 0 0 0 0 0 0 3 0 0 0 2 2 15 39 0 0 0 0 0 0 67 2 1 0 52 0 30 0 0 0 0 14 0 0 1 24 13 10 0 0 0 60 17 0 0 0 0 1 21 0 0 2 1 24 14 0 0 0 0 0 0 0 2 0 0 0 0 0 0 0 0 0 0 0 0 0 2 2 0 1 0 0 10 0 0 0 13 1 0 0 0 0 0 0 0 0 0 10 0 3 1 0 28 0 0 35 0 0 15 0 0 0 9 0 2 0 3 17 0 0 0 3 18 1 0 0 0 61 26 3 38 0 0 55 47 0 0 0 0 0 0 0 0 0 0 0 0 0 0 0 0 0 0 0 0 0 0 1 0 0 0 0 0 0 0 0 0 0 0 0 0 2 0 0 0 0 0 0 0 0 0 124 1 2 7 0 5 0 0 0 0 0 0 0 0 14 0 0 0 0 0 0 0 0 0 0 0 0 0 0 0 13 0 0 0 0 0 0 0 0 0 11 0 0 0 
 32 193 196 293 210 38 39 210 173 347 59 0 78 18 44 135 83 292 108 238 0 73 73 0 3 3 0 0 3 0 2 2 73 75 73 0 3 3 1 0 0 2 0 3 3 1 0 0 60 2 3 0 3 0 0 0 3 0 0 3 0 0 0 0 3 0 0 0 0 1 2 3 0 0 0 3 2 4 0 0 11 7 27 10 0 0 1 16 11 31 7 0 0 0 52 21 13 5 0 8 0 0 7 0 0 14 0 0 9 0 2 0 28 0 13 8 0 8 0 0 0 0 0 0 0 0 0 24 0 0 0 0 0 0 0 0 0 2 0 0 0 0 0 0 0 10 0 0 0 0 3 1 0 0 0 0 0 0 0 0 12 13 31 1 8 7 0 10 14 19 41 29 0 0 13 28 0 14 0 45 0 11 0 0 0 0 0 0 14 0 10 2 8 0 0 0 13 13 12 35 0 0 0 0 0 0 20 0 0 0 0 18 0 0 0 0 0 0 0 0 0 0 0 0 0 0 0 0 0 0 0 0 0 0 0 0 0 0 2 0 0 8 0 0 0 2 2 0 14 1 25 0 0 0 1 0 0 0 0 0 0 0 0 0 0 0 1 0 0 0 0 0 0 0 0 0 10 0 0 0 0 0 0 0 0 0 0 0 0 0 
 214 340 244 428 95 19 99 240 106 289 49 78 0 103 372 90 135 257 75 602 0 0 0 0 1 0 0 0 3 0 2 2 0 1 73 34 0 2 0 0 0 2 0 3 3 0 0 0 0 2 4 6 0 0 0 0 3 0 0 3 0 0 0 0 2 0 0 0 1 0 0 3 0 0 0 57 3 55 0 0 0 26 26 0 1 0 0 11 2 7 12 11 9 23 49 0 14 32 11 22 0 0 0 0 0 0 19 0 0 0 0 0 0 0 0 0 0 0 0 0 0 12 0 0 0 0 0 0 0 0 0 0 0 0 0 0 0 0 0 0 0 0 4 0 0 0 0 0 0 0 0 2 0 0 8 0 0 0 0 0 38 33 12 0 0 1 41 24 16 0 0 41 3 32 23 80 34 45 16 0 0 0 0 0 0 0 0 0 0 2 0 0 0 0 0 0 0 0 0 1 29 0 1 0 0 0 0 1 1 0 0 0 0 0 0 0 0 0 0 0 0 0 0 0 0 0 0 0 0 0 0 0 0 0 0 0 0 0 0 0 0 0 0 0 0 2 0 1 0 0 1 0 0 0 0 0 0 0 0 0 0 0 0 0 0 0 0 0 0 0 0 0 0 0 0 0 0 0 0 0 0 0 0 9 0 0 0 0 0 0 
 444 49 60 87 357 38 34 187 76 255 43 18 103 0 255 113 60 39 92 163 3 0 0 0 0 0 0 0 6 0 1 2 0 0 0 1 0 1 2 2 0 2 0 3 3 3 0 2 0 3 0 0 0 0 0 0 3 0 2 3 0 0 0 0 2 3 0 1 1 5 0 3 1 0 2 3 3 63 3 0 0 5 20 0 5 0 0 0 37 9 35 0 12 9 15 50 0 76 0 18 0 0 0 0 0 0 14 0 0 0 0 0 0 0 0 0 0 0 0 2 8 57 0 0 0 0 0 0 0 0 0 0 0 0 0 0 0 0 0 0 0 0 3 0 0 0 0 0 0 0 0 0 0 0 1 0 0 0 0 0 1 0 19 25 0 0 54 18 14 15 0 1 12 18 17 1 17 47 23 8 0 0 0 0 0 0 0 0 0 0 0 0 0 0 0 0 0 0 0 0 0 0 0 0 0 0 0 0 0 0 0 0 0 0 0 0 0 0 0 0 0 0 0 0 0 0 0 0 0 0 0 0 0 0 0 0 0 0 9 26 0 0 0 0 0 88 0 0 2 0 0 4 2 0 0 0 0 0 0 2 0 2 0 0 0 0 0 0 0 0 0 0 0 0 0 2 0 10 0 0 0 0 0 0 0 0 0 0 0 0 
 497 243 244 177 195 60 30 276 299 173 172 44 372 255 0 296 54 269 290 524 1 0 0 0 0 0 0 2 3 0 2 2 72 0 37 0 0 0 75 0 0 3 0 3 3 0 0 0 0 3 4 2 0 0 0 0 1 0 0 2 0 0 0 0 2 0 6 0 3 0 0 3 3 0 0 54 3 36 1 0 0 32 16 17 22 2 2 39 27 23 15 10 0 16 45 51 13 40 15 18 0 0 1 0 0 0 0 1 0 0 0 0 0 0 0 0 0 0 0 0 0 0 0 0 0 0 0 0 0 0 0 0 16 0 0 0 0 0 0 0 4 0 0 2 0 0 0 0 2 9 0 0 0 0 23 0 0 0 0 0 11 22 26 31 11 6 4 10 0 27 9 13 0 37 35 9 25 43 18 0 26 0 1 0 2 0 0 0 0 0 0 0 7 0 0 0 0 0 10 11 0 0 0 0 0 0 0 0 0 0 0 0 0 0 0 0 0 1 0 0 0 0 0 0 0 0 0 0 0 0 0 0 0 0 10 0 0 0 0 0 0 0 0 0 0 2 2 1 4 2 9 5 13 0 0 0 0 0 0 0 0 0 0 0 0 0 0 0 0 0 0 0 0 0 0 0 11 0 0 0 0 0 0 0 0 0 0 0 0 0 
 176 134 229 34 130 178 24 329 70 270 73 135 90 113 296 0 66 35 124 84 0 0 0 0 0 0 0 0 3 3 4 2 0 0 0 0 1 0 0 0 0 2 0 3 2 2 0 0 0 2 0 0 0 0 0 0 3 0 0 3 0 0 1 0 3 0 0 0 0 0 0 3 0 0 0 1 2 3 0 0 22 10 35 1 33 0 23 22 8 23 33 10 0 0 1 42 14 16 9 15 0 0 0 0 0 0 0 0 0 0 0 0 0 0 5 1 0 2 0 6 0 0 0 0 0 0 0 0 0 0 1 0 8 2 1 0 0 0 0 0 0 0 0 0 0 0 0 0 0 0 0 0 0 0 3 1 0 0 0 0 0 0 14 17 13 21 64 14 1 22 0 28 8 18 18 25 12 14 11 10 0 1 0 0 0 0 0 25 0 0 0 0 0 0 0 0 0 0 1 11 0 0 0 0 0 13 0 0 0 0 2 0 0 0 0 0 0 0 0 0 0 0 0 0 0 0 2 0 0 0 0 0 0 0 0 0 0 0 0 0 0 0 0 0 0 1 0 0 5 1 10 8 23 0 11 0 0 0 0 0 0 0 0 0 0 0 1 0 0 0 0 0 0 0 0 0 21 1 0 0 0 0 0 0 0 0 0 0 0 0 
 118 136 201 392 153 111 40 79 246 361 182 83 135 60 54 66 0 81 44 220 0 0 0 0 6 0 0 0 9 0 3 2 0 174 1 6 0 37 127 0 0 2 6 62 2 2 0 4 6 2 0 0 0 0 0 0 3 0 0 3 0 0 2 0 3 0 0 0 0 0 0 3 0 0 0 37 2 4 3 0 0 36 0 8 0 0 0 1 1 6 13 8 21 24 13 14 25 6 0 11 0 0 1 0 0 13 0 6 31 0 0 0 17 0 11 3 0 1 18 33 0 0 0 0 0 0 0 0 0 0 0 0 0 0 0 0 0 0 0 0 0 0 0 0 0 0 0 0 1 0 0 7 0 0 0 0 0 0 0 0 9 29 0 16 0 0 1 0 17 8 10 14 0 0 13 14 40 10 0 11 15 0 1 0 2 0 13 0 0 0 5 0 20 23 12 0 16 0 14 7 0 0 0 0 0 0 0 0 0 0 0 0 0 0 0 0 0 1 0 0 0 0 0 2 0 0 0 0 0 0 0 0 0 0 0 0 0 0 0 0 0 31 0 0 0 2 2 0 0 7 0 3 0 2 0 0 0 0 0 0 0 0 0 0 0 0 0 0 0 0 0 0 0 0 0 13 0 0 0 0 0 0 0 0 0 0 0 0 0 0 
 35 443 147 253 226 131 33 37 191 310 138 292 257 39 269 35 81 0 25 710 0 0 0 0 0 0 0 2 3 0 2 2 75 155 1 2 0 0 127 0 0 2 0 3 3 0 0 0 0 2 0 0 0 0 0 1 2 0 0 2 0 0 0 0 2 0 0 0 3 0 0 3 2 0 0 3 3 3 2 0 1 0 1 33 4 0 0 0 0 28 9 13 0 0 13 42 13 0 1 36 12 0 1 0 0 0 1 2 23 0 0 0 0 0 8 0 0 1 29 13 0 0 0 0 0 0 0 0 0 0 2 0 0 0 0 0 0 0 0 0 0 0 0 0 0 0 0 0 0 0 0 8 0 0 0 0 0 0 0 0 0 0 13 20 23 10 0 17 0 16 23 0 1 0 0 10 15 20 0 0 15 0 11 0 0 0 11 46 0 1 2 0 37 18 11 0 44 0 71 23 0 0 1 0 0 0 0 2 0 0 0 0 0 0 0 0 0 0 0 37 0 0 0 0 0 29 2 0 0 0 17 0 0 0 0 0 0 0 0 0 0 0 0 0 0 2 3 1 1 11 9 4 0 0 0 0 0 0 0 0 0 0 18 0 0 0 1 0 0 0 0 0 0 0 0 12 13 0 0 0 0 0 0 0 0 0 0 0 0 0 
 344 30 38 62 61 54 203 82 69 147 24 108 75 92 290 124 44 25 0 76 0 0 0 74 0 0 0 0 3 0 2 2 1 0 0 0 0 0 2 65 0 2 0 3 3 0 0 0 0 2 0 0 5 0 0 0 3 0 0 3 0 0 0 0 2 0 0 0 1 0 0 3 0 0 0 3 3 3 0 0 30 15 0 16 0 0 37 7 56 13 11 0 24 46 15 12 0 9 24 3 0 0 0 0 0 0 0 0 0 0 0 0 0 0 3 0 0 0 0 0 0 0 0 0 0 0 0 0 0 0 0 0 0 0 0 0 0 0 0 0 0 0 0 0 0 0 0 0 0 0 0 0 0 0 14 0 0 0 0 0 0 0 0 37 0 0 0 2 44 0 8 11 8 0 20 2 22 21 0 35 0 0 0 0 0 0 0 0 0 0 0 19 0 0 0 0 0 0 0 11 0 0 0 0 0 0 0 0 0 0 0 16 0 0 0 0 0 0 0 0 0 0 0 0 0 0 0 0 0 0 0 0 0 0 0 0 0 0 0 0 0 0 0 0 0 4 1 0 1 0 0 2 0 0 0 0 0 0 0 0 0 0 0 0 0 0 0 0 0 0 0 0 0 0 0 3 0 12 0 0 0 0 0 0 0 0 0 0 0 0 
 212 44 88 206 95 59 90 145 237 124 294 238 602 163 524 84 220 710 76 0 0 0 1 2 0 2 0 0 3 0 2 2 0 0 0 0 0 0 0 0 0 5 0 96 8 0 0 0 0 5 0 0 0 0 0 0 3 31 0 3 0 0 0 0 2 0 0 0 1 0 0 3 0 0 0 39 3 54 0 0 25 16 20 33 0 0 26 31 10 34 10 0 24 35 23 8 0 26 14 25 1 0 2 0 0 0 0 0 0 0 0 0 0 0 0 14 0 0 0 0 0 0 0 2 0 10 0 0 0 0 0 0 2 0 0 0 0 0 1 1 0 0 0 0 0 6 0 0 0 0 0 0 0 0 0 0 0 9 0 0 2 20 2 29 0 0 13 14 0 0 10 15 20 18 0 0 23 14 14 31 0 0 0 0 0 2 1 0 0 0 0 0 0 0 0 0 0 0 0 25 0 0 0 0 0 0 0 0 0 0 0 9 0 0 0 0 0 0 0 0 0 0 0 0 0 0 0 0 0 0 0 0 0 0 0 0 0 0 0 0 0 0 0 0 0 0 2 2 3 0 1 2 0 0 0 0 0 0 0 0 0 0 0 0 0 0 0 0 0 0 0 0 0 0 0 0 0 0 0 0 0 0 0 0 0 0 0 0 0 0 
 0 4 0 0 81 45 0 0 3 72 223 0 0 3 1 0 0 0 0 0 0 155 156 27 68 32 139 33 189 109 43 131 428 46 194 95 23 100 38 297 0 0 0 6 2 2 0 0 0 210 0 0 0 0 6 66 0 0 206 0 0 0 0 0 0 0 1 20 0 0 2 4 2 0 1 3 11 18 3 0 0 0 0 0 1 39 0 0 0 8 0 25 0 0 0 0 0 0 0 0 35 0 24 7 9 0 22 14 10 0 29 0 17 40 5 0 0 0 11 19 0 0 0 0 0 0 30 0 0 0 2 18 0 0 0 1 0 0 16 10 0 0 0 0 0 0 0 0 1 0 0 0 0 0 0 0 0 0 0 0 0 2 1 2 11 12 16 3 0 0 14 0 0 0 1 0 25 0 0 0 29 31 14 20 0 11 0 28 0 0 1 1 14 34 13 23 32 0 3 19 0 0 0 1 0 0 0 0 0 1 0 0 10 0 0 0 0 0 0 0 0 0 0 0 0 0 0 0 0 0 0 0 0 0 0 0 0 0 0 0 0 0 0 0 0 2 77 0 0 0 0 11 0 0 14 0 2 0 0 0 1 0 2 0 0 0 0 0 0 0 2 0 0 0 0 0 1 0 0 0 0 12 0 0 0 0 31 0 0 0 
 0 0 4 0 0 83 0 0 0 0 7 73 0 0 0 0 0 0 0 0 155 0 383 155 37 131 154 191 375 271 121 131 57 157 351 114 35 175 44 210 4 0 0 7 2 0 0 0 0 3 0 0 0 0 3 3 2 0 67 1 0 2 0 3 2 3 0 5 0 5 2 0 0 0 0 2 2 7 3 0 0 0 0 0 0 1 0 0 0 0 0 6 0 0 0 0 0 0 2 0 8 14 23 0 10 47 0 10 0 6 8 22 19 13 6 27 0 87 11 11 0 0 0 0 0 0 10 0 10 0 0 0 0 0 0 10 0 0 12 1 0 2 1 0 0 0 1 0 0 0 2 0 0 0 0 14 0 0 0 0 0 2 0 0 1 9 14 0 0 5 1 0 0 0 0 0 0 12 23 0 6 11 1 22 0 0 1 0 38 0 52 14 0 0 10 28 18 7 16 0 0 0 0 0 0 0 10 0 0 0 1 0 18 16 11 0 0 0 8 0 0 0 0 9 2 0 0 0 0 0 0 0 2 11 0 0 0 0 0 0 0 8 10 0 0 0 0 0 0 0 0 0 0 0 14 0 2 0 17 0 2 0 0 0 0 0 0 0 0 0 0 0 0 0 0 0 0 0 0 0 0 10 0 0 0 12 15 0 0 0 
 2 1 2 2 0 74 0 0 2 0 0 73 0 0 0 0 0 0 0 1 156 383 0 202 90 25 153 223 149 122 136 53 102 199 431 288 136 76 49 373 69 0 205 7 2 0 0 0 0 3 0 0 0 0 208 0 0 0 2 0 0 0 0 4 7 1 0 2 0 4 2 1 0 0 2 0 1 4 4 0 0 0 0 0 0 0 0 0 0 0 0 1 0 0 0 0 0 0 0 0 5 10 19 3 2 0 0 26 32 12 1 19 58 15 35 19 33 27 11 20 0 0 0 0 0 0 0 0 0 0 0 0 0 8 0 0 0 0 0 0 0 6 0 0 0 0 0 0 0 0 9 0 0 0 0 0 0 0 0 0 0 1 0 5 9 13 1 0 0 0 0 0 0 0 0 0 6 0 0 0 26 38 3 18 24 5 0 15 41 17 32 21 0 8 47 14 31 23 10 0 0 1 0 0 2 0 0 0 0 0 0 0 0 0 0 0 0 0 5 0 0 0 0 0 0 0 0 0 0 0 0 0 0 0 0 0 0 0 2 0 0 0 0 0 0 0 0 0 0 0 0 0 0 0 2 0 0 1 1 0 1 0 0 0 0 0 0 0 0 0 0 0 0 0 0 0 0 0 0 1 0 0 0 0 0 12 13 0 0 0 
 0 0 0 0 0 0 0 0 0 0 0 0 0 0 0 0 0 0 74 2 27 155 202 0 136 109 82 151 128 295 206 49 50 261 358 131 189 143 52 166 0 0 13 5 2 0 62 26 0 3 0 0 0 0 6 0 0 0 3 28 0 0 0 0 0 1 0 0 0 2 2 0 0 0 3 0 0 0 3 1 0 0 0 0 0 0 0 0 0 0 0 0 0 0 0 0 0 0 0 0 0 8 30 8 1 0 0 0 13 37 0 22 0 0 15 7 22 8 0 0 35 0 2 0 0 0 1 6 9 0 0 0 36 19 14 0 0 0 9 0 0 0 0 0 0 0 0 0 2 0 0 0 0 0 0 0 0 0 0 1 0 1 0 9 9 0 0 0 0 0 0 0 4 0 0 0 0 2 6 0 7 12 11 20 2 23 2 0 7 0 11 21 0 0 0 3 8 9 0 0 10 3 1 0 1 0 14 1 9 0 0 0 1 10 1 0 0 0 24 3 0 0 0 0 0 0 0 0 0 0 0 0 0 0 0 0 0 0 1 0 0 0 0 0 0 0 0 0 0 0 0 0 0 0 0 1 2 76 51 0 0 10 0 0 0 0 0 0 0 0 0 0 0 0 0 0 1 0 0 0 0 0 0 0 0 9 0 0 0 0 
 8 1 2 0 0 0 6 0 1 0 0 3 1 0 0 0 6 0 0 0 68 37 90 136 0 207 40 81 174 183 317 361 77 286 364 255 286 39 258 300 0 0 0 3 2 0 65 22 0 3 0 0 3 68 6 0 2 0 2 64 0 0 0 6 0 1 0 2 0 0 2 0 0 0 3 1 0 3 3 0 0 0 0 0 0 0 0 0 0 0 0 0 0 0 0 0 0 0 0 1 0 13 9 18 12 48 2 16 11 12 10 0 4 0 0 0 72 0 0 0 18 4 0 0 1 0 41 41 0 0 0 0 29 44 11 11 0 0 36 0 0 0 0 0 0 0 0 0 2 0 0 0 0 0 0 0 0 0 0 1 0 2 0 2 0 0 64 1 0 0 0 0 0 0 0 0 9 1 0 0 14 12 15 19 8 12 0 2 0 13 0 0 0 0 0 0 7 0 0 11 0 1 9 0 0 0 19 0 8 0 0 0 11 21 1 0 4 33 11 21 0 0 0 0 0 0 0 0 0 0 0 0 0 0 0 0 0 0 0 11 0 0 0 0 0 0 1 0 0 0 0 0 0 0 0 1 0 80 0 0 4 10 0 1 0 0 10 0 0 6 0 0 0 0 0 0 0 0 0 0 0 1 0 0 2 0 0 0 0 0 
 0 1 3 0 0 0 0 0 2 0 0 3 0 0 0 0 0 0 0 2 32 131 25 109 207 0 56 104 105 116 307 111 18 109 51 142 138 164 47 44 8 0 3 15 2 0 77 65 0 3 0 0 0 29 3 8 68 2 66 67 0 0 49 5 0 3 0 0 0 1 2 0 6 0 7 1 0 3 3 4 0 0 0 0 0 0 0 0 0 0 2 0 0 0 0 0 0 0 0 0 0 46 0 19 11 92 0 0 0 31 19 30 0 0 0 18 16 59 0 0 2 0 0 0 0 0 51 51 0 0 0 0 28 0 12 9 0 0 37 1 0 0 0 0 0 0 0 0 5 0 0 0 0 0 0 0 0 0 0 0 0 1 0 0 1 0 0 0 0 5 0 0 0 0 0 0 0 0 26 0 32 0 0 9 17 6 0 0 0 9 19 0 0 0 15 0 0 0 0 0 0 13 7 0 0 0 23 0 0 0 0 0 10 29 11 0 0 0 0 15 0 0 0 0 0 0 0 0 0 0 0 0 0 0 0 0 0 0 0 0 0 0 14 0 0 2 0 0 0 0 0 0 0 0 3 0 0 1 21 0 4 0 0 0 0 0 8 0 0 0 0 0 0 0 0 0 0 0 0 0 0 10 0 0 0 0 0 0 0 0 
 2 91 0 0 150 1 1 0 0 75 199 0 0 0 0 0 0 0 0 0 139 154 153 82 40 56 0 264 45 33 282 136 400 140 251 126 190 112 60 202 6 0 0 3 2 0 0 0 0 3 0 0 0 0 3 0 6 3 2 0 0 0 0 2 1 0 0 0 34 1 2 0 6 0 6 0 0 0 3 4 0 0 0 0 0 72 0 0 0 30 0 20 0 0 0 0 0 0 0 0 22 23 43 0 1 0 27 9 7 0 7 23 13 10 13 27 0 11 22 87 11 0 0 0 0 0 0 0 0 0 2 0 0 0 0 0 0 0 0 0 0 3 0 0 0 0 0 0 0 0 1 0 0 0 0 0 2 0 0 2 0 1 1 0 0 0 0 28 0 0 16 0 0 0 0 0 0 9 0 0 0 7 23 26 0 0 12 1 25 7 18 7 64 50 20 59 25 28 9 20 0 0 0 0 0 0 0 0 0 0 0 0 0 0 0 0 0 0 0 0 0 0 0 0 0 0 0 0 0 0 0 8 0 0 0 16 0 0 0 0 0 0 0 0 0 0 73 0 0 0 0 0 0 0 0 0 0 77 0 1 19 0 0 0 0 0 0 0 0 0 0 0 0 0 0 0 11 0 0 0 0 0 0 1 0 0 0 0 0 0 
 0 2 4 0 0 4 0 0 166 1 72 0 0 0 2 0 0 2 0 0 33 191 223 151 81 104 264 0 273 36 71 218 293 251 464 110 138 197 136 473 3 0 0 11 2 0 0 0 0 3 0 0 0 0 4 10 2 3 2 3 0 0 10 10 0 51 2 2 0 2 2 0 0 0 38 0 0 3 7 0 0 0 0 0 10 0 0 0 0 0 0 10 0 0 0 0 0 0 1 0 22 44 0 15 21 0 0 10 20 32 13 28 11 22 2 30 11 44 9 20 0 0 0 0 0 0 0 0 0 0 0 0 0 0 0 0 1 0 21 12 0 9 0 0 0 0 0 0 0 0 0 0 0 0 2 13 0 0 0 0 0 13 0 0 0 0 0 0 0 0 1 0 0 0 0 0 0 0 0 10 9 0 35 0 7 16 14 32 19 10 0 28 45 57 51 18 0 40 1 0 0 0 0 0 0 0 0 0 0 0 2 0 8 0 0 0 0 0 0 0 3 0 0 0 0 0 0 0 0 11 0 0 1 0 0 0 2 0 0 0 0 0 0 0 0 0 0 0 0 0 0 2 0 0 6 1 2 41 83 2 14 0 0 0 0 0 0 0 0 0 0 0 0 0 0 0 0 0 0 8 0 10 0 0 0 0 0 0 0 0 
 3 4 6 3 3 44 3 3 5 3 3 3 3 6 3 3 9 3 3 3 189 375 149 128 174 105 45 273 0 182 136 183 600 182 174 222 267 64 129 390 0 0 0 8 2 0 63 0 0 210 0 0 0 0 3 0 0 0 274 0 0 0 8 4 0 54 0 0 0 0 2 0 51 0 8 2 0 0 49 0 0 0 0 0 11 0 0 0 0 0 0 0 0 0 0 0 0 0 0 0 0 9 7 71 23 8 0 12 52 99 0 40 11 11 11 57 26 43 0 0 1 0 0 0 0 0 23 10 0 0 0 0 0 0 0 0 0 0 0 0 0 0 0 6 0 0 0 0 5 0 0 0 0 0 0 0 0 0 0 0 0 1 0 0 0 0 12 0 0 0 0 0 0 0 0 0 1 0 48 0 16 34 12 17 8 8 1 38 21 10 20 0 0 14 0 0 24 18 0 0 0 0 0 0 0 0 3 0 0 0 0 16 5 0 15 0 0 0 0 0 0 0 0 0 0 0 0 0 0 13 0 0 0 0 0 0 0 0 0 0 0 0 0 0 0 0 0 0 0 0 0 0 0 0 4 0 3 77 2 0 2 1 0 0 0 0 0 0 0 0 0 0 0 0 0 0 0 0 0 10 0 0 0 0 0 0 0 0 0 0 
 0 0 1 0 0 9 0 0 1 2 59 0 0 0 0 3 0 0 0 0 109 271 122 295 183 116 33 36 182 0 323 106 70 81 684 208 423 56 127 169 0 2 2 2 0 0 64 0 3 0 0 0 1 0 2 3 0 0 62 3 0 0 5 0 0 1 0 0 2 0 5 0 4 0 6 0 0 1 0 0 0 0 0 0 0 0 0 0 0 0 0 0 0 0 2 0 0 0 0 0 0 25 9 24 22 15 1 21 31 26 0 8 2 1 24 18 59 0 0 0 1 0 0 0 0 0 25 10 2 0 0 0 0 14 12 0 0 0 50 11 0 0 0 0 0 0 0 0 8 0 0 0 0 0 2 0 0 0 0 0 0 1 0 4 11 14 0 0 0 0 0 0 0 4 0 0 10 0 0 0 18 86 14 21 0 0 3 29 0 9 9 37 1 0 0 0 15 20 0 0 0 0 8 0 0 0 18 0 0 0 0 12 51 0 13 0 10 0 6 18 0 0 0 1 0 0 0 0 1 0 0 0 0 0 0 0 0 0 0 0 0 0 0 0 0 1 0 0 0 0 0 0 0 0 0 1 3 5 0 0 2 1 0 0 0 0 0 0 0 0 0 0 0 0 0 0 0 0 0 0 0 0 0 1 2 0 0 0 0 0 
 4 3 1 1 2 75 1 2 3 1 1 2 2 1 2 4 3 2 2 2 43 121 136 206 317 307 282 71 136 323 0 160 59 47 326 177 312 222 44 60 2 1 2 7 4 1 66 29 1 5 4 2 1 64 4 7 3 3 5 62 0 0 0 0 3 1 0 3 0 0 2 2 3 0 2 2 0 5 14 0 20 0 0 0 0 0 0 0 0 0 0 0 0 0 0 0 0 0 0 0 0 23 0 23 12 6 0 0 0 32 15 17 0 0 0 0 34 15 0 0 9 6 0 0 0 2 17 38 0 0 0 0 1 24 15 10 0 1 21 0 0 0 0 0 0 0 0 0 6 0 0 0 0 0 0 0 0 0 0 0 0 0 0 0 0 0 0 0 0 0 0 0 0 5 0 0 2 0 0 0 7 0 25 10 31 22 0 0 0 12 0 0 0 0 16 0 0 16 0 0 0 1 6 0 0 0 0 0 9 0 0 0 0 37 0 2 0 0 13 11 0 0 0 0 0 0 0 0 0 0 0 0 0 2 0 0 0 1 0 0 0 0 12 0 0 0 0 0 0 1 0 0 0 1 4 0 0 77 76 1 1 9 0 2 0 0 14 0 0 0 0 0 2 0 0 0 0 0 0 0 0 2 0 0 0 0 0 0 0 0 
 8 3 4 0 2 2 2 2 3 2 2 2 2 2 2 2 2 2 2 2 131 131 53 49 361 111 136 218 183 106 160 0 33 97 123 111 208 91 293 250 0 0 0 9 2 0 108 0 0 3 2 0 23 3 5 6 0 0 65 0 0 0 8 4 0 1 1 0 0 0 2 0 0 0 7 0 52 4 5 0 0 0 0 0 0 0 0 0 0 0 0 0 0 0 0 0 2 0 0 0 0 0 12 25 27 4 0 0 16 22 30 19 0 0 0 39 39 18 0 0 1 0 0 2 0 0 32 50 0 0 0 0 0 35 0 0 0 0 25 10 0 0 0 0 0 0 0 0 5 0 0 0 0 0 0 0 0 0 0 0 0 1 0 0 0 13 36 0 0 0 0 0 0 0 0 0 18 0 0 0 69 1 23 10 0 15 11 30 18 0 12 19 10 19 10 0 37 9 0 0 0 0 7 0 0 0 27 1 0 0 0 0 8 1 12 0 0 0 0 16 8 0 0 0 0 0 0 0 0 0 7 1 0 0 0 0 0 0 0 0 0 0 22 0 0 0 0 0 0 0 0 0 0 0 2 0 6 77 5 0 2 3 0 0 0 0 0 0 1 0 0 2 0 0 0 0 0 0 0 0 0 10 0 0 0 0 0 0 0 0 
 3 63 0 1 68 0 0 0 2 0 114 73 0 0 72 0 0 75 1 0 428 57 102 50 77 18 400 293 600 70 59 33 0 97 97 47 281 270 159 474 0 1 0 3 2 0 0 0 0 3 0 1 0 0 3 74 0 0 2 0 0 0 10 7 0 0 0 0 0 0 2 0 0 0 9 1 0 1 3 0 0 0 0 0 0 25 0 0 0 9 0 0 0 0 0 2 0 0 0 0 5 31 1 1 21 0 12 0 7 28 44 3 14 84 2 21 13 21 20 1 0 0 0 0 0 0 0 0 0 0 0 0 0 0 0 0 0 0 0 1 0 0 0 0 0 0 0 0 0 0 0 0 0 0 0 0 0 0 0 0 0 0 15 0 2 2 0 15 0 15 21 0 0 0 0 1 0 13 0 0 5 0 27 0 0 1 31 51 19 14 0 37 102 37 19 38 0 29 12 36 0 0 0 0 0 0 0 1 0 0 0 0 8 2 0 0 0 1 0 0 0 0 0 0 0 0 0 0 0 0 0 0 0 0 0 0 0 0 0 0 0 0 0 0 0 0 22 0 73 0 0 0 0 0 4 0 2 41 0 0 35 0 0 0 0 0 0 0 0 0 0 0 0 0 0 0 11 0 0 0 0 1 0 0 2 0 0 0 0 0 
 0 2 0 68 0 92 3 0 2 1 77 75 1 0 0 0 174 155 0 0 46 157 199 261 286 109 140 251 182 81 47 97 97 0 541 120 92 117 240 281 0 0 0 6 2 0 0 0 0 3 0 0 0 0 3 5 0 0 2 0 0 0 0 0 0 1 0 7 0 0 2 0 0 38 1 1 0 3 11 0 0 0 0 0 0 17 0 0 0 0 15 23 0 1 0 0 10 0 0 10 1 26 18 9 0 43 0 12 44 34 32 17 31 35 32 17 0 26 13 14 0 0 0 0 0 0 0 0 0 0 0 0 0 0 0 0 0 0 9 0 0 0 0 0 0 0 0 0 0 0 24 1 0 0 0 0 0 9 0 0 0 0 0 0 13 0 0 0 0 0 0 0 0 0 0 0 0 0 0 0 4 10 34 0 10 10 21 13 19 11 15 19 22 61 26 13 13 5 17 0 2 0 0 0 0 0 0 0 0 3 0 0 1 11 0 0 0 0 1 0 0 0 0 0 0 0 0 0 0 0 0 0 0 0 0 0 0 0 0 0 0 0 0 0 0 0 0 0 0 75 0 0 0 0 8 0 0 0 76 0 18 1 0 0 0 0 0 0 0 0 0 0 0 0 0 26 0 0 0 0 0 0 0 0 0 18 5 0 0 0 
 2 1 4 2 24 19 2 0 210 0 74 73 73 0 37 0 1 1 0 0 194 351 431 358 364 51 251 464 174 684 326 123 97 541 0 279 319 53 290 569 0 0 0 3 2 0 0 0 0 3 0 0 0 0 3 0 0 0 3 0 0 0 0 0 0 2 7 0 0 0 2 0 0 1 3 0 0 3 3 0 0 0 0 0 0 9 0 6 0 0 0 0 0 0 0 0 1 0 0 0 7 1 41 17 17 0 13 24 23 14 0 0 34 26 10 23 0 15 2 77 0 12 0 0 0 0 8 0 0 0 2 0 0 0 0 1 0 0 0 0 0 5 0 0 0 0 0 0 0 4 7 0 0 0 0 0 0 0 0 0 0 2 1 0 18 22 2 1 0 0 0 0 0 0 2 0 1 0 0 0 13 18 13 32 29 0 0 20 23 9 60 37 14 20 1 23 34 24 11 0 0 8 0 1 0 0 0 0 0 1 0 0 1 0 17 0 0 0 5 0 0 0 0 0 0 2 0 0 0 0 0 0 0 0 0 0 0 0 0 0 0 0 0 0 0 0 0 0 0 1 0 0 0 0 0 1 2 0 0 4 5 2 0 0 0 0 0 0 0 0 0 0 0 0 0 0 0 0 0 0 0 0 0 0 0 16 8 0 0 0 
 3 3 3 0 0 2 2 2 0 1 0 0 34 1 0 0 6 2 0 0 95 114 288 131 255 142 126 110 222 208 177 111 47 120 279 0 153 37 63 82 0 0 0 3 3 56 25 0 0 4 0 0 0 0 3 0 4 2 3 0 1 0 0 0 3 8 0 0 0 15 2 0 0 0 9 0 0 1 10 0 0 0 0 0 0 0 0 0 0 0 0 0 0 0 0 0 0 0 0 0 6 0 0 22 0 2 0 22 14 14 8 10 19 17 13 22 5 12 11 0 1 0 0 0 0 0 29 8 0 0 1 0 6 12 0 0 0 0 0 0 0 0 0 0 0 0 0 0 6 0 0 0 0 0 0 0 0 0 0 1 19 1 2 7 0 6 18 0 0 0 0 0 2 0 0 0 3 0 0 0 15 3 0 28 16 0 39 20 10 17 11 23 10 11 1 0 55 0 0 0 0 3 0 0 0 0 20 0 0 0 0 0 0 31 31 0 0 2 38 0 0 0 0 0 0 0 0 0 0 0 0 6 0 0 0 0 0 0 0 0 0 0 18 0 0 0 0 1 0 0 0 0 2 0 3 0 3 3 1 0 2 0 0 0 0 0 0 0 0 2 0 0 0 2 0 0 0 0 0 18 0 10 0 0 0 1 0 0 0 0 
 2 1 0 0 1 0 0 0 2 0 0 3 0 0 0 1 0 0 0 0 23 35 136 189 286 138 190 138 267 423 312 208 281 92 319 153 0 137 225 460 0 0 0 3 5 0 62 4 0 3 0 3 0 0 3 3 0 2 31 62 0 0 3 11 45 1 0 0 0 0 4 0 2 0 54 2 0 1 3 6 0 0 0 0 10 10 0 0 0 0 0 0 0 0 0 0 0 0 0 0 0 32 4 20 18 0 0 17 27 13 16 21 28 22 0 23 28 29 17 1 0 0 0 0 0 0 0 0 0 0 0 0 0 0 0 0 0 0 20 0 0 0 0 0 0 0 0 0 1 0 0 0 0 0 0 0 0 0 0 0 0 0 0 0 0 0 0 0 0 0 0 0 0 0 0 0 0 0 0 0 10 27 18 8 22 9 39 32 17 2 0 34 31 32 0 13 13 16 1 0 0 0 0 0 0 0 0 0 0 0 0 0 21 0 21 0 1 0 14 0 0 0 0 0 0 0 0 0 0 0 0 0 0 0 0 0 0 0 0 0 0 0 0 0 0 1 0 0 0 0 0 0 0 13 2 1 0 1 0 1 15 0 0 0 0 0 0 0 0 0 0 0 0 0 0 0 0 0 0 1 0 0 0 0 0 13 1 0 0 0 
 2 4 5 0 0 2 0 0 1 0 0 3 2 1 0 0 37 0 0 0 100 175 76 143 39 164 112 197 64 56 222 91 270 117 53 37 137 0 47 221 0 0 0 3 2 2 0 0 0 3 1 0 0 0 3 63 0 0 20 0 0 0 29 3 0 0 0 2 0 0 2 0 0 0 2 0 0 0 3 0 0 0 0 0 0 0 0 0 0 0 0 0 0 0 11 0 0 0 0 0 8 58 19 9 0 14 0 0 13 7 21 11 0 12 9 45 13 25 0 0 7 0 0 0 0 0 0 14 0 0 1 0 62 0 12 8 0 0 7 53 0 0 6 0 2 0 0 0 0 0 0 0 0 0 0 0 0 0 0 1 0 1 2 0 0 0 0 0 0 6 0 0 0 0 0 0 0 0 6 0 7 15 24 38 11 23 0 13 0 20 28 11 0 28 12 20 0 12 0 0 14 0 0 0 1 0 15 0 0 0 0 0 17 50 10 0 0 0 14 20 0 0 1 0 0 0 0 0 0 0 0 0 0 0 0 0 0 0 0 0 0 0 0 0 0 0 0 0 0 0 0 0 0 0 3 0 0 0 0 0 4 2 0 0 0 0 14 0 0 0 0 0 0 0 0 0 0 0 0 0 0 12 0 2 0 0 0 0 0 0 
 3 0 0 74 73 84 3 0 113 74 74 1 0 2 75 0 127 127 2 0 38 44 49 52 258 47 60 136 129 127 44 293 159 240 290 63 225 47 0 251 1 0 0 3 2 0 0 0 0 48 2 0 0 0 3 0 0 0 73 0 0 0 0 0 1 48 1 0 0 0 2 0 0 0 2 0 0 0 8 0 0 0 0 0 3 4 0 0 0 0 9 0 0 0 0 1 0 0 0 0 0 17 7 4 0 0 13 20 42 1 11 22 10 42 40 0 31 17 9 15 0 0 0 0 0 0 0 0 0 0 0 0 0 0 0 0 0 0 0 0 0 0 0 0 0 0 0 0 2 0 0 3 0 0 0 0 0 0 0 0 0 1 0 0 7 13 0 2 0 36 6 0 0 0 0 0 20 7 0 0 20 15 0 0 0 0 48 0 21 51 8 19 30 35 25 14 14 36 10 0 0 0 0 0 0 0 0 0 0 0 0 0 0 0 0 0 0 0 1 0 0 1 0 0 0 0 0 0 0 0 0 0 0 0 0 2 0 0 0 0 0 0 0 0 0 0 0 0 0 75 0 0 2 0 4 0 2 0 0 0 2 0 0 0 0 0 0 0 0 0 0 0 0 0 0 10 1 0 0 32 0 0 0 0 1 1 0 0 0 2 
 3 1 5 0 1 27 3 0 168 0 77 0 0 2 0 0 0 0 65 0 297 210 373 166 300 44 202 473 390 169 60 250 474 281 569 82 460 221 251 0 0 0 66 3 2 0 0 0 0 3 0 0 0 0 3 0 0 0 3 0 0 0 0 3 0 1 0 2 0 0 2 0 0 0 1 1 0 5 4 0 0 0 0 0 0 19 1 0 0 0 1 6 0 0 0 0 0 0 0 0 14 44 26 8 0 2 0 0 17 0 16 0 58 41 1 2 20 15 14 17 0 0 1 0 0 0 0 0 0 0 0 0 0 0 0 0 0 0 0 17 0 4 0 0 0 0 0 0 0 12 0 0 0 0 0 0 0 0 0 0 0 1 0 0 25 11 0 0 0 0 0 0 0 0 0 0 1 0 3 0 0 19 35 40 0 23 20 1 11 13 14 10 19 20 6 38 9 17 13 0 0 0 0 0 0 0 0 0 0 0 0 0 0 0 0 1 0 0 12 0 0 0 0 0 0 0 0 0 0 14 0 2 0 0 0 0 0 0 0 0 0 0 0 0 0 0 0 0 0 0 0 0 0 0 19 0 2 0 1 0 17 0 0 0 0 0 0 0 0 0 0 1 0 1 0 1 0 0 0 0 0 10 0 0 0 8 15 0 0 0 
 6 0 0 0 0 15 0 0 2 0 0 0 0 0 0 0 0 0 0 0 0 4 69 0 0 8 6 3 0 0 2 0 0 0 0 0 0 0 1 0 0 168 121 51 36 33 166 125 112 63 53 32 74 115 146 250 605 47 66 203 1 57 0 0 0 1 2 0 4 0 0 3 0 53 0 0 7 0 51 0 0 0 0 11 0 0 0 0 0 0 0 0 0 0 0 0 0 0 0 0 0 0 0 0 0 0 0 0 0 0 0 0 0 0 0 0 0 0 0 0 0 10 16 7 0 14 13 0 26 0 1 11 7 0 7 65 30 19 0 0 0 0 0 0 0 0 8 0 0 0 0 0 0 0 0 0 0 0 0 13 0 2 0 0 0 2 0 0 0 0 0 5 0 0 0 0 0 0 0 0 0 0 0 0 0 0 0 0 0 0 0 0 0 0 0 0 0 0 0 0 68 10 10 1 10 0 14 11 10 13 13 1 0 0 13 21 12 9 0 0 15 0 0 0 0 0 0 0 0 0 0 0 0 20 0 0 0 0 23 0 0 0 0 0 0 0 0 0 0 0 0 9 0 0 0 0 0 0 0 0 0 0 66 1 0 4 2 66 0 0 0 0 0 0 0 0 0 0 0 0 0 0 0 0 10 0 0 0 0 0 
 2 2 2 2 2 3 2 2 4 2 2 2 2 2 3 2 2 2 2 5 0 0 0 0 0 0 0 0 0 2 1 0 1 0 0 0 0 0 0 0 168 0 200 96 70 183 77 120 125 111 67 263 266 32 105 73 252 99 68 538 1 0 0 0 0 6 6 0 0 0 0 0 0 1 0 1 1 0 60 50 0 0 0 0 0 0 0 0 0 0 0 0 0 0 0 0 0 0 0 0 0 0 0 0 0 0 0 0 0 0 0 0 0 0 0 0 0 0 0 0 0 26 18 46 11 0 26 0 0 13 1 1 0 0 0 0 8 1 0 0 6 9 0 0 0 0 10 0 73 0 0 0 0 0 0 0 0 1 0 5 0 0 0 0 0 21 0 0 0 0 0 7 0 0 0 0 0 0 0 0 0 0 0 0 14 0 0 0 0 0 0 0 0 0 0 0 0 0 0 0 24 20 34 23 69 35 0 0 0 13 0 21 0 0 0 0 17 21 22 4 8 0 0 0 0 0 0 0 0 0 0 0 42 31 0 0 0 0 39 0 0 0 14 0 0 0 0 0 0 0 0 2 0 2 0 0 0 0 0 0 0 0 1 66 0 1 1 0 0 0 0 0 0 0 0 0 0 0 0 0 0 0 0 0 0 0 0 21 0 0 
 0 0 0 0 0 0 0 0 1 0 0 0 0 0 0 0 6 0 0 0 0 0 205 13 0 3 0 0 0 2 2 0 0 0 0 0 0 0 0 66 121 200 0 324 71 69 525 264 143 227 146 115 397 64 124 104 47 227 179 123 51 0 0 0 10 12 0 0 0 0 4 0 4 0 0 2 0 0 8 27 0 0 0 0 0 0 0 0 0 0 0 0 0 0 0 0 0 0 0 0 0 0 0 0 0 0 0 0 0 0 0 8 0 0 0 0 0 0 0 0 15 12 9 5 19 0 22 0 0 14 12 1 1 53 18 0 4 7 0 12 0 0 0 0 0 0 0 7 17 0 0 0 0 0 0 0 0 0 0 2 0 2 0 0 3 0 0 0 0 0 0 0 0 0 0 0 0 0 0 0 0 0 5 0 30 18 0 0 0 0 0 0 0 0 0 0 0 0 0 0 25 18 23 31 30 13 0 4 59 0 30 26 0 0 2 13 11 0 7 12 0 0 0 0 8 8 0 7 0 0 0 0 25 10 0 0 0 0 0 0 0 0 0 0 0 0 0 0 0 0 0 0 0 0 0 0 0 0 0 1 0 0 1 0 2 0 4 4 2 0 0 0 0 0 0 0 0 0 0 0 0 0 0 0 0 16 0 6 2 0 
 3 3 3 3 3 3 3 4 3 3 38 3 3 3 3 3 62 3 3 96 6 7 7 5 3 15 3 11 8 2 7 9 3 6 3 3 3 3 3 3 51 96 324 0 614 324 93 76 89 186 90 241 285 81 485 54 42 204 97 63 49 0 0 52 0 6 0 0 2 0 0 0 46 52 1 2 0 0 1 73 0 0 0 0 0 0 0 0 0 0 0 0 0 0 0 0 0 0 0 0 0 0 0 2 0 0 0 0 0 7 3 5 0 0 0 0 0 2 0 0 0 0 0 10 19 0 4 0 0 21 11 20 0 0 0 0 0 0 16 1 43 24 0 10 0 0 3 46 0 0 0 1 9 9 0 26 33 5 2 23 0 1 0 0 0 0 0 0 0 0 0 0 0 0 0 0 0 0 0 0 5 0 1 0 0 0 0 0 0 0 0 0 0 0 14 0 0 0 0 0 0 0 0 18 13 28 0 0 0 0 0 0 0 1 0 0 9 0 0 0 0 24 14 0 0 0 31 19 9 0 0 0 31 35 0 0 0 6 13 21 0 0 11 0 0 0 0 0 0 0 0 11 0 2 0 0 0 0 9 2 0 13 2 0 0 0 2 0 0 0 0 0 0 0 0 0 0 0 0 0 0 3 0 0 0 0 0 0 2 0 
 3 3 3 3 3 3 5 2 3 3 3 3 3 3 3 2 2 3 3 8 2 2 2 2 2 2 2 2 2 0 4 2 2 2 2 3 5 2 2 2 36 70 71 614 0 415 49 90 52 112 173 199 88 76 268 68 77 125 56 87 49 0 0 0 0 4 0 0 13 0 0 0 51 6 0 2 0 0 51 261 0 17 0 0 0 0 0 0 0 0 0 0 0 0 0 0 0 0 0 0 0 0 0 0 0 0 0 0 0 0 0 0 0 10 0 0 0 0 0 0 0 0 0 31 16 6 0 0 10 6 10 10 0 0 3 0 35 0 0 0 16 21 0 15 0 0 3 26 0 5 2 0 1 10 0 21 22 10 20 23 0 2 0 0 0 0 34 0 0 0 0 0 0 0 14 0 0 0 0 7 0 0 0 0 0 0 0 0 0 0 0 0 0 0 0 0 0 7 0 0 0 0 0 38 14 32 10 18 0 4 20 3 0 0 0 0 0 0 0 0 11 30 9 27 0 0 11 30 1 0 0 0 14 30 0 0 0 9 17 18 0 0 10 0 0 0 0 0 0 0 0 17 0 0 0 0 0 0 0 1 0 0 6 0 3 8 2 0 6 0 0 0 0 0 0 0 0 0 0 0 0 0 0 0 0 0 0 0 2 0 
 0 1 3 0 0 0 0 2 0 0 1 1 0 3 0 2 2 0 0 0 2 0 0 0 0 0 0 0 0 0 1 0 0 0 0 56 0 2 0 0 33 183 69 324 415 0 19 244 35 174 141 122 73 69 27 124 276 118 41 100 112 52 53 58 16 2 51 55 0 0 4 0 1 2 56 3 20 7 53 56 0 0 0 0 0 0 0 0 0 0 0 0 0 0 0 0 0 0 0 0 0 8 0 0 0 0 0 0 0 0 16 0 0 0 0 0 0 0 0 0 0 0 0 27 15 8 0 0 0 10 9 0 0 0 0 0 0 2 1 0 14 14 16 0 0 8 9 9 21 12 6 20 0 1 0 8 9 3 12 0 0 2 0 0 0 0 0 0 0 0 0 0 0 0 0 0 0 0 0 2 0 0 0 0 0 0 0 0 0 0 0 0 0 0 0 0 0 0 0 0 1 0 0 37 14 12 0 0 0 0 0 19 0 0 14 0 0 0 0 0 19 20 11 26 4 0 0 18 0 6 5 14 20 26 11 4 5 7 49 13 0 0 11 0 0 0 0 0 0 0 0 10 0 0 0 0 0 0 0 0 0 0 0 0 0 4 4 4 1 0 7 0 0 0 0 3 0 0 0 0 0 0 0 0 0 11 0 20 2 0 
 0 0 0 0 0 0 0 0 2 0 0 0 0 0 0 0 0 0 0 0 0 0 0 62 65 77 0 0 63 64 66 108 0 0 0 25 62 0 0 0 166 77 525 93 49 19 0 159 47 44 44 24 259 277 52 42 99 94 266 64 0 5 0 0 0 0 0 0 0 0 0 0 0 1 0 0 0 1 0 0 0 0 0 0 0 0 0 0 0 0 0 0 0 0 0 0 0 0 0 0 0 0 0 14 0 0 0 0 0 4 0 22 0 0 0 0 13 0 0 0 1 15 7 0 9 0 0 16 9 66 0 0 0 64 26 12 15 29 0 0 0 0 0 0 0 0 0 0 7 0 8 7 0 0 0 0 0 8 1 1 0 2 0 0 0 0 0 0 0 0 0 0 0 0 0 0 0 0 0 0 18 0 0 2 14 0 0 0 0 0 0 0 0 0 0 0 0 0 0 0 11 27 16 0 4 0 16 8 37 1 30 14 0 19 27 20 14 11 14 0 0 0 0 0 6 0 0 0 0 0 9 22 0 0 0 0 0 12 0 0 0 0 0 0 0 0 0 0 0 0 0 12 0 1 0 0 0 7 0 1 0 0 0 0 68 0 0 37 0 0 0 0 0 0 0 0 0 0 0 0 0 0 0 0 8 0 0 0 2 0 
 0 0 0 0 0 0 0 0 0 0 0 0 0 2 0 0 4 0 0 0 0 0 0 26 22 65 0 0 0 0 29 0 0 0 0 0 4 0 0 0 125 120 264 76 90 244 159 0 140 32 476 24 134 148 147 32 37 63 66 207 0 0 6 35 0 1 0 5 9 4 4 0 7 1 0 1 7 0 55 7 0 0 0 0 0 0 0 0 0 0 0 0 7 0 0 21 0 0 0 0 0 0 0 0 6 23 0 0 0 7 0 0 0 0 0 0 21 13 0 4 11 22 19 0 0 0 51 23 26 12 0 0 18 13 0 39 28 3 26 9 0 6 2 8 0 3 0 4 2 0 0 0 9 0 0 0 0 0 0 11 0 1 0 0 5 0 0 0 0 0 0 0 0 0 0 0 0 0 15 18 0 0 80 0 14 14 0 0 0 0 0 0 0 0 0 0 0 0 14 0 26 19 55 0 11 0 30 21 9 1 20 0 0 6 0 9 17 0 14 5 0 0 0 0 0 0 0 10 1 0 0 0 0 4 0 0 0 0 0 0 0 0 0 0 0 0 0 0 2 0 0 5 2 0 0 0 0 1 34 0 0 0 0 0 0 0 3 65 0 0 0 0 0 0 0 8 0 0 0 0 0 0 0 0 0 0 0 0 2 0 
 3 0 0 0 0 0 3 0 2 0 0 60 0 0 0 0 6 0 0 0 0 0 0 0 0 0 0 0 0 3 1 0 0 0 0 0 0 0 0 0 112 125 143 89 52 35 47 140 0 126 51 232 186 96 373 253 113 89 72 396 1 0 3 7 0 10 47 0 8 5 5 3 6 100 0 0 6 0 51 5 0 17 0 14 0 0 0 0 0 0 0 0 0 0 0 0 0 0 0 0 0 0 0 0 0 0 0 0 0 0 0 0 0 0 0 0 0 0 0 0 1 0 26 0 9 0 3 0 13 1 28 43 0 0 0 11 7 0 0 0 6 7 0 17 0 24 1 16 16 1 0 0 17 0 0 1 0 0 0 19 5 1 0 0 0 0 0 0 0 0 0 0 3 0 0 0 0 0 0 0 0 0 0 0 13 0 8 0 0 0 0 0 0 0 0 0 0 0 0 0 13 11 27 14 0 0 0 0 11 25 13 1 0 0 1 0 50 0 0 9 14 0 0 0 0 0 0 10 9 0 0 0 18 21 0 0 0 0 44 19 0 0 0 0 0 0 0 0 0 0 0 4 0 2 0 0 0 1 0 0 0 1 17 65 0 4 0 0 1 0 0 0 0 0 0 4 0 14 0 0 0 3 0 0 6 0 0 0 2 0 
 2 2 2 2 2 3 2 2 4 2 2 2 2 3 3 2 2 2 2 5 210 3 3 3 3 3 3 3 210 0 5 3 3 3 3 4 3 3 48 3 63 111 227 186 112 174 44 32 126 0 76 43 182 150 95 97 325 33 349 377 0 0 0 0 0 6 0 0 7 0 0 9 0 1 0 1 1 0 50 50 0 0 0 0 0 0 3 0 0 0 0 0 0 0 0 0 0 0 0 0 0 0 0 0 0 0 0 0 0 0 0 8 0 0 0 0 0 0 0 0 0 0 24 51 24 0 20 0 0 38 0 0 9 9 55 16 8 6 0 2 0 20 0 0 0 0 0 3 6 0 0 0 0 0 0 0 0 0 0 0 0 2 0 0 0 0 0 0 0 0 0 3 0 0 0 0 0 0 8 0 0 0 0 0 34 0 0 0 0 0 0 0 0 0 0 0 0 0 0 0 20 5 15 1 1 23 0 3 20 1 20 50 0 0 15 23 1 0 0 0 11 0 0 0 0 0 0 0 0 0 0 0 28 12 0 0 0 0 6 0 0 0 13 0 0 0 0 0 0 0 0 9 0 0 0 0 0 0 0 11 0 0 65 0 1 4 0 0 0 0 0 0 0 0 0 0 0 0 0 0 0 0 0 0 16 7 0 19 1 0 
 1 0 3 0 0 0 0 0 2 3 0 3 4 0 4 0 0 0 0 0 0 0 0 0 0 0 0 0 0 0 4 2 0 0 0 0 0 1 2 0 53 67 146 90 173 141 44 476 51 76 0 426 257 43 42 86 113 71 44 55 0 0 0 10 0 1 0 0 0 0 5 0 46 50 0 1 17 4 56 120 0 4 3 0 0 0 0 3 0 12 0 21 0 0 4 0 0 4 0 0 0 0 0 0 0 0 0 0 0 0 0 0 0 0 0 0 0 10 0 0 0 0 19 10 0 0 0 0 15 0 4 23 0 0 0 0 1 0 0 0 23 14 0 9 0 0 8 10 8 0 0 1 8 7 0 6 0 2 3 20 4 4 3 0 0 0 10 0 1 1 0 5 0 0 5 0 0 2 2 9 0 0 0 0 0 0 0 0 0 10 0 0 0 0 0 0 0 0 0 0 1 0 0 28 12 38 0 0 0 4 14 5 0 0 0 0 0 5 0 0 31 8 0 9 0 0 32 52 23 0 0 0 51 12 0 0 0 0 12 0 0 0 0 0 0 0 0 0 0 0 0 8 0 2 0 0 0 0 0 1 0 0 1 0 0 1 1 0 4 0 6 0 0 0 0 0 0 0 0 0 0 0 0 0 0 11 0 11 12 0 
 2 0 0 0 0 0 2 0 2 0 0 0 6 0 2 0 0 0 0 0 0 0 0 0 0 0 0 0 0 0 2 0 1 0 0 0 3 0 0 0 32 263 115 241 199 122 24 24 232 43 426 0 38 28 52 47 524 147 31 28 31 1 0 0 0 1 0 1 0 0 2 0 51 0 1 1 10 0 50 102 0 0 0 0 0 0 0 0 0 0 0 0 2 2 0 0 0 0 0 0 0 0 0 0 0 0 0 0 0 0 0 0 0 0 0 0 0 0 0 0 0 0 1 10 14 9 0 0 0 13 11 0 0 0 0 0 0 0 0 0 2 14 0 4 0 0 10 10 0 19 0 0 0 1 0 10 0 15 20 38 0 2 0 0 0 0 0 1 0 0 0 0 4 0 0 0 0 0 0 3 0 0 0 0 0 0 0 19 0 0 0 0 0 0 0 0 0 0 0 0 0 0 0 5 7 29 0 0 0 0 0 0 0 0 0 0 0 0 0 0 17 9 32 18 0 0 38 9 0 0 0 7 32 8 9 0 0 13 0 5 0 0 0 0 0 0 0 0 0 0 0 9 0 1 0 0 0 0 0 2 2 22 0 4 0 1 1 2 0 0 0 0 0 0 0 0 0 0 0 0 0 0 0 0 0 1 0 10 11 0 
 25 0 0 0 0 0 0 0 2 0 0 3 0 0 0 0 0 0 5 0 0 0 0 0 3 0 0 0 0 1 1 23 0 0 0 0 0 0 0 0 74 266 397 285 88 73 259 134 186 182 257 38 0 385 32 110 57 40 127 188 0 5 11 0 0 51 0 0 5 200 0 6 2 63 0 0 0 0 0 0 3 0 0 0 0 0 20 19 0 24 0 0 5 5 0 0 0 0 0 0 0 0 0 0 0 0 0 0 0 0 0 0 0 0 0 0 0 0 0 0 7 32 9 0 21 24 13 7 19 7 3 0 0 11 15 9 12 15 0 20 0 0 0 0 0 0 0 0 0 0 0 0 0 0 0 0 0 0 0 23 0 0 0 11 0 0 0 0 0 0 0 0 3 0 0 0 0 0 0 0 0 0 0 0 13 0 0 0 0 0 0 0 0 0 0 0 0 0 0 0 13 48 36 0 0 0 21 18 20 8 10 26 0 0 38 13 45 31 0 8 0 0 0 16 0 0 9 0 0 0 0 0 0 0 0 0 0 0 7 0 0 0 0 0 0 0 0 0 0 27 0 6 0 0 0 0 0 0 0 11 0 0 0 0 105 45 0 68 1 0 0 0 0 0 0 0 0 0 0 0 0 0 0 0 16 0 0 0 0 0 
 3 0 0 0 0 0 0 0 2 0 0 0 0 0 0 0 0 0 0 0 0 0 0 0 68 29 0 0 0 0 64 3 0 0 0 0 0 0 0 0 115 32 64 81 76 69 277 148 96 150 43 28 385 0 115 232 173 30 149 208 0 0 0 0 0 32 0 0 9 0 0 41 16 50 0 1 0 0 0 0 0 0 0 0 0 0 0 0 0 0 0 0 0 0 0 0 0 0 0 0 0 0 0 0 13 19 0 0 0 0 0 0 0 0 0 3 0 0 0 0 11 0 24 40 19 9 14 36 1 6 9 40 17 11 5 28 30 12 14 8 0 0 0 0 0 0 0 0 0 15 0 0 28 0 0 0 0 0 0 11 0 2 0 0 1 0 0 0 0 0 0 0 0 0 0 0 0 0 0 0 0 0 0 0 0 4 0 0 0 0 0 0 0 0 0 0 0 0 0 0 0 10 31 0 0 0 8 30 1 6 1 11 0 11 0 48 22 1 0 0 0 0 0 0 0 0 0 0 0 0 0 0 38 1 0 0 0 0 0 0 0 0 0 0 0 0 0 0 0 0 0 23 0 0 0 0 0 0 0 14 0 0 35 0 0 9 14 0 0 0 1 0 0 0 0 0 0 0 0 0 0 0 0 0 13 0 0 0 0 0 
 2 0 0 0 0 0 0 0 2 0 0 0 0 0 0 0 0 0 0 0 6 3 208 6 6 3 3 4 3 2 4 5 3 3 3 3 3 3 3 3 146 105 124 485 268 27 52 147 373 95 42 52 32 115 0 77 323 166 134 183 0 0 0 0 0 0 0 0 0 0 0 0 0 0 0 0 0 0 0 0 0 0 0 0 0 0 0 0 0 0 0 0 0 0 0 0 0 0 3 0 0 0 0 0 1 0 0 0 0 0 0 0 0 0 0 0 0 0 0 0 65 18 20 19 18 4 24 0 0 18 0 6 7 9 0 1 40 28 0 4 0 0 0 0 0 0 12 0 0 0 0 0 0 0 0 14 0 12 3 7 0 0 0 0 0 3 0 0 0 0 0 3 0 0 0 0 0 0 0 11 1 8 0 0 12 10 0 0 0 0 0 0 0 0 0 0 0 0 0 0 9 37 19 21 16 0 0 13 18 7 20 0 0 8 0 4 14 26 13 6 7 0 0 0 0 0 0 0 0 0 0 0 0 36 0 5 0 0 13 5 0 0 0 0 0 0 0 0 0 0 0 20 0 2 0 0 0 0 0 0 0 1 3 66 65 0 0 1 2 0 0 0 0 0 0 0 0 0 0 0 0 0 0 0 10 0 0 0 0 0 
 0 0 0 0 0 0 0 0 2 0 0 0 0 0 0 0 0 1 0 0 66 3 0 0 0 8 0 10 0 3 7 6 74 5 0 0 3 63 0 0 250 73 104 54 68 124 42 32 253 97 86 47 110 232 77 0 251 43 42 173 0 19 0 0 0 3 4 0 11 0 0 33 0 20 0 1 0 0 50 50 0 0 0 0 0 0 0 0 0 0 0 0 0 0 10 0 0 0 0 0 0 0 0 0 0 0 0 0 0 4 10 24 0 0 0 2 5 0 0 0 8 10 33 26 2 14 48 8 0 0 10 27 9 0 12 22 5 11 9 13 0 13 0 14 0 0 6 9 6 0 0 0 23 7 0 0 0 0 0 9 0 0 0 0 0 0 0 0 0 0 0 9 0 0 0 0 0 0 0 11 13 0 0 0 0 1 0 0 0 0 0 0 0 9 14 0 0 0 0 0 12 11 7 1 3 11 0 1 0 8 0 4 0 1 18 37 10 0 0 13 11 0 0 0 0 8 0 0 0 0 0 0 10 32 0 0 0 0 0 0 0 0 6 0 0 0 0 0 0 0 0 7 0 1 0 0 0 0 24 11 0 0 64 0 0 21 0 1 0 0 0 0 0 0 0 0 0 0 0 0 0 5 0 0 16 0 0 10 1 0 
 4 4 5 3 3 1 3 5 2 3 3 3 3 3 1 3 3 2 3 3 0 2 0 0 2 68 6 2 0 0 3 0 0 0 0 4 0 0 0 0 605 252 47 42 77 276 99 37 113 325 113 524 57 173 323 251 0 64 57 180 0 90 0 0 2 2 0 0 8 2 4 15 1 54 0 2 0 2 0 0 0 0 0 0 0 0 0 0 0 0 0 0 0 0 0 0 0 0 0 0 0 7 0 0 0 0 0 0 0 0 14 0 0 0 0 0 0 0 0 0 28 7 24 68 0 14 17 24 35 0 15 11 15 10 5 30 59 13 14 11 0 0 0 0 0 0 6 0 0 16 10 6 0 0 0 0 0 1 13 12 0 0 0 0 0 0 0 0 0 0 0 9 0 0 0 0 0 0 0 0 0 0 0 0 0 8 0 0 0 0 0 0 0 0 0 0 0 0 0 0 0 10 10 0 2 0 20 54 1 7 0 0 0 1 14 55 0 0 0 0 0 0 0 0 4 0 0 0 0 0 9 4 0 34 0 0 1 0 0 0 0 0 0 0 0 0 0 0 0 0 0 0 0 1 0 0 0 0 0 9 0 0 33 0 2 19 0 67 0 1 1 0 0 2 0 0 0 0 0 0 0 0 0 0 13 0 0 0 0 0 
 0 0 4 0 0 0 0 0 2 0 0 0 0 0 0 0 0 0 0 31 0 0 0 0 0 2 3 3 0 0 3 0 0 0 0 2 2 0 0 0 47 99 227 204 125 118 94 63 89 33 71 147 40 30 166 43 64 0 114 38 23 0 0 0 0 1 57 0 0 0 0 2 0 0 0 1 0 0 0 51 0 0 0 0 0 0 0 0 0 10 0 0 0 0 0 0 0 0 0 0 0 0 0 0 0 0 0 0 0 0 0 0 0 0 0 0 0 0 0 0 0 1 14 23 28 6 10 0 14 14 30 1 0 0 0 0 13 10 0 9 4 0 0 0 0 0 10 11 0 0 0 0 0 0 0 0 0 7 0 11 0 2 0 0 0 22 0 0 0 0 0 0 4 0 0 0 0 0 0 0 9 0 0 0 0 0 0 0 0 0 0 0 0 0 0 0 0 0 0 0 0 0 0 20 27 9 10 14 8 18 6 0 0 0 0 33 0 14 14 0 0 11 15 0 0 0 7 9 19 0 1 0 13 9 0 0 0 23 0 11 0 0 0 0 0 1 0 0 0 0 0 3 0 0 0 0 0 0 0 9 0 0 0 33 0 7 0 71 0 0 0 0 0 0 0 0 0 24 0 0 0 0 0 0 0 9 0 10 1 0 
 4 0 0 0 0 0 0 0 0 0 0 0 0 2 0 0 0 0 0 0 206 67 2 3 2 66 2 2 274 62 5 65 2 2 3 3 31 20 73 3 66 68 179 97 56 41 266 66 72 349 44 31 127 149 134 42 57 114 0 90 0 0 0 0 0 0 0 0 0 50 0 3 0 0 0 0 0 0 0 0 0 0 0 0 0 0 0 0 0 0 0 16 0 0 0 0 0 0 0 0 0 12 13 10 0 0 0 0 0 0 0 11 0 0 0 1 0 0 0 0 11 0 58 0 3 0 14 11 22 0 0 0 0 5 0 0 16 4 39 14 0 0 0 0 0 0 1 0 1 0 0 0 0 0 15 0 0 1 0 0 0 0 0 0 0 0 0 0 0 0 0 0 0 0 0 0 0 0 0 0 10 0 0 11 1 0 0 1 1 0 11 1 0 0 0 8 0 0 0 0 1 26 12 0 7 0 11 28 32 1 40 12 28 0 51 84 9 0 27 0 0 0 0 0 1 0 0 0 12 0 5 0 0 2 0 0 0 0 0 0 0 0 0 0 0 0 0 0 0 0 0 0 0 2 0 0 0 0 0 12 0 0 2 0 1 19 0 72 0 0 0 0 0 0 0 0 0 0 0 0 0 0 0 0 0 1 0 0 2 0 
 5 3 2 3 3 2 6 3 4 3 3 3 3 3 2 3 3 2 3 3 0 1 0 28 64 67 0 3 0 3 62 0 0 0 0 0 62 0 0 0 203 538 123 63 87 100 64 207 396 377 55 28 188 208 183 173 180 38 90 0 0 33 0 0 0 6 0 0 9 0 0 15 0 44 0 1 0 0 0 0 0 0 0 0 0 0 0 0 0 0 0 0 0 0 0 0 0 0 0 0 0 0 0 6 11 13 0 0 0 9 0 0 0 0 0 0 1 0 11 0 2 14 10 0 0 0 19 6 9 0 17 38 25 1 0 35 0 0 17 0 0 0 0 0 0 0 0 0 0 0 0 0 42 0 0 0 0 0 0 16 0 1 0 0 46 0 0 0 0 0 0 0 0 0 0 0 0 0 6 0 0 0 11 0 17 13 0 0 0 0 0 0 0 0 0 0 0 0 0 0 19 3 47 0 0 0 14 1 0 2 0 0 1 7 22 0 22 0 0 10 0 0 0 0 0 0 0 0 0 0 0 0 0 0 0 0 0 0 0 0 0 0 0 0 0 0 0 0 0 0 0 9 0 0 0 0 0 0 46 0 0 0 15 0 1 3 2 1 3 0 0 0 0 0 0 0 0 0 0 0 0 0 0 0 1 0 0 0 0 0 
 0 2 0 0 0 0 0 0 0 0 0 0 0 0 0 0 0 0 0 0 0 0 0 0 0 0 0 0 0 0 0 0 0 0 0 1 0 0 0 0 1 1 51 49 49 112 0 0 1 0 0 31 0 0 0 0 0 23 0 0 0 189 113 110 36 43 115 183 63 65 84 25 330 143 71 188 27 55 49 160 0 0 0 0 0 0 0 0 0 0 0 0 0 0 10 0 0 0 0 0 0 0 0 0 0 0 0 0 0 0 0 0 0 0 0 0 0 0 0 0 0 0 0 19 4 0 0 0 0 0 3 0 0 0 0 0 0 0 0 0 0 10 3 0 0 20 9 9 33 0 0 1 2 0 13 1 27 6 0 9 0 0 0 0 0 0 0 0 0 0 0 0 0 0 15 0 0 0 0 0 0 0 0 0 0 0 0 0 0 0 0 0 0 0 0 0 0 0 0 0 1 0 0 21 14 9 0 0 0 1 0 0 0 0 0 0 0 0 0 0 0 53 0 8 8 0 1 13 0 0 8 9 18 13 10 0 31 9 0 0 0 0 0 0 0 0 0 0 0 0 0 0 0 0 29 0 0 0 0 0 0 0 0 1 0 0 0 0 0 0 19 2 54 1 2 80 0 0 0 0 0 0 0 0 0 2 0 33 0 0 
