 0 299 143 219 38 131 221 156 216 32 48 20 65 59 90 215 27 327 44 181 0 0 0 0 0 0 4 5 0 5 0 0 0 27 0 0 1 3 0 2 0 0 0 0 3 0 0 1 0 62 0 0 0 0 0 0 2 2 0 0 0 0 3 3 2 0 2 0 0 0 0 0 0 0 0 3 0 0 0 0 9 43 41 11 0 0 0 27 30 37 14 51 7 26 49 36 20 1 12 19 0 0 0 0 0 0 0 0 0 0 0 0 0 0 0 0 0 0 0 0 0 0 0 0 0 0 0 0 7 0 2 0 0 0 0 0 0 0 1 0 0 0 0 2 0 0 0 0 0 0 0 0 0 0 0 0 0 0 0 0 0 0 0 6 0 1 1 9 14 21 0 16 14 7 5 1 0 0 0 69 0 2 1 0 0 0 0 0 0 0 0 0 0 0 0 0 0 0 0 0 0 0 0 0 0 0 0 0 0 0 0 0 0 0 0 0 0 0 0 0 0 0 0 0 0 0 0 0 0 0 0 0 2 0 0 0 0 0 0 0 0 24 0 0 0 0 0 0 0 0 14 4 0 0 2 0 0 0 0 0 0 0 11 0 0 0 0 0 0 0 0 0 0 2 0 1 0 0 0 0 0 0 0 0 0 0 0 0 0 0 
 299 0 197 225 44 533 93 208 172 41 143 28 44 148 466 191 25 527 61 180 0 0 2 2 0 0 2 2 0 5 0 3 0 5 0 2 3 3 53 63 3 0 0 0 3 0 1 0 0 0 0 0 0 4 2 0 2 5 2 0 2 2 2 3 3 0 2 0 0 0 0 0 0 0 0 2 0 0 0 0 0 30 0 22 19 13 0 11 8 83 13 38 10 6 1 36 26 14 0 0 10 0 0 0 0 0 0 0 0 0 0 0 15 0 22 4 0 0 14 42 0 0 0 0 0 0 0 0 0 0 0 0 0 0 0 0 0 0 0 0 0 2 0 0 0 0 3 0 0 0 0 0 0 0 0 0 0 0 0 0 0 0 0 23 14 14 0 7 27 2 10 31 0 0 19 18 29 12 0 18 12 0 0 0 0 0 5 0 0 0 0 0 24 17 2 2 0 0 34 29 0 0 0 0 2 0 0 0 0 0 0 0 0 0 0 0 0 0 0 0 0 0 0 0 0 0 0 2 0 0 0 0 0 0 0 0 0 0 0 0 0 15 0 0 0 0 0 0 101 0 15 0 33 0 0 0 0 0 35 0 0 0 13 0 0 0 0 0 0 0 0 0 0 0 0 0 0 0 0 0 0 0 0 0 0 0 0 0 0 0 
 143 197 0 183 174 122 59 206 175 54 145 41 168 289 64 275 229 422 24 48 0 2 0 0 3 0 79 2 5 3 1 0 0 78 0 0 0 3 188 3 0 0 0 0 3 0 0 0 0 0 1 2 0 3 0 0 2 3 0 0 43 4 2 3 3 0 2 0 0 0 1 0 0 0 3 2 0 0 1 0 0 25 1 40 49 0 1 0 7 14 11 30 1 12 7 37 0 10 26 0 8 0 0 0 0 0 0 0 0 0 0 0 1 0 0 2 0 0 23 24 0 0 0 0 0 0 0 0 0 0 0 0 0 0 1 0 0 0 0 0 0 5 0 0 0 0 0 0 0 0 0 0 0 0 0 0 0 0 0 0 0 9 36 10 34 13 0 36 12 16 0 1 8 15 8 1 26 1 11 33 0 1 0 0 0 0 0 0 0 0 0 0 10 0 1 0 0 0 8 7 0 0 0 0 0 0 0 0 16 0 0 0 0 0 0 0 0 0 0 0 0 0 0 2 0 2 0 0 0 0 0 0 0 0 0 0 0 0 0 2 0 0 0 0 0 2 1 1 0 90 0 4 0 1 0 0 0 0 0 0 0 0 0 0 0 0 0 0 0 0 0 0 0 0 0 18 0 0 0 0 0 0 0 0 0 0 0 0 0 0 
 219 225 183 0 344 174 78 150 254 59 267 344 57 171 427 68 411 321 59 67 0 0 0 207 0 0 103 76 0 3 0 0 0 78 62 0 0 24 19 75 0 0 0 0 3 0 0 0 0 130 0 0 0 2 0 38 2 3 0 0 0 0 2 3 3 0 2 0 0 0 0 0 0 0 0 2 0 0 0 0 0 11 0 20 31 8 0 14 12 20 5 14 0 10 5 38 0 16 13 0 39 0 0 0 0 0 0 21 0 0 0 0 10 7 1 0 0 0 32 26 0 0 0 0 0 0 2 0 0 0 0 0 0 0 0 0 0 0 0 0 0 4 0 0 0 0 1 0 0 0 0 0 0 0 0 0 0 0 1 0 0 2 0 13 32 37 0 10 39 26 8 19 0 0 0 1 0 27 0 16 73 18 4 0 0 0 11 0 0 0 1 0 15 13 0 0 2 1 15 28 0 0 0 0 0 0 0 0 0 0 0 1 0 0 0 0 0 0 0 0 0 0 0 0 2 0 0 0 0 13 0 0 0 0 0 0 0 0 0 0 0 0 0 0 0 1 7 2 90 0 0 8 0 0 0 0 0 1 0 0 0 0 0 0 0 0 0 0 0 0 0 0 0 0 0 38 1 0 0 0 0 0 0 0 0 0 0 0 0 0 
 38 44 174 344 0 185 258 76 66 95 318 400 63 83 178 58 74 201 273 370 95 188 73 74 0 0 7 169 0 81 0 2 147 65 61 1 5 3 47 116 0 0 0 2 3 2 0 0 0 0 0 0 3 2 0 2 2 3 1 0 0 4 3 2 3 0 3 0 0 0 0 0 0 2 0 2 2 20 0 37 0 0 0 9 15 11 0 10 8 0 0 0 0 0 0 12 0 0 0 0 10 5 0 1 0 0 39 12 13 0 5 10 17 0 1 0 19 63 10 23 0 0 0 0 0 0 0 0 0 0 0 0 18 9 0 0 0 0 1 8 0 7 0 3 0 0 11 0 0 31 0 0 0 0 0 0 0 0 0 0 0 0 0 0 49 26 0 0 0 0 0 0 0 0 0 0 0 0 0 0 36 0 11 15 0 0 1 0 43 1 8 0 18 0 0 8 0 10 0 34 0 0 0 0 29 0 1 0 0 20 0 0 0 0 0 0 0 0 0 0 0 0 0 0 0 0 0 0 0 0 0 0 0 12 0 0 0 0 0 0 0 0 1 0 0 4 87 0 0 3 1 6 0 3 0 0 0 0 0 0 0 0 0 0 0 0 26 0 0 0 0 0 0 0 0 0 0 0 0 12 0 0 0 0 0 0 0 0 0 0 
 131 533 122 174 185 0 223 41 46 121 301 207 42 460 530 367 75 365 57 50 0 76 77 0 3 1 5 110 0 5 2 5 12 18 101 4 3 3 53 2 0 0 0 2 3 2 0 0 96 0 2 0 3 2 2 5 2 3 0 0 0 2 2 6 3 0 2 0 1 0 0 8 0 0 1 2 2 0 2 0 0 8 0 9 12 30 0 10 8 25 21 16 0 0 0 12 14 0 0 0 30 14 0 4 0 0 21 0 0 0 7 10 0 0 0 0 0 22 0 24 0 0 0 0 0 0 0 0 0 0 0 0 0 0 0 0 0 0 0 0 0 0 0 0 0 0 5 0 0 0 0 0 0 0 0 0 0 0 0 0 0 0 0 2 2 33 0 0 0 21 23 1 0 0 0 75 9 0 0 0 15 16 26 18 1 0 0 0 12 0 11 0 14 0 0 0 0 0 1 34 0 0 0 0 0 0 0 0 0 0 0 0 0 0 0 0 0 0 0 0 18 0 0 0 8 0 0 0 0 0 0 0 0 0 0 0 0 0 0 0 0 0 0 0 0 0 89 0 5 0 16 8 0 0 0 0 0 0 0 0 0 0 0 0 0 0 22 0 0 0 0 0 0 0 0 0 0 0 0 0 0 0 0 0 0 0 0 0 0 0 
 221 93 59 78 258 223 0 196 275 77 32 104 422 66 81 187 32 22 54 147 1 0 1 78 0 0 3 0 0 3 0 5 0 3 0 0 0 3 0 2 0 0 0 0 3 0 0 0 0 0 0 0 0 0 0 0 2 2 0 0 0 0 3 3 2 0 2 0 0 0 0 0 0 0 0 2 0 0 0 0 23 19 57 13 3 0 0 10 49 29 0 15 4 19 29 14 10 20 24 41 0 0 0 0 0 0 0 0 0 0 0 0 0 0 0 0 0 15 0 0 0 0 0 0 0 0 0 0 9 0 0 0 0 0 2 0 0 0 15 0 0 0 0 0 0 0 0 0 2 0 0 0 0 0 0 0 0 0 0 0 30 0 10 0 0 0 20 0 10 46 0 0 4 0 19 2 0 10 0 0 0 0 0 0 0 0 0 0 2 0 0 0 0 0 2 0 0 0 1 0 0 0 0 0 2 0 0 0 0 0 0 0 0 0 0 0 0 0 0 0 0 0 0 1 0 0 0 1 0 0 0 0 0 0 0 0 0 0 0 1 0 0 0 0 0 0 0 2 2 0 15 12 0 2 0 0 0 0 0 0 0 0 0 0 0 0 0 0 0 0 0 0 0 0 0 0 0 1 0 0 0 0 0 0 0 0 0 0 0 0 
 156 208 206 150 76 41 196 0 372 22 341 43 146 334 233 404 125 440 282 146 0 0 1 0 0 0 3 0 2 4 0 0 0 3 0 0 0 3 108 75 0 0 0 0 3 0 0 0 0 0 0 0 61 2 0 0 2 2 0 0 0 0 3 3 2 0 2 0 0 0 0 0 0 0 0 2 0 0 0 0 0 0 77 33 8 0 9 20 37 12 10 16 10 17 0 36 6 44 10 0 10 0 0 0 0 0 0 0 0 0 0 1 9 1 1 0 0 0 21 8 0 0 0 0 0 0 0 0 0 0 0 0 0 0 0 0 0 0 1 0 0 1 0 2 0 0 0 0 0 0 0 0 0 0 0 0 1 0 0 0 0 0 13 21 0 0 11 13 0 2 0 37 14 17 1 9 1 12 0 0 13 16 0 0 0 0 0 0 0 0 0 0 19 0 0 0 0 0 9 13 0 0 0 0 0 0 0 0 0 0 0 0 0 0 0 0 0 0 0 0 0 0 0 0 0 0 0 0 0 0 0 0 0 11 0 0 0 0 0 0 0 0 0 0 0 3 0 2 0 3 0 3 0 0 0 0 0 0 0 0 0 0 0 0 0 0 0 0 0 0 0 0 0 2 0 16 9 0 0 0 0 0 0 0 0 0 0 0 0 0 
 216 172 175 254 66 46 275 372 0 174 196 44 274 232 274 550 57 151 480 163 2 0 0 0 0 0 6 0 0 3 0 0 0 3 0 0 0 3 0 16 0 0 0 0 3 0 0 0 0 0 0 2 0 0 2 0 2 2 0 60 0 0 3 3 2 0 2 0 0 0 0 0 0 0 0 3 0 0 0 0 1 13 34 2 0 1 15 40 26 22 7 12 14 33 86 51 23 16 12 14 0 2 0 0 0 0 0 0 0 0 0 0 12 0 17 0 0 0 14 18 0 0 0 0 0 0 0 0 0 0 0 0 0 0 0 0 0 0 0 0 0 0 0 0 0 0 0 0 0 0 2 0 0 0 0 0 0 0 2 0 0 1 22 23 14 0 8 22 44 34 0 74 2 21 9 0 15 0 0 32 0 0 0 0 0 0 2 0 0 0 0 0 15 18 0 0 0 0 17 16 0 0 0 0 0 0 0 0 0 0 0 2 0 0 0 0 0 0 0 0 0 2 0 0 0 0 0 0 0 0 0 0 0 0 0 0 0 0 0 0 0 16 0 0 0 0 2 2 0 0 4 3 0 0 0 0 0 1 0 0 0 0 43 0 0 0 2 0 0 0 0 0 0 0 0 18 17 0 0 0 0 0 0 0 0 0 0 0 0 0 
 32 41 54 59 95 121 77 22 174 0 157 40 55 171 372 207 118 46 172 179 61 0 0 74 74 0 78 0 0 3 0 0 75 78 2 0 0 3 81 20 0 0 0 0 3 0 0 0 0 0 0 0 0 1 0 0 2 2 0 0 0 0 3 3 2 0 2 0 0 0 0 0 0 0 0 36 4 2 0 0 0 40 20 20 45 18 0 1 28 14 16 20 0 6 0 41 12 9 0 0 31 0 0 0 0 0 17 0 0 0 0 0 0 12 9 1 0 0 68 28 0 0 0 0 0 0 0 0 0 0 0 0 35 0 0 13 0 0 0 0 0 0 0 0 0 0 0 0 0 0 0 0 0 8 0 0 0 0 0 0 0 8 72 24 17 0 0 8 0 21 30 17 0 0 12 12 13 10 0 15 2 1 0 0 0 0 9 23 0 0 0 0 21 17 0 0 0 0 46 7 0 0 0 0 0 0 0 0 0 0 0 0 0 0 0 0 0 0 0 0 0 0 0 0 0 0 0 0 0 0 0 0 0 0 0 0 0 0 0 0 0 0 0 0 0 0 88 0 1 88 23 0 14 0 0 0 0 0 0 0 0 0 0 0 0 0 0 0 0 0 0 0 0 0 0 46 15 0 0 0 0 0 0 0 0 0 0 0 0 0 
 48 143 145 267 318 301 32 341 196 157 0 55 56 175 290 162 105 364 91 142 149 0 101 0 2 0 4 0 0 3 0 0 0 77 74 0 0 3 1 142 0 0 0 0 3 0 0 0 0 0 0 0 0 2 0 0 2 5 0 1 0 35 2 3 3 0 2 0 0 42 0 0 0 0 0 2 0 0 0 0 0 23 21 45 2 1 13 1 50 39 81 9 0 11 13 42 22 23 1 0 0 0 0 0 0 0 0 0 1 0 0 0 22 11 67 15 0 0 25 22 0 0 0 0 0 0 0 0 0 0 0 0 0 0 0 8 0 0 0 0 0 4 0 0 0 0 6 0 0 0 0 0 0 0 0 0 0 0 0 0 0 0 0 28 19 39 0 13 1 12 20 31 0 9 0 15 16 21 0 18 0 2 0 15 0 0 1 13 7 0 0 0 38 15 13 0 0 0 29 14 0 0 0 0 0 0 0 1 0 0 0 0 6 0 0 0 0 0 0 0 0 0 0 0 0 0 0 0 0 0 0 27 0 0 0 0 0 0 0 0 0 19 0 0 0 6 0 0 1 0 2 4 0 0 0 0 0 0 0 0 0 0 10 0 0 0 0 0 0 0 0 0 0 0 0 3 27 0 0 0 0 0 0 0 0 0 0 0 0 0 
 20 28 41 344 400 207 104 43 44 40 55 0 39 34 46 38 77 60 51 23 0 76 2 80 1 0 231 80 0 3 0 4 113 216 101 0 0 3 76 86 0 0 0 0 3 0 1 0 0 0 0 0 0 0 2 0 4 2 0 0 0 0 3 3 2 0 2 0 0 0 5 0 0 1 0 2 0 0 2 0 0 0 0 0 27 22 0 0 2 0 15 0 0 0 0 0 13 0 0 0 52 0 10 0 0 0 14 0 16 0 0 0 15 2 19 5 15 0 17 48 0 0 0 0 0 0 0 1 0 0 0 0 13 0 0 0 0 0 0 0 0 0 0 5 0 0 0 0 0 0 0 0 0 0 0 0 0 1 0 0 0 0 0 0 32 18 0 0 2 0 0 1 0 0 0 0 14 0 0 0 0 11 32 8 35 0 15 15 22 0 0 0 18 15 0 52 20 9 15 53 0 0 0 0 0 0 0 0 0 0 1 0 0 0 0 0 0 0 0 0 0 0 0 0 0 0 0 0 0 0 0 0 0 0 0 0 0 0 0 0 0 5 0 0 0 5 133 4 0 2 0 3 0 0 0 0 0 0 0 0 0 0 0 0 0 0 0 0 0 0 0 0 0 0 0 0 0 0 0 17 0 0 0 0 0 0 0 0 0 0 
 65 44 168 57 63 42 422 146 274 55 56 39 0 239 68 116 50 39 240 334 0 3 2 73 0 0 5 0 0 36 5 0 1 3 0 3 0 3 3 2 1 0 0 0 3 0 0 0 0 0 0 0 0 63 0 0 2 3 0 0 0 2 2 2 3 0 3 0 0 0 0 0 0 0 0 5 0 0 0 0 26 10 21 21 0 0 45 0 25 1 0 10 0 27 22 32 6 19 12 51 0 0 0 17 0 0 0 0 0 0 0 2 0 2 0 0 0 0 0 0 0 0 0 0 0 0 15 0 0 0 0 0 0 0 0 0 0 13 1 0 0 0 0 1 0 0 0 0 0 0 0 0 0 0 0 0 2 0 0 0 2 25 23 10 0 0 6 32 29 0 9 8 1 50 31 9 0 20 35 13 0 1 0 0 0 0 0 0 0 0 0 0 0 0 0 0 0 0 0 0 6 0 0 0 0 0 0 0 0 1 0 0 0 0 0 0 0 1 0 0 0 0 18 0 0 0 0 0 0 0 14 0 0 0 0 0 13 0 0 0 0 0 0 0 0 2 0 0 0 89 2 13 9 0 0 0 0 0 0 0 0 0 0 0 0 0 0 0 0 0 0 1 0 0 0 0 22 17 0 0 0 0 0 2 0 0 0 0 0 0 
 59 148 289 171 83 460 66 334 232 171 175 34 239 0 119 257 238 125 151 177 4 0 0 0 0 0 8 0 0 3 0 2 0 3 0 0 0 3 0 3 0 0 0 0 3 0 0 0 0 1 0 0 0 0 0 0 2 2 0 0 0 0 3 3 2 0 45 0 9 0 0 0 1 0 0 2 0 0 0 0 0 39 25 47 14 0 10 0 24 26 15 20 18 14 10 59 9 12 1 0 0 0 0 0 0 0 0 0 0 0 0 0 0 0 0 0 0 0 0 0 0 0 0 0 0 0 0 1 0 0 0 0 0 0 0 0 0 0 0 0 0 4 0 0 0 0 5 0 0 0 0 0 0 0 0 0 0 0 0 0 0 7 20 7 32 19 0 28 32 10 14 31 0 20 16 14 0 18 0 73 0 0 0 0 0 0 0 0 0 0 0 0 12 0 0 0 0 0 31 0 0 0 0 0 0 0 0 0 0 0 0 0 0 0 0 0 0 0 0 0 0 0 0 0 0 0 0 0 0 0 0 0 0 0 0 0 0 0 0 0 0 20 0 0 0 1 2 0 2 28 1 13 0 0 0 0 0 0 0 0 0 0 11 0 0 0 0 0 0 0 0 0 0 0 0 2 22 0 0 0 0 0 0 0 0 0 0 0 0 0 
 90 466 64 427 178 530 81 233 274 372 290 46 68 119 0 504 137 173 86 415 0 0 1 0 0 1 6 0 0 3 0 0 0 3 72 0 0 3 150 77 0 0 1 0 7 0 0 0 0 0 0 0 0 1 0 0 2 3 0 0 0 1 2 3 3 0 2 0 0 0 0 0 0 0 31 2 0 0 0 0 21 19 29 37 9 0 0 0 71 31 26 34 0 1 0 29 36 34 0 38 0 0 0 1 0 0 0 0 0 0 0 0 9 0 0 0 2 0 13 11 6 0 0 0 0 0 0 0 1 2 0 0 1 0 0 0 0 1 0 0 1 0 0 0 0 0 0 1 0 0 0 1 0 0 12 0 0 0 0 0 0 19 22 23 0 0 2 0 15 21 0 12 1 0 19 29 1 20 32 0 0 0 0 0 0 0 1 0 0 0 0 0 16 12 0 0 0 0 34 0 0 0 2 0 0 0 0 0 0 0 0 0 0 0 0 0 0 0 0 0 0 0 0 0 4 0 0 0 0 0 0 0 0 0 0 0 0 0 0 0 0 0 0 0 0 1 0 0 4 1 15 6 0 0 0 0 0 0 0 0 0 0 0 0 0 0 0 0 0 0 0 0 0 0 0 10 0 17 0 0 0 0 0 0 0 0 0 0 0 1 
 215 191 275 68 58 367 187 404 550 207 162 38 116 257 504 0 277 324 37 64 0 0 2 0 0 1 2 0 0 3 0 0 0 4 0 1 0 3 43 77 0 0 0 0 3 0 0 0 0 0 0 0 0 0 0 0 2 2 0 0 0 0 3 3 2 0 2 0 0 0 0 0 0 0 0 3 0 0 0 0 0 17 33 0 12 0 0 12 1 60 13 26 8 20 12 12 14 48 10 21 27 0 0 0 0 0 0 0 0 0 0 0 9 0 1 2 0 0 28 0 0 2 0 0 0 0 0 0 0 0 0 0 0 0 0 0 1 0 0 0 0 0 0 0 0 0 0 0 0 0 0 8 0 0 0 8 0 0 0 11 0 0 11 30 0 1 53 7 26 15 2 17 9 0 0 12 14 31 0 1 0 0 0 0 0 0 0 0 0 0 0 0 29 2 0 1 0 0 33 0 0 0 0 0 1 0 0 0 0 0 0 0 0 0 0 0 0 0 0 0 0 0 0 0 0 0 0 0 0 0 0 0 0 0 0 0 0 15 0 0 0 0 0 0 0 0 0 1 92 0 14 3 94 0 0 0 0 0 0 0 0 0 0 0 0 0 0 0 0 0 0 0 0 0 0 18 0 0 0 0 0 0 0 0 0 0 0 0 0 0 
 27 25 229 411 74 75 32 125 57 118 105 77 50 238 137 277 0 181 44 37 35 2 0 84 0 0 230 0 2 37 1 1 79 76 6 0 0 3 152 5 2 0 3 0 3 0 5 0 0 0 2 0 0 1 2 0 2 2 23 0 0 0 3 3 3 0 2 0 0 0 6 0 0 0 4 2 0 1 0 0 0 0 0 10 55 16 0 0 0 0 15 17 0 0 1 0 13 6 0 0 31 0 0 0 0 0 19 20 0 0 0 2 0 12 19 5 0 0 56 69 0 0 0 0 0 0 0 0 0 0 1 0 17 0 0 0 0 0 2 0 0 0 0 0 0 0 0 0 0 0 0 0 0 9 0 0 0 0 0 14 2 0 10 19 20 11 0 0 0 10 11 17 1 1 0 0 24 0 0 0 16 8 19 12 0 0 27 15 0 0 0 0 11 20 0 62 21 0 51 35 0 0 0 0 0 0 0 0 0 14 0 10 0 0 0 0 0 0 0 0 0 0 0 0 0 0 0 0 0 11 0 0 1 0 0 0 0 0 0 0 0 0 0 0 0 2 90 0 13 86 0 4 0 0 0 0 0 0 0 0 0 0 0 0 0 0 0 0 0 0 0 0 0 15 0 0 0 0 0 1 0 0 0 0 0 0 0 0 0 0 
 327 527 422 321 201 365 22 440 151 46 364 60 39 125 173 324 181 0 60 336 0 0 0 0 0 1 77 0 0 4 0 1 0 81 0 0 0 3 150 3 0 0 0 0 3 0 0 0 0 0 0 0 0 1 2 0 2 2 0 0 0 0 3 3 2 0 2 0 0 0 0 0 0 0 0 2 0 0 0 0 0 13 3 20 50 0 0 0 11 13 23 32 0 12 6 25 0 55 15 0 5 0 0 0 0 0 0 1 0 0 0 0 14 7 1 0 0 0 27 37 0 0 0 0 0 0 0 0 0 0 0 2 0 0 0 0 0 0 0 0 0 5 0 0 0 0 0 0 0 0 0 0 0 0 0 0 0 0 0 0 0 0 12 10 27 11 1 15 21 15 10 26 0 0 0 18 11 8 0 17 7 1 0 0 0 0 13 0 0 0 0 0 18 0 0 7 0 0 20 7 0 0 0 0 0 0 0 0 0 0 0 11 7 0 0 2 9 0 0 0 0 0 0 0 0 0 0 0 0 0 0 0 0 0 0 0 0 0 0 0 0 0 0 0 0 1 2 0 43 5 1 0 0 0 0 0 0 0 0 0 0 0 0 0 0 0 0 0 0 0 0 0 0 0 0 19 0 0 0 0 0 0 0 0 0 0 0 0 0 0 
 44 61 24 59 273 57 54 282 480 172 91 51 240 151 86 37 44 60 0 309 0 0 0 0 3 0 4 1 0 3 0 2 0 3 0 0 47 3 0 4 0 0 1 0 4 1 0 0 0 0 1 0 0 0 0 0 2 2 0 0 0 0 3 3 2 0 67 0 0 0 0 0 0 0 0 2 0 0 25 0 12 0 22 9 0 0 23 0 23 0 0 14 20 12 0 21 0 21 13 13 0 0 0 0 0 0 0 0 0 0 0 1 0 1 0 0 0 0 0 0 0 0 0 0 2 0 4 0 0 0 0 0 0 0 0 0 0 0 0 0 0 0 0 0 0 0 0 0 0 0 0 0 0 0 0 0 1 17 0 0 16 30 2 7 0 0 2 12 5 9 27 16 39 20 14 15 0 14 0 0 0 0 0 0 0 0 0 0 0 0 0 0 0 0 0 0 0 0 0 0 0 0 9 0 0 0 20 0 0 1 0 0 0 0 0 0 0 2 0 0 0 0 0 0 0 0 0 0 0 0 0 0 0 0 0 0 0 0 0 0 0 0 0 0 0 0 0 2 1 1 2 7 19 0 0 0 0 0 0 0 0 0 65 0 0 0 0 0 0 0 31 0 0 1 0 0 22 0 0 0 0 0 0 0 0 0 0 0 0 0 
 181 180 48 67 370 50 147 146 163 179 142 23 334 177 415 64 37 336 309 0 0 0 1 0 2 0 12 0 0 3 0 0 0 3 0 0 7 3 0 2 0 0 2 0 3 0 3 2 0 0 0 0 0 0 2 0 2 3 0 0 0 1 2 3 3 0 48 0 0 0 0 0 0 0 0 2 0 0 0 0 15 1 8 11 0 0 42 37 29 1 0 2 14 9 42 15 0 1 22 2 0 0 0 0 0 0 0 0 0 0 0 0 0 0 9 0 0 0 0 0 0 0 0 0 2 0 0 0 0 0 0 0 0 0 0 0 0 0 0 0 0 0 0 0 0 0 0 0 0 0 0 0 0 0 0 0 25 0 0 0 23 23 0 6 0 0 18 18 0 14 0 14 12 38 0 0 0 0 15 0 0 0 0 0 0 0 0 0 0 2 0 0 0 0 0 0 0 0 0 0 0 0 0 0 0 0 0 0 0 1 0 0 0 0 0 0 0 0 1 0 0 0 2 0 0 0 0 0 0 0 0 0 0 0 0 0 0 0 0 0 0 0 0 0 1 2 0 1 2 0 1 8 0 0 0 0 0 0 0 0 0 0 0 0 0 0 0 0 0 0 0 0 0 0 0 0 15 0 0 0 0 0 0 0 0 0 0 0 0 0 
 0 0 0 0 95 0 1 0 2 61 149 0 0 4 0 0 35 0 0 0 0 157 214 374 40 43 59 117 40 101 23 149 153 126 128 117 52 109 74 145 0 0 3 0 0 0 0 0 0 0 4 0 1 1 18 0 0 12 0 0 0 33 0 0 0 2 0 34 19 3 0 0 0 0 0 0 2 24 0 0 0 0 0 0 19 11 0 0 2 0 37 0 0 0 0 0 0 5 3 0 20 9 1 20 12 0 67 3 0 0 0 22 20 18 27 0 92 20 20 16 0 10 0 0 0 0 9 0 0 0 0 0 15 0 0 19 0 0 0 0 0 0 0 0 0 0 0 0 0 0 0 0 0 6 2 0 0 0 0 0 0 0 0 2 0 0 0 0 0 0 0 19 0 0 0 1 4 0 0 0 18 21 0 13 13 0 9 57 10 1 0 0 39 4 40 0 19 10 22 10 0 12 0 0 0 0 0 2 0 0 0 0 0 36 18 2 0 49 13 1 2 0 0 2 2 0 0 0 0 0 0 0 0 0 0 0 0 0 0 0 0 0 0 0 0 0 83 0 0 0 0 0 0 0 5 2 2 0 0 0 0 0 0 0 0 0 24 0 0 0 0 1 0 0 0 0 20 0 0 14 0 0 0 0 0 16 0 0 0 1 
 0 0 2 0 188 76 0 0 0 0 0 76 3 0 0 0 2 0 0 0 157 0 134 68 23 66 196 147 150 54 159 150 149 124 145 152 181 116 116 139 0 0 3 0 0 0 40 0 0 0 0 0 0 0 1 0 0 0 0 0 0 0 0 0 0 3 0 3 0 3 0 0 0 0 0 2 2 6 0 0 1 0 0 0 5 1 0 0 0 0 0 0 0 0 0 0 0 0 0 0 0 11 23 12 11 0 14 17 46 11 12 0 13 0 13 15 1 19 0 0 0 0 0 0 0 0 1 0 0 0 0 0 0 0 0 0 0 0 8 0 0 0 0 3 0 0 0 7 2 0 0 0 0 0 0 0 0 6 0 0 0 0 2 0 0 0 0 0 0 0 0 0 3 0 0 0 0 0 0 0 22 26 0 30 25 0 0 10 23 10 42 12 0 0 15 15 10 11 0 15 0 0 0 0 11 0 0 0 0 0 0 2 0 0 0 0 1 0 0 0 0 0 0 0 0 0 0 0 0 0 0 0 0 0 0 0 0 0 0 0 0 0 7 0 0 0 4 0 0 0 0 0 0 0 13 0 0 0 0 0 2 0 1 0 0 0 0 0 0 0 0 0 0 0 0 0 0 0 0 0 0 11 0 0 2 0 10 0 0 0 
 0 2 0 0 73 77 1 1 0 0 101 2 2 0 1 2 0 0 0 1 214 134 0 195 56 48 146 162 183 338 340 37 171 410 54 489 145 146 116 31 0 0 3 2 0 0 0 0 0 3 8 0 0 2 5 3 3 3 0 0 0 0 0 0 3 6 0 5 0 3 3 4 0 0 0 0 1 8 0 0 0 0 0 0 0 1 0 0 0 0 0 0 1 0 0 0 0 0 0 0 0 10 22 42 21 0 70 28 0 3 0 5 0 37 24 10 21 24 0 0 0 0 0 0 0 0 10 0 0 0 0 0 2 0 3 0 0 0 6 17 0 0 0 0 0 0 0 0 0 0 0 0 0 0 0 0 0 0 0 0 1 0 0 7 0 11 3 12 0 0 2 0 0 0 2 0 0 0 0 0 12 1 0 28 69 17 39 25 18 0 12 0 0 50 45 11 2 22 0 0 0 0 0 0 0 0 0 0 0 0 0 0 0 6 0 0 0 0 13 0 0 0 0 0 0 1 0 0 0 0 2 0 0 0 0 0 0 0 0 0 0 0 0 0 0 0 2 0 0 0 0 0 0 0 11 2 0 0 20 2 3 0 0 2 0 1 18 0 0 0 0 2 0 0 54 0 0 0 0 0 0 0 0 0 0 0 0 0 0 1 
 0 2 0 207 74 0 78 0 0 74 0 80 73 0 0 0 84 0 0 0 374 68 195 0 121 334 87 65 142 174 374 55 99 87 64 45 206 115 65 201 67 0 3 2 0 6 62 0 0 0 0 0 62 1 0 2 30 2 0 61 31 0 0 0 1 2 6 3 0 3 0 0 0 0 0 0 4 0 0 0 0 0 0 0 17 0 0 0 0 0 0 0 0 2 0 0 0 11 0 0 19 6 2 15 22 9 27 11 18 24 16 13 0 0 0 0 8 12 1 0 11 11 2 0 0 0 0 0 23 0 0 0 19 2 1 9 0 0 0 22 0 0 0 1 0 0 0 0 0 0 0 0 0 5 0 0 0 1 0 0 0 0 0 11 0 0 0 5 2 4 0 19 0 0 0 3 0 0 0 0 0 1 0 13 13 23 21 0 1 14 0 15 0 12 0 20 67 7 19 19 13 9 0 0 0 0 19 27 0 0 0 0 1 0 0 10 0 0 42 8 0 0 0 0 0 0 0 0 0 0 0 0 0 0 0 0 0 0 0 0 0 0 0 0 0 0 48 0 0 0 0 0 0 0 6 2 0 96 93 2 1 0 0 0 0 0 0 0 0 0 0 0 0 0 0 0 0 0 0 0 0 0 0 0 0 1 0 0 0 0 
 0 0 3 0 0 3 0 0 0 74 2 1 0 0 0 0 0 0 3 2 40 23 56 121 0 209 63 82 145 376 82 365 59 291 99 88 143 147 100 63 0 0 64 0 1 4 0 0 0 63 0 0 83 2 3 64 72 0 91 0 0 0 1 5 0 2 17 2 0 1 0 0 0 0 2 55 3 0 0 0 0 0 0 0 0 0 0 0 0 0 0 0 0 0 0 0 0 10 0 0 0 11 0 12 7 17 0 0 26 8 0 12 0 0 0 2 1 0 0 0 13 7 17 0 0 0 0 29 26 12 0 0 11 0 0 0 3 0 12 75 0 0 15 0 0 0 0 4 0 0 7 0 0 0 0 0 0 0 0 0 0 0 3 0 0 0 0 0 0 0 0 0 0 0 0 0 0 0 0 4 0 0 9 0 12 13 0 0 0 10 7 7 0 0 0 0 0 10 0 0 13 8 11 0 0 0 9 12 0 0 8 0 27 0 18 9 0 25 22 11 0 0 0 0 0 0 0 0 0 0 0 0 0 0 0 0 0 0 0 0 0 0 0 0 0 0 0 0 0 0 0 0 0 0 13 0 0 44 5 2 2 12 0 0 0 0 0 0 0 0 0 0 0 2 0 0 0 0 0 0 0 0 0 0 0 0 0 0 0 0 
 0 0 0 0 0 1 0 0 0 0 0 0 0 0 1 1 0 1 0 0 43 66 48 334 209 0 246 61 57 52 196 154 33 129 37 292 142 205 56 63 0 0 6 101 1 9 0 65 64 0 0 0 0 0 0 0 10 69 62 0 0 0 0 0 8 2 2 3 0 3 0 0 0 0 0 0 2 3 0 0 0 0 0 0 0 0 0 0 0 0 0 0 0 0 0 0 0 0 0 0 0 10 26 13 22 38 0 13 13 0 9 47 0 2 0 49 0 19 0 0 13 70 0 2 1 0 45 2 1 1 9 0 27 33 30 14 0 10 10 3 0 0 8 0 0 0 0 14 0 0 42 0 0 0 0 0 0 0 0 1 0 0 0 0 0 0 5 0 0 0 0 0 0 0 0 0 0 8 0 0 0 17 23 50 1 47 0 13 0 33 19 0 0 0 9 0 19 13 0 0 12 23 2 0 0 0 11 23 15 19 0 0 46 12 0 42 0 0 0 43 0 0 0 0 0 0 0 0 0 0 0 0 0 0 0 0 0 0 0 0 0 1 17 0 0 0 0 0 0 0 1 0 0 5 19 0 0 17 77 0 22 1 0 0 0 0 0 0 0 0 0 0 0 0 0 0 0 0 0 0 0 0 0 0 0 0 0 0 0 0 
 4 2 79 103 7 5 3 3 6 78 4 231 5 8 6 2 230 77 4 12 59 196 146 87 63 246 0 189 286 50 89 38 144 263 127 367 321 25 66 331 4 0 5 2 4 0 0 4 2 2 4 11 2 4 1 0 2 3 2 2 0 13 0 2 2 5 0 3 0 9 8 1 0 0 2 0 6 0 5 0 0 0 0 0 22 40 0 0 2 0 9 0 0 0 0 0 1 0 0 0 16 0 0 0 0 0 0 28 22 0 0 2 14 17 10 23 0 15 21 17 0 0 0 0 0 0 14 0 0 0 0 0 0 0 0 0 0 0 0 0 0 0 0 0 0 0 2 0 0 0 0 0 0 0 0 0 0 0 36 0 0 0 0 21 37 14 0 0 0 12 0 1 0 0 0 0 13 0 0 0 18 12 35 18 0 12 36 20 10 14 0 0 16 40 17 18 18 8 1 9 11 0 0 0 0 0 0 2 0 0 0 0 10 2 0 0 0 0 0 0 0 0 0 2 2 0 0 0 0 0 0 0 0 0 0 0 0 0 0 0 0 0 0 0 0 0 76 0 0 2 0 0 0 0 8 4 2 0 1 1 80 0 0 2 0 0 0 0 0 0 0 1 0 0 0 0 21 0 0 1 0 0 0 0 0 1 0 0 0 1 
 5 2 2 76 169 110 0 0 0 0 0 80 0 0 0 0 0 0 1 0 117 147 162 65 82 61 189 0 189 331 358 80 249 446 199 130 272 105 149 51 0 0 3 0 0 0 0 0 0 0 0 0 34 1 0 0 1 0 0 0 0 0 0 0 0 2 0 3 0 3 0 0 0 0 0 0 2 4 0 0 0 0 0 0 5 10 0 0 0 0 0 0 0 0 0 0 0 0 0 0 20 23 28 24 0 0 8 7 15 38 10 10 30 13 8 11 21 61 0 1 0 0 0 0 0 0 16 0 0 0 0 0 2 0 45 0 0 0 0 0 0 0 0 0 0 0 0 0 1 0 0 0 0 0 0 0 0 9 19 0 0 0 2 0 0 36 0 0 0 0 0 0 6 0 0 0 0 0 0 0 1 59 13 49 14 0 19 1 2 13 11 16 0 19 37 19 12 14 0 10 0 0 0 0 0 0 11 0 1 0 0 0 0 0 0 0 0 0 0 9 0 0 0 0 0 0 0 0 0 0 0 0 0 0 0 0 0 0 0 0 0 0 0 0 0 0 77 0 0 0 0 0 0 0 7 0 3 5 0 0 4 2 2 0 0 0 9 0 0 0 0 0 0 0 0 0 0 0 0 0 0 15 0 0 2 0 1 0 0 0 
 0 0 5 0 0 0 0 2 0 0 0 0 0 0 0 0 2 0 0 0 40 150 183 142 145 57 286 189 0 228 139 155 173 229 381 208 68 157 117 49 0 0 3 0 13 0 0 0 0 0 0 0 0 2 0 0 0 4 70 53 0 0 0 0 0 2 5 2 0 2 0 0 59 0 0 3 3 0 0 0 0 0 2 0 0 0 0 2 0 0 0 0 0 0 0 0 0 0 0 0 15 9 22 9 12 0 1 1 43 55 31 9 15 0 0 42 8 4 0 0 60 31 0 0 0 0 0 0 0 0 1 0 0 0 17 20 0 0 0 46 0 0 9 0 0 0 0 2 0 0 5 0 0 2 0 0 0 0 0 0 0 0 0 0 0 0 0 0 0 0 0 0 4 0 0 0 0 0 0 0 0 22 12 34 1 0 0 18 9 9 46 32 0 0 22 10 0 3 1 0 27 0 0 0 0 0 3 13 0 0 0 0 19 0 0 0 0 0 33 13 0 0 0 0 0 2 0 0 0 0 0 0 0 0 0 0 2 0 0 0 0 0 0 0 0 0 0 0 0 0 0 0 0 0 21 0 1 45 0 2 0 12 0 0 0 0 0 0 0 0 0 0 0 0 0 0 0 0 0 0 0 5 0 0 0 0 0 0 0 0 
 5 5 3 3 81 5 3 4 3 3 3 3 36 3 3 3 37 4 3 3 101 54 338 174 376 52 50 331 228 0 290 61 65 153 437 124 158 67 57 83 62 0 3 62 0 0 63 0 0 0 22 0 60 1 2 0 0 0 83 127 0 0 0 0 0 4 0 2 0 2 0 0 7 0 0 0 3 0 0 0 0 0 36 0 0 0 0 0 0 0 0 0 0 0 8 0 0 0 1 0 4 15 0 1 0 0 16 14 11 8 1 10 37 0 21 0 14 6 0 0 18 1 7 0 0 0 0 0 8 0 0 0 1 1 0 0 0 0 0 23 0 0 1 0 2 0 0 1 0 0 5 0 0 0 0 0 0 1 0 0 0 0 0 0 1 0 0 0 0 0 0 0 2 0 0 0 0 0 0 0 0 11 0 11 1 1 5 19 0 21 1 0 19 10 17 7 28 8 3 28 16 0 0 0 0 1 35 0 0 0 2 10 0 0 0 0 0 0 27 24 0 0 2 0 0 12 0 0 0 9 0 0 0 0 0 0 0 0 0 0 0 0 9 0 0 2 0 0 0 0 0 0 0 0 21 0 0 150 0 4 2 9 0 0 0 0 0 0 0 0 0 0 0 0 0 0 0 0 0 14 0 0 0 0 0 15 0 0 0 0 
 0 0 1 0 0 2 0 0 0 0 0 0 5 0 0 0 1 0 0 0 23 159 340 374 82 196 89 358 139 290 0 53 152 351 73 370 547 36 34 56 109 0 6 0 1 32 99 1 0 0 0 0 2 2 4 0 2 0 3 83 3 0 0 0 0 5 0 2 0 2 0 0 2 0 0 0 3 0 0 0 0 0 0 0 0 0 0 1 0 0 0 0 0 0 0 0 0 0 0 0 0 33 2 20 22 32 10 20 0 33 19 1 31 34 10 29 11 19 0 2 19 12 9 0 0 0 15 9 18 7 2 0 28 0 0 18 0 0 0 24 0 0 4 0 0 0 0 0 0 0 0 0 0 1 0 0 0 2 0 0 0 0 0 0 0 0 0 3 0 0 0 0 1 0 0 0 0 0 0 0 2 0 0 29 12 64 26 23 0 38 0 15 0 30 19 13 35 0 0 0 25 11 0 0 0 0 14 26 1 0 0 0 11 0 9 9 0 0 2 13 0 0 0 0 0 0 0 0 0 0 0 0 0 0 0 0 0 0 0 0 0 0 0 0 0 0 0 0 0 0 0 0 0 0 7 0 4 77 19 6 0 0 3 0 0 0 0 0 0 0 0 0 0 0 0 0 0 0 0 0 0 0 0 0 0 10 0 0 0 0 
 0 3 0 0 2 5 5 0 0 0 0 4 0 2 0 0 1 1 2 0 149 150 37 55 365 154 38 80 155 61 53 0 42 325 103 512 328 367 237 48 0 210 3 0 0 0 0 0 0 0 4 1 0 1 8 0 0 1 3 0 49 1 0 0 0 3 1 3 0 3 1 1 0 0 0 8 1 0 0 0 0 0 0 0 0 0 2 0 0 0 0 0 0 0 0 0 2 0 0 0 8 24 92 4 36 0 18 21 10 1 23 28 13 0 22 28 14 36 0 0 1 0 0 0 0 0 46 0 0 0 0 0 14 14 28 13 0 0 0 5 0 0 11 0 0 0 0 6 0 0 3 2 0 0 1 1 0 0 0 0 0 0 0 13 0 0 4 0 0 0 0 0 1 0 0 4 0 2 53 0 0 24 32 0 13 71 2 73 0 85 49 37 0 11 53 0 40 16 0 0 19 0 0 0 0 0 11 0 0 0 0 0 11 4 0 1 0 0 21 24 0 0 0 0 0 0 0 0 0 0 0 0 0 2 0 0 0 0 0 0 0 0 9 0 0 0 0 0 0 0 0 0 0 0 10 0 3 5 1 0 1 2 0 0 0 0 0 0 0 0 0 0 0 0 0 0 0 0 0 0 0 0 0 0 0 0 12 0 0 0 
 0 0 0 0 147 12 0 0 0 75 0 113 1 0 0 0 79 0 0 0 153 149 171 99 59 33 144 249 173 65 152 42 0 205 112 122 147 235 223 177 0 0 54 0 0 0 2 3 0 2 1 2 0 1 4 0 0 3 0 6 3 0 0 0 0 0 0 0 0 0 0 0 0 3 0 2 6 4 0 0 0 0 0 0 8 14 0 0 0 0 0 0 0 0 0 0 0 7 0 12 22 26 0 11 9 0 41 8 19 21 0 7 33 0 0 0 14 19 12 21 0 0 0 0 0 0 0 0 0 0 0 0 8 0 0 0 0 0 0 18 0 0 0 0 0 0 0 0 0 0 0 0 0 3 0 0 0 0 0 0 0 0 0 10 11 0 0 0 0 0 0 18 3 0 0 0 0 0 0 0 12 32 18 74 9 0 0 1 2 0 2 1 25 0 9 27 11 6 13 9 0 0 0 0 0 0 0 0 0 0 0 0 0 0 0 0 0 0 0 0 0 0 0 0 0 0 0 2 0 0 0 0 0 0 0 0 0 0 0 0 0 0 0 0 0 0 18 0 0 0 0 0 0 0 5 0 2 0 0 2 2 2 0 0 0 0 16 0 0 0 0 0 0 0 0 0 0 0 0 48 0 0 0 0 12 0 0 0 0 1 
 27 5 78 78 65 18 3 3 3 78 77 216 3 3 3 4 76 81 3 3 126 124 410 87 291 129 263 446 229 153 351 325 205 0 439 142 77 32 121 393 1 0 3 0 0 0 0 0 0 0 0 0 0 1 1 0 0 0 0 0 0 0 0 0 0 2 0 3 0 3 0 6 0 0 0 0 3 4 0 0 0 0 0 0 4 9 0 0 0 0 0 0 0 0 2 0 0 0 0 0 22 0 0 31 11 0 19 58 75 12 1 21 6 23 0 31 10 31 20 29 0 0 0 0 0 0 22 0 0 0 0 0 0 0 0 18 0 0 0 0 0 0 2 0 0 0 0 15 0 0 1 0 0 0 0 0 0 0 0 0 0 0 0 21 43 0 0 0 0 13 0 0 4 0 0 0 14 1 0 2 16 59 11 17 41 6 0 69 5 12 17 0 47 0 29 2 6 6 0 16 0 1 0 0 0 0 0 20 0 0 0 0 12 0 0 0 1 0 0 1 0 2 0 0 14 0 0 0 0 0 0 0 0 0 0 0 0 0 0 0 0 0 0 0 0 0 75 0 0 0 0 0 0 0 4 1 0 0 0 1 0 0 0 0 0 0 19 0 0 0 0 0 0 0 0 0 0 0 0 12 0 0 0 1 0 1 0 0 0 0 
 0 0 0 62 61 101 0 0 0 2 74 101 0 0 72 0 6 0 0 0 128 145 54 64 99 37 127 199 381 437 73 103 112 439 0 178 334 37 287 164 1 2 3 2 0 3 0 3 0 0 1 0 3 1 1 2 3 1 0 0 0 2 0 0 2 2 0 2 0 2 0 54 7 2 0 4 6 0 0 0 0 0 0 0 10 11 0 0 0 0 0 0 0 0 0 0 0 0 28 0 44 0 24 0 9 0 0 0 28 21 9 0 48 13 10 23 29 28 12 28 0 0 0 0 0 0 0 0 0 0 0 0 0 0 0 18 0 0 0 0 0 0 0 0 19 0 0 0 0 0 0 0 0 0 0 0 0 7 0 0 0 0 0 0 26 16 0 0 0 0 1 2 2 0 0 0 1 0 0 0 19 50 13 40 0 0 19 18 11 0 13 17 8 20 37 1 0 29 0 49 0 0 0 0 0 10 0 0 0 0 0 0 0 0 0 0 0 0 0 7 0 0 0 0 0 0 0 0 0 0 0 0 0 0 0 0 0 0 0 0 0 0 0 0 0 0 62 0 1 0 0 0 0 0 13 0 0 0 0 4 2 1 0 0 0 1 0 0 0 0 0 0 0 1 0 0 0 0 0 11 0 10 0 0 0 5 7 0 0 0 
 0 2 0 0 1 4 0 0 0 0 0 0 3 0 0 1 0 0 0 0 117 152 489 45 88 292 367 130 208 124 370 512 122 142 178 0 266 83 167 49 0 0 3 0 3 0 0 0 0 0 214 0 0 0 3 0 0 4 0 0 0 0 0 0 0 2 0 2 0 2 0 0 0 0 0 8 3 2 0 0 0 0 0 0 0 0 0 0 0 0 0 0 1 0 0 0 0 0 0 0 0 11 20 49 17 3 2 7 28 13 9 14 1 8 1 11 10 20 0 0 0 0 0 0 0 0 23 0 8 0 0 0 40 14 12 0 0 0 18 22 0 0 1 0 0 0 0 3 0 3 4 0 0 0 0 0 0 0 0 0 1 0 0 18 0 0 0 0 0 0 1 0 0 0 0 0 0 11 0 20 9 59 8 1 24 0 0 15 27 1 28 0 0 1 16 8 0 0 0 0 43 0 0 0 0 0 16 1 0 0 0 0 11 13 28 0 0 0 8 9 0 0 0 0 0 0 0 0 0 0 0 0 0 0 0 0 0 0 0 0 0 0 1 0 0 0 0 0 0 0 0 0 0 0 15 0 2 1 0 1 11 23 0 49 0 0 1 0 0 0 0 0 0 0 0 0 0 0 0 0 0 10 0 0 0 0 12 0 0 0 
 1 3 0 0 5 3 0 0 0 0 0 0 0 0 0 0 0 0 47 7 52 181 145 206 143 142 321 272 68 158 547 328 147 77 334 266 0 363 171 39 6 0 3 0 3 16 0 0 0 0 0 0 0 3 0 0 2 52 0 1 0 2 2 0 3 3 0 7 0 3 0 0 0 0 0 2 2 4 0 0 0 0 0 0 0 1 0 0 0 0 0 0 0 0 0 0 0 0 0 0 0 7 19 26 9 21 28 30 0 31 9 9 31 21 5 15 27 54 0 0 12 16 0 0 0 0 12 0 12 0 0 0 8 0 17 0 0 0 0 14 0 0 1 1 0 0 0 0 0 0 0 7 0 0 0 0 0 2 0 0 0 0 0 0 0 0 0 7 0 0 0 0 3 0 0 0 0 0 0 0 15 50 2 59 14 15 57 1 1 8 9 1 1 50 31 13 33 0 0 0 0 15 0 0 0 0 11 10 0 0 0 0 0 0 0 8 0 0 0 21 0 0 0 0 0 0 0 1 0 0 0 0 0 0 0 0 0 0 0 0 0 0 0 0 0 0 0 0 0 0 0 0 0 0 22 2 2 27 89 2 0 2 0 0 0 0 19 0 0 0 0 0 0 0 0 0 0 0 0 0 0 0 0 0 0 0 0 0 0 0 
 3 3 3 24 3 3 3 3 3 3 3 3 3 3 3 3 3 3 3 3 109 116 146 115 147 205 25 105 157 67 36 367 235 32 37 83 363 0 35 98 0 0 3 0 0 0 0 0 0 0 2 0 3 2 2 66 0 0 0 0 0 0 0 0 0 2 8 3 0 3 0 0 0 0 0 1 4 0 0 0 0 0 10 0 0 0 0 0 0 20 0 0 0 0 0 0 0 13 0 0 18 0 29 12 29 0 27 33 32 9 1 26 9 0 14 1 30 35 0 0 0 0 0 0 0 0 17 0 0 0 0 0 13 0 1 0 0 0 18 25 0 0 9 0 0 0 0 5 0 0 9 0 0 0 0 0 0 0 0 0 0 0 0 6 0 0 0 3 0 0 0 0 0 0 0 0 11 0 0 0 0 19 12 0 26 15 21 36 19 14 55 21 0 29 27 0 8 39 0 0 18 0 0 0 0 0 23 1 0 0 0 0 0 0 0 0 0 0 43 22 0 0 0 0 0 0 0 0 0 8 0 0 0 0 0 0 0 0 0 12 0 0 6 0 0 0 0 0 0 0 0 0 0 0 21 3 0 1 2 3 4 10 0 0 0 0 0 0 0 0 0 0 0 0 0 0 0 0 0 0 0 0 0 0 0 0 0 0 0 0 
 0 53 188 19 47 53 0 108 0 81 1 76 3 0 150 43 152 150 0 0 74 116 116 65 100 56 66 149 117 57 34 237 223 121 287 167 171 35 0 171 0 4 5 0 0 0 0 1 2 0 2 2 0 4 3 1 2 0 0 0 0 0 0 2 3 3 0 3 0 3 4 1 0 0 0 0 1 7 0 0 0 0 18 9 4 13 0 10 4 0 0 0 0 0 0 0 0 0 0 0 14 12 11 13 9 0 14 34 25 23 3 7 22 3 9 0 20 32 24 40 0 0 0 0 0 0 0 0 0 0 0 0 2 0 0 0 13 0 0 0 0 1 8 0 0 0 0 0 0 0 0 0 0 0 0 0 0 7 0 0 0 0 0 20 15 16 0 0 0 16 0 0 0 0 0 0 16 14 0 0 51 85 17 113 10 0 19 0 0 0 0 12 18 29 28 6 0 24 5 21 0 0 0 0 0 0 0 0 0 0 0 0 0 0 0 0 0 0 0 0 0 0 0 0 0 0 0 0 0 0 0 0 0 0 0 0 0 0 20 0 0 0 0 0 0 2 0 0 0 0 0 0 0 0 10 0 0 0 0 0 1 0 0 0 0 0 15 0 0 0 0 0 2 0 0 0 0 0 0 41 0 10 0 0 0 1 0 0 0 0 
 2 63 3 75 116 2 2 75 16 20 142 86 2 3 77 77 5 3 4 2 145 139 31 201 63 63 331 51 49 83 56 48 177 393 164 49 39 98 171 0 4 4 6 0 0 0 0 6 0 0 8 0 0 1 2 0 4 0 0 0 1 4 0 0 6 3 0 3 0 7 1 0 0 1 49 0 3 3 0 0 0 1 0 1 12 22 0 0 0 1 18 0 0 1 0 0 11 13 0 0 8 0 0 0 0 0 37 14 20 0 1 10 41 17 71 1 14 1 42 22 0 0 0 0 0 0 0 0 17 0 0 0 13 0 0 14 0 0 0 0 0 0 0 5 0 0 0 0 0 0 0 0 0 0 0 0 0 4 0 0 0 0 2 9 10 0 0 1 1 0 0 10 0 0 0 0 12 0 0 0 0 2 14 21 0 0 4 20 18 10 1 4 57 32 16 30 17 10 21 43 0 0 0 0 19 0 18 0 0 0 0 0 2 0 0 0 0 0 15 0 0 0 0 0 0 0 0 0 0 0 0 0 0 0 0 0 0 0 0 0 0 0 9 0 0 2 92 0 0 1 0 0 0 0 10 0 0 0 0 1 2 2 2 0 0 0 0 0 0 0 0 0 0 0 0 22 8 0 0 13 0 2 0 0 0 0 0 0 0 0 
 0 3 0 0 0 0 0 0 0 0 0 0 1 0 0 0 2 0 0 0 0 0 0 67 0 0 4 0 0 62 109 0 0 1 1 0 6 0 0 4 0 235 779 71 36 262 355 128 119 239 384 113 81 47 166 133 67 42 120 64 5 7 9 0 2 6 0 5 0 0 0 0 0 6 0 0 6 0 51 0 0 0 0 0 0 0 0 0 0 0 0 0 0 0 0 0 0 0 0 0 0 0 0 19 21 2 0 0 0 0 0 8 0 0 0 0 0 0 0 0 19 7 22 12 3 8 0 0 25 23 0 1 11 0 0 19 6 7 0 13 0 0 0 6 0 9 0 4 5 6 8 6 0 0 1 0 2 0 0 9 0 0 0 0 0 0 0 0 0 5 0 0 0 0 0 0 0 10 0 0 0 0 0 0 0 17 0 0 0 12 0 2 0 0 0 0 0 4 0 0 7 1 0 2 0 10 12 45 15 0 10 9 9 12 10 10 0 7 9 3 7 37 1 0 0 0 0 0 0 7 5 0 0 0 0 0 0 0 0 23 0 0 0 0 0 0 0 0 0 0 0 12 1 0 0 0 0 7 0 38 0 0 0 0 2 0 7 0 0 0 3 0 0 0 0 0 0 0 0 0 0 0 0 0 0 10 0 0 0 0 
 0 0 0 0 0 0 0 0 0 0 0 0 0 0 0 0 0 0 0 0 0 0 0 0 0 0 0 0 0 0 0 210 0 0 2 0 0 0 4 4 235 0 161 109 105 38 167 157 180 109 381 98 55 359 108 379 117 60 63 44 0 0 36 0 0 0 6 0 5 0 0 0 0 0 0 0 0 0 57 1 0 0 0 0 0 0 0 0 0 0 0 0 0 0 0 0 0 0 0 0 0 0 0 8 0 0 0 0 0 1 0 0 0 0 0 0 0 0 0 0 0 0 0 29 0 3 0 0 0 9 9 37 0 1 0 0 60 23 0 0 11 0 0 9 0 0 1 6 0 1 0 0 5 8 9 0 0 1 0 12 0 0 0 0 0 0 0 0 0 0 2 0 0 0 0 0 0 0 0 0 0 0 0 0 0 0 0 0 0 0 0 0 0 0 0 0 0 0 0 0 0 1 0 0 2 4 0 11 13 19 9 19 0 1 0 15 23 18 1 1 8 0 0 1 0 0 0 7 19 0 0 0 8 7 10 0 1 8 36 27 0 0 0 0 0 0 0 0 0 0 0 13 0 1 0 0 0 0 2 7 0 0 0 0 0 2 0 1 0 0 0 0 0 0 0 0 0 0 0 0 0 0 0 0 8 0 0 0 2 0 
 0 0 0 0 0 0 0 0 0 0 0 0 0 0 1 0 3 0 1 2 3 3 3 3 64 6 5 3 3 3 6 3 54 3 3 3 3 3 5 6 779 161 0 357 68 45 179 127 130 57 121 108 62 232 188 154 114 269 114 56 3 5 0 0 3 0 4 0 25 0 0 0 2 0 0 0 2 1 58 0 0 0 0 0 0 0 0 0 0 0 14 0 0 0 0 0 0 0 0 0 0 0 0 0 0 0 0 0 0 13 0 0 0 0 0 0 2 0 0 0 0 11 12 26 1 4 0 27 0 0 0 11 0 0 0 0 18 22 0 4 16 0 0 9 7 0 0 1 0 10 14 17 0 0 0 0 7 0 11 0 0 0 7 0 0 0 0 0 0 0 0 0 0 0 0 0 0 0 0 8 0 0 0 0 0 0 0 0 0 0 0 0 0 0 0 0 0 0 0 0 0 13 9 1 4 0 8 0 23 6 27 39 0 0 0 7 58 16 10 10 7 10 3 0 0 0 0 0 0 15 6 0 11 0 10 0 0 0 26 40 0 0 0 0 0 0 0 0 0 0 0 8 0 1 0 5 0 0 0 0 0 0 0 0 0 2 10 1 0 0 4 0 0 0 0 0 0 0 0 0 0 0 0 0 15 0 0 5 2 0 
 0 0 0 0 2 2 0 0 0 0 0 0 0 0 0 0 0 0 0 0 0 0 2 2 0 101 2 0 0 62 0 0 0 0 2 0 0 0 0 0 71 109 357 0 81 49 77 93 148 186 117 121 47 81 171 113 108 85 85 67 0 0 90 0 6 55 0 14 4 0 0 0 7 0 7 7 0 0 49 101 0 0 17 0 0 0 0 0 0 0 0 0 0 25 19 0 0 0 24 0 0 0 0 0 0 0 0 0 0 0 0 0 0 0 17 0 0 0 0 0 7 0 0 46 0 0 7 12 0 7 49 3 0 21 4 0 0 5 0 0 19 5 0 1 0 0 0 2 5 1 0 0 23 0 0 5 0 0 34 0 6 0 0 0 0 0 0 0 0 0 8 0 0 0 0 0 0 0 0 0 0 0 0 0 0 0 0 0 0 0 0 0 0 0 0 0 0 0 0 0 0 0 6 2 27 22 0 25 0 57 24 15 20 4 0 0 30 0 0 1 11 0 10 2 17 0 13 0 4 0 0 9 0 15 11 3 4 0 22 0 0 0 18 0 0 0 0 0 0 0 0 5 0 0 0 0 0 0 0 29 0 0 0 1 2 22 0 1 0 0 0 0 0 0 0 3 0 0 0 0 0 0 0 0 20 4 0 26 0 0 
 3 3 3 3 3 3 3 3 3 3 3 3 3 3 7 3 3 3 4 3 0 0 0 0 1 1 4 0 13 0 1 0 0 0 0 3 3 0 0 0 36 105 68 81 0 156 37 63 49 82 253 268 78 107 144 135 333 38 83 110 0 0 0 219 0 0 1 0 0 0 0 0 0 0 0 0 0 0 67 102 0 0 0 0 0 0 0 0 0 0 0 0 0 9 0 0 0 0 0 0 0 0 3 5 0 0 0 0 5 2 0 0 0 0 0 6 0 0 0 0 9 4 0 28 0 13 0 0 3 0 0 0 0 1 7 9 0 29 0 9 17 1 20 0 0 1 13 1 8 25 0 1 0 14 14 1 0 0 13 13 6 0 0 0 0 0 0 1 0 0 1 0 0 0 0 0 0 0 0 0 0 0 0 4 0 0 0 0 0 0 0 0 0 0 0 6 0 0 0 0 0 0 0 1 33 0 0 1 18 40 17 24 4 0 0 0 15 0 0 0 7 1 10 0 0 0 13 13 20 19 11 0 17 15 9 0 0 0 45 24 0 0 0 0 0 0 0 0 0 0 0 3 0 1 0 0 0 0 0 0 0 27 1 5 2 21 0 0 0 0 0 0 0 0 0 0 0 0 0 0 0 10 0 0 49 0 0 0 10 0 
 0 0 0 0 2 2 0 0 0 0 0 0 0 0 0 0 0 0 1 0 0 0 0 6 4 9 0 0 0 0 32 0 0 0 3 0 16 0 0 0 262 38 45 49 156 0 20 28 90 275 256 240 37 476 49 114 62 65 43 274 0 20 1 0 0 1 52 54 0 0 0 0 1 24 0 0 0 0 52 55 0 20 0 0 0 0 0 0 0 0 0 0 0 0 0 0 0 0 0 0 0 0 0 0 0 15 0 0 0 0 0 0 0 0 0 0 0 0 0 0 0 0 0 1 22 14 0 0 8 1 0 0 6 0 0 0 0 0 0 0 20 2 28 0 0 0 8 9 9 0 0 22 28 31 11 43 6 0 10 0 3 11 0 0 0 0 0 0 0 0 0 0 0 0 0 0 0 0 0 0 0 0 0 1 2 4 0 15 0 0 0 6 0 0 6 0 0 0 0 21 0 9 3 0 10 7 0 4 0 1 0 1 0 0 0 11 1 35 0 10 8 29 0 0 23 1 0 56 8 26 0 0 20 0 31 11 19 0 29 0 0 0 0 0 0 0 0 0 0 0 0 14 0 29 0 0 0 0 23 6 0 0 10 65 6 11 1 5 4 0 0 0 0 0 0 0 0 0 0 0 0 0 0 0 0 0 0 0 0 0 
 0 1 0 0 0 0 0 0 0 0 0 1 0 0 0 0 5 0 0 3 0 40 0 62 0 0 0 0 0 63 99 0 2 0 0 0 0 0 0 0 355 167 179 77 37 20 0 152 157 20 19 74 253 132 244 163 87 322 118 141 0 0 0 0 1 4 2 0 0 0 0 0 0 0 6 0 2 1 0 15 0 0 0 0 0 0 0 0 0 0 0 0 0 0 0 0 0 0 0 0 0 0 0 16 7 2 0 0 0 0 15 19 0 0 0 0 0 0 0 0 11 15 4 27 8 32 0 10 12 7 0 0 20 0 0 32 37 29 0 22 1 0 10 0 0 0 0 10 0 3 0 0 2 0 6 0 0 0 6 20 0 0 0 0 0 0 0 0 0 0 0 0 0 0 11 0 0 0 0 0 0 0 0 0 0 25 0 0 0 17 0 12 0 0 0 0 0 0 0 0 6 1 0 14 0 0 15 18 7 0 4 0 26 7 25 28 0 51 10 4 0 0 0 0 0 0 0 4 0 0 0 0 0 0 0 11 0 0 0 20 0 0 0 0 0 0 0 0 0 0 0 11 0 0 0 0 0 0 0 2 0 0 0 0 0 1 1 0 0 0 0 0 0 0 0 0 0 0 0 0 0 0 8 0 0 9 0 0 0 0 
 1 0 0 0 0 0 0 0 0 0 0 0 0 0 0 0 0 0 0 2 0 0 0 0 0 65 4 0 0 0 1 0 3 0 3 0 0 0 1 6 128 157 127 93 63 28 152 0 115 235 97 45 94 119 135 264 141 145 90 69 0 0 0 0 5 1 0 0 0 0 0 0 0 0 0 2 0 0 0 0 0 0 0 0 0 0 0 0 0 0 0 0 0 0 0 0 0 0 0 0 0 0 0 0 7 53 0 0 0 0 0 0 0 0 0 0 0 6 0 0 0 11 37 3 10 1 0 9 7 59 16 8 13 30 18 29 4 32 29 0 0 0 1 0 0 4 0 0 0 0 0 0 6 0 0 0 0 0 4 21 0 0 0 0 0 0 0 0 0 0 0 0 0 0 0 0 0 0 0 0 0 0 0 0 1 11 0 0 0 0 0 0 0 0 0 0 0 0 0 0 11 35 20 27 1 27 10 35 34 11 3 4 12 23 17 16 0 9 0 0 0 0 0 0 0 0 0 0 0 0 0 0 0 0 0 0 0 0 0 0 0 0 11 0 0 0 0 0 0 0 0 16 0 1 0 0 0 0 2 26 0 0 0 0 38 0 1 0 1 0 10 16 0 0 0 0 0 0 0 0 0 0 0 0 7 10 0 0 2 14 
 0 0 0 0 0 96 0 0 0 0 0 0 0 0 0 0 0 0 0 0 0 0 0 0 0 64 2 0 0 0 0 0 0 0 0 0 0 0 2 0 119 180 130 148 49 90 157 115 0 345 76 77 170 179 213 131 74 50 111 70 0 0 0 0 8 0 8 0 2 0 0 0 0 0 4 9 20 0 79 0 0 0 0 0 0 0 0 0 0 0 0 0 0 0 0 0 0 0 0 0 0 0 6 0 0 0 0 0 0 0 0 1 0 0 0 0 0 0 0 0 19 1 0 29 1 10 10 9 0 7 10 6 0 69 3 0 12 19 0 0 2 7 0 1 0 0 3 9 0 4 0 0 22 10 43 7 0 7 15 12 0 0 0 0 0 0 0 0 0 0 0 0 0 0 0 0 0 0 0 0 1 0 0 0 0 0 0 0 0 0 0 0 0 0 0 0 0 0 0 0 0 0 7 12 12 16 0 21 11 18 8 7 19 24 10 16 0 10 0 0 6 0 0 0 12 0 10 0 21 0 0 3 0 19 15 1 2 8 4 7 0 0 18 0 0 0 0 0 0 0 0 5 0 0 0 0 0 0 0 11 0 0 0 0 2 0 0 1 2 0 0 0 0 0 0 0 0 0 0 0 0 0 0 0 0 0 0 13 0 0 
 62 0 0 130 0 0 0 0 0 0 0 0 0 1 0 0 0 0 0 0 0 0 3 0 63 0 2 0 0 0 0 0 2 0 0 0 0 0 0 0 239 109 57 186 82 275 20 235 345 0 407 77 317 91 80 219 174 41 283 95 55 6 0 0 2 0 46 0 1 2 1 0 0 0 0 0 3 3 1 112 0 0 0 0 0 0 18 0 0 0 0 0 0 0 0 0 0 0 0 0 0 0 0 0 0 8 0 0 0 0 0 0 0 0 0 0 0 0 0 0 0 0 17 20 27 9 0 15 48 22 8 22 0 4 0 4 13 0 0 0 18 2 1 0 0 0 0 8 25 0 0 0 19 9 0 2 27 0 0 0 11 0 0 0 0 0 0 0 0 0 6 0 0 0 0 0 0 0 0 0 0 0 0 0 0 0 0 0 0 0 0 0 0 0 0 0 0 0 0 0 1 13 13 3 2 16 0 0 7 12 0 0 0 0 25 7 7 30 0 0 6 1 9 14 0 0 0 10 0 0 0 0 27 11 0 10 15 0 52 0 0 0 0 0 0 0 0 0 0 0 0 1 0 0 0 0 0 0 0 20 0 0 70 2 69 10 0 0 1 0 0 0 0 0 0 0 0 0 0 0 0 0 0 0 22 12 0 0 0 0 
 0 0 1 0 0 2 0 0 0 0 0 0 0 0 0 0 2 0 1 0 4 0 8 0 0 0 4 0 0 22 0 4 1 0 1 214 0 2 2 8 384 381 121 117 253 256 19 97 76 407 0 120 20 105 68 149 150 105 45 70 55 0 0 0 0 0 18 0 0 0 0 0 0 5 0 0 2 0 28 106 0 0 0 0 0 0 0 0 0 0 0 0 0 0 0 0 0 0 0 0 0 0 1 0 0 0 4 0 0 0 0 3 0 19 5 0 3 1 0 0 0 0 0 11 18 11 3 9 0 0 1 3 0 0 1 0 0 22 0 0 18 8 28 19 0 0 7 11 12 1 0 0 4 6 10 14 9 0 26 0 4 0 0 0 0 0 0 19 0 0 0 0 0 0 0 0 0 0 6 0 0 0 0 0 1 0 11 3 4 0 0 0 7 5 3 0 2 6 0 0 0 0 0 10 56 1 0 0 0 19 8 1 0 1 0 0 12 0 3 0 10 0 10 14 0 8 1 26 7 16 0 0 11 17 10 10 19 0 47 21 0 0 0 0 0 1 0 0 0 0 0 29 0 2 0 0 0 0 1 0 0 0 68 37 0 23 11 0 1 0 0 0 0 0 0 0 0 0 0 0 0 1 0 0 35 0 0 23 1 0 
 0 0 2 0 0 0 0 0 2 0 0 0 0 0 0 0 0 0 0 0 0 0 0 0 0 0 11 0 0 0 0 1 2 0 0 0 0 0 2 0 113 98 108 121 268 240 74 45 77 77 120 0 100 460 61 96 79 75 32 56 0 1 7 0 0 15 23 11 6 0 0 0 12 57 24 58 3 0 0 2 0 0 0 0 0 0 0 0 0 0 11 0 0 0 0 0 0 0 0 0 0 0 0 0 0 0 0 0 0 0 0 0 0 11 0 0 0 0 0 0 0 0 0 12 11 33 0 0 0 0 1 0 0 0 0 1 15 0 0 0 20 27 0 6 0 1 31 14 13 7 0 32 14 2 8 42 7 0 15 2 0 0 0 0 0 0 0 0 0 0 0 0 0 0 0 0 0 0 0 0 0 0 0 1 0 0 0 0 0 0 0 0 0 0 0 0 0 0 0 0 0 0 2 0 16 5 0 9 0 0 0 0 0 0 14 21 0 35 0 0 7 11 0 3 25 0 18 121 8 0 0 22 16 9 23 11 17 0 10 24 0 0 0 0 0 0 0 0 32 0 0 7 0 0 0 0 0 0 0 12 0 0 3 1 0 1 3 0 0 0 1 0 0 0 0 6 0 0 0 0 0 0 0 0 0 12 0 0 0 0 
 0 0 0 0 3 3 0 61 0 0 0 0 0 0 0 0 0 0 0 0 1 0 0 62 83 0 2 34 0 60 2 0 0 0 3 0 0 3 0 0 81 55 62 47 78 37 253 94 170 317 20 100 0 98 89 124 101 64 157 116 0 0 0 0 0 0 7 0 0 0 0 0 0 0 0 0 1 0 1 5 0 0 0 0 0 0 0 0 0 0 0 0 0 0 0 0 0 0 0 0 0 0 0 0 6 7 0 0 10 7 0 6 0 0 0 0 2 0 0 0 0 1 24 13 4 3 0 7 18 13 12 8 0 0 0 11 21 1 0 17 0 0 0 0 0 2 3 0 0 2 0 0 5 7 11 0 0 1 7 1 0 0 0 0 0 0 0 0 0 0 0 0 0 0 0 0 0 0 0 0 0 0 0 0 0 14 0 0 0 11 0 1 11 0 0 0 0 12 0 0 0 25 6 10 0 0 1 12 15 0 0 7 10 16 33 0 8 14 17 28 3 0 0 0 0 0 0 10 4 0 0 0 0 0 0 0 0 7 4 36 0 0 0 0 0 0 0 0 0 0 0 6 0 2 0 0 0 59 1 2 0 0 0 0 1 0 0 0 0 0 7 0 0 0 0 1 0 0 0 0 0 0 1 0 0 0 0 0 0 0 
 0 4 3 2 2 2 0 2 0 1 2 0 63 0 1 0 1 1 0 0 1 0 2 1 2 0 4 1 2 1 2 1 1 1 1 0 3 2 4 1 47 359 232 81 107 476 132 119 179 91 105 460 98 0 103 56 92 313 88 118 1 5 0 8 0 2 0 2 11 1 25 0 0 0 0 1 48 2 28 0 12 11 0 0 0 0 0 0 0 1 0 0 0 14 8 0 0 18 0 0 0 0 0 0 0 0 9 0 0 0 0 0 0 0 0 0 0 0 0 0 0 0 0 26 0 1 0 0 0 0 11 2 0 0 0 12 21 7 0 0 10 16 0 3 7 2 0 0 0 3 11 9 0 0 4 0 6 0 2 0 0 0 0 11 0 0 0 0 0 0 8 0 0 0 0 0 0 0 0 0 0 0 0 0 0 0 0 0 0 0 0 0 0 0 0 0 0 0 0 0 0 35 6 38 0 0 0 12 11 7 15 17 0 0 34 41 34 1 0 0 0 0 13 0 0 0 0 0 0 5 1 0 8 0 0 0 0 0 6 72 0 0 0 0 0 0 0 0 0 66 0 0 0 2 0 0 0 0 2 1 0 0 0 0 0 3 4 66 0 0 8 0 0 0 0 0 0 0 0 0 0 0 0 0 10 0 0 0 1 0 
 0 2 0 0 0 2 0 0 2 0 0 2 0 0 0 0 2 2 0 2 18 1 5 0 3 0 1 0 0 2 4 8 4 1 1 3 0 2 3 2 166 108 188 171 144 49 244 135 213 80 68 61 89 103 0 128 218 403 67 180 0 0 0 0 0 0 2 56 0 0 0 0 3 0 0 0 0 0 21 1 0 0 0 0 0 0 0 0 0 0 0 0 0 0 0 0 0 0 0 0 0 0 0 0 0 0 4 0 0 2 0 0 1 5 3 0 24 9 0 0 10 2 0 6 29 28 23 8 0 0 11 1 0 13 15 12 37 23 0 0 0 0 0 0 0 0 0 0 6 0 0 0 0 0 0 0 3 0 0 29 0 0 0 0 0 0 0 0 0 0 0 0 0 0 0 0 0 0 0 0 0 0 0 0 0 0 0 13 8 1 0 0 0 7 56 6 0 1 0 0 0 16 11 77 11 0 0 11 8 18 26 26 9 38 0 49 9 19 4 1 2 0 0 0 0 0 11 0 0 0 0 0 0 0 0 0 0 1 0 0 0 0 1 0 0 0 0 0 2 0 0 10 0 2 0 0 1 0 0 4 61 0 0 0 0 1 0 69 0 0 0 0 0 0 0 0 0 0 0 0 0 0 0 0 9 0 0 0 1 2 
 0 0 0 38 2 5 0 0 0 0 0 0 0 0 0 0 0 0 0 0 0 0 3 2 64 0 0 0 0 0 0 0 0 0 2 0 0 66 1 0 133 379 154 113 135 114 163 264 131 219 149 96 124 56 128 0 256 50 96 278 0 1 0 5 0 0 2 0 7 4 5 9 0 0 9 0 0 2 120 22 0 0 0 0 0 0 0 0 0 0 0 0 0 12 0 0 0 0 0 0 0 14 0 18 35 0 0 0 0 0 0 0 0 0 0 0 0 0 0 0 0 0 19 21 0 20 0 20 0 0 19 10 0 0 0 0 41 0 0 11 0 0 16 3 0 0 0 0 0 3 1 1 0 11 2 0 0 0 0 0 3 0 0 0 0 0 0 0 0 0 5 0 0 0 0 0 0 0 0 0 0 0 0 0 0 15 0 0 0 0 0 8 12 0 0 0 0 0 0 0 0 22 0 27 0 4 0 0 0 30 47 25 5 0 20 39 21 19 7 0 6 0 0 0 0 4 0 0 1 0 0 0 7 14 0 0 0 0 6 75 0 0 0 0 0 0 0 0 0 0 0 13 0 0 0 0 0 0 0 1 0 0 0 63 0 7 2 82 0 0 0 0 0 0 0 0 0 0 0 0 0 0 0 0 0 0 0 0 0 0 
 2 2 2 2 2 2 2 2 2 2 2 4 2 2 2 2 2 2 2 2 0 0 3 30 72 10 2 1 0 0 2 0 0 0 3 0 2 0 2 4 67 117 114 108 333 62 87 141 74 174 150 79 101 92 218 256 0 77 30 46 0 0 2 1 0 0 103 0 0 0 0 0 0 0 4 6 0 0 0 28 0 0 0 0 0 0 0 0 0 0 0 0 0 0 0 0 0 0 0 0 0 0 0 0 3 12 0 0 0 0 0 0 0 0 0 0 0 0 0 0 7 0 20 14 18 0 8 30 5 12 1 15 20 0 0 0 17 19 11 0 0 0 1 10 8 0 0 0 5 0 0 0 0 0 0 0 0 0 0 36 0 0 0 0 0 0 0 0 0 0 0 0 0 4 0 2 0 0 0 0 0 0 0 0 4 0 0 0 0 0 0 7 0 0 0 0 0 0 3 0 0 41 27 6 13 22 0 20 14 13 20 11 0 15 24 88 18 4 0 30 0 0 12 0 0 0 61 0 0 0 0 0 6 9 0 2 0 0 20 0 0 0 0 0 0 0 0 0 0 0 0 5 0 2 0 0 0 0 2 24 0 0 0 1 62 0 0 50 0 0 0 0 0 0 0 0 0 0 0 0 0 0 0 0 21 0 0 0 2 0 
 2 5 3 3 3 3 2 2 2 2 5 2 3 2 3 2 2 2 2 3 12 0 3 2 0 69 3 0 4 0 0 1 3 0 1 4 52 0 0 0 42 60 269 85 38 65 322 145 50 41 105 75 64 313 403 50 77 0 59 258 0 0 0 0 6 0 0 0 0 0 0 0 0 0 0 0 0 0 0 0 0 0 0 0 0 0 0 0 0 0 0 0 0 0 0 0 0 0 0 0 0 0 0 0 0 0 4 0 2 1 0 0 0 8 4 1 14 0 0 0 7 0 12 29 46 11 18 44 0 0 22 20 0 36 17 10 15 14 10 2 0 0 0 1 0 2 0 1 0 3 0 0 2 0 0 0 0 0 2 2 0 0 0 0 0 11 0 0 0 0 0 0 0 0 0 0 0 0 0 0 0 0 0 0 0 0 0 8 9 0 0 0 0 17 6 45 0 0 0 0 0 36 24 13 0 0 0 12 21 18 0 18 21 67 1 6 12 0 17 10 0 0 0 0 0 0 0 0 0 0 0 0 0 0 0 0 0 0 1 1 0 0 18 0 0 0 0 0 0 0 0 12 0 1 0 0 0 0 1 0 0 2 2 2 80 2 5 0 0 0 7 0 0 0 0 0 0 0 0 0 0 2 0 0 0 0 0 0 2 0 
 0 2 0 0 1 0 0 0 0 0 0 0 0 0 0 0 23 0 0 0 0 0 0 0 91 62 2 0 70 83 3 3 0 0 0 0 0 0 0 0 120 63 114 85 83 43 118 90 111 283 45 32 157 88 67 96 30 59 0 462 0 4 0 0 10 0 207 0 0 0 0 10 0 0 0 18 2 0 9 0 0 0 0 0 0 0 0 0 0 0 0 0 0 0 18 0 0 0 0 0 0 0 0 11 10 9 0 0 0 0 0 0 0 0 0 0 12 0 0 0 65 21 27 0 0 0 0 18 5 25 0 7 10 3 10 8 0 0 25 45 1 4 0 0 0 0 4 0 0 0 5 5 20 29 13 3 0 7 0 0 0 0 17 0 0 0 0 0 0 0 0 0 0 0 0 0 0 0 0 17 0 0 0 0 0 16 0 0 0 0 0 6 0 0 0 0 0 0 13 0 20 0 4 1 0 0 25 10 13 11 11 0 36 20 24 0 0 16 7 25 5 0 0 0 0 0 2 0 9 0 0 0 0 0 0 0 0 50 3 0 0 0 11 0 0 0 0 0 0 0 0 8 0 2 0 0 0 62 1 2 0 9 0 0 2 0 2 0 0 0 0 0 0 0 0 1 0 0 0 0 0 0 0 0 0 9 0 0 0 0 
 0 0 0 0 0 0 0 0 60 0 1 0 0 0 0 0 0 0 0 0 0 0 0 61 0 0 2 0 53 127 83 0 6 0 0 0 1 0 0 0 64 44 56 67 110 274 141 69 70 95 70 56 116 118 180 278 46 258 462 0 6 0 0 0 0 3 0 0 0 0 0 0 6 0 0 0 0 0 49 0 0 0 0 0 0 0 0 0 0 0 0 0 0 0 0 0 0 0 0 0 0 0 0 0 0 17 0 0 0 6 6 12 0 0 0 0 0 0 0 0 33 17 46 13 8 12 0 0 24 17 0 0 10 0 11 12 7 0 0 7 6 0 0 0 0 0 0 0 0 0 0 0 0 0 0 0 0 0 0 0 0 0 0 0 0 0 0 0 0 0 0 0 0 0 0 0 0 0 0 0 0 0 0 0 17 10 0 0 0 17 0 0 0 0 0 0 0 0 0 0 12 10 0 8 0 0 23 11 77 0 0 9 0 37 7 0 31 0 21 17 0 0 0 0 0 0 0 0 0 0 0 0 0 0 0 0 0 0 0 0 0 0 0 0 0 34 0 0 0 0 0 8 0 0 0 0 0 48 1 0 0 0 2 0 0 0 3 0 1 9 0 0 0 0 0 0 0 0 0 0 0 0 0 0 0 10 0 0 2 0 
 0 2 43 0 0 0 0 0 0 0 0 0 0 0 0 0 0 0 0 0 0 0 0 31 0 0 0 0 0 0 3 49 3 0 0 0 0 0 0 1 5 0 3 0 0 0 0 0 0 55 55 0 0 1 0 0 0 0 0 6 0 249 69 43 319 39 161 365 55 129 296 33 121 143 61 89 75 29 34 128 0 0 0 0 0 0 0 0 0 0 0 0 0 0 0 0 0 0 0 0 0 0 0 0 0 0 0 0 0 0 0 0 0 0 0 0 0 0 0 0 0 0 0 0 9 22 0 0 0 0 0 0 0 0 0 0 0 0 0 0 0 8 11 22 0 21 0 7 29 10 9 7 0 6 32 8 6 0 0 0 0 0 0 0 0 0 0 0 0 0 0 0 0 0 0 0 0 0 1 0 0 0 0 0 0 0 0 0 0 0 0 0 0 0 0 0 0 0 0 0 0 0 0 0 0 11 0 0 0 0 0 0 0 0 0 0 0 0 0 0 15 21 15 36 5 29 0 0 0 27 2 5 22 7 0 20 41 7 24 8 0 0 0 0 0 0 0 0 0 0 0 0 0 54 9 0 0 0 0 0 0 0 37 0 0 0 9 0 0 0 3 0 28 6 2 1 0 0 0 0 0 0 0 0 0 0 0 0 0 0 
