 0 394 125 48 58 54 256 66 85 39 154 118 226 143 542 32 39 219 145 58 0 0 0 0 3 2 3 0 0 0 2 0 2 0 0 0 2 0 81 0 0 0 0 0 0 0 0 0 0 3 0 0 0 2 0 1 0 3 1 3 3 0 0 0 3 2 0 0 3 0 0 0 0 0 0 0 0 0 3 0 70 12 13 21 0 0 0 19 0 0 14 10 28 8 25 17 37 14 20 12 0 0 0 0 0 0 0 0 0 0 0 0 18 0 0 0 0 0 11 0 0 0 0 0 0 0 0 0 0 0 0 0 14 1 0 0 0 0 22 0 0 0 0 0 0 0 0 0 0 1 6 0 0 0 0 0 0 0 0 0 28 29 1 0 3 10 20 14 0 17 0 15 21 18 48 10 16 15 0 1 0 0 0 0 0 0 0 0 0 0 0 0 0 0 0 0 0 2 0 22 0 0 0 0 0 0 0 0 0 0 17 0 0 0 0 0 0 0 0 0 0 0 0 0 0 0 0 0 0 0 0 0 0 0 0 0 0 0 0 0 0 0 0 0 0 2 0 0 0 2 0 14 0 0 0 0 0 0 0 0 0 0 14 0 0 0 0 0 0 0 0 0 0 0 0 0 0 0 0 0 0 0 0 0 0 0 0 0 0 0 
 394 0 178 70 257 554 278 419 243 44 111 163 200 153 181 155 73 192 58 147 0 3 4 0 4 4 6 1 2 67 5 0 5 0 0 3 5 2 5 0 3 3 8 0 0 0 0 1 1 3 0 0 0 5 0 4 2 2 0 3 3 0 0 0 0 2 2 0 3 0 0 0 0 0 0 0 0 0 5 0 32 13 0 9 12 57 11 16 26 26 3 38 20 1 1 0 20 21 48 16 9 0 0 0 0 0 0 0 0 0 0 0 7 0 0 0 0 0 3 0 0 0 1 16 0 0 0 0 0 0 0 0 0 0 1 0 0 0 9 0 0 0 1 0 0 2 0 0 0 0 0 0 0 0 0 0 0 3 0 0 22 19 0 0 0 0 12 11 3 34 1 0 17 34 24 18 12 0 0 46 0 0 0 0 0 0 0 0 0 0 0 0 0 0 0 0 0 0 0 0 0 0 0 0 9 0 0 0 0 0 0 20 0 15 0 0 0 0 0 1 0 0 0 0 0 0 0 0 0 0 0 0 0 0 0 0 12 0 0 1 0 0 0 0 0 0 2 2 0 1 0 15 0 0 0 22 0 0 0 0 0 0 16 0 0 0 0 0 0 0 0 0 0 0 0 0 13 0 0 0 0 0 0 0 0 0 0 0 0 0 
 125 178 0 157 74 39 197 109 174 285 82 48 79 122 277 158 40 169 99 68 0 0 0 0 3 3 3 2 87 0 2 0 2 0 0 1 2 0 2 0 0 0 2 0 0 0 0 0 1 3 0 0 0 2 1 1 0 1 1 3 3 0 0 0 0 2 0 0 3 0 0 0 0 0 0 0 0 0 1 2 28 13 91 29 33 0 63 0 32 20 30 15 0 18 19 0 2 27 19 17 0 0 0 0 0 0 0 0 0 0 0 0 0 3 1 0 0 1 0 20 0 0 0 0 0 0 0 0 0 0 0 0 0 0 0 0 0 0 23 0 0 0 0 6 0 0 0 0 0 0 0 0 0 0 0 0 0 0 0 1 10 42 0 11 0 0 44 21 39 23 9 0 0 20 29 6 19 17 0 20 0 0 0 1 0 0 0 0 0 0 0 0 0 2 0 2 0 0 0 0 0 0 0 1 0 0 0 0 0 0 0 0 0 15 0 0 0 0 0 0 0 0 0 0 0 0 0 0 0 0 0 0 0 0 0 0 0 0 1 0 0 0 0 0 0 0 103 0 0 200 0 10 0 0 0 0 0 0 0 0 0 0 0 0 0 0 0 0 0 0 0 0 0 0 0 21 1 0 0 0 0 0 0 0 0 0 0 0 0 0 
 48 70 157 0 188 119 142 177 261 275 212 59 41 64 156 54 235 203 287 83 0 0 0 0 3 2 139 0 0 0 3 0 20 75 0 0 3 0 23 75 0 0 0 0 0 0 0 62 0 3 0 1 0 2 0 2 0 0 0 3 3 0 16 0 0 2 0 0 3 0 0 0 0 0 0 0 1 0 3 0 13 10 12 12 12 13 11 0 27 13 0 49 0 0 0 0 19 25 0 13 23 1 13 12 1 0 0 0 0 0 0 0 20 37 53 0 0 0 0 2 0 0 0 0 0 0 0 0 0 0 0 0 0 0 9 0 0 0 13 0 0 2 0 0 0 0 0 0 0 0 0 0 0 0 0 3 0 0 0 0 0 0 0 34 15 8 0 0 0 4 13 48 0 0 0 0 1 1 0 0 29 11 38 0 0 0 0 10 0 0 0 0 31 0 9 0 0 0 10 38 0 0 0 0 0 0 0 0 0 0 2 0 0 0 0 0 0 0 0 0 0 0 0 0 0 0 0 0 2 0 0 0 0 0 0 0 0 0 2 0 0 10 0 0 0 1 87 0 1 3 15 10 15 0 0 0 0 0 0 0 0 0 0 0 0 0 0 0 0 0 0 0 0 0 0 0 17 0 0 0 0 0 0 0 0 0 0 0 0 0 
 58 257 74 188 0 277 145 164 132 89 227 67 260 361 374 160 144 330 270 117 0 0 0 0 3 2 8 1 0 0 2 2 3 0 0 0 2 0 225 114 0 0 0 0 0 0 0 0 1 3 0 30 0 2 1 0 0 0 1 3 3 0 0 0 0 2 0 0 3 0 42 0 0 0 11 0 0 0 1 0 1 2 14 26 15 64 0 0 0 19 33 1 0 0 1 8 28 17 0 1 0 0 2 0 0 0 0 5 9 0 16 0 28 13 11 0 0 0 0 6 0 0 1 0 0 0 0 0 0 0 0 0 0 0 9 0 0 0 0 0 0 17 0 0 0 0 0 0 0 0 0 0 0 0 0 0 0 0 0 0 0 0 30 18 31 7 0 15 10 0 16 14 0 0 6 14 0 26 0 0 15 0 1 0 0 0 11 0 3 0 0 0 0 0 0 0 16 0 17 17 0 0 0 0 0 0 0 0 0 0 13 0 0 0 13 0 0 0 0 0 0 0 0 0 0 0 0 0 0 0 0 0 0 0 4 0 0 0 0 0 0 15 0 0 0 0 10 0 9 88 2 10 2 0 0 0 0 0 0 0 0 0 0 0 0 0 0 0 0 0 0 0 0 0 0 57 19 26 0 0 0 0 0 0 0 0 0 0 0 0 
 54 554 39 119 277 0 25 63 126 261 405 302 32 56 104 266 251 458 45 73 0 0 0 0 3 2 77 3 0 0 2 0 3 0 0 0 2 0 90 37 0 0 0 0 0 0 0 0 0 2 0 0 0 3 2 2 0 2 2 2 3 0 2 0 0 2 0 0 2 30 37 0 0 0 0 0 1 0 0 0 0 10 9 8 29 34 14 0 12 49 0 26 0 0 12 0 26 14 0 19 9 7 0 0 1 0 5 0 0 0 0 0 19 0 22 0 0 0 19 0 0 0 0 0 0 0 0 0 0 0 0 0 0 0 0 0 0 0 0 0 0 2 0 0 0 11 0 0 0 0 0 0 0 0 0 0 19 0 0 0 10 0 8 0 27 44 0 1 0 8 1 32 0 0 5 1 5 16 0 0 15 0 0 0 12 0 17 38 1 0 0 0 2 0 1 1 0 0 22 37 0 4 0 0 0 0 0 0 0 0 18 0 0 1 0 0 0 0 0 0 0 0 0 0 0 0 0 0 2 21 0 0 0 0 0 0 0 0 2 0 0 0 0 0 0 5 5 1 2 1 0 4 3 0 0 0 0 0 0 2 0 0 15 0 0 0 0 0 0 0 0 0 0 0 0 0 19 0 0 0 0 0 0 0 0 0 0 0 0 0 
 256 278 197 142 145 25 0 315 181 28 555 144 222 125 316 138 28 125 234 151 0 1 0 1 3 2 3 1 0 2 2 9 1 4 0 0 1 12 2 3 0 2 0 0 0 0 0 0 0 3 0 0 0 2 1 2 0 1 1 31 3 0 0 0 0 2 0 0 3 0 0 0 0 1 0 0 2 0 5 0 30 0 0 0 0 7 0 0 0 13 10 16 33 9 67 0 19 0 23 12 0 2 0 0 0 0 0 0 0 0 0 0 0 0 0 0 0 0 10 0 0 0 0 0 0 0 0 0 0 0 0 0 0 0 0 0 0 0 2 0 0 0 0 1 0 0 0 0 0 0 0 0 0 0 0 0 0 3 0 0 28 32 0 0 9 0 0 58 0 57 6 13 42 29 30 32 21 0 47 15 0 0 0 11 0 0 0 0 0 0 0 0 0 0 0 0 0 1 0 0 0 0 0 0 12 0 0 0 0 0 0 0 0 0 0 22 0 0 1 0 0 0 0 0 0 0 0 0 0 0 0 0 0 0 0 0 0 0 0 0 0 0 0 0 0 5 2 0 0 0 0 8 0 0 0 0 0 0 0 0 74 0 0 0 0 0 0 0 0 0 0 0 0 0 0 1 0 0 0 0 0 0 0 0 0 0 0 0 0 0 
 66 419 109 177 164 63 315 0 258 98 276 270 168 54 109 176 45 30 81 410 0 0 0 0 3 2 3 2 0 203 2 0 1 88 0 0 2 0 3 0 0 0 0 0 0 0 0 0 1 3 1 1 0 2 0 2 0 2 0 3 6 0 0 0 1 2 0 0 3 0 0 0 0 0 0 0 0 0 3 0 20 26 10 6 11 37 28 10 11 21 18 11 21 11 0 0 16 0 18 21 0 0 0 0 1 0 0 0 0 0 0 0 7 0 0 0 0 0 16 0 0 0 10 0 0 0 0 0 0 0 0 0 0 0 0 0 0 0 0 0 0 2 0 0 0 0 0 0 0 0 11 17 0 0 0 0 0 4 0 0 22 1 0 0 0 0 55 9 9 22 0 0 0 15 50 11 18 0 0 43 0 0 0 0 0 0 16 0 0 0 0 0 0 0 0 0 0 0 0 0 0 0 0 0 11 0 0 0 0 0 0 0 10 0 0 0 0 0 0 0 0 0 0 0 0 0 0 0 2 0 0 0 0 0 0 0 0 15 2 0 0 0 0 0 0 0 0 1 3 2 0 26 0 0 0 0 0 0 0 0 0 0 62 0 0 0 0 0 0 0 0 0 0 0 0 0 18 0 0 0 0 0 0 0 0 0 0 0 0 4 
 85 243 174 261 132 126 181 258 0 296 77 110 67 85 200 236 191 108 115 303 49 5 0 0 4 7 63 5 0 0 2 0 23 1 0 5 2 0 180 46 4 5 0 0 4 0 0 0 2 4 0 66 6 6 1 1 0 1 1 3 3 0 7 0 0 6 0 0 6 0 3 0 0 0 0 0 1 0 1 0 18 27 2 3 13 0 17 0 27 23 0 19 0 1 10 0 12 33 8 0 9 1 0 0 0 0 12 0 0 0 0 0 27 38 14 0 0 0 36 0 0 0 0 0 0 0 0 2 19 0 0 0 0 0 12 0 0 0 0 0 0 2 0 0 0 5 20 0 0 0 0 0 0 11 0 0 0 3 0 0 10 10 13 37 16 15 0 16 0 11 24 29 0 0 14 8 26 23 0 1 34 1 0 1 0 0 0 21 0 0 0 0 3 0 0 0 0 0 0 45 0 0 0 0 13 0 0 0 0 0 14 0 0 0 0 0 10 0 0 0 0 0 0 0 0 0 0 0 0 0 0 0 0 1 0 0 0 0 0 0 0 16 0 0 0 0 8 0 0 89 2 21 10 0 0 0 0 0 0 0 0 0 0 0 0 0 0 0 0 0 0 0 0 0 0 0 1 0 0 0 0 0 0 0 0 0 0 0 0 3 
 39 44 285 275 89 261 28 98 296 0 272 49 56 70 95 90 44 225 89 190 0 0 0 0 3 3 97 2 1 0 2 0 77 0 0 0 1 0 83 77 0 0 0 0 0 0 0 0 0 3 0 0 0 2 1 0 0 1 1 3 3 1 13 0 0 2 0 0 3 0 0 0 0 0 0 0 0 0 1 0 10 35 14 10 0 0 12 0 0 49 25 80 0 6 0 0 0 41 12 3 20 0 0 0 0 0 0 0 0 0 0 0 0 0 21 0 0 0 10 0 0 0 0 0 0 0 0 0 0 0 0 0 0 0 0 0 0 0 12 0 0 0 0 2 0 0 0 0 0 0 0 0 0 0 0 0 0 0 0 0 0 16 0 13 0 11 7 0 28 6 19 43 0 0 11 1 21 0 0 0 17 0 0 0 0 0 0 5 0 0 0 0 18 0 14 0 0 0 14 36 2 0 0 0 0 0 0 0 0 0 12 0 0 0 0 19 0 0 0 0 0 0 11 0 0 0 0 0 0 0 0 0 0 0 0 0 0 0 0 0 0 0 0 0 0 0 7 1 0 13 0 9 16 0 0 0 0 0 0 0 0 0 0 0 0 0 0 0 0 0 0 0 0 0 0 9 0 0 0 0 0 0 0 0 0 0 0 0 0 0 
 154 111 82 212 227 405 555 276 77 272 0 66 38 40 364 371 248 140 147 163 0 0 0 0 3 2 22 0 0 0 5 0 2 1 0 2 2 0 122 137 0 0 0 0 0 0 0 63 2 3 0 0 0 2 6 0 0 2 1 3 3 0 0 0 0 2 0 47 3 0 0 0 0 0 0 0 0 0 50 2 0 10 17 22 1 54 17 9 0 37 15 0 0 8 0 28 0 41 3 7 0 0 0 0 0 0 0 0 0 0 0 0 12 19 0 3 0 0 2 0 0 0 0 9 0 0 0 9 0 2 2 0 0 0 11 0 0 0 56 0 0 0 0 18 0 2 0 0 0 0 0 0 0 0 0 0 0 1 0 0 0 1 20 28 20 14 12 31 11 15 45 35 1 0 0 9 0 39 2 0 15 1 0 0 0 1 0 0 0 0 0 0 0 0 0 0 0 0 0 25 0 0 0 0 0 0 0 0 0 2 15 0 0 0 0 0 0 0 0 0 0 0 0 0 0 0 0 0 0 1 0 1 11 0 0 1 0 0 0 0 0 16 0 0 0 2 91 0 5 185 0 6 0 0 0 0 0 0 0 0 0 0 0 1 0 0 0 0 0 0 0 0 0 0 0 19 0 0 0 0 0 0 0 0 0 0 0 0 0 0 
 118 163 48 59 67 302 144 270 110 49 66 0 64 82 45 90 87 77 37 25 0 0 0 0 6 2 3 1 0 0 2 0 2 2 0 0 1 0 4 75 0 0 0 0 0 2 0 0 0 3 0 0 0 2 0 0 0 2 0 29 3 0 0 0 0 2 0 0 3 0 0 0 0 0 0 0 6 0 3 7 11 0 1 16 0 32 12 16 1 20 0 24 0 2 0 7 13 7 0 9 3 7 2 0 0 1 0 0 0 0 2 0 0 10 0 0 1 0 40 24 0 0 0 1 2 0 1 0 16 0 0 0 0 0 0 0 2 0 0 0 0 0 0 0 2 0 0 0 0 0 0 0 0 0 0 0 0 4 0 0 8 0 23 10 11 0 1 10 8 17 14 1 0 0 2 20 0 13 0 1 0 0 6 0 0 0 0 0 0 0 0 2 0 0 0 0 0 0 0 10 0 0 0 0 11 0 0 0 0 1 1 16 0 0 0 0 0 0 0 0 0 0 0 0 0 11 2 0 0 0 0 0 0 0 0 0 0 0 0 0 0 0 0 0 0 2 2 0 44 1 0 10 0 0 0 0 0 0 0 0 0 0 12 0 0 0 0 0 0 0 0 0 0 0 0 0 14 0 0 0 0 0 0 0 0 0 0 0 0 0 
 226 200 79 41 260 32 222 168 67 56 38 64 0 247 232 28 58 27 83 62 0 0 0 0 3 3 3 2 0 0 2 0 2 76 0 0 0 2 3 0 0 0 0 0 0 0 0 0 0 3 0 0 0 2 0 1 0 3 0 3 3 0 0 0 0 2 0 0 3 0 0 0 0 0 0 0 0 0 3 0 64 16 12 15 0 0 32 27 29 29 46 0 28 29 9 16 15 1 16 13 0 0 0 0 0 0 0 0 10 0 0 0 0 0 0 0 0 0 0 0 0 0 0 0 0 0 0 0 0 0 0 0 0 0 1 0 0 0 1 0 0 0 0 0 0 0 0 0 0 0 2 1 0 0 0 0 0 0 0 0 33 27 0 1 0 0 10 14 10 13 14 0 21 25 39 11 49 0 0 34 0 0 0 0 0 0 0 0 0 0 0 0 0 0 0 0 0 0 0 0 0 0 0 0 0 0 0 0 0 0 0 0 0 0 0 0 0 0 0 1 0 0 0 0 0 0 0 0 0 0 0 0 0 0 0 0 0 0 0 1 0 0 0 0 0 2 0 0 3 0 0 9 0 0 0 0 0 0 0 0 0 0 1 0 0 0 0 0 0 0 0 0 0 0 0 0 14 0 0 0 0 0 0 0 0 0 0 0 0 2 
 143 153 122 64 361 56 125 54 85 70 40 82 247 0 161 140 124 37 198 418 0 0 0 0 3 2 3 4 0 0 2 0 2 0 0 1 1 0 2 0 0 0 0 0 0 0 0 0 1 3 0 60 0 2 1 0 0 3 1 3 3 0 0 0 0 2 0 0 3 0 0 0 3 0 5 0 0 0 1 0 28 23 49 11 18 0 13 31 35 31 14 0 0 27 20 57 1 18 1 8 0 0 0 0 12 0 0 0 0 0 0 0 0 0 16 0 0 0 0 0 2 0 0 0 0 0 0 0 0 11 0 0 0 0 0 0 0 0 0 0 0 0 0 0 0 0 0 0 21 0 1 0 0 0 0 0 2 1 0 0 10 20 24 29 34 0 5 14 54 0 18 0 11 24 25 15 15 13 4 69 0 0 0 0 0 0 0 2 1 0 0 0 0 0 0 0 0 0 18 10 0 0 0 0 0 0 0 0 0 0 0 1 0 0 0 0 0 0 0 0 0 0 0 0 0 0 0 0 0 0 40 0 2 0 0 0 0 0 0 0 0 0 0 0 0 0 3 0 46 2 0 13 0 0 0 0 0 0 0 0 0 0 1 0 0 0 0 0 0 0 0 0 0 0 0 12 16 0 0 0 0 0 0 0 0 0 0 0 0 0 
 542 181 277 156 374 104 316 109 200 95 364 45 232 161 0 175 39 265 174 143 0 0 0 0 3 2 3 2 0 0 2 0 1 0 0 0 1 0 3 0 0 0 0 0 0 0 0 2 2 3 0 0 0 2 0 2 0 3 0 3 3 0 0 0 0 2 0 0 3 0 0 0 0 0 0 0 0 0 3 3 38 0 84 0 12 9 29 16 33 23 18 1 10 35 19 14 30 10 35 10 1 0 0 0 0 0 0 0 0 0 0 0 20 0 2 0 0 2 0 0 0 0 0 0 0 0 0 0 0 0 0 0 0 0 0 0 0 0 12 0 0 0 0 0 12 0 0 0 0 0 8 0 0 0 0 0 0 0 0 2 8 28 0 0 2 0 80 17 2 14 1 0 53 21 21 20 19 15 0 23 0 0 0 0 0 0 29 0 0 0 0 0 0 1 0 0 0 0 0 0 0 0 0 2 0 0 0 0 0 0 0 0 0 15 0 0 0 0 0 0 0 0 0 75 0 0 0 2 0 0 0 0 0 12 0 0 0 0 1 0 0 0 0 0 0 3 1 0 1 2 2 8 0 0 0 0 0 0 0 0 0 0 0 0 0 0 0 0 0 0 0 0 0 0 0 0 17 0 0 0 0 0 0 0 0 0 0 0 0 0 
 32 155 158 54 160 266 138 176 236 90 371 90 28 140 175 0 90 134 97 297 0 0 0 0 3 2 3 2 0 71 5 34 2 0 0 0 2 0 3 0 0 0 0 0 0 0 0 0 0 3 61 37 0 2 0 0 1 2 0 3 3 0 0 0 48 2 0 0 3 2 0 0 3 0 8 0 0 0 3 2 24 44 20 26 61 60 27 20 50 27 17 20 0 0 1 6 15 21 0 0 0 0 0 0 0 0 0 0 0 0 0 0 19 0 0 0 0 0 1 0 0 0 0 0 0 0 0 0 0 0 0 0 0 0 0 0 0 0 0 0 0 0 0 0 0 0 0 0 0 0 0 0 0 0 0 0 0 7 0 0 7 6 42 11 2 0 0 53 22 52 0 7 0 0 10 29 15 26 0 11 0 0 0 0 8 0 1 0 0 0 0 0 0 0 0 0 0 0 11 11 0 0 0 0 26 0 0 0 0 0 0 0 0 0 0 0 0 0 0 0 0 0 11 0 0 0 16 0 0 0 0 0 0 0 0 0 0 0 0 0 0 0 0 0 0 2 0 3 1 98 2 15 0 0 0 0 0 0 0 0 0 0 0 0 1 0 0 0 0 0 0 0 1 0 0 18 17 0 0 0 0 0 0 0 0 0 0 0 0 0 
 39 73 40 235 144 251 28 45 191 44 248 87 58 124 39 90 0 53 42 40 2 3 3 0 3 3 80 0 0 2 77 0 151 0 0 0 2 0 190 20 0 0 0 61 0 3 0 0 1 3 0 6 0 2 0 2 0 1 0 3 3 2 9 0 0 2 1 0 3 0 44 0 0 0 0 1 0 1 3 0 1 29 0 10 1 14 0 2 12 0 27 11 0 11 25 24 11 18 0 2 13 0 0 0 0 0 15 0 1 0 12 0 22 30 12 0 9 0 1 0 0 0 0 0 0 0 0 0 0 0 0 1 0 0 7 0 0 0 0 0 0 0 0 0 0 4 0 0 0 0 1 0 0 0 0 0 0 0 0 0 0 0 32 35 33 44 0 0 1 1 24 46 0 0 5 0 12 38 0 0 15 0 1 0 0 0 14 36 0 0 0 0 10 0 0 0 0 0 10 25 0 0 0 0 0 0 2 0 0 0 31 0 0 0 0 0 0 0 0 0 0 0 0 0 0 0 0 0 0 0 0 0 0 0 1 0 0 0 0 0 0 13 0 0 0 0 1 2 10 0 1 6 24 2 0 0 0 0 0 0 0 0 0 0 0 0 0 0 0 1 0 0 0 2 0 0 0 40 0 0 0 0 0 0 0 0 0 0 0 0 
 219 192 169 203 330 458 125 30 108 225 140 77 27 37 265 134 53 0 47 42 0 0 0 74 3 2 20 1 0 0 2 0 2 0 0 0 1 0 5 0 0 0 63 0 0 0 0 0 0 3 0 0 0 2 0 0 0 2 0 3 3 0 0 0 0 2 0 0 3 0 0 0 0 0 0 0 0 1 3 3 13 0 8 10 13 20 28 14 11 41 8 40 0 0 0 0 20 32 13 10 0 0 14 0 0 0 0 0 0 0 0 0 0 0 9 0 0 19 23 0 0 8 0 0 0 0 0 0 0 0 0 0 0 0 0 0 0 0 12 0 0 0 0 6 0 0 0 0 0 0 0 0 0 0 0 0 0 0 0 0 16 15 11 0 0 0 24 9 0 53 29 19 18 0 0 12 0 17 0 0 0 0 0 0 0 12 0 0 0 0 0 0 1 0 14 0 0 0 14 0 0 0 0 0 0 0 0 0 0 0 1 0 0 0 0 0 0 0 0 0 0 0 0 0 0 0 0 0 0 0 0 0 0 0 0 0 0 0 0 0 0 0 0 0 0 0 86 0 5 88 16 2 0 0 0 0 0 0 0 0 0 0 10 0 0 0 0 0 0 0 0 0 0 0 0 19 1 0 0 0 0 0 0 0 0 0 0 0 0 0 
 145 58 99 287 270 45 234 81 115 89 147 37 83 198 174 97 42 47 0 169 0 3 5 2 6 2 6 2 0 0 4 3 2 0 12 0 0 2 8 0 0 0 5 0 0 0 0 0 0 3 6 0 0 2 0 1 0 0 0 5 3 4 0 2 0 2 0 0 3 0 0 0 0 40 0 0 0 0 7 0 15 1 9 1 0 0 16 6 0 0 0 0 6 28 26 16 12 0 17 9 0 0 0 0 0 0 0 0 0 0 0 0 0 0 0 0 0 0 0 0 0 0 0 0 0 0 0 0 0 0 0 0 0 0 0 0 0 0 10 9 0 0 0 0 0 0 0 0 0 0 0 0 0 0 0 0 0 0 0 0 11 17 0 0 0 0 0 26 0 24 0 0 9 18 45 8 15 0 14 0 1 0 0 0 0 0 0 0 0 0 0 0 0 0 0 0 0 0 0 0 0 0 0 0 0 0 0 0 0 0 0 0 0 0 0 0 0 0 0 0 0 0 0 0 0 0 0 0 0 0 0 0 0 0 0 0 0 0 0 0 0 0 0 0 0 0 0 0 0 2 0 9 0 0 0 0 0 0 0 0 0 0 0 0 0 0 0 0 0 0 0 0 0 0 0 0 0 0 0 0 0 0 0 0 0 0 0 0 0 0 
 58 147 68 83 117 73 151 410 303 190 163 25 62 418 143 297 40 42 169 0 0 0 0 0 6 3 3 2 0 0 2 1 2 0 0 0 0 0 3 2 0 0 0 0 0 0 0 0 0 3 0 0 0 2 0 8 0 0 1 3 3 0 0 0 3 2 38 0 3 0 0 0 0 0 0 0 0 0 3 0 4 38 17 0 0 0 21 10 0 0 13 0 4 24 9 10 1 1 24 22 0 16 0 0 0 0 0 0 0 0 0 10 0 0 0 0 1 0 0 0 0 0 0 0 0 10 0 0 0 0 0 0 0 0 0 0 0 0 7 0 0 0 0 0 0 0 0 0 0 0 0 0 0 0 1 0 0 0 0 0 16 2 0 0 0 0 26 0 7 29 0 0 0 4 1 2 25 0 10 35 0 0 0 0 0 0 0 0 20 0 0 0 0 0 0 3 0 0 0 0 1 0 0 0 0 0 0 0 0 0 0 0 0 0 0 0 0 0 0 0 0 0 0 0 0 0 0 0 0 0 0 0 0 0 0 0 0 0 0 0 0 0 0 0 0 0 0 0 0 5 0 9 0 0 0 0 0 0 0 0 0 0 0 0 0 0 0 0 0 0 0 0 0 0 0 0 0 0 0 0 0 0 0 0 0 0 0 0 0 11 
 0 0 0 0 0 0 0 0 49 0 0 0 0 0 0 0 2 0 0 0 0 529 352 75 96 35 84 209 217 381 148 94 48 127 244 118 133 198 51 54 8 0 0 0 2 0 0 0 4 0 0 2 0 2 0 1 0 64 0 2 0 0 2 0 2 0 0 6 3 35 4 2 0 0 0 3 7 0 0 0 0 0 0 0 0 13 0 0 0 0 0 0 0 0 0 0 0 0 0 0 0 29 19 25 22 0 16 19 0 3 14 21 0 1 23 9 53 52 0 17 1 0 0 0 0 0 6 0 0 0 0 0 15 13 0 0 0 0 12 0 4 0 9 0 0 0 0 0 0 0 0 0 0 0 0 0 0 0 0 0 0 0 0 0 0 0 15 0 0 0 0 0 0 0 0 0 0 0 0 0 0 64 36 16 26 14 21 14 0 11 20 20 0 0 56 29 0 11 0 0 0 0 0 0 0 0 0 0 0 0 0 0 26 0 0 0 0 0 0 22 0 0 0 0 0 0 0 0 0 0 0 0 0 0 0 0 0 0 0 0 0 0 10 0 0 0 0 0 0 0 0 0 0 0 20 0 2 0 2 0 20 13 0 0 0 0 0 0 0 0 0 0 0 0 0 0 0 0 0 12 0 11 0 0 0 0 0 0 0 0 
 0 3 0 0 0 0 1 0 5 0 0 0 0 0 0 0 3 0 3 0 529 0 590 166 190 318 70 187 164 135 121 56 49 373 175 215 110 123 62 58 5 1 0 63 5 0 0 0 0 0 0 5 67 5 0 2 2 40 3 5 0 0 0 3 2 1 0 0 6 0 45 2 0 0 0 3 36 0 0 0 0 0 0 0 0 12 0 0 0 0 0 0 2 0 0 0 0 0 2 0 0 13 10 22 19 0 39 24 11 18 9 45 0 0 29 9 35 35 0 15 6 0 0 0 0 0 0 0 0 0 0 0 25 1 19 0 0 0 0 1 1 0 0 0 0 0 0 0 0 0 0 31 0 2 0 0 0 0 0 0 0 0 0 0 0 0 3 0 0 0 0 0 0 0 0 0 0 0 0 0 0 22 17 13 8 11 12 12 7 37 1 0 0 0 31 19 0 1 0 0 0 0 0 0 0 0 7 0 10 0 0 0 0 0 0 0 0 0 9 13 0 0 0 0 32 1 0 0 0 0 0 0 0 0 0 0 0 0 0 0 0 0 13 0 0 1 0 0 0 0 0 0 0 0 14 0 2 79 0 2 12 2 0 0 0 0 0 0 0 0 0 0 0 0 0 0 0 0 0 23 0 24 0 0 0 0 0 0 0 0 
 0 4 0 0 0 0 0 0 0 0 0 0 0 0 0 0 3 0 5 0 352 590 0 247 79 335 155 80 314 194 412 40 154 52 102 523 459 36 48 45 82 0 0 0 2 207 0 0 0 6 1 2 62 2 0 2 0 0 62 135 0 0 0 0 2 0 0 0 3 51 0 2 0 1 0 3 0 25 0 0 0 0 0 0 0 0 0 0 0 0 0 0 0 0 0 0 0 0 0 0 0 31 46 26 1 0 27 13 62 31 10 32 0 17 1 23 25 43 0 0 0 14 0 0 0 0 20 0 0 0 0 0 10 0 0 0 0 0 6 0 0 0 0 0 0 0 0 0 0 0 0 0 0 0 0 0 0 0 0 0 0 0 0 0 0 0 2 0 0 0 0 0 0 0 0 0 0 0 12 0 28 0 0 0 21 7 14 0 17 0 18 11 11 33 0 11 0 26 0 0 0 0 0 0 0 0 8 0 38 0 0 0 40 16 0 0 0 0 13 21 0 0 0 0 0 0 0 0 0 0 0 0 0 0 0 0 0 0 0 0 0 0 21 0 7 0 0 0 0 0 0 0 0 0 15 0 0 1 16 2 3 0 0 2 0 0 22 0 0 0 0 0 0 0 0 0 0 0 0 0 0 0 0 0 0 0 0 0 0 0 
 0 0 0 0 0 0 1 0 0 0 0 0 0 0 0 0 0 74 2 0 75 166 247 0 179 57 76 124 189 126 614 168 55 291 49 113 140 418 383 314 3 63 2 0 2 0 110 0 0 0 0 2 70 3 0 1 64 2 34 138 4 0 0 0 2 0 0 0 3 0 0 2 0 0 0 27 0 0 0 0 0 0 0 0 0 8 0 0 0 0 0 0 0 0 0 0 0 0 0 0 0 0 0 73 0 30 0 0 0 23 15 0 0 0 0 0 13 0 0 0 14 0 0 0 0 0 15 1 0 0 0 0 28 30 26 0 29 16 0 0 0 0 0 0 0 0 0 0 0 0 0 0 0 0 0 0 0 0 0 0 0 0 0 0 0 0 0 0 0 0 0 0 0 0 0 2 11 0 0 0 0 1 0 10 13 17 0 13 0 11 0 29 0 0 2 1 12 4 0 21 2 4 29 0 0 0 23 15 6 0 0 2 13 13 11 0 0 0 36 45 0 0 0 0 0 0 0 0 0 0 0 16 0 0 0 0 0 0 0 0 0 0 0 0 0 0 0 0 0 0 0 0 0 0 10 3 0 120 81 1 1 0 0 0 0 0 0 0 0 0 0 0 0 0 0 0 0 0 0 19 0 3 0 0 0 0 12 0 0 0 
 3 4 3 3 3 3 3 3 4 3 3 6 3 3 3 3 3 3 6 6 96 190 79 179 0 393 58 123 242 72 393 272 274 61 75 74 128 324 288 256 29 0 0 0 4 1 130 0 0 0 2 2 81 2 0 7 2 1 32 88 0 2 0 2 2 1 0 1 3 2 0 2 46 0 0 5 0 0 0 0 0 0 0 0 0 0 0 0 0 0 0 0 0 0 0 0 0 0 0 0 0 0 0 40 9 90 0 0 5 19 5 0 0 0 0 0 27 0 0 0 39 11 5 0 0 0 11 9 0 0 0 0 0 23 32 0 19 0 37 23 0 0 0 0 0 0 0 0 1 0 0 0 0 0 0 0 0 0 0 0 0 4 0 0 0 0 0 4 0 0 0 0 0 0 0 3 0 0 0 0 9 17 0 9 12 0 0 0 0 42 11 15 0 0 0 26 14 0 0 0 0 32 7 3 0 0 45 0 0 0 10 0 0 15 0 22 0 1 10 15 0 0 2 0 0 0 0 0 0 0 0 0 0 0 0 0 0 0 0 0 0 0 0 0 0 0 0 0 1 0 0 0 0 0 7 2 0 43 1 0 8 0 0 0 0 0 0 0 0 0 0 0 0 0 0 0 0 0 0 22 0 0 0 0 0 0 10 8 0 0 
 2 4 3 2 2 2 2 2 7 3 2 2 3 2 2 2 3 2 2 3 35 318 335 57 393 0 32 179 133 137 100 124 72 119 394 302 139 64 62 51 82 0 4 62 2 0 0 0 0 1 63 2 64 3 1 1 0 2 0 69 0 0 0 0 2 1 2 0 3 0 0 2 0 0 5 3 0 0 0 0 0 0 2 2 0 0 0 0 0 0 0 2 0 0 0 0 0 1 0 0 1 0 10 12 42 46 1 0 19 17 20 11 0 0 14 1 0 37 0 0 19 17 0 11 0 0 0 25 0 0 0 0 29 4 48 0 16 0 0 10 3 0 0 0 0 0 0 11 0 0 0 0 0 0 0 2 0 0 12 0 0 33 0 0 0 1 0 3 0 0 0 0 0 0 0 0 0 0 0 2 1 0 1 19 12 11 0 0 10 20 0 17 0 10 0 0 0 20 1 0 33 0 0 2 0 1 28 18 16 0 54 0 23 0 17 14 21 33 0 15 17 0 0 0 0 0 0 0 1 0 0 21 0 0 0 0 0 0 0 0 0 0 0 0 0 0 0 0 0 0 0 0 0 0 12 0 4 80 0 3 78 0 0 0 1 0 19 0 0 0 0 0 0 0 0 0 0 0 0 0 0 24 0 0 0 5 0 8 0 0 
 3 6 3 139 8 77 3 3 63 97 22 3 3 3 3 3 80 20 6 3 84 70 155 76 58 32 0 176 50 177 23 47 271 48 46 49 189 39 318 54 2 0 0 0 2 203 0 0 0 0 0 3 0 2 0 4 0 2 0 2 0 0 4 0 2 0 0 0 3 0 0 2 0 0 46 3 0 0 0 0 0 10 9 0 6 10 0 0 12 0 0 21 0 0 0 0 0 1 0 0 21 0 0 0 0 0 0 0 20 0 0 8 6 47 44 0 8 1 11 20 0 0 0 0 0 0 0 0 0 0 0 0 7 0 0 0 0 0 0 0 0 0 0 0 0 0 0 0 0 0 0 0 0 0 0 0 0 0 10 0 8 0 0 23 0 9 0 0 0 0 14 20 0 0 0 0 0 0 0 0 47 23 32 15 13 0 20 10 11 0 24 12 23 21 20 33 10 8 23 23 0 0 0 2 0 0 0 0 0 0 0 0 0 0 0 0 0 0 0 0 0 0 0 0 0 0 0 0 0 0 0 0 0 0 0 0 0 0 0 0 0 1 0 0 0 0 77 0 0 0 0 0 9 0 5 0 0 0 0 2 4 0 0 0 0 0 0 0 0 0 0 0 0 0 0 0 0 0 0 0 0 0 0 0 0 0 0 0 0 0 
 0 1 2 0 1 3 1 2 5 2 0 1 2 4 2 2 0 1 2 2 209 187 80 124 123 179 176 0 66 32 75 48 200 74 225 181 73 72 71 177 3 0 0 0 3 0 0 0 37 0 0 2 1 2 0 2 0 1 0 2 0 0 0 0 2 0 0 0 3 0 0 2 0 0 0 3 0 0 0 48 0 0 0 0 1 0 0 0 0 0 0 0 0 0 0 5 0 0 0 0 1 0 7 10 41 0 0 0 32 11 4 0 0 0 0 0 29 42 0 10 11 0 0 0 0 0 0 9 0 0 0 1 16 0 0 0 0 0 0 0 10 0 0 0 0 0 0 0 1 0 0 0 0 0 0 0 0 0 0 0 2 0 0 0 0 0 0 0 0 0 3 0 0 0 0 0 0 0 0 0 0 0 0 0 0 0 0 0 0 44 21 0 13 26 9 22 38 17 16 10 4 0 0 0 0 0 20 0 11 1 0 0 29 0 0 0 0 0 30 7 0 0 0 0 0 1 0 0 0 0 0 0 0 0 2 0 0 0 0 0 0 0 0 0 0 0 0 0 0 0 0 0 0 0 6 2 0 1 0 0 2 6 0 0 0 0 0 0 0 0 0 0 0 0 0 0 0 0 0 6 0 11 0 0 1 0 0 0 0 1 
 0 2 87 0 0 0 0 0 0 1 0 0 0 0 0 0 0 0 0 0 217 164 314 189 242 133 50 66 0 162 123 204 286 132 143 374 61 298 90 264 4 0 0 1 2 0 132 0 0 0 1 2 50 2 0 2 0 1 10 74 0 0 0 0 2 0 0 0 3 0 0 2 0 0 3 3 0 0 0 0 0 0 0 0 0 0 0 0 0 0 0 0 0 0 0 0 0 0 0 0 14 18 1 33 13 28 12 13 0 12 13 9 0 28 0 20 27 0 14 1 12 0 0 0 0 0 1 8 0 0 0 0 0 52 19 0 17 14 20 0 1 0 0 0 0 0 0 0 0 0 0 0 0 0 0 0 0 0 0 0 0 0 0 2 0 0 0 0 0 0 0 0 0 1 0 0 0 1 0 0 9 19 0 15 34 12 0 23 2 24 20 28 0 18 1 11 19 19 0 0 0 11 4 0 0 0 28 0 0 0 0 0 0 14 0 0 0 0 11 50 0 0 0 0 0 0 0 0 0 0 2 0 0 0 0 0 0 0 2 0 0 0 13 0 0 0 0 0 0 0 0 0 0 0 14 0 3 5 110 2 1 0 0 0 0 0 0 0 0 0 0 0 0 0 0 0 0 0 0 0 0 11 0 0 0 0 12 0 0 0 
 0 67 0 0 0 0 2 203 0 0 0 0 0 0 0 71 2 0 0 0 381 135 194 126 72 137 177 32 162 0 66 35 177 142 80 316 348 78 96 64 32 0 1 0 2 0 0 0 0 0 0 2 53 2 0 1 1 2 1 84 0 0 0 0 2 0 0 0 3 0 0 2 0 0 0 3 3 0 0 0 0 0 0 15 0 12 0 0 0 0 0 0 0 0 0 0 0 0 0 0 0 42 0 1 17 28 10 0 0 28 14 61 0 9 18 2 37 37 0 13 0 12 0 0 0 0 27 0 0 0 0 0 27 0 0 0 0 0 0 13 0 0 0 0 0 0 0 0 0 0 0 0 0 0 0 0 0 0 0 0 0 0 0 0 0 0 55 0 0 0 0 0 0 0 0 0 0 0 0 0 2 13 18 44 9 32 15 9 0 11 18 19 9 9 28 6 0 69 0 0 0 0 0 0 0 0 6 0 0 0 0 0 43 15 7 14 0 0 17 9 0 0 0 0 0 0 0 0 0 0 0 0 0 0 0 0 0 0 0 0 0 0 0 0 0 0 0 0 0 0 0 0 0 0 9 0 0 75 51 4 19 0 0 0 0 0 0 0 0 0 0 0 0 0 0 0 0 0 0 0 0 2 0 0 0 35 0 0 0 0 
 2 5 2 3 2 2 2 2 2 2 5 2 2 2 2 5 77 2 4 2 148 121 412 614 393 100 23 75 123 66 0 239 108 53 204 110 100 453 39 78 5 64 0 0 2 0 145 0 0 0 0 2 21 66 0 2 1 1 39 142 5 0 0 0 2 0 0 0 3 0 1 2 0 0 0 3 0 0 0 0 0 0 0 0 0 0 0 0 0 0 0 0 0 0 0 0 0 0 0 0 15 11 14 76 0 15 0 0 0 0 0 7 0 0 0 21 12 0 0 0 26 12 0 0 0 0 37 0 0 0 0 0 15 35 6 0 25 0 24 10 0 0 0 0 0 0 0 0 1 0 0 0 0 0 0 0 0 0 0 0 0 0 0 0 0 0 1 0 0 0 0 0 0 0 0 3 17 0 14 0 0 5 0 12 17 48 0 10 0 0 30 19 0 20 0 2 12 35 0 0 13 11 25 0 0 0 0 0 0 0 0 2 1 15 0 0 0 0 26 17 0 9 0 0 0 0 0 0 0 0 0 0 0 0 0 0 0 0 0 0 0 0 13 0 0 0 0 0 0 0 0 0 0 0 5 0 1 3 88 0 0 0 0 0 0 0 0 0 0 0 0 0 0 0 0 0 0 0 0 1 0 7 0 0 0 0 10 0 0 0 
 0 0 0 0 2 0 9 0 0 0 0 0 0 0 0 34 0 0 3 1 94 56 40 168 272 124 47 48 204 35 239 0 33 88 99 494 67 393 31 14 3 1 0 0 2 2 70 0 0 0 3 2 188 2 0 2 1 4 64 31 2 0 0 3 44 1 0 0 3 0 3 2 0 0 0 3 0 0 0 0 0 2 8 0 0 0 0 0 0 0 17 0 0 0 0 1 0 0 0 0 14 0 0 27 22 32 9 27 0 0 7 0 0 9 0 28 12 1 21 1 0 0 13 0 0 0 11 14 0 0 2 4 13 10 19 0 39 0 32 0 0 1 2 0 0 0 0 0 0 0 0 0 0 0 0 0 0 0 0 0 0 0 0 0 0 0 0 0 0 0 0 0 0 0 0 0 0 0 0 0 11 8 0 13 20 3 0 22 1 0 1 25 0 18 1 2 9 32 0 0 9 12 23 0 2 0 7 1 8 0 0 0 1 14 0 15 1 7 24 11 0 0 0 0 0 0 0 0 1 1 0 7 0 0 0 0 0 0 0 0 0 0 0 0 0 1 0 0 0 0 0 0 0 0 3 5 1 151 0 2 3 1 1 0 0 0 0 0 0 0 0 0 0 0 0 0 0 0 0 1 0 0 0 0 0 0 12 0 0 0 
 2 5 2 20 3 3 1 1 23 77 2 2 2 2 1 2 151 2 2 2 48 49 154 55 274 72 271 200 286 177 108 33 0 173 103 66 116 38 238 525 6 2 0 67 4 2 2 2 0 2 0 3 2 4 2 6 0 4 0 4 0 0 8 0 4 0 0 0 5 0 0 5 0 0 0 3 1 2 0 0 0 12 0 0 18 13 0 0 14 0 18 2 0 0 0 0 0 0 0 0 48 11 25 0 0 0 20 0 10 9 0 11 10 44 21 20 6 21 0 49 0 0 0 0 0 0 0 0 0 0 0 0 0 0 0 0 0 0 0 0 0 0 0 0 0 0 0 0 0 0 0 0 0 0 0 0 0 0 0 0 0 0 0 59 0 6 0 0 0 0 11 17 0 0 2 0 0 0 0 0 59 1 0 0 0 0 12 10 8 0 1 1 20 31 6 20 0 12 1 23 0 0 0 0 0 0 0 0 0 0 0 2 0 0 0 0 0 1 0 0 0 0 0 0 0 0 0 0 0 0 0 0 0 0 23 0 0 0 0 0 0 0 0 0 0 0 2 0 2 0 0 0 13 0 9 0 1 1 0 0 2 0 0 0 0 0 0 0 0 0 0 0 30 0 0 0 0 0 0 0 0 0 0 0 0 0 0 0 0 0 
 0 0 0 75 0 0 4 88 1 0 1 2 76 0 0 0 0 0 0 0 127 373 52 291 61 119 48 74 132 142 53 88 173 0 71 194 62 181 206 218 4 3 6 3 9 0 0 3 5 3 0 2 6 4 2 5 0 0 0 5 0 2 0 2 2 4 0 0 3 1 3 3 50 2 0 2 6 0 0 1 1 0 0 1 2 0 0 0 0 0 1 0 0 0 0 20 1 0 0 0 4 36 13 0 17 30 68 38 53 0 45 7 17 25 1 31 24 0 96 12 0 1 0 0 0 20 0 9 0 0 0 0 26 0 0 0 25 0 0 0 0 0 0 0 0 0 0 0 0 0 0 0 0 0 0 0 0 0 0 0 0 0 0 0 18 0 0 0 0 0 2 0 0 0 0 9 0 0 0 0 11 26 21 9 14 0 6 16 3 15 0 25 21 1 26 0 26 32 14 0 0 2 0 0 0 0 0 12 0 0 0 0 10 0 0 1 0 1 0 15 0 2 0 0 0 0 0 0 0 0 0 22 0 0 0 0 0 0 0 0 0 0 0 0 0 0 0 0 0 0 2 0 0 0 5 0 3 0 2 0 0 0 0 0 0 0 6 0 0 0 0 0 0 0 0 0 0 0 0 0 0 0 0 2 0 0 0 0 0 0 
 0 0 0 0 0 0 0 0 0 0 0 0 0 0 0 0 0 0 12 0 244 175 102 49 75 394 46 225 143 80 204 99 103 71 0 140 101 71 275 242 3 0 0 0 2 0 1 0 0 0 0 2 1 2 0 1 0 4 0 2 0 0 0 0 2 0 0 0 3 0 0 2 0 0 0 3 0 0 0 0 0 0 0 0 26 0 0 0 0 0 0 0 0 0 0 0 0 0 0 0 36 0 21 47 11 0 61 0 27 40 12 8 13 1 0 22 41 38 0 0 23 0 0 0 0 0 0 10 0 0 0 0 3 0 0 0 0 0 12 0 3 0 0 0 0 0 0 0 0 0 0 0 0 0 0 0 0 0 0 0 0 0 0 0 2 0 0 0 7 0 3 0 9 0 0 0 0 0 0 0 3 20 0 0 8 0 21 9 8 40 47 12 10 39 9 30 31 24 9 0 12 0 0 0 0 0 11 0 0 0 0 0 26 0 5 0 0 0 0 12 0 0 0 0 0 0 0 0 0 0 0 0 0 0 0 0 0 0 0 0 0 0 25 0 0 0 0 0 0 0 0 0 0 0 7 0 0 2 1 0 0 9 0 0 0 0 1 0 0 0 2 0 0 0 0 0 0 0 0 0 0 1 0 0 0 0 0 0 0 0 
 0 3 1 0 0 0 0 0 5 0 2 0 0 1 0 0 0 0 0 0 118 215 523 113 74 302 49 181 374 316 110 494 66 194 140 0 178 118 39 102 3 0 1 0 2 0 0 0 62 0 0 2 1 2 4 1 0 2 0 2 0 0 0 0 2 0 0 0 3 0 0 2 0 0 0 3 46 0 0 0 0 0 1 1 0 0 0 0 0 0 0 0 0 0 0 1 0 0 0 0 15 33 27 13 31 0 0 0 20 20 13 9 0 0 8 49 19 14 0 16 0 0 0 0 0 0 12 0 0 0 3 0 20 0 0 0 1 0 0 0 0 0 0 0 2 0 0 0 0 0 0 0 0 0 0 0 0 0 0 0 15 1 0 0 0 0 4 0 0 0 0 0 0 0 0 0 0 0 0 1 33 0 32 10 9 21 13 14 52 8 28 7 2 10 7 1 0 33 2 0 15 2 0 1 0 0 0 0 10 0 0 0 18 20 0 0 0 0 30 17 0 0 0 0 0 0 0 0 2 0 0 0 0 0 0 0 0 0 0 0 0 0 0 0 0 0 0 0 0 0 0 0 0 0 23 0 2 0 34 0 28 0 0 0 0 0 18 0 0 0 0 0 0 0 0 0 0 0 0 23 0 7 0 0 0 0 0 0 0 0 
 2 5 2 3 2 2 1 2 2 1 2 1 0 1 1 2 2 1 0 0 133 110 459 140 128 139 189 73 61 348 100 67 116 62 101 178 0 198 50 103 3 0 2 2 2 0 0 2 0 3 0 6 2 2 0 5 0 3 2 2 0 0 0 0 2 0 0 0 3 0 0 8 0 0 0 6 0 0 0 0 0 0 0 0 1 1 0 0 0 0 10 0 0 0 0 0 0 0 0 0 11 0 11 10 0 0 7 0 24 12 0 5 0 18 8 10 41 7 11 3 0 0 0 0 0 0 0 0 0 0 0 0 3 0 0 0 0 0 0 0 0 0 0 0 0 0 0 0 0 0 0 0 0 0 0 0 0 0 0 0 2 0 0 0 0 0 0 0 0 10 0 0 0 0 0 0 0 0 0 0 28 11 10 7 29 0 22 0 16 0 9 17 3 7 9 36 14 5 3 15 0 0 0 0 0 0 0 0 17 0 0 0 3 0 0 0 0 1 11 0 0 0 0 0 0 0 0 0 0 0 0 0 0 0 0 0 0 0 0 0 0 0 0 0 0 0 1 0 0 1 0 1 0 0 8 0 3 3 3 0 1 0 0 0 0 0 0 2 0 0 0 0 0 0 0 0 0 0 0 20 0 0 0 0 0 0 0 0 0 0 
 0 2 0 0 0 0 12 0 0 0 0 0 2 0 0 0 0 0 2 0 198 123 36 418 324 64 39 72 298 78 453 393 38 181 71 118 198 0 244 29 6 0 0 3 4 0 39 0 0 0 0 5 64 2 3 3 7 5 6 2 0 0 0 0 2 0 4 1 3 2 0 2 6 0 2 3 8 0 0 0 0 0 0 0 0 13 0 0 0 0 0 0 0 0 0 0 0 0 0 0 0 0 12 12 1 8 50 0 10 34 0 10 0 16 0 15 15 26 18 14 0 0 0 0 0 0 0 0 0 0 0 0 1 38 21 0 14 0 0 0 0 0 0 0 0 0 0 0 0 0 0 0 0 0 0 0 0 0 0 0 0 0 0 0 0 0 0 0 0 0 0 0 0 0 0 0 0 0 0 0 16 16 20 48 24 0 29 2 40 0 14 5 0 15 14 13 16 0 0 0 0 14 18 0 0 0 7 0 8 0 0 0 0 10 0 0 0 0 23 0 0 0 0 0 0 0 0 10 0 0 0 0 0 0 0 0 0 0 0 0 0 0 15 0 0 0 0 0 0 0 0 0 0 0 2 2 2 79 2 2 3 0 0 1 0 0 0 0 0 0 8 0 0 0 0 0 0 0 0 19 0 0 0 0 0 0 0 0 0 0 
 81 5 2 23 225 90 2 3 180 83 122 4 3 2 3 3 190 5 8 3 51 62 48 383 288 62 318 71 90 96 39 31 238 206 275 39 50 244 0 560 2 0 0 0 2 0 0 0 0 0 0 3 0 2 0 0 0 2 0 2 1 0 7 0 2 0 0 0 3 0 0 3 0 0 0 2 1 0 0 0 0 23 0 13 29 11 0 0 14 0 17 0 0 0 0 8 13 17 0 0 32 13 16 0 0 0 6 9 15 0 11 0 29 25 15 22 0 2 27 23 0 0 0 0 0 0 0 0 0 0 0 2 0 0 0 0 0 0 0 0 0 0 0 0 0 0 1 2 2 0 0 2 0 0 0 0 0 10 0 8 0 0 9 44 40 11 0 0 2 10 25 29 0 0 6 0 0 11 0 0 53 0 6 0 0 0 50 9 25 10 19 12 28 2 0 0 13 0 0 30 0 5 0 0 0 0 0 0 0 0 14 0 0 0 0 0 13 0 0 0 0 0 0 0 0 0 0 0 0 0 0 0 0 0 2 0 0 0 0 0 0 0 0 0 0 0 0 0 0 0 0 0 12 0 11 2 0 0 0 4 4 0 0 0 0 0 0 0 0 0 0 0 0 0 0 0 0 0 0 0 0 0 0 0 0 0 0 0 0 0 
 0 0 0 75 114 37 3 0 46 77 137 75 0 0 0 0 20 0 0 2 54 58 45 314 256 51 54 177 264 64 78 14 525 218 242 102 103 29 560 0 4 0 0 0 5 0 1 0 2 0 0 2 0 2 3 2 0 2 0 2 0 0 3 0 2 34 0 0 3 0 0 2 0 0 0 3 2 0 1 1 0 0 0 0 28 0 0 0 0 0 1 0 0 0 0 0 0 8 0 0 59 8 23 0 0 0 0 10 30 0 15 0 37 11 14 20 0 0 5 38 0 0 0 9 0 0 0 0 0 0 0 0 0 0 10 0 0 0 0 0 0 0 0 0 0 0 0 0 0 0 0 0 0 0 0 0 0 0 0 0 0 0 0 9 17 6 0 0 0 0 16 12 0 0 0 0 0 18 0 0 100 0 1 0 0 1 9 19 19 2 8 12 11 30 0 11 20 34 11 28 0 5 0 0 0 18 0 0 0 0 12 1 2 0 0 0 0 2 0 0 0 0 0 0 0 0 0 0 0 0 0 0 0 0 0 0 0 0 0 0 0 24 0 0 0 0 0 0 0 0 0 0 0 0 16 0 0 0 0 0 9 0 0 0 0 0 0 0 0 0 0 0 0 0 0 0 0 0 0 0 0 0 0 0 0 0 0 0 0 0 
 0 3 0 0 0 0 0 0 4 0 0 0 0 0 0 0 0 0 0 0 8 5 82 3 29 82 2 3 4 32 5 3 6 4 3 3 3 6 2 4 0 112 78 129 304 35 66 180 59 40 101 22 147 42 277 161 57 27 347 72 0 0 4 0 3 0 3 0 0 5 2 2 3 0 0 0 0 2 6 0 0 0 0 0 0 0 0 0 0 0 0 0 0 0 0 0 0 0 0 0 0 0 0 0 16 34 0 0 0 7 4 4 0 0 0 0 0 12 0 0 20 14 24 3 0 0 10 30 0 2 12 17 14 5 25 0 0 0 10 22 0 0 0 0 4 0 0 20 0 0 1 5 9 0 0 0 0 0 21 5 0 6 0 0 0 0 0 6 2 0 0 1 0 0 0 5 0 0 0 0 0 0 0 21 4 3 0 0 0 0 0 0 0 0 0 0 0 0 0 0 0 1 2 0 0 0 3 26 0 0 17 1 27 0 4 25 12 48 50 0 0 0 0 0 2 5 0 0 0 0 1 0 1 0 0 0 1 0 0 0 0 0 3 0 0 0 0 0 0 0 0 71 0 1 0 0 0 61 0 2 0 0 2 0 2 2 0 65 0 0 0 0 0 0 0 1 0 0 0 0 0 0 0 0 1 16 0 0 0 0 
 0 3 0 0 0 0 2 0 5 0 0 0 0 0 0 0 0 0 0 0 0 1 0 63 0 0 0 0 0 0 64 1 2 3 0 0 0 0 0 0 112 0 163 147 268 54 71 74 135 493 242 97 92 111 130 77 113 96 42 56 18 6 0 0 1 4 5 7 8 0 52 0 0 7 4 6 5 0 0 7 0 0 0 0 0 0 0 0 0 0 0 0 0 0 0 0 0 0 0 0 0 0 0 0 0 0 0 0 0 0 0 0 0 0 0 0 0 0 0 0 13 0 10 13 23 1 24 1 9 34 25 6 6 0 10 0 7 24 0 0 0 0 0 0 0 0 0 0 0 1 2 0 10 0 2 0 0 6 17 0 0 0 0 0 0 0 0 0 0 0 0 0 0 0 0 0 0 0 0 0 0 0 0 0 1 0 0 0 0 1 1 0 13 0 0 1 1 0 0 0 0 15 11 16 0 32 0 1 1 22 15 31 0 5 17 0 0 0 0 0 0 19 4 0 0 0 0 0 1 8 0 0 10 0 7 2 0 9 10 19 0 0 0 0 0 0 0 0 0 0 0 3 0 1 0 0 0 63 0 11 0 0 73 5 2 11 4 0 0 0 0 0 0 0 0 0 0 0 0 0 0 0 0 0 13 0 1 0 0 0 
 0 8 2 0 0 0 0 0 0 0 0 0 0 0 0 0 0 63 5 0 0 0 0 2 0 4 0 0 0 1 0 0 0 6 0 1 2 0 0 0 78 163 0 365 168 57 133 218 152 341 257 67 262 280 83 182 134 155 64 60 0 0 0 0 3 0 0 0 51 0 1 0 0 0 0 0 0 1 1 0 0 0 0 0 0 0 0 0 0 0 0 0 0 0 0 0 0 0 0 0 0 0 0 0 1 8 14 0 0 0 4 0 0 2 0 0 0 0 0 0 24 26 16 14 21 0 1 13 0 0 2 1 19 10 0 25 0 0 0 15 0 0 0 0 0 0 0 0 5 0 0 0 0 0 0 0 0 0 0 0 0 0 0 0 0 25 0 0 0 0 0 0 0 7 0 0 0 0 0 0 0 8 0 0 0 82 0 0 0 10 0 2 19 0 0 0 8 5 0 0 34 17 14 11 0 11 0 20 1 0 20 0 9 0 21 1 0 12 0 20 0 0 0 0 0 0 0 0 0 0 0 4 0 0 0 0 0 0 0 24 0 0 0 0 0 0 0 0 0 0 0 9 0 1 0 0 0 0 0 2 0 0 0 1 1 0 0 0 0 0 0 0 0 0 0 0 0 0 0 0 0 1 0 0 0 0 0 7 1 0 
 0 0 0 0 0 0 0 0 0 0 0 0 0 0 0 0 61 0 0 0 0 63 0 0 0 62 0 0 1 0 0 0 67 3 0 0 2 3 0 0 129 147 365 0 237 30 136 70 89 96 135 34 73 71 115 54 44 167 109 384 2 0 0 2 0 0 2 51 0 0 31 0 8 3 0 2 51 0 56 4 0 0 0 0 0 0 0 0 0 0 0 0 0 0 0 0 0 0 0 0 0 0 6 0 0 0 0 0 0 0 0 0 0 0 0 0 0 0 0 0 0 8 15 5 35 21 2 16 0 0 18 6 0 13 0 0 0 0 12 0 30 8 7 0 0 0 11 29 9 0 0 0 0 0 4 0 1 0 0 10 0 0 0 0 0 2 0 0 1 0 0 0 0 0 14 0 0 0 0 0 0 0 0 0 0 0 0 0 0 0 0 0 0 0 0 0 0 0 0 0 0 3 0 10 10 87 0 39 0 2 9 0 0 0 30 5 0 4 0 0 9 0 0 0 0 10 5 7 6 0 0 1 4 15 0 0 0 1 33 28 0 0 0 0 0 0 0 0 2 0 0 3 0 0 0 0 0 0 0 9 0 0 0 63 0 4 0 0 0 0 0 0 52 0 0 0 0 0 0 0 0 0 0 0 3 15 0 0 1 0 
 0 0 0 0 0 0 0 0 4 0 0 0 0 0 0 0 0 0 0 0 2 5 2 2 4 2 2 3 2 2 2 2 4 9 2 2 2 4 2 5 304 268 168 237 0 120 36 74 111 91 150 63 61 310 422 94 109 116 76 175 2 0 0 0 0 1 0 53 0 0 0 0 0 4 0 0 1 1 53 0 0 0 0 0 0 0 0 0 0 0 0 0 0 0 0 0 0 0 0 0 0 0 0 0 0 0 0 0 0 0 0 0 0 0 0 0 0 0 0 0 0 13 21 0 6 33 1 0 0 23 15 7 0 10 0 0 0 0 0 0 18 3 3 0 0 0 11 34 0 0 0 0 0 0 0 0 0 0 0 25 0 0 0 0 0 7 0 16 0 0 0 0 0 0 0 0 0 0 0 0 0 0 0 0 0 0 0 0 0 0 0 0 0 0 0 0 0 0 0 0 0 12 0 53 30 38 0 7 7 0 33 29 0 0 11 0 4 0 0 0 0 0 1 0 0 13 4 10 0 0 0 0 0 2 0 0 0 0 20 37 0 0 0 0 0 0 0 0 0 0 0 6 0 0 0 0 0 0 0 1 0 0 7 64 0 3 4 0 0 0 0 0 0 0 0 0 0 0 0 0 0 0 0 0 0 0 0 9 1 0 
 0 0 0 0 0 0 0 0 0 0 0 2 0 0 0 0 3 0 0 0 0 0 207 0 1 0 203 0 0 0 0 2 2 0 0 0 0 0 0 0 35 54 57 30 120 0 36 37 114 57 69 130 281 44 46 112 48 57 53 52 0 6 52 6 0 0 82 0 4 0 51 0 2 6 63 33 36 0 3 54 0 0 0 0 0 0 0 0 0 2 0 0 0 0 0 16 0 0 0 0 0 0 0 0 0 0 0 0 0 13 0 0 0 0 0 0 0 0 0 0 0 0 0 21 9 18 0 0 0 11 0 18 0 0 0 0 0 28 0 0 2 23 15 55 10 1 12 0 0 0 1 0 6 20 15 20 12 28 4 0 0 0 0 0 0 0 0 0 0 0 0 0 0 0 0 0 0 0 0 0 0 0 0 0 15 0 0 0 0 0 0 0 0 0 0 0 0 0 0 0 0 0 0 0 0 21 0 0 0 27 0 10 0 5 0 20 0 14 0 0 11 19 0 8 0 0 0 37 30 3 15 9 11 9 31 15 12 18 1 11 0 12 0 0 0 0 0 0 2 0 0 0 0 0 0 0 0 0 0 23 0 0 80 1 0 29 4 4 1 0 16 0 0 0 0 0 0 0 0 0 0 0 0 0 0 0 0 0 13 12 
 0 0 0 0 0 0 0 0 0 0 0 0 0 0 0 0 0 0 0 0 0 0 0 110 130 0 0 0 132 0 145 70 2 0 1 0 0 39 0 1 66 71 133 136 36 36 0 116 147 86 87 30 528 339 57 105 114 238 403 68 4 0 3 0 1 0 0 0 0 0 0 0 0 0 0 0 5 0 0 0 0 0 0 0 0 0 0 0 0 0 0 0 0 0 0 0 0 0 0 0 0 0 13 50 0 33 0 0 0 0 0 0 0 0 0 0 0 0 0 0 19 10 19 7 0 0 35 7 7 0 0 7 0 49 43 0 30 10 0 0 0 0 0 0 0 0 0 0 0 0 0 0 0 0 0 12 0 0 9 0 0 1 0 0 0 6 0 0 0 0 0 0 0 0 0 0 0 0 0 0 0 0 0 3 14 16 0 0 0 0 0 6 0 0 0 0 0 0 0 0 16 6 38 3 0 2 17 15 13 0 1 0 0 14 19 8 10 0 22 6 0 0 0 0 0 0 0 0 2 0 0 7 0 0 0 0 0 0 0 0 0 0 0 0 0 0 0 0 0 0 0 7 0 0 0 0 0 125 0 0 0 0 2 1 66 0 0 0 0 0 0 0 0 0 0 0 0 0 0 0 0 0 0 0 0 0 4 0 0 0 
 0 1 0 62 0 0 0 0 0 0 63 0 0 0 2 0 0 0 0 0 0 0 0 0 0 0 0 0 0 0 0 0 2 3 0 0 2 0 0 0 180 74 218 70 74 37 116 0 210 282 168 95 86 215 239 102 472 42 169 104 0 0 0 2 1 0 0 0 0 3 2 0 0 1 3 1 2 0 4 2 0 0 0 0 0 0 0 0 0 0 0 0 0 0 0 0 0 0 0 0 0 9 0 0 0 0 0 0 0 0 0 0 0 0 0 0 0 0 0 0 11 19 26 39 0 0 0 7 1 33 13 55 0 24 0 23 0 25 0 15 0 0 0 0 0 0 0 0 0 0 0 0 19 0 0 0 0 0 21 16 0 0 0 0 0 10 0 0 0 0 0 0 0 0 0 0 0 0 0 0 0 0 0 0 0 0 0 1 0 0 0 0 0 0 0 0 0 0 0 0 27 0 11 20 0 1 9 26 13 0 18 18 0 11 19 11 26 5 0 6 0 0 0 0 0 0 0 0 8 0 0 0 9 0 0 0 0 0 0 0 0 0 29 0 0 0 0 0 0 0 0 4 0 0 1 0 0 0 0 0 0 0 2 0 67 1 0 14 0 0 0 0 0 0 55 0 0 0 0 0 0 0 0 0 0 2 0 0 0 0 
 0 1 1 0 1 0 0 1 2 0 2 0 0 1 2 0 1 0 0 0 4 0 0 0 0 0 0 37 0 0 0 0 0 5 0 62 0 0 0 2 59 135 152 89 111 114 147 210 0 251 92 61 99 139 145 116 105 162 106 111 0 0 3 2 1 12 0 0 2 0 2 10 0 0 0 0 4 6 0 0 0 0 0 0 0 0 0 0 0 0 0 0 0 0 0 0 0 0 0 0 0 0 0 0 0 0 0 0 0 0 0 0 0 0 0 0 0 0 0 0 7 11 21 38 9 8 0 7 49 1 0 0 0 19 10 9 0 21 0 0 0 18 0 0 3 0 0 0 1 0 0 4 0 0 5 0 0 0 0 10 0 0 0 0 0 6 0 0 0 0 0 0 0 0 0 0 0 0 0 0 0 0 0 0 0 0 0 0 0 0 0 0 0 0 0 0 0 0 0 0 22 0 0 19 10 9 9 33 21 14 1 12 0 0 26 17 7 0 0 18 0 0 0 0 4 4 5 0 0 0 3 0 6 0 21 0 5 0 0 1 0 0 0 0 0 0 0 0 0 0 0 8 0 0 14 0 0 0 0 1 0 0 2 1 7 1 1 0 0 0 9 0 0 0 0 1 0 0 0 0 0 0 0 0 11 13 0 0 1 0 
 3 3 3 3 3 2 3 3 4 3 3 3 3 3 3 3 3 3 3 3 0 0 6 0 0 1 0 0 0 0 0 0 2 3 0 0 3 0 0 0 40 493 341 96 91 57 86 282 251 0 137 109 50 536 325 170 104 54 280 105 0 0 0 3 0 1 52 0 0 0 3 2 0 0 0 0 0 19 0 0 0 0 0 0 0 0 0 0 0 0 0 0 0 0 0 0 0 0 0 0 0 0 0 0 0 0 0 0 0 0 0 0 0 0 0 0 0 0 0 0 0 9 33 15 12 30 42 6 16 39 3 7 0 13 58 6 14 14 0 0 0 0 0 0 10 0 0 0 1 0 0 6 0 0 36 0 0 0 23 13 0 0 0 0 0 3 0 0 0 0 0 0 0 0 0 0 0 0 0 0 2 0 0 0 0 0 0 0 0 0 0 0 0 0 0 0 0 0 0 0 12 0 0 17 16 12 12 22 14 19 1 25 0 23 10 18 1 0 1 0 0 13 0 0 10 16 14 0 0 0 0 0 23 1 22 0 0 0 14 18 0 0 0 0 0 0 0 0 0 0 0 8 0 1 0 0 0 0 0 0 0 0 62 1 0 2 2 0 3 0 7 0 0 0 0 8 0 0 0 0 0 0 0 0 2 0 0 0 0 0 
 0 0 0 0 0 0 0 1 0 0 0 0 0 0 0 61 0 0 6 0 0 0 1 0 2 63 0 0 1 0 0 3 0 0 0 0 0 0 0 0 101 242 257 135 150 69 87 168 92 137 0 60 24 103 96 459 203 50 288 360 0 0 0 0 5 0 0 0 0 5 1 0 0 0 0 0 0 0 105 0 0 0 0 0 0 0 9 0 0 0 0 0 0 0 0 0 0 0 0 0 19 0 0 0 0 0 0 0 0 0 0 0 0 0 0 0 0 0 0 0 0 1 6 13 22 9 9 25 0 2 11 16 0 4 0 0 0 11 13 9 0 8 0 0 0 0 15 1 2 0 0 0 32 14 7 0 0 0 46 6 0 24 0 0 0 3 0 0 0 0 0 0 0 0 0 0 0 0 0 0 0 0 0 0 6 0 0 0 0 0 0 0 0 0 0 0 0 0 17 0 6 9 0 15 18 3 11 26 6 19 0 2 0 0 2 14 40 23 13 0 3 1 7 0 0 8 37 0 0 0 0 0 15 6 0 0 0 0 45 35 0 0 16 0 0 0 0 0 0 0 0 5 0 0 0 0 0 0 0 1 0 26 0 0 0 0 16 71 1 0 0 0 0 0 0 0 0 0 0 0 0 0 0 0 12 10 0 0 2 0 
 0 0 0 1 30 0 0 1 66 0 0 0 0 60 0 37 6 0 0 0 2 5 2 2 2 2 3 2 2 2 2 2 3 2 2 2 6 5 3 2 22 97 67 34 63 130 30 95 61 109 60 0 32 230 169 52 63 349 18 235 0 0 1 0 1 3 50 5 3 0 27 0 17 53 5 0 0 0 54 2 0 0 21 33 20 0 4 0 0 0 0 0 0 0 2 0 0 0 0 0 0 0 0 0 0 0 0 0 0 0 0 0 2 0 0 0 0 0 0 0 0 1 0 30 9 1 0 9 1 9 14 12 0 11 0 11 0 12 0 6 0 10 0 0 0 0 48 3 0 0 0 6 0 0 9 12 0 0 6 0 0 0 19 0 12 0 0 13 9 0 0 0 0 0 0 15 0 0 0 0 15 0 0 0 0 0 0 0 0 0 0 0 1 0 0 0 0 0 14 0 11 1 7 0 0 1 0 9 0 0 15 0 0 0 11 0 0 10 0 54 26 9 0 0 0 0 0 0 0 0 0 0 7 18 1 2 0 11 13 8 0 0 0 0 0 2 0 0 0 80 0 2 0 0 0 0 0 0 0 14 0 29 0 65 3 12 0 0 2 0 0 0 0 0 0 18 0 0 0 0 0 3 0 0 0 0 0 6 2 0 
 0 0 0 0 0 0 0 0 6 0 0 0 0 0 0 0 0 0 0 0 0 67 62 70 81 64 0 1 50 53 21 188 2 6 1 1 2 64 0 0 147 92 262 73 61 281 528 86 99 50 24 32 0 131 47 57 45 28 202 164 5 5 0 0 0 0 5 5 18 0 2 0 1 5 5 6 6 3 0 5 0 0 0 0 0 0 0 0 0 0 0 0 0 0 0 0 0 0 0 0 0 0 0 11 12 48 0 0 0 8 13 13 0 0 0 0 12 7 0 19 6 15 0 1 0 0 0 11 0 0 0 3 13 11 27 0 18 0 0 20 1 1 1 1 0 0 0 1 1 0 2 0 5 0 0 0 0 6 4 35 0 4 0 0 0 0 0 6 0 0 0 0 0 0 0 4 0 0 0 0 0 0 0 19 18 17 0 0 0 10 37 13 0 0 0 9 10 0 0 0 15 10 15 0 0 0 22 0 0 0 11 0 31 11 0 10 0 0 41 13 0 7 2 0 0 0 0 0 1 3 0 0 0 0 7 1 0 5 0 0 0 0 0 0 0 0 0 0 0 0 0 4 0 0 0 0 0 65 0 0 0 0 0 0 0 0 15 0 2 0 0 0 0 0 0 0 0 0 0 0 0 1 0 0 0 7 31 0 2 0 
 2 5 2 2 2 3 2 2 6 2 2 2 2 2 2 2 2 2 2 2 2 5 2 3 2 3 2 2 2 2 66 2 4 4 2 2 2 2 2 2 42 111 280 71 310 44 339 215 139 536 103 230 131 0 147 79 304 23 86 317 0 0 0 0 2 0 2 0 0 0 1 0 0 0 0 0 0 0 7 0 0 0 0 0 0 0 0 0 0 1 0 0 0 0 0 0 0 0 0 0 0 0 0 0 0 0 0 0 0 0 0 0 0 0 0 0 0 0 0 0 0 21 38 19 3 0 20 7 7 7 2 7 0 15 14 18 29 2 0 2 0 0 0 0 0 0 3 0 6 0 5 0 0 3 0 0 0 0 19 0 0 0 0 0 0 17 0 0 0 0 0 0 0 0 0 0 0 0 0 0 0 0 0 0 0 28 0 0 0 0 0 0 0 0 0 0 0 0 0 0 44 12 26 13 0 7 8 7 15 0 0 14 0 21 21 9 4 1 24 0 3 2 0 0 0 0 6 0 0 0 0 0 20 9 0 0 0 0 3 24 0 0 0 0 0 0 0 0 0 0 0 7 0 0 0 0 0 0 0 0 2 0 2 1 2 1 0 0 2 0 0 0 0 0 0 0 0 15 0 0 0 2 0 0 0 10 0 0 2 0 
 0 0 1 0 1 2 1 0 1 1 6 0 0 1 0 0 0 0 0 0 0 0 0 0 0 1 0 0 0 0 0 0 2 2 0 4 0 3 0 3 277 130 83 115 422 46 57 239 145 325 96 169 47 147 0 202 337 133 135 131 0 0 0 0 10 0 0 0 0 6 2 0 1 2 0 0 0 0 7 0 0 0 0 0 0 0 0 0 0 17 0 0 0 0 0 0 0 0 0 0 3 0 0 0 0 0 0 0 0 0 0 0 0 0 0 0 0 1 0 0 19 3 31 25 8 1 1 0 12 28 60 20 0 15 0 2 0 27 0 11 0 0 0 0 0 0 0 0 0 0 0 0 10 0 0 0 0 0 12 3 0 0 0 0 0 0 0 0 0 0 0 0 0 0 0 0 0 0 0 0 0 0 0 0 0 2 0 0 0 0 0 0 0 0 0 14 0 0 0 0 1 8 14 15 0 13 0 8 6 0 14 15 0 1 17 2 44 10 10 13 0 0 0 0 0 0 0 0 0 0 0 0 0 0 0 0 0 0 1 14 0 0 9 0 0 0 0 0 0 0 0 23 0 0 0 0 0 1 0 12 0 0 2 13 68 16 0 69 2 0 0 0 0 0 0 0 0 0 0 0 0 0 0 0 15 17 0 0 0 8 
 1 4 1 2 0 2 2 2 1 0 0 0 1 0 2 0 2 0 1 8 1 2 2 1 7 1 4 2 2 1 2 2 6 5 1 1 5 3 0 2 161 77 182 54 94 112 105 102 116 170 459 52 57 79 202 0 265 49 46 379 23 0 0 0 5 0 0 0 0 6 3 0 2 0 0 0 0 0 2 0 0 0 0 0 3 5 0 0 1 0 0 0 0 0 19 0 0 0 0 0 6 0 0 0 0 0 0 0 0 0 0 0 0 0 14 0 0 0 0 5 0 23 22 27 0 0 1 7 0 35 2 12 0 17 0 10 0 9 0 5 0 0 0 0 0 0 0 0 1 0 0 0 2 0 0 0 0 1 21 3 0 0 0 0 0 8 0 0 0 0 0 0 0 8 0 0 0 0 0 16 0 8 2 0 0 0 4 0 0 0 0 0 10 7 13 0 0 0 0 9 16 0 0 21 0 1 9 20 25 1 15 15 0 20 19 12 9 25 0 0 0 0 0 0 0 0 0 0 0 0 0 0 0 0 0 0 0 0 0 0 0 0 7 0 0 0 10 0 0 0 0 3 0 2 0 0 0 1 0 3 0 0 0 0 1 3 0 30 2 0 0 0 0 0 0 0 0 0 0 0 0 0 0 0 0 0 0 0 1 0 
 0 2 0 0 0 0 0 0 0 0 0 0 0 0 0 1 0 0 0 0 0 2 0 64 2 0 0 0 0 1 1 1 0 0 0 0 0 7 0 0 57 113 134 44 109 48 114 472 105 104 203 63 45 304 337 265 0 131 455 46 0 0 0 0 8 0 0 0 0 12 12 0 0 0 0 0 0 0 7 0 0 0 0 1 0 17 0 0 0 0 0 0 0 0 0 0 0 0 0 0 0 0 0 0 0 0 0 0 0 0 0 0 0 0 0 0 0 0 0 0 33 51 84 36 0 0 0 7 10 20 10 10 0 25 0 8 0 21 0 10 0 9 0 0 0 4 0 15 3 2 0 0 12 0 0 0 13 0 12 4 0 0 8 0 0 7 0 0 0 0 0 0 0 0 0 0 0 0 0 0 0 0 0 0 0 1 0 0 0 0 0 0 0 0 0 0 0 0 0 0 24 0 0 22 0 1 9 52 22 0 17 21 0 0 34 9 44 9 11 16 0 1 0 6 0 0 0 0 0 0 0 0 0 0 0 0 0 0 0 1 0 0 18 0 0 0 0 0 0 0 0 6 0 1 0 0 0 1 0 2 0 0 0 1 34 0 0 63 1 0 5 0 0 0 0 0 0 0 0 0 0 0 0 0 15 11 0 0 0 0 
 3 2 1 0 0 2 1 2 1 1 2 2 3 3 3 2 1 2 0 0 64 40 0 2 1 2 2 1 1 2 1 4 4 0 4 2 3 5 2 2 27 96 155 167 116 57 238 42 162 54 50 349 28 23 133 49 131 0 101 255 0 0 0 0 0 0 0 0 0 0 14 0 0 8 0 0 0 13 0 3 0 0 0 0 0 0 0 0 0 0 0 0 0 0 21 0 0 0 0 0 0 0 17 0 0 0 0 0 0 0 0 0 0 0 0 0 0 0 0 0 16 8 15 13 0 0 0 0 0 0 16 0 0 24 0 11 0 12 0 0 0 0 0 0 0 0 10 13 1 0 0 1 0 1 0 0 0 0 0 0 0 0 0 0 8 2 0 0 0 0 0 4 0 0 0 0 0 0 0 0 0 0 0 0 0 0 0 0 0 0 0 0 0 0 0 0 0 0 0 10 9 3 24 0 24 27 0 19 0 0 11 14 0 0 22 0 11 9 0 7 0 0 0 0 7 0 0 10 0 0 0 0 0 0 0 0 0 1 0 4 0 0 0 0 0 0 1 0 0 0 0 0 0 0 0 0 0 1 0 8 0 0 0 61 62 4 3 2 0 0 0 0 0 0 0 0 0 0 0 0 0 0 0 0 0 12 0 0 2 1 
 1 0 1 0 1 2 1 0 1 1 1 0 0 1 0 0 0 0 0 1 0 3 62 34 32 0 0 0 10 1 39 64 0 0 0 0 2 6 0 0 347 42 64 109 76 53 403 169 106 280 288 18 202 86 135 46 455 101 0 346 0 0 0 0 2 0 0 0 0 0 1 0 0 0 0 0 0 0 0 0 0 0 0 0 12 0 0 0 0 0 0 0 0 0 0 0 24 0 0 0 0 0 0 8 0 2 0 0 0 0 0 0 0 0 0 0 13 0 0 0 25 0 0 9 12 0 12 27 1 0 10 54 0 0 3 8 16 28 6 0 0 0 0 0 0 0 0 0 0 16 0 0 0 0 0 0 0 0 0 0 0 0 0 0 0 0 1 0 0 0 0 0 0 0 0 1 0 0 0 0 0 0 0 0 65 0 0 0 0 11 8 11 0 0 0 33 11 0 0 0 7 0 0 0 0 0 19 16 0 0 0 0 0 1 0 17 36 21 8 24 0 1 0 0 0 0 0 0 0 0 0 0 0 0 0 0 0 0 0 0 0 0 0 0 0 0 0 0 0 0 0 5 0 0 0 0 0 0 71 0 0 0 0 0 37 1 0 0 2 0 0 0 0 0 0 0 0 0 0 0 0 0 0 0 0 0 10 0 0 15 
 3 3 3 3 3 2 31 3 3 3 3 29 3 3 3 3 3 3 5 3 2 5 135 138 88 69 2 2 74 84 142 31 4 5 2 2 2 2 2 2 72 56 60 384 175 52 68 104 111 105 360 235 164 317 131 379 46 255 346 0 4 0 0 0 0 0 0 0 0 0 2 0 5 0 0 0 0 0 0 0 0 0 0 0 0 0 0 0 0 0 0 0 0 0 0 0 0 0 0 0 0 0 0 13 15 85 0 0 0 19 2 3 0 0 0 0 0 7 0 0 2 23 59 0 0 1 52 23 0 0 10 8 14 3 0 2 13 0 10 2 0 0 0 0 0 0 0 0 0 0 0 0 0 0 0 0 0 0 0 3 0 0 0 0 0 0 0 0 0 0 0 2 0 0 0 0 0 0 0 0 0 0 0 19 16 1 0 0 0 0 0 18 0 0 0 0 1 10 0 0 0 0 21 1 0 9 5 14 0 0 0 4 31 22 4 26 10 14 2 25 0 0 0 0 0 0 0 0 0 0 0 0 0 0 0 0 0 0 0 0 0 0 0 0 0 0 0 0 0 34 0 9 0 2 1 0 0 122 55 2 0 0 67 0 2 2 0 0 0 0 0 0 0 0 0 0 0 0 0 0 0 0 8 0 1 7 5 0 0 0 
 3 3 3 3 3 3 3 6 3 3 3 3 3 3 3 3 3 3 3 3 0 0 0 4 0 0 0 0 0 0 5 2 0 0 0 0 0 0 1 0 0 18 0 2 2 0 4 0 0 0 0 0 5 0 0 23 0 0 0 4 0 163 126 79 69 26 88 162 122 112 129 25 292 152 239 458 73 28 126 410 0 0 0 0 0 0 0 0 0 8 0 0 0 0 0 0 0 0 0 0 0 0 0 0 0 0 0 0 0 0 0 0 0 0 0 0 0 0 0 0 1 0 0 0 6 0 3 1 0 0 0 0 1 0 0 0 3 0 0 0 17 59 19 0 7 58 3 34 30 5 21 3 18 0 0 10 33 0 3 26 0 0 0 0 0 0 0 0 0 0 0 0 0 0 0 0 3 0 0 15 0 0 0 0 3 0 0 0 0 1 1 4 0 0 0 1 1 0 0 0 0 0 3 0 0 21 0 0 16 0 0 0 0 0 0 0 0 0 1 4 15 7 29 36 10 0 8 12 9 21 8 10 30 8 9 0 0 48 13 23 0 0 0 0 0 0 0 0 0 0 0 0 0 0 17 0 0 3 0 0 0 0 0 0 0 0 0 0 0 0 0 0 0 0 2 2 0 1 0 0 0 0 0 0 0 0 9 0 0 0 
