 0 512 68 53 307 474 188 97 148 26 45 69 300 49 166 332 135 260 37 244 2 0 0 0 0 0 2 0 0 0 1 0 0 0 1 0 0 5 0 0 0 1 0 0 0 21 0 2 1 2 21 0 0 0 2 3 0 0 2 0 0 2 0 37 0 3 0 10 3 0 0 0 0 0 11 2 0 0 3 0 1 10 38 0 0 0 13 10 8 30 0 0 12 16 0 10 0 16 51 44 0 0 0 0 0 0 15 0 0 0 3 0 0 0 0 0 0 0 0 0 0 0 0 0 0 0 0 0 0 0 0 0 0 0 0 0 0 0 4 0 0 0 0 0 0 0 0 0 0 0 0 0 0 0 0 0 0 0 0 0 9 21 15 0 0 0 0 1 0 14 10 13 10 0 26 2 0 0 23 10 0 0 0 0 0 0 0 0 0 0 0 0 0 0 0 0 0 0 0 0 0 0 0 0 0 0 0 0 0 0 0 0 0 0 0 0 0 0 0 0 0 0 0 0 0 0 0 0 0 0 0 0 1 0 0 12 0 0 0 0 0 0 0 0 0 0 0 0 99 0 17 9 0 0 0 0 0 0 0 0 0 0 0 0 0 0 0 0 0 0 0 0 0 0 0 0 0 0 0 0 0 0 0 0 0 0 0 0 0 0 
 512 0 305 374 135 197 502 205 344 313 50 71 64 233 587 152 231 491 131 145 0 0 0 0 0 0 76 0 3 0 1 0 87 0 2 0 0 4 76 36 0 0 0 1 5 0 0 2 0 2 3 0 0 0 2 3 0 0 0 0 0 2 40 1 0 3 2 0 3 0 0 0 0 41 0 3 8 0 4 0 0 8 16 64 0 16 13 0 23 0 34 34 19 0 2 29 17 19 9 0 0 0 0 0 0 0 17 1 0 2 0 0 21 0 0 0 0 0 0 10 0 0 0 0 0 0 0 0 0 0 1 0 0 0 0 0 0 0 0 0 0 0 5 0 0 0 0 0 1 0 0 0 0 0 0 0 0 0 0 0 0 9 0 111 38 14 0 6 14 27 10 0 0 0 0 23 22 22 31 0 13 0 0 1 0 1 9 0 0 0 0 0 10 9 0 0 0 0 32 8 0 0 0 0 0 0 0 0 0 0 0 0 0 0 0 0 0 0 0 0 0 0 0 0 0 0 0 0 0 0 14 0 0 1 0 0 0 0 0 0 0 21 0 0 0 2 21 2 0 3 0 3 0 0 0 0 0 0 0 2 0 0 1 0 0 0 2 0 0 0 0 0 2 0 0 21 4 0 0 0 0 0 0 0 0 0 0 0 0 0 
 68 305 0 395 157 156 166 180 186 147 210 138 61 150 163 224 48 246 217 99 168 0 0 0 0 0 2 0 0 0 50 0 81 1 2 0 0 4 50 74 0 0 0 1 0 0 0 2 0 2 3 0 0 0 2 3 0 0 0 0 1 3 0 0 0 3 1 0 3 0 0 0 0 3 0 3 4 1 0 0 20 14 22 25 8 32 0 0 25 15 11 19 16 0 0 0 22 32 0 0 0 16 15 0 0 0 0 17 0 0 0 0 0 17 0 0 0 0 0 45 0 0 0 0 0 0 0 0 0 0 0 0 0 0 0 0 0 0 0 1 0 0 0 0 1 0 21 0 0 0 0 0 0 0 0 12 0 0 0 0 14 0 9 0 17 18 34 0 30 28 26 11 0 1 0 0 32 18 0 0 18 0 0 0 0 0 7 0 0 0 0 0 21 7 64 0 1 0 72 7 0 0 0 0 0 0 0 0 0 0 0 0 0 0 0 0 0 0 0 0 0 0 0 1 0 0 0 0 1 0 0 0 0 0 0 0 0 0 0 0 0 13 0 0 0 0 88 2 0 2 2 12 0 0 0 0 0 0 0 0 0 0 0 0 0 0 0 0 0 0 0 0 0 0 0 0 0 0 0 0 0 0 0 0 0 0 0 0 0 0 
 53 374 395 0 237 347 379 332 176 128 243 114 166 198 198 529 156 43 105 68 27 0 0 1 1 0 10 75 0 0 1 2 4 36 0 0 1 3 0 74 0 0 0 62 0 0 1 3 0 2 3 0 0 0 2 4 0 0 2 0 2 3 0 3 0 3 0 0 3 4 0 0 0 3 0 4 0 0 0 0 0 23 16 24 51 40 0 62 3 10 0 31 0 0 0 0 18 19 0 0 1 0 0 2 0 19 0 43 19 0 0 0 0 4 0 1 11 0 43 12 0 0 0 0 0 0 0 0 0 0 0 0 0 0 0 0 0 0 0 0 0 0 0 0 7 0 3 0 0 0 0 0 0 0 0 4 0 0 16 0 0 0 9 0 40 30 6 0 18 0 24 1 0 0 18 0 63 60 2 0 14 0 0 0 0 0 23 0 0 1 0 0 24 8 0 0 0 0 63 0 0 0 2 0 0 0 0 0 0 2 0 0 0 0 0 0 0 0 0 0 0 0 0 0 0 0 0 0 0 0 0 0 0 0 0 0 0 0 0 0 0 2 0 0 2 2 3 2 2 143 0 10 1 0 0 0 0 0 2 0 1 0 0 0 0 0 0 0 0 0 0 0 0 0 0 0 10 0 0 0 0 0 0 0 0 0 0 0 0 0 
 307 135 157 237 0 95 229 316 230 196 138 484 166 247 173 192 420 42 81 319 0 75 0 0 0 0 3 0 0 0 2 0 63 0 36 0 0 3 0 0 0 0 62 75 0 0 0 2 0 2 3 69 0 0 2 3 1 0 0 0 2 34 0 0 0 3 0 0 3 0 0 0 0 3 0 3 7 2 0 0 1 11 17 25 34 11 12 19 10 0 0 28 0 10 19 22 11 14 0 0 14 2 0 0 0 0 16 0 0 1 0 0 10 0 0 0 18 0 10 0 0 0 0 1 0 0 0 0 0 0 0 0 0 0 0 0 0 0 0 0 0 1 0 0 0 0 0 7 0 0 0 0 0 0 0 0 0 0 0 0 13 0 0 10 33 18 15 0 14 15 0 2 0 0 0 15 14 18 0 0 17 0 13 0 0 0 0 0 0 24 2 0 12 0 0 0 0 0 7 1 0 1 0 0 0 0 0 0 0 0 0 0 0 0 0 0 0 0 0 0 0 0 0 0 0 0 0 0 0 0 0 0 0 0 0 0 0 0 0 0 0 1 0 0 0 0 2 0 5 88 0 12 0 0 0 0 0 0 0 0 0 0 1 0 0 0 0 0 0 0 0 0 0 0 0 27 0 0 0 0 0 0 0 10 0 0 0 0 0 0 
 474 197 156 347 95 0 28 123 202 87 168 284 260 46 67 590 72 133 59 56 137 0 1 3 0 0 4 77 0 0 0 0 7 27 0 0 1 3 63 74 0 0 0 1 0 0 0 2 0 2 0 0 0 0 2 3 0 0 2 0 3 2 0 5 0 3 2 2 3 0 0 0 0 0 0 7 0 0 2 0 32 8 1 22 12 22 0 12 11 27 9 8 26 2 18 0 36 14 0 0 2 41 0 0 7 0 0 20 18 0 8 0 0 0 0 0 11 0 32 15 0 0 10 0 0 0 0 0 0 0 0 0 0 0 0 0 0 0 0 0 0 0 0 0 5 0 2 0 20 0 0 0 0 6 0 1 0 0 0 0 0 24 13 0 10 17 5 0 0 0 0 10 0 0 20 0 36 28 1 0 32 0 0 0 0 0 0 0 8 0 0 0 0 0 21 0 0 0 32 0 0 0 0 0 0 0 0 0 0 0 10 0 0 0 0 0 0 0 1 0 0 0 0 0 0 0 0 0 0 0 0 0 0 0 0 0 0 0 0 0 0 0 0 0 0 3 88 4 1 91 0 6 6 0 0 0 0 0 0 0 0 0 0 0 0 0 0 0 0 0 0 0 0 0 0 0 7 48 0 0 0 0 0 0 0 0 0 0 0 0 
 188 502 166 379 229 28 0 230 315 40 214 104 174 463 267 360 388 43 119 250 1 1 0 0 0 0 2 0 0 0 1 0 0 0 2 0 0 3 3 76 0 0 0 65 0 0 0 2 0 3 3 0 1 0 2 3 0 0 2 0 0 33 4 0 0 3 0 0 3 0 48 0 0 0 0 2 5 0 0 0 30 12 17 6 27 13 20 24 0 5 0 7 14 8 7 20 0 46 0 15 0 0 0 0 0 0 0 0 0 0 0 0 0 0 0 0 0 0 18 0 0 0 0 0 0 2 0 1 0 0 0 0 0 0 0 0 0 0 0 0 0 0 0 0 0 0 0 0 0 0 0 0 0 0 0 0 0 23 0 0 32 1 32 0 13 0 22 20 11 0 33 23 0 10 0 18 1 10 0 18 0 0 2 0 0 12 0 0 0 0 0 0 10 0 0 0 0 0 0 0 0 0 0 0 0 0 0 0 0 0 0 0 0 0 0 0 0 0 14 0 0 0 0 0 0 0 0 0 0 0 0 0 0 25 2 0 0 0 0 0 0 0 0 0 0 2 2 2 3 6 0 7 0 0 0 0 0 0 0 0 0 0 0 0 0 0 16 0 0 0 0 0 0 2 0 0 0 0 0 0 0 0 0 0 0 0 0 0 0 0 
 97 205 180 332 316 123 230 0 331 128 206 208 122 203 81 212 134 40 261 352 1 0 0 0 0 0 2 0 0 0 0 0 75 0 1 1 0 3 0 0 0 0 0 0 0 0 1 3 0 2 3 0 0 0 2 3 0 0 2 0 13 3 0 0 0 3 1 0 57 0 0 3 0 3 10 13 6 0 0 1 16 0 25 12 0 34 0 12 8 0 0 7 15 11 11 6 10 19 13 0 0 0 0 8 0 0 0 38 0 0 0 0 0 0 0 0 0 0 0 13 0 0 0 0 0 0 0 0 0 0 0 0 0 0 27 2 0 0 0 0 1 0 0 2 55 0 7 8 0 0 0 0 0 2 0 38 0 0 0 0 30 25 22 0 28 11 15 1 37 12 25 8 0 0 18 1 19 21 7 10 10 0 0 0 0 0 9 0 0 0 0 0 9 14 0 0 1 0 8 7 0 0 0 0 0 0 0 0 0 0 0 15 0 2 0 0 0 0 0 0 0 0 0 0 0 0 0 0 0 0 0 0 0 0 0 0 0 0 0 0 0 14 0 0 0 0 105 17 86 0 15 9 0 3 0 0 0 0 0 2 0 0 63 0 0 0 0 0 0 0 0 0 0 0 0 0 0 0 0 0 0 0 0 0 0 0 0 0 0 0 
 148 344 186 176 230 202 315 331 0 387 32 41 82 116 663 204 120 41 80 85 131 0 0 0 0 0 80 1 5 3 1 2 108 149 17 0 2 5 0 1 0 0 0 0 41 0 74 3 0 2 4 0 0 0 2 65 0 3 0 0 0 3 0 2 0 7 4 0 3 6 0 0 0 0 0 2 0 0 0 0 25 0 0 26 0 10 2 11 10 23 50 2 13 19 34 15 0 50 19 0 0 0 0 0 0 0 12 19 0 0 0 0 18 0 0 0 0 0 10 0 2 0 0 0 0 0 0 0 0 0 2 0 0 0 0 0 0 0 0 0 0 5 0 0 9 2 0 0 2 7 0 0 0 3 0 0 0 0 0 0 15 16 14 19 24 21 0 0 15 0 26 54 0 0 62 15 32 31 0 25 49 0 0 0 0 0 14 0 0 0 0 0 2 12 0 0 0 0 22 60 0 0 0 0 0 0 0 0 0 0 11 1 0 0 0 0 0 0 0 0 0 0 0 0 0 0 0 0 0 0 0 0 0 2 0 0 0 0 0 0 0 15 0 0 0 3 134 2 2 9 2 6 0 0 0 0 0 0 0 0 0 0 0 0 0 0 0 2 0 0 0 0 0 0 0 0 2 8 0 0 0 0 0 0 0 0 0 0 0 0 
 26 313 147 128 196 87 40 128 387 0 514 100 141 152 95 260 370 142 320 313 22 0 0 1 0 0 150 2 0 0 2 3 19 34 1 0 0 3 19 173 2 0 2 62 3 0 1 5 0 2 5 0 0 0 2 9 0 0 71 4 3 3 2 3 0 6 0 0 3 0 0 0 0 48 2 3 0 0 3 1 0 0 9 0 4 12 0 0 7 21 24 15 0 0 0 8 0 0 0 0 0 0 0 0 0 0 19 19 13 0 2 0 10 18 0 7 0 0 66 25 0 0 0 0 0 0 0 0 0 0 0 0 0 0 0 0 0 2 0 0 1 0 0 0 1 0 0 0 0 0 0 0 0 0 0 0 0 0 14 0 0 7 0 7 0 1 1 0 0 18 19 0 0 0 0 0 1 0 0 0 0 0 13 0 0 0 21 0 0 0 0 0 14 10 15 0 20 0 61 19 10 0 0 0 0 0 0 0 0 0 0 0 0 0 0 0 0 0 0 0 0 0 0 0 1 0 0 0 0 0 1 0 0 0 0 0 2 0 0 0 0 1 0 0 0 1 16 2 2 93 0 3 0 0 0 0 0 0 0 0 0 0 9 0 0 0 0 0 0 0 0 0 0 0 0 0 0 0 0 0 0 0 0 0 0 0 0 0 0 0 
 45 50 210 243 138 168 214 206 32 514 0 322 27 300 330 298 151 138 56 64 75 0 0 0 0 0 2 74 0 0 2 0 74 79 1 0 0 3 0 5 0 0 0 62 0 0 0 2 0 2 0 0 0 0 2 3 0 0 0 0 0 33 0 2 0 3 0 0 3 0 0 0 0 0 0 2 0 0 0 0 0 16 5 19 22 20 0 16 0 11 17 9 0 10 1 24 0 19 2 0 0 0 0 0 0 0 0 25 0 30 0 0 0 20 0 0 0 0 24 23 0 0 0 0 0 0 0 0 0 0 0 1 1 0 1 0 0 0 0 0 0 0 0 0 4 0 4 0 0 0 6 1 0 0 0 4 0 0 0 0 0 0 18 19 40 23 2 0 15 28 13 8 0 0 15 0 59 16 0 0 2 0 0 0 0 0 16 0 0 0 0 0 20 23 0 0 2 0 37 0 0 0 0 0 0 9 0 0 0 0 0 0 0 0 0 0 0 0 8 0 0 0 0 0 0 0 0 0 0 0 8 0 0 0 0 0 0 0 0 0 0 1 0 0 0 1 4 0 0 94 0 158 0 0 0 0 0 0 0 0 0 0 0 0 0 0 0 0 0 0 0 0 0 0 0 1 0 0 0 0 0 0 0 0 0 0 0 0 0 0 
 69 71 138 114 484 284 104 208 41 100 322 0 41 33 52 116 285 56 453 245 3 0 3 3 4 0 207 75 0 0 0 6 74 105 3 0 78 3 65 64 3 0 0 0 8 0 0 2 0 2 3 2 0 3 3 3 2 0 2 7 0 2 0 0 2 2 0 0 2 0 0 2 0 0 0 2 0 1 0 0 0 0 0 0 14 23 12 0 0 0 16 0 0 0 0 0 0 0 0 0 12 0 11 0 0 0 4 13 53 20 11 15 22 3 0 32 30 0 12 24 0 0 0 0 0 0 0 0 0 0 0 0 1 0 0 0 0 0 0 0 0 0 0 0 10 0 4 0 0 0 0 0 0 0 0 5 26 0 0 0 0 1 11 14 14 0 0 0 0 19 33 0 0 4 24 0 5 0 0 0 21 3 32 0 0 1 29 35 8 0 0 0 54 17 19 8 0 1 75 20 0 0 0 2 0 0 0 0 0 0 0 0 0 0 0 0 0 0 10 0 0 0 0 0 0 2 0 0 19 0 0 0 0 0 0 0 0 0 0 0 0 0 0 0 0 0 4 0 0 0 2 0 18 0 0 0 0 0 26 0 0 0 4 0 0 0 0 0 0 0 0 0 0 0 0 0 0 0 0 0 0 0 0 0 0 0 0 0 0 0 
 300 64 61 166 166 260 174 122 82 141 27 41 0 64 146 132 34 40 220 168 0 0 0 0 0 0 2 0 0 0 2 0 2 0 1 0 0 3 0 0 0 0 0 1 0 0 0 2 0 2 3 0 0 0 2 3 0 0 2 0 1 39 9 0 0 3 0 8 3 0 0 0 0 2 0 3 0 0 0 0 35 10 16 5 19 0 17 21 1 16 12 68 23 38 40 20 0 16 59 23 0 0 0 0 0 0 0 0 0 0 0 0 0 0 0 0 0 0 0 2 0 0 0 0 0 0 0 0 0 0 0 0 0 0 0 0 0 0 0 0 0 0 0 0 0 0 0 0 0 0 0 0 0 0 0 0 0 0 0 0 6 18 15 0 0 0 23 0 12 0 0 0 10 61 5 0 3 0 44 0 0 0 0 0 0 0 0 0 0 0 0 0 0 0 0 0 0 0 0 0 0 0 0 0 0 0 0 0 0 0 0 0 0 0 0 2 0 0 0 0 0 2 0 0 0 0 0 0 0 0 0 0 0 0 0 1 0 0 0 0 0 0 0 0 2 0 0 0 89 88 15 5 0 0 82 0 0 0 0 0 1 0 0 0 0 0 0 0 0 0 0 0 0 0 0 0 14 0 0 0 0 0 0 0 0 0 0 0 0 0 
 49 233 150 198 247 46 463 203 116 152 300 33 64 0 434 124 80 125 225 356 0 0 2 0 0 2 2 0 0 0 2 1 2 0 1 0 0 3 0 0 0 0 2 29 0 0 2 3 0 2 3 0 0 0 2 3 0 0 2 0 3 50 0 0 0 3 0 0 3 0 0 0 0 9 0 3 4 0 0 2 9 28 26 34 11 16 48 29 0 0 0 27 6 17 48 26 49 57 1 2 0 0 0 0 0 0 9 0 1 0 0 0 9 0 0 0 0 0 20 0 0 1 0 0 0 0 0 0 0 0 0 0 0 0 0 0 0 0 0 0 0 0 4 0 0 0 0 0 0 0 0 0 2 7 0 0 0 0 0 0 0 43 1 6 37 13 9 9 17 1 0 17 25 0 0 36 20 36 0 0 0 0 0 0 0 0 0 0 0 0 0 0 3 0 0 0 0 1 18 0 0 0 0 0 2 0 0 0 0 0 9 0 0 0 0 0 0 2 0 0 0 0 0 0 0 0 0 0 0 1 1 0 0 3 0 0 0 2 0 0 0 0 0 0 0 0 112 0 0 87 2 8 0 0 0 0 0 0 0 0 0 0 0 0 0 0 0 0 0 0 0 0 0 0 0 26 0 9 0 0 0 0 0 0 0 0 0 0 0 0 
 166 587 163 198 173 67 267 81 663 95 330 52 146 434 0 298 69 61 115 177 3 0 0 0 0 0 69 0 3 1 26 2 74 3 1 72 3 3 0 5 3 0 0 2 3 1 3 2 3 4 3 2 3 1 8 3 3 0 3 0 5 2 0 0 0 4 0 3 3 0 2 3 0 1 0 3 0 2 3 0 12 34 10 47 30 13 22 16 72 21 0 53 11 1 9 11 28 22 5 22 0 0 0 0 11 0 0 0 1 0 0 0 0 0 0 1 0 0 0 0 0 0 0 0 0 0 0 0 0 0 0 0 0 0 0 0 0 0 0 0 0 0 5 0 0 0 0 0 0 0 26 0 0 1 0 0 0 0 0 0 0 0 0 62 14 16 12 25 11 0 24 0 0 17 0 22 33 21 0 6 11 0 0 0 0 0 0 0 0 0 0 0 15 0 0 0 0 0 15 8 0 0 0 0 0 0 0 0 0 1 0 0 0 0 0 0 0 0 1 0 0 0 0 0 0 0 0 0 0 0 0 0 0 0 0 1 0 0 0 0 0 17 0 0 0 2 88 1 1 4 0 19 0 0 0 2 0 0 0 0 0 0 0 0 0 0 0 0 0 0 0 0 0 0 0 1 18 0 0 0 0 0 0 0 0 0 0 0 0 0 
 332 152 224 529 192 590 360 212 204 260 298 116 132 124 298 0 86 339 133 166 74 0 0 0 0 2 2 0 1 104 1 0 75 0 2 0 0 3 72 55 0 0 0 2 0 0 0 2 0 2 3 0 0 0 2 3 0 0 0 0 1 2 0 0 0 3 0 0 3 0 0 0 0 40 0 3 0 0 0 0 1 17 1 5 14 25 0 0 0 25 26 32 0 0 0 0 5 48 38 4 0 0 0 0 1 0 0 13 0 0 0 0 0 12 0 0 0 0 1 11 0 0 0 0 17 2 0 1 0 0 0 0 0 0 0 0 1 0 0 0 0 0 0 0 1 0 1 0 0 0 0 0 0 0 0 1 0 0 0 0 23 8 29 0 19 5 26 12 40 11 45 0 0 37 1 0 26 18 10 13 34 0 0 0 0 0 8 0 0 2 0 0 39 7 10 0 1 0 31 18 0 0 0 0 0 0 0 0 0 0 0 29 0 0 0 0 0 0 0 0 0 0 0 0 0 0 0 0 0 0 0 0 0 0 2 0 0 0 0 0 0 30 0 0 0 2 86 0 2 2 12 3 0 0 0 0 0 0 1 0 0 0 0 0 0 11 0 0 0 0 0 0 0 2 0 0 0 0 0 0 0 0 0 0 0 0 0 0 0 0 
 135 231 48 156 420 72 388 134 120 370 151 285 34 80 69 86 0 163 40 46 0 0 0 3 0 0 2 207 0 0 2 1 1 0 64 0 1 3 2 0 0 0 0 91 0 0 0 2 0 2 3 0 0 0 2 67 0 0 2 0 0 48 0 0 0 2 0 24 2 0 0 0 0 6 0 2 4 0 0 0 3 21 36 11 1 0 3 1 13 1 0 23 11 6 22 31 50 22 10 0 0 0 0 0 0 0 9 0 0 0 0 0 9 0 0 0 0 0 13 0 0 0 0 0 0 0 0 0 0 0 0 0 0 0 0 0 0 0 0 0 0 0 4 0 0 0 0 0 0 0 0 17 0 0 0 2 0 0 0 0 17 15 1 17 17 1 0 4 0 0 2 1 0 0 0 65 0 0 0 3 0 14 0 0 0 0 0 0 0 0 0 0 0 0 0 0 0 0 0 0 2 0 0 0 0 0 0 0 0 0 0 0 0 0 0 0 0 0 0 0 0 0 0 0 1 0 0 0 0 0 0 0 0 0 0 0 0 0 0 0 0 0 0 0 0 2 0 1 2 93 2 23 0 2 0 0 0 0 0 0 0 0 0 0 0 0 0 0 0 0 0 0 0 0 0 12 0 0 0 0 0 0 0 0 0 0 0 0 0 0 
 260 491 246 43 42 133 43 40 41 142 138 56 40 125 61 339 163 0 87 119 70 0 0 0 0 0 97 0 0 0 0 0 150 109 76 0 0 5 82 83 0 72 0 1 0 0 1 3 0 2 3 0 0 0 2 4 0 0 0 0 2 66 0 1 0 3 0 0 3 0 0 0 0 8 1 3 6 0 0 0 0 1 12 15 26 1 18 0 0 19 34 18 24 0 1 11 11 0 9 17 0 13 0 0 19 0 7 1 10 0 0 0 3 28 0 0 0 0 0 30 0 0 0 0 0 0 0 0 0 0 0 0 0 0 0 0 0 0 0 1 0 0 0 0 16 0 0 0 0 0 0 0 0 0 0 0 0 0 2 0 0 5 0 33 42 10 0 0 0 4 26 23 0 0 0 23 0 10 0 0 7 0 0 0 0 0 15 10 0 0 0 0 18 0 22 0 20 0 39 35 1 0 0 0 0 0 0 0 2 0 0 0 0 0 0 0 0 0 1 0 0 0 0 0 1 0 0 0 2 0 0 0 0 0 0 0 0 0 0 0 0 0 0 0 0 3 1 0 2 2 0 11 0 0 0 0 0 0 0 0 0 0 0 0 0 0 0 0 0 0 10 0 0 0 0 26 10 0 0 0 0 0 0 0 0 0 0 0 0 0 
 37 131 217 105 81 59 119 261 80 320 56 453 220 225 115 133 40 87 0 276 2 0 0 0 0 0 2 0 0 0 3 1 0 0 73 1 1 5 0 75 0 0 0 2 2 0 0 2 0 2 2 0 1 0 2 3 0 0 2 0 0 2 0 0 0 3 1 0 3 0 0 0 0 0 0 2 21 0 0 0 48 21 11 11 25 0 20 51 14 14 0 31 44 1 39 36 27 41 19 10 0 0 0 0 0 12 0 0 0 0 0 0 0 0 0 0 0 0 2 0 0 0 0 0 0 0 0 0 0 0 0 0 0 0 0 0 0 0 0 2 0 0 4 0 0 0 0 0 0 0 0 0 0 0 0 0 0 0 0 0 2 22 16 13 0 0 32 34 11 2 14 12 23 43 8 25 0 5 12 34 0 0 18 0 0 0 0 0 0 0 0 0 0 0 0 0 0 0 0 0 0 0 0 0 0 0 0 0 0 0 0 0 0 0 0 0 0 0 0 0 0 0 0 2 0 0 0 0 1 0 0 0 0 0 0 0 0 0 0 0 0 0 0 0 0 0 0 0 2 2 0 5 0 0 0 0 0 0 0 0 0 0 0 0 0 0 0 0 0 0 0 0 0 0 0 5 10 0 0 0 0 0 0 0 0 0 0 0 0 0 
 244 145 99 68 319 56 250 352 85 313 64 245 168 356 177 166 46 119 276 0 0 0 0 0 0 0 2 0 3 0 36 2 0 0 2 0 0 3 0 0 2 0 2 0 3 0 0 2 0 2 1 66 1 0 2 3 0 0 0 0 2 4 0 0 0 3 0 0 3 0 0 0 29 3 0 3 16 0 0 0 51 27 32 21 26 0 45 31 10 44 25 9 17 0 33 11 11 49 33 0 0 0 0 0 0 0 7 0 0 0 0 0 0 12 0 0 0 0 0 0 0 0 0 0 0 0 0 0 0 0 0 0 0 0 0 0 0 0 0 0 0 0 4 0 0 0 0 0 0 0 0 15 0 5 0 0 0 0 0 0 17 37 27 0 0 0 27 1 28 25 0 37 0 35 0 19 3 29 15 0 0 0 0 0 0 0 0 0 0 0 0 0 0 0 0 0 0 0 0 0 0 0 0 0 0 0 0 0 0 0 9 0 0 0 0 0 0 0 0 0 0 0 0 0 0 0 0 0 0 0 0 0 0 0 0 0 0 0 0 0 0 0 0 0 0 1 85 0 88 34 15 15 0 0 0 0 0 0 0 0 0 0 0 0 0 0 0 0 0 0 0 0 0 0 0 4 18 9 0 0 0 0 0 0 0 0 0 0 0 0 
 2 0 168 27 0 137 1 1 131 22 75 3 0 0 3 74 0 70 2 0 0 248 64 103 317 47 171 212 303 95 83 98 181 160 43 150 13 54 215 225 2 0 0 1 0 0 0 0 3 2 0 1 3 3 3 0 0 0 4 0 0 0 0 5 0 0 0 0 0 0 3 0 0 3 0 47 19 0 3 0 0 0 0 0 22 14 0 0 0 19 16 0 0 0 0 0 12 0 0 0 9 22 0 0 0 11 0 38 23 0 8 12 1 18 0 12 22 9 23 35 0 0 0 0 0 0 0 0 0 0 0 0 0 0 0 0 0 0 0 0 0 0 0 0 0 0 0 0 0 0 0 0 0 0 0 0 0 0 0 0 0 0 1 0 1 8 0 0 0 1 18 0 0 0 0 0 11 0 0 0 28 1 0 10 5 12 20 10 12 0 0 0 20 0 42 8 49 26 32 20 0 0 0 0 0 0 0 0 0 0 0 0 11 0 0 0 0 0 0 0 0 0 0 0 0 0 0 0 0 0 0 0 0 0 0 0 0 0 0 0 0 0 12 0 0 0 0 0 0 79 0 0 2 0 0 2 0 0 1 0 0 0 0 0 0 0 0 0 0 0 0 0 0 0 0 0 0 0 0 0 0 12 0 0 0 12 0 0 0 0 
 0 0 0 0 75 0 1 0 0 0 0 0 0 0 0 0 0 0 0 0 248 0 87 57 103 113 59 116 297 93 107 50 126 318 119 271 125 113 45 125 0 0 0 0 0 0 3 0 3 2 0 0 79 5 3 0 0 0 4 126 0 7 0 2 0 0 0 0 1 0 3 0 0 3 5 0 0 0 3 0 0 0 2 0 0 0 0 0 0 0 0 2 0 0 1 0 0 0 0 0 22 26 9 20 35 11 1 17 14 2 26 26 11 0 6 14 25 44 26 0 17 0 0 0 0 0 27 2 0 0 0 0 28 0 0 0 0 2 0 0 0 0 0 22 0 0 0 0 0 0 5 0 3 0 0 0 0 0 0 0 0 0 3 0 0 0 0 0 0 0 0 1 1 0 1 0 0 0 0 1 1 18 9 33 0 24 0 0 27 23 0 16 6 0 0 13 9 26 0 0 15 0 0 2 0 0 8 1 9 0 0 0 0 16 0 9 0 0 2 5 0 0 0 1 0 0 0 0 0 0 0 0 0 0 0 0 0 0 0 0 0 0 18 0 0 0 0 0 0 0 0 0 0 0 2 0 1 77 0 1 46 1 0 0 0 0 11 0 0 0 0 2 0 0 0 0 0 0 0 0 0 11 0 0 0 1 1 0 0 0 
 0 0 0 0 0 1 0 0 0 0 0 3 0 2 0 0 0 0 0 0 64 87 0 134 43 194 136 194 64 153 193 705 75 54 121 63 55 270 252 52 1 0 0 0 0 0 42 0 3 3 0 0 3 0 3 0 0 0 3 52 4 1 1 2 0 0 0 0 0 0 3 0 0 3 0 0 1 0 3 0 0 0 0 0 0 0 0 0 0 0 0 0 0 0 0 0 0 0 0 0 16 0 9 21 1 36 9 11 12 19 26 45 1 17 11 15 0 0 0 0 19 0 0 0 0 0 3 14 0 0 0 0 18 10 19 0 0 0 12 0 0 0 0 5 0 14 0 0 0 0 5 0 16 0 0 0 0 0 0 6 0 4 0 0 0 0 0 0 0 0 0 0 0 0 0 0 0 0 0 0 0 10 39 11 0 19 0 20 1 17 65 84 0 10 0 0 13 34 1 0 22 0 1 1 2 0 0 13 0 0 0 0 7 10 0 0 0 19 21 15 0 0 0 0 0 2 0 0 0 0 0 0 0 0 0 0 0 0 0 0 0 0 0 0 0 0 0 0 0 0 0 0 0 0 12 0 0 80 48 0 1 11 0 0 0 0 12 0 0 0 0 0 0 0 0 0 0 0 0 0 0 0 0 0 0 0 17 0 0 0 
 0 0 0 1 0 3 0 0 0 1 0 3 0 0 0 0 3 0 0 0 103 57 134 0 174 62 84 69 155 151 173 172 78 67 53 45 42 120 73 138 0 0 0 0 0 0 1 0 3 57 0 0 3 0 3 217 0 0 3 96 7 0 0 2 0 0 0 0 0 0 82 0 0 3 0 0 1 0 3 0 0 1 0 0 0 0 0 0 0 0 0 0 0 0 0 0 0 0 0 0 11 0 0 22 43 22 0 0 0 0 47 11 12 0 0 0 0 0 0 1 11 45 0 0 0 0 0 41 9 0 0 0 10 37 0 18 34 0 0 13 0 0 0 1 0 0 0 0 0 0 1 0 0 18 0 0 0 1 0 23 0 0 0 1 0 34 0 0 38 0 0 1 0 0 0 2 0 1 0 0 0 0 0 0 0 0 0 0 0 18 16 25 0 0 0 0 40 14 0 0 12 0 1 9 0 0 10 16 0 12 0 0 9 0 9 25 0 3 35 1 0 0 0 0 0 0 0 0 0 0 0 0 0 0 0 0 0 0 0 0 0 0 0 0 0 0 0 0 0 0 0 0 0 0 5 1 3 121 0 0 2 10 0 0 0 0 0 0 0 0 0 3 0 0 0 0 0 0 0 0 0 4 0 0 0 0 17 0 0 0 
 0 0 0 1 0 0 0 0 0 0 0 4 0 0 0 0 0 0 0 0 317 103 43 174 0 163 47 294 185 82 104 140 98 69 86 103 80 116 61 77 4 0 63 4 1 0 119 0 3 2 0 0 162 0 3 64 4 64 2 95 0 51 0 2 0 0 0 0 0 0 3 0 1 3 0 0 2 0 3 0 0 14 0 0 0 0 0 0 0 0 0 0 0 0 0 0 0 0 14 0 0 0 0 2 34 15 0 0 0 0 0 11 0 0 0 0 0 1 0 0 23 22 12 8 0 7 7 28 20 0 0 0 30 0 36 21 9 15 20 14 0 0 0 0 0 0 0 0 0 0 0 0 1 0 0 0 0 0 0 0 0 0 0 0 0 4 0 0 0 0 1 0 0 1 0 0 0 7 0 0 0 0 0 18 34 24 0 0 0 0 0 95 0 0 0 21 1 0 9 0 11 20 21 14 0 2 4 47 0 12 9 0 14 33 42 9 15 0 21 0 0 0 0 0 2 0 1 0 0 1 0 0 0 0 0 0 0 0 0 0 0 0 0 0 0 0 0 0 0 0 0 0 0 2 13 2 4 123 0 0 0 0 0 0 0 0 0 0 0 0 0 0 0 0 0 0 0 0 0 0 0 0 0 0 0 0 0 0 0 6 
 0 0 0 0 0 0 0 0 0 0 0 0 0 2 0 2 0 0 0 0 47 113 194 62 163 0 45 102 200 355 102 76 25 53 63 191 144 66 41 54 0 0 3 0 0 0 153 1 3 2 0 0 129 0 65 0 0 0 63 0 0 0 0 2 0 0 0 0 2 0 3 1 0 3 0 0 1 0 3 0 0 0 0 0 0 0 0 1 0 0 0 0 0 0 0 0 0 0 0 0 0 0 0 34 15 0 0 0 0 0 0 15 0 2 0 0 0 1 0 0 5 1 19 13 0 0 0 0 16 0 0 0 13 0 28 13 1 19 84 15 0 8 0 1 0 1 0 0 0 0 0 2 0 0 0 0 0 0 0 0 0 0 0 1 0 7 0 0 0 0 0 0 0 0 0 0 0 5 0 0 0 0 0 1 80 14 0 0 6 0 35 0 0 0 0 16 16 0 0 0 29 0 37 7 0 0 0 14 0 4 0 0 20 21 22 48 7 11 20 44 0 1 0 0 0 3 0 0 0 0 0 0 0 0 0 0 0 0 0 0 0 0 0 0 0 2 0 0 0 0 0 0 0 0 15 0 2 1 5 4 3 1 0 0 0 0 0 0 0 0 0 0 0 0 0 0 0 0 0 4 0 0 0 0 0 0 0 0 0 0 
 2 76 2 10 3 4 2 2 80 150 2 207 2 2 69 2 2 97 2 2 171 59 136 84 47 45 0 153 46 16 56 127 161 186 43 39 108 39 105 127 0 0 0 0 13 0 0 0 65 2 0 0 3 73 3 0 0 0 4 0 0 0 0 2 0 2 0 0 0 3 3 0 0 3 0 0 0 0 4 50 0 0 0 0 77 10 0 0 0 13 17 22 0 0 0 0 0 0 1 0 25 0 11 0 0 0 10 15 16 13 21 19 21 36 0 0 19 0 0 22 0 0 0 0 0 0 0 0 0 0 0 0 0 0 0 0 0 0 0 0 7 0 12 0 0 0 0 5 0 0 0 0 0 0 0 0 0 0 0 0 0 0 0 12 0 1 0 0 0 26 27 1 0 9 0 0 0 0 0 0 41 14 31 0 0 0 0 28 0 11 0 4 32 7 24 1 6 18 14 75 0 0 1 0 1 0 0 0 0 0 0 0 0 0 0 0 0 0 6 0 0 0 0 0 0 0 0 0 0 0 0 0 0 0 0 0 0 0 0 0 0 20 0 0 0 0 74 0 0 0 0 0 10 0 14 0 0 0 76 0 0 0 9 0 0 0 0 0 0 0 0 0 0 0 0 0 0 0 0 0 0 0 0 0 0 0 0 0 0 0 
 0 0 0 75 0 77 0 0 1 2 74 75 0 0 0 0 207 0 0 0 212 116 194 69 294 102 153 0 247 126 131 55 397 226 168 117 119 39 78 50 0 0 0 2 0 1 0 0 3 3 0 0 3 3 3 0 0 0 65 0 0 0 0 4 0 0 0 0 0 0 3 0 0 4 0 0 0 0 3 1 0 2 16 0 17 0 0 0 0 1 0 0 0 0 0 0 1 0 0 0 43 0 0 3 0 19 0 21 26 0 9 1 0 0 9 25 55 96 15 13 0 1 0 0 0 0 15 0 0 0 0 0 0 0 0 0 0 0 7 0 0 0 0 3 0 0 0 0 0 0 3 0 5 0 0 0 0 2 0 0 0 0 0 0 0 11 0 0 0 0 0 0 0 0 0 0 18 0 0 0 12 21 8 20 20 1 13 32 25 0 3 0 9 0 0 19 27 22 0 0 0 0 0 0 0 13 0 0 0 0 0 0 13 0 0 0 0 0 0 2 0 0 0 0 0 0 0 0 0 0 0 0 0 0 0 0 0 0 0 0 0 0 0 0 0 0 0 0 0 1 0 0 26 0 8 0 2 0 77 2 1 3 0 0 0 0 0 0 0 0 0 0 0 0 0 0 0 0 0 12 0 0 0 0 0 12 0 0 0 0 
 0 3 0 0 0 0 0 0 5 0 0 0 0 0 3 1 0 0 0 3 303 297 64 155 185 200 46 247 0 241 263 218 85 89 209 259 148 201 79 61 0 0 0 0 18 0 0 1 3 2 0 0 69 12 3 207 0 0 27 92 0 4 0 2 3 0 0 0 0 0 3 0 0 3 4 28 0 0 3 0 0 0 0 0 0 0 0 0 0 0 0 1 0 0 0 0 0 0 0 0 0 15 1 17 10 7 1 2 0 1 52 15 0 2 0 25 5 65 14 0 41 11 0 0 0 0 33 4 10 0 0 20 24 0 2 0 11 0 5 11 0 0 0 0 19 1 0 0 0 0 0 0 7 2 0 0 0 7 0 0 0 0 0 1 0 0 2 0 0 0 0 0 0 0 0 0 0 0 0 0 0 18 1 30 2 9 0 0 9 7 5 18 0 0 10 33 25 14 0 0 23 0 0 0 0 0 8 13 0 0 0 0 1 8 0 13 0 7 1 12 0 0 0 0 0 0 0 0 0 0 0 0 0 0 0 0 0 0 0 0 0 0 19 0 0 0 0 0 0 0 0 0 0 0 6 0 0 75 10 3 13 0 0 0 0 0 10 0 0 0 0 0 0 0 0 0 0 0 0 13 0 14 0 0 0 0 0 0 0 0 
 0 0 0 0 0 0 0 0 3 0 0 0 0 0 1 104 0 0 0 0 95 93 153 151 82 355 16 126 241 0 330 134 53 110 147 165 50 125 154 101 0 0 0 0 0 0 66 0 3 3 0 0 3 4 3 0 0 0 5 124 0 0 0 2 1 2 0 0 4 0 3 0 0 3 4 0 0 0 3 0 0 0 0 0 0 0 0 0 2 0 0 0 0 14 0 0 0 0 0 0 0 14 14 47 33 41 0 12 9 10 32 0 1 19 29 22 25 19 0 5 0 0 0 0 0 0 17 1 0 0 0 2 18 18 12 0 0 0 0 0 0 0 0 2 0 0 0 0 0 0 3 0 6 0 0 0 0 0 0 11 0 0 4 0 0 2 0 0 0 0 0 0 0 0 0 7 0 0 0 0 0 10 0 30 9 0 0 12 30 16 45 10 0 0 20 8 20 11 0 0 30 0 0 14 0 0 8 0 8 0 0 2 0 3 1 2 0 15 0 18 0 0 0 0 0 0 0 0 0 0 0 0 0 0 0 0 0 0 1 0 0 0 0 0 0 0 0 0 0 0 0 0 0 0 4 1 2 85 77 0 13 12 0 0 0 0 1 0 0 0 0 0 0 0 0 0 0 0 0 0 0 0 0 2 1 0 0 0 0 0 
 1 1 50 1 2 0 1 0 1 2 2 0 2 2 26 1 2 0 3 36 83 107 193 173 104 102 56 131 263 330 0 337 274 116 67 365 94 298 324 76 25 0 0 1 0 0 0 0 3 3 1 0 4 0 66 0 2 0 4 1 5 2 0 2 0 3 2 3 4 0 3 0 3 5 1 1 0 7 8 0 0 0 0 0 0 0 0 0 0 7 32 0 0 0 0 0 0 0 0 0 14 0 0 0 0 19 0 5 0 0 13 34 2 0 0 18 0 0 10 0 15 2 15 0 0 0 0 31 0 0 0 0 4 21 0 1 0 0 13 10 0 0 7 0 0 0 0 0 0 0 0 0 0 0 16 0 0 0 0 0 0 0 0 0 0 0 30 0 0 0 0 0 0 0 0 0 0 0 0 0 9 2 0 24 8 37 18 0 18 0 0 14 0 0 0 0 33 40 0 0 19 14 0 0 0 0 0 10 0 0 0 0 28 9 21 19 2 1 6 1 0 0 0 0 0 0 0 0 0 0 0 0 0 0 0 0 0 0 0 0 0 0 0 0 0 0 0 0 0 1 0 0 0 0 32 2 2 2 1 0 4 1 0 0 0 0 19 0 0 0 0 0 0 0 0 0 0 0 0 0 0 0 0 0 0 28 3 0 0 0 
 0 0 0 2 0 0 0 0 2 3 0 6 0 1 2 0 1 0 1 2 98 50 705 172 140 76 127 55 218 134 337 0 287 250 314 39 171 136 266 66 0 0 2 0 1 0 2 0 3 2 0 0 4 6 66 0 0 0 3 122 5 0 0 2 0 0 0 0 0 0 3 0 0 3 0 0 0 0 3 0 0 0 0 0 0 0 2 0 0 0 0 0 0 0 0 0 0 0 0 0 14 0 10 35 44 17 0 11 0 0 28 12 9 0 3 0 9 21 0 0 15 24 0 0 0 0 0 56 15 2 0 0 13 14 1 8 17 0 13 14 0 0 0 0 0 0 0 0 0 0 0 2 0 0 0 0 0 0 2 1 0 0 0 0 0 3 0 0 0 0 0 0 0 0 0 0 0 0 0 0 0 21 0 13 8 0 0 0 0 28 1 12 0 0 3 7 34 19 0 0 13 14 0 17 11 0 9 20 1 0 0 0 10 18 10 70 0 9 12 4 0 0 0 0 0 0 0 0 0 0 0 0 0 0 0 0 0 0 0 0 0 0 21 0 0 0 0 0 0 0 0 0 0 0 0 2 1 41 0 0 1 0 0 0 0 0 9 0 0 0 0 0 0 0 0 0 0 0 0 0 0 14 0 0 0 0 1 0 0 0 
 0 87 81 4 63 7 0 75 108 19 74 74 2 2 74 75 1 150 0 0 181 126 75 78 98 25 161 397 85 53 274 287 0 243 88 291 82 37 411 75 0 0 0 0 4 0 0 0 3 3 0 0 4 0 3 0 1 2 5 0 0 0 0 2 0 0 0 0 0 0 16 0 0 11 0 0 0 0 3 0 0 0 7 12 0 1 0 1 0 11 11 53 0 0 0 22 16 24 0 0 20 53 0 0 0 7 15 16 2 66 1 19 22 20 0 18 15 0 22 14 2 0 0 0 0 0 0 0 0 0 0 0 0 0 0 0 0 1 0 0 0 0 0 0 0 0 0 23 0 0 0 0 0 0 0 0 2 1 0 0 0 7 0 12 0 47 1 1 15 0 12 0 0 9 0 1 19 15 0 0 24 9 42 9 0 14 49 3 18 10 0 0 18 9 20 9 24 17 33 3 0 0 0 0 0 0 0 0 0 0 0 0 15 0 0 0 0 0 4 2 0 0 0 0 0 0 0 0 0 0 0 0 0 0 0 0 0 0 0 0 0 17 0 0 0 0 25 0 0 73 0 1 0 0 3 0 0 0 0 0 0 0 1 0 0 0 0 0 0 0 0 3 0 0 0 0 0 0 0 0 0 1 0 0 0 26 0 0 0 0 
 0 0 1 36 0 27 0 0 149 34 79 105 0 0 3 0 0 109 0 0 160 318 54 67 69 53 186 226 89 110 116 250 243 0 65 229 29 26 222 177 0 0 0 0 13 0 0 0 3 2 0 0 3 0 3 70 0 0 5 5 0 0 0 15 1 0 0 0 0 0 3 0 0 3 0 0 51 0 3 0 0 0 0 0 10 0 0 0 0 14 17 0 0 0 0 12 12 0 0 0 21 14 0 0 0 50 5 24 50 1 0 13 2 1 4 48 12 0 37 17 9 2 0 0 0 0 0 0 0 0 0 0 0 0 0 0 0 0 0 13 0 0 0 4 0 0 1 0 0 0 4 0 0 0 0 0 0 0 0 7 0 0 0 17 0 12 0 0 0 13 0 0 0 2 0 0 11 0 0 6 30 14 61 11 0 15 50 44 19 0 10 0 34 10 18 16 13 33 30 0 0 0 0 0 0 0 0 0 0 0 0 0 12 0 0 0 2 0 0 0 0 0 0 0 0 0 0 0 0 0 0 0 0 0 0 0 0 0 0 0 0 0 0 0 0 0 0 0 0 74 0 0 1 0 16 0 1 0 0 0 2 9 3 0 0 0 0 0 0 0 0 0 0 0 0 0 0 0 0 0 0 0 0 0 0 16 0 0 0 0 
 1 2 2 0 36 0 2 1 17 1 1 3 1 1 1 2 64 76 73 2 43 119 121 53 86 63 43 168 209 147 67 314 88 65 0 142 124 36 60 96 6 46 0 0 0 0 6 0 3 2 0 0 3 4 3 4 0 0 66 0 0 0 0 11 0 0 0 8 0 0 5 0 0 5 0 0 0 0 3 0 0 0 0 0 0 0 0 0 0 0 0 17 0 0 0 0 0 0 0 0 42 1 0 0 0 17 17 28 0 0 8 21 25 21 15 14 32 24 0 0 1 0 0 0 0 0 0 0 0 0 0 0 0 15 0 0 0 0 16 0 0 0 0 3 0 5 0 8 0 0 0 0 0 0 0 0 0 0 0 0 0 0 0 0 0 12 0 0 0 0 0 0 0 0 0 0 0 0 0 0 46 34 15 12 44 0 16 0 0 10 0 0 0 4 0 24 35 46 0 11 3 0 0 0 0 0 0 0 0 0 0 0 19 0 0 0 0 0 0 0 0 0 0 0 0 0 0 0 0 0 0 9 0 0 0 0 0 0 0 0 0 0 12 0 0 0 0 0 0 1 0 0 0 0 23 2 1 0 91 0 0 0 0 0 0 0 0 0 0 0 0 0 0 0 0 0 0 0 0 37 0 12 0 0 0 18 0 0 0 1 
 0 0 0 0 0 0 0 1 0 0 0 0 0 0 72 0 0 0 1 0 150 271 63 45 103 191 39 117 259 165 365 39 291 229 142 0 50 442 325 85 3 63 0 0 0 0 0 0 3 2 2 0 3 3 5 62 2 0 4 0 0 10 0 2 0 0 0 0 0 0 3 2 0 3 6 1 1 0 3 0 0 0 0 0 0 0 0 0 0 0 0 0 0 0 0 0 0 0 0 0 12 10 7 0 0 18 7 14 1 8 21 20 1 0 1 34 31 40 20 0 0 1 0 0 0 0 24 0 0 0 0 0 16 0 0 1 0 0 9 0 0 0 0 3 0 0 0 0 0 0 3 0 13 0 0 0 0 0 0 0 0 0 2 0 0 7 0 7 0 0 0 0 0 0 0 0 0 0 0 0 20 1 13 45 12 32 25 13 71 0 19 12 0 0 19 18 64 56 0 1 11 0 0 0 0 0 0 0 0 0 0 0 21 0 0 0 0 0 0 1 0 0 0 0 0 0 0 0 0 0 0 0 0 0 0 0 0 0 0 0 0 0 0 0 0 0 0 0 0 0 0 0 0 0 6 0 1 1 76 3 3 0 0 0 0 0 0 0 0 0 0 0 0 0 0 0 0 0 0 0 0 1 0 0 0 22 0 0 0 0 
 0 0 0 1 0 1 0 0 2 0 0 78 0 0 3 0 1 0 1 0 13 125 55 42 80 144 108 119 148 50 94 171 82 29 124 50 0 204 37 241 2 2 0 0 1 0 0 0 7 2 0 0 58 0 3 0 0 0 30 28 8 51 0 5 0 2 0 0 2 3 6 2 0 5 0 0 0 0 3 0 0 9 0 0 7 14 0 0 0 0 0 0 1 0 0 0 0 0 0 0 37 0 60 1 16 0 18 0 2 15 12 12 8 7 12 0 33 14 0 16 29 0 0 0 0 0 0 16 0 0 0 0 14 0 0 0 7 0 15 0 0 0 0 0 0 0 0 0 0 0 0 0 1 0 0 0 0 0 0 1 0 0 2 0 1 0 0 0 0 0 0 1 0 0 0 0 0 0 0 1 0 36 36 31 37 10 0 13 10 7 12 27 10 0 13 12 11 0 0 10 29 20 0 0 0 0 0 0 0 0 0 0 0 10 0 0 0 0 1 7 0 0 0 0 0 0 0 0 0 0 0 0 0 0 0 0 0 0 0 0 0 0 1 0 0 0 0 0 0 0 0 0 43 0 2 0 1 68 1 0 1 0 0 0 0 0 0 0 0 0 0 2 0 0 0 0 0 0 0 20 0 1 0 0 0 0 0 0 0 0 
 5 4 4 3 3 3 3 3 5 3 3 3 3 3 3 3 3 5 5 3 54 113 270 120 116 66 39 39 201 125 298 136 37 26 36 442 204 0 76 34 13 0 0 2 0 0 71 0 3 2 2 1 68 0 6 0 14 0 4 131 2 2 0 5 1 3 3 0 0 0 3 0 0 3 5 0 1 0 3 0 0 0 0 0 0 0 0 0 0 0 0 0 0 0 0 0 0 0 0 0 0 9 12 22 57 0 10 13 0 18 11 25 0 14 0 21 0 31 21 4 13 0 15 0 0 0 32 2 0 0 0 0 15 0 13 0 0 0 0 11 0 0 0 0 0 0 0 41 0 0 0 0 2 0 0 0 0 0 0 24 0 0 0 0 0 0 0 0 0 0 0 0 0 0 0 0 0 0 0 0 0 0 12 12 0 34 0 0 24 11 50 50 0 0 22 19 0 12 0 0 15 0 0 14 0 0 0 0 0 0 0 0 1 0 7 0 0 0 7 0 0 0 0 0 0 0 0 0 0 0 0 0 0 0 0 0 0 0 1 0 0 0 0 0 0 0 0 0 0 0 0 0 0 0 4 2 0 172 73 1 3 0 0 0 0 0 0 0 0 0 0 0 0 0 0 0 0 0 0 0 0 0 0 0 0 0 0 0 0 0 
 0 76 50 0 0 63 3 0 0 19 0 65 0 0 0 72 2 82 0 0 215 45 252 73 61 41 105 78 79 154 324 266 411 222 60 325 37 76 0 331 0 2 0 1 5 0 0 0 3 2 0 0 3 0 3 0 0 0 3 9 0 1 0 2 0 0 0 0 5 0 3 0 0 3 0 0 0 0 3 0 0 0 0 0 0 25 0 0 0 0 19 0 0 0 0 0 13 0 0 0 9 49 10 1 18 10 10 17 28 1 0 6 2 18 40 27 0 0 33 22 0 0 0 0 0 0 0 0 0 0 0 0 6 0 0 0 0 0 0 0 0 0 0 0 0 0 0 0 0 0 0 0 0 0 0 0 0 0 0 0 0 0 0 7 0 0 0 0 0 10 0 0 0 0 0 0 0 0 0 0 8 19 25 0 0 9 31 1 31 0 9 0 1 12 84 8 1 0 63 9 0 0 0 0 0 0 0 0 0 0 0 0 14 0 0 0 0 0 0 0 0 0 0 0 0 0 0 0 0 0 0 0 0 0 0 0 0 0 0 0 0 0 0 0 0 0 0 0 0 0 0 0 0 0 0 2 0 0 0 2 1 0 8 0 0 0 0 0 0 0 0 0 0 0 0 0 0 0 0 0 0 0 0 0 0 1 0 0 0 0 
 0 36 74 74 0 74 76 0 1 173 5 64 0 0 5 55 0 83 75 0 225 125 52 138 77 54 127 50 61 101 76 66 75 177 96 85 241 34 331 0 3 0 0 1 5 0 3 0 3 2 0 2 3 0 3 0 0 1 6 4 0 0 0 2 2 1 0 0 21 0 3 3 0 3 0 0 0 0 2 0 0 0 0 0 7 12 0 0 12 11 23 1 0 1 0 0 0 0 0 0 9 1 42 13 22 0 9 5 14 30 0 21 0 36 17 21 0 0 20 0 0 0 0 0 0 0 0 0 0 0 0 0 0 0 0 0 0 0 0 0 2 0 0 0 0 0 0 7 0 0 0 0 0 0 0 0 0 0 0 0 0 0 0 8 0 2 0 0 0 20 9 0 0 0 0 0 0 0 0 0 33 19 42 10 0 14 26 1 18 11 7 2 0 10 23 0 25 16 18 19 0 0 0 1 0 0 0 0 0 0 0 0 16 0 0 0 0 0 11 0 0 0 0 0 0 0 0 0 0 0 0 0 0 2 0 0 0 0 0 0 0 1 0 0 0 0 4 0 0 0 0 0 0 0 2 0 0 0 0 1 2 0 9 0 0 0 0 0 0 0 0 0 0 0 0 0 0 0 0 0 0 0 0 0 0 19 0 0 0 0 
 0 0 0 0 0 0 0 0 0 2 0 3 0 0 3 0 0 0 0 2 2 0 1 0 4 0 0 0 0 0 25 0 0 0 6 3 2 13 0 3 0 149 186 108 117 268 147 284 340 44 118 240 139 181 262 431 86 225 126 54 0 1 0 0 0 0 0 4 0 0 0 0 0 0 0 0 2 0 0 0 0 0 0 0 0 0 0 0 16 0 0 0 0 0 0 0 0 0 0 0 0 0 0 0 0 7 0 0 0 0 0 0 0 0 0 0 0 0 0 0 4 21 21 0 11 11 10 21 5 16 18 9 0 17 19 59 29 12 0 23 0 18 0 0 0 10 0 0 0 1 0 0 0 0 1 0 23 0 10 0 0 0 0 0 0 0 0 10 0 0 4 0 8 0 0 1 0 0 0 0 0 0 0 0 0 9 0 0 0 0 0 8 0 0 0 0 0 0 0 0 0 10 0 4 12 1 31 2 0 0 41 33 7 2 32 0 1 0 7 15 0 0 22 0 0 0 6 0 0 0 0 0 14 9 0 0 0 0 0 1 0 0 0 0 0 0 0 0 0 0 0 9 0 1 0 1 0 0 0 0 0 5 71 0 0 0 1 0 0 0 0 0 0 0 0 0 0 0 0 0 0 0 0 0 0 0 0 0 1 0 
 1 0 0 0 0 0 0 0 0 0 0 0 0 0 0 0 0 72 0 0 0 0 0 0 0 0 0 0 0 0 0 0 0 0 46 63 2 0 2 0 149 0 305 113 84 319 56 169 195 81 101 110 272 325 370 183 78 116 262 102 0 0 0 0 0 53 0 0 0 0 0 0 2 7 0 1 2 1 1 207 0 0 0 0 0 0 0 0 0 0 0 0 0 0 0 0 0 0 0 0 0 0 0 0 0 0 0 0 0 0 0 0 0 0 0 0 0 0 0 0 0 0 0 30 48 37 0 0 9 11 9 27 0 0 0 11 9 11 0 0 1 15 0 0 0 2 2 13 6 0 0 0 6 12 0 0 3 0 12 0 0 0 0 0 0 0 0 6 0 0 0 0 0 0 0 4 9 0 0 0 0 0 0 0 0 0 0 0 0 0 0 0 0 0 8 0 4 0 0 0 0 5 50 0 12 9 0 0 0 0 18 15 0 0 6 20 41 0 0 0 0 0 19 0 0 0 23 0 0 0 0 19 7 3 7 0 14 0 0 6 0 0 0 0 0 0 0 0 0 0 0 15 0 0 0 0 0 0 0 3 0 0 0 0 2 4 2 1 0 0 0 0 0 0 0 0 0 0 0 0 0 0 0 0 9 15 0 28 0 0 
 0 0 0 0 62 0 0 0 0 2 0 0 0 2 0 0 0 0 0 2 0 0 0 0 63 3 0 0 0 0 0 2 0 0 0 0 0 0 0 0 186 305 0 179 116 34 25 313 198 176 173 27 365 116 188 126 161 126 28 47 0 2 5 0 0 28 0 0 4 0 0 17 0 0 2 3 2 0 0 68 0 0 0 0 10 0 7 0 0 0 0 0 0 0 0 0 0 0 0 0 0 0 0 0 14 0 0 0 0 0 0 0 0 0 0 0 0 0 0 0 0 9 7 30 27 0 10 0 0 32 10 31 0 14 0 17 10 0 0 0 0 12 0 0 0 6 20 0 0 0 0 0 28 0 0 0 0 1 10 0 0 0 0 0 0 0 0 1 0 0 0 0 0 0 0 5 5 0 0 0 0 0 0 0 0 0 0 0 0 0 0 0 0 0 0 0 0 0 0 0 0 20 0 14 0 9 0 0 9 12 0 24 0 0 0 2 26 11 0 0 0 0 0 0 0 0 11 0 0 0 0 13 1 0 0 0 0 0 13 10 0 0 15 0 0 0 0 0 0 0 0 5 0 0 0 0 0 2 0 1 0 0 1 4 0 47 2 65 0 0 0 0 0 0 2 0 0 0 0 0 0 0 0 0 12 12 0 0 1 0 
 0 1 1 62 75 1 65 0 0 62 62 0 1 29 2 2 91 1 2 0 1 0 0 0 4 0 0 2 0 0 1 0 0 0 0 0 0 2 1 1 108 113 179 0 176 279 95 437 141 72 75 54 226 184 69 184 113 101 130 278 0 49 0 0 0 0 0 0 0 0 3 0 2 0 51 0 2 0 0 0 11 0 9 2 0 0 2 1 0 0 0 0 0 6 0 13 0 0 0 0 0 0 0 0 0 5 0 0 0 0 0 0 0 0 0 0 0 0 8 0 6 10 4 11 21 13 0 0 1 2 10 0 0 6 23 0 24 0 0 14 0 0 0 0 0 0 0 0 0 0 0 1 7 0 3 0 0 0 10 0 0 0 0 0 0 0 0 0 0 0 0 0 0 0 0 0 0 0 0 0 0 0 0 0 0 0 0 0 0 0 0 0 0 0 0 0 0 0 0 0 0 0 25 6 33 8 32 0 8 20 10 29 5 0 16 11 11 0 3 0 0 0 0 0 0 0 0 0 0 0 0 0 0 0 0 0 0 0 24 0 0 0 0 0 0 0 0 0 0 75 0 12 0 1 0 0 0 0 0 0 0 0 68 0 1 2 0 0 0 0 17 0 0 0 0 0 0 0 0 0 0 0 0 0 9 0 0 12 0 0 
 0 5 0 0 0 0 0 0 41 3 0 8 0 0 3 0 0 0 2 3 0 0 0 0 1 0 13 0 18 0 0 1 4 13 0 0 1 0 5 5 117 84 116 176 0 70 133 151 337 92 94 249 302 101 80 222 344 43 280 79 4 2 0 3 0 0 5 50 64 0 0 0 22 51 1 0 2 0 61 0 0 0 0 0 0 0 0 0 0 0 13 0 0 0 0 0 0 0 0 0 0 0 0 0 0 0 8 0 0 0 0 0 0 0 0 3 0 10 3 0 0 9 0 23 19 20 0 0 50 7 30 10 0 2 7 3 26 9 1 0 0 0 14 0 0 2 1 0 0 0 0 13 7 16 11 0 0 19 11 14 0 0 0 21 0 0 0 0 0 6 8 0 0 0 3 0 0 0 0 0 68 0 0 0 0 0 3 0 0 0 0 0 0 9 0 0 0 0 0 30 0 0 13 0 23 30 39 0 0 0 0 23 0 0 20 24 18 0 0 0 21 0 0 0 0 0 0 0 10 0 0 0 22 13 15 0 0 1 21 18 0 6 0 0 0 0 4 0 0 0 0 16 0 1 0 0 0 0 0 0 0 17 14 2 3 7 0 4 0 0 0 0 0 1 0 0 0 0 0 0 0 0 0 0 9 11 0 21 0 0 
 21 0 0 0 0 0 0 0 0 0 0 0 0 0 1 0 0 0 0 0 0 0 0 0 0 0 0 1 0 0 0 0 0 0 0 0 0 0 0 0 268 319 34 279 70 0 18 51 97 48 194 61 244 41 52 100 61 69 58 30 49 0 0 3 0 11 1 0 0 52 2 0 2 1 0 0 2 15 55 0 0 0 0 0 0 0 0 0 0 0 0 0 0 0 0 0 0 0 0 0 0 0 1 0 0 0 0 0 0 0 0 0 0 0 0 0 0 0 0 0 0 9 0 37 15 3 7 33 0 0 19 21 0 5 0 2 0 7 0 0 7 34 0 0 0 11 22 36 0 6 22 0 0 28 0 37 0 4 1 40 0 0 0 0 0 0 0 0 0 9 0 0 0 0 0 0 0 0 19 0 0 0 0 0 0 0 0 0 0 0 0 0 0 0 0 0 0 0 0 0 7 13 4 0 5 3 25 0 4 10 10 0 0 0 0 0 0 6 0 0 1 61 5 22 0 0 1 31 15 0 0 0 36 0 0 0 12 0 17 21 0 0 0 0 0 0 0 0 0 0 0 2 0 0 0 0 0 0 0 7 0 0 0 80 0 7 0 5 0 0 0 0 0 0 0 0 0 0 0 0 0 0 7 0 20 0 0 0 2 0 
 0 0 0 1 0 0 0 1 74 1 0 0 0 2 3 0 0 1 0 0 0 3 42 1 119 153 0 0 0 66 0 2 0 0 6 0 0 71 0 3 147 56 25 95 133 18 0 139 31 19 34 45 230 117 54 22 53 38 182 38 4 0 0 0 0 0 0 2 0 0 0 0 0 3 0 0 0 0 7 17 0 0 0 0 0 0 0 0 0 0 0 0 0 0 0 0 0 0 0 0 0 0 0 3 7 0 0 0 0 0 0 0 0 0 0 0 0 0 0 0 20 1 16 31 0 0 0 0 0 8 1 4 0 7 21 12 0 13 17 12 0 2 2 0 0 12 2 0 0 0 0 0 0 0 11 0 2 0 0 0 0 0 0 0 0 1 0 0 0 0 0 0 0 0 0 0 0 3 0 0 0 0 0 0 19 10 0 0 0 9 1 31 0 0 0 0 0 0 0 0 10 0 18 1 20 21 30 0 10 18 0 15 0 10 9 19 0 0 10 11 0 0 0 0 0 0 0 0 10 0 0 1 0 2 33 0 2 0 5 4 0 0 0 0 0 0 0 0 0 0 0 20 0 0 0 0 0 0 0 0 0 0 73 0 0 0 0 0 2 0 29 0 0 0 0 0 0 0 0 0 0 0 0 0 0 0 0 0 0 0 
 2 2 2 3 2 2 2 3 3 5 2 2 2 3 2 2 2 3 2 2 0 0 0 0 0 1 0 0 1 0 0 0 0 0 0 0 0 0 0 0 284 169 313 437 151 51 139 0 133 104 95 50 491 143 187 249 107 151 152 75 0 0 0 5 8 0 0 0 7 4 8 41 0 0 1 0 6 9 0 51 0 0 0 2 0 0 0 0 0 0 0 0 0 0 0 0 0 0 0 0 0 0 0 0 0 0 0 0 0 0 0 0 7 0 9 0 0 0 0 0 0 26 8 12 9 0 21 0 0 19 37 0 0 12 34 9 37 9 9 0 11 0 0 0 11 9 0 0 0 0 3 1 0 1 3 0 0 3 19 0 14 0 0 0 0 0 0 0 0 0 3 15 4 0 0 0 0 6 0 0 0 0 0 0 11 13 0 0 0 0 0 0 0 0 0 0 0 0 0 0 0 0 10 15 8 11 68 0 20 13 8 70 21 0 7 10 11 0 0 0 0 0 0 8 0 0 0 0 0 53 2 0 0 0 0 0 0 0 20 0 0 0 0 0 0 0 0 0 0 0 0 5 0 0 0 0 0 0 0 0 0 0 4 0 0 1 0 0 68 0 36 0 0 3 0 0 0 0 0 0 0 0 0 0 11 0 0 0 1 0 
 1 0 0 0 0 0 0 0 0 0 0 0 0 0 3 0 0 0 0 0 3 3 3 3 3 3 65 3 3 3 3 3 3 3 3 3 7 3 3 3 340 195 198 141 337 97 31 133 0 131 115 45 312 130 78 93 79 161 60 120 0 0 0 0 0 52 0 0 0 0 0 0 1 0 0 0 0 0 0 12 0 0 0 0 0 0 0 0 0 0 0 0 0 0 0 0 0 0 0 0 1 0 3 0 2 0 0 0 0 4 0 0 3 58 6 0 0 0 0 9 0 0 0 56 30 3 0 0 1 0 30 42 0 0 0 16 16 28 0 0 12 17 17 0 0 7 53 0 0 1 0 0 20 0 0 12 0 0 32 0 0 0 0 0 0 0 0 0 0 13 0 0 0 0 0 2 5 0 0 0 0 1 0 0 15 0 0 7 0 3 0 0 0 0 6 0 0 0 0 0 0 0 1 0 24 0 10 0 14 0 0 8 0 0 8 11 13 11 0 0 0 34 0 0 0 0 0 41 0 0 0 14 0 4 7 15 0 0 4 13 0 0 0 0 0 0 0 0 0 0 0 2 0 1 0 0 0 0 0 6 0 0 2 76 66 22 0 0 0 0 0 0 0 0 0 0 0 0 0 0 0 0 0 0 2 13 0 3 0 0 
 2 2 2 2 2 2 3 2 2 2 2 2 2 2 4 2 2 2 2 2 2 2 3 57 2 2 2 3 2 3 3 2 3 2 2 2 2 2 2 2 44 81 176 72 92 48 19 104 131 0 212 106 52 102 112 384 100 42 278 75 0 0 0 0 0 4 2 0 0 0 0 0 2 37 0 0 2 0 0 0 0 0 0 0 0 0 0 0 0 0 0 10 0 0 0 0 30 0 0 0 7 3 0 0 0 4 3 0 11 0 7 0 13 0 0 0 1 0 0 0 0 0 1 32 39 10 0 0 10 0 24 0 0 10 0 0 10 9 0 0 7 0 0 0 0 0 20 25 0 7 0 0 13 0 0 14 0 0 20 3 0 0 0 0 0 1 0 5 0 6 0 0 0 0 0 0 0 0 0 0 0 0 1 0 0 0 0 0 0 0 10 0 0 0 0 0 0 0 0 0 0 0 10 0 23 6 0 0 0 0 0 24 0 0 6 13 17 0 0 0 0 13 0 0 0 11 0 19 0 0 0 0 9 2 1 0 0 0 16 0 0 0 0 0 0 0 0 0 0 0 0 11 0 1 0 1 0 0 0 17 0 8 6 65 3 0 0 2 0 0 0 0 0 0 0 0 0 0 0 0 0 8 0 0 10 35 0 10 2 2 
 21 3 3 3 3 0 3 3 4 5 0 3 3 3 3 3 3 3 2 1 0 0 0 0 0 0 0 0 0 0 1 0 0 0 0 2 0 2 0 0 118 101 173 75 94 194 34 95 115 212 0 154 72 41 146 83 230 136 66 42 0 2 11 6 1 5 0 9 2 0 0 11 2 51 0 4 0 2 52 10 0 0 0 0 0 0 0 17 0 0 0 0 0 0 0 0 0 0 0 0 0 0 0 0 0 0 0 0 0 0 0 0 0 0 0 7 0 0 0 0 0 0 8 13 36 0 13 0 13 10 5 24 0 7 0 5 0 19 0 1 0 0 4 0 0 16 18 28 0 5 0 10 0 11 49 3 0 20 0 19 0 0 0 0 12 0 0 0 0 4 0 0 0 0 0 0 0 0 0 0 0 0 0 0 0 0 0 0 0 0 0 0 0 0 0 0 0 0 0 0 7 47 8 22 13 24 1 0 4 4 0 7 0 0 4 10 7 14 0 1 3 0 0 0 0 0 9 0 0 0 0 0 18 47 33 0 0 0 81 23 0 0 15 0 0 0 0 0 0 0 0 13 0 0 0 0 0 0 0 8 0 0 1 1 0 0 2 1 0 0 0 0 0 0 0 0 0 0 0 0 0 0 5 0 31 15 0 0 1 0 
 0 0 0 0 69 0 0 0 0 0 0 2 0 0 2 0 0 0 0 66 1 0 0 0 0 0 0 0 0 0 0 0 0 0 0 0 0 1 0 2 240 110 27 54 249 61 45 50 45 106 154 0 48 37 109 44 149 64 32 30 51 52 0 0 0 0 52 57 103 0 0 1 73 16 51 0 2 0 0 0 0 0 0 0 0 0 0 0 0 0 0 0 0 0 0 0 0 0 0 0 0 28 0 0 0 0 0 0 0 0 0 0 0 0 0 0 0 0 0 0 0 0 0 4 0 21 5 0 12 18 0 42 0 0 0 0 0 11 0 0 0 0 11 0 0 0 1 15 7 6 0 0 12 66 0 13 0 0 28 10 0 0 0 0 0 0 0 0 0 0 0 0 0 0 0 0 0 0 0 0 0 0 0 0 0 0 0 0 0 0 0 0 0 0 0 0 0 0 0 0 0 13 0 0 14 31 0 0 10 0 0 8 0 0 0 5 13 0 0 0 31 0 2 0 0 0 25 35 0 0 0 0 53 54 37 3 0 0 16 19 0 0 0 0 0 0 0 0 0 0 0 1 0 2 0 0 0 0 0 2 0 27 0 2 0 2 0 62 0 0 0 0 0 0 0 0 0 0 0 0 22 0 2 0 8 10 0 0 0 0 
 0 0 0 0 0 0 1 0 0 0 0 0 0 0 3 0 0 0 1 1 3 79 3 3 162 129 3 3 69 3 4 4 4 3 3 3 58 68 3 3 139 272 365 226 302 244 230 491 312 52 72 48 0 120 548 34 36 113 111 108 0 0 0 0 0 0 0 0 0 0 0 50 2 0 0 6 57 0 0 0 0 0 2 0 0 0 3 0 3 2 0 0 3 0 4 2 2 0 2 2 0 0 0 12 18 0 0 0 0 0 0 8 0 0 0 0 0 0 0 0 12 24 19 20 0 0 21 14 0 13 0 0 24 25 26 14 1 15 19 18 0 0 0 0 0 0 3 0 0 0 0 0 1 0 0 0 0 0 0 0 0 15 0 0 0 1 0 2 0 0 0 0 2 0 0 3 0 14 0 12 0 0 0 10 37 23 0 0 0 0 0 13 0 0 0 2 0 0 0 0 11 23 18 12 0 7 24 2 11 9 8 22 18 42 1 1 7 0 0 0 0 0 0 0 0 0 0 0 0 0 0 0 0 0 0 0 0 0 0 0 0 0 0 0 0 0 0 0 0 0 0 9 0 1 0 0 0 19 1 2 0 0 0 0 0 4 0 0 0 24 0 0 0 0 0 0 0 0 0 0 0 0 0 0 9 0 0 0 0 0 
 0 0 0 0 0 0 0 0 0 0 0 3 0 0 1 0 0 0 0 0 3 5 0 0 0 0 73 3 12 4 0 6 0 0 4 3 0 0 0 0 181 325 116 184 101 41 117 143 130 102 41 37 120 0 375 233 334 166 173 116 0 0 0 0 0 0 1 0 0 0 0 0 2 0 0 1 2 0 0 24 0 0 0 0 0 0 0 0 0 0 0 0 0 0 0 0 0 0 0 0 0 0 0 0 0 0 0 4 0 0 6 0 0 0 1 0 6 3 0 0 0 23 15 21 22 21 4 6 0 23 37 1 0 4 41 11 30 0 0 0 0 0 0 0 0 2 1 0 0 0 0 0 7 0 4 0 0 0 28 0 0 0 0 0 0 0 0 4 0 0 4 0 3 0 0 0 0 0 0 0 0 0 0 0 0 0 0 0 0 0 0 0 0 0 7 7 5 3 0 0 0 0 9 5 31 6 59 0 1 5 27 41 2 1 6 13 16 0 0 0 0 0 0 0 0 0 13 0 0 0 0 0 0 0 0 0 24 0 21 0 0 0 3 0 0 0 0 0 0 0 0 7 0 0 0 0 0 0 2 0 0 0 4 0 2 2 0 0 0 0 0 0 0 0 0 0 0 0 0 0 0 3 0 0 10 2 0 9 0 0 
 2 2 2 2 2 2 2 2 2 2 2 3 2 2 8 2 2 2 2 2 3 3 3 3 3 65 3 3 3 3 66 66 3 3 3 5 3 6 3 3 262 370 188 69 80 52 54 187 78 112 146 109 548 375 0 175 578 31 68 279 0 2 3 0 0 0 0 0 0 0 0 3 2 0 0 0 2 0 0 0 0 9 0 0 0 0 0 0 0 0 0 0 0 0 0 0 0 0 0 0 0 0 0 0 0 0 0 0 0 0 0 0 0 0 0 0 14 0 0 0 0 0 26 0 1 3 7 19 10 29 0 5 0 8 0 0 0 9 13 1 0 4 0 0 0 0 10 0 0 0 0 0 14 0 0 0 0 0 0 0 0 0 0 0 0 0 0 8 0 0 0 0 1 0 0 0 5 0 0 9 0 0 0 0 1 0 0 0 0 0 0 0 0 0 0 0 0 0 0 0 0 33 9 0 0 9 0 9 11 3 19 26 2 1 0 2 19 10 19 18 0 0 0 0 0 0 31 0 0 0 0 1 6 0 0 0 0 0 12 0 0 0 0 0 0 0 0 0 0 0 0 7 59 0 0 0 0 0 0 0 0 0 0 0 2 2 3 35 2 0 0 0 0 18 0 0 0 0 0 0 0 0 0 0 10 0 0 0 1 0 
 3 3 3 4 3 3 3 3 65 9 3 3 3 3 3 3 67 4 3 3 0 0 0 217 64 0 0 0 207 0 0 0 0 70 4 62 0 0 0 0 431 183 126 184 222 100 22 249 93 384 83 44 34 233 175 0 241 51 128 145 0 2 0 0 0 0 0 0 0 0 0 0 1 0 0 4 0 2 0 0 0 0 0 0 0 0 0 0 0 0 0 0 0 0 0 0 0 0 0 0 0 0 0 0 0 0 0 0 0 0 0 0 0 0 0 0 0 0 0 0 0 26 9 0 21 17 1 33 4 16 12 0 17 14 8 31 8 22 0 20 0 0 0 0 0 2 0 0 0 2 0 0 0 0 1 0 0 0 4 1 0 0 0 0 0 0 0 3 0 0 0 0 0 0 0 0 2 0 0 4 0 3 0 0 14 0 0 0 0 0 0 0 0 0 0 0 0 0 0 14 7 68 5 0 38 6 36 18 6 54 46 45 0 6 14 0 9 5 0 19 0 0 0 0 0 0 8 0 0 0 0 1 0 0 0 0 0 0 9 0 0 0 0 0 0 0 0 0 0 0 0 7 0 0 0 0 0 0 0 0 0 0 64 0 2 1 2 0 1 0 13 0 0 0 0 0 0 0 0 0 0 0 0 0 0 14 0 0 2 0 
 0 0 0 0 1 0 0 0 0 0 0 2 0 0 3 0 0 0 0 0 0 0 0 0 4 0 0 0 0 0 2 0 1 0 0 2 0 14 0 0 86 78 161 113 344 61 53 107 79 100 230 149 36 334 578 241 0 180 164 52 0 1 10 2 2 2 3 0 0 2 0 8 2 0 0 0 1 1 0 0 0 0 0 0 0 0 0 0 0 0 0 0 0 0 0 0 0 0 0 0 0 0 0 0 0 3 0 0 0 0 0 0 0 0 0 0 0 0 0 0 3 0 14 0 0 10 2 5 15 22 29 29 0 7 14 6 28 1 0 5 7 0 0 0 0 0 39 0 0 0 0 7 4 0 1 17 0 0 17 0 0 0 0 0 0 0 0 2 0 0 1 0 2 0 0 0 0 0 0 0 0 0 0 0 0 2 0 0 0 0 0 0 0 16 0 0 0 0 0 0 0 3 2 18 36 0 10 0 24 12 9 9 5 0 16 0 34 18 0 0 1 0 0 0 0 0 16 1 0 0 0 0 9 4 21 0 22 0 43 0 0 0 0 0 0 0 0 0 0 0 0 7 0 0 0 0 0 0 0 8 0 0 64 0 64 0 0 1 2 0 11 0 0 0 0 0 0 0 0 0 0 0 0 0 0 12 0 0 2 0 
 0 0 0 0 0 0 0 0 3 0 0 0 0 0 0 0 0 0 0 0 0 0 0 0 64 0 0 0 0 0 0 0 2 0 0 0 0 0 0 1 225 116 126 101 43 69 38 151 161 42 136 64 113 166 31 51 180 0 60 98 1 1 0 0 0 0 0 0 0 0 0 0 2 0 0 0 0 0 0 0 0 0 0 0 0 0 0 0 0 0 0 0 0 0 0 0 0 0 0 0 0 0 0 0 1 0 0 0 0 0 0 0 0 0 0 0 0 0 0 0 0 17 10 39 68 11 14 9 1 4 31 6 0 0 7 29 24 7 9 0 25 0 17 0 0 24 6 0 0 0 0 0 13 0 0 20 0 0 0 2 0 0 0 0 0 1 0 0 0 0 3 0 2 0 0 0 0 0 0 0 0 0 0 0 0 1 0 11 0 0 0 0 0 0 0 0 0 0 0 0 11 6 20 10 10 0 12 0 28 7 11 0 12 11 1 35 0 35 0 0 4 0 0 0 0 0 0 0 0 0 0 0 0 0 17 0 0 0 16 16 0 0 0 0 0 0 0 0 0 0 0 11 0 0 0 0 0 0 0 9 0 0 1 2 7 0 2 0 0 0 0 0 0 0 0 0 0 0 0 0 0 0 31 0 1 12 0 11 2 0 
 2 0 0 2 0 2 2 2 0 71 0 2 2 2 3 0 2 0 2 0 4 4 3 3 2 63 4 65 27 5 4 3 5 5 66 4 30 4 3 6 126 262 28 130 280 58 182 152 60 278 66 32 111 173 68 128 164 60 0 77 0 1 0 0 0 0 0 0 0 0 0 0 0 0 0 0 0 0 0 0 0 0 0 0 0 0 0 0 0 0 0 0 0 0 0 0 14 0 0 0 0 0 0 0 0 1 0 1 0 0 0 0 0 0 0 0 0 14 0 0 12 1 13 0 0 0 26 12 11 6 0 0 0 0 6 13 0 0 17 7 0 0 0 0 2 0 0 0 0 0 1 5 0 0 0 0 1 0 0 0 0 0 0 0 0 0 0 20 0 0 8 0 6 0 0 0 0 0 0 0 0 20 0 0 7 0 0 0 0 1 0 0 0 0 0 18 0 0 0 0 7 0 2 66 36 0 0 0 16 71 0 9 11 0 14 0 9 18 0 0 0 0 0 0 0 0 0 0 0 1 0 0 0 0 0 0 0 0 21 0 0 0 0 0 0 0 0 0 0 0 0 6 0 1 0 0 0 0 0 0 0 0 2 0 2 1 0 0 0 0 22 0 0 0 0 0 0 0 0 9 0 0 0 0 0 0 0 0 0 0 
 0 0 0 0 0 0 0 0 0 4 0 7 0 0 0 0 0 0 0 0 0 126 52 96 95 0 0 0 92 124 1 122 0 5 0 0 28 131 9 4 54 102 47 278 79 30 38 75 120 75 42 30 108 116 279 145 52 98 77 0 0 0 0 0 0 0 0 0 0 0 0 0 0 1 60 0 2 0 0 0 0 0 0 0 0 0 0 0 0 0 4 0 0 0 0 0 0 0 0 0 2 0 0 46 77 6 7 0 6 0 0 14 0 8 0 9 0 0 8 3 22 49 0 0 13 0 0 38 13 0 10 0 27 0 21 6 31 0 0 18 0 0 0 0 0 0 0 0 0 0 0 0 1 0 0 0 0 0 13 0 0 0 5 0 0 0 0 0 0 4 0 15 0 0 0 0 0 0 0 0 0 0 6 18 23 9 6 21 1 16 0 34 0 0 0 0 2 0 0 0 28 20 0 67 16 0 14 17 0 0 21 29 0 17 7 0 0 7 0 19 0 0 0 0 0 0 0 0 0 0 0 0 0 0 0 0 0 0 0 0 0 0 0 0 0 0 0 0 0 0 0 7 0 2 0 0 0 67 0 2 14 0 5 0 1 1 0 0 0 0 0 0 0 0 0 0 0 0 0 0 0 0 0 0 0 0 0 0 0 0 
 0 0 1 2 2 3 0 13 0 3 0 0 1 3 5 1 0 2 0 2 0 0 4 7 0 0 0 0 0 0 5 5 0 0 0 0 8 2 0 0 0 0 0 0 4 49 4 0 0 0 0 51 0 0 0 0 0 1 0 0 0 136 87 40 261 258 177 139 61 94 29 80 65 75 70 124 81 301 102 105 0 0 0 0 0 0 0 0 8 0 0 0 0 0 0 0 0 0 0 0 0 0 0 0 0 11 0 0 0 0 0 17 0 0 10 0 0 0 0 16 25 0 0 0 0 0 0 5 0 0 0 24 25 5 0 0 0 0 0 0 21 19 14 2 0 11 21 9 8 0 0 39 0 19 28 0 14 7 1 0 0 0 0 0 0 0 0 0 0 0 0 0 0 0 4 0 0 0 0 0 0 0 0 0 0 0 0 0 0 9 0 13 0 0 0 0 8 6 0 0 3 0 1 0 2 0 0 5 0 0 0 28 4 0 0 0 0 0 7 2 3 0 25 46 0 8 0 3 14 42 0 0 19 24 0 8 13 9 0 18 8 0 0 0 0 26 0 0 0 0 0 0 0 0 6 0 0 4 0 0 0 0 0 0 1 0 0 0 0 0 4 2 0 0 0 1 0 0 0 0 0 0 0 0 0 0 2 0 0 0 
