 0 392 170 163 37 44 264 155 125 238 46 133 311 47 127 333 123 43 48 233 3 0 0 0 0 0 2 3 3 0 1 3 1 3 0 4 0 0 14 1 0 3 2 0 0 2 0 0 0 0 0 2 3 1 0 0 0 0 0 0 0 0 0 2 0 0 0 3 0 0 0 0 0 0 3 0 0 0 0 0 6 0 31 12 11 4 0 18 15 10 49 8 0 0 25 2 35 70 2 22 4 0 0 0 14 0 0 0 0 0 0 11 0 0 0 0 0 0 0 0 0 0 0 0 0 0 0 0 0 0 0 0 0 2 0 0 0 0 17 0 7 0 0 0 0 2 0 0 0 0 0 0 2 0 0 0 0 0 3 0 0 22 0 62 10 11 1 11 26 10 0 27 0 16 26 0 0 24 6 12 1 0 11 0 0 0 0 0 0 0 0 0 19 0 0 0 0 0 0 1 0 0 0 0 0 0 0 0 0 0 0 0 0 0 0 1 0 0 0 0 0 0 0 0 0 0 1 0 0 0 0 0 0 0 11 0 0 0 0 0 0 0 0 0 0 0 1 0 0 1 0 17 0 0 0 0 0 0 0 0 0 0 0 0 0 0 0 0 0 0 0 0 0 0 0 0 23 0 0 0 0 0 0 0 0 0 0 0 0 0 
 392 0 188 86 104 31 737 213 689 144 335 337 156 470 139 394 60 17 138 61 3 0 0 0 0 0 2 3 0 0 2 3 1 3 0 3 0 0 35 73 56 3 2 61 1 2 0 0 0 0 2 0 0 0 0 0 0 0 24 0 1 3 0 3 0 0 0 0 0 0 6 0 1 0 39 0 0 0 0 0 11 22 24 10 16 24 19 22 0 1 45 27 18 37 0 23 0 35 0 10 13 0 0 0 0 0 0 0 0 0 0 0 0 0 0 0 0 0 14 0 0 0 0 0 0 2 0 1 0 14 0 0 2 15 0 0 0 0 0 0 0 0 0 0 0 0 1 0 0 0 0 0 0 0 0 0 0 0 7 0 0 0 0 34 64 10 10 0 15 0 0 18 12 1 38 18 9 50 0 42 14 2 0 0 0 0 0 15 0 0 0 0 32 0 0 0 0 0 1 11 0 0 0 0 0 0 0 0 0 0 2 0 0 0 0 0 0 0 0 0 1 0 1 0 8 1 0 0 0 0 0 0 0 0 10 26 0 0 0 0 0 0 0 0 0 2 2 0 2 10 0 5 0 0 0 0 0 0 0 0 0 0 0 0 0 0 0 0 0 0 0 0 0 0 0 46 18 0 0 0 0 0 0 0 0 1 0 0 0 0 
 170 188 0 373 223 54 179 69 88 161 77 141 53 217 215 151 227 169 121 244 3 0 0 0 0 0 2 3 3 0 0 3 0 3 0 3 0 3 74 0 2 6 2 0 2 2 0 0 0 0 76 2 0 0 1 0 0 0 0 0 4 2 3 3 0 0 0 0 0 0 8 0 0 0 5 0 0 2 0 1 10 5 22 8 1 1 0 20 48 26 6 50 2 19 14 12 60 36 0 0 0 1 0 0 0 2 0 0 16 0 0 1 0 46 1 0 0 0 47 0 12 0 0 0 0 0 0 0 0 0 0 0 0 10 0 0 0 0 16 0 0 0 0 0 0 0 0 4 0 0 7 2 0 0 12 0 0 0 0 0 0 9 19 17 1 22 0 26 17 20 28 0 0 0 9 33 12 24 0 0 0 0 0 1 0 0 17 14 0 0 0 0 3 11 0 0 0 0 10 0 0 0 0 0 0 0 0 1 2 0 0 0 0 0 0 0 0 0 0 0 0 0 0 0 1 0 0 0 0 0 0 0 0 0 0 10 0 0 0 0 0 8 0 0 0 0 176 0 0 4 0 7 0 1 0 0 0 0 0 2 0 1 0 0 0 0 0 0 0 0 0 0 0 0 0 10 0 1 0 0 0 0 0 0 0 0 0 0 0 0 
 163 86 373 0 86 207 167 61 77 182 227 148 239 149 286 55 136 214 160 200 7 0 0 0 1 2 2 3 3 0 1 3 79 82 0 2 2 0 0 0 0 3 3 3 2 2 0 0 2 3 0 2 0 0 0 0 0 0 0 0 0 0 0 53 0 0 0 0 0 0 3 0 0 0 6 0 3 0 0 0 10 9 57 27 59 35 1 0 4 15 24 49 0 0 0 0 6 0 0 0 0 0 2 0 0 0 0 0 0 0 0 0 14 15 16 0 0 0 26 5 15 0 0 0 0 1 0 0 0 0 0 0 1 0 0 0 11 0 13 0 0 0 0 0 0 1 2 5 0 0 0 0 0 0 1 0 0 0 0 0 0 0 19 43 11 6 0 1 14 18 22 0 0 2 2 9 0 17 0 0 20 0 0 0 0 0 18 13 11 0 0 0 0 25 1 0 0 17 10 0 0 0 0 0 0 0 0 0 0 0 2 0 0 0 0 0 0 0 2 0 0 0 0 0 0 0 0 0 0 0 0 0 0 0 0 0 0 0 0 0 0 0 0 0 0 3 1 0 3 0 13 7 19 0 0 0 0 0 0 0 0 0 15 0 0 0 0 0 0 0 0 0 0 0 0 14 0 21 0 0 0 0 0 0 0 0 0 0 0 0 
 37 104 223 86 0 239 44 287 244 190 258 333 159 183 92 69 64 94 83 283 80 60 0 0 0 74 2 3 3 87 0 5 0 76 9 2 0 1 1 2 0 3 2 0 2 2 0 10 0 0 64 65 0 0 0 0 2 0 0 0 0 0 0 3 0 0 0 0 0 2 0 0 0 0 3 0 0 0 0 0 17 9 14 1 30 15 0 24 0 11 10 29 1 10 0 4 8 0 0 9 38 24 0 0 0 0 12 15 4 0 0 0 22 25 1 25 0 0 10 44 0 0 0 0 2 0 0 0 0 0 0 0 0 13 0 0 0 0 3 0 0 0 0 0 0 1 0 6 0 0 0 0 8 0 0 0 0 0 0 0 0 0 23 2 18 4 0 0 1 5 0 0 0 0 14 10 1 48 0 16 5 10 12 1 0 1 27 13 20 0 10 0 0 20 1 16 0 16 12 23 0 0 0 0 0 0 0 0 0 0 0 0 0 13 0 0 0 0 0 0 0 0 0 0 0 0 0 0 0 2 0 0 0 0 2 0 0 0 10 0 0 0 0 0 0 5 3 3 2 2 0 24 13 2 0 0 0 0 0 0 0 0 0 0 0 0 0 0 0 0 0 0 0 0 0 14 10 23 0 1 0 0 0 0 0 0 0 0 0 0 
 44 31 54 207 239 0 82 133 76 141 151 107 20 54 458 301 104 42 43 261 3 0 75 80 0 0 150 4 4 74 0 3 21 77 0 1 0 1 85 74 0 3 2 1 2 2 0 0 0 3 63 3 0 0 0 0 0 0 0 0 0 0 0 2 0 0 0 0 0 0 0 0 0 0 3 0 0 0 0 0 0 1 0 25 22 0 0 0 0 0 0 9 0 0 0 7 16 16 0 0 15 15 13 0 0 0 0 15 7 0 18 0 11 13 21 0 0 27 52 37 0 0 0 0 0 0 0 0 0 27 0 0 0 0 14 0 0 0 0 0 0 0 0 0 0 2 0 0 0 0 0 0 3 0 0 0 0 0 0 0 0 0 0 12 19 7 0 0 0 3 6 0 0 0 0 0 0 14 0 0 42 30 1 0 0 0 21 1 0 0 0 0 19 11 24 13 31 25 36 45 0 0 0 0 0 0 0 0 0 0 0 0 0 0 0 0 0 0 0 0 0 0 0 0 9 0 0 0 0 0 0 0 0 0 0 0 0 0 0 0 0 0 0 0 0 2 1 0 1 2 1 4 0 0 0 0 0 0 0 0 0 11 0 0 0 0 0 0 0 0 0 0 0 0 0 16 14 12 0 17 0 0 0 0 0 0 0 0 0 0 
 264 737 179 167 44 82 0 100 271 36 42 9 88 72 45 86 164 109 230 185 3 3 10 204 3 0 4 9 8 2 0 8 1 4 3 2 0 1 0 0 0 3 4 2 0 2 3 2 7 2 1 1 0 0 3 3 2 0 1 0 0 0 0 3 9 2 0 0 0 0 6 5 0 2 6 0 7 5 0 0 64 0 17 1 18 0 15 31 74 8 15 0 10 45 21 0 13 0 0 1 0 0 0 0 0 0 0 0 0 0 0 0 0 0 0 0 0 0 0 0 0 0 0 0 0 0 0 0 0 0 0 0 0 0 0 0 0 0 15 0 0 0 0 0 0 0 0 0 0 0 0 0 0 1 8 7 0 19 0 0 10 15 0 0 0 0 75 10 1 0 0 0 2 16 11 11 4 0 0 2 0 19 0 0 0 0 0 0 0 0 0 0 0 0 0 0 0 0 0 0 0 0 0 0 0 0 0 0 30 0 0 0 0 0 3 0 0 0 0 0 1 0 0 0 0 0 0 18 0 0 0 0 0 0 0 0 0 0 0 0 0 0 0 0 0 32 0 0 2 2 0 9 0 0 0 0 0 0 0 0 1 0 0 0 0 0 0 0 0 0 0 0 0 0 0 0 0 0 0 0 0 0 0 0 0 0 0 0 0 0 
 155 213 69 61 287 133 100 0 252 28 340 109 317 102 49 209 33 41 253 119 3 0 2 0 0 2 2 3 2 0 0 3 75 5 0 2 78 0 0 0 0 3 2 0 57 3 73 0 0 0 0 3 3 0 0 0 0 0 1 0 2 0 0 2 0 0 0 0 0 0 0 0 0 0 3 0 0 0 0 0 13 11 0 19 0 13 53 18 7 0 28 1 28 47 21 10 0 25 19 31 11 0 0 0 0 0 0 0 0 0 0 0 0 0 0 0 0 0 0 0 4 0 0 0 0 0 0 10 0 0 0 0 0 0 0 0 0 0 0 0 0 0 0 0 0 0 0 0 0 9 0 0 0 0 0 0 0 0 11 0 52 14 0 14 10 0 14 1 32 13 1 25 13 0 34 10 12 0 13 26 0 0 0 0 0 0 0 0 0 0 0 0 24 0 0 0 0 0 0 0 0 0 0 0 0 0 0 0 0 0 12 0 0 0 0 0 0 0 0 0 0 0 0 0 0 0 0 0 0 4 35 0 0 0 10 0 0 0 0 0 0 0 0 0 0 0 2 0 0 0 0 6 0 0 0 0 0 0 0 0 0 0 0 0 0 0 0 0 0 0 0 0 0 0 0 0 0 0 0 0 0 0 0 0 0 1 0 0 0 0 
 125 689 88 77 244 76 271 252 0 343 62 41 197 73 87 161 75 121 106 219 3 2 0 0 0 0 2 3 3 0 0 3 86 5 0 2 2 2 84 11 0 3 2 0 2 2 0 0 0 0 2 3 1 0 0 1 0 0 0 0 0 0 0 2 0 0 0 0 0 0 0 0 0 0 3 0 34 0 0 0 9 0 17 22 15 29 13 0 1 47 14 9 11 20 0 21 12 65 0 19 52 14 10 0 0 47 0 1 9 0 0 0 0 0 0 0 0 0 12 27 0 0 0 0 0 0 0 0 0 0 0 0 0 0 0 0 0 0 0 0 0 0 0 0 0 0 0 0 0 0 0 0 0 0 0 0 0 0 4 0 32 17 11 10 6 0 0 18 14 7 32 49 0 17 31 19 24 0 2 23 22 0 0 0 0 0 14 15 0 0 0 0 31 0 0 14 10 0 27 1 0 0 2 0 0 0 0 0 0 0 0 0 0 0 0 0 0 1 0 0 0 0 0 0 0 0 14 0 0 0 0 0 0 0 3 0 0 0 0 0 0 2 0 0 0 2 0 0 16 0 0 4 0 0 0 0 0 0 0 0 0 0 0 0 0 0 0 0 0 0 0 0 0 0 0 1 15 0 0 0 0 0 0 0 0 0 0 0 0 0 
 238 144 161 182 190 141 36 28 343 0 127 182 450 140 332 191 394 212 65 87 3 3 0 0 1 274 2 3 3 0 0 4 0 3 2 5 2 0 230 74 0 10 7 0 3 2 2 0 0 0 1 1 0 0 0 0 2 0 0 0 0 1 0 2 1 0 0 3 0 0 0 0 0 37 3 0 0 0 0 0 5 21 53 0 14 10 9 23 14 38 6 11 0 0 0 24 16 30 0 0 26 0 0 0 0 0 0 0 11 0 0 0 9 10 0 0 0 0 12 19 0 0 0 0 2 0 0 0 0 0 0 0 0 14 0 1 8 0 0 0 0 8 0 0 0 0 0 7 0 0 0 0 0 0 0 0 0 0 0 0 0 0 86 0 0 17 0 14 5 14 11 0 1 0 0 18 11 39 0 0 6 0 0 0 0 2 15 9 20 0 0 0 15 0 0 14 0 0 55 10 0 0 0 0 0 0 0 0 0 0 0 0 0 0 0 0 0 0 0 0 0 0 0 0 0 0 0 0 0 2 0 0 1 0 2 0 0 7 0 0 0 15 0 0 0 3 107 0 90 0 0 9 0 0 0 0 0 0 0 0 0 1 2 0 0 0 0 0 0 0 0 0 0 0 0 10 29 1 0 0 0 0 0 0 0 0 0 0 0 0 
 46 335 77 227 258 151 42 340 62 127 0 89 171 182 61 104 97 245 122 193 5 0 74 0 4 0 2 3 3 0 0 3 0 3 0 2 0 2 73 0 3 3 5 0 34 3 0 0 0 0 0 3 0 0 2 0 0 9 2 0 0 0 0 2 0 0 0 1 2 0 19 0 0 44 21 2 0 0 0 0 10 37 0 32 10 8 0 0 12 0 4 35 10 29 0 0 16 0 0 2 17 0 0 0 0 0 1 14 0 0 0 0 42 10 0 0 0 0 35 14 0 0 1 0 0 0 0 0 0 0 0 0 0 0 0 10 0 0 0 0 0 0 0 0 0 0 0 0 17 0 0 0 5 0 0 0 0 0 0 27 19 0 29 2 1 13 0 14 31 5 14 0 7 0 14 49 30 18 0 13 0 0 1 0 0 0 10 15 0 0 0 0 9 0 35 3 0 0 9 16 0 0 0 2 0 0 0 0 0 0 0 0 2 2 0 0 0 0 0 0 0 0 0 0 0 0 0 0 0 2 0 0 0 0 2 12 0 0 0 0 0 0 0 0 0 0 11 0 3 94 10 11 0 0 0 0 0 0 0 0 0 15 0 2 0 0 0 0 0 0 0 0 0 0 0 0 0 11 0 0 0 0 0 0 0 0 0 0 0 0 
 133 337 141 148 333 107 9 109 41 182 89 0 244 121 78 60 109 54 24 43 90 75 0 0 1 0 2 3 3 4 0 6 6 163 0 1 0 0 228 1 0 11 10 0 2 3 2 0 0 0 0 63 0 0 0 0 2 0 0 0 0 0 1 2 2 0 0 6 0 0 0 0 0 32 3 0 0 0 0 0 0 10 14 17 16 27 0 6 0 7 0 0 0 0 0 9 52 70 0 0 16 0 0 0 0 0 6 13 9 0 0 0 32 0 11 15 0 0 10 63 0 0 0 0 0 0 0 0 0 0 0 0 0 15 0 0 0 0 0 0 1 0 0 0 0 0 0 3 0 0 0 0 0 0 0 0 0 21 0 0 0 0 50 18 14 0 0 0 47 16 1 8 0 0 18 0 0 19 0 0 32 0 16 0 0 0 50 3 0 0 0 0 27 26 0 12 0 14 30 1 0 0 0 0 0 0 0 0 0 1 0 0 0 0 0 0 2 0 0 0 0 0 0 0 0 0 0 0 0 0 0 0 2 0 0 0 0 0 0 0 0 14 0 0 1 2 108 0 10 0 2 22 10 0 0 0 0 0 0 0 0 0 0 0 0 0 2 0 0 0 0 0 0 0 0 0 15 0 0 0 0 0 0 0 0 0 0 0 0 0 
 311 156 53 239 159 20 88 317 197 450 171 244 0 176 205 68 43 426 381 199 3 0 0 0 0 0 2 3 3 0 0 3 2 3 0 3 1 0 0 0 0 3 7 0 1 4 0 0 0 0 1 1 2 0 0 0 0 0 0 0 0 0 0 2 0 0 0 0 0 0 0 0 0 0 3 0 0 0 0 0 24 9 0 17 0 0 2 10 0 0 20 50 11 58 13 0 0 10 14 29 0 0 0 0 0 0 0 0 0 0 0 0 0 0 0 0 2 0 0 0 0 0 0 0 0 2 0 0 0 0 0 0 2 0 0 0 0 0 0 0 0 0 0 0 0 0 1 0 0 0 0 0 0 0 2 0 0 0 4 0 28 0 20 0 1 0 16 16 27 25 15 26 0 1 28 27 15 0 8 36 0 0 0 0 0 0 0 0 0 0 0 0 1 0 0 0 0 0 0 4 0 0 0 0 0 0 0 0 0 0 0 0 0 0 0 0 0 0 1 0 0 0 0 0 1 0 0 0 0 0 0 0 0 0 59 0 0 0 0 0 0 1 0 0 0 0 0 2 1 0 18 11 0 0 2 0 0 0 0 0 0 0 0 0 0 0 0 0 0 0 0 0 0 0 0 0 0 5 0 0 0 0 0 0 0 0 0 0 0 0 
 47 470 217 149 183 54 72 102 73 140 182 121 176 0 243 257 416 136 156 176 3 0 1 0 0 0 2 3 3 6 0 3 1 3 0 3 0 0 0 0 0 15 3 0 58 3 0 0 0 0 0 3 2 0 0 0 0 1 0 0 0 0 0 2 0 0 0 0 0 0 7 0 0 0 8 0 0 2 0 0 29 12 27 5 2 0 14 9 23 2 22 12 22 43 25 0 9 0 15 14 8 0 0 0 0 0 0 0 0 0 0 0 0 0 0 0 0 0 68 0 0 0 0 0 0 0 0 0 0 0 0 0 0 10 0 0 0 0 0 0 1 0 0 0 0 0 0 0 0 0 0 0 0 0 4 0 0 0 0 0 13 30 29 0 0 9 19 39 19 25 31 0 0 16 24 49 17 30 0 27 0 0 0 0 0 0 1 1 0 0 0 0 1 0 0 0 0 0 10 1 0 0 0 0 0 0 0 0 0 0 0 0 0 0 0 0 1 0 0 0 0 0 0 0 0 0 0 0 0 0 0 0 1 0 0 10 0 0 0 0 0 1 0 0 2 1 90 2 2 1 13 5 2 0 0 0 0 0 0 0 0 0 0 0 0 0 0 0 0 0 0 0 0 0 0 0 0 0 0 0 0 0 0 0 0 0 0 0 0 0 
 127 139 215 286 92 458 45 49 87 332 61 78 205 243 0 150 129 22 88 199 5 1 1 0 4 3 4 3 5 0 0 3 4 3 2 3 4 5 147 0 4 10 15 0 34 7 2 3 0 64 3 3 2 0 2 2 0 0 2 0 0 0 0 2 3 0 0 2 5 0 0 0 0 0 3 5 0 0 0 0 1 25 16 23 0 10 17 11 0 9 16 55 11 23 12 13 26 19 0 21 1 0 0 0 0 0 0 0 0 0 0 0 27 0 0 0 0 0 11 28 0 0 0 0 0 0 0 0 0 0 0 0 0 16 0 0 0 0 0 0 0 0 0 0 0 0 0 0 0 0 0 0 0 0 2 2 0 0 0 0 15 12 4 10 0 11 15 29 0 16 16 0 6 20 12 0 1 34 1 18 0 0 0 2 0 0 30 0 0 0 0 0 24 0 0 6 0 0 1 1 0 0 1 0 0 0 0 0 0 0 0 9 0 0 1 0 0 0 0 0 0 2 0 0 0 0 0 0 0 0 0 0 0 0 0 0 0 0 0 0 0 20 0 0 0 0 39 0 1 90 2 15 0 0 0 0 0 0 0 0 0 0 0 0 0 0 0 0 0 0 0 0 0 0 0 0 17 0 0 0 0 0 0 0 0 0 0 0 0 0 
 333 394 151 55 69 301 86 209 161 191 104 60 68 257 150 0 77 273 28 164 3 0 0 0 0 2 8 6 3 0 3 7 0 3 0 2 0 0 84 207 0 3 2 3 34 2 4 6 4 0 0 2 0 0 4 0 0 0 0 0 0 0 3 5 22 0 0 0 2 0 6 1 0 0 8 0 5 5 0 0 11 0 35 0 26 31 22 0 30 17 34 13 10 0 0 46 47 34 0 0 12 0 0 0 0 0 0 0 0 0 0 0 4 0 0 0 0 0 0 0 0 0 0 0 0 0 0 0 0 0 0 0 0 0 0 0 0 0 11 0 0 0 0 0 0 0 0 12 17 0 0 0 0 0 0 0 0 0 0 0 25 11 24 45 2 0 14 24 22 0 9 15 18 0 18 14 26 8 0 0 0 0 0 0 0 0 0 0 0 0 0 0 13 0 0 0 0 0 0 0 0 0 0 0 0 0 0 0 0 0 0 0 0 0 0 0 0 0 0 0 0 0 0 0 0 0 0 0 0 0 0 0 0 0 0 0 0 0 0 0 0 0 0 0 0 4 90 0 2 2 2 12 0 0 0 0 0 0 0 0 0 0 0 0 0 0 0 0 0 0 0 0 0 0 1 1 18 0 0 0 0 0 0 0 0 0 0 0 0 0 
 123 60 227 136 64 104 164 33 75 394 97 109 43 416 129 77 0 148 128 31 3 0 0 0 0 0 2 3 3 0 0 3 80 5 0 2 0 0 97 98 0 11 10 0 1 2 0 0 0 0 1 2 2 0 0 0 0 0 32 0 0 0 0 2 0 0 0 0 0 0 0 0 0 0 3 0 0 0 0 0 20 12 25 0 51 23 0 11 21 33 27 26 8 11 13 0 15 48 0 10 21 0 0 2 0 0 0 0 2 0 0 14 9 0 2 0 0 0 0 22 0 0 0 0 0 0 1 0 0 14 0 0 0 19 0 0 0 0 10 0 0 0 2 0 0 0 0 1 0 0 2 0 0 0 3 39 0 0 0 0 0 8 8 1 15 0 14 2 2 23 1 0 0 10 0 1 17 30 0 2 29 0 0 0 0 0 19 17 0 0 0 0 48 0 0 10 0 1 29 0 0 0 0 0 0 0 0 0 0 0 0 0 0 0 0 0 0 0 0 0 0 0 0 0 0 0 0 0 0 0 0 0 0 3 0 0 0 0 0 0 0 20 0 0 0 2 43 0 3 1 0 15 0 0 0 0 0 0 0 0 0 0 0 0 0 0 0 0 0 0 0 0 0 0 0 40 0 0 0 0 0 0 0 0 0 0 0 0 0 0 
 43 17 169 214 94 42 109 41 121 212 245 54 426 136 22 273 148 0 202 204 3 0 77 0 0 0 1 75 0 0 1 79 0 3 0 3 0 0 3 0 0 0 0 2 56 0 0 0 0 0 0 3 0 0 0 0 0 5 0 0 0 0 0 0 9 1 40 0 0 0 0 2 0 1 0 7 2 2 2 0 0 12 16 10 14 0 46 13 11 29 18 24 9 0 0 28 2 7 0 9 0 0 1 0 0 0 0 1 0 0 0 0 1 16 0 0 0 0 24 0 0 0 0 0 0 0 0 0 0 0 0 0 0 0 0 10 0 0 13 0 0 0 0 0 0 0 1 2 0 0 0 0 0 0 0 0 0 0 0 0 19 24 25 0 0 12 0 3 33 8 31 37 13 13 18 10 19 10 1 22 0 0 0 0 0 0 0 16 0 0 0 0 0 0 0 0 0 0 0 1 0 0 0 0 0 0 0 0 0 0 0 0 0 0 0 0 0 0 0 0 0 0 0 0 0 0 0 0 0 0 0 0 0 0 0 0 0 0 58 0 0 0 0 0 0 0 8 0 2 4 13 2 0 0 0 2 0 0 0 0 0 0 0 0 0 0 0 0 0 0 0 0 0 0 0 13 0 14 0 0 0 0 0 0 0 0 0 0 0 0 
 48 138 121 160 83 43 230 253 106 65 122 24 381 156 88 28 128 202 0 335 5 0 2 0 0 2 4 5 3 0 0 5 1 2 1 6 3 1 0 0 0 8 3 0 0 9 0 2 2 0 0 3 3 1 0 0 1 2 0 0 0 4 1 2 0 0 0 5 0 0 0 0 0 0 3 0 0 0 0 0 10 20 0 10 0 1 19 18 1 0 9 2 34 35 12 0 8 8 12 24 0 0 0 0 0 0 0 0 0 0 0 0 0 0 0 0 0 0 0 0 0 0 0 0 0 0 0 0 1 0 0 0 0 0 0 0 0 0 0 0 0 0 0 0 0 0 0 0 0 0 0 0 0 0 2 2 0 0 0 0 14 1 14 0 0 0 26 20 3 23 17 0 0 23 8 12 0 0 1 23 0 0 0 0 0 0 0 0 0 0 0 0 0 0 0 0 0 0 0 0 0 1 1 11 0 0 0 0 0 0 0 0 0 0 0 12 0 0 0 0 1 1 0 0 0 0 0 0 0 0 0 0 0 0 0 0 0 0 0 0 0 1 0 0 0 0 2 1 0 0 20 2 0 0 0 0 0 0 0 0 0 0 0 0 0 0 0 0 0 0 0 0 0 0 0 0 0 0 0 0 0 0 0 0 0 0 0 0 0 0 
 233 61 244 200 283 261 185 119 219 87 193 43 199 176 199 164 31 204 335 0 3 0 0 0 0 0 5 75 3 0 0 7 14 3 0 4 0 74 1 0 0 3 3 0 0 2 2 3 2 0 0 2 0 0 2 0 0 0 0 64 0 0 0 2 3 0 2 0 0 0 3 1 0 0 6 0 48 3 0 0 0 11 0 8 0 0 0 0 14 0 21 0 11 16 31 16 13 11 20 10 0 0 0 0 0 0 0 0 0 0 0 0 0 0 0 0 0 0 0 0 0 0 0 0 2 0 0 0 0 0 0 0 0 0 0 0 0 0 0 0 0 0 0 0 0 0 0 0 0 0 0 8 0 0 6 4 0 0 0 0 2 25 19 1 0 0 29 11 9 31 1 19 0 28 0 11 9 0 6 1 0 0 0 0 0 2 0 0 0 0 0 0 0 0 0 0 0 0 0 0 0 0 0 0 0 14 0 0 0 0 0 0 0 0 0 0 0 0 0 0 0 15 0 0 0 0 0 0 0 2 0 0 0 0 21 0 0 0 0 0 0 0 0 0 0 1 0 3 0 0 14 7 0 0 0 0 0 0 0 0 0 0 0 0 0 0 0 0 0 0 0 0 0 0 0 0 0 0 0 0 11 0 0 0 22 0 0 0 0 0 
 3 3 3 7 80 3 3 3 3 3 5 90 3 3 5 3 3 3 5 3 0 373 380 65 115 37 186 207 384 265 120 240 375 171 449 115 62 268 176 53 3 0 3 0 5 0 3 0 0 2 2 71 0 0 0 0 0 0 0 3 3 0 0 0 3 3 0 0 0 0 3 0 2 0 0 0 3 0 3 0 0 0 0 0 1 0 0 0 0 27 0 0 0 2 0 0 1 0 0 0 72 60 0 0 21 0 38 31 38 11 0 2 18 27 14 59 29 0 1 26 0 0 2 0 0 0 0 0 0 0 0 0 0 2 0 0 1 0 24 0 0 0 2 0 0 0 29 0 0 1 0 0 0 0 0 0 11 0 0 2 0 0 0 0 21 13 0 0 0 0 0 5 0 0 0 0 0 0 0 2 22 4 48 21 0 0 18 23 21 0 1 13 11 14 15 2 15 9 12 28 0 0 0 1 0 0 0 0 0 0 0 0 2 0 1 0 0 0 10 0 0 0 0 0 0 0 0 0 0 10 0 0 0 0 0 10 0 0 0 0 0 0 1 0 0 0 0 0 0 0 0 0 0 0 5 2 0 7 0 1 4 0 0 0 0 0 0 0 0 0 0 0 0 0 0 0 0 0 0 0 0 0 0 0 0 0 0 0 0 0 
 0 0 0 0 60 0 3 0 2 3 0 75 0 0 1 0 0 0 0 0 373 0 244 130 127 131 187 128 200 325 31 18 369 250 158 94 116 61 66 180 3 0 5 0 4 0 4 0 1 5 3 0 2 0 2 1 0 0 62 4 3 0 0 0 3 0 0 0 0 0 3 2 3 0 0 5 3 0 3 0 0 0 0 1 3 13 0 0 0 0 0 0 0 1 0 0 0 0 0 0 22 45 19 7 6 0 63 58 11 12 16 3 8 36 0 12 19 10 5 19 0 0 0 0 0 0 13 0 0 0 0 0 0 1 0 0 2 0 1 12 0 0 0 0 0 14 0 0 30 0 0 0 6 0 0 0 0 0 3 0 0 0 0 0 0 9 0 0 0 1 0 0 0 0 0 0 0 0 0 1 7 30 38 17 1 0 16 14 31 6 78 0 0 21 2 13 67 46 0 6 0 0 0 0 0 0 0 0 0 0 0 13 0 0 0 0 0 0 0 0 0 0 0 0 0 0 0 14 0 0 1 0 0 0 14 0 0 0 0 0 0 0 2 0 0 0 0 0 0 0 0 0 18 0 12 0 0 77 1 0 3 0 0 0 0 0 0 0 0 0 0 0 0 0 0 0 0 0 0 0 0 0 0 15 0 14 0 0 0 0 
 0 0 0 0 0 75 10 2 0 0 74 0 0 1 1 0 0 77 2 0 380 244 0 157 96 123 159 276 124 133 111 24 147 162 149 48 323 228 37 225 3 0 3 0 4 1 3 0 1 0 2 0 0 0 0 0 0 0 3 3 3 0 0 0 1 0 0 0 0 51 5 0 3 0 0 0 3 0 3 0 0 0 0 0 0 0 0 0 0 0 0 0 0 0 0 0 0 0 0 0 12 12 39 17 25 0 31 49 7 17 17 12 35 33 33 56 14 48 0 17 0 0 0 0 0 0 9 0 0 0 0 0 0 12 0 2 0 0 7 32 0 0 0 0 0 9 0 0 0 0 0 0 7 0 0 0 0 0 0 0 0 0 0 0 0 0 0 0 0 0 0 0 0 0 0 0 2 0 0 0 4 73 19 28 24 19 7 14 0 67 37 0 0 12 10 8 54 49 10 24 0 0 0 0 0 0 0 0 0 0 0 0 8 0 0 0 0 0 1 11 12 0 0 0 0 0 0 0 0 0 0 0 0 0 4 0 0 0 0 0 0 0 13 0 0 0 0 0 0 0 0 0 0 0 16 3 0 5 3 0 7 16 0 0 0 0 27 0 0 0 0 0 0 0 0 0 0 0 0 1 0 11 0 0 0 0 0 0 0 0 
 0 0 0 0 0 80 204 0 0 0 0 0 0 0 0 0 0 0 0 0 65 130 157 0 209 52 254 181 260 227 51 257 63 73 76 45 274 162 145 152 3 0 3 0 5 0 3 0 0 0 2 2 0 0 0 0 0 0 4 3 3 0 0 0 2 4 0 0 0 0 3 0 13 0 0 0 3 0 3 0 0 0 0 0 0 0 0 1 1 0 0 0 0 0 4 0 0 0 0 0 8 31 11 44 22 0 25 15 30 2 0 16 20 0 12 13 27 17 0 0 1 0 0 0 0 1 0 0 0 0 0 0 0 10 11 0 0 0 0 11 0 0 0 0 0 0 0 0 0 0 0 0 0 0 0 0 0 0 0 0 0 0 0 0 0 0 0 0 0 0 0 0 0 16 0 0 0 0 0 0 0 22 22 21 10 10 19 1 25 9 6 7 0 13 15 23 1 31 0 22 0 0 0 0 0 0 0 2 1 0 0 0 23 0 0 0 13 0 15 0 0 0 2 0 0 0 0 0 0 0 1 0 0 0 0 0 0 0 0 0 0 0 5 0 0 0 0 0 0 0 0 0 0 0 6 0 0 78 0 1 1 0 0 0 0 17 0 0 0 0 0 0 0 0 0 0 0 0 0 5 0 0 0 0 0 0 0 0 0 0 
 0 0 0 1 0 0 3 0 0 1 4 1 0 0 4 0 0 0 0 0 115 127 96 209 0 68 344 191 368 485 156 113 71 66 374 106 100 413 272 68 58 0 3 0 4 1 3 66 0 0 2 0 65 77 0 0 54 0 3 3 8 4 0 6 1 1 0 0 0 0 3 0 3 0 0 0 3 1 3 0 0 0 0 0 2 0 0 0 0 0 0 0 0 0 0 1 0 0 0 0 11 9 0 9 40 83 7 0 0 29 32 45 13 16 23 18 0 9 0 0 18 42 11 0 0 0 22 0 21 0 12 0 4 0 0 0 0 13 0 9 0 0 0 0 0 0 11 0 0 0 0 0 0 0 0 0 7 0 0 0 0 0 0 0 0 0 0 0 0 0 0 0 0 0 0 0 0 0 1 0 0 16 42 22 15 12 3 17 4 11 46 20 0 0 0 14 10 1 0 1 23 22 0 0 12 0 0 0 11 0 0 2 0 11 1 5 1 0 24 33 0 0 0 2 0 0 2 0 0 0 0 0 1 0 0 0 0 0 0 0 0 0 33 0 0 0 0 0 0 0 0 0 0 0 15 0 2 47 2 4 0 4 0 0 0 0 0 0 0 0 0 0 0 0 0 0 0 0 0 0 0 1 0 1 0 0 0 0 0 0 
 0 0 0 2 74 0 0 2 0 274 0 0 0 0 3 2 0 0 2 0 37 131 123 52 68 0 70 99 354 50 215 118 40 73 166 163 215 204 38 44 70 24 3 0 5 3 56 0 0 0 2 0 0 4 63 0 1 0 21 3 3 1 0 0 6 0 0 2 0 46 3 0 3 0 0 0 3 0 3 0 0 0 0 0 0 0 0 0 0 0 0 14 0 0 0 0 0 0 0 0 0 0 29 26 13 18 0 0 1 19 0 20 0 51 1 13 10 9 0 0 0 0 1 0 0 0 29 42 6 22 3 0 28 1 31 21 10 0 2 32 0 0 0 0 0 0 0 0 1 0 0 0 0 0 0 1 0 0 0 0 0 0 0 0 1 0 0 0 0 0 0 0 0 0 0 0 0 0 0 0 0 11 12 11 14 17 0 1 27 1 11 14 0 0 0 10 0 10 0 0 17 0 14 0 0 13 25 21 0 1 0 18 17 17 16 2 0 0 16 48 0 0 0 0 0 0 0 0 0 0 0 0 1 0 3 2 0 0 0 0 0 0 0 0 0 0 0 0 0 0 0 0 0 0 9 0 0 120 72 0 5 0 0 1 0 0 0 0 0 0 0 0 0 0 0 0 0 0 0 0 0 8 0 0 0 34 19 0 0 0 
 2 2 2 2 2 150 4 2 2 2 2 2 2 2 4 8 2 1 4 5 186 187 159 254 344 70 0 183 73 90 141 439 553 185 195 196 25 117 82 66 4 0 3 6 82 0 3 0 0 4 2 1 0 0 0 0 0 0 1 3 3 0 0 0 3 0 0 0 0 0 3 0 2 0 0 0 3 0 3 0 0 0 0 23 0 1 0 0 0 0 0 0 0 0 1 0 0 0 2 0 30 43 1 0 1 0 39 3 18 6 6 0 20 0 28 17 9 28 48 0 1 0 0 0 0 0 7 0 0 0 0 1 0 0 0 1 0 0 19 0 0 0 0 0 0 1 0 0 0 0 0 1 0 0 0 0 17 0 0 0 0 0 0 0 0 7 0 0 0 0 1 0 1 0 0 0 0 0 0 0 0 1 14 76 47 2 31 0 2 6 13 0 0 4 27 22 22 9 0 4 0 0 0 0 0 0 0 0 0 0 0 0 0 0 0 0 0 0 0 0 22 0 16 0 0 0 0 0 0 0 0 0 0 0 0 0 0 0 0 0 0 0 0 0 0 0 0 0 0 0 0 0 0 0 6 0 0 89 3 3 18 2 0 0 0 0 13 0 0 0 0 0 0 0 0 0 0 0 0 5 0 0 0 0 0 0 0 0 0 13 
 3 3 3 3 3 4 9 3 3 3 3 3 3 3 3 6 3 75 5 75 207 128 276 181 191 99 183 0 270 331 92 21 252 152 300 37 111 386 99 37 3 2 3 0 5 0 5 0 2 1 7 1 0 2 0 3 0 1 63 6 10 3 0 0 9 1 0 0 0 0 6 0 1 0 2 0 12 2 3 0 0 0 0 0 0 0 8 0 0 0 0 0 0 0 0 0 0 0 0 0 9 10 16 20 51 0 2 10 18 25 34 1 1 8 14 14 3 23 0 0 0 0 0 0 0 2 11 0 0 0 0 0 1 18 0 0 0 0 19 21 0 0 0 0 9 0 8 0 0 0 0 0 0 0 0 0 17 0 0 0 0 0 0 0 0 0 0 0 0 0 0 0 0 0 0 0 0 0 0 0 0 35 20 57 22 12 0 0 14 17 34 10 0 0 5 21 31 23 0 0 0 0 0 0 0 0 0 0 0 0 0 0 1 3 1 0 0 0 21 0 22 0 1 0 0 0 0 0 0 0 0 0 0 0 9 0 0 0 0 0 0 0 0 0 0 0 0 0 0 0 0 0 0 0 9 0 2 98 0 0 2 0 0 0 0 0 13 0 0 0 0 0 0 0 0 0 0 0 0 0 0 3 0 0 0 9 0 0 0 0 
 3 0 3 3 3 4 8 2 3 3 3 3 3 3 5 3 3 0 3 3 384 200 124 260 368 354 73 270 0 109 116 75 287 281 412 257 336 476 66 121 3 0 5 4 5 0 3 0 1 0 2 5 1 0 0 0 0 4 4 3 3 0 0 0 13 4 0 0 0 33 5 4 1 0 0 5 12 7 7 0 0 0 0 0 0 0 0 0 1 0 0 0 0 0 0 0 0 0 0 0 25 18 43 30 15 1 24 10 37 11 0 13 0 11 27 9 49 14 0 0 0 0 0 0 0 1 30 0 0 0 0 0 17 15 0 0 0 0 1 28 0 0 0 0 0 0 0 0 0 0 0 0 0 0 0 0 0 0 0 0 0 0 1 0 0 6 0 0 0 0 0 0 0 0 0 0 0 0 0 0 0 27 20 13 14 18 12 0 34 9 16 0 0 0 43 11 0 24 0 13 0 0 0 0 0 0 0 2 1 0 0 0 19 0 0 0 0 0 11 15 0 0 2 0 0 0 0 0 0 0 0 0 0 0 0 0 0 0 0 12 0 0 0 0 0 0 0 0 0 0 0 0 0 0 9 2 0 138 1 0 3 0 0 0 0 62 0 0 0 0 0 0 0 0 0 0 0 0 0 0 0 0 0 0 0 9 14 0 0 0 
 0 0 0 0 87 74 2 0 0 0 0 4 0 6 0 0 0 0 0 0 265 325 133 227 485 50 90 331 109 0 326 24 64 83 196 166 70 123 75 85 3 0 3 0 5 0 3 0 0 0 87 1 0 0 0 0 0 7 0 3 3 0 0 0 3 0 0 0 0 0 3 42 2 0 0 0 3 0 3 0 0 0 0 0 0 3 0 28 0 0 0 0 0 2 0 0 0 0 0 0 17 25 0 0 11 11 22 0 11 23 56 13 33 6 8 41 1 21 0 18 0 0 0 0 0 0 2 0 0 0 7 0 0 2 12 0 1 0 20 0 0 0 2 0 0 0 0 0 0 1 0 0 0 0 0 0 0 0 0 2 0 0 0 0 0 0 0 0 0 0 0 1 0 0 0 0 0 0 5 17 0 11 23 47 22 11 36 0 0 0 60 29 0 19 12 0 9 0 0 8 17 9 0 0 0 0 0 0 12 0 0 0 2 0 9 0 15 0 12 35 2 0 0 0 0 8 0 0 0 0 0 0 0 0 0 0 0 0 0 0 0 0 1 0 0 0 0 0 0 0 0 0 0 0 5 0 0 75 0 0 2 0 0 0 0 0 0 0 0 0 0 0 2 0 0 0 0 0 0 9 0 0 0 0 0 0 0 0 0 0 
 1 2 0 1 0 0 0 0 0 0 0 0 0 0 0 3 0 1 0 0 120 31 111 51 156 215 141 92 116 326 0 178 18 264 144 78 170 120 31 85 4 0 3 0 4 3 3 0 0 0 3 0 119 68 0 0 0 0 6 4 3 0 0 0 1 0 0 0 0 0 3 0 3 0 0 0 3 0 3 0 0 0 0 0 0 1 0 0 0 0 0 0 0 0 0 0 0 0 2 0 8 8 13 0 1 29 0 13 40 57 14 23 0 0 11 19 0 21 0 0 0 0 20 0 0 0 27 0 0 3 0 1 18 0 10 27 0 0 56 1 0 0 0 0 0 0 0 0 0 4 0 0 0 0 0 0 0 0 0 0 1 0 0 0 0 0 0 0 0 0 0 0 0 2 0 0 0 0 7 0 0 0 11 32 16 10 8 0 10 33 18 23 0 13 0 32 10 0 0 0 0 12 0 0 0 2 0 0 4 0 0 0 0 0 14 0 36 0 11 26 8 0 0 0 0 0 0 0 0 0 0 0 9 0 1 0 0 0 0 0 0 0 0 0 0 1 0 0 0 0 0 0 0 9 2 0 0 5 1 0 0 0 0 0 0 0 14 0 0 0 0 0 0 0 0 0 0 0 0 0 0 17 0 0 0 0 0 0 0 0 
 3 3 3 3 5 3 8 3 3 4 3 6 3 3 3 7 3 79 5 7 240 18 24 257 113 118 439 21 75 24 178 0 23 14 32 50 141 157 298 48 33 0 3 0 5 0 10 9 4 0 2 0 108 49 65 64 0 0 2 39 3 0 0 0 17 0 0 0 0 29 9 2 2 3 6 0 9 6 3 0 0 0 0 0 0 0 0 0 0 0 0 0 0 0 0 0 0 0 0 0 0 0 20 15 12 25 0 1 29 11 44 0 0 0 0 0 22 1 0 0 16 0 38 0 0 0 27 12 0 19 0 0 12 25 1 28 48 0 25 4 0 0 0 0 0 0 0 0 2 0 0 0 0 0 0 0 0 0 0 3 0 0 0 0 0 0 0 0 0 0 0 0 0 0 0 0 0 0 5 0 0 15 10 0 10 9 0 5 36 13 0 21 0 0 24 11 0 0 0 19 0 0 25 0 0 0 16 5 32 14 0 0 35 0 0 7 6 0 0 46 0 0 7 0 0 0 0 0 0 0 0 0 0 0 0 0 0 0 0 0 0 0 3 0 0 0 0 0 0 0 0 0 0 0 2 6 0 0 2 0 2 0 0 0 0 0 0 0 0 0 0 0 0 0 0 0 0 0 0 0 0 0 0 0 1 0 20 0 0 0 
 1 1 0 79 0 21 1 75 86 0 0 6 2 1 4 0 80 0 1 14 375 369 147 63 71 40 553 252 287 64 18 23 0 154 121 39 34 117 170 143 3 0 3 2 4 0 3 0 0 3 7 0 0 0 3 0 0 0 0 3 10 0 0 0 3 0 0 0 0 0 3 0 1 0 0 0 3 0 3 0 0 4 0 8 0 0 0 0 11 12 0 0 0 6 0 0 0 18 0 0 1 1 0 0 0 0 0 16 13 9 11 0 0 13 0 19 9 10 12 15 0 0 0 0 0 0 0 0 0 0 0 0 0 0 0 0 0 0 16 0 0 0 0 0 0 0 0 0 0 0 0 0 0 0 0 0 0 0 0 0 0 0 0 0 6 0 0 0 0 0 46 9 0 0 0 0 0 0 0 0 6 0 9 20 8 0 0 7 1 9 0 0 4 7 51 18 19 1 38 0 0 0 0 0 0 0 0 0 15 0 0 0 0 0 0 0 0 0 0 8 7 0 0 0 0 0 0 0 0 0 0 1 0 0 0 0 0 0 0 0 0 0 0 0 0 0 0 0 74 0 0 1 0 0 3 2 0 0 76 8 14 0 0 0 0 0 8 1 0 0 0 0 0 0 0 0 0 0 0 0 0 0 0 0 0 0 0 0 0 0 
 3 3 3 82 76 77 4 5 5 3 3 163 3 3 3 3 5 3 2 3 171 250 162 73 66 73 185 152 281 83 264 14 154 0 80 34 179 94 80 371 3 0 3 0 4 0 3 0 0 7 2 63 0 0 0 0 0 0 62 3 3 0 0 0 3 0 0 0 0 0 3 0 3 0 0 0 3 0 3 0 0 0 0 0 10 9 13 0 0 27 1 1 0 0 0 0 8 2 0 0 33 29 21 10 1 24 20 53 0 0 12 6 22 0 0 22 11 8 2 20 0 0 0 0 0 0 13 0 0 0 0 0 0 16 0 0 0 0 0 12 0 0 0 0 0 3 0 0 0 0 0 0 3 0 0 1 0 0 0 0 0 0 0 2 13 5 0 0 0 0 0 9 0 0 0 0 0 0 0 0 27 19 45 0 0 8 10 10 1 24 0 0 13 10 9 0 29 29 44 20 0 0 0 0 0 0 0 0 0 0 0 0 19 0 0 0 0 0 37 2 0 0 0 0 0 0 0 0 0 0 0 0 0 10 0 0 0 0 0 0 0 0 0 0 0 0 0 0 0 0 0 0 7 0 8 2 2 0 0 0 3 12 0 0 0 0 0 0 0 0 0 0 0 0 0 0 0 0 0 0 0 0 0 0 0 0 0 0 0 2 
 0 0 0 0 9 0 3 0 0 2 0 0 0 0 2 0 0 0 1 0 449 158 149 76 374 166 195 300 412 196 144 32 121 80 0 170 662 238 76 153 3 0 3 62 4 0 3 0 1 0 2 0 72 0 0 3 0 0 20 3 5 0 3 0 5 0 0 0 0 0 3 0 2 0 1 0 3 0 3 0 0 0 0 0 0 0 0 0 0 0 0 0 0 0 0 0 0 0 0 0 12 15 21 15 19 0 9 11 8 30 11 26 3 65 19 19 4 8 0 27 0 0 4 0 0 0 9 20 0 0 0 20 12 0 0 0 0 0 12 24 0 0 0 0 0 0 5 0 0 0 0 0 0 0 0 0 5 0 0 0 0 0 0 0 0 0 0 0 3 0 0 0 0 0 0 0 0 0 0 0 0 27 12 14 21 1 0 56 28 45 11 8 0 8 15 11 10 18 0 0 0 1 0 0 0 0 0 0 0 0 2 0 13 10 0 0 0 0 28 26 17 0 0 0 0 0 0 0 0 0 0 0 0 0 1 9 0 0 0 0 0 0 21 0 0 0 0 0 0 0 0 0 0 0 20 5 3 120 77 2 13 0 0 0 0 0 12 0 0 0 0 0 0 0 0 0 0 0 0 0 0 24 0 0 0 35 0 0 0 2 
 4 3 3 2 2 1 2 2 2 5 2 1 3 3 3 2 2 3 6 4 115 94 48 45 106 163 196 37 257 166 78 50 39 34 170 0 58 123 36 324 3 61 3 0 4 65 3 0 2 10 2 1 0 0 0 1 0 0 0 3 3 0 0 0 8 0 0 0 0 30 3 0 3 0 0 0 3 0 3 0 0 0 0 0 0 0 0 0 0 0 0 0 0 0 0 0 0 0 0 0 32 52 31 0 20 0 11 19 0 14 0 0 0 0 14 17 14 0 0 0 0 0 0 0 0 0 19 0 0 0 0 0 0 0 0 0 0 0 0 4 0 0 0 0 0 0 23 0 0 0 0 0 0 0 0 0 10 0 0 0 0 0 0 0 0 10 0 0 0 0 0 0 0 0 29 0 0 0 0 0 0 0 17 9 0 0 0 0 20 0 0 8 0 0 10 0 20 4 0 1 0 0 0 0 0 0 0 0 0 0 0 0 0 15 1 0 0 0 14 20 0 0 0 0 0 0 0 0 0 0 0 0 0 0 0 0 0 0 0 0 0 0 0 0 0 0 0 0 1 2 0 0 0 0 9 1 2 13 0 1 0 1 0 0 0 0 0 0 0 0 0 0 0 8 0 0 0 0 0 0 0 0 0 0 0 0 22 0 0 0 
 0 0 0 2 0 0 0 78 2 2 0 0 1 0 4 0 0 0 3 0 62 116 323 274 100 215 25 111 336 70 170 141 34 179 662 58 0 313 44 35 3 0 3 0 4 0 3 0 0 0 4 0 25 0 0 0 0 63 48 3 3 0 0 0 35 0 0 0 0 0 3 0 9 0 0 0 3 0 3 0 0 0 0 0 0 0 0 0 0 0 0 0 0 0 0 0 0 0 0 0 0 0 25 51 54 27 0 2 19 19 0 31 0 18 28 1 25 0 0 0 18 0 9 6 0 0 9 0 0 0 0 0 52 15 14 0 0 0 1 19 0 0 0 2 0 0 7 0 0 0 0 0 0 0 0 0 13 0 0 0 0 0 2 0 0 0 0 0 0 0 0 0 0 0 1 0 0 0 0 0 0 29 37 0 1 15 0 19 2 24 1 41 0 1 2 11 0 14 0 0 2 0 1 0 0 0 1 1 0 0 0 0 34 6 9 0 14 0 26 20 0 0 0 0 0 0 0 0 0 9 0 0 0 0 0 0 0 0 0 2 0 0 15 0 0 0 0 0 0 0 0 0 0 0 1 1 1 35 2 0 1 1 0 0 0 0 0 0 0 0 0 0 0 0 0 0 0 0 0 0 0 13 0 0 0 4 14 0 0 0 
 0 0 3 0 1 1 1 0 2 0 2 0 0 0 5 0 0 0 1 74 268 61 228 162 413 204 117 386 476 123 120 157 117 94 238 123 313 0 51 203 5 0 3 0 4 0 3 5 6 0 2 0 71 0 0 0 0 0 69 65 3 0 0 0 3 2 0 0 6 0 3 0 2 0 0 0 4 0 3 0 0 0 0 1 0 0 2 0 0 0 0 0 22 0 0 0 0 0 0 0 20 38 9 65 26 2 10 44 25 31 19 19 1 24 0 15 10 4 0 18 0 0 0 0 0 0 8 0 0 0 0 0 1 12 0 0 0 0 24 8 0 0 0 0 0 0 17 0 7 0 0 0 0 0 0 0 8 0 0 0 0 0 0 0 0 1 0 0 0 0 0 0 0 18 0 0 1 0 0 0 0 31 30 6 15 13 1 0 24 37 17 5 0 0 11 2 18 36 0 17 0 0 0 0 0 0 0 0 0 0 0 0 19 9 0 0 0 0 29 11 26 5 0 0 0 0 0 0 0 0 0 0 0 0 0 0 0 0 0 0 0 0 0 0 0 0 0 0 0 0 0 0 0 0 2 3 0 151 2 0 2 0 0 0 0 0 15 0 0 0 0 0 0 0 0 0 0 0 0 0 0 16 0 0 4 7 0 0 0 0 
 14 35 74 0 1 85 0 0 84 230 73 228 0 0 147 84 97 3 0 1 176 66 37 145 272 38 82 99 66 75 31 298 170 80 76 36 44 51 0 158 5 5 9 1 68 0 3 0 0 0 2 1 0 0 0 5 0 0 0 3 3 0 0 0 2 0 0 0 0 0 8 0 33 0 5 0 3 40 3 0 1 38 28 21 36 58 0 0 0 30 0 13 0 2 0 0 29 56 0 0 23 0 2 0 0 0 0 0 20 0 0 0 6 3 0 0 1 0 26 20 0 0 0 0 0 0 0 0 0 24 0 0 0 1 0 0 1 0 0 0 0 0 2 0 0 0 0 16 0 1 0 0 0 0 0 0 0 0 0 9 0 0 29 73 69 10 0 0 27 35 0 0 2 0 0 0 9 20 0 0 56 0 0 0 0 0 50 32 0 0 0 0 78 20 0 17 0 0 20 23 0 0 0 0 0 0 0 0 0 0 0 0 2 0 0 0 0 0 0 0 0 0 0 0 0 0 0 0 0 0 0 0 0 0 0 10 0 0 0 0 0 30 0 0 0 0 146 0 33 33 6 0 0 0 13 0 0 0 0 2 0 0 17 0 0 0 0 0 0 0 0 0 0 0 0 34 1 2 0 0 0 0 0 0 0 0 0 0 0 0 
 1 73 0 0 2 74 0 0 11 74 0 1 0 0 0 207 98 0 0 0 53 180 225 152 68 44 66 37 121 85 85 48 143 371 153 324 35 203 158 0 3 0 3 0 5 0 3 0 0 2 2 1 0 0 0 0 0 0 2 3 3 0 0 0 3 0 0 0 0 0 4 0 2 0 3 0 3 0 3 0 0 13 2 0 14 19 0 0 0 19 1 12 0 0 0 1 0 11 0 0 28 18 27 30 0 0 18 55 55 0 13 6 0 0 31 0 35 10 1 9 0 0 0 0 0 0 0 0 0 11 0 0 0 30 0 0 0 0 0 10 0 0 0 0 0 4 0 0 0 0 0 0 0 0 0 0 0 0 0 0 0 0 0 10 10 23 0 0 0 0 0 0 0 0 0 0 10 16 0 0 38 42 0 0 3 19 2 23 73 32 0 0 17 22 17 23 42 43 10 54 23 0 0 0 0 0 0 0 0 0 0 0 19 13 0 0 7 0 0 0 0 0 0 0 0 0 0 9 0 0 0 0 0 0 0 0 0 0 0 0 0 0 0 0 0 0 0 0 21 74 0 0 0 0 2 1 4 0 1 1 1 0 0 0 0 0 0 0 0 0 0 0 0 0 0 6 0 0 0 0 0 0 0 0 0 0 0 0 0 0 
 0 56 2 0 0 0 0 0 0 0 3 0 0 0 4 0 0 0 0 0 3 3 3 3 58 70 4 3 3 3 4 33 3 3 3 3 3 5 5 3 0 178 82 47 43 60 298 106 35 111 244 53 116 195 379 106 39 106 117 72 4 4 0 2 0 1 0 0 0 0 0 0 0 0 0 0 0 0 0 0 0 0 0 0 0 0 0 0 0 0 0 0 0 0 0 0 0 0 0 0 0 0 0 0 0 10 0 0 0 0 0 0 0 0 0 0 0 0 0 0 39 9 40 0 0 0 8 11 15 10 11 0 33 25 31 79 36 20 18 1 0 0 0 0 0 0 0 0 5 0 0 0 0 0 0 0 0 0 0 45 0 0 0 0 0 0 0 0 0 0 0 0 0 0 0 0 0 0 0 0 0 0 0 0 0 7 0 0 0 12 0 0 0 0 0 0 0 0 0 0 9 22 13 0 0 4 12 33 7 28 0 22 24 25 7 56 16 0 8 9 21 0 0 0 16 0 0 0 0 0 0 0 0 0 0 0 0 0 0 0 0 0 0 0 0 0 0 0 0 0 0 0 0 0 0 0 0 0 0 0 0 0 2 81 1 2 0 0 0 0 0 0 0 0 0 0 0 0 0 0 0 0 0 0 0 18 0 0 0 0 
 3 3 6 3 3 3 3 3 3 10 3 11 3 15 10 3 11 0 8 3 0 0 0 0 0 24 0 2 0 0 0 0 0 0 0 61 0 0 5 0 178 0 173 441 51 115 112 238 151 250 86 28 126 95 150 144 543 249 113 52 1 0 0 3 0 0 0 0 0 0 0 0 0 0 0 0 0 0 54 0 0 7 12 0 1 2 0 12 0 6 0 0 9 0 0 0 0 10 0 0 0 0 0 0 0 43 0 0 0 0 0 0 6 0 0 0 0 0 0 4 1 48 0 11 35 8 0 49 43 21 44 0 0 23 45 32 15 1 0 0 15 0 0 0 38 0 16 0 0 0 0 0 0 0 0 0 9 0 0 0 0 0 14 1 4 0 0 0 0 3 0 0 0 0 0 0 0 17 0 0 1 0 0 0 0 0 3 0 0 0 0 0 4 10 0 0 0 0 7 0 32 43 0 0 0 26 35 15 1 9 0 13 0 31 6 0 0 10 0 0 0 0 0 0 0 0 12 0 0 0 0 0 22 1 0 0 0 0 0 0 0 3 0 0 0 0 5 0 0 0 0 2 0 2 0 0 0 0 0 1 0 0 2 4 0 2 0 65 1 0 20 0 0 0 0 0 0 0 0 0 0 0 0 0 7 2 0 30 2 0 
 2 2 2 3 2 2 4 2 2 7 5 10 7 3 15 2 10 0 3 3 3 5 3 3 3 3 3 3 5 3 3 3 3 3 3 3 3 3 9 3 82 173 0 188 48 119 56 137 165 54 40 56 269 49 128 244 129 68 92 134 0 0 0 0 0 1 0 0 0 0 0 0 0 0 0 0 0 0 51 0 21 12 11 0 4 3 21 20 2 9 0 0 0 0 4 8 0 5 8 0 0 0 0 0 0 0 0 0 0 0 0 0 9 1 0 0 0 0 0 8 0 10 0 14 24 13 0 11 8 0 19 7 0 0 0 0 0 0 0 0 51 0 0 0 0 0 22 0 0 0 0 0 0 0 7 0 1 0 0 0 0 0 9 6 12 0 0 0 3 26 1 0 27 0 0 33 0 12 0 0 3 0 0 0 0 0 3 0 0 0 0 0 4 11 0 0 0 0 8 0 6 15 16 0 0 0 0 0 0 3 19 13 0 0 0 0 0 29 0 0 0 0 0 0 0 0 14 0 19 0 0 0 27 1 0 0 33 9 56 10 0 3 10 0 0 0 6 0 0 0 0 2 0 2 0 0 0 0 0 2 0 0 7 0 0 11 0 0 2 0 0 0 0 0 0 0 0 0 0 0 0 3 0 0 15 0 0 11 2 0 
 0 61 0 3 0 1 2 0 0 0 0 0 0 0 0 3 0 2 0 0 0 0 0 0 0 0 6 0 4 0 0 0 2 0 62 0 0 0 1 0 47 441 188 0 82 99 138 137 235 103 129 274 74 74 185 134 95 320 161 134 0 4 0 74 0 0 0 0 0 0 47 1 0 0 6 1 5 7 0 0 0 0 0 16 7 3 0 0 0 1 0 0 0 0 0 0 0 0 0 0 0 0 0 0 8 0 0 0 0 0 0 0 1 6 0 0 0 0 34 1 21 20 0 23 16 2 0 0 1 18 11 28 0 11 14 9 17 25 0 7 1 0 0 0 0 0 3 10 0 0 0 0 0 0 0 0 0 0 8 0 0 28 0 2 8 38 0 0 0 0 7 0 0 0 0 1 0 0 0 0 6 0 0 0 0 0 0 0 0 0 0 0 0 32 0 0 1 0 0 0 25 2 24 19 35 4 18 11 0 0 20 10 0 9 23 0 12 2 0 0 0 0 0 0 0 0 9 0 0 0 0 0 13 0 0 22 0 0 0 0 0 0 0 0 0 0 0 0 0 0 0 2 0 1 0 0 0 0 0 10 0 0 15 0 75 0 2 33 2 0 2 0 0 56 0 0 0 0 0 0 0 4 0 0 1 10 0 0 1 0 
 0 1 2 2 2 2 0 57 2 3 34 2 1 58 34 34 1 56 0 0 5 4 4 5 4 5 82 5 5 5 4 5 4 4 4 4 4 4 68 5 43 51 48 82 0 76 268 60 91 90 109 199 71 72 55 69 277 163 87 296 0 0 0 0 0 0 58 0 0 52 0 0 0 0 13 0 0 0 58 52 0 9 0 25 0 19 7 0 0 0 0 0 10 0 0 13 28 0 0 0 0 0 0 0 0 0 0 0 1 0 0 0 24 0 0 0 0 0 9 12 0 0 0 0 0 0 0 0 0 0 0 0 0 0 0 0 0 0 0 0 0 0 0 4 12 0 13 21 0 4 22 0 0 18 7 13 2 22 24 45 10 10 0 0 0 0 10 13 12 0 0 14 30 0 0 0 10 0 0 0 0 0 0 0 0 0 10 0 4 0 0 0 8 0 0 0 0 0 0 0 0 0 0 0 0 21 0 0 0 0 0 0 0 0 0 0 0 0 0 0 0 7 16 20 0 0 0 26 0 31 0 0 0 12 0 15 16 20 14 6 2 0 0 0 0 0 1 0 0 70 0 0 0 0 0 0 0 0 1 4 0 0 9 0 0 3 5 0 0 0 0 0 0 0 0 1 0 0 0 0 0 0 0 0 0 0 0 0 0 15 
 2 2 2 2 2 2 2 3 2 2 3 3 4 3 7 2 2 0 9 2 0 0 1 0 1 3 0 0 0 0 3 0 0 0 0 65 0 0 0 0 60 115 119 99 76 0 53 139 161 159 96 57 97 104 160 83 83 280 70 96 3 0 0 0 0 0 0 0 0 0 54 0 78 0 0 51 76 46 0 51 0 0 0 0 0 0 0 0 0 0 0 0 0 0 0 0 0 0 0 0 0 0 0 0 0 23 0 0 0 0 0 0 0 0 0 0 0 0 0 0 0 12 0 35 33 14 0 0 22 0 3 0 1 12 0 12 12 9 0 0 0 10 14 17 1 0 0 0 0 0 0 0 17 0 0 12 0 15 0 10 0 0 0 0 6 0 0 0 1 0 0 0 0 0 0 2 0 0 0 0 0 0 0 0 0 1 0 0 15 0 0 0 0 0 0 0 0 0 0 0 31 31 0 11 1 24 5 10 0 0 10 0 0 10 7 10 0 13 3 0 7 0 1 0 0 54 0 0 6 21 0 0 6 0 0 11 16 15 11 17 0 0 0 0 0 0 0 0 5 0 0 2 0 2 0 0 0 0 0 1 0 0 9 0 0 14 0 71 1 0 12 0 0 0 0 0 0 0 0 0 0 0 0 0 0 12 0 0 2 0 
 0 0 0 0 0 0 3 73 0 2 0 2 0 0 2 4 0 0 0 2 3 4 3 3 3 56 3 5 3 3 3 10 3 3 3 3 3 3 3 3 298 112 56 138 268 53 0 285 52 115 243 38 142 123 336 97 32 35 99 199 0 0 0 0 0 0 0 0 0 0 0 0 0 0 0 8 0 0 0 0 0 0 0 0 0 0 0 0 0 0 0 0 0 0 0 0 0 0 0 0 14 0 0 0 0 0 0 0 0 0 0 0 0 0 0 10 0 0 0 0 0 27 9 31 0 26 7 48 10 38 14 10 0 27 11 80 29 0 8 0 0 0 0 0 0 0 0 0 3 0 0 0 20 0 1 0 0 0 0 0 0 0 0 12 0 0 0 0 0 0 0 0 0 0 0 0 0 0 0 0 0 0 0 0 8 8 0 0 0 0 0 0 0 0 0 0 0 0 0 0 0 1 4 7 0 29 27 24 20 9 7 6 31 5 7 18 50 21 6 7 0 0 0 0 0 0 0 0 0 0 0 0 6 0 0 12 0 0 0 0 0 0 0 0 0 0 0 0 0 0 0 2 0 0 0 0 0 0 0 0 0 0 3 8 1 4 2 65 0 0 0 0 0 0 0 0 0 0 0 0 0 0 0 0 29 11 0 0 0 0 
 0 0 0 0 10 0 2 0 0 0 0 0 0 0 3 6 0 0 2 3 0 0 0 0 66 0 0 0 0 0 0 9 0 0 0 0 0 5 0 0 106 238 137 137 60 139 285 0 237 122 119 30 164 126 443 93 257 48 149 270 6 7 3 15 0 0 0 0 3 3 0 3 0 0 0 0 0 0 0 0 0 0 0 0 0 0 0 0 0 0 0 0 0 0 0 0 0 0 0 0 0 0 0 0 0 48 0 0 0 0 0 0 0 0 0 0 0 0 0 0 0 17 10 17 33 7 0 0 22 6 28 0 12 19 0 0 20 29 0 0 3 3 0 0 10 33 0 0 0 3 5 0 0 0 0 4 0 6 0 0 0 6 0 0 14 0 0 0 3 0 0 0 0 0 0 4 0 0 0 0 0 0 0 0 0 22 0 5 0 0 0 0 0 0 0 0 0 0 0 0 74 59 10 15 11 0 23 12 0 0 20 18 0 27 6 26 0 0 36 0 0 0 0 2 0 0 0 10 6 15 17 0 20 0 0 10 0 27 14 4 0 0 0 0 0 0 0 0 0 0 0 0 0 1 0 0 0 0 0 2 0 0 0 0 37 12 0 1 0 0 19 0 0 0 0 0 0 0 0 0 0 0 0 0 0 13 0 0 1 0 
 0 0 0 2 0 0 7 0 0 0 0 0 0 0 0 4 0 0 2 2 0 1 1 0 0 0 0 2 1 0 0 4 0 0 1 2 0 6 0 0 35 151 165 235 91 161 52 237 0 174 130 102 114 65 141 320 123 119 96 81 0 0 0 0 0 0 0 0 0 0 1 0 52 0 56 0 0 0 63 0 0 0 0 0 0 0 0 0 0 0 0 0 0 0 0 0 0 0 0 0 0 0 0 0 0 0 0 0 0 0 0 0 0 0 0 0 0 1 0 0 0 8 42 0 42 53 1 22 17 6 23 10 0 0 0 15 7 8 0 0 16 10 1 0 30 0 20 0 0 0 0 0 10 0 11 0 0 4 9 0 0 0 0 0 7 0 0 0 0 0 10 0 0 0 0 4 0 0 0 0 0 0 0 0 0 0 0 0 0 0 0 0 0 0 0 0 0 0 0 0 0 0 7 37 10 1 0 8 3 30 27 24 4 0 0 0 0 12 10 0 23 0 0 0 0 0 66 0 2 0 0 0 49 2 0 0 0 19 13 13 0 0 1 0 0 0 0 0 0 0 0 2 8 2 0 0 0 0 0 7 0 0 0 0 2 14 0 0 0 1 0 0 0 0 0 0 0 0 0 0 0 0 0 0 7 0 0 11 2 0 
 0 0 0 3 0 3 2 0 0 0 0 0 0 0 64 0 0 0 0 0 2 5 0 0 0 0 4 1 0 0 0 0 3 7 0 10 0 0 0 2 111 250 54 103 90 159 115 122 174 0 449 124 43 123 82 434 68 34 97 223 0 0 2 0 0 0 0 0 0 0 8 0 52 0 6 6 6 0 0 0 0 0 0 3 0 0 0 0 0 1 0 0 0 0 0 0 0 0 0 0 3 0 0 0 0 0 4 1 0 0 0 0 0 1 0 0 0 0 8 0 0 7 0 7 47 20 0 11 0 9 0 11 0 0 0 25 0 50 0 0 0 5 47 0 0 0 0 24 0 0 0 6 12 0 0 0 0 0 10 0 0 0 0 0 1 9 0 0 0 0 0 0 0 0 0 1 0 0 0 0 0 0 0 0 0 0 0 0 0 0 0 0 0 0 0 0 7 8 0 0 1 14 22 16 29 26 11 0 11 7 11 15 28 15 8 9 31 25 0 8 26 0 22 0 0 0 53 0 10 3 0 0 8 0 0 9 15 34 11 0 0 0 0 0 0 64 0 0 0 0 0 9 0 1 0 0 0 0 0 10 0 0 0 0 64 1 0 2 0 0 0 0 0 0 0 0 0 0 0 0 0 0 0 0 0 0 0 0 1 0 
 0 2 76 0 64 63 1 0 2 1 0 0 1 0 3 0 1 0 0 0 2 3 2 2 2 2 2 7 2 87 3 2 7 2 2 2 4 2 2 2 244 86 40 129 109 96 243 119 130 449 0 479 37 50 120 110 153 372 108 121 1 0 0 0 5 0 0 0 0 0 0 20 208 50 0 2 0 215 0 0 0 0 0 0 0 0 0 0 0 0 0 0 0 0 0 0 0 0 0 0 0 0 0 0 0 0 0 0 0 0 0 0 0 0 0 0 0 0 20 0 13 37 10 0 0 24 0 4 9 4 18 0 5 0 20 6 10 11 0 0 57 5 0 0 4 0 9 16 0 0 2 0 27 0 1 0 0 0 11 0 0 0 13 0 0 0 0 0 0 0 0 0 0 0 0 0 0 18 0 0 0 0 0 0 1 1 0 0 0 0 0 0 0 0 0 0 0 0 0 0 11 29 28 7 9 0 11 9 9 17 2 19 0 11 19 22 0 15 0 0 0 0 0 0 5 0 8 0 0 0 0 0 32 0 0 0 0 0 0 0 0 0 0 0 0 0 0 0 0 0 2 2 0 0 0 0 0 0 0 10 0 0 3 71 37 1 1 0 2 0 7 0 0 0 2 5 0 0 0 0 0 0 0 0 0 0 0 0 0 0 
 2 0 2 2 65 3 1 3 3 1 3 63 1 3 3 2 2 3 3 2 71 0 0 2 0 0 1 1 5 1 0 0 0 63 0 1 0 0 1 1 53 28 56 274 199 57 38 30 102 124 479 0 26 36 28 65 72 375 98 120 3 0 3 0 5 0 7 0 0 0 0 0 0 0 61 5 0 6 21 1 0 0 0 0 0 0 0 0 0 0 0 0 0 0 0 0 0 0 0 0 0 0 0 0 0 0 0 15 0 0 6 0 0 0 9 13 0 7 0 8 24 13 14 0 2 19 0 33 0 0 13 0 20 0 0 0 0 1 0 0 17 0 0 0 0 0 0 0 0 0 0 0 17 0 0 0 0 0 3 0 0 0 0 0 19 0 0 0 0 0 0 7 0 0 0 0 0 17 0 0 4 0 0 0 0 0 1 1 0 0 0 0 0 6 0 0 0 0 14 0 1 41 22 8 18 0 0 8 8 12 0 19 0 0 15 18 0 35 0 0 0 3 18 0 6 0 20 0 0 0 0 0 7 14 0 0 8 0 15 0 0 0 0 0 0 0 0 0 1 0 0 0 2 0 0 0 0 0 0 15 0 0 1 66 0 2 4 0 2 0 0 0 0 0 0 4 0 0 0 0 0 0 0 0 0 0 0 0 0 0 
 3 0 0 0 0 0 0 3 1 0 0 0 2 2 2 0 2 0 3 0 0 2 0 0 65 0 0 0 1 0 119 108 0 0 72 0 25 71 0 0 116 126 269 74 71 97 142 164 114 43 37 26 0 124 130 41 95 25 148 39 21 0 0 8 18 0 0 0 0 0 4 0 0 0 2 0 1 0 0 0 0 0 0 0 0 0 0 0 0 0 0 0 0 0 0 0 0 0 0 0 0 0 0 3 19 40 0 0 11 15 8 10 0 0 4 0 0 1 0 0 1 25 30 0 0 10 8 8 61 24 21 0 32 30 0 21 18 15 4 0 0 0 0 0 0 0 13 0 0 0 0 8 3 0 0 0 8 0 0 0 0 0 0 0 0 0 0 0 0 0 0 0 0 0 0 0 0 0 4 0 0 1 0 0 1 22 0 0 2 6 0 31 0 0 0 14 0 4 0 0 29 23 24 0 0 1 37 53 7 0 8 5 6 19 6 16 29 1 47 26 0 0 0 0 11 0 0 0 0 0 0 0 0 0 0 0 0 0 0 0 0 0 0 0 0 0 0 0 0 0 0 0 0 0 0 0 0 24 0 0 0 0 2 0 0 0 0 1 0 0 0 0 0 0 0 0 0 0 0 0 0 13 0 0 0 13 0 0 0 0 
 1 0 0 0 0 0 0 0 0 0 0 0 0 0 0 0 0 0 1 0 0 0 0 0 77 4 0 2 0 0 68 49 0 0 0 0 0 0 0 0 195 95 49 74 72 104 123 126 65 123 50 36 124 0 263 121 127 36 189 165 8 0 0 6 0 0 0 0 0 0 3 0 0 0 0 0 0 0 0 0 0 0 16 0 0 0 0 0 8 0 0 0 0 0 6 0 0 0 7 0 0 0 0 0 0 4 0 0 0 0 9 0 0 0 0 0 0 0 0 0 12 16 26 0 0 1 26 8 22 37 14 0 29 45 10 6 36 34 8 0 0 0 0 0 0 0 0 0 2 0 0 0 0 0 0 0 0 0 2 33 0 0 0 0 0 0 0 0 0 0 0 0 0 20 0 0 0 0 18 0 0 0 0 0 0 17 0 0 0 0 0 14 0 0 0 0 0 0 0 0 24 30 11 0 0 1 51 55 16 11 11 0 18 7 7 46 27 0 16 20 0 0 0 0 0 0 0 0 0 0 0 0 0 0 0 0 0 0 0 0 0 0 0 0 0 0 0 0 0 33 0 0 0 2 0 0 0 0 0 0 0 0 0 0 1 2 0 1 0 0 0 0 0 0 0 0 0 0 0 0 0 0 0 0 0 12 0 0 2 0 
 0 0 1 0 0 0 3 0 0 0 2 0 0 0 2 4 0 0 0 2 0 2 0 0 0 63 0 0 0 0 0 65 3 0 0 0 0 0 0 0 379 150 128 185 55 160 336 443 141 82 120 28 130 263 0 122 106 32 144 184 0 0 7 9 0 0 0 3 8 10 3 0 0 1 0 3 0 0 2 0 0 0 0 0 0 0 0 0 0 0 0 0 0 0 0 0 0 0 7 0 0 0 0 0 0 17 0 0 0 0 0 0 0 0 0 0 0 0 0 0 38 21 0 28 33 8 17 1 31 18 0 7 19 14 0 28 18 2 1 0 1 0 0 0 34 9 26 0 0 3 4 0 0 0 1 8 0 0 0 8 0 0 0 8 17 0 0 0 3 0 0 0 0 0 0 4 0 0 0 0 0 0 0 0 0 18 0 0 0 0 0 0 0 0 0 0 0 0 0 0 73 38 26 11 19 19 47 33 1 0 30 3 3 18 7 9 0 0 0 0 0 0 1 37 0 0 0 0 4 7 1 0 21 0 0 9 0 25 21 4 0 0 0 0 0 0 0 0 0 0 0 7 0 0 0 0 1 0 0 0 0 0 0 0 64 16 0 66 0 0 0 0 0 0 0 0 0 0 0 0 0 0 0 0 0 12 0 0 0 0 
 0 0 0 0 0 0 3 0 1 0 0 0 0 0 2 0 0 0 0 0 0 1 0 0 0 0 0 3 0 0 0 64 0 0 3 1 0 0 5 0 106 144 244 134 69 83 97 93 320 434 110 65 41 121 122 0 98 281 102 126 0 0 0 0 0 0 0 0 0 0 50 0 0 0 0 0 0 0 21 0 0 1 0 5 0 0 0 0 0 0 0 0 0 0 0 0 0 0 0 0 0 0 0 0 0 0 0 0 0 0 0 0 0 0 0 0 0 0 0 0 9 1 6 9 44 13 8 20 0 1 1 46 0 13 0 16 12 0 1 0 16 21 0 0 0 0 0 0 3 0 0 0 0 0 14 0 0 0 0 4 0 0 0 0 15 19 0 0 1 0 0 0 0 0 0 2 0 0 0 0 0 0 0 0 0 0 0 0 0 0 0 21 0 0 0 0 0 0 0 0 10 0 18 0 1 0 0 0 22 18 20 19 1 0 0 1 0 3 0 0 0 0 0 0 4 0 14 0 42 0 0 0 17 22 0 0 10 7 45 12 0 0 18 0 0 0 0 0 0 0 0 2 0 2 0 0 0 0 0 2 34 0 0 0 0 26 2 0 0 0 0 0 0 0 0 9 0 8 0 0 0 2 0 0 20 0 0 0 2 0 
 0 0 0 0 2 0 2 0 0 2 0 2 0 0 0 0 0 0 1 0 0 0 0 0 54 1 0 0 0 0 0 0 0 0 0 0 0 0 0 0 39 543 129 95 277 83 32 257 123 68 153 72 95 127 106 98 0 65 37 43 14 9 0 3 0 11 14 7 0 0 0 0 0 0 0 0 0 0 1 3 0 0 0 0 0 0 0 0 0 0 0 0 0 0 0 0 0 0 0 0 0 0 0 0 7 10 0 0 0 0 0 0 0 0 0 0 0 0 0 0 39 81 7 18 10 9 0 1 53 18 25 10 19 0 11 0 5 12 0 0 6 0 0 0 18 15 42 9 12 0 3 11 0 24 5 0 39 27 0 0 0 0 0 0 11 0 0 0 7 0 0 0 0 0 0 2 0 0 0 12 0 0 0 0 0 26 0 0 0 0 0 0 0 0 0 0 0 0 0 0 50 17 14 11 20 21 1 0 0 0 21 13 0 36 0 9 18 0 13 0 13 0 5 0 0 0 0 0 0 0 0 0 14 0 0 0 5 7 25 13 0 0 0 0 0 0 0 0 0 0 0 0 0 2 0 0 0 0 0 0 0 21 1 0 63 23 0 1 0 0 4 0 0 0 0 0 0 0 0 0 0 0 3 0 5 0 0 0 2 0 
 0 0 0 0 0 0 0 0 0 0 9 0 0 1 0 0 0 5 2 0 0 0 0 0 0 0 0 1 4 7 0 0 0 0 0 0 63 0 0 0 106 249 68 320 163 280 35 48 119 34 372 375 25 36 32 281 65 0 88 34 50 0 0 0 0 1 52 1 0 0 0 0 0 0 0 0 0 0 0 0 0 0 0 0 0 0 0 0 0 0 0 0 0 0 0 0 0 0 0 0 0 0 0 0 0 10 0 0 0 0 11 36 0 0 0 0 0 0 0 0 29 13 18 0 32 1 0 0 3 0 80 21 25 0 13 21 0 2 16 6 10 18 0 0 0 0 0 17 9 0 0 0 0 18 20 0 18 0 0 0 0 0 0 0 0 0 0 0 1 0 0 0 0 0 0 0 0 10 0 0 0 0 0 3 0 3 0 0 0 0 0 7 0 0 0 0 0 0 0 0 5 8 18 0 0 31 0 3 18 2 21 22 0 8 30 19 41 24 0 0 0 0 31 24 0 0 14 0 18 0 0 0 10 36 0 9 13 0 23 1 0 0 16 0 0 0 0 0 0 0 0 0 0 2 0 0 0 0 0 3 0 1 1 40 1 4 0 0 0 0 1 0 0 0 0 0 0 0 0 0 0 3 0 0 0 0 0 0 2 0 
 0 24 0 0 0 0 1 1 0 0 2 0 0 0 2 0 32 0 0 0 0 62 3 4 3 21 1 63 4 0 6 2 0 62 20 0 48 69 0 2 117 113 92 161 87 70 99 149 96 97 108 98 148 189 144 102 37 88 0 96 6 0 0 0 0 0 0 201 0 0 0 0 0 2 0 0 0 0 0 0 0 0 0 0 0 0 0 0 0 0 0 0 0 0 0 0 0 0 0 0 0 0 16 9 12 45 0 0 1 27 11 7 0 11 0 16 6 15 0 0 7 14 15 10 0 0 10 4 16 10 10 10 28 26 0 13 25 0 17 20 0 0 0 0 0 0 0 0 2 0 0 0 0 0 0 0 0 0 0 5 0 0 0 0 0 0 0 0 0 0 0 0 0 0 0 0 0 27 0 0 0 7 12 0 8 4 0 0 11 1 4 0 0 0 1 10 1 6 0 1 61 18 0 0 0 18 5 20 7 22 0 6 0 10 24 20 22 11 8 4 0 0 0 0 0 0 0 0 0 0 0 0 0 0 12 8 0 0 0 0 0 0 0 0 0 0 0 0 0 0 0 4 0 0 0 0 0 53 4 0 0 0 5 5 2 0 0 64 0 0 0 0 0 0 0 0 0 0 0 1 0 9 0 0 5 22 0 0 2 0 
 0 0 0 0 0 0 0 0 0 0 0 0 0 0 0 0 0 0 0 64 3 4 3 3 3 3 3 6 3 3 4 39 3 3 3 3 3 65 3 3 72 52 134 134 296 96 199 270 81 223 121 120 39 165 184 126 43 34 96 0 0 0 0 0 0 0 3 0 0 0 0 0 0 0 0 5 52 0 0 0 0 0 0 0 0 0 0 0 0 0 0 0 1 0 0 0 0 0 0 0 0 0 0 0 0 0 0 0 0 0 0 0 0 0 0 0 0 0 0 0 8 19 10 22 0 17 3 1 0 8 14 0 26 61 13 24 15 11 7 1 0 0 0 0 0 0 0 0 4 0 0 0 13 0 0 0 0 0 0 5 0 0 0 0 0 0 0 0 7 0 0 0 0 0 0 0 0 3 0 0 0 0 0 0 12 0 0 0 0 0 0 0 0 0 0 0 0 0 0 0 17 15 68 7 0 13 9 15 48 12 0 13 46 0 29 19 9 20 0 8 0 13 0 0 0 0 0 0 0 0 0 0 7 0 0 0 0 3 11 0 0 0 0 0 0 65 0 0 0 0 0 2 0 0 0 0 0 0 0 0 0 0 1 1 2 1 0 65 0 0 0 0 0 0 0 0 0 0 0 0 0 0 0 0 14 0 0 0 0 0 
 0 1 4 0 0 0 0 2 0 0 0 0 0 0 0 0 0 0 0 0 3 3 3 3 8 3 3 10 3 3 3 3 10 3 5 3 3 3 3 3 4 1 0 0 0 3 0 6 0 0 1 3 21 8 0 0 14 50 6 0 0 156 311 295 36 250 279 149 54 51 40 30 65 94 65 35 71 74 245 145 0 0 0 0 0 0 0 8 0 0 0 0 0 0 0 0 10 0 0 0 0 0 0 0 3 8 0 0 0 0 0 0 0 0 0 0 0 0 0 0 2 7 4 13 0 0 0 0 3 0 10 18 25 1 0 0 0 8 0 0 17 28 7 0 0 0 17 33 20 0 0 4 1 32 11 0 16 44 20 0 5 0 0 0 0 5 0 0 0 0 0 0 0 0 0 0 0 0 0 0 0 0 0 0 21 12 0 0 0 0 0 0 0 0 0 0 0 0 0 0 6 4 0 0 4 94 0 0 12 10 0 0 0 33 1 11 0 8 9 0 3 16 28 20 0 0 1 10 14 9 0 0 0 15 0 0 0 0 42 0 10 0 0 0 0 0 0 0 0 0 0 0 0 0 7 0 0 0 0 0 0 0 0 0 0 0 0 0 0 0 2 2 0 0 0 0 0 0 0 0 0 0 15 0 10 0 0 0 0 0 
