 0 99 257 36 34 83 170 336 130 46 142 239 292 227 46 170 125 53 634 282 2 3 3 2 0 2 1 1 0 0 3 3 2 3 5 2 0 4 2 0 2 0 0 10 0 0 0 0 6 5 4 10 3 64 3 0 3 2 0 6 0 0 7 3 3 3 0 5 0 3 0 0 0 3 0 0 0 5 0 1 1 41 13 2 11 0 0 12 7 9 9 1 11 12 37 11 22 0 35 56 0 0 0 0 0 0 2 1 0 0 0 0 12 0 0 0 0 0 11 0 0 0 0 0 0 0 0 0 0 0 0 0 0 0 0 0 0 0 0 0 16 0 0 0 0 0 0 0 0 0 0 0 0 0 0 0 0 0 0 0 0 16 16 30 20 0 14 0 0 0 7 20 0 28 13 15 8 0 9 0 0 0 0 0 0 0 0 0 0 0 2 0 8 0 0 0 0 0 3 0 0 0 0 0 0 0 0 0 0 0 2 0 0 0 0 0 0 0 0 0 0 0 0 0 0 0 0 0 0 0 0 0 0 0 0 0 0 0 0 0 0 2 0 0 0 1 1 0 7 4 16 7 0 0 0 0 0 0 0 0 0 0 0 0 0 0 0 0 0 0 5 0 0 0 0 16 0 0 0 0 0 0 0 0 0 0 0 0 0 0 
 99 0 88 332 58 38 188 452 186 337 216 45 141 312 58 148 115 110 45 65 2 4 6 0 3 2 0 0 0 0 0 0 2 0 6 0 0 0 2 0 0 0 0 1 0 0 0 0 3 0 1 3 3 0 6 2 5 0 0 0 2 1 3 0 3 0 2 3 0 0 0 0 0 0 0 5 1 5 0 0 26 8 30 0 0 0 49 29 0 0 15 29 1 44 28 31 61 46 30 0 1 0 0 0 0 0 0 0 0 0 0 0 0 0 0 1 0 0 0 0 0 0 1 0 0 0 0 0 0 0 0 0 0 0 0 0 0 0 0 0 0 0 1 0 0 5 0 2 0 0 0 0 0 0 0 0 0 0 0 0 50 22 16 33 6 0 1 21 11 11 7 1 64 14 28 10 0 14 0 10 0 0 0 0 0 0 0 0 0 0 0 0 0 0 0 0 0 0 0 0 0 0 2 0 0 0 0 0 0 0 0 0 0 0 0 0 0 0 0 0 0 0 0 0 1 0 0 0 0 0 0 0 0 0 0 0 0 0 0 0 0 0 0 0 0 0 90 0 3 0 29 6 0 2 0 0 0 0 0 0 0 0 25 0 0 0 0 0 0 0 0 0 0 0 0 21 0 65 0 0 0 0 0 0 0 0 0 0 0 0 
 257 88 0 92 146 247 290 136 335 223 454 249 73 253 323 253 135 279 33 47 2 2 3 2 0 0 0 0 1 0 0 0 2 0 2 2 0 0 78 0 0 0 56 0 0 0 0 0 3 0 0 3 3 0 3 0 3 0 0 0 0 0 2 0 45 0 0 5 0 0 0 0 0 0 1 0 0 3 0 0 16 0 1 10 33 0 20 9 13 46 14 1 0 15 5 31 16 35 0 0 0 0 0 0 2 0 19 0 0 0 0 0 30 7 13 0 0 0 11 10 11 0 0 0 0 0 0 0 0 0 0 0 0 0 0 0 0 0 0 0 0 0 0 0 2 0 0 0 0 0 0 0 0 0 0 0 0 2 0 0 0 4 12 22 20 14 0 1 25 13 0 0 2 0 32 32 14 15 1 1 0 0 0 0 0 0 10 0 0 0 17 0 10 0 0 0 5 0 23 0 0 0 0 0 0 0 0 0 1 0 0 1 0 0 1 0 0 0 0 0 0 0 0 0 0 0 0 0 0 0 0 0 18 0 0 0 0 0 0 0 0 10 0 0 0 4 88 0 88 0 0 12 0 0 0 0 0 0 0 0 0 0 0 0 0 0 0 0 0 0 0 0 0 0 0 32 0 0 0 0 0 0 0 0 0 0 0 0 0 0 
 36 332 92 0 126 141 117 83 170 283 62 262 76 161 63 133 206 38 71 74 76 3 3 0 0 2 99 0 1 0 1 2 3 77 26 0 0 0 0 136 0 0 0 0 0 0 0 0 3 0 0 3 4 0 3 0 2 0 0 0 0 0 2 0 6 0 0 0 0 0 7 46 0 0 0 0 0 3 4 0 0 1 0 21 0 0 0 0 0 0 33 9 2 0 0 0 1 0 0 0 12 19 15 0 0 0 0 0 12 0 0 9 0 13 1 0 0 0 12 0 0 0 2 0 0 0 0 0 0 0 2 0 0 0 0 0 0 0 0 0 0 0 0 0 0 0 0 0 0 0 0 0 0 0 0 0 0 0 0 0 0 2 0 0 40 15 0 0 32 20 11 0 0 0 14 0 13 6 0 0 37 19 0 0 0 0 50 0 29 0 0 0 10 0 0 0 9 0 14 23 0 0 0 0 0 0 0 2 0 2 0 0 1 0 0 0 1 0 0 0 0 0 0 0 0 0 0 0 0 0 0 0 0 0 0 14 0 0 0 0 0 1 0 0 0 0 0 0 0 87 0 19 6 0 0 0 0 0 0 0 0 0 0 0 0 0 0 0 0 0 0 0 0 0 0 0 1 0 0 0 0 0 0 0 0 0 0 0 0 0 
 34 58 146 126 0 197 61 316 148 214 90 143 94 139 102 107 156 37 63 63 79 3 3 0 0 2 98 1 0 1 40 2 78 3 3 0 1 1 146 98 25 0 0 0 0 0 0 0 3 64 2 3 68 5 3 0 3 0 0 0 0 0 3 0 3 0 0 0 0 0 51 0 0 0 0 0 0 3 10 0 0 5 41 63 0 45 0 11 23 32 16 28 0 0 9 13 0 6 0 0 10 0 0 0 0 0 0 0 0 1 0 0 22 17 6 0 30 0 17 22 1 0 2 0 0 0 0 0 0 0 0 0 0 0 0 0 0 0 0 0 0 0 0 0 0 0 0 0 0 0 0 0 0 0 0 0 0 2 0 0 0 0 2 0 15 2 0 0 18 9 4 30 0 0 10 0 6 41 0 7 0 20 0 28 0 0 1 9 10 0 0 0 5 0 24 0 10 18 0 22 0 0 0 0 0 0 0 0 0 0 0 0 0 0 0 0 0 0 0 0 0 0 0 0 0 0 0 0 0 0 0 0 0 0 0 0 0 0 0 0 0 0 0 0 0 1 88 0 2 5 2 11 14 0 0 0 0 0 0 0 0 0 0 0 0 0 0 0 0 0 0 0 0 0 0 0 17 0 0 0 0 0 0 0 0 0 0 0 0 0 
 83 38 247 141 197 0 34 132 42 62 270 106 38 506 442 114 76 61 90 79 74 4 3 0 6 0 153 1 75 0 0 0 25 77 182 0 0 6 163 77 0 0 0 0 0 8 0 0 3 0 0 3 3 0 3 0 2 0 0 0 0 0 2 0 3 0 0 0 0 0 1 0 0 0 0 0 0 5 0 0 0 7 18 6 0 39 15 13 20 8 11 12 0 13 0 0 2 0 0 0 0 0 11 7 0 10 11 19 14 16 20 0 62 21 53 0 63 0 33 41 0 0 0 0 2 0 0 0 0 2 0 0 0 0 0 0 0 0 0 0 0 2 0 0 0 0 0 0 0 0 0 0 0 0 0 0 0 0 0 0 1 20 1 0 37 4 0 0 0 9 23 31 0 0 0 0 0 0 0 0 1 17 0 28 0 0 1 9 14 0 7 0 7 25 0 7 1 20 23 41 0 0 16 0 2 0 0 0 0 0 0 0 0 0 0 0 0 0 1 0 6 0 0 0 0 0 0 0 0 0 0 0 0 0 2 0 2 0 0 0 0 0 0 0 0 1 0 1 4 29 1 14 0 0 0 0 0 0 0 0 1 0 0 0 0 0 4 1 0 0 0 0 0 0 0 0 20 0 0 0 0 0 0 0 0 0 0 0 0 0 
 170 188 290 117 61 34 0 308 164 343 115 247 732 746 379 144 119 147 230 81 2 5 3 0 2 0 74 2 0 0 0 4 2 3 3 0 0 0 0 0 2 3 0 0 0 0 0 0 3 0 0 3 3 0 3 0 64 0 0 0 0 0 4 0 5 0 0 0 2 1 0 2 2 33 0 2 1 3 0 28 10 18 30 18 0 0 32 11 0 0 11 27 19 44 21 10 34 17 18 24 1 0 0 0 0 0 0 0 0 0 0 0 0 0 0 1 0 1 0 0 0 1 0 0 0 0 0 0 0 0 18 0 0 0 0 0 0 0 0 0 0 0 0 0 0 0 0 1 0 0 0 0 0 0 0 0 0 0 0 0 21 14 6 13 3 0 0 11 10 0 9 0 40 28 11 11 10 19 7 1 0 0 0 0 0 0 0 0 0 0 0 0 0 0 0 0 0 0 0 0 0 0 1 0 0 0 0 0 0 0 0 0 0 0 0 0 0 0 0 0 0 0 0 0 1 0 0 0 0 0 0 7 0 0 0 0 0 0 0 0 0 0 0 0 0 0 88 0 2 0 29 7 0 2 0 0 0 0 0 0 0 0 6 0 0 0 2 0 0 0 0 0 0 0 0 0 0 0 0 0 0 0 0 0 0 0 0 0 0 0 
 336 452 136 83 316 132 308 0 206 137 336 262 216 143 275 144 215 137 171 95 2 2 3 1 0 1 2 0 0 0 0 0 2 0 3 0 0 0 147 0 0 0 0 3 0 0 5 0 2 0 0 5 3 0 3 0 3 3 0 2 0 3 2 0 3 0 2 0 0 0 0 0 0 0 51 0 0 3 0 0 0 1 11 0 16 0 1 0 25 12 0 64 16 0 36 20 35 1 13 25 0 0 0 0 0 0 26 22 0 0 0 0 29 0 0 0 0 0 1 15 0 0 0 1 0 0 0 0 0 0 0 0 0 0 0 0 0 0 0 2 2 0 0 2 0 0 0 0 0 0 0 0 0 0 1 0 0 7 0 0 0 12 0 14 11 12 26 19 0 0 0 1 0 0 0 15 0 12 1 9 0 0 0 0 0 0 8 0 0 0 0 0 5 14 0 0 0 0 0 1 0 0 0 0 0 0 0 0 0 0 0 0 0 0 0 0 0 0 0 0 0 2 0 0 0 0 0 0 0 0 0 0 0 0 0 0 0 0 22 0 0 0 0 0 0 2 91 0 2 91 0 5 0 0 0 0 0 0 0 0 0 0 0 0 0 0 0 0 0 0 0 0 0 0 0 15 0 0 0 0 0 0 0 0 0 0 0 0 0 0 
 130 186 335 170 148 42 164 206 0 166 77 203 194 425 365 149 40 323 101 162 2 2 4 0 0 0 0 0 0 0 0 1 3 0 2 0 1 0 64 75 0 0 0 0 0 0 61 30 2 0 0 7 3 0 3 0 4 1 0 3 0 0 2 8 3 0 9 0 0 0 0 0 0 0 0 2 0 3 0 0 15 10 0 19 21 0 14 7 20 6 10 60 0 9 16 39 68 17 0 19 0 0 0 0 0 0 0 0 0 0 0 0 14 0 0 0 0 0 16 14 1 0 2 0 0 0 6 0 0 0 0 0 0 0 0 0 0 0 0 0 0 0 0 0 0 0 0 2 0 0 0 0 0 0 0 0 0 6 0 0 0 0 10 36 0 34 6 12 39 1 0 30 29 0 8 13 6 0 0 13 0 0 0 0 0 0 11 0 24 0 0 0 9 0 2 0 0 0 12 0 0 0 2 0 0 10 0 0 0 0 0 0 0 0 0 0 0 22 0 0 0 13 0 0 0 0 0 0 0 0 0 0 0 0 0 0 0 0 0 0 0 0 0 0 0 0 90 0 5 0 0 3 0 0 2 0 0 0 0 0 0 0 9 0 0 0 0 0 0 0 0 0 0 0 0 0 0 0 0 0 0 0 0 0 0 0 0 0 0 0 
 46 337 223 283 214 62 343 137 166 0 248 221 152 116 521 307 234 216 103 299 2 3 3 2 0 0 74 0 0 0 0 57 37 61 78 3 2 1 1 76 0 0 0 0 0 0 0 0 3 0 0 3 33 0 3 0 2 0 0 0 0 0 2 3 3 0 0 0 0 0 0 0 0 0 0 4 0 3 0 0 0 8 11 15 16 14 14 21 15 10 0 11 0 0 46 27 0 1 0 0 14 0 0 0 0 0 0 0 15 0 0 0 34 10 18 13 0 0 14 11 0 0 0 0 0 0 0 0 0 0 0 0 0 0 9 0 0 0 0 0 0 0 0 0 0 0 0 0 0 0 0 0 0 0 0 0 0 5 0 0 19 0 15 29 3 52 3 9 11 4 6 0 10 0 18 67 18 0 0 18 17 0 0 0 0 0 29 0 1 0 0 0 13 0 0 0 0 1 16 0 0 0 0 0 0 0 0 0 0 0 0 0 0 0 0 0 0 0 0 50 0 0 0 0 0 0 0 0 0 0 0 0 0 0 0 0 0 0 0 0 0 10 0 0 0 2 2 0 1 1 0 20 32 0 0 0 0 0 0 0 0 0 0 0 0 0 0 0 0 0 0 0 0 0 0 37 6 15 0 0 0 0 0 0 0 0 0 0 0 0 
 142 216 454 62 90 270 115 336 77 248 0 222 87 46 402 272 667 259 61 80 2 3 5 0 0 0 31 0 2 0 0 0 4 87 25 0 1 0 74 62 0 0 0 27 0 0 0 0 3 0 0 3 3 0 3 0 2 0 0 35 0 0 2 0 3 0 0 0 0 0 0 0 0 0 0 0 3 3 0 0 28 15 22 0 9 0 2 10 13 22 0 39 0 7 0 11 13 23 11 0 0 0 15 0 0 0 19 15 13 0 0 0 17 0 0 0 0 0 5 11 2 0 0 0 0 0 0 0 0 0 0 0 0 0 0 0 0 0 0 0 0 0 0 0 0 0 0 0 0 0 0 0 0 0 0 0 0 5 0 0 1 7 25 1 7 74 0 0 0 5 33 6 15 10 0 15 0 16 0 0 20 19 0 0 0 0 23 0 11 0 0 0 14 25 0 0 0 0 0 0 0 0 0 0 0 0 0 0 0 0 0 0 0 0 0 0 0 0 0 0 0 0 0 0 0 0 0 0 0 0 8 0 0 0 0 0 0 0 0 0 0 0 0 0 0 2 1 0 84 87 12 2 9 0 0 0 0 0 0 0 0 0 0 0 0 0 0 0 0 0 0 0 0 0 0 15 1 0 0 0 0 0 0 0 0 0 0 0 0 0 
 239 45 249 262 143 106 247 262 203 221 222 0 233 287 93 66 171 126 22 39 235 3 3 0 0 108 167 1 325 0 0 4 76 0 80 78 2 2 148 102 2 5 0 0 0 0 0 0 4 0 0 3 3 0 3 0 2 0 0 0 3 2 4 5 7 0 0 0 2 0 8 5 5 0 1 44 0 3 6 0 0 0 0 18 6 10 0 0 17 12 16 9 1 0 0 10 1 0 0 0 9 0 10 0 0 0 0 57 14 1 0 1 27 11 0 0 0 0 17 28 0 0 0 0 0 0 0 0 0 1 0 0 0 0 0 0 0 0 0 22 0 1 0 0 0 0 0 0 0 0 0 0 0 0 0 0 0 6 0 0 0 0 0 5 0 61 0 0 11 18 1 1 0 0 13 15 35 0 0 0 0 0 0 15 0 0 18 0 9 0 0 2 21 11 0 9 4 14 16 5 0 0 0 19 0 0 0 2 0 0 0 19 2 0 0 0 0 0 0 0 0 0 0 0 0 0 0 0 0 0 0 0 0 10 0 0 0 0 0 0 0 0 0 0 0 2 88 0 1 2 0 25 0 2 2 0 0 0 0 0 0 0 0 0 0 0 0 0 0 0 0 0 0 0 0 15 0 0 0 0 0 0 0 0 0 0 0 0 0 0 
 292 141 73 76 94 38 732 216 194 152 87 233 0 416 133 129 48 256 349 584 4 5 3 0 0 0 0 0 2 0 0 1 2 0 3 0 0 2 0 1 0 0 0 0 0 0 0 0 3 0 0 4 3 0 3 0 2 0 0 1 0 1 3 12 3 0 0 0 0 0 0 0 0 0 0 20 0 3 0 0 40 29 11 0 16 0 11 40 0 31 0 0 37 59 5 32 0 15 10 13 0 1 0 0 0 0 0 0 4 0 0 1 13 0 0 0 2 0 1 0 0 0 0 0 0 0 0 0 0 0 0 0 0 0 0 0 0 0 0 0 0 0 0 0 0 0 0 0 0 0 0 0 0 0 0 0 1 0 0 0 0 31 0 22 10 2 1 14 12 2 5 0 33 41 1 2 10 4 0 21 0 0 0 0 0 0 0 0 0 0 0 0 0 0 0 0 0 0 0 0 0 0 0 1 0 0 0 0 0 0 0 0 0 0 0 0 0 0 0 0 1 0 0 0 0 0 0 0 0 0 0 4 0 0 0 0 0 0 0 0 0 0 0 0 0 2 0 0 89 2 22 14 0 0 0 0 0 0 1 0 0 0 0 0 0 0 0 0 0 0 0 0 0 0 0 0 0 0 0 0 0 0 0 0 0 2 0 0 0 0 
 227 312 253 161 139 506 746 143 425 116 46 287 416 0 318 82 254 162 177 92 2 2 3 0 0 0 0 0 0 0 0 0 2 0 2 0 0 5 0 0 0 0 63 1 0 0 0 0 3 0 0 3 3 0 3 0 62 0 30 0 0 48 2 0 3 0 0 4 0 6 0 0 0 0 0 0 1 3 0 0 0 29 0 0 1 0 22 19 1 0 22 41 32 29 27 10 77 1 27 10 6 0 0 0 0 0 0 0 0 0 0 0 0 0 0 0 0 0 34 0 0 0 0 0 0 0 0 0 0 0 0 0 0 2 0 0 0 0 0 0 0 0 0 0 0 3 0 0 0 0 0 0 0 0 0 0 0 0 0 0 18 0 28 91 0 10 0 10 6 8 0 13 20 12 29 27 10 17 11 0 0 0 0 0 0 0 0 0 0 0 0 0 0 2 20 0 0 0 11 0 0 0 0 0 0 0 0 0 0 0 0 0 0 0 9 0 0 0 0 0 0 0 0 0 0 0 0 0 0 0 0 0 0 0 0 0 0 0 0 0 0 0 0 0 0 0 8 0 1 1 1 12 0 0 0 0 0 0 0 0 0 0 10 0 0 0 0 0 0 0 0 0 0 0 0 17 0 0 0 0 0 0 0 3 0 0 0 0 0 0 
 46 58 323 63 102 442 379 275 365 521 402 93 133 318 0 245 278 91 68 432 2 2 3 0 0 206 0 0 0 0 0 1 76 0 4 0 1 0 77 0 0 0 0 4 0 0 0 0 2 0 0 8 125 0 3 0 3 1 0 4 0 2 2 16 6 0 0 0 10 0 1 0 0 0 0 7 0 7 0 0 20 23 21 1 22 22 17 12 28 33 12 0 0 19 53 69 1 0 0 18 11 0 0 0 0 0 0 0 0 0 0 0 41 0 0 1 0 0 0 6 0 0 0 0 0 0 0 0 0 0 0 0 0 0 0 0 0 0 0 0 0 0 0 0 0 0 0 0 0 0 0 0 0 0 0 0 0 6 0 0 0 0 0 1 5 22 14 0 0 0 0 15 0 0 0 27 10 0 0 19 0 0 0 0 0 0 29 0 17 0 0 0 0 0 0 0 0 0 0 0 0 0 0 0 0 0 0 0 0 0 0 0 0 0 0 0 0 0 0 0 9 0 0 0 0 0 10 0 0 0 0 0 0 0 0 15 0 0 0 0 0 0 0 0 0 0 89 0 3 2 0 0 0 0 0 0 0 0 0 0 0 0 0 0 0 0 0 0 0 0 0 0 0 0 0 31 4 0 0 0 0 0 0 0 0 0 0 0 0 0 
 170 148 253 133 107 114 144 144 149 307 272 66 129 82 245 0 360 351 52 184 3 3 5 3 2 3 4 1 1 4 1 2 77 1 5 2 5 2 0 1 8 1 1 2 1 0 61 3 4 0 1 11 88 5 5 1 10 2 5 3 0 0 2 0 3 0 0 2 0 0 2 0 2 0 2 0 0 3 0 0 0 28 33 28 58 13 1 3 0 30 0 0 0 0 31 10 2 0 16 12 12 0 4 0 0 0 0 0 0 2 0 0 11 0 0 0 0 0 9 0 0 0 0 0 0 0 0 4 0 2 0 0 59 0 0 0 0 0 0 0 0 2 0 0 4 0 0 0 0 0 0 0 0 0 0 0 0 0 0 0 2 0 12 21 17 0 22 0 0 0 12 23 0 14 0 30 0 0 0 0 6 0 0 0 0 0 23 0 0 0 0 0 0 6 0 0 0 0 0 20 0 0 0 0 2 0 0 0 0 0 0 0 1 0 0 0 0 0 0 0 0 0 0 0 0 0 0 0 0 0 0 0 0 0 0 0 0 0 0 0 0 0 0 0 0 2 3 0 46 4 19 10 1 0 0 0 0 2 0 0 0 0 0 1 0 0 0 1 0 2 0 0 0 0 0 14 0 0 0 0 0 0 0 0 0 0 0 0 0 2 
 125 115 135 206 156 76 119 215 40 234 667 171 48 254 278 360 0 236 264 94 3 2 3 0 0 5 0 2 2 78 0 3 84 0 2 4 5 0 4 0 0 0 4 5 0 0 0 0 2 4 1 8 142 83 3 2 3 54 3 6 2 0 2 0 4 0 0 0 3 0 5 0 1 0 2 0 0 3 2 3 14 1 15 33 16 12 18 1 3 9 0 0 0 9 30 14 1 25 0 20 8 0 0 0 0 0 0 0 0 0 0 0 23 1 1 0 0 0 10 20 0 0 0 0 0 0 0 0 0 0 0 0 0 0 19 0 2 2 0 0 0 0 0 0 0 0 0 0 0 0 0 0 0 0 0 0 0 16 0 0 11 8 12 0 1 22 10 2 0 17 18 45 24 0 0 18 0 16 0 10 1 18 0 0 0 0 25 0 0 0 0 0 1 0 0 0 1 0 0 15 0 0 0 0 0 0 0 0 0 0 0 0 0 0 0 0 0 0 0 0 0 0 0 11 0 0 0 0 0 0 0 0 0 0 0 0 0 0 0 0 0 0 0 0 0 2 0 0 3 2 0 5 5 0 0 0 0 0 0 0 0 0 1 0 0 0 2 0 0 0 0 0 0 0 2 18 0 0 0 0 0 0 0 0 0 0 0 0 0 15 
 53 110 279 38 37 61 147 137 323 216 259 126 256 162 91 351 236 0 35 42 2 2 3 0 0 0 74 0 4 2 0 0 2 0 2 0 2 0 98 0 0 0 0 0 0 0 0 32 3 0 0 3 4 0 3 0 3 1 0 0 0 0 2 0 3 3 0 0 0 0 0 0 0 0 0 1 0 3 0 0 0 14 10 13 14 0 20 0 39 12 32 24 0 12 13 8 12 0 0 1 12 19 1 0 0 0 9 8 0 2 0 0 13 0 0 0 0 0 10 10 0 0 15 0 0 0 0 0 0 2 0 0 1 0 0 0 0 0 0 0 0 2 0 0 0 0 0 0 0 0 0 0 0 0 0 0 0 4 0 0 0 13 24 13 7 71 0 0 16 28 30 37 37 0 14 16 13 0 0 0 17 4 0 0 0 0 29 0 19 0 0 0 20 11 0 0 1 0 14 16 0 0 0 0 2 0 0 0 0 0 0 0 0 0 0 0 0 0 1 0 0 0 1 0 0 0 0 0 0 0 0 0 0 0 0 0 2 0 0 26 0 0 0 0 0 0 136 0 3 89 0 24 0 11 0 0 0 0 0 0 1 0 9 0 0 0 0 0 0 0 0 0 0 0 0 17 1 0 0 0 0 0 0 0 0 0 0 0 0 0 
 634 45 33 71 63 90 230 171 101 103 61 22 349 177 68 52 264 35 0 412 3 5 3 0 1 1 2 0 1 1 0 0 2 0 3 0 0 0 0 2 0 0 0 0 0 0 0 0 3 2 0 68 3 0 3 0 2 0 0 0 0 0 3 0 3 0 0 0 0 0 0 0 0 0 0 0 0 6 0 0 1 19 0 0 0 0 0 0 0 0 0 1 30 25 8 12 35 1 11 26 0 0 0 0 0 0 0 0 0 0 0 0 0 0 0 0 0 0 0 0 0 0 0 0 0 0 0 0 0 0 0 0 0 2 0 0 0 0 0 0 0 0 0 0 0 8 0 0 0 0 0 0 1 0 0 0 0 0 0 0 8 1 2 2 0 0 2 22 0 1 0 0 2 1 0 0 10 0 34 14 0 0 0 0 0 2 0 0 0 0 0 0 0 2 0 0 0 0 15 0 0 0 0 0 0 0 0 0 0 0 0 0 0 0 0 0 0 0 0 0 0 0 0 0 0 0 0 0 0 0 0 0 0 0 0 0 0 0 0 0 0 0 0 0 0 0 0 1 1 1 0 16 1 0 0 0 0 0 0 0 0 0 0 0 0 0 0 0 0 0 0 0 0 0 0 0 0 0 0 0 0 0 0 0 0 0 0 0 0 0 
 282 65 47 74 63 79 81 95 162 299 80 39 584 92 432 184 94 42 412 0 40 2 3 2 0 0 0 0 0 2 0 0 2 0 2 0 0 0 0 0 0 0 0 3 0 0 0 0 3 2 0 5 3 0 3 0 3 0 0 2 0 0 2 6 6 0 0 0 0 0 0 0 0 0 0 2 0 3 0 0 17 2 0 0 19 0 15 0 0 6 0 27 25 14 12 13 1 1 36 30 0 0 0 0 0 0 0 0 0 1 0 0 0 0 0 0 0 0 0 0 0 0 0 0 0 0 0 0 0 1 0 0 0 0 0 0 0 1 0 0 0 1 8 0 0 0 0 0 0 0 0 0 0 0 5 0 0 0 0 0 2 0 0 0 0 0 21 0 0 0 0 1 0 0 0 0 10 9 14 19 0 0 0 19 0 0 0 0 0 0 0 0 0 0 0 0 4 0 0 0 0 0 0 0 1 0 0 0 0 0 0 0 2 0 0 0 0 0 16 0 0 0 0 0 0 0 0 0 9 0 0 0 0 0 0 0 0 0 0 0 0 0 0 0 0 2 1 0 0 0 0 14 0 0 0 0 0 0 0 0 0 0 0 0 0 0 0 0 0 0 0 0 0 0 0 0 0 0 0 0 0 0 0 0 0 0 0 0 0 0 
 2 2 2 76 79 74 2 2 2 2 2 235 4 2 2 3 3 2 3 40 0 177 113 49 139 64 155 143 144 116 104 59 281 71 44 99 121 108 35 55 2 8 0 0 0 0 0 21 2 0 1 30 0 23 0 3 0 0 87 0 0 0 0 0 0 0 0 0 0 0 59 1 0 0 0 0 0 1 20 0 9 0 0 21 0 20 0 0 0 0 4 1 0 0 0 0 0 0 0 0 10 15 18 8 0 1 8 1 21 11 0 29 0 19 0 0 18 14 12 2 0 0 0 0 0 0 0 0 0 0 0 0 0 0 11 0 0 0 13 0 0 0 0 0 0 0 0 0 0 0 0 0 0 0 0 0 0 0 0 0 0 0 0 0 0 11 0 0 0 0 13 1 0 0 0 0 0 0 0 0 0 12 7 1 0 0 9 0 0 1 0 43 2 14 46 20 21 1 12 44 0 0 0 0 0 0 0 0 0 0 0 0 0 0 0 0 0 0 0 0 0 0 0 1 0 0 0 0 0 0 0 0 0 0 0 0 0 0 0 0 0 0 0 0 0 0 0 0 0 0 0 0 0 0 6 2 0 0 0 2 1 0 0 0 0 0 0 0 0 0 0 0 0 0 0 0 0 0 0 0 0 0 0 0 0 9 0 0 0 0 
 3 4 2 3 3 4 5 2 2 3 3 3 5 2 2 3 2 2 5 2 177 0 499 65 411 132 162 316 75 103 186 106 355 133 224 228 150 141 92 404 2 0 0 0 0 4 0 0 3 0 2 3 1 2 0 3 0 0 63 0 0 0 0 0 0 0 0 0 0 0 0 6 0 0 0 0 0 0 0 0 0 0 0 0 0 20 1 8 0 0 0 0 0 0 0 0 0 30 0 0 25 24 8 44 0 0 5 24 22 1 23 38 1 18 9 26 2 28 1 21 0 0 0 0 1 0 0 0 0 0 0 9 37 0 0 0 0 0 0 0 0 0 0 0 0 0 0 0 0 0 0 0 0 16 0 0 0 0 0 4 0 0 0 0 0 0 0 0 0 0 0 2 0 0 3 0 0 0 0 0 2 37 48 30 16 0 0 32 0 30 10 31 0 17 10 9 20 0 0 18 0 0 0 0 0 0 0 0 0 0 0 0 0 0 0 0 0 0 19 0 0 0 0 0 0 0 0 0 0 0 0 0 0 0 0 0 0 0 1 11 0 0 0 0 0 0 0 0 0 0 0 0 0 0 6 2 0 152 77 2 0 17 0 0 0 0 18 0 0 0 0 0 0 0 0 0 0 0 0 0 0 1 0 0 1 0 0 0 0 0 
 3 6 3 3 3 3 3 3 4 3 5 3 3 3 3 5 3 3 3 3 113 499 0 328 69 267 267 242 349 294 266 42 153 76 367 50 160 138 132 44 2 0 0 0 0 0 0 0 3 0 3 3 3 0 0 3 1 0 118 1 16 0 0 0 1 0 0 0 0 0 0 0 0 0 0 0 0 6 0 6 0 0 0 0 13 14 0 0 0 0 0 0 0 0 0 0 0 0 0 0 33 33 45 28 10 18 38 12 0 19 0 8 0 13 0 34 19 33 7 16 0 0 1 0 0 0 0 0 12 18 0 0 2 4 0 0 0 7 12 13 0 0 0 0 0 0 0 0 0 0 0 0 0 0 0 0 0 0 0 3 0 1 0 0 0 0 0 0 4 0 0 0 0 0 21 0 0 0 0 0 0 2 53 0 10 9 0 32 12 7 0 34 21 30 71 38 0 24 16 7 12 0 0 0 0 1 0 0 0 0 0 0 10 0 12 0 0 0 0 18 0 0 0 0 0 0 2 0 15 0 0 0 0 0 0 1 0 0 0 0 0 0 0 0 0 0 0 0 0 0 0 0 0 0 6 0 1 0 0 2 18 13 0 0 0 0 0 0 0 0 0 0 0 0 0 0 0 0 0 0 0 0 0 0 0 6 2 0 0 0 
 2 0 2 0 0 0 0 1 0 2 0 0 0 0 0 3 0 0 0 2 49 65 328 0 83 193 90 120 96 252 282 273 61 66 106 51 113 40 62 62 2 1 2 3 0 2 67 2 3 0 4 3 63 1 0 3 2 0 1 13 1 0 0 51 50 0 0 0 0 1 2 3 0 0 0 0 4 0 5 0 1 0 0 0 0 6 0 15 0 0 0 0 0 1 0 0 0 0 0 0 0 1 7 0 22 41 16 10 0 9 0 0 0 0 0 11 1 1 0 0 12 9 10 9 0 0 29 23 0 0 0 0 1 17 13 43 0 0 22 0 0 15 2 0 0 0 0 0 0 0 0 0 0 0 0 0 0 0 0 0 0 0 0 0 0 0 0 0 0 0 0 0 0 0 0 0 0 3 0 0 11 0 13 0 14 13 0 8 13 0 25 0 0 9 0 14 12 7 0 0 26 19 2 0 0 0 12 1 0 0 0 0 0 34 7 0 19 0 0 18 13 0 0 2 0 0 0 0 0 0 0 0 0 1 1 0 0 0 0 0 0 0 0 0 0 0 0 0 0 0 0 0 0 0 9 0 2 1 76 0 83 0 0 0 0 0 0 0 0 0 0 1 0 0 0 0 0 0 0 0 0 1 0 0 0 0 7 3 0 0 
 0 3 0 0 0 6 2 0 0 0 0 0 0 0 0 2 0 0 1 0 139 411 69 83 0 153 140 80 313 174 127 142 168 160 307 169 292 54 60 85 64 62 0 0 0 3 0 81 23 3 1 68 71 0 95 3 66 1 12 0 0 0 0 0 0 0 0 0 0 0 0 0 0 0 0 0 0 0 0 0 0 0 0 0 0 0 0 0 9 0 0 0 0 0 0 0 0 0 0 0 15 26 16 0 9 0 0 1 16 8 16 12 0 0 0 15 0 80 0 0 23 11 0 4 0 0 18 0 8 0 0 0 30 12 0 8 0 1 23 13 0 0 0 0 0 0 0 0 0 0 0 0 0 0 0 0 0 0 0 2 0 0 0 0 0 0 0 0 0 0 0 0 0 0 0 0 0 2 0 0 0 17 20 10 0 0 0 29 35 25 0 12 0 15 0 23 10 0 0 4 0 13 38 0 0 0 12 21 5 40 0 0 8 0 8 0 0 0 75 24 0 0 0 0 0 0 0 1 0 0 0 15 0 0 0 0 0 0 0 0 0 0 0 0 0 0 0 0 0 0 0 0 0 0 5 0 3 85 3 11 4 5 0 0 0 1 0 0 0 0 0 0 0 0 0 0 0 0 0 0 0 27 0 0 0 12 0 0 0 0 
 2 2 0 2 2 0 0 1 0 0 0 108 0 0 206 3 5 0 1 0 64 132 267 193 153 0 32 244 128 124 179 114 44 161 58 90 63 275 52 182 24 1 0 0 0 0 0 67 65 0 1 3 56 0 63 3 0 6 55 1 0 0 0 50 0 0 0 0 0 0 0 0 0 0 0 0 0 0 0 0 0 0 0 0 0 0 0 0 0 0 0 0 0 0 0 0 0 0 2 0 13 19 0 1 22 17 0 0 1 0 0 0 0 0 0 0 0 10 0 0 11 13 8 0 18 0 22 9 16 11 0 1 25 20 22 26 0 1 11 14 0 0 0 0 0 0 0 0 0 0 25 0 0 0 0 0 0 0 9 3 0 0 0 0 0 0 0 0 0 0 0 0 0 0 0 0 0 3 0 0 0 0 19 1 22 23 0 0 0 1 23 9 0 8 0 12 0 0 0 0 2 21 5 0 0 0 1 10 0 0 0 0 39 13 0 8 0 0 2 20 0 0 0 0 0 0 0 0 0 0 0 0 0 0 0 0 0 0 0 0 0 0 0 0 0 0 0 0 0 0 0 0 0 0 6 0 6 1 72 5 0 11 0 0 0 0 0 0 0 0 0 0 0 0 0 0 0 2 0 0 0 0 0 0 0 16 0 19 0 0 
 1 0 0 99 98 153 74 2 0 74 31 167 0 0 0 4 0 74 2 0 155 162 267 90 140 32 0 157 53 82 40 26 348 205 116 159 122 35 59 172 5 1 0 0 7 0 0 0 3 4 2 3 0 0 9 204 0 0 0 0 0 10 2 3 0 0 5 0 89 0 4 4 0 0 0 0 6 0 4 0 0 0 0 17 1 18 0 0 0 0 0 0 0 0 0 9 0 1 0 0 1 15 31 0 0 0 8 9 33 0 13 0 1 14 12 0 13 11 1 12 0 0 0 0 0 0 0 0 0 0 0 0 0 0 0 0 0 0 0 0 0 0 0 0 0 0 0 0 0 0 0 0 0 0 0 0 0 0 0 0 0 0 1 9 0 22 0 0 0 1 10 2 0 0 0 0 0 0 0 0 40 0 0 7 0 0 55 23 18 3 1 0 0 0 0 5 15 11 13 51 0 0 0 0 0 0 0 0 9 0 0 0 0 0 0 0 0 0 0 0 0 0 0 0 0 9 0 0 0 0 0 0 0 0 0 0 0 0 0 0 0 3 0 0 0 0 0 0 0 23 0 0 0 0 11 0 0 6 0 1 2 0 0 0 0 0 0 0 0 0 1 0 0 15 0 0 0 0 0 3 0 14 0 0 0 0 0 0 0 0 
 1 0 0 0 1 1 2 0 0 0 0 1 0 0 0 1 2 0 0 0 143 316 242 120 80 244 157 0 303 137 178 124 191 160 51 170 184 263 264 94 2 0 0 0 0 2 0 0 2 0 1 3 1 0 0 3 0 0 0 0 4 2 0 0 0 0 0 0 0 0 0 0 0 0 0 0 0 0 0 0 0 0 0 1 0 1 0 0 0 0 0 0 0 0 0 0 1 0 0 0 22 1 48 26 0 17 40 14 12 0 8 40 0 12 21 26 20 9 0 0 0 0 0 0 1 0 0 0 0 0 0 0 22 0 0 0 0 0 11 0 0 0 0 0 0 2 0 0 0 0 0 0 0 0 0 0 0 1 1 0 0 0 0 0 0 0 2 0 1 0 0 5 0 0 3 0 0 0 0 0 2 25 33 26 27 11 13 30 12 19 19 21 0 0 13 35 10 10 1 18 21 0 0 0 0 0 0 0 0 10 0 0 0 0 8 0 0 0 11 22 2 0 0 0 0 0 0 0 0 0 0 0 29 0 0 0 0 0 0 0 0 0 0 0 0 0 0 0 0 0 0 0 0 0 13 0 0 132 2 0 0 0 0 0 0 0 11 0 0 0 0 0 0 0 0 0 0 0 0 24 0 15 0 0 19 1 0 0 0 0 
 0 0 1 1 0 75 0 0 0 0 2 325 2 0 0 1 2 4 1 0 144 75 349 96 313 128 53 303 0 74 96 100 315 117 121 140 487 230 99 80 2 0 0 0 0 0 1 0 3 0 2 3 0 1 1 3 0 0 180 69 3 0 0 0 0 0 0 0 0 0 0 0 0 0 3 0 0 31 0 0 0 0 0 0 0 17 0 0 0 0 0 0 0 0 0 0 0 0 11 0 20 11 30 14 16 21 0 48 0 30 0 18 22 0 7 6 1 14 12 11 0 0 0 1 0 0 0 0 15 0 0 0 21 22 0 0 18 0 89 22 0 0 0 0 0 0 0 0 0 0 0 0 0 0 0 7 0 0 0 3 0 0 0 0 0 1 0 0 0 0 8 0 0 0 0 0 0 0 0 0 11 1 11 15 25 30 0 0 27 1 7 45 0 16 40 39 0 18 11 1 12 0 0 0 0 0 0 0 0 0 0 0 11 0 7 0 0 0 0 16 0 0 0 0 0 0 0 12 9 0 0 0 0 0 0 0 0 0 0 0 0 0 0 0 0 0 0 0 0 0 0 0 0 0 0 2 2 0 2 2 0 17 0 0 0 0 13 0 0 0 0 0 0 0 0 0 0 0 0 0 0 0 0 0 0 3 0 0 0 0 
 0 0 0 0 1 0 0 0 0 0 0 0 0 0 0 4 78 2 1 2 116 103 294 252 174 124 82 137 74 0 161 36 136 161 99 227 199 37 282 354 2 0 0 0 23 13 20 0 3 0 2 4 0 0 0 3 2 0 67 63 0 2 0 44 0 5 0 0 0 0 0 0 0 0 0 0 4 0 0 0 1 0 0 0 0 0 2 0 0 0 0 0 0 0 0 0 0 0 0 0 1 17 11 0 7 25 0 10 31 17 15 10 0 0 0 59 0 10 0 0 0 0 8 0 0 0 13 18 0 0 0 0 37 10 0 0 14 0 12 18 0 0 0 0 0 0 0 0 29 0 0 0 0 0 0 0 0 0 0 0 0 0 0 0 0 0 0 0 0 0 2 1 2 0 0 0 0 6 0 0 16 56 0 12 15 5 0 51 0 24 0 19 6 10 0 32 38 2 0 0 12 0 0 0 0 0 11 0 0 0 0 0 7 26 0 0 0 0 41 2 0 0 0 0 0 0 0 0 0 0 0 0 0 0 0 0 0 0 0 0 0 0 20 0 0 0 0 0 0 0 0 0 0 0 5 0 3 43 144 0 0 1 0 0 0 0 0 0 0 0 0 0 0 0 0 0 0 0 0 0 0 15 0 0 0 0 8 0 0 0 
 3 0 0 1 40 0 0 0 0 0 0 0 0 0 0 1 0 0 0 0 104 186 266 282 127 179 40 178 96 161 0 143 487 107 62 198 326 196 67 76 3 67 0 1 0 4 0 0 2 0 1 4 0 63 0 4 0 1 62 61 33 0 0 43 4 0 0 0 0 0 4 6 0 0 0 0 0 0 0 0 0 0 0 0 1 0 0 0 0 0 0 0 0 0 0 0 0 0 0 0 24 3 32 0 19 42 17 0 6 8 7 20 0 0 11 47 10 9 0 0 1 0 12 8 0 0 20 19 2 0 0 0 44 10 0 0 40 3 23 22 4 0 0 0 0 0 0 4 0 0 1 0 0 11 0 4 0 0 0 0 0 0 0 0 0 0 0 0 0 0 2 0 0 0 0 0 0 5 0 7 0 20 33 0 20 23 0 12 35 0 9 12 0 10 12 46 29 12 0 0 1 15 0 0 0 0 0 0 0 0 0 1 10 17 11 0 0 0 14 14 0 0 0 0 0 0 0 0 0 0 0 0 0 0 0 0 0 0 0 0 0 0 0 0 0 0 0 0 0 2 0 0 0 0 7 0 0 2 45 0 3 4 0 0 0 0 17 0 0 0 0 0 0 0 0 0 0 0 0 0 0 0 0 0 12 0 0 0 0 0 
 3 0 0 2 2 0 4 0 1 57 0 4 1 0 1 2 3 0 0 0 59 106 42 273 142 114 26 124 100 36 143 0 43 37 95 31 94 227 32 40 0 70 0 3 2 0 0 0 0 0 0 1 30 66 0 0 0 3 0 1 5 0 0 3 1 0 2 0 0 0 0 1 0 2 2 1 0 1 0 0 0 0 0 0 0 1 0 2 0 9 0 0 0 0 1 0 0 0 0 0 30 7 0 1 25 13 0 11 0 0 1 10 0 0 8 16 9 0 0 4 16 10 7 8 0 20 45 17 1 0 0 0 33 4 33 15 22 4 27 34 5 0 0 0 0 0 0 13 0 0 0 0 0 0 0 4 0 0 0 0 0 0 0 0 0 1 0 0 0 0 2 0 12 0 0 0 0 3 0 2 12 0 0 3 27 0 1 2 0 22 33 0 0 0 11 0 0 0 0 0 1 29 12 0 0 0 9 2 8 0 0 0 1 18 0 15 5 0 7 20 0 0 0 0 1 0 0 1 0 0 0 0 0 0 0 0 0 0 0 0 0 0 0 0 0 0 0 0 0 0 0 0 0 0 10 2 0 1 2 4 2 0 0 0 0 0 8 0 0 0 0 0 0 0 0 0 0 0 0 0 0 0 0 0 11 0 0 0 0 0 
 2 2 2 3 78 25 2 2 3 37 4 76 2 2 76 77 84 2 2 2 281 355 153 61 168 44 348 191 315 136 487 43 0 494 333 75 50 43 80 450 2 0 0 0 0 4 0 0 2 0 1 3 23 0 0 3 1 0 0 0 0 0 0 0 0 0 0 0 0 1 3 0 0 0 0 0 0 0 13 0 0 9 17 14 0 21 0 14 14 0 0 11 0 0 7 0 0 0 0 0 18 16 0 36 0 0 55 10 22 15 17 18 3 36 13 88 19 47 1 2 0 0 1 0 0 0 0 0 0 0 0 0 24 0 0 0 0 0 0 0 0 0 0 0 0 6 8 0 0 0 0 0 0 0 0 0 0 0 0 0 0 1 0 0 3 2 32 16 0 0 19 0 0 0 2 0 0 0 0 0 1 37 23 0 0 0 9 10 0 0 15 7 0 14 0 0 18 0 31 37 0 0 0 0 0 1 0 0 0 0 0 0 0 0 0 0 0 0 8 0 0 0 0 0 0 0 2 0 0 0 0 0 0 0 0 0 0 0 0 0 0 0 0 0 0 2 0 0 0 0 0 0 0 0 16 0 2 80 0 2 3 0 0 0 0 0 0 0 0 0 0 0 0 0 0 0 9 0 0 2 0 0 0 0 0 0 0 0 0 0 
 3 0 0 77 3 77 3 0 0 61 87 0 0 0 0 1 0 0 0 0 71 133 76 66 160 161 205 160 117 161 107 37 494 0 335 175 35 32 154 386 2 0 0 0 0 0 0 0 3 0 2 3 0 0 0 3 0 0 0 0 0 0 0 0 0 0 0 0 0 0 1 4 0 0 0 3 0 0 0 0 0 0 0 0 15 33 0 0 0 0 0 0 0 0 0 0 0 11 0 0 0 0 0 17 0 0 10 23 67 19 31 27 0 48 38 67 8 22 7 44 0 0 0 0 0 0 0 0 1 0 0 4 20 0 0 0 0 0 19 0 0 0 0 0 0 0 0 0 0 0 1 0 0 18 0 0 0 2 0 0 0 0 0 0 0 34 0 0 0 0 9 0 0 0 1 18 0 0 0 0 8 20 19 14 15 0 17 0 0 0 6 10 54 84 11 0 10 14 32 11 0 2 0 0 0 0 0 0 0 0 0 0 0 0 0 4 0 0 30 0 0 0 0 0 0 0 0 0 0 0 0 0 0 0 0 0 0 0 0 0 0 16 0 0 0 0 0 0 0 0 0 0 0 0 12 0 0 157 0 3 21 0 0 0 0 0 0 0 0 0 0 0 0 0 0 0 0 0 0 0 0 0 0 0 0 0 0 0 0 0 
 5 6 2 26 3 182 3 3 2 78 25 80 3 2 4 5 2 2 3 2 44 224 367 106 307 58 116 51 121 99 62 95 333 335 0 94 43 134 81 258 2 3 0 0 3 0 0 3 6 0 2 3 0 0 0 3 0 0 0 3 0 1 0 0 0 3 45 1 0 0 50 6 0 0 0 0 0 0 3 0 0 0 0 2 0 25 0 0 0 13 0 0 0 0 0 0 10 0 0 0 23 8 42 17 0 0 24 10 21 1 18 0 0 17 0 10 42 27 64 26 0 0 0 0 0 0 0 0 0 0 0 0 0 0 0 0 0 0 0 0 0 0 0 0 0 0 0 0 0 0 0 0 0 0 0 0 0 0 0 0 0 0 1 10 0 10 1 0 0 0 21 7 0 0 6 1 0 1 0 0 29 15 0 28 0 0 14 0 9 20 1 20 1 10 31 16 11 6 17 21 0 0 0 0 0 0 0 0 0 0 0 2 1 0 0 0 0 0 0 0 0 0 0 0 0 7 0 0 0 0 0 0 0 0 0 0 0 0 0 0 0 1 0 0 0 1 0 0 0 0 0 0 0 0 16 0 4 5 0 1 3 0 0 0 0 1 0 0 0 0 9 0 0 28 0 0 0 0 0 0 0 0 0 0 0 0 0 0 0 0 
 2 0 2 0 0 0 0 0 0 3 0 78 0 0 0 2 4 0 0 0 99 228 50 51 169 90 159 170 140 227 198 31 75 175 94 0 363 129 64 242 29 0 0 0 0 0 0 0 2 4 1 3 0 0 0 3 1 0 0 0 0 0 0 0 0 3 0 0 0 0 2 0 0 0 0 0 0 0 6 0 0 0 0 0 3 0 0 0 0 0 0 0 0 0 2 0 0 0 0 0 15 21 33 12 9 0 7 28 29 1 17 12 0 23 21 10 0 55 0 0 0 0 1 0 0 0 1 0 0 0 1 0 7 0 0 1 0 0 34 0 0 0 0 0 0 0 2 0 0 0 0 0 0 0 0 0 0 0 0 12 0 0 1 0 0 4 5 0 0 0 1 6 0 0 5 0 0 3 0 0 1 58 40 17 0 2 5 19 0 66 28 15 3 12 0 40 40 0 19 10 0 0 0 0 0 0 16 6 0 0 0 0 0 0 8 0 0 0 11 27 0 0 0 0 0 0 0 0 0 0 0 0 0 0 0 0 0 0 0 0 0 0 0 0 0 0 0 0 0 1 0 1 1 0 3 0 0 156 3 2 1 0 0 0 0 0 0 0 0 0 0 0 0 0 0 0 0 0 0 1 0 28 0 0 0 0 0 0 0 0 
 0 0 0 0 1 0 0 0 1 2 1 2 0 0 1 5 5 2 0 0 121 150 160 113 292 63 122 184 487 199 326 94 50 35 43 363 0 221 30 32 2 1 0 0 0 15 0 0 2 0 1 3 1 0 0 3 63 0 117 24 43 0 0 46 0 0 0 0 50 0 0 0 0 0 0 17 0 0 0 0 0 0 0 0 0 0 0 2 0 0 0 0 0 0 0 0 0 0 0 0 39 34 36 24 23 22 8 1 17 8 0 19 0 0 0 29 11 0 0 0 0 2 1 0 0 0 1 2 15 0 0 0 13 7 0 0 15 0 16 24 0 0 0 0 0 0 0 0 0 0 0 0 0 0 0 0 20 0 0 0 0 0 0 0 0 0 1 0 0 0 12 0 0 10 0 0 0 0 0 2 0 49 96 12 4 26 0 42 10 16 1 6 0 0 12 26 1 9 0 12 21 0 0 0 0 0 0 0 0 0 0 0 5 0 10 0 1 0 0 1 0 0 0 0 1 0 0 16 0 0 0 0 0 0 0 0 13 0 0 2 0 0 0 0 0 0 0 0 0 0 0 0 0 0 8 0 0 81 89 1 2 0 0 0 0 0 0 0 0 0 0 0 1 0 0 0 0 0 0 0 0 14 0 0 0 6 2 0 0 0 
 4 0 0 0 1 6 0 0 0 1 0 2 2 5 0 2 0 0 0 0 108 141 138 40 54 275 35 263 230 37 196 227 43 32 134 129 221 0 79 118 2 0 0 0 0 0 0 0 3 4 2 3 0 0 0 3 0 0 20 1 4 0 0 0 0 0 0 0 0 0 0 1 0 0 0 0 0 0 0 0 0 0 0 0 0 0 0 1 0 0 0 0 0 0 0 0 0 0 0 1 10 14 20 47 20 1 0 13 0 6 10 21 0 11 10 33 56 24 0 21 0 0 0 0 0 0 0 0 10 0 0 0 37 0 0 1 21 8 12 11 2 0 0 0 0 0 0 3 0 0 0 0 0 1 0 23 0 0 0 0 0 0 0 0 0 1 0 0 0 0 0 9 0 0 9 0 0 0 0 0 11 12 8 11 23 11 0 0 0 50 13 43 0 0 36 28 2 0 0 0 0 0 0 0 0 0 13 6 0 0 0 0 11 9 10 1 0 0 0 26 0 0 0 0 1 0 0 0 0 0 0 0 0 0 0 0 0 0 0 2 0 0 0 0 0 0 0 0 0 0 0 0 0 0 12 0 1 4 3 0 0 1 0 0 0 0 9 0 0 0 0 0 0 0 0 0 0 0 0 0 0 12 0 0 15 8 0 0 0 0 
 2 2 78 0 146 163 0 147 64 1 74 148 0 0 77 0 4 98 0 0 35 92 132 62 60 52 59 264 99 282 67 32 80 154 81 64 30 79 0 194 2 0 0 0 4 0 0 0 3 0 2 3 0 0 0 78 0 0 0 0 0 0 0 0 0 0 0 0 0 0 0 0 0 0 0 0 0 0 0 0 0 0 9 21 22 24 0 0 15 1 11 22 0 0 0 9 0 0 0 0 0 0 13 0 0 0 88 16 6 17 11 0 23 15 10 0 11 0 33 20 0 11 0 0 0 0 0 0 0 0 0 0 0 0 0 0 0 0 0 0 0 0 0 0 0 0 0 0 0 0 0 0 0 0 0 0 0 3 0 0 0 14 9 0 6 14 0 0 0 11 16 56 0 0 0 1 0 0 0 0 22 17 0 11 0 0 9 4 16 0 0 0 35 30 61 11 1 29 11 1 0 0 0 0 0 0 0 0 0 0 0 0 0 0 0 0 0 0 0 0 0 0 0 0 0 0 0 0 0 0 0 0 0 1 0 0 0 0 0 0 0 0 0 0 0 0 63 0 0 22 0 0 0 0 10 0 2 0 0 0 12 2 0 0 0 0 0 0 0 0 0 0 0 0 0 1 12 0 0 0 0 0 0 0 0 0 0 0 0 8 
 0 0 0 136 98 77 0 0 75 76 62 102 1 0 0 1 0 0 2 0 55 404 44 62 85 182 172 94 80 354 76 40 450 386 258 242 32 118 194 0 4 2 3 2 0 0 0 1 6 0 209 8 0 2 0 3 3 2 0 2 0 0 0 5 4 0 0 0 0 0 60 5 0 0 0 0 0 2 6 0 0 0 0 42 0 0 0 0 15 0 1 18 0 0 0 10 0 0 0 0 0 0 22 18 0 0 9 11 12 1 8 0 1 33 16 11 14 13 11 1 0 0 0 0 0 0 0 0 0 0 0 0 11 0 0 0 2 0 4 0 0 0 0 0 0 0 0 12 0 0 0 0 0 0 0 0 0 2 0 0 0 0 0 0 0 37 4 0 0 0 9 34 0 0 8 1 0 0 0 0 17 14 15 0 0 0 35 0 17 4 27 14 5 0 20 14 15 0 4 9 0 0 0 0 0 0 0 0 0 0 0 0 0 0 0 0 0 0 11 9 0 0 0 0 0 0 0 0 0 0 0 0 0 0 0 0 0 0 0 0 0 1 0 0 0 0 82 0 0 0 0 0 0 0 3 2 0 38 0 0 0 2 0 0 0 0 0 0 0 0 0 0 0 0 0 0 0 0 0 12 0 0 0 0 0 1 0 0 0 0 
 2 0 0 0 25 0 2 0 0 0 0 2 0 0 0 8 0 0 0 0 2 2 2 2 64 24 5 2 2 2 3 0 2 2 2 29 2 2 2 4 0 190 270 63 78 21 256 161 390 319 121 86 99 330 254 380 159 39 39 97 0 0 0 0 0 1 1 0 0 0 2 0 0 0 0 0 0 0 0 0 0 0 0 0 0 0 0 0 0 0 0 0 0 0 0 0 0 0 0 0 0 0 0 0 0 0 0 0 0 0 0 0 0 0 0 0 0 0 0 0 0 12 26 12 11 9 0 16 25 14 1 12 33 23 17 9 1 0 0 14 0 0 0 0 0 0 0 0 0 0 0 0 0 0 0 0 0 0 18 1 1 0 8 0 0 0 0 0 0 2 0 0 0 2 0 0 0 0 1 0 0 0 0 0 0 0 0 0 0 0 0 0 0 0 0 0 0 0 0 0 9 0 10 9 0 6 0 0 10 1 8 42 17 0 15 13 8 9 19 55 9 0 0 0 21 0 0 0 0 0 0 0 25 0 0 0 0 0 12 8 0 0 0 0 0 0 0 0 0 0 0 2 0 16 0 1 0 0 0 1 0 0 0 65 71 5 0 0 0 0 35 0 0 0 0 0 0 0 0 0 0 0 0 0 0 11 0 0 0 0 
 0 0 0 0 0 0 3 0 0 0 0 5 0 0 0 1 0 0 0 0 8 0 0 1 62 1 1 0 0 0 67 70 0 0 3 0 1 0 0 2 190 0 114 89 292 34 273 353 112 54 44 111 52 114 140 115 87 103 134 121 1 0 4 2 3 0 6 0 1 0 4 2 9 76 0 0 3 3 0 0 0 0 0 0 0 0 0 0 0 0 0 0 0 0 0 0 0 0 0 0 0 0 0 0 0 0 0 0 0 0 0 0 0 0 0 0 0 0 0 0 7 14 17 0 0 18 9 35 0 1 11 20 9 1 13 28 23 4 0 0 0 0 0 0 0 0 0 13 0 15 6 0 0 0 0 9 0 0 0 0 0 0 0 0 0 0 0 0 0 0 0 0 0 0 0 0 0 1 0 0 0 0 0 0 1 0 0 0 0 0 0 0 17 0 0 0 7 0 0 1 0 27 56 48 0 12 0 17 30 0 20 28 1 15 7 16 19 41 8 0 0 8 0 0 0 0 0 0 0 0 0 0 8 8 8 32 0 0 0 19 0 0 0 0 0 0 0 0 0 0 0 7 2 2 0 0 0 2 0 9 0 0 73 0 1 0 0 0 0 0 0 0 0 0 0 2 0 0 0 0 0 0 0 0 0 0 0 0 0 0 
 0 0 56 0 0 0 0 0 0 0 0 0 0 63 0 1 4 0 0 0 0 0 0 2 0 0 0 0 0 0 0 0 0 0 0 0 0 0 0 3 270 114 0 385 55 249 185 111 287 68 171 173 62 349 118 277 385 64 29 35 0 50 2 0 4 0 0 0 0 0 2 0 0 17 0 0 1 4 0 0 0 0 0 0 10 0 0 0 0 0 0 0 0 0 0 0 0 0 0 0 0 0 0 0 0 0 0 0 0 0 0 0 15 0 0 0 0 0 0 0 0 11 11 8 10 13 10 0 8 11 10 35 0 0 22 19 9 0 0 0 0 48 0 0 0 0 0 0 0 0 0 0 9 0 0 0 0 0 34 0 7 0 0 0 0 0 0 0 0 0 0 0 0 0 0 0 0 0 7 0 0 0 0 0 1 10 0 0 0 0 0 0 0 0 0 0 7 14 0 0 25 0 0 0 0 29 9 6 0 10 17 41 9 10 21 0 0 20 0 0 0 0 12 0 0 0 1 0 0 0 0 0 37 0 0 0 0 0 51 10 0 0 10 0 0 0 0 0 0 0 0 18 0 2 0 0 0 0 0 0 0 0 2 1 2 7 2 65 0 0 11 0 0 0 0 0 0 0 0 0 0 0 0 6 0 0 0 10 0 0 
 10 1 0 0 0 0 0 3 0 0 27 0 0 1 4 2 5 0 0 3 0 0 0 3 0 0 0 0 0 0 1 3 0 0 0 0 0 0 0 2 63 89 385 0 161 108 153 92 139 213 126 172 76 84 149 38 352 35 85 91 49 0 0 0 0 0 54 52 0 2 4 0 24 50 0 0 0 0 20 0 0 30 0 0 4 0 0 1 0 0 0 0 0 1 0 4 0 0 0 7 0 0 0 0 0 0 0 0 0 0 0 0 0 0 0 0 9 0 0 0 8 0 0 0 48 15 0 0 0 0 5 28 0 0 9 0 0 0 0 0 14 21 0 0 0 0 10 20 11 0 0 0 17 21 4 0 0 13 4 23 0 0 0 0 0 0 5 0 0 7 0 0 0 31 0 0 0 0 0 0 0 0 0 0 0 0 0 0 0 0 0 0 0 0 0 0 0 0 0 0 3 0 0 18 4 0 0 0 0 0 0 22 0 0 6 0 49 10 0 0 1 31 0 0 0 0 10 8 8 0 0 0 10 0 3 13 0 0 42 0 0 0 1 0 0 0 0 0 0 0 0 7 0 2 0 0 0 0 0 0 0 0 4 66 0 2 0 1 0 0 0 0 0 0 0 0 0 0 0 0 0 0 0 0 2 0 0 0 0 0 
 0 0 0 0 0 0 0 0 0 0 0 0 0 0 0 1 0 0 0 0 0 0 0 0 0 0 7 0 0 23 0 2 0 0 3 0 0 0 4 0 78 292 55 161 0 156 303 61 80 69 150 54 76 143 75 306 275 253 78 137 1 261 46 0 0 0 66 53 0 0 1 0 100 68 51 51 24 0 0 59 0 0 0 0 0 0 0 0 0 0 0 0 0 0 0 0 0 0 0 0 0 0 0 0 0 0 0 0 13 0 0 0 0 0 0 0 0 0 0 10 0 0 13 10 10 0 0 8 0 0 1 0 0 0 0 0 1 0 0 0 8 0 0 0 0 0 0 26 0 0 0 13 0 26 15 0 0 11 0 0 0 0 1 3 0 0 0 0 6 0 0 0 1 0 0 7 5 0 0 0 0 0 0 0 0 0 0 0 0 0 14 0 0 0 0 0 0 0 0 0 0 0 12 8 10 19 0 0 19 0 18 13 0 1 0 12 0 0 0 0 57 1 12 1 0 22 22 7 9 36 0 0 0 14 2 6 2 0 0 30 6 0 0 0 0 0 0 0 0 0 0 7 0 0 0 0 0 0 0 4 0 0 0 0 71 6 7 0 0 0 1 0 0 0 0 0 0 0 0 0 0 0 0 0 0 0 0 0 0 0 
 0 0 0 0 0 8 0 0 0 0 0 0 0 0 0 0 0 0 0 0 0 4 0 2 3 0 0 2 0 13 4 0 4 0 0 0 15 0 0 0 21 34 249 108 156 0 23 37 112 97 142 121 54 62 46 205 70 144 119 49 20 53 48 0 0 0 56 54 0 62 2 0 28 23 23 0 102 0 0 101 0 0 0 0 0 0 0 0 0 0 0 0 0 0 0 0 0 0 0 0 17 2 0 0 1 5 5 0 0 0 1 0 0 0 0 9 4 0 0 0 0 0 0 0 18 11 0 0 0 0 10 0 5 0 0 0 0 0 0 0 8 19 6 0 0 0 0 24 0 16 0 0 11 4 29 20 0 17 48 3 0 0 0 0 0 0 0 4 0 0 0 0 10 0 0 0 24 0 0 12 0 11 11 0 0 11 0 4 0 0 7 0 0 0 0 0 3 0 0 0 0 0 0 9 37 0 0 1 0 0 0 23 5 0 0 0 0 0 0 0 10 0 9 0 0 0 19 0 0 10 0 0 18 43 0 18 41 0 8 7 13 0 9 0 0 0 0 0 0 0 0 8 0 0 0 0 0 0 0 1 0 0 2 0 0 0 0 65 5 0 1 0 0 0 0 0 0 0 0 0 0 0 0 0 0 0 0 0 2 0 
 0 0 0 0 0 0 0 5 61 0 0 0 0 0 0 61 0 0 0 0 0 0 0 67 0 0 0 0 1 20 0 0 0 0 0 0 0 0 0 0 256 273 185 153 303 23 0 159 52 27 113 264 94 168 62 85 87 250 22 406 0 3 0 1 0 2 5 0 4 0 3 1 7 1 4 0 6 2 2 0 0 0 0 0 0 0 0 0 0 0 0 0 0 0 0 0 0 0 0 0 0 0 0 0 6 0 0 0 10 6 0 0 0 0 0 0 0 0 0 0 1 20 27 9 14 4 10 21 7 1 0 15 6 0 29 0 0 1 0 0 4 0 0 0 0 0 0 3 5 12 8 0 0 1 0 11 0 0 4 0 11 0 0 0 0 0 0 0 0 0 0 0 0 0 0 0 0 1 11 0 0 0 0 0 0 0 0 6 0 0 0 0 0 0 0 0 0 0 0 0 24 0 3 22 0 16 44 14 11 28 7 37 0 8 21 3 0 24 0 0 6 11 0 0 0 0 0 0 0 2 3 6 32 2 11 13 0 0 28 16 0 0 0 0 0 0 0 0 0 30 0 7 0 1 0 0 0 0 0 0 0 0 1 1 64 6 0 0 0 7 19 0 0 0 0 0 0 0 0 0 0 0 0 0 0 0 12 0 0 0 
 0 0 0 0 0 0 0 0 30 0 0 0 0 0 0 3 0 32 0 0 21 0 0 2 81 67 0 0 0 0 0 0 0 0 3 0 0 0 0 1 161 353 111 92 61 37 159 0 91 83 65 155 385 231 127 106 354 313 62 100 2 3 0 0 0 3 0 8 0 3 14 0 0 0 8 2 0 0 51 0 0 0 0 0 0 0 0 0 0 0 0 0 0 0 0 0 0 0 0 19 0 0 0 0 0 0 0 0 0 0 0 0 0 26 0 0 0 0 0 0 16 29 15 17 14 11 19 2 17 29 0 15 18 11 1 16 0 21 0 24 0 3 0 3 0 0 0 0 0 0 0 3 0 0 22 0 0 4 2 0 0 0 0 0 0 0 0 0 0 0 0 13 0 0 0 0 0 0 0 8 0 0 0 0 0 0 0 0 0 0 0 0 0 1 0 0 0 0 0 0 11 6 14 0 9 1 19 29 15 33 15 0 12 0 7 20 0 20 61 19 10 0 0 0 0 5 0 4 0 0 0 0 21 0 0 0 0 4 12 0 0 0 0 0 0 0 0 0 0 0 0 9 0 0 0 0 0 0 0 2 0 0 0 0 75 0 7 0 0 0 11 0 0 0 0 0 0 0 0 0 0 0 0 0 0 18 0 0 1 0 
 6 3 3 3 3 3 3 2 2 3 3 4 3 3 2 4 2 3 3 3 2 3 3 3 23 65 3 2 3 3 2 0 2 3 6 2 2 3 3 6 390 112 287 139 80 112 52 91 0 208 353 55 85 141 386 74 702 779 71 73 0 0 0 0 0 1 0 0 0 0 53 0 0 0 0 2 0 0 51 0 0 0 0 0 0 0 0 0 9 0 0 0 0 0 0 0 0 0 0 0 0 0 0 0 0 0 0 0 0 1 0 0 0 0 0 0 0 0 0 0 0 6 9 6 11 0 8 0 9 12 34 10 0 0 18 20 8 0 0 0 0 5 0 0 0 0 0 1 10 0 0 0 8 0 6 0 0 0 12 27 0 0 0 0 0 0 0 0 0 5 0 0 0 3 0 0 0 0 0 0 0 0 0 0 0 4 0 0 0 0 0 0 0 0 0 0 0 0 0 0 15 6 0 0 1 13 0 10 0 9 9 48 17 1 0 0 23 11 0 0 0 0 0 26 0 0 5 0 0 0 0 0 6 0 0 0 0 0 23 0 0 10 11 0 0 0 0 0 0 0 0 5 0 0 0 0 0 0 0 1 0 0 3 35 0 2 0 35 2 0 0 0 0 0 0 0 0 0 0 0 0 0 0 0 0 0 0 11 0 0 
 5 0 0 0 64 0 0 0 0 0 0 0 0 0 0 0 4 0 2 2 0 0 0 0 3 0 4 0 0 0 0 0 0 0 0 4 0 4 0 0 319 54 68 213 69 97 27 83 208 0 218 153 49 288 396 144 119 122 83 107 0 50 0 6 0 0 0 54 0 0 2 0 51 1 1 0 48 0 0 0 0 0 0 0 0 0 0 0 0 0 0 0 0 0 0 0 0 0 0 0 0 1 0 0 17 0 0 0 0 0 8 0 0 0 0 0 0 6 0 1 17 0 0 45 11 0 0 0 10 12 37 6 0 0 2 29 0 14 0 0 0 15 0 0 0 0 2 12 10 0 0 0 0 14 9 0 0 0 11 16 6 0 0 0 0 0 0 0 0 0 0 0 0 0 0 0 0 0 6 11 0 0 0 0 0 0 0 0 0 7 0 0 0 0 0 0 0 0 0 0 0 0 11 3 54 14 32 23 0 20 0 20 0 0 3 21 10 0 1 6 0 13 0 0 0 0 0 0 7 0 0 0 13 0 0 0 0 0 29 0 0 0 12 0 0 0 0 0 0 0 0 2 0 0 0 0 0 0 0 8 0 0 67 0 0 6 0 66 2 0 0 0 0 0 0 0 0 0 0 0 0 47 0 0 18 0 0 0 1 0 
 4 1 0 0 2 0 0 0 0 0 0 0 0 0 0 1 1 0 0 0 1 2 3 4 1 1 2 1 2 2 1 0 1 2 2 1 1 2 2 209 121 44 171 126 150 142 113 65 353 218 0 181 38 114 361 140 454 70 52 56 0 0 0 0 0 0 0 20 0 0 2 0 4 23 0 0 0 0 49 0 0 0 0 0 0 0 0 0 0 0 0 24 0 10 0 0 0 6 4 0 0 0 0 0 0 0 0 0 8 0 0 0 0 0 0 0 0 0 0 0 0 11 0 5 0 13 0 0 9 0 2 21 0 17 33 14 0 28 0 0 10 9 0 0 0 0 0 4 0 0 0 0 0 54 39 0 0 14 4 12 3 1 0 0 0 0 0 0 0 0 3 0 0 0 0 0 0 0 5 0 0 0 0 0 0 0 0 0 0 0 0 0 0 25 0 0 0 0 0 0 47 0 0 0 27 22 8 0 1 11 8 27 0 0 14 0 0 34 0 0 14 15 0 0 19 0 0 0 0 0 0 0 33 0 0 10 0 0 21 0 0 0 0 0 0 0 0 0 0 0 0 3 0 1 0 0 0 0 0 0 0 0 1 1 1 6 2 1 3 0 11 0 0 0 0 0 0 0 0 0 0 0 0 0 19 0 0 0 0 0 
 10 3 3 3 3 3 3 5 7 3 3 3 4 3 8 11 8 3 68 5 30 3 3 3 68 3 3 3 3 4 4 1 3 3 3 3 3 3 3 8 86 111 173 172 54 121 264 155 55 153 181 0 510 239 56 59 406 320 29 133 0 0 0 0 0 2 0 52 0 0 0 0 51 9 0 0 181 0 3 0 1 2 0 0 7 0 0 0 0 0 0 0 0 0 1 0 0 0 0 26 0 0 0 0 1 0 0 0 0 0 0 0 0 0 0 0 0 0 0 0 8 44 18 15 1 3 43 13 17 9 24 9 14 0 16 9 1 16 0 0 0 12 0 0 0 0 3 0 10 0 0 0 4 13 1 0 0 0 7 7 0 0 0 5 0 0 4 0 0 0 0 2 0 0 0 0 0 0 0 3 0 0 0 0 0 0 0 0 0 0 1 2 0 0 0 0 0 0 0 0 14 1 12 0 30 27 0 22 7 0 7 13 0 0 41 9 3 9 7 0 0 6 13 0 0 0 19 6 7 0 0 0 15 0 0 0 0 0 22 12 0 0 1 0 0 0 0 0 0 0 0 8 0 0 0 0 0 0 0 19 0 0 2 2 2 2 0 1 0 0 21 0 0 0 0 0 0 0 0 0 0 0 0 0 11 0 0 0 1 0 
 3 3 3 4 68 3 3 3 3 33 3 3 3 3 125 88 142 4 3 3 0 1 3 63 71 56 0 1 0 0 0 30 23 0 0 0 1 0 0 0 99 52 62 76 76 54 94 385 85 49 38 510 0 174 112 256 46 83 135 62 0 0 0 0 0 0 0 0 0 0 1 0 0 0 0 0 54 16 0 0 0 9 19 37 0 13 0 19 14 5 0 0 0 18 17 0 0 0 0 0 3 0 0 0 9 21 0 0 0 0 0 0 2 0 0 0 0 0 0 0 17 0 0 0 0 0 13 11 22 23 0 0 11 14 1 1 0 0 10 10 0 0 0 0 0 0 0 0 0 0 0 0 0 0 0 0 0 0 0 0 0 0 0 0 5 0 0 0 0 0 0 0 0 0 0 0 0 0 0 0 0 0 0 0 16 0 24 0 0 8 7 0 0 0 0 0 0 0 0 0 0 0 0 0 13 0 50 1 11 14 1 0 12 0 10 4 6 0 12 9 0 0 0 0 0 0 0 0 0 0 0 0 0 0 0 41 0 0 0 0 0 0 0 0 0 0 0 0 0 1 0 6 0 0 0 0 1 0 0 0 0 0 0 0 1 1 0 0 1 0 0 0 0 0 0 0 7 0 0 0 0 0 0 0 0 11 0 0 2 0 
 64 0 0 0 5 0 0 0 0 0 0 0 0 0 0 5 83 0 0 0 23 2 0 1 0 0 0 0 1 0 63 66 0 0 0 0 0 0 0 2 330 114 349 84 143 62 168 231 141 288 114 239 174 0 303 26 121 34 100 158 0 0 0 0 0 0 0 0 0 0 0 0 0 0 0 0 0 1 1 0 30 0 0 0 0 0 0 0 0 0 0 0 0 0 0 0 0 0 0 0 0 0 0 0 0 7 0 0 0 0 0 0 0 0 0 0 0 0 0 0 0 34 0 11 12 19 7 28 0 0 0 32 0 0 19 1 37 17 10 13 30 0 0 0 0 0 0 8 0 0 0 0 0 0 0 0 0 0 0 1 0 0 0 0 0 0 0 0 0 6 0 0 0 51 0 0 0 0 0 0 0 0 0 0 0 44 0 0 1 0 0 0 0 0 0 0 0 0 0 0 0 19 30 29 1 1 0 16 29 40 30 19 0 10 7 24 75 27 0 0 2 0 0 0 0 0 10 0 0 0 0 0 10 0 1 0 0 0 42 14 0 0 0 0 0 0 0 0 0 0 0 18 0 0 0 0 0 0 0 0 0 0 2 67 5 2 2 0 0 0 0 0 0 0 0 0 0 0 0 0 0 0 0 0 10 0 0 0 2 24 
 3 6 3 3 3 3 3 3 3 3 3 3 3 3 3 5 3 3 3 3 0 0 0 0 95 63 9 0 1 0 0 0 0 0 0 0 0 0 0 0 254 140 118 149 75 46 62 127 386 396 361 56 112 303 0 81 105 270 240 93 0 0 7 0 0 0 0 3 5 0 0 0 0 0 0 0 0 0 107 0 0 0 0 0 0 0 0 0 0 0 0 0 0 0 0 0 0 0 0 0 0 0 0 0 0 0 0 0 0 0 0 0 0 0 0 0 0 0 0 0 17 14 0 9 13 2 0 0 22 1 21 23 23 21 15 11 0 23 0 13 8 0 2 0 2 0 7 0 30 5 1 0 0 1 23 1 7 0 3 16 0 0 0 3 0 0 0 1 0 10 0 0 0 10 0 0 0 0 0 0 2 0 0 0 0 0 19 0 0 0 0 0 0 0 0 14 0 0 0 0 0 0 2 1 4 24 0 0 11 35 21 31 14 0 0 0 24 8 14 26 8 4 0 0 4 0 0 0 0 4 4 4 7 0 4 0 7 0 27 10 0 0 0 0 0 0 0 0 0 0 0 11 0 0 0 0 0 0 0 0 0 0 3 8 65 2 1 0 2 0 0 0 0 0 0 0 0 0 0 0 0 0 0 0 0 6 0 0 1 0 
 0 2 0 0 0 0 0 0 0 0 0 0 0 0 0 1 2 0 0 0 3 3 3 3 3 3 204 3 3 3 4 0 3 3 3 3 3 3 78 3 380 115 277 38 306 205 85 106 74 144 140 59 256 26 81 0 85 131 42 631 58 0 6 0 0 0 0 6 4 5 0 0 0 0 0 4 0 0 55 1 0 0 0 0 0 0 0 0 0 0 0 0 0 0 0 0 0 0 0 0 0 0 0 0 0 0 0 0 0 0 0 0 0 19 0 0 0 0 0 0 0 6 29 6 26 11 1 0 8 14 16 8 0 0 10 0 23 0 0 0 13 4 13 0 11 0 56 1 46 0 0 0 0 0 10 0 7 0 21 17 0 0 0 0 0 0 0 5 0 2 0 0 0 0 0 0 0 0 0 0 0 0 0 0 0 0 0 0 0 0 0 0 0 0 0 0 0 0 0 0 14 0 0 13 13 13 0 63 0 0 8 37 13 8 26 0 0 14 10 0 0 0 2 5 8 0 0 10 5 11 5 15 11 0 0 0 24 0 18 0 0 0 11 0 0 0 0 0 0 32 0 10 0 1 0 0 0 0 0 1 0 0 0 1 0 0 0 34 0 0 4 0 0 0 0 0 0 0 0 0 0 0 0 0 0 0 0 0 0 6 
 3 5 3 2 3 2 64 3 4 2 2 2 2 62 3 10 3 3 2 3 0 0 1 2 66 0 0 0 0 2 0 0 1 0 0 1 63 0 0 3 159 87 385 352 275 70 87 354 702 119 454 406 46 121 105 85 0 306 114 391 0 0 0 0 2 0 0 23 0 0 0 0 0 0 0 3 0 0 50 0 0 0 0 0 0 0 0 0 0 0 0 0 0 0 0 0 0 0 0 0 0 0 0 0 0 0 0 0 0 0 0 0 0 0 0 0 0 0 0 0 11 9 9 0 0 14 0 0 15 3 0 40 1 1 30 9 3 34 0 0 0 10 0 0 0 0 0 0 0 0 0 0 3 22 11 0 0 0 10 8 6 0 0 0 0 0 0 0 0 0 0 0 0 25 0 0 0 31 6 0 0 0 0 0 0 0 0 0 0 0 0 0 0 0 0 0 0 0 0 0 6 10 1 9 8 27 14 21 1 30 24 34 1 1 18 13 14 19 0 0 0 9 0 0 0 0 3 0 0 0 0 10 19 0 0 0 0 0 32 0 0 0 0 0 0 0 0 0 0 0 0 11 0 0 0 0 0 0 0 0 0 0 2 0 1 8 0 0 1 0 6 0 0 0 0 0 0 0 0 0 0 0 1 0 4 0 0 0 2 0 
 2 0 0 0 0 0 0 3 1 0 0 0 0 0 1 2 54 1 0 0 0 0 0 0 1 6 0 0 0 0 1 3 0 0 0 0 0 0 0 2 39 103 64 35 253 144 250 313 779 122 70 320 83 34 270 131 306 0 35 105 54 0 0 0 0 0 0 2 0 0 1 0 0 0 0 208 0 0 65 0 0 0 0 0 0 0 0 0 0 0 0 0 0 0 0 0 0 0 0 0 0 0 0 0 0 8 0 0 0 0 0 0 1 0 0 0 0 0 0 0 16 10 31 0 19 2 18 10 12 11 4 10 1 20 19 19 26 13 13 0 9 0 8 0 0 0 0 1 12 0 0 0 0 0 1 0 0 0 32 11 0 0 0 0 0 0 0 5 0 2 0 0 0 3 0 0 0 0 0 0 0 0 0 0 0 20 0 0 0 0 0 0 0 0 0 0 0 0 0 0 0 14 0 23 21 14 14 88 19 36 26 6 12 34 8 39 12 11 0 0 0 0 0 0 0 0 1 0 0 0 0 0 0 0 0 0 19 0 0 0 0 0 0 0 0 0 0 0 0 0 0 9 0 0 0 0 0 0 0 0 0 27 2 10 2 67 0 2 1 0 0 0 0 0 0 0 0 0 0 0 0 3 5 0 0 1 0 15 1 13 
 0 0 0 0 0 0 0 0 0 0 0 0 0 30 0 5 3 0 0 0 87 63 118 1 12 55 0 0 180 67 62 0 0 0 0 0 117 20 0 0 39 134 29 85 78 119 22 62 71 83 52 29 135 100 240 42 114 35 0 185 1 0 1 54 0 0 0 2 0 1 0 0 0 0 2 1 0 0 0 0 0 0 0 0 0 0 0 0 0 0 0 0 0 0 0 0 0 0 0 0 10 18 8 12 11 14 0 0 0 6 0 10 0 0 0 0 0 7 0 0 13 0 0 0 0 1 0 1 10 0 0 11 2 8 9 9 7 7 11 28 0 0 0 0 0 5 0 0 0 0 0 0 0 0 0 2 0 0 0 6 0 0 0 0 0 0 0 0 20 0 4 0 0 0 0 0 0 1 0 0 13 0 11 0 37 11 0 1 0 0 1 86 0 0 5 27 0 0 0 0 18 17 0 11 0 13 0 11 1 11 14 0 13 0 0 11 11 29 0 0 0 0 0 0 0 0 0 6 0 0 0 0 0 0 0 0 0 0 0 0 0 0 0 0 0 0 0 0 0 0 0 12 0 0 0 0 0 0 62 0 0 13 0 0 0 2 0 0 0 0 0 0 0 0 0 0 0 0 0 0 0 0 0 0 0 11 0 0 1 0 
 6 0 0 0 0 0 0 2 3 0 35 0 1 0 4 3 6 0 0 2 0 0 1 13 0 1 0 0 69 63 61 1 0 0 3 0 24 1 0 2 97 121 35 91 137 49 406 100 73 107 56 133 62 158 93 631 391 105 185 0 2 201 0 51 1 0 0 0 0 0 2 0 0 0 0 0 0 0 1 3 1 2 0 0 6 0 0 0 0 0 0 0 0 0 1 0 0 0 0 21 0 0 0 0 10 16 0 0 0 1 0 13 0 0 0 0 0 0 0 0 1 30 13 0 0 38 2 12 1 7 0 32 0 12 12 7 46 23 1 14 0 0 0 0 0 0 0 0 0 0 0 0 0 0 0 0 0 0 0 0 0 0 0 7 0 0 3 0 0 0 9 2 0 0 0 1 0 0 0 0 0 0 0 0 3 19 0 0 0 0 0 0 0 0 0 0 0 0 0 0 27 7 18 13 8 8 18 25 40 1 9 4 0 50 18 23 12 12 0 0 0 0 0 0 0 0 0 10 0 0 0 0 19 0 0 0 0 0 17 10 0 12 0 0 0 0 1 0 0 0 0 16 0 2 1 0 0 0 66 2 0 0 0 0 2 0 3 0 0 0 19 0 0 0 0 0 0 0 0 0 0 0 0 0 0 0 0 1 0 0 
 0 2 0 0 0 0 0 0 0 0 0 3 0 0 0 0 2 0 0 0 0 0 16 1 0 0 0 4 3 0 33 5 0 0 0 0 43 4 0 0 0 1 0 49 1 20 0 2 0 0 0 0 0 0 0 58 0 54 1 2 0 142 112 53 85 91 81 180 39 301 28 88 53 128 94 56 42 233 126 78 0 0 0 0 0 0 0 0 0 0 0 0 0 0 0 0 0 0 0 0 6 0 9 0 0 5 1 1 0 0 1 10 1 0 20 23 2 2 2 0 0 0 0 0 23 7 0 0 0 0 9 0 0 0 0 0 0 0 11 0 43 20 7 20 0 8 0 0 1 0 22 24 17 23 48 0 3 16 11 0 0 0 0 0 0 0 0 12 0 0 0 0 0 0 0 4 0 0 0 0 0 0 43 0 10 9 0 0 6 0 28 0 0 0 8 13 0 8 0 0 1 0 9 66 19 0 0 0 0 0 0 0 0 1 12 0 0 0 0 0 0 21 15 10 11 7 1 0 2 0 1 19 18 1 17 0 12 0 0 1 0 0 8 0 0 0 0 0 0 0 0 0 0 0 20 0 0 0 0 0 0 0 57 0 0 0 18 2 0 0 13 2 0 3 2 2 0 0 0 0 0 0 0 0 0 0 0 0 0 0 
