 0 184 80 237 129 37 292 62 38 128 213 121 87 144 34 124 202 231 149 256 1 2 0 0 0 0 0 0 0 0 0 0 0 0 0 0 4 0 0 3 0 3 70 1 0 9 0 0 0 85 0 2 0 3 0 0 2 0 0 5 0 0 5 0 0 0 0 0 0 0 0 0 0 0 0 0 0 0 3 0 11 6 23 10 0 5 26 26 38 0 18 13 12 20 29 4 14 1 0 0 0 0 0 0 0 0 0 0 0 0 0 0 0 14 0 0 0 0 0 9 0 0 0 0 0 0 0 0 0 0 0 0 0 0 0 0 0 0 0 0 0 0 0 0 9 0 0 0 0 0 0 0 0 0 0 0 0 0 1 0 10 11 18 12 0 13 16 0 25 0 0 0 0 0 13 1 28 10 0 21 0 0 17 0 0 0 19 0 0 0 0 0 1 0 0 0 0 0 20 0 0 0 6 0 0 0 0 0 1 0 0 0 0 0 0 0 0 0 0 0 0 0 0 0 0 0 0 0 0 0 0 0 0 0 0 0 0 0 0 0 0 0 0 0 0 0 0 0 3 0 18 14 0 0 0 0 0 0 0 0 2 0 16 0 0 0 0 0 0 0 0 0 0 0 0 0 19 0 0 0 0 0 0 0 0 0 0 0 0 0 
 184 0 93 458 222 175 84 73 47 106 48 331 151 131 151 194 78 132 58 90 0 2 0 0 1 0 0 2 1 206 77 0 0 0 0 206 2 0 0 2 0 3 65 0 0 0 0 0 0 0 0 0 0 3 0 0 0 0 0 3 55 0 3 0 3 0 0 0 0 2 2 0 0 0 0 0 0 0 1 0 21 32 34 25 0 0 37 63 39 4 5 31 9 36 20 9 16 10 13 0 0 0 0 0 0 0 0 0 0 0 2 0 0 1 0 0 0 0 0 1 0 19 2 0 0 2 0 0 0 0 0 0 0 0 0 0 0 0 0 0 0 0 0 2 0 0 0 0 0 10 0 0 0 9 0 0 0 0 0 0 39 10 29 8 14 0 26 0 9 22 1 0 30 10 40 0 10 16 0 18 0 0 18 0 0 0 0 0 0 2 0 0 0 0 0 0 0 15 0 0 0 0 0 0 1 0 0 0 0 0 0 0 0 0 0 0 0 0 0 0 2 0 1 1 0 0 0 0 0 0 0 0 0 0 0 0 0 4 0 2 0 12 0 0 0 1 1 0 89 93 16 14 0 0 0 0 0 0 0 0 0 2 0 0 0 63 0 0 0 0 0 0 0 0 0 0 28 17 0 0 0 0 0 0 0 0 0 0 0 0 
 80 93 0 121 147 109 69 185 245 175 82 230 78 58 149 67 106 142 246 255 0 2 0 0 0 80 0 0 5 0 0 0 150 0 0 0 2 0 0 134 4 3 0 7 0 0 0 0 1 0 0 0 0 3 0 0 0 0 0 3 0 0 3 0 5 0 0 0 0 0 2 0 0 0 0 0 0 0 1 0 11 1 0 21 0 18 1 0 0 10 34 15 2 22 12 15 3 18 0 0 2 0 12 2 0 0 0 2 0 0 0 0 1 1 28 9 2 0 39 10 0 0 0 0 0 0 0 0 0 0 0 21 0 0 0 0 0 0 0 0 0 0 0 0 19 0 0 0 0 0 0 0 0 3 0 0 0 0 1 0 2 28 18 19 18 14 0 0 7 8 9 0 0 5 14 16 24 1 0 0 0 6 0 0 0 0 11 16 0 0 1 0 18 3 0 0 8 0 18 14 0 0 0 2 0 2 3 0 0 0 1 0 0 0 0 1 0 0 0 0 0 0 0 0 0 0 0 0 0 0 0 0 0 0 0 0 0 0 0 0 0 0 0 0 1 2 48 0 2 2 0 5 10 0 0 0 0 0 0 0 0 0 0 0 0 0 0 0 0 0 0 0 0 0 0 11 0 1 0 0 0 0 0 0 0 0 0 0 0 0 
 237 458 121 0 211 351 236 152 192 173 136 214 396 205 291 354 110 43 74 75 2 2 0 0 0 0 1 0 1 0 0 0 144 73 0 34 2 0 29 3 0 3 0 8 0 0 0 0 0 0 0 0 0 72 0 0 60 0 0 3 0 0 3 0 0 0 0 0 0 0 0 0 0 0 0 0 0 0 3 0 21 0 18 10 0 0 18 50 17 14 0 92 0 7 16 19 1 27 14 7 18 3 0 0 0 0 4 11 0 0 19 0 11 17 20 0 0 14 13 27 0 0 0 0 2 0 1 0 0 0 0 0 0 0 0 0 0 0 0 0 1 0 0 0 0 0 0 0 0 0 0 0 4 0 3 0 0 0 0 0 8 6 17 0 16 5 20 0 13 3 11 1 0 1 0 20 14 36 0 0 15 49 0 2 0 0 0 32 0 0 12 0 0 0 25 0 0 0 1 50 0 0 0 0 0 0 0 0 0 0 0 0 0 0 1 0 0 0 0 0 0 0 0 0 0 0 0 0 0 0 0 0 0 19 0 0 0 0 0 0 0 0 0 0 0 0 0 0 89 104 24 4 0 0 0 0 0 0 0 0 0 0 10 0 0 0 0 0 0 0 0 0 0 0 0 0 17 0 0 0 0 0 0 0 0 0 0 0 0 0 
 129 222 147 211 0 163 141 151 145 229 81 98 182 66 290 178 142 52 73 104 0 2 2 2 1 2 2 0 3 0 4 2 82 75 3 84 5 0 156 2 0 3 0 4 0 57 2 3 0 2 5 0 0 6 2 0 0 0 0 5 3 0 3 0 3 6 0 0 0 0 6 0 1 0 0 4 0 0 2 0 19 0 18 11 0 23 0 18 2 0 1 11 0 8 42 1 0 14 0 0 10 14 17 0 0 0 0 10 41 0 15 0 24 11 13 1 1 0 11 6 2 2 0 1 0 0 0 0 0 0 3 0 0 0 0 0 0 0 0 0 0 0 0 0 0 0 0 1 0 0 1 0 1 0 0 0 0 0 0 0 15 0 16 9 16 19 11 0 31 35 0 10 0 0 21 14 0 15 0 0 0 38 13 0 1 24 13 8 12 0 0 13 10 22 13 10 23 43 1 4 0 0 1 0 0 0 0 1 0 0 0 0 0 0 0 0 0 0 0 0 0 0 0 0 0 0 0 0 0 0 0 0 0 0 0 0 0 0 5 0 0 0 0 0 0 3 0 0 3 4 17 3 0 0 1 0 0 0 0 0 0 0 9 0 0 0 0 0 0 0 0 0 0 0 0 0 34 0 0 0 0 7 0 0 0 0 0 0 0 0 
 37 175 109 351 163 0 35 38 74 35 149 76 41 43 63 212 165 350 39 263 74 76 0 0 0 0 0 1 77 0 1 0 103 39 73 33 151 0 54 108 0 3 0 0 0 0 0 0 0 65 0 0 0 3 7 0 62 3 0 3 0 0 3 0 3 0 0 0 0 0 2 0 0 0 0 0 0 0 1 0 0 1 0 29 17 24 0 0 15 21 10 0 0 0 0 20 0 0 0 0 21 16 45 0 0 0 0 10 26 32 23 1 38 3 12 15 14 0 29 10 0 0 0 0 0 0 0 0 0 0 0 0 0 19 0 0 0 0 0 0 0 2 0 0 0 0 0 0 0 0 0 0 4 0 9 0 0 0 10 0 0 0 0 0 25 35 0 0 3 0 0 9 0 0 0 0 0 10 0 0 27 0 11 0 0 0 19 10 1 50 0 23 42 0 15 11 16 3 24 24 0 0 0 0 0 0 0 0 0 0 0 0 0 0 0 0 0 0 0 0 0 0 0 0 0 0 0 0 0 0 0 0 0 0 0 0 0 0 2 0 0 0 0 0 0 5 1 0 4 1 0 16 0 0 0 0 0 0 0 0 0 0 0 0 0 0 0 0 0 2 0 0 0 2 0 0 0 0 0 0 0 0 0 0 0 0 0 0 0 0 
 292 84 69 236 141 35 0 93 69 116 65 326 284 237 48 226 160 36 75 321 0 2 0 2 0 0 0 0 0 0 0 0 0 0 0 0 2 2 0 2 0 3 0 0 0 0 0 0 62 0 0 0 0 3 0 0 0 1 0 3 0 0 3 0 1 0 31 0 0 0 0 11 0 0 0 0 0 1 3 0 14 1 0 9 15 0 30 34 17 16 1 41 44 0 8 0 29 2 8 35 0 0 0 0 0 0 0 0 0 0 0 0 33 0 0 0 0 0 0 1 0 1 0 0 0 0 0 10 0 0 0 0 0 0 0 0 0 0 0 0 0 0 0 0 0 0 0 2 0 0 0 0 0 0 0 0 0 0 0 0 27 9 15 0 3 0 31 0 8 1 3 15 0 22 0 0 20 26 0 9 0 0 0 0 0 0 0 14 0 0 0 0 0 0 0 0 0 0 0 0 0 0 13 0 0 0 0 1 0 0 0 0 0 0 0 0 0 0 0 0 0 0 0 0 0 0 2 0 0 0 1 0 0 0 0 0 0 0 0 0 0 6 0 0 0 0 0 0 91 90 38 10 0 0 0 0 0 0 0 0 0 0 0 0 0 0 0 0 0 0 0 0 0 0 0 0 8 0 0 0 0 0 0 0 0 0 0 0 0 0 
 62 73 185 152 151 38 93 0 257 39 119 110 122 158 111 344 43 32 155 37 0 2 0 0 0 56 0 88 3 0 0 0 0 0 0 0 2 0 0 2 0 3 0 4 0 0 0 0 0 0 0 0 0 3 0 0 0 1 0 3 0 0 3 0 0 0 0 0 0 0 0 0 0 0 30 0 0 0 3 0 21 38 16 0 21 1 35 0 0 11 1 16 8 18 10 17 35 42 0 0 0 13 0 0 0 0 0 0 0 0 2 0 12 9 0 0 0 0 11 0 0 0 2 22 0 2 0 0 0 0 0 0 0 0 1 0 0 0 0 0 0 0 14 20 0 0 0 0 0 0 0 0 0 0 14 0 0 1 0 0 0 10 15 20 27 9 1 0 16 11 7 14 0 35 22 36 0 4 0 0 0 0 0 0 0 0 1 0 0 2 0 0 0 0 0 0 0 0 1 15 0 0 0 0 1 0 0 0 0 0 0 0 0 0 0 0 0 0 0 0 2 0 0 0 0 0 19 0 0 0 0 0 0 0 0 0 0 0 0 2 0 0 0 0 0 0 0 1 1 2 1 16 15 0 0 0 0 0 0 0 0 0 12 0 0 0 0 0 0 0 0 0 0 0 0 10 0 0 0 0 0 0 0 0 0 0 0 0 0 0 
 38 47 245 192 145 74 69 257 0 133 202 162 115 290 151 137 130 123 75 298 2 2 0 0 3 0 15 0 3 0 0 2 13 0 0 0 2 0 0 73 0 3 0 7 0 0 0 3 0 2 3 0 0 3 0 0 0 0 0 3 0 0 3 37 3 3 0 0 0 0 48 0 0 0 0 2 0 0 4 0 17 65 29 10 17 0 21 19 28 24 21 65 16 12 0 29 24 30 0 0 13 0 14 0 0 0 0 10 0 0 0 0 12 20 0 0 0 0 33 14 0 0 0 0 0 0 0 52 0 0 0 0 0 0 0 2 1 0 0 0 0 0 0 0 1 0 0 0 0 0 0 0 0 0 1 0 0 0 0 0 0 11 9 13 22 12 0 1 30 11 31 23 0 17 19 53 1 10 0 1 25 0 0 0 0 0 15 0 0 15 0 0 12 0 1 0 0 0 26 14 0 0 0 0 0 0 0 0 0 0 0 0 0 0 0 0 0 0 0 0 0 0 0 0 0 0 0 1 0 0 0 0 0 0 0 0 0 0 0 0 0 0 0 0 0 3 1 0 89 1 0 10 20 0 0 0 0 0 0 0 0 0 13 0 0 0 0 0 0 0 0 0 0 0 0 9 0 0 0 0 0 0 0 0 0 0 0 0 0 0 
 128 106 175 173 229 35 116 39 133 0 309 99 281 293 256 332 140 149 170 100 0 2 0 0 0 0 0 0 0 2 0 0 35 72 0 0 2 40 77 3 4 3 0 0 0 0 0 0 0 0 0 0 0 3 0 1 0 0 0 3 0 0 3 0 1 0 0 0 0 0 0 0 0 0 0 0 0 0 3 0 0 41 30 31 18 10 4 0 0 35 1 0 0 42 23 1 39 1 0 0 1 0 14 0 0 0 11 13 0 0 0 0 12 44 19 1 0 7 1 12 2 2 0 0 0 0 0 0 0 0 0 0 0 0 0 0 0 0 0 0 0 0 0 0 0 0 0 0 0 0 1 0 0 3 0 0 0 0 0 0 21 14 28 25 15 0 2 0 6 26 14 30 15 45 43 17 0 25 0 0 0 6 0 0 0 0 0 23 0 0 0 0 0 0 13 0 0 0 14 16 0 0 1 0 0 0 0 0 0 0 0 0 0 0 0 0 0 16 0 0 0 0 0 0 0 0 0 0 0 0 0 0 0 0 0 0 0 1 0 0 0 29 0 0 0 4 5 0 0 90 17 3 15 0 0 0 0 0 0 0 0 0 0 0 0 0 0 0 0 0 0 0 0 0 0 10 1 16 0 0 0 0 0 0 0 0 0 0 0 0 
 213 48 82 136 81 149 65 119 202 309 0 223 84 140 84 101 132 284 91 71 0 2 0 0 0 0 76 0 0 0 0 0 169 0 5 0 2 0 0 162 0 3 0 0 0 0 0 0 0 1 0 0 0 3 0 0 1 0 0 3 0 0 3 0 0 0 0 0 0 0 0 0 0 2 0 0 0 0 3 0 0 9 13 0 22 30 66 21 26 50 44 0 13 18 0 28 1 3 15 0 34 0 0 0 0 0 14 6 0 0 0 0 0 0 0 11 0 0 29 17 0 0 0 0 0 0 0 0 0 0 0 0 0 0 11 0 0 0 0 0 0 0 0 0 0 0 0 21 0 0 0 0 14 0 4 0 0 0 0 0 0 0 1 14 19 0 0 0 11 0 10 10 0 0 2 17 11 15 0 6 10 11 0 0 0 0 14 2 0 0 0 0 35 0 9 0 0 0 1 33 0 0 0 0 0 0 0 10 0 0 0 0 0 0 2 0 0 0 0 0 0 0 0 0 0 0 0 0 0 0 0 0 0 0 0 0 0 0 0 0 0 0 0 0 0 0 0 0 1 1 0 9 16 0 1 0 0 0 0 0 0 0 1 0 0 1 0 0 0 0 0 0 0 0 0 0 0 0 0 0 0 0 0 0 0 0 0 0 0 18 
 121 331 230 214 98 76 326 110 162 99 223 0 131 254 240 140 201 135 22 485 0 2 0 0 1 0 61 0 0 0 0 0 42 74 73 0 3 0 75 104 0 3 0 8 0 0 0 0 0 1 0 0 0 3 0 0 0 0 0 3 0 0 3 0 2 0 0 0 0 0 1 0 0 0 0 0 0 0 2 0 20 0 27 22 1 0 2 23 0 79 11 18 0 9 0 37 0 44 14 36 20 0 18 0 15 0 10 21 0 11 0 0 0 20 18 0 2 18 30 16 0 0 1 0 0 1 0 14 0 0 0 0 0 0 0 0 0 0 0 0 0 0 0 0 0 0 0 0 0 0 0 2 2 0 1 0 0 0 0 0 22 9 18 0 2 9 12 0 11 1 0 9 0 0 0 28 18 33 0 0 16 1 0 0 0 0 0 40 0 2 0 0 24 0 20 0 0 0 11 15 0 0 0 0 2 2 0 0 0 0 0 0 0 0 0 0 0 0 0 0 0 0 2 2 0 0 0 0 0 0 0 0 0 0 2 0 0 0 0 1 0 0 0 0 0 0 1 0 8 87 0 10 0 0 0 0 0 0 0 0 0 0 11 0 0 0 0 0 0 0 0 0 0 0 0 0 0 0 0 0 0 0 0 0 0 0 0 0 0 0 
 87 151 78 396 182 41 284 122 115 281 84 131 0 413 440 337 72 359 330 153 0 4 1 0 0 0 73 2 0 1 0 0 0 0 75 0 3 0 0 6 0 3 0 0 0 0 0 0 0 0 0 0 0 3 0 0 0 2 0 9 0 0 3 0 1 0 0 0 0 3 69 35 0 0 0 0 0 0 3 5 3 4 21 27 0 0 17 30 1 1 0 25 12 13 9 21 26 14 15 22 0 0 0 0 0 0 0 0 0 0 0 0 0 0 0 0 0 0 0 0 0 0 0 0 0 0 0 14 0 0 0 0 0 0 0 1 0 0 0 0 0 0 0 0 0 0 0 0 0 0 14 0 0 0 0 0 0 0 0 0 43 20 0 0 0 0 19 12 0 18 0 0 40 15 0 0 20 0 0 7 0 0 0 0 0 0 0 0 0 0 0 0 0 0 0 0 0 0 0 0 0 0 0 0 0 0 0 0 0 0 0 0 0 0 0 0 0 0 0 0 0 0 0 0 0 0 0 0 0 0 0 0 0 0 0 0 0 0 0 0 0 0 0 0 0 0 0 2 0 87 0 5 0 0 0 0 0 0 0 1 0 0 0 0 0 0 0 0 0 0 0 0 0 0 0 0 0 1 0 0 0 0 0 0 0 0 0 0 0 0 
 144 131 58 205 66 43 237 158 290 293 140 254 413 0 212 156 227 50 157 281 0 2 0 0 5 0 0 2 5 0 0 0 0 0 0 0 2 0 0 2 0 3 2 0 0 0 0 0 63 0 0 0 0 3 0 0 0 0 0 3 27 0 3 0 15 0 0 0 0 0 0 0 0 0 0 0 0 0 3 0 11 1 6 0 11 0 45 23 18 1 0 26 12 15 25 0 2 24 7 8 0 0 0 0 0 0 0 0 0 0 2 20 0 0 0 0 0 0 0 0 0 0 2 0 0 2 0 0 0 0 0 0 0 0 0 0 0 0 0 0 0 0 0 2 0 0 0 0 0 0 0 0 0 0 0 0 0 0 0 0 2 10 0 2 13 0 25 2 18 3 10 0 31 16 7 1 0 5 0 18 0 0 0 0 0 0 0 0 0 2 0 0 0 0 0 0 0 11 0 0 0 0 8 0 1 0 0 0 0 0 0 0 0 0 0 0 0 0 0 0 2 0 1 1 0 0 0 0 0 0 0 0 0 0 0 0 0 0 0 2 0 0 0 0 0 2 0 2 46 0 2 16 0 0 0 0 0 0 0 0 0 0 0 0 0 0 0 0 0 0 0 0 0 0 0 0 17 0 0 0 0 0 0 0 0 0 0 0 0 0 
 34 151 149 291 290 63 48 111 151 256 84 240 440 212 0 187 267 467 179 267 73 2 0 0 0 0 0 2 1 0 2 0 0 0 0 0 2 0 0 3 0 3 0 0 0 0 0 0 0 0 0 0 0 3 0 0 0 0 0 3 0 0 3 0 3 0 0 0 0 0 0 0 0 0 0 0 0 0 3 0 0 28 0 9 29 2 7 11 0 10 1 0 12 42 1 13 59 15 0 38 0 0 0 0 0 0 0 0 0 0 0 0 19 6 0 0 0 0 0 2 0 0 0 0 0 0 0 1 0 0 0 0 0 0 0 1 2 0 0 0 0 0 0 0 0 0 1 0 0 0 0 0 0 6 0 0 0 0 0 0 27 15 7 11 20 1 0 0 0 0 2 19 0 26 32 7 23 0 0 11 0 0 0 0 0 0 0 1 0 0 0 0 1 0 2 0 0 0 0 17 0 0 0 0 0 15 0 0 0 0 0 0 0 0 0 0 0 0 37 0 0 0 0 0 0 0 0 2 0 0 0 0 0 0 0 0 0 0 0 0 0 0 0 0 0 2 88 0 0 0 2 7 14 0 0 0 0 0 0 2 0 0 0 0 0 0 0 0 0 0 0 0 0 0 0 25 0 14 0 0 0 0 0 0 0 0 0 0 0 0 
 124 194 67 354 178 212 226 344 137 332 101 140 337 156 187 0 118 63 36 159 0 2 0 1 205 0 0 0 3 0 0 0 0 3 0 205 2 205 0 2 0 3 0 64 0 0 0 0 0 0 0 0 0 3 0 0 0 0 0 3 0 0 3 0 3 0 0 0 0 0 2 0 0 0 0 0 0 0 1 0 1 17 17 11 16 0 15 30 15 28 0 30 0 15 19 0 48 1 0 28 0 0 0 0 0 0 0 0 0 0 0 0 11 27 0 15 0 0 0 1 0 0 0 0 0 0 0 0 0 0 0 0 0 0 0 7 0 2 0 0 0 0 0 0 2 0 0 0 0 0 0 0 0 2 0 0 0 0 0 0 27 0 8 0 0 2 19 0 8 0 2 21 26 21 0 0 10 33 6 0 0 2 0 0 0 0 0 0 0 0 0 0 0 0 0 4 0 0 0 0 0 0 0 0 0 0 0 0 0 0 0 0 0 0 0 0 0 0 0 0 0 0 0 0 0 10 0 0 0 0 0 10 0 0 0 0 0 0 0 0 0 0 0 0 0 0 3 1 93 89 21 4 0 0 0 0 0 2 0 0 0 0 0 0 0 0 0 0 0 0 0 0 0 0 0 0 31 0 0 0 0 0 0 0 0 0 0 0 0 1 
 202 78 106 110 142 165 160 43 130 140 132 201 72 227 267 118 0 116 111 141 0 4 0 0 2 2 0 2 2 0 1 0 79 0 0 0 2 0 0 111 0 3 0 0 0 0 3 0 0 0 0 0 0 3 0 0 0 0 0 3 0 0 3 0 3 0 0 0 0 0 2 0 0 0 0 0 0 0 1 0 0 10 0 13 0 0 44 48 28 16 32 33 7 0 18 0 3 0 5 0 16 0 11 0 0 0 0 0 0 0 0 0 0 1 14 10 0 0 14 18 0 0 0 0 0 0 0 0 0 0 0 0 0 0 0 0 0 12 0 0 0 0 0 0 0 0 0 0 0 0 0 0 0 0 0 0 0 0 0 2 0 4 2 10 14 0 23 0 8 17 13 0 22 9 3 7 17 14 0 7 0 11 0 0 0 0 14 1 0 0 0 0 0 0 0 0 0 0 0 15 0 0 0 0 0 0 0 0 0 0 0 0 0 0 0 0 0 0 0 0 0 0 0 0 0 0 0 0 0 0 0 0 0 0 0 0 0 0 1 0 0 0 0 0 0 0 1 0 87 1 30 10 15 0 0 0 0 0 0 0 0 0 1 0 0 0 0 0 0 0 0 0 0 0 0 0 9 1 0 0 0 0 0 0 0 0 0 0 0 0 
 231 132 142 43 52 350 36 32 123 149 284 135 359 50 467 63 116 0 35 136 0 4 0 0 0 0 22 0 0 0 0 0 1 0 0 0 2 0 0 195 0 3 0 0 0 0 0 0 0 0 62 0 0 3 0 0 0 0 0 3 0 0 3 0 11 0 0 0 0 4 0 0 0 0 0 0 0 0 3 0 9 4 27 10 12 22 30 21 39 0 54 10 18 0 2 57 0 31 15 1 15 0 0 0 0 0 0 11 0 0 0 0 0 7 0 1 0 0 40 20 0 0 0 0 0 10 0 13 0 0 0 0 0 0 0 0 0 0 0 0 0 0 0 0 0 0 0 0 0 0 0 0 1 0 3 0 0 0 0 0 16 7 13 10 0 0 4 1 10 0 1 9 0 0 10 11 12 24 0 10 15 0 0 0 0 0 17 0 21 0 0 0 25 0 0 0 0 0 41 1 0 0 1 0 0 0 0 0 0 0 0 1 0 0 0 0 0 0 0 0 0 0 0 0 0 0 0 0 0 0 0 0 0 0 0 0 11 1 0 0 0 0 0 0 0 0 1 0 1 3 4 4 0 0 0 0 0 0 0 2 0 0 0 0 0 0 0 0 0 0 0 0 0 0 0 0 0 0 0 0 0 0 0 0 0 0 0 0 0 0 
 149 58 246 74 73 39 75 155 75 170 91 22 330 157 179 36 111 35 0 113 2 2 0 0 0 0 0 0 0 0 1 0 0 0 0 0 2 0 0 3 0 3 0 1 0 1 0 0 0 0 0 0 0 3 0 0 2 0 0 3 0 7 3 0 2 0 0 0 0 0 1 0 0 0 3 0 0 0 2 0 0 14 0 12 14 0 8 15 17 2 27 0 11 68 14 1 14 2 6 0 0 0 0 0 0 0 0 0 0 0 0 0 0 0 0 0 0 0 0 10 0 0 51 0 0 0 0 0 0 0 0 0 0 0 0 0 0 0 0 0 0 0 0 0 0 0 0 0 0 0 0 0 0 2 0 0 0 0 0 0 10 0 12 3 0 1 0 0 0 14 0 0 18 14 15 0 14 11 19 31 0 0 0 0 0 0 0 0 0 0 0 0 0 0 0 0 0 0 0 0 0 10 0 0 0 0 0 0 0 0 0 0 0 0 0 0 0 0 0 0 0 0 0 0 0 0 0 0 0 0 0 0 1 0 0 0 0 0 0 0 0 0 0 0 0 0 2 2 0 0 0 10 0 0 0 0 0 0 0 0 0 0 6 0 0 0 0 0 0 0 0 0 0 0 1 0 0 12 0 0 0 0 0 0 0 0 0 0 0 0 
 256 90 255 75 104 263 321 37 298 100 71 485 153 281 267 159 141 136 113 0 3 2 0 0 4 0 2 0 1 0 0 0 0 0 2 1 2 0 0 2 0 3 0 0 0 0 0 0 0 0 0 0 0 3 0 0 0 0 26 3 0 0 3 0 10 0 0 0 0 5 0 0 0 0 0 0 43 0 3 0 5 0 10 0 0 0 11 0 12 1 1 1 21 10 14 22 14 0 4 43 0 0 0 0 0 0 0 0 0 0 0 0 0 0 0 0 0 0 0 0 5 0 0 16 0 0 0 0 1 0 0 0 0 0 0 0 0 0 0 0 0 0 0 0 0 0 0 0 0 0 9 0 0 0 0 0 0 0 0 0 18 11 19 0 0 0 0 14 0 0 0 0 13 0 0 0 12 0 14 19 0 0 0 0 0 0 0 0 0 0 0 0 0 0 0 0 0 0 0 0 0 0 0 0 0 0 0 0 0 0 0 0 0 0 0 0 0 0 0 0 0 0 0 0 0 0 0 0 0 0 0 0 0 0 0 0 0 0 0 13 0 0 0 0 0 4 3 2 0 4 0 7 0 2 0 0 0 0 0 0 0 0 0 0 0 0 0 0 0 0 0 0 0 0 0 0 0 0 0 0 0 0 0 0 0 0 0 0 0 0 
 1 0 0 2 0 74 0 0 2 0 0 0 0 0 73 0 0 0 2 3 0 282 272 325 51 239 267 302 118 127 386 124 157 335 276 373 178 30 113 87 0 2 1 0 0 0 0 2 0 0 0 3 0 0 0 2 4 0 9 0 0 0 0 0 3 1 0 0 7 0 0 3 0 3 0 0 2 0 0 0 0 0 0 26 10 11 0 0 0 0 0 0 0 0 0 0 0 0 0 0 0 12 29 22 10 11 0 8 5 12 34 4 5 0 0 30 0 13 0 13 0 0 0 0 0 0 0 0 0 2 0 0 20 0 0 0 0 0 9 12 0 0 0 0 0 0 0 0 0 0 3 0 0 0 0 0 0 0 0 0 37 0 0 0 15 0 2 0 0 0 2 12 0 0 0 0 0 0 0 0 14 3 17 10 51 12 0 1 15 39 27 11 18 10 11 11 21 42 0 0 0 0 0 0 0 0 12 0 0 0 0 0 12 18 0 0 0 0 21 12 0 0 0 0 0 0 0 0 0 0 0 1 1 0 0 0 0 0 0 14 0 0 0 0 0 0 89 0 0 0 0 0 0 0 25 0 0 154 0 0 1 0 0 0 0 0 9 0 0 0 0 0 0 0 0 0 0 0 0 0 0 0 0 0 0 0 0 0 0 0 
 2 2 2 2 2 76 2 2 2 2 2 2 4 2 2 2 4 4 2 2 282 0 221 95 113 30 207 225 63 119 228 35 70 439 85 239 307 41 423 47 0 2 0 0 0 1 0 0 0 0 0 3 0 0 0 2 3 0 0 0 0 0 0 0 3 0 0 0 5 0 0 3 0 5 0 2 3 0 0 0 0 0 0 0 0 0 0 0 0 0 0 0 0 0 0 0 0 0 0 2 30 0 2 0 24 11 33 0 0 58 18 18 0 30 9 28 28 1 0 19 0 0 0 0 0 1 0 0 0 0 0 0 13 0 0 0 0 0 0 0 0 0 0 0 23 0 0 0 0 0 0 0 0 0 0 0 0 0 0 6 0 0 2 0 28 5 0 0 0 0 11 0 0 0 0 1 0 0 0 0 0 13 18 38 46 23 0 13 36 19 1 26 13 17 10 0 23 20 0 0 0 0 0 0 8 0 0 1 0 0 0 0 12 0 0 0 0 0 7 2 0 0 0 0 0 0 0 0 0 0 0 0 0 0 0 0 1 0 0 0 0 0 0 0 0 0 0 0 0 0 0 0 0 0 5 2 0 35 1 2 8 36 0 0 0 0 11 0 0 0 0 0 0 0 0 0 0 0 0 0 0 0 0 0 0 0 0 0 0 0 
 0 0 0 0 2 0 0 0 0 0 0 0 1 0 0 0 0 0 0 0 272 221 0 90 168 50 198 170 137 234 73 32 53 156 223 209 37 191 50 51 1 2 0 0 0 0 0 1 0 0 0 3 2 5 0 2 6 0 0 0 0 0 0 0 3 0 0 0 7 7 0 4 0 3 0 0 0 0 0 0 0 0 0 0 0 0 0 0 0 0 0 0 0 0 0 0 0 0 0 0 0 0 0 32 27 12 16 0 0 26 15 16 1 5 11 11 27 19 0 7 0 0 0 0 0 0 0 0 10 0 0 0 14 0 0 1 0 0 26 10 0 0 0 0 3 0 0 0 0 0 0 0 0 0 0 0 0 0 0 8 0 0 0 0 0 0 0 0 0 0 0 0 0 0 0 0 0 0 0 0 19 10 32 23 18 22 5 0 1 12 47 2 23 14 1 0 23 0 0 0 0 7 0 0 0 0 8 0 1 0 0 0 16 0 28 0 0 0 13 14 0 0 0 0 0 0 15 0 0 0 0 0 0 0 1 0 0 0 0 0 0 0 0 0 0 2 0 0 0 0 0 0 0 0 4 0 0 1 81 2 2 12 0 0 0 2 12 0 0 0 0 0 0 0 0 0 0 0 0 1 0 7 0 1 0 9 0 0 0 2 
 0 0 0 0 2 0 2 0 0 0 0 0 0 0 0 1 0 0 0 0 325 95 90 0 202 49 184 421 150 82 193 152 54 88 85 285 54 442 369 61 37 3 25 0 0 0 62 1 2 0 0 3 0 3 0 2 2 0 63 42 0 0 0 0 3 2 0 44 0 0 0 0 0 3 0 6 0 0 0 0 0 0 0 0 0 0 0 0 0 0 21 0 0 0 0 0 0 0 0 0 6 6 21 42 28 70 0 7 9 11 43 24 0 0 0 33 14 15 0 53 0 0 12 0 0 0 18 31 0 0 0 0 21 31 15 0 15 0 1 10 0 0 0 0 0 0 0 0 0 0 1 0 0 0 0 0 1 0 0 0 0 0 0 0 0 0 0 0 0 0 0 8 23 0 0 0 0 0 0 0 21 22 51 0 18 0 0 13 8 26 28 0 11 8 29 25 67 28 0 0 0 0 9 0 0 0 0 0 0 16 0 0 0 0 0 0 12 0 28 5 0 0 0 0 0 0 0 0 9 0 0 0 0 0 0 1 0 1 0 0 0 0 41 0 0 0 0 0 21 0 0 0 0 10 4 0 1 138 77 0 2 0 0 0 0 0 0 0 0 0 0 0 0 0 0 0 0 0 0 0 0 10 0 0 1 0 0 0 0 0 
 0 1 0 0 1 0 0 0 3 0 0 1 0 5 0 205 2 0 0 4 51 113 168 202 0 274 134 153 160 193 91 146 77 140 241 289 71 276 253 69 10 2 19 0 0 0 0 2 0 0 0 3 66 5 29 2 6 1 7 19 5 0 4 4 3 0 0 0 2 10 0 0 0 3 0 0 0 0 0 0 0 0 0 0 0 0 0 0 0 0 0 0 0 0 0 0 0 0 0 0 0 12 0 39 9 81 0 0 0 6 0 15 0 0 0 0 17 50 0 0 0 0 0 0 11 0 17 21 41 0 0 0 31 0 31 1 13 0 0 20 0 0 0 0 0 0 0 0 0 0 3 0 0 0 0 0 0 0 0 0 0 7 0 0 0 0 0 0 0 0 0 0 0 0 0 0 11 0 10 0 2 0 0 21 20 15 0 0 58 0 23 0 0 0 0 17 0 0 0 0 8 7 0 0 0 0 8 10 0 0 0 0 12 0 20 29 15 0 33 34 0 0 0 0 0 0 0 0 0 0 0 0 0 24 0 0 0 0 0 0 0 0 35 0 0 0 0 0 0 0 0 0 0 0 4 2 0 86 77 0 20 3 0 0 0 0 0 0 0 0 0 0 0 0 0 0 0 0 0 1 0 10 0 0 0 10 0 0 0 0 
 0 0 80 0 2 0 0 56 0 0 0 0 0 0 0 0 2 0 0 0 239 30 50 49 274 0 235 115 139 60 159 52 34 469 353 184 148 62 243 31 126 11 13 3 0 3 65 66 1 0 2 20 63 22 148 2 3 1 85 185 0 0 0 0 3 1 1 0 0 0 0 0 0 3 31 0 0 0 0 0 0 0 0 0 0 0 0 0 0 0 0 1 0 0 0 0 0 0 0 0 0 9 0 14 20 0 0 13 0 0 9 20 0 0 0 0 0 14 0 0 36 12 35 0 0 10 8 4 3 24 9 28 19 0 12 23 0 8 33 13 0 0 0 0 0 0 0 0 0 0 0 0 0 0 0 0 0 7 0 0 0 0 0 0 0 0 0 0 0 0 0 0 0 0 0 2 0 0 0 0 0 0 0 0 0 12 0 0 0 17 0 18 0 0 0 12 0 0 0 0 13 31 25 0 3 8 31 1 12 11 0 0 66 51 4 0 0 0 0 39 12 0 0 0 0 0 0 0 0 0 0 0 0 0 0 0 0 0 0 0 0 0 0 0 0 0 0 0 0 0 0 0 0 0 9 0 0 1 6 1 6 0 0 0 0 0 0 0 0 0 0 0 0 0 0 0 0 0 0 0 0 0 0 0 0 0 12 0 0 0 
 0 0 0 1 2 0 0 0 15 0 76 61 73 0 0 0 0 22 0 2 267 207 198 184 134 235 0 253 501 154 176 347 123 62 524 109 37 26 498 154 0 2 0 0 0 0 0 0 1 0 62 3 65 5 0 2 3 0 0 0 0 0 0 0 3 0 0 0 8 66 0 3 0 3 0 0 0 0 0 0 0 0 18 0 0 0 0 0 0 0 13 0 0 0 0 15 0 20 0 0 17 0 7 20 18 0 0 10 0 32 26 3 0 0 0 30 0 23 7 30 0 0 0 0 0 0 0 12 0 0 0 2 1 1 0 0 0 0 20 0 0 0 0 0 0 0 0 0 0 0 0 0 0 0 5 0 0 0 0 0 0 0 0 0 0 0 0 0 12 0 0 11 1 0 0 13 0 10 0 0 43 33 21 29 40 53 2 4 0 19 35 14 24 48 10 1 32 17 16 1 0 0 0 0 0 0 0 1 0 0 0 0 0 0 0 0 0 0 20 0 0 0 0 0 0 0 0 0 0 0 0 0 0 0 0 0 0 0 0 0 0 0 0 0 0 2 0 0 0 0 0 0 0 0 8 3 1 79 1 2 2 2 0 0 0 0 11 0 0 0 0 0 0 0 0 0 0 0 0 0 0 0 0 0 0 0 0 0 0 0 
 0 2 0 0 0 1 0 88 0 0 0 0 2 2 2 0 2 0 0 0 302 225 170 421 153 115 253 0 155 42 279 147 110 227 188 357 140 69 170 110 0 10 1 0 0 0 0 2 1 0 0 3 0 0 0 2 3 0 2 0 0 0 0 0 3 1 0 0 7 0 0 3 0 3 47 0 0 0 0 27 0 0 0 23 6 16 0 2 2 4 0 0 0 0 0 0 0 0 0 0 0 40 20 11 12 32 1 9 10 29 23 23 11 0 0 30 12 15 0 10 0 0 0 0 0 0 0 0 0 0 0 0 20 0 0 0 0 1 9 17 0 0 0 0 0 0 0 0 0 0 5 0 0 0 0 0 0 0 0 0 0 0 0 0 0 8 0 0 0 0 21 14 0 0 0 1 0 24 0 0 0 11 0 21 24 17 1 12 31 13 20 0 24 13 19 3 19 0 0 0 0 0 0 0 0 41 12 1 0 0 0 0 14 16 0 0 0 0 13 12 0 0 0 0 0 0 0 0 0 0 0 0 0 0 0 0 0 0 0 0 0 14 0 0 0 0 23 0 0 0 0 0 0 0 8 0 2 88 1 0 39 2 0 0 0 0 9 0 0 0 0 0 0 0 0 0 0 0 0 0 0 0 0 0 0 0 0 0 0 0 
 0 1 5 1 3 77 0 3 3 0 0 0 0 5 1 3 2 0 0 1 118 63 137 150 160 139 501 155 0 135 95 134 61 159 182 67 165 124 160 53 4 2 6 3 0 8 3 4 1 0 3 3 2 66 0 4 9 0 80 22 0 0 0 0 8 3 0 6 2 0 39 0 7 4 0 3 0 0 0 55 0 0 0 0 0 13 0 1 1 0 5 0 0 0 0 0 0 0 0 0 44 0 16 61 27 17 23 16 35 14 16 18 0 15 0 11 2 24 0 0 0 0 0 0 0 0 8 0 18 0 0 0 41 9 0 0 9 2 14 26 0 0 0 0 0 0 0 0 0 0 1 0 0 0 0 0 0 0 0 0 0 0 9 0 30 2 0 0 0 0 0 9 9 0 0 0 0 0 0 0 25 1 29 24 1 0 0 0 41 68 40 15 11 0 2 27 34 60 0 0 0 0 0 0 0 0 10 0 0 0 0 1 24 18 11 0 0 0 20 12 0 0 0 0 0 0 0 0 0 0 0 0 0 0 0 0 0 0 0 0 0 0 0 0 0 0 0 0 0 0 0 0 0 0 6 0 0 1 0 0 2 2 0 0 0 0 0 0 0 0 0 0 0 0 0 0 0 0 0 13 0 0 0 0 0 8 20 0 0 0 
 0 206 0 0 0 0 0 0 0 2 0 0 1 0 0 0 0 0 0 0 127 119 234 82 193 60 154 42 135 0 215 302 41 174 156 83 40 44 292 60 0 2 5 0 0 3 3 0 0 3 2 3 3 1 2 2 3 1 9 0 0 0 0 0 3 0 1 0 0 0 0 6 0 3 0 0 0 2 0 0 0 0 0 0 0 0 0 0 39 0 0 0 0 0 0 0 0 0 0 0 0 11 9 35 12 19 9 1 12 13 2 1 0 11 14 60 28 28 0 15 0 0 0 0 10 0 1 10 0 0 0 0 0 0 0 2 0 0 1 0 0 0 0 0 5 0 0 0 0 0 0 0 0 0 0 0 0 0 0 4 13 0 0 0 0 0 0 0 0 0 0 0 0 0 0 0 0 0 0 0 41 1 46 40 28 17 0 0 7 23 25 60 19 15 11 1 9 11 0 0 0 0 0 0 0 0 0 0 0 0 0 0 40 0 0 0 0 0 33 11 0 0 0 0 0 0 0 0 0 0 0 0 0 0 0 0 0 0 0 0 0 0 14 0 0 0 0 0 0 0 0 0 0 0 6 0 0 1 0 2 0 13 0 0 0 0 10 0 0 0 0 0 0 0 0 0 0 0 0 8 0 1 0 0 0 0 0 0 0 0 
 0 77 0 0 4 1 0 0 0 0 0 0 0 0 2 0 1 0 1 0 386 228 73 193 91 159 176 279 95 215 0 133 101 39 177 124 181 290 31 476 2 65 0 0 0 0 0 1 0 0 0 3 0 69 0 2 3 0 61 31 0 0 0 0 3 0 0 0 10 0 0 3 0 3 0 0 0 0 0 2 0 0 0 0 0 0 0 0 0 0 0 0 0 0 0 0 0 0 0 0 0 0 37 11 33 11 0 0 0 25 30 57 0 0 0 18 45 19 0 18 11 0 0 0 0 0 0 0 0 0 0 0 23 10 0 0 0 0 65 13 0 0 0 0 0 0 0 0 0 11 0 0 0 0 0 0 0 0 0 0 0 0 0 0 21 20 0 0 0 0 0 0 0 0 0 9 0 0 0 0 0 4 30 34 37 76 0 0 19 13 17 19 13 10 7 1 46 10 0 0 11 0 0 0 0 0 0 18 0 0 13 0 0 0 17 0 0 0 40 0 0 0 0 0 0 0 0 0 0 0 0 0 0 0 0 0 0 0 0 0 0 0 0 0 0 0 0 0 0 0 0 0 0 0 6 1 0 78 148 4 15 0 0 0 0 0 11 0 0 0 0 0 0 0 0 0 0 0 0 0 0 10 0 0 0 0 0 13 0 0 
 0 0 0 0 2 0 0 0 2 0 0 0 0 0 0 0 0 0 0 0 124 35 32 152 146 52 347 147 134 302 133 0 29 319 120 103 134 105 23 34 133 2 2 0 0 0 29 1 1 0 0 3 0 0 0 2 9 0 66 71 0 0 0 0 3 4 0 4 0 0 4 0 0 3 0 13 0 0 0 2 0 0 0 0 0 0 0 0 0 0 0 0 0 0 0 0 0 0 0 0 14 7 22 19 24 22 18 0 41 31 19 10 2 13 0 0 10 33 0 0 12 0 11 2 0 0 0 0 0 0 0 0 0 11 0 0 1 0 25 50 1 0 0 0 0 0 0 0 0 0 2 0 0 0 0 0 0 0 0 0 17 0 0 0 0 5 0 0 0 0 0 0 0 0 0 20 0 0 0 0 7 0 18 55 9 5 0 0 67 12 38 45 0 0 16 43 28 23 0 0 12 1 7 0 0 16 0 11 2 0 0 0 1 0 0 0 0 0 46 10 0 0 0 1 0 0 0 0 0 0 0 0 0 0 0 0 0 0 2 0 0 0 0 0 0 0 0 0 0 0 0 0 0 0 18 0 0 115 5 1 4 3 0 0 0 0 0 2 0 0 0 0 0 0 0 0 0 0 0 12 0 1 0 0 12 0 1 0 0 8 
 0 0 150 144 82 103 0 0 13 35 169 42 0 0 0 0 79 1 0 0 157 70 53 54 77 34 123 110 61 41 101 29 0 162 190 255 32 102 213 232 0 2 0 0 61 0 1 0 0 1 0 3 0 0 0 2 3 0 0 0 0 0 0 0 3 0 0 0 0 0 0 1 0 3 0 0 0 0 0 54 0 0 1 30 11 27 0 0 1 17 8 0 0 1 2 14 0 0 0 0 13 8 44 0 0 0 9 23 27 12 11 0 43 19 31 17 17 9 43 32 0 0 0 0 0 0 0 0 0 0 0 0 0 0 0 0 0 1 0 0 0 0 0 0 0 0 0 0 0 0 0 0 4 0 3 0 0 0 0 0 0 6 0 0 11 9 0 0 6 0 18 17 0 0 2 1 0 22 0 0 44 2 8 0 0 0 0 23 0 18 0 32 85 10 46 0 0 0 2 29 0 0 0 0 0 0 0 0 0 0 0 0 0 0 0 0 0 0 0 0 0 2 0 0 0 0 0 0 0 0 0 0 0 0 0 0 0 0 0 0 0 15 0 0 0 2 24 0 0 74 0 0 0 0 2 0 0 0 0 2 0 2 0 0 0 0 1 0 0 0 0 0 0 0 0 0 0 0 0 0 0 0 0 0 0 0 0 0 0 0 
 0 0 0 73 75 39 0 0 0 72 0 74 0 0 0 3 0 0 0 0 335 439 156 88 140 469 62 227 159 174 39 319 162 0 81 304 401 47 289 66 0 2 4 3 0 0 0 1 0 0 0 3 0 0 0 2 3 1 0 0 0 1 2 2 3 1 0 0 3 0 3 1 0 5 0 0 0 0 1 0 0 0 0 0 0 8 0 0 0 0 0 0 0 0 0 0 0 0 0 0 23 17 10 1 19 9 54 4 14 15 0 13 18 30 41 9 26 9 8 18 0 0 0 0 0 0 0 0 0 0 0 0 0 0 0 0 0 0 10 2 0 0 0 0 8 0 0 0 0 0 5 0 0 0 0 0 0 0 0 2 0 2 0 0 0 27 0 0 4 0 0 0 0 0 0 0 0 0 0 0 38 19 14 11 15 6 4 23 28 0 0 44 0 0 15 20 1 0 0 8 7 0 0 0 0 0 0 0 0 0 0 0 12 0 0 0 0 0 11 0 0 0 0 0 0 0 0 0 0 0 0 0 0 0 0 0 0 0 0 0 0 0 0 0 0 2 0 0 0 23 0 0 0 0 6 2 1 2 0 0 0 0 3 0 0 0 1 0 0 0 0 0 0 0 0 0 0 0 0 0 0 0 0 0 0 0 0 0 0 0 
 0 0 0 0 3 73 0 0 0 0 5 73 75 0 0 0 0 0 0 2 276 85 223 85 241 353 524 188 182 156 177 120 190 81 0 203 52 54 76 87 0 2 1 0 0 0 0 1 0 74 2 3 0 4 0 2 3 0 125 0 0 0 0 0 3 0 0 0 6 0 0 0 0 3 0 0 0 0 0 0 0 0 0 0 11 0 0 0 0 0 16 0 0 0 0 0 0 0 0 0 1 8 12 34 34 12 0 8 0 48 28 13 0 0 0 6 0 44 11 0 0 0 0 0 0 0 12 12 0 0 0 0 15 12 0 0 0 0 29 11 0 0 0 0 0 0 0 0 0 0 2 0 0 0 0 0 0 0 0 0 0 0 0 0 10 0 0 0 0 0 0 10 16 0 0 0 2 0 0 0 34 8 9 5 33 50 0 0 9 62 37 4 1 0 0 46 61 0 7 13 0 0 0 0 0 0 16 0 0 0 0 0 27 19 0 0 0 0 28 16 0 0 0 0 0 0 0 0 7 0 0 0 0 10 0 0 0 0 0 0 0 0 0 0 0 0 0 0 15 0 0 0 0 0 7 0 0 39 2 0 3 0 0 0 0 0 0 0 0 0 0 0 0 0 0 0 0 0 0 0 0 0 0 0 0 0 14 0 0 0 
 0 206 0 34 84 33 0 0 0 0 0 0 0 0 0 205 0 0 0 1 373 239 209 285 289 184 109 357 67 83 124 103 255 304 203 0 234 497 584 42 1 2 0 0 0 0 0 1 0 1 0 3 0 70 0 2 7 0 61 21 0 0 0 0 4 0 0 0 0 0 0 2 0 3 0 0 0 0 0 0 0 0 0 0 0 9 0 0 0 0 0 0 24 0 0 0 0 0 2 0 7 18 25 12 48 12 15 13 14 15 19 43 12 6 24 0 80 24 8 16 14 9 0 0 0 0 1 0 0 0 1 0 20 9 2 0 0 0 27 18 0 1 0 0 0 0 7 0 2 0 1 2 0 0 0 0 0 0 0 8 0 0 0 0 0 28 0 0 0 0 0 0 0 0 0 4 0 0 0 6 17 14 11 13 1 10 12 14 9 14 30 20 2 0 9 14 27 0 0 0 16 0 0 2 0 0 0 23 0 0 0 1 1 0 8 0 0 2 2 0 0 0 0 0 0 0 0 0 0 24 0 0 0 0 0 0 0 0 0 0 0 0 0 0 0 0 0 0 0 0 0 0 0 0 13 1 0 5 159 0 18 0 0 0 0 0 1 0 0 0 0 0 0 0 0 0 0 0 0 0 0 8 0 0 0 0 0 0 0 0 
 4 2 2 2 5 151 2 2 2 2 2 3 3 2 2 2 2 2 2 2 178 307 37 54 71 148 37 140 165 40 181 134 32 401 52 234 0 71 120 50 66 4 1 1 1 0 0 0 0 61 4 3 1 0 0 2 3 7 64 0 0 0 0 0 3 0 0 11 8 0 0 3 0 7 14 0 11 0 15 0 0 0 0 0 18 0 0 0 0 0 0 13 0 0 0 0 0 0 0 0 26 11 0 14 8 2 36 33 0 25 11 42 41 12 17 0 37 13 0 0 8 0 0 0 0 0 12 0 0 0 0 0 20 0 0 1 0 0 11 24 0 0 0 0 0 0 0 0 0 0 0 0 0 0 0 0 0 0 0 0 0 0 0 0 13 15 0 0 0 0 0 12 0 0 0 2 0 0 0 0 0 0 13 12 3 22 18 0 15 38 0 9 0 0 0 27 13 12 14 0 10 0 0 0 0 0 16 8 0 0 0 0 10 10 0 0 0 0 0 15 0 0 0 0 0 12 0 0 0 0 0 0 0 0 0 0 0 0 0 0 0 0 0 0 0 0 0 0 0 0 0 0 0 0 1 2 0 1 81 2 4 0 23 0 0 0 0 0 0 0 1 0 0 0 0 0 0 0 0 0 0 0 0 0 0 0 9 0 0 0 
 0 0 0 0 0 0 2 0 0 40 0 0 0 0 0 205 0 0 0 0 30 41 191 442 276 62 26 69 124 44 290 105 102 47 54 497 71 0 38 24 158 2 6 0 0 0 28 2 0 0 0 3 1 37 0 2 3 0 1 136 0 0 9 0 3 3 0 0 0 0 0 0 0 3 0 19 0 0 0 0 0 0 0 0 0 0 0 0 0 0 0 0 0 0 0 19 0 0 0 0 0 0 0 1 63 58 0 0 0 12 1 47 0 0 0 0 11 24 0 0 0 0 11 0 0 0 33 20 16 0 0 0 19 0 0 16 1 9 16 22 0 0 0 0 0 0 0 0 0 0 0 0 0 0 0 0 2 8 0 0 0 0 0 0 0 3 0 0 0 0 0 0 0 0 0 1 0 0 0 0 0 14 0 10 0 0 0 0 11 0 30 0 0 0 0 8 0 11 0 0 0 4 8 0 0 0 7 1 0 0 0 0 1 9 23 0 0 18 29 10 0 0 0 0 0 0 0 0 0 0 0 0 0 0 0 1 6 1 0 0 0 0 2 0 0 0 0 0 1 0 0 0 0 0 7 1 0 75 5 0 13 0 0 0 0 0 0 0 0 0 0 0 0 0 0 0 0 0 0 0 0 4 0 0 1 9 0 0 0 0 
 0 0 0 29 156 54 0 0 0 77 0 75 0 0 0 0 0 0 0 0 113 423 50 369 253 243 498 170 160 292 31 23 213 289 76 584 120 38 0 180 0 2 0 0 0 0 0 0 1 0 0 3 0 0 0 2 3 2 0 0 0 0 0 52 3 0 0 0 0 0 0 0 0 3 0 0 0 0 51 0 0 0 0 18 0 41 0 0 0 0 0 0 0 0 0 0 0 0 0 0 13 8 37 0 17 0 29 9 33 9 2 4 83 23 61 20 45 5 9 40 0 0 0 5 0 0 0 0 0 0 0 0 0 0 0 0 0 0 0 0 0 0 0 0 4 0 0 0 0 0 0 0 0 0 0 0 0 0 0 31 0 10 0 0 11 6 0 0 17 0 0 0 0 0 0 0 0 1 0 0 11 50 9 1 1 0 27 22 0 18 0 21 18 48 28 13 1 38 0 0 0 0 0 0 0 0 0 0 0 0 0 0 1 0 0 0 0 0 0 0 5 0 0 0 0 0 0 0 0 0 0 0 0 0 0 0 0 0 0 0 0 0 0 0 0 0 0 0 0 35 0 0 0 0 14 1 0 76 0 7 2 13 0 0 0 0 0 0 0 0 0 0 0 0 0 0 0 0 0 0 0 4 0 0 0 0 0 0 0 0 
 3 2 134 3 2 108 2 2 73 3 162 104 6 2 3 2 111 195 3 2 87 47 51 61 69 31 154 110 53 60 476 34 232 66 87 42 50 24 180 0 0 3 0 0 0 0 3 3 2 2 4 3 0 205 3 2 2 1 0 2 3 0 0 0 3 6 0 0 0 0 4 0 0 3 0 4 0 0 1 3 0 0 11 16 14 29 0 0 10 15 34 1 0 0 1 29 0 26 0 0 23 0 22 0 0 0 0 13 28 0 0 0 15 0 2 20 0 0 35 0 0 0 0 0 0 0 0 14 0 0 0 0 0 0 13 2 0 0 0 0 0 0 0 0 0 0 0 2 0 0 0 0 5 0 1 1 0 0 1 0 0 0 0 17 30 0 0 0 3 0 8 5 0 2 0 11 0 25 0 0 16 4 0 0 0 0 29 16 0 14 0 0 42 1 0 0 0 11 32 14 11 0 0 0 0 0 0 0 0 0 0 0 0 0 0 0 0 0 0 0 0 0 0 0 16 0 0 0 0 0 0 0 0 0 0 10 0 0 0 0 0 1 0 0 0 0 76 0 0 1 0 0 9 0 5 0 0 0 0 2 2 0 0 0 0 0 0 0 0 0 0 0 0 0 0 0 0 0 0 0 0 0 0 0 0 0 0 0 0 0 
 0 0 4 0 0 0 0 0 0 4 0 0 0 0 0 0 0 0 0 0 0 0 1 37 10 126 0 0 4 0 2 133 0 0 0 1 66 158 0 0 0 101 74 49 99 64 145 107 55 26 536 44 327 133 126 107 29 33 69 45 0 0 0 0 99 5 0 3 3 0 0 0 0 2 0 27 0 0 5 0 0 0 0 0 18 0 0 0 0 9 0 0 0 0 9 3 0 0 0 0 2 0 0 0 8 8 0 6 0 0 0 0 0 0 9 0 0 0 4 0 19 14 2 0 0 0 21 0 4 15 0 0 9 0 26 16 23 10 0 22 0 0 1 0 0 0 2 0 0 0 0 0 0 0 0 0 0 21 18 0 0 4 0 8 0 3 0 0 4 7 1 13 0 0 0 6 1 6 0 0 0 0 0 0 0 8 0 19 0 0 13 36 0 1 0 27 0 9 8 21 21 0 3 0 0 0 0 13 16 0 0 1 0 26 23 11 23 1 22 0 0 0 0 0 0 0 0 0 0 0 0 0 10 0 0 0 0 0 0 1 0 3 0 0 0 0 9 0 0 18 0 6 0 2 0 0 0 22 63 0 0 0 2 0 79 2 0 0 1 0 0 0 0 0 0 0 0 0 0 0 0 0 0 0 9 0 0 18 0 0 
 3 3 3 3 3 3 3 3 3 3 3 3 3 3 3 3 3 3 3 3 2 2 2 3 2 11 2 10 2 2 65 2 2 2 2 2 4 2 2 3 101 0 164 70 32 103 385 196 57 79 258 115 389 198 72 152 173 166 154 134 55 0 7 0 0 0 0 0 0 0 10 0 0 0 0 0 0 0 0 0 0 0 0 0 0 0 0 0 0 0 0 0 0 0 0 0 0 0 0 0 0 0 19 0 0 0 0 0 0 0 0 0 0 0 0 0 0 0 0 0 1 31 45 18 0 20 0 1 7 19 30 45 24 31 15 5 62 0 7 7 0 0 0 18 0 0 0 0 0 0 0 0 0 0 0 0 0 0 0 0 0 0 0 0 0 0 0 0 0 0 0 2 0 2 0 0 0 0 0 0 0 0 0 0 0 1 0 0 0 0 0 1 0 4 0 0 0 0 0 0 23 10 0 13 22 9 8 13 16 0 7 18 12 1 0 30 9 0 0 12 0 0 0 0 10 0 0 0 0 0 0 0 0 0 0 0 0 0 19 0 0 0 0 0 0 0 1 0 0 0 0 5 0 8 1 0 0 0 0 9 1 0 2 0 1 4 0 1 1 0 0 0 0 0 0 0 0 0 0 0 0 0 0 0 6 8 1 2 1 0 
 70 65 0 0 0 0 0 0 0 0 0 0 0 2 0 0 0 0 0 0 1 0 0 25 19 13 0 1 6 5 0 2 0 4 1 0 1 6 0 0 74 164 0 158 323 310 135 102 76 446 43 39 150 286 201 85 334 36 54 101 0 0 0 0 0 2 0 0 2 0 0 0 0 60 0 0 0 0 0 51 0 0 0 0 0 0 0 0 0 0 0 0 9 0 1 0 0 0 0 0 0 23 0 10 1 14 0 0 0 0 0 13 0 0 0 0 5 0 0 0 9 16 28 0 22 2 31 34 2 20 32 41 64 0 0 15 14 0 15 0 0 0 0 3 0 0 0 0 0 0 0 0 0 0 0 0 0 0 0 0 0 0 0 0 0 0 0 0 12 0 0 0 0 0 0 0 0 0 0 11 0 0 0 0 3 9 0 0 0 0 0 9 0 0 0 12 0 0 0 0 0 1 14 24 0 20 0 0 0 16 16 0 9 0 0 0 0 0 8 26 0 0 0 0 0 0 0 0 9 0 0 0 1 0 10 0 0 0 44 7 0 0 17 0 0 0 0 0 0 0 0 4 0 0 0 0 0 1 6 1 0 27 1 0 0 11 2 0 2 0 0 0 0 0 0 0 0 0 0 0 0 8 0 0 9 0 0 0 0 0 
 1 0 7 8 4 0 0 4 7 0 0 8 0 0 0 64 0 0 1 0 0 0 0 0 0 3 0 0 3 0 0 0 0 3 0 0 1 0 0 0 49 70 158 0 158 256 86 268 100 243 141 147 62 274 94 105 271 124 73 53 145 0 0 0 46 0 0 0 0 0 0 1 145 209 0 0 0 0 51 1 5 0 4 0 0 0 0 0 0 0 0 7 0 13 0 12 0 4 0 0 0 0 0 0 0 0 0 0 0 0 0 0 0 0 0 0 0 0 7 0 0 0 0 2 1 9 0 0 0 12 11 14 0 0 0 18 0 19 0 0 10 0 0 0 0 1 0 6 9 0 0 0 43 0 0 0 1 0 24 35 5 9 10 7 0 9 0 6 7 0 0 0 0 0 0 11 0 0 9 9 0 0 0 0 0 0 0 0 0 0 0 0 0 0 0 0 0 0 0 0 0 0 0 0 0 2 0 0 0 16 12 41 0 0 0 0 0 28 0 0 8 13 42 22 0 0 31 15 11 0 0 9 29 14 14 0 1 0 30 46 0 0 12 0 0 0 0 0 0 0 0 10 0 0 0 0 0 0 0 2 0 17 61 0 0 18 5 0 1 0 0 0 0 0 0 0 0 0 0 0 0 2 0 0 0 0 0 0 0 0 
 0 0 0 0 0 0 0 0 0 0 0 0 0 0 0 0 0 0 0 0 0 0 0 0 0 0 0 0 0 0 0 0 61 0 0 0 1 0 0 0 99 32 323 158 0 119 80 96 138 208 204 396 175 152 278 164 141 135 58 268 51 0 0 0 50 0 1 0 0 0 0 0 0 21 0 0 0 0 52 0 0 0 0 0 0 0 0 0 0 0 0 0 0 0 0 0 15 0 0 0 0 0 0 0 0 0 0 0 0 0 0 0 0 0 0 0 0 0 0 0 0 0 0 27 0 33 0 23 20 56 29 36 0 12 2 0 15 45 0 0 0 0 0 0 0 1 0 0 0 0 9 0 3 16 0 0 64 0 4 34 0 0 0 12 1 0 0 0 0 0 0 0 7 0 0 0 0 0 0 0 0 0 0 0 0 0 0 0 0 0 0 0 5 0 0 0 11 0 8 0 0 0 0 9 37 1 0 21 0 64 26 30 0 0 29 8 32 38 0 0 12 0 25 1 0 0 40 0 0 0 0 10 26 14 0 0 0 0 5 7 0 0 0 0 0 0 0 0 0 0 0 7 0 0 0 0 0 0 0 0 0 15 1 67 2 2 4 0 0 0 0 0 0 0 0 0 0 0 0 0 0 2 0 0 4 0 0 0 0 0 
 9 0 0 0 57 0 0 0 0 0 0 0 0 0 0 0 0 0 1 0 0 1 0 0 0 3 0 0 8 3 0 0 0 0 0 0 0 0 0 0 64 103 310 256 119 0 254 317 71 187 164 55 36 260 119 341 85 51 52 97 0 20 3 50 20 0 0 0 0 84 0 7 0 103 0 0 4 1 50 103 0 0 0 0 0 0 0 0 0 0 0 0 0 8 0 0 0 0 0 0 0 0 0 0 0 0 0 0 0 0 0 0 0 7 0 0 0 0 9 0 0 24 9 1 10 0 0 0 9 21 13 6 7 0 0 10 10 0 0 0 10 9 9 15 3 7 25 10 6 6 3 0 1 19 6 0 0 0 22 0 2 0 0 0 6 0 0 0 0 0 0 0 0 0 0 0 0 0 0 0 0 0 0 0 0 0 0 0 0 0 0 0 0 0 0 0 0 0 0 0 0 0 0 0 0 11 0 0 10 1 16 0 0 0 0 0 0 0 0 0 21 11 9 10 16 0 16 9 10 20 9 0 39 16 11 14 7 10 11 22 9 0 0 0 0 0 0 0 0 0 0 4 1 0 0 0 0 0 0 3 0 0 2 0 66 3 0 0 1 0 0 0 2 0 0 0 0 0 0 0 0 0 0 0 41 0 0 16 1 0 
 0 0 0 0 2 0 0 0 0 0 0 0 0 0 0 0 3 0 0 0 0 0 0 62 0 65 0 0 3 3 0 29 1 0 0 0 0 28 0 3 145 385 135 86 80 254 0 93 74 36 97 116 195 118 188 32 116 29 48 202 1 1 1 2 0 5 1 4 0 0 2 0 0 0 0 10 3 0 0 0 0 0 0 0 0 0 0 0 0 0 0 0 0 0 0 0 0 0 0 0 0 0 0 0 4 1 0 0 0 0 0 0 0 0 0 0 0 1 0 0 10 44 20 9 0 10 16 36 9 15 8 12 0 20 19 10 6 16 10 0 0 58 6 2 0 0 0 0 26 0 1 11 0 0 4 0 0 0 0 21 0 0 0 0 0 0 0 0 0 0 0 0 8 0 0 0 0 0 0 0 0 0 0 0 0 8 0 0 0 0 13 0 0 0 0 0 0 11 0 0 0 0 12 0 15 2 0 13 0 28 27 10 12 9 10 0 11 10 72 0 0 0 26 0 5 0 0 10 0 6 0 7 6 0 0 0 0 0 11 9 0 0 0 0 0 0 0 0 0 0 0 38 0 0 0 0 0 61 0 0 0 0 0 65 0 4 6 0 0 0 2 0 0 0 0 0 0 0 0 0 0 0 0 0 11 0 1 0 0 0 
 0 0 0 0 3 0 0 0 3 0 0 0 0 0 0 0 0 0 0 0 2 0 1 1 2 66 0 2 4 0 1 1 0 1 1 1 0 2 0 3 107 196 102 268 96 317 93 0 56 117 95 25 172 391 170 406 54 97 86 67 206 3 23 3 53 2 6 0 15 0 6 2 7 11 0 2 0 3 15 0 0 0 0 0 0 0 0 0 0 0 0 0 0 0 0 0 0 0 0 0 0 0 0 0 0 0 0 0 0 0 0 0 9 0 0 0 0 0 0 0 0 10 5 0 4 0 0 1 0 14 0 0 1 19 0 15 0 23 0 7 2 0 0 7 0 0 0 3 0 11 0 0 0 0 0 3 0 0 0 0 0 0 0 0 0 0 0 0 0 0 0 0 0 0 0 0 0 0 0 0 0 0 0 0 0 0 0 0 0 0 0 18 0 0 0 0 0 0 0 0 18 10 0 0 0 0 23 0 20 0 0 16 13 18 0 12 0 1 0 12 2 16 0 0 0 0 22 0 0 0 0 0 15 19 0 7 1 0 0 16 0 0 0 0 0 0 0 0 0 0 0 3 0 0 1 0 0 1 0 0 0 0 0 2 1 1 1 3 0 0 0 0 0 0 0 0 0 0 0 0 0 0 0 0 0 9 0 0 0 0 
 0 0 1 0 0 0 62 0 0 0 0 0 0 63 0 0 0 0 0 0 0 0 0 2 0 1 1 1 1 0 0 1 0 0 0 0 0 0 1 2 55 57 76 100 138 71 74 56 0 154 114 182 197 245 101 297 339 139 72 59 101 0 2 0 1 1 48 6 2 4 0 14 73 49 12 0 4 11 4 53 0 0 0 0 0 0 0 0 0 0 0 0 0 0 0 0 0 0 0 0 0 0 0 0 0 0 0 0 0 0 0 0 0 0 0 0 0 0 0 10 6 19 1 8 12 25 0 37 9 20 1 14 0 22 9 32 9 62 0 11 0 0 0 1 9 10 0 0 0 0 2 0 0 1 0 0 0 0 0 10 0 0 0 0 0 0 0 0 0 0 0 0 7 0 0 0 0 0 0 0 0 0 0 0 0 0 0 0 0 0 0 0 0 0 0 0 0 0 0 0 0 29 23 13 21 22 0 0 2 12 16 10 0 0 27 0 10 30 0 0 0 0 0 0 0 7 11 13 0 0 0 0 1 8 0 0 4 0 0 0 0 0 0 0 0 0 0 0 0 0 0 2 0 2 0 0 0 0 0 0 0 0 59 82 0 0 0 50 0 0 7 0 0 0 0 0 0 0 0 0 0 0 0 0 0 0 0 0 0 0 
 85 0 0 0 2 65 0 0 2 0 1 1 0 0 0 0 0 0 0 0 0 0 0 0 0 0 0 0 0 3 0 0 1 0 74 1 61 0 0 2 26 79 446 243 208 187 36 117 154 0 202 63 52 270 84 161 205 74 121 72 0 0 0 0 49 0 0 0 0 0 0 0 53 18 0 0 0 0 0 24 0 0 0 0 4 0 0 0 0 0 2 0 0 9 0 0 0 0 0 0 0 10 0 3 0 5 0 0 0 29 0 0 0 0 0 0 0 0 3 0 0 0 0 14 16 1 0 10 19 24 35 13 0 0 0 15 10 0 0 0 1 0 0 0 0 4 0 0 1 1 0 0 35 0 0 0 20 0 3 0 0 0 0 0 0 9 0 0 0 0 0 12 0 0 0 0 0 0 2 1 0 0 0 0 3 4 0 0 0 79 0 0 0 0 0 0 0 0 9 15 0 0 0 34 8 36 0 0 0 15 7 2 1 0 32 0 0 1 4 0 0 0 0 0 0 0 0 0 14 0 0 0 0 0 15 0 0 0 13 8 0 0 14 0 0 0 0 0 0 0 0 8 0 0 0 0 0 0 0 1 0 26 66 0 2 21 3 0 1 0 10 0 0 0 0 0 0 0 0 0 0 0 0 0 0 0 0 0 0 0 
 0 0 0 0 5 0 0 0 3 0 0 0 0 0 0 0 0 62 0 0 0 0 0 0 0 2 62 0 3 2 0 0 0 0 2 0 4 0 0 4 536 258 43 141 204 164 97 95 114 202 0 142 82 96 80 206 121 132 63 145 51 0 0 0 52 0 0 0 0 50 0 0 0 0 0 0 0 0 52 2 0 0 0 0 0 0 0 0 0 0 0 0 0 0 0 0 0 0 6 0 0 0 0 0 0 6 0 0 0 0 0 0 11 0 0 0 0 0 0 0 0 1 1 9 0 10 11 9 0 52 24 16 1 19 7 0 11 38 0 0 19 0 0 0 0 1 0 0 0 0 0 0 39 0 0 0 0 0 0 17 0 0 0 0 0 0 0 0 0 0 0 0 2 0 0 0 0 0 7 0 0 0 0 0 0 0 0 0 0 0 0 0 0 0 0 0 0 0 0 0 0 0 10 0 1 0 8 0 1 14 3 27 0 0 0 1 9 37 0 1 9 0 25 2 0 0 44 0 0 0 2 10 26 18 0 0 9 0 15 20 0 0 5 0 0 0 0 0 0 0 0 13 0 1 0 0 0 0 0 1 0 0 4 1 1 7 2 0 0 0 0 0 0 0 0 0 0 0 0 0 0 3 0 0 0 0 0 0 0 0 
 2 0 0 0 0 0 0 0 0 0 0 0 0 0 0 0 0 0 0 0 3 3 3 3 3 20 3 3 3 3 3 3 3 3 3 3 3 3 3 3 44 115 39 147 396 55 116 25 182 63 142 0 29 256 137 67 380 322 67 255 28 0 0 0 1 0 0 0 2 2 0 0 50 0 0 0 0 34 3 0 0 0 0 0 0 0 0 0 0 0 0 0 0 0 0 0 0 0 0 0 8 0 0 0 0 0 0 0 0 0 0 0 0 0 0 0 0 0 0 0 12 10 40 29 0 30 9 15 23 48 33 31 0 4 28 5 21 0 0 0 9 9 0 2 0 0 0 0 0 16 0 0 46 20 0 0 40 0 0 15 0 0 0 0 0 0 0 0 0 0 0 0 5 0 0 0 0 0 0 0 0 0 0 0 0 0 0 0 0 0 0 0 0 0 0 7 0 0 0 0 7 69 9 0 13 26 0 11 3 37 26 3 0 5 32 0 13 22 0 0 0 0 0 0 0 0 0 14 0 0 0 0 1 0 0 0 7 0 11 9 0 0 9 0 0 0 0 0 0 0 0 0 0 1 0 0 0 0 0 4 0 1 4 70 0 4 0 0 0 0 0 0 0 0 0 0 0 0 0 0 0 3 0 0 10 0 0 0 0 0 
 0 0 0 0 0 0 0 0 0 0 0 0 0 0 0 0 0 0 0 0 0 0 2 0 66 63 65 0 2 3 0 0 0 0 0 0 1 1 0 0 327 389 150 62 175 36 195 172 197 52 82 29 0 131 198 260 31 116 298 80 8 0 7 7 0 0 0 0 0 0 5 203 0 0 1 0 49 0 0 0 0 0 0 0 0 0 0 0 0 0 0 0 0 0 40 0 0 0 0 0 0 0 0 0 0 0 0 0 0 0 0 0 0 0 0 0 0 0 0 0 12 0 14 9 14 21 13 36 14 21 14 8 9 0 7 0 29 32 21 1 0 0 0 0 0 0 3 0 0 0 0 0 0 0 0 0 0 9 21 0 0 0 0 0 0 0 0 0 0 0 0 0 11 1 0 0 0 0 0 0 0 0 14 0 0 1 0 12 0 0 0 0 0 0 0 0 0 0 0 0 30 10 10 12 11 0 9 20 1 56 14 24 1 0 36 33 20 14 0 0 0 0 0 0 0 0 0 0 0 0 0 0 0 0 0 0 0 0 0 0 0 0 0 0 0 0 0 0 0 0 0 9 0 0 0 0 0 0 0 0 0 0 0 4 0 2 2 0 2 0 0 0 0 0 0 0 0 2 0 0 0 0 0 0 0 11 0 0 0 2 
 3 3 3 72 6 3 3 3 3 3 3 3 3 3 3 3 3 3 3 3 0 0 5 3 5 22 5 0 66 1 69 0 0 0 4 70 0 37 0 205 133 198 286 274 152 260 118 391 245 270 96 256 131 0 115 45 126 99 164 155 4 0 3 0 0 51 0 0 0 0 45 0 0 0 4 0 0 0 0 0 0 0 0 0 0 0 0 0 0 0 0 0 0 0 0 0 0 0 0 0 0 0 0 0 25 0 0 0 0 0 6 13 0 0 0 42 5 3 0 0 10 32 0 8 0 28 14 68 0 20 0 3 12 31 14 74 68 77 13 3 0 0 0 0 0 0 0 0 0 0 0 0 0 0 0 0 0 10 35 0 0 0 0 0 0 0 0 0 0 0 0 0 9 0 0 14 0 0 0 0 0 16 0 0 0 0 0 0 0 0 4 0 0 0 0 4 8 0 0 0 8 20 9 22 10 1 0 12 16 2 14 21 0 0 26 16 31 14 0 3 0 0 0 0 0 0 0 0 0 0 0 0 1 0 0 0 0 0 0 3 0 0 0 0 0 0 0 0 0 0 0 9 0 2 0 0 0 0 6 2 0 0 0 8 64 4 0 68 1 0 0 0 0 0 0 0 0 0 0 0 0 7 0 0 17 9 0 42 0 0 
 0 0 0 0 2 7 0 0 0 0 0 0 0 0 0 0 0 0 0 0 0 0 0 0 29 148 0 0 0 2 0 0 0 0 0 0 0 0 0 3 126 72 201 94 278 119 188 170 101 84 80 137 198 115 0 80 150 110 358 229 4 0 5 6 1 0 0 1 2 2 1 0 0 4 7 0 4 5 3 0 0 0 0 0 0 0 0 0 0 0 0 0 0 0 0 0 0 0 0 0 0 0 0 0 0 0 0 0 0 0 0 0 0 0 0 0 0 0 0 0 7 20 28 23 13 1 5 10 8 2 16 49 0 0 9 16 34 0 11 0 0 0 0 5 1 12 0 0 3 0 10 0 0 0 0 0 0 0 0 18 0 0 0 0 0 0 0 0 0 0 0 0 0 0 0 2 0 0 0 0 0 0 0 0 0 8 0 0 0 0 0 20 0 0 0 0 0 0 3 0 6 0 11 0 1 10 10 1 16 19 8 0 26 20 0 19 20 0 0 19 0 0 0 0 0 8 0 0 0 1 1 0 0 0 0 0 0 0 20 0 0 0 0 0 0 0 0 0 0 0 0 8 0 2 0 0 1 1 8 3 0 0 2 0 0 2 8 0 0 0 2 0 0 0 0 0 0 0 0 0 0 0 0 0 5 0 0 0 0 0 
 0 0 0 0 0 0 0 0 0 1 0 0 0 0 0 0 0 0 0 0 2 2 2 2 2 2 2 2 4 2 2 2 2 2 2 2 2 2 2 2 107 152 85 105 164 341 32 406 297 161 206 67 260 45 80 0 124 173 155 124 53 0 0 0 61 8 0 0 0 3 11 0 25 49 0 2 0 0 0 52 0 0 0 0 0 0 0 0 0 0 0 0 0 0 0 0 0 0 0 7 0 0 0 0 0 0 0 0 0 17 0 0 0 0 0 0 0 0 0 0 0 15 10 13 10 8 0 0 0 23 6 12 20 0 0 10 0 17 6 0 0 0 0 0 0 9 0 0 0 0 0 0 10 23 0 0 12 0 0 0 0 0 0 16 0 0 0 0 0 0 0 0 0 5 0 0 0 23 0 0 0 0 0 0 0 0 0 0 0 0 0 0 0 0 0 0 0 0 0 0 0 0 0 7 9 0 18 0 17 10 8 11 13 0 0 16 0 8 0 15 0 0 0 0 0 0 10 0 0 0 0 0 14 9 0 0 0 0 0 7 0 0 10 0 0 0 0 0 0 0 0 12 0 0 0 0 0 0 0 20 0 0 52 0 2 1 0 0 0 0 5 0 0 0 0 9 0 0 0 0 0 0 0 13 1 0 0 0 0 0 
 2 0 0 60 0 62 0 0 0 0 1 0 0 0 0 0 0 0 2 0 4 3 6 2 6 3 3 3 9 3 3 9 3 3 3 7 3 3 3 2 29 173 334 271 141 85 116 54 339 205 121 380 31 126 150 124 0 167 76 244 51 1 0 2 1 3 4 0 5 0 2 0 5 3 0 2 1 0 10 0 0 0 0 0 0 0 0 0 0 0 0 0 0 0 0 0 0 0 0 0 0 0 0 0 0 0 0 0 0 0 0 0 0 0 0 0 0 0 0 0 1 65 7 12 10 28 9 0 6 14 24 14 18 1 37 0 17 0 0 0 1 0 0 9 0 0 0 11 0 7 0 0 2 0 0 6 7 1 20 1 0 0 0 0 0 14 0 0 0 0 0 0 0 0 0 0 0 0 0 0 0 0 0 0 0 0 0 0 0 0 6 0 0 0 0 0 0 0 0 0 18 12 0 39 29 14 0 37 17 12 59 27 0 0 2 5 11 8 21 0 3 1 0 0 0 0 5 0 1 0 0 0 16 5 0 5 5 0 10 14 0 0 0 0 0 0 0 0 0 0 0 8 0 1 0 0 0 0 0 1 0 0 2 4 62 39 0 5 1 0 0 0 0 0 0 0 0 0 0 0 0 0 0 0 21 0 0 21 0 0 
 0 0 0 0 0 3 1 1 0 0 0 0 2 0 0 0 0 0 0 0 0 0 0 0 1 1 0 0 0 1 0 0 0 1 0 0 7 0 2 1 33 166 36 124 135 51 29 97 139 74 132 322 116 99 110 173 167 0 33 61 23 0 3 1 1 0 0 0 0 0 3 0 51 0 0 0 0 0 0 0 0 0 0 0 0 0 0 0 0 0 0 32 0 0 0 0 0 0 0 0 0 0 0 0 0 0 0 0 0 0 0 0 0 0 21 0 0 0 0 0 0 33 14 26 1 0 51 1 8 19 7 8 16 73 10 4 6 20 5 7 0 0 0 21 0 0 0 0 0 0 0 0 6 0 0 0 0 0 1 0 0 0 0 0 0 0 0 0 0 0 0 0 0 14 9 0 0 0 0 0 0 0 0 0 0 0 0 0 0 0 0 0 0 0 0 0 0 0 0 0 8 22 23 2 0 14 14 10 7 18 10 0 0 2 8 31 2 0 0 0 0 0 0 0 0 0 11 15 0 0 0 0 8 2 0 0 7 0 10 9 0 0 0 0 0 0 0 0 0 0 0 0 0 2 0 0 0 1 0 24 0 1 2 53 0 3 0 0 2 0 0 0 0 0 0 0 0 0 0 0 0 0 0 0 10 8 0 0 0 0 
 0 0 0 0 0 0 0 0 0 0 0 0 0 0 0 0 0 0 0 26 9 0 0 63 7 85 0 2 80 9 61 66 0 0 125 61 64 1 0 0 69 154 54 73 58 52 48 86 72 121 63 67 298 164 358 155 76 33 0 152 0 0 2 2 0 1 0 0 3 0 0 2 0 0 0 2 0 0 2 0 0 0 0 0 0 0 21 0 0 0 0 0 0 0 0 5 0 0 0 0 0 10 11 46 9 4 0 8 0 27 10 16 0 0 0 0 0 42 0 0 1 0 20 0 0 21 7 5 0 0 8 22 26 16 15 14 13 0 26 11 0 0 0 0 0 0 0 0 0 0 0 0 0 0 0 0 0 0 0 0 0 0 0 0 0 0 0 0 0 0 0 0 0 0 0 0 0 0 0 0 0 0 18 0 17 22 0 0 29 29 10 20 0 0 0 6 10 0 0 0 18 0 0 13 20 0 28 15 18 0 3 22 30 31 0 9 9 1 5 13 0 0 0 0 0 0 0 0 0 0 0 0 0 0 0 0 0 0 0 9 0 0 4 0 0 0 0 0 0 0 0 9 0 0 0 0 0 89 0 0 0 0 0 0 2 4 0 0 0 0 0 0 0 0 0 0 0 0 0 0 0 0 0 16 0 0 8 0 0 0 
 5 3 3 3 5 3 3 3 3 3 3 3 9 3 3 3 3 3 3 3 0 0 0 42 19 185 0 0 22 0 31 71 0 0 0 21 0 136 0 2 45 134 101 53 268 97 202 67 59 72 145 255 80 155 229 124 244 61 152 0 202 0 0 0 1 5 0 0 2 3 1 0 0 0 3 69 0 0 0 0 0 0 0 0 0 0 0 0 0 0 0 0 0 0 0 0 0 0 0 0 0 0 45 8 29 11 0 0 0 14 0 5 0 0 0 0 0 0 3 0 9 0 4 0 0 0 13 13 2 0 12 1 0 20 29 24 23 0 11 0 0 0 0 0 0 0 0 0 0 0 0 0 0 0 0 0 0 1 0 0 0 0 0 0 0 0 0 0 0 0 0 0 0 0 0 0 0 0 0 0 0 0 13 0 0 9 0 0 0 38 13 18 0 2 0 0 18 9 0 0 0 11 11 0 0 0 16 0 5 13 0 2 23 27 7 0 21 1 21 5 0 0 0 0 0 0 0 0 0 0 0 0 17 0 0 0 0 0 0 0 0 0 0 0 0 0 0 0 0 0 0 15 0 0 0 0 0 22 1 0 0 0 0 0 0 2 0 0 25 0 0 0 0 0 0 0 0 0 0 0 0 3 1 0 0 0 0 0 0 0 
 0 55 0 0 3 0 0 0 0 0 0 0 0 27 0 0 0 0 0 0 0 0 0 0 5 0 0 0 0 0 0 0 0 0 0 0 0 0 0 3 0 55 0 145 51 0 1 206 101 0 51 28 8 4 4 53 51 23 0 202 0 93 79 279 30 46 122 93 51 56 27 40 172 50 57 27 28 32 35 95 0 0 0 0 0 0 0 0 0 0 0 0 0 0 0 0 0 0 0 0 0 0 4 0 1 1 0 0 0 0 0 8 0 0 0 0 0 0 0 0 0 1 0 8 11 27 0 0 5 0 0 0 0 4 1 0 1 0 0 5 9 9 0 0 0 2 10 17 8 15 0 0 2 18 0 0 8 12 14 0 1 0 0 0 0 0 0 3 0 0 0 0 0 0 0 0 0 0 3 4 0 0 0 0 0 0 0 0 0 0 0 0 0 0 0 0 0 1 0 0 10 2 0 9 29 6 0 5 0 0 0 7 0 0 0 4 1 20 0 0 0 14 1 18 0 0 8 14 18 0 0 0 10 1 23 0 5 15 4 6 0 0 0 0 0 0 0 0 0 0 0 0 0 0 10 0 0 0 0 0 0 0 51 0 0 62 0 0 0 0 16 0 0 0 2 0 0 0 0 0 0 0 10 0 0 8 0 0 0 0 
