 0 308 72 268 24 259 228 140 29 48 46 109 297 149 117 207 46 39 157 248 1 0 0 3 0 0 0 2 1 2 3 1 3 0 0 2 4 0 95 2 0 13 0 80 0 0 0 0 3 0 0 0 2 3 0 0 0 0 0 3 2 0 2 6 0 0 0 0 0 0 3 0 0 3 5 0 4 0 0 0 0 39 15 0 14 0 29 0 10 19 32 14 0 8 27 12 14 44 26 9 1 0 0 1 0 0 0 0 0 0 0 0 0 0 0 0 0 0 0 0 0 0 0 0 0 0 0 0 0 0 0 0 2 0 0 0 0 16 10 0 0 0 6 0 0 0 0 0 0 0 0 10 0 0 0 0 0 2 21 0 14 19 10 0 0 21 12 11 25 15 0 10 0 37 7 0 13 0 7 0 0 0 2 0 0 0 2 0 0 0 0 0 7 0 0 0 2 0 0 16 0 0 0 0 0 0 0 0 1 0 0 0 0 0 0 0 0 0 2 1 0 0 0 0 0 0 0 0 0 9 0 0 0 0 2 0 0 0 0 0 0 0 0 0 0 0 0 2 2 0 14 22 0 0 0 0 0 0 0 2 0 2 0 0 0 0 0 0 0 0 0 0 0 0 0 0 0 0 0 0 0 0 0 0 0 0 0 0 0 0 
 308 0 514 63 92 314 68 291 344 135 57 116 161 85 168 150 133 251 44 58 2 0 0 0 0 0 0 0 0 0 4 0 74 2 0 0 3 0 0 1 0 3 0 0 0 0 0 0 3 0 0 0 1 31 8 0 0 0 63 3 0 25 2 0 0 0 0 0 0 0 3 1 0 1 3 0 0 6 0 0 0 2 18 0 21 20 2 19 21 14 19 12 22 22 12 12 12 15 0 0 24 0 0 0 0 1 2 0 1 0 0 18 13 42 0 0 1 0 21 0 0 15 0 0 0 10 0 0 0 0 1 0 0 0 0 0 0 0 0 0 0 0 0 0 2 0 0 0 0 0 1 0 0 0 0 0 0 0 0 0 0 44 9 0 0 0 29 15 70 0 30 3 0 0 51 44 0 22 0 10 0 12 0 0 0 10 0 0 0 0 0 0 23 0 17 0 0 0 0 20 0 0 0 0 0 0 0 0 0 0 0 0 0 0 0 0 0 0 0 0 0 0 0 0 0 0 0 0 0 0 0 0 0 0 0 0 0 0 0 0 0 0 0 0 0 3 182 0 6 47 0 10 0 0 0 0 0 0 0 0 0 0 1 0 0 0 0 0 0 0 0 0 0 0 0 24 56 0 0 0 0 0 0 0 0 0 0 0 0 0 
 72 514 0 343 292 40 146 233 397 151 138 58 157 156 40 78 127 356 43 216 2 0 0 0 0 0 29 0 0 0 3 0 0 1 0 0 3 0 30 0 2 3 0 0 2 0 4 2 3 0 0 0 0 0 64 0 0 0 0 3 0 0 2 26 0 0 0 0 0 0 3 0 0 3 3 0 6 2 0 0 0 10 62 16 10 0 9 8 25 0 0 37 0 16 22 22 24 1 15 11 0 0 0 0 0 2 1 0 0 0 1 0 0 10 2 0 0 0 27 1 0 0 0 0 0 0 0 0 0 0 0 0 0 0 0 0 0 0 0 0 0 0 0 0 0 0 0 0 0 0 0 0 0 0 0 0 0 0 0 0 0 20 11 0 16 1 30 8 26 18 0 0 0 0 14 40 1 1 0 0 0 0 0 0 0 0 15 0 0 0 0 0 8 0 0 0 1 0 0 0 0 0 0 0 0 0 0 0 0 0 0 0 0 0 0 0 0 0 0 0 0 0 0 0 0 0 0 0 2 2 0 0 0 0 0 0 0 0 2 0 0 9 0 0 0 0 19 2 4 92 10 13 0 0 0 2 0 0 0 0 0 0 64 2 0 0 0 0 0 0 0 0 0 0 0 24 0 0 0 0 0 0 0 0 0 0 0 0 0 0 
 268 63 343 0 293 58 68 80 270 166 272 32 52 125 192 270 238 119 75 65 3 0 0 0 0 0 23 0 0 0 3 0 75 77 0 0 5 0 19 0 0 3 0 0 0 0 0 0 3 0 0 0 2 0 0 0 0 0 0 3 0 0 2 0 4 0 0 5 2 0 3 0 0 0 3 2 0 3 0 0 25 0 0 21 15 10 0 20 0 36 15 0 0 0 0 35 15 19 0 0 0 0 27 0 0 0 23 22 0 4 0 0 23 0 2 0 15 0 22 52 1 0 0 0 0 11 0 0 0 0 0 0 0 0 1 0 0 0 0 0 0 0 0 0 0 1 0 0 0 0 0 0 0 0 2 0 0 0 0 0 0 0 18 26 40 8 0 0 0 1 14 29 0 0 0 1 12 45 0 0 22 9 17 0 0 0 15 0 0 10 1 0 20 32 29 0 0 0 1 0 0 0 0 2 0 0 0 0 0 0 1 0 0 2 0 0 0 0 0 0 0 0 0 0 0 0 0 0 0 0 0 0 0 0 0 0 0 0 0 0 0 0 0 0 0 6 0 1 0 88 2 12 0 0 0 0 0 0 0 0 0 0 0 0 0 0 0 0 0 0 0 0 0 0 0 0 6 1 0 0 0 0 0 0 0 0 0 0 0 0 
 24 92 292 293 0 176 94 186 329 268 55 451 71 310 115 276 396 239 50 308 152 82 0 0 3 0 73 91 34 0 3 0 183 1 68 0 3 0 1 182 0 3 1 0 0 0 0 0 3 0 0 0 3 0 0 0 0 0 0 3 0 0 2 0 2 0 0 0 0 24 3 2 0 0 3 0 0 0 0 0 0 0 0 0 0 58 0 0 0 18 26 38 0 0 0 10 0 16 0 0 12 0 40 0 21 0 3 2 31 50 9 6 12 12 0 1 0 0 15 3 0 0 0 0 0 0 0 0 0 0 0 0 0 0 0 0 0 0 0 0 6 0 0 0 0 0 0 0 0 0 0 0 0 0 0 0 0 0 0 0 0 26 12 13 23 0 0 0 0 0 0 16 0 0 10 0 0 0 0 0 0 0 14 9 0 0 9 14 12 4 1 0 13 10 17 0 0 0 0 30 0 0 0 0 0 0 0 0 0 0 0 0 0 0 0 0 0 0 0 0 0 0 0 0 0 0 0 0 0 0 0 0 7 0 0 0 0 0 0 0 0 0 0 0 0 0 0 0 0 2 2 7 0 0 0 0 0 0 0 0 3 0 0 0 0 0 0 0 0 0 0 0 0 0 0 0 0 0 0 0 0 0 0 0 0 0 0 0 0 0 
 259 314 40 58 176 0 41 71 364 142 167 61 30 149 150 138 156 78 59 67 38 87 0 3 0 0 1 74 1 2 3 9 49 33 76 3 3 2 109 2 0 3 0 0 3 0 0 2 3 0 0 0 2 0 0 0 0 3 0 5 2 0 2 0 1 0 0 0 1 0 55 0 0 0 3 0 1 0 0 0 16 0 10 13 14 3 0 14 27 48 26 0 2 0 0 25 0 46 0 0 19 0 0 0 0 0 20 0 0 0 14 0 0 38 0 0 0 13 9 36 0 1 0 0 0 0 0 0 0 0 0 0 0 0 0 0 0 0 0 0 0 0 1 0 0 0 0 0 0 0 0 5 0 0 4 0 0 0 2 0 0 1 33 0 0 2 0 12 0 1 2 36 21 0 0 0 31 21 0 0 0 0 14 0 0 0 1 10 58 20 0 0 0 1 0 0 0 0 9 19 0 0 0 0 0 0 0 0 0 0 0 0 0 0 0 0 0 0 0 0 0 0 0 0 0 0 0 0 0 0 0 0 0 0 0 0 0 0 0 0 0 0 0 0 0 8 4 0 5 93 0 11 0 0 0 0 0 83 0 0 0 0 0 0 0 0 0 0 0 0 0 0 0 0 0 0 20 13 0 0 0 0 0 0 0 0 0 0 0 0 
 228 68 146 68 94 41 0 355 54 54 31 23 197 164 46 256 52 27 204 64 3 0 0 0 0 0 76 0 0 0 4 0 0 0 8 0 76 0 74 0 3 3 0 0 0 0 0 0 3 0 0 0 3 0 5 0 0 0 0 3 0 0 79 0 2 0 0 0 0 0 48 0 0 38 3 5 0 0 0 0 18 39 0 7 2 0 73 17 0 12 0 0 10 1 0 10 17 0 21 51 0 0 0 0 0 1 0 0 0 0 2 0 0 0 0 0 0 0 0 0 0 0 0 0 0 0 0 0 0 0 0 0 0 0 0 0 0 0 0 0 0 0 0 0 0 0 0 0 0 0 0 0 0 0 0 0 0 0 0 0 0 0 12 0 0 0 1 20 0 0 31 0 25 13 0 1 0 0 34 37 2 0 0 0 0 0 0 0 0 0 0 0 0 0 0 0 0 0 0 12 0 0 0 0 0 0 0 0 0 0 0 0 0 0 0 0 0 0 0 0 0 0 10 0 0 0 0 0 1 1 13 0 0 0 0 0 0 0 1 0 0 0 0 0 0 1 0 0 4 2 0 0 0 0 0 0 0 0 0 0 0 0 0 0 0 0 0 0 0 0 0 0 0 0 0 0 0 0 0 0 0 0 0 0 0 0 0 0 0 0 
 140 291 233 80 186 71 355 0 118 321 121 120 106 98 58 121 65 44 59 384 3 35 203 3 0 0 0 2 0 0 3 0 0 1 0 0 3 0 0 0 0 3 0 0 0 0 0 0 3 0 0 0 0 0 8 0 0 0 0 3 0 0 47 0 0 0 0 0 0 0 3 0 0 2 3 0 0 0 0 0 1 3 12 41 17 0 21 23 0 24 13 14 0 10 23 36 16 20 31 40 0 0 0 0 0 0 0 0 0 0 0 0 0 16 0 0 0 0 0 0 0 1 1 0 0 0 0 0 0 0 0 0 21 0 0 0 0 0 0 0 0 0 0 0 0 0 0 0 0 0 0 0 0 0 0 0 0 0 0 0 5 20 0 0 23 1 34 16 34 23 0 21 10 16 10 28 15 18 0 0 0 0 0 0 0 0 0 0 0 0 0 0 0 0 0 0 0 0 0 0 0 0 0 0 0 0 0 0 1 0 0 0 0 0 0 0 0 0 0 0 1 0 2 0 0 0 0 0 0 0 0 0 0 0 0 0 0 0 0 0 0 0 6 0 0 0 12 0 1 118 0 12 1 0 0 0 0 0 0 0 0 0 0 0 0 0 0 0 0 0 0 0 0 0 0 11 23 0 0 0 0 0 0 0 0 0 0 0 0 2 
 29 344 397 270 329 364 54 118 0 304 410 329 302 205 413 156 325 232 68 300 1 0 0 0 0 0 0 0 1 1 4 0 73 0 0 0 2 0 0 62 0 3 0 0 0 0 0 0 3 0 0 0 0 0 1 2 0 6 0 3 0 0 2 0 0 0 0 0 0 0 1 30 0 3 2 0 0 5 0 0 12 2 68 68 37 18 12 17 25 8 7 10 3 24 30 10 55 0 18 0 37 0 4 0 0 0 4 0 2 1 0 0 34 1 0 15 0 0 46 0 0 0 0 0 0 11 0 0 0 0 1 0 0 0 0 6 0 0 0 0 0 0 0 0 2 0 0 0 0 0 0 0 0 0 0 0 0 0 0 0 0 9 21 27 29 7 19 19 41 9 6 23 0 0 0 31 8 14 0 0 0 9 0 0 0 0 10 0 0 0 0 0 11 21 26 6 0 0 0 0 0 0 0 0 0 0 0 0 0 0 19 0 0 0 0 0 0 0 0 0 0 0 0 0 0 0 0 0 0 0 0 0 0 0 0 0 0 0 0 0 0 0 0 0 1 2 48 2 4 88 2 7 0 0 0 0 0 0 0 0 0 0 12 0 0 0 0 0 0 0 0 0 0 0 0 22 0 0 0 0 0 0 0 0 15 0 0 0 0 0 
 48 135 151 166 268 142 54 321 304 0 72 245 32 102 383 179 325 526 163 87 77 0 0 0 0 0 93 0 0 0 3 0 243 0 1 1 3 2 17 1 0 3 0 0 0 0 2 2 3 0 0 0 2 0 0 0 0 0 0 3 0 0 2 47 1 0 0 0 0 0 3 0 0 0 3 0 0 0 0 0 0 0 16 0 11 30 0 1 13 13 38 24 0 0 0 32 0 38 9 0 39 3 13 0 0 0 0 16 10 32 0 0 16 39 0 0 0 0 34 1 0 0 0 0 0 0 0 0 0 0 13 0 0 0 0 0 0 0 0 0 4 0 0 0 0 0 2 0 0 0 0 0 0 0 0 0 1 0 0 0 0 1 14 12 28 0 0 0 0 11 0 19 0 0 16 14 3 1 0 0 14 0 16 0 0 0 54 0 12 13 0 0 20 0 0 0 0 0 0 32 0 0 1 0 0 0 0 0 0 0 0 0 0 14 0 2 0 0 0 1 0 0 0 0 0 0 0 0 0 0 0 0 1 0 0 0 0 0 0 0 0 7 0 0 0 5 3 0 0 91 0 9 0 0 0 0 0 0 0 0 0 0 0 0 0 0 0 0 0 0 0 0 0 0 0 16 0 7 0 0 0 0 0 0 0 0 0 0 0 0 
 46 57 138 272 55 167 31 121 410 72 0 116 111 448 81 175 536 248 38 57 3 0 0 0 0 72 1 0 1 2 4 0 75 1 1 0 3 0 0 68 0 3 0 67 0 0 0 0 3 0 0 0 3 0 0 0 0 0 0 3 0 0 2 6 2 0 0 9 0 0 3 0 0 0 4 4 0 7 0 0 57 22 16 17 19 21 5 11 0 1 7 19 30 13 10 23 53 8 4 0 11 0 20 0 0 0 9 13 1 1 0 0 29 0 0 7 12 0 28 8 0 0 0 0 0 11 0 0 0 0 0 2 0 1 0 0 0 0 0 10 0 0 0 0 0 0 0 0 0 0 0 0 0 0 0 0 0 0 2 1 0 11 1 18 16 20 0 14 0 3 4 24 0 0 0 17 2 36 0 1 0 11 0 0 0 0 3 11 0 0 0 0 11 10 12 0 13 0 1 2 0 0 0 0 0 0 1 0 0 0 19 0 1 0 2 0 0 0 0 0 0 0 0 0 0 0 0 0 1 0 0 0 0 0 0 1 0 2 0 0 0 0 0 0 0 0 88 0 0 4 1 2 0 0 0 0 0 0 0 0 0 0 0 0 0 0 0 0 0 0 0 0 0 0 0 14 1 0 0 0 0 0 0 0 0 0 0 0 0 0 
 109 116 58 32 451 61 23 120 329 245 116 0 19 45 168 37 160 92 37 29 31 17 0 0 0 0 0 99 76 0 4 0 203 0 136 0 3 0 0 164 0 3 0 0 0 0 0 0 3 0 0 0 1 0 0 0 0 0 3 3 0 0 2 0 0 0 0 0 0 0 3 0 0 1 3 0 0 0 0 0 0 0 0 0 0 21 0 0 0 0 14 0 0 0 14 0 3 1 0 0 10 0 34 2 15 0 12 11 17 20 0 9 29 15 9 7 0 0 12 12 0 0 0 0 0 0 0 0 0 0 0 0 0 0 0 0 0 0 0 0 19 0 0 0 0 0 4 0 0 0 0 0 0 0 0 0 0 1 0 0 17 15 0 7 13 6 0 0 0 0 0 10 0 2 1 0 9 0 0 0 1 0 15 10 0 0 5 12 9 16 0 17 2 8 15 0 17 0 31 12 0 0 0 11 0 0 0 0 14 0 0 0 0 0 0 0 0 0 12 2 0 0 0 20 0 0 0 1 0 0 0 0 0 0 1 0 0 0 0 0 0 0 0 0 0 2 2 2 2 0 1 7 22 0 0 0 0 0 0 0 12 0 0 0 0 0 0 0 0 0 0 0 0 0 0 0 0 0 0 0 0 0 0 0 0 0 0 0 0 0 
 297 161 157 52 71 30 197 106 302 32 111 19 0 146 126 45 47 51 407 164 2 0 0 0 0 0 0 0 0 0 3 0 0 0 0 0 3 0 0 0 0 7 0 0 0 0 0 0 3 0 0 0 1 0 0 0 0 0 0 3 0 0 2 0 3 0 0 0 0 0 3 0 0 1 3 0 0 0 0 0 7 1 10 0 0 0 27 14 14 0 16 12 0 9 22 0 15 0 0 32 0 0 0 0 12 0 0 0 0 13 0 0 0 0 0 0 0 0 0 0 0 0 1 0 0 0 0 0 0 0 0 0 0 0 0 0 0 0 0 0 0 0 0 0 0 0 0 0 0 0 0 0 0 0 0 0 0 0 0 0 15 37 7 0 0 0 48 11 16 1 0 0 7 17 30 21 21 0 0 0 0 0 0 0 0 0 0 0 0 0 0 0 9 0 0 0 0 0 0 2 0 0 0 0 0 0 0 0 0 0 0 0 0 0 0 0 0 0 0 0 0 0 0 0 0 0 0 0 0 0 0 0 0 0 0 0 0 0 0 0 0 0 0 0 0 1 1 1 90 0 14 5 0 0 0 0 0 0 0 0 0 0 0 0 0 0 0 0 0 0 0 0 0 0 0 2 0 0 0 0 0 0 0 0 0 0 0 0 0 0 
 149 85 156 125 310 149 164 98 205 102 448 45 146 0 213 135 122 80 390 129 1 0 1 0 73 0 205 2 0 0 3 0 2 0 0 0 2 0 86 6 46 3 0 79 0 0 0 0 13 0 0 8 0 0 0 0 0 0 0 3 3 0 2 6 0 0 0 7 0 0 2 0 0 7 35 0 57 0 0 0 27 21 12 13 14 0 0 13 19 20 21 10 8 1 27 22 36 34 1 43 0 0 0 0 0 0 9 0 0 0 0 0 0 0 0 0 0 0 0 20 0 0 0 0 0 0 0 0 0 0 0 0 0 0 0 0 0 0 0 0 0 0 5 0 0 0 0 0 0 0 15 7 0 0 0 0 0 0 13 0 1 3 28 0 0 16 13 18 11 17 11 29 0 1 4 0 30 48 10 1 0 0 0 0 0 0 33 0 0 0 9 0 5 0 0 0 0 0 0 0 0 0 0 0 0 0 0 0 0 0 0 0 0 0 0 0 0 0 0 0 0 0 1 0 0 0 0 0 0 0 0 0 0 0 0 0 0 0 0 0 0 0 0 0 0 0 2 0 89 118 2 12 0 0 0 0 0 0 0 0 0 0 0 0 0 0 0 0 0 0 0 0 0 0 0 0 0 0 0 0 0 0 0 0 0 0 0 0 0 0 
 117 168 40 192 115 150 46 58 413 383 81 168 126 213 0 190 118 118 330 227 2 0 0 0 0 0 2 0 0 0 3 0 75 2 2 0 3 0 0 3 2 3 29 0 1 0 0 2 3 0 2 1 1 0 7 0 1 1 3 3 0 0 3 2 1 0 17 0 0 50 3 0 0 0 3 0 0 0 0 0 1 20 15 12 35 20 13 11 14 34 19 0 34 0 30 0 44 26 0 12 18 0 0 0 0 0 2 0 0 0 0 0 0 44 0 0 0 0 0 0 0 0 0 0 0 1 0 0 0 0 0 0 0 0 0 0 0 0 0 0 0 0 0 0 0 0 0 0 0 0 0 0 0 0 0 0 0 0 0 0 0 0 15 22 0 0 11 28 29 47 94 24 0 24 23 9 7 0 13 9 0 0 0 0 0 0 0 0 0 0 0 0 0 0 0 0 0 0 0 20 0 0 0 0 0 0 0 0 0 0 0 0 0 0 0 0 0 0 0 0 0 0 0 0 0 0 0 0 0 0 0 0 0 0 0 0 0 0 0 0 0 0 0 0 0 3 88 0 3 87 0 4 0 0 0 0 0 0 0 0 0 0 8 2 0 0 0 0 0 0 0 0 0 0 0 0 13 0 0 0 0 0 0 0 0 0 0 0 0 0 
 207 150 78 270 276 138 256 121 156 179 175 37 45 135 190 0 252 43 265 282 3 0 0 0 0 0 0 0 0 0 3 0 4 0 0 0 3 0 35 2 0 3 0 0 0 0 1 0 3 0 0 0 2 0 0 0 0 0 0 3 0 0 2 0 1 0 0 0 0 0 5 0 0 0 3 0 0 0 0 0 16 9 8 1 14 2 0 18 39 23 45 0 0 1 0 25 1 35 14 8 0 0 0 0 0 0 10 0 0 0 0 0 0 20 0 0 0 0 7 21 0 0 0 0 0 0 0 0 0 0 0 0 0 0 0 0 0 0 0 0 0 0 1 0 0 0 0 0 0 0 0 3 0 0 0 0 0 0 1 0 34 13 40 0 11 0 0 10 0 1 3 33 0 0 0 0 41 21 0 0 0 0 0 0 0 0 1 0 0 0 0 0 0 1 0 0 0 0 0 19 0 0 0 0 0 0 0 0 14 0 0 0 0 0 0 0 17 0 0 18 0 0 0 0 0 0 0 0 0 0 0 8 0 0 0 0 0 0 0 0 0 0 0 0 0 0 0 1 2 0 0 5 16 0 0 0 0 0 0 0 0 0 0 0 0 0 0 0 0 0 0 0 0 0 0 0 0 26 0 0 0 0 0 0 0 0 0 0 0 21 
 46 133 127 238 396 156 52 65 325 325 536 160 47 122 118 252 0 131 137 234 3 0 207 0 74 0 21 0 0 0 6 0 76 0 0 2 3 0 3 0 0 3 0 0 2 0 0 0 3 0 0 0 5 3 0 0 0 0 0 3 0 0 2 1 1 0 0 0 0 0 3 0 0 1 6 0 0 0 0 0 23 0 24 0 19 19 0 13 0 57 27 29 0 9 0 30 10 0 11 18 1 0 1 0 1 0 16 9 0 1 0 0 51 15 0 0 0 0 19 30 0 0 0 0 0 0 1 29 0 0 0 0 0 2 0 2 0 0 0 0 2 0 0 0 0 0 0 0 0 0 0 0 6 0 3 0 0 0 0 2 8 6 22 19 37 0 19 24 17 11 14 20 0 1 11 27 13 17 0 0 9 0 11 0 0 0 1 0 0 16 0 0 12 13 0 0 0 0 0 0 0 0 0 6 11 0 2 0 0 0 0 0 0 0 1 0 1 2 0 0 0 0 0 0 0 0 0 0 0 0 0 1 0 0 0 0 0 0 0 0 0 0 0 0 0 1 1 0 2 1 1 12 0 0 0 0 0 0 0 0 0 0 30 0 0 0 0 0 0 0 0 0 0 0 0 1 19 0 0 0 0 0 0 0 0 0 0 0 0 0 
 39 251 356 119 239 78 27 44 232 526 248 92 51 80 118 43 131 0 46 41 8 2 3 0 0 2 67 0 0 0 3 6 127 2 2 0 2 2 0 73 0 3 0 0 0 1 0 1 3 0 0 0 0 0 11 0 0 0 0 3 0 0 2 0 0 0 4 0 0 0 2 0 0 3 2 0 0 5 0 0 17 0 15 26 0 20 0 0 29 21 0 12 19 19 11 10 18 2 0 0 16 0 13 0 13 0 14 1 0 3 0 0 30 19 0 43 0 0 15 19 0 0 0 0 0 10 0 0 0 0 0 0 0 0 3 0 0 0 0 0 0 0 0 0 0 0 0 0 0 0 0 0 0 0 5 0 0 4 0 0 16 0 8 20 17 0 14 1 19 0 23 20 4 0 18 39 1 23 1 19 0 7 0 0 0 14 0 0 1 11 0 1 23 16 2 0 0 0 0 0 0 0 0 0 0 0 0 1 0 0 0 0 0 0 0 0 1 0 0 0 0 0 0 0 0 0 0 0 0 0 0 0 0 0 0 0 0 0 0 0 0 0 0 0 0 0 105 2 2 88 0 13 0 0 0 0 0 0 0 0 0 0 1 0 0 1 0 0 0 0 29 0 0 0 0 9 0 0 0 0 0 0 0 0 0 0 0 0 0 0 
 157 44 43 75 50 59 204 59 68 163 38 37 407 390 330 265 137 46 0 188 4 0 2 0 0 0 4 0 0 0 4 0 0 0 2 0 5 0 0 0 0 12 4 0 0 0 0 0 3 0 0 0 1 0 0 0 0 0 0 3 0 0 2 0 5 1 0 0 4 5 5 1 0 2 8 0 0 0 0 0 17 0 16 0 0 0 7 23 0 0 0 15 0 0 18 87 14 0 0 13 1 0 0 1 0 0 0 0 0 0 0 0 0 0 0 0 0 0 0 0 0 0 0 0 0 0 2 0 0 0 0 0 0 0 0 2 0 0 0 0 0 0 0 0 3 0 0 0 0 0 0 0 0 0 0 0 0 0 0 1 17 11 0 0 0 0 15 1 33 0 0 0 25 3 8 0 2 0 10 3 0 0 0 0 0 0 0 0 0 0 0 0 20 0 0 0 0 0 0 2 0 0 0 0 13 0 0 0 0 0 0 0 0 0 0 0 0 0 0 0 0 0 0 0 0 0 0 0 0 0 0 0 0 0 2 0 0 0 0 0 0 0 0 0 0 0 2 0 10 0 15 5 0 0 0 0 2 0 0 0 0 0 0 0 0 0 0 0 0 0 0 0 0 0 0 0 0 0 0 0 0 0 0 0 0 2 0 0 0 0 
 248 58 216 65 308 67 64 384 300 87 57 29 164 129 227 282 234 41 188 0 5 0 0 0 0 0 0 1 0 4 3 0 0 0 0 4 3 0 16 0 0 4 0 0 0 8 0 0 3 0 3 0 2 0 2 0 0 0 64 3 2 0 51 2 1 0 4 0 2 0 8 0 0 0 3 0 15 0 0 0 0 35 1 8 19 0 19 0 53 11 0 14 0 44 27 5 53 35 46 41 0 0 0 0 0 0 0 0 0 0 0 0 0 0 0 0 0 0 0 0 0 0 0 0 0 0 0 0 0 0 0 0 0 0 0 0 0 0 0 0 0 0 0 0 0 0 13 0 8 0 0 0 0 0 0 0 0 0 0 0 3 12 7 0 0 0 14 16 9 24 0 0 8 38 24 0 14 0 54 0 0 0 0 0 0 0 0 0 0 0 0 0 12 0 0 0 0 0 0 0 0 0 0 0 0 0 0 0 1 0 0 0 0 0 0 0 0 0 0 0 0 0 0 0 0 0 0 0 0 0 0 0 0 0 0 0 0 0 0 0 0 0 0 0 0 0 0 2 115 0 21 6 0 0 0 0 0 0 0 0 0 0 0 0 0 0 0 0 0 0 0 0 0 0 0 0 0 0 0 0 0 0 0 0 0 0 0 0 0 0 
 1 2 2 3 152 38 3 3 1 77 3 31 2 1 2 3 3 8 4 5 0 384 93 47 35 267 190 257 425 187 110 22 240 67 275 46 65 122 138 53 0 4 5 3 0 0 0 2 3 7 0 0 0 4 2 2 0 0 3 0 0 0 0 0 4 0 3 0 6 0 7 2 0 50 2 0 2 3 2 0 0 0 2 0 0 11 0 0 0 0 0 0 0 0 0 0 0 0 0 0 18 38 50 0 0 0 26 20 10 29 38 0 0 0 23 12 2 26 0 20 0 0 0 0 0 0 0 0 0 0 0 0 0 0 0 0 0 0 16 0 12 0 0 0 0 0 5 0 0 0 0 0 0 0 0 0 0 1 0 0 0 0 5 0 0 21 0 0 0 0 0 0 0 27 0 0 0 0 0 0 0 66 18 0 0 0 4 1 28 55 11 12 13 0 19 32 0 13 55 22 7 0 0 0 0 0 0 0 0 0 0 0 0 0 0 0 0 0 0 8 0 0 0 0 0 0 0 0 0 2 0 0 0 0 0 0 0 0 0 0 0 0 0 0 0 0 2 0 0 0 0 0 0 0 12 2 1 78 3 0 0 0 0 0 0 0 0 0 0 0 0 0 0 0 0 0 0 0 0 0 0 0 0 0 0 0 0 0 0 0 
 0 0 0 0 82 87 0 35 0 0 0 17 0 0 0 0 0 2 0 0 384 0 174 46 601 242 219 339 233 164 216 119 131 244 277 64 61 190 156 215 0 3 3 2 0 0 0 0 0 0 0 0 0 0 0 0 0 0 3 0 0 0 0 0 1 0 0 0 0 0 0 0 0 0 0 0 0 0 3 0 0 0 0 0 0 0 0 0 2 0 0 0 0 0 0 0 1 0 0 0 12 41 9 1 1 12 48 0 33 28 12 29 51 12 35 17 18 10 11 5 0 0 0 0 0 0 1 0 0 0 0 0 0 0 0 0 0 0 8 0 0 0 15 12 0 0 0 0 0 1 0 0 0 0 0 0 0 0 0 0 0 0 7 0 0 8 0 0 0 0 0 0 0 12 0 9 0 0 1 0 20 13 8 26 24 3 0 49 53 66 2 21 1 19 30 16 19 16 2 14 1 0 0 0 0 0 15 1 0 0 0 0 0 0 0 2 2 0 0 0 0 0 0 0 0 21 1 0 0 0 0 0 0 0 1 0 0 0 0 0 0 11 0 0 0 0 0 0 0 0 0 0 0 0 19 1 0 96 0 0 0 14 0 0 0 0 0 0 0 0 0 0 0 0 0 0 0 0 0 0 0 0 0 0 2 34 0 0 0 0 
 0 0 0 0 0 0 0 203 0 0 0 0 0 1 0 0 207 3 2 0 93 174 0 547 219 116 233 95 536 140 353 88 70 131 138 181 136 130 33 52 2 5 3 3 6 7 0 4 0 0 0 3 0 69 1 0 0 0 2 0 2 0 1 2 1 3 0 0 1 0 3 1 0 0 0 0 3 0 3 2 0 2 0 0 0 0 0 0 0 0 0 0 0 0 0 1 0 0 0 0 0 22 0 35 1 7 0 0 17 18 19 9 0 14 14 26 28 0 0 1 21 0 0 27 0 0 0 0 0 0 11 0 0 0 0 1 0 0 19 0 0 0 0 0 0 0 0 0 0 4 0 0 0 0 0 1 0 0 0 0 0 0 0 0 0 0 0 0 0 0 0 0 0 5 0 0 0 0 0 0 0 50 52 11 8 30 0 21 14 5 15 8 0 0 0 0 42 15 0 17 0 0 0 0 0 0 37 1 0 1 0 0 14 40 12 0 0 0 14 11 0 0 0 0 0 0 0 0 0 0 0 0 0 2 0 0 0 0 0 13 0 0 24 0 0 0 0 0 0 0 0 0 0 15 5 0 0 0 0 0 2 0 0 0 0 0 0 0 0 0 0 0 0 0 0 0 0 1 0 0 0 28 0 0 0 13 19 0 0 0 
 3 0 0 0 0 3 0 3 0 0 0 0 0 0 0 0 0 0 0 0 47 46 547 0 162 199 87 300 249 337 217 200 70 71 80 349 115 184 95 48 67 5 3 3 5 7 71 0 0 0 0 2 0 73 2 2 0 3 2 0 0 0 1 0 3 0 1 0 0 0 0 0 0 0 0 0 0 0 0 0 0 0 0 0 0 0 0 0 0 0 0 0 0 0 0 0 0 0 0 0 0 0 0 26 1 47 0 0 0 0 0 9 0 12 60 5 23 0 0 0 47 0 0 0 0 0 0 13 0 0 0 0 0 0 20 0 0 0 13 0 0 0 0 0 0 1 0 0 0 0 16 0 0 0 0 0 0 0 0 0 0 0 1 0 0 0 0 0 0 0 0 0 1 0 10 0 0 0 1 0 0 19 11 23 42 11 0 0 0 34 11 13 0 0 0 1 8 15 0 0 21 0 0 0 0 0 13 11 0 0 0 0 14 60 10 0 0 0 26 19 0 0 0 0 0 0 13 0 0 0 0 0 0 0 0 0 0 0 0 0 0 0 14 0 0 0 0 0 0 0 0 0 0 0 6 0 0 39 40 4 0 0 1 0 0 12 0 0 0 0 0 0 0 0 0 0 0 0 0 12 0 31 0 0 0 0 12 0 0 0 
 0 0 0 0 3 0 0 0 0 0 0 0 0 73 0 0 74 0 0 0 35 601 219 162 0 262 43 299 161 313 474 93 505 66 83 74 281 187 55 195 67 116 2 66 8 8 62 0 0 0 0 0 67 6 2 0 0 0 65 0 0 0 1 0 1 0 0 0 0 0 0 6 0 0 51 0 0 0 3 0 0 0 0 0 0 0 0 0 0 0 0 0 8 0 0 0 0 0 0 0 0 2 0 16 15 16 0 0 0 0 0 18 0 36 10 5 1 1 0 0 34 4 1 0 20 0 12 12 10 0 0 0 9 1 21 11 0 0 0 5 0 0 0 4 0 0 0 0 0 0 0 0 0 0 0 0 0 0 0 0 0 0 1 0 0 0 0 0 2 0 0 0 0 0 0 0 0 0 0 0 0 0 17 15 10 16 10 0 0 0 11 12 0 0 0 0 11 0 0 0 18 9 18 0 0 0 11 30 0 0 0 0 21 50 0 0 2 0 27 50 0 0 0 0 0 0 0 0 0 0 0 0 0 0 0 0 2 0 0 0 0 0 15 0 0 0 0 0 0 0 0 0 0 0 2 0 0 3 45 0 0 3 0 0 0 0 5 0 0 0 0 0 0 0 0 0 0 0 0 13 0 20 0 0 1 0 12 10 0 0 
 0 0 0 0 0 0 0 0 0 0 72 0 0 0 0 0 0 2 0 0 267 242 116 199 262 0 24 50 570 69 64 89 251 258 105 164 227 146 46 65 19 3 3 3 1 0 17 78 66 0 0 0 0 0 1 0 0 0 3 61 0 0 2 0 2 0 0 0 0 0 0 0 0 0 0 0 0 0 1 0 0 19 1 0 0 0 0 0 0 0 0 0 0 0 0 0 0 0 0 0 0 2 3 15 18 3 0 0 0 15 0 14 0 0 9 1 16 0 0 0 31 10 38 14 0 1 50 1 0 0 22 0 4 0 17 0 12 20 29 25 0 0 0 0 0 0 0 4 0 4 0 0 0 0 0 0 0 2 4 0 0 0 0 0 0 0 0 0 0 0 0 0 0 0 0 0 0 0 0 0 0 13 0 0 14 1 1 0 0 1 9 0 0 0 0 14 60 6 0 0 21 8 0 0 0 0 67 0 1 0 0 0 38 36 2 23 0 18 28 30 0 0 0 0 0 10 0 13 0 0 0 0 0 0 0 0 2 0 0 0 0 0 0 0 0 0 0 0 0 0 0 0 0 0 6 0 5 73 74 1 1 1 0 0 0 0 0 0 0 0 0 0 0 0 0 0 0 0 0 12 0 12 0 0 0 0 8 0 0 0 
 0 0 29 23 73 1 76 0 0 93 1 0 0 205 2 0 21 67 4 0 190 219 233 87 43 24 0 116 353 42 114 75 196 122 46 59 124 132 154 204 0 3 4 2 0 0 2 2 0 0 0 2 0 0 0 0 0 0 2 0 0 0 0 27 2 0 0 0 0 0 52 0 0 23 0 0 0 0 2 0 0 0 0 0 0 30 0 0 0 21 0 8 0 0 0 1 0 1 0 0 0 17 16 0 0 0 34 0 9 14 2 11 12 21 32 6 0 18 0 32 9 0 0 0 0 0 19 0 2 0 0 0 0 0 0 0 1 0 12 0 0 0 0 0 0 0 0 0 1 1 0 0 0 0 3 0 0 0 0 0 0 1 8 8 24 0 2 0 0 60 13 0 14 4 0 0 0 1 0 0 0 20 1 10 19 17 19 34 12 25 13 20 9 31 0 11 1 11 0 1 0 0 0 0 0 0 0 0 0 0 0 0 0 0 0 0 0 0 0 0 0 0 0 0 0 0 0 1 0 0 41 0 0 0 0 0 0 1 0 0 0 7 0 0 0 0 0 0 0 0 0 0 0 0 6 2 2 2 0 1 2 2 0 0 0 0 0 0 0 0 0 0 0 0 0 0 0 0 0 0 0 0 0 0 0 10 0 0 0 0 
 2 0 0 0 91 74 0 2 0 0 0 99 0 2 0 0 0 0 0 1 257 339 95 300 299 50 116 0 140 124 36 32 523 172 142 256 58 116 100 295 0 7 2 2 0 5 0 0 0 1 0 0 4 6 0 0 0 0 2 0 0 0 2 0 1 0 0 0 0 0 0 0 0 0 2 0 0 0 3 0 0 0 0 0 0 20 0 0 0 0 1 0 0 0 0 0 2 0 0 0 12 53 21 0 13 0 42 16 20 18 27 10 0 0 18 0 0 14 16 18 0 12 7 0 7 0 1 0 8 0 8 0 4 7 9 0 8 2 19 0 0 0 0 0 0 0 0 0 0 0 0 0 0 0 0 0 0 0 0 0 0 0 2 0 0 12 0 0 0 0 0 0 0 0 0 0 0 0 2 2 1 0 13 19 13 0 0 23 10 13 3 10 3 39 31 20 0 0 1 9 0 6 0 0 0 0 6 7 6 0 0 0 0 0 0 1 3 0 7 3 0 0 0 0 0 0 2 0 0 0 0 0 0 0 0 0 0 0 0 11 0 0 0 0 0 2 0 0 0 0 0 0 0 0 12 0 1 43 0 2 15 0 0 0 0 0 0 0 0 0 0 2 0 0 0 0 0 0 0 0 0 0 0 0 8 0 0 0 0 0 
 1 0 0 0 34 1 0 0 1 0 1 76 0 0 0 0 0 0 0 0 425 233 536 249 161 570 353 140 0 275 74 33 337 343 105 67 122 297 334 156 0 3 64 2 0 3 0 2 0 0 0 0 0 0 0 3 0 0 2 0 0 0 0 3 1 0 0 0 0 0 0 0 3 0 3 3 0 0 3 0 0 0 0 0 0 18 13 1 0 0 0 1 0 0 0 0 0 0 0 0 0 19 38 23 15 0 8 1 8 38 37 1 0 8 21 2 10 34 15 1 16 1 0 0 2 0 13 0 0 0 1 0 15 0 0 0 0 0 23 6 0 0 0 0 0 0 0 3 0 3 0 0 0 0 0 0 1 0 0 0 0 0 0 0 0 10 0 0 0 0 0 0 0 0 0 0 0 0 0 0 9 8 1 1 0 12 9 17 0 0 3 0 0 9 16 13 25 37 11 13 13 0 0 0 0 0 0 0 0 0 0 0 10 9 0 0 0 0 0 12 0 0 0 0 0 2 0 0 0 0 0 0 0 0 0 0 0 0 0 0 0 0 0 0 0 0 0 0 0 0 0 0 0 0 11 1 4 1 0 0 3 0 0 0 0 0 9 0 0 0 0 0 0 0 0 0 0 0 0 0 0 8 0 0 0 0 0 0 0 0 
 2 0 0 0 0 2 0 0 1 0 2 0 0 0 0 0 0 0 0 4 187 164 140 337 313 69 42 124 275 0 124 215 62 76 308 170 346 284 169 112 0 3 1 1 15 1 0 0 0 0 0 0 0 6 2 0 0 0 2 0 0 0 2 0 0 0 0 0 0 0 0 0 0 0 0 0 1 0 3 0 0 0 0 0 13 0 1 2 0 0 0 2 0 0 0 0 0 0 0 0 1 13 22 34 8 7 17 0 0 47 29 21 0 0 18 20 0 8 0 0 0 31 0 1 0 0 18 0 0 0 2 2 0 0 10 0 2 1 17 10 0 0 0 0 0 0 0 6 0 3 0 0 0 0 0 0 0 0 0 0 0 0 5 0 0 18 0 0 0 0 0 0 0 5 0 0 0 0 0 0 3 15 34 0 0 14 0 0 21 0 18 19 0 0 12 50 15 15 26 0 24 0 0 0 0 0 26 43 0 0 0 0 13 16 0 0 0 0 10 37 0 0 0 0 0 0 0 0 13 0 0 0 0 0 0 15 0 0 0 0 0 0 1 0 0 0 0 0 2 0 0 0 0 0 24 0 0 0 152 2 3 2 0 0 0 0 0 0 0 0 0 0 0 0 0 0 0 0 0 0 0 29 0 0 0 0 10 0 0 0 
 3 4 3 3 3 3 4 3 4 3 4 4 3 3 3 3 6 3 4 3 110 216 353 217 474 64 114 36 74 124 0 47 22 112 79 186 296 316 130 304 0 3 4 3 4 5 37 0 0 0 0 0 0 3 1 0 0 0 2 0 0 0 1 0 3 0 0 52 0 0 0 0 0 0 0 0 0 0 0 0 0 0 0 0 0 0 0 0 0 2 18 0 0 0 0 0 0 0 0 0 0 8 7 14 1 7 1 0 38 49 14 50 0 4 38 25 34 1 0 0 2 0 0 0 5 0 0 0 0 1 0 0 0 2 2 0 0 0 13 0 0 0 0 0 1 8 0 0 0 0 0 0 0 0 0 0 0 0 0 0 0 0 5 0 0 0 0 0 0 0 0 0 0 6 0 0 0 0 0 0 4 35 24 22 23 10 1 13 59 0 29 28 0 0 17 36 8 27 0 0 0 0 0 0 0 0 31 0 0 0 0 0 14 11 0 0 0 2 27 12 0 0 2 0 0 0 0 0 0 0 1 0 1 0 0 0 0 0 0 0 0 0 12 0 0 0 0 0 0 0 0 0 0 0 8 4 2 73 8 2 0 13 0 0 0 0 0 0 0 0 0 0 0 0 0 0 0 0 0 0 0 18 0 1 0 8 10 0 0 0 
 1 0 0 0 0 9 0 0 0 0 0 0 0 0 0 0 0 6 0 0 22 119 88 200 93 89 75 32 33 215 47 0 31 33 137 111 189 126 20 45 63 3 2 4 0 0 25 54 0 0 0 0 0 128 2 0 0 1 2 59 0 0 2 0 0 0 0 0 0 0 89 0 0 1 0 0 0 0 3 0 0 0 0 0 0 0 0 0 0 4 0 0 0 0 0 0 0 11 0 0 0 34 0 8 19 50 0 0 0 0 0 1 0 0 0 0 20 0 0 0 38 16 12 8 0 1 17 17 0 0 11 0 9 0 19 9 17 23 15 3 0 0 0 4 0 0 0 0 0 0 0 0 0 0 7 0 1 0 0 0 0 0 1 0 0 0 7 0 0 0 0 0 0 0 0 0 0 0 0 0 0 0 0 5 19 51 1 2 0 21 11 12 11 0 0 0 14 8 0 0 11 9 30 0 0 18 12 11 0 0 2 0 19 35 10 22 0 0 21 27 0 0 0 0 0 2 0 0 0 0 0 0 0 0 0 0 0 0 0 0 0 0 0 0 0 0 0 0 7 0 0 0 0 0 10 0 0 114 112 0 4 0 0 0 0 0 0 0 0 0 0 0 0 0 0 0 0 0 0 0 0 0 0 0 0 0 0 0 0 0 
 3 74 0 75 183 49 0 0 73 243 75 203 0 2 75 4 76 127 0 0 240 131 70 70 505 251 196 523 337 62 22 31 0 91 389 25 47 239 172 152 1 3 3 4 2 0 0 0 0 10 4 0 0 0 0 2 1 0 2 0 3 0 3 2 3 0 0 0 2 0 0 2 0 0 4 0 0 0 1 1 0 0 0 0 9 31 0 0 0 29 34 18 0 0 0 0 0 0 0 0 35 1 39 0 0 0 19 31 25 36 34 12 43 19 0 9 0 8 37 32 0 0 0 0 0 0 0 0 13 0 0 0 0 0 0 0 0 0 0 1 28 2 0 0 9 0 1 0 0 0 0 0 0 0 0 0 0 0 0 0 0 0 1 21 18 0 0 1 0 0 0 9 0 0 0 20 0 0 0 0 10 0 32 20 0 0 9 10 64 33 11 0 30 3 41 0 0 1 17 37 0 0 0 0 0 0 0 0 0 0 0 0 0 0 1 0 0 0 0 0 0 0 0 0 0 0 0 0 0 0 0 0 0 0 0 0 0 0 0 0 0 0 0 0 0 0 0 0 0 0 0 0 0 0 6 0 2 82 2 2 13 1 0 48 0 0 0 0 0 0 2 0 0 0 0 0 2 0 0 0 0 0 0 0 0 0 0 0 0 0 
 0 2 1 77 1 33 0 1 0 0 1 0 0 0 2 0 0 2 0 0 67 244 131 71 66 258 122 172 343 76 112 33 91 0 317 231 171 82 241 207 0 3 74 3 0 0 4 2 0 0 2 0 0 0 4 0 0 0 2 0 0 0 0 0 1 0 3 4 0 0 0 3 0 0 7 0 0 0 8 0 0 0 0 17 21 0 0 0 0 0 0 0 0 0 0 0 0 0 0 1 12 11 0 18 3 1 0 13 38 29 45 21 0 12 19 10 55 14 1 28 0 0 0 0 0 0 0 0 0 0 0 0 0 0 0 0 0 0 0 14 0 0 0 0 0 0 0 0 0 0 0 0 2 0 0 0 0 0 0 0 0 0 0 0 0 0 0 0 0 0 0 0 0 0 0 0 0 0 0 0 39 22 38 14 15 0 24 9 34 27 0 23 0 1 18 28 8 11 24 20 0 0 0 0 0 0 0 0 0 0 0 0 0 0 0 0 1 0 18 0 0 0 0 0 0 0 0 0 0 0 0 2 0 0 0 0 0 0 0 0 0 0 1 0 0 0 0 0 0 0 0 0 0 0 6 2 0 162 0 0 2 11 0 0 0 0 0 0 0 0 0 0 0 0 0 0 12 0 0 0 0 0 0 0 0 0 0 0 0 0 
 0 0 0 0 68 76 8 0 0 1 1 136 0 0 2 0 0 2 2 0 275 277 138 80 83 105 46 142 105 308 79 137 389 317 0 195 473 91 100 365 0 3 3 3 0 0 5 6 3 2 0 0 2 4 3 2 0 0 17 0 0 0 0 0 2 0 0 2 0 0 0 0 0 2 0 6 2 0 3 0 0 12 0 2 0 10 0 0 0 0 3 22 0 0 0 0 0 0 0 0 23 9 0 0 14 10 31 3 37 0 35 31 21 6 9 20 34 15 21 29 7 0 0 0 0 0 0 0 0 0 0 0 0 0 1 0 0 0 0 0 0 0 0 0 0 0 0 0 0 0 2 0 2 0 1 0 0 0 0 0 0 0 0 0 19 32 0 0 0 0 0 0 0 0 0 0 0 0 0 0 6 10 23 40 38 1 13 88 12 34 27 28 0 36 53 15 46 16 0 3 0 0 0 0 0 0 11 0 0 0 0 0 0 0 0 0 0 0 0 0 0 0 0 0 0 0 0 0 0 0 0 0 0 0 0 0 0 0 0 0 0 13 0 0 0 0 0 0 0 0 0 0 0 0 7 1 2 82 0 0 16 13 0 0 0 0 0 0 0 0 0 0 0 0 0 0 0 0 0 0 0 0 0 0 0 0 0 0 0 0 
 2 0 0 0 0 3 0 0 0 1 0 0 0 0 0 0 2 0 0 4 46 64 181 349 74 164 59 256 67 170 186 111 25 231 195 0 151 136 118 166 66 3 73 2 0 7 67 0 0 1 1 0 0 0 1 0 0 0 5 0 0 0 2 4 1 0 0 3 0 0 0 0 0 0 6 5 0 1 2 0 0 0 0 0 0 2 0 0 0 0 0 0 0 0 0 0 0 0 0 0 1 62 15 16 14 68 1 9 46 20 47 6 24 9 13 0 80 35 0 0 8 0 0 0 0 1 0 0 0 0 0 0 0 0 31 0 0 0 0 11 0 0 0 0 0 0 0 0 0 0 0 0 0 0 0 0 0 0 0 1 0 0 1 0 0 8 0 0 0 0 0 0 0 0 0 0 0 0 0 0 27 14 36 17 30 0 11 8 14 33 17 14 1 0 28 19 17 28 18 13 37 0 0 0 0 0 0 0 0 0 0 3 3 22 0 0 0 0 48 0 0 0 0 0 0 0 0 0 0 0 0 0 0 0 0 0 0 0 0 0 0 0 2 0 0 0 0 0 0 0 0 0 0 0 18 0 0 72 0 1 2 12 0 0 0 0 0 0 0 0 0 0 0 0 0 0 0 0 0 16 0 0 0 0 0 0 0 0 0 0 
 4 3 3 5 3 3 76 3 2 3 3 3 3 2 3 3 3 2 5 3 65 61 136 115 281 227 124 58 122 346 296 189 47 171 473 151 0 75 42 73 130 6 2 2 1 5 63 0 0 0 3 4 82 6 3 0 2 2 94 0 0 0 2 0 0 5 0 2 0 0 4 0 61 0 0 0 0 1 3 0 0 0 0 0 0 0 0 0 0 0 0 0 0 0 0 0 0 0 0 0 0 14 0 31 37 31 0 0 47 6 0 8 0 0 0 0 28 0 0 0 21 7 0 0 0 0 33 16 0 0 0 0 17 0 50 0 0 0 28 14 0 0 0 0 0 2 0 9 0 3 0 0 0 0 0 0 0 0 0 0 0 0 0 0 0 0 0 0 0 0 0 6 2 0 0 0 0 0 0 0 5 21 1 23 35 8 0 0 10 29 6 10 0 0 0 9 10 74 0 0 16 0 0 0 0 0 19 0 0 5 0 0 4 42 0 0 0 0 43 1 0 0 0 0 0 0 0 0 0 0 0 0 0 0 17 0 0 0 0 0 0 0 37 0 0 0 2 0 0 0 0 0 0 0 5 0 0 42 2 0 3 1 0 2 0 0 1 0 0 0 0 0 0 0 0 0 0 0 0 9 0 34 0 0 0 1 14 0 0 0 
 0 0 0 0 0 2 0 0 0 2 0 0 0 0 0 0 0 2 0 0 122 190 130 184 187 146 132 116 297 284 316 126 239 82 91 136 75 0 248 80 0 4 2 2 7 4 0 0 0 0 1 1 0 3 2 0 0 0 2 0 0 0 37 0 2 0 0 0 0 0 0 0 0 0 0 0 0 0 2 0 0 1 0 0 0 0 0 0 0 0 0 0 0 0 0 1 0 0 0 0 0 1 0 39 0 23 18 0 15 3 20 47 0 32 38 16 13 13 1 2 39 0 0 0 0 0 0 18 0 0 0 0 0 0 0 2 0 0 32 0 0 0 0 0 0 0 0 0 0 0 0 0 0 0 0 2 0 0 0 0 0 0 3 0 0 0 0 0 0 0 0 0 0 0 0 0 0 0 0 0 33 4 34 24 17 18 0 0 0 0 3 43 0 0 29 17 5 0 1 0 3 0 0 0 0 0 14 3 0 2 0 0 11 72 0 0 0 0 0 33 0 0 0 0 0 0 0 0 0 0 0 0 0 0 10 0 0 0 0 0 0 0 16 0 0 0 0 0 0 0 0 1 0 0 11 3 0 84 5 0 6 11 0 0 0 0 0 0 0 0 0 0 0 0 0 0 0 0 0 0 0 9 0 0 0 19 22 0 0 0 
 95 0 30 19 1 109 74 0 0 17 0 0 0 86 0 35 3 0 0 16 138 156 33 95 55 46 154 100 334 169 130 20 172 241 100 118 42 248 0 135 2 3 2 2 0 0 6 2 0 0 0 0 3 7 1 0 0 0 2 0 51 0 0 24 0 0 0 1 0 6 0 0 0 0 0 0 0 0 3 0 0 0 6 4 3 0 0 0 12 0 16 7 0 0 0 0 0 32 0 0 14 77 9 0 0 0 11 21 0 0 1 0 0 6 0 12 1 0 32 48 0 0 0 0 0 0 2 0 0 0 0 0 0 0 9 0 0 0 0 0 0 0 3 0 0 0 0 0 2 0 0 6 0 0 0 0 0 0 19 0 0 0 50 1 31 0 0 0 0 10 0 12 0 25 0 0 9 0 0 0 17 13 35 29 11 0 13 11 17 14 0 22 0 29 0 12 1 13 0 8 0 0 0 0 0 0 0 0 0 0 0 0 0 0 0 0 0 0 0 0 0 0 0 0 0 0 0 2 0 0 0 0 0 0 0 2 0 1 0 0 0 10 0 0 0 0 0 0 0 0 0 0 0 0 6 2 0 42 1 1 0 2 0 0 0 0 0 0 0 0 0 0 0 0 0 0 4 15 0 0 0 0 0 0 0 0 0 0 0 0 
 2 1 0 0 182 2 0 0 62 1 68 164 0 6 3 2 0 73 0 0 53 215 52 48 195 65 204 295 156 112 304 45 152 207 365 166 73 80 135 0 0 3 64 2 0 10 2 0 0 0 0 4 0 0 0 0 0 0 2 0 0 0 0 0 2 0 0 0 0 0 0 0 0 0 0 0 0 0 2 0 0 0 0 0 0 35 0 2 0 0 0 3 0 0 0 0 0 0 0 0 9 4 0 1 5 3 35 16 55 1 18 33 23 7 18 26 22 53 29 27 0 1 0 0 0 0 22 0 0 0 2 0 0 0 0 0 0 0 0 0 0 0 0 0 0 0 0 0 0 0 0 0 0 0 0 0 0 0 0 0 0 0 0 10 12 38 0 0 0 0 0 1 0 0 0 0 0 0 0 0 19 0 20 28 38 27 27 54 15 0 0 25 1 36 35 10 90 1 7 26 0 0 0 0 0 0 0 0 0 0 0 0 15 0 0 0 0 0 0 0 1 0 0 0 0 0 0 0 12 0 0 0 0 0 0 0 0 0 0 0 0 4 0 0 0 2 0 0 0 0 0 0 0 0 0 0 1 157 2 2 12 11 0 0 0 0 11 2 0 0 0 0 0 0 2 0 0 0 0 0 0 0 0 0 0 0 0 0 0 0 
 0 0 2 0 0 0 3 0 0 0 0 0 0 46 2 0 0 0 0 0 0 0 2 67 67 19 0 0 0 0 0 63 1 0 0 66 130 0 2 0 0 116 95 53 269 23 179 84 44 101 62 332 174 52 99 155 48 59 96 134 2 0 0 2 0 0 0 0 0 0 20 0 0 2 4 1 0 0 9 0 0 0 0 0 0 0 0 0 0 0 0 0 0 0 0 0 0 0 0 0 0 0 0 0 14 9 0 0 0 0 0 0 0 0 0 0 31 0 0 13 12 0 7 0 0 0 0 19 0 2 0 6 20 0 23 9 0 0 22 26 0 0 0 0 0 0 0 0 0 0 0 0 0 0 0 0 0 0 0 0 0 0 0 0 0 0 10 0 0 0 0 0 0 0 0 0 11 0 0 0 0 0 0 0 23 17 0 0 0 1 5 0 0 0 0 0 0 0 0 0 14 8 0 12 0 4 0 1 0 30 15 19 9 36 0 7 0 2 14 7 0 0 0 0 0 10 0 0 0 0 0 0 0 4 0 0 0 0 0 26 0 0 0 0 0 0 0 0 0 0 0 0 0 0 0 0 0 62 0 0 2 0 71 0 0 3 0 0 0 0 14 0 0 0 0 0 0 0 0 15 0 0 0 0 0 0 0 0 1 0 
 13 3 3 3 3 3 3 3 3 3 3 3 7 3 3 3 3 3 12 4 4 3 5 5 116 3 3 7 3 3 3 3 3 3 3 3 6 4 3 3 116 0 309 133 69 65 165 88 110 183 49 121 176 120 355 39 67 387 305 99 0 0 0 0 0 0 0 0 0 0 0 0 0 3 0 0 0 0 56 0 0 0 0 0 0 0 1 0 0 0 0 0 0 0 0 0 0 0 4 2 0 0 0 0 0 0 0 0 0 0 0 0 0 0 0 0 0 0 0 0 0 22 0 2 28 0 0 11 28 0 0 0 11 1 12 4 31 4 0 0 0 0 0 1 0 23 0 0 0 0 0 0 0 0 0 0 1 0 0 11 4 0 0 0 0 0 1 0 0 12 0 0 17 2 0 0 6 0 0 0 0 0 0 0 0 0 0 0 0 6 0 0 0 0 0 0 0 0 0 0 18 9 15 32 13 19 0 34 0 12 37 0 0 0 28 18 10 17 10 17 0 7 0 0 0 0 7 0 0 0 0 0 0 0 0 0 0 0 7 0 0 0 34 0 0 0 0 0 0 0 0 17 0 2 0 0 0 0 0 2 0 0 0 0 0 2 2 1 1 0 0 0 0 0 0 0 0 0 0 0 0 3 0 0 0 2 0 0 2 0 
 0 0 0 0 1 0 0 0 0 0 0 0 0 0 29 0 0 0 4 0 5 3 3 3 2 3 4 2 64 1 4 2 3 74 3 73 2 2 2 64 95 309 0 377 410 253 297 105 79 546 107 25 354 333 131 70 139 205 31 94 2 0 2 0 0 0 55 8 0 1 0 0 50 3 8 0 1 0 0 2 0 0 0 0 0 0 0 0 0 0 0 0 0 0 0 0 0 0 0 0 0 0 0 0 19 0 0 0 0 0 22 0 0 0 13 0 17 3 0 0 0 23 0 41 3 0 0 31 48 1 0 4 0 9 0 62 0 19 0 0 0 15 0 0 0 0 0 0 0 0 12 0 0 0 0 0 0 0 3 19 0 0 0 17 0 0 0 0 0 0 0 0 0 0 0 0 0 0 0 5 0 0 0 9 0 0 5 8 0 0 0 0 0 0 1 0 19 0 3 12 17 0 31 13 14 22 0 13 10 21 19 0 0 0 40 0 7 26 0 0 18 0 0 0 0 0 16 1 0 10 0 0 19 14 14 0 0 0 21 0 0 0 0 0 0 0 1 0 0 0 0 11 0 0 0 0 1 0 0 1 0 0 3 0 0 3 0 64 0 0 0 0 0 0 0 0 0 0 0 0 0 0 5 0 2 16 0 0 2 0 
 80 0 0 0 0 0 0 0 0 0 67 0 0 79 0 0 0 0 0 0 3 2 3 3 66 3 2 2 2 1 3 4 4 3 3 2 2 2 2 2 53 133 377 0 539 114 110 97 85 301 52 43 279 98 49 110 45 133 165 60 0 0 0 1 3 2 50 0 1 1 5 0 0 0 1 0 0 7 18 0 0 13 0 18 0 10 0 0 0 0 12 11 7 0 0 0 20 34 0 0 0 0 0 0 0 0 0 0 0 0 0 0 0 0 0 0 0 0 0 0 0 12 0 24 0 0 0 0 0 0 0 9 0 80 0 10 14 0 0 0 8 0 18 16 0 3 10 0 6 0 0 0 34 0 0 0 2 0 19 29 0 0 0 0 0 15 0 1 1 8 0 10 0 0 0 0 0 0 0 0 0 0 0 0 0 0 0 0 0 0 0 0 0 0 0 0 0 0 0 0 10 8 0 27 13 8 0 0 4 0 2 6 0 0 25 15 18 7 0 0 0 0 16 14 4 45 7 4 0 4 0 0 10 0 1 17 4 0 27 0 0 0 28 0 0 0 0 0 0 0 0 5 0 1 0 0 0 0 0 14 0 21 3 65 75 14 2 2 0 0 9 0 0 0 0 0 0 0 0 0 0 2 0 0 0 7 0 0 0 0 
 0 0 2 0 0 3 0 0 0 0 0 0 0 0 1 0 2 0 0 0 0 0 6 5 8 1 0 0 0 15 4 0 2 0 0 0 1 7 0 0 269 69 410 539 0 281 510 191 160 386 107 116 295 103 226 134 90 104 506 80 0 0 66 0 0 0 115 0 0 0 0 0 69 0 54 0 4 53 0 0 0 0 10 0 0 0 0 0 0 0 0 0 0 0 0 0 0 0 0 0 0 0 0 0 0 7 0 0 2 0 0 7 0 0 0 13 0 0 0 0 0 0 10 35 7 10 0 0 9 14 27 8 0 17 0 0 7 5 0 0 0 0 11 0 0 0 0 10 6 0 1 0 0 0 0 0 0 0 14 43 5 0 0 0 0 0 0 0 0 0 0 0 0 0 0 0 0 0 0 0 0 0 10 6 9 11 0 0 0 0 0 0 0 0 0 0 0 7 0 0 4 0 21 10 9 44 6 0 0 24 27 0 6 0 17 16 6 24 0 0 20 0 0 0 0 0 3 6 0 6 10 0 24 20 1 15 1 0 8 39 0 0 10 0 0 0 0 0 0 0 0 6 0 0 0 0 0 0 0 2 0 0 69 0 2 4 3 39 0 0 10 0 0 7 0 0 0 0 0 0 0 5 0 0 0 0 0 0 1 0 
 0 0 0 0 0 0 0 0 0 0 0 0 0 0 0 0 0 1 0 8 0 0 7 7 8 0 0 5 3 1 5 0 0 0 0 7 5 4 0 10 23 65 253 114 281 0 261 37 57 70 70 53 39 78 43 272 62 48 39 62 47 1 55 0 1 3 55 3 1 0 6 0 37 1 52 1 0 52 76 59 0 0 0 0 0 0 0 0 0 0 0 0 0 0 0 0 0 0 0 0 0 0 0 0 0 10 0 0 5 0 0 5 0 0 0 13 4 0 0 0 0 0 0 0 1 8 0 0 0 0 0 6 0 0 0 0 0 0 0 0 14 16 30 0 0 0 23 28 29 45 11 0 8 16 0 20 0 12 20 11 8 0 0 0 0 0 0 0 0 0 0 0 0 0 0 0 0 0 0 0 0 4 6 7 20 8 0 11 4 0 0 0 0 0 0 0 0 7 0 0 0 0 0 1 13 0 7 0 0 0 0 0 6 0 0 0 0 0 4 0 23 8 20 0 0 0 16 42 14 7 15 0 22 11 4 42 63 0 12 0 0 0 8 0 0 0 0 0 0 0 0 6 0 0 0 0 0 0 0 0 0 0 9 0 34 1 0 4 0 0 11 0 0 8 0 0 0 0 0 0 0 4 0 0 0 0 0 0 0 0 
 0 0 4 0 0 0 0 0 0 2 0 0 0 0 0 1 0 0 0 0 0 0 0 71 62 17 2 0 0 0 37 25 0 4 5 67 63 0 6 2 179 165 297 110 510 261 0 132 155 268 265 55 185 74 58 116 31 98 112 386 0 0 0 2 0 0 16 0 0 0 0 0 0 1 0 0 0 0 0 0 0 0 0 0 0 0 0 0 0 0 0 6 0 0 0 0 0 0 0 0 0 0 0 10 25 28 0 0 0 0 0 0 7 2 9 0 10 0 1 0 10 18 6 0 19 0 1 0 10 1 21 0 13 16 28 13 40 0 40 9 0 0 0 0 11 6 0 0 0 0 0 0 0 0 0 0 3 0 0 0 0 0 0 0 4 4 0 0 2 6 0 0 0 0 0 0 0 0 0 0 0 0 0 0 16 0 3 0 0 0 0 0 0 0 0 0 4 9 0 0 11 16 0 0 0 0 26 18 39 0 0 8 6 4 0 0 21 0 30 10 0 0 0 0 0 0 0 0 0 0 0 0 0 0 0 0 0 0 15 0 0 8 0 0 0 0 0 0 0 27 0 9 0 1 0 0 0 64 0 14 0 0 1 66 2 12 3 0 0 0 0 0 0 0 0 0 0 11 0 12 0 0 0 0 9 0 0 0 1 0 
 0 0 2 0 0 2 0 0 0 2 0 0 0 0 2 0 0 1 0 0 2 0 4 0 0 78 2 0 2 0 0 54 0 2 6 0 0 0 2 0 84 88 105 97 191 37 132 0 230 102 42 31 317 158 209 244 44 51 53 138 0 0 0 2 2 0 6 0 0 0 2 0 0 0 0 3 0 0 0 0 0 0 0 0 0 0 0 0 0 0 0 8 0 0 0 0 0 0 0 0 0 0 0 0 0 0 1 0 16 0 0 0 1 2 5 0 0 0 0 0 9 0 57 5 10 14 22 14 26 33 11 15 0 1 0 13 17 25 0 8 0 0 0 4 0 0 1 0 0 0 0 0 1 0 0 0 0 0 2 0 0 0 0 0 3 5 0 0 1 8 0 0 0 0 0 0 0 0 0 0 21 0 0 0 0 10 23 1 14 0 0 0 0 1 0 0 1 0 0 0 0 1 39 0 0 19 28 1 0 3 14 1 18 55 67 24 0 20 10 2 0 0 0 0 0 0 0 2 0 0 0 0 10 0 21 0 0 0 13 22 0 7 7 0 0 0 0 0 0 7 0 4 0 2 0 0 0 0 0 2 0 0 0 2 2 3 0 64 0 0 0 0 0 29 0 0 0 0 0 0 0 0 0 0 0 0 0 0 2 0 
 3 3 3 3 3 3 3 3 3 3 3 3 3 13 3 3 3 3 3 3 3 0 0 0 0 66 0 0 0 0 0 0 0 0 3 0 0 0 0 0 44 110 79 85 160 57 155 230 0 152 37 245 176 149 519 49 117 133 189 255 0 2 21 27 3 0 15 0 0 0 0 0 0 2 0 0 0 0 7 0 0 0 0 0 0 0 0 0 0 0 0 0 0 0 0 0 0 0 0 0 0 0 0 0 0 0 0 0 0 0 0 0 0 0 0 0 0 0 0 0 0 0 73 10 34 14 10 0 14 22 50 18 13 8 11 0 22 4 0 7 0 21 0 0 0 5 1 2 0 0 0 0 0 5 0 3 0 3 7 1 0 0 0 0 0 0 0 0 0 0 0 0 0 0 0 0 0 0 0 1 0 0 0 0 0 1 0 0 0 0 1 0 0 0 0 0 0 0 0 0 0 6 23 1 0 27 57 15 55 8 23 6 7 0 25 49 0 10 28 0 18 0 0 0 0 5 0 0 18 0 0 0 1 9 21 25 0 0 8 21 0 0 0 0 0 0 0 0 0 2 0 8 25 2 1 0 0 2 0 2 0 0 2 1 0 0 0 1 1 0 0 0 0 0 0 0 0 0 0 0 0 0 22 0 10 0 0 0 2 0 
 0 0 0 0 0 0 0 0 0 0 0 0 0 0 0 0 0 0 0 0 7 0 0 0 0 0 0 1 0 0 0 0 10 0 2 1 0 0 0 0 101 183 546 301 386 70 268 102 152 0 110 166 161 121 376 179 47 34 128 160 64 0 0 0 0 3 3 52 0 0 0 3 0 5 0 0 0 0 5 0 0 0 0 0 0 5 0 0 0 0 0 0 0 0 0 0 0 0 0 0 6 2 5 0 0 0 0 9 0 3 5 0 0 0 0 0 20 3 0 0 0 2 35 0 20 4 0 16 1 23 19 19 1 15 1 0 22 0 0 11 0 0 0 0 0 3 0 0 0 0 0 0 23 20 0 4 15 0 0 0 0 0 0 0 0 0 0 0 0 0 0 0 0 0 0 0 2 0 0 0 0 55 0 0 0 0 0 0 0 0 9 0 3 0 2 0 0 0 3 6 0 24 13 19 0 0 8 20 13 4 15 17 0 0 15 37 1 3 0 0 10 2 0 0 0 0 18 1 0 0 1 0 0 0 0 0 0 0 2 27 0 0 24 0 0 0 0 0 0 0 0 1 0 2 0 0 0 0 0 0 0 0 2 0 0 2 2 0 0 0 15 0 0 0 0 0 0 0 0 0 0 3 0 0 21 6 0 0 2 0 
 0 0 0 0 0 0 0 0 0 0 0 0 0 0 2 0 0 0 0 3 0 0 0 0 0 0 0 0 0 0 0 0 4 2 0 1 3 1 0 0 62 49 107 52 107 70 265 42 37 110 0 251 99 46 68 128 132 200 91 125 19 4 0 0 0 0 51 52 32 0 0 10 0 0 0 0 0 0 10 1 0 0 0 16 0 0 0 0 0 0 1 0 0 0 0 0 0 0 0 0 0 0 0 0 0 0 0 0 0 0 0 0 0 0 0 0 0 0 0 0 0 27 0 0 13 22 0 30 24 0 13 4 0 0 0 0 1 1 0 2 0 13 32 0 0 0 9 0 0 0 3 0 18 15 0 11 23 0 0 0 0 0 0 0 0 0 0 0 0 2 0 0 26 0 0 0 1 0 0 0 0 0 0 0 0 0 0 0 0 0 0 0 0 0 0 0 0 0 0 0 0 1 5 0 29 1 0 16 0 14 1 36 0 0 0 0 16 6 0 0 11 16 0 0 0 0 26 0 0 0 3 0 7 0 11 11 2 0 33 28 0 0 0 0 0 0 0 0 0 0 0 14 0 0 0 0 0 0 0 12 0 0 0 0 2 0 1 0 0 0 0 0 0 0 0 0 0 0 0 0 0 0 0 0 15 15 0 0 1 0 
 0 0 0 0 0 0 0 0 0 0 0 0 0 8 1 0 0 0 0 0 0 0 3 2 0 0 2 0 0 0 0 0 0 0 0 0 4 1 0 4 332 121 25 43 116 53 55 31 245 166 251 0 311 35 153 80 208 131 44 114 51 3 0 0 0 4 0 2 0 0 0 0 51 0 0 2 0 0 54 0 0 0 0 0 0 0 0 0 0 0 0 0 0 0 0 0 0 0 0 0 0 0 9 0 0 0 0 0 0 0 0 0 0 0 0 0 0 0 0 0 0 18 0 9 55 11 0 14 30 7 0 28 0 0 0 0 16 7 0 0 0 0 2 0 0 0 2 1 1 10 0 0 28 54 0 9 47 0 0 0 0 0 0 0 0 0 0 0 46 3 0 0 4 0 0 0 6 0 0 0 0 0 0 15 0 0 0 0 0 0 0 0 0 0 0 0 0 0 0 0 0 0 23 20 14 33 0 8 0 22 44 14 0 0 14 0 0 31 0 0 14 33 0 0 0 0 5 0 0 5 1 0 18 14 0 0 0 0 32 19 0 0 0 0 0 1 0 0 0 0 0 16 0 0 0 0 0 0 0 17 0 0 31 0 1 0 0 2 1 0 11 0 0 0 0 0 0 0 0 0 0 0 0 0 1 0 0 0 1 0 
 2 1 0 2 3 2 3 0 0 2 3 1 1 0 1 2 5 0 1 2 0 0 0 0 67 0 0 4 0 0 0 0 0 0 2 0 82 0 3 0 174 176 354 279 295 39 185 317 176 161 99 311 0 363 35 51 50 105 288 165 0 0 0 49 0 0 0 3 0 0 3 3 4 54 0 0 1 7 5 0 0 0 0 0 0 0 0 0 0 0 0 0 0 0 0 0 0 17 0 0 0 0 0 0 0 26 0 0 0 0 0 0 0 0 0 0 0 0 0 0 10 28 0 10 20 0 5 31 25 1 0 26 11 0 10 2 26 0 45 12 0 0 3 6 0 11 0 0 3 0 0 0 0 0 0 0 3 0 0 0 0 0 0 0 0 0 0 0 0 0 0 0 0 0 0 0 0 0 0 0 0 0 0 0 7 23 0 0 0 0 0 1 0 7 0 0 0 0 0 0 0 21 0 0 0 0 0 32 2 20 0 0 0 10 0 1 22 13 22 23 0 0 3 8 0 7 0 0 0 0 0 0 0 0 0 0 0 0 4 20 0 0 0 0 0 0 0 0 0 0 0 9 0 11 0 0 0 0 2 0 0 0 0 0 2 1 0 0 2 0 7 0 0 0 0 0 0 0 0 0 0 0 0 0 0 7 0 0 0 0 
 3 31 0 0 0 0 0 0 0 0 0 0 0 0 0 0 3 0 0 0 4 0 69 73 6 0 0 6 0 6 3 128 0 0 4 0 6 3 7 0 52 120 333 98 103 78 74 158 149 121 46 35 363 0 329 319 96 36 224 320 2 3 0 0 4 6 0 0 10 1 11 12 0 1 0 0 4 2 1 0 0 0 0 0 0 0 0 11 0 0 0 0 0 0 0 0 0 0 0 0 0 0 0 20 0 8 0 0 3 0 0 1 0 0 0 17 2 0 0 0 9 18 0 25 6 0 18 10 0 0 15 1 14 22 0 2 0 24 0 10 0 0 0 0 0 0 0 0 0 0 0 0 0 0 0 0 0 0 1 17 0 0 0 0 0 31 0 0 0 0 0 0 0 0 1 0 0 0 0 0 0 3 4 3 15 27 0 0 2 0 0 0 0 0 0 0 0 6 0 0 4 2 20 18 0 6 4 0 2 0 2 9 10 12 22 7 9 1 2 0 0 0 0 0 0 0 0 0 0 0 0 0 0 0 1 0 0 0 0 0 0 0 25 0 0 0 0 0 0 0 0 5 0 0 0 0 0 0 0 0 0 0 0 0 1 2 1 5 0 0 0 0 0 0 0 0 0 0 0 1 0 1 0 0 6 9 0 14 1 0 
 0 8 64 0 0 0 5 8 1 0 0 0 0 0 7 0 0 11 0 2 2 0 1 2 2 1 0 0 0 2 1 2 0 4 3 1 3 2 1 0 99 355 131 49 226 43 58 209 519 376 68 153 35 329 0 230 75 47 76 118 0 0 3 0 0 0 5 1 1 0 1 0 2 0 2 0 0 1 0 2 0 3 5 10 0 0 7 0 4 0 0 0 4 11 4 0 5 0 5 0 0 0 0 0 0 0 0 0 0 0 0 18 0 0 0 0 0 0 0 0 0 0 41 15 1 0 19 0 18 36 0 23 0 21 0 1 60 18 0 0 0 0 1 1 2 0 0 0 0 0 0 2 1 0 0 0 1 0 3 0 0 0 0 5 0 0 5 7 16 0 4 0 10 3 11 4 0 0 0 4 0 0 0 0 0 0 0 0 0 0 0 0 0 0 0 0 0 0 0 0 1 4 27 10 0 1 23 0 0 18 23 14 13 0 19 13 0 7 0 0 0 0 0 1 2 0 0 1 0 2 0 1 1 1 24 0 1 0 8 45 0 0 0 0 0 0 5 0 0 26 0 12 0 1 0 0 0 0 2 11 0 0 88 65 0 3 0 69 0 0 7 0 0 0 0 1 0 0 0 0 0 0 0 0 0 0 0 0 1 2 
 0 0 0 0 0 0 0 0 2 0 0 0 0 0 0 0 0 0 0 0 2 0 0 2 0 0 0 0 3 0 0 0 2 0 2 0 0 0 0 0 155 39 70 110 134 272 116 244 49 179 128 80 51 319 230 0 211 94 109 176 0 0 5 0 0 0 0 0 0 0 0 0 83 2 0 0 0 0 5 0 0 0 16 0 0 0 0 6 0 0 0 0 0 0 0 0 0 0 0 0 0 0 0 0 0 17 0 0 0 0 0 0 0 0 0 0 0 0 0 0 0 13 0 27 0 1 0 8 1 7 48 2 34 54 0 15 15 11 37 12 0 0 0 0 0 0 0 0 0 0 0 0 0 0 0 0 14 0 0 0 0 0 0 0 0 0 0 0 6 0 0 0 0 0 0 0 0 0 0 0 0 0 0 0 0 10 0 0 0 0 0 0 0 0 0 0 0 0 0 0 0 35 0 3 0 20 0 10 31 13 36 49 0 0 9 0 18 27 0 0 28 0 0 0 0 11 0 0 0 0 0 0 16 16 0 0 0 0 0 1 0 0 0 0 0 0 0 0 0 0 0 12 0 0 0 0 0 0 0 7 0 0 7 3 0 2 3 0 0 0 17 0 0 0 0 0 0 0 0 0 0 0 0 0 9 16 0 0 2 0 
 0 0 0 0 0 0 0 0 0 0 0 0 0 0 1 0 0 0 0 0 0 0 0 0 0 0 0 0 0 0 0 0 1 0 0 0 2 0 0 0 48 67 139 45 90 62 31 44 117 47 132 208 50 96 75 211 0 312 122 34 0 0 0 0 0 0 51 0 0 1 0 5 18 0 0 14 11 0 59 0 0 0 0 0 0 0 0 0 0 0 0 0 0 21 0 0 0 0 0 0 0 0 0 0 0 0 0 0 0 0 0 0 0 0 0 0 0 0 0 0 0 0 11 11 49 0 0 0 7 12 40 16 13 13 0 10 0 13 0 0 0 0 0 0 2 0 0 0 0 0 0 4 1 0 0 0 1 0 0 0 0 0 0 0 0 0 0 0 0 6 0 0 8 0 0 0 6 0 0 0 0 0 0 0 0 3 0 0 0 0 0 0 0 0 0 0 0 0 32 0 0 7 4 25 13 28 0 0 10 19 52 22 0 0 0 0 12 8 0 0 7 1 0 0 1 0 7 0 0 3 0 12 7 11 10 5 0 0 0 28 0 0 0 0 0 0 0 0 0 0 0 3 0 0 0 0 0 0 0 0 0 0 69 0 1 3 1 0 0 0 0 0 0 0 0 0 0 0 0 0 0 0 0 0 8 8 0 0 1 0 
 0 0 0 0 0 3 0 0 6 0 0 0 0 0 1 0 0 0 0 0 0 0 0 3 0 0 0 0 0 0 0 1 0 0 0 0 2 0 0 0 59 387 205 133 104 48 98 51 133 34 200 131 105 36 47 94 312 0 171 147 0 0 0 0 0 0 6 0 0 0 0 0 0 0 0 0 0 0 0 0 0 0 0 0 0 0 0 0 0 0 0 0 0 0 0 0 0 0 0 0 0 0 0 0 0 0 0 0 0 0 0 0 0 0 0 0 0 0 0 0 0 40 39 0 25 6 0 50 70 35 57 15 10 17 13 11 17 18 0 0 0 0 0 0 0 9 0 0 0 0 0 0 1 0 0 0 0 0 2 5 0 0 0 0 0 0 0 0 0 5 0 0 1 0 14 0 0 0 0 0 0 0 0 0 0 0 0 0 0 0 0 0 0 0 0 0 0 0 0 0 6 28 17 17 14 7 11 29 34 23 1 14 0 0 1 0 37 6 18 0 0 0 0 0 0 0 0 0 0 0 0 0 1 0 22 0 0 2 5 1 0 1 0 0 0 0 0 0 0 0 0 7 0 0 0 0 0 0 0 13 0 0 2 1 3 17 0 62 0 0 0 0 0 0 0 0 0 0 0 0 0 0 0 0 11 8 0 0 1 0 
 0 63 0 0 0 0 0 0 0 0 0 3 0 0 3 0 0 0 0 64 3 3 2 2 65 3 2 2 2 2 2 2 2 2 17 5 94 2 2 2 96 305 31 165 506 39 112 53 189 128 91 44 288 224 76 109 122 171 0 414 0 40 0 1 4 0 1 0 0 5 2 9 1 9 3 10 8 4 2 0 0 0 0 0 0 0 0 0 0 0 0 0 0 0 0 0 0 0 0 0 0 0 0 0 0 0 0 0 0 0 0 0 0 0 0 0 0 0 0 0 0 25 0 13 23 0 0 26 17 0 10 0 41 0 14 0 30 0 8 11 0 0 0 0 0 4 0 0 0 0 0 3 0 0 0 0 0 0 0 15 0 0 0 0 0 0 0 0 0 0 0 0 0 0 0 0 0 0 0 0 0 0 0 0 18 2 0 0 0 0 0 0 0 12 0 0 0 0 0 0 7 12 0 19 0 0 0 69 7 18 1 10 0 3 11 7 16 17 20 15 0 0 36 0 8 7 0 0 0 8 0 5 8 0 0 0 1 0 0 0 0 0 21 0 0 0 0 0 0 0 0 7 0 1 0 0 0 0 0 0 0 0 0 0 0 0 0 1 0 0 0 14 0 0 0 0 0 0 0 0 0 0 0 0 15 3 0 0 2 0 
 3 3 3 3 3 5 3 3 3 3 3 3 3 3 3 3 3 3 3 3 0 0 0 0 0 61 0 0 0 0 0 59 0 0 0 0 0 0 0 0 134 99 94 60 80 62 386 138 255 160 125 114 165 320 118 176 34 147 414 0 0 0 0 0 2 0 202 0 0 0 0 0 0 0 0 0 0 0 3 0 0 0 0 0 0 0 0 0 0 0 0 0 0 0 0 0 0 0 0 0 0 0 0 0 10 13 0 0 0 3 0 0 0 0 0 0 0 12 0 0 3 31 37 12 0 1 22 8 8 0 21 0 20 9 27 11 17 3 16 8 1 0 0 0 0 5 0 0 0 0 0 0 0 0 0 0 0 0 0 0 0 0 0 0 0 0 0 9 0 0 0 0 0 0 0 0 0 0 0 0 0 0 0 0 0 34 6 0 0 0 0 0 0 0 0 3 0 0 0 0 0 49 0 0 0 0 34 12 12 7 0 7 9 19 0 24 12 24 38 6 0 0 0 0 0 26 0 0 0 0 0 0 0 0 0 0 0 0 0 0 0 0 0 0 0 0 0 0 0 0 0 12 0 0 0 0 0 0 52 2 0 0 1 1 0 3 2 0 0 0 0 0 0 0 0 1 0 0 0 0 0 0 0 0 12 0 0 0 0 0 
 2 0 0 0 0 2 0 0 0 0 0 0 0 3 0 0 0 0 0 2 0 0 2 0 0 0 0 0 0 0 0 0 3 0 0 0 0 0 51 0 2 0 2 0 0 47 0 0 0 64 19 51 0 2 0 0 0 0 0 0 0 185 121 154 45 17 391 151 50 40 34 275 204 125 109 33 93 47 251 167 0 0 0 0 0 0 0 0 0 0 0 0 0 0 0 0 0 0 0 0 0 0 0 0 0 0 0 0 0 0 0 0 0 0 0 0 0 0 0 0 0 0 0 0 10 23 0 0 0 0 0 4 0 0 0 0 0 0 0 0 8 18 0 0 0 0 6 0 0 7 8 0 35 30 17 12 6 0 0 0 0 0 0 0 0 0 0 0 0 0 0 0 0 0 0 0 0 0 0 0 0 0 0 0 0 0 0 0 0 0 0 0 0 0 0 0 0 0 0 0 0 0 0 0 0 0 0 0 0 0 0 0 0 0 0 0 0 0 0 0 8 24 1 9 0 0 39 8 25 0 1 9 0 3 6 11 4 6 0 27 0 0 0 0 0 0 0 0 0 0 0 0 0 0 17 0 0 0 0 0 0 0 0 0 0 0 2 0 0 0 3 2 0 2 1 34 0 0 0 0 0 0 0 0 0 0 0 0 0 0 
