 0 201 76 44 120 126 128 80 145 41 63 207 132 147 31 48 127 388 121 36 1 0 0 0 0 0 2 2 3 5 0 0 0 3 0 0 0 0 79 2 3 3 0 0 0 1 0 0 0 0 3 0 2 0 0 0 0 0 0 0 0 0 0 0 2 0 0 0 0 0 0 4 0 0 3 15 0 0 0 0 16 22 12 36 11 48 12 9 45 0 0 8 0 16 24 29 12 22 17 30 0 0 0 0 0 0 0 0 0 0 0 0 13 0 0 0 0 0 0 0 0 0 0 0 0 15 0 0 0 1 0 0 13 0 0 0 0 0 0 0 0 0 0 0 0 0 20 1 0 0 0 0 0 0 2 1 0 0 0 0 16 0 31 0 53 30 21 0 22 26 22 9 14 14 14 0 9 9 16 0 0 0 0 0 0 0 2 0 0 0 0 0 0 0 0 0 0 0 0 0 0 0 0 0 0 0 1 0 0 0 0 0 0 2 0 0 0 0 0 0 0 0 0 0 0 0 0 0 0 0 0 0 0 0 9 1 0 0 0 0 0 0 0 0 0 0 1 0 90 0 0 23 6 0 0 0 0 0 0 0 0 0 0 0 0 0 0 0 0 2 0 0 0 0 0 10 0 0 0 0 0 0 0 0 0 0 0 0 0 0 
 201 0 287 453 32 395 219 396 425 249 30 129 326 64 222 120 125 203 58 57 0 0 0 0 3 3 0 2 3 1 2 1 1 2 0 0 209 0 208 2 0 3 0 190 3 0 0 0 0 3 6 0 2 0 0 2 1 0 0 0 0 0 3 3 2 0 0 0 3 3 0 3 0 0 4 6 2 0 0 0 11 10 13 18 1 12 0 0 14 64 11 14 21 12 8 28 0 26 17 0 0 0 0 0 0 0 0 0 0 0 0 0 1 0 0 0 0 0 2 0 0 0 0 0 2 0 0 0 0 0 0 0 0 0 0 31 0 0 0 0 0 0 0 0 0 0 0 0 2 0 0 0 0 0 0 0 0 0 0 0 10 0 1 15 31 19 3 1 27 0 28 28 2 21 2 0 26 17 0 19 0 0 0 0 0 0 0 0 0 0 0 0 0 0 0 0 0 0 2 12 0 0 0 0 0 0 0 0 0 0 0 0 0 0 0 0 0 0 0 0 0 18 0 0 2 0 0 0 0 0 0 0 0 0 0 0 0 0 0 0 0 13 0 0 0 1 90 0 101 88 0 13 10 0 0 0 0 0 0 0 0 0 0 0 0 0 0 0 0 0 0 0 0 0 0 0 0 0 0 0 0 0 0 0 0 0 0 0 0 0 
 76 287 0 218 122 43 96 202 170 151 232 24 189 141 145 89 216 54 128 202 1 0 0 1 0 0 25 1 3 0 0 0 0 2 0 0 0 0 96 2 0 3 0 0 0 2 0 0 63 0 3 0 2 2 0 0 0 0 0 0 0 0 0 0 2 0 0 0 0 0 0 2 0 1 3 0 0 0 0 0 34 7 0 14 18 0 10 18 15 31 11 22 0 8 12 14 15 28 34 12 0 23 0 0 0 0 0 0 0 0 0 0 10 0 23 0 0 0 29 2 0 0 0 0 0 0 0 0 0 0 0 0 0 0 0 0 0 0 0 0 11 0 0 0 0 0 0 1 0 0 0 0 0 0 0 0 0 0 0 10 1 37 0 15 0 0 10 0 10 57 0 16 5 0 8 17 0 2 0 11 5 0 0 0 0 0 21 0 0 0 0 2 0 0 0 0 0 0 14 25 0 0 0 0 0 0 0 0 0 0 0 0 0 0 0 0 0 0 0 0 0 0 0 0 0 0 0 0 0 0 0 0 0 0 0 0 0 0 0 0 0 0 0 0 0 0 2 0 2 3 14 3 0 0 0 0 0 0 0 0 0 0 0 0 0 0 0 0 0 0 0 0 0 0 0 0 12 1 0 0 0 0 0 0 0 0 0 0 0 0 
 44 453 218 0 181 210 300 72 370 85 394 98 164 79 65 166 147 143 273 54 0 0 0 0 0 0 150 5 3 0 0 0 1 92 2 1 0 1 78 78 0 3 0 0 0 0 1 0 0 0 3 0 2 2 4 0 0 0 2 0 0 0 0 0 2 0 0 0 0 0 0 52 0 0 3 0 0 0 0 0 0 29 51 31 32 7 0 0 0 36 0 16 12 0 0 0 30 0 15 0 9 15 0 0 0 0 10 28 0 0 0 0 14 0 15 9 0 0 33 21 0 0 0 0 0 0 0 1 0 0 0 0 0 0 0 0 0 0 0 0 0 0 0 0 0 0 0 3 0 0 0 6 0 0 0 3 0 0 0 0 0 0 0 4 13 2 0 17 10 14 0 33 3 8 0 0 21 10 0 0 10 12 0 0 0 0 13 14 13 0 0 0 0 32 25 0 40 0 4 3 0 0 0 0 0 0 0 0 0 0 0 0 0 0 0 0 0 0 0 0 0 0 0 0 0 0 0 0 0 0 0 0 0 0 0 0 0 0 0 0 0 0 0 0 0 4 1 0 2 22 18 7 0 0 0 0 0 0 0 0 0 0 0 0 0 0 0 0 0 0 0 0 0 0 0 9 0 0 0 0 0 0 0 0 0 0 0 0 0 0 
 120 32 122 181 0 307 37 45 74 92 193 140 67 95 48 230 136 144 55 69 3 23 0 0 0 0 177 74 76 0 0 0 74 120 0 1 0 1 4 235 0 3 0 0 0 0 0 63 0 0 3 4 2 2 0 0 2 0 0 0 0 0 0 0 2 0 0 0 0 0 0 3 0 0 2 1 0 0 0 0 0 11 16 15 19 10 0 0 0 14 18 30 0 0 8 0 26 0 0 0 26 9 0 0 0 0 9 16 0 0 0 0 47 34 29 0 0 15 9 30 0 0 0 1 0 0 0 0 0 0 0 0 0 1 0 0 0 26 0 0 0 0 1 0 0 0 0 7 0 0 0 21 2 0 0 18 0 0 0 0 9 0 15 18 10 27 0 0 14 21 17 15 0 0 15 0 0 13 0 0 14 0 0 0 0 0 10 0 5 51 0 0 13 29 0 0 15 0 13 19 0 13 0 0 0 0 0 0 0 0 0 0 0 0 0 1 0 0 0 0 0 0 0 0 0 0 0 0 0 0 0 0 0 0 0 0 0 0 0 0 0 18 0 0 0 0 0 2 0 1 14 10 1 0 0 0 0 0 0 0 0 0 10 0 0 0 0 0 0 0 0 0 0 0 0 47 6 0 0 0 0 1 0 0 0 0 0 0 0 0 
 126 395 43 210 307 0 237 118 63 168 104 350 51 263 159 97 50 196 33 71 68 74 3 0 0 2 64 2 42 4 0 0 73 81 0 0 0 77 87 24 2 3 0 0 0 0 0 0 1 0 3 8 2 0 0 0 0 0 0 0 0 0 0 0 2 31 0 0 0 0 1 2 0 0 3 0 0 0 0 0 0 14 1 19 0 16 0 0 27 0 0 15 0 0 32 0 19 0 0 0 11 2 16 0 10 0 9 24 0 17 19 0 11 0 20 1 1 44 44 25 0 0 0 0 0 14 13 0 0 1 0 0 0 0 0 0 0 0 0 0 0 0 0 0 0 0 0 49 0 0 0 4 0 17 2 7 0 0 0 0 34 0 0 46 29 51 0 0 16 0 18 0 0 0 13 0 0 1 0 0 0 0 14 11 0 0 8 10 10 0 0 1 13 37 19 7 21 0 29 0 0 13 0 0 0 0 1 0 0 1 0 0 0 30 0 0 0 0 0 0 0 0 0 0 0 0 0 0 0 0 0 0 0 0 0 0 0 0 0 14 0 0 0 0 0 0 0 0 9 90 0 11 0 0 0 0 0 0 0 0 17 0 0 0 0 0 0 0 0 2 0 0 0 0 0 59 2 0 0 0 0 19 0 0 0 0 0 0 0 0 
 128 219 96 300 37 237 0 108 90 32 51 48 124 281 128 166 252 37 336 57 2 0 0 1 1 0 2 2 3 5 20 2 0 2 3 0 1 36 2 5 0 3 0 0 0 3 0 0 0 0 3 0 2 0 3 0 0 0 0 0 0 0 0 0 2 0 0 2 0 0 0 3 0 1 0 0 0 0 3 0 32 19 49 37 0 0 22 8 0 0 1 2 23 1 8 43 0 15 0 11 0 0 0 0 0 0 0 0 0 0 0 0 0 0 0 0 0 0 1 0 0 0 0 0 1 0 0 0 0 0 0 0 0 0 0 0 0 0 0 0 0 0 0 0 0 0 0 0 0 0 0 0 0 0 0 0 0 0 0 0 0 102 49 9 1 0 1 65 0 0 0 1 19 25 0 7 18 22 12 0 0 0 0 0 0 0 0 0 0 0 0 0 0 0 0 0 0 0 0 1 0 0 0 0 0 0 0 0 0 0 0 0 0 0 0 0 0 0 0 0 0 0 0 0 0 0 0 0 0 0 0 0 0 0 10 0 0 0 0 0 0 0 0 0 0 0 0 2 2 2 0 10 0 0 0 0 0 0 0 0 0 0 0 0 0 0 0 0 0 0 0 0 0 0 0 1 0 0 0 0 0 0 0 0 0 0 0 0 0 0 
 80 396 202 72 45 118 108 0 713 296 210 42 195 386 474 353 85 131 247 206 1 0 0 0 0 0 0 3 4 2 0 4 0 3 0 2 0 2 37 76 0 5 0 0 0 2 0 0 0 0 3 0 2 2 0 0 0 0 0 0 0 0 0 0 2 0 0 0 0 0 1 2 0 0 3 0 0 0 0 0 6 0 27 0 0 0 14 50 27 39 51 1 1 1 25 0 14 32 42 15 2 0 0 0 0 0 14 0 0 0 0 16 0 22 7 0 0 0 10 8 0 0 0 0 0 0 0 0 1 0 0 0 0 0 0 0 0 0 0 0 0 0 0 0 0 0 0 0 0 0 0 0 0 0 0 0 0 0 0 0 16 22 9 7 0 0 10 4 1 15 0 0 9 0 18 53 13 18 1 10 2 0 0 0 0 0 0 0 0 0 0 0 0 0 2 1 0 0 14 24 0 1 0 0 0 0 0 0 0 0 0 0 1 0 0 0 0 0 0 0 0 0 0 0 14 0 0 0 0 0 0 0 0 0 0 1 0 0 0 0 0 0 0 0 0 0 47 0 0 11 0 3 0 0 0 0 0 0 0 0 0 0 0 0 0 0 0 0 0 0 0 0 0 0 0 0 0 0 0 0 0 0 0 0 0 0 0 0 0 0 
 145 425 170 370 74 63 90 713 0 443 184 402 235 94 463 80 338 217 56 97 0 0 0 0 1 0 0 4 3 1 2 0 0 3 0 0 0 0 77 4 0 3 0 0 0 0 0 0 0 0 2 3 2 0 6 0 0 0 0 0 0 0 0 0 3 0 2 5 0 0 0 3 0 1 0 12 0 0 0 0 0 18 15 6 1 9 0 16 14 41 9 0 17 0 2 6 11 21 20 0 0 0 0 0 0 0 26 1 0 0 0 0 0 9 0 0 0 0 9 13 0 0 0 0 0 0 0 0 0 12 0 0 0 0 0 0 0 0 0 0 0 0 0 0 0 0 0 0 0 1 0 0 0 0 0 3 0 0 0 2 16 0 0 2 27 27 0 8 0 17 26 33 2 13 0 2 27 0 0 16 0 0 0 0 0 0 0 2 0 0 0 0 0 0 25 0 0 0 27 22 0 2 0 0 0 0 0 0 0 0 0 0 0 0 0 0 0 0 0 0 0 0 0 0 0 0 0 0 0 0 0 0 0 0 0 0 0 0 0 0 0 0 0 0 0 0 87 0 6 89 0 6 7 0 0 0 0 0 0 0 72 0 0 0 0 0 0 0 0 0 0 0 0 0 0 0 0 19 0 0 0 0 0 0 0 0 0 0 0 0 
 41 249 151 85 92 168 32 296 443 0 250 62 148 80 235 254 236 193 40 208 0 1 0 0 0 1 150 77 3 0 0 0 141 3 3 0 0 0 38 77 0 16 0 0 0 0 0 3 0 0 3 3 2 2 3 0 0 0 3 0 0 0 0 0 2 0 0 0 0 0 1 50 0 0 3 5 0 0 0 2 0 12 17 0 28 0 23 0 15 39 29 1 2 0 0 10 0 38 0 2 0 11 0 2 0 0 0 8 0 14 0 0 11 45 27 0 0 0 0 12 2 0 0 0 0 0 0 0 0 0 2 0 0 0 0 0 0 0 0 0 0 0 0 0 0 0 0 0 0 0 0 1 0 0 0 0 0 0 0 6 0 18 0 0 0 56 0 0 0 21 16 25 0 0 0 0 10 0 0 19 7 0 0 0 0 0 18 0 0 10 0 0 15 0 0 22 0 1 46 20 0 0 0 0 0 0 0 0 0 0 0 0 0 0 0 0 0 0 0 0 0 0 0 0 0 0 2 0 0 0 0 0 0 0 0 0 0 0 0 8 0 36 0 0 0 0 3 0 2 0 14 3 20 0 0 0 0 0 0 0 0 0 15 0 0 0 0 0 0 0 0 0 0 0 0 0 22 31 0 0 0 0 0 0 0 0 0 0 0 0 
 63 30 232 394 193 104 51 210 184 250 0 321 36 134 54 273 167 199 257 188 2 0 0 0 0 0 108 1 47 3 0 2 67 27 2 0 0 0 108 121 3 3 0 0 0 62 0 0 0 2 3 1 2 0 5 2 3 0 0 0 0 0 0 0 2 0 0 0 0 0 0 3 0 1 1 2 0 0 0 0 0 6 22 9 20 1 0 22 0 28 59 15 0 0 0 0 21 11 0 0 9 0 0 0 0 2 84 11 0 4 0 0 0 31 13 0 9 0 70 31 0 2 0 0 0 0 0 0 0 0 0 0 0 0 7 0 0 0 0 0 0 0 0 0 2 0 0 0 0 0 0 0 0 5 0 0 0 0 0 1 0 11 0 0 0 0 0 16 1 26 8 20 0 0 10 0 4 0 0 20 10 0 16 13 0 0 22 0 18 6 0 0 35 12 21 1 0 0 22 49 0 0 0 0 1 0 0 0 0 0 0 0 0 0 0 0 0 0 0 0 2 0 0 0 0 0 0 0 0 0 0 0 2 0 0 0 0 0 2 0 0 0 0 0 0 5 92 0 1 92 16 12 0 0 0 0 0 0 0 0 0 0 0 0 0 0 0 0 0 0 0 0 0 0 0 0 13 15 0 0 0 0 0 0 0 0 0 0 0 0 
 207 129 24 98 140 350 48 42 402 62 321 0 31 143 163 307 535 325 45 125 1 41 0 1 0 0 80 73 79 1 0 0 86 85 0 2 0 0 77 160 0 3 0 0 0 0 0 0 0 0 3 5 2 2 0 0 0 0 0 0 0 0 0 0 2 0 0 0 0 0 0 3 0 0 2 0 0 0 0 0 0 25 19 16 0 26 13 0 17 0 17 0 0 0 0 0 0 11 0 15 11 11 0 8 0 0 4 23 0 0 0 0 0 35 15 0 0 11 22 32 0 0 0 0 17 0 0 0 0 0 18 0 0 0 0 0 0 0 0 0 0 0 0 0 0 0 0 0 0 0 1 10 0 0 0 0 0 0 0 6 13 18 0 3 21 19 1 0 0 21 15 14 0 0 1 0 0 0 0 0 1 0 0 0 0 0 0 2 28 26 0 0 12 26 0 0 1 0 51 15 1 0 0 0 0 0 0 0 0 0 0 0 0 0 0 0 0 0 0 0 0 14 0 0 0 0 0 0 0 0 0 0 0 1 0 0 0 1 0 0 0 16 0 0 0 8 5 0 51 45 0 5 0 0 0 0 0 0 0 0 0 0 11 0 0 0 0 0 0 0 0 0 0 0 0 0 6 27 0 0 0 0 0 0 0 0 0 0 0 0 
 132 326 189 164 67 51 124 195 235 148 36 31 0 76 124 256 360 210 67 55 0 0 0 0 0 0 0 1 3 2 0 0 0 2 0 2 0 0 2 2 0 3 0 60 0 0 0 0 0 0 3 0 2 0 0 0 0 0 0 0 0 0 0 0 2 0 0 1 0 0 0 3 0 0 0 0 8 0 0 28 18 19 0 2 12 11 0 0 0 20 14 13 39 0 18 38 15 19 43 0 0 0 0 0 0 0 0 0 0 0 0 0 0 0 0 0 0 0 0 0 0 0 0 0 0 0 0 0 0 0 0 0 0 0 0 0 0 0 0 0 0 0 0 1 8 0 0 0 0 0 0 0 4 0 0 0 0 0 0 0 52 0 0 28 26 61 34 13 40 0 0 1 0 31 13 1 30 0 14 26 0 0 0 2 0 0 7 0 0 0 0 0 0 0 0 0 0 0 0 0 0 0 0 0 0 0 0 0 0 0 0 0 0 0 0 0 0 0 0 0 0 0 0 0 0 0 50 0 0 0 0 0 0 0 0 0 0 0 0 0 0 0 0 0 0 0 0 0 3 107 0 7 0 0 0 0 0 0 0 0 0 0 0 0 0 0 0 0 0 0 0 0 0 0 0 0 0 0 0 0 0 0 0 0 0 0 0 0 0 0 
 147 64 141 79 95 263 281 386 94 80 134 143 76 0 199 297 145 58 235 304 1 2 0 1 2 3 1 2 3 2 1 1 2 3 0 0 1 7 4 3 0 3 0 0 0 0 0 0 0 1 3 0 2 0 0 0 0 0 0 0 0 0 0 0 2 53 0 6 0 2 0 5 0 3 0 0 0 2 0 1 0 10 16 1 0 2 15 28 11 0 16 0 28 12 1 0 28 1 32 44 0 0 2 0 0 0 0 0 12 0 0 0 0 0 0 0 0 0 0 0 0 0 0 0 1 0 0 1 0 0 0 1 0 0 0 0 0 0 0 0 1 0 0 0 0 0 0 0 0 0 11 0 0 1 0 0 0 0 0 0 3 13 20 0 2 0 15 21 0 0 0 34 9 0 12 22 14 15 0 0 0 0 0 0 0 0 0 0 0 0 0 0 0 0 0 0 0 0 0 0 0 0 0 0 0 0 0 0 0 0 0 0 0 0 0 0 1 0 2 0 0 1 0 0 0 0 0 0 1 1 0 0 0 0 0 0 0 0 0 0 0 0 0 0 0 0 2 2 0 2 0 13 0 0 0 0 0 0 0 0 0 0 0 0 0 0 0 0 0 0 0 0 0 0 0 0 0 0 0 0 0 0 0 0 0 0 0 0 0 0 
 31 222 145 65 48 159 128 474 463 235 54 163 124 199 0 249 222 47 168 318 0 0 0 1 0 0 0 1 3 0 0 0 0 3 0 0 0 0 76 2 0 3 0 0 0 2 0 0 0 0 3 0 2 64 0 0 0 0 0 0 0 0 0 0 2 0 0 0 0 0 1 1 0 1 3 0 0 0 0 0 36 21 0 14 0 1 20 41 54 29 14 0 6 24 25 21 0 10 39 20 0 13 0 0 0 0 0 0 0 0 0 0 7 0 0 0 0 0 0 0 0 0 0 0 0 0 0 0 0 0 0 0 0 0 0 0 0 0 0 0 0 0 0 0 0 28 0 1 0 0 0 0 0 0 2 1 0 0 0 11 2 54 1 1 1 1 1 0 0 0 12 14 30 19 8 14 0 0 12 20 0 0 0 0 0 0 2 0 0 0 0 0 0 0 0 0 0 0 13 13 0 0 0 0 0 0 0 0 1 0 0 0 0 0 0 0 0 0 0 0 0 0 0 0 0 0 0 0 0 0 0 0 0 0 0 0 0 0 0 0 0 0 0 0 0 0 1 0 87 7 0 6 0 0 0 0 0 0 0 0 0 0 0 0 0 0 0 0 0 2 0 0 0 0 0 0 10 1 0 0 0 0 0 0 0 0 0 0 0 0 
 48 120 89 166 230 97 166 353 80 254 273 307 256 297 249 0 234 43 240 301 0 0 0 3 5 0 103 4 3 1 2 207 75 3 1 0 2 0 76 76 0 3 2 0 3 8 0 0 0 0 6 3 3 2 0 0 3 5 3 0 0 0 0 0 4 2 2 4 3 3 0 5 0 1 0 0 0 1 0 2 38 10 11 14 16 0 0 20 14 15 9 15 7 1 18 24 15 3 19 28 0 14 0 0 0 2 0 0 0 0 0 0 12 10 15 0 0 0 14 0 0 2 0 0 0 0 0 0 1 0 0 0 0 1 0 0 0 0 0 0 0 0 0 0 2 0 0 0 0 0 0 0 0 0 0 0 0 0 0 0 0 4 28 15 0 0 9 0 9 15 1 0 0 0 0 19 9 0 0 0 6 0 0 0 0 0 14 0 0 10 2 0 0 0 0 0 0 0 19 29 0 0 0 0 1 0 0 0 0 0 0 0 0 0 0 0 0 0 0 0 2 0 0 0 0 0 0 0 0 1 0 1 2 0 14 0 0 0 2 0 0 0 0 0 0 1 2 0 0 1 12 17 2 0 0 0 0 0 0 0 0 0 0 0 0 0 1 0 0 0 0 0 0 0 0 0 19 0 0 0 0 0 0 0 0 0 0 0 0 0 
 127 125 216 147 136 50 252 85 338 236 167 535 360 145 222 234 0 142 18 152 0 2 3 0 0 2 0 5 3 1 0 0 0 3 2 0 206 0 75 208 0 3 0 0 0 0 0 0 0 3 3 0 2 0 6 0 0 0 0 0 0 0 0 0 2 0 0 0 0 0 0 2 0 0 3 0 0 3 0 0 31 38 19 6 0 6 3 10 34 0 31 11 0 19 22 29 25 37 1 2 0 0 0 0 0 0 0 0 0 0 0 0 1 20 0 0 0 0 0 2 0 0 0 0 0 0 0 0 0 0 0 0 0 0 0 0 1 0 1 0 0 0 0 0 0 0 0 0 0 0 0 0 0 0 0 0 0 0 0 15 6 24 0 15 26 29 23 9 20 4 20 32 0 12 0 22 31 0 0 14 0 18 0 0 0 0 0 0 0 0 0 0 0 0 0 0 0 0 6 26 0 0 0 0 15 0 0 2 0 0 0 0 0 0 0 0 0 0 0 0 0 13 8 0 0 0 0 0 0 0 0 0 0 0 0 0 0 0 0 0 0 1 0 0 0 2 0 0 9 1 0 2 0 0 0 0 0 0 0 0 0 0 0 0 0 0 0 0 0 0 0 0 0 0 0 0 10 22 0 0 0 0 0 0 0 0 0 0 0 0 
 388 203 54 143 144 196 37 131 217 193 199 325 210 58 47 43 142 0 54 28 0 0 78 0 1 0 41 72 3 1 12 0 47 2 0 0 0 8 97 45 0 25 0 0 0 3 3 3 0 0 2 0 2 2 1 0 3 0 64 0 0 0 0 0 3 0 1 3 0 0 0 3 8 0 0 0 3 0 0 0 0 14 39 51 33 41 0 25 1 45 0 23 0 0 18 14 9 10 19 0 0 0 0 0 0 0 1 1 0 0 0 5 16 11 2 0 0 1 9 13 0 0 0 0 0 0 12 0 2 0 0 0 0 0 0 0 0 0 0 0 0 0 0 0 0 0 0 0 0 0 0 0 0 0 0 0 0 0 0 4 35 0 2 63 11 9 2 0 26 43 28 0 0 13 14 0 0 16 0 0 0 0 0 0 2 0 41 0 0 1 0 0 0 0 0 48 0 0 25 11 0 0 22 0 0 0 0 0 0 0 0 0 0 0 0 0 0 0 0 0 0 0 0 0 0 0 0 0 0 0 0 0 0 0 0 0 0 1 0 0 0 0 0 0 0 0 178 0 88 88 0 6 0 0 0 0 0 0 0 0 0 0 0 0 0 0 0 0 0 0 0 0 0 0 0 10 0 20 0 0 0 0 0 0 0 0 0 0 0 0 
 121 58 128 273 55 33 336 247 56 40 257 45 67 235 168 240 18 54 0 191 0 0 0 0 0 0 0 1 3 1 0 0 0 2 0 0 0 2 2 2 0 3 0 0 0 6 0 0 0 0 3 0 2 2 1 0 0 0 0 0 0 0 0 0 2 0 0 0 0 0 0 2 0 0 3 0 0 0 0 0 11 7 13 4 0 0 25 33 74 0 11 0 24 1 18 23 0 10 17 21 0 0 0 0 0 0 0 0 0 0 0 0 0 0 0 0 0 0 0 0 0 0 0 0 0 0 0 0 0 0 0 0 0 0 0 0 0 0 0 0 4 0 0 0 0 7 0 10 0 0 0 0 0 0 0 9 0 0 0 0 0 43 6 8 0 0 19 12 0 0 0 0 24 16 22 10 7 13 10 22 0 0 0 0 0 0 0 0 0 0 0 0 0 0 0 0 0 0 0 18 0 0 0 0 0 0 0 0 0 0 0 0 0 0 0 0 0 0 0 0 0 0 0 0 0 0 0 0 0 0 0 0 0 0 0 0 0 0 0 0 0 0 0 0 0 1 0 0 0 0 2 8 0 0 0 0 0 0 0 0 0 0 0 0 0 0 0 0 0 0 0 0 0 0 0 0 0 0 0 0 0 0 0 0 0 0 0 0 0 0 
 36 57 202 54 69 71 57 206 97 208 188 125 55 304 318 301 152 28 191 0 0 31 0 3 0 2 0 1 4 2 1 0 0 2 2 0 3 4 2 4 0 3 0 0 0 7 0 0 0 0 6 0 2 4 0 0 0 2 0 0 0 0 2 1 2 1 0 1 2 2 0 3 53 0 1 2 0 0 2 0 35 15 0 0 0 0 4 26 15 1 5 15 17 48 12 0 31 21 20 29 0 0 0 0 0 1 0 0 0 0 0 2 0 0 0 0 0 1 0 1 0 0 0 0 0 0 0 0 0 0 0 0 0 0 0 0 0 0 0 0 0 0 0 0 0 0 0 0 0 0 0 0 0 13 0 0 0 0 0 23 6 59 0 20 8 0 11 2 11 5 9 12 21 1 5 42 0 0 20 34 0 0 0 0 0 0 0 0 0 0 0 0 0 0 0 0 0 0 0 0 0 0 0 0 2 0 0 0 0 0 0 0 0 0 0 0 0 0 0 0 1 0 0 0 0 0 0 0 0 0 0 0 0 0 0 0 0 0 0 0 0 0 0 0 0 2 1 0 3 22 0 15 0 0 0 0 0 0 0 0 0 0 0 0 0 0 0 0 0 0 0 0 0 0 0 0 0 22 0 0 0 0 0 0 0 0 0 0 0 0 
 1 0 1 0 3 68 2 1 0 0 2 1 0 1 0 0 0 0 0 0 0 185 216 44 331 133 174 67 45 31 122 35 207 150 292 128 24 147 47 44 0 0 0 0 0 3 3 3 0 0 0 0 13 1 3 0 9 1 0 0 0 0 0 0 0 0 0 3 0 0 0 0 1 0 1 0 1 0 0 0 0 0 0 0 20 0 0 0 1 0 0 0 9 0 0 0 0 0 0 0 32 9 24 39 0 0 11 11 49 14 40 0 1 1 15 0 1 34 8 7 0 0 0 0 0 0 0 0 0 0 0 0 0 0 0 0 0 0 14 20 0 0 0 0 0 0 0 0 0 0 0 0 0 10 0 0 0 1 0 0 0 0 0 0 0 0 0 0 0 0 0 0 0 0 0 0 0 0 0 0 31 6 28 33 24 0 1 14 12 19 3 17 24 0 37 26 0 9 2 8 0 0 0 0 0 0 0 0 0 0 0 0 0 0 0 0 0 0 27 9 0 0 0 0 0 0 0 0 0 0 0 0 0 0 0 0 0 0 0 0 0 0 0 0 0 0 0 0 0 0 0 0 0 0 6 0 0 37 77 0 9 16 0 0 0 0 0 0 0 0 0 0 0 0 0 0 0 0 0 19 0 0 0 0 0 29 0 0 0 0 
 0 0 0 0 23 74 0 0 0 1 0 41 0 2 0 0 2 0 0 31 185 0 208 496 118 111 77 236 140 49 128 662 48 54 165 257 298 259 47 356 2 2 3 0 2 3 4 3 0 6 0 16 2 0 3 0 3 0 0 175 2 0 0 0 0 0 0 0 0 0 9 3 1 0 2 0 2 4 6 0 0 0 0 0 23 23 0 0 0 0 26 0 0 0 0 0 0 2 0 0 12 63 2 15 9 6 0 23 36 12 0 0 0 22 19 68 12 16 0 11 10 0 0 0 0 0 10 0 0 0 0 0 8 0 48 2 0 2 19 10 0 0 0 0 0 9 1 0 0 2 0 0 0 0 0 1 0 0 0 0 0 0 0 0 0 0 0 2 0 0 0 0 0 0 0 0 4 0 0 0 0 60 0 0 30 10 0 29 5 9 13 24 29 36 23 0 18 20 1 0 0 2 0 0 0 0 8 0 0 0 0 0 2 0 0 0 0 0 0 0 0 0 0 0 0 0 2 1 0 0 0 0 0 0 0 0 0 0 0 0 0 19 0 0 0 0 0 0 13 0 0 0 0 0 6 2 0 2 1 2 0 2 24 0 1 0 0 0 0 0 0 0 12 0 0 0 0 0 0 0 0 0 0 0 0 0 0 0 0 0 
 0 0 0 0 0 3 0 0 0 0 0 0 0 0 0 0 3 78 0 0 216 208 0 577 45 120 172 92 209 276 137 96 213 139 138 410 221 188 38 90 1 0 0 0 0 3 69 3 1 1 1 0 27 0 67 0 6 0 0 0 0 0 0 3 0 0 0 0 0 0 0 0 0 0 32 0 0 0 0 0 0 0 0 0 22 20 0 0 0 0 0 0 0 0 0 0 0 0 0 0 25 0 0 49 11 0 0 1 25 1 18 0 8 11 0 8 0 7 0 12 18 26 0 0 0 0 9 0 0 16 0 0 0 0 26 0 1 1 19 18 0 0 0 0 0 0 0 1 0 0 0 1 0 0 0 0 0 0 0 0 0 0 0 0 9 6 0 0 0 0 0 0 2 0 0 0 2 0 0 0 23 33 35 20 17 8 0 21 0 70 29 16 9 0 15 0 15 53 0 0 5 0 0 0 0 0 0 0 0 0 16 0 0 14 8 0 0 0 14 0 0 0 0 0 0 0 0 0 0 0 0 0 0 0 0 0 0 0 0 0 0 0 0 0 0 0 0 0 0 0 0 0 0 0 16 0 0 2 80 2 0 14 0 0 0 0 13 0 0 0 0 0 0 0 0 0 0 0 0 0 0 0 0 2 0 0 11 0 0 0 
 0 0 1 0 0 0 1 0 0 0 0 1 0 1 1 3 0 0 0 3 44 496 577 0 95 26 172 52 159 613 526 79 53 74 223 134 211 284 51 64 1 0 0 0 0 3 80 0 0 0 0 0 82 0 3 1 8 0 62 209 0 2 0 1 0 0 2 0 2 0 5 0 0 5 8 0 0 0 7 52 0 0 0 0 0 0 0 0 10 0 0 0 0 0 0 0 0 0 0 0 0 0 0 4 1 18 0 0 60 0 1 18 1 0 0 8 1 0 0 0 20 23 0 0 0 0 1 0 0 0 7 0 9 34 21 0 14 0 29 16 0 0 0 0 0 0 0 0 0 5 0 0 0 0 0 0 0 0 0 0 0 0 0 0 0 5 0 0 0 0 0 0 0 0 0 0 22 0 0 0 32 41 30 22 28 11 0 1 0 0 11 24 0 0 0 0 18 10 1 0 3 0 2 0 0 0 19 0 0 0 0 0 0 4 24 0 0 0 17 25 0 0 0 0 0 0 0 0 0 0 0 0 0 0 0 0 0 0 0 0 0 0 0 0 0 0 0 0 0 0 0 0 0 0 3 0 2 39 87 3 2 2 0 0 0 0 0 0 0 0 0 0 0 0 0 0 0 2 0 0 0 0 0 0 0 0 0 0 0 0 
 0 3 0 0 0 0 1 0 1 0 0 0 0 2 0 5 0 1 0 0 331 118 45 95 0 148 65 288 108 151 124 74 126 288 125 232 220 331 261 480 160 53 87 0 0 3 66 2 0 11 0 0 1 0 3 0 4 1 62 1 51 0 0 0 0 0 0 0 0 0 3 0 0 0 3 0 0 0 0 0 0 0 0 0 0 0 0 0 0 0 0 0 0 0 0 0 0 0 0 0 0 11 0 13 0 16 0 0 6 0 0 27 0 0 0 0 0 0 0 0 0 23 0 19 0 0 16 9 0 1 6 10 44 51 15 0 9 26 1 14 0 0 22 0 0 0 0 0 0 0 0 0 0 0 6 0 0 0 0 0 0 0 0 0 0 0 0 0 0 0 0 0 0 0 0 0 0 0 0 0 0 12 0 12 14 29 0 0 0 16 15 25 0 0 0 0 0 0 0 0 17 13 16 0 0 0 54 71 28 0 0 0 38 0 24 27 6 1 0 14 0 0 0 0 0 0 0 0 0 0 0 0 0 0 0 0 0 0 0 0 0 0 0 0 0 0 0 0 0 0 0 0 0 0 8 0 2 81 0 0 5 3 0 0 2 0 0 0 0 0 0 0 0 0 0 0 0 0 0 0 0 0 0 0 0 0 0 9 0 0 
 0 3 0 0 0 2 0 0 0 1 0 0 0 3 0 0 2 0 0 2 133 111 120 26 148 0 32 36 59 80 81 139 26 169 115 136 225 214 61 41 5 61 12 0 2 7 5 3 0 0 0 0 71 0 3 0 5 0 30 35 0 0 0 0 0 0 1 0 0 0 3 0 2 0 0 0 3 0 0 0 0 0 0 0 0 0 0 0 0 0 0 0 0 0 0 0 0 0 0 0 0 12 25 14 6 18 0 0 27 11 0 33 0 0 1 0 0 2 0 0 0 0 13 0 0 0 13 12 0 0 0 12 13 55 16 0 36 6 9 21 0 0 0 0 0 0 0 0 0 5 0 0 0 0 0 0 35 0 0 0 0 0 2 0 0 0 0 0 0 0 0 0 0 0 0 0 0 0 0 0 0 54 10 19 12 8 0 30 0 20 10 23 0 0 0 11 0 0 0 0 6 0 21 0 1 1 12 22 11 8 0 0 55 11 27 0 7 0 0 0 0 0 0 0 0 0 0 0 0 0 0 0 0 0 0 0 0 0 0 0 0 0 0 0 0 0 0 0 0 0 0 0 0 0 7 1 0 148 0 0 1 0 0 0 0 0 0 0 0 0 0 0 0 0 0 0 0 0 0 0 0 20 0 0 2 0 0 0 0 0 
 2 0 25 150 177 64 2 0 0 150 108 80 0 1 0 103 0 41 0 0 174 77 172 172 65 32 0 74 42 82 20 93 128 208 302 50 34 28 120 151 0 1 3 0 0 3 5 0 3 1 2 0 6 1 5 3 3 2 4 0 0 0 0 9 1 0 2 3 3 3 0 0 0 0 0 0 0 0 0 3 0 0 9 0 17 1 0 0 0 14 22 14 0 0 0 0 9 0 0 0 28 14 0 11 37 0 0 6 0 16 14 0 43 27 15 19 13 0 14 0 21 0 0 0 0 0 0 0 0 0 0 0 0 0 0 0 0 6 0 0 0 0 0 0 0 0 0 6 0 0 0 3 0 15 0 4 0 0 0 0 0 0 0 19 9 17 0 0 14 15 0 28 0 0 0 0 0 0 0 0 10 11 24 0 0 0 35 23 0 7 19 0 15 13 82 44 35 26 25 64 0 12 0 0 0 0 0 0 0 0 0 0 0 0 0 0 0 0 0 2 0 0 0 0 0 0 0 0 0 0 8 0 0 0 0 0 0 0 0 0 0 0 38 0 0 0 0 0 0 2 17 0 0 0 2 0 0 0 49 0 0 1 0 0 0 0 20 0 0 0 0 0 0 0 0 19 45 0 0 0 0 0 0 0 0 0 4 0 0 0 
 2 2 1 5 74 2 2 3 4 77 1 73 1 2 1 4 5 72 1 1 67 236 92 52 288 36 74 0 200 86 107 64 175 85 151 39 138 40 50 129 70 1 0 1 0 3 3 0 0 2 2 8 0 0 3 0 6 1 62 0 0 0 0 2 0 0 5 5 0 0 0 7 0 0 0 0 0 3 0 3 0 0 0 0 0 0 0 0 0 1 0 0 0 0 0 0 0 0 0 0 0 0 1 0 22 20 0 33 5 0 15 0 0 7 6 0 32 34 0 9 0 0 0 0 0 0 28 0 0 0 0 0 31 0 0 0 0 0 0 0 0 0 0 0 0 0 0 0 0 0 0 0 0 14 0 0 0 0 0 0 0 0 0 0 0 13 0 0 1 0 33 0 0 0 0 0 22 1 0 0 0 47 22 7 1 14 0 0 29 0 12 0 12 0 0 1 52 19 0 0 0 0 0 0 0 0 0 0 0 0 0 0 1 0 0 0 0 0 27 20 0 0 0 0 0 0 0 0 0 0 0 0 0 0 0 0 0 0 0 0 0 6 0 0 0 0 0 0 0 1 0 0 0 0 17 2 0 0 0 0 0 2 11 0 0 0 0 0 0 0 0 0 0 12 0 0 0 0 0 0 0 0 0 0 0 0 0 0 0 1 
 3 3 3 3 76 42 3 4 3 3 47 79 3 3 3 3 3 3 3 4 45 140 209 159 108 59 42 200 0 192 423 33 376 91 161 38 91 236 360 97 2 4 2 0 4 6 21 0 1 33 0 78 30 0 3 4 7 0 0 0 2 2 0 1 3 1 4 0 0 0 3 0 0 4 3 2 1 0 2 2 0 0 0 0 0 22 0 0 0 0 0 0 0 0 0 0 0 11 0 0 29 3 29 0 11 0 0 14 0 11 71 23 0 1 15 1 1 21 10 0 9 10 0 0 0 0 34 0 0 1 0 0 1 0 11 0 0 0 1 0 0 0 0 0 0 0 0 0 0 0 0 0 0 0 0 0 0 0 0 0 0 0 0 0 7 17 0 0 0 2 0 0 0 0 0 0 2 0 0 0 20 11 35 33 13 17 14 0 10 18 39 2 1 20 19 14 1 10 0 0 1 0 0 0 0 0 0 0 0 0 0 0 0 34 0 0 1 0 11 0 0 0 0 0 0 0 0 0 0 0 0 0 0 0 0 0 0 0 0 0 0 0 0 0 0 0 1 0 0 0 0 0 0 0 4 0 1 78 74 2 3 12 1 0 0 0 1 0 0 0 0 0 0 0 0 0 0 0 0 0 0 8 0 0 0 0 0 0 0 0 
 5 1 0 0 0 4 5 2 1 0 3 1 2 2 0 1 1 1 1 2 31 49 276 613 151 80 82 86 192 0 460 254 55 99 115 134 152 135 117 164 3 2 0 0 0 3 21 3 0 42 0 0 33 0 3 63 8 0 0 0 0 0 0 3 0 0 0 0 0 0 0 0 0 0 0 0 0 0 0 0 2 2 0 0 6 1 0 0 0 0 0 0 0 1 0 0 0 0 0 0 11 2 1 0 0 11 0 1 19 0 9 4 14 14 0 9 12 0 0 1 9 11 1 0 0 0 34 0 0 1 0 0 0 1 11 0 0 0 13 0 0 0 0 0 0 0 0 0 0 0 0 0 0 0 0 0 0 0 0 0 0 0 0 0 0 8 0 11 0 6 0 0 0 2 0 0 0 0 6 0 13 0 67 17 14 20 11 7 13 18 35 1 0 0 14 11 6 14 0 0 1 0 7 0 0 0 0 0 0 0 0 0 2 0 0 0 0 0 22 0 0 0 0 2 0 0 0 0 0 0 0 0 0 0 0 0 0 0 0 0 0 0 0 0 0 2 0 0 1 0 0 0 0 0 10 0 0 0 74 0 2 0 0 0 0 0 6 0 0 0 0 0 0 0 0 0 0 0 0 0 0 0 0 0 0 0 11 0 0 1 
 0 2 0 0 0 0 20 0 2 0 0 0 0 1 0 2 0 12 0 1 122 128 137 526 124 81 20 107 423 460 0 83 41 156 57 156 122 240 67 72 0 0 0 0 0 3 74 3 0 17 63 0 62 0 3 0 2 0 0 63 0 0 0 0 1 0 0 0 0 0 0 0 2 0 95 0 0 0 0 0 11 0 0 0 0 0 0 0 16 0 10 0 0 0 0 0 0 0 0 0 0 0 54 70 0 31 0 2 12 53 2 24 0 0 31 8 18 9 7 0 15 13 0 0 0 2 22 7 0 15 0 0 0 13 12 0 0 22 11 35 0 0 1 0 0 0 0 0 0 1 1 9 0 0 0 0 0 0 0 0 0 0 0 0 0 3 0 0 0 3 0 0 0 0 0 0 0 0 0 0 0 0 0 74 16 12 0 33 41 14 45 22 0 11 0 0 12 6 0 0 55 0 36 0 0 0 1 0 0 0 2 0 27 10 0 0 11 0 39 0 0 0 0 0 0 0 0 0 0 0 0 0 0 1 0 0 0 0 0 0 0 0 0 0 0 0 0 0 0 0 0 0 0 0 17 0 1 74 22 2 77 2 0 0 0 0 0 0 0 0 0 0 0 0 0 0 0 0 0 16 0 0 0 0 0 0 0 0 0 0 
 0 1 0 0 0 0 2 4 0 0 2 0 0 1 0 207 0 0 0 0 35 662 96 79 74 139 93 64 33 254 83 0 26 47 189 240 158 100 39 31 69 0 4 0 3 3 67 25 0 7 0 2 125 5 3 67 79 1 68 65 0 0 0 0 52 0 2 0 0 0 0 0 0 0 0 4 1 0 1 0 0 0 0 0 0 0 2 1 0 0 10 0 0 0 0 0 0 0 0 0 0 0 0 4 32 32 0 8 49 0 9 41 0 0 0 0 8 0 0 0 0 24 13 0 1 0 14 3 12 10 7 0 31 15 8 0 0 22 14 0 0 0 0 0 0 0 0 0 0 4 0 0 0 0 0 0 4 0 0 0 16 0 0 0 0 0 0 0 0 0 0 0 0 0 0 0 4 0 0 0 11 28 17 0 15 18 0 1 0 4 15 0 15 8 0 23 12 16 0 0 17 0 14 0 0 0 0 9 11 0 0 0 11 0 10 15 4 3 22 35 0 0 0 0 0 0 0 0 0 0 0 1 2 0 0 0 0 0 0 0 0 0 0 0 0 0 0 0 0 0 0 0 0 0 5 0 2 2 84 4 6 0 0 0 1 0 0 0 0 0 0 0 0 0 0 0 0 0 0 0 0 20 0 14 0 0 0 9 0 0 
 0 1 0 1 74 73 0 0 0 141 67 86 0 2 0 75 0 47 0 0 207 48 213 53 126 26 128 175 376 55 41 26 0 58 110 210 470 62 87 168 0 5 0 0 0 3 3 0 0 0 0 0 0 1 3 0 3 0 0 0 0 0 0 1 0 53 0 0 0 0 0 0 33 0 0 0 0 0 0 0 0 0 9 0 34 21 0 0 0 13 16 2 0 0 0 0 0 0 0 0 1 10 12 10 0 0 9 20 0 0 28 0 20 64 12 10 73 26 1 37 0 0 0 0 0 0 12 0 0 0 0 0 0 0 0 0 0 0 0 0 0 0 0 0 0 0 0 0 0 28 0 0 0 0 0 0 0 0 0 0 0 0 0 0 4 8 0 0 0 0 1 0 0 0 0 0 0 0 0 21 2 10 18 0 0 0 11 22 0 36 0 0 82 0 78 22 0 4 1 27 0 0 0 0 0 0 0 0 0 0 0 0 0 0 0 0 0 0 2 0 0 0 0 0 0 0 0 0 0 0 0 0 0 0 0 0 0 0 0 0 0 12 0 0 0 0 0 0 0 1 0 0 0 0 10 0 2 0 0 4 0 1 11 0 0 0 0 0 0 0 0 0 0 0 0 0 35 2 0 0 0 0 0 0 0 2 0 0 0 0 
 3 2 2 92 120 81 2 3 3 3 27 85 2 3 3 3 3 2 2 2 150 54 139 74 288 169 208 85 91 99 156 47 58 0 200 126 51 47 267 113 2 0 0 0 0 3 3 3 0 0 0 0 6 1 3 0 7 0 2 0 0 3 0 0 1 0 3 0 0 0 0 0 4 0 3 0 0 0 0 0 0 0 0 0 4 9 0 0 0 0 0 0 0 0 0 0 29 0 0 0 9 36 67 37 6 0 14 51 21 8 6 0 34 1 0 30 9 30 21 0 0 0 0 0 0 0 0 0 0 0 0 0 0 0 0 0 0 0 39 0 0 0 0 0 0 0 0 5 0 0 0 12 0 0 0 2 0 0 0 0 0 0 1 0 0 0 0 0 0 0 0 0 0 0 0 0 2 0 0 0 20 21 19 12 39 0 14 31 30 1 0 0 11 85 3 6 16 22 9 16 0 0 0 0 0 0 0 0 0 0 0 0 0 21 0 2 5 0 40 15 0 0 0 0 0 0 0 0 0 0 0 0 0 0 0 2 0 0 0 0 0 0 0 0 0 76 0 0 0 74 0 0 0 0 5 0 1 0 80 0 2 0 0 0 0 0 0 0 0 0 0 0 0 0 0 8 0 0 0 12 0 0 0 1 0 0 0 0 0 0 
 0 0 0 2 0 0 3 0 0 3 2 0 0 0 0 1 2 0 0 2 292 165 138 223 125 115 302 151 161 115 57 189 110 200 0 179 175 201 67 94 2 0 0 2 0 3 4 6 1 2 2 203 6 0 3 0 4 0 0 0 3 0 0 0 0 16 4 0 53 0 8 0 31 0 1 0 0 0 2 0 2 1 0 0 0 0 0 0 0 0 0 0 0 1 0 0 0 2 0 0 6 4 2 36 0 26 0 11 33 9 26 0 1 9 2 11 25 0 0 0 10 0 0 0 14 0 10 0 0 1 0 0 5 0 9 0 0 0 1 20 0 0 0 0 0 0 28 0 0 0 0 0 0 0 0 0 0 0 0 0 0 0 0 0 0 0 0 0 0 0 0 0 2 0 0 0 57 0 0 0 19 46 11 29 44 24 0 12 0 0 13 2 22 1 34 0 19 27 0 0 0 0 0 0 0 0 19 0 0 0 0 0 0 0 0 0 0 0 1 12 0 0 0 0 2 0 0 0 0 0 0 0 0 0 0 0 0 0 0 10 0 0 16 0 0 2 0 0 0 0 0 0 0 0 14 0 0 76 6 1 1 9 1 0 0 0 0 0 0 0 0 0 0 0 0 0 0 0 0 0 0 0 0 0 0 10 0 0 0 0 
 0 0 0 1 1 0 0 2 0 0 0 2 2 0 0 0 0 0 0 0 128 257 410 134 232 136 50 39 38 134 156 240 210 126 179 0 195 117 33 55 0 0 0 0 0 3 3 0 0 6 0 0 1 0 3 0 16 2 0 0 44 0 0 0 0 0 0 0 0 0 6 0 30 0 2 0 0 0 6 0 0 0 0 0 20 11 0 0 0 0 0 0 0 0 0 8 0 0 0 0 0 37 13 12 23 19 2 0 24 0 22 4 1 10 0 33 9 9 0 0 0 0 0 0 0 0 15 0 0 0 0 0 0 0 0 0 0 0 31 0 0 0 0 0 0 0 0 0 0 0 0 0 0 0 0 0 0 0 0 0 0 0 0 0 0 0 0 0 0 0 0 1 0 0 0 0 0 12 0 0 0 33 16 0 39 10 0 17 0 17 12 14 26 20 28 0 1 9 5 0 0 0 0 0 0 0 8 0 0 4 0 0 0 0 0 0 0 0 20 21 0 0 0 0 0 0 0 0 0 0 0 0 0 0 0 0 0 0 0 0 0 0 0 0 0 0 0 0 0 0 0 0 0 0 2 2 0 1 0 0 0 0 0 0 0 0 0 0 0 0 0 0 0 0 0 6 0 0 0 0 0 0 0 0 0 14 0 0 0 0 
 0 209 0 0 0 0 1 0 0 0 0 0 0 1 0 2 206 0 0 3 24 298 221 211 220 225 34 138 91 152 122 158 470 51 175 195 0 74 51 53 0 3 0 0 2 3 4 1 0 7 1 0 23 0 3 0 5 0 63 65 2 0 15 0 0 0 0 0 0 0 13 3 0 0 5 0 52 0 9 0 0 0 0 0 0 0 0 0 0 0 0 0 0 0 0 0 0 0 0 0 0 25 9 0 9 23 0 20 43 0 0 82 0 0 0 0 12 0 0 0 10 0 0 0 0 0 42 0 0 0 0 0 12 11 24 2 0 1 19 0 0 0 0 0 0 0 0 0 0 4 0 0 0 0 0 1 6 0 0 0 26 0 0 0 0 1 0 0 0 0 0 0 0 0 0 0 6 0 0 0 0 44 31 0 13 4 0 0 0 34 35 53 0 19 0 66 15 0 0 0 7 0 15 0 0 0 20 0 0 0 0 0 16 20 0 0 1 0 0 0 0 0 0 0 0 0 0 0 0 0 0 0 0 0 0 0 0 0 0 0 0 0 0 0 0 0 0 0 1 0 0 0 0 0 5 2 2 77 2 0 53 1 0 0 0 0 0 0 0 0 0 0 0 0 0 0 0 0 0 0 0 24 0 0 0 0 0 0 0 0 
 0 0 0 1 1 77 36 2 0 0 0 0 0 7 0 0 0 8 2 4 147 259 188 284 331 214 28 40 236 135 240 100 62 47 201 117 74 0 82 120 0 0 0 0 0 3 65 0 0 4 1 10 62 0 5 0 3 0 0 127 0 0 0 0 0 0 0 0 0 0 0 0 40 2 0 0 0 0 0 0 0 0 0 1 0 42 0 0 2 0 1 0 0 5 0 0 0 0 0 0 10 20 47 9 10 21 0 12 32 6 27 11 10 13 6 9 39 19 3 0 1 12 0 0 0 0 17 0 0 14 0 0 0 0 0 0 0 0 12 24 0 0 0 0 0 0 2 0 0 0 0 0 0 0 0 0 1 0 1 0 0 0 0 0 0 3 0 0 0 5 2 0 0 0 0 0 0 0 0 0 1 5 0 51 0 14 0 0 18 0 0 25 0 12 9 41 0 0 9 0 15 0 0 0 0 0 2 0 0 0 0 0 1 12 0 0 12 0 0 0 0 0 0 0 0 0 0 0 0 0 0 0 0 0 2 0 0 0 0 0 0 0 2 0 0 0 0 0 0 0 0 0 0 0 9 2 0 9 6 3 1 0 0 0 0 0 0 0 0 0 0 0 0 0 0 0 0 0 0 0 0 6 0 0 0 14 0 0 0 0 
 79 208 96 78 4 87 2 37 77 38 108 77 2 4 76 76 75 97 2 2 47 47 38 51 261 61 120 50 360 117 67 39 87 267 67 33 51 82 0 266 0 0 0 0 0 3 3 3 64 0 68 4 0 2 3 0 3 0 0 0 0 0 0 0 0 0 0 0 0 0 0 0 0 0 51 0 0 0 0 0 0 0 14 14 34 34 0 22 26 33 12 12 0 0 11 11 9 17 0 0 11 52 9 0 12 0 27 6 0 0 6 0 25 3 23 0 16 1 38 7 0 0 0 0 0 15 0 0 0 0 0 0 0 0 0 0 0 0 0 0 0 0 0 0 0 0 0 0 0 0 0 0 0 0 0 1 0 0 0 0 0 0 1 0 2 0 0 0 2 24 0 0 0 0 0 0 0 19 0 0 8 0 0 14 0 0 0 0 1 0 0 0 10 20 0 0 0 0 65 42 5 1 0 0 0 0 0 0 1 0 1 0 0 0 0 0 0 0 0 0 11 0 0 0 0 0 0 0 0 0 0 0 0 0 0 0 0 0 0 0 0 0 0 0 0 1 30 0 0 80 17 0 0 0 14 0 2 0 0 0 99 2 0 0 0 0 0 0 0 0 0 0 0 0 0 0 2 0 0 0 0 42 0 0 1 0 0 0 0 0 
 2 2 2 78 235 24 5 76 4 77 121 160 2 3 2 76 208 45 2 4 44 356 90 64 480 41 151 129 97 164 72 31 168 113 94 55 53 120 266 0 0 0 0 0 0 3 3 3 1 0 0 12 0 1 34 0 3 0 0 0 0 0 0 28 0 0 0 0 0 0 0 0 33 0 0 0 0 0 0 0 0 0 9 0 8 24 0 22 0 15 21 53 0 0 0 0 0 0 0 0 5 7 33 0 14 0 34 41 0 17 31 0 21 38 44 9 0 14 32 58 0 0 0 0 0 0 0 0 0 0 0 0 0 0 0 0 0 0 0 0 0 0 0 0 0 0 0 25 0 0 0 3 0 11 0 5 0 14 0 0 0 0 0 20 21 10 0 0 62 14 0 16 0 0 0 0 0 18 0 0 37 0 24 9 0 0 45 6 14 33 12 0 24 23 42 22 22 15 2 43 0 16 0 0 0 0 0 0 0 0 0 0 0 0 0 0 0 0 0 0 0 0 0 0 0 0 0 0 0 0 0 0 0 0 0 0 0 0 0 0 0 1 0 0 0 0 86 0 0 0 0 0 0 0 8 2 0 0 0 0 0 2 1 0 0 0 21 0 0 0 0 15 0 0 0 0 10 0 0 0 0 8 0 0 0 0 11 0 0 0 
 3 0 0 0 0 2 0 0 0 0 3 0 0 0 0 0 0 0 0 0 0 2 1 1 160 5 0 70 2 3 0 69 0 2 2 0 0 0 0 0 0 165 139 64 59 38 99 335 92 21 251 44 60 49 266 32 21 22 262 151 1 9 5 0 0 0 2 0 0 3 0 0 0 35 0 3 2 1 0 0 0 0 0 0 0 0 0 0 0 0 0 0 0 0 0 0 0 0 0 0 0 0 0 0 0 30 0 0 0 0 0 49 0 0 0 0 0 0 0 0 9 8 0 9 0 0 7 15 0 15 24 0 11 36 1 0 12 11 14 20 0 0 0 0 3 0 0 0 0 0 0 9 0 10 0 1 0 0 0 11 0 0 0 0 0 0 0 0 0 3 23 0 0 0 0 0 13 0 0 0 0 0 0 0 0 10 0 0 0 0 0 18 0 0 0 0 0 0 0 0 35 12 0 0 18 0 18 29 38 0 15 0 0 8 28 25 27 9 0 13 0 0 0 0 24 1 5 0 0 0 0 0 0 0 3 0 24 0 0 0 0 0 11 0 0 0 0 0 0 0 0 11 0 0 0 0 0 61 0 0 0 0 0 0 0 9 3 0 2 0 0 0 0 0 0 4 0 0 0 0 0 0 0 0 0 7 0 0 2 0 
 3 3 3 3 3 3 3 5 3 16 3 3 3 3 3 3 3 25 3 3 0 2 0 0 53 61 1 1 4 2 0 0 5 0 0 0 3 0 0 0 165 0 233 87 41 263 119 85 113 55 47 31 490 284 152 74 46 37 188 91 0 0 0 0 0 0 0 0 0 0 0 3 0 0 0 0 0 0 4 0 0 0 3 0 43 0 0 0 0 11 0 14 0 0 0 0 0 0 0 0 0 0 0 0 0 0 0 0 0 0 0 0 0 1 0 0 0 0 0 4 0 18 0 48 0 0 0 8 0 1 20 32 0 93 0 28 19 8 0 0 0 0 0 0 0 0 0 0 19 13 0 0 14 0 1 0 0 0 0 0 0 0 0 15 0 8 0 0 0 0 7 0 0 0 12 15 0 0 0 0 0 0 0 0 0 0 21 16 0 0 0 0 2 0 0 41 0 0 0 0 7 27 0 0 0 0 10 29 28 13 0 5 23 27 15 21 0 13 9 15 11 0 16 0 0 0 2 20 0 0 0 0 0 14 0 0 0 0 6 0 0 0 0 0 0 0 6 0 0 31 0 6 0 2 0 0 0 2 1 1 0 0 5 0 0 0 0 0 0 0 0 0 0 0 0 0 0 0 0 0 0 0 0 0 0 1 0 0 0 0 
 0 0 0 0 0 0 0 0 0 0 0 0 0 0 0 2 0 0 0 0 0 3 0 0 87 12 3 0 2 0 0 4 0 0 0 0 0 0 0 0 139 233 0 94 258 264 150 136 138 58 34 36 205 118 81 112 551 150 209 297 0 0 0 0 0 0 0 0 0 0 0 0 0 0 0 0 0 0 0 0 0 0 0 0 0 0 0 0 0 0 0 0 0 0 0 0 0 0 0 0 0 0 0 0 1 0 0 0 0 0 0 0 0 0 0 0 0 0 0 0 0 32 46 38 9 0 0 41 14 10 28 20 7 34 0 4 10 10 0 1 0 0 0 0 0 0 0 0 0 0 0 0 0 0 0 0 0 0 0 0 0 0 0 1 0 0 0 0 0 0 0 0 0 0 0 0 0 0 0 0 0 0 0 0 0 1 0 0 0 0 0 0 0 0 0 0 0 0 0 0 7 37 10 7 0 0 6 31 46 17 67 50 23 23 39 17 0 31 11 46 0 0 0 0 0 0 14 0 0 0 0 0 0 0 0 0 0 0 8 0 0 0 0 0 0 0 0 0 0 0 0 22 0 0 0 0 0 0 0 2 0 0 0 0 68 4 0 0 0 0 0 0 0 0 0 0 0 0 0 0 0 0 0 0 0 0 0 10 1 0 
 0 190 0 0 0 0 0 0 0 0 0 0 60 0 0 0 0 0 0 0 0 0 0 0 0 0 0 1 0 0 0 0 0 0 2 0 0 0 0 0 64 87 94 0 85 37 173 172 187 267 222 111 132 208 89 64 290 144 233 101 1 0 0 0 0 45 0 0 0 0 0 0 50 0 0 0 0 0 0 0 0 0 0 0 0 0 0 0 0 0 0 0 0 0 0 0 0 0 0 0 0 0 0 0 0 0 0 0 0 0 0 0 0 0 0 0 0 0 0 0 19 1 0 14 16 63 0 25 0 12 14 24 15 16 6 83 26 9 0 10 0 0 0 0 0 0 0 0 0 0 0 0 6 0 0 0 0 0 9 0 0 0 0 0 0 0 4 0 0 17 0 0 0 0 0 0 0 0 0 0 0 0 0 0 0 0 0 0 0 0 0 0 0 14 0 0 0 0 0 0 16 0 0 16 0 8 9 13 1 0 12 23 1 25 1 5 12 11 7 7 1 0 7 0 0 0 3 3 0 0 0 0 0 2 0 0 0 0 39 12 0 20 0 0 0 0 0 0 0 0 0 14 0 0 0 0 0 0 0 51 0 0 64 67 65 3 2 0 0 0 22 0 0 0 0 0 0 0 0 0 0 0 0 0 0 2 0 1 1 0 
 0 3 0 0 0 0 0 0 0 0 0 0 0 0 0 3 0 0 0 0 0 2 0 0 0 2 0 0 4 0 0 3 0 0 0 0 2 0 0 0 59 41 258 85 0 511 484 130 193 79 136 44 92 72 163 141 46 261 99 63 0 0 51 0 0 0 0 25 1 0 0 0 0 36 46 0 65 4 1 100 0 0 0 0 0 0 0 0 0 0 0 0 0 0 0 0 0 0 0 0 0 0 0 0 0 0 0 0 0 1 0 0 0 0 0 0 0 0 0 0 6 0 0 7 12 36 0 0 68 0 15 1 0 0 0 11 7 9 0 0 23 11 13 0 0 0 10 0 0 0 10 0 20 9 0 24 26 0 10 0 0 0 0 0 0 0 0 0 0 0 0 0 0 0 0 0 0 0 2 5 0 0 0 0 0 0 0 0 0 0 0 0 0 0 0 0 0 0 0 0 0 0 0 0 0 21 0 0 1 0 17 0 0 0 0 0 0 10 0 0 12 13 9 16 0 1 0 0 0 46 0 14 48 18 0 11 0 47 0 11 0 0 0 0 0 0 0 0 0 0 0 5 0 0 0 0 0 0 0 1 0 29 10 1 3 12 2 2 0 0 0 0 0 0 0 0 0 0 0 0 0 3 2 0 32 0 0 0 11 0 
 1 0 2 0 0 0 3 2 0 0 62 0 0 0 2 8 0 3 6 7 3 3 3 3 3 7 3 3 6 3 3 3 3 3 3 3 3 3 3 3 38 263 264 37 511 0 260 116 93 57 185 43 45 59 271 85 63 310 70 83 51 2 25 0 0 0 33 53 53 51 0 1 0 141 52 50 51 2 52 75 0 0 0 0 0 0 0 0 0 0 6 0 5 1 3 5 0 2 0 0 0 0 0 0 0 0 32 0 0 0 0 0 0 0 0 0 0 0 0 0 0 0 0 0 7 6 0 0 0 0 0 0 0 0 0 0 0 0 0 0 22 7 10 13 0 0 42 8 7 0 2 0 0 35 10 14 24 10 10 17 0 6 2 0 0 0 0 0 1 0 0 16 0 0 11 8 0 0 0 2 0 0 0 0 0 0 0 0 0 0 0 0 0 0 0 0 0 0 0 0 0 0 0 0 10 11 0 0 0 0 0 0 0 0 0 0 0 0 0 0 16 13 14 15 0 13 10 0 74 41 0 12 12 9 0 36 0 15 0 5 0 0 0 0 0 0 0 0 0 0 0 3 0 0 0 0 0 0 0 10 0 27 13 0 0 4 0 63 5 0 17 0 0 1 0 0 0 0 0 0 0 0 0 0 0 0 0 0 9 0 
 0 0 0 1 0 0 0 0 0 0 0 0 0 0 0 0 0 3 0 0 3 4 69 80 66 5 5 3 21 21 74 67 3 3 4 3 4 65 3 3 99 119 150 173 484 260 0 181 120 52 80 35 113 132 51 36 110 85 116 176 0 0 8 0 0 0 0 0 4 7 8 1 0 0 0 3 51 3 0 0 0 0 14 0 0 0 0 12 0 0 0 0 0 0 0 0 0 0 0 0 0 0 0 0 6 1 0 0 0 0 1 0 0 0 0 0 0 0 0 0 23 18 17 10 1 22 10 19 13 16 0 19 8 23 23 22 23 25 0 0 0 0 0 0 0 1 0 0 0 0 0 1 0 0 0 0 0 0 0 17 0 0 0 0 0 2 0 0 0 0 0 0 0 0 0 0 1 0 0 0 0 1 0 6 0 17 0 0 0 0 0 0 0 0 0 0 1 1 0 0 5 13 0 9 15 0 0 1 26 21 20 4 32 19 14 1 28 33 8 0 6 0 0 0 6 0 3 0 0 0 0 0 7 0 0 0 0 0 0 0 0 0 0 0 0 0 0 0 0 20 0 2 0 1 0 0 0 0 68 2 0 0 37 0 1 4 0 0 0 0 14 0 0 0 0 8 0 0 0 0 0 0 0 0 0 3 0 9 0 0 
 0 0 0 0 63 0 0 0 0 3 0 0 0 0 0 0 0 3 0 0 3 3 3 0 2 3 0 0 0 3 3 25 0 3 6 0 1 0 3 3 335 85 136 172 130 116 181 0 215 45 36 39 158 303 114 76 122 167 129 59 169 14 0 0 0 50 2 6 0 1 0 0 12 6 16 0 6 0 3 0 0 0 0 0 0 0 0 0 0 8 0 0 0 0 0 0 0 7 0 0 0 0 0 0 0 0 0 0 0 0 0 0 0 0 0 0 0 0 0 0 9 59 13 17 0 6 0 7 2 9 22 0 12 11 17 17 10 0 0 19 8 7 0 0 0 0 0 6 0 0 0 0 5 8 1 0 0 0 6 12 0 0 0 0 0 0 0 0 0 0 0 0 0 0 0 0 0 0 6 6 0 0 0 0 0 0 0 0 11 0 0 0 0 0 0 0 0 0 0 0 9 7 0 0 0 0 6 0 9 1 54 38 10 0 21 34 9 26 0 8 0 0 10 0 0 0 6 0 19 0 0 0 0 1 0 10 0 0 0 0 0 0 11 0 0 0 0 0 0 0 0 3 0 0 0 0 0 0 0 0 0 0 2 1 70 7 0 0 0 0 33 0 0 0 0 0 0 0 0 0 0 0 0 0 0 7 0 6 1 0 
 0 0 63 0 0 1 0 0 0 0 0 0 0 0 0 0 0 0 0 0 0 0 1 0 0 0 3 0 1 0 0 0 0 0 1 0 0 0 64 1 92 113 138 187 193 93 120 215 0 277 41 89 123 206 534 84 50 117 117 195 0 0 0 0 0 0 0 0 0 0 0 0 1 0 0 0 0 0 0 0 0 0 0 0 0 1 0 0 0 0 0 0 0 0 0 0 0 0 0 0 1 1 0 0 0 0 0 0 0 3 0 0 6 0 34 4 6 0 0 0 30 0 22 15 21 0 0 2 0 0 30 1 0 4 0 56 11 3 0 0 41 0 0 0 0 6 0 0 0 0 6 0 0 3 0 0 0 10 0 0 0 0 0 0 0 0 0 0 0 0 0 0 0 0 0 0 0 0 6 8 25 0 0 0 0 0 0 0 0 0 0 0 0 0 5 0 0 3 17 0 1 41 23 9 0 5 25 15 7 0 18 38 0 1 12 26 9 38 22 4 0 0 0 0 0 8 20 0 0 0 0 0 0 1 1 0 0 0 10 21 0 0 3 0 0 0 0 0 0 0 0 13 0 0 0 0 0 0 1 1 0 17 0 1 28 10 0 0 0 0 0 0 0 0 0 0 0 0 0 0 0 0 0 0 17 10 0 0 1 0 
 0 3 0 0 0 0 0 0 0 0 2 0 0 1 0 0 3 0 0 0 0 6 1 0 11 0 1 2 33 42 17 7 0 0 2 6 7 4 0 0 21 55 58 267 79 57 52 45 277 0 148 124 49 85 137 306 433 60 81 107 0 30 5 0 0 0 0 0 0 7 0 0 49 0 0 0 0 3 0 0 0 0 0 0 0 0 0 0 0 0 0 0 0 0 0 0 0 4 0 0 0 0 0 0 0 6 0 0 2 0 0 4 0 0 0 0 0 0 0 0 19 16 1 18 13 12 8 0 11 19 0 13 17 3 17 4 20 0 2 19 0 0 0 0 0 0 0 0 10 0 0 0 10 10 0 0 0 0 10 11 0 0 0 0 0 0 6 0 0 0 0 0 0 0 0 0 0 0 0 0 0 0 3 0 9 0 0 0 0 7 5 3 0 0 0 0 0 0 6 0 19 0 37 14 0 43 12 10 0 9 33 0 2 0 0 19 1 0 2 0 7 0 12 0 0 0 1 27 0 0 0 0 0 9 5 0 0 0 9 6 0 0 34 0 0 0 0 0 0 0 0 6 0 0 0 0 0 0 0 12 10 0 3 65 1 4 0 1 0 0 22 0 0 0 0 0 0 0 0 0 0 3 0 0 10 0 0 0 2 0 
 3 6 3 3 3 3 3 3 2 3 3 3 3 3 3 6 3 2 3 6 0 0 1 0 0 0 2 2 0 0 63 0 0 0 2 0 1 1 68 0 251 47 34 222 136 185 80 36 41 148 0 388 56 314 84 89 181 236 33 62 170 0 1 0 0 0 212 0 0 0 0 0 0 0 22 0 51 0 66 0 0 0 0 0 0 0 0 0 0 0 0 0 0 0 0 0 0 0 0 0 0 0 1 0 1 0 0 0 0 5 2 0 6 0 0 5 6 0 1 0 0 0 9 0 27 34 0 20 7 9 0 0 10 0 11 0 13 32 0 0 0 10 11 0 0 0 10 9 11 0 0 0 39 2 7 9 17 0 16 12 0 0 0 0 0 0 4 0 0 8 0 0 0 0 0 0 0 0 0 0 2 0 0 1 0 0 0 0 0 0 0 0 0 1 3 0 0 2 5 0 0 0 0 23 22 10 3 0 0 7 10 7 0 0 0 0 15 10 0 2 13 0 8 9 0 0 0 18 6 7 0 0 22 6 12 12 10 0 36 31 0 0 3 0 0 0 0 0 0 0 0 3 0 0 0 0 0 0 1 23 35 16 13 1 2 1 8 35 0 0 11 0 0 0 0 0 0 0 0 0 0 1 0 0 0 0 0 0 1 0 
 0 0 0 0 4 8 0 0 3 3 1 5 0 0 0 3 0 0 0 0 0 16 0 0 0 0 0 8 78 0 0 2 0 0 203 0 0 10 4 12 44 31 36 111 44 43 35 39 89 124 388 0 31 335 97 25 183 145 45 40 1 8 5 0 0 0 210 0 0 0 0 0 0 0 0 0 51 0 0 0 0 0 0 0 0 43 0 0 0 0 0 0 0 0 0 0 0 0 0 0 10 10 11 0 10 0 0 7 0 0 4 0 5 0 0 0 5 3 6 0 0 0 38 22 0 28 0 20 26 15 0 3 9 0 16 19 32 47 0 0 0 0 0 0 0 1 0 0 19 0 0 0 15 10 0 0 0 0 0 18 0 0 22 0 0 0 0 0 0 0 9 0 0 0 0 0 1 0 0 26 0 0 0 6 0 0 0 0 7 12 0 0 0 14 0 0 0 0 5 0 13 0 29 11 32 2 1 0 1 35 40 1 0 0 0 0 56 13 0 1 7 0 0 0 0 0 0 0 1 0 0 0 7 15 6 0 0 0 11 0 0 0 12 0 0 0 0 0 0 0 0 10 0 0 0 0 0 0 0 2 0 39 75 0 2 0 0 0 0 0 14 0 0 0 0 0 0 0 0 0 0 8 0 0 14 0 0 0 2 0 
 2 2 2 2 2 2 2 2 2 2 2 2 2 2 2 3 2 2 2 2 13 2 27 82 1 71 6 0 30 33 62 125 0 6 6 1 23 62 0 0 60 490 205 132 92 45 113 158 123 49 56 31 0 120 70 34 87 104 175 247 0 0 0 3 0 0 0 0 0 0 1 0 0 0 0 0 0 1 0 1 0 0 0 0 0 0 0 0 0 0 0 0 0 0 0 0 0 0 0 0 10 0 0 10 19 6 0 0 42 0 0 19 0 0 0 0 0 0 0 0 28 15 24 0 0 0 18 10 11 11 22 0 9 1 10 0 1 0 4 0 0 0 0 0 0 0 0 0 0 7 0 0 0 0 0 0 12 0 0 0 8 0 0 0 0 20 0 0 0 0 0 0 0 0 0 0 2 0 0 0 13 7 5 20 4 6 0 7 0 2 3 1 0 0 0 13 0 6 0 0 0 23 0 15 0 0 6 25 0 0 2 20 16 0 2 0 0 18 7 12 0 0 0 0 0 0 0 0 0 0 0 0 0 0 0 0 0 0 0 0 0 0 1 0 0 0 0 0 0 0 0 7 0 0 0 0 0 1 66 0 0 0 0 0 34 0 1 2 0 0 11 0 0 0 1 0 0 0 0 0 0 19 0 0 0 0 0 1 2 0 
 0 0 2 2 2 0 0 2 0 2 0 2 0 0 64 2 0 2 2 4 1 0 0 0 0 0 1 0 0 0 0 5 1 1 0 0 0 0 2 1 49 284 118 208 72 59 132 303 206 85 314 335 120 0 166 255 86 327 158 200 0 8 0 0 4 3 0 0 0 1 0 2 0 0 0 0 48 0 0 0 0 0 0 0 0 0 0 0 0 0 0 0 0 0 0 0 0 0 0 0 0 0 0 0 0 0 0 0 0 0 0 0 0 0 0 0 0 0 0 0 19 0 15 0 0 20 0 51 2 0 11 0 0 0 0 13 0 16 0 0 0 1 0 0 1 6 0 0 0 1 0 0 0 15 0 0 0 0 0 18 0 0 0 0 0 0 0 0 0 0 0 0 0 0 0 0 0 13 0 0 0 0 0 0 0 0 0 0 0 0 0 14 0 0 0 0 0 0 0 0 0 15 1 18 15 0 14 9 9 2 28 4 0 0 11 0 29 23 10 9 0 1 0 0 2 1 30 0 0 0 0 0 1 0 0 0 1 0 0 0 0 0 12 0 0 0 0 0 0 2 0 28 0 0 0 0 0 0 0 0 0 0 66 0 8 1 1 0 0 0 0 0 0 0 0 0 0 0 0 0 0 0 0 0 0 8 0 0 2 1 
 0 0 0 4 0 0 3 0 6 3 5 0 0 0 0 0 6 1 1 0 3 3 67 3 3 3 5 3 3 3 3 3 3 3 3 3 3 5 3 34 266 152 81 89 163 271 51 114 534 137 84 97 70 166 0 302 96 105 184 124 0 0 0 0 0 0 0 0 2 0 0 7 1 0 0 0 50 0 1 0 0 0 0 11 0 0 0 0 0 0 0 0 0 0 0 0 4 5 0 0 0 0 0 0 0 0 0 0 0 0 0 0 0 0 0 0 0 0 0 0 0 0 9 31 21 0 0 18 19 17 16 29 1 14 0 40 25 32 0 0 0 0 0 0 0 9 0 0 0 5 0 0 6 3 0 0 0 7 0 0 0 2 0 0 12 0 0 7 0 0 0 3 0 5 1 1 1 1 3 4 0 0 0 0 0 0 0 0 0 0 0 0 0 0 0 0 0 0 0 4 1 0 36 12 14 7 0 1 1 14 8 10 0 19 19 12 0 29 11 0 0 0 0 0 0 0 11 10 0 0 0 0 7 6 0 0 0 0 0 1 0 0 0 0 0 0 0 0 0 0 0 14 0 1 0 0 0 0 0 2 0 0 3 2 0 9 0 0 0 0 0 0 0 0 0 0 0 0 0 0 0 0 0 0 30 0 0 0 0 0 
 0 2 0 0 0 0 0 0 0 0 2 0 0 0 0 0 0 0 0 0 0 0 0 1 0 0 3 0 4 63 0 67 0 0 0 0 0 0 0 0 32 74 112 64 141 85 36 76 84 306 89 25 34 255 302 0 136 104 61 39 2 3 0 0 3 1 2 208 3 0 2 0 1 3 1 0 3 0 0 5 0 0 0 0 0 0 0 0 0 0 0 0 0 0 0 0 0 0 0 0 0 0 0 0 12 7 0 0 0 0 0 1 0 0 0 0 0 0 0 0 0 1 4 29 20 0 10 9 12 11 24 0 8 0 0 21 0 3 0 0 0 0 0 0 0 5 0 0 31 0 7 0 56 3 1 0 0 10 0 0 0 0 1 0 0 0 0 20 0 0 0 0 0 0 0 0 0 0 10 4 0 0 1 0 0 0 0 0 0 0 0 0 0 0 0 0 0 0 0 0 1 7 24 10 0 0 0 9 0 16 9 5 9 0 0 10 0 9 0 6 6 0 0 0 0 0 13 21 0 0 0 0 0 14 1 0 2 0 26 23 0 0 0 0 0 0 0 0 0 0 0 6 0 0 0 0 0 0 0 1 0 0 1 1 0 9 1 0 1 0 0 0 0 0 0 0 0 0 0 0 0 0 0 0 16 11 0 0 0 0 
 0 1 0 0 2 0 0 0 0 0 3 0 0 0 0 3 0 3 0 0 9 3 6 8 4 5 3 6 7 8 2 79 3 7 4 16 5 3 3 3 21 46 551 290 46 63 110 122 50 433 181 183 87 86 96 136 0 128 39 47 0 0 0 2 0 0 0 0 0 0 0 0 56 0 0 0 0 0 1 0 0 0 0 0 0 0 0 0 0 0 0 0 0 0 0 0 0 0 0 0 0 35 0 8 15 10 0 0 17 1 0 0 0 0 0 1 0 0 0 0 0 0 31 25 0 9 13 15 27 18 12 17 19 1 6 18 23 11 3 10 0 0 0 0 0 0 0 0 0 0 0 0 15 0 0 0 0 0 0 0 0 0 0 0 0 0 0 0 13 0 0 0 0 0 0 11 0 0 0 0 0 11 34 0 3 0 0 5 0 13 5 0 0 0 1 0 0 1 0 0 14 7 24 22 11 1 11 10 1 25 4 0 17 0 0 0 10 0 5 13 0 0 0 0 0 0 0 0 0 0 0 0 0 15 0 0 0 14 0 0 0 0 0 0 0 0 0 0 0 0 0 20 0 0 0 0 0 0 0 0 0 0 64 0 2 1 1 0 0 0 9 0 0 0 0 0 0 0 0 0 0 0 0 0 15 12 0 0 0 0 
 0 0 0 0 0 0 0 0 0 0 0 0 0 0 0 5 0 0 0 2 1 0 0 0 1 0 2 1 0 0 0 1 0 0 0 2 0 0 0 0 22 37 150 144 261 310 85 167 117 60 236 145 104 327 105 104 128 0 143 118 0 0 0 0 0 0 0 0 0 0 0 0 49 0 0 0 53 0 0 0 0 0 0 0 0 0 0 0 8 0 0 0 0 0 0 0 0 0 0 0 0 0 0 0 0 12 0 0 0 0 0 0 0 0 0 0 0 0 0 0 19 0 41 9 27 33 0 38 17 8 19 20 7 15 1 16 0 23 0 0 0 0 0 0 5 5 0 0 0 0 0 0 11 23 0 0 0 0 10 0 0 0 0 0 0 0 7 0 0 0 0 0 0 0 0 0 0 0 0 0 0 0 0 0 0 0 0 0 0 0 0 0 0 0 0 21 0 0 0 0 0 22 2 30 16 7 7 25 0 2 3 19 12 20 0 0 21 21 14 17 0 1 7 0 0 0 12 9 0 0 0 0 2 8 0 0 0 0 7 7 0 0 0 0 0 0 0 0 0 0 0 11 0 0 0 0 0 0 0 6 0 27 65 78 52 5 0 0 0 0 0 0 0 0 0 0 0 0 0 0 0 0 0 0 0 0 0 0 2 0 
 0 0 0 2 0 0 0 0 0 3 0 0 0 0 0 3 0 64 0 0 0 0 0 62 62 30 4 62 0 0 0 68 0 2 0 0 63 0 0 0 262 188 209 233 99 70 116 129 117 81 33 45 175 158 184 61 39 143 0 455 0 0 0 0 0 0 0 0 0 0 0 0 0 0 2 0 0 0 0 0 0 0 0 0 0 0 0 0 0 0 0 0 0 0 0 0 0 0 0 0 7 0 0 9 0 0 0 0 6 0 0 6 0 0 0 0 0 0 0 0 29 2 18 14 1 0 0 70 2 0 7 16 0 11 0 15 17 13 0 0 0 0 0 0 0 0 0 0 3 1 0 0 0 0 0 0 1 0 0 3 0 0 0 0 0 0 0 0 0 0 0 0 0 0 0 0 0 8 0 0 0 0 0 0 0 0 0 0 0 0 0 10 0 0 0 0 0 0 0 0 0 17 20 25 10 0 7 17 25 10 21 34 46 22 28 12 0 12 22 10 0 0 0 0 0 0 15 0 0 0 15 0 0 0 0 0 0 0 0 0 0 0 0 0 0 0 0 0 0 0 0 11 0 2 0 0 0 65 0 1 0 0 0 0 6 0 2 0 0 0 0 0 0 0 0 0 0 0 0 0 0 12 2 0 4 0 0 0 0 0 
 0 0 0 0 0 0 0 0 0 0 0 0 0 0 0 0 0 0 0 0 0 175 0 209 1 35 0 0 0 0 63 65 0 0 0 0 65 127 0 0 151 91 297 101 63 83 176 59 195 107 62 40 247 200 124 39 47 118 455 0 0 5 0 2 0 0 0 9 0 0 0 0 0 15 5 0 0 0 2 0 0 0 0 0 0 0 0 0 0 0 0 0 0 0 0 0 6 0 0 0 0 0 13 0 4 24 0 0 10 8 0 25 0 0 0 0 0 0 0 0 0 9 9 9 0 0 0 11 0 13 18 11 0 50 0 28 13 10 24 24 11 6 0 0 0 1 0 4 0 6 0 0 11 2 2 0 36 0 7 0 0 0 0 0 0 2 0 0 0 6 0 0 0 0 0 0 0 0 0 0 7 0 0 0 0 9 0 0 0 0 0 21 0 0 0 13 0 0 0 0 14 31 0 1 1 1 17 0 0 0 10 27 42 18 15 9 32 24 8 8 16 1 0 0 0 0 1 0 0 0 1 0 1 0 1 6 0 0 0 0 0 0 0 0 0 0 2 0 0 0 0 10 0 3 0 2 0 1 62 0 0 0 2 0 63 1 2 0 0 0 0 0 0 0 0 0 0 0 0 0 0 20 0 0 0 5 0 7 1 0 
 0 0 0 0 0 0 0 0 0 0 0 0 0 0 0 0 0 0 0 0 0 2 0 0 51 0 0 0 2 0 0 0 0 0 3 44 2 0 0 0 1 0 0 1 0 51 0 169 0 0 170 1 0 0 0 2 0 0 0 0 0 121 116 44 29 31 313 151 62 104 45 271 56 40 58 105 252 52 269 210 0 0 0 0 0 0 0 0 0 0 0 0 0 0 0 0 0 0 0 0 0 0 0 0 0 0 0 0 0 0 0 0 0 0 0 19 0 0 0 0 0 0 0 0 0 0 0 0 0 0 0 0 0 0 0 0 0 0 0 0 11 4 0 22 2 9 0 0 6 0 16 1 0 1 13 21 0 33 0 0 0 0 78 0 0 0 0 0 0 0 0 0 0 0 5 0 0 0 0 0 0 0 0 0 0 0 0 0 0 0 0 0 0 0 0 0 0 0 0 0 0 11 0 0 0 0 0 0 0 0 0 0 0 0 0 0 0 0 0 0 0 19 25 28 18 17 0 1 0 44 6 20 0 0 15 8 18 27 0 0 0 0 0 0 0 0 0 0 0 0 0 0 0 0 5 0 0 0 0 0 0 0 0 0 0 0 2 0 0 0 22 0 1 16 2 0 0 0 0 0 0 0 0 0 0 0 0 9 0 0 
