 0 146 68 37 44 124 297 174 60 118 55 125 291 44 144 132 149 73 136 139 2 0 0 0 2 0 0 2 0 2 1 3 3 2 0 0 0 0 74 3 0 0 0 0 3 0 0 0 0 0 0 0 0 0 0 0 0 0 0 0 0 3 0 0 0 0 0 0 0 0 0 0 0 2 3 12 2 0 0 0 3 10 36 0 14 13 22 34 26 10 0 0 0 41 21 35 32 0 0 24 0 0 0 0 0 0 0 0 0 2 0 0 0 0 0 0 0 2 0 0 0 0 0 13 2 0 0 0 0 0 0 0 0 0 0 0 0 0 0 0 0 0 0 0 0 0 18 6 2 7 0 0 0 0 0 0 0 0 0 0 0 0 35 29 0 0 10 29 38 1 10 0 12 11 18 2 14 1 25 0 0 0 0 0 0 0 0 2 0 0 0 0 0 0 0 0 0 0 13 0 0 0 0 1 0 0 0 0 0 0 0 0 0 0 0 0 2 0 0 0 0 2 0 0 0 0 0 0 0 0 0 0 0 0 0 0 0 0 0 0 0 0 0 0 0 0 86 0 2 90 0 9 0 0 0 0 0 0 0 0 0 0 0 0 0 0 0 0 0 0 0 0 0 0 0 0 0 33 0 0 0 0 0 0 0 0 0 0 0 0 
 146 0 490 75 47 37 177 270 80 358 67 32 194 163 227 30 348 44 177 228 0 0 0 0 2 0 76 2 0 0 1 3 3 0 0 0 0 0 1 1 0 1 0 2 3 0 0 0 0 0 0 0 0 0 0 0 0 0 0 0 0 0 0 1 0 0 0 0 0 0 0 0 0 0 3 3 2 0 0 0 15 19 11 2 9 1 64 25 24 0 9 26 0 9 21 38 13 79 0 21 1 0 0 0 0 0 1 2 0 0 0 0 48 1 0 2 0 0 15 14 0 0 0 0 0 0 1 0 0 0 0 0 0 0 0 0 0 0 0 0 0 0 0 0 0 1 0 0 0 0 0 0 0 0 0 1 0 0 0 0 15 34 30 19 0 0 55 10 28 1 1 0 39 10 4 3 25 18 0 0 0 0 0 35 0 0 0 0 0 0 0 0 0 0 0 0 0 0 10 7 1 0 0 0 0 0 0 0 0 0 0 0 0 0 0 0 0 0 2 0 0 0 0 0 0 0 0 0 0 0 0 0 0 0 0 0 0 0 0 0 0 2 0 0 2 4 91 0 2 3 2 0 0 0 0 0 0 0 0 0 0 0 17 0 0 0 0 0 0 0 0 0 0 0 0 0 15 0 0 0 0 0 0 0 0 0 0 0 0 0 
 68 490 0 288 136 111 159 272 180 254 107 34 76 337 300 163 205 43 251 237 0 0 0 0 77 0 0 3 0 0 1 3 3 0 34 0 1 0 0 1 0 2 0 9 3 0 0 0 0 0 0 0 73 0 0 0 0 0 0 0 0 0 0 2 0 3 0 0 0 0 0 0 0 5 3 3 2 0 0 0 17 21 46 51 20 12 58 0 3 0 8 30 0 0 25 38 2 21 0 9 0 0 0 5 1 0 0 0 0 0 0 0 11 0 1 0 0 0 31 0 0 0 0 0 0 0 0 0 2 0 0 0 0 0 0 0 0 0 0 2 0 0 0 0 0 0 0 0 0 0 0 0 0 0 0 0 0 0 0 0 0 29 11 0 38 1 55 0 24 12 6 4 0 17 0 34 28 59 0 13 16 0 0 7 0 2 9 0 0 0 11 0 4 0 0 0 0 0 15 39 0 0 0 0 1 0 0 0 0 0 0 0 0 0 0 0 0 1 0 15 0 0 0 0 0 0 0 0 1 0 0 0 0 0 0 0 0 0 0 0 0 0 0 0 0 0 184 2 4 90 10 5 3 0 0 0 0 0 2 2 0 0 14 0 0 0 0 0 0 0 0 0 2 0 0 14 0 0 0 0 0 0 0 0 0 0 0 0 0 0 
 37 75 288 0 161 285 102 65 81 184 79 29 167 232 81 142 48 179 74 61 27 0 2 0 1 0 1 2 0 0 0 3 157 75 1 0 0 0 168 75 0 5 0 0 2 0 0 0 0 57 0 0 1 0 0 0 0 0 0 0 0 0 0 0 0 4 0 0 0 0 0 0 0 13 3 1 2 0 0 0 0 11 1 62 23 0 2 0 1 69 18 35 0 0 2 15 18 12 0 0 30 13 0 0 0 0 10 15 0 0 1 0 15 0 36 17 2 1 36 31 0 0 0 0 0 0 0 0 0 0 1 0 1 0 0 0 0 0 0 0 0 0 0 0 0 0 0 17 0 5 0 0 1 0 0 0 8 0 0 1 0 4 4 1 27 10 0 0 0 42 0 9 0 0 0 0 12 4 0 0 0 0 0 0 0 0 15 19 0 0 0 0 34 12 9 0 0 14 5 37 0 0 0 0 0 0 0 13 0 0 0 0 0 0 0 0 0 0 0 0 0 0 0 1 0 0 0 0 0 0 0 0 0 0 0 0 0 0 0 0 0 0 0 0 0 2 88 0 5 0 1 14 18 0 0 0 0 0 0 0 0 0 0 0 0 0 0 0 0 0 0 0 0 0 0 15 10 15 0 0 0 0 0 0 0 0 0 0 0 0 
 44 47 136 161 0 104 277 65 76 279 175 423 162 102 92 165 82 124 61 73 0 2 0 64 3 0 34 78 0 0 0 4 91 74 0 2 1 0 7 74 0 8 0 0 3 0 0 0 0 0 0 0 1 0 0 0 0 0 0 0 0 0 0 2 0 0 0 0 0 0 54 0 0 0 3 0 2 0 0 0 0 12 12 11 0 17 9 0 0 12 0 22 0 0 1 17 13 7 0 0 13 77 0 0 0 0 1 0 9 9 1 0 13 19 0 1 26 0 0 33 0 0 0 0 0 0 0 0 0 0 0 0 0 0 0 0 0 0 0 0 0 0 0 0 0 0 14 0 0 0 0 0 0 0 0 0 0 2 0 1 0 0 0 18 19 32 0 0 0 18 0 13 0 0 0 0 0 0 0 0 3 0 0 8 0 0 32 11 0 0 0 0 15 34 1 27 0 20 6 20 0 44 1 0 0 0 0 0 0 0 0 0 0 0 0 1 0 0 0 0 0 0 0 0 0 0 0 0 0 0 0 0 0 0 0 0 0 0 0 0 0 0 0 0 0 0 0 0 64 11 2 105 0 0 0 0 0 0 0 0 0 0 0 0 0 0 0 0 0 0 0 0 0 0 0 0 11 0 0 0 0 0 0 0 0 0 4 0 0 0 
 124 37 111 285 104 0 28 250 133 155 169 112 24 227 51 168 159 151 219 33 0 0 72 0 4 0 0 18 93 2 76 3 28 76 1 0 0 0 49 88 0 7 0 0 3 0 0 0 2 3 0 0 2 0 0 0 3 2 0 0 0 0 3 0 0 0 0 0 0 2 2 0 0 2 3 3 8 0 0 0 0 0 15 18 0 22 1 7 0 14 7 13 0 15 0 17 16 0 0 1 0 61 9 0 0 0 25 1 0 13 1 0 14 16 14 1 8 6 14 19 0 0 0 0 0 0 0 0 0 9 0 0 0 0 0 0 0 0 0 0 0 0 0 0 0 0 0 2 0 3 0 1 0 0 0 0 2 0 0 0 0 0 0 0 75 0 0 21 0 25 0 19 0 0 0 0 0 10 0 0 13 0 11 15 1 0 7 20 21 0 0 0 30 0 11 0 11 0 6 7 0 0 0 0 0 0 0 0 0 0 0 0 0 0 0 0 0 0 0 0 0 0 0 0 0 13 0 0 1 0 1 0 0 0 0 0 0 0 0 0 0 0 0 0 0 5 6 1 1 4 0 9 11 0 0 0 0 0 0 0 10 0 0 0 0 1 0 0 0 0 0 0 0 0 0 13 0 12 0 0 0 0 0 0 0 0 0 0 0 1 
 297 177 159 102 277 28 0 95 66 44 118 26 231 35 246 118 107 19 124 154 2 0 3 2 2 1 2 2 0 0 0 3 4 1 9 6 0 6 1 7 0 2 0 0 4 0 5 0 4 0 0 0 0 0 66 1 6 0 0 5 0 1 0 1 0 0 0 3 0 0 0 5 3 0 8 7 2 0 0 3 33 0 18 0 16 9 8 41 7 0 15 0 13 37 72 53 52 0 0 14 0 0 0 0 0 0 0 0 0 0 0 0 0 0 0 0 0 0 0 0 0 0 8 0 0 0 0 0 0 0 0 0 0 0 0 0 0 0 0 0 0 15 0 0 0 0 0 0 0 0 0 0 0 0 0 0 0 0 0 0 0 0 6 13 0 0 35 0 12 1 11 0 3 0 16 63 91 0 18 10 0 0 0 0 0 0 0 0 0 0 0 0 0 0 0 0 0 0 10 0 0 0 0 0 0 0 0 0 0 0 0 0 0 9 0 0 0 0 0 0 0 0 0 0 0 0 0 0 0 0 0 0 0 0 0 0 0 0 0 0 0 0 0 0 0 1 44 0 3 88 0 12 0 0 0 0 0 0 0 0 0 0 0 0 0 0 0 0 0 0 0 0 0 0 0 0 0 2 0 0 0 0 0 0 0 0 0 0 0 2 
 174 270 272 65 65 250 95 0 133 210 335 47 192 260 242 51 31 290 356 41 0 0 0 0 6 0 3 5 0 0 0 3 3 2 0 0 1 3 0 2 3 63 0 2 3 0 0 0 0 0 0 0 0 0 0 0 1 4 0 0 2 0 0 2 0 0 0 0 0 0 3 47 0 0 55 7 2 2 0 0 11 15 11 10 17 0 8 29 45 0 10 26 0 21 38 11 13 39 0 26 0 2 0 0 0 0 0 0 0 0 0 0 0 0 0 0 0 0 9 2 0 0 0 0 0 0 0 0 0 0 0 1 0 0 0 0 0 0 0 0 0 0 0 0 0 0 0 0 0 0 0 0 0 0 0 0 0 0 0 0 0 8 19 34 0 0 3 11 37 2 12 29 14 25 8 11 16 0 7 0 0 0 0 0 0 0 0 0 0 0 0 0 0 0 0 0 0 0 10 13 0 0 0 0 0 2 0 0 0 0 0 0 0 0 0 0 0 0 0 0 0 0 0 0 0 0 0 0 0 0 0 0 0 0 0 0 0 0 0 0 0 20 0 0 0 2 88 2 1 89 0 16 0 0 0 0 0 0 0 0 0 0 17 30 0 0 0 0 0 0 0 0 0 0 0 0 1 0 0 0 0 0 0 0 0 0 0 0 0 0 
 60 80 180 81 76 133 66 133 0 262 139 171 409 130 403 159 132 496 187 70 0 0 0 0 3 0 0 2 0 0 0 3 8 75 0 0 0 0 77 2 0 6 0 0 3 0 0 0 0 0 0 0 0 1 0 0 0 0 0 0 0 0 0 0 0 0 0 0 0 0 0 0 4 0 3 4 3 0 0 53 0 9 20 10 29 0 12 17 0 12 18 18 0 9 0 14 1 0 0 10 0 22 0 0 0 0 2 1 0 0 0 0 13 0 0 0 0 0 23 32 0 0 0 0 0 0 2 0 0 0 0 0 0 0 0 0 0 0 0 0 0 0 0 0 0 2 0 5 0 15 0 0 0 0 0 0 7 0 0 0 0 0 21 17 18 1 0 25 0 19 7 12 12 10 2 0 0 8 7 0 0 0 0 2 0 0 13 40 2 0 0 0 1 0 0 0 0 0 6 0 2 0 0 0 0 0 0 0 0 10 0 0 0 0 0 19 0 0 0 0 0 0 0 0 0 0 0 0 0 0 0 0 0 0 0 0 0 0 0 0 0 0 0 0 1 0 0 0 0 6 0 14 0 0 0 0 0 0 0 0 0 0 0 0 0 0 0 0 0 0 0 0 0 0 0 14 0 20 0 0 0 0 0 0 0 0 0 0 0 0 
 118 358 254 184 279 155 44 210 262 0 83 134 48 84 215 179 491 125 124 72 0 0 0 92 3 2 151 5 1 0 4 3 25 1 0 3 0 5 0 1 0 7 0 1 4 0 0 2 0 1 0 0 0 0 0 0 0 0 0 0 1 0 2 3 4 0 0 0 2 1 0 0 5 0 7 5 5 0 0 0 0 33 13 10 34 0 0 1 9 0 9 15 0 2 0 11 1 7 1 0 1 13 0 0 0 0 0 0 13 0 0 0 18 8 0 0 0 0 28 39 0 0 0 1 2 0 0 0 0 0 0 0 0 0 0 0 0 0 0 20 0 0 0 0 0 0 0 0 0 0 0 0 0 0 0 0 3 0 0 0 0 11 11 17 2 1 10 31 0 11 7 4 0 0 5 0 15 0 0 0 0 0 0 7 0 0 16 4 0 0 0 0 0 21 0 0 0 11 10 0 0 0 0 0 0 0 0 0 0 0 0 0 0 0 0 0 1 0 0 0 0 0 0 0 0 0 0 0 12 0 0 10 0 0 0 0 0 0 0 0 0 0 0 0 0 2 3 0 2 5 0 9 0 0 0 2 0 0 0 0 0 0 0 0 0 0 0 0 0 0 0 0 0 0 0 2 13 0 0 0 0 0 0 0 0 0 0 0 0 0 
 55 67 107 79 175 169 118 335 139 83 0 137 35 192 206 161 258 63 39 73 0 0 0 0 1 0 1 78 0 3 3 7 103 80 0 0 6 0 74 24 0 0 2 0 37 0 1 1 0 0 2 0 2 2 0 2 1 5 0 0 0 0 0 0 0 0 0 2 0 0 0 0 0 0 3 3 2 4 0 0 21 1 46 0 10 37 38 0 1 10 2 0 0 1 16 34 6 1 0 12 0 40 1 0 0 0 27 1 0 0 17 0 0 0 14 1 0 0 65 0 0 0 0 0 0 6 2 0 20 0 0 0 0 0 0 0 0 0 0 0 0 0 0 0 0 2 0 0 0 0 0 0 0 0 0 0 0 0 0 0 3 1 0 0 31 10 24 0 31 0 0 1 0 1 0 27 15 0 0 0 32 0 0 0 0 0 9 15 18 0 0 0 23 34 10 31 0 0 3 11 2 0 0 0 0 0 0 0 0 0 0 0 0 0 0 0 0 0 0 7 0 0 0 0 0 0 0 0 0 0 0 0 0 0 0 0 0 0 0 0 0 0 0 0 0 3 85 0 2 89 10 16 16 0 0 0 0 0 0 0 0 0 0 0 0 0 0 0 0 0 0 0 0 0 29 0 0 0 0 0 0 0 0 0 0 0 1 0 0 0 
 125 32 34 29 423 112 26 47 171 134 137 0 43 51 382 104 122 167 29 203 0 0 0 0 2 0 76 5 0 0 0 5 5 72 74 0 89 0 42 93 0 8 0 0 3 0 1 0 0 0 0 0 1 0 0 0 0 1 0 0 3 0 0 1 0 0 0 0 0 0 0 0 0 0 3 3 2 0 15 0 47 3 20 0 0 15 22 13 0 0 0 0 0 0 0 28 0 0 0 10 11 26 0 0 0 0 7 0 19 14 1 1 21 9 1 0 0 12 1 15 0 0 0 0 0 0 0 2 0 14 0 23 0 0 0 0 0 0 0 0 0 0 0 0 2 0 0 0 0 0 0 0 0 0 0 0 0 0 0 0 19 0 25 14 13 27 0 0 10 28 0 22 9 11 0 0 14 11 0 0 6 22 15 21 0 0 0 17 15 0 0 6 19 21 2 29 0 0 11 5 0 0 0 0 0 2 0 0 0 0 0 0 0 0 0 0 0 0 0 0 0 0 0 0 0 0 2 0 0 0 0 0 0 0 0 0 0 0 0 0 0 0 0 0 0 0 0 1 18 86 1 7 1 0 0 0 0 0 0 0 0 0 0 0 0 0 5 0 0 2 0 0 0 1 0 0 0 0 0 0 0 0 0 0 0 0 0 0 0 0 
 291 194 76 167 162 24 231 192 409 48 35 43 0 97 57 31 52 141 291 343 76 0 0 0 4 2 0 2 0 202 0 3 3 0 0 6 0 0 2 1 1 0 0 0 4 62 0 0 0 0 0 0 0 0 0 0 0 0 0 0 1 0 2 0 0 0 0 0 2 1 0 0 0 0 4 1 2 0 0 0 22 21 21 0 1 0 93 13 0 0 0 0 10 52 0 32 0 29 0 0 0 1 0 0 0 0 0 0 0 0 0 0 0 0 0 0 1 0 0 1 0 0 0 0 0 0 10 0 0 0 0 0 1 0 0 0 0 17 0 0 0 0 0 16 3 0 0 0 0 0 0 0 2 4 0 0 0 0 0 2 8 19 32 0 0 0 3 0 24 1 1 0 48 0 40 31 12 0 45 40 0 0 0 0 0 0 0 0 0 0 0 0 0 0 0 0 0 0 0 0 0 0 0 0 0 0 0 0 0 0 0 0 0 0 0 0 0 0 0 0 0 0 0 2 0 0 0 0 0 0 0 7 0 0 0 0 0 0 0 0 0 0 0 0 0 0 2 1 1 91 0 20 0 0 0 0 0 0 0 0 0 0 0 0 0 0 0 0 0 0 0 0 0 0 0 0 0 0 0 0 0 0 0 0 0 0 0 0 0 0 
 44 163 337 232 102 227 35 260 130 84 192 51 97 0 205 209 143 36 180 86 2 2 0 0 1 0 4 2 75 0 3 5 78 3 3 4 1 3 0 1 0 3 0 1 6 0 3 0 0 0 0 0 1 0 1 0 2 0 0 2 2 0 2 3 0 0 0 0 2 2 0 2 38 32 4 2 2 0 0 0 14 37 20 25 21 12 17 0 45 7 64 18 5 0 18 1 2 42 1 10 0 0 0 0 0 0 7 0 0 1 0 0 1 0 14 0 0 1 26 0 0 0 0 0 0 0 0 0 0 2 0 12 0 0 0 0 0 0 0 0 0 0 0 0 0 0 0 0 0 0 0 0 0 2 0 0 0 0 0 0 2 21 10 2 33 0 16 0 42 7 38 16 1 1 0 29 36 9 0 0 16 36 0 0 0 0 7 0 1 0 0 1 15 0 10 2 0 0 0 22 0 0 0 0 0 0 0 0 0 0 0 0 1 0 0 0 0 0 0 0 0 0 0 0 0 0 0 0 0 0 0 0 0 0 0 0 0 0 0 2 0 2 0 0 0 0 17 2 4 2 26 11 15 2 0 0 0 0 0 0 0 0 21 0 0 0 1 0 0 0 0 0 0 0 0 0 0 0 0 0 2 0 0 0 0 0 0 0 0 0 
 144 227 300 81 92 51 246 242 403 215 206 382 57 205 0 197 67 204 96 97 0 0 0 0 2 0 2 2 0 0 3 5 4 0 0 0 1 3 0 0 0 11 11 4 5 0 0 20 0 0 0 86 40 0 0 1 1 2 0 1 1 0 2 1 0 0 0 0 2 1 35 0 14 5 4 3 2 0 11 43 0 22 14 17 0 0 18 36 15 1 15 0 0 4 0 22 0 17 0 41 0 0 0 0 0 0 0 0 0 0 1 1 29 0 0 0 0 0 0 19 0 0 0 0 0 0 0 2 0 0 21 2 0 0 0 0 0 0 0 0 0 0 0 0 2 0 0 0 0 0 0 0 0 0 0 0 0 0 0 10 9 15 15 31 10 0 18 16 11 49 12 39 15 45 0 11 33 26 0 0 0 0 0 0 0 0 0 9 1 0 10 0 2 0 3 0 0 0 0 26 0 0 0 0 0 2 0 0 0 0 0 0 0 0 0 0 0 0 0 0 0 0 0 0 0 0 0 0 0 0 0 0 0 0 0 0 0 0 0 17 0 1 0 0 0 0 89 0 0 0 0 35 0 0 0 0 0 0 0 0 0 0 0 0 0 0 0 0 0 0 0 0 0 0 0 16 0 0 0 0 0 0 0 0 0 0 0 0 0 0 
 132 30 163 142 165 168 118 51 159 179 161 104 31 209 197 0 221 213 61 158 0 0 0 0 2 0 1 2 0 0 0 3 4 74 0 0 0 0 85 1 0 6 0 2 3 0 0 0 0 0 0 0 65 0 0 0 0 0 0 0 0 0 0 0 0 0 0 0 0 0 0 0 4 4 5 50 2 0 0 0 0 2 44 32 12 28 37 9 13 7 13 1 0 0 15 40 29 12 0 3 0 34 0 0 0 0 0 0 0 0 0 0 21 11 1 0 0 0 15 19 0 0 0 0 0 0 0 0 2 0 0 0 0 0 0 17 0 0 0 0 0 0 0 0 0 0 0 3 0 2 0 0 0 0 0 0 0 0 0 0 0 0 1 0 35 1 1 0 5 23 0 12 0 0 0 10 1 17 0 12 11 0 1 0 0 12 9 17 0 0 0 0 0 0 0 0 0 0 8 14 0 0 1 0 0 0 0 0 0 0 0 0 0 0 0 0 0 0 0 0 0 0 0 0 0 0 0 0 1 0 0 0 0 0 0 0 0 0 0 0 0 0 0 0 0 0 88 0 1 87 24 4 3 0 0 0 0 0 0 0 0 0 0 0 0 0 0 0 0 0 0 0 0 0 0 14 0 13 0 0 0 0 0 0 0 0 0 0 0 0 
 149 348 205 48 82 159 107 31 132 491 258 122 52 143 67 221 0 250 54 46 4 0 0 0 4 3 64 3 1 4 0 3 7 75 2 0 0 0 80 2 0 6 3 0 3 67 0 0 0 0 2 0 3 0 0 0 1 0 0 0 0 1 0 0 0 0 0 0 0 3 0 0 65 0 4 35 4 1 0 0 0 0 40 9 26 37 23 6 23 42 28 39 0 0 20 32 38 19 0 0 25 31 1 0 0 0 0 0 0 0 0 0 18 1 0 10 1 0 7 38 0 0 0 0 0 0 0 1 0 0 0 0 1 0 0 0 0 0 0 0 0 0 0 0 0 0 0 5 0 2 0 0 2 0 0 0 0 0 0 2 1 0 0 0 23 0 0 18 0 15 11 14 0 0 12 17 1 2 0 0 10 0 0 0 0 0 17 12 0 0 0 0 1 1 0 0 0 18 31 0 0 0 0 0 0 0 0 0 0 0 0 0 0 0 0 0 0 0 0 0 0 0 0 2 0 0 0 0 0 0 0 0 0 0 0 0 0 0 0 0 0 0 0 0 0 0 86 0 1 2 4 7 0 0 0 0 0 0 0 0 0 0 0 0 0 0 0 0 0 0 0 0 0 0 0 1 17 18 0 0 0 0 0 0 0 0 0 0 0 0 
 73 44 43 179 124 151 19 290 496 125 63 167 141 36 204 213 250 0 133 45 0 2 0 0 9 1 0 5 0 0 2 3 80 0 0 2 3 3 150 2 0 2 0 9 5 0 0 3 0 2 0 3 63 0 1 2 3 0 0 0 0 3 2 2 0 0 0 0 3 0 0 3 3 2 6 3 2 0 0 1 11 12 16 11 34 1 1 3 0 17 30 32 0 30 10 10 25 7 11 13 10 3 0 0 0 0 1 0 1 0 0 0 7 1 0 0 0 0 29 12 0 0 0 0 0 0 0 0 0 0 0 0 0 2 0 0 0 0 0 0 0 0 0 0 0 0 2 4 1 24 0 0 0 0 0 0 8 0 0 0 11 0 2 0 24 0 1 1 7 9 0 0 0 11 0 42 0 85 0 29 16 0 0 0 2 0 23 0 0 0 0 0 1 0 0 0 1 1 0 1 0 0 0 0 0 0 0 0 0 0 0 0 0 0 1 0 0 0 0 0 0 0 0 0 0 0 0 0 0 0 1 0 0 0 0 0 0 0 0 0 0 0 0 0 0 0 2 0 95 4 11 11 0 0 2 0 0 0 0 0 0 0 0 0 0 0 0 0 0 0 0 1 0 0 0 44 0 28 0 0 0 0 0 0 0 0 0 0 0 0 
 136 177 251 74 61 219 124 356 187 124 39 29 291 180 96 61 54 133 0 182 0 0 0 0 2 0 0 2 0 0 0 3 3 2 0 0 0 0 0 2 0 1 0 1 3 0 0 0 0 0 0 0 0 0 0 0 0 0 0 0 0 0 0 1 0 0 6 33 0 0 0 0 0 0 3 3 2 0 0 0 44 28 0 0 0 0 15 10 0 11 0 0 1 47 0 0 1 14 41 0 0 0 0 0 0 0 0 0 0 0 0 0 0 0 0 0 0 0 0 0 0 0 0 0 0 0 0 2 0 0 0 2 0 0 0 0 0 0 0 0 0 0 0 0 2 0 0 0 0 0 0 0 0 0 0 0 0 0 0 0 0 10 12 0 0 0 36 15 2 0 10 0 13 13 0 21 13 0 0 2 0 0 0 0 0 0 0 0 0 0 0 2 2 0 2 0 0 0 0 0 0 0 0 0 0 2 0 0 0 0 0 0 0 0 0 0 0 0 0 0 0 0 0 0 1 0 2 0 0 0 0 0 0 0 0 0 0 0 0 0 0 0 0 0 0 0 0 0 0 1 1 2 0 0 0 0 0 0 0 0 0 0 0 0 0 0 0 0 0 2 0 0 0 16 0 0 0 0 0 0 0 0 0 0 0 0 0 0 0 0 
 139 228 237 61 73 33 154 41 70 72 73 203 343 86 97 158 46 45 182 0 0 0 0 0 2 0 0 2 0 0 0 3 3 0 0 0 0 0 0 2 0 1 0 0 3 0 0 0 0 0 0 0 3 0 0 0 0 0 0 0 0 0 0 1 0 0 0 0 0 0 0 0 0 0 3 3 2 0 0 0 18 46 3 0 14 0 24 15 0 0 0 0 12 31 0 3 0 28 1 13 0 0 0 0 0 0 0 0 0 0 0 0 0 0 0 0 0 0 0 0 0 0 0 0 0 0 0 0 0 0 0 0 0 0 3 0 0 0 0 0 0 0 0 0 3 0 1 0 1 0 0 0 0 2 0 0 24 0 0 0 30 24 1 0 4 0 67 11 0 0 10 0 47 0 22 0 0 0 43 23 0 0 0 0 1 0 2 0 0 0 0 0 0 0 0 0 2 2 2 0 0 0 0 0 0 0 0 0 0 0 0 0 0 0 2 0 0 0 0 0 0 0 0 0 0 0 0 0 0 0 2 0 0 0 0 0 0 0 1 0 0 0 0 0 0 0 0 1 0 2 0 0 0 0 2 0 0 0 0 0 0 0 0 0 0 0 0 0 0 0 0 18 0 0 0 0 0 0 0 0 0 0 0 0 0 0 0 0 0 0 
 2 0 0 27 0 0 2 0 0 0 0 0 76 2 0 0 4 0 0 0 0 120 77 84 234 197 88 283 128 38 44 39 42 226 70 48 181 330 190 212 3 0 3 0 1 0 0 0 0 0 1 0 11 0 4 0 0 0 0 0 0 3 0 0 3 0 3 2 0 0 51 6 2 0 1 2 5 3 0 0 0 14 0 10 0 0 0 0 0 29 0 0 9 0 0 0 0 0 0 0 27 0 22 29 2 20 16 36 6 8 33 23 12 1 38 20 47 13 0 0 20 0 0 0 0 0 0 0 0 0 0 0 19 0 0 0 0 0 1 1 0 0 0 25 0 0 0 0 0 0 0 0 0 0 0 0 0 0 0 1 0 0 0 0 0 0 0 1 0 0 0 0 0 0 2 0 0 0 0 0 13 2 10 0 40 45 0 35 20 4 0 29 10 8 18 0 0 24 23 0 0 0 0 0 0 0 28 0 0 0 0 0 0 0 0 0 0 0 0 1 0 0 0 0 0 0 0 0 0 0 0 0 0 0 0 0 0 0 0 0 0 0 0 0 0 0 0 0 0 0 0 0 0 0 8 0 0 10 80 2 3 0 0 0 0 0 21 0 0 0 0 0 0 0 0 0 0 0 0 0 0 0 0 0 0 0 0 0 0 0 
 0 0 0 0 2 0 0 0 0 0 0 0 0 2 0 0 0 2 0 0 120 0 181 204 482 30 130 313 160 155 32 28 38 121 38 128 32 83 250 125 0 49 3 0 1 0 0 0 0 0 0 0 0 0 2 0 0 0 0 0 0 3 0 0 3 0 3 2 0 0 0 0 0 0 7 2 2 0 0 0 0 0 0 0 0 44 0 0 0 0 0 2 0 0 2 0 0 0 0 0 36 0 20 63 31 1 29 2 10 8 13 0 12 45 0 32 0 20 0 18 0 0 0 0 0 0 4 0 0 0 0 0 0 0 0 0 0 9 0 0 0 0 0 0 0 0 0 0 0 0 0 0 0 0 0 0 0 0 2 1 6 0 0 0 11 24 0 0 7 0 0 0 0 0 0 0 0 7 6 2 14 46 21 25 2 28 15 17 20 16 12 1 0 37 43 26 9 9 32 0 11 0 0 0 0 0 22 0 0 0 0 0 18 0 13 0 0 0 0 10 0 0 0 0 0 0 0 0 0 0 0 0 0 0 1 0 0 0 0 0 0 0 0 0 0 2 0 0 0 0 0 0 0 0 1 0 0 3 1 0 2 0 0 0 0 0 0 0 0 0 0 0 0 0 0 0 0 0 0 0 0 0 0 0 0 0 0 0 0 0 
 0 0 0 2 0 72 3 0 0 0 0 0 0 0 0 0 0 0 0 0 77 181 0 198 145 42 160 497 87 104 376 33 370 57 40 83 187 117 45 140 0 0 3 0 2 0 0 0 0 0 0 0 0 77 2 1 0 0 62 124 0 3 0 0 3 0 3 2 0 48 0 0 0 0 3 2 2 2 0 0 1 0 0 0 0 19 0 0 0 0 0 0 0 0 0 0 0 0 0 0 17 11 53 6 15 11 11 2 0 6 11 0 0 0 0 7 29 0 0 0 0 0 1 0 0 0 8 0 0 0 0 0 39 0 0 0 0 0 10 0 0 20 0 0 0 0 2 0 0 22 0 0 0 0 0 1 0 0 0 0 0 0 0 2 0 15 0 2 0 0 0 5 0 0 2 0 0 0 0 0 11 9 10 28 46 11 30 28 0 19 31 0 0 14 33 0 0 16 0 8 51 0 1 2 0 0 2 0 0 0 0 0 15 0 8 0 0 0 13 0 0 0 0 1 0 0 0 0 0 0 0 0 0 0 0 14 0 0 7 0 0 0 0 0 0 0 0 0 0 0 0 0 0 0 0 0 0 85 1 2 11 0 0 0 0 0 0 0 0 0 0 0 0 0 0 0 0 0 0 0 0 13 0 0 0 0 0 0 0 0 
 0 0 0 0 64 0 2 0 0 92 0 0 0 0 0 0 0 0 0 0 84 204 198 0 132 90 83 181 134 163 72 55 67 112 373 73 251 145 275 158 0 0 3 0 1 1 2 0 0 0 0 0 6 3 2 0 2 1 0 63 0 3 0 1 5 0 3 2 0 0 0 0 0 0 6 2 4 0 0 0 0 0 0 0 0 0 0 0 0 0 0 0 0 0 0 0 0 0 0 0 9 20 0 20 31 10 0 35 1 0 0 17 0 17 12 25 20 0 0 0 0 2 0 0 0 0 7 0 0 0 0 0 0 0 8 0 0 0 13 6 0 0 0 0 2 0 0 0 0 0 0 5 0 0 0 0 0 0 0 1 2 1 0 2 6 0 0 0 20 0 0 0 0 0 0 0 0 5 14 0 0 21 19 12 19 26 1 21 75 12 48 59 0 0 8 59 0 23 0 0 16 0 1 0 0 0 22 0 0 0 0 0 15 0 12 0 0 0 9 19 0 0 0 1 0 0 2 0 0 0 0 0 0 0 0 0 7 0 0 0 0 0 1 0 0 0 0 0 0 0 0 78 0 0 5 2 0 8 164 2 2 0 0 0 0 0 0 0 0 0 0 0 0 0 0 0 0 0 0 0 0 0 0 0 0 0 0 0 0 7 
 2 2 77 1 3 4 2 6 3 3 1 2 4 1 2 2 4 9 2 2 234 482 145 132 0 87 226 96 53 243 178 51 363 88 158 96 177 157 259 87 2 0 3 64 1 0 0 0 0 0 0 0 2 63 3 3 0 1 61 78 0 3 0 11 3 0 3 2 0 0 0 0 0 0 0 2 2 0 0 0 0 0 0 0 0 0 0 0 0 0 0 0 0 0 0 0 0 14 0 0 0 1 43 24 32 62 0 19 29 0 80 10 0 11 0 0 95 4 0 0 6 0 1 0 0 0 8 8 0 0 0 0 7 0 7 0 0 0 20 1 0 5 0 0 0 0 0 0 0 0 0 0 0 0 0 0 0 0 0 0 0 0 0 0 2 0 0 0 17 4 0 0 0 0 0 0 0 0 15 0 0 23 2 7 38 74 14 0 0 25 0 28 0 0 0 0 13 0 0 0 11 11 0 0 0 0 105 12 2 10 0 0 44 7 0 0 0 0 27 9 0 0 0 0 0 0 0 0 0 0 0 0 0 0 0 0 0 0 0 0 0 0 0 0 0 0 0 0 0 0 0 0 0 0 9 0 3 153 75 3 6 1 0 0 0 0 8 0 0 0 0 0 0 0 0 0 0 0 0 18 0 13 0 0 2 8 0 0 0 0 
 0 0 0 0 0 0 1 0 0 2 0 0 2 0 0 0 3 1 0 0 197 30 42 90 87 0 28 58 50 150 314 277 27 48 260 128 120 479 32 54 62 64 3 0 5 1 65 0 0 22 214 0 14 0 65 275 2 1 136 32 0 3 0 0 3 51 3 2 1 2 0 2 0 0 1 4 3 0 0 0 0 0 0 0 0 0 0 0 0 20 0 0 0 22 0 0 0 0 0 0 0 19 30 12 29 28 0 0 24 4 10 9 0 9 0 0 13 21 0 0 0 15 17 0 0 0 11 28 6 0 12 0 28 0 22 0 1 0 68 26 3 5 0 0 2 0 11 0 0 0 0 8 0 0 2 0 0 0 0 0 0 1 0 2 5 0 0 0 7 5 0 0 0 0 0 0 0 0 6 0 0 12 0 7 13 23 1 0 0 17 0 28 0 0 0 1 55 0 0 0 10 19 0 0 0 0 67 11 16 22 0 0 11 28 0 8 1 0 27 0 0 0 0 1 0 0 1 0 0 0 0 0 13 0 0 0 0 0 0 0 0 0 0 0 0 0 0 0 0 0 2 0 0 0 7 4 0 75 79 0 13 0 0 0 0 0 0 0 68 0 0 0 0 0 0 0 0 0 0 13 0 1 0 0 0 0 0 0 0 0 
 0 76 0 1 34 0 2 3 0 151 1 76 0 4 2 1 64 0 0 0 88 130 160 83 226 28 0 78 124 52 39 27 172 116 38 106 125 22 328 115 0 0 3 0 1 0 0 0 0 0 0 0 0 0 2 0 0 0 0 0 0 3 0 0 3 0 3 2 0 0 0 0 0 0 0 2 2 0 0 0 0 6 20 0 0 1 0 2 6 13 0 12 0 0 0 0 0 19 0 0 32 0 36 1 1 12 0 9 18 0 33 17 11 18 0 13 41 12 0 17 22 0 0 0 0 0 0 0 0 0 0 0 19 0 0 0 0 0 0 0 0 0 2 0 0 0 0 1 0 0 0 0 1 0 0 0 2 0 0 1 0 0 0 18 0 35 2 0 0 0 0 0 0 0 2 0 0 0 0 0 0 3 37 26 18 59 15 19 6 0 1 2 20 11 23 21 0 63 2 18 0 0 0 0 0 0 10 0 0 0 0 0 1 0 0 0 0 0 0 1 0 0 0 0 0 0 0 0 0 0 0 0 0 0 0 0 0 0 0 0 0 0 0 0 0 0 0 0 0 0 0 0 0 0 13 0 1 12 1 2 0 2 0 0 0 0 20 0 0 0 0 0 0 0 0 0 13 0 0 0 0 0 0 0 0 2 0 0 0 0 
 2 2 3 2 78 18 2 5 2 5 78 5 2 2 2 2 3 5 2 2 283 313 497 181 96 58 78 0 348 278 122 242 544 134 142 245 103 115 212 149 0 0 7 0 0 0 0 0 0 0 3 0 0 0 3 0 0 0 0 0 2 3 0 0 3 0 3 2 0 0 0 0 0 0 0 2 2 1 2 0 0 0 0 0 0 43 0 0 0 10 0 0 0 0 0 0 0 0 0 9 33 10 24 14 0 0 43 24 0 42 12 2 0 24 0 24 25 7 13 16 0 0 0 0 0 0 0 0 0 0 0 0 0 0 0 0 0 0 0 0 0 0 0 11 0 0 0 0 0 0 0 1 0 0 0 0 14 0 0 0 0 0 0 0 0 12 0 4 0 2 0 9 0 0 0 1 0 0 0 0 51 0 23 1 1 0 29 0 14 2 21 0 15 63 39 23 6 0 23 16 2 0 0 0 0 0 0 1 0 0 0 0 0 0 0 2 0 0 0 18 0 0 0 0 0 0 0 0 2 0 0 0 5 0 0 0 0 0 0 0 0 0 0 0 0 0 0 2 0 0 0 0 0 0 10 1 2 0 0 0 11 2 0 0 2 0 0 0 0 0 0 0 0 0 0 0 16 1 0 0 0 0 0 0 0 0 13 0 0 0 
 0 0 0 0 0 93 0 0 0 1 0 0 0 75 0 0 1 0 0 0 128 160 87 134 53 50 124 348 0 130 34 36 128 268 94 122 118 256 169 108 62 0 3 0 1 0 0 0 0 0 27 0 0 0 2 0 0 0 0 30 0 3 0 0 3 0 3 2 0 0 0 0 0 0 0 2 2 0 0 0 0 0 0 1 0 30 0 0 0 0 0 0 0 0 0 0 0 1 15 1 44 3 19 14 6 1 42 37 9 8 0 0 1 6 13 3 30 31 0 17 0 0 0 0 0 0 0 0 5 0 0 3 0 0 0 0 1 0 0 8 0 0 0 0 0 0 2 0 0 0 0 6 0 0 0 0 12 0 0 1 0 0 0 0 0 13 9 3 0 0 0 4 0 0 0 2 0 0 0 0 34 15 37 13 0 0 24 7 16 11 25 0 10 13 27 0 49 2 1 0 0 0 0 0 0 0 0 2 21 0 0 0 0 10 0 9 0 0 0 18 0 0 0 0 0 0 0 0 0 0 0 0 0 0 0 0 0 0 0 0 0 0 0 0 0 0 0 0 0 0 0 0 0 0 3 0 0 0 0 0 1 0 0 0 0 0 0 0 0 0 0 0 0 0 0 0 0 0 0 12 39 0 0 0 0 0 17 0 0 0 
 2 0 0 0 0 2 0 0 0 0 3 0 202 0 0 0 4 0 0 0 38 155 104 163 243 150 52 278 130 0 253 121 58 164 111 315 39 163 69 97 29 0 3 0 2 0 0 0 0 0 1 65 0 65 7 1 0 0 62 128 0 3 0 0 3 0 3 2 0 0 0 0 0 0 0 2 2 2 0 1 0 0 0 0 0 0 0 0 0 0 0 0 0 0 0 0 0 0 0 2 0 0 30 12 40 15 0 6 12 27 30 45 0 0 0 10 14 13 0 0 25 11 0 0 0 10 22 0 11 0 0 0 0 33 0 1 14 1 1 7 0 13 5 0 0 1 0 0 0 0 0 0 0 0 0 1 0 0 0 0 3 0 0 23 6 0 0 0 1 0 0 0 0 0 0 1 0 2 3 0 5 22 0 8 37 21 5 0 15 108 32 0 0 0 0 26 9 0 0 0 45 0 0 7 0 0 20 0 5 0 0 0 19 20 0 11 0 0 1 12 0 0 0 0 0 0 0 0 0 0 0 0 0 0 0 0 0 0 0 0 0 0 7 0 0 0 0 0 0 0 0 0 0 0 14 0 1 76 12 0 0 1 0 0 0 0 12 0 0 0 0 0 0 0 0 0 0 0 0 0 0 34 0 0 0 0 0 1 0 0 
 1 1 1 0 0 76 0 0 0 4 3 0 0 3 3 0 0 2 0 0 44 32 376 72 178 314 39 122 34 253 0 108 132 41 166 252 247 133 50 68 168 1 3 0 1 0 0 0 0 0 0 0 0 30 65 0 0 1 24 86 0 3 0 0 3 0 3 3 0 0 0 0 0 0 1 2 2 1 0 0 0 1 0 0 0 0 0 0 0 2 0 0 0 0 0 0 0 0 0 0 0 1 19 0 12 0 0 0 0 62 11 11 1 0 0 0 24 15 0 1 15 16 12 0 0 0 15 0 0 12 0 0 0 67 0 15 11 0 17 10 0 4 0 0 0 2 0 0 0 0 0 0 0 0 0 0 0 0 0 0 0 0 0 0 0 0 0 16 0 0 0 22 0 0 0 0 0 0 0 0 11 0 0 17 35 8 5 0 0 18 9 0 0 0 12 12 0 3 0 4 15 0 7 8 0 0 21 1 45 1 0 13 7 12 2 37 7 0 9 12 0 0 0 0 0 0 0 0 1 0 0 1 1 0 0 0 0 0 0 0 0 0 6 0 0 0 0 0 0 0 0 0 0 0 2 0 0 5 2 0 6 7 0 0 0 0 0 0 0 0 0 0 0 0 0 0 0 0 0 0 0 18 0 0 5 0 0 18 0 0 
 3 3 3 3 4 3 3 3 3 3 7 5 3 5 5 3 3 3 3 3 39 28 33 55 51 277 27 242 36 121 108 0 47 39 29 47 220 157 100 116 187 26 65 0 0 0 121 62 0 0 0 0 31 56 127 0 0 0 62 65 0 52 0 0 29 0 3 2 0 0 0 2 6 0 3 2 2 0 0 3 0 0 0 0 37 0 0 0 9 0 0 0 0 9 0 2 0 0 0 0 0 0 0 2 0 45 0 4 1 4 4 19 0 0 16 7 0 0 0 0 23 25 22 0 2 0 0 8 2 12 0 0 1 24 24 40 10 10 19 13 0 0 0 0 0 6 22 0 3 0 0 0 0 0 2 10 0 0 0 0 0 5 0 0 0 0 0 0 1 2 0 1 0 0 0 0 0 0 1 0 0 0 0 13 23 8 0 0 19 0 3 40 0 0 0 0 23 11 0 0 21 0 21 8 0 0 43 10 26 27 8 0 0 0 4 21 24 3 18 12 1 0 0 0 0 0 0 0 0 0 20 0 0 0 0 0 0 0 0 0 0 0 0 0 0 0 0 0 0 0 2 0 0 0 2 4 4 46 73 1 2 8 0 0 0 0 0 0 0 0 0 0 0 0 0 0 0 0 0 0 0 4 0 0 1 0 0 19 0 0 
 3 3 3 157 91 28 4 3 8 25 103 5 3 78 4 4 7 80 3 3 42 38 370 67 363 27 172 544 128 58 132 47 0 181 143 72 68 36 362 215 2 0 6 0 5 0 0 0 0 0 0 1 1 202 2 1 0 0 0 0 0 6 0 0 3 1 6 2 0 0 0 0 0 2 2 2 2 6 0 0 13 0 0 38 8 24 0 0 0 12 22 21 0 0 1 0 15 9 0 0 11 41 4 0 0 0 17 0 11 15 20 15 0 7 11 1 0 0 44 27 0 0 0 0 0 0 0 0 0 0 0 0 7 0 0 0 0 0 0 0 0 0 21 0 0 0 0 0 0 2 4 0 0 0 10 0 2 0 0 0 0 0 0 10 15 8 0 0 0 0 0 1 0 0 0 1 0 16 0 1 19 0 11 10 8 0 25 12 20 0 0 0 72 38 8 0 0 10 0 18 0 0 0 0 0 0 0 0 0 0 0 0 0 0 0 0 0 0 0 0 0 0 0 0 0 0 0 0 0 0 0 0 0 0 1 0 0 0 0 0 0 0 0 0 0 3 0 0 61 0 4 22 31 0 6 0 3 0 74 0 13 0 0 0 0 0 0 0 0 0 0 0 0 0 0 0 10 0 0 0 0 0 0 0 0 0 0 0 0 0 
 2 0 0 75 74 76 1 2 75 1 80 72 0 3 0 74 75 0 2 0 226 121 57 112 88 48 116 134 268 164 41 39 181 0 71 51 48 42 200 396 0 0 3 0 1 0 0 0 0 0 0 0 0 0 2 0 0 0 0 0 0 7 3 0 3 0 3 2 0 0 0 2 0 0 0 2 2 0 4 0 0 0 0 11 0 7 0 0 9 1 2 0 0 0 0 0 0 0 0 0 17 22 20 12 11 9 17 25 21 0 57 20 0 34 25 9 55 29 16 12 6 0 0 0 0 0 1 0 2 0 0 1 1 0 0 0 0 2 0 0 0 0 0 0 0 0 0 0 1 0 0 4 0 0 0 0 0 0 0 0 0 0 0 0 0 1 0 7 0 0 2 0 0 0 0 0 0 0 0 0 13 14 12 0 0 35 0 28 28 14 12 11 28 12 0 8 18 0 48 1 0 0 0 0 0 0 0 0 0 1 0 0 4 0 0 0 0 0 0 16 0 0 0 0 0 0 0 0 0 0 0 0 0 2 0 0 0 0 0 0 0 0 0 0 0 0 0 0 0 0 0 0 0 1 4 0 0 0 0 0 2 0 0 0 0 0 8 0 0 0 0 0 0 0 0 0 1 0 0 0 0 0 0 0 0 0 0 0 0 0 
 0 0 34 1 0 1 9 0 0 0 0 74 0 3 0 0 2 0 0 0 70 38 40 373 158 260 38 142 94 111 166 29 143 71 0 470 130 58 364 83 2 0 3 0 1 1 0 2 0 0 0 0 0 0 2 0 1 1 3 3 0 6 0 0 3 4 3 2 0 0 0 0 0 0 0 2 2 1 0 1 0 0 0 0 0 0 0 0 0 0 0 0 0 0 0 0 0 0 0 0 3 0 6 15 45 1 0 9 52 12 14 16 12 3 0 8 13 24 0 14 0 29 0 0 0 0 12 0 1 0 0 0 13 0 28 0 0 2 0 7 0 0 0 0 0 0 0 0 0 0 0 0 0 0 23 0 0 0 0 2 7 0 0 0 0 12 0 0 0 0 0 0 0 0 0 0 0 4 47 0 5 9 24 0 44 12 4 7 10 29 7 0 13 0 0 24 11 0 12 9 12 0 0 0 0 0 3 0 0 0 4 0 10 0 0 0 0 0 8 0 0 0 0 0 0 0 13 0 0 0 0 0 0 0 0 1 0 0 0 0 0 0 7 0 0 0 0 0 0 0 0 0 0 0 6 0 3 3 7 1 1 0 0 0 0 0 0 0 0 0 0 0 0 0 0 0 0 0 0 13 0 11 0 0 0 11 19 0 0 0 
 0 0 0 0 2 0 6 0 0 3 0 0 6 4 0 0 0 2 0 0 48 128 83 73 96 128 106 245 122 315 252 47 72 51 470 0 205 708 26 74 62 3 3 0 3 0 0 0 3 0 62 0 0 64 2 0 0 0 64 145 0 3 0 0 6 0 3 2 0 0 0 1 0 0 6 2 2 2 1 0 0 0 0 2 0 0 0 0 1 0 0 0 0 0 0 0 0 0 0 0 0 0 56 19 21 19 0 0 34 8 20 6 0 0 0 13 0 13 0 0 10 41 1 0 0 0 22 9 19 0 0 0 0 4 0 0 1 0 35 15 18 13 0 0 0 0 1 0 0 0 0 0 0 0 0 0 0 0 0 0 0 0 0 0 5 0 0 0 7 5 0 0 0 0 0 0 0 0 12 0 1 0 0 25 41 12 0 0 0 73 25 1 0 0 0 12 23 13 0 0 32 0 1 0 0 0 15 11 25 11 0 0 26 14 8 10 0 0 14 0 0 0 0 0 0 0 0 0 0 0 0 0 0 0 0 7 0 0 0 0 0 0 8 0 0 0 0 0 0 0 0 1 0 0 8 1 0 77 0 1 2 2 0 0 0 0 0 0 0 0 0 0 0 0 0 0 0 0 0 15 0 21 0 0 0 0 0 0 0 0 
 0 0 1 0 1 0 0 1 0 0 6 89 0 1 1 0 0 3 0 0 181 32 187 251 177 120 125 103 118 39 247 220 68 48 130 205 0 134 22 115 0 0 5 0 1 3 0 0 0 0 2 2 7 0 2 2 0 0 3 29 0 5 3 2 8 1 3 2 0 0 2 1 3 0 53 4 2 0 3 1 0 0 0 0 0 0 0 0 0 0 0 0 0 0 1 0 0 0 0 0 49 15 5 46 0 22 0 32 0 0 23 10 0 12 12 9 53 0 0 0 0 0 0 0 0 3 1 0 0 0 0 16 18 4 0 0 0 0 28 0 0 0 0 0 0 0 0 0 0 0 0 4 0 0 0 0 0 0 0 0 0 0 0 0 0 0 0 0 0 0 0 11 0 0 0 0 0 0 0 1 0 10 1 11 30 0 0 7 67 0 12 8 0 0 10 0 10 12 0 0 0 0 13 0 0 0 22 0 0 0 0 0 26 0 6 0 0 0 1 8 0 0 0 0 0 0 0 0 0 0 0 0 0 0 2 0 0 0 0 0 0 0 0 0 0 1 0 0 0 0 0 0 0 0 4 1 0 148 89 1 2 0 0 0 0 0 0 0 0 0 0 0 0 0 0 0 0 0 0 21 0 0 0 0 0 12 0 0 0 0 
 0 0 0 0 0 0 6 3 0 5 0 0 0 3 3 0 0 3 0 0 330 83 117 145 157 479 22 115 256 163 133 157 36 42 58 708 134 0 22 120 22 0 3 0 0 0 0 0 0 0 0 0 22 0 64 0 73 0 70 63 0 3 0 0 3 0 3 2 0 0 0 0 0 0 8 2 2 0 0 0 1 0 0 0 0 0 0 0 24 0 0 0 0 0 0 0 0 0 0 2 11 0 1 37 50 20 19 3 36 13 7 2 18 18 0 12 3 0 0 0 0 1 0 0 0 0 0 9 19 0 0 0 0 10 28 0 14 0 12 10 0 0 0 0 0 0 0 11 0 0 0 0 0 0 0 0 1 3 0 6 0 7 0 0 0 0 12 0 4 6 0 0 0 0 0 0 0 0 3 0 21 19 0 0 19 24 0 12 2 14 12 35 0 0 6 0 10 10 20 0 28 0 10 14 0 0 21 8 20 52 0 0 32 24 10 12 0 0 23 20 0 0 0 0 0 0 0 0 0 0 0 0 0 0 0 0 0 0 0 0 0 0 1 0 0 0 0 0 0 0 0 0 0 0 7 0 0 1 74 0 4 0 0 0 0 0 0 0 0 0 0 0 0 0 0 0 0 2 0 0 0 0 0 0 0 0 0 1 0 0 
 74 1 0 168 7 49 1 0 77 0 74 42 2 0 0 85 80 150 0 0 190 250 45 275 259 32 328 212 169 69 50 100 362 200 364 26 22 22 0 212 3 3 3 0 0 0 0 0 0 0 0 0 0 0 3 0 0 0 0 0 1 3 0 0 6 0 3 2 0 0 0 0 0 0 0 2 2 0 0 3 0 0 14 23 0 15 0 9 1 33 10 25 0 0 0 0 29 11 0 0 56 13 0 10 0 0 0 29 0 0 0 0 0 8 34 10 0 9 5 13 1 0 0 0 0 0 0 0 0 0 0 0 0 0 0 0 0 0 0 0 0 0 0 0 0 0 0 5 0 5 0 0 0 0 0 0 2 0 0 0 0 0 0 0 8 41 0 0 0 14 0 0 14 0 0 1 0 10 0 0 10 0 12 13 1 0 9 17 14 0 0 4 9 4 2 0 13 26 4 10 0 0 0 0 0 0 12 0 0 0 0 0 0 0 0 0 0 0 0 0 0 0 0 0 0 0 0 0 0 0 0 0 0 0 0 0 0 0 0 0 0 0 0 0 0 0 0 0 64 0 10 0 0 0 2 0 2 0 3 2 5 0 0 0 0 0 0 0 0 0 0 0 0 0 0 15 11 12 0 0 0 0 0 0 0 0 8 0 0 0 
 3 1 1 75 74 88 7 2 2 1 24 93 1 1 0 1 2 2 2 2 212 125 140 158 87 54 115 149 108 97 68 116 215 396 83 74 115 120 212 0 0 0 3 6 1 0 0 0 0 0 0 1 2 0 2 0 0 0 0 0 0 5 2 0 4 0 3 3 0 3 0 0 3 4 0 4 2 1 0 0 0 0 0 0 0 0 0 0 0 20 0 12 1 0 0 0 0 0 0 0 15 27 0 27 0 0 43 26 0 9 0 0 0 0 29 13 38 0 14 0 0 0 0 2 0 0 0 0 0 0 0 0 12 0 0 0 0 0 0 0 0 1 0 0 0 0 0 0 0 0 0 1 0 0 0 0 0 0 0 0 0 0 2 0 33 38 0 0 0 1 0 0 0 8 0 0 0 11 0 0 39 2 0 14 11 13 0 1 64 0 24 1 18 14 25 9 9 0 4 12 0 0 0 0 4 0 0 0 0 0 0 0 0 0 0 0 0 0 0 16 0 0 0 0 0 7 0 0 0 0 0 0 0 0 0 0 0 1 1 0 0 0 0 0 0 0 0 0 83 2 0 0 14 0 5 0 0 0 3 2 3 0 0 0 0 0 0 0 0 0 0 0 0 0 0 0 15 0 0 0 0 0 0 0 0 0 1 0 0 0 
 0 0 0 0 0 0 0 3 0 0 0 0 1 0 0 0 0 0 0 0 3 0 0 0 2 62 0 0 62 29 168 187 2 0 2 62 0 22 3 0 0 297 189 59 62 31 118 140 339 77 33 38 126 177 276 43 120 82 62 201 2 0 0 0 0 0 0 0 0 0 9 1 4 3 0 5 0 2 0 3 0 0 0 0 0 0 0 0 0 0 0 0 0 0 0 0 0 0 0 0 0 0 0 0 0 0 0 1 0 6 9 0 0 0 0 0 0 0 0 0 30 13 21 10 31 0 0 0 30 11 1 1 57 9 1 10 22 14 75 22 8 2 0 0 0 6 3 0 6 0 4 0 1 4 0 4 4 0 6 0 0 1 0 0 12 0 0 0 0 0 0 8 0 0 0 0 0 0 0 0 0 0 0 0 20 5 0 0 0 0 0 0 0 0 0 0 0 0 0 0 17 0 7 7 19 0 16 32 48 16 20 2 0 8 0 2 18 17 0 0 6 8 0 0 0 0 0 0 0 0 6 0 0 0 0 0 0 0 0 0 0 0 1 0 0 0 0 0 0 32 0 1 0 2 0 1 0 0 0 0 0 3 0 0 3 0 0 0 0 0 0 0 0 0 0 0 0 0 0 0 0 18 0 0 0 11 0 2 2 0 
 0 1 2 5 8 7 2 63 6 7 0 8 0 3 11 6 6 2 1 1 0 49 0 0 0 64 0 0 0 0 1 26 0 0 0 3 0 0 3 0 297 0 184 134 42 249 149 210 687 122 27 37 66 122 55 51 131 63 171 60 0 0 0 0 5 0 0 0 0 0 0 1 0 0 30 0 0 0 51 2 0 5 0 1 0 0 0 0 0 0 2 0 0 0 0 6 0 0 0 0 0 0 0 0 0 1 0 0 0 0 2 0 18 0 0 0 0 0 0 2 23 8 57 15 30 0 4 7 0 12 15 13 20 19 10 58 0 10 6 43 0 0 0 0 0 3 8 20 3 0 0 0 0 0 2 23 0 0 0 0 0 6 6 0 8 0 0 0 6 6 0 10 0 0 0 5 5 0 0 0 0 0 0 0 1 7 0 9 0 0 0 0 0 0 0 0 0 0 7 1 12 22 1 1 9 0 18 6 7 51 8 0 0 15 11 8 8 1 19 0 0 0 0 0 0 0 0 0 0 0 20 0 0 0 0 0 6 0 20 0 0 0 0 0 0 0 1 0 0 32 0 13 0 2 0 0 0 0 0 1 0 8 0 0 65 0 2 0 2 0 0 0 0 0 0 0 0 0 0 0 0 1 0 0 0 0 0 0 2 0 
 0 0 0 0 0 0 0 0 0 0 2 0 0 0 11 0 3 0 0 0 3 3 3 3 3 3 3 7 3 3 3 65 6 3 3 3 5 3 3 3 189 184 0 180 111 49 52 230 165 70 308 160 52 108 45 338 46 114 48 40 4 0 0 0 0 0 0 0 0 0 2 0 0 0 0 0 0 2 58 0 0 0 0 0 0 0 0 0 0 0 0 0 0 0 0 0 0 0 0 0 0 0 0 0 0 0 0 0 0 0 0 0 18 0 0 0 0 0 0 0 8 1 1 10 10 3 1 17 7 17 26 6 14 16 37 35 12 19 14 0 0 0 0 0 0 0 0 0 19 1 0 0 11 0 25 14 0 0 13 0 0 0 0 0 16 0 0 0 0 0 0 0 0 0 0 0 0 0 0 1 0 0 0 0 0 8 0 0 0 0 0 0 0 0 0 0 0 0 0 0 8 0 6 30 15 4 0 25 17 14 5 12 26 4 22 30 15 11 0 4 0 9 0 0 0 0 0 0 0 0 0 0 6 0 0 0 0 0 0 0 0 0 8 0 0 0 0 0 0 31 0 19 0 2 0 0 0 0 0 1 0 0 8 1 1 1 2 0 2 0 3 0 0 0 0 0 0 0 0 0 0 0 0 0 0 0 0 0 2 0 
 0 2 9 0 0 0 0 2 0 1 0 0 0 1 4 2 0 9 1 0 0 0 0 0 64 0 0 0 0 0 0 0 0 0 0 0 0 0 0 6 59 134 180 0 74 35 257 105 86 331 122 39 63 105 149 324 38 290 80 49 16 0 1 5 8 1 55 0 3 9 3 3 0 0 56 8 0 6 6 1 0 0 0 0 0 0 0 0 0 0 0 0 0 0 0 0 0 0 0 0 0 0 0 0 0 0 0 0 0 0 0 0 0 0 0 0 0 0 0 0 0 10 0 0 9 0 1 39 20 2 0 27 0 11 12 0 14 0 0 0 0 0 9 3 0 0 8 4 0 15 0 0 7 0 21 62 0 39 15 28 0 0 0 0 0 0 0 5 0 0 2 0 0 0 0 0 0 0 5 0 0 0 0 0 0 0 0 0 0 0 0 0 0 0 0 0 0 0 0 0 0 1 0 35 21 0 0 1 4 0 26 26 1 10 11 12 13 7 0 0 0 1 0 13 0 0 14 0 4 0 3 0 1 3 6 0 19 0 15 5 0 0 11 0 0 0 0 0 0 0 0 5 0 1 0 0 0 0 0 23 0 0 75 2 2 0 0 0 0 0 16 0 0 0 0 0 0 12 0 0 0 0 0 0 1 0 0 0 1 0 
 3 3 3 2 3 3 4 3 3 4 37 3 4 6 5 3 3 5 3 3 1 1 2 1 1 5 1 0 1 2 1 0 5 1 1 3 1 0 0 1 62 42 111 74 0 238 33 154 100 335 456 78 70 264 294 309 59 83 71 43 38 23 0 0 0 3 0 50 1 4 3 1 6 0 61 50 1 0 54 104 0 0 0 0 0 0 0 0 0 0 0 0 0 0 0 0 0 0 0 0 0 0 0 0 0 0 0 0 0 0 0 0 0 0 0 0 0 0 0 0 0 0 1 4 5 25 0 0 0 6 37 0 0 0 0 0 9 8 0 0 18 0 0 0 0 6 27 0 6 0 0 0 16 2 0 0 41 0 14 7 0 0 0 0 0 0 0 0 8 0 0 0 0 0 0 0 0 0 0 18 0 0 0 0 0 0 0 0 0 0 0 0 0 0 0 0 0 0 0 0 0 1 0 0 1 5 0 0 0 0 1 11 0 0 0 0 0 0 0 0 6 13 9 0 0 0 9 6 13 0 0 0 11 10 6 0 7 1 9 0 0 0 0 0 0 0 0 0 0 0 0 11 0 0 0 0 0 0 0 1 0 0 2 18 3 2 1 64 1 0 0 0 0 0 0 0 0 0 0 0 0 0 2 0 0 0 0 0 0 0 
 0 0 0 0 0 0 0 0 0 0 0 0 62 0 0 0 67 0 0 0 0 0 0 1 0 1 0 0 0 0 0 0 0 0 1 0 3 0 0 0 31 249 49 35 238 0 30 311 47 41 343 54 45 49 54 71 322 98 33 53 51 112 0 4 0 0 77 15 1 1 1 0 0 54 0 103 0 0 50 21 0 0 0 0 0 0 0 0 0 0 0 0 0 0 0 0 1 0 0 0 0 0 0 0 0 0 0 0 0 0 0 0 0 0 0 0 0 0 0 0 0 0 0 11 0 0 0 0 1 1 0 28 0 0 1 0 1 1 0 0 7 12 11 8 3 11 0 0 25 10 12 4 7 11 20 3 8 1 8 19 0 0 6 14 0 0 11 0 0 0 3 0 0 0 0 0 0 0 0 0 0 0 0 0 0 0 0 4 0 0 0 0 0 0 0 0 0 0 0 0 0 0 0 0 0 50 0 0 1 12 0 11 0 0 0 0 1 11 0 0 25 0 20 5 6 0 27 0 0 28 15 13 14 8 25 18 0 1 21 32 0 0 1 0 0 0 0 0 0 0 0 10 0 0 0 0 0 0 0 0 0 0 10 5 1 8 0 4 2 0 1 0 0 0 0 0 0 0 0 0 0 0 0 0 0 11 0 0 0 0 
 0 0 0 0 0 0 5 0 0 0 1 1 0 3 0 0 0 0 0 0 0 0 0 2 0 65 0 0 0 0 0 121 0 0 0 0 0 0 0 0 118 149 52 257 33 30 0 114 268 227 59 152 183 353 199 101 572 51 102 95 0 0 0 0 0 0 0 0 0 0 1 2 0 0 0 0 0 0 0 0 0 0 0 0 0 0 0 0 0 0 0 0 0 0 0 0 0 0 0 0 0 0 0 0 0 0 0 0 0 0 0 0 0 0 0 0 0 0 0 0 13 8 25 0 2 2 0 28 43 0 22 15 30 0 21 1 0 0 0 24 0 0 10 0 0 0 1 0 0 0 0 0 0 0 0 15 0 0 0 0 0 3 0 0 0 0 0 0 0 0 0 0 0 0 0 0 0 0 0 0 0 0 0 0 0 0 0 0 0 0 11 11 0 0 0 0 0 0 0 0 0 20 0 29 1 0 0 0 0 19 16 11 0 36 13 6 10 17 11 6 0 0 0 0 0 0 0 0 0 0 10 0 0 0 0 0 0 0 5 0 0 0 8 0 0 0 0 0 0 0 0 6 0 0 0 0 0 0 0 0 0 0 1 0 52 0 2 0 0 0 0 0 0 0 0 0 0 0 0 0 0 0 0 0 0 0 0 0 1 0 
 0 0 0 0 0 0 0 0 0 2 1 0 0 0 20 0 0 3 0 0 0 0 0 0 0 0 0 0 0 0 0 62 0 0 2 0 0 0 0 0 140 210 230 105 154 311 114 0 91 133 159 36 71 254 66 38 37 36 101 268 0 1 0 0 2 3 0 7 0 5 5 1 0 2 2 0 3 0 24 4 0 0 0 0 0 0 0 0 0 0 27 0 0 0 0 0 0 0 0 0 0 0 1 0 0 0 0 0 0 0 0 0 0 0 0 0 0 0 0 0 10 16 0 20 8 20 1 21 1 22 12 26 7 0 6 5 19 35 13 1 0 0 0 9 0 10 20 2 5 0 0 0 57 10 16 6 0 3 6 8 0 0 0 0 0 0 0 0 0 0 0 0 0 0 0 0 0 0 0 4 0 0 0 0 0 3 0 0 0 0 0 0 0 0 0 8 0 0 0 0 8 10 0 0 1 0 0 19 37 10 0 2 27 0 22 0 13 34 0 0 0 8 4 0 0 0 20 25 0 1 2 3 19 2 6 0 1 0 2 0 0 0 1 0 0 0 0 0 0 0 0 7 0 0 0 0 0 0 0 0 1 12 2 73 7 1 0 1 0 0 10 0 0 0 0 0 0 0 0 0 0 0 0 0 0 19 0 0 0 0 
 0 0 0 0 0 2 4 0 0 0 0 0 0 0 0 0 0 0 0 0 0 0 0 0 0 0 0 0 0 0 0 0 0 0 0 3 0 0 0 0 339 687 165 86 100 47 268 91 0 270 325 81 83 72 439 219 319 93 90 67 6 0 0 5 0 0 1 0 0 0 10 0 0 0 3 0 3 0 22 1 0 0 0 0 0 0 0 0 0 0 0 0 0 0 0 0 0 0 0 0 0 0 0 0 0 0 0 0 1 0 0 0 0 0 0 0 18 0 0 0 15 9 9 8 59 0 0 11 22 0 1 10 0 12 14 12 0 0 0 12 0 0 4 0 4 0 0 34 0 0 0 0 0 0 0 6 0 0 0 0 0 0 0 0 0 0 0 0 0 0 0 0 0 0 0 4 0 0 0 0 0 0 0 4 0 0 0 0 0 0 0 0 0 0 0 0 0 0 0 0 0 0 9 22 32 0 0 0 1 13 28 14 0 9 10 11 22 7 0 0 0 0 0 0 0 0 0 0 0 0 11 0 0 0 0 0 0 0 8 0 0 0 10 0 0 0 0 0 0 0 0 5 0 0 0 0 0 0 0 1 0 0 63 0 3 2 0 0 2 0 10 0 0 0 0 0 0 0 0 0 0 0 0 0 0 13 0 0 0 0 
 0 0 0 57 0 3 0 0 0 1 0 0 0 0 0 0 0 2 0 0 0 0 0 0 0 22 0 0 0 0 0 0 0 0 0 0 0 0 0 0 77 122 70 331 335 41 227 133 270 0 109 167 100 145 436 465 165 76 215 79 0 2 0 19 0 0 29 0 0 23 0 0 0 0 52 0 19 10 0 79 0 0 0 0 0 0 0 0 0 0 0 0 0 0 0 0 0 0 0 0 0 0 0 0 0 0 0 0 0 0 0 0 0 0 0 0 0 0 0 0 0 9 26 1 9 2 27 37 6 0 13 30 20 0 11 0 32 0 7 26 0 0 19 0 0 0 7 2 0 8 0 0 0 0 2 4 0 10 0 8 0 0 0 0 0 0 0 0 0 0 0 0 0 0 0 0 0 0 0 0 0 0 0 0 0 0 7 0 0 0 0 0 0 0 0 0 0 0 0 0 0 35 43 9 11 0 0 0 0 25 24 10 0 20 6 15 1 0 18 0 0 4 14 0 0 0 3 7 0 7 4 11 0 14 6 5 10 0 0 7 0 0 0 0 0 0 0 0 0 0 0 6 0 0 0 0 0 0 0 34 0 0 4 1 63 0 1 0 0 0 3 0 0 0 0 0 0 0 0 0 0 0 0 0 0 5 0 0 0 0 
 0 0 0 0 0 0 0 0 0 0 2 0 0 0 0 0 2 0 0 0 1 0 0 0 0 214 0 3 27 1 0 0 0 0 0 62 2 0 0 0 33 27 308 122 456 343 59 159 325 109 0 147 94 34 352 161 206 181 159 70 0 0 0 8 0 0 0 5 0 3 0 9 0 0 52 0 0 0 49 51 0 0 0 0 15 0 0 0 0 0 0 0 0 0 0 0 0 0 0 0 0 0 0 0 0 0 0 0 0 0 0 0 0 0 0 0 0 17 0 0 6 0 0 35 11 35 0 0 7 14 14 12 0 0 0 0 111 21 0 0 0 0 3 0 0 0 5 0 12 0 0 0 18 22 2 0 0 0 36 8 0 0 0 0 16 0 0 0 0 0 0 0 0 8 0 0 0 0 0 4 0 0 0 0 0 0 0 0 0 0 0 0 0 0 0 0 0 0 0 0 0 1 0 0 7 0 0 0 0 0 9 1 0 6 0 12 0 19 0 0 0 16 0 0 0 0 12 19 0 0 0 0 29 19 0 0 0 0 6 1 0 0 0 0 0 0 0 0 0 0 0 6 0 0 0 0 0 0 0 18 0 0 4 34 0 0 0 1 0 0 0 0 0 0 0 0 0 0 0 0 0 0 0 0 0 21 0 0 0 0 
 0 0 0 0 0 0 0 0 0 0 0 0 0 0 86 0 0 3 0 0 0 0 0 0 0 0 0 0 0 65 0 0 1 0 0 0 2 0 0 1 38 37 160 39 78 54 152 36 81 167 147 0 36 27 113 158 329 164 27 107 1 52 2 0 0 0 0 0 2 1 0 0 0 0 51 52 0 0 0 26 0 0 0 0 0 0 0 0 0 0 0 0 0 0 0 0 0 0 0 0 0 0 0 0 10 0 0 0 0 0 0 0 0 0 0 0 0 0 0 0 0 9 13 17 8 29 0 11 29 0 17 0 0 8 15 0 19 0 2 1 11 0 36 0 0 0 0 0 2 11 0 0 0 4 11 6 0 0 0 9 0 0 0 0 0 0 0 0 0 0 0 0 0 0 0 2 0 0 0 0 0 0 0 0 0 0 0 0 0 0 0 0 0 0 0 0 0 0 0 0 0 34 15 23 14 19 0 0 10 1 11 23 0 12 0 17 1 0 0 0 10 1 0 0 7 0 0 0 0 0 0 2 1 9 7 0 10 9 0 15 0 0 10 0 0 0 0 0 0 0 0 9 0 0 0 0 0 0 0 18 0 0 0 0 0 15 2 1 0 0 0 0 0 0 0 0 0 0 0 0 0 0 0 0 0 8 0 0 0 0 
 0 0 73 1 1 2 0 0 0 0 2 1 0 1 40 65 3 63 0 3 11 0 0 6 2 14 0 0 0 0 0 31 1 0 0 0 7 22 0 2 126 66 52 63 70 45 183 71 83 100 94 36 0 103 140 36 33 39 226 51 0 0 0 0 0 0 0 0 0 0 0 0 3 7 0 0 0 0 0 1 0 0 15 1 0 0 0 0 0 1 0 0 0 0 0 0 0 0 5 0 0 0 0 0 20 9 0 0 13 0 1 0 1 4 1 0 7 0 0 0 27 40 0 0 12 0 17 1 17 0 0 1 3 14 56 9 0 0 25 1 0 0 4 0 0 0 0 0 0 0 0 0 0 0 0 0 0 0 0 0 0 5 0 0 0 0 0 0 1 8 0 0 0 0 0 0 0 27 1 0 0 6 0 0 4 6 0 0 1 0 0 29 0 0 1 0 0 11 0 27 1 17 2 10 0 0 16 8 0 0 33 0 0 10 0 14 59 1 36 39 0 0 0 0 0 0 0 0 0 0 19 0 0 0 0 0 0 0 0 0 0 0 0 0 0 0 0 0 0 0 0 10 0 1 0 0 0 0 7 0 0 0 65 0 2 0 2 0 0 0 11 0 0 0 0 19 0 0 0 0 0 1 0 0 17 0 0 0 1 0 
 0 0 0 0 0 0 0 0 1 0 2 0 0 0 0 0 0 0 0 0 0 0 77 3 63 0 0 0 0 65 30 56 202 0 0 64 0 0 0 0 177 122 108 105 264 49 353 254 72 145 34 27 103 0 199 42 254 55 184 139 51 0 6 0 0 0 0 0 0 0 9 0 0 0 0 0 0 0 0 0 0 0 0 0 0 0 0 0 0 0 0 0 0 0 0 0 0 0 0 0 0 0 0 0 15 0 0 0 0 0 7 0 0 0 0 0 0 0 0 0 14 28 26 12 13 0 7 7 13 27 1 16 12 0 11 1 12 14 0 15 0 28 0 0 7 23 1 0 0 0 0 5 0 0 0 0 0 0 0 0 0 3 0 0 0 0 0 0 0 0 0 0 0 0 0 0 0 0 0 0 0 0 0 0 23 8 0 0 0 14 0 11 0 0 0 0 0 1 0 10 0 0 0 2 16 0 19 16 17 2 19 3 0 0 13 56 17 27 28 6 0 0 0 0 6 0 0 0 0 0 10 0 0 0 0 0 0 3 25 0 0 0 1 0 0 0 0 0 0 0 0 2 0 0 0 0 0 0 0 0 0 17 2 0 40 0 0 0 1 0 0 0 0 0 0 0 0 0 0 0 0 20 0 0 0 10 0 0 1 0 
 0 0 0 0 0 0 66 0 0 0 0 0 0 1 0 0 0 1 0 0 4 2 2 2 3 65 2 3 2 7 65 127 2 2 2 2 2 64 3 2 276 55 45 149 294 54 199 66 439 436 352 113 140 199 0 125 40 34 73 291 0 0 0 0 0 0 0 0 0 0 1 0 0 0 0 0 0 0 0 6 0 0 0 0 0 0 0 0 0 0 0 0 0 0 0 0 0 0 0 0 0 0 0 0 0 12 0 0 0 18 0 2 0 0 0 0 0 0 0 0 20 36 20 0 30 0 0 20 32 0 14 0 29 32 16 0 36 0 6 20 0 0 4 0 0 0 0 0 12 0 0 0 0 0 0 15 0 0 0 0 0 4 0 0 0 0 0 0 0 2 0 0 0 0 0 0 0 0 0 0 0 0 0 0 0 0 0 0 0 0 0 4 0 0 0 0 0 12 0 0 8 19 0 40 2 0 0 20 0 38 11 10 9 28 0 22 22 9 4 25 0 0 0 0 0 0 0 0 0 0 0 0 0 0 0 0 0 0 0 0 0 0 7 0 0 0 0 0 0 0 0 18 0 0 0 0 0 0 0 0 0 0 67 0 2 4 1 0 0 0 11 0 0 0 0 0 0 0 0 0 0 0 0 0 7 0 0 13 0 0 
 0 0 0 0 0 0 1 0 0 0 2 0 0 0 1 0 0 2 0 0 0 0 1 0 3 275 0 0 0 1 0 0 1 0 0 0 2 0 0 0 43 51 338 324 309 71 101 38 219 465 161 158 36 42 125 0 189 99 80 117 0 0 0 0 0 0 0 0 0 0 0 0 0 0 0 0 0 0 56 0 0 0 0 0 0 0 0 0 0 0 0 0 0 0 0 8 0 10 0 0 0 0 0 0 0 0 0 0 0 0 0 0 0 0 0 0 0 0 0 0 0 21 68 29 38 29 2 10 8 0 49 0 10 24 10 6 18 0 0 26 0 48 9 0 0 0 0 10 0 0 0 0 6 0 0 9 0 0 11 0 0 0 0 0 0 0 0 0 0 0 0 0 0 0 0 19 0 0 0 0 0 0 0 0 0 0 0 0 0 0 0 0 0 0 0 0 0 0 1 0 0 40 28 49 20 16 0 0 0 39 8 11 0 11 53 25 0 0 0 0 0 0 0 17 0 0 6 0 0 0 0 0 20 0 0 0 0 0 17 9 0 0 8 0 0 71 0 0 0 0 0 9 0 0 0 0 0 0 0 1 0 0 3 0 0 12 0 0 0 0 0 0 0 0 0 0 0 0 0 0 0 0 0 0 0 13 0 0 0 0 
 0 0 0 0 0 3 6 1 0 0 1 0 0 2 1 0 1 3 0 0 0 0 0 2 0 2 0 0 0 0 0 0 0 0 1 0 0 73 0 0 120 131 46 38 59 322 572 37 319 165 206 329 33 254 40 189 0 115 61 44 1 0 0 6 0 6 0 1 0 11 0 0 1 0 0 0 0 0 28 0 0 0 0 0 0 0 0 0 0 0 0 0 0 0 15 0 0 0 0 0 0 0 0 0 0 0 0 0 0 0 0 0 0 0 0 0 0 0 0 0 43 0 13 10 27 20 0 0 15 0 27 20 0 0 0 27 15 0 0 4 0 39 5 0 0 0 9 15 17 0 0 0 4 7 7 0 0 0 7 39 0 0 0 0 0 0 10 0 0 0 0 0 0 0 0 7 0 0 0 0 0 0 0 0 0 0 0 0 0 0 0 0 0 0 0 0 0 0 0 0 0 20 13 2 15 7 0 0 0 18 18 0 7 0 11 33 8 7 0 0 0 0 0 19 0 0 0 0 0 0 20 0 23 0 0 0 0 0 19 12 0 0 0 0 0 0 0 0 16 0 0 13 0 0 0 0 0 0 0 0 0 0 0 0 1 1 11 62 0 0 0 0 0 0 0 0 0 0 0 0 0 0 0 0 0 14 0 0 0 0 
 0 0 0 0 0 2 0 4 0 0 5 1 0 0 2 0 0 0 0 0 0 0 0 1 1 1 0 0 0 0 1 0 0 0 1 0 0 0 0 0 82 63 114 290 83 98 51 36 93 76 181 164 39 55 34 99 115 0 56 48 4 0 0 9 0 54 0 1 0 3 0 0 0 0 52 0 0 0 3 0 0 0 0 0 0 0 0 0 0 0 0 0 0 0 0 0 0 0 0 0 0 0 0 0 0 0 0 0 0 0 0 0 0 0 0 0 0 0 0 0 9 0 6 12 12 9 0 0 0 0 14 10 0 0 0 21 0 33 9 13 27 7 16 0 0 0 10 0 11 0 0 0 0 5 8 0 1 4 35 6 0 0 0 0 0 0 0 0 0 0 0 0 0 0 0 6 0 0 0 0 4 0 0 0 0 0 0 0 0 0 0 0 0 0 0 0 0 0 0 0 0 41 7 0 8 2 0 0 0 0 12 33 0 10 11 0 10 0 0 1 10 3 0 0 1 0 0 0 0 0 19 0 52 0 7 0 0 5 8 5 0 0 0 0 0 2 0 0 0 0 0 14 2 2 0 0 0 0 2 0 0 1 3 2 0 2 0 66 0 0 0 0 0 0 0 0 0 0 0 0 0 0 0 0 7 0 0 0 2 0 
 0 0 0 0 0 0 0 0 0 0 0 0 0 0 0 0 0 0 0 0 0 0 62 0 61 136 0 0 0 62 24 62 0 0 3 64 3 70 0 0 62 171 48 80 71 33 102 101 90 215 159 27 226 184 73 80 61 56 0 197 0 9 3 3 7 7 0 27 7 0 1 6 0 0 0 2 2 0 2 0 0 0 21 0 0 0 0 0 0 0 0 0 0 0 0 0 0 11 0 0 0 1 8 0 13 23 0 0 1 0 1 8 0 0 0 0 0 0 0 0 0 11 20 0 0 0 26 8 11 0 26 0 31 22 25 60 0 0 9 20 0 4 0 0 0 2 5 0 0 0 0 1 0 0 0 0 0 0 0 0 0 7 0 0 0 0 0 0 2 3 0 0 0 0 0 0 0 0 1 0 0 0 0 0 0 0 0 0 0 8 0 23 0 0 0 0 11 0 0 0 1 66 8 0 0 0 7 10 0 35 13 0 10 17 14 7 1 7 52 29 0 0 1 0 0 12 0 0 0 0 1 1 0 0 0 12 0 2 0 0 0 0 0 0 0 0 0 0 0 0 0 3 0 0 0 0 0 16 0 0 0 0 0 0 1 4 7 0 0 0 4 0 0 0 0 0 0 0 0 0 0 1 0 0 1 0 0 0 1 0 
 0 0 0 0 0 0 5 0 0 0 0 0 0 2 1 0 0 0 0 0 0 0 124 63 78 32 0 0 30 128 86 65 0 0 3 145 29 63 0 0 201 60 40 49 43 53 95 268 67 79 70 107 51 139 291 117 44 48 197 0 0 1 0 2 0 0 3 0 0 9 0 0 0 0 15 0 0 1 0 3 0 0 0 0 0 0 0 0 0 0 0 0 0 0 0 7 0 18 0 0 0 0 0 11 18 0 0 0 20 0 11 0 0 0 0 0 0 0 0 0 1 7 10 9 28 0 6 0 23 10 0 0 0 25 0 0 0 19 16 22 0 4 0 5 0 2 0 2 0 0 0 0 0 0 12 4 0 3 0 0 0 0 0 0 0 0 0 0 0 0 0 0 0 0 0 19 0 0 54 0 0 0 0 9 18 18 0 0 0 28 0 0 0 0 0 0 14 12 0 0 1 8 28 15 0 13 15 1 32 1 0 0 14 11 59 32 0 0 10 0 0 5 5 0 0 0 3 11 1 10 10 8 0 4 34 0 0 0 0 0 0 0 0 0 0 0 0 0 0 0 0 14 0 0 0 0 0 63 0 0 0 7 0 0 0 11 1 0 0 0 0 0 0 0 0 0 0 0 0 15 0 4 0 0 0 4 0 1 2 0 
 0 0 0 0 0 0 0 2 0 1 0 3 1 2 1 0 0 0 0 0 0 0 0 0 0 0 0 2 0 0 0 0 0 0 0 0 0 0 1 0 2 0 4 16 38 51 0 0 6 0 0 1 0 51 0 0 1 4 0 0 0 93 153 81 102 45 104 156 81 98 32 124 114 151 105 135 87 82 51 108 0 0 0 0 0 0 0 0 0 0 0 0 0 0 0 0 0 0 0 0 0 0 0 0 0 0 0 0 0 0 0 0 0 0 0 0 0 0 0 0 0 0 0 0 0 4 0 0 0 0 0 1 0 0 0 0 0 0 0 0 5 14 0 23 0 0 8 10 2 9 1 0 0 8 7 24 8 0 0 0 0 0 0 0 0 0 0 0 0 0 0 0 0 0 0 0 0 0 0 0 0 0 0 0 0 0 0 0 0 0 0 0 0 0 0 0 0 0 0 0 0 0 0 0 1 4 0 0 0 0 0 1 0 0 0 1 0 0 0 0 0 16 29 1 1 17 7 13 22 0 8 0 1 11 12 2 7 0 23 0 0 0 0 0 0 0 0 0 0 1 0 0 0 0 4 0 0 0 0 0 0 0 7 0 0 0 0 10 0 0 61 1 0 2 2 2 0 0 0 0 0 0 0 0 0 0 0 0 0 0 
