 0 313 125 300 78 34 413 112 253 31 47 128 172 143 112 254 23 250 446 142 2 2 2 0 0 0 0 0 0 0 3 23 3 3 0 2 0 0 0 0 0 0 2 0 0 0 0 0 0 0 0 0 2 0 0 0 0 0 0 2 0 0 0 35 10 0 0 0 0 0 3 3 0 0 0 0 0 3 8 0 35 43 1 0 11 0 53 49 0 0 1 18 52 48 15 28 0 42 56 17 0 0 0 0 0 0 0 0 0 0 0 0 0 0 20 0 0 0 0 0 0 0 0 0 0 0 0 0 0 0 0 0 0 0 0 0 0 0 0 0 0 0 0 0 0 1 0 0 0 0 2 0 0 0 0 0 0 0 0 0 60 13 10 28 23 7 56 13 15 42 0 22 20 17 8 28 37 32 0 25 0 0 0 0 0 0 1 0 0 0 0 0 21 0 0 0 0 0 26 1 0 0 0 0 0 0 0 0 0 0 0 0 0 0 0 0 0 0 0 0 0 0 0 0 0 0 0 0 0 0 0 0 0 0 0 0 0 0 0 0 0 0 0 0 0 2 90 2 0 0 14 3 6 0 0 0 0 0 0 0 0 0 0 0 0 0 0 0 0 0 0 0 0 0 0 9 1 0 0 0 0 0 0 0 0 0 0 0 0 0 
 313 0 108 81 122 109 81 71 133 48 43 41 138 216 140 255 135 186 125 146 2 1 2 0 0 0 0 0 2 0 3 3 3 2 0 2 1 3 67 2 0 0 3 0 0 0 0 3 2 0 0 0 0 0 2 0 2 0 0 0 0 0 0 44 0 0 0 0 3 0 3 2 0 0 0 0 49 0 0 0 20 13 46 12 1 52 30 44 39 11 22 1 20 20 22 20 50 13 14 23 0 0 0 0 0 0 0 0 0 0 0 0 0 0 0 0 0 0 0 12 0 0 0 0 0 0 0 0 0 0 0 0 0 0 0 0 0 0 0 0 1 0 0 0 0 0 0 0 0 0 0 0 10 0 0 0 0 9 0 0 36 26 10 27 3 11 10 33 0 16 0 41 39 0 10 56 16 13 0 0 3 0 0 0 0 0 0 0 0 0 0 0 19 15 0 0 0 1 10 0 0 0 0 0 0 0 0 2 0 0 0 0 0 0 0 0 0 0 0 0 0 0 0 0 0 0 0 1 0 0 0 0 0 0 1 0 0 0 0 0 0 3 0 0 0 0 17 0 2 0 4 13 0 0 0 0 0 0 0 0 0 0 0 0 0 0 0 0 0 0 0 0 0 0 0 1 19 14 0 0 0 0 0 13 0 0 0 0 0 0 
 125 108 0 336 234 111 305 178 74 416 236 48 396 157 167 260 401 380 128 602 5 0 0 0 0 0 3 0 0 0 7 5 7 80 0 5 7 0 74 74 0 0 3 0 0 2 0 1 2 1 2 3 1 0 0 0 0 3 0 38 0 0 0 2 0 0 0 0 1 2 3 2 0 0 3 3 2 0 0 0 14 0 0 31 16 26 0 0 0 30 61 13 15 0 0 8 20 1 12 9 13 1 0 0 0 0 0 0 0 0 0 0 4 16 16 0 0 0 16 23 0 0 0 0 0 0 0 0 0 0 0 0 10 0 0 0 14 18 1 0 0 0 0 0 0 0 14 0 0 0 1 0 0 0 0 0 0 0 0 0 7 1 25 16 6 8 14 1 34 25 12 0 36 8 0 0 21 41 4 1 1 15 0 1 0 0 31 10 0 0 0 0 0 26 20 0 0 1 12 40 0 0 0 0 0 0 0 2 0 0 0 0 0 0 0 0 0 0 1 0 0 0 0 0 0 0 0 0 0 0 0 0 0 0 1 0 0 0 0 0 0 37 0 0 0 4 0 0 86 52 1 0 0 0 0 0 2 0 2 0 0 0 17 0 0 0 0 2 0 0 0 0 0 0 0 0 1 0 0 0 0 0 0 0 0 0 0 0 0 0 
 300 81 336 0 130 73 99 120 311 346 61 244 53 203 239 265 139 145 97 117 0 0 2 0 0 2 0 0 0 0 3 3 3 105 75 0 0 3 0 0 0 0 0 2 0 2 0 4 0 2 0 5 1 61 0 0 2 0 62 0 0 0 0 0 5 0 6 32 0 0 0 0 0 1 0 0 0 2 9 0 0 21 44 15 44 2 13 22 24 0 28 18 15 23 0 21 0 24 12 6 21 0 0 0 0 0 5 0 29 0 0 0 44 19 0 8 0 0 16 59 0 0 0 0 0 0 0 0 0 0 0 0 0 0 0 0 0 0 0 0 0 2 0 0 0 0 0 0 0 0 0 16 1 0 0 0 0 0 2 0 48 31 0 32 20 7 17 24 0 36 20 11 12 16 26 21 0 23 0 0 0 14 0 0 0 0 0 13 0 0 0 0 14 24 2 0 0 0 42 14 0 0 0 0 0 0 0 0 0 0 9 0 0 0 0 0 0 12 0 0 0 2 0 0 0 0 0 0 0 0 0 0 0 0 0 6 0 0 0 0 0 0 0 0 0 4 8 2 3 3 0 3 0 0 0 0 0 0 0 0 0 0 0 0 0 0 0 0 0 0 0 0 0 0 0 7 18 0 0 0 0 0 0 0 0 0 0 0 0 0 
 78 122 234 130 0 54 100 107 92 183 256 257 71 115 74 401 170 41 289 98 4 74 1 0 0 0 3 1 0 4 3 5 47 0 3 4 0 3 25 0 2 0 2 0 4 3 9 1 0 2 0 0 1 0 0 0 4 3 4 0 0 0 0 0 9 41 0 0 0 13 6 8 2 4 4 0 0 2 6 0 0 23 0 23 3 3 13 9 16 23 11 18 15 11 3 2 0 11 0 0 8 1 0 0 0 0 0 0 0 0 0 0 5 7 13 2 10 0 0 5 0 0 0 0 0 0 0 0 0 0 0 0 0 0 0 0 0 0 0 0 0 0 0 0 0 0 0 0 2 14 0 0 19 0 0 0 0 3 0 0 12 10 2 54 37 11 0 1 0 22 28 50 0 0 10 0 18 14 0 0 60 13 0 0 0 0 24 0 0 27 0 0 14 18 0 0 0 0 50 21 0 0 0 0 0 8 0 0 0 0 2 0 0 0 0 0 0 0 0 0 0 0 0 0 0 10 0 0 0 2 0 0 0 0 0 0 0 0 0 0 0 0 0 0 0 90 93 0 7 4 2 12 0 0 2 0 0 0 0 2 0 0 0 0 0 0 0 0 0 1 2 0 0 0 0 8 0 16 0 0 0 0 0 0 0 0 0 0 0 0 
 34 109 111 73 54 0 43 29 116 159 180 139 48 129 235 73 245 378 58 76 76 73 119 74 0 0 156 145 0 0 3 7 25 6 80 152 0 0 74 63 0 0 2 0 0 0 0 4 1 3 7 0 4 0 0 0 1 0 0 0 4 0 23 2 3 0 6 0 0 0 4 2 2 2 0 0 2 1 0 2 0 1 7 15 24 22 0 1 14 0 15 9 0 0 0 0 0 0 0 0 41 29 2 0 0 0 13 0 0 4 0 17 37 21 40 19 0 0 20 67 0 0 0 0 0 0 0 14 0 0 0 0 2 0 0 0 1 0 2 2 8 0 0 2 0 2 0 0 0 4 0 0 0 0 0 0 0 0 0 0 0 0 0 25 12 12 0 0 0 8 19 2 3 1 0 16 0 10 0 1 11 0 0 10 0 0 31 29 39 10 0 0 22 8 0 12 15 0 20 37 0 0 0 0 0 0 0 0 0 0 0 0 0 0 0 0 0 5 0 0 0 0 1 11 0 0 0 0 0 0 0 0 0 0 0 0 0 0 0 0 0 0 0 0 0 0 3 1 0 1 4 18 0 0 7 0 0 73 80 0 0 0 0 0 0 0 10 0 0 0 0 0 0 0 0 0 0 0 0 0 0 11 0 0 0 0 0 0 0 0 
 413 81 305 99 100 43 0 110 262 37 51 25 565 131 33 47 237 258 96 155 3 0 4 0 0 0 0 0 0 0 3 6 2 69 2 3 2 0 0 0 0 0 2 0 0 0 0 0 0 0 0 0 0 0 0 0 0 0 2 0 0 0 0 0 0 0 0 0 0 0 3 3 0 0 51 0 0 0 0 0 23 24 14 0 0 0 27 25 0 7 0 0 14 8 0 0 16 9 35 22 0 0 0 0 0 0 0 0 0 0 0 0 0 0 0 0 2 0 0 0 0 0 0 0 0 0 0 0 0 19 0 0 0 0 0 0 0 0 0 0 0 0 0 0 0 0 0 0 0 1 4 0 0 0 0 0 0 2 0 0 0 11 0 0 0 0 1 9 0 0 0 0 24 0 19 0 0 0 50 25 0 0 0 0 0 0 0 0 0 0 0 0 0 0 0 0 0 0 0 0 0 0 0 8 0 0 0 0 0 0 0 0 0 0 0 0 0 0 0 0 0 0 0 0 0 1 0 6 0 1 0 0 0 0 0 0 0 0 0 0 0 0 0 0 0 3 1 2 0 0 2 4 0 0 0 0 0 0 0 0 0 0 0 0 0 0 0 0 0 0 0 0 0 0 0 0 0 0 0 0 0 0 0 0 0 0 0 0 0 1 
 112 71 178 120 107 29 110 0 180 69 253 52 184 158 54 266 134 37 66 341 80 0 0 0 0 1 5 0 0 2 68 3 4 4 0 2 0 0 0 0 0 0 3 0 2 0 0 0 0 0 0 0 2 0 0 0 0 0 0 0 0 0 0 0 4 4 0 7 1 0 3 2 0 3 48 0 2 9 14 0 14 26 15 13 1 0 12 9 1 0 0 10 23 21 56 10 26 8 0 0 0 0 0 0 0 0 0 0 0 0 0 0 0 0 0 1 0 0 0 0 0 0 0 0 0 0 0 0 0 0 0 0 0 0 0 0 0 0 0 0 0 0 0 0 0 0 0 0 0 0 14 0 0 0 0 0 0 0 0 0 12 1 0 11 0 0 0 0 13 13 0 11 0 0 16 0 0 28 11 0 0 0 0 0 0 0 0 0 0 0 0 0 13 0 0 0 0 0 14 0 0 0 0 0 0 0 15 0 0 0 0 0 0 0 0 0 0 0 0 0 0 0 0 0 0 0 0 0 0 1 0 0 0 0 0 0 0 0 0 0 0 14 0 0 0 3 2 2 0 1 0 11 0 0 0 0 0 0 0 0 0 0 13 0 0 0 0 0 0 2 0 0 0 0 0 7 0 0 0 0 0 0 0 0 0 0 0 0 0 1 
 253 133 74 311 92 116 262 180 0 346 360 26 74 162 72 148 127 381 333 447 3 0 0 0 0 1 27 0 0 0 2 3 4 10 0 2 0 0 23 0 0 0 2 0 0 0 0 0 0 0 0 0 2 0 0 0 0 0 1 0 0 0 0 0 0 0 0 0 0 0 2 3 0 0 2 0 0 0 0 0 18 17 10 21 19 11 0 7 12 0 8 0 0 1 11 13 25 0 1 0 31 10 0 0 0 0 0 0 0 0 0 0 0 7 0 0 0 0 0 0 0 0 0 0 0 0 0 0 0 0 0 0 0 0 0 0 0 0 0 0 0 21 0 0 12 0 0 0 0 0 0 0 0 0 0 0 0 0 0 0 0 0 0 21 16 2 0 1 10 0 20 1 0 19 0 19 0 2 0 0 17 21 0 0 0 0 16 0 0 0 0 0 13 0 0 0 0 0 0 0 0 0 0 0 0 0 0 0 0 0 0 0 0 0 0 0 0 0 0 0 0 0 0 0 0 0 0 0 0 0 0 0 0 0 0 0 0 0 0 0 0 0 0 0 0 2 0 2 1 0 1 5 0 0 0 0 0 0 0 0 0 0 0 0 0 0 0 0 0 0 0 0 0 0 0 10 1 0 0 0 0 0 0 0 0 0 0 14 0 0 
 31 48 416 346 183 159 37 69 346 0 390 442 35 105 259 221 291 809 179 345 2 1 0 4 0 2 77 0 0 2 3 3 3 78 2 2 0 0 190 22 0 0 2 0 2 0 2 0 0 0 5 0 0 0 0 0 2 0 0 0 0 0 2 0 2 0 0 1 0 3 3 4 0 0 2 0 0 1 0 0 0 0 17 11 0 15 0 0 24 2 63 0 2 0 0 10 20 0 1 20 40 55 0 0 0 0 1 0 0 0 0 0 22 56 68 0 0 0 15 0 0 0 0 0 0 0 0 0 0 0 1 0 0 0 0 0 0 1 0 0 0 2 0 0 2 0 0 0 0 0 0 0 1 0 0 0 0 0 0 0 0 0 11 15 24 12 0 18 6 0 22 1 0 15 0 18 0 1 0 0 0 15 0 0 1 0 14 11 0 1 0 0 3 14 13 0 0 0 16 12 0 0 0 0 0 0 0 0 0 0 0 0 0 0 0 0 0 0 0 0 0 0 0 2 1 0 0 0 2 0 13 0 0 0 0 0 0 0 0 0 0 1 0 0 0 2 1 1 5 87 0 15 0 0 0 0 0 0 0 0 0 0 0 0 0 0 0 0 0 0 0 0 0 0 0 11 13 1 0 0 0 0 0 0 0 0 0 0 0 0 
 47 43 236 61 256 180 51 253 360 390 0 147 56 29 155 398 453 262 66 83 75 0 0 0 1 0 39 71 0 2 3 3 3 75 0 2 0 0 151 73 0 0 2 0 2 0 0 0 0 0 0 0 2 0 0 0 0 0 0 0 0 0 0 0 0 0 0 0 0 0 3 2 0 0 0 0 0 0 0 0 0 0 1 32 0 0 0 0 0 25 15 16 11 0 0 0 0 0 0 0 26 32 0 0 0 0 1 0 0 1 0 0 2 46 10 0 0 0 14 14 0 0 0 0 0 0 0 0 0 0 1 0 0 0 0 0 12 0 4 0 0 0 0 0 2 0 0 0 0 0 0 0 6 0 14 0 0 0 15 0 0 0 10 31 30 39 0 1 37 12 59 9 0 0 2 0 22 0 0 0 70 26 0 0 1 0 33 9 0 0 0 0 10 34 18 0 0 0 17 20 0 0 0 1 0 0 0 0 0 0 0 0 0 0 0 0 0 0 0 0 0 0 0 0 0 0 0 0 0 0 0 0 0 0 0 0 0 0 0 1 0 1 0 0 0 0 1 1 58 6 4 14 0 0 0 1 0 0 0 0 0 0 0 1 0 0 0 0 0 0 0 0 0 0 0 9 0 0 0 0 0 0 0 0 0 0 0 0 0 0 
 128 41 48 244 257 139 25 52 26 442 147 0 126 32 20 126 430 78 128 136 4 84 0 0 0 2 0 0 0 0 3 3 3 73 0 4 1 0 133 73 0 0 3 0 2 0 0 0 0 0 0 0 0 0 0 62 0 0 0 0 0 0 0 0 0 2 0 0 0 0 3 2 0 0 0 0 0 0 0 0 17 0 7 43 17 23 0 14 20 28 27 31 0 21 0 10 1 21 0 0 12 0 0 0 0 0 21 0 0 1 0 0 23 0 0 0 1 0 0 12 0 0 0 0 0 0 0 0 0 0 0 0 0 0 0 0 0 0 0 0 0 0 12 0 0 1 0 2 0 0 0 0 0 0 0 0 0 6 0 0 36 25 46 13 12 25 27 23 3 29 17 1 34 1 24 10 4 22 5 0 9 0 0 12 0 2 13 27 0 0 8 0 0 22 19 0 0 0 8 11 0 0 0 0 0 0 0 0 0 0 0 0 0 0 0 0 0 0 0 0 0 0 0 1 2 0 0 0 0 0 0 0 0 0 0 0 0 0 0 0 0 1 0 0 0 5 2 0 83 3 2 12 0 0 1 0 0 0 0 0 0 0 0 0 0 0 12 0 0 0 0 0 0 0 0 0 0 0 0 0 0 0 0 0 0 0 0 0 0 0 
 172 138 396 53 71 48 565 184 74 35 56 126 0 162 34 117 118 38 115 478 2 1 0 0 0 0 0 0 0 0 74 3 2 0 0 2 0 0 4 0 0 0 3 0 0 0 0 2 0 0 32 0 2 0 0 0 0 0 0 4 0 0 0 0 0 0 0 0 0 7 2 3 0 0 0 4 0 0 0 4 24 0 14 0 0 26 49 18 14 10 0 1 15 2 1 0 34 21 23 12 0 0 0 0 0 0 0 0 0 0 0 0 0 0 0 0 0 0 0 0 0 0 0 0 0 0 0 0 0 0 0 0 0 0 0 0 0 0 0 0 0 0 0 0 0 0 0 0 0 0 5 0 0 0 0 0 0 0 0 0 4 2 5 0 0 0 0 6 20 39 0 9 17 0 8 14 9 0 11 9 0 0 0 0 0 0 0 0 0 0 0 0 0 0 0 0 0 0 1 0 0 0 0 0 0 0 0 0 0 0 0 0 0 0 0 0 0 0 0 0 0 0 0 0 0 0 0 0 0 0 0 0 0 0 14 0 0 0 0 0 0 16 0 0 0 0 0 0 0 0 0 4 0 0 0 0 0 0 0 0 0 0 0 0 0 0 0 0 0 0 0 0 0 0 0 0 0 0 0 0 0 0 0 0 0 0 0 0 0 0 
 143 216 157 203 115 129 131 158 162 105 29 32 162 0 172 99 36 125 405 305 2 0 0 0 0 0 0 0 0 0 3 3 3 0 0 2 69 0 0 2 0 0 3 0 0 0 14 0 0 2 0 0 2 0 0 0 0 0 0 0 0 0 0 0 4 0 0 0 0 0 3 2 0 0 0 0 0 7 15 0 28 5 14 0 1 11 22 27 30 0 14 14 22 10 11 19 32 11 12 30 1 0 0 0 2 0 0 0 0 1 0 0 0 0 0 0 0 0 0 0 15 0 0 0 0 0 1 2 0 0 0 0 0 0 0 0 0 0 0 0 0 1 0 0 0 0 0 0 0 0 0 0 1 0 0 0 0 0 0 0 9 1 0 10 0 0 16 14 20 16 0 11 15 8 17 12 2 32 10 1 0 0 0 0 15 0 1 0 0 0 0 0 14 0 1 0 0 0 17 1 0 0 1 0 16 0 0 0 0 0 0 0 0 0 2 0 1 0 0 0 0 0 0 0 0 0 0 0 0 0 0 0 0 0 0 0 0 0 0 0 0 18 0 0 0 0 0 0 0 0 5 4 0 0 0 0 0 0 0 0 0 0 11 0 0 0 0 0 0 0 0 0 0 0 0 11 18 0 0 0 0 0 0 0 0 0 0 0 0 0 
 112 140 167 239 74 235 33 54 72 259 155 20 34 172 0 163 43 142 170 377 4 0 0 0 3 0 2 3 203 0 5 5 5 3 3 2 1 0 0 0 0 0 5 0 2 0 0 3 0 2 6 5 2 2 0 0 0 0 2 0 23 0 3 0 2 0 0 0 0 5 3 3 4 0 0 0 1 5 0 1 14 18 15 0 47 12 0 24 21 6 23 23 0 1 0 26 16 2 37 9 0 0 0 0 0 0 1 0 11 0 0 0 2 0 19 0 0 0 0 5 0 0 0 0 0 0 0 0 0 0 0 0 0 0 0 0 0 0 0 0 0 0 0 0 0 0 0 0 0 0 1 0 0 0 0 0 22 0 0 0 7 1 0 0 19 0 13 0 10 2 0 1 13 15 0 32 19 10 0 1 0 0 0 0 0 0 21 0 0 0 0 0 10 2 0 0 0 0 15 15 0 0 0 0 0 0 0 0 0 2 0 0 0 0 0 0 0 0 0 0 0 0 0 0 0 0 0 0 0 0 0 0 0 0 0 0 0 1 0 0 0 0 0 0 0 0 87 0 2 87 0 11 13 0 0 0 0 0 0 0 0 0 0 0 0 0 2 0 0 0 0 0 0 0 0 0 0 0 0 0 0 0 0 0 0 0 0 0 0 0 
 254 255 260 265 401 73 47 266 148 221 398 126 117 99 163 0 84 232 351 332 2 0 8 0 2 0 3 0 0 0 3 3 5 0 27 2 0 0 0 66 0 0 3 0 0 0 0 0 6 0 0 0 2 0 0 27 0 0 0 4 0 0 0 0 0 0 0 28 0 0 3 2 0 0 3 0 0 0 0 0 0 8 35 10 0 21 0 0 51 11 28 1 13 0 30 18 34 0 2 6 0 0 0 0 0 0 0 0 0 0 0 0 0 1 0 0 0 0 4 11 0 0 0 0 0 0 0 0 0 0 0 0 0 0 0 0 2 0 0 1 0 0 0 0 0 0 0 0 0 0 0 0 6 0 0 0 0 5 0 0 0 14 0 21 0 0 0 30 16 0 0 35 0 0 0 42 16 12 11 0 0 4 0 15 0 0 0 8 0 0 0 0 1 15 0 0 0 0 25 2 9 0 0 0 0 0 0 0 0 0 0 0 0 0 0 0 0 0 0 0 0 0 2 0 0 0 0 0 0 0 0 0 0 0 0 0 0 0 0 0 0 20 0 0 0 0 40 1 2 0 0 6 0 0 0 0 0 0 0 0 0 0 12 0 0 0 0 0 0 0 0 0 0 0 0 0 9 21 0 0 0 0 0 0 0 0 0 0 0 0 
 23 135 401 139 170 245 237 134 127 291 453 430 118 36 43 84 0 167 116 54 74 2 2 0 0 1 28 0 0 0 3 40 3 0 2 2 0 0 243 82 0 0 2 0 0 5 0 0 0 0 0 0 2 0 0 0 0 2 0 0 1 0 4 0 0 0 0 0 0 0 3 9 0 0 0 0 0 0 0 0 21 16 12 13 19 0 0 12 0 14 2 19 0 0 24 0 0 0 0 0 44 14 0 0 0 0 0 0 0 0 0 1 2 13 26 0 0 0 0 11 1 0 0 2 0 0 0 0 0 2 0 2 0 0 0 0 0 0 0 0 0 0 0 0 0 0 0 0 0 0 0 0 2 0 0 0 0 0 20 0 0 1 2 30 50 48 0 0 9 6 53 0 0 10 0 0 0 13 0 0 25 14 2 0 0 0 49 1 0 0 0 0 12 17 24 0 0 0 0 14 0 0 0 0 0 0 0 0 0 0 0 0 0 0 0 0 0 1 0 0 0 0 0 0 0 0 0 0 0 0 0 0 0 0 0 0 0 0 0 0 0 0 0 0 1 0 2 0 88 87 1 4 0 0 0 0 0 0 0 0 0 0 0 0 0 0 0 0 0 0 0 0 0 0 0 10 0 0 0 0 0 0 0 0 0 0 0 0 0 0 
 250 186 380 145 41 378 258 37 381 809 262 78 38 125 142 232 167 0 65 136 2 0 6 0 0 0 74 1 0 2 3 3 3 24 2 2 0 0 62 0 0 0 2 0 2 0 0 0 0 0 0 0 1 0 2 0 2 0 0 2 0 0 0 0 2 0 0 0 0 3 3 2 1 0 7 0 0 0 0 0 0 0 36 0 0 12 13 8 39 1 55 0 14 0 12 23 35 0 4 0 41 31 0 0 8 0 11 0 0 0 0 0 11 51 0 10 0 0 12 0 0 0 0 0 0 0 0 0 0 0 0 0 0 0 0 0 0 0 0 0 0 0 0 0 0 0 0 0 0 0 0 0 2 0 0 0 0 0 0 0 0 11 0 25 13 2 0 2 5 2 16 11 0 9 0 38 16 1 0 0 22 21 0 0 0 0 0 5 0 0 0 0 27 0 0 0 0 0 20 0 2 0 0 0 0 0 0 0 1 0 0 0 0 0 0 0 0 0 0 0 0 0 0 0 0 0 0 0 0 0 2 0 0 0 0 0 0 0 0 0 0 0 0 0 0 2 3 1 3 87 0 13 2 0 0 0 0 0 0 0 0 0 0 0 0 0 0 0 0 0 0 0 0 0 0 9 51 0 0 0 0 0 0 0 0 0 0 0 0 0 
 446 125 128 97 289 58 96 66 333 179 66 128 115 405 170 351 116 65 0 337 2 0 0 0 0 0 0 0 0 0 3 5 3 0 68 2 0 0 0 0 0 0 2 0 0 0 0 0 0 0 0 0 0 0 0 0 0 0 0 34 0 0 2 0 0 0 0 0 0 0 3 2 0 0 0 0 6 0 0 0 36 1 24 0 0 0 29 11 0 12 0 0 0 24 22 12 20 0 43 59 0 0 0 0 0 6 0 0 12 20 0 0 0 0 0 0 0 0 0 0 0 0 0 10 0 0 14 0 0 0 0 0 0 0 0 0 0 0 0 0 0 0 0 0 0 0 0 0 0 0 6 0 0 0 0 18 0 1 0 0 0 0 2 0 0 0 18 24 20 2 0 0 10 33 13 21 20 5 10 42 0 0 0 0 0 0 0 0 0 0 0 0 0 0 0 0 0 0 0 0 2 0 0 0 0 0 0 0 0 0 0 0 0 0 0 0 0 0 0 0 0 0 0 0 0 0 0 0 0 0 2 0 0 0 0 0 0 0 0 0 0 0 0 0 0 2 0 2 3 1 10 7 0 0 0 0 0 0 0 0 0 0 0 0 0 0 0 0 0 0 0 0 0 0 0 0 2 0 0 0 0 0 0 0 0 0 0 0 0 0 
 142 146 602 117 98 76 155 341 447 345 83 136 478 305 377 332 54 136 337 0 3 0 0 0 0 4 1 0 0 0 5 4 5 0 0 2 0 0 0 0 0 0 2 0 2 3 0 0 0 0 2 0 0 0 0 2 0 0 0 0 21 0 2 1 0 0 0 0 2 0 3 2 0 0 74 41 9 0 0 2 21 0 29 19 17 31 0 0 11 11 60 0 15 33 1 66 56 41 13 23 0 0 0 0 0 0 0 0 0 0 0 0 0 0 0 0 0 0 0 2 0 0 0 0 0 0 0 0 0 0 0 0 0 0 0 0 0 0 0 0 0 0 0 0 0 0 0 0 0 0 0 0 0 0 0 0 0 0 0 0 5 15 7 1 0 0 19 34 9 32 0 0 44 21 0 16 0 13 26 0 0 0 0 0 0 0 0 0 0 0 0 0 2 0 9 0 0 0 0 0 0 0 0 0 0 0 0 0 0 0 0 0 0 0 0 0 0 0 0 0 0 0 0 0 0 0 0 0 0 0 0 0 0 0 0 0 21 2 0 0 0 11 0 0 0 0 1 0 2 2 2 7 0 0 0 0 0 0 0 0 0 0 16 0 0 0 0 0 0 0 0 0 0 2 0 0 9 1 0 0 0 0 0 0 0 0 0 0 0 0 
 2 2 5 0 4 76 3 80 3 2 75 4 2 2 4 2 74 2 2 3 0 271 297 167 43 105 51 97 30 43 109 258 360 211 187 80 339 120 37 189 0 0 3 0 0 0 3 5 62 2 0 0 2 0 0 0 0 4 0 0 5 2 0 0 0 0 0 0 0 3 0 4 0 0 0 4 3 55 0 2 0 0 0 0 0 0 0 0 0 0 0 0 0 0 0 5 0 0 0 0 0 34 28 19 12 0 27 52 36 25 14 27 0 1 21 1 28 11 19 14 0 0 0 0 0 0 0 0 0 0 0 0 0 0 32 7 0 0 14 0 0 0 0 0 0 0 0 0 0 6 0 0 0 0 0 0 0 0 7 0 0 0 0 0 0 0 0 0 0 6 0 0 0 0 0 0 0 0 0 0 9 12 38 23 43 22 1 14 41 66 1 12 0 24 3 38 42 33 0 0 0 0 0 0 0 0 0 0 0 0 0 0 32 0 0 0 0 0 1 0 0 0 0 0 0 0 0 0 0 0 0 0 0 0 0 0 0 0 0 0 0 0 0 0 0 1 0 0 0 0 0 0 0 0 9 0 1 5 1 0 19 0 0 0 0 0 0 0 0 0 0 0 0 0 0 0 0 0 0 7 0 11 0 0 0 0 0 0 0 0 
 2 1 0 0 74 73 0 0 0 1 0 84 1 0 0 0 2 0 0 0 271 0 88 146 30 144 136 96 138 102 41 100 117 426 83 66 245 302 187 147 0 0 3 0 0 0 3 3 0 0 0 2 1 0 0 0 0 0 0 0 6 2 3 0 0 0 0 0 0 3 0 0 0 0 0 0 0 3 0 0 0 0 0 8 0 0 1 0 0 0 0 0 0 0 0 0 0 0 0 0 0 0 27 8 0 8 49 14 19 7 0 8 24 21 34 18 0 47 60 16 0 0 0 8 0 1 0 0 0 0 0 0 0 0 0 0 0 0 14 2 0 2 0 0 0 0 0 0 0 3 0 0 0 0 0 0 2 0 0 0 0 0 9 0 15 11 0 0 0 8 8 0 0 0 0 0 0 0 0 0 9 10 32 31 12 7 1 26 13 34 21 35 23 13 71 7 0 0 0 0 0 0 0 18 0 0 0 2 0 0 0 0 8 0 0 0 0 7 0 0 0 1 0 0 0 0 0 0 0 0 0 0 0 0 0 2 2 0 0 0 0 0 0 0 0 0 0 0 0 0 0 0 0 1 0 1 2 2 0 1 0 9 0 0 0 0 10 0 0 0 0 0 0 0 0 0 0 0 0 0 0 0 1 0 0 0 0 0 0 0 
 2 2 0 2 1 119 4 0 0 0 0 0 0 0 0 8 2 6 0 0 297 88 0 321 248 106 49 232 74 161 57 23 364 148 144 216 115 68 144 176 0 0 1 4 0 0 0 3 5 0 0 0 1 0 2 0 2 0 63 8 0 0 0 0 0 0 0 0 3 0 0 51 0 0 4 4 0 0 0 0 0 1 0 2 0 38 0 0 0 0 0 0 0 0 12 0 0 0 0 0 1 38 7 6 12 7 0 0 52 0 17 28 10 0 33 0 48 6 22 25 0 0 0 0 0 0 0 15 1 0 0 0 12 1 8 0 0 0 11 2 0 3 0 0 0 0 0 0 0 10 0 0 0 0 0 0 2 0 0 0 0 0 0 2 0 0 0 0 0 2 0 0 0 0 0 1 0 0 0 0 0 55 0 0 11 0 27 10 24 61 0 29 21 0 1 30 34 14 0 19 12 0 0 0 0 0 0 2 0 0 0 0 0 0 44 0 13 0 0 0 9 1 0 0 0 0 0 8 0 0 0 0 0 0 0 3 2 0 0 0 0 0 0 0 0 0 0 0 1 0 0 0 0 0 6 0 0 79 1 0 1 2 0 0 0 0 0 0 0 0 0 0 0 0 0 0 0 0 0 0 0 20 0 0 0 3 0 0 0 0 
 0 0 0 0 0 74 0 0 0 4 0 0 0 0 0 0 0 0 0 0 167 146 321 0 143 47 85 162 473 230 277 86 232 206 81 152 35 212 74 438 62 0 8 0 0 0 5 3 0 0 0 0 0 0 0 0 0 0 1 0 3 2 0 0 0 0 0 0 0 3 0 2 0 3 0 5 0 3 0 49 0 0 0 0 0 0 0 0 0 0 0 0 0 0 1 1 0 0 0 0 0 24 13 30 16 3 10 6 12 24 2 21 0 0 9 7 21 20 0 26 11 0 0 0 0 0 0 0 20 0 0 0 39 0 10 0 0 0 34 0 0 0 0 0 0 1 1 0 0 0 0 0 0 1 0 0 0 0 0 0 0 0 0 0 0 0 0 0 0 6 0 0 0 0 0 0 0 0 0 0 6 11 35 45 20 11 0 26 6 26 11 45 13 6 0 21 38 13 0 0 15 0 0 0 2 0 0 0 0 0 1 0 26 0 12 8 0 0 0 0 0 0 0 0 0 0 0 0 0 0 0 0 0 0 0 0 0 11 0 0 0 0 0 0 0 2 2 0 0 0 0 0 0 0 10 0 2 102 0 0 9 2 0 0 0 0 2 0 0 0 0 0 0 0 0 0 0 0 0 0 0 6 0 0 21 13 0 0 0 0 
 0 0 0 0 0 0 0 0 0 0 1 0 0 0 3 2 0 0 0 0 43 30 248 143 0 182 164 63 323 216 117 265 298 109 502 95 250 233 62 69 85 64 5 0 0 0 100 3 61 0 0 0 1 186 41 0 0 1 0 62 11 2 2 0 0 0 0 0 9 3 0 0 8 0 0 0 0 3 0 0 0 0 0 0 0 0 0 0 0 0 0 0 0 0 0 0 0 0 0 0 0 0 0 33 13 73 0 0 0 0 13 0 0 0 0 2 0 16 0 0 0 8 0 0 0 0 17 31 40 9 14 0 26 12 17 32 22 14 16 9 0 0 0 0 2 0 12 0 2 0 0 0 0 0 0 0 0 0 0 6 0 17 0 12 2 0 0 0 0 0 0 0 0 0 0 10 42 0 0 0 0 0 0 1 26 13 0 0 0 10 0 0 0 0 0 0 0 1 0 0 30 14 8 11 0 0 34 33 0 30 35 0 9 23 13 35 0 0 50 26 0 0 0 0 0 0 0 0 0 0 0 0 0 0 0 0 0 0 2 0 0 0 5 0 0 0 0 0 0 0 0 0 0 0 9 0 3 0 0 2 3 0 0 69 0 10 0 0 0 0 0 0 0 0 0 0 0 0 0 0 0 0 0 0 38 12 0 0 0 0 
 0 0 0 2 0 0 0 1 1 2 0 2 0 0 0 0 1 0 0 4 105 144 106 47 182 0 34 340 45 134 168 158 265 68 46 404 80 138 43 39 76 62 67 0 0 2 150 3 0 5 1 0 1 0 63 0 4 70 66 0 4 3 0 0 0 0 0 0 0 3 0 4 0 2 0 4 0 3 0 0 0 0 0 0 0 0 0 0 0 0 0 0 0 0 0 0 0 0 0 0 0 15 0 0 33 27 0 0 14 0 3 21 0 0 0 0 19 7 0 0 2 16 0 0 1 0 70 0 28 5 0 0 2 0 11 0 0 18 21 2 0 0 0 0 1 0 0 0 0 0 0 0 0 0 0 0 0 0 9 0 17 0 0 0 0 3 0 0 0 4 0 0 0 0 0 0 0 1 0 0 0 2 0 18 32 13 0 0 0 10 10 11 0 0 0 0 0 5 0 0 4 0 0 6 0 0 1 29 22 0 8 1 33 0 13 8 21 0 20 0 0 0 0 0 0 0 0 0 0 0 0 0 1 0 0 0 0 0 19 0 0 0 0 0 0 0 0 0 0 0 0 0 0 0 5 0 0 0 5 1 0 1 0 0 0 6 0 0 0 0 5 0 0 0 0 0 0 0 0 0 0 0 0 0 43 8 10 1 0 0 
 0 0 3 0 3 156 0 5 27 77 39 0 0 0 2 3 28 74 0 1 51 136 49 85 164 34 0 79 249 47 243 13 299 108 71 111 78 39 131 87 2 201 2 0 0 0 2 3 202 0 2 0 2 0 0 0 0 1 0 0 3 3 13 0 0 0 0 0 0 3 0 0 0 0 3 0 0 3 0 0 0 0 0 0 0 11 0 0 0 0 0 0 13 0 0 0 0 0 0 0 29 37 23 30 0 9 28 61 0 18 0 0 25 44 0 25 17 17 23 0 0 0 0 0 0 0 0 0 0 0 26 0 0 0 0 0 0 0 0 0 0 0 0 0 0 0 0 0 0 0 0 0 0 0 0 0 0 0 0 0 0 0 0 3 0 0 0 0 0 0 12 0 6 0 0 21 0 0 0 7 7 0 19 1 0 0 58 11 15 0 32 38 20 0 37 17 14 24 0 0 0 0 0 0 0 0 0 5 0 0 0 0 0 0 0 0 0 7 0 0 0 0 0 0 0 0 0 0 0 0 0 0 0 0 0 0 0 0 5 0 0 0 0 0 0 0 0 0 0 0 0 0 0 0 29 0 0 3 78 0 17 11 0 0 0 0 0 0 0 0 0 0 0 0 0 0 0 0 0 0 0 0 0 0 0 0 0 0 0 0 
 0 0 0 0 1 145 0 0 0 0 71 0 0 0 3 0 0 1 0 0 97 96 232 162 63 340 79 0 208 59 57 25 417 477 332 604 103 106 122 215 30 0 2 0 0 64 2 3 0 0 0 0 2 205 0 0 0 0 0 0 3 3 0 0 0 0 0 0 0 3 29 4 0 0 0 8 0 3 0 0 0 0 11 0 0 17 0 0 2 0 0 0 0 0 0 0 0 0 0 0 0 27 12 0 25 0 50 74 32 12 19 62 10 0 38 2 15 1 0 10 0 0 0 0 0 15 0 0 0 0 0 0 2 2 0 0 0 0 10 0 0 0 0 0 0 0 0 0 0 0 0 0 0 0 0 0 0 0 0 2 0 0 0 2 0 0 0 0 10 0 0 0 0 0 0 0 0 0 0 0 8 9 10 0 11 0 0 22 6 20 0 19 12 0 0 53 52 25 0 8 0 0 2 0 0 0 0 0 0 0 0 0 0 0 0 0 0 0 0 0 2 0 0 0 0 0 0 0 0 0 0 0 0 0 0 0 0 0 0 0 0 0 0 0 0 0 0 0 0 0 0 0 0 0 6 0 4 7 3 1 0 0 0 0 0 0 0 0 0 0 0 0 0 0 0 0 1 0 0 8 0 14 0 0 0 0 0 0 0 0 
 0 2 0 0 0 0 0 0 0 0 0 0 0 0 203 0 0 0 0 0 30 138 74 473 323 45 249 208 0 88 315 120 199 403 377 175 444 267 175 293 0 0 2 0 0 1 2 3 0 0 0 0 0 0 0 0 0 1 0 0 2 3 0 0 0 0 0 0 47 3 0 7 0 0 0 13 0 3 0 0 0 0 0 0 0 0 0 0 0 0 0 0 0 0 0 0 0 0 0 0 5 42 0 41 6 10 5 95 20 50 19 9 0 15 1 11 21 11 0 2 0 0 0 0 0 0 0 0 2 0 0 1 15 0 0 10 0 0 11 0 2 0 0 0 0 0 0 0 0 0 0 0 0 0 1 0 0 0 0 0 0 0 0 0 0 0 0 0 0 0 0 0 5 0 0 7 0 0 0 0 11 35 30 16 0 11 19 1 21 0 14 33 0 1 8 47 29 59 0 0 0 0 0 0 0 0 0 0 0 0 0 0 1 0 0 0 0 0 0 8 0 0 0 1 0 0 0 0 0 0 0 0 0 0 0 0 0 0 0 15 0 0 0 0 0 0 0 0 0 0 0 0 0 0 4 14 1 116 78 0 11 10 0 0 0 0 0 0 0 0 0 0 0 0 0 0 0 0 0 9 0 1 0 0 0 0 0 0 0 0 
 0 0 0 0 4 0 0 2 0 2 2 0 0 0 0 0 0 2 0 0 43 102 161 230 216 134 47 59 88 0 325 40 65 106 73 213 141 250 79 160 63 0 1 0 0 0 4 3 0 0 2 3 62 31 66 0 0 66 0 0 1 3 0 0 0 2 0 0 0 3 0 4 0 0 0 7 0 3 0 0 0 0 0 0 0 0 0 0 0 2 0 0 0 0 0 0 14 0 0 0 0 0 18 24 26 8 9 10 10 15 25 11 0 0 0 0 18 22 2 1 0 0 0 0 0 44 0 10 12 0 1 0 45 0 8 8 0 1 15 0 1 0 0 0 0 0 4 0 4 0 0 0 0 0 0 0 0 0 0 11 0 0 0 0 0 0 2 0 0 21 0 0 0 0 1 8 0 0 0 0 18 9 17 29 50 32 0 14 6 13 0 22 0 30 13 12 12 33 0 0 13 0 0 0 0 0 1 13 0 0 0 0 32 7 34 10 0 0 0 23 0 15 0 2 0 0 0 0 0 0 0 0 0 0 0 0 21 0 0 0 0 0 7 0 0 0 0 0 0 0 0 0 0 0 8 0 0 1 40 2 17 0 0 0 0 0 0 0 0 0 0 0 0 0 0 0 0 0 0 0 0 14 0 0 13 14 0 0 0 0 
 3 3 7 3 3 3 3 68 2 3 3 3 74 3 5 3 3 3 3 5 109 41 57 277 117 168 243 57 315 325 0 217 242 62 81 215 250 459 53 96 19 0 3 0 0 0 65 3 0 0 0 0 57 63 1 0 0 0 0 0 3 1 0 0 0 0 0 0 2 3 0 11 0 4 0 8 0 3 0 0 0 0 0 1 0 0 1 0 0 0 0 0 0 0 0 0 0 0 0 0 8 8 0 8 9 7 1 36 15 17 0 24 0 0 1 1 15 3 0 0 0 0 2 0 0 0 0 15 8 7 3 0 31 0 3 0 0 0 2 1 0 0 0 0 0 0 0 0 8 0 0 0 0 0 0 0 0 0 0 14 0 0 0 1 0 0 24 0 0 0 0 0 2 0 0 3 0 0 0 0 29 10 15 0 80 0 1 9 14 0 13 14 0 12 10 43 25 9 0 0 16 0 0 0 0 0 10 11 0 0 1 0 0 20 42 10 0 0 0 39 22 0 0 0 0 2 0 14 0 0 0 0 0 0 1 0 0 0 0 0 0 0 0 0 0 0 0 0 0 0 0 0 0 0 20 2 2 2 2 1 15 0 0 0 0 0 0 0 0 0 0 0 0 0 0 0 0 0 0 0 0 9 0 0 18 11 0 0 0 0 
 23 3 5 3 5 7 6 3 3 3 3 3 3 3 5 3 40 3 5 4 258 100 23 86 265 158 13 25 120 40 217 0 23 43 44 282 137 347 32 45 62 0 12 0 0 5 24 3 0 1 0 0 0 63 64 0 0 0 0 0 3 1 0 0 0 0 0 50 0 3 0 12 7 0 0 0 1 3 0 0 0 0 34 0 0 0 0 0 0 0 0 0 0 0 0 0 0 0 0 0 0 3 0 51 37 33 0 22 16 22 11 0 0 0 0 9 10 0 0 12 2 9 0 0 0 0 24 10 23 11 0 19 0 25 0 18 12 25 0 1 0 0 0 2 0 2 2 0 0 0 0 0 0 2 0 0 0 0 0 0 0 0 1 0 1 0 0 0 0 6 0 0 0 0 0 7 0 0 0 0 9 0 7 21 40 26 0 0 0 23 12 12 0 25 0 0 0 30 0 0 0 0 6 0 18 0 28 52 0 19 14 0 21 2 0 6 0 0 0 15 0 0 0 0 0 0 2 0 0 0 0 0 0 0 0 0 0 0 0 0 0 0 18 0 0 0 0 0 0 0 0 0 0 0 4 0 2 0 2 0 17 8 0 0 0 0 0 0 0 0 0 0 0 0 0 0 0 0 0 0 0 0 0 0 26 11 0 0 0 0 
 3 3 7 3 47 25 2 4 4 3 3 3 2 3 5 5 3 3 3 5 360 117 364 232 298 265 299 417 199 65 242 23 0 258 43 187 65 68 177 223 0 62 2 0 0 0 2 5 0 0 0 0 2 0 0 0 0 1 1 0 2 3 3 0 0 3 3 0 0 3 0 13 0 0 0 9 0 3 3 0 0 0 0 0 0 0 0 0 0 0 0 0 0 0 0 0 0 0 0 0 8 34 15 14 0 0 0 35 3 14 0 78 0 7 61 3 64 0 25 0 0 0 0 0 10 0 0 0 0 3 0 0 5 0 0 1 0 0 0 0 0 0 0 0 1 0 0 0 0 1 0 0 9 0 0 0 0 0 0 0 14 0 0 1 0 0 0 0 0 0 10 0 9 0 0 3 0 0 0 0 7 14 67 2 0 0 47 9 17 38 12 10 35 0 16 61 82 14 0 13 0 0 0 0 0 0 0 0 0 0 0 0 0 0 0 0 0 0 0 0 0 0 0 0 0 0 0 0 0 0 0 2 0 0 0 0 0 0 1 0 0 0 0 0 0 0 0 0 0 0 0 0 0 0 15 0 3 117 83 2 13 0 0 0 0 0 0 0 0 0 0 0 0 0 0 0 0 0 0 0 0 8 0 0 0 0 0 0 0 1 
 3 2 80 105 0 6 69 4 10 78 75 73 0 0 3 0 0 24 0 0 211 426 148 206 109 68 108 477 403 106 62 43 258 0 423 220 107 67 103 220 0 0 2 0 0 0 2 3 0 0 0 0 2 0 0 0 0 1 0 0 3 3 0 0 0 0 0 0 0 3 0 0 0 0 0 0 0 3 0 0 0 0 1 0 8 0 0 0 0 1 2 0 0 0 0 0 1 0 0 0 0 12 22 11 30 0 47 2 25 31 8 13 0 26 13 11 6 32 32 29 0 0 0 0 0 0 0 0 0 16 0 0 0 0 0 0 0 0 0 0 0 0 0 0 0 0 0 0 0 0 0 0 0 0 0 0 0 0 0 0 0 0 0 4 0 0 0 0 16 0 0 1 2 0 2 0 0 0 0 0 0 22 37 10 0 0 0 5 25 1 7 2 0 0 7 1 1 0 18 1 0 0 0 0 0 0 0 0 0 0 0 1 12 0 0 0 0 0 0 16 0 0 0 0 0 0 0 8 0 0 0 0 0 0 0 0 0 0 0 0 0 0 0 0 0 0 0 0 0 74 0 0 0 0 14 1 3 76 1 0 74 0 0 0 0 0 0 0 0 0 0 0 0 0 0 0 21 0 0 4 0 3 0 0 0 0 0 0 0 0 
 0 0 0 75 3 80 2 0 0 2 0 0 0 0 3 27 2 2 68 0 187 83 144 81 502 46 71 332 377 73 81 44 43 423 0 265 311 282 348 127 0 0 3 0 0 0 3 3 0 0 0 0 1 0 0 0 0 0 0 0 9 2 5 0 0 0 0 0 0 3 0 0 0 0 0 0 0 3 0 0 0 1 0 2 0 16 0 0 0 0 0 0 0 0 0 0 0 0 0 0 10 17 35 0 26 0 41 9 28 40 4 0 9 12 86 17 5 0 32 19 0 0 0 6 0 0 0 0 0 0 0 0 0 0 0 0 0 6 0 2 0 4 0 0 0 0 0 0 0 2 0 0 0 0 0 0 2 0 0 0 0 0 0 59 0 13 0 0 0 2 0 0 0 0 0 1 0 0 0 0 0 19 0 0 0 0 13 43 36 37 0 10 8 1 1 0 9 0 0 20 0 1 0 0 0 0 0 2 0 0 0 0 0 0 0 0 0 10 0 24 0 1 0 0 0 0 0 0 0 0 0 0 0 0 0 0 2 0 0 0 0 0 0 0 0 0 0 0 0 87 0 0 0 0 1 1 1 6 2 2 0 2 0 0 0 0 2 0 0 0 0 0 0 0 0 0 12 0 0 4 0 0 0 0 0 0 0 0 0 0 
 2 2 5 0 4 152 3 2 2 2 2 4 2 2 2 2 2 2 2 2 80 66 216 152 95 404 111 604 175 213 215 282 187 220 265 0 399 112 244 453 0 0 3 0 2 1 4 3 0 0 0 0 0 0 0 2 1 1 0 0 3 2 0 0 0 0 0 22 0 3 0 6 0 0 0 6 0 3 35 0 0 0 0 0 0 8 0 0 0 0 0 0 2 0 0 0 0 2 0 0 0 24 13 0 16 0 10 7 36 1 15 31 11 0 21 0 29 1 0 23 0 0 0 0 0 0 3 0 0 0 0 0 0 0 0 0 0 0 15 9 0 0 0 0 0 0 0 0 2 0 0 0 0 0 0 0 0 0 0 0 0 0 0 1 0 0 0 0 2 0 0 1 0 0 0 0 0 0 0 0 8 31 10 0 9 42 0 33 22 26 0 10 14 0 0 45 53 30 0 7 0 2 0 0 0 0 0 18 0 0 0 1 0 1 0 0 0 0 0 24 0 0 1 0 0 0 0 0 7 0 0 0 0 0 0 0 0 0 0 0 0 0 0 0 0 0 0 0 0 0 0 0 0 0 13 0 2 111 2 2 4 0 0 0 0 0 0 0 0 0 0 0 0 0 0 0 0 0 0 6 0 32 0 0 0 0 0 0 0 0 
 0 1 7 0 0 0 2 0 0 0 0 1 0 69 1 0 0 0 0 0 339 245 115 35 250 80 78 103 444 141 250 137 65 107 311 399 0 138 127 113 0 1 4 0 2 0 14 3 0 0 2 2 64 1 5 0 0 1 0 1 2 3 0 0 0 0 0 0 0 3 0 3 0 0 0 2 0 3 0 0 0 0 0 0 0 0 0 0 0 0 0 0 0 0 0 10 0 0 0 0 5 21 13 19 26 8 9 12 31 54 44 5 0 0 1 13 36 9 0 0 18 0 0 0 0 0 2 0 0 0 0 0 0 0 0 0 0 0 12 1 0 0 0 0 0 0 0 0 1 0 0 0 0 0 0 0 0 0 0 5 0 0 0 1 0 0 0 0 0 0 9 0 5 0 0 5 0 0 0 0 27 35 19 0 12 13 19 10 37 0 8 1 0 19 13 11 1 52 0 0 0 0 0 0 0 0 12 11 0 0 0 0 1 0 0 0 0 0 22 22 0 0 0 0 0 0 0 0 0 0 0 0 0 0 0 0 0 0 0 0 0 0 18 0 0 0 0 0 0 0 0 0 0 0 5 0 2 75 85 0 9 1 0 0 0 0 0 0 0 0 0 0 0 0 0 0 0 0 0 6 0 9 0 0 0 0 10 0 0 0 
 0 3 0 3 3 0 0 0 0 0 0 0 0 0 0 0 0 0 0 0 120 302 68 212 233 138 39 106 267 250 459 347 68 67 282 112 138 0 21 51 0 0 2 0 0 1 66 6 0 0 2 0 126 93 62 0 0 1 128 61 4 3 0 0 0 0 0 0 2 3 0 2 9 0 0 0 0 3 0 0 0 0 0 0 0 0 0 0 0 0 0 0 0 0 0 0 0 0 0 0 0 0 1 10 0 24 0 22 1 0 19 0 2 0 0 0 0 62 0 0 0 0 0 0 0 0 16 69 5 0 0 0 11 0 4 7 1 9 10 1 0 0 0 0 0 0 3 0 4 0 0 0 0 0 0 0 0 0 0 3 0 0 0 0 0 4 0 0 0 6 0 0 0 2 0 0 9 0 0 3 5 1 9 22 14 29 0 1 0 16 28 32 0 41 17 24 0 28 0 0 15 46 0 0 0 0 0 14 0 1 0 0 40 12 15 1 0 0 3 26 0 0 0 0 0 0 0 0 0 0 0 8 13 0 0 0 0 0 0 0 0 0 33 0 0 1 0 0 0 0 0 0 0 2 10 3 2 1 76 0 6 0 0 54 0 0 0 2 0 0 0 0 0 0 0 0 0 0 0 0 0 6 0 0 0 0 0 0 0 0 
 0 67 74 0 25 74 0 0 23 190 151 133 4 0 0 0 243 62 0 0 37 187 144 74 62 43 131 122 175 79 53 32 177 103 348 244 127 21 0 366 0 0 2 0 0 0 2 12 0 0 0 0 2 1 0 0 0 0 0 2 3 3 0 0 0 0 0 0 0 6 0 0 0 0 0 2 0 3 0 2 0 18 0 30 0 2 0 0 0 14 0 7 0 0 0 0 0 0 0 0 20 9 17 0 0 0 22 0 17 0 0 0 23 0 0 0 0 10 15 26 0 0 0 0 0 0 0 0 2 0 0 2 0 0 0 0 0 0 0 0 2 20 0 0 0 0 0 0 0 0 0 0 5 0 0 0 12 0 0 0 0 0 9 12 32 62 1 0 8 9 31 10 2 0 0 3 0 0 0 0 53 11 20 10 0 0 16 12 25 0 1 2 14 24 32 11 10 0 0 12 0 0 0 0 0 0 0 0 0 0 0 0 0 0 0 0 0 0 0 0 0 0 0 1 0 0 0 0 0 0 0 0 0 0 0 0 0 0 0 0 0 0 0 0 0 0 0 0 20 0 0 0 0 0 8 2 0 0 41 0 0 0 0 0 0 0 7 0 0 0 0 0 0 0 0 10 0 0 0 0 0 0 0 0 0 0 0 0 0 0 
 0 2 74 0 0 63 0 0 0 22 73 73 0 2 0 66 82 0 0 0 189 147 176 438 69 39 87 215 293 160 96 45 223 220 127 453 113 51 366 0 0 0 3 0 0 0 3 3 0 0 0 0 0 0 201 0 0 0 0 0 3 2 0 0 0 0 0 0 0 4 0 0 0 0 0 0 0 3 0 0 0 0 0 11 0 14 0 0 0 0 0 2 0 0 0 0 0 0 0 0 0 16 16 0 2 0 12 0 12 2 12 27 21 19 50 24 0 13 25 59 2 2 0 0 0 0 0 0 0 0 0 0 0 0 0 0 0 1 0 0 0 0 0 0 0 0 0 0 0 3 0 0 0 0 0 0 0 0 0 0 0 0 19 0 10 0 1 0 0 0 7 0 2 0 0 0 0 0 2 0 2 9 23 0 0 0 45 17 46 5 23 10 43 38 78 14 7 0 0 32 10 0 0 0 0 10 0 0 0 0 0 0 2 0 0 0 0 0 0 0 0 0 0 0 0 0 0 0 0 0 0 0 0 8 0 0 0 0 0 0 0 0 12 0 0 0 0 0 0 72 0 0 0 0 21 0 2 72 161 2 1 0 0 0 0 0 0 0 0 0 0 0 0 0 0 1 0 1 0 0 0 10 0 2 0 0 0 0 0 0 
 0 0 0 0 2 0 0 0 0 0 0 0 0 0 0 0 0 0 0 0 0 0 0 62 85 76 2 30 0 63 19 62 0 0 0 0 0 0 0 0 0 157 77 129 27 95 296 58 57 299 23 31 72 122 119 25 93 41 104 55 2 3 0 0 0 0 5 9 0 0 2 1 2 1 8 0 0 1 0 37 0 0 0 0 0 0 0 0 0 0 0 0 0 0 0 0 0 0 0 0 0 0 0 0 13 25 0 0 0 0 35 15 0 0 0 0 0 10 0 0 0 2 20 14 0 9 3 21 20 25 75 0 0 0 19 23 0 0 34 0 0 6 0 0 0 0 7 0 3 0 0 0 0 2 0 0 0 0 23 3 0 1 0 0 0 1 0 0 0 0 0 0 0 0 0 0 0 0 0 0 0 0 0 0 8 10 0 0 0 0 0 6 0 0 0 0 0 0 0 0 31 23 5 0 14 24 20 2 2 3 7 8 18 0 22 35 29 1 13 0 8 0 9 0 0 0 11 0 0 0 0 0 13 14 5 7 2 46 4 12 0 0 0 0 0 0 0 0 0 0 0 1 0 0 0 0 0 0 0 0 25 0 0 0 2 2 2 1 0 0 1 0 0 0 0 0 0 0 0 0 0 0 0 0 6 23 0 0 0 0 
 0 0 0 0 0 0 0 0 0 0 0 0 0 0 0 0 0 0 0 0 0 0 0 0 64 62 201 0 0 0 0 0 62 0 0 0 1 0 0 0 157 0 164 57 38 93 205 103 89 64 44 42 52 116 203 157 106 118 170 32 0 0 0 0 0 0 27 0 0 0 0 2 0 0 7 0 0 0 0 0 0 0 0 0 0 0 0 0 0 0 0 0 0 0 0 0 0 0 0 0 0 0 0 0 0 0 0 0 0 0 0 0 0 0 0 0 0 0 0 0 0 22 11 24 0 0 14 0 1 14 33 3 9 10 10 24 26 18 30 21 0 1 0 0 0 0 16 0 0 0 0 0 0 0 0 0 0 0 0 19 0 0 0 0 4 0 0 0 0 0 0 0 0 0 0 0 0 0 0 0 0 0 0 0 0 0 0 0 0 0 0 0 0 0 0 0 0 0 0 0 22 0 7 42 22 15 0 18 0 38 42 11 1 40 4 27 6 5 43 4 1 0 0 0 0 0 10 0 0 0 0 0 16 0 0 15 0 0 23 9 0 0 0 0 0 0 0 0 0 0 0 11 0 18 0 0 0 0 0 0 0 0 1 0 0 14 0 7 2 0 9 0 0 0 0 0 0 0 0 0 0 0 6 0 0 8 0 3 0 0 
 2 3 3 0 2 2 2 3 2 2 2 3 3 3 5 3 2 2 2 2 3 3 1 8 5 67 2 2 2 1 3 12 2 2 3 3 4 2 2 3 77 164 0 402 59 40 167 378 86 85 345 69 64 64 110 64 70 188 113 45 207 0 0 0 0 0 0 0 0 0 0 0 0 59 0 0 0 0 0 78 0 0 0 0 0 1 0 0 0 13 0 0 0 0 0 0 0 6 0 0 0 0 0 1 1 1 0 0 0 0 0 0 0 0 0 0 0 0 0 0 15 40 31 16 67 0 50 0 20 0 11 12 0 0 0 0 10 0 1 12 0 6 0 0 0 0 0 0 0 0 0 0 0 0 31 0 0 0 21 13 0 0 0 0 17 0 0 0 0 0 0 0 0 0 1 0 0 8 0 0 0 0 0 29 1 8 0 0 0 0 0 0 0 0 0 0 0 0 0 0 6 8 18 32 22 0 0 1 32 10 17 35 0 12 2 2 39 3 0 0 17 0 20 0 0 0 0 7 0 0 0 0 2 33 0 0 0 0 0 22 0 0 0 0 0 0 0 0 0 0 0 10 0 2 0 0 0 0 0 0 0 0 1 1 69 0 0 0 2 0 8 0 0 0 0 0 0 0 0 0 0 0 0 0 10 0 0 0 0 0 
 0 0 0 2 0 0 0 0 0 0 0 0 0 0 0 0 0 0 0 0 0 0 4 0 0 0 0 0 0 0 0 0 0 0 0 0 0 0 0 0 129 57 402 0 145 320 311 393 159 101 74 39 47 73 59 50 55 218 90 74 1 1 4 4 0 4 0 52 0 6 3 0 0 55 0 0 0 0 0 51 0 0 0 0 0 0 0 0 0 0 0 0 0 0 0 0 0 0 0 0 0 0 0 0 0 0 0 0 0 0 0 0 0 0 0 0 0 0 0 0 25 1 20 0 18 16 13 0 6 11 7 6 0 29 0 0 0 0 0 0 0 7 5 2 6 1 8 0 0 0 0 11 0 0 17 0 0 0 28 9 0 0 0 0 0 0 0 0 0 0 0 0 0 0 0 0 0 4 0 0 0 9 0 0 0 0 0 0 0 0 0 0 0 0 0 0 0 0 0 0 23 14 9 0 23 0 0 11 73 10 11 22 0 10 37 9 8 4 0 0 15 0 0 0 0 3 0 26 0 18 0 0 7 36 0 0 0 0 0 0 0 0 0 0 0 0 0 0 0 0 0 11 0 2 0 0 0 0 0 0 0 1 0 35 0 5 0 0 0 0 1 0 0 0 0 3 0 0 0 0 0 5 0 0 24 0 0 0 0 0 
 0 0 0 0 4 0 0 2 0 2 2 2 0 0 2 0 0 2 0 2 0 0 0 0 0 0 0 0 0 0 0 0 0 0 0 2 2 0 0 0 27 38 59 145 0 191 46 367 148 80 307 158 60 130 304 194 43 262 65 165 51 57 20 1 0 56 3 53 8 0 0 0 46 10 52 3 51 2 107 1 0 0 0 0 0 0 0 0 0 0 0 0 0 0 0 0 1 0 0 0 0 0 0 0 0 0 0 0 0 0 0 0 0 0 0 0 0 0 0 0 21 0 11 0 0 0 0 0 0 0 0 5 0 27 0 0 19 0 0 0 17 0 88 13 23 0 14 3 37 61 1 14 20 14 6 25 33 8 3 18 0 0 0 0 0 0 0 0 0 0 0 7 0 0 2 0 11 0 0 0 22 0 0 0 0 0 0 0 0 0 0 0 0 0 0 0 0 0 20 0 0 13 0 13 31 0 0 0 0 0 0 0 0 0 0 0 0 22 0 0 0 0 0 0 0 0 50 0 24 0 3 16 22 0 0 31 17 0 24 9 0 0 0 0 0 0 9 0 0 0 0 1 0 0 0 0 0 0 0 1 0 0 11 0 0 3 3 2 0 0 0 0 0 0 0 0 0 0 0 0 0 0 0 0 0 0 0 0 0 0 
 0 0 2 2 3 0 0 0 0 0 0 0 0 0 0 0 5 0 0 3 0 0 0 0 0 2 0 64 1 0 0 5 0 0 0 1 0 1 0 0 95 93 40 320 191 0 39 30 66 249 299 137 19 51 36 87 397 72 41 50 52 54 0 7 0 7 211 18 63 8 3 3 16 132 53 1 1 1 108 51 0 0 0 0 0 0 6 0 0 0 0 0 0 0 0 0 0 0 0 0 0 0 0 0 0 0 0 0 0 0 0 0 0 0 0 0 0 15 0 0 0 0 0 10 0 30 0 0 0 0 0 19 0 0 0 0 0 0 0 11 0 0 30 0 0 0 28 0 9 0 0 0 20 0 1 0 0 10 0 19 0 0 0 0 0 0 0 0 0 0 0 0 0 0 2 0 3 0 1 0 0 0 0 0 0 0 0 0 0 0 0 0 0 0 0 1 0 0 0 0 0 0 0 12 2 28 0 0 0 0 0 0 0 0 0 0 0 0 0 0 1 0 11 0 0 13 11 1 20 11 1 0 14 17 1 40 0 0 19 17 10 0 0 0 0 0 0 0 0 0 0 7 0 0 0 0 0 0 0 0 0 0 17 0 0 3 1 68 0 0 0 0 0 0 0 1 0 0 0 0 0 0 0 0 0 0 0 0 0 0 
 0 0 0 0 9 0 0 0 0 2 0 0 0 14 0 0 0 0 0 0 3 3 0 5 100 150 2 2 2 4 65 24 2 2 3 4 14 66 2 3 296 205 167 311 46 39 0 301 118 52 43 246 69 186 335 24 32 38 69 102 3 0 2 0 4 0 2 5 0 6 0 0 2 0 4 1 0 0 0 13 0 0 0 0 0 0 0 0 0 0 16 0 0 0 0 0 0 0 0 0 18 0 0 0 1 0 0 0 0 0 18 2 0 0 0 0 0 9 0 0 1 10 0 1 0 0 22 18 10 11 20 0 19 0 9 0 6 9 24 22 0 5 0 0 0 0 3 1 5 0 0 0 1 3 1 0 0 0 6 3 0 0 0 0 0 0 0 0 0 0 0 0 0 0 0 0 0 0 0 0 0 0 0 0 7 0 0 0 0 14 0 0 0 0 0 0 0 2 0 0 26 19 10 34 0 0 14 10 0 12 22 11 10 12 0 26 21 0 55 21 0 0 7 0 0 0 0 1 1 0 4 0 0 0 5 4 0 4 5 3 0 0 0 0 0 0 0 0 0 0 0 5 0 0 0 0 0 0 0 0 0 0 0 0 0 14 0 0 0 0 22 0 0 0 0 0 0 0 0 0 0 0 0 0 12 11 11 0 0 0 
 0 3 1 4 1 4 0 0 0 0 0 0 2 0 3 0 0 0 0 0 5 3 3 3 3 3 3 3 3 3 3 3 5 3 3 3 3 6 12 3 58 103 378 393 367 30 301 0 208 184 110 23 191 91 510 107 193 102 292 120 0 0 0 0 0 0 0 0 0 0 0 0 0 0 11 0 0 0 0 0 0 0 0 0 0 0 0 0 0 0 0 0 0 0 0 0 0 0 0 0 0 0 0 0 0 0 0 0 0 0 0 0 0 0 0 0 0 0 0 0 15 0 18 12 0 15 0 0 34 49 13 26 0 28 0 11 20 11 1 12 0 0 6 8 7 0 10 0 0 0 0 7 0 26 0 0 0 0 20 9 0 0 0 0 0 0 0 0 0 0 1 0 0 0 0 0 0 0 0 0 0 0 0 0 0 0 0 0 0 0 0 0 0 0 0 0 0 0 0 0 68 25 0 11 15 34 10 0 36 1 12 32 0 1 0 0 24 32 11 0 0 0 0 0 0 0 7 0 0 0 0 0 26 43 0 0 0 0 14 6 0 0 0 0 35 0 0 0 0 0 0 7 0 1 0 0 0 0 0 15 0 0 0 1 2 0 2 1 0 0 0 0 0 0 0 0 0 0 0 0 0 0 0 0 0 14 0 4 1 0 
 0 2 2 0 0 1 0 0 0 0 0 0 0 0 0 6 0 0 0 0 62 0 5 0 61 0 202 0 0 0 0 0 0 0 0 0 0 0 0 0 57 89 86 159 148 66 118 208 0 157 107 24 132 103 142 306 194 107 201 83 0 0 2 4 0 1 0 0 0 10 1 0 1 0 1 0 0 16 0 0 0 0 0 0 0 0 0 0 0 0 0 0 0 0 0 0 0 0 0 0 0 0 0 0 0 0 0 0 0 0 0 0 0 0 0 0 0 0 0 0 38 10 33 10 20 1 0 0 47 2 11 21 20 37 0 11 12 0 0 21 0 0 4 6 28 1 0 0 0 1 0 5 0 0 0 0 0 0 1 0 0 0 0 0 8 17 0 0 0 0 1 0 0 0 0 0 0 0 0 0 0 0 0 0 0 27 0 0 0 0 0 0 0 0 0 0 0 0 0 0 28 33 9 78 1 7 9 0 0 0 42 15 0 16 3 9 8 66 32 20 0 1 0 0 1 53 0 0 0 0 0 0 13 15 0 0 0 0 0 1 0 0 0 0 0 0 0 0 0 0 0 0 0 2 12 2 0 0 0 0 0 0 0 0 0 18 0 0 0 0 0 0 0 0 0 3 0 0 0 0 0 0 0 0 0 0 0 0 1 0 
 0 0 1 2 2 3 0 0 0 0 0 0 0 2 2 0 0 0 0 0 2 0 0 0 0 5 0 0 0 0 0 1 0 0 0 0 0 0 0 0 299 64 85 101 80 249 52 184 157 0 225 18 334 104 259 147 81 119 378 146 2 3 0 0 0 0 0 3 0 0 0 2 6 0 0 0 5 1 0 0 0 0 0 0 0 0 0 0 0 0 0 0 0 0 0 0 0 0 0 0 0 0 0 0 0 1 0 0 0 0 0 0 0 0 0 0 0 0 0 0 4 19 11 38 20 0 14 0 23 27 20 3 0 31 5 15 19 28 13 18 2 7 2 6 0 0 1 0 0 0 0 0 0 0 0 0 0 0 0 1 0 0 0 0 7 0 0 0 0 0 4 0 0 0 0 0 0 0 6 0 0 0 0 0 1 9 0 0 0 0 0 0 0 0 0 0 0 0 0 0 19 11 12 0 0 7 0 18 0 19 16 0 0 21 0 44 11 35 19 0 18 0 24 0 0 0 0 9 0 0 0 0 24 0 0 3 27 0 10 0 0 0 0 0 0 0 0 0 0 0 0 5 0 2 63 0 0 0 0 9 0 0 2 0 0 2 0 0 2 0 0 0 0 0 0 0 0 0 0 0 0 0 0 0 0 1 0 6 1 0 
 0 0 2 0 0 7 0 0 0 5 0 0 32 0 6 0 0 0 0 2 0 0 0 0 0 1 2 0 0 2 0 0 0 0 0 0 2 2 0 0 23 44 345 74 307 299 43 110 107 225 0 159 52 38 121 88 207 119 49 100 0 0 1 0 0 2 0 0 0 1 0 0 3 0 0 0 8 0 82 3 0 0 0 0 0 0 9 0 0 0 0 0 0 0 0 0 0 0 0 0 31 0 0 0 0 0 0 0 0 0 0 0 0 0 0 0 0 0 0 0 11 9 5 0 18 25 0 0 11 0 1 1 0 0 6 5 13 13 0 0 4 1 0 0 0 0 0 0 0 0 0 0 0 0 8 0 18 0 0 13 0 0 0 0 0 0 0 0 0 0 3 0 0 0 0 0 0 0 12 0 0 0 0 0 0 8 0 0 0 0 0 0 0 0 0 0 0 0 0 0 1 12 39 0 15 34 0 0 14 20 10 32 0 10 17 11 14 19 0 0 17 0 0 0 0 0 0 10 0 4 0 0 1 8 0 0 0 0 15 22 16 0 0 0 0 0 0 0 0 0 0 3 0 1 0 0 0 0 0 13 0 0 37 0 97 1 0 2 0 0 0 0 0 0 0 0 0 0 0 0 0 0 4 0 0 0 0 0 0 0 
 0 0 3 5 0 0 0 0 0 0 0 0 0 0 5 0 0 0 0 0 0 2 0 0 0 0 0 0 0 3 0 0 0 0 0 0 2 0 0 0 31 42 69 39 158 137 246 23 24 18 159 0 42 470 12 247 76 88 31 42 50 10 2 0 0 1 0 0 7 0 0 4 54 56 54 0 4 6 15 0 0 0 0 0 0 0 0 0 0 1 0 16 0 0 0 0 0 0 0 0 0 0 0 0 0 0 0 0 0 0 0 0 0 0 0 0 0 0 0 0 0 0 0 1 11 12 0 0 0 0 0 2 0 0 0 0 9 0 0 0 0 0 28 4 1 0 0 15 16 13 0 5 26 27 10 1 7 22 0 10 0 0 0 0 0 0 0 0 0 0 0 2 0 0 14 0 7 0 46 0 0 0 0 0 0 0 0 0 14 0 0 0 0 5 0 0 0 0 0 0 0 0 14 0 7 12 0 0 12 0 0 17 0 0 0 0 0 18 0 0 10 8 14 0 13 3 6 11 11 8 0 6 1 14 1 0 1 0 0 12 7 21 0 0 0 0 0 0 0 0 0 8 0 0 0 0 0 0 0 11 0 0 67 0 78 3 6 2 0 4 0 0 0 0 0 2 0 0 0 0 0 0 0 0 0 0 0 0 0 0 
 2 0 1 1 1 4 0 2 2 0 2 0 2 2 2 2 2 1 0 0 2 1 1 0 1 1 2 2 0 62 57 0 2 2 1 0 64 126 2 0 72 52 64 47 60 19 69 191 132 334 52 42 0 138 32 57 149 121 124 226 0 0 0 0 0 0 0 0 0 0 2 0 0 0 0 0 0 0 0 0 0 0 0 0 0 0 0 0 0 0 0 0 0 0 0 0 0 0 0 0 0 0 1 2 9 2 0 2 13 2 2 1 0 0 2 1 0 10 0 1 9 0 1 20 0 11 21 13 12 0 41 4 11 4 1 26 0 13 3 13 0 2 0 0 0 0 11 0 10 0 0 0 0 0 0 0 0 0 1 4 0 0 0 0 0 0 0 0 0 0 3 0 0 0 0 0 0 0 12 0 0 3 1 1 8 0 0 1 0 12 21 3 0 2 2 2 2 2 0 0 2 18 0 11 3 16 22 19 0 1 17 14 8 14 10 2 17 12 32 6 2 0 1 0 0 0 0 1 0 0 0 0 2 0 1 1 0 0 16 0 0 0 2 0 0 0 1 0 0 0 0 5 0 1 0 0 0 0 2 12 0 0 0 0 2 0 0 0 0 0 0 0 0 0 0 0 0 0 0 0 0 0 1 0 2 0 10 0 2 0 
 0 0 0 61 0 0 0 0 0 0 0 0 0 0 2 0 0 0 0 0 0 0 0 0 186 0 0 205 0 31 63 63 0 0 0 0 1 93 1 0 122 116 64 73 130 51 186 91 103 104 38 470 138 0 225 42 45 104 129 154 0 2 0 4 2 3 0 0 0 5 7 0 6 2 0 0 4 2 0 0 0 0 0 0 0 0 0 0 0 0 3 0 0 5 0 0 8 0 0 0 0 0 0 9 0 11 0 0 0 1 21 0 0 0 0 0 0 11 0 0 0 0 12 10 0 0 20 42 0 0 9 0 19 0 0 46 9 20 6 15 0 0 0 0 0 2 7 0 3 0 0 0 0 0 0 0 0 0 0 6 0 0 0 0 0 7 0 0 0 0 0 4 0 0 0 0 0 0 0 0 0 0 0 0 19 12 0 0 0 12 0 0 0 0 0 0 0 1 16 0 0 26 0 0 0 0 65 35 0 14 18 3 24 26 5 1 0 0 9 30 0 11 0 0 0 0 0 0 0 0 0 0 0 0 0 0 0 0 0 0 0 0 12 0 0 0 0 0 0 0 0 3 0 0 0 0 0 0 0 0 0 0 0 0 2 17 0 0 0 0 0 0 0 0 1 0 0 0 0 0 0 0 0 0 0 0 0 12 0 0 
 0 2 0 0 0 0 0 0 0 0 0 0 0 0 0 0 0 2 0 0 0 0 2 0 41 63 0 0 0 66 1 64 0 0 0 0 5 62 0 201 119 203 110 59 304 36 335 510 142 259 121 12 32 225 0 132 308 79 110 102 1 0 0 0 0 0 0 0 3 0 0 0 15 5 6 1 53 0 4 0 0 0 0 0 0 0 0 0 0 2 0 0 0 0 0 0 0 0 0 0 0 0 0 1 0 1 0 0 0 0 0 0 0 0 0 0 0 0 0 0 0 20 11 1 0 0 22 14 10 12 26 0 29 21 22 6 8 19 53 12 7 0 0 0 1 0 7 1 4 0 7 6 1 0 1 4 0 0 0 4 0 0 0 0 6 0 0 0 0 0 0 0 0 0 13 0 0 0 3 0 0 0 0 0 0 12 0 0 0 0 0 0 0 0 0 0 0 0 0 0 27 10 17 11 0 0 4 24 0 29 26 0 20 51 11 44 0 0 35 14 0 0 0 6 0 0 0 0 1 0 1 1 0 3 0 0 0 1 0 0 0 0 0 0 0 0 0 0 0 0 0 2 1 1 0 0 0 0 0 0 0 0 0 0 0 4 3 0 0 0 1 0 0 0 0 0 0 0 0 0 0 0 0 0 1 3 0 6 0 0 
 0 0 0 0 0 0 0 0 0 0 0 62 0 0 0 27 0 0 0 2 0 0 0 0 0 0 0 0 0 0 0 0 0 0 0 2 0 0 0 0 25 157 64 50 194 87 24 107 306 147 88 247 57 42 132 0 166 159 245 70 0 0 0 0 0 0 207 0 4 0 0 0 0 2 0 0 0 0 0 59 0 0 0 0 0 0 0 0 0 0 0 0 0 0 0 0 0 0 0 0 0 0 0 0 0 0 0 0 0 0 0 0 0 0 0 0 0 1 0 0 9 8 31 6 4 3 0 0 10 25 0 29 0 12 14 0 15 7 0 2 0 7 13 7 20 0 38 0 0 0 0 5 19 0 0 0 0 0 36 26 0 0 0 0 0 0 0 0 0 0 0 0 0 0 0 0 0 14 0 0 0 0 0 19 0 1 0 0 0 0 0 0 0 0 0 0 0 0 0 0 5 31 57 16 9 6 9 11 19 10 0 15 0 3 7 0 4 61 0 7 0 0 0 0 19 0 0 0 10 0 0 0 56 0 0 7 0 0 4 1 0 0 0 0 0 0 0 0 0 0 0 0 0 0 0 0 0 0 0 1 0 0 2 36 65 9 0 64 0 0 0 0 0 0 0 0 0 0 0 0 0 0 0 0 0 13 0 0 0 1 
 0 2 0 2 4 1 0 0 0 2 0 0 0 0 0 0 0 2 0 0 0 0 2 0 0 4 0 0 0 0 0 0 0 0 0 1 0 0 0 0 93 106 70 55 43 397 32 193 194 81 207 76 149 45 308 166 0 135 352 156 0 3 4 1 0 0 0 0 0 6 0 0 0 1 7 0 2 0 0 0 0 0 0 0 0 0 15 0 0 0 0 0 0 0 0 0 0 0 0 0 0 0 0 0 0 8 0 0 0 0 0 0 7 0 0 0 0 0 0 0 3 11 8 42 19 7 0 0 32 33 21 16 0 15 0 15 18 13 0 11 0 0 2 5 0 0 0 0 0 1 0 0 0 0 0 0 0 0 22 0 0 0 0 0 2 0 0 0 0 0 2 0 0 0 0 0 0 0 9 0 0 0 0 0 0 0 0 0 0 0 0 0 0 0 0 0 18 0 0 0 10 10 0 3 17 21 12 0 8 0 18 0 0 0 0 6 18 25 76 0 0 0 0 0 10 33 1 0 0 0 0 2 30 1 0 0 0 0 15 1 0 0 0 0 0 0 0 0 0 0 0 0 0 0 0 0 0 0 0 24 0 0 2 1 1 0 0 61 1 2 0 0 0 0 0 9 0 0 0 0 0 0 0 0 0 16 0 0 0 6 
 0 0 3 0 3 0 0 0 0 0 0 0 0 0 0 0 2 0 0 0 4 0 0 0 1 70 1 0 1 66 0 0 1 1 0 1 1 1 0 0 41 118 188 218 262 72 38 102 107 119 119 88 121 104 79 159 135 0 229 167 0 0 0 8 0 0 0 0 34 4 2 0 5 4 13 2 5 0 7 16 0 0 0 0 0 0 0 0 0 19 0 0 0 0 0 0 0 0 0 0 0 9 0 0 0 0 0 0 0 0 0 0 0 0 0 0 0 0 0 0 17 11 20 18 10 10 9 1 0 9 22 19 0 25 6 6 0 2 11 20 2 8 0 4 5 0 0 2 0 0 5 18 0 0 2 3 1 1 18 0 0 0 0 0 0 0 0 0 0 34 0 0 0 0 0 4 0 5 0 0 0 0 0 0 0 8 0 0 0 0 0 0 0 0 0 0 0 0 0 0 0 10 15 20 18 0 0 10 5 22 9 10 0 12 0 1 4 0 5 1 0 0 0 7 0 0 2 0 2 0 0 1 0 10 0 0 20 0 0 0 0 0 1 0 0 0 2 0 0 0 0 5 0 0 0 0 0 0 0 7 0 0 2 63 2 3 1 2 2 0 6 0 0 0 0 0 0 0 0 0 0 0 0 0 8 12 0 11 0 0 
 0 0 0 62 4 0 2 0 1 0 0 0 0 0 2 0 0 0 0 0 0 0 63 1 0 66 0 0 0 0 0 0 1 0 0 0 0 128 0 0 104 170 113 90 65 41 69 292 201 378 49 31 124 129 110 245 352 229 0 166 0 0 0 0 4 0 53 0 3 0 0 0 0 0 0 0 0 0 0 0 0 0 0 0 0 0 0 0 0 0 0 0 0 0 0 0 0 0 0 11 0 0 0 5 0 0 0 0 0 0 0 0 0 0 0 0 0 47 0 0 0 16 0 0 0 0 8 21 10 0 20 0 29 15 30 3 19 0 15 37 0 0 0 0 0 0 0 0 0 0 0 0 0 0 0 0 0 0 0 0 0 0 0 0 15 0 0 0 0 0 0 12 0 0 0 0 0 0 15 0 0 0 0 0 0 18 0 0 14 23 0 28 0 0 0 0 0 10 0 0 43 0 14 48 0 1 0 0 7 11 26 29 7 9 12 23 34 0 55 18 0 0 0 0 0 0 0 0 0 0 0 0 0 0 0 0 0 0 0 0 0 0 0 0 0 0 0 0 0 0 0 2 0 1 0 0 0 64 0 0 0 0 0 0 2 0 0 0 1 0 9 0 0 0 0 0 0 0 0 0 0 0 0 0 0 0 9 0 0 0 
 2 0 38 0 0 0 0 0 0 0 0 0 4 0 0 4 0 2 34 0 0 0 8 0 62 0 0 0 0 0 0 0 0 0 0 0 1 61 2 0 55 32 45 74 165 50 102 120 83 146 100 42 226 154 102 70 156 167 166 0 0 1 0 0 0 0 0 0 0 0 0 1 3 1 1 1 1 4 0 0 0 0 0 0 0 0 0 0 0 0 0 0 0 0 0 0 0 0 0 0 0 0 0 0 0 2 0 0 0 19 0 0 0 0 0 0 0 8 0 0 17 4 0 10 0 10 39 9 8 0 19 14 0 36 0 30 0 31 0 24 0 0 7 5 8 0 0 1 0 11 0 13 0 0 1 4 5 11 3 1 0 0 0 0 0 0 0 0 0 0 16 0 0 0 0 0 0 6 5 0 0 0 0 0 0 0 0 0 0 14 0 0 0 0 0 0 0 1 0 0 0 42 0 13 6 17 11 8 19 2 10 15 9 0 0 1 13 12 11 11 0 2 0 1 2 0 4 0 1 1 0 2 1 0 0 0 0 0 3 0 0 0 11 0 0 0 0 0 0 0 0 2 0 0 0 0 0 0 0 4 0 0 2 1 3 0 4 0 0 0 1 0 0 0 0 0 0 0 0 0 0 0 0 0 21 0 0 0 2 0 
 0 0 0 0 0 4 0 0 0 0 0 0 0 0 23 0 1 0 0 21 5 6 0 3 11 4 3 3 2 1 3 3 2 3 9 3 2 4 3 3 2 0 207 1 51 52 3 0 0 2 0 50 0 0 1 0 0 0 0 0 0 379 386 67 92 38 515 240 99 126 92 31 337 170 197 43 91 98 116 185 0 0 0 1 0 4 0 0 0 0 0 14 0 0 0 0 0 0 0 0 5 0 6 0 0 0 3 0 0 4 0 0 5 8 0 1 0 0 20 0 0 0 0 0 0 0 0 0 0 0 0 0 0 0 0 0 0 0 0 0 27 0 9 8 0 14 18 9 28 8 4 30 14 35 0 0 0 3 9 0 0 0 1 0 0 8 0 0 0 0 3 0 0 3 0 0 0 0 0 0 28 0 0 5 0 0 0 3 5 0 0 0 0 0 0 0 0 0 0 0 0 0 0 0 0 0 0 0 0 0 0 0 0 0 0 0 0 5 0 0 8 22 11 43 4 8 5 0 25 5 32 16 0 18 36 11 0 40 6 31 0 0 0 0 0 0 0 0 0 2 0 0 2 0 10 0 0 0 0 0 0 0 3 54 0 2 9 0 0 0 3 0 0 16 2 0 0 0 0 0 0 0 0 0 0 0 0 0 0 0 
