 0 299 266 370 37 244 328 60 139 40 55 231 373 73 346 33 252 262 299 196 0 0 0 1 0 0 0 3 0 0 3 0 0 0 0 4 0 1 0 0 0 2 0 0 0 3 2 2 0 0 0 3 0 0 0 0 0 0 55 0 3 3 0 2 0 0 3 9 0 2 4 0 4 3 0 0 3 0 0 0 35 15 10 2 17 13 13 0 13 0 25 23 18 10 39 2 31 46 0 30 0 0 0 0 2 0 0 0 0 0 0 0 0 0 2 0 7 0 0 23 0 0 0 0 0 0 0 0 0 0 0 0 0 0 0 0 0 0 0 0 0 0 0 0 0 0 0 1 0 0 0 0 0 8 0 0 0 0 0 0 0 13 46 28 0 0 0 35 0 2 14 0 2 0 38 8 18 18 0 0 0 1 0 0 0 0 0 0 0 0 0 0 0 0 14 0 0 0 0 0 0 0 0 0 0 0 0 1 0 0 29 0 0 0 0 0 0 0 0 0 0 0 0 0 0 0 0 0 0 0 0 0 0 0 10 0 0 0 0 0 0 13 0 0 0 2 0 2 2 2 12 5 0 0 1 0 0 0 0 0 0 0 0 0 0 0 0 0 0 0 0 0 0 0 0 15 1 0 0 0 0 0 0 0 0 0 0 0 0 0 
 299 0 201 149 58 43 231 46 271 154 52 31 96 152 362 287 216 139 76 40 0 0 0 0 0 0 0 5 0 0 0 0 0 0 0 3 0 0 0 0 0 1 0 0 0 3 0 2 0 0 0 4 0 0 0 0 0 0 77 0 3 2 0 2 0 0 3 0 0 2 4 0 3 3 0 0 3 0 0 0 47 39 35 15 9 0 27 0 28 12 36 0 8 11 11 18 51 0 14 12 0 0 0 0 0 0 0 0 0 0 0 0 23 0 0 0 0 0 0 0 0 0 0 0 0 0 0 0 0 0 0 0 0 0 0 0 0 0 0 0 0 0 0 0 11 0 0 0 0 0 0 0 0 0 0 0 0 0 0 0 0 48 10 7 0 0 0 11 34 20 19 0 2 27 26 17 29 17 0 10 0 0 0 0 0 0 0 0 0 0 0 0 0 0 0 0 0 0 0 0 13 0 0 0 0 0 0 0 0 0 0 0 0 0 0 0 0 10 25 0 0 0 1 0 0 0 0 0 0 0 0 0 0 0 0 0 0 0 0 0 0 15 0 0 0 1 0 2 2 1 2 0 0 0 0 0 0 0 0 0 0 0 0 0 0 0 0 0 0 0 0 0 0 0 0 0 0 0 0 0 0 0 0 10 0 0 0 0 0 0 
 266 201 0 320 336 305 210 156 70 149 128 146 305 79 170 232 458 233 115 29 0 0 0 0 0 0 0 5 0 0 0 0 0 0 0 5 2 0 0 0 0 1 0 0 2 3 2 2 0 2 0 5 0 0 0 0 0 0 1 0 9 0 0 2 0 0 7 0 0 2 0 2 10 33 0 6 9 0 0 0 38 56 11 30 20 0 24 35 10 9 12 40 45 23 14 1 34 27 13 13 0 2 0 0 0 0 0 0 0 1 0 0 0 0 1 0 0 0 0 0 0 0 0 0 0 0 0 0 0 0 0 0 0 0 0 0 0 0 21 0 0 0 0 0 0 0 0 0 0 0 0 0 0 0 0 0 0 0 0 0 7 14 24 0 19 0 10 24 0 8 35 8 16 31 42 28 27 18 2 0 0 0 0 0 0 0 0 0 0 0 0 0 0 0 0 0 0 0 0 12 0 0 0 0 0 0 0 0 0 0 0 0 0 0 0 0 0 0 12 2 0 0 0 0 0 0 0 0 0 0 0 0 0 0 0 0 0 0 0 22 0 18 0 0 0 3 0 2 2 10 8 17 0 0 0 0 0 0 0 1 0 0 0 0 0 1 0 0 0 0 0 0 0 0 0 15 7 0 0 0 0 0 0 0 0 0 0 0 0 0 
 370 149 320 0 262 38 177 49 470 262 396 124 372 268 265 210 126 193 285 140 1 1 0 0 0 0 66 214 0 0 0 0 0 0 0 3 0 0 0 78 0 10 0 59 0 3 0 2 5 0 0 3 0 0 0 0 0 0 1 0 3 8 0 2 0 0 3 0 0 2 3 0 53 3 0 0 3 0 0 0 36 20 0 0 25 0 9 1 1 11 22 25 37 0 11 0 22 22 9 0 0 0 8 0 0 0 0 0 0 16 0 0 2 14 10 0 0 0 0 0 0 0 0 1 0 0 0 0 0 0 0 0 0 0 0 0 0 0 0 0 0 0 0 0 0 10 0 0 0 0 0 2 0 3 0 0 0 0 0 0 0 17 16 9 0 14 0 8 0 0 13 0 0 0 13 0 0 11 0 0 0 0 22 20 0 0 21 0 9 0 0 0 2 22 0 0 0 0 11 20 0 0 1 0 0 0 0 0 0 32 12 19 0 0 10 0 0 0 19 0 0 0 0 0 0 0 0 0 0 0 0 0 0 0 0 0 0 0 0 0 0 0 0 0 0 0 9 0 2 96 12 4 0 0 0 0 0 0 0 0 0 0 0 0 0 0 0 0 0 0 0 0 0 0 0 0 0 0 0 0 0 0 0 0 0 0 0 0 0 0 
 37 58 336 262 0 168 72 151 73 170 186 307 385 59 123 66 124 31 50 130 0 0 82 0 0 0 109 4 0 1 2 1 1 0 1 3 0 0 0 0 0 4 0 0 0 3 30 2 0 0 0 3 63 1 0 0 0 0 2 0 3 0 0 2 0 0 43 0 0 2 0 0 3 3 36 0 3 1 0 0 0 15 0 7 0 0 0 0 9 1 22 24 12 8 15 2 4 24 18 0 0 1 13 0 2 0 0 0 0 12 0 0 10 21 2 0 0 0 0 11 0 0 0 0 0 0 0 0 0 0 0 0 0 0 0 0 0 0 0 0 0 0 0 0 4 0 0 2 0 0 0 0 0 0 0 0 0 0 0 0 10 32 14 17 0 0 6 0 6 0 12 0 0 12 17 24 0 0 0 0 0 0 19 18 0 0 0 0 2 0 0 0 0 16 0 0 0 0 24 7 0 0 0 0 0 0 0 0 0 0 0 0 0 0 0 0 0 0 0 0 0 0 0 0 0 0 0 0 0 0 0 0 0 0 0 0 0 0 8 0 0 0 0 0 0 5 90 0 3 1 10 0 0 0 0 0 0 0 0 0 0 0 0 0 0 0 0 0 0 0 0 0 0 8 0 0 12 0 0 0 0 0 0 0 0 0 0 0 0 0 
 244 43 305 38 168 0 31 209 53 232 168 93 29 129 72 142 66 260 255 35 0 8 0 78 0 0 1 3 0 11 0 0 150 153 74 3 73 0 62 81 0 1 0 1 0 3 0 2 0 0 0 3 0 0 0 0 0 0 0 0 3 0 52 2 0 0 3 0 0 3 0 0 6 3 0 2 3 0 0 1 0 0 5 0 0 31 0 8 0 12 0 0 0 0 0 0 0 22 0 0 13 0 0 0 0 0 12 38 1 13 0 1 24 0 0 0 1 6 16 10 0 9 0 0 0 0 0 1 0 0 0 0 0 0 0 0 0 0 0 0 0 0 0 0 0 1 0 0 0 0 0 0 0 0 0 0 0 0 0 0 14 0 0 0 28 1 14 0 0 1 6 3 0 0 0 3 7 0 13 0 10 0 41 0 0 0 2 27 3 0 2 0 11 14 22 0 9 0 1 8 0 1 0 0 0 0 0 0 0 0 0 0 0 0 0 0 0 0 0 12 0 0 0 0 0 0 0 0 0 0 0 0 0 0 0 0 0 0 0 0 0 0 0 0 0 2 98 1 4 5 0 6 0 0 0 0 0 1 0 0 1 1 11 0 0 0 0 0 0 0 0 0 0 0 0 0 0 14 0 0 0 0 0 0 0 0 0 0 0 0 
 328 231 210 177 72 31 0 70 48 218 28 114 105 285 59 23 169 208 166 97 0 0 2 0 0 0 0 3 0 0 0 0 0 0 0 3 0 0 0 0 0 1 0 0 0 3 0 2 0 0 0 3 2 0 0 0 0 0 62 0 3 5 0 2 0 0 3 0 0 2 7 0 3 3 0 0 3 0 0 0 56 84 0 17 9 0 27 28 14 0 72 43 26 18 55 0 19 2 28 12 17 0 2 0 0 0 0 0 0 13 0 0 0 0 0 0 0 1 0 1 0 0 0 1 0 0 0 0 0 0 0 0 0 0 0 0 0 12 1 0 0 0 0 0 0 0 0 0 0 0 0 0 0 0 0 0 0 0 0 0 14 16 24 1 0 0 20 13 14 0 4 0 0 27 41 24 9 20 30 0 0 0 0 0 0 0 0 0 2 0 0 0 0 0 0 0 0 0 0 0 0 0 9 0 0 0 0 0 0 2 0 0 0 0 0 0 0 0 0 0 0 0 0 0 0 2 0 0 0 0 0 1 0 0 0 0 0 0 0 0 0 14 0 0 0 0 1 0 1 1 25 13 2 0 0 0 0 0 0 0 0 0 0 0 0 0 0 0 0 0 0 0 0 0 0 0 6 0 0 0 0 0 0 0 0 0 0 0 0 0 
 60 46 156 49 151 209 70 0 257 191 24 253 131 177 129 124 230 45 55 44 0 0 0 0 0 3 2 3 3 77 0 0 76 0 0 3 0 4 75 73 0 2 0 0 0 3 0 2 0 0 0 3 0 0 0 0 0 0 1 3 3 0 0 2 5 0 3 1 2 2 0 3 11 3 0 7 3 0 1 0 1 18 33 21 14 12 0 28 26 4 0 35 0 27 12 0 17 10 0 43 0 0 0 0 0 0 0 0 0 0 0 0 0 0 0 0 0 0 0 97 0 14 0 0 0 0 0 0 0 0 0 0 0 0 0 0 0 0 0 0 0 1 0 0 0 0 0 0 0 0 0 0 0 6 0 0 0 0 0 0 27 0 16 0 14 1 37 23 0 2 0 11 0 46 14 0 20 0 12 0 0 0 0 0 0 0 0 1 0 0 0 0 46 0 0 0 0 0 0 24 0 0 0 0 0 0 0 0 0 15 0 0 0 0 0 0 0 0 0 0 0 0 0 0 0 0 0 0 0 0 0 0 0 0 0 0 0 0 0 0 0 0 0 0 0 2 0 0 0 1 0 4 0 0 1 0 0 0 0 0 0 0 0 0 0 2 0 0 0 0 0 0 0 15 0 15 9 0 0 0 0 0 0 0 0 0 2 0 1 0 
 139 271 70 470 73 53 48 257 0 203 355 32 110 173 161 236 101 59 51 54 75 0 0 0 0 3 76 4 3 76 0 0 115 0 0 3 0 2 44 1 0 1 0 47 0 3 0 2 0 0 0 3 0 0 0 0 0 0 1 3 3 0 0 2 11 0 3 0 1 2 0 3 7 6 0 12 3 0 1 0 15 0 25 27 0 45 0 6 0 9 17 11 0 0 12 15 10 40 10 0 10 0 9 1 0 0 0 0 0 0 0 0 0 19 33 0 0 0 0 37 0 14 0 0 0 0 0 0 0 1 1 0 0 0 0 0 0 0 0 0 0 0 0 0 0 1 0 0 0 0 0 0 0 17 0 0 0 0 0 0 14 0 5 13 31 0 14 11 10 14 0 4 10 0 0 0 39 0 1 0 12 0 0 0 0 9 0 22 0 0 13 0 25 10 0 0 0 0 13 0 0 0 0 0 0 0 0 0 0 14 0 0 0 0 0 15 1 0 0 0 0 0 0 0 0 0 0 0 0 0 0 0 0 0 0 0 0 0 0 1 0 0 0 0 2 0 0 2 0 0 1 5 0 0 0 0 0 0 0 0 0 0 11 0 0 0 0 0 0 0 0 0 0 0 0 0 0 0 0 0 0 0 0 0 0 0 0 0 0 0 
 40 154 149 262 170 232 218 191 203 0 299 278 54 167 203 250 56 190 64 50 1 0 0 0 0 0 76 3 0 208 0 0 0 0 0 211 0 2 78 0 61 1 0 44 0 3 0 2 0 0 7 3 0 0 0 0 0 0 1 0 3 0 0 2 16 0 3 0 0 2 0 0 2 22 0 0 3 2 0 0 14 19 15 20 6 22 22 11 15 22 25 29 10 7 0 13 49 0 16 0 14 20 7 0 0 0 18 2 6 0 0 0 4 11 13 0 0 0 7 30 0 2 0 0 0 0 3 0 0 0 0 0 0 0 0 0 0 0 0 0 0 0 0 0 0 0 0 0 0 0 0 0 0 4 0 0 0 0 0 0 0 10 0 0 0 18 13 4 9 29 11 4 1 10 1 4 16 6 0 0 0 2 0 0 1 0 0 0 0 9 0 0 21 2 0 0 0 0 15 0 0 0 0 0 0 0 0 2 0 14 0 0 0 0 0 0 0 0 18 10 0 10 0 0 0 0 1 0 0 0 0 0 0 0 0 0 0 0 0 0 0 14 0 0 0 2 4 1 0 98 3 11 10 0 2 0 0 0 0 0 0 0 0 0 0 0 0 0 0 0 0 0 0 63 0 9 11 0 0 0 0 0 0 0 0 0 0 0 0 0 
 55 52 128 396 186 168 28 24 355 299 0 155 38 56 70 283 63 349 30 32 1 2 4 2 0 1 240 6 2 2 5 2 5 0 3 94 0 4 0 64 0 7 6 3 5 7 5 4 13 4 0 3 5 0 0 0 2 2 1 0 6 0 0 2 4 5 5 0 0 2 3 1 3 61 0 4 6 4 0 0 0 0 1 22 43 31 0 0 37 18 10 11 0 0 0 24 23 0 0 0 24 10 0 0 0 0 26 0 10 1 0 0 30 8 11 0 0 7 29 11 0 0 0 0 0 0 0 0 0 0 0 0 0 0 0 0 0 0 2 0 0 0 0 0 0 4 0 2 0 0 0 0 0 0 16 0 0 0 0 0 0 0 0 11 20 46 1 0 4 14 0 13 0 0 0 0 0 15 0 0 10 0 17 2 0 0 23 34 0 0 0 0 43 25 15 0 0 0 1 28 0 0 0 0 0 0 0 0 0 1 0 0 0 0 0 0 0 0 0 0 0 0 0 0 0 0 0 0 0 0 0 0 0 0 0 0 0 0 0 0 0 0 0 0 0 6 90 0 48 89 1 4 6 0 0 0 0 0 0 0 0 0 0 0 0 0 0 0 0 0 0 0 0 0 0 4 0 10 0 0 0 0 0 0 0 0 0 0 0 0 
 231 31 146 124 307 93 114 253 32 278 155 0 43 55 354 212 88 274 245 30 0 0 0 0 0 0 0 3 0 0 0 0 75 0 1 3 0 4 0 74 0 7 0 0 0 3 0 2 8 0 3 3 0 0 0 0 0 0 1 0 3 0 0 2 0 0 3 6 0 2 0 0 8 3 0 7 3 0 0 0 0 15 8 10 31 16 0 22 15 10 1 21 12 20 11 1 31 63 0 10 0 0 0 0 0 0 0 0 0 0 0 0 0 0 0 0 0 0 15 10 0 0 0 0 0 0 0 0 0 0 0 0 0 0 0 0 0 0 0 0 0 0 0 0 0 0 16 2 0 0 0 0 0 0 0 0 0 0 0 0 3 0 44 1 35 18 4 59 0 10 41 20 10 1 27 13 62 0 0 0 10 0 0 0 0 0 22 10 1 0 0 0 0 0 0 0 0 0 0 5 0 0 0 0 0 0 0 0 0 16 0 0 0 0 0 0 0 0 1 0 0 0 0 0 0 0 0 0 0 0 0 0 0 0 0 0 0 0 0 0 0 0 0 0 0 2 1 2 0 4 9 14 0 0 0 0 0 0 0 0 0 0 10 0 0 0 0 0 0 0 0 0 0 0 0 16 17 0 0 0 0 0 0 0 0 0 0 0 0 0 
 373 96 305 372 385 29 105 131 110 54 38 43 0 101 160 219 36 33 75 161 0 0 0 0 0 0 0 3 0 0 0 0 0 0 0 3 0 0 0 0 0 1 0 0 0 3 0 2 0 0 0 12 0 0 0 0 0 2 0 47 3 4 0 2 0 0 3 0 0 2 3 2 2 3 0 0 3 0 0 0 53 2 0 0 0 0 2 1 0 1 20 1 35 0 63 28 0 19 13 0 1 0 0 0 0 0 0 1 0 0 0 0 0 0 2 0 0 0 0 1 0 0 14 0 0 0 0 0 0 0 0 0 0 0 0 0 0 0 0 0 0 2 0 0 0 0 14 0 0 0 0 0 0 0 0 0 0 0 0 0 1 39 1 38 0 17 0 7 0 0 17 1 7 10 0 2 0 29 0 1 0 1 0 0 2 0 0 0 3 0 0 15 0 0 0 0 0 0 0 0 0 0 0 0 0 0 0 1 0 0 0 0 0 12 0 0 0 0 0 0 0 0 0 0 0 0 2 0 0 0 0 0 0 0 0 0 0 0 0 0 0 0 0 0 0 0 0 1 1 0 0 8 0 0 0 0 0 0 0 0 0 0 0 0 0 0 0 0 0 0 0 0 0 0 0 0 0 0 0 0 0 0 0 0 0 0 0 0 0 1 
 73 152 79 268 59 129 285 177 173 167 56 55 101 0 158 365 69 24 97 224 1 0 0 0 0 0 0 3 0 0 0 0 0 0 0 3 0 0 77 0 0 2 0 0 0 3 0 2 0 0 0 3 0 0 0 0 0 0 0 0 3 0 0 2 0 0 3 0 0 2 18 0 3 3 0 0 3 0 0 0 20 37 9 19 0 0 1 17 12 3 1 18 1 39 59 17 0 2 20 0 2 0 0 0 0 2 0 2 0 0 0 0 0 0 0 0 0 8 2 17 14 14 0 0 7 0 0 0 0 0 0 0 0 0 0 0 0 0 1 0 0 1 0 0 4 0 0 0 0 0 0 0 0 0 0 0 0 0 0 0 9 0 15 10 0 1 101 23 12 0 4 9 26 18 9 0 0 0 11 0 0 0 0 0 0 0 0 1 0 1 0 0 15 0 0 0 0 0 0 0 0 0 0 0 0 2 0 0 0 1 0 0 0 0 0 0 0 0 0 0 0 0 0 0 0 2 1 0 0 12 0 1 0 0 0 0 5 0 0 0 0 0 0 0 0 2 1 0 0 2 0 16 0 0 0 0 0 0 0 0 0 0 0 0 0 0 0 0 0 0 0 0 0 0 0 0 0 0 0 0 0 0 0 0 0 0 0 0 0 0 
 346 362 170 265 123 72 59 129 161 203 70 354 160 158 0 228 43 468 78 83 0 0 0 0 0 0 0 3 0 0 0 0 3 0 0 3 0 0 0 0 3 1 0 0 0 3 0 2 0 0 0 3 0 0 0 0 0 0 2 0 3 1 0 2 0 0 3 0 0 2 1 0 3 3 0 0 3 0 0 0 9 15 27 0 0 0 0 0 32 23 6 0 33 38 7 27 19 32 9 0 0 0 0 0 0 0 0 0 0 0 0 0 24 0 0 0 0 0 0 10 0 0 0 0 0 0 0 0 0 0 0 0 0 0 0 0 0 0 0 0 0 0 0 0 5 0 0 0 1 0 0 0 0 0 0 0 0 0 0 0 0 21 19 10 0 0 28 24 24 10 20 0 15 14 20 2 0 0 10 22 0 0 0 13 0 0 0 0 0 0 0 0 0 0 0 0 0 0 0 0 0 0 0 0 0 0 0 0 0 0 0 0 0 0 0 0 0 0 15 0 0 0 0 2 0 0 0 0 10 3 0 0 0 0 0 0 0 0 0 0 0 0 0 0 0 2 0 1 3 89 2 18 0 0 0 0 0 0 0 0 0 0 0 34 0 0 0 0 0 0 0 0 0 0 0 0 15 0 0 0 0 0 0 0 0 0 0 0 0 0 
 33 287 232 210 66 142 23 124 236 250 283 212 219 365 228 0 55 106 26 369 0 0 0 0 0 0 0 3 0 0 0 0 0 0 0 3 0 0 2 0 0 2 0 49 0 3 0 69 0 0 0 3 0 0 0 0 0 0 2 0 3 0 0 2 0 0 49 0 0 2 0 0 3 3 0 0 3 0 0 0 21 14 10 0 0 0 0 14 15 10 16 0 13 10 37 14 19 39 11 0 0 0 19 0 0 0 0 0 0 0 0 0 0 35 9 0 0 0 0 15 0 0 0 0 0 0 0 0 0 0 0 0 0 0 0 0 0 0 0 0 0 0 0 0 0 7 0 0 0 0 0 0 0 1 0 0 0 0 0 0 40 29 14 14 19 0 7 10 9 10 22 0 14 0 0 1 2 0 18 6 0 0 0 0 0 20 0 0 0 0 22 0 15 54 0 0 0 0 10 21 0 0 0 0 0 0 0 0 0 10 0 0 0 0 0 0 0 0 14 0 0 0 0 0 0 0 0 0 0 0 0 0 0 0 0 0 0 0 0 0 0 0 0 0 0 0 2 2 0 90 1 12 0 0 0 0 0 0 0 0 0 0 0 0 0 0 0 0 0 0 0 0 0 0 0 0 10 0 0 0 0 0 0 0 0 0 0 0 0 0 
 252 216 458 126 124 66 169 230 101 56 63 88 36 69 43 55 0 177 50 43 2 0 0 0 0 0 82 3 0 0 0 0 26 0 2 3 2 0 0 3 0 1 0 0 0 7 8 2 0 0 0 3 0 0 0 0 0 0 63 0 3 0 0 2 6 0 3 0 0 2 0 0 11 3 0 5 62 0 0 0 34 23 12 49 16 10 17 28 25 2 6 28 16 43 11 21 66 14 13 21 10 0 0 0 0 32 10 0 2 0 0 0 1 0 0 0 0 0 0 41 0 2 0 0 15 0 0 2 0 0 0 0 0 0 0 0 0 0 0 0 0 0 2 0 0 0 0 0 16 0 0 0 1 0 0 1 0 2 0 0 1 0 20 10 13 0 0 6 11 43 10 19 10 2 12 49 59 10 0 1 0 0 0 0 0 0 2 0 0 0 0 0 1 0 0 0 0 0 0 3 0 2 0 0 0 0 0 0 0 0 0 0 0 0 0 0 14 0 2 0 0 23 0 0 0 0 0 0 0 0 0 0 0 0 0 0 0 0 0 0 0 34 0 0 0 2 0 0 1 2 0 18 1 0 0 0 0 0 0 0 0 0 0 0 0 0 0 0 0 0 0 0 0 0 0 16 0 0 0 0 0 0 0 0 0 0 0 0 0 0 
 262 139 233 193 31 260 208 45 59 190 349 274 33 24 468 106 177 0 61 53 0 0 2 0 0 0 99 3 0 0 0 0 1 0 0 3 0 0 0 37 0 1 0 24 0 3 0 2 0 0 0 3 0 0 0 0 0 0 2 0 3 0 0 2 9 1 3 0 0 17 0 6 3 42 0 2 3 0 0 0 28 22 2 11 27 10 23 0 0 35 11 30 23 12 0 15 55 0 10 0 31 18 10 0 0 0 21 0 12 0 1 0 10 20 9 0 0 0 2 33 0 0 0 0 25 0 0 0 0 0 0 0 0 0 0 0 0 0 0 0 0 0 0 0 0 6 0 0 0 0 0 0 0 0 0 0 0 0 0 0 0 0 0 0 0 13 0 0 0 13 20 46 0 0 26 8 13 18 0 0 12 0 0 0 0 0 0 2 0 0 0 0 39 28 0 0 0 0 14 16 0 0 0 0 0 0 0 0 0 19 0 0 0 0 0 0 8 0 15 0 0 0 0 7 0 0 0 0 0 0 0 0 0 0 0 0 0 0 0 0 0 14 0 0 0 1 87 2 107 176 0 15 13 0 0 0 0 0 0 0 0 0 0 0 0 0 0 0 0 0 0 0 0 0 0 13 0 15 0 0 0 0 0 0 0 0 0 0 0 0 
 299 76 115 285 50 255 166 55 51 64 30 245 75 97 78 26 50 61 0 238 0 0 0 0 0 0 0 3 0 2 0 0 0 0 0 5 6 3 0 0 0 65 0 0 2 3 0 2 2 0 0 3 1 0 0 0 0 2 0 0 6 0 0 2 4 0 3 0 0 2 0 2 3 5 3 5 8 0 0 0 21 1 1 4 2 0 12 24 0 1 1 1 39 25 0 0 18 0 19 1 0 0 0 0 0 0 0 19 0 0 0 0 0 14 0 0 0 0 0 0 2 0 0 0 0 0 0 0 2 0 0 0 0 0 0 0 0 0 0 0 0 0 0 20 0 0 0 0 8 2 0 0 0 0 0 0 0 0 0 0 1 0 1 0 0 0 1 2 4 0 13 0 0 0 3 20 9 10 30 26 0 0 0 0 0 0 0 0 0 0 0 0 2 0 1 0 0 0 0 0 0 10 0 0 1 0 27 0 0 0 1 0 18 0 0 0 0 2 0 0 0 0 1 0 0 0 0 0 0 0 2 0 0 0 0 0 0 17 0 0 0 29 0 0 0 0 0 0 1 0 0 3 0 0 0 2 0 0 0 0 0 0 0 0 0 0 0 0 0 0 12 0 0 0 0 0 0 0 0 0 0 0 0 0 0 0 0 0 0 0 
 196 40 29 140 130 35 97 44 54 50 32 30 161 224 83 369 43 53 238 0 0 0 0 0 0 0 0 3 0 1 2 0 0 0 0 5 0 2 2 1 0 1 0 0 0 3 2 2 0 0 0 3 0 0 0 0 0 0 0 0 3 6 0 2 0 0 3 33 0 3 1 44 3 3 0 0 3 0 0 1 16 1 12 0 0 0 0 1 13 0 11 0 0 0 39 16 0 12 4 15 0 0 0 0 0 0 0 0 0 0 0 0 0 0 0 0 0 0 0 2 0 0 0 0 28 0 0 0 0 0 0 0 0 0 0 0 0 0 0 0 0 0 23 0 0 0 0 0 0 0 0 0 0 0 0 0 0 0 0 0 30 23 59 15 0 0 10 1 0 1 13 0 19 0 0 0 0 7 21 17 0 0 0 0 0 0 0 0 0 0 0 0 0 0 0 0 0 0 0 0 0 0 0 0 0 0 0 0 0 0 0 0 0 0 0 0 0 0 0 0 0 0 0 0 0 0 0 0 0 0 0 0 0 0 10 0 0 24 0 0 0 0 0 0 0 0 2 0 1 0 2 25 0 0 2 0 0 0 0 0 0 0 0 0 0 0 0 0 0 0 0 0 0 0 0 0 0 0 0 0 0 0 0 0 0 0 0 0 0 0 
 0 0 0 1 0 0 0 0 75 1 1 0 0 1 0 0 2 0 0 0 0 166 151 113 107 235 140 218 60 99 275 48 338 112 144 35 38 75 271 326 0 0 0 3 0 0 0 2 3 0 0 0 2 0 0 0 0 2 1 0 2 0 0 3 10 0 0 0 0 0 0 3 3 0 2 0 4 2 0 0 0 0 0 0 10 14 0 0 0 1 11 0 0 0 0 0 0 0 0 13 10 46 12 1 0 0 12 12 0 10 12 18 2 4 5 20 0 17 41 0 11 0 0 0 0 0 2 0 0 0 0 0 0 0 0 0 0 0 0 0 0 1 11 0 0 0 0 0 0 0 4 0 0 0 0 0 0 2 0 9 0 0 0 0 11 19 0 0 2 0 0 1 0 0 0 0 0 0 0 0 19 10 0 0 7 0 31 24 18 0 11 0 0 10 26 49 41 19 23 10 0 0 0 0 0 0 0 0 0 0 0 0 0 1 0 0 0 0 0 0 0 0 0 0 0 1 0 0 0 0 0 0 0 0 0 0 0 0 1 0 0 0 0 0 0 0 1 0 0 0 0 0 1 0 2 0 0 78 40 0 4 13 0 0 0 0 0 0 0 0 0 0 0 0 0 1 0 0 0 14 0 10 0 2 0 0 0 0 0 0 
 0 0 0 1 0 8 0 0 0 0 2 0 0 0 0 0 0 0 0 0 166 0 150 285 45 30 159 341 70 68 46 46 211 121 155 82 146 41 224 138 0 0 0 3 0 0 7 2 3 0 0 3 3 0 0 0 0 3 7 0 3 2 2 3 2 0 0 0 0 0 2 6 5 0 2 0 8 3 0 0 0 0 0 0 10 13 0 0 0 0 0 0 0 0 0 0 0 0 0 0 1 12 15 1 0 0 20 10 0 20 14 14 1 20 0 16 2 17 25 0 0 0 0 0 0 0 8 0 0 0 0 0 0 0 0 0 0 0 10 8 0 0 9 0 12 0 0 0 0 0 6 0 0 0 0 0 0 0 0 6 0 0 0 0 10 6 0 0 0 0 0 0 0 0 0 1 0 0 0 0 10 11 0 0 1 8 25 0 18 1 0 0 0 11 20 24 23 27 12 0 0 0 0 0 0 0 0 0 0 0 0 0 0 12 0 0 0 0 8 0 0 0 0 0 0 0 0 0 0 0 0 0 0 0 0 0 0 0 0 11 0 0 0 0 0 0 0 0 0 0 0 0 0 0 0 0 0 78 1 0 1 8 0 0 0 0 0 0 0 0 0 0 0 0 0 0 0 0 0 12 0 1 0 0 0 0 0 0 0 0 
 0 0 0 0 82 0 2 0 0 0 4 0 0 0 0 0 0 2 0 0 151 150 0 85 55 100 56 203 276 126 68 25 82 262 123 127 207 135 25 67 0 0 0 2 0 0 0 2 3 0 0 0 65 63 0 0 0 0 88 131 3 0 0 3 0 0 0 0 0 0 0 3 3 0 2 0 80 6 0 0 0 0 0 0 0 0 0 0 0 0 0 0 0 0 1 0 0 0 0 0 4 13 8 16 29 12 0 0 22 23 16 18 0 15 11 30 12 0 0 0 0 1 0 0 0 0 24 0 0 0 1 0 17 19 15 0 9 0 25 2 0 0 0 0 0 0 0 0 0 1 0 0 0 0 0 0 0 0 0 2 0 0 0 0 0 0 0 0 0 0 0 0 0 2 0 0 0 0 0 0 20 9 28 45 36 3 23 0 9 10 38 23 0 9 0 0 5 54 12 1 3 0 0 0 0 0 6 0 0 0 0 0 0 0 0 0 0 0 4 51 0 0 0 0 2 0 0 0 0 0 0 0 0 0 1 0 0 0 0 0 0 0 0 0 0 0 0 0 0 0 0 0 0 0 3 2 0 0 3 4 1 0 0 0 0 0 0 0 0 0 0 0 0 0 0 0 0 0 0 0 0 0 0 0 0 18 0 0 0 0 
 1 0 0 0 0 78 0 0 0 0 2 0 0 0 0 0 0 0 0 0 113 285 85 0 179 112 98 106 224 149 36 179 151 399 468 117 30 227 102 229 0 0 0 2 0 0 0 2 3 0 6 0 65 0 0 0 0 0 1 66 3 0 0 3 0 0 0 1 0 0 0 3 3 0 3 0 0 3 0 0 0 0 0 0 0 0 0 0 0 0 0 0 0 0 0 0 0 0 0 0 0 0 0 5 0 27 20 7 29 24 12 37 30 0 0 40 0 16 0 0 19 10 0 0 0 0 0 39 1 19 9 0 19 12 8 1 0 0 0 0 0 0 0 0 0 0 0 0 0 0 0 0 0 0 9 0 0 0 0 0 0 0 0 0 0 0 0 0 0 0 0 0 0 0 0 0 0 0 0 0 0 9 9 45 0 0 16 12 2 24 0 41 0 0 14 6 24 0 0 0 0 11 0 0 0 0 3 0 0 1 0 0 0 0 0 0 19 0 0 0 0 8 0 0 0 0 0 0 0 0 0 0 0 0 0 0 0 0 0 0 0 0 11 0 0 0 0 2 0 0 0 0 0 0 3 0 2 75 0 0 0 0 0 0 2 0 0 0 0 0 0 0 0 0 0 0 0 0 0 0 0 18 0 0 0 0 0 0 0 0 
 0 0 0 0 0 0 0 0 0 0 0 0 0 0 0 0 0 0 0 0 107 45 55 179 0 62 47 257 81 102 266 35 151 191 159 133 112 148 85 105 32 64 0 2 0 0 0 2 3 0 0 0 6 22 0 0 0 0 0 63 3 0 0 3 0 0 0 0 0 0 0 41 3 0 2 0 0 3 0 0 0 0 0 0 0 0 0 0 0 0 0 0 0 0 0 0 0 0 0 0 1 0 1 1 53 23 0 12 58 18 13 34 0 0 15 1 31 7 1 0 14 18 0 0 0 0 8 0 0 0 0 0 0 0 0 0 0 0 4 0 0 16 0 0 0 0 0 0 0 0 0 0 0 0 0 0 0 1 0 1 0 0 0 0 1 1 0 0 0 0 0 9 0 0 0 0 0 0 0 0 10 17 9 1 17 12 2 0 25 30 41 14 0 0 1 22 2 10 0 0 7 10 0 0 0 0 0 13 13 0 0 0 0 3 0 0 0 2 10 11 0 0 0 0 0 0 0 0 0 0 0 0 0 0 0 0 0 0 1 0 0 0 0 0 0 0 0 0 0 0 0 0 0 0 0 0 0 104 0 2 3 0 0 0 0 0 34 0 0 0 0 0 0 0 0 0 0 0 0 0 0 1 0 1 0 0 7 0 0 0 
 0 0 0 0 0 0 0 3 3 0 1 0 0 0 0 0 0 0 0 0 235 30 100 112 62 0 45 189 119 265 82 37 253 40 62 59 49 137 48 64 0 0 64 64 0 0 0 2 3 0 0 0 26 122 126 70 25 0 127 117 3 0 0 3 0 0 0 0 0 0 48 3 3 0 2 0 0 3 0 0 0 0 0 0 0 0 0 0 0 0 0 0 0 0 0 0 0 0 0 0 11 0 0 10 0 0 0 0 18 1 35 21 0 0 0 11 0 15 10 0 6 0 27 1 9 0 32 0 12 9 0 0 28 15 11 29 0 8 23 25 0 0 0 0 0 0 0 0 0 0 0 0 0 0 0 0 0 0 0 0 0 0 4 0 0 0 0 19 0 0 0 0 0 0 0 0 0 0 0 0 0 3 16 18 0 4 0 14 17 3 20 11 0 0 11 18 0 11 0 0 7 17 13 46 14 0 50 15 0 9 0 17 13 25 31 13 0 14 41 7 0 0 0 0 1 0 0 0 0 21 0 0 0 1 0 0 0 0 0 0 0 0 10 0 0 0 0 0 0 0 0 0 0 0 0 1 0 0 43 0 19 0 0 0 0 0 0 0 0 0 0 0 0 0 0 0 0 0 0 0 0 15 9 0 0 3 0 18 0 0 
 0 0 0 66 109 1 0 2 76 76 240 0 0 0 0 0 82 99 0 0 140 159 56 98 47 45 0 72 33 247 247 63 146 63 32 261 38 42 57 233 0 6 0 2 0 0 0 2 6 0 0 0 1 0 0 0 0 0 3 0 2 0 0 3 9 0 0 0 0 0 0 3 5 3 2 4 0 3 0 0 0 0 0 12 52 10 0 0 0 27 0 22 0 0 0 15 10 0 0 0 33 30 0 10 0 0 55 16 13 12 1 0 21 41 75 0 0 0 14 47 0 18 0 0 18 0 0 0 0 0 0 0 0 0 0 0 0 0 0 0 0 0 9 0 3 0 0 0 0 0 0 0 0 0 0 0 0 0 0 0 2 0 0 0 1 25 0 0 0 10 0 33 0 0 0 2 5 13 0 0 21 13 13 12 0 0 17 42 10 0 0 0 21 13 0 0 0 0 5 20 0 0 0 0 0 0 0 0 0 0 0 0 0 0 0 0 0 0 0 0 0 0 0 0 0 0 0 0 0 0 0 0 0 0 0 0 0 0 0 0 0 0 0 0 0 0 63 0 74 0 0 0 18 0 2 0 2 0 0 2 0 0 0 0 0 0 0 0 0 0 0 0 0 0 0 8 0 0 0 0 0 0 0 0 0 0 0 0 0 0 
 3 5 5 214 4 3 3 3 4 3 6 3 3 3 3 3 3 3 3 3 218 341 203 106 257 189 72 0 716 36 41 23 76 142 233 267 127 188 111 126 0 0 0 2 0 0 0 2 3 3 1 3 2 0 0 0 0 2 20 63 3 0 2 3 0 4 0 0 0 0 2 6 6 2 2 0 5 7 0 0 0 0 0 0 8 1 0 0 0 0 0 0 0 0 0 0 0 0 0 0 3 0 32 13 1 11 0 15 25 23 39 49 1 8 1 47 12 0 10 0 0 1 0 0 0 0 46 0 0 0 0 0 17 2 0 0 0 0 20 12 0 0 1 0 0 0 0 0 0 0 0 0 0 0 0 0 0 0 0 5 0 0 0 0 0 0 0 2 0 0 0 0 1 0 0 0 0 0 0 0 8 21 11 21 3 16 12 0 0 57 36 23 9 8 1 9 0 94 10 0 0 0 0 0 2 0 0 0 0 0 0 0 0 0 0 0 0 0 19 31 23 0 0 0 0 0 0 6 0 2 0 0 0 0 0 0 0 0 0 0 0 0 0 0 0 1 0 0 0 75 0 0 0 1 3 0 1 77 76 0 13 0 0 0 0 0 0 0 0 0 0 1 0 0 0 0 0 0 0 1 0 0 0 0 0 0 0 0 0 0 
 0 0 0 0 0 0 0 3 3 0 2 0 0 0 0 0 0 0 0 0 60 70 276 224 81 119 33 716 0 94 105 41 158 132 95 286 55 175 203 82 0 0 3 2 0 3 0 3 3 0 0 0 4 0 0 3 3 0 63 135 2 0 0 3 1 0 0 0 0 3 3 3 3 0 2 25 18 2 0 0 0 0 0 0 10 0 0 0 0 0 0 0 0 0 0 0 0 0 0 0 6 0 11 14 23 15 0 11 19 10 32 44 0 9 15 28 10 19 15 0 0 0 0 0 0 0 22 0 0 0 0 0 1 1 7 0 0 0 29 0 0 0 0 0 0 0 0 0 0 2 0 0 0 0 0 0 0 0 0 1 0 0 0 0 1 0 0 0 0 0 0 0 0 1 0 0 0 0 0 0 10 31 12 14 0 8 11 0 12 46 20 28 0 11 51 55 0 27 12 0 1 0 0 0 0 0 0 0 0 0 0 0 0 0 0 0 0 0 6 0 0 0 0 0 0 0 0 0 0 0 0 0 0 0 0 0 0 0 0 0 0 0 0 0 0 0 0 0 0 0 0 0 0 0 6 2 0 1 3 0 9 2 0 0 0 0 0 0 0 0 0 0 0 0 0 0 0 0 0 14 0 21 0 0 0 0 0 0 0 0 
 0 0 0 0 1 11 0 77 76 208 2 0 0 0 0 0 0 0 2 1 99 68 126 149 102 265 247 36 94 0 163 36 112 218 159 619 64 70 173 221 63 64 0 9 0 0 0 5 3 0 0 2 58 32 0 0 2 5 62 24 3 2 0 3 3 4 0 1 0 5 6 6 3 0 2 0 0 6 4 0 0 0 0 10 2 1 0 0 0 0 0 0 0 0 0 0 0 0 0 0 39 38 0 28 18 21 25 64 1 0 0 14 1 0 37 21 1 15 14 0 0 17 0 0 0 0 9 0 0 0 0 0 0 37 0 0 22 0 0 0 0 1 20 0 0 0 0 0 0 0 4 0 0 0 0 0 0 0 0 8 0 0 0 0 12 6 0 0 0 0 0 0 0 0 0 0 0 0 0 0 0 0 28 19 22 4 25 13 10 16 14 86 0 0 28 20 61 0 3 18 18 9 0 0 0 0 14 12 0 0 0 0 1 4 0 18 18 1 0 0 0 0 0 0 0 0 0 0 0 0 0 0 13 0 0 0 0 0 0 0 0 0 0 0 0 1 0 0 0 0 0 0 0 0 0 1 0 75 52 2 3 12 0 0 0 0 1 0 0 0 0 1 0 27 0 0 0 0 0 0 0 19 0 0 0 0 0 0 0 0 
 3 0 0 0 2 0 0 0 0 0 5 0 0 0 0 0 0 0 0 2 275 46 68 36 266 82 247 41 105 163 0 124 190 350 218 333 217 403 39 164 0 63 0 2 0 0 72 53 3 93 0 0 74 0 1 3 1 0 1 0 3 0 0 3 0 0 0 0 0 0 0 3 3 0 2 0 0 3 5 0 0 0 0 0 1 2 0 0 0 19 0 0 0 0 0 0 0 0 0 0 11 0 18 0 41 53 14 0 7 17 8 13 0 0 14 0 30 10 0 0 19 31 12 18 0 0 3 0 16 0 0 0 1 8 0 0 0 0 10 1 0 9 1 0 0 0 0 0 0 0 0 0 0 0 0 0 0 0 0 0 0 0 0 0 0 0 0 0 0 0 0 0 0 0 0 0 0 0 0 0 10 17 6 32 48 0 2 0 11 46 31 18 0 0 10 24 0 22 0 0 9 8 17 0 0 0 1 10 0 0 0 0 29 12 0 0 0 0 0 66 0 0 0 0 0 0 0 0 0 0 0 0 0 0 0 0 0 0 0 0 0 0 0 0 0 2 0 0 0 0 0 0 0 0 6 2 1 77 1 2 0 0 0 0 0 0 0 0 0 0 0 1 0 0 0 0 0 0 0 0 0 11 0 0 0 0 0 0 0 0 
 0 0 0 0 1 0 0 0 0 0 2 0 0 0 0 0 0 0 0 0 48 46 25 179 35 37 63 23 41 36 124 0 35 92 116 78 84 206 27 259 64 63 64 2 0 0 21 2 3 18 0 0 137 63 1 0 0 2 0 63 3 0 0 3 0 0 0 1 0 0 0 3 3 0 2 0 0 34 0 0 0 0 0 0 0 0 0 0 0 0 0 0 0 0 0 0 0 0 0 0 0 0 0 22 0 9 7 0 0 6 1 12 0 0 0 10 0 13 0 0 0 33 26 0 0 0 11 9 20 13 8 0 9 29 19 42 20 0 11 32 0 0 0 0 0 0 0 0 0 0 0 0 0 0 0 0 0 0 0 0 0 0 0 0 0 0 0 0 0 0 0 0 0 0 0 0 0 0 0 0 0 0 0 0 10 29 0 0 14 0 0 0 0 0 23 16 0 0 0 0 32 1 78 22 0 0 12 22 0 0 0 0 48 0 12 0 17 12 11 1 0 0 0 0 0 0 0 0 0 0 0 0 0 0 0 0 0 0 0 0 0 0 0 0 0 0 0 0 0 0 0 0 0 0 3 0 2 1 0 0 2 0 0 0 0 0 0 0 0 0 0 0 0 0 0 0 0 1 0 0 0 0 0 0 0 0 0 0 0 0 
 0 0 0 0 1 150 0 76 115 0 5 75 0 0 3 0 26 1 0 0 338 211 82 151 151 253 146 76 158 112 190 35 0 122 195 83 25 258 161 138 0 6 64 4 0 0 3 2 7 0 0 2 3 68 0 1 0 0 0 2 3 0 0 3 7 0 0 0 0 2 1 3 9 3 2 4 3 3 1 0 0 0 9 9 0 16 0 12 0 0 0 8 0 0 0 16 8 6 0 0 8 12 11 0 0 0 16 11 0 18 1 26 6 0 0 39 0 18 23 22 0 13 0 0 0 0 0 0 0 0 0 0 0 0 0 0 0 0 13 0 0 0 5 0 0 0 0 0 0 0 15 0 0 0 0 0 0 0 0 1 0 0 0 13 36 13 0 0 0 22 1 27 0 0 0 0 10 0 0 0 13 6 12 0 0 0 17 22 25 53 0 44 16 0 14 34 0 0 0 0 0 0 0 0 0 22 0 0 0 0 0 0 0 0 0 0 0 0 0 0 0 0 0 0 0 0 0 0 0 0 0 0 0 0 0 0 0 0 0 0 0 0 0 0 0 2 0 0 1 0 0 0 0 0 2 33 0 77 1 0 3 12 23 0 0 0 0 0 0 0 1 0 0 0 0 0 0 0 0 0 0 0 0 0 0 0 0 0 0 0 
 0 0 0 0 0 153 0 0 0 0 0 0 0 0 0 0 0 0 0 0 112 121 262 399 191 40 63 142 132 218 350 92 122 0 148 126 148 131 125 379 0 0 0 4 0 0 2 2 3 0 0 0 1 0 1 0 0 0 0 0 2 0 2 3 2 0 0 0 0 3 0 5 3 2 2 1 3 2 2 0 0 0 0 0 0 0 0 0 1 0 0 0 0 0 0 0 0 0 2 0 12 31 18 19 18 23 16 45 10 0 1 0 56 19 23 7 9 10 3 0 19 0 0 0 0 0 7 2 0 0 0 0 2 0 0 0 0 1 10 0 0 0 7 2 0 0 0 0 0 0 4 0 0 0 0 0 0 0 0 1 3 0 0 0 18 21 0 0 0 0 0 0 0 0 0 3 0 2 0 0 0 17 32 28 14 1 13 29 42 30 0 20 0 11 45 2 26 11 1 18 0 0 1 0 0 1 1 0 0 0 0 0 8 0 0 0 0 0 1 0 0 0 0 0 0 0 0 0 0 0 0 0 0 0 0 0 0 0 0 0 0 0 0 0 0 0 0 0 0 0 0 0 0 0 0 0 0 79 0 0 0 20 0 0 0 0 0 0 0 0 0 0 0 0 0 0 0 0 0 0 0 0 0 0 0 0 0 0 0 0 
 0 0 0 0 1 74 0 0 0 0 3 1 0 0 0 0 2 0 0 0 144 155 123 468 159 62 32 233 95 159 218 116 195 148 0 365 110 97 95 155 0 0 0 2 0 0 0 65 67 3 0 0 1 0 0 0 0 0 68 0 2 0 0 3 2 0 0 0 0 0 0 3 3 0 2 0 0 2 0 0 0 0 0 0 0 12 0 2 0 0 0 0 0 0 0 0 0 0 0 0 11 27 0 28 47 0 18 31 15 18 20 23 18 0 27 61 0 10 0 0 2 0 0 0 0 0 16 0 0 0 0 0 0 0 1 0 0 0 20 0 0 1 0 0 2 0 0 0 0 0 0 0 13 0 0 0 0 0 0 0 0 0 0 0 1 0 0 0 0 0 0 0 0 0 0 0 0 0 0 0 4 8 25 27 5 1 20 8 22 27 39 16 0 0 28 41 66 2 1 14 0 0 0 0 0 0 0 0 21 0 0 0 0 1 0 0 0 0 9 17 0 0 0 0 0 2 0 0 0 0 0 9 0 0 0 0 0 0 0 0 0 0 0 0 0 0 0 0 0 0 5 0 0 0 2 0 0 2 80 0 2 0 0 0 0 0 1 0 0 0 0 0 30 0 0 0 1 0 0 13 0 5 0 2 0 0 0 0 0 0 
 4 3 5 3 3 3 3 3 3 211 94 3 3 3 3 3 3 3 5 5 35 82 127 117 133 59 261 267 286 619 333 78 83 126 365 0 71 132 63 153 0 2 0 2 4 0 0 2 7 0 0 0 3 1 0 0 0 0 4 0 41 0 0 3 0 0 0 0 0 0 0 3 14 5 18 0 0 3 0 0 0 0 0 0 0 18 0 0 0 0 0 0 0 0 0 0 0 0 0 0 0 7 0 11 11 0 10 1 0 24 21 37 11 8 25 33 14 21 30 0 0 0 0 0 0 0 2 0 0 1 0 0 0 0 0 0 0 0 18 0 0 6 0 0 0 0 0 0 0 0 0 0 0 0 0 0 0 0 0 0 0 0 0 0 12 13 0 0 0 0 0 0 0 0 0 0 0 0 0 0 19 11 1 24 0 0 16 0 16 14 19 3 0 0 75 47 8 11 12 18 0 0 0 0 0 0 0 0 0 0 0 0 1 0 0 0 0 0 0 26 0 0 0 0 0 0 11 0 0 0 0 0 0 0 0 0 0 2 7 0 0 0 0 0 0 0 0 0 0 0 0 0 0 0 3 0 0 1 1 0 0 2 1 0 0 0 0 0 0 0 0 0 0 0 0 0 0 0 0 19 0 0 0 0 11 0 0 0 0 0 
 0 0 2 0 0 73 0 0 0 0 0 0 0 0 0 0 2 0 6 0 38 146 207 30 112 49 38 127 55 64 217 84 25 148 110 71 0 113 48 109 0 0 0 2 0 0 0 2 3 0 0 0 3 1 0 0 19 1 6 2 5 0 0 3 0 0 0 3 0 0 0 3 6 3 5 0 0 3 0 0 0 0 0 0 0 0 0 0 1 0 0 0 2 0 13 0 0 3 2 0 9 0 33 12 49 59 0 12 13 28 8 10 13 13 0 8 26 7 0 0 19 0 0 0 0 0 11 0 0 0 0 0 0 20 0 0 0 0 12 14 0 6 0 2 0 0 0 0 0 0 0 0 0 7 0 0 0 0 0 0 3 0 0 0 0 0 0 0 0 0 0 0 0 0 0 4 0 1 0 0 9 19 10 23 23 31 1 1 27 10 31 0 0 12 19 13 16 55 0 12 0 0 1 2 0 1 0 0 0 0 0 0 5 2 0 0 1 0 28 18 0 0 0 0 0 0 0 0 0 0 0 0 0 0 0 0 0 0 0 0 0 0 0 0 0 0 0 0 0 0 0 0 0 0 0 0 0 77 0 0 2 0 0 0 0 0 12 0 0 0 0 0 0 0 0 0 0 0 0 0 0 0 0 0 0 20 7 0 0 0 
 1 0 0 0 0 0 0 4 2 2 4 4 0 0 0 0 0 0 3 2 75 41 135 227 148 137 42 188 175 70 403 206 258 131 97 132 113 0 243 90 0 0 1 2 0 0 1 2 12 0 1 0 51 1 0 1 0 0 1 1 3 0 0 3 0 0 0 3 0 0 0 3 3 0 2 0 0 3 0 0 0 0 0 0 0 0 0 0 0 0 0 25 0 0 0 0 0 0 0 0 0 12 28 12 60 21 0 22 9 0 19 1 0 0 25 19 18 0 0 0 6 12 0 0 0 0 18 10 0 1 0 0 15 20 7 12 0 0 23 12 0 0 0 0 0 0 0 0 0 0 0 0 0 0 0 0 0 0 0 0 0 0 0 0 0 0 0 0 0 0 0 0 0 0 0 0 0 0 0 0 3 8 54 27 18 10 19 9 13 35 12 14 1 0 9 0 18 23 0 0 0 0 0 0 0 0 0 0 0 0 0 0 10 0 13 0 0 0 2 11 0 0 0 0 0 0 2 0 0 0 0 0 0 0 0 0 0 2 0 6 0 0 0 0 0 0 0 0 0 0 0 0 0 0 2 3 0 3 79 3 15 0 0 0 0 0 0 0 0 0 0 0 2 0 0 0 0 0 0 0 0 13 0 0 0 12 0 0 0 0 
 0 0 0 0 0 62 0 75 44 78 0 0 0 77 0 2 0 0 0 2 271 224 25 102 85 48 57 111 203 173 39 27 161 125 95 63 48 243 0 207 0 0 0 3 0 2 5 2 3 0 0 0 2 0 0 2 0 0 0 3 2 0 0 3 1 0 0 0 0 0 0 3 3 5 2 1 11 2 0 0 0 3 8 2 5 26 0 1 0 14 0 1 0 0 0 0 0 25 0 0 0 31 1 8 1 0 12 2 0 2 20 1 10 71 9 8 13 5 71 8 0 8 0 0 0 0 0 0 0 0 0 0 0 0 0 0 0 2 0 0 0 6 3 0 0 0 0 0 0 0 1 0 0 0 0 0 0 0 0 12 3 0 0 0 12 25 14 0 0 0 0 12 0 1 0 1 0 0 0 0 14 18 0 0 10 0 9 18 14 0 0 0 21 7 19 1 8 28 24 41 0 0 0 0 0 0 0 0 0 0 0 0 0 0 0 0 0 0 0 0 0 0 0 0 0 0 0 13 0 0 0 1 0 0 0 0 0 0 0 0 0 0 0 0 0 0 0 0 0 75 0 0 0 0 0 0 0 44 0 0 2 13 7 0 0 0 0 0 0 0 0 0 0 0 0 0 0 0 0 19 0 0 0 0 2 0 0 0 0 0 
 0 0 0 78 0 81 0 73 1 0 64 74 0 0 0 0 3 37 0 1 326 138 67 229 105 64 233 126 82 221 164 259 138 379 155 153 109 90 207 0 0 6 0 4 0 3 7 2 7 0 0 0 2 0 0 0 0 0 0 0 5 0 0 9 1 1 0 0 0 0 7 3 3 0 5 0 0 2 0 0 0 0 0 0 23 0 0 0 0 0 1 0 0 0 0 0 0 13 0 0 14 47 3 21 0 1 10 52 1 1 2 9 17 19 10 12 0 11 80 0 0 0 0 0 0 0 0 0 0 0 0 0 0 0 0 2 0 0 0 0 0 0 7 0 0 0 0 0 2 6 3 0 0 0 0 1 1 0 0 17 5 0 0 23 25 20 10 0 0 0 2 2 0 0 0 4 0 0 0 0 10 3 52 58 0 0 30 32 32 30 1 25 0 15 11 0 16 0 9 28 0 0 0 0 0 0 0 0 0 0 0 0 6 0 0 0 0 0 0 0 0 0 0 5 0 0 0 0 0 0 0 0 0 0 0 0 0 0 0 1 0 0 0 0 0 0 73 0 0 0 0 0 0 0 3 2 3 10 0 7 0 12 66 0 0 0 1 0 0 0 0 0 0 11 0 0 0 0 0 0 0 0 0 0 0 0 0 0 0 0 
 0 0 0 0 0 0 0 0 0 61 0 0 0 0 3 0 0 0 0 0 0 0 0 0 32 0 0 0 0 63 0 64 0 0 0 0 0 0 0 0 0 163 98 281 59 40 334 265 28 30 235 48 129 622 103 43 41 45 107 184 0 0 51 0 0 0 7 0 0 0 0 0 0 0 0 0 0 7 3 0 0 0 0 0 0 0 0 0 0 0 0 0 0 0 0 0 0 0 0 0 0 0 0 6 0 19 0 0 0 0 0 0 0 0 0 0 0 0 0 0 5 18 29 9 4 4 9 7 0 0 0 3 10 0 10 0 33 10 0 0 0 0 0 0 0 0 6 0 1 2 0 0 0 0 0 0 4 0 0 0 0 0 0 0 0 0 0 0 0 0 0 0 0 0 0 0 0 0 0 0 0 0 0 0 0 10 0 0 0 4 0 0 0 0 0 0 0 0 0 0 7 9 0 1 10 10 0 11 46 0 19 1 0 45 0 28 18 0 0 0 3 0 1 0 0 0 1 11 0 12 0 0 10 11 0 0 0 0 0 12 0 0 0 0 0 0 0 0 1 0 0 2 0 0 0 0 0 0 0 0 0 0 2 0 2 2 1 0 0 0 0 0 0 0 0 0 0 0 0 0 0 0 0 0 1 0 0 0 2 0 
 2 1 1 10 4 1 1 2 1 1 7 7 1 2 1 2 1 1 65 1 0 0 0 0 64 0 6 0 0 64 63 63 6 0 0 2 0 0 0 6 163 0 143 183 247 33 66 208 152 44 65 39 49 341 123 311 109 39 32 252 0 0 0 0 51 0 0 0 0 0 0 5 24 0 0 0 0 0 23 0 0 0 0 0 8 0 0 0 0 0 0 0 11 0 0 0 0 0 41 0 0 0 0 0 0 7 0 0 0 1 0 0 8 0 0 0 0 0 5 0 11 18 0 0 0 0 0 0 7 21 25 1 0 10 0 19 0 16 0 45 11 0 0 0 0 0 10 14 0 0 0 0 0 0 1 0 0 0 0 10 0 0 0 11 4 6 0 0 0 0 0 0 0 0 0 0 0 0 12 8 0 0 0 0 58 19 4 6 2 0 0 10 0 0 0 0 0 0 0 0 8 24 13 24 0 20 0 30 0 2 14 24 0 16 16 0 0 0 0 0 0 0 0 0 0 0 0 1 0 0 0 0 0 14 0 0 16 0 7 0 0 0 0 0 0 0 7 0 0 1 0 2 0 0 0 0 0 0 0 0 0 0 0 0 64 2 0 0 0 0 0 0 0 0 0 0 0 0 0 0 0 0 0 0 0 12 0 0 2 0 
 0 0 0 0 0 0 0 0 0 0 6 0 0 0 0 0 0 0 0 0 0 0 0 0 0 64 0 0 3 0 0 64 64 0 0 0 0 1 0 0 98 143 0 119 47 509 190 111 147 136 69 130 80 109 124 105 544 243 39 61 0 0 0 0 55 0 23 0 0 0 0 0 97 3 1 1 0 0 62 50 0 0 0 0 0 0 0 0 9 0 0 0 0 0 0 0 0 0 0 0 0 0 21 0 0 0 0 12 0 0 0 0 0 0 0 0 0 0 0 0 10 0 0 0 15 22 0 0 20 19 9 17 26 0 10 1 10 55 3 21 6 0 4 10 0 0 24 23 2 0 0 4 4 5 62 5 0 2 4 21 0 3 0 0 0 0 0 0 0 0 0 0 6 0 0 0 0 3 0 0 0 0 0 0 0 0 0 0 0 0 0 0 0 0 0 10 0 0 0 0 10 20 26 31 7 57 36 17 0 30 2 20 8 0 0 9 4 1 0 0 0 25 17 0 0 0 22 22 0 0 0 0 9 14 6 0 14 7 0 2 0 0 1 0 0 1 0 0 0 0 0 6 0 2 63 0 0 0 0 2 0 0 64 0 3 2 1 0 0 0 10 0 0 0 0 0 0 0 0 0 0 0 0 0 0 0 0 0 0 0 
 0 0 0 59 0 1 0 0 47 44 3 0 0 0 0 49 0 24 0 0 3 3 2 2 2 64 2 2 2 9 2 2 4 4 2 2 2 2 3 4 281 183 119 0 107 43 94 121 150 188 56 70 296 105 70 337 275 111 292 80 0 0 0 0 0 0 0 0 0 0 0 0 50 0 0 0 0 0 50 0 0 0 18 0 0 27 0 0 0 0 7 0 0 0 0 0 0 0 0 0 0 0 9 0 0 0 0 0 0 0 0 0 0 3 1 0 0 0 0 15 0 0 1 26 0 0 6 16 11 28 22 14 13 14 32 0 6 24 0 7 2 0 0 0 0 2 0 17 0 0 0 0 0 13 0 0 0 0 8 0 0 0 0 0 0 0 0 0 0 0 0 0 0 0 0 0 0 0 0 0 0 0 0 0 0 0 0 0 0 21 0 0 15 0 0 0 0 0 15 0 0 25 10 3 0 23 23 11 32 67 10 27 0 15 25 29 1 0 0 0 0 0 0 0 3 0 0 0 0 0 0 0 0 42 0 0 3 0 6 0 0 0 2 0 0 0 1 0 0 0 0 6 0 0 0 0 0 1 0 7 0 0 0 63 9 2 2 0 0 0 0 0 0 0 0 0 0 0 0 0 0 0 0 0 5 15 0 0 0 0 
 0 0 2 0 0 0 0 0 0 0 5 0 0 0 0 0 0 0 2 0 0 0 0 0 0 0 0 0 0 0 0 0 0 0 0 4 0 0 0 0 59 247 47 107 0 173 258 71 314 92 328 76 156 91 309 210 39 264 57 66 1 51 26 0 0 2 1 103 0 1 0 2 17 113 2 63 69 51 2 84 0 0 0 0 0 0 0 0 0 0 0 0 0 0 0 0 0 0 0 0 0 0 0 0 0 0 0 0 0 0 0 0 0 0 0 0 0 0 0 0 0 0 0 0 9 41 0 0 0 0 11 0 0 0 0 0 0 0 0 0 13 18 0 7 2 0 0 0 3 0 0 0 10 0 0 26 0 0 0 28 0 0 0 0 0 0 0 0 0 0 0 1 0 1 0 0 0 0 0 0 0 0 0 0 0 0 0 0 0 0 0 15 0 0 0 0 0 0 0 0 0 0 0 0 16 11 0 0 0 0 0 0 0 0 0 0 7 8 0 0 10 10 7 23 1 0 12 0 16 13 0 0 11 11 10 7 15 0 34 17 0 0 0 0 0 0 0 0 0 0 0 12 0 0 0 0 0 0 0 3 0 0 6 0 2 2 2 64 3 0 0 0 1 0 0 0 0 0 0 0 0 0 0 0 0 0 0 0 1 0 
 3 3 3 3 3 3 3 3 3 3 7 3 3 3 3 3 7 3 3 3 0 0 0 0 0 0 0 0 3 0 0 0 0 0 0 0 0 0 2 3 40 33 509 43 173 0 50 319 40 74 394 123 29 50 62 88 103 122 39 58 6 1 53 0 3 0 76 74 0 0 0 0 64 104 5 0 50 58 57 147 0 0 0 0 0 0 0 0 0 0 0 0 0 0 0 0 0 0 0 0 0 0 0 0 0 0 0 0 0 0 0 0 0 0 0 0 0 0 0 0 0 1 0 10 17 40 0 6 0 0 11 17 0 7 0 0 0 0 0 0 0 18 7 6 2 21 4 14 28 0 8 0 11 8 0 8 7 17 23 9 0 0 0 0 0 0 0 0 0 0 0 0 3 0 0 0 0 1 0 0 0 0 0 0 0 0 0 0 0 4 0 0 0 0 0 0 0 0 0 0 0 0 0 0 2 5 0 0 0 0 6 0 0 0 0 0 0 1 0 0 13 15 14 5 19 0 0 0 21 33 0 0 0 0 19 5 10 0 28 45 0 0 0 0 0 0 0 0 0 0 0 9 0 0 0 0 0 0 0 2 0 14 1 0 0 6 1 0 0 0 5 0 0 0 0 0 0 0 0 0 0 0 0 0 0 0 0 0 1 0 
 2 0 2 0 30 0 0 0 0 0 5 0 0 0 0 0 8 0 0 2 0 7 0 0 0 0 0 0 0 0 72 21 3 2 0 0 0 1 5 7 334 66 190 94 258 50 0 181 36 176 50 320 191 415 45 24 141 100 56 122 0 0 0 0 0 0 0 0 0 0 0 0 0 0 0 0 0 0 0 0 0 0 0 0 0 0 0 0 0 0 0 0 0 0 0 0 0 0 0 0 0 0 0 0 0 0 0 0 0 0 0 0 0 0 0 0 1 0 0 3 14 25 25 29 0 0 0 16 35 2 16 0 9 1 9 23 22 27 0 11 7 0 0 0 0 0 1 0 0 0 0 6 5 0 0 0 0 0 7 0 0 0 0 0 0 0 0 0 0 5 0 0 0 0 0 0 0 0 0 0 0 0 0 0 0 0 0 0 0 0 0 0 0 0 0 0 0 0 0 0 15 7 61 28 1 0 2 0 10 6 0 1 27 0 16 13 41 11 0 0 0 0 0 0 0 0 0 0 0 0 0 0 9 0 0 0 0 6 11 0 0 0 0 0 0 0 0 0 0 0 0 8 0 0 0 0 0 0 0 10 0 0 64 65 3 21 2 0 0 0 9 0 0 10 0 0 0 0 0 0 0 0 0 0 10 0 0 0 0 7 
 2 2 2 2 2 2 2 2 2 2 4 2 2 2 2 69 2 2 2 2 2 2 2 2 2 2 2 2 3 5 53 2 2 2 65 2 2 2 2 2 265 208 111 121 71 319 181 0 429 400 109 361 99 254 374 98 55 127 47 51 0 0 17 0 0 0 6 0 0 9 0 0 50 0 0 0 0 10 50 0 0 0 0 0 0 0 0 0 0 0 0 0 0 0 0 0 0 0 0 0 0 0 0 0 0 0 0 0 0 0 0 0 0 0 0 0 0 0 0 0 1 1 27 39 23 1 0 23 3 15 17 22 0 0 19 14 20 26 0 0 8 0 0 0 0 0 0 41 0 4 0 0 11 0 0 0 3 0 22 0 0 3 0 0 31 0 0 0 0 7 0 0 0 0 0 0 0 1 0 0 0 0 0 0 0 0 0 0 0 0 0 0 0 0 0 0 0 0 0 0 0 37 2 11 10 15 0 25 35 16 34 18 41 18 42 6 12 21 0 1 10 0 0 0 2 0 0 0 0 0 0 0 0 1 39 0 3 3 26 15 0 0 0 0 0 0 0 0 0 0 0 10 0 0 0 0 0 0 0 11 0 0 2 2 43 26 2 0 0 0 0 0 0 0 0 0 0 22 0 0 0 0 2 0 4 0 0 0 0 0 
 0 0 0 5 0 0 0 0 0 0 13 8 0 0 0 0 0 0 2 0 3 3 3 3 3 3 6 3 3 3 3 3 7 3 67 7 3 12 3 7 28 152 147 150 314 40 36 429 0 284 106 22 153 345 107 78 257 130 72 162 0 0 0 0 17 0 4 0 0 0 0 0 52 0 18 0 0 40 52 0 0 0 0 0 6 1 0 0 0 0 0 0 0 0 0 0 0 0 0 0 0 0 0 0 0 0 0 0 0 3 0 0 4 0 0 0 0 0 5 0 1 0 0 0 4 0 0 7 0 54 0 7 0 0 0 0 12 19 0 19 0 0 0 0 0 0 11 11 0 0 0 0 0 0 10 0 0 0 0 11 0 0 0 6 10 4 0 0 0 0 0 0 0 0 0 0 0 0 0 0 15 0 5 4 0 0 17 8 0 0 0 0 0 0 0 0 0 0 0 0 0 0 0 0 0 13 27 10 31 6 26 22 0 0 0 31 9 0 0 0 0 0 0 0 0 0 29 11 0 0 0 0 5 28 0 0 6 0 0 11 0 0 0 0 0 0 4 0 0 0 0 4 0 2 0 0 0 0 0 4 0 0 1 1 1 0 0 0 0 0 0 0 2 0 0 0 0 0 0 0 0 0 0 0 10 0 0 0 0 0 
 0 0 2 0 0 0 0 0 0 0 4 0 0 0 0 0 0 0 0 0 0 0 0 0 0 0 0 3 0 0 93 18 0 0 3 0 0 0 0 0 30 44 136 188 92 74 176 400 284 0 102 39 161 226 449 290 99 325 57 248 1 0 105 0 0 0 0 0 0 2 0 0 8 0 0 0 0 0 0 0 0 0 0 0 0 0 0 0 0 0 0 0 0 0 0 0 0 0 0 0 0 0 0 0 8 0 0 0 0 0 0 0 0 0 0 0 0 0 0 0 13 22 24 14 0 0 0 17 43 7 0 9 2 0 3 36 30 14 0 15 0 0 1 6 0 0 0 32 0 5 2 2 32 0 0 0 55 0 1 1 0 4 21 0 0 0 0 0 0 8 0 0 0 0 0 0 0 0 0 0 0 0 0 0 0 0 22 19 0 0 0 0 0 0 0 0 20 1 0 0 26 49 17 14 7 0 1 0 0 2 22 14 22 25 8 7 19 51 0 0 0 0 0 0 0 0 0 0 0 22 0 0 7 7 7 0 5 10 8 4 0 0 0 0 0 0 0 0 0 0 0 4 0 0 15 0 0 0 0 13 0 0 63 1 1 21 4 1 0 0 15 0 0 0 0 0 0 0 0 0 0 0 0 0 9 15 0 1 2 0 
 0 0 0 0 0 0 0 0 0 7 0 3 0 0 0 0 0 0 0 0 0 0 0 6 0 0 0 1 0 0 0 0 0 0 0 0 0 1 0 0 235 65 69 56 328 394 50 109 106 102 0 194 244 42 73 71 80 348 26 74 46 53 8 0 0 0 0 3 0 0 0 208 0 0 31 1 0 15 46 0 0 0 0 0 0 0 0 0 0 0 0 0 0 0 0 0 0 0 0 0 0 0 0 6 0 6 0 0 0 0 0 0 0 0 0 2 0 0 0 0 3 0 0 15 9 34 0 7 0 6 5 40 2 0 0 0 0 0 0 0 0 0 0 7 0 0 0 0 0 0 0 0 10 2 13 0 0 12 13 0 0 0 0 0 0 0 0 0 0 0 0 6 6 4 0 0 0 0 0 0 0 0 0 0 0 0 0 0 0 0 0 0 0 0 0 0 0 0 0 0 0 0 0 0 18 0 0 0 18 0 13 0 0 15 0 0 1 1 9 0 13 0 0 0 0 0 13 12 1 0 0 0 0 4 6 0 0 0 0 24 0 0 6 0 0 0 0 0 0 0 0 5 0 0 0 0 0 0 0 0 0 17 0 0 4 7 0 0 0 0 0 0 0 0 0 0 0 0 0 0 0 0 0 0 8 0 0 0 2 0 
 3 4 5 3 3 3 3 3 3 3 3 3 12 3 3 3 3 3 3 3 0 3 0 0 0 0 0 3 0 2 0 0 2 0 0 0 0 0 0 0 48 39 130 70 76 123 320 361 22 39 194 0 21 37 178 227 69 136 33 30 51 0 262 0 0 0 83 1 0 0 0 0 52 47 0 0 0 4 52 0 0 0 0 0 0 0 0 0 0 0 0 0 0 0 0 0 0 0 0 0 0 0 0 0 0 10 0 0 0 0 0 0 0 0 0 0 0 0 0 0 14 11 0 14 13 25 0 16 11 0 0 0 0 0 0 10 20 34 0 0 0 0 0 0 0 0 18 3 0 7 0 3 9 0 0 0 10 0 0 0 0 0 0 0 0 0 0 0 0 0 0 18 7 0 0 0 0 0 0 0 0 0 0 0 0 0 0 0 0 0 0 0 0 0 0 0 0 0 0 0 14 11 13 0 6 30 0 14 0 0 1 13 0 33 7 20 16 27 0 0 0 22 0 0 0 0 0 0 0 0 0 0 7 10 0 0 0 7 0 23 0 0 0 0 0 0 0 0 0 0 0 3 0 0 0 0 0 0 0 1 0 12 63 4 0 1 2 0 6 4 8 0 0 0 0 0 0 0 0 0 0 0 0 0 11 1 0 0 1 0 
 0 0 0 0 63 0 2 0 0 0 5 0 0 0 0 0 0 0 1 0 2 3 65 65 6 26 1 2 4 58 74 137 3 1 1 3 3 51 2 2 129 49 80 296 156 29 191 99 153 161 244 21 0 127 36 39 93 46 122 104 0 0 0 0 0 0 0 0 0 0 44 0 0 0 3 0 0 0 6 0 0 0 0 0 0 0 0 0 0 0 0 0 0 0 0 0 0 0 0 0 0 0 50 10 0 0 0 0 0 0 0 0 0 0 0 0 0 0 0 0 1 18 7 24 0 5 0 10 17 0 6 5 0 8 8 12 14 7 0 31 0 0 0 0 0 0 6 0 0 0 0 0 0 0 3 0 0 0 6 0 0 0 0 0 0 0 0 0 0 0 0 0 0 0 0 0 0 0 2 0 0 0 0 0 8 1 0 0 0 0 0 0 0 0 0 0 0 0 0 0 19 0 25 22 13 0 28 0 0 0 0 9 7 0 23 23 7 1 0 46 7 1 0 0 0 0 5 4 0 0 2 0 3 0 0 0 0 0 0 0 0 0 1 0 0 0 0 0 0 0 0 12 0 0 0 0 0 0 0 0 0 0 2 64 0 1 0 0 0 0 0 0 0 0 0 0 0 0 0 0 0 11 0 0 0 0 0 0 2 0 
 0 0 0 0 1 0 0 0 0 0 0 0 0 0 0 0 0 0 0 0 0 0 63 0 22 122 0 0 0 32 0 63 68 0 0 1 1 1 0 0 622 341 109 105 91 50 415 254 345 226 42 37 127 0 175 103 303 102 142 223 0 0 52 0 0 0 6 0 0 0 0 5 0 0 0 0 0 2 5 58 0 0 8 0 0 0 0 0 0 0 0 0 0 0 8 0 0 0 0 0 0 0 0 15 0 10 0 0 0 0 0 0 0 0 0 0 0 0 0 0 28 14 0 1 0 5 0 0 10 0 0 7 16 0 10 22 31 14 0 6 0 0 0 0 0 9 1 15 0 5 0 2 0 0 7 0 7 0 0 0 0 21 0 0 0 0 0 0 0 0 0 0 0 0 0 0 0 0 0 0 0 0 0 0 0 1 0 0 0 3 0 0 0 0 0 0 0 0 0 0 41 24 23 19 28 0 33 0 14 0 1 14 1 9 0 0 9 22 7 0 5 3 0 0 0 0 5 4 0 0 0 0 6 0 0 0 0 9 0 0 0 0 0 0 0 0 0 0 62 0 0 9 0 0 0 0 0 0 0 0 0 0 127 0 0 0 2 0 0 0 10 0 0 0 0 0 0 0 0 0 0 0 0 0 0 0 0 0 2 0 
 0 0 0 0 0 0 0 0 0 0 0 0 0 0 0 0 0 0 0 0 0 0 0 0 0 126 0 0 0 0 1 1 0 1 0 0 0 0 0 0 103 123 124 70 309 62 45 374 107 449 73 178 36 175 0 341 148 174 76 351 0 0 0 0 0 0 6 0 0 0 0 0 0 63 0 0 0 0 0 53 0 0 0 0 0 0 9 0 0 0 0 0 0 0 0 0 0 0 0 0 0 0 0 0 0 0 0 0 0 0 0 6 0 0 0 0 0 0 19 0 15 0 0 6 0 0 5 0 22 3 8 15 18 15 21 18 25 24 0 10 0 0 0 0 0 0 0 9 0 0 0 7 2 0 0 0 0 16 0 9 0 6 0 0 0 0 0 0 0 3 0 0 0 0 3 0 0 15 0 0 0 8 0 0 0 1 0 0 0 0 0 0 0 0 0 0 0 0 0 0 15 56 14 22 1 0 21 9 16 30 22 14 8 22 22 18 20 19 0 0 0 0 16 0 0 25 0 0 3 5 0 7 0 5 15 0 4 6 0 4 0 0 2 0 0 0 0 0 0 0 0 16 0 0 0 0 0 1 0 7 0 0 64 0 0 15 0 0 2 0 9 0 0 0 0 0 0 0 0 0 0 0 0 0 0 25 0 18 0 0 
 0 0 0 0 0 0 0 0 0 0 0 0 0 0 0 0 0 0 0 0 0 0 0 0 0 70 0 0 3 0 3 0 1 0 0 0 0 1 2 0 43 311 105 337 210 88 24 98 78 290 71 227 39 103 341 0 100 235 326 176 0 1 51 0 0 0 53 0 1 0 0 1 11 0 0 0 1 1 0 55 0 0 0 0 0 0 0 0 0 0 0 0 0 0 0 0 0 0 0 0 0 0 0 0 0 0 0 0 0 0 0 0 0 0 0 0 0 0 0 0 10 0 9 11 9 11 19 1 11 9 0 9 0 6 10 0 22 22 0 7 0 0 0 0 1 0 3 17 0 10 0 0 1 0 0 0 3 0 0 9 0 0 0 0 0 0 0 0 0 0 0 0 4 0 0 1 0 1 0 0 0 0 0 0 0 0 0 0 0 0 0 0 0 0 0 0 0 0 0 0 19 13 0 10 7 9 3 16 5 5 0 17 0 34 30 20 18 7 7 0 0 5 10 0 5 8 0 0 4 10 3 5 0 11 3 0 0 11 0 9 0 0 9 0 0 1 0 0 0 0 0 0 0 0 0 0 0 0 0 1 0 0 62 0 0 0 2 0 0 0 14 0 0 0 0 1 0 0 0 0 0 0 0 0 0 18 0 25 0 0 
 0 0 0 0 0 0 0 0 0 0 2 0 0 0 0 0 0 0 0 0 0 0 0 0 0 25 0 0 3 2 1 0 0 0 0 0 19 0 0 0 41 109 544 275 39 103 141 55 257 99 80 69 93 303 148 100 0 133 87 120 4 2 0 0 0 0 0 0 0 49 0 0 61 0 3 0 0 0 50 0 0 0 0 0 0 0 0 0 0 0 0 0 0 0 0 0 0 0 0 0 0 4 0 0 0 0 0 0 0 0 0 0 0 0 0 0 0 0 0 0 9 0 22 23 0 0 7 16 44 33 44 0 21 0 4 7 28 44 0 38 8 4 0 4 0 0 0 13 0 0 5 3 1 7 0 0 9 9 2 0 0 0 2 0 5 0 0 0 0 1 0 0 0 0 0 0 0 0 0 0 0 0 0 0 0 1 0 0 0 0 0 0 0 0 0 0 0 0 0 0 19 60 24 36 0 9 51 9 9 10 0 18 11 0 7 26 31 1 0 0 0 0 0 2 0 0 0 0 0 6 0 0 0 33 0 0 4 7 31 3 0 0 10 0 0 0 0 0 0 0 0 15 0 0 0 0 0 0 0 11 0 0 61 33 39 1 1 0 0 0 20 0 0 0 0 0 0 0 0 0 0 0 0 0 0 15 0 0 2 0 
 0 0 0 0 0 0 0 0 0 0 2 0 2 0 0 0 0 0 2 0 2 3 0 0 0 0 0 2 0 5 0 2 0 0 0 0 1 0 0 0 45 39 243 111 264 122 100 127 130 325 348 136 46 102 174 235 133 0 43 53 3 0 0 0 61 0 55 0 0 0 0 2 54 2 57 0 0 15 1 25 0 0 0 0 0 0 0 0 0 0 0 0 0 0 0 0 0 0 0 0 0 0 0 0 0 0 0 0 0 0 0 0 0 0 0 0 0 0 0 0 9 0 0 0 7 0 0 8 1 0 0 34 8 0 0 14 30 17 0 0 0 0 0 0 0 0 28 22 0 5 0 4 15 0 12 0 3 13 7 29 0 3 0 0 0 0 0 0 0 9 0 0 0 0 0 17 0 3 0 0 0 0 0 0 0 0 0 0 0 0 0 0 0 21 0 0 0 0 0 0 14 10 0 0 7 9 30 11 0 0 25 22 23 0 0 25 21 23 0 0 1 9 10 0 0 0 6 42 0 0 0 0 0 21 7 0 10 11 1 29 0 0 0 0 0 0 0 0 0 0 0 7 0 0 0 0 0 0 0 11 0 0 5 0 4 28 3 0 0 0 12 1 0 0 0 0 0 0 0 0 0 0 0 0 0 15 0 0 2 0 
 55 77 1 1 2 0 62 1 1 1 1 1 0 0 2 2 63 2 0 0 1 7 88 1 0 127 3 20 63 62 1 0 0 0 68 4 6 1 0 0 107 32 39 292 57 39 56 47 72 57 26 33 122 142 76 326 87 43 0 464 0 0 74 0 0 0 0 0 0 1 0 0 0 0 0 0 0 0 0 1 9 0 0 0 0 0 0 0 0 0 0 0 18 0 11 0 0 0 0 11 3 0 1 9 11 11 0 0 59 12 16 16 0 0 0 16 16 0 0 1 1 1 0 0 0 0 30 0 0 5 0 0 13 25 21 0 0 0 38 0 0 0 0 0 25 0 0 0 0 0 0 0 0 0 0 0 0 0 0 0 0 0 0 0 0 0 0 0 0 0 0 0 0 0 0 0 0 0 0 0 8 9 0 51 1 0 0 0 0 17 18 15 0 0 0 14 0 19 0 0 0 18 0 3 0 0 59 5 15 21 0 13 28 13 16 0 2 0 6 33 0 0 0 0 0 0 0 0 0 10 0 0 0 1 0 0 0 0 0 0 0 0 2 0 0 0 0 0 0 1 0 16 0 1 0 0 0 0 0 1 0 0 0 0 0 1 0 0 0 0 0 0 0 0 0 0 0 0 0 0 0 0 0 0 0 28 0 0 0 0 
 0 0 0 0 0 0 0 3 3 0 0 0 47 0 0 0 0 0 0 0 0 0 131 66 63 117 0 63 135 24 0 63 2 0 0 0 2 1 3 0 184 252 61 80 66 58 122 51 162 248 74 30 104 223 351 176 120 53 464 0 10 0 0 0 0 0 0 0 0 0 0 0 31 0 0 0 0 0 0 1 0 0 0 0 0 0 0 0 0 0 0 0 0 0 0 0 0 0 0 0 6 0 0 27 0 15 0 2 4 0 6 19 0 0 0 17 0 0 0 0 16 0 0 0 0 0 17 0 14 0 0 0 15 1 22 5 22 0 11 24 0 5 34 8 0 0 0 5 0 0 51 0 0 0 0 0 18 1 3 0 0 0 0 0 0 0 0 0 0 0 0 0 0 0 0 0 0 0 0 0 0 11 0 11 0 0 0 0 10 0 5 16 0 0 0 0 0 0 0 0 25 21 14 0 0 0 27 3 8 0 0 10 0 0 0 1 6 0 6 0 0 0 0 4 0 0 0 0 0 18 0 0 0 9 0 0 7 0 0 5 0 0 1 0 0 0 0 0 0 0 0 14 0 2 0 0 0 0 0 2 0 0 0 1 0 5 2 0 3 0 8 0 0 0 0 0 0 0 0 0 0 17 0 0 0 0 0 0 0 0 
 3 3 9 3 3 3 3 3 3 3 6 3 3 3 3 3 3 3 6 3 2 3 3 3 3 3 2 3 2 3 3 3 3 2 2 41 5 3 2 5 0 0 0 0 1 6 0 0 0 1 46 51 0 0 0 0 4 3 0 10 0 451 76 264 265 46 87 163 119 43 55 37 138 269 124 302 256 22 48 64 0 0 0 0 0 0 0 0 0 0 0 0 0 0 0 0 0 0 0 0 0 0 0 0 0 0 1 0 0 0 0 0 0 0 0 0 8 0 0 0 0 0 0 0 11 42 0 0 0 0 0 0 0 0 0 0 0 0 0 19 6 14 35 35 10 0 0 25 56 6 9 37 0 14 7 0 40 23 17 0 0 7 0 0 0 0 0 0 0 0 0 2 2 6 7 0 0 0 0 0 0 0 0 0 0 0 0 0 0 0 0 0 0 0 0 0 0 0 0 0 0 0 0 0 9 0 0 0 0 0 0 0 13 0 0 0 0 0 0 0 0 0 19 50 1 0 11 9 10 0 22 0 0 0 16 0 5 5 22 1 1 0 0 0 0 0 0 0 0 0 0 0 0 1 22 0 0 0 0 0 0 0 1 0 0 0 0 0 0 0 34 0 0 0 2 0 0 0 0 0 0 0 0 0 20 0 0 0 0 0 
