 0 91 80 58 41 236 119 48 123 56 139 25 346 47 137 676 115 136 131 52 0 1 0 0 2 0 0 0 0 4 2 0 0 0 4 0 0 3 1 0 2 0 2 0 0 0 0 2 3 30 0 0 0 3 0 0 18 0 0 0 0 0 0 3 5 0 2 0 0 4 0 2 0 0 0 0 0 0 0 0 1 25 18 0 0 0 22 22 47 0 14 0 84 16 0 8 15 0 0 43 0 0 0 0 0 0 0 0 0 0 0 0 0 4 0 0 0 0 0 0 0 0 0 14 0 0 0 0 0 0 0 0 0 0 0 0 0 0 0 0 0 0 0 0 0 0 0 0 0 0 0 0 0 0 0 0 0 0 0 0 19 65 7 0 0 0 5 35 44 0 19 0 2 25 10 19 8 21 10 31 0 0 0 0 0 0 0 0 0 0 0 0 0 0 0 0 0 0 0 0 0 0 0 0 0 0 0 0 0 0 0 0 0 0 0 0 0 0 0 0 0 18 0 0 0 0 0 0 0 0 0 0 0 0 0 0 0 0 0 0 0 0 0 0 0 3 0 2 0 0 0 13 0 0 0 0 0 0 0 0 0 0 0 0 0 0 0 0 0 0 0 0 0 0 0 0 0 0 0 0 0 0 0 0 0 0 0 0 0 0 
 91 0 96 66 102 55 115 270 283 175 224 62 148 136 226 344 350 141 217 301 20 3 3 3 0 0 0 0 6 4 2 6 0 0 7 3 0 1 0 1 3 1 0 9 4 0 0 2 3 2 3 0 0 3 5 0 7 0 0 4 0 0 0 3 5 3 3 0 0 0 0 4 0 4 0 0 0 2 2 0 29 31 10 37 25 38 8 0 24 5 0 10 4 13 9 18 12 34 12 0 19 1 0 0 0 0 18 0 22 0 2 0 0 19 24 0 0 0 20 0 0 0 2 0 0 0 0 0 0 0 0 0 0 0 0 0 0 0 4 2 0 0 0 1 0 0 0 0 0 0 13 0 0 1 0 0 0 0 0 0 12 0 0 15 18 0 0 5 0 30 0 0 56 23 16 14 19 0 0 8 0 0 0 0 0 0 1 0 0 0 0 0 0 0 0 0 0 0 0 0 0 0 0 0 0 0 0 0 0 0 0 0 0 0 9 0 0 0 0 0 0 8 0 0 0 0 0 0 0 0 0 0 0 0 0 0 0 4 0 0 0 1 0 0 0 2 1 0 2 59 0 19 0 0 0 0 0 0 0 0 2 0 0 0 0 2 0 0 0 0 0 0 0 0 0 14 0 0 0 0 0 0 0 0 0 0 0 0 0 0 
 80 96 0 112 175 37 195 105 277 172 144 203 239 137 108 86 229 350 144 140 0 1 0 0 2 3 0 0 0 5 5 5 3 1 6 0 0 3 2 1 2 3 3 2 5 3 1 2 9 2 3 2 3 6 0 5 54 0 3 3 0 8 2 3 5 0 2 3 0 4 0 3 7 0 0 3 1 3 0 0 15 0 21 41 20 47 0 30 24 21 39 8 10 15 14 19 5 46 15 0 0 30 0 0 0 0 31 11 1 20 0 0 0 0 13 0 0 0 1 18 0 0 0 14 0 0 0 0 0 0 0 0 0 0 0 0 0 0 4 0 0 0 0 0 0 15 0 0 0 0 0 0 0 0 0 0 0 0 0 0 21 31 18 0 3 65 0 20 29 11 15 0 0 24 15 0 40 49 19 0 0 0 0 0 0 0 13 0 0 0 35 0 0 0 0 0 0 0 0 0 0 0 10 0 0 17 0 0 0 27 0 0 0 0 0 0 0 0 0 0 0 0 0 0 0 0 0 0 0 0 0 0 0 0 0 0 0 0 0 0 0 0 0 0 0 0 95 2 1 47 0 6 0 2 0 0 0 0 91 0 0 0 0 0 0 0 0 0 0 0 0 0 0 0 0 4 0 0 0 0 0 0 0 0 0 0 0 0 0 0 
 58 66 112 0 103 133 200 138 291 136 134 227 96 162 151 80 222 218 325 70 72 2 0 0 0 1 0 80 0 2 2 0 74 0 76 0 0 2 0 16 3 0 0 0 0 0 0 2 3 0 0 0 0 3 0 0 4 0 0 0 0 0 0 5 3 0 2 0 0 0 0 2 0 0 0 0 0 0 0 0 0 26 37 17 39 0 0 0 12 0 19 18 0 0 16 21 11 1 0 0 0 14 0 0 0 0 0 0 0 0 0 0 0 0 0 0 0 16 20 10 0 0 0 0 0 0 0 0 0 23 0 0 0 0 0 0 0 0 0 0 0 0 0 0 0 0 0 0 0 0 0 0 0 0 0 0 0 0 0 0 0 2 36 21 16 32 0 0 0 12 43 9 14 2 13 0 11 0 1 2 0 0 2 0 0 0 16 7 0 2 0 0 12 0 28 0 10 0 54 0 0 0 0 0 10 0 0 0 0 10 0 0 0 0 0 0 0 0 0 0 0 2 0 0 0 0 0 0 0 0 0 0 0 0 0 0 1 0 0 0 0 10 0 0 0 2 89 1 0 1 0 13 9 2 0 0 0 0 0 0 0 0 10 0 0 0 0 0 0 0 0 0 0 1 0 0 0 9 0 0 0 0 0 0 0 2 0 0 0 0 
 41 102 175 103 0 386 59 157 74 116 125 81 72 56 386 130 38 59 86 89 3 1 22 0 4 1 126 73 0 4 2 0 76 0 3 0 1 76 59 100 6 0 0 2 0 3 0 2 3 3 0 0 0 3 0 2 3 0 0 3 0 0 2 8 5 3 3 0 0 0 0 2 0 0 2 0 0 1 0 0 0 8 0 11 0 35 0 9 0 45 2 22 0 30 9 18 5 32 0 0 15 0 0 0 0 0 0 1 15 0 0 0 20 18 45 17 19 0 36 31 0 0 0 0 0 0 0 0 0 0 0 0 0 0 0 0 2 0 0 0 0 0 0 0 0 0 1 0 0 0 14 0 2 0 0 0 0 0 0 0 13 0 2 8 45 0 0 0 0 0 1 23 0 0 2 22 0 11 0 0 0 5 11 7 2 0 15 13 2 0 11 42 31 19 1 10 0 0 0 4 0 0 0 0 0 0 0 0 0 0 0 0 0 0 0 0 1 0 0 0 0 0 0 0 0 0 0 0 0 0 0 0 0 0 0 0 0 0 0 0 0 0 0 0 0 4 3 0 3 8 1 7 4 0 0 0 0 0 0 0 0 0 0 0 0 2 0 0 0 0 0 0 0 2 0 0 10 0 0 0 0 0 0 0 0 0 0 0 0 0 
 236 55 37 133 386 0 296 30 36 73 97 207 480 45 50 292 54 65 59 49 115 112 75 0 0 5 150 241 167 3 3 0 118 141 3 0 4 3 142 74 2 0 0 0 0 0 0 2 3 0 0 0 0 3 0 0 7 0 0 0 4 0 0 6 4 3 2 2 0 0 0 2 0 0 0 3 3 0 0 0 0 0 0 39 46 28 0 0 0 6 30 15 0 0 0 0 18 22 0 0 14 10 17 17 0 0 28 30 39 0 0 0 32 1 12 14 17 35 20 20 2 0 0 0 0 0 0 0 0 0 0 0 0 0 0 0 0 0 0 0 0 0 0 0 0 0 0 0 2 0 8 0 0 0 0 0 0 0 0 0 0 0 0 22 1 20 0 0 2 0 0 46 0 0 0 0 0 18 0 0 20 2 30 8 0 0 28 26 23 0 14 1 60 49 53 9 1 0 20 33 0 2 0 0 2 0 0 1 0 0 0 0 2 0 0 0 0 0 0 0 0 0 0 0 0 0 0 0 0 0 0 0 0 0 0 0 0 0 0 0 0 0 6 0 0 5 8 0 32 6 5 9 0 0 0 0 0 0 0 0 0 0 0 0 0 0 0 0 0 0 0 0 38 0 0 0 10 15 0 0 0 27 0 0 0 0 0 0 0 0 
 119 115 195 200 59 296 0 200 153 97 141 251 527 141 82 134 234 196 108 55 0 1 0 0 2 0 0 0 0 2 4 0 4 2 6 0 0 7 5 1 3 0 0 0 0 0 0 2 3 2 3 4 2 3 0 0 64 0 0 0 0 0 0 7 9 0 2 2 2 4 1 2 0 0 0 0 3 2 0 3 14 1 29 0 0 0 16 41 20 7 24 0 10 13 14 31 1 13 28 28 2 0 2 0 0 0 0 0 1 0 0 0 0 0 0 0 0 0 2 0 0 0 1 14 0 0 0 0 0 0 0 0 0 0 0 0 0 0 0 0 0 0 0 2 0 9 0 0 0 0 0 0 0 2 0 0 0 0 0 0 17 44 11 0 0 0 16 67 34 28 19 0 1 30 0 10 20 11 15 0 0 0 0 0 0 0 0 0 0 0 0 0 0 1 0 0 0 0 0 0 0 0 0 0 0 0 0 0 0 0 0 0 0 0 0 1 0 0 0 0 4 0 0 0 2 0 0 0 1 0 0 13 0 0 0 0 0 0 0 0 0 2 0 0 0 3 1 0 0 0 43 4 0 0 0 0 1 0 0 0 0 0 0 0 0 0 1 0 0 0 0 0 0 1 0 5 0 0 0 0 0 0 0 0 0 0 0 0 0 0 
 48 270 105 138 157 30 200 0 368 23 113 48 240 144 299 93 273 208 165 176 0 2 0 1 0 2 0 1 2 3 84 0 2 3 6 2 0 3 3 2 2 1 0 0 0 0 0 2 3 2 0 0 0 3 0 0 5 0 0 1 0 0 1 3 3 0 2 0 0 0 0 2 0 0 0 2 0 0 0 0 26 12 41 14 46 58 3 0 1 23 0 9 20 15 36 29 16 26 1 0 1 0 0 0 0 0 0 0 1 0 0 0 0 16 0 0 0 0 15 0 0 0 0 0 24 0 0 0 0 0 0 0 0 0 0 0 0 0 4 0 0 0 0 0 15 0 0 0 0 13 7 0 0 0 0 0 0 0 0 0 11 0 12 1 9 7 0 22 4 18 7 0 15 24 0 9 14 8 0 8 0 0 0 0 0 0 0 0 0 0 0 0 0 0 0 0 0 0 14 0 0 0 0 0 0 0 0 0 0 0 0 0 0 0 0 0 0 0 0 1 0 0 0 0 0 0 0 0 0 0 0 0 0 0 0 0 0 0 0 0 0 7 0 0 0 0 1 0 0 48 0 5 0 0 2 0 0 1 0 0 0 0 10 0 0 0 0 0 0 0 0 0 0 0 0 14 0 0 0 0 0 0 0 0 0 17 0 0 0 0 
 123 283 277 291 74 36 153 368 0 479 226 143 356 156 255 147 214 51 478 67 0 1 1 1 2 0 0 0 0 2 5 0 2 0 3 0 0 0 1 0 0 0 1 0 0 0 2 0 4 3 0 6 0 0 3 2 2 3 0 2 0 2 1 0 4 2 0 2 0 0 3 3 3 2 45 3 3 1 2 2 10 0 27 9 1 0 8 0 21 0 22 0 10 2 21 46 16 6 1 0 0 0 0 0 0 0 0 0 2 0 0 1 0 20 1 0 0 0 0 0 0 0 0 2 0 1 0 0 0 0 2 0 1 0 0 0 0 0 12 0 0 0 0 0 0 0 0 0 0 0 0 0 5 0 0 0 0 0 0 0 18 34 29 22 31 9 0 16 19 27 32 0 14 43 27 0 12 5 28 14 0 0 0 0 0 0 0 1 0 0 0 0 0 1 11 0 0 0 20 0 0 0 0 0 0 0 0 0 0 0 0 0 0 0 0 0 0 7 0 0 0 0 2 0 0 0 0 0 0 0 0 0 0 0 0 0 0 0 0 0 0 0 0 0 0 1 0 0 1 87 1 1 15 0 0 0 0 0 0 0 0 0 0 0 0 48 3 0 0 0 0 0 0 0 0 1 0 0 0 0 0 0 0 0 0 0 0 0 0 0 
 56 175 172 136 116 73 97 23 479 0 348 51 435 274 100 449 344 348 138 206 0 1 23 0 0 1 0 0 3 9 2 0 0 0 5 0 0 3 0 0 2 0 0 0 0 0 0 2 3 0 0 0 37 3 0 0 4 0 0 1 0 0 0 9 3 0 2 0 0 0 0 2 4 0 0 0 0 0 2 0 0 21 35 21 0 15 0 13 88 40 25 11 0 21 0 14 4 16 1 0 0 1 0 2 0 0 16 1 0 1 0 0 0 1 22 0 0 0 1 25 0 0 0 14 0 0 0 0 0 0 0 0 0 0 2 0 0 0 0 0 0 0 0 0 0 0 0 0 0 0 0 1 0 0 0 0 0 0 0 0 10 8 30 0 38 9 0 61 12 2 34 0 0 27 26 0 23 13 0 0 0 1 4 0 0 0 23 0 0 0 17 0 1 0 11 2 0 0 10 0 0 0 0 0 0 0 0 0 0 0 2 0 0 0 0 0 0 0 0 0 0 1 0 0 16 0 0 0 0 0 0 0 0 2 0 2 0 0 0 0 0 0 0 0 0 30 12 0 2 3 2 29 8 0 0 0 0 0 2 0 1 0 0 35 0 0 0 0 0 0 0 0 0 0 0 0 0 0 0 0 0 0 0 0 0 0 0 0 0 0 
 139 224 144 134 125 97 141 113 226 348 0 165 144 114 64 125 276 304 134 127 0 3 3 2 0 0 154 0 3 3 5 0 2 2 3 0 3 4 1 91 6 0 0 0 0 0 0 4 3 5 0 0 2 3 0 0 5 0 0 0 0 0 0 7 33 6 3 0 0 2 0 2 0 4 2 6 0 0 51 2 0 35 20 13 25 13 11 10 29 15 17 41 0 19 27 10 11 0 0 0 0 2 0 0 0 0 0 0 0 0 0 0 0 0 0 2 0 0 55 8 0 0 0 45 0 0 0 0 0 0 0 0 0 0 0 0 0 15 0 0 0 0 2 0 0 0 0 0 0 0 0 0 0 0 0 0 0 0 0 0 20 10 0 10 0 1 0 3 21 31 21 22 13 97 18 0 13 10 0 0 0 0 0 0 0 0 0 0 0 0 0 0 16 0 0 0 0 2 29 0 0 0 0 0 0 0 0 0 0 0 0 0 0 0 0 0 0 0 0 2 0 0 0 0 0 0 0 0 0 0 0 0 14 0 0 0 0 0 0 0 0 1 0 0 0 0 2 0 2 45 0 2 0 0 0 0 0 0 0 0 0 0 0 0 0 0 0 0 0 0 0 0 0 0 0 10 0 0 0 0 0 0 0 0 0 0 0 0 0 0 
 25 62 203 227 81 207 251 48 143 51 165 0 36 132 35 129 156 157 46 38 20 5 78 0 1 0 77 1 2 4 5 4 77 76 66 0 0 5 73 76 4 0 0 3 2 3 5 2 3 3 3 0 2 3 2 0 7 0 0 0 0 0 0 9 10 5 2 1 2 0 0 5 0 2 0 0 6 0 0 0 0 0 24 52 73 24 0 0 0 11 35 1 0 1 0 2 34 0 0 0 15 13 4 0 0 0 9 15 33 0 0 0 1 0 15 0 0 16 1 50 0 0 0 0 0 0 0 0 0 0 0 0 0 0 0 0 0 0 0 0 0 0 0 0 0 1 0 1 0 0 4 0 0 0 0 0 1 0 0 0 0 0 36 18 17 47 0 0 0 0 80 40 0 0 38 0 11 17 0 0 12 0 0 0 0 0 18 28 0 0 0 0 46 0 82 0 14 0 60 10 0 10 0 0 11 0 0 0 0 0 0 0 0 0 2 0 0 0 0 0 0 0 0 0 0 0 0 0 0 0 0 0 0 0 0 0 0 0 0 0 0 10 0 0 0 2 50 0 98 0 0 4 11 0 0 2 0 0 0 0 0 0 18 0 0 0 0 0 0 0 0 0 0 0 0 0 0 14 0 0 0 0 0 0 0 0 0 0 0 0 
 346 148 239 96 72 480 527 240 356 435 144 36 0 71 260 126 115 60 669 235 0 4 3 0 1 0 0 0 0 5 5 202 0 202 208 0 2 2 2 0 5 0 0 0 2 3 0 2 3 0 0 2 0 6 0 0 6 0 0 0 0 0 0 5 3 3 2 0 0 0 0 2 0 0 0 0 0 0 0 0 17 0 15 0 1 0 12 38 43 5 22 0 75 57 25 10 29 29 35 18 0 0 0 0 1 0 0 0 0 0 0 0 0 2 0 0 0 0 19 0 0 0 0 10 0 0 0 0 0 0 14 2 0 0 0 0 0 0 0 0 0 0 0 0 0 19 0 0 0 0 0 0 0 0 0 0 0 2 0 0 54 45 0 8 0 0 0 0 45 38 17 0 11 58 0 22 23 0 12 20 0 0 0 0 0 1 0 0 0 0 0 0 0 0 0 0 0 0 0 0 0 0 0 0 0 0 0 0 0 0 0 0 0 0 0 0 0 1 0 0 0 0 0 0 0 1 1 0 0 0 0 0 0 0 48 0 0 0 0 0 0 1 0 0 0 3 2 0 1 2 2 13 0 0 0 0 0 0 0 0 0 0 0 0 0 1 0 0 0 0 0 0 0 0 0 30 0 0 0 0 0 0 0 0 0 0 0 0 0 0 
 47 136 137 162 56 45 141 144 156 274 114 132 71 0 703 51 67 35 112 98 0 0 0 0 0 0 1 0 0 2 3 0 0 0 2 0 2 3 0 0 66 0 0 0 0 0 0 2 3 0 0 0 0 3 0 0 3 0 0 0 0 0 0 3 3 1 2 0 0 0 0 2 0 45 49 0 0 0 0 0 0 0 12 21 0 11 13 0 0 0 24 0 0 0 11 24 9 0 13 13 0 0 0 0 0 0 0 0 0 0 0 0 0 0 1 0 0 0 0 0 0 0 0 0 0 0 0 12 0 0 0 0 6 0 0 0 0 0 10 1 0 0 0 0 0 0 0 0 0 0 0 0 0 0 0 0 0 0 0 0 0 0 27 16 11 20 24 17 3 0 19 2 0 0 9 14 0 12 23 0 0 0 0 0 0 0 0 0 0 0 0 0 0 0 11 0 0 1 25 0 0 0 0 0 0 0 0 0 0 0 0 0 0 0 0 0 0 0 0 0 0 0 0 0 0 0 0 0 0 0 2 0 0 0 2 0 0 0 0 0 0 0 0 0 0 1 0 0 0 88 0 16 21 0 0 0 0 0 0 0 0 0 0 0 0 0 0 0 0 2 0 0 0 0 0 0 0 0 0 0 0 0 0 0 0 0 0 0 0 0 
 137 226 108 151 386 50 82 299 255 100 64 35 260 703 0 153 300 43 163 351 0 1 0 2 2 0 2 1 0 2 2 3 3 0 5 0 3 3 3 3 3 0 0 0 3 0 0 4 5 0 0 0 3 3 0 0 4 0 0 3 1 0 0 3 3 0 2 0 0 0 0 2 0 0 0 2 0 0 0 0 29 0 26 16 0 19 0 50 0 11 0 15 9 0 1 31 12 11 16 23 1 0 0 0 0 0 0 0 1 0 0 0 0 13 0 0 0 0 0 0 0 0 0 0 0 0 0 0 0 0 0 0 0 0 0 0 0 0 8 0 0 0 0 0 0 0 0 0 0 0 1 0 0 0 0 0 0 0 0 0 9 28 10 18 10 0 21 59 14 22 16 0 1 3 0 32 0 18 13 13 0 0 0 0 0 0 0 0 0 0 0 0 0 0 0 0 0 0 32 0 0 0 0 0 9 0 16 0 0 0 0 0 0 0 0 0 0 0 0 0 0 0 0 0 0 0 0 0 0 0 0 0 0 21 0 0 0 0 0 0 0 0 0 0 0 2 1 0 0 7 9 9 0 0 0 0 0 0 0 0 0 0 0 0 0 0 0 0 0 0 0 0 0 0 0 15 0 0 0 0 0 0 0 0 0 0 0 0 0 0 
 676 344 86 80 130 292 134 93 147 449 125 129 126 51 153 0 79 49 49 114 0 2 0 0 1 0 75 0 0 2 5 0 2 0 2 2 0 2 76 91 3 0 0 0 0 0 0 8 3 0 0 0 0 3 0 0 4 0 0 0 0 0 0 7 16 0 2 0 0 0 7 2 0 0 0 0 0 0 0 0 0 16 16 10 0 3 0 12 0 44 9 34 3 15 37 49 0 15 1 18 0 0 0 0 0 0 0 0 0 0 0 0 0 0 11 0 0 0 11 25 0 0 0 0 0 0 0 0 0 0 0 0 0 0 10 0 0 0 0 0 0 0 0 0 0 2 0 0 0 0 0 0 0 0 0 0 2 0 0 0 17 0 28 4 0 18 1 1 0 7 0 20 22 1 14 13 0 10 0 0 0 0 0 0 0 2 0 0 0 0 20 0 15 0 0 0 0 1 1 0 0 0 0 0 0 0 0 0 0 0 0 0 0 0 0 0 0 0 0 0 0 0 0 0 0 1 0 0 0 0 0 0 0 0 0 0 13 0 0 0 1 0 0 0 10 1 86 0 1 46 3 22 0 0 2 0 0 0 0 0 0 0 0 0 0 0 0 0 0 0 0 0 0 0 0 0 0 0 0 0 0 0 0 0 0 0 0 0 0 0 
 115 350 229 222 38 54 234 273 214 344 276 156 115 67 300 79 0 128 274 57 0 8 0 0 0 0 0 0 0 2 2 0 0 0 7 0 0 4 0 0 3 0 0 0 0 0 0 2 3 0 0 0 0 3 0 0 4 0 0 0 0 0 0 3 3 0 2 0 0 0 0 2 8 0 0 0 0 0 0 0 0 25 51 21 17 11 0 3 3 0 25 14 0 2 15 51 9 0 4 0 0 0 0 0 0 9 0 0 0 0 0 0 0 13 1 0 0 0 14 1 0 0 12 1 0 0 2 0 0 0 0 0 0 0 0 0 0 0 10 0 0 0 0 0 0 0 0 0 0 0 0 0 0 0 0 0 0 0 0 0 18 10 37 16 24 22 0 17 17 8 32 0 14 32 10 1 8 8 0 0 0 0 0 0 0 0 1 0 6 0 0 0 0 0 11 0 2 0 71 0 0 2 18 0 0 0 0 2 0 0 0 0 0 0 11 0 0 10 0 0 0 0 0 1 0 0 0 0 0 0 0 0 0 0 0 0 0 0 0 0 0 7 0 0 0 0 4 0 2 87 2 2 109 0 0 0 0 0 0 0 0 0 12 0 0 0 0 0 0 0 0 0 0 0 0 0 0 0 0 0 0 0 0 0 0 0 0 1 0 0 
 136 141 350 218 59 65 196 208 51 348 304 157 60 35 43 49 128 0 134 132 1 13 0 0 2 0 0 2 0 7 82 0 0 0 4 0 0 2 0 80 2 0 0 2 0 3 0 2 5 2 0 0 0 3 0 2 6 0 0 3 0 3 0 3 3 0 5 0 0 0 0 3 2 0 0 3 1 0 0 0 15 10 16 28 21 8 14 18 29 1 58 27 2 1 12 28 13 16 10 0 0 10 0 0 0 0 16 0 0 0 0 0 0 0 13 0 0 0 27 0 0 0 0 10 0 0 0 0 0 0 0 0 0 0 0 0 0 7 0 0 0 0 0 0 0 0 0 0 0 0 0 0 0 0 0 0 0 0 0 0 33 36 0 18 4 16 1 0 24 44 17 0 1 29 0 16 9 45 0 8 0 0 0 0 0 0 16 0 0 0 0 0 1 0 0 0 34 0 0 0 0 0 0 0 0 0 0 0 0 0 0 0 0 0 0 0 0 0 0 0 0 0 0 0 0 0 0 0 0 0 0 0 0 0 0 0 0 0 0 0 0 0 0 0 0 0 2 0 5 0 0 6 0 0 0 0 0 0 0 0 0 0 0 0 0 0 0 0 0 0 0 0 0 0 0 40 11 0 0 0 0 0 0 0 0 0 0 0 0 0 
 131 217 144 325 86 59 108 165 478 138 134 46 669 112 163 49 274 134 0 162 0 1 1 0 0 0 11 0 0 2 2 0 0 0 4 0 0 2 76 0 3 0 0 0 0 0 0 2 3 0 0 0 0 3 0 0 64 0 0 0 0 0 0 3 3 0 2 0 0 4 0 2 0 0 0 0 0 0 0 0 17 11 14 0 25 1 23 12 48 12 0 0 22 26 24 0 0 26 40 14 0 0 0 0 0 0 0 0 1 0 0 2 0 0 0 0 0 0 20 0 0 0 0 1 0 2 0 0 0 0 0 0 0 0 0 0 0 6 7 0 0 0 0 0 0 23 0 0 0 0 0 0 0 0 0 0 0 0 9 0 12 51 0 4 0 0 16 0 32 26 0 0 13 27 0 0 10 0 19 0 0 1 0 7 0 0 0 2 0 0 0 0 0 2 0 0 0 0 0 0 0 0 0 0 0 0 0 0 0 0 0 0 0 0 0 0 0 0 1 0 0 0 1 0 0 0 0 0 0 0 0 0 0 0 0 0 0 0 0 0 0 0 0 0 0 1 0 2 1 88 2 5 0 0 0 0 0 0 0 0 0 0 0 0 0 0 2 0 0 0 0 0 0 0 0 0 0 0 0 0 0 0 0 0 0 0 0 0 0 0 
 52 301 140 70 89 49 55 176 67 206 127 38 235 98 351 114 57 132 162 0 0 2 0 0 2 0 0 0 0 3 2 0 3 0 5 0 0 6 0 1 2 0 2 0 0 0 0 2 3 2 1 0 0 3 0 0 5 0 3 0 0 1 6 6 3 0 2 8 0 0 0 4 0 0 8 0 7 0 0 0 21 37 0 13 0 11 1 25 0 10 1 0 21 15 13 1 38 13 0 18 0 0 1 0 0 0 0 9 0 0 0 0 0 10 1 0 0 0 18 0 0 0 13 0 0 0 0 0 0 0 0 0 0 18 1 0 0 0 10 0 0 0 0 0 0 0 0 0 0 0 0 0 0 0 0 0 0 0 0 0 13 22 15 1 0 0 4 9 11 55 0 0 0 14 0 43 23 10 11 60 0 0 0 0 0 0 0 0 0 0 0 0 0 0 0 0 0 0 0 0 0 0 0 0 0 0 0 0 0 0 0 0 0 0 0 0 0 0 0 0 0 0 0 0 1 0 0 0 2 0 0 0 0 0 0 0 0 0 0 0 0 0 0 0 0 0 0 3 2 89 0 31 1 0 0 0 0 0 0 0 0 0 0 0 0 0 0 0 0 0 0 0 0 0 0 17 0 0 0 0 0 0 0 0 0 0 0 0 0 0 
 0 20 0 72 3 115 0 0 0 0 0 20 0 0 0 0 0 1 0 0 0 81 359 46 105 22 214 173 132 153 24 110 67 215 86 104 94 48 231 33 3 0 2 3 2 3 3 0 2 4 3 2 0 2 1 2 3 0 3 6 32 0 3 10 0 1 1 0 3 3 0 0 0 0 0 34 0 11 6 6 0 0 0 7 38 33 0 0 0 2 0 0 0 0 0 0 15 1 0 0 13 12 20 27 17 0 9 34 31 13 0 9 9 1 19 12 34 52 4 18 0 0 0 0 0 0 0 0 0 0 0 0 0 0 0 0 0 0 0 14 0 0 0 0 0 0 0 0 0 0 5 0 0 0 0 0 0 0 0 0 0 0 0 8 0 1 0 0 0 0 0 17 0 0 0 0 0 0 0 0 0 7 18 20 0 0 69 44 27 13 14 0 39 1 23 10 1 8 31 44 0 0 0 0 14 0 0 0 0 0 0 0 0 0 0 0 0 0 22 0 0 0 0 0 0 0 0 0 0 0 0 0 0 0 0 0 0 0 0 0 0 0 0 0 0 0 62 0 0 0 0 0 0 0 2 0 1 0 0 0 0 0 0 0 0 0 0 0 0 0 0 0 0 0 0 0 0 13 0 3 0 0 0 0 0 0 0 0 0 0 
 1 3 1 2 1 112 1 2 1 1 3 5 4 0 1 2 8 13 1 2 81 0 371 63 48 29 155 289 38 31 45 260 226 221 154 336 343 83 292 36 2 3 4 2 2 5 2 0 8 4 5 1 2 62 0 2 2 3 0 6 0 49 7 2 2 0 0 0 5 5 7 2 9 2 53 2 0 2 0 5 0 0 0 0 10 2 0 0 0 0 0 45 0 0 0 0 0 0 0 0 0 14 18 6 0 0 29 18 11 0 23 0 6 2 10 0 18 19 18 37 0 0 0 0 0 0 0 0 0 0 0 0 0 0 0 0 0 0 0 0 0 0 8 0 0 0 0 0 0 15 0 0 0 0 0 0 0 0 0 1 0 0 0 0 0 32 0 0 0 0 0 11 0 0 0 7 0 0 0 0 0 9 18 11 3 14 12 25 0 11 1 0 10 7 0 13 8 14 42 31 0 0 0 0 0 0 0 0 0 0 0 0 0 0 0 0 0 0 0 0 0 0 0 0 0 0 0 0 0 0 0 0 0 0 0 0 0 0 0 0 0 0 23 0 0 0 0 0 0 0 0 1 0 0 5 2 0 2 0 0 4 0 0 0 0 0 0 0 0 0 0 0 0 0 0 0 0 0 0 0 0 21 0 0 0 0 0 0 0 0 
 0 3 0 0 22 75 0 0 1 23 3 78 3 0 0 0 0 0 1 0 359 371 0 125 43 24 488 249 322 130 113 46 53 205 289 109 143 427 311 122 3 0 2 2 0 3 0 0 6 0 3 0 4 0 1 9 2 0 0 4 0 0 5 0 52 0 0 0 3 3 5 1 0 0 0 0 0 1 0 14 0 0 0 8 12 0 0 0 0 0 0 1 0 0 0 0 0 0 0 0 16 9 13 6 0 0 34 12 13 0 13 0 32 28 0 30 62 0 23 31 0 0 0 0 0 0 0 0 0 0 0 0 0 0 0 0 0 0 0 0 0 0 0 0 0 0 0 0 0 0 0 0 0 0 0 2 0 4 0 3 0 0 0 0 15 0 0 0 0 0 0 0 0 0 0 0 0 0 0 2 19 16 15 0 20 29 18 27 6 1 24 9 11 47 0 7 0 13 6 36 0 0 0 0 0 0 0 0 0 0 0 0 0 0 0 0 0 0 11 0 0 0 0 0 0 0 0 0 0 0 0 0 0 0 0 0 1 0 0 0 0 0 8 0 0 0 0 0 0 0 0 0 0 0 9 0 3 76 0 0 1 0 0 0 0 0 0 0 0 0 0 0 0 0 0 0 11 0 0 0 0 15 0 0 0 0 0 0 0 0 
 0 3 0 0 0 0 0 1 1 0 2 0 0 0 2 0 0 0 0 0 46 63 125 0 130 102 230 65 81 119 142 56 50 87 116 134 613 114 102 57 0 1 2 2 0 4 0 0 6 0 4 1 0 0 6 0 2 0 0 3 50 0 3 0 0 2 0 21 3 3 0 8 0 0 0 1 0 8 0 10 0 0 0 0 0 0 0 0 0 0 0 0 0 0 0 2 0 0 2 0 15 18 9 27 26 2 0 32 4 27 0 38 1 0 0 28 0 0 0 0 0 1 0 0 0 0 1 0 9 0 0 0 0 0 9 0 0 20 7 40 0 1 0 0 0 0 0 0 8 0 18 2 0 0 0 0 0 0 0 1 6 0 0 0 0 0 0 0 0 0 0 0 0 1 0 0 1 0 0 0 24 16 10 34 5 19 0 10 45 44 10 35 21 5 2 48 15 48 21 14 10 20 0 0 0 0 20 0 0 0 0 2 28 0 2 0 0 0 21 5 0 1 0 0 0 0 0 0 0 0 0 0 3 0 0 0 0 0 0 0 0 0 0 0 0 0 0 0 0 0 0 0 0 0 25 0 0 76 2 2 16 1 0 0 0 0 2 0 0 0 0 0 0 0 0 0 0 0 0 1 0 15 0 0 0 0 4 0 0 0 
 2 0 2 0 4 0 2 0 2 0 0 1 1 0 2 1 0 2 0 2 105 48 43 130 0 154 46 39 64 377 392 174 55 88 99 132 59 35 363 343 0 62 5 2 0 3 1 0 22 0 3 2 1 0 0 0 2 0 1 65 1 0 3 0 0 0 0 0 3 3 0 1 0 0 0 0 0 5 0 3 0 0 0 0 1 0 0 0 18 0 0 0 0 0 0 0 0 0 0 2 0 13 71 0 22 7 0 0 11 19 37 19 0 1 12 38 5 1 0 0 14 0 0 0 0 0 0 0 11 0 0 0 15 0 19 0 7 15 19 11 0 0 0 0 0 0 0 0 0 0 0 0 0 0 0 0 2 0 0 0 15 0 0 0 0 0 0 0 0 0 0 0 0 0 0 0 0 0 0 0 20 28 0 10 0 1 0 0 28 10 6 19 0 0 0 26 2 41 0 0 0 8 11 0 0 24 24 0 24 0 0 0 30 2 0 0 2 0 8 11 0 32 0 0 1 0 1 0 0 0 0 0 0 0 0 0 0 0 0 0 0 0 0 0 0 0 0 0 0 0 0 0 0 0 5 3 5 48 4 2 15 2 0 0 0 0 18 0 0 0 0 0 0 0 0 0 1 0 0 0 0 0 0 0 0 0 0 10 0 0 
 0 0 3 1 1 5 0 2 0 1 0 0 0 0 0 0 0 0 0 0 22 29 24 102 154 0 51 28 142 77 536 214 48 55 52 52 68 115 274 25 117 4 2 2 3 3 117 62 2 0 3 1 70 0 4 23 2 0 147 3 0 7 2 0 0 0 3 0 3 2 3 0 0 0 0 0 0 0 0 2 0 0 0 0 0 0 0 0 14 0 0 0 0 0 0 0 0 0 0 0 12 6 10 2 9 41 0 0 0 11 16 0 1 14 0 0 0 0 1 0 14 78 0 0 1 0 25 18 15 0 0 0 37 16 17 21 10 0 18 25 2 0 0 0 0 0 0 0 9 0 14 7 0 0 0 0 0 0 0 0 2 0 0 0 0 0 0 0 0 0 0 0 1 0 2 0 0 0 0 1 11 1 0 24 0 0 0 0 34 13 21 30 0 2 9 9 12 11 0 0 18 3 1 10 0 0 11 23 8 26 26 0 0 26 0 18 1 10 0 21 28 0 2 1 0 0 0 0 0 0 0 0 0 0 0 0 0 0 0 0 0 0 0 0 0 0 0 0 0 0 0 0 0 0 0 1 1 1 1 1 11 10 0 0 0 0 0 0 0 0 0 0 0 0 0 0 0 0 0 0 0 12 15 0 20 0 0 0 0 0 
 0 0 0 0 126 150 0 0 0 0 154 77 0 1 2 75 0 0 11 0 214 155 488 230 46 51 0 101 353 243 402 124 167 204 298 102 118 247 180 47 2 0 2 2 0 3 69 0 6 0 3 0 3 0 3 4 0 0 0 3 3 0 3 4 7 0 0 0 3 3 0 0 0 0 0 0 0 0 0 3 0 0 0 0 13 0 0 0 0 0 0 18 0 0 0 1 0 0 2 0 9 1 21 36 10 0 38 10 16 1 13 43 52 11 0 35 75 0 23 68 0 0 0 0 0 0 1 0 0 0 0 0 0 0 0 0 0 1 0 0 0 1 0 0 0 0 0 0 0 0 0 0 0 0 0 45 0 2 0 3 0 0 0 0 23 0 0 0 7 0 0 19 0 0 0 0 1 14 0 0 33 19 23 0 17 17 0 14 1 17 0 10 32 44 12 51 0 20 20 21 0 0 0 0 0 0 0 0 0 0 0 2 0 0 0 0 0 0 28 0 0 0 0 0 0 0 0 0 0 0 0 0 0 0 0 0 0 0 0 2 0 0 17 0 0 0 0 0 0 74 0 0 0 0 12 0 0 0 0 0 0 0 0 0 0 0 0 0 0 0 0 0 0 0 0 0 0 0 0 10 0 1 0 0 0 0 0 0 0 0 
 0 0 0 80 73 241 0 1 0 0 0 1 0 0 1 0 0 2 0 0 173 289 249 65 39 28 101 0 231 43 27 43 589 234 156 40 116 67 341 132 2 0 206 2 0 3 0 0 4 0 3 0 1 0 0 0 0 0 2 3 4 48 3 0 0 0 0 0 3 2 0 0 0 0 0 0 1 0 2 4 0 0 0 0 32 11 0 0 0 34 0 12 0 0 0 0 12 0 0 0 0 34 28 52 0 8 20 37 32 0 2 0 10 5 0 14 11 9 19 13 0 0 1 0 2 2 0 0 0 0 0 0 0 0 0 0 0 0 0 0 0 0 1 0 0 0 0 0 0 0 0 0 0 18 0 0 0 0 0 0 0 0 0 1 0 10 0 0 0 0 0 50 0 0 0 0 0 0 0 0 10 7 21 35 1 0 13 28 22 11 25 2 10 16 26 13 0 0 15 38 0 0 0 1 7 0 0 0 0 0 0 0 0 0 0 0 0 0 12 0 0 0 0 0 0 0 0 0 0 0 0 0 0 0 0 0 0 0 0 0 0 0 18 0 0 0 0 0 75 0 0 0 0 0 13 0 0 0 0 1 2 0 0 0 0 0 0 0 0 0 0 0 0 0 0 0 10 56 0 0 0 15 0 0 0 0 0 0 0 0 
 0 6 0 0 0 167 0 2 0 3 3 2 0 0 0 0 0 0 0 0 132 38 322 81 64 142 353 231 0 164 118 153 219 295 91 77 267 153 421 140 0 0 2 4 0 3 0 0 2 0 3 0 0 0 0 0 2 1 0 3 11 0 3 0 0 0 0 0 3 3 0 1 0 2 0 0 0 0 0 3 0 0 0 0 12 0 0 0 0 0 0 0 0 0 0 0 0 0 0 0 12 61 16 48 14 24 37 4 1 11 13 0 34 15 1 22 0 15 3 0 12 0 0 0 0 0 0 8 0 0 0 0 0 10 10 0 0 0 0 11 0 0 2 0 0 0 0 0 0 0 0 0 0 0 0 9 0 5 0 6 0 0 0 0 0 0 0 0 0 0 0 0 0 0 0 0 0 0 0 0 7 23 12 0 18 0 0 0 28 11 31 0 0 12 8 51 12 14 0 13 0 0 0 0 0 0 32 33 10 0 0 0 0 0 13 0 0 0 53 9 0 0 0 0 0 0 0 0 0 0 0 0 0 0 0 0 0 0 0 0 0 0 0 0 0 0 0 0 0 0 0 0 0 0 6 0 1 1 80 1 0 0 0 0 0 0 0 0 0 0 0 0 47 0 0 0 0 0 0 0 0 1 0 0 0 13 0 0 0 0 
 4 4 5 2 4 3 2 3 2 9 3 4 5 2 2 2 2 7 2 3 153 31 130 119 377 77 243 43 164 0 232 109 249 92 203 313 392 94 157 185 0 4 210 2 0 3 62 0 2 2 0 0 70 0 3 216 2 1 0 4 0 3 0 0 53 0 6 0 0 0 0 1 14 0 0 3 6 0 0 2 0 0 0 0 0 0 0 0 0 0 0 0 0 0 0 0 0 0 0 0 14 0 11 20 35 1 0 19 0 45 34 70 4 11 9 15 63 0 20 0 0 0 0 0 0 0 7 0 0 0 0 0 9 1 7 0 0 0 0 0 0 0 0 0 0 0 0 0 0 0 0 0 0 0 0 4 0 0 0 1 0 8 0 0 1 0 0 0 0 0 0 0 0 0 4 0 0 0 0 0 6 7 0 11 38 32 0 12 16 26 0 23 13 0 3 25 0 31 11 12 0 12 0 0 0 0 0 0 0 0 0 0 2 0 0 0 0 1 22 0 0 19 0 0 0 0 0 0 0 0 0 0 0 0 0 0 0 0 0 0 0 0 0 0 0 0 0 0 0 0 0 1 0 0 3 0 4 1 42 2 0 1 0 0 0 0 13 0 0 0 0 0 0 0 0 0 0 0 0 13 0 0 0 0 0 0 0 0 0 0 
 2 2 5 2 2 3 4 84 5 2 5 5 5 3 2 5 2 82 2 2 24 45 113 142 392 536 402 27 118 232 0 321 42 127 341 173 205 35 66 51 1 1 2 2 0 3 128 2 7 2 6 0 137 0 5 4 0 0 62 3 0 2 3 2 3 0 7 0 3 5 3 0 0 0 0 0 0 0 0 3 2 0 0 0 0 0 0 0 0 0 0 0 0 0 0 0 0 0 0 0 11 0 52 0 4 39 14 0 1 22 49 0 0 1 0 12 19 19 0 2 4 53 2 0 13 2 4 17 21 2 0 0 21 31 17 22 1 1 1 12 0 0 0 0 12 0 0 0 0 0 0 2 7 2 0 0 0 0 0 1 7 0 0 0 19 0 0 0 0 0 0 1 0 0 0 0 0 0 0 0 3 11 9 14 20 55 0 0 26 39 0 10 0 12 9 1 17 25 2 0 0 21 0 0 0 0 49 21 20 22 0 0 16 14 0 0 0 0 1 49 0 13 0 0 0 0 0 0 0 0 0 0 0 0 0 0 0 0 0 0 0 0 18 0 0 0 0 0 0 0 0 0 0 0 7 1 0 4 1 1 17 0 0 0 0 0 0 0 0 0 0 0 0 0 0 0 0 0 0 0 0 0 0 0 1 16 0 0 0 0 
 0 6 5 0 0 0 0 0 0 0 0 4 202 0 3 0 0 0 0 0 110 260 46 56 174 214 124 43 153 109 321 0 25 455 320 252 142 289 153 102 0 1 2 2 0 3 23 0 125 2 21 0 7 0 4 4 2 0 30 65 0 13 3 0 0 0 5 0 3 6 3 0 0 0 0 0 0 0 0 3 0 0 0 0 0 0 0 0 0 0 0 0 0 0 0 0 0 0 0 0 14 1 3 0 25 14 0 0 0 1 21 66 0 9 22 3 17 0 0 0 38 17 0 0 0 0 20 0 11 0 0 0 24 24 65 0 21 0 21 0 0 0 0 0 0 0 0 0 0 0 0 0 7 0 0 0 0 0 0 0 0 0 0 0 0 0 0 0 0 0 0 0 2 0 13 0 0 0 0 2 0 0 0 0 29 24 0 0 15 19 0 0 0 1 1 0 0 26 0 0 0 14 11 0 0 0 28 10 15 1 0 0 37 14 7 0 12 12 12 0 0 0 20 0 0 0 0 0 0 0 0 0 0 0 0 0 0 0 0 0 0 0 0 0 0 0 0 0 0 0 0 0 0 0 4 0 4 151 76 2 0 0 0 0 0 0 0 0 0 0 0 0 0 0 0 0 0 0 0 0 0 0 0 0 0 0 0 1 0 0 
 0 0 3 74 76 118 4 2 2 0 2 77 0 0 3 2 0 0 0 3 67 226 53 50 55 48 167 589 219 249 42 25 0 166 88 34 69 109 206 290 0 0 203 2 0 3 0 0 3 0 3 0 0 0 0 0 2 0 0 3 2 0 3 1 5 0 0 0 3 3 0 0 0 0 0 0 1 0 0 3 0 0 0 0 36 14 0 0 0 13 14 27 0 0 61 0 8 0 0 0 10 21 0 14 0 4 11 30 8 0 16 9 21 20 0 18 0 18 12 21 0 0 0 0 0 0 0 0 0 0 2 0 0 12 0 0 0 0 0 0 0 0 1 0 0 0 0 0 0 0 0 0 0 0 0 0 0 0 0 0 0 0 0 0 0 27 0 0 0 0 0 36 0 0 0 0 0 15 0 9 55 1 28 40 0 0 26 13 12 30 3 0 45 23 30 3 0 0 16 31 0 0 0 0 8 0 0 0 0 0 0 0 0 0 0 0 0 0 0 1 0 0 0 0 0 0 0 0 0 0 2 0 0 0 0 0 0 0 0 9 0 0 1 0 0 0 1 0 70 0 0 0 0 0 4 0 3 0 0 1 3 0 0 0 0 0 0 0 0 0 0 0 0 0 0 0 9 13 0 0 0 31 0 0 0 0 0 0 0 0 
 0 0 1 0 0 141 2 3 0 0 2 76 202 0 0 0 0 0 0 0 215 221 205 87 88 55 204 234 295 92 127 455 166 0 161 253 193 203 529 191 0 0 5 2 0 3 0 0 75 0 3 2 6 4 3 4 2 0 0 3 0 0 6 0 7 0 0 0 3 3 31 1 0 0 0 0 0 0 2 8 0 0 0 0 0 0 0 0 0 17 10 0 0 0 0 0 6 0 0 0 23 0 18 31 1 8 17 0 24 0 34 28 16 13 10 10 38 17 24 0 0 0 0 0 0 0 0 0 0 0 0 0 0 28 0 0 0 0 0 0 0 0 7 0 7 0 0 4 0 0 3 0 0 0 0 1 0 13 0 4 0 0 0 0 0 24 0 0 0 0 0 8 0 0 0 0 0 23 0 2 33 0 19 0 13 25 21 0 15 35 5 0 0 0 13 1 4 47 3 10 0 0 0 0 0 0 0 0 0 0 0 0 0 0 0 0 0 0 0 0 0 0 0 0 0 0 0 0 0 0 0 0 0 0 0 0 0 0 0 11 0 0 0 0 0 0 0 0 64 0 0 0 0 0 6 1 0 77 0 2 2 0 0 0 0 0 0 0 0 0 0 2 0 0 0 0 10 0 0 0 0 0 0 9 0 0 0 0 0 7 
 4 7 6 76 3 3 6 6 3 5 3 66 208 2 5 2 7 4 4 5 86 154 289 116 99 52 298 156 91 203 341 320 88 161 0 66 160 344 346 152 0 205 2 2 0 3 0 0 3 0 3 0 3 0 5 6 0 1 0 210 0 0 9 0 0 0 0 1 3 3 2 0 0 0 0 0 0 0 2 4 0 0 0 0 9 13 0 1 0 0 0 0 0 0 0 0 0 0 0 0 11 0 0 10 17 0 24 13 2 18 8 12 3 14 12 0 74 0 0 12 0 0 0 0 0 0 2 0 0 0 0 0 0 2 0 0 0 0 0 0 13 0 0 0 0 0 0 0 0 0 0 0 0 0 0 0 0 4 0 0 0 0 0 0 3 0 0 0 0 0 26 0 0 0 0 0 0 0 0 0 0 13 0 14 10 9 13 36 0 13 1 0 24 0 12 66 26 15 23 35 0 0 0 0 0 0 0 0 0 0 0 0 0 0 0 0 9 0 17 0 0 0 2 0 0 2 0 0 0 0 0 0 0 0 1 0 1 0 0 0 0 0 15 0 0 0 1 0 0 2 0 0 0 0 8 0 0 2 0 2 5 0 0 0 0 0 2 0 0 0 0 1 0 0 0 0 0 18 0 14 0 0 0 0 0 0 0 0 0 0 
 0 3 0 0 0 0 0 2 0 0 0 0 0 0 0 2 0 0 0 0 104 336 109 134 132 52 102 40 77 313 173 252 34 253 66 0 90 153 482 167 0 0 3 3 0 3 11 0 2 1 4 3 30 2 0 2 64 3 0 3 0 0 3 0 0 0 0 0 3 2 8 2 0 0 0 2 0 4 0 8 0 0 0 0 0 0 0 0 0 0 0 0 0 0 0 0 0 0 0 0 42 0 33 1 23 10 0 31 8 32 9 32 4 0 9 13 0 36 0 0 0 0 0 0 0 0 0 0 0 0 0 8 14 0 10 0 1 6 0 8 0 5 0 0 0 0 0 0 0 0 0 0 0 0 0 2 0 0 0 1 0 8 0 0 0 0 9 0 0 0 0 1 0 0 16 0 1 0 0 0 12 33 1 22 23 40 12 0 23 19 0 11 0 7 0 7 4 63 0 0 0 0 0 0 0 0 28 7 0 0 0 0 0 0 0 0 0 0 42 21 0 0 0 16 0 0 0 0 0 0 0 0 0 15 0 0 0 0 0 0 0 0 0 0 0 0 0 0 0 0 0 0 0 0 13 1 2 74 76 2 0 2 0 0 0 0 0 0 0 0 0 0 0 0 0 0 0 0 0 0 0 1 0 0 0 0 0 0 0 0 
 0 0 0 0 1 4 0 0 0 0 3 0 2 2 3 0 0 0 0 0 94 343 143 613 59 68 118 116 267 392 205 142 69 193 160 90 0 530 141 106 0 0 2 2 42 3 0 0 4 3 3 0 38 0 4 3 2 0 0 3 0 0 3 0 1 9 0 50 3 5 0 0 0 2 4 3 1 0 0 3 0 0 0 0 0 12 8 0 0 0 0 0 0 0 0 0 0 0 0 0 22 6 15 11 0 5 7 0 1 0 42 11 9 29 11 11 7 42 25 0 3 0 0 0 2 0 0 0 0 0 0 0 0 0 0 1 0 0 0 0 0 0 3 0 0 0 0 0 0 0 0 0 0 0 13 10 0 5 0 2 0 0 0 0 0 0 0 0 0 0 0 1 0 0 0 0 0 0 0 0 14 3 8 1 29 22 20 14 11 44 9 2 11 0 19 1 32 22 1 20 0 0 0 0 0 0 10 10 0 0 1 0 0 0 0 0 0 0 0 21 0 0 0 1 0 0 4 0 1 0 0 0 0 0 0 0 0 0 0 0 0 0 1 0 0 1 0 2 0 0 0 0 0 0 13 0 3 1 0 1 5 0 0 0 0 0 0 0 0 0 0 0 0 0 0 0 0 0 0 0 0 0 0 0 0 6 0 0 0 0 
 3 1 3 2 76 3 7 3 0 3 4 5 2 3 3 2 4 2 2 6 48 83 427 114 35 115 247 67 153 94 35 289 109 203 344 153 530 0 271 174 0 0 2 2 0 3 0 0 2 0 3 0 0 7 0 0 2 0 0 3 0 0 3 0 0 0 0 0 3 3 30 0 0 0 0 0 0 0 1 3 0 0 0 0 0 6 0 0 0 0 0 0 0 0 0 0 0 0 0 0 7 19 0 40 0 9 12 0 0 0 17 0 21 41 9 37 8 0 0 9 0 0 0 0 0 0 8 0 5 0 15 0 0 10 0 0 0 0 0 22 1 0 0 0 0 0 0 0 12 0 0 0 0 6 0 18 0 7 0 3 0 0 8 0 29 0 0 0 0 0 1 0 0 0 0 0 0 0 0 0 28 36 0 0 7 2 18 10 13 17 33 12 14 9 15 55 12 10 11 26 10 0 0 0 0 0 11 0 0 0 0 0 21 0 20 0 0 0 18 11 0 0 0 0 14 0 0 0 0 0 0 0 0 0 0 0 0 11 0 0 0 0 2 0 0 0 0 0 0 0 0 0 0 0 13 1 0 0 78 0 15 0 0 0 0 0 0 0 0 0 0 0 0 0 0 0 0 0 0 0 0 0 0 2 0 0 1 0 0 0 
 1 0 2 0 59 142 5 3 1 0 1 73 2 0 3 76 0 0 76 0 231 292 311 102 363 274 180 341 421 157 66 153 206 529 346 482 141 271 0 146 0 0 2 2 0 3 0 0 7 0 3 3 11 2 6 6 0 3 0 3 9 0 3 1 0 0 0 0 3 3 0 0 2 0 0 3 0 2 0 3 0 0 0 0 21 0 0 0 0 0 0 0 0 0 0 0 0 0 0 0 11 17 10 22 0 0 49 5 13 0 32 0 47 1 1 37 50 11 25 25 0 0 0 0 0 0 0 0 0 0 0 0 0 0 0 0 0 4 0 0 0 0 3 0 0 0 0 0 0 0 0 0 0 0 0 5 1 5 10 2 0 0 0 0 12 0 0 0 0 0 0 1 1 0 0 0 0 0 0 0 11 10 7 1 10 4 0 27 29 21 34 10 10 26 9 1 0 0 15 15 0 0 0 0 0 0 0 0 0 0 0 0 0 1 0 0 0 0 0 0 0 0 0 2 0 0 2 0 0 0 0 0 0 0 0 0 11 0 0 0 0 0 18 0 0 0 0 0 0 0 0 0 0 0 10 0 2 0 0 1 2 1 0 0 0 0 0 0 0 0 0 0 0 0 0 0 8 0 0 0 0 0 0 0 0 0 0 0 0 0 
 0 1 1 16 100 74 1 2 0 0 91 76 0 0 3 91 0 80 0 1 33 36 122 57 343 25 47 132 140 185 51 102 290 191 152 167 106 174 146 0 1 0 0 2 0 3 0 0 2 22 0 0 0 1 1 4 60 0 0 3 0 3 0 3 12 0 1 0 0 0 0 1 1 0 0 3 1 0 2 0 0 0 1 1 0 0 0 0 13 0 1 18 0 0 1 0 0 0 0 0 0 0 1 18 1 0 28 1 7 0 12 8 39 0 12 66 36 19 26 29 0 0 0 0 0 0 0 0 0 0 0 0 0 0 0 0 0 0 0 0 0 0 7 1 0 0 0 2 0 0 0 0 0 0 0 1 0 2 0 5 0 0 5 0 20 1 0 0 0 0 0 18 0 0 1 0 0 14 0 0 8 13 0 0 0 0 18 2 11 13 23 16 11 27 12 0 11 8 3 55 0 0 0 0 0 0 0 0 2 0 0 0 0 0 0 0 0 0 0 0 0 0 0 0 0 0 0 0 0 13 0 0 0 1 0 0 0 0 0 0 0 0 0 0 0 0 0 0 0 75 0 0 0 0 7 2 5 0 0 0 0 0 0 0 0 0 0 0 0 0 0 0 0 0 0 0 9 0 0 0 0 0 0 0 0 0 0 0 0 0 
 2 3 2 3 6 2 3 2 0 2 6 4 5 66 3 3 3 2 3 2 3 2 3 0 0 117 2 2 0 0 1 0 0 0 0 0 0 0 0 1 0 80 95 68 255 29 156 202 37 35 19 32 272 123 187 90 41 290 210 99 0 3 3 2 1 1 0 0 2 0 1 0 0 3 0 0 0 3 0 0 0 0 29 0 0 0 0 0 0 0 0 0 0 0 0 0 0 0 0 0 0 0 0 0 0 6 0 0 0 1 0 0 6 0 0 0 0 0 0 0 0 15 7 0 1 11 15 20 23 2 28 0 12 32 1 10 29 0 0 11 0 13 0 0 0 0 0 0 0 0 0 0 0 0 0 0 0 0 0 0 0 0 0 0 0 0 0 0 0 0 0 0 0 0 0 0 0 0 0 0 0 0 0 0 0 0 0 0 0 0 0 0 0 0 0 0 0 0 0 0 38 0 2 14 0 0 12 14 22 42 16 1 0 0 2 14 18 11 11 0 0 0 0 0 0 0 0 0 20 0 0 0 0 0 3 0 0 0 1 0 0 0 0 0 0 0 0 0 0 0 0 11 0 0 0 0 0 0 0 0 0 0 0 1 0 14 1 0 2 0 0 0 0 0 0 0 0 0 0 0 0 0 0 0 23 0 0 1 0 0 
 0 1 3 0 0 0 0 1 0 0 0 0 0 0 0 0 0 0 0 0 0 3 0 1 62 4 0 0 0 4 1 1 0 0 205 0 0 0 0 0 80 0 107 76 101 26 131 83 145 34 123 283 267 292 132 109 85 79 66 44 0 0 0 0 2 3 0 0 0 0 0 0 0 0 5 0 0 0 1 0 0 0 0 0 0 0 0 0 0 0 0 0 0 0 0 13 0 0 0 0 0 0 17 0 0 0 0 0 0 0 0 0 7 0 0 0 0 0 0 0 13 15 22 42 16 0 0 0 0 29 0 8 7 0 0 8 1 15 15 0 0 0 0 0 0 35 0 0 0 0 3 0 0 0 0 0 0 0 0 0 0 0 0 0 0 0 0 0 0 0 0 0 13 0 0 0 0 0 0 0 0 0 14 0 0 0 0 0 0 0 0 4 0 0 0 0 0 0 0 0 5 26 12 9 4 23 11 0 9 10 29 0 1 15 2 26 2 3 0 0 0 0 0 0 0 0 1 0 1 0 0 0 30 0 0 0 0 0 8 0 0 0 0 0 0 0 0 0 0 0 0 3 0 1 0 0 0 1 1 0 0 0 0 69 2 3 0 1 0 0 0 0 0 0 0 0 0 0 0 0 0 0 0 0 23 0 0 0 2 0 
 2 0 3 0 0 0 0 0 1 0 0 0 0 0 0 0 0 0 0 2 2 4 2 2 5 2 2 206 2 210 2 2 203 5 2 3 2 2 2 0 95 107 0 205 51 119 49 118 163 190 330 128 383 243 121 118 63 165 29 139 0 0 0 0 1 19 0 0 0 0 0 0 0 0 0 0 0 0 1 55 0 0 0 0 0 0 0 12 0 0 0 0 0 0 0 0 0 1 0 0 0 0 0 0 0 0 0 0 0 0 0 0 0 0 0 0 0 0 0 0 14 11 52 9 31 8 0 7 0 21 23 14 0 0 0 22 0 29 0 0 9 0 0 0 0 0 0 0 0 0 0 0 24 8 0 0 0 0 9 0 0 0 0 0 0 0 0 0 3 0 0 0 0 0 0 0 0 0 0 0 0 0 0 0 0 0 0 0 0 0 0 0 0 0 0 0 0 0 0 0 0 10 12 11 0 9 0 0 11 33 16 35 0 22 20 10 23 8 0 9 0 0 0 0 0 0 34 1 0 0 0 0 10 0 0 30 0 0 10 27 0 0 0 0 0 0 0 0 0 0 0 2 0 0 0 0 0 0 2 11 0 0 67 0 0 0 4 0 0 0 15 0 0 0 0 0 0 0 0 0 0 0 0 0 0 15 0 0 0 0 
 0 9 2 0 2 0 0 0 0 0 0 3 0 0 0 0 0 2 0 0 3 2 2 2 2 2 2 2 4 2 2 2 2 2 2 3 2 2 2 2 68 76 205 0 111 259 93 84 269 370 278 138 129 177 79 164 43 165 80 142 51 0 0 0 0 2 0 0 0 0 0 0 50 1 0 0 0 0 0 1 0 0 0 0 0 0 0 0 0 1 0 0 0 0 0 0 0 0 0 0 0 0 22 0 0 0 0 0 0 0 0 0 0 0 0 0 0 0 0 0 11 0 12 0 15 16 0 9 5 10 15 19 0 0 0 0 1 8 0 0 0 0 0 0 0 0 1 7 0 15 0 0 34 9 0 0 1 0 25 6 0 0 0 0 0 0 0 0 49 0 0 0 0 0 0 0 0 0 0 0 0 0 0 0 0 0 0 0 0 0 0 11 0 0 0 0 0 0 0 0 4 0 10 0 5 35 0 0 34 0 10 40 0 6 25 13 11 6 20 17 0 1 0 0 0 0 64 18 15 0 0 0 38 2 0 0 0 0 11 9 0 0 0 0 0 0 0 0 0 0 0 17 0 0 0 0 0 0 0 9 0 0 65 0 9 63 0 0 0 0 28 0 0 0 0 0 0 0 0 0 0 0 0 0 0 0 0 0 0 0 
 0 4 5 0 0 0 0 0 0 0 0 2 2 0 3 0 0 0 0 0 2 2 0 0 0 3 0 0 0 0 0 0 0 0 0 0 42 0 0 0 255 101 51 111 0 419 285 85 322 556 353 385 70 74 186 165 53 318 80 59 0 0 51 0 0 1 0 0 0 0 2 28 0 0 52 62 0 0 49 50 0 0 0 0 0 0 0 0 0 0 0 0 0 0 0 0 0 0 0 0 0 0 0 0 0 0 0 0 0 0 0 0 0 0 0 0 0 0 0 0 0 0 0 8 39 17 0 0 0 13 0 39 0 0 0 8 0 55 0 0 0 0 1 0 0 1 10 0 0 1 0 0 26 0 7 7 1 0 0 20 0 0 0 0 0 0 0 0 0 3 0 0 0 0 0 0 0 0 0 0 0 0 0 0 0 0 0 0 0 0 0 0 16 0 1 0 0 0 0 0 0 0 0 0 0 6 0 0 0 17 0 6 0 32 0 0 11 12 0 0 54 10 18 6 0 9 0 61 7 9 23 0 0 10 0 13 31 12 0 33 0 0 11 0 0 0 0 0 0 0 0 0 0 0 0 1 0 0 0 15 0 0 0 0 2 7 2 68 0 0 0 0 0 0 0 0 0 0 0 0 0 0 0 0 0 0 0 0 0 0 
 0 0 3 0 3 0 0 0 0 0 0 3 3 0 0 0 0 3 0 0 3 5 3 4 3 3 3 3 3 3 3 3 3 3 3 3 3 3 3 3 29 26 119 259 419 0 57 35 49 53 94 51 29 51 79 71 113 36 65 59 0 0 0 6 0 0 52 64 0 0 51 0 78 0 71 12 0 0 0 40 0 0 0 0 0 0 0 0 0 0 0 0 0 0 0 0 0 0 0 0 0 0 0 0 10 0 0 0 0 0 6 0 0 0 0 0 0 0 0 0 0 0 0 0 0 10 0 0 0 0 1 10 0 0 0 0 0 11 0 0 13 0 38 7 0 0 6 20 0 0 8 0 6 0 7 9 11 13 13 0 0 0 0 0 0 0 0 0 0 2 0 0 0 0 0 0 0 0 0 0 0 0 0 0 0 0 0 11 0 0 0 0 0 0 0 0 0 0 0 0 0 0 0 0 0 0 0 0 0 0 0 8 0 0 0 0 0 0 0 0 30 11 30 23 0 0 0 17 22 0 6 22 9 9 18 19 18 0 48 8 7 0 0 0 0 0 0 0 0 0 0 0 0 0 0 0 0 0 0 33 0 0 5 0 1 7 0 0 0 0 0 0 0 0 0 0 0 0 0 0 0 0 0 0 0 0 0 0 0 0 
 0 0 1 0 0 0 0 0 2 0 0 5 0 0 0 0 0 0 0 0 3 2 0 0 1 117 69 0 0 62 128 23 0 0 0 11 0 0 0 0 156 131 49 93 285 57 0 158 64 31 111 59 243 100 332 86 61 113 393 48 0 3 0 0 0 0 4 0 0 0 0 0 0 0 0 0 0 0 0 0 0 0 0 0 0 0 0 10 0 0 0 0 0 0 0 0 0 0 0 0 0 20 1 0 9 10 0 0 0 10 1 9 0 0 0 6 0 0 0 0 0 10 0 0 0 0 22 12 0 9 13 0 19 37 22 0 22 7 4 10 0 0 0 0 0 0 0 0 0 0 0 0 0 0 0 0 0 0 0 0 0 0 0 0 0 0 0 0 19 0 0 0 0 20 3 0 0 0 0 7 0 10 0 0 7 11 0 0 10 0 0 11 0 0 0 1 0 0 0 0 25 24 8 11 0 12 22 7 0 3 27 0 0 0 0 18 0 19 0 0 0 0 0 0 0 0 0 0 0 0 0 0 0 0 12 0 0 0 0 0 0 0 0 0 0 0 0 0 0 0 0 4 0 1 0 0 0 0 62 2 0 0 0 0 0 0 0 0 2 0 0 0 0 0 0 0 0 0 0 0 0 0 0 0 14 0 0 2 0 0 
 2 2 2 2 2 2 2 2 0 2 4 2 2 2 4 8 2 2 2 2 0 0 0 0 0 62 0 0 0 0 2 0 0 0 0 0 0 0 0 0 202 83 118 84 85 35 158 0 397 104 36 123 408 201 68 209 94 118 117 163 0 0 0 0 0 17 0 0 0 3 5 2 0 6 3 11 0 4 0 3 0 0 0 0 0 0 0 0 0 0 0 0 0 0 0 0 0 0 0 0 0 3 0 0 0 14 0 0 0 0 0 0 0 0 0 0 0 0 0 0 16 8 22 0 9 0 8 35 9 11 20 10 12 9 0 4 7 7 1 0 0 0 0 0 0 0 8 0 0 0 0 0 0 0 0 0 0 0 0 0 0 0 0 0 0 0 0 0 0 0 0 0 0 0 0 0 0 0 0 0 0 0 0 0 0 0 0 0 3 0 0 0 0 0 0 0 0 0 0 0 27 0 47 3 0 0 0 9 29 1 35 37 7 7 19 33 13 7 0 9 0 0 0 0 0 0 11 0 19 0 0 0 10 0 0 0 0 0 10 10 0 0 0 0 0 0 0 0 0 0 0 4 0 1 0 0 0 0 0 2 0 0 77 66 0 4 0 0 0 0 14 0 0 0 0 0 0 0 0 0 0 0 0 0 19 0 0 22 2 0 
 3 3 9 3 3 3 3 3 4 3 3 3 3 3 5 3 3 5 3 3 2 8 6 6 22 2 6 4 2 2 7 125 3 75 3 2 4 2 7 2 37 145 163 269 322 49 64 397 0 100 395 35 618 124 402 135 36 136 107 162 0 3 0 0 0 0 0 1 0 0 0 1 2 0 0 3 1 0 21 0 0 0 0 0 0 0 24 0 1 0 0 0 0 0 0 0 0 0 0 0 1 19 0 0 1 0 4 3 0 0 2 0 1 3 1 1 0 0 0 0 23 1 66 0 15 0 0 7 19 15 14 0 10 48 0 2 34 38 6 0 0 0 0 0 0 0 0 0 0 0 0 0 0 0 0 0 0 0 0 0 0 0 0 0 0 0 0 0 0 0 0 1 0 0 3 0 0 0 0 0 0 0 0 1 2 4 0 0 0 19 0 1 0 7 0 0 0 0 0 2 8 7 9 0 0 10 8 0 19 38 0 29 30 27 39 0 54 14 22 3 0 0 10 0 0 0 0 0 0 0 0 0 1 0 0 0 0 0 0 12 0 0 3 0 0 0 0 0 0 0 0 6 0 1 0 0 0 0 0 0 0 0 0 0 0 2 0 0 0 0 0 0 0 0 0 0 0 0 0 0 0 2 0 0 0 0 0 0 2 0 
 30 2 2 0 3 0 2 2 3 0 5 3 0 0 0 0 0 2 0 2 4 4 0 0 0 0 0 0 0 2 2 2 0 0 0 1 3 0 0 22 35 34 190 370 556 53 31 104 100 0 378 298 67 173 173 133 94 133 72 323 51 0 0 0 0 18 0 0 2 2 0 5 21 0 0 0 0 0 2 0 0 0 0 0 0 0 0 0 0 0 0 0 0 0 0 0 0 0 0 0 2 0 0 0 0 0 0 0 0 0 0 0 0 0 0 0 0 0 10 0 41 0 42 12 41 16 0 5 18 0 15 10 3 0 0 0 14 31 0 0 0 0 0 0 0 6 0 0 0 25 0 0 20 6 0 0 0 0 11 0 0 0 0 0 0 0 0 12 9 0 0 0 0 0 0 0 0 0 0 0 0 0 0 0 0 0 0 0 0 0 0 0 0 0 0 0 0 0 0 0 27 0 6 0 6 31 0 0 10 0 0 58 0 15 19 0 13 4 8 5 0 0 0 0 0 0 30 0 0 0 1 0 32 0 0 0 0 0 31 11 0 0 0 0 0 0 0 0 0 0 0 2 0 0 0 0 0 0 0 10 0 0 64 0 64 5 1 0 0 0 12 0 0 0 0 0 0 0 0 0 0 0 0 0 0 0 0 0 0 0 
 0 3 3 0 0 0 3 0 0 0 0 3 0 0 0 0 0 0 0 1 3 5 3 4 3 3 3 3 3 0 6 21 3 3 3 4 3 3 3 0 19 123 330 278 353 94 111 36 395 378 0 241 46 138 359 379 71 138 42 131 16 0 0 2 0 1 0 4 0 0 0 0 3 0 11 4 0 0 0 43 0 0 0 0 0 0 0 0 0 6 0 0 0 0 0 0 0 0 0 0 0 0 0 0 0 0 0 0 0 0 0 0 0 0 0 0 0 0 0 0 0 12 32 39 13 26 0 0 0 26 0 23 0 0 0 15 0 17 0 0 0 7 4 0 0 0 8 0 5 0 0 0 32 6 10 0 0 0 7 11 0 0 0 0 0 0 0 0 0 4 0 0 1 0 0 0 0 0 15 0 0 0 0 0 0 0 0 0 0 0 0 0 0 0 0 0 0 0 0 0 15 13 2 21 0 45 0 0 2 12 13 2 12 34 2 6 0 11 0 0 0 0 0 0 0 0 27 9 0 0 0 0 1 1 10 7 3 6 2 11 0 0 10 0 0 0 0 0 0 0 0 5 0 0 0 0 0 0 0 14 0 0 0 0 0 0 0 64 0 0 0 0 0 0 0 0 0 0 0 0 0 0 0 0 26 0 0 0 0 0 
 0 0 2 0 0 0 4 0 6 0 0 0 2 0 0 0 0 0 0 0 2 1 0 1 2 1 0 0 0 0 0 0 0 2 0 3 0 0 3 0 32 283 128 138 385 51 59 123 35 298 241 0 107 153 51 165 73 110 320 248 0 0 0 0 1 4 1 0 0 2 0 0 0 50 0 1 0 3 2 2 0 0 14 0 0 0 8 0 0 0 0 0 0 0 0 0 0 1 0 0 0 0 0 0 0 0 0 0 0 0 0 0 0 0 0 0 0 0 0 0 0 19 78 26 18 0 0 19 0 25 31 48 0 1 0 38 0 1 0 0 5 0 0 0 0 0 0 3 1 4 0 0 5 1 0 5 2 0 12 0 0 0 0 0 0 0 0 0 0 0 0 0 0 9 0 0 0 0 0 0 10 0 0 0 0 0 0 0 0 0 0 0 0 0 0 0 0 0 0 0 19 21 21 43 20 10 0 0 1 0 32 2 0 19 38 29 0 37 0 0 4 4 0 0 0 0 6 0 18 0 0 0 30 5 4 0 0 0 20 22 0 0 0 0 0 1 0 0 0 0 0 9 0 0 0 0 0 0 0 12 0 0 65 33 1 10 2 0 0 0 46 0 0 0 0 7 0 0 0 0 0 0 0 0 0 0 0 0 0 0 
 0 0 3 0 0 0 2 0 0 37 2 2 0 0 3 0 0 0 0 0 0 2 4 0 1 70 3 1 0 70 137 7 0 6 3 30 38 0 11 0 272 267 383 129 70 29 243 408 618 67 46 107 0 155 119 46 30 51 256 114 51 0 0 0 0 2 0 0 0 0 0 0 0 0 0 0 0 1 0 0 0 0 0 0 0 0 0 8 13 0 0 0 0 0 0 0 0 0 0 0 4 42 1 0 30 0 7 1 1 20 3 17 1 4 0 8 2 0 0 0 21 33 45 8 0 0 27 30 30 0 14 15 17 14 14 57 28 10 0 14 0 0 0 0 0 0 0 0 1 0 0 7 23 0 0 0 0 0 0 0 24 0 0 0 0 0 0 0 0 0 0 0 0 0 4 0 0 0 0 0 0 14 0 21 10 58 0 0 15 2 0 4 0 0 5 0 0 0 0 1 9 9 15 4 0 0 21 2 11 23 24 17 0 36 28 1 47 14 9 15 0 0 0 0 0 0 0 0 0 0 0 0 0 0 0 0 0 0 0 0 0 0 4 0 0 0 0 0 0 0 0 7 0 2 0 0 0 77 85 1 0 7 0 0 0 1 0 0 0 0 0 0 0 0 0 0 0 0 0 0 0 1 0 0 0 0 0 0 0 0 
 3 3 6 3 3 3 3 3 0 3 3 3 6 3 3 3 3 3 3 3 2 62 0 0 0 0 0 0 0 0 0 0 0 4 0 2 0 7 2 1 123 292 243 177 74 51 100 201 124 173 138 153 155 0 240 133 34 160 121 119 0 52 6 0 0 10 0 0 6 2 0 0 0 0 19 0 3 0 4 1 0 0 0 0 0 0 0 0 0 0 0 0 0 28 0 0 0 0 0 0 0 0 0 0 0 0 0 0 0 0 0 0 0 0 0 0 0 0 0 0 21 18 52 23 1 0 0 0 0 74 0 15 0 0 0 43 0 25 0 0 0 0 0 0 0 3 0 0 0 0 0 0 0 0 0 0 0 0 1 0 0 0 0 0 0 0 0 0 15 0 0 0 0 0 0 0 9 0 0 0 0 0 0 0 3 0 0 0 0 0 0 0 0 0 0 0 0 0 0 0 29 32 10 26 19 17 0 0 14 62 24 1 0 29 12 26 1 10 0 6 0 0 0 0 0 6 0 0 0 0 0 0 14 0 11 0 6 0 7 2 0 0 0 0 0 0 0 0 0 0 0 2 0 1 2 0 0 0 0 2 0 0 0 5 0 0 0 0 3 0 3 0 0 0 0 5 0 0 0 0 0 0 0 0 5 0 0 0 1 0 
 0 5 0 0 0 0 0 0 3 0 0 2 0 0 0 0 0 0 0 0 1 0 1 6 0 4 3 0 0 3 5 4 0 3 5 0 4 0 6 1 187 132 121 79 186 79 332 68 402 173 359 51 119 240 0 347 93 133 85 291 0 0 0 0 0 0 0 0 0 0 0 0 0 3 0 0 0 0 53 0 0 19 0 0 0 0 0 0 0 0 0 0 0 0 0 0 0 0 0 0 6 0 0 0 0 0 0 0 0 0 2 1 0 6 3 0 4 0 0 0 22 7 44 0 22 9 51 9 33 27 23 0 10 20 0 23 44 27 0 0 0 0 0 0 0 0 0 0 0 0 0 0 0 0 0 0 0 0 0 0 0 0 14 0 0 0 0 0 0 0 0 0 0 0 0 0 0 0 0 5 0 0 0 0 3 8 0 0 1 4 0 0 0 0 4 0 0 2 0 0 17 1 14 24 0 1 0 10 21 62 9 29 11 13 20 2 74 15 40 9 0 0 11 0 0 0 0 0 3 0 0 0 0 0 2 0 0 0 0 10 0 0 1 0 0 0 0 0 0 0 0 4 0 0 0 0 0 0 0 1 66 0 0 1 0 5 0 0 1 0 0 0 0 0 0 0 0 0 0 0 0 3 0 0 19 0 0 0 0 0 
 0 0 5 0 2 0 0 0 2 0 0 0 0 0 0 0 0 2 0 0 2 2 9 0 0 23 4 0 0 216 4 4 0 4 6 2 3 0 6 4 90 109 118 164 165 71 86 209 135 133 379 165 46 133 347 0 51 281 111 55 0 0 0 0 0 0 0 0 0 0 0 0 66 0 0 5 0 0 2 0 0 0 0 0 0 0 0 0 0 0 0 0 0 0 21 0 0 0 0 0 21 0 0 0 0 4 2 0 0 0 4 2 0 12 3 0 6 0 0 0 18 0 21 9 40 27 15 3 0 0 19 30 13 5 0 0 11 1 0 16 0 0 11 0 0 9 9 0 1 0 0 0 13 7 0 0 0 0 0 10 0 0 0 13 0 0 0 0 19 0 0 0 0 0 0 0 0 0 0 0 0 0 0 0 5 8 0 0 1 4 0 0 0 0 4 0 0 1 0 0 25 0 0 0 15 64 0 0 20 0 8 3 0 0 19 9 0 35 0 0 0 0 0 0 0 0 32 0 0 0 0 0 16 0 0 0 0 0 24 28 0 0 8 0 0 0 0 0 0 0 0 4 0 2 0 0 0 0 0 0 0 0 66 0 0 1 4 43 0 0 17 0 0 0 0 0 0 0 0 0 0 0 0 0 20 9 0 0 0 0 
 18 7 54 4 3 7 64 5 2 4 5 7 6 3 4 4 4 6 64 5 3 2 2 2 2 2 0 0 2 2 0 2 2 2 0 64 2 2 0 60 41 85 63 43 53 113 61 94 36 94 71 73 30 34 93 51 0 244 108 36 0 0 0 0 0 0 0 0 0 5 0 0 26 0 0 1 0 0 18 0 0 5 0 0 0 0 12 13 11 0 0 0 0 0 0 0 0 0 11 9 0 0 0 0 0 0 0 0 0 0 19 0 0 0 0 0 0 0 0 0 0 1 3 8 8 2 1 8 0 25 11 17 1 0 0 9 1 40 1 0 2 13 0 9 1 10 2 0 0 1 0 2 1 1 2 0 2 6 2 2 0 14 0 0 0 0 0 9 12 0 0 0 0 0 0 1 0 0 4 0 0 0 0 0 0 0 0 0 0 0 0 1 0 0 0 0 0 0 0 0 23 16 20 22 22 0 0 20 0 12 49 2 0 0 0 26 11 2 0 0 1 2 16 2 2 2 3 1 19 0 2 0 2 2 1 2 2 2 2 33 0 0 0 0 0 0 1 0 0 0 0 0 0 0 0 0 0 0 1 0 0 0 65 37 0 15 2 0 1 0 46 0 0 0 0 0 0 0 0 0 0 0 1 0 0 15 0 0 0 0 
 0 0 0 0 0 0 0 0 3 0 0 0 0 0 0 0 0 0 0 0 0 3 0 0 0 0 0 0 1 1 0 0 0 0 1 3 0 0 3 0 290 79 165 165 318 36 113 118 136 133 138 110 51 160 133 281 244 0 54 93 0 0 0 0 0 0 0 0 0 0 0 0 51 0 0 0 0 0 49 0 0 0 0 0 0 0 0 0 0 0 0 0 0 0 0 0 0 0 0 0 0 16 0 0 0 0 0 0 0 0 0 0 0 0 0 0 0 0 0 0 30 0 36 3 10 12 0 13 10 11 13 0 0 0 0 0 27 54 0 0 3 0 0 0 0 0 0 0 0 0 0 0 0 0 0 0 0 0 7 0 0 0 0 0 0 0 0 0 2 0 0 0 0 0 0 0 0 0 0 0 0 0 0 0 0 0 0 0 0 0 0 0 0 0 0 0 0 0 0 0 66 17 72 9 21 1 0 0 10 0 31 33 0 11 10 37 13 0 9 11 0 0 6 0 0 0 0 0 0 0 0 0 10 0 12 0 0 0 11 9 0 0 0 0 0 0 0 0 0 0 0 2 0 0 0 0 0 0 0 10 0 0 3 67 0 1 0 0 0 0 0 0 0 0 0 0 0 0 0 0 0 0 0 0 11 0 0 0 0 0 
 0 0 3 0 0 0 0 0 0 0 0 0 0 0 0 0 0 0 0 3 3 0 0 0 1 147 0 2 0 0 62 30 0 0 0 0 0 0 0 0 210 66 29 80 80 65 393 117 107 72 42 320 256 121 85 111 108 54 0 119 4 4 0 2 0 0 4 5 0 0 0 0 2 0 4 0 0 0 1 51 0 0 0 0 0 0 0 0 0 0 0 0 0 0 0 0 0 0 0 0 0 0 14 0 8 14 0 0 9 8 0 0 0 0 0 5 1 0 0 0 0 34 4 0 0 0 77 34 24 0 23 25 0 29 17 44 2 0 0 8 0 12 4 0 0 0 0 0 7 0 0 3 0 5 4 0 1 0 0 0 0 0 0 0 0 0 0 0 0 0 29 0 0 0 0 0 0 0 0 0 0 0 0 6 0 0 0 0 9 0 0 13 0 0 0 0 11 0 0 0 24 21 13 10 0 8 11 32 13 23 26 0 0 14 11 10 0 23 1 10 0 0 0 0 0 0 6 0 7 20 0 0 0 0 0 8 0 5 0 0 0 0 0 0 0 0 0 0 0 0 0 0 0 0 0 0 0 0 0 18 0 8 0 69 0 15 1 0 0 0 0 0 0 0 0 0 0 0 0 0 0 10 0 0 11 0 0 0 2 0 
 0 4 3 0 3 0 0 1 2 1 0 0 0 0 3 0 0 3 0 0 6 6 4 3 65 3 3 3 3 4 3 65 3 3 210 3 3 3 3 3 99 44 139 142 59 59 48 163 162 323 131 248 114 119 291 55 36 93 119 0 0 0 0 0 0 1 0 0 0 0 0 0 0 0 0 0 0 1 4 0 0 0 0 0 0 0 0 0 0 0 0 0 0 0 0 0 0 0 0 0 0 0 0 0 1 2 0 0 0 0 0 1 0 0 0 1 0 0 0 0 4 0 14 0 10 11 0 9 23 14 8 1 15 9 17 0 30 10 8 0 0 0 0 0 0 0 0 14 0 0 0 0 0 0 0 0 0 0 0 0 0 0 0 0 0 0 0 0 0 0 0 0 0 0 2 0 0 0 0 0 0 0 0 0 3 0 0 0 0 0 0 0 0 0 0 0 0 2 0 0 20 0 36 7 0 0 0 0 10 9 3 6 10 42 26 40 26 10 27 11 0 0 0 0 0 0 0 0 0 0 0 0 0 0 11 0 0 5 10 0 0 0 0 0 0 0 0 0 0 0 0 8 0 1 0 0 0 76 0 2 0 0 1 0 0 3 2 0 0 0 0 0 0 0 0 0 0 0 0 0 0 0 0 0 0 0 0 20 1 0 
 0 0 0 0 0 4 0 0 0 0 0 0 0 0 1 0 0 0 0 0 32 0 0 50 1 0 3 4 11 0 0 0 2 0 0 0 0 0 9 0 0 0 0 51 0 0 0 0 0 51 16 0 51 0 0 0 0 0 4 0 0 316 111 43 48 29 366 115 47 44 11 84 180 107 142 38 56 44 97 100 0 0 0 0 14 7 0 0 0 0 0 0 0 0 0 0 0 0 0 0 0 8 0 8 0 0 2 11 0 0 0 0 15 0 0 2 0 0 0 0 0 0 0 0 0 11 0 0 0 0 0 0 0 0 0 0 0 0 0 0 9 12 7 1 0 0 0 16 20 5 0 0 16 6 9 0 2 15 6 13 0 0 0 0 0 12 0 0 0 0 0 2 0 10 0 0 0 58 0 1 0 0 0 0 0 0 0 4 6 0 21 0 0 20 0 0 0 0 0 7 0 0 0 0 9 14 0 0 0 0 0 4 0 0 0 0 0 0 0 0 21 0 9 1 20 0 47 8 14 13 9 7 24 0 9 3 21 12 0 5 0 0 0 0 0 0 0 0 0 0 0 0 0 0 12 0 0 0 0 0 0 0 0 0 53 0 0 0 0 0 20 0 0 13 0 2 0 0 0 0 0 0 0 0 0 0 0 0 0 0 
