 0 149 244 72 143 46 115 95 296 221 104 118 48 44 155 116 185 354 147 51 0 0 0 2 1 0 0 57 0 0 0 0 1 3 2 0 0 0 74 0 0 3 0 0 2 0 0 2 0 0 0 0 0 0 0 2 0 3 0 0 51 3 2 2 37 0 0 0 0 0 27 0 0 0 0 2 0 3 4 0 0 10 59 9 10 17 6 30 27 0 66 1 11 31 51 16 40 31 23 9 0 0 0 0 0 0 0 0 19 0 0 0 12 0 0 0 0 0 14 2 0 0 0 0 0 0 0 0 0 0 0 0 7 0 0 0 0 0 0 0 0 0 0 0 0 0 0 0 0 0 0 1 0 0 0 0 0 0 1 0 0 14 16 14 0 0 0 7 29 50 15 13 4 43 16 17 22 19 16 0 0 0 0 0 0 0 0 0 0 0 0 0 0 0 47 0 0 0 0 10 0 2 0 2 0 0 0 0 0 0 0 0 0 0 0 0 0 0 0 0 0 2 0 0 0 0 2 2 0 0 0 0 0 0 0 0 0 0 0 29 0 0 0 0 0 6 87 0 2 0 27 11 0 0 0 0 0 0 0 0 0 0 0 0 0 2 0 0 0 0 0 0 0 0 0 0 0 0 0 0 0 0 0 0 0 0 0 0 0 0 
 149 0 165 277 136 58 310 475 139 151 249 27 156 56 370 65 76 38 259 124 74 1 2 0 1 0 0 7 1 1 1 2 0 3 0 2 0 0 0 0 0 3 0 0 2 0 0 2 0 0 0 0 0 70 0 2 0 13 0 0 29 3 3 0 3 0 0 0 0 0 0 0 0 0 0 4 0 3 7 0 15 10 12 0 0 0 15 27 52 0 10 25 26 10 10 0 17 16 14 18 0 0 0 0 0 0 0 2 0 0 0 0 0 0 0 1 0 0 0 0 0 0 0 0 0 0 1 1 0 0 0 2 1 0 0 1 0 0 0 0 0 0 0 0 0 0 0 0 0 0 0 0 2 0 0 0 0 0 1 0 11 12 1 27 0 0 14 22 1 10 0 0 11 24 16 22 0 0 7 8 0 0 0 0 0 0 0 0 0 0 0 14 0 0 0 0 0 0 0 0 0 0 0 0 7 0 0 0 0 0 0 0 0 0 0 0 0 0 0 15 0 0 0 0 0 0 0 0 0 0 0 0 0 0 0 0 2 0 0 0 0 8 0 0 0 2 0 2 0 2 0 10 0 0 0 0 0 0 0 0 0 0 17 0 0 0 0 0 0 0 0 0 0 0 0 2 13 13 0 0 0 0 0 0 0 0 0 0 0 0 
 244 165 0 218 132 53 319 286 227 60 117 244 369 151 252 522 68 139 213 33 94 0 0 0 0 2 0 78 0 0 0 0 0 3 0 0 0 0 1 47 0 3 0 0 3 0 0 2 0 0 0 0 0 0 0 2 0 1 0 0 0 3 0 0 1 36 0 0 44 0 0 0 0 0 0 11 0 3 4 51 0 21 0 32 2 0 21 1 16 30 0 0 17 1 19 6 9 0 0 23 0 0 1 0 0 0 5 0 0 0 0 0 0 0 0 0 0 0 0 2 0 0 0 0 0 0 0 0 0 7 0 0 0 0 0 0 0 0 0 0 0 0 0 0 0 0 0 0 0 0 0 0 0 0 0 0 0 0 0 0 11 0 0 0 10 0 1 0 22 0 1 30 9 21 16 45 0 0 9 9 0 0 0 0 0 0 0 0 5 0 0 0 0 0 0 0 0 0 0 0 0 0 0 0 0 0 0 0 0 0 0 0 0 0 0 0 0 0 0 0 0 0 0 0 0 0 0 0 0 0 0 0 0 0 0 0 0 0 0 0 0 9 0 0 0 0 0 0 48 86 0 2 0 0 0 0 0 0 0 0 0 15 14 0 0 0 0 0 0 0 0 0 0 0 0 13 0 0 0 0 0 0 0 0 15 0 0 0 0 0 
 72 277 218 0 219 141 127 84 134 183 387 50 85 95 69 300 215 247 390 37 3 0 1 0 1 0 38 7 0 0 1 0 79 4 0 2 0 0 150 75 0 8 0 0 3 0 0 2 22 0 0 0 0 0 0 2 0 66 0 0 0 3 0 0 3 0 18 0 0 2 0 0 0 0 0 2 0 3 0 0 0 0 39 14 28 0 0 20 22 44 29 4 0 1 23 5 26 35 0 10 0 14 8 0 1 0 24 10 0 0 0 0 35 4 15 0 0 0 70 27 0 0 0 0 0 0 0 0 0 0 0 0 0 0 0 15 0 1 0 0 0 0 0 0 0 0 0 0 0 0 0 0 0 0 0 0 0 0 0 0 0 0 10 16 16 0 0 16 0 18 0 23 0 0 16 0 13 16 8 1 0 0 1 0 0 0 13 0 0 0 0 1 9 24 0 13 0 0 1 0 0 0 0 0 0 0 0 0 0 0 0 0 0 0 0 0 0 23 0 0 0 0 0 0 0 0 0 0 0 0 0 0 0 0 0 11 0 0 0 1 0 0 0 0 0 0 2 2 87 5 0 1 0 0 0 0 0 0 0 0 0 0 0 0 0 0 0 0 0 0 0 0 0 0 0 0 0 13 0 0 0 0 0 0 0 0 0 0 0 0 
 143 136 132 219 0 187 76 157 64 154 202 373 83 87 120 381 187 214 81 33 26 0 2 0 0 0 74 78 0 0 0 3 225 151 33 0 2 1 1 77 0 3 0 0 5 0 0 5 0 0 2 0 37 0 51 2 0 31 0 1 0 3 0 0 0 1 3 3 0 0 0 0 2 3 0 6 0 3 0 0 0 0 2 25 8 25 0 9 0 26 17 0 0 1 0 10 13 9 0 0 25 0 17 0 0 0 29 12 0 0 0 0 10 0 24 19 0 0 29 22 0 0 0 0 0 0 0 0 0 0 0 0 0 0 0 0 0 1 0 0 0 0 0 0 0 0 0 0 0 0 0 0 0 0 0 0 0 0 0 0 0 17 0 39 5 0 0 0 13 41 16 11 0 7 1 0 1 9 0 0 21 0 0 0 0 0 21 22 1 12 0 0 25 27 0 0 1 6 21 0 0 0 0 0 0 0 0 0 0 0 0 0 0 0 0 0 0 0 0 0 0 0 0 11 0 0 0 1 0 0 0 0 0 0 0 0 0 0 0 1 0 0 0 0 0 2 0 2 90 4 0 10 0 0 0 0 0 0 0 0 0 0 0 0 0 1 0 0 0 0 0 0 0 0 0 0 17 12 0 0 0 0 0 0 0 0 0 0 0 0 
 46 58 53 141 187 0 121 29 43 157 98 132 30 270 80 87 59 38 83 41 6 195 77 74 2 72 117 9 0 2 80 2 40 18 27 77 153 0 77 0 0 3 0 1 4 0 0 2 0 0 0 1 0 7 5 2 1 2 0 0 2 3 0 33 0 1 2 0 0 0 1 0 36 6 0 3 0 3 1 2 21 19 12 10 1 29 10 0 0 0 0 15 0 0 0 12 18 0 0 0 72 18 26 18 20 0 11 33 0 0 13 12 46 10 0 9 0 0 7 0 0 2 0 9 0 0 1 0 6 0 0 0 0 0 0 0 0 0 0 0 0 0 0 0 0 0 0 0 0 0 0 0 2 0 0 0 0 0 0 0 12 0 26 25 23 30 0 25 16 20 12 0 0 0 23 0 41 13 0 0 7 13 20 0 0 0 41 10 18 15 0 0 103 13 26 3 29 10 47 19 2 0 0 0 0 0 0 0 0 0 1 0 0 0 0 0 0 0 0 0 0 0 0 0 0 0 0 0 0 0 0 0 0 24 0 6 0 0 0 0 0 0 5 0 0 8 1 4 7 103 1 0 21 0 2 0 1 0 0 0 0 0 0 0 0 0 0 0 0 0 0 0 51 0 0 15 37 0 0 0 0 0 0 0 0 1 0 0 0 0 
 115 310 319 127 76 121 0 634 73 495 35 39 426 295 342 256 35 55 413 383 0 0 0 0 1 205 0 5 0 0 0 0 0 3 0 0 0 0 0 0 0 3 0 0 2 0 0 2 0 0 0 0 0 0 0 2 0 3 0 0 0 3 3 0 4 0 0 0 0 0 0 0 0 3 0 31 0 53 0 0 27 16 23 9 0 11 66 27 17 15 11 22 17 37 31 0 24 14 18 15 0 0 0 0 0 0 0 0 0 0 0 0 0 1 0 0 0 11 0 0 0 0 1 0 0 0 10 0 0 0 0 0 0 0 0 0 0 0 0 0 1 0 0 0 4 0 0 0 0 0 0 0 0 12 0 0 0 0 0 0 13 1 19 15 19 1 37 22 13 15 18 0 0 12 14 27 15 15 21 7 0 0 0 0 0 0 0 0 2 2 0 0 15 1 0 0 0 0 0 0 0 0 0 0 3 0 0 0 0 0 0 0 0 0 0 0 0 0 0 0 0 0 0 0 0 0 0 0 0 0 0 2 0 0 1 0 0 2 0 0 0 0 0 0 0 0 0 2 1 3 2 28 0 0 0 0 0 0 0 0 0 0 0 0 0 0 0 0 0 0 0 0 0 0 0 1 0 0 0 0 0 0 0 0 0 0 0 0 0 0 
 95 475 286 84 157 29 634 0 400 118 28 42 392 311 346 148 182 124 401 221 30 3 0 0 2 6 0 82 0 0 3 8 0 6 3 0 4 3 0 2 0 3 3 2 7 0 0 2 0 3 2 0 0 2 0 5 2 2 0 0 0 3 1 3 12 0 0 1 0 3 3 0 1 30 0 5 1 3 7 0 15 9 24 7 7 0 15 22 30 0 15 7 17 10 0 7 7 20 24 1 0 13 0 0 0 0 0 0 5 0 0 0 7 0 0 0 0 0 0 1 0 0 0 0 0 1 0 0 0 0 0 0 0 0 0 0 16 0 1 0 1 0 0 0 2 0 0 0 0 0 0 15 0 0 0 13 0 0 0 0 13 14 0 0 13 0 16 23 1 18 0 1 21 10 16 38 25 3 15 0 0 0 0 0 0 0 0 0 0 0 0 0 0 0 0 0 0 0 0 0 0 0 0 0 0 0 0 0 0 0 0 0 0 0 0 0 0 0 0 0 0 0 0 0 0 0 0 0 0 0 0 0 0 0 0 0 0 0 0 0 0 0 0 0 0 1 0 2 0 1 0 8 0 0 0 0 0 0 0 0 0 0 0 0 0 0 0 0 0 0 0 0 0 0 0 16 12 0 0 0 0 0 0 0 0 0 0 0 0 0 
 296 139 227 134 64 43 73 400 0 103 48 42 90 391 164 348 150 30 397 280 0 0 11 0 0 0 0 4 0 2 0 0 0 4 0 2 0 0 75 0 0 10 0 0 4 0 5 2 16 0 0 0 0 0 0 2 0 2 0 0 0 3 0 0 1 0 0 0 0 0 0 0 0 0 0 14 0 3 4 0 0 16 31 19 13 0 12 0 18 27 21 0 6 0 18 23 22 49 0 1 0 0 5 0 0 0 0 0 0 0 16 0 33 0 0 0 0 0 1 16 0 0 0 0 0 0 0 0 0 25 0 0 1 0 0 0 24 0 0 1 0 0 0 0 0 0 0 0 0 0 0 0 0 0 0 0 0 0 0 0 0 0 26 0 21 0 0 0 18 0 0 12 22 33 19 3 89 15 9 45 0 0 0 20 0 0 0 0 0 0 0 0 0 6 0 0 0 0 0 16 0 0 0 0 0 0 0 0 0 0 0 0 0 0 0 0 0 0 0 0 0 0 0 0 0 0 0 0 0 1 0 0 0 0 0 0 0 0 0 0 0 0 0 0 0 0 3 0 0 87 12 20 0 0 2 0 0 0 0 0 0 0 0 0 0 0 0 0 0 0 0 0 0 0 0 15 0 0 0 0 0 0 0 0 0 0 0 0 0 0 
 221 151 60 183 154 157 495 118 103 0 221 401 147 78 171 174 144 143 182 108 0 0 0 0 0 208 38 4 0 0 0 0 2 3 0 0 0 2 28 0 0 3 0 0 3 0 0 2 0 0 0 0 0 2 0 2 0 63 0 0 0 3 0 0 0 2 0 0 0 0 0 0 0 7 0 3 0 2 0 0 0 63 21 1 0 3 10 20 17 32 27 14 63 12 64 31 19 25 0 15 0 13 0 0 0 0 10 10 27 0 0 0 32 0 0 1 0 0 19 0 0 2 0 0 0 0 2 0 0 0 0 0 0 0 0 0 0 0 0 0 17 0 0 0 0 0 0 0 0 0 0 0 0 0 0 0 0 0 0 0 32 0 41 27 1 0 18 11 13 15 10 0 26 12 0 11 24 63 11 27 0 0 0 0 0 0 12 0 0 0 0 0 10 13 0 10 0 0 0 22 2 0 0 0 0 0 0 0 0 0 1 0 0 6 0 0 0 0 0 0 0 0 0 0 0 0 0 0 0 0 0 0 0 0 0 8 0 0 0 0 0 7 0 0 0 0 0 0 0 1 8 18 0 0 0 0 0 0 0 0 1 0 30 0 0 0 0 0 0 0 0 0 0 0 0 0 0 15 0 0 0 0 0 0 0 1 0 0 0 0 
 104 249 117 387 202 98 35 28 48 221 0 54 263 37 169 264 233 222 33 68 0 32 0 0 0 0 26 5 0 1 0 0 75 3 0 0 0 0 106 74 0 3 0 1 3 0 0 2 0 0 0 0 0 0 0 2 0 1 0 0 52 3 0 0 0 1 11 0 0 0 0 1 0 0 0 3 0 3 0 0 0 0 1 20 28 12 0 29 14 14 24 4 0 15 23 19 47 27 0 23 0 0 0 0 0 0 10 0 0 0 0 0 8 0 21 1 0 0 30 21 0 2 0 0 0 0 0 0 0 0 0 0 0 0 0 0 0 0 0 0 0 0 0 0 0 0 0 0 0 0 0 0 0 0 0 0 0 0 0 0 0 18 0 15 0 11 0 8 10 9 18 15 0 0 1 0 0 6 8 0 0 2 0 0 0 0 0 0 0 0 0 0 0 0 0 0 0 0 1 0 2 0 0 0 0 0 0 0 0 0 1 0 0 0 0 0 0 0 0 0 0 0 0 0 0 0 0 0 0 17 0 0 0 1 0 0 0 0 0 0 0 0 0 0 0 1 0 0 94 2 0 14 0 0 0 0 0 0 0 0 0 0 0 0 0 0 0 0 0 0 0 0 0 0 0 0 0 0 0 0 0 0 0 0 0 0 0 0 0 0 
 118 27 244 50 373 132 39 42 42 401 54 0 32 117 139 144 459 154 47 109 1 81 0 1 0 0 1 5 0 0 0 0 1 5 0 0 0 0 2 0 0 3 0 0 3 0 0 2 0 0 0 0 0 0 0 2 0 2 0 0 0 3 0 0 0 0 0 0 0 0 0 0 0 17 0 1 0 3 0 0 59 41 46 31 29 11 0 23 7 30 18 24 0 0 47 33 9 41 0 6 0 0 0 0 0 0 0 0 0 0 0 0 32 0 0 0 0 0 1 11 0 0 0 0 0 8 9 0 0 0 0 0 10 0 0 0 0 0 0 0 0 0 0 0 0 0 0 0 0 0 0 0 0 0 0 0 0 0 0 0 31 33 28 14 27 1 14 0 12 15 34 0 10 0 42 15 57 41 1 14 2 0 0 0 0 0 0 0 0 0 0 0 14 0 0 0 0 0 1 16 0 0 0 0 0 0 0 0 0 2 0 0 0 0 1 0 0 0 0 0 1 0 0 0 0 0 0 0 0 0 0 0 0 0 0 0 0 0 2 0 0 1 0 0 2 2 87 0 2 88 10 0 0 2 0 0 0 0 0 0 0 0 0 0 0 0 0 0 0 0 0 0 0 0 0 1 0 0 0 0 0 0 0 0 0 0 0 0 0 0 
 48 156 369 85 83 30 426 392 90 147 263 32 0 206 422 104 28 28 203 131 0 1 0 2 3 0 0 4 0 0 0 0 0 3 4 0 0 0 0 0 0 61 0 0 2 0 0 2 62 0 0 0 0 0 0 2 0 3 0 0 2 3 34 3 2 0 0 0 0 0 0 0 0 0 0 0 0 3 5 0 0 16 0 0 0 9 0 28 13 0 0 0 16 50 3 0 0 0 16 104 0 0 0 0 0 2 0 0 0 0 14 2 0 0 0 0 0 0 0 2 0 0 0 0 0 0 0 0 0 0 0 0 0 0 0 0 0 0 20 0 0 0 0 0 22 0 0 0 0 0 0 0 0 0 0 0 0 0 1 0 27 21 0 21 0 0 30 23 0 7 41 1 10 18 0 40 2 0 6 23 0 0 0 0 0 0 0 0 0 0 0 0 0 0 0 0 0 0 0 0 0 2 0 13 0 0 0 0 0 0 0 0 0 0 0 0 0 0 0 0 0 2 0 0 0 0 2 2 0 0 0 0 0 0 0 0 0 0 0 0 0 4 0 0 0 0 2 0 2 0 0 9 0 0 0 0 0 0 0 0 0 0 11 0 0 0 0 0 0 0 0 0 0 0 0 0 10 0 0 0 0 0 0 0 0 0 0 0 0 0 
 44 56 151 95 87 270 295 311 391 78 37 117 206 0 177 42 113 65 228 106 0 0 75 0 0 0 0 4 0 0 0 0 0 3 0 0 0 74 1 0 0 3 2 0 3 3 0 4 62 0 0 0 71 0 0 2 0 2 0 0 0 3 32 1 0 0 4 0 0 0 0 0 0 0 0 1 0 3 0 0 10 0 0 18 20 0 9 26 5 10 0 0 19 30 0 0 20 0 22 38 0 0 0 0 0 0 0 0 0 0 0 0 21 0 0 0 0 0 0 0 0 0 0 0 0 0 0 0 0 0 0 0 0 0 0 0 0 0 0 0 1 1 0 0 5 0 0 0 0 0 0 0 0 0 0 0 0 0 0 0 5 2 14 0 0 0 15 18 0 1 0 1 6 14 0 27 0 0 5 5 0 0 0 0 0 0 0 0 0 0 0 0 22 0 0 0 0 0 0 0 0 0 0 0 0 0 0 0 0 0 0 0 0 1 0 0 1 0 0 1 0 0 0 0 0 0 0 0 0 0 0 0 0 0 0 0 0 0 0 0 0 1 0 0 0 0 1 0 0 48 0 17 0 0 0 0 0 0 0 0 0 0 0 0 0 0 0 0 0 0 0 0 0 0 0 0 0 0 0 0 0 0 0 0 0 0 0 0 0 0 
 155 370 252 69 120 80 342 346 164 171 169 139 422 177 0 161 144 45 315 173 0 0 0 0 0 0 0 32 0 0 0 1 0 83 0 0 0 0 0 0 0 3 0 0 3 0 0 2 0 0 0 0 0 0 0 2 0 2 0 0 0 3 0 0 0 0 0 0 0 0 0 0 0 4 7 1 0 3 0 0 16 14 27 16 8 12 12 1 0 24 0 17 13 15 60 0 23 15 1 21 0 0 0 0 0 0 0 0 0 0 0 0 8 0 0 0 0 0 0 0 1 0 0 0 0 0 12 0 0 0 0 0 7 0 0 10 0 0 0 0 0 1 0 0 0 0 0 0 18 0 0 0 0 0 0 12 0 0 0 0 25 20 30 16 1 0 84 13 38 20 21 29 0 16 20 6 13 26 15 0 0 0 0 0 11 0 0 0 0 17 0 0 27 0 0 0 0 0 0 0 0 0 0 0 0 0 0 0 0 0 0 0 0 0 0 0 0 0 0 0 0 0 0 0 0 0 16 0 0 0 0 0 0 0 0 0 0 0 0 0 0 6 0 0 0 2 86 1 0 87 0 9 0 0 0 0 0 0 0 0 0 0 16 0 0 0 0 0 0 0 0 0 0 0 0 0 3 0 0 0 0 0 0 0 0 0 0 0 0 1 
 116 65 522 300 381 87 256 148 348 174 264 144 104 42 161 0 252 114 358 133 109 2 9 0 1 0 0 6 0 0 0 0 0 3 0 0 3 1 2 64 0 3 0 0 4 0 6 2 4 0 0 0 0 0 3 2 0 3 3 0 0 3 3 0 0 3 5 0 0 0 0 2 0 0 0 0 0 7 0 0 0 1 32 15 24 0 18 23 33 13 43 0 10 10 0 23 19 44 0 0 0 0 11 0 0 0 4 0 0 0 0 0 9 0 1 0 0 0 0 40 0 0 0 5 0 0 0 0 0 0 0 0 0 0 0 0 0 0 0 0 0 0 0 0 0 0 0 0 0 0 0 0 0 0 0 0 0 0 0 0 1 0 19 0 21 12 0 17 18 0 2 40 0 9 12 6 21 0 0 0 0 0 0 0 0 0 0 0 0 0 0 0 0 8 0 0 0 0 10 0 0 0 0 8 0 0 0 0 9 0 0 0 0 0 0 0 0 0 0 0 0 0 0 0 0 0 0 0 0 0 0 0 0 0 0 0 0 0 0 0 0 0 0 0 0 1 3 0 43 88 0 12 19 0 0 0 0 0 0 0 0 0 0 0 0 1 0 0 0 0 0 0 0 0 0 28 0 0 0 0 0 0 0 0 0 0 0 0 0 0 
 185 76 68 215 187 59 35 182 150 144 233 459 28 113 144 252 0 537 33 26 0 0 1 0 0 0 0 4 0 0 0 1 77 3 0 0 0 0 75 1 0 3 0 0 3 0 0 2 0 0 0 0 0 0 0 2 0 3 0 0 0 3 0 0 0 1 54 0 0 0 0 0 0 0 0 3 0 3 0 0 0 18 29 8 40 0 0 7 22 0 52 10 0 0 41 20 19 17 0 8 0 0 0 0 0 0 0 0 0 0 0 0 39 0 24 0 0 0 46 6 0 0 0 0 0 0 0 0 0 0 0 0 0 0 0 0 0 0 0 0 0 0 0 0 0 0 0 0 0 0 0 0 0 15 0 1 0 0 0 0 0 0 0 0 14 1 0 1 0 0 0 4 4 0 13 0 33 17 4 7 0 0 0 0 0 0 0 0 2 0 0 2 0 0 0 0 0 0 0 19 0 0 0 0 15 0 0 0 0 2 0 0 0 0 0 0 25 0 0 0 0 0 0 0 0 0 11 0 0 0 0 1 0 17 1 0 0 0 0 0 0 0 0 0 0 2 4 1 1 2 15 16 0 0 0 0 0 0 0 0 0 0 0 0 0 0 0 0 0 0 0 0 0 0 0 0 0 0 0 0 0 0 0 0 0 0 0 0 0 0 
 354 38 139 247 214 38 55 124 30 143 222 154 28 65 45 114 537 0 44 21 24 0 0 0 1 0 78 78 0 0 0 0 115 78 0 0 0 0 34 74 0 3 0 0 2 0 0 2 0 0 0 0 0 0 0 2 0 68 0 0 0 3 2 0 0 91 9 0 0 0 0 0 0 0 0 0 0 3 0 0 0 0 1 25 7 35 0 5 0 34 41 1 0 0 0 0 0 19 0 0 24 7 0 0 0 0 16 0 0 0 0 0 11 0 10 19 27 0 42 17 0 0 0 0 0 0 0 0 0 6 0 0 0 0 0 0 0 0 0 1 0 0 0 0 0 0 0 0 1 0 0 0 0 0 0 0 1 0 0 0 0 18 0 11 5 0 2 0 10 16 0 10 0 0 4 0 4 26 0 0 1 0 10 0 2 0 20 20 1 0 0 0 19 19 0 14 0 0 0 0 0 0 0 0 0 0 0 0 0 0 0 0 0 0 0 0 0 0 2 1 0 0 0 0 0 0 0 0 0 0 0 0 0 0 8 11 0 0 0 0 0 0 0 0 0 3 0 0 89 1 0 19 0 0 0 0 0 0 0 0 75 0 0 0 0 0 0 0 0 0 0 0 0 0 0 0 0 10 0 0 0 0 0 0 0 0 0 0 0 0 
 147 259 213 390 81 83 413 401 397 182 33 47 203 228 315 358 33 44 0 384 0 2 0 0 4 3 0 4 1 0 2 3 0 3 0 3 1 0 3 5 0 2 2 3 2 3 0 2 3 3 3 3 1 0 2 2 0 0 0 3 0 1 3 0 5 2 3 3 2 0 0 4 0 0 4 5 0 5 4 4 37 0 15 0 0 0 38 1 31 23 0 17 41 12 14 10 52 1 0 0 0 0 0 0 0 0 0 0 0 0 0 0 0 0 0 0 0 0 2 0 0 0 0 0 0 0 10 0 0 0 0 0 0 0 0 16 0 0 0 2 0 0 0 0 0 0 0 0 0 0 0 0 0 0 0 0 0 0 0 0 10 13 23 0 0 0 38 18 16 8 0 10 1 20 1 0 10 13 25 0 0 0 0 0 0 0 0 0 0 0 0 0 0 0 0 0 0 0 0 0 0 0 0 0 0 0 0 0 0 0 0 0 0 2 3 0 0 0 0 0 0 0 0 0 0 0 0 0 0 0 0 0 0 0 0 0 0 0 0 0 0 0 0 0 0 0 3 0 0 0 0 0 0 0 0 1 0 0 0 0 2 0 0 1 0 3 0 0 0 0 0 0 0 0 2 14 12 0 0 0 0 0 0 0 0 0 0 0 0 0 
 51 124 33 37 33 41 383 221 280 108 68 109 131 106 173 133 26 21 384 0 0 0 0 0 0 0 0 4 0 0 0 2 0 3 0 0 77 0 0 2 0 3 0 0 3 0 0 2 0 0 0 0 0 0 0 2 0 2 0 65 0 3 51 0 0 0 0 0 0 0 49 0 0 36 0 3 0 3 1 0 24 14 13 0 0 0 16 13 22 9 0 0 14 31 11 0 19 0 7 27 0 0 1 0 0 0 0 0 0 0 0 0 0 0 0 0 0 0 0 0 0 0 1 0 0 0 12 0 0 0 0 0 0 0 0 8 0 0 0 0 0 0 0 0 2 0 0 0 0 0 0 0 0 0 0 0 0 0 0 0 23 10 17 3 1 1 68 31 12 32 11 0 0 5 0 17 1 15 39 9 2 0 0 0 0 0 0 0 0 0 0 0 3 0 0 0 0 0 0 0 0 0 0 0 0 0 0 0 0 2 0 0 0 0 1 0 0 0 0 0 1 0 0 0 0 0 19 0 0 0 0 0 0 0 0 0 0 0 2 0 0 0 0 0 2 1 0 0 1 1 1 15 0 2 0 0 0 0 0 0 0 0 0 0 0 0 2 0 0 0 0 0 0 1 0 0 10 0 0 0 0 0 0 0 0 0 0 0 0 0 
 0 74 94 3 26 6 0 30 0 0 0 1 0 0 0 109 0 24 0 0 0 355 195 211 42 81 256 221 71 225 99 102 60 302 52 289 474 216 26 234 3 3 3 3 3 0 0 0 3 0 3 2 0 6 2 4 0 66 1 0 0 0 3 0 2 3 0 8 0 7 0 0 9 2 0 0 12 1 5 0 0 0 0 0 0 10 0 0 0 15 0 0 0 0 0 0 0 1 0 0 28 9 0 57 1 21 35 27 38 28 36 9 0 28 21 70 32 42 0 20 0 0 0 0 0 0 0 0 0 0 0 0 0 0 0 0 0 2 15 0 0 0 0 1 0 0 0 5 0 0 0 0 2 2 0 0 0 0 14 1 1 4 0 18 5 0 0 0 0 0 0 0 0 2 0 0 2 0 0 0 13 0 0 0 0 10 1 31 2 10 1 1 0 15 1 14 13 0 8 12 0 1 0 10 0 0 0 0 0 0 0 0 0 0 0 0 0 0 0 10 0 0 0 0 2 0 13 0 10 0 0 0 0 0 0 0 0 0 0 0 0 0 2 0 0 0 0 0 74 0 0 0 0 0 13 0 3 81 8 2 13 23 0 0 0 0 4 0 0 0 0 0 0 0 0 0 0 0 0 0 0 0 0 0 0 0 0 0 0 0 
 0 1 0 0 0 195 0 3 0 0 32 81 1 0 0 2 0 0 2 0 355 0 247 112 42 119 191 172 190 95 127 36 74 258 139 106 481 43 68 110 3 3 0 0 5 0 0 0 3 0 4 2 64 6 4 0 0 0 0 0 0 0 3 0 2 3 0 0 0 2 0 0 12 2 0 0 25 49 3 0 0 0 0 0 0 1 0 1 0 0 0 0 0 0 0 0 0 0 0 0 22 49 13 22 27 0 25 53 22 24 9 29 0 13 3 29 0 21 0 0 1 0 0 0 0 0 0 2 0 0 0 0 0 0 0 10 0 0 11 19 0 0 0 2 0 0 0 1 0 0 0 0 5 0 0 0 0 0 0 10 0 0 0 0 12 29 0 0 25 0 0 0 1 0 0 0 0 14 0 0 19 11 19 1 0 0 26 19 34 19 18 24 19 19 41 9 68 31 16 0 0 11 0 0 0 0 0 1 0 0 0 0 0 0 0 0 0 0 0 26 0 0 0 1 1 0 0 0 0 0 0 0 0 0 0 6 0 0 0 0 0 0 8 0 0 1 0 0 0 0 0 0 0 0 5 0 1 10 0 0 4 0 0 0 0 0 10 0 0 0 0 0 0 0 0 0 0 0 0 0 0 0 0 0 0 0 0 0 0 0 
 0 2 0 1 2 77 0 0 11 0 0 0 0 75 0 9 1 0 0 0 195 247 0 186 67 31 219 93 138 496 482 53 381 196 237 294 417 183 49 121 3 3 2 0 5 4 3 0 4 0 2 7 0 2 3 3 25 3 0 0 2 0 11 8 3 5 0 20 3 0 2 2 3 3 4 0 3 6 2 0 0 0 0 0 0 10 0 0 0 1 0 0 0 0 0 0 0 0 0 0 11 0 23 23 19 0 0 14 0 0 4 0 13 15 45 0 19 14 0 0 1 0 0 0 23 0 0 1 2 0 0 0 6 11 0 0 0 0 0 19 0 11 0 0 0 0 0 0 0 0 0 6 0 0 0 0 0 0 0 0 0 7 0 4 0 35 0 0 0 0 0 0 0 1 0 0 0 0 19 0 25 48 8 47 0 0 17 12 24 0 0 9 21 7 97 12 13 35 5 8 9 0 0 0 0 0 0 0 0 0 0 0 0 0 0 0 0 0 1 19 0 0 0 0 1 0 0 0 0 0 0 0 0 0 1 0 0 0 0 0 0 0 0 0 0 0 0 0 0 0 0 0 0 1 5 2 2 78 45 0 12 2 0 0 0 0 0 0 0 0 2 0 0 0 3 0 0 0 0 0 0 11 0 0 0 0 0 0 0 0 
 2 0 0 0 0 74 0 0 0 0 0 1 2 0 0 0 0 0 0 0 211 112 186 0 75 16 245 176 178 186 181 415 41 66 225 43 141 136 284 275 4 81 0 0 4 0 1 0 3 2 2 2 66 150 4 0 0 0 0 33 0 0 3 0 2 3 0 0 0 0 0 1 3 2 0 0 3 0 3 0 0 0 0 0 0 0 0 0 0 0 0 0 0 0 0 0 0 0 0 2 6 12 0 27 32 27 23 13 13 0 8 8 0 25 17 9 24 10 0 0 27 0 0 0 0 0 0 19 0 0 0 0 0 10 29 0 0 0 11 37 0 0 1 0 0 0 0 0 0 10 0 0 0 0 0 0 0 0 0 0 0 21 0 3 0 0 0 0 0 0 0 0 0 0 0 0 0 0 0 0 9 15 0 0 11 10 15 10 25 11 12 8 0 0 0 0 0 11 0 9 0 1 0 12 0 0 9 15 0 18 0 2 0 39 0 0 5 0 41 0 0 0 2 0 0 0 0 0 0 0 0 0 0 0 0 0 0 0 0 0 0 0 9 0 0 0 0 0 0 0 0 0 0 0 4 0 1 0 78 0 20 0 0 0 0 0 0 0 0 0 0 0 0 0 0 0 0 12 0 0 0 0 0 0 0 0 0 0 0 0 
 1 1 0 1 0 2 1 2 0 0 0 0 3 0 0 1 0 1 4 0 42 42 67 75 0 87 42 362 490 236 203 433 310 156 83 368 53 227 62 362 3 3 136 0 3 0 57 1 3 3 0 53 64 67 201 6 21 2 0 1 0 11 2 2 8 3 0 2 3 0 0 0 3 2 0 0 3 0 3 0 0 0 0 0 0 0 4 0 0 0 0 0 0 0 0 0 0 0 0 0 9 0 20 19 12 14 0 0 9 6 14 14 0 13 11 0 61 9 0 9 15 0 0 0 0 0 14 12 29 5 1 0 33 0 9 22 32 14 43 21 0 5 0 9 0 0 0 1 0 0 1 3 0 0 0 0 0 0 23 0 0 0 0 0 0 0 4 0 0 0 0 0 0 0 0 0 57 1 0 0 9 0 0 10 12 31 0 0 0 5 7 13 0 0 0 0 16 8 1 9 0 19 4 17 0 0 21 0 25 0 24 0 44 29 13 0 0 1 51 9 0 0 0 0 0 0 0 0 0 0 0 0 0 0 0 0 0 0 0 0 0 0 0 0 0 0 1 0 0 0 0 0 0 0 4 0 0 77 0 10 5 13 0 0 0 0 0 0 0 0 0 0 0 13 0 0 0 0 0 0 0 10 0 0 0 0 0 0 0 0 
 0 0 2 0 0 72 205 6 0 208 0 0 0 0 0 0 0 0 3 0 81 119 31 16 87 0 116 44 185 74 520 53 44 38 280 55 113 156 51 54 3 28 61 3 3 62 0 0 3 1 0 2 69 66 1 9 22 0 63 0 0 0 3 0 2 3 0 3 0 3 0 0 32 5 3 2 12 1 3 0 0 0 0 0 0 0 2 0 0 0 0 0 0 0 0 0 0 0 0 0 0 0 2 15 51 25 37 13 7 20 0 36 0 1 7 8 11 20 0 0 53 18 9 0 0 0 16 14 31 13 1 8 0 12 9 0 21 8 24 1 0 0 5 0 0 0 0 0 0 0 0 0 0 0 0 0 0 0 0 0 0 0 0 0 0 0 0 0 0 0 0 0 0 0 2 0 7 3 2 0 0 0 16 2 1 24 0 0 0 12 12 0 0 0 0 9 18 22 0 0 33 0 4 29 0 0 12 13 0 11 25 0 19 20 13 0 19 1 40 0 0 1 0 0 0 0 0 0 0 0 0 0 0 0 0 0 0 0 0 0 0 0 0 0 0 0 0 0 0 0 0 0 75 0 14 0 2 138 0 10 7 0 0 0 0 0 8 0 0 0 0 1 0 0 0 0 0 0 0 12 0 0 0 0 0 13 0 0 0 0 
 0 0 0 38 74 117 0 0 0 38 26 1 0 0 0 0 0 78 0 0 256 191 219 245 42 116 0 165 56 134 195 115 133 28 78 206 258 140 80 139 3 3 0 0 4 0 0 3 3 0 0 5 3 6 8 0 0 73 0 1 0 2 3 0 3 3 0 0 0 5 0 0 7 3 0 0 3 0 3 0 13 0 0 0 0 0 0 0 0 22 0 9 0 2 0 0 0 0 0 0 21 18 22 42 33 9 47 26 13 24 15 8 1 23 21 70 22 14 50 0 0 0 0 0 0 0 0 0 0 0 0 14 0 0 0 0 0 0 2 0 0 0 0 0 0 0 0 0 0 0 0 1 0 0 0 1 1 0 0 0 0 4 14 32 0 28 0 0 0 13 0 0 0 0 0 0 0 21 0 2 6 34 5 12 0 29 39 0 18 2 10 0 48 16 24 45 14 46 24 57 0 0 0 8 0 0 0 0 2 0 0 0 0 0 0 0 0 0 0 0 16 0 0 0 0 0 17 0 0 0 0 0 0 0 0 13 0 0 0 2 0 0 5 0 0 0 0 0 0 0 0 0 0 0 11 0 0 1 9 0 11 0 0 0 0 0 7 0 0 0 0 0 0 0 3 0 0 14 0 0 0 0 0 0 1 0 0 0 0 0 
 57 7 78 7 78 9 5 82 4 4 5 5 4 4 32 6 4 78 4 4 221 172 93 176 362 44 165 0 364 80 54 246 81 144 92 114 46 111 149 356 3 3 0 0 4 0 1 0 3 0 4 2 0 31 1 0 0 1 0 0 0 0 3 0 2 3 0 3 0 6 0 0 3 3 0 0 3 0 7 0 0 0 0 0 1 8 0 0 0 5 0 0 0 2 0 0 0 0 0 9 39 25 5 34 1 8 19 7 34 24 28 15 1 19 0 16 15 9 0 38 0 0 0 0 0 0 0 1 0 6 0 0 0 0 0 0 0 0 0 1 0 1 0 11 0 0 0 0 0 0 0 0 0 0 6 14 0 0 5 0 0 0 0 0 11 0 0 5 0 0 7 0 4 0 0 0 0 0 0 0 11 0 0 14 0 9 1 44 11 51 0 0 0 8 0 0 13 17 1 7 0 0 0 0 0 0 0 0 0 0 0 0 0 0 13 0 0 0 0 0 0 0 0 0 0 18 0 0 0 0 0 0 0 0 0 0 0 0 0 0 0 0 1 0 0 0 0 0 1 1 0 0 0 0 0 0 2 2 0 3 0 10 0 0 0 0 0 0 0 0 0 0 0 0 0 0 0 0 0 0 0 15 0 0 0 0 33 0 0 0 
 0 1 0 0 0 0 0 0 0 0 0 0 0 0 0 0 0 0 1 0 71 190 138 178 490 185 56 364 0 67 148 33 86 130 301 125 129 45 86 116 3 7 0 0 4 0 0 0 3 0 20 3 140 71 1 0 0 0 29 30 0 0 3 0 3 3 0 5 0 0 0 0 3 3 0 0 3 0 3 0 0 0 0 0 0 0 0 0 0 0 0 1 0 0 0 0 0 0 0 0 26 51 0 0 33 37 1 17 41 23 21 43 1 0 12 17 15 12 0 0 9 0 0 0 0 0 0 0 0 0 0 1 0 21 0 8 0 0 0 22 0 0 1 0 0 0 0 0 0 0 0 0 0 0 0 0 1 0 0 0 0 0 0 8 0 0 0 0 4 0 0 0 0 0 0 0 0 0 0 0 23 29 8 2 0 20 20 36 27 19 46 24 0 16 31 0 0 37 1 0 0 0 0 0 0 0 33 0 0 0 0 0 0 9 0 0 0 0 23 12 0 0 0 0 0 0 0 0 0 0 0 0 0 0 0 0 0 0 0 0 0 0 0 0 0 0 0 0 0 0 0 0 0 0 4 1 0 75 0 0 2 0 0 0 0 0 0 0 0 0 0 0 0 0 0 0 0 0 0 0 0 0 0 0 0 20 0 0 0 0 
 0 1 0 0 0 2 0 0 2 0 1 0 0 0 0 0 0 0 0 0 225 95 496 186 236 74 134 80 67 0 202 216 40 90 383 210 116 49 92 336 3 84 0 0 4 0 0 0 3 0 0 33 0 64 0 0 0 1 45 0 6 0 3 0 2 3 0 0 0 0 0 0 3 4 0 0 4 0 3 0 0 2 0 0 0 0 0 0 0 0 0 0 0 0 0 0 0 0 0 0 15 0 0 37 1 12 8 0 5 14 19 0 0 19 0 0 28 10 0 3 18 0 0 0 0 0 0 19 0 0 0 0 59 0 24 0 0 0 13 34 0 7 0 0 0 0 2 0 0 0 0 0 0 0 0 0 0 0 5 0 0 3 0 4 0 0 0 0 0 0 0 0 0 0 0 0 0 0 0 0 0 0 8 11 23 15 0 0 20 9 17 28 2 0 0 0 13 6 1 16 7 12 0 0 0 0 43 12 8 12 0 0 0 13 14 0 4 0 38 1 0 0 0 0 0 0 0 0 0 2 0 0 0 0 0 0 0 0 1 0 0 11 0 0 0 0 0 0 0 0 0 0 0 0 12 1 6 3 76 0 19 10 0 0 0 0 0 0 0 0 0 0 0 0 0 0 0 0 0 0 0 15 0 0 0 0 0 0 0 0 
 0 1 0 1 0 80 0 3 0 0 0 0 0 0 0 0 0 0 2 0 99 127 482 181 203 520 195 54 148 202 0 259 127 145 222 128 130 132 29 65 3 67 0 0 5 1 0 0 3 0 1 9 0 31 0 0 1 0 0 65 2 1 8 0 5 3 0 0 1 0 0 0 3 4 0 1 3 1 3 1 0 0 0 0 0 0 0 0 0 0 0 0 0 0 0 0 0 0 0 0 0 0 3 31 7 2 8 12 4 1 24 0 0 27 23 0 41 12 0 0 12 0 0 0 0 0 0 23 0 0 0 0 0 23 10 0 0 0 0 13 0 1 0 0 0 0 0 0 0 0 0 3 0 0 0 0 0 0 0 0 0 3 0 15 0 8 0 0 0 0 0 0 0 0 0 0 0 0 0 0 2 27 11 32 12 21 0 1 22 0 22 34 11 0 20 0 34 38 38 9 0 0 0 0 2 0 4 8 0 10 0 0 0 0 0 0 11 0 22 0 0 0 0 0 0 0 0 0 0 0 0 0 0 0 0 0 0 0 0 0 0 0 0 0 0 1 0 0 0 0 0 0 0 29 2 2 3 5 101 0 14 0 0 0 0 0 0 0 0 0 0 0 0 0 0 0 0 0 0 0 0 0 0 0 0 0 0 0 0 0 
 0 2 0 0 3 2 0 8 0 0 0 0 0 0 1 0 1 0 3 2 102 36 53 415 433 53 115 246 33 216 259 0 253 116 104 339 154 216 22 340 4 128 26 0 5 0 66 0 3 0 0 5 26 24 2 0 0 0 0 0 0 5 4 0 2 3 0 0 0 0 0 0 3 3 0 0 3 0 3 0 0 0 0 0 0 0 0 0 0 0 0 0 1 0 0 0 0 0 0 0 0 0 33 8 19 0 1 0 0 0 0 0 7 12 26 0 7 10 1 0 15 0 0 0 0 2 0 1 21 10 0 0 20 29 26 22 1 11 12 46 0 45 0 0 0 0 0 0 0 0 0 11 0 0 0 0 0 0 0 0 0 12 0 4 0 0 0 0 0 0 0 0 0 0 0 0 0 26 0 0 11 13 16 26 35 11 0 0 0 0 13 32 0 11 0 14 0 0 20 9 9 17 0 0 0 0 1 0 28 11 0 0 2 9 13 0 2 0 23 16 4 0 0 0 0 0 0 13 0 0 0 1 0 0 0 0 0 0 0 0 0 0 0 0 0 0 0 0 0 0 0 0 0 20 6 0 2 75 42 0 17 0 0 0 0 0 0 0 0 0 0 0 0 0 0 0 0 0 0 0 0 11 0 0 0 0 0 0 0 0 
 1 0 0 79 225 40 0 0 0 2 75 1 0 0 0 0 77 115 0 0 60 74 381 41 310 44 133 81 86 40 127 253 0 107 42 405 108 52 167 89 3 6 0 0 22 0 0 3 4 2 77 2 0 2 0 0 0 66 1 0 0 0 3 45 2 12 10 1 0 0 1 0 3 4 0 1 3 0 3 0 5 0 0 26 15 0 0 0 0 26 23 27 0 2 0 0 0 22 0 0 11 0 34 13 0 0 0 18 1 0 11 0 0 22 32 0 0 0 74 10 0 0 0 0 0 0 0 0 0 0 0 0 0 0 0 0 0 0 0 0 0 0 0 0 0 0 0 0 0 0 0 1 0 0 0 1 0 0 0 0 0 25 0 19 0 35 0 0 0 9 16 10 0 4 0 0 0 0 0 2 18 0 26 0 0 0 21 12 17 14 0 0 18 17 29 40 39 52 24 0 0 0 0 0 0 0 0 0 14 0 0 0 0 0 0 0 0 0 0 17 0 9 0 0 0 0 0 0 0 0 0 0 0 0 0 0 0 0 0 2 0 0 0 0 0 0 62 0 0 0 0 1 0 0 10 2 0 0 1 1 0 2 0 0 0 0 0 0 0 0 0 0 0 0 0 0 8 15 0 0 0 0 0 0 1 0 0 0 0 0 
 3 3 3 4 151 18 3 6 4 3 3 5 3 3 83 3 3 78 3 3 302 258 196 66 156 38 28 144 130 90 145 116 107 0 465 104 281 80 111 189 0 0 0 0 1 1 0 0 1 0 18 3 0 0 0 0 0 0 3 0 0 0 1 3 0 0 0 5 0 0 0 0 0 0 1 0 0 0 0 0 0 0 16 0 0 12 0 0 0 0 0 0 0 13 0 0 0 0 2 0 29 15 33 13 0 10 0 12 34 8 14 10 1 0 18 17 22 8 7 0 0 0 0 0 0 2 0 10 0 0 0 0 0 0 0 0 0 0 0 9 0 10 0 0 0 0 1 0 0 0 0 29 0 0 0 0 0 0 1 0 0 0 0 0 14 0 0 0 0 1 26 13 0 0 0 0 0 0 0 0 33 26 0 12 0 17 20 88 20 22 7 35 11 30 18 0 19 8 12 0 0 0 0 0 0 0 7 0 0 0 0 0 0 0 0 0 0 0 11 0 0 2 0 0 0 2 13 0 0 0 0 0 0 0 0 0 0 0 0 0 0 0 0 0 0 0 0 0 0 0 0 0 0 0 5 0 2 40 1 0 3 0 0 0 0 0 0 0 0 0 0 0 0 24 0 0 7 1 0 0 0 19 0 0 0 0 0 0 0 0 
 2 0 0 0 33 27 0 3 0 0 0 0 4 0 0 0 0 0 0 0 52 139 237 225 83 280 78 92 301 383 222 104 42 465 0 157 176 192 154 297 3 3 0 0 4 0 0 0 3 6 0 4 0 9 70 0 0 30 62 0 0 0 4 0 6 3 4 6 0 2 0 0 3 3 0 0 36 0 3 4 0 0 0 0 0 0 0 0 0 0 0 9 0 0 0 0 0 0 0 0 30 1 16 18 75 1 10 0 43 14 0 9 9 10 65 19 53 12 0 0 0 0 0 0 0 0 0 11 0 0 0 0 0 10 0 0 0 0 0 13 0 7 0 0 0 0 0 0 0 0 0 5 0 7 0 0 0 0 0 0 0 4 0 27 0 0 0 0 0 0 0 0 0 0 0 0 0 0 0 0 10 52 12 26 6 0 79 15 33 14 0 9 19 1 13 21 0 1 13 26 0 0 6 0 0 0 0 0 0 0 0 0 0 1 0 0 0 0 0 0 0 0 0 0 0 0 0 0 0 0 0 0 0 0 0 0 0 0 0 0 0 0 5 0 0 0 0 0 0 0 0 0 0 0 2 0 0 113 14 0 11 0 0 0 0 0 0 0 0 0 0 0 0 0 0 0 0 0 0 13 0 0 0 0 0 16 11 0 0 0 
 0 2 0 2 0 77 0 0 2 0 0 0 0 0 0 0 0 0 3 0 289 106 294 43 368 55 206 114 125 210 128 339 405 104 157 0 97 50 344 217 4 3 0 2 7 3 0 1 3 0 0 4 2 2 0 0 0 4 0 63 3 0 3 0 6 6 2 18 0 0 0 4 3 4 0 0 3 0 3 3 0 0 0 0 0 0 0 0 9 0 0 0 0 0 0 0 0 0 0 0 29 0 0 44 0 1 1 14 31 19 17 0 11 33 36 0 63 16 6 13 0 0 0 0 0 0 0 0 0 0 0 0 7 0 0 0 0 0 0 1 0 0 0 0 0 0 0 0 0 0 0 0 0 0 0 0 0 0 2 0 0 9 0 6 0 31 0 0 0 0 0 0 0 19 0 0 0 0 0 5 19 25 23 124 0 0 30 21 50 8 6 0 12 13 24 12 21 38 7 18 22 0 0 0 0 0 1 0 0 0 0 0 0 0 0 0 0 0 0 13 0 0 0 0 0 0 0 0 0 0 0 0 0 0 0 0 0 0 0 0 0 0 0 0 0 0 0 0 0 0 0 0 0 0 2 0 0 3 76 0 14 10 0 0 0 0 0 0 0 0 0 0 0 0 0 0 0 0 0 0 0 23 0 0 0 0 9 0 0 0 
 0 0 0 0 2 153 0 4 0 0 0 0 0 0 0 3 0 0 1 77 474 481 417 141 53 113 258 46 129 116 130 154 108 281 176 97 0 343 79 80 3 3 0 0 6 0 0 3 3 0 8 5 64 64 13 0 0 0 0 126 0 0 5 51 2 3 0 0 0 6 58 0 11 58 0 5 8 0 3 0 0 0 0 0 0 0 0 0 0 0 0 0 0 0 0 0 0 0 16 0 0 0 1 36 32 25 41 33 9 17 12 1 0 15 12 18 0 4 20 0 0 0 0 0 0 0 0 11 0 0 0 0 11 26 0 11 0 0 16 1 0 1 0 0 0 0 0 0 0 0 0 0 0 21 0 0 0 0 0 0 0 0 0 0 0 8 0 0 4 0 0 0 0 0 0 0 0 0 0 0 1 34 1 24 10 10 21 0 29 0 21 11 29 0 24 0 64 27 41 21 6 0 0 0 0 0 0 0 0 0 0 0 0 0 0 0 0 1 0 0 0 0 0 0 0 0 0 2 0 0 1 0 0 4 0 0 1 0 0 0 0 0 15 0 0 0 0 0 0 0 0 0 0 0 3 2 1 77 0 3 0 1 0 0 0 0 7 0 0 0 0 0 0 0 0 0 0 0 0 0 0 0 0 0 0 0 1 0 0 0 
 0 0 0 0 1 0 0 3 0 2 0 0 0 74 0 1 0 0 0 0 216 43 183 136 227 156 140 111 45 49 132 216 52 80 192 50 343 0 42 130 3 6 2 0 4 0 0 0 67 0 0 7 0 22 0 0 1 0 0 0 0 0 4 44 3 3 0 0 0 56 0 0 12 3 0 0 3 1 3 0 0 0 0 0 0 0 0 0 0 0 0 0 0 0 0 0 0 0 0 0 0 0 21 38 0 20 17 3 0 63 25 0 0 36 1 7 27 36 0 0 0 0 0 0 0 0 2 10 0 0 0 0 21 0 34 0 0 0 11 17 0 3 0 0 0 0 0 0 2 0 0 3 0 0 0 0 0 0 1 0 0 3 0 3 0 0 0 0 0 0 0 0 0 0 0 0 0 0 0 0 13 16 7 20 19 39 0 1 10 6 29 39 0 0 1 1 9 62 0 17 0 41 0 0 0 0 10 0 17 0 0 0 2 8 10 0 0 0 22 1 0 0 0 0 0 0 0 0 0 0 0 0 0 0 0 0 0 0 0 0 0 0 0 0 0 0 0 0 0 0 0 0 0 0 17 0 2 38 80 2 14 0 0 0 0 0 7 0 0 0 0 0 0 0 0 0 0 0 0 0 0 13 0 0 0 0 0 0 0 0 
 74 0 1 150 1 77 0 0 75 28 106 2 0 1 0 2 75 34 3 0 26 68 49 284 62 51 80 149 86 92 29 22 167 111 154 344 79 42 0 128 3 15 0 0 70 0 0 0 10 0 0 2 0 2 0 0 0 1 0 0 0 0 3 0 2 3 30 7 0 4 0 0 54 3 0 0 3 0 3 0 0 20 0 18 5 16 2 0 11 18 0 0 0 0 20 1 10 0 0 0 0 16 22 0 0 0 24 9 60 0 0 0 15 17 0 1 0 0 21 18 0 2 0 0 0 0 0 0 0 10 0 0 0 3 0 0 2 0 0 0 0 0 0 0 0 0 0 1 0 0 0 0 9 0 2 0 0 0 0 0 0 0 0 0 10 25 0 0 0 0 0 12 0 0 2 1 19 41 2 0 0 11 15 15 0 2 21 58 0 0 1 0 0 43 0 70 0 20 0 34 0 0 0 0 0 0 0 0 0 0 0 0 0 0 0 0 0 0 0 0 0 0 0 0 0 0 0 0 0 0 0 0 0 0 0 10 0 0 0 0 0 0 0 0 0 0 76 0 1 0 0 0 0 0 10 0 0 0 0 2 2 1 0 0 0 0 0 0 0 0 0 0 0 0 0 0 0 0 0 0 0 0 0 0 0 0 2 0 0 0 
 0 0 47 75 77 0 0 2 0 0 74 0 0 0 0 64 1 74 5 2 234 110 121 275 362 54 139 356 116 336 65 340 89 189 297 217 80 130 128 0 3 3 0 0 7 0 2 0 3 0 3 206 0 3 0 0 0 1 0 0 0 0 3 3 3 3 0 10 2 9 3 0 3 3 0 0 57 0 3 0 0 0 0 14 1 0 0 0 0 14 0 0 0 0 0 0 0 0 0 0 12 8 32 37 0 1 13 8 39 7 11 6 0 63 0 7 38 19 0 14 0 0 0 0 0 0 6 0 0 0 0 0 0 0 0 0 0 0 0 67 0 25 0 0 0 0 0 0 0 0 0 5 0 0 0 0 0 0 5 0 0 3 0 3 9 0 0 0 0 0 1 0 0 0 0 1 0 0 0 0 17 11 0 61 1 2 19 50 11 13 1 17 1 0 1 0 5 22 0 31 14 0 0 0 0 0 8 0 0 0 0 0 0 0 0 0 2 0 0 0 0 0 0 0 0 0 0 0 0 0 0 1 0 0 0 0 0 0 0 0 0 0 0 0 0 0 0 0 33 0 0 0 0 0 15 0 0 143 78 2 18 15 0 0 0 0 0 0 0 0 0 0 0 0 0 0 0 0 0 0 0 11 0 0 0 0 2 0 0 0 
 0 0 0 0 0 0 0 0 0 0 0 0 0 0 0 0 0 0 0 0 3 3 3 4 3 3 3 3 3 3 3 4 3 0 3 4 3 3 3 3 0 312 95 129 86 124 188 292 44 167 89 109 281 55 143 99 133 68 93 136 0 0 5 0 0 0 22 34 4 0 6 1 0 0 4 2 2 0 0 0 0 0 0 0 0 0 0 0 0 0 0 0 0 0 0 0 0 0 0 0 0 0 0 0 2 0 0 0 0 0 0 0 0 0 0 0 0 0 9 2 3 20 22 34 42 3 0 18 2 25 31 0 0 22 0 3 26 0 0 0 0 0 0 0 0 0 21 13 25 0 0 0 0 0 0 0 5 7 2 0 0 0 0 0 0 0 0 0 0 0 4 0 0 1 0 0 0 0 0 0 0 0 0 0 0 20 0 0 0 0 0 0 0 0 0 0 0 0 0 0 13 49 0 22 0 0 0 33 24 29 0 50 3 0 31 29 16 0 0 15 0 0 0 0 3 4 0 0 0 0 0 6 0 0 0 0 0 8 20 0 0 0 0 0 0 0 0 0 0 14 0 7 0 0 0 0 1 0 0 0 0 0 2 70 2 0 4 1 0 0 4 0 0 0 0 0 0 0 0 0 0 0 0 0 10 19 0 0 0 0 
 3 3 3 8 3 3 3 3 10 3 3 3 61 3 3 3 3 3 2 3 3 3 3 81 3 28 3 3 7 84 67 128 6 0 3 3 3 6 15 3 312 0 199 65 44 255 406 293 317 116 42 105 241 418 117 329 44 89 264 120 0 0 0 0 0 0 0 0 0 0 0 0 0 0 0 0 0 0 46 0 0 0 0 0 0 0 0 0 5 13 0 0 0 0 0 0 0 7 0 0 0 0 14 0 0 34 0 0 0 0 9 39 0 4 5 0 0 0 0 3 16 36 56 0 12 0 19 11 0 16 0 0 13 11 36 0 0 17 16 6 0 0 6 0 0 0 0 0 0 0 0 0 0 0 0 0 0 0 0 1 0 0 0 0 1 8 0 0 0 0 0 15 0 0 0 0 0 0 0 0 0 0 0 0 10 2 0 0 0 0 2 0 0 11 1 3 2 0 0 0 28 0 8 12 0 0 40 4 18 40 0 0 0 9 12 12 16 0 37 16 2 0 0 0 0 0 13 2 0 0 0 0 0 0 0 0 0 1 0 0 0 0 0 0 0 0 9 0 0 0 0 9 0 1 0 0 0 0 0 0 0 0 0 73 0 13 1 0 1 0 0 0 0 0 0 0 0 0 0 0 0 0 0 0 2 0 0 7 2 0 
 0 0 0 0 0 0 0 3 0 0 0 0 0 2 0 0 0 0 2 0 3 0 2 0 136 61 0 0 0 0 0 26 0 0 0 0 0 2 0 0 95 199 0 130 272 113 138 93 155 103 159 38 86 511 73 333 136 168 128 29 0 9 2 0 0 1 0 0 0 0 0 2 0 0 43 0 0 0 2 51 0 0 0 0 0 0 0 0 0 0 0 0 1 0 0 0 0 0 0 0 0 0 0 0 13 0 0 0 0 0 0 10 0 0 0 0 0 0 0 0 9 23 20 1 16 9 20 36 39 37 6 1 0 1 10 28 61 15 27 3 9 0 0 0 0 0 0 0 0 0 0 0 29 14 0 0 10 1 0 0 0 0 0 0 2 0 0 0 0 0 0 0 1 0 0 0 11 20 0 0 0 0 0 0 4 54 0 0 0 0 0 0 0 0 0 0 0 0 0 0 10 2 19 32 1 0 14 3 14 5 11 26 19 3 27 21 53 20 6 14 8 0 0 0 19 0 0 14 0 0 0 0 0 0 0 0 0 0 0 3 0 0 20 0 0 0 0 0 0 1 0 10 0 0 0 0 0 0 0 11 0 0 0 0 71 3 4 71 0 0 0 0 0 0 0 0 0 0 0 0 0 0 0 0 35 15 0 0 0 0 
 0 0 0 0 0 1 0 2 0 0 1 0 0 0 0 0 0 0 3 0 3 0 0 0 0 3 0 0 0 0 0 0 0 0 0 2 0 0 0 0 129 65 130 0 67 93 152 165 197 501 167 91 270 73 126 191 113 255 131 76 0 0 0 0 0 2 0 0 0 0 0 0 0 49 2 0 0 0 0 109 0 0 0 0 0 0 0 0 0 0 0 0 0 0 0 0 0 0 0 0 0 0 0 0 0 0 0 0 0 0 0 0 0 0 0 0 0 0 0 0 0 0 9 10 14 11 0 0 0 0 11 0 20 9 0 0 0 35 0 0 12 0 0 0 10 0 0 0 2 0 0 0 9 17 0 0 0 0 7 0 0 0 0 12 0 0 0 0 0 0 14 0 0 0 0 0 0 0 0 0 0 11 0 0 0 0 0 0 0 0 0 0 0 0 0 0 0 0 0 8 22 35 12 11 1 0 7 10 9 13 0 54 0 0 0 42 8 11 0 0 0 0 10 22 31 0 46 0 0 0 0 0 0 15 1 0 1 0 3 23 0 0 10 0 0 0 0 0 0 0 0 5 0 0 0 0 0 0 0 12 0 0 0 67 69 0 1 66 5 0 15 0 0 0 0 0 0 0 0 0 16 0 0 0 24 15 0 0 0 0 
 2 2 3 3 5 4 2 7 4 3 3 3 2 3 3 4 3 2 2 3 3 5 5 4 3 3 4 4 4 4 5 5 22 1 4 7 6 4 70 7 86 44 272 67 0 280 122 404 71 249 91 339 66 116 157 323 135 281 52 37 0 2 2 0 0 0 0 0 0 0 0 0 3 3 1 0 0 2 0 2 0 0 0 0 0 0 0 0 0 8 0 0 0 0 0 0 0 0 0 0 0 0 8 0 0 0 0 0 0 0 0 0 0 8 0 0 0 0 11 0 20 0 0 27 24 20 6 0 28 0 10 0 0 0 0 12 11 28 0 0 31 12 0 0 0 0 10 19 0 6 0 0 7 11 0 0 0 0 0 16 0 0 5 0 0 50 9 0 0 0 0 9 0 0 7 0 0 0 0 0 0 1 0 0 0 0 0 0 0 0 0 0 1 1 0 7 12 0 0 2 0 0 10 10 34 0 0 19 0 0 32 0 0 0 0 8 33 9 0 0 0 18 0 0 0 0 6 0 0 0 0 0 0 10 0 0 0 9 0 6 0 0 0 0 0 0 61 0 0 0 0 9 0 0 0 0 0 0 2 0 0 19 38 0 64 18 4 0 3 0 1 0 0 0 0 0 0 0 0 0 0 0 0 0 0 0 0 0 1 0 
 0 0 0 0 0 0 0 0 0 0 0 0 0 3 0 0 0 0 3 0 0 0 4 0 0 62 0 0 0 0 1 0 0 1 0 3 0 0 0 0 124 255 113 93 280 0 63 160 212 47 51 277 35 48 177 47 79 186 77 57 51 50 1 0 0 0 0 53 49 0 0 0 47 0 49 0 0 0 210 45 0 0 0 0 0 0 0 0 0 0 0 12 0 0 0 0 0 0 0 0 0 0 0 0 0 0 0 0 0 0 0 0 0 0 0 0 0 0 4 1 0 1 7 10 0 34 0 0 0 0 12 1 0 4 0 0 0 0 0 1 3 0 0 0 0 5 0 0 0 5 0 0 22 16 0 15 9 0 9 6 0 0 0 0 0 0 0 0 0 0 0 0 0 0 0 0 0 0 0 0 0 0 0 0 0 0 0 0 0 0 0 0 0 0 0 0 0 0 0 0 11 0 0 30 1 30 0 0 0 0 0 9 0 0 0 0 10 18 0 0 13 0 0 7 15 18 13 20 2 0 0 0 4 0 0 0 0 1 34 9 0 0 0 0 0 0 0 0 0 0 0 3 0 0 0 0 1 0 0 0 0 0 1 0 1 4 1 6 2 0 16 0 0 0 0 0 0 0 0 0 0 0 0 0 15 5 0 0 0 0 
 0 0 0 0 0 0 0 0 5 0 0 0 0 0 0 6 0 0 0 0 0 0 3 1 57 0 0 1 0 0 0 66 0 0 0 0 0 0 0 2 188 406 138 152 122 63 0 120 60 308 231 37 230 114 37 133 140 33 138 139 0 4 1 0 0 8 0 0 0 0 0 0 0 0 0 0 0 52 203 0 0 0 0 0 0 0 0 0 0 0 0 0 0 0 0 0 0 0 0 0 0 0 0 0 0 0 0 0 0 0 0 0 0 0 0 0 10 13 0 0 0 6 65 7 8 29 31 0 18 25 12 26 9 0 15 16 47 24 0 0 0 0 0 0 7 0 0 0 0 0 0 0 0 0 0 0 0 1 0 0 0 0 0 0 0 0 0 0 0 0 5 0 0 0 0 0 0 0 0 0 0 0 0 0 0 0 0 0 0 0 0 0 0 0 0 0 0 0 0 0 12 35 12 13 6 0 14 26 8 12 16 14 0 16 30 25 0 0 3 16 4 0 0 0 0 0 0 0 0 0 0 0 0 0 0 0 0 0 0 0 0 0 1 0 0 0 0 0 0 0 0 5 0 0 0 0 0 0 0 1 0 0 66 2 1 2 1 1 0 0 0 0 0 0 0 0 0 0 0 0 0 0 0 0 0 0 0 21 0 0 
 2 2 2 2 5 2 2 2 2 2 2 2 2 4 2 2 2 2 2 2 0 0 0 0 1 0 3 0 0 0 0 0 3 0 0 1 3 0 0 0 292 293 93 165 404 160 120 0 66 105 171 84 112 136 424 113 109 84 206 96 0 4 4 0 0 0 0 2 16 0 0 0 0 3 6 0 0 0 0 0 0 0 0 0 0 0 0 0 0 0 0 0 0 0 0 0 0 0 0 0 0 0 0 0 0 0 0 0 0 0 0 0 0 0 0 0 0 0 0 0 10 0 3 45 16 23 0 0 8 1 5 0 0 3 0 31 3 68 0 0 58 0 0 0 0 10 2 0 2 11 4 0 7 0 0 0 16 1 8 0 0 0 0 0 0 0 19 0 0 0 3 0 0 0 0 0 0 0 0 9 0 0 0 0 0 0 0 0 0 0 0 0 0 0 0 0 0 0 0 0 23 31 8 32 0 2 7 48 0 0 0 16 0 0 10 65 9 3 0 0 0 0 12 0 0 3 0 0 7 3 0 0 0 0 0 0 0 0 9 1 0 0 18 0 0 0 0 0 0 0 0 5 0 0 0 0 0 0 0 2 0 0 70 17 66 1 2 64 2 0 0 0 0 0 0 0 0 0 0 0 0 0 0 0 1 0 0 0 0 0 
 0 0 0 22 0 0 0 0 16 0 0 0 62 62 0 4 0 0 3 0 3 3 4 3 3 3 3 3 3 3 3 3 4 1 3 3 3 67 10 3 44 317 155 197 71 212 60 66 0 211 53 168 89 104 151 105 101 100 70 66 0 0 0 0 0 0 0 23 0 0 0 0 0 1 0 0 0 0 19 18 0 0 4 0 5 0 0 0 5 9 4 1 0 0 0 0 0 5 0 0 0 0 8 0 0 0 0 0 0 0 0 0 18 12 0 0 0 0 0 2 0 50 10 0 0 12 0 0 0 0 15 10 0 0 0 0 0 40 0 0 0 0 0 0 0 4 0 1 0 3 0 0 33 9 0 0 0 0 0 7 0 0 0 0 4 4 0 0 0 0 0 6 0 0 4 0 3 0 0 0 0 0 0 0 0 0 0 0 0 0 0 0 0 10 0 1 0 0 0 0 1 1 0 10 0 6 0 1 14 10 0 10 0 0 0 0 7 33 0 0 0 0 0 0 8 0 27 10 0 0 0 0 0 0 0 0 0 0 19 26 0 0 0 0 0 0 11 0 0 0 0 18 0 0 0 0 0 0 0 1 0 0 1 70 3 12 0 0 0 0 10 0 0 0 0 0 0 0 0 0 0 0 0 0 7 25 0 0 0 0 
 0 0 0 0 0 0 0 3 0 0 0 0 0 0 0 0 0 0 3 0 0 0 0 2 3 1 0 0 0 0 0 0 2 0 6 0 0 0 0 0 167 116 103 501 249 47 308 105 211 0 164 185 53 105 172 218 328 401 77 43 0 0 3 57 4 0 0 0 2 4 0 4 0 0 0 4 2 13 51 0 0 0 0 0 0 0 0 0 0 0 7 0 0 0 5 0 0 0 0 0 0 0 0 0 0 0 0 0 0 0 0 0 0 0 0 0 0 0 0 0 0 37 8 54 6 16 8 0 9 15 13 2 0 0 21 0 17 20 0 0 14 0 0 0 0 0 7 0 0 3 0 11 15 3 0 0 0 6 11 0 0 0 13 0 0 0 0 0 0 0 17 0 8 0 0 0 0 0 0 0 0 0 0 0 0 0 0 0 0 0 0 0 0 0 0 0 0 0 0 0 13 26 17 11 14 9 0 6 4 6 14 22 0 0 0 0 3 0 0 2 0 7 0 13 0 0 15 0 0 0 7 0 0 0 0 0 5 0 6 8 0 0 0 0 0 0 0 0 0 0 0 9 0 0 0 0 0 0 0 0 0 0 8 41 35 2 5 0 1 0 0 0 0 0 0 14 0 0 0 0 0 0 0 0 10 4 0 0 1 0 
 0 0 0 0 2 0 0 2 0 0 0 0 0 0 0 0 0 0 3 0 3 4 2 2 0 0 0 4 20 0 1 0 77 18 0 0 8 0 0 3 89 42 159 167 91 51 231 171 53 164 0 57 106 127 150 221 395 58 64 179 0 6 2 13 0 0 0 0 0 0 0 0 2 3 23 3 43 0 0 0 0 0 0 0 0 0 0 0 0 0 0 1 0 0 0 0 0 0 0 0 2 28 0 0 0 0 0 3 4 4 1 44 0 0 0 7 0 4 0 0 0 58 16 15 21 11 22 10 9 51 11 1 0 24 20 0 20 0 0 0 0 0 0 0 0 0 0 0 0 0 0 0 0 0 0 0 0 3 0 0 0 0 0 0 0 0 0 0 0 0 2 0 0 0 0 0 0 0 0 0 6 1 0 0 0 36 0 7 0 5 0 0 0 0 0 10 0 0 1 0 36 21 37 11 14 0 27 24 10 22 14 35 1 9 7 29 9 0 1 18 0 0 0 0 0 0 0 0 0 0 0 0 0 0 0 0 0 0 0 0 0 0 4 0 0 0 0 0 0 0 0 0 0 2 0 0 0 0 0 1 0 0 0 69 0 6 0 40 0 0 0 0 0 0 0 0 0 0 0 0 0 0 0 0 0 1 0 5 1 0 
 0 0 0 0 0 1 0 0 0 0 0 0 0 0 0 0 0 0 3 0 2 2 7 2 53 2 5 2 3 33 9 5 2 3 4 4 5 7 2 206 109 105 38 91 339 277 37 84 168 185 57 0 48 48 34 24 178 154 92 30 0 0 0 0 0 0 4 0 0 0 0 0 0 52 0 0 0 0 49 4 0 0 0 0 0 0 0 0 0 0 0 0 0 0 0 0 0 0 0 0 0 0 0 0 0 9 0 0 0 0 0 0 0 0 4 0 49 0 0 0 12 11 0 14 9 25 0 0 7 1 0 0 1 0 0 10 12 23 0 0 17 0 0 0 0 3 16 21 1 2 0 0 7 1 0 0 13 0 0 13 0 0 3 0 0 4 4 0 0 0 0 0 0 0 0 0 0 0 0 0 0 0 7 5 0 3 0 0 0 0 10 5 0 0 0 0 0 9 0 0 4 0 0 0 7 0 27 19 0 3 0 0 0 0 0 0 11 0 9 0 0 0 0 0 0 0 11 11 0 0 0 0 0 0 9 0 17 0 10 31 0 0 0 0 0 0 0 0 0 0 0 2 0 0 0 0 0 0 0 0 0 0 2 2 65 14 6 0 0 0 13 0 0 0 0 0 0 0 0 0 0 1 0 0 0 0 0 0 0 0 
 0 0 0 0 37 0 0 0 0 0 0 0 0 71 0 0 0 0 1 0 0 64 0 66 64 69 3 0 140 0 0 26 0 0 0 2 64 0 0 0 281 241 86 270 66 35 230 112 89 53 106 48 0 140 306 96 253 240 155 178 0 0 2 0 0 1 0 0 0 0 0 0 0 0 0 0 0 0 0 0 0 0 0 0 0 0 0 0 0 0 0 0 0 0 0 0 0 0 0 0 0 15 0 0 0 17 0 0 9 10 8 3 0 0 0 9 0 0 0 0 19 5 15 1 0 0 15 5 28 28 0 4 22 3 10 30 21 21 13 19 0 0 0 0 0 0 0 0 0 0 0 0 0 0 0 0 0 0 0 0 0 0 0 0 0 0 0 0 2 0 0 0 0 0 0 0 0 0 0 0 0 47 0 11 0 0 0 0 1 0 27 10 0 0 1 0 0 15 0 0 3 0 15 22 0 0 17 4 5 16 1 0 7 5 21 5 28 0 46 17 0 0 0 0 0 0 0 0 0 0 0 0 0 0 0 0 0 0 0 0 0 0 0 0 0 0 0 0 0 0 0 15 0 0 0 0 0 0 0 0 0 0 0 0 0 2 0 0 2 0 0 0 0 0 0 0 0 0 0 0 0 0 0 0 0 0 0 40 0 0 
 0 70 0 0 0 7 0 2 0 2 0 0 0 0 0 0 0 0 0 0 6 6 2 150 67 66 6 31 71 64 31 24 2 0 9 2 64 22 2 3 55 418 511 73 116 48 114 136 104 105 127 48 140 0 103 34 34 38 141 124 0 0 2 0 0 0 0 0 0 0 0 0 0 0 0 0 0 0 0 0 0 0 0 0 0 0 0 0 0 0 0 0 0 0 0 0 0 0 0 0 2 6 0 4 7 13 1 1 3 0 3 7 0 0 2 8 9 0 0 0 33 0 10 0 12 8 0 18 0 0 10 0 10 2 27 0 0 0 9 34 0 3 0 0 0 0 0 0 0 0 0 0 0 6 0 0 0 0 0 0 0 0 0 0 0 0 0 0 0 0 5 0 0 0 0 0 0 0 0 0 2 1 0 0 23 16 1 30 1 21 13 14 0 0 0 0 2 10 0 0 8 11 0 12 0 0 14 18 8 10 0 7 0 44 22 12 2 7 30 3 0 0 0 0 0 0 0 0 0 0 0 0 0 0 0 0 0 0 0 0 0 0 4 0 0 0 0 0 0 0 0 7 0 1 0 0 0 1 0 10 0 0 0 0 1 0 4 0 0 0 0 0 0 0 0 0 0 25 0 0 0 0 0 0 0 0 0 0 2 0 
 0 0 0 0 51 5 0 0 0 0 0 0 0 0 0 3 0 0 2 0 2 4 3 4 201 1 8 1 1 0 0 2 0 0 70 0 13 0 0 0 143 117 73 126 157 177 37 424 151 172 150 34 306 103 0 305 96 115 59 74 0 0 4 0 0 1 0 0 0 0 0 1 0 0 0 0 0 0 56 0 0 0 0 0 0 0 0 0 0 0 0 6 0 0 0 0 0 0 0 0 50 0 0 5 5 0 11 0 2 0 0 6 0 0 0 8 0 0 0 0 0 29 8 0 0 2 26 0 0 0 0 10 12 0 0 20 0 28 0 0 0 0 0 0 0 11 1 0 0 3 0 0 9 0 0 0 0 0 0 0 0 0 14 17 0 0 0 0 0 0 0 0 0 0 0 0 0 0 0 0 0 11 0 0 15 0 6 0 44 1 0 0 2 0 4 0 0 0 13 3 14 32 0 13 0 7 0 0 11 18 10 0 21 0 21 18 2 33 0 0 0 0 0 0 0 0 15 0 0 0 0 0 0 0 0 0 0 0 20 0 0 0 33 0 0 0 0 0 0 0 0 4 0 0 0 0 0 0 0 0 0 0 65 37 0 3 1 0 0 0 2 0 0 0 0 0 0 0 0 0 0 0 0 0 0 10 0 0 0 0 
 2 2 2 2 2 2 2 5 2 2 2 2 2 2 2 2 2 2 2 2 4 0 3 0 6 9 0 0 0 0 0 0 0 0 0 0 0 0 0 0 99 329 333 191 323 47 133 113 105 218 221 24 96 34 305 0 121 179 278 179 0 7 2 0 1 0 0 0 1 0 0 3 4 0 5 0 0 0 50 4 0 0 0 0 0 0 0 0 0 0 0 0 1 0 0 0 0 0 0 0 0 0 0 17 0 0 0 0 0 0 0 0 0 0 0 0 0 0 0 0 0 20 0 19 0 4 5 0 11 1 0 8 1 8 18 23 23 34 0 0 0 3 0 0 0 0 2 0 0 0 0 0 3 3 10 0 0 3 1 0 0 0 0 0 8 0 0 0 0 15 0 0 0 0 0 0 0 0 0 0 0 0 14 0 1 0 0 0 0 0 0 0 0 0 0 0 0 1 0 0 32 22 15 2 27 0 21 39 11 15 21 27 18 17 0 68 9 0 0 0 0 0 0 0 0 0 14 3 0 0 1 0 0 0 1 0 0 0 0 0 0 0 19 0 0 0 0 0 0 0 0 17 0 0 0 0 0 0 0 1 0 0 110 6 0 0 2 8 1 0 0 0 0 0 0 0 0 0 0 0 0 0 0 0 0 15 0 0 0 0 
 0 0 0 0 0 1 0 2 0 0 0 0 0 0 0 0 0 0 0 0 0 0 25 0 21 22 0 0 0 0 1 0 0 0 0 0 0 1 0 0 133 44 136 113 135 79 140 109 101 328 395 178 253 34 96 121 0 793 62 30 0 0 2 0 0 0 0 0 0 0 0 0 50 0 0 0 0 0 2 0 0 0 0 0 0 9 0 0 0 0 0 0 0 0 0 0 0 0 0 0 0 0 0 0 8 1 0 0 0 0 0 14 0 0 0 0 0 0 0 0 12 13 13 76 33 11 20 21 25 10 11 43 0 0 17 1 71 11 17 6 11 0 0 0 0 0 13 0 0 0 0 0 17 0 0 0 0 24 8 0 0 0 0 0 0 0 0 0 0 0 0 0 0 0 0 0 7 1 0 0 0 0 0 0 5 14 0 0 0 0 0 0 0 0 0 0 0 0 0 0 0 3 17 27 10 9 0 39 0 0 41 12 9 0 0 18 3 2 19 5 0 0 0 0 0 0 0 0 0 0 0 0 0 0 0 0 0 0 6 7 0 0 0 0 0 0 0 0 0 0 0 6 0 1 0 0 0 0 6 14 0 0 0 0 33 2 1 2 0 0 0 0 0 0 0 0 0 0 0 0 0 4 0 0 1 4 0 0 2 0 
 3 13 1 66 31 2 3 2 2 63 1 2 3 2 2 3 3 68 0 2 66 0 3 0 2 0 73 1 0 1 0 0 66 0 30 4 0 0 1 1 68 89 168 255 281 186 33 84 100 401 58 154 240 38 115 179 793 0 51 106 0 1 0 0 0 0 0 0 0 0 0 0 7 2 0 0 0 0 16 23 0 0 0 11 0 9 0 0 0 24 12 1 0 0 0 0 0 0 0 0 0 0 0 0 0 0 0 0 0 0 0 0 12 0 0 0 0 0 17 0 0 4 0 11 0 18 0 0 0 0 11 0 0 19 0 0 0 15 0 0 8 8 0 0 0 0 3 1 0 0 0 0 6 18 14 0 0 0 15 7 0 0 0 8 0 1 0 0 0 18 0 0 0 0 0 0 0 0 1 0 0 0 0 0 0 0 12 0 0 0 0 0 9 0 0 0 0 0 0 0 1 8 0 19 0 1 2 0 16 10 0 23 0 0 1 0 7 12 0 13 0 0 0 0 12 0 22 4 0 21 0 0 0 0 5 0 0 0 25 8 0 0 0 0 0 0 0 0 0 0 0 8 0 0 0 0 0 0 0 13 0 0 3 65 4 12 5 3 3 0 0 0 0 0 0 0 0 6 0 0 0 0 0 0 10 23 0 0 0 0 
 0 0 0 0 0 0 0 0 0 0 0 0 0 0 0 3 0 0 0 0 1 0 0 0 0 63 0 0 29 45 0 0 1 3 62 0 0 0 0 0 93 264 128 131 52 77 138 206 70 77 64 92 155 141 59 278 62 51 0 212 0 8 2 0 0 0 0 22 0 0 176 0 4 2 6 0 0 0 0 1 0 0 0 0 0 0 0 0 0 0 0 0 0 0 0 0 0 0 0 0 0 0 0 0 22 17 0 0 18 0 0 0 0 0 0 0 4 3 0 0 0 19 22 2 32 13 0 0 0 19 19 0 0 8 8 0 36 0 0 1 10 16 0 0 0 0 5 0 0 0 1 0 5 3 7 0 0 0 18 0 0 0 0 0 0 0 0 0 0 0 19 0 0 0 0 0 2 0 0 0 0 17 0 0 0 17 0 0 0 0 23 16 0 0 0 0 0 0 0 0 29 16 3 23 0 2 5 10 17 3 0 93 6 52 26 52 3 0 0 15 0 0 0 0 0 0 3 2 0 4 0 0 0 0 3 0 0 0 4 0 0 0 19 0 0 0 0 0 0 0 0 6 0 0 0 0 0 62 0 9 0 0 1 0 2 3 3 11 0 0 0 2 0 0 0 0 0 0 0 0 0 0 0 9 10 53 0 0 0 0 
 0 0 0 0 1 0 0 0 0 0 0 0 0 0 0 0 0 0 3 65 0 0 0 33 1 0 1 0 30 0 65 0 0 0 0 63 126 0 0 0 136 120 29 76 37 57 139 96 66 43 179 30 178 124 74 179 30 106 212 0 0 64 0 0 0 0 55 0 0 0 0 0 0 0 6 0 0 0 0 0 0 0 0 0 0 0 1 0 0 0 0 0 0 0 0 0 0 0 0 0 0 0 0 0 18 20 0 0 18 0 0 0 0 0 12 0 0 0 0 0 9 13 11 10 0 0 12 15 1 0 0 0 11 50 0 0 1 0 0 0 0 0 1 0 0 0 0 0 0 0 0 0 0 0 0 0 0 0 7 0 0 0 0 0 5 0 0 0 0 0 0 0 0 0 0 0 0 8 0 0 0 0 0 19 13 1 0 0 0 0 8 0 0 0 0 0 0 12 0 0 23 9 18 32 0 0 48 0 0 7 0 9 4 26 0 48 0 1 20 8 0 0 0 0 0 0 0 0 0 0 0 0 0 0 0 0 0 0 0 0 0 0 10 0 0 0 0 0 0 0 0 10 0 0 0 0 0 0 0 0 0 0 0 0 0 3 0 71 0 0 0 0 0 0 0 0 0 0 0 0 0 0 0 0 0 0 0 11 0 0 
 51 29 0 0 0 2 0 0 0 0 52 0 2 0 0 0 0 0 0 0 0 0 2 0 0 0 0 0 0 6 2 0 0 0 0 3 0 0 0 0 0 0 0 0 0 51 0 0 0 0 0 0 0 0 0 0 0 0 0 0 0 126 120 64 59 50 197 158 330 83 59 177 314 115 77 92 35 103 102 81 0 0 0 0 0 0 0 0 0 0 0 0 0 0 0 0 0 0 0 0 0 0 0 2 0 3 0 2 3 0 1 0 1 2 3 3 1 0 0 3 0 0 0 0 0 0 0 0 0 0 0 0 0 0 0 0 0 0 0 0 12 0 10 40 0 17 13 25 25 38 0 10 0 18 0 28 14 8 23 4 1 0 0 0 15 0 0 0 0 0 0 0 0 14 0 0 0 0 0 0 0 0 0 0 0 0 0 0 0 0 0 0 0 0 0 0 0 0 0 0 0 0 0 0 0 32 0 0 0 0 0 0 0 2 11 0 0 0 0 0 18 27 0 3 15 0 0 0 30 3 0 0 28 0 2 17 21 2 0 0 0 0 0 0 0 0 0 0 0 0 0 0 0 0 11 0 0 0 0 0 0 0 10 0 0 0 0 0 1 0 6 0 0 0 1 0 0 0 0 0 0 0 0 0 0 0 0 12 0 0 
