 0 183 65 83 24 33 80 53 123 28 142 29 130 118 103 125 328 254 235 183 0 0 0 0 0 0 1 0 0 3 0 0 3 0 0 0 0 0 0 0 0 0 0 62 0 3 0 3 3 1 0 0 0 3 0 0 0 0 0 0 2 1 0 0 0 0 0 2 4 1 0 0 2 5 1 0 1 0 0 1 0 0 11 16 0 11 34 0 0 36 11 0 0 0 17 50 12 12 45 1 0 0 0 0 0 0 0 0 0 0 0 0 0 0 0 0 0 0 0 0 0 0 0 0 0 0 0 0 0 0 0 0 0 0 0 0 0 0 2 2 0 0 0 0 0 0 0 0 2 0 0 0 0 0 0 0 0 0 0 0 0 11 56 11 17 0 21 0 4 0 0 0 15 25 0 0 2 17 0 12 0 0 0 0 0 0 0 0 0 0 0 0 0 0 0 0 0 0 0 0 0 0 0 0 0 0 0 0 2 0 0 0 0 0 0 7 1 0 0 0 0 0 0 0 0 0 0 2 0 0 0 0 0 12 0 0 0 0 0 0 0 0 0 0 0 2 1 2 0 90 0 22 0 0 0 0 0 0 0 0 1 0 0 0 0 0 0 0 0 0 0 0 0 0 0 0 0 0 0 0 0 0 0 0 0 0 0 0 0 1 
 183 0 459 369 158 115 136 303 54 238 129 57 145 133 51 235 140 182 42 345 0 1 0 0 0 0 0 0 0 3 0 0 3 0 0 0 0 0 74 79 7 0 0 0 0 3 0 3 3 0 0 0 0 3 6 0 119 0 0 0 0 0 0 0 0 0 0 3 0 0 9 0 0 2 0 0 0 0 0 0 9 26 13 1 9 11 14 28 0 30 26 17 0 1 7 46 42 45 0 1 0 0 0 0 0 0 0 0 0 0 0 0 21 0 0 0 0 0 0 13 0 0 0 0 0 0 0 0 0 0 0 0 0 0 0 0 0 0 0 0 0 0 0 0 0 0 0 9 0 0 0 0 0 0 0 0 0 2 0 0 1 7 15 10 18 11 30 1 0 0 11 23 1 20 19 2 11 32 0 3 0 0 0 0 0 0 0 0 0 0 0 0 13 0 20 0 0 0 2 0 0 0 0 0 0 0 0 0 0 0 0 0 0 0 0 0 0 0 2 0 0 0 1 0 0 0 0 0 0 0 0 0 0 0 0 12 0 0 0 0 0 0 0 0 0 2 92 0 0 42 13 15 0 0 24 0 0 0 0 0 0 0 0 0 0 0 0 0 0 1 0 0 0 0 0 10 0 0 0 0 0 0 0 0 0 0 0 0 0 0 
 65 459 0 210 143 128 390 457 170 205 666 40 78 149 355 133 25 42 131 19 3 0 2 2 1 1 3 0 0 3 8 28 3 0 0 29 0 2 77 2 0 0 0 0 3 5 8 3 3 0 0 3 2 2 0 33 0 0 14 3 0 0 0 3 2 6 1 0 0 0 0 0 1 3 0 0 4 0 3 6 1 12 14 34 21 14 28 39 12 44 10 15 1 53 0 14 16 0 1 0 0 0 2 0 0 0 22 0 0 0 3 0 1 13 3 0 0 0 21 0 0 0 0 0 0 0 0 0 0 0 0 0 0 0 0 0 0 14 0 0 0 6 0 0 0 0 1 0 4 0 3 0 0 0 0 0 0 0 0 0 14 12 21 28 64 1 0 0 22 25 12 52 2 0 0 47 26 33 0 0 0 0 0 0 2 0 0 0 2 0 0 0 22 0 0 1 0 0 0 60 0 0 0 0 0 0 0 0 0 0 0 0 0 0 0 0 0 0 0 0 0 0 15 0 0 0 1 0 0 0 0 0 0 0 0 0 0 0 0 0 0 7 0 0 0 0 1 0 2 2 10 9 0 0 0 1 0 0 0 0 0 0 15 1 0 0 0 0 0 0 0 1 0 0 0 0 11 0 0 0 0 0 0 0 0 0 0 0 0 0 
 83 369 210 0 356 131 107 148 204 288 85 216 57 51 165 138 154 237 547 72 0 0 2 0 2 3 75 0 3 3 9 0 4 2 1 0 0 1 73 76 0 27 0 0 0 3 4 3 5 0 0 0 0 3 0 0 0 2 71 0 0 0 36 0 0 0 0 3 3 0 47 0 0 2 0 0 0 0 0 2 15 0 25 0 0 15 11 13 16 15 47 72 0 1 0 15 38 18 0 0 20 0 0 0 0 0 100 0 0 14 0 0 50 41 20 0 0 0 11 18 0 1 0 0 0 0 0 0 0 0 0 0 0 0 0 0 0 15 0 1 0 0 0 0 0 22 0 0 0 0 0 0 0 0 0 2 0 0 0 0 0 0 0 0 20 41 0 0 7 0 13 8 0 0 19 0 0 25 0 0 1 43 9 0 0 0 9 0 0 0 0 0 20 5 19 25 0 0 0 0 13 0 0 0 0 0 0 0 1 0 0 0 10 0 0 0 0 0 0 0 0 0 0 0 0 0 0 0 0 0 0 0 0 0 0 1 0 0 0 0 0 12 0 0 1 1 48 0 122 2 0 3 23 0 0 0 0 0 0 0 2 0 11 0 0 0 0 0 0 0 0 0 0 0 0 10 0 0 0 0 0 0 0 0 0 0 0 0 0 0 
 24 158 143 356 0 320 74 52 246 196 168 278 79 49 69 97 151 258 53 396 23 74 1 0 2 0 1 38 32 3 2 0 5 27 0 77 0 2 73 105 0 0 0 0 0 3 0 3 3 0 0 0 0 3 0 0 0 0 0 0 0 0 0 0 0 0 0 2 2 0 2 0 0 2 0 0 0 0 0 52 0 18 0 19 19 9 0 34 19 24 11 43 0 0 0 87 0 22 0 0 21 0 7 14 0 0 11 41 20 30 0 0 28 0 33 9 0 4 12 0 0 0 0 0 0 0 0 0 0 2 0 0 0 0 0 0 0 0 0 0 2 0 0 0 0 0 0 0 0 0 7 0 0 0 0 9 0 22 0 0 0 0 23 5 2 50 0 0 0 15 30 0 0 0 0 0 0 0 0 5 18 17 44 14 0 2 39 10 1 8 0 0 15 6 21 16 0 9 23 22 0 0 0 0 0 0 0 0 0 0 0 0 0 0 0 0 0 0 1 0 0 0 15 0 2 0 0 0 0 0 0 0 0 0 0 0 0 0 0 0 0 3 0 0 0 0 1 0 6 2 2 2 15 0 0 0 0 0 0 0 2 0 0 0 0 0 0 0 0 0 0 0 0 0 0 0 18 0 0 0 0 0 0 0 0 0 0 0 0 0 
 33 115 128 131 320 0 472 151 190 62 82 240 32 43 195 131 174 147 36 40 77 29 1 0 0 0 153 2 20 4 0 2 77 1 73 2 0 0 136 118 0 0 0 0 0 60 6 3 5 0 0 0 0 40 0 0 0 0 4 0 0 0 0 0 0 0 0 3 6 2 0 1 0 2 0 0 0 0 0 0 0 2 13 30 0 25 0 0 13 0 24 28 0 0 0 0 0 0 0 0 67 0 1 0 0 0 47 11 0 11 0 0 27 9 20 1 0 0 11 41 0 0 0 0 0 0 0 3 0 0 0 0 0 0 0 0 0 0 0 0 5 0 0 0 0 0 0 0 0 0 0 0 0 0 7 0 0 4 0 0 0 20 0 1 2 65 0 0 18 0 28 0 0 0 0 1 0 14 0 10 0 15 0 7 0 0 26 0 0 0 0 0 24 22 11 3 0 1 15 4 0 0 0 0 0 0 0 1 0 0 0 0 0 0 0 0 0 0 2 0 0 0 0 0 0 0 0 0 0 0 0 0 0 0 0 0 0 0 0 0 0 0 0 0 0 0 11 0 92 0 1 30 20 0 0 0 0 0 0 0 0 0 0 0 0 0 0 0 0 1 0 0 0 0 0 0 0 0 0 0 0 16 0 0 0 0 0 0 0 0 
 80 136 390 107 74 472 0 343 269 37 127 266 366 108 35 164 160 46 43 54 0 2 0 1 0 0 0 0 0 3 1 0 3 2 0 0 0 0 1 1 0 0 0 0 0 3 0 3 3 0 0 0 0 2 0 0 0 0 0 0 0 0 0 6 0 0 0 0 0 0 0 1 10 3 0 0 0 0 67 3 26 16 16 2 12 8 57 13 6 27 30 0 45 0 9 15 18 11 23 39 0 0 0 0 0 0 1 0 0 1 0 0 0 0 0 0 0 0 0 2 0 0 1 0 0 0 0 0 0 0 0 0 0 2 0 11 0 1 0 0 0 17 1 0 0 0 0 0 0 0 0 0 0 0 0 0 0 0 0 0 13 46 32 0 32 14 1 16 9 35 13 28 6 32 46 14 10 33 0 0 0 0 15 0 0 19 0 0 0 0 0 0 0 2 0 2 0 0 0 0 0 0 2 0 0 0 10 0 0 0 0 0 0 0 0 0 0 0 0 0 0 0 0 0 0 0 0 0 0 0 0 0 0 0 0 0 1 0 0 0 0 0 0 0 0 2 0 0 0 1 13 2 0 0 0 0 0 0 0 0 0 0 0 0 0 0 0 0 0 0 0 0 0 0 0 8 0 13 0 0 0 0 0 0 0 0 0 0 0 0 
 53 303 457 148 52 151 343 0 212 128 132 44 107 213 151 39 256 121 154 176 0 0 0 1 2 0 0 0 0 3 0 0 3 2 0 0 0 0 0 0 0 0 0 0 0 3 0 3 3 0 0 0 0 3 0 0 0 0 0 0 0 0 0 5 0 0 0 1 0 5 0 0 0 3 0 0 0 0 0 2 17 9 14 27 14 18 26 25 15 15 1 0 14 16 10 29 1 10 17 10 0 0 0 0 0 0 1 0 0 1 0 0 0 0 0 0 0 0 13 2 11 0 1 9 0 0 0 0 0 0 0 0 0 2 0 0 0 0 0 0 0 6 2 0 0 0 0 0 0 0 0 0 0 0 0 0 0 0 0 0 2 22 18 0 3 0 14 13 51 26 13 33 11 26 19 14 18 0 0 1 0 0 0 0 0 0 0 0 0 0 0 0 2 2 0 1 0 0 0 0 0 0 2 0 0 0 9 0 0 0 0 0 0 0 0 0 0 0 0 0 0 0 0 0 0 0 0 0 0 0 0 0 0 0 0 0 0 0 0 0 0 0 0 0 0 1 0 0 0 90 18 16 0 0 0 0 0 0 0 0 0 0 0 0 0 0 0 0 0 0 0 0 0 0 0 0 10 10 0 0 0 0 0 0 0 0 0 0 0 0 
 123 54 170 204 246 190 269 212 0 166 190 181 85 101 178 161 113 186 84 190 0 1 0 1 0 4 80 1 0 6 1 2 4 0 1 116 2 9 92 3 0 0 0 2 0 9 0 3 3 0 2 0 0 4 0 4 3 3 0 0 0 0 11 2 43 0 0 1 4 0 0 0 0 3 1 0 0 0 2 5 18 1 34 0 12 0 11 14 31 41 47 0 4 0 11 10 0 11 0 12 0 0 0 0 0 2 0 0 0 0 0 0 41 3 21 0 0 0 0 9 0 0 0 0 0 14 0 0 0 0 2 0 0 0 0 0 0 0 0 13 0 2 0 25 0 0 0 0 7 0 3 0 0 0 0 0 0 0 0 0 11 13 14 0 11 24 1 1 9 18 33 21 0 0 13 22 12 12 0 0 0 0 0 0 0 0 0 0 0 1 0 0 17 13 5 2 0 2 38 22 0 0 0 0 0 0 13 0 0 0 0 0 0 0 1 0 0 0 0 0 1 0 0 0 0 0 0 0 0 0 0 18 0 0 0 0 0 0 22 2 0 20 0 0 0 2 0 0 90 6 3 15 16 0 0 0 0 0 0 0 0 0 12 0 0 0 0 0 0 0 0 0 0 0 0 0 1 0 0 0 0 0 0 0 0 0 0 0 0 0 
 28 238 205 288 196 62 37 128 166 0 169 199 145 74 203 137 47 100 248 95 2 2 4 0 0 3 0 0 0 3 0 0 3 3 77 3 0 0 75 0 3 0 0 0 0 3 3 3 5 3 0 0 0 37 0 0 0 0 5 0 0 0 0 2 0 0 0 1 5 0 5 0 2 3 0 0 0 3 0 4 1 32 11 20 17 0 0 29 29 23 40 15 0 44 0 49 24 17 0 0 0 0 0 0 0 0 1 0 0 0 0 0 1 20 0 0 0 0 18 0 0 0 0 0 0 0 0 0 7 0 0 0 0 0 0 0 0 2 0 0 0 0 0 0 0 0 0 0 0 0 0 0 0 0 0 0 0 0 0 0 0 0 0 33 13 12 75 6 0 10 11 27 0 0 0 15 14 12 14 14 0 19 0 0 0 0 0 0 0 0 0 0 21 0 0 0 0 0 0 11 0 0 0 0 0 0 0 0 0 0 0 0 0 0 0 0 0 0 1 0 0 0 0 0 0 0 0 0 0 0 0 0 0 0 0 0 0 0 0 0 0 10 0 0 0 3 2 2 2 92 16 13 0 0 0 0 0 0 0 0 0 0 18 0 0 0 0 0 0 0 0 0 0 0 0 0 4 0 0 0 0 0 0 0 0 0 0 0 0 0 
 142 129 666 85 168 82 127 132 190 169 0 150 46 69 63 294 125 245 37 76 0 0 0 0 2 0 97 0 0 3 42 0 135 0 77 2 0 0 6 0 2 0 0 0 0 3 4 2 3 0 0 0 0 2 0 0 3 0 1 0 0 65 0 5 0 0 33 0 0 0 0 0 2 3 0 0 0 0 0 3 10 0 30 44 34 14 17 0 8 47 37 12 0 2 0 20 40 9 0 0 0 0 0 0 0 0 32 0 2 10 0 0 0 32 15 0 0 0 0 0 0 0 0 0 0 0 0 0 0 0 0 0 0 0 0 0 0 0 0 0 0 0 0 5 0 0 0 0 0 0 0 0 0 0 0 0 0 0 0 0 0 23 36 13 50 2 15 0 0 63 22 15 8 13 13 9 22 17 16 38 0 0 0 9 0 0 20 0 1 0 0 0 0 25 10 14 0 0 14 9 7 0 13 0 0 0 0 0 0 0 0 0 0 0 0 0 0 0 0 0 0 0 0 0 0 0 2 0 0 0 0 0 0 0 0 0 0 0 0 0 0 12 0 0 0 2 1 0 0 2 0 9 2 0 0 0 0 0 0 0 0 0 12 0 0 0 0 0 0 0 0 0 0 0 0 27 15 0 0 0 0 0 0 0 0 0 0 0 0 0 
 29 57 40 216 278 240 266 44 181 199 150 0 27 37 52 249 392 241 74 38 72 0 0 0 0 0 1 76 74 70 2 0 3 105 0 75 0 0 152 34 0 0 0 0 0 3 1 3 3 0 0 0 2 3 0 0 0 0 1 0 0 2 0 0 0 0 0 3 4 0 0 0 0 2 0 0 0 0 0 0 0 0 25 0 0 71 0 0 11 15 43 25 0 0 0 1 4 11 0 0 17 0 0 0 0 0 25 1 11 13 0 0 46 22 17 19 0 0 0 28 0 0 0 0 0 0 0 0 0 0 0 0 0 20 0 0 2 0 0 0 0 0 0 9 0 0 0 0 0 0 0 0 0 0 0 0 0 0 0 0 0 0 0 0 9 35 0 0 0 17 24 7 0 0 0 0 0 16 0 0 0 10 9 0 0 0 23 0 0 7 0 0 38 18 20 21 0 13 2 20 0 0 0 0 0 0 0 0 0 0 0 0 0 0 0 0 0 0 0 0 0 0 0 0 0 0 0 0 0 0 0 21 0 0 0 0 0 0 0 0 0 30 0 0 0 0 89 2 3 2 0 18 19 0 0 0 0 0 0 0 0 0 12 0 0 0 0 0 0 0 0 0 0 0 0 5 0 0 0 0 0 0 0 0 0 0 0 0 0 0 
 130 145 78 57 79 32 366 107 85 145 46 27 0 164 33 66 58 40 65 141 3 0 0 1 0 1 0 0 4 6 4 0 3 0 3 0 0 0 2 0 0 0 5 0 2 6 4 3 3 66 0 0 0 2 0 0 0 0 0 0 0 0 0 0 0 0 0 0 6 0 1 0 1 3 0 0 0 0 0 3 1 1 14 0 0 0 0 0 12 10 0 0 47 11 10 0 0 0 39 36 0 0 0 0 1 0 0 0 0 1 0 0 0 0 0 0 18 0 0 0 0 0 0 0 0 0 0 0 0 9 0 0 0 0 0 0 0 0 0 0 0 6 0 0 0 0 0 0 0 0 0 0 0 0 0 0 0 0 0 0 37 15 0 0 0 0 0 48 22 2 0 0 20 10 9 0 0 0 19 13 0 0 0 0 0 0 2 0 0 0 0 1 0 0 0 2 0 0 0 0 0 0 0 0 0 0 9 0 0 0 0 0 0 0 0 0 0 0 0 0 0 0 0 0 0 0 0 0 0 0 0 0 0 0 0 0 1 0 0 0 0 0 0 0 0 1 0 1 2 1 0 0 0 0 0 0 0 0 0 0 1 0 0 0 0 0 0 0 0 0 0 0 0 0 0 0 0 10 0 0 0 0 0 0 0 25 0 0 0 0 
 118 133 149 51 49 43 108 213 101 74 69 37 164 0 78 123 170 41 185 401 0 0 0 2 0 0 0 0 1 3 1 0 3 0 0 0 0 0 1 0 0 0 0 0 0 3 0 3 3 0 0 0 2 3 0 1 0 0 0 0 0 0 0 5 0 0 0 1 0 0 0 0 0 3 0 0 1 0 0 2 1 0 19 1 18 8 20 3 29 0 0 0 6 30 20 1 25 0 45 27 0 0 0 0 0 0 0 2 0 0 0 0 0 0 0 2 0 0 0 0 0 0 0 0 2 0 0 0 0 0 0 0 0 0 0 0 0 0 0 0 0 7 0 0 19 0 0 0 0 0 0 0 0 0 0 0 0 0 0 0 0 26 12 0 40 0 10 26 10 32 0 9 16 25 17 9 15 0 0 0 0 0 1 0 0 0 0 0 0 0 2 17 0 0 0 0 0 0 0 19 1 0 0 0 0 0 13 0 0 0 0 2 0 1 0 0 0 0 0 2 0 0 0 0 24 0 14 0 0 1 1 0 14 16 0 0 0 0 0 0 0 0 0 0 0 0 2 0 0 1 1 6 0 0 0 0 0 0 0 0 0 0 0 0 0 0 1 0 0 0 0 0 0 0 0 12 0 28 0 0 0 0 0 0 0 0 0 0 0 0 
 103 51 355 165 69 195 35 151 178 203 63 52 33 78 0 157 127 336 61 218 0 2 1 2 2 0 0 0 0 3 2 2 5 2 0 0 0 8 3 0 0 3 0 0 0 3 4 3 3 0 0 0 3 3 0 0 0 0 6 0 0 0 0 6 0 0 0 46 6 0 4 3 6 2 0 59 0 0 0 6 0 13 50 51 0 21 1 14 31 31 6 13 0 0 25 11 0 25 37 8 33 0 0 0 0 0 9 0 0 0 0 0 1 11 0 0 0 0 20 6 0 0 0 0 0 0 0 0 1 0 0 0 0 0 0 0 0 0 0 1 0 0 0 0 0 0 0 0 1 0 3 1 2 1 0 0 0 0 0 0 0 28 14 10 12 27 0 0 24 14 0 0 9 0 0 0 8 25 0 0 0 0 0 0 0 0 0 0 0 0 0 0 0 0 0 0 0 0 0 0 0 0 0 15 0 0 0 0 0 0 0 0 0 0 0 0 2 0 0 0 0 1 0 0 0 0 0 1 0 0 0 0 0 0 0 0 0 0 0 0 0 0 0 0 0 0 1 0 0 96 0 12 20 0 0 0 0 0 0 0 0 0 0 0 0 0 0 0 0 0 0 0 0 0 0 0 0 0 0 0 0 0 0 0 0 0 0 0 0 0 
 125 235 133 138 97 131 164 39 161 137 294 249 66 123 157 0 82 266 138 56 0 2 0 1 2 0 1 0 2 3 0 66 3 2 0 0 2 3 45 2 3 0 2 3 0 3 12 2 3 0 0 0 0 2 0 0 0 0 4 0 0 0 3 1 2 0 0 0 0 0 3 0 2 3 0 0 2 0 0 45 0 12 63 43 12 17 13 0 26 24 25 0 0 16 28 4 36 0 18 15 0 0 0 0 0 0 15 0 0 0 0 0 0 14 0 0 0 0 1 10 0 0 1 0 0 0 0 0 0 0 0 0 0 2 0 0 0 0 0 0 0 0 0 0 0 0 0 0 0 0 0 0 0 0 0 0 0 15 0 0 0 0 18 30 6 0 32 7 27 3 0 20 31 12 32 17 26 34 10 17 0 1 0 0 0 0 2 0 1 0 0 1 11 1 0 2 0 0 0 0 0 0 0 0 1 0 0 0 0 0 0 0 19 0 0 0 0 0 0 0 0 0 0 0 0 0 0 0 0 0 0 0 0 24 0 0 0 0 0 0 0 21 0 0 0 4 1 0 0 87 1 5 0 0 1 0 0 0 0 0 0 0 5 34 0 0 2 2 0 0 0 0 0 0 0 8 0 0 0 0 0 0 0 0 0 0 0 0 0 0 
 328 140 25 154 151 174 160 256 113 47 125 392 58 170 127 82 0 403 50 161 0 1 0 3 0 0 0 0 0 3 0 0 3 0 0 0 0 0 17 6 0 74 0 0 55 3 0 25 3 0 0 0 0 5 7 0 0 0 0 0 0 0 0 0 0 0 0 2 16 0 0 0 0 2 0 45 28 0 0 1 36 0 34 16 0 0 19 39 29 40 26 0 8 4 20 81 14 19 12 10 0 0 0 0 0 0 0 0 0 0 0 0 14 0 0 0 0 0 0 0 0 0 0 0 13 0 0 0 0 0 0 0 0 0 0 0 0 0 0 0 0 13 0 0 0 0 0 0 0 0 0 0 0 0 0 0 0 0 0 0 1 57 30 22 30 10 28 6 9 24 11 3 11 44 18 0 1 65 0 18 0 0 0 0 0 0 0 0 0 0 0 0 0 0 0 0 0 0 0 0 0 0 0 0 0 0 10 0 0 0 0 0 0 0 0 0 0 0 0 0 0 0 0 0 0 0 0 0 0 0 0 0 0 0 0 0 0 0 0 0 0 0 0 0 0 1 1 0 0 48 3 6 10 0 0 0 0 0 0 0 0 0 0 0 0 0 0 0 0 0 0 0 0 0 0 0 0 14 0 0 0 0 0 0 0 0 0 0 0 0 
 254 182 42 237 258 147 46 121 186 100 245 241 40 41 336 266 403 0 108 29 0 0 0 0 0 0 0 0 2 3 3 0 3 0 0 0 0 0 61 0 0 0 0 0 0 3 0 3 3 0 0 0 0 3 0 0 0 0 0 0 0 0 0 0 0 0 0 3 39 0 0 0 0 2 0 0 0 0 0 0 6 4 16 21 0 0 18 23 41 14 47 22 0 15 1 39 25 27 0 0 12 0 2 0 0 0 0 0 0 0 0 0 19 0 0 1 0 0 12 0 0 0 0 0 0 0 0 1 0 0 0 0 0 0 0 0 0 0 0 0 0 0 0 0 0 0 0 0 0 0 0 0 0 0 0 0 0 7 0 0 0 10 13 10 15 62 0 0 0 9 31 10 3 13 6 0 0 30 0 0 0 0 0 0 2 0 0 0 3 0 0 0 4 16 9 4 0 0 15 10 0 2 0 0 0 0 0 0 0 0 0 0 0 0 0 0 0 0 0 0 0 0 0 0 0 0 1 0 0 0 0 0 0 0 0 0 0 0 0 0 0 0 0 0 0 4 1 0 1 0 10 0 39 0 0 0 0 0 0 0 0 0 5 0 0 0 0 0 0 0 0 0 0 0 0 0 0 0 0 0 0 0 0 0 0 0 0 0 0 0 
 235 42 131 547 53 36 43 154 84 248 37 74 65 185 61 138 50 108 0 181 0 3 1 1 0 0 2 2 2 5 0 0 3 0 1 3 1 0 0 0 0 0 0 0 0 7 0 3 7 62 0 0 0 2 20 0 0 2 0 65 0 0 0 0 0 0 0 0 0 6 7 0 3 3 0 0 0 0 0 3 22 21 0 0 10 1 10 34 17 12 0 0 16 23 5 29 51 29 0 0 0 0 0 0 0 0 0 0 0 0 0 0 0 0 0 0 0 0 0 0 0 0 0 0 0 8 0 0 0 0 0 0 0 0 0 0 0 0 0 0 0 0 0 0 0 0 0 0 0 0 15 0 0 0 0 0 0 0 0 0 11 0 12 26 0 0 27 21 1 0 0 10 9 0 35 14 17 0 4 18 0 0 0 0 0 0 0 0 0 0 0 0 0 0 0 0 0 0 0 0 0 0 0 0 0 0 0 0 0 0 0 0 0 0 0 0 0 0 0 0 0 0 0 0 0 0 0 0 0 0 0 0 0 0 0 0 0 0 0 0 0 0 0 0 0 1 5 0 1 42 0 12 0 0 0 0 0 0 0 0 0 0 0 0 0 0 0 0 0 0 0 0 0 0 0 10 0 0 0 0 0 0 0 0 0 0 0 0 0 0 
 183 345 19 72 396 40 54 176 190 95 76 38 141 401 218 56 161 29 181 0 0 31 0 2 0 0 0 0 0 3 2 0 6 0 0 64 0 1 0 1 0 0 0 0 0 3 0 3 3 61 0 0 0 3 0 0 0 0 0 0 0 0 0 0 0 0 0 3 6 0 2 0 0 2 0 0 0 0 0 0 27 0 5 0 0 1 25 10 2 9 0 0 11 24 38 3 0 46 27 11 0 0 0 0 0 0 0 0 0 0 0 0 0 0 0 0 0 0 0 1 0 0 0 0 0 0 1 0 1 0 0 0 0 0 0 1 0 0 0 0 0 0 0 0 0 0 0 0 0 0 0 1 2 2 0 0 0 0 0 0 39 0 1 0 0 0 36 62 0 0 0 0 28 10 0 0 1 8 15 13 0 0 0 0 0 0 0 2 0 0 0 0 0 0 0 0 0 0 0 0 0 0 0 0 0 0 0 0 0 0 14 0 0 0 0 0 0 0 0 0 0 1 0 1 0 0 0 0 0 0 0 0 0 0 0 0 0 0 0 0 0 0 0 0 0 0 1 2 1 12 0 5 0 0 0 0 0 0 0 0 0 0 0 0 0 0 0 0 0 0 0 0 0 0 0 0 0 0 0 0 0 0 0 0 0 0 0 0 0 0 
 0 0 3 0 23 77 0 0 0 2 0 72 3 0 0 0 0 0 0 0 0 411 289 58 241 335 75 207 248 43 293 317 117 260 47 114 100 271 264 226 0 2 0 0 206 0 3 0 204 0 0 0 2 0 0 0 0 0 0 0 0 0 0 0 0 0 3 2 0 2 0 0 0 0 1 0 0 3 0 10 0 0 0 0 0 0 0 0 0 0 0 7 0 0 0 0 0 0 0 0 54 27 22 32 0 0 7 34 0 39 3 0 11 0 40 16 16 40 0 6 0 0 0 0 0 0 0 0 0 0 0 0 0 0 0 0 0 0 29 0 0 0 22 11 0 0 0 1 0 0 0 0 0 0 0 0 7 0 0 0 4 0 0 0 0 0 0 0 0 0 0 0 0 0 0 0 0 0 0 0 15 62 33 17 8 5 33 23 11 19 15 4 15 7 0 59 12 22 0 9 0 0 0 0 0 0 0 0 0 0 0 0 0 0 0 0 0 0 9 10 0 0 0 0 0 0 0 0 0 0 0 0 1 0 0 0 0 0 0 0 0 0 7 0 0 0 0 0 0 0 0 0 0 0 7 0 0 0 11 2 15 0 0 0 0 0 0 0 0 0 0 0 0 0 0 0 0 0 0 0 0 0 0 0 0 0 23 0 0 0 
 0 1 0 0 74 29 2 0 1 2 0 0 0 0 2 2 1 0 3 31 411 0 191 150 185 112 454 154 218 349 114 265 324 346 477 70 118 61 113 117 55 5 0 2 3 0 0 0 4 0 0 0 2 0 0 0 1 3 0 0 0 1 0 0 0 0 4 4 0 3 0 3 0 0 4 0 0 3 0 0 0 0 0 0 16 0 1 0 0 0 0 2 0 0 0 0 0 0 0 0 9 21 22 18 0 0 8 23 0 19 0 0 0 7 22 20 12 0 0 6 0 0 0 0 0 0 1 0 0 0 0 0 2 0 0 0 0 0 0 7 3 0 0 0 0 0 0 1 0 0 0 0 0 0 3 0 0 3 2 0 0 0 0 0 0 19 0 0 0 0 9 0 0 0 0 0 0 0 2 0 13 0 26 33 9 8 25 15 35 29 8 12 7 6 11 12 29 39 26 13 0 2 0 0 0 0 0 0 0 0 0 0 1 0 0 0 0 0 0 0 0 0 0 0 0 0 0 0 0 0 0 0 0 0 0 0 0 0 0 0 0 0 11 0 0 0 0 0 0 0 0 0 0 0 8 0 1 0 0 2 3 2 0 0 0 0 13 0 0 0 0 0 0 0 0 0 2 0 0 0 0 11 0 0 0 0 0 0 0 13 
 0 0 2 2 1 1 0 0 0 4 0 0 0 0 1 0 0 0 1 0 289 191 0 484 333 206 73 203 105 164 201 77 107 283 114 89 216 125 75 130 0 2 0 3 2 0 0 0 0 2 0 0 2 0 2 0 0 0 0 0 0 0 0 0 0 1 78 2 0 3 0 0 0 32 0 0 0 3 0 0 0 0 0 0 1 0 0 0 0 0 0 0 0 0 20 0 0 0 0 0 8 45 4 18 2 0 0 53 11 21 1 0 9 20 30 0 69 32 0 10 0 0 1 0 0 0 0 0 0 0 0 0 1 0 0 0 0 0 28 29 0 0 0 0 0 0 1 1 0 0 0 0 0 0 0 0 12 0 0 0 0 0 0 0 0 1 0 0 0 0 0 0 0 0 0 0 0 2 0 0 26 39 19 0 8 1 7 19 12 14 10 12 14 18 15 60 14 0 0 9 0 0 0 0 0 1 19 0 0 0 0 0 2 0 0 0 0 0 9 4 0 0 0 0 0 0 0 0 0 0 0 0 2 0 0 0 0 0 0 0 0 0 7 0 0 0 2 0 0 0 0 0 0 0 11 0 3 9 39 1 3 2 0 0 0 0 0 0 0 0 0 0 0 0 0 0 0 0 0 0 0 0 0 0 0 0 19 0 0 0 
 0 0 2 0 0 0 1 1 1 0 0 0 1 2 2 1 3 0 1 2 58 150 484 0 89 109 73 192 57 165 117 427 71 145 61 147 40 284 100 58 0 2 0 0 0 0 62 0 0 2 0 0 65 0 0 0 0 0 0 2 0 0 0 0 0 0 3 53 0 2 0 0 41 0 0 0 0 3 0 0 0 0 0 2 0 0 0 0 0 0 0 0 0 0 0 0 0 1 0 0 0 2 0 31 4 3 0 9 0 0 30 2 0 0 0 10 25 43 0 0 9 0 0 0 0 0 70 0 0 0 31 0 21 15 14 0 0 15 22 22 0 0 0 0 0 0 0 0 0 0 0 0 0 0 0 0 0 0 0 0 1 0 0 0 0 0 0 0 0 0 0 0 0 0 0 0 0 0 0 0 1 0 15 0 18 15 0 0 0 0 11 0 0 0 0 11 7 0 0 9 1 0 0 0 0 0 15 18 0 32 0 0 2 0 44 18 10 7 2 11 0 0 0 0 0 0 0 0 0 0 0 0 0 0 0 0 0 0 0 0 0 1 0 0 0 0 0 0 0 0 0 0 0 0 6 1 0 0 1 1 16 2 0 0 0 0 0 0 0 0 0 0 0 0 0 0 0 0 0 1 0 13 0 0 0 0 0 0 0 0 
 0 0 1 2 2 0 0 2 0 0 2 0 0 0 2 2 0 0 0 0 241 185 333 89 0 238 376 121 180 256 121 75 316 92 164 145 348 72 82 83 0 2 0 3 9 0 71 0 0 4 0 0 3 0 61 0 0 0 0 0 0 0 0 0 0 0 3 4 0 3 0 0 0 0 0 0 0 3 0 0 0 0 0 9 0 0 0 0 0 0 0 0 0 0 0 0 0 0 0 0 0 21 18 15 33 21 0 2 35 17 22 14 0 7 0 21 10 0 8 2 0 0 0 0 0 0 0 11 0 0 0 0 16 8 8 16 0 9 37 18 0 0 0 0 0 0 0 4 0 0 0 0 0 0 0 0 4 0 0 1 0 1 37 0 0 0 0 0 9 0 3 0 0 0 0 0 0 0 0 0 71 9 0 13 11 30 9 38 12 1 21 14 0 1 0 28 33 0 0 0 72 0 2 0 0 0 0 0 0 0 0 0 37 11 1 0 17 0 27 0 0 0 0 0 0 0 0 0 0 0 0 0 0 0 0 0 0 0 0 0 0 0 6 0 0 0 0 0 0 0 0 0 0 0 61 2 6 79 4 0 2 28 0 0 0 0 0 0 0 0 0 0 52 0 0 0 0 0 0 0 0 0 0 0 0 11 0 0 0 0 
 0 0 1 3 0 0 0 0 4 3 0 0 1 0 0 0 0 0 0 0 335 112 206 109 238 0 387 99 43 122 218 157 39 127 85 233 136 234 54 61 32 2 0 1 0 0 22 61 0 1 2 0 65 0 0 0 0 3 0 62 0 0 0 0 0 0 3 3 0 8 1 0 10 0 0 0 2 2 0 0 7 0 0 0 0 0 0 0 0 0 0 0 0 0 2 0 0 0 2 0 0 25 12 11 32 0 0 0 0 1 15 73 0 8 0 11 13 0 0 0 0 11 35 0 0 0 11 17 27 13 0 0 61 78 29 0 14 0 15 29 0 1 0 0 0 0 0 0 1 0 0 0 0 0 0 0 10 0 0 0 0 0 0 0 0 0 0 0 0 0 0 0 0 0 0 0 0 0 0 0 0 11 18 1 21 11 0 0 16 8 19 0 0 0 0 0 0 0 0 0 20 15 0 0 20 0 34 40 56 0 0 0 24 1 18 1 0 1 11 10 0 0 0 0 0 0 0 0 0 0 0 0 0 0 0 0 0 0 0 0 0 0 0 0 0 0 0 0 0 1 0 0 0 0 2 0 6 76 1 0 4 12 0 0 0 0 0 0 0 0 0 0 0 0 0 0 0 0 0 18 0 0 0 0 0 10 0 0 0 0 
 1 0 3 75 1 153 0 0 80 0 97 1 0 0 0 1 0 0 2 0 75 454 73 73 376 387 0 160 305 61 53 242 134 59 128 37 53 248 130 312 0 2 0 0 12 0 0 0 0 0 0 1 2 0 0 0 0 0 0 0 0 0 0 0 0 0 3 2 89 3 0 0 0 2 9 0 0 3 0 0 0 0 0 18 0 22 0 0 0 11 0 11 0 0 0 0 8 0 0 0 0 0 12 1 0 0 56 0 26 15 24 0 21 39 14 19 6 0 0 40 0 0 0 1 0 0 0 0 0 0 0 0 0 0 0 1 0 0 1 3 17 0 0 6 0 0 1 0 0 8 0 0 0 0 12 0 0 7 0 0 0 0 0 0 0 21 0 0 0 0 2 0 0 0 0 2 0 0 0 4 32 9 0 37 23 0 45 27 21 22 19 16 20 26 58 13 75 4 39 13 0 0 0 0 0 0 0 0 0 0 0 0 0 2 0 0 0 0 1 0 0 0 0 0 0 0 0 0 0 0 1 0 17 0 0 0 0 0 0 0 0 0 6 0 0 0 0 0 27 0 0 0 0 0 11 4 0 0 2 0 5 0 0 0 0 0 10 0 0 0 0 2 0 0 0 0 14 0 0 0 0 11 0 0 0 0 0 0 0 0 
 0 0 0 0 38 2 0 0 1 0 0 76 0 0 0 0 0 0 2 0 207 154 203 192 121 99 160 0 185 40 160 102 106 189 35 110 104 109 65 192 7 2 0 0 3 0 0 0 0 0 0 0 2 0 0 0 0 0 0 6 0 48 0 0 0 0 3 2 0 3 0 0 0 0 0 6 0 2 0 0 0 0 0 0 0 0 0 0 0 0 0 10 0 0 0 0 0 0 0 0 33 18 34 32 0 1 10 22 12 33 33 0 0 1 18 34 29 13 0 0 0 0 0 0 0 0 0 0 0 0 0 0 0 0 0 1 0 0 22 27 0 0 0 0 0 0 0 0 0 0 0 0 0 0 0 0 2 0 0 0 3 0 0 0 0 0 0 0 0 0 4 0 0 0 0 0 0 0 0 0 14 22 25 45 17 11 11 16 9 58 0 0 0 2 9 25 51 35 0 4 0 0 0 0 0 0 13 0 0 0 0 0 1 10 0 0 0 0 29 20 0 0 0 0 0 0 0 0 0 0 0 0 0 0 0 0 0 0 0 0 0 0 0 0 0 0 2 0 0 0 0 0 0 0 4 0 1 0 0 0 31 0 0 1 0 0 0 0 0 0 0 0 0 0 0 0 0 0 0 0 0 0 0 0 0 0 0 0 0 0 
 0 0 0 3 32 20 0 0 0 0 0 74 4 1 0 2 0 2 2 0 248 218 105 57 180 43 305 185 0 324 35 77 232 166 200 149 56 44 121 245 4 2 0 0 3 1 0 2 4 0 0 0 2 0 0 0 0 4 0 8 0 0 0 0 0 0 3 2 0 3 0 24 0 2 0 0 0 2 0 4 0 2 1 0 0 7 0 0 0 0 0 12 0 0 0 1 0 0 0 0 34 0 11 12 0 0 11 22 27 15 19 0 13 1 12 70 1 0 9 25 0 2 0 0 0 2 0 0 0 0 0 0 0 2 0 11 0 0 0 14 5 0 0 0 0 0 0 0 0 0 0 0 0 0 4 0 0 11 0 0 5 0 7 0 0 2 0 0 0 0 12 0 0 0 0 0 0 0 0 0 5 19 14 43 15 0 33 34 20 30 8 1 9 6 1 1 38 46 36 20 0 0 0 0 0 0 0 0 0 0 25 0 0 10 0 0 0 0 29 0 0 0 0 0 0 0 0 0 2 0 0 0 0 0 0 0 0 0 2 0 0 0 0 0 0 0 0 0 0 0 0 0 0 0 18 0 0 0 1 0 14 0 0 0 0 0 0 0 0 0 0 0 0 0 0 0 0 0 0 0 0 14 0 0 0 0 0 0 0 0 
 3 3 3 3 3 4 3 3 6 3 3 70 6 3 3 3 3 3 5 3 43 349 164 165 256 122 61 40 324 0 100 169 284 160 320 221 413 124 303 78 94 2 0 0 0 0 66 0 0 2 0 0 64 0 0 0 0 0 0 4 0 0 0 0 0 0 3 13 0 3 0 0 0 1 0 0 0 3 0 0 0 0 0 0 0 0 0 2 0 0 0 0 1 0 0 0 0 0 0 0 0 13 12 12 12 61 0 0 24 0 6 15 0 8 0 0 22 0 0 0 29 0 7 0 0 0 22 33 0 0 0 2 27 54 17 0 0 7 8 10 0 1 0 0 0 0 28 1 0 0 0 0 0 0 0 0 0 0 0 0 0 0 0 0 0 0 0 0 0 43 0 0 0 0 0 0 0 0 1 0 0 0 25 0 0 35 0 0 0 0 32 12 12 0 0 13 12 1 2 0 14 12 0 2 0 0 0 0 1 15 0 0 36 1 10 12 28 0 12 0 0 0 0 0 0 0 0 2 0 0 0 9 0 0 0 0 0 0 0 0 0 0 0 0 0 0 0 0 0 0 0 0 0 0 10 0 2 13 0 1 5 0 0 0 0 0 0 0 0 0 0 0 0 0 0 0 0 0 0 0 0 9 0 2 0 32 0 0 0 0 
 0 0 8 9 2 0 1 0 1 0 42 2 4 1 2 0 0 3 0 2 293 114 201 117 121 218 53 160 35 100 0 119 38 267 72 166 145 279 53 69 12 11 1 0 0 0 15 0 0 0 0 2 2 0 1 3 0 0 0 1 0 0 2 0 0 0 3 2 53 3 1 0 0 0 0 0 2 3 0 0 0 0 0 0 0 0 0 0 0 0 0 0 0 0 0 0 0 0 0 0 1 45 0 1 0 12 0 11 0 0 4 0 0 0 0 23 13 12 0 0 0 0 0 25 0 0 0 0 0 0 0 0 7 0 8 0 0 0 31 14 0 0 0 2 0 0 0 1 0 0 16 0 0 0 2 0 11 0 0 0 2 0 0 1 0 0 0 0 0 0 0 0 0 0 0 0 0 0 0 0 13 19 45 0 9 25 0 21 17 27 0 0 0 0 0 11 18 6 0 9 0 0 0 0 0 0 0 0 0 0 0 0 22 9 1 0 0 0 22 0 0 0 0 0 0 0 0 0 0 0 0 0 7 0 12 0 0 0 0 2 0 0 2 0 0 0 0 0 0 0 0 0 0 0 9 1 1 2 0 3 18 0 0 0 0 3 2 2 0 0 0 0 0 0 1 0 0 0 0 0 0 0 0 0 0 0 0 0 0 0 
 0 0 28 0 0 2 0 0 2 0 0 0 0 0 2 66 0 0 0 0 317 265 77 427 75 157 242 102 77 169 119 0 67 35 191 91 80 177 48 46 69 2 72 0 0 0 61 1 132 2 0 0 176 78 0 0 0 4 0 69 0 0 0 0 0 0 3 2 0 2 0 0 0 0 0 0 0 3 0 0 0 0 0 0 0 0 0 0 0 0 0 0 2 0 0 0 0 0 0 1 0 9 0 14 11 11 0 13 0 7 16 8 0 0 13 0 11 6 3 0 28 13 10 0 0 0 36 0 33 0 9 1 22 20 13 0 11 7 15 11 0 13 3 0 0 0 3 8 0 0 0 0 0 0 0 0 1 0 0 0 0 0 0 0 0 0 0 0 0 0 0 0 0 0 0 0 0 0 0 0 0 13 0 0 43 8 0 0 0 0 26 1 0 7 0 0 0 1 0 1 14 27 0 0 0 0 20 24 2 38 0 0 0 7 21 25 0 20 9 21 0 0 0 0 2 0 0 0 0 0 0 0 0 0 0 0 0 0 0 0 0 0 0 0 0 0 0 0 0 0 0 0 0 0 13 2 1 80 85 1 2 0 0 0 0 0 0 0 0 0 0 0 0 0 0 0 0 0 0 0 0 1 0 1 0 0 13 0 0 0 
 3 3 3 4 5 77 3 3 4 3 135 3 3 3 5 3 3 3 3 6 117 324 107 71 316 39 134 106 232 284 38 67 0 87 140 49 135 259 188 144 0 2 0 2 0 0 0 0 0 3 0 0 2 0 0 0 0 0 0 0 0 0 0 0 0 0 54 2 0 3 0 0 0 0 5 0 0 3 0 0 0 0 0 13 14 9 0 0 0 0 2 15 0 0 0 0 0 0 0 0 0 12 28 32 0 0 35 15 9 9 5 0 0 34 48 0 13 0 0 19 0 0 0 0 0 0 0 0 0 0 0 0 7 0 0 0 0 0 14 0 4 0 0 4 0 0 0 0 0 0 0 0 0 0 0 0 0 6 0 0 0 0 0 1 0 19 0 0 0 0 1 0 2 2 0 0 0 0 0 8 9 19 18 35 9 4 18 11 22 19 0 9 16 20 42 3 0 0 24 9 0 0 0 0 0 0 0 0 0 0 0 0 0 0 0 0 0 0 0 0 0 0 0 0 0 0 14 0 0 0 0 0 0 0 0 0 0 0 0 0 0 0 0 0 0 0 0 28 2 0 0 0 0 0 8 0 1 1 0 0 2 0 0 0 0 0 10 0 0 0 0 0 0 0 0 0 12 0 0 0 0 9 0 0 0 0 19 0 0 0 
 0 0 0 2 27 1 2 2 0 3 0 105 0 0 2 2 0 0 0 0 260 346 283 145 92 127 59 189 166 160 267 35 87 0 291 37 198 275 202 265 0 206 0 0 49 1 0 0 0 0 0 0 3 0 0 0 0 0 0 0 0 0 0 0 0 0 3 2 0 3 0 0 0 0 0 0 0 3 0 0 0 0 0 0 15 0 0 0 0 0 0 52 0 0 0 0 0 6 0 0 33 22 8 10 0 2 7 13 0 26 14 0 15 31 43 23 23 0 24 29 0 0 0 0 0 9 0 0 0 0 0 0 1 0 0 0 0 0 1 7 0 0 0 0 15 0 0 0 0 0 0 0 0 0 0 0 0 0 0 1 0 1 0 0 0 1 0 0 0 0 0 0 0 0 0 0 0 0 0 0 25 46 49 10 11 0 13 19 18 23 0 10 25 0 11 24 12 5 13 0 0 0 2 0 0 0 0 0 0 1 0 0 1 0 0 0 0 0 0 0 0 0 0 0 0 1 0 0 0 0 0 0 0 0 0 0 0 0 0 0 0 0 0 0 0 0 0 0 0 0 0 0 0 0 75 0 0 0 82 1 2 0 0 0 0 0 0 0 0 0 0 0 0 0 0 0 0 0 0 0 0 0 0 0 0 0 0 0 0 0 
 0 0 0 1 0 73 0 0 1 77 77 0 3 0 0 0 0 0 1 0 47 477 114 61 164 85 128 35 200 320 72 191 140 291 0 86 121 185 146 287 2 2 0 0 0 0 0 0 3 4 0 2 2 0 0 0 0 3 0 0 0 0 0 3 0 0 0 0 2 0 0 0 2 0 1 0 0 3 0 2 0 0 0 0 16 9 0 0 0 0 0 0 0 0 2 0 0 0 2 0 6 23 12 2 2 13 0 17 28 0 12 0 0 39 12 9 0 0 9 28 0 0 0 0 0 0 0 0 0 0 0 0 13 12 0 0 1 0 6 8 4 1 0 4 0 0 0 0 0 0 0 0 0 10 24 0 0 6 0 0 0 0 0 0 0 0 0 0 0 0 1 0 0 0 0 0 0 0 0 0 12 0 13 3 0 25 18 13 24 1 23 11 31 4 15 16 23 7 16 19 0 10 0 0 0 0 0 0 0 0 0 0 12 1 0 0 0 0 0 0 0 0 0 0 0 0 0 0 0 0 0 0 0 0 0 0 0 0 0 0 0 0 0 0 0 1 0 0 0 0 0 0 0 0 7 0 2 1 2 0 3 0 0 0 0 0 0 0 0 0 0 0 0 0 0 0 0 0 0 0 0 9 0 0 1 13 0 0 0 0 
 0 0 29 0 77 2 0 0 116 3 2 75 0 0 0 0 0 0 3 64 114 70 89 147 145 233 37 110 149 221 166 91 49 37 86 0 380 90 54 149 4 2 0 0 0 0 63 0 2 5 0 0 2 0 2 0 0 0 1 0 3 0 0 1 0 0 4 2 8 2 0 0 2 2 1 1 0 5 0 1 0 0 0 0 31 0 0 1 0 2 0 0 0 0 0 0 0 0 0 0 20 26 0 87 0 21 0 39 31 22 19 0 12 0 19 13 21 41 6 0 0 0 0 0 0 0 0 0 0 0 0 0 9 0 6 0 0 1 31 31 0 0 0 0 0 0 0 15 0 0 0 0 0 0 0 0 15 0 0 0 3 0 0 0 0 4 0 0 0 0 2 0 0 0 0 0 0 0 0 0 48 44 8 8 0 12 8 23 1 13 0 11 0 10 0 13 11 10 0 0 12 0 0 0 0 0 12 0 0 1 0 2 9 1 7 0 10 0 9 1 14 0 0 0 0 0 0 0 0 0 0 39 9 0 0 0 0 0 0 0 0 0 0 0 0 0 0 0 0 0 0 0 0 0 5 0 1 2 0 1 1 8 0 0 0 0 0 0 0 0 0 0 0 0 0 0 0 0 0 0 0 14 0 0 0 15 22 0 0 0 
 0 0 0 0 0 0 0 0 2 0 0 0 0 0 0 2 0 0 1 0 100 118 216 40 348 136 53 104 56 413 145 80 135 198 121 380 0 362 44 315 63 2 0 0 0 3 0 0 0 1 0 0 2 0 0 2 0 0 0 0 0 0 2 0 0 0 3 5 1 3 0 0 0 1 0 0 1 3 0 0 0 0 0 0 16 1 0 0 0 0 0 0 0 0 0 0 0 0 0 0 0 12 12 15 32 25 0 26 14 6 0 25 0 1 21 2 12 10 0 0 0 17 2 0 0 0 1 8 10 0 0 0 23 17 6 19 0 0 25 0 0 0 0 0 0 0 0 0 0 0 0 0 0 1 0 0 0 1 0 0 0 0 0 1 0 1 0 0 0 0 0 0 0 0 0 0 0 0 0 0 13 7 8 0 11 22 0 6 32 8 14 10 13 0 0 15 10 0 0 0 0 0 0 0 0 0 0 4 0 0 0 0 20 7 15 0 14 0 14 0 0 0 0 2 0 0 0 0 0 0 0 0 0 0 0 0 0 2 0 0 0 0 0 0 0 0 0 0 0 0 0 0 0 0 20 1 2 136 0 0 0 1 0 0 0 0 0 0 0 0 0 0 0 0 0 0 0 0 0 0 0 0 0 0 0 0 0 0 0 0 
 0 0 2 1 2 0 0 0 9 0 0 0 0 0 8 3 0 0 0 1 271 61 125 284 72 234 248 109 44 124 279 177 259 275 185 90 362 0 123 104 0 3 0 0 0 0 100 0 0 1 0 0 3 0 0 0 0 0 0 0 0 0 0 1 0 0 3 2 0 3 0 1 0 0 0 0 0 29 0 0 0 0 0 0 13 0 0 0 0 0 0 0 0 0 0 0 0 0 7 0 16 43 1 32 17 0 0 30 1 11 18 15 15 7 24 9 34 18 0 13 0 0 9 0 0 0 8 0 0 0 0 0 14 13 12 0 0 0 38 58 0 0 0 0 1 0 0 4 0 0 0 0 11 0 0 0 5 0 0 0 0 0 0 0 0 0 0 1 0 0 0 0 0 0 0 0 0 0 0 0 31 18 11 0 14 0 20 0 12 0 12 19 21 9 0 12 12 0 0 0 27 14 0 0 0 0 17 12 0 0 0 0 2 0 0 2 0 0 17 2 0 0 0 0 0 0 0 0 0 1 0 0 2 0 0 0 0 0 0 0 0 0 0 0 0 0 0 0 0 0 0 0 0 0 13 1 0 2 76 0 3 38 0 0 0 0 1 0 0 0 0 0 0 0 0 0 0 0 0 7 0 0 0 0 0 6 18 0 0 0 
 0 74 77 73 73 136 1 0 92 75 6 152 2 1 3 45 17 61 0 0 264 113 75 100 82 54 130 65 121 303 53 48 188 202 146 54 44 123 0 189 0 2 3 0 13 0 0 0 0 8 0 0 36 0 0 0 0 0 0 0 0 0 0 1 0 0 3 11 8 2 0 0 0 1 0 0 0 3 0 0 19 9 6 18 19 0 0 2 12 0 27 0 1 0 0 10 0 6 0 0 22 15 0 0 0 0 16 26 0 21 0 0 21 0 15 0 18 1 14 35 0 0 0 0 0 0 0 0 0 0 0 1 0 0 0 0 0 0 0 0 5 0 0 0 0 0 0 0 0 0 5 0 0 0 9 0 1 10 10 0 0 0 0 0 0 7 0 0 0 14 30 0 0 0 1 11 0 9 0 0 12 10 0 10 0 0 33 0 0 0 11 6 57 15 0 19 7 0 24 1 0 0 0 2 0 0 0 0 1 0 0 0 0 0 0 0 0 0 2 0 0 0 0 0 0 0 0 1 0 0 0 0 0 0 0 0 0 0 0 0 0 0 9 0 0 0 0 0 0 0 0 0 7 0 14 0 0 0 4 2 0 0 0 0 0 0 0 0 0 0 0 0 0 0 0 0 13 0 0 0 0 20 0 1 0 0 0 0 0 0 
 0 79 2 76 105 118 1 0 3 0 0 34 0 0 0 2 6 0 0 1 226 117 130 58 83 61 312 192 245 78 69 46 144 265 287 149 315 104 189 0 0 2 0 0 0 0 0 0 0 0 0 0 2 6 0 0 0 0 0 0 2 0 0 0 0 0 3 2 0 3 0 0 0 35 0 0 0 2 0 0 0 0 0 0 16 18 0 0 0 0 0 13 0 0 1 0 0 0 0 0 38 10 0 0 2 0 8 47 13 18 16 0 44 2 25 42 17 1 11 81 0 0 0 0 0 0 0 0 0 0 0 0 0 16 0 10 0 0 0 0 3 0 0 0 1 0 0 19 0 0 0 0 0 0 7 0 0 30 0 0 8 0 0 0 0 28 0 1 6 0 17 0 0 0 0 0 0 0 0 0 40 15 0 22 0 0 50 31 21 18 8 10 27 23 2 1 21 46 39 19 0 0 0 0 0 14 0 0 0 0 0 0 0 0 0 0 0 0 0 0 0 0 0 0 0 0 0 0 0 0 0 0 2 0 0 0 0 0 0 0 0 0 0 0 0 0 0 0 0 0 0 0 0 0 4 0 0 0 79 0 15 0 0 0 0 0 0 0 0 0 0 0 0 0 0 0 0 0 0 0 0 7 0 0 0 0 0 0 0 0 
 0 7 0 0 0 0 0 0 0 3 2 0 0 0 0 3 0 0 0 0 0 55 0 0 0 32 0 7 4 94 12 69 0 0 2 4 63 0 0 0 0 232 299 124 272 322 138 135 41 32 40 32 202 321 345 114 239 38 89 107 0 0 0 0 0 0 0 4 0 10 0 0 5 28 0 0 0 52 0 3 0 0 0 0 0 0 0 0 0 0 0 0 0 0 0 0 0 0 0 0 0 1 6 0 12 0 0 0 11 0 43 15 0 0 0 9 0 6 0 0 24 0 18 0 0 13 15 19 15 0 24 23 9 12 20 10 10 0 1 7 0 0 0 0 0 0 4 27 0 23 0 0 0 0 0 0 1 0 0 9 0 0 0 0 0 0 0 0 0 0 0 4 9 7 1 0 0 0 0 0 0 0 4 0 0 15 0 10 0 4 5 0 0 0 0 0 0 6 0 0 18 9 0 12 13 9 13 14 29 1 0 38 16 5 0 22 10 0 5 0 0 0 3 0 0 0 0 0 0 0 33 0 0 0 0 0 0 0 0 0 0 0 7 0 0 0 0 0 0 26 0 5 0 1 0 0 0 128 0 20 0 0 0 1 0 2 0 0 0 0 1 0 0 0 0 0 0 0 0 0 0 0 0 0 10 9 0 1 1 0 
 0 0 0 27 0 0 0 0 0 0 0 0 0 0 3 0 74 0 0 0 2 5 2 2 2 2 2 2 2 2 11 2 2 206 2 2 2 3 2 2 232 0 549 139 249 49 88 86 82 52 125 49 54 154 154 189 178 88 89 259 0 0 0 2 3 0 0 0 2 0 2 1 0 0 0 0 3 3 28 51 0 0 0 0 0 0 0 0 0 0 1 0 0 0 0 0 0 0 0 0 0 0 0 0 0 0 0 0 0 0 0 0 0 0 0 0 0 0 0 0 0 1 12 17 0 14 0 20 25 4 15 15 0 0 14 19 0 5 0 0 0 0 0 0 0 9 0 0 0 0 0 1 11 12 0 0 0 0 0 9 0 0 0 0 0 0 0 0 0 0 0 4 6 45 9 0 0 0 0 0 0 0 0 0 0 0 0 0 0 0 0 0 0 0 0 0 0 0 0 0 11 16 0 9 17 18 0 0 43 16 4 12 0 8 0 35 31 0 0 1 0 0 0 0 0 0 7 0 0 0 3 0 17 9 0 0 0 0 0 0 0 0 0 0 0 0 0 0 0 18 0 2 0 2 0 0 0 0 0 2 0 0 1 8 0 23 0 0 0 0 0 0 0 0 0 0 0 0 0 0 0 0 0 0 3 0 0 13 2 0 
 0 0 0 0 0 0 0 0 0 0 0 0 5 0 0 2 0 0 0 0 0 0 0 0 0 0 0 0 0 0 1 72 0 0 0 0 0 0 3 0 299 549 0 94 149 83 77 135 183 145 47 89 101 120 128 142 148 115 239 106 4 0 3 0 0 0 0 0 0 0 0 0 23 0 0 0 0 0 91 26 0 0 0 0 0 0 0 0 0 0 0 0 0 0 0 0 0 0 0 0 0 0 0 0 0 0 0 0 0 0 0 0 0 0 0 0 0 0 0 0 12 12 0 1 14 10 8 0 0 11 0 0 4 0 0 14 21 10 10 0 0 0 0 15 0 0 0 0 0 0 0 0 2 7 0 0 0 0 1 0 0 0 0 0 0 0 0 0 0 0 0 0 0 0 0 0 0 0 0 0 0 0 0 0 11 0 0 0 14 0 0 9 0 0 0 9 0 0 0 0 19 52 0 1 40 34 1 1 6 26 0 33 8 7 0 13 9 6 8 9 0 0 0 0 0 0 18 1 0 0 0 0 0 15 0 0 0 0 0 0 0 0 0 0 0 0 0 0 0 0 0 4 0 2 0 0 0 0 0 11 0 0 66 0 0 4 2 0 0 0 0 0 0 0 0 0 0 1 0 0 0 0 0 0 10 0 0 6 0 0 
 62 0 0 0 0 0 0 0 2 0 0 0 0 0 0 3 0 0 0 0 0 2 3 0 3 1 0 0 0 0 0 0 2 0 0 0 0 0 0 0 124 139 94 0 313 21 227 137 113 236 148 74 52 82 127 96 48 349 210 349 0 0 9 0 0 0 0 0 0 0 0 0 16 2 0 0 15 0 51 1 0 0 0 0 0 0 0 0 0 0 0 0 0 0 0 0 0 0 0 0 0 0 0 0 3 0 0 0 0 0 0 1 0 0 0 0 0 0 0 0 3 21 1 0 34 0 0 3 7 40 0 18 0 0 27 3 7 22 0 0 0 0 0 18 0 0 0 0 0 46 0 0 0 0 4 10 0 0 10 5 0 0 0 0 0 0 0 0 0 0 0 28 8 10 5 0 0 0 0 0 0 0 0 0 0 0 0 0 0 0 0 0 0 0 0 0 0 0 0 0 10 4 14 36 9 14 20 9 2 0 33 11 3 27 11 4 28 15 0 11 10 45 0 0 3 0 0 17 0 0 0 0 0 0 14 0 0 0 12 3 0 0 18 0 0 0 0 0 0 0 0 6 0 0 0 0 0 0 0 12 0 0 0 64 67 1 4 0 0 0 10 0 0 0 0 0 0 0 0 0 0 0 0 0 11 8 0 0 0 0 
 0 0 3 0 0 0 0 0 0 0 0 0 2 0 0 0 55 0 0 0 206 3 2 0 9 0 12 3 3 0 0 0 0 49 0 0 0 0 13 0 272 249 149 313 0 144 262 70 54 400 72 98 312 70 148 73 174 132 57 87 54 0 0 0 0 0 0 1 0 0 0 0 61 0 51 0 0 0 0 68 0 0 0 0 0 0 0 0 0 0 0 0 0 0 0 0 0 0 0 0 2 0 44 0 0 1 0 0 0 5 0 0 2 7 0 2 4 0 0 2 0 0 0 12 10 11 0 14 2 1 39 18 0 0 1 0 0 2 0 0 1 0 0 0 9 0 5 21 0 0 0 0 7 3 0 0 9 0 21 24 0 0 0 0 0 0 0 0 0 0 0 1 0 0 1 0 0 0 5 0 7 6 1 4 3 0 28 6 0 0 5 26 0 0 0 5 16 0 0 0 0 13 8 31 30 22 0 0 0 9 32 54 0 0 12 0 0 0 0 0 9 9 0 0 0 0 16 0 9 10 19 0 9 5 19 6 21 0 1 11 0 0 7 0 0 0 0 0 11 0 0 2 0 0 0 0 0 0 2 2 0 0 35 1 2 5 4 63 0 2 0 0 0 0 0 0 0 0 0 0 0 0 0 0 0 0 0 0 0 0 
 3 3 5 3 3 60 3 3 9 3 3 3 6 3 3 3 3 3 7 3 0 0 0 0 0 0 0 0 1 0 0 0 0 1 0 0 3 0 0 0 322 49 83 21 144 0 51 273 60 271 274 334 44 123 113 282 192 334 35 281 53 0 0 5 0 1 23 0 0 0 0 5 73 0 50 0 3 0 0 49 0 0 0 0 0 0 0 0 0 0 6 0 0 0 0 0 0 5 0 0 0 0 0 0 0 0 0 0 0 0 0 0 0 0 0 0 0 0 0 0 0 0 0 4 0 22 0 10 33 0 8 31 0 0 0 0 0 0 0 0 19 14 0 16 0 0 0 0 3 6 15 2 7 0 0 0 10 0 0 14 0 0 0 0 0 0 0 0 1 6 0 0 0 0 0 0 0 0 4 0 0 0 0 0 0 0 0 0 0 0 0 0 0 0 0 0 0 0 0 0 0 0 0 11 13 21 0 0 0 0 45 19 0 0 0 0 0 0 0 0 7 20 25 0 0 0 18 0 3 0 9 8 5 17 28 0 15 0 11 0 0 0 0 0 0 0 0 0 0 0 0 2 0 0 0 0 0 0 0 0 0 0 32 0 1 1 1 66 5 0 7 0 0 0 0 1 0 0 0 0 0 0 0 0 1 0 0 0 0 0 
 0 0 8 4 0 6 0 0 0 3 4 1 4 0 4 12 0 0 0 0 3 0 0 62 71 22 0 0 0 66 15 61 0 0 0 63 0 100 0 0 138 88 77 227 262 51 0 108 94 107 92 21 73 275 324 49 34 246 462 272 0 0 6 0 0 0 0 0 0 0 0 0 0 2 0 0 3 1 0 2 0 0 2 0 0 0 0 0 0 2 4 3 0 0 0 0 0 0 0 0 0 0 0 22 14 0 3 0 0 0 12 14 0 4 11 13 0 0 9 0 9 10 69 0 14 0 12 1 3 3 0 15 21 15 27 0 7 9 0 61 0 0 0 20 0 0 0 4 0 0 0 0 0 0 0 0 0 0 0 3 0 5 0 0 6 0 0 0 8 0 0 18 6 13 6 0 0 7 0 0 0 0 0 0 20 19 0 0 15 0 24 0 0 0 0 0 0 0 0 0 31 25 2 0 0 9 2 15 24 0 20 10 0 11 1 31 12 8 0 0 0 0 0 0 1 0 0 0 5 0 0 0 0 0 0 0 0 0 0 0 0 6 10 0 0 0 0 0 0 0 0 0 0 2 0 0 0 102 0 0 0 24 5 28 2 20 0 2 0 0 0 0 0 0 0 15 0 0 0 7 0 0 0 0 0 0 0 0 2 0 
 3 3 3 3 3 3 3 3 3 3 2 3 3 3 3 2 25 3 3 3 0 0 0 0 0 61 0 0 2 0 0 1 0 0 0 0 0 0 0 0 135 86 135 137 70 273 108 0 89 101 260 12 180 143 106 120 113 26 125 217 0 26 5 5 0 0 0 0 2 4 0 0 5 8 5 0 49 0 6 7 0 0 0 0 0 0 0 0 0 0 0 0 0 0 0 0 0 0 0 0 0 0 0 0 0 19 0 0 0 0 0 0 0 0 0 0 0 0 0 0 13 10 10 11 10 13 20 31 34 16 0 16 0 9 16 27 19 0 0 0 0 3 0 0 0 0 22 0 12 8 0 0 13 5 0 3 0 5 0 0 0 0 0 0 15 0 0 0 0 0 0 0 6 17 0 0 0 0 0 0 0 0 14 0 0 0 0 0 0 0 0 1 0 0 0 0 0 0 0 0 0 0 8 14 0 10 24 18 41 10 2 19 0 9 18 0 33 21 0 0 0 9 0 6 0 0 6 0 0 0 0 0 15 1 1 0 5 5 0 0 0 0 10 0 0 0 0 0 0 0 1 7 0 0 0 0 0 0 0 18 0 0 0 3 2 0 0 0 1 0 0 0 0 0 0 0 0 0 0 0 0 0 0 0 5 9 0 17 0 0 
 3 3 3 5 3 5 3 3 3 5 3 3 3 3 3 3 3 3 7 3 204 4 0 0 0 0 0 0 4 0 0 132 0 0 3 2 0 0 0 0 41 82 183 113 54 60 94 89 0 463 34 56 110 111 156 179 120 43 129 140 5 0 32 0 0 0 0 6 0 0 0 0 7 1 0 8 48 0 12 53 0 0 0 0 0 0 0 0 0 0 0 0 0 0 0 0 0 0 0 0 0 0 0 0 0 0 0 0 0 0 0 0 0 0 0 0 0 0 12 0 25 20 0 0 22 7 11 0 0 10 10 0 0 0 0 1 37 24 11 0 0 0 5 19 3 0 35 0 0 2 0 20 5 0 6 0 0 0 32 0 0 0 0 0 0 0 0 0 0 0 0 0 0 0 0 0 0 1 0 0 0 0 0 0 4 0 0 0 0 0 0 10 0 0 0 0 0 0 0 0 34 0 14 0 4 0 0 13 0 3 21 37 7 32 5 0 0 35 22 9 0 6 0 0 0 0 4 8 6 0 2 0 21 10 0 0 0 5 0 0 0 0 18 0 0 0 0 0 0 0 0 4 0 0 0 0 0 0 0 20 0 0 1 0 0 2 3 24 1 0 0 0 0 0 2 0 0 0 0 0 0 0 6 0 0 0 0 0 0 0 
 1 0 0 0 0 0 0 0 0 3 0 0 66 0 0 0 0 0 62 61 0 0 2 2 4 1 0 0 0 2 0 2 3 0 4 5 1 1 8 0 32 52 145 236 400 271 107 101 463 0 120 40 53 79 133 205 57 68 127 81 0 1 7 0 2 4 3 4 2 3 2 2 0 2 0 0 6 4 4 0 0 0 0 0 0 0 0 0 0 0 0 0 3 0 0 0 0 0 0 0 0 0 0 0 0 0 0 0 0 0 0 0 0 0 0 1 0 0 0 0 16 20 11 7 32 0 0 18 2 15 29 0 0 0 0 18 17 21 0 0 0 0 0 12 0 0 0 11 0 0 0 2 0 0 0 0 0 0 19 9 7 0 0 0 0 0 0 22 0 0 0 0 0 0 2 0 0 0 0 0 0 0 0 0 0 0 0 0 11 0 0 0 0 0 0 0 0 0 0 0 11 9 13 12 45 5 0 28 12 25 11 14 0 1 0 21 1 0 0 0 0 0 0 0 0 0 10 0 0 0 0 0 13 0 0 0 0 0 0 0 0 0 0 0 0 0 0 0 0 0 0 2 0 2 0 22 0 2 0 14 0 0 1 3 3 28 2 0 0 0 0 0 0 0 0 0 0 0 0 0 0 0 0 0 0 15 0 0 0 0 
 0 0 0 0 0 0 0 0 2 0 0 0 0 0 0 0 0 0 0 0 0 0 0 0 0 2 0 0 0 0 0 0 0 0 0 0 0 0 0 0 40 125 47 148 72 274 92 260 34 120 0 88 38 318 85 167 130 222 68 128 0 207 0 5 0 0 1 0 5 0 0 0 16 4 17 0 0 0 63 1 0 0 0 0 0 0 0 0 0 0 0 0 0 0 0 0 0 0 0 0 0 0 0 0 1 0 0 0 0 0 0 4 0 0 0 0 0 0 0 0 0 10 22 11 38 0 0 1 9 25 10 11 0 0 18 0 0 9 0 0 0 3 0 0 0 0 0 0 0 26 0 0 13 24 4 20 0 4 17 0 0 0 0 0 0 0 0 0 0 0 0 9 5 13 3 0 0 0 0 0 0 0 0 0 0 0 0 0 0 0 0 0 0 0 0 0 0 0 0 0 0 6 10 10 0 19 0 0 23 6 13 0 0 0 8 32 18 19 0 14 17 15 0 9 0 0 13 12 0 3 0 0 1 2 10 0 4 0 6 0 0 0 0 0 0 0 0 0 0 0 0 4 0 0 0 0 0 0 0 2 0 13 0 32 66 11 0 0 0 0 10 0 0 0 0 0 0 0 0 0 0 0 0 0 7 0 0 0 0 0 
 0 0 3 0 0 0 0 0 0 0 0 0 0 0 0 0 0 0 0 0 0 0 0 0 0 0 1 0 0 0 2 0 0 0 2 0 0 0 0 0 32 49 89 74 98 334 21 12 56 40 88 0 17 45 39 94 219 194 19 243 0 0 0 0 6 53 24 0 0 0 3 3 70 0 0 0 3 4 69 55 0 0 0 0 0 0 0 0 0 0 0 0 0 0 0 0 0 0 0 0 0 0 0 0 0 0 0 15 0 0 0 0 0 0 0 0 0 0 0 0 0 0 0 24 5 21 0 0 0 0 13 11 0 0 0 0 0 3 5 0 10 11 0 0 0 0 15 1 0 17 0 2 9 0 20 34 42 0 18 0 0 0 0 0 0 0 0 0 0 5 0 0 0 0 0 0 0 0 3 0 0 0 0 0 0 0 0 0 0 0 0 0 0 0 0 0 0 0 0 0 0 0 0 0 0 0 0 0 0 3 0 14 0 0 0 0 0 0 0 11 61 50 10 0 2 0 11 16 0 10 0 0 42 15 38 0 23 0 32 0 0 0 0 0 0 0 0 0 0 0 0 4 0 0 0 0 0 0 2 0 0 0 0 0 66 2 1 7 0 0 0 0 0 0 0 2 0 0 0 0 0 0 0 0 0 0 0 0 2 0 
 0 0 2 0 0 0 0 0 0 0 0 2 0 2 3 0 0 0 0 0 2 2 2 65 3 65 2 2 2 64 2 176 2 3 2 2 2 3 36 2 202 54 101 52 312 44 73 180 110 53 38 17 0 77 55 45 23 40 83 93 0 0 0 0 0 1 0 0 0 16 0 12 4 7 0 0 7 3 0 8 0 0 0 0 0 0 0 0 0 0 0 0 0 0 0 0 0 0 0 0 0 0 0 1 61 15 0 0 0 0 9 67 0 0 0 1 0 0 0 0 20 9 22 0 0 0 27 0 21 10 0 0 21 29 1 0 39 1 0 1 0 0 7 13 0 0 12 0 9 0 7 0 0 0 0 0 10 0 0 0 0 0 0 0 0 0 0 0 0 0 0 0 0 0 0 0 0 0 0 0 0 0 0 0 28 12 0 0 0 0 27 19 0 0 0 0 0 0 0 0 26 23 18 0 0 0 1 24 6 3 0 20 1 9 36 46 0 52 19 2 0 0 13 0 0 8 0 0 0 0 0 8 0 0 0 0 0 0 0 0 0 0 0 0 0 0 2 0 0 0 0 3 0 3 0 2 0 66 0 19 0 0 2 0 2 0 12 0 0 0 21 0 0 0 0 0 0 0 0 0 0 0 0 0 0 11 0 0 0 0 
 3 3 2 3 3 40 2 3 4 37 2 3 2 3 3 2 5 3 2 3 0 0 0 0 0 0 0 0 0 0 0 78 0 0 0 0 0 0 0 6 321 154 120 82 70 123 275 143 111 79 318 45 77 0 106 171 326 37 135 154 0 0 6 0 0 0 0 11 2 0 0 0 14 0 3 4 2 0 6 18 0 0 0 0 0 0 0 0 0 0 0 0 0 0 7 0 0 0 0 0 0 0 0 0 4 23 0 0 0 0 0 4 0 0 0 0 0 0 0 0 4 23 15 10 4 13 0 20 22 11 23 23 24 14 39 30 0 9 0 0 0 1 14 0 0 0 11 0 0 11 0 0 36 10 5 0 0 1 5 10 0 0 0 0 0 0 0 0 0 0 0 0 6 0 0 0 9 0 0 0 0 0 0 0 0 0 8 0 0 0 0 10 0 0 0 0 0 0 0 0 10 4 14 29 26 20 0 0 54 16 0 10 25 8 11 14 11 0 0 16 0 5 0 3 0 0 0 6 23 0 25 0 18 0 0 0 3 20 0 0 0 0 0 0 0 0 0 0 0 0 0 0 0 2 0 0 0 0 24 3 0 0 0 0 0 0 0 0 2 0 16 0 0 0 0 0 0 0 0 0 0 0 3 0 15 0 0 1 1 6 
 0 6 0 0 0 0 0 0 0 0 0 0 0 0 0 0 7 0 20 0 0 0 2 0 61 0 0 0 0 0 1 0 0 0 0 2 0 0 0 0 345 154 128 127 148 113 324 106 156 133 85 39 55 106 0 225 260 102 409 389 0 0 10 0 5 0 0 0 9 0 0 0 0 0 0 0 0 0 2 0 0 0 0 0 0 0 0 6 0 0 0 0 0 3 6 8 0 2 0 0 0 0 0 0 0 0 0 0 0 0 0 0 0 0 0 0 0 0 0 0 9 13 12 0 29 12 0 18 17 18 55 10 0 0 6 19 1 36 0 0 0 0 0 14 0 0 0 17 0 5 0 0 0 0 0 0 0 0 18 22 0 0 6 4 0 0 0 0 0 0 0 0 2 0 10 0 3 0 0 15 0 0 0 0 0 0 0 0 0 0 0 0 0 0 0 0 0 0 13 0 2 11 22 25 28 0 0 0 13 14 19 19 0 0 7 27 21 10 17 23 0 0 15 0 0 0 10 0 0 0 11 0 0 0 0 0 0 0 0 0 0 0 0 0 0 0 5 0 0 19 0 0 0 2 0 0 0 0 0 0 0 0 2 6 0 13 1 0 0 0 10 0 43 0 0 0 0 0 0 0 0 0 0 0 18 0 0 0 2 0 
 0 0 33 0 0 0 0 0 4 0 0 0 0 1 0 0 0 0 0 0 0 0 0 0 0 0 0 0 0 0 3 0 0 0 0 0 2 0 0 0 114 189 142 96 73 282 49 120 179 205 167 94 45 171 225 0 176 102 19 73 2 4 4 0 0 3 4 0 3 12 0 1 0 0 51 0 1 6 58 0 0 0 0 0 0 0 0 0 0 1 0 0 0 0 0 0 0 0 0 0 0 0 0 0 0 0 0 0 0 0 0 0 0 0 0 0 0 0 0 0 0 7 21 22 0 16 0 21 24 3 17 15 0 0 14 34 6 33 1 0 0 0 0 10 0 0 0 0 0 0 1 16 9 14 0 16 0 0 0 3 0 0 0 0 0 0 0 0 0 0 0 8 6 19 6 0 0 0 0 0 0 0 0 0 0 0 0 0 0 0 0 0 0 0 0 0 0 0 0 0 9 7 0 13 10 19 0 2 43 9 5 0 0 6 16 50 32 13 0 0 0 0 0 0 3 0 20 0 0 5 0 0 10 11 6 10 0 0 0 0 0 0 0 0 0 0 0 0 0 0 0 4 0 0 0 0 0 0 0 1 0 0 0 3 0 20 5 0 0 0 0 0 0 0 0 0 0 0 0 0 0 0 0 0 8 0 0 14 0 0 
 0 119 0 0 0 0 0 0 3 0 3 0 0 0 0 0 0 0 0 0 0 1 0 0 0 0 0 0 0 0 0 0 0 0 0 0 0 0 0 0 239 178 148 48 174 192 34 113 120 57 130 219 23 326 260 176 0 432 44 95 0 0 1 0 10 0 51 0 0 0 2 0 54 0 0 0 2 0 61 26 0 0 0 0 0 0 0 0 0 0 0 0 0 0 0 0 0 0 0 0 0 0 14 0 0 0 0 0 0 0 0 0 0 0 0 0 0 0 0 0 0 0 0 42 8 10 0 0 0 24 3 0 0 0 0 16 0 14 9 0 0 0 0 0 0 2 0 20 0 0 0 2 24 10 1 0 0 0 4 0 0 0 0 0 0 0 0 0 0 6 0 0 12 0 0 0 0 0 6 0 0 0 0 0 17 0 0 0 0 0 0 0 0 0 0 25 0 0 0 0 0 23 0 0 13 16 0 0 18 13 1 8 6 6 0 12 14 0 0 0 1 0 0 0 0 5 11 0 0 1 0 0 33 8 20 0 0 0 0 0 0 0 0 0 0 0 0 0 0 0 0 11 0 1 8 0 0 0 0 0 0 0 61 0 0 1 0 1 0 0 0 0 0 0 0 0 0 0 0 0 0 0 0 0 11 0 0 7 0 0 
 0 0 0 2 0 0 0 0 3 0 0 0 0 0 0 0 0 0 2 0 0 3 0 0 0 3 0 0 4 0 0 4 0 0 3 0 0 0 0 0 38 88 115 349 132 334 246 26 43 68 222 194 40 37 102 102 432 0 50 128 0 0 0 0 0 0 57 0 0 0 0 22 105 0 0 0 0 0 10 0 0 0 0 0 0 0 0 0 0 0 0 0 0 0 0 0 0 0 0 0 3 0 16 0 0 0 0 0 0 0 10 5 0 0 0 8 0 0 0 0 5 38 0 41 35 16 0 5 7 18 8 0 0 37 8 8 3 16 0 0 0 0 0 0 0 0 1 12 0 12 0 0 29 11 23 15 0 0 21 1 0 0 0 0 0 0 0 0 0 4 0 1 0 0 1 0 0 0 2 0 0 0 0 0 0 0 0 0 0 0 0 0 0 0 0 0 0 0 0 0 1 16 8 34 14 14 15 6 0 17 1 0 0 0 9 15 11 20 0 27 57 0 0 0 0 0 0 14 22 0 0 0 12 0 19 0 0 0 30 7 0 0 0 0 0 0 0 0 0 0 0 6 0 2 0 0 0 0 0 2 0 1 3 1 2 5 2 2 0 0 14 0 0 0 0 0 0 0 0 0 0 0 0 0 21 0 0 0 0 0 
 0 0 14 71 0 4 0 0 0 5 1 1 0 0 6 4 0 0 0 0 0 0 0 0 0 0 0 0 0 0 0 0 0 0 0 1 0 0 0 0 89 89 239 210 57 35 462 125 129 127 68 19 83 135 409 19 44 50 0 231 0 1 5 4 0 2 0 0 0 0 2 55 0 3 3 0 5 2 0 3 0 0 3 0 0 0 0 0 0 11 7 3 0 0 0 0 0 0 0 0 8 0 0 0 0 0 10 0 0 0 0 0 0 6 0 0 0 0 0 0 40 62 0 0 27 0 10 0 0 28 0 20 0 0 21 1 31 27 10 0 0 0 0 9 0 0 0 0 0 7 0 0 0 0 0 0 0 0 0 0 0 0 0 0 16 0 0 0 7 0 0 29 3 5 1 0 0 32 0 0 26 0 0 0 20 0 0 0 0 0 0 0 0 0 0 0 0 0 0 0 19 0 20 0 0 10 6 12 0 12 3 19 7 18 9 2 10 43 13 33 0 0 0 0 1 0 0 0 0 29 0 0 1 0 0 0 0 0 0 0 0 5 23 0 0 0 0 0 0 25 0 2 0 1 0 0 0 0 0 10 0 1 9 1 0 0 2 0 1 0 14 0 0 0 0 0 0 0 0 0 0 0 0 0 21 0 0 0 2 0 
 0 0 3 0 0 0 0 0 0 0 0 0 0 0 0 0 0 0 65 0 0 0 0 2 0 62 0 6 8 4 1 69 0 0 0 0 0 0 0 0 107 259 106 349 87 281 272 217 140 81 128 243 93 154 389 73 95 128 231 0 0 0 0 3 0 0 0 0 0 17 0 0 7 6 0 0 0 1 0 49 0 0 0 0 0 0 0 0 0 0 0 0 0 10 0 0 0 0 0 0 0 0 13 0 0 11 13 0 4 0 4 13 0 0 0 9 0 4 0 0 19 44 35 0 6 1 15 0 2 21 0 0 9 3 7 18 10 11 10 5 0 0 10 0 0 0 0 0 0 4 0 0 0 0 0 0 0 0 0 0 0 0 0 0 0 0 0 0 0 0 0 24 0 0 0 0 0 0 0 0 0 1 11 0 0 0 1 12 0 4 1 10 0 0 0 0 0 23 0 0 17 0 21 0 0 0 1 22 35 1 0 0 2 87 50 0 11 18 6 8 0 0 0 0 0 0 0 0 0 0 0 0 16 0 0 0 0 0 0 0 0 0 1 0 0 0 0 0 0 0 0 8 0 2 0 0 0 0 40 0 0 0 0 0 0 2 2 0 0 0 0 0 0 0 10 0 0 0 0 0 0 0 0 0 11 3 0 40 2 0 
 2 0 0 0 0 0 0 0 0 0 0 0 0 0 0 0 0 0 0 0 0 0 0 0 0 0 0 0 0 0 0 0 0 0 0 3 0 0 0 2 0 0 4 0 54 53 0 0 5 0 0 0 0 0 0 2 0 0 0 0 0 67 65 58 77 25 212 196 51 42 46 35 112 350 101 58 29 57 45 135 0 0 0 0 0 0 0 0 0 9 0 0 0 0 19 0 0 0 0 0 21 0 0 0 0 0 0 0 0 0 0 0 0 0 0 0 0 0 0 0 0 0 0 0 11 24 0 9 0 0 0 0 0 0 0 0 0 0 0 0 0 14 0 1 36 7 13 10 17 0 29 0 0 10 1 0 9 4 7 0 0 30 0 0 6 0 0 0 5 0 0 0 0 0 0 0 0 0 0 0 0 0 0 0 0 0 0 0 0 0 0 0 0 0 0 7 0 0 0 0 0 0 0 0 11 9 0 0 0 0 6 19 0 0 0 0 0 0 0 0 0 1 13 11 1 39 11 7 3 46 2 0 13 23 0 14 28 0 0 0 0 0 0 0 0 0 0 0 0 0 0 0 0 0 13 0 0 0 0 0 0 0 51 0 0 0 0 0 0 0 48 0 0 0 2 0 0 0 0 0 0 0 8 0 0 0 0 6 0 0 
