 0 283 89 37 31 116 235 239 27 43 169 162 297 144 56 207 35 28 133 208 0 0 0 0 78 0 0 0 2 0 4 2 0 3 0 0 0 0 0 0 1 0 0 0 0 0 0 3 2 3 0 0 3 3 0 0 0 0 3 0 3 0 0 0 2 0 0 47 3 3 1 2 3 0 0 3 0 1 0 0 44 0 13 3 0 10 1 0 16 8 0 27 16 0 0 14 12 0 22 33 0 0 0 0 0 2 2 0 0 0 0 0 0 0 0 0 2 0 0 0 0 2 0 0 0 0 0 0 0 0 2 0 0 0 1 0 2 0 0 0 0 2 0 0 0 0 0 11 7 0 1 4 0 2 15 0 0 0 0 0 23 10 13 18 0 0 14 47 0 10 21 0 53 10 0 28 0 18 14 0 10 0 0 0 0 0 0 0 1 0 0 0 0 0 0 0 0 0 30 0 0 0 0 0 0 0 0 0 2 0 0 0 0 0 0 0 0 0 0 0 0 0 0 0 0 0 0 0 0 0 0 0 0 0 0 0 1 0 0 0 0 0 0 0 0 0 0 1 0 2 6 2 0 0 0 0 0 0 0 0 0 0 0 0 0 0 0 0 0 0 0 0 0 0 0 8 0 0 0 0 0 0 0 0 0 0 0 0 0 0 
 283 0 193 80 55 39 190 220 183 136 118 57 72 36 154 207 134 215 114 498 2 0 2 0 4 0 0 0 0 0 2 2 76 3 2 21 0 0 2 0 0 0 0 0 0 0 0 3 1 3 0 0 2 3 0 0 0 0 66 0 0 0 0 0 2 0 0 0 3 3 4 0 2 1 0 3 0 0 0 0 31 2 19 14 12 1 28 0 2 1 0 0 0 10 12 30 11 12 55 33 0 0 0 2 0 0 0 0 0 0 0 0 0 0 0 0 0 0 1 0 0 0 0 0 0 0 0 0 0 0 0 2 0 1 0 0 0 0 0 0 0 0 0 0 0 0 0 0 22 7 0 0 0 0 0 0 1 0 0 0 26 50 4 0 0 0 4 26 11 0 10 0 27 21 67 44 0 1 0 14 0 0 0 0 0 0 0 0 0 0 0 0 0 0 0 0 0 0 49 0 0 0 0 0 0 0 0 0 0 0 1 0 0 0 0 0 0 0 0 0 2 0 0 7 0 0 0 0 0 0 0 0 0 0 0 0 0 0 0 0 0 0 0 0 0 0 1 0 4 95 0 6 0 0 0 0 0 0 0 0 0 0 0 0 0 0 0 0 0 0 0 0 0 0 0 20 30 0 0 0 0 0 0 0 0 0 0 0 0 0 
 89 193 0 295 147 126 163 263 411 223 117 132 250 134 250 195 131 77 421 126 0 2 2 0 5 2 0 0 0 0 0 7 2 3 0 1 2 0 0 0 0 1 0 1 0 0 1 5 2 3 0 0 3 3 0 0 66 4 3 1 0 0 56 0 3 0 0 0 3 3 50 0 2 1 0 3 0 41 0 0 1 28 8 13 33 11 22 18 19 19 34 19 26 19 26 16 12 20 14 11 0 0 0 5 0 2 0 0 0 0 0 0 0 0 0 0 0 0 7 0 0 0 0 0 0 0 0 0 0 0 0 0 0 1 0 0 0 0 0 0 0 0 0 0 0 0 0 0 0 8 0 0 0 0 0 0 0 0 0 0 0 30 0 0 0 0 11 23 1 22 4 1 22 21 1 11 29 26 0 15 0 0 0 0 0 0 0 0 0 0 0 0 0 0 0 0 0 0 0 0 0 0 0 0 0 0 0 0 0 0 0 0 0 0 0 0 0 0 0 0 0 0 0 0 0 0 0 0 0 0 0 0 0 1 0 0 21 0 0 0 0 11 0 0 0 4 0 0 2 0 0 5 15 0 0 0 0 0 0 0 0 0 9 0 0 0 0 0 0 0 0 0 0 0 0 0 0 12 0 0 0 0 0 0 0 0 0 0 0 0 
 37 80 295 0 394 355 109 267 178 74 245 190 216 167 171 216 127 181 236 60 0 78 0 3 6 3 0 0 3 0 0 2 0 77 3 0 0 0 208 0 0 0 3 0 5 0 0 3 2 3 0 0 1 3 0 4 0 0 3 3 1 1 0 0 2 2 0 0 2 3 0 8 2 2 0 3 0 0 2 1 13 44 24 20 21 0 7 35 50 31 16 0 21 61 5 22 22 37 2 12 1 0 0 0 0 0 17 1 0 0 0 0 17 9 0 20 0 11 0 0 0 0 0 0 11 2 0 0 0 0 0 0 0 0 0 0 0 0 0 12 0 0 0 0 2 0 0 1 0 0 0 4 0 0 0 0 0 0 0 0 18 2 2 0 0 14 0 0 31 0 13 0 11 0 18 11 29 20 0 40 19 0 0 0 0 0 0 0 0 0 0 0 10 1 0 0 0 0 0 15 0 0 0 0 0 0 0 0 0 0 0 0 0 14 0 0 0 0 0 2 0 0 0 0 0 0 1 0 0 0 2 0 0 0 0 0 0 0 0 0 0 0 0 0 0 2 46 0 1 1 1 7 20 0 0 0 0 0 0 0 0 0 0 0 0 0 0 0 0 0 0 0 0 0 0 0 0 0 0 0 0 0 0 0 0 0 0 0 0 0 
 31 55 147 394 0 368 42 148 78 159 246 211 278 74 154 183 146 36 73 81 2 77 2 3 7 2 4 78 3 1 79 4 5 77 66 0 0 3 77 75 2 0 0 3 1 2 0 3 3 2 0 2 3 5 0 1 0 2 5 0 0 0 0 0 5 6 0 3 3 3 3 5 2 0 0 3 3 5 0 0 0 14 12 0 0 8 0 0 13 1 0 12 0 8 0 8 0 0 0 0 27 0 5 0 0 2 65 16 0 1 0 0 41 12 1 13 2 8 11 23 0 2 0 0 9 0 0 0 0 0 2 0 0 0 1 0 2 0 0 0 0 2 0 0 0 0 0 0 0 0 0 0 0 2 0 0 4 0 0 0 0 23 0 0 0 37 5 0 16 13 7 0 0 0 14 0 2 20 0 10 9 0 39 0 0 0 2 0 0 10 0 0 25 28 0 10 0 0 15 0 46 0 0 0 0 0 0 0 2 0 0 0 0 0 0 0 0 0 0 0 0 0 0 0 0 0 0 0 0 0 0 0 0 0 0 0 1 0 14 0 0 0 0 0 0 0 135 1 4 0 0 7 8 0 0 0 0 0 0 0 0 0 0 0 0 0 0 0 0 0 0 0 0 0 0 0 0 0 0 14 0 10 0 0 0 11 0 0 0 0 
 116 39 126 355 368 0 124 132 44 216 188 47 44 35 44 256 209 228 238 49 0 26 0 2 3 3 82 0 0 0 0 4 2 77 0 0 0 4 110 1 4 1 0 0 63 1 0 3 4 3 0 1 4 3 2 0 0 75 3 0 0 0 0 0 2 1 0 2 3 3 2 0 2 0 0 3 2 0 0 0 1 18 29 30 38 0 0 9 19 26 18 15 0 20 0 0 31 48 0 0 21 0 0 0 0 0 18 0 27 0 0 0 14 17 1 11 1 11 23 12 0 0 0 0 0 0 0 0 0 0 0 0 0 0 0 0 22 0 0 0 0 0 0 0 0 0 0 0 0 0 0 1 0 0 0 0 0 0 0 0 0 0 16 0 6 6 0 25 20 24 35 29 0 0 0 0 26 10 0 0 12 0 0 0 0 0 20 43 0 0 0 0 5 5 0 0 0 0 17 42 0 0 0 0 0 0 0 0 0 0 0 0 0 0 0 0 0 0 0 0 0 0 0 0 0 0 0 19 0 0 0 0 0 0 0 0 0 0 0 0 0 0 0 0 0 6 91 1 0 0 0 6 0 1 0 0 0 0 0 0 0 0 0 33 0 0 0 0 0 0 0 0 0 0 0 0 40 2 0 0 0 0 0 0 0 0 0 0 0 0 
 235 190 163 109 42 124 0 97 240 125 55 310 166 154 58 99 122 88 136 49 0 4 0 4 5 1 0 1 0 0 2 4 2 4 2 2 2 4 0 0 1 0 2 2 2 0 1 10 7 5 2 3 5 5 3 0 8 3 3 3 0 0 3 0 4 0 0 29 3 3 0 0 2 0 0 3 0 3 0 0 0 22 31 11 20 9 28 29 2 0 11 0 9 0 0 7 0 10 11 23 0 0 0 0 0 0 0 0 0 0 0 0 0 0 0 0 0 0 0 0 0 0 0 0 0 0 0 0 0 0 0 0 0 0 0 0 0 0 0 0 0 0 0 0 0 0 0 0 0 3 0 0 0 0 0 0 0 0 0 0 44 12 0 0 0 0 12 18 0 13 7 5 22 8 12 28 29 28 0 0 0 0 0 0 0 0 0 0 0 0 0 0 0 0 0 0 0 0 0 0 0 0 0 0 0 0 0 0 0 0 0 0 0 0 2 0 0 0 0 0 0 0 0 0 0 0 0 0 0 0 0 0 0 0 0 0 0 0 0 0 0 11 0 0 0 0 0 0 0 4 0 6 0 0 0 0 0 1 0 0 1 0 1 0 0 0 0 2 0 0 0 0 0 0 0 13 0 0 0 0 0 0 0 0 0 0 0 0 0 0 
 239 220 263 267 148 132 97 0 187 133 265 129 308 145 225 144 139 65 292 157 0 0 0 0 5 0 0 1 0 0 0 76 0 4 0 1 0 0 0 0 1 0 0 0 0 0 0 3 2 3 0 0 3 3 0 0 0 0 3 0 0 0 0 0 2 0 1 0 3 3 1 0 2 0 0 3 0 0 0 0 0 19 10 61 0 55 43 10 0 0 49 0 1 0 28 0 2 27 27 12 0 0 0 0 0 0 0 0 0 0 0 0 14 1 0 0 0 0 8 17 0 0 0 0 0 0 1 0 0 0 0 0 0 0 0 0 0 0 0 0 0 0 0 0 0 0 0 0 0 8 0 0 0 0 0 0 0 0 6 0 32 10 17 2 0 4 0 33 0 24 19 16 0 0 30 0 0 0 0 1 17 0 0 0 0 0 0 2 0 0 0 0 0 0 0 0 0 0 14 14 0 2 0 0 1 0 0 0 17 0 0 0 0 2 0 0 2 0 0 0 0 0 0 0 0 0 0 0 0 0 0 0 0 20 0 0 0 0 12 0 0 10 0 0 0 1 0 0 1 1 11 7 0 0 0 0 0 0 0 0 0 0 1 0 0 0 0 0 0 0 0 0 0 0 0 0 0 0 0 0 0 0 0 0 0 0 0 0 0 0 
 27 183 411 178 78 44 240 187 0 77 146 147 209 188 90 170 89 216 295 161 0 0 0 0 3 0 0 0 0 0 0 1 0 2 0 0 0 0 0 74 3 0 0 0 0 0 1 3 9 2 0 0 3 3 0 0 0 2 3 0 0 0 0 0 2 0 0 0 3 3 0 0 22 0 0 3 1 0 0 0 28 16 13 47 20 0 17 41 14 16 0 0 53 45 0 0 31 25 14 20 0 0 0 0 0 0 0 0 0 0 0 0 1 0 0 0 0 0 1 11 0 0 10 0 0 0 0 0 0 0 0 0 0 0 0 1 0 0 0 0 0 0 0 0 0 0 0 0 1 0 0 9 1 0 0 2 15 1 0 2 49 17 27 11 25 1 0 14 0 15 0 21 2 14 18 1 0 10 0 14 1 10 0 1 0 0 0 31 0 0 0 0 0 1 0 0 0 0 0 13 0 0 0 0 0 0 0 0 0 0 0 0 0 0 1 0 0 0 0 0 0 0 0 0 0 0 0 0 0 0 0 0 0 0 0 0 0 0 0 4 0 0 0 0 0 3 0 1 2 25 2 3 0 0 0 0 0 0 0 0 0 0 0 0 0 0 0 0 0 0 0 0 0 0 0 23 24 0 0 0 0 0 0 0 0 1 0 0 0 0 
 43 136 223 74 159 216 125 133 77 0 41 51 128 59 342 292 156 93 186 106 0 0 1 0 3 0 21 0 0 0 0 2 75 43 0 0 0 0 73 40 0 0 0 4 0 0 0 3 1 3 0 0 2 3 0 0 0 7 4 2 0 0 0 0 2 0 0 0 3 3 0 0 2 1 0 3 0 0 0 0 0 12 30 16 28 12 14 26 19 20 25 10 0 0 0 19 11 32 0 0 14 0 0 0 0 0 9 0 0 0 2 0 2 0 0 0 0 0 49 16 0 0 12 19 0 0 0 0 0 0 20 0 0 0 0 2 0 11 0 0 0 0 0 0 0 0 0 0 0 0 0 2 2 0 0 0 0 2 0 0 0 1 10 12 21 11 15 10 0 34 12 26 14 6 2 0 32 1 0 17 0 10 0 2 0 0 15 31 0 0 0 14 27 12 0 0 0 0 3 23 0 0 0 0 0 0 0 0 0 0 0 0 0 0 0 0 0 0 0 0 0 0 0 0 0 0 0 11 0 0 0 0 0 0 0 0 0 0 0 1 0 14 2 0 0 0 26 0 89 4 0 0 0 0 0 0 0 0 0 18 0 0 0 0 0 0 0 0 0 0 0 0 0 0 0 0 16 0 0 0 0 0 0 1 0 0 0 0 0 0 
 169 118 117 245 246 188 55 265 146 41 0 143 295 41 76 160 107 284 190 50 3 89 0 2 4 0 1 3 2 3 2 2 73 67 74 2 0 0 0 78 3 3 0 0 14 0 0 3 2 3 0 0 3 3 0 7 0 0 4 0 0 0 2 5 2 0 0 0 3 5 3 0 6 0 0 5 5 3 0 0 2 0 7 11 14 29 1 0 22 3 0 10 9 0 1 10 6 9 1 16 15 0 0 0 0 7 39 1 0 0 0 9 0 26 0 26 0 14 0 0 7 0 2 0 10 0 0 0 0 9 0 0 0 0 0 0 0 0 0 0 0 0 0 0 0 0 0 0 0 3 0 4 0 0 0 0 0 0 0 0 25 1 10 6 2 45 0 0 0 10 12 0 0 2 0 19 0 0 0 0 35 15 1 0 0 0 0 20 0 0 0 0 33 14 0 0 0 0 12 14 0 0 0 0 0 0 0 0 0 0 0 0 0 0 0 0 0 0 0 0 0 2 1 0 0 0 0 0 0 0 0 0 0 0 0 0 0 0 0 0 0 0 0 0 0 1 47 1 2 5 26 18 0 0 0 0 0 0 0 0 0 0 0 0 0 0 2 0 0 0 0 0 0 0 0 20 0 0 0 0 0 0 0 0 0 0 0 27 0 0 
 162 57 132 190 211 47 310 129 147 51 143 0 288 41 260 205 180 174 34 41 0 0 0 74 12 0 0 0 0 0 1 2 7 19 82 0 0 0 0 1 0 0 0 0 0 0 0 3 0 3 1 0 1 3 0 0 0 1 4 0 0 0 0 0 2 0 0 0 2 3 0 0 2 2 0 3 0 0 0 0 3 26 35 37 0 22 0 0 81 0 0 43 17 8 15 33 41 4 1 0 15 0 0 2 0 2 1 0 0 0 0 0 0 0 0 0 0 0 16 1 0 0 0 0 0 0 0 0 0 0 0 0 0 1 1 0 0 0 0 0 0 0 0 0 0 0 0 0 0 0 0 6 0 0 0 0 0 0 0 0 29 13 16 21 12 0 7 0 10 11 33 0 0 16 50 19 2 9 0 11 13 0 0 0 0 0 0 14 0 0 0 0 0 16 0 0 0 0 12 0 0 0 0 0 0 0 0 0 0 12 0 0 0 0 0 0 0 0 0 0 0 0 0 0 0 0 0 0 0 0 0 0 0 1 0 0 0 0 0 0 0 0 0 0 0 2 5 0 0 4 12 0 8 2 0 0 0 0 0 0 0 0 9 0 0 0 0 0 0 0 0 0 0 0 0 21 0 0 0 0 0 0 0 0 0 0 0 0 0 15 
 297 72 250 216 278 44 166 308 209 128 295 288 0 301 335 237 52 34 267 415 2 0 0 6 3 0 0 0 0 1 0 1 0 3 75 73 0 0 0 1 1 0 0 0 0 0 0 3 2 3 0 0 3 3 0 0 4 110 3 0 2 0 0 0 2 3 0 0 3 3 1 0 2 1 0 3 0 0 3 0 28 0 0 20 0 2 66 35 35 16 14 0 12 0 32 11 1 33 12 12 0 0 0 0 0 0 0 0 0 0 0 0 50 0 0 0 0 0 0 0 0 0 0 0 0 0 0 0 0 0 0 0 0 0 0 0 0 10 0 0 0 0 0 0 0 0 0 0 0 0 0 6 0 0 0 0 0 0 0 0 9 17 0 0 1 0 54 12 0 32 78 13 0 3 0 14 9 0 4 19 0 0 0 0 0 0 0 0 0 0 0 0 0 0 0 0 0 2 0 14 0 0 0 0 0 0 0 0 0 0 0 0 0 0 0 2 0 0 0 0 1 0 0 0 2 0 0 0 0 0 0 0 0 0 0 0 0 0 0 0 0 4 0 0 0 0 0 0 2 0 2 2 0 0 0 0 0 0 0 0 0 0 0 0 0 0 0 0 0 0 0 0 0 0 0 16 0 0 0 0 0 0 0 0 0 0 0 0 0 0 
 144 36 134 167 74 35 154 145 188 59 41 41 301 0 514 33 329 119 211 404 0 0 0 0 3 0 0 0 0 0 0 0 0 4 0 0 0 0 0 47 0 0 0 0 0 0 0 3 1 3 0 0 2 3 0 0 0 0 3 0 0 0 0 0 2 0 0 0 3 3 1 0 2 1 0 3 0 2 0 0 20 16 15 2 19 0 0 11 47 68 0 11 38 21 14 0 18 26 0 0 0 0 0 0 0 0 0 0 0 0 0 0 0 0 0 0 0 0 0 0 0 0 0 0 0 0 0 0 0 0 0 0 0 0 0 0 0 0 0 0 0 0 0 0 0 0 0 0 10 0 0 0 0 0 0 0 0 0 0 0 11 0 11 11 0 0 10 0 11 1 28 0 0 7 17 4 3 10 14 13 0 0 0 0 0 0 0 0 0 0 0 0 0 0 0 0 0 0 0 0 0 0 0 0 0 11 0 0 0 0 0 0 0 0 0 0 0 0 0 0 24 0 0 0 0 0 0 0 0 0 0 0 0 0 0 0 0 0 0 0 0 0 0 0 0 0 0 0 0 0 0 8 0 0 0 0 0 0 0 0 0 0 0 0 0 0 0 0 0 0 0 0 0 0 0 0 0 0 0 0 0 0 0 0 0 0 0 0 0 0 
 56 154 250 171 154 44 58 225 90 342 76 260 335 514 0 617 309 222 210 313 2 0 0 5 3 0 0 2 0 205 0 207 0 3 0 0 0 0 205 0 0 0 0 0 0 0 0 3 1 3 0 0 2 3 0 0 0 0 7 0 0 0 0 0 2 0 0 0 3 3 0 0 2 1 0 3 0 0 0 0 12 59 0 30 0 0 40 0 14 15 16 10 0 46 34 28 2 0 9 0 0 0 0 0 0 0 1 2 0 0 0 0 28 0 0 0 0 0 37 2 0 0 0 0 1 0 1 0 0 0 0 0 0 0 0 0 0 0 0 0 0 0 0 0 0 0 0 0 0 9 0 0 24 26 0 0 0 0 3 0 15 21 0 9 2 0 16 1 60 0 13 0 1 38 36 7 0 7 0 45 0 0 0 0 0 0 0 0 0 0 0 0 0 0 0 0 0 0 0 17 0 0 0 12 0 0 0 0 0 0 0 0 0 0 0 0 2 0 0 0 0 0 0 0 0 0 0 0 0 0 0 0 1 0 0 0 0 0 0 0 0 0 0 0 0 1 0 2 2 0 0 31 17 0 0 19 0 0 0 0 0 0 10 0 0 0 0 0 0 0 0 0 0 0 0 0 11 0 0 0 0 0 0 0 0 0 0 0 0 60 
 207 207 195 216 183 256 99 144 170 292 160 205 237 33 617 0 376 39 103 84 0 1 0 0 3 128 0 0 0 0 0 2 0 4 0 0 0 0 0 0 1 0 0 0 63 0 0 3 2 3 0 0 3 3 0 0 0 0 3 0 0 0 0 0 2 0 0 30 3 3 0 4 2 0 0 3 0 0 0 2 0 10 30 57 0 15 29 12 30 30 61 47 0 18 21 29 34 21 10 0 0 0 0 44 0 0 0 0 0 0 0 0 12 0 0 0 0 0 21 10 0 0 0 0 0 0 0 0 0 0 0 0 0 0 0 0 0 0 0 0 0 0 0 0 0 0 0 0 0 2 0 7 0 0 0 0 0 0 0 0 29 31 14 0 0 0 14 27 0 52 53 20 11 31 6 13 27 22 0 14 2 0 0 0 0 0 0 1 0 0 0 0 0 0 0 0 0 0 19 17 0 0 0 0 0 0 0 0 0 0 0 0 1 0 0 7 0 0 0 20 0 0 0 7 0 0 0 0 0 0 0 0 0 0 0 0 0 0 0 0 0 16 0 0 0 4 2 2 0 0 53 2 19 0 1 0 0 0 0 0 0 0 0 0 0 0 0 0 0 0 0 0 0 0 0 25 0 0 0 0 0 0 0 0 0 0 0 0 0 0 
 35 134 131 127 146 209 122 139 89 156 107 180 52 329 309 376 0 107 109 25 0 2 0 3 10 0 72 6 38 3 2 1 65 78 0 0 3 0 77 0 1 0 0 0 0 0 2 6 2 7 4 0 3 6 0 0 0 8 32 0 4 0 6 0 2 1 0 1 3 5 0 4 6 2 0 5 3 4 0 0 0 11 32 0 23 3 18 14 2 9 26 13 0 73 0 56 2 17 0 0 0 0 0 2 0 0 0 0 0 0 0 0 0 9 0 0 0 0 9 7 0 0 0 0 0 0 0 0 0 0 0 0 0 1 0 0 0 0 0 0 0 0 0 0 0 0 0 0 0 0 0 0 0 0 0 0 0 0 9 0 21 9 8 17 22 9 45 27 20 21 32 63 0 2 16 0 24 24 0 29 17 0 0 0 0 0 8 36 0 0 0 0 0 60 0 0 0 0 0 7 0 0 0 0 0 0 0 0 0 0 20 0 0 0 0 0 0 0 0 0 0 0 0 0 0 0 0 13 0 0 0 0 0 0 9 0 0 0 0 0 0 1 0 0 0 1 0 0 0 9 0 6 27 0 2 0 0 0 0 0 0 0 0 0 0 0 0 0 0 0 0 0 0 0 0 0 0 10 0 0 0 0 0 9 0 0 0 0 0 0 
 28 215 77 181 36 228 88 65 216 93 284 174 34 119 222 39 107 0 42 67 0 2 2 2 3 0 0 0 0 2 0 1 0 3 0 0 1 0 75 35 0 2 0 0 1 0 0 6 4 3 0 0 2 3 3 13 0 0 4 0 0 0 0 0 2 37 0 0 2 3 0 0 7 2 0 3 4 3 36 0 0 22 21 1 75 11 0 11 1 0 14 5 10 18 0 13 15 25 0 6 10 0 0 0 0 0 0 0 0 0 0 0 1 16 0 0 0 0 44 28 0 0 0 0 0 0 0 0 0 0 0 0 0 0 0 0 0 0 0 0 0 0 0 0 0 0 0 0 0 0 0 0 0 0 1 0 0 0 0 0 0 0 28 75 34 17 0 0 11 11 0 52 78 1 0 7 30 28 0 2 15 11 0 0 0 0 0 35 0 0 0 0 31 19 9 0 0 2 12 1 0 0 0 0 0 0 0 0 0 0 0 0 0 0 0 2 0 0 17 0 0 0 0 0 2 0 0 0 0 0 0 0 0 0 0 0 0 0 0 0 0 0 0 0 0 2 0 0 3 86 0 11 0 0 0 0 0 0 0 0 0 0 0 0 0 0 0 0 0 0 0 0 0 0 0 8 28 11 0 0 0 0 0 0 0 0 0 0 0 0 
 133 114 421 236 73 238 136 292 295 186 190 34 267 211 210 103 109 42 0 117 0 78 0 0 3 0 0 0 0 0 3 2 0 2 0 0 0 0 0 0 2 0 2 0 0 0 0 3 3 2 2 0 3 3 0 1 0 0 3 0 0 0 0 0 2 0 0 0 3 3 0 0 2 0 0 3 0 0 0 3 0 17 10 16 14 17 48 31 0 13 29 0 28 0 12 14 0 26 26 11 0 0 0 0 0 0 0 0 0 0 0 2 9 0 0 0 0 0 0 0 0 0 0 0 0 0 0 0 0 2 0 0 0 0 0 0 0 0 0 0 0 0 0 0 0 0 0 0 0 3 0 2 0 0 0 0 0 0 0 0 18 10 0 0 0 20 17 18 0 10 30 3 21 10 11 22 37 19 0 0 0 0 0 0 0 5 0 1 0 0 0 0 0 0 0 0 0 0 0 0 0 0 0 0 13 0 0 0 0 0 0 0 0 0 0 0 0 0 0 0 0 1 0 0 0 0 0 0 0 0 0 0 0 0 0 0 0 0 0 0 0 9 0 0 0 2 0 2 1 2 0 4 0 0 0 0 0 0 0 0 0 0 1 0 0 0 1 0 0 0 0 0 0 0 0 14 0 0 0 0 0 0 0 0 0 0 0 0 0 0 
 208 498 126 60 81 49 49 157 161 106 50 41 415 404 313 84 25 67 117 0 0 0 3 0 3 0 0 1 2 0 0 1 0 2 2 0 0 0 0 1 2 0 0 2 0 0 0 3 3 3 1 0 3 3 0 0 3 0 3 0 0 0 0 0 2 1 0 0 3 3 1 3 2 0 0 3 0 2 0 0 51 8 3 0 0 0 13 17 8 11 0 0 14 30 0 10 10 1 51 31 0 0 0 0 0 0 0 0 0 0 0 0 0 0 0 0 0 0 0 46 0 0 0 0 0 0 0 0 0 0 0 0 0 0 0 0 0 0 0 0 0 0 0 2 0 0 0 0 11 0 0 0 0 0 0 0 0 0 0 0 2 20 8 0 0 0 1 0 6 0 0 0 48 17 17 8 0 45 52 33 0 0 0 0 0 0 0 4 0 0 0 0 0 0 0 0 1 0 0 0 0 0 0 0 0 0 0 1 0 1 0 0 0 0 0 0 0 0 0 10 0 0 0 2 0 0 0 0 0 0 0 0 0 0 0 1 0 0 0 1 0 0 0 0 0 3 0 0 0 0 0 3 0 0 0 0 0 0 0 0 0 0 0 0 0 0 0 0 1 0 0 0 0 0 0 0 14 0 0 0 0 0 0 0 0 0 0 0 0 0 
 0 2 0 0 2 0 0 0 0 0 3 0 2 0 2 0 0 0 0 0 0 483 107 66 25 170 214 419 337 123 21 96 40 233 123 263 230 111 51 352 11 7 0 0 0 0 0 0 0 0 29 0 0 0 0 0 0 3 0 0 0 3 0 0 0 3 0 0 0 3 0 1 2 3 0 0 0 0 0 6 0 0 0 0 2 0 0 0 0 0 0 0 0 0 0 0 0 0 5 0 17 28 54 8 20 0 0 48 44 2 42 34 0 13 45 1 47 48 0 0 0 0 0 0 0 0 4 0 0 0 0 0 0 0 7 0 0 0 0 37 5 0 0 0 0 0 0 0 0 1 0 0 0 0 19 0 0 6 2 0 0 0 0 0 0 0 0 0 0 0 0 0 0 0 1 0 0 0 0 0 0 0 13 1 13 11 25 0 98 33 31 46 0 6 36 12 51 32 36 0 2 0 0 0 1 0 13 0 1 0 0 0 0 34 0 0 0 0 11 0 0 0 13 0 1 0 0 0 0 0 0 0 0 1 0 0 0 0 0 0 0 0 18 0 0 0 0 0 0 0 0 0 0 0 21 0 0 185 78 0 0 2 0 0 0 0 0 0 0 0 0 0 0 0 0 0 0 0 0 0 0 4 0 0 0 0 0 0 0 0 
 0 0 2 78 77 26 4 0 0 0 89 0 0 0 0 1 2 2 78 0 483 0 117 125 52 121 77 325 340 234 74 95 68 212 63 161 201 72 123 59 4 1 0 0 4 0 0 0 0 0 0 0 64 0 0 0 2 4 0 0 0 3 0 2 0 5 0 0 6 3 0 7 2 3 0 0 2 0 0 4 0 0 0 0 9 0 0 0 0 0 0 1 0 0 0 0 0 0 0 0 81 17 29 33 12 0 32 7 11 0 6 0 8 15 25 39 56 58 0 0 1 0 0 0 0 0 6 0 0 0 0 0 0 0 0 0 0 0 21 19 4 0 9 0 0 0 0 20 0 0 0 0 1 0 2 10 0 0 0 0 0 0 0 0 0 0 0 0 1 0 0 0 0 0 3 0 0 0 0 0 1 0 18 10 21 0 1 20 30 29 39 11 11 0 31 18 20 29 0 10 0 0 0 0 0 0 0 0 0 0 0 0 0 27 0 0 2 0 35 0 0 1 0 0 0 0 0 0 0 0 0 0 0 0 0 0 0 21 0 0 0 0 0 0 0 0 74 2 0 0 0 0 0 0 21 0 2 83 3 4 15 2 0 0 2 0 0 0 0 0 0 0 0 0 0 0 0 0 0 0 0 0 0 0 0 1 20 0 0 0 
 0 2 2 0 2 0 0 0 0 1 0 0 0 0 0 0 0 2 0 3 107 117 0 176 137 36 43 199 182 166 459 76 136 77 199 133 195 108 116 112 3 2 0 0 0 0 1 0 0 7 23 0 1 0 64 0 0 3 0 34 0 3 0 0 0 1 0 1 0 3 0 1 2 7 0 34 0 0 0 2 0 0 0 0 0 0 0 0 0 0 0 0 2 0 0 0 2 0 0 0 15 12 26 23 15 13 32 13 48 21 8 66 16 12 7 18 21 4 0 0 22 24 0 0 0 0 9 0 0 0 0 0 0 32 10 0 0 0 13 5 16 0 0 0 0 0 0 0 0 0 0 0 0 0 6 2 0 0 0 4 0 0 0 0 0 0 0 0 0 0 0 0 0 0 1 0 1 0 0 0 0 13 12 70 7 13 7 1 22 1 11 24 0 9 33 26 8 0 0 0 0 12 1 0 0 0 0 0 12 0 0 0 23 27 4 0 2 0 9 12 0 0 0 0 10 0 0 0 0 0 0 0 0 0 0 0 0 0 0 0 0 0 0 0 0 0 0 0 0 0 0 0 0 0 13 0 2 80 98 0 4 13 0 0 0 0 8 0 0 0 0 17 0 0 0 0 0 0 0 0 0 0 0 0 2 0 0 0 0 0 
 0 0 0 3 3 2 4 0 0 0 2 74 6 0 5 0 3 2 0 0 66 125 176 0 476 93 74 96 139 253 199 61 69 112 90 41 244 120 62 60 4 71 0 2 0 0 1 0 0 9 2 0 36 0 62 1 0 2 62 150 0 3 0 0 0 0 0 1 0 3 0 7 2 3 0 26 0 0 0 2 0 0 0 0 0 0 0 0 0 0 0 0 0 0 0 0 0 0 0 8 0 5 13 0 31 55 0 1 31 15 13 49 0 0 18 0 9 6 0 0 20 14 49 0 0 0 29 8 0 0 0 0 12 50 7 0 0 0 21 26 4 0 0 0 0 0 0 0 0 0 0 0 0 0 6 0 0 0 0 0 0 0 0 0 0 0 0 0 0 0 0 0 0 0 2 0 0 0 0 0 0 0 0 8 17 43 0 0 10 7 0 10 0 0 0 17 0 1 0 0 0 26 0 0 0 0 0 0 21 0 0 0 20 33 9 0 1 0 9 15 0 0 0 0 0 0 0 0 0 0 0 0 0 0 0 0 0 0 0 0 0 0 0 0 0 1 1 0 0 0 0 0 0 0 7 1 0 152 75 1 2 1 0 1 0 0 0 0 0 0 0 0 0 0 0 0 0 0 0 0 0 1 0 0 0 10 0 0 0 0 
 78 4 5 6 7 3 5 5 3 3 4 12 3 3 3 3 10 3 3 3 25 52 137 476 0 122 67 286 65 159 286 257 76 88 297 70 83 256 253 502 3 0 0 3 0 25 0 0 0 0 0 0 2 0 0 1 0 2 0 253 0 3 0 0 0 0 0 1 0 50 0 10 3 3 0 1 0 0 0 2 0 0 0 0 0 0 0 13 0 0 0 0 0 0 0 0 0 0 0 0 0 1 0 0 44 32 2 0 0 0 0 22 0 0 0 0 16 0 0 0 21 9 0 0 0 0 12 27 0 8 7 0 63 17 1 0 23 24 29 34 0 0 0 0 0 12 21 2 0 0 0 0 0 0 0 0 0 0 0 0 0 0 0 0 0 0 0 0 0 0 0 0 0 0 11 0 1 1 0 0 0 0 0 20 37 35 0 0 0 0 20 13 0 0 0 0 0 0 0 0 8 18 21 0 0 0 11 0 27 0 0 5 37 2 2 13 20 19 1 45 0 0 0 4 0 0 0 0 0 0 0 1 0 0 0 0 0 0 25 0 0 0 0 0 0 0 0 0 0 0 0 0 0 0 13 0 4 77 3 2 19 0 0 0 0 0 0 0 0 0 0 0 0 0 0 0 0 2 0 0 0 0 0 0 1 0 12 0 0 0 
 0 0 2 3 2 3 1 0 0 0 0 0 0 0 0 128 0 0 0 0 170 121 36 93 122 0 57 19 287 133 455 178 19 40 70 163 250 137 139 61 3 7 0 0 2 1 7 2 2 18 27 0 1 0 0 3 0 7 0 78 0 3 0 2 0 7 0 0 0 6 0 2 2 4 2 44 3 0 1 2 0 0 7 0 0 0 2 0 0 0 0 0 0 0 14 0 0 0 0 0 13 7 19 1 40 2 0 18 0 10 8 29 0 0 30 0 17 12 0 0 13 18 0 22 0 0 28 0 0 0 0 0 20 20 8 0 0 0 0 30 0 0 0 0 0 0 0 0 0 0 0 0 0 0 0 0 0 0 0 0 0 0 0 0 0 0 0 0 0 1 0 0 0 0 8 0 0 0 0 20 0 0 18 8 43 8 0 0 21 37 12 11 0 0 18 0 12 34 0 0 0 0 0 0 0 0 0 0 10 0 0 0 12 31 17 0 1 0 19 0 0 0 0 0 1 0 0 0 0 0 0 0 0 0 0 0 0 0 0 0 0 0 0 0 0 0 0 0 0 0 0 0 0 0 5 0 0 5 77 0 18 1 0 0 0 0 0 0 0 0 0 0 0 0 0 0 0 0 0 0 0 0 0 0 0 0 1 0 0 0 
 0 0 0 0 4 82 0 0 0 21 1 0 0 0 0 0 72 0 0 0 214 77 43 74 67 57 0 396 249 20 32 31 240 81 42 52 44 103 105 162 19 7 0 0 0 0 4 0 0 0 0 0 0 0 0 0 0 3 1 0 0 3 0 0 0 0 0 0 0 3 0 1 2 6 0 3 0 0 0 2 0 0 0 0 0 13 0 0 0 8 8 0 0 0 0 0 0 0 0 0 14 11 12 18 15 1 0 19 36 33 66 8 33 0 20 2 20 4 13 1 0 0 0 0 0 0 1 0 0 6 0 0 0 0 0 0 0 0 0 0 0 0 0 0 0 0 0 0 0 0 0 0 0 0 0 0 2 0 0 5 0 0 0 0 7 36 0 6 0 0 0 0 0 0 0 0 0 0 0 0 0 44 20 1 2 2 45 18 12 25 5 36 26 18 20 20 2 2 71 39 0 0 0 0 0 0 0 0 0 0 0 0 0 0 0 0 0 0 0 0 0 0 0 0 0 0 0 10 0 0 0 0 0 0 0 0 0 0 0 0 0 0 0 0 0 0 0 0 73 0 0 0 0 0 5 2 0 0 0 0 0 0 0 0 0 0 0 0 0 0 0 0 0 0 0 0 0 0 0 0 0 29 0 0 0 0 0 0 0 0 
 0 0 0 0 78 0 1 1 0 0 3 0 0 0 2 0 6 0 0 1 419 325 199 96 286 19 396 0 588 118 47 105 176 343 199 228 364 269 276 90 9 1 0 0 0 0 2 0 0 0 0 0 0 72 0 1 0 2 1 65 0 38 0 0 0 0 0 0 0 3 3 3 2 25 0 8 0 6 0 2 0 0 0 0 0 20 0 0 0 0 0 0 0 0 0 0 0 0 0 0 58 66 18 1 0 0 0 24 30 65 52 13 29 0 4 14 23 51 1 13 10 0 0 0 0 0 8 0 0 0 0 0 0 0 0 0 0 0 0 0 0 0 0 0 0 0 0 0 0 0 0 0 0 0 0 0 8 0 0 3 0 0 0 0 0 38 0 0 0 0 2 0 0 0 0 0 0 0 0 0 0 9 20 17 12 0 34 0 13 6 11 37 0 31 0 16 34 21 36 11 0 0 0 0 0 0 41 0 0 0 0 0 0 0 2 0 0 23 1 0 18 13 0 0 0 0 0 0 0 0 0 0 0 0 0 0 0 0 0 0 0 0 0 0 0 0 0 0 0 0 0 0 0 0 5 1 4 1 2 2 3 2 0 0 0 0 19 0 0 0 0 0 0 0 0 0 0 0 0 0 0 9 0 0 0 0 0 0 0 0 
 2 0 0 3 3 0 0 0 0 0 2 0 0 0 0 0 38 0 0 2 337 340 182 139 65 287 249 588 0 311 142 42 88 94 257 105 208 168 123 83 3 0 24 0 0 0 0 0 0 6 4 0 33 0 0 1 0 2 1 0 0 3 0 0 0 0 0 0 0 3 0 3 3 34 0 35 0 1 0 2 0 0 0 0 0 0 0 0 0 0 0 0 0 0 0 0 0 0 0 0 7 39 7 20 14 2 1 12 15 36 25 29 17 0 1 9 11 19 0 0 24 18 0 0 0 0 43 0 0 0 0 0 0 19 15 0 0 0 0 8 0 0 4 0 0 0 0 0 0 0 0 12 0 0 0 0 0 0 1 0 0 0 0 0 0 0 0 0 0 0 0 0 0 0 0 13 2 0 0 0 0 4 0 27 15 1 10 0 1 1 13 27 0 15 0 12 67 19 20 0 21 2 0 0 2 0 14 0 0 0 0 0 11 46 8 0 1 0 31 0 1 0 0 0 0 0 0 0 0 0 0 1 0 0 0 0 0 0 0 0 0 0 0 0 0 0 0 0 0 0 0 0 0 0 10 0 2 77 77 0 2 1 0 0 0 0 12 0 0 0 0 0 0 0 0 0 0 0 0 0 0 0 0 18 0 0 0 0 0 0 
 0 0 0 0 1 0 0 0 0 0 3 0 1 0 205 0 3 2 0 0 123 234 166 253 159 133 20 118 311 0 348 278 68 157 97 210 397 113 275 106 17 4 21 1 0 16 105 0 21 29 0 0 3 2 11 1 22 3 0 122 0 2 0 0 0 0 0 2 0 2 0 0 2 3 0 0 0 0 0 3 0 0 0 0 1 0 0 0 0 0 0 0 0 0 0 0 0 0 12 0 0 1 0 8 26 52 0 0 0 7 0 31 0 0 0 0 0 0 0 0 14 7 0 0 2 0 26 0 0 0 0 0 26 19 8 0 0 0 24 10 0 0 0 0 0 2 0 20 0 2 0 0 6 0 0 0 0 0 0 0 0 0 0 0 0 13 0 0 0 0 0 0 0 0 0 0 0 4 0 0 0 0 0 10 2 36 0 0 1 0 11 0 0 0 0 9 4 14 0 0 1 20 0 0 0 0 7 8 33 0 0 0 13 10 0 0 16 0 29 8 0 0 3 0 0 0 0 0 0 0 0 0 0 16 0 0 0 21 0 0 0 0 13 0 0 0 0 0 0 0 0 0 0 0 21 0 2 0 1 13 2 3 0 0 0 0 0 0 0 0 0 0 0 0 0 0 0 0 0 0 0 2 0 0 0 0 0 0 0 0 
 4 2 0 0 79 0 2 0 0 0 2 1 0 0 0 0 2 0 3 0 21 74 459 199 286 455 32 47 142 348 0 84 64 148 147 111 313 166 309 57 4 0 0 0 0 0 0 0 0 14 0 0 0 0 81 73 0 2 63 32 0 3 0 2 0 10 0 1 0 3 0 10 2 3 0 86 0 0 0 2 0 0 0 0 0 0 0 0 0 0 2 0 0 0 0 0 0 0 0 0 13 0 15 0 11 35 18 14 1 4 0 28 0 0 8 0 13 0 0 0 26 30 0 0 0 0 10 0 0 0 0 1 0 30 11 0 0 0 45 21 0 0 0 0 0 15 3 0 0 0 0 0 4 2 0 0 0 0 0 0 0 0 0 0 0 0 0 0 0 0 0 0 2 0 2 0 0 0 0 0 0 0 18 13 3 32 0 0 3 43 11 1 0 0 20 20 0 30 1 1 13 11 0 0 0 0 13 13 11 0 1 0 45 0 13 0 0 1 14 44 0 0 0 0 0 0 0 0 0 0 0 0 0 0 0 0 0 0 0 0 0 0 0 0 0 0 0 0 0 0 0 0 0 0 3 0 2 2 0 3 13 0 0 0 0 0 0 0 0 0 0 0 0 0 0 0 0 0 0 5 0 1 0 0 0 15 21 0 0 0 
 2 2 7 2 4 4 4 76 1 2 2 2 1 0 207 2 1 1 2 1 96 95 76 61 257 178 31 105 42 278 84 0 43 102 194 42 481 362 38 48 3 0 1 0 0 0 0 0 0 0 0 0 0 0 0 0 0 3 0 1 0 3 2 0 0 6 0 0 0 3 2 11 2 3 0 15 1 0 0 2 0 0 0 0 0 0 0 0 0 0 9 0 0 0 0 0 0 0 0 0 0 23 40 12 0 0 0 25 54 14 24 30 0 0 4 16 15 19 0 0 26 0 0 0 0 0 9 0 0 0 0 0 0 1 0 0 0 0 17 43 7 0 0 0 0 0 0 0 0 0 0 0 0 0 4 0 0 0 8 3 0 0 0 0 0 0 0 0 0 0 0 0 0 0 11 0 0 0 0 0 0 18 36 20 13 0 0 0 32 76 21 46 0 0 27 12 10 63 0 0 0 1 0 0 0 0 10 0 0 0 8 0 0 15 0 0 0 0 10 0 0 0 0 0 0 0 0 0 0 0 0 0 0 0 0 0 0 0 0 0 0 0 0 0 0 1 2 0 0 0 0 0 0 0 13 0 0 0 41 2 20 20 0 0 0 0 0 0 0 0 0 0 0 0 0 2 0 0 0 0 0 0 0 0 0 0 55 0 0 0 
 0 76 2 0 5 2 2 0 0 75 73 7 0 0 0 0 65 0 0 0 40 68 136 69 76 19 240 176 88 68 64 43 0 173 128 252 62 47 106 145 4 9 0 0 0 0 3 0 0 0 0 0 0 0 0 71 0 3 55 0 0 2 0 9 0 0 0 0 0 2 0 0 2 3 0 0 2 0 0 3 0 0 16 0 18 11 0 0 0 1 1 0 2 0 0 22 2 0 0 0 0 4 16 12 0 0 15 32 19 0 20 12 45 11 10 15 14 0 0 14 2 0 0 0 3 0 0 0 16 0 0 0 0 0 0 0 0 0 0 18 13 0 0 0 0 0 0 0 0 0 0 0 0 0 4 2 0 0 0 7 0 0 0 0 0 14 0 6 0 0 0 0 0 0 0 0 0 0 0 0 9 24 30 22 9 0 2 22 8 4 0 26 20 49 9 11 11 0 19 24 0 0 2 0 0 0 0 0 0 0 0 0 0 0 0 0 0 0 0 0 0 0 0 1 0 0 0 15 0 0 0 0 0 0 0 0 0 0 0 0 0 0 0 0 0 0 0 0 30 37 0 0 0 0 10 0 0 0 0 1 4 12 0 0 0 0 0 0 0 0 0 0 0 0 0 0 0 0 0 0 0 0 0 0 2 2 0 0 0 0 
 3 3 3 77 77 77 4 4 2 43 67 19 3 4 3 4 78 3 2 2 233 212 77 112 88 40 81 343 94 157 148 102 173 0 230 111 307 105 97 137 5 8 0 0 0 0 0 0 0 7 0 0 1 0 0 1 0 2 7 24 0 3 0 0 0 5 0 0 0 3 0 3 3 2 0 1 0 0 0 2 1 0 0 0 0 11 0 0 0 9 9 11 0 0 0 0 0 0 0 0 7 12 14 7 11 9 7 0 29 0 0 22 0 0 29 1 9 14 13 2 0 0 0 0 0 0 1 0 2 0 0 0 0 1 0 0 0 13 0 3 30 0 0 0 0 0 0 0 0 0 0 0 0 0 3 0 0 0 0 0 0 0 0 0 9 17 2 0 0 0 2 0 0 0 0 0 19 0 1 0 1 10 19 0 22 5 18 27 28 19 9 11 14 13 21 9 5 24 1 4 0 0 0 1 0 0 0 0 0 0 0 0 0 41 1 0 0 0 5 0 0 0 0 0 0 0 0 11 0 0 0 0 0 0 0 0 0 0 0 0 0 0 11 0 0 0 0 0 81 1 0 0 0 0 13 2 2 75 0 0 3 1 0 0 0 0 0 0 0 0 0 0 0 0 0 0 0 20 0 1 0 10 0 0 0 0 0 0 0 0 
 0 2 0 3 66 0 2 0 0 0 74 82 75 0 0 0 0 0 0 2 123 63 199 90 297 70 42 199 257 97 147 194 128 230 0 175 119 39 171 310 3 0 3 64 0 0 0 0 0 5 0 0 3 0 0 3 3 59 4 0 29 3 0 3 0 0 3 0 0 3 3 5 3 11 0 4 2 0 0 2 0 0 0 0 0 15 0 0 0 0 0 11 2 0 0 0 0 0 0 0 16 13 14 50 11 20 32 8 17 29 37 27 13 0 3 32 0 14 0 0 9 1 0 2 0 0 9 0 0 0 0 0 0 11 0 0 0 0 0 0 10 0 0 0 0 0 0 0 0 1 0 0 0 0 0 2 0 0 0 4 0 0 0 0 0 0 2 0 0 0 0 0 0 0 0 0 0 0 0 0 0 12 12 16 0 7 12 0 0 0 9 24 0 10 41 41 13 30 0 0 1 0 0 0 0 0 7 0 1 0 0 0 0 0 0 0 0 0 10 0 0 0 0 0 2 0 0 0 0 0 0 0 0 0 0 0 0 0 0 0 0 0 13 0 0 0 0 0 0 2 0 15 0 0 5 0 1 1 1 2 0 8 0 0 0 0 11 0 0 0 0 0 0 0 0 0 0 0 0 0 0 0 0 0 0 0 0 0 0 0 
 0 21 1 0 0 0 2 1 0 0 2 0 73 0 0 0 0 0 0 0 263 161 133 41 70 163 52 228 105 210 111 42 252 111 175 0 202 48 35 317 21 1 0 1 0 0 0 0 0 1 0 0 0 0 0 1 0 3 1 0 0 3 0 0 0 14 0 0 0 3 0 9 2 3 23 1 0 0 0 2 0 0 0 0 0 10 0 0 0 0 0 0 0 0 0 0 0 0 0 19 1 0 22 17 14 8 2 0 33 23 26 5 42 7 0 1 45 14 0 0 0 0 0 0 0 0 1 0 0 0 0 0 0 0 0 0 0 0 12 8 0 0 0 0 0 0 0 0 0 0 0 0 0 0 0 0 1 0 0 2 0 0 0 0 0 14 0 0 0 0 0 0 0 0 0 0 0 0 0 0 0 14 12 8 1 16 18 0 48 12 24 5 15 0 42 11 0 55 22 40 0 1 0 0 0 0 0 0 0 0 0 0 0 0 1 0 0 0 13 0 2 0 0 0 0 0 0 0 0 0 0 2 0 0 0 0 0 0 0 0 0 0 16 0 0 0 0 0 0 0 0 0 0 0 11 0 0 41 1 0 0 0 0 0 0 0 0 0 0 0 0 0 0 0 0 0 0 2 0 0 0 20 0 0 0 0 13 0 0 0 
 0 0 2 0 0 0 2 0 0 0 0 0 0 0 0 0 3 1 0 0 230 201 195 244 83 250 44 364 208 397 313 481 62 307 119 202 0 160 65 37 3 0 0 0 0 1 63 0 0 5 2 0 1 0 1 1 0 2 0 65 0 3 0 0 0 5 0 1 0 3 0 3 3 3 0 51 0 0 3 2 0 0 0 2 0 0 0 0 8 0 0 0 0 0 0 0 0 0 0 0 0 13 12 2 29 7 0 0 14 18 11 71 1 0 20 9 24 27 2 0 50 17 0 0 0 0 8 0 0 0 0 0 0 17 19 0 0 0 2 35 6 0 0 2 0 0 0 0 0 0 2 1 10 0 3 0 0 0 0 1 0 0 0 1 0 0 0 0 0 1 0 0 0 0 7 21 0 1 0 0 0 1 7 30 24 0 0 0 17 6 24 41 0 0 9 6 12 39 0 0 0 0 0 0 0 0 2 0 20 0 0 0 21 13 7 0 0 0 35 11 0 0 0 0 0 0 0 0 0 0 0 0 0 0 0 0 0 0 0 0 0 0 0 0 0 0 0 0 0 0 0 0 0 0 13 0 0 75 1 1 17 2 0 0 0 0 0 0 28 0 0 0 0 0 0 0 0 0 0 0 0 0 0 0 0 0 1 0 0 0 
 0 0 0 0 3 4 4 0 0 0 0 0 0 0 0 0 0 0 0 0 111 72 108 120 256 137 103 269 168 113 166 362 47 105 39 48 160 0 20 109 8 28 0 0 0 0 33 0 0 0 0 0 62 0 8 0 0 3 0 78 0 2 0 0 0 3 0 1 0 2 0 5 2 3 0 0 0 0 0 3 3 0 0 0 0 0 0 0 0 0 0 0 0 0 0 0 0 0 0 0 0 10 19 1 0 12 0 9 0 9 42 37 19 0 13 18 24 14 0 20 59 0 0 0 0 0 12 0 0 0 0 0 0 12 9 0 0 0 12 25 0 0 5 0 0 0 1 0 0 0 0 0 23 0 0 0 0 0 0 0 0 0 0 0 0 0 0 0 0 0 0 0 0 0 6 0 0 1 0 0 0 12 29 9 36 0 20 0 11 27 36 45 0 12 13 0 45 49 34 31 0 1 0 0 0 0 19 15 17 0 0 0 8 0 0 0 0 0 29 12 0 0 0 0 0 0 0 0 0 0 0 0 0 0 0 0 0 0 0 0 0 0 0 0 0 1 0 0 0 0 0 0 0 0 10 0 2 2 1 1 19 0 0 0 0 0 0 0 0 0 0 0 0 0 0 0 0 0 0 0 0 0 0 0 0 0 12 0 0 0 
 0 2 0 208 77 110 0 0 0 73 0 0 0 0 205 0 77 75 0 0 51 123 116 62 253 139 105 276 123 275 309 38 106 97 171 35 65 20 0 391 3 1 0 0 0 0 3 0 1 0 0 0 0 0 0 0 0 3 1 0 0 3 0 0 0 0 42 0 0 3 0 2 2 18 0 8 0 0 0 2 0 0 0 0 29 0 0 0 16 0 0 9 2 0 0 0 2 0 0 0 47 8 5 22 12 0 53 45 50 24 8 1 31 30 36 21 0 12 9 21 2 1 0 0 0 0 1 0 0 0 0 0 0 0 0 0 0 0 0 0 0 0 0 0 0 0 0 0 0 0 0 0 0 0 0 2 1 0 0 0 0 0 0 12 10 0 1 0 13 0 0 18 0 0 0 0 0 0 0 0 0 12 8 15 0 0 13 25 0 7 8 15 49 47 12 39 14 0 15 12 0 0 0 0 0 0 0 0 0 0 0 0 0 0 0 0 0 0 0 0 0 0 0 0 0 0 0 0 0 0 0 0 0 0 0 0 0 0 0 0 0 0 0 0 0 0 74 0 0 0 0 0 0 0 5 0 4 1 0 2 0 2 0 0 0 0 19 0 0 0 0 0 0 0 0 0 0 0 0 17 0 0 0 0 2 16 0 0 0 0 
 0 0 0 0 75 1 0 0 74 40 78 1 1 47 0 0 0 35 0 1 352 59 112 60 502 61 162 90 83 106 57 48 145 137 310 317 37 109 391 0 6 2 0 0 0 0 3 0 0 0 0 0 0 0 0 0 0 3 1 0 0 3 0 0 0 0 0 0 0 3 0 2 10 3 0 0 7 0 0 2 0 11 0 0 29 11 0 1 0 0 0 0 0 0 0 0 0 0 0 0 34 17 22 11 0 0 32 3 33 0 13 0 1 36 6 0 52 13 8 29 0 0 0 0 2 0 8 0 17 0 0 0 0 12 0 0 0 0 0 0 0 0 0 0 0 0 0 0 0 2 0 0 0 0 0 0 7 0 1 0 0 0 2 28 40 39 0 0 0 1 0 18 0 0 0 0 0 0 0 0 0 28 13 62 12 0 30 40 22 7 13 8 11 31 9 9 15 7 6 1 1 0 0 0 2 16 0 0 2 0 0 0 0 0 0 0 0 0 1 0 17 0 2 0 0 0 0 0 0 0 0 0 0 1 0 0 0 0 0 0 0 0 0 0 0 0 34 0 0 98 0 0 0 0 5 0 2 85 3 0 0 0 0 0 0 0 0 0 0 0 0 0 0 0 0 11 0 1 0 0 0 7 0 0 0 0 0 0 0 0 
 1 0 0 0 2 4 1 1 3 0 3 0 1 0 0 1 1 0 2 2 11 4 3 4 3 3 19 9 3 17 4 3 4 5 3 21 3 8 3 6 0 392 148 150 31 120 73 121 325 347 94 329 110 45 54 311 192 52 46 28 0 0 0 0 0 0 0 2 0 0 0 0 0 0 0 0 0 0 53 57 0 0 0 0 0 0 0 1 0 8 0 0 0 0 0 0 0 0 0 0 0 2 4 2 0 1 0 0 3 1 21 0 0 0 0 0 1 0 0 0 0 9 0 54 16 21 14 1 28 31 20 20 0 0 0 39 20 0 0 1 0 0 0 0 0 0 0 0 0 0 10 0 10 0 0 0 0 0 8 0 0 0 0 16 0 0 0 0 0 0 0 20 0 0 0 10 0 0 4 0 0 5 2 0 3 4 1 0 5 5 0 37 0 8 0 1 4 0 20 0 7 14 13 1 41 25 0 14 0 12 0 32 0 0 59 3 7 17 0 0 21 0 0 0 0 0 4 0 0 0 0 0 1 1 0 19 0 0 35 3 0 0 19 0 0 0 0 0 0 17 0 10 0 1 0 0 0 0 0 0 0 0 2 0 2 0 0 0 2 0 6 0 0 0 0 0 0 0 0 0 0 4 0 0 1 0 0 0 1 0 
 0 0 1 0 0 1 0 0 0 0 3 0 0 0 0 0 0 2 0 0 7 1 2 71 0 7 7 1 0 4 0 0 9 8 0 1 0 28 1 2 392 0 160 125 33 258 188 161 372 319 91 47 356 196 55 190 54 112 131 116 0 0 0 0 0 0 204 0 0 0 0 0 0 0 0 0 2 3 0 0 0 0 0 0 0 0 0 0 0 0 0 0 0 0 0 0 0 0 0 0 0 10 8 1 0 2 0 6 0 0 3 0 3 0 7 0 8 0 0 19 0 46 37 1 0 0 0 22 1 15 16 10 16 3 0 1 33 17 0 16 0 0 0 0 7 0 0 0 0 0 0 12 0 0 0 4 0 0 0 0 0 0 0 6 0 0 0 0 1 0 0 0 0 0 0 0 0 0 0 0 0 12 3 0 9 7 5 22 0 15 0 3 0 5 0 0 5 0 3 5 11 0 48 20 10 2 0 20 16 0 4 12 1 4 24 46 13 12 0 8 0 0 0 0 0 0 0 0 0 0 0 0 7 0 0 0 0 0 13 15 0 0 0 0 0 1 0 0 0 0 0 8 0 2 0 0 0 0 0 0 0 0 1 0 2 0 0 0 0 0 1 0 0 0 0 0 0 0 0 0 0 0 0 0 0 12 0 0 0 0 
 0 0 0 3 0 0 2 0 0 0 0 0 0 0 0 0 0 0 2 0 0 0 0 0 0 0 0 0 24 21 0 1 0 0 3 0 0 0 0 0 148 160 0 180 69 115 148 197 110 141 126 117 142 34 149 130 312 164 360 99 0 10 0 0 55 0 0 1 0 0 0 0 0 0 0 0 0 0 0 23 0 0 0 0 0 0 0 0 0 0 0 0 0 0 0 0 0 12 0 0 0 0 0 0 0 0 0 0 0 0 0 24 0 0 0 0 0 0 28 0 4 1 35 15 10 0 11 13 20 12 0 0 2 19 7 6 4 51 11 7 0 0 0 0 0 0 0 0 0 0 0 0 15 0 0 16 0 0 13 15 0 0 0 0 0 0 0 0 0 0 0 0 0 0 0 0 0 0 0 0 0 0 0 0 0 0 0 0 0 0 0 0 0 0 0 0 0 0 0 0 8 30 25 26 43 13 0 29 37 33 27 5 6 0 72 12 23 58 12 11 19 0 0 0 0 0 21 0 0 0 0 0 22 0 0 0 0 0 7 4 0 0 6 0 0 1 0 0 0 0 0 5 0 0 0 0 0 0 0 1 0 0 0 1 87 0 2 0 0 0 12 0 0 0 0 0 0 0 0 0 0 0 7 0 17 0 0 6 0 0 
 0 0 1 0 3 0 2 0 0 4 0 0 0 0 0 0 0 0 0 2 0 0 0 2 3 0 0 0 0 1 0 0 0 0 64 1 0 0 0 0 150 125 180 0 90 39 469 271 190 90 108 52 148 97 103 58 265 168 126 52 0 2 0 0 0 0 0 1 4 0 0 7 0 0 2 0 0 0 8 0 0 0 0 0 0 0 0 0 0 0 0 0 0 0 0 0 0 0 0 0 0 0 0 0 0 0 0 0 0 0 0 0 0 0 0 0 0 0 0 0 21 5 10 10 25 3 0 19 9 20 17 31 0 8 21 15 23 5 0 11 0 0 0 0 0 0 1 0 0 0 0 0 0 0 0 1 0 0 0 0 0 0 0 3 6 0 0 0 0 0 0 0 0 0 0 0 0 0 5 0 0 0 0 0 0 0 0 0 0 0 0 0 0 0 0 0 0 0 0 0 14 9 9 15 1 29 4 27 34 32 11 0 0 0 3 14 1 2 0 12 0 0 0 0 0 0 0 0 0 0 0 0 9 0 0 0 0 0 0 8 0 0 0 0 0 0 0 0 0 0 0 3 0 0 0 0 0 0 0 9 0 0 0 0 66 1 1 0 0 0 8 0 0 0 0 0 0 0 0 0 0 0 0 0 0 0 0 0 0 0 
 0 0 0 5 1 63 2 0 0 0 14 0 0 0 0 63 0 1 0 0 0 4 0 0 0 2 0 0 0 0 0 0 0 0 0 0 0 0 0 0 31 33 69 90 0 153 40 88 133 179 138 80 73 55 95 129 67 50 50 91 47 0 2 1 54 0 1 0 46 0 0 0 0 3 1 19 51 58 0 59 0 0 0 0 0 0 0 0 0 0 0 0 0 0 0 15 0 19 0 0 0 0 0 9 0 0 2 0 0 0 0 10 0 0 0 3 0 8 0 0 0 0 0 20 24 7 0 0 0 0 0 27 0 0 0 0 0 0 0 0 5 8 4 20 21 0 12 3 6 13 0 12 8 10 4 2 0 3 0 18 0 0 0 0 0 14 0 0 0 0 0 0 0 0 0 1 0 0 0 0 14 0 0 0 0 0 0 0 0 0 0 0 0 0 4 0 0 0 0 0 0 0 28 0 23 0 0 0 0 0 25 9 0 0 0 0 0 0 0 0 18 9 20 0 1 0 0 14 1 21 16 1 48 24 0 1 39 3 17 18 0 0 0 0 0 0 1 0 0 0 0 7 0 0 0 0 0 0 0 2 0 0 8 52 5 0 2 1 0 0 4 0 0 0 0 0 0 0 0 0 0 3 0 0 14 0 0 0 0 0 
 0 0 0 0 2 1 0 0 0 0 0 0 0 0 0 0 0 0 0 0 0 0 0 0 25 1 0 0 0 16 0 0 0 0 0 0 1 0 0 0 120 258 115 39 153 0 61 332 223 378 158 51 59 76 70 108 124 128 49 45 0 0 4 0 16 4 0 1 0 52 3 0 0 0 0 50 0 0 0 115 0 0 0 0 0 0 0 0 0 0 0 0 0 0 0 0 0 0 0 0 0 0 0 0 0 0 0 0 0 0 0 0 0 0 0 0 0 0 0 0 0 0 0 37 22 19 0 0 10 29 1 8 0 0 0 0 0 7 0 0 0 7 0 0 11 15 0 0 3 0 0 0 0 7 0 0 0 0 28 10 0 0 0 0 0 0 0 0 0 0 0 0 0 0 0 0 0 0 1 0 0 0 0 0 0 0 0 0 0 0 0 0 0 0 0 0 0 0 0 0 9 0 27 43 47 40 0 15 0 5 8 29 0 0 14 1 6 14 0 0 25 0 0 1 0 7 25 11 0 0 0 6 0 19 7 3 3 0 13 0 0 0 12 0 0 0 0 0 0 0 0 3 0 0 0 0 0 0 0 3 0 0 65 0 3 0 0 0 1 0 0 0 0 0 0 0 0 0 0 0 0 0 0 0 9 0 0 0 0 0 
 0 0 1 0 0 0 1 0 1 0 0 0 0 0 0 0 2 0 0 0 0 0 1 1 0 7 4 2 0 105 0 0 3 0 0 0 63 33 3 3 73 188 148 469 40 61 0 140 413 128 63 92 123 165 456 110 121 95 159 42 0 0 0 0 2 9 0 0 6 3 0 0 3 1 0 3 1 0 7 0 0 0 0 0 6 0 0 0 0 0 0 0 0 0 0 0 0 0 0 0 2 5 8 1 0 22 0 8 0 0 2 1 5 0 10 0 5 0 0 12 21 11 11 0 30 4 0 12 0 26 1 12 6 7 35 0 10 11 27 6 0 0 0 0 0 1 0 0 0 0 0 0 0 0 10 5 0 0 0 0 0 0 0 0 0 0 0 0 0 5 0 0 4 0 0 0 0 4 0 0 0 18 3 4 4 20 3 32 0 20 0 2 0 7 0 0 4 16 2 7 16 18 20 9 0 19 5 27 38 28 11 0 17 0 10 17 25 32 11 19 0 0 0 0 0 0 0 0 0 0 0 0 0 0 0 0 0 0 0 8 0 0 0 0 0 0 0 0 0 0 0 7 0 2 0 0 0 0 1 10 0 0 0 0 6 4 0 0 0 0 11 0 0 0 0 1 0 0 0 0 0 0 0 0 0 0 0 12 0 0 
 3 3 5 3 3 3 10 3 3 3 3 3 3 3 3 3 6 6 3 3 0 0 0 0 0 2 0 0 0 0 0 0 0 0 0 0 0 0 0 0 121 161 197 271 88 332 140 0 195 112 67 222 100 201 151 54 97 105 73 61 5 0 0 2 0 0 0 5 11 0 0 8 0 0 0 0 0 0 30 80 0 0 0 0 0 0 0 0 0 6 0 0 0 0 0 0 0 0 0 0 0 0 0 0 0 0 0 0 0 0 0 0 0 0 0 0 0 0 0 0 0 0 20 15 19 2 0 21 58 1 3 10 10 10 19 37 3 29 0 26 0 0 0 0 0 0 0 0 0 0 0 5 0 13 0 5 0 52 0 19 0 0 0 0 0 0 21 0 0 0 0 0 0 0 0 0 0 0 9 0 0 0 0 0 0 1 0 0 0 0 0 0 0 0 0 0 0 0 0 0 1 1 0 43 0 11 0 1 14 12 0 1 0 40 22 13 14 0 0 7 2 5 10 0 0 0 10 0 4 7 0 0 0 5 8 3 0 0 1 30 0 0 0 0 0 0 0 0 0 0 0 16 0 0 0 0 0 0 0 0 0 0 0 0 0 2 2 0 0 0 20 0 0 0 0 0 0 0 0 0 0 0 0 0 0 14 0 0 0 0 
 2 1 2 2 3 4 7 2 9 1 2 0 2 1 1 2 2 4 3 3 0 0 0 0 0 2 0 0 0 21 0 0 0 0 0 0 0 0 1 0 325 372 110 190 133 223 413 195 0 442 51 273 386 104 92 167 63 105 88 494 1 0 0 0 2 0 0 9 0 0 0 0 39 17 21 0 0 0 2 88 0 0 0 0 0 0 0 0 37 0 0 0 0 0 0 0 0 0 0 0 0 0 0 0 0 0 0 0 0 0 0 0 0 0 0 0 0 0 0 0 18 23 0 6 13 8 0 19 7 24 18 2 0 0 0 1 16 12 0 0 0 3 0 0 0 0 0 0 6 0 0 26 0 2 0 0 0 6 11 0 0 0 0 0 0 0 4 0 0 0 0 0 0 0 0 1 0 0 0 0 0 0 0 0 0 0 0 0 0 0 0 0 0 0 0 0 0 0 0 0 16 0 25 14 32 17 7 26 19 38 32 8 0 0 4 18 0 9 0 9 70 2 3 0 0 8 9 33 21 0 0 0 23 1 5 0 0 0 0 7 0 0 0 0 0 0 0 0 0 0 0 9 0 0 0 0 0 0 0 1 0 0 33 0 66 1 0 0 1 0 0 0 0 0 0 0 0 0 0 0 0 0 0 0 10 0 0 0 0 0 
 3 3 3 3 2 3 5 3 2 3 3 3 3 3 3 3 7 3 2 3 0 0 7 9 0 18 0 0 6 29 14 0 0 7 5 1 5 0 0 0 347 319 141 90 179 378 128 112 442 0 90 62 130 90 133 119 44 43 83 107 0 3 7 0 2 0 0 1 0 0 0 4 2 0 0 12 0 4 0 70 0 0 0 0 0 13 0 0 0 0 0 8 0 0 0 0 0 0 0 0 0 0 0 1 5 8 0 0 0 10 0 3 0 0 0 0 0 0 0 0 0 13 0 29 0 3 55 10 10 2 0 1 0 25 14 0 0 28 24 7 0 1 0 2 0 0 0 4 2 0 0 0 13 0 0 0 0 0 32 10 0 0 0 0 0 0 0 0 0 0 0 0 0 0 0 0 0 0 0 0 0 0 0 2 0 1 0 0 0 0 7 0 0 0 0 6 0 4 0 0 0 21 57 14 15 32 0 10 0 5 14 23 33 0 19 1 20 25 18 21 24 0 10 0 0 0 19 11 0 0 0 0 0 8 0 0 0 17 0 0 0 0 16 0 0 0 0 0 0 0 0 8 0 1 0 0 0 0 2 0 0 0 65 1 67 2 2 0 3 0 0 0 0 0 0 0 0 0 0 0 0 0 0 0 14 0 0 23 0 0 
 0 0 0 0 0 0 2 0 0 0 0 1 0 0 0 0 4 0 2 1 29 0 23 2 0 27 0 0 4 0 0 0 0 0 0 0 2 0 0 0 94 91 126 108 138 158 63 67 51 90 0 176 34 256 179 181 116 285 37 54 0 4 27 0 0 0 6 0 0 0 0 1 1 51 8 4 0 2 0 51 0 0 7 0 0 0 0 0 0 0 0 0 0 0 30 0 3 0 0 0 40 0 0 0 0 0 0 0 0 0 0 0 0 0 0 0 0 0 0 0 0 21 14 12 26 10 0 10 0 11 14 0 0 6 6 0 12 0 0 19 0 0 0 1 0 0 10 7 0 0 0 0 31 17 0 23 0 0 11 26 0 0 0 3 0 1 0 0 2 0 0 0 0 0 0 0 0 0 0 39 0 0 0 6 0 0 0 0 0 0 0 0 0 0 0 0 0 0 0 0 0 21 11 25 33 1 0 7 66 1 20 27 4 7 77 26 15 17 0 0 0 0 15 0 9 0 0 0 10 0 0 0 8 6 15 27 0 0 22 0 0 0 8 0 0 0 0 0 0 0 0 3 1 0 0 0 0 0 15 2 0 21 1 0 0 9 4 1 0 0 22 0 0 0 0 0 0 0 0 0 0 3 0 0 0 0 0 0 0 0 
 0 0 0 0 2 1 3 0 0 0 0 0 0 0 0 0 0 0 0 0 0 0 0 0 0 0 0 0 0 0 0 0 0 0 0 0 0 0 0 0 329 47 117 52 80 51 92 222 273 62 176 0 458 38 75 47 103 180 111 35 0 0 6 0 0 0 23 1 0 0 10 0 0 0 2 0 0 0 25 20 0 0 0 0 40 0 0 0 0 0 0 0 0 0 0 0 0 0 0 0 0 0 0 0 0 0 0 0 0 0 0 0 0 0 0 9 0 0 0 0 0 0 22 0 7 3 0 0 33 0 7 24 0 9 0 46 2 8 0 11 0 0 0 0 0 3 0 0 0 0 0 10 0 54 1 0 0 0 18 0 0 0 7 0 0 0 0 0 0 0 0 0 0 0 0 0 0 0 2 0 0 0 0 0 0 0 0 0 0 0 0 0 0 0 0 0 0 0 0 0 0 12 0 23 0 0 0 0 11 23 0 1 0 0 24 0 0 0 0 0 0 0 0 0 13 0 13 12 13 0 0 3 23 0 22 11 0 0 1 19 0 0 0 0 0 0 0 0 0 0 0 5 0 0 0 0 0 0 0 0 0 1 0 0 0 4 2 3 0 0 5 0 0 0 0 14 0 0 0 0 0 3 0 0 0 0 0 0 0 0 
 3 2 3 1 3 4 5 3 3 2 3 1 3 2 2 3 3 2 3 3 0 64 1 36 2 1 0 0 33 3 0 0 0 1 3 0 1 62 0 0 110 356 142 148 73 59 123 100 386 130 34 458 0 165 98 393 33 513 252 104 0 3 0 0 0 0 0 0 3 8 0 1 0 0 6 0 2 3 0 0 0 0 0 0 0 0 0 0 0 0 0 0 0 0 0 0 0 0 0 0 0 1 0 1 1 18 0 0 12 0 0 5 0 0 1 0 0 1 0 0 9 58 20 1 0 0 21 26 1 37 8 1 0 0 7 0 29 33 0 0 0 0 6 4 0 0 0 0 0 2 2 0 0 0 0 0 0 0 1 0 8 0 0 6 0 0 0 0 1 0 0 0 0 0 0 0 10 0 0 0 0 0 0 0 2 5 0 0 0 0 4 0 0 0 0 0 46 6 0 0 15 0 67 0 9 4 0 59 0 7 20 12 28 12 11 24 2 26 21 4 0 0 0 7 2 0 0 0 0 0 4 0 7 1 0 0 6 2 13 1 0 0 0 0 0 0 0 0 0 0 0 7 0 1 0 0 0 131 0 0 0 0 0 0 82 2 4 0 2 0 0 0 0 2 0 0 0 0 0 0 0 0 0 0 0 10 0 19 2 0 
 3 3 3 3 5 3 5 3 3 3 3 3 3 3 3 3 6 3 3 3 0 0 0 0 0 0 0 72 0 2 0 0 0 0 0 0 0 0 0 0 45 196 34 97 55 76 165 201 104 90 256 38 165 0 221 113 101 109 374 167 16 56 0 0 0 0 11 1 11 2 10 0 5 0 0 0 0 0 0 2 0 0 0 0 0 0 0 0 0 0 0 0 0 0 0 0 0 0 6 0 0 0 0 0 0 0 0 0 0 0 0 0 0 0 0 0 0 0 0 0 0 29 29 0 0 0 0 9 9 10 35 0 5 0 16 10 8 20 0 0 0 0 0 0 0 3 0 0 14 0 0 0 0 0 0 0 0 0 0 0 0 0 0 0 0 0 0 0 2 5 0 0 6 0 0 0 0 0 0 0 0 0 0 0 0 0 0 0 0 0 0 0 0 0 19 0 0 0 0 0 21 0 15 0 4 14 7 21 0 0 10 1 0 22 0 22 0 13 10 20 0 1 0 0 0 0 0 0 0 0 0 3 0 0 0 0 0 0 1 1 0 0 0 0 0 0 0 0 0 0 0 0 0 0 0 0 0 0 0 9 0 0 0 0 67 9 2 0 0 0 0 0 0 0 0 16 0 0 0 0 0 0 0 0 0 33 0 0 0 0 
 0 0 0 0 0 2 3 0 0 0 0 0 0 0 0 0 0 3 0 0 0 0 64 62 0 0 0 0 0 11 81 0 0 0 0 0 1 8 0 0 54 55 149 103 95 70 456 151 92 133 179 75 98 221 0 145 63 43 166 170 6 0 0 0 0 0 0 2 5 0 0 0 6 6 0 0 0 0 5 1 31 0 0 0 0 0 0 0 0 0 0 0 0 0 0 0 0 0 0 0 0 0 0 0 0 22 0 0 0 0 0 18 0 0 0 0 0 0 0 0 0 4 17 0 13 9 11 10 19 8 13 19 28 25 37 25 0 28 29 14 9 2 0 0 0 0 0 0 0 0 0 0 2 0 0 9 0 0 1 6 0 0 0 0 0 0 0 0 0 0 0 0 0 0 0 0 0 6 0 0 0 0 0 8 1 20 0 0 0 0 0 0 0 0 0 0 0 0 0 0 2 107 14 21 7 24 0 10 41 34 43 1 13 21 9 1 53 12 34 21 1 0 0 0 0 0 0 2 0 0 0 0 7 0 0 0 0 0 0 10 0 0 0 0 0 0 0 0 0 0 0 5 0 0 0 0 0 0 0 0 0 0 0 0 67 0 0 0 0 0 22 0 0 0 0 0 0 0 0 0 0 0 0 0 11 15 0 5 0 0 
 0 0 0 4 1 0 0 0 0 0 7 0 0 0 0 0 0 13 1 0 0 0 0 1 1 3 0 1 1 1 73 0 71 1 3 1 1 0 0 0 311 190 130 58 129 108 110 54 167 119 181 47 393 113 145 0 88 298 57 68 0 0 0 0 0 0 18 2 3 206 2 0 0 0 0 0 5 0 21 0 0 0 0 0 0 0 0 0 0 0 0 0 0 0 0 0 0 0 0 0 0 0 0 0 0 0 2 0 0 0 0 0 0 0 0 0 0 6 3 20 25 12 18 3 23 16 18 29 13 66 15 33 0 18 29 19 3 41 13 0 0 0 0 0 0 0 0 0 0 0 0 0 0 0 0 0 0 0 0 0 0 0 0 0 0 8 0 0 6 0 0 0 0 0 0 0 0 0 0 0 6 0 0 0 0 0 0 0 0 0 0 0 0 0 8 0 0 0 0 0 15 50 41 4 16 22 26 34 22 36 36 10 19 0 23 24 10 43 10 10 0 0 0 0 0 0 0 0 0 0 0 0 1 0 0 0 0 0 14 8 0 0 0 0 0 0 1 0 0 0 0 5 0 1 0 0 0 0 0 0 67 0 1 0 78 15 0 0 0 0 0 0 0 0 0 0 0 0 0 0 0 0 0 0 15 0 0 20 0 0 
 0 0 66 0 0 0 8 0 0 0 0 0 4 0 0 0 0 0 0 3 0 2 0 0 0 0 0 0 0 22 0 0 0 0 3 0 0 0 0 0 192 54 312 265 67 124 121 97 63 44 116 103 33 101 63 88 0 348 43 44 0 2 0 0 0 0 17 2 0 0 0 0 0 0 2 0 0 1 40 0 0 0 0 0 0 0 0 0 0 0 0 0 0 0 0 0 0 0 0 0 0 0 0 0 0 0 0 0 0 0 0 0 0 0 0 0 0 0 0 0 0 0 25 11 5 27 0 1 28 23 8 37 17 0 6 29 0 0 0 0 0 0 0 0 0 0 3 3 0 0 0 0 10 0 5 0 0 0 14 10 0 0 0 0 0 0 0 0 0 6 0 0 18 0 0 0 0 1 0 0 0 0 0 0 0 0 0 0 0 0 0 0 0 0 0 0 0 0 0 0 7 20 5 1 5 11 10 1 0 16 22 14 0 0 16 6 21 23 6 1 10 0 0 0 0 0 11 0 0 0 0 0 0 0 0 0 0 0 7 12 0 0 8 0 0 0 0 0 0 0 0 2 0 0 1 0 0 0 0 16 0 0 2 0 0 10 0 1 0 0 0 0 0 0 0 0 0 0 0 0 0 0 1 0 0 0 0 0 0 0 
 0 0 4 0 2 75 3 0 2 7 0 1 110 0 0 0 8 0 0 0 3 4 3 2 2 7 3 2 2 3 2 3 3 2 59 3 2 3 3 3 52 112 164 168 50 128 95 105 105 43 285 180 513 109 43 298 348 0 108 252 0 1 15 0 0 0 5 2 0 0 0 0 0 51 8 0 0 0 0 62 0 7 0 0 0 6 0 0 10 0 9 5 0 0 19 0 0 5 0 0 0 0 0 0 0 0 0 0 0 0 0 0 0 0 0 0 0 0 0 0 0 12 21 7 62 10 0 0 20 8 34 19 0 4 0 23 0 0 0 19 0 0 0 4 0 0 10 7 0 0 0 0 14 23 0 3 0 0 20 16 0 0 0 0 0 0 7 0 4 0 11 8 2 7 0 0 8 0 0 9 0 0 0 0 0 0 0 0 0 0 0 0 0 0 0 0 0 0 0 0 7 21 8 31 34 1 11 9 15 16 10 25 0 0 10 6 0 11 0 0 0 0 0 0 17 0 0 0 12 0 0 0 1 20 22 33 0 0 20 0 0 9 0 0 0 0 0 0 0 0 0 11 0 0 0 0 0 0 0 9 0 0 6 1 1 17 1 65 0 0 20 0 0 0 0 0 0 0 0 0 0 0 0 0 1 0 0 0 0 0 
 3 66 3 3 5 3 3 3 3 4 4 4 3 3 7 3 32 4 3 3 0 0 0 62 0 0 1 1 1 0 63 0 55 7 4 1 0 0 1 1 46 131 360 126 50 49 159 73 88 83 37 111 252 374 166 57 43 108 0 321 0 0 0 3 6 0 0 0 1 0 0 0 0 0 0 0 0 0 0 4 0 0 7 0 11 0 0 0 0 0 0 0 0 0 0 11 6 0 0 0 0 0 0 0 1 0 0 0 0 0 0 0 0 0 0 0 0 0 43 0 0 5 32 0 15 0 18 44 0 12 1 0 6 25 8 0 0 53 13 13 0 0 0 0 0 0 0 0 0 9 0 0 0 0 0 27 0 0 0 0 0 0 0 0 0 0 0 0 0 0 0 0 0 0 0 0 0 0 0 0 0 0 22 0 0 7 0 9 15 0 0 0 0 9 0 0 0 0 0 0 0 21 19 19 0 7 0 16 20 1 24 0 19 3 20 17 25 13 10 16 0 0 0 0 0 0 0 0 0 0 0 0 0 0 0 0 0 0 0 1 0 0 9 0 0 0 0 0 0 28 0 0 0 0 0 0 0 0 0 0 0 0 0 0 77 2 1 0 0 0 23 0 0 0 0 1 1 0 0 0 0 0 0 0 14 3 0 20 2 0 
 0 0 1 3 0 0 3 0 0 2 0 0 0 0 0 0 0 0 0 0 0 0 34 150 253 78 0 65 0 122 32 1 0 24 0 0 65 78 0 0 28 116 99 52 91 45 42 61 494 107 54 35 104 167 170 68 44 252 321 0 0 0 0 0 0 0 0 1 0 0 0 10 0 0 0 0 0 0 0 0 0 0 0 0 0 0 11 2 0 0 0 0 0 0 0 0 0 0 0 0 0 0 0 9 28 36 0 0 0 0 0 20 0 0 0 0 1 0 0 0 22 0 9 8 0 0 30 33 7 0 0 0 9 41 9 50 4 5 41 8 0 0 0 0 0 1 10 0 0 0 0 0 0 0 0 11 0 0 0 0 0 0 0 0 0 0 0 0 0 0 0 0 0 0 2 0 0 0 0 0 0 0 0 3 25 54 0 0 1 0 0 0 0 0 0 0 1 0 0 0 27 68 2 6 0 0 0 31 15 9 0 0 34 1 16 29 27 8 12 19 0 0 0 0 0 0 0 0 0 0 0 0 0 3 0 0 0 0 4 3 0 0 0 0 0 0 0 0 0 0 0 22 0 0 0 0 0 57 0 0 0 0 0 0 3 5 2 0 0 0 1 0 0 0 0 0 0 23 0 0 0 0 5 0 23 0 0 0 0 0 
 3 0 0 1 0 0 0 0 0 0 0 0 2 0 0 0 4 0 0 0 0 0 0 0 0 0 0 0 0 0 0 0 0 0 29 0 0 0 0 0 0 0 0 0 47 0 0 5 1 0 0 0 0 16 6 0 0 0 0 0 0 170 144 289 108 25 150 295 84 94 22 90 122 48 37 38 119 82 47 57 0 0 0 0 0 0 0 0 0 0 0 0 0 0 0 0 0 0 0 0 0 0 0 0 0 0 0 0 0 0 0 0 0 0 0 0 0 0 0 0 0 0 0 0 8 6 0 0 4 0 5 9 13 0 6 4 0 3 0 0 64 13 7 2 10 1 0 0 22 27 12 0 0 10 0 8 6 2 0 9 0 0 0 0 0 0 0 8 0 0 0 0 0 0 0 0 0 0 0 0 0 0 0 0 0 0 0 0 0 0 0 0 0 0 0 0 0 0 0 9 1 0 0 0 0 0 0 0 2 1 0 0 0 4 0 0 0 0 0 13 18 9 0 46 8 28 2 0 39 29 1 14 0 16 0 6 0 31 0 16 10 0 0 12 0 0 0 0 0 0 0 0 0 0 3 0 0 0 0 0 0 0 9 0 0 0 19 1 0 0 71 0 0 1 1 2 0 0 0 0 0 0 0 0 0 2 0 0 0 0 
