 0 178 287 88 247 117 187 310 260 42 124 46 214 444 168 125 243 41 342 462 2 0 1 0 0 0 1 1 2 2 2 4 3 0 0 2 0 0 0 0 2 0 8 3 0 3 3 6 0 0 0 0 0 3 0 3 0 0 0 0 4 4 5 0 0 0 0 4 2 37 0 2 2 5 10 49 0 5 1 3 11 0 32 1 11 0 14 23 9 33 14 11 35 24 21 2 20 19 16 0 0 0 0 0 0 0 0 0 0 0 0 0 0 0 0 0 0 0 0 0 0 0 0 0 0 0 0 1 1 0 0 0 0 7 0 0 0 0 0 0 0 16 3 0 0 9 0 0 0 0 0 0 6 0 0 0 9 0 0 7 78 19 1 0 15 0 35 23 14 44 5 10 22 9 9 5 20 0 9 38 0 1 0 0 0 0 0 0 0 0 0 0 0 0 0 0 0 0 0 0 0 0 0 0 0 0 0 0 0 0 2 0 0 2 0 0 0 0 0 0 0 0 0 0 0 2 0 0 0 1 0 0 0 0 0 0 0 0 0 0 0 0 0 0 0 0 49 1 0 0 0 3 0 0 0 0 0 0 0 0 0 0 0 0 0 0 0 0 0 0 0 0 0 0 0 0 0 2 0 0 0 0 0 0 0 0 0 0 0 0 
 178 0 243 211 58 43 186 229 140 198 246 60 96 55 47 41 45 65 60 64 0 0 2 2 0 2 2 0 0 5 2 83 0 0 0 2 1 2 0 0 2 3 3 3 0 3 3 3 0 0 0 3 0 0 0 3 0 0 6 6 0 3 0 6 0 2 3 0 7 6 0 0 3 0 5 0 0 0 1 1 9 48 0 11 1 10 11 1 31 12 27 59 14 15 0 49 36 10 0 13 0 0 0 0 0 0 8 0 0 0 0 0 0 0 0 0 0 0 11 19 0 0 0 0 0 0 0 0 0 0 0 0 0 0 0 0 0 0 0 0 0 0 0 0 0 0 0 0 0 0 0 2 7 0 16 0 0 0 0 23 0 0 10 28 10 18 24 0 18 53 10 87 1 37 40 3 47 14 14 0 16 0 0 0 0 0 11 0 0 0 0 0 0 7 33 4 0 0 5 0 0 0 0 0 0 0 0 0 0 1 0 0 1 0 0 0 1 0 0 0 2 0 0 0 0 0 0 0 0 0 0 0 2 0 0 0 0 0 0 1 0 0 0 0 0 0 88 0 0 48 0 20 0 0 0 1 0 0 0 0 2 0 0 0 0 0 0 0 0 0 0 0 0 0 0 0 0 0 0 0 0 0 0 0 0 0 0 0 0 0 
 287 243 0 238 157 111 174 349 299 210 157 37 280 51 140 230 283 84 415 105 0 2 2 0 1 0 1 0 0 0 0 3 0 0 1 2 0 1 0 77 2 0 3 3 0 3 3 3 0 0 0 0 0 3 0 3 0 0 1 0 0 0 1 0 0 0 0 0 11 0 0 0 0 0 3 0 0 0 1 0 0 1 0 10 13 16 16 0 14 20 41 35 16 78 28 10 38 26 0 6 19 0 0 0 0 0 10 0 0 0 0 0 13 0 21 1 0 0 16 19 0 0 0 0 0 0 0 0 0 0 0 0 0 0 0 0 0 0 0 0 0 0 0 0 0 13 0 1 0 0 0 0 2 0 8 0 0 0 13 0 18 0 7 28 0 19 0 0 23 10 0 31 0 12 26 17 63 64 2 0 14 0 0 0 0 0 26 20 0 0 0 0 0 0 8 0 0 0 0 0 0 0 0 0 2 0 0 0 0 0 0 0 0 0 1 0 0 0 0 0 0 0 0 0 0 0 0 0 0 0 0 0 0 0 26 0 22 0 0 0 0 20 0 0 0 0 0 2 3 7 0 8 0 0 0 0 0 0 0 0 0 0 0 0 0 0 0 0 0 0 0 0 0 0 0 11 27 10 0 0 0 0 0 0 0 0 0 0 0 0 
 88 211 238 0 177 126 116 95 143 95 135 145 187 63 219 145 56 306 157 162 2 0 2 2 0 2 24 1 0 3 0 4 0 76 3 39 2 0 2 73 4 2 5 4 0 5 5 5 0 0 0 2 2 6 0 3 2 0 0 0 51 0 0 0 0 1 0 0 10 0 0 0 0 0 3 0 0 0 0 0 0 1 9 10 11 30 0 1 18 14 0 36 7 7 26 38 33 35 0 0 0 0 0 0 0 0 13 0 0 0 2 0 0 22 0 0 0 0 11 22 0 0 1 0 0 0 0 0 0 0 0 0 0 0 5 1 0 0 0 0 0 2 0 0 0 0 0 0 0 0 1 0 6 0 0 0 0 0 1 7 0 0 0 6 14 0 2 0 16 12 1 21 0 13 26 0 24 20 18 0 34 14 0 0 0 0 12 23 1 0 0 0 0 10 9 0 0 0 27 5 0 0 0 0 0 0 0 0 0 0 0 0 0 0 0 0 0 0 0 0 0 0 0 0 0 0 0 0 0 0 0 0 0 0 0 0 0 0 0 0 0 18 0 0 0 1 4 0 4 103 0 7 0 0 2 0 0 0 0 0 0 0 0 0 0 0 0 0 0 0 0 0 0 0 0 0 0 0 0 0 0 0 0 0 0 0 0 0 0 0 
 247 58 157 177 0 202 145 283 256 206 374 182 77 69 86 78 58 154 73 61 365 0 0 3 0 0 107 72 2 7 215 3 224 33 3 118 1 3 76 24 5 0 9 3 0 3 3 5 0 2 0 0 0 4 0 5 5 6 3 0 0 0 0 0 0 0 0 0 1 1 2 5 2 2 3 0 0 0 2 0 0 0 0 3 24 37 0 0 2 1 18 0 0 0 0 0 0 3 0 0 17 13 0 1 0 0 55 11 29 52 0 0 54 22 0 0 0 0 12 46 0 0 0 0 0 0 0 0 0 0 0 0 0 0 0 2 0 0 0 0 0 0 0 0 0 0 0 0 15 8 2 7 0 0 0 0 0 0 0 0 0 0 0 12 0 0 3 7 0 0 32 15 0 0 0 13 18 13 0 0 3 1 0 0 0 10 33 40 15 2 11 10 0 16 0 16 0 1 47 25 0 0 0 0 0 0 0 0 0 0 0 0 0 0 0 0 0 0 0 0 0 0 0 0 0 0 0 0 0 0 0 0 0 0 0 0 0 0 0 0 0 16 0 0 0 4 4 2 14 4 14 10 0 0 0 0 0 1 0 0 2 0 0 0 0 0 0 0 0 0 0 0 0 0 0 0 37 0 0 0 0 0 0 0 0 0 0 0 0 0 
 117 43 111 126 202 0 440 39 421 60 303 257 46 48 283 170 68 155 44 39 85 0 2 0 0 0 74 0 0 0 0 1 219 0 0 2 0 0 82 85 2 0 3 2 0 3 3 3 0 0 0 0 0 1 0 3 0 0 0 5 0 0 0 0 0 0 0 0 3 1 4 0 0 4 3 0 0 0 0 0 0 11 10 3 56 50 0 11 1 1 9 14 0 0 0 31 0 4 0 0 15 0 0 12 2 0 53 0 14 0 0 0 0 0 0 0 2 13 24 52 0 0 0 0 0 0 0 0 0 0 0 0 0 0 0 0 0 0 0 0 0 0 0 0 0 0 0 0 0 7 0 0 0 0 0 0 0 0 0 1 0 0 1 30 32 2 6 3 0 2 11 14 0 0 4 19 15 14 0 1 15 9 22 0 0 0 1 17 0 0 0 0 2 0 23 0 0 2 44 24 0 0 2 0 0 0 0 0 0 0 0 0 0 0 0 0 0 1 0 0 0 0 0 0 0 0 0 0 0 0 0 0 0 29 0 0 0 0 0 9 0 20 0 0 1 0 9 0 1 3 0 14 18 0 0 0 0 2 0 0 6 0 0 0 0 0 1 0 0 0 0 0 0 0 0 0 0 0 0 0 0 0 0 0 0 0 0 0 0 0 
 187 186 174 116 145 440 0 314 64 114 241 560 348 326 191 49 235 254 324 171 2 0 8 2 0 2 0 0 0 2 3 3 4 0 0 15 0 0 4 0 3 0 3 3 0 3 3 2 0 0 0 0 6 0 56 53 6 0 7 2 0 0 2 2 0 0 0 1 0 1 0 0 3 0 82 2 0 0 3 6 14 7 27 14 0 12 19 0 26 13 18 0 13 31 34 0 19 16 15 33 0 0 0 0 0 0 0 0 0 0 0 0 0 0 0 0 0 0 0 0 0 0 0 0 0 7 0 0 0 0 0 0 0 0 0 0 0 0 0 0 21 0 0 0 0 12 9 0 0 0 0 0 0 0 0 0 0 0 18 0 0 0 17 7 0 21 23 7 13 54 10 5 34 24 2 19 40 1 0 0 0 0 0 0 0 0 0 0 0 0 0 0 0 0 0 0 0 0 0 0 0 0 0 0 0 0 0 0 0 0 0 0 0 0 0 0 0 0 0 0 0 0 0 0 0 0 0 0 0 0 0 0 0 0 0 0 0 0 0 0 0 0 0 0 0 0 47 0 0 0 2 2 0 0 0 0 0 0 0 0 0 0 0 0 0 0 0 0 0 0 0 0 0 0 42 16 16 0 0 0 0 0 0 0 0 0 0 0 0 0 
 310 229 349 95 283 39 314 0 85 153 41 91 306 534 340 140 42 24 267 244 64 0 1 0 0 0 2 0 1 0 0 2 0 0 0 2 0 0 0 2 2 0 3 3 2 3 3 3 0 0 0 0 0 0 0 3 0 1 0 0 0 0 0 0 0 0 0 0 1 0 0 4 0 0 3 0 0 0 4 0 14 24 20 0 0 0 28 45 28 0 17 14 11 31 13 50 0 15 29 0 0 0 8 21 0 0 0 0 1 0 0 0 0 0 0 0 0 0 0 21 0 0 0 15 0 0 0 0 0 0 0 0 0 0 0 0 0 0 11 0 7 0 0 0 0 4 2 0 0 0 0 0 0 0 0 2 0 0 4 0 9 0 34 9 1 8 0 1 32 0 10 14 0 11 9 11 25 12 8 0 0 0 0 0 0 0 0 0 0 0 0 0 0 0 1 0 0 0 0 0 0 0 0 0 0 0 2 15 0 0 0 0 0 0 0 0 0 0 0 0 0 0 0 0 0 0 0 0 0 0 0 0 0 0 0 1 0 2 0 0 0 2 0 0 0 0 0 0 2 88 0 7 0 0 0 0 0 0 0 0 0 0 0 0 0 0 0 0 0 0 0 0 0 0 0 26 0 10 0 0 0 0 0 0 0 0 0 0 0 0 
 260 140 299 143 256 421 64 85 0 345 148 84 176 93 93 161 140 235 268 145 108 0 6 0 3 0 0 4 0 207 3 1 71 0 2 2 0 73 2 77 2 2 3 4 3 3 5 5 0 0 0 0 0 0 0 3 0 1 3 1 0 27 0 0 0 3 2 0 16 3 0 0 0 0 45 0 0 3 0 0 0 0 11 12 3 10 0 0 0 14 18 42 0 8 12 47 60 32 2 0 23 6 0 0 0 0 44 0 0 0 0 0 40 0 0 0 0 0 28 55 0 0 0 0 0 0 0 0 0 0 0 0 0 0 0 0 0 0 0 0 1 0 0 0 0 0 0 0 0 9 0 8 0 0 0 0 0 0 0 0 0 0 0 18 33 14 0 0 0 0 16 29 0 0 19 21 25 28 0 0 14 0 0 0 0 0 20 19 0 0 0 1 1 0 52 0 0 0 48 0 0 0 0 0 0 2 0 0 0 2 0 0 2 0 0 0 0 0 0 0 1 0 0 0 0 0 0 0 0 0 0 0 0 2 0 0 2 0 0 1 0 14 0 0 0 2 1 0 92 138 0 11 1 0 1 2 0 0 0 0 0 0 0 0 0 0 0 0 0 0 0 0 0 0 0 0 1 0 0 0 0 0 0 0 0 0 0 0 0 7 
 42 198 210 95 206 60 114 153 345 0 202 140 88 72 395 100 48 275 54 71 2 1 5 0 77 2 3 0 0 0 3 3 84 0 0 2 0 4 1 6 6 0 3 3 0 2 3 1 0 0 0 0 0 0 2 3 0 2 1 6 47 0 0 0 0 0 0 2 55 32 0 0 6 0 2 0 0 0 3 35 0 29 0 11 0 10 0 0 30 6 34 38 0 13 0 10 18 1 0 0 18 0 0 0 0 0 20 0 1 1 0 0 24 0 0 0 0 0 24 61 0 0 0 0 0 0 0 0 0 0 0 0 0 0 0 0 0 0 0 0 0 0 0 0 0 0 0 0 0 0 0 5 0 0 12 0 0 0 0 0 0 0 55 27 8 25 0 0 12 0 63 35 0 0 25 54 56 20 0 0 14 0 0 0 0 0 23 0 0 0 0 0 0 0 9 0 0 0 0 0 0 0 0 0 0 0 0 0 0 0 0 0 0 0 0 0 0 0 0 0 24 0 0 0 0 0 0 0 0 0 0 0 0 0 0 0 0 0 0 0 0 1 0 0 0 2 0 1 2 5 0 8 0 0 0 0 0 0 0 0 0 0 0 0 0 0 0 0 0 0 0 0 0 0 0 0 10 0 0 0 0 0 0 0 0 0 0 0 0 0 
 124 246 157 135 374 303 241 41 148 202 0 263 49 26 67 230 112 235 35 276 1 0 1 1 0 0 48 0 0 0 0 2 3 76 0 2 1 0 0 79 2 0 3 3 0 3 3 3 0 0 0 0 0 10 0 3 0 0 0 1 0 0 3 0 0 0 0 33 1 0 6 0 0 0 3 2 0 1 1 0 1 31 14 47 29 14 1 20 1 24 32 27 1 1 16 17 0 26 0 1 0 0 0 0 0 0 36 0 0 0 0 0 0 14 0 0 0 0 50 0 0 0 0 1 0 0 0 0 0 0 0 0 0 6 0 0 0 0 0 0 0 0 0 0 0 4 0 0 0 6 0 0 0 0 22 0 0 0 0 0 10 0 13 15 32 13 1 0 0 16 18 9 0 3 6 12 1 14 1 0 17 19 0 0 0 0 1 15 0 0 0 0 0 0 19 0 0 0 57 52 0 0 0 0 0 17 0 0 0 0 0 0 0 0 0 1 2 0 0 0 0 0 0 0 0 0 0 0 0 0 1 0 1 0 0 0 0 0 0 0 0 14 0 0 0 0 87 0 1 9 0 29 0 0 0 0 0 0 0 0 0 0 0 0 0 0 0 0 0 0 0 0 0 0 0 0 7 0 0 0 0 0 0 0 0 0 0 0 0 0 
 46 60 37 145 182 257 560 91 84 140 263 0 257 147 149 25 237 625 142 149 77 0 1 0 0 0 73 79 0 2 74 2 139 60 150 76 0 0 75 0 2 0 3 3 0 3 3 3 0 0 0 0 0 5 3 3 0 0 0 0 0 0 0 0 0 0 0 0 1 0 0 0 0 0 3 0 0 0 1 0 0 12 10 0 36 20 19 0 0 1 18 0 0 0 44 15 0 25 18 0 11 0 0 0 0 0 43 0 0 0 0 0 15 31 0 0 0 1 36 44 0 0 0 0 0 0 0 0 0 0 2 0 0 0 0 0 0 0 0 0 0 0 0 0 0 0 0 0 0 7 2 4 0 0 0 0 0 0 0 1 0 0 0 1 16 0 1 0 11 1 16 4 5 10 0 10 1 9 0 2 17 9 0 0 0 0 0 17 20 0 0 0 8 20 17 0 0 23 47 23 0 0 0 0 0 0 0 0 0 0 0 0 0 0 0 0 0 0 0 0 0 0 0 0 0 0 0 17 0 0 0 0 0 0 0 0 0 0 5 0 0 0 0 0 2 2 2 0 87 2 2 5 0 2 1 0 0 0 0 0 0 0 0 0 0 0 0 0 0 0 0 0 0 0 0 15 1 0 0 0 0 10 0 0 0 0 0 0 0 0 
 214 96 280 187 77 46 348 306 176 88 49 257 0 92 107 31 37 125 167 250 1 0 2 0 1 0 0 2 0 1 0 2 0 0 0 2 0 0 0 0 2 0 3 2 0 3 3 3 30 0 0 0 80 0 0 3 0 0 0 0 0 0 0 0 0 0 0 0 3 0 0 0 0 0 3 0 0 0 0 0 11 13 12 2 0 0 9 36 0 34 1 15 13 30 16 70 34 32 18 28 0 2 0 0 0 0 0 65 0 0 12 0 0 0 0 0 0 0 2 0 0 0 0 0 0 0 0 0 0 0 0 0 0 0 0 0 0 0 0 0 1 0 0 0 0 10 0 0 0 0 0 10 9 0 0 0 0 0 9 1 28 32 7 0 1 0 0 24 21 29 0 30 18 14 0 0 17 14 31 14 0 0 0 0 0 0 0 0 0 0 0 0 0 0 0 0 0 0 0 0 8 0 0 0 16 2 0 0 0 2 0 0 2 0 0 0 2 0 0 0 1 0 0 0 0 0 0 0 0 0 0 0 0 0 0 0 2 0 0 0 0 0 0 0 0 0 0 0 2 107 1 15 0 0 0 0 0 0 0 0 0 0 0 0 0 0 0 0 0 0 0 0 0 0 0 13 0 18 0 0 0 0 0 0 0 0 0 0 0 2 
 444 55 51 63 69 48 326 534 93 72 26 147 92 0 342 253 128 123 536 230 0 0 2 0 0 2 0 0 0 0 0 3 0 0 0 4 0 0 0 0 3 0 3 3 0 2 3 1 3 0 0 2 0 0 0 5 0 0 0 0 0 0 1 0 0 0 0 0 27 0 0 0 0 0 3 0 0 0 11 0 15 23 0 10 0 0 32 14 9 20 5 0 0 0 35 0 18 38 32 25 1 0 0 0 0 0 2 0 0 0 0 0 0 0 0 0 0 0 0 0 0 0 0 0 0 10 0 0 0 0 2 0 0 0 0 13 0 0 0 0 0 0 1 0 0 1 22 0 0 0 0 0 0 0 0 0 0 0 0 1 7 47 11 24 10 9 11 44 4 0 15 0 23 15 10 1 0 2 0 61 0 0 0 0 0 0 0 0 0 0 0 0 0 0 0 0 0 0 0 0 0 0 0 0 0 0 0 0 0 0 0 0 0 0 0 0 0 0 0 0 0 0 0 0 0 0 0 0 14 0 0 0 0 0 0 0 0 0 0 0 0 1 0 0 2 1 0 0 0 0 0 10 0 0 0 0 0 0 0 0 0 0 13 0 0 0 0 0 0 0 0 0 0 0 0 23 0 0 0 0 0 0 0 0 0 0 0 0 0 0 
 168 47 140 219 86 283 191 340 93 395 67 149 107 342 0 255 250 142 180 506 2 2 5 205 0 0 0 2 2 0 0 1 2 2 4 4 1 2 0 2 2 0 3 2 2 3 3 3 103 2 2 0 0 0 2 66 2 2 0 2 0 0 0 0 0 0 0 0 6 1 0 1 0 0 3 0 0 0 0 0 0 9 2 0 0 0 37 10 23 30 11 12 21 19 25 12 33 17 81 15 34 0 0 0 0 0 0 0 0 0 0 0 10 0 0 1 0 0 1 0 0 0 0 0 0 0 0 0 0 0 0 0 0 0 0 0 0 0 0 0 0 0 0 0 0 6 0 0 0 0 0 0 5 0 0 0 0 1 3 1 19 37 24 3 16 22 0 28 19 14 10 16 33 11 15 10 17 29 23 18 0 0 0 0 0 19 49 0 0 0 0 0 0 0 0 0 10 0 0 0 0 0 0 0 0 0 0 0 0 0 0 0 0 0 0 0 0 0 0 0 0 0 0 0 0 0 0 0 0 0 0 0 0 0 0 0 0 0 0 0 0 0 0 0 0 2 1 2 3 2 0 12 0 0 2 0 0 2 0 0 0 0 0 0 2 0 0 0 0 0 0 2 0 0 51 31 0 13 0 0 0 0 0 0 0 0 0 0 0 0 
 125 41 230 145 78 170 49 140 161 100 230 25 31 253 255 0 74 212 61 68 0 0 2 0 0 0 0 2 0 4 64 3 0 2 1 5 0 1 1 1 2 11 5 3 6 3 3 3 7 10 33 1 0 63 0 11 0 10 0 0 0 0 1 0 0 0 0 0 0 0 0 0 0 0 3 8 0 0 2 0 20 14 4 19 25 0 33 24 23 71 49 8 31 16 13 3 22 0 11 15 61 0 0 0 0 0 0 0 0 0 0 0 7 0 2 0 0 0 12 0 0 0 0 0 0 0 0 0 0 0 0 0 0 1 0 0 0 0 0 0 0 0 0 0 0 6 0 2 0 6 0 0 0 0 1 0 0 0 14 0 0 0 13 33 0 18 18 0 0 24 33 19 0 47 0 19 16 0 41 0 0 0 0 0 0 0 6 0 0 0 0 0 0 0 0 0 0 0 22 0 0 0 0 0 0 0 0 0 0 0 0 0 0 0 2 0 0 0 0 1 0 0 0 1 0 0 0 0 0 0 0 0 0 0 0 0 0 0 0 0 0 2 0 0 0 1 87 0 0 1 0 17 0 2 1 0 0 0 74 0 0 0 0 0 0 0 0 0 0 0 0 0 0 17 0 0 0 0 0 0 0 0 0 0 0 0 0 0 0 0 
 243 45 283 56 58 68 235 42 140 48 112 237 37 128 250 74 0 75 130 251 1 0 1 0 0 2 3 0 0 39 0 3 0 0 3 6 0 2 2 0 3 0 5 3 61 3 3 3 0 3 0 0 3 0 0 3 5 3 5 0 9 42 0 1 0 0 2 33 0 0 0 0 2 1 3 1 0 0 6 6 0 21 23 0 0 0 8 0 0 1 0 21 0 0 14 34 0 11 15 4 0 0 0 0 0 0 28 0 0 0 0 0 1 0 1 1 1 0 10 0 0 0 0 2 0 0 0 0 0 0 0 0 0 0 0 0 0 0 0 0 0 0 0 0 0 0 0 1 10 0 0 0 1 0 0 0 0 0 0 0 0 4 0 1 16 1 7 0 7 16 10 1 20 13 1 0 0 14 0 2 0 0 0 0 0 0 1 0 0 0 0 0 0 0 23 0 0 0 24 0 0 0 0 0 0 0 0 0 0 0 0 0 0 0 0 0 0 0 0 2 0 0 0 0 0 0 0 0 0 0 0 0 0 0 0 0 0 0 0 0 0 0 0 0 0 2 88 0 0 0 0 14 0 0 0 0 0 0 0 2 0 0 11 0 0 0 1 0 0 0 0 0 0 0 0 8 0 0 0 0 0 0 0 0 0 0 0 0 0 0 
 41 65 84 306 154 155 254 24 235 275 235 625 125 123 142 212 75 0 355 261 50 0 1 0 0 2 0 0 0 130 0 2 96 0 0 2 0 0 74 18 2 0 3 2 0 3 3 3 0 0 0 0 0 0 0 3 1 0 0 0 0 0 0 0 0 0 0 0 3 0 0 0 0 1 3 0 0 0 0 0 0 0 23 11 30 40 0 31 8 19 27 36 0 0 21 18 13 19 14 12 2 0 0 0 0 0 13 0 1 0 0 0 0 0 0 0 0 0 1 36 0 0 0 0 0 0 0 0 0 13 2 0 0 0 0 0 0 0 0 0 0 0 0 0 0 0 0 0 4 28 0 0 0 0 0 0 0 0 2 1 31 23 11 19 23 2 20 8 0 14 13 0 1 0 12 5 0 12 10 19 47 0 0 0 0 0 12 0 0 0 0 0 0 0 0 0 0 0 3 9 0 0 0 0 0 0 0 0 0 0 0 0 0 0 0 0 0 0 0 0 0 0 0 0 0 0 0 0 0 0 0 0 0 0 0 0 0 0 12 10 0 0 0 0 2 2 4 0 2 6 0 20 19 0 0 0 0 0 0 0 0 0 12 0 0 0 0 0 0 0 0 0 0 0 0 0 9 0 0 0 0 0 0 0 0 0 0 0 0 0 
 342 60 415 157 73 44 324 267 268 54 35 142 167 536 180 61 130 355 0 147 0 80 2 0 0 0 0 0 0 0 0 2 2 0 0 5 0 0 0 0 2 0 3 3 0 3 3 2 0 0 0 0 0 0 0 10 64 0 0 0 0 0 12 0 0 52 0 0 0 0 0 0 0 47 3 0 0 0 2 0 34 6 22 44 20 0 15 23 15 22 2 1 21 42 48 9 11 19 11 21 0 0 0 0 0 0 0 0 0 0 0 0 0 0 0 0 0 0 0 2 0 0 0 0 0 0 0 0 0 0 0 0 0 0 2 0 0 0 0 0 0 0 0 0 0 24 18 0 0 0 1 0 0 0 0 0 0 0 17 0 16 12 0 0 0 0 28 14 0 22 9 0 12 23 0 16 0 1 13 15 0 0 0 0 0 0 0 2 0 0 15 0 0 0 0 0 0 0 0 0 0 10 0 0 0 0 0 0 0 0 0 0 0 0 0 0 0 0 0 0 0 0 15 0 0 0 0 0 0 0 0 0 0 0 0 0 0 0 0 0 0 0 0 0 0 1 0 0 0 3 0 18 0 0 0 0 0 0 0 0 0 0 0 0 0 0 0 0 0 0 0 0 0 0 0 18 0 0 0 0 0 0 0 0 0 0 0 0 0 0 
 462 64 105 162 61 39 171 244 145 71 276 149 250 230 506 68 251 261 147 0 0 0 3 0 0 0 0 0 0 0 0 1 0 0 0 2 0 0 0 0 2 0 3 2 0 3 3 3 0 0 0 0 0 0 0 3 0 1 0 0 0 0 0 0 0 0 0 0 3 0 0 0 0 2 3 0 0 0 0 0 9 8 47 0 0 0 28 12 16 15 0 0 5 37 3 18 11 15 12 14 0 0 0 0 0 0 0 0 0 0 0 0 0 0 0 0 0 0 0 0 0 0 0 0 2 0 0 2 2 0 0 0 0 0 0 0 0 0 0 0 0 0 0 0 0 7 0 0 0 0 0 0 0 0 0 9 0 0 5 0 10 53 10 0 0 1 14 12 40 25 0 0 34 10 0 0 15 9 2 0 0 2 0 0 0 0 0 0 0 0 0 0 0 0 0 0 0 0 0 0 0 0 0 0 0 20 3 0 0 0 1 2 0 1 0 0 0 0 0 0 0 0 0 0 0 1 0 0 0 2 0 0 23 0 0 0 0 0 0 0 0 0 0 0 0 0 88 1 0 59 0 6 0 0 0 0 0 0 0 0 0 0 9 0 0 0 0 0 0 0 0 0 0 0 0 29 0 11 0 0 0 0 0 0 0 0 0 0 0 0 
 2 0 0 2 365 85 2 64 108 2 1 77 1 0 2 0 1 50 0 0 0 83 297 113 41 244 157 222 35 126 334 75 182 46 110 23 74 17 137 30 1 5 0 0 5 4 3 48 2 65 8 0 0 4 0 5 4 87 0 1 2 1 0 5 0 5 0 0 5 2 0 2 2 0 5 3 0 5 2 5 0 0 0 0 0 17 0 0 1 0 0 0 0 0 0 1 0 0 0 0 1 25 31 18 49 0 30 55 28 0 0 0 7 1 47 52 29 14 16 25 0 0 0 14 0 0 0 0 0 0 0 0 11 0 0 1 0 0 0 0 0 0 0 0 0 0 0 0 0 0 0 0 0 0 0 0 0 0 0 0 0 0 0 0 0 12 4 6 0 0 0 0 0 0 0 1 0 12 0 0 0 10 20 55 0 0 48 0 0 8 0 2 8 23 20 15 0 23 37 37 0 0 0 0 0 0 0 13 0 0 0 15 22 0 0 0 0 0 0 0 0 0 17 0 1 9 0 0 0 0 0 16 2 0 10 0 0 0 0 0 0 0 0 0 0 0 0 0 66 0 8 0 0 0 11 0 0 0 0 1 12 2 0 0 0 0 18 0 0 0 1 0 0 0 1 0 14 0 0 0 0 0 1 0 0 0 0 0 0 0 
 0 0 2 0 0 0 0 0 0 1 0 0 0 0 2 0 0 0 80 0 83 0 168 233 194 37 338 202 149 357 105 205 37 93 131 94 146 38 149 131 0 22 0 0 0 3 3 0 0 0 6 0 2 0 0 0 0 0 1 0 3 2 0 10 52 3 0 3 3 2 0 2 2 2 7 0 1 5 2 3 0 0 0 0 0 0 0 0 0 0 0 0 1 0 0 0 0 0 0 0 0 17 11 3 25 17 11 73 5 15 27 10 6 20 15 20 39 1 0 0 50 0 0 0 0 0 0 0 0 0 0 2 27 0 0 0 0 0 0 5 0 0 0 1 0 0 0 0 0 0 0 0 0 0 0 0 0 0 0 0 0 0 0 0 0 0 0 0 0 0 0 0 0 0 1 0 0 0 0 0 58 25 1 40 15 0 22 26 1 29 45 53 20 9 0 22 55 3 0 20 0 18 0 0 0 0 0 0 0 1 0 0 0 0 0 0 0 0 9 17 0 0 0 0 0 0 0 0 0 0 0 17 0 0 0 0 0 0 0 0 0 0 0 0 0 0 1 0 0 0 0 0 0 0 16 0 1 43 1 0 1 0 0 0 0 0 1 0 0 0 0 0 0 0 0 0 0 0 0 0 0 8 0 0 0 0 0 0 0 0 
 1 2 2 2 0 2 8 1 6 5 1 1 2 2 5 2 1 1 2 3 297 168 0 279 97 181 148 87 181 236 30 109 71 86 41 236 133 122 67 98 0 1 0 0 0 0 70 0 0 0 0 0 66 0 0 0 0 0 7 0 53 0 55 3 0 3 0 0 2 44 0 0 0 0 0 0 0 8 2 3 0 0 0 0 0 0 0 0 0 0 0 8 0 0 0 0 0 0 0 0 0 33 23 7 0 13 0 1 10 47 33 14 0 13 9 23 27 11 0 0 24 0 0 0 0 0 0 11 0 0 0 0 4 12 0 0 0 0 3 17 0 0 1 7 2 0 0 0 0 0 0 0 0 0 0 0 0 0 0 0 0 0 0 2 0 0 0 14 0 0 0 0 5 0 0 0 0 2 0 12 11 11 16 12 15 51 0 19 73 36 0 60 22 0 0 13 34 22 0 0 11 0 0 0 0 0 1 0 0 0 2 0 0 13 18 0 0 0 13 25 0 1 0 0 0 0 0 0 0 0 0 0 0 0 0 0 0 0 0 0 0 0 13 0 0 0 0 0 0 2 0 0 0 0 11 0 0 7 81 2 2 2 0 0 0 0 0 0 0 0 0 0 0 0 0 0 0 0 0 0 0 5 0 0 0 0 0 0 0 0 
 0 2 0 2 3 0 2 0 0 0 1 0 0 0 205 0 0 0 0 0 113 233 279 0 315 189 116 242 147 402 42 79 496 168 73 242 73 212 82 182 2 29 0 0 2 0 69 68 0 3 211 0 81 64 0 0 212 0 0 62 2 0 0 3 1 5 0 0 2 0 1 2 0 0 0 0 0 5 2 3 0 0 0 0 0 0 0 0 0 0 0 0 0 0 0 0 0 0 0 0 0 11 15 12 0 16 0 17 14 0 11 8 1 22 17 7 18 0 0 0 12 0 0 0 0 0 10 29 6 15 0 0 0 8 0 7 0 0 33 0 0 0 0 2 0 0 0 0 0 0 0 0 0 0 0 0 0 0 0 0 0 0 0 7 0 0 0 0 0 0 0 0 3 18 0 0 0 19 0 0 19 8 0 2 0 25 3 13 24 36 9 0 7 0 0 1 23 32 0 1 10 0 0 2 0 0 34 6 0 0 0 0 0 15 10 0 0 0 1 0 0 0 0 0 0 0 0 0 2 0 0 2 0 0 0 0 0 0 0 0 0 0 0 0 0 0 0 0 0 0 0 0 0 0 13 1 4 76 1 0 2 0 0 0 0 0 0 0 0 0 0 0 0 0 0 0 0 0 0 0 0 8 0 0 2 19 18 0 0 0 
 0 0 1 0 0 0 0 0 3 77 0 0 1 0 0 0 0 0 0 0 41 194 97 315 0 140 130 279 356 595 414 169 70 270 152 68 295 55 79 82 0 2 0 0 0 0 3 61 0 0 4 0 62 91 66 21 0 0 67 125 1 0 0 3 0 3 0 0 2 0 0 0 0 0 0 0 0 3 2 3 0 0 0 0 0 0 0 0 0 0 0 0 0 0 0 0 0 0 0 2 0 30 28 0 20 42 0 0 0 26 12 18 0 0 10 0 7 22 0 0 26 0 8 0 9 1 9 24 0 13 0 0 29 22 12 0 23 13 11 1 0 0 0 0 0 0 0 0 0 0 0 0 0 0 0 0 0 0 12 0 0 0 0 1 0 0 0 0 0 0 2 0 0 1 0 0 0 0 8 0 12 0 22 12 7 32 0 2 0 0 10 10 0 2 4 36 12 1 0 0 11 15 21 0 0 0 13 23 12 11 8 0 1 44 19 8 10 0 67 41 0 0 0 0 0 0 0 0 0 0 0 0 0 1 0 0 0 0 1 0 0 0 14 0 0 0 0 0 0 0 0 0 0 0 0 2 3 0 3 0 2 2 0 0 0 0 0 0 0 0 0 0 0 0 0 0 0 0 0 0 0 0 0 0 0 13 0 0 0 0 
 0 2 0 2 0 0 2 0 0 2 0 0 0 2 0 0 2 2 0 0 244 37 181 189 140 0 52 28 125 136 98 147 48 212 220 293 83 140 48 48 0 0 61 0 0 0 65 1 0 62 0 0 32 0 125 90 0 0 22 1 2 0 0 3 0 3 0 0 2 0 0 1 0 0 0 0 0 3 2 3 0 0 0 0 0 0 0 0 0 0 0 0 1 0 0 0 0 0 0 0 0 0 25 0 0 0 0 0 0 73 0 28 0 12 0 0 0 11 0 0 7 0 48 0 8 0 12 3 0 0 0 2 9 52 17 0 0 13 10 1 0 0 4 0 0 0 0 0 0 0 0 0 0 0 0 0 0 0 11 0 0 0 0 1 0 0 0 0 0 0 0 0 6 0 0 0 0 0 0 1 0 0 0 18 39 3 0 0 11 20 10 15 0 0 1 0 19 1 0 0 19 22 0 29 0 0 1 1 11 9 12 0 17 0 7 0 18 0 20 11 0 0 0 0 0 0 0 0 0 0 0 0 0 0 0 0 0 0 0 0 0 0 0 0 0 0 0 0 0 0 0 0 0 0 12 0 4 74 0 0 1 0 0 0 0 0 0 0 0 0 0 0 0 0 0 0 0 0 0 0 0 0 0 0 0 0 0 0 0 0 
 1 2 1 24 107 74 0 2 0 3 48 73 0 0 0 0 3 0 0 0 157 338 148 116 130 52 0 186 228 150 108 132 97 319 264 338 104 23 241 304 0 0 0 0 0 2 3 0 0 0 0 0 0 56 0 0 0 0 63 3 1 0 0 3 0 3 0 0 2 0 0 0 0 0 2 0 0 3 1 3 0 0 1 13 24 37 0 0 0 0 0 0 0 2 0 0 0 16 0 0 19 13 18 1 0 0 13 23 44 18 12 0 23 37 29 77 27 13 1 1 10 0 0 0 0 0 0 0 0 0 0 0 39 2 0 23 0 0 0 0 0 0 0 0 0 0 0 0 0 0 0 0 0 0 0 0 0 0 0 0 0 0 0 6 0 15 0 2 0 8 0 0 1 6 0 1 0 0 0 0 37 18 0 13 0 0 7 33 0 26 17 10 11 14 13 22 4 0 15 44 0 0 0 0 0 0 0 0 0 0 0 0 0 2 0 2 0 0 0 82 0 0 0 1 0 0 0 2 0 0 1 10 0 0 0 0 0 0 0 0 0 18 0 0 0 0 0 0 0 0 0 0 0 0 7 0 4 80 76 0 0 0 0 0 0 0 0 0 0 0 0 0 0 0 0 0 0 0 0 0 0 1 0 0 0 0 0 0 0 0 
 1 0 0 1 72 0 0 0 4 0 0 79 2 0 2 2 0 0 0 0 222 202 87 242 279 28 186 0 241 229 35 129 202 152 153 368 283 69 401 45 0 0 0 0 0 5 3 0 0 0 0 0 0 0 2 0 0 0 0 0 0 0 2 3 0 3 0 0 2 0 0 0 0 0 0 1 0 3 2 3 0 0 0 0 15 7 0 0 0 24 0 0 0 0 0 0 0 0 0 0 1 8 2 3 33 0 11 46 18 0 9 0 17 11 43 32 13 0 14 16 10 0 0 0 0 0 0 19 0 0 0 0 0 0 0 0 0 1 0 0 0 0 0 0 0 0 0 0 0 0 0 1 1 0 0 0 0 3 0 0 2 0 0 0 0 15 0 3 0 0 0 1 0 0 0 0 0 0 0 0 17 11 1 63 1 0 20 35 47 62 21 9 33 25 8 20 37 8 18 22 0 0 0 0 0 0 0 1 0 0 0 0 0 0 0 0 0 0 0 0 0 0 1 0 0 0 0 0 0 2 0 11 0 0 0 0 0 0 0 0 0 0 0 0 0 0 0 0 0 0 0 0 0 0 26 2 0 12 0 2 0 12 0 0 0 0 12 0 0 0 0 0 0 0 0 0 0 0 0 0 0 9 0 2 0 0 0 0 0 0 
 2 0 0 0 2 0 0 1 0 0 0 0 0 0 2 0 0 0 0 0 35 149 181 147 356 125 228 241 0 537 181 578 309 113 145 47 430 190 166 306 0 0 0 0 0 0 3 0 0 0 0 0 63 0 0 0 3 0 79 0 0 0 0 3 0 3 0 0 2 0 0 0 54 0 0 0 0 3 2 3 0 0 0 0 0 0 0 0 0 0 0 0 0 0 1 0 0 0 0 0 0 59 35 37 26 11 10 22 13 37 62 14 1 11 44 22 60 24 0 0 0 0 0 0 0 0 15 19 0 0 0 0 31 0 10 0 0 0 1 15 0 0 8 0 0 0 0 0 1 0 0 0 0 0 0 6 0 0 0 0 0 0 0 0 0 0 0 0 0 0 0 2 0 0 0 0 0 0 0 0 19 15 1 54 40 9 0 11 2 8 58 1 1 0 0 24 13 0 0 10 13 0 1 0 0 0 0 9 0 0 0 0 0 1 0 0 0 0 16 39 0 0 0 0 0 0 0 0 0 0 0 0 0 0 0 0 0 1 0 0 0 0 1 0 0 0 0 0 0 0 0 0 0 0 5 0 1 154 13 1 3 0 0 0 0 0 20 0 0 0 0 0 0 0 0 0 0 0 0 0 0 0 0 0 0 0 0 0 0 0 
 2 5 0 3 7 0 2 0 207 0 0 2 1 0 0 4 39 130 0 0 126 357 236 402 595 136 150 229 537 0 152 149 54 228 133 289 206 77 202 250 0 0 3 0 0 0 3 0 0 0 4 0 0 0 0 0 3 2 0 0 53 0 0 3 0 3 0 0 2 0 0 0 0 1 0 0 0 3 0 3 0 0 0 0 0 10 0 0 0 0 0 0 0 0 0 0 0 0 0 0 1 10 21 2 28 0 2 21 15 10 9 1 12 29 37 37 53 0 0 0 12 0 0 1 0 0 0 13 0 0 0 0 1 0 0 0 0 0 0 0 0 0 0 1 0 1 0 0 0 0 0 0 0 0 0 0 0 10 0 0 1 0 0 2 0 2 1 0 0 0 0 0 1 0 0 7 0 0 0 0 37 27 1 24 4 0 12 32 13 37 21 9 37 14 6 1 63 1 0 14 0 0 0 0 0 2 0 2 0 0 0 0 0 0 0 0 0 0 13 29 0 0 0 0 0 0 1 0 0 0 0 12 0 0 0 0 0 0 0 0 0 0 0 0 0 0 0 1 0 0 0 0 0 0 10 2 5 84 75 0 3 3 0 0 0 0 3 0 0 0 0 0 0 0 0 0 0 0 0 0 0 7 0 0 0 0 0 0 0 0 
 2 2 0 0 215 0 3 0 3 3 0 74 0 0 0 64 0 0 0 0 334 105 30 42 414 98 108 35 181 152 0 227 54 31 121 85 174 122 446 104 0 0 0 0 0 0 3 0 0 0 75 0 55 57 0 0 0 0 62 0 0 0 0 3 0 3 0 0 2 0 0 0 0 0 0 0 0 3 2 3 0 0 0 0 0 0 0 0 0 0 1 0 0 0 0 0 0 0 0 0 37 29 25 35 26 9 0 12 0 21 26 22 0 2 8 41 7 54 0 12 18 0 31 0 0 0 25 14 0 0 0 0 39 10 0 0 8 0 12 0 0 0 7 0 1 0 0 0 0 0 0 0 0 0 0 4 0 2 0 0 0 0 0 0 0 0 0 0 0 0 0 0 1 3 9 13 0 0 0 0 10 0 42 10 33 6 0 0 0 0 26 20 0 0 15 22 11 0 0 10 8 0 8 0 0 0 10 17 0 0 0 0 1 0 15 0 10 0 0 8 0 0 0 0 0 0 0 0 0 0 0 0 0 0 0 0 0 0 0 0 0 0 0 0 0 0 0 0 0 0 0 0 0 0 15 0 4 42 2 0 2 0 0 0 0 72 7 0 0 0 0 0 0 0 0 0 0 0 0 0 0 0 0 0 0 2 0 0 0 0 
 4 83 3 4 3 1 3 2 1 3 2 2 2 3 1 3 3 2 2 1 75 205 109 79 169 147 132 129 578 149 227 0 31 190 185 139 153 67 44 142 0 0 0 0 0 0 3 3 0 0 4 0 0 66 56 0 0 0 63 0 0 6 0 3 0 3 0 0 3 4 0 3 2 0 3 0 55 3 2 3 0 0 0 0 0 0 0 0 0 0 0 0 0 0 0 0 0 0 0 0 0 54 53 12 15 64 1 25 18 39 25 1 0 14 27 13 42 23 0 0 10 0 0 0 0 0 0 4 0 0 0 0 48 10 10 0 0 0 0 1 0 0 0 0 0 0 0 0 0 0 0 0 1 0 0 14 0 0 0 0 0 0 0 0 0 0 0 1 0 0 0 0 0 0 0 0 0 0 0 0 32 0 33 47 0 0 0 0 1 45 9 30 0 0 1 30 14 0 17 0 5 0 1 1 0 0 0 0 0 0 0 0 20 30 0 20 0 0 10 36 0 0 0 0 0 0 0 0 1 0 0 0 0 0 0 0 0 0 1 0 0 0 14 0 0 0 0 0 0 0 0 0 0 0 9 0 3 73 5 2 8 0 0 0 0 0 15 0 0 0 0 0 0 0 0 0 0 0 0 0 0 0 0 0 0 0 0 0 0 0 
 3 0 0 0 224 219 4 0 71 84 3 139 0 0 2 0 0 96 2 0 182 37 71 496 70 48 97 202 309 54 54 31 0 168 21 64 39 24 228 273 0 0 202 0 0 4 3 0 0 0 202 0 0 2 0 0 202 0 0 0 0 0 0 3 0 3 0 0 2 0 0 0 0 0 0 0 0 3 0 55 0 0 0 0 1 19 0 0 0 0 12 0 0 0 0 10 2 0 0 0 18 44 0 0 15 0 21 28 9 0 0 0 68 13 0 10 0 0 0 104 0 13 0 0 0 0 0 0 0 1 0 0 0 0 0 0 0 0 0 0 0 0 0 0 0 0 0 0 0 4 0 3 0 0 0 0 0 0 0 0 0 0 21 8 13 0 4 4 1 0 27 0 0 0 0 10 0 1 2 0 29 23 0 0 0 0 29 9 27 0 1 20 1 11 0 0 0 28 40 41 0 0 0 0 1 0 0 0 0 0 0 0 0 0 2 0 0 0 1 0 0 0 0 0 0 0 0 0 0 0 0 0 0 0 0 0 0 0 0 10 0 0 0 0 0 0 0 0 77 0 10 0 10 0 5 2 2 0 1 1 10 0 0 0 0 0 0 0 0 0 0 0 1 0 0 0 9 0 0 0 0 14 0 0 0 0 0 0 0 0 
 0 0 0 76 33 0 0 0 0 0 76 60 0 0 2 2 0 0 0 0 46 93 86 168 270 212 319 152 113 228 31 190 168 0 306 198 273 219 117 114 0 1 0 0 0 0 3 0 0 0 0 0 0 13 0 0 0 0 0 0 1 0 0 3 0 3 0 0 2 0 0 0 0 0 0 0 0 3 2 3 0 0 0 0 15 25 0 0 0 0 0 0 0 0 0 0 0 8 0 0 3 24 57 25 0 0 14 1 12 59 33 0 8 21 23 0 45 0 0 39 15 0 0 0 0 0 2 0 0 0 0 0 12 0 0 0 0 0 10 0 0 0 2 4 7 0 0 18 0 0 0 23 0 0 0 3 0 0 0 0 0 0 0 0 0 0 0 0 0 0 0 0 1 0 0 0 0 1 16 0 18 12 28 16 0 0 0 0 34 0 24 32 0 10 0 33 6 20 8 8 0 0 0 0 0 0 9 0 0 0 2 0 0 5 0 0 15 0 11 10 0 2 0 0 0 0 0 0 0 0 0 0 0 0 0 0 0 0 0 0 0 0 0 0 0 0 0 0 0 0 0 0 0 0 9 0 0 38 3 2 0 4 0 0 0 0 0 0 0 0 0 0 0 0 0 0 0 0 0 0 0 10 0 0 0 0 0 0 0 0 
 0 0 1 3 3 0 0 0 2 0 0 150 0 0 4 1 3 0 0 0 110 131 41 73 152 220 264 153 145 133 121 185 21 306 0 98 281 114 67 369 0 0 0 0 0 5 3 0 203 0 0 0 60 3 0 0 0 0 63 0 0 0 0 3 0 3 0 0 2 0 27 0 0 0 0 0 0 3 2 3 0 0 11 0 1 0 0 0 1 0 0 0 0 0 0 0 0 0 0 0 0 2 14 35 2 0 0 14 0 42 2 16 0 17 17 49 41 0 0 12 1 0 0 2 0 0 11 10 0 0 0 0 1 0 0 1 0 0 15 22 0 0 3 2 3 2 2 0 2 3 20 0 0 0 0 6 2 0 0 0 0 0 0 3 0 0 0 0 0 0 0 0 0 0 0 0 0 0 0 0 12 12 30 20 0 0 0 0 52 31 15 45 0 10 0 9 18 13 13 0 1 0 0 0 0 1 8 0 0 0 0 0 29 0 0 0 0 0 14 18 0 0 0 0 1 0 1 0 0 0 0 0 0 0 0 2 0 0 0 3 0 0 0 0 0 0 0 0 0 0 0 0 0 0 11 0 3 78 0 1 0 10 0 0 0 0 0 0 0 0 0 0 0 0 2 0 0 0 0 10 0 11 0 0 0 0 0 0 0 0 
 2 2 2 39 118 2 15 2 2 2 2 76 2 4 4 5 6 2 5 2 23 94 236 242 68 293 338 368 47 289 85 139 64 198 98 0 178 400 27 211 207 0 0 0 0 13 65 0 0 0 0 0 63 22 0 3 0 0 0 0 62 0 3 3 0 3 0 0 2 0 0 0 0 0 0 0 0 3 2 3 0 0 2 0 0 2 0 0 0 0 0 8 0 1 0 0 0 0 0 0 12 0 14 1 0 0 17 42 14 32 0 13 7 57 1 32 18 2 0 20 2 0 0 0 0 0 0 12 0 0 0 0 4 11 0 0 0 0 16 0 0 0 0 1 0 0 0 0 0 0 0 0 0 0 0 0 0 0 0 0 0 0 0 2 0 0 0 1 0 0 0 0 4 0 0 0 0 0 0 0 47 57 0 15 11 11 18 47 31 33 11 18 31 23 0 18 37 16 14 17 0 0 0 0 0 0 0 0 0 0 0 0 0 1 12 1 0 0 2 0 0 0 0 2 0 0 0 1 0 0 2 13 0 0 0 0 0 0 0 0 0 0 0 0 0 74 0 0 0 0 0 0 0 0 9 0 0 116 0 0 2 2 0 0 0 0 0 0 0 0 0 0 0 0 0 0 0 0 0 0 0 13 0 0 0 0 0 0 0 0 
 0 1 0 2 1 0 0 0 0 0 1 0 0 0 1 0 0 0 0 0 74 146 133 73 295 83 104 283 430 206 174 153 39 273 281 178 0 209 24 36 0 0 0 0 7 0 6 0 0 0 0 0 0 0 2 0 5 0 5 0 0 0 0 3 0 3 0 0 53 0 0 0 0 0 0 3 0 3 2 3 0 0 0 0 0 0 0 0 0 0 0 0 0 0 0 0 0 0 0 0 0 33 37 35 1 0 0 14 14 47 65 18 0 10 49 36 34 14 0 0 10 0 1 0 0 0 2 16 0 0 0 0 42 15 0 0 0 0 0 39 0 0 0 8 1 0 0 0 0 0 0 0 1 0 0 0 0 2 0 0 0 0 0 0 0 0 0 0 0 0 0 0 0 0 0 0 0 0 1 0 27 18 28 33 15 21 0 35 22 31 19 5 19 0 2 8 22 20 0 0 4 0 0 0 1 0 0 9 0 0 0 0 16 0 1 0 0 0 59 12 0 0 0 0 0 0 0 0 0 0 0 0 0 0 0 0 0 0 0 0 0 0 0 0 0 0 0 0 0 0 0 0 0 0 3 0 0 1 42 1 2 0 0 0 0 0 23 0 0 0 0 0 0 0 0 0 0 0 0 3 0 6 0 0 0 10 0 0 0 0 
 0 2 1 0 3 0 0 0 73 4 0 0 0 0 2 1 2 0 0 0 17 38 122 212 55 140 23 69 190 77 122 67 24 219 114 400 209 0 32 72 208 0 0 0 0 0 33 0 0 3 0 0 101 0 66 0 13 0 5 0 0 0 0 3 0 3 0 0 2 0 0 0 0 0 48 0 0 3 2 3 0 0 0 0 0 0 0 1 0 0 0 0 0 0 0 0 0 0 0 1 1 7 14 40 11 0 12 0 1 29 23 36 7 11 0 7 0 0 0 0 7 0 0 0 0 2 33 14 11 0 0 0 0 9 0 0 1 0 24 13 0 0 37 0 4 0 0 0 0 0 0 0 0 0 0 13 0 0 0 0 0 10 0 1 0 0 0 0 0 0 0 0 3 0 0 0 0 0 0 0 0 8 18 10 12 13 0 9 0 12 46 43 0 11 0 1 2 0 0 1 11 0 0 0 0 0 20 9 0 0 0 0 0 0 15 0 0 0 23 28 0 0 0 10 0 0 0 0 12 0 0 0 0 2 0 0 0 0 0 1 0 0 0 0 0 0 0 0 0 0 0 0 0 2 3 0 0 115 76 0 77 16 0 0 0 0 1 0 0 0 0 0 0 0 0 0 0 0 0 7 0 0 0 0 0 0 0 0 0 0 
 0 0 0 2 76 82 4 0 2 1 0 75 0 0 0 1 2 74 0 0 137 149 67 82 79 48 241 401 166 202 446 44 228 117 67 27 24 32 0 355 1 1 0 0 0 5 3 3 1 0 6 1 0 68 0 1 0 3 0 0 2 2 0 3 0 3 0 0 3 0 0 4 2 0 0 0 0 3 2 3 0 1 0 0 18 14 0 0 0 0 0 0 0 0 0 0 0 0 0 0 0 0 0 0 3 0 11 53 38 0 12 0 27 11 11 10 8 13 33 4 0 0 0 0 0 0 11 0 0 0 0 0 0 0 0 0 13 2 0 0 0 0 0 0 0 0 0 0 0 0 0 1 1 0 0 0 0 1 0 0 0 0 1 0 8 16 0 4 0 2 0 17 0 0 0 1 0 0 0 0 10 15 0 26 0 0 26 22 0 38 17 0 44 18 10 35 21 13 23 92 0 0 0 0 0 0 0 0 0 0 0 0 0 0 0 0 0 19 0 0 0 0 0 0 0 0 0 0 0 0 0 13 0 15 0 0 0 0 0 11 0 0 0 0 0 0 0 0 0 0 0 0 14 0 9 1 1 1 0 2 3 1 0 0 2 0 0 0 62 0 0 0 2 0 0 0 0 0 0 0 0 1 0 0 0 0 0 0 0 0 
 0 0 77 73 24 85 0 2 77 6 79 0 0 0 2 1 0 18 0 0 30 131 98 182 82 48 304 45 306 250 104 142 273 114 369 211 36 72 355 0 0 0 0 0 0 0 3 62 0 0 0 0 0 5 0 0 0 0 0 0 1 0 0 3 0 3 0 0 2 0 0 0 39 0 0 0 0 3 2 3 0 0 0 9 15 30 0 18 0 0 0 0 0 0 0 9 0 3 0 0 14 24 10 20 1 0 15 17 10 0 32 0 0 4 17 26 32 17 13 14 16 0 0 0 0 0 0 0 0 0 0 0 34 0 0 0 0 0 0 0 0 0 0 7 2 0 0 0 0 0 0 0 0 0 0 0 0 0 0 0 0 0 0 12 31 0 0 0 0 0 0 16 0 3 3 3 14 0 0 0 77 46 32 16 0 0 0 36 60 45 12 0 20 7 10 23 37 25 0 26 0 0 0 0 0 0 0 0 0 0 0 0 0 0 0 0 0 0 0 0 0 0 0 0 0 0 0 0 11 0 11 0 16 0 0 0 0 0 0 10 0 19 0 0 0 0 0 0 0 0 0 1 7 0 8 0 0 2 39 1 0 0 0 0 0 0 0 0 0 0 0 0 0 0 0 0 0 0 0 0 0 4 0 0 0 0 0 0 0 0 
 2 2 2 4 5 2 3 2 2 6 2 2 2 3 2 2 3 2 2 2 1 0 0 2 0 0 0 0 0 0 0 0 0 0 0 207 0 208 1 0 0 243 76 339 183 355 414 278 174 42 36 34 42 101 44 121 54 103 46 163 0 0 0 2 0 0 0 0 0 0 0 0 0 0 0 0 55 4 0 0 0 0 0 0 0 0 0 0 0 0 0 0 0 0 0 0 0 0 0 0 0 0 0 0 1 0 0 0 0 0 0 0 0 0 0 0 0 0 0 0 1 16 14 4 9 0 15 10 19 10 1 0 7 2 0 15 17 9 7 0 0 9 0 0 0 0 0 0 0 0 0 0 0 9 0 0 0 0 0 0 22 0 0 1 0 0 0 0 0 0 5 0 0 0 0 0 0 3 0 18 0 0 0 0 1 0 0 0 0 0 0 0 0 0 0 0 0 0 0 0 10 29 20 1 4 0 3 0 0 8 9 19 10 0 14 1 14 9 0 1 0 0 0 0 0 0 18 0 0 0 0 0 9 0 0 1 0 0 0 0 0 0 0 0 0 0 0 0 0 0 0 7 0 1 0 0 0 0 0 21 0 0 65 0 0 3 0 0 0 0 0 0 0 0 0 0 0 0 0 0 0 0 0 0 0 0 0 0 0 0 
 0 3 0 2 0 0 0 0 2 0 0 0 0 0 0 11 0 0 0 0 5 22 1 29 2 0 0 0 0 0 0 0 0 1 0 0 0 0 1 0 243 0 210 288 27 118 111 186 212 39 37 55 42 35 53 204 35 143 333 170 0 0 0 1 0 4 0 5 5 1 1 1 0 0 2 1 0 1 0 0 0 0 0 0 0 0 0 0 0 0 0 0 0 0 0 0 0 0 0 0 0 0 0 0 9 31 0 0 0 0 0 1 0 0 0 0 0 0 0 0 30 17 8 0 8 0 11 1 26 25 0 0 7 0 0 0 22 22 34 11 0 0 0 0 0 0 0 0 0 0 0 0 0 0 0 0 0 0 0 0 0 0 0 2 0 0 0 0 0 0 5 0 0 0 0 0 0 2 0 0 0 0 0 0 10 15 0 0 0 0 0 1 5 0 0 0 0 24 0 0 22 28 11 0 23 0 34 0 0 0 13 18 17 15 0 1 35 10 1 0 0 0 0 0 0 0 0 0 0 0 0 0 21 0 0 0 0 0 0 0 0 0 0 0 0 0 0 0 0 0 0 8 0 0 0 0 2 0 1 9 0 0 2 0 0 0 0 0 0 0 0 0 0 0 0 0 0 0 0 0 0 0 0 0 18 32 18 0 0 0 
 8 3 3 5 9 3 3 3 3 3 3 3 3 3 3 5 5 3 3 3 0 0 0 0 0 61 0 0 0 3 0 0 202 0 0 0 0 0 0 0 76 210 0 301 53 50 128 464 213 339 521 260 144 270 155 98 532 459 55 43 19 5 0 0 0 0 1 0 1 2 0 2 54 0 29 2 1 2 0 0 0 0 0 0 0 0 1 0 0 0 0 0 0 0 0 0 0 0 0 0 0 0 0 0 1 1 0 0 0 0 0 0 0 0 0 0 0 0 0 0 0 40 9 14 49 14 0 0 16 12 0 9 0 4 12 18 0 29 0 49 5 0 0 3 0 10 13 0 0 0 2 0 5 0 15 15 5 0 7 0 0 0 0 1 0 0 0 0 0 1 0 0 0 0 0 0 0 0 0 0 0 0 0 0 0 0 0 0 0 0 0 0 0 0 0 0 0 0 0 0 0 22 24 68 0 45 0 14 83 0 0 3 18 0 15 13 13 14 0 35 0 15 12 0 0 0 0 10 0 2 1 0 55 0 28 3 0 0 25 3 0 0 0 0 0 0 0 0 0 19 0 14 0 2 0 0 0 0 0 2 0 0 3 1 2 2 0 0 2 0 0 0 0 0 0 0 0 0 0 0 0 0 0 0 0 0 0 20 0 0 
 3 3 3 4 3 2 3 3 4 3 3 3 2 3 2 3 3 2 3 2 0 0 0 0 0 0 0 0 0 0 0 0 0 0 0 0 0 0 0 0 339 288 301 0 138 50 86 273 87 203 410 112 71 141 76 115 218 97 300 56 0 0 0 3 51 0 2 0 0 0 0 0 50 0 0 0 1 0 0 50 0 0 0 0 0 0 0 0 0 0 0 0 0 0 0 0 0 0 0 0 0 0 0 0 0 0 0 0 0 0 0 0 0 0 10 0 0 0 0 0 0 9 38 22 3 27 13 5 1 0 18 13 0 0 7 20 0 0 0 0 0 8 0 0 0 0 0 0 0 0 0 0 0 19 2 24 0 0 9 11 0 23 0 2 0 0 0 0 0 0 0 0 0 0 0 0 0 1 0 0 0 0 0 0 0 0 0 0 0 0 0 0 0 0 0 0 0 0 0 0 0 0 0 9 12 10 0 18 15 13 19 21 0 16 0 15 6 11 0 0 6 9 0 0 0 0 4 10 0 1 0 0 3 21 15 0 10 4 0 0 0 0 0 0 0 0 0 0 0 0 0 10 1 0 0 0 0 0 0 11 0 0 0 73 63 6 2 0 2 14 16 0 0 0 0 0 0 0 0 0 0 0 0 0 11 0 0 0 2 0 
 0 0 0 0 0 0 0 2 3 0 0 0 0 0 2 6 61 0 0 0 5 0 0 2 0 0 0 0 0 0 0 0 0 0 0 0 7 0 0 0 183 27 53 138 0 292 79 282 79 44 151 315 100 77 90 102 64 47 74 75 63 48 3 2 0 2 0 95 33 0 9 0 60 1 0 88 6 38 0 18 0 0 0 0 0 0 0 0 0 0 0 0 13 0 0 0 0 0 0 0 0 0 0 0 0 0 3 0 0 0 0 0 0 0 0 0 0 0 0 0 0 46 9 20 37 20 0 0 11 8 0 8 0 6 0 6 6 0 0 0 2 20 22 17 3 0 0 7 26 24 0 3 4 8 0 7 7 0 0 19 0 0 0 2 0 0 0 0 4 1 0 0 0 0 0 0 1 0 0 0 0 0 0 0 0 0 0 0 0 0 0 0 0 0 0 0 0 0 0 0 0 0 22 1 1 18 0 0 18 2 0 19 2 0 14 24 6 15 0 0 50 9 13 6 4 37 22 1 0 0 4 0 0 21 0 0 19 0 0 21 0 0 0 0 0 0 0 0 0 0 0 6 0 0 0 0 0 0 0 1 0 0 35 3 3 4 0 3 1 0 0 0 0 1 0 0 0 0 0 0 0 0 0 0 0 0 0 0 2 0 
 3 3 3 5 3 3 3 3 3 2 3 3 3 2 3 3 3 3 3 3 4 3 0 0 0 0 2 5 0 0 0 0 4 0 5 13 0 0 5 0 355 118 50 50 292 0 87 71 83 37 131 45 24 58 68 69 134 88 38 52 2 1 52 6 0 0 51 1 1 32 51 2 2 20 6 62 3 50 55 0 0 0 0 0 0 0 0 0 0 0 0 0 0 0 0 0 0 0 0 0 0 0 0 0 8 0 0 14 0 0 0 0 0 0 8 8 2 0 0 6 0 9 9 18 12 1 0 20 42 0 1 0 0 0 0 9 13 0 0 0 7 11 18 13 0 0 0 17 0 28 0 19 9 9 6 0 0 13 0 1 0 0 0 2 0 0 8 0 3 1 0 0 0 0 0 0 2 0 0 0 0 0 0 0 0 0 0 0 4 4 0 0 21 9 6 0 0 3 0 0 0 0 0 0 3 0 0 0 0 6 0 7 0 0 13 0 9 13 0 0 37 10 15 0 0 0 4 0 10 8 6 0 0 22 13 38 14 0 0 14 0 0 0 0 0 0 0 0 0 0 0 7 0 0 32 0 0 0 0 0 0 0 70 4 4 10 1 0 0 0 0 0 0 10 0 0 0 0 0 0 0 11 0 0 0 0 0 0 0 0 
 3 3 3 5 3 3 3 3 5 3 3 3 3 3 3 3 3 3 3 3 3 3 70 69 3 65 3 3 3 3 3 3 3 3 3 65 6 33 3 3 414 111 128 86 79 87 0 288 105 35 45 260 179 267 104 121 25 240 50 409 22 0 0 0 0 51 0 3 0 0 0 0 0 0 0 0 2 0 0 0 0 10 0 0 0 0 0 0 0 0 0 0 0 0 0 0 0 0 0 0 22 13 0 0 0 0 0 0 0 0 0 10 0 0 0 0 0 0 0 0 17 59 8 4 51 0 21 1 58 17 0 1 8 31 15 14 3 37 9 1 2 4 0 0 0 0 0 0 0 0 0 0 0 0 0 0 3 0 22 0 0 0 0 0 0 0 0 0 0 0 0 0 3 0 0 0 0 0 0 0 0 0 0 10 0 10 0 0 0 10 0 14 0 0 0 0 0 0 0 0 0 12 28 3 0 18 2 0 50 16 15 19 11 0 33 18 1 0 0 25 0 0 0 0 0 0 0 0 0 0 0 0 0 0 0 0 0 0 0 0 0 0 0 0 0 0 0 0 0 0 0 4 0 1 0 0 0 0 0 0 0 0 36 0 0 2 0 0 0 0 0 0 0 0 0 0 0 0 0 0 0 0 0 0 0 0 0 0 0 0 
 6 3 3 5 5 3 2 3 5 1 3 3 3 1 3 3 3 3 2 3 48 0 0 68 61 1 0 0 0 0 0 3 0 0 0 0 0 0 3 62 278 186 464 273 282 71 288 0 136 178 96 26 102 452 117 248 100 147 108 151 0 0 0 3 6 0 0 0 0 2 3 6 0 0 0 0 0 0 205 0 0 0 0 0 0 0 0 21 0 0 0 0 0 0 0 0 0 0 0 0 0 0 0 0 0 12 0 0 0 0 0 9 0 0 0 0 0 0 0 0 7 17 0 46 33 0 9 13 0 18 0 5 0 0 10 20 0 21 3 2 6 1 0 0 0 1 26 0 0 0 0 0 11 0 0 0 12 0 10 0 0 0 0 2 0 0 0 0 0 0 0 0 0 0 0 0 0 0 0 0 0 0 0 0 0 21 0 0 0 0 0 0 0 0 0 0 0 11 0 0 0 14 14 51 19 26 8 13 13 19 8 11 20 42 0 24 24 27 7 5 0 0 0 0 0 0 0 0 12 0 0 1 21 0 0 0 0 0 37 7 0 0 0 0 0 0 0 0 0 0 0 3 0 0 0 0 0 0 0 0 0 0 0 82 1 7 2 0 2 0 0 0 0 0 0 0 0 0 0 0 0 0 0 0 18 3 1 2 3 0 
 0 0 0 0 0 0 0 0 0 0 0 0 30 3 103 7 0 0 0 0 2 0 0 0 0 0 0 0 0 0 0 0 0 0 203 0 0 0 1 0 174 212 213 87 79 83 105 136 0 181 195 61 100 103 98 170 172 137 160 60 74 1 0 4 0 0 58 0 0 0 0 0 44 0 0 0 5 0 53 0 0 0 0 0 0 0 0 0 0 0 0 0 0 6 0 0 0 0 0 0 0 0 0 0 0 0 0 17 0 0 0 0 0 0 0 0 0 0 0 0 0 0 28 17 0 2 12 16 4 46 0 9 0 0 10 30 12 10 0 6 3 0 0 0 0 0 14 0 0 0 31 0 9 11 0 13 2 0 0 15 0 0 0 1 0 0 0 0 0 6 0 0 0 0 0 0 28 0 0 0 0 0 0 0 0 0 36 0 0 0 0 0 0 12 0 0 0 0 0 0 9 20 0 20 8 28 0 9 12 0 0 0 28 0 0 0 28 22 0 6 1 0 0 0 0 0 0 15 18 0 0 0 0 0 13 0 0 0 32 10 0 0 0 0 0 0 0 0 0 0 0 7 0 2 0 0 0 0 0 1 0 0 2 0 0 1 2 1 0 0 0 0 0 0 0 0 0 0 0 0 0 0 0 0 0 10 0 0 1 0 
 0 0 0 0 2 0 0 0 0 0 0 0 0 0 2 10 3 0 0 0 65 0 0 3 0 62 0 0 0 0 0 0 0 0 0 0 0 3 0 0 42 39 339 203 44 37 35 178 181 0 68 96 110 136 96 277 421 83 113 221 0 0 2 0 0 0 0 0 0 0 0 0 0 0 0 0 51 0 0 0 0 0 0 0 0 0 0 0 0 0 0 0 0 0 0 0 0 0 0 0 0 0 0 20 1 33 0 0 1 0 0 0 0 0 0 0 0 31 0 0 0 4 9 21 0 6 24 15 4 0 33 34 0 0 9 55 0 4 7 9 6 0 2 1 0 0 11 0 0 0 0 0 0 12 0 0 2 0 0 0 14 0 0 0 0 0 0 0 0 0 0 0 0 0 0 0 0 8 0 0 0 0 0 0 0 8 0 0 0 0 9 0 0 0 0 0 0 0 0 0 1 20 10 15 17 23 5 76 15 25 3 10 7 26 0 7 22 35 6 13 11 22 0 0 0 23 1 0 10 0 0 0 7 16 0 0 0 0 34 0 0 0 0 0 0 0 0 0 0 0 0 2 1 0 0 0 0 0 2 14 0 0 1 2 2 1 1 65 0 0 0 0 0 0 0 0 0 0 0 0 0 0 0 0 13 15 0 0 1 0 
 0 0 0 0 0 0 0 0 0 0 0 0 0 0 2 33 0 0 0 0 8 6 0 211 4 0 0 0 0 4 75 4 202 0 0 0 0 0 6 0 36 37 521 410 151 131 45 96 195 68 0 50 29 178 270 102 129 183 34 49 54 0 0 3 0 0 0 58 1 0 0 0 162 0 0 4 6 0 6 70 0 0 6 0 0 8 0 0 0 0 0 0 0 0 0 0 0 0 0 0 0 0 0 0 4 0 0 0 0 0 0 4 0 0 4 0 9 0 0 0 2 1 0 13 0 1 7 9 1 20 0 6 5 0 0 11 11 0 0 0 0 6 0 0 0 0 9 0 10 1 9 0 12 12 0 9 0 6 1 10 0 0 0 1 0 0 0 0 7 2 0 0 0 0 0 0 0 0 0 0 0 0 0 0 0 0 0 0 0 3 0 0 3 0 4 0 6 0 14 0 0 0 0 12 0 29 0 0 0 0 0 0 0 0 0 2 11 8 0 0 0 0 0 0 0 0 0 20 0 0 3 0 10 0 17 13 10 10 56 11 0 0 0 0 0 0 0 0 0 0 0 9 0 2 0 0 0 0 0 0 0 0 0 4 14 9 0 1 0 0 0 0 0 0 0 0 0 0 0 0 0 3 0 0 0 0 0 0 0 0 
 0 3 0 2 0 0 0 0 0 0 0 0 0 2 0 1 0 0 0 0 0 0 0 0 0 0 0 0 0 0 0 0 0 0 0 0 0 0 1 0 34 55 260 112 315 45 260 26 61 96 50 0 36 245 30 267 166 134 26 330 6 18 4 0 0 5 3 18 1 1 1 0 0 1 1 0 3 49 1 37 0 4 0 0 0 0 0 0 0 0 0 0 0 0 0 0 0 0 0 0 0 0 0 19 0 0 0 0 0 0 0 0 0 0 0 0 0 0 0 0 0 0 9 18 10 22 0 0 22 0 12 42 51 0 20 22 0 19 0 0 0 4 22 14 3 0 0 0 1 0 0 4 2 20 0 4 0 0 4 2 0 0 0 2 0 0 0 0 25 0 0 0 0 0 0 7 0 0 0 0 0 0 0 0 0 0 0 0 0 0 0 0 0 0 0 0 0 0 0 0 0 0 0 0 47 38 0 0 0 10 20 9 0 1 0 14 0 45 0 0 77 51 23 0 0 0 32 0 7 4 1 0 33 20 0 0 16 0 21 0 0 0 0 0 0 0 0 0 0 0 0 4 0 1 0 0 0 0 0 2 0 29 2 0 1 1 4 66 2 0 10 0 0 0 0 0 0 0 0 0 0 1 0 0 12 0 0 0 0 0 
 0 0 0 2 0 0 6 0 0 0 0 0 80 0 0 0 3 0 0 0 0 2 66 81 62 32 0 0 63 0 55 0 0 0 60 63 0 101 0 0 42 42 144 71 100 24 179 102 100 110 29 36 0 124 167 95 64 27 83 100 5 1 5 0 14 1 0 1 0 2 0 0 4 1 0 2 3 0 0 0 0 0 0 0 0 0 0 0 0 0 0 0 0 0 0 0 0 0 0 0 0 0 0 10 0 1 0 0 0 8 0 35 0 0 0 0 0 10 0 0 13 0 0 6 2 0 22 0 19 2 2 0 7 24 39 20 3 30 9 0 0 4 5 5 3 0 0 0 0 0 0 3 0 0 0 25 0 1 21 0 0 0 0 1 3 0 0 0 0 0 1 0 6 0 0 0 0 0 0 0 0 10 11 0 34 23 0 14 0 18 6 31 0 0 0 0 0 0 0 0 0 7 0 9 0 0 11 6 3 18 37 0 1 1 11 14 0 21 0 3 0 0 4 0 0 5 0 0 1 7 2 0 16 0 0 0 0 0 0 0 0 0 0 0 0 0 0 0 0 0 0 9 9 13 0 0 0 20 0 0 3 0 0 0 0 0 2 0 0 0 0 0 0 0 0 0 0 0 0 0 0 0 0 0 0 2 0 0 0 0 
 3 0 3 6 4 1 0 0 0 0 10 5 0 0 0 63 0 0 0 0 4 0 0 64 91 0 56 0 0 0 57 66 2 13 3 22 0 0 68 5 101 35 270 141 77 58 267 452 103 136 178 245 124 0 73 90 37 98 246 94 6 0 1 0 0 0 0 0 0 0 0 0 0 0 0 0 8 0 0 0 0 0 0 1 4 3 0 0 0 0 0 0 0 0 0 0 0 4 0 0 0 0 0 0 42 12 4 8 0 0 0 0 0 3 0 0 0 16 0 12 16 10 5 29 0 0 21 38 9 0 0 10 12 3 0 26 12 10 18 7 0 0 0 0 0 0 4 0 0 0 0 0 0 0 0 0 0 0 4 0 0 0 0 0 0 0 0 0 0 0 0 0 0 17 0 0 0 0 0 0 8 9 0 0 18 10 0 0 1 0 0 0 0 1 1 0 0 1 4 16 19 10 37 13 0 19 0 38 0 0 0 19 10 10 33 68 27 26 8 15 0 0 0 0 0 0 0 0 0 0 0 0 7 0 0 0 0 0 14 1 0 0 0 0 0 0 0 0 0 0 0 5 0 0 0 0 1 0 1 0 0 0 0 78 0 7 0 0 0 0 0 0 0 0 0 0 0 0 0 0 0 6 0 0 0 1 0 0 0 0 
 0 0 0 0 0 0 56 0 0 2 0 3 0 0 2 0 0 0 0 0 0 0 0 0 66 125 0 2 0 0 0 56 0 0 0 0 2 66 0 0 44 53 155 76 90 68 104 117 98 96 270 30 167 73 0 77 45 77 221 90 5 0 0 0 0 1 0 0 0 0 0 0 0 0 44 0 0 0 0 0 0 0 0 0 0 0 0 0 0 0 0 0 14 1 0 0 0 0 3 0 0 0 0 0 10 25 0 0 0 0 0 0 0 0 0 0 0 0 0 0 2 25 0 0 31 0 0 1 8 0 0 1 11 37 22 1 17 73 0 15 22 1 0 0 0 0 9 0 0 0 0 0 0 0 0 0 0 0 64 0 0 0 0 14 0 0 0 0 0 0 0 0 2 0 0 0 0 0 47 0 0 0 0 0 52 23 0 0 0 0 0 15 0 0 0 0 0 0 0 0 8 3 21 6 17 1 18 0 28 0 0 9 22 14 14 25 29 0 0 9 0 0 0 0 0 0 0 0 0 0 0 21 0 0 0 0 0 0 10 0 0 0 0 0 0 0 0 0 0 0 0 2 0 1 0 0 0 0 0 2 0 0 0 0 0 0 0 0 0 0 0 0 0 0 0 0 0 0 0 0 0 0 0 0 19 0 0 18 0 0 
 3 3 3 3 5 3 53 3 3 3 3 3 3 5 66 11 3 3 10 3 5 0 0 0 21 90 0 0 0 0 0 0 0 0 0 3 0 0 1 0 121 204 98 115 102 69 121 248 170 277 102 267 95 90 77 0 75 377 111 117 0 0 5 0 0 0 0 0 0 0 0 0 0 0 0 0 0 0 0 0 0 26 0 0 0 0 0 0 0 1 0 0 0 0 0 0 0 0 0 0 0 0 0 0 1 1 0 0 0 36 0 8 0 0 0 0 0 0 0 0 27 0 9 27 28 0 40 29 3 49 0 9 0 0 13 27 8 34 0 29 5 0 0 0 0 0 1 0 0 0 0 0 0 0 0 0 5 0 12 0 0 0 0 1 14 0 0 0 0 0 0 0 0 8 0 0 0 0 0 0 0 0 0 0 0 9 0 6 0 0 0 0 0 0 0 0 0 0 0 0 0 20 0 18 0 45 10 14 68 13 17 5 23 30 0 8 21 14 0 30 0 0 0 0 0 0 0 0 0 0 0 0 10 0 0 0 0 0 19 0 0 0 0 0 0 0 0 0 0 0 0 13 0 0 0 0 0 0 0 1 0 0 1 7 0 11 0 0 1 0 0 0 0 0 0 18 0 0 0 0 0 0 0 0 0 24 0 0 1 0 
 0 0 0 2 5 0 6 0 0 0 0 0 0 0 2 0 5 1 64 0 4 0 0 212 0 0 0 0 3 3 0 0 202 0 0 0 5 13 0 0 54 35 532 218 64 134 25 100 172 421 129 166 64 37 45 75 0 482 472 98 0 0 0 4 0 0 0 0 0 0 0 0 51 47 0 0 0 0 0 0 0 0 0 0 0 0 0 0 0 0 0 0 0 0 0 0 0 0 0 0 0 0 0 6 0 0 0 0 0 0 4 0 0 0 0 0 0 1 0 0 1 1 3 7 0 22 7 30 11 11 10 16 10 0 11 7 1 10 0 0 0 0 8 0 0 0 9 0 0 0 0 0 11 3 0 9 0 0 0 0 0 0 0 1 8 0 0 0 0 2 0 13 0 6 0 0 0 11 0 0 0 0 0 6 5 20 0 0 0 11 13 1 0 0 0 0 0 0 0 0 6 0 0 10 10 48 1 11 0 13 15 1 0 19 0 12 4 5 2 12 10 30 0 0 0 0 10 10 0 0 0 0 28 22 9 1 0 0 9 9 0 0 1 0 0 0 0 0 0 0 0 2 0 2 0 0 0 0 2 1 0 1 3 2 0 3 0 2 1 0 14 0 0 0 0 0 0 0 0 0 0 3 0 0 6 0 0 0 0 0 
 0 0 0 0 6 0 0 1 1 2 0 0 0 0 2 10 3 0 0 1 87 0 0 0 0 0 0 0 0 2 0 0 0 0 0 0 0 0 3 0 103 143 459 97 47 88 240 147 137 83 183 134 27 98 77 377 482 0 259 249 0 0 0 12 3 3 3 0 7 0 9 5 0 0 0 0 2 6 0 2 0 0 0 0 0 0 0 0 0 0 0 0 0 0 0 0 0 0 0 0 0 0 0 0 0 0 0 0 0 0 0 0 0 0 0 0 0 0 0 0 0 8 10 48 7 17 0 4 15 11 0 0 0 0 0 16 15 0 0 0 0 0 0 0 0 0 25 0 0 19 0 0 23 10 0 0 0 0 45 0 0 0 0 2 0 0 0 0 0 0 12 0 0 0 0 0 0 0 0 0 0 0 0 0 0 0 0 0 0 0 0 0 0 0 0 0 0 0 0 0 0 0 0 0 18 10 0 0 6 0 10 29 0 18 0 14 16 16 0 0 1 0 0 9 10 19 1 0 0 0 0 0 12 0 0 0 0 0 19 6 0 0 0 0 0 0 0 0 0 0 0 9 0 0 0 0 1 0 0 9 0 0 0 64 5 16 2 0 0 0 1 0 0 0 0 0 0 0 0 0 0 0 0 0 26 15 0 13 0 0 
 0 6 1 0 3 0 7 0 3 1 0 0 0 0 0 0 5 0 0 0 0 1 7 0 67 22 63 0 79 0 62 63 0 0 63 0 5 5 0 0 46 333 55 300 74 38 50 108 160 113 34 26 83 246 221 111 472 259 0 322 0 0 0 0 0 0 0 0 0 0 3 0 0 0 0 0 0 0 0 0 0 0 0 0 9 0 0 0 0 0 0 0 0 0 0 0 0 0 0 0 0 3 1 6 0 17 0 0 12 1 6 0 0 0 0 0 10 14 0 0 35 0 6 0 0 0 24 19 0 13 0 0 1 21 3 0 19 4 0 23 0 0 4 7 0 0 0 0 0 0 0 0 0 0 0 0 0 0 0 0 0 0 0 0 0 0 0 0 0 0 2 0 0 0 0 0 0 0 0 0 0 0 13 5 34 17 0 0 6 6 5 15 0 0 0 1 4 0 0 0 31 12 11 0 0 0 8 57 0 0 0 0 32 1 0 0 19 0 12 5 0 0 0 0 0 0 0 0 0 0 0 0 0 0 0 0 0 0 0 0 0 0 1 0 0 0 0 0 0 0 0 10 0 0 0 0 0 0 8 2 0 0 0 0 0 2 2 0 0 0 0 0 0 0 0 0 0 0 0 0 0 0 0 0 0 0 0 0 0 0 
 0 6 0 0 0 5 2 0 1 6 1 0 0 0 2 0 0 0 0 0 1 0 0 62 125 1 3 0 0 0 0 0 0 0 0 0 0 0 0 0 163 170 43 56 75 52 409 151 60 221 49 330 100 94 90 117 98 249 322 0 0 1 0 0 0 0 0 0 0 2 0 0 0 0 0 0 0 0 0 0 0 0 0 0 0 43 6 0 0 0 0 0 0 0 0 0 0 0 0 0 0 0 0 0 9 17 0 0 0 0 0 14 0 0 0 0 0 0 0 0 11 9 7 1 0 0 15 6 13 15 49 10 26 0 10 39 0 14 0 7 0 0 0 0 0 0 0 0 0 0 0 0 0 0 0 0 0 0 0 0 0 0 0 2 0 0 0 0 0 0 0 0 0 0 0 0 0 3 0 0 12 0 0 0 1 11 0 0 0 0 0 0 0 0 0 0 0 14 0 0 0 24 24 16 0 0 19 29 15 26 48 0 11 26 0 20 12 35 8 7 0 0 0 0 0 0 0 8 0 0 0 0 1 0 0 0 0 0 10 0 0 0 0 0 0 0 0 0 0 0 0 13 0 1 0 0 0 0 0 19 0 0 0 1 0 4 0 0 2 0 0 0 0 0 0 0 0 0 0 0 0 0 0 0 0 26 0 0 0 0 
 4 0 0 51 0 0 0 0 0 47 0 0 0 0 0 0 9 0 0 0 2 3 53 2 1 2 1 0 0 53 0 0 0 1 0 62 0 0 2 1 0 0 19 0 63 2 22 0 74 0 54 6 5 6 5 0 0 0 0 0 0 90 355 77 306 76 141 594 37 101 50 108 130 126 91 72 101 18 56 102 0 0 0 0 0 0 0 0 0 0 0 0 0 0 0 0 0 0 0 0 0 0 0 0 0 0 0 0 0 0 0 0 0 0 0 0 0 0 0 0 0 33 0 1 28 7 0 0 29 1 0 23 0 13 0 3 6 0 0 0 0 1 9 25 0 0 0 6 4 23 41 0 7 10 3 24 0 1 6 48 0 0 0 2 0 0 0 0 0 6 0 0 0 0 0 0 0 0 0 0 0 0 0 0 0 0 0 0 0 0 0 0 0 0 0 0 0 0 0 0 0 5 7 17 2 4 0 0 0 0 0 0 0 0 18 16 3 1 0 16 0 30 10 0 9 19 0 41 27 22 16 0 0 2 15 20 1 0 9 17 9 0 0 0 0 0 0 0 0 0 0 0 0 0 9 0 0 0 0 0 0 0 0 9 51 0 0 0 0 0 1 0 0 2 1 0 0 0 0 0 0 0 0 1 0 0 0 7 0 0 
