 0 230 158 148 117 22 156 152 54 48 36 27 141 126 158 216 367 123 61 53 0 0 2 0 0 0 0 0 2 0 0 0 3 0 0 2 2 2 0 0 0 3 4 0 3 0 3 3 0 0 0 3 3 0 0 0 2 3 0 3 3 0 4 0 0 0 0 0 0 0 0 2 0 2 3 0 0 0 0 0 17 21 0 0 0 12 12 29 2 13 14 0 49 23 13 10 36 40 0 24 0 2 0 0 0 0 0 8 0 0 0 0 0 0 0 0 0 0 0 0 14 0 0 1 0 0 0 0 0 0 0 0 0 1 0 0 0 0 0 0 0 0 0 0 0 0 1 0 0 11 0 0 0 0 0 0 0 10 0 0 34 20 0 0 0 0 0 20 27 1 11 38 4 13 21 19 0 1 23 0 0 0 0 0 9 0 10 0 0 0 0 0 14 6 0 0 0 0 0 0 0 0 0 0 1 0 0 0 0 0 0 0 0 0 0 0 0 1 0 0 0 0 0 0 0 0 2 0 0 0 0 1 0 0 0 0 0 0 0 0 0 10 0 0 0 1 2 2 2 2 2 21 6 0 0 0 0 0 0 0 0 0 0 0 0 0 0 0 0 0 0 0 0 0 0 5 0 0 0 0 0 0 0 0 0 0 0 0 0 0 
 230 0 481 167 226 287 181 321 241 494 206 97 53 126 53 232 93 121 274 42 0 0 2 0 2 0 2 0 0 0 0 0 2 2 0 3 2 2 57 1 0 3 3 0 3 0 3 3 0 0 0 3 3 0 0 2 2 5 0 3 3 12 7 0 0 0 0 0 0 0 0 0 0 2 3 0 1 0 0 0 0 26 20 0 0 10 0 18 9 0 18 15 10 29 29 28 30 42 0 2 6 0 0 0 0 0 0 0 0 0 0 0 30 0 16 0 0 0 0 0 0 1 0 0 0 0 0 0 0 0 0 0 0 0 0 0 0 0 0 0 0 0 0 0 0 0 0 0 0 2 0 0 0 0 0 0 0 1 0 0 0 0 1 0 17 19 0 12 40 35 0 18 0 0 0 0 0 61 0 11 0 0 0 0 0 0 68 3 1 0 0 0 36 13 0 0 0 0 0 0 8 1 0 0 0 0 0 0 0 0 0 0 0 0 0 0 0 0 0 0 0 0 1 0 0 0 0 0 0 1 0 0 0 0 0 0 0 0 0 0 0 1 0 0 1 0 0 0 2 3 5 4 0 0 0 0 0 0 0 0 0 0 3 0 0 0 0 0 0 0 0 0 0 0 2 13 0 0 0 0 0 0 0 0 0 0 0 0 0 2 
 158 481 0 345 54 52 192 86 292 219 139 119 190 152 299 139 357 327 32 145 0 0 2 0 0 0 0 0 0 0 0 0 0 0 0 1 2 3 0 0 0 3 3 0 3 0 2 1 0 0 0 3 3 0 0 0 2 3 0 3 3 0 2 0 0 0 0 0 0 0 0 0 0 3 2 0 0 0 0 0 0 9 10 16 14 0 1 12 57 20 71 35 14 24 12 18 0 12 21 21 14 0 0 0 0 0 0 0 0 0 0 5 0 0 0 0 2 0 0 2 0 0 0 0 0 0 0 0 0 0 0 0 0 0 0 0 0 0 0 0 0 1 0 0 0 0 1 0 0 6 0 0 0 2 0 0 0 0 0 0 0 20 19 17 5 0 0 16 14 41 0 0 2 19 1 10 10 71 0 12 0 0 2 0 0 0 15 0 0 0 0 0 34 0 1 0 0 0 0 1 0 0 0 0 0 0 0 0 0 0 0 0 0 0 0 0 1 0 0 0 0 0 0 0 0 0 0 2 0 0 0 2 0 0 0 0 0 0 0 0 0 0 0 0 0 5 0 0 0 63 15 6 0 0 1 0 0 0 0 0 0 0 9 0 0 0 0 1 0 0 0 0 0 0 0 0 0 0 0 0 0 0 0 0 0 0 0 0 0 0 
 148 167 345 0 209 118 120 85 205 98 94 152 82 61 67 162 160 49 100 67 73 1 2 0 0 233 0 0 0 0 0 0 94 2 0 1 2 3 175 144 0 3 9 0 3 0 3 3 0 0 0 3 3 0 0 0 2 5 0 3 3 0 3 0 0 0 0 0 0 0 0 1 0 3 3 0 0 0 0 0 0 31 14 16 33 19 1 15 21 0 39 0 0 0 0 19 9 26 0 0 10 19 0 0 0 0 29 5 23 0 0 11 30 19 43 0 0 0 20 7 1 0 0 0 0 0 0 0 0 0 0 0 0 0 0 0 0 0 0 0 0 1 0 0 0 0 0 0 0 0 0 0 0 0 0 0 0 0 1 0 0 0 4 10 30 17 0 5 6 0 2 20 0 0 0 10 11 1 1 0 33 0 0 0 0 0 25 18 0 0 21 0 0 29 9 10 31 0 17 11 0 0 0 0 0 0 11 0 0 15 0 0 0 0 1 0 0 0 0 0 0 0 0 0 0 0 0 1 0 1 0 0 0 0 0 0 7 0 0 0 0 0 9 0 0 3 81 0 3 1 2 4 11 0 0 0 0 0 0 0 0 0 0 0 0 0 0 0 0 0 0 0 0 0 0 0 7 0 0 0 0 0 0 0 0 0 0 0 0 0 
 117 226 54 209 0 140 275 69 213 89 142 307 86 123 63 111 155 111 75 288 82 3 76 1 5 0 67 73 97 2 3 2 150 0 0 0 105 81 89 0 2 3 6 0 3 46 3 2 0 0 0 5 3 0 0 0 2 3 0 3 3 0 2 0 0 2 0 5 0 0 0 0 0 3 2 0 0 0 0 0 14 0 22 0 17 26 14 25 22 0 14 28 0 0 21 8 14 14 0 1 30 0 10 0 2 0 20 16 2 0 20 0 12 12 21 0 0 2 0 12 0 2 0 0 0 0 0 2 0 9 0 0 0 0 0 0 0 0 0 0 0 0 0 0 12 0 0 0 0 0 0 0 0 0 0 0 0 2 0 0 20 9 2 15 0 7 0 0 10 17 0 18 0 4 0 0 0 25 0 11 0 0 0 3 0 0 104 1 15 0 29 0 17 15 17 0 1 0 0 0 0 0 1 0 0 0 0 8 0 0 0 0 0 0 0 0 0 0 0 0 0 0 2 0 0 0 0 0 0 2 0 0 0 0 0 0 0 15 0 0 0 0 0 0 0 5 2 0 2 0 16 7 11 0 0 0 0 0 0 0 0 0 14 0 0 0 0 0 0 0 2 0 0 0 0 0 0 0 0 0 0 0 0 0 0 0 0 0 0 0 
 22 287 52 118 140 0 45 542 157 138 332 101 41 137 88 68 49 50 44 65 75 77 70 0 0 0 151 74 148 0 1 0 148 156 76 1 2 63 189 111 0 3 7 0 3 0 3 3 0 0 0 3 3 0 0 0 2 4 1 3 3 0 3 0 0 0 0 0 0 0 0 1 0 3 3 0 0 5 0 0 0 0 0 0 0 0 0 0 0 0 0 0 0 2 0 0 0 1 0 0 0 32 2 11 0 0 21 52 47 4 2 34 8 1 1 12 0 57 46 28 0 0 0 0 0 0 10 0 0 16 0 0 0 0 0 0 0 0 0 0 0 0 0 0 0 0 0 0 0 0 0 0 0 0 0 0 0 0 0 0 0 0 5 0 25 30 0 7 0 5 22 0 0 0 0 0 0 0 0 0 56 33 0 1 0 3 11 43 14 6 1 15 0 0 61 28 1 43 20 17 0 0 0 0 0 0 0 0 0 0 0 0 0 0 0 0 0 0 0 0 0 0 0 0 0 0 0 0 0 0 0 0 0 0 0 0 0 0 0 0 0 0 6 0 0 0 92 1 91 47 0 7 0 0 0 0 0 0 0 0 0 0 0 0 0 0 24 0 0 0 0 0 0 0 0 0 0 14 0 57 0 4 0 0 0 1 1 0 0 0 
 156 181 192 120 275 45 0 268 71 242 113 52 241 261 346 285 51 169 192 384 0 0 4 0 0 0 0 1 0 0 0 0 1 1 0 1 2 3 0 0 0 3 1 0 3 0 3 3 0 0 0 3 3 0 0 0 2 5 0 3 3 0 3 0 0 0 5 0 0 0 0 0 0 2 3 0 0 0 0 1 0 24 17 27 0 2 13 0 1 47 0 0 16 80 0 26 16 25 40 17 0 0 0 0 0 0 0 0 1 0 0 0 0 0 0 0 0 0 0 0 0 0 0 0 2 0 0 0 0 0 0 0 0 0 0 0 0 0 0 0 0 1 0 0 0 0 0 0 0 6 0 1 0 0 0 0 0 0 10 0 0 0 21 9 4 0 26 11 32 2 0 0 15 43 0 33 29 0 1 26 1 1 0 0 0 0 0 0 0 0 0 0 21 0 0 0 0 0 10 0 0 0 0 0 0 0 0 0 0 8 0 2 0 0 0 19 0 0 0 0 0 0 0 0 0 0 0 0 0 0 0 0 0 0 0 0 0 0 13 0 0 0 0 0 0 32 0 2 1 2 1 11 0 0 0 0 0 0 0 0 0 0 0 0 0 0 0 0 0 0 0 0 0 0 0 0 2 0 0 0 0 0 0 0 0 0 0 0 0 0 
 152 321 86 85 69 542 268 0 235 92 23 30 201 165 237 133 48 247 384 142 78 0 5 5 0 2 0 0 0 0 2 4 1 0 0 1 5 5 0 0 0 3 2 0 8 0 3 4 0 1 2 4 3 0 0 2 4 3 5 3 3 0 3 4 3 0 3 0 0 3 3 1 2 3 4 3 1 2 0 0 24 10 23 27 0 0 14 36 0 19 0 0 16 42 14 20 0 1 31 32 0 0 0 0 0 0 0 0 0 0 0 0 0 0 0 0 0 0 0 0 0 0 0 0 0 0 0 0 0 0 0 0 0 0 0 1 0 0 0 0 1 13 1 0 0 0 0 0 0 0 0 0 0 0 3 0 0 3 0 0 10 0 16 0 0 0 9 15 14 0 0 0 21 8 0 0 15 0 0 33 0 0 0 0 0 0 0 0 0 0 0 0 0 0 0 0 12 0 0 0 0 0 0 0 0 0 0 1 0 0 0 0 0 0 0 0 0 1 0 0 0 0 0 0 0 0 0 0 0 0 1 0 0 0 0 0 0 0 0 0 0 0 0 0 0 2 0 0 1 0 2 2 0 0 0 0 0 0 0 2 0 0 0 0 0 0 0 0 0 0 0 0 0 0 0 0 11 0 0 0 0 0 0 0 0 0 0 0 0 0 
 54 241 292 205 213 157 71 235 0 168 254 100 361 165 178 469 343 259 123 88 2 0 2 0 0 0 0 0 0 0 0 0 2 2 0 2 2 4 0 79 0 3 2 0 3 0 3 3 63 0 0 4 3 3 0 0 2 5 0 3 3 0 3 0 2 2 0 0 0 0 0 4 0 3 3 0 0 0 0 0 15 39 25 48 52 2 6 14 10 37 38 57 3 16 34 10 27 0 0 0 9 0 1 0 0 0 0 0 0 0 0 0 0 0 5 0 0 0 0 0 0 0 0 0 0 0 0 0 0 0 0 0 0 0 0 0 8 0 0 0 0 0 0 0 0 0 0 0 0 0 0 0 0 0 0 0 0 0 0 0 0 24 31 11 23 0 0 74 0 33 10 0 0 0 11 13 9 87 0 10 2 0 0 0 0 0 18 0 0 0 0 0 21 0 0 0 5 0 31 52 0 0 0 0 0 0 0 0 0 8 0 0 0 0 0 0 0 0 0 0 0 0 0 9 2 0 0 0 0 0 0 0 0 0 15 0 0 0 0 0 0 0 0 0 0 1 0 0 0 88 2 1 0 0 0 0 0 0 0 0 0 0 19 0 0 0 0 0 0 0 0 0 0 0 0 28 9 0 0 0 0 0 0 0 0 0 0 0 0 0 
 48 494 219 98 89 138 242 92 168 0 113 36 63 197 208 180 251 256 199 180 0 0 2 0 0 2 86 0 0 0 0 1 2 2 0 2 2 2 78 52 0 3 1 55 3 0 3 3 0 0 0 3 3 0 0 0 2 3 0 3 3 0 6 0 0 0 0 0 0 0 0 0 0 2 3 0 0 0 0 0 14 23 14 13 0 14 27 12 14 24 0 25 13 14 14 9 18 14 9 12 0 0 0 0 0 0 2 0 0 0 0 0 40 0 14 0 0 0 0 0 0 0 0 0 1 0 0 0 0 0 0 0 12 0 0 0 0 0 4 0 0 0 0 0 0 0 0 0 0 0 0 2 0 0 0 0 0 0 0 0 2 1 16 0 50 0 0 24 13 45 0 0 11 0 13 3 0 0 0 0 0 2 0 0 0 0 1 14 0 0 0 0 26 11 0 0 0 0 0 1 0 0 0 0 0 0 0 0 0 0 0 2 0 0 0 0 0 0 0 0 0 0 5 0 0 0 0 13 0 0 0 0 0 0 0 3 0 0 0 0 0 1 0 0 0 0 0 3 1 175 0 1 0 0 0 0 0 0 0 0 0 0 11 0 0 0 0 0 0 0 0 0 0 0 0 33 10 0 0 0 0 0 0 0 0 0 0 0 0 0 
 36 206 139 94 142 332 113 23 254 113 0 141 43 56 159 305 112 270 476 72 24 1 2 0 2 2 78 0 0 2 0 0 81 5 0 2 2 2 140 225 1 3 13 0 3 20 3 3 0 0 0 3 3 0 0 0 2 5 0 3 2 0 7 0 0 1 0 2 0 0 0 0 0 0 3 1 1 0 0 0 0 0 0 14 30 0 0 4 0 15 1 0 0 7 0 0 17 11 0 0 0 33 0 1 0 0 39 3 22 0 0 0 15 0 31 0 0 0 11 16 9 0 0 2 0 0 0 0 0 0 0 35 0 0 0 0 0 0 0 0 0 16 0 0 0 2 0 0 0 0 0 0 0 0 0 0 0 0 4 0 0 0 11 34 23 9 0 0 2 19 21 6 0 0 0 12 10 3 0 0 1 3 0 0 2 8 2 7 0 0 0 0 13 21 20 7 0 0 1 10 0 21 0 0 2 0 0 0 0 0 0 0 1 0 0 0 0 0 0 0 0 0 0 0 0 0 0 0 0 0 0 0 0 0 0 0 0 0 0 0 0 0 16 0 0 0 5 1 42 176 0 17 0 0 0 0 0 0 0 0 0 0 0 2 0 0 0 0 0 0 0 0 0 0 0 8 0 21 0 0 0 0 0 0 0 0 0 0 0 0 
 27 97 119 152 307 101 52 30 100 36 141 0 122 116 38 192 84 69 70 37 36 0 2 0 0 0 173 149 0 75 0 74 0 2 0 0 2 3 113 99 0 3 13 0 3 0 2 1 0 0 0 3 3 0 0 0 2 5 0 3 55 0 2 0 5 0 0 0 0 0 0 4 0 3 2 0 0 0 0 0 14 29 12 24 11 17 0 20 14 28 49 15 0 0 17 10 0 10 0 0 20 10 0 0 0 0 29 60 21 0 7 14 10 16 44 0 0 15 10 32 38 0 0 0 0 0 0 0 8 0 0 0 0 0 0 0 0 0 0 0 0 0 0 0 0 0 0 0 0 0 0 0 0 0 0 0 0 0 16 0 0 7 25 21 28 3 0 6 1 0 14 24 0 0 10 26 10 31 0 10 1 34 0 0 0 0 31 16 7 15 1 0 0 11 32 0 0 12 25 58 0 0 0 0 0 0 0 0 0 0 9 0 0 0 0 0 0 0 0 0 0 2 0 0 0 0 0 0 0 0 0 0 0 0 0 0 0 0 0 31 0 0 8 0 0 4 116 1 2 1 12 8 0 0 1 0 0 0 0 0 0 0 0 0 0 0 0 0 0 0 0 0 0 0 0 0 0 9 0 0 0 0 0 0 0 0 0 0 0 0 
 141 53 190 82 86 41 241 201 361 63 43 122 0 157 168 204 252 216 395 352 74 0 2 2 3 15 2 1 0 0 0 6 4 4 2 5 2 3 0 2 0 10 2 0 8 0 5 6 0 5 0 3 5 0 3 0 5 5 4 6 3 4 3 2 6 6 3 0 0 0 2 5 8 3 3 0 0 0 0 0 1 34 16 41 0 0 0 20 16 10 10 29 12 12 2 1 12 0 20 10 0 0 0 0 0 0 0 5 0 0 0 0 0 0 0 0 0 0 0 0 0 0 0 0 0 0 0 0 0 1 0 0 0 0 0 0 0 0 0 0 0 0 1 0 0 0 0 1 0 0 0 7 0 0 0 0 0 0 0 0 0 58 27 14 0 0 14 23 3 0 14 0 0 18 14 25 14 22 17 13 0 0 0 0 0 0 0 0 0 0 0 0 0 0 0 0 28 1 11 0 0 0 0 0 0 0 0 0 0 0 0 0 0 0 0 0 0 6 0 0 0 0 0 0 2 0 0 0 0 0 0 0 0 0 0 0 0 0 0 0 0 0 0 0 0 1 1 0 2 0 0 2 0 0 0 0 0 0 0 0 0 0 0 0 0 0 0 0 0 0 0 0 0 0 0 0 11 0 0 0 0 0 0 0 0 0 0 0 0 0 
 126 126 152 61 123 137 261 165 165 197 56 116 157 0 457 218 119 55 353 262 1 1 0 1 1 4 2 0 8 5 1 3 0 0 2 2 0 2 0 0 0 4 3 0 0 0 0 0 0 4 0 2 0 0 0 0 0 2 0 0 0 4 0 0 6 0 2 0 0 0 0 3 58 0 0 0 0 0 0 0 38 21 28 8 0 15 0 15 11 19 3 0 6 14 5 0 21 13 24 20 0 0 0 0 0 0 0 0 0 0 10 0 0 0 0 0 0 0 0 0 0 0 0 0 0 0 0 0 0 1 0 0 0 0 0 0 0 0 0 0 0 1 0 0 0 0 0 0 0 10 0 0 0 0 0 0 0 3 0 0 1 0 14 0 9 0 0 1 22 3 14 0 20 40 14 0 45 0 1 28 0 13 0 0 0 0 0 0 0 0 0 0 0 0 0 0 0 0 0 9 0 0 0 0 0 0 0 0 0 0 0 0 0 0 0 0 0 0 0 0 0 0 0 0 0 0 0 0 0 0 0 0 0 0 0 0 0 0 0 0 0 0 0 0 0 1 0 0 2 87 1 2 9 0 16 0 0 0 0 0 0 0 0 0 0 0 0 0 0 0 0 0 0 0 0 0 1 0 0 0 0 0 0 0 0 0 0 0 0 0 
 158 53 299 67 63 88 346 237 178 208 159 38 168 457 0 331 40 229 231 289 0 0 2 0 0 0 0 0 1 0 76 0 76 2 0 57 2 3 0 1 0 3 9 0 3 0 3 2 0 0 0 7 7 0 0 0 2 7 0 5 3 6 2 0 2 0 6 4 0 0 0 0 0 3 8 0 4 0 0 0 13 28 8 37 0 0 13 0 26 12 0 3 6 35 43 13 0 18 14 34 0 0 0 0 0 0 0 0 0 0 0 0 0 0 0 0 0 0 0 0 0 9 0 0 0 0 0 0 0 0 0 0 0 0 0 0 0 0 0 0 0 0 0 0 0 0 0 0 0 8 0 0 0 0 0 0 0 3 0 0 0 0 8 0 2 0 15 32 11 4 0 0 13 17 0 12 22 21 0 10 0 0 0 0 0 0 0 11 0 0 0 0 2 0 0 0 0 0 0 0 0 0 0 0 0 0 0 0 0 0 0 0 0 0 0 0 0 0 0 0 0 0 0 0 0 0 0 0 0 0 0 0 0 0 0 0 0 0 0 0 0 0 0 0 19 0 0 0 1 6 0 8 0 0 0 0 0 0 0 0 0 0 0 0 0 0 0 0 0 0 0 0 0 0 0 0 10 0 0 0 0 0 0 0 0 0 0 0 0 0 
 216 232 139 162 111 68 285 133 469 180 305 192 204 218 331 0 283 651 251 122 0 0 2 0 0 0 0 0 2 0 0 0 1 1 73 4 2 3 74 0 0 3 1 0 3 0 3 3 0 0 0 3 3 0 0 0 2 4 0 3 3 0 3 0 0 0 0 0 0 0 0 5 0 2 3 0 0 0 0 0 17 26 29 14 1 32 14 12 11 28 54 28 0 22 13 11 15 56 0 15 0 0 0 0 0 0 10 0 0 2 0 0 0 0 13 0 0 0 0 0 0 0 0 0 0 0 0 0 0 0 0 0 0 0 2 0 0 0 0 0 0 10 0 0 0 0 0 2 38 3 0 0 0 0 0 0 0 1 0 0 0 12 18 0 11 4 0 12 1 1 10 26 2 1 31 0 10 59 0 0 0 0 0 0 0 0 12 16 0 14 2 0 1 9 0 1 0 0 0 0 0 0 0 0 0 0 0 0 0 0 0 0 2 0 0 0 0 0 0 0 0 0 0 0 0 0 0 0 0 0 0 0 0 0 11 0 0 0 0 0 0 0 0 0 0 0 2 0 4 0 27 11 0 0 0 0 0 0 0 0 0 0 9 0 0 0 0 0 0 0 0 0 0 2 0 0 0 0 0 0 0 0 0 0 0 2 0 0 0 0 
 367 93 357 160 155 49 51 48 343 251 112 84 252 119 40 283 0 65 147 37 3 0 2 0 0 0 0 0 6 0 0 0 2 2 0 1 2 4 60 1 0 3 1 0 67 0 3 3 0 0 0 3 3 0 0 0 2 6 0 3 3 2 3 42 0 0 1 0 0 0 0 51 0 3 3 0 0 0 0 0 14 15 14 10 24 21 7 31 84 29 0 30 29 0 25 9 38 23 0 0 0 0 0 0 0 0 11 0 0 0 7 0 0 0 15 0 0 0 0 0 0 0 0 0 2 0 0 0 0 0 0 0 0 0 0 0 0 0 0 0 0 0 0 0 0 0 0 0 6 0 0 0 35 0 0 0 0 0 0 15 0 0 0 0 30 9 0 10 7 19 1 22 0 0 3 7 20 0 0 0 0 1 0 0 0 0 71 19 0 10 0 0 3 14 0 7 4 0 0 0 0 0 0 0 0 0 0 0 0 0 0 2 0 0 0 0 0 0 0 0 0 0 0 0 0 0 0 0 0 0 0 0 14 0 5 0 0 0 0 0 0 0 0 0 0 1 2 1 1 3 0 8 9 0 0 0 0 0 0 0 0 0 12 0 0 0 0 0 0 0 0 0 0 0 0 19 0 0 0 0 0 0 0 0 0 0 0 0 0 0 
 123 121 327 49 111 50 169 247 259 256 270 69 216 55 229 651 65 0 319 269 0 0 2 0 1 0 1 0 0 0 0 75 2 2 0 2 2 2 0 0 0 3 1 0 3 3 3 3 0 0 0 3 3 0 0 0 2 5 0 3 3 0 3 0 0 0 0 0 30 0 0 0 0 2 3 0 0 0 0 3 22 24 11 14 0 17 21 33 15 31 22 30 16 37 9 12 72 19 19 24 0 0 0 0 0 0 0 0 0 0 0 0 0 0 0 0 0 0 2 0 0 0 0 0 0 0 0 0 0 0 0 0 0 0 0 0 0 0 0 0 0 0 0 0 0 0 0 0 0 5 0 0 0 0 0 0 0 0 0 0 51 30 23 16 0 0 0 27 18 0 0 11 15 15 22 21 28 21 0 12 0 2 0 0 0 0 0 1 2 0 0 0 14 0 0 0 0 0 15 0 0 2 0 0 0 0 0 0 0 0 0 0 0 0 0 0 0 0 0 0 0 0 2 0 0 28 0 0 0 0 0 9 0 0 0 10 0 0 0 10 0 7 0 0 2 0 1 0 5 6 0 170 0 0 0 0 0 0 0 0 0 0 0 0 0 0 2 0 0 0 0 0 0 1 0 1 0 0 0 0 0 0 0 0 0 0 0 0 0 0 
 61 274 32 100 75 44 192 384 123 199 476 70 395 353 231 251 147 319 0 184 2 0 2 0 0 0 0 1 2 0 0 75 1 0 0 2 2 3 0 0 0 3 2 0 3 1 3 3 0 0 0 3 3 0 0 2 2 5 0 3 3 0 2 0 29 0 0 0 0 0 0 0 0 3 2 0 0 0 0 0 1 16 22 27 0 0 0 0 22 15 0 6 14 14 39 0 29 0 26 16 0 0 14 0 0 0 0 0 0 0 0 0 0 0 0 0 0 0 0 0 0 1 0 0 0 0 0 0 0 0 0 0 0 0 0 0 0 0 0 0 0 5 7 0 0 0 3 0 0 0 0 0 0 0 0 0 0 4 0 0 0 0 9 0 0 0 0 13 10 0 1 0 53 49 0 10 37 13 0 37 0 0 0 0 0 0 0 0 0 9 0 0 0 0 0 0 0 0 12 0 0 0 0 0 0 0 0 0 0 0 0 0 0 0 0 0 0 0 0 7 0 0 0 0 0 0 0 0 0 0 0 0 0 0 0 0 0 0 0 0 0 0 0 0 0 0 0 1 2 0 0 9 0 0 0 0 0 0 0 0 0 0 0 0 0 0 0 0 0 0 0 0 0 0 0 0 11 0 0 0 0 0 0 0 0 0 0 0 0 0 
 53 42 145 67 288 65 384 142 88 180 72 37 352 262 289 122 37 269 184 0 0 1 2 0 0 0 0 0 5 0 23 2 8 0 0 3 2 2 0 0 0 3 1 0 3 0 3 3 0 0 0 3 3 0 0 0 2 3 0 3 3 0 3 0 0 0 0 0 0 0 0 0 0 2 3 0 0 0 0 0 14 14 23 35 0 1 16 0 0 38 15 0 0 62 16 25 28 9 32 29 0 0 0 0 1 0 0 1 0 0 0 0 0 0 0 0 0 0 2 0 0 2 0 0 0 1 0 2 0 0 0 0 15 0 0 0 0 0 0 0 0 0 0 0 0 0 0 0 0 0 0 0 0 0 0 8 0 2 0 0 0 0 15 0 0 0 26 14 12 0 9 7 10 29 1 36 2 3 29 0 0 0 0 0 0 0 0 1 1 0 0 0 0 0 0 0 0 0 0 0 0 0 1 0 0 0 0 0 0 0 0 0 0 0 0 0 0 0 0 0 0 0 2 0 0 0 0 0 0 2 0 0 0 1 0 0 0 0 0 0 0 0 0 0 2 2 0 0 6 1 0 7 0 0 0 0 0 0 0 0 0 0 0 0 0 0 0 0 0 0 0 0 0 0 0 0 16 0 0 0 0 0 0 0 0 0 0 0 0 0 
 0 0 0 73 82 75 0 78 2 0 24 36 74 1 0 0 3 0 2 0 0 193 109 50 539 183 154 153 101 106 126 35 148 294 118 177 97 34 37 248 0 4 3 0 2 0 2 0 0 0 0 0 2 0 0 3 0 2 0 3 7 12 3 0 0 1 0 0 28 0 0 8 0 0 0 12 2 0 2 3 0 0 0 0 26 15 0 0 0 0 9 0 0 0 0 1 0 0 0 0 0 13 20 15 2 8 50 19 1 0 18 0 11 78 22 9 17 0 9 23 11 0 0 0 0 0 0 0 0 0 0 0 20 0 0 0 0 0 0 0 0 0 9 0 0 0 0 0 0 0 0 0 2 0 0 0 0 0 4 0 4 0 17 14 0 38 0 0 0 0 11 0 0 0 0 0 0 9 0 0 9 0 7 14 8 0 0 1 45 0 29 0 0 14 12 7 26 0 0 11 0 0 0 0 0 0 0 0 0 0 0 0 0 0 0 0 0 11 0 0 0 0 0 0 0 1 0 2 0 0 0 0 0 0 0 0 0 0 0 0 0 0 0 0 0 0 76 0 62 0 0 0 0 0 12 0 4 76 0 0 0 0 0 0 0 0 0 0 0 0 0 0 0 0 0 0 0 0 0 0 0 0 0 0 0 0 0 0 0 0 
 0 0 0 1 3 77 0 0 0 0 1 0 0 1 0 0 0 0 0 1 193 0 386 302 50 55 363 206 404 66 40 112 38 196 479 45 121 221 71 264 0 0 3 0 0 0 4 0 0 206 0 2 0 3 0 3 1 1 0 3 0 4 3 0 0 0 0 0 6 0 0 0 0 0 0 7 2 15 2 3 0 0 0 0 0 0 0 0 0 0 1 0 0 0 0 0 0 0 0 0 1 11 48 11 23 0 0 11 0 15 51 7 17 18 12 36 11 14 11 13 0 0 0 0 0 0 1 0 2 2 0 0 0 0 0 0 0 0 0 0 0 0 0 0 0 0 7 0 0 0 0 0 0 0 0 0 0 0 0 0 1 0 0 0 0 1 0 0 0 0 0 0 0 0 0 0 0 0 0 0 14 25 0 43 22 10 3 11 13 0 17 8 17 11 69 21 15 13 0 17 10 0 0 0 0 0 2 2 0 3 0 0 0 0 0 0 0 0 0 8 0 0 0 0 0 0 14 0 0 0 8 0 14 0 0 0 0 0 0 0 0 0 0 0 0 2 0 0 0 0 0 0 0 0 9 0 0 16 0 0 14 0 0 0 0 0 0 0 0 0 0 0 0 0 0 0 0 0 0 58 0 10 0 0 0 12 24 0 0 0 
 2 2 2 2 76 70 4 5 2 2 2 2 2 0 2 2 2 2 2 2 109 386 0 161 253 114 360 350 236 71 125 215 164 148 153 197 218 190 111 43 0 0 3 0 2 0 2 0 0 0 0 0 0 5 0 3 13 1 66 31 0 0 3 0 0 1 0 0 3 7 0 0 0 0 6 2 3 0 2 3 0 0 0 0 0 0 0 0 0 0 0 0 0 0 0 0 0 0 8 0 1 0 12 10 26 20 0 0 16 20 17 0 0 0 1 0 11 14 10 3 0 0 0 0 0 0 38 0 4 0 0 0 7 0 0 0 0 0 16 0 0 0 0 0 0 0 0 0 0 0 0 0 0 0 0 0 0 0 0 0 7 0 0 0 0 0 0 0 0 0 0 0 0 3 1 0 0 0 0 0 0 13 13 19 26 9 20 0 0 0 47 22 14 12 21 21 11 11 0 0 4 0 0 0 0 0 0 0 0 0 0 0 22 30 0 2 2 0 18 33 0 0 0 0 0 0 0 0 0 0 0 1 0 0 0 0 0 1 1 0 0 0 0 0 0 1 0 0 0 0 0 0 0 0 10 0 0 2 0 0 2 0 0 0 0 0 0 0 0 0 0 0 0 0 0 0 2 0 0 0 0 8 0 0 0 0 0 0 0 0 
 0 0 0 0 1 0 0 5 0 0 0 0 2 1 0 0 0 0 0 0 50 302 161 0 197 33 84 157 411 175 133 528 151 232 428 110 206 121 142 165 0 0 3 0 0 0 2 0 0 0 0 0 0 6 1 3 20 0 64 27 0 1 3 0 26 1 0 0 3 5 0 0 50 0 3 3 2 0 2 3 0 0 0 1 10 0 0 0 0 0 0 0 0 0 0 0 0 0 0 0 11 0 0 10 30 18 0 7 15 0 28 0 1 1 8 13 13 39 9 1 24 0 0 0 0 0 60 2 3 0 1 0 18 0 0 0 0 8 14 0 0 0 0 0 0 0 1 0 0 0 0 0 0 0 0 0 0 0 0 0 5 0 0 0 0 1 0 0 0 0 0 0 19 3 0 0 0 0 1 0 0 7 17 40 16 46 12 7 0 0 23 16 14 1 1 13 29 9 0 0 64 0 0 0 1 0 0 0 17 0 0 0 49 27 0 0 0 0 17 23 0 0 0 0 0 0 0 0 0 0 0 0 0 0 0 0 0 0 0 1 0 0 0 0 0 0 0 0 0 0 0 0 0 0 9 0 1 2 4 3 0 2 0 36 0 0 0 0 0 0 0 0 0 0 0 0 0 0 0 0 0 23 0 0 18 0 0 0 0 0 
 0 2 0 0 5 0 0 0 0 0 2 0 3 1 0 0 0 1 0 0 539 50 253 197 0 418 62 134 177 470 116 155 296 92 169 129 138 278 98 89 0 63 3 0 11 63 2 62 0 0 0 0 0 1 0 3 17 0 124 81 0 0 3 0 0 0 0 0 5 8 0 0 0 0 2 2 2 1 2 3 0 0 0 0 0 0 0 7 0 0 0 0 0 0 0 0 0 0 0 1 0 0 0 42 29 49 0 0 25 41 0 0 0 0 0 1 14 2 0 0 0 1 18 0 0 0 32 18 9 0 0 0 34 0 17 24 0 10 35 0 0 0 0 21 0 0 0 0 0 0 0 6 0 0 0 0 0 0 0 0 0 0 0 0 0 0 0 0 0 0 11 0 0 0 0 0 6 0 0 0 0 0 27 10 33 38 0 1 0 18 19 22 0 4 0 0 19 20 0 0 0 0 0 0 0 0 25 14 12 0 0 0 12 30 0 0 18 1 12 14 2 0 0 0 0 0 0 0 0 0 0 0 0 0 1 0 0 0 0 0 0 0 0 0 0 1 0 0 0 0 0 0 0 0 5 3 2 3 76 0 0 0 0 0 0 0 0 2 0 0 0 0 0 0 0 0 0 0 0 0 0 0 0 0 3 1 0 0 0 0 
 0 0 0 233 0 0 0 2 0 2 2 0 15 4 0 0 0 0 0 0 183 55 114 33 418 0 598 34 46 70 173 76 38 273 129 392 56 197 49 70 67 1 37 1 9 0 64 0 0 0 0 0 0 22 39 3 132 0 0 4 11 3 3 0 0 3 0 0 5 0 0 0 0 0 17 5 3 0 2 3 0 0 0 0 0 1 0 2 0 0 0 0 0 0 0 0 0 0 0 0 11 13 15 0 14 10 13 0 10 12 0 7 0 0 1 21 21 0 0 0 39 12 11 0 0 16 0 11 0 35 9 0 19 0 0 18 6 21 18 12 0 0 0 0 0 0 0 0 0 0 0 0 0 0 0 0 0 0 0 0 0 0 0 0 0 0 0 0 0 0 0 0 0 0 0 0 0 0 0 2 0 3 77 0 32 13 0 13 11 0 22 16 1 22 28 3 0 0 0 0 11 0 2 0 0 0 27 10 12 12 0 0 12 0 16 17 0 0 13 0 0 0 0 2 0 0 0 0 0 0 0 0 0 0 0 0 0 0 0 0 0 0 0 0 0 0 0 0 0 0 0 0 0 0 11 1 1 5 0 0 1 0 0 0 73 0 0 0 0 0 0 0 0 0 0 0 0 0 0 0 0 0 0 2 53 0 0 14 0 0 
 0 2 0 0 67 151 0 0 0 86 78 173 2 2 0 0 0 1 0 0 154 363 360 84 62 598 0 121 157 42 48 32 362 159 147 25 109 175 141 156 0 0 13 0 0 63 2 0 0 0 0 0 0 0 0 3 0 1 0 3 0 0 6 36 0 2 0 0 0 0 0 0 0 0 0 2 3 1 51 3 0 0 0 14 0 14 0 0 0 0 0 0 0 0 0 0 0 0 0 0 51 18 36 5 0 0 22 74 22 0 5 27 40 32 30 17 0 19 2 18 0 0 0 0 0 0 0 0 1 0 0 0 0 0 0 0 0 0 0 0 0 0 0 0 0 0 7 0 0 0 0 0 2 1 0 0 0 0 0 0 8 0 0 0 16 17 0 0 0 9 0 0 0 39 0 0 0 0 0 0 27 54 0 0 0 0 31 24 21 0 41 0 29 41 19 1 1 20 17 10 0 0 0 0 0 7 0 1 0 0 0 0 0 0 0 0 0 0 0 0 0 0 0 0 0 0 0 0 13 0 0 0 0 0 0 14 0 0 0 0 0 0 11 0 0 1 0 0 0 24 0 0 0 0 19 2 2 0 0 2 2 0 0 0 0 0 0 0 0 0 0 0 0 0 0 7 0 0 0 0 0 1 0 0 0 14 0 0 0 0 
 0 0 0 0 73 74 1 0 0 0 0 149 1 0 0 0 0 0 1 0 153 206 350 157 134 34 121 0 64 118 42 147 290 197 146 117 418 234 154 347 0 1 8 0 0 0 2 0 0 0 0 0 0 0 0 3 0 0 0 3 1 0 3 0 0 0 0 0 6 0 0 2 0 0 0 3 2 21 2 3 0 0 0 0 0 17 0 0 0 0 0 5 0 14 0 0 0 0 0 14 10 46 20 32 0 26 43 46 50 4 44 19 17 32 14 24 8 22 23 22 0 0 0 12 0 0 17 0 0 0 0 0 2 1 4 0 0 0 0 0 0 0 0 0 0 0 0 0 0 0 0 0 0 0 2 0 0 0 0 0 24 0 0 2 0 16 0 0 0 0 0 0 0 6 0 0 1 0 0 16 8 27 49 31 2 11 15 37 23 6 31 2 0 0 31 1 20 6 18 0 2 0 0 11 0 0 0 0 0 0 0 0 14 0 0 0 0 0 13 0 0 0 0 0 0 0 0 1 0 0 0 0 0 0 0 0 0 1 0 0 0 0 10 0 0 0 0 0 0 0 0 0 0 8 11 0 0 81 0 0 0 0 0 0 0 0 34 0 0 0 0 0 0 0 0 0 0 0 0 0 0 32 0 0 0 0 37 0 0 0 
 2 0 0 0 97 148 0 0 0 0 0 0 0 8 1 2 6 0 2 5 101 404 236 411 177 46 157 64 0 70 419 95 172 305 454 155 65 53 168 162 6 0 6 0 25 1 8 34 0 0 6 2 0 0 0 29 7 3 0 34 0 0 3 0 0 2 0 0 0 1 2 15 0 0 6 3 7 34 2 3 0 0 0 0 18 0 2 0 1 0 0 0 0 0 0 0 0 0 0 0 14 50 16 29 39 19 8 0 23 10 15 47 1 8 2 11 14 34 65 0 0 2 0 0 0 0 12 0 3 0 0 0 16 0 2 0 0 0 11 0 0 0 0 0 0 0 0 0 0 0 1 0 0 0 0 0 0 0 0 2 3 0 0 0 0 4 0 0 0 0 0 0 0 0 0 0 0 0 0 0 11 14 24 34 3 0 12 29 0 25 18 9 14 19 33 54 12 0 10 13 0 0 0 0 0 0 0 0 0 0 0 0 0 14 0 0 0 3 0 15 0 0 2 0 0 0 0 0 0 0 20 0 12 0 0 0 0 0 0 0 0 0 0 0 0 0 0 0 0 0 0 0 0 0 15 0 0 1 0 0 1 0 0 0 0 0 17 0 0 0 0 0 0 0 0 0 0 1 0 0 0 22 0 0 0 0 0 0 0 0 
 0 0 0 0 2 0 0 0 0 0 2 75 0 5 0 0 0 0 0 0 106 66 71 175 470 70 42 118 70 0 294 320 51 298 327 230 76 148 86 328 2 0 3 0 0 1 25 62 0 2 1 206 65 0 0 65 1 0 130 65 0 0 3 50 49 0 0 0 3 5 0 0 0 0 4 2 2 0 2 3 0 0 0 0 0 0 0 0 0 0 0 0 0 0 0 0 0 0 0 0 0 0 0 26 14 73 0 0 7 14 32 0 0 0 0 0 12 0 0 0 4 0 2 0 0 0 55 0 18 0 0 0 13 21 31 1 0 3 58 0 0 0 0 1 0 0 0 0 1 0 5 0 11 0 0 0 0 1 0 0 0 0 0 0 0 0 2 0 0 0 6 0 0 0 0 0 24 2 0 0 0 0 45 9 14 23 0 0 0 22 14 29 0 0 0 2 17 20 0 0 10 12 0 0 0 0 10 17 2 0 0 0 58 46 9 0 0 0 37 22 0 0 0 0 0 0 0 0 0 0 0 0 0 0 0 0 0 0 0 0 0 0 0 0 0 0 0 0 0 0 0 0 0 0 12 2 0 76 190 3 0 13 0 0 0 0 0 0 0 0 0 0 0 0 0 0 0 0 0 0 0 0 1 0 1 0 0 0 0 0 
 0 0 0 0 3 1 0 2 0 0 0 0 0 1 76 0 0 0 0 23 126 40 125 133 116 173 48 42 419 294 0 285 116 335 128 86 249 126 41 280 64 0 5 0 0 0 2 0 1 0 3 2 0 0 0 3 0 0 0 64 5 8 3 0 0 3 0 0 5 0 0 0 4 2 4 7 3 0 38 5 0 0 0 0 0 0 0 0 0 0 0 0 0 0 20 0 0 0 0 0 0 4 50 41 20 1 0 0 12 1 2 0 12 12 0 22 2 13 0 0 0 0 0 0 0 0 0 0 17 0 0 0 26 0 1 0 1 1 27 3 0 0 0 0 0 0 2 0 0 0 0 0 0 0 0 0 0 0 0 0 0 0 0 0 0 6 0 0 0 0 0 21 0 0 0 0 0 0 1 0 14 0 17 9 5 0 0 0 46 12 14 9 0 0 0 13 18 0 0 8 20 0 0 0 0 0 0 0 1 0 0 0 9 11 0 0 0 0 0 9 0 11 12 0 0 0 0 0 0 0 0 0 0 0 0 0 0 0 0 0 0 0 0 0 0 0 0 0 0 0 0 0 0 0 3 2 1 79 0 0 11 0 0 0 0 0 0 0 0 0 0 0 0 0 0 0 0 0 0 0 0 12 0 0 0 0 0 0 0 0 
 0 0 0 0 2 0 0 4 0 1 0 74 6 3 0 0 0 75 75 2 35 112 215 528 155 76 32 147 95 320 285 0 59 271 239 113 187 130 37 238 134 6 3 0 61 0 2 61 0 0 0 0 0 2 0 3 0 2 118 65 0 0 3 0 0 0 0 0 51 16 0 2 0 0 0 2 2 2 2 3 0 8 0 0 0 0 0 0 0 0 0 0 0 0 0 0 0 2 0 0 0 1 0 0 1 53 0 0 9 14 12 14 0 0 0 0 11 12 0 0 20 17 0 0 0 0 29 2 0 12 5 0 40 0 6 0 0 20 30 13 0 0 0 0 0 0 0 0 0 0 0 0 0 0 0 0 0 0 0 2 2 0 0 0 0 0 0 0 0 0 2 0 0 0 0 0 0 0 0 0 0 7 0 60 23 13 0 0 13 27 14 19 0 0 0 0 19 20 0 0 67 1 0 1 0 0 0 9 20 0 0 0 25 12 0 0 22 0 19 31 0 2 1 0 0 0 0 0 0 0 0 12 0 0 0 0 0 0 0 0 0 0 0 0 0 0 0 0 0 0 0 0 0 0 7 2 2 0 85 0 2 0 0 0 0 0 0 0 0 0 0 0 0 0 0 0 0 0 0 0 0 1 0 0 0 0 0 0 0 0 
 3 2 0 94 150 148 1 1 2 2 81 0 4 0 76 1 2 2 1 8 148 38 164 151 296 38 362 290 172 51 116 59 0 325 214 61 52 224 119 407 0 0 3 0 0 0 2 19 0 0 2 0 0 0 0 3 0 3 0 3 0 0 3 0 2 2 1 0 0 0 0 0 0 0 0 2 3 3 2 3 0 0 0 0 16 0 0 0 0 0 30 0 0 0 0 0 0 0 0 0 22 24 11 15 0 0 0 1 0 25 12 28 25 17 0 3 10 69 38 39 1 0 0 0 0 0 0 0 0 0 0 0 0 0 0 0 0 0 0 0 0 0 0 0 0 0 0 0 0 0 0 0 0 0 0 0 0 0 1 0 9 0 0 0 10 38 0 0 0 0 11 0 0 5 0 0 0 0 0 0 82 22 0 16 1 0 21 27 53 26 32 0 2 13 36 21 25 12 35 43 0 0 0 0 0 0 0 0 0 0 0 0 0 0 0 0 0 0 0 0 0 0 0 0 0 0 0 0 0 0 0 0 0 0 0 0 0 0 0 0 0 0 0 0 0 0 85 0 78 0 0 0 0 0 7 0 2 0 1 1 2 0 0 0 0 0 0 0 0 0 0 0 0 0 0 0 0 0 0 10 0 14 0 0 0 1 0 0 0 0 
 0 2 0 2 0 156 1 0 2 2 5 2 4 0 2 1 2 2 0 0 294 196 148 232 92 273 159 197 305 298 335 271 325 0 190 25 119 100 135 283 0 2 5 0 0 2 2 2 1 0 0 0 6 0 2 3 0 1 1 3 0 0 4 0 0 0 0 0 0 0 0 0 0 0 0 2 2 4 2 3 1 0 0 0 13 0 0 1 0 0 0 0 0 0 0 0 0 0 0 0 14 10 25 45 9 0 0 14 0 7 0 33 8 1 11 1 2 50 32 6 0 0 0 0 0 0 0 0 0 0 0 0 0 0 0 0 0 0 0 0 0 0 0 0 0 0 2 0 0 0 0 0 0 0 0 0 0 14 0 0 7 13 0 0 1 16 0 0 0 1 0 0 0 3 0 0 0 7 0 0 26 53 1 11 10 15 14 21 14 38 18 18 15 1 10 43 0 6 23 12 0 14 0 0 0 0 0 0 0 0 0 0 1 0 0 0 0 0 0 0 0 0 0 0 0 0 0 0 0 0 0 0 0 0 0 0 15 0 0 0 0 0 0 0 0 0 0 0 2 0 0 0 0 0 19 0 3 2 0 2 4 0 0 0 0 0 0 0 0 0 0 0 0 0 0 0 0 0 0 0 0 30 0 0 1 0 0 0 0 0 
 0 0 0 0 0 76 0 0 0 0 0 0 2 2 0 73 0 0 0 0 118 479 153 428 169 129 147 146 454 327 128 239 214 190 0 204 191 419 289 119 0 4 3 0 2 0 2 0 2 2 0 203 0 14 0 3 18 0 0 3 0 6 3 0 3 2 1 0 6 0 0 0 3 0 0 7 3 17 2 3 0 0 0 0 9 0 0 0 0 0 0 0 0 0 0 0 0 0 0 0 20 0 32 5 47 0 0 25 0 18 15 12 1 27 18 31 14 36 4 16 0 0 0 0 0 0 0 0 7 0 0 0 0 0 0 0 0 0 0 0 0 0 0 0 0 0 0 0 0 0 0 0 0 0 0 0 0 0 0 0 7 0 0 0 0 0 0 0 0 0 0 0 0 4 0 0 0 0 0 15 23 34 3 48 44 16 14 2 0 0 54 18 18 11 22 17 12 0 0 0 1 0 0 0 0 0 0 0 0 0 0 0 1 0 0 0 0 0 0 14 0 0 0 0 0 0 0 0 0 0 0 0 0 0 0 0 0 7 0 0 0 0 0 0 0 0 0 0 0 0 0 0 0 0 0 0 5 22 0 4 2 2 0 0 0 0 0 0 0 0 0 0 0 0 0 0 0 0 0 0 0 11 0 0 0 1 20 0 0 0 
 2 3 1 1 0 1 1 1 2 2 2 0 5 2 57 4 1 2 2 3 177 45 197 110 129 392 25 117 155 230 86 113 61 25 204 0 214 195 31 82 0 0 3 0 13 0 78 21 2 0 1 0 0 1 0 3 21 0 2 68 9 3 3 4 0 0 2 0 5 0 0 0 3 1 16 5 2 0 5 5 0 0 0 0 2 0 0 0 0 0 0 0 0 0 0 0 0 0 0 0 0 0 14 1 14 22 0 0 10 49 21 11 0 0 0 1 29 0 10 0 0 7 0 0 0 0 10 0 0 0 0 0 42 1 19 0 0 1 37 0 0 0 0 13 0 0 0 0 0 0 1 0 0 0 0 0 0 8 0 0 0 0 0 0 6 0 0 0 0 0 0 0 0 0 0 0 0 0 0 0 0 1 35 7 51 0 0 0 12 22 44 28 0 4 0 0 11 10 0 0 0 19 0 0 0 0 0 0 1 0 6 0 2 18 0 0 0 0 1 30 0 0 0 0 0 0 0 0 0 0 0 0 0 0 0 0 0 0 0 0 0 0 0 0 0 0 0 0 0 1 0 2 0 0 4 2 0 18 0 0 2 64 0 0 0 0 0 0 0 0 0 0 0 0 0 0 0 0 0 0 0 0 0 0 0 0 0 0 0 0 
 2 2 2 2 105 2 2 5 2 2 2 2 2 0 2 2 2 2 2 2 97 121 218 206 138 56 109 418 65 76 249 187 52 119 191 214 0 56 41 34 0 207 3 0 233 0 3 1 0 0 0 2 0 0 0 209 1 0 62 239 0 0 3 0 0 1 0 0 2 0 0 0 0 0 0 2 2 7 2 3 0 0 0 0 0 0 0 0 0 0 0 0 0 0 0 0 0 0 0 0 0 0 1 14 13 29 13 36 25 3 39 2 0 47 0 23 23 20 0 26 0 0 0 10 0 0 27 0 0 0 8 0 27 0 16 0 0 0 24 19 0 0 0 0 0 6 0 0 0 0 1 0 0 0 0 0 0 0 0 0 21 0 0 0 0 6 0 0 0 0 0 0 0 5 0 0 0 0 0 0 0 12 20 46 27 0 11 0 25 23 31 0 2 12 8 9 19 10 0 14 0 0 0 0 0 0 1 0 0 0 0 0 0 33 1 0 0 0 0 70 0 0 0 0 0 0 0 0 0 0 0 0 0 0 0 0 0 0 0 0 0 0 0 0 0 0 0 0 0 0 0 0 0 0 5 0 1 74 2 2 5 3 0 0 0 0 14 0 0 0 0 0 0 0 0 0 0 15 0 0 0 13 0 0 0 0 8 0 0 11 
 2 2 3 3 81 63 3 5 4 2 2 3 3 2 3 3 4 2 3 2 34 221 190 121 278 197 175 234 53 148 126 130 224 100 419 195 56 0 104 40 0 0 3 0 3 0 5 64 0 0 0 0 0 19 0 3 12 1 73 3 4 0 3 1 0 2 1 1 5 7 1 0 1 0 12 2 3 1 2 5 0 0 0 0 0 0 0 0 0 0 0 0 0 0 0 0 0 0 0 0 0 0 22 20 0 13 0 0 0 28 0 0 9 0 1 12 21 0 10 11 0 1 0 0 0 0 8 0 8 0 0 0 31 0 12 0 0 0 54 0 0 0 0 0 0 0 0 0 0 0 0 0 0 0 0 0 0 0 0 0 0 0 0 0 0 0 0 0 0 0 4 0 0 0 0 0 2 0 0 0 12 12 4 0 44 10 9 0 23 27 20 50 6 11 13 7 9 9 0 13 1 0 0 0 0 0 25 10 0 0 0 0 3 11 0 0 0 0 3 13 0 0 0 0 0 0 0 0 0 0 0 0 0 0 0 0 0 0 0 0 0 0 0 0 0 0 0 0 0 0 1 0 0 0 10 0 2 0 76 0 4 1 0 0 0 0 0 0 0 0 0 0 0 0 0 0 0 0 0 9 0 0 0 0 0 8 0 0 0 0 
 0 57 0 175 89 189 0 0 0 78 140 113 0 0 0 74 60 0 0 0 37 71 111 142 98 49 141 154 168 86 41 37 119 135 289 31 41 104 0 192 0 0 10 0 0 0 2 0 0 0 0 0 0 0 0 3 0 2 0 3 0 0 5 0 0 1 1 0 0 0 0 0 0 0 0 2 2 0 2 3 0 11 0 0 30 24 0 0 2 0 0 0 0 0 0 33 13 22 0 0 2 12 10 0 0 0 38 65 23 0 31 0 23 17 74 1 0 1 1 10 0 0 0 0 0 0 0 0 0 0 0 0 0 0 0 0 0 0 0 0 0 0 0 0 0 0 0 0 0 0 0 0 0 0 0 0 0 0 0 0 9 0 0 10 21 17 0 0 7 10 0 23 0 0 0 0 2 0 0 0 0 1 0 0 0 13 42 19 30 0 0 5 13 26 35 13 0 0 0 0 0 0 14 0 0 0 0 0 0 0 0 0 0 0 0 0 0 0 0 0 0 0 0 0 0 0 0 0 0 0 0 0 0 0 0 0 0 0 0 0 0 0 8 0 0 0 66 0 0 0 0 0 0 0 7 2 2 0 0 3 3 0 0 0 0 0 0 0 0 0 0 0 0 0 0 0 0 0 0 0 0 13 0 0 0 0 0 0 0 0 
 0 1 0 144 0 111 0 0 79 52 225 99 2 0 1 0 1 0 0 0 248 264 43 165 89 70 156 347 162 328 280 238 407 283 119 82 34 40 192 0 0 0 8 3 0 0 2 0 0 0 2 0 0 0 0 3 0 1 76 3 0 0 3 0 0 0 0 0 0 0 0 0 0 0 0 2 53 0 2 3 0 0 0 6 50 0 1 26 0 0 22 0 0 1 0 11 0 1 0 0 12 19 0 0 0 0 29 20 16 10 0 36 1 20 1 0 0 12 32 18 4 0 0 0 0 0 0 0 0 0 0 0 0 0 0 0 0 0 0 0 0 0 0 0 0 0 0 0 0 0 0 0 0 0 0 0 0 0 7 0 0 0 7 39 24 9 6 4 0 0 8 12 0 0 2 14 0 9 0 4 37 31 0 0 0 0 0 43 11 0 0 0 1 2 29 1 12 12 47 38 0 2 0 0 0 0 0 0 0 0 0 0 0 0 3 0 0 0 0 0 0 0 0 0 0 0 0 0 0 0 0 1 0 0 0 0 0 1 1 0 0 0 9 0 0 1 82 0 77 10 0 0 0 0 5 0 0 0 0 2 4 2 0 0 0 0 0 0 0 0 0 0 0 0 0 1 26 13 0 11 0 0 0 0 0 14 0 0 0 0 
 0 0 0 0 2 0 0 0 0 0 1 0 0 0 0 0 0 0 0 0 0 0 0 0 0 67 0 0 6 2 64 134 0 0 0 0 0 0 0 0 0 152 186 33 38 242 175 198 46 61 327 57 73 110 149 42 57 47 218 168 2 5 0 0 0 0 5 4 2 0 0 2 0 0 5 0 2 0 0 1 0 0 0 0 0 0 0 0 0 0 0 0 0 0 0 0 0 0 0 0 0 0 8 0 0 22 0 0 3 0 5 0 0 0 0 0 0 0 0 0 5 25 14 5 3 0 16 33 0 24 20 0 0 1 0 20 7 48 9 0 0 0 0 0 0 0 0 1 0 0 0 0 0 0 0 1 0 0 1 0 0 0 0 0 0 0 0 0 0 0 0 0 0 0 0 0 0 0 0 0 0 0 0 0 0 1 0 0 0 0 0 13 0 0 0 0 0 9 0 0 47 48 14 57 10 9 0 13 20 21 2 1 19 18 1 12 31 1 27 0 4 0 0 0 0 0 3 1 0 0 0 0 3 0 0 0 0 0 13 8 0 0 0 0 0 0 0 0 0 0 0 14 0 0 0 0 0 0 66 0 0 0 0 0 2 0 0 0 0 0 0 0 0 0 0 0 0 0 0 0 0 0 0 0 21 20 0 0 1 0 
 3 3 3 3 3 3 3 3 3 3 3 3 10 4 3 3 3 3 3 3 4 0 0 0 63 1 0 1 0 0 0 6 0 2 4 0 207 0 0 0 152 0 422 133 190 104 173 113 38 119 89 301 201 113 119 45 98 47 64 180 53 0 0 51 0 0 1 0 0 0 0 0 0 0 52 0 0 1 0 0 0 0 0 0 0 0 0 0 0 0 0 0 0 0 0 0 0 0 0 0 0 0 0 0 11 4 0 0 0 0 0 0 0 0 0 0 0 0 0 0 1 13 44 13 31 1 11 15 0 6 9 24 0 35 12 10 7 0 0 26 4 1 0 0 0 0 1 0 0 0 1 2 0 0 1 0 0 0 0 0 0 0 0 0 0 0 0 0 0 0 0 0 0 0 0 0 0 0 0 0 0 0 0 0 0 0 0 0 0 0 0 0 0 0 0 0 0 0 0 0 0 39 28 23 24 12 4 0 11 13 37 0 10 0 18 47 10 14 0 7 7 0 1 10 0 0 0 0 0 0 0 0 10 0 0 0 0 0 16 1 0 0 0 0 0 0 0 0 0 0 0 6 0 2 0 0 0 61 0 0 0 0 2 0 1 0 0 1 0 0 0 0 0 0 0 0 0 0 0 0 0 0 0 0 9 0 0 0 2 0 
 4 3 3 9 6 7 1 2 2 1 13 13 2 3 9 1 1 1 2 1 3 3 3 3 3 37 13 8 6 3 5 3 3 5 3 3 3 3 10 8 186 422 0 185 59 93 101 192 67 144 92 31 344 189 52 140 177 202 40 156 0 0 0 0 0 0 46 0 0 0 0 2 53 0 3 0 209 1 0 0 0 0 0 0 0 11 0 0 0 0 0 0 0 0 0 0 0 0 0 0 0 4 0 0 0 0 5 9 6 0 0 2 0 0 5 0 0 2 6 6 10 13 26 2 71 19 0 10 0 28 19 1 0 2 14 1 15 10 0 12 0 0 0 0 0 0 8 5 0 0 0 0 8 1 0 2 0 0 0 21 0 0 0 6 4 0 0 0 0 0 0 0 0 0 0 0 0 0 0 0 0 9 4 0 0 0 0 2 0 0 0 0 0 0 11 0 0 6 2 0 20 24 29 0 14 0 0 0 0 28 1 0 0 0 0 14 18 36 0 50 0 0 0 0 0 0 12 0 0 9 0 0 0 0 2 0 16 0 0 0 0 0 11 0 0 0 14 0 0 0 0 6 0 2 0 0 0 0 0 0 0 0 2 0 0 0 0 11 0 0 2 0 0 0 0 0 0 0 0 0 0 0 0 0 0 0 0 0 2 0 
 0 0 0 0 0 0 0 0 0 55 0 0 0 0 0 0 0 0 0 0 0 0 0 0 0 1 0 0 0 0 0 0 0 0 0 0 0 0 0 3 33 133 185 0 213 27 97 153 132 276 173 252 57 123 59 118 46 179 81 58 0 0 0 4 5 0 0 0 6 0 10 5 33 51 0 0 3 5 23 0 0 0 0 0 0 0 0 0 0 0 0 0 0 0 0 0 0 0 0 12 0 0 0 0 0 0 0 0 0 0 0 0 0 0 0 0 0 0 0 0 0 15 0 7 12 6 0 0 0 14 18 14 0 9 0 0 13 0 0 0 0 10 10 0 0 0 15 4 0 9 0 5 0 1 0 2 0 0 10 8 0 0 0 0 0 0 0 0 0 0 0 0 0 0 0 0 0 0 0 0 8 0 0 0 0 0 0 8 0 0 0 0 0 0 0 0 0 0 0 0 12 12 13 19 1 9 0 7 0 14 0 3 0 0 0 12 9 7 0 0 23 24 11 14 14 0 9 1 0 12 0 0 10 0 22 15 0 14 14 11 10 0 0 0 0 0 0 0 0 0 0 1 0 0 0 0 0 0 0 19 0 0 0 0 0 6 0 0 0 0 26 0 0 9 0 22 0 0 0 0 0 0 0 0 20 0 0 0 0 0 
 3 3 3 3 3 3 3 8 3 3 3 3 8 0 3 3 67 3 3 3 2 0 2 0 11 9 0 0 25 0 0 61 0 0 2 13 233 3 0 0 38 190 59 213 0 415 59 125 65 122 71 44 81 72 78 87 270 57 297 296 49 0 25 2 0 0 281 3 2 55 0 0 103 0 55 0 56 3 75 2 0 0 0 0 0 0 0 0 0 0 0 0 0 0 0 0 0 0 0 0 0 0 0 0 0 13 0 0 0 0 0 0 0 4 0 22 7 0 0 0 0 14 0 10 0 10 0 0 0 0 0 0 0 0 0 0 0 0 0 0 0 0 11 0 12 0 22 18 42 0 0 0 0 10 0 0 0 0 11 7 0 0 0 9 0 0 0 0 0 0 0 0 0 0 0 0 0 0 0 0 0 0 5 0 4 0 0 0 0 0 4 0 0 8 0 0 0 10 0 0 0 13 16 25 4 21 0 0 0 14 0 0 0 0 0 0 16 1 0 0 28 33 10 13 0 0 7 11 11 9 0 0 0 14 0 0 0 10 20 41 16 0 0 0 0 0 0 0 0 0 0 5 0 0 0 0 0 0 0 9 0 0 0 1 0 2 2 0 2 0 0 0 0 1 0 0 0 0 0 0 0 0 0 0 23 0 0 0 2 0 
 0 0 0 0 46 0 0 0 0 0 20 0 0 0 0 0 0 3 1 0 0 0 0 0 63 0 63 0 1 1 0 0 0 2 0 0 0 0 0 0 242 104 93 27 415 0 26 49 33 47 64 45 30 42 41 365 103 48 103 71 99 100 51 0 0 0 63 101 50 21 0 0 24 1 67 18 57 52 266 3 0 0 0 0 0 0 13 0 2 0 3 0 0 0 5 0 0 0 0 0 0 0 0 0 0 0 0 0 0 0 0 0 0 0 0 0 0 0 0 0 0 0 13 27 1 0 0 0 10 8 13 0 0 0 4 0 0 0 0 0 12 10 0 0 22 0 0 1 55 9 6 0 1 9 14 51 0 0 10 0 0 0 0 5 0 0 8 0 0 0 0 4 5 0 0 0 2 0 0 12 0 0 0 0 0 0 0 0 0 0 0 0 0 0 0 0 0 0 0 0 0 2 0 0 0 9 0 0 0 0 0 0 0 0 0 17 0 1 0 0 13 12 0 0 19 0 18 0 10 13 0 15 27 27 20 31 9 0 9 20 0 0 0 0 0 0 0 0 0 0 0 3 1 0 1 0 0 0 2 1 0 0 0 0 1 5 0 0 0 0 31 0 2 0 0 0 0 0 0 0 0 0 0 0 0 0 0 0 1 16 
 3 3 2 3 3 3 3 3 3 3 3 2 5 0 3 3 3 3 3 3 2 4 2 2 2 64 2 2 8 25 2 2 2 2 2 78 3 5 2 2 175 173 101 97 59 26 0 302 230 309 191 30 274 246 199 20 249 24 147 187 2 0 0 3 22 7 0 2 0 0 4 4 0 0 0 5 0 1 0 50 0 0 0 0 0 0 0 0 0 0 0 0 0 0 0 0 0 0 0 0 0 0 0 0 14 14 0 0 0 0 21 0 0 0 0 0 0 0 0 0 39 15 26 0 3 0 0 28 0 10 13 19 1 44 34 28 16 0 9 30 0 0 0 0 12 3 0 0 0 0 17 8 0 0 0 0 0 0 0 3 0 0 0 0 0 0 0 0 0 0 0 0 0 0 9 0 0 0 0 0 0 0 0 0 0 13 0 0 0 1 0 0 0 11 0 0 0 12 0 0 12 34 3 19 13 0 18 9 13 1 11 9 31 16 13 1 28 1 6 33 0 0 0 0 0 0 29 0 0 0 0 0 0 0 1 0 0 0 0 0 0 0 16 0 0 0 0 0 0 0 0 8 0 0 0 0 0 74 0 0 0 44 2 0 3 3 2 0 0 0 0 0 0 0 0 7 9 0 0 0 0 0 0 0 0 19 0 0 2 0 
 3 3 1 3 2 3 3 4 3 3 3 1 6 0 2 3 3 3 3 3 0 0 0 0 62 0 0 0 34 62 0 61 19 2 0 21 1 64 0 0 198 113 192 153 125 49 302 0 137 96 33 80 156 71 58 168 42 99 70 79 0 2 0 0 0 0 1 0 0 0 0 0 0 2 3 0 1 4 0 0 0 0 0 0 0 0 0 0 0 0 0 0 0 0 0 0 0 0 0 0 0 0 0 13 2 4 0 0 0 14 0 0 0 0 0 0 0 0 8 0 22 24 0 14 14 10 0 0 22 15 6 1 3 14 18 0 19 7 8 5 1 0 0 0 0 0 10 0 0 0 0 0 7 0 8 1 0 0 0 0 0 0 0 0 0 0 0 0 0 0 3 0 0 0 0 0 0 0 1 0 0 0 0 0 0 20 0 0 0 8 0 22 0 0 0 0 0 0 0 0 0 19 44 0 17 0 4 22 7 20 1 18 0 38 1 0 17 17 9 2 0 0 0 0 19 0 10 13 0 0 0 0 17 0 0 0 0 0 10 22 0 0 0 0 0 66 0 0 0 17 0 3 0 2 0 1 0 0 23 0 1 0 4 0 0 2 0 65 0 0 10 0 0 0 0 0 0 0 0 0 0 0 6 0 10 0 0 0 2 0 
 0 0 0 0 0 0 0 0 63 0 0 0 0 0 0 0 0 0 0 0 0 0 0 0 0 0 0 0 0 0 1 0 0 1 2 2 0 0 0 0 46 38 67 132 65 33 230 137 0 116 48 30 141 438 146 391 38 161 96 64 0 0 0 0 0 8 0 0 0 0 0 0 0 99 0 5 0 2 0 51 0 0 10 0 0 0 0 0 0 0 0 0 0 0 0 0 0 0 0 0 0 0 10 0 0 0 0 0 0 0 1 0 0 0 0 0 0 0 0 0 20 19 12 0 27 11 0 2 29 4 1 0 0 16 15 24 23 10 0 29 0 0 0 0 5 3 0 2 0 0 0 0 0 7 0 2 0 0 7 9 0 0 0 0 0 0 0 0 0 0 0 0 0 0 0 0 0 0 0 0 0 0 0 0 0 23 0 0 0 0 0 0 0 0 0 0 0 10 0 0 6 1 11 9 0 0 21 11 16 9 2 31 0 0 8 24 1 35 15 0 0 0 0 8 0 4 0 0 0 0 0 0 6 11 21 0 0 0 0 27 0 0 16 0 0 0 0 0 0 0 0 4 0 0 0 0 0 63 0 1 0 0 0 64 0 8 0 0 0 0 7 0 0 0 0 0 0 0 0 0 0 0 0 0 0 13 0 0 1 0 
 0 0 0 0 0 0 0 1 0 0 0 0 5 4 0 0 0 0 0 0 0 206 0 0 0 0 0 0 0 2 0 0 0 0 2 0 0 0 0 0 61 119 144 276 122 47 309 96 116 0 148 97 52 167 159 253 171 62 75 89 0 0 0 0 0 0 0 0 0 0 8 0 0 0 0 0 0 2 0 29 0 0 0 0 0 0 0 0 0 0 0 0 0 0 0 0 0 4 0 0 0 0 0 0 0 0 14 0 0 0 0 0 0 0 0 0 0 0 0 0 6 11 14 18 9 54 0 14 10 1 0 19 0 0 0 0 6 19 0 10 0 16 1 0 0 0 25 0 0 3 0 0 0 0 22 0 0 0 11 6 0 0 0 0 0 0 0 0 0 0 0 0 0 0 0 0 0 0 0 0 0 0 0 0 0 0 0 0 0 0 0 0 0 0 0 0 0 0 0 20 0 6 42 29 43 47 0 0 0 17 9 24 0 0 0 11 19 0 0 0 20 0 15 20 0 0 1 10 0 12 0 0 1 41 24 0 0 0 30 8 1 0 0 0 0 0 0 0 0 0 0 3 0 0 0 26 0 0 0 13 0 0 7 1 1 9 0 0 0 0 0 0 0 0 0 0 0 0 0 0 0 0 0 0 26 0 0 0 0 9 
 0 0 0 0 0 0 0 2 0 0 0 0 0 0 0 0 0 0 0 0 0 0 0 0 0 0 0 0 6 1 3 0 2 0 0 1 0 0 0 2 327 89 92 173 71 64 191 33 48 148 0 96 31 98 68 281 291 386 40 52 0 0 0 0 2 0 0 3 0 0 17 0 5 0 5 0 0 2 5 60 0 0 0 0 0 0 0 0 0 0 0 0 0 0 0 0 0 0 0 0 0 0 0 0 0 0 0 0 0 0 0 0 0 0 0 0 0 0 0 0 1 20 16 0 0 34 0 6 9 8 9 12 0 14 0 0 0 13 0 1 0 16 9 0 0 0 33 5 0 20 0 0 2 27 23 2 0 0 17 18 0 0 0 0 0 0 0 0 0 0 0 0 0 0 0 0 0 0 0 0 0 0 12 0 0 0 0 0 0 0 0 0 0 0 0 0 0 0 0 10 4 0 0 20 0 10 1 0 16 26 7 25 0 0 10 29 0 20 1 0 19 0 16 19 0 0 18 8 0 12 0 0 0 44 35 0 0 0 15 14 3 0 0 0 0 0 0 0 0 0 0 8 0 0 0 0 0 0 0 11 0 0 0 68 63 6 2 0 0 0 1 0 0 0 0 0 0 0 0 0 0 0 0 0 0 0 0 10 1 0 
 3 3 3 3 5 3 3 4 4 3 3 3 3 2 7 3 3 3 3 3 0 2 0 0 0 0 0 0 2 206 2 0 0 0 203 0 2 0 0 0 57 301 31 252 44 45 30 80 30 97 96 0 46 34 40 103 141 60 27 28 0 70 0 0 0 0 0 0 0 0 32 0 51 35 0 0 2 3 50 125 0 0 0 0 10 0 0 0 0 0 0 0 0 0 0 0 0 0 0 0 0 0 0 0 0 0 0 0 0 0 0 0 0 0 0 0 0 0 0 0 0 13 0 19 0 34 0 0 20 0 0 30 0 0 0 0 0 0 0 0 0 14 0 0 0 0 28 0 0 3 0 0 0 0 20 0 0 0 0 6 17 0 0 0 0 18 0 0 0 0 0 0 0 0 0 20 0 0 0 0 0 14 0 0 0 0 0 0 0 0 0 0 0 0 0 0 0 0 0 0 0 12 14 28 9 15 0 0 7 15 8 11 0 0 0 0 9 0 0 0 44 0 15 26 0 0 29 10 0 10 0 11 0 29 22 0 0 9 61 7 0 0 0 0 0 0 0 0 0 0 0 11 0 0 0 0 0 0 0 19 0 0 2 0 0 1 4 0 0 0 0 0 0 9 0 0 0 0 0 0 0 0 0 0 20 0 0 0 0 0 
 3 3 3 3 3 3 3 3 3 3 3 3 5 0 7 3 3 3 3 3 2 0 0 0 0 0 0 0 0 65 0 0 0 6 0 0 0 0 0 0 73 201 344 57 81 30 274 156 141 52 31 46 0 68 59 47 21 101 195 213 0 0 0 0 0 0 0 0 0 0 0 0 0 0 0 0 0 2 0 0 0 0 0 0 0 0 0 0 0 0 0 0 0 0 0 0 0 0 0 0 0 0 0 0 12 22 0 0 0 0 21 0 0 0 0 0 0 0 0 0 10 7 0 0 2 0 9 6 16 0 5 27 0 61 10 16 17 0 0 11 0 0 0 0 0 0 0 0 0 19 11 7 0 0 0 0 0 0 5 0 0 0 0 0 0 0 0 0 0 0 0 0 0 0 0 0 0 0 0 0 0 0 0 0 0 21 0 0 0 0 0 0 0 0 0 0 0 0 0 0 21 30 18 0 11 3 31 11 16 11 51 15 22 0 22 0 16 0 11 20 3 0 0 0 0 0 0 0 0 0 0 0 0 0 0 0 0 0 0 15 0 0 0 0 0 0 0 0 0 0 0 7 68 0 0 0 0 96 0 0 0 16 0 0 2 0 0 68 1 0 0 0 0 0 0 0 0 0 0 0 0 0 0 0 3 0 0 0 1 0 
 0 0 0 0 0 0 0 0 3 0 0 0 0 0 0 0 0 0 0 0 0 3 5 6 1 22 0 0 0 0 0 2 0 0 14 1 0 19 0 0 110 113 189 123 72 42 246 71 438 167 98 34 68 0 278 117 140 66 318 354 0 0 0 0 0 0 0 0 0 0 0 0 0 0 0 0 0 1 0 0 0 0 0 0 0 0 0 0 0 0 0 0 0 0 0 0 0 0 0 0 0 0 0 0 0 14 0 0 0 2 1 0 0 0 0 0 0 0 0 0 47 0 1 0 38 0 0 31 0 36 32 0 0 1 15 9 40 18 0 29 0 0 0 0 0 0 0 3 0 0 0 0 0 0 0 1 0 0 0 0 0 0 0 0 0 0 0 0 0 0 0 0 0 0 0 0 0 0 0 0 0 1 0 3 3 29 0 0 0 0 0 0 0 0 0 0 16 1 0 0 57 10 2 19 13 0 29 15 30 27 0 0 0 1 35 32 41 23 10 26 0 0 0 0 0 0 0 0 0 0 0 0 21 0 0 0 0 0 15 0 0 0 0 0 0 0 0 0 0 0 0 4 0 0 0 0 0 0 1 0 0 0 0 0 65 2 0 0 0 0 22 0 0 0 0 0 0 0 0 0 0 0 0 0 0 24 0 10 1 0 
 0 0 0 0 0 0 0 0 0 0 0 0 3 0 0 0 0 0 0 0 0 0 0 1 0 39 0 0 0 0 0 0 0 2 0 0 0 0 0 0 149 119 52 59 78 41 199 58 146 159 68 40 59 278 0 157 339 39 100 155 0 0 0 0 0 0 0 0 0 0 0 0 0 0 0 0 1 2 0 0 0 0 0 0 0 0 0 11 0 0 0 0 0 0 0 0 0 0 0 0 0 0 0 0 0 10 0 0 0 0 0 0 0 0 0 0 0 0 0 0 49 0 2 17 26 0 0 21 8 26 14 1 0 0 13 14 25 12 0 42 0 0 0 0 0 0 0 0 0 0 0 0 1 0 0 1 0 0 0 0 0 0 0 0 0 0 0 7 0 0 0 0 0 0 0 0 0 0 0 0 0 0 0 0 0 13 0 0 0 0 0 0 0 0 0 0 0 0 0 0 24 9 40 10 16 0 26 15 13 0 4 0 0 0 49 38 24 0 14 10 0 0 0 0 0 0 3 11 0 0 0 0 27 1 0 0 0 0 1 0 0 0 0 0 0 0 0 0 0 0 0 14 0 0 0 0 0 0 0 0 0 0 65 0 69 4 0 0 0 0 10 0 0 0 0 0 0 0 0 0 0 0 0 0 0 18 0 17 2 0 
 0 2 0 0 0 0 0 2 0 0 0 0 0 0 0 0 0 0 2 0 3 3 3 3 3 3 3 3 29 65 3 3 3 3 3 3 209 3 3 3 42 45 140 118 87 365 20 168 391 253 281 103 47 117 157 0 72 177 243 287 0 0 0 0 0 0 106 3 0 0 27 0 0 0 8 0 60 0 5 35 0 0 0 0 0 0 0 0 0 0 0 0 0 0 0 0 0 0 0 0 0 0 0 0 0 0 0 0 0 0 0 0 0 0 0 0 0 0 0 0 0 0 0 7 8 28 0 0 13 8 5 11 0 0 0 0 5 6 0 0 0 19 3 0 0 0 8 13 0 13 0 0 4 5 91 2 0 3 0 41 0 0 0 19 0 0 0 0 0 0 0 0 0 0 0 0 0 0 0 0 0 0 0 0 0 0 0 0 0 0 0 0 0 0 0 0 0 0 0 0 0 0 30 13 0 14 0 8 7 0 0 0 0 0 0 11 31 36 0 0 21 0 1 19 0 0 11 8 0 2 5 0 19 33 36 0 0 1 22 48 1 0 0 0 0 0 0 0 0 0 0 12 0 0 0 0 0 0 0 1 0 0 2 3 0 1 0 0 0 0 3 0 0 0 0 0 0 0 0 0 0 0 0 0 21 13 0 0 2 0 
 2 2 2 2 2 2 2 4 2 2 2 2 5 0 2 2 2 2 2 2 0 1 13 20 17 132 0 0 7 1 0 0 0 0 18 21 1 12 0 0 57 98 177 46 270 103 249 42 38 171 291 141 21 140 339 72 0 52 50 105 0 0 0 0 0 0 0 0 0 0 7 0 0 0 0 0 0 0 0 17 0 0 0 0 0 0 0 0 0 0 0 0 0 0 0 0 0 0 0 0 0 0 0 0 0 0 0 0 0 4 0 0 0 0 0 1 9 0 0 0 20 6 32 0 2 0 0 58 15 40 23 24 0 15 0 22 4 10 0 4 0 16 0 0 0 23 2 1 0 8 0 0 0 0 15 1 0 0 0 0 0 0 0 0 0 0 0 0 0 0 0 0 0 0 0 0 0 0 0 0 0 0 0 0 16 1 0 0 0 0 2 0 0 9 0 0 1 0 0 0 12 9 2 0 13 24 0 0 8 11 15 0 0 0 13 36 19 2 0 34 26 0 0 36 0 0 0 0 21 1 0 0 14 40 22 0 0 0 16 0 0 0 0 0 0 0 0 0 0 0 0 8 0 1 0 0 0 0 0 1 0 0 0 1 31 2 3 0 0 0 0 0 0 0 0 0 0 0 0 0 0 0 0 0 0 0 0 14 0 0 
 3 5 3 5 3 4 5 3 5 3 5 5 5 2 7 4 6 5 5 3 2 1 1 0 0 0 1 0 3 0 0 2 3 1 0 0 0 1 2 1 47 47 202 179 57 48 24 99 161 62 386 60 101 66 39 177 52 0 45 315 0 0 0 0 0 0 52 0 0 0 0 0 52 0 0 0 0 0 51 3 0 0 0 0 0 0 0 0 0 0 0 0 0 0 0 0 0 0 0 0 0 0 0 0 4 0 0 0 0 0 0 0 0 0 0 0 0 0 0 0 0 11 13 11 30 0 0 0 0 30 15 0 0 2 0 3 41 0 0 0 0 0 0 2 0 1 16 10 0 0 0 0 0 1 0 1 0 2 0 0 0 0 0 0 0 0 0 0 0 0 0 0 0 22 0 0 0 0 0 0 0 0 0 0 0 0 0 0 0 0 0 0 0 0 0 0 0 0 0 0 18 7 9 0 18 13 0 6 0 12 18 3 0 0 0 13 0 23 0 8 38 0 0 0 2 1 2 0 0 0 0 2 66 0 0 0 0 10 7 0 0 0 0 0 0 0 0 0 2 0 0 7 0 0 0 0 0 0 0 23 0 0 2 2 3 3 0 53 0 0 21 0 0 1 0 0 0 0 0 0 0 0 0 0 0 0 0 0 0 1 
 0 0 0 0 0 1 0 5 0 0 0 0 4 0 0 0 0 0 0 0 0 0 66 64 124 0 0 0 0 130 0 118 0 1 0 2 62 73 0 76 218 64 40 81 297 103 147 70 96 75 40 27 195 318 100 243 50 45 0 86 2 0 0 4 10 2 0 0 0 3 5 7 0 2 4 1 5 2 0 0 0 0 0 0 0 0 0 0 0 0 0 0 0 0 0 0 0 0 0 0 0 19 0 10 0 9 0 0 0 13 0 10 4 0 0 6 32 0 0 0 39 0 0 0 0 0 19 0 26 0 4 0 24 0 13 9 6 11 15 35 0 0 0 0 1 0 0 16 0 0 0 5 0 0 0 0 0 0 0 0 0 0 0 0 0 0 0 0 0 4 3 0 0 0 0 0 5 0 10 0 0 7 8 1 4 47 0 0 20 25 21 3 0 0 0 0 0 42 0 0 30 0 0 2 0 0 51 20 11 0 0 0 49 54 0 0 12 0 55 0 0 0 6 0 10 0 0 0 0 0 0 0 0 0 11 7 0 5 0 0 0 0 0 0 0 0 0 0 0 0 0 2 0 0 0 0 0 64 0 0 19 0 3 0 0 1 0 0 1 0 0 0 0 0 0 6 0 0 0 0 0 0 0 0 0 10 0 0 2 0 
 3 3 3 3 3 3 3 3 3 3 3 3 6 0 5 3 3 3 3 3 3 3 31 27 81 4 3 3 34 65 64 65 3 3 3 68 239 3 3 3 168 180 156 58 296 71 187 79 64 89 52 28 213 354 155 287 105 315 86 0 0 0 51 0 0 0 0 0 0 0 0 0 51 0 0 0 2 2 0 0 0 0 0 0 0 0 0 0 0 0 0 0 0 0 0 0 0 0 0 0 0 0 0 0 40 32 0 0 11 2 29 1 0 0 0 0 0 0 0 0 7 6 1 0 10 0 24 6 12 1 2 17 5 83 7 15 19 0 6 31 0 0 0 0 0 0 0 0 0 0 6 8 0 0 0 0 0 0 8 0 12 0 0 6 0 0 0 0 0 0 0 0 0 0 0 0 0 0 0 0 0 0 0 3 0 10 0 0 0 1 9 0 0 0 0 0 56 4 0 0 0 29 26 0 37 4 23 0 9 13 14 23 15 15 21 1 22 2 1 32 3 0 0 0 0 0 0 0 0 0 0 0 0 0 0 0 0 0 0 56 0 0 0 0 0 0 0 0 0 0 0 3 0 1 0 0 0 39 0 2 0 14 2 0 0 2 3 64 1 0 0 0 0 0 0 0 0 0 0 0 0 0 0 0 0 0 0 0 0 0 
 3 3 3 3 3 3 3 3 3 3 2 55 3 0 3 3 3 3 3 3 7 0 0 0 0 11 0 1 0 0 5 0 0 0 0 9 0 4 0 0 2 53 0 0 49 99 2 0 0 0 0 0 0 0 0 0 0 0 2 0 0 209 243 58 41 254 201 115 124 101 20 248 81 153 77 73 84 97 99 80 0 0 0 0 0 0 0 0 0 0 0 0 0 0 0 0 0 0 0 0 0 0 5 0 6 1 0 0 0 0 0 0 0 0 0 1 17 0 0 0 0 0 0 0 0 0 0 0 0 0 0 0 3 0 0 0 0 1 30 0 29 17 0 27 19 13 3 8 63 23 4 9 4 8 0 53 35 27 13 11 0 4 0 6 0 0 0 0 0 0 0 4 3 0 0 0 0 0 0 5 0 0 8 0 10 0 0 0 5 0 4 4 0 0 0 0 0 0 0 0 0 0 0 1 0 0 0 0 1 0 1 1 0 0 0 0 0 0 0 0 10 31 27 10 18 4 9 16 15 19 19 2 25 9 13 65 15 0 10 2 0 0 0 0 0 0 0 0 0 1 0 0 0 0 10 0 0 0 0 0 0 0 0 0 0 0 0 0 0 0 45 0 0 2 0 0 0 0 0 0 0 0 0 0 0 0 0 0 0 0 
