 0 120 93 47 44 120 373 65 159 51 148 59 274 59 130 22 42 47 140 27 2 0 0 7 0 2 2 0 0 0 0 3 2 0 0 0 0 0 79 0 0 0 0 0 0 0 3 2 3 0 3 0 0 0 0 0 0 0 0 0 0 3 21 0 0 3 0 0 0 0 0 0 0 0 3 0 2 0 0 0 24 41 15 3 23 15 36 41 0 15 0 0 12 14 76 8 20 0 1 1 0 0 0 0 0 0 0 0 0 0 0 0 0 0 0 0 0 0 0 0 0 0 0 0 0 2 0 15 0 0 0 0 0 0 0 0 2 0 0 0 0 0 0 0 1 0 0 0 0 0 0 0 0 0 0 11 0 0 0 0 33 1 0 0 19 0 13 14 11 2 17 0 6 7 7 0 6 0 16 0 0 0 0 0 0 0 0 0 0 0 0 0 23 0 0 0 0 0 0 1 0 0 0 0 0 0 0 0 0 0 0 0 0 0 0 0 0 0 0 0 0 0 0 0 0 0 0 0 0 0 0 0 0 0 0 0 0 0 0 0 0 15 0 0 0 2 0 0 0 3 0 13 14 0 0 0 0 0 0 0 0 0 0 0 0 0 0 2 0 0 0 0 0 0 0 11 0 0 0 0 0 0 0 0 0 0 0 0 0 0 
 120 0 55 132 215 108 85 270 101 152 128 64 352 44 96 121 113 122 46 41 2 0 0 79 0 0 2 0 0 1 0 3 2 0 0 0 0 0 3 0 0 0 0 0 0 0 3 2 1 0 3 0 0 0 0 0 0 0 0 0 0 3 0 0 0 3 0 0 0 0 0 0 0 0 3 0 0 0 0 0 20 0 29 3 0 9 9 0 12 36 0 6 39 7 29 26 48 22 0 0 0 0 0 0 0 0 0 0 34 0 0 0 1 0 0 0 0 0 0 0 0 0 0 0 0 0 0 0 0 0 0 0 0 0 0 0 0 0 0 0 9 0 0 0 0 0 1 0 0 0 0 0 0 2 0 0 0 0 0 0 19 10 19 0 37 12 0 0 0 0 13 13 0 24 37 0 17 0 0 0 0 0 0 0 0 0 0 0 0 0 0 0 9 19 1 7 0 0 0 0 0 0 0 0 0 0 0 0 0 0 0 0 0 0 12 0 0 0 0 0 0 0 0 0 0 0 0 0 0 0 2 0 0 0 0 0 0 18 0 0 0 0 0 0 2 0 1 0 0 0 0 4 15 0 0 0 0 0 0 0 42 0 0 0 0 0 0 0 0 0 0 0 0 0 0 30 1 13 0 0 0 0 0 0 0 0 0 0 0 0 
 93 55 0 256 317 26 58 115 132 228 212 23 176 231 83 385 43 159 38 430 76 0 0 2 72 0 2 0 0 0 0 5 2 74 74 0 0 0 3 0 0 0 0 0 0 0 3 2 2 0 3 0 1 0 0 0 0 0 0 0 0 3 0 0 0 3 0 0 1 0 0 0 0 0 3 0 0 0 0 0 44 21 26 17 0 0 20 15 14 18 22 0 11 26 22 1 32 29 0 0 20 0 0 0 18 0 0 13 0 0 0 3 13 2 0 0 0 0 14 6 0 0 0 0 0 0 0 0 10 0 0 0 0 0 0 0 0 0 0 0 0 0 0 0 0 1 0 0 0 8 0 0 0 0 2 0 0 0 0 0 13 15 37 34 14 27 9 0 28 34 12 6 11 5 1 1 19 24 0 6 0 25 0 0 0 0 25 0 16 0 1 0 0 0 33 1 0 15 11 36 0 0 0 0 0 0 0 0 0 0 0 0 0 1 0 0 0 0 13 2 0 0 0 0 0 0 0 0 0 0 0 0 0 2 0 0 0 0 0 0 0 15 0 0 0 1 0 0 89 0 1 40 0 0 0 0 0 0 0 0 0 0 0 0 0 0 0 0 0 0 0 0 0 0 0 36 0 0 0 0 0 0 0 0 0 0 0 0 0 0 
 47 132 256 0 477 213 74 262 166 350 222 51 168 159 70 230 211 132 92 60 2 0 0 2 0 0 2 0 2 1 0 6 2 0 1 0 0 2 2 0 0 0 0 0 0 0 3 0 3 0 3 0 0 0 62 0 0 45 0 0 0 3 0 4 0 3 54 0 59 0 0 0 0 1 3 0 2 0 0 0 15 0 0 10 0 16 0 7 52 19 38 44 0 0 0 30 26 34 12 0 0 0 0 0 0 0 3 0 1 0 0 0 40 0 13 12 0 0 2 8 0 0 0 0 0 0 0 0 0 0 0 0 0 0 0 0 0 0 14 0 0 0 0 0 0 0 0 0 0 3 0 0 0 0 3 0 0 0 0 0 29 6 11 35 0 11 2 18 41 20 4 41 9 0 0 2 28 2 0 0 26 0 0 0 0 0 3 0 0 0 0 0 0 8 1 19 0 0 30 3 0 0 0 0 0 0 0 0 0 0 0 0 0 0 0 0 0 0 14 0 0 0 0 0 0 0 0 0 0 0 0 0 0 0 0 0 0 0 0 0 0 1 0 0 0 0 2 0 1 86 0 0 0 0 0 0 0 0 0 0 0 11 0 0 0 0 0 0 0 0 0 0 0 0 0 0 25 0 0 0 0 0 0 0 0 0 0 0 0 0 
 44 215 317 477 0 79 61 264 187 96 88 289 223 147 80 358 145 53 75 100 76 0 74 2 0 0 3 0 76 0 0 3 2 32 0 0 74 36 2 76 0 0 0 1 0 62 3 2 3 0 9 0 0 0 0 0 0 0 0 0 0 3 0 0 0 3 0 0 0 0 0 0 0 0 3 0 2 0 0 0 13 8 12 0 0 41 0 11 0 8 0 23 0 31 15 15 7 11 0 0 2 19 0 0 0 0 33 14 0 0 0 0 23 1 14 0 0 20 21 26 0 0 0 0 0 0 0 0 0 0 17 0 0 1 0 0 0 0 0 0 0 0 0 0 0 0 0 0 0 4 0 0 0 0 1 0 0 0 0 0 0 11 33 24 17 11 0 20 20 14 0 21 0 2 0 10 28 26 0 6 28 0 4 26 0 0 13 0 8 0 7 0 3 12 0 1 14 18 38 21 0 0 0 0 0 0 0 0 0 0 0 0 0 0 0 0 0 0 0 0 0 0 0 0 0 0 0 0 0 0 0 0 0 0 0 0 0 0 0 0 0 0 10 0 0 5 1 0 90 92 0 6 0 0 0 0 0 0 0 0 0 0 0 0 0 0 0 0 0 0 0 0 0 0 0 0 0 1 0 0 0 14 0 0 0 0 0 0 0 0 
 120 108 26 213 79 0 23 196 431 130 152 227 60 269 50 182 152 322 32 57 76 12 0 5 6 2 69 67 2 0 0 4 36 89 73 0 0 4 73 96 0 0 0 0 1 0 6 2 6 0 6 0 0 18 3 0 0 0 0 0 0 3 0 0 0 3 0 0 2 0 0 0 0 0 3 2 0 0 0 0 0 20 0 0 52 17 0 11 14 13 0 11 0 0 15 35 0 11 0 0 26 0 0 13 0 0 34 24 0 0 11 0 0 8 0 0 0 0 13 2 0 0 0 0 0 0 0 0 0 0 0 0 0 0 0 0 0 0 0 0 0 0 0 0 0 0 0 0 0 0 0 0 0 0 0 0 0 0 0 0 0 13 5 0 9 18 0 33 13 0 9 30 0 0 0 12 16 19 0 0 13 14 1 0 0 0 10 0 13 1 0 0 21 20 1 17 0 13 29 25 0 0 0 0 0 0 0 0 0 0 0 0 0 0 0 0 0 0 0 0 0 0 0 0 0 0 0 0 0 0 0 0 0 0 0 0 0 0 0 0 0 0 0 0 0 6 1 5 5 123 1 6 0 0 0 0 0 0 0 0 0 0 39 0 0 0 0 0 1 0 0 0 0 0 0 0 3 0 0 0 0 0 0 0 0 0 0 0 0 0 
 373 85 58 74 61 23 0 63 372 35 49 50 133 150 296 46 36 88 186 72 2 0 0 3 0 0 2 0 1 2 0 3 76 0 0 0 0 2 3 0 4 0 0 0 0 0 3 2 4 0 3 0 0 0 0 0 0 0 0 0 0 3 0 0 0 3 0 0 1 0 0 0 0 0 3 0 0 0 0 0 0 28 10 0 0 0 18 37 0 12 0 0 1 13 12 13 12 0 16 17 0 0 0 28 0 0 0 0 0 0 0 0 0 0 0 0 0 0 0 0 0 0 0 0 0 0 0 0 0 2 23 0 0 0 0 0 0 0 0 0 0 1 0 0 0 0 0 2 0 0 1 0 0 0 0 0 0 0 0 0 14 0 0 46 0 0 37 14 0 0 10 0 28 0 12 1 0 0 14 7 0 0 0 0 0 0 0 1 0 0 8 0 0 0 0 0 0 0 0 0 0 0 0 0 0 0 0 0 0 0 0 0 0 0 0 0 24 22 0 0 0 0 0 0 0 0 0 0 0 0 0 0 0 0 0 0 0 0 0 9 0 0 0 0 0 2 0 0 2 0 0 6 15 0 0 0 0 0 0 0 0 0 0 0 0 0 0 0 0 0 0 0 0 0 0 0 1 0 0 0 0 0 0 0 0 0 0 0 0 0 
 65 270 115 262 264 196 63 0 369 133 254 92 382 184 63 232 188 91 77 47 2 0 0 2 3 1 2 129 0 6 1 3 2 0 4 0 0 2 2 0 0 0 0 2 0 62 3 2 3 0 3 4 0 0 0 0 0 0 0 0 0 3 0 0 5 3 0 0 1 0 0 0 0 2 3 0 2 0 0 0 35 0 40 8 0 10 10 6 39 14 1 47 27 0 13 49 34 40 2 0 0 0 0 0 0 0 4 0 0 0 0 0 16 0 1 0 0 0 0 0 0 0 0 0 6 0 0 0 0 2 0 0 0 0 0 0 0 0 0 0 0 0 0 0 0 0 0 0 0 0 0 0 0 0 0 1 0 0 0 0 0 9 11 20 13 9 15 20 15 8 1 22 0 18 33 2 35 27 0 0 16 0 0 0 10 0 1 0 0 0 0 0 12 7 0 13 0 0 21 0 0 0 0 0 0 0 0 0 0 0 0 0 0 0 0 0 0 0 0 0 0 0 0 0 0 0 0 0 0 0 0 0 1 0 0 0 25 0 0 0 0 0 0 0 0 0 3 0 0 89 0 2 0 0 0 0 2 0 0 0 0 0 0 0 0 0 0 0 0 1 0 0 0 0 0 57 11 21 0 0 0 0 0 0 0 0 0 0 0 0 
 159 101 132 166 187 431 372 369 0 153 205 145 203 238 191 180 113 167 65 234 2 0 1 2 0 0 2 0 0 0 0 82 2 0 0 0 0 0 16 0 0 0 0 0 11 0 3 0 2 0 3 0 0 0 0 0 0 0 0 0 0 3 0 0 0 3 0 0 2 0 0 0 0 0 3 0 6 0 0 0 24 49 23 0 32 9 1 11 16 10 0 30 15 0 18 13 12 11 11 0 7 0 0 0 0 0 11 0 0 0 0 0 21 0 0 0 0 0 0 0 0 0 0 0 0 0 0 0 0 0 0 0 0 0 0 0 0 1 0 0 0 1 0 0 0 0 0 0 0 0 0 0 0 0 0 0 0 0 0 0 0 7 32 45 0 0 34 17 15 0 6 13 0 9 0 18 12 23 1 6 12 0 0 0 0 0 0 0 0 0 0 0 29 0 0 1 0 0 21 0 0 0 0 0 0 0 0 0 0 0 0 0 0 0 0 0 0 2 0 0 0 0 0 0 0 0 0 0 0 0 0 0 0 0 0 0 0 0 0 2 0 2 0 0 0 2 0 0 89 86 0 1 0 0 0 0 0 0 0 0 0 0 16 0 0 0 0 0 0 0 0 0 0 0 0 0 0 0 0 0 0 0 0 0 0 0 0 0 0 0 
 51 152 228 350 96 130 35 133 153 0 228 136 69 181 618 136 137 310 59 182 83 0 0 2 0 0 2 1 2 0 0 3 2 74 77 0 0 2 3 0 0 0 0 0 0 0 6 0 62 0 3 0 0 0 0 0 0 0 0 0 45 3 0 35 0 3 3 0 0 0 0 0 0 0 3 0 0 0 0 0 19 10 9 0 0 9 20 21 20 27 7 25 0 13 1 43 27 34 4 0 11 0 0 0 0 0 0 0 0 0 0 28 48 1 21 0 21 0 22 79 0 0 0 0 0 0 0 0 0 0 0 0 0 15 0 0 0 0 0 0 0 0 23 0 0 0 3 0 0 4 0 0 0 0 0 0 4 0 0 0 17 6 10 72 0 49 10 2 26 38 26 25 5 0 0 0 9 14 0 0 7 15 0 0 0 0 10 0 14 0 0 0 0 9 1 14 0 0 13 9 0 0 0 0 0 0 0 20 0 0 0 0 0 0 0 0 0 0 10 0 0 0 0 0 0 0 0 0 0 0 0 0 0 0 0 0 0 0 0 0 0 18 0 0 0 2 2 3 0 4 0 10 0 0 0 0 0 0 0 0 15 0 0 0 0 0 0 0 0 0 0 0 0 0 0 0 21 0 0 0 0 0 0 0 0 0 0 0 0 0 
 148 128 212 222 88 152 49 254 205 228 0 58 47 41 151 200 97 95 57 181 76 3 35 2 0 0 2 3 0 0 0 3 191 74 74 0 1 0 86 0 0 0 0 0 0 0 3 0 2 0 3 0 0 0 0 0 0 0 0 0 0 3 0 0 0 3 0 0 0 0 0 0 0 0 3 0 0 17 0 0 20 33 0 13 15 31 0 17 15 1 35 15 7 0 50 30 17 26 11 0 18 0 0 0 0 0 0 30 0 0 0 10 16 0 6 0 0 2 15 6 0 0 0 1 0 0 0 1 0 0 0 0 0 0 0 0 0 0 2 0 0 0 0 5 0 0 0 0 0 8 0 0 0 0 0 0 2 0 0 0 18 0 31 11 23 22 0 15 13 56 21 6 0 15 0 0 6 0 0 0 7 34 0 0 0 0 17 0 16 10 0 0 15 14 30 0 0 0 32 24 0 0 0 0 0 0 0 0 0 0 0 0 0 0 0 0 0 0 0 0 0 2 0 0 0 0 0 0 0 0 0 0 0 0 0 0 0 0 0 0 0 13 0 0 1 1 0 0 0 1 0 10 0 0 0 0 0 0 0 0 0 0 0 2 0 0 0 0 0 0 0 0 0 0 0 25 8 0 0 0 0 0 0 0 0 0 0 0 0 1 
 59 64 23 51 289 227 50 92 145 136 58 0 51 53 24 128 174 77 51 246 2 0 74 2 2 0 3 35 3 5 0 66 164 0 4 2 5 0 153 35 0 5 0 0 0 0 3 0 3 63 3 0 5 0 0 0 0 0 1 0 2 3 0 0 6 3 0 0 0 0 0 0 0 3 3 0 2 0 0 39 0 0 1 0 20 64 2 5 1 0 42 6 0 0 11 9 13 3 16 2 14 0 1 0 0 0 10 13 11 1 2 0 1 1 10 0 0 0 10 42 0 0 0 0 0 0 0 0 0 0 0 0 0 0 0 0 0 0 0 0 0 0 0 0 0 0 0 0 0 2 0 0 0 0 0 2 0 0 0 0 0 9 0 15 30 0 0 0 0 8 1 1 0 0 14 11 29 23 2 0 19 0 1 0 0 0 10 26 0 11 0 0 54 12 10 0 0 0 16 13 0 0 0 0 8 0 0 0 15 0 0 0 0 8 0 0 0 30 0 0 0 0 0 0 0 0 0 0 0 0 0 0 2 0 0 0 0 0 0 0 0 0 0 0 0 0 3 0 2 88 0 2 0 0 0 0 0 0 0 0 0 0 2 0 0 0 0 0 0 2 0 0 0 0 0 14 3 14 0 0 0 0 0 0 0 0 0 0 0 0 
 274 352 176 168 223 60 133 382 203 69 47 51 0 98 139 45 142 35 140 135 4 0 0 2 0 1 2 0 0 0 0 3 5 0 0 0 3 0 3 0 3 37 0 0 0 0 7 1 2 0 3 0 0 3 2 2 0 0 0 0 0 3 0 2 0 3 2 0 2 0 0 1 3 0 3 0 0 0 0 0 16 29 39 20 9 11 0 0 14 0 0 0 28 36 0 13 31 13 22 28 0 0 0 0 0 0 0 0 0 0 0 0 0 0 0 0 0 0 0 0 0 0 0 0 0 0 0 0 0 0 0 0 0 3 0 0 0 0 0 0 0 0 0 0 0 0 0 0 0 15 0 0 0 0 0 0 0 0 0 0 1 13 14 25 0 1 27 0 8 8 5 0 9 16 18 0 0 24 0 8 0 0 0 0 0 0 0 0 0 0 20 0 0 0 0 0 0 0 0 0 0 0 0 0 0 0 0 0 0 0 0 0 0 0 0 0 0 0 0 0 0 0 0 0 0 0 0 0 0 0 0 0 0 0 0 0 0 0 0 0 0 0 0 0 0 0 0 0 48 2 0 9 0 0 0 0 0 0 0 0 0 0 0 0 0 0 0 0 0 0 0 0 0 0 0 0 0 0 0 0 0 0 0 0 0 0 0 0 0 0 
 59 44 231 159 147 269 150 184 238 181 41 53 98 0 372 72 149 178 80 598 2 2 2 87 0 0 2 0 0 0 0 3 2 0 2 3 0 0 3 0 5 0 0 0 0 1 3 0 2 0 3 0 5 0 5 38 0 0 0 0 1 3 0 4 55 3 4 0 2 3 0 0 0 0 3 0 0 6 0 0 48 29 14 14 0 8 26 1 35 37 14 17 0 23 0 0 0 12 2 15 0 0 0 0 0 0 0 0 0 0 0 11 15 0 0 0 0 0 0 0 0 0 0 0 0 0 0 0 0 0 0 0 0 0 0 0 2 0 0 0 0 0 0 0 1 0 0 0 1 0 0 0 0 0 0 0 0 0 0 0 0 57 33 19 0 27 19 2 9 19 12 0 0 8 0 9 0 11 0 6 0 0 0 0 0 0 0 0 0 0 0 0 0 0 0 0 0 0 1 11 0 11 0 0 0 0 0 0 0 0 0 0 0 0 0 0 0 0 0 0 0 14 0 16 0 0 0 0 0 0 0 0 0 0 0 0 0 0 0 0 0 0 0 0 0 2 0 0 3 3 0 27 0 0 0 0 0 0 0 0 0 0 0 0 0 0 0 0 0 0 0 0 0 0 0 0 0 0 0 0 0 0 0 0 0 0 0 0 0 0 
 130 96 83 70 80 50 296 63 191 618 151 24 139 372 0 179 57 120 143 319 2 0 0 77 0 0 2 0 0 0 0 3 2 0 0 0 0 0 3 0 0 0 0 0 1 0 5 2 1 0 3 0 0 3 2 2 0 0 0 62 0 3 0 0 0 3 0 1 1 0 0 1 0 0 4 0 0 5 0 0 38 1 38 9 12 0 40 0 7 53 0 0 26 31 22 0 42 13 15 25 0 0 0 0 0 0 0 0 0 0 0 8 0 0 0 0 0 0 0 0 0 0 0 10 0 0 0 0 0 0 0 0 0 0 0 0 0 0 0 0 0 0 0 2 0 11 0 0 0 0 0 0 8 13 0 0 0 0 0 19 0 28 66 10 14 5 2 17 0 17 15 0 0 27 38 12 0 38 0 9 0 1 0 0 0 0 0 0 0 0 0 0 0 0 0 0 0 0 0 0 0 0 0 0 1 0 0 0 0 0 0 0 0 0 0 0 0 2 0 0 0 0 0 0 0 0 0 1 0 11 0 0 0 0 0 0 0 0 0 2 0 0 0 0 0 0 3 2 88 0 17 13 0 0 0 0 0 0 0 0 0 0 0 0 0 0 0 0 0 0 0 0 0 0 0 13 0 0 0 0 0 0 0 0 0 0 0 0 0 0 
 22 121 385 230 358 182 46 232 180 136 200 128 45 72 179 0 162 478 44 369 3 0 0 2 0 0 77 0 0 0 0 3 2 0 0 0 0 2 2 0 0 0 0 0 0 0 3 0 3 0 3 0 0 0 0 0 0 0 0 0 0 3 0 0 0 3 0 0 3 0 0 0 0 0 3 0 1 0 0 0 24 15 13 11 25 15 16 20 47 14 0 0 0 10 20 19 30 29 0 0 15 0 0 0 0 0 1 20 0 0 0 10 32 0 0 0 0 0 0 11 2 0 0 0 0 0 0 0 0 1 8 0 0 0 0 0 0 0 0 0 0 2 0 0 0 0 0 1 0 5 0 0 0 0 0 0 0 0 0 0 15 0 44 36 20 35 12 2 27 40 11 10 20 0 0 1 12 21 0 0 0 0 0 0 0 0 11 2 1 0 0 0 2 23 20 0 0 0 2 0 0 0 10 0 0 0 0 0 0 0 0 0 0 0 0 0 0 0 8 0 0 0 0 0 0 0 0 0 0 0 0 0 0 0 0 11 0 0 0 0 0 40 0 0 0 0 0 2 1 2 1 17 0 0 0 0 0 0 0 0 0 0 0 0 0 0 0 0 0 0 0 0 0 0 0 0 0 0 0 0 0 0 0 0 0 0 0 0 0 0 
 42 113 43 211 145 152 36 188 113 137 97 174 142 149 57 162 0 77 26 132 2 0 0 2 0 0 4 6 3 0 0 6 2 0 2 2 0 4 8 5 2 0 2 2 5 3 7 0 3 0 3 0 0 0 0 0 0 0 0 3 6 3 1 0 0 3 0 0 0 0 0 4 0 0 3 0 1 1 3 0 49 11 36 10 0 16 0 5 34 0 0 38 38 0 22 53 13 28 11 0 0 0 0 0 0 0 11 0 0 0 0 0 14 0 1 0 0 0 0 0 0 0 0 0 0 0 0 0 0 0 0 2 0 0 0 0 0 0 0 0 0 0 0 0 0 0 0 0 13 0 0 0 0 0 0 0 0 0 0 0 0 25 36 18 15 0 10 20 17 46 0 6 0 16 25 8 19 42 0 6 19 0 0 1 0 0 1 0 0 0 0 0 7 21 0 1 0 0 34 1 0 0 0 0 0 0 0 0 0 0 0 0 0 0 0 0 0 0 0 0 0 0 1 0 0 0 0 0 0 0 0 1 0 0 1 0 0 0 0 0 0 0 0 0 0 2 88 0 86 87 0 13 0 0 0 0 0 0 0 0 0 0 0 0 0 62 0 0 0 0 0 0 0 0 0 18 11 19 0 0 0 0 0 0 0 0 0 0 0 0 
 47 122 159 132 53 322 88 91 167 310 95 77 35 178 120 478 77 0 52 132 2 0 1 2 0 0 24 0 0 0 0 3 2 75 0 0 0 0 3 0 0 0 0 0 0 0 3 0 2 0 3 0 33 0 0 0 0 0 0 0 0 6 0 0 0 3 0 0 1 0 0 0 0 0 3 0 0 0 0 0 47 6 14 0 10 0 16 21 32 10 0 1 0 11 2 0 26 26 12 0 10 0 0 0 0 0 0 16 0 0 0 11 15 0 12 0 0 0 1 0 0 0 0 0 0 0 0 0 0 0 0 0 0 0 13 0 0 0 0 0 0 0 0 0 0 4 0 0 0 0 0 0 0 0 0 0 0 0 0 0 17 3 21 19 13 29 10 16 46 19 22 21 4 0 1 0 9 44 0 35 1 0 0 0 0 0 0 0 0 0 0 0 0 8 0 20 0 0 1 0 0 0 0 0 0 0 0 0 0 0 0 0 0 0 0 0 0 0 10 0 0 0 0 0 0 0 0 0 0 0 0 0 0 0 0 0 0 0 0 0 0 18 0 0 0 0 88 3 3 121 0 12 0 0 0 0 0 0 0 0 0 0 0 0 0 0 0 0 0 0 0 0 0 0 0 1 1 12 0 0 0 0 0 0 0 0 0 0 0 0 
 140 46 38 92 75 32 186 77 65 59 57 51 140 80 143 44 26 52 0 312 2 0 0 2 0 0 3 0 0 0 0 3 2 0 2 0 0 0 3 0 5 0 0 0 0 0 3 0 3 0 3 3 0 0 0 0 0 0 0 0 0 3 0 0 0 3 0 0 2 0 0 0 0 0 3 0 1 0 0 0 0 0 0 0 0 0 11 17 0 0 0 0 0 53 15 0 0 0 0 25 0 0 0 0 0 0 0 0 0 0 0 2 0 0 1 0 0 12 0 0 0 0 0 0 0 0 0 0 0 0 0 0 0 0 0 0 0 0 0 0 0 0 0 0 0 0 0 0 0 0 0 0 0 0 0 0 0 0 0 5 1 0 0 0 0 0 36 10 0 0 0 0 14 0 0 0 0 0 11 17 0 0 0 1 0 0 0 0 1 0 0 0 0 0 0 0 0 0 0 0 0 0 0 0 0 0 0 0 0 0 0 0 0 0 0 0 0 0 0 0 0 0 1 0 0 0 0 0 0 0 0 2 0 0 0 0 0 0 0 0 0 0 0 0 0 1 1 0 2 0 0 3 0 0 0 0 0 0 0 0 0 0 0 0 0 52 0 0 0 0 0 0 0 0 0 0 0 0 0 0 0 0 0 0 0 0 0 0 0 0 
 27 41 430 60 100 57 72 47 234 182 181 246 135 598 319 369 132 132 312 0 5 0 0 2 3 0 2 0 0 0 1 3 2 27 0 0 0 0 3 0 4 0 0 0 0 0 3 2 6 0 3 3 0 0 0 0 0 0 0 0 0 5 0 0 0 3 0 0 0 3 0 0 0 0 3 0 1 0 0 0 35 0 60 45 18 0 14 0 0 14 0 0 25 15 33 1 37 0 24 42 2 0 0 0 0 13 2 0 0 0 0 11 0 1 0 0 0 0 0 0 0 0 14 0 0 0 0 0 0 0 0 0 0 1 0 8 0 0 0 0 14 0 0 0 0 2 0 0 0 0 0 0 0 0 0 0 0 0 0 9 18 22 10 7 19 11 2 10 0 8 10 0 1 11 12 62 10 13 13 4 0 10 2 0 0 0 2 0 0 0 2 0 0 0 0 0 0 1 0 0 0 0 0 0 0 0 0 0 0 0 0 0 0 0 0 0 0 0 0 0 0 0 0 0 8 0 0 0 0 0 0 0 2 0 0 0 0 0 0 0 0 0 0 0 0 2 1 1 9 0 11 11 0 0 0 0 0 0 0 0 0 0 0 0 0 0 0 0 0 0 0 0 0 0 0 10 1 0 0 0 0 0 0 0 0 0 0 0 0 0 
 2 2 76 2 76 76 2 2 2 83 76 2 4 2 2 3 2 2 2 5 0 113 140 44 103 119 137 153 32 260 103 103 478 246 313 63 30 111 169 39 3 0 0 0 0 2 2 0 0 0 14 0 0 3 0 0 8 2 0 0 0 0 0 2 0 0 0 0 3 0 0 0 0 2 0 0 0 0 3 2 0 0 0 0 28 0 0 0 0 0 11 13 0 0 0 0 0 0 0 0 6 0 11 0 37 22 21 18 4 28 26 16 0 16 9 10 3 0 15 1 0 25 0 0 0 0 0 0 0 0 0 0 0 0 0 0 0 0 0 1 0 0 0 0 0 0 0 0 5 0 0 0 0 18 0 1 0 0 0 0 0 0 0 10 0 1 0 0 16 1 0 0 0 0 0 0 0 0 2 0 20 22 4 6 0 0 47 25 10 0 0 0 0 0 0 18 9 0 12 6 21 0 0 0 0 0 23 0 0 0 0 0 0 0 0 0 0 0 0 1 0 0 0 0 0 0 0 0 0 0 0 0 0 0 0 0 0 0 0 0 0 0 2 0 0 0 0 0 0 0 0 0 0 0 8 0 2 0 77 0 21 0 0 0 0 0 0 0 0 0 0 0 0 0 0 0 0 0 0 11 0 22 0 0 0 0 0 0 0 0 
 0 0 0 0 0 12 0 0 0 0 3 0 0 2 0 0 0 0 0 0 113 0 203 188 23 32 120 153 43 216 121 323 45 113 42 137 267 119 49 156 4 0 1 0 0 0 2 2 0 0 2 0 0 3 0 0 0 0 54 0 89 0 0 0 0 0 4 3 3 0 8 0 0 0 0 0 0 0 3 2 0 0 0 0 0 0 0 0 0 0 1 0 2 0 0 0 0 0 0 0 0 8 1 66 0 1 0 20 31 18 0 0 0 21 9 32 48 34 8 12 3 0 0 0 0 0 0 0 0 0 0 0 0 10 0 11 0 2 13 13 0 0 1 0 5 0 0 0 0 0 7 0 0 0 0 3 0 0 0 0 0 6 0 0 0 21 0 0 4 9 0 0 0 0 0 0 0 0 0 0 1 20 23 59 19 24 9 49 23 30 0 20 2 0 14 22 15 8 0 6 15 0 0 0 17 0 20 1 0 0 0 0 0 0 0 12 0 0 0 24 0 0 0 0 0 0 0 0 0 0 0 0 0 0 0 0 0 0 0 0 0 0 0 0 0 0 0 0 0 0 0 0 0 0 25 0 0 77 0 4 1 0 0 0 0 0 0 0 0 0 0 0 0 0 0 0 0 0 0 0 0 0 0 0 0 0 0 0 0 0 
 0 0 0 0 74 0 0 0 1 0 35 74 0 2 0 0 0 1 0 0 140 203 0 228 33 107 175 301 91 150 45 118 365 241 93 178 338 43 102 196 3 0 0 0 0 0 5 0 2 0 9 0 0 3 0 0 0 0 1 0 2 2 0 0 0 3 0 0 3 0 1 0 0 0 2 2 2 0 3 2 0 2 0 0 0 0 5 0 0 0 0 9 0 0 0 2 0 0 0 0 2 21 7 9 21 0 0 23 19 81 21 0 1 22 16 20 13 6 0 13 2 0 0 0 0 0 0 0 0 0 0 0 3 0 0 0 2 0 13 28 0 7 1 0 39 0 0 0 0 0 8 0 0 0 0 0 0 0 0 0 0 0 0 6 0 0 0 0 0 1 1 2 2 0 0 0 0 0 0 0 30 11 8 36 21 0 29 60 40 1 0 2 11 30 0 24 27 9 0 13 0 0 0 0 0 0 22 0 0 0 0 0 0 0 1 0 0 0 13 0 0 0 0 0 2 0 0 0 0 0 0 0 0 0 0 0 0 0 0 0 0 0 3 0 0 0 2 0 0 0 0 0 0 2 20 0 0 0 0 4 45 1 0 0 0 0 0 0 0 0 0 0 0 0 0 0 0 0 0 0 0 18 0 0 0 0 0 0 2 0 
 7 79 2 2 2 5 3 2 2 2 2 2 2 87 77 2 2 2 2 2 44 188 228 0 100 56 311 223 168 155 71 61 84 245 167 215 112 128 97 165 7 67 63 0 2 68 2 2 2 0 2 2 208 3 0 0 0 0 17 0 1 2 1 6 0 0 0 0 4 0 0 6 0 0 0 8 0 0 3 4 0 0 0 0 1 0 11 0 0 9 0 0 13 2 0 0 0 0 0 0 1 22 0 29 0 0 9 15 11 12 0 0 0 11 7 9 34 19 10 11 0 0 0 0 0 0 0 0 0 0 0 10 0 0 2 7 0 0 0 8 0 0 0 0 2 0 0 12 0 0 2 0 0 0 0 0 0 0 0 0 0 12 14 0 0 4 0 0 5 3 0 0 0 2 0 0 0 0 0 0 0 23 12 48 27 0 10 19 21 13 0 19 45 0 3 13 6 12 2 11 0 0 0 0 0 0 1 0 0 0 0 0 4 0 0 0 0 0 0 7 0 0 0 0 0 0 0 0 15 0 2 0 0 0 0 1 0 0 0 0 0 0 0 0 0 0 0 0 0 0 0 0 0 0 10 1 0 0 2 0 0 1 0 0 0 0 0 0 0 0 0 0 0 0 0 0 0 0 0 0 0 0 0 0 0 0 7 0 0 0 
 0 0 72 0 0 6 0 3 0 0 0 2 0 0 0 0 0 0 0 3 103 23 33 100 0 239 57 121 122 112 410 308 270 160 157 85 193 38 293 136 6 82 0 0 0 0 92 0 96 0 2 0 129 29 0 65 0 0 1 82 0 0 0 0 0 0 0 0 3 0 0 0 0 0 0 0 0 0 9 2 0 0 0 0 0 0 0 0 0 0 0 0 0 0 0 0 0 0 0 0 0 0 0 1 23 0 0 0 15 21 40 9 0 13 11 32 33 9 0 0 0 1 0 20 1 0 34 0 66 0 1 0 10 0 0 18 0 0 18 23 0 0 0 5 0 0 0 2 0 0 0 0 0 0 0 0 0 0 0 0 0 0 0 0 0 0 0 0 0 0 0 0 0 0 0 0 0 9 0 0 0 0 5 0 13 17 0 0 0 0 29 38 0 13 15 3 62 9 0 0 0 10 27 0 0 0 13 19 0 19 34 0 4 1 0 6 38 19 21 15 0 0 0 0 0 0 0 0 0 0 2 0 0 0 0 0 0 0 0 0 0 0 0 0 0 0 0 0 0 0 0 0 0 0 9 0 1 68 84 0 1 0 0 0 0 9 0 0 0 0 10 0 0 0 0 0 0 0 0 0 0 0 0 0 0 13 0 0 0 0 
 2 0 0 0 0 2 0 1 0 0 0 0 1 0 0 0 0 0 0 0 119 32 107 56 239 0 58 108 182 206 372 138 28 46 160 208 115 144 62 60 66 62 0 0 0 0 181 0 23 0 2 0 24 3 0 23 0 0 230 1 0 0 0 0 0 0 0 0 3 0 0 0 0 0 0 0 0 6 7 2 0 0 0 0 0 0 0 0 6 0 0 0 0 0 0 0 0 0 0 0 0 0 19 20 0 17 0 0 12 22 15 9 0 0 1 19 0 0 12 1 23 10 0 9 20 0 18 12 44 0 8 0 5 9 22 13 0 8 2 43 0 8 4 0 2 0 0 0 0 0 1 0 2 0 0 0 0 0 1 0 0 0 0 2 0 2 0 0 4 2 0 0 0 0 0 0 0 0 0 0 0 0 4 0 0 2 0 0 2 26 25 9 0 0 0 17 0 2 0 0 1 19 0 2 0 0 34 0 11 18 0 0 12 21 0 3 0 0 30 27 0 0 0 0 0 0 0 2 2 1 0 0 0 0 0 0 0 0 1 0 0 0 0 0 0 0 0 0 0 0 0 0 0 0 10 3 1 116 77 0 19 0 0 0 0 0 0 0 0 0 0 0 0 0 0 0 0 0 0 0 0 0 0 0 2 0 0 0 0 0 
 2 2 2 2 3 69 2 2 2 2 2 3 2 2 2 77 4 24 3 2 137 120 175 311 57 58 0 129 275 116 272 265 192 140 419 51 24 33 341 221 3 8 0 0 0 0 2 2 0 0 2 6 0 3 0 0 0 0 4 0 0 0 0 0 0 0 0 0 3 0 0 0 0 0 0 0 0 0 3 2 0 2 0 0 26 0 0 0 0 0 10 0 0 0 0 0 22 2 2 0 15 13 14 7 8 0 15 42 0 11 0 8 11 17 0 11 0 34 83 26 0 0 1 0 0 0 1 0 0 0 0 0 0 0 0 0 0 0 0 0 0 0 0 0 0 0 0 0 0 2 0 0 0 0 0 1 0 0 0 0 2 0 1 0 41 6 0 0 0 0 8 14 0 0 0 1 0 0 0 0 16 39 18 12 0 0 10 17 13 11 0 0 19 8 12 0 7 11 0 12 0 0 0 0 0 0 0 2 0 0 0 0 2 0 0 0 0 0 0 0 0 0 0 0 0 0 0 0 0 0 0 0 0 0 0 0 0 0 0 0 0 0 0 0 0 0 14 0 0 76 0 0 0 0 9 0 2 0 0 2 2 2 0 0 0 68 0 0 0 2 0 0 0 0 0 0 0 0 0 0 0 0 0 0 0 0 0 0 0 0 
 0 0 0 0 0 67 0 129 0 1 3 35 0 0 0 0 6 0 0 0 153 153 301 223 121 108 129 0 369 189 24 262 206 205 190 48 354 106 77 130 5 0 30 0 0 0 2 3 0 0 2 0 0 3 0 0 0 0 61 0 0 0 0 0 0 0 0 0 6 0 0 4 0 0 0 0 0 0 3 2 0 0 0 0 7 10 0 0 0 0 12 0 1 0 0 0 0 0 0 0 63 10 0 23 1 0 34 24 29 12 20 0 0 19 32 10 22 10 28 8 0 0 0 0 0 0 0 0 0 0 0 0 13 7 0 18 0 0 0 7 0 0 0 0 0 0 0 0 2 0 0 0 0 0 0 1 0 0 0 0 0 0 0 3 12 0 0 0 4 14 0 0 0 0 0 0 0 0 0 0 2 26 0 8 10 1 10 1 13 9 0 7 10 33 57 8 13 0 13 9 18 0 0 0 0 0 13 0 0 0 0 0 0 17 0 11 0 0 0 11 0 0 0 0 0 0 0 0 0 0 0 0 0 0 0 0 0 0 0 0 0 0 0 0 0 0 0 0 0 0 0 0 0 0 7 2 0 0 0 2 89 0 0 0 0 0 10 0 0 0 0 0 0 0 0 0 0 0 0 0 0 0 0 0 0 0 8 0 0 0 
 0 0 0 2 76 2 1 0 0 2 0 3 0 0 0 0 3 0 0 0 32 43 91 168 122 182 275 369 0 176 203 273 76 93 157 83 251 184 63 233 5 1 11 0 0 61 106 1 0 0 2 3 69 3 0 0 0 0 62 0 0 0 0 0 0 0 0 4 3 0 0 48 5 0 0 71 0 0 3 2 0 0 0 0 20 0 0 0 0 0 0 2 0 0 0 0 0 0 0 0 1 18 10 43 0 0 16 1 34 41 34 0 13 25 20 27 31 15 12 16 37 0 0 0 0 0 0 0 31 0 0 0 56 0 11 0 0 0 0 31 0 5 4 0 0 0 0 0 0 0 0 0 0 0 0 0 0 2 0 0 0 0 0 0 0 0 0 0 0 0 0 0 0 2 0 0 0 0 0 3 18 0 16 0 10 12 0 0 7 9 31 17 10 15 24 4 29 10 46 0 12 0 0 0 0 0 12 0 0 0 0 1 1 10 0 0 0 0 7 32 0 0 0 0 0 0 0 0 0 0 0 0 0 0 0 0 0 0 0 1 0 0 0 0 0 0 0 0 0 1 0 0 0 0 6 1 2 41 0 0 6 0 0 0 0 0 8 0 0 0 0 0 0 0 0 0 0 0 0 1 0 0 0 0 0 14 3 0 0 0 
 0 1 0 1 0 0 2 6 0 0 0 5 0 0 0 0 0 0 0 0 260 216 150 155 112 206 116 189 176 0 108 178 56 144 185 210 165 278 65 149 5 0 2 0 0 0 67 1 0 1 2 0 0 3 0 0 0 0 116 0 4 0 0 0 0 0 0 0 3 0 6 0 0 0 0 0 0 0 3 2 0 0 0 0 0 0 0 0 0 7 0 0 0 0 0 0 0 0 0 0 0 12 20 29 0 15 0 9 15 17 14 0 0 12 12 15 42 28 0 0 5 0 0 0 0 0 0 1 18 0 0 0 18 1 0 0 0 0 18 17 0 0 4 0 1 0 0 0 0 0 0 0 0 0 0 0 0 1 0 0 0 0 0 0 0 0 2 0 4 7 0 0 0 0 0 0 0 0 0 0 0 24 32 20 0 30 9 0 14 4 12 8 2 10 22 21 18 0 0 0 34 0 0 0 0 0 30 17 0 0 0 1 39 12 0 4 0 0 0 55 0 0 0 0 0 0 0 0 0 0 0 0 0 0 0 0 0 0 0 2 0 0 0 0 0 0 0 0 0 0 0 0 0 0 10 0 3 6 1 3 23 10 0 0 0 0 0 0 0 0 0 0 0 0 0 0 0 0 0 0 0 9 0 0 0 0 0 0 0 0 
 0 0 0 0 0 0 0 1 0 0 0 0 0 0 0 0 0 0 0 1 103 121 45 71 410 372 272 24 203 108 0 62 164 173 153 234 121 96 33 153 68 0 1 0 0 0 148 0 0 0 2 4 64 3 0 1 0 0 1 0 0 0 4 4 0 0 0 0 3 0 5 0 0 0 0 0 0 1 4 2 0 10 0 0 0 0 0 0 0 0 0 0 0 0 0 0 0 0 0 0 0 1 10 9 13 57 0 0 0 4 42 22 1 13 0 19 17 0 0 0 12 0 0 0 0 0 0 0 21 0 0 0 16 18 6 0 0 0 14 15 0 7 2 0 0 0 0 0 6 0 0 0 0 0 0 0 0 0 0 0 0 0 0 19 0 0 0 0 0 1 0 0 20 0 0 0 0 0 0 2 16 0 41 0 0 14 12 12 22 1 16 2 29 0 0 10 38 23 0 0 11 0 0 0 0 0 27 18 0 0 1 0 13 25 13 1 0 15 2 69 0 0 0 0 0 0 0 0 0 0 0 14 8 0 0 0 0 0 0 0 0 0 0 0 0 0 0 0 21 0 0 0 0 0 7 0 1 159 0 0 0 0 0 0 0 0 0 0 0 0 0 0 0 0 0 0 0 0 0 14 0 0 0 0 0 12 0 0 0 0 
 3 3 5 6 3 4 3 3 82 3 3 66 3 3 3 3 6 3 3 3 103 323 118 61 308 138 265 262 273 178 62 0 59 106 110 281 105 110 37 55 66 57 70 2 14 1 63 2 63 2 5 2 92 3 3 2 2 5 61 0 6 0 3 9 0 0 4 0 5 0 1 5 0 0 0 3 0 6 3 2 0 0 0 0 0 0 0 1 0 0 0 0 2 0 0 0 0 0 32 0 0 13 11 31 0 18 0 0 19 27 12 0 0 0 0 16 11 16 0 0 0 0 0 0 0 0 27 0 15 0 0 0 11 10 0 0 0 0 0 8 0 0 0 0 0 0 0 1 0 0 0 0 0 0 0 0 0 0 0 2 0 0 0 1 0 0 0 0 6 0 0 0 0 8 0 0 0 0 2 0 0 0 64 11 53 0 0 0 0 0 0 4 20 19 13 7 5 0 0 0 0 0 2 0 9 0 62 9 0 11 15 0 0 0 18 6 0 0 14 5 0 0 0 0 0 0 0 0 0 0 0 0 0 0 0 0 0 0 0 0 0 0 0 0 0 0 0 0 0 0 0 0 0 0 10 1 0 154 0 0 14 0 0 0 0 0 12 0 0 0 3 0 0 0 2 0 0 0 0 0 0 0 0 0 0 0 8 0 0 0 
 2 2 2 2 2 36 76 2 2 2 191 164 5 2 2 2 2 2 2 2 478 45 365 84 270 28 192 206 76 56 164 59 0 169 251 110 29 40 196 39 3 0 0 0 0 0 63 0 0 0 2 0 0 3 0 0 0 0 0 0 0 0 0 0 0 0 0 0 54 0 0 0 0 0 0 0 0 0 3 2 0 0 0 0 21 12 0 0 0 0 37 10 0 0 0 0 0 0 0 0 22 16 32 0 13 0 32 1 15 28 49 0 19 13 30 10 0 0 29 20 0 0 0 0 0 0 0 0 0 0 0 0 0 0 0 0 0 0 15 0 0 0 0 0 0 0 0 0 0 0 0 0 17 0 0 0 0 0 0 0 0 0 0 16 11 0 0 0 11 4 0 16 12 0 0 1 0 0 0 0 9 58 8 0 0 0 18 32 27 4 0 0 17 0 0 0 0 7 21 10 0 0 0 0 0 0 0 0 0 0 0 0 0 19 0 0 0 0 0 0 0 11 0 0 0 0 0 0 0 0 0 0 0 0 0 0 0 0 0 0 0 0 0 0 0 0 1 0 62 0 0 0 0 0 9 0 0 0 0 2 2 2 10 0 0 0 0 0 0 0 0 0 0 0 0 0 9 0 0 0 0 0 0 0 0 0 0 0 0 0 
 0 0 74 0 32 89 0 0 0 74 74 0 0 0 0 0 0 75 0 27 246 113 241 245 160 46 140 205 93 144 173 106 169 0 159 193 38 120 158 170 3 1 34 0 0 0 2 1 0 0 8 0 0 3 0 0 0 0 0 0 0 0 0 1 0 0 0 68 3 0 0 6 0 0 0 0 0 0 3 2 0 0 0 0 7 0 0 0 0 0 6 6 0 0 0 0 0 0 0 0 8 29 10 29 5 0 21 21 29 11 18 1 13 20 0 0 2 11 8 13 0 0 0 0 0 0 0 0 0 0 0 0 0 0 9 0 0 0 23 0 39 0 0 0 20 0 0 0 0 0 10 0 0 0 0 0 0 0 0 0 0 0 0 5 18 0 0 0 6 0 4 0 0 0 0 0 0 0 0 0 21 33 33 20 14 0 60 25 12 0 0 0 32 0 10 0 0 25 9 37 0 0 0 0 0 0 0 0 0 0 0 0 0 0 0 1 0 0 0 0 0 0 0 0 0 0 0 0 0 0 0 0 0 0 0 0 0 0 0 0 0 0 8 0 0 0 0 0 0 0 0 0 0 0 4 0 1 0 0 1 3 0 0 0 0 0 23 0 0 0 0 0 0 0 0 0 0 0 0 0 0 42 0 0 0 0 5 0 0 0 
 0 0 74 1 0 73 0 4 0 77 74 4 0 2 0 0 2 0 2 0 313 42 93 167 157 160 419 190 157 185 153 110 251 159 0 98 46 378 368 179 1 32 0 0 0 1 2 0 0 0 3 3 0 3 0 0 0 0 0 0 0 0 0 0 0 0 0 6 3 0 0 0 0 0 0 0 0 0 3 2 0 0 0 0 19 0 0 0 0 0 41 1 0 0 0 0 0 0 0 0 11 0 28 10 34 22 11 0 28 28 59 13 1 56 11 33 30 1 9 1 0 13 0 0 0 0 0 0 0 0 0 0 0 0 0 0 2 0 0 0 0 0 1 0 0 0 0 0 0 0 1 0 0 0 0 0 0 0 0 0 0 3 0 5 0 1 14 0 7 1 0 2 2 0 0 0 1 27 17 0 0 17 13 0 0 0 23 23 8 0 11 9 1 2 0 13 10 19 12 11 14 0 0 0 0 0 14 0 0 0 0 0 0 0 1 0 0 0 0 17 0 0 1 0 0 0 0 0 0 0 0 0 0 0 0 0 0 0 0 0 0 0 0 0 0 0 0 0 0 0 0 0 0 0 18 0 4 2 0 2 18 0 0 0 0 0 12 0 0 0 0 0 0 0 0 0 0 0 0 2 0 0 0 0 0 39 0 0 0 0 
 0 0 0 0 0 0 0 0 0 0 0 2 0 3 0 0 2 0 0 0 63 137 178 215 85 208 51 48 83 210 234 281 110 193 98 0 242 361 51 62 10 0 2 83 0 0 21 1 0 206 2 0 0 74 0 0 0 0 62 0 0 0 0 0 0 0 0 0 3 0 10 0 0 15 0 0 0 0 3 2 0 0 0 0 2 0 0 0 0 0 0 0 0 0 0 0 0 0 9 0 0 19 32 69 12 1 0 16 21 6 6 0 0 1 0 11 38 28 0 0 16 0 0 0 0 0 0 0 13 0 0 0 1 10 11 0 0 1 29 11 0 2 17 0 0 2 0 13 0 0 0 0 0 0 0 0 0 0 0 0 0 0 0 2 0 0 0 0 0 0 0 0 1 0 0 0 0 0 0 1 1 9 29 14 10 12 9 12 36 9 14 9 9 0 14 0 0 0 6 0 20 0 2 0 0 0 40 1 0 0 0 0 1 10 0 0 0 0 0 11 0 0 0 0 0 0 0 0 0 0 0 0 0 0 2 2 0 0 0 0 0 0 0 0 0 0 0 0 0 0 0 0 0 0 7 0 1 2 0 3 12 1 0 0 0 0 0 0 0 0 0 0 0 0 0 0 0 0 0 0 0 0 0 0 0 0 0 0 0 0 
 0 0 0 0 74 0 0 0 0 0 1 5 3 0 0 0 0 0 0 0 30 267 338 112 193 115 24 354 251 165 121 105 29 38 46 242 0 65 35 118 4 0 2 0 0 0 98 1 0 0 2 0 34 3 0 1 0 0 72 0 0 0 2 0 0 1 0 0 3 0 10 0 2 0 0 0 0 0 3 2 0 0 0 0 0 0 0 0 0 15 2 0 0 0 0 0 0 15 0 0 0 32 13 12 0 10 1 10 15 51 19 0 4 36 31 54 18 59 18 20 1 0 0 0 0 0 0 4 29 0 0 0 52 0 0 0 0 0 30 9 0 0 1 0 6 0 0 0 0 0 14 0 0 0 0 1 0 0 0 0 0 0 0 0 0 0 0 0 0 0 0 0 0 0 0 1 0 0 0 4 20 0 18 23 31 21 0 23 11 5 23 16 1 1 20 13 29 4 11 0 3 0 0 0 0 0 55 29 0 0 0 0 82 10 0 3 0 0 25 42 0 1 0 0 0 0 0 1 2 0 0 0 0 0 0 0 0 17 0 0 0 0 0 0 0 0 0 0 0 11 0 0 0 0 15 1 0 83 2 3 0 24 0 0 0 0 0 0 0 0 0 0 0 0 0 0 0 0 0 0 0 10 0 0 2 0 0 0 0 0 
 0 0 0 2 36 4 2 2 0 2 0 0 0 0 0 2 4 0 0 0 111 119 43 128 38 144 33 106 184 278 96 110 40 120 378 361 65 0 39 54 3 0 65 4 3 0 66 2 0 0 2 0 2 3 0 0 0 0 122 0 3 0 5 0 0 0 0 0 5 0 0 2 0 0 0 0 0 2 3 2 0 0 0 0 0 0 0 0 0 0 0 2 0 0 0 0 0 0 0 0 12 26 26 21 38 15 0 0 1 1 0 0 0 2 0 8 20 28 0 0 10 0 0 0 0 0 0 0 23 0 0 0 19 1 0 16 0 12 35 49 0 0 5 0 1 0 0 0 6 0 0 0 0 0 0 0 0 2 0 0 7 0 0 0 0 8 0 0 1 1 0 0 0 2 0 0 0 0 0 0 0 13 26 24 11 10 8 1 0 11 17 11 11 0 2 2 0 1 2 0 32 0 0 0 0 0 26 0 0 0 0 2 26 7 0 14 0 0 19 37 0 0 0 0 0 0 0 0 0 0 0 19 0 0 0 0 0 0 0 1 0 0 0 0 0 0 0 1 0 0 0 0 0 0 4 0 1 2 1 0 2 24 0 0 0 0 0 0 0 0 0 0 0 0 0 0 0 0 0 0 0 12 0 0 0 0 7 0 0 0 
 79 3 3 2 2 73 3 2 16 3 86 153 3 3 3 2 8 3 3 3 169 49 102 97 293 62 341 77 63 65 33 37 196 158 368 51 35 39 0 296 3 0 0 0 1 0 3 2 0 0 2 0 0 3 0 0 0 0 0 0 0 0 0 0 0 0 0 0 3 0 0 0 0 0 0 0 0 0 3 2 0 15 0 0 37 8 0 0 0 0 25 0 0 0 26 12 0 0 0 0 8 3 0 10 11 0 1 24 0 0 0 9 0 11 1 0 0 15 24 17 0 0 0 0 12 0 0 0 0 0 0 0 0 0 0 0 0 0 3 0 0 0 0 0 0 0 0 0 0 0 0 0 0 0 0 3 0 0 0 17 0 10 0 0 0 0 0 12 0 0 0 0 0 0 0 0 0 10 0 0 15 23 32 14 0 18 10 19 12 0 0 0 15 0 17 0 11 0 12 10 0 0 0 0 0 0 0 0 0 0 0 0 0 0 0 0 0 0 0 0 0 0 0 0 0 0 0 0 0 0 0 0 0 0 0 0 0 0 0 0 0 0 0 0 0 0 0 0 0 0 0 0 0 18 12 0 2 0 0 0 3 0 16 0 0 0 0 0 0 0 0 0 0 0 0 0 0 0 0 0 0 0 0 0 0 0 0 0 0 0 
 0 0 0 0 76 96 0 0 0 0 0 35 0 0 0 0 5 0 0 0 39 156 196 165 136 60 221 130 233 149 153 55 39 170 179 62 118 54 296 0 2 0 0 0 0 0 2 0 0 0 2 0 0 3 0 0 68 0 0 0 0 0 0 0 0 0 0 0 3 0 0 0 0 0 0 0 0 0 3 2 0 0 0 0 0 0 0 0 0 0 9 0 0 0 0 0 0 0 0 0 5 34 0 33 9 0 16 11 51 16 7 11 15 51 36 12 25 28 11 10 0 0 0 0 0 0 0 0 0 0 0 0 0 0 0 0 0 2 1 0 0 0 0 0 0 0 0 0 0 0 1 0 0 0 0 0 0 0 0 0 0 13 0 2 0 0 0 0 0 0 0 0 0 0 0 0 19 42 0 3 23 19 29 12 3 0 26 8 11 0 0 10 27 13 2 12 31 7 12 21 0 0 0 0 0 0 1 0 0 0 0 0 0 0 0 0 0 0 0 0 0 0 0 0 0 0 0 0 0 0 0 0 0 0 0 22 0 0 0 0 0 0 0 0 0 0 0 0 0 75 0 0 0 0 13 0 0 0 0 2 2 0 0 0 0 0 0 0 0 0 0 0 0 0 0 0 0 0 0 0 0 0 0 0 0 0 0 0 0 0 
 0 0 0 0 0 0 4 0 0 0 0 0 3 5 0 0 2 0 5 4 3 4 3 7 6 66 3 5 5 5 68 66 3 3 1 10 4 3 3 2 0 164 119 131 259 50 131 410 130 140 219 22 134 193 163 175 85 38 277 108 1 2 0 0 0 0 1 1 0 1 0 1 2 2 1 0 0 0 4 3 1 0 0 0 0 0 0 0 0 0 0 0 0 4 0 0 0 0 0 7 0 0 0 10 0 9 0 0 0 0 0 0 0 0 0 0 0 0 0 0 45 16 19 0 13 20 28 10 10 12 6 35 0 32 11 0 10 13 0 4 10 2 0 2 1 0 6 0 0 0 2 1 0 0 0 17 0 27 9 0 0 0 0 0 0 0 0 0 18 0 0 0 0 0 0 0 0 0 13 4 0 0 2 0 0 13 0 0 0 0 0 0 0 0 0 0 0 0 3 0 2 15 7 11 0 29 0 75 11 26 0 17 14 12 18 7 24 0 0 5 0 0 0 0 13 2 0 0 2 0 0 2 0 0 0 8 0 0 0 0 0 0 0 0 0 0 0 0 0 33 0 5 0 2 0 0 0 71 2 0 0 0 0 15 0 2 0 0 2 0 0 0 0 0 0 1 0 0 0 0 0 0 0 0 0 0 0 0 2 1 
 0 0 0 0 0 0 0 0 0 0 0 5 37 0 0 0 0 0 0 0 0 0 0 67 82 62 8 0 1 0 0 57 0 1 32 0 0 0 0 0 164 0 150 64 27 39 110 202 200 60 118 59 203 55 289 250 108 22 60 122 0 0 0 2 0 0 0 0 0 0 0 0 0 0 0 0 0 0 10 0 0 0 0 0 0 0 0 0 0 0 1 4 0 0 0 0 0 0 0 0 0 6 7 0 11 11 10 0 0 0 19 0 7 0 0 0 0 0 8 1 0 11 0 49 1 0 38 12 0 12 2 1 25 10 11 9 0 0 15 7 0 0 0 0 0 0 0 0 0 14 0 0 0 0 0 0 0 0 0 0 0 0 0 0 3 2 0 0 0 0 11 7 0 0 0 1 0 5 0 0 0 4 0 0 9 7 0 1 0 7 0 10 0 0 0 0 0 2 0 0 16 8 15 0 1 0 1 8 7 8 21 0 0 0 23 31 12 22 11 0 0 0 0 0 0 0 0 0 0 0 0 0 0 0 0 0 0 0 0 0 0 0 0 0 0 0 2 0 0 0 0 8 0 2 0 0 0 62 0 0 0 0 0 0 0 16 1 0 0 0 0 0 0 0 0 0 0 0 0 0 0 0 0 0 0 0 0 0 2 0 
 0 0 0 0 0 0 0 0 0 0 0 0 0 0 0 0 2 0 0 0 0 1 0 63 0 0 0 30 11 2 1 70 0 34 0 2 2 65 0 0 119 150 0 138 289 30 78 207 63 75 268 47 129 147 176 47 61 42 60 212 0 0 0 0 0 0 0 0 0 0 0 6 49 0 0 0 0 0 0 0 0 0 0 0 0 0 0 0 0 0 0 0 0 0 0 0 0 0 0 18 0 11 0 18 0 0 0 1 27 0 0 0 0 0 0 0 0 0 0 0 13 20 12 0 1 5 15 10 0 38 9 16 0 9 1 13 49 28 0 0 0 0 0 0 0 0 8 1 0 0 0 0 0 0 8 0 0 0 0 0 0 0 0 0 0 0 0 0 0 0 0 0 0 0 0 0 0 0 0 0 0 0 7 0 12 0 0 0 0 0 0 0 11 0 8 0 0 0 0 0 0 24 7 20 0 24 0 7 16 23 4 19 7 0 10 0 12 8 0 0 12 0 0 0 0 0 1 0 0 0 0 0 5 0 0 0 0 0 0 0 0 0 0 0 3 0 0 0 0 0 0 1 0 1 0 0 0 2 0 2 0 0 0 1 0 0 16 0 0 0 1 0 0 0 0 0 0 0 0 0 0 0 0 0 0 0 3 1 0 0 
 0 0 0 0 1 0 0 2 0 0 0 0 0 0 0 0 2 0 0 0 0 0 0 0 0 0 0 0 0 0 0 2 0 0 0 83 0 4 0 0 131 64 138 0 271 110 76 105 157 216 65 102 91 85 103 130 67 173 59 56 54 1 0 73 0 0 0 16 0 0 0 0 51 78 67 0 0 0 75 16 0 0 0 0 0 0 0 0 0 0 0 0 0 0 0 0 0 0 9 0 0 0 0 0 0 0 0 8 0 0 0 0 0 0 0 20 0 0 0 0 0 1 13 0 20 42 0 0 0 0 6 1 0 0 0 1 10 0 0 0 13 0 0 0 0 0 23 0 6 11 0 0 0 0 10 0 0 16 9 1 0 0 0 0 0 0 0 0 0 0 0 0 0 0 0 0 0 0 0 0 0 0 0 0 0 0 0 0 0 0 0 0 0 0 0 0 0 0 0 0 25 0 0 18 1 0 2 0 0 11 11 9 0 61 0 0 10 0 0 0 0 11 1 0 0 0 14 7 0 0 0 0 1 0 34 0 1 11 12 8 0 0 0 0 0 0 0 0 0 0 0 3 0 0 0 0 0 0 0 12 0 0 1 100 2 4 1 0 2 0 0 0 0 0 0 0 0 0 0 0 0 0 0 0 1 0 0 0 0 0 
 0 0 0 0 0 1 0 0 11 0 0 0 0 0 1 0 5 0 0 0 0 0 0 2 0 0 0 0 0 0 0 14 0 0 0 0 0 3 1 0 259 27 289 271 0 85 75 353 77 143 445 295 156 315 210 288 52 72 85 74 56 0 0 51 0 3 50 73 0 0 0 0 19 54 54 3 0 0 106 52 0 0 0 0 0 0 0 0 0 0 0 0 0 0 0 0 0 0 0 0 0 0 0 0 0 0 0 0 0 0 0 0 0 0 0 0 0 0 0 0 13 13 0 1 38 23 0 7 12 11 10 10 0 11 11 1 10 0 0 0 10 0 0 0 0 0 19 1 8 1 0 0 1 4 17 15 0 1 23 25 0 0 0 0 0 0 0 0 0 0 0 0 0 0 0 0 0 0 0 0 0 0 0 0 0 0 0 0 0 2 0 1 0 0 0 0 0 0 0 0 0 2 0 28 10 10 0 0 9 41 19 9 0 4 1 11 0 0 1 0 11 3 0 12 0 0 18 10 0 0 0 0 15 0 25 0 1 4 20 0 0 0 0 0 0 0 0 0 0 0 0 21 0 0 0 0 0 0 0 0 0 13 0 3 69 0 2 0 15 0 0 0 0 0 0 0 0 0 0 0 0 3 1 0 12 0 0 0 0 0 
 0 0 0 0 62 0 0 62 0 0 0 0 0 1 0 0 3 0 0 0 2 0 0 68 0 0 0 0 61 0 0 1 0 0 1 0 0 0 0 0 50 39 30 110 85 0 106 98 111 180 144 154 48 49 103 106 126 58 55 60 0 50 0 53 5 0 51 2 0 0 0 0 4 50 51 0 0 0 51 90 0 0 0 0 0 0 0 0 0 0 0 0 0 0 0 0 0 0 0 0 0 0 0 0 0 0 0 0 0 0 0 0 0 0 0 0 0 0 0 0 0 8 9 6 0 12 0 19 29 7 15 13 0 0 0 10 1 0 0 0 17 2 0 6 0 0 16 4 0 0 0 0 51 12 6 0 11 29 14 8 0 0 0 0 0 0 0 0 0 0 0 0 0 0 1 0 0 0 0 0 0 0 0 0 0 0 0 0 0 0 0 0 0 0 0 0 0 0 0 0 0 0 0 18 10 0 0 0 0 0 0 3 0 0 0 0 11 0 0 0 17 0 11 6 0 0 21 17 6 0 0 0 9 25 35 9 27 6 7 19 0 0 0 0 0 0 0 0 0 0 0 6 0 0 0 2 0 2 1 11 0 0 0 2 73 1 1 2 0 0 0 0 0 0 0 3 0 0 0 0 0 0 0 0 9 0 0 12 0 0 
 3 3 3 3 3 6 3 3 3 6 3 3 7 3 5 3 7 3 3 3 2 2 5 2 92 181 2 2 106 67 148 63 63 2 2 21 98 66 3 2 131 110 78 76 75 106 0 305 183 89 28 34 169 275 32 166 40 308 331 95 0 0 0 0 0 0 0 0 0 0 0 0 0 0 0 0 0 0 5 0 0 0 0 0 0 0 0 0 0 0 0 0 0 0 0 0 0 0 0 0 0 0 10 12 26 1 0 0 1 14 13 0 0 0 1 6 11 1 0 0 14 17 11 5 3 10 20 12 30 13 11 13 23 0 22 2 4 0 1 45 14 3 5 0 1 0 14 0 0 0 1 0 0 0 4 0 0 10 7 24 0 0 0 0 0 0 0 0 12 0 0 0 0 0 0 0 0 0 0 0 0 0 9 0 0 13 0 0 0 9 20 13 0 0 0 0 18 8 0 0 12 23 0 0 10 13 7 0 0 0 25 0 1 10 0 0 24 0 5 73 0 0 0 0 0 0 5 0 0 0 0 0 0 0 0 0 0 0 0 0 0 0 0 0 0 0 0 0 0 0 0 10 2 0 0 0 0 21 0 1 0 0 3 65 0 0 0 0 0 0 0 0 0 0 0 0 0 0 0 5 0 0 9 0 0 26 1 0 0 0 
 2 2 2 0 2 2 2 2 0 0 0 0 1 0 2 0 0 0 0 2 0 2 0 2 0 0 2 3 1 1 0 2 0 1 0 1 1 2 2 0 410 202 207 105 353 98 305 0 335 16 313 50 178 419 177 149 135 39 486 129 0 0 0 0 0 0 0 0 0 0 0 0 66 0 0 0 0 0 0 0 0 0 0 0 0 2 0 0 0 0 0 0 0 0 0 0 0 0 0 0 0 0 0 0 0 0 0 0 0 0 0 0 0 0 0 0 0 0 0 0 15 7 0 20 0 15 0 7 0 0 1 10 0 0 28 0 20 0 0 0 24 0 0 0 0 0 19 0 0 0 10 5 0 0 9 0 0 19 21 0 0 0 0 0 0 0 0 0 0 0 0 0 0 0 0 0 0 0 0 0 0 0 0 0 0 0 0 0 0 0 0 0 0 0 0 0 0 0 0 0 0 0 8 22 13 0 0 21 20 23 13 1 25 0 0 0 8 67 0 0 7 0 0 0 0 0 0 0 0 0 0 0 16 0 0 0 0 0 5 0 0 0 0 0 0 0 0 0 0 18 0 2 0 1 0 0 0 1 0 1 0 0 67 66 0 2 4 0 2 0 0 0 0 0 0 0 0 0 0 0 0 0 0 0 21 0 0 0 0 1 
 3 1 2 3 3 6 4 3 2 62 2 3 2 2 1 3 3 2 3 6 0 0 2 2 96 23 0 0 0 0 0 63 0 0 0 0 0 0 0 0 130 200 63 157 77 111 183 335 0 132 117 36 163 139 77 130 321 40 153 66 0 0 0 0 0 0 0 0 0 0 0 0 0 0 0 0 20 1 36 0 15 0 0 0 0 0 0 0 0 0 0 0 1 2 0 0 0 0 0 2 0 0 0 0 0 0 0 0 0 0 0 19 0 0 9 0 0 0 0 0 3 35 21 28 16 0 48 20 20 23 33 5 13 0 19 9 0 9 1 19 1 0 6 0 0 0 3 5 16 0 0 0 0 0 1 0 0 0 3 0 0 1 0 0 0 0 0 0 0 0 0 0 0 0 0 0 0 1 24 3 0 0 0 0 0 0 0 0 0 0 0 7 0 0 0 0 0 0 0 0 13 18 15 23 44 6 0 8 7 29 26 0 0 0 8 7 0 0 28 0 0 0 3 0 0 0 6 0 0 0 0 0 0 11 0 0 0 0 1 0 0 0 0 0 0 0 0 0 0 0 0 4 0 2 0 0 0 0 0 0 0 0 0 3 2 1 0 0 2 0 10 0 0 0 0 0 0 0 0 0 0 0 0 0 0 0 0 16 2 0 
 0 0 0 0 0 0 0 0 0 0 0 63 0 0 0 0 0 0 0 0 0 0 0 0 0 0 0 0 0 1 0 2 0 0 0 206 0 0 0 0 140 60 75 216 143 180 89 16 132 0 91 108 59 94 142 212 127 118 47 111 17 0 0 0 56 0 0 0 0 0 0 0 0 0 9 0 0 0 0 3 0 0 0 0 5 0 0 0 0 0 0 0 0 0 0 0 0 0 0 0 0 0 0 0 0 0 0 0 0 0 0 0 0 0 0 0 0 0 0 0 17 11 15 5 15 21 10 5 4 27 14 34 2 10 11 0 10 9 0 0 9 0 0 0 0 0 41 0 0 0 0 0 0 3 0 0 1 11 7 0 0 0 0 0 0 0 0 0 0 0 0 0 0 0 0 0 0 0 0 0 0 0 0 0 0 0 0 0 0 0 0 0 0 0 0 0 0 0 0 0 1 19 9 20 14 20 0 7 23 9 0 39 7 0 12 0 22 0 0 0 0 10 0 0 6 0 0 11 0 0 0 0 1 0 0 3 28 0 0 6 0 0 0 0 0 0 0 0 0 0 0 6 0 0 0 0 0 0 0 14 0 0 3 66 0 1 2 76 0 0 0 0 0 0 0 0 0 0 0 0 0 0 0 0 0 0 0 0 0 0 
 3 3 3 3 9 6 3 3 3 3 3 3 3 3 3 3 3 3 3 3 14 2 9 2 2 2 2 2 2 2 2 5 2 8 3 2 2 2 2 2 219 118 268 65 445 144 28 313 117 91 0 213 21 117 118 68 119 121 45 126 0 0 0 0 21 6 21 0 0 0 0 0 0 0 0 0 0 0 1 1 0 0 0 0 0 0 0 0 0 0 0 7 0 0 0 0 0 0 0 0 0 0 0 0 0 0 2 2 0 0 0 0 0 0 0 0 0 0 0 0 0 0 26 4 0 12 0 16 9 29 24 20 9 22 25 0 14 0 0 0 24 0 0 0 0 0 15 0 7 1 0 3 0 0 0 0 0 0 23 25 0 0 0 0 0 0 0 0 0 0 0 0 0 0 0 0 9 0 0 0 2 0 0 47 0 0 11 0 0 0 0 0 0 0 0 0 0 9 0 6 6 7 10 35 63 19 7 0 35 0 0 0 0 29 18 21 6 0 0 0 6 0 0 0 0 0 24 2 0 0 0 0 19 9 6 0 0 20 58 1 0 0 13 0 0 0 0 0 0 0 0 24 0 2 0 0 0 0 0 0 0 0 1 0 4 0 4 0 0 0 0 0 0 0 0 0 0 0 0 0 0 3 0 0 37 0 0 14 2 0 
 0 0 0 0 0 0 0 4 0 0 0 0 0 0 0 0 0 0 3 3 0 0 0 2 0 0 6 0 3 0 4 2 0 0 3 0 0 0 0 0 22 59 47 102 295 154 34 50 36 108 213 0 29 47 92 44 133 159 278 32 50 0 0 53 0 0 51 1 26 0 0 0 2 54 54 0 0 0 54 1 0 3 0 0 0 0 0 0 0 0 0 0 0 0 0 0 0 0 0 0 0 0 0 0 0 0 0 0 44 0 0 0 0 0 0 0 0 13 0 0 0 0 49 0 14 20 0 11 0 7 9 0 0 0 0 19 18 0 0 0 2 0 0 0 0 0 2 36 11 0 0 0 0 3 0 0 0 0 18 13 0 0 0 0 0 0 0 0 0 0 0 10 0 0 0 0 0 0 0 0 4 0 0 0 0 0 0 0 0 0 0 0 0 0 0 0 0 0 0 0 0 0 13 51 13 10 0 0 0 0 17 22 0 0 0 0 0 0 0 0 42 7 11 0 0 0 29 0 5 0 0 0 32 24 57 36 3 0 17 16 0 0 8 0 0 0 0 0 0 0 0 9 0 1 0 0 0 0 0 5 0 2 0 2 1 28 0 0 2 4 2 0 0 0 0 0 0 0 0 0 0 0 0 0 0 7 0 16 1 0 
 0 0 1 0 0 0 0 0 0 0 0 5 0 5 0 0 0 33 0 0 0 0 0 208 129 24 0 0 69 0 64 92 0 0 0 0 34 2 0 0 134 203 129 91 156 48 169 178 163 59 21 29 0 241 31 54 31 29 259 104 0 0 0 2 0 4 2 0 0 0 0 0 0 0 49 0 0 3 1 0 0 0 0 0 0 0 0 0 0 0 0 0 1 0 0 0 0 0 0 0 0 0 0 10 0 5 0 0 0 25 24 0 0 0 0 18 0 0 0 0 45 10 0 3 14 14 1 4 25 9 8 0 24 27 32 1 0 7 10 13 0 1 0 0 0 13 0 0 0 0 0 0 0 0 0 5 0 0 2 0 0 0 0 0 19 0 0 0 0 0 0 0 0 0 0 0 0 4 0 0 0 0 0 0 1 15 0 0 0 0 0 1 0 0 0 0 13 0 3 0 1 0 12 0 1 0 14 17 7 21 0 0 9 28 5 16 0 10 19 0 1 0 0 0 0 0 0 0 0 0 0 0 0 0 0 0 0 0 2 0 0 0 0 0 0 0 0 0 0 29 0 8 1 2 0 0 0 117 0 1 0 0 0 0 0 12 0 0 0 0 0 0 0 0 0 0 0 0 0 0 0 0 0 0 0 0 0 0 2 0 
 0 0 0 0 0 18 0 0 0 0 0 0 3 0 3 0 0 0 0 0 3 3 3 3 29 3 3 3 3 3 3 3 3 3 3 74 3 3 3 3 193 55 147 85 315 49 275 419 139 94 117 47 241 0 464 246 48 34 155 272 0 0 0 0 5 5 0 0 0 0 0 0 0 3 0 1 0 0 0 0 0 14 0 0 0 0 0 0 0 0 0 0 0 0 0 0 0 0 0 0 0 0 0 0 0 0 0 0 0 0 0 8 0 0 0 0 0 0 0 0 32 15 5 6 0 20 24 6 5 21 11 10 0 28 14 10 30 20 7 0 0 0 0 0 0 0 0 0 0 0 0 0 0 0 3 12 0 0 23 15 0 0 0 0 0 0 0 0 0 0 0 0 0 0 0 0 0 10 0 0 0 0 0 0 28 40 0 0 0 0 0 0 0 0 0 0 0 0 0 0 0 19 36 3 0 33 0 10 15 10 0 10 11 19 14 4 20 46 0 0 0 0 0 0 0 0 0 0 0 0 0 0 1 0 0 0 0 0 16 0 0 0 3 0 0 0 0 0 0 0 0 8 0 0 0 0 0 0 62 0 0 0 2 0 0 7 0 0 0 0 0 0 0 0 0 0 0 0 0 0 0 0 0 0 0 1 0 0 0 0 
 0 0 0 62 0 3 0 0 0 0 0 0 2 5 2 0 0 0 0 0 0 0 0 0 0 0 0 0 0 0 0 3 0 0 0 0 0 0 0 0 163 289 176 103 210 103 32 177 77 142 118 92 31 464 0 268 88 47 272 217 0 0 0 49 0 4 0 0 0 0 1 1 51 0 0 0 0 0 0 0 0 0 0 0 0 0 0 0 0 0 0 0 0 0 0 0 0 0 0 0 0 0 0 0 0 0 0 0 0 0 0 0 0 0 0 0 0 0 0 0 15 1 37 0 1 31 2 10 9 29 9 12 0 25 14 0 51 21 0 0 12 0 0 0 0 0 11 0 0 0 0 0 0 0 12 1 0 17 36 13 0 0 0 0 0 0 0 0 0 0 0 0 0 0 0 0 0 0 0 0 0 0 0 0 0 0 0 0 0 0 0 0 0 0 0 0 0 0 0 0 0 17 24 41 24 64 0 10 43 40 11 35 16 18 10 9 47 0 0 0 7 0 0 0 0 0 1 0 0 0 0 0 3 0 0 0 0 0 24 1 0 0 16 0 0 0 0 0 0 0 0 5 0 2 0 0 0 0 0 2 0 0 4 116 0 2 0 1 0 0 0 0 0 0 0 0 0 0 0 0 0 0 0 0 20 0 0 1 2 0 
 0 0 0 0 0 0 0 0 0 0 0 0 2 38 2 0 0 0 0 0 0 0 0 0 65 23 0 0 0 0 1 2 0 0 0 0 1 0 0 0 175 250 47 130 288 106 166 149 130 212 68 44 54 246 268 0 140 42 173 273 50 0 0 0 0 0 0 0 0 0 0 0 0 0 0 0 0 0 3 0 0 0 0 14 0 0 0 0 0 0 0 0 0 0 0 0 0 11 0 0 0 0 0 0 8 0 0 0 0 0 0 0 0 0 0 0 0 0 0 0 4 22 66 15 28 17 23 31 19 0 7 14 7 0 14 7 0 44 0 20 21 0 0 0 0 0 23 0 0 0 0 2 4 5 0 0 0 43 6 1 0 0 0 0 0 0 0 0 0 0 0 0 0 0 0 0 0 0 0 0 0 0 0 0 0 8 8 0 0 0 1 10 0 0 0 0 0 1 0 0 5 14 4 56 0 1 0 3 1 13 0 9 0 0 0 15 4 9 19 0 0 0 0 7 0 0 0 0 0 0 0 0 9 0 0 0 0 0 3 0 0 0 0 0 0 0 0 0 0 0 0 17 0 1 0 0 0 0 1 0 0 0 61 56 0 5 2 0 0 0 0 0 0 0 0 0 0 0 0 0 0 0 0 0 4 0 0 0 0 0 
 0 0 0 0 0 0 0 0 0 0 0 0 0 0 0 0 0 0 0 0 8 0 0 0 0 0 0 0 0 0 0 2 0 0 0 0 0 0 0 68 85 108 61 67 52 126 40 135 321 127 119 133 31 48 88 140 0 119 37 391 0 0 9 3 3 1 0 0 2 0 0 0 0 0 2 7 4 14 0 0 0 0 0 0 0 0 0 0 0 0 0 0 0 0 0 0 0 0 0 0 0 0 0 0 0 9 0 0 0 0 0 0 0 0 0 0 0 0 0 0 16 17 22 8 0 18 0 20 5 10 20 23 0 0 20 0 25 0 0 0 9 0 0 0 3 0 10 4 0 0 2 2 0 0 0 0 0 19 14 1 0 0 0 0 0 0 0 0 0 0 0 0 0 0 0 0 0 0 0 0 0 0 0 0 0 2 0 0 0 0 0 0 0 0 0 0 0 0 0 0 0 6 19 14 39 17 0 7 14 0 0 9 7 0 0 12 16 12 0 0 12 0 0 0 0 5 23 0 0 0 0 2 14 0 0 0 0 0 11 7 0 0 11 0 0 0 0 0 0 0 0 4 0 0 0 0 0 0 0 0 0 0 2 61 0 2 1 62 0 0 0 0 0 0 0 0 0 0 0 0 0 0 0 0 11 23 0 0 0 0 
 0 0 0 45 0 0 0 0 0 0 0 0 0 0 0 0 0 0 0 0 2 0 0 0 0 0 0 0 0 0 0 5 0 0 0 0 0 0 0 0 38 22 42 173 72 58 308 39 40 118 121 159 29 34 47 42 119 0 30 44 114 6 1 0 0 0 101 51 0 0 0 1 2 0 4 1 0 0 60 52 0 0 0 0 0 0 0 0 0 0 0 0 0 0 0 0 0 0 0 0 0 0 0 0 0 0 0 0 0 0 0 0 0 0 0 0 0 0 0 0 1 0 25 0 14 14 0 0 0 0 25 0 0 0 0 1 12 0 0 0 26 18 0 0 32 0 15 24 1 16 0 4 3 22 1 0 0 11 0 12 0 0 0 0 0 0 0 0 0 0 0 4 0 0 0 0 0 0 0 0 0 0 0 0 0 0 0 0 0 0 0 0 0 0 0 0 0 0 0 0 0 0 9 21 22 2 0 0 0 0 0 30 0 0 0 0 0 0 0 0 14 6 1 11 0 0 5 18 3 2 0 0 88 5 21 6 0 41 30 63 0 0 6 0 0 0 0 0 0 0 0 8 0 0 0 0 0 0 0 17 0 12 68 0 62 4 3 71 0 0 0 0 0 0 0 0 0 0 0 0 0 0 0 0 13 8 0 41 0 0 
 0 0 0 0 0 0 0 0 0 0 0 1 0 0 0 0 0 0 0 0 0 54 1 17 1 230 4 61 62 116 1 61 0 0 0 62 72 122 0 0 277 60 60 59 85 55 331 486 153 47 45 278 259 155 272 173 37 30 0 134 0 0 0 0 0 0 0 0 0 0 0 0 0 0 0 0 28 1 0 0 0 0 0 0 0 0 0 0 0 11 0 0 0 0 0 0 0 0 0 0 1 4 19 11 0 1 6 0 0 40 0 0 13 0 0 0 11 12 4 0 25 3 0 0 16 0 18 12 19 0 3 0 25 0 9 7 0 2 23 27 0 0 6 0 0 0 0 0 0 0 0 0 0 0 0 9 0 1 0 15 0 0 0 0 0 7 0 0 5 3 15 10 0 0 0 5 0 0 0 0 0 19 11 10 1 22 0 0 1 79 16 14 0 0 0 6 0 1 1 0 13 0 0 0 0 0 17 0 1 27 0 0 17 0 0 9 0 0 9 24 0 16 0 0 0 0 0 0 0 0 0 0 0 0 0 0 0 0 0 0 0 0 0 0 0 0 3 0 0 0 0 7 0 0 0 0 0 0 0 0 0 13 1 0 0 2 0 0 2 0 0 0 0 0 0 0 0 0 0 0 0 11 0 0 0 0 0 0 0 0 
 0 0 0 0 0 0 0 0 0 0 0 0 0 0 62 0 3 0 0 0 0 0 0 0 82 1 0 0 0 0 0 0 0 0 0 0 0 0 0 0 108 122 212 56 74 60 95 129 66 111 126 32 104 272 217 273 391 44 134 0 6 0 3 1 0 0 5 2 0 4 1 4 0 0 4 0 0 0 5 2 0 0 0 0 0 0 0 0 0 0 0 0 0 0 0 0 0 0 0 0 0 0 0 0 12 0 0 0 0 0 0 8 0 0 19 0 0 0 0 0 7 0 13 22 0 0 21 7 0 13 11 13 12 4 0 15 4 1 15 26 0 0 4 0 0 3 0 0 12 6 0 0 0 15 1 0 12 0 5 0 0 0 0 7 11 0 0 0 0 0 0 0 0 0 0 0 9 17 0 0 0 0 0 0 22 41 0 0 0 0 0 6 0 0 0 0 0 0 0 0 0 26 44 0 0 36 11 64 0 1 20 0 22 0 14 0 33 48 9 0 0 0 0 0 0 0 0 10 0 10 5 1 0 0 0 0 4 0 0 0 0 0 0 0 0 0 0 0 0 0 0 3 0 0 1 0 0 0 62 0 0 0 0 0 0 12 0 0 0 0 6 0 0 0 0 5 0 0 0 0 0 0 0 0 0 0 0 0 0 0 
 0 0 0 0 0 0 0 0 0 45 0 2 0 1 0 0 6 0 0 0 0 89 2 1 0 0 0 0 0 4 0 6 0 0 0 0 0 3 0 0 1 0 0 54 56 0 0 0 0 17 0 50 0 0 0 50 0 114 0 6 0 197 95 244 49 25 130 157 45 134 264 186 70 60 71 42 263 65 260 109 0 0 0 0 0 0 0 0 0 0 0 0 0 0 0 8 11 0 0 0 0 0 10 0 0 0 0 0 0 0 0 0 0 0 0 0 0 0 0 0 0 0 0 0 4 15 0 0 21 0 0 0 0 0 0 0 0 0 0 0 0 17 21 12 0 39 0 8 22 7 0 3 9 79 35 11 44 0 0 0 0 9 0 0 0 0 0 1 0 0 0 0 0 0 0 11 0 0 4 0 0 0 0 0 0 0 0 0 0 0 0 0 0 0 0 0 0 0 0 0 0 0 0 9 3 0 0 0 0 0 0 10 0 0 0 0 0 0 0 0 1 18 13 4 1 9 1 6 11 10 27 0 0 18 3 9 34 0 0 0 13 0 0 0 0 0 0 0 0 0 0 0 0 0 12 0 0 0 0 0 0 0 0 0 0 0 0 0 0 0 20 2 1 0 3 58 0 0 0 0 0 0 0 0 0 0 0 0 0 0 
