 0 527 94 40 40 81 363 41 110 23 66 97 160 134 62 124 29 230 545 366 0 2 2 0 3 3 2 0 0 0 0 1 2 0 0 0 0 0 76 2 0 0 0 0 2 0 0 2 0 0 0 0 0 1 0 64 0 2 0 3 0 0 0 0 0 2 0 3 0 0 2 0 0 3 0 0 0 3 3 0 25 1 0 0 0 0 38 36 18 15 29 1 10 74 3 1 0 0 6 0 0 0 0 0 0 0 0 0 0 0 0 0 0 0 0 0 0 0 0 0 0 0 0 0 0 0 63 13 0 0 0 0 0 21 0 0 0 0 7 0 0 0 0 0 0 0 0 0 0 0 0 0 2 0 0 0 0 0 0 0 0 22 18 0 0 0 15 20 14 0 0 0 30 37 1 10 0 21 0 35 0 0 0 0 0 0 0 0 0 0 0 0 0 0 0 0 0 0 0 0 0 0 0 0 0 0 0 0 0 0 0 0 0 0 0 0 0 0 0 0 0 0 0 0 0 0 0 0 0 0 0 4 0 0 0 0 0 0 0 0 0 0 0 0 0 0 1 0 1 0 0 6 0 0 0 0 0 0 0 0 0 0 0 0 0 0 0 0 0 0 0 0 0 0 0 0 0 0 0 0 0 0 0 0 0 0 0 0 0 0 
 527 0 399 134 35 82 294 180 72 49 140 265 73 147 382 318 213 38 246 68 9 0 0 0 3 3 77 0 0 0 0 1 1 0 0 0 0 0 74 2 0 1 0 0 2 0 0 2 0 0 0 0 0 1 0 54 5 3 0 3 0 0 0 0 0 0 0 4 0 0 2 0 0 3 0 0 0 3 3 0 1 13 21 18 0 10 12 14 44 27 39 21 9 21 2 0 27 15 7 0 11 0 0 0 0 0 0 0 0 0 0 0 14 20 0 0 0 0 10 0 0 0 2 0 1 0 0 0 0 0 1 0 0 1 0 0 0 0 0 1 0 0 0 0 0 0 0 0 0 0 0 0 12 4 0 0 0 1 0 0 17 0 50 14 1 22 12 12 13 7 1 8 0 0 1 22 24 10 17 0 0 0 10 0 0 2 9 0 0 0 0 0 0 1 0 0 0 0 22 11 2 0 0 0 0 0 0 0 0 12 0 0 0 0 0 0 0 0 0 0 9 0 0 0 0 0 0 0 0 0 0 0 0 0 0 0 0 0 0 0 0 0 0 0 0 1 90 0 0 1 0 2 7 0 0 0 0 0 0 0 0 0 7 0 0 0 0 0 0 0 0 0 0 0 0 0 0 0 0 0 0 0 0 0 0 0 0 0 0 0 
 94 399 0 217 182 78 154 101 207 64 90 131 146 202 58 324 124 55 167 510 74 0 4 0 6 6 140 0 0 0 3 4 25 0 3 2 2 2 74 49 0 2 2 3 6 6 2 2 0 3 3 0 3 0 1 3 5 5 0 3 0 0 2 3 0 0 0 2 8 3 6 2 2 3 5 3 0 4 3 0 17 1 0 18 21 18 0 0 11 16 14 34 0 19 1 0 9 23 14 1 28 0 1 0 0 0 0 0 0 0 0 0 16 0 10 0 0 0 2 5 0 0 0 0 0 0 0 0 14 0 0 0 0 0 0 0 0 0 0 0 0 0 0 8 0 0 0 0 0 0 0 0 3 0 0 1 0 0 0 0 1 12 29 36 0 47 0 1 21 23 11 19 0 0 1 9 10 33 0 0 0 23 1 0 0 0 8 0 1 0 0 0 36 17 0 0 0 0 3 11 0 0 0 0 0 0 1 0 0 0 0 0 1 0 0 0 0 0 0 0 0 0 0 21 0 0 0 0 0 0 0 0 0 0 0 0 0 0 0 0 0 0 0 0 0 0 91 0 0 88 13 2 0 0 0 0 2 0 0 0 0 0 0 0 0 0 0 0 0 0 0 0 2 0 0 9 0 0 0 0 0 0 0 0 0 1 0 0 0 0 
 40 134 217 0 67 136 72 74 173 203 224 123 56 87 68 58 213 227 272 150 149 0 74 0 3 3 62 1 0 8 2 1 89 2 0 0 0 0 175 3 0 0 0 0 2 0 0 1 0 0 0 0 0 0 0 0 0 2 0 3 31 0 0 0 3 0 0 4 0 0 3 3 0 3 0 0 0 3 33 0 14 46 24 35 19 27 0 6 1 20 48 11 0 2 0 9 10 0 0 13 32 0 0 0 0 0 18 0 0 0 0 0 0 0 8 0 0 0 25 0 0 0 0 2 0 0 0 0 0 0 0 0 0 0 0 0 2 0 0 0 0 1 0 20 0 0 0 5 5 0 0 0 0 0 1 0 0 0 0 2 0 0 17 18 26 12 0 24 1 28 0 33 10 0 0 0 11 16 0 0 16 14 0 0 0 0 9 0 0 0 8 0 15 19 0 17 0 16 23 0 0 0 0 0 0 0 0 0 0 0 0 0 0 0 0 0 0 2 0 1 0 0 0 0 0 2 0 0 0 0 0 0 0 0 14 0 0 0 0 0 0 17 0 0 0 3 168 0 91 91 0 10 1 0 0 0 0 0 0 0 0 0 13 0 0 0 0 0 0 0 0 0 0 0 0 7 0 1 0 0 0 0 0 0 0 0 0 0 0 0 
 40 35 182 67 0 300 59 66 97 163 84 172 70 81 161 84 35 129 47 76 85 179 0 0 3 3 75 0 61 0 0 2 113 0 115 72 50 0 74 149 0 0 0 0 3 0 0 9 0 0 0 0 0 0 0 2 0 2 0 3 0 0 0 0 6 3 0 5 0 0 3 0 0 3 0 9 0 3 3 0 0 3 26 0 13 38 0 0 18 9 0 11 0 0 20 0 0 30 0 0 11 0 4 1 1 0 16 0 0 69 15 0 0 68 0 18 0 36 22 43 0 0 0 0 0 0 0 21 1 0 14 0 0 0 0 0 0 0 0 0 0 0 0 1 0 0 0 2 0 0 0 0 6 0 0 2 0 0 0 0 0 16 0 0 0 5 0 2 16 13 0 11 0 1 0 17 0 0 0 0 3 23 10 1 0 0 35 10 18 13 13 37 14 0 20 29 21 0 0 6 0 0 0 0 0 0 0 0 0 0 0 0 1 0 0 0 0 0 0 0 16 0 0 0 0 0 0 0 0 0 0 0 0 0 0 0 0 0 0 0 0 0 0 0 0 32 0 0 0 6 0 5 2 0 0 0 2 0 0 0 0 0 0 0 0 0 0 0 0 0 0 0 0 3 0 0 15 11 0 0 0 0 0 0 0 1 0 0 0 0 
 81 82 78 136 300 0 263 31 266 274 285 272 47 266 185 170 62 75 41 45 6 154 2 0 3 3 174 73 30 0 1 1 102 75 101 0 111 0 148 75 0 0 0 0 2 1 0 1 0 0 0 1 0 62 0 0 0 2 0 3 0 0 0 0 3 0 0 3 0 0 3 0 0 3 0 1 0 3 3 0 0 0 1 0 1 42 0 0 0 16 13 0 0 0 0 0 10 1 0 0 10 8 16 25 5 0 33 11 0 13 11 0 24 0 14 0 0 30 39 15 1 0 0 0 0 0 0 0 14 0 0 0 0 0 9 0 0 0 0 0 0 0 0 7 0 0 0 1 0 0 0 0 0 1 0 0 0 0 0 0 0 10 0 14 0 38 0 0 0 55 11 0 0 0 0 17 0 29 2 0 23 20 0 0 0 0 10 11 19 18 9 15 13 40 16 28 17 18 0 12 0 0 0 0 0 0 0 0 0 0 9 0 0 0 0 0 0 0 0 0 0 0 0 0 0 0 0 0 0 0 0 1 1 0 0 0 0 0 0 1 0 0 0 0 0 2 175 0 8 0 0 11 0 0 0 0 0 0 0 0 0 0 9 0 0 0 0 0 0 0 0 0 0 0 0 0 0 1 0 7 0 0 0 0 0 0 0 0 0 0 
 363 294 154 72 59 263 0 181 280 53 41 49 353 346 422 41 43 251 61 293 0 0 0 2 6 5 0 0 0 0 0 1 1 0 0 0 1 0 0 2 0 0 0 0 2 0 0 1 0 0 0 0 0 0 0 77 0 2 0 3 0 0 0 0 0 0 0 33 0 0 3 0 0 3 0 0 0 6 3 0 14 0 0 12 0 0 14 14 22 12 0 11 14 26 26 0 0 17 20 0 0 0 1 0 0 0 0 0 0 0 0 0 0 0 0 0 0 0 0 0 0 0 0 0 0 1 0 0 0 0 0 0 0 0 0 0 0 0 0 0 0 0 0 0 0 0 0 2 0 0 1 0 0 0 0 0 0 0 0 0 13 6 0 10 0 0 43 0 14 0 26 0 21 48 17 0 0 37 13 43 0 0 0 0 0 0 0 0 2 0 0 0 0 0 38 0 0 0 0 0 0 0 0 0 0 0 0 24 0 0 0 0 0 0 1 0 0 0 0 0 0 0 0 0 0 0 0 0 2 0 0 0 0 0 0 0 0 0 0 0 0 0 0 0 0 3 0 0 0 0 0 7 0 0 0 0 0 0 0 0 0 0 0 0 0 0 0 0 0 0 0 0 0 0 0 9 0 0 0 0 0 0 0 0 0 2 0 0 0 0 
 41 180 101 74 66 31 181 0 191 54 256 39 184 67 136 129 35 115 169 275 0 2 0 2 3 3 4 0 0 1 0 5 1 0 3 2 4 7 0 2 0 5 4 0 3 8 0 0 2 0 0 2 6 0 3 0 0 7 0 3 0 0 0 2 0 0 0 2 5 9 5 0 4 6 4 0 0 3 32 0 1 29 9 21 15 0 0 11 66 15 10 3 0 26 10 15 10 19 1 0 3 0 0 0 0 0 0 0 0 0 0 0 0 0 0 0 0 0 0 0 0 0 0 0 0 0 0 0 0 0 0 0 0 0 0 0 0 0 0 0 0 1 0 0 2 2 0 0 0 0 0 2 0 3 0 0 0 1 0 0 23 8 0 0 1 0 11 30 24 15 72 0 0 0 0 1 31 0 12 0 0 0 0 0 0 0 0 0 0 0 0 0 13 0 0 0 0 0 0 0 0 0 0 1 0 0 0 0 0 0 0 0 0 0 4 0 0 0 0 0 10 0 2 0 2 2 0 0 0 1 10 2 0 0 0 0 0 2 0 0 0 0 0 0 0 0 0 0 2 0 0 3 9 0 0 2 0 0 0 0 0 0 0 2 0 0 0 0 0 2 0 0 0 0 0 0 0 0 0 0 0 0 0 0 0 0 0 0 0 1 
 110 72 207 173 97 266 280 191 0 81 148 349 93 101 189 254 248 337 89 58 2 0 2 0 3 76 147 0 0 0 0 1 36 0 0 0 0 0 74 2 0 0 0 0 36 0 0 1 0 0 0 2 0 27 0 0 0 3 4 3 0 0 0 0 5 0 0 3 0 0 3 0 0 3 0 2 0 3 3 0 14 28 32 23 15 14 0 0 18 0 0 25 0 0 14 0 21 11 1 0 7 0 0 0 0 0 1 0 0 0 0 0 0 2 0 0 0 0 17 0 0 1 0 0 0 4 1 0 13 0 2 0 0 0 0 0 0 0 0 2 0 0 0 4 0 0 0 1 0 0 0 0 0 0 0 0 0 0 0 0 2 18 30 0 18 26 0 0 18 66 0 40 0 0 0 0 20 13 0 0 3 10 11 0 0 1 0 0 0 0 0 0 14 11 0 0 0 0 25 14 0 0 0 0 0 0 0 0 0 0 0 0 14 0 0 0 0 0 0 0 0 0 0 0 0 0 1 0 0 0 0 0 0 0 0 0 0 0 0 0 0 17 0 0 0 2 194 0 0 1 0 8 6 0 0 0 0 0 0 1 0 0 13 0 0 0 0 0 0 0 0 0 0 0 0 0 0 0 0 0 0 0 0 0 0 0 0 0 0 0 
 23 49 64 203 163 274 53 54 81 0 85 181 55 407 256 203 64 152 103 89 23 90 5 0 3 3 3 0 3 0 6 1 0 0 0 0 0 0 35 2 0 0 3 0 2 0 0 5 1 2 0 0 0 0 0 2 0 5 0 3 0 0 0 0 0 0 3 2 0 0 3 0 0 3 0 0 0 5 5 0 1 23 16 9 88 19 17 1 19 5 17 1 11 21 32 25 12 47 0 11 0 0 0 0 0 0 0 0 0 1 0 0 0 0 0 0 0 0 0 0 0 0 4 0 0 0 0 0 15 7 0 0 0 0 0 0 0 0 0 0 0 0 0 0 0 0 0 0 0 0 0 0 0 0 0 0 0 0 0 0 13 18 0 0 0 1 0 0 10 17 14 7 11 0 8 9 0 20 0 0 0 0 0 0 0 0 0 0 0 0 0 0 27 0 0 0 0 0 0 0 0 0 0 0 0 0 0 0 0 0 0 0 0 1 0 0 0 0 0 0 0 0 0 0 0 0 0 0 0 0 7 0 0 0 0 0 0 0 0 0 0 0 0 0 0 0 1 0 2 87 0 0 0 0 0 0 0 0 0 0 0 0 0 0 0 2 0 0 0 0 0 0 0 0 0 0 0 2 0 0 0 0 0 0 15 0 0 21 1 0 
 66 140 90 224 84 285 41 256 148 85 0 133 175 133 155 156 233 132 37 161 0 0 0 0 3 3 0 0 0 0 0 1 2 0 47 0 2 0 3 43 0 1 0 0 3 0 0 0 1 0 0 0 0 0 0 2 9 5 0 3 0 0 0 0 0 0 51 2 3 0 3 0 0 3 0 0 2 3 3 0 22 0 50 1 0 10 37 37 0 64 32 1 0 13 0 11 70 41 0 0 11 0 0 0 0 2 21 13 0 0 0 0 0 38 0 0 1 0 0 0 0 0 2 0 1 0 0 1 0 0 1 0 0 0 0 0 0 0 0 0 0 0 0 0 0 0 0 0 0 0 0 0 11 0 0 0 0 0 0 0 6 0 35 16 62 12 0 0 20 32 9 62 32 0 0 13 19 0 0 0 14 17 0 0 0 2 26 0 0 0 0 0 15 0 0 47 0 0 31 0 0 0 0 0 0 0 0 0 10 0 0 0 0 0 0 0 0 0 0 0 0 0 0 0 0 0 0 0 0 0 0 0 0 0 0 0 0 0 0 0 0 15 0 0 0 0 1 0 0 0 10 5 1 0 0 0 0 0 0 0 0 0 8 0 0 0 0 0 0 0 0 0 0 0 0 10 0 0 0 0 0 0 0 0 0 0 0 0 0 22 
 97 265 131 123 172 272 49 39 349 181 133 0 250 29 132 57 93 233 40 236 74 0 0 0 4 3 18 0 0 0 0 2 148 0 0 0 0 0 106 76 0 0 0 0 3 0 0 0 0 0 0 0 0 0 0 0 0 2 2 3 0 0 0 0 0 0 0 2 1 0 3 44 0 3 0 0 0 3 3 0 0 2 33 21 28 0 0 0 0 0 0 0 0 0 12 1 9 13 0 0 8 0 0 0 0 0 7 0 3 15 0 0 0 0 2 0 0 0 12 9 0 0 0 0 0 0 0 0 0 0 0 0 0 0 0 0 0 0 0 0 0 0 12 2 1 0 0 3 3 1 0 0 0 0 0 0 2 0 0 0 0 10 15 0 17 14 0 0 19 55 0 57 0 0 0 0 0 0 0 0 12 14 0 0 0 0 10 0 0 51 0 0 46 15 0 13 0 13 10 0 0 0 0 0 0 0 0 0 0 0 0 0 0 0 0 0 0 0 0 0 0 0 0 0 0 0 0 0 0 0 0 0 0 0 0 0 0 0 0 0 0 15 0 0 0 2 93 2 2 3 0 4 0 0 0 0 0 0 2 0 0 0 9 0 0 0 0 0 0 0 0 0 2 0 0 0 0 0 0 0 0 0 0 0 0 0 0 0 0 0 
 160 73 146 56 70 47 353 184 93 55 175 250 0 242 136 267 121 128 266 116 0 0 0 1 5 3 0 0 0 0 21 1 0 0 0 0 0 0 0 2 0 0 0 0 2 0 0 2 0 0 0 0 0 1 0 0 63 2 0 3 0 0 0 0 0 0 0 3 0 0 2 0 0 3 0 0 0 3 3 0 0 0 0 0 0 1 24 16 19 20 15 0 1 18 2 29 0 22 15 4 0 0 0 0 0 0 0 0 0 0 0 0 0 0 0 0 0 0 0 0 0 0 0 0 0 0 0 0 0 0 0 0 0 0 1 0 0 0 0 0 0 0 0 0 0 0 0 0 0 0 2 0 4 1 0 0 0 0 0 0 23 0 7 8 0 0 15 12 1 13 2 0 25 0 22 12 6 0 23 61 0 0 0 0 0 0 0 0 1 0 0 0 0 0 0 0 0 0 1 0 0 0 0 0 0 0 0 0 0 0 11 0 0 0 2 0 0 0 0 0 0 1 0 0 0 0 0 0 1 0 0 0 0 0 0 0 0 0 2 0 0 0 0 0 0 1 1 0 2 0 0 20 0 0 0 0 0 0 0 32 0 0 0 0 0 0 0 0 0 0 0 0 0 0 0 0 0 0 0 0 0 0 0 0 0 1 0 0 0 0 
 134 147 202 87 81 266 346 67 101 407 133 29 242 0 216 128 113 107 170 214 0 3 0 2 3 3 3 0 0 0 0 4 0 0 3 0 0 0 0 2 0 0 3 4 3 2 1 0 3 0 0 0 0 0 0 0 3 2 0 3 0 0 0 3 0 0 0 53 3 0 3 0 0 3 2 3 2 3 3 2 35 0 0 27 42 0 42 18 15 25 32 13 19 28 31 17 0 20 14 31 0 0 0 0 0 0 0 0 0 0 0 0 14 0 0 0 0 0 0 0 0 4 0 0 0 0 0 0 0 0 0 0 2 0 0 0 0 0 0 0 1 0 0 0 1 0 0 0 0 0 0 0 5 0 0 0 0 0 0 0 17 0 13 40 0 19 41 0 32 0 18 0 15 9 19 31 13 43 16 13 1 0 0 0 0 0 0 0 0 0 0 0 0 0 0 0 0 0 1 0 0 0 0 0 0 0 0 0 5 0 0 0 0 0 0 0 0 0 0 0 0 0 0 0 0 0 0 0 0 0 0 0 0 0 0 0 0 0 0 0 0 0 0 0 0 2 2 0 1 2 0 11 0 0 0 0 0 0 0 2 0 0 0 0 0 0 2 0 0 0 0 0 0 0 0 26 0 0 0 0 0 0 0 0 0 0 0 0 0 0 
 62 382 58 68 161 185 422 136 189 256 155 132 136 216 0 105 352 55 94 180 0 0 2 0 3 3 1 0 0 5 0 1 2 3 0 1 3 2 0 2 3 4 0 0 2 0 0 1 0 0 3 3 0 0 6 0 1 8 2 3 0 0 0 4 0 0 0 58 0 0 2 0 0 3 0 0 0 3 4 0 0 22 20 57 0 17 15 22 44 40 42 22 10 22 39 10 13 34 0 0 11 0 0 0 0 0 0 0 0 0 10 0 24 10 0 0 0 0 17 0 0 0 0 1 0 0 0 0 0 0 0 0 0 0 0 0 0 0 0 0 0 2 0 0 0 0 1 0 0 0 0 0 0 0 2 0 0 0 0 0 34 0 14 35 16 10 15 0 21 50 0 0 13 9 1 16 11 10 19 2 0 0 2 0 0 0 5 9 0 0 0 0 14 0 0 0 0 0 16 0 0 0 0 0 0 2 0 0 0 0 0 1 0 0 0 0 0 1 0 2 0 0 0 0 0 1 0 0 0 0 0 0 0 0 0 0 0 0 0 0 0 0 0 0 0 87 89 0 2 2 0 8 40 0 0 0 0 0 0 0 0 0 7 0 0 0 0 0 0 0 0 0 0 0 0 18 14 0 0 0 0 0 0 0 0 0 0 0 0 0 
 124 318 324 58 84 170 41 129 254 203 156 57 267 128 105 0 184 455 280 175 74 0 0 0 3 3 63 0 4 0 0 2 74 0 0 2 2 0 0 2 0 1 0 0 3 3 1 0 2 0 0 0 0 0 0 26 2 2 0 3 0 0 0 0 0 0 0 2 0 0 42 0 0 3 44 3 3 3 3 0 15 6 9 15 20 34 13 12 9 20 38 54 6 25 75 10 0 41 9 10 32 0 0 0 2 0 0 0 0 0 0 0 15 10 10 0 0 0 0 0 0 0 0 0 0 0 0 0 11 0 0 0 2 0 0 0 0 0 0 0 0 0 0 1 0 0 0 0 0 0 0 0 0 1 0 0 0 0 0 0 6 11 23 12 0 14 33 0 8 8 6 12 0 0 10 22 16 18 2 0 0 12 1 0 0 0 5 0 0 0 0 0 9 13 0 0 0 0 24 5 0 0 0 0 0 0 0 0 0 0 0 0 0 0 0 0 0 0 0 0 0 0 0 0 0 0 0 0 0 0 0 1 0 0 0 0 0 0 0 1 0 0 0 0 0 0 2 0 0 86 2 11 0 0 0 0 0 0 0 0 0 0 0 0 0 0 0 0 0 0 0 0 0 0 0 9 14 11 0 0 0 0 0 0 0 0 0 0 0 0 
 29 213 124 213 35 62 43 35 248 64 233 93 121 113 352 184 0 119 86 105 78 32 0 0 4 3 21 0 0 6 0 2 0 0 1 0 2 0 0 32 0 0 0 0 3 0 0 3 0 0 0 0 0 0 0 0 0 2 0 3 0 0 50 0 0 0 0 2 0 0 3 3 0 3 0 0 0 3 3 0 12 1 8 1 0 0 12 27 3 35 10 15 0 13 16 2 2 59 0 0 28 0 0 0 0 0 0 0 0 0 0 0 5 16 9 0 0 1 13 0 0 0 0 0 0 0 0 0 0 0 0 0 0 0 14 0 0 0 0 0 0 0 0 0 0 0 0 0 0 0 0 0 2 0 0 0 0 0 0 0 0 0 36 24 16 22 7 1 57 30 10 40 0 0 0 0 1 0 0 0 11 34 12 2 0 0 26 0 0 0 0 0 12 0 0 2 0 0 13 13 0 2 0 23 0 0 0 0 0 0 0 0 1 0 0 0 0 0 0 0 2 0 0 0 0 0 0 0 0 0 0 0 0 0 0 0 1 0 0 0 0 14 0 0 0 1 95 1 0 85 22 2 1 0 0 0 0 0 0 0 0 0 9 0 0 0 0 0 0 0 0 0 0 0 0 9 11 0 0 0 0 0 0 0 0 0 0 0 0 0 
 230 38 55 227 129 75 251 115 337 152 132 233 128 107 55 455 119 0 263 153 60 0 0 0 3 3 0 0 0 1 0 1 0 0 0 0 0 0 32 3 0 0 0 0 2 0 0 2 0 0 0 0 0 1 0 0 0 4 0 3 1 0 0 0 0 0 0 4 2 2 2 0 0 3 0 0 0 3 3 0 14 11 31 38 31 19 0 16 18 14 35 1 0 0 0 0 31 0 0 0 20 0 20 0 0 0 15 9 0 1 0 0 0 0 0 0 0 0 0 1 0 0 0 0 0 0 0 0 17 0 0 0 2 0 0 0 0 0 0 0 2 0 0 0 0 0 0 0 0 0 0 0 0 0 0 0 0 0 0 0 17 19 11 0 31 3 10 11 7 10 0 16 1 11 0 38 14 44 0 0 11 0 0 0 1 0 0 17 1 0 0 0 39 25 0 0 0 0 21 0 0 0 0 0 1 0 0 0 10 0 0 19 0 0 0 0 0 0 0 0 0 0 0 0 0 0 0 0 0 0 0 0 0 0 0 0 0 0 0 0 0 11 0 0 0 0 2 3 90 92 0 6 0 0 0 0 0 0 0 0 0 0 0 0 0 0 0 0 0 0 0 0 0 0 0 0 8 4 0 0 0 0 0 0 0 0 0 0 0 0 
 545 246 167 272 47 41 61 169 89 103 37 40 266 170 94 280 86 263 0 493 0 6 0 1 3 3 2 0 0 0 0 1 0 0 6 0 0 0 4 2 0 1 4 0 2 0 4 5 0 0 0 0 0 69 0 0 0 6 0 3 0 0 0 0 0 3 0 2 2 0 3 0 2 7 0 0 0 3 6 0 32 0 0 0 0 0 41 42 33 17 47 4 12 35 0 23 0 0 54 0 0 0 0 0 0 0 0 0 0 0 0 0 0 0 0 0 0 0 0 0 0 10 0 0 0 0 0 0 0 0 0 0 0 0 0 0 0 0 19 0 0 0 0 0 0 0 0 0 0 0 0 0 5 0 0 0 0 0 0 0 1 0 6 0 0 0 0 4 21 0 0 0 2 0 0 9 0 0 1 18 0 0 0 0 0 0 0 0 0 0 0 0 0 0 0 0 0 0 0 0 0 0 0 0 0 0 0 0 0 0 0 0 0 0 0 0 0 0 0 0 0 0 0 0 0 0 0 0 0 0 0 0 0 0 0 0 0 0 0 0 0 0 0 0 0 1 2 0 2 0 0 11 0 0 0 0 0 0 0 0 0 0 0 0 0 0 0 0 0 0 0 0 0 0 0 0 0 0 0 0 0 0 0 0 0 0 0 0 0 0 
 366 68 510 150 76 45 293 275 58 89 161 236 116 214 180 175 105 153 493 0 0 6 0 0 3 3 2 0 0 0 0 1 0 0 6 0 1 0 78 4 0 1 4 0 2 6 4 5 0 0 0 0 0 0 0 0 5 6 0 3 57 0 0 0 0 14 0 55 2 0 3 0 2 7 0 0 0 3 3 0 50 10 3 38 19 0 9 10 17 10 29 38 0 3 25 20 0 11 18 14 0 1 0 0 0 0 0 0 0 0 0 5 15 0 0 0 0 0 0 0 0 0 0 0 0 0 0 0 0 0 0 0 0 0 0 0 0 0 0 0 0 0 0 0 0 0 0 0 0 0 0 0 5 0 0 0 0 0 0 0 1 19 6 35 9 10 15 32 26 0 1 0 25 35 10 12 23 41 0 25 0 0 0 0 2 0 0 0 0 0 0 0 0 0 0 0 0 8 0 0 0 0 0 0 0 0 0 0 0 0 0 0 0 0 0 0 0 0 0 0 0 0 0 0 0 0 0 0 0 0 0 0 0 0 0 0 0 0 0 0 0 0 0 0 0 0 2 1 47 0 0 0 0 0 0 0 0 0 0 0 0 0 0 0 0 0 0 0 0 0 0 0 0 0 0 14 15 0 0 0 0 0 0 0 0 0 0 0 0 0 
 0 9 74 149 85 6 0 0 2 23 0 74 0 0 0 74 78 60 0 0 0 295 307 81 55 38 168 243 145 161 37 61 59 380 190 632 124 53 129 616 0 0 0 0 3 1 0 1 0 0 0 1 0 0 0 0 0 0 0 0 0 2 2 0 3 61 3 1 2 0 3 3 0 0 0 2 0 0 0 0 0 0 0 7 7 0 0 0 0 11 12 19 0 0 0 0 14 0 0 0 18 22 28 25 0 0 0 0 0 1 0 0 0 26 11 1 11 30 9 17 0 0 0 0 0 0 0 0 0 3 0 0 4 0 0 0 0 0 1 0 5 8 0 0 1 8 0 0 0 0 0 0 0 0 0 0 10 0 1 5 0 0 0 40 0 9 0 0 0 0 9 9 0 0 0 0 0 0 0 0 11 12 25 4 0 0 12 1 9 13 0 31 8 0 0 18 14 0 18 34 0 0 0 0 0 0 0 0 0 0 0 0 4 0 0 0 0 0 2 0 0 0 0 0 0 0 0 0 0 16 0 0 0 0 2 0 8 0 0 9 0 0 2 0 0 0 0 0 0 105 9 0 0 0 7 0 1 0 0 0 2 0 0 0 0 0 0 0 0 0 0 0 0 0 30 10 0 0 0 0 0 0 0 0 0 0 0 0 0 10 
 2 0 0 0 179 154 0 2 0 90 0 0 0 3 0 0 32 0 6 6 295 0 137 150 15 254 80 278 231 251 94 44 239 155 195 36 227 47 54 78 0 0 0 1 3 1 2 7 2 0 0 3 0 3 0 0 0 0 0 0 0 0 5 3 0 2 3 0 7 15 5 8 0 0 0 21 1 0 0 0 0 0 0 0 0 26 0 0 0 0 0 0 0 0 0 0 0 0 0 0 10 61 22 22 24 0 16 8 20 75 17 10 29 42 13 5 8 23 0 40 0 0 0 0 0 0 0 0 0 0 0 0 0 0 0 0 0 0 43 0 4 5 0 0 9 17 0 0 0 1 0 0 0 0 0 0 6 0 0 1 19 0 0 0 0 0 0 0 0 0 0 2 0 0 0 0 0 0 0 0 33 18 10 9 11 0 59 25 0 21 21 32 18 17 30 25 0 12 0 1 0 0 0 0 0 0 1 0 0 0 0 0 24 0 0 0 0 0 0 1 0 0 0 0 0 0 0 0 0 0 0 0 0 0 0 0 0 0 0 0 0 0 0 0 0 0 0 0 0 0 0 33 0 23 8 0 2 0 43 4 1 0 0 0 0 0 0 0 0 0 0 0 0 0 0 0 0 0 0 12 0 0 0 0 0 15 1 0 0 0 
 2 0 4 74 0 2 0 0 2 5 0 0 0 0 2 0 0 0 0 0 307 137 0 210 219 103 285 99 78 365 143 110 67 114 168 500 108 222 251 60 61 0 0 0 4 2 83 2 0 0 0 0 92 0 0 0 0 0 90 78 0 0 2 0 2 2 3 0 2 1 3 3 15 0 0 2 0 0 0 0 0 2 0 0 0 0 2 0 0 0 0 0 0 15 1 0 0 0 0 0 0 0 21 26 15 20 0 18 13 0 23 23 0 0 0 0 37 8 0 0 8 1 0 0 0 0 47 13 0 0 0 0 8 31 1 0 0 0 1 12 0 0 0 0 2 0 0 0 0 1 0 0 0 0 0 0 0 0 3 0 0 0 0 0 0 0 0 0 7 0 0 0 0 0 0 0 0 0 0 0 1 0 9 11 23 0 0 0 36 32 12 15 2 0 0 0 50 17 0 0 14 43 0 0 0 0 26 0 0 0 0 0 26 0 0 15 0 0 34 0 0 0 0 0 0 0 0 0 0 0 0 0 0 0 0 0 0 0 0 0 0 0 0 0 0 1 0 0 0 0 0 0 0 0 3 2 2 12 2 2 2 7 0 0 0 0 20 0 0 0 0 0 44 0 0 0 0 0 0 0 0 9 0 0 0 0 0 0 0 0 
 0 0 0 0 0 0 2 2 0 0 0 0 1 2 0 0 0 0 1 0 81 150 210 0 103 137 298 170 93 379 357 124 109 169 61 45 415 126 69 80 0 0 0 0 3 1 0 0 0 0 0 0 28 0 0 5 1 0 6 0 0 51 2 61 0 3 3 0 2 0 3 3 0 0 0 4 0 0 0 0 0 0 0 0 0 0 0 0 0 0 15 0 0 0 0 0 0 0 0 0 0 35 19 0 46 7 1 0 38 2 16 23 22 13 22 42 0 24 0 26 0 0 0 0 0 0 11 1 0 0 0 0 16 11 0 0 0 0 10 11 0 1 0 0 1 0 0 0 0 2 0 0 0 0 0 0 0 0 5 1 0 0 0 0 0 0 0 0 0 0 0 12 0 0 0 0 0 0 0 0 0 3 11 10 0 14 2 11 0 0 18 34 0 37 12 22 0 39 0 0 20 11 2 0 0 2 2 0 0 0 0 0 2 0 0 14 0 0 23 16 0 0 0 0 0 0 0 8 0 0 0 0 0 0 0 0 0 0 0 0 0 0 0 0 0 0 0 0 0 0 0 0 0 0 6 0 2 75 48 1 3 8 0 0 0 0 0 0 0 0 0 0 0 0 0 0 0 0 0 10 0 11 0 0 0 18 9 0 0 0 
 3 3 6 3 3 3 6 3 3 3 3 4 5 3 3 3 4 3 3 3 55 15 219 103 0 211 33 194 128 89 89 463 71 176 68 73 49 77 57 83 80 0 63 0 3 1 61 126 63 65 1 0 1 144 29 0 0 2 192 163 0 0 2 0 0 2 3 0 2 0 3 3 6 0 0 0 0 0 0 0 0 0 0 0 0 0 0 0 1 0 0 0 0 0 0 0 0 0 0 0 0 0 1 22 12 12 0 14 0 0 11 0 0 0 0 1 15 14 0 0 0 9 22 25 0 1 8 2 12 0 0 1 33 24 11 9 9 2 0 11 0 8 0 0 0 0 0 0 0 0 0 0 0 0 7 3 0 0 0 0 0 0 0 0 0 0 0 0 0 0 0 1 0 0 0 0 0 0 0 0 0 12 0 13 11 28 0 1 23 32 0 0 0 0 4 0 23 2 0 0 5 20 19 0 0 0 14 11 1 0 1 0 19 0 9 0 0 12 10 19 0 0 0 0 8 0 0 1 0 0 0 0 0 0 0 0 0 0 0 1 0 0 0 0 0 0 0 0 0 0 0 0 0 0 11 0 6 5 0 0 4 0 0 0 0 0 7 0 0 0 1 0 0 0 0 0 0 0 0 0 0 16 0 0 0 0 0 10 0 0 
 3 3 6 3 3 3 5 3 76 3 3 3 3 3 3 3 3 3 3 3 38 254 103 137 211 0 48 43 248 77 237 145 35 41 110 49 157 61 39 253 122 22 63 0 3 1 0 61 0 14 4 0 64 70 54 1 0 211 5 65 0 0 50 2 0 3 3 0 2 0 3 3 0 0 0 0 1 0 0 0 0 0 0 0 0 0 0 0 0 0 0 0 0 0 0 0 19 0 0 0 0 1 0 0 0 58 0 0 0 0 0 13 0 0 0 15 0 0 0 0 0 14 9 0 0 0 47 0 20 11 7 0 27 0 37 19 19 4 1 22 0 0 0 0 5 0 9 0 0 23 0 0 0 0 0 0 2 0 13 0 0 6 4 0 0 0 0 0 0 0 0 0 0 0 0 0 0 3 0 0 6 1 0 0 12 0 2 0 0 0 0 8 0 0 3 0 0 0 0 0 8 2 29 0 0 0 46 0 0 0 0 21 10 19 15 9 0 27 25 30 2 0 0 0 0 0 2 0 0 0 0 0 0 9 0 0 0 0 0 0 0 0 0 0 0 0 0 0 0 0 0 0 0 0 20 0 3 0 0 0 0 12 0 0 0 0 0 0 0 0 0 0 0 0 0 0 0 0 0 0 0 12 0 0 0 0 0 9 0 0 
 2 77 140 62 75 174 0 4 147 3 0 18 0 3 1 63 21 0 2 2 168 80 285 298 33 48 0 485 54 119 38 92 301 190 163 242 302 36 98 120 0 1 2 0 3 3 2 3 8 0 3 0 0 0 2 2 2 2 0 2 3 0 2 0 0 51 3 0 6 0 3 3 4 5 0 0 0 0 0 0 0 0 0 0 0 19 0 0 3 0 0 9 0 0 0 0 10 0 0 0 28 41 20 21 1 0 68 8 0 0 0 5 0 0 28 0 1 10 51 0 0 0 0 0 0 0 0 0 0 0 1 0 0 0 0 0 0 0 0 0 0 0 0 2 0 0 0 3 5 2 0 0 0 0 0 1 0 0 0 0 0 0 12 10 1 22 0 0 7 6 1 46 0 0 0 0 0 0 1 0 78 18 15 1 0 14 10 0 23 21 1 50 0 67 17 34 12 52 24 88 0 0 0 0 0 0 0 0 0 0 0 0 0 0 0 0 0 0 0 0 0 0 0 0 0 0 0 0 0 0 0 0 0 0 0 0 0 0 0 0 0 0 0 0 0 0 19 0 0 72 1 0 0 0 14 2 2 2 85 4 0 0 0 0 0 0 0 0 0 0 0 0 0 0 0 9 0 0 0 0 0 0 0 2 0 0 0 0 0 0 
 0 0 0 1 0 73 0 0 0 0 0 0 0 0 0 0 0 0 0 0 243 278 99 170 194 43 485 0 148 131 253 146 384 477 225 108 141 27 78 162 62 0 1 0 3 1 0 0 0 0 0 0 0 0 0 0 0 0 0 0 0 0 2 0 0 35 3 0 2 0 3 3 0 0 0 3 0 0 0 0 0 0 0 0 0 0 0 0 0 13 0 0 0 0 0 0 0 0 0 1 1 58 37 13 29 0 1 1 0 1 0 35 12 22 8 10 2 13 20 22 0 0 0 0 0 0 0 0 0 0 0 0 1 0 0 0 0 0 0 0 3 2 0 0 0 2 0 0 0 0 0 0 0 0 0 0 3 0 1 2 0 10 0 2 0 0 0 0 0 0 11 0 0 0 0 0 10 0 0 0 2 45 23 34 0 7 9 5 6 12 23 29 1 15 52 39 23 0 11 78 0 0 0 0 0 0 0 0 0 0 0 0 0 0 0 0 0 0 2 0 0 0 0 0 0 0 0 0 0 0 0 0 0 0 2 0 10 0 0 0 0 0 2 0 0 0 0 0 0 0 12 0 0 0 7 2 0 73 78 0 0 2 0 0 0 0 0 0 0 0 0 0 0 0 0 0 0 0 0 0 0 0 0 0 0 0 8 0 0 11 
 0 0 0 0 61 30 0 0 0 3 0 0 0 0 0 4 0 0 0 0 145 231 78 93 128 248 54 148 0 303 124 25 162 106 127 198 40 57 172 166 0 0 4 0 3 1 0 0 13 0 0 0 0 0 0 0 0 2 0 0 0 2 2 0 3 3 3 1 2 0 3 3 0 0 0 1 0 47 0 0 7 0 0 12 0 12 0 0 0 0 0 0 0 0 0 0 0 0 0 0 0 14 0 20 15 0 12 20 14 16 31 0 10 0 24 41 32 0 1 26 0 0 0 14 0 0 0 0 0 3 0 0 6 0 0 0 0 0 120 0 4 5 0 15 4 8 0 0 0 1 0 2 0 0 0 0 6 0 0 1 0 0 0 0 0 0 0 15 0 0 0 6 0 0 1 0 0 1 0 0 19 25 11 20 26 26 10 18 0 0 29 0 0 18 17 0 2 21 0 0 0 0 0 0 0 0 15 0 0 0 0 0 20 16 0 0 0 0 0 17 0 12 0 0 0 5 0 0 0 18 0 2 0 0 0 2 0 0 0 0 0 0 12 0 0 0 0 0 0 0 0 0 0 2 20 0 2 0 85 1 5 0 0 0 0 0 0 0 0 0 0 0 0 11 0 0 0 0 0 10 0 8 0 0 0 18 0 0 0 0 
 0 0 0 8 0 0 0 1 0 0 0 0 0 0 5 0 6 1 0 0 161 251 365 379 89 77 119 131 303 0 323 67 187 322 93 267 132 180 52 99 65 3 5 2 5 1 0 1 8 3 2 4 64 0 6 0 1 0 2 0 27 34 4 11 0 8 5 0 3 0 5 5 2 3 3 0 4 2 2 2 0 0 0 0 0 0 0 0 0 0 1 0 0 0 0 0 0 0 0 0 7 34 0 1 19 1 1 38 12 12 37 37 1 0 11 32 21 33 1 1 0 0 0 0 1 0 12 13 0 0 0 0 6 9 11 0 0 0 7 0 0 0 0 0 0 0 0 0 0 0 0 0 0 0 0 5 1 0 5 0 0 0 0 0 0 0 0 0 0 0 0 4 0 0 0 0 0 0 0 1 0 1 6 10 12 42 0 17 10 20 13 21 0 11 30 0 15 13 0 0 9 10 1 0 0 0 53 0 0 27 0 0 15 2 0 1 0 0 25 11 0 0 1 0 0 0 0 0 0 0 0 0 1 0 0 0 0 0 0 0 0 0 13 0 0 0 0 0 0 0 0 0 0 0 6 0 0 119 6 0 9 24 58 0 0 0 2 0 0 0 0 0 0 1 0 0 0 0 0 1 0 2 0 0 11 14 9 0 0 0 
 0 0 3 2 0 1 0 0 0 6 0 0 21 0 0 0 0 0 0 0 37 94 143 357 89 237 38 253 124 323 0 129 247 44 36 164 104 127 40 62 0 65 14 0 5 1 0 1 4 2 0 0 38 2 62 0 0 0 6 5 0 0 2 0 1 2 3 0 2 10 11 3 6 0 0 0 0 0 0 0 0 0 0 0 0 1 0 0 0 0 0 0 0 0 0 0 11 0 0 0 0 1 1 0 32 17 0 13 29 13 54 0 12 0 31 23 11 0 0 14 13 12 0 0 0 0 16 0 0 0 0 0 25 23 7 0 0 1 16 11 0 0 0 0 0 0 0 0 0 2 0 0 0 0 0 0 0 0 6 0 0 0 0 0 19 0 0 0 0 0 0 6 0 0 1 0 0 0 0 0 1 18 9 21 11 15 0 22 0 10 1 10 0 21 0 0 6 24 0 0 60 30 7 1 0 0 40 0 0 0 0 0 1 11 0 22 0 0 15 31 0 0 0 0 0 0 0 0 0 0 0 0 0 0 0 0 0 0 0 0 0 0 0 0 0 0 0 0 0 0 0 0 0 0 7 1 1 6 1 0 26 22 0 0 0 0 0 0 0 0 0 0 0 0 0 0 0 0 0 8 0 33 0 0 0 8 0 0 0 0 
 1 1 4 1 2 1 1 5 1 1 1 2 1 4 1 2 2 1 1 1 61 44 110 124 463 145 92 146 25 67 129 0 104 15 258 123 281 149 36 57 123 2 1 0 42 3 24 129 0 4 0 1 22 62 0 1 2 0 120 163 5 0 6 0 0 2 3 0 4 8 3 3 3 0 3 0 0 0 0 0 0 0 0 5 0 0 0 0 0 0 0 0 0 0 0 0 0 0 0 1 0 0 19 25 5 30 1 0 19 0 27 0 0 0 2 0 19 0 0 0 21 25 6 0 0 0 0 14 0 1 0 0 25 20 12 18 0 0 9 54 0 0 2 0 0 0 0 0 0 0 0 0 0 0 4 7 0 0 0 0 0 0 0 0 0 0 0 0 0 0 0 0 0 0 0 0 0 0 0 0 0 0 0 76 29 25 0 0 0 14 0 0 0 0 0 0 18 36 1 0 19 22 19 0 0 0 0 7 0 10 0 0 24 0 24 14 0 0 76 21 0 0 0 2 0 0 0 0 0 0 0 0 0 0 0 0 0 0 0 0 0 0 0 0 0 0 0 0 0 2 0 0 0 0 17 0 0 76 0 0 6 2 0 0 0 0 0 0 0 0 0 2 0 0 0 0 0 0 0 0 0 0 0 0 10 0 0 1 0 0 
 2 1 25 89 113 102 1 1 36 0 2 148 0 0 2 74 0 0 0 0 59 239 67 109 71 35 301 384 162 187 247 104 0 101 37 35 236 63 237 204 0 0 0 0 2 1 0 2 4 0 0 0 0 1 0 0 0 0 0 0 0 0 2 0 6 54 3 4 2 3 3 3 0 0 0 4 2 0 0 0 0 3 0 0 1 68 2 0 13 0 0 0 0 0 0 2 9 0 0 0 9 30 0 23 1 10 35 5 1 42 13 22 15 22 26 0 0 0 11 51 0 11 0 0 0 0 0 0 14 0 0 0 0 0 1 0 0 0 0 0 0 0 0 8 0 0 1 0 0 0 0 0 1 0 0 0 0 0 0 0 0 9 0 0 0 20 0 0 0 5 0 0 0 1 0 0 0 19 0 0 32 20 17 1 0 7 57 11 20 20 12 16 14 41 11 0 2 19 0 21 0 0 0 0 6 0 0 0 0 0 0 0 0 0 20 0 0 0 0 0 0 0 0 0 0 0 0 1 0 0 0 0 0 0 0 0 0 0 0 0 0 0 0 0 0 0 74 0 0 74 0 1 0 0 7 0 19 0 74 0 0 1 0 0 0 0 0 0 0 0 0 0 0 0 0 0 0 0 0 19 0 0 0 0 0 41 0 0 0 0 
 0 0 0 2 0 75 0 0 0 0 0 0 0 0 3 0 0 0 0 0 380 155 114 169 176 41 190 477 106 322 44 15 101 0 174 78 320 141 78 172 0 0 0 0 3 53 0 0 11 0 0 0 1 0 0 0 0 0 0 0 0 0 52 0 0 63 3 2 2 0 3 3 4 0 0 41 3 0 0 0 0 0 0 0 0 0 0 0 0 0 0 0 0 0 0 0 0 0 0 0 8 33 7 30 29 0 2 36 1 0 19 39 0 9 26 18 1 29 26 8 0 0 0 0 0 0 12 0 0 0 0 0 1 0 0 0 0 0 4 0 7 1 0 0 0 7 0 0 0 0 0 23 0 0 0 0 0 0 0 6 0 0 0 0 0 0 0 0 0 0 0 0 0 0 0 0 0 0 0 0 2 12 33 7 1 46 2 16 25 19 60 60 0 5 47 18 37 0 0 17 0 4 0 0 0 0 16 0 0 0 0 0 0 0 0 0 0 0 0 15 0 0 0 0 0 0 3 0 0 0 0 0 0 0 0 0 0 0 0 0 0 0 0 0 0 0 0 0 0 0 0 0 0 0 6 0 2 88 154 4 0 2 0 0 0 0 12 0 0 0 0 0 0 0 0 0 0 0 0 0 0 0 0 0 0 0 0 0 0 0 
 0 0 3 0 115 101 0 3 0 0 47 0 0 3 0 0 1 0 6 6 190 195 168 61 68 110 163 225 127 93 36 258 37 174 0 203 116 37 225 244 62 0 0 0 3 2 0 7 0 0 2 0 0 0 0 0 0 0 0 0 0 0 2 0 8 2 51 3 2 0 3 4 0 0 0 5 0 0 0 0 0 0 0 0 0 30 0 0 2 0 0 0 0 0 0 27 0 0 0 0 10 2 11 15 0 8 30 0 0 25 20 17 5 11 4 4 21 28 21 18 0 0 0 0 0 0 0 1 0 0 0 2 0 0 0 0 0 1 25 0 0 0 0 0 28 0 0 0 0 5 0 0 0 0 0 0 0 0 10 0 0 0 1 1 1 0 9 0 0 0 0 2 0 0 0 0 0 0 0 0 24 9 1 1 10 0 18 15 13 0 14 28 10 10 41 50 10 8 9 23 0 0 0 0 0 0 19 0 0 0 2 0 13 0 0 46 0 0 1 0 0 0 0 0 0 0 0 0 0 0 0 0 0 2 0 0 7 0 0 2 0 1 0 0 0 0 0 0 0 0 0 0 0 0 6 0 0 0 3 0 0 7 0 0 0 0 0 0 0 0 0 0 0 0 0 0 0 0 0 0 0 11 0 0 0 0 0 0 0 0 
 0 0 2 0 72 0 0 2 0 0 0 0 0 0 1 2 0 0 0 0 632 36 500 45 73 49 242 108 198 267 164 123 35 78 203 0 148 33 35 294 0 0 6 0 5 2 43 0 1 5 3 3 22 0 0 0 1 2 0 2 0 0 3 0 0 3 3 8 2 2 3 3 0 0 0 6 0 3 2 0 0 0 0 0 0 0 0 0 0 0 0 0 0 0 0 0 0 0 0 2 0 8 8 12 22 2 0 5 12 0 16 30 13 13 12 40 19 40 0 15 14 0 0 0 0 0 11 25 0 0 0 0 14 0 0 0 0 0 0 0 12 38 1 0 0 4 0 0 0 0 0 0 0 0 0 0 0 0 0 2 0 0 0 0 0 0 0 0 0 0 0 2 0 0 0 0 0 0 0 0 0 26 15 47 16 28 0 38 21 8 23 12 0 8 11 0 19 42 2 0 9 0 0 0 0 0 0 0 0 0 0 0 30 16 0 6 0 0 19 0 0 0 0 0 0 0 0 0 0 0 0 0 0 0 2 0 0 0 0 0 0 0 8 0 0 0 0 0 0 0 0 0 0 0 3 0 0 152 74 2 6 0 0 0 0 0 0 0 0 0 0 0 0 0 0 24 0 0 0 0 0 7 0 0 0 0 8 0 0 0 
 0 0 2 0 50 111 1 4 0 0 2 0 0 0 3 2 2 0 0 1 124 227 108 415 49 157 302 141 40 132 104 281 236 320 116 148 0 134 45 462 0 0 0 0 3 2 2 0 0 0 0 1 27 0 0 0 0 1 0 0 0 0 0 0 0 28 0 0 0 0 0 0 0 0 0 30 1 0 0 0 0 0 0 0 0 19 0 0 0 13 0 0 0 0 0 0 0 0 0 0 0 26 0 21 22 10 29 9 0 17 21 7 37 36 24 20 0 0 39 34 0 0 0 0 0 0 16 0 0 15 0 0 0 0 0 0 0 0 0 0 0 0 0 0 0 0 0 0 0 2 0 2 0 0 0 0 0 0 6 0 0 0 0 0 0 3 0 1 0 0 0 0 0 0 1 0 0 1 0 0 14 9 8 8 1 0 27 0 19 19 2 20 0 55 35 1 21 8 0 47 24 28 0 0 0 0 0 0 0 0 0 0 0 0 0 24 0 0 3 0 0 0 0 0 0 0 0 0 0 0 0 2 0 0 0 2 0 0 0 0 0 0 0 0 0 0 0 0 0 0 0 0 0 4 12 0 2 4 0 0 1 24 0 0 0 0 0 0 0 0 0 0 0 0 0 0 0 0 0 8 0 16 0 0 0 0 9 0 0 0 
 0 0 2 0 0 0 0 7 0 0 0 0 0 0 2 0 0 0 0 0 53 47 222 126 77 61 36 27 57 180 127 149 63 141 37 33 134 0 51 22 125 0 0 0 3 1 19 0 1 0 0 1 61 1 0 0 0 0 99 66 0 0 2 0 0 2 3 0 2 0 3 3 3 0 0 0 0 0 0 0 0 0 0 0 0 0 0 0 11 0 0 0 20 0 0 0 0 0 0 0 10 0 0 49 30 0 0 13 1 1 40 14 0 0 0 14 12 0 0 0 0 1 0 0 0 0 17 26 0 0 0 0 10 12 9 0 0 0 10 0 2 0 0 0 1 0 0 0 0 0 0 0 0 0 0 5 0 0 3 0 0 0 0 0 0 1 0 0 0 0 0 0 0 0 0 0 0 0 0 0 0 23 20 23 11 10 0 1 7 34 11 23 0 0 0 0 33 2 0 0 17 32 12 0 0 0 13 0 0 9 0 0 12 0 0 0 0 0 21 18 0 0 0 0 0 0 0 0 0 0 0 1 0 0 0 0 0 0 0 0 0 0 2 0 0 0 0 0 0 0 0 0 0 0 18 0 0 76 0 0 1 18 0 0 0 0 6 0 0 0 0 0 0 0 0 0 0 0 0 0 0 9 0 0 9 1 0 0 0 0 
 76 74 74 175 74 148 0 0 74 35 3 106 0 0 0 0 0 32 4 78 129 54 251 69 57 39 98 78 172 52 40 36 237 78 225 35 45 51 0 68 0 0 0 0 3 1 0 5 0 0 0 1 0 0 0 0 0 0 2 26 0 0 2 0 10 2 3 3 2 0 3 51 0 0 0 0 0 0 0 0 0 0 9 17 17 24 0 0 16 13 22 0 0 0 0 0 33 0 0 0 18 0 11 13 0 0 23 10 0 19 0 0 0 0 0 15 2 2 12 0 0 0 0 0 0 0 0 0 0 0 0 0 0 0 0 0 0 0 0 0 0 0 0 5 0 0 17 25 13 0 0 0 0 0 0 0 0 0 0 0 0 0 0 0 0 20 0 0 0 10 10 14 0 0 0 0 0 0 0 0 9 32 0 0 11 0 18 23 10 0 11 5 21 28 0 64 0 18 36 21 0 0 0 0 0 0 0 0 7 0 0 0 0 0 6 0 0 0 0 0 0 0 0 0 0 0 0 0 0 0 0 0 0 1 0 0 0 0 0 0 0 0 0 0 0 0 48 0 0 83 15 0 0 0 6 0 1 0 0 0 2 0 0 0 0 0 0 0 0 0 0 0 0 0 0 0 0 0 0 0 0 0 0 0 0 0 0 0 0 0 
 2 2 49 3 149 75 2 2 2 2 43 76 2 2 2 2 32 3 2 4 616 78 60 80 83 253 120 162 166 99 62 57 204 172 244 294 462 22 68 0 0 0 2 0 3 3 4 2 0 0 0 0 0 0 0 0 0 2 0 0 0 0 3 0 0 34 3 0 6 3 4 5 1 2 0 30 0 2 0 0 0 0 0 0 0 0 0 0 0 16 0 0 0 0 0 0 1 10 0 0 1 19 1 24 7 0 24 0 0 18 22 9 24 22 5 1 32 0 0 27 0 0 0 0 0 0 0 0 0 0 0 0 0 0 0 0 0 0 19 0 11 9 0 0 0 8 0 0 0 1 0 0 0 0 0 0 9 0 0 1 0 0 0 4 0 29 0 0 0 18 9 17 0 0 0 0 0 0 0 0 27 28 12 9 13 0 35 29 30 3 1 0 19 1 22 6 0 0 0 21 0 0 0 0 0 0 0 0 0 0 0 11 16 0 0 0 0 0 0 0 0 0 0 0 0 0 0 0 0 0 0 0 0 15 0 0 0 0 0 0 0 0 0 0 0 0 0 0 0 78 10 0 0 0 3 0 0 1 2 3 2 0 0 0 0 0 0 0 0 0 0 0 0 12 0 0 0 0 0 0 0 0 0 0 0 0 2 0 0 0 
 0 0 0 0 0 0 0 0 0 0 0 0 0 0 3 0 0 0 0 0 0 0 61 0 80 122 0 62 0 65 0 123 0 0 62 0 0 125 0 0 0 80 72 116 42 38 239 260 62 35 240 49 47 96 125 37 131 34 100 143 0 4 11 0 0 0 0 0 6 0 0 10 0 0 1 0 5 4 0 0 0 0 0 0 0 0 0 0 0 0 0 0 0 0 0 0 0 0 0 0 0 0 0 9 13 19 0 0 0 0 7 0 0 0 0 0 0 0 0 0 0 19 9 0 20 0 25 13 16 0 0 1 0 25 28 18 8 0 0 15 0 0 0 22 5 0 0 0 0 0 7 0 0 0 0 7 0 4 0 0 0 2 2 0 0 0 0 0 0 0 0 0 0 0 0 0 0 2 0 0 0 0 0 9 11 0 0 0 0 0 0 0 0 0 0 0 0 0 0 0 15 13 10 1 1 15 6 25 7 17 0 0 0 19 9 1 7 15 0 10 0 0 0 0 0 0 0 0 0 0 0 3 0 9 0 0 0 0 3 0 0 0 0 0 0 0 0 0 0 0 0 0 0 0 0 0 0 17 0 0 0 0 0 0 3 2 2 0 0 0 0 0 0 0 0 0 0 0 0 0 0 0 0 0 17 0 0 10 0 0 
 0 1 2 0 0 0 0 5 0 0 1 0 0 0 4 1 0 0 1 1 0 0 0 0 0 22 1 0 0 3 65 2 0 0 0 0 0 0 0 0 80 0 174 135 126 131 60 401 40 137 309 65 24 270 176 53 86 107 45 120 0 0 0 3 0 0 0 2 0 0 0 0 50 0 0 0 0 0 52 0 0 6 0 0 11 0 1 0 12 25 2 0 0 0 3 0 0 4 0 0 0 0 5 0 0 19 0 0 0 0 0 0 0 0 0 0 0 0 0 0 0 10 0 27 14 10 0 0 0 73 4 6 13 0 18 26 0 13 0 6 0 0 2 0 0 0 0 0 0 0 0 0 0 0 0 0 0 0 13 0 17 25 0 0 0 0 4 2 7 0 11 0 4 9 0 2 0 0 3 0 0 0 0 0 0 0 0 0 0 0 0 0 0 0 0 0 0 1 0 0 0 15 2 18 16 0 7 0 22 1 0 14 0 10 1 0 29 15 0 13 9 2 0 0 0 0 0 0 0 0 0 0 0 0 0 0 0 0 1 10 0 0 0 0 0 0 0 0 0 0 0 6 0 2 0 0 0 0 0 0 0 0 70 1 35 2 2 0 0 0 0 0 0 0 0 0 0 0 0 0 0 0 0 0 0 0 0 9 0 0 
 0 0 2 0 0 0 0 4 0 3 0 0 0 3 0 0 0 0 4 4 0 0 0 0 63 63 2 1 4 5 14 1 0 0 0 6 0 0 0 2 72 174 0 116 62 26 133 116 92 76 64 38 297 187 162 378 138 329 62 191 1 0 0 5 0 0 0 0 0 56 0 0 0 0 0 0 0 0 0 0 0 0 0 0 16 0 0 0 0 0 0 0 0 0 0 0 0 0 0 0 0 2 0 0 10 0 0 2 0 0 0 0 0 0 6 0 5 0 0 0 13 0 32 20 1 0 0 0 23 0 9 0 18 28 7 0 0 44 0 10 0 0 0 0 0 0 8 0 0 0 0 0 0 0 4 0 0 0 8 3 0 0 0 0 0 0 0 0 5 5 0 0 0 0 0 0 0 0 0 0 0 9 0 57 42 26 0 0 0 0 5 0 0 0 0 0 0 0 0 0 8 11 8 3 8 0 19 14 1 19 44 0 2 15 33 0 20 0 0 30 15 0 0 0 0 0 0 0 0 0 0 0 1 0 0 0 0 0 15 0 0 0 4 0 0 0 0 0 0 0 0 10 0 0 0 0 0 0 6 8 0 29 0 1 1 0 0 0 1 0 1 0 0 0 0 0 0 0 0 0 0 11 0 0 0 0 0 0 0 0 
 0 0 3 0 0 0 0 0 0 0 0 0 0 4 0 0 0 0 0 0 0 1 0 0 0 0 0 0 0 2 0 0 0 0 0 0 0 0 0 0 116 135 116 0 218 94 156 118 146 85 352 102 77 140 178 211 176 192 90 65 2 8 0 0 0 0 0 1 20 0 22 0 51 0 51 0 4 52 0 1 0 0 0 16 0 0 0 0 0 0 0 0 0 7 0 0 0 0 0 0 0 0 0 0 0 0 0 0 0 0 0 0 0 0 0 0 0 0 0 0 0 0 1 3 43 14 0 4 0 3 10 26 0 18 0 20 8 0 0 0 1 0 9 0 0 0 19 0 0 0 0 0 1 11 0 0 13 0 16 0 0 0 0 0 0 0 0 0 11 0 0 0 4 0 0 0 0 0 0 0 0 0 0 0 0 0 0 0 0 0 0 0 0 0 0 0 0 0 0 0 0 0 1 23 28 7 0 7 12 30 16 28 0 28 0 9 14 51 0 0 0 2 0 0 0 0 13 14 0 0 0 0 1 30 0 0 1 0 28 19 0 0 0 0 0 0 0 0 0 0 0 8 0 0 0 0 0 0 0 10 0 0 3 79 0 30 0 0 0 0 2 0 0 0 0 0 0 0 0 0 0 0 0 0 0 26 0 0 0 0 
 2 2 6 2 3 2 2 3 36 2 3 3 2 3 2 3 3 2 2 2 3 3 4 3 3 3 3 3 3 5 5 42 2 3 3 5 3 3 3 3 42 126 62 218 0 191 52 381 84 148 174 67 74 104 157 120 59 107 54 86 0 0 0 2 0 0 0 0 3 0 53 0 26 0 0 0 0 0 2 0 0 0 0 0 0 0 0 0 0 0 0 0 0 0 0 0 0 0 0 0 0 0 0 0 0 0 0 0 0 0 0 0 0 0 0 0 0 0 0 0 0 0 0 23 26 33 0 0 0 13 19 24 2 0 1 26 0 1 0 0 11 1 10 0 0 0 3 0 0 0 0 7 7 0 0 0 11 0 6 25 0 0 0 0 0 0 0 0 4 0 0 0 3 2 0 0 0 0 0 0 0 0 0 0 0 0 0 0 0 0 0 0 0 0 0 0 0 0 0 0 0 0 0 10 15 9 0 0 10 0 0 14 0 0 0 0 17 14 0 0 12 21 0 0 0 0 11 14 0 0 1 0 1 12 0 0 8 2 6 10 0 0 43 0 0 0 0 0 0 0 0 24 0 0 0 0 0 0 0 1 0 0 46 1 3 8 0 64 3 0 0 0 0 0 0 0 0 0 0 0 0 0 0 0 11 0 0 0 0 0 
 0 0 6 0 0 1 0 8 0 0 0 0 0 2 0 3 0 0 0 6 1 1 2 1 1 1 3 1 1 1 1 3 1 53 2 2 2 1 1 3 38 131 26 94 191 0 97 25 51 68 150 80 45 47 124 141 69 69 59 252 25 48 3 0 0 0 50 1 4 0 53 0 1 0 9 0 0 1 47 0 3 2 0 2 3 0 0 0 5 1 0 20 0 0 4 0 0 9 0 5 0 0 0 0 0 0 1 0 0 0 0 0 0 0 0 0 0 0 0 0 16 0 1 8 45 30 0 0 0 31 53 36 0 0 0 3 15 3 0 0 30 0 17 0 0 12 0 11 0 11 0 25 19 21 0 0 28 1 9 7 30 2 0 0 0 0 6 11 3 0 13 0 0 0 17 3 3 0 0 10 0 0 0 0 3 0 0 0 0 0 0 0 0 0 0 0 0 0 0 0 0 0 0 18 0 4 0 0 1 0 0 13 0 0 18 0 8 0 0 0 11 10 7 0 0 0 30 0 0 0 0 0 3 37 0 9 20 15 0 15 0 0 4 0 0 0 0 0 0 0 0 10 0 0 2 0 0 0 0 5 0 0 13 4 1 11 4 39 4 0 0 0 0 0 0 0 0 0 0 0 0 0 0 0 57 0 0 0 0 0 
 0 0 2 0 0 0 0 0 0 0 0 0 0 1 0 1 0 0 4 4 0 2 83 0 61 0 2 0 0 0 0 24 0 0 0 43 2 19 0 4 239 60 133 156 52 97 0 289 119 28 66 32 81 95 67 290 90 38 60 107 0 0 0 5 2 0 0 2 0 0 0 0 0 0 0 0 0 2 4 0 0 15 0 0 0 0 0 0 0 0 0 0 0 0 0 0 0 0 0 0 0 0 0 21 0 0 0 0 0 0 0 19 0 0 0 0 0 18 0 0 33 3 0 0 1 0 12 25 12 7 2 2 14 0 0 0 15 12 0 0 0 0 8 0 10 0 0 5 0 0 0 0 0 0 0 0 0 0 0 0 0 0 0 0 0 0 8 0 0 0 0 0 0 0 0 0 0 1 0 0 0 0 0 41 15 0 0 0 13 0 0 0 0 0 0 0 1 0 0 0 10 0 0 21 0 0 0 0 7 0 0 16 31 17 38 2 8 20 15 0 0 0 12 0 0 0 0 0 0 0 0 0 0 1 0 0 0 0 0 0 0 0 0 0 0 0 0 0 0 0 0 10 0 0 0 0 0 69 0 0 0 0 23 0 2 2 2 0 0 0 7 0 0 0 0 0 0 0 0 0 0 0 0 0 0 0 0 0 0 0 
 2 2 2 1 9 1 1 0 1 5 0 0 2 0 1 0 3 2 5 5 1 7 2 0 126 61 3 0 0 1 1 129 2 0 7 0 0 0 5 2 260 401 116 118 381 25 289 0 198 54 40 305 74 632 107 118 161 72 143 136 0 4 0 0 0 0 0 0 0 0 0 0 0 0 0 0 10 0 0 1 0 0 0 0 0 9 0 0 0 0 0 0 0 0 0 0 0 0 0 0 9 0 6 0 8 20 0 0 0 5 14 0 0 4 0 6 0 6 0 20 0 11 6 4 27 0 0 11 9 3 12 9 12 23 25 34 28 0 0 14 0 0 0 0 0 0 0 0 0 0 0 0 0 21 4 4 0 0 16 0 0 0 0 9 0 0 0 1 8 0 0 0 4 0 0 0 0 0 1 0 0 0 0 1 0 31 5 3 8 0 0 6 7 3 0 6 0 0 0 0 2 2 4 0 29 18 0 59 12 56 9 44 1 8 15 25 13 76 19 12 0 0 0 0 0 0 0 0 0 0 0 0 0 10 0 0 0 0 28 0 0 0 0 0 0 0 0 0 0 0 0 4 0 2 0 0 0 65 0 0 0 0 1 78 1 71 0 0 2 0 0 0 0 0 0 0 0 0 0 0 0 0 0 0 10 14 0 0 0 0 
 0 0 0 0 0 0 0 2 0 1 1 0 0 3 0 2 0 0 0 0 0 2 0 0 63 0 8 0 13 8 4 0 4 11 0 1 0 1 0 0 62 40 92 146 84 51 119 198 0 66 191 84 73 85 157 175 167 213 83 158 0 11 0 1 0 8 1 1 0 0 1 0 0 0 0 0 4 0 19 51 0 0 0 0 0 0 0 0 0 0 0 0 0 0 0 0 0 7 0 0 0 0 0 0 0 0 0 0 0 0 0 11 0 0 7 0 4 0 0 0 1 0 0 9 10 1 0 9 0 29 8 7 0 13 0 19 0 0 0 0 19 12 3 0 0 0 8 8 0 0 0 0 16 0 0 0 0 9 0 0 0 0 0 0 17 0 0 0 0 0 0 0 0 1 0 2 0 0 0 0 0 0 7 0 4 11 0 3 0 0 30 0 27 0 8 0 0 0 0 0 0 0 48 29 0 33 0 10 28 10 11 0 0 83 1 0 7 36 0 0 7 1 0 0 0 0 1 13 0 0 0 0 16 1 9 0 0 0 37 12 0 0 3 0 0 0 0 0 0 0 0 25 0 0 0 0 0 0 23 1 0 0 0 0 0 0 3 0 2 0 5 0 0 0 0 0 0 0 0 0 0 2 0 0 19 13 0 0 0 0 
 0 0 3 0 0 0 0 0 0 2 0 0 0 0 0 0 0 0 0 0 0 0 0 0 65 14 0 0 0 3 2 4 0 0 0 5 0 0 0 0 35 137 76 85 148 68 28 54 66 0 208 140 50 180 213 266 143 143 123 280 0 0 0 0 0 0 0 0 1 0 3 0 0 0 3 0 0 0 0 3 0 0 0 0 0 0 0 0 0 0 0 0 0 0 0 0 0 0 0 0 0 0 0 0 4 0 0 0 0 0 0 0 0 0 0 0 0 0 0 0 2 12 28 88 46 6 5 8 1 13 12 29 41 2 0 25 17 0 0 50 7 0 0 0 0 0 0 10 0 0 0 0 0 14 15 0 0 0 25 1 0 0 0 0 0 0 0 0 7 0 0 0 5 7 0 0 0 0 0 0 0 0 0 0 0 20 0 0 0 0 0 0 0 0 0 0 0 0 19 0 0 10 0 28 42 0 54 6 7 24 20 31 0 25 8 10 30 35 0 0 0 0 0 0 0 0 0 0 0 0 0 0 2 10 0 0 0 0 16 0 0 0 0 0 0 0 0 0 0 0 0 7 0 2 0 0 0 0 0 0 0 0 0 64 5 20 0 4 0 0 0 0 0 0 0 0 0 0 0 0 0 0 0 0 0 12 0 8 0 0 
 0 0 3 0 0 0 0 0 0 0 0 0 0 0 3 0 0 0 0 0 0 0 0 0 1 4 3 0 0 2 0 0 0 0 2 3 0 0 0 0 240 309 64 352 174 150 66 40 191 208 0 181 35 45 119 106 227 392 42 135 0 0 0 0 0 0 1 1 7 0 4 0 0 0 3 0 0 0 51 3 0 0 0 0 0 0 0 0 0 0 0 0 0 0 0 0 0 0 0 0 0 0 0 0 0 0 0 0 0 0 0 0 0 0 0 0 0 0 0 0 14 12 38 0 13 0 0 16 2 26 1 36 0 1 0 8 25 0 0 23 20 9 10 0 0 0 1 20 0 0 0 0 0 0 0 0 0 0 18 0 0 0 0 0 0 0 0 0 4 0 0 0 16 6 0 0 0 0 0 0 0 0 0 0 0 0 0 0 0 0 0 0 0 0 0 0 0 0 0 0 0 12 0 37 0 9 11 0 15 1 9 29 0 25 11 0 9 37 0 0 22 0 7 0 0 0 0 0 0 0 0 0 13 0 0 0 0 0 7 1 0 0 42 0 0 0 0 0 0 0 0 9 0 0 0 0 0 0 0 9 0 0 1 0 35 5 2 62 0 0 15 0 0 0 0 0 0 0 0 0 0 0 0 0 0 15 0 10 0 0 
 0 0 0 0 0 1 0 2 2 0 0 0 0 0 3 0 0 0 0 0 1 3 0 0 0 0 0 0 0 4 0 1 0 0 0 3 1 1 1 0 49 65 38 102 67 80 32 305 84 140 181 0 23 108 321 102 74 225 51 33 2 1 56 3 5 0 0 4 10 2 6 4 0 0 5 0 4 9 2 0 0 0 0 0 0 0 0 13 0 0 0 0 0 0 0 0 0 0 0 0 0 0 0 0 0 0 0 0 0 10 0 0 0 0 0 0 9 0 0 0 0 0 19 22 0 0 0 0 0 37 14 24 0 1 0 17 6 2 0 0 33 0 0 6 7 0 0 17 0 0 6 2 11 13 0 0 0 0 8 0 0 0 0 0 0 0 0 0 4 0 0 0 4 13 0 0 0 0 0 0 0 0 0 0 0 0 0 0 0 0 6 0 0 0 0 0 0 0 0 0 0 0 11 18 19 18 0 1 24 2 10 24 0 9 1 11 11 13 0 0 11 0 0 0 0 0 9 0 0 1 1 1 13 10 13 0 0 0 0 1 0 0 0 0 0 0 0 0 0 0 0 2 0 1 0 0 0 0 0 1 0 1 2 1 0 4 2 0 0 0 0 0 0 0 0 0 0 0 0 0 0 3 0 0 36 11 0 0 0 0 
 0 0 3 0 0 0 0 6 0 0 0 0 0 0 0 0 0 0 0 0 0 0 92 28 1 64 0 0 0 64 38 22 0 1 0 22 27 61 0 0 47 24 297 77 74 45 81 74 73 50 35 23 0 146 34 53 26 258 150 35 0 1 1 0 0 3 0 0 1 9 3 2 0 0 0 19 0 0 0 0 0 0 0 0 0 0 0 0 0 0 0 0 0 0 0 0 0 0 0 0 1 0 28 14 15 8 0 0 0 0 1 19 0 0 22 0 23 18 0 0 57 6 21 0 1 1 29 14 9 0 0 0 13 11 18 0 0 11 47 8 0 0 0 0 0 0 0 0 0 2 0 0 0 0 0 0 0 0 7 0 0 0 0 0 0 0 0 0 0 5 0 0 0 0 0 5 0 0 0 0 0 0 0 7 33 0 0 0 12 0 0 4 0 0 0 0 0 19 0 0 64 78 1 0 2 0 20 6 0 2 0 0 31 0 0 21 0 0 23 17 0 0 7 0 0 0 0 0 14 0 0 0 0 0 0 0 0 0 0 0 0 0 0 0 0 0 0 0 0 19 0 18 0 4 0 1 0 65 0 10 0 23 0 1 0 0 2 0 2 0 0 0 0 0 0 0 0 0 0 0 0 23 0 0 0 0 0 0 0 0 
 1 1 0 0 0 62 0 0 27 0 0 0 1 0 0 0 0 1 69 0 0 3 0 0 144 70 0 0 0 0 2 62 1 0 0 0 0 1 0 0 96 270 187 140 104 47 95 632 85 180 45 108 146 0 190 40 106 161 206 216 0 2 0 0 0 0 0 0 0 52 2 0 0 0 2 0 0 0 0 0 0 0 0 0 0 0 0 0 0 0 0 0 0 0 0 0 0 0 0 1 0 0 0 0 10 19 0 0 0 0 0 0 0 0 0 0 0 0 0 0 5 9 44 3 17 0 23 0 21 5 14 1 19 14 39 22 38 0 0 10 9 0 0 0 0 0 0 0 0 0 0 0 0 22 2 0 0 0 0 0 0 0 0 0 0 0 0 0 0 5 0 0 0 0 0 0 0 0 0 0 0 0 0 0 0 11 0 0 0 0 0 0 0 0 0 0 0 0 0 0 4 30 6 7 11 32 11 39 6 0 11 29 4 18 49 49 0 1 20 28 0 0 0 0 0 0 0 0 0 0 0 0 0 5 0 0 0 0 8 0 0 0 0 0 10 0 0 0 0 0 0 4 0 0 0 0 0 0 0 4 0 0 0 0 1 2 0 0 2 0 0 0 0 0 0 0 0 0 0 0 0 0 0 0 0 14 0 0 0 0 
 0 0 1 0 0 0 0 3 0 0 0 0 0 0 6 0 0 0 0 0 0 0 0 0 29 54 2 0 0 6 62 0 0 0 0 0 0 0 0 0 125 176 162 178 157 124 67 107 157 213 119 321 34 190 0 175 152 44 363 438 0 0 0 3 0 0 0 0 0 0 4 0 8 4 0 1 0 0 0 0 0 4 0 0 0 0 0 0 0 0 0 0 0 0 0 11 0 0 0 0 0 0 0 4 0 11 0 0 0 0 0 0 0 0 0 0 0 0 0 0 0 2 11 31 16 0 0 0 6 0 11 14 10 0 10 11 13 0 22 8 1 0 3 0 0 3 0 0 36 0 0 4 0 0 14 0 0 0 15 0 0 0 0 0 0 0 0 0 3 0 0 0 2 0 0 0 0 0 0 0 0 0 0 0 3 0 0 0 0 6 0 0 0 0 0 0 0 0 0 0 0 3 8 19 12 0 14 0 16 16 8 16 0 34 0 0 35 29 0 11 0 0 9 0 9 10 0 2 0 1 7 4 0 0 0 0 0 0 6 0 0 0 0 0 0 0 0 0 0 0 0 11 0 0 0 0 0 0 0 0 0 0 1 64 4 11 8 0 0 0 10 0 0 0 0 0 0 0 0 0 0 0 0 0 0 0 0 11 0 0 
 64 54 3 0 2 0 77 0 0 2 2 0 0 0 0 26 0 0 0 0 0 0 0 5 0 1 2 0 0 0 0 1 0 0 0 0 0 0 0 0 37 53 378 211 120 141 290 118 175 266 106 102 53 40 175 0 391 300 72 81 1 0 0 5 0 0 0 0 10 0 7 0 0 0 4 8 5 0 0 5 0 0 0 0 0 0 0 0 0 0 0 0 0 0 0 0 0 0 0 0 0 8 0 0 0 0 0 0 2 0 0 0 0 0 0 0 0 0 0 0 9 1 19 10 33 15 0 0 9 43 5 41 3 18 1 0 59 12 0 3 22 0 4 0 0 0 0 26 0 0 0 0 14 0 0 0 0 0 7 9 0 0 0 0 0 0 0 0 4 0 0 0 0 1 0 0 0 0 0 0 0 0 0 0 0 0 0 0 0 0 0 0 0 0 20 0 0 3 0 0 4 1 32 15 33 0 22 2 28 42 18 14 9 9 9 1 18 3 6 0 16 0 8 0 0 0 0 0 0 0 0 5 15 0 6 1 0 0 0 1 0 0 19 0 0 0 0 0 0 0 0 11 0 0 0 0 0 0 0 2 0 0 4 34 2 19 1 63 0 0 6 0 0 0 0 0 0 0 0 0 0 0 0 0 0 12 0 0 0 0 
 0 5 5 0 0 0 0 0 0 0 9 0 63 3 1 2 0 0 0 5 0 0 0 1 0 0 2 0 0 1 0 2 0 0 0 1 0 0 0 0 131 86 138 176 59 69 90 161 167 143 227 74 26 106 152 391 0 284 25 91 1 5 0 0 0 0 0 1 0 0 0 207 0 0 0 0 9 0 0 0 3 0 0 3 2 0 0 0 1 0 1 4 0 0 0 0 0 4 0 4 0 0 1 0 0 0 0 0 0 0 0 0 1 0 0 0 0 0 0 0 1 0 3 10 25 0 0 3 0 24 0 21 0 35 0 13 15 9 0 0 1 0 3 0 14 0 0 6 0 0 0 0 26 13 0 0 0 19 20 13 0 1 0 1 0 3 0 0 6 0 0 0 10 2 5 6 3 3 0 0 0 0 0 0 0 0 0 0 0 0 0 0 0 0 0 0 0 0 0 11 0 0 19 21 20 21 0 21 29 37 54 26 0 37 9 9 17 67 0 0 14 0 0 0 0 0 0 0 0 0 0 0 25 16 13 0 0 0 30 0 0 0 0 0 0 0 0 0 0 0 0 8 0 2 0 0 0 0 0 2 0 0 2 2 0 3 0 2 0 0 11 0 0 0 2 0 0 0 0 0 0 0 0 0 0 11 0 0 0 0 
 2 3 5 2 2 2 2 7 3 5 5 2 2 2 8 2 2 4 6 6 0 0 0 0 2 211 2 0 2 0 0 0 0 0 0 2 1 0 0 2 34 107 329 192 107 69 38 72 213 143 392 225 258 161 44 300 284 0 317 277 2 9 0 6 0 0 1 1 4 5 5 0 8 22 3 4 5 0 1 3 0 0 0 0 0 0 0 0 10 0 0 0 0 0 0 0 0 0 0 0 0 0 0 0 0 0 0 0 0 0 0 0 0 0 0 0 0 0 0 0 0 0 16 41 10 0 0 0 4 21 58 20 0 1 0 26 18 12 0 6 53 2 3 0 0 3 0 25 1 0 0 0 9 9 4 0 9 0 17 14 0 0 0 0 0 0 0 0 3 0 0 0 2 0 0 0 0 0 0 0 0 0 0 8 0 2 0 0 0 0 0 0 0 0 0 0 0 0 0 0 0 0 5 8 22 15 0 20 37 13 29 20 0 21 0 9 7 18 0 0 13 0 1 6 0 1 0 0 0 10 0 0 14 20 11 17 7 9 8 0 0 0 0 0 0 0 0 0 0 0 0 11 0 0 0 0 1 0 0 9 0 0 2 65 1 19 6 0 0 0 10 0 0 0 0 5 0 7 0 0 0 0 0 0 3 19 0 0 0 0 
 0 0 0 0 0 0 0 0 4 0 0 2 0 0 2 0 0 0 0 0 0 0 90 6 192 5 0 0 0 2 6 120 0 0 0 0 0 99 2 0 100 45 62 90 54 59 60 143 83 123 42 51 150 206 363 72 25 317 0 222 0 0 0 0 2 0 0 0 0 0 0 0 3 0 0 0 0 0 0 0 0 0 0 0 35 0 0 0 0 0 0 0 0 0 0 0 0 0 0 0 0 0 22 49 7 21 0 0 7 0 63 0 0 7 0 0 21 0 0 0 3 16 14 25 0 0 18 0 0 0 0 0 18 26 0 14 0 0 0 62 0 0 0 0 0 0 0 0 0 0 19 0 0 0 9 0 0 0 0 0 0 0 0 0 0 0 0 0 0 0 0 0 0 0 0 24 0 1 0 0 0 0 0 30 11 21 0 0 1 0 0 0 0 0 0 0 0 8 0 0 16 21 0 0 0 0 6 0 0 0 8 0 36 17 4 27 0 0 39 0 0 0 0 0 0 0 0 0 0 0 0 0 0 0 0 0 0 0 16 0 0 0 0 0 0 0 0 0 0 0 0 14 0 0 0 0 0 0 0 2 0 0 2 0 0 2 18 0 0 0 0 0 0 0 0 0 0 0 0 0 0 0 0 0 0 0 0 1 0 0 
 3 3 3 3 3 3 3 3 3 3 3 3 3 3 3 3 3 3 3 3 0 0 78 0 163 65 2 0 0 0 5 163 0 0 0 2 0 66 26 0 143 120 191 65 86 252 107 136 158 280 135 33 35 216 438 81 91 277 222 0 0 21 0 0 0 0 0 0 0 0 0 0 0 0 0 0 4 0 0 0 0 0 0 0 0 0 0 0 0 0 0 0 0 0 0 0 0 0 0 0 0 0 0 9 3 23 0 0 0 0 1 0 0 0 1 0 0 0 0 0 0 38 12 12 5 0 0 1 0 0 0 0 23 45 0 9 0 0 0 60 9 0 0 0 0 0 0 0 0 0 0 0 0 11 5 0 0 0 0 10 0 2 2 0 0 0 0 0 0 0 0 0 0 0 0 0 0 2 0 0 0 2 0 15 18 7 0 0 0 5 0 0 0 0 0 0 3 0 0 0 0 10 10 18 19 7 68 16 8 30 29 20 0 22 0 9 15 12 1 10 2 0 0 0 0 0 0 0 0 0 0 0 0 10 0 0 0 0 11 0 0 0 0 0 0 0 0 0 0 0 0 8 0 1 0 0 0 0 1 0 0 0 0 0 63 1 0 0 2 0 0 0 0 0 0 0 0 0 0 0 0 6 0 0 0 11 0 0 1 0 
 0 0 0 31 0 0 0 0 0 0 0 0 0 0 0 0 0 1 0 57 0 0 0 0 0 0 3 0 0 27 0 5 0 0 0 0 0 0 0 0 0 0 1 2 0 25 0 0 0 0 0 2 0 0 0 1 1 2 0 0 0 241 117 120 48 25 207 77 39 66 28 36 35 174 155 72 42 265 35 150 19 4 1 22 0 0 0 7 0 0 18 17 0 1 0 67 0 0 0 5 0 0 0 0 0 0 0 0 0 0 0 0 0 0 0 0 0 0 1 0 0 0 0 0 0 14 0 0 0 0 0 0 0 0 0 0 0 0 0 0 9 10 0 0 0 17 0 0 0 19 0 0 27 34 0 7 0 0 0 0 0 1 0 0 7 0 0 6 0 0 0 0 15 0 0 0 12 15 0 0 0 0 0 0 0 0 0 22 0 0 0 0 0 0 9 0 0 0 0 0 0 0 0 0 0 1 5 0 0 0 1 0 0 0 0 0 0 0 0 0 0 7 0 24 0 0 12 5 6 0 0 9 0 12 4 26 24 36 7 10 0 0 0 0 0 0 0 0 42 0 0 0 0 0 0 0 0 0 0 0 0 0 0 0 0 0 0 0 0 0 2 0 0 0 0 1 1 0 0 0 0 0 1 0 1 0 0 0 0 0 
