 0 160 184 84 172 40 141 129 133 614 74 53 187 58 187 146 44 109 303 260 0 0 0 0 0 0 0 3 0 0 0 0 0 0 2 2 1 0 2 3 0 3 2 0 0 0 2 0 0 1 0 0 0 1 2 0 0 0 3 0 0 0 0 3 3 0 0 0 2 0 0 0 0 3 0 2 0 3 0 2 5 37 0 9 11 0 20 0 10 25 0 11 22 18 0 0 10 6 28 26 0 0 0 0 9 0 0 0 0 0 0 0 0 0 0 0 0 0 0 12 0 0 0 0 0 0 0 0 0 0 0 0 0 0 0 0 0 0 0 0 0 1 0 2 0 0 0 0 0 0 0 0 0 0 0 0 0 0 0 0 41 0 10 0 2 0 76 0 37 4 11 1 10 0 25 16 0 1 0 0 0 0 0 0 0 0 0 0 0 0 0 0 1 0 0 0 0 0 10 0 0 0 0 0 0 0 0 0 0 0 0 0 0 0 0 0 0 0 0 0 0 0 0 0 0 2 2 0 0 0 0 0 0 0 0 0 0 0 0 0 0 14 0 0 0 0 89 2 2 0 0 2 0 0 0 0 0 2 0 0 0 0 10 0 0 0 0 0 0 0 0 0 0 0 0 0 0 0 0 0 0 0 0 0 0 0 0 0 0 0 
 160 0 401 133 137 111 174 278 641 131 268 140 271 199 224 335 141 185 237 46 2 2 0 0 0 0 0 0 3 0 0 0 3 0 0 14 1 2 81 83 0 3 2 0 0 0 2 0 2 4 0 61 0 1 2 0 0 0 3 4 0 0 0 5 3 0 0 29 0 7 0 31 1 3 3 2 2 40 0 2 0 13 19 17 25 0 0 35 50 14 14 15 0 0 17 32 22 29 0 0 0 0 0 0 0 0 0 0 0 0 0 0 0 0 0 0 0 0 0 11 0 0 0 0 0 0 0 0 0 0 0 0 0 0 0 0 0 0 0 0 4 9 0 0 0 0 0 0 0 0 0 0 2 0 0 0 0 0 0 0 2 13 14 12 33 19 0 4 30 26 24 3 0 4 35 15 14 16 0 0 8 0 0 0 0 0 13 0 0 0 0 0 2 16 0 0 0 0 10 0 0 0 0 0 0 0 0 0 0 0 0 0 0 0 0 0 0 0 0 0 0 0 0 0 0 0 0 0 0 0 0 0 0 0 0 0 0 0 0 0 0 0 0 0 0 2 49 0 1 90 1 3 11 0 0 0 0 0 0 0 0 0 0 0 0 0 0 1 0 0 0 0 0 0 0 0 1 0 0 0 0 0 0 0 0 0 0 0 0 0 
 184 401 0 406 133 54 525 365 160 55 118 224 81 278 235 510 127 268 112 114 0 0 2 0 0 0 0 0 0 0 0 0 6 0 2 2 2 0 23 99 0 3 2 0 0 0 3 0 0 0 0 0 0 0 2 0 0 0 3 0 0 0 0 3 3 0 0 0 0 0 0 48 2 2 0 2 0 3 0 2 0 9 25 1 18 0 19 0 29 1 18 0 15 0 10 79 31 15 0 1 0 2 0 0 0 0 0 3 0 0 0 0 0 0 0 13 0 0 1 56 0 0 0 2 0 0 0 0 0 0 0 1 0 10 0 0 0 0 0 0 8 0 0 0 0 0 3 0 0 0 0 0 0 0 0 0 0 0 0 0 0 12 43 15 0 15 13 0 12 11 0 1 0 7 3 29 0 0 11 0 16 0 0 0 0 0 10 2 0 0 0 0 1 0 0 0 0 0 1 5 0 0 0 0 0 8 0 1 0 2 0 0 0 2 0 0 0 0 0 0 0 0 0 0 0 0 0 0 0 0 0 0 0 0 0 0 0 0 0 0 0 0 0 0 0 0 114 0 89 3 0 16 0 0 0 0 0 0 0 0 0 0 0 0 0 0 0 0 0 2 0 0 0 0 0 10 0 8 0 0 0 0 0 0 0 0 0 0 0 0 
 84 133 406 0 294 65 216 408 368 286 130 56 102 285 319 251 55 153 66 51 0 0 0 0 0 0 24 2 2 0 69 1 79 0 0 2 1 0 0 3 0 3 2 6 0 0 3 0 0 0 6 0 1 1 2 0 1 0 3 0 0 0 0 3 9 0 0 0 0 4 6 8 2 4 0 2 0 3 0 2 23 8 6 26 13 46 1 0 25 1 12 0 0 0 18 2 11 10 0 0 0 33 0 0 0 0 29 0 29 0 0 0 35 11 10 0 0 1 14 34 9 0 0 0 0 0 0 0 0 0 0 0 0 0 1 0 0 0 0 0 0 0 0 0 0 0 0 0 2 0 0 0 0 0 0 8 0 0 0 0 0 0 11 18 22 0 2 0 7 0 21 28 0 24 11 38 0 15 2 0 1 11 0 0 0 2 16 0 0 0 0 0 37 0 16 0 0 1 25 18 0 0 0 0 0 0 0 0 0 0 0 0 0 0 0 2 0 0 0 0 17 0 0 0 0 0 0 0 14 0 0 0 1 0 0 0 0 0 9 0 0 0 0 0 0 2 5 0 1 178 0 9 0 0 0 0 0 0 0 0 0 0 0 0 1 0 0 0 0 0 0 0 0 0 0 0 0 0 0 0 0 0 0 0 0 0 0 0 0 0 
 172 137 133 294 0 191 84 168 90 89 86 171 66 104 82 92 260 195 47 85 150 35 0 0 0 3 0 85 0 3 2 0 61 154 74 7 0 2 123 83 0 5 5 3 0 3 6 5 3 0 1 1 0 0 2 0 2 0 8 0 0 4 0 4 3 0 0 0 6 0 0 0 3 1 0 4 2 2 2 2 1 0 0 80 25 10 0 0 0 0 11 21 0 0 0 3 11 18 0 0 11 1 0 0 0 0 9 57 11 0 13 0 2 0 27 1 17 0 19 8 0 0 0 0 0 0 0 0 0 0 0 0 0 0 0 0 0 0 0 0 0 0 0 0 0 0 4 0 0 2 0 0 2 0 0 0 0 0 0 1 0 0 0 10 20 9 0 0 0 1 13 11 0 0 0 0 0 17 0 0 0 3 29 0 0 0 15 21 9 0 1 0 30 25 0 10 0 9 0 45 0 0 0 0 0 0 0 0 0 0 0 0 0 0 0 0 0 0 35 0 0 0 0 0 0 0 0 0 0 0 0 0 0 0 0 0 0 0 0 0 0 13 31 0 0 0 92 0 0 5 1 17 0 0 0 0 0 0 0 0 0 0 14 0 0 0 0 0 0 0 0 0 0 0 0 0 0 11 0 0 0 0 0 0 0 0 0 0 0 0 
 40 111 54 65 191 0 253 337 271 150 232 162 248 43 44 77 52 98 41 41 77 2 1 0 0 1 0 39 74 3 0 0 152 83 1 2 1 3 24 78 0 3 2 0 0 0 3 0 0 61 69 0 0 0 2 0 0 0 3 0 34 1 0 3 3 0 0 0 0 0 0 0 3 2 0 2 0 3 0 2 0 0 16 16 21 39 79 3 14 14 0 45 0 0 1 23 1 24 0 0 49 21 0 1 0 2 39 35 39 0 0 1 24 17 22 1 38 1 9 18 0 0 1 0 0 0 0 0 0 0 0 0 2 0 0 0 0 0 0 0 0 0 0 0 0 0 1 0 0 0 3 0 0 0 0 0 0 0 0 5 0 14 0 22 13 0 0 0 0 18 1 35 0 0 0 0 33 17 0 2 13 17 28 0 1 11 1 11 0 1 11 2 60 94 0 1 0 10 15 23 0 0 0 0 0 0 0 0 0 0 0 0 0 0 0 0 0 0 0 0 0 0 0 0 0 0 0 0 0 0 0 0 0 0 0 0 0 0 0 15 0 0 0 0 0 1 4 0 1 1 0 8 22 0 0 0 0 0 0 0 0 0 0 28 0 0 0 1 0 0 0 0 0 0 0 0 0 1 0 0 0 0 0 0 0 0 0 0 0 0 
 141 174 525 216 84 253 0 318 73 339 39 43 253 173 130 62 221 243 70 279 0 0 0 2 0 12 0 0 0 0 0 0 0 0 0 9 0 0 0 2 0 3 2 0 0 0 2 0 0 0 0 0 62 1 2 9 0 0 3 0 0 0 0 3 3 0 0 0 0 0 0 0 0 3 0 2 0 37 0 2 15 2 26 0 0 0 0 34 12 1 3 0 21 18 1 12 2 0 26 21 0 0 0 10 0 0 0 0 0 0 0 0 0 0 0 0 0 0 11 0 0 0 0 0 0 0 0 0 0 0 0 0 0 0 0 0 0 0 0 0 2 2 0 0 0 0 0 0 0 0 0 0 0 0 0 0 0 0 0 0 22 38 11 0 0 19 38 10 0 0 15 15 0 30 17 21 15 13 7 27 0 0 0 0 0 0 0 0 0 0 0 0 17 0 0 0 0 0 0 0 0 0 0 0 0 0 0 0 0 0 0 0 0 0 1 0 0 0 0 0 0 0 0 10 0 0 0 16 0 0 0 0 0 0 0 0 0 0 0 0 0 0 0 0 0 0 88 0 3 0 0 16 0 0 0 0 0 0 0 0 0 0 0 0 0 0 0 0 0 0 0 0 0 2 0 0 17 0 0 0 0 0 0 0 0 0 0 0 0 0 
 129 278 365 408 168 337 318 0 265 67 41 300 139 343 39 128 233 137 49 241 0 0 0 0 0 0 0 0 0 0 0 4 0 0 0 2 1 0 0 79 0 3 2 0 0 0 3 0 0 0 0 29 0 0 2 0 0 0 42 0 0 0 0 3 3 0 34 0 0 0 0 59 1 3 0 2 0 4 0 2 1 18 63 23 22 0 0 23 10 0 18 26 0 14 17 28 32 28 0 14 0 0 0 0 0 0 0 0 0 0 0 0 0 0 0 0 0 0 15 20 0 0 0 0 0 0 0 0 0 0 0 0 0 0 2 0 0 0 0 0 0 0 0 0 0 0 2 0 0 0 0 0 0 1 0 0 0 1 0 0 0 52 19 14 13 0 0 51 24 20 15 22 0 21 0 35 20 8 0 17 0 0 0 0 0 0 7 0 0 0 0 0 33 0 0 0 0 2 0 0 0 0 0 0 0 0 0 0 0 0 0 0 0 0 0 1 0 0 0 0 0 0 0 0 0 0 0 13 0 0 0 0 2 0 0 0 0 0 0 0 0 14 0 0 0 0 90 0 2 45 2 8 27 0 0 0 0 0 0 0 0 0 20 0 0 0 0 0 0 0 0 0 0 0 0 0 3 5 0 0 0 0 0 0 0 0 0 0 0 0 
 133 641 160 368 90 271 73 265 0 489 220 237 200 199 109 152 443 48 51 152 0 0 5 1 0 0 88 0 3 0 0 0 0 0 0 5 1 73 0 20 0 3 2 6 0 0 5 4 0 69 0 0 4 1 6 0 0 0 3 0 0 0 0 3 3 0 0 0 0 0 0 41 1 3 0 2 0 39 0 2 5 6 37 12 12 10 0 25 25 32 53 42 19 0 2 35 34 10 0 10 0 0 0 0 0 0 0 1 0 0 0 0 0 3 0 0 1 0 14 4 0 0 0 0 0 0 0 0 0 0 0 0 0 0 1 0 0 0 0 0 2 2 0 0 0 0 0 0 0 0 0 0 0 2 0 0 0 0 0 0 0 34 14 0 22 19 0 0 6 0 1 11 14 65 0 74 14 30 2 0 29 8 0 0 0 2 10 0 0 0 0 0 18 13 0 12 0 1 29 10 0 0 0 0 0 0 0 0 0 0 0 0 0 0 0 2 0 0 0 0 0 0 0 0 0 0 0 0 0 0 0 0 1 0 0 0 0 0 0 0 0 16 0 0 0 0 89 0 0 2 2 8 0 0 0 0 0 0 0 0 0 0 10 0 0 0 0 0 0 0 0 0 0 0 0 0 26 0 0 0 0 0 0 0 0 0 0 0 0 0 
 614 131 55 286 89 150 339 67 489 0 85 243 354 412 101 295 147 54 57 317 0 0 0 0 0 0 25 79 0 0 0 1 60 0 0 2 0 0 0 79 0 2 2 0 0 0 3 0 0 0 0 5 0 0 2 0 0 0 3 0 49 0 0 3 3 0 0 0 0 5 0 51 3 1 0 2 29 2 0 2 32 12 55 26 0 17 0 18 0 23 20 0 13 0 2 30 55 0 2 7 0 33 0 2 0 0 13 21 2 0 0 0 26 11 19 0 11 0 34 20 0 0 0 0 0 0 10 0 0 0 0 0 0 0 0 0 0 0 0 0 0 0 0 0 0 0 2 2 0 0 0 0 0 0 0 0 0 0 0 0 0 49 34 0 40 15 9 0 1 0 21 21 13 22 14 20 12 23 9 6 3 11 0 0 0 0 28 3 0 0 0 0 24 14 16 12 1 0 16 22 0 0 0 0 0 0 0 0 0 0 0 0 1 0 0 0 0 0 0 0 0 0 0 0 0 0 0 0 0 0 0 0 0 0 0 0 0 0 0 0 0 0 0 0 0 0 89 0 0 90 1 7 0 0 0 0 0 0 0 0 0 0 0 0 0 0 0 0 0 0 0 0 0 0 0 0 20 6 0 0 0 0 0 0 0 0 0 0 0 21 
 74 268 118 130 86 232 39 41 220 85 0 61 135 29 147 157 169 366 23 288 0 0 0 0 0 0 0 0 2 10 0 0 73 2 2 5 77 0 0 7 0 12 2 0 0 0 6 0 2 0 0 0 0 0 2 0 0 3 3 0 0 0 40 3 4 0 0 0 0 0 0 0 2 2 0 4 0 56 0 2 7 17 47 59 43 27 8 35 23 7 0 8 0 15 1 1 10 16 0 0 0 0 0 0 0 0 10 0 14 0 0 2 16 0 7 0 0 0 7 25 1 0 0 0 0 0 0 0 0 2 0 0 0 0 0 0 0 0 8 0 18 4 0 0 12 0 2 0 0 0 0 0 60 0 2 0 0 0 1 0 0 10 10 19 19 17 1 25 7 15 12 15 0 8 22 16 18 0 4 9 0 18 0 0 0 0 0 0 2 0 0 0 14 31 12 0 0 0 18 20 0 1 0 0 0 0 0 0 0 0 1 0 0 0 0 0 0 0 0 0 0 7 0 0 0 0 0 0 0 0 0 19 0 0 0 0 0 0 0 0 0 0 0 0 0 4 0 0 4 0 0 3 15 0 0 0 0 0 0 0 73 2 0 0 0 0 0 0 0 0 0 0 0 0 0 44 0 2 0 0 0 0 0 0 0 0 0 0 0 0 
 53 140 224 56 171 162 43 300 237 243 61 0 117 106 359 39 185 274 41 283 74 76 0 0 0 0 0 24 7 0 3 0 82 0 0 8 1 0 0 135 0 2 2 3 0 0 3 0 45 6 2 1 0 1 2 0 0 0 3 2 0 0 0 3 10 0 0 0 0 2 3 0 3 1 0 2 0 3 0 2 7 0 30 17 40 0 0 10 0 10 27 20 19 0 10 1 25 12 0 11 13 0 0 0 0 0 0 22 0 0 0 0 0 0 8 0 16 0 35 9 0 0 0 0 0 0 0 0 0 0 0 0 0 0 2 0 0 0 0 0 0 0 0 0 0 0 12 0 0 0 0 0 0 1 0 0 0 0 0 0 0 18 10 21 29 0 0 0 0 14 1 0 14 44 0 19 14 17 0 0 2 23 0 0 0 0 23 31 0 0 0 0 14 16 0 0 0 2 0 33 0 0 0 0 0 0 0 0 0 0 0 0 0 0 0 1 0 0 0 0 0 0 0 0 0 0 0 0 0 0 0 0 2 0 0 0 0 0 0 0 0 16 0 0 0 4 1 2 0 93 13 42 18 0 0 0 2 0 0 0 0 0 13 0 2 0 0 0 0 0 0 0 0 9 0 0 0 7 0 0 0 0 0 0 0 0 0 0 0 0 
 187 271 81 102 66 248 253 139 200 354 135 117 0 114 129 31 390 121 176 269 82 2 1 0 0 1 1 0 0 0 1 0 0 0 0 3 0 0 0 6 0 9 2 0 0 0 3 0 0 0 0 1 0 0 2 0 0 0 3 0 0 0 0 3 3 0 45 0 0 0 0 0 3 1 0 2 0 2 0 2 33 1 9 24 0 0 39 15 17 14 23 0 9 0 0 0 11 0 10 23 0 2 0 0 0 0 0 5 0 0 0 0 0 0 0 0 0 0 0 0 0 0 1 0 0 0 0 0 0 0 13 1 0 0 0 0 0 0 0 0 0 0 0 0 0 0 6 0 0 0 0 0 1 16 0 0 0 0 0 0 45 13 1 0 0 0 51 1 17 23 14 0 22 35 1 13 7 11 6 14 0 0 0 0 1 0 0 1 0 19 0 1 0 0 0 0 0 0 0 0 0 0 0 0 0 0 0 1 0 2 0 0 0 2 0 0 0 0 0 0 0 0 0 0 0 0 0 0 0 0 0 12 0 0 0 0 0 0 0 0 0 1 0 0 0 1 0 0 0 0 0 7 0 0 0 0 0 0 0 0 0 0 0 0 0 0 0 0 0 1 0 0 0 0 0 0 16 0 0 0 0 0 0 0 0 0 0 0 0 1 
 58 199 278 285 104 43 173 343 199 412 29 106 114 0 341 523 99 206 63 56 1 0 0 0 2 10 2 0 0 3 10 0 1 2 0 4 2 16 0 3 6 3 2 0 0 0 3 0 0 7 0 0 0 0 2 0 0 1 5 0 0 0 0 3 3 0 0 0 41 0 0 0 2 2 0 2 0 4 4 2 0 0 17 12 11 0 10 2 13 10 0 18 14 0 34 66 12 18 16 0 0 0 0 0 0 12 0 0 0 0 0 0 0 0 0 0 0 0 17 26 0 0 0 0 0 2 0 0 0 0 0 0 0 0 0 0 0 1 0 0 0 0 0 0 0 0 0 0 10 0 0 0 0 0 0 0 0 0 0 0 0 0 15 0 5 0 9 1 4 0 13 16 0 23 19 27 0 11 11 0 0 1 0 0 0 0 0 0 0 0 0 0 19 2 0 0 0 0 0 0 0 0 0 2 0 0 0 0 0 0 0 0 0 0 0 0 0 2 0 0 0 1 0 0 0 0 0 0 11 0 0 2 0 0 0 0 0 0 0 0 0 17 0 0 0 0 145 0 5 92 1 7 43 0 0 0 0 0 0 0 0 0 15 0 0 0 0 0 0 0 0 0 0 0 0 14 1 0 0 0 0 0 0 0 0 0 0 0 0 0 
 187 224 235 319 82 44 130 39 109 101 147 359 129 341 0 228 118 53 170 158 3 0 4 0 0 3 0 0 3 2 2 2 3 6 0 6 3 0 0 3 0 2 2 0 0 3 4 1 0 0 3 1 0 0 2 6 1 93 3 0 3 20 0 3 5 0 0 0 3 0 3 55 3 0 2 2 0 1 2 3 0 45 15 0 10 0 54 0 31 1 2 0 0 0 15 31 48 14 38 10 0 0 0 0 0 0 0 0 0 0 0 0 0 0 0 0 0 0 0 9 0 0 0 2 0 0 0 0 0 0 0 1 0 0 0 0 0 0 0 0 0 0 0 0 0 0 0 0 0 0 0 0 0 0 0 0 0 0 0 0 32 0 16 0 0 0 64 34 47 0 0 7 8 8 13 1 0 0 0 0 0 0 0 0 0 0 0 0 3 0 0 0 13 0 0 0 0 0 0 0 0 0 0 1 0 0 0 9 0 0 0 0 0 0 0 0 0 0 0 0 0 0 0 0 0 0 0 0 0 0 0 0 0 0 0 0 0 0 0 0 0 0 0 0 0 0 0 1 88 49 0 13 0 0 0 0 0 0 0 0 1 0 0 0 0 0 0 0 0 2 0 0 0 0 0 11 0 0 0 0 0 0 0 0 0 0 0 0 0 0 
 146 335 510 251 92 77 62 128 152 295 157 39 31 523 228 0 160 507 107 58 0 0 0 0 0 0 0 0 0 0 0 0 0 0 0 2 25 1 22 23 0 3 2 0 0 0 3 4 0 0 0 1 0 0 2 0 3 0 3 0 0 0 0 3 3 0 0 0 5 0 0 31 29 2 0 2 2 33 0 2 0 1 35 0 37 1 19 18 63 24 14 1 26 0 12 60 9 2 2 0 0 0 0 0 0 0 0 0 1 0 0 0 2 0 0 0 0 0 9 8 0 0 0 0 0 0 0 0 0 0 0 0 0 0 0 0 0 0 0 0 2 2 0 0 0 0 0 1 0 0 3 0 0 0 0 0 0 0 0 0 0 0 28 0 1 46 10 1 20 13 5 9 0 10 3 36 0 5 10 1 14 0 0 0 0 0 14 0 0 0 0 1 15 0 0 0 0 0 0 0 0 0 0 0 0 0 0 0 0 0 0 0 2 0 0 0 0 0 0 2 0 0 0 0 0 0 0 0 0 0 0 0 0 0 0 0 0 0 2 0 0 0 0 0 0 2 177 2 87 88 0 19 0 0 0 0 0 0 0 0 0 0 0 0 0 0 0 0 0 0 0 0 0 0 0 1 1 0 0 0 0 0 0 0 0 0 0 0 0 0 
 44 141 127 55 260 52 221 233 443 147 169 185 390 99 118 160 0 55 246 111 0 0 0 0 0 0 18 0 82 0 0 0 74 0 0 2 1 0 0 3 0 2 2 0 0 0 3 0 0 0 0 1 0 0 2 0 0 0 3 0 0 0 0 3 3 0 0 0 0 0 0 0 3 1 0 2 0 52 0 2 11 1 15 22 0 28 27 28 22 9 70 0 18 16 35 18 3 23 41 6 0 27 0 0 0 0 13 0 0 0 0 0 24 10 0 0 0 0 1 10 0 1 0 0 0 0 0 0 0 0 0 0 0 0 0 0 0 0 0 0 15 3 0 0 0 0 0 27 0 0 0 0 4 0 0 0 0 0 0 0 0 0 0 0 15 22 20 8 1 0 62 0 10 33 36 22 23 5 14 8 2 10 0 2 0 0 16 0 0 0 0 0 0 0 29 0 0 0 2 11 0 6 0 0 2 0 0 0 0 0 0 0 0 13 0 0 0 0 0 0 0 0 0 0 0 0 0 0 0 0 0 0 0 0 0 0 2 0 0 0 0 1 0 0 0 0 1 0 44 89 2 10 0 0 0 0 0 0 0 0 0 0 0 0 0 64 0 0 0 0 0 0 0 0 0 10 0 0 0 0 0 0 0 0 0 0 0 0 0 0 
 109 185 268 153 195 98 243 137 48 54 366 274 121 206 53 507 55 0 33 29 75 0 0 0 0 3 0 0 0 0 0 0 0 74 78 4 0 83 75 77 0 2 2 0 0 1 3 0 0 0 0 1 0 1 2 0 0 0 4 0 0 0 0 3 3 0 0 0 0 0 0 56 3 0 0 2 0 47 0 2 19 0 22 25 46 0 0 16 16 0 25 21 0 0 22 28 25 27 16 0 0 0 0 1 0 0 0 0 0 0 0 0 0 0 0 0 0 0 0 0 0 0 0 0 0 0 0 0 0 0 0 0 0 0 0 0 0 0 0 0 0 0 0 0 2 0 2 1 0 0 0 0 0 0 0 0 0 0 0 0 9 14 0 26 11 0 0 1 13 39 22 9 0 0 0 2 24 0 0 15 0 0 0 0 0 0 15 36 13 0 0 0 0 10 0 0 2 0 0 13 0 0 0 0 0 0 0 0 0 0 0 0 2 0 0 0 0 0 0 0 0 0 0 0 0 0 0 0 0 0 0 0 0 0 0 0 0 0 2 0 0 0 0 0 0 6 0 3 1 48 1 17 11 0 0 0 0 0 2 0 0 0 0 0 0 0 0 2 0 0 0 0 0 0 0 0 14 6 0 0 0 0 0 0 0 0 0 0 0 0 
 303 237 112 66 47 41 70 49 51 57 23 41 176 63 170 107 246 33 0 147 0 0 0 2 0 0 0 0 0 0 0 0 0 0 0 2 0 0 0 3 0 1 2 0 0 0 3 0 0 0 0 2 0 0 3 0 0 0 3 0 0 0 0 32 3 0 0 0 0 0 0 0 6 0 0 2 0 1 0 2 13 22 0 0 0 0 22 0 0 0 0 0 27 17 12 18 0 0 14 24 0 0 0 0 0 0 0 0 3 0 0 0 0 0 0 0 0 0 0 0 0 0 0 0 0 0 0 0 0 0 0 0 0 0 0 0 0 0 0 0 0 0 0 10 3 0 0 0 3 0 0 0 0 0 0 0 2 0 0 0 31 0 18 0 0 0 9 0 15 0 0 0 7 9 0 10 0 15 11 0 0 0 0 0 0 0 0 0 0 0 0 0 9 0 0 0 0 0 0 0 0 0 0 0 0 0 0 0 0 0 0 0 0 0 0 0 0 0 0 0 0 0 0 0 0 0 0 0 0 0 0 0 0 0 0 0 0 0 0 0 0 0 0 0 0 0 0 0 0 0 0 7 0 0 0 0 0 0 0 0 0 0 0 0 0 0 0 0 0 0 0 0 0 0 0 9 0 0 0 0 0 0 0 0 0 0 0 0 0 1 
 260 46 114 51 85 41 279 241 152 317 288 283 269 56 158 58 111 29 147 0 2 1 0 0 0 1 0 0 0 0 0 0 0 2 0 2 0 0 0 4 0 3 2 0 0 0 2 2 0 0 0 0 0 1 2 0 0 0 3 0 0 0 0 3 3 0 0 0 0 0 0 0 0 3 0 2 0 3 0 56 1 20 18 3 0 0 40 27 17 10 12 12 20 21 0 0 13 1 1 36 0 0 0 0 0 0 0 0 0 0 0 0 9 0 0 0 0 0 0 0 0 0 0 1 0 0 0 0 0 0 0 2 0 0 0 0 0 0 0 0 0 0 0 0 0 0 0 0 0 0 0 0 0 0 0 0 0 0 0 0 33 0 0 2 0 0 6 10 25 0 2 0 67 15 0 11 2 15 5 24 11 0 26 0 0 0 0 0 0 0 0 0 0 2 0 0 0 0 0 0 0 0 0 2 0 0 0 0 0 0 0 0 0 0 0 0 0 0 0 0 0 1 0 0 0 0 0 0 0 0 0 2 0 0 0 0 0 0 0 15 0 18 0 0 0 0 1 0 1 0 0 12 0 0 2 0 0 0 0 0 3 0 9 0 0 0 0 0 0 2 0 0 0 0 0 0 0 0 0 0 0 0 0 0 0 0 0 0 0 0 
 0 2 0 0 150 77 0 0 0 0 0 74 82 1 3 0 0 75 0 2 0 221 165 128 121 39 641 123 30 204 44 101 128 126 369 68 113 104 237 106 0 0 0 63 2 0 0 2 0 0 0 0 0 0 0 0 0 0 0 0 2 0 0 0 0 0 0 0 0 3 0 4 0 3 0 0 51 2 1 2 0 0 0 12 11 22 0 0 0 0 21 8 0 0 0 0 0 0 21 0 67 8 0 9 14 11 46 25 15 32 0 0 20 10 26 13 26 0 9 0 1 0 0 0 0 0 0 0 0 0 0 0 0 0 0 0 0 0 9 0 0 0 0 0 0 0 11 0 0 0 0 1 0 0 0 0 0 0 0 0 0 0 0 15 11 38 0 0 0 0 0 0 0 0 0 0 0 0 2 0 16 39 27 32 22 1 33 40 14 35 0 0 12 33 22 4 25 16 0 2 0 0 0 1 0 0 0 0 0 0 0 0 0 0 0 0 0 0 0 6 0 0 0 0 0 0 0 0 0 0 0 0 0 0 0 0 0 0 0 0 0 0 0 0 0 0 0 0 0 0 1 0 0 1 12 0 0 3 9 2 2 0 0 0 0 0 0 0 0 0 0 0 0 0 0 0 2 0 0 0 0 0 0 0 0 0 0 8 0 0 
 0 2 0 0 35 2 0 0 0 0 0 76 2 0 0 0 0 0 0 1 221 0 144 77 46 110 72 418 203 28 159 255 134 40 87 67 123 69 202 188 0 0 0 0 3 0 66 2 0 0 0 0 0 0 0 0 1 0 0 0 2 0 0 0 0 0 0 0 0 3 53 5 0 3 0 0 7 0 0 2 0 0 0 0 0 9 0 0 0 0 1 0 0 0 0 0 0 0 0 0 35 0 0 22 28 24 0 16 8 35 22 13 19 3 42 13 16 4 20 53 0 9 0 0 0 0 0 0 0 0 0 0 0 0 0 0 0 0 35 10 0 0 0 0 0 0 0 0 0 0 0 0 0 0 0 0 0 0 0 2 0 0 0 2 12 34 0 0 0 0 1 0 0 0 0 0 0 0 1 0 16 50 8 54 26 0 61 23 13 28 0 0 0 1 40 19 0 0 18 1 0 0 0 1 0 0 0 0 0 0 0 0 23 0 0 0 0 0 12 9 0 0 0 0 0 0 0 20 0 0 0 0 0 0 0 0 0 0 0 0 0 0 0 0 0 0 0 0 0 3 1 0 0 1 12 0 3 79 99 2 16 0 0 0 0 0 0 0 0 0 0 0 0 0 0 0 2 0 0 0 0 0 0 0 0 0 0 0 0 0 
 0 0 2 0 0 1 0 0 5 0 0 0 1 0 4 0 0 0 0 0 165 144 0 331 234 419 52 326 323 302 74 25 286 610 127 442 67 149 23 146 0 0 0 0 3 0 0 4 0 0 0 0 81 0 0 0 0 0 0 18 57 0 0 0 1 1 0 0 0 3 0 2 0 3 0 0 0 0 0 2 0 0 0 0 0 0 2 0 0 0 0 0 0 0 0 0 0 0 0 0 18 14 15 2 13 23 0 8 19 8 40 10 17 13 0 37 12 30 1 9 9 0 0 1 0 0 0 0 0 1 0 0 15 0 0 0 0 0 49 18 0 0 0 0 0 8 0 0 0 0 0 0 2 2 0 1 0 0 0 0 0 0 0 0 0 0 0 1 0 0 2 0 2 0 0 0 0 0 0 0 15 9 12 33 20 18 6 27 1 13 31 0 0 0 50 0 35 35 0 0 15 0 1 0 0 0 14 1 0 2 0 0 43 21 0 0 1 0 0 11 2 0 0 0 0 0 0 0 0 0 0 0 0 1 0 0 0 0 0 0 0 0 0 0 0 0 0 0 15 0 0 0 0 0 8 0 0 0 36 2 1 0 0 0 0 0 0 0 0 0 0 0 0 0 0 0 0 0 0 0 0 31 0 0 0 0 0 0 0 0 
 0 0 0 0 0 0 2 0 1 0 0 0 0 0 0 0 0 0 2 0 128 77 331 0 433 188 69 82 262 228 45 50 80 170 82 123 108 165 122 54 0 0 0 0 2 0 96 2 2 0 0 0 17 0 0 61 0 0 62 93 2 0 0 28 0 2 0 0 0 3 0 4 0 3 0 0 0 0 0 2 0 0 0 0 0 0 0 0 0 0 0 0 0 0 0 0 0 0 0 0 15 10 12 6 1 2 0 0 22 0 16 13 0 0 0 20 26 18 0 0 10 15 0 0 0 0 22 0 0 0 0 0 20 0 0 2 0 0 33 20 0 0 0 0 0 0 0 0 0 0 0 0 0 0 1 0 0 0 0 0 6 0 0 0 0 0 0 0 0 0 0 0 0 0 0 0 0 0 0 41 2 18 11 19 38 31 0 18 8 0 23 9 0 0 0 9 81 32 0 0 18 0 0 0 0 0 0 11 0 0 0 0 1 25 11 0 1 0 1 10 0 0 0 0 1 0 0 0 0 0 0 0 0 0 0 0 0 0 0 0 0 0 0 0 0 0 0 0 0 0 0 0 0 0 15 0 2 0 0 0 13 0 0 0 0 0 0 0 0 0 0 0 0 0 0 0 0 1 0 0 0 12 0 0 0 0 0 0 0 0 
 0 0 0 0 0 0 0 0 0 0 0 0 0 2 0 0 0 0 0 0 121 46 234 433 0 408 37 71 246 156 76 138 112 144 76 226 94 51 147 65 0 0 62 0 2 0 0 3 0 1 0 0 131 0 61 24 0 0 0 64 2 0 0 0 0 0 0 0 0 3 0 3 0 3 0 0 0 0 0 2 0 0 0 0 0 0 0 0 0 0 0 2 0 0 0 4 0 0 0 0 10 7 10 9 0 17 0 2 9 0 24 14 0 0 0 9 23 30 0 0 40 0 18 0 10 0 15 10 9 17 0 0 25 0 4 54 0 20 55 19 0 0 0 0 0 1 0 0 0 0 0 0 0 0 0 0 1 0 0 2 4 0 0 0 0 0 0 1 0 0 0 0 0 0 0 0 0 0 0 0 0 12 0 0 20 28 0 19 0 0 34 0 0 0 0 6 49 26 0 0 27 0 13 1 0 0 1 7 0 13 11 35 12 31 0 0 1 19 0 11 0 0 0 0 0 0 0 0 0 0 2 0 0 0 0 0 0 0 0 0 0 0 0 0 0 0 0 0 0 0 0 0 0 0 11 0 0 2 0 0 0 0 0 0 0 0 0 0 0 0 0 0 0 0 0 0 0 0 0 11 0 16 0 0 2 0 0 0 0 0 
 0 0 0 0 3 1 12 0 0 0 0 0 1 10 3 0 0 3 0 1 39 110 419 188 408 0 40 31 351 252 182 53 259 50 47 154 577 473 44 85 0 61 0 0 3 1 43 4 0 0 0 0 63 0 0 0 0 0 1 123 1 0 0 0 0 0 0 0 0 3 0 30 0 3 0 0 0 2 0 2 0 0 0 13 0 0 0 0 0 0 0 0 0 0 0 0 0 0 0 0 4 0 6 0 10 14 0 0 0 0 19 0 0 0 7 17 13 31 0 0 0 31 0 8 0 0 29 29 0 28 0 0 31 15 25 18 0 0 65 53 0 0 0 0 0 0 0 0 0 0 0 0 0 3 0 0 0 0 0 0 0 0 2 0 2 0 0 0 0 0 1 0 0 0 0 0 0 0 0 0 0 0 1 16 18 12 0 0 13 0 20 82 0 0 0 0 13 20 0 0 0 0 19 0 0 0 18 30 0 0 2 0 64 41 0 0 14 22 51 12 0 0 0 0 0 0 2 0 0 0 0 0 0 0 0 0 0 0 0 0 0 0 0 0 0 0 0 0 0 0 0 0 0 0 5 1 0 0 2 1 15 12 0 0 0 0 0 0 0 0 0 0 0 0 33 0 0 0 0 9 0 33 0 0 0 0 1 0 0 0 
 0 0 0 24 0 0 0 0 88 25 0 0 1 2 0 0 18 0 0 0 641 72 52 69 37 40 0 67 33 87 95 66 114 211 55 367 122 33 61 50 0 0 0 0 66 0 0 4 0 0 0 0 0 0 0 0 0 0 0 0 0 0 0 0 0 0 0 0 0 4 0 3 2 3 2 0 0 52 4 8 9 0 0 14 0 58 0 0 0 0 12 0 0 0 0 0 0 0 0 0 0 37 31 3 0 1 29 0 19 0 0 9 34 79 15 17 4 39 11 9 0 0 0 0 0 0 0 0 0 0 0 0 0 0 0 0 0 0 0 15 0 0 0 2 0 11 0 0 0 0 0 0 0 0 0 0 0 2 0 0 0 0 16 9 10 0 0 0 0 0 17 0 0 0 0 0 1 2 0 0 9 12 10 0 1 0 17 0 17 1 5 0 7 0 26 22 3 9 13 38 0 0 0 0 0 0 0 0 0 0 0 0 0 0 0 0 0 0 0 14 0 0 0 0 0 0 2 0 0 0 0 0 11 0 0 0 0 0 0 0 0 0 18 0 0 0 0 0 0 87 0 0 0 0 9 0 0 5 0 0 3 0 0 0 0 0 0 0 0 0 0 0 0 0 0 0 0 0 0 0 0 0 0 0 0 0 0 0 0 0 
 3 0 0 2 85 39 0 0 0 79 0 24 0 0 0 0 0 0 0 0 123 418 326 82 71 31 67 0 421 19 102 121 335 279 56 45 114 40 56 184 0 1 0 0 3 0 0 4 0 1 0 0 0 0 0 5 0 0 2 0 2 0 0 3 0 52 2 0 0 3 0 3 0 3 0 0 0 0 7 2 0 0 0 0 0 0 0 0 0 0 0 1 0 2 1 0 0 0 0 37 31 6 13 18 16 10 18 36 4 27 19 16 20 24 39 0 16 0 17 0 0 0 0 0 0 0 2 0 0 0 0 0 0 0 0 0 0 0 13 0 0 0 0 0 0 0 0 0 0 0 0 0 0 0 0 0 0 0 0 6 1 0 0 0 34 1 0 10 0 0 2 1 0 0 0 1 0 4 0 0 36 12 20 13 12 9 0 14 17 28 14 0 13 17 13 0 0 1 2 5 11 0 2 0 0 0 12 0 0 0 0 0 0 0 0 0 2 0 0 19 0 0 0 1 0 0 0 0 0 0 0 0 2 0 0 0 0 0 0 0 0 0 0 0 0 0 0 0 0 0 11 0 0 0 0 0 0 47 84 2 0 0 0 0 0 0 0 0 0 0 0 0 0 0 0 0 0 0 0 0 0 0 0 0 0 0 0 0 0 0 
 0 3 0 2 0 74 0 0 3 0 2 7 0 0 3 0 82 0 0 0 30 203 323 262 246 351 33 421 0 103 100 52 394 300 158 438 307 262 235 171 0 1 0 0 2 0 4 17 0 0 0 0 0 0 0 0 0 0 0 25 0 0 2 0 0 0 0 0 0 3 0 5 0 3 2 0 0 0 6 2 0 0 0 0 0 0 0 0 0 0 0 1 0 2 0 0 0 0 0 0 1 33 19 40 2 15 1 12 19 46 72 33 37 1 30 0 0 12 0 0 10 0 0 0 0 0 0 0 0 1 0 0 0 0 0 1 0 0 29 32 12 0 0 0 0 0 0 12 8 0 0 0 0 0 0 0 0 0 2 5 0 0 0 0 9 0 0 16 0 0 1 0 0 0 0 0 0 0 0 0 8 0 19 28 0 51 0 0 28 26 45 0 0 16 0 0 3 19 14 0 18 0 0 0 0 0 1 0 0 0 0 0 46 10 0 0 0 0 14 24 0 0 0 0 0 0 0 0 0 0 0 0 0 0 0 0 0 0 0 0 0 0 0 0 0 0 0 0 0 0 0 0 0 0 3 2 1 152 53 3 2 0 0 0 0 0 0 0 0 0 0 0 0 0 0 0 0 0 0 0 0 0 0 0 0 0 0 0 0 0 
 0 0 0 0 3 3 0 0 0 0 10 0 0 3 2 0 0 0 0 0 204 28 302 228 156 252 87 19 103 0 153 113 52 235 182 334 99 219 145 94 5 0 0 1 5 1 0 4 0 6 0 0 19 0 2 3 3 0 0 0 0 0 3 3 0 0 0 0 5 3 3 34 0 3 2 0 0 1 2 4 0 2 0 0 0 10 0 0 0 0 0 0 0 0 0 0 0 0 0 0 15 14 0 20 14 0 7 0 17 20 0 20 31 0 0 7 11 20 1 23 0 8 0 15 0 0 12 11 0 0 0 0 42 12 12 0 0 0 21 23 0 0 0 0 0 0 0 0 2 0 5 0 0 9 0 13 0 0 0 0 0 0 0 0 0 18 0 0 0 0 1 0 0 1 0 0 0 0 0 0 14 0 0 0 19 13 14 19 0 15 12 45 0 0 30 0 57 67 0 0 15 0 1 0 0 0 34 10 0 0 0 0 0 0 0 0 29 0 9 0 0 0 0 0 0 0 0 0 0 2 0 0 0 0 0 0 0 0 0 0 0 0 0 0 0 0 0 0 0 0 0 0 0 0 11 0 0 1 0 0 2 34 0 0 0 0 0 0 0 0 2 0 0 12 0 0 0 0 0 0 0 6 0 0 0 9 0 0 0 0 
 0 0 0 69 2 0 0 0 0 0 0 3 1 10 2 0 0 0 0 0 44 159 74 45 76 182 95 102 100 153 0 167 326 108 64 326 282 280 110 60 0 0 0 0 3 0 0 5 0 0 0 0 0 0 0 0 0 0 0 0 0 0 0 0 0 0 0 0 0 3 0 4 0 2 0 0 0 7 0 2 0 0 0 0 0 0 0 0 9 0 0 0 0 0 20 0 2 0 0 0 0 10 37 46 39 37 0 0 4 9 17 24 0 12 10 21 13 46 0 0 0 0 0 0 0 0 16 3 0 0 0 0 24 0 22 0 0 8 26 12 0 0 18 0 0 0 0 0 0 0 0 0 0 0 0 0 0 0 2 0 0 0 0 0 0 0 0 4 0 0 1 0 0 0 1 0 0 0 0 2 0 12 0 8 22 15 10 0 23 8 20 17 0 0 7 16 13 21 12 0 0 0 7 0 0 0 17 22 0 0 0 0 12 0 0 0 18 16 42 33 10 0 0 0 0 0 0 0 0 0 0 0 0 0 0 0 0 0 0 0 0 0 0 0 0 0 0 0 0 0 0 0 0 0 9 0 0 119 6 0 4 0 0 0 0 0 2 0 0 0 0 0 0 0 0 0 0 0 0 0 0 11 0 0 0 2 10 0 0 0 
 0 0 0 1 0 0 0 4 0 1 0 0 0 0 2 0 0 0 0 0 101 255 25 50 138 53 66 121 52 113 167 0 40 199 117 168 173 79 34 115 0 0 0 0 3 0 0 5 1 0 0 5 55 0 21 62 0 0 62 0 0 0 0 0 0 0 0 0 0 3 0 6 0 3 54 0 0 2 4 2 0 0 0 0 0 0 0 0 0 0 0 2 0 0 0 0 0 0 0 0 13 33 13 0 3 11 0 2 21 20 0 0 0 22 0 10 2 12 0 0 13 1 14 0 0 0 18 9 12 18 0 0 22 19 12 12 0 16 0 50 0 0 0 0 0 0 0 6 2 0 0 0 0 0 0 0 1 0 2 2 7 0 0 0 0 0 1 1 0 0 0 0 0 0 0 0 0 0 0 0 0 0 0 0 36 30 0 24 6 0 0 33 0 0 0 10 31 0 0 0 0 0 1 23 0 0 25 6 0 3 0 0 19 0 14 13 6 33 12 28 0 0 0 0 0 0 0 0 0 0 2 0 0 0 0 0 0 0 0 0 0 0 0 0 0 0 0 0 0 0 0 0 0 0 8 4 1 117 0 0 4 3 1 0 0 0 0 0 0 0 0 0 0 0 0 0 0 0 0 0 0 13 0 0 3 0 0 0 0 0 
 0 3 6 79 61 152 0 0 0 60 73 82 0 1 3 0 74 0 0 0 128 134 286 80 112 259 114 335 394 52 326 40 0 165 113 66 119 29 211 149 0 0 0 1 2 0 0 4 0 1 0 0 0 0 0 0 1 0 0 0 0 0 0 0 0 0 0 0 0 3 0 23 0 3 0 0 0 1 6 2 0 0 0 1 0 11 0 0 15 0 0 0 0 0 0 1 15 6 0 0 1 10 0 39 0 0 13 11 20 33 54 15 25 0 24 7 17 0 10 13 0 0 0 0 0 0 14 0 0 0 0 0 0 0 0 0 0 0 0 0 0 0 0 0 0 0 0 0 0 0 0 0 0 0 0 0 0 0 0 3 0 0 0 0 13 15 0 0 0 0 1 25 0 0 0 0 0 9 0 8 27 1 10 12 7 10 0 1 8 47 0 0 29 15 26 0 9 27 6 18 0 0 0 0 0 28 0 0 0 0 0 0 0 0 0 0 0 0 0 0 1 0 0 0 0 0 0 0 0 0 0 0 0 0 0 0 0 0 0 0 0 0 0 0 0 0 0 0 0 0 0 0 0 0 6 0 0 118 0 0 3 0 0 0 0 0 0 0 0 0 0 0 0 0 0 0 0 0 0 0 0 0 0 0 0 0 0 0 0 0 
 0 0 0 0 154 83 0 0 0 0 2 0 0 2 6 0 0 74 0 2 126 40 610 170 144 50 211 279 300 235 108 199 165 0 359 302 323 339 159 336 0 204 0 0 2 0 0 3 204 0 0 17 0 0 0 0 0 0 0 0 1 3 0 0 0 0 0 0 0 3 0 4 0 3 0 0 0 2 0 11 0 0 0 18 11 13 2 0 0 0 14 8 0 0 0 0 0 0 0 0 54 19 10 17 12 10 30 7 33 0 0 5 6 17 12 4 25 32 53 14 0 0 0 0 0 0 0 0 0 0 0 14 0 0 0 0 0 0 1 0 0 0 0 2 0 0 0 0 0 0 0 0 0 0 0 0 0 2 0 0 0 0 0 22 0 0 0 0 0 0 1 0 2 0 0 0 0 0 0 0 0 12 50 0 21 0 0 13 30 11 9 0 18 21 18 24 67 6 56 1 0 0 0 0 0 0 0 0 1 0 0 0 0 0 0 0 0 0 0 14 2 0 0 0 0 0 0 0 0 0 0 0 0 0 0 0 0 0 0 2 0 0 18 0 0 0 0 0 0 0 0 0 0 0 8 2 0 76 0 0 2 0 0 0 0 0 0 0 0 0 0 0 0 0 0 0 0 0 0 0 0 0 0 0 0 1 0 0 0 0 
 2 0 2 0 74 1 0 0 0 0 2 0 0 0 0 0 0 78 0 0 369 87 127 82 76 47 55 56 158 182 64 117 113 359 0 282 47 196 160 381 0 0 3 2 2 3 3 4 2 0 0 0 0 0 0 0 0 0 3 0 0 0 0 0 0 0 0 0 0 6 0 5 0 3 0 0 0 1 37 2 0 0 0 0 1 9 0 0 0 0 26 4 0 0 0 0 0 0 0 0 43 0 1 41 14 10 36 25 25 83 0 41 31 37 0 18 0 0 0 17 0 0 0 0 21 0 0 0 0 0 0 1 0 0 0 0 0 0 9 0 0 0 0 0 0 0 0 0 1 0 0 0 0 0 11 0 0 0 0 0 0 0 0 17 0 26 0 0 0 0 2 0 0 0 0 0 0 0 0 0 28 9 23 53 1 5 27 10 13 36 0 20 1 11 52 0 13 15 1 5 0 0 0 0 0 0 10 0 0 0 0 0 0 0 0 0 0 0 0 22 0 0 0 0 0 0 0 0 0 0 0 0 0 0 0 0 0 0 0 0 0 0 0 0 0 0 0 0 0 0 0 0 0 0 7 0 0 51 24 0 0 0 0 0 0 0 0 0 0 0 0 0 0 0 0 0 0 0 0 0 0 0 0 0 0 10 0 0 0 0 
 2 14 2 2 7 2 9 2 5 2 5 8 3 4 6 2 2 4 2 2 68 67 442 123 226 154 367 45 438 334 326 168 66 302 282 0 241 167 39 187 1 0 0 0 2 0 0 7 210 0 1 3 252 0 0 0 2 0 3 0 0 0 0 0 0 0 0 0 2 3 0 3 0 3 0 1 0 4 0 2 0 0 1 0 0 0 0 0 0 0 0 0 0 0 0 0 0 0 0 0 0 74 19 10 11 11 0 0 0 0 15 13 0 12 13 25 12 28 2 0 1 0 0 1 0 0 14 0 0 0 0 0 12 0 11 0 0 0 8 0 0 0 0 0 0 4 0 0 0 0 0 0 1 6 0 2 0 0 0 0 0 0 0 0 0 0 0 6 0 0 2 0 0 0 0 2 0 0 0 0 17 0 0 0 13 33 0 0 12 0 31 11 0 0 0 7 51 33 7 0 18 0 0 0 0 0 14 20 34 1 0 0 1 13 11 0 3 0 13 33 1 0 0 0 0 0 0 0 0 0 0 2 7 0 0 0 0 0 0 0 0 0 0 0 0 0 0 0 0 0 0 0 0 0 9 1 3 76 74 2 2 0 0 0 0 0 0 0 0 0 0 0 0 0 0 0 0 0 0 0 0 20 0 0 0 0 1 0 0 0 
 1 1 2 1 0 1 0 1 1 0 77 1 0 2 3 25 1 0 0 0 113 123 67 108 94 577 122 114 307 99 282 173 119 323 47 241 0 64 220 51 0 7 0 0 6 0 0 12 0 0 2 2 0 0 2 0 0 0 0 1 0 0 2 0 0 0 2 0 0 3 2 5 24 3 0 0 0 0 4 2 0 0 0 0 0 0 0 0 0 0 0 0 1 0 0 0 0 0 2 0 9 11 40 17 21 67 0 0 2 12 28 26 1 19 10 3 29 84 0 0 0 0 0 0 0 0 0 0 0 0 0 0 15 0 0 0 0 0 34 0 0 0 0 0 0 0 1 0 1 2 0 0 0 0 0 0 0 0 0 2 0 0 0 0 0 0 0 4 0 0 1 0 0 0 0 0 0 0 0 0 0 25 1 20 41 2 2 18 22 10 16 19 0 0 21 18 14 39 18 0 0 0 1 0 0 0 0 0 0 0 0 0 12 0 0 0 0 14 11 28 0 7 0 0 0 0 0 0 0 0 0 6 0 0 0 0 0 0 0 0 0 0 0 0 0 0 0 0 0 0 0 0 0 0 15 0 2 153 4 0 1 0 0 0 0 0 0 0 0 0 0 27 0 0 0 0 0 0 0 0 0 0 0 0 0 21 0 0 0 0 
 0 2 0 0 2 3 0 0 73 0 0 0 0 16 0 1 0 83 0 0 104 69 149 165 51 473 33 40 262 219 280 79 29 339 196 167 64 0 34 104 0 0 0 0 2 0 64 3 0 5 0 1 91 0 0 0 0 0 64 88 1 0 0 0 0 0 0 0 0 3 0 33 0 3 0 0 0 1 0 2 0 0 0 0 0 8 0 0 0 0 0 0 0 0 0 0 0 0 1 0 12 1 0 15 20 1 0 0 0 1 60 13 0 0 2 0 10 27 0 0 0 32 0 13 0 0 21 11 0 13 0 0 41 12 12 17 0 0 32 32 0 2 0 0 0 0 0 0 0 0 0 2 0 6 13 0 0 0 0 0 7 0 2 1 2 0 0 0 0 0 0 0 0 0 0 0 0 0 0 0 0 0 3 14 39 13 0 21 12 1 27 26 0 1 0 0 27 28 0 0 13 0 12 0 0 0 17 8 0 0 2 0 13 16 10 0 20 0 10 1 0 0 0 0 0 0 12 0 0 0 0 0 0 0 0 0 0 0 0 0 0 0 0 0 0 0 0 0 0 0 0 0 0 0 7 3 0 0 0 2 15 23 0 0 0 0 0 0 0 0 0 0 0 0 0 0 0 0 0 10 0 11 0 0 0 0 0 0 0 0 
 2 81 23 0 123 24 0 0 0 0 0 0 0 0 0 22 0 75 0 0 237 202 23 122 147 44 61 56 235 145 110 34 211 159 160 39 220 34 0 199 0 0 1 0 2 0 0 2 0 0 0 0 0 62 0 0 0 62 0 0 1 0 0 0 0 0 0 0 0 4 0 5 0 3 0 0 2 0 0 2 0 0 0 37 10 15 0 0 13 0 0 0 0 0 1 11 0 0 0 0 10 0 25 45 0 6 19 34 32 0 18 10 0 21 23 2 1 1 1 20 0 0 0 0 0 2 0 0 0 0 0 0 0 0 0 0 0 0 0 2 0 0 0 0 0 0 0 0 0 0 0 0 0 0 0 0 9 0 0 6 0 0 0 0 18 22 0 0 8 8 0 20 0 0 0 0 0 0 0 0 35 3 25 20 8 0 0 9 10 37 0 20 34 12 75 16 9 31 17 9 0 0 0 0 0 0 0 0 0 0 0 0 0 0 0 0 0 0 0 0 0 0 0 0 0 0 0 0 0 0 0 0 0 0 0 0 0 0 0 0 0 0 0 0 0 0 77 0 0 0 0 0 0 0 25 2 0 9 0 1 0 0 0 0 0 0 0 0 0 0 0 0 0 0 0 0 0 0 0 0 0 0 0 0 0 11 0 0 0 0 
 3 83 99 3 83 78 2 79 20 79 7 135 6 3 3 23 3 77 3 4 106 188 146 54 65 85 50 184 171 94 60 115 149 336 381 187 51 104 199 0 0 265 0 0 2 0 0 3 202 0 0 0 0 0 0 0 70 0 0 0 0 0 0 0 0 0 0 0 0 3 0 4 0 3 0 0 0 2 31 2 0 0 0 11 11 57 0 0 12 1 0 0 0 0 0 12 10 0 0 0 33 0 0 72 0 0 0 9 23 56 1 0 11 0 15 0 10 0 9 19 0 0 0 0 0 0 0 0 0 0 0 0 0 0 0 0 0 0 0 0 0 0 0 0 0 0 24 0 0 0 0 1 0 0 0 0 0 0 0 0 0 5 17 5 8 38 0 0 9 9 1 0 0 0 0 0 0 0 2 0 28 49 9 0 1 12 61 58 7 16 0 0 14 17 0 12 9 0 11 63 0 0 0 1 0 0 0 0 0 0 0 0 1 0 0 0 0 0 1 0 0 0 0 0 0 0 0 0 0 8 0 0 0 0 0 0 0 0 0 0 0 0 0 0 0 0 79 0 0 0 11 0 0 1 10 2 6 12 0 0 3 0 0 0 0 0 0 0 0 0 0 0 0 0 0 0 17 9 0 0 0 0 0 0 0 0 0 0 0 0 
 0 0 0 0 0 0 0 0 0 0 0 0 0 6 0 0 0 0 0 0 0 0 0 0 0 0 0 0 0 5 0 0 0 0 0 1 0 0 0 0 0 215 70 83 91 50 257 279 149 337 60 51 355 361 239 39 116 162 67 200 11 0 0 10 2 0 4 0 23 1 2 0 1 5 56 33 3 4 1 13 0 0 0 0 0 0 0 0 0 0 0 0 0 0 0 0 0 0 0 0 0 0 0 0 0 0 0 0 0 0 0 0 0 0 0 0 0 0 0 0 5 10 26 49 8 12 0 0 11 0 0 43 0 22 10 11 14 8 0 19 0 0 0 3 0 0 23 0 0 5 0 0 2 0 0 1 6 7 19 0 0 0 0 0 0 0 5 0 5 0 0 0 8 0 0 0 0 0 0 0 0 0 0 0 0 0 0 0 0 0 0 0 0 0 0 0 0 0 0 0 48 8 8 13 0 0 1 14 20 6 0 23 14 21 0 20 8 0 0 0 6 3 0 1 0 0 4 8 0 0 0 0 0 14 10 2 0 0 3 2 0 0 3 0 0 0 0 0 0 0 0 9 0 0 0 0 0 0 2 0 0 0 0 0 1 2 4 0 0 0 10 0 0 2 0 0 0 0 0 0 0 0 0 0 1 0 0 0 0 0 
 3 3 3 3 5 3 3 3 3 2 12 2 9 3 2 3 2 2 1 3 0 0 0 0 0 61 0 1 1 0 0 0 0 204 0 0 7 0 0 265 215 0 146 183 63 24 161 174 557 398 73 324 69 195 394 234 91 111 140 72 0 1 0 0 0 11 0 0 0 0 0 2 52 9 56 0 0 6 0 26 0 0 0 0 0 0 0 0 0 0 0 0 0 0 0 0 0 0 0 0 0 0 0 0 0 11 0 0 0 14 0 0 0 0 0 0 0 0 0 13 26 3 7 37 0 9 10 28 13 0 8 10 3 3 16 7 17 0 0 20 7 21 4 10 0 0 22 7 0 0 0 0 0 0 0 0 1 0 7 22 0 4 0 0 0 0 0 0 0 0 0 0 0 12 0 0 0 0 0 7 0 0 0 0 0 0 0 0 0 0 0 0 0 0 0 0 0 0 0 0 29 2 5 0 31 27 1 5 16 10 26 35 13 0 6 13 0 56 0 0 0 0 0 0 0 0 0 0 0 1 0 0 56 14 3 0 0 0 0 54 0 0 9 0 0 0 0 0 0 0 0 12 0 0 0 0 0 0 0 16 0 0 63 68 73 2 15 0 2 0 0 0 0 0 0 0 0 0 0 0 0 0 11 0 12 0 0 0 0 0 
 2 2 2 2 5 2 2 2 2 2 2 2 2 2 2 2 2 2 2 2 0 0 0 0 62 0 0 0 0 0 0 0 0 0 3 0 0 0 1 0 70 146 0 129 56 79 134 399 81 110 128 159 68 51 55 126 231 156 28 115 0 0 0 0 2 0 0 0 1 0 0 4 47 51 0 0 0 1 34 50 0 3 0 0 0 0 0 0 0 0 0 0 0 0 0 0 0 0 0 0 0 0 0 0 0 0 0 0 0 0 0 0 0 0 0 0 0 0 0 0 0 21 4 0 24 6 3 6 12 14 38 16 8 0 20 0 0 14 0 0 0 0 15 0 0 0 0 0 0 0 0 0 0 12 9 1 0 0 14 0 0 0 0 0 18 0 0 0 0 0 0 0 0 0 0 0 0 0 0 0 0 0 0 0 0 0 0 0 0 0 0 0 0 0 0 0 0 0 17 0 3 18 0 21 58 9 6 7 31 12 5 13 0 1 12 0 0 39 0 0 0 0 0 0 0 0 6 10 0 0 0 0 0 0 10 0 0 0 10 0 0 0 0 0 0 0 0 0 0 0 0 0 0 0 0 0 0 0 0 1 0 0 0 0 0 3 0 4 2 0 14 0 0 0 0 0 0 0 0 0 0 0 0 0 8 18 0 0 0 0 
 0 0 0 6 3 0 0 0 6 0 0 3 0 0 0 0 0 0 0 0 63 0 0 0 0 0 0 0 0 1 0 0 1 0 2 0 0 0 0 0 83 183 129 0 75 255 244 217 243 164 149 191 58 89 80 64 159 102 296 60 0 1 0 0 7 0 0 0 51 0 0 4 74 100 0 0 0 1 18 72 0 0 0 0 0 0 0 0 0 0 0 0 0 0 0 0 0 0 0 0 0 0 0 0 0 0 0 0 0 0 0 0 0 0 0 0 0 0 0 0 0 25 5 30 24 33 0 0 0 0 0 35 0 0 10 5 14 0 0 0 0 0 0 0 0 0 0 0 0 0 0 0 0 0 0 0 0 0 2 15 0 37 0 0 0 0 2 0 0 0 0 0 26 7 0 0 0 0 0 8 0 0 0 0 0 0 0 0 0 0 0 0 0 0 0 0 0 0 0 0 1 0 0 1 37 1 18 9 15 8 0 23 0 1 21 8 0 17 0 0 0 0 0 10 0 0 0 12 0 4 0 0 4 15 4 10 0 1 11 8 0 0 0 0 0 0 0 0 0 0 0 7 0 0 0 0 0 0 0 20 0 0 0 66 1 5 0 2 1 0 0 0 0 0 0 0 0 0 0 0 0 0 0 0 1 33 0 0 0 0 
 0 0 0 0 0 0 0 0 0 0 0 0 0 0 0 0 0 0 0 0 2 3 3 2 2 3 66 3 2 5 3 3 2 2 2 2 6 2 2 2 91 63 56 75 0 95 474 144 155 313 74 275 73 136 79 306 78 93 108 79 0 0 0 0 0 0 0 50 49 0 0 1 0 51 0 0 0 51 0 0 0 0 0 0 0 0 0 0 0 0 0 0 0 0 0 0 0 0 0 0 0 0 0 0 0 0 3 0 0 0 0 0 0 0 0 0 0 0 0 0 0 0 8 0 10 0 0 7 11 0 6 12 0 11 0 0 5 0 0 6 29 6 0 0 43 0 21 1 0 16 49 6 0 0 0 4 14 21 10 0 0 0 0 0 0 0 4 0 0 0 0 0 5 0 0 0 0 0 0 0 0 0 0 0 0 0 0 0 0 0 0 0 0 0 0 0 0 0 0 0 0 3 30 1 0 0 0 3 13 0 5 1 30 12 3 0 8 0 0 0 36 17 0 24 0 0 31 0 0 0 0 18 20 0 0 36 22 23 20 22 4 0 0 0 0 0 0 0 0 0 0 8 0 0 0 0 0 2 0 0 0 27 5 0 1 14 0 0 0 0 0 0 0 0 0 0 0 0 0 0 0 0 0 0 0 0 0 0 0 0 
 0 0 0 0 3 0 0 0 0 0 0 0 0 0 3 0 0 1 0 0 0 0 0 0 0 1 0 0 0 1 0 0 0 0 3 0 0 0 0 0 50 24 79 255 95 0 145 107 48 81 67 209 42 48 199 329 86 181 72 71 0 4 1 0 0 3 50 0 52 1 1 0 53 69 51 17 0 50 41 0 0 0 12 0 0 0 0 0 0 0 0 0 0 0 0 0 0 0 0 0 0 0 0 15 0 0 0 0 0 0 0 0 0 0 0 0 0 0 10 0 0 14 12 1 14 20 0 0 0 1 21 15 0 0 1 14 11 13 0 0 0 14 15 0 0 0 3 15 20 19 0 0 9 77 10 0 20 8 30 0 17 0 0 12 0 0 0 0 0 0 0 0 0 0 4 0 0 0 0 0 0 0 0 0 0 0 0 0 0 0 0 1 0 0 0 0 0 0 0 0 34 7 0 0 6 0 0 1 1 0 33 27 0 0 0 0 5 0 0 0 9 19 21 0 0 0 21 41 0 0 9 0 1 18 7 0 0 16 1 0 0 0 0 0 0 0 0 0 0 0 0 7 0 0 0 0 0 0 1 0 0 0 0 0 6 0 1 1 0 0 9 0 0 0 0 0 0 0 0 0 0 0 0 0 10 0 0 0 0 0 
 2 2 3 3 6 3 2 3 5 3 6 3 3 3 4 3 3 3 3 2 0 66 0 96 0 43 0 0 4 0 0 0 0 0 3 0 0 64 0 0 257 161 134 244 474 145 0 120 495 533 162 32 201 286 278 136 109 113 131 401 0 29 0 0 3 0 0 0 0 0 0 2 0 0 0 0 0 0 45 6 0 0 0 0 0 0 0 0 0 0 0 0 0 0 0 0 0 0 0 0 0 0 0 0 0 13 1 0 0 0 0 0 0 0 0 0 0 10 0 0 11 29 11 0 0 64 27 14 9 11 11 12 2 0 3 29 1 11 32 12 0 0 0 2 0 0 0 0 0 0 0 0 0 0 0 0 5 0 1 0 0 0 0 0 0 0 0 0 0 0 1 0 0 0 0 0 10 0 12 0 0 0 0 17 20 0 0 0 7 0 0 16 0 0 0 0 0 0 3 0 17 0 10 5 0 24 15 4 11 17 14 23 22 1 17 1 0 0 13 0 0 3 0 0 0 0 0 0 0 0 0 0 0 0 0 0 0 0 0 23 0 0 0 0 0 0 0 0 0 0 0 8 0 0 0 0 0 0 1 0 13 0 3 0 71 2 2 0 0 0 0 0 0 0 0 4 0 0 0 0 0 0 0 0 0 9 0 0 0 0 
 0 0 0 0 5 0 0 0 4 0 0 0 0 0 1 4 0 0 0 2 2 2 4 2 3 4 4 4 17 4 5 5 4 3 4 7 12 3 2 3 279 174 399 217 144 107 120 0 112 264 310 20 90 149 82 342 361 98 61 56 1 3 6 1 1 0 2 0 1 2 9 2 55 0 27 1 0 1 1 11 0 0 0 0 0 0 0 0 0 0 0 0 0 0 0 0 0 0 0 0 0 0 0 0 0 0 0 0 0 0 0 0 0 0 0 0 0 0 0 0 0 0 20 4 10 32 10 1 0 23 18 13 1 13 33 28 3 10 0 0 0 0 0 1 2 1 0 0 0 0 2 0 0 8 10 0 2 0 11 0 0 0 0 0 0 0 0 0 0 0 0 0 27 0 0 0 0 0 0 0 0 0 0 0 0 9 0 34 0 0 0 0 0 0 0 0 0 0 0 0 1 16 2 57 0 20 38 33 21 18 6 12 0 11 2 1 4 1 0 0 0 1 0 2 2 1 0 0 2 0 0 0 0 11 7 0 0 1 8 0 0 0 0 0 0 0 0 0 0 17 0 10 0 1 0 0 0 0 2 0 0 0 2 0 1 9 2 0 0 0 9 0 0 0 0 0 0 0 0 0 0 0 0 0 0 9 0 0 2 1 
 0 2 0 0 3 0 0 0 0 0 2 45 0 0 0 0 0 0 0 0 0 0 0 2 0 0 0 0 0 0 0 1 0 204 2 210 0 0 0 202 149 557 81 243 155 48 495 112 0 364 346 22 184 97 190 217 89 236 403 203 0 0 0 4 0 1 0 4 0 0 0 2 103 4 3 3 6 0 0 51 0 0 0 0 0 0 0 0 0 0 0 0 0 0 0 0 0 0 0 0 0 0 0 0 0 3 2 0 0 0 0 0 0 0 0 0 0 0 0 0 20 1 15 24 10 33 14 1 13 0 19 22 0 10 2 0 9 0 0 35 24 9 7 4 0 0 4 9 5 0 0 0 0 0 11 0 0 0 13 15 0 6 0 0 0 0 0 0 0 0 0 0 0 8 0 0 0 0 0 5 0 0 0 0 0 0 0 0 0 0 0 0 0 0 0 0 0 0 0 0 10 22 17 7 4 34 0 25 20 19 3 80 12 10 19 20 0 13 0 0 0 0 1 0 0 0 0 0 9 37 0 0 8 17 14 7 0 0 0 0 0 0 11 0 0 0 0 0 0 0 0 2 0 0 0 0 0 0 0 1 0 0 11 34 0 3 2 0 0 0 0 0 0 13 0 0 0 0 0 0 0 0 6 0 3 13 0 0 0 0 
 1 4 0 0 0 61 0 0 69 0 0 6 0 7 0 0 0 0 0 0 0 0 0 0 1 0 0 1 0 6 0 0 1 0 0 0 0 5 0 0 337 398 110 164 313 81 533 264 364 0 162 99 71 267 182 222 117 102 151 132 0 8 0 0 1 0 6 3 0 0 5 3 54 54 3 1 0 5 0 33 0 8 0 0 1 0 1 0 0 13 0 3 0 0 0 1 9 2 0 0 0 0 0 0 0 1 0 0 0 0 0 0 0 0 0 0 0 0 1 11 16 0 0 27 0 1 28 0 2 19 20 33 10 0 0 16 29 0 0 0 21 16 6 5 0 0 13 3 4 0 0 0 0 0 0 0 0 0 4 14 0 23 0 0 1 9 4 0 17 0 0 46 0 9 0 13 12 6 0 8 0 0 0 0 0 0 17 1 0 0 0 0 0 15 0 0 0 0 9 9 34 0 21 7 27 23 2 0 22 0 8 14 0 5 19 27 2 14 0 0 0 0 3 0 0 0 13 0 0 6 0 0 3 15 4 0 0 0 0 7 0 0 8 0 0 0 0 0 1 0 0 6 0 0 0 0 0 0 0 20 0 0 70 65 2 0 3 0 0 0 0 0 0 0 0 0 0 0 0 0 0 0 4 0 14 6 0 0 0 0 
 0 0 0 6 1 69 0 0 0 0 0 2 0 0 3 0 0 0 0 0 0 0 0 0 0 0 0 0 0 0 0 0 0 0 0 1 2 0 0 0 60 73 128 149 74 67 162 310 346 162 0 139 23 258 373 182 135 193 36 105 0 3 0 0 4 65 0 0 0 0 0 2 0 0 0 46 0 2 0 6 0 0 0 0 0 0 0 0 0 0 0 0 0 0 0 0 0 0 0 0 0 0 0 0 1 0 0 0 0 0 0 0 0 0 0 0 0 0 0 0 2 0 0 0 0 42 32 15 29 31 19 30 4 2 0 8 0 0 0 0 16 9 0 11 0 0 15 0 0 12 0 0 4 0 6 3 1 0 0 20 0 0 7 0 0 0 0 0 0 0 0 0 0 0 0 0 0 0 0 0 0 0 0 0 0 0 0 0 0 0 0 0 0 0 18 0 0 0 0 0 31 0 12 14 9 29 13 5 38 9 28 48 0 1 31 4 14 39 15 0 0 1 0 0 0 0 0 0 0 0 0 0 0 0 0 12 0 0 0 11 0 0 0 0 0 0 0 0 0 0 0 3 0 0 0 0 1 0 0 8 0 0 70 1 67 7 2 1 0 0 0 0 0 0 0 0 0 0 0 0 0 0 0 0 7 30 0 14 0 0 
 0 61 0 0 1 0 0 29 0 5 0 1 1 0 1 1 1 1 2 0 0 0 0 0 0 0 0 0 0 0 0 5 0 17 0 3 2 1 0 0 51 324 159 191 275 209 32 20 22 99 139 0 225 303 43 118 85 122 24 28 3 0 0 8 3 4 54 0 11 0 0 3 56 16 0 9 0 3 108 78 0 0 0 0 0 0 1 0 0 0 0 0 0 0 0 0 0 0 0 0 0 0 1 0 0 0 0 0 0 0 0 3 0 0 0 0 0 0 0 13 0 0 1 10 4 1 0 0 0 0 13 9 0 0 0 1 12 0 0 0 1 0 6 0 0 0 0 9 0 5 0 0 14 20 4 1 8 7 20 20 0 3 0 0 0 0 3 0 0 0 0 0 1 3 0 9 0 0 0 3 0 0 0 0 0 0 0 0 0 0 0 0 0 0 4 0 0 0 0 0 0 1 0 0 22 0 0 1 0 9 0 4 0 6 0 10 10 0 0 0 16 4 0 7 0 0 15 24 0 38 0 0 10 6 10 13 0 0 18 9 0 0 0 0 0 0 0 0 0 0 0 6 0 0 0 0 0 0 0 11 0 1 0 0 0 1 0 4 1 0 10 0 0 0 0 0 0 0 0 0 0 4 0 0 8 0 0 0 0 0 
 0 0 0 1 0 0 62 0 4 0 0 0 0 0 0 0 0 0 0 0 0 0 81 17 131 63 0 0 0 19 0 55 0 0 0 252 0 91 0 0 355 69 68 58 73 42 201 90 184 71 23 225 0 295 106 132 56 249 409 57 0 1 0 0 28 0 0 0 0 0 0 2 0 7 5 0 0 55 0 1 0 0 0 0 0 0 20 0 0 0 0 0 0 0 0 0 0 0 0 0 0 0 0 0 1 11 0 0 0 0 0 0 0 0 4 0 0 0 0 0 18 3 21 27 0 0 0 17 11 24 0 0 12 4 35 35 27 15 25 23 0 0 0 19 0 6 0 0 0 0 0 0 0 15 0 0 0 0 0 0 5 0 0 0 0 0 0 0 0 0 0 0 0 0 0 0 0 0 0 0 0 0 0 0 11 11 0 0 0 0 0 0 0 0 0 0 3 4 0 0 0 3 20 1 0 0 1 0 0 13 0 0 31 36 11 0 0 10 1 14 0 0 0 0 0 0 0 0 0 0 0 0 0 0 0 0 0 0 0 0 0 0 9 0 0 0 0 0 0 0 0 9 0 0 0 0 0 0 2 0 0 2 0 0 2 6 15 0 2 0 0 0 0 1 0 12 0 0 0 4 0 25 0 0 0 0 0 0 0 0 
 1 1 0 1 0 0 1 0 1 0 0 1 0 0 0 0 0 1 0 1 0 0 0 0 0 0 0 0 0 0 0 0 0 0 0 0 0 0 62 0 361 195 51 89 136 48 286 149 97 267 258 303 295 0 251 74 100 306 178 224 0 4 0 5 0 2 0 0 7 15 2 3 0 0 2 57 2 0 0 16 0 0 0 0 0 0 0 0 0 0 0 0 0 0 0 0 0 0 0 0 0 0 0 0 0 0 0 0 0 0 0 0 0 0 0 0 0 0 0 0 29 12 1 11 0 1 42 8 24 13 24 23 7 0 12 12 20 0 0 0 0 0 0 12 0 0 0 2 0 3 0 0 0 0 0 4 11 6 19 12 2 5 0 6 0 0 6 0 0 0 0 0 6 0 0 0 0 0 0 4 0 0 0 0 0 0 0 0 0 0 0 0 0 0 0 0 0 0 0 0 22 8 17 9 18 20 9 46 27 0 11 15 0 45 29 23 0 36 0 0 5 4 0 5 0 0 0 7 0 0 0 0 10 0 0 13 0 0 7 24 0 0 1 0 0 0 0 0 0 0 0 13 0 0 0 0 2 0 1 11 0 0 7 5 5 10 0 0 2 0 8 0 0 0 0 0 0 0 0 0 0 0 0 0 2 0 0 0 0 0 
 2 2 2 2 2 2 2 2 6 2 2 2 2 2 2 2 2 2 3 2 0 0 0 0 61 0 0 0 0 2 0 21 0 0 0 0 2 0 0 0 239 394 55 80 79 199 278 82 190 182 373 43 106 251 0 194 148 89 233 227 0 1 0 0 0 0 0 0 0 0 0 2 0 4 4 47 0 4 0 1 0 0 0 0 0 0 0 0 0 0 0 0 0 0 0 0 0 0 0 0 0 0 13 0 1 9 3 0 0 0 0 2 0 0 0 0 0 0 0 0 27 0 20 19 0 10 3 30 47 0 12 6 12 3 13 24 7 29 0 20 0 0 0 1 0 0 0 0 0 0 0 0 0 0 0 0 5 0 0 21 6 0 0 0 0 0 0 0 0 0 0 0 0 0 16 0 0 0 0 0 0 0 0 0 0 2 0 0 1 0 0 0 0 0 0 0 0 0 0 0 16 1 11 15 0 16 11 1 28 3 6 0 15 0 25 26 14 51 13 0 0 0 0 0 0 0 0 0 0 0 0 0 0 0 0 0 20 0 0 9 0 0 9 0 0 0 0 0 0 0 0 8 0 0 0 0 0 0 0 0 0 0 1 0 67 0 15 0 2 0 0 0 0 0 0 0 0 0 0 0 0 0 0 0 0 0 3 14 0 0 
 0 0 0 0 0 0 9 0 0 0 0 0 0 0 6 0 0 0 0 0 0 0 0 61 24 0 0 5 0 3 0 62 0 0 0 0 0 0 0 0 39 234 126 64 306 329 136 342 217 222 182 118 132 74 194 0 385 59 333 151 3 0 0 0 0 0 0 0 0 0 0 1 7 0 0 4 0 2 1 0 20 4 0 0 0 0 7 12 0 1 0 0 0 0 0 0 0 8 0 0 0 0 0 0 0 0 2 0 0 0 11 0 0 0 0 0 0 0 0 0 20 8 19 19 30 6 8 15 17 1 16 22 7 0 10 16 0 15 0 0 0 0 0 2 0 0 0 1 0 0 0 0 7 20 0 0 0 0 19 10 4 8 1 0 0 0 0 3 0 0 13 0 25 0 6 0 0 0 4 4 0 0 0 0 0 8 0 0 0 0 0 0 0 0 0 0 0 0 0 0 11 7 13 6 12 0 0 23 9 16 62 66 1 0 10 2 3 27 0 0 0 0 0 0 0 10 0 19 10 0 0 0 0 25 0 9 0 0 1 7 0 0 0 0 0 0 0 0 0 0 0 3 0 1 0 0 0 0 0 0 0 0 75 0 1 3 5 2 0 0 0 0 0 0 0 0 0 0 0 0 0 0 0 0 35 0 0 0 1 0 
 0 0 0 1 2 0 0 0 0 0 0 0 0 0 1 3 0 0 0 0 0 1 0 0 0 0 0 0 0 3 0 0 1 0 0 2 0 0 0 70 116 91 231 159 78 86 109 361 89 117 135 85 56 100 148 385 0 234 247 57 0 0 0 0 30 0 0 0 2 0 9 0 0 0 51 0 0 2 0 0 0 0 0 0 0 0 0 0 0 0 0 0 0 0 0 0 0 0 0 0 0 0 0 0 0 0 0 0 0 0 0 0 0 0 0 0 0 0 0 0 0 24 69 0 10 38 0 31 15 6 5 55 0 10 8 11 13 7 0 0 0 0 0 0 0 0 0 0 0 0 4 0 0 0 0 0 4 0 1 0 0 0 0 0 0 0 0 0 0 0 0 0 0 0 0 0 0 0 0 0 0 0 0 0 0 0 0 0 0 0 0 0 0 0 0 0 0 0 0 0 33 12 12 5 14 14 0 20 27 78 26 43 2 5 26 0 7 23 0 0 0 0 0 0 0 0 0 5 0 0 0 0 24 0 0 0 0 0 0 9 0 0 0 0 0 0 0 0 0 0 0 11 0 0 0 0 0 0 0 0 0 0 0 0 65 3 0 61 0 0 0 0 0 0 0 0 0 0 0 0 0 0 0 0 0 20 0 0 0 0 
 0 0 0 0 0 0 0 0 0 0 3 0 0 1 93 0 0 0 0 0 0 0 0 0 0 0 0 0 0 0 0 0 0 0 0 0 0 0 62 0 162 111 156 102 93 181 113 98 236 102 193 122 249 306 89 59 234 0 47 127 0 0 0 0 8 0 1 0 0 0 5 2 19 0 0 0 0 0 51 0 0 0 0 0 0 0 0 0 0 0 0 0 0 0 0 0 0 0 0 0 0 0 0 0 0 0 0 0 0 0 0 0 0 0 0 0 0 0 0 0 3 14 7 11 7 32 15 0 10 0 18 62 0 20 0 0 10 1 0 0 0 0 0 5 0 0 0 0 0 0 0 0 6 0 12 0 1 0 35 2 0 5 0 0 0 0 4 0 0 0 0 0 61 1 0 0 0 0 0 10 0 0 0 0 12 0 0 0 0 0 0 0 0 0 0 0 0 0 0 0 22 9 11 0 45 0 1 0 33 8 27 44 0 6 50 0 4 48 0 0 0 0 0 0 0 0 0 39 0 0 0 0 4 10 11 0 0 0 10 7 0 0 0 0 0 0 0 0 0 0 0 10 0 0 0 0 0 0 0 37 0 0 19 0 0 13 0 5 0 0 0 0 0 0 0 0 0 0 0 0 0 0 0 0 15 5 0 0 0 0 
 3 3 3 3 8 3 3 42 3 3 3 3 3 5 3 3 3 4 3 3 0 0 0 62 0 1 0 2 0 0 0 62 0 0 3 3 0 64 0 0 67 140 28 296 108 72 131 61 403 151 36 24 409 178 233 333 247 47 0 233 0 0 0 0 79 0 0 0 49 3 0 3 0 41 5 0 1 2 0 2 0 0 0 0 0 0 0 0 0 0 1 0 0 0 0 0 0 0 0 0 0 0 0 0 13 0 3 0 0 0 0 0 0 0 0 0 0 0 0 0 12 11 9 23 0 0 38 0 7 27 1 0 0 21 0 20 10 11 11 21 0 0 0 0 0 0 0 25 0 0 0 0 0 0 0 0 0 0 0 0 3 0 0 0 0 0 0 0 0 0 0 0 0 0 0 0 0 0 0 0 0 0 0 1 1 25 0 0 1 0 0 11 0 0 0 0 0 0 0 0 11 23 15 19 10 0 1 8 0 10 13 14 31 21 11 29 0 48 1 0 0 0 0 0 0 0 0 0 0 0 0 0 0 0 0 0 0 0 0 0 0 0 3 0 0 0 0 0 0 0 2 10 0 0 0 0 0 0 1 0 1 0 65 0 2 2 2 0 0 0 0 0 0 0 0 7 0 0 0 13 0 0 0 0 7 0 0 0 0 0 
 0 4 0 0 0 0 0 0 0 0 0 2 0 0 0 0 0 0 0 0 0 0 18 93 64 123 0 0 25 0 0 0 0 0 0 0 1 88 0 0 200 72 115 60 79 71 401 56 203 132 105 28 57 224 227 151 57 127 233 0 0 5 0 0 0 0 0 0 0 0 0 2 3 3 4 56 0 2 0 21 0 0 0 0 0 0 0 0 0 0 0 0 0 0 0 0 14 0 0 0 0 0 0 0 1 0 0 0 0 0 14 0 0 0 0 0 0 0 0 0 27 19 0 23 0 0 76 0 23 25 6 14 0 0 0 23 8 2 1 31 5 6 0 4 0 1 0 6 0 0 0 0 0 3 0 0 1 0 7 0 4 0 0 0 0 0 0 0 0 7 0 0 0 0 0 0 0 0 0 0 0 0 8 37 18 59 0 0 8 0 22 13 0 0 0 0 0 0 0 0 21 0 6 11 17 16 1 0 10 0 16 39 20 18 13 20 0 16 0 0 0 0 0 0 0 0 0 0 0 0 0 0 0 0 0 0 0 0 0 0 0 0 9 0 0 0 0 0 0 0 0 5 0 2 0 0 0 0 2 0 13 0 64 0 0 1 0 0 0 0 0 0 0 0 0 0 0 0 0 0 0 0 8 0 12 0 0 0 1 0 
 0 0 0 0 0 34 0 0 0 49 0 0 0 0 3 0 0 0 0 0 2 2 57 2 2 1 0 2 0 0 0 0 0 1 0 0 0 1 1 0 11 0 0 0 0 0 0 1 0 0 0 3 0 0 0 3 0 0 0 0 0 218 149 121 41 39 117 169 141 140 73 270 69 286 174 115 143 61 96 180 0 0 0 0 0 0 0 0 0 0 0 0 0 0 0 0 0 0 0 0 0 10 0 0 0 0 0 0 0 0 0 0 0 0 0 0 0 0 0 0 0 0 0 0 0 0 0 0 0 1 0 0 0 0 0 0 0 0 0 0 0 0 4 3 0 1 0 0 1 22 27 25 4 0 8 4 19 0 0 9 0 0 0 0 0 0 0 0 0 0 0 0 0 0 0 0 0 0 0 0 0 0 0 0 0 0 0 0 0 0 0 0 0 0 0 0 0 0 0 0 0 0 0 0 0 0 0 0 0 0 0 0 0 0 0 0 0 0 0 0 14 4 6 6 0 15 6 13 15 0 3 26 20 18 26 5 14 0 7 22 0 0 0 0 0 0 0 0 0 0 0 0 0 0 11 0 0 0 0 0 0 0 0 17 0 0 9 0 0 0 22 0 0 0 0 0 0 0 0 0 0 0 0 0 0 0 0 0 0 0 
