 0 263 59 40 23 52 280 146 147 279 67 22 254 132 242 232 248 268 155 36 0 0 0 154 0 0 0 0 0 0 0 4 3 0 0 0 3 0 2 0 0 0 0 0 0 0 0 0 0 0 0 0 0 0 88 0 0 3 0 0 4 0 0 0 27 0 0 0 0 3 0 0 0 8 0 0 3 2 0 6 23 0 13 0 5 0 58 10 30 31 39 0 34 0 14 11 0 6 14 0 0 0 0 0 0 3 0 0 0 0 10 0 0 0 0 0 0 0 0 0 0 0 0 0 0 0 0 0 0 0 0 0 0 0 1 0 0 0 0 0 0 0 5 0 0 0 16 0 0 0 0 0 0 0 0 0 0 0 0 0 10 22 19 0 0 0 16 17 2 10 0 8 22 0 0 0 14 28 13 11 0 0 0 0 0 0 0 0 0 0 0 0 0 0 0 0 0 0 15 0 0 0 0 0 0 0 0 0 0 16 0 0 0 0 0 0 0 0 0 0 0 0 0 0 0 0 0 0 0 0 0 0 0 0 0 0 0 0 0 0 0 0 0 0 0 0 5 0 0 9 0 8 0 0 0 0 0 0 0 0 0 0 0 0 0 0 0 0 0 0 0 0 0 0 0 0 0 0 0 0 0 0 0 0 0 0 0 0 0 0 
 263 0 489 51 43 32 214 169 168 293 174 28 82 470 190 414 146 70 125 332 0 0 0 3 1 0 1 0 0 0 0 5 3 0 0 0 3 0 1 0 0 0 0 0 0 65 0 0 0 0 0 0 0 0 0 64 0 3 0 0 5 0 0 0 0 0 0 0 0 5 0 0 0 0 0 0 3 2 0 0 35 12 26 11 11 0 26 18 12 0 36 23 0 4 0 16 27 16 0 0 1 0 0 0 0 0 0 0 0 0 0 2 0 21 0 0 0 0 20 2 0 0 0 0 2 0 0 0 0 0 0 0 0 2 0 0 2 0 0 0 0 18 0 0 0 0 0 0 0 0 0 0 0 0 0 0 0 0 0 0 15 0 20 39 0 0 52 51 20 27 0 10 0 24 26 68 17 10 0 11 0 0 0 0 0 0 1 0 0 0 0 0 32 0 0 0 0 0 9 0 0 0 0 2 1 0 0 0 0 0 0 2 0 0 0 0 0 0 0 0 0 0 0 0 0 0 0 0 0 0 0 21 0 0 0 0 0 0 0 0 0 1 0 0 0 2 137 0 90 116 0 13 0 0 2 0 0 0 0 0 0 0 0 0 0 0 0 0 0 0 0 0 0 0 0 55 1 12 0 0 0 0 0 0 0 0 0 0 0 0 
 59 489 0 86 84 42 157 340 225 55 145 344 61 63 190 341 48 122 41 53 0 0 0 4 0 0 0 0 0 0 0 4 115 0 0 0 4 0 0 0 0 0 0 0 0 61 0 0 0 0 0 0 0 0 0 0 0 3 0 0 2 0 0 5 0 0 0 0 0 2 0 0 0 0 0 2 1 2 0 0 15 18 23 10 1 9 0 29 18 26 1 11 2 38 15 16 51 0 17 0 0 0 0 0 0 0 10 0 2 0 0 0 15 18 0 0 0 0 24 0 0 0 11 0 0 0 0 0 0 0 0 0 0 0 0 0 0 0 0 0 0 0 0 0 0 0 0 0 0 0 0 0 0 0 0 0 0 0 0 0 7 23 17 38 0 17 10 16 19 23 3 14 1 11 23 49 30 4 2 2 0 0 0 0 0 0 0 15 0 0 0 0 11 0 0 0 0 0 10 0 0 0 0 0 0 0 0 0 0 0 0 0 0 0 0 0 0 0 0 0 0 0 0 0 0 0 0 0 0 0 0 0 0 0 0 0 0 0 0 0 0 0 0 0 0 2 91 0 48 0 1 4 0 0 1 0 0 0 0 0 0 0 0 0 0 0 0 0 0 0 0 0 0 0 0 0 0 14 0 0 0 0 0 0 0 0 0 0 0 0 
 40 51 86 0 164 126 485 170 103 153 66 298 254 86 164 57 55 230 292 65 0 0 208 3 0 0 74 0 0 0 0 4 159 0 0 0 2 0 148 1 0 0 0 0 0 1 0 63 0 0 0 0 0 0 0 0 0 3 0 62 2 0 0 0 0 0 0 0 0 2 0 0 0 0 0 1 2 2 0 0 10 13 1 12 50 42 0 0 14 0 17 10 0 0 0 2 22 15 0 0 14 9 0 0 0 0 0 7 0 0 0 0 1 0 0 0 0 0 10 0 1 0 0 0 0 0 0 0 2 0 0 0 10 0 0 0 0 0 0 0 0 0 0 0 4 0 0 0 0 0 0 0 0 0 0 0 0 0 0 0 2 18 0 18 21 3 0 0 1 0 14 7 0 0 0 13 8 18 0 0 0 2 0 0 2 0 28 0 0 0 0 0 13 11 11 0 0 12 16 0 0 0 0 0 0 0 1 0 0 0 0 0 0 0 0 0 0 0 18 0 0 2 0 0 0 0 0 0 0 0 0 0 0 0 0 1 0 0 0 0 0 0 0 0 0 2 0 1 2 3 11 12 0 17 0 0 0 0 0 0 0 0 16 0 0 0 0 0 0 0 0 0 0 0 0 10 11 0 0 0 0 0 0 0 0 0 0 0 0 0 
 23 43 84 164 0 258 76 122 297 71 70 114 67 67 310 77 43 341 102 136 80 1 47 4 0 0 74 76 0 3 0 3 161 0 26 33 21 77 0 1 0 4 0 0 0 1 0 1 0 0 0 0 0 0 0 0 0 7 0 0 2 0 0 0 0 0 0 0 0 2 0 0 0 0 0 1 2 38 53 0 4 3 10 0 27 6 3 0 12 0 0 5 0 19 20 0 0 0 0 0 16 15 12 0 0 14 17 3 13 0 0 10 12 0 11 21 14 0 0 31 0 0 0 0 0 0 0 0 0 0 0 0 4 0 2 0 0 0 0 0 1 0 0 0 0 0 0 0 1 0 0 0 0 4 2 0 1 0 0 0 0 16 0 0 5 23 0 0 0 0 0 12 0 0 0 0 61 16 0 0 0 29 21 0 0 0 0 0 16 0 0 0 0 0 10 0 14 37 28 20 0 0 0 0 0 0 11 0 21 0 0 0 0 0 0 0 0 0 0 0 0 0 0 0 0 0 0 0 0 0 0 0 0 0 0 0 0 0 13 0 0 0 0 0 0 3 0 0 1 4 0 7 0 0 0 0 0 0 0 0 74 1 0 0 0 0 0 0 0 0 0 0 0 0 0 0 0 0 0 0 0 0 0 0 0 0 0 0 0 0 
 52 32 42 126 258 0 38 243 139 83 61 217 45 264 67 138 49 106 55 45 69 88 74 3 1 0 111 75 83 0 8 3 4 7 111 73 83 100 159 152 0 0 0 0 0 1 0 0 0 64 0 0 0 0 0 0 0 5 0 0 2 0 0 0 0 0 0 0 0 2 0 0 0 0 0 2 9 2 0 0 0 0 1 14 22 17 0 0 0 0 10 16 0 0 0 0 0 22 0 0 18 20 0 13 0 0 17 42 22 0 26 48 34 12 0 13 23 10 31 9 0 0 0 0 0 0 0 0 0 0 0 49 0 0 18 0 0 0 0 0 0 0 0 0 3 0 0 7 0 0 0 0 0 3 0 1 0 0 0 0 0 0 0 18 6 19 0 0 0 0 12 21 0 0 0 0 0 0 0 0 20 23 20 0 0 0 32 12 28 0 0 0 45 0 0 24 28 37 0 74 0 0 0 0 0 0 18 0 0 0 0 0 0 0 0 0 3 0 0 0 0 0 0 0 0 0 0 0 0 0 0 13 49 0 0 0 0 0 0 0 0 0 0 0 0 9 4 2 0 41 1 11 4 0 0 0 0 0 0 0 9 0 0 0 0 0 0 0 0 0 0 0 0 0 0 3 0 1 0 0 0 0 0 0 0 0 0 0 0 0 
 280 214 157 485 76 38 0 121 39 135 51 49 225 537 135 50 49 36 137 249 76 0 0 4 1 0 0 0 0 0 0 6 3 0 1 0 2 0 0 0 0 0 1 0 0 0 0 1 0 0 1 0 0 0 1 0 0 3 0 1 5 0 0 0 0 0 0 31 0 4 0 0 0 0 8 0 3 2 0 0 25 0 0 0 0 0 8 11 32 15 13 1 14 5 31 0 0 0 11 18 0 1 0 0 0 0 0 0 2 0 0 0 0 0 0 0 15 0 0 0 0 0 0 0 0 0 0 0 0 0 0 0 0 13 0 0 0 0 0 0 0 0 0 0 1 0 0 1 0 0 0 0 0 0 0 0 10 0 0 0 0 0 16 0 0 0 21 31 7 22 1 12 16 9 5 2 10 22 34 0 0 0 0 0 0 0 0 0 0 0 0 0 0 0 0 0 0 1 9 0 0 0 1 14 0 0 0 0 0 0 0 0 0 0 0 0 0 0 0 0 0 0 0 0 0 0 0 0 0 0 0 0 0 0 0 0 22 0 0 0 0 0 0 0 0 3 47 2 3 0 0 6 0 0 0 0 0 0 0 0 0 0 0 0 0 0 0 0 0 0 0 0 0 0 0 16 0 19 0 0 0 0 0 0 0 0 0 0 0 0 
 146 169 340 170 122 243 121 0 267 166 122 124 208 259 64 52 235 37 176 198 0 0 0 4 0 11 0 74 2 0 0 5 3 0 2 0 2 0 24 0 1 0 0 0 0 29 0 0 0 0 0 0 0 0 0 0 26 3 0 0 5 0 0 0 0 0 0 0 0 4 0 0 0 0 3 0 3 2 0 0 10 0 31 0 0 14 1 10 44 15 23 0 8 14 34 1 41 0 0 12 0 10 0 0 0 0 0 0 0 0 0 0 0 2 0 0 0 0 0 0 0 0 0 15 0 0 0 0 0 0 0 0 1 0 0 0 0 0 0 0 0 0 0 0 0 0 0 0 0 0 0 0 0 0 0 0 0 0 0 0 8 44 17 0 0 0 42 29 47 16 0 8 14 16 0 17 8 22 0 11 0 0 0 0 0 0 2 0 0 0 0 0 15 0 2 0 0 7 0 0 0 1 0 0 0 0 0 0 0 0 0 0 0 0 0 0 0 0 0 0 2 0 0 0 0 0 0 0 0 0 0 0 0 0 0 0 0 1 0 0 0 0 0 0 0 0 1 2 14 88 2 2 0 0 0 0 0 0 0 0 0 0 0 0 0 0 0 0 0 0 0 0 0 0 0 63 9 0 0 0 0 0 0 0 0 2 0 0 0 0 
 147 168 225 103 297 139 39 267 0 252 66 77 567 102 105 350 320 135 199 237 1 1 0 5 0 0 74 0 0 0 0 4 3 0 0 0 2 0 150 1 0 0 0 0 0 51 0 62 0 5 0 0 0 0 0 0 2 3 0 0 2 0 0 59 0 0 0 0 37 2 0 0 0 36 0 0 4 2 0 0 23 8 29 23 27 45 0 0 25 3 9 56 7 15 28 1 48 60 0 17 9 0 0 0 0 0 1 7 0 0 0 0 11 0 0 0 0 0 21 0 0 0 9 0 0 0 0 0 0 0 0 0 0 0 0 2 0 1 0 0 0 0 0 0 3 0 0 0 0 0 0 0 11 0 0 0 0 2 2 0 23 10 0 30 0 19 47 6 33 0 77 5 0 14 1 25 6 15 1 0 0 0 0 0 0 0 29 12 0 0 0 0 32 0 11 0 0 1 12 0 0 0 2 0 0 0 0 0 0 0 0 0 0 0 0 0 0 0 22 0 0 0 0 0 0 0 0 0 0 0 0 0 0 0 0 0 0 0 0 0 0 0 0 0 0 0 2 2 11 3 0 7 0 0 0 0 0 0 0 0 0 0 0 0 0 0 0 0 0 0 0 0 0 0 0 10 10 0 0 0 0 0 0 0 0 0 0 0 0 0 
 279 293 55 153 71 83 135 166 252 0 59 126 135 159 219 276 146 116 115 141 0 0 0 4 0 0 72 0 0 0 0 4 3 0 0 0 2 0 18 74 0 0 0 0 1 76 0 0 0 0 0 0 0 0 0 0 0 3 0 0 3 0 0 0 0 0 0 0 0 6 0 0 0 0 0 0 3 2 0 0 36 1 10 14 21 8 17 0 14 14 43 22 0 22 45 19 15 46 0 0 6 7 0 0 0 0 0 10 0 0 0 0 0 0 0 0 0 0 11 16 0 0 3 0 0 0 0 0 0 0 0 0 5 0 1 0 0 0 0 0 0 7 0 0 5 0 0 2 2 0 0 0 0 0 0 2 0 0 0 0 15 0 18 2 0 0 40 25 8 0 12 10 0 0 1 26 25 11 17 0 0 6 13 0 0 0 15 0 0 0 0 0 7 0 0 0 0 0 15 20 0 0 0 0 0 0 0 0 0 0 0 0 11 0 0 0 0 0 0 0 0 0 0 0 0 0 0 0 0 0 0 0 0 0 0 0 0 0 0 0 0 10 0 0 0 0 2 0 51 3 0 12 0 0 0 0 0 0 0 0 0 0 0 0 0 0 0 0 0 0 0 0 0 0 0 31 0 0 0 0 0 0 0 0 0 0 0 0 0 0 
 67 174 145 66 70 61 51 122 66 59 0 47 125 42 167 433 240 353 188 79 0 2 0 6 1 3 78 3 1 0 0 4 83 0 0 0 5 0 77 1 0 0 0 0 0 2 0 0 0 0 0 0 0 2 0 2 0 3 0 0 2 0 0 3 0 0 0 3 0 3 0 0 0 0 1 0 7 2 0 2 10 22 35 27 9 36 13 14 31 20 65 21 0 0 14 8 14 10 0 0 0 0 0 0 0 0 8 0 0 0 0 0 10 27 0 0 0 0 49 0 0 5 21 0 0 0 0 0 0 0 0 2 0 0 0 0 0 0 0 0 0 0 1 0 0 0 0 0 0 0 0 0 0 0 0 0 0 0 0 0 1 25 25 10 14 16 0 0 18 25 15 26 0 0 9 25 0 17 0 11 0 0 1 0 0 0 0 34 0 2 0 2 48 0 0 0 0 0 9 1 0 0 0 0 0 0 0 0 2 0 0 9 0 0 0 0 0 0 0 0 0 0 0 0 0 0 0 0 0 0 0 0 0 0 0 0 7 0 2 0 0 0 0 0 0 0 10 0 2 48 8 3 0 0 0 0 0 0 0 0 0 2 0 0 0 0 0 0 0 0 0 0 0 0 0 0 10 0 0 0 0 0 0 0 0 0 0 0 0 0 
 22 28 344 298 114 217 49 124 77 126 47 0 51 248 60 75 71 170 52 41 8 61 155 3 0 0 1 22 75 0 78 78 37 19 1 160 5 0 148 122 0 0 0 0 56 1 0 64 2 1 0 0 0 0 0 0 0 4 0 0 2 0 3 0 0 3 0 0 2 2 0 1 0 0 0 6 17 2 0 6 0 0 0 10 30 49 0 0 0 0 6 9 0 0 0 0 26 9 0 0 28 15 0 14 0 0 0 9 1 0 9 0 17 18 39 0 1 0 9 10 0 0 0 0 0 0 0 0 0 0 0 0 0 0 0 0 0 0 0 0 0 0 0 0 5 0 0 0 0 0 0 0 0 0 0 0 0 0 0 0 0 0 0 18 33 23 0 0 1 0 4 0 0 0 0 33 11 0 1 1 25 26 0 0 0 0 49 2 4 18 0 0 26 14 10 0 0 50 15 1 0 0 0 0 0 0 10 0 0 0 0 0 0 0 0 0 0 0 0 0 0 0 0 0 0 0 0 0 0 0 0 0 0 0 0 0 0 0 0 0 0 0 0 0 0 0 0 0 3 90 0 18 0 17 0 0 0 0 0 0 2 0 0 0 0 0 0 0 0 0 0 0 0 0 0 13 10 0 0 0 0 0 0 0 0 0 0 0 0 0 
 254 82 61 254 67 45 225 208 567 135 125 51 0 205 32 46 547 41 299 319 0 0 0 4 0 0 0 0 0 0 0 5 3 0 0 0 2 0 0 0 0 0 0 0 10 0 0 0 0 0 0 0 1 0 0 0 3 3 0 0 37 0 0 0 0 0 0 3 0 5 0 6 0 0 0 0 3 4 0 0 10 0 0 0 0 0 10 1 10 0 12 0 29 4 12 9 19 15 34 35 2 0 0 0 0 0 0 0 0 0 0 1 0 1 0 0 0 8 0 0 0 0 0 0 1 0 0 0 0 0 0 0 0 1 0 0 1 0 0 0 0 10 0 0 0 0 0 0 0 0 0 0 1 0 0 0 0 0 0 0 22 16 15 0 0 0 45 25 0 29 0 1 33 12 13 0 9 10 16 1 0 0 0 0 0 0 0 0 0 0 0 0 0 0 0 0 0 0 0 0 0 0 0 0 2 0 0 0 0 0 0 1 0 0 0 0 0 0 6 0 0 0 0 0 0 0 0 0 0 0 0 0 13 0 0 0 0 0 0 0 0 0 0 0 0 2 0 2 3 1 0 13 0 0 0 0 0 0 0 0 0 0 0 0 0 1 0 0 0 0 0 0 0 0 0 16 0 0 0 0 0 0 0 0 0 0 0 0 0 0 
 132 470 63 86 67 264 537 259 102 159 42 248 205 0 202 251 170 231 126 119 0 0 0 5 0 3 2 1 0 0 0 4 6 3 0 0 2 0 74 2 0 3 0 0 4 2 0 6 2 0 0 0 2 0 0 0 0 10 0 0 3 0 0 0 0 0 0 0 0 5 0 0 0 0 3 1 32 2 5 3 48 1 6 4 0 2 15 1 11 0 9 10 9 0 1 10 14 17 54 0 0 0 0 0 0 0 0 0 11 0 0 0 2 4 0 0 0 0 1 17 0 0 0 0 0 2 0 0 0 0 0 0 0 0 0 0 0 0 0 0 0 0 0 0 1 0 0 0 1 0 0 0 0 0 0 0 0 0 0 0 9 0 30 14 0 1 0 18 9 0 0 11 12 29 0 38 24 11 14 0 0 0 0 0 1 0 0 0 0 0 0 0 18 0 0 0 0 0 6 10 0 0 0 0 0 0 2 0 0 0 0 0 0 0 0 0 0 0 0 8 0 0 0 0 17 0 0 22 0 0 0 0 0 0 0 2 0 0 0 0 0 39 0 0 0 0 88 0 0 47 0 10 0 0 0 0 0 0 0 0 0 0 0 0 0 0 0 0 0 0 0 0 0 0 0 10 10 10 0 0 0 0 0 0 0 0 0 0 0 0 
 242 190 190 164 310 67 135 64 105 219 167 60 32 202 0 469 131 191 96 109 2 0 0 79 0 0 1 0 0 0 2 4 5 1 3 0 3 0 3 0 0 0 3 3 3 3 0 3 0 0 0 3 0 0 0 0 3 6 0 0 7 0 0 2 43 0 2 0 0 3 1 3 0 0 2 0 5 2 0 0 17 37 10 17 4 0 0 16 25 1 0 6 24 33 31 13 16 0 1 0 0 0 2 0 0 0 0 0 0 0 0 0 0 23 0 0 0 0 1 0 0 0 0 0 0 0 0 0 0 0 0 0 12 0 0 0 0 0 0 0 0 0 0 0 0 0 0 0 0 0 0 0 0 0 0 0 0 0 0 0 0 16 21 19 0 0 17 0 7 15 0 32 12 12 17 45 58 18 0 0 0 0 0 0 0 0 2 0 0 0 0 0 0 0 0 0 0 0 7 0 0 0 0 0 0 0 0 0 0 5 0 0 0 0 0 0 0 0 0 0 1 0 0 0 1 0 0 0 0 2 2 0 0 0 0 0 0 0 0 0 0 19 0 0 0 1 173 0 3 0 0 3 15 0 2 0 0 0 1 0 0 0 0 0 0 0 0 0 0 2 0 0 0 0 0 0 0 13 0 0 0 0 0 0 0 1 0 0 0 0 
 232 414 341 57 77 138 50 52 350 276 433 75 46 251 469 0 174 46 23 79 0 0 0 4 0 0 74 0 0 0 0 5 3 0 2 0 2 0 73 0 0 0 0 0 0 0 0 0 0 1 0 0 0 0 0 0 0 3 0 0 2 0 0 5 0 0 0 0 0 2 0 52 0 0 0 2 1 2 0 0 1 40 18 58 27 36 0 11 23 13 58 43 12 12 0 19 30 21 13 12 2 0 0 0 0 0 12 8 0 0 0 1 12 26 0 0 0 0 4 0 0 0 10 0 1 0 0 0 0 0 0 0 0 1 0 0 1 0 0 0 0 0 0 0 10 0 0 0 0 0 0 0 0 0 0 0 0 0 0 0 0 10 10 14 14 12 14 0 15 13 36 15 0 8 27 27 21 12 0 0 0 0 0 0 0 0 9 36 1 0 0 0 10 0 0 0 0 0 9 0 0 0 0 1 2 0 0 0 0 0 0 0 0 0 0 0 0 0 0 0 0 0 0 0 0 0 0 0 0 0 0 11 0 0 0 0 0 0 0 0 0 21 0 0 0 0 88 0 1 0 9 19 0 0 0 0 0 0 0 0 0 0 0 0 0 0 0 0 0 0 0 0 0 0 0 10 0 0 0 0 0 0 0 0 0 0 0 0 0 0 
 248 146 48 55 43 49 49 235 320 146 240 71 547 170 131 174 0 221 49 136 35 4 0 5 0 0 75 0 0 0 0 4 3 0 0 0 2 0 160 0 0 0 0 0 1 0 0 0 0 0 0 0 0 0 0 0 10 63 0 0 6 0 0 46 0 0 0 0 4 4 0 0 0 4 0 0 3 2 0 0 58 0 27 16 0 13 14 0 26 19 43 0 19 11 0 5 3 1 18 30 11 0 9 1 0 1 0 0 0 0 0 0 1 0 0 0 0 0 9 0 0 0 34 0 0 0 0 0 2 0 0 0 0 0 0 0 0 0 0 0 1 5 0 0 0 0 0 0 0 0 0 0 0 39 0 0 0 0 0 0 30 15 6 1 12 1 32 13 0 23 9 1 0 2 13 0 12 34 0 0 0 1 0 0 2 0 0 32 0 0 0 0 8 0 0 0 0 0 0 0 0 0 0 0 0 0 1 1 0 0 0 0 0 0 0 0 0 0 0 0 0 2 0 0 0 0 0 0 0 0 0 0 0 1 0 1 0 0 0 0 0 0 0 0 0 1 1 0 0 4 2 7 0 0 0 0 0 0 0 0 0 0 0 0 0 2 0 0 0 0 0 0 0 0 0 20 16 0 0 0 0 0 0 0 0 0 0 0 0 0 
 268 70 122 230 341 106 36 37 135 116 353 170 41 231 191 46 221 0 40 109 0 0 0 4 0 0 1 0 1 0 0 5 3 0 2 0 4 0 17 1 0 2 0 0 0 1 0 0 0 0 0 0 2 0 0 0 0 3 0 1 3 0 0 1 41 0 0 36 0 3 20 0 0 0 0 4 0 2 5 0 19 11 23 0 11 25 0 10 38 21 2 0 0 0 14 7 41 0 0 0 2 19 0 0 0 6 0 0 0 0 0 0 0 0 0 0 0 0 0 12 0 0 0 0 0 0 0 0 0 0 0 2 39 0 0 0 0 0 0 0 2 0 1 0 0 0 0 0 0 0 0 0 0 0 0 0 0 0 0 0 8 51 11 1 11 0 0 22 61 0 1 23 0 0 10 0 5 38 0 11 0 0 0 0 0 0 1 0 0 2 0 2 25 22 0 0 0 0 1 12 0 0 0 0 0 0 1 0 0 0 0 0 0 0 0 0 0 0 0 0 0 0 0 0 0 0 0 0 0 0 0 0 0 0 0 0 0 0 0 0 0 2 0 0 0 3 2 0 0 88 11 9 0 0 74 0 0 0 2 0 0 0 23 0 0 0 0 1 0 0 1 0 0 0 0 18 9 0 0 0 0 0 0 0 0 0 0 0 0 0 
 155 125 41 292 102 55 137 176 199 115 188 52 299 126 96 23 49 40 0 102 11 2 0 6 0 0 0 0 3 2 0 3 3 3 0 3 5 66 3 3 0 4 0 0 1 0 0 2 2 0 0 0 3 1 0 0 5 3 3 0 3 0 0 0 0 0 0 2 0 3 0 2 0 0 1 0 3 2 1 2 15 2 1 0 0 32 11 16 12 0 0 2 9 10 0 4 17 0 11 44 0 0 0 0 1 0 22 0 0 0 0 0 0 0 0 3 0 2 0 0 0 0 0 4 0 0 0 0 0 0 0 0 0 0 0 0 0 0 0 0 0 0 0 0 0 0 0 0 0 0 0 0 0 0 0 0 0 0 0 0 58 1 19 11 0 0 16 14 0 0 0 0 17 14 11 12 0 27 37 14 0 0 0 0 0 0 0 0 0 0 2 0 18 0 0 0 0 0 0 0 0 0 0 0 0 0 0 0 0 0 0 0 0 0 0 0 0 0 0 0 0 0 1 0 0 0 0 0 0 22 0 0 0 0 0 0 0 0 0 0 0 0 0 0 2 1 0 1 2 0 0 7 0 0 0 0 0 0 0 0 0 0 0 0 0 0 2 0 0 0 0 0 0 0 0 0 0 0 0 0 0 0 0 0 0 0 0 0 0 0 
 36 332 53 65 136 45 249 198 237 141 79 41 319 119 109 79 136 109 102 0 0 40 3 207 3 0 0 0 0 0 2 6 3 5 0 0 2 0 0 2 0 0 0 0 2 97 0 0 66 2 0 0 0 0 0 0 0 3 0 0 6 0 0 0 0 0 0 2 0 8 2 0 1 0 10 0 3 2 0 0 7 1 10 0 0 1 8 0 6 0 19 5 8 45 40 0 14 0 1 7 0 0 0 0 0 2 0 0 0 0 0 0 0 0 0 0 0 0 0 51 2 0 1 0 0 0 0 0 0 0 0 0 0 0 14 23 0 0 0 0 6 10 0 0 0 0 0 0 0 0 0 0 0 0 0 0 0 0 0 0 24 0 0 3 0 0 25 87 5 0 0 0 9 0 14 12 19 2 12 0 0 2 0 0 0 0 0 0 0 0 0 0 0 0 0 0 0 0 0 9 0 0 0 0 0 0 7 13 0 0 0 0 0 0 0 0 0 0 14 6 0 1 0 0 0 0 0 0 0 0 0 0 0 2 0 1 0 0 0 0 0 1 0 0 0 3 0 0 50 0 0 16 0 0 0 0 0 0 0 0 0 0 0 0 0 0 0 0 0 0 0 0 0 0 0 22 0 0 0 0 0 0 0 0 0 0 0 0 0 0 
 0 0 0 0 80 69 76 0 1 0 0 8 0 0 2 0 35 0 11 0 0 122 183 55 125 33 128 93 50 54 292 161 121 94 221 263 116 80 107 88 1 3 2 0 3 2 3 8 0 2 0 202 0 1 0 0 0 4 2 0 0 0 0 0 0 3 0 2 3 0 2 3 0 0 39 0 0 0 0 5 0 0 0 0 0 0 0 0 0 0 0 6 0 0 0 0 0 0 0 0 0 8 16 25 36 0 12 47 11 29 0 11 0 32 39 50 35 1 0 1 0 0 0 0 0 0 0 0 0 0 2 0 0 0 0 1 0 0 0 0 1 0 6 1 0 0 0 0 0 0 0 4 0 0 4 0 1 0 0 0 0 0 0 0 40 3 0 0 0 0 0 1 0 0 0 0 0 0 0 0 21 17 21 10 9 0 21 19 109 11 26 13 0 26 14 0 9 15 1 60 0 3 0 0 0 0 0 0 3 0 0 0 15 0 10 0 0 0 0 0 0 0 0 0 0 0 0 0 0 0 0 0 0 0 0 0 0 1 0 2 0 0 0 0 0 0 0 0 0 0 0 0 0 0 4 0 3 39 0 2 10 0 1 2 0 0 0 0 0 0 0 0 0 0 0 0 0 0 0 0 0 36 0 0 0 0 15 0 0 0 
 0 0 0 0 1 88 0 0 1 0 2 61 0 0 0 0 4 0 2 40 122 0 319 66 120 41 99 475 182 183 152 121 64 81 373 207 119 132 108 114 0 67 2 0 6 10 0 7 0 4 1 0 0 2 0 0 0 1 69 64 0 0 0 0 0 2 1 3 3 0 5 3 3 3 5 0 6 0 0 3 0 1 0 0 0 0 0 0 2 0 0 0 0 0 0 0 0 0 1 0 1 1 28 16 0 0 16 16 32 7 13 0 9 15 20 19 11 5 1 1 0 8 0 0 0 0 0 0 0 9 0 0 13 0 0 0 0 0 1 0 4 0 0 0 0 0 0 0 0 0 0 2 0 0 0 0 4 0 0 0 10 0 0 1 13 1 0 0 0 0 0 1 0 0 0 0 0 0 8 0 23 0 0 13 17 0 11 21 55 9 9 0 10 12 60 13 32 0 0 5 1 0 0 0 0 0 18 0 0 0 0 0 0 0 0 1 0 0 1 0 0 2 0 0 0 0 0 0 0 0 0 0 0 0 0 0 0 0 0 0 0 0 10 0 0 0 0 0 0 77 0 0 0 0 19 0 0 1 81 1 0 1 0 0 0 0 0 0 0 0 0 0 0 0 0 0 0 0 0 0 0 30 0 0 0 15 0 0 0 0 
 0 0 0 208 47 74 0 0 0 0 0 155 0 0 0 0 0 0 0 3 183 319 0 86 40 113 91 74 190 41 317 27 570 135 64 103 294 66 43 227 0 4 2 0 3 1 0 2 0 1 0 0 0 0 0 0 0 2 0 0 0 0 0 31 0 3 2 2 2 0 2 2 0 0 0 0 0 0 0 4 0 0 0 0 37 10 0 0 0 0 0 0 0 0 0 0 0 0 0 0 23 12 0 10 27 0 12 10 49 33 19 0 22 26 11 0 0 19 0 40 0 0 0 0 0 0 0 0 10 0 0 0 1 0 0 0 0 0 0 0 0 0 5 0 0 0 0 0 0 0 0 3 0 0 0 0 0 0 0 0 0 0 0 0 9 11 0 0 0 0 0 0 0 0 0 0 0 0 0 0 0 27 0 1 28 2 13 21 17 11 1 1 0 14 27 1 0 31 20 16 0 0 0 0 0 0 1 0 19 0 0 0 42 0 0 12 0 0 1 0 0 0 0 0 0 0 0 0 0 0 0 0 0 0 0 0 0 0 0 0 0 0 0 0 0 0 0 0 0 0 0 0 0 0 2 2 0 1 0 0 3 17 0 0 0 0 0 0 0 0 0 0 0 0 0 0 0 0 0 0 0 0 0 0 0 10 0 0 0 0 
 154 3 4 3 4 3 4 4 5 4 6 3 4 5 79 4 5 4 6 207 55 66 86 0 146 45 87 297 121 208 83 101 65 283 97 44 80 142 88 59 0 10 2 2 3 0 58 17 0 0 0 0 2 0 127 0 0 0 0 63 0 0 0 0 0 3 0 2 2 0 2 2 0 0 0 0 0 0 0 0 0 0 0 1 0 0 0 0 0 0 0 0 12 0 0 0 0 0 0 0 0 0 0 1 11 12 0 1 0 2 2 33 2 0 1 9 0 1 0 2 10 0 0 0 0 1 13 0 1 0 0 0 21 0 11 0 12 16 10 12 0 0 0 0 0 0 0 0 0 2 0 0 0 0 0 0 0 2 0 0 0 0 0 0 0 0 0 0 0 0 2 0 0 0 0 0 0 0 0 0 1 0 16 40 0 19 1 0 1 59 17 12 0 0 0 10 7 9 0 0 4 10 27 0 0 0 14 0 0 0 0 0 21 33 11 10 41 0 20 21 0 0 0 0 1 0 0 0 0 0 0 0 0 2 0 2 0 0 0 0 0 0 15 0 0 0 0 0 2 0 0 0 0 0 3 0 0 0 75 0 4 0 0 0 0 0 0 0 0 0 0 0 0 0 0 0 0 0 0 0 0 0 0 0 0 0 0 0 0 0 
 0 1 0 0 0 1 1 0 0 0 1 0 0 0 0 0 0 0 0 3 125 120 40 146 0 237 60 48 186 120 148 109 174 145 105 98 42 67 70 288 64 153 3 0 3 2 0 22 0 0 0 4 54 1 24 115 63 0 4 62 0 0 0 0 0 9 0 3 2 0 2 2 0 0 0 0 1 86 21 0 0 0 0 0 0 0 0 0 0 0 0 1 0 0 0 0 0 0 0 0 0 0 1 17 17 79 0 0 0 0 0 0 0 25 0 14 20 9 0 2 62 2 18 0 0 0 59 1 0 13 20 0 20 9 89 33 35 44 14 63 5 0 5 0 0 0 0 0 0 0 0 1 0 0 0 0 43 0 0 0 0 0 0 0 0 0 0 0 0 0 2 0 0 0 0 0 0 0 0 0 9 0 0 0 23 44 0 20 17 3 22 33 0 0 1 1 0 0 0 0 0 0 20 0 0 0 0 2 25 0 4 0 18 0 2 1 24 19 1 15 0 0 0 0 0 0 0 2 0 0 0 0 0 0 0 2 2 0 0 0 0 0 0 0 0 0 0 0 0 0 0 0 1 2 7 0 3 76 0 2 3 0 0 0 0 0 0 0 0 0 0 0 0 0 0 0 0 0 0 0 0 17 0 0 0 0 0 0 0 0 
 0 0 0 0 0 0 0 11 0 0 3 0 0 3 0 0 0 0 0 0 33 41 113 45 237 0 36 47 277 356 48 71 240 30 56 40 74 141 55 273 84 69 2 2 5 3 63 72 3 0 0 212 12 0 131 1 0 70 63 68 4 0 0 2 0 6 0 4 2 0 2 2 9 0 0 0 3 0 2 0 0 0 0 0 0 0 0 0 0 0 0 0 0 0 0 0 0 0 0 0 0 0 0 0 23 18 4 0 0 0 21 12 0 0 0 11 0 0 0 0 0 0 17 0 0 0 12 8 1 0 23 0 37 0 0 0 27 17 24 29 0 0 0 0 0 0 0 0 0 0 0 0 0 0 0 0 0 0 0 0 0 0 0 0 0 0 0 0 0 0 0 0 0 0 0 0 0 0 0 0 0 0 9 10 0 0 0 0 3 9 0 21 0 0 14 9 7 0 0 0 0 38 0 12 0 0 15 0 32 0 0 17 51 56 0 32 11 0 32 9 0 0 0 0 0 0 0 0 0 18 0 0 0 0 0 0 0 0 0 0 0 0 12 0 0 0 0 0 0 0 0 0 0 0 3 0 2 75 89 0 1 20 0 0 0 0 0 0 0 0 0 0 0 0 0 0 0 0 0 0 0 0 0 0 0 0 0 0 0 0 
 0 1 0 74 74 111 0 0 74 72 78 1 0 2 1 74 75 1 0 0 128 99 91 87 60 36 0 200 80 26 73 31 71 104 221 33 165 33 430 167 0 3 2 0 6 0 1 12 0 63 2 1 0 1 0 0 0 27 1 0 3 0 0 5 0 3 0 2 3 0 3 3 0 2 2 0 2 0 0 0 0 10 0 13 21 15 0 0 0 8 18 40 0 0 0 1 0 16 0 0 23 19 47 1 18 0 30 56 9 29 20 12 1 0 4 10 40 1 45 8 0 0 1 0 0 1 0 0 0 0 0 0 0 0 0 0 0 0 0 0 0 0 0 0 0 0 0 4 0 0 0 0 0 36 0 4 0 0 0 0 0 1 0 19 27 42 0 0 0 29 37 15 0 0 0 12 0 0 0 0 0 0 12 0 0 0 9 49 55 15 0 0 9 0 18 36 10 21 3 68 0 0 0 0 0 0 0 0 0 0 0 0 0 0 2 0 0 0 0 0 0 0 0 0 1 0 0 2 0 0 0 0 0 0 0 0 2 0 0 0 0 0 6 0 0 0 0 0 0 29 0 0 0 2 4 1 1 0 0 2 11 0 0 0 0 0 0 15 0 0 0 0 0 0 0 9 14 0 0 0 0 30 0 0 0 0 0 0 0 0 
 0 0 0 0 76 75 0 74 0 0 3 22 0 1 0 0 0 0 0 0 93 475 74 297 48 47 200 0 332 275 39 33 204 257 348 48 268 105 326 214 2 4 2 0 3 1 0 2 0 1 0 0 0 0 2 0 0 0 67 63 0 0 0 0 0 3 0 3 2 0 2 2 3 0 0 0 0 1 0 0 2 0 0 1 0 0 0 0 0 0 2 0 0 0 0 0 0 0 0 0 69 36 44 50 0 0 32 30 21 0 19 0 14 21 9 0 45 7 0 30 0 0 0 0 1 0 0 0 0 0 0 0 17 2 0 0 0 0 1 0 0 2 0 0 0 0 0 0 0 0 0 0 0 0 8 1 0 0 0 0 3 0 0 9 1 19 0 0 0 1 0 0 0 0 0 0 0 0 7 1 0 17 16 29 9 0 11 16 12 13 7 0 11 12 5 28 51 13 0 12 3 0 0 0 0 2 18 0 0 0 0 0 0 0 0 0 0 0 1 22 0 0 0 0 0 0 0 0 0 0 0 0 0 0 0 0 0 0 0 0 2 0 7 0 0 0 0 0 0 0 0 1 0 0 8 0 0 12 76 0 2 0 0 0 0 0 11 0 0 0 0 0 0 0 0 0 0 0 0 0 0 5 0 0 0 0 0 0 0 0 
 0 0 0 0 0 83 0 2 0 0 1 75 0 0 0 0 0 1 3 0 50 182 190 121 186 277 80 332 0 142 118 159 164 213 279 134 117 129 379 139 0 3 2 0 3 1 51 35 0 0 0 0 0 0 64 0 0 1 0 63 0 0 0 0 0 3 0 3 2 0 2 2 0 0 0 0 0 0 0 0 0 0 0 0 0 1 0 0 0 0 0 0 2 0 0 0 0 11 0 0 0 0 13 31 7 0 27 5 9 14 55 13 33 26 15 17 56 0 0 15 16 0 0 0 0 0 0 0 0 0 0 0 13 0 0 0 0 0 0 1 10 11 1 0 0 0 0 0 0 0 0 1 0 0 0 0 5 0 0 14 12 0 0 0 0 0 0 0 0 0 0 0 0 0 0 0 0 0 6 0 5 19 3 21 0 28 26 20 22 36 53 0 12 0 39 52 9 9 12 13 0 0 20 0 0 0 0 0 0 0 0 0 0 0 4 0 0 0 38 3 0 0 0 0 0 0 0 0 0 0 0 0 0 0 0 0 0 0 0 0 0 0 5 0 0 0 0 0 0 0 0 0 0 0 4 0 1 1 1 0 3 2 0 0 0 0 0 0 0 0 0 0 0 0 0 0 0 0 0 0 0 48 0 0 0 0 0 0 0 0 
 0 0 0 0 3 0 0 0 0 0 0 0 0 0 0 0 0 0 2 0 54 183 41 208 120 356 26 275 142 0 113 54 180 78 91 247 143 165 168 102 0 6 2 5 3 1 0 2 2 5 0 0 6 5 3 0 3 2 2 3 0 0 6 0 3 5 1 7 7 1 2 3 2 0 0 2 38 56 0 1 1 0 0 0 0 13 0 0 0 1 1 0 0 1 0 0 0 0 0 0 11 32 34 11 24 8 1 12 12 12 13 0 12 4 12 16 0 11 0 0 9 0 0 0 0 0 14 0 0 0 0 0 0 0 0 15 7 0 29 0 3 1 0 0 0 13 0 0 0 0 0 0 0 0 0 0 4 0 0 0 0 0 0 0 0 1 0 0 0 0 0 0 0 0 0 2 0 1 0 2 7 14 1 1 12 0 1 1 2 0 2 21 0 7 18 0 27 40 0 0 32 0 0 0 0 1 10 0 0 0 0 0 14 36 13 22 35 8 30 39 0 0 0 0 0 0 0 0 0 1 0 0 0 0 0 0 0 0 0 0 0 0 0 0 0 0 0 0 0 0 0 0 0 0 4 2 0 76 77 1 3 0 0 0 0 0 11 0 2 0 0 0 0 0 0 0 0 0 0 0 0 0 0 0 0 9 13 0 0 0 
 0 0 0 0 0 8 0 0 0 0 0 78 0 0 2 0 0 0 0 2 292 152 317 83 148 48 73 39 118 113 0 389 141 250 168 167 107 65 47 133 0 3 2 0 3 2 3 31 0 1 0 0 0 0 0 0 0 1 61 61 0 0 0 0 0 3 0 2 2 0 2 2 0 0 0 0 0 0 0 5 0 0 0 0 0 0 0 0 0 1 1 0 0 0 0 0 0 0 0 0 0 0 21 33 41 0 19 26 11 28 0 0 0 29 40 29 6 14 0 13 0 0 0 0 0 0 1 0 0 0 0 0 8 0 0 0 0 0 0 2 0 0 4 0 0 0 0 0 0 0 0 2 0 0 0 0 0 0 0 0 9 0 0 0 16 0 0 0 0 0 0 0 0 0 0 0 0 1 4 0 31 19 27 19 20 0 26 6 48 7 33 52 0 25 38 24 2 6 0 0 0 2 0 0 0 0 7 0 12 0 0 0 15 0 0 0 0 0 1 0 0 0 0 0 0 0 0 0 1 0 0 0 4 0 20 0 0 0 0 0 0 0 2 0 0 0 0 0 0 0 0 0 0 0 7 1 5 3 75 1 36 7 0 0 0 0 0 0 0 0 14 0 0 0 0 0 0 1 0 0 0 32 0 0 0 0 0 0 0 0 
 4 5 4 4 3 3 6 5 4 4 4 78 5 4 4 5 4 5 3 6 161 121 27 101 109 71 31 33 159 54 389 0 206 328 339 201 67 57 51 41 0 111 2 2 59 2 19 3 0 5 0 7 0 3 2 0 0 1 0 63 0 0 0 2 0 3 0 2 3 39 2 5 0 0 2 0 0 0 0 0 0 0 0 0 0 0 0 0 0 0 0 0 0 0 2 0 0 0 0 0 13 0 0 21 21 11 0 9 20 6 14 17 0 21 44 30 22 10 0 0 19 0 0 0 26 0 17 0 0 0 0 0 0 1 0 20 0 0 21 12 8 0 7 0 0 0 0 0 0 0 0 14 0 0 2 0 5 0 0 0 0 0 0 0 0 0 0 0 0 0 0 0 0 0 0 0 0 0 0 0 28 0 6 16 20 35 0 20 42 18 61 27 0 43 1 22 0 7 0 0 0 0 11 0 0 0 0 0 1 0 1 0 0 0 10 1 0 12 16 35 0 0 0 0 0 1 0 0 0 0 0 0 0 0 0 0 0 0 0 0 0 0 0 0 0 0 0 0 0 1 0 0 0 17 14 2 2 78 0 4 1 0 0 0 0 0 0 0 0 0 0 0 0 0 0 0 0 0 0 0 0 18 0 2 0 0 0 0 0 3 
 3 3 115 159 161 4 3 3 3 3 83 37 3 6 5 3 3 3 3 3 121 64 570 65 174 240 71 204 164 180 141 206 0 302 269 265 178 397 171 85 0 3 2 0 5 65 0 4 0 2 34 0 0 1 0 62 0 25 0 0 0 0 0 0 0 3 0 2 3 0 2 3 0 0 0 0 0 0 28 0 0 0 0 0 17 6 0 0 0 0 8 7 0 0 0 14 0 0 0 0 14 36 0 23 3 0 26 0 82 0 0 11 77 18 33 73 1 27 0 0 0 0 0 0 0 0 0 0 0 0 0 0 0 0 0 0 0 0 0 0 8 0 0 0 0 0 0 0 0 0 0 0 0 0 0 0 3 0 0 0 0 0 0 0 11 19 0 0 0 0 0 0 0 0 0 14 0 0 0 0 58 34 29 0 14 0 0 1 21 9 17 31 0 30 6 18 34 31 30 13 0 0 0 0 0 0 23 0 1 10 0 0 0 0 0 0 0 0 0 0 0 0 0 0 0 0 0 0 0 8 0 0 0 0 0 0 0 0 0 0 0 0 0 0 0 0 0 0 0 0 0 0 0 0 20 12 0 76 0 0 3 2 0 0 0 0 51 0 0 0 0 0 0 0 0 0 0 0 0 0 0 67 0 0 0 0 14 0 0 0 
 0 0 0 0 0 7 0 0 0 0 0 19 0 3 1 0 0 0 3 5 94 81 135 283 145 30 104 257 213 78 250 328 302 0 507 108 40 178 185 272 0 3 2 0 3 1 0 6 0 1 0 0 0 0 0 0 0 4 0 0 0 0 0 0 0 3 0 3 2 0 2 2 0 0 0 0 1 0 0 3 0 0 0 0 0 1 0 0 0 0 0 0 0 0 0 0 0 0 0 0 30 13 26 36 11 0 22 21 106 32 20 1 0 19 0 12 35 40 0 37 0 0 0 0 0 0 0 0 0 0 2 0 0 11 0 2 0 12 13 0 0 0 3 0 0 0 0 0 0 0 0 2 0 0 0 0 0 0 2 0 0 0 0 0 0 13 0 0 0 0 2 0 0 0 0 0 0 0 0 0 2 0 15 5 14 0 51 34 30 38 11 13 14 19 26 11 0 4 0 4 0 0 0 0 2 0 0 0 0 0 0 0 21 0 0 0 13 0 0 10 0 0 0 0 0 0 0 0 0 0 0 0 0 0 0 0 0 1 0 1 0 0 9 0 4 0 0 0 0 0 0 0 0 0 15 0 1 83 0 2 11 1 0 0 0 0 37 0 0 0 0 2 0 0 0 0 2 0 0 0 0 26 0 0 0 0 0 0 0 0 
 0 0 0 0 26 111 1 2 0 0 0 1 0 0 3 2 0 2 0 0 221 373 64 97 105 56 221 348 279 91 168 339 269 507 0 97 45 305 79 548 0 3 2 0 3 1 4 9 0 0 1 9 0 1 0 0 0 3 5 0 0 0 0 0 0 2 0 2 3 0 2 4 0 0 0 0 0 0 0 0 0 0 0 0 0 0 0 0 0 0 0 0 2 0 0 0 0 0 0 0 0 19 46 27 0 0 50 43 23 24 9 15 1 14 17 2 45 70 0 34 0 0 0 0 0 0 0 0 0 0 0 0 0 25 0 0 0 0 10 0 1 0 0 0 1 0 0 0 0 0 0 0 0 4 1 0 1 0 0 0 0 0 0 0 2 9 0 0 0 0 0 25 0 0 0 0 0 0 0 0 12 55 12 49 0 0 24 15 30 14 1 16 13 2 39 26 21 33 0 7 0 0 0 0 13 0 0 0 0 0 0 0 0 0 1 0 0 0 7 9 0 0 0 0 0 2 0 0 0 0 0 0 0 0 0 0 0 0 0 0 0 0 7 0 0 0 0 0 0 0 0 0 0 0 15 0 0 1 0 2 13 3 0 0 0 0 19 0 0 0 0 0 0 0 0 0 0 0 0 0 0 16 0 1 0 0 0 0 0 0 
 0 0 0 0 33 73 0 0 0 0 0 160 0 0 0 0 0 0 3 0 263 207 103 44 98 40 33 48 134 247 167 201 265 108 97 0 57 75 35 150 0 65 2 0 5 3 0 3 2 1 0 0 0 1 0 0 0 0 62 62 0 0 3 0 0 6 0 2 3 0 2 3 0 0 0 0 3 0 0 5 0 17 0 0 21 8 0 0 2 0 0 0 0 0 0 0 0 0 0 0 22 0 12 13 38 0 1 20 11 0 11 4 18 34 19 20 11 12 0 16 8 0 0 4 0 0 0 0 0 0 0 0 0 0 0 0 23 0 7 0 1 0 6 0 0 0 0 0 0 0 0 1 0 0 0 0 1 0 0 0 11 0 0 0 19 28 0 0 0 0 0 0 0 0 0 0 20 0 4 0 16 31 11 1 9 0 19 12 31 8 37 13 0 12 1 1 1 19 20 15 12 0 0 0 0 0 11 0 10 0 0 0 0 24 11 0 0 1 13 9 0 2 0 0 0 0 0 0 0 0 0 0 0 0 0 0 0 0 0 16 0 0 0 0 0 0 0 0 0 0 0 0 0 0 6 0 0 74 82 2 3 0 0 0 0 0 0 0 0 0 0 0 0 0 0 0 0 0 0 0 0 7 0 0 0 0 0 0 0 0 
 3 3 4 2 21 83 2 2 2 2 5 5 2 2 3 2 2 4 5 2 116 119 294 80 42 74 165 268 117 143 107 67 178 40 45 57 0 229 98 79 0 3 2 3 3 1 62 67 0 2 0 0 25 1 0 0 0 1 0 63 0 0 0 0 0 3 0 2 4 50 2 3 0 0 0 0 0 0 0 0 0 0 0 0 0 0 0 0 0 0 0 11 0 0 0 0 0 0 0 0 18 55 10 23 26 0 0 27 17 26 0 27 1 2 15 43 16 3 0 1 0 3 0 0 0 3 0 0 0 0 0 0 12 0 0 0 0 1 0 0 7 0 0 0 0 0 0 0 0 0 0 0 2 0 0 0 5 0 0 0 0 0 0 0 45 7 0 0 0 0 0 0 0 0 0 0 0 0 0 0 20 22 79 13 0 0 0 0 25 12 0 1 0 42 9 0 54 39 10 14 7 24 0 0 0 0 0 0 0 0 0 0 23 14 0 26 0 0 43 0 0 0 0 0 0 0 0 0 0 0 0 0 0 0 0 0 0 0 0 0 0 0 0 0 0 0 0 0 0 0 0 0 0 0 22 0 1 150 77 0 4 0 0 0 0 0 10 0 0 0 0 0 0 0 0 0 0 0 0 6 0 0 0 0 2 0 24 0 0 0 
 0 0 0 0 77 100 0 0 0 0 0 0 0 0 0 0 0 0 66 0 80 132 66 142 67 141 33 105 129 165 65 57 397 178 305 75 229 0 38 53 0 4 2 5 3 2 1 2 0 0 0 208 4 4 0 0 0 1 0 0 0 0 0 0 0 3 0 3 2 0 2 2 0 0 0 0 0 0 0 0 2 0 0 0 0 7 0 0 0 0 0 10 0 0 0 0 0 0 0 0 0 11 81 1 0 1 14 16 1 21 0 38 14 2 3 24 39 24 0 2 0 0 0 0 1 0 0 0 1 0 0 0 8 2 0 0 0 0 8 0 39 0 0 0 0 0 0 0 0 0 0 0 0 0 2 0 6 0 11 0 0 0 0 0 6 21 0 0 0 0 0 0 0 0 0 0 0 0 0 1 10 33 65 19 0 0 3 0 12 31 15 25 1 1 25 14 34 29 0 27 0 14 0 0 13 1 0 0 0 0 0 0 13 8 1 12 0 0 15 14 0 0 0 0 0 0 0 0 0 0 0 0 0 0 0 0 0 0 34 0 0 0 0 0 0 2 0 0 0 0 0 0 2 0 11 1 4 2 2 0 12 0 0 0 0 2 0 0 0 0 0 17 0 0 0 0 0 0 0 0 0 1 0 0 0 0 0 0 0 0 
 2 1 0 148 0 159 0 24 150 18 77 148 0 74 3 73 160 17 3 0 107 108 43 88 70 55 430 326 379 168 47 51 171 185 79 35 98 38 0 393 0 5 2 0 3 5 0 3 2 1 0 0 0 1 0 0 0 23 0 0 0 0 0 0 0 5 0 2 3 0 2 2 0 0 0 0 0 0 48 0 0 0 10 30 11 19 1 0 0 12 20 15 0 0 0 1 10 15 0 0 31 21 14 1 15 2 1 84 23 0 17 0 0 12 1 51 7 28 26 14 0 0 0 0 0 0 0 0 0 0 0 0 0 0 0 0 0 0 0 0 0 0 0 0 1 0 0 6 0 0 0 0 0 1 0 2 0 0 0 0 0 0 0 1 12 57 0 0 0 18 31 0 0 0 0 0 0 0 0 0 0 13 17 0 0 0 26 17 15 74 0 0 27 0 0 2 13 0 0 36 0 0 0 0 0 0 0 0 17 0 0 0 0 0 0 0 0 0 0 0 0 0 0 0 0 0 0 0 0 0 0 0 0 0 0 0 0 0 0 0 0 0 30 0 0 0 0 0 0 74 0 0 0 0 11 2 0 1 0 1 2 0 0 0 0 0 0 0 0 0 0 0 0 0 0 11 42 0 0 0 0 0 0 0 0 0 10 0 0 0 
 0 0 0 1 1 152 0 0 1 74 1 122 0 2 0 0 0 1 3 2 88 114 227 59 288 273 167 214 139 102 133 41 85 272 548 150 79 53 393 0 5 3 2 1 3 0 1 8 0 2 0 0 0 14 0 0 0 1 0 36 0 0 0 0 0 3 0 2 2 0 2 2 0 0 0 0 0 0 0 10 1 0 0 5 19 20 0 0 1 0 0 11 0 0 0 0 2 10 0 0 9 5 10 11 8 0 25 40 33 8 30 1 13 18 16 11 22 17 0 31 0 0 0 0 0 0 0 0 0 0 0 0 0 0 0 0 0 0 0 0 0 0 0 0 0 0 0 6 0 0 0 2 0 5 0 4 0 0 0 2 0 0 0 0 21 1 0 0 0 20 0 0 0 0 0 0 0 0 0 0 9 48 13 0 0 0 31 28 3 16 0 0 15 0 17 16 0 0 0 13 0 0 0 0 0 0 1 0 12 0 0 0 0 0 0 0 0 0 0 0 0 0 0 0 0 0 0 0 0 0 0 0 0 0 0 0 0 0 0 0 0 0 7 0 0 0 0 0 0 0 0 0 0 0 9 0 0 1 0 5 9 0 0 0 0 0 0 0 0 0 0 0 0 0 0 9 0 0 0 0 0 15 0 0 0 0 36 0 0 0 
 0 0 0 0 0 0 0 1 0 0 0 0 0 0 0 0 0 0 0 0 1 0 0 0 64 84 0 2 0 0 0 0 0 0 0 0 0 0 0 5 0 118 106 55 33 240 213 127 62 148 27 32 119 123 226 165 46 119 90 103 6 2 5 0 2 13 24 0 1 7 0 0 4 0 0 0 0 6 1 1 0 0 0 0 0 0 0 0 0 0 0 0 0 0 0 0 0 0 0 0 0 0 0 0 0 0 0 0 0 0 0 0 0 0 0 0 0 0 0 0 1 9 19 1 0 0 30 9 7 0 66 10 0 9 9 9 16 3 22 10 0 1 0 1 9 0 0 0 0 0 3 0 6 0 0 2 0 5 0 4 0 0 0 0 0 0 1 0 0 0 0 0 0 0 0 0 0 0 0 0 0 0 0 10 0 10 0 0 0 0 0 0 0 0 0 0 0 0 0 0 7 19 8 7 0 0 8 17 40 0 28 14 3 0 6 16 5 10 50 6 0 0 9 0 0 0 2 0 0 6 0 0 0 0 0 4 3 9 0 8 0 0 7 0 0 0 0 0 7 0 0 12 0 0 0 0 0 62 0 8 0 0 0 0 1 2 2 0 0 0 0 0 0 0 0 0 0 0 0 0 0 2 0 0 0 0 0 0 0 9 
 0 0 0 0 4 0 0 0 0 0 0 0 0 3 0 0 0 2 4 0 3 67 4 10 153 69 3 4 3 6 3 111 3 3 3 65 3 4 5 3 118 0 184 83 109 23 443 226 373 93 36 45 92 131 129 238 162 39 60 164 0 51 16 0 0 5 3 2 0 0 0 5 0 5 0 0 0 0 0 0 0 0 0 0 0 0 42 0 0 0 0 0 0 0 0 0 0 0 0 0 0 0 0 0 0 0 0 0 0 0 0 0 0 0 0 0 0 0 0 0 26 0 4 26 0 1 13 12 3 10 32 35 0 12 21 9 10 6 18 30 0 0 24 0 0 0 0 0 20 0 0 0 29 0 0 0 0 0 20 0 0 0 0 1 0 0 4 0 0 0 0 1 0 0 0 0 11 0 0 0 0 0 0 1 0 20 0 0 0 0 0 1 0 0 0 0 0 0 0 0 9 3 0 0 20 15 0 2 10 6 11 0 13 0 0 9 13 37 42 2 0 0 0 0 0 0 13 0 0 0 0 0 0 0 0 9 0 0 23 15 0 0 0 0 0 0 0 0 0 0 0 10 0 1 0 0 0 64 1 0 0 0 0 0 0 0 0 1 0 0 0 0 0 0 0 0 0 0 0 0 0 0 0 0 9 4 0 0 1 0 
 0 0 0 0 0 0 1 0 0 0 0 0 0 0 3 0 0 0 0 0 2 2 2 2 3 2 2 2 2 2 2 2 2 2 2 2 2 2 2 2 106 184 0 187 336 31 96 144 201 184 40 49 157 192 53 217 373 70 52 57 0 0 0 0 0 0 0 2 0 0 0 3 51 5 52 0 0 0 51 0 0 0 0 0 0 0 0 0 0 0 0 0 0 0 0 0 0 0 0 0 0 0 0 16 0 0 1 0 0 0 0 0 0 0 0 0 0 0 0 0 1 0 11 6 19 10 0 41 20 7 5 25 0 18 0 4 4 0 0 0 1 0 0 0 0 0 1 0 3 18 0 9 23 0 22 24 0 3 5 0 0 0 0 0 0 0 4 0 0 0 0 0 0 0 0 0 0 0 0 0 0 0 0 0 0 1 0 0 0 0 2 0 0 0 24 0 0 0 0 0 1 10 25 0 15 4 0 13 0 31 0 12 0 7 0 5 0 24 0 0 0 4 0 0 0 0 0 54 0 10 0 0 31 24 0 11 0 22 13 31 0 0 0 0 0 0 0 0 0 0 0 1 0 1 0 0 0 0 1 6 0 0 0 0 0 1 0 0 0 0 7 0 0 0 0 0 0 0 0 0 0 0 6 0 1 9 0 0 0 0 
 0 0 0 0 0 0 0 0 0 0 0 0 0 0 3 0 0 0 0 0 0 0 0 2 0 2 0 0 0 5 0 2 0 0 0 0 3 5 0 1 55 83 187 0 164 64 104 83 169 167 34 309 68 170 131 260 60 373 88 125 0 0 0 0 0 0 0 0 0 0 5 0 58 0 0 0 0 0 46 59 0 0 0 0 0 0 0 0 0 0 0 0 0 0 0 0 0 0 0 0 0 0 0 0 1 2 0 0 0 0 0 4 0 0 0 10 0 6 0 0 16 0 8 0 18 0 0 10 13 9 2 12 45 15 0 15 10 0 10 12 0 0 0 0 0 0 0 0 0 0 0 0 11 0 15 10 0 1 0 0 0 0 0 0 0 0 0 0 5 0 5 0 0 0 0 0 0 0 0 0 0 0 0 1 0 0 0 0 0 4 6 0 0 0 0 0 10 0 0 0 10 11 10 15 10 14 0 8 0 10 30 47 3 27 0 63 1 0 10 0 36 0 21 0 0 0 0 26 0 7 0 0 28 15 0 0 0 10 21 29 0 0 0 0 0 0 0 0 0 0 0 10 0 1 0 0 0 0 4 2 0 0 0 3 3 0 0 2 0 0 1 0 0 0 0 0 0 0 0 0 0 0 0 0 13 0 0 0 0 0 
 0 0 0 0 0 0 0 0 0 1 0 56 10 4 3 0 1 0 1 2 3 6 3 3 3 5 6 3 3 3 3 59 5 3 3 5 3 3 3 3 33 109 336 164 0 142 64 52 106 74 127 225 61 149 124 51 93 102 80 277 51 14 5 0 0 0 76 2 0 0 0 14 1 58 15 0 50 0 91 99 0 1 0 0 0 0 0 0 0 0 0 2 0 0 0 1 3 5 0 0 0 0 0 0 0 0 0 0 0 0 0 0 0 0 0 0 0 0 0 0 0 0 0 5 0 11 0 0 0 28 11 6 0 0 0 0 13 0 0 0 6 7 0 0 0 0 13 0 0 1 0 13 9 11 0 0 0 21 32 10 0 2 0 0 0 0 0 0 4 0 2 0 4 17 0 0 6 0 0 0 0 0 0 0 1 0 0 0 0 0 0 0 0 0 0 0 0 0 0 0 0 10 22 0 31 39 0 0 0 10 0 7 0 11 0 0 0 10 0 0 4 0 19 0 1 0 0 13 0 0 0 0 11 10 8 22 40 0 0 20 0 1 0 0 0 0 0 0 0 0 0 3 0 0 9 0 0 0 2 2 0 1 9 64 3 5 0 0 0 0 10 0 0 0 0 0 0 0 0 0 0 2 0 0 0 15 0 0 0 0 
 0 65 61 1 1 1 0 29 51 76 2 1 0 2 3 0 0 1 0 97 2 10 1 0 2 3 0 1 1 1 2 2 65 1 1 3 1 2 5 0 240 23 31 64 142 0 248 40 311 82 63 75 40 243 61 53 78 63 46 249 0 0 0 2 2 0 101 2 2 0 1 0 55 0 0 0 0 2 2 47 0 0 7 0 0 0 0 0 1 0 0 16 0 11 19 12 10 0 0 0 0 0 0 0 0 0 0 0 0 0 0 0 0 0 0 0 0 0 0 0 0 0 0 3 1 13 0 0 0 0 0 12 0 0 0 0 0 0 0 0 15 7 0 0 0 0 15 9 0 0 0 15 0 0 0 0 7 0 26 11 10 1 3 3 0 0 17 6 16 0 1 0 0 0 0 17 0 0 0 2 0 0 0 0 0 0 0 0 0 0 0 0 0 0 0 0 0 0 0 0 0 0 0 0 0 17 0 0 15 23 0 13 0 0 0 0 0 3 0 0 49 0 11 9 0 0 0 25 41 0 0 0 47 6 1 0 12 6 13 0 0 0 0 0 0 0 0 0 31 0 0 8 0 2 0 0 0 2 1 5 0 21 64 4 0 1 1 0 0 0 0 0 0 0 0 0 0 0 0 0 0 5 0 0 0 0 0 0 0 0 
 0 0 0 0 0 0 0 0 0 0 0 0 0 0 0 0 0 0 0 0 3 0 0 58 0 63 1 0 51 0 3 19 0 0 4 0 62 1 0 1 213 443 96 104 64 248 0 123 281 112 261 74 323 69 256 69 44 112 319 160 0 0 205 0 0 0 0 0 0 0 0 0 0 0 0 0 0 0 0 0 0 0 0 0 0 0 0 0 0 0 0 0 0 0 0 0 0 0 0 0 1 0 5 3 3 0 2 1 0 7 22 10 0 0 3 0 0 0 0 1 10 37 33 30 13 0 36 15 19 0 14 20 2 1 0 3 8 0 20 20 0 0 0 0 0 0 0 0 0 0 0 0 0 0 1 0 0 0 0 0 0 0 0 0 0 0 0 0 0 0 0 0 0 0 0 0 0 0 0 1 4 0 3 30 0 29 5 0 1 10 5 3 0 0 4 6 0 53 0 1 4 36 30 29 0 0 0 8 46 0 17 6 0 0 47 0 19 0 36 13 0 0 0 0 0 0 0 0 0 0 0 0 0 0 0 1 0 0 14 0 0 0 1 0 0 0 0 0 0 0 0 9 0 2 0 0 0 24 2 11 0 0 0 0 0 2 3 0 0 0 0 0 0 0 46 0 0 0 0 7 0 4 0 0 0 0 0 0 2 0 
 0 0 0 63 1 0 1 0 62 0 0 64 0 6 3 0 0 0 2 0 8 7 2 17 22 72 12 2 35 2 31 3 4 6 9 3 67 2 3 8 127 226 144 83 52 40 123 0 59 258 14 28 230 113 110 103 51 72 68 126 0 0 0 0 0 12 0 0 0 0 0 0 0 0 0 0 0 0 6 1 0 0 0 6 0 21 0 0 0 0 0 0 0 0 0 0 10 0 0 0 1 1 7 5 3 21 3 7 0 15 0 8 0 0 4 0 0 0 4 0 7 30 12 0 0 0 30 0 1 0 9 0 40 0 24 19 20 26 11 22 0 0 0 0 0 0 0 0 0 0 0 0 0 0 0 0 0 0 0 0 0 0 0 0 0 0 0 0 0 0 0 0 0 0 0 0 0 0 0 0 5 3 3 20 2 32 18 0 7 0 0 0 0 11 26 1 0 2 0 0 0 12 19 0 0 0 9 0 10 0 0 0 0 0 40 0 1 0 8 1 0 0 0 0 0 0 15 0 0 0 0 0 0 0 0 0 0 0 0 0 0 0 6 0 0 0 0 0 0 0 0 11 0 2 0 0 0 86 2 4 0 0 2 0 2 1 0 0 0 0 0 0 0 0 0 0 0 0 0 6 0 9 0 0 0 0 0 0 1 0 
 0 0 0 0 0 0 0 0 0 0 0 2 0 2 0 0 0 0 2 66 0 0 0 0 0 3 0 0 0 2 0 0 0 0 0 2 0 0 2 0 62 373 201 169 106 311 281 59 0 157 23 68 77 408 138 121 44 89 99 136 0 0 1 0 0 0 0 3 0 0 0 5 50 0 0 0 0 0 51 60 0 0 0 0 0 0 0 0 0 0 0 0 0 0 0 0 0 0 0 0 0 0 0 0 0 0 0 0 0 0 0 0 0 0 0 0 0 0 0 0 21 0 38 6 10 13 0 18 0 0 12 19 0 16 0 31 19 0 0 0 11 0 0 0 0 0 0 0 0 0 0 0 38 0 20 14 10 0 15 0 0 0 0 0 0 0 0 0 4 0 16 0 0 0 0 3 0 0 0 0 0 0 0 0 0 0 0 0 0 0 0 0 0 0 0 0 0 0 0 0 0 0 42 0 51 6 0 0 0 30 0 8 0 16 0 16 0 12 0 0 0 0 0 0 0 0 0 40 0 7 0 0 30 11 0 12 0 11 30 18 0 0 0 0 0 0 0 0 0 0 0 9 0 0 0 0 0 0 0 1 0 0 0 65 0 4 2 0 0 0 0 0 0 0 0 10 0 0 0 0 0 0 0 0 43 10 0 0 0 30 
 0 0 0 0 0 64 0 0 5 0 0 1 0 0 0 1 0 0 0 2 2 4 1 0 0 0 63 1 0 5 1 5 2 1 0 1 2 0 1 2 148 93 184 167 74 82 112 258 157 0 135 115 216 73 131 147 271 313 173 71 2 0 0 3 0 0 0 0 0 0 0 0 228 53 2 0 2 0 0 0 0 1 26 10 10 0 0 0 0 0 0 15 0 0 0 0 0 14 0 0 0 0 10 0 0 0 0 0 0 0 0 0 0 0 0 0 0 0 14 0 18 79 0 22 28 0 0 9 38 0 15 51 0 3 0 27 0 0 13 19 0 0 0 0 0 0 0 0 0 0 0 0 13 0 10 22 0 1 0 0 0 0 0 6 0 0 2 0 0 0 32 9 0 0 0 0 0 0 0 0 14 38 0 0 0 6 0 0 0 0 0 0 9 0 0 0 0 0 8 0 7 25 11 18 19 0 0 27 11 13 25 6 0 0 1 19 21 1 7 13 0 0 2 0 0 0 0 10 0 2 0 0 21 0 0 17 0 20 8 0 0 0 0 0 0 0 0 0 0 63 0 19 0 0 0 0 0 1 0 22 0 0 2 0 0 15 2 0 2 0 0 0 0 0 0 0 0 0 0 0 0 0 0 0 0 13 0 0 0 0 
 0 0 0 0 0 0 1 0 0 0 0 0 0 0 0 0 0 0 0 0 0 1 0 0 0 0 2 0 0 0 0 0 34 0 1 0 0 0 0 0 27 36 40 34 127 63 261 14 23 135 0 74 34 65 130 136 142 57 206 58 0 0 12 0 1 0 68 0 0 0 5 0 68 53 0 0 0 0 0 52 0 0 0 0 0 0 0 0 0 0 0 0 0 0 0 0 12 0 0 0 0 0 0 0 0 0 4 0 0 0 0 0 0 0 0 0 0 0 0 0 0 0 0 19 1 12 0 10 11 7 0 0 0 0 1 0 0 0 0 0 0 0 0 0 0 0 3 0 0 0 0 0 1 0 0 0 0 21 0 19 0 0 0 0 0 0 0 0 0 0 2 0 0 0 0 0 0 0 0 0 0 0 0 0 0 0 0 0 8 0 0 0 0 0 0 0 0 0 0 0 16 0 1 1 18 14 18 17 0 12 24 13 0 26 47 0 9 11 0 14 37 0 64 0 21 0 26 21 3 0 0 0 0 27 1 0 11 22 11 0 0 0 0 0 0 0 0 0 0 0 0 6 0 0 0 0 0 0 0 10 0 0 64 1 4 0 2 34 0 0 0 0 0 0 0 0 0 0 0 0 0 0 0 0 0 11 0 18 0 0 
 0 0 0 0 0 0 0 0 0 0 0 0 0 0 3 0 0 0 0 0 202 0 0 0 4 212 1 0 0 0 0 7 0 0 9 0 0 208 0 0 32 45 49 309 225 75 74 28 68 115 74 0 65 59 37 31 219 87 62 40 209 0 3 0 0 52 74 0 0 0 2 0 51 26 0 0 0 2 53 3 0 0 0 0 0 0 0 0 0 0 0 0 0 0 0 0 0 0 0 0 0 0 0 0 0 5 0 0 0 0 0 0 0 0 0 0 0 0 0 0 5 0 0 0 21 8 5 4 11 71 2 20 0 0 0 13 0 0 3 8 1 0 0 0 0 0 9 0 0 0 0 0 12 0 6 48 0 20 0 7 0 0 0 0 0 0 0 0 1 0 3 0 0 0 0 0 0 0 0 0 0 0 0 0 4 16 0 0 0 0 0 5 0 0 0 0 0 0 0 0 16 0 1 0 23 25 1 4 0 17 0 8 0 12 2 0 8 7 0 5 23 0 11 0 22 0 19 15 0 6 0 0 20 38 0 0 0 31 67 25 0 0 0 0 0 0 0 0 0 0 0 6 0 1 0 0 0 0 1 1 0 1 0 2 0 4 0 37 1 0 8 0 0 0 0 0 0 0 0 0 0 0 0 0 1 0 0 0 0 0 
 0 0 0 0 0 0 0 0 0 0 0 0 1 2 0 0 0 2 3 0 0 0 0 2 54 12 0 0 0 6 0 0 0 0 0 0 25 4 0 0 119 92 157 68 61 40 323 230 77 216 34 65 0 87 258 176 43 86 141 297 0 0 0 0 27 3 0 3 0 0 0 0 0 0 3 0 0 0 7 3 0 0 0 0 0 0 0 0 0 0 0 0 0 0 0 0 0 0 0 0 0 18 0 0 11 7 0 0 0 14 0 52 0 0 0 5 0 5 0 0 31 51 2 25 13 0 6 32 13 1 0 18 17 2 12 40 10 10 18 11 0 0 0 0 0 0 0 0 0 0 0 8 1 0 12 0 0 0 0 0 0 0 0 0 0 0 1 0 0 0 0 0 0 0 0 0 0 0 0 0 0 0 0 2 9 30 0 0 0 6 4 0 0 0 0 18 9 18 0 0 34 29 17 12 10 0 0 42 2 4 25 1 19 9 0 58 0 0 19 0 0 0 0 0 0 5 0 0 0 0 0 0 0 0 0 9 0 0 34 0 0 0 0 0 0 0 0 0 0 0 0 7 0 2 0 0 0 91 13 9 0 0 0 0 0 10 1 0 0 0 0 0 0 0 0 0 0 0 0 1 0 0 0 59 15 0 0 0 2 0 
 0 0 0 0 0 0 0 0 0 0 2 0 0 0 0 0 0 0 1 0 1 2 0 0 1 0 1 0 0 5 0 3 1 0 1 1 1 4 1 14 123 131 192 170 149 243 69 113 408 73 65 59 87 0 251 138 226 29 185 93 0 0 4 0 0 0 1 0 0 0 2 0 0 0 0 0 0 0 50 203 0 0 0 0 0 0 0 0 0 0 0 0 0 0 0 0 0 0 0 0 0 0 0 0 0 8 0 0 0 0 0 0 0 0 0 0 0 5 0 0 15 0 14 12 4 17 5 18 30 14 0 0 0 10 8 51 19 20 0 11 0 0 0 0 0 0 0 0 0 0 0 0 1 1 5 0 0 0 0 0 0 0 0 0 0 0 4 0 0 0 0 0 0 0 0 0 0 0 0 0 0 0 0 0 0 14 0 0 0 0 5 7 0 0 0 0 5 0 0 0 50 1 20 9 18 13 13 35 0 0 39 1 0 44 16 11 8 27 5 22 0 0 0 0 0 0 9 3 0 0 0 0 3 0 0 0 0 0 17 9 0 0 0 0 0 0 8 0 0 0 0 10 0 0 0 0 0 0 7 0 63 0 1 1 2 3 2 44 0 0 6 0 0 0 0 0 0 0 0 0 0 0 0 0 0 0 0 12 0 0 
 88 0 0 0 0 0 1 0 0 0 0 0 0 0 0 0 0 0 0 0 0 0 0 127 24 131 0 2 64 3 0 2 0 0 0 0 0 0 0 0 226 129 53 131 124 61 256 110 138 131 130 37 258 251 0 120 107 37 299 336 0 0 0 0 0 0 1 8 0 0 0 0 16 0 0 5 0 0 12 0 0 0 0 0 0 0 0 0 0 0 0 0 0 14 0 0 0 0 0 0 0 0 0 0 0 1 0 0 0 0 0 19 0 0 0 0 0 0 0 0 28 7 0 7 7 11 3 10 20 33 19 0 0 0 24 0 0 19 13 35 5 0 13 0 1 0 0 10 7 0 0 0 0 2 0 20 0 0 0 3 0 0 0 0 0 0 0 0 0 0 0 0 0 0 0 0 0 0 0 0 0 0 0 19 0 21 0 0 0 0 0 22 0 0 0 7 0 0 0 0 6 35 10 8 6 0 21 28 34 0 14 18 43 60 11 28 39 34 6 15 0 3 0 0 0 0 23 0 0 0 0 0 2 0 5 0 1 1 8 4 0 0 0 0 0 0 0 0 0 0 0 15 0 0 0 0 0 0 0 0 0 0 0 0 66 2 3 2 3 0 4 0 0 0 0 0 0 0 0 0 0 0 0 0 1 0 0 7 0 0 
 0 64 0 0 0 0 0 0 0 0 2 0 0 0 0 0 0 0 0 0 0 0 0 0 115 1 0 0 0 0 0 0 62 0 0 0 0 0 0 0 165 238 217 260 51 53 69 103 121 147 136 31 176 138 120 0 122 114 393 63 0 3 0 0 0 10 0 9 0 4 0 2 0 4 0 0 0 0 15 0 0 0 0 0 0 0 0 0 0 0 0 0 0 0 0 0 0 0 0 0 0 0 0 0 0 26 0 0 0 0 0 0 0 0 0 0 0 0 0 0 37 18 0 34 0 11 22 31 41 22 14 19 21 16 37 57 22 26 12 23 0 0 12 0 0 0 5 17 11 12 0 0 12 1 1 0 0 0 0 1 0 0 0 0 0 0 6 0 0 0 0 0 0 0 0 0 0 0 0 0 0 0 0 0 12 17 0 0 0 0 0 0 0 0 0 0 0 0 0 0 12 15 11 7 6 6 0 31 8 0 13 0 2 16 9 7 19 29 13 13 0 13 0 0 0 0 15 0 0 0 0 0 0 35 0 0 0 0 0 1 0 0 8 0 0 0 0 0 0 0 0 5 0 0 0 0 0 0 0 1 0 0 0 0 63 0 0 0 0 0 0 0 0 0 0 0 0 0 0 0 0 0 14 0 1 0 0 0 0 0 
 0 0 0 0 0 0 0 26 2 0 0 0 3 0 3 0 10 0 5 0 0 0 0 0 63 0 0 0 0 3 0 0 0 0 0 0 0 0 0 0 46 162 373 60 93 78 44 51 44 271 142 219 43 226 107 122 0 52 24 44 0 0 6 0 0 0 0 1 0 0 0 0 51 0 0 0 0 0 24 0 0 0 0 0 0 0 0 0 3 0 0 0 11 0 0 1 10 2 0 26 0 0 0 0 0 0 0 0 0 0 0 0 0 0 0 0 0 0 0 0 20 0 0 0 10 11 0 36 14 41 0 6 0 9 11 10 13 19 0 19 0 0 0 0 0 0 0 0 0 0 0 0 6 0 0 0 0 0 0 6 0 6 0 0 0 0 11 0 0 0 0 1 5 7 0 0 0 0 0 0 0 0 0 0 0 12 0 0 0 0 0 0 0 0 0 0 0 0 0 0 0 0 28 0 12 24 0 1 0 0 0 0 13 11 0 2 13 48 0 1 41 0 0 0 0 0 31 0 0 0 0 0 11 11 0 1 0 0 13 46 0 0 0 0 0 0 0 0 0 0 0 17 0 2 0 0 0 0 2 0 0 0 1 0 62 2 1 62 1 0 10 0 0 0 0 0 0 0 0 0 0 0 0 0 11 59 0 0 0 0 
 3 3 3 3 7 5 3 3 3 3 3 4 3 10 6 3 63 3 3 3 4 1 2 0 0 70 27 0 1 2 1 1 25 4 3 0 1 1 23 1 119 39 70 373 102 63 112 72 89 313 57 87 86 29 37 114 52 0 41 105 1 0 0 0 0 2 3 0 0 0 0 0 14 7 0 0 0 0 52 51 0 0 0 18 0 0 0 0 0 6 12 0 0 0 0 0 0 0 0 0 11 0 24 0 0 0 0 0 0 0 0 0 1 0 0 0 0 0 16 3 9 0 0 7 6 2 0 12 1 11 6 12 0 0 0 9 0 0 24 1 0 0 0 0 0 0 1 0 0 3 0 0 0 0 2 0 0 16 2 1 0 0 0 0 10 20 0 0 10 12 18 0 0 0 0 0 0 0 0 0 0 0 0 0 0 12 0 11 0 14 0 0 0 0 0 0 0 0 0 0 9 20 0 5 31 19 12 7 0 0 29 22 22 1 0 32 3 0 17 1 24 0 15 0 0 0 0 16 0 0 0 13 3 8 0 0 0 0 10 0 0 0 0 0 0 0 0 0 0 0 0 6 0 1 0 0 0 0 1 5 0 1 3 27 1 8 0 1 0 0 0 0 0 0 0 0 16 0 0 0 0 0 3 0 15 0 0 0 0 0 
 0 0 0 0 0 0 0 0 0 0 0 0 0 0 0 0 0 0 3 0 2 69 0 0 4 63 1 67 0 2 61 0 0 0 5 62 0 0 0 0 90 60 52 88 80 46 319 68 99 173 206 62 141 185 299 393 24 41 0 183 0 0 6 0 8 5 0 0 0 0 0 0 3 2 0 0 0 0 6 0 0 0 0 0 0 0 0 0 0 0 0 0 0 0 0 0 0 0 0 0 0 0 16 5 10 18 0 55 0 0 10 0 0 1 0 0 0 0 0 0 20 6 0 10 0 9 2 22 0 0 6 19 14 9 11 25 17 20 26 1 0 0 12 0 0 0 0 0 0 4 0 0 3 0 0 0 0 0 0 0 2 0 0 4 0 0 0 0 0 0 0 0 0 0 0 0 0 0 5 0 0 0 0 11 13 10 0 0 0 0 9 0 0 0 0 11 0 0 0 0 32 32 0 13 50 2 30 11 0 0 32 14 13 0 44 31 9 0 11 16 6 0 0 0 0 0 0 5 0 0 0 0 0 1 0 0 0 0 11 0 0 0 17 0 0 0 0 0 0 0 0 6 0 0 0 0 0 0 59 1 64 0 0 0 0 0 3 0 0 0 0 0 0 0 0 1 0 0 0 0 0 0 1 0 20 0 0 5 1 0 
 0 0 0 62 0 0 1 0 0 0 0 0 0 0 0 0 0 1 0 0 0 64 0 63 62 68 0 63 63 3 61 63 0 0 0 62 63 0 0 36 103 164 57 125 277 249 160 126 136 71 58 40 297 93 336 63 44 105 183 0 0 0 0 0 0 4 0 26 0 0 0 0 0 0 0 1 0 1 3 0 0 0 0 0 0 0 0 0 0 0 0 0 0 0 0 0 0 0 0 0 0 0 8 0 13 0 0 0 0 0 63 0 0 0 0 0 0 0 0 0 25 17 25 20 0 0 23 23 0 0 0 0 34 11 0 19 2 2 16 20 1 0 3 0 0 0 8 9 4 0 0 0 0 0 16 0 0 0 0 0 2 0 0 0 0 0 0 0 0 0 0 0 0 0 0 0 0 0 8 0 0 0 0 12 33 33 0 0 0 0 27 0 0 0 0 9 0 1 0 0 12 10 20 0 0 0 9 0 10 0 0 0 0 34 57 25 0 0 17 19 0 5 0 0 0 0 0 0 0 0 0 0 0 0 3 0 0 0 32 3 0 0 0 0 0 0 0 0 0 0 0 6 0 0 0 0 0 55 54 0 0 0 2 0 0 0 2 0 2 0 0 0 0 0 0 0 0 0 0 6 0 0 0 0 13 0 0 0 0 0 
 4 5 2 2 2 2 5 5 2 3 2 2 37 3 7 2 6 3 3 6 0 0 0 0 0 4 3 0 0 0 0 0 0 0 0 0 0 0 0 0 6 0 0 0 51 0 0 0 0 2 0 209 0 0 0 0 0 1 0 0 0 231 218 265 111 110 144 177 39 114 33 57 103 187 153 56 245 125 322 43 4 0 0 0 0 0 0 0 49 0 6 0 0 0 10 0 2 0 0 0 0 0 0 0 0 0 0 0 0 0 0 0 0 0 0 0 0 0 0 0 0 0 0 20 0 0 0 0 0 0 0 0 0 0 0 0 0 0 0 0 9 5 0 10 7 0 19 0 0 10 14 0 0 4 0 13 0 18 0 7 0 0 11 0 0 0 4 5 0 12 0 0 0 1 0 0 13 10 0 0 0 0 0 0 0 0 0 0 0 0 0 0 0 0 0 0 0 13 0 0 0 0 0 0 0 11 0 0 0 0 0 2 0 0 0 1 0 0 0 0 3 34 25 11 19 5 14 2 21 7 0 0 5 0 12 27 0 23 26 9 0 0 0 3 0 0 0 0 0 0 0 0 0 0 1 0 16 0 0 0 0 0 0 64 0 0 0 0 0 0 0 2 0 2 0 4 0 0 0 0 0 0 0 0 0 2 0 0 0 0 
