 0 387 83 85 268 39 185 262 124 230 264 325 149 394 638 282 122 349 36 132 0 3 5 0 0 1 0 4 7 3 0 0 2 0 2 1 0 75 2 0 3 4 0 2 3 0 7 3 53 3 2 2 0 0 0 5 3 0 0 0 0 0 0 0 3 6 2 0 3 0 2 3 2 0 3 0 2 5 0 10 42 42 31 25 24 10 0 23 11 32 28 20 0 14 57 52 66 20 18 0 0 0 0 0 0 0 0 0 0 0 0 0 0 0 0 0 0 0 0 26 2 0 0 0 0 0 0 0 0 0 0 0 0 0 0 0 0 0 0 0 0 4 0 1 0 12 0 0 0 0 0 0 0 0 0 0 0 0 0 0 16 19 47 13 17 22 10 12 13 15 0 65 6 42 40 0 34 10 15 0 0 0 0 0 0 14 0 0 0 0 0 0 0 0 0 0 0 0 9 0 0 0 0 0 0 0 2 0 10 0 0 0 1 0 0 0 2 0 0 2 0 0 0 0 0 14 0 8 0 0 0 0 1 1 0 0 0 0 2 0 0 11 0 0 0 0 94 1 2 118 0 13 0 0 0 0 2 0 0 0 0 0 0 0 2 0 2 0 0 0 0 0 0 0 0 15 0 0 0 0 0 0 0 0 0 0 0 0 0 0 
 387 0 176 57 358 200 186 177 50 167 24 319 128 88 302 37 46 233 68 91 0 0 2 0 0 0 0 3 3 3 0 0 2 0 0 0 0 0 0 0 3 0 0 0 3 0 3 3 2 0 0 2 3 0 62 2 0 0 0 0 0 0 0 54 0 3 0 0 2 0 0 0 3 0 3 0 2 3 0 1 28 45 12 32 21 0 9 1 10 0 9 27 0 4 41 18 39 0 27 16 0 0 0 0 0 0 0 0 2 0 0 0 0 0 0 0 0 0 0 0 0 0 1 0 0 0 0 0 0 0 0 0 0 0 0 0 0 0 0 0 0 0 0 0 0 15 0 0 0 0 0 0 0 1 0 0 0 1 0 0 21 13 10 21 0 0 15 20 44 14 0 0 9 15 43 6 40 10 8 23 0 0 0 0 0 0 0 0 0 0 0 0 0 0 0 7 0 0 0 8 0 0 0 0 0 16 12 0 0 0 0 1 0 0 1 0 0 0 0 0 0 0 1 0 0 0 0 0 0 0 0 0 0 0 0 0 0 0 22 0 0 0 0 0 0 2 0 1 1 3 0 15 0 0 0 0 0 0 0 0 0 0 0 0 0 0 0 0 0 0 0 0 0 0 0 0 0 0 0 0 0 0 0 0 0 0 0 0 0 0 
 83 176 0 298 396 109 69 284 258 246 205 512 75 39 139 100 156 143 123 44 1 0 0 2 0 1 75 27 3 3 1 0 82 1 0 0 0 0 78 0 3 0 2 0 3 0 1 3 9 0 0 2 0 1 0 2 0 0 0 0 0 0 0 0 0 3 0 0 0 0 11 2 3 0 3 0 2 3 0 0 13 0 17 57 15 0 7 10 17 0 47 16 10 2 18 10 15 44 0 0 13 13 0 0 0 0 10 9 0 0 0 0 41 10 0 0 6 0 20 2 0 0 0 0 19 0 0 0 0 0 0 0 0 0 0 0 0 1 0 0 0 0 16 0 0 1 0 0 0 0 0 0 0 0 0 0 0 0 0 0 0 9 0 0 0 19 0 0 29 23 19 14 0 0 0 20 14 14 0 0 8 48 0 0 0 0 0 0 11 0 0 0 31 0 0 0 0 0 14 14 0 0 0 0 0 17 0 0 0 0 0 0 0 0 0 0 0 0 0 0 0 0 0 2 0 0 0 0 1 0 0 0 0 0 0 2 0 0 0 0 0 0 0 0 0 1 0 0 5 2 3 6 9 0 0 0 0 0 0 0 0 0 0 0 0 0 0 0 0 0 0 0 0 0 0 21 7 16 0 0 0 0 0 0 0 0 0 0 0 0 
 85 57 298 0 236 196 178 82 191 162 95 140 150 134 53 79 57 150 218 55 34 2 0 3 0 0 32 2 3 0 0 75 2 0 1 0 0 2 74 3 0 0 0 0 2 0 9 0 3 0 3 3 0 3 0 2 2 0 0 6 0 0 2 0 0 0 31 0 0 3 10 0 0 0 0 0 0 0 3 3 10 10 15 16 13 12 5 9 20 9 16 25 18 18 10 15 1 27 0 0 9 9 0 0 0 0 0 0 14 0 0 0 9 0 0 0 15 0 10 0 0 0 0 0 0 0 0 0 0 0 0 0 0 0 0 0 0 0 0 0 0 0 0 0 0 0 1 0 0 0 0 0 0 0 0 0 0 0 0 0 3 17 16 26 0 19 0 13 0 30 10 66 0 0 8 25 0 1 0 1 0 6 11 0 0 0 12 0 1 13 0 0 0 0 14 0 0 0 29 24 0 0 0 0 0 14 0 0 0 0 0 0 0 0 0 0 0 1 0 0 0 0 0 0 0 0 0 0 0 0 0 0 0 0 0 0 0 0 0 0 0 26 0 0 0 0 89 2 6 3 12 0 12 0 0 0 0 0 0 0 0 0 0 0 0 0 0 0 0 0 0 0 0 0 0 35 0 0 0 0 0 0 0 0 0 0 0 0 0 2 
 268 358 396 236 0 323 271 139 339 171 79 56 84 69 173 163 129 107 71 138 88 74 1 0 0 0 0 28 20 3 0 0 44 59 82 0 0 0 73 1 6 3 0 0 3 0 2 3 3 3 0 2 0 0 0 2 0 2 0 0 0 0 0 52 0 3 0 0 1 0 5 29 3 0 3 0 2 3 0 0 18 0 18 31 38 27 0 0 0 1 12 5 0 10 17 13 29 9 0 4 42 0 14 0 2 0 15 7 29 16 0 0 2 32 0 21 0 1 0 21 0 0 0 0 0 0 0 0 0 0 0 0 0 1 0 1 0 0 0 0 0 2 0 0 0 0 0 0 0 1 3 0 0 0 0 0 0 0 0 0 5 2 1 0 36 35 0 7 2 36 9 0 0 24 0 9 0 10 0 0 0 9 30 0 0 0 12 0 23 1 0 1 0 31 15 0 0 40 0 3 0 0 0 0 0 23 0 0 0 0 0 0 0 2 0 0 0 0 0 0 0 0 0 0 0 0 0 0 1 0 0 0 0 0 0 0 0 0 6 0 0 2 0 0 0 3 3 1 5 86 0 11 11 0 0 0 0 0 0 0 0 0 1 0 0 0 0 0 0 0 0 0 0 0 0 4 0 12 0 0 0 10 0 0 0 0 0 0 0 0 
 39 200 109 196 323 0 42 41 147 230 183 156 26 125 167 56 51 88 132 47 136 74 0 0 0 0 151 46 98 3 0 36 1 76 59 0 0 0 1 77 3 0 2 0 8 0 3 3 2 0 0 2 0 1 0 2 0 0 0 0 0 0 0 0 0 3 0 0 3 0 2 1 2 0 3 59 2 3 0 0 32 0 0 37 30 19 0 0 0 0 20 21 0 0 30 12 15 5 0 14 0 0 17 0 0 0 0 0 34 0 0 2 7 41 0 39 8 0 39 10 0 2 6 0 0 0 0 0 0 0 0 0 0 0 0 0 0 0 1 1 0 0 0 0 0 0 0 0 0 0 0 1 0 0 9 0 0 0 0 0 18 10 0 0 17 0 0 2 19 0 10 24 0 7 0 15 11 0 1 0 0 1 32 0 0 0 30 14 2 18 0 1 13 16 17 0 0 0 74 23 0 0 0 0 0 0 0 0 0 2 0 0 0 0 0 0 0 0 0 0 0 0 0 0 0 0 1 0 0 0 0 0 0 0 0 0 2 0 0 0 0 0 0 0 0 2 1 0 0 179 1 4 2 0 0 0 0 0 0 0 0 0 0 0 0 0 0 0 0 0 0 0 0 0 0 14 0 0 0 0 0 0 0 0 0 0 0 0 0 0 
 185 186 69 178 271 42 0 340 142 253 27 35 219 142 117 379 127 407 206 218 0 0 3 0 0 77 0 5 3 3 0 0 2 0 1 4 4 0 0 0 3 0 0 0 3 0 4 3 6 0 0 2 64 0 0 2 0 0 0 9 0 0 0 0 0 3 0 0 2 1 0 2 3 0 3 0 2 2 0 0 36 19 2 0 0 13 28 20 8 8 0 0 21 10 2 3 11 21 17 36 0 0 0 0 0 0 0 0 0 0 0 0 0 0 0 0 0 0 0 0 0 0 0 0 0 0 0 0 0 1 0 0 0 0 0 0 0 0 0 0 0 0 0 0 0 0 0 0 0 0 0 0 0 0 2 0 0 0 0 0 27 9 33 2 16 7 15 13 1 1 13 13 10 19 0 10 1 10 0 1 0 0 0 0 0 0 0 2 0 0 0 0 0 0 0 0 0 0 13 1 0 0 0 0 2 0 0 0 0 0 0 0 0 0 0 0 0 0 0 0 0 0 0 0 0 0 0 0 0 0 0 0 0 0 0 0 0 0 0 0 0 8 0 0 0 0 1 1 4 2 0 18 0 0 0 0 0 0 0 0 0 0 0 0 0 0 0 0 0 0 0 0 0 0 0 0 0 0 0 0 0 0 0 0 0 0 0 0 0 0 
 262 177 284 82 139 41 340 0 135 44 37 151 203 499 54 275 179 143 246 126 0 0 0 0 1 0 0 3 3 3 0 0 76 0 1 0 0 0 0 0 3 65 0 0 3 0 7 3 3 0 0 2 0 1 0 2 0 0 0 0 0 0 0 0 0 3 0 0 1 0 0 0 3 0 3 0 2 3 0 0 23 35 31 28 0 31 11 33 20 0 17 10 0 6 10 30 45 10 26 31 0 0 0 0 0 0 2 0 2 0 0 0 0 0 0 0 0 0 0 0 0 1 0 0 0 1 0 2 0 0 0 0 0 0 0 0 0 0 0 0 0 4 0 0 0 0 0 0 0 0 0 0 0 1 0 0 0 1 0 0 7 67 56 16 41 17 11 21 0 10 1 13 0 27 9 9 37 30 0 0 0 0 0 0 0 0 0 0 0 0 0 0 0 0 0 0 0 0 10 0 0 0 0 0 0 0 0 0 0 0 1 0 0 0 0 0 0 0 0 0 0 0 0 0 0 0 0 0 0 0 0 0 0 0 0 0 0 0 0 0 0 8 0 0 0 1 85 0 0 1 0 12 0 0 0 0 0 0 0 0 0 0 0 0 0 0 0 0 0 0 0 0 0 0 0 10 0 19 0 0 0 0 0 0 0 0 0 0 0 0 
 124 50 258 191 339 147 142 135 0 319 142 37 80 63 188 124 40 136 180 46 1 0 1 0 0 0 75 3 3 3 0 0 7 4 0 0 0 0 0 74 3 0 0 0 3 0 2 5 3 0 0 2 0 0 0 2 0 6 0 0 0 0 0 0 0 12 0 0 2 0 4 0 3 0 3 0 6 3 0 0 0 0 0 16 1 0 50 22 1 19 12 0 7 5 1 47 0 34 1 31 0 0 0 0 2 0 2 0 0 0 0 0 12 1 10 0 0 2 25 12 0 0 0 0 0 0 0 0 0 0 0 0 0 1 0 1 0 0 28 0 0 0 0 0 0 0 0 0 0 1 0 0 0 0 0 0 0 0 0 0 9 7 14 3 2 0 27 15 23 0 24 0 0 25 2 36 10 0 14 0 0 0 0 0 0 0 14 0 0 1 0 0 12 0 10 0 0 0 26 12 0 0 0 0 0 0 0 0 0 0 0 0 0 2 0 0 0 0 0 0 0 0 0 0 0 0 0 0 1 0 0 0 0 0 0 0 0 0 0 0 0 2 0 0 0 0 93 0 3 86 0 7 1 0 0 0 0 0 0 2 0 0 0 0 0 0 0 0 0 0 0 0 0 0 0 15 16 0 0 0 0 0 0 0 0 0 0 0 0 0 
 230 167 246 162 171 230 253 44 319 0 137 209 38 214 103 461 163 334 164 155 2 0 4 0 0 2 28 85 3 77 0 0 2 2 100 0 0 0 0 0 3 0 0 0 3 0 3 3 2 0 0 5 0 9 0 5 0 0 0 0 0 0 0 0 0 3 0 0 2 2 0 0 3 0 3 0 2 3 0 0 12 20 0 8 30 0 40 0 0 19 29 9 8 7 32 24 38 8 0 29 0 0 0 0 0 0 1 0 0 0 0 0 7 0 0 0 0 0 14 0 0 0 0 0 0 0 0 0 0 0 0 0 0 0 0 0 0 0 0 0 0 0 0 0 0 0 0 0 6 0 0 0 0 0 2 0 0 0 0 0 15 9 20 17 37 0 25 0 13 22 15 1 3 27 1 11 48 56 1 1 0 0 0 0 0 0 0 2 0 0 0 0 3 0 12 0 0 0 0 0 0 0 0 0 2 0 0 0 0 0 0 0 0 0 0 0 0 0 0 0 0 0 0 0 0 0 0 0 0 0 0 0 0 0 14 0 0 0 0 0 0 0 0 0 0 0 87 2 90 2 15 6 0 0 0 0 0 0 0 0 0 0 10 0 0 0 0 0 0 0 0 0 0 0 0 9 0 0 0 0 0 0 0 0 0 0 0 0 0 0 
 264 24 205 95 79 183 27 37 142 137 0 42 29 27 91 82 196 64 61 132 66 0 0 1 0 0 103 107 3 3 0 74 1 67 258 0 0 0 298 73 3 0 0 0 3 0 1 3 3 0 0 2 3 14 0 2 0 0 0 0 0 3 0 0 0 3 0 0 0 2 0 6 3 0 3 0 2 3 0 0 0 0 0 34 49 15 0 0 33 12 22 23 1 0 16 0 0 0 0 0 28 48 0 0 0 0 16 13 52 4 0 0 20 11 22 0 14 0 47 23 0 0 0 0 0 0 0 0 0 1 0 0 0 0 0 0 0 0 0 0 0 0 0 0 0 0 0 0 0 1 0 0 0 0 0 0 0 0 0 0 0 0 0 41 0 23 0 2 23 0 0 23 0 1 0 1 0 8 0 0 11 16 10 1 0 10 48 5 0 13 0 0 10 1 36 0 0 0 26 8 0 0 0 0 0 1 0 0 0 0 0 0 0 2 0 0 0 0 0 0 0 0 0 0 0 0 1 0 0 0 0 1 0 0 0 0 0 0 0 0 0 2 0 0 0 0 0 2 0 86 0 6 0 0 0 0 0 0 0 0 0 0 22 0 0 0 0 0 0 0 0 0 0 0 0 0 19 0 0 0 0 0 0 0 0 0 0 0 0 0 
 325 319 512 140 56 156 35 151 37 209 42 0 259 106 335 40 590 361 247 35 22 0 0 0 0 0 2 4 3 3 0 0 1 70 76 2 0 0 75 98 3 0 7 0 3 0 2 3 3 0 0 2 0 0 0 2 0 0 0 0 0 0 0 0 0 3 3 7 0 3 0 5 3 0 3 0 2 3 0 0 19 11 15 55 29 1 19 12 33 14 19 16 11 0 36 32 56 16 0 0 0 0 0 0 0 0 0 16 13 0 0 0 0 12 16 9 0 0 19 18 0 0 0 0 0 2 0 1 0 0 0 0 0 0 0 0 0 0 0 0 1 5 0 2 0 0 2 0 0 0 0 0 4 2 0 0 0 0 4 3 0 3 2 42 4 52 0 0 0 16 12 10 0 10 10 0 85 17 0 0 2 0 0 0 18 0 30 13 0 0 0 0 12 1 0 0 0 0 0 17 0 0 0 0 0 0 0 0 5 0 2 0 2 0 0 0 0 0 0 0 0 0 0 0 0 0 0 0 0 0 0 0 2 0 0 0 0 0 0 0 0 1 0 0 0 2 94 2 3 88 0 12 0 0 0 0 0 0 0 0 0 0 0 1 0 0 0 0 0 0 0 0 0 0 0 4 0 0 0 0 0 0 0 0 0 0 0 0 0 0 
 149 128 75 150 84 26 219 203 80 38 29 259 0 212 30 37 214 127 282 442 0 0 2 7 0 75 0 3 3 3 7 2 1 0 1 0 0 0 0 0 3 0 0 0 3 0 8 3 3 60 0 2 0 7 0 2 0 0 0 0 2 0 0 0 2 3 0 11 0 0 0 2 8 0 3 0 2 11 0 0 32 0 28 18 0 16 0 24 30 0 0 1 3 41 1 25 0 15 25 9 0 20 0 0 0 1 0 1 0 0 0 0 0 0 0 0 0 0 0 0 0 0 0 0 0 0 25 0 0 0 0 0 0 0 2 0 1 0 0 0 0 0 0 0 0 0 0 0 0 0 0 0 0 0 0 0 0 0 0 0 35 15 17 20 0 9 9 26 10 0 0 26 18 0 5 0 0 0 0 16 0 0 0 0 0 0 0 0 0 0 0 0 18 0 0 0 0 0 20 0 0 0 0 0 0 0 0 0 0 0 0 0 0 0 0 23 0 0 0 0 0 1 0 0 1 0 0 2 0 0 0 0 0 0 0 0 0 0 0 0 0 13 0 0 0 2 17 0 0 2 2 12 0 0 0 0 0 0 0 0 0 0 0 0 0 0 0 0 0 0 0 0 0 0 0 0 0 0 0 0 0 0 0 0 0 0 0 0 0 0 
 394 88 39 134 69 125 142 499 63 214 27 106 212 0 91 148 36 113 540 195 0 0 0 0 0 0 0 3 4 3 0 0 1 0 0 0 0 0 0 76 69 0 0 0 3 0 9 3 3 0 0 3 0 0 0 2 0 0 0 0 0 0 0 0 0 3 0 0 0 1 0 4 3 0 3 0 2 2 0 1 41 13 2 0 0 18 0 9 7 11 10 0 0 11 23 30 23 0 24 17 0 0 0 0 0 0 0 0 0 0 0 0 0 0 0 1 0 0 2 0 0 0 0 0 0 0 0 0 0 0 0 0 2 0 0 0 0 0 0 0 0 1 0 0 0 13 0 0 0 0 0 0 0 0 0 0 0 0 0 0 15 43 31 0 10 16 0 24 15 1 13 8 34 0 17 0 52 13 0 0 0 0 0 0 0 0 0 0 0 0 0 0 0 0 0 0 0 0 14 0 0 0 0 0 0 0 0 2 0 0 0 0 0 0 0 0 0 0 1 0 0 0 0 0 0 0 0 0 0 0 0 0 0 0 0 0 0 0 0 0 0 7 0 0 0 0 88 0 2 1 0 9 0 0 0 0 0 0 0 0 0 0 0 0 0 0 0 0 0 0 0 0 0 0 0 12 0 0 0 0 0 0 0 0 0 0 0 0 0 1 
 638 302 139 53 173 167 117 54 188 103 91 335 30 91 0 91 34 121 148 217 0 2 1 0 0 5 0 59 3 3 0 0 2 0 2 0 0 2 0 0 3 0 0 0 3 0 64 66 3 0 0 2 13 0 0 2 0 0 0 0 0 0 0 0 0 3 2 0 0 0 0 3 3 0 3 0 2 5 0 5 18 0 0 8 16 0 11 31 0 30 8 15 0 1 34 60 16 8 23 19 0 0 0 2 0 0 0 0 0 0 0 0 0 0 0 0 0 0 0 0 0 0 0 0 0 0 0 0 0 0 0 0 0 0 14 0 0 0 0 0 0 0 0 0 0 37 0 0 2 0 0 0 0 11 1 0 0 0 0 0 46 0 11 0 0 0 29 0 15 15 14 12 10 64 15 16 30 20 18 19 0 0 0 0 0 0 0 1 22 0 0 0 0 0 0 0 0 0 0 0 0 0 0 0 1 0 0 0 0 0 4 0 0 9 0 7 0 0 0 0 0 0 0 0 0 0 0 0 0 0 0 0 0 0 0 0 2 0 0 0 0 0 0 0 0 2 85 0 3 3 0 7 0 0 0 0 0 0 0 0 0 0 0 0 0 0 0 0 0 0 0 0 0 0 0 0 0 0 0 0 0 0 0 0 0 0 0 0 0 0 
 282 37 100 79 163 56 379 275 124 461 82 40 37 148 91 0 441 138 117 39 2 0 2 0 0 0 79 22 3 3 0 0 1 0 0 2 0 0 0 0 3 0 2 0 3 62 1 3 3 0 0 2 0 6 0 2 0 0 0 64 0 0 0 0 0 3 0 0 0 0 1 0 3 0 3 0 2 3 0 0 21 29 22 0 0 13 0 0 8 25 3 0 6 30 14 0 52 7 0 14 0 0 0 2 0 0 0 1 0 0 0 0 0 0 0 0 1 0 20 0 0 0 0 0 0 0 0 0 1 0 0 0 0 0 0 0 0 0 0 0 0 6 0 0 0 0 0 0 2 0 0 2 0 0 1 0 0 0 0 0 0 15 10 10 12 38 0 7 16 39 11 14 1 18 0 9 62 28 0 0 0 0 0 0 0 0 0 1 13 0 0 0 13 0 0 0 0 0 0 0 0 16 0 14 1 15 0 0 0 0 0 0 0 0 0 0 0 0 0 0 0 0 0 0 0 0 0 0 0 0 0 0 0 0 0 0 0 0 0 0 0 0 0 0 0 1 1 0 7 0 14 4 0 0 2 0 0 0 0 0 0 0 10 0 0 0 0 0 0 0 0 0 0 0 0 4 0 0 0 0 0 0 0 0 0 0 0 0 0 0 
 122 46 156 57 129 51 127 179 40 163 196 590 214 36 34 441 0 227 111 24 0 60 0 0 3 1 0 3 4 3 3 3 1 0 207 25 3 4 22 75 3 0 4 0 68 2 3 3 2 0 0 5 0 0 0 4 0 2 0 0 0 0 0 0 0 5 0 0 2 0 0 1 3 0 3 0 2 3 0 0 0 11 33 14 0 18 25 6 13 38 38 29 1 21 20 28 18 12 0 18 0 0 0 0 0 0 0 34 0 0 0 0 13 0 17 0 0 0 1 15 0 0 0 0 0 0 21 0 0 0 0 0 0 0 0 0 0 0 2 0 0 0 0 0 0 0 0 0 0 0 0 0 0 0 0 0 0 0 0 0 0 11 0 21 39 0 0 10 21 0 52 0 0 6 7 1 25 37 2 0 11 0 1 0 0 18 9 0 1 0 0 0 29 0 0 0 0 0 1 21 0 0 0 0 0 0 0 0 0 0 2 0 0 0 0 0 0 0 0 0 0 0 0 0 0 0 2 0 0 0 0 0 0 0 0 0 0 0 0 0 0 0 0 0 0 1 179 0 0 1 0 9 0 0 0 0 0 0 0 0 0 0 0 0 0 0 0 0 0 0 0 0 0 0 0 11 10 0 0 0 0 0 0 0 0 0 0 0 0 0 
 349 233 143 150 107 88 407 143 136 334 64 361 127 113 121 138 227 0 193 28 0 0 0 0 0 2 0 5 3 3 0 0 53 0 0 0 0 0 0 0 3 0 0 0 7 0 7 3 2 0 3 2 0 0 0 2 0 0 0 0 0 0 44 0 0 3 0 0 3 0 4 0 2 0 3 0 2 3 0 0 21 10 24 49 2 42 19 49 12 0 7 10 10 18 10 39 30 65 18 11 0 0 0 0 0 0 14 9 0 0 0 0 0 16 0 0 0 0 0 0 0 0 0 0 0 0 0 0 0 0 0 0 0 0 0 0 0 0 0 0 0 2 0 0 0 6 0 0 0 0 2 0 0 0 0 0 0 0 0 0 7 7 37 13 19 24 12 18 0 38 7 19 0 25 7 11 13 10 0 0 0 0 0 0 0 0 0 0 17 0 0 0 0 0 0 0 0 0 22 0 0 0 0 0 0 0 0 0 0 0 0 1 0 0 2 0 0 0 0 0 0 0 0 0 2 0 0 0 0 0 0 0 0 0 0 0 2 0 0 0 0 8 0 0 0 2 83 0 4 2 0 14 37 0 0 0 0 0 0 0 0 0 0 0 0 0 0 0 0 0 0 0 0 0 0 7 0 14 0 0 0 0 0 0 0 0 0 0 0 0 
 36 68 123 218 71 132 206 246 180 164 61 247 282 540 148 117 111 193 0 85 0 0 2 0 0 3 0 4 3 3 0 0 3 2 0 0 0 0 0 0 3 0 0 0 3 0 2 3 3 0 0 64 0 0 0 2 0 0 0 0 0 0 0 0 0 3 1 0 1 0 0 0 3 0 3 0 2 3 0 0 12 13 20 0 0 0 49 39 12 13 1 0 77 0 0 0 0 41 38 3 0 0 0 0 0 0 0 0 0 0 0 0 0 0 0 0 0 0 0 0 0 0 0 0 0 0 0 0 0 0 0 0 0 0 0 0 0 0 18 0 0 0 0 0 0 0 0 0 0 1 0 0 0 0 0 0 0 0 0 0 20 1 10 2 0 0 10 0 16 0 0 0 8 12 18 40 0 0 12 10 0 0 0 1 0 0 0 0 0 1 0 0 0 0 0 0 0 0 0 0 0 0 0 0 0 0 0 0 0 0 0 0 0 2 0 0 0 0 0 0 0 0 0 0 0 0 0 0 0 0 0 0 0 0 0 0 2 42 0 0 0 2 0 0 0 1 0 0 5 2 0 3 0 0 0 0 0 0 0 0 0 0 0 0 0 0 0 0 0 0 0 0 0 0 0 0 0 0 0 0 0 0 0 0 0 0 0 0 0 0 
 132 91 44 55 138 47 218 126 46 155 132 35 442 195 217 39 24 28 85 0 0 2 2 0 0 0 0 3 3 3 0 0 3 0 0 0 0 2 0 1 3 0 0 0 3 0 1 3 3 0 0 2 3 0 0 2 0 0 0 0 0 0 30 0 0 3 0 0 0 1 0 2 3 0 3 0 2 2 0 1 0 13 1 2 1 0 0 0 7 13 0 19 0 20 15 0 13 0 11 26 0 0 0 0 0 0 0 0 2 0 0 0 0 0 0 0 0 0 0 0 0 0 0 0 0 0 3 0 0 0 0 0 0 0 0 0 0 0 0 0 0 0 0 0 0 16 0 0 0 0 0 0 0 1 0 0 0 1 0 0 17 14 9 9 0 0 30 22 45 13 0 1 15 9 10 0 16 9 9 34 0 0 0 0 0 0 0 0 0 0 0 0 0 0 0 2 0 0 0 0 0 0 0 0 0 0 0 0 0 0 0 0 0 0 0 0 0 0 0 0 0 0 0 0 0 0 0 0 0 0 0 0 0 0 0 0 0 0 0 0 0 0 0 0 0 0 3 0 2 0 0 8 0 0 0 0 0 0 0 0 0 0 0 0 0 0 0 0 0 0 0 0 0 0 0 0 0 0 0 0 0 0 0 0 0 0 0 0 0 0 
 0 0 1 34 88 136 0 0 1 2 66 22 0 0 0 2 0 0 0 0 0 255 121 53 140 112 283 94 118 41 52 198 325 407 175 20 27 22 436 174 5 6 7 3 0 0 11 2 0 2 8 2 3 1 133 6 4 5 0 0 0 1 0 2 0 0 51 4 4 3 2 6 0 3 2 5 1 0 0 0 0 0 0 22 48 15 0 0 19 0 1 29 0 0 0 0 0 0 0 0 21 9 14 9 0 0 0 20 42 11 18 0 1 28 0 32 23 29 51 7 0 0 0 0 0 0 0 0 11 0 0 1 0 0 0 0 0 0 0 0 0 0 0 0 1 0 0 0 0 2 0 0 0 0 0 0 0 0 0 0 0 0 0 39 7 24 0 0 1 0 0 20 0 0 0 2 0 0 0 0 14 20 58 0 0 0 41 8 18 17 23 1 0 39 39 0 0 9 18 29 0 1 0 2 0 0 0 0 0 1 0 0 0 1 0 0 0 0 0 12 0 0 0 0 0 0 0 0 0 0 0 0 0 0 0 0 0 0 0 0 0 0 1 0 0 0 1 0 0 74 0 0 0 0 17 2 0 0 1 0 0 0 0 0 0 0 2 0 0 0 0 0 0 2 2 0 0 0 0 0 0 12 0 0 0 0 0 0 0 0 
 3 0 0 2 74 74 0 0 0 0 0 0 0 0 2 0 60 0 0 2 255 0 188 101 294 323 103 167 246 194 115 72 41 140 207 193 47 295 124 121 0 3 3 0 0 0 0 0 0 0 3 1 7 0 0 3 6 0 62 1 0 1 0 2 0 0 0 2 1 0 0 0 0 3 0 4 0 0 0 0 0 0 0 0 0 13 0 0 0 25 0 0 18 0 0 0 0 0 0 0 21 19 25 62 9 0 12 36 11 0 29 8 0 23 2 61 61 0 12 0 0 0 0 0 0 0 0 0 0 0 0 0 0 0 0 0 0 0 1 36 0 0 1 0 7 1 4 0 5 0 0 0 0 0 0 0 0 0 0 0 0 0 0 0 8 1 0 1 0 0 0 0 0 0 0 0 0 0 0 0 15 10 25 25 12 25 0 11 0 22 61 9 10 15 7 1 48 7 32 0 11 0 0 0 0 0 0 2 0 0 0 0 20 0 0 0 0 0 17 7 0 0 0 0 0 0 0 0 0 0 43 0 0 0 0 1 0 0 0 0 0 0 0 0 0 0 0 0 0 0 0 0 0 0 5 0 0 1 156 0 0 0 15 0 0 0 0 0 0 0 0 0 0 0 0 0 0 0 0 0 0 0 0 0 0 0 0 0 0 0 
 5 2 0 0 1 0 3 0 1 4 0 0 2 0 1 2 0 0 2 2 121 188 0 96 188 571 135 285 237 141 66 123 60 145 71 72 134 329 50 56 2 3 3 0 3 0 0 0 3 0 3 2 65 0 0 5 3 0 0 0 0 0 3 2 0 0 0 2 6 0 0 6 0 0 0 0 0 0 4 0 0 0 0 0 0 0 0 0 0 0 0 2 2 0 0 1 0 0 0 0 2 29 1 29 25 0 0 0 4 26 21 0 0 1 12 13 23 34 0 0 17 0 2 0 0 0 9 0 0 0 13 0 30 7 0 0 0 6 45 9 0 0 0 0 0 0 0 0 0 0 0 0 0 0 0 0 0 1 0 4 0 0 0 0 0 0 0 0 0 0 4 0 0 0 0 3 0 0 0 0 13 1 0 2 7 1 20 1 18 30 9 25 10 18 22 12 42 11 0 0 4 0 0 0 0 0 0 7 0 0 0 0 26 0 0 0 0 0 55 0 1 0 10 0 0 0 0 0 0 0 0 0 5 0 0 0 2 0 1 0 0 0 7 0 0 0 0 0 0 0 0 0 0 0 8 0 2 8 42 2 18 2 0 0 0 0 10 0 0 0 0 0 0 0 0 0 0 0 0 0 0 30 0 0 0 0 13 0 0 0 
 0 0 2 3 0 0 0 0 0 0 1 0 7 0 0 0 0 0 0 0 53 101 96 0 118 57 105 84 97 371 366 99 73 177 142 114 94 107 106 70 127 3 3 0 0 1 46 62 0 0 3 0 127 84 20 3 0 0 93 33 44 0 0 5 0 0 0 2 1 0 0 0 0 7 0 0 0 0 50 0 0 0 1 12 0 0 0 0 0 0 0 0 0 0 0 0 0 0 0 0 19 15 8 13 13 28 2 41 0 11 23 30 0 0 11 29 10 19 0 0 0 2 0 1 0 0 51 0 0 1 0 0 15 1 23 0 0 24 0 14 0 0 0 8 7 0 5 0 6 0 0 0 0 0 0 0 0 0 0 0 0 0 0 0 0 0 0 0 0 0 0 0 0 0 0 0 0 0 0 0 9 0 5 18 21 20 0 0 0 1 33 0 0 14 0 9 16 0 0 18 10 0 3 0 0 0 14 29 8 1 0 0 0 19 26 0 0 0 15 13 0 0 0 0 0 0 0 0 0 0 0 0 0 0 0 0 0 0 0 0 0 0 1 0 0 0 0 0 0 0 0 0 0 0 0 0 0 80 0 2 4 0 0 0 0 0 0 0 0 0 0 0 0 0 0 0 0 2 0 15 0 10 0 0 0 0 0 0 0 1 
 0 0 0 0 0 0 0 1 0 0 0 0 0 0 0 0 3 0 0 0 140 294 188 118 0 229 44 142 84 351 151 170 98 469 78 207 278 41 80 174 0 8 5 0 0 0 0 0 0 0 3 2 96 0 2 3 0 7 92 94 0 1 0 2 0 0 0 2 5 3 0 0 0 0 0 2 0 0 6 0 0 0 0 0 0 0 0 0 0 0 0 0 0 0 0 0 0 0 0 0 0 9 1 13 13 13 0 16 0 11 29 35 0 0 12 15 12 34 0 0 0 1 0 0 0 0 2 13 20 0 0 0 11 0 18 0 0 14 26 11 0 0 0 0 0 1 0 0 0 0 0 0 0 2 0 0 0 0 0 1 0 0 0 0 0 0 0 0 0 0 0 0 0 0 0 0 0 10 0 0 26 7 20 15 33 23 0 8 0 0 14 25 0 13 0 2 15 0 0 2 0 1 0 0 0 0 31 22 0 0 0 0 0 0 0 0 0 0 22 32 0 0 0 0 0 0 0 0 0 0 0 6 0 0 0 0 0 0 0 0 0 0 0 0 0 0 0 0 0 0 0 0 0 0 8 0 3 2 75 0 4 0 0 0 0 0 27 0 0 0 0 0 0 0 0 0 0 0 0 13 0 12 0 0 0 0 0 0 0 0 
 1 0 1 0 0 0 77 0 0 2 0 0 75 0 5 0 1 2 3 0 112 323 571 57 229 0 255 50 47 65 238 210 41 84 132 70 300 278 260 55 0 127 56 0 0 50 0 0 0 0 3 0 3 0 67 3 64 23 1 1 6 0 0 2 0 0 0 2 0 0 0 0 0 0 0 0 0 0 0 0 0 0 0 0 0 0 0 0 0 0 0 0 0 0 0 0 0 0 0 0 0 1 0 9 0 18 0 0 1 31 0 23 0 0 13 23 12 0 0 0 46 10 1 1 9 0 10 34 11 12 0 9 8 15 14 15 0 0 20 5 0 0 0 0 0 0 0 0 0 0 0 0 0 0 0 0 0 0 0 0 0 0 0 0 0 0 0 0 0 0 0 0 0 0 0 0 0 0 0 0 1 0 8 29 21 67 0 0 0 0 12 1 0 13 0 0 30 12 0 16 23 37 0 0 0 0 7 16 11 13 0 0 26 18 0 0 0 0 27 41 0 0 0 0 0 0 0 0 1 0 0 0 0 0 0 0 2 0 0 0 0 0 24 0 0 0 1 0 1 0 0 0 0 0 9 1 2 1 46 1 1 0 0 0 0 0 0 0 0 0 0 0 0 0 0 0 0 0 0 0 0 30 0 0 0 19 0 0 0 0 
 0 0 75 32 0 151 0 0 75 28 103 2 0 0 0 79 0 0 0 0 283 103 135 105 44 255 0 572 69 107 72 195 79 97 152 239 529 254 152 120 0 3 3 0 0 0 0 0 203 0 3 0 3 3 0 3 0 0 0 0 0 0 0 2 0 0 0 2 0 0 0 0 0 0 0 4 0 0 0 0 0 0 0 0 71 0 0 0 0 0 10 12 0 0 0 0 0 6 0 0 24 25 0 10 7 20 0 57 54 9 34 1 7 0 6 41 47 14 20 0 0 0 0 0 0 0 12 0 0 0 0 0 12 0 0 0 0 0 39 0 0 0 0 0 0 0 0 0 0 0 3 0 0 0 0 0 31 0 0 0 0 0 0 0 0 0 0 0 13 0 22 11 0 0 0 0 0 0 0 0 15 27 11 0 0 0 13 10 27 19 29 1 12 0 43 30 16 16 8 26 0 1 0 0 0 0 0 0 0 0 0 0 0 0 0 0 10 0 12 0 0 0 0 0 0 0 0 0 0 0 0 0 0 0 26 0 0 0 0 0 0 0 0 0 0 0 0 0 0 0 0 0 0 0 3 1 2 49 0 2 2 2 8 0 0 0 10 0 0 0 0 0 0 0 0 0 0 0 0 0 0 0 0 0 0 0 10 0 0 0 
 4 3 27 2 28 46 5 3 3 85 107 4 3 3 59 22 3 5 4 3 94 167 285 84 142 50 572 0 164 56 114 28 72 175 177 110 48 56 184 61 0 3 3 0 0 0 0 0 0 0 3 0 3 12 0 3 0 0 0 0 0 1 0 2 0 0 0 2 1 0 0 0 0 0 0 1 0 2 2 0 0 0 0 0 21 22 0 0 0 0 12 0 0 0 0 0 0 0 0 0 14 0 12 0 7 0 0 2 85 51 0 0 9 36 24 41 0 15 0 9 0 0 0 0 0 0 0 0 0 0 0 0 19 0 0 0 0 0 12 0 0 0 0 0 0 0 0 0 0 0 0 0 0 0 0 0 0 0 0 0 0 0 0 1 10 0 0 0 13 0 3 0 0 0 0 5 0 0 0 0 0 29 24 10 11 0 18 0 17 18 0 9 9 67 35 13 59 6 0 9 10 0 0 0 0 0 0 0 0 0 0 0 0 0 0 0 0 0 48 0 0 0 0 0 0 0 0 0 0 0 0 0 0 0 0 0 0 0 0 0 0 0 0 0 0 0 0 0 0 0 0 0 0 0 6 0 0 0 9 2 17 0 33 0 0 0 11 0 0 0 0 0 0 0 0 0 0 0 0 0 0 17 0 0 0 6 16 0 0 0 
 7 3 3 3 20 98 3 3 3 3 3 3 3 4 3 3 4 3 3 3 118 246 237 97 84 47 69 164 0 212 29 349 88 359 160 51 522 69 120 63 0 3 3 0 0 0 1 0 0 0 4 0 3 0 2 3 4 0 29 0 0 1 0 2 0 0 4 2 1 0 0 0 0 0 0 6 0 1 0 0 0 0 0 0 18 39 0 0 0 0 0 18 0 0 0 0 0 0 0 0 0 10 44 3 12 1 0 14 45 0 0 0 22 34 4 20 19 11 15 1 1 0 0 0 0 0 0 0 0 0 0 0 0 0 0 0 0 0 1 7 0 0 2 0 0 1 0 0 0 0 0 5 0 0 0 0 0 0 7 0 0 0 0 0 9 2 0 0 0 0 1 0 0 0 0 3 0 0 0 0 0 1 39 8 1 0 13 17 12 24 19 22 48 30 17 1 11 7 0 14 0 0 0 0 0 0 1 0 0 0 0 8 11 0 0 0 0 2 10 1 0 0 0 0 0 0 0 0 0 0 0 0 0 0 0 2 0 0 0 0 0 0 0 0 0 0 0 0 0 0 0 0 0 0 18 2 2 0 87 0 13 1 0 0 0 0 1 0 0 0 0 0 0 0 0 9 0 0 0 0 0 0 0 0 0 0 0 0 0 0 
 3 3 3 0 3 3 3 3 3 77 3 3 3 3 3 3 3 3 3 3 41 194 141 371 351 65 107 56 212 0 212 48 60 357 236 79 127 322 191 96 0 3 3 0 0 0 66 0 0 0 3 0 34 20 62 3 7 0 80 64 0 0 0 2 0 0 0 2 0 0 0 0 0 0 0 33 1 0 0 0 0 0 0 0 0 0 0 0 0 0 0 0 0 0 0 16 0 0 0 0 12 2 67 26 17 12 0 13 14 40 2 0 0 8 26 12 1 1 0 0 14 0 0 0 0 0 29 0 0 0 0 0 7 10 9 0 0 1 46 14 0 0 0 0 0 0 0 2 0 0 0 0 0 0 0 0 0 0 0 16 0 0 0 0 0 0 0 2 0 7 0 0 0 2 0 0 0 0 0 0 0 13 14 12 25 2 0 13 12 23 7 11 12 24 0 31 50 15 0 0 10 0 0 20 0 0 0 1 0 0 0 0 0 0 2 0 0 0 42 1 0 0 0 0 0 0 0 0 0 0 0 0 0 0 0 0 0 0 0 0 0 0 0 0 0 1 0 0 0 0 0 0 0 0 2 0 1 4 2 1 4 0 0 0 0 0 0 0 0 0 0 0 0 0 0 0 0 0 0 0 0 17 0 0 0 1 47 0 0 0 
 0 0 1 0 0 0 0 0 0 0 0 0 7 0 0 0 3 0 0 0 52 115 66 366 151 238 72 114 29 212 0 146 49 114 115 126 112 198 147 300 62 4 3 0 3 0 103 1 0 0 3 0 66 143 19 3 0 3 61 68 0 1 0 2 0 0 0 2 11 0 1 0 0 0 0 2 2 0 0 0 0 0 2 0 0 0 0 0 0 0 0 0 0 0 0 0 0 0 0 0 8 1 0 19 38 10 0 0 0 29 7 9 0 0 0 17 20 15 0 0 9 10 0 0 0 0 62 12 6 2 0 1 10 2 27 0 0 0 59 1 0 0 0 0 0 0 6 0 1 0 0 0 0 0 0 0 0 0 0 0 0 0 0 0 0 0 0 0 0 0 0 0 0 0 0 0 0 0 0 0 0 0 0 9 18 20 0 0 21 14 11 31 0 0 0 14 41 9 0 0 4 0 11 0 0 0 47 37 3 0 0 0 0 18 18 0 0 0 26 12 0 0 0 0 0 0 0 0 0 0 0 0 0 0 0 0 0 0 0 0 0 0 7 0 0 0 0 0 1 0 0 0 0 0 22 2 0 6 0 2 2 0 0 0 0 0 0 0 0 0 0 0 0 0 0 0 0 1 0 0 0 0 0 0 0 0 0 0 0 0 
 0 0 0 75 0 36 0 0 0 0 74 0 2 0 0 0 3 0 0 0 198 72 123 99 170 210 195 28 349 48 146 0 48 52 42 195 70 51 40 95 0 10 2 2 0 0 0 0 0 0 3 0 65 0 0 3 2 5 21 24 4 2 0 2 0 0 0 6 2 0 6 0 0 2 0 3 2 1 2 0 0 0 2 1 0 12 0 0 0 0 0 28 0 0 0 0 0 5 0 0 13 0 10 5 9 14 0 25 10 0 24 36 24 0 23 19 36 0 14 0 0 1 0 0 0 0 0 16 20 3 0 0 23 1 58 0 0 14 9 1 0 0 0 0 0 0 0 0 0 0 0 3 0 0 0 0 0 0 0 0 0 0 0 0 0 0 0 0 0 0 0 13 0 0 0 0 0 0 0 0 14 23 40 18 47 49 9 25 10 19 22 0 15 0 24 10 10 0 18 10 1 2 0 0 0 0 13 15 0 0 0 1 0 0 0 0 0 0 9 56 0 0 0 0 0 0 0 0 0 0 0 0 0 0 0 0 0 0 0 0 0 0 0 0 0 0 0 0 1 0 0 0 0 0 27 4 1 6 77 2 2 2 0 0 0 0 34 0 0 0 0 0 0 0 0 0 0 0 0 19 0 0 0 0 0 1 14 0 0 0 
 2 2 82 2 44 1 2 76 7 2 1 1 1 1 2 1 1 53 3 3 325 41 60 73 98 41 79 72 88 60 49 48 0 587 51 32 37 35 310 138 0 3 3 0 0 30 0 0 0 0 3 0 3 0 0 3 0 0 0 1 1 0 0 2 2 0 0 2 0 0 0 0 3 0 0 0 0 0 1 0 0 0 0 19 0 0 9 0 0 0 0 0 0 2 0 0 18 1 0 9 1 20 0 0 0 0 16 33 0 0 40 1 0 20 0 2 12 14 0 0 1 0 0 0 0 0 0 0 0 0 0 2 0 0 0 0 0 0 0 0 0 4 1 0 2 0 0 0 0 0 1 0 0 0 0 1 0 0 0 0 0 0 0 0 12 13 0 0 0 43 0 0 0 9 0 3 0 0 0 10 15 11 1 0 0 0 15 9 23 0 3 1 0 0 0 0 0 33 0 19 0 5 0 0 0 0 0 0 0 0 0 0 0 0 0 0 0 0 1 0 0 0 0 0 0 0 0 0 0 0 0 0 1 0 0 0 0 2 0 0 0 0 0 0 0 0 0 0 0 2 0 0 0 0 5 0 0 0 0 0 0 0 0 0 0 0 2 0 0 0 0 0 0 0 0 6 0 23 0 0 0 0 0 0 0 0 0 0 0 0 
 0 0 1 0 59 76 0 0 4 2 67 70 0 0 0 0 0 0 2 0 407 140 145 177 469 84 97 175 359 357 114 52 587 0 372 103 120 40 68 611 0 4 3 0 1 0 0 0 0 0 3 0 3 0 0 3 3 0 0 0 0 0 0 2 48 0 0 2 0 0 4 2 0 0 0 0 0 0 0 0 0 0 2 15 20 10 0 0 13 0 0 0 0 0 0 0 0 0 0 0 0 0 40 0 1 24 11 55 18 4 39 1 0 27 15 37 14 32 14 0 0 0 0 0 0 0 0 0 0 2 0 0 0 0 0 0 0 0 18 0 0 0 0 0 0 0 1 0 0 16 0 0 0 0 0 0 0 0 0 0 0 0 0 15 8 12 0 0 0 0 0 11 0 0 0 0 0 0 28 0 16 7 23 23 28 0 18 42 0 3 17 1 0 18 12 4 19 0 0 38 17 1 0 0 0 0 0 0 0 0 0 0 0 0 0 0 0 0 12 0 0 0 0 0 0 0 0 0 0 0 0 0 0 0 0 0 0 0 0 0 0 0 0 0 0 0 0 0 0 73 0 0 0 0 4 0 1 0 0 1 0 0 0 0 0 0 0 0 0 0 0 0 0 0 0 0 0 1 0 0 0 15 0 0 0 0 0 0 0 0 
 2 0 0 1 82 59 1 1 0 100 258 76 1 0 2 0 207 0 0 0 175 207 71 142 78 132 152 177 160 236 115 42 51 372 0 141 56 124 185 119 1 3 4 0 2 0 1 0 2 0 6 0 3 12 2 3 0 0 0 3 0 1 5 2 0 0 5 4 3 0 0 4 0 0 50 0 0 0 0 0 0 0 0 0 43 21 0 0 21 0 11 1 0 0 0 0 0 0 0 2 11 12 31 0 10 0 9 2 25 12 0 0 10 34 9 20 0 0 1 20 0 0 0 0 0 0 0 0 0 0 0 0 0 0 0 0 0 0 0 0 0 0 0 0 0 0 7 0 12 0 0 0 0 0 0 0 2 0 2 0 0 0 0 35 7 23 0 0 16 0 3 0 0 0 0 0 0 0 0 0 17 10 18 39 29 0 0 14 0 0 2 2 0 15 33 10 15 4 39 0 29 0 0 21 0 0 0 0 0 0 0 0 0 0 7 0 0 0 5 0 0 0 0 0 0 0 10 0 0 0 0 0 0 0 0 0 2 1 1 0 0 0 0 0 0 0 0 0 0 0 0 0 0 0 10 0 3 3 0 2 0 3 15 0 0 0 2 0 0 0 0 0 0 0 2 0 15 0 0 0 0 1 0 0 0 0 0 0 0 0 
 1 0 0 0 0 0 4 0 0 0 0 2 0 0 0 2 25 0 0 0 20 193 72 114 207 70 239 110 51 79 126 195 32 103 141 0 140 114 35 68 2 3 41 0 62 0 0 0 2 1 3 0 65 1 0 3 3 0 62 2 0 0 6 4 0 0 0 5 2 0 0 0 0 0 0 1 0 1 3 2 0 0 0 0 0 0 9 0 0 0 0 0 0 0 0 0 0 0 0 0 18 10 10 17 9 0 4 21 0 10 23 8 0 15 9 64 0 38 12 1 0 0 0 0 0 0 0 0 0 13 2 0 11 0 0 1 1 0 7 0 0 0 17 0 2 0 4 0 3 0 8 0 0 0 0 0 0 0 0 1 0 8 2 0 9 0 0 0 0 0 0 0 0 0 0 0 0 0 0 0 12 1 48 32 4 14 2 3 1 0 36 7 0 18 9 13 33 15 3 17 10 12 0 0 0 0 0 0 0 0 0 0 0 0 0 0 0 0 8 6 0 0 0 0 0 0 0 0 0 0 0 0 0 1 0 0 0 0 0 0 0 0 0 0 0 0 0 0 0 0 0 0 0 0 3 0 2 2 75 0 2 2 0 0 0 0 9 0 0 0 0 0 0 0 0 0 0 0 0 0 0 13 0 18 0 0 0 0 0 0 
 0 0 0 0 0 0 4 0 0 0 0 0 0 0 0 0 3 0 0 0 27 47 134 94 278 300 529 48 522 127 112 70 37 120 56 140 0 148 50 50 2 3 0 0 2 2 0 0 0 0 0 0 79 0 0 3 0 0 21 21 0 0 2 0 0 4 0 0 0 2 0 0 0 0 0 1 0 0 2 3 0 0 0 0 0 0 0 10 0 0 0 0 0 0 38 0 0 0 0 0 35 0 3 0 8 45 1 30 21 0 22 3 0 0 35 19 0 34 0 0 33 0 0 0 0 8 3 0 0 2 0 0 10 0 24 0 0 17 0 0 0 0 0 0 0 0 0 0 0 0 0 0 0 0 0 0 1 0 0 0 0 0 0 1 0 0 0 0 0 0 3 0 0 0 0 6 0 0 0 0 9 13 4 0 0 0 18 0 12 18 17 9 18 29 12 19 7 0 0 34 0 0 0 0 0 0 0 0 0 0 0 0 0 0 0 0 0 0 12 1 0 0 0 1 0 0 0 0 0 0 0 0 0 0 0 0 0 0 0 0 0 0 0 0 0 0 0 0 0 0 0 0 0 11 8 2 0 19 0 3 16 1 0 0 0 0 21 0 0 0 0 0 0 0 0 0 0 0 0 27 0 10 0 0 0 9 14 0 0 0 
 75 0 0 2 0 0 0 0 0 0 0 0 0 0 2 0 4 0 0 2 22 295 329 107 41 278 254 56 69 322 198 51 35 40 124 114 148 0 237 47 0 3 3 0 0 0 62 0 0 0 3 0 95 23 63 3 9 0 63 126 0 0 1 2 0 0 0 2 0 0 0 0 0 0 0 0 0 0 2 0 0 0 0 0 0 0 0 0 0 0 0 0 0 0 8 0 0 0 0 0 35 11 0 31 19 4 1 0 0 1 19 5 0 13 12 9 0 0 0 14 30 0 0 0 0 0 49 21 0 0 0 0 19 11 2 0 0 8 25 20 8 0 0 0 44 0 0 17 6 0 0 0 0 0 0 0 0 0 0 0 0 0 0 0 0 0 0 1 0 0 0 0 0 0 0 0 0 0 0 0 0 13 0 0 11 15 0 2 10 21 18 8 0 0 12 20 20 0 0 0 0 0 0 11 0 0 28 0 0 0 0 0 21 0 1 0 32 0 34 2 0 0 0 0 0 0 0 0 0 0 0 0 0 0 0 0 0 0 0 0 0 0 0 0 0 1 0 0 0 0 0 0 0 0 13 0 3 81 75 2 1 0 0 0 0 0 11 0 0 0 0 0 0 0 0 0 0 0 0 0 0 0 0 0 0 10 12 0 0 0 
 2 0 78 74 73 1 0 0 0 0 298 75 0 0 0 0 22 0 0 0 436 124 50 106 80 260 152 184 120 191 147 40 310 68 185 35 50 237 0 174 7 3 3 0 0 0 0 0 0 65 3 0 3 5 0 3 0 1 0 0 0 0 0 2 0 0 0 2 0 0 33 0 0 0 0 49 0 0 0 0 0 1 0 13 27 10 0 0 0 0 24 19 0 0 0 0 0 0 0 0 12 15 43 3 0 0 23 36 14 14 0 15 17 26 20 0 0 0 17 18 0 0 0 0 0 0 0 0 0 0 0 0 1 0 0 0 0 0 0 0 0 0 0 0 0 0 0 0 0 0 0 1 0 0 0 0 0 0 0 0 0 0 0 3 0 1 2 0 18 0 3 14 0 0 0 0 0 18 3 0 13 15 11 10 10 0 34 0 41 21 19 0 22 15 8 10 0 20 38 34 0 0 0 0 0 0 0 0 0 0 0 0 0 0 0 0 0 0 0 0 0 0 0 0 0 0 0 0 0 0 0 0 0 0 2 0 0 0 0 0 0 0 0 0 0 0 0 0 0 0 0 0 0 0 8 1 2 0 0 0 0 0 10 0 0 0 1 0 0 0 0 0 0 0 0 0 35 0 0 0 0 0 0 0 0 0 15 0 0 0 
 0 0 0 3 1 77 0 0 74 0 73 98 0 76 0 0 75 0 0 1 174 121 56 70 174 55 120 61 63 96 300 95 138 611 119 68 50 47 174 0 2 4 3 0 0 0 101 0 0 0 4 0 4 0 0 3 0 0 0 0 0 0 0 2 0 0 0 2 0 0 0 3 0 0 0 0 0 0 0 0 0 0 0 17 9 12 0 0 19 0 14 0 0 0 0 0 0 1 0 0 18 0 0 11 11 0 3 45 12 0 25 0 30 23 49 24 15 30 5 14 2 0 0 0 2 0 0 0 0 0 0 0 0 0 0 0 0 0 0 0 0 0 0 0 0 0 0 0 0 0 0 3 0 0 0 1 0 0 8 8 0 0 0 0 0 0 0 0 0 0 1 1 0 0 0 0 0 0 0 0 66 9 4 0 0 0 23 27 0 11 28 16 16 14 2 20 0 0 0 73 0 0 1 0 0 0 0 0 0 0 0 0 0 0 0 0 0 0 0 7 0 0 0 0 0 1 0 0 0 0 0 0 0 0 0 0 0 0 0 0 0 0 0 0 0 2 0 0 0 35 0 0 1 0 6 0 2 0 2 2 2 13 0 0 0 0 0 0 0 0 0 0 0 0 0 0 0 0 0 0 0 10 0 0 0 0 0 0 0 0 
 3 3 3 0 6 3 3 3 3 3 3 3 3 69 3 3 3 3 3 3 5 0 2 127 0 0 0 0 0 0 62 0 0 0 1 2 2 0 7 2 0 455 152 47 42 35 364 361 113 170 54 101 64 178 516 372 25 41 40 38 0 0 0 0 0 0 0 0 0 0 2 2 0 0 0 0 2 0 0 0 0 0 0 0 0 0 0 0 0 0 0 0 0 0 0 20 0 16 0 0 5 0 0 0 0 45 2 0 5 4 0 13 0 0 0 0 0 0 0 15 0 0 22 12 0 7 6 16 0 0 31 7 29 0 0 18 26 19 0 0 0 0 0 0 0 4 0 0 0 0 0 0 8 0 0 0 16 0 0 0 0 0 0 0 0 0 0 0 0 0 10 0 0 0 0 0 0 0 0 0 0 5 2 0 15 6 9 0 8 0 0 0 0 4 0 0 0 8 0 0 0 13 14 0 0 0 14 21 74 27 16 0 12 20 34 9 0 30 0 0 0 0 0 0 0 0 0 0 0 0 0 0 12 0 0 0 0 0 0 0 0 0 0 0 0 0 0 0 0 26 0 0 0 1 0 0 0 0 0 0 0 0 1 0 0 1 0 0 2 0 0 0 0 0 0 0 0 0 0 0 0 6 0 0 0 0 0 6 1 0 
 4 0 0 0 3 0 0 65 0 0 0 0 0 0 0 0 0 0 0 0 6 3 3 3 8 127 3 3 3 3 4 10 3 4 3 3 3 3 3 4 455 0 369 77 38 23 191 316 104 63 117 85 54 120 101 126 62 91 144 48 7 0 0 0 50 0 0 2 0 49 0 0 0 0 0 0 2 2 0 0 0 0 6 0 0 0 0 0 0 0 0 0 0 0 0 0 0 0 0 0 0 0 0 0 0 8 0 0 0 0 0 11 0 0 0 0 0 0 0 0 0 46 18 10 0 0 0 7 17 43 12 20 15 7 2 51 26 22 10 7 0 0 0 0 0 7 0 0 0 12 0 0 0 0 0 0 0 0 0 0 0 0 0 0 0 0 0 0 0 0 0 0 0 0 0 0 0 0 0 0 0 0 0 0 3 1 0 0 0 0 0 0 0 0 0 0 0 0 0 0 21 11 29 0 0 0 18 13 23 15 11 0 36 13 17 19 0 1 0 13 0 0 0 0 0 0 0 0 0 0 0 0 0 0 0 0 0 0 0 0 0 0 2 0 0 0 0 0 0 0 0 7 0 2 0 0 0 0 0 0 1 0 2 1 2 2 1 0 0 0 0 0 0 0 0 0 0 0 0 0 0 0 0 0 23 10 0 0 2 0 
 0 0 2 0 0 2 0 0 0 0 0 7 0 0 0 2 4 0 0 0 7 3 3 3 5 56 3 3 3 3 3 2 3 3 4 41 0 3 3 3 152 369 0 106 65 36 67 135 211 68 325 252 49 77 435 128 67 358 129 46 6 0 0 0 0 0 0 51 0 0 0 0 0 0 0 0 0 0 0 0 0 5 4 5 0 0 0 0 0 0 0 5 1 16 5 4 6 2 0 0 0 0 0 0 0 84 0 0 0 0 0 0 0 0 0 0 0 0 1 0 0 21 31 27 10 9 21 23 14 20 9 17 0 0 12 30 28 23 0 28 0 0 0 0 0 7 0 0 0 0 0 0 19 12 0 0 10 0 0 0 0 10 0 4 0 0 0 0 0 0 7 0 0 0 7 1 6 0 0 0 0 0 0 0 0 0 0 0 0 0 0 0 7 0 0 0 0 0 0 0 11 17 61 11 0 0 11 12 39 9 10 0 21 0 2 22 10 1 0 21 6 0 0 0 0 0 0 0 0 0 0 0 0 0 1 0 0 0 0 0 0 0 11 0 0 0 3 0 0 0 0 2 0 1 0 0 0 0 0 0 0 0 2 1 0 2 0 0 0 0 0 0 0 0 0 0 0 0 0 0 0 0 0 0 21 7 0 0 1 0 
 2 0 0 0 0 0 0 0 0 0 0 0 0 0 0 0 0 0 0 0 3 0 0 0 0 0 0 0 0 0 0 2 0 0 0 0 0 0 0 0 47 77 106 0 180 187 315 84 161 306 440 51 75 74 73 98 141 136 138 131 25 1 0 0 0 0 0 0 0 0 0 0 31 0 0 0 0 0 109 0 0 0 0 0 0 0 0 0 0 0 0 0 0 0 0 0 0 0 0 0 0 0 0 0 0 0 0 0 0 0 0 0 4 0 0 0 0 0 8 0 9 8 0 3 28 18 0 20 8 20 0 19 0 0 10 0 0 1 0 0 1 24 0 0 0 0 4 4 0 0 0 0 14 1 47 0 6 0 9 4 0 0 0 0 0 0 0 0 0 0 0 0 0 0 0 16 0 0 0 0 0 0 0 0 0 0 0 0 0 0 0 0 0 0 0 0 0 0 0 0 0 0 1 16 40 6 0 3 22 22 0 22 0 9 0 0 5 16 0 7 0 5 0 0 0 0 3 8 0 0 0 0 0 4 52 39 0 11 0 7 0 0 0 0 0 0 0 0 0 0 0 5 0 0 0 0 0 0 0 1 0 0 0 8 67 0 0 65 0 0 0 0 0 0 0 0 0 0 0 0 0 0 0 0 11 0 0 0 2 0 
 3 3 3 2 3 8 3 3 3 3 3 3 3 3 3 3 68 7 3 3 0 0 3 0 0 0 0 0 0 0 3 0 0 1 2 62 2 0 0 0 42 38 65 180 0 180 250 103 97 140 228 275 78 289 68 287 128 91 57 76 52 45 0 0 0 0 0 0 2 0 0 0 2 52 50 0 0 0 51 48 0 0 0 0 0 0 0 0 0 0 0 0 0 0 0 0 0 0 0 0 0 0 0 0 0 0 0 0 0 0 0 0 0 0 0 0 0 0 0 0 4 0 0 0 7 0 0 19 0 0 19 0 0 0 3 0 15 3 0 0 0 24 5 0 0 6 10 5 0 0 7 0 10 0 2 0 0 0 32 4 0 0 0 0 1 0 0 0 0 0 0 0 0 0 0 0 0 4 0 0 0 6 0 0 0 0 0 0 0 0 0 0 0 0 0 0 0 0 0 0 1 0 4 12 48 0 0 0 3 20 19 0 0 22 0 0 1 21 0 0 0 16 9 0 0 0 23 14 0 0 0 0 17 9 0 0 0 55 11 13 0 0 0 0 0 0 0 0 0 0 0 9 0 0 0 0 0 0 0 1 0 27 64 64 64 2 3 65 0 0 8 0 0 0 0 0 0 0 0 0 0 5 0 0 0 0 0 0 1 0 
 0 0 0 0 0 0 0 0 0 0 0 0 0 0 0 62 2 0 0 0 0 0 0 1 0 50 0 0 0 0 0 0 30 0 0 0 2 0 0 0 35 23 36 187 180 0 52 51 55 124 117 121 241 49 56 282 205 63 68 59 52 1 20 51 0 0 48 0 0 0 0 0 0 52 58 0 59 0 1 51 0 0 0 0 0 0 0 0 0 0 0 0 0 0 0 0 0 0 0 0 0 0 0 0 0 0 0 0 0 0 0 0 0 0 0 0 0 0 0 0 38 0 0 0 0 0 0 12 0 1 9 12 0 0 14 0 0 0 0 0 0 17 0 0 0 0 19 0 11 20 26 0 24 0 4 24 0 0 30 29 0 0 0 0 0 0 0 0 0 0 0 0 0 0 0 0 0 2 0 0 0 0 0 0 0 0 0 0 0 0 0 0 0 0 0 0 0 0 0 0 0 1 0 12 43 9 0 0 1 24 11 0 0 11 0 0 1 10 0 0 10 41 20 0 9 0 9 2 11 6 0 0 2 7 7 0 0 13 28 2 0 0 0 0 0 0 0 0 0 0 0 4 0 0 0 0 0 0 0 0 0 0 65 82 0 1 0 1 4 4 10 0 0 0 0 0 0 0 0 0 0 0 0 0 0 0 1 0 1 0 
 7 3 1 9 2 3 4 7 2 3 1 2 8 9 64 1 3 7 2 1 11 0 0 46 0 0 0 0 1 66 103 0 0 0 1 0 0 62 0 101 364 191 67 315 250 52 0 290 354 154 473 251 426 129 46 106 314 42 49 53 0 0 0 0 0 0 0 0 0 3 0 0 0 0 0 2 0 0 0 0 7 4 3 5 0 6 0 6 6 0 0 4 0 10 4 3 0 0 3 0 0 0 0 0 22 36 0 0 0 7 1 9 0 0 0 0 8 0 0 0 11 0 15 2 3 0 24 1 0 10 20 0 10 0 18 0 1 0 2 1 0 0 0 0 0 0 0 0 0 0 0 0 0 0 0 0 4 0 0 0 0 10 5 2 0 22 0 5 0 0 0 3 0 0 17 9 0 0 9 0 0 0 0 0 16 1 0 0 1 0 0 0 0 0 0 0 0 0 3 0 8 12 3 11 0 0 0 32 8 8 18 0 10 24 48 10 0 25 14 0 0 0 0 0 0 0 0 0 0 0 0 0 10 0 0 0 0 0 0 11 0 6 1 0 0 0 2 0 0 17 0 13 0 2 0 0 0 62 0 2 0 0 0 0 0 2 0 0 0 0 0 0 0 0 0 0 0 0 0 0 0 0 0 0 0 0 0 7 2 0 
 3 3 3 0 3 3 3 3 5 3 3 3 3 3 66 3 3 3 3 3 2 0 0 62 0 0 0 0 0 0 1 0 0 0 0 0 0 0 0 0 361 316 135 84 103 51 290 0 224 394 313 112 97 134 139 163 321 54 138 61 4 0 0 0 0 0 3 0 0 0 3 0 6 0 0 0 3 0 0 3 0 0 0 0 0 0 0 0 0 0 0 0 0 0 0 0 0 0 0 0 0 0 0 0 0 22 0 0 0 0 0 2 0 0 0 0 2 0 0 0 0 12 22 0 0 2 1 27 12 39 9 30 0 0 0 15 10 14 0 0 0 0 10 0 0 9 0 0 0 0 0 0 0 15 0 0 2 0 0 0 0 0 0 0 0 0 0 0 0 0 0 0 0 0 0 0 0 0 0 0 0 0 0 0 3 7 0 0 0 0 0 0 0 0 0 0 0 0 0 0 10 24 13 1 0 0 8 40 35 11 9 0 23 24 20 52 0 19 0 0 0 0 0 0 0 0 0 0 0 0 0 0 20 0 0 0 0 0 0 1 0 0 0 0 0 0 0 0 0 0 0 10 0 0 0 0 0 0 0 0 0 0 0 1 0 0 2 0 1 0 0 0 0 0 0 0 0 0 0 0 0 0 0 0 0 2 0 22 2 0 
 53 2 9 3 3 2 6 3 3 2 3 3 3 3 3 3 2 2 3 3 0 0 3 0 0 0 203 0 0 0 0 0 0 0 2 2 0 0 0 0 113 104 211 161 97 55 354 224 0 401 67 36 101 153 106 354 274 46 68 80 0 0 1 0 0 0 0 0 0 6 0 0 0 0 0 0 0 7 0 0 0 0 0 0 0 0 0 0 0 0 0 0 0 0 0 0 0 0 0 0 0 0 0 0 0 9 0 0 0 0 0 0 0 0 0 0 0 0 0 0 0 23 21 0 0 15 19 74 28 43 19 20 1 15 9 16 8 13 0 20 1 0 0 0 0 3 0 1 0 0 0 0 8 4 0 0 0 0 0 16 0 0 0 0 0 0 0 0 0 0 0 0 0 0 0 0 0 0 0 0 0 0 0 0 0 0 0 0 0 0 0 0 0 0 0 0 0 0 0 0 23 0 30 20 0 9 0 0 30 8 1 12 8 0 34 40 11 14 0 3 0 0 1 0 0 0 12 0 0 0 0 0 28 10 0 11 0 0 15 0 0 0 0 0 0 0 0 0 0 0 0 11 0 0 0 0 0 0 0 1 0 0 0 69 0 1 0 0 2 0 0 0 2 0 0 0 0 0 0 0 0 0 9 0 33 8 2 8 2 0 
 3 0 0 0 3 0 0 0 0 0 0 0 60 0 0 0 0 0 0 0 2 0 0 0 0 0 0 0 0 0 0 0 0 0 0 1 0 0 65 0 170 63 68 306 140 124 154 394 401 0 130 97 60 106 133 157 116 125 63 67 0 0 0 0 0 0 0 0 0 0 0 0 0 0 0 0 0 0 0 0 0 0 0 0 0 0 0 15 0 0 0 0 0 0 0 0 0 0 0 0 0 0 0 0 0 0 0 0 0 0 0 3 0 0 0 0 0 0 0 0 34 0 19 1 3 25 0 11 0 25 56 4 1 0 10 10 9 0 0 0 13 4 0 0 0 0 0 0 0 0 0 0 7 0 0 0 5 0 27 0 7 0 0 0 0 0 0 0 0 0 0 0 0 0 0 0 0 4 0 7 0 0 0 0 0 0 0 0 0 0 0 0 0 0 0 0 0 0 0 0 9 4 12 35 0 1 0 11 10 36 27 7 0 42 10 13 44 62 0 0 0 0 0 0 0 0 17 0 0 0 0 0 7 12 0 7 0 0 0 23 0 0 0 0 0 0 0 0 0 0 0 0 0 0 0 0 0 0 0 13 1 0 2 3 2 7 2 64 0 0 0 0 0 0 0 0 0 0 0 0 0 0 0 0 2 15 2 8 1 0 
 2 0 0 3 0 0 0 0 0 0 0 0 0 0 0 0 0 3 0 0 8 3 3 3 3 3 3 3 4 3 3 3 3 3 6 3 0 3 3 4 54 117 325 440 228 117 473 313 67 130 0 195 52 57 91 131 403 95 40 60 57 1 0 0 0 0 0 0 0 5 0 0 22 4 0 0 0 0 85 0 0 0 0 0 0 0 0 0 0 0 0 0 0 0 0 0 0 0 0 0 0 0 0 0 0 1 0 0 0 0 0 0 0 0 0 0 0 0 0 0 19 24 54 7 27 29 0 36 23 13 7 22 1 22 0 1 0 0 0 0 0 0 0 0 0 0 1 0 0 0 0 0 0 0 13 0 0 0 0 4 0 0 0 0 3 0 0 0 0 0 0 0 0 0 0 0 0 0 0 0 0 0 0 0 0 0 0 0 0 0 0 0 0 0 6 0 0 0 0 0 22 8 8 19 27 14 0 1 23 1 18 62 0 5 7 31 14 0 0 0 0 0 0 0 0 0 7 20 0 0 0 0 0 8 7 0 0 0 13 10 0 0 0 0 0 0 0 0 0 0 0 3 0 0 0 0 0 0 0 6 0 14 0 64 33 2 4 0 0 0 0 0 0 0 0 0 0 0 0 0 0 2 8 0 9 0 0 0 2 0 
 2 2 2 3 2 2 2 2 2 5 2 2 2 3 2 2 5 2 64 2 2 1 2 0 2 0 0 0 0 0 0 0 0 0 0 0 0 0 0 0 101 85 252 51 275 121 251 112 36 97 195 0 38 17 57 39 68 74 48 62 24 0 0 0 2 0 0 1 0 0 0 3 0 52 0 0 1 0 51 0 0 0 0 0 0 0 0 2 0 0 0 0 0 0 0 0 0 0 0 0 0 0 0 0 0 0 0 0 0 0 0 0 0 0 0 0 0 0 0 0 23 0 29 10 0 0 0 0 0 0 41 0 0 0 0 5 3 3 9 0 0 32 0 9 0 0 14 0 3 0 7 0 8 0 1 0 27 0 13 13 0 0 10 0 0 0 0 0 0 0 0 0 0 0 6 0 0 0 0 0 0 0 0 0 0 0 0 0 0 0 0 0 0 25 0 0 0 0 0 0 0 1 4 10 41 0 0 10 0 14 12 8 7 7 17 3 1 4 0 0 0 13 9 0 3 0 0 9 8 0 0 0 17 7 0 11 0 12 20 33 0 0 0 0 0 0 0 0 0 0 0 9 0 0 0 0 0 0 0 16 0 27 1 0 63 2 0 79 0 0 0 0 0 0 0 0 0 0 0 0 0 0 16 0 5 0 0 0 1 0 
 0 3 0 0 0 0 64 0 0 0 3 0 0 0 13 0 0 0 0 3 3 7 65 127 96 3 3 3 3 34 66 65 3 3 3 65 79 95 3 4 64 54 49 75 78 241 426 97 101 60 52 38 0 138 107 254 78 49 299 321 0 0 0 0 0 2 0 0 5 0 0 0 0 0 0 0 0 0 9 0 0 0 0 0 0 0 6 0 0 3 0 0 0 0 0 0 0 0 2 0 0 20 0 9 27 7 0 0 0 0 9 22 0 0 0 0 0 17 0 0 1 0 0 0 0 0 10 11 0 0 0 0 10 11 7 0 0 14 21 31 0 0 0 16 7 0 0 7 3 0 0 0 0 0 0 0 0 0 0 0 0 0 0 0 0 0 3 0 0 56 0 0 0 22 0 1 0 14 0 5 0 0 0 9 17 11 0 0 1 0 10 14 0 0 0 1 7 1 0 0 0 0 0 0 0 4 29 7 0 0 0 0 0 0 2 16 9 0 0 7 0 0 0 0 0 0 0 0 0 0 0 0 0 0 0 0 0 0 0 0 0 0 0 0 0 0 0 0 0 0 0 9 0 0 0 0 0 54 0 1 0 0 0 0 0 0 2 0 0 23 0 0 0 0 0 1 0 0 0 4 0 0 0 0 0 0 0 0 0 0 
 0 0 1 3 0 1 0 1 0 9 14 0 7 0 0 6 0 0 0 0 1 0 0 84 0 0 3 12 0 20 143 0 0 0 12 1 0 23 5 0 178 120 77 74 289 49 129 134 153 106 57 17 138 0 269 41 36 50 75 138 0 0 2 0 0 0 3 2 1 0 0 0 0 2 0 0 0 6 0 0 0 0 0 0 3 0 0 0 0 0 6 0 0 0 0 0 0 0 0 0 0 0 0 0 4 0 0 0 1 12 7 9 8 0 0 0 15 0 0 5 0 0 7 15 1 9 38 11 0 15 8 0 0 14 18 27 88 0 10 35 0 0 0 0 0 11 0 0 0 0 0 0 25 12 0 0 10 0 0 0 0 0 0 0 0 0 0 0 4 0 0 0 14 0 0 0 0 0 0 0 0 6 0 0 36 1 0 0 1 0 0 8 0 1 10 0 0 0 0 0 0 7 17 11 0 0 7 25 84 1 10 0 0 18 10 13 10 1 14 9 0 0 0 0 0 0 0 0 0 21 0 0 0 0 1 0 0 0 0 0 0 0 1 0 0 0 0 0 0 0 0 2 0 2 0 0 0 64 0 2 0 0 16 0 1 0 0 0 0 0 0 0 0 0 0 0 0 0 0 0 0 0 0 0 67 0 0 0 0 16 
 0 62 0 0 0 0 0 0 0 0 0 0 0 0 0 0 0 0 0 0 133 0 0 20 2 67 0 0 2 62 19 0 0 0 2 0 0 63 0 0 516 101 435 73 68 56 46 139 106 133 91 57 107 269 0 110 105 123 76 120 8 0 0 0 0 0 28 0 0 5 6 1 0 2 0 0 0 0 0 3 0 0 0 0 0 0 0 0 0 0 0 0 0 0 0 0 0 0 0 0 0 0 0 0 10 52 0 0 0 0 0 0 0 0 0 0 0 0 0 0 13 13 21 22 4 8 9 10 15 0 9 0 10 14 0 28 20 0 0 26 5 0 0 0 10 6 0 0 0 0 0 7 6 37 0 2 8 4 0 0 0 0 0 0 0 0 0 0 0 0 0 0 0 0 0 0 0 0 0 0 0 0 0 0 10 0 0 0 0 0 0 0 0 0 0 6 0 0 0 0 9 16 11 10 0 0 0 0 36 7 26 0 18 1 10 23 10 1 0 18 8 0 0 2 0 7 0 3 2 4 0 0 0 6 0 5 0 10 0 0 0 0 13 0 0 0 0 0 0 0 0 1 0 0 0 0 0 0 0 0 0 0 1 0 0 4 2 0 0 0 0 0 0 0 0 0 0 0 0 0 0 0 0 0 14 20 0 0 2 0 
 5 2 2 2 2 2 2 2 2 5 2 2 2 2 2 2 4 2 2 2 6 3 5 3 3 3 3 3 3 3 3 3 3 3 3 3 3 3 3 3 372 126 128 98 287 282 106 163 354 157 131 39 254 41 110 0 171 31 45 61 0 0 0 0 0 5 0 0 0 7 0 0 25 0 0 0 0 0 17 0 0 0 0 0 0 0 0 0 0 0 0 0 7 0 0 0 0 0 0 0 0 0 0 0 0 9 0 0 0 0 0 0 0 0 0 0 0 0 0 0 2 0 38 9 18 25 10 10 14 0 28 1 10 0 0 7 35 16 0 0 11 0 0 0 0 0 0 0 0 0 0 0 7 0 0 0 0 0 0 0 0 0 0 0 0 0 0 0 0 0 0 7 0 0 0 0 0 0 0 0 0 0 0 0 0 0 0 13 0 0 0 0 0 0 0 0 0 0 0 0 14 0 21 18 9 9 4 30 23 0 0 28 13 0 40 30 20 59 0 0 0 0 0 0 0 0 15 14 0 0 0 0 20 9 9 7 0 0 15 0 0 0 0 0 0 0 0 0 0 0 0 8 0 0 0 0 0 0 0 1 0 0 0 0 0 1 0 0 0 0 0 0 0 0 0 0 0 0 0 0 0 0 0 0 0 8 2 8 2 0 
 3 0 0 2 0 0 0 0 0 0 0 0 0 0 0 0 0 0 0 0 4 6 3 0 0 64 0 0 4 7 0 2 0 3 0 3 0 9 0 0 25 62 67 141 128 205 314 321 274 116 403 68 78 36 105 171 0 208 39 60 0 0 0 2 0 0 0 0 0 6 0 0 49 0 14 0 0 0 50 0 0 0 0 0 0 0 0 0 0 0 0 20 0 0 0 0 0 0 0 0 0 0 5 46 8 9 0 0 0 0 1 0 0 5 1 1 1 0 0 0 13 11 0 10 0 32 0 0 0 8 30 9 12 6 11 2 30 16 0 2 3 0 0 0 0 0 0 0 0 0 0 0 11 0 8 0 0 0 14 0 0 0 0 0 0 0 0 0 0 0 0 0 0 0 0 0 0 17 0 0 0 12 0 0 0 0 0 4 0 6 0 9 0 0 0 2 1 0 0 0 7 4 0 44 13 18 0 1 0 84 40 12 15 33 0 0 28 15 2 0 0 0 0 0 0 0 36 7 0 0 0 0 9 10 2 11 0 0 14 1 0 0 0 0 0 0 0 0 0 0 0 6 0 12 0 0 0 0 2 1 0 0 3 2 0 17 1 0 0 0 0 11 0 0 0 0 0 0 0 0 0 0 0 0 0 0 0 0 1 0 
 0 0 0 0 2 0 0 0 6 0 0 0 0 0 0 0 2 0 0 0 5 0 0 0 7 23 0 0 0 0 3 5 0 0 0 0 0 0 1 0 41 91 358 136 91 63 42 54 46 125 95 74 49 50 123 31 208 0 93 44 98 2 2 2 1 0 0 0 208 0 0 0 16 0 52 2 0 0 4 0 0 0 0 0 0 0 0 0 0 0 1 0 0 0 0 0 0 0 0 0 0 0 0 0 0 18 0 0 0 0 0 9 0 0 0 0 0 0 0 0 23 7 3 2 15 6 2 34 22 0 9 58 4 0 19 28 1 0 6 3 0 0 0 0 0 0 0 0 0 0 0 0 5 11 4 0 1 0 10 0 0 0 0 0 0 0 0 0 0 0 0 0 0 0 0 0 0 3 0 0 0 0 0 2 4 0 0 0 0 0 0 0 0 0 0 0 0 0 0 0 1 7 0 30 11 9 6 0 2 9 33 1 14 31 0 1 18 18 0 21 0 5 0 0 0 21 9 8 0 19 0 0 2 8 16 0 0 0 11 0 0 0 15 0 0 0 0 0 0 0 0 2 0 2 0 0 0 0 0 2 0 1 67 67 0 3 0 1 2 0 8 0 0 0 1 0 0 0 0 0 0 0 0 0 10 22 0 1 2 0 
 0 0 0 0 0 0 0 0 0 0 0 0 0 0 0 0 0 0 0 0 0 62 0 93 92 1 0 0 29 80 61 21 0 0 0 62 21 63 0 0 40 144 129 138 57 68 49 138 68 63 40 48 299 75 76 45 39 93 0 169 0 0 0 0 0 0 14 0 4 0 0 0 0 0 0 0 2 0 0 0 0 0 0 0 9 0 0 0 0 0 0 0 0 0 0 0 0 0 0 0 0 18 0 3 0 20 0 0 0 6 11 20 0 0 0 0 6 16 0 0 0 9 19 0 0 0 20 23 25 22 0 20 9 1 20 0 0 15 8 10 0 0 0 14 5 0 21 0 22 0 0 0 0 0 0 0 0 0 0 11 0 0 0 28 0 0 0 0 0 0 0 0 39 0 0 0 0 0 0 0 0 0 0 13 9 41 0 0 0 0 23 12 0 0 1 0 0 0 0 0 17 0 35 2 0 0 21 2 21 1 0 0 0 19 1 24 15 0 15 5 0 0 0 0 0 0 0 0 0 0 0 0 0 0 0 0 0 0 0 0 0 0 0 0 0 0 0 0 0 0 0 2 0 0 0 0 0 123 0 0 0 0 0 64 0 0 1 0 0 0 0 0 0 0 0 0 0 0 0 25 0 0 0 0 0 0 0 0 2 0 
 0 0 0 6 0 0 9 0 0 0 0 0 0 0 0 64 0 0 0 0 0 1 0 33 94 1 0 0 0 64 68 24 1 0 3 2 21 126 0 0 38 48 46 131 76 59 53 61 80 67 60 62 321 138 120 61 60 44 169 0 0 0 7 1 0 0 0 0 11 2 2 2 0 63 0 0 0 0 0 0 1 0 0 0 0 0 0 0 0 0 0 0 0 0 0 0 0 0 0 0 0 19 0 1 48 28 0 0 0 17 10 34 0 0 0 0 7 14 0 0 0 22 0 0 0 0 15 20 15 20 0 0 13 28 86 0 0 18 27 34 3 0 0 1 22 4 0 6 0 0 0 0 0 4 0 9 0 2 0 0 0 0 0 0 0 0 0 0 0 0 0 0 0 0 0 0 0 0 0 0 0 0 0 12 10 44 0 19 0 0 0 18 0 0 0 0 19 18 0 0 0 15 0 0 0 0 22 3 0 0 0 0 8 54 18 0 14 0 21 5 0 0 0 0 0 54 0 7 3 0 2 14 0 0 0 2 9 0 0 0 0 0 0 0 0 0 0 0 0 0 2 11 0 0 0 0 0 128 0 0 0 0 0 0 0 4 0 0 0 0 4 0 0 0 0 1 0 0 0 25 0 0 0 0 0 0 0 0 1 0 
 0 0 0 0 0 0 0 0 0 0 0 0 2 0 0 0 0 0 0 0 0 0 0 44 0 6 0 0 0 0 0 4 1 0 0 0 0 0 0 0 0 7 6 25 52 52 0 4 0 0 57 24 0 0 8 0 0 98 0 0 0 126 80 46 251 42 135 60 96 23 238 277 43 77 58 94 33 31 115 128 0 15 0 0 0 0 0 0 0 0 0 0 0 0 0 0 0 0 0 0 0 0 0 0 0 4 0 0 0 0 17 6 0 0 0 0 0 0 0 0 1 13 10 13 30 0 0 5 9 0 0 16 0 2 0 5 0 0 0 24 0 14 3 0 0 0 14 0 1 0 0 0 5 7 25 0 32 0 1 0 0 0 0 0 0 0 0 0 0 0 0 0 0 0 6 0 0 0 0 0 23 0 0 0 0 0 0 0 0 0 0 0 0 0 0 0 0 0 0 0 1 10 0 0 35 14 0 0 6 9 0 25 10 0 0 1 0 0 0 7 9 45 8 7 0 0 1 0 7 1 0 0 19 18 10 10 0 0 52 11 0 0 6 0 0 0 0 0 0 0 0 0 0 0 7 0 0 0 0 14 0 0 53 0 50 1 0 0 0 0 14 0 0 3 0 2 0 0 0 0 0 0 0 0 9 36 0 0 0 0 
