 0 80 213 93 124 46 113 127 496 365 33 115 56 45 57 86 101 30 58 356 3 3 0 7 1 70 1 8 2 0 0 5 0 0 0 0 0 81 0 2 1 3 0 8 10 0 0 34 3 0 0 0 36 2 5 0 1 5 0 0 0 38 3 6 1 3 1 5 7 34 2 0 1 0 0 0 4 0 0 3 12 43 32 8 45 15 36 25 0 36 7 43 7 16 13 10 10 6 18 26 0 0 0 0 0 0 0 0 0 0 0 0 0 0 0 0 0 0 0 0 2 0 0 0 0 0 0 0 0 0 0 0 0 0 2 0 0 0 0 0 0 0 0 0 1 0 0 0 0 0 2 1 0 0 0 0 0 0 0 1 2 25 11 21 5 1 17 14 13 12 14 22 0 14 20 48 3 25 21 10 0 0 0 0 0 0 12 0 0 0 0 17 0 0 0 0 0 0 0 23 0 0 0 0 0 0 0 0 0 0 0 0 0 0 0 0 0 0 0 0 0 0 0 0 0 0 0 0 0 0 0 0 0 0 0 0 0 0 0 0 0 0 0 0 0 0 16 0 2 101 0 11 2 0 0 0 2 0 0 0 0 0 14 0 0 0 0 0 0 1 0 0 0 0 0 12 0 13 0 0 0 0 0 0 0 0 0 0 0 0 
 80 0 345 491 73 336 73 90 410 242 202 332 78 41 496 161 56 305 37 38 0 5 3 3 0 1 7 3 5 0 1 7 47 2 5 2 0 40 0 74 0 6 3 3 7 5 0 0 1 2 0 0 2 0 4 3 0 0 2 2 0 3 3 4 0 0 0 3 3 0 0 3 52 0 0 3 0 0 1 2 14 1 1 9 16 0 14 6 42 0 4 24 0 0 10 13 3 10 21 32 13 0 0 0 0 0 4 0 0 0 0 0 2 11 10 0 1 0 20 0 0 0 0 0 0 0 0 0 0 0 0 0 0 0 0 0 0 0 0 0 0 0 0 0 0 0 0 0 0 0 0 0 0 0 0 0 0 0 0 0 15 65 1 0 0 0 2 18 14 0 7 0 15 14 10 0 16 0 40 10 0 0 0 0 0 0 11 4 0 0 0 0 0 0 0 0 0 0 0 52 0 0 0 0 0 13 0 0 0 0 0 0 0 0 0 0 0 0 0 0 0 0 0 0 0 0 0 0 0 0 0 0 0 0 0 0 0 0 0 0 0 0 0 0 0 2 0 0 0 2 0 7 3 0 0 0 0 0 0 0 78 0 0 0 0 0 0 0 2 31 0 0 0 2 0 2 45 0 0 0 0 0 0 0 0 0 0 0 0 0 
 213 345 0 188 401 36 479 167 281 60 275 155 165 29 80 70 105 45 46 304 0 2 0 3 3 0 3 6 0 0 0 9 0 0 2 0 2 3 100 1 0 0 0 2 4 0 1 34 3 0 3 0 2 0 3 1 5 0 0 4 0 3 3 6 0 2 0 3 6 0 0 0 0 0 0 0 0 0 3 2 0 16 18 0 23 17 1 8 21 19 30 0 0 1 9 23 18 13 12 12 19 2 0 0 0 0 0 9 0 0 0 2 10 4 0 0 13 0 21 19 0 0 0 0 0 0 1 0 0 0 0 0 0 0 0 0 0 0 0 0 5 0 0 6 0 0 0 0 0 0 0 0 0 0 0 0 5 5 5 0 20 27 0 0 38 10 6 31 19 0 9 11 24 45 15 14 20 6 47 13 0 20 0 0 0 0 30 48 0 0 0 0 11 2 0 0 0 1 0 23 0 0 0 0 0 0 0 0 0 0 0 0 0 0 0 0 0 0 0 0 2 0 0 0 0 0 0 0 1 0 0 0 2 0 6 0 0 0 0 0 0 1 9 0 0 0 63 0 0 0 0 18 12 0 0 0 0 0 0 0 0 0 15 0 0 0 0 0 0 0 0 0 0 0 0 35 0 17 0 0 0 0 0 0 0 0 0 0 0 0 
 93 491 188 0 206 52 306 71 271 82 119 45 182 175 106 86 369 125 396 92 0 3 1 3 0 0 76 5 0 0 4 2 45 0 4 0 2 2 74 0 66 0 0 2 2 0 66 77 0 0 0 0 0 0 3 0 0 2 0 0 1 3 3 3 0 0 0 3 3 2 0 1 2 0 0 0 0 0 0 5 9 72 0 1 11 23 7 5 0 0 10 0 17 0 0 19 13 1 23 25 0 1 0 0 0 0 8 7 0 9 0 0 54 13 10 0 12 0 0 0 1 0 0 0 0 0 0 0 0 0 0 0 0 0 0 0 0 0 0 0 2 0 0 4 0 0 0 1 0 0 0 0 15 0 0 0 0 2 4 0 0 0 0 15 30 25 26 22 0 9 0 14 14 19 0 26 19 0 0 13 7 0 0 0 0 0 16 0 15 0 0 0 12 13 0 0 1 18 12 13 0 0 0 0 0 0 0 0 0 0 0 0 0 0 0 0 0 0 0 0 0 0 0 0 1 0 0 0 0 0 0 0 0 0 0 0 0 0 0 2 0 0 0 0 0 2 3 0 6 92 1 3 0 1 0 0 0 0 0 0 0 0 0 0 0 0 0 0 0 0 0 0 0 0 0 9 0 25 0 0 0 0 0 0 0 0 0 0 0 1 
 124 73 401 206 0 256 70 83 53 155 417 65 98 64 106 528 377 128 98 93 74 3 0 3 0 0 74 3 0 0 0 3 74 0 0 0 77 2 226 78 0 0 0 0 2 0 0 0 0 0 0 0 0 0 2 0 0 0 0 0 0 3 3 3 0 0 0 3 3 0 30 0 0 0 0 0 0 0 0 3 0 0 1 1 38 31 0 0 20 7 11 42 0 0 10 0 3 10 0 17 15 11 0 0 0 0 13 13 0 9 0 0 12 27 0 0 29 0 16 18 0 1 0 0 0 0 0 0 11 0 0 0 0 1 0 0 0 0 0 0 3 0 0 5 0 0 0 0 0 0 0 0 0 0 0 0 4 1 4 0 17 25 0 17 36 23 2 12 6 0 30 10 17 14 10 0 20 0 19 1 5 25 11 0 0 0 0 45 0 14 0 0 60 34 15 0 0 15 37 63 0 0 0 0 0 73 2 0 0 0 0 0 0 1 0 16 0 0 0 0 0 0 0 0 0 0 0 1 0 0 0 0 0 0 0 0 0 0 0 0 0 0 0 0 0 1 2 2 6 48 0 8 3 0 0 0 0 0 0 0 0 0 0 0 0 0 1 0 0 0 0 0 0 0 0 0 14 14 0 0 0 0 0 0 0 0 0 0 0 0 
 46 336 36 52 256 0 459 34 137 35 172 620 27 373 339 292 34 129 55 41 95 74 37 3 0 1 2 78 74 0 0 4 2 3 0 86 76 4 98 60 0 0 0 3 5 0 0 0 0 5 0 0 0 0 3 0 0 66 0 0 0 2 40 3 0 0 0 3 3 0 0 0 0 0 0 0 0 0 0 3 1 1 0 1 10 0 1 1 0 10 23 42 0 0 0 1 0 14 0 0 1 14 9 10 0 5 17 28 0 23 0 0 11 15 0 0 19 0 20 26 8 0 0 0 0 0 0 0 0 0 0 0 0 0 0 0 0 0 0 0 0 0 0 0 0 0 0 0 0 0 0 0 0 0 0 0 2 0 2 0 0 0 0 7 0 19 0 1 4 19 14 1 0 0 0 0 0 55 0 4 18 25 18 0 2 0 14 11 11 18 0 0 0 32 9 0 0 19 11 46 0 0 0 0 0 0 0 0 0 0 1 0 0 7 0 0 0 0 0 0 0 0 0 0 0 0 0 1 0 0 0 0 0 0 0 0 0 0 0 0 0 0 0 0 0 1 0 1 1 1 8 11 0 0 0 2 0 0 0 0 0 0 0 0 0 0 42 0 0 0 0 0 0 0 0 0 8 0 0 0 0 0 0 0 0 0 0 0 0 0 
 113 73 479 306 70 459 0 179 131 35 67 64 328 382 37 509 125 36 269 202 98 2 0 3 0 0 0 3 0 0 0 2 0 0 0 0 0 6 0 75 0 0 0 2 2 0 0 0 0 0 0 0 0 0 3 0 0 0 0 0 0 3 3 3 0 0 2 3 3 0 0 0 0 0 0 0 0 0 0 2 53 50 32 2 16 0 15 0 0 13 0 43 7 10 7 26 29 12 14 16 0 0 0 0 0 0 0 0 1 0 0 0 0 0 0 0 0 0 0 20 0 0 0 0 0 0 0 1 0 0 0 0 0 0 0 0 1 0 0 0 0 0 0 0 0 0 0 0 0 0 0 0 0 0 0 0 0 0 0 0 0 24 22 0 8 1 16 1 12 0 0 23 27 7 3 0 14 23 35 52 5 0 0 0 0 0 0 0 0 0 0 0 0 0 0 0 0 0 0 0 0 0 0 0 0 0 0 0 0 0 0 10 0 0 0 0 0 0 0 0 0 0 1 0 15 0 0 0 0 0 0 0 0 2 0 1 0 0 2 0 0 10 0 0 0 0 87 0 2 87 0 7 3 0 0 0 0 0 0 0 0 0 0 0 0 0 0 0 0 0 0 0 0 1 0 18 0 0 0 0 0 0 0 0 0 0 0 0 0 0 
 127 90 167 71 83 34 179 0 214 49 126 29 234 71 42 90 137 35 277 30 2 3 0 5 0 0 2 48 2 2 0 4 3 2 1 0 1 3 0 1 2 10 0 5 2 2 2 60 0 2 0 2 0 2 5 2 2 0 0 1 0 2 3 3 1 1 0 9 3 0 0 2 0 0 0 0 0 0 0 2 24 24 18 10 34 0 6 8 14 0 0 40 20 2 0 25 30 25 25 9 0 0 0 0 0 0 0 0 0 0 0 0 0 0 9 0 0 0 18 0 0 0 0 0 0 0 0 0 0 0 0 0 0 0 0 0 0 0 0 0 9 0 0 0 0 0 0 0 0 0 0 0 0 0 0 0 0 0 0 0 0 40 0 0 0 0 32 0 0 2 0 0 18 13 1 5 10 0 18 20 0 0 0 0 0 0 0 0 0 0 0 0 0 0 0 0 0 0 0 0 0 0 0 0 0 0 0 0 0 0 0 0 0 0 0 0 0 0 0 0 0 0 0 0 0 0 11 0 0 0 0 0 0 0 0 0 0 0 0 0 0 0 0 0 0 1 4 2 2 86 0 12 0 0 5 0 0 0 0 0 0 0 2 0 0 0 0 0 0 0 0 0 0 0 0 12 0 0 0 0 0 0 0 0 0 0 0 0 0 0 
 496 410 281 271 53 137 131 214 0 283 212 129 319 203 546 242 179 41 110 289 0 1 1 3 0 0 0 3 0 0 1 2 0 0 0 0 0 70 0 2 0 4 52 3 2 0 0 64 0 0 0 0 0 0 3 0 0 0 0 0 0 2 3 3 0 0 32 3 3 0 0 0 0 0 0 0 0 0 0 2 14 9 10 31 10 0 17 7 22 0 17 15 34 18 32 25 0 0 31 1 0 0 0 0 0 0 0 0 0 0 0 0 1 0 23 0 0 0 15 0 20 0 0 0 0 0 0 0 21 0 0 0 0 0 0 0 0 0 0 0 0 0 0 0 0 0 0 0 0 0 0 1 0 0 0 0 0 0 0 0 0 29 0 6 1 10 24 31 13 26 0 0 13 15 0 33 6 17 0 13 6 0 0 0 0 0 0 0 24 0 0 0 0 0 0 0 0 0 18 0 0 0 0 0 0 12 0 0 0 0 0 0 0 0 0 0 0 0 0 0 0 0 0 0 0 0 0 0 0 0 0 0 0 0 0 0 0 0 0 0 0 16 0 0 0 88 0 0 7 1 27 15 0 0 0 0 0 0 0 0 0 0 0 0 0 0 0 0 0 0 0 0 0 0 0 0 0 0 0 0 0 0 0 0 0 0 0 18 0 0 
 365 242 60 82 155 35 35 49 283 0 96 48 56 69 319 238 163 40 87 200 0 0 0 0 0 0 73 0 0 0 206 0 0 0 0 0 0 1 0 1 0 0 0 6 0 0 8 0 0 0 0 0 0 0 0 0 0 0 0 0 0 0 1 0 0 0 0 0 0 0 0 48 0 0 0 0 0 0 0 1 0 24 11 39 13 11 10 0 9 12 11 15 0 8 22 11 8 11 0 0 0 0 0 0 0 0 13 0 0 0 0 0 0 7 0 0 0 0 0 0 0 0 0 0 0 0 0 0 0 0 0 0 0 0 0 0 0 0 0 0 0 0 0 0 1 0 0 0 0 0 0 0 0 2 0 0 2 0 0 0 2 0 9 38 1 0 14 16 29 16 22 32 0 17 1 30 0 32 0 12 1 0 0 0 0 0 18 0 0 0 0 0 10 0 0 0 0 0 10 28 0 0 0 0 0 0 0 0 0 0 0 0 0 0 0 0 2 13 0 0 0 2 0 0 0 0 0 0 0 0 0 0 0 0 0 14 0 0 0 0 0 0 0 0 0 3 30 0 0 88 0 3 0 0 0 0 0 0 0 0 0 0 20 0 0 0 0 0 2 0 0 0 0 0 0 10 0 0 0 0 0 0 0 0 0 0 0 0 0 0 
 33 202 275 119 417 172 67 126 212 96 0 84 109 232 146 189 200 47 137 280 0 2 1 7 0 1 0 3 3 0 2 4 0 0 3 0 0 2 0 0 0 10 4 1 65 0 63 0 0 4 0 0 0 0 3 0 8 0 0 0 0 3 5 5 2 5 0 5 3 2 6 0 0 0 0 0 2 0 1 2 18 10 0 0 10 0 0 0 10 0 10 58 0 11 0 19 0 13 0 1 0 0 0 7 0 0 19 22 31 17 0 0 24 0 12 0 21 0 38 34 0 0 0 0 0 0 0 0 0 0 0 0 0 0 0 0 0 0 0 0 0 0 0 1 0 0 0 0 0 0 0 0 0 0 0 0 11 0 0 0 2 17 10 0 17 0 47 22 12 9 0 0 14 19 0 27 20 1 0 16 1 19 0 0 0 0 10 19 15 2 0 0 11 2 0 0 0 9 0 14 0 0 0 0 0 0 2 0 0 0 0 0 0 0 0 0 0 1 0 0 0 0 0 0 0 0 0 1 0 0 0 0 0 0 0 0 0 0 0 0 0 28 0 0 0 3 0 0 20 0 1 8 0 0 0 2 0 0 0 0 0 0 0 0 0 0 0 0 0 0 3 0 0 0 0 0 8 5 0 0 0 0 0 0 0 0 0 0 0 0 
 115 332 155 45 65 620 64 29 129 48 84 0 320 109 50 55 51 102 257 210 1 2 3 5 0 0 0 7 0 0 0 2 74 2 0 19 0 2 73 0 0 0 0 2 2 0 0 3 0 0 0 59 0 2 3 0 0 2 0 0 0 2 3 3 0 0 9 5 3 0 0 0 0 0 0 0 0 0 3 5 14 15 22 11 15 24 0 9 0 29 60 3 18 11 0 0 3 59 0 9 1 0 11 0 0 0 0 8 0 15 0 0 13 15 0 0 7 8 10 14 6 0 0 0 0 2 0 0 0 0 0 0 0 0 0 0 0 0 0 0 0 0 0 15 6 0 0 0 0 0 0 6 0 0 0 0 0 0 0 0 18 19 23 11 12 6 27 0 12 23 28 24 10 25 0 15 7 72 0 14 20 14 18 0 0 21 21 19 0 0 0 0 0 2 0 0 1 0 10 14 0 0 0 0 0 0 0 0 0 0 0 0 1 0 0 1 0 0 0 0 0 0 0 0 0 0 0 0 0 1 0 0 0 0 0 0 0 0 0 0 0 10 0 0 0 0 84 0 3 0 8 8 0 0 0 0 0 0 0 0 0 0 0 0 0 0 0 0 0 0 0 0 0 0 0 0 1 0 0 0 0 0 0 0 0 0 0 0 0 0 
 56 78 165 182 98 27 328 234 319 56 109 320 0 123 115 157 55 112 158 33 0 1 0 3 2 0 0 3 0 0 0 3 1 0 0 0 0 3 2 76 0 0 0 3 2 0 3 2 0 2 0 0 0 0 7 0 0 3 0 2 2 5 3 3 0 3 4 3 3 0 0 3 3 0 0 3 2 0 0 2 14 11 11 0 0 0 11 0 19 8 6 0 0 6 0 41 14 22 18 11 1 0 0 0 0 0 0 0 0 0 0 0 0 0 0 0 0 0 0 0 0 0 0 0 0 0 0 0 0 0 0 0 0 0 0 0 0 0 0 0 0 0 0 0 0 0 0 0 0 0 0 0 0 0 0 0 0 0 0 0 0 0 0 0 10 0 15 34 22 0 0 11 11 7 0 16 6 12 0 21 0 0 0 0 0 0 0 0 0 0 0 0 0 0 0 0 0 0 0 0 0 0 0 0 0 17 0 0 0 0 0 8 0 0 0 0 0 0 0 0 0 0 0 0 0 0 0 0 0 0 0 0 0 0 0 0 0 0 0 0 0 0 0 0 0 1 2 0 1 0 0 8 0 0 0 0 0 0 0 0 0 0 13 0 2 0 0 0 0 0 0 0 0 0 0 14 0 0 0 0 0 0 0 0 0 0 0 0 0 0 
 45 41 29 175 64 373 382 71 203 69 232 109 123 0 239 117 43 325 116 172 0 1 73 3 0 0 0 8 0 36 1 4 0 2 0 0 0 4 2 83 0 0 0 3 2 0 0 0 0 0 0 0 0 0 3 0 0 0 0 0 3 2 3 3 0 0 0 2 2 0 0 0 0 0 0 0 0 0 0 2 31 0 12 0 0 1 0 15 49 24 9 15 0 19 0 30 0 0 30 1 0 0 1 0 0 0 0 0 0 0 0 0 0 0 0 0 0 0 61 0 0 0 7 0 0 0 2 8 0 0 0 0 0 0 0 0 0 0 0 0 0 0 0 0 0 0 0 0 0 0 0 0 0 0 0 0 0 0 0 0 0 14 29 0 0 0 18 25 23 13 1 9 24 10 0 14 10 12 0 6 0 0 0 1 0 0 1 0 0 0 0 0 0 0 0 0 0 0 0 0 0 0 0 0 2 14 0 0 0 0 0 0 0 0 0 0 0 0 0 0 1 0 0 0 2 0 0 0 0 0 0 0 0 0 0 0 0 0 0 1 0 11 0 0 0 0 1 0 0 0 0 15 0 0 0 0 0 0 0 0 0 0 0 0 0 0 0 0 0 0 0 0 0 0 0 0 6 0 0 0 0 0 0 0 0 0 0 0 0 0 
 57 496 80 106 106 339 37 42 546 319 146 50 115 239 0 184 48 46 170 203 76 3 0 2 2 1 3 1 0 0 0 1 0 0 0 6 2 4 1 0 2 0 0 4 1 2 0 0 0 2 3 3 0 0 0 0 3 0 0 7 5 0 6 0 0 1 1 0 0 2 0 0 3 4 2 0 0 2 2 0 1 11 0 1 0 0 10 10 15 0 0 0 8 9 15 57 19 0 55 0 0 0 0 0 0 2 0 0 0 0 0 2 0 0 0 0 0 0 0 0 0 0 0 0 0 0 0 0 0 1 0 0 0 0 0 0 0 0 0 0 0 0 0 0 0 0 0 0 0 0 0 0 0 0 0 0 0 0 0 0 0 0 0 0 2 0 20 43 0 7 0 0 53 21 10 14 9 0 1 9 0 0 0 0 0 0 0 0 0 0 0 0 0 0 0 0 0 0 0 0 0 0 0 0 0 0 0 0 0 0 0 0 0 18 0 0 0 0 0 0 0 0 0 0 0 0 0 0 0 0 0 0 1 0 0 0 0 0 0 0 0 0 0 0 0 3 0 0 2 1 0 8 0 0 0 0 0 0 0 0 2 0 0 0 0 0 18 0 2 0 0 0 0 1 0 0 12 0 0 0 0 0 0 0 0 0 0 0 0 0 
 86 161 70 86 528 292 509 90 242 238 189 55 157 117 184 0 195 168 231 367 0 3 0 3 0 0 4 3 0 0 0 2 0 0 0 0 0 4 0 0 0 6 0 0 2 1 0 0 0 0 0 0 2 0 65 0 0 0 0 0 0 3 3 3 0 0 0 3 3 50 0 0 44 0 0 0 0 0 0 3 52 37 31 24 23 3 0 1 27 0 0 40 18 20 14 29 61 7 16 0 0 0 0 0 0 0 0 0 0 0 0 0 0 0 8 0 0 0 19 0 0 0 0 0 0 0 0 0 0 0 0 0 0 0 0 0 0 0 0 0 8 0 0 0 4 0 0 0 0 0 1 2 0 1 0 0 0 0 7 0 1 15 22 16 0 5 30 30 0 10 14 31 14 30 1 43 21 14 0 20 0 0 0 0 0 0 17 0 0 0 0 0 0 0 0 0 0 2 0 16 0 0 0 0 0 0 0 0 0 0 0 0 0 0 0 0 1 0 0 0 0 0 0 0 0 0 0 0 0 0 0 8 0 0 0 0 0 0 0 0 0 0 0 0 0 0 40 2 0 0 0 16 0 0 0 0 0 2 0 0 0 0 0 0 0 0 2 0 0 0 0 0 0 0 0 30 0 0 0 0 0 0 0 0 0 0 0 0 0 0 
 101 56 105 369 377 34 125 137 179 163 200 51 55 43 48 195 0 233 17 31 0 2 0 3 0 0 27 3 1 0 0 2 1 0 0 0 0 3 35 74 0 8 0 2 2 0 0 57 0 0 0 0 0 0 3 0 0 0 0 0 0 3 3 3 0 0 0 3 3 0 0 0 0 0 0 0 0 0 0 2 9 17 16 25 40 0 4 4 16 14 14 59 17 0 1 11 13 32 31 9 0 0 0 0 0 0 21 0 0 0 0 0 10 8 10 0 0 0 28 13 1 0 0 0 0 0 0 0 0 0 0 0 0 0 2 0 0 0 0 0 3 0 0 4 0 0 0 0 0 0 2 37 0 0 0 0 3 3 5 1 1 20 2 8 24 11 0 0 12 1 7 12 0 0 0 3 15 1 0 12 0 10 0 0 0 0 1 13 14 0 0 0 18 0 0 0 12 0 11 12 0 0 0 0 0 0 0 0 0 0 0 0 0 0 0 0 0 0 0 0 0 0 0 0 0 0 0 0 0 0 0 0 0 0 0 0 0 0 0 0 0 0 0 0 0 1 0 2 0 89 0 7 0 0 0 0 0 0 0 0 0 0 0 0 0 0 0 0 0 1 0 0 0 0 0 1 0 8 0 0 0 0 0 0 0 0 0 0 0 0 
 30 305 45 125 128 129 36 35 41 40 47 102 112 325 46 168 233 0 51 44 0 2 0 3 0 0 135 3 0 0 0 2 154 0 0 0 0 28 85 2 0 3 0 2 2 0 3 0 0 0 0 0 0 0 3 0 0 0 0 0 0 2 3 3 0 0 1 3 3 0 0 0 34 2 0 0 0 0 0 2 0 0 0 31 24 61 0 0 9 41 11 3 20 1 0 12 30 16 9 0 1 0 0 0 0 0 34 16 0 0 0 0 28 15 12 0 20 0 32 16 0 0 0 0 0 2 0 0 0 0 0 0 0 0 0 0 0 0 0 0 0 0 0 0 0 0 0 1 0 0 0 1 0 0 0 0 0 0 0 0 0 15 0 8 23 10 0 16 30 0 7 0 0 0 1 0 0 0 0 0 2 30 0 0 0 0 10 2 0 0 0 0 29 1 0 0 1 1 29 34 0 0 0 0 0 14 0 0 0 0 0 0 1 0 0 1 0 0 0 0 0 0 0 0 0 0 0 0 0 1 0 0 0 0 0 0 0 0 0 0 0 0 0 0 1 0 3 0 0 95 0 9 0 1 0 0 0 0 0 0 0 0 0 0 0 0 0 0 0 0 0 0 0 0 0 0 0 0 0 0 0 0 0 0 0 0 0 0 0 0 
 58 37 46 396 98 55 269 277 110 87 137 257 158 116 170 231 17 51 0 253 61 4 0 3 0 2 0 3 1 0 0 2 0 2 0 0 0 2 0 0 0 0 0 0 2 0 0 0 0 0 0 0 0 0 2 0 3 0 0 0 0 3 3 3 0 0 0 3 3 6 0 0 0 0 0 0 0 0 0 3 9 0 7 26 14 0 16 0 10 0 0 0 24 22 30 15 8 0 0 0 0 0 0 0 0 1 0 0 0 0 0 0 0 0 0 0 0 0 1 0 0 0 0 0 0 0 0 0 0 0 0 0 0 0 0 0 0 0 0 0 0 0 0 34 0 0 0 0 0 0 0 0 0 0 0 0 0 0 0 0 16 12 0 0 0 0 0 0 0 0 0 0 19 0 10 0 0 0 0 0 0 0 0 0 0 0 0 32 0 0 0 0 0 0 0 0 0 0 0 0 8 0 0 0 0 30 0 0 0 0 2 0 0 0 0 0 0 0 0 0 0 0 0 0 0 0 0 0 0 0 0 0 0 0 0 0 2 0 0 0 0 0 0 0 0 0 0 2 2 0 0 18 1 0 0 0 0 0 0 0 0 0 0 0 0 0 0 0 0 0 0 0 0 0 0 0 0 0 0 0 0 0 0 0 0 0 0 0 0 0 
 356 38 304 92 93 41 202 30 289 200 280 210 33 172 203 367 31 44 253 0 0 2 0 3 0 0 0 5 0 0 0 2 0 0 0 0 0 1 0 4 3 0 0 2 2 0 0 2 0 0 0 0 0 0 3 0 0 0 0 3 0 2 3 3 0 0 0 3 3 0 0 0 0 0 0 0 0 0 0 2 0 63 20 19 1 10 0 39 1 7 44 20 0 10 0 6 24 14 16 33 0 0 0 0 0 0 0 0 0 0 0 0 0 0 0 1 0 0 0 24 2 0 0 0 0 0 0 0 0 0 0 0 0 0 1 0 0 0 0 0 0 0 0 11 4 0 0 0 0 0 0 2 0 0 0 0 0 0 0 2 19 0 24 0 9 0 45 15 67 7 15 29 0 15 24 38 0 25 0 43 0 0 0 0 0 0 1 0 0 0 0 0 0 2 0 0 0 0 0 1 0 0 0 0 0 0 0 0 0 0 0 0 22 0 0 0 0 0 0 0 0 0 0 0 0 0 0 0 0 0 0 0 0 0 0 0 0 0 1 0 0 0 0 0 0 2 122 2 2 91 0 9 0 0 0 0 0 0 0 0 0 0 19 0 0 0 0 0 0 2 0 0 0 0 0 0 11 0 0 0 0 0 0 0 0 0 0 0 0 0 
 3 0 0 0 74 95 98 2 0 0 0 1 0 0 76 0 0 0 61 0 0 318 327 90 121 363 71 305 131 254 109 87 64 164 67 44 268 294 246 42 0 3 0 2 5 0 1 0 2 38 0 0 2 2 3 4 3 2 22 0 1 0 1 0 0 3 5 4 0 0 5 0 0 2 0 0 3 0 3 4 0 0 11 0 0 0 0 0 0 0 0 0 0 9 0 0 0 0 0 11 2 30 22 9 0 8 13 46 0 26 19 44 0 17 21 13 0 12 13 25 0 0 0 2 0 0 0 0 0 0 0 0 1 0 16 0 0 0 38 0 0 4 0 11 0 1 0 1 1 0 0 2 0 0 0 0 0 38 0 0 0 0 0 2 0 30 0 0 0 0 8 0 0 0 0 0 0 0 0 2 16 12 81 6 15 14 2 12 33 0 2 18 14 60 21 12 21 28 0 17 0 0 0 0 0 0 0 0 0 0 0 0 1 8 0 0 0 0 0 12 0 0 0 0 6 0 0 1 0 0 0 0 0 0 0 0 0 0 2 0 0 0 0 0 0 0 0 0 0 0 0 0 0 0 8 2 0 75 81 2 10 0 0 0 0 0 12 0 0 0 0 0 0 0 0 0 0 0 0 0 0 0 0 0 1 0 0 0 0 2 
 3 5 2 3 3 74 2 3 1 0 2 2 1 1 3 3 2 2 4 2 318 0 546 92 401 422 178 261 152 26 250 46 179 228 64 132 45 80 157 352 0 2 0 2 2 0 0 0 2 0 0 0 2 0 3 0 3 7 0 0 0 0 0 0 0 1 9 2 0 0 2 0 0 2 0 0 3 0 0 0 0 0 0 0 1 12 0 0 0 0 0 0 7 0 0 0 0 0 0 0 33 22 23 51 1 1 13 10 30 1 15 9 0 13 60 0 0 16 61 0 0 0 0 0 0 0 11 0 0 0 24 0 0 0 0 0 0 0 15 4 0 6 1 0 0 0 0 6 4 0 0 0 0 0 0 12 0 0 0 0 0 1 11 0 0 13 0 0 0 0 0 0 0 0 21 0 3 0 7 0 0 10 2 10 19 8 0 0 28 22 0 1 46 19 12 18 7 0 1 19 0 0 0 0 0 0 0 0 1 14 0 0 0 0 0 1 0 0 0 29 0 0 0 0 2 0 0 0 0 0 0 0 0 0 0 0 0 0 0 0 0 0 12 0 0 0 0 0 0 0 0 0 0 0 6 2 0 152 0 1 4 0 0 0 0 0 13 0 0 0 0 0 0 0 0 0 0 0 0 0 0 28 0 0 0 0 0 0 0 0 
 0 3 0 1 0 37 0 0 1 0 1 3 0 73 0 0 0 0 0 0 327 546 0 172 87 105 179 346 148 164 327 107 142 226 74 159 131 120 202 272 19 1 0 2 2 0 1 0 0 0 0 6 2 0 3 0 3 8 0 0 0 0 4 0 0 3 3 2 10 0 3 0 0 3 0 0 2 0 2 4 0 0 0 0 0 11 13 0 0 0 0 0 0 0 0 0 0 0 0 0 3 10 38 21 16 2 19 4 34 40 19 16 14 35 15 13 0 2 28 0 0 0 0 0 0 0 0 0 0 0 0 32 0 0 0 0 0 0 0 0 0 3 0 0 0 0 0 4 4 0 0 0 0 0 0 0 0 0 0 0 0 0 0 0 0 21 0 0 0 0 0 0 0 0 0 0 0 0 0 0 9 12 24 30 10 18 0 0 13 29 15 10 10 18 1 47 26 0 1 9 0 0 0 0 0 0 0 21 0 0 0 0 21 0 0 0 0 0 15 1 0 0 0 0 0 0 0 0 0 0 0 0 0 0 0 0 0 0 0 0 0 0 0 0 0 0 0 0 1 0 0 0 0 0 8 2 0 5 79 1 13 0 0 0 0 0 17 0 0 0 0 0 0 0 0 0 0 0 0 0 0 8 0 0 0 0 0 0 0 0 
 7 3 3 3 3 3 3 5 3 0 7 5 3 3 2 3 3 3 3 3 90 92 172 0 403 131 108 228 175 106 65 133 81 286 215 270 113 64 69 299 65 7 7 2 2 0 1 0 4 7 3 0 6 24 4 1 9 7 27 57 0 1 4 7 2 10 4 8 3 5 13 0 0 2 2 0 3 5 7 2 0 0 0 2 0 0 0 0 0 0 0 0 0 0 1 0 0 0 0 0 0 2 12 9 1 0 0 0 10 10 15 29 0 0 29 11 18 19 0 0 13 0 0 0 0 0 22 0 0 0 0 1 0 46 0 0 0 0 25 23 14 6 1 0 0 0 0 4 5 0 0 0 0 13 0 0 0 0 0 0 0 0 0 0 0 4 0 1 0 0 0 0 0 0 0 0 0 0 1 0 0 0 1 33 30 34 0 2 8 51 7 2 0 0 4 22 4 25 0 0 0 0 0 0 0 0 10 28 0 0 11 0 17 6 0 1 0 0 1 48 0 0 0 0 0 0 0 0 0 0 4 0 0 0 20 0 0 0 0 0 0 0 13 0 0 2 0 0 0 0 0 0 0 1 27 3 0 157 0 0 0 0 4 0 0 0 0 0 0 0 2 0 0 0 0 0 0 0 0 22 0 16 0 0 0 13 0 0 0 0 
 1 0 3 0 0 0 0 0 0 0 0 0 2 0 2 0 0 0 0 0 121 401 87 403 0 168 66 88 276 74 100 653 76 69 89 79 149 41 275 60 72 1 0 2 2 0 3 1 4 0 0 0 75 8 3 0 76 5 101 62 0 1 2 4 0 3 3 6 0 0 5 0 0 3 0 0 4 0 4 0 0 0 12 0 0 0 0 0 0 0 0 0 0 0 0 0 0 0 0 0 0 0 56 1 0 9 0 10 8 11 18 22 18 19 1 42 31 2 0 0 7 0 34 0 0 0 40 13 14 0 0 0 10 28 12 18 24 0 13 9 0 6 0 0 0 0 0 4 4 0 10 0 0 0 1 0 0 0 0 0 0 0 0 0 0 1 0 0 0 1 0 0 0 0 0 0 0 0 0 0 0 0 0 21 31 24 0 10 9 14 16 0 0 0 0 25 9 8 0 0 7 0 0 0 0 0 0 14 0 1 18 1 49 0 7 0 0 1 0 20 0 0 0 0 0 0 0 0 0 0 0 0 0 0 0 0 0 0 0 0 0 0 22 0 0 0 0 0 0 0 0 0 0 0 10 0 4 11 0 5 3 2 0 0 0 0 0 0 0 0 0 0 0 0 0 0 0 0 0 6 0 25 0 0 0 0 0 0 0 0 
 70 1 0 0 0 1 0 0 0 0 1 0 0 0 1 0 0 0 2 0 363 422 105 131 168 0 55 198 308 346 345 62 64 96 262 261 110 213 100 63 1 2 0 2 2 0 1 0 0 0 0 0 49 0 21 0 7 5 1 126 0 0 0 0 3 2 3 2 3 0 3 3 0 2 0 0 3 0 3 1 0 0 0 2 0 0 0 0 0 0 0 0 0 0 0 0 0 0 0 0 1 2 0 3 7 0 0 17 33 0 1 12 0 0 43 17 0 23 0 0 1 13 23 0 0 0 22 25 0 0 48 0 23 12 13 0 0 0 11 14 0 0 0 0 0 0 0 0 0 0 0 0 0 0 0 18 0 0 0 1 0 0 12 0 0 2 0 0 0 0 0 0 0 0 0 0 0 0 1 0 12 0 21 14 16 35 0 0 15 8 1 35 11 0 24 8 34 12 0 0 11 4 0 0 0 0 0 31 31 13 0 0 0 22 1 20 7 0 21 7 0 0 0 0 0 0 0 0 0 0 0 0 0 0 0 0 0 0 0 0 0 0 7 0 0 0 0 0 0 0 0 0 0 0 230 1 1 2 4 0 12 12 0 0 0 0 0 0 0 0 0 0 0 0 0 0 0 13 0 0 0 48 0 0 10 0 13 0 0 0 
 1 7 3 76 74 2 0 2 0 73 0 0 0 0 3 4 27 135 0 0 71 178 179 108 66 55 0 218 219 343 450 251 502 174 194 255 92 79 139 67 0 2 0 2 2 0 27 0 0 2 1 0 2 0 3 0 3 202 0 2 0 0 1 0 0 6 3 2 0 0 3 48 39 2 0 0 5 1 2 1 0 0 0 21 36 13 0 0 13 0 0 17 0 0 0 1 23 10 0 0 23 13 13 8 0 24 51 0 21 0 34 2 47 39 7 13 13 24 0 13 0 0 0 0 0 0 0 0 0 0 2 0 2 0 0 0 0 0 0 0 0 0 5 0 0 0 0 0 0 0 0 0 0 0 0 0 0 0 1 0 0 0 0 10 13 15 1 0 15 0 9 7 0 0 1 0 0 1 3 0 7 15 23 1 0 0 0 0 0 14 10 0 116 1 21 41 21 16 85 20 1 0 0 0 0 0 0 0 0 0 0 1 1 0 0 0 0 0 0 0 0 31 0 0 0 0 0 0 0 13 0 0 0 0 0 0 0 0 0 0 0 0 1 0 0 0 1 0 0 22 0 0 0 0 5 0 2 0 0 1 1 1 57 0 0 0 0 0 0 0 0 0 0 0 0 0 0 0 0 0 0 0 0 0 0 12 0 0 0 0 
 8 3 6 5 3 78 3 48 3 0 3 7 3 8 1 3 3 3 3 5 305 261 346 228 88 198 218 0 155 22 127 104 244 180 360 134 310 44 225 445 0 1 0 2 2 0 2 6 0 8 0 1 6 4 3 0 3 4 65 65 0 0 2 0 0 3 3 21 0 0 11 0 0 3 0 0 2 0 19 0 0 0 0 0 1 0 0 2 0 0 0 0 0 0 0 0 0 0 0 0 20 38 24 0 38 5 20 0 4 19 33 25 0 19 17 19 0 43 0 26 0 1 0 0 0 0 0 0 0 0 0 0 18 21 0 0 0 0 27 0 0 10 0 0 0 0 0 1 3 0 0 0 0 0 0 0 0 0 0 0 0 22 0 0 0 0 0 0 0 0 6 0 0 0 0 0 0 0 2 0 1 9 93 0 11 19 10 9 52 6 0 10 21 16 48 34 31 11 0 25 1 0 13 0 0 0 0 1 0 2 0 0 18 0 10 1 0 0 0 15 0 0 0 0 1 0 0 0 0 0 0 0 0 0 0 0 0 0 0 0 0 0 0 0 0 0 0 0 0 0 0 0 0 0 4 1 0 41 78 2 1 0 0 0 0 0 0 0 0 0 0 0 0 0 0 0 0 0 0 0 0 0 0 0 0 0 0 0 0 0 
 2 5 0 0 0 74 0 2 0 0 3 0 0 0 0 0 1 0 1 0 131 152 148 175 276 308 219 155 0 691 290 99 393 173 160 366 169 340 137 563 0 5 0 2 2 0 1 0 0 0 0 0 68 1 6 0 3 3 2 0 0 3 1 0 0 5 3 4 0 2 3 5 3 2 0 0 3 3 2 2 0 0 0 0 0 1 0 0 0 0 11 0 0 0 0 0 1 0 0 0 70 20 59 15 0 0 8 1 17 14 11 0 0 0 8 9 22 52 11 0 0 0 0 0 0 0 18 20 18 0 0 0 0 19 0 0 0 0 0 17 0 0 5 0 0 0 0 1 0 0 0 0 0 0 0 0 0 0 0 2 0 0 0 0 0 13 0 0 0 0 0 0 0 0 0 0 0 0 3 0 19 0 11 58 0 34 0 0 10 10 33 0 22 8 19 21 0 1 14 0 0 10 0 0 0 0 0 0 0 0 0 0 0 0 6 28 0 0 1 9 0 0 0 0 0 2 0 0 0 0 0 2 0 0 0 0 0 0 0 0 0 0 19 0 0 0 0 0 0 0 0 0 0 0 9 0 4 152 0 0 0 0 0 0 0 2 13 1 0 0 0 0 0 0 0 0 0 0 0 0 0 19 0 0 0 0 0 0 0 4 
 0 0 0 0 0 0 0 2 0 0 0 0 0 36 0 0 0 0 0 0 254 26 164 106 74 346 343 22 691 0 258 331 106 294 95 124 205 107 275 178 0 1 0 2 2 0 2 0 0 0 0 0 4 0 3 0 3 0 65 88 0 0 2 0 0 3 4 3 0 0 3 0 0 3 0 0 2 0 2 0 0 0 0 0 0 0 2 0 0 2 0 0 0 0 0 0 0 0 0 0 19 0 19 11 36 1 0 19 41 58 0 17 0 0 9 20 0 7 0 0 0 17 0 0 0 0 28 20 19 0 0 18 20 0 14 1 0 0 7 13 1 0 0 0 0 0 0 0 0 0 0 0 2 0 0 0 0 0 0 0 0 0 0 0 0 0 0 0 0 0 0 0 0 0 2 0 0 0 0 0 0 0 6 20 16 40 0 1 0 0 17 38 0 0 13 0 15 1 0 0 9 5 0 0 0 0 0 10 0 15 0 0 16 18 21 17 0 0 28 13 0 0 2 0 0 0 0 19 0 1 0 0 0 0 0 0 0 1 0 0 0 0 15 0 0 0 0 0 0 0 0 0 0 0 90 0 0 81 76 0 21 16 0 0 0 0 0 0 0 23 0 0 0 0 0 0 0 0 0 1 0 11 0 0 0 0 38 0 0 0 
 0 1 0 4 0 0 0 0 1 206 2 0 0 1 0 0 0 0 0 0 109 250 327 65 100 345 450 127 290 258 0 139 41 278 222 170 191 218 36 61 0 1 0 2 2 2 2 2 0 0 0 0 5 0 3 0 3 0 0 63 2 0 4 0 0 3 3 6 0 0 3 0 2 3 0 0 4 0 2 0 0 0 0 0 0 0 0 0 0 0 0 0 0 0 0 0 0 0 0 0 0 0 18 14 0 0 0 19 47 0 0 17 0 0 1 28 0 41 0 0 0 0 18 0 0 9 0 32 40 0 0 0 19 41 14 2 0 0 18 8 0 0 0 0 0 0 0 0 0 0 0 0 0 0 0 0 0 0 0 0 0 0 0 0 0 0 0 0 0 0 0 0 0 0 0 0 0 0 0 0 19 0 7 23 19 56 0 0 0 8 17 41 0 0 14 1 24 38 0 0 12 4 1 0 0 0 0 10 21 15 0 0 0 2 13 27 0 0 49 30 0 0 0 0 0 0 11 0 0 0 0 0 13 0 0 0 0 0 0 0 0 0 19 0 0 0 0 0 0 0 0 0 0 0 10 0 2 4 45 2 6 20 0 0 0 0 0 0 0 0 0 0 0 0 0 0 0 0 0 0 0 28 0 0 0 0 14 0 0 0 
 5 7 9 2 3 4 2 4 2 0 4 2 3 4 1 2 2 2 2 2 87 46 107 133 653 62 251 104 99 331 139 0 37 44 41 47 89 81 52 31 64 5 0 2 2 0 74 0 2 2 0 0 2 132 66 0 13 4 4 4 0 1 0 0 7 8 3 2 0 0 3 1 2 30 0 0 8 0 1 0 0 0 0 0 0 0 0 0 0 0 0 0 0 0 0 1 0 0 0 0 0 0 23 41 28 15 0 0 0 28 7 25 0 0 10 10 9 0 0 0 28 1 0 0 0 0 23 0 17 25 0 21 11 41 7 8 29 0 21 19 0 12 0 0 0 0 0 13 17 0 0 0 0 0 0 0 0 0 0 0 0 0 0 0 0 4 0 0 0 0 0 0 0 0 0 0 0 0 0 0 0 0 0 56 49 8 0 0 11 0 56 1 0 0 0 0 4 0 0 0 0 7 0 0 0 0 36 0 0 7 6 0 18 19 29 0 0 25 12 42 0 0 0 0 0 0 0 0 0 0 0 0 0 0 0 0 0 0 0 0 0 0 0 0 0 0 0 0 0 0 0 0 2 0 8 4 0 154 0 1 4 1 35 0 0 0 0 0 0 0 0 2 0 0 0 0 0 0 0 0 0 0 0 0 0 0 0 0 0 0 
 0 47 0 45 74 2 0 3 0 0 0 74 1 0 0 0 1 154 0 0 64 179 142 81 76 64 502 244 393 106 41 37 0 138 114 195 122 324 123 58 0 2 0 2 2 0 0 0 0 64 0 1 2 0 3 200 3 0 0 0 0 0 1 0 0 3 3 2 0 0 3 0 0 2 0 0 3 0 2 3 0 0 0 0 14 28 0 0 0 0 0 18 0 0 0 0 13 0 0 0 37 31 2 8 0 15 38 14 19 10 29 0 36 18 10 0 2 49 0 21 0 0 0 0 0 0 0 0 0 0 0 0 0 0 0 0 0 0 0 0 0 0 5 0 0 0 0 2 0 0 0 0 0 0 0 0 0 0 0 0 0 1 0 35 27 7 0 0 0 0 10 0 0 0 0 0 0 0 5 0 41 33 31 0 0 0 14 15 19 12 18 12 43 27 36 29 0 38 26 9 0 0 0 0 0 0 0 0 0 2 0 0 0 0 0 0 0 0 0 0 0 0 0 0 1 0 0 0 0 0 0 0 0 0 0 0 0 0 0 0 0 0 0 0 0 0 0 0 0 4 0 0 0 0 2 2 1 0 0 4 1 0 0 0 0 0 0 0 0 10 0 0 0 0 0 0 0 0 0 0 0 0 0 0 0 0 0 0 0 0 
 0 2 0 0 0 3 0 2 0 0 0 2 0 2 0 0 0 0 2 0 164 228 226 286 69 96 174 180 173 294 278 44 138 0 593 272 150 291 158 138 0 2 0 2 2 0 1 0 0 1 0 6 2 0 3 0 3 0 0 1 0 0 0 0 0 2 4 2 0 0 3 0 0 2 0 0 3 0 0 0 2 0 0 0 0 1 0 0 0 0 0 0 0 0 9 0 0 0 0 0 43 15 0 8 13 46 18 30 60 0 22 24 1 21 1 34 0 37 10 23 0 0 10 0 0 0 0 0 0 0 0 0 0 0 5 0 0 0 9 0 0 0 5 0 0 0 0 1 0 0 0 0 0 0 0 0 0 0 0 0 0 0 0 0 0 0 0 0 1 0 0 0 0 0 0 0 0 0 0 0 39 15 37 0 8 25 13 0 10 14 33 20 22 14 41 38 57 14 15 11 0 0 0 0 0 0 0 0 0 0 0 0 12 0 0 0 0 1 35 0 0 0 0 0 0 0 0 0 0 0 0 0 0 0 0 0 0 0 0 0 0 0 0 0 0 0 0 0 0 0 0 0 0 0 2 2 0 42 131 3 8 0 0 0 0 0 0 0 0 0 0 2 0 0 0 0 15 0 0 0 0 0 0 0 0 0 57 0 0 0 
 0 5 2 4 0 0 0 1 0 0 3 0 0 0 0 0 0 0 0 0 67 64 74 215 89 262 194 360 160 95 222 41 114 593 0 175 201 53 71 231 62 1 0 2 2 0 2 0 0 6 0 19 2 0 5 0 3 0 62 85 0 0 1 0 0 3 3 5 0 0 6 0 0 2 0 0 3 50 5 0 0 0 0 0 0 0 0 0 0 0 0 0 0 0 5 0 0 0 0 0 29 0 0 4 23 38 0 1 17 12 5 37 21 20 23 49 0 25 1 25 0 0 5 0 0 0 0 0 0 0 0 12 19 6 0 0 0 0 12 0 0 0 3 0 0 0 0 1 1 0 0 0 0 0 0 0 0 0 0 0 0 0 0 0 0 0 0 0 0 14 0 0 0 0 5 0 0 0 0 0 17 22 19 12 21 21 4 19 5 12 18 1 0 1 37 25 38 27 11 0 0 0 0 0 0 0 0 1 0 0 0 0 20 0 0 0 0 0 12 8 0 0 0 0 0 0 0 0 0 0 0 0 0 0 0 0 0 0 20 0 0 0 0 0 0 0 0 2 0 0 0 0 0 0 1 0 0 3 79 0 11 0 0 0 0 0 0 0 0 0 0 0 0 0 0 0 0 0 0 9 0 0 0 0 0 17 1 0 0 0 
 0 2 0 0 0 86 0 0 0 0 0 19 0 0 6 0 0 0 0 0 44 132 159 270 79 261 255 134 366 124 170 47 195 272 175 0 226 38 102 314 0 3 0 2 2 0 0 0 0 0 0 6 2 0 3 0 3 0 0 0 0 0 1 0 0 3 3 2 0 0 3 0 0 2 0 0 3 0 2 2 0 0 0 0 1 14 0 0 0 0 0 8 0 0 13 0 0 30 0 0 31 14 10 4 29 31 25 28 17 37 21 19 0 8 0 10 19 14 0 27 0 0 0 0 0 0 0 0 0 0 0 55 0 0 0 0 0 0 0 0 0 0 0 0 0 0 0 0 0 0 0 0 0 0 0 1 0 0 0 0 0 0 0 0 1 15 0 0 0 0 0 0 0 0 0 0 0 0 0 0 8 50 30 14 9 16 15 10 50 4 12 0 17 8 1 34 15 9 0 11 0 0 0 0 0 0 0 0 0 0 0 1 23 0 0 0 0 0 13 0 0 0 7 0 0 0 0 0 0 0 0 0 0 0 0 0 0 0 0 0 0 0 0 0 0 0 0 0 0 1 0 0 0 0 23 0 0 0 154 1 53 0 0 0 0 0 0 0 0 0 0 0 0 0 0 0 1 0 0 0 0 0 0 0 0 0 0 0 0 0 
 0 0 2 2 77 76 0 1 0 0 0 0 0 0 2 0 0 0 0 0 268 45 131 113 149 110 92 310 169 205 191 89 122 150 201 226 0 177 125 103 0 1 0 2 2 0 1 0 0 6 0 1 2 1 3 0 3 0 0 62 0 0 1 8 0 3 3 12 0 0 9 0 0 2 0 0 3 0 18 0 0 0 0 0 0 0 0 0 0 0 0 0 0 0 0 0 0 0 0 9 27 10 18 20 16 9 0 1 23 10 5 38 23 23 0 40 23 30 1 0 0 0 0 0 0 0 21 0 19 0 0 0 1 19 14 0 0 0 25 25 0 0 4 0 0 2 0 0 1 0 0 0 0 0 0 0 0 11 0 0 0 0 0 0 34 0 0 0 0 0 10 2 0 0 0 0 0 0 0 1 40 2 23 27 21 52 11 10 9 0 31 5 0 0 29 39 12 25 13 21 8 11 0 0 0 0 0 17 0 0 0 0 0 1 8 24 0 1 18 26 0 0 0 0 0 4 0 0 0 0 0 0 0 0 0 0 0 0 0 0 0 0 0 0 0 0 0 0 0 0 0 0 0 0 21 1 0 79 109 2 5 2 0 0 0 0 0 0 0 0 0 0 0 0 0 0 0 2 0 0 0 0 0 0 0 0 0 0 0 0 
 81 40 3 2 2 4 6 3 70 1 2 2 3 4 4 4 3 28 2 1 294 80 120 64 41 213 79 44 340 107 218 81 324 291 53 38 177 0 29 326 0 1 63 2 3 0 0 0 0 3 0 1 2 0 73 0 3 10 0 0 3 49 2 0 0 56 31 2 0 0 3 1 0 3 0 0 2 3 2 0 0 0 0 0 0 0 0 0 0 0 0 0 0 0 0 0 2 0 0 0 33 0 8 7 0 21 0 6 12 0 10 0 20 20 12 33 0 18 0 0 0 0 0 0 0 0 0 0 0 0 0 0 12 0 0 12 0 1 8 0 0 0 6 0 0 0 0 0 1 0 0 0 0 0 0 0 0 0 0 1 0 0 0 0 0 2 0 0 0 0 0 0 0 0 0 0 0 0 0 1 56 0 13 0 0 16 0 0 18 13 22 41 0 0 57 48 33 11 12 0 0 0 0 0 0 0 0 0 0 0 0 0 17 0 0 0 0 0 8 2 0 0 0 0 0 1 0 0 0 0 0 0 0 0 0 0 0 0 0 0 0 0 0 0 0 0 0 0 1 0 0 0 0 0 2 1 5 78 76 1 12 3 0 0 0 0 0 0 0 0 0 0 0 0 0 0 0 0 0 0 0 5 0 0 0 0 14 13 0 10 
 0 0 100 74 226 98 0 0 0 0 0 73 2 2 1 0 35 85 0 0 246 157 202 69 275 100 139 225 137 275 36 52 123 158 71 102 125 29 0 243 0 1 0 2 2 0 1 0 0 30 0 0 2 0 3 0 3 0 0 0 0 0 1 0 0 3 3 2 0 53 3 0 0 2 0 0 3 0 1 2 0 0 0 0 10 32 0 0 0 15 8 0 0 0 0 0 0 0 0 0 22 22 0 14 0 9 21 48 15 10 13 0 0 39 1 0 9 15 18 48 0 0 0 0 0 0 0 0 0 0 0 0 0 0 0 0 0 0 0 0 5 0 0 41 0 0 0 0 0 0 0 0 0 0 0 0 5 5 6 0 0 0 0 0 21 21 0 0 0 2 4 0 0 0 0 0 11 0 0 0 11 8 61 0 0 0 0 41 11 1 0 0 31 54 5 20 0 15 0 24 0 0 0 0 0 0 1 0 0 0 0 0 1 0 0 0 0 0 0 0 0 0 0 0 0 0 0 0 0 0 0 0 0 0 0 0 0 0 0 0 0 0 0 0 0 0 0 0 0 0 0 0 0 1 13 0 0 80 2 0 1 0 0 0 0 0 20 0 0 0 0 0 0 0 0 1 0 18 0 0 0 0 0 0 0 0 0 0 0 0 
 2 74 1 0 78 60 75 1 2 1 0 0 76 83 0 0 74 2 0 4 42 352 272 299 60 63 67 445 563 178 61 31 58 138 231 314 103 326 243 0 0 3 0 4 2 0 1 4 7 8 0 0 2 0 3 0 3 0 0 1 0 0 0 0 0 1 3 2 0 0 2 0 0 2 0 0 3 0 0 0 11 0 0 0 0 0 0 0 4 6 0 0 0 7 9 2 0 0 10 0 19 10 0 1 0 7 0 35 26 7 18 0 0 10 0 0 1 12 23 29 0 0 0 0 0 0 0 0 0 0 0 0 1 0 0 0 9 0 0 0 0 0 0 0 0 0 0 0 0 0 0 0 0 0 0 0 0 0 0 0 0 0 0 0 0 1 0 11 11 0 8 0 0 0 0 0 0 0 13 8 8 0 30 0 0 0 0 11 4 1 0 9 10 29 38 13 12 26 0 6 0 0 0 1 0 0 0 0 0 0 0 0 1 0 0 0 0 0 12 0 8 0 0 0 13 0 0 0 0 0 0 0 0 0 0 0 0 0 0 0 0 0 0 0 0 0 0 0 0 0 0 0 0 0 13 2 2 42 2 0 0 0 0 0 0 0 0 0 0 0 0 0 0 0 0 0 0 0 0 0 0 0 0 0 0 23 15 0 0 0 
 1 0 0 66 0 0 0 2 0 0 0 0 0 0 2 0 0 0 0 3 0 0 19 65 72 1 0 0 0 0 0 64 0 0 62 0 0 0 0 0 0 322 376 292 51 30 226 139 42 51 112 143 371 377 348 213 35 39 116 42 0 3 0 0 17 0 0 0 0 22 5 0 0 0 0 0 0 208 203 0 0 0 0 0 0 0 0 0 0 0 0 0 0 0 0 0 0 0 0 0 0 0 12 13 0 10 0 13 0 0 0 0 0 0 0 0 0 0 0 0 0 0 35 1 0 0 9 11 0 21 8 0 7 11 10 0 37 0 10 13 0 0 0 0 0 0 0 0 0 0 0 0 0 0 0 0 0 0 0 0 0 0 0 0 0 2 0 0 0 0 0 0 0 0 0 0 0 0 0 0 0 0 0 7 0 9 0 0 0 0 22 0 0 0 0 0 0 0 0 0 65 0 15 0 0 0 27 10 0 12 11 0 40 12 0 9 46 18 12 10 0 0 0 1 0 0 0 10 0 0 0 0 0 0 0 0 0 0 0 0 0 0 0 0 0 0 0 0 0 0 0 0 0 0 0 0 0 0 0 0 0 0 2 21 0 2 0 0 2 0 0 0 0 0 0 0 0 0 0 0 0 0 0 0 0 0 0 8 2 0 
 3 6 0 0 0 0 0 10 4 0 10 0 0 0 0 6 8 3 0 0 3 2 1 7 1 2 2 1 5 1 1 5 2 2 1 3 1 1 1 3 322 0 518 92 262 126 56 159 239 86 75 54 311 67 74 145 116 334 111 68 0 0 0 0 0 210 0 0 6 0 0 0 0 0 0 0 0 0 6 2 0 0 0 5 14 0 0 0 2 0 0 2 0 1 0 0 0 0 12 0 0 0 0 0 0 0 3 0 0 0 0 0 3 0 5 0 0 0 2 0 3 1 30 40 11 2 0 20 10 29 17 17 0 0 0 0 14 32 0 0 0 0 0 0 0 0 2 13 0 8 0 0 0 0 0 0 0 0 0 0 0 5 1 0 0 0 0 0 0 0 0 0 0 0 0 0 0 0 0 0 0 0 0 0 22 0 0 0 0 0 0 7 0 0 0 0 0 0 0 0 13 10 1 0 9 13 0 0 0 12 7 16 0 7 6 0 31 0 0 0 0 0 0 0 0 0 0 0 0 0 8 0 39 8 24 0 0 0 23 12 0 0 0 0 0 0 0 0 0 0 0 13 0 1 0 0 0 0 0 8 0 0 2 1 79 0 6 0 0 0 0 0 0 0 0 0 0 0 0 0 0 0 0 0 6 10 0 0 0 0 
 0 3 0 0 0 0 0 0 52 0 4 0 0 0 0 0 0 0 0 0 0 0 0 7 0 0 0 0 0 0 0 0 0 0 0 0 0 63 0 0 376 518 0 189 36 42 71 230 111 683 271 38 101 65 366 330 350 346 344 488 0 0 3 6 0 2 65 7 0 0 0 0 2 5 3 0 2 9 1 57 12 0 0 0 0 0 0 0 0 0 0 0 0 0 0 0 0 0 0 0 0 0 0 0 7 1 0 0 0 0 0 0 0 0 0 0 0 0 0 0 1 17 0 30 13 33 11 10 11 12 92 19 13 0 10 0 10 7 11 0 0 9 6 0 0 0 0 25 0 4 13 0 10 4 0 9 0 0 10 6 0 0 0 0 0 0 3 0 0 0 0 0 0 0 0 0 0 0 0 0 0 0 0 0 0 0 0 0 0 0 0 0 0 0 0 0 0 0 0 0 14 21 1 0 22 0 9 10 3 16 1 15 0 9 11 29 11 18 0 0 12 5 0 0 0 0 0 0 0 8 0 0 8 7 1 0 0 0 24 1 0 0 0 0 0 0 0 0 0 0 0 4 0 2 0 0 0 0 0 9 0 0 0 4 0 9 0 0 2 0 1 0 0 0 0 0 0 0 0 0 0 0 0 0 20 10 0 18 0 0 
 8 3 2 2 0 3 2 5 3 6 1 2 3 3 4 0 2 2 0 2 2 2 2 2 2 2 2 2 2 2 2 2 2 2 2 2 2 2 2 4 292 92 189 0 326 31 79 101 145 204 582 294 57 90 287 82 326 511 67 61 0 51 0 0 0 0 7 53 0 0 0 0 19 64 0 0 0 0 51 49 0 0 0 0 0 0 27 0 0 0 0 0 9 0 4 0 0 0 7 0 0 0 0 0 0 0 0 0 0 0 0 0 0 0 0 0 0 0 0 0 0 0 0 0 46 25 0 0 0 21 28 11 0 0 0 0 0 53 0 0 0 13 2 0 19 0 11 4 0 7 0 7 22 0 0 0 0 0 23 3 0 0 6 2 0 8 0 1 0 3 0 3 0 0 7 1 0 0 0 0 0 0 0 0 0 0 0 0 0 0 0 0 0 0 0 0 0 0 0 0 0 0 0 15 29 0 0 0 11 7 4 10 0 0 0 10 0 0 0 0 1 20 0 0 0 0 14 0 0 0 0 0 35 0 37 10 0 0 1 0 0 0 10 0 0 19 0 0 0 0 0 5 0 1 0 0 0 0 0 4 0 0 0 0 3 1 0 8 2 0 0 0 0 0 0 0 0 0 0 0 0 4 0 0 6 0 0 0 0 0 
 10 7 4 2 2 5 2 2 2 0 65 2 2 2 1 2 2 2 2 2 5 2 2 2 2 2 2 2 2 2 2 2 2 2 2 2 2 3 2 2 51 262 36 326 0 190 49 93 86 77 108 144 273 67 119 65 570 115 52 85 35 0 3 0 0 0 45 124 0 0 0 0 27 66 18 0 0 0 117 53 0 0 0 0 0 0 0 0 0 0 0 0 0 1 0 0 0 0 0 0 0 0 0 0 0 0 0 7 0 0 0 0 0 0 0 0 0 0 0 0 0 0 0 0 11 47 6 0 0 0 1 40 0 0 0 0 0 0 0 0 12 13 15 0 0 0 0 21 0 9 4 7 17 24 1 45 0 0 26 1 0 0 0 0 0 0 0 0 0 0 0 6 0 0 0 0 2 10 0 0 0 0 0 0 0 0 0 0 0 0 0 0 0 0 0 0 0 0 0 0 0 0 0 8 24 18 0 0 0 0 0 0 0 0 0 0 0 0 0 0 31 25 13 1 4 0 10 5 16 13 0 10 6 6 26 18 20 1 41 24 0 0 0 0 0 0 0 0 0 0 0 6 0 0 0 0 0 0 0 1 0 0 2 3 9 2 2 0 2 3 0 0 0 0 0 0 0 0 0 0 0 0 0 0 0 0 0 0 0 0 
 0 5 0 0 0 0 0 2 0 0 0 0 0 0 2 1 0 0 0 0 0 0 0 0 0 0 0 0 0 0 2 0 0 0 0 0 0 0 0 0 30 126 42 31 190 0 36 44 48 39 281 105 38 42 67 39 130 126 43 61 0 2 50 14 0 4 2 6 57 40 0 4 54 58 57 6 0 54 4 5 0 0 0 0 0 0 0 0 0 0 0 0 0 0 0 0 0 0 0 0 0 0 0 0 0 0 0 0 0 0 0 0 0 0 0 0 0 0 0 0 0 0 15 0 28 25 11 0 6 7 0 21 0 0 0 0 0 0 0 0 0 7 0 2 3 7 12 0 3 0 0 1 27 0 0 4 0 0 40 0 0 0 0 0 0 0 0 0 0 0 0 0 0 0 0 0 0 0 0 0 0 0 0 0 0 0 0 0 0 0 0 0 0 0 0 0 0 0 0 0 12 9 0 0 21 16 0 0 0 16 3 0 0 0 0 0 6 0 0 0 18 9 35 12 0 0 35 20 0 40 17 30 0 9 0 0 15 38 10 10 1 0 0 0 0 0 0 0 0 0 0 0 0 0 0 0 0 0 0 11 0 0 0 1 3 2 5 0 0 0 46 0 0 0 0 7 0 0 0 0 0 0 0 0 0 0 0 0 2 0 
 0 0 1 66 0 0 0 2 0 8 63 0 3 0 0 0 0 3 0 0 1 0 1 1 3 1 27 2 1 2 2 74 0 1 2 0 1 0 1 1 226 56 71 79 49 36 0 116 78 26 24 72 314 199 112 275 114 99 100 271 0 33 1 3 5 0 2 4 0 0 0 0 3 2 1 0 0 0 4 0 0 0 0 0 0 8 0 0 0 0 0 0 0 0 0 0 0 0 0 0 0 1 0 10 0 20 0 4 10 0 6 0 8 6 0 0 0 0 11 0 0 1 1 10 0 0 18 30 0 25 0 0 39 0 3 11 4 0 0 0 0 0 0 0 0 0 0 0 0 0 0 0 0 0 9 0 0 0 0 0 0 0 0 0 19 0 3 0 0 8 14 0 0 0 0 0 0 0 0 0 0 0 0 9 0 36 0 0 8 7 6 0 1 0 0 0 0 0 0 0 22 0 3 0 0 0 31 0 13 20 0 0 5 0 12 0 5 41 13 0 0 0 0 0 0 0 0 0 0 0 0 0 0 0 0 0 0 0 0 0 0 0 0 0 0 0 0 0 61 0 0 2 0 0 0 1 0 2 0 0 0 0 1 1 1 12 2 0 1 0 0 0 0 0 0 0 0 0 0 0 0 0 0 0 0 0 0 0 0 0 
 34 0 34 77 0 0 0 60 64 0 0 3 2 0 0 0 57 0 0 2 0 0 0 0 1 0 0 6 0 0 2 0 0 0 0 0 0 0 0 4 139 159 230 101 93 44 116 0 180 42 125 151 187 83 75 47 44 35 269 51 10 0 4 0 0 0 2 0 0 0 0 0 4 0 2 0 0 0 0 0 12 33 0 0 0 0 9 8 0 0 0 0 7 0 0 0 0 0 13 31 0 0 0 0 0 0 0 0 0 0 0 0 0 0 0 0 0 0 0 0 0 0 13 0 0 0 0 11 14 2 1 2 0 0 0 6 12 0 16 0 1 0 0 0 0 0 0 0 0 0 7 2 49 0 0 9 0 0 5 10 0 0 0 0 0 0 0 0 0 0 0 0 0 0 0 0 0 0 0 0 0 0 0 0 0 9 0 0 0 0 0 0 0 0 0 0 0 0 0 0 23 17 25 13 19 6 30 0 10 0 0 0 0 0 0 18 28 21 14 0 0 7 2 0 10 0 0 0 3 0 0 0 7 4 3 0 1 0 0 10 0 0 11 0 0 0 0 0 0 94 0 5 0 1 0 0 0 0 0 2 0 0 1 0 0 0 0 1 0 0 0 0 0 23 0 0 0 0 0 0 0 0 0 0 0 0 0 1 0 0 
 3 1 3 0 0 0 0 0 0 0 0 0 0 0 0 0 0 0 0 0 2 2 0 4 4 0 0 0 0 0 0 2 0 0 0 0 0 0 0 7 42 239 111 145 86 48 78 180 0 145 42 35 139 157 229 204 244 382 91 83 6 0 0 0 0 0 2 0 1 0 0 0 0 51 0 0 0 2 0 0 0 0 0 0 0 0 0 0 0 0 0 0 0 0 0 0 0 0 0 0 0 0 0 0 0 7 0 0 0 0 0 0 0 0 0 0 0 0 0 0 0 1 38 36 30 21 13 24 5 8 16 27 1 0 0 25 58 7 0 0 0 0 0 0 0 0 12 0 0 0 0 1 22 0 0 0 0 0 11 10 0 0 0 0 0 0 3 0 0 15 0 0 0 0 0 0 0 0 0 0 0 0 0 0 0 0 0 0 0 0 1 0 0 0 0 0 0 0 0 0 0 25 4 0 41 25 0 0 13 13 11 13 11 0 11 1 0 1 0 11 0 0 0 0 0 0 9 0 0 0 0 0 10 0 5 0 0 0 0 10 0 0 1 0 0 0 0 0 0 0 0 3 0 0 0 0 0 0 1 1 0 0 1 2 31 10 1 0 1 0 13 0 0 0 0 0 0 0 0 0 0 0 0 0 0 29 0 0 0 0 
 0 2 0 0 0 5 0 2 0 0 4 0 2 0 2 0 0 0 0 0 38 0 0 7 0 0 2 8 0 0 0 2 64 1 6 0 6 3 30 8 51 86 683 204 77 39 26 42 145 0 149 134 39 191 170 97 75 242 74 122 2 3 0 0 0 208 6 0 0 0 0 0 0 0 16 6 0 0 0 2 0 12 0 0 0 0 0 0 0 0 0 0 0 0 0 0 0 0 0 0 20 27 0 0 24 0 0 0 0 0 0 0 0 0 0 0 0 0 0 5 0 24 0 13 18 28 2 0 11 24 19 0 0 0 10 9 11 25 0 0 0 0 0 0 0 0 1 0 0 4 0 0 11 0 0 0 0 0 10 0 0 0 0 0 0 0 3 0 0 0 5 0 0 0 0 0 0 0 0 0 0 2 44 0 0 0 6 5 7 0 0 0 0 0 5 0 0 0 0 7 12 53 6 27 12 0 0 0 15 57 0 35 0 0 10 22 2 6 0 0 13 10 0 0 0 0 3 1 1 0 0 0 11 0 11 23 0 0 31 0 0 0 14 0 0 0 0 0 0 0 0 9 0 1 0 0 0 0 11 9 0 0 0 5 1 10 2 39 2 0 26 0 0 0 0 0 0 0 0 0 0 0 0 0 7 0 0 0 0 0 
 0 0 3 0 0 0 0 0 0 0 0 0 0 0 3 0 0 0 0 0 0 0 0 3 0 0 1 0 0 0 0 0 0 0 0 0 0 0 0 0 112 75 271 582 108 281 24 125 42 149 0 166 91 24 296 119 147 302 128 506 25 0 0 0 0 0 0 84 3 0 0 0 0 0 1 0 1 208 308 58 0 0 0 0 0 0 0 1 0 0 0 0 0 0 0 0 0 0 0 0 0 0 0 0 0 0 0 0 0 0 0 0 0 0 0 0 0 0 0 0 0 0 0 11 0 42 0 10 1 9 26 30 1 0 0 11 10 7 0 0 0 0 0 0 0 0 2 0 0 1 0 0 0 11 19 12 0 0 0 12 0 0 2 0 0 0 0 0 8 0 0 5 0 0 0 0 0 0 0 0 0 0 0 0 0 0 0 0 0 0 0 0 0 0 0 0 0 0 0 0 0 0 9 18 10 13 24 0 0 0 0 1 0 7 0 0 2 11 0 0 1 0 0 0 0 0 16 0 4 0 0 0 15 0 0 11 0 0 25 26 0 0 0 0 0 0 0 0 0 0 0 5 0 1 0 0 0 0 0 0 0 0 1 0 2 2 0 0 0 0 0 0 0 12 0 0 0 0 0 0 0 4 3 0 0 21 0 6 0 0 
 0 0 0 0 0 0 0 2 0 0 0 59 0 0 3 0 0 0 0 0 0 0 6 0 0 0 0 1 0 0 0 0 1 6 19 6 1 1 0 0 143 54 38 294 144 105 72 151 35 134 166 0 26 41 31 33 95 86 29 44 85 0 0 0 0 2 19 0 5 0 0 0 0 0 4 10 3 6 0 0 0 0 0 0 0 0 0 0 0 0 0 0 0 0 0 0 0 0 0 0 4 0 6 0 4 4 0 0 0 0 12 0 0 0 0 8 0 0 0 14 9 0 0 15 18 10 0 0 0 11 10 0 0 0 0 30 0 0 0 0 20 0 18 0 0 0 0 12 0 10 0 0 0 12 0 26 0 0 21 0 0 0 0 0 0 0 0 0 0 0 0 2 0 0 0 0 0 0 0 0 0 12 0 0 0 14 12 0 6 0 25 0 0 0 0 0 10 0 0 0 0 0 11 28 0 11 20 0 0 0 0 0 4 0 0 0 19 30 0 0 42 9 20 0 0 0 5 21 20 0 0 24 0 11 7 13 10 0 31 0 0 0 0 0 0 0 0 0 0 0 0 8 0 2 0 0 0 0 4 2 0 2 64 0 0 0 0 0 0 0 0 0 0 0 0 0 0 0 0 0 0 4 0 0 0 0 0 10 0 0 
 36 2 2 0 0 0 0 0 0 0 0 0 0 0 0 2 0 0 0 0 2 2 2 6 75 49 2 6 68 4 5 2 2 2 2 2 2 2 2 2 371 311 101 57 273 38 314 187 139 39 91 26 0 113 56 116 278 35 301 142 0 0 45 0 0 0 0 0 1 63 6 2 3 0 0 6 0 4 0 0 0 0 0 0 0 0 0 0 0 0 0 0 0 0 0 0 0 0 0 0 0 0 0 0 7 3 0 0 0 0 0 0 0 0 8 0 0 0 0 0 0 0 21 20 0 0 57 57 12 0 13 13 19 17 11 29 23 8 0 1 0 0 0 0 0 7 0 0 6 0 0 0 0 0 0 0 0 0 0 0 0 0 0 0 0 0 1 0 0 25 0 0 0 0 0 0 0 0 0 0 0 0 0 0 9 9 0 0 0 0 7 9 0 0 0 0 7 0 0 0 16 4 11 0 0 0 0 17 21 11 0 0 26 14 1 0 17 20 6 13 0 0 0 2 0 0 0 0 0 0 0 1 0 0 0 0 0 1 0 1 0 0 0 0 0 0 0 0 0 0 0 7 0 0 0 0 0 0 0 0 0 0 2 0 0 0 0 0 0 0 1 0 0 0 0 2 0 0 0 0 0 0 0 0 10 9 0 0 0 6 
 2 0 0 0 0 0 0 2 0 0 0 2 0 0 0 0 0 0 0 0 2 0 0 24 8 0 0 4 1 0 0 132 0 0 0 0 1 0 0 0 377 67 65 90 67 42 199 83 157 191 24 41 113 0 171 167 62 31 96 132 0 41 0 0 10 2 0 0 2 0 0 3 0 0 0 0 3 0 0 0 0 19 0 0 0 0 0 0 0 0 0 0 0 0 0 0 0 0 0 0 0 0 0 8 0 12 0 0 0 0 1 0 0 0 0 0 1 0 0 0 10 10 5 39 0 0 13 0 0 32 0 0 0 5 17 33 23 30 0 13 0 0 0 0 0 0 0 0 0 0 0 0 0 0 0 0 0 0 0 0 0 0 0 0 0 5 0 0 0 0 0 0 0 0 0 0 0 0 0 0 0 0 0 9 2 0 0 0 0 0 24 0 0 0 0 1 0 0 0 0 8 19 0 25 0 0 21 8 0 16 26 33 3 5 0 0 0 12 0 0 42 0 0 0 0 0 16 0 0 0 0 0 15 0 12 0 0 0 10 0 0 0 0 0 0 0 0 0 0 0 0 5 0 0 0 0 0 0 0 0 0 0 8 0 0 0 0 0 0 0 13 0 0 0 0 0 0 0 0 0 0 0 0 0 0 0 0 0 2 0 
 5 4 3 3 2 3 3 5 3 0 3 3 7 3 0 65 3 3 2 3 3 3 3 4 3 21 3 3 6 3 3 66 3 3 5 3 3 73 3 3 348 74 366 287 119 67 112 75 229 170 296 31 56 171 0 459 105 33 292 324 0 2 0 2 4 0 0 0 0 0 2 0 2 0 0 0 0 0 4 0 0 0 0 0 0 0 14 0 0 0 0 0 0 0 0 0 0 0 0 0 2 0 0 0 14 11 0 0 0 0 0 13 0 0 0 0 0 0 0 0 11 82 0 17 8 0 20 20 1 25 49 0 10 0 42 11 25 10 1 0 0 0 0 0 0 9 2 0 0 0 0 1 0 0 1 0 0 1 7 0 0 0 25 0 0 0 5 0 0 17 0 0 0 0 0 0 0 0 0 0 0 0 0 0 7 0 0 0 0 0 1 6 0 0 0 0 0 0 0 0 7 15 10 33 0 6 11 11 19 32 27 28 8 6 28 7 49 17 0 0 0 0 0 0 0 0 12 0 0 0 0 0 0 0 10 0 21 0 4 0 0 0 0 0 0 0 0 0 0 0 0 10 0 0 0 0 0 0 0 0 0 0 5 66 3 5 3 0 67 0 24 0 0 0 0 0 0 0 0 0 0 0 0 0 16 13 0 0 1 0 
 0 3 1 0 0 0 0 2 0 0 0 0 0 0 0 0 0 0 0 0 4 0 0 1 0 0 0 0 0 0 0 0 200 0 0 0 0 0 0 0 213 145 330 82 65 39 275 47 204 97 119 33 116 167 459 0 144 148 265 308 0 0 4 3 3 0 5 2 0 3 0 0 5 0 3 0 0 2 14 21 0 0 0 0 0 0 0 0 0 0 0 0 0 0 26 0 0 0 0 0 0 0 0 0 10 9 0 0 0 0 0 0 8 0 0 0 0 0 0 0 42 17 27 31 20 28 39 14 0 16 9 8 0 0 0 101 27 57 0 0 0 0 0 0 0 0 6 5 0 6 0 0 0 0 11 0 0 0 0 0 7 0 0 0 0 0 5 0 0 14 0 0 0 0 0 0 0 0 0 0 0 0 0 0 0 0 0 0 0 0 0 0 0 0 0 0 0 0 0 0 0 0 0 0 5 20 1 0 4 8 11 85 10 11 20 0 0 0 0 0 20 0 0 0 0 0 8 0 0 0 0 0 19 0 13 14 0 0 0 3 0 0 0 0 0 0 0 1 0 0 0 10 0 0 0 0 1 0 0 0 0 0 0 1 1 13 0 0 0 0 0 0 0 0 0 0 0 0 0 0 0 0 8 0 7 5 0 0 2 0 
 1 0 5 0 0 0 0 2 0 0 8 0 0 0 3 0 0 0 3 0 3 3 3 9 76 7 3 3 3 3 3 13 3 3 3 3 3 3 3 3 35 116 350 326 570 130 114 44 244 75 147 95 278 62 105 144 0 76 172 55 0 0 0 0 4 0 0 0 0 2 0 0 53 25 0 0 0 0 8 7 0 0 0 0 0 0 0 0 0 0 0 0 0 0 0 0 13 0 0 0 0 0 0 0 0 3 0 0 0 0 0 0 0 5 0 0 0 1 0 0 14 0 24 37 4 12 31 37 0 25 12 19 10 0 9 44 97 77 0 0 0 10 0 0 0 0 3 0 0 0 11 0 5 0 6 0 0 0 12 0 0 0 0 0 0 0 1 0 0 15 0 0 0 0 0 0 0 0 0 0 0 0 0 0 0 0 0 7 0 0 3 0 0 0 0 0 0 0 0 0 0 14 1 17 0 6 0 0 10 14 9 11 28 8 0 0 40 0 0 13 0 9 0 0 0 0 26 0 0 0 0 0 0 0 30 0 0 0 0 19 0 0 0 0 0 0 0 0 0 0 0 3 1 1 0 0 0 0 0 1 0 0 2 2 65 3 0 0 0 0 20 0 0 0 1 0 0 19 0 0 0 0 7 0 1 11 0 0 0 0 
 5 0 0 2 0 66 0 0 0 0 0 2 3 0 0 0 0 0 0 0 2 7 8 7 5 5 202 4 3 0 0 4 0 0 0 0 0 10 0 0 39 334 346 511 115 126 99 35 382 242 302 86 35 31 33 148 76 0 27 96 8 1 0 0 0 0 3 0 0 0 0 0 50 24 0 0 0 207 208 50 0 0 0 0 8 0 0 0 0 0 0 0 0 0 0 0 0 0 0 0 0 2 4 0 0 6 0 0 7 0 0 0 0 0 0 0 0 0 0 0 0 20 1 6 28 19 23 0 0 1 8 11 4 0 16 0 0 1 0 0 7 17 0 0 0 0 13 15 0 3 0 0 5 0 0 0 0 0 19 0 0 0 0 0 0 0 4 0 0 3 0 0 0 0 0 0 0 0 0 0 0 0 0 0 0 7 0 0 0 5 0 0 0 0 0 8 0 0 0 0 0 0 0 0 0 1 0 0 8 1 6 13 0 0 21 7 35 14 0 0 0 20 0 0 0 0 0 0 12 0 0 0 6 8 11 6 0 0 19 21 0 0 2 0 0 0 0 0 0 0 0 8 0 0 0 0 0 0 0 0 0 27 1 64 68 4 5 108 1 0 0 0 0 20 0 0 0 0 0 0 0 6 0 0 16 0 0 0 0 0 
 0 2 0 0 0 0 0 0 0 0 0 0 0 0 0 0 0 0 0 0 22 0 0 27 101 1 0 65 2 65 0 4 0 0 62 0 0 0 0 0 116 111 344 67 52 43 100 269 91 74 128 29 301 96 292 265 172 27 0 159 2 1 0 0 3 0 3 3 0 0 1 0 3 0 0 0 1 2 21 2 0 0 0 0 0 0 0 0 0 0 20 0 0 0 0 0 0 0 0 0 0 0 1 1 24 10 0 0 0 76 1 16 0 0 0 6 6 0 0 0 10 38 33 0 0 0 24 12 0 0 0 6 10 20 4 16 32 8 25 6 0 3 0 0 0 0 0 2 0 0 0 0 0 0 0 0 0 0 0 0 0 0 0 0 0 1 0 0 0 1 0 0 0 0 7 0 0 0 0 0 0 0 0 6 0 0 0 22 0 0 23 0 0 0 0 0 0 14 0 0 0 0 0 0 0 0 0 7 0 0 29 12 80 28 16 0 0 0 0 28 0 0 0 0 0 0 0 0 0 0 0 0 0 0 0 0 0 0 0 0 0 0 0 0 0 0 0 0 0 0 0 6 0 0 0 0 0 125 0 0 0 0 0 0 0 2 0 0 0 0 1 0 0 0 0 0 0 0 0 2 0 0 0 0 0 13 0 0 0 0 
 0 2 4 0 0 0 0 1 0 0 0 0 2 0 7 0 0 0 0 3 0 0 0 57 62 126 2 65 0 88 63 4 0 1 85 0 62 0 0 1 42 68 488 61 85 61 271 51 83 122 506 44 142 132 324 308 55 96 159 0 5 0 6 4 0 0 0 2 0 0 2 0 0 0 0 0 0 1 2 0 0 0 0 0 0 0 0 0 0 0 29 0 0 0 0 0 0 0 0 0 0 0 7 0 22 0 0 0 0 18 7 4 0 0 9 1 10 13 0 0 0 53 5 9 30 0 7 30 25 0 1 0 2 12 43 0 5 0 6 24 0 0 0 0 0 0 0 0 0 0 0 0 0 0 0 0 0 0 11 0 0 0 0 0 0 0 2 0 0 13 0 0 0 0 0 0 0 0 0 0 0 0 0 0 11 12 0 0 0 9 24 22 0 0 0 9 1 28 0 0 12 23 15 12 11 6 0 45 31 29 8 8 20 45 35 15 2 7 0 7 0 0 0 0 0 0 0 0 0 0 0 0 0 0 0 0 0 0 13 0 0 0 0 0 0 0 0 0 0 0 0 6 0 2 0 0 0 0 0 8 0 12 0 7 1 13 4 0 0 0 0 0 0 0 0 0 0 0 0 0 0 25 0 0 10 0 0 0 0 0 
 0 0 0 1 0 0 0 0 0 0 0 0 2 3 5 0 0 0 0 0 1 0 0 0 0 0 0 0 0 0 2 0 0 0 0 0 0 3 0 0 0 0 0 0 35 0 0 10 6 2 25 85 0 0 0 0 0 8 2 5 0 90 246 60 51 36 91 109 38 56 93 28 109 56 125 87 90 125 152 534 0 0 0 0 0 0 0 0 0 0 0 0 0 0 0 0 0 0 0 0 0 0 0 0 0 0 0 0 0 0 0 0 0 0 0 0 0 0 0 0 0 0 20 56 0 16 0 4 3 0 6 15 0 0 0 5 0 0 0 0 20 0 0 7 0 0 23 7 7 3 16 0 11 0 11 9 29 9 2 7 6 3 0 0 9 0 0 0 0 0 0 0 0 0 0 0 0 0 0 0 0 0 0 0 0 0 0 0 0 0 0 0 0 0 0 0 0 0 0 0 0 7 3 0 16 11 0 0 1 0 0 0 0 8 0 1 0 0 0 0 0 27 7 16 15 0 0 19 44 13 20 0 20 30 7 0 12 0 18 46 0 0 1 0 0 2 0 0 0 1 0 0 0 53 2 0 0 0 2 0 0 0 0 0 0 0 0 0 0 7 20 0 0 1 0 0 0 0 0 0 0 0 0 0 0 9 0 0 0 0 
