 0 245 85 51 29 61 595 404 29 32 245 57 47 238 500 57 21 36 56 138 1 1 0 2 8 4 1 0 0 0 74 0 2 0 0 73 4 2 1 0 0 3 0 3 4 6 4 0 0 0 0 7 0 0 3 6 0 0 4 2 3 0 0 2 2 0 0 0 2 0 0 0 0 0 7 3 0 0 0 0 38 63 18 2 0 0 28 30 31 1 9 0 12 24 3 15 10 34 0 16 0 0 0 0 0 0 0 0 0 0 0 0 2 0 0 0 0 0 0 0 0 0 0 0 0 0 0 0 2 0 0 0 0 0 0 0 0 0 0 0 0 0 0 0 0 0 0 0 0 0 0 2 0 0 0 3 0 1 0 1 19 44 32 0 0 0 32 22 9 0 0 0 0 32 24 6 0 8 0 18 0 0 1 0 0 0 0 0 0 0 12 0 0 0 0 1 0 0 0 0 2 0 0 0 0 0 0 0 0 0 0 0 0 0 2 0 0 0 0 0 0 0 0 0 0 0 0 0 0 0 0 0 0 0 0 0 0 0 0 0 0 0 0 0 0 0 0 2 2 2 0 3 0 0 0 0 0 0 0 0 0 0 0 0 0 0 0 0 0 2 0 0 0 0 0 0 0 1 0 0 0 0 0 0 0 0 0 0 0 0 
 245 0 488 270 50 252 166 664 431 52 38 16 264 64 362 369 228 42 42 36 0 1 0 2 6 0 0 0 0 0 0 0 2 0 0 0 0 3 0 1 0 3 0 2 0 0 5 0 2 3 0 0 0 0 0 0 0 4 0 2 2 0 3 1 0 0 1 1 5 0 0 0 0 0 0 0 0 0 0 7 0 10 26 22 2 0 21 0 54 57 18 0 0 4 0 73 48 85 0 2 0 2 0 0 0 1 0 0 1 0 0 0 0 1 0 0 0 0 1 0 0 34 0 0 0 0 0 0 0 0 0 0 0 0 0 0 0 0 21 0 0 0 17 0 0 0 0 0 0 0 13 0 1 2 0 0 0 0 0 6 18 14 33 12 0 0 0 0 34 32 26 0 0 0 3 23 18 17 0 2 0 0 0 0 0 0 0 0 0 0 0 0 0 0 0 0 0 0 0 0 0 0 0 0 0 0 2 0 0 0 0 0 0 0 0 0 0 0 0 0 2 0 2 0 0 0 0 0 0 0 0 0 0 0 0 0 0 0 0 0 0 13 0 0 0 2 0 0 3 0 0 4 12 0 0 0 0 0 0 0 0 0 0 0 0 0 0 0 0 0 0 0 0 0 0 3 12 1 0 0 0 0 0 0 0 0 0 0 0 0 
 85 488 0 88 202 67 50 73 121 401 111 20 35 61 41 377 392 424 104 44 0 1 0 1 3 2 2 0 0 0 0 3 4 3 2 7 0 0 1 0 3 5 3 1 0 6 6 0 0 0 0 0 2 1 3 0 4 3 3 64 3 2 0 2 0 0 0 0 2 4 4 0 0 0 0 4 0 0 0 0 0 0 42 67 4 0 0 0 37 75 87 0 0 0 0 50 37 28 0 0 0 0 0 0 0 0 0 0 0 0 0 0 0 0 0 0 0 0 0 0 0 0 19 0 0 0 13 0 0 0 0 0 0 0 0 0 0 0 0 0 0 0 0 0 0 0 0 0 0 0 0 0 2 0 0 0 0 0 0 7 0 0 11 15 0 0 0 0 30 37 38 19 0 0 18 8 46 44 0 0 0 0 0 0 0 0 0 0 0 0 0 0 0 21 0 0 0 10 0 0 0 0 0 0 0 0 0 0 0 0 0 0 0 0 0 0 0 0 0 0 0 0 24 0 0 0 0 0 0 0 0 0 0 0 0 0 0 0 0 0 0 2 0 0 0 1 5 0 0 2 2 3 7 0 0 2 0 0 0 10 0 2 14 0 0 0 0 0 0 0 0 0 0 0 0 24 11 15 0 0 0 0 0 0 0 0 0 0 0 0 
 51 270 88 0 299 37 75 59 82 655 156 308 63 93 53 253 126 381 165 57 0 0 0 0 3 0 0 0 0 0 0 0 2 2 0 0 0 0 1 0 0 3 0 2 0 3 0 0 0 0 0 0 0 0 0 0 0 0 63 2 3 0 0 0 0 0 0 0 2 0 0 0 0 0 0 0 0 0 0 0 0 0 0 42 46 18 0 0 0 10 45 66 0 0 2 0 34 0 0 0 1 0 0 0 0 0 0 0 21 0 0 0 15 0 0 0 0 0 36 0 0 2 0 0 0 0 0 0 0 0 0 0 0 0 0 0 0 0 0 0 0 2 0 1 0 0 0 0 0 0 0 0 4 0 0 0 0 0 0 0 0 0 0 5 17 0 0 0 11 1 12 18 0 16 0 0 19 19 0 0 0 0 0 0 0 0 14 0 0 0 0 0 0 0 0 0 0 0 29 0 0 0 0 0 0 0 0 0 0 0 0 2 0 0 0 0 0 0 0 11 0 0 0 0 0 0 0 1 0 0 0 0 0 0 0 0 0 0 0 0 0 0 0 0 0 1 93 0 3 53 2 6 14 2 0 0 0 0 0 1 0 0 14 0 0 0 0 0 0 0 0 0 0 0 0 21 0 13 0 0 0 0 0 0 0 0 0 0 0 0 
 29 50 202 299 0 364 43 42 64 66 67 380 67 44 256 77 65 254 43 73 0 2 0 0 6 0 0 0 0 0 0 0 2 1 0 0 0 3 8 1 3 5 0 5 0 0 3 0 0 0 0 3 0 0 0 0 0 0 0 2 49 0 0 0 0 0 0 0 3 2 4 0 0 0 0 0 0 0 0 0 0 0 0 0 24 42 3 0 0 0 0 70 0 0 0 0 0 0 0 1 0 0 0 16 0 0 75 1 18 0 0 0 29 0 0 0 0 0 36 20 0 0 0 0 0 0 0 0 0 0 1 0 0 0 0 0 9 0 0 0 0 0 0 0 0 0 0 0 0 0 0 0 0 0 0 0 0 0 0 0 0 0 0 1 28 7 0 0 1 0 1 9 9 0 0 0 0 6 0 0 7 0 0 0 0 0 59 0 0 0 0 0 22 0 1 1 0 0 42 17 0 0 0 0 0 0 0 0 0 13 0 0 0 0 0 0 0 0 0 0 0 0 0 0 0 0 0 0 0 0 0 0 0 0 0 0 0 0 0 24 0 0 0 0 0 0 5 3 0 5 1 2 0 0 0 0 0 0 0 0 0 0 0 0 0 0 0 0 0 0 0 0 0 0 0 0 0 0 0 0 0 0 0 0 0 0 0 0 0 0 
 61 252 67 37 364 0 35 257 48 187 180 372 48 48 53 72 51 43 46 41 0 0 0 0 3 0 0 3 0 0 0 74 2 0 4 0 1 0 221 2 0 3 0 2 0 0 2 0 0 0 0 0 0 0 0 0 0 2 0 2 3 0 0 0 0 0 48 0 2 0 0 0 0 0 0 0 0 0 54 0 0 0 0 0 25 38 0 0 1 0 2 23 0 1 0 0 0 0 0 0 28 19 0 0 0 0 46 0 0 0 0 0 49 30 26 0 0 0 21 19 0 0 0 0 0 0 0 10 0 0 0 0 0 0 0 0 0 0 0 0 0 0 0 0 0 0 0 0 0 0 0 0 0 11 0 0 15 0 0 0 0 0 0 0 36 29 0 0 0 0 0 9 4 0 0 0 0 4 0 0 28 7 0 0 0 0 20 0 0 2 4 0 24 1 0 0 0 0 41 31 0 0 2 0 0 0 0 0 0 0 0 0 0 0 0 0 0 0 0 0 0 0 0 0 0 0 0 0 1 0 0 0 0 0 10 19 0 0 0 0 0 0 0 0 0 0 0 0 2 11 1 2 0 4 0 0 0 0 0 0 0 0 0 0 0 0 0 0 0 0 0 0 0 0 0 1 0 0 0 0 0 0 0 0 0 0 0 0 0 0 
 595 166 50 75 43 35 0 78 31 44 35 39 461 408 37 34 30 36 51 573 0 0 1 1 3 2 2 0 0 0 0 0 5 1 0 0 0 0 0 0 1 3 0 0 0 1 1 0 0 0 0 0 0 0 0 0 0 0 0 2 2 0 0 0 0 0 0 0 3 0 0 0 0 0 0 0 0 0 0 1 42 29 20 0 0 0 55 63 3 0 0 0 45 40 42 2 8 0 0 30 0 0 0 0 0 0 0 0 0 0 0 0 0 0 0 0 0 0 0 0 0 0 0 0 0 0 0 0 0 0 0 0 0 0 0 0 0 0 0 0 0 2 0 0 0 0 0 0 0 0 7 0 0 0 0 20 0 0 0 0 10 40 3 0 0 0 43 31 0 0 0 0 0 76 21 5 0 0 12 34 0 0 0 0 0 0 0 0 0 0 0 0 0 0 0 0 0 0 0 0 0 0 0 0 0 0 0 0 0 0 0 0 0 0 0 0 0 0 0 0 0 0 0 0 0 0 0 0 0 0 0 0 0 0 0 0 0 0 0 0 0 0 0 0 0 0 0 0 0 0 2 2 0 0 0 0 0 1 0 0 0 0 0 0 0 0 0 0 0 0 0 0 0 0 0 0 0 0 0 0 0 0 0 0 0 0 0 0 0 9 
 404 664 73 59 42 257 78 0 52 37 31 31 83 490 125 141 23 25 57 75 2 0 0 1 3 0 1 0 0 0 0 0 2 1 0 0 0 0 0 0 0 3 0 0 0 62 0 0 0 0 0 2 0 0 0 0 0 0 0 2 2 0 0 0 0 0 0 0 3 0 0 0 43 0 0 0 0 0 0 0 9 11 64 3 14 0 11 11 69 1 0 0 0 12 0 60 23 58 0 20 0 0 0 0 0 13 0 0 0 0 0 0 0 0 0 0 0 0 0 18 0 0 0 0 0 0 0 0 0 0 0 0 0 0 0 0 0 0 0 0 0 0 0 0 0 0 0 0 0 0 0 0 0 0 0 0 0 0 0 0 21 22 32 35 0 0 2 6 8 0 0 1 0 44 29 1 10 7 0 0 0 9 0 0 0 0 0 0 0 0 0 0 0 0 0 20 0 0 0 0 0 0 5 0 0 0 0 0 0 0 0 0 0 0 13 0 0 0 0 0 0 14 0 0 0 0 0 0 0 0 0 0 0 0 0 0 0 0 0 0 0 0 0 0 0 2 0 0 3 0 0 0 0 0 0 0 0 0 0 0 0 0 0 0 0 0 0 0 0 0 0 0 0 0 0 0 13 0 0 0 0 0 0 0 0 0 0 0 0 0 
 29 431 121 82 64 48 31 52 0 425 256 128 86 91 155 227 130 395 80 79 0 0 0 4 5 0 18 0 0 0 0 0 2 0 0 1 0 0 0 31 0 3 0 0 0 27 0 0 0 0 0 0 0 0 0 0 0 0 0 2 1 0 0 0 0 0 0 0 3 0 0 0 0 0 0 0 0 0 0 0 0 0 45 43 2 0 1 1 28 31 87 2 0 0 0 50 37 26 0 2 2 0 0 0 0 0 0 1 0 0 0 0 0 0 0 0 0 0 0 0 0 0 0 0 0 0 0 0 0 0 0 0 0 0 0 0 0 0 0 0 0 0 0 0 0 0 0 0 1 0 0 0 0 0 0 0 0 0 0 3 1 2 36 15 0 0 0 0 39 46 20 11 0 0 56 3 102 39 0 0 0 0 0 0 0 0 0 0 0 2 0 0 0 0 0 0 0 0 0 0 0 0 2 0 0 0 0 0 0 2 0 0 0 0 0 0 0 0 14 10 0 0 0 0 0 0 0 0 0 0 0 0 0 0 0 1 0 0 0 0 0 2 0 0 0 0 2 0 0 2 0 9 9 0 0 0 0 0 0 0 0 0 0 0 0 0 0 0 0 0 0 0 0 0 0 16 29 14 0 0 0 0 0 0 0 0 0 0 0 0 
 32 52 401 655 66 187 44 37 425 0 357 144 55 80 88 590 230 170 80 113 0 0 0 74 3 0 1 2 0 0 0 0 3 0 0 0 0 0 0 1 0 3 22 0 0 4 2 0 0 0 0 0 0 4 0 0 0 1 0 2 3 0 0 0 0 0 0 0 2 0 0 0 0 0 0 0 0 0 0 0 1 1 1 42 29 8 0 0 0 48 42 24 0 0 0 34 27 31 0 0 0 0 0 0 0 0 1 0 0 0 0 0 3 0 0 0 0 0 0 0 0 0 0 15 1 0 0 0 0 0 0 0 0 0 0 0 0 0 0 0 0 10 0 0 0 0 0 0 0 0 0 0 2 0 0 0 0 0 0 2 0 2 0 19 0 0 0 0 30 31 55 12 0 0 0 23 33 25 21 0 8 0 0 0 0 0 0 0 0 0 0 0 0 0 0 0 0 0 0 0 0 1 0 17 0 0 4 0 0 0 0 0 0 0 0 0 0 0 0 0 0 0 0 0 0 0 0 0 0 0 0 0 0 0 2 0 0 0 0 0 0 16 0 0 0 3 179 0 0 181 0 6 13 0 0 0 0 0 0 0 0 0 33 0 0 0 0 0 0 0 0 0 0 0 0 32 0 9 0 0 0 0 0 0 0 0 0 0 0 0 
 245 38 111 156 67 180 35 31 256 357 0 241 45 33 41 307 382 432 37 271 0 0 0 3 3 2 0 3 5 0 0 1 3 76 0 2 3 0 1 0 51 3 0 2 0 11 0 0 0 1 3 2 0 0 0 6 0 0 2 2 4 0 0 0 4 2 1 6 3 1 0 0 0 0 0 5 0 0 0 0 0 21 0 26 47 8 0 0 0 10 30 62 0 0 0 0 23 0 0 0 1 0 0 0 0 0 0 0 0 0 0 0 34 0 0 0 1 0 1 0 0 0 0 0 0 0 0 2 0 0 2 2 0 0 16 0 0 0 0 0 0 0 0 0 0 0 2 0 0 0 0 0 9 0 0 0 0 0 0 0 0 0 2 4 23 0 0 0 11 1 32 16 0 0 0 0 35 20 0 0 1 1 0 0 0 0 0 0 0 0 0 0 0 0 0 0 0 15 51 0 0 0 0 0 0 0 0 0 0 0 0 0 0 0 0 0 0 0 0 0 0 0 0 0 0 0 0 0 0 0 0 0 2 0 0 0 0 0 0 0 0 0 0 0 0 1 88 0 4 47 0 4 5 0 0 0 0 0 0 0 0 0 14 0 0 0 0 0 0 0 0 0 0 0 0 32 0 13 0 0 0 0 0 0 0 0 0 0 0 0 
 57 16 20 308 380 372 39 31 128 144 241 0 248 239 33 37 74 61 42 45 2 2 0 0 3 2 1 0 2 2 0 2 4 2 7 2 2 2 0 2 0 2 1 6 0 2 2 0 1 0 0 0 1 0 0 1 0 0 0 2 0 0 2 0 0 0 0 0 3 0 0 0 0 0 3 0 0 0 0 0 0 0 0 0 40 26 0 0 0 0 0 57 0 0 0 0 0 0 0 0 0 0 1 0 0 0 0 0 0 0 0 0 0 0 0 0 0 0 2 0 0 0 0 0 1 0 0 0 0 0 0 0 0 0 14 1 0 0 0 0 0 0 0 0 0 0 0 0 0 2 1 0 0 0 0 0 0 0 0 0 0 2 0 9 23 0 2 13 0 0 16 14 6 0 0 15 0 0 0 0 2 0 0 0 0 0 0 0 0 0 0 0 0 0 2 0 0 0 10 0 0 0 0 9 0 0 11 0 0 0 0 0 0 0 34 0 0 1 0 10 0 0 0 0 0 0 0 0 0 0 0 0 0 0 0 0 0 19 2 0 0 0 0 0 0 1 85 0 2 183 0 5 0 0 0 0 0 0 0 0 0 0 13 0 0 0 0 0 0 0 0 0 0 0 0 17 0 0 0 0 0 0 0 0 0 0 0 0 0 0 
 47 264 35 63 67 48 461 83 86 55 45 248 0 274 62 67 31 39 431 208 1 1 0 2 3 0 1 2 0 24 0 0 2 0 0 0 74 0 1 0 0 3 0 0 0 0 2 0 0 0 0 0 0 0 0 0 0 1 0 2 3 0 0 0 0 0 0 0 2 0 0 0 0 0 0 0 1 0 0 0 95 28 0 0 2 0 78 48 1 0 0 2 48 28 28 0 1 0 1 56 0 0 0 0 0 1 0 0 1 0 0 0 0 0 0 14 0 0 0 0 0 0 0 0 0 0 0 0 0 0 0 0 0 0 0 12 0 0 0 0 0 3 0 0 2 2 0 0 0 0 0 0 0 0 0 2 0 3 0 0 26 36 0 2 0 0 50 21 0 1 0 0 47 37 10 18 0 0 8 51 0 0 0 0 0 0 0 0 0 0 0 0 0 0 0 0 0 0 0 1 0 0 0 0 0 0 0 0 0 0 9 0 0 0 1 0 0 0 0 0 0 0 0 0 0 0 0 0 0 0 0 0 0 2 0 0 0 0 0 0 0 0 0 0 2 1 0 0 3 0 0 4 0 0 0 0 0 0 0 0 0 0 0 0 0 0 0 0 0 0 0 0 0 0 0 0 0 0 0 0 0 0 0 0 0 0 0 0 0 0 
 238 64 61 93 44 48 408 490 91 80 33 239 274 0 375 31 81 45 66 278 0 0 0 2 3 0 1 0 1 0 73 0 3 2 0 0 0 0 0 0 0 3 0 0 0 1 38 0 0 0 0 0 0 0 0 0 0 0 0 2 3 0 0 0 0 0 0 0 2 0 0 0 0 0 0 0 0 0 0 0 51 46 13 0 0 0 36 36 33 0 25 0 11 37 0 16 52 28 0 4 0 0 0 0 0 13 0 0 0 0 0 0 34 0 0 0 0 0 0 0 0 0 0 0 0 0 0 0 9 0 0 0 15 0 0 0 0 0 0 0 0 0 0 0 0 0 0 0 0 0 0 0 6 0 11 2 0 0 0 0 20 32 33 0 0 0 45 24 10 0 0 11 0 45 19 10 1 0 0 18 0 0 0 0 0 0 0 0 0 0 0 0 0 0 0 0 0 0 0 0 0 0 0 0 0 0 0 0 0 0 0 0 0 0 0 0 0 0 0 0 0 0 0 0 0 0 0 0 0 0 0 0 0 0 0 0 0 0 0 0 0 0 0 0 0 2 0 0 1 2 0 13 0 0 0 0 0 0 0 0 0 0 0 0 0 0 0 0 0 0 0 0 0 0 0 0 0 0 0 0 0 0 0 0 0 0 0 0 0 0 
 500 362 41 53 256 53 37 125 155 88 41 33 62 375 0 118 43 51 85 117 0 0 0 1 4 0 75 0 2 0 0 0 4 0 1 1 0 1 0 0 0 3 0 0 53 0 0 0 0 0 0 0 0 0 0 0 0 0 0 8 2 0 0 0 0 0 0 0 3 0 0 0 0 0 0 0 0 0 0 11 10 15 44 0 0 0 3 24 39 0 1 0 1 0 0 23 24 19 0 21 1 0 0 0 0 17 33 0 0 0 0 0 0 0 0 0 0 0 0 2 0 0 0 0 0 0 0 0 0 0 0 0 0 0 0 0 0 0 13 0 0 0 0 0 0 0 0 0 1 0 0 0 0 0 0 0 0 0 0 0 0 8 32 0 0 0 1 38 25 0 0 0 0 1 24 0 0 7 0 1 0 0 0 0 0 0 0 0 0 8 2 0 0 0 0 0 0 0 0 0 0 0 0 0 0 0 0 0 0 0 0 0 0 0 0 0 0 0 0 0 0 0 0 0 0 0 0 0 2 0 0 0 0 0 0 1 0 0 0 0 0 0 0 0 0 0 2 0 0 0 0 0 0 0 0 0 0 0 0 0 0 0 0 0 0 0 0 0 0 0 0 0 0 0 0 0 14 0 0 0 0 0 0 0 0 0 0 0 0 0 
 57 369 377 253 77 72 34 141 227 590 307 37 67 31 118 0 205 503 51 58 0 0 0 1 3 0 2 0 0 0 0 3 2 63 2 0 0 0 6 0 2 3 0 2 0 64 0 0 0 0 1 2 0 2 1 0 0 2 0 3 3 0 0 0 0 0 1 0 49 0 0 0 2 0 0 0 0 0 2 0 0 1 37 36 1 0 0 0 32 36 39 1 0 3 0 39 91 41 0 0 0 0 0 0 0 0 0 0 0 0 0 0 0 0 2 0 0 0 0 0 0 0 0 0 0 0 0 0 0 0 0 0 0 0 0 0 0 0 0 0 0 0 0 0 0 0 0 0 0 0 0 1 0 0 0 0 0 0 0 2 14 14 20 21 1 0 0 2 31 83 19 10 0 1 15 36 44 78 0 0 0 0 0 0 0 1 0 0 0 0 0 0 0 13 0 2 0 0 0 1 1 0 20 20 1 0 0 0 0 0 0 0 0 0 0 0 0 0 0 0 0 0 0 0 0 0 0 0 0 0 14 0 0 0 0 0 0 0 0 0 0 13 0 0 0 0 1 0 0 2 0 2 33 0 0 0 0 0 0 0 0 0 2 2 0 0 0 0 0 1 0 0 0 0 0 1 10 1 0 0 0 0 0 0 0 0 0 0 0 0 
 21 228 392 126 65 51 30 23 130 230 382 74 31 81 43 205 0 253 232 116 0 0 0 1 5 0 36 0 1 0 0 0 3 2 0 0 0 0 0 0 0 3 0 0 0 4 0 0 0 0 0 0 64 0 0 0 0 0 0 2 0 0 0 5 0 0 0 0 3 0 0 0 0 0 0 0 0 0 0 0 0 1 30 44 17 0 0 0 12 28 28 1 0 0 0 38 28 29 0 11 0 0 0 0 0 0 0 0 0 0 0 0 0 0 0 0 0 0 12 0 0 0 0 0 0 0 0 0 0 0 0 0 0 0 0 0 0 0 0 0 0 0 0 0 0 12 0 0 0 0 0 0 0 0 0 0 0 0 0 0 0 0 14 22 0 19 0 0 19 15 14 10 0 0 0 10 33 4 0 0 0 0 0 0 0 0 0 0 0 0 0 12 0 0 0 0 0 0 13 0 0 18 0 0 0 0 0 0 0 0 0 0 0 0 0 0 0 0 0 0 0 0 0 0 0 0 0 0 0 0 0 1 0 0 0 0 0 0 0 0 0 1 0 0 3 1 0 0 0 86 0 6 10 0 0 0 2 0 0 0 0 0 0 0 0 0 0 0 0 0 0 0 47 0 0 19 14 0 0 0 0 0 0 0 0 0 0 0 0 2 
 36 42 424 381 254 43 36 25 395 170 432 61 39 45 51 503 253 0 31 40 1 0 0 1 6 0 0 0 2 0 0 0 4 0 0 0 0 1 0 2 0 3 0 3 3 3 4 0 0 0 0 3 0 0 2 0 0 1 0 2 3 0 0 2 0 0 0 0 2 0 0 0 0 0 0 0 0 0 0 3 0 0 0 71 28 12 0 0 12 98 54 41 0 0 0 38 21 42 0 0 0 0 0 0 0 0 0 0 0 0 0 0 0 0 0 0 0 0 0 0 0 1 0 0 0 0 0 1 0 0 2 0 0 0 0 0 0 0 0 0 0 1 0 1 0 0 0 0 0 0 0 0 8 0 0 0 0 0 0 5 0 0 2 21 0 0 0 0 25 76 41 45 0 0 0 24 32 22 0 0 0 0 0 0 0 0 0 0 0 0 0 0 0 0 0 0 0 0 0 0 0 0 0 0 0 0 0 0 1 1 0 0 0 0 0 0 0 0 0 0 0 0 0 0 0 0 0 2 0 0 0 0 2 0 0 0 0 0 0 0 0 10 0 0 0 0 191 4 0 177 0 25 14 0 3 0 0 0 0 0 2 0 14 0 0 0 1 0 0 0 0 0 0 0 0 29 0 10 0 0 0 0 0 0 0 0 0 0 0 0 
 56 42 104 165 43 46 51 57 80 80 37 42 431 66 85 51 232 31 0 354 0 0 1 1 4 0 2 0 0 0 199 0 2 1 0 3 1 0 1 0 0 3 0 0 1 0 1 0 0 0 0 0 62 0 0 0 0 0 0 2 2 0 0 0 0 0 0 0 3 0 0 0 0 4 0 0 43 0 1 0 9 0 0 0 0 18 56 18 1 0 1 0 32 10 40 0 0 0 0 62 0 0 0 0 0 0 0 1 0 0 0 0 0 0 0 0 0 0 0 2 0 0 0 0 0 0 1 0 0 0 0 0 0 0 0 0 0 0 0 0 0 5 0 4 0 6 0 0 2 0 0 0 0 0 0 0 0 0 0 0 18 0 0 0 0 0 15 1 0 0 0 0 16 10 0 0 0 0 24 23 0 0 0 0 0 0 0 0 0 1 0 0 0 0 0 0 0 0 0 0 0 0 1 0 0 0 0 0 0 1 0 0 0 0 0 0 0 0 0 0 0 0 0 0 0 0 0 0 2 0 0 0 0 18 0 2 0 0 11 0 0 0 0 0 0 0 0 0 2 0 0 7 0 2 0 0 0 0 0 0 0 0 0 0 0 0 0 0 0 0 0 0 0 0 0 0 0 0 0 0 0 0 0 0 0 0 0 0 0 0 
 138 36 44 57 73 41 573 75 79 113 271 45 208 278 117 58 116 40 354 0 0 0 0 1 3 1 3 0 0 0 36 1 2 1 72 0 0 2 0 0 0 3 0 0 0 0 2 0 0 0 0 0 0 0 0 0 0 0 3 2 1 0 8 0 0 0 0 0 3 0 0 0 0 0 0 0 0 0 0 0 53 35 0 0 0 0 43 63 2 1 0 0 44 29 29 0 0 0 0 24 0 0 0 0 0 0 0 0 22 0 0 0 0 0 0 0 0 0 0 0 0 0 0 1 0 0 0 0 15 0 0 0 0 0 0 0 0 0 0 0 0 3 0 0 0 4 0 0 0 3 0 0 0 0 0 2 0 0 0 0 61 12 3 20 0 0 40 27 0 0 0 0 12 18 16 9 0 0 14 46 0 0 3 0 0 0 0 0 0 0 0 0 0 0 0 0 0 0 0 0 0 0 0 0 0 0 0 0 0 0 9 0 0 0 0 9 0 0 0 0 0 0 0 0 0 0 0 0 0 0 0 0 0 0 0 0 0 0 0 0 0 0 0 0 0 2 0 0 2 2 2 6 0 0 0 0 0 0 0 0 0 0 0 0 0 0 0 0 0 0 0 0 0 0 0 0 0 0 0 0 0 0 0 0 0 0 0 0 0 0 
 1 0 0 0 0 0 0 2 0 0 0 2 1 0 0 0 0 1 0 0 0 176 103 46 59 37 357 601 65 28 35 234 57 418 363 58 71 56 45 136 2 0 0 0 0 0 7 1 0 0 2 0 0 0 68 1 5 0 0 0 0 3 0 2 1 0 5 0 9 0 2 0 0 2 0 0 5 0 2 4 0 0 0 0 0 0 0 1 17 0 0 0 0 0 0 0 1 0 0 0 6 33 33 14 0 0 0 45 48 12 1 0 9 31 77 30 20 0 0 4 0 0 0 0 0 0 0 0 0 0 0 0 0 0 0 0 0 0 2 0 1 0 7 0 0 0 0 5 0 0 0 0 0 0 0 0 0 0 0 0 0 0 0 0 0 0 0 0 0 0 0 0 2 0 0 1 6 0 0 0 38 17 26 0 0 0 28 38 17 38 0 1 14 59 57 71 76 27 0 12 0 0 0 2 0 0 1 0 14 0 0 0 0 0 0 0 0 0 0 0 0 0 0 0 0 0 0 0 0 0 0 0 0 0 0 0 0 1 0 0 0 0 8 0 0 0 0 0 0 0 0 0 0 0 7 0 0 0 0 0 2 0 0 0 0 0 0 0 0 0 0 0 0 0 0 0 0 0 0 0 0 1 0 0 0 0 0 0 0 0 
 1 1 1 0 2 0 0 0 0 0 0 2 1 0 0 0 0 0 0 0 176 0 332 43 45 34 90 350 241 106 254 41 27 204 331 211 187 36 29 63 2 0 2 0 0 0 7 2 2 0 1 0 3 1 0 2 7 0 60 2 0 3 0 0 2 2 3 0 0 0 5 0 0 4 43 0 2 0 0 2 0 0 0 0 0 1 0 0 0 0 0 0 0 0 0 0 0 0 0 0 0 39 14 28 2 0 0 32 29 14 42 16 8 3 0 22 43 35 0 0 0 0 0 0 0 0 0 0 0 0 0 0 0 0 0 0 0 0 0 0 0 0 4 0 0 0 0 0 0 0 0 0 0 0 0 0 0 0 0 0 0 0 0 0 0 0 0 0 0 0 0 0 9 0 0 0 5 0 0 3 19 33 21 14 8 0 0 1 40 41 16 1 0 23 10 1 55 21 0 3 0 0 0 0 0 0 0 0 2 0 0 0 0 0 0 0 0 0 0 0 0 0 0 0 0 0 0 0 0 0 0 0 0 0 0 0 0 0 0 0 0 0 29 0 0 0 0 0 0 0 0 0 0 20 5 2 2 0 0 2 14 0 2 0 0 0 7 0 0 0 0 0 0 0 0 0 0 0 0 0 0 7 0 0 0 0 7 0 0 0 
 0 0 0 0 0 0 1 0 0 0 0 0 0 0 0 0 0 0 1 0 103 332 0 387 86 20 59 100 326 237 128 41 278 49 45 299 191 497 34 274 2 5 6 0 0 0 3 6 0 1 0 1 0 7 0 0 3 0 0 0 1 13 5 0 0 0 3 0 0 0 6 0 4 3 0 0 2 0 0 5 0 0 0 0 0 0 0 0 0 0 0 0 0 0 0 0 0 0 0 0 0 8 16 39 16 11 0 0 11 40 39 36 2 0 2 31 67 45 0 0 0 0 14 0 0 0 0 0 0 0 0 0 0 0 0 0 0 0 0 0 0 0 1 0 0 0 0 0 0 0 1 0 0 0 0 0 0 0 0 1 12 0 0 0 0 2 0 0 0 0 0 1 0 0 0 0 0 0 0 2 0 16 70 35 11 0 0 0 19 20 40 27 0 0 0 0 14 29 0 0 1 0 0 0 0 0 0 0 0 25 0 0 0 0 0 0 0 0 23 1 0 0 0 0 0 0 0 0 0 0 0 0 0 0 0 0 1 0 0 0 0 0 23 0 0 0 0 0 2 0 0 0 0 1 6 2 2 3 80 0 1 14 0 26 0 0 11 0 0 0 0 0 0 0 0 0 0 0 0 0 0 12 0 0 0 0 10 0 0 0 
 2 2 1 0 0 0 1 1 4 74 3 0 2 2 1 1 1 1 1 1 46 43 387 0 150 23 70 387 93 216 173 201 311 85 45 112 386 275 48 73 2 0 2 0 0 4 1 2 0 0 0 0 0 3 0 2 3 0 2 0 4 3 0 0 0 0 3 3 0 2 0 0 2 2 0 4 2 0 0 3 0 0 0 9 0 0 0 0 0 0 0 0 0 0 0 0 1 0 0 0 0 0 12 12 36 21 0 1 0 53 26 35 0 0 0 0 0 37 0 0 0 0 0 0 0 11 0 0 0 0 0 0 1 0 0 0 0 0 9 0 1 12 0 0 0 0 0 0 0 0 8 0 0 0 0 0 5 0 0 0 0 0 0 0 10 0 0 0 0 1 0 0 1 0 0 1 0 0 0 0 3 0 0 53 19 0 0 0 0 0 18 46 0 0 0 1 0 0 0 0 0 0 0 0 0 0 0 0 0 0 0 0 31 0 0 0 0 9 40 20 0 0 0 0 0 0 0 0 0 1 0 0 1 0 0 0 0 0 1 0 0 0 0 0 0 0 0 0 0 0 0 0 0 0 6 2 2 51 53 2 1 19 9 0 0 0 0 0 0 0 0 0 0 0 0 0 0 0 0 0 0 11 0 0 0 0 0 0 0 1 
 8 6 3 3 6 3 3 3 5 3 3 3 3 3 4 3 5 6 4 3 59 45 86 150 0 364 64 69 313 61 151 278 299 88 86 75 277 39 253 85 2 0 1 0 0 0 211 3 0 0 0 5 0 0 0 0 3 0 0 0 0 3 0 0 0 0 3 0 51 9 47 0 0 3 0 0 2 49 0 3 1 0 0 0 0 0 0 0 0 0 0 0 0 0 0 0 0 0 0 0 0 0 1 1 43 24 0 0 0 1 1 14 0 0 0 0 0 0 0 0 0 0 0 0 0 0 0 0 0 0 0 0 25 9 0 0 0 0 13 28 0 0 0 0 0 0 0 0 0 0 0 0 0 0 0 0 0 0 0 0 0 0 0 0 3 0 0 0 0 0 0 0 0 0 0 0 0 0 0 14 0 0 1 0 7 30 0 0 9 0 1 10 0 0 0 0 0 1 0 0 0 0 0 0 0 0 0 0 14 0 16 9 32 24 0 0 9 0 18 30 0 0 0 0 0 0 0 0 0 0 0 0 0 0 0 0 0 0 0 0 0 0 0 0 0 0 0 0 0 0 0 0 0 0 4 0 6 2 6 0 6 2 0 0 0 0 0 0 0 0 0 0 0 0 0 0 0 0 0 0 0 1 0 0 0 0 0 0 0 0 
 4 0 2 0 0 0 2 0 0 0 2 2 0 0 0 0 0 0 0 1 37 34 20 23 364 0 28 33 53 59 87 63 251 51 68 72 90 66 43 52 2 0 0 0 0 0 0 2 0 1 0 4 2 0 0 0 3 0 194 1 0 3 0 0 0 0 3 0 0 5 0 0 0 3 1 43 2 4 0 3 0 0 0 2 0 0 0 0 0 0 1 0 0 0 1 0 0 0 0 0 0 1 0 0 10 54 0 0 0 0 0 0 0 0 0 0 0 0 0 0 20 0 0 0 0 0 18 2 0 0 0 0 28 26 11 0 0 0 53 41 0 0 0 0 0 0 0 0 1 0 0 0 2 0 0 0 0 0 0 0 0 0 2 0 0 0 0 0 0 0 0 11 0 0 0 0 1 1 0 0 0 0 0 0 10 24 0 12 0 0 0 8 0 0 0 0 0 0 0 0 1 0 0 0 0 0 48 0 0 0 0 0 73 46 0 0 0 0 18 12 0 0 0 0 0 2 0 0 0 0 0 0 0 1 0 10 0 0 0 0 0 0 0 0 0 0 0 0 0 0 0 0 0 0 7 5 4 4 0 0 9 4 0 0 0 0 0 0 0 0 0 2 0 0 0 0 0 2 0 0 0 0 0 0 0 0 0 0 0 0 
 1 0 2 0 0 0 2 1 18 1 0 1 1 1 75 2 36 0 2 3 357 90 59 70 64 28 0 75 49 42 24 248 360 514 267 29 46 51 79 339 2 0 56 0 0 0 2 2 0 0 0 0 0 1 0 0 3 1 0 0 0 3 0 0 0 1 3 0 14 0 0 0 0 3 0 0 2 0 0 3 0 0 2 0 0 0 0 0 0 0 0 0 0 0 0 0 0 0 0 0 19 11 29 0 0 1 5 16 0 0 0 0 8 42 34 1 9 0 0 30 2 0 0 0 0 0 0 0 0 0 0 0 0 0 0 0 0 0 0 0 0 0 2 0 0 0 0 0 0 0 0 0 0 0 0 0 1 0 0 0 0 0 0 0 0 3 0 0 0 0 0 0 0 0 0 0 0 0 0 0 24 1 0 0 0 2 12 52 0 3 0 0 41 29 37 18 3 43 0 9 15 0 2 0 0 0 0 0 0 0 0 2 0 0 0 0 2 0 14 0 1 1 0 0 0 0 0 0 0 0 0 0 0 0 0 0 0 0 0 12 0 0 0 0 0 0 0 0 0 0 0 0 0 0 8 0 0 0 0 2 2 0 0 0 0 0 0 0 0 0 0 0 0 0 0 0 0 0 0 0 0 0 0 0 0 0 0 0 0 1 
 0 0 0 0 0 3 0 0 0 2 3 0 2 0 0 0 0 0 0 0 601 350 100 387 69 33 75 0 170 23 34 48 109 626 93 117 103 15 48 49 4 3 0 0 7 0 9 2 0 0 3 0 1 0 23 0 3 0 1 0 0 3 0 0 0 2 3 54 4 0 13 0 0 2 22 0 2 0 28 2 0 0 0 0 0 0 0 0 0 0 0 1 0 0 0 0 0 0 0 0 0 6 48 78 0 0 1 38 33 15 24 0 0 9 1 40 42 19 0 9 0 0 0 0 0 2 0 0 0 0 0 0 0 0 0 0 0 0 0 0 0 0 7 0 0 0 0 3 0 0 0 0 0 0 0 0 0 0 0 0 0 0 0 0 0 0 0 0 0 0 0 0 0 0 0 0 6 0 0 8 23 56 52 0 0 0 1 33 43 123 12 0 0 2 19 0 21 32 2 1 0 0 0 0 0 0 0 0 0 1 0 0 0 0 0 0 0 0 0 0 0 0 2 0 0 0 0 0 0 0 0 0 0 0 0 0 0 0 0 0 0 0 11 0 0 0 0 0 0 0 0 0 0 0 0 0 0 0 0 0 20 0 0 0 0 0 0 0 0 0 0 0 0 0 0 0 0 0 0 0 0 33 0 0 0 0 0 0 0 0 
 0 0 0 0 0 0 0 0 0 0 5 2 0 1 2 0 1 2 0 0 65 241 326 93 313 53 49 170 0 263 131 56 388 91 285 316 271 289 59 94 2 0 4 0 0 0 1 1 0 0 0 0 0 7 0 0 3 1 0 0 0 3 0 0 0 0 3 0 0 0 5 2 0 2 0 0 2 0 1 3 0 0 0 0 0 5 0 0 0 0 0 0 0 0 9 0 0 0 1 0 1 16 11 52 14 11 13 14 16 35 51 14 0 0 0 7 45 101 0 0 0 0 0 0 0 0 0 0 0 0 0 0 0 0 0 0 0 0 0 0 0 0 4 0 0 0 0 0 0 0 0 0 0 2 1 0 0 0 0 0 0 0 0 0 0 0 0 0 0 1 0 0 0 0 0 0 1 17 0 4 0 22 32 34 18 0 0 0 15 18 24 41 0 0 0 0 20 35 0 0 0 0 0 0 0 0 0 0 0 0 0 0 1 0 0 0 0 0 0 0 0 0 0 0 0 0 0 0 0 0 0 0 0 0 0 0 15 0 0 0 0 0 17 0 0 0 0 0 0 0 0 6 0 0 3 0 2 1 2 0 15 28 0 0 0 0 8 0 0 0 0 0 0 0 0 0 0 0 0 0 0 16 0 0 0 0 8 0 0 0 
 0 0 0 0 0 0 0 0 0 0 0 2 24 0 0 0 0 0 0 0 28 106 237 216 61 59 42 23 263 0 338 48 51 102 339 271 224 168 96 95 2 0 40 0 0 0 2 4 0 0 0 0 0 3 0 0 3 0 1 0 0 3 0 0 0 0 3 0 0 0 0 0 5 2 0 6 2 0 0 2 0 0 0 0 0 0 0 0 0 1 0 0 0 0 0 0 0 0 0 16 0 5 11 26 11 11 0 0 14 34 27 35 0 0 0 14 22 49 0 0 0 0 0 0 0 0 0 0 0 0 0 0 0 0 0 0 0 0 0 0 0 0 0 0 0 0 0 0 0 0 0 0 0 0 0 0 6 2 0 2 0 0 0 0 15 2 0 0 0 0 0 0 0 0 0 0 0 0 9 0 0 0 22 68 110 0 0 0 28 0 43 39 0 0 0 0 18 32 0 0 0 0 0 0 0 0 0 0 0 0 0 0 0 0 0 0 0 0 15 1 0 0 0 0 0 12 0 0 0 0 0 0 0 10 0 0 0 0 0 0 0 0 14 0 0 3 0 0 0 0 0 1 1 1 10 0 0 173 79 0 1 10 1 0 0 1 11 0 0 0 0 0 0 0 0 0 0 0 0 0 0 0 0 0 0 0 13 0 0 0 
 74 0 0 0 0 0 0 0 0 0 0 0 0 73 0 0 0 0 199 36 35 254 128 173 151 87 24 34 131 338 0 332 305 41 278 68 268 298 236 54 2 0 0 0 0 0 1 2 0 1 0 1 0 0 0 0 3 0 0 0 0 3 0 0 0 0 3 0 0 0 0 0 7 3 0 0 2 0 0 3 0 0 0 0 3 0 0 0 0 0 0 0 0 0 10 0 0 0 0 0 0 0 10 10 52 0 0 0 0 27 6 45 0 0 0 11 0 16 0 0 0 0 0 0 0 0 0 0 27 0 0 0 3 0 0 0 0 0 0 9 0 0 0 0 0 0 0 0 0 0 0 0 0 0 0 0 0 0 0 0 0 0 0 0 18 0 0 0 0 0 0 0 0 0 0 0 0 0 0 0 0 0 11 36 43 17 0 0 0 0 34 65 0 0 11 0 0 1 0 0 0 0 0 0 0 0 0 0 0 0 0 11 10 1 0 0 0 0 23 29 0 0 0 0 0 0 0 0 0 0 0 0 0 0 0 0 0 0 0 0 0 0 0 0 0 0 0 0 0 0 0 0 0 0 8 1 0 86 149 0 2 23 0 0 0 0 2 0 0 0 0 0 0 0 0 0 0 0 0 0 0 14 0 0 0 0 2 0 0 0 
 0 0 3 0 0 74 0 0 0 0 1 2 0 0 0 3 0 0 0 1 234 41 41 201 278 63 248 48 56 48 332 0 100 33 46 275 82 69 182 110 2 0 0 0 0 0 0 2 0 0 0 2 0 1 0 0 3 0 0 0 0 3 0 0 0 0 3 0 0 4 0 0 24 3 0 0 2 0 0 3 0 0 0 0 0 0 0 0 0 0 0 7 0 1 0 0 0 0 0 0 13 0 0 0 66 18 8 0 0 6 1 27 0 0 13 1 0 0 1 12 0 0 0 0 0 0 0 0 0 0 0 0 20 0 0 0 0 0 40 10 0 0 0 0 0 0 0 0 0 0 0 0 0 0 0 0 2 0 0 0 0 2 0 0 0 0 0 0 0 15 0 0 0 0 0 0 0 2 0 0 0 0 1 20 23 67 3 0 0 1 5 5 12 0 0 8 0 0 8 0 0 10 0 0 0 0 0 10 0 0 0 0 21 2 0 0 0 0 34 8 0 8 0 0 0 0 0 0 0 0 0 2 0 0 0 0 0 0 0 0 0 0 0 0 0 0 0 0 0 0 0 0 0 0 2 0 3 158 80 2 4 2 0 0 0 0 0 0 0 0 0 0 0 0 0 0 0 0 0 0 0 16 0 0 0 0 0 0 0 0 
 2 2 4 2 2 2 5 2 2 3 3 4 2 3 4 2 3 4 2 2 57 27 278 311 299 251 360 109 388 51 305 100 0 92 114 38 448 30 627 238 2 3 9 0 2 0 2 1 2 0 0 0 0 2 3 2 3 7 0 1 49 3 0 2 3 0 52 0 3 0 3 2 0 2 0 0 4 3 0 2 0 0 0 0 0 4 0 0 0 0 0 0 0 0 0 19 0 0 0 0 41 16 0 0 0 0 9 12 11 0 15 0 25 50 107 0 0 0 10 17 0 0 0 0 0 0 0 0 0 0 0 0 0 0 0 0 0 0 0 0 0 0 0 0 0 0 0 0 0 12 0 0 18 2 1 0 11 0 0 0 0 0 0 0 0 13 0 0 0 0 0 0 0 0 0 0 0 2 0 0 41 36 1 0 0 18 42 31 0 0 0 0 32 50 45 66 2 0 8 57 0 0 0 0 0 0 0 0 0 0 0 0 0 0 0 0 0 0 0 0 0 0 0 0 9 0 13 0 0 0 0 0 0 0 0 0 0 0 0 0 0 0 0 0 0 0 0 0 0 0 0 1 0 0 2 2 3 0 0 1 3 2 0 0 0 0 0 0 0 0 0 0 0 2 0 0 0 0 0 0 0 0 0 0 0 0 0 0 0 0 
 0 0 3 2 1 0 1 1 0 0 76 2 0 2 0 63 2 0 1 1 418 204 49 85 88 51 514 626 91 102 41 33 92 0 519 46 46 54 46 180 3 0 1 0 0 2 8 2 0 1 1 0 0 0 0 0 4 0 2 0 0 3 0 0 0 1 3 0 3 1 0 0 0 2 0 0 3 0 0 2 0 1 0 0 0 1 0 0 0 0 0 0 0 0 0 0 0 0 0 0 6 34 38 13 1 0 0 46 19 72 1 0 12 37 35 72 15 0 0 9 0 0 0 0 0 0 0 0 0 0 0 0 0 0 0 0 0 0 0 0 0 0 15 0 0 0 0 6 0 0 0 0 0 15 0 0 0 0 0 0 0 0 0 0 0 0 0 0 0 0 0 0 0 0 0 0 9 0 0 0 32 36 12 2 0 0 19 49 39 34 0 0 1 34 36 43 30 7 0 35 0 2 0 0 0 0 0 0 0 0 0 0 0 0 0 0 0 0 0 0 0 0 0 14 0 0 0 0 0 0 0 0 0 0 0 0 0 0 0 0 0 0 1 0 0 0 0 0 0 0 0 0 0 0 0 0 0 0 0 1 2 1 1 0 0 0 0 0 0 0 0 0 0 0 0 0 0 0 0 0 0 0 0 0 0 0 0 0 0 0 
 0 0 2 0 0 4 0 0 0 0 0 7 0 0 1 2 0 0 0 72 363 331 45 45 86 68 267 93 285 339 278 46 114 519 0 170 49 110 74 133 2 0 0 0 0 0 6 2 0 0 3 3 6 0 0 28 3 0 0 0 0 3 39 0 0 0 3 0 1 4 5 0 52 51 0 4 2 0 0 3 0 0 0 0 0 0 0 2 0 0 0 0 0 0 0 0 2 0 0 0 0 47 82 37 0 0 0 26 32 21 12 0 0 8 1 44 122 20 0 7 0 0 0 0 0 0 0 0 0 0 0 0 2 0 19 0 0 0 1 0 2 0 10 0 2 0 0 21 0 0 0 0 0 0 0 9 0 0 0 0 0 0 0 0 0 0 0 0 0 2 0 0 0 0 0 0 14 0 0 25 37 93 38 0 0 0 0 33 43 52 10 0 0 0 14 0 22 22 0 0 0 0 0 0 0 0 0 0 0 0 0 0 1 0 0 10 0 0 0 0 0 0 0 0 0 0 0 0 0 2 0 0 2 0 0 0 0 0 0 0 0 0 12 0 0 0 0 0 0 1 0 0 0 0 4 0 0 0 0 2 24 0 0 0 0 0 0 0 0 0 0 0 0 0 0 0 0 0 0 0 0 16 0 0 0 0 0 0 0 0 
 73 0 7 0 0 0 0 0 1 0 2 2 0 0 1 0 0 0 3 0 58 211 299 112 75 72 29 117 316 271 68 275 38 46 170 0 199 284 44 59 2 0 4 0 0 0 4 1 0 0 205 0 2 17 0 0 3 0 0 0 0 3 0 0 0 0 3 0 0 2 60 0 2 2 0 2 2 0 0 1 0 0 0 0 0 0 0 0 0 0 0 0 0 0 0 0 0 0 0 0 0 28 33 6 18 15 0 6 18 45 53 30 0 2 0 21 38 52 0 0 0 0 0 0 0 0 0 0 0 0 33 0 0 0 0 0 0 0 0 0 0 0 4 0 0 0 0 0 0 0 2 0 0 0 0 0 0 0 0 1 0 0 0 0 0 8 0 0 0 0 0 0 0 0 0 0 0 0 12 25 12 45 18 41 14 0 0 0 42 29 77 37 0 0 0 0 6 13 0 0 2 0 0 0 0 0 0 0 0 0 0 0 0 0 0 0 0 0 1 0 0 0 0 0 0 0 0 0 0 0 0 0 0 0 0 0 0 0 0 0 0 0 23 0 0 0 0 0 0 0 0 0 0 2 0 1 1 1 2 0 20 0 0 0 0 0 6 0 0 0 0 0 0 0 0 0 0 0 0 0 0 15 0 0 0 0 6 0 0 0 
 4 0 0 0 0 1 0 0 0 0 3 2 74 0 0 0 0 0 1 0 71 187 191 386 277 90 46 103 271 224 268 82 448 46 49 199 0 237 289 40 2 0 4 0 3 3 3 2 0 0 3 3 0 4 0 0 6 3 0 0 0 3 0 0 0 2 3 0 0 0 5 2 1 3 0 0 40 1 0 3 0 0 0 0 0 0 0 0 0 0 0 0 0 0 0 0 0 0 0 0 0 12 3 28 12 11 0 0 18 45 51 37 0 1 0 14 20 68 0 0 0 0 0 0 0 0 0 0 0 0 0 0 0 0 0 0 0 0 0 0 0 0 0 0 0 0 0 0 0 0 0 0 0 0 0 0 0 0 0 0 1 0 0 1 7 0 0 0 0 0 0 0 0 0 0 0 13 0 0 2 0 10 48 98 42 0 0 0 39 19 31 28 0 0 0 0 2 25 0 0 0 0 0 0 0 0 0 0 0 0 0 0 4 0 0 0 0 0 28 1 0 0 0 0 0 0 0 0 0 0 0 0 0 0 0 0 0 0 0 0 0 0 14 0 0 0 0 0 0 0 0 0 0 0 11 1 2 76 75 0 11 8 0 0 0 0 4 0 0 0 0 0 0 0 0 0 0 0 0 0 0 0 0 0 0 0 4 0 0 0 
 2 3 0 0 3 0 0 0 0 0 0 2 0 0 1 0 0 1 0 2 56 36 497 275 39 66 51 15 289 168 298 69 30 54 110 284 237 0 37 240 2 0 4 0 0 0 2 1 0 0 0 0 0 8 0 0 3 0 0 0 0 3 0 0 0 0 5 0 0 0 0 51 54 2 0 0 2 0 0 1 0 0 2 0 0 0 0 0 0 0 0 0 0 2 0 0 0 0 0 0 0 18 3 35 12 11 0 0 12 10 23 42 0 1 0 11 25 58 0 0 0 0 0 0 0 3 6 3 0 0 0 0 13 0 0 0 0 0 0 0 0 0 0 0 0 0 6 8 0 0 0 0 0 0 0 0 0 0 0 0 0 0 0 0 0 0 0 0 0 0 0 20 0 0 0 0 0 0 0 2 0 0 22 54 31 2 0 1 18 2 20 46 0 0 0 0 9 34 0 0 0 0 2 0 0 0 0 0 0 0 0 2 0 0 0 0 2 0 22 1 0 0 0 0 0 0 0 0 0 0 0 2 0 0 0 0 0 0 0 0 0 0 0 0 0 0 0 0 0 0 0 0 0 0 4 0 0 160 146 0 0 13 0 0 0 0 6 0 0 0 0 0 0 0 0 0 0 0 0 0 0 33 0 0 0 0 6 0 0 0 
 1 0 1 1 8 221 0 0 0 0 1 0 1 0 0 6 0 0 1 0 45 29 34 48 253 43 79 48 59 96 236 182 627 46 74 44 289 37 0 299 2 0 0 0 0 2 0 2 0 0 0 0 0 0 0 0 3 4 0 0 2 3 0 0 0 0 21 0 0 37 0 0 0 29 0 2 2 0 0 3 0 0 0 1 0 27 0 0 0 2 0 0 0 0 0 8 0 0 0 0 36 1 0 0 1 0 52 1 7 0 0 0 26 20 19 0 0 0 27 51 0 0 0 0 0 0 0 0 0 0 0 0 0 0 0 0 13 0 0 0 0 0 0 0 0 0 0 0 0 0 1 0 1 0 0 0 3 2 0 2 0 0 0 0 2 32 0 0 0 0 0 1 0 0 0 0 0 4 0 0 16 11 0 1 0 0 27 0 0 0 0 0 70 10 19 1 0 0 17 50 1 0 0 0 0 0 0 0 0 0 0 0 0 0 0 0 0 0 0 0 0 0 0 0 0 0 0 0 0 0 0 0 0 0 0 0 0 0 0 0 0 0 0 0 0 0 0 0 0 0 0 0 0 1 6 0 0 0 0 0 1 0 0 0 0 0 0 0 70 0 0 0 0 0 0 0 0 0 0 0 0 0 0 0 0 0 0 0 0 0 
 0 1 0 0 1 2 0 0 31 1 0 2 0 0 0 0 0 2 0 0 136 63 274 73 85 52 339 49 94 95 54 110 238 180 133 59 40 240 299 0 2 0 0 0 0 0 2 2 0 0 0 0 0 0 0 0 4 5 0 0 0 3 0 0 0 0 3 0 13 0 0 0 0 2 0 0 2 0 0 3 0 0 0 0 0 0 0 0 0 0 0 0 0 0 0 0 0 0 0 0 44 11 16 0 0 0 53 13 8 0 0 0 22 48 36 0 0 0 0 18 15 0 0 0 0 0 0 0 0 0 0 0 0 0 0 0 0 0 0 0 0 0 0 0 0 0 0 0 0 0 0 0 0 0 0 0 3 0 0 0 0 0 0 0 0 43 0 0 0 0 0 0 1 0 0 0 1 0 0 0 15 8 0 0 0 0 27 40 0 0 0 0 56 41 37 42 1 48 12 30 0 0 0 0 0 0 0 0 0 0 0 0 0 0 0 0 0 0 0 0 21 19 0 0 0 0 0 0 0 0 0 0 0 0 0 0 0 0 0 0 0 0 0 0 0 0 0 0 0 0 0 1 0 0 2 0 1 0 0 2 0 0 0 0 0 0 0 0 0 0 0 0 0 0 0 0 0 0 0 0 0 0 0 20 0 0 0 0 0 0 
 0 0 3 0 3 0 1 0 0 0 51 0 0 0 0 2 0 0 0 0 2 2 2 2 2 2 2 4 2 2 2 2 2 3 2 2 2 2 2 2 0 288 53 78 61 36 233 251 26 45 49 45 97 335 257 35 41 44 104 110 0 0 0 57 0 0 8 0 0 0 0 4 57 0 0 4 0 0 4 3 0 0 0 0 0 0 0 0 0 0 0 0 0 0 0 0 0 17 0 0 0 0 0 0 0 0 0 0 0 0 0 0 0 0 0 0 0 0 0 0 12 32 10 7 1 0 21 38 31 0 0 0 1 10 60 10 40 19 0 16 0 0 4 0 0 0 3 0 0 0 0 0 0 2 2 6 0 4 0 6 1 1 0 0 0 0 3 0 0 0 0 0 0 0 0 0 0 0 0 0 0 0 0 0 0 0 0 0 0 0 0 0 0 0 0 0 0 0 0 0 18 31 36 7 0 0 0 42 18 6 0 0 0 11 46 18 18 8 0 13 11 9 0 0 0 0 6 3 0 0 0 0 0 11 2 0 0 0 7 9 0 0 0 0 0 0 0 0 0 0 0 8 1 2 0 0 0 0 0 0 0 0 2 0 0 0 2 0 0 0 0 0 0 0 0 0 0 0 0 0 0 0 1 0 0 0 0 0 0 0 
 3 3 5 3 5 3 3 3 3 3 3 2 3 3 3 3 3 3 3 3 0 0 5 0 0 0 0 3 0 0 0 0 3 0 0 0 0 0 0 0 288 0 532 499 263 29 290 299 234 36 31 237 49 492 256 221 466 103 45 43 1 0 0 0 0 0 0 1 0 0 0 2 0 0 0 4 0 0 0 29 0 0 0 15 0 0 0 0 0 0 0 0 0 0 0 0 0 0 0 0 0 0 0 0 0 0 0 0 0 0 11 0 0 0 0 0 0 0 0 0 5 7 33 22 0 22 4 19 13 56 11 25 0 7 23 20 0 17 1 0 0 0 0 0 0 0 0 0 10 0 0 4 0 0 0 0 0 0 0 0 0 0 0 1 0 0 6 0 0 0 0 0 0 8 0 11 0 0 0 0 0 0 0 0 0 0 0 0 0 0 0 0 0 0 0 0 0 0 0 0 37 22 38 34 42 0 4 20 38 27 14 10 0 0 7 32 32 26 0 0 0 0 0 0 0 13 0 0 0 0 0 0 0 0 0 0 0 0 0 16 0 0 3 0 0 0 0 0 0 0 0 6 0 1 0 0 0 0 0 18 0 0 0 1 2 0 0 0 2 0 21 0 0 0 0 0 0 0 0 0 0 0 0 0 68 9 0 0 2 0 
 0 0 3 0 0 0 0 0 0 22 0 1 0 0 0 0 0 0 0 0 0 2 6 2 1 0 56 0 4 40 0 0 9 1 0 4 4 4 0 0 53 532 0 99 75 44 53 95 163 400 37 41 48 53 60 161 123 286 37 33 0 0 0 0 0 1 0 0 0 0 0 0 0 0 0 0 0 0 0 0 0 0 0 0 0 0 0 0 0 0 0 0 0 0 0 0 0 0 0 0 0 3 0 3 0 1 0 0 0 2 3 6 25 0 0 0 5 17 6 0 0 0 24 8 15 7 0 0 0 76 31 22 0 0 6 9 0 8 0 0 0 0 0 0 0 0 1 0 0 0 0 2 1 0 0 0 0 0 1 0 0 0 0 0 0 0 0 0 0 0 0 0 0 2 0 3 0 0 0 0 0 0 4 4 8 0 0 0 14 0 2 4 0 0 0 0 0 4 0 0 7 0 13 24 17 0 0 0 10 39 39 55 0 0 0 16 9 23 0 0 20 0 0 0 0 0 12 0 0 0 0 0 0 0 0 0 0 0 0 0 0 0 14 0 0 0 0 0 0 0 0 6 9 1 0 0 0 0 0 7 0 0 1 4 1 10 0 2 1 0 7 0 0 0 0 0 0 0 0 0 0 1 0 0 11 8 0 0 1 0 
 3 2 1 2 5 2 0 0 0 0 2 6 0 0 0 2 0 3 0 0 0 0 0 0 0 0 0 0 0 0 0 0 0 0 0 0 0 0 0 0 78 499 99 0 80 35 67 94 66 275 111 481 72 61 58 217 263 243 98 277 4 0 0 0 3 2 0 0 3 0 3 0 0 0 0 0 3 0 3 0 0 0 0 0 1 3 0 0 0 0 0 4 0 0 0 0 0 0 0 0 0 0 0 0 0 0 0 1 0 0 0 0 0 0 0 0 0 0 11 0 0 0 0 8 43 29 0 0 7 0 19 14 1 0 0 0 0 0 0 0 0 0 0 0 0 0 7 3 0 16 0 28 11 0 0 0 0 0 17 0 0 0 0 8 6 0 0 11 0 0 0 0 0 1 0 0 0 0 8 0 0 0 0 0 0 0 4 0 0 0 0 0 0 0 1 0 0 0 9 0 0 0 0 1 31 1 0 0 0 0 18 34 0 0 0 0 7 0 0 0 0 0 0 0 0 0 0 0 0 0 0 0 33 0 0 0 0 0 8 1 0 0 0 0 0 0 3 0 0 0 0 9 0 2 0 0 0 0 0 0 0 0 48 5 1 23 0 5 2 0 0 0 0 0 0 0 0 0 0 0 0 3 0 0 0 0 0 0 0 0 
 4 0 0 0 0 0 0 0 0 0 0 0 0 0 53 0 0 3 1 0 0 0 0 0 0 0 0 7 0 0 0 0 2 0 0 0 3 0 0 0 61 263 75 80 0 533 51 294 67 72 100 506 72 63 311 68 62 43 79 75 0 6 9 0 0 0 0 0 8 2 5 0 0 0 2 62 5 8 0 32 0 0 0 0 0 0 0 0 0 0 0 19 0 0 0 0 0 0 0 0 0 0 0 0 0 7 0 0 0 0 0 0 0 0 0 0 0 0 0 0 0 0 0 0 8 18 0 0 0 0 0 0 22 0 0 0 0 0 0 0 1 8 0 18 23 6 62 0 0 6 4 22 29 18 0 0 1 8 37 3 0 0 7 0 0 0 0 0 22 0 0 0 0 0 0 0 0 0 0 0 0 0 0 0 0 0 0 0 0 12 0 0 0 0 0 0 0 0 0 0 0 0 0 0 9 39 0 9 0 0 0 9 0 0 0 0 0 0 0 0 2 0 0 3 0 0 11 0 0 0 9 3 11 11 0 7 4 4 11 58 0 0 0 0 0 46 0 0 0 0 0 0 0 0 0 1 0 0 0 1 0 0 2 3 0 2 3 1 0 0 8 0 0 0 0 1 0 0 0 0 0 0 0 0 0 0 0 0 0 0 
 6 0 6 3 0 0 1 62 27 4 11 2 0 1 0 64 4 3 0 0 0 0 0 4 0 0 0 0 0 0 0 0 0 2 0 0 3 0 2 0 36 29 44 35 533 0 42 312 32 41 98 38 37 35 268 68 265 64 251 34 0 0 0 0 0 0 0 8 0 7 0 0 26 0 0 0 0 0 111 49 0 1 0 6 4 0 0 0 0 3 4 1 0 0 0 0 5 0 0 0 0 0 0 0 0 0 0 0 0 0 0 0 0 0 0 0 0 0 0 2 0 0 0 0 2 0 0 0 0 0 0 0 0 0 0 0 0 0 0 0 0 11 0 0 0 0 20 0 0 0 0 0 21 3 0 0 0 0 0 27 0 0 13 5 0 0 0 0 1 8 24 4 0 0 0 0 3 8 0 0 0 0 0 0 0 0 0 0 0 0 0 0 0 0 15 0 0 0 0 0 0 0 5 0 27 36 0 0 0 0 0 0 0 0 0 0 0 0 0 0 18 0 0 0 16 0 42 1 23 0 0 0 8 32 3 0 0 0 30 18 0 4 0 0 0 0 1 0 0 0 0 7 0 0 0 0 0 0 0 0 0 0 2 0 0 7 0 2 2 0 0 0 0 0 0 0 0 0 0 0 0 0 0 0 0 0 0 0 0 0 
 4 5 6 0 3 2 1 0 0 2 0 2 2 38 0 0 0 4 1 2 7 7 3 1 211 0 2 9 1 2 1 0 2 8 6 4 3 2 0 2 233 290 53 67 51 42 0 68 48 38 45 255 245 168 50 55 244 23 83 151 0 0 0 0 0 0 0 0 0 0 0 6 0 0 0 5 0 1 0 0 0 0 0 0 0 0 0 0 4 0 0 0 0 0 2 0 0 0 0 0 0 1 4 3 0 13 1 1 8 6 2 0 0 0 1 4 0 3 0 5 40 71 0 0 0 0 12 24 11 0 0 0 0 21 16 10 15 0 0 8 0 0 0 0 0 0 0 0 0 0 0 0 0 0 0 0 0 7 0 0 0 0 0 0 2 0 0 0 0 0 0 0 0 0 0 0 0 0 0 0 0 7 3 0 3 0 1 0 0 4 6 0 0 0 0 0 4 3 0 0 41 23 0 0 0 0 3 22 11 0 0 0 0 1 25 0 11 0 0 0 0 0 0 0 0 0 0 0 0 0 0 0 0 0 0 0 0 0 0 0 0 0 2 0 0 0 0 0 0 19 0 13 0 1 0 0 0 0 1 2 0 0 1 0 2 0 0 0 0 0 0 0 0 0 0 0 0 0 0 0 0 0 0 0 0 0 0 0 2 2 
 0 0 0 0 0 0 0 0 0 0 0 0 0 0 0 0 0 0 0 0 1 2 6 2 3 2 2 2 1 4 2 2 1 2 2 1 2 1 2 2 251 299 95 94 294 312 68 0 125 282 27 244 66 542 104 97 250 32 80 60 0 0 0 0 0 17 0 0 0 0 0 7 0 0 0 7 2 1 0 207 0 0 0 0 0 0 0 0 0 0 0 0 11 0 0 0 0 0 0 0 0 0 0 0 0 0 0 0 0 0 0 0 0 0 0 0 0 0 0 0 15 87 47 2 0 0 2 19 28 25 11 7 0 12 26 21 16 19 0 1 0 0 0 0 0 0 0 18 0 0 0 0 0 0 0 0 0 4 0 0 0 0 25 0 0 0 2 0 0 0 0 0 0 1 0 23 0 0 0 0 0 0 0 0 0 0 0 0 0 0 0 0 0 0 0 0 0 0 0 0 5 26 15 15 0 0 0 8 27 32 22 0 1 2 27 49 7 55 0 0 0 0 0 0 9 0 0 0 0 0 14 0 0 0 0 0 0 0 0 0 0 0 6 0 0 0 0 0 0 0 0 19 0 0 0 0 0 0 0 1 0 0 1 0 0 3 0 0 0 0 6 0 0 0 0 0 0 0 0 0 0 0 0 0 1 14 0 0 0 0 
 0 2 0 0 0 0 0 0 0 0 0 1 0 0 0 0 0 0 0 0 0 2 0 0 0 0 0 0 0 0 0 0 2 0 0 0 0 0 0 0 26 234 163 66 67 32 48 125 0 255 46 23 82 82 97 155 340 446 77 42 0 0 0 0 0 0 0 0 0 0 0 0 0 0 0 0 0 0 0 0 0 0 0 0 0 0 0 0 0 0 0 0 0 0 0 0 0 0 0 0 0 0 0 0 0 0 2 0 0 0 0 0 0 0 0 0 0 0 0 0 3 7 22 10 11 7 1 4 5 32 33 61 0 3 21 20 0 8 0 0 0 0 0 5 0 0 0 8 0 1 0 3 0 0 0 0 0 0 0 0 0 0 0 0 0 0 0 0 0 0 0 0 0 2 0 4 0 0 0 0 0 0 0 0 0 0 0 0 0 0 0 0 0 0 0 0 0 0 0 0 1 2 5 24 21 0 1 7 15 54 31 33 0 0 0 18 8 33 0 0 0 0 0 0 0 0 0 0 0 0 0 0 4 0 0 0 0 0 0 0 0 0 7 0 0 0 0 0 0 0 0 9 0 0 0 0 0 0 0 9 0 0 1 1 2 18 0 1 0 0 7 0 0 0 0 0 0 0 0 0 0 0 0 0 6 20 0 0 0 0 
 0 3 0 0 0 0 0 0 0 0 1 0 0 0 0 0 0 0 0 0 0 0 1 0 0 1 0 0 0 0 1 0 0 1 0 0 0 0 0 0 45 36 400 275 72 41 38 282 255 0 213 111 37 60 107 130 210 319 87 95 22 11 0 0 0 0 1 3 0 0 0 0 0 10 7 11 0 0 0 2 0 0 0 0 0 0 0 0 0 0 0 0 0 0 0 0 0 0 0 0 0 0 0 0 0 0 0 0 0 0 0 0 0 0 0 0 0 0 0 0 0 0 8 9 24 15 9 6 0 11 31 24 1 3 3 0 0 7 1 0 0 0 22 0 0 0 0 0 0 0 0 5 0 0 0 0 0 0 16 0 0 0 0 0 0 0 29 0 0 0 0 0 0 0 0 0 0 0 0 0 0 0 0 0 0 0 0 0 0 0 0 0 0 0 0 0 2 0 8 0 9 2 12 9 27 0 10 6 0 1 0 19 5 7 4 6 13 4 1 0 0 0 8 0 0 0 0 0 0 0 0 0 12 0 0 0 1 0 11 0 0 0 2 0 0 0 0 0 0 0 0 5 0 1 0 0 0 0 0 2 0 0 66 0 1 0 0 74 0 0 26 0 0 0 0 0 0 0 0 0 0 2 0 0 18 10 0 0 0 0 
 0 0 0 0 0 0 0 0 0 0 3 0 0 0 0 1 0 0 0 0 2 1 0 0 0 0 0 3 0 0 0 0 0 1 3 205 3 0 0 0 49 31 37 111 100 98 45 27 46 213 0 247 39 21 60 64 161 229 53 64 7 0 0 0 0 0 1 5 0 0 2 0 0 0 0 0 3 0 4 1 0 0 0 0 0 0 0 0 0 0 0 0 0 0 0 0 0 0 0 0 0 0 0 0 0 0 0 0 0 0 0 0 0 0 0 0 0 0 0 30 0 0 10 4 36 27 0 0 0 0 11 14 0 0 0 0 0 0 0 0 0 0 0 0 0 0 7 0 0 0 0 1 13 11 0 0 0 0 29 2 0 0 1 8 0 0 0 0 1 0 0 0 0 1 0 0 0 0 0 0 0 0 0 0 0 0 0 0 0 0 0 0 0 0 0 0 0 0 0 0 0 0 1 0 21 12 0 0 0 0 18 57 0 0 0 0 0 0 0 0 6 0 0 0 0 0 1 0 0 0 0 0 26 6 0 0 0 0 26 5 0 0 0 0 0 0 0 0 0 0 0 14 0 0 0 0 0 0 0 7 0 0 12 9 0 20 0 11 0 0 0 0 0 0 0 0 0 0 0 0 0 0 1 0 0 0 0 0 0 0 
 7 0 0 0 3 0 0 2 0 0 2 0 0 0 0 2 0 3 0 0 0 0 1 0 5 4 0 0 0 0 1 2 0 0 3 0 3 0 0 0 45 237 41 481 506 38 255 244 23 111 247 0 32 25 58 35 277 73 29 249 2 0 0 0 0 0 3 3 0 0 0 0 3 0 0 0 0 0 0 62 13 0 0 0 0 0 0 0 0 0 0 0 0 0 0 0 0 0 0 0 0 0 0 23 9 0 0 0 0 0 0 0 0 0 0 0 0 0 0 0 0 0 0 14 9 8 11 0 0 0 0 0 7 0 0 0 0 0 16 6 0 0 0 0 0 0 8 0 0 0 0 0 31 0 0 0 0 0 22 7 0 0 0 3 0 0 0 0 0 0 0 0 0 0 0 0 0 0 0 0 0 0 0 0 0 4 0 0 0 0 0 0 0 0 0 0 0 0 0 0 5 0 0 1 6 34 11 0 0 0 0 11 4 5 3 0 0 0 2 0 0 0 0 0 0 0 10 0 0 0 0 0 83 10 0 0 0 0 37 10 0 0 0 0 0 0 0 0 0 0 0 10 0 0 0 0 0 0 0 2 0 37 62 64 2 2 4 65 0 0 0 0 0 0 0 0 0 0 0 0 0 4 0 0 0 0 0 0 0 0 
 0 0 2 0 0 0 0 0 0 0 0 1 0 0 0 0 64 0 62 0 0 3 0 0 0 2 0 1 0 0 0 0 0 0 6 2 0 0 0 0 97 49 48 72 72 37 245 66 82 37 39 32 0 62 40 34 235 24 283 201 0 0 0 0 0 0 0 0 0 0 0 0 0 0 0 0 48 6 0 0 0 0 0 0 0 0 0 0 0 0 0 0 0 0 0 0 0 0 0 0 0 0 0 0 0 14 0 0 0 0 0 0 0 0 0 0 0 0 0 0 24 18 0 1 0 0 25 48 14 0 0 0 12 64 17 13 17 0 9 25 0 0 0 0 0 0 0 0 0 0 0 0 18 0 0 0 0 5 0 0 0 28 0 0 0 0 0 0 0 0 0 4 0 0 0 0 0 0 0 0 0 30 0 0 0 8 0 0 0 0 0 0 0 0 0 0 0 0 0 0 35 59 10 1 0 0 32 38 7 0 0 0 18 50 7 0 10 0 1 9 0 0 0 0 0 0 0 0 0 0 0 0 0 23 0 0 0 0 17 1 0 0 0 0 0 0 0 0 0 0 0 12 0 0 0 0 0 0 0 0 0 0 0 0 0 0 0 0 0 0 0 0 0 0 0 0 0 0 0 0 0 0 0 0 0 0 0 0 0 0 
 0 0 1 0 0 0 0 0 0 4 0 0 0 0 0 2 0 0 0 0 0 1 7 3 0 0 1 0 7 3 0 1 2 0 0 17 4 8 0 0 335 492 53 61 63 35 168 542 82 60 21 25 62 0 318 29 41 47 84 158 3 0 0 0 0 0 0 51 0 0 0 5 0 0 0 2 0 0 0 0 0 0 0 0 0 0 0 0 0 0 0 0 0 0 0 0 0 0 0 0 0 4 0 4 0 3 0 0 0 1 5 8 0 0 0 0 35 1 9 0 3 42 16 7 0 0 8 48 27 20 0 0 0 10 27 35 17 11 0 0 0 0 0 0 0 0 0 0 0 0 0 0 0 0 0 0 0 7 0 0 0 2 0 0 0 0 6 0 0 0 0 0 0 0 0 2 0 0 0 0 0 0 6 6 7 0 0 0 3 0 24 11 0 0 0 0 0 13 0 0 30 57 29 7 0 0 0 51 39 7 1 0 0 22 30 23 25 32 0 0 0 0 0 0 0 0 0 0 0 0 0 0 0 0 0 0 0 0 0 0 0 0 2 0 0 0 0 0 0 0 0 12 0 0 0 0 0 0 1 0 0 0 0 0 2 0 2 0 0 0 0 0 0 0 0 0 0 10 0 0 0 7 0 0 0 15 0 0 0 0 
 3 0 3 0 0 0 0 0 0 0 0 0 0 0 0 1 0 2 0 0 68 0 0 0 0 0 0 23 0 0 0 0 3 0 0 0 0 0 0 0 257 256 60 58 311 268 50 104 97 107 60 58 40 318 0 162 281 52 55 91 8 1 0 0 0 23 6 2 0 0 0 6 4 4 16 6 13 0 1 19 0 0 0 0 0 0 0 0 0 0 0 0 0 0 0 0 0 0 0 0 0 0 13 0 0 0 0 0 0 0 0 0 0 0 0 0 0 0 0 0 8 32 47 3 0 0 0 12 24 25 10 10 0 0 19 17 18 22 0 0 0 0 7 0 0 0 5 2 7 0 0 0 0 0 50 9 3 4 0 26 0 0 0 0 0 3 4 0 0 0 0 0 0 1 0 4 0 0 0 0 0 0 0 0 0 0 0 0 0 0 0 0 0 0 0 0 0 0 0 0 3 29 14 16 0 0 0 6 57 29 22 0 0 3 20 33 8 43 0 13 0 3 2 0 0 0 0 3 3 0 0 0 0 0 10 0 0 22 0 0 0 0 6 0 0 0 0 0 0 18 0 15 0 1 0 0 0 0 0 1 0 0 0 0 0 5 7 0 1 0 4 0 0 0 0 0 0 0 0 0 0 0 0 0 0 0 0 0 2 0 
 6 0 0 0 0 0 0 0 0 0 6 1 0 0 0 0 0 0 0 0 1 2 0 2 0 0 0 0 0 0 0 0 2 0 28 0 0 0 0 0 35 221 161 217 68 68 55 97 155 130 64 35 34 29 162 0 234 215 248 38 0 0 48 2 2 1 0 0 0 6 11 7 53 55 0 1 0 3 0 0 0 0 0 0 0 0 0 0 0 0 0 0 0 0 0 0 0 0 0 0 0 0 0 0 0 0 0 0 0 0 0 0 0 0 0 0 0 0 0 1 1 1 43 9 6 0 0 11 1 20 42 50 0 0 11 10 1 8 0 0 0 0 0 2 1 6 0 0 0 0 0 7 0 0 0 0 0 0 0 0 0 0 0 0 0 0 0 0 2 0 0 0 0 2 0 5 0 0 0 0 15 0 0 0 0 0 0 0 0 0 0 0 0 0 0 0 0 0 0 0 0 11 10 43 17 1 0 10 18 29 21 56 0 0 1 19 12 25 0 0 0 0 0 0 11 7 0 0 0 0 11 0 0 0 0 7 0 0 0 0 0 0 8 0 0 0 0 0 0 0 0 13 0 1 0 0 0 0 0 11 0 0 1 1 0 19 0 0 0 0 21 0 0 0 0 2 0 0 0 0 0 0 0 0 19 10 0 0 1 4 
 0 0 4 0 0 0 0 0 0 0 0 0 0 0 0 0 0 0 0 0 5 7 3 3 3 3 3 3 3 3 3 3 3 4 3 3 6 3 3 4 41 466 123 263 62 265 244 250 340 210 161 277 235 41 281 234 0 242 21 120 0 0 0 0 2 2 0 1 3 0 3 0 0 0 0 2 3 0 2 0 0 0 0 0 7 0 0 0 0 0 0 0 0 0 0 0 0 0 0 0 0 0 0 0 0 0 0 0 0 0 0 0 0 0 0 0 0 0 0 0 0 0 45 2 11 8 0 1 0 44 25 32 9 0 1 9 1 30 0 0 0 0 0 0 0 9 0 0 0 0 0 12 0 0 0 0 0 0 2 0 0 0 0 1 0 0 2 0 0 0 0 0 0 7 0 10 0 0 0 0 0 0 0 0 0 0 0 0 0 0 0 0 0 0 0 0 0 0 0 0 0 0 10 51 26 0 0 6 10 21 36 26 0 0 1 13 14 24 0 0 0 0 0 0 0 0 0 0 0 0 0 0 0 0 0 0 0 0 0 0 0 0 10 0 0 0 0 0 0 0 0 10 0 0 0 0 0 0 0 22 9 0 70 1 0 23 1 3 0 0 5 0 0 0 0 0 0 0 0 0 0 0 0 0 8 13 0 0 0 0 
 0 4 3 0 0 2 0 0 0 1 0 0 1 0 0 2 0 1 0 0 0 0 0 0 0 0 1 0 1 0 0 0 7 0 0 0 3 0 4 5 44 103 286 243 43 64 23 32 446 319 229 73 24 47 52 215 242 0 239 27 5 0 0 0 0 0 0 0 0 0 0 3 0 0 0 0 0 0 25 1 0 0 0 0 0 0 0 0 0 0 0 0 0 0 0 0 0 0 0 0 3 0 0 0 0 0 4 1 0 0 0 0 9 3 1 0 0 0 12 0 0 0 0 25 11 4 0 0 0 11 31 27 0 0 0 2 0 0 0 0 0 0 0 0 0 0 0 0 0 0 0 5 0 0 0 0 0 0 16 0 0 0 0 2 0 6 0 0 0 0 0 0 0 2 0 1 0 0 0 16 5 0 0 0 0 0 19 5 0 0 0 0 5 6 5 4 0 0 0 6 0 0 13 9 9 0 0 0 0 0 14 31 0 0 0 1 13 2 0 11 0 0 0 0 0 0 1 0 0 0 0 0 26 0 0 0 0 0 20 0 0 0 0 0 0 0 0 0 2 0 0 11 0 2 0 0 0 0 0 12 0 1 62 62 0 10 1 63 1 0 26 0 0 0 0 0 0 0 0 0 0 0 0 0 18 8 0 0 1 0 
 4 0 3 63 0 0 0 0 0 0 2 0 0 0 0 0 0 0 0 3 0 60 0 2 0 194 0 1 0 1 0 0 0 2 0 0 0 0 0 0 104 45 37 98 79 251 83 80 77 87 53 29 283 84 55 248 21 239 0 269 0 0 0 0 0 0 0 0 0 0 0 0 1 0 0 0 0 10 0 0 0 0 0 0 0 0 0 0 0 0 0 0 0 0 0 0 0 0 0 0 0 0 0 0 0 32 0 0 6 0 0 0 0 0 0 0 0 0 0 0 13 0 0 0 0 0 21 0 0 0 0 0 9 35 11 9 0 0 3 26 1 0 0 0 0 0 0 0 0 0 0 0 0 0 0 0 0 0 0 0 0 3 0 0 0 0 0 0 0 0 0 6 11 0 0 0 0 0 9 0 0 0 0 0 0 14 5 0 0 0 0 0 0 0 0 0 16 0 0 1 10 11 1 0 0 0 26 0 0 0 0 1 6 17 0 0 0 0 9 47 0 0 0 0 0 0 0 0 0 0 0 0 0 0 0 0 0 0 0 0 0 0 0 0 0 0 0 0 0 0 0 7 0 1 0 0 0 1 0 2 0 0 0 0 0 0 0 0 0 0 0 0 0 0 0 0 0 0 0 0 0 0 0 0 0 0 0 0 2 0 
 2 2 64 2 2 2 2 2 2 2 2 2 2 2 8 3 2 2 2 2 0 2 0 0 0 1 0 0 0 0 0 0 1 0 0 0 0 0 0 0 110 43 33 277 75 34 151 60 42 95 64 249 201 158 91 38 120 27 269 0 0 13 6 0 1 0 0 51 4 0 0 6 0 0 0 27 4 8 0 0 0 0 0 0 14 0 0 0 0 0 0 0 0 0 0 0 0 0 0 0 0 0 0 0 0 18 19 0 0 0 0 0 0 0 0 0 0 0 0 0 6 29 0 0 13 0 32 44 37 18 0 0 5 66 8 14 14 8 0 8 0 13 0 7 8 2 0 0 0 4 3 8 0 0 0 0 0 28 0 0 0 35 0 0 0 0 0 0 0 0 0 1 0 0 0 0 0 0 0 0 0 0 0 0 0 19 0 0 0 1 0 0 0 0 0 0 0 1 0 0 24 23 11 0 0 0 22 27 2 0 0 0 0 32 2 0 2 0 1 0 11 0 0 1 0 0 0 0 9 0 4 3 0 0 0 8 3 0 0 0 0 0 0 0 0 0 0 0 0 0 0 8 0 0 0 0 1 0 0 0 0 0 3 0 0 3 2 0 0 0 4 0 0 0 0 0 0 0 0 0 0 0 0 0 0 0 0 0 0 0 
 3 2 3 3 49 3 2 2 1 3 4 0 3 3 2 3 0 3 2 1 0 0 1 4 0 0 0 0 0 0 0 0 49 0 0 0 0 0 2 0 0 1 0 4 0 0 0 0 0 22 7 2 0 3 8 0 0 5 0 0 0 93 112 41 28 35 245 227 269 42 16 32 71 106 230 30 50 78 45 132 0 0 0 0 0 0 9 0 0 0 0 0 0 7 0 0 0 0 0 0 0 0 0 0 0 0 0 0 0 0 0 0 0 0 0 0 0 11 0 0 0 0 0 4 27 8 0 0 0 0 0 0 0 0 0 0 0 0 0 0 0 15 12 20 0 0 9 17 15 1 15 0 3 0 27 10 10 1 7 1 0 0 18 0 0 0 0 0 0 0 0 0 0 0 0 0 0 0 6 0 0 0 0 0 0 0 3 0 0 0 0 0 9 0 0 0 0 0 0 0 0 0 0 0 11 0 0 0 0 0 0 18 0 0 0 0 0 0 0 0 7 56 33 20 0 0 0 21 52 46 1 9 4 14 25 50 13 16 5 7 0 0 0 0 0 0 0 0 0 0 0 0 0 0 0 0 0 0 0 0 0 0 0 0 0 0 9 16 0 0 2 0 0 2 0 1 0 0 0 0 0 0 0 0 0 0 0 0 0 0 
 0 0 2 0 0 0 0 0 0 0 0 0 0 0 0 0 0 0 0 0 3 3 13 3 3 3 3 3 3 3 3 3 3 3 3 3 3 3 3 3 0 0 0 0 6 0 0 0 0 11 0 0 0 0 1 0 0 0 0 13 93 0 278 95 38 55 59 179 203 94 44 26 62 59 155 169 411 124 32 58 0 0 0 0 0 0 0 0 0 0 0 0 0 0 0 0 0 0 0 0 0 0 0 0 0 0 0 3 0 0 0 0 0 0 1 0 0 0 0 0 0 0 0 0 0 0 0 0 0 0 0 0 0 0 0 0 7 18 0 0 0 24 7 23 0 0 0 0 1 40 33 38 0 0 6 1 12 19 0 0 0 0 0 0 0 0 0 0 0 0 0 0 0 0 0 0 0 0 0 0 0 0 0 0 0 0 2 0 0 0 14 0 0 0 0 0 0 0 0 0 0 0 0 0 0 0 0 0 0 0 0 0 0 0 0 0 0 0 0 0 0 9 34 0 45 6 0 0 22 55 25 25 0 0 0 23 30 22 0 0 9 0 0 0 0 0 0 0 0 0 0 0 0 0 5 0 0 0 0 0 0 0 0 1 0 0 6 0 0 0 9 0 0 4 2 0 0 0 0 0 0 0 0 0 0 0 0 9 0 0 
