 0 73 44 30 41 32 454 467 39 44 29 57 70 213 329 127 29 32 59 220 1 0 0 2 3 0 0 0 0 1 0 0 0 0 0 2 0 2 0 1 0 0 0 2 0 92 3 3 0 0 0 0 0 0 0 0 3 0 0 0 3 2 0 0 0 0 0 0 0 2 2 0 0 3 0 0 0 0 0 0 31 14 11 2 4 0 41 69 19 4 0 0 8 45 33 7 1 0 0 12 26 0 0 0 0 0 0 0 2 0 0 0 0 2 0 0 0 0 0 0 2 0 0 0 0 0 0 0 0 0 0 0 0 0 0 0 0 0 0 0 0 0 2 0 0 0 0 0 0 0 0 0 0 0 0 0 0 0 0 0 34 12 15 0 0 0 9 71 22 0 2 2 0 15 85 0 7 21 0 0 0 0 0 0 0 0 0 0 19 0 0 1 0 0 16 0 0 0 0 0 0 0 9 0 0 0 0 0 0 0 0 0 0 0 0 0 0 1 0 0 1 0 0 0 0 0 0 0 0 0 0 0 0 0 0 0 0 0 0 0 0 1 0 0 0 0 0 2 2 0 0 8 0 0 2 0 0 0 0 0 0 0 0 0 0 0 0 0 0 0 0 0 0 0 0 0 0 0 0 0 0 0 0 0 0 1 0 0 0 0 
 73 0 401 104 32 241 80 481 345 59 27 39 51 299 355 372 282 33 56 128 3 0 0 0 3 0 2 0 0 0 0 1 0 0 0 2 0 2 0 1 0 0 0 2 0 2 3 3 0 0 1 0 0 0 0 0 7 0 0 0 2 2 0 0 0 1 0 0 0 53 2 0 0 3 0 0 0 0 0 0 15 44 29 12 0 1 0 0 21 50 21 9 0 0 3 34 33 19 0 0 0 0 0 0 0 0 0 0 0 0 0 0 0 0 2 1 0 0 0 0 0 0 0 0 0 2 0 1 0 0 0 0 0 0 0 0 0 0 0 0 0 0 0 0 0 0 0 0 0 0 6 0 0 0 2 0 0 0 9 0 0 32 16 10 1 4 0 0 40 47 26 19 0 12 49 45 50 15 0 0 0 0 0 0 0 0 0 0 0 0 0 0 0 0 0 0 0 0 0 0 0 0 0 0 0 0 0 0 0 0 0 0 0 0 0 0 0 0 2 0 1 0 0 0 0 0 0 0 0 0 1 0 0 0 0 2 0 0 0 0 0 10 16 0 0 1 0 0 0 0 0 12 0 0 0 0 0 0 0 0 0 0 0 0 0 0 2 0 0 0 0 0 0 0 0 0 0 0 0 0 0 0 0 0 0 1 0 0 0 0 
 44 401 0 185 39 47 77 111 344 338 111 49 76 272 30 445 172 345 57 41 0 0 0 2 7 0 0 2 2 2 0 2 0 75 0 3 0 3 0 1 0 0 0 2 0 1 2 3 0 0 5 0 0 0 61 0 6 0 0 0 2 23 0 0 0 3 0 0 0 3 2 0 0 3 0 0 0 0 0 0 0 76 38 46 2 22 0 0 80 102 91 36 0 0 0 49 61 35 0 0 0 0 0 0 0 0 0 0 0 0 0 0 0 0 2 2 0 0 0 0 0 0 1 0 0 2 0 1 0 0 0 10 0 0 0 0 0 0 0 0 0 0 0 0 0 0 0 6 0 2 5 0 1 0 2 0 0 0 8 0 0 27 18 50 21 10 13 0 18 36 19 20 0 0 0 31 37 14 1 0 0 0 0 2 0 0 0 0 0 0 0 0 0 0 0 1 0 0 0 5 0 0 0 0 0 0 0 0 0 0 0 0 0 0 0 0 0 0 2 0 0 0 0 0 0 0 0 0 0 0 0 0 0 0 0 2 0 0 0 0 0 13 0 0 0 3 88 0 0 5 0 2 10 0 0 0 0 0 0 0 0 1 11 0 0 0 3 0 0 0 0 0 0 0 0 10 9 7 0 0 0 0 0 0 0 0 0 0 0 0 
 30 104 185 0 76 45 116 75 320 775 160 309 82 104 75 46 126 394 158 69 2 0 0 0 7 0 0 0 0 2 0 1 209 0 2 3 0 3 0 0 0 0 0 2 0 0 3 3 0 0 0 0 0 0 0 2 4 0 0 0 2 50 0 0 0 3 0 0 0 3 2 0 0 3 0 0 0 0 0 0 1 0 24 35 8 41 0 0 7 22 58 53 0 0 0 22 0 24 0 0 0 0 0 0 0 0 0 0 0 0 0 0 0 0 0 0 0 0 3 0 0 0 0 0 0 0 0 0 0 0 0 0 0 1 0 2 0 0 0 0 0 0 0 0 0 0 0 9 25 0 0 0 0 0 0 0 0 13 3 0 0 0 0 31 17 18 0 0 0 15 31 14 0 0 1 0 0 14 8 0 0 0 0 0 0 0 0 0 0 0 0 0 7 0 0 0 0 0 10 0 0 1 0 0 0 0 0 0 0 0 0 0 0 0 0 2 0 0 1 0 0 0 20 0 0 0 0 0 0 0 0 0 0 0 0 0 0 0 0 0 0 0 0 0 2 1 25 0 2 149 0 0 11 0 0 0 0 0 0 0 0 0 12 0 0 0 0 0 0 0 0 0 0 0 0 27 10 12 0 0 0 0 0 0 0 0 0 0 0 0 
 41 32 39 76 0 670 45 86 81 79 58 348 301 83 531 93 64 118 79 304 0 0 0 0 3 0 0 0 0 2 0 1 1 0 0 3 0 3 1 0 0 0 0 27 0 5 3 3 5 0 54 0 0 0 0 0 2 0 0 0 2 3 0 0 0 2 0 0 0 2 2 1 8 3 0 0 0 0 0 0 0 0 0 0 21 34 0 0 0 0 0 28 0 0 0 0 0 0 0 0 6 0 0 0 2 2 30 0 0 0 0 0 32 20 0 1 0 0 37 30 0 2 0 0 0 0 0 0 0 0 0 0 0 0 0 0 0 0 0 0 14 1 0 0 1 0 0 0 0 0 0 0 0 0 0 0 0 1 0 2 0 0 0 0 15 37 0 0 0 0 14 2 0 0 14 0 0 0 0 0 0 0 1 0 0 0 0 0 0 0 1 0 27 0 0 0 0 0 49 70 0 0 0 2 2 0 0 0 0 1 0 0 0 0 0 0 0 0 10 2 0 0 22 0 0 0 1 2 0 0 0 0 0 0 0 0 0 0 1 0 0 0 15 0 0 8 2 0 2 2 0 4 0 0 0 0 0 0 0 0 0 0 0 0 0 0 0 0 0 0 0 0 0 0 0 0 0 0 0 0 0 0 0 0 0 0 0 0 0 0 
 32 241 47 45 670 0 182 42 44 44 56 58 21 281 56 299 273 255 138 55 0 0 0 2 3 0 0 1 0 1 0 2 6 0 0 4 0 6 294 4 0 0 0 2 0 2 2 3 56 0 0 0 0 0 0 0 0 65 0 0 2 3 0 0 0 3 0 0 0 3 2 0 0 3 0 0 0 0 0 0 0 0 0 0 20 16 0 0 0 11 0 0 0 0 0 16 0 0 0 0 19 0 0 0 0 0 44 14 0 0 0 0 45 12 22 2 0 0 67 29 0 0 0 0 0 0 0 0 0 0 0 0 0 0 0 0 0 0 0 0 6 0 0 0 0 0 0 0 0 0 0 0 0 0 0 0 0 0 0 0 0 0 0 0 44 9 0 0 0 0 0 0 0 0 0 0 0 0 0 0 19 0 0 0 0 0 14 1 0 0 0 0 50 0 0 0 0 0 55 50 0 0 0 0 0 0 0 0 0 0 0 0 0 0 0 0 0 0 12 0 0 0 0 0 0 0 0 0 0 0 0 0 0 0 0 0 0 0 0 0 0 0 0 0 0 5 1 0 0 0 1 2 0 0 0 0 0 0 0 0 0 0 0 0 0 0 0 0 0 0 0 0 0 0 0 0 0 0 0 0 0 0 0 0 0 0 0 0 0 0 
 454 80 77 116 45 182 0 84 65 49 22 25 596 571 255 22 158 22 293 304 0 2 0 2 3 0 2 0 0 1 0 1 1 0 3 9 3 5 2 3 0 2 3 4 1 94 3 3 11 3 3 0 0 0 2 3 1 3 3 0 2 3 0 0 2 3 0 0 0 3 5 1 0 3 0 0 0 0 0 15 30 10 0 0 0 0 21 66 21 0 0 0 11 43 68 0 9 10 39 17 0 0 0 0 0 0 0 0 0 0 0 0 0 0 0 0 0 0 0 0 0 1 0 0 0 0 0 0 0 0 0 0 0 0 0 0 0 0 0 0 0 0 0 0 0 0 0 0 0 0 0 0 0 0 0 0 0 0 0 0 19 12 10 0 0 0 35 43 7 0 4 0 0 1 0 0 4 9 14 16 0 0 0 0 0 0 0 0 0 0 0 0 0 0 0 0 0 0 0 3 0 0 0 0 0 0 0 0 0 12 0 0 0 0 0 0 0 0 0 0 0 0 0 0 0 9 0 0 0 0 0 0 0 0 0 0 0 17 0 0 0 0 0 0 0 0 2 2 0 0 0 11 14 0 0 0 0 0 0 0 0 2 0 0 0 0 0 0 0 0 55 0 0 0 0 0 0 1 0 0 0 0 0 0 0 0 0 0 0 0 
 467 481 111 75 86 42 84 0 171 47 36 65 103 465 143 276 52 31 69 70 1 0 0 0 3 0 2 0 0 0 0 206 0 0 0 3 0 5 0 0 0 0 2 2 0 66 2 3 0 0 0 0 0 0 0 0 0 0 0 0 2 3 0 1 0 3 0 0 0 5 2 0 0 3 0 0 0 0 0 0 43 52 23 24 1 0 0 22 41 30 0 0 0 0 45 44 44 0 0 13 0 0 0 0 2 2 0 0 0 0 0 0 0 0 0 0 4 0 0 0 0 2 0 0 0 0 1 0 0 0 0 0 0 0 0 0 0 0 0 0 0 2 0 0 1 0 0 0 0 0 2 0 0 0 0 0 0 1 0 2 0 18 37 0 0 0 0 1 24 10 0 5 0 8 46 26 38 26 0 0 0 0 1 1 0 0 0 0 0 0 1 0 0 0 0 0 0 0 0 4 0 0 0 2 2 0 0 0 0 1 0 0 0 0 0 0 0 0 0 2 0 0 0 0 0 0 0 2 0 0 0 0 0 0 0 0 0 0 0 0 0 0 0 0 0 2 0 0 0 0 0 6 0 0 0 0 0 0 0 0 0 0 0 0 0 0 0 0 0 0 0 0 0 0 0 0 1 0 0 0 0 0 0 0 0 0 0 0 0 0 
 39 345 344 320 81 44 65 171 0 366 53 64 181 104 322 321 316 293 68 72 0 0 0 2 5 0 0 0 0 0 2 1 0 0 0 3 0 3 0 0 0 0 0 2 0 2 3 3 63 0 0 0 0 0 0 0 3 5 0 0 2 3 0 0 0 47 0 0 0 3 33 0 3 3 0 0 0 0 0 0 5 34 55 25 39 1 0 4 53 41 68 26 0 0 0 57 73 18 0 0 1 0 0 0 0 0 0 0 0 0 0 0 0 0 2 2 0 1 0 0 0 0 1 0 0 2 0 0 0 0 0 0 0 0 0 0 0 0 0 1 0 0 0 0 0 0 0 10 15 0 6 0 1 0 2 0 0 0 9 0 0 21 14 17 56 7 0 0 43 71 11 8 0 0 17 45 49 5 13 0 0 0 0 0 0 0 0 0 0 0 0 0 0 0 5 1 0 0 0 0 0 0 0 0 0 0 0 0 0 0 0 0 0 0 0 0 0 0 2 0 0 0 0 0 0 0 0 0 0 0 1 0 0 0 15 2 0 0 0 0 0 10 0 0 0 2 4 2 0 4 0 12 10 0 0 0 0 0 0 0 0 0 0 0 0 0 0 0 0 14 0 0 0 0 0 1 9 32 0 0 0 0 0 0 0 0 0 0 0 0 
 44 59 338 775 79 44 49 47 366 0 464 109 50 91 120 335 428 193 104 82 0 0 0 1 3 0 0 0 0 2 0 2 0 0 1 3 0 3 0 0 0 0 0 2 0 1 2 3 0 0 0 0 0 77 0 0 6 0 0 0 2 3 0 0 0 3 0 0 0 3 2 0 0 3 0 3 0 0 0 0 0 0 37 30 24 40 0 0 27 32 122 37 0 0 0 27 13 59 0 0 0 0 0 0 0 0 0 0 0 0 0 0 0 0 0 0 0 0 1 0 0 0 0 9 0 0 0 0 0 0 0 0 0 1 0 2 0 0 0 0 0 0 0 0 0 0 0 7 0 0 5 0 0 0 0 0 0 0 6 0 0 19 0 41 19 6 0 0 18 47 40 33 0 0 0 12 42 11 10 0 0 0 0 0 0 0 0 0 0 0 0 0 0 0 0 0 0 2 1 0 0 1 0 0 0 0 0 0 0 0 0 0 0 0 0 2 0 0 5 0 0 0 1 0 0 0 0 0 2 0 0 0 0 0 0 0 0 0 0 0 0 10 0 0 2 0 176 0 0 230 2 5 2 0 0 0 0 2 0 0 0 0 2 0 0 0 0 0 0 0 0 0 0 0 0 26 2 8 0 0 0 0 0 0 0 0 0 0 0 0 
 29 27 111 160 58 56 22 36 53 464 0 398 109 462 73 102 388 624 33 50 0 0 0 5 3 0 0 0 0 2 0 1 0 0 2 3 0 77 0 76 0 0 0 2 0 0 3 3 0 0 0 0 0 39 0 0 4 0 0 0 2 3 0 0 0 3 0 0 3 3 2 0 0 3 0 0 0 0 0 0 0 0 17 35 23 35 0 0 13 20 42 54 0 0 0 20 0 15 0 0 0 0 0 0 0 0 0 0 0 0 14 0 0 0 0 0 0 0 1 0 0 0 0 0 0 0 0 0 0 25 0 0 0 0 0 0 0 0 0 0 0 0 0 0 0 0 0 9 0 0 0 0 0 0 0 0 0 0 0 0 0 0 0 31 58 22 0 0 0 13 23 16 0 0 0 0 0 13 6 0 0 0 0 0 0 0 0 0 0 0 0 0 16 0 0 0 0 0 10 3 0 0 0 0 0 0 0 0 0 0 0 0 0 0 0 0 16 0 0 0 0 0 15 0 0 0 0 0 0 0 0 0 0 0 0 0 0 0 0 0 0 0 73 0 0 0 102 1 0 52 0 2 10 0 0 0 0 0 0 0 0 0 11 0 0 0 0 0 0 0 0 0 0 0 0 25 9 11 0 0 0 0 0 0 0 0 0 0 0 0 
 57 39 49 309 348 58 25 65 64 109 398 0 32 91 38 114 62 65 127 62 0 0 3 3 5 0 2 2 2 3 4 3 0 2 2 5 2 4 3 0 0 0 0 4 2 4 5 6 7 0 3 0 2 3 3 0 15 1 0 3 2 3 0 0 0 3 0 0 0 2 2 4 0 3 0 0 0 0 0 0 0 0 0 11 22 63 0 0 0 0 21 21 0 0 0 0 0 41 0 0 2 8 0 1 0 0 6 0 0 0 0 0 48 1 0 14 0 0 77 23 0 0 0 0 0 0 0 0 0 0 0 0 0 0 0 0 0 0 0 0 0 0 2 0 8 0 0 2 0 0 0 0 0 0 0 16 2 0 0 0 0 0 0 0 33 15 0 0 0 0 47 11 0 0 0 0 0 0 9 0 0 0 0 0 0 0 0 0 1 0 0 0 38 0 0 0 0 0 19 6 0 0 0 0 0 0 0 0 0 0 0 0 1 0 0 0 0 0 0 0 0 0 20 0 0 0 0 0 0 0 0 0 1 0 0 0 0 0 0 0 0 0 0 0 0 0 173 2 2 90 0 8 0 4 0 0 0 2 0 0 0 0 0 0 0 0 0 2 0 0 0 0 0 0 0 11 0 0 0 0 0 0 0 0 0 0 0 0 0 0 
 70 51 76 82 301 21 596 103 181 50 109 32 0 265 48 130 48 46 502 514 1 0 0 1 3 0 1 0 0 1 0 0 0 0 0 2 0 2 0 3 0 0 0 2 0 62 3 3 0 0 0 0 0 27 0 0 2 0 0 0 3 5 0 0 0 30 36 0 0 2 2 0 0 3 0 0 0 3 0 0 25 1 0 0 0 0 45 37 2 0 0 0 24 64 37 0 0 0 27 28 0 0 0 0 0 0 0 1 0 0 0 0 0 0 0 0 0 0 0 0 0 0 0 0 2 0 0 0 0 0 0 0 0 0 0 0 0 0 0 2 0 0 0 0 0 0 0 0 5 0 0 0 0 0 0 0 0 0 0 0 40 15 0 0 2 0 20 51 0 0 19 1 19 0 0 0 0 9 25 11 1 0 0 0 1 0 0 0 0 0 0 1 0 0 0 0 0 0 0 0 0 0 0 23 0 1 0 0 0 0 0 0 1 0 0 0 0 2 0 0 0 0 0 0 0 0 0 0 0 0 0 0 0 0 0 0 0 1 0 0 0 0 0 0 0 2 2 2 2 0 0 10 0 0 0 0 0 0 0 0 0 0 0 0 0 0 0 0 0 0 0 0 0 0 0 0 0 0 0 0 0 0 0 0 0 0 0 0 0 0 
 213 299 272 104 83 281 571 465 104 91 462 91 265 0 612 55 261 22 360 513 5 0 0 2 3 2 0 0 0 0 0 1 1 8 0 3 0 3 0 0 0 0 0 2 0 136 2 5 0 0 0 0 3 2 0 0 2 0 0 2 2 3 0 0 0 3 2 1 0 3 34 2 0 3 0 0 0 2 0 0 29 2 10 2 0 0 20 48 19 1 0 0 0 38 41 11 1 0 0 5 0 0 1 0 0 0 0 0 0 0 0 0 0 0 0 0 0 0 0 0 0 0 0 0 0 0 0 0 0 0 0 0 0 0 0 0 0 0 0 0 0 0 0 0 0 0 0 0 0 0 2 0 0 0 0 0 0 0 0 15 78 19 2 1 0 0 11 53 38 0 5 40 0 22 53 0 6 27 0 0 0 0 0 0 0 0 0 0 0 0 0 0 0 0 0 0 0 0 0 0 0 0 0 0 0 0 0 0 0 0 0 0 0 0 0 0 0 0 0 0 0 0 0 0 0 0 0 0 0 0 0 0 0 0 0 0 0 0 0 0 0 1 0 0 0 0 0 2 0 0 2 1 0 0 0 1 0 1 0 2 0 1 0 0 0 0 0 0 0 0 0 0 0 0 0 0 0 0 0 0 0 0 0 0 0 0 0 0 0 0 
 329 355 30 75 531 56 255 143 322 120 73 38 48 612 0 222 54 50 273 405 4 1 2 4 3 0 1 0 0 0 0 0 0 0 0 2 0 5 0 5 0 3 0 2 0 74 3 3 0 0 2 3 0 0 0 3 4 0 0 1 3 2 0 0 2 1 0 0 0 2 2 0 0 3 0 0 0 0 0 0 39 49 7 16 0 0 0 16 14 46 0 0 3 1 26 16 79 0 19 9 0 0 0 0 0 0 8 0 0 0 2 0 0 0 0 0 0 0 0 0 0 0 0 0 0 0 0 0 0 0 0 0 0 16 0 33 2 0 0 0 0 0 0 0 0 2 0 1 0 19 3 2 0 0 0 0 0 0 0 0 0 11 24 0 0 0 0 0 21 0 0 13 0 7 29 23 38 9 0 0 0 2 0 0 0 0 0 0 0 0 0 0 0 0 0 0 0 0 11 0 0 0 21 0 0 0 0 0 1 0 0 0 0 0 0 0 0 0 0 0 0 0 0 0 0 0 0 20 0 1 0 0 0 0 0 0 0 0 0 0 0 0 0 0 0 4 1 0 2 0 0 5 0 0 0 0 0 0 0 0 0 0 0 0 0 0 0 0 0 0 0 0 0 0 0 0 0 0 0 0 0 0 0 0 0 0 0 0 0 1 
 127 372 445 46 93 299 22 276 321 335 102 114 130 55 222 0 351 230 45 266 0 0 3 6 3 1 0 0 0 1 0 1 0 1 1 40 5 3 0 0 0 0 0 2 0 2 3 3 0 0 0 3 0 0 0 0 2 0 0 0 2 3 0 0 0 3 0 0 0 2 2 0 0 3 0 0 0 0 0 0 1 42 55 23 7 1 0 0 90 40 68 60 0 0 13 29 71 28 0 19 2 0 2 0 0 0 0 0 0 0 0 2 0 0 0 0 0 0 0 0 0 0 0 0 0 0 0 0 0 0 0 0 0 0 0 0 0 0 0 0 0 0 2 0 0 0 0 6 0 0 5 0 0 0 0 18 0 0 4 0 0 26 19 41 26 15 0 0 8 90 18 14 2 0 22 37 44 6 0 0 0 0 0 0 0 0 2 0 1 0 0 0 0 0 14 0 0 0 0 0 0 0 0 0 0 0 0 0 0 0 0 0 1 0 0 0 0 0 0 0 0 0 0 0 0 0 0 0 0 0 0 0 1 0 0 0 0 0 0 0 0 10 0 0 0 1 2 1 3 7 0 5 9 2 0 0 2 0 2 0 0 0 0 0 0 0 0 0 0 0 3 0 0 0 0 0 0 9 0 0 0 0 0 0 0 0 0 0 0 0 
 29 282 172 126 64 273 158 52 316 428 388 62 48 261 54 351 0 333 245 251 0 0 1 0 68 1 0 0 0 1 0 1 0 75 0 3 0 3 2 0 0 0 0 3 0 2 2 3 0 0 0 0 0 0 0 0 16 0 0 0 2 3 0 0 0 3 0 0 0 3 2 1 0 30 0 0 0 0 0 0 0 33 43 42 7 16 0 0 57 46 63 52 0 0 0 34 69 44 0 0 0 0 0 0 2 7 0 0 0 0 0 0 0 0 0 0 0 0 0 0 0 2 0 0 0 0 1 0 0 0 0 0 0 0 0 0 0 0 0 0 0 0 0 0 1 0 0 12 0 0 2 0 0 0 0 0 0 0 6 2 0 29 18 84 24 3 0 0 15 40 19 32 0 0 0 38 26 22 6 0 0 0 0 0 0 0 0 0 0 0 0 0 0 0 0 0 0 0 0 2 0 0 0 0 2 0 0 0 0 0 0 0 0 0 0 0 0 11 0 2 0 1 0 0 0 0 2 2 0 0 0 0 0 0 0 0 1 0 2 0 0 11 0 0 0 0 87 0 0 6 0 8 9 0 0 0 0 0 0 0 1 0 21 0 0 12 0 0 0 0 0 0 0 0 0 12 10 13 0 0 0 0 0 0 0 0 0 0 0 0 
 32 33 345 394 118 255 22 31 293 193 624 65 46 22 50 230 333 0 42 21 3 0 0 0 3 0 0 0 0 0 0 82 0 0 0 2 0 210 0 1 0 0 0 4 71 68 3 3 0 0 0 0 0 0 0 0 7 0 0 0 2 2 0 0 51 1 0 0 0 2 3 1 0 3 0 0 0 0 0 0 0 2 23 42 16 65 0 0 27 22 60 27 0 0 0 9 13 67 0 0 0 0 0 0 0 0 0 0 0 0 0 0 0 0 0 0 0 0 1 0 0 1 0 0 0 0 2 0 0 0 0 0 0 12 19 0 0 0 0 0 0 0 0 0 19 0 0 4 0 0 5 0 0 0 11 0 0 2 3 1 0 12 0 32 11 6 0 0 15 83 46 31 0 0 0 11 14 12 7 0 0 0 2 0 0 0 0 0 0 0 2 0 0 0 0 0 0 0 0 1 0 0 0 0 1 0 0 0 0 2 0 0 0 0 0 0 0 0 0 0 0 0 0 0 1 0 1 1 0 0 9 0 0 0 0 0 2 0 1 0 0 9 0 0 0 0 173 3 3 171 0 10 11 0 0 0 0 0 0 0 1 0 11 0 0 0 0 0 0 0 0 0 0 0 0 24 14 9 0 0 0 0 0 0 0 0 0 0 0 0 
 59 56 57 158 79 138 293 69 68 104 33 127 502 360 273 45 245 42 0 375 1 0 0 0 3 0 74 0 0 2 0 1 0 0 0 3 0 3 201 0 0 0 0 2 0 8 3 3 0 0 0 0 0 0 0 0 1 0 0 0 2 3 0 0 0 4 0 0 0 2 2 0 0 3 0 0 0 0 0 0 11 0 0 16 0 0 26 21 0 0 0 0 10 29 0 0 0 0 40 17 0 0 0 0 0 0 0 0 0 0 0 0 0 0 0 0 1 0 0 0 0 0 0 0 0 0 0 0 0 0 0 0 0 0 0 0 0 13 0 0 0 0 0 0 0 0 0 0 0 0 0 0 0 0 0 0 0 0 0 0 6 0 0 0 0 0 54 2 0 0 3 0 22 1 0 0 0 0 16 47 0 0 0 0 0 0 0 0 0 0 0 0 0 0 0 0 0 0 0 0 0 0 0 0 0 0 0 0 0 0 0 14 0 0 0 0 0 0 0 0 0 0 0 0 0 0 0 0 0 0 0 0 0 0 0 0 0 0 0 0 0 0 0 0 0 0 0 1 1 1 0 0 0 0 0 0 0 0 0 0 0 0 0 0 0 0 0 0 0 0 0 0 0 0 0 0 0 0 0 0 0 0 0 0 0 0 0 0 0 0 
 220 128 41 69 304 55 304 70 72 82 50 62 514 513 405 266 251 21 375 0 0 0 0 3 3 2 0 3 0 1 0 1 0 0 0 3 0 5 0 1 0 0 0 2 0 98 3 3 0 0 0 0 0 0 0 0 1 0 0 0 2 3 0 4 0 3 0 0 0 2 2 0 0 3 0 0 0 0 0 0 0 25 2 0 0 0 44 81 8 0 0 0 10 54 32 0 0 0 50 8 0 10 0 0 0 0 0 2 1 0 0 0 0 1 0 0 0 0 0 0 0 0 0 0 0 0 0 0 0 0 0 0 0 0 0 0 0 0 1 0 0 0 0 0 0 0 0 0 0 0 0 0 0 0 0 0 0 0 0 0 29 11 15 2 1 0 32 50 0 0 14 3 18 0 0 0 0 6 52 14 0 0 0 0 0 0 0 0 8 0 0 2 0 0 0 0 0 0 0 0 0 0 0 0 0 0 0 0 0 0 0 0 0 0 0 0 0 2 0 0 0 2 0 0 0 0 0 0 0 0 0 0 0 0 0 0 0 0 0 0 0 0 0 0 0 2 0 0 17 0 2 4 0 0 0 0 0 0 0 0 0 0 0 0 0 0 0 0 0 0 0 0 0 0 0 0 0 0 0 0 0 0 0 0 0 0 0 0 0 0 
 1 3 0 2 0 0 0 1 0 0 0 0 1 5 4 0 0 3 1 0 0 85 90 152 265 46 383 611 42 25 45 46 89 235 347 258 63 320 45 60 0 0 0 0 0 3 0 3 0 0 0 1 0 3 0 2 0 0 2 3 3 40 0 0 3 0 2 10 0 0 0 0 0 0 0 0 8 0 0 0 0 2 0 0 0 0 1 0 0 9 0 0 0 0 0 0 0 0 0 0 49 23 58 0 0 0 14 85 49 16 13 0 0 24 27 2 9 4 2 1 0 0 0 0 0 0 0 0 0 0 0 0 0 0 0 0 0 0 0 0 0 0 0 0 0 0 0 0 0 0 0 0 0 3 0 0 0 0 0 0 66 0 0 0 0 0 0 0 0 0 0 0 0 0 2 0 0 0 0 0 18 12 16 33 0 0 0 74 103 9 17 0 0 108 16 20 58 0 0 0 0 0 0 0 0 0 0 0 18 0 0 0 0 0 0 0 0 0 0 0 0 0 0 0 0 0 0 0 0 0 0 2 0 0 0 0 0 0 0 0 0 0 0 0 0 0 0 0 0 0 0 0 0 0 6 0 6 0 0 2 2 0 0 0 0 0 8 0 0 0 0 0 0 0 0 0 0 0 0 0 0 0 0 0 0 0 0 0 0 0 
 0 0 0 0 0 0 2 0 0 0 0 0 0 0 1 0 0 0 0 0 85 0 448 60 31 43 84 652 415 30 248 39 38 56 373 340 351 42 311 51 1 0 0 1 0 3 6 3 0 0 36 0 0 2 0 0 0 0 0 3 2 0 0 0 0 0 2 0 0 1 0 1 0 0 0 0 5 0 0 0 3 0 0 0 0 0 0 0 0 0 0 0 0 0 0 0 0 0 0 0 14 63 48 45 1 4 0 0 32 18 40 46 0 0 6 39 59 0 0 0 0 1 0 0 0 0 0 0 0 0 0 0 0 0 0 0 0 0 0 0 1 0 3 0 0 0 0 0 0 0 0 0 0 17 0 0 0 12 0 0 12 0 0 0 0 13 0 0 0 0 0 0 0 0 0 0 0 0 0 0 0 24 92 11 0 2 0 10 28 84 14 0 0 14 0 58 6 42 0 0 1 0 0 1 0 0 0 0 0 0 0 0 0 0 0 0 0 0 0 0 0 0 2 0 2 0 0 0 0 0 0 0 0 0 0 0 12 0 15 0 0 0 0 0 0 0 1 0 0 0 0 0 0 0 0 2 0 0 0 3 2 0 0 0 0 0 10 0 0 0 0 2 0 16 0 0 0 0 0 0 0 6 0 0 0 0 35 0 0 0 
 0 0 0 0 0 0 0 0 0 0 0 3 0 0 2 3 1 0 0 0 90 448 0 72 31 257 77 109 176 511 57 31 57 57 63 254 382 596 95 39 0 0 0 0 0 3 4 3 0 0 4 0 0 3 0 0 0 2 0 4 55 0 0 0 0 0 2 0 0 0 0 0 0 0 0 0 0 0 0 0 0 0 0 0 0 0 0 0 0 0 0 0 0 0 0 0 0 0 0 0 1 18 0 34 0 13 0 0 0 23 45 51 0 0 0 55 26 54 0 0 0 0 0 0 0 0 0 0 0 0 8 0 0 0 0 0 0 0 1 0 0 7 6 0 0 0 0 0 0 9 0 0 0 0 0 0 18 0 0 0 0 0 0 0 0 0 0 0 10 0 0 0 0 0 0 0 0 0 0 0 0 27 56 81 1 0 0 15 0 25 17 2 0 0 0 22 1 42 0 0 0 0 0 0 0 0 0 0 0 0 0 0 0 0 0 0 0 0 0 0 0 0 0 0 0 0 0 13 0 0 0 0 0 0 0 0 0 0 0 0 0 0 0 0 0 0 0 0 0 0 0 0 0 0 0 0 0 9 4 0 10 0 0 0 0 0 0 0 0 0 0 0 0 0 28 0 0 0 0 0 0 35 0 0 0 0 19 0 0 0 
 2 0 2 0 0 2 2 0 2 1 5 3 1 2 4 6 0 0 0 3 152 60 72 0 115 39 293 74 84 454 158 378 145 225 123 57 53 422 368 77 5 0 2 0 0 3 0 3 0 0 5 2 0 8 0 0 3 0 0 6 3 0 0 0 34 0 2 0 4 0 0 0 0 0 0 0 0 0 0 0 0 0 0 0 0 0 0 0 0 0 0 0 9 2 0 0 0 1 0 0 0 0 0 46 45 54 0 0 0 10 28 42 0 0 0 0 4 76 0 0 1 0 0 0 0 0 0 1 0 0 0 0 0 0 0 0 0 0 26 15 0 0 0 0 0 0 0 0 0 10 0 8 0 0 0 0 0 0 0 0 2 0 0 0 9 0 0 1 0 0 0 0 0 0 0 0 6 0 0 0 0 0 0 13 78 33 0 0 0 1 57 60 0 0 0 0 0 47 0 0 1 0 0 0 0 0 3 0 0 0 1 0 2 2 0 0 0 0 2 13 0 0 0 0 0 1 0 0 0 0 0 0 0 0 0 0 0 0 1 0 0 0 11 0 0 0 0 0 0 0 0 0 0 0 0 0 0 49 89 0 9 19 0 0 0 0 0 0 0 0 0 0 0 0 0 0 0 0 0 0 0 18 0 0 0 0 0 0 0 0 
 3 3 7 7 3 3 3 3 5 3 3 5 3 3 3 3 68 3 3 3 265 31 31 115 0 349 49 58 44 86 187 556 518 99 89 74 294 50 56 290 2 0 27 0 0 3 0 3 0 0 5 3 0 2 1 0 1 0 0 7 2 0 0 0 0 0 2 0 0 0 0 0 0 39 0 0 0 0 0 3 0 0 0 0 0 0 0 0 0 0 0 0 0 0 0 0 0 0 0 0 0 0 0 2 61 27 2 0 0 3 0 14 0 0 0 0 0 1 0 0 29 1 0 0 0 0 1 0 11 0 0 0 11 1 0 2 0 0 37 37 0 0 0 0 0 0 0 0 0 0 0 7 0 1 0 0 0 0 0 0 4 0 0 0 0 0 0 0 0 0 0 0 0 0 0 0 0 0 0 0 0 0 0 0 39 38 0 0 0 0 14 26 0 0 0 0 0 0 0 0 1 0 1 0 0 0 40 0 0 0 0 0 32 0 2 0 0 0 26 25 0 6 0 0 0 0 2 2 0 0 0 0 0 0 0 0 0 0 0 0 0 0 0 0 0 0 0 0 0 0 0 0 0 0 9 0 2 2 3 2 6 0 0 0 0 13 0 0 0 0 0 0 0 0 0 0 0 0 0 0 0 0 0 0 0 0 0 0 0 0 
 0 0 0 0 0 0 0 0 0 0 0 0 0 2 0 1 1 0 0 2 46 43 257 39 349 0 32 36 38 74 54 84 37 39 60 77 63 70 48 41 0 0 0 0 0 3 0 3 0 0 0 1 2 3 0 0 0 0 224 5 3 0 0 0 0 0 2 0 3 0 0 0 0 0 0 0 0 0 0 0 0 0 0 0 0 0 0 0 0 0 0 0 0 0 0 0 0 0 0 0 0 0 0 0 59 0 0 0 0 0 0 0 0 0 16 0 0 0 0 0 44 1 0 0 0 0 10 22 0 0 0 0 25 24 1 0 0 0 14 22 0 0 0 0 0 0 0 0 0 0 0 3 0 0 0 0 0 0 0 0 4 0 0 0 0 0 0 0 3 0 0 0 0 0 0 0 0 0 0 0 0 0 0 0 1 16 0 0 0 0 0 1 0 0 0 0 0 0 0 0 34 0 1 0 0 0 71 1 0 0 0 0 65 47 36 0 0 0 15 43 0 0 0 0 0 0 0 0 0 0 0 0 0 0 0 0 0 0 0 0 0 0 0 0 0 0 0 0 0 0 0 0 0 0 4 0 0 0 0 2 3 1 0 0 0 0 0 0 0 0 0 0 0 0 0 0 0 0 0 0 0 0 0 0 0 0 0 0 0 0 
 0 2 0 0 0 0 2 2 0 0 0 2 1 0 1 0 0 0 74 0 383 84 77 293 49 32 0 91 58 25 35 45 489 370 47 232 41 71 96 559 0 0 0 0 0 25 0 3 0 0 0 0 0 3 0 0 0 0 4 3 3 3 0 0 0 0 2 0 0 0 0 0 0 0 0 0 1 0 0 0 0 0 0 0 0 0 0 0 0 0 0 0 0 0 0 0 0 0 0 0 17 15 6 0 0 0 7 57 24 22 0 0 28 83 36 16 1 9 0 6 2 0 0 0 0 0 0 0 0 0 3 0 0 0 0 0 0 0 0 0 0 0 0 0 0 0 0 0 0 0 0 0 0 2 0 0 2 0 0 1 0 0 0 0 0 9 0 0 12 0 0 0 0 2 0 0 0 0 0 0 42 24 0 0 0 0 35 27 67 2 2 0 0 37 47 6 22 0 0 0 0 0 0 0 0 0 0 0 0 0 0 0 0 0 0 0 0 0 0 0 2 0 0 0 0 0 0 0 0 0 0 0 0 0 0 0 0 0 0 0 0 0 0 0 0 0 0 0 0 0 0 0 0 0 9 2 0 0 0 0 0 0 0 0 0 0 0 0 0 0 0 0 0 0 0 0 0 12 0 0 0 0 0 0 0 0 0 0 0 0 
 0 0 2 0 0 1 0 0 0 0 0 2 0 0 0 0 0 0 0 3 611 652 109 74 58 36 91 0 86 40 19 45 91 408 181 135 58 41 92 65 0 0 0 0 0 3 7 3 0 0 0 0 0 3 0 0 0 0 0 3 3 0 0 0 0 0 2 0 0 0 0 0 0 0 0 58 3 0 0 0 0 0 0 0 0 0 0 0 0 0 0 0 0 0 0 0 0 0 0 0 10 49 41 0 0 0 0 48 74 22 19 12 0 0 5 53 9 16 0 0 0 0 0 0 0 0 0 0 0 0 0 0 0 0 0 0 0 0 0 0 0 0 5 0 0 0 0 0 0 0 0 0 0 3 0 0 0 0 0 0 0 0 0 0 0 0 0 0 0 0 0 0 0 11 0 0 0 0 0 19 18 35 84 21 0 0 0 36 30 36 18 0 0 14 0 40 13 9 0 0 0 0 0 0 0 0 0 0 0 0 0 19 0 0 0 0 0 0 0 0 0 1 0 0 0 0 0 0 0 0 0 0 0 0 0 0 0 0 12 0 0 0 0 0 0 0 0 0 0 0 0 0 0 0 0 2 4 0 0 0 1 1 0 0 0 0 12 0 0 0 0 0 0 0 0 0 0 0 0 0 0 20 0 0 0 0 12 0 0 0 
 0 0 2 0 0 0 0 0 0 0 0 2 0 0 0 0 0 0 0 0 42 415 176 84 44 38 58 86 0 268 34 271 97 99 75 283 205 336 79 59 0 0 0 1 0 2 9 3 0 0 3 0 0 4 0 0 0 0 0 3 3 0 0 49 0 0 2 0 0 0 0 1 0 0 0 0 0 0 0 0 0 0 0 0 0 0 0 0 0 0 0 0 0 0 0 0 0 0 0 0 2 35 22 28 1 12 0 0 3 19 51 47 0 0 0 74 18 45 0 0 0 0 0 0 0 12 0 0 0 0 0 0 0 0 0 0 5 0 1 0 1 0 5 0 0 0 0 0 0 13 0 0 0 0 0 0 0 20 0 0 0 0 0 0 0 0 0 0 0 0 0 0 0 0 0 0 0 0 0 14 0 40 26 32 0 2 0 34 0 44 11 0 0 0 0 28 0 49 0 0 1 0 0 2 0 0 0 0 0 0 0 0 0 0 0 0 0 0 0 0 0 0 2 0 2 0 0 0 1 1 0 0 0 0 0 0 25 0 0 0 0 0 0 0 0 0 0 0 0 0 0 0 0 0 2 0 0 2 6 2 9 1 0 0 0 0 0 0 0 0 0 2 0 0 0 0 0 0 0 0 0 23 0 0 0 0 21 0 0 0 
 1 0 2 2 2 1 1 0 0 2 2 3 1 0 0 1 1 0 2 1 25 30 511 454 86 74 25 40 268 0 298 193 37 219 76 474 275 160 83 74 2 0 3 5 2 1 0 3 4 0 5 25 0 6 0 0 0 0 0 3 3 3 2 3 0 0 2 3 2 4 0 0 0 0 0 0 0 1 0 0 0 0 0 0 0 0 0 0 0 0 0 0 13 0 0 0 0 0 0 0 0 0 0 56 1 10 0 0 1 23 44 45 0 0 1 13 25 34 0 0 0 0 0 1 0 0 0 0 0 0 0 0 0 0 0 0 0 0 7 1 0 0 4 0 0 0 0 0 0 8 0 0 0 0 4 0 0 0 0 0 0 0 0 15 2 0 0 0 0 0 0 0 6 0 0 0 0 0 0 0 0 0 1 14 16 13 0 1 0 13 4 16 0 0 0 0 0 29 0 0 0 0 0 0 0 0 0 0 0 15 0 0 0 8 0 0 0 0 0 8 0 0 0 0 0 0 0 0 0 0 0 0 0 0 0 0 0 0 0 0 0 0 7 0 0 0 0 0 0 2 0 0 0 0 0 0 0 81 149 2 11 20 0 0 0 0 0 2 0 0 0 0 0 0 0 0 0 0 0 0 0 11 0 0 0 0 0 0 0 0 
 0 0 0 0 0 0 0 0 2 0 0 4 0 0 0 0 0 0 0 0 45 248 57 158 187 54 35 19 34 298 0 348 43 30 54 89 110 337 26 63 78 0 0 0 0 3 0 3 0 0 68 0 0 7 0 0 0 0 0 3 2 0 0 0 0 0 2 0 0 0 0 0 0 0 0 0 1 0 0 0 0 0 0 0 0 15 0 0 0 0 0 0 0 0 0 0 0 0 0 0 0 2 1 18 27 52 1 0 0 15 24 35 0 0 32 0 1 88 0 0 0 0 0 1 0 0 0 9 0 0 0 0 0 0 0 1 0 0 50 12 0 0 0 0 0 0 0 0 0 4 0 5 0 2 0 0 0 0 0 0 0 0 0 0 5 0 0 0 0 0 0 0 0 0 0 0 0 1 0 1 0 0 1 14 69 43 0 0 0 12 34 61 0 0 0 0 0 28 0 0 0 0 0 0 0 0 0 1 0 0 0 0 7 0 1 0 0 0 0 0 0 0 0 0 0 0 1 1 0 0 0 0 0 0 0 0 0 0 0 0 0 0 5 0 0 0 0 0 0 0 0 1 0 0 0 1 1 49 39 0 14 6 29 0 0 0 1 0 0 0 0 0 0 0 0 0 0 0 0 0 0 10 0 0 0 0 0 0 0 0 
 0 1 2 1 1 2 1 206 1 2 1 3 0 1 0 1 1 82 1 1 46 39 31 378 556 84 45 45 271 193 348 0 47 45 38 49 82 93 31 244 2 2 0 0 0 3 0 3 0 0 1 2 0 13 0 0 0 0 0 3 3 0 0 0 0 0 2 0 0 0 0 0 0 0 0 0 0 1 0 0 0 0 0 0 0 0 2 0 0 0 0 0 0 0 0 0 0 0 0 0 0 0 0 14 61 48 0 0 0 1 1 12 0 0 0 1 0 0 0 2 7 0 0 0 0 0 0 0 0 0 1 0 3 0 0 0 0 0 27 14 0 0 1 0 10 0 0 0 0 1 0 6 0 0 0 0 1 0 0 0 26 11 0 0 2 0 0 0 2 0 0 0 0 0 0 0 0 0 0 0 0 0 1 8 49 55 9 0 0 0 29 43 0 0 0 0 0 11 0 0 1 0 0 0 0 0 32 0 10 0 0 0 29 0 0 0 0 0 11 0 1 0 0 0 0 0 0 0 0 0 0 0 0 0 0 0 0 0 0 0 0 0 6 0 0 0 0 0 0 0 0 0 0 0 3 2 0 151 148 6 3 18 0 0 0 0 0 0 0 0 0 0 0 0 0 0 0 0 0 0 0 1 0 0 0 0 0 0 0 0 
 0 0 0 209 1 6 1 0 0 0 0 0 0 1 0 0 0 0 0 0 89 38 57 145 518 37 489 91 97 37 43 47 0 70 54 48 271 45 430 237 0 0 0 0 0 2 0 4 0 0 1 0 2 6 0 0 2 0 5 6 3 0 0 0 0 0 2 0 0 0 0 2 0 2 0 0 1 0 0 0 0 0 0 0 0 0 0 0 0 0 0 0 52 0 0 0 0 0 0 2 33 0 0 0 1 0 39 19 0 0 5 0 42 70 53 15 1 0 1 19 0 0 0 0 0 0 0 0 0 0 0 0 0 0 0 0 0 0 0 0 0 0 2 0 0 0 0 0 0 0 0 0 0 0 0 0 0 0 0 0 0 0 0 0 0 0 0 0 0 0 0 0 0 0 0 0 0 0 0 0 44 9 1 1 0 1 41 21 24 0 0 0 29 44 31 9 16 0 2 0 0 0 2 1 0 0 0 0 0 0 0 0 0 0 0 2 0 0 0 0 0 0 0 0 0 0 0 0 0 0 0 0 0 10 0 0 0 0 0 0 0 0 0 0 0 1 0 0 0 0 0 0 0 0 3 0 2 0 0 4 1 1 0 0 0 0 7 0 0 0 0 0 0 0 0 0 0 0 0 0 0 0 0 0 0 0 0 0 0 0 
 0 0 75 0 0 0 0 0 0 0 0 2 0 8 0 1 75 0 0 0 235 56 57 225 99 39 370 408 99 219 30 45 70 0 444 48 246 53 93 104 0 4 0 3 0 7 0 3 2 1 9 3 4 6 0 5 1 7 2 4 3 0 0 0 4 4 2 0 0 0 4 4 0 2 3 2 13 6 4 0 0 13 0 0 0 0 0 0 0 0 0 0 0 0 0 0 0 0 0 0 32 25 90 1 0 14 18 103 60 7 21 11 0 22 44 8 11 5 0 0 12 0 0 0 0 0 0 0 0 0 0 0 0 0 0 10 0 0 0 0 0 0 0 0 0 0 0 0 0 0 0 0 0 3 0 0 0 0 0 0 0 0 0 0 0 0 0 0 0 0 0 0 0 1 0 0 0 0 0 0 27 2 20 1 0 0 0 67 92 30 19 0 0 114 17 25 40 6 0 0 0 0 0 0 0 0 0 0 0 0 0 0 0 0 0 0 0 0 0 0 0 0 0 0 0 0 0 0 0 0 0 0 0 0 0 0 0 0 0 0 0 0 0 0 0 0 0 0 0 0 0 0 0 2 1 1 0 0 0 1 0 0 0 0 0 0 8 0 0 0 0 0 0 0 0 0 0 0 0 0 0 0 0 0 0 0 7 0 0 0 
 0 0 0 2 0 0 3 0 0 1 2 2 0 0 0 1 0 0 0 0 347 373 63 123 89 60 47 181 75 76 54 38 54 444 0 373 489 55 232 94 3 0 0 0 0 4 3 3 1 0 0 0 0 3 0 0 64 0 3 3 3 0 0 51 0 0 2 0 0 0 0 0 0 0 0 0 5 0 0 0 0 0 0 0 0 0 0 0 0 0 0 0 0 0 0 0 0 0 0 0 11 50 33 0 0 6 1 39 43 21 8 21 0 0 9 32 6 9 0 0 0 0 0 0 0 0 0 0 0 0 0 0 0 0 0 0 0 0 0 0 0 0 31 0 15 0 0 0 1 0 0 1 0 3 0 0 0 0 0 0 0 0 0 0 2 4 0 0 4 1 0 0 0 0 0 0 0 0 0 0 15 35 67 25 1 0 1 24 31 28 10 1 1 10 1 30 18 7 0 0 0 0 0 0 0 0 0 9 0 0 0 0 0 0 0 0 0 2 0 0 0 0 0 0 0 0 0 0 0 0 0 0 0 0 2 0 0 0 0 0 0 0 0 0 0 0 0 0 0 0 0 0 0 0 2 0 0 0 0 2 0 1 0 0 0 0 6 0 0 0 0 0 0 0 0 0 2 0 0 0 0 40 0 0 0 0 21 0 0 0 
 2 2 3 3 3 4 9 3 3 3 3 5 2 3 2 40 3 2 3 3 258 340 254 57 74 77 232 135 283 474 89 49 48 48 373 0 224 263 46 510 0 0 0 0 0 53 77 3 0 0 8 0 0 3 0 0 0 0 0 3 3 0 0 0 0 0 2 0 0 0 0 1 0 0 0 0 10 48 0 0 0 0 0 0 0 0 0 1 0 0 0 0 0 0 1 0 0 0 0 0 1 20 11 26 0 16 0 0 20 64 32 45 0 6 24 55 28 65 0 0 0 0 0 0 0 0 0 0 1 0 0 1 0 0 0 0 0 0 0 0 0 0 6 0 0 0 0 0 0 6 0 0 0 0 0 0 0 0 0 0 0 0 0 0 0 0 1 0 0 0 2 0 3 0 0 0 2 0 0 0 0 39 28 28 8 0 0 16 1 32 10 1 0 17 0 37 7 57 0 0 0 0 0 0 0 0 0 0 0 0 0 0 0 0 0 0 0 0 0 0 0 0 0 0 0 0 0 0 0 0 0 0 0 0 0 0 0 0 0 0 0 0 0 0 0 0 0 0 0 0 0 0 0 0 2 0 2 3 2 0 2 3 0 0 0 30 0 0 0 0 0 0 0 0 0 0 0 0 0 0 0 31 0 13 0 0 12 0 0 0 
 0 0 0 0 0 0 3 0 0 0 0 2 0 0 0 5 0 0 0 0 63 351 382 53 294 63 41 58 205 275 110 82 271 246 489 224 0 603 42 42 0 0 0 0 3 6 8 87 0 0 8 3 2 6 2 0 3 0 21 6 3 0 0 0 0 0 2 0 0 0 0 2 0 0 0 0 0 0 0 0 0 0 0 0 0 0 0 0 0 0 0 17 0 0 0 0 0 0 0 1 0 21 0 21 5 16 0 0 3 33 63 44 0 0 1 51 21 59 0 0 0 0 0 0 0 0 11 0 0 0 0 0 0 0 0 0 0 0 0 0 0 0 8 8 0 0 0 0 0 10 0 0 0 0 0 0 0 0 0 0 0 0 0 0 0 0 0 0 0 0 0 0 0 0 0 0 0 0 0 1 0 25 38 49 3 5 0 13 17 30 70 1 0 0 0 28 0 38 0 0 0 0 0 2 0 0 0 0 0 0 0 0 0 0 0 0 0 0 0 0 0 0 0 0 2 0 0 0 1 1 19 0 0 0 0 0 1 0 1 0 0 0 0 0 0 0 0 0 0 0 0 0 0 0 16 1 0 6 1 1 10 0 0 0 0 0 0 0 0 0 0 2 0 0 0 0 0 0 0 0 0 33 0 0 0 0 14 0 0 0 
 2 2 3 3 3 6 5 5 3 3 77 4 2 3 5 3 3 210 3 5 320 42 596 422 50 70 71 41 336 160 337 93 45 53 55 263 603 0 52 460 1 0 0 208 0 3 2 3 0 0 10 1 34 74 0 0 0 2 0 5 3 0 0 0 0 0 2 0 0 0 0 0 0 0 0 0 1 0 50 0 0 16 0 0 0 0 0 0 0 0 0 0 0 0 0 0 0 0 0 0 0 13 1 79 4 21 0 0 0 50 30 43 0 0 0 16 55 36 0 0 2 0 0 0 0 0 0 0 0 2 2 0 0 0 0 0 0 0 8 33 0 2 1 0 0 0 0 0 0 14 0 0 0 0 0 0 2 0 0 0 0 0 0 0 13 0 0 0 1 0 0 4 0 2 0 0 0 0 0 0 0 0 1 21 20 11 0 0 0 10 42 47 0 0 0 0 0 29 0 0 0 0 0 11 0 0 0 0 0 0 0 0 1 0 0 0 0 0 0 0 2 0 0 0 0 0 0 0 0 0 14 0 0 0 0 0 0 0 0 0 0 0 14 0 0 0 0 0 0 0 0 0 1 0 14 0 0 147 214 1 9 12 0 0 0 0 1 2 0 0 0 0 0 0 0 0 0 0 0 0 0 8 0 0 0 0 0 0 0 0 
 0 0 0 0 1 294 2 0 0 0 0 3 0 0 0 0 2 0 201 0 45 311 95 368 56 48 96 92 79 83 26 31 430 93 232 46 42 52 0 403 0 0 0 0 0 1 0 3 80 0 0 3 0 3 0 0 2 0 5 3 3 0 0 3 3 0 2 3 0 3 0 0 0 0 0 0 0 0 4 0 0 0 0 1 1 1 0 0 0 0 0 0 0 0 0 0 0 0 0 0 9 0 10 0 0 0 62 0 2 0 0 0 44 42 26 7 0 0 8 23 0 0 0 0 0 0 0 0 0 0 0 0 0 0 0 0 0 0 0 0 21 0 0 0 0 0 0 0 0 0 10 0 0 12 1 0 0 0 1 0 9 0 0 0 9 14 0 0 0 2 0 0 0 0 0 0 0 0 1 0 19 16 0 0 0 0 62 0 0 0 0 0 11 22 41 2 1 0 18 46 0 0 2 0 0 0 0 2 0 0 0 0 0 0 0 0 0 0 9 0 0 0 0 0 0 0 0 1 0 0 0 0 1 0 0 0 0 0 0 0 0 0 0 0 0 0 0 0 0 1 0 0 0 0 4 0 2 0 0 0 2 0 0 0 0 0 0 0 0 2 0 0 0 0 0 0 0 0 0 0 0 0 0 0 0 0 0 0 0 0 
 1 1 1 0 0 4 3 0 0 0 76 0 3 0 5 0 0 1 0 1 60 51 39 77 290 41 559 65 59 74 63 244 237 104 94 510 42 460 403 0 0 0 0 0 0 2 0 4 0 0 0 0 0 3 0 0 0 0 5 3 3 0 0 0 0 0 2 0 0 0 0 0 0 0 0 0 1 0 0 0 0 0 0 0 0 0 0 0 2 2 0 0 0 1 0 0 0 0 0 0 30 0 0 0 0 0 40 22 0 0 3 0 59 41 42 7 1 0 1 17 0 0 0 0 0 1 0 12 0 0 0 0 0 0 0 0 0 0 0 0 3 0 0 0 0 0 0 0 0 0 0 0 0 0 0 0 0 0 0 0 0 0 0 0 5 0 0 1 0 0 0 0 0 9 0 0 0 0 0 0 37 18 1 1 0 0 47 28 48 2 0 0 15 49 59 15 12 0 0 0 0 0 0 0 0 0 1 0 0 0 16 0 0 1 0 0 0 0 1 0 0 0 0 0 0 0 0 0 0 0 0 0 0 0 0 0 0 0 0 0 0 0 0 0 0 0 0 0 0 0 0 0 0 0 0 3 0 0 0 4 3 2 0 0 0 0 0 0 0 0 0 0 0 0 0 0 0 0 0 0 0 0 0 0 0 0 0 0 0 0 
 0 0 0 0 0 0 0 0 0 0 0 0 0 0 0 0 0 0 0 0 0 1 0 5 2 0 0 0 0 2 78 2 0 0 3 0 0 1 0 0 0 96 65 44 29 41 269 487 33 50 52 248 51 154 183 41 40 52 48 148 0 0 47 0 3 0 0 0 0 0 0 0 0 0 0 0 0 0 0 0 0 0 0 0 0 0 0 0 0 0 0 0 0 0 0 0 0 0 0 0 0 1 0 0 7 1 0 0 12 0 0 1 0 0 0 0 0 1 0 0 10 14 7 0 0 0 1 13 13 30 0 0 26 27 48 19 2 60 4 0 0 0 0 0 0 11 0 0 0 0 0 0 0 0 0 0 10 0 0 0 0 0 0 0 0 0 0 10 8 0 0 0 0 7 0 0 0 0 0 0 0 0 0 1 8 4 0 0 0 0 0 8 0 0 0 0 0 7 0 0 0 38 12 0 0 0 0 18 19 25 12 0 6 21 8 39 32 0 0 0 0 0 0 0 0 0 0 0 0 0 0 0 0 0 12 0 0 0 0 0 0 0 9 0 0 0 0 0 0 0 0 7 0 2 0 0 0 0 8 2 0 0 0 0 0 2 2 0 0 0 17 0 0 0 0 0 0 0 0 0 0 1 0 0 0 0 0 0 0 6 
 0 0 0 0 0 0 2 0 0 0 0 0 0 0 3 0 0 0 0 0 0 0 0 0 0 0 0 0 0 0 0 2 0 4 0 0 0 0 0 0 96 0 291 59 90 56 62 570 197 253 262 93 246 61 202 217 246 45 249 54 0 0 0 0 0 1 0 0 2 0 59 0 0 0 0 0 0 0 0 6 0 0 0 0 0 0 0 0 0 0 0 0 0 0 0 0 0 0 0 0 0 0 0 0 0 0 0 0 0 0 0 0 0 0 0 0 0 0 0 0 0 10 22 15 0 0 0 0 22 0 15 63 12 0 2 6 27 23 0 0 0 0 0 0 0 22 0 0 0 0 0 0 0 0 0 0 5 0 0 0 0 18 0 0 0 0 0 0 0 0 0 0 0 0 0 0 0 0 0 0 1 0 0 0 0 0 0 0 0 0 0 0 0 0 0 0 0 10 0 0 0 4 32 50 0 0 0 15 12 27 26 11 0 0 0 25 2 44 0 15 0 0 0 0 18 0 0 0 0 0 0 0 0 0 0 0 0 0 0 0 0 0 2 0 0 0 0 0 0 0 0 0 0 0 0 0 0 0 0 0 0 0 0 0 0 14 0 0 0 0 16 0 0 0 0 0 0 0 0 0 0 0 0 0 0 19 0 0 0 1 
 0 0 0 0 0 0 3 2 0 0 0 0 0 0 0 0 0 0 0 0 0 0 0 2 27 0 0 0 0 3 0 0 0 0 0 0 0 0 0 0 65 291 0 176 52 42 82 132 226 255 127 269 62 24 65 115 195 221 277 268 0 2 0 0 0 0 4 0 1 0 3 0 6 0 0 0 0 0 7 2 0 0 0 0 0 0 0 0 0 0 0 0 0 0 0 0 0 0 0 0 0 0 0 0 0 0 0 0 0 0 0 0 0 0 0 0 0 0 0 0 0 0 7 28 14 14 0 0 9 8 31 29 0 0 0 10 6 0 0 0 0 0 0 0 0 0 0 5 0 0 0 0 4 0 0 0 0 0 0 13 0 0 0 0 0 0 0 0 0 0 0 0 0 0 0 0 0 0 0 0 0 0 0 0 0 0 0 0 0 0 0 0 0 0 0 0 0 0 0 0 0 0 10 25 24 1 0 0 10 9 28 22 0 0 0 11 0 24 0 0 0 0 0 0 0 0 0 1 0 0 0 0 4 3 1 1 0 0 3 0 0 0 6 0 0 0 0 0 0 0 0 5 0 0 0 0 0 0 52 26 0 0 1 2 0 6 2 75 0 0 0 0 0 0 0 14 0 0 0 0 0 0 0 0 0 0 0 0 0 0 
 2 2 2 2 27 2 4 2 2 2 2 4 2 2 2 2 3 4 2 2 0 1 0 0 0 0 0 0 1 5 0 0 0 3 0 0 0 208 0 0 44 59 176 0 101 18 74 77 115 239 121 274 84 69 66 43 48 298 68 66 0 3 0 0 0 51 0 0 0 0 2 0 12 0 0 0 0 1 26 1 0 0 0 0 0 0 0 0 0 24 0 0 0 0 0 0 0 0 0 0 0 0 0 0 0 0 0 0 0 0 0 0 0 0 0 0 0 0 0 0 0 0 0 18 28 1 0 0 0 11 10 11 0 0 0 0 0 0 0 0 3 1 0 2 0 0 23 1 0 0 0 0 12 1 0 4 0 0 31 10 0 0 0 1 0 0 0 0 0 0 0 0 0 0 0 10 0 0 0 0 0 0 0 9 0 0 0 0 0 0 0 0 0 0 0 0 0 0 0 17 0 0 0 10 38 24 0 0 0 0 0 55 0 0 0 9 0 0 0 0 0 0 14 0 0 0 6 2 0 0 0 0 34 8 0 0 0 1 10 3 0 0 13 0 0 0 0 0 0 0 0 3 0 15 1 0 0 0 0 28 0 0 14 34 0 3 1 6 2 0 0 0 0 0 0 0 0 0 0 0 0 0 0 0 12 5 0 0 0 0 
 0 0 0 0 0 0 1 0 0 0 0 2 0 0 0 0 0 71 0 0 0 0 0 0 0 0 0 0 0 2 0 0 0 0 0 0 3 0 0 0 29 90 52 101 0 165 52 296 85 43 116 290 77 70 59 87 71 26 51 89 0 8 0 0 0 8 0 0 0 0 0 0 1 0 0 0 0 15 2 0 0 0 0 0 0 0 0 0 0 0 0 0 0 0 0 0 0 12 0 0 0 0 0 0 0 0 0 0 0 0 0 0 0 0 0 0 0 0 0 0 0 0 0 0 0 30 0 0 0 0 0 0 0 0 4 0 0 0 0 0 0 0 0 1 0 0 11 0 0 0 0 0 14 32 0 2 0 0 20 64 0 0 0 2 0 0 0 0 0 0 0 19 0 0 0 2 0 0 0 0 0 0 0 0 0 0 0 0 0 0 0 0 0 0 0 0 0 0 0 0 0 0 0 0 6 23 0 0 0 0 0 33 0 0 0 0 0 0 0 0 1 1 0 0 0 0 12 3 0 0 0 0 35 0 0 0 0 0 43 20 0 0 0 0 0 0 0 0 0 0 0 2 0 0 0 0 0 0 0 1 0 0 1 1 2 2 0 1 0 0 0 0 0 0 0 0 0 0 0 0 0 0 0 0 0 0 0 0 0 0 
 92 2 1 0 5 2 94 66 2 1 0 4 62 136 74 2 2 68 8 98 3 3 3 3 3 3 25 3 2 1 3 3 2 7 4 53 6 3 1 2 41 56 42 18 165 0 27 47 47 72 106 61 29 43 73 166 94 46 54 56 0 0 2 5 4 0 2 2 0 3 9 37 0 0 2 2 2 8 56 3 10 9 0 2 0 0 0 22 0 0 0 0 0 30 23 7 0 0 1 0 0 0 0 0 0 0 0 0 0 0 0 0 0 0 0 0 0 0 0 0 0 0 0 0 0 7 0 0 0 0 0 0 0 0 10 0 0 0 0 0 0 11 0 0 3 3 10 0 0 0 0 0 10 26 0 0 3 0 10 11 6 15 9 5 0 0 20 24 62 19 0 0 1 4 14 0 0 14 13 19 0 0 0 0 0 0 0 0 0 0 0 0 0 0 0 0 0 0 0 0 0 0 0 0 0 7 0 0 0 0 0 0 0 0 0 0 0 0 0 10 12 0 0 8 0 0 27 12 0 0 0 0 0 0 1 0 0 0 10 19 0 0 0 0 0 0 0 0 0 0 0 5 2 0 0 0 0 3 0 0 0 0 2 2 0 0 0 2 0 0 0 0 0 0 0 8 0 0 0 0 0 0 0 0 0 0 1 0 0 0 
 3 3 2 3 3 2 3 2 3 2 3 5 3 2 3 3 2 3 3 3 0 6 4 0 0 0 0 7 9 0 0 0 0 0 3 77 8 2 0 0 269 62 82 74 52 27 0 106 246 37 44 40 341 308 267 53 274 46 63 272 0 0 0 0 0 0 0 0 0 0 0 0 0 0 0 0 0 0 0 0 0 0 0 0 0 0 0 0 0 0 0 0 0 0 0 0 0 0 0 0 0 10 5 7 0 1 0 9 3 0 20 9 0 0 0 6 4 32 0 0 12 29 0 1 0 0 27 29 21 37 0 0 40 17 60 30 11 12 1 13 0 0 0 0 0 6 0 0 0 0 0 0 0 0 0 0 4 0 0 0 0 0 0 0 0 0 0 0 26 0 0 0 0 10 0 0 0 0 0 0 0 7 5 6 0 0 0 0 0 5 5 0 0 0 7 5 0 0 0 0 0 62 21 0 0 0 0 11 19 15 0 11 1 22 12 7 24 0 0 7 0 0 0 0 0 0 0 0 0 0 0 0 0 0 0 0 0 0 0 0 0 0 0 0 0 2 0 0 0 0 0 7 0 0 0 0 0 0 0 22 0 0 0 0 2 66 0 0 2 0 6 0 0 0 0 0 0 0 0 0 0 2 0 0 0 0 0 0 0 0 
 3 3 3 3 3 3 3 3 3 3 3 6 3 5 3 3 3 3 3 3 3 3 3 3 3 3 3 3 3 3 3 3 4 3 3 3 87 3 3 4 487 570 132 77 296 47 106 0 181 21 40 42 341 341 164 114 38 59 68 295 0 0 0 0 0 0 0 16 0 0 1 0 0 0 0 0 0 0 6 0 0 0 0 0 0 0 0 0 0 0 0 0 0 0 0 0 0 0 0 9 0 0 0 0 9 0 0 0 0 0 0 0 0 0 0 0 0 0 0 0 0 14 31 18 0 23 0 8 41 29 12 25 6 1 43 36 25 18 0 0 0 0 0 0 0 6 0 5 0 0 9 0 4 0 0 0 7 0 0 10 0 0 0 0 0 0 0 0 0 0 0 0 0 2 0 0 0 0 0 0 0 0 0 0 0 0 0 0 0 0 0 0 0 0 0 0 0 0 0 0 0 19 63 0 0 0 0 23 25 20 15 1 0 0 2 49 10 14 0 0 0 0 0 0 0 0 0 0 0 0 0 0 5 2 0 0 17 0 3 0 0 0 0 0 0 0 0 0 0 0 0 16 0 0 0 0 0 0 0 0 0 0 1 0 0 2 2 0 0 0 24 0 0 0 0 0 0 0 0 0 0 0 0 0 0 10 0 0 0 0 
 0 0 0 0 5 56 11 0 63 0 0 7 0 0 0 0 0 0 0 0 0 0 0 0 0 0 0 0 0 4 0 0 0 2 1 0 0 0 80 0 33 197 226 115 85 47 246 181 0 135 276 47 88 92 234 512 405 174 77 77 0 0 0 0 0 0 0 0 5 0 3 0 0 0 0 0 0 0 0 11 0 0 0 0 18 3 0 0 0 0 0 5 0 0 0 0 0 0 0 0 1 0 0 0 0 0 0 19 0 0 0 0 0 0 0 0 0 0 4 6 0 1 26 49 2 0 0 0 12 15 67 39 0 0 0 10 19 16 0 0 0 0 0 0 0 2 1 0 0 0 0 0 1 0 0 0 5 0 5 0 0 1 0 0 7 6 0 0 0 0 3 0 0 0 0 0 0 0 0 0 0 0 0 0 0 0 0 0 0 0 0 0 0 0 0 0 0 0 10 1 0 0 20 57 28 1 0 0 5 35 16 34 0 0 0 4 0 36 0 0 0 0 0 0 0 9 0 0 0 0 0 0 3 0 8 0 0 4 0 0 0 0 20 0 0 0 0 0 0 0 0 11 0 2 0 0 0 0 1 12 0 0 3 2 0 15 1 1 0 0 33 0 0 0 0 0 0 0 0 0 0 0 0 0 0 11 0 0 0 0 
 0 0 0 0 0 0 3 0 0 0 0 0 0 0 0 0 0 0 0 0 0 0 0 0 0 0 0 0 0 0 0 0 0 1 0 0 0 0 0 0 50 253 255 239 43 72 37 21 135 0 431 50 34 74 298 242 399 75 71 101 1 2 0 1 0 0 1 0 0 0 0 0 0 0 0 0 0 0 2 0 0 0 0 0 0 0 0 0 0 0 0 0 0 0 0 0 0 0 0 0 0 0 0 0 0 0 0 0 0 0 0 0 0 0 0 0 0 0 0 0 0 0 0 0 17 0 0 0 8 0 9 2 0 0 0 0 2 1 0 0 0 0 0 0 0 0 1 0 0 0 0 0 0 0 0 2 1 0 0 0 0 0 0 0 0 0 0 0 0 0 0 0 0 0 0 6 0 0 0 0 0 0 0 0 0 0 0 12 0 6 0 0 0 0 0 0 0 0 0 0 0 0 18 43 20 39 0 0 0 10 46 14 0 0 0 2 0 60 0 0 0 0 0 0 0 0 0 0 0 7 0 0 1 0 0 0 0 0 1 0 0 0 0 0 0 0 0 0 0 0 0 7 0 0 0 0 0 0 0 26 0 0 64 66 0 18 0 0 0 0 0 0 0 0 0 0 0 0 0 0 0 0 0 0 14 12 0 0 0 0 
 0 1 5 0 54 0 3 0 0 0 0 3 0 0 2 0 0 0 0 0 0 36 4 5 5 0 0 0 3 5 68 1 1 9 0 8 8 10 0 0 52 262 127 121 116 106 44 40 276 431 0 279 245 57 56 89 110 266 242 81 0 2 0 0 0 0 0 0 0 0 6 0 0 1 2 0 0 5 0 1 0 0 19 0 0 0 0 0 0 0 0 0 0 0 0 0 0 0 0 0 0 0 0 10 3 8 0 0 0 0 0 8 0 0 0 0 17 8 0 0 0 10 0 15 22 1 0 0 0 11 11 9 0 0 0 23 0 1 2 1 0 0 0 6 0 0 12 0 0 0 0 0 10 0 0 9 0 0 20 10 0 0 0 1 0 0 0 0 0 0 0 0 0 0 0 6 0 0 0 0 0 0 0 0 9 2 0 0 0 0 0 15 0 0 0 0 0 7 0 2 0 0 0 9 48 17 0 0 0 1 2 34 0 0 0 8 0 17 0 0 0 0 0 0 0 0 0 0 0 0 0 0 42 0 0 0 0 0 10 0 0 0 62 0 0 0 0 0 0 0 0 16 0 1 0 0 0 0 8 17 0 22 34 33 0 1 2 5 0 0 0 0 0 0 0 0 0 0 0 0 0 14 0 0 12 0 0 0 0 0 
 0 0 0 0 0 0 0 0 0 0 0 0 0 0 3 3 0 0 0 0 1 0 0 2 3 1 0 0 0 25 0 2 0 3 0 0 3 1 3 0 248 93 269 274 290 61 40 42 47 50 279 0 29 53 31 67 113 72 56 452 0 9 0 0 0 0 0 14 0 0 3 0 0 0 0 0 21 0 0 0 0 0 0 0 0 0 0 0 0 0 0 0 0 0 0 0 0 4 0 0 0 0 0 0 5 0 0 0 0 0 0 0 0 0 0 0 0 0 0 0 1 0 0 0 32 20 0 0 0 0 0 0 0 0 0 0 0 0 3 4 0 0 0 14 0 0 5 0 0 0 0 0 3 20 0 4 0 0 15 41 0 0 0 0 0 0 0 0 0 0 0 0 0 0 0 7 0 0 0 0 0 0 0 0 0 3 0 0 0 0 0 0 0 0 0 0 0 0 0 0 0 0 0 0 9 26 1 0 9 1 0 7 7 0 5 1 11 1 0 0 0 0 0 0 0 4 0 0 0 0 0 0 50 0 0 0 0 0 33 19 0 0 0 0 0 0 0 0 0 0 0 4 0 0 0 0 0 0 0 15 0 0 64 63 0 0 0 65 2 0 0 0 0 0 0 0 0 0 0 0 0 1 0 0 11 12 0 0 0 0 
 0 0 0 0 0 0 0 0 0 0 0 2 0 3 0 0 0 0 0 0 0 0 0 0 0 2 0 0 0 0 0 0 2 4 0 0 2 34 0 0 51 246 62 84 77 29 341 341 88 34 245 29 0 317 60 61 34 16 536 422 1 4 6 0 202 0 0 8 8 0 0 0 0 1 13 6 2 0 0 0 0 0 0 0 0 0 0 0 0 0 0 0 0 0 0 0 0 0 0 0 0 0 0 0 0 0 0 0 0 0 0 0 0 0 0 0 0 0 0 0 34 23 0 0 0 0 7 54 0 5 0 0 6 41 0 8 2 0 8 35 0 6 12 9 0 2 0 0 31 9 3 8 8 0 0 8 1 10 0 0 0 0 0 0 0 0 0 0 10 0 0 0 0 7 1 0 0 0 0 0 0 0 0 0 0 0 0 0 0 0 0 0 0 0 0 0 0 0 28 0 30 19 0 0 0 0 21 7 0 0 0 0 8 59 30 7 25 0 2 11 0 11 0 1 9 10 0 0 8 9 4 35 0 0 0 0 0 4 0 0 0 0 0 0 0 0 0 0 0 0 0 4 0 0 0 0 0 0 0 0 0 0 0 0 0 3 10 0 0 0 3 0 0 0 0 0 0 0 0 0 0 0 0 0 0 0 0 0 0 0 
 0 0 0 0 0 0 0 0 0 77 39 3 27 2 0 0 0 0 0 0 3 2 3 8 2 3 3 3 4 6 7 13 6 6 3 3 6 74 3 3 154 61 24 69 70 43 308 341 92 74 57 53 317 0 223 39 26 40 313 190 0 0 0 0 0 0 0 0 1 0 0 0 0 0 0 0 0 1 0 1 0 0 0 0 0 0 0 0 0 0 0 0 0 0 0 0 0 0 0 0 0 0 0 0 2 3 0 0 0 0 0 8 0 0 0 0 0 7 0 0 10 11 7 6 0 0 0 13 27 32 1 0 29 32 45 17 10 40 26 0 0 0 0 0 0 7 0 0 0 0 0 0 0 0 0 0 12 0 0 0 0 0 0 0 0 0 0 0 0 0 0 0 0 1 0 0 0 0 0 0 0 0 0 0 6 7 0 0 0 0 0 8 0 0 0 0 0 5 0 0 0 30 11 2 0 0 0 17 28 16 11 0 0 2 12 30 31 0 0 7 0 0 0 0 0 0 0 0 0 0 0 0 21 0 0 0 0 0 0 6 0 0 6 0 0 0 0 0 0 0 0 7 0 0 0 0 0 0 5 0 0 0 2 0 1 2 2 0 0 0 29 0 22 0 0 0 0 0 0 0 0 6 0 0 0 0 0 0 0 0 
 0 0 61 0 0 0 2 0 0 0 0 3 0 0 0 0 0 0 0 0 0 0 0 0 1 0 0 0 0 0 0 0 0 0 0 0 2 0 0 0 183 202 65 66 59 73 267 164 234 298 56 31 60 223 0 115 337 252 260 224 0 0 5 3 0 0 0 0 2 6 6 6 0 0 0 5 42 7 0 7 0 0 0 0 0 1 0 0 0 0 0 0 0 0 0 0 0 0 0 0 0 0 0 0 0 0 0 0 0 0 0 0 0 0 0 0 0 0 0 0 0 19 19 21 0 0 0 2 9 22 15 41 13 0 55 13 31 38 1 0 0 0 0 0 6 12 0 0 0 0 7 14 0 0 0 0 12 0 0 0 0 0 0 0 0 0 10 0 0 0 0 0 0 7 0 0 1 0 0 0 0 0 0 0 0 0 0 0 0 0 0 0 9 0 0 0 0 0 0 0 0 21 19 16 3 0 0 23 33 15 11 10 0 0 1 20 8 12 0 0 0 0 0 6 6 38 0 18 0 0 7 7 0 0 0 0 0 0 0 0 0 0 2 0 0 0 0 0 0 0 0 4 0 2 0 0 0 0 0 2 0 0 0 0 0 3 0 0 2 0 6 0 0 0 0 4 0 0 0 0 0 0 0 0 0 15 0 0 0 0 
 0 0 0 2 0 0 3 0 0 0 0 0 0 0 3 0 0 0 0 0 2 0 0 0 0 0 0 0 0 0 0 0 0 5 0 0 0 0 0 0 41 217 115 43 87 166 53 114 512 242 89 67 61 39 115 0 391 453 62 297 0 1 37 3 1 0 0 0 10 4 5 0 0 0 0 37 4 10 0 20 0 0 0 0 0 0 0 0 0 0 0 0 0 0 0 0 0 0 0 0 0 0 0 0 0 0 0 0 0 0 0 0 0 0 0 0 0 0 0 0 0 0 28 42 6 0 0 0 4 0 20 26 13 1 0 28 17 1 0 0 20 0 0 16 13 6 0 0 2 2 5 8 0 0 0 0 46 15 0 0 0 0 0 0 0 0 0 0 5 0 0 0 0 1 0 0 0 0 0 0 0 0 0 0 0 6 0 0 0 0 0 0 0 0 0 0 0 0 0 0 0 1 26 39 10 2 0 1 26 8 33 50 0 0 0 26 1 25 0 6 0 0 0 2 16 8 0 0 0 0 5 8 0 0 0 0 0 1 0 0 0 0 1 0 0 0 0 0 0 0 0 5 0 1 0 0 0 0 2 13 1 0 1 2 1 5 0 0 0 0 2 0 0 0 0 5 0 0 0 0 0 0 0 0 0 4 0 0 0 0 
 3 7 6 4 2 0 1 0 3 6 4 15 2 2 4 2 16 7 1 1 0 0 0 3 1 0 0 0 0 0 0 0 2 1 64 0 3 0 2 0 40 246 195 48 71 94 274 38 405 399 110 113 34 26 337 391 0 262 250 19 0 0 0 0 0 0 0 0 3 0 3 0 0 49 0 208 0 3 210 2 0 3 0 3 1 0 0 0 0 4 6 0 0 0 0 2 12 3 0 0 0 0 0 0 0 0 0 0 0 0 0 0 0 0 0 0 0 0 0 0 0 0 21 26 8 0 0 0 3 9 30 32 0 0 1 18 13 2 0 0 0 0 0 0 0 0 0 0 0 0 0 0 0 0 0 0 0 0 0 0 0 6 0 13 0 17 0 0 12 6 0 14 10 0 0 14 2 10 0 0 0 0 0 0 0 0 0 0 0 0 0 0 0 0 0 0 0 0 0 0 0 0 22 22 46 0 0 0 11 2 17 41 0 0 0 11 0 30 0 10 0 0 0 0 0 0 0 0 0 0 0 0 4 0 0 0 0 0 0 0 0 5 10 0 0 0 3 0 0 31 0 10 0 1 0 0 0 1 0 18 0 0 22 0 2 21 6 0 1 0 0 0 0 0 1 0 0 0 0 0 0 0 0 0 0 9 0 0 0 0 
 0 0 0 0 0 65 3 0 5 0 0 1 0 0 0 0 0 0 0 0 0 0 2 0 0 0 0 0 0 0 0 0 0 7 0 0 0 2 0 0 52 45 221 298 26 46 46 59 174 75 266 72 16 40 252 453 262 0 37 56 55 0 0 49 0 0 0 0 12 4 2 0 0 0 0 0 21 0 0 5 0 0 0 0 0 0 0 0 0 0 0 0 0 0 0 0 0 0 0 12 0 0 0 0 0 0 0 0 0 0 0 0 0 0 0 0 0 0 0 0 0 5 13 12 54 0 0 6 52 6 17 18 0 0 5 5 26 1 0 0 15 0 0 1 0 0 7 0 0 0 0 16 0 0 1 0 0 0 0 0 0 0 0 0 0 0 0 0 0 0 0 0 0 0 0 5 0 0 0 0 0 0 0 0 0 0 0 0 0 0 0 1 0 0 1 0 0 0 0 0 1 29 28 45 9 11 0 5 8 14 18 23 0 0 0 2 8 41 1 13 0 0 0 0 0 0 0 0 0 0 0 0 1 0 0 0 0 0 0 0 0 0 7 0 0 0 0 0 0 0 0 8 0 0 0 0 0 0 0 19 0 0 114 63 0 16 0 61 0 0 0 0 0 0 0 0 0 0 0 0 0 0 6 0 15 12 0 0 0 0 
 0 0 0 0 0 0 3 0 0 0 0 0 0 0 0 0 0 0 0 0 2 0 0 0 0 224 4 0 0 0 0 0 5 2 3 0 21 0 5 5 48 249 277 68 51 54 63 68 77 71 242 56 536 313 260 62 250 37 0 226 0 0 0 0 0 0 0 0 0 56 0 52 0 0 0 0 0 0 0 0 0 0 0 0 0 0 0 0 0 0 0 0 0 10 0 0 0 0 0 0 4 0 0 0 24 0 4 2 0 2 0 0 5 14 6 0 0 0 0 0 22 19 0 0 0 0 30 63 0 0 0 0 29 14 0 0 0 0 8 49 0 0 0 0 0 0 0 0 0 0 0 0 0 0 0 0 0 0 0 0 0 0 0 0 0 0 0 0 9 2 0 0 11 0 0 0 0 0 0 0 7 0 0 0 0 0 7 2 6 0 14 0 17 11 14 0 10 0 0 0 11 1 0 0 0 0 29 12 0 0 0 0 18 50 19 0 1 0 33 45 0 0 6 0 0 0 0 0 0 0 0 0 0 0 0 0 0 0 0 0 0 0 0 0 0 0 0 0 0 0 0 11 0 0 0 0 0 0 0 0 0 0 0 0 0 0 0 0 0 0 0 0 0 0 0 1 0 0 0 0 0 0 0 0 0 0 0 0 0 0 
 0 0 0 0 0 0 0 0 0 0 0 3 0 2 1 0 0 0 0 0 3 3 4 6 7 5 3 3 3 3 3 3 6 4 3 3 6 5 3 3 148 54 268 66 89 56 272 295 77 101 81 452 422 190 224 297 19 56 226 0 0 54 10 3 0 0 0 0 5 5 5 0 0 0 0 11 4 19 0 0 0 2 0 0 0 0 0 0 0 0 0 0 0 0 0 0 0 0 0 0 0 0 0 0 0 0 0 0 0 0 3 0 0 0 0 0 0 0 5 0 14 37 0 1 11 0 48 52 0 24 0 0 10 14 20 4 13 0 0 12 0 0 0 0 8 18 0 0 18 7 4 10 0 0 0 0 9 6 0 0 0 0 0 0 0 0 0 0 7 0 0 0 0 5 17 0 0 0 0 0 0 0 0 0 0 0 0 0 0 0 0 0 0 0 0 0 0 0 0 0 23 38 1 0 0 0 0 4 0 0 0 0 8 48 53 0 54 0 0 10 0 0 0 3 48 12 0 0 0 0 6 39 0 0 0 0 0 44 0 0 0 0 0 0 0 0 0 0 0 0 0 2 0 0 0 0 0 0 0 15 0 0 0 0 3 0 5 0 0 0 14 0 0 0 0 11 0 0 0 0 0 0 0 0 0 0 0 0 0 0 
 3 2 2 2 2 2 2 2 2 2 2 2 3 2 3 2 2 2 2 2 3 2 55 3 2 3 3 3 3 3 2 3 3 3 3 3 3 3 3 3 0 0 0 0 0 0 0 0 0 1 0 0 1 0 0 0 0 55 0 0 0 88 79 68 45 33 311 292 38 21 109 36 57 362 326 237 44 26 71 278 0 0 0 0 0 0 0 0 0 0 0 0 0 0 0 0 0 0 0 0 0 3 2 0 3 1 2 0 3 0 0 33 0 3 0 0 0 2 0 3 0 0 0 0 0 0 0 0 0 0 0 0 0 0 27 0 0 0 0 0 5 7 56 13 0 1 0 10 16 11 3 0 0 0 17 30 41 2 0 0 0 0 0 0 0 0 0 0 0 0 0 0 0 0 0 0 0 0 0 0 0 0 0 0 0 0 0 0 0 0 0 14 0 0 0 0 0 7 0 0 0 0 0 0 0 0 0 0 0 0 0 0 0 0 0 0 0 22 0 0 11 36 77 20 5 4 0 13 62 36 0 49 0 0 29 14 33 43 0 0 15 0 0 0 0 0 0 0 0 0 0 0 0 0 5 0 0 0 0 0 0 0 0 0 0 0 0 0 0 0 3 0 0 0 0 2 0 0 0 0 0 0 0 0 0 0 0 0 5 0 
 2 2 23 50 3 3 3 3 3 3 3 3 5 3 2 3 3 2 3 3 40 0 0 0 0 0 3 0 0 3 0 0 0 0 0 0 0 0 0 0 0 0 2 3 8 0 0 0 0 2 2 9 4 0 0 1 0 0 0 54 88 0 529 98 17 38 75 282 160 42 30 48 65 64 257 203 214 53 46 48 0 9 0 0 0 0 0 0 0 0 0 0 0 0 0 0 0 0 0 0 0 0 0 0 0 0 0 0 0 0 0 0 0 0 0 0 3 0 10 0 0 0 0 0 31 4 0 0 0 0 0 0 0 0 0 0 0 0 0 0 1 8 15 32 0 12 11 0 16 22 14 12 17 4 5 49 22 28 10 4 0 0 9 0 0 0 0 0 0 0 0 0 0 0 11 0 0 0 0 0 0 0 0 0 5 0 0 0 0 0 0 0 0 0 0 0 0 0 0 0 0 0 0 0 0 6 0 0 0 0 0 0 0 0 0 0 0 0 0 0 0 9 11 16 17 27 0 0 44 23 22 36 7 0 13 1 4 35 4 0 4 0 0 0 0 0 0 0 0 0 0 0 0 0 7 0 0 0 0 0 0 0 0 0 0 0 8 3 0 0 13 0 0 0 0 2 0 0 0 0 0 0 0 0 0 0 0 9 0 0 
