 0 178 63 36 23 24 477 393 32 43 28 50 79 443 501 43 260 267 40 321 3 3 0 1 0 2 0 3 0 0 0 3 2 102 0 2 0 0 0 0 0 0 3 3 0 0 0 0 0 0 0 0 0 0 2 0 1 0 0 0 0 4 5 0 0 0 0 2 0 0 0 5 3 0 4 0 7 1 0 0 31 52 43 0 0 0 14 40 10 0 0 0 0 24 33 0 42 0 0 10 0 0 0 0 0 15 0 0 0 0 0 13 0 0 0 1 0 0 0 0 0 14 0 0 0 0 0 0 0 0 0 0 0 0 0 0 0 0 0 0 0 0 10 0 0 0 0 0 0 0 0 0 0 3 0 0 0 2 0 0 39 44 16 0 0 0 13 35 0 17 0 0 18 44 48 85 18 0 0 0 0 0 0 0 0 0 0 0 0 0 0 0 0 0 0 0 0 0 0 0 0 0 0 0 0 0 0 0 0 0 0 0 0 0 0 0 0 0 0 0 0 0 0 0 0 0 0 0 0 0 0 0 0 0 0 0 0 0 0 0 0 0 0 0 0 1 0 0 0 0 0 7 0 0 0 0 0 0 0 0 0 0 0 0 0 0 0 0 0 1 0 0 0 0 0 0 0 0 0 0 0 0 0 0 0 0 0 0 0 0 
 178 0 379 353 27 21 114 465 422 44 259 40 41 35 388 352 302 35 48 31 2 3 0 0 0 2 0 0 0 0 0 2 0 0 0 0 0 0 0 0 0 3 0 0 0 0 0 0 0 0 0 0 0 0 0 0 0 2 0 0 0 6 2 0 0 0 0 1 0 0 0 2 5 0 5 0 0 0 2 0 0 24 54 15 0 0 0 15 24 22 46 26 10 0 19 12 54 39 0 0 0 0 13 0 2 0 0 0 0 0 0 0 0 7 0 0 0 0 0 0 0 22 0 0 0 0 0 1 0 0 0 0 12 0 0 0 0 0 1 0 10 0 0 0 0 11 0 0 0 0 0 0 0 0 0 0 0 0 0 0 4 21 22 17 0 0 1 11 31 21 10 19 0 34 40 27 33 39 22 0 0 1 0 0 0 0 0 0 0 0 16 2 0 1 0 0 0 0 0 1 0 0 0 0 2 0 11 0 0 0 0 0 0 0 0 0 15 0 0 10 0 0 2 16 0 0 0 0 0 0 0 0 0 0 0 0 0 0 0 0 0 0 0 0 0 1 0 0 0 1 0 4 0 0 0 0 0 0 0 0 0 0 0 0 0 0 0 0 0 0 0 0 0 2 0 13 24 0 0 0 0 0 0 0 0 2 0 0 0 0 
 63 379 0 231 258 14 90 113 525 366 438 36 50 40 35 156 320 352 34 65 2 3 0 0 3 1 1 0 0 2 0 4 1 0 0 0 1 79 0 4 0 0 0 0 0 0 0 0 0 0 1 0 0 26 0 0 55 0 33 0 0 3 2 0 0 0 0 0 0 0 0 2 5 0 1 0 0 1 0 0 0 6 5 102 2 0 0 2 36 50 17 19 0 11 14 71 22 49 0 0 0 0 0 3 0 0 0 0 0 0 0 0 0 0 0 0 0 1 0 0 0 0 0 0 0 0 0 0 0 0 0 0 0 2 0 0 0 0 0 1 5 14 0 0 0 0 0 0 0 0 0 9 20 0 0 0 15 0 0 0 0 22 34 22 5 8 0 12 33 27 3 3 2 0 0 0 68 54 27 0 0 0 0 0 0 0 1 0 0 0 0 17 0 0 0 0 2 0 0 0 0 0 9 0 0 0 0 0 2 2 0 0 0 0 0 0 30 0 0 0 0 0 0 42 2 0 0 0 0 1 0 0 0 0 0 0 0 0 0 0 0 4 0 0 0 0 2 0 0 93 0 32 9 0 0 0 0 0 0 0 0 0 0 0 0 0 0 0 0 0 0 0 0 0 0 26 17 1 0 0 0 0 0 0 0 0 0 0 0 0 
 36 353 231 0 91 37 109 78 92 423 135 301 72 70 56 87 202 408 50 140 2 3 0 2 0 2 1 0 0 209 0 2 0 0 0 0 0 0 0 108 0 0 0 0 0 0 0 0 0 0 4 0 0 0 0 0 0 0 0 0 0 3 2 0 0 0 0 1 0 0 0 2 3 0 10 0 0 0 0 0 0 0 2 38 32 18 0 1 13 33 11 46 0 1 0 37 0 56 0 0 0 0 1 0 0 0 0 0 0 0 0 0 0 0 0 0 0 0 20 0 0 0 0 0 0 0 0 0 10 0 0 0 0 0 0 0 0 0 0 0 1 37 0 0 0 0 0 0 2 0 16 0 0 0 0 1 0 0 0 0 0 18 30 29 11 15 0 0 32 11 46 9 0 1 0 1 14 29 0 0 0 0 0 0 0 0 4 18 0 0 0 0 0 0 0 0 0 0 0 0 0 0 0 0 0 0 0 0 0 0 0 0 0 0 0 0 14 1 0 0 0 0 0 0 0 0 0 0 0 0 0 0 1 0 0 0 0 0 0 0 0 20 0 0 0 2 90 0 2 10 3 8 11 2 0 0 0 0 0 0 30 0 23 0 0 0 0 0 0 0 0 0 0 0 0 8 0 12 0 0 0 0 0 0 0 0 0 0 0 0 
 23 27 258 91 0 406 57 84 80 63 536 399 69 73 65 76 156 125 46 80 2 3 0 0 0 2 0 0 0 0 0 4 0 0 0 0 0 0 1 2 0 0 0 6 0 0 0 35 0 0 0 0 0 0 0 0 0 1 0 0 0 3 2 0 0 0 0 1 0 0 0 5 0 0 0 0 0 0 0 0 0 0 0 10 6 38 0 0 0 0 2 6 0 0 0 0 0 0 0 0 43 0 0 0 0 0 9 0 0 0 0 0 17 0 0 0 10 0 40 18 0 0 0 0 18 0 0 0 0 0 0 0 1 0 0 2 0 0 0 0 0 4 0 0 0 2 0 0 0 0 2 0 0 0 0 0 1 0 0 0 0 0 0 7 26 21 0 0 0 0 15 11 0 0 0 0 0 0 0 1 0 0 0 0 0 0 1 1 2 0 0 0 24 0 0 0 0 0 31 10 0 0 0 0 0 0 0 0 0 0 0 0 0 31 0 0 0 0 0 0 0 0 0 1 0 0 0 0 0 0 0 0 0 0 0 0 0 2 0 0 0 0 0 0 0 1 3 0 3 3 0 2 0 0 0 0 0 0 0 0 0 0 24 0 0 0 0 0 0 2 0 0 0 0 0 0 0 1 0 0 0 0 0 0 0 0 0 0 0 0 
 24 21 14 37 406 0 36 222 38 257 71 41 43 53 27 62 275 231 27 30 2 3 0 1 0 1 0 0 0 0 2 5 3 3 2 0 0 5 329 2 0 1 0 0 1 0 0 0 0 0 0 2 2 0 1 1 0 2 0 5 0 3 2 0 0 2 0 0 0 0 0 4 0 5 0 0 0 2 0 0 0 0 0 0 14 28 0 0 0 0 0 10 0 0 0 0 0 0 0 0 13 0 0 0 0 0 14 15 0 0 0 0 33 0 12 0 0 0 19 44 0 0 0 0 15 0 0 0 0 0 10 0 0 0 0 0 0 0 0 0 0 6 0 0 0 0 0 0 0 0 0 0 0 0 0 9 0 0 0 0 0 0 0 0 8 27 0 0 0 0 0 0 0 0 0 0 0 0 0 6 0 0 0 18 0 19 39 1 0 0 0 0 20 13 18 0 0 0 43 7 0 0 0 0 0 0 0 0 0 0 0 0 0 7 0 0 0 0 0 0 0 0 0 0 0 0 0 0 0 0 0 0 0 0 0 0 0 0 0 0 0 0 0 0 0 0 6 0 0 0 0 0 0 0 0 0 0 0 0 0 0 0 0 0 0 0 0 0 0 0 0 0 0 2 0 0 0 0 0 0 0 0 0 0 0 0 0 0 0 0 
 477 114 90 109 57 36 0 118 56 242 33 38 681 429 59 246 43 57 65 267 4 3 0 5 0 1 5 0 0 40 0 3 2 0 0 93 0 0 0 0 0 5 0 0 0 4 0 0 0 0 0 0 0 0 0 0 0 0 0 0 0 3 2 0 0 0 0 0 0 0 0 2 0 0 0 0 32 1 0 0 46 39 14 0 0 0 17 27 2 0 2 0 10 20 38 0 6 0 24 46 0 0 0 0 0 0 0 0 0 0 0 0 0 0 25 5 0 0 0 0 0 0 0 0 0 0 0 0 0 0 0 0 1 0 0 5 0 0 0 0 0 0 0 0 0 2 0 0 0 0 2 0 0 5 0 0 1 6 0 0 41 14 5 0 0 0 24 40 0 0 0 0 26 9 42 38 0 2 0 0 0 0 0 0 0 0 0 0 2 0 0 0 0 0 12 0 0 0 0 0 0 10 0 0 0 0 0 0 0 0 0 0 0 0 0 0 0 0 0 0 0 0 0 0 0 0 0 0 0 0 0 0 0 0 0 0 0 2 0 0 0 0 0 0 0 1 2 0 1 0 1 13 0 0 0 0 0 0 0 0 0 0 0 0 0 0 0 0 0 2 0 0 0 0 0 0 0 0 0 0 0 0 0 0 0 0 0 0 0 0 
 393 465 113 78 84 222 118 0 172 52 54 90 95 630 215 221 473 34 64 55 76 3 0 96 3 6 0 0 2 2 5 7 3 0 3 1 1 4 0 2 0 1 2 3 2 1 55 2 0 5 3 2 1 2 2 5 4 65 0 3 5 2 5 0 3 0 34 3 38 0 0 5 7 7 4 0 1 0 0 0 1 42 54 0 1 0 0 18 13 1 21 0 0 0 40 0 36 11 0 7 14 0 0 1 0 0 0 0 0 0 0 0 0 0 0 0 0 1 0 0 0 0 0 0 0 0 0 1 0 0 0 0 0 2 0 24 0 0 0 1 1 0 0 0 8 22 0 0 0 8 19 0 0 3 0 0 0 0 0 0 28 30 27 2 0 0 21 48 4 15 1 0 3 25 28 44 40 17 31 0 15 0 0 0 0 0 1 0 0 0 0 0 1 0 0 0 1 0 0 0 0 0 0 0 0 0 0 0 2 2 0 0 6 0 0 0 0 0 0 0 0 0 0 0 2 0 0 0 0 1 0 0 0 0 21 1 0 0 0 0 0 2 0 0 0 0 2 0 2 2 0 2 0 0 0 0 0 0 0 0 0 2 0 0 0 0 0 0 0 0 2 2 0 0 0 1 0 0 0 0 0 0 0 0 0 0 0 0 0 0 
 32 422 525 92 80 38 56 172 0 454 49 47 530 314 104 312 253 409 45 74 41 3 0 2 0 2 0 0 0 0 0 2 0 0 0 0 0 3 0 0 0 41 0 0 0 0 0 0 0 0 3 0 0 0 0 0 0 0 0 0 0 3 2 0 0 0 0 1 49 0 54 2 17 0 0 7 0 0 0 3 0 8 32 38 1 9 0 1 35 68 59 24 0 2 10 38 18 39 0 0 0 0 0 0 15 0 0 0 2 0 0 0 0 0 0 0 0 0 0 0 0 0 0 0 0 0 0 0 0 0 0 13 0 0 0 0 0 0 0 0 9 0 0 0 0 0 0 15 0 0 0 0 0 1 1 0 0 0 0 0 0 28 35 23 0 4 0 6 38 23 24 19 0 0 0 0 47 42 16 0 0 0 12 0 0 0 0 0 0 0 0 0 0 0 0 0 0 0 0 0 0 0 0 0 0 0 0 0 0 0 0 0 0 0 0 0 16 10 0 0 2 1 0 0 15 0 0 0 0 0 0 0 2 0 0 2 0 0 0 0 0 0 8 0 0 0 5 0 0 2 0 2 10 0 0 0 0 0 0 0 0 0 0 0 0 0 0 0 0 0 0 0 0 0 0 17 8 0 0 0 0 0 0 0 0 0 0 0 0 0 
 43 44 366 423 63 257 242 52 454 0 430 60 45 84 112 269 329 115 56 103 2 3 1 0 0 2 0 0 0 74 0 4 0 0 0 0 0 0 0 0 114 0 0 24 0 0 0 0 0 0 2 0 0 0 0 0 0 2 0 0 0 5 2 0 0 10 0 1 0 0 0 2 0 0 0 0 0 0 0 0 0 8 10 44 50 9 0 0 27 50 44 35 0 0 0 45 19 34 1 0 0 0 0 0 0 0 17 0 0 0 16 0 0 2 0 0 0 0 0 0 0 0 0 0 0 0 2 0 0 0 0 0 0 0 0 0 0 0 0 0 8 10 2 0 0 0 0 0 0 0 0 0 0 0 0 0 0 2 0 1 0 8 13 18 7 4 0 1 35 4 18 21 0 0 0 2 0 67 1 0 0 0 0 0 0 0 0 1 0 0 2 0 0 0 0 0 1 2 1 0 0 0 0 14 0 0 0 0 0 0 1 0 0 0 0 0 20 0 0 0 0 0 0 0 0 0 0 0 0 5 0 0 0 1 0 1 0 0 0 0 0 14 0 0 0 0 229 0 0 173 0 7 1 0 0 0 0 0 0 0 0 0 0 0 0 62 0 0 0 0 0 0 0 0 0 17 22 14 0 0 0 0 0 0 0 0 0 0 0 0 
 28 259 438 135 536 71 33 54 49 430 0 469 27 25 44 131 204 421 245 79 2 2 0 0 0 4 0 3 0 0 0 1 2 0 0 4 0 1 0 0 0 0 3 0 0 0 0 2 0 0 4 0 0 0 2 0 0 60 0 0 3 1 5 0 2 0 0 7 0 5 3 5 0 0 0 0 3 3 2 0 0 0 0 59 44 32 0 0 13 48 17 5 0 0 0 41 0 13 0 0 0 0 0 0 0 0 0 0 0 0 0 0 0 0 0 0 0 0 13 0 0 0 0 20 2 0 0 0 0 0 0 0 0 0 0 1 0 0 0 18 1 2 0 0 0 0 0 0 0 0 0 0 0 0 1 0 0 0 0 0 0 0 16 33 27 24 0 0 25 11 24 14 0 0 2 0 0 21 0 0 0 0 0 0 0 0 0 0 0 0 0 0 1 0 0 0 0 0 0 0 0 0 0 0 0 0 0 15 0 0 0 0 0 0 0 0 32 0 0 0 0 0 0 0 0 0 0 0 0 0 0 0 0 2 0 2 0 0 0 0 0 13 0 0 0 3 54 1 2 25 0 6 11 0 0 0 1 0 0 0 0 0 22 0 0 0 1 0 0 0 0 0 0 0 0 36 0 10 0 0 0 0 0 0 0 0 0 0 0 0 
 50 40 36 301 399 41 38 90 47 60 469 0 25 30 42 40 83 96 23 43 2 3 1 0 0 1 0 0 0 0 0 5 0 0 0 0 0 1 0 0 0 0 0 0 0 0 0 2 0 0 3 0 0 1 0 61 0 0 0 0 0 3 2 0 0 0 0 0 0 0 0 2 0 0 0 0 0 1 0 1 0 0 0 35 133 41 0 0 0 15 25 26 0 0 0 6 0 0 0 0 0 0 0 0 0 0 10 0 0 0 20 0 10 0 0 0 0 0 14 88 0 0 0 0 13 0 0 18 0 0 0 0 0 0 0 0 0 0 0 0 0 23 1 0 0 0 0 0 0 0 0 0 1 0 0 0 0 0 0 0 0 0 0 11 45 26 0 0 1 0 28 15 0 0 2 9 0 1 0 0 0 0 0 0 0 0 12 0 0 0 1 0 21 0 0 0 0 0 31 0 0 0 0 0 0 0 0 15 0 0 0 0 0 0 0 0 1 0 0 0 0 0 0 0 0 0 0 0 10 0 0 0 0 2 52 1 0 0 0 0 0 15 0 0 0 4 184 0 3 173 1 4 0 0 0 0 0 0 0 0 0 0 18 0 0 0 0 0 0 0 0 0 0 0 0 0 0 14 0 0 0 0 0 0 0 0 0 61 0 0 
 79 41 50 72 69 43 681 95 530 45 27 25 0 86 58 25 62 44 441 328 2 3 0 0 0 2 0 0 0 0 1 2 0 0 0 0 1 3 0 1 0 0 0 0 0 0 61 0 28 0 0 0 2 0 0 0 0 0 0 0 0 3 2 0 0 0 0 2 2 2 0 3 0 0 0 0 63 0 0 0 51 28 0 0 0 0 55 13 0 0 0 0 32 43 2 0 21 0 36 14 0 0 0 0 0 0 0 0 0 0 0 0 0 0 0 0 0 0 0 0 0 0 0 0 0 0 0 0 4 0 0 0 0 0 0 0 0 0 0 0 0 0 0 0 0 0 0 0 0 0 0 0 0 3 0 0 20 5 0 0 46 1 0 0 0 0 42 0 0 0 0 15 52 23 0 4 0 0 0 0 18 1 0 0 0 0 0 0 0 0 0 0 4 0 0 0 0 0 0 0 0 0 0 0 0 0 8 0 0 0 0 0 0 0 0 0 0 0 0 0 0 0 19 0 0 0 0 0 0 0 0 0 0 0 0 0 0 0 0 0 0 0 0 0 0 0 0 0 2 0 0 0 0 0 0 0 0 0 0 0 0 0 0 0 0 0 0 0 0 0 0 0 0 0 0 0 0 0 0 0 0 0 0 0 0 0 0 0 0 0 
 443 35 40 70 73 53 429 630 314 84 25 30 86 0 438 270 30 450 59 364 2 75 0 0 0 2 0 0 0 0 2 3 0 0 1 73 0 0 0 0 2 0 0 5 0 0 0 0 0 0 0 0 0 0 0 0 0 0 0 62 0 3 2 0 2 1 0 0 0 0 0 2 0 0 17 47 0 1 0 0 38 40 28 0 0 0 9 35 10 0 0 0 0 30 36 0 52 2 0 5 0 0 0 0 0 0 0 0 0 11 0 0 0 0 0 0 0 0 0 0 0 0 0 0 0 0 0 0 11 0 0 0 0 0 0 0 0 0 0 0 0 0 0 0 0 16 0 0 0 0 0 0 0 2 0 0 0 0 0 0 52 8 22 0 0 0 25 36 0 13 0 0 15 58 49 43 1 0 20 0 0 0 0 0 0 0 0 0 0 0 0 0 0 0 0 0 0 0 0 0 0 0 1 0 0 0 0 0 0 0 0 0 0 0 14 0 0 0 0 0 0 0 0 0 0 0 0 0 0 0 0 0 0 0 0 0 0 0 0 0 0 0 0 0 0 0 0 1 2 2 0 2 0 0 0 0 0 0 2 0 0 0 0 0 0 0 0 0 0 0 0 0 0 4 0 0 0 0 0 0 0 3 0 0 0 0 0 0 0 0 
 501 388 35 56 65 27 59 215 104 112 44 42 58 438 0 246 58 273 77 315 3 3 3 2 3 4 2 3 0 1 1 2 0 0 0 0 0 1 2 0 0 0 0 0 0 1 0 0 2 0 0 0 63 0 0 0 0 0 0 0 0 3 35 0 0 0 0 0 0 33 0 2 3 31 3 0 0 36 0 0 0 43 44 0 0 0 2 31 21 16 28 2 0 0 85 0 21 10 0 12 0 0 1 0 0 0 5 0 0 4 0 18 0 0 0 0 11 0 2 0 0 0 0 0 0 0 0 0 0 0 0 0 0 0 0 0 0 0 0 0 2 0 0 0 0 0 0 0 1 0 14 0 0 3 0 1 0 0 0 0 25 77 31 3 2 0 13 50 1 31 0 6 0 35 35 38 60 1 33 1 0 0 0 0 0 0 0 0 0 0 0 0 0 0 0 2 0 0 0 0 0 0 0 0 0 0 0 13 0 0 0 0 0 0 0 0 0 0 0 1 0 0 0 0 0 0 0 0 0 0 0 0 2 0 0 0 0 0 0 0 0 0 0 0 0 1 0 0 1 0 3 4 0 0 0 0 0 0 0 0 0 0 0 0 0 0 0 0 0 0 0 0 0 0 0 1 0 0 0 0 0 0 0 0 0 0 0 0 0 0 
 43 352 156 87 76 62 246 221 312 269 131 40 25 270 246 0 279 230 47 67 2 3 0 2 0 1 0 0 0 0 0 3 0 0 0 0 0 0 0 0 0 0 0 0 0 0 0 0 0 0 0 0 0 0 0 0 0 0 0 0 0 3 2 0 0 0 0 0 0 0 0 2 6 0 1 0 0 0 0 0 1 8 21 37 1 0 0 1 44 12 85 19 1 0 10 24 34 32 0 5 0 0 0 0 0 0 0 0 0 0 8 21 0 0 0 0 0 0 0 2 0 0 0 0 0 0 0 0 2 1 9 0 0 0 0 0 2 0 0 0 10 0 0 0 1 0 0 0 0 0 0 0 0 0 8 0 0 0 0 0 0 27 25 25 0 0 0 18 35 22 3 10 0 0 13 8 47 52 10 0 1 0 0 0 0 2 0 0 0 0 0 0 0 0 0 0 0 0 0 0 0 0 0 0 0 0 6 0 0 0 0 0 0 0 0 0 36 0 0 0 0 1 0 0 0 0 0 0 0 0 0 0 0 0 0 0 0 0 0 0 0 0 0 0 0 2 4 0 2 3 0 0 9 0 0 0 0 0 0 0 0 0 0 0 0 0 0 0 0 0 0 0 0 0 0 61 22 0 0 0 0 0 0 0 0 0 0 0 0 0 
 260 302 320 202 156 275 43 473 253 329 204 83 62 30 58 279 0 818 29 127 2 3 0 0 0 2 0 0 0 0 0 3 0 0 0 2 0 2 0 0 0 0 0 0 0 0 0 0 0 0 2 0 1 0 0 0 0 0 0 0 0 3 2 0 0 0 0 1 0 0 0 2 5 0 5 2 0 0 0 0 0 8 25 44 18 0 0 2 25 42 48 32 0 0 2 60 10 68 1 0 0 0 0 0 1 0 0 0 0 2 8 0 0 0 0 0 1 0 0 0 0 0 0 0 0 0 0 0 0 0 0 0 0 0 0 0 0 11 0 0 6 0 0 0 0 0 2 0 0 0 0 0 0 0 0 0 0 2 0 2 0 25 39 42 10 2 0 0 41 34 33 23 0 6 1 3 43 39 1 0 0 0 0 0 0 0 0 0 0 0 0 0 0 0 0 0 0 0 0 0 0 2 0 0 0 10 2 0 0 0 0 0 0 1 0 0 15 0 7 0 0 0 0 0 0 6 0 0 0 0 0 0 0 0 0 0 0 0 2 0 0 21 0 0 0 0 86 0 1 3 0 0 11 0 0 0 0 0 0 0 0 0 2 0 0 0 0 0 0 0 0 0 0 0 0 34 17 0 0 0 0 0 0 0 0 0 0 0 0 0 
 267 35 352 408 125 231 57 34 409 115 421 96 44 450 273 230 818 0 36 30 2 3 0 0 0 2 0 0 1 210 0 2 0 0 0 0 0 2 0 72 5 0 0 0 0 0 0 0 0 63 2 0 0 0 0 0 0 0 0 0 0 6 2 0 0 0 0 0 0 0 0 2 0 0 43 0 0 0 0 0 0 7 6 53 48 11 0 0 23 54 39 37 0 0 0 63 15 40 0 0 0 0 0 0 0 0 1 0 0 0 0 0 0 0 0 0 0 0 1 0 0 2 0 0 0 0 0 14 0 0 0 0 0 0 0 0 0 0 0 0 8 11 0 1 0 0 0 0 0 0 0 0 0 0 0 0 0 0 0 0 0 16 37 29 12 22 0 2 48 5 19 26 0 0 0 0 0 58 2 0 0 0 0 0 0 0 0 0 0 0 0 0 0 1 0 0 0 0 1 10 0 0 0 0 0 0 0 0 0 0 0 0 0 0 1 0 21 0 0 0 0 0 2 0 0 0 0 0 0 0 0 0 0 0 0 0 0 0 0 0 0 17 0 0 0 0 176 0 0 189 3 0 2 2 0 0 0 0 0 0 0 0 1 0 0 0 0 0 0 0 0 0 0 2 0 20 24 13 0 0 0 0 0 0 0 2 0 0 0 0 
 40 48 34 50 46 27 65 64 45 56 245 23 441 59 77 47 29 36 0 151 2 3 0 0 0 2 0 0 0 0 0 6 0 0 0 76 1 0 0 0 0 0 0 0 0 1 0 0 0 0 0 0 0 0 0 0 0 0 0 10 5 3 3 0 51 0 0 40 0 0 0 2 0 0 0 0 55 0 0 0 11 4 0 0 1 0 32 11 0 0 13 0 45 41 0 0 0 0 32 46 0 16 0 1 0 0 0 0 0 0 0 0 0 0 0 0 0 1 0 0 0 0 0 0 0 0 0 0 9 0 0 0 0 2 0 0 0 0 0 0 2 0 0 7 0 21 0 0 0 0 1 0 0 0 0 0 0 7 0 0 0 0 0 0 0 0 15 0 0 0 0 0 25 11 1 0 0 0 0 16 0 0 0 0 0 0 0 0 0 0 0 0 1 0 0 0 0 0 0 0 0 0 0 0 0 0 0 0 0 2 0 0 0 0 0 0 0 0 0 0 0 0 0 0 2 0 0 0 0 0 11 0 0 0 0 0 0 0 0 0 0 0 0 0 0 1 0 0 0 0 0 2 0 0 0 0 0 0 0 0 0 0 0 0 0 0 0 0 0 0 0 0 0 0 0 0 0 0 0 0 0 0 0 0 0 0 0 0 0 0 
 321 31 65 140 80 30 267 55 74 103 79 43 328 364 315 67 127 30 151 0 4 5 0 0 1 4 0 2 0 0 2 4 1 0 0 0 0 3 1 0 0 0 0 32 0 3 2 1 0 66 0 3 2 0 0 2 2 0 0 0 0 3 5 0 0 0 0 0 0 0 0 2 0 0 4 0 47 32 0 0 37 30 1 0 0 0 42 22 1 0 0 0 6 27 37 0 21 0 5 23 0 0 1 19 0 0 0 0 2 6 0 0 0 0 0 0 0 0 2 0 0 0 0 0 0 6 0 0 0 0 1 0 0 0 0 0 0 0 0 0 11 13 0 0 0 0 0 0 1 1 0 0 0 7 0 2 0 3 0 0 46 10 3 0 2 1 44 34 0 0 0 0 36 51 3 32 0 1 0 1 0 0 0 0 0 0 0 0 0 0 0 0 0 0 0 2 0 0 0 0 0 0 0 0 0 0 0 0 0 0 0 0 0 0 0 0 0 0 0 2 0 0 0 0 0 0 0 0 0 0 0 0 2 0 0 0 0 0 0 0 0 0 0 0 0 2 2 0 3 0 2 89 0 0 0 0 2 0 0 0 0 0 0 0 0 0 0 0 0 0 3 0 1 0 0 0 0 0 0 0 0 0 0 0 0 0 0 0 0 0 
 3 2 2 2 2 2 4 76 41 2 2 2 2 2 3 2 2 2 2 4 0 305 141 51 22 49 593 383 102 38 32 227 50 140 432 31 43 253 234 206 0 0 3 0 0 1 15 1 0 2 0 8 0 0 0 0 2 26 2 0 0 0 0 0 2 0 1 31 0 0 0 0 0 1 0 0 3 1 3 0 0 0 0 0 0 0 0 0 0 0 0 0 0 0 0 0 0 0 0 0 4 60 23 30 0 0 10 29 16 8 2 0 0 71 15 34 38 11 0 0 0 0 0 0 0 0 0 0 0 0 0 0 0 0 0 0 0 0 0 0 0 0 0 0 0 0 4 0 0 0 0 0 1 0 0 0 0 0 0 0 0 9 0 0 0 0 0 0 0 0 0 0 0 0 0 0 0 0 0 0 25 30 36 0 0 0 0 20 27 0 8 1 9 36 25 58 24 13 0 0 0 0 0 0 0 0 0 0 0 0 0 0 0 0 0 0 0 0 0 0 0 0 0 0 0 0 0 0 0 0 0 0 0 1 0 0 0 0 0 0 0 0 0 0 0 0 0 0 0 0 0 0 0 0 6 1 0 0 0 0 23 0 0 0 0 0 0 0 0 0 0 0 0 0 0 0 0 0 0 0 0 0 0 0 0 0 0 0 0 0 
 3 3 3 3 3 3 3 3 3 3 2 3 3 75 3 3 3 3 3 5 305 0 503 66 24 311 75 639 503 51 38 48 42 58 393 276 352 36 24 78 0 0 3 0 0 2 0 0 0 2 0 6 0 2 0 0 0 0 2 0 0 0 0 0 2 0 0 0 0 0 0 0 0 5 0 0 3 0 6 0 0 0 0 0 0 0 0 0 0 0 0 0 0 0 0 0 0 0 0 0 0 12 32 31 0 0 0 12 43 50 66 0 0 24 0 35 39 70 0 0 0 15 0 0 0 0 0 0 0 0 0 0 0 0 0 0 0 0 0 0 0 0 0 0 0 0 0 5 0 0 0 30 6 0 0 0 0 12 0 1 0 4 0 0 0 0 0 0 0 0 0 0 0 0 0 0 0 0 0 0 0 71 33 24 22 0 0 20 62 50 24 26 0 0 19 28 24 55 0 0 0 0 0 0 0 0 0 0 0 0 0 0 0 0 4 0 0 0 0 0 0 0 0 0 0 0 0 0 0 0 0 0 0 0 0 0 0 0 0 0 0 0 5 0 0 2 0 0 0 0 0 0 0 0 3 0 1 0 0 2 17 3 0 0 0 0 20 0 0 0 0 12 0 0 0 0 0 0 0 0 0 19 0 0 0 0 10 0 0 0 
 0 0 0 0 0 0 0 0 0 1 0 1 0 0 3 0 0 0 0 0 141 503 0 100 114 17 51 349 227 343 23 31 269 61 71 230 72 379 40 186 0 0 3 36 0 5 0 0 0 2 1 6 0 1 0 0 0 0 2 0 0 0 0 0 2 0 1 0 0 0 52 1 0 6 0 0 4 1 3 0 9 0 0 0 0 0 0 0 0 0 0 0 0 0 0 0 0 0 0 0 0 16 10 64 1 9 0 0 34 42 60 0 0 0 0 13 16 45 0 0 0 0 0 0 0 0 0 0 0 0 0 0 0 0 0 0 0 0 13 0 0 0 0 0 3 0 0 1 0 0 0 14 4 0 1 0 0 0 0 0 0 0 0 0 0 0 0 0 0 1 0 0 0 0 0 0 0 0 0 0 0 15 20 31 7 8 0 9 20 48 25 52 0 0 0 14 88 26 0 0 0 0 0 0 0 0 0 0 0 0 0 0 0 0 0 0 0 0 0 0 0 0 0 0 0 0 0 0 3 0 0 0 0 0 0 0 0 0 0 0 0 0 23 0 0 0 0 0 0 0 0 0 0 0 0 2 2 2 2 1 1 11 0 0 0 0 17 0 0 0 0 10 0 0 0 0 0 0 0 0 0 19 0 0 0 0 1 0 0 0 
 1 0 0 2 0 1 5 96 2 0 0 0 0 0 2 2 0 0 0 0 51 66 100 0 74 34 89 77 71 380 147 330 45 72 52 24 41 444 277 79 2 2 4 7 0 1 66 2 0 4 1 5 0 2 0 0 1 0 3 0 0 0 0 0 2 0 0 0 24 0 0 0 0 1 1 0 4 1 3 0 0 1 0 0 0 0 0 0 0 0 0 0 0 0 0 0 2 0 0 0 0 0 0 40 19 62 0 0 0 1 0 8 0 0 0 0 0 0 0 0 0 0 0 0 0 0 4 0 0 0 0 0 1 0 0 3 0 0 33 0 2 0 0 0 0 0 0 1 0 11 0 0 0 1 6 0 2 0 0 4 0 0 0 0 0 0 0 0 0 2 5 0 0 0 0 0 0 0 14 0 2 0 0 48 33 65 0 0 0 0 8 32 0 1 0 0 23 15 0 0 0 0 0 0 0 0 0 0 0 0 0 0 32 0 0 0 12 0 39 12 0 0 0 0 0 0 0 0 0 0 2 0 0 2 0 2 0 0 0 0 0 0 20 0 0 0 0 0 0 0 0 0 0 0 0 0 1 81 12 0 0 0 0 0 0 0 0 0 0 0 0 0 0 0 0 12 0 0 0 0 0 0 0 0 0 0 0 0 0 0 
 0 0 3 0 0 0 0 3 0 0 0 0 0 0 3 0 0 0 0 1 22 24 114 74 0 609 54 282 55 53 109 335 70 74 265 60 72 61 66 108 0 4 3 4 0 0 0 0 0 2 0 3 0 0 0 0 0 0 6 0 0 0 0 0 2 0 10 4 0 0 0 0 0 0 0 0 8 5 7 0 0 0 0 0 0 0 0 0 0 0 0 0 0 0 0 0 0 0 0 0 0 0 0 0 43 46 0 0 0 0 0 21 0 0 0 0 0 0 0 0 1 0 0 0 0 0 12 0 0 0 0 0 25 0 0 0 0 0 53 0 0 0 3 0 0 0 0 0 0 0 0 0 13 0 5 0 0 0 0 3 0 0 0 0 0 0 0 0 0 9 1 0 0 0 0 0 0 0 0 0 0 0 0 0 22 28 0 0 0 0 1 11 0 0 0 0 0 1 0 0 7 0 0 0 0 0 9 0 0 0 0 0 26 0 1 0 0 0 18 51 0 0 0 0 0 0 0 0 0 0 0 0 0 9 0 0 0 0 0 0 0 0 0 0 0 0 0 0 0 0 0 0 0 0 4 0 8 4 3 1 6 3 0 0 0 0 0 0 0 0 0 0 0 0 0 0 0 0 0 0 0 0 0 0 0 0 0 0 0 0 
 2 2 1 2 2 1 1 6 2 2 4 1 2 2 4 1 2 2 2 4 49 311 17 34 609 0 114 41 96 110 77 88 13 45 256 61 68 63 45 60 0 0 5 1 0 0 0 21 0 2 0 3 0 2 0 0 0 0 197 1 0 0 0 0 2 10 6 0 0 0 0 0 3 0 7 0 5 0 3 0 0 0 0 0 0 0 0 0 0 0 0 0 0 0 0 0 0 0 0 0 0 0 0 0 14 19 0 0 0 0 0 35 7 0 0 0 0 0 0 0 0 2 0 0 0 0 23 0 15 0 0 0 46 9 10 0 0 0 25 17 0 0 3 0 0 0 0 0 0 0 0 0 0 0 5 0 0 0 0 1 0 0 0 0 0 0 0 0 1 0 0 0 0 0 0 0 0 28 0 0 0 0 0 15 14 27 0 0 0 0 0 0 0 0 0 0 0 0 0 0 7 0 0 2 0 0 35 20 0 16 0 0 32 22 20 0 0 0 43 52 0 0 0 0 0 0 0 0 0 0 0 0 0 0 0 0 0 0 0 0 0 0 0 0 0 0 0 0 0 0 0 0 0 0 0 0 0 0 1 6 1 1 0 0 0 0 0 0 0 0 0 0 0 0 0 0 0 0 0 0 0 0 0 0 0 0 0 0 0 0 
 0 0 1 1 0 0 5 0 0 0 0 0 0 0 2 0 0 0 0 0 593 75 51 89 54 114 0 79 49 36 321 38 402 363 35 27 33 33 65 294 0 2 3 3 1 0 12 0 0 2 0 6 0 0 0 0 3 0 2 1 2 5 3 3 2 0 3 24 0 0 0 0 0 0 0 2 3 0 5 58 0 0 0 0 0 0 0 0 0 0 0 0 0 0 0 0 0 0 0 0 44 28 17 0 0 0 3 18 7 0 14 0 0 26 49 8 21 1 0 18 0 0 0 0 0 0 0 0 0 0 0 0 0 0 0 0 0 0 0 0 0 0 0 0 0 0 4 1 0 0 0 0 0 0 0 1 0 0 0 0 0 0 0 0 0 0 0 0 0 0 0 0 0 0 0 10 0 0 0 0 45 19 12 0 0 0 12 26 8 0 0 0 53 15 44 32 9 2 0 64 0 0 0 0 0 0 0 0 0 0 35 0 0 0 0 0 22 0 0 0 0 0 0 0 0 0 0 0 0 0 0 0 0 0 0 0 0 0 0 46 0 0 0 0 0 0 0 0 0 0 0 0 0 0 4 0 0 0 0 0 2 0 0 0 0 0 1 0 0 0 0 0 0 0 0 0 0 0 0 0 0 1 0 0 0 0 0 0 0 0 
 3 0 0 0 0 0 0 0 0 0 3 0 0 0 3 0 0 0 0 2 383 639 349 77 282 41 79 0 200 37 29 37 292 432 253 193 53 26 260 62 64 115 4 0 0 0 2 0 0 2 0 10 0 0 0 0 0 0 2 8 0 0 0 0 2 0 0 0 0 0 0 0 0 7 0 0 3 0 3 0 0 0 0 0 21 0 0 0 0 0 0 2 0 0 0 0 0 0 0 0 10 52 9 11 0 0 0 20 102 44 58 0 1 18 10 36 48 7 0 0 0 0 0 0 0 0 0 0 0 0 1 0 0 0 0 0 0 0 0 0 0 0 0 0 23 0 4 38 0 0 0 0 36 0 0 0 0 0 2 0 1 10 1 0 0 0 0 0 0 0 0 0 0 0 0 0 0 0 0 0 20 19 86 27 7 0 0 17 45 81 28 40 0 10 70 47 24 18 0 2 0 0 0 0 0 0 0 0 0 0 0 1 0 0 0 0 0 0 0 0 0 0 19 0 2 0 0 1 0 0 0 0 0 0 0 0 0 0 0 0 0 0 0 0 0 0 0 0 0 0 0 0 0 0 0 0 3 0 0 0 14 20 0 0 0 0 1 0 0 0 0 0 0 0 0 0 0 0 0 0 0 19 0 0 0 0 0 0 0 0 
 0 0 0 0 0 0 0 2 0 0 0 0 0 0 0 0 0 1 0 0 102 503 227 71 55 96 49 200 0 520 263 27 88 109 270 190 212 326 65 86 0 0 3 2 0 5 0 0 0 2 0 4 0 0 0 7 3 0 2 0 0 0 0 0 50 0 0 0 0 0 0 0 3 14 0 0 4 0 3 0 0 0 0 0 0 0 6 0 0 0 0 0 0 0 0 0 0 0 0 0 0 14 21 38 1 4 0 0 62 51 58 0 0 11 0 35 8 52 0 0 0 0 0 0 0 0 0 0 0 0 0 0 0 20 4 0 0 0 0 0 0 0 0 0 0 0 0 3 0 0 0 4 8 0 0 0 0 0 0 0 0 0 0 0 0 0 1 0 0 1 0 0 0 0 0 0 0 0 0 0 0 23 28 55 20 18 0 19 50 64 27 36 0 0 0 17 47 43 0 0 0 0 0 0 0 0 0 0 0 0 0 0 1 0 0 0 0 0 0 0 0 0 0 0 0 0 0 0 0 0 0 0 0 0 0 0 0 0 0 0 0 0 16 0 0 0 1 0 0 0 0 0 0 0 0 0 0 1 2 0 3 11 0 0 0 0 20 0 0 0 0 0 0 0 0 0 0 0 0 0 0 35 0 0 0 0 9 0 0 0 
 0 0 2 209 0 0 40 2 0 74 0 0 0 0 1 0 0 210 0 0 38 51 343 380 53 110 36 37 520 0 412 44 26 67 88 237 455 168 63 180 0 3 3 15 0 5 2 0 4 2 1 3 0 1 0 2 0 2 2 0 0 0 0 0 2 2 0 3 3 0 2 3 0 2 1 0 7 3 3 0 0 0 0 0 0 0 0 0 0 0 0 0 0 0 0 0 0 0 0 0 0 0 10 25 12 17 0 0 0 13 21 62 0 0 0 3 7 43 0 0 0 0 0 0 0 0 0 0 0 0 0 0 0 0 0 0 0 0 31 0 0 0 0 0 0 0 0 10 0 0 5 2 3 0 0 0 0 0 0 15 0 0 0 0 0 0 0 0 0 0 4 0 0 0 0 0 0 0 0 0 0 9 31 38 35 28 0 0 12 23 26 30 0 0 0 8 54 35 0 0 0 0 0 0 0 0 0 0 0 0 0 0 1 0 0 0 0 0 29 0 0 0 0 0 0 0 0 0 0 0 0 0 0 0 0 0 0 0 0 0 0 0 21 0 0 0 0 0 0 0 0 0 2 0 3 0 0 178 157 0 0 26 0 0 0 23 12 0 0 0 0 0 0 0 0 0 0 9 0 0 0 14 0 0 0 0 9 0 0 0 
 0 0 0 0 0 2 0 5 0 0 0 0 1 2 1 0 0 0 0 2 32 38 23 147 109 77 321 29 263 412 0 344 21 274 51 51 190 589 98 75 0 0 3 16 0 0 0 0 0 2 0 3 0 209 0 0 0 0 2 0 0 0 0 0 48 0 1 0 0 0 0 0 2 0 0 0 4 0 3 0 0 0 0 0 0 0 0 0 0 0 0 0 0 0 0 0 0 0 0 0 0 0 0 37 22 37 0 0 0 0 0 60 0 0 0 0 0 0 0 0 0 0 0 0 0 0 15 0 0 0 0 0 7 0 0 0 0 0 41 0 0 0 0 0 0 0 0 0 0 0 0 0 0 0 3 0 0 0 0 4 0 40 0 0 0 0 0 0 0 2 4 0 0 0 0 0 0 0 0 0 0 0 0 39 27 17 24 0 0 0 9 32 0 0 0 0 35 12 0 0 0 0 0 0 0 0 0 0 0 6 0 0 26 0 0 0 0 0 58 9 0 0 0 0 0 0 0 0 0 0 0 0 0 0 0 0 0 0 0 0 0 0 14 0 0 0 0 0 4 0 0 0 0 0 3 0 6 75 54 2 4 0 0 0 0 0 0 0 0 0 0 0 0 0 0 0 0 0 0 0 0 0 0 0 0 0 1 0 0 0 
 3 2 4 2 4 5 3 7 2 4 1 5 2 3 2 3 3 2 6 4 227 48 31 330 335 88 38 37 27 44 344 0 24 252 49 30 281 84 19 252 0 0 3 4 0 0 0 0 0 0 2 3 0 0 0 0 0 1 3 0 2 2 0 0 0 2 5 0 0 0 0 0 0 0 0 0 1 2 0 3 9 0 0 0 0 0 0 0 0 0 0 0 2 0 9 0 0 0 0 0 0 0 0 0 43 41 0 0 0 0 0 51 0 0 0 1 0 0 0 0 0 0 0 0 0 0 12 0 1 15 0 0 18 0 0 0 0 0 41 0 0 19 11 0 0 0 0 0 0 0 5 0 0 0 8 0 0 0 10 8 5 0 0 0 0 0 0 0 0 3 9 1 0 0 0 0 0 0 0 7 0 0 0 13 48 26 0 0 0 0 12 11 1 0 0 0 0 16 0 0 0 0 0 0 0 0 0 0 0 0 0 0 29 0 0 0 0 0 41 31 0 1 0 0 9 0 0 0 0 0 0 0 2 0 0 0 0 0 0 0 0 0 0 0 0 0 0 0 0 0 0 0 0 0 0 2 2 171 154 2 3 2 0 0 0 0 0 0 0 0 0 1 0 0 0 0 0 2 0 0 0 0 0 53 0 0 0 0 0 1 
 2 0 1 0 0 3 2 3 0 0 2 0 0 0 0 0 0 0 0 1 50 42 269 45 70 13 402 292 88 26 21 24 0 124 68 52 34 41 394 260 0 2 48 0 0 0 7 0 0 2 0 3 0 0 0 2 3 0 2 42 45 0 2 0 2 0 0 9 0 0 0 3 1 0 0 0 3 0 3 0 0 0 0 0 0 2 0 0 0 0 0 0 2 0 0 1 0 0 0 25 13 16 17 0 0 0 11 44 0 1 0 0 12 29 36 13 0 0 16 20 0 0 0 0 0 0 0 4 0 0 0 0 0 0 0 2 0 4 0 0 0 0 0 0 0 0 0 0 0 0 0 18 0 0 38 5 0 0 0 0 0 0 0 0 2 10 0 0 0 0 0 1 0 0 0 0 0 0 0 4 52 19 1 0 0 0 49 49 0 0 1 0 17 32 32 0 21 0 9 27 0 0 0 0 0 0 0 0 0 0 0 0 0 0 0 8 0 0 0 0 0 1 0 0 0 0 0 0 0 0 0 0 2 0 0 0 0 0 0 0 0 0 0 0 0 0 0 0 0 0 0 0 0 0 4 0 3 0 0 0 2 0 0 0 0 0 0 0 0 0 0 2 0 0 0 0 0 2 0 0 0 0 0 0 0 0 0 0 0 0 
 102 0 0 0 0 3 0 0 0 0 0 0 0 0 0 0 0 0 0 0 140 58 61 72 74 45 363 432 109 67 274 252 124 0 650 44 37 277 279 216 0 0 3 0 1 1 9 0 0 2 0 8 0 0 0 32 0 0 2 0 50 0 0 0 2 31 0 9 0 0 0 0 0 19 0 0 3 0 3 0 0 0 0 0 2 0 0 0 0 0 0 1 0 0 0 0 0 0 0 22 5 47 24 16 15 0 8 30 22 9 4 0 2 51 12 38 48 10 0 0 0 0 0 0 0 0 0 0 0 0 2 0 0 0 0 0 0 0 0 0 0 0 0 0 0 0 4 0 0 0 0 10 4 0 9 6 0 0 1 0 2 2 0 0 0 0 0 0 0 0 0 0 0 0 0 0 0 0 0 0 43 31 30 0 0 0 0 19 16 0 9 0 9 27 28 28 22 16 0 1 0 0 0 0 0 0 0 0 0 0 0 0 0 0 0 0 0 0 0 0 0 0 0 0 0 0 0 2 0 0 0 22 0 0 0 1 0 0 0 0 0 0 0 0 0 0 0 0 0 0 0 0 0 28 5 2 0 0 0 4 13 0 0 0 0 0 0 0 0 0 0 0 0 0 0 0 0 0 0 0 0 0 0 1 0 0 0 0 0 0 
 0 0 0 0 0 2 0 3 0 0 0 0 0 1 0 0 0 0 0 0 432 393 71 52 265 256 35 253 270 88 51 49 68 650 0 249 80 277 270 341 0 0 3 0 0 0 2 0 0 2 0 10 0 0 0 0 0 0 2 0 0 0 0 0 2 0 0 2 0 0 0 1 0 8 0 0 3 0 3 0 0 0 0 0 0 0 0 0 0 0 0 0 2 0 0 1 0 0 1 0 6 34 21 10 0 0 0 18 71 41 32 0 0 13 10 44 50 14 0 11 0 0 0 0 0 0 0 0 0 0 9 0 0 0 0 0 0 0 0 0 0 0 0 0 0 0 1 2 0 16 0 1 6 0 0 0 0 0 0 1 0 4 0 0 0 0 0 0 0 0 0 1 0 0 0 0 0 0 0 0 13 26 39 12 0 0 1 12 37 22 17 11 4 22 21 47 14 21 0 0 0 0 0 0 0 0 0 0 0 0 0 0 0 0 0 11 0 0 0 0 0 1 0 0 0 0 0 0 0 0 0 0 2 7 0 0 0 0 0 0 0 0 0 0 0 0 0 0 0 0 0 0 0 0 2 0 2 0 0 1 10 12 0 0 0 0 9 0 0 0 0 2 0 0 0 0 2 2 0 0 0 9 0 0 0 0 0 2 0 0 
 2 0 0 0 0 0 93 1 0 0 4 0 0 73 0 0 2 0 76 0 31 276 230 24 60 61 27 193 190 237 51 30 52 44 249 0 263 223 22 211 0 0 3 62 2 4 0 1 0 2 0 8 0 3 0 0 3 0 2 1 0 0 0 4 2 0 0 0 0 11 0 0 3 5 3 0 5 0 4 0 0 1 0 0 0 0 0 0 2 1 0 0 0 0 0 0 0 0 0 0 1 13 34 35 2 1 0 18 52 63 44 0 0 7 0 24 6 53 0 0 0 0 0 0 0 0 0 0 1 0 0 0 0 0 0 0 0 0 0 0 0 0 0 4 0 6 1 4 0 0 0 5 6 0 0 0 0 0 11 0 0 0 0 0 0 0 0 0 0 1 0 0 0 0 0 0 7 0 0 2 11 20 42 11 20 9 0 9 25 52 28 16 1 1 0 25 18 31 0 0 0 1 0 1 0 0 0 0 7 0 0 0 1 0 0 1 0 0 0 0 0 0 0 0 0 0 0 0 1 0 11 0 0 0 0 0 0 0 0 0 0 0 0 0 0 0 0 0 0 0 0 0 0 0 4 0 0 1 2 0 0 10 0 0 0 0 16 0 0 0 0 0 0 0 0 0 0 0 0 0 0 28 0 0 0 0 11 0 0 0 
 0 0 1 0 0 0 0 1 0 0 0 0 1 0 0 0 0 0 1 0 43 352 72 41 72 68 33 53 212 455 190 281 34 37 80 263 0 619 51 130 0 47 3 4 0 5 0 0 0 2 0 6 0 47 8 0 0 0 2 0 12 0 0 0 2 0 2 0 0 0 50 1 0 6 0 0 3 0 3 0 0 0 0 0 0 0 0 0 0 0 0 0 0 0 0 0 0 12 0 0 0 13 20 51 1 10 0 0 43 43 63 0 0 0 0 15 13 49 0 0 0 0 0 0 0 12 0 0 0 11 0 0 0 0 0 0 0 0 0 0 0 0 0 0 0 0 0 15 0 0 0 4 16 0 0 0 0 0 0 0 0 0 0 0 0 0 0 0 0 1 0 0 0 0 0 0 0 0 0 0 0 30 41 62 15 10 0 12 36 55 23 72 0 0 2 13 42 18 0 0 0 0 0 0 0 0 0 0 0 0 0 0 0 0 0 0 0 0 0 0 0 0 0 0 0 0 0 0 0 0 0 0 0 0 0 0 0 0 0 0 0 0 30 0 0 0 0 0 0 0 0 0 0 0 2 0 0 0 2 2 2 19 0 0 0 0 19 0 0 0 0 0 0 0 0 0 0 0 0 0 0 20 0 0 0 0 8 0 0 0 
 0 0 79 0 0 5 0 4 3 0 1 1 3 0 1 0 2 2 0 3 253 36 379 444 61 63 33 26 326 168 589 84 41 277 277 223 619 0 36 44 0 0 3 23 0 1 0 0 0 4 0 5 0 0 0 0 2 0 2 0 0 0 3 0 2 0 0 0 3 3 2 0 0 0 1 0 4 0 3 1 0 0 0 0 0 0 0 0 0 0 0 0 0 0 0 0 0 0 10 0 0 1 11 52 19 32 0 0 0 13 33 22 0 0 0 0 3 38 0 19 0 0 0 11 0 0 0 0 0 0 0 0 0 0 0 0 0 0 38 0 0 0 22 0 0 0 0 0 0 0 0 26 2 0 0 0 0 0 0 2 0 0 0 0 0 0 0 0 0 3 0 0 0 0 0 0 0 0 0 0 0 9 16 40 20 19 0 0 13 23 48 54 0 0 0 0 15 37 0 0 0 0 0 0 0 0 0 0 0 0 0 0 4 0 0 0 0 0 27 0 0 0 0 0 0 0 0 0 0 0 0 0 0 0 0 0 0 0 0 0 0 0 14 0 0 3 0 0 0 0 0 0 0 0 0 2 3 148 147 3 6 3 0 0 0 0 12 0 0 0 0 0 0 1 0 0 8 0 0 0 0 12 0 0 0 0 10 0 0 0 
 0 0 0 0 1 329 0 0 0 0 0 0 0 0 2 0 0 0 0 1 234 24 40 277 66 45 65 260 65 63 98 19 394 279 270 22 51 36 0 340 0 0 3 0 0 0 0 0 0 2 0 3 0 0 0 0 0 0 2 100 42 0 0 0 2 0 0 0 0 0 0 0 0 0 0 0 3 0 3 0 0 0 0 0 0 11 0 0 0 0 0 0 0 0 0 0 0 0 0 20 29 0 4 0 0 0 7 25 0 0 0 0 24 16 32 1 0 0 20 13 0 0 0 0 3 0 0 0 0 15 0 0 0 0 0 0 0 0 0 0 0 2 0 0 0 0 0 0 0 0 0 19 0 0 9 5 0 0 0 0 0 0 0 0 8 15 0 0 0 0 0 0 0 0 0 0 0 0 0 6 22 2 0 0 0 0 29 20 0 0 0 0 25 16 31 0 0 0 13 73 0 0 0 0 0 0 0 0 0 0 13 0 0 11 0 0 0 0 0 0 0 0 0 0 0 0 0 0 0 0 0 0 0 0 0 0 0 0 0 0 0 0 0 0 0 0 0 0 0 0 0 0 0 0 4 0 0 0 0 2 0 0 0 0 0 0 0 0 0 0 0 0 0 0 0 0 0 0 0 0 0 0 0 0 0 0 0 0 0 0 
 0 0 4 108 2 2 0 2 0 0 0 0 1 0 0 0 0 72 0 0 206 78 186 79 108 60 294 62 86 180 75 252 260 216 341 211 130 44 340 0 0 4 3 2 0 3 5 0 0 2 2 3 0 2 0 4 11 3 7 5 0 0 0 0 3 0 4 13 0 5 0 1 2 0 0 0 7 2 3 5 0 0 0 0 1 2 0 0 0 0 0 1 0 0 0 0 0 0 1 0 65 8 22 0 0 0 12 32 0 0 0 0 10 29 78 1 1 1 11 9 0 0 0 0 0 0 0 10 0 0 0 0 0 0 0 0 0 0 0 0 0 0 0 1 0 0 4 1 0 0 0 0 0 0 0 1 3 0 0 0 0 0 0 0 0 1 0 0 0 0 0 0 0 17 0 0 0 0 0 7 36 19 2 0 0 0 22 27 1 0 0 0 51 47 21 9 11 0 17 29 0 0 0 0 0 0 0 0 0 0 0 0 0 0 0 15 0 0 0 0 0 0 0 0 0 0 0 0 0 0 0 0 0 0 0 0 0 0 0 0 0 0 0 0 0 0 0 0 0 0 0 0 0 0 0 0 2 0 0 0 0 0 0 0 0 0 0 0 0 0 0 0 0 0 0 0 0 0 0 0 0 1 0 0 0 0 0 0 0 0 
 0 0 0 0 0 0 0 0 0 114 0 0 0 2 0 0 0 5 0 0 0 0 0 2 0 0 0 64 0 0 0 0 0 0 0 0 0 0 0 0 0 360 66 59 27 35 274 248 246 66 50 26 68 221 253 37 32 35 267 168 0 24 7 0 0 0 0 7 5 0 0 7 0 0 6 8 3 1 0 0 0 0 0 0 0 0 0 9 0 0 0 0 0 0 0 0 0 0 0 0 0 0 0 0 0 0 8 0 0 0 0 0 0 0 0 0 0 0 0 0 42 29 44 1 0 0 1 10 35 14 0 0 0 15 39 25 18 6 0 0 0 0 0 7 0 0 0 7 8 5 2 1 0 0 0 0 5 20 0 0 0 0 0 0 0 0 0 0 1 0 0 0 0 0 0 0 0 0 0 0 0 0 6 0 0 0 0 0 0 0 0 0 0 0 0 0 0 0 0 0 0 50 39 1 0 1 0 29 45 29 0 0 0 21 48 24 8 56 0 0 0 5 26 5 8 0 0 0 13 7 16 8 0 0 0 46 0 0 0 0 0 0 0 0 0 0 0 0 2 27 0 15 0 2 0 0 0 0 0 0 25 0 0 0 0 2 40 0 1 0 0 0 0 0 0 0 0 0 0 0 0 0 0 0 0 0 0 0 0 0 
 0 3 0 0 0 1 5 1 41 0 0 0 0 0 0 0 0 0 0 0 0 0 0 2 4 0 2 115 0 3 0 0 2 0 0 0 47 0 0 4 360 0 229 52 49 45 177 224 189 53 42 34 104 113 189 452 157 61 68 123 0 7 0 0 0 1 0 0 51 56 0 2 0 0 0 0 5 2 0 0 0 0 0 0 0 0 0 0 0 0 0 0 0 0 0 0 0 0 0 0 0 0 0 0 0 0 0 0 0 0 0 0 0 0 21 4 0 0 0 0 15 20 29 24 36 0 0 17 16 1 12 0 0 0 0 21 35 14 0 0 0 0 0 0 0 0 0 0 0 0 0 0 0 0 0 0 0 0 0 0 0 0 0 0 0 0 0 0 0 0 0 0 0 0 0 0 0 0 0 0 0 32 0 0 0 0 0 0 0 0 0 0 0 0 0 0 0 0 0 0 19 2 12 29 10 0 0 21 19 10 26 0 0 2 32 0 6 40 0 0 0 0 0 0 0 0 0 0 0 0 0 0 0 0 0 0 0 0 0 0 0 0 7 0 0 0 0 0 0 0 0 13 0 2 0 0 0 0 0 25 0 0 2 0 0 2 0 0 0 0 10 0 0 0 0 0 0 0 0 0 0 0 0 0 22 0 0 0 0 0 
 3 0 0 0 0 0 0 2 0 0 3 0 0 0 0 0 0 0 0 0 3 3 3 4 3 5 3 4 3 3 3 3 48 3 3 3 3 3 3 3 66 229 0 103 62 19 77 114 147 530 268 260 284 56 301 145 129 261 230 53 0 0 0 0 0 0 0 0 0 0 0 0 0 0 0 0 1 0 3 0 0 0 0 0 0 0 0 0 0 0 0 0 0 0 12 0 0 0 0 0 0 0 0 0 0 0 0 0 0 0 0 0 0 0 0 18 0 0 0 0 0 0 9 44 6 16 0 1 0 39 60 28 0 0 0 11 48 25 0 0 0 0 0 0 0 0 0 0 0 0 0 0 0 0 0 0 0 0 0 0 0 0 0 0 0 0 0 0 0 0 0 0 0 0 0 0 0 0 0 0 0 0 0 0 0 0 0 0 0 0 0 0 0 0 0 0 0 0 0 0 0 0 13 41 3 8 0 0 0 19 20 0 0 0 0 0 9 11 0 0 0 0 0 37 0 0 0 0 0 0 0 0 0 0 8 0 0 0 0 0 0 0 0 0 0 0 0 0 0 0 0 6 0 0 0 0 0 0 0 12 0 0 2 1 0 12 0 4 0 0 2 0 0 0 0 0 0 0 0 0 0 0 0 0 21 13 0 0 1 0 
 3 0 0 0 6 0 0 3 0 24 0 0 0 5 0 0 0 0 0 32 0 0 36 7 4 1 3 0 2 15 16 4 0 0 0 62 4 23 0 2 59 52 103 0 346 262 301 284 86 290 404 255 81 89 51 33 60 253 251 272 50 3 2 5 0 0 2 5 0 0 0 2 0 0 0 0 10 0 0 0 0 0 0 0 0 0 0 0 0 0 0 0 0 0 0 0 0 0 0 0 0 0 3 6 0 12 0 0 0 0 0 16 0 0 0 0 0 1 0 0 0 0 0 14 2 31 0 0 0 30 18 36 1 0 0 0 0 0 48 0 0 5 0 7 0 8 23 0 0 0 0 0 0 0 1 0 1 0 9 0 15 0 0 0 0 0 0 0 0 0 0 0 0 0 0 0 0 0 0 0 0 2 0 0 5 6 0 0 0 5 1 19 0 0 0 0 21 0 0 0 0 0 0 6 34 23 0 0 0 0 2 37 0 0 0 0 0 0 5 0 1 0 0 0 0 0 0 0 0 0 0 0 0 0 0 0 0 0 4 4 0 0 16 0 0 0 0 0 1 0 0 9 0 0 0 0 0 0 5 1 0 0 12 33 0 22 2 4 0 0 0 0 0 0 0 0 0 0 0 0 0 1 0 0 0 0 0 0 0 6 
 0 0 0 0 0 1 0 2 0 0 0 0 0 0 0 0 0 0 0 0 0 0 0 0 0 0 1 0 0 0 0 0 0 1 0 2 0 0 0 0 27 49 62 346 0 273 91 95 65 289 112 263 92 76 286 70 67 43 69 76 3 1 0 23 4 0 2 0 0 0 0 0 3 1 0 0 1 0 4 9 0 0 0 0 0 0 11 0 0 0 0 0 0 0 0 0 0 0 0 0 0 0 0 0 0 0 0 0 0 0 0 0 0 0 9 0 0 0 0 0 0 0 0 0 0 7 0 0 0 0 1 27 0 0 0 0 0 0 0 0 2 5 0 0 0 7 8 0 0 1 0 0 3 0 3 2 0 0 21 0 0 0 0 0 0 0 0 0 0 0 0 0 0 0 0 0 0 0 9 0 0 0 0 0 0 0 0 0 0 0 0 0 0 0 0 0 0 0 0 0 0 0 0 0 16 17 0 0 0 0 1 1 0 0 0 0 0 0 0 0 3 0 0 0 0 0 16 8 0 0 0 0 9 14 22 0 1 0 31 23 0 0 2 0 0 0 0 0 0 0 0 7 0 0 0 0 0 0 0 3 1 0 1 6 2 0 0 2 0 0 0 0 0 0 10 0 0 0 0 0 0 0 0 0 0 0 0 0 1 0 
 0 0 0 0 0 0 4 1 0 0 0 0 0 0 1 0 0 0 1 3 1 2 5 1 0 0 0 0 5 5 0 0 0 1 0 4 5 1 0 3 35 45 19 262 273 0 43 42 38 35 299 67 42 472 39 87 69 55 48 690 0 0 0 0 54 0 0 0 5 24 0 0 2 0 0 0 1 0 157 1 0 0 0 1 0 0 0 0 10 0 0 0 0 0 0 0 0 0 0 0 0 3 3 5 0 0 0 0 1 2 3 0 0 0 1 3 6 27 0 0 0 0 0 0 0 0 0 0 0 0 0 1 0 0 0 0 0 0 0 0 15 20 1 0 0 2 20 11 0 0 0 0 30 16 16 1 0 0 0 9 0 0 0 0 0 0 0 0 0 0 0 0 0 0 1 0 0 0 0 0 0 9 0 5 32 0 0 0 1 20 8 1 0 0 1 0 1 11 0 0 0 0 0 0 0 17 0 0 0 0 0 0 0 0 0 0 0 0 0 0 22 31 0 0 0 0 18 10 0 0 0 0 36 16 9 0 0 0 26 30 0 0 2 0 0 0 0 0 0 0 0 9 0 0 0 0 0 0 0 1 0 0 0 0 0 5 1 4 0 0 0 0 0 0 0 0 0 0 0 0 0 4 0 0 0 0 0 0 0 0 
 0 0 0 0 0 0 0 55 0 0 0 0 61 0 0 0 0 0 0 2 15 0 0 66 0 0 12 2 0 2 0 0 7 9 2 0 0 0 0 5 274 177 77 301 91 43 0 120 41 45 36 277 278 281 43 61 49 89 62 417 0 1 0 0 0 13 0 0 94 0 0 2 0 0 0 0 53 1 0 0 0 10 0 0 0 0 0 0 0 0 0 0 0 0 0 0 0 0 0 0 5 0 0 0 0 0 0 1 7 0 0 0 0 8 7 2 0 0 0 0 32 20 3 0 0 0 17 26 54 20 0 0 0 15 4 14 2 11 0 10 0 0 0 0 0 0 0 0 0 0 0 0 0 0 0 0 0 0 0 0 0 0 0 0 0 0 0 0 8 0 0 0 0 0 0 0 0 0 0 0 30 0 1 0 0 0 4 5 7 0 0 0 0 0 7 1 0 0 0 37 22 64 15 1 0 0 0 7 5 45 0 0 8 25 56 9 12 10 0 0 0 0 0 0 0 0 0 0 0 0 0 0 0 0 0 0 0 0 0 0 0 0 0 0 0 0 0 0 0 0 0 8 0 1 0 0 0 0 0 2 0 0 1 0 0 2 2 0 0 0 0 0 0 0 0 0 0 0 0 0 0 0 0 0 0 0 0 0 0 0 
 0 0 0 0 35 0 0 2 0 0 2 2 0 0 0 0 0 0 0 1 1 0 0 2 0 21 0 0 0 0 0 0 0 0 0 1 0 0 0 0 248 224 114 284 95 42 120 0 74 44 251 38 107 320 173 251 91 94 102 46 5 2 0 0 0 2 2 0 1 0 0 8 15 2 0 0 0 7 10 3 0 0 0 0 0 0 0 0 0 0 0 0 0 0 0 0 0 0 0 0 0 0 0 0 0 0 0 0 0 0 0 0 5 0 0 0 0 0 0 0 11 9 24 2 0 0 0 17 21 21 0 0 0 0 1 30 23 42 0 0 4 5 0 0 0 0 0 0 0 0 0 0 25 0 10 5 0 0 0 0 0 0 0 0 0 0 0 0 0 0 0 0 0 0 0 0 0 0 0 0 0 0 0 0 0 0 0 0 0 0 0 0 0 0 0 0 0 0 0 0 0 8 42 19 0 0 0 31 21 94 0 0 0 17 13 12 10 32 0 0 2 8 0 0 1 0 1 6 0 0 0 0 2 0 5 10 2 2 0 0 0 0 0 0 0 0 0 0 0 0 0 8 0 0 0 0 0 0 0 29 0 0 0 0 0 0 0 0 0 0 0 0 0 0 0 0 0 0 0 0 0 0 0 0 2 10 0 0 0 0 
 0 0 0 0 0 0 0 0 0 0 0 0 28 0 2 0 0 0 0 0 0 0 0 0 0 0 0 0 0 4 0 0 0 0 0 0 0 0 0 0 246 189 147 86 65 38 41 74 0 278 29 31 107 103 84 175 82 267 270 86 0 0 0 0 0 0 0 0 0 0 0 25 0 0 0 0 1 0 0 0 0 0 0 0 0 0 0 0 0 0 0 0 0 0 0 0 0 0 0 0 0 0 0 0 0 0 0 0 0 0 0 0 0 0 0 0 0 0 0 0 0 0 12 85 18 19 0 1 0 39 27 9 0 0 0 14 27 37 0 0 0 0 0 0 0 0 0 0 0 0 0 0 1 0 0 0 0 0 0 0 4 0 0 0 0 0 0 0 0 0 0 0 0 0 0 0 0 0 0 0 19 0 0 0 0 0 0 0 0 0 0 0 0 0 0 0 0 10 0 22 0 0 13 51 33 20 0 0 0 22 41 14 0 0 1 0 9 16 0 0 0 0 0 0 0 0 0 0 0 0 0 0 0 0 4 0 0 0 0 0 0 0 0 0 0 0 0 0 0 0 0 6 0 1 0 0 0 0 0 9 0 0 2 1 1 23 1 1 0 0 2 0 0 0 0 0 0 0 0 0 0 0 9 0 64 22 0 0 0 0 
 0 0 0 0 0 0 0 5 0 0 0 0 0 0 0 0 0 63 0 66 2 2 2 4 2 2 2 2 2 2 2 0 2 2 2 2 2 4 2 2 66 53 530 290 289 35 45 44 278 0 277 291 45 89 117 286 495 299 75 117 0 0 4 3 0 48 0 1 0 3 3 0 0 0 0 2 6 10 0 0 0 0 0 0 0 0 0 0 0 0 0 0 0 0 0 0 0 0 0 0 0 0 0 0 0 0 0 0 0 0 0 5 0 0 0 0 0 0 0 0 0 0 15 43 16 18 0 0 0 13 28 24 0 0 0 11 25 15 0 0 0 0 0 0 0 0 0 0 9 0 3 6 1 0 0 0 0 2 0 0 8 0 0 0 0 0 0 0 0 0 9 0 0 1 0 0 0 0 0 0 0 0 0 0 0 0 0 0 0 0 0 0 0 0 0 0 0 0 0 0 0 0 0 15 18 24 0 0 1 1 35 34 0 0 0 0 0 0 0 0 0 0 3 0 0 0 0 0 1 4 0 8 0 0 0 0 0 0 13 0 0 0 9 0 0 0 0 0 0 0 0 2 0 0 8 0 0 0 0 14 0 0 63 64 0 27 0 61 0 0 12 0 0 0 0 1 0 0 0 0 0 0 0 0 18 13 0 0 2 0 
 0 0 1 4 0 0 0 3 3 2 4 3 0 0 0 0 2 2 0 0 0 0 1 1 0 0 0 0 0 1 0 2 0 0 0 0 0 0 0 2 50 42 268 404 112 299 36 251 29 277 0 734 18 496 55 79 91 291 34 277 0 5 3 0 0 3 3 0 0 3 0 0 0 0 0 4 3 3 52 4 0 1 1 6 5 1 0 0 0 4 5 0 0 0 0 3 0 8 0 0 0 0 0 0 0 0 0 0 0 0 0 0 0 0 0 0 0 0 3 0 0 0 0 13 2 35 0 0 0 11 21 27 0 0 0 0 0 0 0 0 0 0 0 0 0 5 10 0 0 0 0 0 0 0 1 0 0 0 9 0 7 1 6 17 5 0 0 0 1 0 5 4 0 0 0 0 0 0 0 0 0 0 0 0 0 0 0 0 0 0 0 0 0 1 0 0 0 0 0 0 0 0 0 11 38 14 0 0 0 0 1 37 0 0 0 0 0 0 0 0 0 0 0 0 0 0 0 0 0 0 0 0 0 0 0 0 0 0 12 7 0 4 16 0 0 0 7 0 0 0 0 8 0 0 0 0 0 0 0 0 0 0 40 35 0 22 5 32 0 0 0 0 0 0 0 0 0 0 0 0 0 4 0 0 0 0 0 0 0 0 
 0 0 0 0 0 2 0 2 0 0 0 0 0 0 0 0 0 0 0 3 8 6 6 5 3 3 6 10 4 3 3 3 3 8 10 8 6 5 3 3 26 34 260 255 263 67 277 38 31 291 734 0 42 250 31 60 139 271 45 255 0 5 0 0 20 0 0 0 0 0 0 0 0 0 0 0 2 0 0 0 0 0 0 0 0 0 0 0 0 0 0 0 0 0 0 0 0 0 0 0 0 4 3 0 0 0 0 8 7 3 9 0 0 1 14 8 7 2 0 0 0 0 0 0 6 28 0 0 0 0 0 38 0 0 0 0 0 0 0 0 0 0 0 0 0 8 10 0 0 0 0 0 11 12 0 0 0 0 12 1 1 0 0 0 0 0 0 0 0 0 0 0 0 0 0 0 0 0 0 0 0 3 3 6 0 0 0 0 9 3 6 0 0 0 6 9 0 5 0 0 0 0 0 0 30 33 0 0 0 0 0 45 0 0 0 0 0 0 0 0 12 0 0 0 0 7 0 0 0 0 0 0 0 16 0 0 0 0 34 13 0 0 7 0 0 0 0 0 0 0 0 15 0 0 0 0 0 0 0 6 0 29 67 63 0 5 24 67 0 0 15 0 0 0 0 0 0 0 0 0 0 3 0 0 0 0 0 0 0 0 
 0 0 0 0 0 2 0 1 0 0 0 0 2 0 63 0 1 0 0 2 0 0 0 0 0 0 0 0 0 0 0 0 0 0 0 0 0 0 0 0 68 104 284 81 92 42 278 107 107 45 18 42 0 107 26 32 41 31 330 198 0 2 3 3 23 10 0 0 0 3 3 0 0 0 0 1 5 1 0 0 0 0 0 0 0 0 0 0 0 0 0 0 0 0 0 0 0 0 0 0 0 0 0 0 0 1 0 0 0 0 0 0 0 0 0 0 0 0 0 0 13 60 2 0 0 0 8 20 23 2 0 0 18 19 18 0 0 5 1 20 0 0 1 0 16 0 0 0 0 0 0 0 0 0 1 0 0 0 0 0 0 0 0 0 0 0 0 0 14 0 0 0 0 0 0 0 0 14 0 0 0 0 0 0 0 0 0 0 0 0 0 0 0 0 0 0 0 0 0 0 18 39 15 0 0 0 25 19 1 0 0 0 10 39 31 27 7 4 8 0 0 0 0 0 0 7 0 0 0 0 0 0 0 0 0 0 0 0 0 0 0 0 0 0 0 0 0 0 0 0 0 19 0 0 0 0 0 0 0 0 0 0 1 0 0 0 0 0 0 0 0 0 0 0 0 0 0 0 0 0 0 0 0 0 0 0 0 0 0 0 
 0 0 26 0 0 0 0 2 0 0 0 1 0 0 0 0 0 0 0 0 0 2 1 2 0 2 0 0 0 1 209 0 0 0 0 3 47 0 0 2 221 113 56 89 76 472 281 320 103 89 496 250 107 0 324 34 27 262 87 492 0 2 6 0 0 0 0 6 13 0 0 11 0 0 4 2 5 3 0 0 0 0 0 0 0 0 0 0 0 9 0 0 0 0 0 0 0 0 0 0 0 0 0 0 0 0 0 0 0 0 0 0 0 0 0 0 0 0 0 0 35 34 30 0 0 0 2 19 24 11 0 0 0 40 45 20 11 12 0 0 0 0 1 6 0 0 0 5 4 8 0 2 0 0 0 0 5 2 0 0 0 0 0 0 0 0 0 0 0 0 0 0 0 0 0 0 0 0 0 0 0 0 0 0 0 0 0 0 0 0 0 0 0 0 0 0 0 0 0 0 0 40 33 0 0 0 0 19 38 13 0 2 0 13 50 44 7 45 0 0 0 5 6 16 18 0 0 0 5 6 7 8 0 1 0 9 0 1 0 0 0 0 0 0 0 0 0 0 0 0 0 7 0 1 0 0 0 2 0 0 0 0 1 0 0 0 7 0 0 0 0 0 0 0 0 0 0 0 0 0 0 0 0 0 0 0 0 0 0 0 
 2 0 0 0 0 1 0 2 0 0 2 0 0 0 0 0 0 0 0 0 0 0 0 0 0 0 0 0 0 0 0 0 0 0 0 0 8 0 0 0 253 189 301 51 286 39 43 173 84 117 55 31 26 324 0 83 77 74 68 118 48 0 0 0 1 0 0 0 2 0 0 7 54 0 0 0 0 0 0 0 0 0 0 0 0 0 0 0 0 0 0 0 0 0 0 0 0 0 0 0 0 0 0 0 0 0 0 0 0 0 0 0 0 4 17 0 0 0 0 0 14 8 50 0 0 0 0 20 25 27 1 0 0 0 0 27 23 33 0 0 0 0 0 0 0 0 0 0 0 0 0 0 0 0 0 0 0 0 0 0 5 0 0 0 0 0 0 0 0 0 0 0 0 0 0 0 0 0 0 0 0 0 0 0 0 11 0 0 0 0 0 0 0 0 0 0 0 0 0 0 0 15 27 31 0 0 0 24 43 64 0 0 0 13 13 5 9 40 0 0 0 0 0 0 0 21 0 0 0 0 0 0 0 0 0 0 0 0 0 0 0 0 0 0 0 0 0 0 0 0 0 18 0 0 0 0 0 0 0 12 0 0 0 0 0 0 4 0 0 0 0 0 0 0 0 0 0 0 0 0 0 0 0 0 0 12 0 0 0 0 
 0 0 0 0 0 1 0 5 0 0 0 61 0 0 0 0 0 0 0 2 0 0 0 0 0 0 0 0 7 2 0 0 2 32 0 0 0 0 0 4 37 452 145 33 70 87 61 251 175 286 79 60 32 34 83 0 166 323 27 300 0 0 0 1 0 0 0 3 0 0 0 0 6 0 2 0 1 0 0 0 0 0 0 0 0 0 0 0 0 0 0 0 0 0 0 0 0 0 0 0 0 0 0 0 0 0 0 0 0 0 0 0 0 0 0 0 0 0 0 0 0 0 14 31 15 17 0 1 0 37 39 1 0 0 0 12 22 39 0 0 0 0 0 0 20 0 0 0 0 0 0 0 0 0 16 6 0 0 0 0 0 0 0 0 0 0 0 0 0 0 0 0 0 0 0 6 0 0 0 0 0 0 0 0 0 0 0 0 0 0 0 0 0 0 0 0 0 0 0 0 0 0 19 42 12 12 0 0 0 62 29 0 0 0 9 0 9 42 0 0 0 0 0 0 0 0 0 0 6 0 0 0 0 0 0 0 0 0 0 0 0 0 1 0 0 0 0 0 0 0 0 11 0 1 0 0 0 0 0 16 0 0 4 1 0 10 2 1 0 0 17 0 0 0 0 0 0 0 0 0 0 0 23 0 16 8 0 0 0 0 
 1 0 55 0 0 0 0 4 0 0 0 0 0 0 0 0 0 0 0 2 2 0 0 1 0 0 3 0 3 0 0 0 3 0 0 3 0 2 0 11 32 157 129 60 67 69 49 91 82 495 91 139 41 27 77 166 0 247 254 237 0 0 0 0 0 0 0 0 0 0 0 0 261 0 0 0 1 0 0 0 0 0 0 0 0 0 0 0 0 10 0 0 0 0 0 0 0 5 0 0 0 0 0 0 0 0 0 7 0 0 0 0 20 0 0 0 0 8 0 0 0 0 22 43 3 17 0 3 0 29 39 1 0 0 0 12 19 30 0 0 0 0 0 0 0 0 0 0 0 0 0 0 0 0 0 0 5 0 0 0 0 0 0 0 2 0 0 0 0 0 0 0 0 0 0 0 0 0 15 0 0 0 0 0 0 0 0 0 0 0 0 0 0 0 0 0 0 0 0 0 0 0 12 60 6 6 0 0 7 22 19 0 0 0 2 0 8 15 0 0 0 0 0 20 0 0 0 0 0 0 0 0 0 0 0 0 0 0 0 0 0 0 2 0 0 0 0 0 0 0 0 16 0 0 0 0 0 0 0 10 0 0 1 2 0 15 0 0 0 0 5 0 0 0 0 0 0 0 0 0 0 0 0 0 19 21 0 0 2 0 
 0 2 0 0 1 2 0 65 0 2 60 0 0 0 0 0 0 0 0 0 26 0 0 0 0 0 0 0 0 2 0 1 0 0 0 0 0 0 0 3 35 61 261 253 43 55 89 94 267 299 291 271 31 262 74 323 247 0 37 32 4 4 0 0 0 4 0 0 0 0 0 2 8 0 0 0 2 4 4 3 0 0 0 0 0 0 0 0 0 0 0 0 0 0 0 0 0 0 0 0 0 0 0 0 0 0 0 0 0 0 0 0 0 0 0 0 0 0 0 0 0 0 0 36 18 28 0 0 0 18 27 22 0 0 0 11 13 10 0 0 3 4 0 0 0 0 8 0 0 0 0 0 0 4 8 3 0 0 0 20 2 0 0 0 0 0 0 0 23 0 0 0 0 0 0 0 0 0 0 0 0 0 0 0 0 0 0 0 0 0 0 0 0 0 0 0 0 0 0 0 0 0 0 9 25 25 0 0 0 0 39 40 0 0 0 0 0 0 0 0 0 0 0 0 0 0 8 7 0 0 0 0 3 0 13 0 0 0 9 0 0 0 7 0 0 0 0 0 0 0 0 11 0 2 0 0 0 0 0 7 0 0 63 62 3 8 0 62 0 0 16 0 0 0 0 0 0 0 0 0 0 0 0 0 18 3 0 0 0 0 
 0 0 33 0 0 0 0 0 0 0 0 0 0 0 0 0 0 0 0 0 2 2 2 3 6 197 2 2 2 2 2 3 2 2 2 2 2 2 2 7 267 68 230 251 69 48 62 102 270 75 34 45 330 87 68 27 254 37 0 209 0 2 0 0 0 9 4 0 0 0 0 0 0 0 0 2 0 0 2 2 0 0 0 0 0 0 0 0 0 0 0 0 0 0 0 0 0 0 0 0 0 0 0 0 8 2 0 0 0 0 0 1 0 0 0 0 0 0 0 0 11 2 0 0 0 0 17 10 12 0 0 0 33 13 3 0 0 0 1 17 0 0 2 0 0 0 0 0 0 0 0 3 0 0 0 0 0 0 0 0 0 0 0 0 0 0 14 0 8 3 0 0 0 0 0 0 1 0 0 0 0 0 0 0 0 14 0 0 0 0 0 16 0 0 0 0 0 0 0 0 57 11 0 0 0 0 23 21 1 0 0 0 18 24 1 0 1 0 4 20 0 0 0 0 0 0 0 10 0 0 0 0 0 0 0 0 0 0 0 0 0 0 0 0 0 0 0 0 0 0 0 18 0 0 0 0 0 0 0 0 0 0 1 0 2 1 1 0 0 0 0 0 0 17 0 0 0 0 0 0 0 0 0 0 1 0 0 0 0 0 
 0 0 0 0 0 5 0 3 0 0 0 0 0 62 0 0 0 0 10 0 0 0 0 0 0 1 1 8 0 0 0 0 42 0 0 1 0 0 100 5 168 123 53 272 76 690 417 46 86 117 277 255 198 492 118 300 237 32 209 0 0 0 0 0 0 4 0 2 5 0 0 0 0 0 0 0 2 2 2 0 0 0 0 0 0 0 0 0 0 0 0 0 0 0 0 0 0 0 0 0 6 0 0 0 0 0 0 0 0 0 0 0 9 5 0 0 0 0 0 0 94 34 1 0 0 0 16 26 24 17 0 0 0 36 54 8 1 10 0 18 0 0 0 0 0 0 0 0 0 0 0 0 0 0 0 0 0 0 0 0 0 0 0 0 0 0 0 0 27 9 0 0 0 0 0 0 0 0 0 0 6 0 0 0 0 1 4 13 0 0 0 0 0 5 0 0 0 0 6 5 23 14 10 1 0 0 6 0 11 10 6 0 2 37 20 35 11 0 1 12 0 0 0 0 0 0 0 0 0 0 0 0 0 0 0 0 0 0 0 0 0 0 0 0 0 0 0 0 0 0 0 10 2 1 0 0 0 0 0 0 0 0 0 0 0 3 0 0 0 0 0 0 0 0 0 0 0 0 0 0 0 0 0 0 0 0 0 0 0 0 
 0 0 0 0 0 0 0 5 0 0 3 0 0 0 0 0 0 0 5 0 0 0 0 0 0 0 2 0 0 0 0 2 45 50 0 0 12 0 42 0 0 0 0 50 3 0 0 5 0 0 0 0 0 0 48 0 0 4 0 0 0 99 123 112 35 25 258 233 57 48 268 33 66 125 201 38 29 50 28 104 0 0 0 0 0 0 2 0 0 0 0 0 10 1 0 0 0 0 3 1 0 0 0 0 0 0 0 0 0 0 0 0 0 0 0 0 0 0 0 0 0 0 0 0 0 0 0 0 0 0 0 0 0 0 0 0 0 0 0 0 0 0 21 8 0 0 0 14 25 8 0 23 0 29 8 7 53 0 0 0 7 0 0 0 0 0 0 0 0 0 0 0 0 0 0 0 0 0 7 5 8 0 0 0 0 0 0 0 0 8 0 0 0 0 0 0 0 0 0 0 0 0 0 0 0 0 0 0 11 0 0 0 0 0 0 0 0 0 0 0 0 21 37 43 0 0 0 17 15 10 0 1 0 21 9 19 18 29 0 0 5 0 0 12 0 0 0 0 0 0 0 0 0 0 65 0 21 0 0 0 0 0 0 0 0 0 19 0 0 0 7 2 0 0 4 0 0 0 0 0 0 0 0 0 0 1 0 0 0 0 
 4 6 3 3 3 3 3 2 3 5 1 3 3 3 3 3 3 6 3 3 0 0 0 0 0 0 5 0 0 0 0 2 0 0 0 0 0 0 0 0 24 7 0 3 1 0 1 2 0 0 5 5 2 2 0 0 0 4 2 0 99 0 492 62 70 30 82 273 132 35 50 43 52 49 215 216 36 45 243 59 0 0 0 0 0 0 0 0 0 0 0 0 0 0 0 0 0 0 0 0 0 0 0 0 0 0 0 0 0 0 0 0 0 0 0 3 0 0 0 0 0 0 0 0 0 0 0 0 0 0 0 5 0 0 0 0 10 0 0 9 0 0 10 63 0 0 0 10 14 10 4 10 1 0 0 11 9 24 24 1 0 0 0 0 0 0 0 0 0 0 0 0 7 0 0 0 9 0 0 11 0 0 0 0 0 0 0 0 0 0 0 0 0 0 0 0 0 0 0 0 0 0 0 0 4 0 0 0 0 0 0 5 0 0 0 0 0 0 0 0 1 9 31 46 8 0 0 1 36 30 49 27 0 0 0 24 25 14 5 0 0 0 6 0 0 0 0 0 0 0 0 0 0 0 9 0 0 0 0 0 0 0 0 0 0 0 38 3 0 0 7 0 2 0 0 0 0 0 0 0 0 0 0 0 0 1 0 0 0 0 
