 0 173 60 50 49 41 459 522 36 66 35 36 57 198 409 241 38 26 254 436 0 2 1 2 0 5 0 2 0 0 1 3 0 0 3 0 17 2 0 0 0 61 0 3 0 0 0 0 0 1 2 3 3 0 0 3 0 0 0 0 0 1 0 0 9 0 0 0 0 0 2 0 0 3 0 0 0 0 35 0 44 7 9 1 0 0 17 64 15 11 0 0 0 34 26 0 22 0 0 0 0 0 0 0 6 0 0 0 0 0 0 0 0 0 0 0 0 0 0 0 0 0 0 0 0 21 12 0 0 0 0 0 0 0 0 0 0 0 0 0 0 0 0 0 0 0 0 0 0 0 0 0 0 0 0 0 0 0 0 0 36 12 11 0 6 0 15 34 14 8 0 0 0 6 11 20 0 34 0 0 0 2 0 0 0 0 0 0 0 0 0 0 0 0 0 0 7 0 0 0 0 0 0 0 0 0 0 0 0 0 0 0 0 0 0 0 10 0 0 0 0 0 0 14 0 0 0 0 0 0 0 11 0 0 3 0 0 0 10 0 0 0 0 0 0 0 1 0 0 2 0 14 1 0 0 0 0 0 0 0 0 0 0 0 0 0 9 0 0 0 0 0 0 0 0 0 0 0 0 0 0 0 0 10 0 0 0 0 0 0 
 173 0 361 162 45 256 332 408 284 56 250 25 277 158 637 306 222 123 268 60 0 4 0 3 0 2 0 2 3 1 0 3 40 2 2 3 0 0 0 0 0 0 0 1 0 0 0 0 0 0 2 2 0 0 0 3 0 0 0 0 0 3 0 3 0 0 0 0 0 0 3 0 0 2 0 0 0 0 2 0 1 73 45 8 0 1 1 8 9 30 0 0 0 0 13 41 25 40 0 0 0 0 0 0 0 0 0 0 0 0 0 0 0 0 0 0 0 0 0 1 0 0 0 0 0 0 0 0 0 0 0 0 0 0 0 0 0 20 0 0 0 0 1 0 6 0 0 0 0 0 0 0 0 1 0 0 0 0 0 0 14 26 10 13 9 0 0 21 19 25 15 0 2 23 30 48 1 60 0 1 0 0 0 0 0 2 0 0 0 0 0 0 0 0 0 0 0 0 0 0 0 0 0 0 1 0 0 0 0 0 0 0 0 0 1 0 0 0 0 0 0 0 0 0 0 0 0 0 0 0 0 0 1 0 0 0 0 0 0 0 0 1 0 0 0 2 1 2 4 1 1 6 39 0 0 0 0 0 0 0 0 9 0 0 0 0 0 0 0 0 0 0 0 0 0 0 0 11 0 0 0 0 0 0 0 0 0 0 0 0 
 60 361 0 304 51 35 282 114 358 445 48 71 74 258 60 185 477 399 27 34 0 2 7 2 0 3 0 1 76 0 0 4 0 0 1 0 0 0 0 0 0 0 0 3 0 0 34 0 0 6 2 0 0 0 0 3 0 0 0 0 0 2 0 0 0 7 0 0 0 0 2 0 1 2 0 0 3 0 3 0 0 48 42 29 1 11 0 0 43 21 18 7 4 0 7 40 35 53 0 0 0 0 0 0 0 15 0 0 0 0 0 0 0 0 0 0 0 0 0 0 0 0 0 0 0 0 0 0 0 0 0 0 0 0 2 0 0 0 0 0 0 0 0 0 0 0 25 0 0 0 0 0 9 0 21 0 0 0 0 0 0 8 24 22 17 0 0 1 28 18 29 9 0 7 11 39 42 0 0 0 0 0 0 0 0 1 0 0 0 0 0 0 0 0 0 0 0 0 1 0 0 0 0 0 0 0 0 0 0 0 0 0 0 0 0 0 0 0 0 0 0 0 0 0 1 0 0 0 0 0 0 0 0 0 13 0 0 0 0 0 0 11 0 0 0 0 4 0 2 2 0 8 16 0 0 0 0 0 0 0 0 0 0 0 0 0 0 0 0 0 0 0 0 6 0 20 1 10 0 0 0 0 0 0 0 0 0 0 0 0 
 50 162 304 0 83 22 98 293 282 266 160 211 63 132 217 222 387 222 295 59 2 2 81 3 0 5 0 3 0 1 0 2 0 0 2 0 0 1 0 0 1 0 0 3 0 0 0 0 0 0 2 4 0 0 0 3 0 0 0 0 0 3 0 2 0 0 0 0 0 0 3 0 0 2 0 0 0 0 3 0 2 25 15 22 16 26 0 0 0 11 36 15 0 0 0 40 22 14 0 1 0 0 0 0 0 0 0 1 0 0 0 0 1 0 0 0 0 2 11 1 0 0 0 0 1 0 0 1 0 0 0 0 0 0 11 0 0 2 0 0 14 0 0 0 0 0 0 0 0 0 0 1 0 1 0 0 0 0 0 0 0 16 24 19 21 10 0 6 24 10 1 0 0 0 12 27 22 15 0 0 0 0 0 0 0 0 0 0 2 0 0 0 0 0 0 0 0 0 7 0 0 0 15 0 0 0 0 0 0 0 0 0 0 2 0 0 0 0 0 0 0 0 2 1 0 0 0 0 0 0 0 0 0 0 0 0 0 0 0 1 0 0 0 0 0 2 1 0 0 9 2 10 0 0 0 0 0 0 0 0 0 0 0 0 0 0 0 0 0 0 0 0 0 0 0 13 17 31 0 0 0 0 0 0 0 0 0 0 0 0 
 49 45 51 83 0 656 266 53 63 87 78 312 354 270 53 45 56 40 44 276 0 6 0 3 0 5 0 0 1 0 0 3 0 0 1 3 2 3 79 4 3 63 52 5 0 0 0 3 0 2 2 0 0 5 3 3 0 2 0 0 1 3 0 3 0 4 0 0 0 0 8 3 0 4 0 3 0 2 2 0 0 0 0 1 28 23 0 12 1 0 2 13 0 0 0 0 0 18 0 1 1 0 0 0 0 0 49 0 12 0 0 0 21 0 21 0 0 0 45 16 0 0 0 0 0 0 0 0 0 0 0 0 0 0 0 0 0 0 0 0 0 0 0 19 0 0 0 0 0 0 0 0 0 5 0 0 0 0 0 0 0 0 5 1 20 69 0 0 0 8 0 2 0 0 0 0 0 0 0 0 50 0 0 0 0 0 14 0 0 0 0 1 12 0 0 0 0 0 23 25 0 2 13 0 0 0 0 2 0 0 0 0 0 0 0 0 0 10 0 0 0 0 0 0 0 0 0 0 0 2 0 0 0 0 0 0 2 0 0 0 0 1 0 0 0 2 4 0 3 4 0 20 0 0 0 0 0 0 0 0 0 0 0 0 0 0 0 0 0 0 0 0 0 0 0 0 1 0 0 0 0 0 0 0 0 0 0 0 0 0 
 41 256 35 22 656 0 52 30 47 40 342 36 233 260 51 52 58 56 251 262 0 9 2 3 3 2 0 0 0 0 2 2 3 2 7 0 0 1 312 0 0 60 0 2 0 59 3 0 0 10 2 2 0 0 0 3 0 59 0 0 0 3 0 3 0 4 0 3 0 0 14 0 2 2 0 3 0 1 2 0 0 0 0 0 9 7 2 0 0 0 0 0 0 0 0 0 0 0 0 0 1 0 0 2 0 0 26 13 0 0 0 0 59 1 0 0 1 0 33 56 0 0 0 0 3 0 0 0 0 0 0 0 0 0 0 0 0 0 0 0 5 0 0 1 0 0 0 0 0 0 0 0 0 2 0 0 0 0 0 1 0 0 2 0 65 31 0 0 0 6 0 2 0 0 0 0 0 0 26 0 39 0 0 0 0 0 8 1 0 0 0 0 19 13 1 0 0 0 70 24 0 2 1 0 0 0 2 0 0 0 0 0 0 0 0 0 0 0 0 0 0 2 0 0 0 0 0 31 0 2 0 0 0 0 0 1 0 4 0 0 0 0 0 0 0 4 2 0 2 1 0 9 0 0 0 0 0 0 0 0 0 0 1 0 0 0 0 0 0 2 0 0 47 0 0 0 0 0 0 0 0 0 0 0 0 0 0 0 0 0 
 459 332 282 98 266 52 0 101 57 259 55 334 707 465 50 43 199 27 75 226 0 2 0 3 0 2 0 1 0 7 0 4 0 0 1 2 0 0 0 0 0 0 0 5 0 0 0 0 0 0 2 1 0 0 0 3 5 0 25 0 0 3 0 3 0 0 0 0 0 0 6 50 0 50 0 0 0 0 2 0 40 4 0 0 0 0 45 58 42 1 0 15 0 26 33 0 8 20 12 0 0 0 0 0 0 0 0 0 0 0 0 0 0 0 0 0 0 0 0 0 0 13 0 0 0 0 0 0 0 0 0 0 0 0 0 0 0 0 0 0 0 0 2 0 0 0 0 0 11 0 0 0 0 0 0 0 0 0 0 0 62 30 9 0 1 0 30 3 11 2 0 0 1 14 36 0 0 0 0 29 0 0 0 0 0 1 0 0 0 1 0 0 0 0 0 0 0 0 0 0 0 0 0 0 2 0 0 0 0 0 0 0 0 0 2 0 0 0 0 0 0 0 0 0 0 0 0 0 0 0 0 0 2 8 0 0 0 0 8 0 0 0 0 0 0 1 0 0 2 4 1 18 1 0 0 0 0 0 1 0 0 0 0 0 0 0 0 0 0 0 1 0 0 2 0 0 0 0 0 0 0 0 0 0 0 0 0 0 0 0 
 522 408 114 293 53 30 101 0 285 56 465 46 88 427 252 134 51 39 90 43 0 2 2 3 2 5 0 1 2 0 1 3 0 3 3 0 0 2 0 0 0 0 0 2 0 0 0 0 0 0 4 0 0 2 0 3 0 0 0 0 2 3 0 3 4 0 0 0 0 0 3 66 0 56 0 0 0 0 2 0 12 61 5 21 0 0 0 55 20 13 0 0 0 0 38 22 13 0 0 0 0 0 0 1 0 0 0 0 17 0 0 0 0 0 0 0 0 0 0 0 0 0 0 0 0 0 0 0 0 0 0 0 0 0 0 0 0 0 0 0 0 0 0 0 0 0 0 0 0 0 0 0 0 0 0 0 4 0 0 0 18 14 10 1 15 0 0 30 41 28 20 0 0 1 64 88 15 10 0 0 0 2 0 0 0 0 0 0 0 0 0 0 0 0 0 0 0 0 0 0 0 0 0 0 0 0 0 0 0 0 0 10 0 0 0 0 0 0 0 0 0 0 0 0 2 0 0 0 0 17 0 0 0 0 0 0 0 0 0 0 0 0 0 0 0 0 3 0 4 2 0 3 23 0 0 0 0 0 0 0 0 0 0 0 0 0 0 0 0 0 0 0 0 0 0 0 0 13 0 0 0 0 0 15 0 0 0 0 0 0 
 36 284 358 282 63 47 57 285 0 245 33 24 65 331 257 231 274 235 72 53 0 85 0 3 0 3 0 2 0 0 0 2 0 2 1 4 0 0 0 0 85 0 0 3 0 0 0 0 0 0 2 2 0 0 0 3 0 0 0 0 0 3 0 2 0 0 0 0 0 0 2 0 0 2 0 3 3 0 3 0 0 44 36 56 0 1 0 1 34 28 13 9 0 0 7 62 79 43 0 0 0 0 0 0 0 0 0 0 0 0 0 0 9 0 0 0 0 0 0 0 0 0 0 0 0 0 0 0 0 0 0 0 0 0 0 0 0 0 0 0 0 0 0 0 0 0 0 22 0 0 0 0 0 0 0 0 0 0 0 0 0 20 24 20 25 0 0 0 35 14 18 17 0 2 6 66 16 11 0 0 0 0 0 0 0 0 0 0 0 0 17 0 0 0 0 0 0 0 0 0 0 0 0 0 0 0 0 0 0 0 0 0 0 0 0 9 0 0 0 0 0 0 0 0 0 0 0 0 0 0 0 0 0 0 0 0 0 0 0 0 0 62 0 0 0 3 2 2 0 3 0 2 19 0 0 0 0 0 2 0 0 10 0 0 0 0 0 0 0 0 0 0 0 0 0 15 0 10 0 0 0 0 0 0 0 0 0 0 0 0 
 66 56 445 266 87 40 259 56 245 0 460 341 58 303 277 447 286 73 103 89 0 2 3 3 0 3 0 1 0 0 2 2 30 0 2 0 0 6 2 0 0 0 0 2 0 0 67 0 0 0 2 2 0 0 6 3 0 0 0 0 0 3 0 3 0 0 0 0 0 0 3 1 0 2 0 0 0 0 3 0 0 15 27 67 15 22 0 0 19 21 55 28 0 0 6 41 40 79 0 0 0 0 0 0 0 0 0 0 0 0 0 0 0 2 0 0 0 0 0 1 0 0 0 0 0 2 0 0 0 0 0 0 0 11 0 0 0 0 0 0 0 0 0 0 0 0 0 0 0 0 0 0 0 4 20 0 0 0 0 0 0 21 24 33 17 1 0 0 0 14 30 56 0 3 4 0 41 0 6 0 0 0 0 0 0 0 0 0 0 0 0 0 1 0 0 0 0 0 0 0 0 0 0 0 12 0 0 0 0 0 0 0 0 0 0 0 0 0 0 0 0 0 0 0 1 0 0 0 0 0 0 0 0 0 0 0 0 0 0 0 0 15 0 0 0 0 175 0 6 192 0 18 0 0 0 0 0 0 0 0 0 0 9 0 0 0 0 0 0 0 0 0 0 0 0 46 14 0 0 0 0 0 0 0 0 0 0 0 0 0 
 35 250 48 160 78 342 55 465 33 460 0 574 238 236 37 58 270 457 58 54 40 4 0 3 0 2 0 0 2 0 0 2 0 2 1 2 0 0 0 0 0 0 0 2 0 0 0 0 0 0 2 0 0 0 5 3 0 0 0 0 0 3 0 3 0 5 0 0 0 0 3 0 0 2 0 0 0 0 2 0 0 1 20 39 46 36 0 0 12 10 34 46 0 0 3 22 1 5 0 0 0 0 0 0 0 0 0 0 0 0 0 0 0 0 0 0 0 0 25 15 0 0 0 0 0 0 0 0 0 0 0 0 0 0 14 0 0 0 0 0 0 0 0 6 0 0 0 0 0 0 0 0 0 7 0 0 0 0 0 0 0 0 47 28 16 12 0 0 0 9 23 22 0 2 13 0 32 0 0 0 0 0 0 0 0 0 0 0 0 0 0 0 7 0 0 0 0 14 1 0 0 10 14 0 0 0 0 0 0 0 0 0 0 0 0 0 0 8 0 0 0 0 0 0 0 0 0 0 0 0 0 0 0 0 0 0 0 0 0 0 0 14 0 0 0 6 95 0 1 89 2 14 0 0 0 0 0 0 0 0 0 0 9 55 0 0 0 0 0 0 0 0 0 0 0 17 13 1 0 0 0 0 0 0 0 0 0 0 0 0 
 36 25 71 211 312 36 334 46 24 341 574 0 31 42 54 37 359 153 37 30 0 3 0 3 0 2 0 0 0 0 0 2 1 1 2 0 0 0 1 0 0 0 0 2 0 0 0 0 0 68 2 0 0 0 12 3 0 1 0 0 0 3 0 3 0 5 0 0 0 0 6 0 0 2 0 0 0 0 3 0 0 0 1 33 40 33 0 0 0 13 40 65 0 0 0 1 0 1 0 0 0 0 0 0 0 0 14 13 1 0 0 0 0 2 0 0 0 0 22 10 0 1 0 0 0 0 12 0 0 0 0 0 0 0 0 0 0 0 0 0 0 0 0 3 0 0 0 0 0 0 0 0 0 3 0 0 0 0 0 0 0 1 10 14 18 32 0 0 1 16 46 28 0 0 0 0 27 1 0 2 0 0 0 0 0 0 0 0 0 0 0 0 5 0 0 0 0 0 14 0 2 0 13 0 0 0 0 0 0 0 0 0 0 0 0 0 0 8 0 0 0 0 0 0 0 0 0 0 0 0 0 10 0 0 0 0 11 0 0 0 0 0 0 0 0 0 90 0 0 177 1 106 0 0 0 0 0 0 0 0 0 0 30 0 0 0 0 0 0 0 0 0 0 0 0 8 15 0 0 0 0 0 0 0 0 0 0 0 0 0 
 57 277 74 63 354 233 707 88 65 58 238 31 0 75 38 56 21 35 1033 441 0 2 0 3 2 4 0 2 1 0 3 3 0 2 4 0 0 1 0 5 0 0 0 5 0 1 0 0 0 1 2 5 0 0 0 6 0 0 0 0 1 2 0 0 0 0 0 3 0 0 2 0 0 2 0 0 0 0 3 0 59 0 0 0 2 0 52 17 17 0 14 0 24 57 13 0 9 0 28 33 0 0 0 0 0 0 0 1 0 0 2 0 2 0 14 0 0 2 0 1 0 0 2 0 1 0 0 0 0 0 0 0 1 0 0 0 0 2 0 0 0 2 0 0 0 2 0 0 0 0 0 0 0 0 0 0 0 0 0 0 34 10 0 0 0 0 44 9 0 1 0 0 20 59 11 0 0 1 0 8 0 0 0 0 0 0 0 0 0 0 0 0 2 1 0 0 0 0 0 0 0 0 0 0 0 0 0 0 0 0 10 0 0 0 0 0 0 0 0 0 0 0 0 1 0 0 0 0 0 0 0 0 0 0 0 0 0 0 0 0 0 0 0 0 0 2 0 2 0 0 0 7 0 0 0 0 0 0 0 0 0 0 0 0 0 0 0 0 0 0 0 0 0 0 0 0 0 0 0 0 0 0 0 0 0 1 0 0 0 0 
 198 158 258 132 270 260 465 427 331 303 236 42 75 0 460 28 32 249 303 438 0 2 0 3 0 2 0 2 0 0 1 66 0 0 203 0 0 0 0 49 0 0 0 1 0 0 0 63 0 0 2 3 0 0 0 3 0 0 0 0 0 47 0 3 0 0 0 34 0 22 3 0 0 2 0 0 0 0 2 0 33 12 10 3 0 10 12 54 14 7 0 0 0 30 9 0 26 1 0 0 1 0 0 0 0 0 0 0 0 0 0 0 0 0 0 0 0 0 1 0 0 0 0 0 0 0 0 0 0 0 0 0 0 0 0 0 0 0 0 0 0 0 0 0 0 0 0 0 0 0 0 0 0 0 0 0 0 0 0 0 35 9 2 0 3 0 18 36 2 22 1 0 2 10 8 15 0 31 0 1 0 0 0 0 0 0 0 0 0 0 0 0 0 0 0 0 0 0 0 0 0 0 0 0 0 0 0 0 0 0 0 0 0 0 0 15 0 0 0 29 2 0 0 0 0 0 0 0 0 0 0 0 0 0 1 0 0 0 0 2 0 0 0 0 0 3 2 2 3 0 1 5 2 0 0 0 0 0 0 0 0 0 0 0 0 0 0 0 0 1 0 0 0 0 0 0 0 0 0 0 0 0 0 0 0 0 0 0 0 0 
 409 637 60 217 53 51 50 252 257 277 37 54 38 460 0 75 35 67 79 109 0 2 4 3 2 3 0 1 0 0 1 3 2 0 2 0 0 3 2 0 0 0 0 3 0 0 0 0 0 0 2 0 0 0 0 3 0 0 0 0 0 3 0 1 4 0 37 0 0 0 2 0 0 2 0 0 0 0 3 0 11 38 17 14 0 0 1 89 14 21 2 0 0 0 10 18 12 0 0 0 0 0 0 0 0 0 0 0 0 0 0 0 0 0 0 1 0 0 0 0 0 0 0 0 0 0 0 0 0 0 2 2 0 0 2 0 0 0 0 0 0 0 0 0 0 0 0 0 0 1 0 0 0 0 0 1 0 0 0 0 14 14 9 0 3 0 0 43 34 23 17 0 0 0 29 51 11 33 0 0 0 0 0 2 0 0 0 0 0 0 0 0 0 0 0 0 0 0 0 0 0 0 0 18 0 0 0 0 0 0 0 0 0 0 0 0 0 0 2 0 0 0 10 0 0 0 0 0 0 0 0 0 0 0 0 17 0 0 0 0 0 0 0 0 0 2 0 0 3 0 0 11 15 0 0 0 0 0 0 0 0 0 0 0 0 0 0 0 0 0 0 0 0 0 0 0 0 8 0 0 0 0 0 0 0 0 0 0 0 0 
 241 306 185 222 45 52 43 134 231 447 58 37 56 28 75 0 294 432 41 48 0 2 0 2 0 3 0 1 1 0 0 2 1 0 1 0 0 0 0 0 0 0 0 3 0 0 0 0 0 1 2 0 0 0 0 3 0 0 0 0 0 1 0 0 0 0 0 0 0 0 2 0 2 3 0 0 0 30 3 1 0 58 35 45 1 10 0 1 101 20 38 15 0 0 8 49 15 58 0 0 0 0 0 0 0 0 0 0 2 0 0 0 0 2 0 0 0 0 0 0 0 0 0 0 0 0 0 0 0 0 0 0 0 0 0 0 0 0 0 0 0 0 0 0 0 0 0 0 0 0 0 0 0 0 0 0 0 0 0 0 0 16 19 73 24 0 0 0 25 15 34 32 0 13 24 36 23 0 0 2 0 9 0 0 0 0 0 0 0 0 0 0 0 0 0 12 0 0 1 0 2 0 0 0 0 0 0 0 0 0 0 0 1 0 0 0 2 0 0 0 0 0 0 0 0 0 0 0 0 0 0 0 0 0 0 0 0 0 0 0 0 11 0 0 0 0 2 0 0 2 0 5 22 0 0 0 0 0 0 0 0 0 0 0 0 0 0 0 0 0 0 0 0 0 0 26 3 15 0 0 0 0 0 0 0 0 0 0 0 0 
 38 222 477 387 56 58 199 51 274 286 270 359 21 32 35 294 0 302 26 117 0 4 0 3 0 3 0 1 0 0 0 3 0 3 3 3 0 0 0 0 0 2 0 1 0 0 0 39 0 0 5 0 0 0 0 6 0 0 0 2 0 3 0 3 0 0 0 0 0 0 3 0 1 2 0 1 0 0 2 0 0 66 21 65 12 12 0 1 23 10 46 18 0 0 23 55 23 41 0 0 0 0 0 0 0 0 0 0 0 0 0 0 0 0 0 0 0 0 0 0 0 0 0 0 0 0 0 0 0 0 0 0 0 0 0 0 0 0 0 0 0 0 0 0 0 0 0 0 0 0 0 0 0 0 0 0 0 0 2 0 0 17 23 47 10 0 0 2 13 13 17 16 0 6 30 20 39 4 0 0 0 0 0 0 0 0 0 0 0 1 0 0 0 0 0 0 0 0 0 0 0 0 0 7 0 0 0 0 0 0 0 0 0 0 0 1 0 0 0 0 0 0 0 0 0 0 0 0 0 0 2 0 0 0 0 0 1 0 0 0 0 16 0 0 0 0 0 0 3 175 0 20 0 2 0 0 0 0 0 0 0 0 0 0 0 0 0 0 0 0 0 0 0 1 0 13 35 10 0 0 0 0 0 0 0 0 0 0 0 0 
 26 123 399 222 40 56 27 39 235 73 457 153 35 249 67 432 302 0 35 28 0 2 0 3 0 2 0 1 1 0 0 2 0 0 2 0 34 0 0 0 0 0 0 2 0 0 0 0 0 0 2 2 0 0 6 3 0 0 0 0 0 3 0 3 0 0 0 0 0 0 3 0 0 2 0 0 0 0 3 0 0 15 26 73 14 24 0 0 17 24 51 33 0 0 8 38 30 65 1 0 0 0 0 0 2 0 0 0 1 0 0 0 0 1 0 0 0 0 4 1 0 0 0 0 0 0 0 0 0 0 0 0 0 0 0 32 0 0 1 0 0 0 0 1 0 0 0 0 0 0 0 0 0 4 0 0 0 0 0 0 0 18 25 31 18 1 0 0 2 14 33 55 0 5 4 0 52 1 0 0 0 0 0 0 0 19 0 0 0 0 0 0 1 0 0 0 0 0 0 0 0 0 0 0 0 0 0 0 0 0 0 0 2 2 0 0 0 0 0 0 0 0 0 0 0 0 0 0 0 0 0 0 0 0 0 0 0 0 0 0 0 20 0 0 0 7 174 0 0 178 0 6 0 0 0 0 0 0 0 0 0 0 9 0 0 0 0 0 0 0 0 0 0 0 0 20 15 0 0 0 0 0 0 0 0 0 0 0 0 0 
 254 268 27 295 44 251 75 90 72 103 58 37 1033 303 79 41 26 35 0 96 0 2 0 75 0 3 0 1 0 0 0 4 0 0 0 0 0 0 0 0 0 0 0 3 0 76 0 0 0 0 2 1 0 62 0 4 0 0 37 0 0 2 0 0 0 0 0 0 0 0 2 0 0 2 0 0 0 0 3 0 7 0 0 0 0 0 29 0 1 0 0 0 43 20 10 0 0 0 44 27 0 0 0 0 0 0 0 0 0 0 0 0 0 0 0 0 0 0 1 0 0 0 0 0 0 0 0 0 0 0 0 0 0 0 0 0 0 0 0 0 0 0 0 0 0 3 0 0 0 0 0 0 0 0 0 0 0 0 0 0 9 14 0 0 0 0 32 0 0 13 0 0 16 43 49 0 0 0 34 42 0 0 0 0 0 0 0 0 1 0 0 0 0 0 0 1 0 34 0 0 0 0 0 0 0 0 0 0 0 0 0 0 0 1 0 0 0 0 0 0 2 0 0 0 0 0 0 0 0 0 0 0 0 0 1 0 0 0 0 2 0 0 0 0 0 2 0 2 0 0 2 19 0 0 0 0 0 0 0 0 0 0 0 0 0 0 0 0 0 0 0 0 0 0 0 0 0 0 0 0 0 0 0 0 0 0 0 0 0 0 
 436 60 34 59 276 262 226 43 53 89 54 30 441 438 109 48 117 28 96 0 1 2 0 3 0 4 0 3 0 0 0 5 2 0 0 0 0 0 76 76 0 0 0 2 0 0 0 0 0 0 2 1 0 3 0 3 0 2 0 0 0 3 0 3 0 0 0 0 0 0 3 0 0 2 0 0 0 0 2 0 94 0 1 0 0 0 49 55 11 0 0 0 0 26 32 0 8 0 42 4 2 0 0 0 14 0 0 0 0 16 0 0 0 0 0 0 0 0 0 0 0 0 0 0 14 0 0 0 0 0 0 0 0 0 0 0 0 0 0 0 0 0 0 0 0 0 0 0 0 0 0 0 0 2 0 0 0 0 0 2 63 26 10 0 5 0 19 11 12 0 0 1 0 17 32 1 0 0 0 21 0 0 0 0 0 0 0 0 0 0 0 2 0 0 0 0 0 0 0 0 0 0 0 0 0 0 0 1 0 0 0 0 0 15 14 1 0 0 0 0 0 2 0 0 0 0 0 0 0 0 0 0 0 0 0 0 0 0 0 0 0 0 0 0 0 2 0 2 0 0 0 18 0 0 0 0 0 0 0 0 0 0 0 0 0 0 0 0 0 0 0 0 0 0 0 0 0 0 0 0 0 0 0 0 0 0 0 0 0 2 
 0 0 0 2 0 0 0 0 0 0 40 0 0 0 0 0 0 0 0 1 0 80 50 44 40 247 389 293 198 61 240 245 43 152 270 24 34 52 250 53 1 9 2 0 0 0 0 2 0 3 6 2 0 0 0 0 5 0 0 0 0 0 0 0 0 1 0 3 5 0 0 0 0 2 0 0 0 2 0 0 0 0 0 0 0 0 0 0 0 0 0 0 0 9 0 0 0 0 0 0 30 18 19 0 0 0 12 22 18 11 9 11 0 30 35 24 21 40 0 1 0 0 0 0 0 0 0 0 0 0 0 0 0 0 0 0 0 0 0 0 0 0 0 0 0 0 0 0 0 0 0 0 0 0 0 0 0 9 0 0 0 0 0 0 0 0 3 0 23 0 0 0 0 0 0 0 0 11 6 0 23 21 8 0 0 0 22 25 41 0 0 0 0 31 16 31 22 0 1 0 0 0 0 0 0 0 0 0 0 0 0 0 0 0 0 0 0 14 0 0 0 0 0 0 0 0 0 0 0 0 0 0 0 0 0 0 0 0 0 0 0 0 0 0 0 0 0 0 0 1 0 2 0 0 3 0 2 0 0 0 2 2 0 0 0 0 1 2 0 0 0 0 0 0 0 0 0 0 0 0 0 0 0 0 0 0 0 0 0 0 
 2 4 2 2 6 9 2 2 85 2 4 3 2 2 2 2 4 2 2 2 80 0 656 287 21 46 60 547 389 32 287 243 92 62 400 313 554 46 62 40 0 1 0 2 0 0 3 3 0 0 0 5 2 0 3 0 2 2 0 0 0 0 0 2 5 0 0 0 0 0 0 0 0 0 0 0 0 0 51 0 0 0 0 0 0 0 0 0 0 0 0 0 1 0 0 0 0 0 0 0 20 58 62 33 16 0 16 1 26 56 27 28 0 0 0 11 16 77 0 0 0 0 0 0 6 0 0 0 0 0 0 0 0 0 0 0 0 0 1 0 0 0 24 2 0 0 0 20 0 0 0 0 0 0 0 0 0 0 0 0 0 0 0 0 0 0 4 0 0 0 0 5 0 1 0 2 2 0 1 1 14 29 81 27 0 1 0 0 9 38 85 18 0 0 0 41 36 39 0 0 0 0 1 0 0 0 0 0 0 0 0 1 0 0 0 0 0 0 0 0 1 0 0 0 2 0 0 0 0 0 0 0 3 1 0 0 0 0 2 0 0 0 15 0 0 0 0 0 0 0 0 0 0 0 2 0 2 0 0 0 2 24 0 0 0 0 10 0 0 0 0 0 0 0 0 0 0 0 0 0 0 1 0 0 0 0 12 2 0 0 
 1 0 7 81 0 2 0 2 0 3 0 0 0 0 4 0 0 0 0 0 50 656 0 320 496 26 77 207 277 364 50 41 80 34 60 429 116 456 32 251 0 0 0 2 0 5 0 3 0 0 0 6 2 0 2 0 62 1 0 0 0 0 0 2 6 0 0 0 0 0 0 0 0 0 0 0 0 0 0 0 0 0 0 0 0 6 2 0 0 0 0 0 0 0 0 0 0 0 0 14 0 26 33 63 10 16 0 2 26 29 33 41 0 0 0 20 20 48 0 0 0 0 0 0 4 0 0 0 0 0 0 0 0 0 0 0 0 0 0 0 0 0 4 0 0 0 0 0 0 0 31 0 0 0 2 0 0 0 1 0 1 0 0 0 0 0 4 0 0 0 0 6 0 0 0 0 0 0 0 0 0 31 59 35 7 0 2 0 15 30 75 29 0 0 0 27 32 36 0 0 0 0 0 0 0 0 2 0 0 0 0 0 0 0 0 0 0 0 4 0 0 0 0 0 0 0 0 0 0 13 0 0 15 0 0 0 0 0 0 16 0 0 9 0 0 0 0 0 0 0 0 0 0 0 20 2 0 2 5 2 2 6 0 0 0 0 11 0 0 0 0 0 0 0 0 0 0 0 0 0 0 18 0 0 0 0 8 0 0 0 
 2 3 2 3 3 3 3 3 3 3 3 3 3 3 3 2 3 3 75 3 44 287 320 0 114 47 72 84 73 535 382 213 79 50 71 47 260 259 82 56 0 3 0 2 0 4 0 3 0 0 0 3 210 0 2 0 0 1 208 0 0 0 0 2 3 0 0 42 0 0 0 0 11 0 0 0 0 0 0 0 0 0 0 0 0 0 0 0 0 0 0 0 15 10 0 0 0 0 4 15 0 0 1 17 31 26 0 0 0 0 31 9 0 0 0 0 0 0 0 0 0 0 0 0 0 0 0 0 0 0 0 0 13 0 0 0 0 0 18 17 0 0 0 0 0 0 0 0 0 0 0 0 0 8 0 0 0 0 0 0 0 0 0 0 0 0 2 6 0 0 0 0 7 11 0 0 0 0 8 0 0 0 0 12 48 19 0 0 0 6 0 23 0 0 0 13 13 15 0 0 1 0 0 0 0 0 0 0 0 0 0 0 0 0 0 0 0 0 0 21 0 11 0 0 0 14 0 0 2 0 0 0 10 0 0 0 0 0 0 0 0 0 0 0 0 0 0 0 0 0 0 0 0 0 4 3 0 45 64 3 17 2 0 0 0 0 0 0 0 0 0 0 0 0 0 0 0 0 0 0 0 14 0 0 0 0 0 0 0 0 
 0 0 0 0 0 3 0 2 0 0 0 0 2 0 2 0 0 0 0 0 40 21 496 114 0 385 50 301 235 82 203 292 96 52 195 86 146 107 105 364 0 0 0 2 1 0 0 3 0 0 0 4 3 0 2 0 0 0 1 0 0 0 0 2 3 0 6 0 0 0 0 0 30 0 6 0 0 0 0 0 0 0 0 0 0 0 0 0 0 0 0 0 0 0 0 0 0 0 0 0 0 0 0 0 0 34 0 1 0 0 19 11 0 0 13 0 0 0 0 0 2 0 0 0 0 0 1 2 0 0 0 0 57 53 1 0 0 0 30 24 0 0 2 0 2 0 0 0 0 0 1 0 0 0 1 7 0 0 0 0 4 0 0 0 0 0 0 4 0 0 0 0 2 0 2 0 0 0 0 0 6 0 0 12 29 63 0 0 0 0 0 0 0 0 2 1 0 1 0 0 1 0 0 0 0 0 2 0 0 0 0 0 19 23 1 0 0 0 25 49 0 0 0 0 0 0 0 0 0 0 0 0 0 0 6 0 0 0 15 0 0 0 0 0 0 0 0 0 0 0 0 0 0 0 9 2 0 3 3 3 3 2 0 0 0 21 0 0 0 0 0 0 0 0 0 0 0 0 0 0 0 2 0 0 0 0 0 0 0 0 
 5 2 3 5 5 2 2 5 3 3 2 2 4 2 3 3 3 2 3 4 247 46 26 47 385 0 248 48 55 37 507 253 42 56 263 66 86 62 46 55 0 0 0 2 0 0 0 3 0 0 0 4 2 0 2 0 0 0 193 8 0 0 0 3 7 0 3 0 0 0 0 0 3 0 3 0 0 0 0 0 0 0 0 0 0 0 0 0 0 0 0 0 2 0 0 0 0 0 0 0 0 0 26 0 0 18 0 0 0 0 0 10 0 0 0 0 0 0 0 0 45 0 0 0 0 0 25 0 0 0 0 0 54 27 0 0 19 0 22 24 0 0 0 0 0 0 0 0 0 0 0 6 0 0 0 4 0 0 0 0 4 0 0 0 0 9 0 1 0 0 0 0 0 0 0 0 0 0 0 4 0 0 0 1 6 19 0 0 0 0 0 0 0 0 0 0 0 0 0 0 20 0 0 0 0 0 49 11 0 0 0 0 55 17 14 0 0 0 23 30 0 0 0 0 0 0 0 0 0 0 0 0 0 0 0 0 0 0 13 0 0 0 0 0 0 0 0 0 0 0 0 0 0 0 4 1 1 4 0 0 1 0 0 0 0 0 0 0 0 0 0 0 0 0 0 0 0 0 0 0 0 1 0 0 0 0 0 0 0 0 
 0 0 0 0 0 0 0 0 0 0 0 0 0 0 0 0 0 0 0 0 389 60 77 72 50 248 0 69 52 61 269 242 428 351 251 36 31 22 49 386 11 1 0 64 0 0 0 3 0 2 0 4 2 0 1 0 0 0 0 0 0 0 0 3 2 1 0 3 1 0 0 0 0 17 0 0 0 0 0 0 0 0 0 0 14 0 0 0 0 0 0 0 0 0 0 0 0 0 0 0 28 10 0 0 0 0 10 39 29 2 0 0 2 47 57 38 16 0 0 0 0 0 0 0 0 0 0 0 0 0 0 0 0 0 0 0 0 0 0 0 0 0 0 0 0 0 0 0 0 0 0 0 0 0 0 0 0 6 0 0 0 0 0 0 0 0 2 0 6 0 0 0 0 0 0 0 0 2 1 0 10 38 0 0 0 0 31 56 27 0 0 8 63 43 47 9 0 0 7 21 0 0 0 0 0 0 0 0 0 0 0 0 0 0 0 0 0 0 0 0 28 0 0 0 0 0 0 12 0 0 0 0 0 0 0 0 0 0 0 0 0 0 0 0 0 0 0 0 0 0 0 0 0 0 4 0 0 0 0 0 2 0 0 0 0 0 0 0 0 0 0 0 0 0 0 0 0 0 0 0 0 0 0 0 0 0 0 0 0 0 
 2 2 1 3 0 0 1 1 2 1 0 0 2 2 1 1 1 1 1 3 293 547 207 84 301 48 69 0 151 40 90 27 112 300 137 111 245 43 77 93 3 0 3 4 2 4 0 5 3 63 0 26 2 206 2 0 2 0 2 0 0 0 1 2 52 0 0 0 1 0 0 0 3 3 0 0 0 3 0 3 0 0 0 0 0 0 0 0 0 0 0 11 0 0 0 0 0 0 0 0 13 50 23 9 0 0 11 18 51 3 0 10 0 2 23 21 23 20 0 0 0 0 0 0 0 0 0 0 0 0 0 0 0 0 0 0 0 0 0 0 0 0 0 0 0 0 0 0 0 0 0 0 0 0 15 0 0 0 0 0 0 0 0 0 0 0 9 0 15 0 0 0 0 0 0 0 0 14 5 0 0 15 27 0 0 0 16 14 51 9 14 0 1 3 34 17 31 15 0 0 0 0 0 0 0 0 0 7 0 0 0 0 0 0 0 0 0 0 0 0 0 0 0 0 0 0 0 0 0 0 0 0 0 0 0 0 0 0 0 0 0 0 7 0 0 0 0 0 9 0 0 0 0 0 5 0 0 0 0 2 1 0 0 0 0 0 0 0 0 0 0 0 0 0 0 0 3 0 0 0 0 0 0 0 0 0 3 0 0 1 
 0 3 76 0 1 0 0 2 0 0 2 0 1 0 0 1 0 1 0 0 198 389 277 73 235 55 52 151 0 321 52 251 128 289 186 198 205 288 88 264 0 0 0 2 0 2 0 3 0 0 1 4 2 0 2 0 0 0 0 0 0 0 0 2 3 0 0 0 0 0 0 0 0 0 0 0 48 0 0 0 0 0 0 0 2 0 0 0 0 0 0 0 0 0 0 0 25 0 0 0 1 29 27 40 14 15 0 0 23 43 58 48 0 0 1 15 15 50 0 0 1 0 0 0 0 0 0 0 2 0 0 0 0 1 11 0 0 0 0 0 0 0 5 0 0 4 18 0 0 1 0 0 0 0 0 1 0 10 0 0 0 2 0 0 0 0 4 0 0 0 0 24 0 0 0 0 0 3 0 0 0 24 32 58 33 0 0 0 18 38 46 28 0 0 0 50 80 17 0 0 0 0 0 0 0 1 0 0 0 0 0 0 0 0 0 0 0 12 0 0 0 0 0 0 0 0 0 0 5 0 0 1 10 0 0 0 0 18 0 0 0 0 11 0 0 0 0 0 0 0 0 1 0 0 6 2 0 1 4 1 2 17 0 0 0 0 10 0 0 0 0 0 0 0 0 0 0 0 0 0 0 15 0 2 0 0 16 0 0 0 
 0 1 0 1 0 0 7 0 0 0 0 0 0 0 0 0 0 0 0 0 61 32 364 535 82 37 61 40 321 0 631 48 50 144 106 334 345 331 91 109 0 2 0 2 0 3 0 3 0 0 0 5 2 0 1 0 64 0 0 0 0 0 0 2 2 0 0 51 1 0 6 1 0 0 0 0 0 0 0 0 0 1 0 0 0 0 0 0 0 0 0 0 0 0 0 0 0 0 2 0 0 0 15 85 68 27 0 0 40 33 16 37 0 0 0 10 7 32 0 0 0 0 0 1 0 0 1 0 0 0 0 0 5 0 0 0 0 0 10 0 0 0 2 0 0 0 0 0 0 0 0 0 0 6 0 1 0 0 0 0 0 0 0 0 0 0 0 1 0 2 0 43 0 0 0 0 0 0 0 0 0 14 12 35 8 0 0 0 0 32 48 45 0 0 0 27 25 47 0 0 0 0 0 0 0 0 0 0 18 0 0 0 0 0 0 0 0 0 8 0 0 0 0 0 0 0 0 0 0 0 0 0 0 0 0 0 0 0 12 0 0 19 12 0 0 82 0 0 0 0 0 0 0 0 7 5 2 155 150 0 19 16 0 0 0 0 9 0 0 0 0 2 0 0 0 0 2 1 0 0 0 20 0 0 0 0 13 32 0 0 
 1 0 0 0 0 2 0 1 0 2 0 0 3 1 1 0 0 0 0 0 240 287 50 382 203 507 269 90 52 631 0 521 22 47 88 92 177 347 60 158 0 0 0 2 0 6 0 3 0 0 0 4 2 0 1 0 1 1 0 0 0 0 41 2 2 0 0 41 1 0 0 0 80 0 0 0 0 0 0 0 0 0 0 0 0 0 2 0 0 0 0 0 0 0 0 0 0 0 0 0 0 0 1 35 25 39 0 2 0 0 31 31 0 0 0 1 0 0 0 0 0 0 0 16 0 0 0 0 0 0 0 0 21 0 0 0 0 0 23 14 0 0 0 10 0 0 0 0 14 0 2 0 0 0 2 3 0 0 1 0 1 0 0 0 0 0 0 6 0 0 0 0 0 0 0 0 0 0 0 0 0 0 0 21 25 45 2 0 0 11 0 24 0 0 0 13 29 28 0 0 0 0 0 0 12 0 2 0 0 0 0 0 0 0 0 0 0 0 8 15 0 0 0 0 0 0 0 0 0 0 0 0 18 0 0 0 0 0 0 0 0 0 0 0 0 2 0 0 0 0 0 0 0 0 14 1 2 11 42 2 15 3 0 0 0 0 0 0 0 0 0 0 0 0 0 0 0 0 0 0 0 25 0 0 0 0 0 0 0 0 
 3 3 4 2 3 2 4 3 2 2 2 2 3 66 3 2 3 2 4 5 245 243 41 213 292 253 242 27 251 48 521 0 30 25 30 74 88 271 27 56 0 0 0 2 0 0 0 3 0 0 0 5 2 0 2 0 0 0 0 2 0 1 0 2 3 1 0 68 0 0 0 0 0 0 0 0 51 1 0 0 0 14 0 0 0 0 0 0 0 0 0 0 0 0 0 0 0 0 0 0 1 0 0 0 41 27 14 0 1 0 17 2 0 0 0 0 1 0 0 0 1 33 0 0 0 0 0 0 0 0 0 0 40 0 0 0 0 0 35 72 0 0 0 0 0 0 0 0 0 0 10 0 0 0 0 5 0 0 0 0 25 0 0 0 0 0 2 7 0 0 0 0 0 0 0 0 0 0 0 0 0 0 0 25 40 17 0 0 0 0 0 9 0 0 0 0 24 12 0 0 0 0 0 0 0 0 1 0 0 0 0 0 17 0 0 7 0 0 45 40 0 0 0 0 0 0 0 0 1 0 0 0 0 0 0 0 0 0 5 0 0 0 0 0 0 0 0 0 0 0 0 0 0 0 11 0 0 75 162 6 14 0 0 0 0 0 0 0 0 0 0 0 0 0 0 0 0 0 0 0 0 12 0 0 0 0 0 0 0 1 
 0 40 0 0 0 3 0 0 0 30 0 1 0 0 2 1 0 0 0 2 43 92 80 79 96 42 428 112 128 50 22 30 0 98 45 53 34 35 430 186 5 0 0 2 0 0 0 3 0 2 0 5 2 0 2 0 0 1 0 0 2 0 0 51 5 2 0 2 0 1 2 4 0 4 0 4 4 0 0 0 0 0 0 5 0 0 0 0 0 0 0 0 0 0 0 0 0 0 0 0 28 0 0 0 0 0 18 13 0 0 0 0 21 37 18 24 27 0 13 66 0 0 0 0 0 0 0 0 0 0 0 0 0 0 0 0 0 0 0 0 15 0 0 0 0 0 0 0 0 0 0 0 0 0 0 0 0 6 0 0 0 0 1 0 0 0 4 0 0 0 0 0 0 0 0 0 7 0 7 0 22 7 0 0 0 0 20 33 10 0 0 0 31 46 38 11 0 0 7 40 9 0 0 0 12 0 0 0 0 0 0 0 0 0 0 0 0 1 0 0 0 0 0 0 0 0 0 0 0 0 0 0 0 0 0 0 0 0 0 0 0 0 0 0 0 0 0 0 0 0 0 0 0 0 17 1 2 0 0 0 1 1 0 0 0 0 0 0 0 0 0 0 0 0 0 0 0 11 0 0 0 0 0 0 0 0 0 0 0 0 
 0 2 0 0 0 2 0 3 2 0 2 1 2 0 0 0 3 0 0 0 152 62 34 50 52 56 351 300 289 144 47 25 98 0 352 244 28 26 80 325 2 5 0 2 0 0 0 3 0 0 0 5 8 0 2 0 0 2 4 0 0 0 0 3 3 0 0 2 0 0 0 0 0 0 0 0 0 0 0 0 0 0 0 0 0 0 0 0 0 0 0 0 1 0 0 9 0 0 0 11 37 26 15 1 0 0 14 31 15 23 9 1 0 28 41 40 19 30 0 0 0 0 0 0 0 0 0 0 0 0 0 0 0 0 0 0 0 0 0 0 0 0 0 2 0 0 0 0 0 0 0 0 0 0 0 0 0 0 0 0 0 0 7 0 0 0 4 0 6 0 0 0 0 1 0 2 2 5 28 1 19 18 10 0 0 0 29 22 29 0 1 0 0 25 8 23 12 0 1 0 0 0 1 0 0 0 0 0 0 0 0 0 0 7 0 0 0 0 0 0 1 0 0 0 2 0 0 0 0 0 0 0 9 1 0 0 0 0 2 0 0 0 0 0 0 0 0 0 0 0 0 0 0 0 19 0 0 0 0 3 3 0 0 0 0 0 0 0 0 0 0 0 0 0 0 0 0 0 0 0 0 0 0 0 0 0 0 0 0 0 
 3 2 1 2 1 7 1 3 1 2 1 2 4 203 2 1 3 2 0 0 270 400 60 71 195 263 251 137 186 106 88 30 45 352 0 365 27 91 94 175 0 1 0 4 0 0 0 3 1 0 0 7 4 0 2 3 0 3 1 0 0 0 1 2 9 2 0 3 1 0 0 1 51 0 0 0 0 0 0 0 0 0 0 0 0 0 0 13 0 0 0 0 0 0 0 0 0 0 0 0 8 85 26 9 0 0 0 28 87 2 10 14 0 28 47 0 11 21 0 0 0 0 0 0 0 0 0 21 0 0 0 0 0 0 0 0 0 0 0 0 0 0 18 0 2 0 0 0 0 0 1 0 0 0 1 0 0 0 0 0 0 0 0 0 0 0 4 2 5 0 0 0 2 0 2 8 0 2 3 0 10 19 42 0 0 0 13 12 30 0 16 0 0 2 2 2 33 0 0 0 0 0 0 0 0 0 1 0 0 0 0 0 0 0 0 0 0 0 0 0 0 0 0 0 0 0 0 0 0 0 0 0 18 0 0 0 0 0 0 0 0 0 0 0 0 0 1 0 0 0 0 0 0 0 14 0 0 0 0 0 3 0 0 0 2 0 0 0 0 0 0 0 0 0 0 0 0 0 0 0 0 0 0 0 0 0 1 0 0 0 
 0 3 0 0 3 0 2 0 4 0 2 0 0 0 0 0 3 0 0 0 24 313 429 47 86 66 36 111 198 334 92 74 53 244 365 0 471 294 72 69 4 0 0 2 2 4 0 3 2 4 4 6 2 2 1 3 0 8 0 0 0 6 5 2 2 0 3 0 5 0 6 0 3 53 0 0 12 0 1 1 0 0 0 0 0 0 0 0 0 0 0 0 1 0 0 0 0 0 0 0 0 23 46 36 16 16 0 0 28 26 25 56 0 0 0 18 21 57 0 0 0 0 0 0 0 0 0 0 0 8 0 0 0 0 0 0 0 0 0 0 0 0 4 0 0 0 0 0 0 0 0 0 0 0 0 0 0 0 0 11 10 0 0 0 0 0 4 0 0 0 0 16 0 1 0 2 0 0 2 0 0 23 45 37 7 2 0 0 19 37 54 30 2 2 0 21 51 34 0 0 0 0 0 0 0 0 0 0 0 0 0 2 2 0 0 0 0 0 1 0 0 15 0 0 0 1 0 0 0 0 0 0 12 0 0 0 0 0 0 0 0 0 10 0 0 1 0 0 0 0 0 0 0 0 8 0 2 1 2 1 1 11 0 0 0 0 9 0 0 0 0 0 0 0 0 6 0 0 0 0 0 18 0 0 0 0 15 1 0 0 
 17 0 0 0 2 0 0 0 0 0 0 0 0 0 0 0 0 34 0 0 34 554 116 260 146 86 31 245 205 345 177 88 34 28 27 471 0 397 29 43 0 0 0 2 0 5 0 4 0 0 0 4 2 0 1 0 0 2 3 0 0 0 0 3 3 0 0 0 2 0 0 0 0 0 0 1 1 0 0 0 0 0 0 0 0 0 0 0 0 0 4 0 0 0 0 0 0 0 0 0 0 29 30 44 11 19 0 0 21 47 43 32 0 0 1 20 17 45 0 0 0 0 0 0 0 0 0 0 0 0 0 0 0 0 0 5 0 0 0 0 0 0 5 22 0 0 0 0 0 0 0 0 0 0 0 0 0 0 0 0 0 0 0 0 0 0 5 0 0 0 1 10 0 0 0 0 0 0 0 0 2 57 46 48 8 0 0 0 13 53 81 30 0 0 0 46 43 49 0 0 0 0 0 0 0 1 0 0 0 0 0 0 0 0 13 0 0 0 0 0 0 2 2 18 0 0 0 0 0 0 0 11 10 0 0 0 0 0 0 2 0 0 12 0 0 0 0 0 0 0 0 0 0 0 6 0 0 0 10 0 3 17 0 0 0 0 13 0 0 0 0 0 0 0 0 0 0 0 0 0 0 18 0 9 0 0 9 0 0 0 
 2 0 0 1 3 1 0 2 0 6 0 0 1 0 3 0 0 0 0 0 52 46 456 259 107 62 22 43 288 331 347 271 35 26 91 294 397 0 74 51 0 0 0 2 0 211 0 3 208 0 0 5 2 208 3 0 0 0 0 0 0 0 0 2 3 0 0 42 0 0 0 0 0 0 0 0 0 0 0 0 0 0 0 0 0 0 1 0 0 0 0 0 0 0 0 0 0 0 0 4 0 1 9 43 46 29 0 1 7 38 35 31 0 0 0 7 6 31 0 0 0 0 0 0 8 0 0 1 0 0 5 0 0 0 0 0 0 0 10 0 0 0 0 0 2 0 0 0 0 0 0 0 0 0 1 1 0 0 2 0 0 0 0 0 0 0 0 2 0 0 0 3 14 0 0 0 0 0 0 0 0 13 14 43 8 0 1 0 0 42 69 47 0 0 2 20 12 34 0 0 0 0 0 0 0 0 1 0 0 0 0 0 0 0 0 0 0 0 11 0 0 0 0 0 0 0 0 0 0 0 0 0 0 0 6 0 0 21 0 0 0 0 13 0 0 0 0 0 0 0 0 0 0 0 7 1 4 199 146 2 10 15 0 0 0 0 10 0 22 0 0 0 0 0 0 0 0 0 0 0 0 22 0 0 0 0 12 0 0 0 
 0 0 0 0 79 312 0 0 0 2 0 1 0 0 2 0 0 0 0 76 250 62 32 82 105 46 49 77 88 91 60 27 430 80 94 72 29 74 0 432 3 62 0 2 0 1 0 3 0 4 3 3 2 0 2 0 0 0 0 3 0 0 0 2 3 0 0 0 0 0 0 1 0 7 49 2 0 0 0 0 0 0 0 0 0 9 0 0 0 0 0 0 0 0 0 0 0 0 0 0 18 1 16 0 0 0 21 12 0 0 0 0 48 18 1 0 0 0 47 23 0 0 0 0 0 0 0 2 0 0 12 0 0 0 0 0 0 0 0 0 0 0 0 0 1 0 0 0 0 0 0 0 0 2 2 15 0 5 0 0 0 0 0 0 20 14 0 1 0 1 0 0 0 0 1 0 0 0 0 3 20 0 0 0 0 0 27 26 5 0 0 0 29 9 34 18 0 0 19 53 0 0 0 0 0 0 0 0 0 0 0 0 0 0 0 0 0 1 12 0 0 0 0 0 0 0 0 17 0 0 0 0 0 0 0 0 0 0 0 0 0 0 0 0 0 0 0 0 0 0 0 0 0 0 9 0 1 2 0 0 0 0 0 0 0 0 0 0 0 0 0 0 0 0 0 0 0 0 0 0 0 0 0 0 0 0 0 0 0 0 
 0 0 0 0 4 0 0 0 0 0 0 0 5 49 0 0 0 0 0 76 53 40 251 56 364 55 386 93 264 109 158 56 186 325 175 69 43 51 432 0 4 1 0 5 0 0 0 3 0 9 61 8 2 0 3 3 0 0 0 1 0 1 0 2 3 2 0 15 0 24 1 1 0 6 0 3 0 0 0 0 0 0 0 0 0 0 0 0 0 0 0 0 0 0 0 0 0 0 25 0 47 1 0 0 12 0 38 10 0 0 0 0 31 44 11 28 24 1 25 45 0 0 0 0 0 0 0 0 0 0 0 0 5 0 0 0 0 0 0 0 2 0 0 0 0 0 0 0 0 0 0 0 0 0 0 0 0 4 0 0 0 0 0 0 0 0 0 0 0 0 0 0 0 0 0 0 0 0 1 0 37 12 0 0 0 0 13 41 17 0 0 0 18 43 20 21 0 0 9 40 0 0 0 0 0 0 0 0 0 0 0 0 0 0 0 37 0 0 0 1 0 0 0 0 0 0 0 0 1 0 0 0 0 0 0 0 0 0 11 0 0 0 0 0 0 129 0 0 0 0 0 0 0 0 14 3 0 0 0 2 4 0 0 0 0 0 0 0 0 0 0 0 0 0 0 0 0 0 0 0 0 0 0 0 8 0 0 0 0 0 
 0 0 0 1 3 0 0 0 85 0 0 0 0 0 0 0 0 0 0 0 1 0 0 0 0 0 11 3 0 0 0 0 5 2 0 4 0 0 3 4 0 102 70 58 42 250 318 276 251 60 61 253 95 292 501 65 33 32 46 176 0 0 9 3 0 0 0 0 0 0 0 0 0 0 0 0 0 0 2 0 0 0 0 0 0 0 0 0 0 0 0 0 0 0 0 0 0 0 0 0 0 0 0 0 0 0 0 0 0 0 0 0 7 2 12 0 0 0 2 18 1 33 22 42 0 0 2 36 11 0 0 0 0 0 13 46 30 3 0 3 0 5 0 0 29 0 0 5 0 0 0 11 1 0 0 0 0 0 0 0 0 0 0 0 0 4 0 0 0 0 0 0 12 0 0 0 0 0 0 0 4 10 0 0 0 0 3 3 0 0 0 3 0 7 0 0 0 0 4 16 9 29 27 0 0 0 0 14 41 13 6 9 0 33 8 61 37 3 0 0 0 0 0 0 0 0 0 0 0 0 0 0 0 0 0 0 0 0 0 0 0 0 0 0 0 0 0 0 0 17 0 2 0 2 0 0 0 0 0 10 0 0 0 0 2 3 2 0 0 0 0 0 0 0 0 0 0 0 0 0 0 0 0 0 0 6 0 0 0 0 
 61 0 0 0 63 60 0 0 0 0 0 0 0 0 0 0 2 0 0 0 9 1 0 3 0 0 1 0 0 2 0 0 0 5 1 0 0 0 62 1 102 0 299 279 13 34 69 205 203 44 262 78 80 86 195 199 134 26 64 272 0 0 0 1 0 0 0 0 0 0 0 5 32 0 0 0 1 6 4 4 0 0 0 0 0 8 0 18 0 0 0 0 0 0 0 0 0 0 0 0 0 0 0 0 0 0 10 0 0 0 0 0 9 0 0 0 0 0 0 10 0 73 9 34 0 0 0 0 19 26 77 0 0 0 0 14 23 11 0 0 1 0 13 0 0 0 0 8 0 0 0 0 0 9 8 0 0 0 0 0 0 0 0 0 6 12 0 0 0 0 0 0 5 0 0 6 0 0 0 0 0 0 0 0 0 24 0 0 0 0 0 0 0 0 0 0 0 0 6 11 0 28 20 24 16 4 0 0 2 11 14 0 0 0 0 14 40 10 0 0 3 0 2 0 0 0 9 0 9 0 0 0 0 4 29 45 6 0 1 0 0 0 22 0 0 0 0 0 0 0 0 0 0 0 0 0 0 0 0 12 0 0 0 0 0 14 2 0 0 0 0 0 0 0 0 0 0 0 0 0 0 0 0 0 0 8 0 0 0 0 
 0 0 0 0 52 0 0 0 0 0 0 0 0 0 0 0 0 0 0 0 2 0 0 0 0 0 0 3 0 0 0 0 0 0 0 0 0 0 0 0 70 299 0 333 60 36 46 97 111 251 43 36 90 42 57 88 190 235 46 36 0 2 0 8 4 3 2 0 0 0 5 13 0 2 0 0 2 6 2 0 0 0 0 0 0 0 0 0 0 0 0 0 0 0 1 0 0 0 0 0 0 0 0 0 0 0 0 0 0 0 0 0 0 0 0 0 0 0 0 0 0 15 19 20 20 9 0 0 8 21 31 32 0 0 0 1 0 3 31 0 0 0 0 0 0 0 0 0 0 17 0 0 5 0 0 11 0 0 6 0 0 19 0 0 0 0 0 0 0 0 0 0 2 0 0 7 0 0 0 0 0 0 0 11 0 0 0 0 0 0 0 0 0 0 0 0 0 0 0 0 0 29 10 30 27 9 0 0 0 16 9 26 0 0 0 0 22 21 0 0 0 0 0 0 0 16 0 0 0 0 0 0 0 0 0 0 0 0 1 0 0 0 4 0 0 2 0 0 0 0 0 2 2 0 0 0 0 0 0 1 2 0 1 1 2 16 0 1 0 0 16 0 0 0 0 5 0 0 0 0 0 0 0 0 1 14 0 0 0 0 
 3 1 3 3 5 2 5 2 3 2 2 2 5 1 3 3 1 2 3 2 0 2 2 2 2 2 64 4 2 2 2 2 2 2 4 2 2 2 2 5 58 279 333 0 409 50 284 67 98 297 155 425 82 77 56 491 329 244 72 46 0 0 0 0 0 0 0 0 2 0 0 48 0 0 0 0 6 0 0 0 0 0 0 0 0 0 0 0 0 0 0 0 0 0 0 0 0 0 0 0 0 0 0 0 0 0 0 0 0 0 0 0 0 0 0 0 0 0 0 17 0 0 1 0 24 45 0 0 1 0 1 31 0 0 0 0 0 0 0 0 0 0 0 0 0 0 23 0 0 0 0 0 2 0 0 6 5 0 7 5 0 0 0 0 0 0 0 0 0 0 0 0 0 0 0 0 0 0 0 1 0 0 0 0 0 0 0 0 0 0 0 15 0 11 0 0 0 0 0 0 0 0 0 8 22 25 0 0 0 10 7 40 0 0 0 0 0 0 0 0 0 0 0 0 0 0 7 0 0 0 0 0 7 0 0 0 0 0 26 0 0 0 0 0 0 0 0 0 0 0 0 7 0 3 0 0 0 0 0 0 0 0 17 3 0 1 4 8 2 0 14 0 0 0 0 0 0 0 0 0 0 4 0 0 25 0 0 0 0 0 
 0 0 0 0 0 0 0 0 0 0 0 0 0 0 0 0 0 0 0 0 0 0 0 0 1 0 0 2 0 0 0 0 0 0 0 2 0 0 0 0 42 13 60 409 0 494 26 69 72 125 91 207 89 66 75 54 67 36 275 82 15 0 0 1 0 0 3 0 6 52 0 0 2 0 0 0 0 0 28 0 0 0 0 0 0 0 0 0 0 14 0 0 0 0 0 0 0 0 0 1 0 0 0 0 7 0 0 0 0 0 0 0 0 19 0 0 0 0 0 0 3 3 0 0 12 20 21 1 0 0 0 1 0 3 4 0 0 0 0 1 0 0 0 0 0 0 27 0 0 4 0 0 13 1 0 0 0 0 14 4 0 0 0 0 0 0 0 14 0 0 6 0 1 0 0 0 0 0 0 0 0 0 0 0 0 0 0 25 0 0 0 0 0 0 0 0 0 0 7 0 0 2 0 0 6 32 9 0 0 0 0 1 0 0 11 0 0 0 0 0 0 0 0 0 0 0 18 0 0 0 0 0 12 15 0 0 0 1 35 20 0 0 0 0 0 0 0 0 0 0 0 2 0 1 0 0 0 0 0 1 0 0 4 1 0 3 0 1 1 0 0 0 0 0 0 0 0 0 0 0 0 3 0 0 0 0 0 0 0 0 
 0 0 0 0 0 59 0 0 0 0 0 0 1 0 0 0 0 0 76 0 0 0 5 4 0 0 0 4 2 3 6 0 0 0 0 4 5 211 1 0 250 34 36 50 494 0 18 248 38 42 90 276 23 56 51 78 66 62 52 59 0 0 0 0 0 0 1 1 7 53 0 0 0 0 0 0 0 0 108 0 0 0 0 0 0 0 0 0 0 0 0 0 0 0 0 0 0 0 0 0 1 0 10 1 4 6 0 0 0 1 0 0 0 0 0 0 0 2 0 0 0 0 0 0 0 2 0 0 0 0 0 0 0 0 0 0 0 0 0 0 33 0 0 0 0 6 3 0 0 7 4 0 26 17 10 0 0 0 37 8 0 0 0 17 12 0 0 0 0 0 8 0 0 0 0 0 0 0 13 0 0 0 3 2 0 0 0 0 0 0 2 3 0 0 0 0 6 33 0 0 0 0 0 0 1 8 0 0 0 0 0 0 0 0 0 0 0 0 0 0 15 35 0 0 0 0 21 43 0 0 0 0 39 50 0 0 0 0 21 37 0 0 3 0 0 0 0 0 0 0 0 5 0 0 0 0 0 0 4 1 0 27 0 6 5 5 0 0 5 0 0 0 0 0 0 0 0 0 0 0 0 3 0 0 0 0 0 0 0 0 
 0 0 34 0 0 3 0 0 0 67 0 0 0 0 0 0 0 0 0 0 0 3 0 0 0 0 0 0 0 0 0 0 0 0 0 0 0 0 0 0 318 69 46 284 26 18 0 60 59 46 28 44 404 366 48 34 42 36 69 161 0 0 0 6 0 0 0 0 0 7 5 3 2 0 0 1 1 5 0 0 0 0 0 0 0 0 0 0 0 0 9 0 0 0 0 0 0 0 0 0 0 0 0 0 0 1 1 0 0 0 0 0 0 0 0 0 0 0 0 0 10 31 2 0 4 0 29 66 20 0 1 0 1 1 36 31 6 10 0 24 0 0 0 0 14 3 0 5 0 0 0 13 0 0 11 0 0 0 0 0 0 0 0 0 0 23 0 0 0 0 0 0 1 0 0 0 0 0 0 7 0 0 0 0 0 0 0 0 0 0 0 0 0 0 0 0 0 0 0 9 8 20 1 0 0 0 0 6 58 0 0 0 7 32 20 29 3 19 0 0 0 0 0 0 7 0 0 0 0 0 0 0 0 0 14 0 0 0 0 0 0 0 0 0 0 0 0 0 0 0 0 11 0 0 0 0 0 0 0 0 0 0 0 0 0 2 0 0 0 0 0 0 0 0 0 6 0 0 0 0 0 0 0 0 0 0 0 0 0 0 
 0 0 0 0 3 0 0 0 0 0 0 0 0 63 0 0 39 0 0 0 2 3 3 3 3 3 3 5 3 3 3 3 3 3 3 3 4 3 3 3 276 205 97 67 69 248 60 0 67 250 32 47 119 262 399 48 456 29 56 33 8 0 0 0 0 41 6 0 0 0 0 5 0 7 8 2 2 3 0 1 0 0 0 0 0 22 0 0 0 0 0 0 0 0 0 0 0 0 0 0 0 0 0 0 0 0 9 0 16 0 0 0 0 0 0 0 0 0 0 0 0 20 45 28 1 0 0 8 19 28 28 0 0 0 0 28 41 9 0 0 4 20 4 16 0 0 0 1 10 0 4 15 0 0 0 17 9 5 0 0 0 0 0 0 0 3 0 0 0 0 0 0 5 0 0 8 0 0 0 0 12 0 0 0 0 0 0 0 0 0 0 0 0 0 0 0 0 0 0 0 0 36 39 3 6 1 0 0 32 28 8 1 0 0 0 13 27 17 0 0 0 3 8 0 0 0 0 6 0 10 2 0 0 0 7 0 1 0 0 0 0 0 3 0 0 0 0 0 0 0 0 2 0 2 0 0 0 0 0 28 0 0 2 0 2 0 0 0 0 0 0 0 0 0 0 0 0 0 0 0 0 0 0 0 0 14 0 0 0 0 
 0 0 0 0 0 0 0 0 0 0 0 0 0 0 0 0 0 0 0 0 0 0 0 0 0 0 0 3 0 0 0 0 0 0 1 2 0 208 0 0 251 203 111 98 72 38 59 67 0 273 34 337 96 87 115 136 142 224 73 72 0 0 50 0 0 0 0 0 0 0 0 4 0 0 0 0 5 3 0 0 0 0 0 0 0 0 0 0 0 0 10 0 6 1 0 0 0 0 7 1 0 0 0 0 0 8 0 0 0 0 0 0 0 0 0 0 0 0 0 0 0 0 17 34 31 9 0 0 11 30 29 2 0 0 0 0 0 11 0 0 0 0 0 0 0 0 0 0 0 0 0 0 6 0 0 0 0 0 7 0 0 0 0 0 0 0 0 0 0 0 0 0 4 0 0 2 0 0 5 8 0 0 0 0 0 0 0 0 0 0 0 0 0 0 0 0 12 0 0 0 0 9 12 37 16 10 0 0 1 17 15 29 0 0 0 1 10 14 0 0 0 0 8 0 0 0 0 0 0 0 0 0 0 0 0 0 0 0 0 0 0 8 7 0 0 0 0 0 0 0 0 9 0 2 0 0 0 1 0 0 0 0 10 1 2 8 1 1 0 0 17 0 0 0 0 3 0 0 0 0 0 0 0 0 10 0 0 0 0 0 
 1 0 6 0 2 10 0 0 0 0 0 68 1 0 0 1 0 0 0 0 3 0 0 0 0 0 2 63 0 0 0 0 2 0 0 4 0 0 4 9 60 44 251 297 125 42 46 250 273 0 283 63 51 75 109 309 234 107 64 95 0 0 50 0 0 0 0 2 3 0 0 22 0 0 0 0 5 2 0 0 0 0 9 0 0 3 0 0 0 0 0 0 0 0 0 0 0 0 0 0 0 1 0 0 0 0 0 0 0 0 19 0 5 3 0 0 0 0 16 0 0 0 1 0 23 23 0 1 0 23 4 38 0 0 0 0 0 20 0 0 0 0 0 0 1 0 1 1 0 0 0 0 3 0 0 0 3 0 5 10 8 0 0 0 0 0 0 0 0 0 0 0 0 0 0 1 0 0 0 0 0 0 0 0 0 0 0 1 0 0 0 0 0 0 0 0 0 0 15 4 0 0 0 50 22 20 0 0 0 12 28 21 0 0 0 1 0 32 0 0 0 0 0 0 0 0 0 0 0 0 0 0 0 0 0 0 0 0 18 0 0 0 19 0 0 0 0 0 0 0 0 7 0 0 0 0 0 0 0 3 0 0 64 64 0 12 0 69 0 0 7 0 0 0 0 0 0 0 0 0 0 3 0 0 9 0 0 0 0 1 
 2 2 2 2 2 2 2 4 2 2 2 2 2 2 2 2 5 2 2 2 6 0 0 0 0 0 0 0 1 0 0 0 0 0 0 4 0 0 3 61 61 262 43 155 91 90 28 32 34 283 0 253 16 28 85 387 160 233 45 50 0 0 0 0 0 0 0 0 0 51 0 0 0 0 0 0 6 0 5 0 0 0 0 0 0 0 0 1 0 0 0 0 0 0 0 0 0 0 0 0 0 0 0 0 0 0 0 0 0 0 0 0 0 0 0 0 0 0 0 0 0 0 0 0 41 40 0 0 9 3 1 30 0 0 0 0 0 1 0 0 0 0 0 0 0 0 24 10 0 0 0 0 1 0 0 0 20 0 6 11 0 0 0 0 0 0 0 0 0 0 0 0 0 0 0 0 0 0 0 2 0 0 0 0 0 0 0 0 0 0 0 0 0 0 0 0 0 0 0 0 0 1 0 7 18 29 0 0 0 9 11 56 0 0 0 0 0 2 0 0 0 0 0 0 0 0 6 0 0 0 0 0 8 0 0 0 0 0 9 1 0 0 1 0 0 0 0 0 0 0 0 0 0 0 0 0 0 0 0 11 0 0 3 32 2 5 0 3 5 0 14 0 0 0 0 0 0 0 0 0 0 0 0 0 12 15 0 0 0 0 
 3 2 0 4 0 2 1 0 2 2 0 0 5 3 0 0 0 2 1 1 2 5 6 3 4 4 4 26 4 5 4 5 5 5 7 6 4 5 3 8 253 78 36 425 207 276 44 47 337 63 253 0 53 22 37 51 274 65 243 37 0 0 0 0 0 0 0 0 1 0 0 0 0 0 0 0 7 0 0 0 0 0 0 0 5 1 3 0 0 0 0 0 0 0 0 0 0 0 0 0 0 0 0 0 0 0 0 0 0 0 0 0 0 0 0 0 0 0 0 0 0 0 0 0 10 0 0 0 0 0 0 30 0 0 0 0 0 0 0 0 0 0 0 0 0 0 15 0 0 0 0 0 16 0 0 0 0 0 19 56 0 0 0 0 0 0 0 0 0 0 4 0 0 0 0 0 0 0 0 0 0 0 0 0 0 0 0 0 0 0 0 0 0 0 0 0 0 0 0 0 0 0 0 0 0 12 0 38 0 0 0 10 0 0 0 0 0 0 0 0 0 0 8 0 0 0 0 0 0 0 0 0 16 0 0 0 11 0 33 28 0 0 0 0 0 0 0 0 0 0 0 6 0 0 0 0 0 1 0 17 0 0 0 90 4 10 2 64 1 0 0 0 0 0 0 0 0 0 0 0 0 0 0 0 0 0 0 0 0 3 
 3 0 0 0 0 0 0 0 0 0 0 0 0 0 0 0 0 0 0 0 0 2 2 210 3 2 2 2 2 2 2 2 2 8 4 2 2 2 2 2 95 80 90 82 89 23 404 119 96 51 16 53 0 124 263 40 65 248 614 300 0 0 0 29 7 3 0 0 0 0 1 8 0 0 0 10 0 0 0 0 0 0 0 0 0 0 0 0 0 0 0 0 0 0 0 0 0 0 0 0 0 0 0 0 0 0 0 0 0 0 0 0 0 0 0 0 0 0 0 0 37 48 0 0 0 0 28 26 31 1 0 0 0 10 49 23 0 1 6 21 4 1 0 0 2 0 0 0 0 13 0 6 4 0 0 0 0 0 0 0 0 1 0 0 0 4 0 0 0 0 0 0 0 0 0 0 0 0 0 4 0 0 0 0 0 0 0 0 0 0 0 0 0 0 0 0 0 0 0 0 57 0 0 0 0 0 52 30 20 0 1 0 40 31 19 22 0 0 0 0 0 0 0 0 0 14 0 0 0 0 0 0 0 0 0 0 0 0 0 0 0 0 0 0 0 0 0 0 0 0 0 2 0 0 0 0 0 0 0 2 0 0 0 0 0 2 2 0 0 0 0 0 0 0 0 0 0 0 0 0 0 0 0 0 0 0 0 0 0 0 
 0 0 0 0 5 0 0 2 0 0 0 0 0 0 0 0 0 0 62 3 0 0 0 0 0 0 0 206 0 0 0 0 0 0 0 2 0 208 0 0 292 86 42 77 66 56 366 262 87 75 28 22 124 0 299 45 31 30 108 292 0 0 0 54 0 0 0 0 0 0 0 3 0 0 0 43 0 2 0 0 0 0 0 0 0 0 0 0 0 0 0 0 0 0 0 0 0 0 0 0 0 0 0 0 0 0 0 0 0 0 0 0 0 0 0 0 0 0 0 0 0 43 39 22 0 0 0 28 52 0 4 0 0 0 14 93 75 7 23 0 0 6 0 0 7 9 0 6 0 0 0 30 1 0 0 0 0 0 0 0 0 0 0 0 0 38 0 0 0 0 16 0 7 0 0 0 0 0 0 0 0 0 0 0 0 0 0 0 0 0 0 0 0 0 0 0 0 11 0 3 15 33 46 0 0 0 0 15 100 21 6 0 0 11 7 38 64 2 0 0 0 0 0 0 0 0 0 0 0 0 0 0 0 0 0 0 0 0 0 0 0 0 0 0 0 0 0 0 0 0 0 5 0 0 0 0 0 0 0 21 0 0 0 0 0 0 3 0 2 0 0 0 0 0 0 0 0 0 0 0 0 0 0 0 0 7 0 0 0 0 
 0 0 0 0 3 0 0 0 0 6 5 12 0 0 0 0 0 6 0 0 0 3 2 2 2 2 1 2 2 1 1 2 2 2 2 1 1 3 2 3 501 195 57 56 75 51 48 399 115 109 85 37 263 299 0 169 268 244 81 82 0 0 205 8 0 2 0 54 0 47 1 5 1 0 0 0 2 3 0 0 0 0 0 6 1 5 0 0 4 0 22 5 0 0 0 0 0 0 0 0 0 0 0 0 0 0 0 0 0 0 0 0 0 0 0 0 0 0 0 2 0 7 29 35 1 0 0 9 20 17 29 0 0 0 3 19 31 26 0 0 0 3 0 0 0 0 0 1 0 0 0 0 0 0 1 0 0 0 0 0 0 0 0 4 2 3 0 13 0 0 5 4 4 0 0 6 0 0 0 0 0 0 0 0 0 0 0 0 0 0 0 0 3 0 0 0 0 0 0 0 0 32 19 2 0 0 0 1 25 11 8 0 0 0 0 21 24 29 0 0 0 0 0 0 0 0 0 0 21 0 0 0 0 0 0 0 0 0 0 0 0 6 0 0 0 0 5 0 0 0 0 8 0 1 0 0 0 0 0 16 0 0 13 0 0 2 0 0 0 0 0 0 0 0 0 0 0 0 0 0 0 0 0 0 0 9 0 0 0 0 
 3 3 3 3 3 3 3 3 3 3 3 3 6 3 3 3 6 3 4 3 0 0 0 0 0 0 0 0 0 0 0 0 0 0 3 3 0 0 0 3 65 199 88 491 54 78 34 48 136 309 387 51 40 45 169 0 391 311 41 67 0 0 0 0 0 0 0 0 0 0 0 10 0 0 0 0 3 4 0 0 0 0 0 0 0 14 0 36 0 0 0 0 3 7 0 0 1 0 5 7 0 0 0 0 0 0 0 0 0 0 0 0 0 0 0 0 0 0 0 0 0 0 48 18 22 12 0 1 6 33 23 5 0 0 0 0 0 4 0 19 0 0 0 0 0 0 0 10 0 0 0 0 5 0 0 0 0 0 6 0 0 18 0 0 0 0 0 0 0 0 0 0 30 1 34 15 0 0 0 5 0 0 0 0 18 0 0 0 0 0 0 0 0 0 0 0 0 0 0 0 0 14 12 33 23 11 15 0 0 17 22 40 15 0 0 1 9 20 0 0 0 0 0 0 7 0 0 0 0 0 0 1 0 0 0 0 0 0 2 0 0 0 6 0 0 0 0 0 28 0 0 0 0 2 0 0 0 0 0 0 0 0 1 1 0 17 1 1 0 0 17 0 0 0 0 0 0 0 0 0 0 0 0 0 3 0 0 0 0 0 
 0 0 0 0 0 0 5 0 0 0 0 0 0 0 0 0 0 0 0 0 5 2 62 0 0 0 0 2 0 64 1 0 0 0 0 0 0 0 0 0 33 134 190 329 67 66 42 456 142 234 160 274 65 31 268 391 0 259 452 37 0 0 0 4 2 0 0 0 0 2 7 9 0 0 0 1 3 3 0 0 0 0 0 0 0 0 0 0 0 0 0 0 0 0 0 0 0 0 0 0 0 0 0 0 0 16 0 0 0 0 0 9 0 0 0 0 0 0 0 0 0 0 8 31 21 10 0 0 7 35 50 23 0 11 0 0 3 19 7 0 0 2 0 0 0 1 0 0 0 0 0 0 7 0 0 0 0 0 27 0 0 0 0 0 0 0 0 0 0 0 1 0 0 0 0 2 0 0 0 0 0 0 21 0 0 0 0 0 0 0 0 0 0 0 27 0 0 0 0 0 0 7 13 31 53 3 0 0 0 19 22 12 0 0 0 0 6 24 0 0 0 0 0 0 4 2 0 0 0 0 0 0 0 0 0 0 0 0 32 0 0 0 16 0 0 0 0 0 0 0 0 2 0 0 0 0 0 0 0 0 0 0 1 64 1 19 0 0 2 0 16 0 0 0 0 7 0 0 0 0 0 0 0 0 0 3 0 0 0 0 
 0 0 0 0 2 59 0 0 0 0 0 1 0 0 0 0 0 0 0 2 0 2 1 1 0 0 0 0 0 0 1 0 1 2 3 8 2 0 0 0 32 26 235 244 36 62 36 29 224 107 233 65 248 30 244 311 259 0 257 25 0 0 3 0 0 0 0 0 0 0 0 6 0 0 0 0 4 3 0 0 0 0 0 0 0 0 0 0 0 0 0 0 0 0 0 0 0 0 0 0 0 0 0 0 0 0 0 0 0 0 0 0 0 0 0 0 8 0 0 0 0 0 1 0 30 22 0 1 0 21 6 37 0 0 0 0 1 14 0 20 0 0 0 0 0 0 0 0 0 0 0 0 32 0 0 0 2 0 13 9 0 0 0 0 0 0 0 0 0 9 0 21 0 0 0 1 0 0 8 0 0 0 0 0 0 0 0 0 0 0 0 0 0 0 0 0 0 0 0 0 0 0 0 50 21 41 0 0 0 17 13 23 0 0 0 1 0 11 0 0 0 0 0 0 0 0 0 3 0 0 0 0 0 0 0 0 0 0 18 0 0 0 19 0 0 0 0 0 0 0 0 5 0 0 0 0 0 0 0 0 0 29 63 62 3 14 3 67 0 0 28 0 0 0 0 0 0 0 0 0 0 0 0 0 12 0 0 0 0 0 
 0 0 0 0 0 0 25 0 0 0 0 0 0 0 0 0 0 0 37 0 0 0 0 208 1 193 0 2 0 0 0 0 0 4 1 0 3 0 0 0 46 64 46 72 275 52 69 56 73 64 45 243 614 108 81 41 452 257 0 154 0 0 0 5 1 0 4 0 0 4 14 6 0 16 3 0 0 5 0 0 0 0 0 19 0 0 0 0 0 0 0 0 0 0 0 0 0 0 0 0 0 0 0 0 0 21 0 0 0 0 0 0 0 0 0 0 0 0 0 0 39 37 0 0 0 0 16 14 22 0 0 0 31 84 26 4 0 1 13 21 0 0 0 0 18 3 0 1 0 6 0 6 0 0 0 0 0 0 0 0 2 0 0 0 0 0 0 0 0 0 0 0 0 0 0 0 0 0 0 4 0 0 10 0 11 0 0 0 0 0 0 0 0 0 0 0 0 0 0 0 6 0 0 0 0 0 34 9 0 0 0 0 43 24 33 1 0 0 8 10 0 0 0 0 6 0 0 0 0 0 0 0 0 0 0 0 0 0 0 0 0 0 0 0 0 0 0 0 0 0 0 4 0 0 0 0 0 0 0 0 0 0 0 0 0 4 3 0 0 0 0 0 0 0 0 5 0 0 0 0 0 0 0 0 0 0 0 0 0 0 
 0 0 0 0 0 0 0 0 0 0 0 0 0 0 0 0 2 0 0 0 0 0 0 0 0 8 0 0 0 0 0 2 0 0 0 0 0 0 3 1 176 272 36 46 82 59 161 33 72 95 50 37 300 292 82 67 37 25 154 0 0 3 0 2 0 4 0 0 3 0 0 1 0 0 0 0 0 0 0 0 0 0 0 0 0 0 0 0 0 0 0 0 0 0 0 0 0 0 0 0 0 0 0 0 0 0 0 0 0 0 0 0 0 0 0 0 0 6 0 0 9 33 0 0 0 0 41 48 21 0 1 0 0 2 36 16 3 0 6 7 0 5 0 0 6 12 0 12 0 0 6 11 0 0 0 0 0 0 0 0 0 6 0 0 0 3 0 0 0 0 0 0 0 0 0 0 0 0 0 1 0 0 0 0 18 0 0 0 0 0 0 0 13 0 0 0 0 0 0 0 27 0 0 0 0 0 6 11 21 1 0 0 38 24 25 39 4 2 1 0 0 13 0 0 0 0 0 0 0 0 0 0 0 0 0 0 0 0 0 0 0 0 0 0 0 0 0 0 0 1 0 2 0 0 0 0 0 0 0 0 0 0 0 0 0 2 3 0 0 0 0 0 0 0 0 0 0 0 0 0 0 0 0 0 0 0 0 0 0 0 
 0 0 0 0 1 0 0 2 0 0 0 0 1 0 0 0 0 0 0 0 0 0 0 0 0 0 0 0 0 0 0 0 2 0 0 0 0 0 0 0 0 0 0 0 15 0 0 8 0 0 0 0 0 0 0 0 0 0 0 0 0 111 268 47 42 30 281 143 38 34 206 250 42 78 197 51 34 26 26 110 0 0 0 0 0 0 0 1 0 0 0 0 0 0 0 0 0 0 0 0 0 0 0 0 0 0 0 15 0 0 0 0 0 0 0 0 0 0 9 0 0 0 0 0 0 0 0 0 0 0 0 0 0 0 0 0 0 0 0 0 8 24 19 16 0 0 0 12 16 10 14 8 0 0 8 19 24 26 0 0 0 0 0 5 11 0 0 0 0 0 0 0 0 0 7 0 0 0 0 0 0 0 0 0 0 0 0 0 0 5 0 0 0 0 0 0 0 0 0 0 0 0 0 0 0 0 0 0 0 0 0 0 0 0 0 0 0 0 0 0 1 20 26 0 0 0 1 25 31 25 14 1 0 43 35 3 30 30 0 0 4 0 0 0 0 0 0 0 0 0 0 0 0 0 6 0 0 0 0 0 0 0 0 0 0 0 0 0 0 0 1 0 0 0 0 0 0 0 0 0 0 0 0 0 0 1 0 14 3 0 
 1 3 2 3 3 3 3 3 3 3 3 3 2 47 3 1 3 3 2 3 0 0 0 0 0 0 0 0 0 0 0 1 0 0 0 6 0 0 0 1 0 0 2 0 0 0 0 0 0 0 0 0 0 0 0 0 0 0 0 3 111 0 337 78 41 38 282 171 244 46 27 32 68 523 255 193 393 50 244 273 0 1 0 0 0 0 0 0 0 0 0 0 7 0 0 0 0 0 0 0 0 0 0 0 0 0 0 0 0 0 0 0 0 0 0 0 0 0 0 0 0 0 0 0 0 0 0 0 0 0 0 0 0 0 0 0 0 0 0 0 0 0 16 63 4 8 0 0 20 19 25 8 0 0 0 13 9 12 0 0 0 0 0 0 0 0 3 0 0 0 0 0 0 0 12 0 0 0 0 0 0 0 0 0 0 0 14 0 0 0 0 0 0 0 0 0 0 0 0 0 0 0 0 0 0 0 0 0 0 0 0 0 0 0 0 0 0 0 0 3 0 17 66 34 5 0 0 0 14 20 31 17 0 0 13 14 8 36 0 0 20 0 0 0 0 0 0 0 0 0 0 0 0 0 3 0 0 0 0 0 0 0 0 0 0 0 8 0 0 0 12 2 0 3 1 0 0 0 0 0 0 0 0 0 0 0 0 16 0 0 
