 0 117 66 57 39 123 431 403 27 29 34 53 63 206 389 28 32 56 41 142 72 2 0 75 0 0 0 2 0 0 0 0 8 1 1 0 0 2 2 0 0 0 4 0 3 0 2 12 2 1 0 17 0 3 0 0 2 0 3 2 0 0 0 0 0 0 2 0 0 0 0 39 0 2 0 0 0 0 0 0 25 52 25 16 0 31 17 21 10 21 0 0 1 20 42 58 14 28 0 0 0 0 0 0 0 0 0 0 0 0 0 0 0 0 0 2 0 0 0 0 0 0 0 0 0 0 0 0 0 0 0 0 0 0 0 0 0 0 0 0 0 1 0 3 0 0 1 0 0 0 0 0 2 1 0 0 0 0 0 0 17 56 43 2 0 0 19 27 11 1 0 0 0 71 16 0 11 0 0 10 0 0 0 0 0 1 0 0 0 0 0 0 0 0 0 0 0 0 0 0 0 0 0 0 0 0 0 0 0 0 0 0 0 0 0 0 0 0 0 0 0 12 0 0 0 0 0 0 2 0 0 0 0 0 0 29 0 0 0 0 0 0 0 0 0 0 0 0 1 0 0 6 0 0 0 0 0 0 0 0 0 0 0 0 0 0 2 0 0 0 0 0 0 0 0 1 0 0 0 0 0 0 0 0 0 0 0 0 0 0 
 117 0 445 61 36 249 90 356 323 36 36 51 53 77 415 510 289 247 35 36 20 0 2 1 0 0 0 2 2 0 0 1 4 28 0 0 86 3 0 0 9 1 3 0 0 0 0 9 0 0 0 34 0 3 0 0 0 0 3 2 0 0 0 0 3 0 3 0 0 3 0 0 0 3 0 0 0 2 0 0 15 75 48 23 0 0 0 9 18 24 64 10 0 3 30 92 40 38 0 1 0 0 0 0 0 8 0 0 0 0 0 0 0 0 0 0 0 0 0 0 0 0 0 0 0 0 0 0 0 0 0 2 0 0 0 12 0 0 19 0 0 0 0 3 0 0 0 0 0 0 0 0 0 0 0 0 0 0 0 0 7 27 1 0 0 0 0 8 20 14 20 12 0 0 8 33 12 36 0 0 0 0 0 0 0 0 19 0 0 0 0 1 0 0 0 0 0 0 0 0 0 0 0 0 0 0 0 0 16 0 0 0 0 0 0 2 0 0 0 0 0 0 0 0 0 0 0 0 0 0 0 1 0 0 0 0 0 0 0 0 0 0 0 0 0 0 1 0 0 0 0 8 13 0 0 0 0 0 0 0 1 0 1 0 0 0 0 0 0 0 0 0 0 0 0 8 0 0 0 0 0 0 0 0 0 0 0 0 0 0 
 66 445 0 117 42 37 62 81 116 410 61 17 51 62 60 345 103 373 35 96 2 0 0 4 2 0 1 2 0 1 0 3 3 0 2 0 0 2 0 0 6 1 3 2 0 0 0 82 0 0 0 49 0 3 2 0 3 1 3 2 1 0 0 0 3 0 6 0 2 0 3 0 1 3 0 0 0 1 0 0 0 31 26 53 0 0 0 12 30 11 48 5 0 0 18 8 47 20 0 0 0 0 0 0 0 0 0 0 0 0 0 0 15 0 0 0 0 0 0 0 0 0 0 0 0 0 0 0 0 0 0 0 0 0 0 6 10 0 0 0 0 0 0 0 0 0 0 0 2 0 0 0 0 0 4 0 0 0 0 0 8 0 0 0 0 0 0 1 47 13 30 10 0 0 0 30 23 58 0 1 0 0 0 0 0 0 0 0 0 0 0 0 0 0 10 0 0 0 0 0 0 0 0 0 0 0 0 0 0 0 0 0 0 0 0 0 0 1 0 0 0 0 0 0 0 0 0 0 0 0 0 0 0 0 0 0 0 0 0 0 0 10 0 0 0 0 3 0 3 8 0 12 10 0 0 0 0 0 0 0 0 0 15 0 0 0 0 0 0 0 0 0 0 0 0 30 0 0 0 0 0 0 0 0 0 0 0 0 0 0 
 57 61 117 0 85 137 107 208 169 435 335 309 151 61 87 57 74 609 143 85 0 0 5 3 3 2 0 2 2 0 2 0 3 0 0 0 0 3 3 1 1 3 6 0 7 3 0 63 3 2 0 1 1 3 1 2 0 2 3 2 0 32 0 0 0 0 8 0 0 0 0 0 0 2 0 0 0 1 0 0 0 1 1 27 23 2 0 0 26 6 4 41 1 18 0 0 43 0 0 0 0 6 0 0 0 0 2 0 0 0 0 0 0 0 0 2 0 0 1 0 0 0 0 0 0 0 0 0 0 0 0 0 0 0 0 0 0 0 0 0 0 0 0 0 0 0 0 0 0 0 0 0 5 1 0 0 0 0 0 0 0 0 0 37 24 27 19 11 55 11 30 31 0 0 0 0 16 1 0 0 0 0 0 0 0 0 0 0 0 0 1 0 0 0 0 0 0 0 1 16 0 0 1 1 0 0 0 0 2 0 0 0 0 2 6 55 0 0 0 0 0 0 0 0 14 0 20 1 0 0 0 24 0 0 0 0 0 0 0 0 0 9 0 0 0 2 45 0 0 63 2 4 0 0 0 0 0 0 0 0 0 0 20 0 0 0 2 0 0 1 0 0 0 0 0 8 22 11 0 0 0 0 0 0 0 0 0 0 0 2 
 39 36 42 85 0 513 48 71 79 85 142 310 271 53 68 311 85 44 60 295 0 0 2 4 3 2 0 4 0 0 3 0 5 1 0 0 0 2 2 0 2 0 5 0 2 0 0 3 0 0 3 1 2 3 0 1 0 3 3 2 0 0 0 0 1 3 3 0 0 0 0 0 0 2 0 0 2 0 0 0 0 0 0 1 24 38 0 0 0 5 1 5 2 0 0 0 0 0 0 0 0 0 0 0 0 0 13 0 0 0 0 0 19 0 0 1 0 0 37 37 0 0 0 0 0 0 0 0 0 3 0 0 0 0 0 0 0 0 0 0 0 0 0 0 0 0 0 0 0 0 0 0 7 0 2 0 0 0 0 0 0 0 0 48 50 15 0 2 1 2 12 16 0 0 0 0 0 2 0 0 0 0 0 0 2 0 0 0 0 0 2 0 27 1 0 0 0 0 46 28 0 0 1 2 15 0 0 1 0 0 0 0 0 0 7 0 12 0 0 1 0 0 0 0 0 0 0 2 0 0 0 0 0 0 0 0 0 0 0 0 0 0 0 0 1 2 3 0 3 3 0 9 0 0 0 0 0 0 0 0 0 0 0 0 0 0 0 0 0 1 0 0 0 0 0 16 9 0 0 0 0 0 0 0 0 0 0 0 0 0 
 123 249 37 137 513 0 29 35 90 48 88 57 30 51 70 264 283 278 90 73 0 0 0 1 0 0 0 2 0 2 0 0 3 3 3 0 0 3 305 4 0 1 5 0 3 0 0 3 0 1 0 1 6 3 0 2 0 0 3 2 2 0 2 0 3 0 3 2 1 3 2 0 1 3 0 0 0 2 0 0 0 0 2 0 37 54 0 0 0 1 0 0 0 0 0 0 0 0 0 0 34 0 0 16 0 0 31 56 0 0 0 0 57 0 12 1 0 0 68 80 0 0 0 0 0 0 0 0 0 2 0 0 0 0 0 0 0 0 0 0 14 0 0 0 0 0 0 0 0 0 0 0 0 0 6 0 0 0 0 0 0 0 0 0 13 19 0 0 0 2 0 2 0 0 0 0 0 0 0 0 12 0 0 0 0 0 2 23 0 0 0 0 50 20 1 6 0 0 49 51 0 0 0 0 0 0 0 0 0 0 0 0 0 0 0 0 0 0 0 0 0 0 0 0 0 2 0 0 1 0 0 0 0 0 0 0 0 0 0 0 0 0 0 0 0 0 0 1 2 0 0 26 0 0 0 0 0 0 0 0 0 0 0 0 0 0 1 0 0 0 0 0 0 0 0 0 0 0 0 0 0 0 0 19 0 0 0 0 0 11 
 431 90 62 107 48 29 0 102 65 63 286 31 494 598 78 42 36 48 58 326 1 0 0 5 4 68 0 2 2 2 3 3 4 0 233 3 2 5 0 2 32 0 3 65 6 3 0 7 0 0 69 0 2 3 0 0 2 1 3 4 1 2 0 31 2 0 2 0 3 6 3 0 3 3 5 3 2 2 0 0 39 19 1 0 0 0 78 45 0 0 0 0 13 42 31 18 0 1 0 27 0 0 0 0 0 0 0 0 0 0 0 0 2 0 0 0 0 0 0 0 0 0 1 0 0 0 0 0 0 0 0 0 1 0 0 2 0 0 0 0 0 0 1 5 0 0 6 2 0 2 0 0 0 5 0 0 1 0 0 0 50 41 41 0 0 0 20 32 0 0 1 0 0 57 30 0 9 0 13 14 0 0 0 0 0 0 0 0 1 0 0 0 0 0 0 0 0 0 0 0 0 0 0 0 0 0 0 0 0 0 0 0 0 0 0 0 0 0 0 0 0 0 0 0 14 0 0 0 0 0 0 0 0 0 0 0 0 2 0 0 0 0 0 0 0 0 2 0 2 2 0 12 0 0 0 0 0 2 1 0 0 0 0 0 0 0 0 0 0 0 0 0 0 0 0 0 0 0 0 0 0 0 0 0 0 0 0 0 0 0 
 403 356 81 208 71 35 102 0 179 51 54 77 105 344 148 39 24 32 113 126 0 0 0 6 0 0 0 2 0 0 0 2 2 0 0 0 4 2 79 0 0 0 3 0 3 0 0 3 0 0 0 153 0 3 0 0 0 2 3 2 0 0 0 4 1 0 2 1 0 0 0 0 51 40 0 0 0 0 0 0 12 18 33 21 0 0 0 37 4 10 1 0 0 36 31 21 28 31 0 0 0 0 0 0 0 0 0 0 0 0 0 0 0 0 0 1 0 0 10 0 0 0 0 0 0 0 0 0 0 2 0 0 0 0 0 0 0 0 0 0 0 0 0 36 0 0 0 0 0 0 0 0 0 0 0 0 0 0 0 0 5 29 14 0 0 0 0 27 22 15 1 0 0 16 16 21 23 11 0 0 0 0 0 5 0 0 0 0 0 0 0 0 0 0 0 0 0 0 0 1 0 0 0 0 0 0 0 0 0 0 0 0 0 0 0 0 0 0 0 0 0 15 0 0 0 0 0 0 1 0 0 0 0 0 0 0 0 0 0 0 0 0 0 0 0 0 0 0 3 2 0 7 0 0 0 0 0 0 0 0 0 0 0 0 0 0 1 0 0 0 0 0 0 0 0 14 0 0 0 0 0 0 0 0 0 0 0 0 0 0 
 27 323 116 169 79 90 65 179 0 341 41 267 79 63 84 107 86 397 157 73 0 0 0 3 31 17 0 4 0 0 0 0 2 0 0 0 0 4 0 0 0 63 3 0 3 0 0 3 0 0 0 47 0 3 0 0 0 0 3 2 0 5 0 0 0 0 2 0 0 0 0 0 0 2 0 0 0 0 0 0 0 25 54 47 0 0 0 11 27 19 32 16 0 1 0 14 29 19 0 0 0 0 0 0 0 0 0 0 0 0 0 0 0 0 0 0 0 1 0 0 0 0 0 2 2 0 0 0 0 0 1 0 0 0 0 0 0 2 0 0 0 2 0 0 0 0 0 0 0 0 0 21 0 2 0 0 25 0 0 0 7 1 1 0 0 0 0 0 30 12 58 30 0 0 4 16 16 28 0 0 0 0 0 0 0 0 0 0 0 1 0 0 0 0 0 1 0 0 0 0 0 0 0 22 0 0 2 0 0 0 0 0 0 0 1 0 0 0 0 0 0 0 0 0 0 0 2 0 0 0 0 11 0 0 0 1 0 0 0 0 0 0 0 0 0 0 3 2 0 2 0 9 10 0 0 0 0 0 0 0 0 0 0 0 0 0 0 0 0 0 0 0 0 0 0 14 0 0 0 0 0 0 0 0 0 0 0 0 0 0 
 29 36 410 435 85 48 63 51 341 0 448 170 61 284 78 448 576 204 56 125 0 0 0 2 2 74 0 4 0 0 0 0 4 0 0 0 0 3 0 0 4 0 3 0 0 0 0 3 0 0 0 1 0 3 0 0 0 0 74 65 0 0 0 0 2 0 2 0 0 0 0 0 0 3 0 0 0 0 0 0 0 0 0 36 69 0 0 0 24 27 56 49 0 0 18 12 15 14 0 0 10 0 0 0 0 0 0 0 0 0 0 0 0 0 0 0 0 0 0 0 0 0 0 0 0 0 0 0 0 0 0 0 0 0 0 0 0 0 0 0 0 0 0 0 0 0 0 0 0 0 0 1 0 0 15 0 0 2 0 0 0 0 0 13 0 18 0 0 29 20 33 38 0 0 0 6 7 44 0 0 0 0 0 0 0 0 9 0 0 0 0 0 0 0 0 0 0 0 0 6 0 0 0 0 0 0 0 0 0 0 0 0 0 0 7 0 0 13 0 0 0 0 0 0 0 0 0 0 0 0 0 0 0 0 0 0 15 0 0 0 0 2 0 0 0 5 176 0 0 172 0 23 13 0 0 0 0 0 2 0 0 0 14 0 0 0 0 0 0 0 0 0 0 0 0 13 0 10 0 0 0 0 0 0 0 0 0 0 0 0 
 34 36 61 335 142 88 286 54 41 448 0 315 31 44 491 130 199 828 44 639 0 0 0 2 0 0 0 2 0 0 0 0 3 0 0 0 99 3 1 0 0 0 3 0 2 0 0 3 0 0 0 1 1 3 0 0 0 0 3 2 6 0 0 0 0 0 2 0 0 0 0 0 0 2 0 0 0 0 0 0 0 0 0 32 34 0 0 15 57 36 4 43 0 0 2 0 23 0 0 0 15 0 0 0 0 0 0 0 0 0 0 0 1 24 0 0 0 0 0 0 0 0 0 0 35 0 0 0 0 0 0 0 0 0 0 0 0 0 0 11 0 8 0 0 0 0 0 0 0 0 0 2 0 0 0 0 0 1 0 0 0 0 1 39 29 40 0 0 15 17 42 38 0 0 0 0 11 1 0 0 0 0 0 0 0 0 0 0 0 0 0 0 0 0 0 0 0 0 10 13 0 0 0 0 0 0 0 0 0 0 0 0 0 0 5 0 0 0 0 0 0 0 0 1 0 0 0 0 0 0 20 0 0 0 0 0 0 0 0 0 0 17 0 0 0 0 16 0 3 71 0 9 0 0 0 0 0 0 0 0 0 0 15 0 0 0 0 0 0 0 0 0 0 0 0 25 13 3 0 0 0 0 0 0 0 0 0 0 0 0 
 53 51 17 309 310 57 31 77 267 170 315 0 27 40 33 45 81 163 30 45 0 0 0 2 0 1 0 2 0 0 0 1 3 0 0 0 0 2 0 0 0 0 5 0 1 0 0 3 0 0 0 2 1 3 0 0 0 0 3 10 0 0 0 0 2 0 2 0 0 0 0 0 0 3 0 0 0 0 0 0 0 2 0 16 54 9 0 0 1 27 53 39 0 0 0 0 14 0 0 0 0 0 0 0 0 0 2 0 0 0 0 0 7 11 0 0 0 0 0 9 0 0 0 0 0 0 0 0 0 0 0 0 1 0 0 0 0 0 0 0 0 0 0 0 0 0 0 0 0 2 0 0 0 0 5 0 0 0 0 1 8 2 0 55 34 46 0 0 36 19 14 28 0 0 0 0 11 8 0 0 0 0 0 0 0 0 0 0 31 0 0 0 13 0 0 0 0 0 29 12 0 0 0 0 0 0 0 0 0 1 0 0 0 0 44 0 0 0 0 0 0 0 0 0 0 0 0 0 0 0 0 0 8 0 1 0 0 2 0 0 0 21 0 0 0 0 90 0 2 183 0 7 0 0 0 0 0 0 0 0 0 0 14 0 0 0 0 0 0 0 0 0 0 0 0 15 9 10 0 0 0 0 0 0 0 0 0 0 0 0 
 63 53 51 151 271 30 494 105 79 61 31 27 0 156 54 50 26 37 443 509 0 0 0 0 0 1 2 3 0 0 0 0 4 0 2 0 0 0 0 4 0 3 2 0 6 0 0 0 0 0 3 0 0 0 0 0 2 0 0 0 0 30 0 0 0 1 0 0 2 0 0 0 0 0 1 3 3 0 3 0 26 13 0 0 2 1 21 17 0 0 0 0 12 22 34 1 0 1 13 29 0 0 0 0 0 0 0 0 0 0 0 0 0 0 0 0 0 0 0 0 12 0 0 0 0 0 0 0 0 0 0 0 0 0 0 0 0 0 0 0 0 8 0 0 0 21 7 3 0 0 0 0 0 6 0 0 0 0 0 0 35 0 0 0 0 0 35 2 0 0 0 0 18 27 3 0 0 0 25 22 0 0 0 0 2 0 0 0 0 0 2 0 0 0 0 0 0 0 0 0 0 0 0 2 0 0 0 0 1 0 0 0 0 1 0 0 0 0 0 0 0 16 6 0 0 0 0 2 0 0 0 0 0 0 0 0 0 0 0 0 0 0 0 0 1 1 0 0 0 2 2 10 0 0 0 0 1 0 0 0 0 0 0 0 0 0 0 0 0 0 0 0 0 0 0 1 0 0 0 0 0 0 0 0 3 0 0 0 0 0 
 206 77 62 61 53 51 598 344 63 284 44 40 156 0 637 49 257 34 96 326 0 1 203 2 0 2 0 2 0 0 0 0 3 0 0 0 0 2 0 0 0 0 3 0 3 0 0 5 0 0 0 17 0 3 0 0 0 0 3 2 0 0 0 0 2 0 2 0 0 0 0 0 0 3 0 0 0 0 0 0 31 39 12 0 0 0 16 22 7 14 1 0 0 32 104 19 15 24 0 25 0 0 0 0 0 0 0 0 0 0 0 0 0 0 0 0 0 0 0 0 0 2 0 4 0 1 0 0 0 0 0 0 0 0 0 0 0 0 0 0 0 0 0 13 0 0 2 0 0 0 0 0 0 3 0 0 0 0 0 0 13 71 39 0 0 0 18 80 0 0 0 10 0 24 32 0 11 0 0 10 0 0 0 0 0 0 0 0 0 0 0 0 0 0 2 0 0 1 2 0 0 0 0 0 0 0 0 0 0 0 0 0 0 0 0 0 0 0 0 0 0 0 0 0 0 0 0 0 0 0 0 0 0 0 0 0 0 0 1 0 0 0 0 0 0 0 1 1 2 0 0 110 0 0 0 0 0 0 0 0 0 0 0 0 0 0 0 0 0 0 70 0 0 2 0 1 0 0 0 0 0 0 0 0 0 0 0 0 0 13 
 389 415 60 87 68 70 78 148 84 78 491 33 54 637 0 62 49 97 57 104 2 0 0 3 2 3 0 2 0 0 2 0 7 0 73 0 0 4 0 2 2 1 3 0 2 0 0 17 0 3 0 60 0 3 2 0 0 0 3 2 0 0 0 0 3 2 3 3 0 0 0 0 0 3 0 0 0 2 0 0 35 41 30 14 0 0 23 21 10 8 1 0 0 32 12 35 31 38 0 0 0 0 0 0 0 0 0 0 1 0 2 0 0 0 0 0 0 0 0 0 0 0 0 0 0 0 0 0 0 0 0 0 0 0 0 0 0 0 0 0 0 0 0 4 0 0 0 0 0 0 0 0 0 0 0 0 0 0 0 0 4 37 35 0 0 0 1 46 23 9 1 0 0 35 17 34 24 8 9 12 0 0 0 2 0 2 0 0 0 0 0 0 0 0 0 0 2 0 0 0 0 0 0 0 0 0 0 0 0 0 0 0 0 0 0 0 0 0 0 0 0 1 0 0 0 0 0 0 0 0 0 0 0 0 0 0 0 0 0 2 0 0 9 0 0 10 0 2 0 0 0 10 0 0 0 0 0 0 0 0 0 0 0 0 0 0 0 0 0 0 0 0 0 0 0 35 0 0 0 0 0 0 0 0 0 0 0 0 0 0 
 28 510 345 57 311 264 42 39 107 448 130 45 50 49 62 0 430 420 29 272 0 0 0 1 27 1 0 2 0 0 42 0 3 0 0 0 0 2 0 75 4 2 3 0 2 0 0 12 0 0 0 94 0 3 0 0 0 0 3 2 0 0 0 0 3 0 3 0 0 0 0 0 0 3 0 0 0 2 0 0 0 36 30 58 0 0 0 14 39 12 43 13 13 0 20 10 40 18 0 0 0 0 0 0 0 0 0 0 0 0 0 0 0 0 0 0 0 0 0 0 0 1 0 0 0 2 0 0 0 0 0 0 0 2 0 0 0 0 0 16 0 0 9 0 0 0 0 0 0 0 0 0 0 0 0 2 0 11 0 0 9 1 0 0 0 0 0 0 46 13 35 12 0 0 0 29 24 47 0 0 0 0 0 0 0 0 0 0 0 0 0 0 0 0 1 0 0 2 1 0 0 0 0 0 0 0 0 0 10 21 0 0 0 0 0 10 0 0 0 0 10 0 0 0 0 0 0 0 0 0 2 0 0 0 0 0 0 0 0 0 0 43 0 0 0 2 7 0 2 4 2 6 10 0 0 0 0 0 0 0 0 0 55 0 0 0 0 0 0 11 0 0 0 1 0 15 0 0 0 0 0 0 0 0 0 0 0 0 0 0 
 32 289 103 74 85 283 36 24 86 576 199 81 26 257 49 430 0 317 46 44 1 26 222 2 0 0 0 3 17 36 0 26 5 0 1 22 17 27 76 0 14 0 3 0 2 0 0 12 0 0 0 0 0 3 0 0 0 0 3 2 0 0 0 0 2 0 2 49 0 0 0 0 0 3 0 0 0 1 0 0 0 13 12 35 0 0 0 11 37 18 28 2 0 0 12 0 21 18 0 0 0 0 0 0 2 0 0 0 0 0 0 0 0 0 0 0 0 0 0 0 0 24 0 0 0 0 0 0 0 5 0 0 0 0 0 0 0 0 0 34 0 0 0 0 0 0 0 0 0 0 5 1 0 0 0 0 0 2 0 0 7 0 2 0 0 0 0 1 25 18 24 11 0 0 0 18 11 35 0 26 0 0 0 0 0 0 0 0 0 0 0 0 0 0 0 0 0 0 11 0 0 0 0 0 0 0 0 0 0 0 0 0 0 0 0 0 0 0 0 0 0 0 0 0 0 0 0 0 0 0 0 0 0 0 0 0 0 0 0 9 0 29 0 0 0 2 1 1 0 0 2 5 0 0 0 0 0 0 0 0 0 0 14 0 0 42 0 0 0 0 0 0 0 0 0 14 0 1 0 0 0 0 0 0 0 0 0 0 0 0 
 56 247 373 609 44 278 48 32 397 204 828 163 37 34 97 420 317 0 231 187 0 0 1 2 0 0 0 3 1 0 0 2 4 0 0 0 0 4 0 2 3 0 3 0 1 0 0 3 0 0 0 2 0 3 0 0 0 0 3 2 0 0 0 0 0 0 7 0 0 0 0 0 0 2 0 0 0 0 31 0 0 0 1 46 23 0 0 2 55 18 48 54 0 0 25 12 15 2 0 0 0 0 0 0 0 0 0 0 0 0 0 1 0 0 1 0 0 15 20 0 0 0 0 1 1 0 0 0 2 0 0 0 0 0 2 0 1 0 0 0 0 0 0 0 0 0 0 0 0 0 0 0 0 0 0 0 1 0 0 0 3 0 21 29 0 10 0 0 17 21 42 30 0 0 0 0 19 24 2 0 0 0 0 0 0 0 0 0 0 2 0 0 0 1 0 0 0 0 0 2 0 0 0 0 0 0 0 0 0 0 0 0 0 0 10 0 0 0 0 0 0 0 0 0 0 0 0 0 0 0 0 0 10 0 0 0 0 0 0 0 0 12 0 0 0 0 179 0 1 172 3 4 19 0 0 0 0 0 0 0 0 0 11 0 0 0 0 0 0 0 0 0 0 0 0 14 0 17 0 0 0 0 0 0 0 0 0 0 0 0 
 41 35 35 143 60 90 58 113 157 56 44 30 443 96 57 29 46 231 0 358 0 4 0 2 0 0 0 2 0 0 72 0 3 0 0 0 0 2 2 1 0 0 3 0 3 0 0 3 0 0 0 0 0 3 0 0 0 2 3 2 0 0 0 0 2 0 2 0 0 0 3 2 0 3 0 0 2 0 0 0 28 0 0 0 0 0 29 10 0 0 1 0 43 40 1 0 0 0 10 35 0 0 0 3 0 0 0 0 0 0 0 0 0 0 0 0 0 0 0 0 5 0 0 0 0 1 0 0 0 0 0 0 0 0 0 0 0 0 0 5 0 0 0 0 0 0 6 6 0 0 0 0 0 0 0 0 0 0 0 3 23 0 0 0 0 0 55 0 0 0 0 23 32 14 11 0 0 0 52 46 0 0 0 0 0 0 0 0 0 0 0 0 1 0 2 0 0 1 0 0 0 0 0 0 0 0 0 0 0 0 0 0 0 0 0 0 0 0 14 0 0 0 0 2 0 0 0 0 0 0 0 0 0 0 0 0 0 0 0 0 0 0 0 0 10 0 0 0 2 0 0 87 0 0 0 0 0 0 0 0 0 0 0 0 0 0 0 0 0 0 0 0 0 2 0 0 0 0 0 0 0 0 0 0 0 1 0 0 0 0 
 142 36 96 85 295 73 326 126 73 125 639 45 509 326 104 272 44 187 358 0 0 0 3 2 2 2 4 77 1 4 0 6 4 0 93 0 3 2 3 3 2 2 3 0 2 2 0 3 0 5 8 0 62 3 3 2 3 2 3 8 2 0 0 0 1 2 5 0 2 0 3 0 1 4 0 0 0 0 3 1 30 41 1 0 0 0 28 49 1 7 15 0 7 33 33 4 0 0 13 62 0 0 0 0 0 0 0 0 0 0 0 0 0 0 0 0 0 0 0 0 0 0 0 0 0 0 0 0 0 0 0 0 0 0 0 0 0 18 0 0 0 0 0 16 0 0 9 2 15 0 0 0 0 5 1 0 0 2 0 0 33 11 11 0 0 0 20 1 0 0 1 0 0 20 27 0 0 0 44 7 0 0 0 0 0 0 0 0 0 0 0 0 13 0 0 6 0 0 0 0 0 0 0 0 0 0 0 0 0 0 24 0 0 0 0 0 2 0 0 0 0 0 0 0 0 0 0 0 0 0 0 0 0 0 0 0 0 0 0 0 0 0 0 0 0 0 0 0 2 2 0 10 0 0 0 0 0 0 0 0 0 0 0 0 0 0 0 0 0 0 0 0 0 0 0 0 0 0 0 0 0 0 0 0 0 0 0 0 0 0 
 72 20 2 0 0 0 1 0 0 0 0 0 0 0 2 0 1 0 0 0 0 290 82 68 31 26 378 622 318 40 33 38 54 154 422 32 255 60 69 147 0 0 0 3 0 0 0 1 0 3 0 0 66 0 0 0 3 0 0 0 0 0 0 2 0 0 1 0 2 0 0 2 0 0 0 0 0 0 0 0 0 0 0 0 0 0 2 0 0 0 0 0 0 0 0 0 0 0 0 0 38 35 27 0 0 0 1 0 22 31 15 0 0 51 32 68 21 1 0 1 0 0 0 0 0 0 0 0 0 0 0 0 0 0 0 12 0 0 0 0 2 0 0 0 0 0 0 0 2 0 0 3 0 0 14 0 0 0 0 0 0 0 0 0 0 2 0 0 0 0 0 0 0 2 4 0 0 0 0 0 11 30 29 1 0 0 23 21 30 11 1 0 0 36 30 23 27 4 0 1 0 0 0 0 0 0 0 0 2 0 0 0 0 0 0 0 0 0 0 0 0 0 0 0 0 0 0 0 1 0 0 0 0 0 0 0 0 0 0 0 0 0 0 0 0 0 0 0 0 0 0 0 0 2 11 2 3 0 0 0 1 2 0 0 0 0 0 0 0 0 0 0 0 0 0 0 0 0 0 0 0 0 0 0 0 0 0 0 0 0 
 2 0 0 0 0 0 0 0 0 0 0 0 0 1 0 0 26 0 4 0 290 0 448 71 126 36 289 435 636 39 31 50 63 58 365 233 348 47 56 129 6 0 80 8 0 0 0 1 2 6 0 0 0 0 2 2 6 0 4 2 0 0 0 3 2 1 0 0 2 0 4 5 0 0 0 0 4 2 0 0 0 0 0 0 0 0 0 0 0 0 0 0 0 0 0 0 0 0 31 0 0 0 48 18 1 0 0 1 23 36 34 0 0 7 0 13 42 41 0 0 1 0 0 0 0 0 0 0 0 0 0 0 2 0 0 0 0 0 0 0 3 0 0 0 0 0 0 0 0 0 0 4 0 0 0 0 4 0 0 0 0 0 0 0 0 0 0 0 0 0 0 0 0 0 0 0 0 0 0 0 1 12 58 21 0 0 0 13 24 46 24 12 0 0 0 40 46 37 0 0 0 0 0 0 0 0 0 0 0 0 0 0 0 39 0 0 0 0 2 0 0 0 0 0 0 0 0 4 0 0 0 0 0 0 0 0 0 0 0 0 0 0 11 0 0 0 0 0 0 0 0 0 0 0 12 1 2 1 0 0 11 12 0 0 0 2 15 0 0 0 0 0 0 0 0 0 0 0 0 0 0 12 0 0 0 0 5 0 0 0 
 0 2 0 5 2 0 0 0 0 0 0 0 0 203 0 0 222 1 0 3 82 448 0 322 48 41 58 94 459 402 53 322 78 42 67 250 102 359 40 257 0 0 5 3 0 0 0 1 0 6 3 3 0 0 0 0 3 0 89 0 2 0 0 2 3 0 0 0 2 0 0 2 0 0 0 4 0 0 0 0 0 0 2 0 0 0 0 0 0 0 0 0 0 0 0 0 0 0 0 0 0 0 41 22 1 16 9 8 18 26 26 32 0 0 2 0 32 40 0 0 0 0 0 0 0 0 0 0 0 0 10 2 0 0 0 0 0 0 0 0 1 0 0 0 0 0 0 0 0 0 0 1 0 0 0 0 3 11 0 0 0 0 0 0 0 0 9 7 0 3 0 0 0 0 0 0 0 0 0 0 0 10 46 49 9 25 0 0 10 41 33 20 0 0 0 36 54 102 0 0 0 0 0 0 0 0 0 0 0 0 0 0 0 1 0 0 0 0 0 0 0 0 0 1 0 0 0 0 0 0 0 0 0 0 0 0 0 0 0 0 0 0 10 0 0 0 0 0 0 0 0 0 0 0 9 0 2 3 4 0 18 9 0 0 0 0 24 0 0 0 0 0 0 0 0 0 0 0 0 0 0 16 0 0 0 0 12 0 0 0 
 75 1 4 3 4 1 5 6 3 2 2 2 0 2 3 1 2 2 2 2 68 71 322 0 80 34 63 65 82 443 200 268 51 59 66 52 26 771 182 89 0 0 0 3 0 0 0 2 0 3 0 0 1 0 0 0 3 0 1 0 0 0 0 2 0 25 0 0 2 0 0 6 0 0 0 47 0 2 44 0 0 0 0 0 0 0 0 0 0 0 0 0 0 0 0 0 0 0 0 0 0 0 0 28 49 29 0 0 1 3 10 47 0 0 0 0 1 1 0 0 0 0 0 0 1 0 0 0 0 0 0 0 11 0 0 0 0 0 7 0 1 4 0 0 4 0 0 1 0 0 0 1 0 0 0 0 2 6 0 0 0 0 0 3 0 0 0 6 8 5 0 0 1 0 0 0 0 5 0 0 0 0 13 31 22 23 0 0 0 9 18 29 0 0 0 0 2 13 0 0 10 0 24 0 0 0 0 0 0 0 0 0 9 0 0 0 0 0 19 11 0 8 0 0 0 0 0 0 0 0 0 0 0 0 0 0 0 0 0 0 0 0 0 0 0 0 0 0 0 0 0 0 0 0 143 0 0 66 80 0 0 0 0 0 0 0 0 0 0 0 0 0 0 0 0 0 0 0 0 0 0 7 0 0 0 0 1 0 0 0 
 0 0 2 3 3 0 4 0 31 2 0 0 0 0 2 27 0 0 0 2 31 126 48 80 0 394 62 83 89 112 365 530 161 84 313 100 44 124 74 107 0 0 1 3 59 0 0 2 0 3 0 1 0 0 0 20 3 0 1 0 0 0 0 2 0 4 0 0 2 0 0 2 0 0 0 0 0 51 0 0 0 0 0 0 0 0 0 0 0 0 0 0 0 0 0 0 0 0 0 0 0 0 0 1 27 36 0 0 0 0 2 16 0 0 0 0 0 0 0 0 11 0 0 0 0 0 0 0 0 0 0 0 42 0 0 0 0 0 20 11 0 35 8 0 2 0 0 0 1 9 0 0 0 0 0 0 0 0 0 0 0 0 0 0 0 1 0 0 0 10 0 0 0 1 0 0 0 6 0 0 0 0 0 0 0 19 0 0 0 0 0 17 0 0 0 0 0 0 0 0 22 0 0 0 0 0 29 0 1 0 0 0 18 1 0 11 0 0 33 22 0 0 0 0 0 0 0 0 2 0 0 0 0 0 0 2 0 0 2 0 0 0 0 0 0 0 0 0 0 0 0 0 0 1 13 0 4 2 2 1 3 0 0 0 0 0 0 0 0 0 0 0 0 0 0 0 0 0 0 0 0 0 0 0 0 0 0 0 0 0 
 0 0 0 2 2 0 68 0 17 74 0 1 1 2 3 1 0 0 0 2 26 36 41 34 394 0 41 40 250 274 269 269 28 34 71 72 48 65 33 369 0 0 0 3 0 0 1 1 0 3 0 0 0 0 0 74 3 1 196 11 0 0 0 2 0 7 0 0 2 0 0 2 0 0 0 0 0 2 0 0 0 0 0 0 12 18 0 0 0 0 0 0 0 0 0 0 0 0 0 0 0 0 0 1 14 9 0 0 0 0 0 0 1 0 0 0 0 2 0 0 45 0 0 0 0 0 38 0 0 0 0 0 50 13 1 0 1 0 24 21 0 0 0 0 0 0 0 16 0 3 0 0 0 2 0 0 0 0 0 0 0 0 0 0 0 0 0 2 0 34 0 0 0 0 0 0 1 0 0 0 0 0 2 0 0 20 0 0 0 0 1 13 0 0 1 0 0 0 0 2 29 0 14 14 0 0 61 0 0 0 0 0 39 41 16 0 0 0 26 25 0 0 1 0 0 0 0 3 0 0 0 1 0 0 0 0 0 0 0 0 0 0 0 0 0 0 0 0 0 0 0 0 0 0 16 1 1 1 4 2 10 1 0 0 0 0 0 0 0 0 0 0 0 0 0 0 0 0 0 0 0 0 0 2 0 0 0 0 0 0 
 0 0 1 0 0 0 0 0 0 0 0 0 2 0 0 0 0 0 0 4 378 289 58 63 62 41 0 91 53 47 39 47 318 395 52 242 32 35 76 318 0 3 2 7 0 0 0 1 0 4 3 1 0 0 2 0 6 0 0 3 0 0 0 3 0 1 0 0 10 0 4 2 0 0 0 0 3 6 3 0 0 0 0 0 0 0 0 0 0 0 0 0 0 0 0 0 0 0 0 0 23 53 0 0 0 0 31 14 20 0 0 0 0 41 46 26 16 0 0 12 0 0 0 0 0 0 0 0 0 0 0 0 0 0 0 0 0 0 0 0 1 0 0 0 0 0 0 0 0 0 0 1 0 0 0 0 0 0 0 0 0 0 0 0 0 0 0 0 0 0 0 0 0 0 1 0 0 0 0 0 60 43 0 0 0 0 52 54 22 0 0 1 21 47 43 1 0 1 0 13 0 0 0 0 0 0 0 0 0 0 0 0 0 0 0 0 0 0 0 0 0 0 0 0 0 0 0 0 0 0 0 0 0 0 0 0 0 0 0 0 0 0 0 0 0 0 0 0 0 0 0 0 0 0 20 0 0 0 0 0 0 0 0 0 0 0 0 0 0 0 0 0 0 0 0 0 0 0 0 0 0 0 0 0 0 0 0 0 0 0 
 2 2 2 2 4 2 2 2 4 4 2 2 3 2 2 2 3 3 2 77 622 435 94 65 83 40 91 0 158 36 35 118 90 372 178 117 256 29 55 83 3 0 1 3 3 0 0 1 0 6 0 0 0 0 0 0 3 3 1 0 0 0 1 2 1 2 0 0 2 0 0 2 0 0 0 0 2 0 0 0 0 0 0 0 0 0 0 0 0 0 0 0 0 0 0 0 0 0 0 0 0 13 56 10 0 0 0 0 57 54 10 0 0 4 25 24 53 44 0 0 0 0 0 0 0 0 0 0 0 0 0 0 15 0 0 0 0 0 0 0 4 0 0 0 0 0 0 0 0 0 0 4 0 0 0 0 2 0 0 0 0 0 0 0 0 0 0 0 0 0 0 0 0 0 7 0 0 0 0 0 1 57 30 2 0 0 1 15 39 31 1 3 1 3 32 29 51 20 0 0 0 0 0 0 0 0 0 0 0 0 0 0 0 0 0 0 0 0 0 0 0 0 0 0 0 0 0 0 16 0 0 0 0 0 0 0 0 0 0 0 0 0 10 0 0 0 0 0 0 0 1 0 0 0 18 3 2 1 0 2 15 2 0 0 0 0 3 0 0 0 0 0 0 0 1 0 0 0 0 0 0 2 0 0 0 0 10 0 0 0 
 0 2 0 2 0 0 2 0 0 0 0 0 0 0 0 0 17 1 0 1 318 636 459 82 89 250 53 158 0 352 26 127 92 81 172 287 197 272 97 315 0 0 6 32 0 0 0 0 0 3 0 0 15 0 0 0 3 0 0 0 0 0 0 2 0 0 0 0 2 0 0 3 0 0 0 0 0 0 0 0 0 0 2 0 0 0 0 0 0 0 0 0 0 0 0 0 0 0 0 0 0 0 31 47 0 34 0 0 20 14 36 65 0 0 2 23 30 65 0 0 0 0 1 0 0 0 0 0 0 0 0 2 0 0 0 0 1 0 0 0 3 0 0 0 1 0 0 0 0 0 0 3 0 0 0 0 7 20 0 0 0 0 0 0 0 0 33 3 14 0 0 0 0 0 0 0 0 0 0 0 0 8 55 39 8 27 0 2 20 37 38 6 0 0 0 36 35 58 0 0 0 0 0 0 0 0 0 0 0 0 0 2 0 10 0 0 0 0 0 0 0 0 0 0 0 0 0 0 0 0 0 0 0 0 0 0 0 0 0 0 0 0 1 0 0 0 0 0 0 0 0 0 0 0 6 0 2 2 1 0 19 12 0 0 0 0 15 0 0 0 0 0 0 0 0 0 0 0 0 0 0 19 0 0 0 0 33 0 0 0 
 0 0 1 0 0 2 2 0 0 0 0 0 0 0 0 0 36 0 0 4 40 39 402 443 112 274 47 36 352 0 874 69 67 85 114 696 346 613 139 306 0 0 3 3 0 0 0 3 64 3 0 0 0 0 0 0 3 0 0 0 0 2 0 5 0 0 0 0 2 0 0 2 0 4 0 0 0 0 0 0 0 0 0 0 0 0 0 0 0 0 0 2 0 0 2 0 0 0 0 0 1 0 1 48 21 2 0 0 1 2 17 14 0 0 0 0 2 26 0 0 0 0 0 0 0 0 0 0 0 0 0 0 0 0 0 0 0 0 0 0 1 0 0 0 3 0 0 0 0 0 0 1 0 0 0 0 6 7 0 0 2 0 0 10 0 0 0 7 0 0 0 0 0 0 1 0 0 1 0 0 0 13 25 56 29 15 0 0 1 5 42 34 0 0 0 1 9 17 0 0 0 0 0 0 0 3 0 0 0 0 0 0 0 0 0 0 0 0 13 0 0 0 0 0 0 1 0 0 0 0 0 0 1 0 0 0 0 0 0 0 0 0 0 0 0 0 0 0 0 0 0 0 0 0 0 0 4 150 151 2 0 14 0 0 0 0 17 0 0 0 0 0 0 0 0 0 0 0 0 0 0 29 0 0 2 0 1 0 0 0 
 0 0 0 2 3 0 3 0 0 0 0 0 0 0 2 42 0 0 72 0 33 31 53 200 365 269 39 35 26 874 0 279 50 37 77 83 119 375 49 71 0 0 0 3 209 0 0 2 0 3 0 0 0 0 0 1 3 209 0 0 0 0 0 2 0 1 0 0 2 0 0 2 0 0 0 0 0 0 0 0 0 0 0 0 0 0 0 0 0 0 0 0 0 0 0 0 0 0 0 0 0 0 0 39 64 82 0 0 0 1 11 41 0 0 0 0 0 3 0 0 0 0 0 0 0 0 0 0 0 0 0 0 19 0 0 0 0 0 8 14 0 5 10 0 17 0 0 0 0 0 0 0 0 0 0 0 0 4 0 0 0 0 0 4 0 0 0 6 0 6 0 0 0 0 0 0 0 6 0 0 0 0 41 55 15 28 0 0 0 9 20 31 0 0 0 0 0 14 0 0 0 0 0 0 5 0 1 0 0 0 0 0 10 0 0 9 0 0 22 0 0 0 0 0 0 0 0 0 0 0 11 0 0 0 0 0 0 0 0 0 0 0 0 0 0 0 0 0 0 0 0 0 0 0 4 1 0 43 45 2 10 0 0 0 0 0 1 0 0 0 0 0 0 0 0 0 0 0 0 0 0 10 0 0 0 0 0 0 0 0 
 0 1 3 0 0 0 3 2 0 0 0 1 0 0 0 0 26 2 0 6 38 50 322 268 530 269 47 118 127 69 279 0 33 29 112 335 152 86 72 275 0 0 1 3 62 0 0 1 0 3 0 0 0 2 0 65 3 0 1 2 0 0 0 2 0 0 0 0 2 0 0 2 0 0 0 0 0 0 57 0 0 0 1 0 0 0 0 0 0 0 0 0 2 0 0 0 0 0 0 0 0 0 18 35 51 29 0 0 0 11 14 5 0 0 0 0 23 21 0 0 0 0 0 0 0 0 0 0 0 0 0 1 17 0 14 0 2 0 4 0 0 6 0 0 2 0 0 0 0 0 0 0 0 0 0 0 0 2 0 0 0 0 0 1 0 0 0 0 0 9 0 0 0 0 0 0 0 5 0 0 0 0 11 9 17 7 2 0 14 19 1 18 0 0 0 18 7 12 0 0 0 0 0 0 0 0 9 0 0 0 0 0 0 0 0 0 0 0 17 10 0 0 0 2 2 0 0 0 0 0 0 0 0 0 0 0 0 0 12 0 0 0 0 0 0 0 0 0 0 0 0 0 4 0 12 2 0 82 148 0 2 0 0 0 0 0 17 0 0 0 0 0 0 0 0 0 0 0 0 0 0 0 0 0 0 0 10 0 0 0 
 8 4 3 3 5 3 4 2 2 4 3 3 4 3 7 3 5 4 3 4 54 63 78 51 161 28 318 90 92 67 50 33 0 304 286 46 48 334 609 235 0 0 0 2 0 0 0 0 0 5 7 0 0 0 0 0 3 0 0 0 0 0 0 3 0 0 0 0 2 0 0 2 0 0 0 3 0 0 0 0 0 0 0 0 16 2 0 0 20 0 0 0 0 0 0 0 0 0 0 0 41 27 0 0 0 2 40 60 0 0 0 0 34 37 12 24 1 0 16 0 0 0 0 0 0 13 0 0 0 2 0 0 0 0 0 0 0 0 0 1 0 0 2 0 15 0 0 0 15 2 0 0 0 0 0 0 0 0 0 0 0 0 0 0 0 19 2 0 0 0 2 0 0 0 0 0 0 11 2 0 31 0 0 0 1 0 25 34 25 0 22 0 10 51 13 1 1 0 0 13 0 0 2 0 0 0 0 0 0 0 0 0 0 0 1 0 0 0 0 11 2 0 0 0 0 0 0 0 0 0 0 0 0 0 0 0 0 0 28 0 0 0 0 0 0 0 1 0 0 0 0 0 0 0 11 2 2 0 0 0 2 0 0 0 0 0 0 0 0 0 0 0 0 0 0 0 0 0 0 0 0 0 0 0 0 0 0 0 0 0 
 1 28 0 0 1 3 0 0 0 0 0 0 0 0 0 0 0 0 0 0 154 58 42 59 84 34 395 372 81 85 37 29 304 0 423 56 41 19 295 191 0 2 0 3 0 0 0 1 0 4 0 0 0 0 0 0 5 0 0 0 0 0 0 2 0 0 0 2 2 0 0 2 0 0 0 0 0 0 0 0 0 0 13 0 0 0 0 6 0 0 0 0 0 0 0 0 0 0 0 0 26 43 23 0 0 2 0 0 12 20 18 0 0 57 47 39 39 2 0 0 0 0 0 0 0 0 0 0 0 1 0 0 0 0 0 0 0 0 0 0 13 0 2 0 0 0 0 0 0 0 0 0 1 0 0 0 0 0 0 0 0 0 0 0 0 0 0 0 0 0 2 0 0 0 7 0 13 0 2 0 12 12 20 1 0 0 15 54 42 37 0 0 0 36 46 16 9 0 0 0 0 0 0 0 0 0 16 0 0 0 0 0 0 0 1 0 0 2 0 0 2 0 0 0 0 0 0 0 0 0 0 0 0 0 1 0 0 0 0 0 0 0 0 0 0 0 0 0 0 0 0 0 0 0 3 1 0 0 0 2 11 0 0 0 0 0 0 0 0 0 0 0 0 0 0 0 0 0 0 0 0 0 0 0 0 0 0 0 0 0 
 1 0 2 0 0 3 233 0 0 0 0 0 2 0 73 0 1 0 0 93 422 365 67 66 313 71 52 178 172 114 77 112 286 423 0 166 42 97 93 328 0 0 5 3 0 0 0 0 0 3 0 0 0 0 0 0 3 0 0 0 0 0 0 2 17 0 0 0 2 0 0 2 0 0 0 0 0 0 0 0 0 0 0 0 0 0 0 0 0 0 0 0 0 0 0 0 0 0 0 0 0 12 48 12 0 2 0 0 42 38 34 0 0 9 65 29 46 32 0 0 1 0 0 0 0 0 0 0 0 0 0 0 0 0 0 0 0 0 0 0 4 0 2 23 0 0 0 0 0 0 0 4 1 0 0 0 2 7 0 0 0 0 0 0 0 0 0 0 0 0 2 0 0 0 3 2 0 0 2 0 1 29 34 2 0 0 0 22 35 89 0 2 0 0 25 46 43 20 0 0 0 0 0 0 0 0 0 0 0 0 0 0 0 0 1 0 13 2 0 0 2 0 0 0 8 0 0 0 0 0 0 0 0 0 1 0 0 0 0 0 0 0 9 0 0 0 0 0 0 0 0 0 0 0 9 0 2 1 0 3 24 2 0 0 0 0 0 0 0 0 0 0 0 0 0 0 0 0 0 0 0 2 0 0 0 0 9 0 0 0 
 0 0 0 0 0 0 3 0 0 0 0 0 0 0 0 0 22 0 0 0 32 233 250 52 100 72 242 117 287 696 83 335 46 56 166 0 229 406 39 75 0 0 5 39 0 0 0 2 0 3 0 0 0 0 0 0 3 0 0 0 0 0 0 2 0 0 0 0 2 0 0 2 0 0 47 0 0 0 0 2 0 0 0 0 0 0 0 0 0 0 0 0 0 0 2 0 0 0 0 0 0 0 21 26 15 0 0 0 3 21 15 12 0 10 0 0 25 49 0 0 0 0 0 0 0 0 0 0 0 0 0 0 0 0 0 0 0 0 0 0 9 0 0 0 1 0 0 0 0 0 0 11 0 10 0 0 49 0 0 0 0 0 0 0 0 0 0 0 0 0 0 0 0 0 0 0 0 0 0 0 0 0 39 68 7 12 0 0 14 35 24 10 0 0 2 34 45 29 0 0 0 0 0 0 0 0 0 0 0 0 0 0 0 0 0 0 0 0 26 0 0 0 0 0 0 0 1 0 0 0 0 0 0 0 0 0 0 0 0 2 0 0 9 0 0 0 0 0 0 0 0 0 0 0 11 0 0 1 2 2 2 22 0 0 0 0 17 0 0 0 0 0 0 0 0 0 0 0 0 0 0 41 0 0 0 0 11 0 0 0 
 0 86 0 0 0 0 2 4 0 0 99 0 0 0 0 0 17 0 0 3 255 348 102 26 44 48 32 256 197 346 119 152 48 41 42 229 0 365 235 48 3 0 7 9 0 3 0 5 0 3 0 0 0 0 0 0 3 0 1 0 0 0 0 2 0 0 0 0 2 2 0 2 3 0 3 0 0 1 0 0 0 0 0 0 0 0 0 0 0 0 0 0 0 0 0 0 0 0 0 0 0 0 53 53 7 16 0 0 44 23 24 30 0 25 0 0 37 33 0 0 0 0 0 0 0 0 0 0 0 0 0 0 0 0 0 0 0 0 28 0 1 0 0 0 0 0 0 0 0 0 0 1 0 0 0 0 6 5 0 0 0 0 0 0 0 0 0 6 0 0 0 0 0 0 0 0 0 1 0 0 0 10 46 44 20 42 0 0 6 40 27 19 0 0 0 87 58 70 0 9 0 0 0 0 0 0 0 0 0 0 0 0 0 0 0 0 0 0 0 0 0 0 0 0 0 0 0 0 0 1 0 0 0 0 0 0 0 0 0 0 0 0 9 0 0 0 0 0 0 0 0 0 0 0 11 0 1 1 6 0 18 12 0 0 0 0 25 0 0 0 0 0 0 0 0 0 0 0 0 0 0 18 0 0 0 0 12 0 0 0 
 2 3 2 3 2 3 5 2 4 3 3 2 0 2 4 2 27 4 2 2 60 47 359 771 124 65 35 29 272 613 375 86 334 19 97 406 365 0 250 55 0 0 3 2 0 2 0 1 0 3 0 3 0 0 19 0 5 2 0 1 2 0 0 2 0 0 0 0 2 29 0 2 0 0 0 0 29 0 0 2 0 0 0 0 0 0 0 0 0 0 0 0 1 1 0 0 1 0 0 0 0 0 1 45 27 13 13 0 26 3 24 20 0 0 0 0 25 41 0 0 0 0 0 0 0 0 0 2 0 0 0 0 0 0 0 0 0 2 0 0 0 0 0 0 14 0 0 0 0 24 0 0 0 0 0 0 7 4 0 0 0 0 0 3 0 0 0 7 0 0 0 0 0 0 0 0 0 6 0 0 0 29 32 53 24 29 0 0 4 11 67 26 0 0 0 0 1 23 0 0 0 0 0 0 0 0 0 0 0 0 1 0 0 0 0 0 0 0 21 0 0 0 0 1 0 0 0 0 0 0 0 0 0 0 0 0 0 0 0 0 0 0 0 0 0 0 3 0 0 0 0 0 0 0 37 3 2 150 146 3 1 21 0 0 0 0 14 0 0 0 0 0 0 0 0 0 0 0 0 0 0 33 0 0 0 0 0 0 0 0 
 2 0 0 3 2 305 0 79 0 0 1 0 0 0 0 0 76 0 2 3 69 56 40 182 74 33 76 55 97 139 49 72 609 295 93 39 235 250 0 341 3 2 0 3 0 4 2 0 2 3 0 0 0 0 0 2 3 0 0 0 3 0 0 4 0 0 6 0 2 4 0 2 5 0 5 0 0 2 0 0 0 0 0 0 19 18 0 0 0 1 1 0 0 0 0 0 0 0 0 0 29 17 0 0 0 0 61 61 0 1 0 1 74 12 2 1 0 0 69 42 1 0 0 0 0 0 0 0 0 0 0 0 2 0 0 0 0 0 0 0 0 0 0 18 0 0 0 0 0 0 0 1 0 0 2 0 0 0 0 0 0 0 0 0 0 24 0 5 6 0 0 0 0 0 0 0 0 0 0 15 57 16 0 0 0 0 95 27 2 0 1 0 25 25 19 20 0 0 31 72 0 0 0 0 0 0 0 0 0 0 0 20 0 0 1 0 0 0 2 0 0 0 0 0 0 0 0 0 0 0 0 0 0 0 0 0 0 0 0 8 0 0 0 0 0 1 0 0 0 0 0 0 0 0 4 2 0 0 0 4 2 1 0 0 0 0 0 0 0 0 0 0 0 0 0 0 0 0 0 0 0 0 0 0 0 0 0 0 0 0 
 0 0 0 1 0 4 2 0 0 0 0 0 4 0 2 75 0 2 1 3 147 129 257 89 107 369 318 83 315 306 71 275 235 191 328 75 48 55 341 0 0 6 4 3 1 0 0 2 0 3 6 0 2 0 0 0 7 0 0 0 0 0 0 2 0 2 1 0 6 0 0 2 0 0 0 3 6 0 6 0 0 0 0 0 2 1 0 0 0 0 0 0 2 2 0 0 2 0 0 0 51 43 0 0 0 0 30 53 0 0 0 0 27 28 35 22 0 0 0 0 0 0 0 0 0 0 0 0 0 11 0 0 0 0 0 0 0 0 0 0 1 0 0 0 0 0 0 0 0 0 0 1 0 0 0 0 0 0 0 0 0 0 0 2 0 12 0 7 0 0 0 0 0 0 0 0 0 0 0 0 57 38 14 0 0 0 54 37 54 1 0 0 38 57 50 1 0 1 11 22 0 0 0 0 0 0 1 0 0 0 0 0 0 0 0 0 0 0 0 0 0 0 0 0 0 18 0 0 8 0 14 0 0 0 0 0 0 2 0 0 0 0 0 0 0 0 0 0 0 0 0 2 0 0 6 0 3 0 0 2 13 0 0 0 0 0 9 0 0 0 0 0 0 0 0 0 0 0 0 0 0 0 0 0 0 0 0 0 0 0 
 0 9 6 1 2 0 32 0 0 4 0 0 0 0 2 4 14 3 0 2 0 6 0 0 0 0 0 3 0 0 0 0 0 0 0 0 3 0 3 0 0 129 84 63 30 256 323 499 36 24 33 34 291 71 278 65 31 25 67 167 0 0 0 0 0 0 0 0 7 0 1 0 12 4 0 0 0 0 0 0 0 2 8 6 0 0 0 6 4 0 14 0 0 0 4 7 5 2 3 0 0 0 0 0 2 0 0 0 0 0 0 0 0 0 12 0 0 0 0 0 16 36 2 0 0 0 0 38 20 24 0 0 0 16 22 41 23 17 0 0 0 0 12 0 0 0 0 0 0 0 0 0 0 0 0 0 0 0 0 0 0 2 0 0 0 2 0 0 2 0 0 5 0 0 0 12 4 5 0 0 0 0 0 0 10 0 0 0 0 0 0 0 0 0 0 0 0 0 0 0 7 50 29 0 0 0 1 0 45 30 0 24 0 10 9 20 61 12 0 1 1 0 0 0 0 0 0 0 0 0 0 0 0 0 0 0 0 0 0 0 0 4 1 0 0 0 0 0 0 19 0 10 0 2 0 0 0 0 0 0 0 0 2 0 0 2 4 0 0 0 0 0 0 0 0 0 0 0 0 0 0 0 0 0 0 1 0 0 1 0 
 0 1 1 3 0 1 0 0 63 0 0 0 3 0 1 2 0 0 0 2 0 0 0 0 0 0 3 0 0 0 0 0 0 2 0 0 0 0 2 6 129 0 316 88 254 458 271 353 286 51 252 235 65 57 277 374 244 54 109 37 0 0 0 0 51 0 0 0 9 0 5 2 5 0 0 0 2 0 0 0 0 0 0 0 0 0 0 0 0 0 0 0 0 0 20 0 0 0 0 0 0 0 0 0 0 0 0 0 0 0 69 0 0 0 0 0 0 0 0 0 0 0 50 18 5 0 0 0 27 19 13 23 0 0 0 33 25 24 0 0 0 0 0 0 0 0 0 0 6 0 0 0 9 0 0 0 0 0 0 0 0 0 0 0 0 4 0 0 0 0 4 0 0 0 0 0 0 0 0 0 0 0 0 0 0 0 0 0 0 0 0 0 0 0 0 0 0 0 0 0 0 80 18 41 0 0 0 0 8 61 10 33 0 1 11 13 15 40 0 0 21 0 0 0 0 0 0 0 0 0 0 0 1 0 0 0 0 0 3 0 0 0 14 0 0 0 0 0 0 0 0 9 0 2 0 0 0 0 0 2 0 0 0 0 2 34 2 0 2 0 20 0 0 0 0 0 0 0 0 0 0 0 3 0 27 15 0 0 0 0 
 4 3 3 6 5 5 3 3 3 3 3 5 2 3 3 3 3 3 3 3 0 80 5 0 1 0 2 1 6 3 0 1 0 0 5 5 7 3 0 4 84 316 0 131 52 41 77 105 424 533 74 231 58 52 80 145 269 275 256 708 0 0 3 0 0 0 0 0 0 0 49 52 3 0 0 0 0 0 0 0 0 0 0 0 0 0 0 0 0 0 0 0 0 0 0 0 0 0 0 0 5 0 34 0 0 0 0 0 0 4 0 0 0 0 0 3 0 6 0 0 0 0 35 33 6 1 0 0 9 24 7 26 0 0 0 0 13 11 0 0 0 0 0 0 0 0 0 0 0 0 0 0 13 0 0 0 0 0 0 0 0 0 0 0 0 7 0 0 0 0 8 0 0 0 0 0 0 0 0 0 0 0 4 3 0 0 0 10 7 3 4 1 0 0 0 15 5 46 0 0 0 0 18 23 1 0 0 0 0 0 37 37 0 0 1 0 0 23 16 0 19 0 0 0 0 0 0 0 0 0 0 0 0 0 0 20 0 0 0 0 0 0 14 0 0 0 0 19 0 0 0 6 0 0 0 0 0 0 0 25 0 0 5 1 0 20 0 1 1 0 18 0 0 0 0 0 0 0 0 0 0 5 0 0 30 12 0 0 0 0 
 0 0 2 0 0 0 65 0 0 0 0 0 0 0 0 0 0 0 0 0 3 8 3 3 3 3 7 3 32 3 3 3 2 3 3 39 9 2 3 3 63 88 131 0 105 35 104 89 114 362 186 217 59 293 71 48 104 311 73 56 0 5 4 5 0 0 0 0 5 2 3 0 0 0 0 8 6 6 0 0 0 0 0 0 0 0 0 0 0 0 0 0 0 0 3 0 0 0 0 0 0 0 0 0 0 0 0 0 0 0 0 0 0 0 0 0 0 0 0 0 0 0 0 8 34 62 0 0 8 18 24 19 0 0 0 0 0 0 0 0 0 44 0 7 4 5 10 0 0 0 13 1 2 0 0 0 0 7 20 0 0 0 0 0 0 0 0 0 10 0 0 0 0 0 0 0 0 0 0 0 0 0 0 0 0 0 0 0 0 0 0 0 0 0 0 0 0 0 0 0 0 0 0 19 15 70 0 0 0 0 21 19 0 0 0 0 0 18 0 0 0 0 0 30 0 3 0 0 0 0 1 5 28 0 0 8 0 0 12 1 0 0 0 0 0 0 0 0 0 0 0 11 0 0 0 0 0 0 0 18 0 0 11 64 3 4 7 53 0 0 7 0 0 0 0 2 0 0 0 0 0 0 0 0 0 0 0 0 0 0 
 3 0 0 7 2 3 6 3 3 0 2 1 6 3 2 2 2 1 3 2 0 0 0 0 59 0 0 3 0 0 209 62 0 0 0 0 0 0 0 1 30 254 52 105 0 330 50 257 63 94 112 222 50 69 75 74 256 254 46 152 0 0 0 0 3 5 1 26 4 0 0 0 1 0 0 3 5 3 5 1 0 0 0 0 0 0 0 0 0 0 3 0 0 0 0 0 0 0 0 0 0 0 0 0 0 0 4 0 0 0 0 0 0 0 0 0 0 0 0 0 0 0 1 1 3 11 0 9 0 0 2 21 0 0 0 0 0 1 0 0 1 0 0 0 0 0 20 0 0 0 0 0 10 0 1 0 5 0 31 6 0 0 0 0 0 0 0 0 0 0 0 0 0 0 0 0 0 19 2 0 0 0 0 0 0 0 0 0 0 0 0 0 1 0 0 0 0 0 0 0 0 0 0 0 44 19 0 0 0 0 2 0 0 0 0 0 0 0 0 0 0 0 0 0 0 0 1 0 0 0 0 0 34 1 0 0 0 0 26 30 0 0 0 0 0 0 0 0 0 0 0 3 0 0 0 0 0 0 0 1 0 0 1 1 1 0 2 8 0 0 0 0 0 0 0 0 0 0 0 0 0 0 0 0 0 0 0 0 0 47 
 0 0 0 3 0 0 3 0 0 0 0 0 0 0 0 0 0 0 0 2 0 0 0 0 0 0 0 0 0 0 0 0 0 0 0 0 3 2 4 0 256 458 41 35 330 0 38 237 270 51 66 47 32 48 62 64 302 263 51 43 0 0 0 0 0 0 2 0 0 0 0 0 2 0 0 10 0 0 112 3 0 0 0 0 0 0 0 0 0 0 0 0 0 0 0 0 0 10 0 0 0 0 0 0 0 0 0 0 0 0 0 0 1 0 0 0 0 0 0 0 0 0 11 0 10 3 0 0 0 0 0 1 0 0 0 0 0 0 0 0 18 7 1 0 0 0 12 9 0 1 0 0 15 9 2 0 0 0 21 7 0 0 0 0 0 0 0 0 0 0 0 0 0 12 0 0 0 0 7 0 0 0 0 0 0 12 0 0 0 0 0 0 0 0 0 0 0 0 0 0 0 7 0 0 28 13 0 0 0 0 0 0 0 0 0 0 0 0 0 0 16 0 0 0 0 0 64 51 0 0 0 0 10 12 1 14 0 1 27 37 0 0 0 0 0 0 0 0 0 0 0 7 0 0 0 0 0 0 0 0 0 0 0 0 0 3 5 0 1 0 0 0 0 0 0 0 0 0 0 0 0 0 0 0 0 0 0 0 0 0 
 2 0 0 0 0 0 0 0 0 0 0 0 0 0 0 0 0 0 0 0 0 0 0 0 0 1 0 0 0 0 0 0 0 0 0 0 0 0 2 0 323 271 77 104 50 38 0 116 63 28 259 28 297 251 59 36 43 25 62 217 0 0 2 203 2 4 5 10 0 0 0 1 0 5 0 2 5 2 0 2 0 0 0 0 0 0 0 0 0 0 0 0 0 7 0 0 20 0 0 0 0 0 0 0 0 0 0 0 0 0 0 0 0 0 0 0 0 0 0 0 15 66 0 0 0 0 4 37 21 2 0 0 18 30 54 15 20 0 1 51 0 0 6 0 0 0 0 0 0 5 0 0 0 0 0 0 0 0 0 0 0 0 0 0 0 34 0 0 0 0 0 0 0 0 0 15 0 0 0 0 0 0 0 0 0 0 0 0 0 0 7 0 0 0 0 0 0 0 0 0 26 6 31 0 0 0 18 24 41 0 0 1 2 18 63 43 33 0 0 31 0 0 0 0 21 0 0 0 0 0 0 0 0 0 0 0 0 0 0 0 0 0 0 0 0 0 0 0 0 0 0 7 0 2 0 0 2 0 0 2 53 0 0 0 0 4 0 0 2 0 0 0 0 1 0 0 0 7 0 0 0 0 0 0 0 0 0 0 1 0 
 12 9 82 63 3 3 7 3 3 3 3 3 0 5 17 12 12 3 3 3 1 1 1 2 2 1 1 1 0 3 2 1 0 1 0 2 5 1 0 2 499 353 105 89 257 237 116 0 92 33 51 29 314 398 127 126 61 44 42 58 52 2 1 0 0 0 2 1 2 1 3 0 4 1 1 1 1 1 0 5 7 18 10 4 0 0 14 0 4 7 4 0 0 1 10 7 0 28 0 0 0 0 0 0 0 0 0 0 0 0 0 0 0 0 0 0 0 0 0 0 4 34 10 2 0 0 0 24 6 35 1 0 1 9 12 13 27 16 0 0 0 0 9 0 1 1 0 0 0 0 0 0 0 0 0 0 0 0 0 0 4 16 5 0 0 76 2 6 0 0 0 4 0 7 6 9 0 5 0 16 0 0 0 0 0 0 0 0 0 0 0 0 0 0 11 0 0 0 0 0 1 16 35 1 0 0 1 1 36 50 0 17 0 22 12 34 39 25 0 1 10 0 0 0 1 0 11 0 0 0 0 0 0 0 0 0 0 0 7 0 0 0 8 0 0 1 0 0 0 0 0 1 0 2 0 0 1 0 3 0 0 0 0 0 0 0 2 0 0 0 1 0 0 0 0 0 0 0 0 0 0 0 0 0 11 0 0 0 1 1 
 2 0 0 3 0 0 0 0 0 0 0 0 0 0 0 0 0 0 0 0 0 2 0 0 0 0 0 0 0 64 0 0 0 0 0 0 0 0 2 0 36 286 424 114 63 270 63 92 0 348 277 236 51 84 138 177 131 310 90 84 0 0 0 0 0 0 0 0 2 0 8 0 0 23 0 0 0 0 0 2 0 0 0 0 0 0 0 0 0 0 0 0 0 0 0 0 0 0 0 0 0 0 0 4 0 0 0 0 0 0 0 0 0 0 0 0 0 0 0 0 0 1 26 41 0 15 0 0 12 9 21 17 0 0 1 0 39 3 0 0 0 0 0 0 0 0 0 0 0 3 0 0 4 0 0 0 0 0 16 0 0 0 0 0 0 6 0 0 0 0 6 0 0 0 0 0 0 0 0 0 0 0 0 0 0 0 0 0 0 0 0 0 0 0 0 0 0 0 0 0 0 0 24 62 1 0 0 0 2 2 11 25 0 0 0 0 0 35 0 0 10 0 0 0 0 0 0 0 0 0 1 0 0 0 0 0 0 0 0 0 0 0 37 0 0 0 0 0 0 0 0 0 0 0 0 0 0 0 0 29 1 0 1 1 0 27 0 1 0 0 4 0 0 0 0 0 0 0 0 0 0 0 0 0 10 4 0 0 0 0 
 1 0 0 2 0 1 0 0 0 0 0 0 0 0 3 0 0 0 0 5 3 6 6 3 3 3 4 6 3 3 3 3 5 4 3 3 3 3 3 3 24 51 533 362 94 51 28 33 348 0 367 48 45 71 410 418 217 78 81 81 0 0 0 207 10 12 0 2 0 1 0 3 0 0 0 0 0 0 0 0 0 0 0 0 0 0 0 0 0 0 0 0 0 0 0 0 0 0 0 0 0 0 0 0 0 0 0 0 0 0 0 0 0 0 0 0 0 0 0 0 0 0 27 35 29 26 0 0 10 19 29 25 0 0 0 0 0 8 0 0 0 0 0 0 0 1 9 0 0 0 0 0 6 0 0 0 0 0 0 0 0 0 17 0 0 0 0 0 0 0 4 0 0 0 0 0 0 0 0 0 0 0 0 0 0 0 0 0 0 0 0 0 0 0 0 0 0 0 0 0 0 0 0 43 0 20 0 0 0 1 14 20 0 0 1 0 0 7 0 0 0 0 0 0 0 0 0 0 0 0 0 1 7 0 0 0 0 0 10 0 0 0 0 0 0 0 0 0 0 0 0 13 0 0 0 0 0 0 0 21 0 0 66 72 0 17 1 64 3 0 18 0 0 0 0 0 0 0 0 0 0 0 0 0 0 6 0 0 0 0 
 0 0 0 0 3 0 69 0 0 0 0 0 3 0 0 0 0 0 0 8 0 0 3 0 0 0 3 0 0 0 0 0 7 0 0 0 0 0 0 6 33 252 74 186 112 66 259 51 277 367 0 272 26 255 89 81 419 309 39 59 19 0 0 50 0 0 0 0 0 0 1 0 0 0 0 2 0 1 0 0 0 0 0 0 0 0 0 0 0 8 0 0 0 0 0 0 0 0 0 0 0 0 0 0 0 0 0 0 0 0 0 0 0 0 0 0 0 0 0 0 0 0 0 8 50 72 0 0 16 18 34 19 0 0 0 0 0 2 0 0 1 0 0 0 0 0 9 0 0 0 0 0 2 0 0 0 0 0 16 0 0 0 0 0 0 0 0 0 0 0 3 0 0 0 11 0 0 0 0 0 0 0 0 0 0 0 0 0 0 0 0 0 0 0 0 0 0 0 0 0 0 0 0 19 17 47 0 0 0 0 14 27 0 0 0 0 0 14 0 0 0 0 0 0 0 0 0 16 0 0 0 0 27 0 0 0 0 0 4 1 0 0 0 0 0 0 0 0 0 0 0 18 0 0 0 0 0 0 0 23 0 0 9 8 0 4 0 32 2 0 0 0 0 0 0 0 0 0 0 0 0 0 0 0 0 0 0 0 0 0 
 17 34 49 1 1 1 0 153 47 1 1 2 0 17 60 94 0 2 0 0 0 0 3 0 1 0 1 0 0 0 0 0 0 0 0 0 0 3 0 0 34 235 231 217 222 47 28 29 236 48 272 0 35 30 32 247 100 49 33 50 0 0 0 0 0 51 0 0 57 0 0 0 0 0 0 4 0 0 0 0 0 9 10 0 0 0 0 17 0 19 11 0 0 9 0 1 20 4 0 0 0 0 0 0 0 0 0 0 0 0 0 0 0 0 0 0 0 0 0 0 0 0 0 1 20 22 0 0 0 0 47 15 0 0 0 0 0 0 0 0 0 0 0 0 0 0 12 0 0 10 0 0 0 0 1 0 0 16 8 0 0 9 9 0 0 0 0 4 16 0 12 0 0 0 8 10 15 13 0 0 0 0 0 0 0 0 0 0 0 0 0 0 0 0 0 0 0 0 0 0 0 0 0 10 19 20 0 0 0 0 0 0 0 0 0 0 0 0 0 0 0 0 0 15 0 0 0 0 0 0 0 0 13 0 0 0 0 0 20 1 0 0 0 0 0 0 0 0 0 1 0 13 0 0 0 0 0 0 0 35 0 0 73 70 0 4 0 0 0 0 0 0 0 0 0 0 0 0 0 0 0 0 0 0 0 0 0 0 0 0 
 0 0 0 1 2 6 2 0 0 0 1 1 0 0 0 0 0 0 0 62 66 0 0 1 0 0 0 0 15 0 0 0 0 0 0 0 0 0 0 2 291 65 58 59 50 32 297 314 51 45 26 35 0 54 31 26 43 33 300 224 51 0 0 0 0 0 0 0 0 1 0 1 1 0 0 0 0 0 0 0 0 0 0 0 1 8 0 0 0 0 0 4 0 0 0 0 0 0 0 0 0 0 0 0 0 0 0 0 0 0 0 0 10 0 0 0 0 0 3 0 45 0 0 0 0 0 46 7 20 0 0 0 35 15 23 10 1 1 29 26 0 0 10 0 0 0 0 0 0 29 0 0 0 0 0 0 0 0 0 0 0 0 0 4 7 5 0 0 0 2 23 0 0 0 0 6 0 0 0 0 10 0 0 0 0 0 0 0 0 0 0 0 1 0 0 7 0 0 0 0 22 0 0 0 0 0 21 19 31 0 0 0 29 26 19 0 0 0 14 18 0 2 0 0 0 0 62 0 0 0 0 0 0 0 0 0 0 0 0 0 0 0 0 0 0 0 9 0 0 0 0 4 0 1 0 0 0 0 0 0 0 0 0 0 2 1 0 2 0 0 0 0 0 0 0 0 0 0 0 0 0 0 0 0 0 0 0 0 2 0 
 3 3 3 3 3 3 3 3 3 3 3 3 0 3 3 3 3 3 3 3 0 0 0 0 0 0 0 0 0 0 0 2 0 0 0 0 0 0 0 0 71 57 52 293 69 48 251 398 84 71 255 30 54 0 365 34 20 49 89 260 0 0 0 0 0 0 0 0 10 0 29 0 30 10 0 0 0 0 0 0 0 0 0 0 0 0 0 0 0 0 0 15 0 0 0 0 0 0 0 0 0 0 0 0 0 0 0 0 0 0 0 0 0 0 0 0 0 0 0 0 16 40 4 0 0 0 0 49 21 39 0 0 0 9 22 43 22 16 0 0 0 0 43 0 0 0 0 0 0 0 0 0 0 0 0 0 0 0 0 0 0 0 0 0 0 15 0 0 0 0 1 0 0 0 0 4 0 0 0 0 0 7 0 0 0 0 0 0 0 0 0 0 0 0 0 0 0 0 0 0 0 31 22 0 0 0 0 0 56 38 0 1 0 33 9 24 45 13 0 21 1 0 1 0 0 0 0 0 0 0 0 0 0 0 0 0 0 0 0 0 0 0 5 0 0 0 0 0 0 0 0 7 0 0 0 0 0 0 0 0 0 0 0 0 2 0 0 0 0 0 0 0 0 0 0 0 0 0 0 0 0 0 0 0 0 16 0 0 2 15 
 0 0 2 1 0 0 0 0 0 0 0 0 0 0 2 0 0 0 0 3 0 2 0 0 0 0 2 0 0 0 0 0 0 0 0 0 0 19 0 0 278 277 80 71 75 62 59 127 138 410 89 32 31 365 0 206 59 27 76 113 5 0 0 203 0 2 5 7 8 47 4 0 30 26 1 0 42 1 0 0 0 0 0 0 0 0 0 0 0 0 0 0 0 0 0 0 0 0 0 0 0 10 0 0 0 0 13 0 0 0 0 0 0 0 0 0 17 0 0 0 0 46 13 1 0 0 0 21 4 17 0 0 0 10 16 19 49 15 0 0 4 6 12 0 0 0 0 0 7 9 0 1 0 0 2 0 0 0 0 0 0 0 0 0 0 4 0 0 0 19 0 0 0 0 0 0 0 0 8 0 0 0 0 0 0 0 0 0 0 0 0 0 0 0 0 0 0 0 0 0 0 21 64 8 0 0 0 0 36 29 2 39 0 19 2 28 56 15 0 0 22 2 6 0 0 0 0 11 9 9 0 0 0 0 8 5 5 6 0 0 0 0 10 0 0 0 0 0 0 0 0 6 0 0 0 0 22 0 2 0 0 0 0 0 0 3 2 0 1 0 3 0 0 0 0 0 0 0 0 0 0 0 0 0 20 14 0 0 1 0 
 0 0 0 2 1 2 0 0 0 0 0 0 0 0 0 0 0 0 0 2 0 2 0 0 20 74 0 0 0 0 1 65 0 0 0 0 0 0 2 0 65 374 145 48 74 64 36 126 177 418 81 247 26 34 206 0 234 123 46 68 0 0 0 0 0 204 0 0 7 0 10 0 4 0 0 0 0 0 0 0 0 0 0 0 0 0 0 0 10 0 0 0 0 0 0 0 0 0 0 0 0 0 0 1 8 12 0 0 0 0 0 0 0 0 0 16 0 0 0 0 0 26 42 19 0 0 7 10 15 47 2 13 11 3 7 33 57 30 0 0 0 0 0 18 0 0 0 0 0 0 0 0 5 0 0 0 0 0 0 0 0 0 0 0 0 0 0 14 0 14 0 0 0 0 7 0 0 5 0 0 0 0 0 0 40 9 0 0 0 0 0 0 0 0 0 0 0 0 0 0 0 7 39 21 4 0 15 0 13 9 40 19 1 0 4 2 9 31 23 0 19 0 0 0 0 0 0 0 0 0 14 0 0 0 0 0 0 0 0 0 0 0 17 0 0 0 0 0 0 0 0 12 0 2 0 0 0 0 37 0 0 0 1 0 0 0 2 1 0 0 21 0 0 0 0 0 0 0 0 0 0 0 0 0 19 6 0 0 1 0 
 2 0 3 0 0 0 2 0 0 0 0 0 2 0 0 0 0 0 0 3 3 6 3 3 3 3 6 3 3 3 3 3 3 5 3 3 3 5 3 7 31 244 269 104 256 302 43 61 131 217 419 100 43 20 59 234 0 193 36 36 0 0 6 5 0 0 0 0 3 5 17 3 1 0 0 4 6 5 0 0 0 0 0 0 0 0 0 0 0 0 0 0 0 0 0 0 8 0 0 0 0 0 0 0 0 0 0 0 0 0 0 0 0 0 0 0 0 0 0 0 0 0 45 33 12 4 0 0 13 17 47 44 0 0 0 0 0 27 0 0 0 0 0 4 16 5 0 0 0 0 4 0 4 0 0 0 0 4 0 0 0 0 0 0 0 2 0 0 0 0 6 0 0 0 0 0 0 0 0 0 0 0 0 0 0 0 0 0 0 0 0 0 0 0 0 0 0 0 0 0 0 4 23 33 1 9 11 0 0 4 29 24 0 0 0 0 0 25 0 0 10 0 0 12 19 7 19 0 0 0 0 7 0 0 7 0 0 0 10 0 0 0 15 0 0 0 0 0 0 0 0 10 1 2 0 0 0 0 1 37 0 0 0 64 0 12 6 0 0 0 9 0 0 0 0 5 0 0 0 0 0 0 0 0 13 3 0 0 1 1 
 0 0 1 2 3 0 1 2 0 0 0 0 0 0 0 0 0 0 2 2 0 0 0 0 0 1 0 3 0 0 209 0 0 0 0 0 0 2 0 0 25 54 275 311 254 263 25 44 310 78 309 49 33 49 27 123 193 0 43 81 0 0 0 0 0 0 0 0 0 0 0 0 0 0 0 0 0 0 0 0 0 0 0 0 0 0 0 0 0 0 0 0 0 0 0 0 0 0 0 0 0 0 0 0 0 0 0 0 0 0 0 5 22 0 0 0 0 0 0 49 0 0 27 30 79 80 0 2 13 19 32 18 0 0 0 0 0 6 0 0 0 0 0 0 0 0 2 0 0 0 0 0 10 0 0 0 0 0 0 4 0 0 0 0 0 0 0 0 0 0 4 0 0 0 0 0 0 0 0 0 0 0 0 0 0 0 0 27 0 0 0 0 0 0 0 0 0 0 0 0 0 0 0 63 29 50 0 0 0 0 30 35 0 0 0 1 0 9 0 0 0 0 0 0 0 0 0 0 0 0 0 0 3 0 0 0 0 0 17 0 0 0 0 0 0 0 0 0 0 0 0 9 0 0 0 0 0 0 0 23 0 0 64 135 3 61 0 62 0 0 20 0 0 0 0 0 0 0 0 0 0 0 0 0 0 8 0 0 0 0 
 3 3 3 3 3 3 3 3 3 74 3 3 0 3 3 3 3 3 3 3 0 4 89 1 1 196 0 1 0 0 0 1 0 0 0 0 1 0 0 0 67 109 256 73 46 51 62 42 90 81 39 33 300 89 76 46 36 43 0 445 48 0 0 200 0 3 0 0 0 0 0 0 0 0 0 0 0 0 0 0 0 0 0 0 0 0 0 0 0 0 0 0 0 0 0 0 0 4 0 0 0 0 0 0 0 0 0 0 0 0 0 18 0 0 0 0 0 0 0 0 13 0 0 0 3 0 43 0 20 0 8 17 81 15 16 5 6 9 34 37 0 0 0 0 0 0 0 0 0 9 0 0 2 1 0 0 0 0 0 0 0 0 0 0 1 0 0 0 0 0 0 0 0 0 0 14 0 0 0 0 0 0 0 0 0 0 0 0 0 0 0 1 0 0 0 0 0 0 0 0 60 0 0 3 0 0 38 22 2 4 2 4 24 16 20 2 0 17 38 42 0 0 0 0 0 0 0 0 0 0 0 0 0 0 0 0 0 0 2 0 0 0 0 0 0 0 0 0 0 0 0 9 0 0 0 0 0 0 0 0 0 0 2 0 0 4 3 0 1 0 0 0 0 0 0 0 0 0 0 0 0 0 2 0 5 0 0 0 1 0 
 2 2 2 2 2 2 4 2 2 65 2 10 0 2 2 2 2 2 2 8 0 2 0 0 0 11 3 0 0 0 0 2 0 0 0 0 0 1 0 0 167 37 708 56 152 43 217 58 84 81 59 50 224 260 113 68 36 81 445 0 0 0 0 6 0 203 0 0 0 7 0 0 6 2 6 0 0 2 0 3 0 0 0 0 0 10 0 0 0 0 0 0 0 0 0 0 0 0 0 0 0 0 0 0 0 0 0 0 0 0 0 0 0 0 0 5 0 0 0 47 20 20 0 0 3 7 17 20 7 0 0 0 35 42 16 8 1 0 10 16 0 0 14 0 0 0 0 0 0 8 0 0 47 0 19 0 0 0 5 13 0 0 0 0 0 0 0 11 0 0 0 0 0 0 0 3 0 0 0 0 0 0 0 0 0 0 0 0 0 0 0 0 0 0 0 0 0 0 0 0 31 0 9 0 4 5 24 20 6 2 13 3 19 27 10 17 21 0 12 31 1 0 0 0 0 0 0 0 1 0 0 0 0 0 0 0 21 0 12 0 0 0 0 0 0 0 0 0 0 0 0 11 0 0 0 0 0 0 0 0 0 0 0 0 2 2 0 0 2 0 0 0 0 0 0 0 0 0 0 0 0 0 1 0 4 0 0 0 2 0 
 0 0 1 0 0 2 1 0 0 0 6 0 0 0 0 0 0 0 0 2 0 0 2 0 0 0 0 0 0 0 0 0 0 0 0 0 0 2 3 0 0 0 0 0 0 0 0 52 0 0 19 0 51 0 5 0 0 0 48 0 0 86 80 75 82 262 272 271 23 31 259 25 62 116 237 308 46 60 32 283 0 0 0 0 0 0 0 0 0 0 0 0 0 0 0 0 0 0 0 0 0 0 0 0 0 0 0 0 0 0 0 10 0 0 0 0 0 0 0 0 0 0 0 0 0 0 0 0 0 0 0 0 0 0 0 0 0 0 0 0 4 21 7 0 0 0 0 7 17 17 0 15 0 1 8 4 11 7 0 0 21 3 0 0 13 0 0 0 1 0 0 0 0 0 0 0 0 0 0 0 0 0 0 0 0 0 0 0 0 0 0 0 0 0 0 0 0 0 0 0 0 0 0 0 0 0 0 0 0 0 0 0 0 0 0 0 0 0 0 0 0 19 15 8 0 0 1 11 17 35 1 0 0 0 17 27 34 27 0 0 10 0 0 0 0 0 0 0 0 0 0 0 0 0 2 0 0 0 0 0 0 0 0 0 0 0 0 2 0 0 2 0 0 9 0 0 0 0 0 0 0 0 0 0 0 0 0 0 0 0 
 0 0 0 32 0 0 2 0 5 0 0 0 30 0 0 0 0 0 0 0 0 0 0 0 0 0 0 0 0 2 0 0 0 0 0 0 0 0 0 0 0 0 0 5 0 0 0 2 0 0 0 0 0 0 0 0 0 0 0 0 86 0 341 58 34 33 73 266 392 52 22 45 255 90 266 233 207 71 48 56 0 0 0 0 0 0 0 0 0 0 0 0 11 0 0 0 0 0 0 1 0 0 0 0 0 0 0 0 0 0 0 0 0 0 0 0 0 0 0 0 8 0 0 0 0 0 0 0 0 0 0 0 0 0 0 0 0 0 0 0 0 0 0 17 19 0 0 6 14 27 32 33 7 0 0 0 5 17 0 11 0 0 0 0 11 0 0 0 1 0 0 0 0 0 0 0 0 0 0 4 0 0 0 0 0 0 0 0 0 0 0 0 0 0 0 0 0 0 0 0 0 0 0 0 0 0 0 0 0 0 0 0 0 0 0 0 0 0 6 0 0 15 8 33 20 0 0 1 31 24 31 31 0 20 1 0 17 3 0 0 6 0 0 0 0 0 0 0 0 0 0 0 0 0 25 0 0 0 0 0 0 0 0 0 0 0 9 2 0 0 11 1 0 16 0 0 0 0 0 0 0 0 0 0 0 0 0 0 7 0 
