 0 409 287 262 53 21 467 631 33 40 39 36 53 153 395 45 41 29 50 228 3 3 3 0 2 0 77 0 7 0 0 3 3 0 0 2 4 3 4 2 0 2 4 0 0 3 0 0 0 6 7 3 5 0 0 0 0 2 3 5 0 2 3 0 0 4 0 0 2 0 3 3 8 0 0 2 0 0 0 8 28 70 16 0 0 0 0 10 55 23 1 0 0 32 31 44 26 0 0 7 0 0 0 0 0 0 0 0 0 0 0 0 0 0 0 0 0 0 0 0 0 6 0 0 0 0 0 0 0 5 0 0 0 0 0 0 0 0 0 0 0 0 2 14 0 0 0 0 1 7 0 0 0 0 0 0 0 0 0 0 40 25 50 1 0 0 13 34 0 0 0 0 0 54 9 11 24 0 0 0 0 0 0 0 0 0 0 0 0 0 0 0 0 0 0 0 0 0 0 0 0 0 0 0 0 0 0 0 0 0 0 0 0 0 0 0 0 0 0 0 0 0 0 0 0 0 0 0 0 0 0 0 0 0 0 0 0 0 0 0 0 0 0 0 0 0 0 0 2 0 0 6 0 0 0 0 0 0 0 0 0 0 0 0 0 0 0 0 0 0 0 0 0 0 0 0 0 0 0 0 0 0 0 0 0 0 0 0 0 0 
 409 0 376 59 55 29 94 383 350 41 38 22 33 157 371 305 463 266 27 59 3 1 3 1 2 0 5 0 5 1 0 2 0 0 0 0 2 3 2 4 0 0 0 0 6 3 0 0 0 0 6 0 0 3 0 0 5 3 0 0 0 0 0 0 3 0 0 3 0 3 0 0 0 0 0 0 2 0 0 0 0 1 33 1 0 0 0 0 60 30 37 11 0 7 17 27 29 12 0 15 0 0 0 0 0 0 0 0 0 0 0 0 0 0 0 0 0 2 0 0 0 0 0 0 0 0 0 0 16 0 0 0 0 0 52 0 0 0 0 0 0 0 2 0 2 0 0 0 0 0 0 0 0 0 1 0 0 0 0 0 0 51 13 40 0 0 0 15 45 23 0 2 0 26 1 42 59 27 20 19 0 0 20 0 15 0 0 0 0 0 0 0 0 0 0 0 0 0 0 0 0 0 0 0 0 0 0 0 0 18 0 1 0 0 0 0 0 2 0 7 0 0 0 0 0 0 0 0 0 0 1 0 0 1 0 0 0 0 0 0 0 0 0 0 0 0 0 0 2 0 0 13 0 1 0 0 0 0 0 0 0 0 0 0 0 0 0 0 0 0 0 0 0 0 0 11 0 30 0 0 0 0 0 0 0 0 0 0 0 0 
 287 376 0 137 277 49 283 116 239 428 50 108 282 154 84 455 197 332 50 111 7 7 4 3 3 1 2 2 4 0 0 3 0 0 0 0 2 3 3 1 3 0 2 0 2 58 0 65 0 3 3 3 3 0 0 0 0 0 0 0 0 4 5 3 0 0 0 0 0 0 3 3 0 3 2 2 0 1 0 0 0 13 83 29 0 0 0 0 5 34 57 36 2 0 7 7 7 41 0 0 0 0 0 0 0 0 0 0 0 0 0 0 0 0 0 0 0 0 0 0 0 0 0 0 0 0 0 0 0 0 0 0 0 0 0 0 0 0 0 2 0 0 2 0 0 0 1 1 0 0 0 0 0 0 0 0 0 0 0 0 1 25 8 41 15 0 0 1 39 21 25 27 0 0 1 20 51 38 0 17 0 2 0 0 0 0 1 0 0 0 0 0 0 0 0 0 0 0 0 0 0 0 0 0 0 0 0 0 0 0 0 0 0 0 0 0 0 9 0 0 0 0 0 0 0 0 0 12 0 0 0 0 0 0 0 0 0 0 0 0 0 10 0 0 0 2 7 2 2 8 2 5 0 0 0 0 0 0 0 0 0 0 0 0 0 0 0 0 0 0 0 0 0 0 0 11 14 10 0 0 0 0 0 0 0 0 0 0 0 0 
 262 59 137 0 107 99 106 299 81 709 290 399 59 92 60 52 135 308 90 46 3 3 3 0 2 0 2 0 6 0 0 3 0 0 0 0 3 3 3 2 0 0 2 0 0 3 0 0 0 3 0 3 84 0 0 0 0 0 0 61 0 2 3 0 0 0 0 0 0 0 3 3 0 0 0 0 0 3 0 0 0 3 12 52 28 15 0 0 0 18 21 42 0 0 0 1 0 36 0 0 0 0 0 0 0 0 0 1 0 0 0 0 9 0 0 0 0 0 1 0 0 0 0 1 0 0 0 0 0 0 0 0 0 2 0 0 0 0 0 0 0 0 4 0 0 0 0 0 0 0 0 0 0 0 0 0 0 0 0 0 0 0 2 0 46 24 0 0 1 15 38 53 0 0 7 0 2 20 0 0 0 0 0 0 0 0 0 0 0 0 0 0 0 0 0 1 0 0 13 9 0 1 0 0 0 0 0 0 0 0 1 0 0 12 0 0 0 0 0 0 0 0 0 0 0 0 2 0 0 0 0 2 0 0 0 0 0 0 0 0 0 10 0 0 0 2 15 0 0 19 0 6 12 0 0 0 0 0 0 0 0 0 29 0 0 0 0 0 0 0 0 0 0 0 0 20 16 0 0 0 0 0 0 0 0 0 0 0 0 0 
 53 55 277 107 0 410 57 81 495 298 168 1057 86 302 87 495 91 53 74 281 5 2 3 2 4 0 3 95 38 3 1 76 2 0 0 0 2 3 5 0 0 2 2 62 0 2 0 62 0 3 0 3 3 0 0 0 0 0 2 0 0 2 3 0 2 0 0 0 0 5 3 5 0 0 0 1 0 0 0 43 0 0 20 10 25 41 0 0 0 0 0 38 0 0 0 0 0 0 0 0 26 0 0 0 0 0 89 1 0 0 0 0 33 30 0 0 2 0 53 15 0 0 0 0 0 2 1 0 0 0 10 0 0 0 0 2 0 0 0 0 0 1 2 0 0 0 15 9 17 1 0 0 0 0 0 0 0 0 0 0 0 10 0 0 14 43 0 2 0 3 0 34 0 0 0 8 0 1 0 0 0 0 0 0 0 0 29 0 0 3 0 0 14 0 0 0 0 0 45 23 41 0 0 0 0 0 0 0 0 0 0 0 0 0 0 0 2 0 2 0 0 0 0 0 0 0 0 7 0 0 0 0 0 0 15 0 0 0 0 0 0 0 0 0 0 2 7 2 2 7 0 2 0 0 0 1 0 0 0 0 0 0 33 0 0 0 0 0 0 0 0 0 0 0 0 0 0 0 0 0 0 0 0 0 0 0 0 0 0 0 
 21 29 49 99 410 0 256 25 342 44 78 67 44 250 77 291 71 48 122 54 3 2 3 0 2 0 2 0 3 0 0 4 1 78 0 6 4 3 304 3 0 0 2 0 0 62 0 0 0 9 0 3 3 1 0 0 0 1 0 0 0 2 3 0 0 0 0 0 0 0 3 3 0 0 0 0 0 0 0 0 0 0 0 0 5 33 0 0 0 0 0 0 0 0 0 0 0 0 0 0 23 0 0 0 0 0 37 14 0 0 0 2 25 31 0 0 0 1 49 45 0 0 0 0 0 0 0 1 0 0 0 0 0 11 0 0 0 0 0 0 0 0 0 1 1 0 0 4 0 0 0 0 0 7 0 0 2 0 0 0 0 0 0 0 0 26 0 0 0 0 0 0 0 0 0 0 0 0 0 0 0 0 0 0 0 0 34 23 0 0 0 0 27 13 0 0 0 0 46 55 0 0 0 0 0 0 0 0 0 0 0 0 0 0 0 0 0 0 0 0 0 2 0 0 0 0 0 0 0 0 2 0 0 0 0 8 0 0 0 0 0 0 0 0 0 0 0 7 2 1 0 86 0 0 1 0 0 0 0 0 0 0 0 0 0 0 0 0 0 0 0 0 0 0 0 0 0 0 0 0 0 0 0 0 0 0 0 0 0 0 
 467 94 283 106 57 256 0 91 74 51 43 54 592 539 61 53 41 25 59 583 3 4 3 0 4 0 2 0 3 0 0 3 19 0 0 76 2 3 3 73 0 0 2 0 0 2 0 0 0 3 0 3 3 0 0 0 0 0 0 0 0 2 2 0 0 0 0 0 0 0 3 3 0 0 0 43 0 0 0 0 57 57 1 0 0 0 15 29 11 3 2 0 2 36 21 48 26 0 9 14 0 0 0 0 0 0 0 0 0 0 0 0 0 12 27 0 0 0 0 0 0 8 19 0 0 0 0 0 0 0 0 0 0 0 0 0 0 0 0 0 1 0 0 0 0 0 0 0 3 19 0 0 0 0 0 0 0 0 0 2 29 21 61 0 0 0 18 13 0 0 0 0 0 69 32 18 0 0 0 30 0 0 0 0 0 0 0 0 2 1 0 0 0 1 1 0 0 0 0 0 0 0 0 0 0 0 0 0 0 0 0 0 0 0 0 0 0 0 0 0 0 14 0 0 0 0 0 0 0 16 0 0 0 0 0 0 0 40 0 0 0 0 0 0 0 0 1 0 4 0 2 4 0 0 0 0 0 0 0 0 0 0 0 0 0 0 0 0 0 0 0 0 0 0 0 0 0 0 0 0 0 0 0 0 0 0 0 0 0 0 
 631 383 116 299 81 25 91 0 89 53 39 253 73 712 159 51 88 38 54 60 3 4 3 0 4 2 2 0 3 0 0 3 0 0 0 0 4 3 3 1 0 0 2 0 0 3 0 0 0 3 3 3 3 1 0 0 0 0 1 0 0 2 3 0 0 0 0 0 0 0 3 3 0 0 0 0 0 0 0 0 0 24 29 0 0 0 0 24 19 31 0 0 0 0 22 33 40 0 0 12 0 0 0 0 0 0 0 0 2 0 2 0 0 0 0 0 0 14 0 0 28 0 0 0 0 35 0 0 1 0 0 0 0 0 0 0 0 0 0 0 0 0 2 0 0 0 0 0 0 1 0 0 0 0 0 0 14 0 0 0 14 36 34 37 0 0 23 22 67 9 0 0 0 48 37 36 52 26 0 19 1 0 0 0 0 0 18 0 0 0 0 0 0 0 0 0 0 0 1 0 0 0 0 0 0 0 0 0 0 0 0 0 0 0 0 0 0 0 0 0 0 0 4 0 0 1 0 0 1 0 0 0 0 0 0 0 0 0 0 0 0 0 0 0 0 2 1 0 2 0 0 0 0 0 0 0 0 0 0 0 0 0 0 0 0 0 2 0 0 0 0 0 0 0 0 10 0 0 0 0 0 0 0 0 0 0 0 0 0 0 
 33 350 239 81 495 342 74 89 0 661 38 57 83 87 93 182 207 327 285 57 3 4 3 0 3 0 2 0 3 0 2 3 22 7 0 0 2 3 210 1 0 0 2 0 0 2 0 0 0 67 0 3 3 0 0 0 0 0 0 0 0 2 2 0 0 0 0 0 0 0 3 3 0 0 0 2 0 36 0 0 7 13 47 43 0 0 0 0 38 44 88 16 0 0 27 9 17 48 0 0 0 0 0 0 0 0 0 0 0 0 0 0 1 0 0 0 0 0 0 0 0 0 0 0 0 0 0 0 0 0 0 0 0 19 0 0 0 0 0 0 0 0 2 0 0 0 0 0 0 0 0 0 0 0 0 0 0 0 0 0 0 20 8 33 20 0 0 0 39 18 21 21 0 0 0 25 47 40 0 15 0 0 0 0 0 0 0 0 0 0 0 0 0 0 0 0 0 0 0 1 0 0 0 0 0 0 0 24 0 0 0 0 0 0 0 0 0 0 0 0 0 0 0 0 0 0 0 0 0 0 0 0 0 0 0 18 0 0 0 0 0 10 0 0 0 2 4 0 2 3 0 7 0 0 0 0 0 0 0 0 0 0 0 0 0 0 0 0 0 0 0 0 27 0 0 14 14 10 0 0 0 0 0 0 0 0 0 0 0 0 
 40 41 428 709 298 44 51 53 661 0 348 60 67 102 236 456 371 180 158 59 3 3 3 0 1 0 2 0 3 0 0 3 0 0 4 1 3 5 5 1 0 0 2 0 0 3 0 0 0 3 0 3 3 1 0 0 0 3 0 0 0 2 3 36 0 0 0 0 0 0 3 3 0 0 0 0 0 0 0 0 0 9 18 72 21 0 0 0 22 8 63 28 0 0 0 27 8 51 0 1 2 0 1 0 0 0 0 0 0 0 0 0 1 0 0 0 0 0 0 0 0 0 0 0 0 0 0 15 0 0 0 0 0 0 0 0 1 0 1 0 0 0 1 0 0 0 1 0 0 0 0 0 0 13 2 0 0 0 2 0 0 11 6 1 21 0 0 0 8 47 55 27 0 0 0 12 0 10 0 0 0 0 0 0 0 0 0 0 0 0 0 0 0 0 0 0 0 0 0 0 0 0 0 0 0 0 2 0 0 0 0 1 0 25 0 0 0 1 0 0 0 0 0 20 0 0 0 0 0 0 0 0 0 1 0 0 0 0 0 0 0 12 0 0 0 2 177 2 4 173 0 2 14 0 0 0 0 0 0 0 13 0 0 0 0 0 0 0 0 0 0 0 0 0 0 14 11 31 0 0 0 0 0 0 0 1 0 0 0 0 
 39 38 50 290 168 78 43 39 38 348 0 308 38 39 66 110 206 214 60 51 3 3 3 5 4 4 2 0 6 0 12 7 1 3 2 3 8 7 7 0 8 6 2 0 5 4 0 3 2 3 3 5 5 0 0 0 2 34 0 2 3 3 2 3 1 2 3 0 2 1 11 5 1 3 0 6 1 0 0 1 0 2 4 31 29 35 0 0 0 18 20 27 0 0 1 0 1 53 0 0 0 0 0 0 0 37 0 1 0 0 0 2 28 0 0 1 0 0 10 0 0 0 0 0 0 0 0 2 0 1 0 0 0 0 0 0 0 0 0 0 0 0 2 0 6 0 0 3 0 0 0 0 0 0 0 0 2 0 0 0 0 13 0 1 46 14 0 0 1 30 37 42 0 0 0 0 0 18 0 0 0 0 0 0 0 1 1 0 0 0 0 0 0 0 0 0 0 0 16 17 0 24 0 0 0 0 0 2 0 0 0 0 0 11 0 0 0 0 0 0 0 2 2 0 0 0 0 0 0 0 2 0 0 0 0 0 0 8 11 0 0 20 8 0 0 2 55 1 0 98 0 2 13 0 0 0 0 0 0 0 0 0 19 0 0 0 0 0 0 0 0 0 0 0 0 10 0 7 0 0 0 0 0 0 0 0 0 0 0 0 
 36 22 108 399 1057 67 54 253 57 60 308 0 644 51 29 219 150 540 53 245 3 2 3 0 1 0 3 0 3 0 0 3 1 0 0 2 3 3 3 0 0 0 2 0 0 2 81 0 0 3 0 3 3 0 0 0 0 0 0 0 2 2 2 0 0 0 0 5 0 0 3 3 0 0 0 2 0 0 0 0 0 0 0 57 31 48 0 0 0 0 1 22 0 0 0 0 1 0 0 0 0 0 0 0 0 0 5 0 0 0 0 0 26 0 0 0 0 0 22 0 0 0 0 0 0 0 0 0 0 0 0 0 0 0 0 0 0 0 0 0 0 0 1 0 0 0 0 4 0 0 0 0 0 17 0 0 0 0 0 0 0 1 0 0 22 16 0 0 0 12 17 36 0 0 0 0 0 0 0 0 19 0 0 0 0 0 24 0 0 0 0 0 0 0 0 0 0 0 18 27 0 0 0 0 11 0 0 0 0 0 0 0 0 12 0 0 0 0 0 0 0 0 0 0 0 0 21 0 0 0 0 0 0 0 0 0 0 0 0 0 0 1 0 0 0 2 182 0 2 174 2 0 14 0 0 0 0 0 0 0 0 0 9 0 0 0 0 0 0 0 0 0 0 0 0 17 0 0 0 0 0 0 0 0 0 0 0 0 0 0 
 53 33 282 59 86 44 592 73 83 67 38 644 0 105 19 260 34 32 676 401 3 3 3 2 2 1 4 0 3 0 0 5 1 2 0 0 2 3 3 2 0 1 2 3 0 4 0 1 0 3 1 3 3 1 1 0 11 1 0 0 0 2 3 0 0 0 0 0 0 0 3 3 0 5 0 1 0 0 0 0 34 19 0 0 0 0 28 7 1 0 1 0 24 26 11 68 0 0 51 28 0 0 0 0 0 0 0 0 0 0 0 0 0 0 0 0 0 0 0 0 0 6 0 0 0 0 0 0 0 0 0 0 2 0 0 17 0 0 0 0 2 0 2 0 0 0 0 0 3 10 0 0 0 0 0 4 0 0 0 6 21 0 9 0 0 0 60 10 0 0 0 0 10 1 0 1 0 0 0 9 0 0 0 0 0 0 0 18 0 0 0 0 0 1 2 0 0 0 22 0 0 0 0 0 0 0 0 0 0 0 0 13 0 0 0 0 0 0 0 0 0 0 0 11 0 0 0 0 0 22 0 0 0 0 0 0 0 0 0 0 0 0 14 0 0 2 0 0 4 0 0 5 0 0 0 0 0 0 0 0 0 0 0 0 0 0 0 0 0 0 0 0 0 0 0 0 0 0 0 0 0 0 0 0 0 0 0 0 0 0 
 153 157 154 92 302 250 539 712 87 102 39 51 105 0 526 45 53 32 499 244 4 3 3 0 2 2 2 0 4 0 3 3 0 0 0 77 3 5 3 2 3 3 2 0 0 0 0 2 0 3 7 3 3 0 0 0 0 1 3 1 0 2 2 0 0 1 0 0 2 0 4 2 1 0 2 3 0 0 0 4 28 32 16 0 8 0 3 13 38 44 1 0 0 9 100 34 24 0 1 13 0 0 0 0 0 0 0 0 10 0 0 0 0 0 0 0 0 0 2 2 2 0 0 0 0 8 0 0 2 2 0 0 0 0 0 0 0 1 0 0 0 0 2 0 0 0 0 0 0 13 0 0 0 0 8 0 0 10 0 0 31 18 37 0 0 0 26 37 0 1 0 0 0 38 20 23 37 0 0 1 0 0 0 0 0 0 0 0 0 0 0 0 0 0 0 0 0 0 0 0 0 0 0 0 0 0 0 0 0 0 0 0 0 0 19 0 0 0 0 0 0 0 0 0 0 1 0 0 1 0 0 0 0 0 0 8 0 0 0 0 0 0 0 0 0 0 0 0 1 0 2 0 0 0 0 0 0 0 31 0 1 0 0 0 0 0 2 0 0 0 1 0 0 0 0 0 0 0 0 0 0 0 0 0 0 0 0 0 0 0 
 395 371 84 60 87 77 61 159 93 236 66 29 19 526 0 79 50 52 66 80 3 4 4 1 4 0 2 2 8 1 0 3 3 0 0 9 3 3 4 8 2 0 2 3 0 3 0 0 0 3 77 3 3 1 0 0 0 0 0 0 7 4 3 41 0 0 0 0 34 0 3 3 0 0 0 0 0 0 3 0 6 28 31 0 0 0 0 17 24 40 14 0 0 6 23 60 33 0 1 10 0 0 0 0 0 0 0 0 0 0 0 0 0 0 0 0 0 0 0 0 0 0 0 0 2 0 0 0 0 1 0 0 0 0 0 0 0 0 0 2 0 0 2 2 0 0 0 0 0 0 0 0 0 0 0 0 0 0 0 0 14 31 39 28 0 0 0 58 29 10 0 0 0 89 19 29 53 24 0 13 0 0 0 0 0 0 0 0 0 0 2 0 0 0 0 0 0 0 0 0 0 0 0 0 0 0 0 0 0 0 0 0 0 0 0 0 0 0 0 0 0 0 0 0 0 0 8 0 0 0 0 0 0 0 0 0 0 0 0 0 0 0 0 0 0 2 2 0 0 0 0 0 0 1 0 0 0 0 0 0 2 0 0 0 0 0 0 0 0 0 0 0 0 0 0 10 0 0 0 0 0 0 0 0 0 0 0 0 0 0 
 45 305 455 52 495 291 53 51 182 456 110 219 260 45 79 0 195 366 22 257 3 4 2 2 4 2 2 82 4 0 0 3 0 0 0 1 2 2 3 1 0 0 2 0 0 1 0 0 0 3 92 3 3 6 0 1 0 0 2 0 0 2 2 0 0 0 0 0 2 0 3 3 2 0 0 3 0 0 0 3 0 12 59 20 1 0 0 0 45 30 66 29 0 0 6 8 9 45 0 0 0 0 0 0 0 0 0 0 0 0 0 4 0 0 0 0 12 0 0 0 0 0 0 0 0 0 0 0 0 0 0 0 0 0 0 1 0 0 0 0 1 0 2 0 0 0 0 0 0 0 0 0 0 0 13 0 0 0 0 0 0 27 8 35 21 0 0 0 50 23 23 14 0 0 0 21 62 39 0 16 0 0 0 0 0 0 0 0 24 2 0 8 0 1 1 0 0 0 0 9 0 0 0 0 0 0 0 0 0 0 12 0 0 0 0 0 0 0 0 0 16 0 0 11 0 0 0 0 0 0 0 0 0 0 0 0 0 9 0 0 0 10 0 0 0 1 5 2 0 3 2 0 0 0 0 0 0 0 0 0 0 0 0 0 0 0 0 0 0 0 0 0 0 0 0 12 17 12 0 0 0 0 0 0 0 0 0 0 0 0 
 41 463 197 135 91 71 41 88 207 371 206 150 34 53 50 195 0 270 44 23 3 9 3 0 2 0 2 0 3 0 0 3 0 0 0 2 2 5 3 1 68 0 2 2 0 3 0 0 0 3 1 3 3 0 2 0 0 63 0 0 1 2 3 0 0 0 50 0 0 1 7 3 0 28 0 1 0 0 0 0 1 0 17 23 0 0 0 0 25 63 48 12 0 0 10 10 10 25 0 0 0 0 0 0 0 0 0 0 1 0 0 1 5 0 0 0 0 0 0 0 0 0 0 0 0 0 0 10 1 0 1 0 0 0 0 0 0 2 0 0 0 0 0 0 0 0 0 0 0 0 0 0 0 0 0 0 0 10 0 0 0 15 1 7 23 0 0 1 17 11 21 18 0 0 0 14 17 13 0 0 2 0 0 0 0 0 0 0 0 0 0 0 0 0 0 0 0 0 0 0 0 0 0 0 0 0 0 0 6 0 0 0 0 0 0 0 5 0 0 0 0 0 0 0 0 2 0 0 2 0 1 0 0 0 0 0 0 0 0 0 0 11 0 0 0 1 86 0 0 0 0 7 0 0 0 0 0 0 0 0 0 0 0 0 0 0 1 0 0 0 0 0 0 0 0 19 23 18 0 0 0 0 0 0 0 0 0 0 0 0 
 29 266 332 308 53 48 25 38 327 180 214 540 32 32 52 366 270 0 31 33 3 3 3 2 1 0 2 0 3 0 1 5 0 0 0 0 2 5 3 2 0 0 2 0 27 2 0 0 0 3 0 4 3 0 0 0 0 0 2 0 0 2 2 0 0 0 0 0 0 0 3 3 0 0 0 2 0 0 0 0 0 12 30 46 25 1 0 0 47 8 33 46 0 0 0 14 0 39 0 0 0 0 0 0 0 0 0 0 0 0 0 0 13 0 0 0 0 0 0 0 1 0 0 0 0 0 0 0 0 0 0 0 0 0 0 0 0 2 1 0 0 0 0 0 0 14 0 0 0 0 0 0 0 1 0 0 0 0 0 0 0 11 10 0 11 0 1 0 3 19 26 28 0 0 0 12 0 12 0 0 0 0 0 0 0 0 0 0 18 0 0 0 0 0 0 0 0 1 0 0 0 0 0 0 0 0 0 0 0 0 0 0 0 14 0 0 0 0 0 0 0 0 0 0 0 2 1 0 2 1 0 0 0 0 0 0 0 0 0 0 0 11 0 0 0 5 87 0 3 169 0 0 25 0 0 0 0 0 0 0 1 0 0 0 0 0 0 0 0 0 0 0 0 0 0 0 12 0 0 0 0 0 0 0 0 0 0 0 0 0 
 50 27 50 90 74 122 59 54 285 158 60 53 676 499 66 22 44 31 0 382 3 78 3 0 4 0 2 0 3 0 1 4 0 0 2 4 2 5 5 1 0 0 2 0 0 3 0 0 0 3 0 3 3 0 0 0 0 0 0 0 0 2 3 0 0 0 0 48 0 0 3 3 0 0 0 0 0 0 0 0 24 2 1 0 0 0 53 11 0 0 0 0 42 42 0 0 0 0 36 8 0 0 0 0 0 0 0 0 2 0 0 0 0 0 0 9 0 0 0 0 2 2 0 0 0 0 0 0 0 0 0 0 0 0 0 13 0 0 0 0 0 0 1 0 0 0 0 0 4 10 0 0 0 0 0 0 0 0 0 10 10 1 0 12 0 0 74 1 0 0 0 0 45 0 0 0 0 0 13 42 1 0 0 0 0 0 0 0 0 0 0 0 0 0 0 0 0 2 0 0 0 0 0 0 0 0 0 0 0 0 0 0 0 0 0 0 0 0 0 0 0 0 0 0 0 1 0 0 1 0 3 0 0 0 0 0 0 0 15 0 0 0 0 0 0 0 0 0 1 0 1 0 0 0 0 0 0 0 0 0 1 0 0 0 0 0 2 0 0 0 0 0 0 0 0 0 0 0 0 0 0 0 0 0 0 0 0 0 0 0 
 228 59 111 46 281 54 583 60 57 59 51 245 401 244 80 257 23 33 382 0 4 5 3 0 3 0 2 1 3 0 0 3 0 0 0 0 5 3 3 2 0 0 2 0 0 3 0 0 0 3 1 3 3 1 0 0 0 1 0 0 0 2 3 0 0 0 0 0 0 0 3 3 0 0 0 0 0 0 0 0 43 28 2 1 0 0 20 32 2 2 0 1 17 19 28 11 2 0 48 39 0 0 2 0 0 0 0 0 0 0 0 0 0 0 0 0 0 0 0 0 0 5 0 0 0 0 0 0 0 7 0 0 0 0 0 14 2 0 0 0 0 0 2 0 0 0 2 0 3 14 0 0 0 0 0 0 0 0 1 4 15 0 16 0 0 0 38 10 2 2 0 0 11 2 0 6 0 0 0 12 0 1 0 0 0 0 0 0 0 0 0 0 0 0 0 0 0 0 0 0 0 0 0 0 0 0 1 0 0 0 0 0 0 0 0 0 0 0 0 0 0 0 0 0 0 0 0 0 0 0 0 0 0 0 0 9 0 2 0 0 0 0 0 0 0 2 0 0 0 0 1 5 0 0 0 0 0 0 0 0 0 0 0 0 0 0 0 0 0 2 0 0 0 0 0 0 0 0 0 0 0 0 0 0 0 2 0 0 0 0 
 3 3 7 3 5 3 3 3 3 3 3 3 3 4 3 3 3 3 3 4 0 71 299 43 33 18 418 379 54 28 455 45 62 142 336 45 41 233 35 46 4 0 0 0 0 0 0 3 0 0 0 0 11 0 0 1 0 0 62 0 2 0 0 3 0 0 3 3 0 3 0 29 9 2 26 0 1 0 0 0 0 0 0 0 0 0 0 0 0 0 0 0 0 0 0 0 9 0 0 0 20 33 19 1 0 0 34 23 38 9 7 0 1 18 40 4 32 15 0 9 0 0 0 0 0 0 0 0 0 0 0 0 0 0 0 0 0 0 0 0 4 0 26 4 0 0 0 0 0 0 0 0 0 0 5 6 0 0 0 0 0 0 0 0 0 0 0 0 0 0 0 0 0 0 0 0 0 0 0 0 37 31 18 0 0 0 25 53 38 13 3 0 6 39 48 24 68 3 0 0 0 13 0 0 0 0 0 0 0 0 0 0 0 0 0 0 0 0 0 0 0 0 0 0 0 0 0 0 0 0 0 0 0 0 0 0 0 0 0 0 0 0 8 0 0 0 0 0 0 0 0 0 0 0 4 1 2 29 0 0 4 0 15 0 0 0 0 0 0 0 0 0 0 0 0 0 0 0 0 0 0 0 0 0 0 0 0 0 0 0 
 3 1 7 3 2 2 4 4 4 3 3 2 3 3 4 4 9 3 78 5 71 0 295 380 23 42 292 340 238 59 44 27 276 57 331 169 54 59 41 46 0 0 0 0 0 3 0 3 0 0 0 0 0 0 0 0 0 0 2 0 3 0 0 3 1 0 3 3 0 3 0 0 2 2 0 0 0 0 0 0 0 0 0 0 0 0 0 0 0 0 0 0 0 0 0 0 0 2 0 0 0 31 36 30 0 0 0 17 35 52 12 1 0 0 20 21 41 1 0 0 0 0 0 0 0 0 0 0 0 0 0 0 0 0 0 0 0 18 0 0 1 0 1 1 0 21 3 0 0 0 0 1 0 0 0 0 0 0 0 6 0 0 0 0 0 0 0 0 0 0 0 0 0 0 0 0 0 0 0 0 2 24 33 27 0 0 0 15 12 12 24 0 0 14 9 24 46 8 0 0 0 0 0 0 0 0 0 0 0 0 0 0 0 0 2 0 0 0 0 0 0 0 0 0 21 0 0 0 0 0 0 0 0 0 2 0 0 0 0 0 0 0 0 0 13 0 1 0 0 0 0 0 0 0 13 2 0 1 0 2 10 0 0 0 0 0 0 0 0 0 0 1 0 0 0 0 0 0 0 0 0 26 0 0 0 0 6 0 0 0 
 3 3 4 3 3 3 3 3 3 3 3 3 3 3 4 2 3 3 3 3 299 295 0 176 33 22 56 97 824 357 341 19 54 205 264 285 429 343 258 20 1 0 0 0 0 5 0 0 0 0 0 0 2 1 0 0 0 0 0 0 0 7 10 0 0 1 0 0 0 0 0 0 25 0 0 0 0 0 0 0 0 0 0 0 0 28 0 0 0 0 8 0 0 0 0 0 0 0 0 0 0 20 28 57 12 0 0 0 8 32 32 51 0 0 0 16 63 24 2 1 0 0 0 0 0 0 0 0 0 0 0 0 1 0 0 0 0 0 0 0 0 0 0 0 0 9 5 0 0 0 0 0 28 0 1 0 0 0 0 0 1 0 0 0 0 0 0 15 0 0 0 10 0 1 0 0 0 0 0 0 0 32 19 25 0 0 0 2 0 18 53 48 0 0 0 11 0 30 0 0 0 0 0 0 0 0 0 0 0 0 0 14 0 0 0 0 0 0 0 1 0 0 0 0 0 0 0 0 0 0 0 0 1 0 0 0 0 0 10 20 0 0 1 0 0 0 0 0 0 0 0 0 0 0 9 0 0 77 6 0 15 0 0 0 0 0 7 0 0 0 0 0 0 0 0 0 0 0 0 0 0 16 0 0 0 0 0 0 0 0 
 0 1 3 0 2 0 0 0 0 0 5 0 2 0 1 2 0 2 0 0 43 380 176 0 94 20 80 87 119 429 381 372 297 72 37 182 272 378 40 279 17 3 0 0 0 2 0 3 0 0 0 0 0 3 0 0 0 0 4 2 2 5 5 51 4 5 3 3 0 5 0 4 0 6 1 0 0 0 0 0 0 0 0 0 0 0 0 2 0 0 0 0 0 0 0 0 2 0 0 0 0 0 1 21 24 49 0 0 0 11 23 88 0 0 0 1 0 30 0 0 14 0 0 0 0 0 0 0 0 0 0 0 40 8 0 0 0 0 9 1 0 0 1 0 8 0 6 0 2 0 0 0 0 0 0 14 0 0 0 0 0 0 5 0 0 0 2 0 0 0 0 10 0 3 0 0 0 1 0 0 0 0 0 29 67 41 0 0 1 6 4 49 0 0 2 0 1 31 0 0 0 1 0 0 0 9 1 0 1 0 0 0 0 0 0 0 1 0 9 0 0 0 0 0 0 13 0 0 0 0 0 0 0 0 0 0 0 0 0 0 0 0 0 0 0 0 0 0 0 0 0 0 0 0 4 0 2 16 44 1 2 51 0 0 0 0 9 0 0 0 0 0 0 0 0 0 0 0 0 0 0 61 0 0 0 0 0 10 0 0 
 2 2 3 2 4 2 4 4 3 1 4 1 2 2 4 4 2 1 4 3 33 23 33 94 0 203 41 565 83 83 81 200 83 59 248 82 53 62 50 349 4 1 2 2 2 1 2 5 2 1 2 1 1 1 2 3 2 1 2 2 4 0 1 13 13 4 5 5 1 4 14 4 1 74 2 1 1 0 2 2 0 0 0 0 0 0 0 0 0 0 0 0 0 0 0 0 0 0 0 0 0 0 0 0 26 14 0 0 0 0 20 1 0 0 0 0 0 0 0 1 16 0 0 0 0 0 11 0 0 0 0 0 19 0 0 0 1 0 24 21 0 0 0 0 0 0 0 0 0 0 0 0 0 0 0 0 0 0 0 0 0 0 0 0 0 1 0 0 0 0 0 0 0 0 0 0 0 0 0 0 0 0 0 18 49 21 0 0 9 0 9 13 0 0 0 7 0 0 0 0 0 0 0 0 0 0 0 0 0 0 0 0 0 0 0 0 1 0 23 27 0 0 0 0 0 0 0 0 0 0 1 0 0 0 0 0 0 0 0 0 0 0 0 0 0 0 0 0 0 2 0 0 0 0 5 0 2 4 2 8 5 1 0 2 0 0 1 0 0 0 0 0 10 0 0 0 0 0 0 0 0 0 0 0 0 0 0 0 0 2 
 0 0 1 0 0 0 0 2 0 0 4 0 1 2 0 2 0 0 0 0 18 42 22 20 203 0 241 29 253 38 76 62 34 64 250 79 49 55 34 49 0 0 0 0 0 0 0 3 0 0 0 0 3 1 0 0 0 1 229 0 3 0 0 29 1 0 3 3 0 4 4 0 0 2 0 0 27 0 0 0 0 0 0 0 0 0 0 0 0 0 0 0 0 0 0 0 0 0 0 2 0 0 0 0 3 30 0 0 0 0 0 0 0 0 0 0 0 5 0 0 9 0 0 0 0 0 25 1 0 0 0 0 23 13 21 2 0 0 27 26 1 0 0 0 1 0 0 0 0 0 0 0 0 0 0 0 0 0 1 0 0 0 0 1 0 17 0 0 0 0 0 0 0 0 0 0 17 0 0 0 0 0 0 1 0 9 0 0 0 0 0 0 0 0 0 0 2 0 0 0 14 1 0 0 0 0 58 15 0 0 0 0 43 0 0 0 6 0 36 46 0 0 0 0 0 0 0 0 0 0 0 0 0 0 0 0 0 0 0 9 0 0 0 0 0 2 0 0 0 0 0 0 0 0 2 0 1 1 4 0 2 5 0 0 0 0 0 0 0 0 0 0 0 0 0 0 0 0 0 0 0 0 0 0 0 0 0 0 0 0 
 77 5 2 2 3 2 2 2 2 2 2 3 4 2 2 2 2 2 2 2 418 292 56 80 41 241 0 96 483 64 108 235 491 306 30 27 50 34 466 288 4 0 15 0 0 0 0 3 0 0 0 0 1 1 1 1 0 0 1 0 3 0 0 3 2 0 3 3 0 3 0 1 36 34 2 0 0 0 0 0 0 0 29 0 0 0 0 0 0 0 0 1 0 0 0 0 0 0 0 0 17 0 1 0 0 0 7 57 23 0 0 0 9 30 13 9 5 36 0 2 0 0 0 0 30 0 0 0 0 0 0 0 0 1 0 0 0 1 0 0 5 0 0 4 0 0 0 0 0 0 2 0 0 0 3 6 0 0 0 2 0 0 0 0 0 0 0 0 2 0 0 0 1 0 0 0 0 0 0 0 48 10 9 0 0 0 16 79 45 17 2 0 29 40 43 32 37 9 0 13 0 0 0 0 0 0 0 0 0 0 0 0 0 0 0 0 0 0 0 0 0 0 0 0 0 0 0 1 0 0 0 0 0 0 0 0 0 0 2 0 0 0 0 0 0 0 0 0 0 0 0 0 0 0 6 1 1 0 0 4 1 0 0 0 0 0 0 0 0 0 0 0 0 0 0 0 0 0 0 0 0 0 0 14 0 0 0 0 0 0 
 0 0 2 0 95 0 0 0 0 0 0 0 0 0 2 82 0 0 0 1 379 340 97 87 565 29 96 0 269 109 38 39 105 407 274 310 48 38 66 56 4 0 0 0 0 0 2 3 0 0 0 0 18 2 0 6 0 0 2 0 3 0 0 3 2 0 3 3 0 3 0 0 4 2 0 0 0 2 0 0 0 0 15 0 0 0 0 0 0 0 0 0 0 0 0 0 0 0 0 0 11 37 47 2 0 0 5 43 32 9 77 0 0 16 33 23 16 39 2 1 0 0 0 0 0 0 0 0 0 0 8 0 0 0 0 6 0 0 0 0 1 0 0 0 0 5 0 0 14 0 0 0 0 0 1 0 0 0 0 0 0 0 0 0 0 0 0 0 0 0 0 0 0 0 0 0 0 0 0 0 0 34 26 13 0 0 1 10 17 26 13 14 0 12 20 39 56 11 0 0 12 0 0 0 0 0 0 0 0 0 0 0 0 0 0 0 0 0 0 0 0 11 0 5 0 0 0 0 0 0 0 0 1 0 0 0 0 0 0 0 0 0 9 0 0 0 0 0 0 0 0 0 0 2 6 0 2 0 0 0 2 0 0 0 0 0 0 0 0 0 0 0 0 0 0 0 0 0 0 0 0 11 0 0 0 0 20 0 0 0 
 7 5 4 6 38 3 3 3 3 3 6 3 3 4 8 4 3 3 3 3 54 238 824 119 83 253 483 269 0 318 268 46 576 401 445 311 187 408 292 484 1 0 0 0 0 7 0 63 0 0 0 0 2 3 0 0 0 0 0 1 1 0 0 2 0 0 3 3 0 3 56 0 0 2 0 0 0 4 0 0 1 0 0 43 0 0 0 0 0 0 0 0 0 0 0 0 0 0 0 0 0 63 74 36 16 0 20 1 54 33 70 48 0 0 9 65 54 32 1 2 0 35 0 0 0 0 0 0 0 0 0 0 0 0 0 0 0 0 6 0 0 0 0 0 0 5 7 0 0 0 0 0 9 0 2 0 0 0 0 0 0 0 0 0 0 0 0 0 0 18 0 0 0 1 0 14 0 0 0 0 0 30 34 18 0 0 0 18 3 23 52 0 0 0 9 30 2 36 0 0 0 0 0 0 0 0 0 0 0 0 0 0 0 0 0 0 0 0 0 0 0 0 0 0 0 0 0 10 0 0 0 0 2 0 0 0 0 0 0 7 0 0 0 0 0 0 0 0 0 0 0 0 0 0 6 1 3 2 1 0 20 5 0 0 0 0 0 0 0 0 0 0 0 0 0 0 0 0 0 0 0 26 0 0 0 0 18 0 0 0 
 0 1 0 0 3 0 0 0 0 0 0 0 0 0 1 0 0 0 0 0 28 59 357 429 83 38 64 109 318 0 608 49 61 88 88 182 169 148 72 123 3 0 0 2 1 2 0 3 0 1 0 0 0 1 0 0 0 0 0 0 3 9 19 10 1 0 3 7 0 3 0 0 0 2 0 0 0 0 0 0 0 0 0 0 0 0 0 0 14 0 0 0 0 0 0 0 1 0 0 0 0 1 13 60 14 12 0 0 19 31 2 65 0 0 0 12 29 34 2 1 0 0 0 0 0 0 0 0 0 0 0 0 1 0 0 0 0 0 1 0 0 0 1 0 0 5 7 0 0 0 0 1 0 0 1 0 0 0 0 0 0 0 8 0 0 0 0 0 0 0 0 8 0 6 0 0 0 0 0 0 0 0 13 25 10 1 0 2 0 18 45 11 0 0 0 0 0 27 0 0 0 0 0 0 0 0 0 0 0 0 0 0 0 0 0 0 0 0 0 2 0 0 0 0 0 0 0 0 0 0 0 0 1 0 0 0 0 0 0 0 0 0 0 0 0 0 1 0 0 0 0 0 0 0 2 2 0 151 155 1 11 21 0 0 0 0 24 0 0 0 0 0 0 0 0 0 0 0 0 0 0 15 0 0 0 0 0 0 0 0 
 0 0 0 0 1 0 0 0 2 0 12 0 0 3 0 0 0 1 1 0 455 44 341 381 81 76 108 38 268 608 0 403 55 41 277 90 325 359 40 67 0 0 0 0 0 2 0 3 0 1 0 0 0 0 0 0 0 0 0 22 3 3 4 54 0 2 3 3 0 3 0 0 0 2 0 0 0 0 0 0 0 2 0 0 0 0 0 0 2 0 0 0 1 0 0 0 0 0 9 0 0 1 2 14 19 16 0 0 0 7 9 48 0 0 0 0 0 30 0 0 0 0 0 0 1 0 11 0 0 0 1 0 32 0 0 0 0 0 12 1 0 0 1 0 5 0 3 0 0 0 0 0 0 0 0 0 0 0 0 0 0 0 17 0 0 0 0 1 0 0 0 5 0 9 0 0 0 0 0 0 0 2 1 13 35 39 0 0 0 5 8 44 2 0 0 1 0 9 0 0 1 0 0 0 0 0 4 0 0 0 0 0 0 0 0 0 0 0 28 0 1 0 0 0 0 0 0 0 0 0 0 0 0 0 0 0 0 0 0 0 0 0 0 0 0 0 0 0 0 0 0 0 0 0 2 0 0 46 4 4 6 18 0 0 0 0 6 0 0 0 0 0 0 0 0 0 0 0 0 0 0 8 0 0 0 0 0 0 0 2 
 3 2 3 3 76 4 3 3 3 3 7 3 5 3 3 3 3 5 4 3 45 27 19 372 200 62 235 39 46 49 403 0 53 46 39 41 65 78 31 226 63 0 0 23 0 2 0 3 0 0 0 0 0 0 0 1 0 0 1 0 3 5 3 30 2 4 3 85 0 3 0 0 0 2 0 0 0 0 0 0 0 0 19 0 0 0 0 0 0 0 0 0 0 0 0 0 0 0 0 0 11 0 0 0 12 30 0 0 0 1 7 33 0 0 0 0 1 0 7 0 0 0 0 0 0 10 0 0 0 0 0 0 54 0 0 0 0 0 25 5 0 0 0 0 9 0 0 0 0 0 0 0 0 0 0 0 0 0 0 0 0 0 7 1 0 0 0 0 0 0 0 3 9 5 0 0 10 0 0 0 0 0 0 35 38 17 0 18 0 6 9 39 0 0 0 0 0 20 0 0 0 0 0 0 0 0 38 0 0 0 0 0 2 0 0 0 0 0 27 23 0 0 0 0 0 0 0 0 0 0 0 0 0 0 0 0 0 0 0 0 0 0 0 0 0 0 0 0 0 0 0 0 0 0 3 0 0 166 149 2 0 38 0 0 0 0 0 0 0 0 0 0 0 0 0 0 0 0 0 0 0 15 0 0 0 0 0 0 0 0 
 3 0 0 0 2 1 19 0 22 0 1 1 1 0 3 0 0 0 0 0 62 276 54 297 83 34 491 105 576 61 55 53 0 79 49 51 259 255 431 424 0 0 0 0 0 0 0 5 0 0 0 0 0 0 0 0 0 0 0 0 2 0 0 3 0 0 3 3 0 3 2 0 12 2 0 0 0 29 0 0 7 0 0 14 8 0 0 0 0 0 11 0 0 0 0 0 10 0 0 1 20 0 0 0 0 0 26 19 0 0 0 0 17 18 0 1 0 3 1 65 0 0 19 0 0 0 0 2 0 0 0 0 0 0 0 1 0 0 0 0 1 0 0 5 0 0 0 0 0 0 8 0 0 0 15 19 0 0 2 0 0 0 0 0 0 28 0 0 0 0 0 1 0 20 0 0 0 0 0 0 51 1 1 0 0 0 21 68 20 17 0 0 35 23 18 0 0 0 15 21 0 0 0 0 0 0 0 11 0 0 0 0 0 0 0 0 0 0 2 0 0 0 0 0 0 0 0 0 0 0 0 0 0 0 0 0 0 0 0 0 0 0 0 0 0 0 0 0 0 0 0 0 0 0 0 1 1 0 0 2 2 0 64 0 0 0 0 0 0 0 0 0 18 0 0 0 0 0 0 0 0 0 0 0 0 0 0 0 0 0 
 0 0 0 0 0 78 0 0 7 0 3 0 2 0 0 0 0 0 0 0 142 57 205 72 59 64 306 407 401 88 41 46 79 0 408 72 167 52 274 317 0 0 3 3 0 1 2 3 2 67 0 0 5 3 1 35 0 0 0 1 1 0 0 2 2 1 3 3 0 3 3 3 10 2 0 0 2 3 0 0 0 0 0 0 0 14 0 0 0 0 0 0 0 0 0 0 0 0 0 0 21 34 26 14 0 0 18 48 34 9 17 0 0 1 49 20 32 23 0 12 0 0 0 0 0 0 0 0 0 0 0 0 0 0 0 0 0 0 0 0 5 0 1 4 0 0 0 0 0 0 19 0 0 0 6 7 0 0 0 0 0 0 0 0 0 0 0 0 0 0 0 0 0 0 0 0 0 0 0 0 28 18 33 15 0 0 42 45 23 20 15 0 0 25 27 26 24 29 0 0 0 0 0 0 0 0 0 0 0 0 0 0 0 0 0 0 0 0 0 0 0 0 0 0 20 0 0 0 0 0 0 0 0 0 0 12 0 0 4 0 0 0 10 0 0 0 0 0 0 0 0 0 0 0 4 0 2 0 0 0 2 0 0 0 0 66 0 0 0 0 0 0 0 0 0 0 0 0 0 0 0 0 0 0 0 0 0 0 0 0 
 0 0 0 0 0 0 0 0 0 4 2 0 0 0 0 0 0 0 2 0 336 331 264 37 248 250 30 274 445 88 277 39 49 408 0 332 56 197 70 124 6 0 0 0 0 0 0 3 0 0 0 0 31 5 0 1 0 0 0 0 3 0 47 4 0 0 3 3 0 10 0 0 3 2 0 0 0 0 1 0 0 0 0 0 0 0 0 0 0 2 0 0 0 0 0 0 0 0 0 0 9 80 37 6 0 0 0 36 41 4 39 2 1 26 39 25 25 27 0 0 0 0 0 0 0 0 0 0 0 0 0 2 2 0 12 0 0 0 0 0 3 0 2 0 0 3 0 0 0 2 1 0 0 0 0 0 0 0 0 0 0 0 0 0 0 0 0 0 0 14 0 1 0 0 0 0 2 0 0 0 1 29 37 21 0 0 0 36 38 51 25 0 0 18 31 54 69 9 0 0 0 0 0 9 0 0 0 0 0 0 1 0 0 0 0 0 0 0 0 0 0 0 0 0 0 0 2 0 0 0 0 1 0 1 0 0 0 0 0 0 0 0 4 0 0 0 0 0 0 0 0 0 0 0 8 0 0 0 0 1 2 2 0 0 0 0 0 0 0 13 0 0 0 0 0 0 0 0 0 0 0 20 0 0 0 0 11 0 0 0 
 2 0 0 0 0 6 76 0 0 1 3 2 0 77 9 1 2 0 4 0 45 169 285 182 82 79 27 310 311 182 90 41 51 72 332 0 226 123 42 278 3 0 0 0 69 0 0 3 0 0 0 0 13 65 0 0 0 0 0 2 3 0 0 4 0 2 3 3 0 3 62 0 0 2 1 0 0 0 0 0 16 0 0 2 0 0 0 0 0 0 0 0 0 1 0 0 0 0 0 0 0 80 47 64 0 0 0 0 20 15 29 35 0 2 27 28 51 22 0 0 1 0 0 0 0 0 0 0 0 0 0 0 0 0 0 0 0 0 0 0 0 0 2 0 0 5 6 0 0 0 0 0 0 0 0 0 6 0 0 0 0 0 0 0 0 0 0 0 0 0 0 0 0 0 0 0 0 0 0 0 0 27 41 27 0 0 0 26 12 32 52 4 0 0 9 37 13 48 0 0 0 0 0 0 0 0 0 0 0 0 0 0 0 0 0 0 0 0 0 0 0 0 0 0 0 0 0 0 0 2 0 6 0 0 0 0 0 0 0 0 0 0 10 0 0 0 0 0 0 0 0 0 0 0 0 0 0 1 1 0 12 16 0 0 0 0 0 0 1 0 0 0 0 0 0 11 0 0 0 0 0 29 0 0 0 0 8 0 0 0 
 4 2 2 3 2 4 2 4 2 3 8 3 2 3 3 2 2 2 2 5 41 54 429 272 53 49 50 48 187 169 325 65 259 167 56 226 0 435 24 56 0 0 0 0 0 5 0 3 0 0 0 0 8 2 0 0 0 0 0 1 1 6 11 25 0 1 3 3 0 3 0 1 0 2 0 0 0 0 0 0 0 0 0 0 0 0 0 0 0 0 0 0 0 0 0 0 0 2 0 0 0 16 20 61 11 10 0 0 19 30 10 108 0 0 2 6 33 39 0 0 0 15 0 0 0 0 0 0 0 0 0 0 1 0 0 0 0 0 1 0 0 0 1 1 0 5 7 0 0 0 0 0 0 2 0 0 0 0 0 0 0 0 2 2 0 0 0 0 0 17 0 5 0 9 0 0 0 0 0 0 0 0 11 26 10 1 0 0 0 15 57 9 0 0 0 0 0 30 0 0 0 0 0 0 0 0 0 0 0 0 0 0 0 0 2 0 0 0 0 3 0 0 0 0 0 0 0 0 0 0 18 0 0 0 0 0 0 0 0 0 0 0 1 0 0 0 0 0 0 0 0 0 0 0 0 0 2 147 74 0 16 21 0 0 0 0 6 0 0 0 0 1 0 0 0 0 0 0 0 0 0 0 0 0 0 0 0 0 0 0 
 3 3 3 3 3 3 3 3 3 5 7 3 3 5 3 2 5 5 5 3 233 59 343 378 62 55 34 38 408 148 359 78 255 52 197 123 435 0 45 26 3 3 0 2 0 18 0 7 0 0 0 0 0 0 0 0 0 4 0 4 1 5 3 2 0 0 6 3 0 3 0 0 0 2 0 0 0 0 0 1 0 0 0 0 0 0 0 0 0 2 0 0 0 0 0 0 0 0 0 0 0 10 25 46 11 19 0 0 19 25 2 60 0 0 0 19 31 26 0 0 0 0 0 0 0 0 0 0 0 0 0 2 7 0 0 0 27 0 1 0 0 0 0 0 0 2 17 0 0 0 0 0 0 0 0 0 0 0 0 0 0 0 1 0 0 0 0 0 0 0 15 12 0 7 0 0 0 0 0 0 0 2 18 29 12 1 0 6 0 8 40 8 0 0 0 4 7 40 0 0 0 0 0 0 0 0 0 0 0 0 0 0 0 0 0 19 0 0 0 1 0 0 0 0 0 0 1 0 0 0 0 0 0 0 0 0 7 0 0 0 0 0 1 0 0 0 0 0 0 0 0 0 0 0 3 4 1 148 148 5 11 23 0 0 0 0 9 0 0 0 0 0 0 0 0 0 0 0 0 0 0 10 0 2 0 0 1 0 0 0 
 4 2 3 3 5 304 3 3 210 5 7 3 3 3 4 3 3 3 5 3 35 41 258 40 50 34 466 66 292 72 40 31 431 274 70 42 24 45 0 315 0 0 0 0 0 1 0 3 0 0 0 0 0 0 0 0 0 0 0 0 3 0 0 3 1 0 3 3 0 3 0 0 0 19 0 0 0 0 0 0 0 1 0 1 12 3 0 0 0 0 0 0 0 0 2 0 0 0 0 0 20 0 0 0 0 0 41 7 0 0 0 0 23 51 0 0 0 0 22 24 0 0 1 0 0 0 0 0 1 0 0 2 1 0 0 0 0 0 0 0 0 0 1 4 28 2 0 2 0 2 17 0 0 0 1 1 0 0 0 0 0 0 0 0 0 23 0 0 0 1 0 1 0 0 0 0 2 0 0 0 10 0 0 0 0 2 42 14 0 12 0 0 53 22 1 0 0 1 51 53 0 0 0 0 2 0 0 0 0 0 2 0 0 1 0 0 0 0 0 0 0 0 0 0 0 0 2 0 0 0 0 0 0 0 0 0 0 0 0 0 0 0 0 0 0 0 0 0 0 0 0 0 1 0 0 2 2 0 0 4 2 20 0 0 0 0 0 0 0 0 0 0 0 0 0 0 0 0 0 0 0 0 0 0 0 0 0 0 0 0 
 2 4 1 2 0 3 73 1 1 1 0 0 2 2 8 1 1 2 1 2 46 46 20 279 349 49 288 56 484 123 67 226 424 317 124 278 56 26 315 0 0 0 0 0 7 0 0 3 0 0 0 0 0 0 0 0 47 0 3 1 2 0 0 2 0 0 3 3 0 3 4 0 0 2 0 0 0 0 0 0 0 0 0 0 0 0 0 0 0 0 0 0 0 0 0 0 1 0 0 0 22 0 0 0 0 0 21 2 0 0 0 0 21 27 1 0 0 8 4 26 0 0 0 0 0 0 0 0 0 0 0 0 0 0 0 0 0 0 0 0 0 0 1 9 0 0 0 0 0 0 12 0 0 0 10 11 0 0 0 0 0 0 0 0 0 3 0 0 0 0 0 0 0 0 0 0 0 0 0 0 30 0 0 0 14 0 19 47 11 14 0 0 17 28 13 0 0 0 16 40 0 2 1 0 0 0 0 0 1 0 0 0 0 0 0 0 0 0 0 0 0 0 0 0 0 0 0 0 0 0 0 0 2 0 0 0 0 0 0 0 0 0 0 0 0 0 1 0 0 0 0 0 0 0 2 0 2 0 0 0 0 0 0 0 0 0 0 0 0 0 0 0 0 0 0 0 0 0 0 0 0 0 0 0 0 0 0 0 0 2 
 0 0 3 0 0 0 0 0 0 0 8 0 0 3 2 0 68 0 0 0 4 0 1 17 4 0 4 4 1 3 0 63 0 0 6 3 0 3 0 0 0 284 505 66 257 31 303 384 37 271 204 30 132 225 343 36 45 39 41 205 0 0 0 0 0 0 39 3 2 0 0 6 2 51 0 0 0 1 3 0 0 0 0 0 0 0 0 0 0 0 7 0 0 0 0 0 0 0 0 0 0 1 3 0 0 0 0 0 10 0 7 0 0 8 22 0 0 0 0 0 14 19 24 7 0 0 0 21 43 48 49 0 0 32 31 10 8 1 0 0 0 4 4 0 0 0 0 0 0 0 0 0 0 0 0 0 0 0 0 0 0 0 0 2 7 0 0 0 0 0 0 0 4 0 0 0 0 0 0 0 5 8 0 0 0 0 0 0 4 5 0 0 0 0 6 3 6 0 0 0 21 6 32 2 0 0 0 53 28 0 0 0 0 10 41 33 25 10 0 0 0 0 0 0 0 0 0 0 0 0 16 0 0 0 0 0 0 0 0 0 0 0 18 0 0 0 0 0 0 31 0 3 0 2 0 0 0 0 0 2 0 0 1 0 2 2 0 0 1 0 1 0 0 0 0 0 0 0 0 0 0 0 0 0 0 0 0 7 0 0 
 2 0 0 0 2 0 0 0 0 0 6 0 1 3 0 0 0 0 0 0 0 0 0 3 1 0 0 0 0 0 0 0 0 0 0 0 0 3 0 0 284 0 261 80 32 110 73 299 193 257 30 27 32 361 218 188 168 261 444 41 0 0 0 9 14 0 0 0 0 0 8 11 0 0 0 14 4 2 13 0 0 0 0 0 0 0 0 0 0 0 0 0 43 0 0 0 0 0 0 0 0 0 0 0 0 0 0 0 0 0 0 0 0 0 0 0 0 0 0 0 0 10 13 59 0 0 0 34 23 36 42 7 0 0 1 20 34 3 0 0 0 6 21 0 0 0 0 0 0 0 0 15 0 0 0 0 0 0 0 0 0 0 0 0 0 0 0 0 0 0 3 0 0 0 0 0 0 0 0 0 0 0 0 1 0 0 0 0 0 0 0 0 0 0 0 0 0 0 0 0 8 23 50 23 34 0 0 45 31 20 48 0 0 0 75 1 89 44 0 0 0 0 0 0 3 0 0 0 0 0 0 0 0 0 0 0 0 0 1 0 0 0 0 0 0 0 0 0 0 0 0 7 0 2 0 0 0 0 0 14 0 0 0 1 2 11 0 0 2 0 23 0 0 0 0 5 0 0 0 0 0 0 0 0 0 0 0 0 0 0 
 4 0 2 2 2 2 2 2 2 2 2 2 2 2 2 2 2 2 2 2 0 0 0 0 2 0 15 0 0 0 0 0 0 3 0 0 0 0 0 0 505 261 0 105 57 40 68 158 464 476 102 252 272 265 69 397 96 241 36 49 0 0 0 0 4 3 0 0 0 1 0 9 0 32 0 5 28 1 0 0 0 0 0 0 0 0 0 0 0 0 0 0 0 0 0 0 0 0 0 0 0 0 0 0 0 0 0 0 0 0 0 0 0 0 0 0 0 0 0 0 0 0 7 23 13 16 0 1 0 9 8 14 0 0 0 10 29 24 0 0 0 1 15 0 0 0 0 0 0 0 57 2 3 0 0 0 0 0 0 0 0 0 0 0 0 0 0 0 0 0 0 0 0 0 0 0 0 0 0 0 0 0 0 0 0 0 0 0 0 0 0 0 0 0 0 0 0 0 0 0 0 13 5 29 72 0 0 0 19 29 30 7 0 0 0 1 140 22 0 0 0 0 0 1 0 0 0 0 0 0 0 0 1 0 0 0 0 0 11 0 0 0 5 0 0 0 0 0 0 0 0 5 0 2 0 0 0 0 1 14 18 0 1 1 2 71 2 4 0 0 29 0 0 0 0 0 0 0 0 0 0 4 0 0 0 12 0 0 0 0 
 0 0 0 0 62 0 0 0 0 0 0 0 3 0 3 0 2 0 0 0 0 0 0 0 2 0 0 0 0 2 0 23 0 3 0 0 0 2 0 0 66 80 105 0 103 72 75 83 363 279 181 232 74 518 67 33 282 232 81 65 0 209 0 0 0 0 0 0 45 0 3 0 0 0 0 0 0 0 0 0 0 0 25 0 0 0 0 0 0 0 0 0 0 0 6 0 0 0 0 0 9 0 0 0 0 0 0 0 0 0 0 0 0 12 1 0 0 0 0 0 0 0 0 0 53 36 0 0 12 1 0 35 16 0 0 0 1 7 0 0 0 0 0 0 0 0 20 0 0 0 0 1 5 0 0 0 0 0 4 0 0 0 0 0 0 0 0 0 0 0 0 0 0 0 0 0 1 0 0 5 0 0 0 0 0 0 0 0 0 0 0 0 0 0 0 0 0 0 0 0 0 0 0 21 1 38 0 14 0 2 4 21 0 0 0 0 0 0 0 0 1 0 0 0 0 0 0 0 0 0 0 0 13 0 0 0 0 0 40 20 0 0 0 0 0 0 0 0 0 0 0 16 0 2 0 0 0 0 0 4 0 27 40 6 1 0 3 37 0 0 0 0 0 0 0 0 0 0 0 0 0 0 0 0 2 0 0 0 0 0 
 0 6 2 0 0 0 0 0 0 0 5 0 0 0 0 0 0 27 0 0 0 0 0 0 2 0 0 0 0 1 0 0 0 0 0 69 0 0 0 7 257 32 57 103 0 272 54 292 81 95 92 297 71 72 89 90 77 49 86 91 1 0 0 0 1 1 0 0 0 0 0 0 1 0 0 0 4 0 3 67 0 0 0 0 0 0 0 0 34 0 0 22 0 0 0 0 0 0 0 0 0 0 0 0 0 0 0 0 0 0 0 0 0 0 0 0 0 0 0 0 0 0 0 0 15 0 0 0 0 0 0 4 0 0 0 0 0 0 0 0 1 12 0 12 0 0 11 0 0 0 0 0 22 0 0 0 9 0 51 39 0 8 0 0 0 0 0 0 0 0 0 0 0 0 0 0 0 0 0 2 0 0 0 0 0 6 0 0 7 0 0 5 0 0 0 0 0 0 0 0 0 0 0 0 13 61 0 0 0 0 0 10 0 0 0 0 0 0 0 0 11 0 0 0 0 0 66 0 0 0 0 9 7 2 0 0 0 0 25 42 0 0 0 0 0 0 0 0 0 0 0 17 0 0 0 0 0 0 0 1 0 0 1 1 0 5 2 1 0 3 0 9 0 0 0 0 0 0 0 0 0 0 0 0 0 0 0 0 0 0 
 3 3 58 3 2 62 2 3 2 3 4 2 4 0 3 1 3 2 3 3 0 3 5 2 1 0 0 0 7 2 2 2 0 1 0 0 5 18 1 0 31 110 40 72 272 0 43 25 40 260 285 45 61 63 67 96 292 56 48 260 0 0 0 0 0 0 0 0 0 0 0 46 2 0 0 0 0 0 104 16 0 0 0 0 0 0 0 0 0 0 0 0 0 0 0 0 0 0 0 0 0 1 6 5 6 0 0 0 1 8 0 5 0 1 0 4 7 2 0 0 0 0 0 0 1 0 0 0 0 0 0 0 1 0 0 11 19 0 0 0 24 10 0 0 0 0 0 3 0 0 0 0 29 31 7 0 0 0 46 16 0 30 0 0 0 0 0 0 0 0 0 0 0 0 0 0 0 0 0 1 0 1 8 7 0 0 0 0 0 0 8 1 0 0 1 0 1 7 0 0 0 0 0 0 20 18 0 0 0 0 0 1 0 0 21 0 0 0 0 0 4 0 1 0 0 0 37 22 0 0 0 0 20 28 10 0 0 0 18 20 0 0 0 0 0 0 0 0 0 0 0 10 0 2 0 0 0 0 2 0 1 27 0 0 1 10 2 4 0 0 0 0 0 0 0 0 0 0 0 0 0 7 0 0 0 0 0 0 0 0 
 0 0 0 0 0 0 0 0 0 0 0 81 0 0 0 0 0 0 0 0 0 0 0 0 2 0 0 2 0 0 0 0 0 2 0 0 0 0 0 0 303 73 68 75 54 43 0 128 33 30 31 36 373 277 51 35 45 69 63 344 0 0 0 17 4 4 0 0 0 0 4 15 0 0 0 0 0 0 0 0 0 0 0 0 0 0 0 0 0 0 0 0 0 0 0 0 0 0 0 0 0 0 0 0 0 0 0 0 0 0 0 0 0 0 0 0 0 0 0 0 27 26 10 0 0 0 18 27 46 10 0 0 9 34 21 0 7 0 0 11 0 0 0 0 0 0 0 0 0 0 0 20 0 0 0 0 0 0 0 0 0 0 3 3 0 0 0 0 0 0 0 0 3 0 0 0 0 0 0 0 0 0 0 5 0 0 0 0 0 0 0 0 7 0 0 0 0 0 0 0 27 5 26 0 14 0 2 28 30 0 0 0 1 32 31 62 0 13 0 0 0 0 0 0 0 0 0 0 0 0 0 0 0 0 0 0 0 0 0 0 0 0 0 0 0 0 0 0 18 0 0 5 0 0 0 0 0 0 0 0 0 0 1 0 0 2 0 0 0 0 0 0 0 0 0 3 0 0 0 0 0 0 0 0 0 0 0 0 0 0 
 0 0 65 0 62 0 0 0 0 0 3 0 1 2 0 0 0 0 0 0 3 3 0 3 5 3 3 3 63 3 3 3 5 3 3 3 3 7 3 3 384 299 158 83 292 25 128 0 157 45 53 27 85 554 179 81 48 131 82 284 4 0 0 1 2 2 6 1 0 0 3 7 10 2 0 9 28 0 21 7 0 0 0 0 0 0 0 0 0 0 0 0 0 0 0 0 0 0 0 0 0 0 0 0 0 0 0 0 0 0 0 0 0 0 0 0 0 0 1 0 0 26 35 7 0 4 0 31 40 42 10 0 0 0 29 22 41 11 0 0 1 7 18 0 0 0 18 5 3 1 0 4 9 12 13 0 0 1 0 12 0 0 0 0 0 0 0 0 0 0 0 0 2 0 0 0 0 0 0 0 0 0 0 0 0 0 0 0 0 0 0 0 0 0 0 0 0 0 0 0 14 24 29 36 3 0 0 8 40 34 0 0 0 0 34 16 70 67 0 0 9 0 1 0 9 0 12 11 0 0 0 0 7 6 0 0 0 0 0 8 0 2 0 0 0 0 0 0 0 0 0 7 0 0 0 0 0 0 0 0 0 0 0 0 0 0 2 0 0 0 11 0 0 0 0 0 0 0 0 0 0 0 0 0 0 0 0 0 0 0 
 0 0 0 0 0 0 0 0 0 0 2 0 0 0 0 0 0 0 0 0 0 0 0 0 2 0 0 0 0 0 0 0 0 2 0 0 0 0 0 0 37 193 464 363 81 40 33 157 0 208 68 34 84 68 177 205 172 441 97 73 5 3 0 4 0 0 0 6 208 0 0 0 0 2 4 18 3 4 0 0 0 0 0 0 0 0 0 0 0 0 0 0 0 0 0 0 0 0 8 0 0 0 0 0 14 0 0 0 0 0 0 0 0 0 0 0 0 0 0 0 0 3 41 19 19 15 0 0 10 10 11 7 0 0 0 21 22 22 14 0 0 7 11 37 1 0 1 0 0 5 3 4 0 0 0 3 12 6 0 1 0 0 0 0 0 0 0 0 0 0 0 0 0 0 8 0 0 0 0 0 0 0 0 0 0 0 0 0 0 0 0 0 0 0 0 0 0 0 0 0 0 19 30 18 36 0 13 0 15 34 23 0 0 0 0 0 37 42 0 0 1 6 19 0 0 0 0 0 4 0 0 9 1 0 21 4 4 50 22 0 0 0 21 0 0 0 0 0 0 0 0 7 0 1 0 0 0 0 0 10 0 0 2 1 0 8 10 3 0 0 28 0 0 0 0 0 0 0 0 0 0 1 0 0 0 1 0 0 0 0 
 6 0 3 3 3 9 3 3 67 3 3 3 3 3 3 3 3 3 3 3 0 0 0 0 1 0 0 0 0 1 1 0 0 67 0 0 0 0 0 0 271 257 476 279 95 260 30 45 208 0 440 44 58 84 100 394 302 98 314 127 0 0 0 0 0 9 0 0 0 0 0 0 0 0 0 3 7 0 0 0 0 0 0 0 0 0 0 13 0 0 0 0 0 0 0 0 3 0 0 0 0 0 0 0 0 0 0 0 0 0 0 0 0 0 0 0 0 0 0 0 0 0 20 20 30 34 0 0 0 0 11 26 0 0 0 0 0 67 0 0 0 0 0 0 0 0 0 0 0 0 0 0 13 0 0 0 0 0 0 0 0 0 0 0 0 0 0 0 0 0 0 0 0 0 0 0 0 0 0 0 0 0 0 0 0 0 0 0 0 0 0 0 0 0 0 0 0 0 0 0 0 1 0 31 26 19 0 0 5 1 30 25 0 0 0 0 3 1 0 0 0 0 0 0 0 2 0 0 0 0 0 0 10 0 0 0 0 0 15 1 0 0 19 0 0 0 0 0 0 0 0 0 0 0 0 0 0 0 0 19 0 0 63 64 0 11 0 66 2 0 0 0 0 0 0 0 0 0 0 0 0 0 0 0 9 27 0 0 0 0 
 7 6 3 0 0 0 0 3 0 0 3 0 1 7 77 92 1 0 0 1 0 0 0 0 2 0 0 0 0 0 0 0 0 0 0 0 0 0 0 0 204 30 102 181 92 285 31 53 68 440 0 266 51 57 89 87 102 287 244 92 2 0 0 0 0 0 0 0 0 0 0 0 1 0 1 0 0 2 0 0 0 4 4 0 0 0 0 0 7 0 0 0 0 11 4 19 4 0 0 0 0 0 0 0 0 0 0 0 0 0 0 0 0 0 0 0 0 14 0 0 0 0 14 0 51 26 7 0 0 0 0 47 0 0 0 0 0 13 0 0 0 0 0 0 0 0 11 0 0 0 0 0 5 0 9 0 0 0 2 0 2 0 4 3 0 0 0 12 3 0 0 0 0 9 8 1 19 0 0 4 0 0 0 8 0 0 0 0 0 0 0 10 0 0 0 0 0 0 0 8 0 0 0 17 1 25 0 0 0 0 19 36 0 0 0 0 0 0 0 0 0 0 0 0 0 3 0 0 0 0 0 0 6 0 0 0 0 0 58 41 0 1 0 0 0 0 0 0 0 0 0 9 0 2 0 0 0 0 0 3 0 0 43 35 0 6 1 9 0 0 0 0 0 0 0 0 0 0 0 0 0 4 0 0 15 1 0 0 0 0 
 3 0 3 3 3 3 3 3 3 3 5 3 3 3 3 3 3 4 3 3 0 0 0 0 1 0 0 0 0 0 0 0 0 0 0 0 0 0 0 0 30 27 252 232 297 45 36 27 34 44 266 0 36 452 248 28 78 72 256 45 0 0 10 1 23 0 0 50 2 6 0 0 0 0 51 4 2 8 0 0 0 0 0 0 0 0 0 0 0 0 0 0 0 0 0 0 0 0 0 0 0 0 0 0 0 0 0 0 0 0 0 0 0 0 0 0 0 0 0 0 0 0 0 0 84 18 0 0 0 0 0 20 0 0 0 0 0 0 0 0 0 22 0 1 4 3 24 0 0 0 0 1 2 0 0 0 0 0 18 0 0 8 0 0 0 0 0 0 0 0 0 0 0 11 0 0 0 0 0 5 0 0 0 0 0 0 0 0 0 0 0 0 0 0 0 0 0 0 0 0 0 0 0 11 8 40 0 0 0 0 0 38 0 0 0 0 0 0 0 0 0 0 0 5 5 23 0 0 0 7 17 0 63 0 0 0 0 0 25 7 0 0 0 0 0 0 0 0 0 0 0 8 0 0 0 0 0 0 0 16 0 0 62 62 2 4 0 72 0 0 0 0 0 0 0 4 0 0 0 0 0 0 0 0 9 0 0 0 0 0 
 5 0 3 84 3 3 3 3 3 3 5 3 3 3 3 3 3 3 3 3 11 0 2 0 1 3 1 18 2 0 0 0 0 5 31 13 8 0 0 0 132 32 272 74 71 61 373 85 84 58 51 36 0 123 47 42 67 264 536 257 49 0 0 52 0 0 0 0 2 52 0 2 0 0 0 0 0 1 0 51 0 0 0 0 0 0 0 0 0 0 0 0 0 0 0 0 0 0 0 0 0 5 8 2 0 1 0 0 20 0 27 0 0 19 5 0 2 1 0 0 27 1 1 0 0 0 20 6 0 0 0 0 43 32 19 0 0 0 0 19 0 0 0 0 0 0 0 0 0 0 0 0 0 0 0 0 0 0 0 0 0 0 0 4 0 0 0 0 0 0 0 0 3 0 0 0 0 0 0 0 0 7 1 11 0 0 0 0 0 9 1 0 0 0 6 7 33 2 0 0 56 9 13 0 0 0 22 17 1 0 0 11 27 22 16 35 0 0 0 0 0 0 0 0 0 0 0 6 0 0 0 0 0 0 9 0 0 0 0 0 0 0 9 0 0 0 0 0 0 19 0 1 0 1 0 0 0 0 0 2 0 0 0 0 2 2 2 0 0 0 0 0 0 0 0 0 0 0 0 0 0 0 0 0 0 0 0 0 0 0 
 0 3 0 0 0 1 0 1 0 1 0 0 1 0 1 6 0 0 0 1 0 0 1 3 1 1 1 2 3 1 0 0 0 3 5 65 2 0 0 0 225 361 265 518 72 63 277 554 68 84 57 452 123 0 297 30 240 23 353 230 0 0 0 0 0 0 0 0 1 0 0 7 0 0 0 0 0 0 25 0 0 0 0 0 0 0 0 0 0 0 0 0 0 0 0 0 0 0 0 0 0 32 16 1 0 0 0 0 0 0 4 0 0 20 2 1 4 0 0 0 14 9 51 9 0 0 0 14 48 13 20 0 0 34 20 27 3 0 9 0 0 13 0 0 0 0 0 0 0 0 0 0 0 17 0 0 0 0 0 0 0 0 0 2 0 0 0 0 0 0 0 0 6 0 0 0 0 0 0 0 0 0 16 3 0 0 0 0 1 3 11 0 0 0 0 0 0 3 0 0 13 13 25 1 0 0 0 48 45 0 1 0 0 18 70 52 0 25 0 0 0 0 0 0 0 0 0 0 0 0 0 0 0 0 14 0 0 0 0 0 0 0 7 0 0 0 0 0 0 0 0 6 0 1 0 0 0 0 0 2 0 0 0 0 0 3 0 0 0 0 0 0 0 0 0 0 0 0 0 0 0 0 0 0 0 0 0 0 0 0 
 0 0 0 0 0 0 0 0 0 0 0 0 1 0 0 0 2 0 0 0 0 0 0 0 2 0 1 0 0 0 0 0 0 1 0 0 0 0 0 0 343 218 69 67 89 67 51 179 177 100 89 248 47 297 0 110 54 50 106 373 0 0 0 0 0 0 0 0 0 0 0 5 3 55 0 6 2 0 5 51 0 0 0 0 0 0 0 0 0 0 0 0 0 0 0 0 0 0 0 0 0 0 0 0 0 0 0 0 0 0 0 0 0 0 0 0 0 0 0 0 0 29 26 7 0 0 0 10 55 19 23 0 0 0 24 19 46 15 0 0 0 3 15 0 0 0 0 0 0 0 0 2 0 0 0 22 0 0 0 0 0 0 0 0 0 0 0 0 0 0 0 0 4 0 0 0 0 0 0 0 0 0 0 0 0 0 0 0 0 0 0 0 0 0 0 0 0 0 0 0 55 43 26 17 10 0 0 20 38 52 0 13 0 9 43 21 49 66 0 0 0 0 0 0 0 0 0 0 0 0 0 0 1 0 0 0 0 0 0 0 0 0 1 0 0 0 0 0 0 19 0 15 0 1 0 0 0 0 0 0 0 0 0 0 0 1 2 0 0 0 10 0 0 0 0 0 0 0 0 0 0 0 0 0 0 0 0 0 0 0 
 0 0 0 0 0 0 0 0 0 0 0 0 0 0 0 1 0 0 0 0 1 0 0 0 3 0 1 6 0 0 0 1 0 35 1 0 0 0 0 0 36 188 397 33 90 96 35 81 205 394 87 28 42 30 110 0 151 225 40 78 0 3 3 0 0 1 0 0 0 0 3 3 0 0 2 3 4 0 0 0 0 0 0 0 0 0 0 0 0 0 0 0 0 0 0 0 0 0 0 0 0 0 0 0 0 0 0 0 0 0 0 0 3 0 0 0 0 0 0 0 0 0 8 30 12 16 0 1 7 14 17 5 0 1 0 24 32 21 0 0 0 3 15 0 0 0 0 0 0 0 0 5 6 0 0 0 0 0 0 0 0 0 0 0 0 0 0 0 0 13 0 0 0 0 0 0 0 0 0 0 0 0 0 0 0 0 0 0 0 0 0 0 0 8 0 0 0 0 0 0 0 12 8 29 28 0 0 1 11 35 37 9 0 6 3 3 48 48 0 0 0 0 0 1 0 0 0 0 0 0 0 0 1 0 0 0 0 0 10 21 0 0 5 0 0 0 0 0 0 0 0 3 0 0 0 0 1 0 0 8 0 0 2 1 2 3 0 2 0 0 19 0 0 0 0 0 0 0 0 0 5 0 0 0 0 18 0 0 0 0 
 0 5 0 0 0 0 0 0 0 0 2 0 11 0 0 0 0 0 0 0 0 0 0 0 2 0 0 0 0 0 0 0 0 0 0 0 0 0 0 47 45 168 96 282 77 292 45 48 172 302 102 78 67 240 54 151 0 253 46 34 1 0 0 0 0 1 4 0 0 0 0 0 3 1 0 9 17 0 0 2 11 0 0 0 0 0 0 0 0 0 0 0 0 0 0 0 0 0 0 0 0 0 0 0 0 15 0 0 0 0 0 0 0 0 0 0 0 0 19 0 0 0 29 22 22 56 0 0 2 23 19 17 0 0 0 14 74 32 0 0 0 10 25 0 0 0 5 0 3 3 0 4 8 0 0 0 0 3 0 6 0 0 0 0 0 0 0 0 0 0 0 0 0 0 0 0 0 0 0 0 0 0 0 0 0 0 0 7 0 0 0 0 0 0 0 0 0 0 0 0 0 19 0 24 20 0 0 0 21 34 17 24 0 0 0 0 75 31 0 0 4 3 4 0 0 0 0 3 0 0 0 0 3 0 0 0 0 0 18 0 0 0 21 0 0 0 0 0 0 0 0 7 0 0 0 0 0 0 0 7 0 0 1 0 1 6 1 0 0 0 10 0 0 0 0 0 0 0 0 0 0 0 0 0 0 15 0 0 0 0 
 2 3 0 0 0 1 0 0 0 3 34 0 1 1 0 0 63 0 0 1 0 0 0 0 1 1 0 0 0 0 0 0 0 0 0 0 0 4 0 0 39 261 241 232 49 56 69 131 441 98 287 72 264 23 50 225 253 0 32 44 0 0 0 0 0 2 0 0 39 0 0 0 0 0 0 2 14 0 0 0 0 0 0 0 0 0 0 0 0 0 0 0 0 0 0 0 0 0 0 0 0 0 0 0 0 0 0 0 0 0 0 0 0 0 0 0 0 0 0 0 0 0 35 34 34 61 0 27 0 2 15 77 0 0 0 0 0 24 0 0 3 0 0 0 0 0 0 0 0 0 0 0 7 0 27 0 0 0 0 0 0 16 0 0 0 0 0 0 0 0 0 0 0 0 0 0 0 0 0 0 0 0 0 0 0 0 0 0 0 0 0 0 0 0 0 0 0 0 0 0 0 15 0 31 41 34 0 0 0 42 31 17 0 0 0 0 0 0 0 0 0 0 0 0 0 0 0 0 0 0 0 0 32 0 0 0 0 0 30 15 0 0 19 0 0 0 0 0 0 0 0 10 0 2 0 0 1 0 0 8 0 27 63 65 0 7 1 65 0 0 0 0 0 0 0 0 0 0 0 0 0 0 0 0 53 8 0 0 0 0 
 3 0 0 0 2 0 0 1 0 0 0 0 0 3 0 2 0 2 0 0 62 2 0 4 2 229 1 2 0 0 0 1 0 0 0 0 0 0 0 3 41 444 36 81 86 48 63 82 97 314 244 256 536 353 106 40 46 32 0 180 0 2 0 0 3 1 4 0 0 10 6 3 6 0 0 0 0 0 3 6 26 0 0 0 0 0 0 0 0 0 0 0 0 0 0 0 0 0 0 0 0 0 0 0 9 34 0 0 0 0 1 0 0 0 0 0 0 0 0 0 17 7 0 0 0 6 21 10 0 1 0 0 19 12 34 0 1 0 19 39 5 6 0 0 0 0 7 6 1 0 0 0 6 9 12 0 0 0 0 9 0 0 0 5 0 17 0 0 0 0 0 0 1 0 0 0 0 0 0 0 0 0 0 0 1 1 0 0 0 0 0 0 0 0 0 0 0 0 0 0 23 0 0 0 0 2 38 0 0 0 0 0 50 10 0 4 0 0 10 18 6 0 0 0 0 0 9 5 0 0 0 0 6 9 0 0 0 0 0 8 0 0 0 0 0 0 0 0 0 0 0 5 0 0 0 0 0 0 0 0 0 0 0 0 0 2 0 0 2 0 0 0 0 0 0 0 0 0 0 0 0 0 0 0 0 0 0 0 0 0 
 5 0 0 61 0 0 0 0 0 0 2 0 0 1 0 0 0 0 0 0 0 0 0 2 2 0 0 0 1 0 22 0 0 1 0 2 1 4 0 1 205 41 49 65 91 260 344 284 73 127 92 45 257 230 373 78 34 44 180 0 0 203 0 0 0 7 0 0 0 0 0 17 0 0 4 0 0 0 0 0 0 0 0 0 0 0 16 0 0 0 0 0 0 0 0 0 0 0 0 0 0 0 0 0 0 0 0 0 0 5 0 0 0 0 0 0 0 0 0 20 24 10 12 5 3 0 21 48 14 5 5 0 0 31 127 9 4 0 0 18 0 0 0 0 0 0 0 0 0 0 0 0 0 0 0 0 0 0 0 0 0 0 0 4 0 0 0 0 0 0 0 0 5 0 0 0 0 0 0 0 9 0 0 0 0 0 0 0 0 0 0 0 0 0 0 0 0 0 0 0 25 7 24 0 1 0 6 40 23 7 0 5 9 47 26 29 38 7 0 0 0 0 0 0 0 0 0 0 0 0 0 0 0 0 0 0 8 0 0 0 0 0 0 0 0 0 0 0 0 0 0 10 0 0 0 0 0 0 0 0 1 0 2 0 1 1 2 0 0 0 0 0 0 0 0 0 0 0 0 0 0 0 0 0 1 0 0 0 0 0 
 0 0 0 0 0 0 0 0 0 0 3 2 0 0 7 0 1 0 0 0 2 3 0 2 4 3 3 3 1 3 3 3 2 1 3 3 1 1 3 2 0 0 0 0 1 0 0 4 5 0 2 0 49 0 0 0 1 0 0 0 0 94 75 271 49 46 318 501 297 35 34 32 102 125 253 45 459 46 263 424 0 0 0 0 0 0 0 0 0 0 0 0 0 0 0 0 0 0 0 0 0 0 0 0 0 0 0 0 0 0 11 0 0 0 0 0 0 12 2 0 0 0 11 0 0 0 0 0 0 0 0 0 0 0 0 0 0 0 0 0 1 5 2 15 0 0 0 1 10 18 5 13 0 10 10 17 11 36 0 1 0 0 0 0 3 0 0 0 0 0 3 0 0 0 0 0 0 29 0 0 0 0 0 0 0 0 0 0 0 0 0 0 0 0 0 0 0 4 0 0 0 0 0 0 0 0 0 0 0 0 0 0 0 0 0 0 0 0 0 0 16 12 31 43 0 3 0 51 15 22 11 0 0 4 10 105 24 21 0 1 0 0 0 0 0 0 0 0 0 0 0 0 0 0 9 0 0 0 0 0 0 0 0 0 0 0 0 0 0 0 18 1 0 0 0 0 0 0 0 0 0 0 0 0 0 0 0 0 0 0 
 2 0 4 2 2 2 2 2 2 2 3 2 2 2 4 2 2 2 2 2 0 0 7 5 0 0 0 0 0 9 3 5 0 0 0 0 6 5 0 0 0 0 0 209 0 0 0 0 3 0 0 0 0 0 0 3 0 0 2 203 94 0 321 289 54 278 76 291 209 59 66 39 295 276 496 167 158 70 69 50 0 0 0 0 0 0 0 0 0 0 0 0 0 0 0 0 0 0 0 0 0 0 12 4 1 60 0 0 0 1 5 8 0 0 0 0 0 0 0 0 1 2 2 2 3 3 3 3 1 3 2 1 1 3 1 2 2 2 9 2 0 1 1 21 0 9 1 0 10 2 17 0 0 10 0 9 12 4 0 1 0 0 0 0 0 0 0 0 0 0 2 0 0 0 0 0 0 0 7 0 0 0 0 3 5 6 0 0 0 0 7 9 0 0 0 0 0 3 0 0 0 0 11 0 0 0 0 0 0 8 0 0 0 0 0 0 0 0 0 0 1 12 27 21 1 5 0 9 22 12 42 18 0 0 10 25 20 20 0 0 2 0 0 12 0 0 0 0 0 1 0 0 0 0 9 0 0 5 0 0 0 0 0 1 0 0 25 0 0 0 18 0 0 6 1 0 0 0 0 0 0 0 0 0 0 2 0 0 0 0 
