 0 185 76 43 32 28 712 425 41 247 397 27 285 415 554 20 23 49 19 239 2 4 0 0 1 2 0 0 0 1 0 0 0 3 0 0 0 0 3 0 0 0 0 0 0 1 0 2 1 0 0 0 0 3 0 0 0 0 0 3 2 2 0 0 0 3 0 0 5 3 0 0 1 0 3 0 0 2 0 0 63 40 22 0 0 12 0 5 11 0 1 0 20 64 85 2 19 35 0 0 1 0 0 0 0 1 0 0 0 0 0 0 0 0 0 0 0 0 0 0 0 0 2 2 0 0 0 0 0 0 0 0 0 0 0 0 0 0 0 0 0 1 0 0 0 0 0 0 2 0 0 0 0 0 0 0 0 0 0 0 52 13 28 1 0 0 0 66 22 14 0 1 10 17 21 41 33 0 0 40 0 0 0 0 0 0 0 0 0 0 0 0 7 0 3 0 0 0 0 0 0 0 9 0 0 0 0 0 0 0 0 0 0 0 0 2 0 0 0 0 0 0 0 0 0 0 0 0 1 0 0 0 0 0 0 0 0 0 0 0 0 0 7 0 0 0 0 0 3 0 0 15 0 0 0 0 0 0 0 0 0 0 0 0 0 0 0 0 0 0 0 0 0 0 0 0 0 1 0 0 0 0 0 0 0 1 0 0 0 0 
 185 0 320 55 348 241 65 466 397 256 89 42 64 57 641 363 521 134 31 51 0 0 33 2 1 0 0 2 3 3 0 2 3 0 0 0 0 0 0 0 3 3 0 0 2 0 0 0 0 0 3 0 0 2 3 0 0 0 2 0 0 0 0 2 2 0 0 2 0 0 2 4 0 0 0 0 0 0 0 0 3 46 21 0 0 0 0 36 39 29 48 0 0 1 33 67 27 44 0 0 0 0 0 0 0 0 0 0 0 0 0 0 0 0 0 0 0 0 0 0 0 0 0 0 0 0 0 0 0 0 0 0 0 0 0 0 0 0 0 0 0 0 0 0 0 0 0 0 0 0 0 0 0 0 0 0 0 0 0 0 3 16 14 3 0 0 0 20 33 38 11 9 0 0 1 22 54 1 0 1 0 0 0 0 0 0 0 0 0 0 7 0 0 0 11 0 0 0 0 0 0 0 0 0 0 0 0 0 0 0 1 0 0 0 0 0 0 0 0 0 0 15 0 0 0 0 0 0 0 0 0 0 0 0 0 0 0 0 0 0 0 25 0 0 0 0 0 0 1 0 0 6 0 0 0 0 0 0 0 0 0 0 20 0 0 0 0 0 0 0 0 0 0 31 0 15 0 23 0 0 0 0 0 0 0 0 0 0 0 0 
 76 320 0 395 92 483 63 350 366 284 233 54 61 48 80 326 200 190 108 50 0 0 0 2 14 0 0 3 3 2 0 1 3 76 0 0 0 0 0 2 3 3 0 0 3 0 0 0 0 0 3 0 0 2 3 0 1 0 3 0 0 0 0 2 0 0 0 3 0 0 3 8 0 0 0 0 0 0 0 0 1 13 0 29 0 0 0 8 23 45 48 29 0 0 0 42 11 15 0 0 0 0 21 0 0 0 0 0 0 0 0 0 0 0 0 0 0 0 0 0 0 0 0 0 0 13 21 0 0 0 0 0 0 2 0 0 0 0 1 0 0 0 0 0 0 0 0 0 7 0 0 0 0 0 0 0 0 0 13 0 0 16 0 30 10 0 0 0 23 35 32 25 0 0 1 14 5 8 0 0 0 0 2 0 0 0 0 0 0 2 0 0 0 0 0 0 0 0 0 0 0 57 0 0 0 0 2 0 0 0 0 0 0 0 0 0 0 0 0 1 0 1 0 0 0 0 2 0 0 0 9 1 0 0 0 0 0 0 0 0 0 19 0 0 0 2 88 0 0 88 2 4 0 0 0 0 0 0 0 0 0 0 17 0 0 0 0 0 0 0 0 0 0 0 0 26 0 0 0 0 0 0 0 0 0 0 0 0 0 0 
 43 55 395 0 107 60 58 139 94 467 361 503 187 52 59 71 150 439 81 284 0 5 2 0 0 0 2 76 3 4 1 0 8 2 0 0 0 2 0 0 7 3 0 0 2 0 0 9 0 0 3 0 0 4 3 0 1 0 2 0 5 0 0 2 2 0 0 4 0 0 2 50 0 4 0 0 0 2 0 0 0 0 0 46 87 58 0 7 0 32 11 39 0 0 2 1 11 13 0 0 0 0 0 0 0 0 0 0 0 0 0 0 0 0 0 7 0 0 9 0 0 0 0 0 0 1 2 2 0 0 0 0 0 0 5 0 0 0 0 17 0 0 0 0 0 0 0 0 0 0 0 0 0 0 0 0 9 0 0 0 5 4 0 44 31 10 0 0 0 3 27 26 0 24 1 0 1 21 0 0 0 0 0 0 0 0 0 0 0 0 0 0 2 0 0 13 0 0 0 10 0 0 0 8 0 0 0 0 0 0 0 0 0 0 2 0 0 0 0 0 0 0 0 0 0 0 0 0 0 2 0 0 0 0 1 0 0 0 1 0 0 0 0 0 0 2 7 0 0 13 0 13 11 0 0 0 0 0 0 0 0 0 1 0 0 0 0 0 0 1 0 0 0 0 0 10 11 0 0 0 0 0 0 0 0 0 0 0 0 0 
 32 348 92 107 0 322 140 76 97 513 307 411 44 77 86 89 285 39 62 75 0 0 0 1 0 92 0 3 4 4 0 2 4 75 0 0 0 0 8 0 4 2 0 0 3 0 0 1 0 0 3 0 0 2 3 0 3 0 3 0 0 0 0 2 0 0 0 3 0 0 3 3 0 0 0 0 0 0 0 0 0 0 0 17 71 79 8 0 0 13 0 14 0 0 15 0 1 0 0 0 0 0 17 2 0 0 6 0 0 0 0 0 49 9 15 0 0 0 57 33 2 0 0 0 0 7 0 0 0 0 0 0 0 0 0 0 2 0 0 0 0 0 0 1 0 0 0 2 1 0 0 4 15 0 0 0 0 0 6 0 26 0 0 0 26 24 0 0 0 16 0 18 0 0 0 2 0 0 0 0 0 0 2 0 0 0 12 0 0 2 14 0 35 1 0 13 0 0 38 19 0 0 2 0 0 0 2 0 0 0 0 0 0 0 0 0 0 0 0 0 0 6 0 0 0 0 2 0 0 0 0 0 0 0 0 0 0 0 0 0 0 0 0 0 0 3 3 2 17 9 0 3 10 0 1 0 0 0 0 0 0 0 0 0 0 0 0 0 0 0 0 0 0 0 0 0 0 0 0 0 0 0 0 0 0 0 0 0 0 0 
 28 241 483 60 322 0 41 19 46 68 198 46 57 30 67 268 79 52 57 29 2 0 0 0 0 0 2 3 3 2 0 0 5 0 0 0 0 3 221 0 4 2 0 0 3 0 0 0 0 0 3 0 0 2 3 0 2 0 3 0 0 0 0 2 0 0 0 3 0 0 3 3 0 0 0 0 0 0 0 0 7 0 0 0 29 0 0 0 0 0 0 20 0 0 0 0 0 0 0 1 0 0 0 0 0 0 23 1 0 0 0 0 30 13 19 0 0 0 44 35 0 0 0 0 0 17 0 0 0 0 0 0 0 0 0 0 0 0 0 0 0 0 0 0 0 0 0 7 0 0 12 13 0 0 0 0 0 0 0 0 16 0 0 0 0 7 0 0 0 0 0 0 0 0 0 0 0 0 0 0 0 2 0 0 0 0 8 10 0 14 1 0 28 0 1 1 0 0 37 17 0 0 0 0 0 0 0 0 0 0 0 0 0 0 0 0 0 0 0 0 29 0 0 0 0 0 0 0 0 0 8 0 0 0 0 0 0 0 14 0 0 0 0 0 1 1 1 1 4 0 0 4 0 1 0 0 0 0 0 0 0 14 0 0 0 0 0 0 0 0 0 0 0 0 0 0 0 0 0 0 0 0 0 0 0 0 0 0 0 0 
 712 65 63 58 140 41 0 92 276 46 125 43 671 421 286 45 32 28 42 229 0 0 0 79 0 2 78 2 3 3 0 0 3 0 0 0 0 0 0 1 3 3 0 0 2 0 0 0 0 0 3 0 0 2 3 0 0 0 2 0 0 0 0 3 3 0 0 2 0 0 2 2 0 0 11 0 0 0 0 0 35 19 20 1 0 0 45 11 0 2 1 0 18 62 40 0 0 0 6 10 1 0 0 0 0 0 1 0 0 0 0 2 0 0 0 16 0 2 0 1 2 0 0 0 0 0 0 0 0 0 0 0 0 0 0 0 0 0 0 0 0 6 0 0 0 0 0 0 0 0 0 0 1 11 0 0 0 0 3 0 39 11 87 0 20 0 27 33 3 1 0 0 5 42 23 20 23 1 5 16 0 0 0 0 0 0 0 0 0 0 0 0 0 0 0 0 0 2 0 9 1 0 6 0 0 0 0 0 0 0 0 2 0 0 0 0 0 0 0 0 1 20 2 0 0 0 0 0 0 0 0 0 0 0 0 0 0 0 0 0 0 0 0 0 0 2 0 0 2 3 0 12 0 0 0 0 0 0 0 0 0 0 0 0 0 0 0 0 0 0 0 0 0 0 0 0 0 0 0 0 0 0 0 0 0 0 0 0 0 0 
 425 466 350 139 76 19 92 0 92 40 42 158 62 489 150 25 60 39 274 56 0 0 0 1 2 0 2 208 3 5 0 1 3 0 0 0 0 0 0 1 3 3 0 0 2 0 0 3 0 0 3 0 0 2 3 0 0 0 2 0 0 0 0 3 3 0 0 2 0 0 3 5 0 0 6 0 0 0 0 0 20 39 43 0 0 0 0 24 71 1 33 0 0 26 19 39 33 33 0 0 0 0 2 0 0 0 0 0 2 0 0 0 0 0 5 0 0 0 0 0 0 0 0 0 0 0 0 0 0 0 14 0 0 0 0 0 0 2 0 0 0 1 0 0 0 2 0 0 0 7 0 0 0 0 2 0 1 0 0 0 19 27 114 0 0 0 1 40 41 15 1 6 1 0 19 56 53 0 0 0 0 0 0 0 21 1 2 0 0 13 0 0 0 0 0 0 0 0 0 0 0 0 0 0 0 0 0 0 0 1 0 0 0 0 0 0 0 0 0 0 14 0 0 0 1 0 0 0 0 0 0 0 2 0 0 1 0 0 0 0 0 17 0 0 0 0 2 0 3 0 0 5 0 0 0 0 0 0 1 0 0 0 0 0 0 0 0 0 0 0 0 0 0 0 0 0 0 24 0 0 0 0 0 0 0 0 0 0 0 0 
 41 397 366 94 97 46 276 92 0 684 56 50 48 280 360 257 280 466 72 45 0 5 0 5 0 0 0 4 4 5 1 2 3 0 0 4 3 0 5 207 4 3 0 0 4 0 0 1 0 0 5 0 0 2 3 0 2 1 2 0 0 0 0 3 3 2 0 2 0 0 2 12 0 0 0 0 0 2 0 0 0 35 31 14 2 0 0 27 41 35 43 22 0 0 0 62 19 65 0 0 0 0 0 0 2 17 0 0 0 0 0 0 0 0 0 0 0 0 0 0 0 0 0 0 0 0 0 0 0 0 0 0 0 0 0 0 0 0 0 0 0 0 0 0 2 0 0 0 0 0 0 0 0 0 0 0 0 2 0 0 0 12 9 39 21 0 0 0 15 40 28 3 0 0 0 32 10 19 0 0 0 0 0 1 0 0 0 0 0 0 0 0 0 0 0 0 2 0 0 0 0 0 0 0 0 0 0 0 0 0 0 0 0 0 0 0 0 0 0 0 0 0 0 0 0 0 0 0 0 1 1 0 0 0 0 0 0 0 0 0 0 14 0 0 0 3 2 2 3 4 0 4 0 0 1 0 0 0 0 0 0 0 11 0 0 0 0 0 0 0 0 0 0 0 0 3 12 14 0 0 0 0 0 0 0 0 0 0 0 0 
 247 256 284 467 513 68 46 40 684 0 688 51 41 110 398 438 806 183 282 62 0 5 0 0 0 1 0 0 0 0 2 0 0 0 1 0 0 0 0 0 6 0 0 0 0 0 0 6 2 33 0 0 0 0 0 0 0 0 0 0 0 0 0 0 0 0 0 0 4 0 0 12 0 0 0 0 0 0 0 0 0 1 1 40 0 24 0 9 12 56 29 45 0 0 0 24 8 17 0 0 0 0 0 0 0 0 0 0 0 0 0 0 0 0 0 0 0 0 0 0 0 8 0 0 0 1 0 0 1 0 0 0 0 0 0 0 0 0 0 0 0 0 0 0 0 0 0 0 0 0 2 0 0 0 0 0 0 0 0 0 0 15 7 41 12 8 0 0 10 23 34 24 0 13 2 0 11 19 0 0 0 0 0 0 0 0 0 2 0 0 0 1 2 0 0 3 0 0 0 0 0 0 0 0 0 0 0 0 0 0 0 0 0 12 1 0 0 0 0 0 25 0 0 0 0 0 0 0 0 0 0 0 0 0 2 0 0 0 2 0 0 0 0 0 0 2 185 1 2 178 0 6 0 2 0 0 0 0 0 0 1 0 20 0 0 0 0 0 0 0 0 0 0 0 0 28 13 0 0 0 0 0 0 0 0 0 0 0 0 0 
 397 89 233 361 307 198 125 42 56 688 0 419 256 245 485 120 199 457 37 57 2 0 0 0 0 0 0 5 3 3 1 0 5 0 0 0 0 1 2 66 12 6 0 0 3 0 0 7 0 0 5 0 2 2 3 0 0 0 3 0 0 0 0 4 1 1 0 4 0 0 3 3 0 0 0 0 0 0 0 0 0 0 0 51 41 41 0 1 3 35 8 38 0 0 0 0 11 11 0 0 0 0 0 1 0 0 0 2 0 2 0 0 2 0 13 0 0 0 0 2 0 0 0 0 0 6 0 2 0 1 0 0 0 0 0 0 0 0 0 0 0 0 0 0 0 0 6 0 0 0 1 0 0 0 0 0 0 0 2 0 4 3 0 46 29 5 0 0 0 0 35 24 0 0 0 0 1 17 0 0 0 0 0 0 0 10 0 10 0 0 0 0 0 0 0 18 0 0 29 12 0 0 0 0 0 8 1 0 0 0 0 0 1 0 0 0 0 0 0 0 0 2 0 0 0 0 0 0 0 0 0 0 0 0 0 11 0 0 0 0 0 0 0 0 0 2 96 2 2 133 0 2 10 0 0 0 0 0 0 0 0 0 1 0 0 0 0 0 0 0 0 0 0 0 0 13 9 0 0 0 0 0 0 0 0 0 0 0 0 0 
 27 42 54 503 411 46 43 158 50 51 419 0 33 44 124 263 103 99 56 34 0 0 0 0 1 2 3 5 3 3 0 0 5 2 0 0 0 0 3 1 11 3 4 1 3 1 0 21 0 0 3 2 4 2 4 0 9 1 3 0 0 0 0 2 0 0 0 2 6 0 3 3 0 0 0 0 0 0 0 0 0 0 0 48 57 44 4 0 0 14 1 39 0 0 13 1 0 0 0 2 0 0 0 0 0 0 1 0 0 0 0 0 30 0 14 0 0 0 31 7 0 0 0 0 0 11 0 0 0 0 0 0 0 0 0 0 0 0 1 0 2 0 0 0 0 0 0 0 0 0 0 0 0 0 0 0 0 0 0 0 5 3 2 10 16 21 0 0 0 0 2 34 0 0 0 0 0 0 0 0 0 1 0 0 0 0 1 0 0 0 1 1 17 17 0 12 0 0 62 5 0 0 0 0 0 0 0 0 0 0 0 0 0 0 0 0 0 0 0 2 0 0 0 0 0 0 0 0 0 0 0 0 0 0 0 0 0 0 0 1 0 0 0 0 2 2 177 0 2 175 2 90 5 2 0 0 0 0 0 1 0 0 0 0 0 0 0 0 0 1 0 0 0 0 0 14 13 0 0 0 0 0 0 0 0 0 0 0 0 0 
 285 64 61 187 44 57 671 62 48 41 256 33 0 81 49 32 35 27 477 275 0 0 0 0 0 0 0 5 3 4 0 0 3 37 0 0 0 74 203 89 3 3 0 0 3 0 0 0 0 0 3 62 0 2 3 0 0 0 3 0 0 0 0 2 0 0 0 3 0 0 3 3 0 0 1 0 0 0 0 0 29 13 0 0 0 0 55 0 0 0 0 0 23 41 24 0 1 0 13 57 0 0 0 0 0 0 0 0 0 0 0 0 0 0 0 1 0 0 0 0 0 0 0 0 0 1 0 0 0 0 0 0 0 0 0 0 0 0 0 0 0 19 1 0 0 0 0 0 0 0 0 0 0 0 0 0 0 0 6 0 31 0 1 0 0 0 55 0 0 0 0 0 13 63 23 0 0 0 0 26 0 0 0 0 0 0 0 0 0 0 0 0 0 0 0 0 0 0 0 0 0 0 0 17 21 0 0 0 0 0 0 0 0 1 0 1 0 0 7 0 0 0 0 0 0 0 0 0 0 0 0 0 0 0 0 0 0 0 0 0 0 2 0 0 0 0 0 0 2 0 0 11 0 0 0 0 0 0 0 0 0 0 0 0 0 0 0 0 0 0 0 0 0 1 0 0 0 0 0 0 0 0 0 0 0 0 0 0 0 0 
 415 57 48 52 77 30 421 489 280 110 245 44 81 0 609 33 24 36 75 309 0 0 0 0 0 0 0 3 3 3 0 0 3 2 0 1 73 0 2 0 3 3 0 0 3 0 0 0 0 0 3 0 0 2 3 0 0 0 3 0 0 0 0 2 1 0 0 2 0 0 3 2 0 0 9 0 0 0 0 0 40 37 13 1 0 0 0 4 45 0 2 0 14 59 75 1 24 25 0 0 0 0 0 0 0 0 0 0 0 0 0 0 0 0 0 0 0 0 0 0 0 0 0 0 0 0 15 0 0 0 0 0 0 0 1 0 0 0 0 0 0 1 0 0 0 0 0 0 19 0 0 0 0 0 0 0 0 0 0 12 19 20 52 1 0 0 0 49 20 21 0 0 10 20 25 31 49 0 0 16 0 0 2 0 0 0 0 0 0 0 0 0 0 0 0 0 0 0 0 0 0 0 0 0 0 0 0 0 2 0 0 0 0 0 0 0 0 0 0 0 9 0 0 0 0 0 0 0 0 0 0 0 0 0 0 0 0 0 0 0 0 0 0 0 0 0 2 0 0 1 2 2 1 0 0 0 0 0 0 0 0 0 0 0 0 0 0 0 0 0 0 0 0 0 0 0 0 0 0 0 0 0 0 0 0 0 0 0 0 0 
 554 641 80 59 86 67 286 150 360 398 485 124 49 609 0 147 69 150 55 102 0 0 88 0 0 3 2 3 3 2 0 0 3 0 0 0 2 2 0 0 3 2 3 0 3 0 0 0 0 2 5 3 0 2 3 0 1 56 3 0 0 0 0 2 3 41 0 3 3 0 3 3 0 0 4 3 0 0 0 0 23 27 46 0 0 0 0 41 29 10 40 0 9 13 16 31 49 40 0 0 0 0 0 0 0 0 0 0 0 1 0 0 0 0 0 0 0 0 0 1 0 0 0 0 0 0 0 0 0 2 0 0 0 0 0 0 0 0 0 23 0 0 0 0 0 0 0 0 0 0 2 0 0 0 0 0 0 0 0 0 34 10 23 0 11 0 0 35 21 14 19 5 12 0 10 40 28 0 12 0 0 0 0 0 0 0 0 2 0 0 0 0 0 0 2 0 0 0 0 0 0 2 0 0 0 0 0 0 0 0 0 0 2 0 0 0 0 0 0 0 0 1 0 3 0 0 0 0 0 0 0 0 0 0 0 0 0 0 0 0 0 19 0 0 0 0 4 0 91 2 0 7 0 0 0 0 0 0 0 0 0 0 17 0 0 0 0 0 0 0 0 0 0 0 0 0 0 15 0 0 21 0 0 0 0 0 0 0 0 0 
 20 363 326 71 89 268 45 25 257 438 120 263 32 33 147 0 407 233 37 74 0 0 0 1 0 0 0 3 3 2 0 0 3 2 0 0 0 0 2 77 4 3 0 0 3 0 0 3 0 0 3 0 0 2 3 0 0 0 3 0 0 0 0 2 0 0 0 3 0 0 3 11 0 0 0 0 0 0 0 0 0 12 27 0 0 0 0 24 52 37 58 23 0 0 0 46 18 47 0 0 0 0 0 2 0 0 0 0 0 0 0 0 0 0 0 0 0 0 0 0 0 0 0 0 0 0 0 0 0 0 0 0 0 0 0 0 0 0 0 0 0 0 0 1 0 0 0 0 1 0 0 0 0 0 0 0 0 0 2 0 0 7 13 39 7 0 0 0 29 22 38 1 0 0 0 41 29 21 0 0 0 0 2 0 0 63 0 0 0 2 0 0 0 0 0 0 0 0 0 0 0 0 2 0 0 0 2 0 0 0 0 0 0 0 0 0 0 0 0 0 0 0 0 0 0 0 2 0 0 0 0 0 0 0 0 0 0 0 0 0 0 16 0 0 0 0 2 0 0 2 0 6 0 12 0 0 0 0 0 0 0 0 18 0 0 0 0 0 0 0 0 0 0 0 0 13 0 32 0 0 0 0 0 0 0 0 0 0 0 0 
 23 521 200 150 285 79 32 60 280 806 199 103 35 24 69 407 0 247 456 347 2 0 0 2 1 1 0 3 3 6 0 4 3 0 205 0 0 0 0 1 37 5 2 0 3 0 0 0 0 0 3 0 2 2 3 0 1 2 3 0 0 4 0 2 1 2 0 2 0 0 53 9 22 0 0 0 0 0 0 0 0 14 19 11 0 0 0 26 52 53 63 26 1 0 0 57 11 55 0 0 0 2 0 0 0 0 2 0 0 0 10 0 0 0 0 0 0 1 0 0 1 0 0 0 0 0 0 0 0 0 0 0 0 0 0 0 0 0 0 2 0 0 0 19 0 0 0 2 0 0 0 13 2 0 0 0 0 0 0 0 0 11 0 28 10 0 0 0 17 19 33 30 0 0 1 29 5 19 0 0 0 0 0 0 0 0 0 0 0 0 0 0 0 45 0 0 0 1 0 0 2 0 0 0 0 0 0 0 0 0 0 1 0 0 0 0 0 0 0 0 1 0 1 0 0 0 0 0 0 0 9 0 0 0 0 0 0 0 0 0 0 19 0 0 0 3 96 0 0 3 1 11 0 0 0 0 0 0 2 0 0 0 17 0 0 0 0 1 0 0 0 0 0 0 0 18 16 0 0 0 0 0 0 0 0 0 0 0 0 0 
 49 134 190 439 39 52 28 39 466 183 457 99 27 36 150 233 247 0 38 243 2 0 0 1 1 6 1 3 3 5 1 4 6 4 0 1 0 1 0 1 20 11 0 0 2 2 0 4 60 4 3 2 2 4 3 0 0 2 4 2 0 0 0 2 2 0 2 2 0 0 2 2 0 0 0 0 0 0 0 0 0 12 0 26 0 12 28 10 25 35 31 60 0 0 0 23 13 16 0 0 0 0 0 0 0 0 0 0 0 0 0 0 0 0 0 0 0 0 0 0 0 0 0 0 0 0 0 0 0 0 0 0 1 0 1 0 0 0 0 0 0 0 0 0 0 0 0 0 0 0 0 0 0 0 0 0 0 0 0 0 0 15 0 27 24 18 0 0 0 27 22 23 0 0 0 0 11 4 0 0 21 0 0 0 0 0 0 0 0 0 0 0 0 0 0 2 0 0 0 0 0 24 0 0 0 0 0 0 2 0 0 0 0 0 0 0 0 0 0 0 0 0 0 0 0 0 0 0 0 1 0 0 0 0 0 0 0 0 0 0 0 0 0 0 0 4 173 0 0 3 1 16 0 2 1 0 0 1 0 0 0 0 20 0 0 0 0 0 0 0 0 0 0 0 0 15 0 0 0 0 0 0 0 0 0 0 0 0 0 0 
 19 31 108 81 62 57 42 274 72 282 37 56 477 75 55 37 456 38 0 273 0 0 2 1 0 2 0 3 3 3 0 0 3 1 0 0 0 0 0 0 3 3 0 60 3 0 4 0 0 0 3 0 3 2 3 4 0 0 3 0 0 0 0 2 0 0 0 2 0 0 3 3 0 0 0 0 0 0 3 0 10 18 0 0 0 0 62 0 0 0 0 0 24 10 0 0 0 0 35 68 0 0 2 0 1 0 0 0 2 0 0 0 0 0 1 0 0 0 0 0 0 0 0 0 0 0 0 0 0 0 0 0 0 0 0 0 0 0 0 0 0 6 0 0 0 0 0 0 0 0 0 0 0 0 0 0 0 0 13 0 1 0 0 4 0 0 41 0 0 0 0 0 15 20 56 0 1 0 33 36 13 0 0 2 0 1 2 0 0 0 0 0 0 0 0 0 0 0 0 0 0 0 0 0 0 0 0 0 0 1 0 0 0 0 0 0 0 0 0 0 0 0 0 0 0 0 0 0 0 0 2 0 0 0 0 1 0 0 0 0 0 0 0 0 0 1 0 0 4 0 2 10 0 0 0 0 0 0 2 0 0 0 0 0 0 0 0 0 0 0 0 0 0 0 0 0 0 0 0 0 0 0 0 0 0 0 0 0 0 0 
 239 51 50 284 75 29 229 56 45 62 57 34 275 309 102 74 347 243 273 0 0 0 0 0 2 0 0 3 3 3 2 0 3 0 0 0 0 0 0 0 65 3 0 0 3 57 0 0 0 0 3 0 0 2 3 0 0 1 66 0 0 0 0 2 1 0 0 2 0 0 3 2 0 0 0 0 0 0 7 0 18 15 1 0 0 0 43 19 17 2 1 0 33 63 20 0 1 0 11 32 0 1 0 0 0 0 0 0 0 0 0 2 0 0 0 0 0 19 0 0 0 0 0 0 0 0 0 0 0 0 0 0 0 0 0 2 0 0 0 1 0 31 0 0 0 0 0 0 0 0 0 1 1 0 0 0 0 0 3 0 42 9 20 0 0 0 49 21 2 0 0 0 8 31 44 21 3 0 1 31 3 0 0 0 0 0 0 0 0 0 0 0 0 0 0 0 0 2 0 0 0 0 0 0 0 0 0 0 0 0 0 1 0 0 0 0 0 31 0 0 0 0 2 0 0 0 0 0 0 0 0 0 0 0 0 0 0 0 0 0 0 0 0 0 0 2 0 0 0 0 0 19 0 0 0 0 0 2 0 0 0 0 0 0 0 0 0 0 0 0 0 0 0 0 1 0 0 0 0 0 0 0 0 0 0 0 0 0 0 0 
 2 0 0 0 0 2 0 0 0 0 2 0 0 0 0 0 2 2 0 0 0 80 56 256 29 29 401 293 60 37 124 53 66 102 270 47 25 23 77 188 32 0 204 62 0 0 0 0 0 0 0 0 3 0 0 2 204 3 2 16 0 0 3 0 0 2 0 0 0 0 0 0 13 2 0 0 0 3 0 2 0 0 0 0 0 0 0 0 0 0 18 0 0 0 0 0 0 0 0 0 16 43 11 1 0 0 1 45 53 0 1 0 0 15 39 12 17 2 0 0 0 0 0 0 0 0 0 0 0 0 0 0 0 0 0 0 0 4 0 0 0 0 0 2 0 0 0 0 0 0 0 0 0 0 0 0 0 0 0 0 1 0 0 0 0 0 0 0 0 0 13 0 0 0 0 10 0 0 0 0 11 38 34 1 0 0 20 20 13 4 0 0 1 51 38 28 20 0 0 0 0 0 0 0 0 0 0 0 0 0 1 0 0 0 0 0 0 0 0 0 0 0 0 1 14 0 0 0 0 0 0 0 0 0 0 2 0 0 7 0 0 0 0 0 0 0 0 0 0 0 0 0 0 0 12 0 2 0 0 2 1 0 0 0 0 0 1 0 0 0 0 0 0 0 0 0 0 0 0 0 0 0 0 0 0 0 0 0 0 0 
 4 0 0 5 0 0 0 0 5 5 0 0 0 0 0 0 0 0 0 0 80 0 462 70 21 256 290 357 551 267 107 23 52 59 287 533 343 37 131 54 0 0 0 0 0 0 0 0 0 0 0 0 3 0 0 2 0 3 3 0 0 0 3 54 0 2 0 0 2 48 0 0 10 61 0 40 0 3 1 2 0 0 0 0 0 0 20 0 0 2 0 0 0 0 0 0 0 0 0 0 0 52 17 18 0 0 2 39 47 18 15 35 0 0 0 44 43 20 0 0 0 0 0 0 0 1 0 0 0 2 0 0 0 0 0 0 0 0 0 0 0 0 1 1 2 0 0 0 0 0 0 0 0 0 0 0 0 0 0 0 0 0 0 0 0 0 0 6 0 0 0 0 0 0 0 1 0 0 0 0 0 16 53 12 0 0 0 28 19 40 31 10 0 14 15 13 30 22 0 0 0 0 0 0 0 0 0 0 0 0 0 0 0 0 0 0 0 0 2 0 0 0 0 2 0 0 0 0 0 0 0 0 0 0 0 0 0 0 0 0 0 0 0 0 0 0 0 0 0 0 0 0 0 0 16 1 0 0 0 0 3 0 0 0 0 0 11 2 0 0 0 0 0 0 0 0 0 0 0 0 0 11 0 0 0 0 0 0 0 0 
 0 33 0 2 0 0 0 0 0 0 0 0 0 0 88 0 0 0 2 0 56 462 0 99 81 24 97 104 249 595 61 248 61 483 151 207 383 568 253 52 0 0 2 0 0 0 0 0 0 0 0 0 3 0 0 2 0 10 3 0 0 0 3 0 0 2 97 0 0 0 0 0 3 39 0 0 0 4 0 2 0 0 0 0 0 0 0 0 0 0 0 0 3 0 0 0 0 0 0 0 0 33 32 30 24 0 0 1 7 52 29 77 0 0 0 38 27 55 0 0 1 0 0 0 0 0 0 0 11 0 0 0 0 0 0 0 0 0 0 0 0 0 0 0 0 0 0 0 0 0 0 0 0 0 0 2 0 1 0 1 0 1 0 0 0 0 0 6 0 0 2 0 0 0 0 0 0 0 0 0 0 6 12 15 18 9 0 0 43 66 51 39 1 0 0 0 21 49 0 0 0 0 0 0 0 0 0 0 0 0 0 0 0 0 0 0 0 0 0 0 0 0 0 0 0 0 0 0 0 0 0 0 0 0 0 0 0 12 0 0 0 0 48 0 0 0 0 0 29 0 0 0 0 0 3 0 0 2 2 0 13 0 0 0 0 0 9 0 0 0 0 0 0 0 0 0 0 0 0 0 0 12 0 0 0 0 0 13 0 0 
 0 2 2 0 1 0 79 1 5 0 0 0 0 0 0 1 2 1 1 0 256 70 99 0 152 41 110 148 91 373 597 308 257 78 52 32 43 505 268 66 0 0 0 0 0 1 0 0 0 0 6 15 14 6 0 2 0 1 3 0 0 0 3 0 1 2 0 11 0 0 0 0 4 2 0 50 0 3 4 2 0 0 22 2 2 0 0 1 0 0 0 0 0 6 0 0 0 0 0 0 0 0 15 29 30 24 0 2 1 9 13 55 0 0 0 10 28 0 0 0 0 2 0 0 0 0 0 2 0 0 0 0 48 1 0 0 0 0 20 3 0 0 0 0 10 0 0 0 0 0 0 0 0 0 0 5 0 0 0 0 0 0 2 0 0 0 0 0 0 0 0 0 0 0 0 0 0 2 0 0 0 19 0 14 43 17 0 0 27 21 10 93 0 0 0 0 0 28 0 0 0 0 0 0 0 0 0 0 0 0 0 0 0 0 1 0 0 0 8 1 0 0 0 0 0 0 0 0 0 0 0 0 0 0 0 0 0 14 0 0 0 0 14 0 0 0 0 0 0 0 0 0 0 0 17 2 0 92 25 0 2 12 0 0 0 0 0 0 0 0 0 0 0 0 0 0 0 0 0 0 0 18 0 0 0 0 14 0 0 0 
 1 1 14 0 0 0 0 2 0 0 0 1 0 0 0 0 1 1 0 2 29 21 81 152 0 368 85 275 99 115 316 369 84 98 66 67 56 252 91 76 0 0 2 0 0 0 0 0 0 0 23 0 3 3 0 10 0 0 21 0 7 9 3 0 0 2 0 0 0 0 0 0 3 2 0 0 0 3 1 2 0 0 0 1 1 0 0 1 0 0 0 0 0 0 0 0 0 0 0 0 0 0 0 0 18 54 0 1 0 1 0 0 0 0 0 0 2 0 0 0 0 1 0 0 0 0 9 0 0 0 0 0 36 22 1 0 0 0 43 44 2 0 0 0 0 0 0 0 7 0 0 0 0 0 8 37 26 0 0 0 0 0 1 0 0 5 0 0 0 7 0 0 0 0 0 0 0 1 0 0 0 0 0 0 3 31 0 0 0 0 1 0 0 0 0 0 0 0 0 0 5 0 0 0 0 0 28 0 0 0 0 0 37 0 2 0 0 0 53 15 0 0 0 0 0 0 0 0 0 0 0 0 0 0 0 0 0 2 0 0 0 0 0 0 0 0 0 0 0 0 0 0 0 0 12 0 0 6 2 1 3 0 0 0 0 0 0 0 0 15 0 0 0 0 0 0 0 24 0 0 0 13 0 0 0 0 0 0 0 0 
 2 0 0 0 92 0 2 0 0 1 0 2 0 0 3 0 1 6 2 0 29 256 24 41 368 0 255 44 48 486 72 56 60 50 46 51 49 46 254 61 1 33 0 0 0 0 1 0 0 0 12 0 9 0 0 16 0 2 160 0 2 0 3 30 0 2 0 0 0 0 0 0 3 4 0 0 50 16 3 2 0 0 0 0 0 0 8 0 0 0 0 0 0 0 0 0 0 0 0 0 0 0 0 0 5 29 0 0 0 19 0 0 0 0 0 0 0 0 0 0 14 0 0 0 0 0 17 0 0 0 0 0 23 32 1 0 0 0 20 45 0 0 0 0 1 0 0 0 0 0 16 0 0 0 0 3 4 0 0 0 0 0 0 0 0 17 0 0 0 3 0 0 0 0 0 0 0 5 0 7 0 0 0 0 12 73 0 0 0 0 0 0 0 0 0 0 0 0 0 0 34 0 0 0 0 0 85 0 0 1 0 0 73 2 10 0 0 0 50 64 0 0 0 0 0 0 0 0 0 3 0 0 0 0 0 0 0 0 0 0 0 0 0 0 0 0 0 0 20 0 0 0 0 0 12 0 1 0 0 5 0 0 0 0 0 0 0 0 0 0 0 0 0 0 0 0 0 0 0 0 0 0 0 0 0 0 0 0 0 0 
 0 0 0 2 0 2 78 2 0 0 0 3 0 0 2 0 0 1 0 0 401 290 97 110 85 255 0 104 58 40 37 25 643 304 31 243 30 42 67 238 5 0 3 0 0 0 0 0 0 0 0 0 0 0 21 0 0 0 0 3 11 8 0 0 0 0 47 18 0 0 3 0 0 0 0 0 0 0 0 0 0 0 0 0 0 0 0 0 0 0 0 0 0 12 0 0 0 0 0 0 51 0 8 0 0 0 13 62 12 0 0 0 18 62 49 13 0 0 4 19 0 0 0 0 0 0 0 0 0 0 0 0 0 0 0 0 2 0 0 0 0 0 0 0 0 0 0 0 0 0 0 0 0 0 0 0 0 0 0 0 0 0 0 0 1 1 0 11 0 0 20 0 0 0 0 0 0 0 0 0 49 20 18 0 21 0 33 33 13 3 0 0 3 34 47 24 21 1 0 14 0 2 0 0 0 0 0 1 0 0 0 0 0 0 0 0 0 0 0 0 0 0 0 0 0 0 0 0 0 0 0 0 0 0 0 0 0 0 0 0 0 0 0 0 0 0 1 0 0 0 0 0 0 0 16 1 0 0 0 0 4 0 0 0 0 0 0 0 0 0 0 0 0 0 0 0 0 0 0 0 0 0 0 0 0 0 0 0 0 0 
 0 2 3 76 3 3 2 208 4 0 5 5 5 3 3 3 3 3 3 3 293 357 104 148 275 44 104 0 152 43 267 38 303 470 209 196 216 240 318 136 0 0 61 0 0 0 0 0 0 0 0 0 3 0 0 2 0 8 6 0 0 0 3 0 0 32 0 0 0 0 0 0 12 4 0 0 0 3 1 2 0 0 2 8 0 0 0 0 0 0 0 5 0 0 0 0 0 0 0 0 1 28 33 0 0 2 0 28 39 21 0 0 1 0 0 36 9 24 0 0 0 0 0 0 0 0 0 0 0 0 2 0 0 0 0 0 0 0 0 0 0 0 0 0 0 0 0 0 0 0 0 0 0 0 0 0 7 0 0 0 0 0 0 0 0 0 0 0 0 0 0 1 0 0 0 0 0 0 1 0 1 9 27 0 0 0 13 1 15 42 7 0 0 72 21 6 28 0 0 0 0 0 14 0 1 0 0 0 0 0 0 0 0 0 0 0 0 0 0 0 0 0 0 0 0 0 0 0 0 0 0 0 0 0 0 0 1 0 0 1 0 0 0 0 0 0 0 0 0 0 0 0 0 0 5 0 2 0 0 0 4 0 0 0 0 0 0 0 0 0 0 1 0 0 0 0 10 0 0 0 0 1 0 0 0 0 0 0 0 0 
 0 3 3 3 4 3 3 3 4 0 3 3 3 3 3 3 3 3 3 3 60 551 249 91 99 48 58 152 0 318 62 33 60 300 205 247 171 257 96 73 0 0 0 0 0 3 3 0 0 0 0 0 4 0 205 2 17 29 3 0 0 0 3 0 0 2 0 0 0 0 0 1 5 33 0 0 1 3 0 2 0 0 0 0 0 0 0 0 0 0 0 0 0 0 0 0 0 0 0 0 0 80 58 11 0 0 0 0 14 57 36 17 0 0 0 51 18 81 0 0 0 0 16 0 0 0 0 0 0 0 11 0 0 0 0 0 0 0 0 0 0 0 0 0 2 0 0 0 0 0 0 0 0 0 0 0 0 0 0 0 0 0 0 0 0 0 0 3 0 0 0 0 0 0 0 0 0 0 0 0 6 13 13 15 15 9 0 0 40 73 38 41 0 0 0 0 33 31 0 0 0 0 0 0 0 13 0 0 0 0 0 0 0 0 0 0 0 0 1 0 0 0 0 0 0 0 0 0 0 0 0 0 0 0 0 0 0 15 0 0 0 0 2 0 0 0 0 0 0 0 0 0 0 0 7 1 0 3 1 2 13 1 0 0 0 0 12 0 0 0 0 0 0 0 0 0 0 0 0 0 0 18 0 0 0 0 0 0 0 0 
 1 3 2 4 4 2 3 5 5 0 3 3 4 3 2 2 6 5 3 3 37 267 595 373 115 486 40 43 318 0 397 57 37 86 91 291 349 118 298 70 1 0 0 1 0 0 0 0 0 0 9 0 7 5 0 2 0 0 4 0 0 0 7 0 0 2 0 0 2 0 3 2 3 53 0 0 0 8 0 2 0 0 0 0 0 0 0 0 0 0 0 0 0 13 0 0 0 0 0 0 0 13 9 55 14 7 0 0 25 4 27 90 7 0 0 2 5 41 0 0 0 0 0 0 0 0 0 0 0 0 0 0 1 0 25 0 0 0 6 0 0 0 0 0 3 0 0 0 0 0 0 0 0 0 0 0 0 0 0 0 0 0 0 0 0 0 0 5 0 1 0 0 0 0 0 0 0 0 0 0 0 0 31 39 41 37 5 0 34 21 21 48 0 0 0 0 10 47 0 0 0 0 0 0 0 0 13 0 0 9 0 0 13 0 0 0 0 0 7 0 0 0 0 0 0 0 0 0 0 0 0 0 0 0 0 0 0 11 0 0 0 0 12 0 0 0 0 0 0 0 26 0 0 0 14 0 0 172 150 2 19 26 0 0 0 0 12 0 0 0 0 2 11 0 0 0 0 0 0 0 0 11 0 0 0 0 13 0 0 0 
 0 0 0 1 0 0 0 0 1 2 1 0 0 0 0 0 0 1 0 2 124 107 61 597 316 72 37 267 62 397 0 386 45 43 272 61 104 423 61 67 0 0 2 0 0 0 0 0 0 0 3 0 65 3 0 2 0 1 3 0 0 0 3 0 0 2 0 0 0 0 0 0 3 2 0 0 0 3 2 2 0 0 0 0 0 0 0 0 0 1 0 0 0 0 0 0 0 0 0 1 0 17 10 31 39 48 1 0 0 20 41 55 0 0 0 2 22 23 12 0 0 0 0 0 0 2 0 0 0 0 0 0 29 1 0 0 0 0 11 2 0 0 0 2 9 0 0 0 0 0 0 0 2 28 0 7 0 0 0 0 0 0 0 0 0 0 0 1 0 0 0 43 0 0 0 2 0 0 0 0 0 1 0 95 55 30 0 0 34 15 26 50 0 0 1 0 5 67 0 0 0 0 0 0 0 0 0 0 0 0 0 0 0 0 0 0 0 0 14 0 0 0 0 1 0 0 0 0 0 0 0 0 0 0 0 0 0 16 0 0 0 0 14 0 0 0 0 0 0 0 0 0 0 7 17 4 0 78 101 1 17 12 0 0 0 0 1 0 0 0 0 0 0 0 0 0 0 0 0 0 0 17 0 0 0 0 11 0 0 2 
 0 2 1 0 2 0 0 1 2 0 0 0 0 0 0 0 4 4 0 0 53 23 248 308 369 56 25 38 33 57 386 0 21 261 38 33 287 60 237 19 0 0 0 0 0 0 0 0 0 0 21 0 6 11 0 2 0 62 4 0 0 0 3 0 0 2 0 0 0 0 0 0 3 2 0 41 0 4 0 2 0 0 0 0 0 0 0 0 0 0 0 0 19 0 0 0 0 0 0 0 0 0 0 26 12 39 0 0 0 0 19 29 0 0 0 0 18 0 0 0 1 0 0 0 0 0 6 1 0 0 0 0 43 0 0 0 0 0 32 22 0 0 0 0 4 0 0 0 0 0 0 0 0 0 0 15 0 0 0 0 0 0 0 0 0 9 0 0 0 3 0 0 0 0 0 0 0 1 0 0 0 0 0 37 36 60 0 0 0 0 9 28 0 0 0 0 0 31 0 0 0 0 0 0 0 0 30 0 0 0 0 0 19 0 0 0 0 23 32 1 0 0 0 0 0 0 0 0 0 0 0 0 0 0 0 0 0 0 0 0 0 0 0 0 0 0 0 0 0 0 0 0 0 0 18 1 0 162 155 0 5 15 0 0 0 0 0 0 0 0 0 0 0 0 0 0 0 0 0 0 0 12 0 0 0 0 10 0 0 0 
 0 3 3 8 4 5 3 3 3 0 5 5 3 3 3 3 3 6 3 3 66 52 61 257 84 60 643 303 60 37 45 21 0 57 106 37 31 94 427 258 0 0 2 20 0 0 0 0 0 0 0 0 5 2 6 5 0 0 2 2 0 0 4 0 0 2 0 0 0 0 0 0 3 2 0 0 0 3 1 2 0 0 0 0 1 1 0 0 0 0 2 0 0 0 1 0 0 0 0 0 46 11 0 0 12 0 53 11 20 0 0 0 7 36 58 0 0 0 19 10 0 0 0 0 0 0 0 0 0 6 0 0 0 0 0 0 0 0 0 0 0 0 0 2 0 0 0 2 0 0 0 0 0 11 0 0 0 0 0 0 0 0 0 0 0 0 0 0 0 0 0 0 0 0 0 3 0 0 0 0 48 12 0 1 0 0 27 33 7 0 0 0 6 19 45 14 1 0 17 68 0 0 0 0 0 0 0 0 0 0 1 0 0 0 0 0 0 0 0 0 0 0 10 1 0 0 0 0 0 0 0 0 0 0 0 0 0 0 0 0 0 0 0 0 0 0 0 0 1 0 0 0 0 0 10 1 1 0 0 0 3 0 0 0 0 0 0 0 0 0 0 0 0 0 0 0 0 0 0 0 0 0 0 0 0 0 0 0 0 2 
 3 0 76 2 75 0 0 0 0 0 0 2 37 2 0 2 0 4 1 0 102 59 483 78 98 50 304 470 300 86 43 261 57 0 246 51 478 25 575 180 14 0 1 0 0 0 21 22 0 0 0 0 4 15 21 2 0 23 2 1 0 0 3 0 0 2 0 0 0 30 0 0 3 2 0 0 0 3 0 2 0 0 0 3 13 0 0 0 0 0 0 0 0 1 0 0 0 0 0 0 16 22 19 0 0 0 0 27 49 0 1 0 0 7 35 9 15 23 2 0 0 20 0 0 0 0 0 0 0 0 0 0 0 0 0 0 0 0 0 0 0 0 0 0 0 0 0 0 0 0 0 0 0 0 0 0 0 0 0 0 31 0 0 1 0 2 12 0 0 10 0 0 0 0 0 0 0 0 0 0 9 31 45 0 0 0 63 11 15 0 0 0 0 30 25 17 24 0 0 0 0 0 0 0 0 0 0 0 0 0 0 0 0 0 0 0 0 2 0 0 0 0 0 0 0 0 0 0 0 1 0 0 0 0 2 0 0 0 0 0 0 0 1 0 0 1 0 0 0 0 0 0 0 0 8 0 0 0 0 0 2 0 0 0 0 0 0 0 0 0 0 0 0 0 0 0 0 0 0 0 0 0 0 0 0 0 0 0 0 0 
 0 0 0 0 0 0 0 0 0 1 0 0 0 0 0 0 205 0 0 0 270 287 151 52 66 46 31 209 205 91 272 38 106 246 0 236 128 49 92 103 0 0 1 0 0 0 0 0 0 0 0 0 3 0 1 2 0 5 2 0 0 0 3 0 0 2 0 0 0 0 0 1 10 2 0 0 0 3 0 2 1 0 0 0 0 0 0 0 0 0 0 0 0 0 0 0 0 0 0 0 2 37 39 11 0 0 0 29 29 36 21 3 0 0 0 36 29 21 2 0 20 0 0 0 0 0 0 0 0 0 0 0 0 0 0 0 0 0 0 0 0 0 0 0 1 0 19 1 0 0 2 0 0 0 2 0 0 0 0 0 0 0 0 6 0 0 0 32 1 0 19 0 0 0 2 17 0 0 0 1 0 13 42 15 17 1 1 14 29 32 24 2 0 36 11 9 43 11 0 0 0 0 0 0 0 0 0 0 0 0 0 0 0 0 0 0 0 0 0 0 0 0 0 0 0 0 0 1 2 0 0 0 0 1 0 0 0 0 0 0 0 0 0 0 0 0 0 0 0 0 0 0 0 0 8 0 1 0 0 2 5 1 0 0 0 0 0 0 0 0 0 0 0 0 0 0 0 0 0 0 0 0 0 1 1 0 0 0 0 0 
 0 0 0 0 0 0 0 0 4 0 0 0 0 1 0 0 0 1 0 0 47 533 207 32 67 51 243 196 247 291 61 33 37 51 236 0 203 266 35 88 0 0 0 0 0 0 0 0 0 0 0 0 2 0 0 3 0 0 3 0 0 0 3 0 0 2 0 0 0 0 0 0 9 48 50 0 0 3 2 5 0 0 0 0 0 0 0 0 1 0 0 1 0 0 0 0 0 0 0 0 0 44 22 46 8 11 0 19 28 52 13 26 0 0 0 31 27 42 0 0 0 0 0 0 0 0 0 0 0 0 0 0 0 0 0 0 0 0 0 0 0 0 0 0 0 0 0 0 0 0 0 0 0 0 0 0 2 0 0 1 0 0 0 0 0 9 0 4 0 0 0 2 0 0 0 0 0 0 0 0 1 23 31 14 13 7 0 12 33 56 70 15 0 18 18 10 16 38 0 0 0 0 0 0 0 0 0 0 0 0 0 2 0 0 0 0 0 0 3 0 0 0 0 0 0 0 0 0 4 0 0 1 0 0 0 0 0 8 0 0 0 0 11 0 0 0 0 0 0 0 0 0 0 0 4 0 0 3 2 0 14 1 0 0 0 0 15 0 0 0 0 0 0 0 0 0 2 0 0 0 0 13 0 0 0 0 0 0 0 0 
 0 0 0 0 0 0 0 0 3 0 0 0 0 73 2 0 0 0 0 0 25 343 383 43 56 49 30 216 171 349 104 287 31 478 128 203 0 394 46 49 0 0 0 0 0 0 0 0 0 0 207 207 3 0 0 2 0 2 78 0 0 0 3 0 0 2 0 0 0 0 0 0 5 28 0 0 0 5 0 2 0 0 0 0 0 0 0 0 8 0 0 2 0 0 0 0 0 0 0 0 0 47 25 29 10 1 0 1 9 46 31 14 0 1 0 33 27 42 0 0 0 0 0 0 0 0 12 0 0 0 0 0 0 0 0 33 0 2 0 0 0 0 0 0 0 0 0 0 0 0 0 0 0 0 0 0 1 0 0 6 0 12 0 0 0 0 0 5 0 0 0 0 0 0 0 0 0 0 0 0 0 1 15 25 16 15 0 0 50 46 24 30 0 0 0 1 29 32 0 0 0 0 0 0 0 0 0 0 0 0 0 0 0 0 0 0 0 0 1 2 0 0 0 20 0 0 0 0 0 0 0 0 0 0 0 0 2 19 0 0 0 0 18 0 0 0 0 0 0 0 0 0 0 0 7 0 2 1 0 2 17 2 0 0 0 0 11 0 0 0 0 0 0 0 0 0 1 0 0 0 0 2 0 0 0 0 0 0 0 0 
 0 0 0 2 0 3 0 0 0 0 1 0 74 0 2 0 0 1 0 0 23 37 568 505 252 46 42 240 257 118 423 60 94 25 49 266 394 0 25 32 0 0 0 0 0 0 0 0 0 0 9 0 7 13 0 2 0 0 4 0 0 0 3 0 0 2 0 0 0 0 0 0 3 55 0 0 0 3 0 2 0 11 0 0 0 0 0 0 0 0 0 0 0 0 2 0 0 0 0 0 0 13 3 45 16 8 2 0 12 6 70 50 0 0 0 2 45 32 0 0 0 0 2 0 0 0 0 0 0 0 0 0 4 0 0 0 0 0 0 0 0 0 0 1 5 0 0 0 0 0 0 0 0 0 0 0 0 0 0 0 0 0 0 0 0 0 0 9 0 1 0 0 0 0 0 0 0 0 0 0 0 0 11 39 44 18 0 0 29 19 26 58 0 0 2 0 46 59 0 0 0 0 0 15 0 0 5 0 0 0 2 0 0 0 0 0 0 0 22 1 0 0 0 2 0 0 0 0 0 0 0 0 0 0 0 0 0 12 0 0 0 0 14 0 0 0 0 0 0 0 0 0 0 0 18 0 3 149 148 12 12 15 0 0 0 0 16 0 0 0 0 0 0 0 0 0 0 0 0 0 0 10 0 0 0 0 10 0 0 1 
 3 0 0 0 8 221 0 0 5 0 2 3 203 2 0 2 0 0 0 0 77 131 253 268 91 254 67 318 96 298 61 237 427 575 92 35 46 25 0 272 0 0 1 0 0 0 0 0 33 0 0 0 3 0 5 2 1 0 2 0 0 0 3 28 0 2 0 0 0 51 0 0 3 2 0 0 0 3 0 2 0 0 0 0 0 0 1 0 0 0 0 1 1 1 0 0 0 0 0 0 49 0 0 0 0 16 45 14 0 0 0 1 29 26 21 0 0 0 62 75 0 0 0 0 0 0 0 0 0 10 0 0 0 0 5 0 0 0 1 0 0 0 0 0 0 0 0 3 0 0 0 2 1 0 0 0 0 0 0 0 0 0 0 1 6 14 0 0 0 0 0 1 0 0 0 0 0 0 0 0 52 3 1 0 0 0 25 21 2 0 0 0 26 7 12 12 0 15 30 46 0 0 0 0 0 0 0 0 0 0 0 0 0 0 0 0 0 2 0 0 0 0 18 0 0 0 0 0 0 1 0 0 0 0 2 0 0 0 0 0 0 0 0 0 0 2 0 0 0 0 0 0 1 0 13 0 3 0 0 3 4 1 0 0 0 0 0 0 0 0 0 0 1 0 0 0 0 0 0 0 0 0 0 0 0 0 0 0 0 0 
 0 0 2 0 0 0 1 1 207 0 66 1 89 0 0 77 1 1 0 0 188 54 52 66 76 61 238 136 73 70 67 19 258 180 103 88 49 32 272 0 0 0 0 0 0 0 0 0 26 0 0 0 3 0 8 2 0 0 17 0 0 0 3 0 0 3 0 0 0 0 0 0 3 2 0 0 0 3 0 2 0 0 0 0 0 0 0 0 0 0 0 1 0 0 0 0 0 0 0 0 58 0 14 0 0 1 20 14 4 0 0 0 22 19 58 0 0 0 8 39 0 0 0 0 0 0 0 0 0 0 0 0 0 0 0 0 0 0 0 0 0 0 0 0 0 0 0 5 0 0 10 2 0 0 0 0 0 0 0 0 0 0 0 0 0 1 0 0 0 0 0 0 0 0 0 0 12 0 0 0 31 20 11 0 0 1 73 41 27 0 0 0 16 41 42 36 13 8 0 17 0 0 0 0 0 0 0 2 0 0 0 0 0 0 0 2 0 0 0 0 0 0 0 0 0 0 0 0 0 0 0 0 0 0 0 0 0 0 0 0 0 0 0 0 0 0 0 0 0 0 0 0 0 0 9 2 1 0 0 0 0 1 0 0 0 0 0 0 0 0 0 0 0 0 0 0 0 0 0 0 0 0 0 0 0 0 0 0 0 0 
 0 3 3 7 4 4 3 3 4 6 12 11 3 3 3 4 37 20 3 65 32 0 0 0 0 1 5 0 0 1 0 0 0 14 0 0 0 0 0 0 0 162 92 258 58 28 317 272 33 41 127 52 66 84 258 32 42 47 25 211 3 30 3 11 2 1 3 2 2 3 1 0 3 0 3 1 0 4 0 3 0 0 0 22 8 8 0 0 0 10 42 13 0 0 0 0 22 0 0 0 0 0 0 0 1 0 0 0 0 0 0 0 0 0 0 0 0 0 1 0 14 11 18 11 0 0 14 45 40 6 12 0 0 10 1 32 32 22 32 1 0 0 7 18 0 0 0 0 0 0 0 0 0 0 0 0 0 0 0 0 0 0 0 9 27 16 0 0 0 1 19 12 0 0 0 1 1 0 0 0 0 0 0 44 0 0 0 0 0 0 0 0 0 0 0 9 0 0 0 8 1 17 31 0 0 0 0 16 25 5 7 0 1 13 15 9 7 27 0 20 0 0 0 0 0 0 0 0 0 0 0 0 0 0 0 0 0 0 0 0 0 0 0 0 0 0 5 0 0 0 0 5 0 2 0 0 0 0 0 1 0 0 1 0 0 0 2 0 0 0 0 0 0 0 0 0 0 0 0 0 0 0 0 0 0 0 0 0 0 0 
 0 3 3 3 2 2 3 3 3 0 6 3 3 3 2 3 5 11 3 3 0 0 0 0 0 33 0 0 0 0 0 0 0 0 0 0 0 0 0 0 162 0 267 59 38 239 68 283 235 43 30 20 41 134 581 171 158 261 53 45 0 0 0 0 0 0 0 0 0 0 0 0 0 6 0 0 0 0 0 13 0 0 0 0 0 0 0 0 0 0 0 0 0 0 0 0 0 0 0 0 0 0 0 0 0 0 0 0 0 0 0 0 0 0 0 0 0 0 0 0 21 19 23 23 15 0 44 25 22 23 10 0 0 0 0 19 31 22 0 0 0 0 4 0 0 0 0 0 0 0 0 0 0 0 0 0 0 0 0 7 0 0 0 0 75 0 0 0 0 0 0 0 0 0 5 4 0 0 2 0 0 0 0 0 0 0 0 0 0 0 0 0 0 0 0 0 0 0 0 12 0 12 50 10 18 0 0 29 12 19 36 49 0 0 0 9 29 28 0 0 0 0 0 0 36 0 0 0 0 0 0 0 0 0 0 0 0 0 0 0 0 0 7 0 0 0 0 0 0 0 0 3 0 0 0 0 0 0 0 0 0 0 0 0 0 3 2 0 2 0 0 0 0 0 0 0 0 0 0 0 0 0 0 0 36 36 0 0 1 0 
 0 0 0 0 0 0 0 0 0 0 0 4 0 0 3 0 2 0 0 0 204 0 2 0 2 0 3 61 0 0 2 0 2 1 1 0 0 0 1 0 92 267 0 111 38 54 82 86 162 482 58 39 296 48 103 200 375 238 105 48 5 0 2 4 9 1 0 0 0 1 6 7 2 26 0 0 1 1 54 54 0 0 0 0 0 0 0 0 0 0 0 0 0 0 0 7 0 0 0 0 0 0 0 14 0 0 0 0 0 0 0 0 0 0 0 0 0 0 0 0 0 16 67 26 14 10 7 0 0 31 8 40 0 0 0 0 6 16 0 0 0 0 0 0 5 1 0 0 0 0 1 0 1 0 0 0 10 0 7 13 0 0 0 0 0 0 0 0 0 0 0 0 14 0 5 2 0 0 1 0 0 0 0 0 0 0 0 0 0 0 0 0 0 0 0 0 0 0 0 0 0 15 9 87 20 0 0 0 16 34 10 21 0 0 0 13 36 31 0 0 0 0 0 3 17 4 0 0 0 0 7 1 1 0 0 0 0 0 0 0 0 0 1 0 0 0 0 0 0 0 0 17 0 0 0 0 0 0 0 4 0 0 4 1 0 8 0 2 0 0 20 0 0 0 0 4 0 0 0 0 0 0 0 0 7 18 0 0 1 0 
 0 0 0 0 0 0 0 0 0 0 0 1 0 0 0 0 0 0 60 0 62 0 0 0 0 0 0 0 0 1 0 0 20 0 0 0 0 0 0 0 258 59 111 0 74 59 123 52 70 300 121 234 55 113 70 43 42 455 73 278 0 0 0 0 11 4 0 0 0 0 0 0 0 0 0 0 0 0 0 0 0 0 0 0 0 0 0 14 0 0 0 0 0 0 0 0 0 0 0 0 0 0 0 0 0 0 0 0 0 0 0 0 0 0 0 0 0 0 0 0 0 0 0 11 28 26 0 0 0 18 2 41 0 0 0 0 0 24 0 0 0 0 0 0 0 2 1 0 0 0 7 0 3 0 0 0 0 0 22 6 0 0 0 0 0 0 0 0 0 0 0 0 0 0 0 1 0 0 0 0 6 0 0 0 0 0 0 0 0 0 0 0 0 0 0 0 0 0 0 0 0 0 0 60 25 1 0 0 0 0 11 0 0 0 0 0 0 0 0 0 0 0 0 0 0 0 0 0 0 0 0 0 18 0 0 0 0 0 0 0 0 0 0 0 0 0 0 0 0 0 0 8 0 1 0 0 0 0 0 4 0 0 10 12 0 0 2 4 0 2 29 0 0 0 0 0 0 0 0 0 0 0 0 0 0 0 0 0 2 0 
 0 2 3 2 3 3 2 2 4 0 3 3 3 3 3 3 3 2 3 3 0 0 0 0 0 0 0 0 0 0 0 0 0 0 0 0 0 0 0 0 58 38 38 74 0 265 43 48 111 510 302 423 74 75 71 95 278 36 62 56 0 26 0 0 3 0 51 0 3 0 0 0 4 0 0 0 3 0 3 3 0 9 0 1 0 0 0 0 0 0 0 0 0 0 0 0 0 0 0 0 0 0 0 0 0 8 0 0 0 0 0 0 0 0 0 0 0 0 0 0 0 0 0 0 0 15 0 0 0 0 0 15 0 0 7 0 0 0 0 0 0 0 0 0 0 6 9 0 0 0 3 0 28 7 0 0 0 0 0 15 0 0 0 0 0 0 0 0 0 0 0 0 0 0 9 0 0 0 0 0 0 0 0 0 0 0 0 0 0 0 0 0 0 0 0 0 33 0 0 0 0 0 0 0 5 42 0 0 0 0 1 0 0 0 0 0 0 0 0 0 22 0 0 0 0 0 0 0 0 0 0 0 28 0 1 0 7 0 25 4 0 0 0 0 0 0 0 0 0 0 0 8 0 0 0 0 0 0 0 20 0 0 3 3 2 0 2 1 2 0 0 0 0 0 0 0 0 0 0 0 0 0 0 0 0 0 0 0 0 0 
 1 0 0 0 0 0 0 0 0 0 0 1 0 0 0 0 0 2 0 57 0 0 0 1 0 0 0 0 3 0 0 0 0 0 0 0 0 0 0 0 28 239 54 59 265 0 47 22 55 61 296 62 40 60 49 98 72 61 61 55 0 0 0 0 1 3 17 0 0 0 0 1 7 1 23 0 0 0 110 0 0 0 0 0 0 0 0 0 0 14 0 0 0 0 0 0 0 0 0 0 0 0 0 0 0 0 0 0 0 0 0 0 0 0 0 0 0 19 0 0 0 0 0 0 0 0 0 0 0 0 0 21 0 0 0 0 0 0 0 0 0 0 0 0 1 5 11 0 1 0 0 0 24 4 0 0 0 0 8 28 0 0 0 0 0 0 0 0 0 0 0 0 0 0 0 0 0 0 0 0 0 0 0 0 0 0 0 0 0 0 0 23 0 0 0 0 0 0 0 0 0 0 0 0 18 57 0 0 0 0 0 0 0 0 0 0 0 0 0 0 9 1 0 0 0 0 41 15 0 4 0 0 14 10 29 2 12 0 43 51 0 0 0 0 0 0 0 0 0 0 0 5 0 0 0 0 0 0 0 1 0 0 5 31 1 10 0 0 0 0 0 0 0 0 0 0 0 0 0 0 0 0 0 0 0 0 0 0 0 0 
 0 0 0 0 0 0 0 0 0 0 0 0 0 0 0 0 0 0 4 0 0 0 0 0 0 1 0 0 3 0 0 0 0 21 0 0 0 0 0 0 317 68 82 123 43 47 0 109 65 51 45 27 536 309 120 41 243 43 53 192 0 0 0 5 0 0 0 0 0 0 0 0 0 14 0 0 0 0 0 53 0 0 0 0 0 0 0 0 0 0 0 0 0 0 0 0 0 0 0 0 0 0 0 0 1 0 0 0 0 0 0 0 0 0 0 0 0 0 0 0 54 8 2 0 0 0 25 18 32 21 0 0 24 5 50 33 2 0 14 13 0 0 0 0 0 0 0 0 0 0 0 0 0 0 0 0 0 0 0 0 0 0 0 2 0 0 0 0 0 0 0 0 0 23 0 0 0 0 0 1 0 0 0 0 0 0 0 0 0 0 0 0 0 0 0 0 0 0 0 0 11 23 2 0 0 0 2 34 14 13 0 0 12 47 18 6 0 11 0 14 0 0 0 0 0 0 0 0 0 0 0 0 0 0 0 0 0 0 0 0 0 0 0 0 0 0 0 0 0 29 0 15 0 2 0 0 0 0 0 0 0 0 2 0 2 2 2 0 0 0 0 0 0 0 0 0 0 0 0 0 0 0 0 0 0 0 0 0 0 0 
 2 0 0 9 1 0 0 3 1 6 7 21 0 0 0 3 0 4 0 0 0 0 0 0 0 0 0 0 0 0 0 0 0 22 0 0 0 0 0 0 272 283 86 52 48 22 109 0 94 50 62 42 120 302 103 118 48 27 53 40 0 0 0 4 0 0 0 0 0 0 0 0 0 8 0 0 0 0 0 6 0 0 0 2 4 7 0 0 0 11 0 5 0 0 0 0 8 0 0 0 0 0 0 0 0 0 0 0 0 0 0 10 0 0 0 0 0 0 1 0 0 30 33 49 0 0 9 48 39 33 25 0 0 0 0 52 35 6 12 0 0 0 14 0 0 0 9 18 0 0 0 0 6 0 0 0 0 0 0 3 0 6 0 6 8 6 0 0 0 0 11 5 0 0 8 13 9 0 3 0 0 0 0 0 0 0 0 0 0 0 0 0 0 0 0 2 0 0 0 4 0 30 26 0 0 0 0 15 23 27 15 10 0 10 10 12 21 23 0 0 0 0 0 0 0 0 0 0 0 0 0 0 0 0 0 0 0 0 0 0 0 0 1 0 0 0 9 0 0 0 0 7 1 1 0 0 0 0 0 2 0 0 4 0 0 0 2 0 0 0 0 0 0 0 0 0 0 0 0 0 0 0 0 0 9 10 0 0 2 0 
 1 0 0 0 0 0 0 0 0 2 0 0 0 0 0 0 0 60 0 0 0 0 0 0 0 0 0 0 0 0 0 0 0 0 0 0 0 0 33 26 33 235 162 70 111 55 65 94 0 270 60 36 320 101 100 186 136 240 94 64 2 2 0 0 1 7 0 0 3 0 0 0 2 8 0 0 0 2 0 7 0 0 0 0 0 0 0 0 0 0 0 0 0 0 0 0 0 0 0 0 0 0 0 0 0 0 0 0 0 0 0 0 0 0 0 0 0 0 0 0 0 11 27 32 13 11 10 0 0 24 10 32 0 0 0 1 6 15 1 0 0 0 3 0 0 0 0 0 0 0 0 0 1 0 0 0 0 0 0 5 0 0 0 0 0 0 0 0 0 0 0 0 0 0 5 2 0 0 1 0 0 0 0 0 0 0 0 0 0 0 0 0 0 0 0 0 0 0 0 0 0 9 8 46 27 0 0 0 9 11 15 33 0 0 0 13 34 34 0 0 0 0 0 0 21 0 0 0 0 0 0 0 2 0 0 0 0 0 0 0 0 0 4 0 0 0 0 0 0 0 0 1 0 0 0 0 0 0 0 1 0 0 1 1 1 8 0 1 0 0 50 0 0 0 0 0 0 0 0 0 0 0 0 0 10 18 0 0 2 0 
 0 0 0 0 0 0 0 0 0 33 0 0 0 0 2 0 0 4 0 0 0 0 0 0 0 0 0 0 0 0 0 0 0 0 0 0 0 0 0 0 41 43 482 300 510 61 51 50 270 0 522 267 55 362 108 264 457 155 95 86 0 0 0 0 3 0 2 0 0 0 0 0 0 2 0 0 0 0 0 0 0 0 0 0 0 0 0 0 0 0 0 10 0 0 0 0 0 0 0 0 0 0 0 0 0 0 0 0 0 0 0 0 0 0 0 0 0 0 0 0 0 0 0 22 34 12 0 0 0 6 34 26 0 0 0 0 3 27 0 0 0 0 0 0 0 0 0 0 0 0 7 20 5 0 0 0 0 0 15 3 0 0 0 0 0 0 0 0 0 0 0 0 0 7 0 0 0 0 0 0 0 0 0 0 0 0 0 0 0 0 0 0 0 0 0 0 0 0 0 0 0 0 1 30 49 13 0 0 0 21 13 40 0 4 0 9 25 10 0 0 0 0 0 0 19 11 5 0 0 0 0 0 0 0 0 0 0 0 3 0 0 0 6 0 0 0 0 0 0 0 0 15 0 1 0 0 0 0 0 12 0 0 64 64 0 15 2 64 0 0 5 0 0 0 0 0 0 0 0 0 0 0 3 0 0 11 0 0 2 0 
 0 3 3 3 3 3 3 3 5 0 5 3 3 3 5 3 3 3 3 3 0 0 0 6 23 12 0 0 0 9 3 21 0 0 0 0 207 9 0 0 127 30 58 121 302 296 45 62 60 522 0 493 62 283 56 96 74 463 135 81 0 0 8 5 6 1 2 2 2 1 2 0 50 0 4 2 2 3 2 0 0 0 0 0 0 0 0 0 0 0 0 0 0 0 0 0 0 0 0 4 1 0 0 11 11 16 0 0 0 27 0 6 0 0 0 0 9 0 0 0 0 0 1 26 52 32 1 0 0 14 2 38 4 0 0 0 0 26 0 8 0 0 0 0 0 0 1 0 0 0 12 0 3 0 0 0 0 0 22 6 0 0 0 0 0 0 0 0 0 0 0 0 0 0 0 0 0 0 0 0 0 0 0 6 4 4 0 0 0 0 0 6 0 0 0 0 0 8 0 0 0 0 0 50 21 1 0 0 0 0 5 0 0 0 0 0 0 0 6 0 0 0 0 0 0 0 0 0 0 0 0 0 20 0 0 0 0 0 0 0 0 0 8 0 1 0 0 0 0 0 0 7 0 0 0 0 0 0 6 4 0 0 7 4 0 6 3 3 2 0 8 0 0 0 0 2 0 0 0 0 0 0 0 0 1 0 0 0 2 0 
 0 0 0 0 0 0 0 0 0 0 0 2 62 0 3 0 0 2 0 0 0 0 0 15 0 0 0 0 0 0 0 0 0 0 0 0 207 0 0 0 52 20 39 234 423 62 27 42 36 267 493 0 39 51 33 43 92 72 38 32 0 0 0 0 2 0 0 0 0 0 0 0 0 0 0 0 0 0 1 0 0 0 0 0 0 0 0 0 0 0 0 0 0 0 0 0 0 0 0 0 0 0 0 0 0 0 0 0 0 0 0 0 0 0 0 0 0 0 0 0 0 0 0 0 15 10 0 0 0 0 6 8 0 0 0 0 0 0 0 0 0 0 0 0 0 0 0 0 0 0 7 0 16 1 0 0 0 0 11 9 0 0 0 0 0 0 0 0 0 0 0 0 0 0 0 0 0 12 0 0 0 0 7 0 0 0 0 0 0 0 0 0 0 0 0 0 0 0 0 0 0 0 0 0 60 1 0 0 0 0 10 0 0 0 0 0 0 0 0 0 0 0 0 0 0 0 0 2 0 0 0 0 24 0 0 0 0 0 41 11 0 0 0 0 0 0 0 0 0 0 0 15 0 1 0 0 0 0 0 10 1 1 80 70 0 2 0 63 0 0 0 0 0 0 0 0 0 0 0 0 0 2 0 0 0 0 0 0 2 0 
 0 0 0 0 0 0 0 0 0 0 2 4 0 0 0 0 2 2 3 0 3 3 3 14 3 9 0 3 4 7 65 6 5 4 3 2 3 7 3 3 66 41 296 55 74 40 536 120 320 55 62 39 0 97 271 243 34 33 283 245 0 0 0 5 0 0 0 1 0 0 0 0 0 0 0 0 0 6 0 0 0 0 0 0 0 0 0 0 0 0 0 0 0 0 0 0 0 0 0 0 0 5 1 6 24 1 0 0 0 4 0 5 0 0 0 0 7 0 0 0 36 3 7 0 0 0 15 20 25 3 0 0 3 11 27 0 0 0 25 13 0 0 0 0 0 0 0 0 1 0 0 0 0 5 0 0 3 0 0 0 0 0 0 2 0 0 0 0 0 0 0 0 0 0 0 0 0 8 0 0 0 0 15 6 0 0 0 0 0 0 0 4 0 0 0 0 0 4 0 0 38 25 0 0 0 0 8 9 15 0 0 0 1 65 17 2 0 4 0 30 0 0 0 0 0 0 0 0 0 0 0 0 0 0 0 0 0 0 0 0 0 0 3 0 0 0 0 0 0 0 0 7 0 0 0 0 0 0 10 0 0 0 2 0 2 4 0 0 0 0 0 0 0 0 0 0 0 0 0 0 0 0 0 0 0 0 0 0 1 0 
 3 2 2 4 2 2 2 2 2 0 2 2 2 2 2 2 2 4 2 2 0 0 0 6 3 0 0 0 0 5 3 11 2 15 0 0 0 13 0 0 84 134 48 113 75 60 309 302 101 362 283 51 97 0 774 100 308 83 72 279 0 0 0 6 0 0 0 0 0 0 0 0 0 0 0 0 0 0 0 0 0 0 0 0 0 0 0 0 0 0 0 0 0 0 0 0 0 0 0 0 0 0 0 17 32 9 0 0 0 6 0 7 0 0 0 0 5 0 0 0 6 12 17 0 0 0 13 50 37 5 13 12 4 14 1 34 32 15 34 0 0 0 8 0 0 0 0 0 0 0 0 0 0 0 0 0 0 1 0 6 0 0 0 0 0 15 0 0 0 0 0 0 0 0 0 3 0 0 0 0 0 0 0 6 4 14 0 0 0 5 0 8 0 0 0 0 0 13 0 0 0 17 31 0 0 0 0 36 25 5 7 2 0 12 12 9 2 26 0 0 0 0 0 0 0 0 0 0 0 0 5 12 0 0 0 0 0 0 0 0 0 0 14 0 0 0 0 0 0 0 0 10 0 2 0 0 0 0 7 1 0 0 0 0 0 4 0 0 2 0 39 0 0 0 0 0 0 0 0 0 0 0 0 0 0 0 0 0 0 0 
 0 3 3 3 3 3 3 3 3 0 3 4 3 3 3 3 3 3 3 3 0 0 0 0 0 0 21 0 205 0 0 0 6 21 1 0 0 0 5 8 258 581 103 70 71 49 120 103 100 108 56 33 271 774 0 173 71 71 82 121 0 0 0 4 0 31 0 0 0 0 0 0 0 5 0 0 0 0 0 18 0 0 0 0 0 0 0 11 0 0 0 0 0 0 0 0 0 0 0 0 5 0 0 0 0 0 8 19 5 0 0 0 1 9 1 0 0 0 0 0 0 11 30 22 0 0 6 25 22 28 2 0 0 0 0 53 20 23 20 0 0 0 6 0 0 0 0 0 0 0 0 0 0 0 0 0 0 0 0 0 0 0 0 0 0 0 0 0 0 0 0 0 0 0 8 12 0 0 2 0 3 0 0 0 0 0 4 5 3 0 0 0 0 0 20 0 0 0 0 0 1 18 35 0 0 0 0 29 24 11 18 10 0 13 9 2 18 37 0 0 0 0 0 0 1 0 0 0 0 0 0 0 0 0 0 0 0 0 0 0 0 0 0 0 0 0 0 0 0 0 0 6 0 1 80 0 0 0 0 0 0 0 0 0 0 0 2 0 1 0 0 0 0 0 0 0 0 0 0 0 0 0 0 0 6 2 0 0 2 0 
 0 0 0 0 0 0 0 0 0 0 0 0 0 0 0 0 0 0 4 0 2 2 2 2 10 16 0 2 2 2 2 2 5 2 2 3 2 2 2 2 32 171 200 43 95 98 41 118 186 264 96 43 243 100 173 0 177 198 36 89 0 0 2 3 0 0 0 0 0 0 0 0 67 4 3 0 0 2 0 4 0 0 0 0 0 0 0 0 0 0 0 0 0 0 0 0 0 0 0 0 0 0 0 0 0 0 0 0 0 0 0 0 0 0 0 0 0 0 0 0 7 21 16 21 26 8 3 15 1 15 23 16 0 6 0 16 25 41 8 10 13 0 7 0 0 0 0 0 0 0 0 0 0 2 0 0 0 0 0 0 0 0 0 0 0 0 0 0 0 0 0 0 0 0 6 5 0 0 8 0 6 0 0 0 14 0 0 0 0 0 0 0 0 0 0 0 0 0 56 0 0 12 36 23 4 0 6 0 12 21 7 44 41 0 3 14 32 17 14 4 0 0 0 0 20 0 0 0 0 0 0 0 0 0 0 0 0 0 0 0 0 0 9 0 0 0 0 0 0 0 0 0 0 1 0 0 0 0 0 1 0 0 1 1 0 14 0 1 0 0 0 0 0 0 0 0 0 0 0 0 0 0 0 0 3 6 0 0 2 0 
 0 0 1 1 3 2 0 0 2 0 0 9 0 0 1 0 1 0 0 0 204 0 0 0 0 0 0 0 17 0 0 0 0 0 0 0 0 0 1 0 42 158 375 42 278 72 243 48 136 457 74 92 34 308 71 177 0 480 262 43 0 0 0 0 0 0 0 0 0 0 0 0 0 22 0 0 0 0 0 4 0 0 0 8 8 0 0 2 0 0 0 1 0 0 0 17 0 0 0 0 0 0 0 0 0 0 1 0 0 0 0 0 9 0 0 0 0 0 3 3 0 15 22 30 33 10 7 2 1 31 13 18 0 0 0 1 12 30 0 0 0 0 1 0 0 0 0 0 0 0 6 0 0 0 0 0 0 0 2 3 0 0 0 6 0 0 0 0 0 1 0 9 0 0 7 5 1 0 8 1 0 0 0 0 0 0 0 0 0 0 0 0 6 0 5 7 0 0 4 8 0 13 13 57 7 0 9 1 15 23 9 28 0 0 0 9 33 13 0 0 0 0 0 0 4 0 0 0 0 0 0 0 0 0 0 0 0 0 0 0 0 0 15 0 0 0 1 0 0 0 0 7 0 1 0 0 0 0 0 2 0 0 0 1 0 13 2 1 0 0 7 0 0 0 0 0 0 0 0 0 0 0 0 0 7 13 0 0 2 0 
 0 0 0 0 0 0 0 0 1 0 0 1 0 0 56 0 2 2 0 1 3 3 10 1 0 2 0 8 29 0 1 62 0 23 5 0 2 0 0 0 47 261 238 455 36 61 43 27 240 155 463 72 33 83 71 198 480 0 38 27 0 0 0 2 5 5 2 2 0 2 1 0 2 7 0 10 1 3 0 3 0 0 0 0 0 0 0 0 8 0 0 0 0 0 0 0 0 0 0 0 0 5 25 0 0 0 0 0 0 0 0 0 4 0 0 5 0 18 0 0 0 0 9 4 38 12 1 0 0 12 21 7 0 0 0 0 0 30 0 0 0 0 0 0 0 0 0 0 0 0 4 0 0 0 0 0 0 0 21 5 0 0 0 0 0 0 0 0 0 0 0 0 0 0 2 0 0 0 2 0 0 7 25 1 0 0 0 0 2 3 2 0 0 2 0 5 12 0 0 0 0 0 0 22 38 0 0 0 0 24 27 17 0 0 0 16 60 18 0 0 0 0 0 0 12 0 0 0 0 0 0 0 0 0 0 0 0 0 0 0 0 0 8 0 0 0 0 0 0 0 0 9 0 1 0 0 1 0 0 48 0 2 65 64 0 17 0 61 2 0 22 0 0 0 0 0 0 0 0 0 0 2 0 0 1 14 0 0 0 0 
 0 2 3 2 3 3 2 2 2 0 3 3 3 3 3 3 3 4 3 66 2 3 3 3 21 160 0 6 3 4 3 4 2 2 2 3 78 4 2 17 25 53 105 73 62 61 53 53 94 95 135 38 283 72 82 36 262 38 0 163 0 0 0 0 0 2 1 0 0 2 0 2 0 0 51 0 1 6 0 1 0 0 0 0 0 0 0 0 0 0 0 0 0 0 0 0 0 0 0 0 0 0 0 10 6 12 0 0 0 0 0 0 0 0 0 0 0 0 0 0 12 13 0 0 0 0 17 1 1 0 0 0 11 12 75 0 0 0 11 24 0 0 0 0 0 0 0 0 0 0 0 0 0 3 0 0 0 0 0 0 0 5 0 0 0 0 0 0 0 0 0 0 14 0 0 6 0 3 0 0 13 0 0 0 0 6 0 0 0 0 0 0 0 0 0 0 0 9 0 0 23 0 0 0 0 0 17 7 0 0 0 0 9 22 11 7 0 0 10 23 0 0 0 0 0 0 0 0 0 0 0 0 0 0 0 0 0 0 0 0 0 0 0 0 0 0 0 0 0 0 0 13 2 0 0 0 1 1 0 0 0 0 2 0 0 0 2 0 2 0 0 0 0 0 0 0 0 0 0 0 0 0 0 0 0 0 0 0 2 0 
 3 0 0 0 0 0 0 0 0 0 0 0 0 0 0 0 0 2 0 0 16 0 0 0 0 0 3 0 0 0 0 0 2 1 0 0 0 0 0 0 211 45 48 278 56 55 192 40 64 86 81 32 245 279 121 89 43 27 163 0 0 0 0 4 0 0 51 0 0 0 0 0 0 0 0 0 0 6 0 0 0 0 0 0 0 0 0 0 0 0 0 0 0 0 0 0 0 0 0 0 0 0 0 0 0 0 0 0 0 0 0 0 0 0 0 0 0 0 0 0 35 10 3 0 0 0 22 35 47 23 0 0 1 7 47 8 1 0 31 14 0 0 1 0 0 0 0 0 0 0 0 0 0 0 0 0 0 0 0 0 0 0 0 0 0 0 0 0 0 0 0 0 0 0 0 1 0 0 0 0 0 0 0 0 0 0 0 0 0 0 0 0 0 0 0 0 0 0 0 0 21 26 1 0 0 0 12 50 21 22 0 0 10 50 26 1 0 24 0 29 0 0 0 0 0 0 0 0 0 0 0 0 0 0 0 0 0 0 0 0 0 0 0 0 0 0 0 0 0 0 0 2 0 1 0 0 0 0 0 3 0 0 2 0 0 3 1 0 2 0 0 0 0 0 0 0 0 0 0 0 0 0 0 0 0 0 0 0 2 0 
 2 0 0 5 0 0 0 0 0 0 0 0 0 0 0 0 0 0 0 0 0 0 0 0 7 2 11 0 0 0 0 0 0 0 0 0 0 0 0 0 3 0 5 0 0 0 0 0 2 0 0 0 0 0 0 0 0 0 0 0 0 122 83 42 40 28 290 215 55 40 277 24 115 118 188 59 23 256 35 309 0 10 0 0 28 0 0 0 0 0 0 0 0 0 0 0 0 0 0 0 0 0 0 0 0 0 0 0 0 0 0 0 0 0 0 0 0 1 0 0 0 0 0 0 0 0 0 0 0 0 0 0 38 0 0 0 0 0 0 0 0 31 26 3 0 0 29 31 13 8 8 0 7 14 28 11 35 28 0 0 0 0 0 0 7 0 0 0 0 19 0 0 0 7 0 0 0 0 0 0 0 0 0 0 0 0 0 0 0 0 0 0 0 0 0 0 0 0 0 0 0 0 0 0 0 0 0 0 0 0 0 0 0 0 8 0 0 0 0 0 3 44 21 17 2 0 0 56 39 12 7 0 0 0 68 31 8 12 0 0 21 0 0 0 0 0 0 0 0 0 0 0 0 0 11 0 0 2 0 0 0 0 0 0 0 0 0 0 0 0 17 0 0 2 0 0 0 0 0 0 0 0 0 0 0 0 0 0 0 0 
 2 0 0 0 0 0 0 0 0 0 0 0 0 0 0 0 4 0 0 0 0 0 0 0 9 0 8 0 0 0 0 0 0 0 0 0 0 0 0 0 30 0 0 0 26 0 0 0 2 0 0 0 0 0 0 0 0 0 0 0 122 0 270 61 33 26 73 287 207 57 46 66 36 81 227 167 192 71 31 37 0 7 0 0 0 0 0 0 0 0 0 0 0 0 0 0 0 0 0 0 0 0 0 6 0 0 0 0 0 0 0 0 0 0 0 0 0 0 0 0 0 0 0 4 0 0 0 0 0 0 0 0 0 0 0 0 0 0 0 0 16 12 13 33 0 5 5 7 12 25 16 34 6 0 15 23 1 67 0 0 0 0 0 0 0 0 0 0 7 0 0 0 0 0 7 0 0 0 0 0 0 0 0 0 0 0 0 0 0 0 0 0 0 0 0 0 0 0 0 0 0 0 0 0 0 0 14 0 0 0 0 0 0 0 0 0 0 0 0 0 2 1 19 31 2 5 2 22 17 24 31 32 2 2 2 40 17 29 2 1 14 0 0 0 0 0 0 0 0 0 0 0 0 0 7 0 0 0 0 0 0 0 0 0 0 0 9 0 0 0 17 0 0 2 0 0 0 0 0 0 0 0 0 0 0 0 0 0 0 0 
