 0 77 162 43 53 54 436 435 274 125 46 451 94 473 413 461 27 37 53 67 3 0 3 0 2 1 0 0 0 0 0 0 0 0 80 2 4 2 2 0 0 2 2 6 0 0 0 3 0 0 0 0 0 3 0 0 0 3 2 0 2 0 0 0 0 2 0 0 0 0 0 0 0 0 0 1 0 0 0 2 28 49 30 0 0 0 25 89 64 0 1 0 0 36 37 0 25 0 0 13 0 0 0 10 38 0 0 0 0 0 2 0 0 0 0 0 0 0 0 11 0 5 0 0 0 0 0 0 0 0 2 0 0 0 0 0 2 2 0 0 0 0 0 0 0 0 0 0 0 0 0 0 0 0 0 0 0 0 0 0 27 10 17 0 2 0 0 39 0 2 2 8 0 32 48 15 40 19 0 13 0 0 0 0 0 0 0 0 0 0 0 1 0 0 0 0 0 0 0 0 0 0 0 0 0 0 0 0 0 2 0 0 0 0 0 2 0 0 0 0 0 0 0 0 1 0 0 0 0 0 0 0 0 0 0 0 0 0 0 0 0 0 0 0 0 2 2 0 2 1 0 23 0 0 0 0 0 0 0 0 0 0 0 0 0 0 0 0 0 0 0 0 0 0 0 0 0 0 0 0 0 0 0 0 0 1 0 0 0 0 
 77 0 372 269 108 150 70 698 416 47 40 30 38 251 551 621 696 37 53 356 3 0 3 0 3 0 0 0 0 0 0 0 2 0 0 2 7 2 3 0 0 2 2 3 0 0 0 3 0 0 0 17 0 2 0 0 0 3 2 0 2 0 0 0 0 2 0 0 0 0 0 0 0 0 0 0 0 0 0 1 19 44 44 33 27 0 0 1 15 55 2 21 0 18 1 28 34 41 0 11 0 0 0 0 0 0 0 0 0 13 0 0 0 0 0 0 0 0 0 0 0 0 0 0 0 8 0 0 0 0 0 0 1 0 0 0 0 0 0 0 0 0 0 0 0 0 0 0 0 17 0 2 0 0 0 0 0 0 2 0 2 19 13 11 3 0 0 0 26 24 26 4 0 1 30 35 11 45 0 0 0 0 0 0 0 0 0 0 0 0 1 0 0 0 0 0 0 0 11 0 0 0 0 30 0 0 0 0 0 0 0 0 0 0 0 0 0 0 0 0 0 0 0 0 0 0 0 0 0 0 0 0 0 2 0 1 0 0 0 11 0 0 3 0 0 0 0 0 4 0 0 14 18 0 0 0 0 0 0 0 0 0 0 0 0 0 0 0 0 0 0 0 0 0 31 12 27 1 0 0 0 0 0 0 0 0 0 0 0 0 
 162 372 0 225 53 25 264 322 296 148 146 251 93 79 95 262 232 353 252 38 6 0 18 0 1 0 0 0 0 2 0 0 0 0 0 0 3 2 3 0 0 2 2 0 1 0 0 3 0 3 0 5 2 3 0 0 0 3 2 0 2 0 0 0 0 2 0 0 0 0 0 0 0 0 0 0 0 0 2 1 1 7 12 47 23 11 0 0 0 46 55 34 0 8 1 52 38 47 0 0 1 0 0 0 22 0 0 0 0 0 0 0 0 0 0 0 0 0 1 0 0 1 0 0 0 0 0 0 0 0 0 0 0 0 0 0 0 0 0 0 0 0 0 0 0 0 0 0 0 0 0 0 14 0 0 0 0 0 0 0 1 36 11 50 17 0 0 4 45 61 28 20 0 0 0 16 0 15 0 3 0 0 0 0 0 0 0 15 0 0 0 0 0 0 0 0 0 0 1 0 0 0 0 0 0 0 0 0 0 0 0 0 0 0 0 0 0 2 0 0 0 0 0 0 0 0 0 0 0 0 0 0 0 0 0 0 0 0 0 0 0 0 0 0 0 1 8 0 0 94 0 5 20 0 0 0 0 0 0 0 0 0 16 0 0 0 0 0 0 0 0 0 0 0 0 33 11 16 0 0 0 0 0 0 0 0 0 0 0 0 
 43 269 225 0 74 37 69 73 71 334 109 325 300 130 47 56 19 611 66 70 3 2 3 0 0 1 0 3 0 0 0 0 0 0 0 0 4 2 5 0 0 2 2 0 0 0 62 3 0 0 0 3 0 2 0 0 4 3 2 0 2 0 0 0 0 2 0 46 0 0 0 0 0 0 0 0 0 0 0 1 0 0 1 35 35 18 0 0 0 0 59 17 0 0 0 36 18 14 0 0 0 0 0 0 0 0 0 0 0 0 0 0 0 1 0 0 0 0 19 1 0 0 0 0 0 0 7 0 2 0 0 0 0 0 0 0 0 0 2 0 0 0 0 2 0 0 0 0 0 0 0 0 7 0 0 0 0 0 0 0 0 0 3 68 21 16 0 14 21 20 22 19 0 0 0 1 0 0 0 6 0 0 0 0 0 0 0 0 0 0 0 20 0 0 0 0 0 0 23 0 0 0 0 0 0 0 0 0 1 1 0 0 0 0 0 2 0 0 0 0 0 0 0 0 0 0 0 0 0 2 0 0 0 0 0 0 0 0 0 0 0 15 0 0 0 0 49 0 0 61 0 8 0 0 0 0 0 0 0 0 0 0 22 0 0 0 0 0 0 0 0 0 0 0 0 19 0 19 0 0 0 0 0 13 0 0 0 0 0 0 
 53 108 53 74 0 358 34 73 92 74 115 293 228 280 59 297 63 50 62 90 3 0 6 0 76 0 1 2 0 2 74 3 0 0 0 73 2 2 2 3 21 52 5 0 0 2 1 16 0 0 0 0 3 24 12 0 1 3 2 0 2 0 3 0 0 8 3 3 0 0 0 4 0 0 0 1 0 3 0 0 0 0 0 0 27 19 0 0 0 0 0 1 0 0 0 0 1 18 0 0 17 0 0 0 0 0 16 0 0 0 0 0 13 5 0 0 0 0 29 21 0 0 0 0 0 0 12 0 1 0 0 0 2 0 9 0 0 0 0 0 0 0 0 0 0 0 0 0 0 0 0 0 0 0 0 1 0 0 1 0 9 0 0 0 10 11 0 0 0 8 0 0 0 2 0 0 0 0 0 1 0 0 0 0 0 0 1 0 0 0 2 0 0 13 0 0 0 0 21 26 0 2 0 0 0 0 0 0 0 0 24 0 0 0 0 0 0 0 2 0 0 0 0 0 0 0 0 0 0 0 0 0 0 0 0 0 0 0 15 0 0 12 0 0 0 0 1 2 5 5 0 4 0 0 0 0 0 0 0 0 0 0 0 0 0 0 0 0 0 0 0 0 0 0 0 0 1 0 0 0 0 0 0 0 0 0 0 0 0 0 
 54 150 25 37 358 0 112 35 83 55 69 59 45 50 47 69 278 90 143 56 5 2 3 0 0 0 2 6 0 1 2 0 0 0 0 0 9 2 311 0 15 70 5 37 3 0 0 3 0 0 0 0 64 2 0 2 0 3 2 0 2 0 0 3 0 2 0 0 0 0 15 3 0 2 1 0 0 0 3 0 0 16 0 0 20 11 0 0 0 0 0 0 0 0 0 0 1 0 0 0 15 0 0 0 0 0 14 0 0 12 0 0 53 15 11 0 0 0 32 18 0 0 2 0 0 0 15 0 0 0 0 0 0 0 0 0 0 0 0 0 0 0 0 0 0 0 0 0 0 0 0 0 0 0 0 0 0 0 1 9 0 0 0 0 13 41 0 0 0 0 0 13 0 3 0 0 0 0 0 0 10 0 1 0 0 0 84 1 0 0 0 0 43 19 2 0 0 0 39 57 1 0 0 0 0 0 0 0 0 0 27 0 0 0 0 0 0 0 1 0 0 0 0 0 0 0 0 0 0 0 2 0 0 1 0 14 0 0 0 0 0 1 0 0 0 2 0 0 1 5 0 7 0 0 0 0 0 0 0 0 0 0 0 0 0 0 0 0 0 0 0 0 0 0 46 0 0 0 0 0 0 0 0 0 0 0 0 0 0 0 
 436 70 264 69 34 112 0 78 44 37 31 32 698 505 38 49 27 25 38 410 3 0 3 0 2 2 0 0 0 0 0 2 0 3 36 1 3 4 2 0 0 2 2 5 0 0 0 3 0 4 0 0 3 3 0 0 0 3 2 0 2 0 0 0 0 3 2 0 0 0 0 0 0 0 3 47 0 3 0 1 41 18 1 0 0 0 13 57 46 1 0 0 1 10 38 0 9 0 0 28 0 2 0 0 2 1 0 0 0 0 0 1 0 2 0 0 0 0 0 0 2 0 0 0 0 0 0 0 0 0 0 0 0 0 15 0 0 0 0 0 0 0 0 0 0 0 0 0 0 0 0 0 1 0 0 0 0 0 0 0 15 12 13 0 0 0 31 36 9 1 1 7 0 38 14 0 34 1 0 10 2 0 0 0 0 0 0 0 0 0 0 0 0 0 0 0 0 0 0 0 0 0 0 0 0 0 0 0 0 0 0 2 0 0 0 0 2 0 0 0 0 0 0 0 0 0 0 0 2 0 0 0 0 0 0 5 0 0 0 0 0 0 0 0 0 0 0 0 2 2 0 16 0 0 0 0 0 0 0 0 0 0 0 0 0 0 0 0 0 0 0 0 0 0 0 0 0 0 0 0 0 0 0 0 0 0 0 0 0 0 
 435 698 322 73 73 35 78 0 301 41 23 22 120 685 122 48 27 34 155 277 3 0 3 0 2 1 0 0 0 0 0 0 0 0 1 0 3 2 3 2 0 2 2 8 0 0 0 3 0 0 0 3 0 3 0 63 0 3 2 0 2 0 0 0 0 2 0 0 0 0 0 0 0 0 0 0 0 0 0 1 23 88 66 22 0 0 1 97 55 11 0 0 0 46 23 0 38 16 0 18 0 0 0 0 0 0 0 0 0 0 0 0 0 0 0 0 0 0 0 0 0 0 0 19 0 0 16 0 0 0 0 0 0 0 0 0 0 0 2 0 0 0 0 0 0 0 0 0 0 0 0 0 11 0 0 0 0 0 0 0 8 19 30 0 28 0 0 0 9 2 6 12 0 38 22 38 15 30 0 1 0 0 0 0 0 0 0 0 0 0 0 8 0 0 0 0 0 0 0 0 0 0 0 0 0 0 0 0 0 11 0 0 0 0 0 0 0 0 0 0 0 0 0 0 0 0 0 0 0 0 0 0 0 0 0 0 8 0 0 0 0 0 0 0 0 1 0 0 0 0 0 6 1 0 0 0 0 0 0 0 0 0 0 0 0 0 0 0 0 0 0 0 0 0 0 4 0 0 0 0 0 0 0 0 0 0 0 0 0 14 
 274 416 296 71 92 83 44 301 0 224 248 34 112 149 84 167 342 399 71 63 3 0 3 0 3 0 0 1 0 0 1 0 0 0 0 43 3 2 2 0 0 2 2 0 0 0 0 3 0 0 0 5 0 3 0 0 0 3 2 0 2 0 0 0 0 2 0 0 0 0 0 0 0 0 0 0 0 0 0 1 0 7 24 64 13 0 0 1 0 43 55 24 0 1 0 40 32 49 0 0 0 0 0 0 0 0 0 0 0 0 0 0 0 0 0 0 0 0 1 0 0 0 2 0 0 0 0 0 0 0 0 0 0 0 0 11 0 0 0 2 0 0 0 0 0 0 0 0 0 0 0 0 7 0 0 0 0 0 2 0 0 44 41 25 20 0 0 0 67 28 38 59 0 0 0 12 0 31 0 0 0 0 1 0 0 0 0 0 0 0 1 0 0 0 0 0 0 0 1 0 1 0 0 0 0 0 0 0 0 0 0 0 0 0 0 0 0 0 0 0 0 0 0 0 0 0 0 0 0 0 2 0 0 0 0 0 0 0 0 0 0 0 0 0 0 2 2 0 2 2 0 17 17 0 0 0 0 0 0 0 0 0 19 0 0 0 0 0 0 0 0 0 0 0 0 34 11 28 0 0 0 0 0 0 14 0 0 0 0 0 
 125 47 148 334 74 55 37 41 224 0 321 134 40 90 91 309 198 161 66 133 65 0 1 0 3 1 0 0 0 0 0 4 0 0 0 1 0 129 3 0 0 0 0 0 0 2 4 0 0 0 3 0 3 3 0 5 14 0 0 1 0 0 0 0 3 0 0 0 3 3 0 1 42 3 0 4 0 1 1 10 0 1 0 34 48 42 0 0 0 13 51 25 0 0 0 36 0 29 0 0 1 2 0 0 2 0 0 0 0 0 0 1 0 0 14 0 2 0 1 0 2 0 0 1 0 0 0 0 0 0 0 0 0 0 0 0 0 0 0 0 0 0 0 0 5 0 0 0 0 0 1 0 18 0 0 0 0 0 0 1 0 0 0 10 47 0 0 3 12 21 31 0 0 0 0 13 0 0 0 3 2 0 0 0 0 0 0 0 0 0 0 0 0 0 0 0 0 0 1 0 0 0 0 1 0 0 14 0 0 0 0 2 0 0 0 0 2 0 0 0 0 0 0 0 0 0 0 0 2 0 0 0 0 0 0 0 2 0 0 0 0 24 0 0 0 4 158 0 2 95 0 13 0 0 0 0 0 0 0 0 0 0 13 0 0 0 0 0 0 0 0 0 0 0 0 26 10 18 0 0 0 0 0 0 0 0 0 0 0 0 
 46 40 146 109 115 69 31 23 248 321 0 318 107 38 60 89 100 417 21 146 3 2 3 0 0 0 0 0 1 0 0 5 0 0 0 0 4 3 4 74 0 2 2 0 0 0 0 3 0 0 0 3 0 2 0 0 4 3 2 0 2 0 0 0 0 2 0 0 0 0 0 0 0 0 36 0 0 0 0 1 0 0 0 34 44 17 0 0 0 1 61 26 0 0 0 24 22 15 0 0 0 1 0 0 1 0 0 0 0 0 0 2 0 1 0 0 1 0 13 1 0 0 0 0 0 0 2 0 0 0 0 0 0 0 0 0 0 0 0 0 0 0 0 0 0 0 0 0 0 0 0 0 7 0 0 0 0 0 0 0 0 0 0 31 23 18 0 3 30 20 19 22 0 0 0 6 0 0 0 10 1 0 0 0 0 0 0 0 0 35 0 0 0 0 0 0 0 0 10 1 0 0 0 2 0 0 0 0 2 0 0 1 0 0 0 0 1 0 0 0 0 0 0 0 0 0 0 0 1 0 0 0 0 0 0 0 0 0 0 0 0 15 0 0 0 2 54 2 1 64 0 8 0 0 0 0 0 0 0 0 0 0 19 0 0 0 0 0 0 0 0 0 0 0 0 38 4 19 0 0 0 0 0 0 0 0 0 0 0 0 
 451 30 251 325 293 59 32 22 34 134 318 0 46 244 159 252 82 336 31 42 3 0 3 0 2 0 0 0 0 2 0 0 1 0 0 0 2 77 3 1 0 65 2 0 0 0 0 3 0 0 0 0 0 51 0 0 13 3 2 0 2 0 0 0 51 2 4 0 0 0 0 0 0 0 0 0 0 0 43 2 0 0 0 0 13 15 0 0 0 0 15 24 0 0 0 0 0 0 0 2 0 0 0 2 0 0 1 0 9 0 0 0 2 0 0 0 0 0 37 6 0 0 0 0 0 0 14 0 0 10 0 1 0 0 0 0 0 0 0 0 0 0 0 0 0 0 0 0 0 0 0 1 0 1 0 0 0 0 0 0 0 0 0 0 18 18 0 3 2 1 0 0 0 0 0 0 0 0 0 11 1 0 9 0 0 0 0 1 0 2 0 0 0 0 0 2 0 1 12 56 0 0 0 0 0 0 2 0 0 0 0 0 0 0 0 0 0 0 0 0 0 0 2 2 0 0 0 0 0 0 0 0 14 0 2 0 0 0 0 2 0 14 0 0 0 0 91 0 3 172 2 8 0 0 0 0 0 0 0 0 0 0 0 0 0 0 0 0 0 0 56 0 0 0 0 0 0 0 0 0 0 0 0 0 0 0 0 0 0 0 
 94 38 93 300 228 45 698 120 112 40 107 46 0 337 33 44 45 54 675 266 3 0 3 5 3 0 60 2 1 0 0 0 0 0 78 1 6 2 3 0 0 2 2 0 0 0 0 6 0 0 0 0 2 3 2 0 0 3 2 0 2 3 0 0 0 3 0 0 0 0 0 0 0 0 0 48 0 2 2 2 16 2 1 0 0 0 49 0 16 0 0 0 27 43 19 0 0 0 11 22 0 0 0 0 0 2 0 0 0 0 0 0 0 2 0 0 0 0 0 0 2 0 0 0 0 0 0 0 0 0 0 0 0 0 2 0 0 0 0 0 0 2 0 0 6 0 0 0 0 0 0 0 2 0 0 0 0 0 1 3 31 13 3 0 6 0 34 55 0 0 0 2 15 14 17 0 35 1 0 39 0 0 0 0 0 0 0 0 0 0 0 0 0 1 0 0 0 0 0 0 0 0 0 0 27 0 0 0 0 0 0 0 0 2 0 4 0 0 23 0 0 0 0 0 0 0 0 0 0 0 0 2 0 0 0 0 0 0 0 0 0 0 0 0 0 2 0 1 0 0 0 8 0 2 0 0 0 0 0 0 2 0 0 0 0 0 0 0 0 0 0 0 0 0 0 0 0 0 0 0 0 0 0 0 0 0 0 0 0 0 
 473 251 79 130 280 50 505 685 149 90 38 244 337 0 456 256 34 32 78 165 3 0 5 0 1 0 0 0 0 0 1 1 1 1 77 0 4 2 3 0 0 2 2 7 0 0 0 3 0 0 0 0 0 3 0 0 0 3 2 0 47 0 0 0 0 2 0 0 0 0 0 0 0 0 0 0 0 0 0 2 39 50 56 0 1 0 7 44 56 0 2 5 1 81 64 1 26 0 0 32 0 0 0 0 0 0 0 0 0 0 0 0 0 0 0 1 0 0 0 0 0 0 2 0 0 0 0 0 0 0 0 0 1 0 0 0 0 0 0 0 0 0 0 0 2 0 0 0 0 0 0 1 0 0 9 0 0 0 0 7 32 9 19 0 0 0 0 36 0 0 0 6 0 39 50 22 53 21 0 13 0 0 1 0 0 0 0 0 0 0 2 0 0 0 0 0 0 0 0 0 1 0 0 0 10 0 0 0 0 0 0 0 0 0 0 0 0 0 1 0 0 0 0 0 0 0 0 0 0 0 2 0 0 1 0 0 0 0 0 0 0 0 0 0 0 0 2 0 0 0 2 2 0 0 0 0 0 0 0 0 0 0 0 0 0 0 0 0 0 0 0 0 0 0 0 0 0 1 0 0 5 0 0 0 0 0 0 0 0 9 
 413 551 95 47 59 47 38 122 84 91 60 159 33 456 0 79 62 244 77 91 3 4 3 3 2 0 0 0 0 0 0 1 0 0 3 1 7 5 2 0 0 2 2 9 0 129 0 65 0 2 0 2 0 3 0 0 0 6 2 0 2 0 0 0 0 3 0 2 0 0 2 0 0 0 2 0 0 1 0 4 27 69 59 23 0 0 0 101 68 16 0 0 0 23 30 4 30 1 0 15 0 0 0 0 0 0 0 0 0 0 0 0 0 0 0 0 0 0 0 0 0 0 0 0 0 0 0 0 0 0 0 0 0 0 0 0 0 0 0 0 0 0 0 0 0 0 0 0 0 0 0 0 0 0 0 0 0 0 0 0 15 29 38 0 0 0 0 0 18 1 6 41 0 39 18 12 18 21 0 0 0 0 11 0 0 0 0 0 0 0 0 0 0 0 0 0 0 0 0 0 0 0 0 0 0 0 0 0 0 0 0 0 0 0 0 0 0 0 0 0 0 0 0 0 0 0 0 0 0 0 0 0 0 0 0 0 0 0 0 0 0 0 0 0 0 2 2 0 0 2 0 14 1 0 0 0 2 0 0 0 0 0 0 0 0 0 13 0 0 0 0 0 0 0 0 1 0 0 0 0 0 0 0 0 0 0 0 0 0 0 
 461 621 262 56 297 69 49 48 167 309 89 252 44 256 79 0 152 416 39 277 4 2 3 0 1 0 0 0 0 8 0 0 0 1 3 3 4 2 6 0 3 2 2 3 0 0 0 3 0 47 0 5 1 9 0 0 0 2 2 0 2 0 0 0 0 2 0 32 0 0 0 0 0 0 0 0 3 0 0 0 0 8 27 77 32 0 0 0 8 44 60 14 0 1 0 47 29 42 0 0 0 9 0 0 0 0 0 0 0 0 0 0 0 0 0 0 0 0 0 16 0 0 0 0 0 0 11 0 0 0 0 0 0 0 0 0 0 0 0 0 0 0 0 0 0 0 0 0 0 0 0 0 32 0 0 0 0 0 0 0 0 30 9 21 24 2 0 0 38 28 48 23 0 0 5 22 0 19 0 0 0 0 0 15 0 0 0 0 0 0 0 0 0 0 3 0 0 0 0 0 0 0 0 0 0 0 0 0 0 0 0 0 0 0 0 0 0 0 0 0 0 0 0 0 0 2 0 0 0 0 0 0 0 0 0 0 0 0 0 0 0 0 0 0 0 2 2 1 1 2 0 9 7 0 1 0 0 0 0 0 0 0 13 0 0 0 0 0 0 0 0 0 0 0 0 34 5 22 0 0 0 0 0 0 0 0 0 0 0 0 
 27 696 232 19 63 278 27 27 342 198 100 82 45 34 62 152 0 466 279 31 3 0 3 0 1 2 0 60 0 2 0 0 2 74 0 0 4 2 4 0 0 2 2 0 0 0 0 3 32 0 0 7 0 3 3 0 0 3 2 0 2 0 0 0 0 2 0 4 0 0 0 0 0 0 0 0 0 0 0 0 0 31 23 67 29 0 0 1 0 66 51 16 0 1 0 51 32 58 0 0 0 0 0 0 1 0 0 0 0 0 0 0 0 0 0 0 2 0 1 0 0 0 0 0 3 0 0 0 0 0 27 0 0 0 0 0 0 0 0 0 0 0 0 2 0 0 0 0 0 0 2 0 6 0 0 0 0 0 0 0 0 30 15 37 24 1 0 9 39 29 43 16 0 0 0 46 0 23 0 0 0 0 0 0 3 0 0 0 0 0 0 0 0 0 0 8 2 3 6 0 0 0 0 1 0 0 0 0 1 0 0 1 0 0 0 0 1 0 0 0 1 0 0 0 0 0 0 0 1 2 0 0 0 0 0 13 2 0 0 0 0 0 25 0 0 0 2 0 0 1 1 11 9 0 0 0 0 0 0 0 0 0 15 0 0 0 0 0 0 0 0 0 0 0 0 42 18 35 0 0 0 0 0 0 0 0 0 0 0 0 
 37 37 353 611 50 90 25 34 399 161 417 336 54 32 244 416 466 0 263 24 3 2 3 1 2 0 0 1 0 0 0 0 0 0 1 3 3 2 3 72 0 2 2 0 0 0 0 3 0 0 0 9 0 3 0 0 0 3 2 0 2 0 0 0 0 2 0 1 0 0 0 0 0 0 0 0 0 0 0 0 0 5 0 41 51 22 0 0 0 79 74 36 0 0 0 56 15 87 0 0 1 0 2 0 0 0 0 0 0 0 0 0 0 0 0 0 0 0 1 0 0 0 1 0 0 0 0 0 0 0 0 0 0 0 0 0 0 0 0 0 0 0 0 0 0 0 0 0 20 0 0 0 19 1 0 0 0 0 0 1 13 13 3 17 12 14 0 4 29 42 46 10 0 0 0 51 0 40 0 3 0 0 0 0 0 0 0 0 0 0 0 15 0 0 0 0 0 0 2 0 0 0 0 0 0 0 0 1 0 0 0 0 0 0 0 0 0 0 0 0 0 0 0 0 0 2 0 0 0 0 0 0 0 0 0 0 0 0 0 0 0 5 0 0 0 2 179 1 2 172 0 5 15 0 0 0 0 0 0 0 0 0 18 0 0 0 0 0 0 0 0 0 0 0 0 37 11 18 0 0 0 0 0 0 0 0 0 0 0 0 
 53 53 252 66 62 143 38 155 71 66 21 31 675 78 77 39 279 263 0 463 4 0 3 0 2 0 0 0 0 1 0 0 0 0 0 0 4 2 3 0 0 2 2 0 0 0 0 3 0 0 0 0 0 2 0 0 0 3 53 0 2 0 0 0 0 2 0 0 0 0 5 31 0 0 0 51 0 0 0 0 24 1 1 0 0 0 33 0 1 0 0 0 45 35 0 0 1 0 38 26 0 0 0 0 0 0 0 0 1 0 0 0 0 11 0 0 15 0 0 0 1 0 0 0 0 0 0 0 0 0 0 0 0 0 0 0 0 0 0 0 0 9 0 0 0 0 0 0 0 0 0 0 13 0 0 0 0 0 34 0 24 7 0 0 0 0 34 34 0 0 0 0 23 12 0 0 1 0 8 8 0 0 0 0 0 0 0 0 0 0 0 0 0 0 0 0 4 13 0 0 0 0 0 0 0 0 0 0 0 0 0 0 0 0 0 0 0 0 0 0 0 0 0 0 0 0 0 0 0 0 0 0 0 0 0 0 0 0 0 0 0 0 0 0 0 0 0 0 1 0 0 8 0 15 0 0 0 0 0 0 0 0 0 0 0 0 0 0 0 0 0 0 0 0 0 0 0 0 0 0 0 0 0 0 0 0 0 0 0 0 
 67 356 38 70 90 56 410 277 63 133 146 42 266 165 91 277 31 24 463 0 3 1 5 3 1 0 0 0 0 0 0 0 0 2 79 1 5 4 5 1 0 2 2 1 0 2 0 3 0 0 0 0 1 3 0 62 1 3 2 0 2 0 0 0 0 4 0 0 0 0 0 0 0 0 0 34 0 4 0 2 26 0 0 11 0 0 48 2 14 0 0 0 23 31 19 2 0 0 16 12 0 0 1 0 0 0 0 0 0 0 0 0 0 0 0 0 0 0 0 0 0 0 0 0 0 0 0 0 2 0 0 0 0 0 0 0 0 0 2 0 0 0 0 2 4 0 41 0 0 0 0 0 0 0 8 0 10 0 0 5 36 10 3 0 0 0 23 43 0 0 0 0 10 15 34 1 31 0 0 30 0 0 0 0 0 0 0 0 0 0 0 0 0 0 0 0 0 0 0 0 0 0 0 0 15 0 0 2 14 0 0 0 1 0 0 0 0 0 0 0 1 0 0 0 0 0 0 0 0 2 0 0 0 0 0 0 0 0 0 0 0 0 0 0 0 1 2 0 0 0 1 18 0 0 0 0 0 0 0 0 0 0 0 0 0 0 0 0 0 0 0 0 0 0 0 0 0 0 0 0 0 0 0 0 0 0 0 0 0 6 
 3 3 6 3 3 5 3 3 3 65 3 3 3 3 3 4 3 3 4 3 0 62 58 45 46 36 454 370 27 32 28 26 285 176 261 36 35 47 123 264 0 0 0 0 3 0 3 0 2 0 0 0 0 0 0 3 1 0 3 3 0 0 0 5 0 0 0 0 0 0 0 8 3 0 0 0 2 0 2 2 0 2 0 1 0 0 0 2 0 0 0 0 0 0 0 0 0 1 0 0 23 24 15 2 1 0 20 69 86 0 0 0 0 9 30 76 1 8 0 24 0 0 0 0 0 0 0 12 0 0 0 0 0 1 0 0 0 0 0 0 16 0 4 0 0 0 0 0 11 0 0 0 0 1 0 0 0 0 0 0 2 0 0 0 0 0 0 0 0 0 0 0 0 1 0 0 0 0 0 0 68 35 21 12 0 0 0 65 10 0 17 0 6 18 15 38 31 0 0 10 0 0 0 0 0 0 11 0 0 0 0 0 0 0 0 0 0 55 0 0 0 0 0 0 0 0 0 0 0 0 0 0 0 0 0 0 0 0 0 1 0 0 0 0 0 0 0 0 0 0 0 0 0 0 13 0 0 0 0 0 0 0 0 0 0 0 0 0 0 0 0 0 0 0 0 0 0 0 0 0 0 7 0 0 0 0 2 0 0 0 
 0 0 0 2 0 2 0 0 0 0 2 0 0 0 4 2 0 2 0 1 62 0 648 150 397 47 78 432 381 283 52 37 261 54 500 293 199 74 36 275 1 0 0 0 3 0 3 0 2 0 0 0 0 0 3 3 2 3 2 3 2 0 0 9 0 3 0 0 0 0 0 0 2 0 0 0 3 3 3 2 0 0 0 0 0 0 2 0 1 0 0 0 0 0 0 0 0 0 0 0 0 26 19 27 30 0 1 26 32 52 24 1 0 11 1 32 40 44 0 0 0 0 0 0 0 0 0 0 0 0 1 0 0 0 0 0 0 0 0 0 0 0 3 0 0 0 0 0 0 0 0 0 0 0 0 1 0 2 0 0 0 0 0 0 0 0 0 19 0 0 0 0 0 1 0 0 0 0 0 0 1 21 49 78 1 0 0 21 37 73 26 11 0 43 0 44 20 42 2 0 0 0 0 0 0 0 0 0 0 0 0 0 0 14 0 0 1 0 0 0 0 2 0 0 0 0 0 1 1 0 0 0 0 0 0 2 1 0 0 0 0 0 17 0 0 2 0 0 0 0 0 0 0 29 1 2 4 0 0 2 8 25 0 0 0 0 5 0 0 0 0 0 0 2 0 0 0 0 0 0 0 18 0 0 0 0 3 0 0 0 
 3 3 18 3 6 3 3 3 3 1 3 3 3 5 3 3 3 3 3 5 58 648 0 372 50 113 78 128 444 355 43 249 62 67 44 219 96 577 94 70 0 0 0 0 3 0 3 0 2 0 0 0 0 0 0 0 0 0 2 4 0 0 0 2 0 2 0 0 0 0 0 0 2 0 0 0 3 6 2 2 0 0 0 0 0 0 0 0 0 0 0 0 0 0 0 0 0 0 0 0 1 15 22 86 45 0 0 1 35 62 28 23 0 0 1 1 44 55 0 0 0 0 0 0 0 0 0 0 0 0 0 0 0 0 0 0 0 0 0 0 0 0 3 0 0 0 0 0 1 0 45 0 35 0 0 0 0 10 0 0 0 0 0 0 0 0 0 0 0 0 0 0 0 0 0 0 0 0 13 0 1 9 59 44 16 0 0 18 24 40 26 19 0 0 1 18 12 32 0 0 0 0 0 16 0 0 0 0 0 0 0 0 0 0 0 0 0 0 1 0 0 0 0 0 0 0 0 0 0 0 0 0 0 0 0 0 0 0 0 0 0 0 7 0 0 0 0 0 0 0 0 1 0 0 4 2 0 2 6 2 17 12 0 0 0 0 9 0 0 0 0 0 0 0 0 0 0 0 0 0 0 6 0 0 0 0 10 0 0 0 
 0 0 0 0 0 0 0 0 0 0 0 0 5 0 3 0 0 1 0 3 45 150 372 0 108 37 103 72 107 431 150 259 84 92 278 81 246 555 85 65 63 0 0 0 7 0 3 0 2 0 4 0 0 0 0 0 4 0 2 3 0 0 0 0 2 7 0 0 0 0 0 4 2 0 0 0 3 7 3 2 2 0 0 0 5 0 0 0 0 0 0 0 2 0 0 0 0 0 0 5 0 0 7 33 22 9 0 0 15 27 24 25 0 0 0 0 18 20 0 0 0 0 0 0 0 1 0 0 0 0 0 0 0 0 0 0 0 0 14 14 0 0 0 0 0 0 0 2 0 0 3 0 0 0 0 0 0 2 0 0 0 0 0 0 0 0 0 0 0 0 0 0 0 0 0 18 0 0 0 0 0 0 19 28 22 10 0 0 0 10 12 20 0 0 0 0 0 14 0 0 1 0 0 0 0 0 0 0 0 0 2 0 10 0 0 0 0 0 23 15 0 0 0 0 0 0 0 0 0 0 0 0 0 0 0 0 0 0 0 2 0 0 11 0 0 0 0 0 0 0 0 0 0 0 3 0 2 46 41 0 2 0 0 0 0 0 0 0 0 0 0 0 0 0 0 0 0 0 0 0 0 0 0 0 0 0 0 0 0 0 
 2 3 1 0 76 0 2 2 3 3 0 2 3 1 2 1 1 2 2 1 46 397 50 108 0 296 46 506 81 318 94 287 59 81 70 72 59 97 79 46 0 7 0 0 3 0 3 0 2 0 0 0 0 1 0 0 0 0 3 3 0 0 0 0 0 2 1 0 0 0 0 0 5 0 0 1 4 0 8 5 0 0 0 0 0 0 0 0 0 0 0 0 0 0 0 0 0 0 0 0 0 0 0 0 0 20 0 0 0 0 0 0 10 0 0 0 0 0 0 0 16 11 0 0 0 0 12 0 2 0 0 3 9 0 33 0 0 0 14 22 3 0 0 0 0 1 0 1 1 0 0 0 0 0 0 0 5 0 0 0 0 0 0 0 0 0 0 0 1 19 0 0 0 0 0 2 0 0 0 0 0 0 0 0 13 38 1 0 0 0 1 16 0 0 0 0 2 0 0 0 2 0 0 0 13 0 1 0 0 0 0 0 20 47 0 0 0 0 21 19 0 0 0 0 0 0 0 0 0 0 0 0 0 2 0 0 0 0 0 0 0 0 0 0 0 0 0 0 0 0 0 0 74 0 7 2 3 3 6 7 2 2 0 0 0 0 0 0 0 0 0 0 0 0 0 0 0 0 0 0 0 0 0 1 0 0 0 0 0 0 
 1 0 0 1 0 0 2 1 0 1 0 0 0 0 0 0 2 0 0 0 36 47 113 37 296 0 40 41 55 48 91 59 37 43 66 64 87 57 68 146 0 0 0 0 3 5 6 0 2 2 211 0 5 0 0 0 0 0 194 3 0 0 0 0 2 2 0 6 0 2 2 0 2 0 0 2 3 0 2 2 0 0 0 0 0 0 0 0 0 0 0 0 0 0 0 0 0 0 0 0 0 0 0 0 0 55 0 0 0 0 0 0 0 0 0 11 0 0 2 0 4 0 0 0 0 0 20 14 0 0 0 0 38 0 0 0 0 1 50 91 17 0 0 0 0 0 7 6 0 0 0 0 0 0 0 0 4 0 0 2 0 11 1 0 4 0 0 0 0 0 0 0 0 0 0 0 0 0 1 0 0 0 0 0 14 21 0 0 0 0 0 0 0 0 0 0 0 0 5 0 31 0 0 0 24 0 61 7 1 0 0 0 21 11 3 0 0 0 16 46 0 0 0 0 0 0 0 0 0 0 0 0 0 0 0 0 0 0 0 0 0 0 0 0 0 0 0 0 0 0 0 0 0 1 7 0 0 5 0 0 2 0 0 0 0 0 0 0 0 0 0 0 0 0 0 0 0 0 0 0 0 0 0 0 0 0 0 0 0 0 
 0 0 0 0 1 2 0 0 0 0 0 0 60 0 0 0 0 0 0 0 454 78 78 103 46 40 0 118 100 42 99 36 539 365 23 232 35 125 84 281 0 63 0 2 3 0 5 0 4 1 1 1 0 7 0 0 54 0 2 9 0 0 0 0 0 2 10 0 0 0 3 6 6 0 0 0 3 0 2 6 0 0 0 0 0 1 0 0 0 0 0 0 0 0 0 0 0 0 0 0 27 44 78 1 0 0 35 11 22 0 0 0 1 10 33 10 0 0 2 21 0 0 0 0 0 0 0 0 0 0 0 0 0 0 0 0 0 20 0 0 0 0 0 0 0 0 1 0 12 0 0 0 0 0 0 0 0 0 0 0 0 0 0 0 1 1 0 0 0 0 0 0 0 4 0 0 0 44 0 0 54 35 0 0 0 0 1 35 9 0 0 0 46 29 45 10 30 0 1 16 0 0 0 0 0 0 0 0 0 0 0 0 0 0 0 0 0 0 6 0 0 0 0 0 0 2 0 0 0 0 0 0 0 0 0 0 0 0 0 0 0 0 0 0 0 0 0 0 0 0 0 0 0 0 8 0 0 0 3 0 3 0 0 0 0 0 1 0 0 0 0 0 0 0 0 0 0 0 0 0 0 0 0 0 0 0 0 0 0 0 
 0 0 0 3 2 6 0 0 1 0 0 0 2 0 0 0 60 1 0 0 370 432 128 72 506 41 118 0 81 30 17 18 180 390 131 147 34 24 57 56 0 0 0 2 3 0 3 0 2 3 0 0 0 0 0 7 0 0 3 4 0 0 3 11 5 1 5 0 0 0 4 5 6 0 0 0 2 53 2 4 0 0 0 0 0 0 0 13 0 0 0 0 2 0 0 0 0 0 0 0 0 31 79 46 0 0 27 21 35 69 8 1 0 0 0 27 27 20 0 9 2 0 0 26 2 0 0 0 0 0 0 0 0 0 0 0 0 0 0 0 0 0 12 0 0 2 0 0 10 0 1 0 0 0 0 0 0 0 0 0 0 0 13 0 0 0 0 0 2 0 0 0 0 0 0 0 0 0 0 0 9 45 55 70 11 0 2 11 35 11 41 0 0 17 0 31 62 12 0 14 1 0 0 0 0 0 0 0 0 0 0 0 0 0 0 0 0 0 0 0 0 0 0 0 0 0 0 0 0 0 0 0 0 1 0 0 0 0 0 0 0 0 12 0 0 0 0 2 0 0 0 0 0 0 10 0 2 0 0 0 12 1 0 0 2 0 8 0 0 0 0 0 0 0 0 0 0 7 0 0 0 9 0 0 0 0 7 0 0 0 
 0 0 0 0 0 0 0 0 0 0 1 0 1 0 0 0 0 0 0 0 27 381 444 107 81 55 100 81 0 442 118 33 105 123 105 210 108 329 90 47 0 1 0 0 3 0 3 0 2 0 0 1 2 0 2 2 1 0 2 3 0 0 0 1 0 4 0 0 0 0 0 0 3 0 0 1 3 38 2 2 0 0 0 0 0 0 0 0 16 0 0 0 0 0 0 0 0 0 0 0 0 34 20 38 55 1 1 1 43 52 26 22 0 0 0 0 39 34 0 0 0 0 0 0 1 0 0 0 0 0 0 9 0 0 0 0 0 0 0 0 0 0 0 0 0 0 2 0 1 0 5 0 0 0 0 0 0 7 0 0 0 0 0 0 0 0 0 0 0 0 0 0 0 0 0 0 0 0 0 0 1 6 43 44 19 0 0 1 43 45 20 18 0 6 1 20 12 45 0 0 0 0 0 0 0 0 0 0 0 0 0 0 0 0 0 0 0 0 0 0 0 0 0 0 0 0 0 0 0 0 0 0 14 0 0 0 0 0 0 0 0 0 11 0 0 0 0 0 0 0 0 0 0 0 4 0 3 2 2 1 10 8 0 0 0 0 8 0 0 0 0 7 0 0 0 0 0 0 0 0 0 40 0 0 0 0 6 0 0 0 
 0 0 2 0 2 1 0 0 0 0 0 2 0 0 0 8 2 0 1 0 32 283 355 431 318 48 42 30 442 0 420 27 124 94 90 559 190 109 84 80 0 0 0 0 3 0 3 0 2 0 0 0 0 8 1 1 1 0 2 3 0 0 0 0 51 2 0 0 0 0 62 0 3 0 0 0 46 21 2 2 0 2 0 0 0 0 0 0 0 0 0 0 0 0 0 0 1 1 0 0 0 27 14 19 74 11 0 0 12 25 49 107 0 0 0 0 22 18 0 0 0 0 0 0 8 0 0 0 0 0 2 0 0 0 0 0 0 0 12 0 1 0 0 0 0 0 0 0 0 0 5 0 0 1 0 0 0 8 0 0 0 0 0 0 0 0 0 2 0 0 0 0 0 0 0 0 0 0 0 0 0 6 0 13 43 0 0 20 12 33 13 101 0 13 0 29 0 26 9 0 0 0 0 0 0 0 0 0 0 0 0 0 0 0 0 0 0 0 17 0 0 0 0 0 0 0 0 0 0 0 0 0 0 0 0 0 0 21 0 0 0 0 0 0 0 0 0 0 0 0 0 0 0 0 9 0 2 151 150 2 2 14 0 0 0 0 0 0 0 0 0 0 0 0 0 0 1 0 0 0 0 34 0 0 0 0 0 0 0 0 
 0 0 0 0 74 2 0 0 1 0 0 0 0 1 0 0 0 0 0 0 28 52 43 150 94 91 99 17 118 420 0 345 58 47 61 114 137 558 102 65 4 0 4 2 3 6 3 0 2 0 0 0 62 0 0 0 0 0 3 3 0 0 6 0 0 0 0 0 0 2 0 0 3 0 0 2 2 7 2 2 0 0 0 0 0 0 0 0 0 0 0 0 0 0 0 0 0 0 10 14 0 0 0 19 23 10 0 0 0 25 35 57 0 0 0 0 3 38 0 0 0 0 0 0 0 0 0 0 0 0 0 0 2 0 0 0 0 0 18 8 0 0 0 0 0 0 0 0 0 0 3 0 0 3 0 0 0 3 0 0 22 0 0 0 0 0 0 0 0 0 0 0 0 0 0 0 0 0 0 0 0 0 0 13 42 55 0 0 0 13 20 58 17 0 0 0 0 0 0 0 0 0 0 0 0 0 0 0 0 0 8 0 23 0 0 0 0 0 27 23 0 0 0 0 0 0 0 0 0 0 0 0 9 0 0 0 0 0 0 0 0 0 0 0 0 0 0 0 0 0 0 0 0 0 3 0 3 94 55 0 0 2 0 0 0 0 0 0 0 0 0 0 0 0 0 0 0 0 0 0 0 1 0 0 0 0 0 0 0 0 
 0 0 0 0 3 0 2 0 0 4 5 0 0 1 1 0 0 0 0 0 26 37 249 259 287 59 36 18 33 27 345 0 50 35 27 30 327 301 53 32 0 0 0 0 3 1 3 0 2 0 0 0 0 0 0 0 0 1 3 3 0 0 0 0 0 2 3 0 0 0 0 0 2 0 0 1 3 3 2 2 0 0 0 0 0 0 2 0 0 0 0 0 0 0 0 1 0 0 0 0 0 1 0 10 0 58 0 0 0 1 25 57 0 0 0 0 0 0 0 0 0 0 0 0 0 0 9 0 0 0 0 0 33 0 0 0 0 4 32 42 6 2 0 0 0 14 0 0 0 0 0 0 0 0 0 1 0 0 0 0 6 0 0 0 0 0 0 0 0 0 0 0 0 0 0 0 0 0 0 0 0 6 0 4 31 20 17 0 0 13 0 83 0 0 0 2 0 1 2 12 1 0 0 0 2 0 7 0 0 1 0 0 14 3 0 0 1 0 39 26 0 1 2 0 0 0 0 1 1 0 0 0 0 0 0 2 1 0 10 0 0 0 0 0 0 2 0 0 0 0 0 0 0 0 5 2 0 149 161 2 6 0 0 0 0 0 0 0 0 0 0 0 0 0 0 0 0 0 0 0 0 0 0 0 0 0 0 0 0 0 
 0 2 0 0 0 0 0 0 0 0 0 1 0 1 0 0 2 0 0 0 285 261 62 84 59 37 539 180 105 124 58 50 0 82 27 36 66 47 506 277 0 1 0 0 3 0 5 56 2 0 0 0 0 0 0 0 0 1 2 9 0 0 0 0 4 2 0 0 0 0 5 15 2 0 0 0 3 0 2 2 0 0 0 0 10 2 0 0 0 0 0 0 0 0 0 0 0 0 0 0 29 46 0 0 0 0 21 37 12 9 0 0 7 24 54 9 0 0 6 17 0 2 0 0 0 1 0 0 0 0 0 2 0 0 0 0 0 0 0 0 0 0 0 0 0 0 0 0 8 0 0 0 0 0 2 0 1 0 0 0 0 12 18 10 0 1 0 0 0 0 0 0 0 4 0 0 0 4 0 0 60 2 0 0 0 0 42 47 0 0 0 0 53 14 34 0 12 0 12 1 0 1 0 0 0 0 0 0 0 0 0 0 0 0 11 0 0 0 0 0 0 0 0 2 0 0 0 0 0 0 0 0 0 0 0 0 0 0 0 0 0 0 0 0 0 0 0 0 0 0 0 0 0 0 12 2 0 0 0 1 0 0 0 0 0 0 0 0 0 0 0 0 0 0 0 0 0 0 0 0 0 0 0 0 0 0 0 0 0 0 
 0 0 0 0 0 0 3 0 0 0 0 0 0 1 0 1 74 0 0 2 176 54 67 92 81 43 365 390 123 94 47 35 82 0 338 32 234 26 195 237 0 0 0 2 3 0 3 2 2 0 0 0 3 4 0 9 0 0 3 5 0 0 0 6 4 3 7 2 26 0 0 7 3 0 0 0 3 5 2 2 0 0 0 0 0 0 0 0 0 0 0 0 0 0 0 0 0 0 0 13 27 33 26 1 0 0 17 64 43 0 0 0 1 10 18 55 4 8 0 16 0 0 0 0 0 0 0 0 0 0 0 0 0 0 0 0 0 0 0 0 0 0 5 0 0 0 0 0 20 0 0 0 0 14 0 0 0 0 0 0 0 0 0 0 0 0 0 12 0 0 0 0 0 1 0 31 0 0 0 0 55 46 21 15 0 12 0 54 14 1 52 0 2 19 42 48 38 0 0 9 0 0 18 0 0 0 0 0 0 0 0 0 0 0 0 0 1 0 0 0 0 0 0 0 0 1 0 0 0 0 0 0 0 0 14 0 0 0 0 0 0 0 6 0 0 0 0 0 0 0 0 0 0 0 12 0 0 0 1 2 2 2 0 0 0 0 0 0 0 0 0 0 0 0 0 0 0 17 0 0 0 9 0 0 0 0 0 0 0 0 
 80 0 0 0 0 0 36 1 0 0 0 0 78 77 3 3 0 1 0 79 261 500 44 278 70 66 23 131 105 90 61 27 27 338 0 147 43 102 71 104 61 0 0 6 3 0 3 0 2 1 0 0 0 0 0 0 0 0 3 3 0 0 0 6 0 1 0 0 0 0 0 47 3 0 0 0 2 0 2 2 4 0 1 0 0 0 0 24 3 0 0 0 2 0 4 0 0 0 0 22 0 29 52 17 1 0 21 12 16 39 9 1 0 1 0 53 9 24 0 11 0 0 0 2 0 0 0 0 0 10 12 0 0 0 0 0 0 0 0 0 0 0 23 0 0 0 0 2 15 0 1 0 0 0 0 0 0 1 0 0 20 0 0 0 0 0 9 17 2 0 0 9 0 22 0 3 10 0 0 0 19 33 62 30 1 0 0 4 19 0 4 1 1 4 0 30 39 0 0 13 2 0 0 1 0 0 0 0 0 0 0 4 0 0 0 0 0 0 0 0 0 0 0 0 3 0 0 0 0 0 0 0 0 0 0 0 0 0 0 2 0 0 0 0 0 0 0 0 0 0 0 0 0 0 6 0 0 0 2 0 11 0 0 0 0 0 8 0 0 0 0 1 0 0 0 0 0 0 0 0 0 0 0 0 0 0 9 0 0 0 
 2 2 0 0 73 0 1 0 43 1 0 0 1 0 1 3 0 3 0 1 36 293 219 81 72 64 232 147 210 559 114 30 36 32 147 0 193 264 58 277 0 0 0 0 3 0 3 0 2 0 0 0 0 0 0 1 0 0 4 3 0 0 0 0 0 1 0 0 0 0 0 0 3 0 0 0 3 3 2 2 0 0 0 0 0 0 0 0 0 0 0 0 0 0 0 0 0 0 0 0 0 23 20 31 49 0 0 1 30 39 19 18 0 0 0 17 62 43 0 14 0 0 0 0 0 0 0 0 2 0 0 0 0 0 0 0 0 0 0 0 0 0 0 0 0 1 0 0 1 0 4 0 0 0 0 0 0 10 0 0 13 0 0 0 0 0 0 0 1 0 0 0 0 0 1 0 0 0 0 0 0 21 42 28 15 0 1 9 36 56 11 44 48 8 0 20 61 41 0 0 0 0 0 0 0 0 0 0 0 0 6 0 0 0 0 0 0 0 0 0 0 0 0 0 0 18 0 0 0 0 0 0 0 2 0 0 0 0 0 0 0 0 9 0 0 0 0 0 0 0 0 0 0 0 5 0 2 2 6 2 6 9 0 0 0 0 6 0 0 0 0 0 0 0 0 0 0 0 0 0 0 32 0 1 0 0 7 0 0 0 
 4 7 3 4 2 9 3 3 3 0 4 2 6 4 7 4 4 3 4 5 35 199 96 246 59 87 35 34 108 190 137 327 66 234 43 193 0 237 54 48 1 0 0 0 3 0 3 0 2 0 0 0 1 2 0 2 0 205 4 3 0 0 4 5 0 1 0 0 1 10 5 13 3 0 0 5 3 12 2 2 0 0 0 0 0 0 2 0 1 0 0 0 0 0 0 0 0 0 0 0 0 17 9 14 20 0 1 0 45 24 14 10 7 0 0 1 16 21 0 1 0 14 0 0 0 0 0 0 0 0 1 0 0 0 0 0 0 0 0 0 0 0 3 1 0 0 0 0 0 0 6 0 0 0 0 1 0 10 0 0 0 0 0 0 0 0 0 0 13 0 0 0 0 0 0 0 0 0 0 0 0 13 41 10 10 0 0 0 10 36 56 18 0 0 0 20 9 6 2 0 0 0 0 0 0 0 0 0 0 0 0 0 0 1 0 0 1 0 2 0 0 2 0 14 0 0 0 1 1 0 0 0 0 0 0 2 1 0 0 0 0 0 0 0 0 2 0 0 0 0 0 0 0 0 1 1 1 3 0 2 25 11 0 0 0 0 0 0 0 0 0 0 0 0 0 0 0 0 0 0 0 3 0 0 0 0 0 0 0 2 
 2 2 2 2 2 2 4 2 2 129 3 77 2 2 5 2 2 2 2 4 47 74 577 555 97 57 125 24 329 109 558 301 47 26 102 264 237 0 320 55 4 0 69 2 3 6 3 0 2 0 0 0 0 0 0 0 0 0 2 4 0 0 6 0 0 1 0 0 0 0 0 0 3 0 0 0 2 8 2 2 0 0 0 0 0 0 1 0 0 0 0 0 0 0 0 18 0 2 0 0 0 16 13 22 40 7 0 0 13 58 46 53 0 0 0 0 49 44 2 0 0 0 0 0 0 0 0 0 0 0 0 0 3 0 0 0 0 2 12 0 0 0 0 0 0 0 0 0 0 0 4 0 0 0 0 0 0 4 0 0 0 1 0 0 0 0 0 0 0 0 0 0 0 0 0 0 2 0 0 0 0 0 9 20 33 4 0 0 12 30 21 53 0 0 0 13 0 23 0 0 0 0 0 0 0 0 0 0 0 2 0 0 1 0 2 0 0 0 20 0 0 1 0 0 0 0 0 0 0 0 0 0 0 0 0 0 2 0 11 0 0 0 5 0 0 0 0 0 0 0 0 1 0 0 3 0 3 147 174 2 0 14 0 0 0 0 0 0 0 0 0 0 0 0 0 0 0 0 0 0 0 9 0 0 0 0 0 0 0 0 
 2 3 3 5 2 311 2 3 2 3 4 3 3 3 2 6 4 3 3 5 123 36 94 85 79 68 84 57 90 84 102 53 506 195 71 58 54 320 0 275 2 4 0 0 3 0 70 0 2 0 0 0 0 0 1 0 0 4 52 8 0 0 0 0 0 2 0 48 0 0 7 0 2 0 0 0 3 0 2 2 0 0 0 0 15 12 2 0 0 51 0 0 0 0 0 0 0 0 0 0 38 1 2 0 0 0 54 6 0 0 0 0 23 23 36 0 0 0 1 39 0 0 0 0 0 0 0 0 0 0 60 0 0 0 0 0 0 0 0 0 0 0 0 0 0 0 0 0 5 0 14 0 0 0 0 0 0 0 0 3 0 2 0 0 0 11 0 0 0 0 0 0 0 0 0 0 0 7 0 0 12 0 0 0 0 0 41 20 0 0 0 0 56 28 24 0 0 0 6 0 0 0 0 0 0 0 0 0 0 1 10 0 0 0 10 0 0 0 0 0 0 2 0 0 0 0 0 0 0 0 0 0 0 0 0 0 1 0 0 0 0 0 0 0 0 1 0 0 0 0 0 0 0 2 9 1 1 0 0 2 3 2 0 0 0 0 0 0 0 0 0 0 0 0 0 0 0 0 0 0 0 0 0 0 0 0 0 0 0 0 
 0 0 0 0 3 0 0 2 0 0 74 1 0 0 0 0 0 72 0 1 264 275 70 65 46 146 281 56 47 80 65 32 277 237 104 277 48 55 275 0 0 1 0 0 3 0 5 0 2 0 0 0 75 0 0 0 0 0 2 7 0 0 0 2 0 2 0 0 0 0 0 4 2 0 0 0 3 0 2 2 0 0 0 0 0 0 0 0 0 0 0 0 0 0 0 0 0 0 0 0 52 11 38 0 0 0 25 24 42 0 0 0 10 34 36 10 0 0 0 11 0 0 0 0 0 2 0 2 0 0 0 0 0 0 0 0 0 0 0 2 0 0 0 0 0 24 0 0 30 0 0 0 0 0 0 0 0 1 0 1 0 0 0 0 0 1 0 0 0 0 0 0 4 4 0 0 0 5 0 0 28 34 0 0 0 0 21 23 0 0 0 0 69 13 52 0 32 1 0 1 0 0 0 0 0 0 0 0 2 0 0 0 0 2 0 1 0 2 0 0 0 0 0 0 0 0 0 0 0 0 0 0 0 0 0 0 0 2 0 0 0 0 0 0 0 0 0 0 0 0 0 0 0 0 8 2 3 0 0 2 1 0 0 0 0 0 0 0 0 0 0 0 0 0 0 0 0 0 0 0 0 0 0 0 0 0 0 0 0 0 
 0 0 0 0 21 15 0 0 0 0 0 0 0 0 0 3 0 0 0 0 0 1 0 63 0 0 0 0 0 0 4 0 0 0 61 0 1 4 2 0 0 179 90 34 28 237 298 252 35 43 31 18 51 69 233 48 19 40 49 61 0 0 0 3 1 0 0 0 0 0 0 0 3 0 0 2 0 0 4 6 0 0 0 0 0 0 0 0 0 0 0 0 0 0 0 0 0 0 11 0 0 0 0 0 0 0 0 0 0 0 0 0 0 0 0 0 0 0 0 0 11 20 4 0 0 1 0 26 13 21 10 0 1 22 33 33 10 0 0 0 6 0 0 0 0 0 3 1 0 0 0 0 0 0 0 3 0 0 0 0 0 0 3 0 0 0 0 0 0 0 0 0 0 0 0 0 0 0 1 0 0 0 0 0 0 0 0 0 0 0 10 0 0 0 0 0 0 0 0 0 12 24 39 0 0 8 5 31 11 10 0 0 0 14 50 9 20 19 0 0 0 0 0 20 10 0 0 0 0 0 0 0 2 0 4 0 0 1 0 58 0 0 0 0 0 0 0 0 0 0 0 9 0 1 0 0 0 0 0 2 0 0 0 0 2 3 0 0 0 0 0 0 0 0 0 0 0 0 0 0 0 0 0 0 0 0 0 0 0 0 
 2 2 2 2 52 70 2 2 2 0 2 65 2 2 2 2 2 2 2 2 0 0 0 0 7 0 63 0 1 0 0 0 1 0 0 0 0 0 4 1 179 0 301 45 236 29 111 504 230 38 58 24 55 38 246 241 179 40 42 61 0 0 0 0 0 0 0 0 0 0 0 2 0 0 0 1 0 0 0 0 0 0 0 0 0 9 0 0 0 0 6 0 0 0 0 12 0 0 0 0 0 0 0 24 0 0 33 0 0 0 12 39 0 0 11 0 0 0 3 21 0 1 24 26 15 29 0 9 32 11 52 15 0 0 0 12 37 44 0 0 0 0 0 9 8 0 0 0 0 5 0 0 0 0 0 0 0 0 0 0 0 0 0 0 0 15 0 0 0 0 1 0 0 0 0 0 10 0 0 14 0 0 0 0 0 0 0 0 0 0 0 0 0 0 0 0 0 0 3 15 0 0 10 9 0 0 0 27 20 42 33 0 0 0 15 19 35 50 0 8 9 0 0 17 0 0 0 0 0 0 0 0 0 0 0 0 0 0 0 0 0 15 14 0 0 0 0 0 0 0 0 7 0 2 0 0 0 0 0 11 0 0 0 0 0 1 0 0 0 0 9 0 0 0 0 0 0 0 0 0 0 0 0 0 0 9 0 0 0 0 
 2 2 2 2 5 5 2 2 2 0 2 2 2 2 2 2 2 2 2 2 0 0 0 0 0 0 0 0 0 0 4 0 0 0 0 0 0 69 0 0 90 301 0 92 48 454 71 75 126 258 55 90 59 34 90 104 148 461 25 36 4 0 44 0 0 0 8 5 0 0 30 0 12 4 8 1 6 0 0 2 8 0 0 0 0 0 0 18 0 0 0 0 0 0 0 0 0 0 0 0 0 0 0 0 0 0 10 0 0 0 0 0 0 0 0 0 0 0 0 0 0 0 18 27 20 0 0 0 17 23 19 21 0 0 0 0 33 47 0 0 0 8 13 0 2 0 0 1 0 2 0 0 0 7 7 4 0 2 0 0 0 0 0 0 0 0 0 0 0 0 0 0 0 0 0 0 6 0 0 0 0 0 0 0 0 0 0 0 0 0 0 0 0 0 0 0 0 0 0 0 0 0 0 37 11 0 0 0 25 76 25 16 0 0 0 22 54 34 0 0 0 13 9 1 0 0 0 18 6 0 0 0 0 27 2 3 4 4 1 0 0 0 21 0 0 0 0 0 0 0 0 5 0 1 0 0 0 1 0 22 0 0 2 6 0 13 0 1 0 0 11 0 0 0 0 0 0 0 0 0 0 0 0 0 15 9 0 0 0 0 
 6 3 0 0 0 37 5 8 0 0 0 0 0 7 9 3 0 0 0 1 0 0 0 0 0 0 2 2 0 0 2 0 0 2 6 0 0 2 0 0 34 45 92 0 103 20 107 82 67 274 100 263 235 92 76 38 301 259 96 105 0 0 0 0 0 0 0 0 0 0 0 3 2 2 0 3 0 0 0 0 19 4 7 0 0 0 0 9 11 0 0 0 0 4 8 0 14 0 0 6 0 0 0 0 0 0 0 0 0 0 0 0 0 0 0 0 0 0 0 0 0 0 6 7 44 32 0 0 0 14 15 25 0 0 0 0 0 0 0 0 0 0 0 0 19 0 0 0 0 0 0 0 17 0 0 0 0 0 20 0 6 0 0 0 0 0 0 4 0 0 0 14 0 10 7 7 16 4 0 0 0 0 0 0 0 0 0 0 0 0 0 0 0 0 0 0 0 0 0 0 0 0 0 25 13 37 0 0 0 19 22 19 0 0 0 0 0 0 0 0 0 0 0 0 0 0 9 0 0 0 0 0 10 0 0 0 0 0 14 0 0 0 0 0 0 2 0 0 0 0 0 9 0 0 0 0 0 0 0 3 0 0 35 36 0 17 0 6 2 0 0 0 0 0 0 0 0 0 0 0 0 0 0 0 13 0 0 0 0 0 
 0 0 1 0 0 3 0 0 0 0 0 0 0 0 0 0 0 0 0 0 3 3 3 7 3 3 3 3 3 3 3 3 3 3 3 3 3 3 3 3 28 236 48 103 0 271 51 58 275 66 125 235 94 68 101 78 45 38 47 302 0 4 7 2 2 0 0 5 4 0 2 0 0 25 19 9 7 0 0 0 0 0 0 0 0 0 0 0 0 0 0 0 0 0 0 0 0 0 0 12 0 0 0 0 0 0 0 0 0 0 0 0 0 0 0 0 0 0 0 0 12 0 0 0 9 17 0 0 0 0 0 0 0 0 0 10 0 0 0 18 0 0 0 0 10 2 7 0 6 4 0 1 25 20 0 0 3 3 40 8 0 0 0 0 0 0 0 0 0 1 0 0 0 0 0 0 0 12 0 0 0 0 0 0 3 0 0 0 0 0 0 0 0 0 0 0 0 0 0 0 0 0 0 0 0 29 0 0 0 0 0 2 0 0 0 0 0 0 0 0 9 4 0 32 0 0 98 0 0 7 6 0 19 7 0 2 3 3 15 14 0 0 0 0 0 0 0 0 0 0 0 21 1 0 0 0 0 0 0 1 1 0 1 3 3 28 2 1 2 0 6 0 0 0 0 0 0 0 0 0 0 0 0 0 0 0 0 0 0 0 
 0 0 0 0 2 0 0 0 0 2 0 0 0 0 129 0 0 0 0 2 0 0 0 0 0 5 0 0 0 0 6 1 0 0 0 0 0 6 0 0 237 29 454 20 271 0 27 46 40 74 73 45 270 89 69 85 279 124 63 73 1 0 0 0 5 0 5 0 0 0 0 0 1 50 0 1 0 0 106 0 0 0 0 0 0 0 0 0 0 0 0 0 0 0 0 0 0 0 13 0 0 0 54 0 0 5 0 0 0 0 0 0 0 0 0 0 0 0 0 0 0 3 0 0 0 13 2 2 0 0 0 0 6 0 0 0 0 0 5 0 0 1 0 16 0 0 19 0 0 0 0 0 7 8 0 0 0 0 3 30 0 0 0 0 0 11 0 0 0 0 0 0 0 0 0 5 0 0 0 0 0 0 0 0 0 1 0 0 0 0 0 0 0 0 0 0 0 0 0 0 6 0 0 0 0 16 7 0 0 0 0 0 1 0 0 0 0 0 7 8 7 1 0 0 0 0 28 0 0 0 0 0 20 55 0 0 0 0 15 35 0 0 0 0 0 0 0 0 0 0 0 15 0 0 0 0 0 0 0 6 0 0 0 0 0 0 0 0 0 0 0 0 0 0 0 0 0 0 0 0 0 0 0 0 0 0 0 0 0 0 
 0 0 0 62 1 0 0 0 0 4 0 0 0 0 0 0 0 0 0 0 3 3 3 3 3 6 5 3 3 3 3 3 5 3 3 3 3 3 70 5 298 111 71 107 51 27 0 110 496 37 48 32 362 264 43 42 52 57 152 508 0 5 2 5 2 0 0 78 0 0 0 0 0 0 3 3 0 0 0 0 0 0 0 0 0 0 0 0 0 3 0 0 0 7 0 0 0 0 0 0 0 0 0 0 0 0 0 0 0 0 0 0 0 0 0 0 0 0 0 0 14 37 10 0 0 0 18 12 15 7 0 0 24 22 40 20 0 0 2 2 0 0 0 0 0 0 6 0 0 0 11 0 0 0 0 0 0 0 0 0 0 0 5 0 0 0 0 0 0 0 0 0 0 0 0 0 0 0 4 0 0 0 0 0 0 0 0 0 0 0 0 0 0 0 0 0 0 0 0 0 32 32 24 0 0 0 1 52 22 0 0 0 0 30 42 13 0 3 0 7 0 0 0 1 0 0 0 0 0 0 0 0 0 11 0 0 0 0 0 0 0 0 0 0 0 0 0 0 0 0 0 11 0 2 0 0 0 0 0 0 0 0 0 0 0 0 1 0 0 0 0 0 0 0 0 0 0 0 0 0 0 0 0 0 0 0 0 0 2 0 
 3 3 3 3 16 3 3 3 3 0 3 3 6 3 65 3 3 3 3 3 0 0 0 0 0 0 0 0 0 0 0 0 56 2 0 0 0 0 0 0 252 504 75 82 58 46 110 0 74 40 36 48 531 316 127 62 61 55 67 49 0 0 0 0 0 0 0 0 0 0 0 0 0 0 0 0 0 0 0 0 6 0 0 0 8 0 0 0 0 0 0 0 0 0 0 0 0 0 15 0 0 0 0 0 0 0 0 0 0 0 0 0 0 0 0 0 0 0 9 0 0 51 12 17 0 0 0 20 79 9 81 0 0 0 0 28 39 70 0 0 0 0 0 0 12 0 0 0 0 0 0 0 0 0 0 0 0 0 0 0 0 0 0 0 0 0 0 0 0 0 0 0 0 0 0 0 5 0 0 0 0 0 0 0 0 0 13 0 0 0 0 0 0 0 0 0 9 0 0 0 18 10 43 2 0 0 0 27 26 17 0 0 0 0 62 67 44 35 0 0 0 0 0 7 0 0 0 0 0 16 0 0 0 0 0 0 0 0 0 0 0 0 0 0 0 0 0 0 0 0 0 2 0 0 0 0 0 0 0 0 0 0 1 0 0 2 0 0 2 0 0 0 0 0 0 0 0 0 0 0 0 0 0 0 0 5 0 0 0 0 
 0 0 0 0 0 0 0 0 0 0 0 0 0 0 0 0 32 0 0 0 2 2 2 2 2 2 4 2 2 2 2 2 2 2 2 2 2 2 2 2 35 230 126 67 275 40 496 74 0 334 50 32 101 84 85 118 132 266 68 282 0 0 0 0 0 0 0 0 0 0 27 0 0 0 0 1 0 0 0 0 0 0 0 0 0 0 0 0 0 0 0 0 0 0 0 0 0 0 0 5 0 0 0 0 0 0 0 0 0 0 0 0 0 0 0 0 0 0 0 0 0 0 4 37 21 0 0 0 13 34 31 28 0 0 0 0 26 62 0 0 0 0 0 0 6 0 0 0 0 6 0 0 0 0 0 0 0 19 0 0 11 0 0 0 0 0 0 0 0 0 0 5 0 0 0 0 3 0 0 0 0 0 0 0 2 0 0 6 0 0 0 0 0 0 0 5 0 0 7 0 0 0 1 41 9 0 0 0 36 22 15 16 0 0 0 25 15 73 0 0 0 0 0 0 0 0 0 0 1 0 0 0 0 0 0 12 7 0 1 0 0 0 15 0 0 0 0 0 0 0 0 11 0 0 0 0 0 0 0 22 0 0 2 6 0 7 0 4 0 0 7 0 0 0 0 0 0 0 0 0 0 0 0 0 14 12 0 0 0 0 
 0 0 3 0 0 0 4 0 0 0 0 0 0 0 2 47 0 0 0 0 0 0 0 0 0 2 1 3 0 0 0 0 0 0 1 0 0 0 0 0 43 38 258 274 66 74 37 40 334 0 336 249 47 84 100 276 176 107 69 87 0 0 0 2 3 0 0 29 0 0 7 0 0 1 4 2 0 0 0 0 0 0 0 0 0 0 0 0 0 0 0 0 0 0 0 0 0 0 0 0 0 0 0 0 0 0 0 0 0 0 0 0 0 8 0 0 2 0 0 0 8 0 19 4 25 20 0 9 0 16 8 48 0 0 0 0 0 0 0 0 0 0 0 0 0 0 0 0 0 6 0 0 0 0 0 0 0 0 1 0 0 0 0 0 0 0 0 0 0 0 0 0 5 0 10 0 7 0 0 0 0 1 0 28 0 0 0 0 0 0 0 0 0 0 3 0 0 5 1 0 0 0 0 30 24 1 0 0 0 20 33 33 0 0 0 0 16 1 0 0 1 0 0 0 0 0 3 0 0 0 0 0 0 0 0 0 0 0 60 0 0 0 24 0 0 0 0 0 0 0 0 15 0 0 4 0 0 0 0 30 0 0 69 67 3 6 0 121 0 0 23 0 0 0 0 0 0 0 0 0 0 0 0 0 23 9 0 0 0 0 
 0 0 0 0 0 0 0 0 0 3 0 0 0 0 0 0 0 0 0 0 0 0 0 4 0 211 1 0 0 0 0 0 0 0 0 0 0 0 0 0 31 58 55 100 125 73 48 36 50 336 0 243 246 33 62 81 173 324 43 75 0 0 0 0 1 0 23 0 0 0 0 0 0 0 0 5 0 0 0 0 0 0 0 0 0 11 0 0 0 0 0 0 0 0 0 0 0 0 0 0 0 0 0 0 0 21 0 0 0 0 0 0 0 0 0 0 13 0 0 0 0 0 0 8 48 59 0 0 0 8 0 16 0 0 0 0 0 0 0 0 0 0 0 0 19 0 0 0 0 0 0 0 13 0 1 0 0 0 41 2 0 0 0 0 0 0 0 0 0 0 0 0 0 0 0 0 0 0 0 0 0 0 0 0 0 0 0 0 0 0 0 0 0 0 0 0 0 0 0 0 0 19 0 58 73 16 0 0 0 18 2 54 0 0 0 0 1 0 0 0 0 0 0 21 0 0 8 0 0 0 0 0 20 0 0 0 0 0 32 0 0 0 0 0 0 0 0 0 0 0 0 19 0 0 1 0 0 0 0 7 0 0 36 40 1 11 0 66 2 0 0 0 0 0 0 0 0 0 0 0 0 0 0 0 40 0 0 0 0 0 
 0 17 5 3 0 0 0 3 5 0 3 0 0 0 2 5 7 9 0 0 0 0 0 0 0 0 1 0 1 0 0 0 0 0 0 0 0 0 0 0 18 24 90 263 235 45 32 48 32 249 243 0 39 18 42 40 62 70 44 34 0 0 0 0 0 0 0 0 0 0 0 0 0 51 0 5 0 0 0 0 0 11 0 35 14 0 17 0 0 30 14 0 0 7 0 7 8 9 0 0 0 0 0 0 0 0 0 0 0 0 0 0 0 0 0 0 0 0 0 0 0 0 0 0 18 23 0 0 0 0 0 22 6 0 0 0 0 0 0 0 0 0 0 0 8 0 20 0 0 0 0 0 12 0 7 0 0 0 18 11 0 7 0 9 13 0 0 0 11 8 5 0 0 0 0 1 0 29 0 0 0 0 0 0 0 0 0 0 0 0 0 0 0 0 0 0 0 0 0 0 0 0 0 1 10 15 0 0 0 0 0 9 0 0 0 0 0 0 0 0 8 0 0 0 0 0 20 0 0 0 0 0 11 0 0 0 0 0 29 26 0 0 0 0 0 0 3 0 0 0 0 2 0 2 0 0 0 0 0 0 0 1 102 63 0 4 2 70 0 0 0 0 0 0 0 0 0 0 0 0 0 0 0 0 0 0 0 0 0 0 
 0 0 2 0 3 64 3 0 0 3 0 0 2 0 0 1 0 0 0 1 0 0 0 0 0 5 0 0 2 0 62 0 0 3 0 0 1 0 0 75 51 55 59 235 94 270 362 531 101 47 246 39 0 82 60 35 34 40 335 264 0 0 0 0 0 54 0 0 0 38 0 0 0 201 2 2 0 0 0 0 0 0 0 0 0 0 0 0 0 0 0 0 0 0 0 0 23 0 0 0 0 0 0 0 0 7 0 0 0 0 0 0 0 0 0 0 0 0 0 0 53 14 0 0 0 0 22 12 0 0 1 0 40 48 59 0 0 0 17 22 0 0 0 0 0 0 8 3 0 0 0 0 0 11 0 0 0 0 0 0 0 0 33 0 0 0 0 0 0 0 0 0 0 0 0 0 0 0 2 0 0 0 0 0 0 0 0 0 0 0 0 0 0 0 0 0 0 0 0 0 49 56 1 0 0 1 76 15 9 0 11 0 1 23 12 10 0 0 10 32 0 0 0 0 0 0 0 0 0 0 0 0 0 0 0 0 0 0 0 0 0 0 0 0 0 0 0 0 0 0 0 9 0 2 0 0 0 0 0 1 0 0 0 0 0 1 2 0 0 0 0 0 0 0 0 0 0 0 0 0 0 0 0 0 0 0 0 0 2 0 
 3 2 3 2 24 2 3 3 3 3 2 51 3 3 3 9 3 3 2 3 0 0 0 0 1 0 7 0 0 8 0 0 0 4 0 0 2 0 0 0 69 38 34 92 68 89 264 316 84 84 33 18 82 0 282 239 32 452 49 76 0 0 0 49 0 0 3 0 0 3 0 0 0 0 0 2 0 0 0 0 0 0 0 0 0 0 0 0 0 0 0 0 0 0 18 0 0 0 0 0 0 0 0 8 0 0 0 0 0 0 0 0 0 0 0 0 0 0 0 0 12 10 3 0 0 0 1 35 13 31 20 23 11 27 40 24 19 0 0 0 0 0 0 0 0 0 1 0 0 0 0 0 0 0 0 0 0 0 0 0 0 0 3 0 0 0 0 0 0 0 0 0 0 0 0 0 0 0 14 0 0 0 0 0 0 0 0 0 0 0 0 0 0 0 0 0 0 0 0 0 13 40 31 0 0 0 0 32 20 10 1 0 0 16 37 14 20 50 0 19 0 0 0 48 0 0 0 0 0 0 0 0 7 0 0 0 0 0 0 0 0 0 0 0 0 0 0 0 0 0 0 13 0 0 0 0 0 0 0 8 0 0 0 0 0 15 0 0 2 0 0 0 0 0 0 0 0 0 0 0 0 0 0 0 0 13 0 0 0 0 
 0 0 0 0 12 0 0 0 0 0 0 0 2 0 0 0 3 0 0 0 0 3 0 0 0 0 0 0 2 1 0 0 0 0 0 0 0 0 1 0 233 246 90 76 101 69 43 127 85 100 62 42 60 282 0 91 49 39 63 109 6 2 0 0 0 0 4 9 0 0 0 0 4 6 6 0 2 0 1 6 0 0 0 0 0 0 0 0 0 0 0 0 0 0 0 0 0 0 0 0 0 0 0 0 0 0 0 0 0 0 4 0 0 0 0 0 0 0 0 0 0 53 15 18 0 19 0 50 34 8 37 9 0 0 21 30 28 34 0 0 0 9 10 0 6 0 1 2 0 1 0 0 0 4 13 6 1 12 0 0 0 0 0 0 0 0 0 0 0 0 0 0 0 0 0 0 21 0 0 0 0 0 0 0 0 0 0 0 20 0 0 0 0 0 0 0 0 0 0 0 10 10 48 0 0 0 0 23 22 25 0 0 0 2 22 23 53 33 0 0 0 6 12 10 0 0 0 6 5 0 3 1 0 8 46 8 15 7 0 0 0 0 0 0 0 0 0 0 0 19 0 9 0 1 0 0 0 0 0 0 1 0 0 0 0 2 3 0 0 0 1 0 0 0 0 0 0 0 0 0 0 0 0 0 0 0 0 0 0 0 
 0 0 0 0 0 2 0 63 0 5 0 0 0 0 0 0 0 0 0 62 3 3 0 0 0 0 0 7 2 1 0 0 0 9 0 1 2 0 0 0 48 241 104 38 78 85 42 62 118 276 81 40 35 239 91 0 212 255 36 61 51 0 0 0 2 0 0 0 0 0 0 0 0 0 0 1 0 0 0 0 0 0 0 21 0 0 0 0 0 0 0 0 0 0 0 0 0 0 0 0 0 1 0 3 16 0 0 4 7 0 0 0 0 0 0 4 3 0 0 0 0 0 19 25 20 0 0 15 12 24 58 6 0 1 0 1 23 57 0 0 0 0 0 0 4 0 7 0 0 3 0 0 0 0 0 0 0 20 0 0 0 0 1 0 14 0 0 0 0 0 0 0 0 0 0 0 3 0 1 0 0 3 2 15 1 0 0 0 6 5 8 0 0 8 1 33 17 1 0 0 0 0 4 28 8 0 0 0 27 45 45 15 0 0 0 65 22 23 0 0 0 0 0 0 0 0 3 0 0 0 0 1 0 0 0 0 32 0 1 0 0 0 15 0 0 0 0 0 0 0 0 8 0 1 0 0 0 0 0 5 0 0 2 1 0 8 0 1 2 0 45 0 0 0 0 0 0 0 0 0 0 6 0 0 9 23 0 0 0 0 
 0 0 0 4 1 0 0 0 0 14 4 13 0 0 0 0 0 0 0 1 1 2 0 4 0 0 54 0 1 1 0 0 0 0 0 0 0 0 0 0 19 179 148 301 45 279 52 61 132 176 173 62 34 32 49 212 0 494 13 46 0 2 2 3 1 44 0 0 0 0 0 0 0 3 0 1 0 0 0 3 0 0 0 0 0 0 0 0 0 1 0 0 0 0 0 0 0 0 0 0 0 0 0 0 0 0 0 0 0 0 0 0 0 0 0 0 0 0 4 15 0 0 14 14 21 20 0 0 0 52 15 19 0 0 0 0 24 46 0 0 0 0 0 0 4 0 0 0 0 6 0 0 0 0 0 0 0 0 0 0 0 1 0 0 1 0 0 0 0 0 0 0 0 0 1 0 4 0 0 0 0 0 0 0 0 0 0 0 0 0 0 0 0 0 0 0 0 0 5 1 0 0 0 56 15 1 0 0 10 38 39 15 0 0 0 31 26 9 10 0 0 0 0 0 0 0 1 0 0 0 0 0 0 0 0 0 0 0 13 0 0 5 7 0 0 0 5 0 2 0 0 4 1 8 0 0 0 0 0 20 3 0 2 74 1 4 0 0 0 0 3 0 0 0 0 0 0 0 0 0 0 0 0 0 22 10 0 0 0 0 
 3 3 3 3 3 3 3 3 3 0 3 3 3 3 6 2 3 3 3 3 0 3 0 0 0 0 0 0 0 0 0 1 1 0 0 0 205 0 4 0 40 40 461 259 38 124 57 55 266 107 324 70 40 452 39 255 494 0 65 33 206 0 0 0 0 0 0 0 0 0 0 0 0 0 0 2 0 0 0 0 0 0 0 0 0 0 0 0 0 0 0 0 0 0 0 0 0 0 0 0 0 0 0 0 0 0 0 0 0 0 0 0 0 0 0 0 0 0 0 0 0 0 19 10 26 10 0 0 0 28 19 38 0 6 0 1 1 21 11 0 0 11 0 7 0 0 0 0 0 2 0 0 0 0 0 0 0 0 0 0 0 0 0 0 0 0 0 0 0 0 0 0 0 0 0 0 1 0 0 0 0 0 0 0 0 0 0 0 0 0 0 0 0 0 0 0 0 0 0 0 0 0 0 37 44 0 0 0 2 45 37 21 0 0 0 10 20 0 0 0 0 0 0 0 0 0 0 0 0 0 0 0 0 0 0 0 0 20 30 0 0 0 17 0 0 0 0 0 0 0 0 12 2 0 31 0 0 0 2 19 0 0 62 61 0 9 4 64 5 0 9 0 0 0 0 0 0 0 0 0 0 0 0 0 31 12 0 0 0 0 
 2 2 2 2 2 2 2 2 2 0 2 2 2 2 2 2 2 2 53 2 3 2 2 2 3 194 2 3 2 2 3 3 2 3 3 4 4 2 52 2 49 42 25 96 47 63 152 67 68 69 43 44 335 49 63 36 13 65 0 294 0 0 0 0 0 0 0 60 0 3 0 0 0 0 0 0 0 0 0 0 0 0 0 0 0 0 0 0 0 39 0 0 0 0 0 0 0 0 0 8 0 0 0 0 0 0 0 0 0 0 0 0 0 0 0 0 0 0 0 0 42 1 1 0 0 0 11 13 0 0 0 0 42 20 0 1 1 0 29 14 0 0 0 0 0 0 2 4 0 0 9 0 0 0 0 0 12 0 0 0 0 0 4 0 0 0 0 0 0 0 0 0 0 0 0 0 0 0 0 0 21 0 0 0 0 25 0 0 0 0 0 0 0 0 0 0 0 0 0 0 24 9 15 0 19 0 57 10 0 0 0 0 6 27 2 0 0 0 0 8 0 0 0 0 0 0 0 0 0 0 5 0 0 0 0 0 0 0 0 0 0 0 0 0 0 0 0 0 0 0 0 12 0 0 0 0 0 0 0 0 0 0 1 0 0 0 0 0 2 0 0 0 0 0 0 0 0 0 0 0 0 0 0 0 0 0 0 0 0 0 
 0 0 0 0 0 0 0 0 0 1 0 0 0 0 0 0 0 0 0 0 3 3 4 3 3 3 9 4 3 3 3 3 9 5 3 3 3 4 8 7 61 61 36 105 302 73 508 49 282 87 75 34 264 76 109 61 46 33 294 0 0 0 0 0 0 0 0 0 7 5 0 0 0 2 0 2 0 16 0 0 0 0 0 0 0 1 0 28 0 0 0 0 0 0 0 25 0 0 0 0 6 4 0 0 0 0 0 0 0 0 0 0 0 6 7 0 0 0 0 12 30 0 0 0 0 0 8 23 0 0 14 0 20 32 47 0 0 0 24 28 0 0 0 0 0 0 5 1 0 0 0 0 0 0 0 0 0 0 0 0 20 0 6 0 0 2 0 0 0 0 0 0 0 0 0 0 0 0 4 0 5 1 0 0 0 2 12 5 0 0 0 0 9 2 7 0 9 0 0 0 26 24 0 0 0 0 42 8 10 0 0 0 0 27 20 16 1 0 0 19 0 0 0 0 0 0 0 0 0 0 0 2 0 0 0 0 0 0 0 0 0 0 0 0 0 0 0 0 0 0 0 4 0 2 0 0 0 0 0 0 0 0 0 0 1 0 0 0 0 0 0 0 0 0 0 0 0 0 0 0 0 0 0 0 0 0 0 0 2 0 
 2 2 2 2 2 2 2 2 2 0 2 2 2 47 2 2 2 2 2 2 0 2 0 0 0 0 0 0 0 0 0 0 0 0 0 0 0 0 0 0 0 0 4 0 0 1 0 0 0 0 0 0 0 0 6 51 0 206 0 0 0 82 81 57 252 26 285 259 36 28 33 31 85 111 219 33 67 240 74 127 0 0 0 0 0 0 0 0 0 0 0 0 0 0 0 0 0 0 0 0 0 0 0 0 0 0 0 0 0 0 0 0 0 0 0 73 0 0 0 0 0 0 0 0 0 0 0 0 0 0 0 1 0 0 0 0 0 0 0 0 1 16 20 4 0 0 1 3 10 11 3 0 1 10 9 2 10 20 0 0 0 0 0 0 0 0 0 0 0 0 0 0 0 3 0 18 0 0 0 0 0 0 18 0 0 0 9 0 0 0 0 0 0 0 22 0 0 0 0 0 0 0 0 0 0 1 0 0 0 0 0 0 0 0 0 0 0 0 0 0 0 21 20 0 0 0 10 25 36 11 3 5 1 31 26 29 30 27 0 0 4 0 0 0 0 0 0 0 0 0 0 0 0 0 8 0 0 0 0 0 0 0 0 0 0 0 0 0 0 0 0 0 0 0 0 0 0 19 0 0 0 0 0 0 0 0 0 0 5 0 
 0 0 0 0 0 0 0 0 0 0 0 0 3 0 0 0 0 0 0 0 0 0 0 0 0 0 0 0 0 0 0 0 0 0 0 0 0 0 0 0 0 0 0 0 4 0 5 0 0 0 0 0 0 0 2 0 2 0 0 0 82 0 445 35 38 244 73 242 212 88 23 240 34 315 228 194 427 56 37 42 0 0 0 0 0 0 0 0 0 0 0 0 0 0 0 0 0 0 0 0 0 0 0 0 0 0 0 0 0 0 0 0 2 0 0 0 0 0 0 0 0 0 0 0 0 0 0 0 0 0 0 0 0 0 0 8 0 0 0 0 4 16 0 10 0 37 0 7 18 21 47 36 0 5 5 4 50 36 0 4 0 0 0 21 0 0 0 0 0 0 0 0 0 0 0 0 0 0 0 0 0 0 0 0 0 0 0 0 0 0 0 0 0 0 0 0 0 0 0 0 0 0 0 0 0 0 0 0 0 0 0 0 0 0 0 0 0 0 0 0 5 2 3 54 0 0 0 3 6 71 57 0 0 1 24 36 70 39 0 5 54 0 0 0 0 0 0 0 0 0 0 0 0 0 0 0 0 0 0 0 0 0 0 1 0 0 18 0 0 0 37 0 0 1 1 0 0 0 0 0 0 0 0 0 0 0 0 0 0 0 
