 0 116 56 70 63 39 205 269 24 260 65 137 52 142 527 35 293 242 56 128 2 0 0 2 3 0 0 0 3 0 3 0 0 3 4 76 23 0 2 3 0 1 0 0 0 0 2 0 0 0 0 0 0 0 0 0 0 2 2 0 3 0 0 0 0 0 0 0 2 0 39 0 0 0 0 3 35 0 0 0 40 19 0 0 0 0 1 30 35 9 0 0 0 11 17 3 19 1 0 6 0 0 0 1 0 0 0 0 0 0 0 0 0 0 0 0 0 0 0 0 0 0 0 0 0 0 0 0 0 0 0 0 0 0 0 0 0 0 0 0 0 0 0 0 0 0 0 0 0 0 0 0 0 0 0 0 0 0 0 0 14 17 17 0 0 0 1 22 11 1 7 0 0 24 32 21 10 20 0 2 0 0 0 0 0 0 17 0 0 0 0 0 0 0 0 0 0 0 0 0 0 0 0 0 0 0 0 0 0 0 0 0 0 0 0 0 0 0 0 0 20 0 0 0 0 0 0 0 0 0 0 0 0 0 0 0 0 0 0 0 0 0 0 0 0 0 0 0 0 33 1 6 0 0 0 0 0 0 0 0 0 0 0 0 0 0 0 0 0 0 0 0 0 0 0 0 0 0 0 0 0 0 0 0 0 0 0 0 0 0 
 116 0 374 55 37 60 75 398 319 59 35 236 56 56 315 322 514 66 57 47 2 0 1 2 3 0 0 0 3 207 3 0 0 3 3 5 0 0 0 3 0 2 0 66 3 0 2 65 0 0 0 2 0 0 2 0 2 2 2 0 3 0 0 0 3 2 0 0 2 3 0 1 0 0 0 2 0 2 0 0 1 24 38 7 0 0 2 0 47 33 20 0 0 11 20 16 24 25 0 0 0 0 0 0 0 0 0 0 0 0 0 0 0 0 0 0 1 0 2 0 0 0 0 0 0 0 0 0 0 0 0 0 0 0 0 2 0 0 0 0 0 0 0 0 0 0 0 0 0 0 1 0 0 0 0 0 0 0 0 21 0 18 26 27 0 3 0 12 24 22 42 7 1 0 0 20 7 23 0 1 0 0 0 0 0 0 0 0 0 0 0 0 0 11 0 0 0 0 0 0 0 0 0 14 0 0 0 0 0 0 0 0 0 0 0 2 0 0 0 1 0 0 1 0 0 0 0 0 2 0 0 0 0 0 0 1 1 0 0 0 0 0 0 0 0 0 0 0 4 0 0 14 40 0 0 0 0 0 0 0 0 0 0 0 0 0 0 0 0 0 0 0 0 0 0 15 0 0 0 0 0 0 0 0 0 0 0 0 0 0 
 56 374 0 203 68 51 54 342 167 356 170 24 135 56 72 194 200 554 28 128 2 0 0 2 5 0 0 0 3 0 3 0 0 3 3 1 0 0 0 3 0 2 29 0 0 0 2 0 0 0 0 0 0 0 0 0 0 2 2 0 3 0 0 0 0 0 0 0 2 0 0 0 0 0 0 2 0 0 0 0 0 17 63 49 15 0 0 0 17 25 35 11 0 0 0 34 17 30 0 0 16 0 0 0 0 0 0 0 0 0 0 0 0 0 0 0 0 0 0 0 0 0 0 0 0 0 0 0 0 0 0 0 0 0 0 0 0 0 0 0 0 0 0 0 0 0 0 0 0 0 0 0 0 0 0 0 0 0 0 0 0 22 13 32 1 1 0 1 31 23 12 30 0 0 0 15 22 26 0 0 0 0 0 0 0 12 0 12 0 0 0 0 0 0 0 0 0 0 13 16 0 0 10 0 0 0 0 0 0 0 0 0 0 0 0 0 0 0 0 0 0 0 0 0 0 0 0 0 0 0 0 0 0 0 0 0 0 0 0 0 0 0 0 0 0 0 2 0 4 91 0 4 28 0 0 0 0 0 0 0 0 0 0 0 0 0 0 0 0 1 0 0 0 0 0 24 10 0 0 0 0 0 0 0 0 0 0 0 0 0 
 70 55 203 0 106 32 63 63 61 473 116 388 258 79 128 42 47 432 161 64 7 0 0 3 5 5 0 0 7 1 8 35 3 3 3 0 1 60 3 6 0 2 0 0 3 2 2 0 0 0 0 0 3 2 4 0 3 66 2 0 4 0 4 0 31 3 0 0 4 1 0 0 0 0 0 5 0 0 0 0 0 0 0 38 44 17 0 0 0 2 19 62 0 0 0 15 12 0 0 0 0 0 0 0 0 0 0 0 13 0 0 0 1 0 0 0 0 0 1 27 0 0 0 0 0 0 0 0 0 0 0 0 2 0 0 0 0 0 0 0 0 0 0 0 21 1 0 0 0 0 0 0 0 0 0 0 0 0 0 0 0 0 0 0 28 24 0 5 0 6 5 17 0 0 0 0 10 12 1 0 0 0 0 0 0 0 0 0 0 0 2 0 16 0 0 0 0 0 35 0 0 0 0 0 0 0 0 0 0 0 0 0 0 0 0 0 0 0 0 0 0 0 0 0 0 0 0 0 0 0 0 1 0 0 0 0 0 0 0 0 0 21 0 0 0 0 45 2 0 17 2 5 10 0 0 1 0 0 2 0 0 0 18 0 0 2 0 0 0 0 0 0 0 1 0 10 10 28 0 0 0 0 0 0 0 0 0 0 0 2 
 63 37 68 106 0 422 50 92 73 66 83 358 85 87 86 62 141 45 115 339 2 0 0 2 81 84 0 0 6 1 3 0 2 3 3 0 3 0 0 3 0 2 0 3 0 0 7 0 0 0 0 0 0 0 27 0 0 9 3 0 2 0 0 0 0 3 0 0 2 5 0 0 0 0 2 1 0 0 0 0 0 0 0 0 0 30 0 0 2 0 18 50 0 0 0 0 0 0 0 0 3 0 0 0 0 0 17 0 0 1 13 14 3 3 0 0 0 0 38 55 0 0 0 0 0 0 2 0 0 0 0 0 0 0 0 0 0 27 0 0 0 0 0 0 0 0 0 0 0 0 0 0 0 0 1 0 0 0 0 0 0 0 2 0 45 42 0 2 0 0 1 4 0 0 0 0 0 0 0 0 0 1 0 0 0 1 0 0 0 0 0 7 40 1 0 0 0 0 18 59 0 0 1 0 0 0 0 0 21 0 0 0 0 0 0 0 0 0 0 0 0 0 0 0 0 0 0 0 0 0 0 0 0 0 9 0 0 0 13 0 0 18 0 0 0 0 4 0 0 6 0 10 0 0 0 0 1 0 0 0 0 0 0 0 0 0 2 0 0 0 0 0 0 0 0 0 0 13 0 0 0 0 0 0 0 0 0 0 0 0 
 39 60 51 32 422 0 44 53 48 45 67 55 45 65 290 68 278 72 49 59 2 4 0 2 2 0 1 0 4 0 5 0 0 3 3 2 0 0 307 6 0 0 0 1 0 0 2 0 0 0 0 0 0 0 0 0 0 8 2 0 3 0 2 0 0 0 46 0 2 0 0 0 0 0 0 3 0 0 0 0 0 0 0 0 0 34 0 0 0 0 0 7 0 0 0 0 0 0 0 0 14 0 0 25 0 0 45 1 1 0 0 0 34 10 0 0 0 0 66 38 0 0 0 0 0 2 0 0 0 0 0 0 1 0 0 0 0 10 0 0 0 0 0 0 0 0 0 28 0 0 0 0 0 0 0 0 0 0 0 0 0 0 0 0 18 14 0 0 0 0 0 0 0 0 0 0 0 0 2 0 1 1 0 0 0 0 26 1 0 0 0 0 53 13 1 0 0 0 11 46 2 0 0 0 0 0 0 0 0 0 0 0 0 0 0 0 0 0 0 0 0 0 0 0 0 0 0 0 0 0 0 2 0 0 0 0 0 0 2 0 0 3 0 0 0 2 0 0 0 0 0 19 0 0 0 0 0 0 0 0 0 0 0 0 0 0 0 0 0 0 0 0 0 0 0 0 0 0 0 0 0 0 0 0 0 0 0 0 0 0 
 205 75 54 63 50 44 0 168 52 27 43 20 339 300 41 22 103 51 66 366 2 0 0 3 2 0 0 0 3 203 5 1 0 3 3 0 0 0 0 3 0 1 0 1 75 0 2 0 0 0 0 0 0 0 0 0 0 2 2 0 3 0 0 0 0 0 0 0 2 0 0 0 0 0 0 49 0 0 0 0 11 23 0 10 0 0 29 38 0 3 0 0 15 34 35 0 2 0 0 38 0 2 0 0 0 0 0 0 0 0 2 0 0 0 0 0 0 0 0 0 0 0 0 0 2 0 0 8 0 0 0 0 0 0 0 0 0 0 0 0 0 0 0 0 0 1 0 0 0 0 0 0 0 1 0 0 0 0 0 0 25 27 0 0 1 0 16 26 11 0 0 0 7 19 18 10 16 0 0 27 0 0 0 2 0 0 0 0 0 0 0 2 0 0 0 1 0 0 0 0 0 0 0 0 0 0 0 0 1 0 2 1 0 10 0 0 0 14 2 0 0 0 0 0 0 0 0 0 0 0 0 0 0 0 0 0 0 0 0 0 0 0 0 0 0 92 0 0 2 0 0 8 0 0 0 0 0 0 0 0 0 0 0 0 0 0 0 0 0 0 0 0 0 0 0 0 0 0 0 0 0 0 0 0 0 0 0 0 0 1 
 269 398 342 63 92 53 168 0 128 49 43 103 119 385 175 42 41 52 367 81 2 2 0 2 3 0 0 1 3 0 3 0 0 3 3 1 1 74 1 3 0 2 0 0 0 0 2 0 0 0 0 0 0 0 0 0 0 2 3 0 1 0 1 0 0 0 0 0 2 0 0 0 0 0 0 0 0 0 0 0 18 35 28 0 1 12 0 0 37 28 7 0 0 13 12 60 20 11 0 0 0 0 0 0 0 0 0 0 0 0 0 0 0 7 0 0 0 0 0 0 2 0 0 0 0 0 0 0 0 0 0 0 0 0 0 0 0 0 0 0 0 2 0 0 14 1 0 0 0 0 0 0 0 0 0 0 0 0 0 0 0 21 30 0 0 0 0 15 62 1 11 0 0 18 14 20 2 27 0 0 0 0 0 0 0 0 0 0 0 0 0 0 0 0 2 0 0 0 0 0 0 0 0 0 0 0 0 0 0 0 0 0 0 0 0 0 0 0 0 0 0 1 0 0 1 0 0 0 0 0 0 0 0 0 0 11 0 0 0 0 0 0 0 0 0 23 0 2 4 0 2 9 0 0 0 0 0 0 0 0 0 0 0 0 0 0 1 0 0 0 0 0 0 0 0 11 0 0 0 0 0 0 0 0 0 0 0 0 0 0 
 24 319 167 61 73 48 52 128 0 338 36 251 112 100 199 516 172 316 318 169 2 0 0 2 3 2 0 6 3 0 3 1 0 3 5 2 0 2 0 3 0 2 0 0 4 61 64 4 0 0 0 0 0 6 0 0 0 2 2 0 9 0 1 0 0 0 0 0 2 0 0 0 0 2 0 2 0 3 0 0 0 60 38 79 0 0 0 0 22 57 34 16 0 0 0 51 30 40 0 0 0 0 0 0 1 0 0 0 0 0 0 0 0 2 0 0 0 0 0 0 0 0 0 0 0 0 0 0 0 0 0 0 0 0 0 0 0 0 0 0 0 0 1 2 0 0 0 0 6 11 2 0 0 0 0 0 0 0 0 0 0 29 25 39 0 2 8 1 24 23 23 25 0 2 0 12 16 30 0 2 0 0 12 0 0 0 0 0 0 0 0 0 0 0 0 0 0 0 1 0 0 0 0 0 0 2 0 0 0 0 0 0 0 0 0 0 0 0 0 0 0 0 1 0 0 0 0 0 0 0 0 0 0 1 0 0 16 0 0 0 0 0 0 0 0 0 2 0 2 3 0 1 0 0 0 0 0 0 0 0 0 0 0 0 0 0 0 0 0 0 0 0 0 0 0 9 10 0 0 0 0 0 0 0 0 0 0 0 0 0 
 260 59 356 473 66 45 27 49 338 0 446 64 120 92 106 350 415 70 86 199 2 0 0 2 2 0 0 9 5 0 3 0 0 3 3 1 0 1 0 3 0 0 0 1 0 0 2 0 0 0 0 0 0 0 0 0 0 2 5 0 3 0 0 0 0 0 0 0 2 0 2 0 0 0 0 3 0 0 0 0 0 0 13 30 56 0 0 0 0 14 27 23 0 0 0 17 7 32 0 2 1 0 0 2 0 0 0 0 0 0 0 0 0 0 0 0 0 0 0 1 0 0 0 0 0 0 0 0 0 0 0 0 0 0 0 10 0 0 0 0 0 0 0 10 0 0 0 0 0 0 0 0 0 1 0 0 0 0 0 2 0 11 0 39 16 0 0 5 16 34 10 33 0 0 0 1 10 25 7 0 0 11 0 0 0 0 0 0 0 0 0 0 0 0 1 0 0 0 18 0 0 0 0 0 0 0 0 0 0 0 0 0 0 0 0 0 0 0 0 0 0 2 0 0 2 0 0 0 0 0 0 0 0 0 0 0 0 0 0 0 0 0 0 0 0 6 177 0 0 172 0 2 11 0 0 0 0 0 0 0 2 0 13 0 0 0 2 0 0 0 0 0 0 0 0 11 11 0 0 0 0 0 0 0 0 0 0 0 0 0 
 65 35 170 116 83 67 43 43 36 446 0 626 30 28 170 50 112 412 178 78 4 2 1 2 2 0 0 3 3 0 3 0 1 3 5 1 0 0 0 3 0 2 3 1 0 67 2 0 63 0 2 0 0 2 0 3 1 3 2 0 3 0 3 0 0 3 0 0 2 0 0 0 53 0 3 3 1 0 1 0 0 0 0 28 26 16 0 0 0 3 28 53 0 0 0 30 12 0 0 0 0 0 0 0 0 0 0 0 0 0 0 0 3 0 14 0 0 0 1 13 0 0 1 0 0 0 0 0 0 0 2 2 0 0 0 0 0 0 0 0 0 0 0 0 0 0 0 0 20 2 0 3 0 0 0 0 0 2 0 0 0 0 0 1 29 26 0 5 0 6 3 18 0 0 0 0 10 10 0 0 0 0 0 0 0 0 0 0 0 0 0 0 15 0 0 0 0 2 28 0 0 0 0 0 2 0 0 0 0 0 0 0 0 0 0 0 0 0 0 2 0 0 2 0 0 0 0 0 0 0 0 0 0 0 0 2 0 0 0 1 0 22 0 0 0 1 65 1 0 14 6 3 23 0 1 0 0 0 0 0 0 0 71 0 0 0 0 0 0 0 0 0 0 8 0 15 10 11 0 0 0 0 0 0 0 0 0 0 0 0 
 137 236 24 388 358 55 20 103 251 64 626 0 24 36 33 23 58 69 15 183 4 0 0 2 3 0 0 0 3 0 3 0 0 3 5 0 1 0 0 21 0 0 2 0 0 0 2 0 0 1 0 0 0 0 2 0 0 4 2 63 3 0 2 0 0 0 0 0 2 0 0 0 0 0 0 3 0 0 0 0 0 0 0 12 50 17 0 0 0 0 16 34 0 0 0 1 0 1 0 0 0 0 0 0 0 0 1 0 0 0 0 0 0 0 0 0 0 0 25 45 0 0 0 0 0 0 0 0 0 0 0 0 0 0 0 0 0 14 0 0 0 0 0 0 0 0 0 0 0 0 0 0 0 0 0 0 0 0 0 0 0 0 0 0 38 11 0 3 0 12 9 12 0 0 0 28 0 7 0 0 0 0 0 10 0 14 0 0 0 0 0 0 23 0 0 0 0 0 48 2 0 0 0 0 0 0 0 0 0 0 0 0 0 0 0 0 15 0 0 0 24 0 0 0 0 0 0 0 0 0 0 0 0 0 0 0 0 0 0 0 0 23 0 0 0 0 193 0 6 171 2 6 0 0 1 0 0 0 0 0 0 0 13 0 0 0 0 0 0 0 0 0 0 0 0 0 0 9 0 0 0 0 0 0 0 0 0 0 0 0 
 52 56 135 258 85 45 339 119 112 120 30 24 0 87 33 41 27 34 459 210 2 0 0 2 3 0 0 2 3 0 3 1 0 5 3 2 0 0 0 3 0 0 0 0 0 0 2 0 0 0 0 0 0 0 0 0 0 2 2 0 3 0 0 0 0 0 0 0 2 0 0 0 0 0 0 3 0 0 0 0 33 0 0 0 0 0 34 33 2 0 0 0 23 45 24 0 1 0 0 26 0 0 0 0 0 0 0 18 0 0 0 0 0 0 0 0 0 0 0 0 0 0 0 0 0 0 0 0 0 0 0 0 0 0 2 0 0 0 0 0 0 0 0 0 0 2 0 23 7 0 0 0 0 5 0 0 0 0 0 0 44 6 1 0 0 0 32 1 0 0 0 0 34 33 16 16 0 0 23 40 0 0 0 0 0 0 0 0 0 0 0 0 0 0 1 0 0 0 0 0 0 0 0 0 0 0 0 0 0 0 0 0 0 0 0 0 0 0 0 0 0 0 0 0 0 0 0 0 0 0 0 0 0 0 0 0 0 0 0 0 0 0 0 0 0 2 1 0 0 0 0 7 0 0 0 0 0 0 0 0 0 0 0 0 0 0 0 0 0 0 2 0 0 0 0 0 0 0 0 0 0 0 0 0 0 0 0 31 0 0 
 142 56 56 79 87 65 300 385 100 92 28 36 87 0 867 38 267 229 408 421 2 0 74 2 6 0 0 1 3 1 3 0 0 3 3 2 1 0 0 3 0 1 0 0 0 0 2 0 3 0 0 0 0 0 0 0 0 2 2 0 3 0 0 0 0 0 0 0 2 0 0 0 0 0 0 3 0 0 0 0 26 9 0 0 0 0 0 54 70 17 0 0 0 10 32 4 28 0 0 12 0 0 0 0 0 0 0 0 0 0 0 0 0 0 0 0 0 0 0 0 0 0 0 0 0 0 0 0 0 10 0 0 0 0 0 0 0 0 0 0 0 0 0 0 0 17 0 0 0 0 0 0 0 0 0 0 0 0 0 0 69 11 16 0 0 0 0 37 37 0 4 0 0 27 33 43 14 40 0 0 0 0 0 0 0 0 0 0 0 0 0 0 0 0 0 0 0 0 0 0 15 0 0 0 0 0 0 0 0 0 0 0 0 0 0 0 15 0 0 0 0 0 0 0 0 0 0 0 0 0 0 0 0 0 0 0 0 0 1 0 0 0 0 0 0 0 0 2 0 0 0 8 0 0 0 0 0 0 0 0 0 0 0 0 0 0 0 0 0 0 0 0 0 0 0 0 0 0 0 0 0 0 0 0 0 0 0 0 0 0 
 527 315 72 128 86 290 41 175 199 106 170 33 33 867 0 193 83 50 301 118 4 0 6 2 2 0 0 0 6 1 208 0 0 3 5 1 3 0 1 3 0 2 0 4 0 0 2 0 0 0 0 0 0 0 0 0 64 2 2 0 3 0 2 0 0 5 0 3 6 0 0 0 0 0 0 3 0 0 0 0 29 41 26 0 0 2 0 21 44 37 13 1 0 33 33 17 35 7 0 15 0 0 0 0 0 0 15 0 0 0 0 0 1 0 0 0 0 0 0 0 0 0 0 0 0 0 0 0 0 0 1 1 0 0 0 0 18 0 0 0 0 0 0 0 0 0 0 0 0 0 0 0 0 0 0 0 0 1 0 0 0 68 34 0 0 0 1 76 37 2 21 0 0 16 28 19 19 24 0 0 0 0 0 0 0 0 0 0 15 0 0 0 0 0 0 0 0 1 0 0 0 0 0 0 0 0 0 0 0 0 0 0 0 21 0 0 0 0 0 1 0 0 1 0 0 0 0 0 2 0 0 0 0 0 0 1 1 0 15 2 0 0 0 0 0 0 2 0 2 1 0 16 0 0 1 0 0 0 0 0 0 0 0 0 0 0 0 0 0 0 0 0 0 9 0 10 0 0 0 0 0 0 0 0 0 0 0 0 0 1 
 35 322 194 42 62 68 22 42 516 350 50 23 41 38 193 0 280 322 43 186 2 1 0 3 3 0 0 0 3 0 5 0 0 4 3 1 0 0 0 3 0 2 0 2 0 0 2 0 0 0 0 0 0 0 0 0 0 2 2 65 3 0 0 0 0 25 0 0 2 0 0 0 0 0 0 3 0 0 29 0 0 48 29 30 1 0 0 0 24 59 32 16 0 0 0 34 34 21 0 0 0 0 0 0 0 0 10 0 0 0 0 0 0 0 0 0 0 0 0 0 0 0 0 9 0 0 0 0 0 0 0 3 0 0 0 0 0 0 0 0 0 0 0 0 0 0 0 0 0 0 0 0 15 0 0 0 0 0 0 0 0 70 20 55 1 0 0 1 22 26 20 50 0 0 0 10 17 36 0 0 0 0 0 0 0 0 0 0 0 0 0 0 0 0 0 0 0 0 0 0 0 0 0 0 0 0 0 22 0 0 0 0 0 0 0 0 0 0 0 0 0 0 0 0 0 0 0 0 0 0 0 0 0 0 0 0 0 0 0 0 0 0 0 0 0 0 3 0 1 4 0 3 0 17 0 0 0 0 0 1 0 0 0 0 0 0 0 0 0 0 0 0 0 0 0 10 10 0 0 0 0 0 0 0 0 0 0 0 0 0 
 293 514 200 47 141 278 103 41 172 415 112 58 27 267 83 280 0 640 45 301 2 0 0 4 3 0 0 0 3 0 3 0 0 3 3 15 0 0 0 3 0 2 0 0 0 66 2 0 0 0 0 63 0 0 0 0 0 2 2 0 3 0 1 0 0 0 0 0 2 0 0 0 1 0 0 3 0 0 0 0 0 18 45 36 8 0 0 0 10 43 27 10 0 1 0 36 18 46 0 0 0 0 0 0 0 1 0 0 0 0 1 0 0 0 0 0 0 14 0 0 0 0 0 0 0 0 0 0 0 0 0 0 0 0 0 0 0 0 0 0 0 0 0 0 0 0 0 0 0 0 0 0 0 0 0 0 0 0 13 0 0 19 47 34 3 1 0 2 23 26 24 29 0 1 0 11 17 15 0 0 0 0 0 1 0 0 0 0 0 0 0 0 0 0 0 2 2 0 1 0 0 0 0 0 0 0 0 0 2 0 0 2 0 0 0 0 15 0 1 0 0 0 0 0 0 0 0 0 0 11 0 0 0 0 0 0 0 0 0 0 0 0 0 0 0 1 0 1 0 1 1 88 16 0 0 0 0 0 0 0 0 0 0 2 0 0 0 0 0 0 0 0 0 0 0 23 10 0 0 0 0 0 0 0 0 0 0 0 0 0 
 242 66 554 432 45 72 51 52 316 70 412 69 34 229 50 322 640 0 239 139 2 0 0 3 3 2 5 6 3 0 3 6 6 5 3 1 0 0 4 3 0 0 3 1 0 0 2 4 0 4 0 0 4 6 0 0 0 2 2 1 3 0 36 0 0 0 0 0 2 0 0 0 0 0 4 3 0 0 0 0 0 1 12 44 58 0 0 0 0 14 36 19 0 0 0 22 7 27 0 0 0 0 0 0 0 0 0 0 0 0 0 0 0 0 0 0 0 0 0 0 0 0 0 0 0 0 0 2 0 8 0 0 0 0 0 0 0 0 0 0 0 0 0 0 0 0 0 2 0 0 0 0 0 0 0 0 0 0 11 0 2 24 0 40 1 0 0 15 15 35 16 70 0 0 0 25 36 43 0 0 0 0 0 0 0 0 0 0 0 0 0 0 1 0 0 0 0 0 22 0 0 0 0 18 22 0 0 0 0 0 0 0 0 0 0 0 0 0 0 0 0 0 0 0 0 0 0 0 0 0 0 0 0 0 0 0 0 0 0 0 0 0 0 0 0 4 173 0 3 173 0 8 14 0 0 0 0 0 0 0 0 0 13 0 0 0 0 0 0 2 0 0 0 0 0 17 12 4 0 0 0 0 0 0 0 1 0 0 0 0 
 56 57 28 161 115 49 66 367 318 86 178 15 459 408 301 43 45 239 0 295 6 0 1 2 2 0 0 0 3 0 3 2 0 3 3 1 2 0 0 3 0 3 0 1 0 0 2 0 0 0 0 0 0 0 0 0 0 2 2 0 3 0 3 0 0 0 3 0 5 0 0 0 0 52 0 3 0 0 0 0 22 0 0 0 0 0 77 21 0 0 0 0 58 60 16 0 0 0 18 60 0 0 0 0 0 6 0 0 0 0 0 0 0 0 0 0 0 0 0 0 0 9 0 0 0 0 0 0 0 0 0 0 5 2 0 1 0 0 0 0 0 0 0 0 0 15 0 0 0 0 0 0 0 6 0 1 0 0 0 1 31 0 0 0 0 0 45 0 0 0 2 0 31 12 0 0 0 0 46 53 0 2 0 0 0 0 0 0 0 0 0 0 0 0 0 0 0 0 0 0 0 0 0 0 0 0 0 0 0 0 0 0 0 0 14 0 0 0 0 0 0 0 0 0 0 0 0 0 1 6 0 0 0 0 0 0 2 0 0 0 0 0 0 0 0 0 2 2 2 0 0 8 0 0 0 0 0 0 0 0 0 0 0 0 0 0 0 0 0 0 0 0 0 0 0 0 0 0 0 0 0 0 0 0 0 0 0 0 0 0 
 128 47 128 64 339 59 366 81 169 199 78 183 210 421 118 186 301 139 295 0 2 0 0 2 2 2 0 0 3 1 3 0 0 3 3 2 0 0 0 5 0 0 0 2 0 0 33 0 0 0 0 0 0 0 0 0 2 2 2 0 3 0 39 0 0 0 0 0 2 0 0 1 2 0 0 3 0 0 0 0 60 0 14 22 0 0 43 46 0 0 12 0 27 22 61 26 9 5 6 47 0 18 0 0 0 0 0 0 7 0 0 0 0 0 0 0 0 0 0 0 0 17 0 0 0 0 0 0 0 0 0 0 0 0 1 0 0 12 0 0 0 0 0 0 0 0 0 0 0 0 0 0 0 0 0 0 0 0 0 0 52 0 13 13 0 0 23 0 0 11 14 8 26 12 10 0 0 0 5 27 0 0 0 0 0 0 0 27 0 0 0 0 0 0 0 0 0 0 0 0 0 0 0 0 0 0 0 0 0 0 0 0 0 0 0 0 0 0 0 0 0 0 0 0 0 0 0 0 0 0 0 0 0 0 0 0 0 0 0 0 0 0 0 0 0 1 3 2 2 3 1 10 12 0 0 0 0 0 0 0 0 0 0 0 0 0 0 0 0 0 0 0 0 0 0 22 0 0 0 0 0 0 0 0 0 0 0 0 0 0 
 2 2 2 7 2 2 2 2 2 2 4 4 2 2 4 2 2 2 6 2 0 150 310 377 56 50 372 386 259 40 275 26 47 232 599 49 49 43 70 364 0 3 0 0 3 0 0 0 205 4 0 0 0 0 0 0 2 0 0 0 0 2 4 50 0 0 1 2 6 0 0 0 0 2 0 0 0 3 0 5 0 0 0 0 0 0 0 0 0 0 0 0 0 0 0 0 0 0 0 0 57 31 40 0 0 0 14 16 37 29 22 0 0 58 92 39 16 24 0 0 1 0 0 0 0 0 0 0 0 0 0 0 0 0 0 0 0 0 0 0 0 0 0 0 0 0 0 0 2 0 0 2 0 0 0 22 0 0 0 0 0 0 8 0 6 0 0 12 0 0 0 0 0 0 0 0 0 0 0 2 58 21 31 1 0 0 22 41 12 0 18 2 10 32 16 46 49 1 0 14 0 0 0 0 0 0 0 0 0 0 0 0 0 0 0 0 0 0 0 0 0 0 2 0 0 1 0 0 0 0 0 0 0 0 0 0 0 0 0 0 0 0 0 0 0 0 0 0 0 0 0 0 0 0 11 0 2 0 0 0 1 5 0 0 0 0 1 0 0 0 0 0 0 0 0 0 0 0 0 0 0 0 0 0 0 0 0 0 0 0 
 0 0 0 0 0 4 0 2 0 0 2 0 0 0 0 1 0 0 0 0 150 0 569 69 33 170 54 425 343 57 30 254 34 73 373 503 272 53 251 44 0 4 3 2 3 1 2 2 2 4 2 4 1 0 2 2 2 21 2 2 2 0 0 3 0 0 3 2 0 0 0 0 0 2 1 0 0 1 0 3 0 0 0 0 0 0 0 0 0 0 0 0 0 0 0 0 1 0 0 0 3 0 61 16 0 2 0 27 44 63 61 0 1 0 13 37 41 50 0 2 24 0 0 0 0 1 0 0 0 0 0 0 0 0 0 0 0 0 0 0 0 0 0 0 0 0 0 0 0 0 0 0 0 0 9 0 2 2 0 0 9 1 0 0 0 0 0 0 0 0 2 0 0 0 0 0 0 0 0 0 0 6 18 35 0 0 0 12 28 60 42 44 0 0 6 10 26 57 1 0 0 0 0 0 0 0 0 0 0 0 0 0 0 0 0 0 0 0 0 0 0 0 0 0 0 0 13 0 0 2 0 0 0 0 0 0 0 0 0 0 0 0 0 0 0 2 0 0 0 2 0 0 0 0 11 0 1 0 0 0 1 15 0 0 0 0 6 0 0 22 0 2 0 0 0 0 0 9 0 0 0 3 0 0 0 0 16 0 0 0 
 0 1 0 0 0 0 0 0 0 0 1 0 0 74 6 0 0 0 1 0 310 569 0 166 34 23 40 98 271 538 118 41 43 271 53 404 250 320 38 39 0 4 0 0 3 0 0 0 0 0 0 62 0 0 0 61 2 0 0 0 0 0 0 3 0 0 0 2 0 0 0 0 0 2 0 0 1 2 0 0 10 0 0 0 0 0 0 0 0 0 0 0 11 0 19 0 0 0 0 0 0 1 20 68 16 0 0 13 8 20 23 15 7 0 0 14 40 32 0 0 0 0 0 0 0 0 0 0 0 0 0 0 0 0 0 0 0 0 0 0 0 0 0 0 0 0 0 0 0 0 0 0 0 0 0 0 3 3 0 0 0 18 0 0 0 0 0 0 0 0 5 0 0 0 0 0 0 0 0 0 1 0 23 48 7 10 1 1 29 46 63 83 1 0 0 0 12 36 0 0 0 0 0 0 0 0 0 0 0 0 0 0 0 0 0 0 0 0 0 0 0 0 0 0 0 0 11 0 0 0 0 0 0 0 0 0 0 0 0 0 0 0 0 0 0 0 0 0 0 0 0 0 0 0 7 0 2 6 77 0 7 14 0 0 0 0 12 0 0 0 0 0 0 0 0 0 0 0 0 0 0 19 0 0 0 0 12 0 0 0 
 2 2 2 3 2 2 3 2 2 2 2 2 2 2 2 3 4 3 2 2 377 69 166 0 315 43 84 157 302 386 293 413 41 301 296 253 142 364 103 287 0 5 0 0 3 0 0 0 0 0 0 0 0 0 0 0 2 2 0 2 0 0 7 3 0 0 0 2 5 0 0 0 0 2 32 0 0 2 0 0 0 0 1 0 0 0 0 0 0 0 0 0 0 0 0 0 0 0 0 0 0 0 0 32 62 25 0 0 1 0 7 50 12 0 0 1 1 0 0 0 0 2 0 0 3 0 0 5 0 7 0 1 8 0 0 0 0 0 3 0 0 0 0 0 0 0 0 0 0 0 14 0 0 0 0 0 57 5 0 0 0 7 0 0 0 0 0 0 0 0 24 0 0 0 0 0 0 0 0 0 0 0 16 24 61 9 0 0 8 0 8 12 0 0 2 0 13 5 0 0 0 0 0 0 0 0 0 0 0 0 0 0 0 0 1 8 0 0 17 2 0 0 0 0 0 0 0 0 0 0 0 0 0 0 0 0 0 0 0 18 0 0 12 0 0 0 1 0 0 0 0 0 0 0 11 0 0 114 92 2 14 0 0 0 0 0 0 0 0 0 0 0 0 0 0 0 0 0 0 0 0 10 0 0 0 0 0 0 0 0 
 3 3 5 5 81 2 2 3 3 2 2 3 3 6 2 3 3 3 2 2 56 33 34 315 0 408 44 69 298 62 330 424 77 64 307 83 269 56 84 84 0 5 0 0 4 0 0 2 0 0 8 0 0 0 0 2 2 0 0 0 0 0 3 3 0 0 0 2 6 0 0 46 0 2 6 0 0 2 0 6 0 0 0 0 0 0 0 0 0 0 0 0 0 0 2 0 0 0 0 0 0 0 0 0 30 25 0 0 0 0 13 32 0 0 0 0 0 0 0 0 30 0 0 1 0 0 0 0 0 10 0 0 29 23 0 0 0 0 57 24 0 0 0 0 0 0 0 2 0 0 5 0 0 0 0 0 1 1 0 1 0 0 0 0 0 0 0 0 0 21 0 0 0 0 0 0 0 0 0 0 0 1 0 0 32 33 0 0 0 0 1 0 0 0 0 0 2 0 0 0 24 0 0 2 0 0 12 1 0 0 0 0 74 15 0 0 0 0 45 2 0 0 0 21 0 0 0 0 0 0 0 0 0 0 0 0 0 0 0 0 0 0 0 0 0 0 0 0 0 0 0 1 0 0 11 2 1 2 2 6 3 2 0 0 0 0 0 0 0 0 0 0 0 0 0 0 0 0 0 0 0 1 0 0 0 0 0 0 0 0 
 0 0 0 5 84 0 0 0 2 0 0 0 0 0 0 0 0 2 0 2 50 170 23 43 408 0 60 33 47 56 354 145 39 55 81 68 54 57 60 69 0 4 1 0 3 0 1 7 0 4 0 0 5 0 0 0 4 0 189 0 1 0 0 3 0 1 0 2 0 0 0 0 0 2 0 0 0 2 0 2 0 1 0 0 0 0 0 0 0 0 7 0 0 0 0 0 0 0 0 0 0 0 0 0 23 57 0 1 0 0 0 0 0 0 0 2 0 0 0 0 43 0 0 1 0 0 41 0 0 22 0 0 28 8 2 0 2 0 50 46 0 0 0 0 0 0 0 2 0 0 1 0 0 0 0 0 0 0 1 0 0 0 0 0 0 0 1 0 0 0 0 0 0 0 0 0 7 0 7 0 0 1 0 0 0 47 0 0 0 0 0 0 0 0 0 0 0 0 0 0 25 0 0 2 0 0 21 22 14 0 22 0 46 36 1 0 0 0 15 40 0 0 0 0 0 0 0 0 0 6 0 0 2 0 2 0 0 0 0 0 0 0 0 0 0 0 0 0 0 0 0 38 0 0 18 4 4 0 5 1 4 1 0 0 0 0 0 0 0 0 0 0 0 0 0 0 0 0 0 0 0 0 0 0 0 0 0 0 0 0 
 0 0 0 0 0 1 0 0 0 0 0 0 0 0 0 0 0 5 0 0 372 54 40 84 44 60 0 285 45 42 43 47 402 353 129 33 32 43 35 319 0 6 203 6 3 0 2 0 0 4 0 0 0 0 0 0 6 7 3 0 2 2 0 3 0 0 0 52 0 0 4 0 0 2 0 0 0 2 0 0 0 0 0 0 0 0 0 0 0 0 0 0 12 0 0 0 0 0 0 0 45 52 4 1 0 0 1 15 58 5 0 0 22 34 25 23 0 6 0 0 0 0 0 0 0 0 0 0 0 0 0 0 0 1 0 0 0 0 0 0 0 0 0 0 0 0 0 0 0 0 0 3 0 0 0 0 0 0 0 0 0 19 0 0 8 0 0 0 0 0 0 0 0 0 0 0 0 0 0 0 38 67 15 0 7 0 35 37 16 1 1 1 15 29 66 33 8 1 8 18 0 0 2 0 0 0 0 0 0 0 0 0 0 0 0 0 0 0 0 0 1 0 0 2 0 0 0 0 0 0 0 0 0 0 0 0 0 0 0 13 0 0 0 0 0 0 0 1 0 0 0 0 0 0 7 0 0 1 0 2 2 0 0 0 0 0 2 0 0 0 0 0 0 0 1 0 0 0 0 0 0 0 0 0 0 0 0 0 0 0 
 0 0 0 0 0 0 0 1 6 9 3 0 2 1 0 0 0 6 0 0 386 425 98 157 69 33 285 0 58 40 49 25 103 392 215 39 42 23 65 28 5 8 0 0 3 0 0 0 0 4 1 2 0 0 0 0 2 0 0 0 2 2 0 5 0 0 0 4 2 0 0 2 0 2 2 2 1 1 3 0 0 0 0 0 0 0 0 0 0 0 0 0 0 0 0 0 0 0 0 0 42 10 77 27 0 0 0 19 54 61 18 1 0 0 30 61 30 24 0 0 0 0 0 0 0 0 0 0 0 0 0 0 0 1 0 2 0 0 0 0 0 0 14 0 0 0 0 0 0 0 13 0 0 0 0 0 0 0 0 0 0 0 0 0 0 0 0 0 0 0 0 0 0 0 0 0 0 0 0 0 24 27 26 25 0 0 1 25 40 24 25 2 1 13 9 13 15 35 0 0 0 0 0 0 0 0 0 0 0 0 0 0 0 0 0 1 17 1 2 0 1 0 0 2 0 0 1 0 0 0 0 0 3 0 0 0 0 0 0 0 0 0 0 0 0 0 0 0 0 0 0 0 0 0 20 0 4 0 0 2 0 30 0 0 0 0 23 0 0 0 0 0 0 0 0 0 0 0 0 0 0 10 0 0 0 0 0 0 0 0 
 3 3 3 7 6 4 3 3 3 5 3 3 3 3 6 3 3 3 3 3 259 343 271 302 298 47 45 58 0 401 248 22 99 100 101 119 196 346 117 70 0 5 0 18 3 0 0 0 0 55 0 0 0 0 0 0 2 0 0 0 2 0 0 3 0 0 0 2 0 0 0 0 0 2 0 0 0 1 0 0 0 0 0 0 0 0 0 0 0 0 0 0 0 0 0 0 0 0 0 0 0 22 32 111 11 1 0 10 17 13 16 29 0 0 0 20 51 52 0 14 0 0 0 0 0 0 0 0 0 0 0 0 0 0 0 0 0 0 0 0 0 0 0 0 0 0 0 0 0 0 0 0 0 0 0 0 9 6 0 0 0 5 0 0 0 0 0 3 0 0 9 0 0 0 0 0 0 0 0 0 0 0 34 68 0 0 0 0 39 48 63 53 0 0 0 0 16 39 0 0 0 0 10 0 0 0 0 0 0 0 0 0 1 0 0 0 0 0 2 0 0 0 0 0 0 0 1 0 0 0 0 0 0 0 0 0 0 0 0 0 0 0 0 0 0 0 0 0 0 0 0 0 0 0 17 0 0 3 2 1 29 16 0 0 0 0 19 0 0 0 0 0 0 0 0 0 0 0 0 0 0 18 0 0 0 0 5 0 0 0 
 0 207 0 1 1 0 203 0 0 0 0 0 0 1 1 0 0 0 0 1 40 57 538 386 62 56 42 40 401 0 377 56 50 82 107 325 301 82 92 309 0 7 0 0 3 2 0 2 0 0 0 141 0 2 0 3 2 3 2 3 1 0 7 3 0 1 2 2 0 0 0 0 0 2 1 0 0 2 0 0 0 0 0 0 0 0 0 0 0 0 0 0 0 1 0 0 0 0 0 0 0 0 3 24 13 11 0 0 26 14 8 49 0 0 0 1 24 23 0 0 0 0 0 0 0 0 0 0 0 0 0 0 1 0 0 0 0 0 0 0 0 0 0 0 0 0 0 0 0 0 0 0 1 0 0 0 18 21 0 0 0 6 0 0 1 0 0 0 0 0 4 0 0 0 0 0 0 0 0 0 0 1 27 44 21 20 0 0 12 62 47 48 0 0 0 0 15 29 0 0 0 0 0 0 0 1 0 0 0 9 0 0 1 0 0 0 0 0 0 0 0 0 0 9 0 2 14 0 0 0 0 0 0 0 0 0 0 1 1 0 0 0 9 0 0 0 0 0 0 0 0 0 0 0 12 1 0 151 152 0 21 0 0 0 0 2 4 0 0 0 0 0 0 0 0 0 0 0 0 0 0 2 0 0 0 0 7 0 0 0 
 3 3 3 8 3 5 5 3 3 3 3 3 3 3 208 5 3 3 3 3 275 30 118 293 330 354 43 49 248 377 0 373 24 252 64 80 148 572 274 275 0 5 0 0 3 0 0 1 0 0 0 2 0 0 0 0 2 0 1 0 0 1 5 3 0 0 0 2 4 0 0 0 0 2 23 0 0 3 36 0 0 0 0 0 0 0 0 14 0 0 0 0 0 0 0 0 0 0 0 0 0 0 0 28 60 23 0 0 0 0 8 50 0 0 0 0 5 0 0 0 0 0 0 0 0 0 0 0 0 9 0 0 9 0 0 0 0 0 0 8 0 0 0 0 0 0 0 0 0 0 6 0 0 0 0 0 5 9 0 0 0 7 0 0 0 0 0 0 21 0 4 0 0 0 0 0 0 0 0 18 0 0 10 36 39 23 0 0 0 54 11 14 0 0 0 0 11 0 0 0 0 0 0 0 0 0 1 0 0 0 0 0 1 0 0 0 0 0 17 1 0 0 0 0 0 0 1 0 0 0 0 0 0 0 0 0 0 0 0 0 0 0 5 0 0 0 0 0 0 0 0 0 0 0 10 5 0 23 7 3 19 1 0 0 0 0 0 0 0 0 0 0 0 0 0 0 0 0 0 0 0 12 0 0 11 0 3 0 0 0 
 0 0 0 35 0 0 1 0 1 0 0 0 1 0 0 0 0 6 2 0 26 254 41 413 424 145 47 25 22 56 373 0 29 51 41 39 67 135 255 108 0 4 0 0 3 0 0 0 0 0 0 30 0 0 0 0 2 0 0 7 0 0 4 3 0 1 0 2 2 0 0 50 0 2 6 0 0 3 0 2 0 2 0 0 0 0 0 0 0 2 0 0 0 0 1 0 0 0 0 0 0 0 0 0 23 49 0 2 0 0 8 47 0 0 0 0 0 0 0 0 0 0 0 2 0 0 0 0 0 9 0 0 18 0 0 0 0 0 41 51 0 0 0 0 0 0 0 4 1 0 2 0 0 0 3 0 0 2 0 0 0 23 0 0 0 0 2 0 0 15 0 0 0 0 0 0 0 0 1 0 0 2 0 0 89 24 0 0 0 0 10 0 0 0 0 0 0 0 0 0 1 0 0 1 0 0 0 0 0 0 0 0 13 0 0 0 0 0 20 0 0 0 0 0 0 0 0 0 0 0 0 0 9 27 0 0 0 0 0 0 0 0 18 0 0 0 0 0 0 0 0 0 0 0 18 0 3 155 155 0 2 2 0 0 0 4 0 0 0 0 0 0 1 0 0 0 0 0 0 0 0 7 0 0 0 0 0 0 0 0 
 0 0 0 3 2 0 0 0 0 0 1 0 0 0 0 0 0 6 0 0 47 34 43 41 77 39 402 103 99 50 24 29 0 91 30 30 35 96 426 453 0 3 0 0 3 16 0 0 0 0 0 0 0 32 200 12 2 0 0 0 2 0 0 3 0 0 0 2 0 0 0 0 0 2 0 0 0 1 0 0 0 0 0 0 0 1 0 0 0 0 0 0 0 0 0 0 0 0 0 0 19 38 0 0 0 0 47 22 7 1 0 0 33 68 20 1 1 0 45 0 0 0 0 0 0 0 0 0 0 0 0 0 0 0 0 0 0 0 7 0 0 0 0 0 0 0 0 0 0 0 0 3 0 0 0 0 0 0 0 0 0 0 0 0 34 12 0 0 0 0 0 0 0 0 0 0 0 0 0 0 22 19 0 0 0 0 62 20 0 0 0 0 10 39 35 40 10 0 32 28 0 0 0 0 0 0 0 0 0 0 0 0 0 0 0 0 7 0 0 0 0 0 0 0 0 0 0 0 0 0 0 0 0 0 0 0 0 4 0 0 0 0 0 0 0 0 0 0 0 0 0 0 0 0 9 0 2 0 0 1 0 0 0 0 0 0 1 0 0 0 0 0 0 0 0 0 0 0 0 0 0 0 0 0 0 0 0 0 0 0 
 3 3 3 3 3 3 3 3 3 3 3 3 5 3 3 4 3 5 3 3 232 73 271 301 64 55 353 392 100 82 252 51 91 0 659 244 40 250 124 157 0 3 0 0 4 0 1 0 0 8 0 0 0 1 0 0 2 0 0 0 0 0 0 3 0 0 0 2 0 0 0 0 49 2 0 0 0 3 0 0 0 0 0 0 0 0 0 0 0 0 0 0 0 0 0 0 19 0 0 0 43 52 21 0 0 0 9 11 37 43 11 0 0 37 93 26 12 11 0 0 0 0 0 0 20 0 0 0 0 0 1 0 0 1 0 2 0 0 0 0 0 0 0 0 0 0 0 0 0 0 0 0 0 0 0 0 0 0 0 0 0 0 0 0 2 0 0 0 0 0 0 0 0 0 0 0 0 0 0 0 35 24 13 1 0 0 16 40 2 0 0 0 10 23 22 41 30 8 0 18 0 0 2 0 12 0 0 0 0 0 0 0 0 1 0 0 0 0 0 0 1 0 0 2 0 0 0 0 0 0 0 0 0 0 0 0 0 0 0 0 0 0 0 0 0 0 0 0 0 0 0 0 0 0 10 0 0 0 2 2 0 1 9 0 0 0 0 0 0 0 0 0 0 0 0 0 0 0 0 0 0 0 0 0 0 0 0 0 0 0 
 4 3 3 3 3 3 3 3 5 3 5 5 3 3 5 3 3 3 3 3 599 373 53 296 307 81 129 215 101 107 64 41 30 659 0 114 262 51 79 85 0 5 0 0 3 0 0 0 0 4 0 0 0 0 0 0 3 0 0 0 0 0 4 3 0 1 0 2 5 0 0 1 0 2 0 0 0 4 0 0 0 0 0 0 0 0 0 0 0 0 0 0 0 0 0 0 0 0 23 0 43 26 46 37 0 0 2 23 45 22 46 1 0 0 24 66 28 35 1 0 0 0 0 0 0 0 0 0 0 0 0 0 0 0 0 0 0 0 0 0 0 0 0 0 0 0 0 0 2 0 0 0 0 0 0 0 0 0 0 0 0 1 0 0 2 0 0 0 0 0 10 0 0 0 0 0 0 0 0 2 20 22 41 18 0 0 1 39 38 38 14 6 0 13 10 2 43 21 0 0 0 0 0 0 0 0 0 0 0 0 0 0 0 0 0 0 0 0 0 0 0 0 2 0 0 0 0 0 0 0 0 0 0 0 0 2 0 0 0 0 0 0 0 0 0 0 0 0 1 0 0 1 0 0 2 0 0 0 0 5 3 18 0 0 0 0 22 0 0 0 0 0 0 0 57 0 0 0 0 0 0 10 0 0 0 0 0 0 0 0 
 76 5 1 0 0 2 0 1 2 1 1 0 2 2 1 1 15 1 1 2 49 503 404 253 83 68 33 39 119 325 80 39 30 244 114 0 190 282 45 65 0 5 0 0 3 0 0 0 0 0 0 0 0 0 0 0 2 2 7 0 0 0 0 3 0 0 0 2 0 0 0 0 0 4 0 0 0 3 49 0 0 0 0 0 0 0 0 0 0 0 0 0 0 0 9 0 0 0 0 0 0 0 10 50 9 1 0 10 0 42 10 27 10 0 0 18 33 29 0 0 0 0 0 0 0 0 0 0 0 0 0 0 0 0 0 0 0 0 0 0 0 0 0 0 0 0 0 0 0 0 0 0 0 0 0 0 4 12 28 0 1 4 0 0 0 5 0 0 0 0 8 0 0 0 0 0 0 0 0 0 0 0 30 34 1 0 0 1 21 42 57 39 0 0 0 1 10 22 0 0 0 0 0 0 0 0 0 0 0 0 0 0 1 0 0 0 0 0 1 0 13 0 0 0 2 0 0 0 0 10 0 0 0 2 0 0 0 0 0 0 0 0 0 0 0 0 0 0 0 0 0 0 0 0 8 0 0 2 1 0 19 12 0 0 0 0 19 0 0 0 0 0 0 0 0 0 0 0 0 0 0 28 0 0 0 0 5 0 0 0 
 23 0 0 1 3 0 0 1 0 0 0 1 0 1 3 0 0 0 2 0 49 272 250 142 269 54 32 42 196 301 148 67 35 40 262 190 0 297 54 68 0 5 0 0 3 0 0 0 0 0 2 0 0 0 0 0 2 1 0 0 1 0 0 3 0 0 0 2 0 0 0 0 0 2 0 0 0 2 0 0 0 0 0 0 0 0 0 0 0 2 0 0 0 0 0 0 0 0 0 16 0 0 34 58 14 16 0 24 18 32 21 27 0 0 0 0 36 30 0 0 0 0 0 2 0 0 0 0 0 0 0 0 1 0 0 0 0 0 0 0 0 0 0 0 0 0 0 0 0 0 0 0 0 0 0 0 23 8 0 0 0 5 0 0 0 0 2 0 0 0 9 0 0 0 0 0 0 0 1 0 0 2 44 64 1 0 0 0 21 31 50 45 0 0 0 0 10 35 0 0 0 0 0 1 0 0 0 0 0 0 0 0 1 0 0 0 0 0 1 0 0 0 0 0 0 0 3 0 0 0 0 0 1 0 0 0 0 0 0 0 0 0 0 0 0 1 0 0 0 0 0 0 0 0 9 0 0 76 0 0 28 0 0 0 0 0 12 0 0 0 0 0 0 0 0 1 0 0 0 0 0 11 0 0 0 0 38 0 0 0 
 0 0 0 60 0 0 0 74 2 1 0 0 0 0 0 0 0 0 0 0 43 53 320 364 56 57 43 23 346 82 572 135 96 250 51 282 297 0 36 107 0 4 27 0 3 0 2 0 0 3 0 1 0 2 0 0 2 28 0 0 3 3 27 3 44 3 0 2 3 0 0 1 2 2 3 2 2 0 0 0 0 0 0 0 0 0 0 0 0 0 0 0 0 0 0 0 0 0 0 0 0 0 0 13 12 19 0 0 18 9 12 96 0 0 0 0 49 22 0 0 0 0 0 0 0 0 0 0 0 0 0 0 2 0 0 0 0 0 0 0 0 0 0 0 0 0 0 0 0 0 8 0 0 0 0 0 4 4 0 0 0 10 0 0 0 0 8 0 0 0 15 0 0 0 0 0 0 0 0 0 0 0 19 42 26 22 0 0 23 28 26 54 0 0 0 0 11 28 0 0 0 0 0 0 0 0 0 0 0 0 0 0 1 0 0 0 0 0 3 0 0 0 0 0 0 0 10 0 0 0 0 0 0 0 0 26 0 0 0 1 0 0 17 0 0 2 0 0 0 0 0 0 0 0 5 0 2 145 167 2 17 0 0 0 0 0 0 1 0 0 0 0 0 0 0 0 0 0 0 0 0 1 0 0 0 0 9 0 0 0 
 2 0 0 3 0 307 0 1 0 0 0 0 0 0 1 0 0 4 0 0 70 251 38 103 84 60 35 65 117 92 274 255 426 124 79 45 54 36 0 465 0 5 2 0 61 0 6 2 0 0 0 0 0 0 0 0 2 4 0 0 0 0 0 3 0 0 0 4 4 0 0 1 0 2 0 0 0 2 1 0 0 0 0 0 0 10 0 0 0 0 0 0 22 0 0 0 0 0 0 0 21 25 0 0 0 0 74 59 0 20 0 0 43 8 0 3 0 0 32 0 0 0 0 0 0 0 0 0 0 0 0 0 0 0 0 0 0 14 0 0 0 0 0 0 0 0 1 0 0 0 0 7 0 0 0 0 0 0 0 0 0 0 0 0 6 11 0 0 0 0 0 0 0 0 0 0 0 0 0 0 0 23 0 0 0 0 35 3 0 2 0 0 22 17 25 16 0 0 11 37 0 0 0 0 0 0 0 7 0 0 0 0 0 0 9 1 0 0 0 0 0 0 0 0 0 6 0 0 0 0 0 0 0 0 0 1 0 0 0 0 0 0 0 0 0 0 0 0 0 0 0 0 0 2 9 1 0 0 0 2 1 0 0 0 0 0 0 0 0 0 0 0 1 0 0 0 0 0 0 0 0 0 0 0 0 0 0 0 0 0 
 3 3 3 6 3 6 3 3 3 3 3 21 3 3 3 3 3 3 3 5 364 44 39 287 84 69 319 28 70 309 275 108 453 157 85 65 68 107 465 0 1 6 0 0 6 2 3 1 3 0 2 3 0 0 0 0 8 0 0 0 2 1 0 6 0 2 0 3 4 0 0 6 0 2 0 0 2 6 0 0 0 0 0 0 0 0 0 0 0 0 0 0 22 0 0 0 0 0 0 0 50 37 0 0 0 0 43 12 20 1 1 0 34 71 40 9 0 0 20 0 0 0 0 0 0 0 0 0 0 0 0 0 0 0 0 0 0 1 0 0 3 0 0 0 0 0 0 0 0 0 2 6 2 0 0 0 0 0 0 0 0 0 0 0 3 13 0 0 0 0 0 0 0 0 0 0 0 0 0 0 42 43 16 10 0 0 29 40 12 1 1 0 18 49 45 42 7 1 10 28 0 0 0 0 0 2 0 0 0 1 0 0 0 0 12 0 0 0 0 0 0 0 0 0 0 1 0 0 0 0 0 0 0 0 0 0 0 2 2 0 0 0 0 0 0 0 0 0 0 0 0 0 0 0 7 2 0 0 0 0 2 0 0 0 0 0 0 0 0 0 0 0 0 0 0 0 0 0 0 0 0 0 0 0 0 0 0 0 0 0 
 0 0 0 0 0 0 0 0 0 0 0 0 0 0 0 0 0 0 0 0 0 0 0 0 0 0 0 5 0 0 0 0 0 0 0 0 0 0 0 1 0 296 291 74 49 35 303 272 25 20 46 52 52 143 254 32 35 246 28 175 50 6 0 2 0 0 0 2 2 0 0 0 0 4 2 2 0 0 3 0 0 0 0 0 0 0 0 0 0 0 0 0 0 0 0 0 0 0 0 0 0 0 0 0 0 0 0 9 0 0 0 0 0 9 0 0 0 0 0 0 2 24 48 5 7 1 7 18 16 6 5 19 2 11 29 40 4 4 0 14 0 0 0 0 0 0 0 0 0 0 0 6 0 0 0 17 0 0 1 0 0 0 0 0 0 44 0 0 0 0 0 0 0 0 3 0 0 0 0 0 0 0 0 0 0 0 0 0 0 0 0 0 0 0 0 2 0 0 0 0 18 24 5 2 5 0 1 6 24 9 37 7 0 0 40 21 11 37 0 1 0 0 0 0 0 0 0 0 0 0 0 0 3 0 0 0 0 0 0 0 0 0 0 0 0 0 0 0 1 0 0 4 0 2 0 0 0 0 0 2 0 0 0 0 0 0 2 0 2 0 1 0 0 0 0 0 0 0 0 0 0 0 8 0 0 0 0 0 1 0 
 1 2 2 2 2 0 1 2 2 0 2 0 0 1 2 2 2 0 3 0 3 4 4 5 5 4 6 8 5 7 5 4 3 3 5 5 5 4 5 6 296 0 255 92 260 41 93 291 245 76 35 102 61 286 232 223 398 35 84 55 0 0 0 0 0 0 0 0 0 0 0 1 0 2 0 0 1 0 0 0 0 0 0 0 0 0 0 0 0 0 0 0 0 0 0 0 0 0 0 0 0 0 0 0 0 0 0 0 0 0 0 0 0 0 0 0 0 0 0 0 0 9 13 6 0 0 1 1 16 0 19 23 0 0 0 15 6 33 0 10 0 0 0 0 0 0 0 0 0 0 0 0 1 0 0 5 0 0 0 0 0 0 7 0 0 0 0 0 0 6 0 0 6 0 19 0 0 0 0 0 0 0 0 0 0 0 15 0 20 0 0 0 0 0 0 0 0 0 0 0 0 0 0 4 9 0 0 0 0 11 18 0 0 0 0 10 2 20 0 0 0 0 0 0 0 0 0 0 0 0 0 0 0 0 0 0 0 0 0 0 0 0 7 0 0 0 0 0 0 2 0 0 0 0 0 0 0 0 2 0 0 0 1 0 2 0 0 0 0 0 1 0 0 0 0 0 0 0 0 0 0 0 0 0 0 27 0 0 0 0 
 0 0 29 0 0 0 0 0 0 0 3 2 0 0 0 0 0 3 0 0 0 3 0 0 0 1 203 0 0 0 0 0 0 0 0 0 0 27 2 0 291 255 0 150 56 24 131 117 316 522 40 33 71 46 62 137 119 232 50 247 0 0 0 3 52 0 0 0 0 0 0 0 3 0 3 0 0 0 0 0 0 0 0 0 0 0 0 0 0 0 0 0 0 0 0 0 0 0 0 0 0 0 0 0 0 0 0 0 0 0 0 9 0 0 0 0 0 0 0 0 0 0 14 4 16 0 0 0 30 41 43 36 0 0 0 0 40 31 0 0 0 0 0 0 0 0 0 0 0 0 0 0 1 0 0 3 0 0 31 0 30 0 0 0 0 1 2 0 0 0 0 0 0 0 0 0 0 5 0 0 0 0 0 0 0 0 0 4 0 11 0 0 0 0 0 0 0 0 0 0 0 0 14 24 32 0 0 0 13 48 26 14 0 0 0 2 12 6 0 0 0 0 0 0 0 0 0 0 0 0 0 0 0 0 0 0 0 16 17 0 0 0 2 0 0 1 0 0 0 0 0 2 0 1 0 0 0 0 0 2 0 0 1 1 0 21 1 1 0 0 7 0 0 0 0 0 0 0 0 0 0 3 0 0 0 4 0 0 0 0 
 0 66 0 0 3 1 1 0 0 1 1 0 0 0 4 2 0 1 1 2 0 2 0 0 0 0 6 0 18 0 0 0 0 0 0 0 0 0 0 0 74 92 150 0 89 48 106 86 79 280 174 229 60 73 66 56 44 226 84 61 3 3 0 7 0 0 0 0 0 23 0 1 0 0 0 4 0 3 0 10 0 0 0 0 0 0 0 0 0 0 0 0 0 0 0 0 0 0 0 0 0 0 0 0 0 0 0 0 0 0 0 0 0 0 0 0 0 0 0 13 0 0 0 31 38 39 0 0 0 22 12 33 0 0 0 0 0 3 0 0 0 0 0 0 0 0 0 0 4 0 0 6 11 0 4 7 0 0 16 0 1 0 0 6 0 0 0 0 0 0 0 0 0 21 0 0 0 1 0 0 0 0 0 0 22 0 0 0 0 0 0 0 0 0 0 0 0 0 0 0 0 0 0 20 42 19 0 0 3 2 14 41 0 0 0 0 0 6 0 0 26 0 0 0 0 0 15 0 15 0 0 0 3 0 0 0 0 0 29 9 0 0 0 0 0 0 0 0 0 0 0 3 0 0 0 0 0 0 0 30 0 0 35 44 0 1 0 39 2 0 0 0 0 0 0 0 0 0 0 0 0 0 4 0 8 0 0 0 0 0 
 0 3 0 3 0 0 75 0 4 0 0 0 0 0 0 0 0 0 0 0 3 3 3 3 4 3 3 3 3 3 3 3 3 4 3 3 3 3 61 6 49 260 56 89 0 247 46 51 62 99 317 226 86 88 82 75 40 37 88 53 0 0 0 2 0 0 0 2 0 8 2 0 0 1 0 4 0 0 36 0 0 0 0 0 0 0 0 0 0 0 0 0 0 0 0 0 0 0 0 0 0 0 0 0 0 0 0 0 1 0 0 0 0 0 0 0 0 0 0 0 0 9 7 1 0 29 0 0 0 0 0 0 0 0 0 1 6 1 0 0 8 0 0 0 0 0 0 0 0 0 0 0 30 1 4 5 0 0 15 7 0 0 30 3 0 0 0 0 0 0 0 0 0 0 0 0 0 0 0 0 0 0 0 0 0 0 0 0 0 0 0 0 0 0 0 0 3 0 0 0 0 4 36 5 19 47 0 0 2 6 0 7 0 1 1 2 7 15 9 0 34 0 0 0 0 0 26 0 0 0 0 0 35 0 20 0 0 0 2 18 0 0 0 0 0 0 0 0 0 0 0 4 0 0 0 0 0 0 0 0 0 26 3 1 0 5 2 1 0 0 0 0 0 0 0 0 0 0 0 0 0 0 0 0 8 0 0 0 0 0 
 0 0 0 2 0 0 0 0 61 0 67 0 0 0 0 0 66 0 0 0 0 1 0 0 0 0 0 0 0 2 0 0 16 0 0 0 0 0 0 2 35 41 24 48 247 0 29 31 35 40 93 60 49 267 261 302 77 74 44 55 0 0 0 3 0 1 0 0 3 9 4 1 5 2 0 7 2 6 106 0 0 0 0 0 0 0 0 0 0 0 0 0 0 0 0 0 0 0 0 0 0 1 0 0 0 0 0 9 0 0 0 0 0 0 0 0 0 8 0 0 0 0 0 0 0 4 0 0 0 0 0 0 0 0 0 0 0 0 0 0 11 25 0 12 2 1 20 0 0 12 5 1 19 20 6 0 0 0 16 19 0 0 5 0 0 0 0 0 0 0 0 0 1 0 0 0 0 0 0 0 0 0 11 0 0 0 0 19 0 0 0 0 0 0 0 0 0 0 0 0 0 28 0 0 0 22 0 0 0 0 0 0 0 0 0 0 12 0 0 0 17 0 0 0 5 6 3 0 0 0 6 6 33 0 33 0 0 7 8 15 0 0 0 0 0 0 0 0 0 0 0 2 0 0 0 0 0 0 0 5 0 0 68 0 0 1 0 0 1 0 4 0 0 0 0 3 0 0 0 0 0 0 0 0 0 0 0 0 0 0 
 2 2 2 2 7 2 2 2 64 2 2 2 2 2 2 2 2 2 2 33 0 2 0 0 0 1 2 0 0 0 0 0 0 1 0 0 0 2 6 3 303 93 131 106 46 29 0 356 81 26 256 36 298 272 62 43 21 40 35 139 2 1 1 0 0 1 0 0 1 1 0 3 0 5 2 3 21 15 3 0 0 0 0 0 0 0 0 0 0 0 0 0 0 0 0 0 0 0 1 0 0 0 0 0 0 0 0 0 12 0 0 0 0 0 0 0 0 0 0 0 13 18 9 0 0 0 38 28 0 0 0 0 2 25 22 0 10 0 0 10 0 0 0 0 0 0 0 0 0 0 0 0 0 0 0 0 0 0 5 0 0 0 0 0 0 0 0 0 0 0 25 0 0 0 3 0 1 0 6 0 0 0 0 0 0 9 0 9 0 0 0 0 0 0 0 0 0 0 0 0 51 37 10 0 0 0 28 32 21 0 0 0 0 1 34 27 9 2 28 2 0 0 0 0 0 0 0 0 0 0 0 0 0 0 0 0 11 0 0 0 0 0 0 0 0 0 0 0 0 26 0 3 0 1 0 0 0 0 1 2 0 0 0 0 0 4 2 0 0 0 0 0 0 0 0 0 0 0 0 0 0 0 0 0 0 0 0 0 2 0 
 0 65 0 0 0 0 0 0 4 0 0 0 0 0 0 0 0 4 0 0 0 2 0 0 2 7 0 0 0 2 1 0 0 0 0 0 0 0 2 1 272 291 117 86 51 31 356 0 87 267 30 31 89 749 118 83 64 74 69 57 0 0 1 0 0 25 0 0 0 0 6 0 0 0 0 1 0 0 0 0 0 0 0 0 0 0 0 0 0 0 0 0 0 0 0 0 0 0 0 0 0 0 0 0 0 10 0 0 0 0 0 0 0 0 0 0 0 0 0 0 35 9 73 0 0 11 19 11 25 12 28 17 9 13 36 34 23 0 12 20 0 0 0 0 0 5 0 0 0 0 0 0 0 0 17 22 0 0 0 0 19 0 0 0 0 0 0 0 0 0 0 0 0 0 6 0 0 3 0 0 0 0 0 0 0 9 0 0 0 0 0 0 0 16 0 0 0 0 0 0 0 13 24 16 1 0 0 0 30 52 34 0 14 0 0 9 39 12 4 1 0 0 0 0 0 0 0 0 0 0 0 0 0 0 4 0 0 0 0 0 0 0 0 0 0 0 0 0 0 0 0 0 0 0 0 0 0 0 0 0 0 0 0 0 0 13 1 0 0 0 11 0 0 0 0 0 0 0 0 0 0 0 0 0 0 0 0 0 0 0 
 0 0 0 0 0 0 0 0 0 0 63 0 0 3 0 0 0 0 0 0 205 2 0 0 0 0 0 0 0 0 0 0 0 0 0 0 0 0 0 3 25 245 316 79 62 35 81 87 0 275 64 20 113 116 111 158 84 271 78 76 0 0 0 15 0 1 0 0 0 0 0 0 0 0 0 0 63 0 0 0 0 0 0 0 0 0 0 0 0 0 0 0 0 0 0 0 0 0 0 0 0 0 0 0 0 0 0 0 0 0 0 0 0 0 0 6 0 0 0 0 0 15 15 20 15 0 0 0 12 44 31 35 0 0 1 2 28 35 0 0 0 0 0 0 0 0 0 0 0 0 0 0 1 0 0 3 0 0 8 0 2 0 0 0 0 0 0 0 0 0 0 0 0 0 0 0 0 3 0 0 0 0 0 0 0 0 0 0 0 0 0 19 0 0 0 0 0 0 0 0 1 0 21 31 19 0 0 0 11 23 38 7 0 0 0 2 8 2 1 0 0 0 0 0 0 0 0 0 0 0 0 0 0 0 0 0 0 0 9 0 0 0 12 0 0 0 0 0 0 0 0 10 0 0 2 0 0 0 0 1 0 0 1 2 0 10 2 3 0 0 10 0 0 0 0 0 0 0 0 0 0 0 0 0 1 19 0 0 0 0 
 0 0 0 0 0 0 0 0 0 0 0 1 0 0 0 0 0 4 0 0 4 4 0 0 0 4 4 4 55 0 0 0 0 8 4 0 0 3 0 0 20 76 522 280 99 40 26 267 275 0 515 55 264 84 74 289 241 153 73 64 0 0 0 15 0 0 0 0 0 0 0 0 208 2 0 0 0 68 0 0 0 0 0 0 0 0 0 0 0 0 0 0 0 0 0 0 0 0 0 0 7 17 2 0 0 0 0 0 0 14 1 0 0 0 14 4 6 0 0 0 0 0 0 25 30 19 0 0 11 26 21 30 0 0 0 13 9 29 0 0 0 0 0 0 0 0 0 0 4 0 0 0 2 0 0 0 0 0 6 0 0 0 0 4 0 0 0 0 0 0 0 0 0 0 0 0 0 4 10 0 8 1 0 2 0 0 0 4 0 0 3 0 0 0 0 2 0 5 0 0 0 0 1 11 21 1 0 0 1 2 26 13 0 0 0 8 0 6 0 0 0 0 0 0 0 0 0 0 0 0 0 0 0 0 0 0 0 0 26 0 0 0 26 0 0 0 0 0 0 0 0 0 0 2 0 0 0 0 0 10 0 0 64 70 0 3 2 65 0 0 0 0 0 0 0 0 0 0 0 0 0 3 0 0 9 11 0 0 0 0 
 0 0 0 0 0 0 0 0 0 0 2 0 0 0 0 0 0 0 0 0 0 2 0 0 8 0 0 1 0 0 0 0 0 0 0 0 2 0 0 2 46 35 40 174 317 93 256 30 64 515 0 291 45 250 56 107 99 230 29 63 0 0 0 3 0 0 0 0 28 55 0 0 0 45 0 0 0 0 0 0 0 0 0 0 0 0 0 0 0 0 0 0 0 0 0 0 0 0 0 0 0 0 4 0 0 0 0 0 0 0 0 0 0 0 0 0 0 0 0 0 0 0 0 20 34 73 0 0 0 10 20 24 0 0 0 0 0 0 0 0 0 0 0 0 0 0 0 0 4 0 0 0 18 0 5 0 0 0 16 0 0 0 0 19 0 0 0 0 0 0 0 0 0 0 0 0 0 0 0 0 0 0 0 0 0 0 0 0 0 0 0 0 0 0 0 0 0 0 0 0 0 0 0 0 42 13 0 16 0 0 20 59 0 0 0 0 0 0 0 0 1 0 0 0 0 0 12 0 0 0 0 0 0 0 0 10 0 0 17 12 0 0 0 0 0 0 0 0 0 0 0 0 0 0 0 0 0 0 0 15 0 0 33 1 1 2 0 1 0 0 0 0 0 0 0 0 0 0 0 0 0 0 0 0 12 0 0 0 0 0 
 0 2 0 0 0 0 0 0 0 0 0 0 0 0 0 0 63 0 0 0 0 4 62 0 0 0 0 2 0 141 2 30 0 0 0 0 0 1 0 3 52 102 33 229 226 60 36 31 20 55 291 0 52 54 264 89 70 73 32 250 0 0 6 221 0 0 0 1 10 14 3 0 0 2 7 0 6 3 0 0 0 0 0 0 0 0 0 0 0 0 0 0 0 0 0 0 0 0 0 0 0 0 0 0 0 0 0 0 0 0 0 0 0 0 0 0 0 0 0 0 0 0 0 31 19 23 0 0 1 1 10 11 0 0 0 0 1 0 3 0 0 0 0 8 10 0 0 0 7 0 11 0 22 0 9 1 0 0 11 49 14 0 0 13 0 0 0 0 0 0 0 0 0 0 0 0 0 0 0 0 0 0 0 0 0 0 0 0 0 0 0 0 0 0 0 0 0 0 0 0 0 0 0 1 22 21 0 16 0 0 0 18 0 0 0 0 0 0 0 0 16 0 0 0 9 0 14 0 0 0 12 16 17 0 0 0 1 1 26 32 0 0 0 0 0 0 0 0 0 0 0 0 0 0 0 0 0 0 0 23 0 0 69 63 0 0 3 66 0 0 7 0 0 0 0 17 0 0 0 0 0 0 0 0 28 15 0 0 0 0 
 0 0 0 3 0 0 0 0 0 0 0 0 0 0 0 0 0 4 0 0 0 1 0 0 0 5 0 0 0 0 0 0 0 0 0 0 0 0 0 0 52 61 71 60 86 49 298 89 113 264 45 52 0 297 29 40 25 40 332 245 4 0 5 0 0 2 1 0 0 0 0 0 3 4 4 21 2 0 1 45 0 0 0 0 0 0 0 0 0 0 0 0 0 0 0 0 0 0 0 0 0 0 0 0 0 0 0 0 0 0 0 0 0 0 0 0 0 0 0 0 12 11 0 0 0 0 37 49 0 0 0 0 7 7 1 0 0 0 8 21 0 0 0 0 0 0 0 0 0 0 0 0 0 0 0 0 0 0 6 0 0 0 0 0 0 0 0 0 0 0 0 0 0 0 9 0 5 0 1 0 0 0 0 0 0 2 0 0 0 0 0 0 0 0 0 0 9 0 0 0 20 38 0 0 0 0 33 37 10 0 0 0 0 22 29 25 0 0 1 38 0 0 0 0 0 0 0 0 0 0 0 0 0 0 0 0 0 0 0 0 0 0 0 0 0 0 0 0 0 0 0 0 0 0 0 24 0 0 0 0 0 0 0 0 0 0 2 0 0 0 0 0 0 0 0 0 0 0 0 0 0 0 0 0 0 15 0 0 0 0 
 0 0 0 2 0 0 0 0 6 0 2 0 0 0 0 0 0 6 0 0 0 0 0 0 0 0 0 0 0 2 0 0 32 1 0 0 0 2 0 0 143 286 46 73 88 267 272 749 116 84 250 54 297 0 358 247 53 99 307 226 16 2 1 2 204 0 6 10 2 0 0 0 1 9 7 4 0 0 3 12 0 0 0 0 0 0 0 0 0 0 0 0 0 0 0 0 0 0 0 0 0 10 0 0 0 0 0 0 0 0 0 0 0 0 0 0 0 0 0 0 24 21 33 0 0 0 7 20 9 0 0 2 1 29 40 58 12 0 32 29 0 9 2 0 0 0 2 3 0 0 0 0 8 0 8 12 4 0 1 0 0 0 0 0 0 0 0 0 0 0 0 0 0 0 10 0 0 0 0 0 0 0 0 0 0 0 0 0 0 0 0 0 0 0 0 0 0 0 0 0 19 70 3 0 0 0 0 0 14 9 1 0 0 0 34 39 16 80 0 1 0 1 6 0 0 0 0 1 0 6 0 0 0 9 0 11 7 5 0 0 0 0 0 0 0 0 0 0 0 0 0 0 0 2 0 0 0 0 0 2 0 0 1 0 2 0 4 0 2 0 0 0 0 0 0 0 0 0 0 0 0 0 0 0 0 0 0 0 1 0 
 0 2 0 4 27 0 0 0 0 0 0 2 0 0 0 0 0 0 0 0 0 2 0 0 0 0 0 0 0 0 0 0 200 0 0 0 0 0 0 0 254 232 62 66 82 261 62 118 111 74 56 264 29 358 0 161 266 51 101 115 0 0 0 0 5 0 59 0 0 0 0 0 0 1 0 0 0 0 0 0 0 0 0 0 0 10 0 0 0 0 0 0 0 0 0 0 0 12 0 0 0 0 0 0 0 0 0 0 0 0 0 0 0 0 0 0 0 0 0 0 8 17 78 0 0 0 0 8 21 9 17 17 0 7 64 43 17 0 0 0 0 0 0 0 0 0 0 0 0 0 0 0 0 0 0 9 0 4 0 0 4 0 0 0 0 0 0 0 0 0 0 0 0 0 4 0 0 5 0 0 0 0 0 0 0 0 0 0 0 0 0 0 0 0 0 0 0 0 0 0 0 13 33 16 0 0 1 2 24 27 19 0 0 0 0 10 19 17 0 0 0 0 0 0 0 0 0 0 0 0 0 0 0 0 0 0 0 0 28 0 0 0 0 0 0 0 0 0 0 0 0 0 0 0 0 0 0 1 0 0 1 0 0 0 0 11 0 1 0 0 8 0 0 9 0 0 0 0 0 0 0 0 0 0 0 0 0 0 0 8 
 0 0 0 0 0 0 0 0 0 0 3 0 0 0 0 0 0 0 0 0 0 2 61 0 2 0 0 0 0 3 0 0 12 0 0 0 0 0 0 0 32 223 137 56 75 302 43 83 158 289 107 89 40 247 161 0 164 245 246 42 0 0 0 11 0 0 0 0 0 7 8 2 0 1 0 0 0 13 0 0 0 0 0 0 0 0 0 0 0 0 1 0 0 0 0 0 0 10 0 0 0 0 0 0 0 0 0 0 0 0 0 0 0 0 0 0 0 0 0 0 0 0 31 11 15 0 0 0 48 34 25 40 0 0 0 0 12 25 0 0 0 0 0 0 0 24 0 0 0 0 8 4 1 0 0 2 0 0 23 0 23 0 0 0 0 0 0 0 0 0 0 0 0 0 0 0 0 5 0 0 0 0 0 0 0 0 0 0 0 0 0 0 0 0 0 0 0 0 0 0 0 0 14 22 28 0 0 0 13 33 60 7 0 0 0 2 12 27 0 0 0 0 0 0 8 9 0 0 0 0 7 7 0 0 0 0 0 0 17 0 0 0 9 0 0 0 0 0 0 0 0 4 0 0 0 0 0 0 0 3 0 0 4 1 0 16 0 2 0 0 17 0 0 0 0 5 0 0 0 0 0 0 0 0 0 28 0 0 0 0 
 0 2 0 3 0 0 0 0 0 0 1 0 0 0 64 0 0 0 0 2 2 2 2 2 2 4 6 2 2 2 2 2 2 2 3 2 2 2 2 8 35 398 119 44 40 77 21 64 84 241 99 70 25 53 266 164 0 415 49 35 8 0 3 0 0 0 5 19 0 0 7 0 0 7 6 1 0 0 0 0 0 0 0 0 0 0 0 0 0 0 0 0 0 0 0 0 0 0 0 0 0 0 0 0 0 0 0 0 0 0 0 0 0 0 0 5 0 0 0 0 0 1 11 7 10 0 0 0 14 22 36 47 0 0 1 1 23 19 0 0 0 9 5 0 0 0 0 0 3 0 0 0 5 0 7 9 6 2 9 0 2 0 0 0 0 0 0 0 0 0 0 0 0 0 0 0 0 10 0 0 0 0 0 0 0 0 0 0 0 0 0 0 0 0 0 0 0 0 0 0 0 0 13 27 17 0 0 0 18 21 28 10 0 0 0 12 8 3 0 0 0 0 7 2 0 0 0 0 0 4 0 0 0 8 0 13 9 8 25 0 0 0 8 0 0 0 0 0 0 0 0 4 0 2 1 0 0 0 0 0 0 0 0 3 0 10 5 1 0 0 10 0 0 0 0 0 0 0 0 0 0 0 0 0 7 14 0 0 1 0 
 2 2 2 66 9 8 2 2 2 2 3 4 2 2 2 2 2 2 2 2 0 21 0 2 0 0 7 0 0 3 0 0 0 0 0 2 1 28 4 0 246 35 232 226 37 74 40 74 271 153 230 73 40 99 51 245 415 0 42 35 0 0 0 5 2 3 0 2 1 207 207 0 3 6 7 1 0 2 0 1 0 0 0 1 0 18 0 0 0 0 0 0 0 0 0 0 0 0 0 0 0 0 0 0 0 0 1 0 0 0 0 0 2 0 0 0 0 0 1 10 0 0 1 48 31 9 0 0 11 14 31 20 3 0 0 0 6 29 0 0 0 0 0 0 0 0 0 0 19 0 0 0 5 0 0 0 0 0 8 0 1 0 0 4 0 0 1 0 0 1 0 0 0 0 0 0 0 0 0 0 0 0 0 0 0 0 1 0 0 0 0 0 1 0 0 0 0 0 0 10 0 0 0 28 18 0 0 0 0 0 25 24 0 0 0 9 0 7 0 0 0 0 0 0 0 0 0 0 0 0 0 0 0 0 0 0 0 0 19 2 0 0 9 0 0 0 1 0 0 0 0 0 0 2 0 0 0 0 0 51 0 2 76 63 0 1 1 66 0 1 0 0 0 0 0 0 0 0 0 0 0 0 0 0 18 11 0 0 1 0 
 2 2 2 2 3 2 2 3 2 5 2 2 2 2 2 2 2 2 2 2 0 2 0 0 0 189 3 0 0 2 1 0 0 0 0 7 0 0 0 0 28 84 50 84 88 44 35 69 78 73 29 32 332 307 101 246 49 42 0 186 0 4 0 4 0 0 0 4 4 0 0 0 0 48 207 4 65 0 6 4 0 0 0 0 0 0 0 0 0 0 0 0 0 0 0 0 0 0 0 0 0 0 14 0 0 0 0 0 0 0 0 0 0 0 0 0 0 0 0 0 44 17 0 0 0 0 37 34 0 0 0 0 25 16 1 0 1 0 4 2 0 0 0 0 0 0 0 0 0 0 0 0 0 0 0 0 10 0 6 0 0 0 0 0 0 0 0 0 0 0 0 0 0 0 0 0 6 0 16 0 0 0 0 0 0 22 0 1 0 0 0 0 0 0 0 0 0 0 0 0 20 16 0 0 0 0 53 20 0 0 0 0 28 49 2 0 0 0 9 35 0 0 0 0 0 0 0 15 0 0 0 0 0 0 0 0 0 0 0 0 0 0 0 0 0 0 0 0 0 0 0 4 0 0 0 0 0 0 0 0 1 0 0 0 0 2 0 0 0 0 0 0 0 0 0 0 0 0 0 0 0 0 0 0 0 0 0 0 0 0 
 0 0 0 0 0 0 0 0 0 0 0 63 0 0 0 65 0 1 0 0 0 2 0 2 0 0 0 0 0 3 0 7 0 0 0 0 0 0 0 0 175 55 247 61 53 55 139 57 76 64 63 250 245 226 115 42 35 35 186 0 0 0 0 0 0 0 0 0 0 0 0 0 0 2 0 0 0 0 51 0 0 0 0 0 0 0 0 0 0 0 0 0 0 0 0 0 9 0 0 0 0 0 0 0 0 0 0 0 0 0 0 0 0 0 0 0 0 0 0 0 10 9 0 0 0 10 22 41 0 0 0 0 0 16 15 0 0 0 8 16 0 0 0 0 0 0 0 4 0 0 0 0 0 0 0 0 0 0 25 0 0 0 0 0 0 0 46 0 0 0 0 11 0 0 4 0 0 0 0 0 0 0 0 0 0 1 0 0 0 0 0 0 0 0 0 0 0 0 0 0 33 23 7 0 0 0 43 27 25 0 0 0 0 17 34 43 20 1 0 18 0 0 0 0 0 0 0 0 0 1 0 0 0 0 5 0 17 0 0 11 0 0 0 0 0 0 0 0 0 0 0 5 0 17 0 0 0 0 0 0 0 0 0 0 0 2 0 0 0 0 0 0 0 0 0 0 0 0 0 0 0 0 0 0 0 0 0 0 0 0 
 3 3 3 4 2 3 3 1 9 3 3 3 3 3 3 3 3 3 3 3 0 2 0 0 0 1 2 2 2 1 0 0 2 0 0 0 1 3 0 2 50 0 0 3 0 0 2 0 0 0 0 0 4 16 0 0 8 0 0 0 0 137 292 80 32 30 331 304 44 59 242 55 310 285 220 268 32 54 241 93 0 0 0 0 0 0 0 0 0 0 0 0 0 0 0 0 0 0 0 0 0 0 0 11 0 0 0 0 0 0 0 0 0 7 14 0 0 0 0 0 0 0 0 0 0 0 0 0 0 0 0 0 0 0 0 0 0 0 0 0 0 28 17 0 6 9 0 32 0 9 0 6 11 35 7 63 34 3 0 0 0 0 0 0 0 0 0 0 4 0 0 0 0 0 0 0 0 0 0 12 0 0 0 0 0 0 0 0 0 0 0 0 0 0 0 0 0 0 0 0 0 0 0 0 0 0 10 0 0 0 0 0 0 0 0 0 0 0 0 0 0 53 25 4 4 7 13 17 20 30 0 5 0 1 14 46 8 22 0 0 7 0 0 0 0 0 0 0 0 0 0 0 0 0 10 0 0 0 0 0 0 0 0 0 0 0 22 0 0 0 1 2 0 2 2 0 0 0 0 0 0 0 0 0 0 1 0 0 5 0 
 0 0 0 0 0 0 0 0 0 0 0 0 0 0 0 0 0 0 0 0 2 0 0 0 0 0 2 2 0 0 1 0 0 0 0 0 0 3 0 1 6 0 0 3 0 0 1 0 0 0 0 0 0 2 0 0 0 0 4 0 137 0 478 66 41 56 75 262 379 59 49 26 53 58 223 138 187 39 20 67 0 0 0 0 0 0 0 0 0 0 0 0 0 0 0 0 0 0 0 0 0 0 0 0 0 0 0 0 0 0 0 0 0 0 8 0 4 0 29 0 0 0 0 0 0 0 6 0 0 0 0 0 0 0 0 0 0 16 0 0 0 0 23 10 8 0 0 3 17 10 23 7 0 0 0 46 11 16 0 4 18 0 0 0 0 3 0 0 0 0 0 0 0 0 0 0 0 0 0 10 0 0 0 0 0 0 0 22 0 0 0 0 0 0 0 16 0 0 8 0 0 0 0 0 0 0 0 0 0 0 0 0 0 0 0 0 0 0 0 0 0 1 0 27 0 3 0 0 11 22 17 3 0 0 0 8 25 13 0 0 0 0 0 0 0 0 0 0 0 0 0 0 0 0 11 0 0 0 0 0 0 0 0 0 0 4 0 0 0 0 2 0 0 8 0 0 0 0 0 0 0 0 0 0 0 1 0 17 0 0 
