 0 72 45 39 32 40 462 619 41 26 47 36 74 105 407 24 27 37 262 137 0 0 2 3 0 0 0 0 3 0 0 0 3 0 0 2 1 0 2 0 4 0 0 3 0 3 0 0 2 4 3 4 0 0 0 0 3 0 0 0 3 0 0 3 0 39 8 2 0 3 0 0 2 2 0 0 0 55 0 3 27 29 11 1 0 0 11 62 54 10 0 0 0 33 35 20 13 20 0 11 0 0 0 0 0 0 0 0 0 1 0 0 0 11 0 0 0 0 0 1 0 0 0 0 0 0 0 0 0 0 1 0 0 2 0 0 0 0 0 0 0 0 0 0 2 0 0 0 0 8 0 2 0 0 1 0 0 0 0 0 12 14 12 1 0 0 1 45 19 15 0 0 12 16 9 9 21 0 0 0 0 0 0 0 1 0 0 0 2 0 0 0 0 0 0 0 12 0 2 2 1 0 2 0 0 0 18 0 0 0 0 18 0 0 0 0 0 0 2 0 0 0 0 0 0 0 0 0 15 0 0 0 1 0 0 0 0 0 0 0 0 0 0 0 0 0 0 0 2 0 0 14 0 0 0 0 0 0 0 0 0 0 0 0 0 0 0 0 0 0 0 0 0 0 0 0 5 0 0 0 0 0 0 0 0 0 0 0 0 0 
 72 0 363 74 54 47 75 473 350 345 44 36 44 60 325 327 300 238 49 57 0 0 0 2 75 0 3 0 3 0 0 2 3 2 1 83 0 0 0 30 3 0 0 3 75 0 0 0 0 3 0 3 2 0 0 2 1 0 2 0 0 0 0 0 0 0 2 3 0 3 0 0 3 2 0 0 3 3 0 3 0 37 104 22 1 0 0 28 75 57 14 14 0 0 46 56 30 40 0 2 0 0 0 0 0 0 0 0 0 0 0 0 0 0 0 18 0 0 1 0 0 0 0 0 0 0 0 0 0 0 0 0 0 0 0 0 0 0 0 0 2 0 2 0 11 0 2 0 7 10 0 0 0 0 0 6 0 0 0 0 0 27 59 22 0 0 0 19 24 32 28 0 0 12 45 38 30 33 2 0 0 1 0 0 0 0 7 0 0 0 0 0 9 0 0 0 0 0 0 0 0 0 0 0 0 2 0 0 0 0 0 0 0 0 0 0 0 0 0 0 0 0 0 0 0 1 0 0 0 0 0 0 0 0 0 0 0 0 0 0 0 1 0 0 0 2 2 0 0 2 0 9 10 0 0 0 0 0 0 0 0 0 1 0 0 0 0 0 0 0 0 0 0 0 0 0 12 0 0 0 0 0 0 0 0 0 0 0 0 0 
 45 363 0 97 62 117 60 109 306 253 79 284 72 357 56 132 168 311 26 41 1 0 0 2 0 3 0 0 77 0 2 1 3 0 0 0 0 0 0 0 2 0 0 31 0 2 0 0 0 3 0 2 5 0 0 0 2 32 63 0 0 0 0 0 0 0 2 3 0 3 0 0 2 0 0 0 0 3 0 3 0 16 50 38 0 1 1 0 7 32 11 19 0 0 16 21 22 24 0 0 0 0 0 0 0 0 0 0 0 0 0 0 0 0 0 0 0 0 0 0 0 0 0 0 0 0 0 0 0 0 0 0 0 0 0 0 0 0 0 0 0 0 0 0 0 1 0 0 17 0 0 0 0 4 0 0 2 0 0 2 0 9 12 19 0 12 0 21 0 27 13 0 10 1 13 17 18 29 0 0 0 0 0 19 0 8 0 0 0 29 0 0 1 0 0 0 0 0 0 0 0 0 0 0 0 0 0 0 0 0 0 0 0 0 0 0 0 0 0 0 0 0 0 0 0 0 1 0 0 16 0 0 0 0 0 7 19 0 0 0 0 13 0 0 0 2 3 0 1 2 0 9 12 0 0 0 0 0 0 0 0 0 0 0 0 0 2 0 0 0 0 0 0 0 0 0 10 0 0 0 0 0 0 0 0 0 0 0 0 0 
 39 74 97 0 156 45 72 74 92 264 265 289 47 59 73 35 148 305 278 110 0 3 2 4 0 0 207 39 3 0 0 0 3 0 0 4 0 76 1 2 3 0 2 3 0 64 1 2 0 3 2 2 0 0 0 0 2 8 0 81 11 0 0 0 0 0 2 3 2 3 0 0 10 0 0 2 0 3 0 3 0 0 1 23 23 15 0 0 0 2 26 21 0 0 0 0 9 11 0 0 0 0 0 0 0 0 2 0 0 11 0 0 1 0 0 0 0 0 23 2 0 0 0 0 0 0 0 0 0 0 0 0 0 0 0 0 0 0 0 0 0 0 0 0 0 0 0 0 0 0 18 0 0 0 0 1 0 0 0 0 0 0 1 0 24 10 0 0 7 9 11 25 12 0 0 1 10 4 0 0 0 0 0 0 0 0 0 0 0 0 0 0 0 0 0 0 1 0 0 0 0 0 0 0 0 0 0 0 0 0 0 0 0 0 0 0 0 0 0 0 0 0 0 0 0 0 0 0 0 0 0 0 0 0 0 0 0 0 0 1 0 0 0 0 0 4 49 2 2 49 0 11 0 0 0 0 0 0 0 0 0 0 0 0 0 0 0 0 0 0 0 0 0 0 0 25 0 13 0 0 0 0 0 0 0 0 0 0 0 0 
 32 54 62 156 0 419 38 91 77 91 116 390 269 72 287 84 119 31 78 103 0 0 0 2 74 0 0 0 3 0 0 0 3 0 0 0 0 0 0 0 2 0 0 0 0 65 0 0 0 3 0 2 0 0 0 0 2 0 0 0 0 0 0 0 0 0 2 3 0 3 0 0 2 0 41 3 0 3 0 3 0 0 0 1 23 44 0 0 0 0 17 22 0 0 0 0 1 0 0 0 13 0 0 0 0 0 23 0 0 18 0 0 25 9 0 0 0 0 21 12 0 0 0 0 0 2 0 0 0 0 0 0 6 0 0 0 0 0 0 0 0 0 0 0 0 0 0 0 0 0 0 0 0 0 0 0 0 0 35 1 0 0 0 7 21 23 0 0 6 1 0 6 1 0 0 0 0 0 0 0 2 0 0 0 0 0 15 0 0 0 0 0 24 14 0 0 0 0 50 12 0 0 13 0 0 0 0 0 0 0 0 0 0 0 1 0 0 0 0 0 0 2 0 0 0 0 0 0 0 0 1 0 0 0 0 0 0 0 0 0 0 0 0 0 0 0 2 0 3 5 0 8 3 3 0 0 0 0 0 0 0 0 0 0 0 0 0 0 0 0 0 0 0 0 0 0 0 0 0 0 0 0 0 0 0 0 0 0 0 0 
 40 47 117 45 419 0 235 29 80 60 78 55 243 63 262 295 44 291 55 43 0 1 0 57 2 0 1 0 3 0 0 0 4 0 0 0 0 0 310 0 3 0 0 0 63 1 0 0 0 3 0 4 0 0 0 1 0 0 1 0 0 0 0 0 0 0 2 3 1 3 0 0 31 1 0 8 0 3 0 3 0 0 0 0 32 32 0 0 0 0 0 19 1 0 0 0 0 0 0 0 11 0 0 0 1 0 37 0 0 0 0 0 24 9 10 1 1 0 18 30 0 0 0 0 0 0 0 0 2 0 0 0 0 0 0 0 0 0 0 0 0 0 0 0 0 0 0 0 0 0 0 0 0 0 0 0 0 0 6 0 0 0 0 0 14 8 0 0 3 0 0 0 0 4 0 0 0 0 0 0 39 0 0 0 0 0 31 11 10 0 0 0 45 11 0 0 0 0 37 17 0 0 0 0 0 0 1 0 2 0 0 0 0 0 0 0 1 0 0 0 0 0 0 0 0 0 2 0 0 0 0 2 0 0 0 0 0 0 0 0 0 1 0 0 0 14 4 0 1 0 0 4 0 0 1 0 0 0 0 0 0 0 0 0 0 0 0 0 0 0 0 0 0 2 0 0 0 0 0 0 0 0 0 0 0 0 0 0 0 0 
 462 75 60 72 38 235 0 307 47 242 254 32 459 347 273 45 240 35 55 539 0 0 0 2 0 0 0 0 3 1 0 0 3 1 0 0 0 0 0 1 3 0 0 0 0 0 0 0 0 3 0 3 0 0 0 1 1 0 1 0 0 0 0 0 0 0 2 3 0 3 0 0 3 2 0 0 0 3 0 3 36 11 0 0 0 0 24 30 15 0 0 0 10 52 19 0 9 0 13 23 1 0 0 0 0 0 0 0 0 0 0 0 0 0 0 0 0 0 0 0 0 0 0 0 0 0 26 0 0 0 0 0 0 0 0 0 0 0 0 0 0 0 0 0 0 0 0 0 17 0 0 0 2 0 0 0 0 28 0 0 17 0 0 0 0 1 12 38 0 0 0 2 9 11 0 14 0 0 10 15 0 0 0 0 0 0 0 0 0 0 0 0 0 0 0 0 0 0 0 0 0 0 0 0 0 0 0 0 0 0 0 0 0 0 0 0 0 0 0 0 0 0 0 0 0 0 0 0 0 0 0 7 13 0 0 0 0 0 0 2 0 0 0 0 0 3 1 0 0 0 0 121 0 0 0 0 0 0 0 0 0 0 0 0 0 0 0 0 0 0 0 0 0 0 0 0 0 0 0 0 0 0 0 0 0 0 0 0 0 0 
 619 473 109 74 91 29 307 0 257 48 35 270 60 722 362 446 62 28 49 50 0 2 0 2 0 0 0 0 3 0 2 0 3 0 2 0 0 0 0 0 5 0 65 8 0 0 0 0 2 3 0 6 1 0 0 3 7 3 3 0 0 0 0 0 0 3 2 33 0 3 3 0 3 3 7 0 0 3 0 3 0 77 62 24 0 0 10 30 40 23 1 0 3 13 31 91 44 37 0 1 0 0 0 0 0 0 0 0 0 0 0 0 0 0 0 2 2 31 0 0 2 0 0 0 1 0 0 0 0 0 0 0 0 0 0 0 0 0 0 0 0 0 0 0 0 1 0 0 0 14 0 0 0 0 0 0 0 0 0 0 12 40 5 22 0 1 0 53 3 36 2 1 0 22 26 26 18 51 0 19 10 0 0 0 0 0 0 0 0 0 0 0 0 0 0 0 0 0 0 0 18 0 0 0 0 12 2 0 1 0 0 0 0 0 0 0 2 0 0 0 21 0 0 0 0 0 0 0 0 0 21 1 0 0 0 0 0 0 0 0 0 0 0 0 0 0 0 2 0 0 2 16 0 0 0 0 0 0 0 0 0 0 0 0 0 0 0 0 0 0 0 0 0 0 0 0 9 0 0 0 0 0 0 0 0 0 0 0 0 0 
 41 350 306 92 77 80 47 257 0 357 38 77 54 66 514 382 334 241 130 62 0 0 0 2 1 0 0 0 3 0 0 0 3 1 0 0 0 0 0 1 3 0 61 5 0 0 0 0 0 3 0 67 25 0 0 2 1 0 2 0 0 0 0 0 0 0 2 3 0 3 0 0 3 3 0 0 0 3 0 3 0 39 62 59 4 0 0 18 23 48 16 8 0 1 25 53 31 49 0 1 0 0 0 2 0 0 1 0 0 0 0 0 0 0 0 0 0 0 0 0 0 0 0 0 0 18 0 0 0 0 0 0 0 0 0 0 0 0 10 0 1 0 0 0 0 0 1 0 0 0 0 0 0 0 0 5 0 0 0 0 0 31 36 18 0 0 0 13 37 12 5 19 1 2 14 45 55 28 0 0 0 0 0 0 0 0 0 0 0 0 0 0 0 0 0 0 0 0 0 0 0 21 0 0 0 0 0 0 17 0 0 0 0 0 0 0 0 0 0 0 0 0 0 0 0 2 1 0 0 0 0 0 0 0 0 0 0 0 0 0 0 1 0 0 0 4 1 0 0 3 2 4 10 0 2 0 0 0 0 0 0 0 1 0 0 0 0 0 0 0 0 0 0 0 0 20 7 16 0 0 0 0 0 0 0 0 0 0 0 0 
 26 345 253 264 91 60 242 48 357 0 386 58 62 62 89 337 302 173 484 76 3 0 0 2 0 2 3 0 3 0 0 0 3 0 2 0 1 61 1 0 5 3 0 0 0 0 0 0 0 5 0 3 4 0 2 2 3 0 2 0 7 1 0 1 0 0 5 4 0 5 0 0 3 5 2 0 0 3 0 3 0 1 15 52 32 0 0 1 8 31 19 17 0 0 14 18 15 55 0 0 0 0 0 0 0 9 0 0 0 1 0 0 0 0 0 19 0 0 0 0 0 0 0 0 0 1 0 0 0 0 0 0 0 0 0 0 0 0 0 0 0 0 0 0 0 1 0 0 0 0 0 0 0 0 18 4 2 0 0 2 0 9 26 13 15 7 0 0 25 3 47 17 10 1 0 15 33 41 0 0 0 0 0 0 0 1 0 0 0 0 0 54 0 0 0 0 0 0 0 0 0 0 0 0 1 0 0 0 0 0 0 0 0 9 0 0 0 0 0 0 0 0 16 0 0 0 0 0 0 0 0 0 0 0 0 0 0 1 0 0 0 16 0 0 0 2 180 0 3 104 3 5 12 0 0 0 0 0 0 0 0 0 19 0 0 0 2 0 0 0 0 0 0 0 0 10 0 12 0 0 0 0 0 0 0 0 0 0 0 0 
 47 44 79 265 116 78 254 35 38 386 0 409 16 35 68 222 163 406 57 54 3 34 4 2 2 3 0 3 3 78 0 2 6 0 0 0 0 3 0 1 2 0 0 0 0 67 0 3 0 3 0 2 5 0 0 0 68 0 0 0 0 0 0 0 0 0 3 3 0 3 0 0 2 0 0 40 2 3 0 6 0 0 0 41 37 30 0 0 1 3 28 24 2 0 0 0 32 12 0 0 0 0 0 0 2 0 1 0 0 0 0 0 10 0 0 2 2 1 24 2 2 0 0 0 0 22 0 0 0 0 0 0 0 0 0 0 0 0 0 0 0 0 0 0 0 0 0 0 0 0 0 0 0 0 0 1 0 0 0 0 0 1 1 0 36 17 0 0 7 18 31 51 41 21 0 0 11 13 0 0 1 0 0 0 0 0 0 0 0 0 0 0 0 0 0 0 0 0 9 1 0 0 0 0 0 0 0 0 1 0 0 0 0 0 0 0 2 0 0 0 0 0 0 0 0 0 1 2 0 0 0 1 0 0 0 0 0 0 0 0 0 26 0 0 0 0 94 0 1 92 2 20 0 0 0 0 0 0 0 0 0 0 8 0 0 0 0 0 0 0 0 0 0 1 0 16 0 14 0 0 0 0 0 0 0 0 0 0 0 0 
 36 36 284 289 390 55 32 270 77 58 409 0 26 48 45 39 134 82 47 33 6 5 2 78 3 2 0 0 3 0 2 2 3 0 0 2 0 5 2 12 10 0 3 3 0 36 1 2 0 3 2 4 2 0 0 0 3 4 0 2 2 3 0 3 0 5 2 2 1 3 0 1 3 0 1 6 0 6 12 6 0 0 0 1 71 41 0 16 0 2 14 46 0 2 0 2 2 19 0 0 1 0 0 0 0 0 31 0 0 1 0 0 6 0 0 0 0 1 19 29 0 0 0 0 0 0 0 0 0 0 0 0 0 0 0 0 5 0 0 0 0 2 0 0 0 0 0 0 0 0 0 0 0 0 0 0 0 0 0 0 0 0 1 0 35 5 0 0 9 21 19 27 1 1 0 0 1 1 0 3 0 0 0 0 0 0 6 0 0 0 0 0 2 0 1 0 0 2 14 11 0 0 0 0 0 0 0 0 0 0 0 0 0 0 0 0 0 0 2 0 0 0 0 0 0 0 0 0 0 0 0 0 0 2 0 0 0 0 0 0 0 0 0 0 0 1 175 0 2 173 0 4 0 0 0 0 0 0 1 0 0 0 18 0 0 2 0 0 0 0 0 0 1 2 0 10 0 0 0 0 0 0 0 0 0 0 0 0 0 0 
 74 44 72 47 269 243 459 60 54 62 16 26 0 106 129 30 18 20 485 237 0 0 0 2 0 3 0 0 3 2 3 0 5 0 3 0 0 73 0 0 3 0 0 0 0 0 0 0 0 4 0 78 0 0 3 3 1 0 4 0 0 0 0 47 0 0 10 3 0 3 3 78 3 0 0 0 2 3 0 5 38 18 0 1 0 0 28 16 1 0 0 0 15 95 19 0 0 0 17 24 0 23 0 0 0 0 0 0 0 0 0 0 0 0 0 0 0 0 11 0 0 0 0 0 0 0 0 0 0 0 0 1 0 0 0 0 0 0 0 0 0 17 0 0 0 0 0 0 10 0 0 1 0 0 0 0 0 0 0 0 12 0 1 1 0 0 16 10 1 0 0 0 7 16 3 0 0 0 4 48 0 0 0 0 0 0 0 0 0 0 0 0 0 0 0 0 0 0 0 0 0 0 0 0 16 0 0 0 0 0 0 0 0 0 0 0 0 0 0 0 0 0 0 0 0 0 0 0 0 2 0 0 0 0 0 0 0 0 0 0 0 0 0 0 0 0 0 0 1 0 1 4 0 0 0 0 0 0 0 0 0 0 0 1 0 0 0 0 0 0 0 0 0 0 0 0 0 0 0 0 0 0 0 0 0 0 0 0 0 0 
 105 60 357 59 72 63 347 722 66 62 35 48 106 0 275 45 38 39 109 147 1 0 0 2 0 0 2 0 3 0 0 1 3 12 0 0 0 0 0 2 2 0 0 3 0 0 0 0 0 3 0 2 2 0 0 0 0 0 0 0 0 0 0 0 0 4 2 3 0 3 0 0 2 16 0 0 0 3 0 3 23 17 12 1 0 0 6 48 60 41 0 2 0 68 36 0 10 1 2 18 0 1 0 0 1 0 0 0 0 0 1 0 0 0 0 14 1 0 0 0 0 0 0 0 0 0 0 0 0 0 0 0 0 0 0 0 0 0 0 0 0 0 0 0 0 0 0 0 0 12 0 0 0 0 0 0 0 0 0 0 13 17 2 1 2 0 0 30 0 13 0 0 10 16 15 0 0 0 0 0 0 0 0 0 0 0 0 0 0 0 0 0 0 0 0 0 0 0 0 0 0 2 0 0 1 0 0 0 2 0 0 0 0 0 0 0 0 1 0 0 0 0 0 0 0 0 0 0 0 0 0 0 0 0 0 0 0 0 0 0 0 0 0 0 0 0 0 1 0 0 2 10 0 0 2 0 0 0 0 0 1 0 0 0 0 0 0 0 0 0 0 0 0 0 0 0 0 0 0 0 0 0 0 0 0 0 0 0 0 0 
 407 325 56 73 287 262 273 362 514 89 68 45 129 275 0 171 38 36 86 379 0 0 0 2 2 0 0 0 4 0 0 0 4 0 0 0 0 0 0 3 3 0 0 71 0 0 0 0 0 3 0 2 0 0 0 0 2 0 0 0 0 3 0 1 0 0 2 2 0 3 0 0 3 1 1 0 0 6 0 3 14 35 29 1 0 0 0 46 34 2 0 0 16 20 24 26 10 18 16 11 0 0 0 0 0 0 0 0 0 2 0 0 0 0 0 0 0 0 0 2 0 0 0 0 0 0 0 0 0 0 1 0 15 1 0 0 0 0 0 0 0 0 0 0 1 0 0 0 0 6 0 0 0 0 2 0 0 0 0 0 11 27 7 30 1 1 2 47 5 19 0 0 1 20 23 21 18 20 1 0 0 0 0 0 2 0 0 0 1 0 0 0 0 0 1 0 25 0 1 0 2 0 1 0 0 0 0 0 0 0 0 2 0 0 0 0 0 0 1 0 0 0 19 12 0 0 0 0 7 0 0 0 2 1 0 0 0 0 0 0 0 0 0 0 0 3 2 3 2 0 1 9 0 0 0 0 0 0 0 0 0 0 0 0 0 2 0 0 0 0 0 0 0 2 0 0 0 0 0 0 0 0 0 0 0 0 0 0 0 0 
 24 327 132 35 84 295 45 446 382 337 222 39 30 45 171 0 153 513 30 85 2 1 1 2 0 1 0 0 3 1 0 0 6 0 0 0 0 3 2 0 4 0 0 1 0 0 0 5 0 3 0 5 4 0 2 3 2 2 4 0 0 0 1 0 0 0 2 3 52 3 0 0 2 0 2 2 0 3 0 9 0 29 53 28 0 1 0 20 8 27 18 74 1 0 14 41 36 24 0 0 0 0 0 0 6 9 0 0 0 0 0 0 0 0 0 0 0 0 0 0 1 0 0 0 0 0 0 0 2 0 0 0 0 0 0 0 0 0 0 0 0 0 0 0 0 2 0 0 0 18 0 0 0 0 0 2 0 0 0 0 0 22 21 33 0 9 0 0 13 28 45 0 10 12 28 34 6 46 0 0 0 0 0 0 0 0 0 0 0 0 0 0 0 0 0 0 0 0 0 0 0 0 0 0 0 0 0 0 0 0 0 0 0 0 0 0 0 0 0 0 0 0 0 0 0 0 2 0 0 0 0 2 0 0 0 0 0 1 0 0 0 21 0 0 0 1 1 0 0 3 0 15 12 0 0 0 0 0 0 0 0 0 0 0 0 0 0 0 0 0 0 0 0 2 0 0 11 0 0 0 0 0 0 0 0 0 0 0 0 0 
 27 300 168 148 119 44 240 62 334 302 163 134 18 38 38 153 0 320 29 58 1 2 2 2 1 0 0 0 3 2 0 0 3 2 0 0 0 0 0 2 3 0 0 1 0 5 0 0 0 3 0 3 13 63 0 1 2 0 1 41 0 0 0 0 0 0 2 3 0 3 0 0 3 0 0 0 0 3 24 3 0 18 54 67 17 0 0 9 9 57 38 16 0 2 16 25 31 54 0 0 2 0 0 1 0 0 0 1 0 0 0 0 0 0 0 0 0 0 0 0 0 0 2 0 0 0 0 0 0 0 0 0 0 0 0 0 0 0 0 0 0 3 1 0 0 0 0 0 0 0 2 0 0 0 0 3 0 0 0 0 0 8 40 33 22 14 0 2 23 13 22 17 10 3 13 38 12 45 18 0 0 0 0 0 0 0 0 0 0 0 0 0 0 0 0 0 0 0 0 0 0 0 0 0 0 0 0 0 0 0 0 0 0 0 0 0 0 0 0 0 0 0 0 0 0 0 0 0 0 0 0 0 0 0 0 0 0 0 0 0 0 24 0 0 0 0 86 0 2 0 0 7 12 0 0 0 0 0 0 0 0 0 0 0 0 0 0 0 0 0 0 0 0 0 0 17 6 11 0 0 0 0 0 0 0 0 0 0 0 0 
 37 238 311 305 31 291 35 28 241 173 406 82 20 39 36 513 320 0 30 21 0 0 3 2 0 0 0 0 3 0 0 0 3 0 0 0 0 0 0 0 2 0 0 0 0 4 0 0 25 3 73 4 3 0 0 0 0 0 0 0 0 0 0 1 2 0 3 2 0 3 2 0 2 0 0 0 0 3 46 3 0 0 13 34 32 1 0 0 0 22 45 34 0 0 19 31 19 31 0 9 0 0 0 0 0 0 0 0 0 0 0 0 0 0 0 0 0 0 0 0 0 0 0 0 0 0 0 0 0 0 0 0 0 0 0 0 0 0 0 0 0 0 0 0 0 0 0 0 0 0 0 0 4 0 0 15 0 0 0 0 0 0 28 14 31 5 0 0 20 14 39 37 11 0 0 19 13 19 0 0 0 0 0 0 0 0 0 0 0 0 0 0 0 0 0 0 0 0 0 0 0 0 0 0 1 0 0 0 0 0 0 0 0 0 0 0 0 0 0 0 0 0 0 0 0 0 0 0 0 1 0 0 0 0 3 0 0 0 0 0 0 19 0 0 0 35 219 0 3 173 1 12 12 0 0 2 0 0 0 0 0 0 19 0 0 0 0 0 0 0 0 0 0 0 0 35 0 14 0 0 0 0 0 0 0 0 0 0 0 0 
 262 49 26 278 78 55 55 49 130 484 57 47 485 109 86 30 29 30 0 351 0 0 0 2 0 0 0 3 3 0 0 1 3 1 0 0 0 2 0 2 2 0 0 61 0 0 0 0 0 3 0 2 0 0 0 0 1 0 0 0 0 0 0 2 0 0 2 1 0 3 0 2 2 0 3 0 0 4 0 3 16 3 0 0 0 0 27 0 0 0 32 0 50 9 1 0 0 0 27 14 0 0 0 0 0 0 0 1 0 0 0 1 0 0 0 0 0 2 0 2 0 0 0 0 0 20 0 0 0 0 0 0 0 1 0 0 0 0 0 0 0 0 0 0 1 0 0 0 4 0 0 1 0 0 2 0 0 1 0 0 16 0 0 0 0 0 35 1 0 0 0 0 3 15 1 0 0 0 24 25 0 0 0 0 2 0 0 0 1 0 0 0 0 0 0 0 0 0 0 0 0 0 1 15 0 0 0 0 21 0 18 2 0 5 0 0 0 0 0 0 0 0 0 0 0 0 0 0 0 0 0 0 2 0 0 0 0 0 0 0 0 0 0 0 0 1 0 1 2 0 0 1 0 0 0 0 0 0 0 0 0 0 0 0 0 0 0 0 0 0 0 0 0 0 0 0 0 0 0 0 0 0 0 0 0 0 0 0 0 0 
 137 57 41 110 103 43 539 50 62 76 54 33 237 147 379 85 58 21 351 0 0 0 1 2 0 0 0 2 3 3 3 0 3 0 4 0 0 6 0 0 2 0 3 0 0 63 0 3 0 3 0 2 0 0 0 0 1 0 0 3 0 0 0 1 0 0 3 2 0 3 0 5 2 0 0 0 0 3 2 3 31 18 1 1 0 1 31 21 14 0 0 0 10 33 18 0 2 0 23 14 0 0 0 0 0 1 0 0 0 0 0 0 0 0 13 0 0 0 0 7 0 0 0 0 0 0 0 0 0 0 0 0 0 0 0 0 0 0 2 0 0 0 0 0 0 0 0 0 0 0 0 0 0 0 0 0 0 0 0 0 18 0 0 0 0 0 9 21 0 0 0 0 8 20 3 0 0 0 25 35 0 0 0 0 0 0 0 0 0 0 0 0 0 0 0 0 0 0 0 0 0 0 0 14 0 0 0 0 0 0 0 0 0 0 0 2 0 0 0 1 0 0 0 0 0 0 0 0 0 0 0 0 0 0 0 0 2 0 0 0 0 0 0 0 0 2 0 2 0 2 0 21 0 0 0 0 1 0 0 0 0 0 0 0 1 0 0 0 0 0 0 0 45 0 0 0 0 0 0 0 0 0 0 0 0 0 0 0 0 0 
 0 0 1 0 0 0 0 0 0 3 3 6 0 1 0 2 1 0 0 0 0 107 69 37 46 35 542 362 30 36 45 104 44 207 380 35 22 34 16 108 0 3 3 0 1 0 0 0 3 1 0 2 4 0 0 0 6 0 0 0 3 0 0 2 0 8 2 0 0 0 0 1 0 0 0 0 0 1 2 3 0 0 1 0 0 0 9 0 0 0 0 0 0 0 0 0 0 0 0 0 14 52 26 0 0 2 31 69 17 13 0 0 0 38 57 0 23 6 25 0 0 0 0 0 0 0 0 0 0 0 0 0 2 0 0 0 0 0 0 0 0 0 0 5 0 0 0 23 0 0 0 0 2 2 0 0 2 0 0 5 0 0 0 5 0 0 0 0 0 0 0 0 1 0 0 0 1 5 0 0 17 57 57 0 0 0 0 45 47 0 23 0 0 34 12 18 42 12 0 0 0 0 0 2 0 0 0 0 0 1 0 0 0 1 0 0 0 0 0 1 2 18 0 0 0 0 0 0 0 0 0 0 0 0 0 0 0 0 0 0 0 0 0 0 0 0 1 0 0 0 0 0 0 3 4 0 0 0 0 0 0 9 0 2 0 0 0 0 0 0 0 0 0 0 0 0 0 0 0 0 0 1 0 0 0 0 0 0 0 0 
 0 0 0 3 0 1 0 2 0 0 34 5 0 0 0 1 2 0 0 0 107 0 420 210 50 47 96 674 506 57 42 52 34 68 647 449 356 52 251 71 0 8 0 0 1 4 0 1 3 0 1 0 3 0 0 61 7 0 0 0 2 0 0 0 0 3 2 0 0 0 2 0 0 0 0 0 0 0 0 3 0 0 0 0 0 6 0 0 0 0 0 0 0 0 0 0 0 0 0 0 0 21 57 17 0 0 0 3 44 40 0 11 0 3 28 25 42 31 1 0 0 0 0 0 0 0 0 0 0 0 0 17 0 0 0 0 0 0 0 2 0 0 0 3 0 0 3 0 0 0 0 0 0 0 0 0 0 0 0 0 0 0 0 4 0 0 0 0 0 0 0 0 14 0 0 0 6 0 0 0 0 30 40 44 0 0 0 0 26 28 37 0 0 0 23 12 40 21 0 1 0 0 0 0 0 0 0 0 0 0 0 0 0 0 0 0 0 0 0 0 0 2 0 0 10 0 0 1 0 0 0 0 0 0 0 0 0 0 0 0 0 0 17 0 0 2 0 0 0 0 0 0 0 1 19 2 2 0 0 0 0 9 0 0 0 0 13 0 0 0 0 0 0 0 0 0 0 0 0 0 0 4 0 0 0 0 0 0 0 0 
 2 0 0 2 0 0 0 0 0 0 4 2 0 0 0 1 2 3 0 1 69 420 0 129 53 49 108 154 218 381 37 259 495 66 276 295 163 345 40 55 0 3 0 0 2 0 0 0 41 0 0 206 3 0 20 62 5 0 9 0 1 0 0 0 0 3 0 0 0 0 0 0 0 0 4 0 0 0 0 0 0 0 0 0 0 0 0 0 0 0 0 0 0 0 0 0 0 0 0 0 0 8 37 49 1 0 0 0 26 54 18 12 0 0 2 47 22 24 1 0 0 0 0 0 0 0 0 0 0 0 0 0 1 0 0 0 0 0 0 3 0 0 10 10 0 0 0 0 0 0 0 0 0 0 15 0 1 0 19 0 0 0 0 0 0 0 0 0 0 0 0 0 0 0 0 0 4 0 0 0 0 0 24 37 1 1 0 0 10 61 38 32 0 0 14 16 28 32 0 0 0 0 0 0 0 0 0 0 15 1 0 0 0 0 0 0 0 0 0 2 0 0 0 0 0 0 0 0 0 0 0 0 0 0 0 0 0 0 23 0 0 0 13 0 0 2 0 0 0 0 0 0 0 2 24 0 2 2 2 1 2 0 0 0 0 0 10 0 0 0 0 0 0 0 0 0 0 0 0 0 0 33 0 0 2 0 16 0 0 0 
 3 2 2 4 2 57 2 2 2 2 2 78 2 2 2 2 2 2 2 2 37 210 129 0 59 26 91 65 95 404 175 355 58 282 248 269 88 361 93 61 0 0 0 0 1 0 0 0 3 0 0 0 3 0 0 0 5 0 2 0 1 0 0 0 0 3 0 0 0 0 0 0 90 0 0 0 0 0 0 0 0 0 0 0 0 0 0 0 0 1 0 0 0 0 0 0 0 0 0 0 0 0 0 40 19 24 10 0 5 1 41 48 0 0 0 14 0 0 0 15 26 0 0 0 0 0 0 0 12 0 0 0 0 1 0 0 0 0 44 8 15 0 22 0 0 0 0 0 0 0 0 0 0 0 0 0 0 0 0 0 0 0 0 0 0 0 1 0 0 0 0 0 0 0 0 0 0 0 0 0 5 0 14 36 28 18 0 0 0 10 21 44 0 0 0 13 37 10 0 0 0 0 0 0 0 0 0 0 0 0 0 0 1 0 0 0 0 0 18 1 0 0 0 0 0 0 0 0 0 0 0 0 0 0 0 0 0 0 0 0 0 0 2 0 0 0 0 0 0 0 0 1 0 0 14 0 2 43 57 0 30 0 0 0 0 0 0 0 0 0 0 0 0 0 0 0 0 23 0 0 0 53 0 0 0 0 13 0 0 0 
 0 75 0 0 74 2 0 0 1 0 2 3 0 0 2 0 1 0 0 0 46 50 53 59 0 304 58 308 65 105 95 532 96 61 77 97 268 35 64 175 0 0 1 3 0 2 1 2 4 0 3 0 3 0 0 1 5 0 1 0 1 0 2 0 2 4 0 0 2 0 2 2 1 0 0 2 10 2 0 0 0 0 0 0 0 0 0 0 0 0 0 0 0 0 0 0 0 2 7 0 0 0 0 0 25 36 0 0 0 0 19 0 0 0 0 0 1 0 0 1 0 0 1 0 0 0 13 0 0 0 0 0 10 0 0 0 0 0 15 25 0 0 0 0 0 0 3 0 0 0 9 0 0 0 0 1 0 0 0 0 0 0 0 0 6 0 0 0 0 0 0 0 0 0 0 4 0 0 0 0 0 12 0 0 10 11 6 0 0 0 0 20 12 0 0 0 0 0 0 0 11 0 14 0 0 0 2 0 0 0 0 0 20 0 0 0 0 0 29 9 0 0 2 0 0 1 0 0 1 0 1 0 0 0 0 23 2 2 0 1 0 0 0 0 0 0 2 0 0 0 0 0 0 0 19 0 2 2 1 2 83 3 0 0 0 0 0 0 0 0 0 0 0 1 0 0 0 0 0 0 0 0 0 1 0 0 0 0 0 0 
 0 0 3 0 0 0 0 0 0 2 3 2 3 0 0 1 0 0 0 0 35 47 49 26 304 0 232 47 39 261 67 54 38 53 47 53 54 74 38 206 0 0 0 0 0 2 0 0 3 0 0 2 3 0 1 0 4 1 213 0 1 0 1 0 0 3 0 0 0 0 0 0 0 0 0 0 0 0 0 0 0 0 0 0 1 0 0 0 0 0 0 0 0 0 0 0 0 0 0 0 0 0 6 0 70 39 0 0 0 0 0 3 0 0 0 0 0 0 0 0 4 0 0 0 0 0 38 0 2 0 0 0 39 12 0 2 0 0 32 85 0 0 0 0 0 0 19 0 0 0 10 0 0 0 0 0 0 0 0 8 0 0 1 0 0 0 20 0 0 0 0 0 0 0 0 0 2 0 0 0 0 0 0 0 12 18 2 2 0 0 1 37 0 13 0 0 0 0 0 0 25 0 0 0 0 0 43 28 0 0 0 0 38 31 0 0 0 0 21 41 0 0 0 0 0 17 0 0 0 0 0 0 0 0 0 0 0 0 0 0 0 0 0 0 0 0 0 0 0 0 0 0 0 0 4 1 1 0 0 1 2 0 0 0 0 0 0 0 0 0 0 0 0 0 0 0 0 0 0 0 0 0 0 0 0 0 0 11 0 0 
 0 3 0 207 0 1 0 0 0 3 0 0 0 2 0 0 0 0 0 0 542 96 108 91 58 232 0 96 67 67 254 125 358 335 52 62 45 41 28 352 21 0 0 0 0 0 0 0 3 0 0 0 3 0 0 0 5 0 0 0 2 0 0 0 0 3 3 0 0 0 0 0 0 0 0 0 1 0 0 0 0 0 0 0 0 0 0 0 0 0 7 0 0 0 0 0 2 0 0 0 41 17 0 0 0 0 26 44 18 0 0 0 25 53 47 0 37 22 8 26 0 0 0 0 0 0 0 0 1 0 0 0 0 0 0 1 12 0 0 0 0 0 0 0 0 0 0 0 0 0 0 0 0 17 0 0 0 0 0 7 0 0 0 0 0 0 0 0 0 1 0 0 0 0 0 0 0 5 0 0 26 16 2 0 0 0 1 46 49 1 0 0 22 33 20 10 1 14 0 34 0 0 0 0 0 0 0 0 0 0 0 0 0 0 0 0 0 0 0 0 0 0 0 0 0 0 0 0 0 0 0 0 0 0 0 0 0 0 0 0 0 0 0 0 0 0 0 0 0 0 0 0 0 0 6 0 2 0 0 2 0 0 0 0 0 0 1 0 0 0 0 0 0 0 0 0 0 0 0 0 0 0 0 0 0 0 0 0 0 0 
 0 0 0 39 0 0 0 0 0 0 3 0 0 0 0 0 0 0 3 2 362 674 154 65 308 47 96 0 84 45 45 45 178 337 164 201 55 324 59 46 205 4 0 0 2 0 0 0 3 0 0 0 3 0 0 0 5 0 0 0 1 0 0 0 0 3 0 0 0 0 0 0 0 0 3 0 0 0 0 0 0 0 0 1 2 1 0 0 0 0 0 0 0 2 0 0 2 0 0 0 0 40 44 24 0 0 0 33 49 7 0 2 0 18 34 32 45 34 9 0 0 0 0 0 0 0 0 0 1 0 0 0 0 18 0 1 0 0 4 0 0 0 0 6 0 0 12 0 0 0 0 0 0 0 0 0 0 0 0 9 0 4 0 7 0 0 0 0 0 0 0 0 0 0 0 0 0 0 0 0 9 22 39 20 0 0 0 20 21 24 45 1 0 0 38 17 17 27 0 0 0 0 0 0 0 0 0 0 0 0 0 0 0 0 2 0 0 0 0 0 0 0 0 0 0 0 0 0 0 0 0 0 0 1 0 0 0 0 0 0 0 0 0 0 0 0 0 0 0 0 0 0 0 0 9 2 2 0 1 2 0 3 0 0 0 0 9 0 0 0 0 0 0 0 0 0 0 0 0 0 0 0 0 0 0 0 0 0 0 0 
 3 3 77 3 3 3 3 3 3 3 3 3 3 3 4 3 3 3 3 3 30 506 218 95 65 39 67 84 0 569 40 31 60 270 296 255 217 348 55 65 0 14 0 74 2 0 0 0 3 2 0 0 9 0 0 0 5 0 29 0 2 0 0 0 4 3 0 0 0 6 0 0 0 0 0 0 0 4 0 0 0 0 0 0 0 0 0 0 0 0 0 0 0 0 0 0 0 0 0 0 0 9 37 58 0 0 0 0 46 25 23 10 0 0 0 53 35 22 0 0 0 0 0 0 0 0 0 0 0 0 0 0 0 0 0 0 0 0 0 0 0 0 10 10 0 0 0 0 0 0 0 0 0 0 0 0 0 0 0 0 0 0 0 0 0 0 0 0 0 0 0 0 0 0 0 0 3 0 0 0 0 0 22 75 0 39 0 0 6 48 21 30 0 0 9 21 23 17 0 0 0 0 0 0 0 0 0 0 0 0 0 0 0 0 0 0 0 0 0 0 0 0 0 0 0 0 0 0 0 0 0 0 0 0 0 0 0 0 0 0 0 0 3 0 0 0 0 0 0 0 0 0 0 0 11 0 0 2 24 1 2 2 0 0 0 0 9 0 0 0 0 0 0 0 0 0 0 0 0 0 0 48 0 0 0 0 17 0 0 0 
 0 0 0 0 0 0 1 0 0 0 78 0 2 0 0 1 2 0 0 3 36 57 381 404 105 261 67 45 569 0 411 52 162 77 69 252 369 219 70 112 0 1 0 0 1 0 1 1 3 0 0 0 3 2 0 0 49 0 5 0 2 0 0 0 0 3 0 0 0 0 50 0 3 0 0 0 0 0 0 0 1 0 0 0 0 0 0 0 0 0 0 0 0 5 0 0 0 0 0 0 0 2 14 21 7 12 0 1 31 37 45 44 0 1 0 6 1 14 0 0 0 0 0 0 0 0 0 0 0 1 0 0 0 0 0 0 0 0 12 0 27 0 10 0 0 0 0 0 0 0 0 0 0 0 0 0 0 0 0 0 0 0 0 0 0 0 0 0 0 0 0 0 0 0 0 0 4 0 0 0 1 0 10 98 18 18 0 0 1 60 13 22 0 0 3 11 39 9 2 0 0 0 0 0 0 0 0 0 0 0 1 0 0 0 0 0 0 0 22 0 0 0 0 0 0 0 0 0 0 0 0 1 0 0 0 0 0 0 0 0 0 0 16 0 0 0 0 0 0 0 0 0 0 0 8 0 2 150 176 0 11 0 0 0 0 0 0 0 0 0 0 0 0 0 0 0 0 1 0 0 0 30 0 0 0 0 13 0 0 0 
 0 0 2 0 0 0 0 2 0 0 0 2 3 0 0 0 0 0 0 3 45 42 37 175 95 67 254 45 40 411 0 353 12 25 127 81 60 365 18 52 0 0 0 0 1 0 0 0 3 0 0 0 3 0 1 0 5 1 6 0 1 0 0 0 0 3 0 0 0 0 0 0 0 0 0 0 0 0 0 0 0 0 0 0 0 0 0 0 0 0 0 0 0 0 0 0 0 0 0 0 0 0 0 19 41 33 0 0 0 6 48 22 0 2 0 13 1 0 0 0 0 0 0 9 0 0 0 0 0 0 0 0 0 1 0 0 0 0 21 16 6 0 7 0 0 0 0 0 0 0 0 0 32 0 0 0 0 0 0 0 0 0 0 0 0 0 1 0 0 0 0 0 13 0 0 0 0 0 0 0 0 0 27 22 17 24 0 0 1 12 43 63 0 0 1 13 18 4 0 0 0 0 0 0 0 0 1 0 2 0 0 0 12 0 0 1 0 0 32 2 0 0 1 0 0 0 0 0 0 0 0 0 0 0 0 0 0 0 0 0 0 0 0 0 0 0 0 0 0 0 0 0 0 0 0 1 1 43 46 0 16 0 0 0 0 0 1 0 0 11 0 0 0 0 0 0 0 0 0 0 0 31 0 0 0 0 13 0 0 0 
 0 2 1 0 0 0 0 0 0 0 2 2 0 1 0 0 0 0 1 0 104 52 259 355 532 54 125 45 31 52 353 0 243 18 32 107 42 65 48 49 0 0 0 0 0 0 0 64 3 0 0 0 3 0 0 0 30 0 0 64 3 0 0 0 0 3 0 0 0 0 0 0 51 0 0 0 1 0 0 0 0 0 0 0 0 0 0 0 0 0 2 14 0 0 8 0 0 0 0 0 0 0 0 23 42 61 0 1 0 0 54 39 0 0 0 0 0 0 0 0 0 0 0 0 0 0 4 0 0 0 0 0 0 0 0 0 0 2 69 45 13 0 1 1 12 0 0 0 0 0 0 0 0 2 0 0 0 0 0 0 0 0 0 0 0 0 2 0 0 0 0 0 0 0 0 0 0 0 0 0 0 0 0 24 32 34 0 0 2 0 31 21 0 0 0 0 22 12 0 0 1 0 0 0 0 0 1 0 0 0 0 0 16 0 0 0 0 0 4 0 0 0 0 0 0 0 0 0 0 0 0 0 0 0 1 0 0 20 0 0 0 0 0 0 0 0 0 0 0 0 0 0 0 0 5 0 0 153 156 2 17 0 0 0 0 0 0 0 0 0 0 8 0 0 0 0 0 0 0 0 0 0 0 0 0 0 0 0 0 0 
 3 3 3 3 3 4 3 3 3 3 6 3 5 3 4 6 3 3 3 3 44 34 495 58 96 38 358 178 60 162 12 243 0 153 40 29 37 35 302 150 0 0 0 0 3 1 0 0 3 3 0 0 3 0 0 0 3 0 0 0 1 0 0 0 0 3 11 0 0 0 0 0 0 0 0 0 0 0 0 0 1 0 0 0 3 0 0 0 0 0 0 0 0 0 0 0 0 0 0 0 32 12 0 0 0 0 10 3 0 0 0 0 32 11 9 2 0 1 9 24 0 1 0 0 0 0 0 0 0 0 0 0 0 0 0 0 0 0 5 19 5 0 0 0 0 0 0 0 0 0 0 0 0 5 0 0 0 0 3 1 0 0 0 0 0 0 0 0 0 0 0 0 1 1 0 0 0 7 0 0 25 7 0 0 0 0 6 41 20 0 0 0 28 27 13 0 0 0 15 14 0 0 0 0 0 0 0 0 0 0 0 0 0 0 0 0 0 0 2 0 0 0 0 0 0 0 0 0 0 0 0 1 0 0 0 0 0 0 0 0 0 0 0 0 0 0 0 0 0 0 0 0 0 0 6 0 0 0 0 1 2 2 0 0 0 0 0 0 0 0 0 0 0 0 0 0 0 1 0 0 0 0 0 0 0 0 0 0 0 0 
 0 2 0 0 0 0 1 0 1 0 0 0 0 12 0 0 2 0 1 0 207 68 66 282 61 53 335 337 270 77 25 18 153 0 542 159 41 42 90 352 0 0 0 5 2 0 0 0 3 0 0 0 8 0 0 3 3 0 2 0 2 0 0 0 4 3 4 0 0 5 0 0 0 0 0 0 0 4 0 0 0 0 0 0 0 0 0 0 0 0 0 0 0 0 1 0 0 0 0 0 32 25 1 21 0 0 11 40 16 1 0 0 8 26 60 9 27 20 5 18 0 0 0 0 0 0 0 0 0 0 0 0 0 0 0 0 0 2 0 0 0 0 0 0 0 40 0 0 0 0 0 0 0 4 2 0 0 0 0 7 0 0 0 5 0 0 0 0 0 0 0 0 0 0 0 0 1 6 1 0 16 33 60 0 0 0 1 66 41 18 21 0 0 9 31 33 22 10 0 14 0 0 0 0 0 18 18 0 0 0 0 0 0 0 0 0 0 1 0 0 0 7 0 0 0 0 0 0 0 0 0 0 0 0 0 0 0 0 0 0 0 0 0 0 0 0 0 0 0 0 0 0 0 0 15 0 0 0 0 3 0 1 0 0 0 0 0 0 0 0 0 0 0 0 0 0 0 0 0 0 0 0 0 0 0 0 0 0 0 0 
 0 1 0 0 0 0 0 2 0 2 0 0 3 0 0 0 0 0 0 4 380 647 276 248 77 47 52 164 296 69 127 32 40 542 0 216 46 28 35 107 0 11 0 0 2 0 0 1 3 0 0 0 3 0 0 0 5 0 1 0 1 0 0 0 0 3 0 0 0 0 0 0 0 0 49 0 0 0 0 0 0 0 0 0 0 0 0 0 0 0 0 0 0 0 0 0 0 0 0 0 0 36 34 48 0 0 1 28 57 5 0 0 1 16 40 32 80 38 10 0 0 0 0 0 0 0 0 0 0 0 0 0 0 0 0 0 1 0 0 0 0 0 0 10 0 0 0 0 0 0 0 0 0 0 0 0 0 0 0 7 0 0 0 3 0 0 0 0 0 0 0 0 0 0 0 0 0 0 0 0 9 49 40 20 0 0 0 18 22 29 40 0 1 2 41 23 24 37 0 1 0 0 0 0 0 0 0 0 0 0 0 0 0 0 0 2 0 0 0 0 0 0 0 0 0 0 0 15 0 1 0 0 0 14 0 0 0 0 0 0 0 0 0 0 0 0 0 0 0 0 0 0 0 0 9 0 0 0 0 2 2 1 0 0 0 0 19 0 0 0 0 0 0 0 0 0 0 0 0 0 0 0 0 0 0 0 0 0 0 0 
 2 83 0 4 0 0 0 0 0 0 0 2 0 0 0 0 0 0 0 0 35 449 295 269 97 53 62 201 255 252 81 107 29 159 216 0 310 427 28 371 0 6 0 0 2 0 0 0 3 40 0 0 3 0 0 0 5 0 13 0 1 3 0 0 0 3 0 0 0 0 56 37 0 0 0 0 0 0 0 0 0 0 0 0 0 0 0 0 0 0 0 0 0 0 0 0 12 0 0 0 0 29 44 20 0 0 0 0 6 74 23 26 0 0 15 42 19 31 0 0 0 0 0 0 0 0 0 0 0 0 0 0 0 0 0 0 0 0 0 0 0 0 0 5 2 0 0 0 0 0 0 0 0 0 0 0 0 0 2 2 0 0 0 10 0 0 0 0 0 0 0 0 0 0 8 0 4 0 0 0 0 16 14 82 1 2 4 0 5 47 31 1 7 0 15 20 19 27 0 0 0 0 0 0 0 0 0 0 0 0 0 0 0 0 0 0 0 0 0 0 0 0 0 0 0 0 0 0 0 2 0 0 0 0 0 0 0 0 0 0 0 0 1 0 11 0 0 0 0 0 0 0 0 0 14 0 2 1 2 0 3 15 0 0 0 0 8 0 0 0 0 0 0 0 0 0 0 0 0 0 0 38 0 0 0 0 25 0 0 0 
 1 0 0 0 0 0 0 0 0 1 0 0 0 0 0 0 0 0 0 0 22 356 163 88 268 54 45 55 217 369 60 42 37 41 46 310 0 341 46 25 1 3 0 0 2 0 0 0 3 0 0 1 3 0 0 0 5 0 8 0 0 0 0 0 0 3 0 0 0 0 0 0 50 0 0 0 0 0 0 29 0 0 0 0 0 0 0 0 0 0 0 0 0 0 0 0 0 0 0 0 0 10 39 30 1 0 0 1 21 72 12 13 0 1 6 47 13 26 1 0 1 0 0 0 0 0 0 0 0 0 0 0 0 0 0 0 0 0 0 1 0 0 3 2 0 0 0 0 0 0 0 0 0 0 0 0 0 0 0 0 0 0 0 0 0 0 0 0 0 0 0 0 0 0 0 0 7 0 0 0 1 2 21 35 7 1 0 0 27 61 37 22 0 0 15 15 13 10 0 0 0 0 0 0 0 0 0 0 0 0 0 0 2 0 0 0 0 0 0 0 0 0 0 0 0 0 0 0 0 0 0 0 0 0 0 0 0 0 0 0 0 0 13 0 0 0 0 0 0 0 0 0 0 0 0 0 3 0 1 1 14 3 0 0 0 0 10 0 0 0 0 0 0 0 0 0 0 0 0 0 0 28 0 0 0 0 16 0 0 0 
 0 0 0 76 0 0 0 0 0 61 3 5 73 0 0 3 0 0 2 6 34 52 345 361 35 74 41 324 348 219 365 65 35 42 28 427 341 0 25 69 0 0 0 0 1 0 0 0 3 0 0 0 3 0 0 0 4 0 3 0 2 0 0 0 0 3 0 0 0 0 0 23 0 0 0 0 0 0 0 0 0 0 0 1 2 0 0 0 0 0 0 0 0 2 0 0 0 21 0 0 0 0 14 27 29 0 0 0 12 45 39 53 0 9 0 12 0 16 0 0 0 0 0 0 0 0 0 0 0 0 0 0 0 0 0 0 0 0 15 0 18 0 20 0 0 0 0 0 0 0 0 0 0 0 0 0 0 0 0 0 0 0 0 0 0 0 0 0 0 0 0 0 0 0 0 0 5 0 0 0 0 0 23 69 37 13 0 0 7 12 18 35 0 0 0 10 126 8 0 0 1 0 0 0 2 0 0 0 0 0 0 0 0 0 2 0 0 0 1 0 0 0 0 0 0 10 0 0 0 0 0 0 0 1 2 0 0 0 0 0 0 0 25 0 0 0 0 0 0 0 0 0 0 0 2 1 3 146 149 2 22 0 0 58 0 0 0 0 0 0 0 0 0 0 0 0 0 0 0 0 0 27 0 0 0 0 10 0 0 0 
 2 0 0 1 0 310 0 0 0 1 0 2 0 0 0 2 0 0 0 0 16 251 40 93 64 38 28 59 55 70 18 48 302 90 35 28 46 25 0 314 0 0 0 0 24 1 0 0 3 0 0 0 3 0 0 0 5 1 0 0 2 0 0 0 50 3 4 0 3 0 0 0 0 0 3 3 0 2 0 0 0 0 0 0 0 15 0 0 0 14 2 1 0 0 0 0 0 0 0 0 38 0 13 0 0 0 36 0 0 0 0 0 53 10 0 0 1 0 5 39 11 0 0 0 0 0 0 0 0 0 0 0 0 0 0 0 0 0 0 0 0 0 0 0 0 0 0 0 0 0 0 0 0 25 0 0 0 0 6 0 0 0 0 0 10 10 0 0 0 1 0 0 0 5 0 0 0 0 12 0 52 1 0 0 0 0 25 1 15 0 0 0 61 25 11 1 0 0 28 50 0 0 0 0 0 0 0 0 0 0 0 0 0 0 0 9 0 0 0 0 0 0 0 0 0 0 0 0 0 0 0 0 0 0 0 0 0 0 0 0 0 0 0 0 0 0 0 0 0 1 0 0 0 0 11 2 0 0 0 0 0 0 0 0 0 0 0 0 0 0 0 0 0 0 0 0 0 0 0 0 0 0 0 0 0 0 0 0 0 0 
 0 30 0 2 0 0 1 0 1 0 1 12 0 2 3 0 2 0 2 0 108 71 55 61 175 206 352 46 65 112 52 49 150 352 107 371 25 69 314 0 0 0 0 0 78 5 0 0 3 0 0 1 3 0 0 0 6 0 0 1 3 3 0 0 1 3 3 0 0 0 0 0 1 0 5 0 0 3 2 0 0 0 0 0 0 0 0 0 0 0 0 0 0 0 2 2 11 0 0 0 52 14 0 1 0 0 24 30 7 0 0 0 15 22 8 0 10 5 18 28 0 0 0 0 0 0 0 0 0 0 0 0 0 0 0 0 0 0 0 0 0 0 0 0 0 0 0 0 0 0 0 0 0 28 1 0 0 0 2 0 0 0 0 0 0 1 0 0 0 0 1 0 0 4 19 0 0 6 1 0 59 10 2 0 0 0 22 31 46 1 0 34 24 64 19 0 1 0 15 54 2 0 0 0 0 0 0 0 0 0 0 0 0 0 0 0 0 7 0 0 0 0 0 0 2 0 2 0 0 0 0 0 0 0 0 0 0 0 0 0 0 0 0 0 0 0 0 0 1 0 0 0 0 0 1 0 0 2 0 0 1 2 0 0 0 1 2 0 0 0 0 0 0 0 0 0 0 0 0 0 0 0 0 0 0 0 0 0 0 0 
 4 3 2 3 2 3 3 5 3 5 2 10 3 2 3 4 3 2 2 2 0 0 0 0 0 0 21 205 0 0 0 0 0 0 0 0 1 0 0 0 0 96 97 266 41 41 328 247 37 33 40 31 61 124 234 37 40 44 513 110 3 4 24 9 0 0 0 0 7 8 7 3 0 0 0 2 5 25 3 19 0 0 0 0 0 0 0 0 0 0 10 0 0 0 18 0 0 0 0 0 0 0 0 0 0 0 0 0 0 0 0 0 0 3 0 0 0 0 0 17 12 26 53 9 0 0 19 42 69 68 14 0 0 15 31 31 20 35 0 0 0 0 0 6 14 59 0 0 0 0 5 4 0 10 0 5 1 0 0 0 0 14 1 0 0 0 0 0 0 0 12 0 0 0 0 0 0 0 0 0 0 0 0 0 0 0 0 0 0 0 0 0 0 0 0 0 0 0 0 0 0 48 58 2 0 0 0 1 14 23 6 3 0 2 20 22 38 17 0 0 0 0 4 1 5 9 0 0 0 0 0 4 1 0 0 0 0 0 0 0 0 0 11 0 0 0 0 0 0 0 0 2 0 1 2 0 0 0 0 0 0 0 2 0 0 0 13 0 2 0 0 0 0 0 0 8 0 0 0 0 0 0 0 0 1 2 0 0 0 0 
 0 0 0 0 0 0 0 0 0 3 0 0 0 0 0 0 0 0 0 0 3 8 3 0 0 0 0 4 14 1 0 0 0 0 11 6 3 0 0 0 96 0 292 86 271 30 58 365 260 46 55 36 58 67 292 753 234 70 56 88 0 0 0 0 0 0 0 0 0 0 0 0 0 0 0 0 0 0 20 5 0 0 0 0 0 0 0 0 0 0 0 0 0 0 12 0 0 0 0 0 0 8 8 2 1 0 0 0 11 7 0 0 0 0 3 1 14 6 0 0 0 11 22 16 45 1 0 0 20 1 24 0 0 0 0 19 47 18 0 0 0 0 0 0 0 0 0 14 0 0 0 0 0 0 0 0 0 0 0 0 0 0 0 0 0 0 0 0 0 0 0 0 0 0 0 0 0 0 0 0 0 22 5 6 0 0 0 0 0 2 13 0 0 0 6 6 12 1 0 0 33 0 34 36 0 1 0 0 0 25 34 19 0 0 0 6 26 44 0 0 0 0 0 0 0 0 0 0 0 0 0 0 0 0 0 0 0 0 0 0 0 0 47 0 0 2 0 0 0 0 0 2 0 0 0 0 0 0 0 1 0 0 0 1 0 2 0 0 2 0 19 0 0 0 0 0 0 0 0 0 1 13 1 0 0 30 0 0 0 0 
 0 0 0 2 0 0 0 65 61 0 0 3 0 0 0 0 0 0 0 3 3 0 0 0 1 0 0 0 0 0 0 0 0 0 0 0 0 0 0 0 97 292 0 117 45 43 60 106 112 342 70 59 263 50 52 126 105 537 50 120 0 0 0 0 0 0 0 0 0 0 0 1 0 0 0 0 0 0 0 3 0 0 13 0 0 0 0 0 0 0 0 0 0 0 0 0 0 0 0 0 0 0 0 0 0 0 0 0 0 0 0 0 0 0 0 0 0 0 0 0 9 40 1 21 16 0 0 0 1 3 32 10 0 4 11 18 33 20 0 0 0 2 0 0 0 0 0 2 0 0 0 0 0 0 0 0 0 0 1 0 0 0 0 0 0 0 8 0 0 0 0 0 0 0 0 0 0 0 4 19 0 0 0 0 0 0 0 0 0 0 0 0 0 0 0 0 0 0 0 0 0 22 15 50 0 10 0 1 9 59 38 24 0 0 10 30 8 29 0 0 0 0 0 0 0 0 0 0 0 0 0 0 0 0 0 0 0 0 0 20 0 0 0 0 0 0 0 0 0 0 0 11 0 0 0 0 0 0 0 1 0 22 4 1 2 6 2 1 0 0 12 0 0 0 0 0 0 0 0 0 0 4 2 0 36 16 0 0 1 0 
 3 3 31 3 0 0 0 8 5 0 0 3 0 3 71 1 1 0 61 0 0 0 0 0 3 0 0 0 74 0 0 0 0 5 0 0 0 0 0 0 266 86 117 0 96 717 62 58 368 383 427 255 281 42 69 69 49 240 350 484 0 0 0 0 0 0 0 0 0 0 0 0 0 0 0 0 5 0 0 0 5 8 6 1 0 0 0 8 8 1 2 0 0 0 17 0 8 1 5 0 0 0 0 0 0 0 0 0 0 0 0 0 0 1 0 0 0 0 0 0 0 0 0 38 30 5 0 0 0 0 0 24 0 0 0 0 0 0 0 0 0 4 0 0 0 0 0 0 0 0 0 0 0 0 0 0 0 0 28 18 6 12 1 5 0 0 0 3 0 8 0 0 0 0 4 11 1 3 6 4 0 0 0 0 0 4 0 0 0 0 0 10 0 0 1 0 0 0 0 0 0 0 0 25 42 49 0 0 0 0 16 26 0 3 0 0 0 0 0 0 0 0 0 0 0 0 0 0 0 0 0 0 1 1 0 0 0 0 4 21 0 0 0 0 0 0 0 0 0 0 0 3 0 1 0 0 0 0 0 20 0 0 42 35 2 9 0 3 0 0 0 0 0 0 0 0 0 0 0 0 0 0 0 0 13 0 0 0 1 0 
 0 75 0 0 0 63 0 0 0 0 0 0 0 0 0 0 0 0 0 0 1 1 2 1 0 0 0 2 2 1 1 0 3 2 2 2 2 1 24 78 41 271 45 96 0 200 399 62 75 90 81 683 81 52 309 62 52 121 73 57 0 1 0 0 0 19 0 0 0 0 0 0 0 0 0 0 9 0 4 1 0 0 0 0 0 7 0 0 0 0 0 0 0 0 0 0 0 0 0 0 17 0 0 0 0 0 0 6 0 0 0 0 0 28 0 0 0 0 3 11 0 0 0 0 11 8 0 0 0 0 0 23 0 0 0 0 0 9 0 0 0 0 0 0 0 0 45 0 0 0 0 0 15 19 0 0 4 0 20 15 0 4 0 0 9 0 0 0 0 0 0 0 0 0 21 0 0 0 0 5 0 0 0 0 0 0 2 17 1 0 0 0 16 23 0 0 0 9 0 8 0 0 0 0 36 26 0 0 0 0 0 0 0 0 0 0 0 0 0 0 11 0 0 0 0 0 1 0 0 0 0 0 51 9 1 0 0 0 67 20 0 0 0 0 0 0 0 0 0 0 0 8 0 0 0 0 0 0 1 1 0 22 1 1 0 1 0 2 0 0 0 0 0 0 0 0 0 0 0 0 0 4 0 0 0 0 0 0 1 0 
 3 0 2 64 65 1 0 0 0 0 67 36 0 0 0 0 5 4 0 63 0 4 0 0 2 2 0 0 0 0 0 0 1 0 0 0 0 0 1 5 41 30 43 717 200 0 29 30 52 66 60 55 43 40 127 57 321 62 60 72 14 0 0 0 5 5 0 0 1 0 0 51 0 2 2 0 1 2 52 0 0 0 0 0 14 9 0 0 0 0 0 6 0 0 0 0 0 20 1 0 1 0 0 0 0 0 16 0 0 0 0 0 1 0 0 0 0 0 0 0 0 0 0 7 7 21 0 0 9 5 5 4 0 0 1 0 5 0 0 0 10 12 0 0 0 0 20 0 0 0 0 0 15 4 0 0 0 0 1 6 0 15 0 0 19 2 0 6 0 0 0 0 0 0 0 0 0 0 0 0 0 0 0 0 0 0 0 0 0 0 0 0 0 0 0 0 0 0 0 0 0 0 0 4 17 19 0 0 0 5 4 11 0 0 0 0 0 3 0 1 21 0 0 0 0 0 10 0 18 0 0 0 22 51 0 0 0 0 12 15 0 0 0 0 10 0 68 0 0 0 0 15 0 0 1 0 0 0 0 0 0 0 0 0 0 0 2 4 0 0 0 0 0 0 0 2 0 2 0 0 0 0 4 0 6 0 0 0 0 0 
 0 0 0 1 0 0 0 0 0 0 0 1 0 0 0 0 0 0 0 0 0 0 0 0 1 0 0 0 0 1 0 0 0 0 0 0 0 0 0 0 328 58 60 62 399 29 0 312 53 244 37 52 368 318 42 39 29 27 52 188 0 4 0 0 0 1 0 0 0 0 0 0 0 0 0 0 0 21 45 55 0 0 0 0 0 0 0 0 0 0 0 0 0 0 0 0 0 0 0 0 0 0 0 0 1 0 0 0 0 0 0 0 0 0 0 0 0 0 0 0 39 28 43 0 0 0 40 33 47 82 1 0 26 21 42 17 0 20 0 1 0 0 0 0 0 0 2 0 0 0 0 0 0 52 0 0 0 0 3 0 0 0 6 0 0 0 0 0 0 0 0 21 0 0 8 0 0 0 0 0 0 0 0 0 0 0 0 0 0 0 0 0 0 0 0 0 0 0 0 0 26 45 6 0 0 1 31 19 21 0 1 1 8 30 29 19 18 0 0 0 0 0 0 0 0 0 5 3 0 0 0 0 0 7 16 0 0 0 1 0 0 0 1 0 0 0 0 0 0 0 0 13 0 0 14 0 0 0 0 0 0 0 0 0 0 2 1 0 0 0 9 0 0 0 0 0 0 0 0 0 0 0 0 0 0 0 0 0 0 0 
 0 0 0 2 0 0 0 0 0 0 3 2 0 0 0 5 0 0 0 3 0 1 0 0 2 0 0 0 0 1 0 64 0 0 1 0 0 0 0 0 247 365 106 58 62 30 312 0 242 52 36 24 85 357 168 56 48 44 59 151 2 0 23 0 2 15 5 3 0 6 3 7 0 2 8 15 0 7 8 13 0 0 0 0 0 0 0 0 0 0 0 0 0 0 0 0 0 0 0 0 17 0 0 0 0 0 0 0 0 0 0 0 0 0 0 0 0 0 0 0 2 12 77 5 2 0 0 0 33 44 26 0 0 0 21 73 29 30 0 0 0 0 2 0 1 0 0 24 10 6 0 0 0 0 8 0 4 44 0 0 0 0 0 0 0 0 0 0 0 0 0 0 0 0 0 0 0 0 0 0 0 0 0 0 0 0 0 0 0 0 0 0 0 0 0 0 0 0 0 0 0 14 40 11 0 0 0 0 6 23 28 19 0 0 2 35 31 20 0 0 8 7 6 5 0 0 0 0 8 3 1 0 0 0 0 5 9 2 0 0 0 0 6 0 0 0 0 0 0 0 0 13 0 0 0 0 0 0 0 0 0 0 0 0 0 1 3 0 0 0 12 0 0 0 0 0 0 0 0 0 0 0 0 0 0 47 0 0 0 0 
 2 0 0 0 0 0 0 2 0 0 0 0 0 0 0 0 0 25 0 0 3 3 41 3 4 3 3 3 3 3 3 3 3 3 3 3 3 3 3 3 37 260 112 368 75 52 53 242 0 289 67 233 68 58 145 229 150 246 89 138 0 0 0 0 2 0 0 0 0 0 0 0 0 0 0 0 206 0 0 3 0 0 0 0 0 0 13 0 0 0 0 0 0 0 0 0 0 0 0 10 0 0 0 0 0 0 0 0 0 0 0 0 0 0 0 0 0 0 0 0 0 0 0 21 15 0 0 0 0 0 26 11 0 0 0 12 31 9 0 0 0 2 0 0 0 0 0 8 0 0 0 0 0 0 0 0 0 0 1 0 0 0 0 0 0 0 0 0 18 0 0 0 0 0 0 0 0 0 4 0 0 0 0 0 0 0 0 0 0 0 0 0 0 0 1 0 0 0 0 0 0 0 12 45 1 45 0 0 1 37 27 22 0 0 0 30 0 33 0 0 0 0 0 0 0 0 0 0 0 0 0 0 0 0 0 0 0 0 19 4 0 0 0 0 0 0 21 0 0 0 0 12 0 0 0 0 0 0 0 0 0 0 4 1 2 7 1 4 0 0 10 0 0 0 0 0 0 0 0 0 0 0 0 0 11 40 0 0 0 0 
 4 3 3 3 3 3 3 3 3 5 3 3 4 3 3 3 3 3 3 3 1 0 0 0 0 0 0 0 2 0 0 0 3 0 0 40 0 0 0 0 33 46 342 383 90 66 244 52 289 0 309 82 88 49 97 317 190 141 80 71 2 0 23 2 4 0 0 0 0 9 0 1 2 0 0 0 4 6 0 3 0 0 0 0 0 0 0 0 0 0 0 0 0 0 0 0 0 0 0 0 0 0 0 0 0 0 9 0 0 0 0 0 0 0 0 0 0 0 0 7 2 12 0 40 38 20 0 0 1 9 18 18 0 1 4 9 16 0 0 33 0 8 0 2 0 0 0 0 0 0 0 0 0 0 0 0 0 0 0 0 0 0 0 0 0 0 0 0 0 19 0 0 0 0 0 0 0 0 3 0 0 0 0 0 0 0 0 0 0 0 0 0 0 0 0 0 0 0 0 0 0 0 7 57 29 11 0 0 4 10 12 27 0 1 1 1 4 19 0 0 0 0 0 0 0 0 0 0 0 0 0 0 0 0 0 0 0 0 8 23 0 0 0 0 0 1 0 0 0 0 0 14 0 2 0 0 0 0 0 9 0 0 65 63 0 8 0 65 2 0 0 0 0 0 0 0 0 0 0 0 0 0 4 0 9 0 0 0 2 0 
 3 0 0 2 0 0 0 0 0 0 0 2 0 0 0 0 0 73 0 0 0 1 0 0 3 0 0 0 0 0 0 0 0 0 0 0 0 0 0 0 40 55 70 427 81 60 37 36 67 309 0 471 244 27 49 88 107 247 34 38 0 0 0 0 0 1 0 0 0 0 0 0 0 0 0 0 33 0 0 0 0 0 0 0 0 0 0 0 0 0 0 0 10 0 0 0 0 0 0 0 0 0 0 0 0 0 0 0 0 0 0 0 0 0 0 10 0 0 0 0 0 0 0 4 17 20 0 0 0 0 3 42 0 0 0 0 0 0 0 0 8 12 0 0 0 0 0 0 0 0 0 0 1 0 0 0 0 0 20 9 0 5 0 0 0 0 0 0 0 0 0 0 0 0 0 0 0 0 12 6 0 0 1 0 0 0 0 0 0 7 0 0 0 0 0 0 0 0 0 0 0 0 0 11 20 20 0 10 0 0 0 18 0 0 0 0 0 0 0 0 0 0 0 0 0 0 0 3 0 0 0 4 0 0 0 0 0 0 9 11 0 0 0 0 0 0 0 0 0 0 0 11 0 0 0 0 1 0 6 6 0 18 5 2 0 11 0 44 4 0 0 0 0 0 0 0 0 0 0 0 0 0 0 0 12 0 0 0 0 0 
 4 3 2 2 2 4 3 6 67 3 2 4 78 2 2 5 3 4 2 2 2 0 206 0 0 2 0 0 0 0 0 0 0 0 0 0 1 0 0 1 31 36 59 255 683 55 52 24 233 82 471 0 253 49 54 41 98 83 243 27 1 0 0 28 0 1 0 0 0 0 0 0 0 0 0 0 17 0 0 0 0 0 0 0 0 0 0 13 0 0 0 0 0 0 0 1 0 0 0 0 0 0 0 0 0 0 0 0 0 0 0 0 0 0 0 0 0 0 13 0 0 0 0 11 18 85 0 0 0 0 0 24 0 0 0 0 0 0 29 0 0 23 0 0 0 0 16 0 0 0 0 0 23 0 0 0 3 0 20 16 0 11 0 0 0 0 0 0 0 0 0 9 0 0 0 0 0 0 1 5 0 14 1 0 0 0 0 0 0 0 0 0 0 0 0 0 0 0 0 0 0 0 0 0 53 47 0 0 0 0 1 30 0 0 0 0 0 0 0 0 2 0 0 0 0 0 0 0 0 0 0 0 47 15 0 0 0 0 98 34 0 0 0 0 0 0 0 0 0 0 0 13 0 0 2 0 0 0 0 25 0 0 64 62 1 2 3 66 2 0 0 0 0 0 0 0 0 0 0 0 0 0 0 0 1 0 0 0 0 0 
 0 2 5 0 0 0 0 1 25 4 5 2 0 2 0 4 13 3 0 0 4 3 3 3 3 3 3 3 9 3 3 3 3 8 3 3 3 3 3 3 61 58 263 281 81 43 368 85 68 88 244 253 0 90 50 60 50 46 325 172 0 0 0 0 0 0 0 0 0 0 0 0 0 0 0 0 0 34 0 0 0 8 13 19 0 0 0 1 1 7 11 1 0 0 1 4 1 4 0 0 0 0 0 0 0 0 0 0 0 0 0 0 0 18 0 0 0 0 0 0 46 12 7 0 0 0 48 41 17 8 1 0 31 24 26 0 0 0 15 10 0 0 0 0 0 0 8 11 0 0 0 0 0 0 0 0 0 0 0 0 1 1 28 2 0 4 0 0 0 8 0 2 0 0 3 7 4 2 0 0 0 0 0 0 0 0 0 0 0 0 0 0 0 0 0 0 0 0 0 0 24 36 0 1 0 0 41 41 12 0 0 0 20 33 35 1 1 0 0 25 0 9 0 0 0 0 0 0 0 0 0 0 0 0 0 0 0 0 0 0 0 30 0 0 0 0 0 0 0 0 0 4 0 0 0 0 0 0 0 0 0 0 1 0 0 2 2 0 2 0 0 0 0 0 0 0 0 0 0 0 0 0 0 0 0 0 0 0 0 0 
 0 0 0 0 0 0 0 0 0 0 0 0 0 0 0 0 63 0 0 0 0 0 0 0 0 0 0 0 0 2 0 0 0 0 0 0 0 0 0 0 124 67 50 42 52 40 318 357 58 49 27 49 90 0 342 29 16 42 322 165 0 0 0 0 0 0 1 10 0 0 0 0 0 3 3 3 0 4 2 5 0 0 0 0 0 0 0 11 0 0 0 0 0 0 0 0 0 0 0 0 0 0 0 0 0 0 0 0 0 0 0 0 0 0 0 0 0 0 0 0 13 21 35 17 0 0 10 29 24 37 11 0 0 10 27 22 9 14 1 0 5 0 5 0 0 0 12 8 3 4 0 0 0 0 13 0 4 4 0 0 0 0 0 0 0 0 0 0 0 0 0 0 0 0 0 0 0 0 0 0 0 0 0 0 0 0 0 0 0 0 0 0 0 0 0 0 0 0 0 0 1 44 23 1 0 0 0 0 34 10 1 0 0 0 17 4 23 9 0 0 12 3 4 4 0 0 0 0 14 7 2 0 0 0 13 4 18 4 0 0 0 0 9 0 0 0 0 0 0 0 0 10 0 0 0 0 0 0 0 0 0 0 0 0 0 1 0 0 0 0 3 0 0 0 0 0 0 0 0 0 0 0 0 0 0 5 0 0 0 0 
 0 0 0 0 0 0 0 0 0 2 0 0 3 0 0 2 0 0 0 0 0 0 20 0 0 1 0 0 0 0 1 0 0 0 0 0 0 0 0 0 234 292 52 69 309 127 42 168 145 97 49 54 50 342 0 101 36 42 73 155 5 0 5 1 0 0 0 4 4 17 0 0 0 1 0 2 6 6 5 5 0 0 0 0 0 0 0 0 0 0 0 0 9 0 0 0 0 0 0 0 0 0 0 0 0 0 0 0 0 0 0 0 0 0 0 0 9 0 0 0 0 13 50 20 2 0 0 1 47 72 7 0 0 11 14 23 29 43 0 0 0 0 0 8 4 7 0 8 0 9 7 4 0 0 0 13 6 0 0 0 0 10 0 0 0 0 0 27 0 0 0 0 0 0 0 0 0 0 0 0 0 0 0 0 0 0 0 0 0 0 0 0 0 0 0 0 0 0 0 0 0 10 24 20 0 0 0 0 13 48 45 11 0 0 0 63 48 24 0 1 0 0 6 11 4 0 0 0 0 0 4 9 0 0 0 0 0 0 0 0 0 0 13 0 0 0 0 0 0 0 0 10 0 0 0 0 0 2 0 2 2 20 0 0 0 5 0 0 0 0 19 0 0 0 0 2 0 0 0 0 0 0 0 0 0 10 0 0 0 0 
 0 2 0 0 0 1 1 3 2 2 0 0 3 0 0 3 1 0 0 0 0 61 62 0 1 0 0 0 0 0 0 0 0 3 0 0 0 0 0 0 37 753 126 69 62 57 39 56 229 317 88 41 60 29 101 0 124 224 29 113 0 0 0 3 2 0 0 0 0 5 5 3 0 0 0 1 0 5 0 3 0 0 0 0 9 0 0 0 0 9 0 0 0 0 0 0 0 0 0 0 0 0 0 11 0 0 0 0 0 0 0 0 0 0 0 0 0 0 0 0 0 1 8 4 14 1 0 0 0 0 26 15 0 0 0 11 26 8 0 0 0 5 0 0 0 5 0 7 0 0 0 4 0 0 0 9 0 0 0 0 0 0 0 0 0 0 0 0 0 0 0 0 0 0 0 1 0 0 3 0 0 0 0 0 0 0 0 0 0 0 0 0 0 0 0 0 0 0 0 0 0 1 10 57 7 10 0 0 14 18 47 15 0 0 0 18 1 19 0 0 0 0 0 1 0 14 0 0 0 0 1 4 0 0 0 0 0 0 0 0 0 0 0 0 0 0 0 0 0 0 0 5 0 0 0 0 0 0 0 1 0 0 1 1 0 9 10 1 2 0 18 0 0 0 0 3 0 0 0 0 0 0 0 0 16 22 0 0 0 0 
 3 1 2 2 2 0 1 7 1 3 68 3 1 0 2 2 2 0 1 1 6 7 5 5 5 4 5 5 5 49 5 30 3 3 5 5 5 4 5 6 40 234 105 49 52 321 29 48 150 190 107 98 50 16 36 124 0 190 53 178 0 0 0 0 0 0 0 0 0 0 0 207 0 0 0 0 2 0 0 0 0 0 0 0 0 0 0 0 0 0 0 0 0 0 9 0 0 0 0 0 0 0 0 0 0 0 0 0 0 0 0 0 0 0 0 0 0 0 0 0 0 1 0 22 0 16 0 0 0 0 8 19 0 0 0 10 14 0 0 0 0 2 0 0 22 0 13 13 0 0 0 0 4 0 0 0 0 0 1 11 0 0 0 0 0 0 0 0 0 0 0 0 0 0 0 0 0 0 5 2 0 0 0 0 0 0 0 0 0 0 0 0 0 0 0 18 0 0 0 0 0 0 10 40 3 9 0 0 0 22 28 0 0 0 0 18 1 12 0 0 0 0 0 0 0 0 0 0 0 0 0 0 5 0 0 0 0 0 8 4 0 0 0 0 0 0 0 0 0 2 0 5 0 0 0 0 0 2 0 0 0 0 5 0 2 17 0 0 0 0 18 0 0 0 0 0 0 0 0 0 0 0 0 0 15 8 0 0 0 0 
 0 0 32 8 0 0 0 3 0 0 0 4 0 0 0 2 0 0 0 0 0 0 0 0 0 1 0 0 0 0 1 0 0 0 0 0 0 0 1 0 44 70 537 240 121 62 27 44 246 141 247 83 46 42 42 224 190 0 32 29 0 0 0 0 0 0 0 0 0 0 0 0 0 0 0 0 1 47 0 0 0 0 0 0 0 0 0 0 0 0 0 0 0 0 0 0 0 0 0 0 0 0 0 0 0 0 0 0 0 0 0 0 0 0 0 0 0 0 0 0 27 14 3 39 49 21 0 5 0 0 14 13 0 10 32 5 13 20 0 0 0 7 0 0 0 0 0 3 43 0 0 0 0 0 0 0 0 0 1 0 0 0 0 0 0 0 0 0 0 0 0 0 0 0 0 0 0 0 7 0 0 0 0 0 0 0 0 0 0 0 0 0 0 0 0 0 0 0 0 0 0 3 4 39 27 17 0 1 37 0 0 32 0 6 31 2 58 13 0 0 0 0 0 0 0 0 0 18 0 0 0 0 0 0 0 0 0 0 7 33 0 0 0 0 0 0 0 0 0 0 0 11 0 0 0 0 0 0 0 20 0 0 88 62 0 2 1 70 0 0 0 0 0 0 53 0 0 0 0 0 0 2 1 0 12 0 0 0 1 0 
 0 2 63 0 0 1 1 3 2 2 0 0 4 0 0 4 1 0 0 0 0 0 9 2 1 213 0 0 29 5 6 0 0 2 1 13 8 3 0 0 513 56 50 350 73 60 52 59 89 80 34 243 325 322 73 29 53 32 0 172 0 0 0 0 0 0 0 0 17 0 0 0 0 0 0 32 0 0 0 0 0 0 0 0 0 0 0 0 0 0 0 0 0 7 0 0 0 0 0 0 0 0 0 0 1 0 0 0 6 13 3 1 0 0 0 13 0 0 0 1 36 7 1 0 0 0 40 0 0 0 0 0 62 15 0 0 0 0 13 12 0 0 0 0 0 0 10 0 0 0 9 0 0 0 0 0 0 0 0 0 0 0 8 0 0 0 3 0 0 0 9 0 0 0 0 0 0 0 0 0 0 0 0 2 0 21 0 0 0 0 3 2 0 0 1 0 1 8 0 0 43 32 17 0 0 0 59 40 0 1 0 12 19 34 11 0 0 0 14 28 0 0 0 0 0 0 0 0 0 0 0 0 0 0 0 0 0 0 0 0 0 0 4 0 0 0 0 0 0 0 0 11 0 0 0 0 0 0 1 0 0 0 0 0 0 2 0 0 2 0 0 0 0 0 0 0 0 0 0 0 0 3 0 0 0 0 0 0 0 0 
 0 0 0 81 0 0 0 0 0 0 0 2 0 0 0 0 41 0 0 3 0 0 0 0 0 0 0 0 0 0 0 64 0 0 0 0 0 0 0 1 110 88 120 484 57 72 188 151 138 71 38 27 172 165 155 113 178 29 172 0 0 6 0 0 0 0 9 0 4 0 3 6 2 3 6 0 50 14 4 3 14 0 0 0 0 0 0 0 0 0 0 0 0 0 0 0 0 0 0 0 0 0 0 0 0 0 0 0 12 0 0 0 0 0 0 0 0 0 0 0 23 44 37 20 0 0 32 17 2 16 9 0 11 9 6 15 22 0 2 22 3 0 2 0 16 0 1 5 1 1 0 0 0 4 6 0 0 1 0 0 0 0 0 0 0 0 0 0 0 0 0 0 0 0 0 0 0 0 0 5 7 0 0 0 0 0 0 0 0 0 0 0 0 0 0 0 0 0 0 0 19 18 13 22 0 0 23 77 27 21 3 0 9 26 24 33 14 18 0 25 8 3 2 0 0 0 0 4 6 0 0 0 0 0 0 0 5 3 0 2 0 0 0 0 0 0 0 0 0 0 0 22 0 0 0 0 0 0 0 0 0 0 0 0 2 0 0 0 0 0 1 0 0 0 0 0 0 0 0 0 0 0 0 0 0 0 0 0 0 0 
 3 0 0 11 0 0 0 0 0 7 0 2 0 0 0 0 0 0 0 0 3 2 1 1 1 1 2 1 2 2 1 3 1 2 1 1 0 2 2 3 3 0 0 0 0 14 0 2 0 2 0 1 0 0 5 0 0 0 0 0 0 101 98 64 37 24 184 255 55 91 63 254 63 81 212 88 30 86 22 157 0 0 0 0 0 0 0 0 0 0 0 0 0 0 0 0 0 0 0 0 0 0 20 0 0 0 0 0 0 0 0 0 0 0 0 0 0 0 0 0 0 0 0 0 0 0 0 0 0 0 0 0 0 0 0 0 0 0 0 0 9 0 0 28 13 7 0 9 9 25 3 0 0 0 9 12 17 9 0 0 0 0 0 2 0 0 0 0 0 0 2 0 0 0 0 0 0 0 0 0 0 0 0 0 0 0 0 0 0 0 0 0 0 0 0 0 0 0 0 0 0 0 0 1 0 0 0 0 0 0 0 0 0 0 0 19 0 0 0 0 0 17 47 7 4 1 0 8 0 9 20 7 0 0 7 1 8 4 0 0 0 0 0 0 0 0 0 0 0 0 0 0 0 0 14 0 0 0 0 0 0 0 0 0 0 0 0 0 0 0 2 0 0 0 0 1 0 0 0 0 0 0 0 0 0 0 0 0 0 0 
 0 0 0 0 0 0 0 0 0 1 0 3 0 0 3 0 0 0 0 0 0 0 0 0 0 0 0 0 0 0 0 0 0 0 0 3 0 0 0 3 4 0 0 0 1 0 4 0 0 0 0 0 0 0 0 0 0 0 0 6 101 0 191 40 39 29 58 238 170 45 30 41 49 63 211 138 145 257 51 103 0 0 0 0 0 0 0 0 11 0 0 0 0 0 0 0 0 11 0 0 0 1 0 1 0 1 2 1 2 1 1 2 2 1 1 1 0 1 1 2 0 5 0 0 0 0 0 0 0 0 0 0 0 0 0 0 0 0 0 0 5 0 0 18 2 0 0 0 14 61 6 0 8 10 0 0 12 6 8 0 0 0 0 0 0 0 0 0 0 0 0 0 0 0 0 0 0 0 0 0 0 0 0 0 0 0 0 0 0 0 0 0 0 0 0 6 0 0 0 0 0 0 0 0 0 0 0 0 0 0 0 0 0 0 0 0 0 0 0 0 0 0 0 9 0 0 15 48 6 14 11 17 0 10 41 5 18 16 0 0 14 0 0 3 0 0 0 0 0 0 0 0 0 2 4 0 23 0 0 0 0 0 0 0 0 0 0 0 0 0 64 0 0 19 0 3 0 0 0 0 0 0 0 0 0 2 0 0 0 0 
