 0 67 87 49 45 39 467 404 33 36 29 28 47 145 566 44 31 22 35 130 0 2 1 0 72 2 0 0 0 2 0 0 0 20 3 0 0 83 35 77 2 3 0 0 0 0 0 0 0 0 0 0 0 0 0 2 35 0 0 0 0 0 0 0 0 0 0 0 0 0 2 0 0 0 3 0 0 0 3 1 32 40 9 1 0 0 9 38 20 0 1 0 30 49 10 33 8 10 0 44 0 0 0 0 0 21 0 0 1 1 0 0 0 0 0 3 2 0 0 0 0 0 0 22 0 0 0 0 0 0 0 0 0 0 0 0 0 0 0 0 0 0 0 0 0 0 0 0 0 0 14 0 3 0 0 0 0 0 0 0 68 47 21 0 0 0 0 31 19 0 0 1 0 25 27 16 2 35 3 15 0 0 0 0 0 0 0 2 0 0 2 0 0 0 0 0 2 0 0 0 0 0 0 1 0 0 0 0 0 0 6 0 0 0 0 0 0 0 0 0 0 0 0 0 0 0 0 0 0 0 0 0 0 0 0 2 0 0 0 1 0 0 0 0 0 0 0 0 0 0 0 0 0 0 0 17 0 0 0 0 0 0 0 0 0 0 0 0 0 0 0 0 0 0 0 0 0 5 0 0 0 0 0 0 0 0 0 0 0 0 
 67 0 404 115 39 264 66 460 397 35 123 21 62 257 422 337 316 118 81 46 3 3 2 0 76 79 0 2 0 2 2 0 72 2 3 0 0 0 0 0 0 0 0 0 5 0 0 3 0 0 0 0 0 4 0 0 0 0 0 0 0 0 0 0 3 0 0 0 2 0 0 0 3 3 0 0 3 0 0 0 25 30 36 36 0 0 0 29 50 15 4 11 2 31 33 48 19 18 0 0 0 0 0 2 0 0 0 0 0 0 0 2 0 0 0 0 0 0 0 0 0 2 0 0 0 2 0 0 0 16 0 0 0 2 0 0 0 0 0 0 0 1 0 0 1 0 0 0 0 0 0 3 0 0 0 0 0 0 0 0 11 1 4 24 0 0 0 15 41 0 19 27 0 16 10 32 26 39 0 3 0 0 0 0 0 0 0 0 0 0 0 0 0 0 0 1 0 0 0 0 0 0 0 0 0 0 0 0 0 0 0 0 0 1 0 0 0 0 0 0 0 2 0 0 16 0 0 0 0 0 18 0 0 0 0 0 0 0 0 0 0 0 0 0 0 1 2 0 1 0 2 7 0 0 0 0 0 0 0 0 0 0 0 0 0 0 0 0 0 0 0 0 0 0 0 19 0 28 0 0 0 0 0 0 0 0 0 0 0 0 
 87 404 0 186 56 49 69 89 548 349 448 28 153 43 60 300 180 307 49 40 0 3 0 2 4 0 0 2 2 2 2 0 0 3 3 2 0 3 0 0 0 0 1 0 0 0 0 3 0 0 0 0 0 8 0 0 0 0 0 0 0 0 3 0 2 0 0 2 2 2 0 0 0 6 0 0 3 0 0 0 2 3 37 34 14 0 0 16 63 39 45 35 0 0 13 20 30 16 0 0 0 0 0 2 0 0 0 0 0 0 0 0 0 0 0 0 0 0 0 0 0 2 0 0 0 2 0 0 0 0 0 0 0 2 0 11 0 0 0 0 0 0 0 8 1 0 0 0 0 0 0 0 0 0 0 0 0 0 0 0 0 0 12 41 0 3 0 0 22 48 20 24 0 0 0 0 18 30 0 2 0 0 0 0 0 0 0 0 0 0 0 0 0 0 0 1 0 0 0 0 0 0 1 0 0 1 1 0 0 0 0 0 0 0 0 0 0 0 0 0 0 2 0 0 2 0 0 0 0 0 0 0 0 0 1 0 0 0 0 0 0 7 0 0 0 0 7 0 0 91 0 5 11 0 0 0 0 0 0 0 1 0 21 2 0 0 0 0 0 0 0 0 0 1 0 26 0 24 0 0 0 0 0 0 0 0 0 0 0 0 
 49 115 186 0 91 51 116 72 311 459 239 410 108 93 65 37 130 418 59 81 0 4 5 2 3 2 0 2 0 4 2 6 0 1 3 2 5 3 0 0 2 138 0 5 0 0 0 3 0 5 0 0 0 0 82 0 6 0 3 0 0 0 3 4 6 1 1 0 2 2 0 0 1 5 3 5 3 0 0 0 0 0 0 9 41 2 8 0 0 25 49 21 0 0 0 0 19 21 0 0 0 0 0 1 0 0 0 0 0 0 0 0 2 0 0 0 0 0 0 0 0 0 3 0 16 0 0 0 15 0 0 0 0 0 0 13 1 0 2 0 1 0 0 0 0 0 0 0 0 0 0 0 0 0 1 0 0 14 0 0 0 0 2 7 16 10 0 0 0 42 29 32 0 0 0 0 0 0 0 0 0 0 0 0 0 0 0 0 0 0 0 0 0 0 0 0 0 0 11 2 0 0 2 0 0 0 2 0 0 0 0 0 0 0 0 2 0 0 0 0 0 0 0 0 0 0 0 0 0 0 0 0 0 0 2 0 0 0 1 0 0 5 0 0 0 0 9 0 0 18 0 7 8 0 0 0 0 0 0 0 2 0 21 0 0 0 0 0 0 0 2 0 3 2 0 15 7 0 0 0 0 0 0 0 0 0 0 0 0 0 
 45 39 56 91 0 401 65 69 80 67 98 300 69 72 79 53 53 51 59 85 0 2 1 1 3 2 2 0 0 4 0 0 0 2 3 0 0 2 0 0 0 2 0 0 1 0 0 3 0 0 0 0 2 2 0 0 0 3 0 0 0 2 2 1 2 0 0 0 3 0 0 0 4 2 0 0 3 4 1 0 0 0 0 0 19 89 0 1 0 1 0 1 2 0 0 1 0 1 0 1 0 0 0 0 0 0 10 1 0 1 0 0 11 12 0 1 0 0 31 17 0 0 15 2 0 0 0 0 0 0 0 0 0 0 0 0 0 0 0 0 0 0 3 1 0 0 0 0 0 0 0 0 0 0 0 0 0 0 2 13 0 0 0 19 32 9 0 0 0 0 10 21 0 0 0 0 1 0 0 0 0 0 0 9 0 0 1 2 0 0 0 1 16 45 0 0 0 0 34 25 7 0 0 0 0 0 0 1 0 0 0 0 0 0 0 0 0 0 0 0 0 0 0 1 0 0 0 0 0 0 0 0 0 0 0 2 0 0 0 0 0 0 0 0 0 5 4 0 3 2 0 5 0 0 0 0 0 0 0 0 0 0 0 0 0 0 0 0 0 0 0 0 0 0 0 13 0 0 0 0 0 0 0 0 0 0 0 0 0 0 
 39 264 49 51 401 0 36 30 67 70 78 57 248 50 74 52 117 38 37 48 0 2 4 1 3 0 0 0 0 2 0 0 0 1 3 73 0 2 224 1 0 0 0 0 0 12 28 3 0 2 0 0 2 2 0 0 0 1 3 0 0 0 0 0 2 0 0 2 2 1 0 0 0 2 0 0 3 6 0 0 0 0 0 2 13 35 0 0 0 0 3 0 0 0 0 0 0 0 0 0 0 0 0 0 2 0 35 0 0 0 0 0 39 34 0 0 0 0 47 42 0 0 19 0 0 0 0 0 0 0 1 2 0 0 0 0 0 0 0 0 19 0 17 0 0 0 0 1 6 0 0 0 0 0 0 0 0 0 0 0 0 0 0 25 15 43 1 0 0 0 0 19 0 0 0 0 0 0 0 0 9 0 0 0 0 2 31 1 0 0 0 1 38 19 25 0 0 11 32 29 0 2 0 0 0 1 0 0 1 0 0 0 0 0 0 0 0 0 0 25 0 0 0 0 0 0 0 0 0 0 0 0 0 2 0 0 0 0 1 0 0 0 6 0 0 4 1 0 16 0 6 2 0 0 0 0 0 0 0 0 0 0 0 0 0 0 0 0 0 0 0 0 0 0 0 0 0 0 0 0 0 0 0 0 0 0 0 0 0 0 
 467 66 69 116 65 36 0 63 58 52 249 30 451 524 49 36 32 37 59 349 0 2 0 1 3 0 0 0 0 3 1 1 0 3 3 2 2 17 0 0 0 0 0 3 1 0 3 3 0 0 44 0 0 0 2 0 0 0 0 0 0 0 0 0 2 47 0 0 90 0 0 0 0 2 0 0 3 0 0 0 24 15 15 0 0 0 11 17 3 0 0 9 20 48 22 1 7 0 0 42 0 1 0 2 0 0 0 0 0 0 0 0 2 0 0 0 0 0 0 0 0 0 0 0 0 2 0 0 0 0 0 0 0 0 0 0 0 0 0 0 0 0 0 0 0 0 0 0 0 0 0 0 3 3 0 0 0 0 0 0 29 48 28 0 0 0 12 23 0 0 0 0 0 11 26 10 0 0 0 46 0 0 0 0 0 0 0 0 0 0 0 0 0 0 0 0 10 0 0 0 0 0 0 0 0 0 1 0 0 1 0 0 9 0 0 0 0 0 2 0 0 0 0 0 0 0 0 0 0 0 0 0 0 0 1 0 0 0 2 0 0 0 0 0 0 0 2 2 0 0 0 0 0 0 0 0 0 0 0 0 0 0 0 0 2 0 0 0 0 0 0 0 0 0 0 0 0 0 0 0 0 0 0 0 0 0 0 16 0 0 
 404 460 89 72 69 30 63 0 161 183 36 27 56 445 133 343 59 23 44 34 0 2 30 3 20 0 0 0 0 2 0 0 0 0 3 0 0 2 0 0 2 2 0 0 0 0 0 0 0 0 0 0 0 18 0 2 3 0 0 0 0 0 0 0 0 0 0 2 1 2 2 0 0 0 5 0 0 0 2 5 3 45 34 19 0 0 1 128 51 0 0 13 0 26 15 19 15 14 0 17 0 0 0 0 0 0 1 0 0 0 0 0 0 19 0 0 0 0 0 0 0 0 0 0 0 0 0 0 0 0 0 0 0 0 0 0 0 0 0 2 0 0 0 0 0 15 0 0 0 0 1 0 4 0 0 2 0 0 0 0 24 43 40 0 0 8 0 30 10 0 0 0 0 16 83 37 29 10 0 13 0 0 0 0 0 0 0 0 0 0 0 0 0 0 0 0 0 0 0 0 0 0 0 0 0 0 0 0 0 15 0 0 0 0 0 0 0 0 0 0 0 0 0 0 0 0 0 0 0 0 1 0 0 0 0 0 0 0 0 0 0 0 0 0 0 0 3 0 0 0 0 3 0 0 0 0 0 0 0 0 0 0 0 0 0 0 0 0 0 0 0 0 0 0 0 0 0 21 0 0 0 0 0 0 0 0 0 0 0 0 
 33 397 548 311 80 67 58 161 0 409 253 33 89 91 403 264 284 574 51 72 0 4 0 4 3 0 0 0 0 2 2 5 0 0 3 0 1 3 0 0 2 0 0 0 0 6 0 3 0 0 0 0 0 2 2 0 5 0 3 0 0 0 0 0 8 0 0 1 3 1 0 0 3 2 3 2 3 0 0 0 0 10 46 46 0 0 1 28 34 68 70 29 0 0 14 48 9 17 0 0 0 0 0 0 0 0 0 0 0 0 0 0 0 10 0 0 0 0 28 0 0 0 0 0 0 0 0 0 0 0 0 0 0 0 0 9 0 0 0 1 2 0 0 0 0 0 3 12 0 0 0 0 0 0 0 0 0 0 0 19 0 1 10 17 0 0 0 0 16 46 27 22 9 0 1 40 27 26 0 0 0 0 0 0 0 0 0 0 0 0 0 0 0 0 0 0 0 0 0 0 7 0 0 0 0 0 0 0 0 0 0 0 0 0 0 4 0 0 0 0 0 0 0 0 0 0 0 0 0 0 0 0 0 0 0 0 0 0 0 0 0 0 0 0 0 1 2 0 4 8 2 4 13 0 0 0 0 0 0 0 1 23 20 0 0 0 0 0 0 0 0 0 0 0 0 18 0 20 0 0 0 0 0 0 0 0 0 0 0 0 
 36 35 349 459 67 70 52 183 409 0 457 53 27 75 107 344 314 159 67 104 0 4 0 0 3 0 2 0 0 2 3 0 0 1 81 1 1 2 0 0 0 0 0 0 0 0 0 6 0 0 0 1 0 0 0 3 0 0 0 0 2 0 41 0 2 0 0 3 2 0 0 0 2 6 0 0 3 3 2 0 0 0 32 27 13 0 2 0 10 115 38 62 7 20 2 33 81 50 0 0 0 0 2 0 0 0 0 0 0 0 0 0 0 0 0 0 0 0 0 0 0 0 0 0 5 0 0 0 0 0 0 0 0 0 0 12 0 0 16 0 18 21 0 0 0 12 0 15 0 0 0 0 0 0 0 0 0 0 0 0 0 0 0 25 0 19 0 0 18 37 19 23 0 1 0 0 12 40 0 0 0 0 0 2 0 0 0 0 0 0 0 0 0 0 0 0 0 0 1 0 0 0 0 0 0 0 0 0 0 0 0 0 0 0 0 0 0 0 0 0 0 0 0 0 0 0 0 0 0 0 0 0 0 0 0 0 0 0 0 0 0 10 0 0 0 1 183 0 2 187 0 2 51 0 0 0 0 0 0 0 0 0 21 0 0 0 0 0 0 0 0 0 0 0 0 18 21 0 0 0 0 0 0 0 0 0 0 0 0 0 
 29 123 448 239 98 78 249 36 253 457 0 404 28 262 157 165 273 394 38 81 12 4 0 0 3 8 0 0 2 2 0 209 0 1 3 0 0 5 0 0 2 0 0 0 0 0 0 3 0 0 0 2 0 0 2 0 0 63 0 0 0 0 0 0 5 0 61 0 2 0 0 0 0 6 0 0 3 1 0 0 0 0 1 11 51 2 0 0 0 38 49 22 0 0 0 0 18 25 0 0 0 23 0 1 0 0 1 0 0 15 0 0 0 0 0 0 0 0 0 0 0 1 0 0 8 0 0 0 0 14 0 0 0 1 0 11 0 0 0 0 0 0 0 0 2 0 0 0 0 0 0 0 0 0 0 0 0 0 0 0 0 0 0 12 9 11 0 0 0 38 54 41 0 0 0 0 0 4 0 1 0 0 0 0 0 0 0 0 0 0 0 0 0 0 0 2 0 0 14 0 0 0 1 0 0 0 1 0 0 2 0 0 0 0 0 0 0 0 0 0 0 26 0 0 1 2 0 0 0 0 0 0 0 0 2 0 0 0 0 0 0 11 0 0 0 0 91 0 6 94 0 2 4 0 0 0 0 0 0 0 0 0 17 0 0 0 0 0 0 0 0 0 0 2 0 18 10 0 0 0 0 0 0 0 10 0 0 0 0 0 
 28 21 28 410 300 57 30 27 33 53 404 0 39 27 44 53 85 57 31 45 0 2 0 0 3 0 0 0 0 2 0 0 0 2 3 0 0 1 2 0 0 0 0 0 1 0 0 3 0 0 0 0 0 0 0 0 0 0 0 0 0 0 0 0 3 0 0 0 2 0 0 0 0 17 0 0 8 0 0 0 0 0 1 1 39 35 0 0 0 1 35 31 0 0 0 0 0 7 0 0 0 0 0 0 0 0 10 0 0 0 40 0 54 0 0 0 0 0 0 2 0 0 15 0 10 0 0 0 1 0 0 0 0 0 0 0 0 0 1 0 0 0 0 0 0 0 0 0 0 0 0 0 0 0 0 0 0 0 0 0 0 0 0 6 32 23 0 0 0 2 5 49 0 0 0 0 1 0 0 0 0 0 0 0 0 0 5 0 0 0 0 0 2 0 0 0 0 0 22 2 0 0 0 0 0 0 0 0 0 0 0 0 0 0 0 0 0 0 0 0 0 0 0 0 0 0 0 0 0 0 0 0 0 0 0 0 0 0 0 0 0 23 0 0 0 4 174 0 1 177 1 6 7 0 1 0 0 0 0 0 0 0 0 0 0 0 1 0 0 0 0 0 0 0 0 9 44 0 0 0 0 0 0 0 0 0 0 0 0 0 
 47 62 153 108 69 248 451 56 89 27 28 39 0 76 26 29 34 24 624 422 0 2 0 0 3 0 0 0 0 2 73 0 1 1 3 0 79 75 1 0 0 0 0 0 0 0 0 4 0 0 0 0 0 0 0 61 0 46 0 0 0 0 0 0 2 0 0 0 33 0 0 0 0 2 0 0 3 0 0 0 38 1 0 2 0 0 73 2 0 0 1 0 29 54 36 1 0 0 11 45 0 0 0 0 2 0 0 0 0 0 0 0 0 0 0 0 0 0 0 0 0 0 0 0 0 0 0 0 0 0 1 0 0 0 0 0 0 0 0 0 0 0 0 0 0 0 0 0 0 0 0 0 2 5 0 0 0 0 0 0 0 2 0 0 1 16 24 46 0 0 0 0 14 26 14 0 0 0 28 17 0 1 0 0 1 0 0 0 0 0 0 0 0 0 0 0 0 0 0 0 0 1 0 0 0 1 0 0 2 0 0 2 0 0 0 0 0 0 0 0 0 0 0 0 0 0 0 0 0 1 0 0 0 0 0 0 1 0 0 0 0 0 0 0 0 2 0 1 2 0 0 9 0 2 0 0 0 0 0 0 0 0 0 0 0 0 0 0 0 0 0 0 0 0 0 0 7 0 0 0 0 0 0 0 0 0 0 0 0 0 
 145 257 43 93 72 50 524 445 91 75 262 27 76 0 425 49 28 39 73 186 0 2 2 3 83 1 1 2 0 2 1 4 0 2 5 2 47 76 0 0 0 0 0 0 6 0 0 3 1 0 0 0 3 5 0 3 0 1 8 0 0 0 2 0 5 0 0 4 45 0 3 0 3 2 0 46 3 4 0 2 51 43 17 1 0 0 9 42 18 0 3 0 41 23 9 31 12 19 0 47 0 0 0 0 1 0 0 0 16 0 0 0 0 0 0 0 0 0 0 0 0 0 0 0 0 0 3 0 0 0 6 0 0 0 0 0 0 0 0 0 0 0 0 0 0 0 0 0 0 0 0 0 6 3 0 0 0 0 0 0 43 38 44 0 2 0 2 44 20 1 0 0 0 31 35 45 3 17 0 9 0 2 0 0 29 0 0 0 0 0 8 0 0 0 0 0 0 0 0 0 0 1 0 0 0 2 0 0 0 0 0 1 0 0 0 0 0 0 0 0 0 0 0 0 0 0 0 0 0 1 0 0 0 0 0 0 1 0 0 0 0 0 0 0 0 0 0 0 1 2 0 11 0 1 0 0 0 0 0 0 0 0 0 0 0 0 0 0 0 0 0 0 0 0 1 0 0 0 0 0 0 0 0 0 0 0 0 0 0 0 
 566 422 60 65 79 74 49 133 403 107 157 44 26 425 0 202 48 58 51 117 0 2 0 0 21 0 0 0 0 2 0 0 0 2 3 0 0 3 0 0 2 0 67 0 2 0 0 3 0 0 0 0 0 8 2 0 0 0 0 0 0 0 0 0 6 0 53 1 2 0 0 50 3 3 0 0 3 0 1 0 32 45 27 19 0 0 6 53 41 0 0 27 2 49 32 18 11 14 0 17 0 0 0 0 0 2 0 0 2 2 0 0 0 0 0 0 0 0 0 0 0 0 0 1 0 0 0 0 0 0 0 0 0 0 0 0 0 0 0 0 0 0 0 2 14 0 0 0 1 0 0 0 2 22 0 0 0 0 0 0 22 42 33 1 0 0 0 24 22 0 0 1 0 13 29 38 28 11 0 15 0 0 0 0 0 0 0 0 0 0 1 0 0 0 0 0 1 0 0 0 0 0 0 1 0 0 0 0 0 0 0 0 0 0 17 0 0 10 0 0 0 0 0 0 0 0 0 0 0 0 0 0 0 0 0 1 0 0 0 2 0 0 0 0 0 0 0 0 1 0 0 0 0 0 0 0 0 0 0 0 0 0 0 0 0 0 0 0 0 0 0 0 0 0 0 0 0 34 0 0 0 0 0 0 0 0 0 0 0 0 
 44 337 300 37 53 52 36 343 264 344 165 53 29 49 202 0 275 319 47 98 1 2 0 0 3 0 0 0 0 2 1 1 0 1 3 2 2 3 0 0 0 0 0 0 0 0 0 3 0 0 0 0 0 5 0 0 0 0 0 0 0 0 0 0 2 0 0 0 2 0 0 0 1 2 0 0 3 0 0 0 2 10 43 67 0 0 0 6 60 32 22 40 0 0 11 47 38 7 0 0 0 0 0 0 0 2 0 0 2 0 0 0 0 0 0 0 1 0 0 0 0 0 2 0 0 1 0 0 0 0 0 0 0 0 0 0 0 2 0 0 0 0 0 0 0 0 0 0 0 0 0 0 5 0 0 0 0 0 0 0 13 3 4 21 0 25 0 0 20 60 16 3 1 0 0 25 29 31 11 0 2 0 0 0 0 0 0 0 0 0 0 0 0 0 0 0 1 0 0 0 0 0 0 1 0 0 0 0 0 0 0 0 0 17 0 0 0 0 0 0 0 0 0 0 0 0 1 1 0 0 0 0 0 0 0 0 0 0 0 2 0 0 0 0 0 2 6 0 2 23 0 9 1 0 0 0 0 0 0 0 0 0 1 0 0 0 0 0 0 0 0 0 0 0 0 16 0 19 0 0 0 0 0 0 0 0 0 0 0 0 
 31 316 180 130 53 117 32 59 284 314 273 85 34 28 48 275 0 327 48 23 7 2 0 0 9 0 4 0 0 2 0 4 0 2 10 0 0 2 0 0 0 2 0 0 1 0 0 3 0 0 0 0 0 2 2 0 0 0 0 0 6 0 0 0 4 0 0 4 2 0 0 0 2 14 0 0 3 0 0 6 0 1 21 43 9 0 0 7 53 48 86 21 0 0 41 13 34 16 0 0 0 0 0 2 0 0 0 0 0 0 0 0 0 0 0 0 0 0 0 0 0 2 0 0 0 2 0 0 0 0 0 0 0 2 0 7 0 0 0 0 0 0 0 0 1 0 0 0 0 0 0 0 0 0 0 0 0 0 0 0 0 0 6 24 0 0 0 0 9 26 58 31 0 0 1 0 31 30 0 2 0 0 0 0 0 0 1 0 0 0 0 0 0 0 0 1 0 0 0 0 0 0 0 0 0 0 0 0 0 0 0 0 0 0 0 0 0 0 0 0 0 2 0 0 2 0 0 0 0 0 0 0 0 0 1 0 0 0 0 0 0 0 0 0 0 0 0 1 0 85 1 0 9 0 0 0 0 0 0 0 1 0 14 0 0 0 0 0 0 0 0 0 0 1 0 18 0 20 0 0 0 0 0 0 0 0 0 0 0 6 
 22 118 307 418 51 38 37 23 574 159 394 57 24 39 58 319 327 0 25 90 0 2 0 0 5 0 0 0 0 2 0 0 0 1 3 0 0 1 0 0 0 0 0 0 2 0 0 3 0 0 0 0 0 0 0 0 0 0 0 0 5 0 0 0 3 0 0 0 2 0 0 0 0 7 0 0 3 0 0 0 0 0 38 25 11 0 0 0 11 64 50 59 0 0 0 27 32 31 0 0 0 0 0 0 0 0 0 0 0 0 0 0 0 0 0 0 0 0 0 0 0 0 0 0 0 0 0 0 0 0 0 0 0 0 0 10 0 0 0 0 12 0 0 0 0 0 0 0 0 0 0 0 0 0 0 0 0 0 0 0 0 0 0 26 0 16 0 0 28 40 16 9 0 0 0 0 10 29 0 0 0 0 0 0 0 0 0 0 0 0 0 0 0 8 0 0 0 0 0 0 0 0 0 0 0 0 0 0 0 0 0 0 0 0 0 0 0 0 0 0 0 0 0 0 0 0 0 0 0 0 0 0 0 0 0 0 0 0 0 0 0 15 0 0 0 1 172 0 0 190 0 7 31 0 0 0 0 0 0 0 75 0 13 0 0 0 0 0 0 0 0 0 0 0 0 18 17 0 0 0 0 0 0 0 0 0 0 0 0 0 
 35 81 49 59 59 37 59 44 51 67 38 31 624 73 51 47 48 25 0 603 0 4 0 0 3 0 0 0 0 2 72 0 0 3 3 0 0 1 0 0 0 0 0 0 0 0 0 7 0 0 0 0 0 0 0 0 0 91 0 0 0 0 0 0 2 3 48 0 52 70 0 0 1 2 0 0 3 0 0 0 21 0 0 1 0 0 54 2 0 0 2 0 0 32 87 0 0 0 23 16 0 3 0 0 1 0 0 0 0 0 0 0 0 0 0 0 0 0 0 0 0 0 0 0 0 0 0 0 0 0 2 0 0 0 13 0 0 0 0 0 0 0 0 0 0 0 0 0 0 12 0 0 0 5 0 0 0 0 0 0 0 1 0 0 2 0 33 0 0 0 0 0 42 12 0 0 0 1 22 28 0 2 0 0 2 0 0 0 0 0 0 0 0 0 0 0 0 0 0 0 0 0 0 0 0 2 0 0 0 2 0 1 0 0 0 0 0 0 0 0 0 0 0 0 0 0 0 0 0 2 0 0 0 0 0 0 2 0 0 0 0 0 0 0 0 0 0 0 1 0 0 5 0 1 2 0 0 0 0 0 0 0 0 0 0 0 0 0 0 0 0 0 0 0 0 0 0 0 0 0 0 0 0 0 0 0 0 0 0 0 
 130 46 40 81 85 48 349 34 72 104 81 45 422 186 117 98 23 90 603 0 0 4 0 6 4 0 1 4 0 2 0 1 0 1 3 4 0 78 0 4 42 0 0 0 1 0 62 5 0 0 1 0 14 0 0 0 0 1 0 0 0 0 6 0 2 0 0 0 35 4 0 0 2 5 0 47 5 1 3 2 37 1 0 0 0 0 75 15 0 0 0 36 43 30 33 1 0 1 10 52 0 0 0 0 0 0 0 0 0 0 0 0 0 0 0 0 0 0 0 0 0 0 0 0 0 0 0 0 0 0 0 0 0 0 0 0 0 0 0 0 0 0 0 0 0 0 0 0 0 0 0 0 29 3 0 0 0 0 0 0 40 15 9 0 10 0 39 23 0 0 0 0 0 36 20 0 0 1 6 12 0 0 0 0 0 0 0 0 0 0 0 0 0 0 0 0 0 0 0 0 0 0 0 0 0 0 0 0 0 0 0 0 0 0 0 0 0 0 0 0 0 0 10 0 0 0 0 0 0 0 0 0 0 0 0 0 0 0 0 0 0 0 0 0 0 3 0 2 3 0 0 13 0 0 0 0 0 0 0 0 0 0 0 0 0 0 0 0 0 0 0 0 0 0 0 0 0 0 0 0 0 0 0 0 0 0 0 0 0 0 
 0 3 0 0 0 0 0 0 0 0 12 0 0 0 0 1 7 0 0 0 0 106 307 55 131 105 419 588 256 34 47 45 46 310 352 42 242 56 38 185 3 0 0 0 6 0 4 0 0 2 0 0 1 69 2 69 0 1 1 0 5 0 3 0 0 2 8 3 17 3 27 2 0 5 0 0 3 2 3 5 0 0 0 0 18 1 0 0 0 0 0 0 0 0 0 0 0 1 0 0 39 24 36 1 0 0 11 10 39 10 0 0 10 22 60 38 7 11 1 0 0 0 0 0 2 0 0 0 1 0 0 0 0 0 0 0 0 0 0 0 0 0 4 0 0 0 3 0 0 0 0 0 0 0 0 0 0 20 0 0 0 0 0 1 0 1 6 6 0 0 0 0 0 0 0 0 1 0 2 0 30 36 17 15 0 0 19 37 9 35 0 0 0 22 10 30 32 23 0 11 0 0 0 2 0 0 0 0 0 0 0 0 0 0 0 0 0 0 0 0 0 0 0 0 0 0 0 0 0 0 0 0 0 13 0 0 0 0 0 0 0 0 0 0 0 0 0 1 0 0 0 0 0 0 3 0 1 0 0 0 2 1 0 0 0 0 0 0 0 0 0 0 2 0 0 0 0 0 0 0 0 0 0 0 0 0 0 0 0 0 
 2 3 3 4 2 2 2 2 4 4 4 2 2 2 2 2 2 2 4 4 106 0 436 103 38 47 67 462 295 263 33 45 477 60 598 202 309 254 39 247 0 0 0 29 0 0 1 0 0 0 0 0 0 0 0 0 0 0 0 0 3 0 0 0 0 0 2 3 13 3 3 0 0 2 0 0 0 0 3 94 0 0 1 0 0 0 0 0 0 0 0 0 0 0 0 0 0 0 0 0 4 2 15 24 0 0 45 0 34 35 68 21 0 0 1 31 54 24 0 0 0 0 0 0 0 0 0 0 0 0 2 0 0 2 0 0 0 0 0 3 0 0 13 0 0 0 0 0 0 0 1 0 0 0 0 0 0 0 0 3 0 0 0 0 0 0 0 0 0 0 0 0 0 0 0 0 21 1 6 0 0 38 30 39 0 0 0 22 37 73 9 8 0 1 9 17 11 48 0 0 0 0 0 0 0 0 1 0 0 0 0 0 0 5 0 0 0 0 0 0 0 0 0 0 1 10 0 2 0 0 7 0 0 0 1 1 0 0 0 0 0 0 0 0 0 0 0 0 0 0 0 0 0 0 8 2 0 0 1 4 7 17 1 0 0 0 0 0 0 0 0 0 0 0 0 0 2 0 0 0 0 8 0 2 0 0 1 0 0 0 
 1 2 0 5 1 4 0 30 0 0 0 0 0 2 0 0 0 0 0 0 307 436 0 114 41 235 59 106 396 368 49 24 42 256 58 478 253 269 242 27 43 69 0 0 0 1 0 0 0 0 19 0 0 0 0 0 0 0 2 0 3 0 0 0 0 0 2 3 0 3 3 0 0 2 0 0 0 0 3 2 0 0 0 0 0 0 0 0 0 0 0 0 0 0 0 0 0 0 0 0 0 0 0 35 2 9 0 0 32 46 54 45 7 0 0 11 43 35 0 0 0 0 10 0 0 0 0 0 0 0 0 0 0 0 0 0 0 0 0 0 0 0 0 0 0 0 0 0 0 0 7 0 0 0 0 0 0 16 0 14 0 0 0 0 0 0 0 0 0 0 0 0 0 0 0 0 4 0 6 0 0 10 41 43 2 1 0 0 86 37 68 26 0 1 0 35 32 32 3 0 0 0 0 0 0 0 0 0 0 13 0 0 0 0 0 0 0 0 0 0 0 0 0 8 0 0 0 0 0 0 0 0 0 0 0 0 0 1 0 0 0 0 48 0 0 0 0 0 0 0 0 0 0 2 10 0 1 6 6 2 12 17 0 0 0 0 19 0 0 0 0 0 0 0 2 0 0 0 0 0 0 4 0 0 0 0 15 0 0 0 
 0 0 2 2 1 1 1 3 4 0 0 0 0 3 0 0 0 0 0 6 55 103 114 0 74 37 112 79 160 388 184 371 62 80 61 40 186 273 99 83 7 0 0 0 0 0 0 0 0 0 7 1 0 0 0 0 0 2 0 10 3 0 0 0 42 49 2 6 0 3 3 0 0 2 3 0 0 0 5 2 0 0 0 11 0 0 0 0 0 0 0 0 0 0 0 0 0 0 0 0 0 0 0 19 58 35 2 0 0 10 97 41 0 0 0 2 0 12 0 0 0 0 0 1 0 0 0 0 0 0 0 0 10 0 0 0 0 0 6 17 0 0 0 0 0 0 0 0 0 1 0 0 0 0 0 0 0 0 0 0 0 0 0 0 0 0 0 0 0 0 5 0 0 0 0 0 0 0 0 0 0 0 1 28 81 16 0 0 0 2 33 49 0 0 0 0 0 0 0 0 0 0 0 0 0 0 0 0 0 1 0 0 3 0 0 0 0 0 29 0 0 0 0 0 0 2 0 0 0 0 0 0 0 0 0 0 0 0 0 0 0 0 9 0 0 0 0 0 0 0 0 1 0 0 7 0 0 32 47 0 3 1 0 0 0 0 27 0 0 0 0 0 0 0 0 0 0 0 0 0 0 0 0 0 0 0 16 0 0 0 
 72 76 4 3 3 3 3 20 3 3 3 3 3 83 21 3 9 5 3 4 131 38 41 74 0 539 53 89 74 50 106 529 56 72 97 97 44 54 274 297 0 0 0 3 0 0 0 37 0 0 3 0 1 2 0 72 0 0 4 7 3 52 2 0 0 0 2 3 1 3 1 0 0 3 3 2 0 0 5 2 0 13 10 0 0 0 0 12 0 0 0 0 0 8 0 0 0 12 8 25 0 0 0 1 25 44 0 0 0 12 0 14 0 0 0 0 0 0 0 0 0 1 0 2 0 0 1 0 0 0 0 0 33 23 1 0 9 0 17 34 0 0 0 0 0 0 4 0 0 13 0 0 0 0 0 0 0 10 0 0 13 12 12 1 0 0 0 1 9 0 3 0 0 3 12 16 16 13 0 4 0 1 0 0 0 20 0 0 0 0 1 31 0 0 0 0 0 0 0 0 2 0 0 0 0 2 17 0 0 0 0 0 87 2 0 0 0 0 17 26 0 0 0 0 0 7 0 0 0 0 0 0 0 0 0 0 0 0 0 0 0 0 0 0 0 0 0 0 0 0 0 0 0 0 19 0 0 5 14 2 8 0 0 0 0 0 0 0 0 0 0 0 0 0 0 0 0 0 0 0 0 1 0 0 0 0 0 0 0 0 
 2 79 0 2 2 0 0 0 0 0 8 0 0 1 0 0 0 0 0 0 105 47 235 37 539 0 32 37 57 26 108 129 42 30 59 92 260 40 35 41 0 0 0 3 0 0 1 0 0 0 0 0 0 0 0 0 0 0 200 0 3 0 0 14 0 0 2 3 2 3 3 0 0 1 0 0 0 0 6 2 0 0 0 0 0 8 0 0 0 0 0 0 0 0 0 0 0 16 0 0 0 0 0 0 24 10 0 0 0 0 0 0 0 0 0 12 0 0 0 0 15 0 0 0 0 0 31 1 0 0 0 0 37 36 1 0 1 0 53 25 0 19 0 0 0 0 6 0 0 0 0 0 0 0 0 0 19 9 0 0 0 0 0 0 0 10 0 0 1 0 0 0 0 2 0 15 24 6 0 4 0 0 0 0 0 43 0 0 0 0 0 0 0 0 11 0 0 0 0 0 46 0 0 0 0 0 18 7 0 0 0 0 55 28 0 1 0 0 18 46 0 0 0 0 0 0 0 0 0 0 1 0 0 0 0 0 0 0 0 0 0 0 0 0 0 0 0 0 0 0 0 0 0 0 8 2 0 5 3 0 4 1 0 0 0 0 0 0 0 0 0 0 0 0 0 0 0 0 0 0 0 0 0 0 0 0 0 0 0 0 
 0 0 0 0 2 0 0 0 0 2 0 0 0 1 0 0 4 0 0 1 419 67 59 112 53 32 0 308 49 70 38 48 330 398 76 30 39 246 43 273 0 0 0 0 8 0 0 0 0 0 0 0 0 0 0 2 0 0 0 0 7 0 0 0 4 0 8 5 0 3 2 0 0 3 0 0 0 1 3 3 0 0 0 0 0 0 0 0 0 0 0 0 0 0 0 0 0 0 0 0 49 80 12 0 0 0 24 53 7 0 0 16 13 29 90 11 0 1 7 0 0 0 0 0 0 0 0 0 0 0 0 0 0 0 0 0 0 0 0 2 0 0 0 0 0 6 0 0 0 0 0 0 0 0 0 0 0 0 0 1 0 0 0 0 0 0 41 8 0 0 0 0 0 0 0 0 0 0 0 0 40 17 17 1 23 0 12 20 16 20 0 0 24 32 32 39 35 0 0 9 1 0 0 0 0 0 0 0 0 0 0 0 0 0 0 0 0 0 0 0 0 2 0 0 0 0 0 0 0 0 0 0 0 0 0 0 0 0 0 0 0 0 0 0 0 0 0 0 0 0 0 0 0 0 9 0 2 0 0 1 1 0 0 0 0 0 0 0 0 0 0 0 0 0 0 0 0 0 0 0 0 0 0 0 0 0 0 0 0 0 
 0 2 2 2 0 0 0 0 0 0 0 0 0 2 0 0 0 0 0 4 588 462 106 79 89 37 308 0 162 40 53 39 69 415 171 206 259 40 48 43 0 0 0 0 0 0 0 0 0 0 0 0 2 0 0 0 0 0 0 0 3 0 0 0 0 0 5 3 4 3 6 0 0 2 0 0 3 0 3 3 0 0 0 0 18 0 0 0 0 0 0 0 0 0 0 0 0 1 0 0 23 29 4 39 0 1 2 1 35 28 0 10 0 1 31 21 41 12 0 0 0 0 0 0 2 0 0 0 0 0 3 1 0 0 0 0 11 0 0 0 0 0 0 0 0 0 0 0 0 0 0 0 0 0 0 0 0 2 0 2 0 6 0 1 0 0 47 5 0 0 0 0 0 0 0 0 0 0 8 0 0 30 57 14 0 0 0 30 59 31 8 9 1 28 12 64 62 41 0 0 0 0 0 2 0 0 0 0 0 0 0 0 0 1 0 0 1 0 0 0 0 0 0 0 0 0 0 0 0 0 0 0 0 0 0 0 0 0 0 0 0 0 0 0 0 0 0 0 0 0 0 0 0 0 10 0 2 0 0 2 13 0 0 0 0 0 0 0 0 0 0 0 0 0 0 0 0 0 0 0 0 0 0 0 0 0 0 0 0 0 
 0 0 2 0 0 0 0 0 0 0 2 0 0 0 0 0 0 0 0 0 256 295 396 160 74 57 49 162 0 315 63 56 65 89 189 295 281 184 73 96 57 2 0 0 0 0 0 0 0 0 14 0 0 1 0 0 0 0 0 0 3 0 0 0 0 0 3 3 1 3 2 0 1 7 1 0 0 0 6 2 0 0 1 0 0 0 0 0 0 0 0 0 0 0 0 0 0 8 0 0 0 0 13 34 2 9 0 0 23 49 30 24 0 0 0 15 23 66 0 0 0 0 0 0 0 0 0 0 0 0 2 0 0 1 0 0 0 0 1 0 0 0 0 0 0 0 0 1 0 0 0 0 0 0 0 0 0 0 0 3 0 0 0 0 0 0 0 0 0 0 0 1 0 0 2 0 6 1 6 0 0 11 40 23 4 0 0 13 42 51 50 26 0 1 16 24 17 31 0 0 0 0 7 0 10 0 1 0 0 0 0 2 0 0 0 0 0 0 0 0 0 0 0 0 0 0 1 0 0 0 20 0 0 0 0 0 0 0 0 0 0 0 28 0 0 0 0 0 0 0 0 0 0 0 10 0 0 2 5 0 22 21 0 0 0 0 0 0 0 0 0 0 0 0 0 0 0 0 0 0 0 4 0 2 0 0 1 0 0 0 
 2 2 2 4 4 2 3 2 2 2 2 2 2 2 2 2 2 2 2 2 34 263 368 388 50 26 70 40 315 0 365 56 33 56 78 242 271 261 54 92 14 0 0 0 0 0 0 0 0 0 9 0 0 0 0 0 0 0 0 0 3 0 49 0 0 0 2 3 0 3 3 0 0 2 0 0 0 27 3 2 0 0 0 0 0 0 0 0 0 0 0 0 0 0 0 0 0 0 0 0 0 0 0 33 33 4 0 0 13 18 49 21 0 0 0 0 20 23 0 0 0 0 8 0 0 0 0 0 0 0 0 0 1 0 0 0 0 0 13 2 0 0 0 0 0 0 0 0 0 0 0 0 0 0 0 0 0 0 0 0 0 0 0 24 0 0 0 0 0 0 1 0 14 0 0 0 29 3 1 0 0 1 0 35 35 22 22 0 13 30 12 26 0 0 0 0 0 0 0 0 0 0 0 0 0 0 0 0 0 0 0 0 1 0 0 0 0 0 15 0 0 0 0 0 0 0 0 0 0 0 0 0 0 0 0 0 0 0 0 0 0 0 11 0 0 0 0 0 0 0 0 0 0 0 13 0 2 154 153 2 1 15 0 0 0 0 22 0 0 9 0 0 0 0 0 0 0 0 0 0 0 24 0 0 0 0 12 0 0 0 
 0 2 2 2 0 0 1 0 2 3 0 0 73 1 0 1 0 0 72 0 47 33 49 184 106 108 38 53 63 365 0 393 37 29 279 92 150 279 34 86 5 3 0 0 0 0 0 3 0 0 7 0 4 2 0 0 0 2 0 6 3 0 0 0 0 0 2 3 0 3 2 1 0 3 0 0 0 0 5 2 0 0 0 0 0 0 0 0 0 0 0 0 0 0 0 0 0 0 0 0 0 0 0 57 63 39 0 0 0 9 15 36 0 0 21 0 1 9 0 0 0 19 0 0 1 0 1 0 0 0 0 2 1 3 0 0 0 0 1 33 0 0 0 0 0 0 0 0 0 0 0 19 0 0 0 0 0 9 0 0 0 1 0 2 0 0 2 1 0 0 5 0 0 9 0 0 0 0 22 0 0 0 1 10 39 29 0 0 2 0 33 28 0 0 0 1 0 0 0 0 0 0 0 0 0 0 0 2 0 0 2 0 1 2 0 0 2 0 32 0 0 0 0 2 2 0 0 0 26 0 0 0 0 0 0 0 0 0 0 0 0 0 10 0 0 0 0 0 0 0 0 0 0 0 7 2 0 76 3 1 2 0 0 0 0 0 19 0 0 0 0 0 0 0 0 0 0 0 0 0 0 1 0 0 0 0 13 0 0 0 
 0 0 0 6 0 0 1 0 5 0 209 0 0 4 0 1 4 0 0 1 45 45 24 371 529 129 48 39 56 56 393 0 43 39 264 29 145 57 241 34 1 0 0 0 0 0 0 2 0 0 7 2 0 0 0 0 0 0 61 6 3 0 0 0 0 0 2 3 3 3 1 0 0 3 0 0 0 0 6 2 0 0 0 0 19 8 0 0 0 0 0 0 0 0 0 0 0 0 0 2 0 0 0 32 51 32 0 0 0 2 1 19 0 0 0 0 0 1 0 0 0 0 0 0 2 9 0 0 0 0 0 0 24 1 0 0 0 0 24 20 0 0 0 0 0 0 0 0 0 0 0 0 0 0 0 0 0 15 0 0 0 0 0 0 0 6 1 2 0 0 4 0 0 2 0 0 1 0 2 2 0 0 0 1 42 51 0 0 0 0 10 14 0 0 14 0 0 0 0 0 0 0 0 0 0 0 0 1 0 0 0 0 23 0 0 0 1 0 31 12 0 0 0 1 1 0 0 0 0 1 0 0 0 0 0 0 0 0 0 0 0 0 0 0 0 0 0 0 0 0 0 0 0 0 11 6 4 152 154 2 4 1 0 0 0 0 1 0 0 0 0 0 0 0 0 0 0 0 0 0 0 17 0 0 0 0 1 0 0 0 
 0 72 0 0 0 0 0 0 0 0 0 0 1 0 0 0 0 0 0 0 46 477 42 62 56 42 330 69 65 33 37 43 0 65 31 31 39 17 316 271 0 6 0 0 9 5 0 0 0 0 0 0 6 4 0 1 1 0 0 0 3 0 0 0 0 0 6 3 0 3 2 0 0 3 0 0 0 0 3 2 0 0 0 0 1 10 0 0 0 2 0 0 0 0 0 1 0 0 0 0 10 18 0 0 0 1 24 49 0 0 0 0 8 54 18 12 0 0 9 32 0 0 0 0 0 0 0 0 0 0 0 0 0 0 0 0 0 0 0 0 0 0 2 0 0 4 0 0 0 0 0 0 2 0 0 0 1 0 17 0 0 0 48 0 0 10 0 0 14 20 0 0 0 0 0 0 0 0 0 0 42 17 1 0 0 0 41 10 1 0 0 0 30 12 57 4 1 0 4 21 0 0 0 0 0 0 0 0 0 0 0 0 0 0 0 0 0 0 0 0 2 0 0 0 0 0 0 0 0 0 0 0 14 0 0 0 0 0 0 0 0 0 0 0 0 1 0 0 0 0 0 0 0 0 15 2 0 0 2 0 0 2 0 0 0 0 0 0 0 0 0 0 0 0 0 0 0 22 0 0 0 0 0 0 0 0 0 0 0 0 
 20 2 3 1 2 1 3 0 0 1 1 2 1 2 2 1 2 1 3 1 310 60 256 80 72 30 398 415 89 56 29 39 65 0 428 259 29 44 71 305 0 0 0 0 5 0 0 0 0 0 1 0 0 202 0 0 0 0 0 0 3 0 0 0 0 0 8 3 2 3 1 0 0 3 0 0 0 0 3 2 0 0 0 0 0 0 0 0 0 0 0 0 0 0 0 0 0 0 0 0 53 26 37 2 0 21 7 11 15 0 0 0 9 28 35 37 1 10 0 0 0 0 0 0 0 0 0 0 0 0 0 0 31 0 0 0 0 0 0 0 0 0 0 0 0 0 0 0 0 0 0 0 0 0 0 0 0 0 0 0 0 0 0 0 1 0 9 17 0 0 0 0 0 0 0 0 1 0 0 0 25 38 8 15 0 0 18 33 10 31 1 2 0 25 29 26 29 74 1 10 0 0 0 0 0 0 0 0 0 0 0 0 0 0 0 0 0 0 0 0 0 0 0 0 0 0 0 0 0 0 0 0 0 0 0 0 0 0 4 0 0 0 0 0 0 0 0 0 0 0 0 0 0 0 0 1 0 0 0 0 2 0 0 0 0 0 0 0 0 0 0 0 0 0 0 0 0 0 0 0 0 0 0 0 0 0 0 0 0 0 
 3 3 3 3 3 3 3 3 3 81 3 3 3 5 3 3 10 3 3 3 352 598 58 61 97 59 76 171 189 78 279 264 31 428 0 485 41 45 55 117 0 0 0 0 1 0 0 0 0 0 0 1 0 0 0 0 0 0 0 0 31 0 0 0 0 0 5 3 5 3 3 2 0 2 50 0 0 0 3 2 0 0 0 0 0 0 0 0 0 0 0 0 0 0 0 0 0 0 0 0 35 24 16 49 0 1 0 0 51 24 0 13 2 8 51 25 35 15 0 0 0 0 0 0 0 0 0 0 0 0 0 0 0 0 0 0 0 0 0 0 0 0 0 0 0 0 0 0 0 0 0 0 6 0 0 0 0 0 0 5 0 0 0 0 0 0 4 3 0 0 0 0 0 0 0 0 0 0 6 0 1 47 78 10 0 0 0 32 45 30 7 7 0 55 17 103 60 65 0 2 0 0 0 0 0 0 0 0 0 0 0 0 0 0 0 0 0 0 0 0 0 0 0 0 0 0 0 0 0 0 0 0 0 0 0 0 0 0 0 0 0 0 0 0 0 0 0 0 0 0 0 0 0 0 6 3 0 0 0 2 24 0 0 0 0 0 0 0 0 0 0 0 0 0 0 0 0 0 0 0 0 1 0 0 0 0 0 0 0 0 
 0 0 2 2 0 73 2 0 0 1 0 0 0 2 0 2 0 0 0 4 42 202 478 40 97 92 30 206 295 242 92 29 31 259 485 0 224 148 42 284 0 0 0 0 0 0 61 2 0 1 0 0 0 0 0 0 0 0 0 0 3 0 0 0 0 0 2 3 0 3 58 0 0 3 0 0 0 0 3 2 0 0 0 0 0 0 0 10 0 2 0 0 0 0 0 0 0 0 0 0 0 0 9 27 2 9 0 0 69 81 55 13 0 1 0 11 89 23 0 2 0 0 0 0 0 0 1 0 0 0 0 0 0 0 0 0 0 0 0 0 0 0 1 0 0 0 0 17 0 0 0 0 0 0 0 0 0 0 1 3 0 12 0 0 0 0 0 0 0 0 0 0 0 0 0 1 4 0 6 0 0 21 29 41 2 1 0 0 43 70 39 8 0 0 0 78 26 99 0 0 0 0 0 0 0 0 0 0 0 0 0 0 0 0 0 0 0 0 1 0 0 0 0 0 0 0 0 0 0 0 1 0 0 0 0 0 0 0 2 0 0 0 0 0 0 1 0 0 0 0 0 0 0 0 10 0 2 1 1 0 12 14 0 0 0 0 12 0 0 0 0 0 0 0 0 0 0 10 0 0 0 8 0 0 0 0 12 0 0 0 
 0 0 0 5 0 0 2 0 1 1 0 0 79 47 0 2 0 0 0 0 242 309 253 186 44 260 39 259 281 271 150 145 39 29 41 224 0 180 31 47 9 0 0 0 0 0 0 0 0 0 5 0 0 0 0 0 0 0 0 0 3 0 0 0 22 0 2 3 0 3 3 0 0 2 0 0 0 0 3 2 1 0 0 0 0 0 0 0 0 27 0 0 0 0 0 0 0 11 0 0 0 0 0 19 12 10 0 0 24 30 73 21 0 0 1 6 36 40 0 0 0 0 2 0 0 0 0 0 0 2 0 0 1 0 0 0 0 0 18 0 0 2 0 0 0 0 0 0 0 0 0 0 0 0 0 0 0 0 0 1 0 1 0 0 0 0 0 0 0 0 0 0 0 0 0 1 2 0 3 0 2 9 57 28 12 1 0 0 28 29 46 10 0 1 0 24 24 25 0 0 0 0 0 0 0 0 0 0 0 0 1 0 0 0 0 0 0 0 54 0 0 0 2 0 0 0 0 0 0 0 1 0 0 0 0 0 0 0 0 0 0 0 8 0 0 1 0 0 0 0 0 0 0 0 9 1 0 2 76 1 8 9 0 0 0 0 11 0 0 0 0 0 0 0 0 0 10 0 0 0 0 18 0 0 0 0 12 0 0 0 
 83 0 3 3 2 2 17 2 3 2 5 1 75 76 3 3 2 1 1 78 56 254 269 273 54 40 246 40 184 261 279 57 17 44 45 148 180 0 115 217 6 0 0 0 0 0 0 0 0 0 4 0 0 0 1 0 0 0 0 0 3 0 0 0 0 0 2 3 0 3 3 0 0 0 0 0 48 0 3 2 8 0 0 0 0 2 11 0 0 0 0 0 0 6 11 0 2 0 0 10 0 0 0 24 33 0 0 0 14 28 42 20 0 0 0 0 9 21 0 0 19 0 0 0 0 0 0 0 0 0 0 22 1 0 0 0 0 0 11 0 0 0 0 0 2 0 0 0 0 10 2 0 0 0 0 0 0 0 0 0 0 0 0 0 0 0 0 0 0 0 1 0 0 0 0 0 0 0 0 0 0 0 0 14 13 22 0 0 15 14 10 32 0 0 0 0 0 0 0 0 0 1 6 0 0 0 0 0 1 0 0 0 0 0 0 0 0 0 13 0 0 0 0 0 0 0 0 0 0 0 0 0 0 17 0 0 0 0 0 0 0 0 8 0 0 0 0 0 0 2 0 0 31 0 7 0 3 150 73 0 6 71 0 0 0 0 19 0 0 0 0 0 0 0 0 0 0 0 0 0 0 16 0 0 0 0 12 0 0 0 
 35 0 0 0 0 224 0 0 0 0 0 2 1 0 0 0 0 0 0 0 38 39 242 99 274 35 43 48 73 54 34 241 316 71 55 42 31 115 0 365 0 0 0 0 0 6 0 0 0 1 0 1 0 1 0 0 19 0 0 61 3 0 0 0 0 0 2 3 0 3 3 50 0 2 0 0 0 1 3 2 0 0 0 0 3 11 0 0 0 0 0 0 0 0 11 2 0 0 0 0 0 8 0 0 0 0 13 32 0 0 0 0 8 22 0 4 0 0 40 34 0 0 0 0 0 0 0 0 0 0 0 0 0 0 0 0 0 0 1 0 0 0 6 0 0 2 0 2 0 0 20 0 0 0 0 0 0 0 0 0 0 0 0 1 11 0 0 0 0 0 1 0 0 3 2 0 0 0 0 0 2 0 0 0 0 0 21 0 2 0 0 0 48 8 33 0 1 0 31 38 0 0 0 0 0 0 0 0 0 0 0 2 0 0 0 0 0 0 0 0 0 0 0 0 0 0 1 0 0 0 0 0 0 0 0 0 0 0 0 0 0 0 0 0 0 0 0 0 0 0 0 0 0 0 7 0 2 0 0 1 2 0 0 0 0 3 0 0 0 0 0 0 0 0 0 0 0 0 0 0 0 0 0 0 0 0 0 0 0 0 
 77 0 0 0 0 1 0 0 0 0 0 0 0 0 0 0 0 0 0 4 185 247 27 83 297 41 273 43 96 92 86 34 271 305 117 284 47 217 365 0 2 0 0 0 10 0 5 3 0 0 0 0 0 1 0 0 0 0 64 0 3 0 0 0 0 0 8 3 1 3 2 0 0 3 0 50 0 0 3 2 0 0 0 0 1 15 0 0 2 0 0 0 0 0 0 1 0 0 0 0 66 40 14 0 8 21 20 49 0 0 0 0 28 77 29 8 1 0 20 0 0 0 0 0 0 0 0 0 0 0 0 0 0 0 0 0 0 0 2 0 0 0 10 0 0 5 0 1 0 0 0 0 0 0 0 0 0 0 0 0 0 0 0 4 0 0 0 3 0 3 0 2 0 12 0 0 0 0 0 0 74 19 0 0 0 0 31 19 11 0 0 0 41 30 17 26 53 0 0 22 0 0 0 0 0 0 0 0 0 0 0 1 0 0 0 0 0 0 0 0 0 0 0 0 0 0 2 0 0 0 0 0 0 0 0 0 0 0 0 0 0 0 0 0 0 0 0 0 0 0 0 0 0 0 5 0 0 0 0 0 0 2 0 0 0 0 0 0 0 0 0 0 0 0 0 0 0 0 0 0 0 1 0 0 0 0 0 0 0 0 
 2 0 0 2 0 0 0 2 2 0 2 0 0 0 2 0 0 0 0 42 3 0 43 7 0 0 0 0 57 14 5 1 0 0 0 0 9 6 0 2 0 334 130 55 107 31 269 543 42 53 92 34 45 120 194 66 245 46 51 349 0 0 4 0 0 0 0 0 2 0 0 0 1 258 0 0 0 0 0 0 0 0 0 0 0 0 0 0 0 0 0 0 0 11 0 0 0 11 0 0 0 0 0 1 5 4 0 0 3 0 4 1 0 0 0 0 9 8 0 0 20 38 0 2 0 0 0 40 33 21 0 1 1 10 30 56 31 16 8 19 0 0 0 0 0 0 0 0 0 7 0 0 0 0 0 0 0 0 0 0 0 0 0 0 14 3 0 0 2 0 0 0 0 0 0 0 0 0 0 0 0 0 0 0 0 0 0 0 0 0 0 0 0 0 0 0 0 0 0 0 55 31 26 0 0 0 31 28 14 16 41 1 0 18 51 11 40 18 6 0 0 0 0 0 0 0 0 0 0 0 0 0 0 0 0 0 0 0 0 0 0 0 59 0 0 0 0 0 0 0 0 7 0 2 0 0 0 0 13 1 0 0 0 0 4 2 0 0 2 0 0 0 0 0 0 0 0 0 0 0 0 18 0 0 0 0 0 0 2 0 
 3 0 0 138 2 0 0 2 0 0 0 0 0 0 0 0 2 0 0 0 0 0 69 0 0 0 0 0 2 0 3 0 6 0 0 0 0 0 0 0 334 0 303 71 36 248 269 233 271 103 37 21 242 77 160 174 195 129 44 50 1 1 1 3 7 3 0 0 2 1 2 12 1 1 0 0 4 0 1 0 0 0 0 0 0 0 0 0 0 0 0 0 0 0 0 0 0 0 0 0 0 0 0 0 0 0 0 0 0 0 0 0 0 0 0 0 0 0 0 0 0 19 41 35 0 0 0 25 47 13 49 8 0 0 0 20 40 31 0 0 11 1 0 0 0 0 0 0 0 8 33 0 0 0 0 4 0 13 0 0 0 0 0 0 4 0 0 0 0 0 0 0 0 0 0 0 0 0 0 0 0 0 0 0 0 0 0 0 0 0 0 0 0 0 0 0 0 0 0 0 0 1 6 16 0 0 0 0 13 26 9 18 0 0 1 0 28 34 0 0 0 0 0 0 1 1 0 0 0 0 0 0 0 0 0 0 0 0 0 0 0 0 10 0 0 0 0 0 0 0 0 7 0 0 0 1 0 0 0 12 0 0 0 2 0 10 0 0 0 0 16 0 0 0 0 0 0 0 0 0 0 0 0 0 12 20 0 0 0 0 
 0 0 1 0 0 0 0 0 0 0 0 0 0 0 67 0 0 0 0 0 0 0 0 0 0 0 0 0 0 0 0 0 0 0 0 0 0 0 0 0 130 303 0 87 39 14 64 242 356 306 64 58 89 62 104 308 151 325 22 45 4 4 2 0 0 0 0 4 1 0 6 0 0 7 11 6 6 0 0 0 0 0 0 0 0 0 0 0 0 0 0 0 0 0 0 0 0 0 0 0 0 0 0 0 0 0 0 0 0 0 0 0 0 0 0 0 0 0 0 0 0 0 30 18 18 1 0 0 13 16 35 50 0 0 0 2 0 27 0 0 7 2 7 2 0 0 0 0 0 13 7 0 1 2 5 3 13 0 0 0 0 0 0 0 6 0 0 0 0 0 0 0 0 0 0 0 0 10 0 7 0 0 0 0 0 0 0 0 0 0 0 0 0 0 0 0 0 0 0 0 0 0 6 25 3 27 0 0 47 17 23 29 0 0 0 0 57 19 0 0 0 0 4 1 10 0 0 0 12 14 0 0 0 0 0 2 4 0 0 0 0 0 72 0 0 0 0 0 0 0 0 6 0 0 0 0 0 2 0 17 0 0 1 2 2 10 0 3 0 0 19 0 0 0 0 0 0 0 0 0 0 0 0 0 11 22 0 0 0 0 
 0 0 0 5 0 0 3 0 0 0 0 0 0 0 0 0 0 0 0 0 0 29 0 0 3 3 0 0 0 0 0 0 0 0 0 0 0 0 0 0 55 71 87 0 301 266 91 310 80 268 379 268 122 79 64 41 319 232 47 266 0 4 5 1 0 52 0 0 7 4 13 0 4 0 0 11 10 2 4 0 0 0 0 0 0 0 0 0 0 0 0 0 0 0 0 0 0 0 0 0 0 0 0 0 0 0 11 0 0 0 0 0 0 0 0 0 0 20 0 0 0 0 0 0 16 19 0 0 4 8 9 39 9 0 0 0 0 0 0 0 0 5 10 2 19 0 0 0 0 34 5 0 0 0 0 2 0 0 0 0 0 0 0 0 2 0 0 0 0 0 0 0 7 0 0 0 0 0 0 0 0 0 0 0 0 0 0 0 13 0 0 10 0 0 0 0 0 0 0 0 0 0 0 14 35 23 0 0 0 1 7 29 0 0 0 0 0 0 0 0 1 0 0 2 29 25 0 0 0 22 2 2 5 8 0 0 0 7 10 30 0 0 0 0 0 0 0 0 0 0 0 9 0 0 0 0 0 0 1 1 0 19 4 41 2 13 10 41 0 0 5 0 0 0 0 0 0 0 0 0 0 0 0 0 1 0 0 0 0 0 
 0 5 0 0 1 0 1 0 0 0 0 1 0 6 2 0 1 2 0 1 6 0 0 0 0 0 8 0 0 0 0 0 9 5 1 0 0 0 0 10 107 36 39 301 0 508 267 74 61 85 299 244 74 57 271 57 36 39 54 59 0 0 4 0 2 0 0 0 2 0 0 1 5 0 0 5 0 0 0 0 0 0 0 0 0 0 0 0 0 0 0 0 0 0 0 0 0 0 0 0 16 3 0 0 0 0 0 5 1 0 0 0 0 10 9 6 0 0 0 0 0 0 0 0 1 13 0 0 0 1 1 0 0 0 0 0 0 0 0 0 0 0 0 0 5 0 21 0 0 0 0 1 13 0 0 0 0 0 30 27 0 0 0 0 0 0 0 0 0 0 0 0 3 0 0 0 0 0 0 0 5 9 0 0 0 0 2 5 1 0 1 0 4 11 5 6 2 0 53 0 0 0 0 1 7 20 0 0 0 0 1 1 0 0 0 0 0 0 0 0 45 1 0 0 0 0 13 0 0 0 0 0 30 1 6 0 1 0 48 43 0 0 0 0 0 0 0 0 0 0 0 6 0 0 0 0 0 0 2 2 0 1 3 1 0 6 5 3 3 0 0 0 0 0 0 0 0 0 0 0 0 1 0 0 0 0 0 0 0 0 
 0 0 0 0 0 12 0 0 6 0 0 0 0 0 0 0 0 0 0 0 0 0 1 0 0 0 0 0 0 0 0 0 5 0 0 0 0 0 6 0 31 248 14 266 508 0 57 42 28 45 74 283 49 58 53 146 295 38 96 28 0 3 0 0 0 0 0 0 1 0 0 50 49 0 0 4 0 0 111 2 5 0 0 0 0 0 0 0 0 0 0 0 0 0 0 0 0 0 0 0 3 0 0 0 0 0 8 4 0 0 0 0 0 3 3 1 0 0 48 4 0 0 0 0 0 9 0 0 0 5 0 0 16 8 0 0 0 0 0 0 7 0 0 0 2 6 14 20 0 0 0 0 23 11 0 16 0 0 23 13 0 1 0 0 0 8 0 0 0 0 0 0 2 0 0 0 0 17 0 0 3 3 0 0 0 0 5 1 0 0 0 0 4 7 10 0 0 0 29 6 0 0 0 0 19 10 0 0 0 0 0 0 0 0 0 0 0 7 0 0 41 0 0 0 0 0 24 21 1 0 0 0 34 1 9 1 1 0 38 26 0 0 0 0 0 0 0 0 0 0 0 17 0 0 0 0 0 0 1 1 0 0 0 0 0 6 1 0 0 0 0 0 0 0 0 0 0 0 0 0 0 0 0 0 0 0 0 0 0 0 
 0 0 0 0 0 28 3 0 0 0 0 0 0 0 0 0 0 0 0 62 4 1 0 0 0 1 0 0 0 0 0 0 0 0 0 61 0 0 0 5 269 269 64 91 267 57 0 72 40 255 245 252 327 288 46 33 27 26 269 184 0 0 0 0 0 0 0 0 0 0 0 0 0 0 2 0 0 2 0 0 0 0 0 0 0 0 0 0 0 0 0 0 0 0 0 0 0 0 0 0 0 0 10 0 0 0 0 0 0 0 0 0 0 0 0 0 0 0 0 0 31 13 0 0 0 0 16 14 12 0 0 0 0 26 42 6 13 1 1 6 0 0 10 0 0 0 0 0 0 0 0 0 0 0 0 0 0 0 0 0 0 0 0 0 0 4 0 0 6 0 0 0 0 0 0 0 0 10 0 0 0 0 0 0 0 0 0 0 0 59 0 0 0 0 0 0 0 0 0 0 35 28 21 0 0 0 14 20 11 0 0 0 0 19 29 14 0 0 0 3 0 0 0 0 0 0 0 0 0 0 0 0 0 0 0 0 0 0 0 0 0 0 0 0 0 0 0 0 0 0 0 4 0 0 0 0 0 0 0 0 0 0 0 0 0 0 0 0 0 0 0 0 0 0 0 0 0 0 0 0 0 0 0 0 0 0 0 0 0 0 
 0 3 3 3 3 3 3 0 3 6 3 3 4 3 3 3 3 3 7 5 0 0 0 0 37 0 0 0 0 0 3 2 0 0 0 2 0 0 0 3 543 233 242 310 74 42 72 0 82 32 61 46 86 289 437 50 453 43 58 41 0 0 3 0 0 0 0 0 0 205 0 0 0 0 0 0 1 0 0 0 2 0 0 0 0 0 4 0 0 0 0 0 0 1 0 0 0 0 21 3 0 0 0 0 0 0 0 0 0 0 0 0 0 0 0 0 0 0 0 0 10 27 23 0 0 0 0 44 12 12 4 0 0 7 0 30 61 22 0 0 6 0 0 1 0 0 0 0 0 10 20 0 0 0 0 3 0 0 0 0 0 0 0 0 0 0 4 0 0 0 0 0 2 5 0 0 0 0 0 3 0 0 0 0 0 0 0 0 0 0 0 0 0 0 0 0 0 0 0 0 33 34 37 10 0 0 0 3 41 13 21 0 0 0 17 10 58 29 0 0 0 0 15 0 0 0 0 0 0 0 0 0 0 0 0 0 0 0 0 0 0 0 0 0 0 0 0 0 0 0 0 11 0 2 0 0 0 0 2 16 0 0 0 1 0 0 0 0 0 0 0 0 0 0 0 0 0 0 0 0 0 0 0 0 41 0 0 0 2 0 
 0 0 0 0 0 0 0 0 0 0 0 0 0 1 0 0 0 0 0 0 0 0 0 0 0 0 0 0 0 0 0 0 0 0 0 0 0 0 0 0 42 271 356 80 61 28 40 82 0 329 42 47 67 90 133 122 163 309 51 69 0 0 1 3 9 10 0 0 4 6 14 7 0 0 2 3 6 0 0 1 0 0 0 0 0 0 0 0 0 0 0 0 0 0 0 0 0 0 0 0 0 0 0 0 0 0 0 0 0 0 0 0 0 0 0 0 0 0 0 0 0 0 32 31 18 0 0 0 31 23 44 27 0 0 0 0 0 14 0 0 19 0 0 0 20 0 0 0 0 0 11 0 1 0 0 2 0 0 0 0 0 0 0 0 3 0 0 0 0 0 0 0 0 0 0 0 0 0 0 0 0 0 0 0 0 0 0 0 0 0 0 0 0 0 0 0 0 0 0 0 0 0 7 24 0 46 0 0 33 18 25 23 0 0 0 0 40 20 0 0 0 0 0 0 10 0 0 0 0 0 0 0 2 0 0 0 1 0 0 0 0 0 18 0 0 0 0 0 0 0 0 13 0 0 0 0 0 0 0 13 0 0 12 2 0 11 0 2 1 0 13 0 0 0 0 0 0 0 0 0 0 0 0 0 40 20 0 0 0 0 
 0 0 0 5 0 2 0 0 0 0 0 0 0 0 0 0 0 0 0 0 2 0 0 0 0 0 0 0 0 0 0 0 0 0 0 1 0 0 1 0 53 103 306 268 85 45 255 32 329 0 316 56 54 60 103 266 268 66 263 66 0 0 0 0 0 0 0 0 2 0 3 0 6 0 0 0 3 0 0 0 0 0 0 0 0 0 0 0 0 0 0 0 6 0 0 0 0 0 0 0 0 0 0 0 0 0 0 0 0 0 0 0 0 0 0 0 0 0 0 0 0 0 11 47 27 12 0 0 7 52 43 48 0 0 0 0 0 12 0 0 7 48 0 0 1 0 0 0 0 0 0 0 0 0 0 0 0 0 0 0 0 0 0 0 3 0 0 0 0 0 19 38 0 0 0 0 12 0 0 0 0 0 0 0 0 0 0 0 0 11 0 0 0 0 0 0 0 0 0 0 0 0 2 41 17 12 0 0 2 8 11 39 0 0 0 2 1 1 0 0 0 0 0 0 12 0 21 0 0 0 0 0 0 0 0 0 0 0 0 0 0 0 11 0 0 0 0 0 0 0 0 4 0 0 0 0 0 0 0 9 0 0 65 67 0 12 2 64 0 0 14 0 0 0 0 0 0 0 0 0 0 0 0 0 0 10 0 0 0 0 
 0 0 0 0 0 0 44 0 0 0 0 0 0 0 0 0 0 0 0 1 0 0 19 7 3 0 0 0 14 9 7 7 0 1 0 0 5 4 0 0 92 37 64 379 299 74 245 61 42 316 0 265 43 35 131 88 135 457 35 289 0 0 54 0 0 0 0 0 1 0 2 0 19 0 0 0 1 0 0 0 0 0 0 0 0 0 0 0 0 0 0 15 0 0 0 0 0 0 0 0 0 0 0 0 4 9 0 0 0 0 0 3 0 0 0 0 0 10 0 0 0 1 1 12 20 40 0 0 1 11 11 26 0 0 0 0 1 0 8 0 9 18 0 0 3 7 0 0 0 0 0 0 1 0 0 0 1 0 0 0 0 0 0 0 2 0 1 0 0 0 0 0 6 0 0 2 0 0 0 0 0 0 0 0 0 0 0 0 0 0 0 0 0 0 0 0 0 0 0 0 0 0 0 20 36 22 0 0 0 0 7 39 0 0 0 0 0 0 6 0 0 0 1 0 9 0 0 0 0 0 0 0 9 0 0 0 0 0 11 19 0 0 40 0 20 0 0 0 0 0 0 6 0 0 0 0 0 0 32 1 0 19 38 33 0 15 0 5 1 0 0 18 0 0 0 0 0 0 0 0 0 20 0 0 0 0 0 16 0 0 
 0 0 0 0 0 0 0 0 0 1 2 0 0 0 0 0 0 0 0 0 0 0 0 1 0 0 0 0 0 0 0 2 0 0 1 0 0 0 1 0 34 21 58 268 244 283 252 46 47 56 265 0 46 43 20 39 51 75 41 37 0 0 0 0 0 0 0 0 2 0 2 0 4 0 0 8 0 0 0 0 0 0 0 0 0 1 0 0 0 0 0 0 0 0 1 0 0 0 0 0 0 0 0 0 0 0 0 0 0 0 0 0 0 0 0 20 0 0 0 0 0 0 0 0 0 25 0 0 0 1 2 11 0 12 0 0 0 0 0 0 0 1 0 0 4 0 0 0 0 0 0 0 16 0 0 0 0 0 32 9 0 0 0 0 0 0 0 0 0 0 0 0 3 0 0 0 0 0 0 0 0 0 0 0 0 0 0 0 0 0 0 0 0 0 0 0 0 0 0 0 0 0 1 13 35 12 0 0 1 0 0 4 0 0 0 0 0 0 0 0 0 0 0 0 0 0 12 0 0 0 0 10 9 0 0 0 0 0 18 29 0 0 0 0 0 1 0 0 0 0 0 11 0 0 0 0 0 0 0 12 0 0 73 75 1 3 1 68 1 0 0 0 0 0 0 0 0 0 0 0 0 0 0 0 0 0 0 0 0 16 
 0 0 0 0 2 2 0 0 0 0 0 0 0 3 0 0 0 0 0 14 1 0 0 0 1 0 0 2 0 0 4 0 6 0 0 0 0 0 0 0 45 242 89 122 74 49 327 86 67 54 43 46 0 291 53 43 49 53 371 176 27 2 1 0 0 0 6 39 2 0 9 0 0 10 5 5 0 4 0 6 0 0 0 0 0 0 0 0 0 0 0 0 0 0 0 0 0 0 0 0 0 0 0 0 0 8 0 0 0 0 0 0 0 0 0 0 0 10 0 0 13 18 0 0 0 0 32 7 39 0 3 0 9 20 38 0 16 0 18 31 0 0 9 1 0 0 1 7 6 1 7 0 0 8 8 0 6 6 14 0 0 0 0 0 0 7 0 0 8 0 0 0 0 1 0 0 0 0 0 1 0 0 0 0 0 0 0 0 0 0 0 0 0 0 0 0 0 0 0 0 20 2 10 1 0 0 62 49 18 0 0 0 0 39 29 2 0 0 11 11 8 10 6 0 0 0 0 0 7 1 0 0 0 9 10 4 43 0 0 0 0 0 0 0 0 0 0 0 0 0 0 0 2 0 0 0 0 0 0 0 1 0 0 0 0 0 2 0 0 0 2 0 0 0 0 0 0 0 0 0 0 0 0 0 0 0 0 0 0 0 
 0 4 8 0 2 2 0 18 2 0 0 0 0 5 8 5 2 0 0 0 69 0 0 0 2 0 0 0 1 0 2 0 4 202 0 0 0 0 1 1 120 77 62 79 57 58 288 289 90 60 35 43 291 0 229 213 23 247 61 144 0 0 2 0 0 0 0 0 2 0 52 0 0 0 0 0 0 2 0 0 0 4 9 4 0 0 0 6 2 0 0 7 0 11 3 1 3 0 0 0 0 0 0 0 0 0 0 0 0 0 0 0 0 0 0 0 0 0 0 0 6 31 0 1 0 0 0 42 19 12 0 0 0 60 20 46 35 26 0 12 0 0 0 0 0 0 10 0 0 2 0 0 0 0 12 0 0 15 0 0 8 0 5 14 0 3 0 0 19 1 0 0 0 0 0 0 4 4 0 0 0 0 0 0 0 0 0 0 0 0 0 0 26 21 0 0 0 0 0 0 39 50 28 1 0 0 18 29 22 10 7 0 0 9 30 18 19 60 20 22 0 0 0 0 0 0 0 0 0 0 0 0 0 0 0 0 0 0 0 0 0 0 0 0 0 0 0 0 0 0 0 5 0 2 0 0 0 0 2 0 0 0 5 0 0 2 2 0 0 0 0 0 0 0 0 0 0 0 0 0 0 0 0 0 0 0 0 0 2 0 
 0 0 0 82 0 0 2 0 2 0 2 0 0 0 2 0 2 0 0 0 2 0 0 0 0 0 0 0 0 0 0 0 0 0 0 0 0 1 0 0 194 160 104 64 271 53 46 437 133 103 131 20 53 229 0 158 41 30 43 80 17 3 6 0 4 0 5 65 0 2 1 0 0 10 5 7 4 2 0 10 0 0 0 0 0 0 0 0 0 0 0 0 0 0 0 0 0 0 0 0 0 0 0 0 0 0 0 0 0 0 0 0 0 0 0 0 0 0 0 0 0 34 30 12 1 13 0 19 8 9 21 2 0 7 0 29 42 27 0 0 3 0 9 1 0 0 0 6 5 7 23 0 0 0 9 2 6 5 0 0 0 0 0 0 0 0 0 0 0 0 0 0 0 0 0 0 0 0 0 0 0 0 0 0 0 0 0 0 0 0 1 0 0 0 0 0 0 0 0 0 25 25 19 19 0 2 0 11 41 21 27 9 0 0 0 11 37 39 0 0 0 7 6 0 1 0 0 0 7 1 0 0 0 0 7 5 15 0 0 0 0 0 18 0 0 0 0 0 0 0 0 2 0 0 0 0 0 0 0 12 0 0 0 50 0 2 2 1 2 0 4 0 0 2 0 0 0 0 0 0 0 2 0 0 41 10 0 0 0 0 
 2 0 0 0 0 0 0 2 0 3 0 0 61 3 0 0 0 0 0 0 69 0 0 0 72 0 2 0 0 0 0 0 1 0 0 0 0 0 0 0 66 174 308 41 57 146 33 50 122 266 88 39 43 213 158 0 207 208 35 66 2 0 0 0 7 1 1 1 1 415 1 0 9 2 0 0 6 0 4 12 0 0 0 0 0 0 0 0 0 0 0 0 0 0 0 0 0 0 0 0 0 0 0 0 0 0 0 0 0 0 0 0 0 0 0 0 0 0 0 0 0 0 23 29 22 2 0 1 15 14 19 37 0 0 1 1 1 25 0 0 9 4 0 0 0 0 23 3 4 1 2 3 1 2 1 12 0 3 0 3 0 0 0 0 4 0 0 0 0 0 0 0 0 0 0 0 0 0 0 0 0 0 0 0 0 0 0 0 0 0 0 12 0 0 0 0 0 0 0 0 0 0 7 24 0 27 1 0 27 34 21 29 0 1 0 1 24 20 0 0 3 11 0 0 10 0 4 2 0 0 0 0 0 4 3 0 0 0 0 3 0 0 13 0 0 0 0 0 0 17 2 5 0 2 0 0 0 0 2 15 0 0 3 2 0 10 2 2 1 0 7 0 0 0 0 0 0 4 0 0 0 0 1 0 10 3 0 0 1 0 
 35 0 0 6 0 0 0 3 5 0 0 0 0 0 0 0 0 0 0 0 0 0 0 0 0 0 0 0 0 0 0 0 1 0 0 0 0 0 19 0 245 195 151 319 36 295 27 453 163 268 135 51 49 23 41 207 0 292 27 23 0 0 0 0 0 0 0 0 1 0 5 0 7 0 0 0 18 0 0 0 0 0 0 0 0 0 0 0 0 0 0 0 0 0 0 0 0 0 0 0 0 0 0 0 0 0 0 0 0 0 0 0 0 0 1 0 0 0 0 0 0 0 50 31 18 24 0 0 2 47 51 34 0 1 0 0 0 16 0 0 5 0 0 0 0 0 0 0 0 0 35 0 0 0 0 2 0 0 0 0 0 0 0 0 6 0 0 0 0 0 0 0 0 0 0 0 13 0 0 0 0 0 0 0 0 0 0 0 0 0 0 5 0 0 0 0 0 0 0 0 0 1 8 10 7 38 0 0 9 11 8 38 0 0 0 0 21 1 0 0 0 0 0 0 21 0 0 0 0 0 0 0 0 0 0 13 0 0 0 0 0 0 14 0 0 0 0 0 0 0 0 9 0 0 0 0 0 0 0 8 0 0 2 3 0 15 0 81 0 2 13 0 0 0 0 0 0 0 0 0 0 0 0 0 11 25 0 0 0 0 
 0 0 0 0 3 1 0 0 0 0 63 0 46 1 0 0 0 0 91 1 1 0 0 2 0 0 0 0 0 0 2 0 0 0 0 0 0 0 0 0 46 129 325 232 39 38 26 43 309 66 457 75 53 247 30 208 292 0 57 31 0 0 0 0 3 4 23 0 2 0 7 1 7 0 0 27 5 0 0 0 0 0 0 0 0 0 0 0 0 0 28 0 0 0 0 0 0 0 0 0 0 0 0 0 0 0 0 0 13 0 0 0 0 0 0 0 0 0 0 0 0 0 10 32 12 10 0 0 8 15 51 36 0 0 0 0 0 9 0 0 7 5 0 0 0 0 0 0 0 0 0 0 0 0 0 0 0 0 0 0 12 0 0 0 3 0 0 0 0 0 0 0 0 0 0 0 0 0 0 0 0 0 0 0 0 0 0 0 0 0 10 0 0 0 0 0 0 0 0 0 0 0 9 26 25 17 0 2 14 10 4 15 0 0 0 0 3 1 0 0 0 0 0 0 11 0 0 0 0 0 0 0 0 0 0 0 0 0 0 14 0 1 15 0 0 0 0 0 0 1 0 1 0 0 5 0 0 0 0 8 0 0 72 63 0 14 2 62 0 0 14 0 0 0 0 0 0 0 0 0 0 0 0 0 11 12 0 0 0 0 
 0 0 0 3 0 3 0 0 3 0 0 0 0 8 0 0 0 0 0 0 1 0 2 0 4 200 0 0 0 0 0 61 0 0 0 0 0 0 0 64 51 44 22 47 54 96 269 58 51 263 35 41 371 61 43 35 27 57 0 196 2 0 0 13 3 0 0 3 0 1 2 0 0 51 50 5 1 0 0 3 0 0 0 0 0 0 0 0 0 0 0 0 0 0 0 0 0 0 0 0 0 0 0 0 1 2 0 0 0 0 0 0 0 0 0 0 0 0 0 0 14 3 3 5 0 0 32 0 2 0 0 0 9 14 10 0 4 6 39 0 0 0 0 0 0 0 6 0 0 0 0 0 0 0 0 0 0 1 0 0 0 0 0 0 0 0 0 0 6 13 0 0 0 0 0 0 0 3 0 1 0 0 0 0 0 1 0 0 0 0 6 0 0 0 0 0 0 0 0 0 0 0 2 5 7 0 8 20 4 11 6 3 37 8 2 7 11 4 17 28 0 0 0 0 0 0 0 0 0 0 0 0 0 0 0 0 0 0 0 0 0 0 0 0 0 0 0 0 0 0 0 7 0 0 0 0 0 0 1 0 0 0 0 0 0 4 0 0 0 0 0 0 0 0 1 0 0 0 0 0 0 0 5 0 6 0 0 0 0 0 
 0 0 0 0 0 0 0 0 0 0 0 0 0 0 0 0 0 0 0 0 0 0 0 10 7 0 0 0 0 0 6 6 0 0 0 0 0 0 61 0 349 50 45 266 59 28 184 41 69 66 289 37 176 144 80 66 23 31 196 0 0 0 1 0 0 0 0 0 2 31 0 23 0 0 0 0 0 0 1 0 0 0 0 0 0 0 0 0 0 0 0 0 0 0 0 0 0 0 0 0 0 0 0 0 3 21 0 0 0 0 0 4 0 0 0 0 0 0 0 0 21 27 0 0 0 0 23 9 24 0 0 0 9 25 41 0 14 0 31 15 0 0 0 0 0 0 0 0 0 0 0 0 0 0 0 0 15 0 0 0 0 0 0 0 0 8 0 10 6 0 0 0 0 0 0 0 0 1 0 0 0 0 0 0 0 13 0 0 0 0 0 0 0 0 0 0 0 0 0 0 38 11 1 1 0 0 35 34 5 0 0 0 13 20 22 11 0 0 31 13 0 0 0 0 0 0 0 0 0 0 0 0 0 0 0 0 0 0 0 0 0 0 0 0 0 0 0 0 0 18 0 11 0 2 0 0 0 0 8 2 0 0 0 0 0 64 3 0 2 0 0 0 0 0 0 0 0 0 0 0 0 7 0 0 0 0 0 0 1 0 
 0 0 0 0 0 0 0 0 0 2 0 0 0 0 0 0 6 5 0 0 5 3 3 3 3 3 7 3 3 3 3 3 3 3 31 3 3 3 3 3 0 1 4 0 0 0 0 0 0 0 0 0 27 0 17 2 0 0 2 0 0 150 304 48 59 44 273 295 328 273 32 27 293 337 239 50 32 35 61 507 0 0 0 0 0 12 0 0 0 0 0 0 0 0 0 0 0 0 0 0 0 0 0 0 0 0 0 0 0 0 0 0 0 0 0 0 0 0 0 0 2 3 1 3 3 0 0 2 3 2 0 1 1 3 0 0 2 3 0 0 18 13 7 1 0 0 0 26 9 0 8 0 0 0 15 20 4 23 0 0 0 2 0 0 0 0 0 0 0 0 0 0 0 0 0 12 0 0 0 0 0 0 0 0 0 0 0 0 0 0 0 0 0 0 0 0 0 0 0 0 0 0 0 0 0 0 0 0 0 0 0 0 0 0 0 0 0 0 0 0 0 65 50 7 0 1 0 0 29 22 15 3 0 0 39 10 42 7 0 0 0 0 0 0 0 0 0 0 0 0 0 0 0 0 4 0 0 0 0 0 0 0 7 0 0 0 0 0 0 0 0 0 0 2 2 0 0 0 0 0 0 0 0 0 0 0 0 0 0 0 
 0 0 0 0 2 0 0 0 0 0 0 0 0 0 0 0 0 0 0 0 0 0 0 0 52 0 0 0 0 0 0 0 0 0 0 0 0 0 0 0 0 1 4 4 0 3 0 0 0 0 0 0 2 0 3 0 0 0 0 0 150 0 280 56 79 30 48 248 398 43 25 35 277 74 243 94 325 41 43 26 0 0 0 0 0 0 0 0 0 0 0 0 0 0 0 0 0 0 0 0 0 0 0 0 0 0 0 0 0 0 0 0 0 0 0 0 0 0 0 0 0 0 0 0 0 0 0 0 0 0 0 0 0 0 0 0 0 0 0 0 20 6 32 41 9 0 3 21 18 30 16 24 0 3 3 7 4 15 0 5 4 0 0 0 0 0 0 0 0 0 0 0 0 0 0 0 2 0 0 0 0 0 0 0 0 0 0 0 0 0 0 0 0 0 0 0 0 0 0 0 0 0 0 0 0 0 0 0 0 0 0 0 0 0 0 0 0 0 0 3 24 0 4 26 0 0 3 20 0 18 38 4 10 4 3 0 27 37 0 0 0 0 0 3 0 0 0 0 0 2 0 0 0 0 6 0 16 0 0 0 0 0 0 0 0 0 14 2 0 0 17 0 0 25 1 2 0 0 0 0 0 0 0 0 0 0 0 0 0 0 
