 0 98 74 47 140 83 452 323 31 26 26 49 143 166 271 34 27 40 30 177 3 0 2 0 2 0 2 3 1 0 2 1 0 0 0 0 2 0 0 0 0 0 2 0 0 3 0 0 0 0 57 0 0 0 0 0 0 70 0 0 2 3 0 0 3 3 0 2 2 0 0 2 2 0 0 0 3 0 0 0 60 40 0 0 0 11 0 64 0 1 0 0 0 22 36 0 13 17 1 37 0 2 0 0 0 29 0 0 0 0 0 0 0 0 0 0 18 0 0 0 0 0 0 0 0 0 0 0 0 0 0 0 0 0 0 0 0 0 0 0 0 0 0 0 0 0 2 6 0 0 0 0 0 0 1 0 0 0 0 0 29 34 20 0 1 0 37 29 12 15 12 0 0 15 31 0 0 14 0 0 0 0 0 0 0 0 0 0 0 0 0 0 0 0 0 0 0 0 0 0 0 0 0 0 0 0 0 0 0 0 0 0 0 0 0 0 0 0 0 0 0 1 0 0 0 0 0 0 0 0 0 0 0 0 0 0 0 0 0 0 0 0 0 0 0 2 2 0 0 2 0 11 0 0 0 0 0 0 0 0 0 0 0 0 0 0 0 0 0 0 0 0 0 0 0 0 0 0 0 0 0 0 0 0 0 0 0 0 0 1 
 98 0 466 264 39 44 757 505 350 32 50 31 44 66 404 528 316 271 47 40 5 0 4 2 0 0 3 3 2 0 2 1 0 208 0 0 2 0 0 2 0 0 0 0 0 3 0 0 0 0 0 0 0 0 0 0 0 2 0 0 2 2 0 0 1 2 0 3 3 0 0 0 2 0 0 0 3 0 0 0 3 42 50 30 1 0 0 14 36 36 0 0 0 0 22 28 45 11 0 0 0 0 0 0 2 0 0 0 0 0 0 0 0 0 0 0 0 0 0 0 0 0 0 0 0 0 0 0 2 0 0 0 0 0 0 0 0 0 0 0 0 0 0 0 0 0 0 0 0 0 0 0 0 0 0 0 0 0 8 0 26 19 23 1 0 0 0 0 33 12 9 17 0 0 26 41 43 17 0 0 0 0 0 0 0 0 0 0 0 2 0 0 13 0 0 0 0 0 0 1 1 0 12 0 1 0 0 0 0 0 0 0 0 0 0 0 0 0 0 0 0 0 0 0 0 0 0 0 0 0 0 0 0 0 0 0 0 0 0 0 0 0 0 0 0 2 2 0 4 0 0 3 1 0 0 0 0 0 0 0 0 0 0 0 0 0 1 0 0 0 0 0 0 0 0 0 0 18 0 0 0 0 0 0 0 0 0 0 0 0 
 74 466 0 129 52 45 74 210 481 353 62 45 172 70 153 203 272 462 56 64 4 0 2 0 0 0 75 3 1 2 3 0 0 0 0 0 2 0 5 0 0 0 1 0 0 3 0 0 0 0 63 0 0 0 1 0 0 3 0 0 2 3 0 0 3 3 0 1 2 0 0 0 2 0 0 48 4 0 0 0 0 0 62 73 32 8 0 0 47 27 45 25 0 0 0 54 31 40 0 0 0 0 0 0 0 0 0 0 2 0 0 0 0 0 0 0 0 0 0 2 0 0 0 0 0 0 0 0 0 0 0 1 0 0 0 0 1 0 0 0 0 0 0 0 0 0 0 0 0 0 0 0 0 0 0 0 0 0 10 1 3 0 49 1 0 1 0 0 30 55 12 11 0 18 21 42 72 35 2 0 0 0 0 0 0 0 0 0 0 0 0 0 0 0 0 0 0 0 0 0 0 1 0 0 0 0 0 0 0 0 0 0 0 0 0 0 0 0 0 0 0 0 0 0 0 0 0 0 0 0 0 0 1 0 0 0 0 0 0 0 0 0 0 0 0 2 8 0 0 8 0 2 16 0 0 0 0 1 0 0 0 0 0 0 0 0 0 0 0 0 0 0 0 0 0 0 25 3 0 0 0 0 0 0 0 0 0 0 0 0 
 47 264 129 0 91 43 337 74 71 373 211 428 68 301 281 53 264 846 53 45 3 0 3 0 1 0 2 4 2 0 3 1 0 0 8 1 2 0 0 0 0 0 0 0 0 3 0 0 0 0 0 0 0 0 0 0 0 3 0 0 2 36 0 0 2 2 0 3 3 0 0 0 3 0 0 0 3 0 1 0 0 0 13 30 39 0 0 0 38 12 60 36 2 0 2 11 0 24 0 1 0 1 0 0 0 0 0 0 0 0 0 0 0 0 0 0 2 0 0 0 0 0 0 13 0 0 20 0 0 0 0 0 0 0 0 2 0 0 0 0 0 0 0 0 0 0 1 0 0 0 0 0 0 0 0 0 0 0 1 4 0 0 0 43 26 15 0 0 1 17 23 16 0 0 0 0 12 24 0 0 0 0 0 0 0 0 0 0 0 0 0 2 0 0 0 0 0 0 0 10 0 0 29 0 0 0 0 0 0 0 0 37 0 0 0 16 0 0 18 0 0 0 0 0 0 0 0 0 0 0 0 0 0 0 0 0 0 0 0 0 0 7 0 0 0 3 59 0 0 60 2 8 13 0 2 0 0 0 0 0 0 0 13 0 0 0 0 0 0 0 0 0 0 0 0 46 17 0 0 0 0 0 0 0 0 0 0 0 0 0 
 140 39 52 91 0 454 42 48 293 65 121 419 77 68 77 68 44 251 51 82 3 0 3 0 0 0 2 3 4 0 2 0 0 0 0 0 2 3 2 5 0 0 0 0 0 3 0 0 6 1 63 0 0 0 0 12 0 3 0 0 2 2 0 0 1 2 0 3 3 0 0 2 2 0 0 0 3 0 0 6 0 0 0 0 36 58 0 0 0 0 0 17 2 0 2 0 0 0 0 1 9 2 0 0 0 0 0 0 0 0 0 0 56 0 0 0 19 0 41 16 0 0 0 16 0 0 0 0 0 0 0 0 0 0 0 2 0 0 0 0 0 0 0 0 0 0 30 0 0 0 0 0 0 0 0 0 0 0 1 2 0 0 0 29 19 27 0 0 0 0 3 26 0 0 0 0 1 0 0 0 1 0 0 0 0 0 1 0 0 0 0 2 8 35 0 0 0 0 53 49 0 0 0 0 14 0 0 0 0 0 0 15 0 0 0 0 0 0 0 0 0 13 0 0 0 0 0 0 0 0 0 0 0 0 0 0 0 0 0 0 0 9 0 0 0 0 3 0 3 2 0 8 0 0 0 0 0 0 0 0 0 0 0 0 0 0 0 0 0 0 0 0 0 0 0 3 0 0 0 0 0 0 0 0 0 0 0 0 0 0 
 83 44 45 43 454 0 238 40 48 51 322 300 32 55 286 295 64 81 251 48 3 73 2 0 2 0 3 3 2 2 2 2 0 1 0 0 2 1 233 3 0 1 0 0 0 3 0 0 0 0 68 0 0 0 0 16 0 4 0 42 2 3 0 0 2 2 0 3 5 0 0 4 2 0 0 0 3 0 0 12 0 1 0 0 12 50 12 0 11 0 0 13 0 0 1 0 0 0 0 0 12 20 0 0 0 0 44 0 0 17 0 0 42 16 0 0 0 0 47 30 0 0 12 0 0 0 0 0 0 0 0 0 20 0 0 0 0 0 0 0 0 0 0 0 0 0 2 0 0 0 0 0 0 0 0 0 0 0 0 0 0 0 0 0 12 21 0 0 0 0 0 13 1 0 0 0 0 0 0 0 15 0 0 0 0 0 37 0 0 0 0 0 34 21 0 0 0 0 78 19 0 1 0 0 11 0 0 0 0 0 0 1 0 16 0 0 0 0 0 0 0 0 0 0 0 0 0 0 0 0 0 0 0 0 0 0 0 0 0 0 0 0 0 0 0 1 2 0 2 1 1 8 0 0 0 20 0 0 0 0 0 0 0 0 0 0 0 0 0 0 0 0 0 0 0 0 0 0 0 0 0 0 0 0 0 0 0 0 0 1 
 452 757 74 337 42 238 0 106 73 34 47 45 713 652 273 240 22 42 47 383 3 3 3 0 0 6 2 6 4 5 6 1 0 207 4 3 6 2 0 35 0 8 4 7 5 66 3 0 0 4 2 3 0 2 0 6 9 6 0 0 2 3 2 2 10 5 0 4 13 3 5 5 2 0 3 3 10 2 0 0 73 12 0 0 0 0 23 39 1 0 0 0 40 38 31 0 0 11 0 30 0 0 0 0 0 0 0 0 0 0 0 0 0 0 0 0 0 0 0 2 0 0 0 1 0 0 0 0 0 0 2 0 0 0 0 0 0 11 0 0 0 0 0 0 0 0 0 8 0 0 5 0 0 0 4 2 0 0 0 0 17 32 32 0 0 0 51 35 17 0 0 0 22 42 24 1 0 1 0 25 0 0 6 0 0 0 0 0 0 0 0 0 0 0 0 0 0 0 0 0 0 1 0 0 0 0 0 0 0 0 0 1 0 0 0 0 0 0 0 0 0 0 0 0 0 0 0 0 10 0 0 0 1 0 0 0 0 0 0 0 0 0 0 0 0 2 0 0 2 0 0 19 0 0 0 0 0 0 0 0 0 0 0 0 0 0 0 1 0 0 0 0 0 0 2 0 0 0 0 0 0 0 0 0 0 0 0 0 0 0 
 323 505 210 74 48 40 106 0 191 60 44 252 152 690 272 57 44 42 50 41 5 0 3 0 0 2 2 3 8 2 2 2 102 0 0 0 4 3 2 4 3 0 0 0 0 3 0 0 4 0 53 3 8 0 1 0 1 2 2 2 2 2 0 0 0 4 0 3 3 2 2 0 3 1 0 4 6 0 0 4 15 33 14 10 0 0 0 19 10 12 0 0 0 0 30 39 51 8 0 3 0 0 0 0 0 0 0 0 21 0 1 20 0 0 0 0 0 0 0 0 0 0 0 0 0 0 0 0 0 0 0 1 0 0 0 0 0 0 0 0 0 0 0 0 0 0 30 1 0 0 0 0 0 0 0 0 0 0 0 0 36 31 54 0 0 0 1 1 24 12 14 0 0 2 24 30 0 10 2 15 0 1 0 0 0 0 0 0 0 0 0 0 0 0 0 0 0 0 0 14 0 1 0 0 0 0 0 0 0 0 1 0 0 0 0 0 0 0 0 0 0 0 0 0 0 34 0 0 0 0 0 0 0 0 0 0 0 0 0 0 0 0 0 0 0 0 0 0 0 2 2 6 0 0 0 0 0 0 0 0 0 0 0 48 0 0 0 0 0 0 0 15 0 0 0 0 0 0 0 0 0 0 0 0 0 0 0 0 0 0 
 31 350 481 71 293 48 73 191 0 254 42 119 70 97 277 175 349 288 95 61 5 1 2 0 0 3 2 7 5 0 2 2 0 0 0 73 118 0 0 0 0 0 0 0 1 3 1 0 0 3 3 0 0 0 0 0 0 3 0 2 2 2 0 0 1 2 0 3 3 0 0 0 2 45 0 3 3 3 3 0 2 16 54 42 28 0 0 1 41 41 51 31 0 0 22 35 30 46 0 0 0 0 0 0 0 14 0 0 0 0 0 0 0 0 0 0 0 0 0 0 12 0 0 0 1 0 0 0 0 2 0 0 0 0 0 0 0 0 0 0 0 0 0 0 0 2 0 0 2 0 0 0 0 0 0 0 0 0 17 0 2 1 2 1 5 3 0 0 35 35 15 21 0 0 1 27 37 47 0 0 2 0 0 0 0 0 2 0 0 0 0 0 0 0 0 0 0 0 0 0 0 0 0 0 0 0 0 0 0 0 0 0 0 0 0 0 6 0 0 0 0 0 0 0 0 0 3 0 0 16 0 0 0 2 0 0 0 0 0 0 0 0 0 0 0 2 5 0 1 3 0 12 17 0 0 0 0 0 0 0 0 0 10 0 0 0 0 0 0 0 0 0 0 0 0 0 0 14 0 0 0 0 0 0 0 0 0 0 0 0 
 26 32 353 373 65 51 34 60 254 0 258 45 221 61 105 259 147 67 138 61 3 0 2 0 0 0 5 3 3 0 2 1 0 0 0 0 2 0 1 8 0 0 0 0 0 3 0 61 58 0 0 0 0 0 30 0 0 3 0 0 2 3 0 0 3 3 0 45 3 1 0 0 2 0 0 0 3 0 0 0 0 0 44 49 9 0 0 0 25 24 39 28 0 0 0 20 0 16 0 0 0 18 0 0 0 0 0 0 0 2 0 0 0 2 0 19 0 0 0 0 0 1 1 0 0 0 0 0 0 0 0 0 2 0 0 0 0 0 0 0 0 0 0 0 13 0 0 0 0 0 0 0 0 0 0 0 0 0 5 0 0 0 1 0 0 0 0 2 18 16 4 19 0 0 0 0 21 14 0 2 0 0 2 0 0 0 0 0 0 0 0 0 1 0 0 1 0 0 0 0 0 0 0 1 0 0 25 0 0 0 0 0 0 0 0 1 11 0 0 0 0 0 0 0 0 0 2 1 0 0 0 0 0 0 0 0 0 0 0 0 0 2 0 0 0 3 179 2 0 89 1 5 0 0 0 0 0 0 0 0 0 0 17 0 0 0 0 0 0 0 0 0 0 0 0 39 15 11 0 0 0 0 0 16 0 0 0 0 0 0 
 26 50 62 211 121 322 47 44 42 258 0 330 48 46 54 60 245 326 49 49 3 0 2 0 0 1 2 78 1 2 2 3 0 0 0 0 84 75 0 2 0 0 0 4 0 3 0 0 0 4 63 0 0 0 0 4 0 3 0 0 2 4 4 1 3 3 0 4 8 0 0 0 2 0 5 4 3 0 0 3 0 0 0 17 45 2 0 2 0 2 33 26 0 0 0 0 0 54 2 0 1 0 0 0 0 0 0 0 0 0 0 0 0 0 0 0 0 0 0 0 0 0 0 24 1 0 6 0 0 2 0 0 0 0 0 0 0 0 0 0 0 0 0 0 0 0 0 1 0 0 0 1 0 0 0 0 6 0 0 0 0 0 0 11 3 19 0 0 0 8 26 23 0 0 0 0 0 45 0 0 2 0 0 0 0 0 0 0 0 0 20 0 0 0 0 0 0 0 0 13 0 0 0 0 0 12 0 0 0 0 0 22 0 0 0 0 0 0 0 0 0 0 0 0 0 0 0 0 0 0 0 0 0 0 0 0 0 0 0 0 0 40 0 0 0 0 1 0 3 43 0 5 14 0 0 0 0 0 0 0 0 0 12 0 0 0 0 0 0 0 0 0 0 2 0 5 14 0 0 0 0 0 0 0 0 0 0 0 0 0 
 49 31 45 428 419 300 45 252 119 45 330 0 26 38 146 28 74 296 16 30 6 0 2 2 3 0 25 7 2 2 2 0 0 2 0 15 2 0 0 0 0 3 0 1 6 6 0 3 0 0 1 2 0 0 0 3 0 9 0 0 5 4 0 1 4 2 0 3 3 0 0 7 2 0 0 0 3 0 0 12 0 0 0 0 19 52 0 0 1 10 28 18 0 0 0 1 1 1 0 12 0 0 0 7 2 0 0 0 13 0 0 0 8 0 0 0 0 0 13 0 0 0 0 10 0 0 13 0 2 0 0 0 0 0 0 0 0 0 0 0 0 0 0 0 0 0 0 0 0 10 0 0 0 0 0 0 0 0 0 6 0 0 0 27 26 41 0 0 0 19 21 34 0 0 0 0 0 1 0 0 0 0 0 0 0 0 0 0 0 0 0 0 9 3 0 0 0 0 28 26 2 16 0 0 11 0 0 13 0 0 0 41 0 0 0 0 0 0 0 0 0 0 0 0 0 0 1 0 1 7 0 0 0 0 0 0 0 0 0 10 0 8 0 0 0 4 173 0 8 195 0 3 2 0 0 0 0 0 0 0 0 0 15 0 0 11 0 0 0 0 0 0 0 0 0 58 0 0 0 0 0 0 0 0 0 0 0 0 0 0 
 143 44 172 68 77 32 713 152 70 221 48 26 0 308 33 297 65 38 636 195 6 0 2 3 3 5 2 5 3 0 5 1 0 203 3 0 4 2 1 2 0 6 0 2 64 3 0 0 0 2 0 0 0 3 0 3 5 3 0 0 2 3 3 3 4 3 0 4 2 0 0 3 33 3 4 0 3 0 0 0 28 13 0 0 0 1 54 21 1 0 0 0 47 46 48 0 0 0 18 39 0 0 0 0 0 0 0 0 0 0 0 12 0 0 0 0 0 0 0 0 0 0 0 0 0 0 0 0 0 0 0 0 0 2 0 0 0 0 0 0 0 0 0 0 0 0 0 8 0 0 9 0 0 0 6 0 0 0 0 0 10 19 0 1 0 20 42 43 1 0 0 0 22 34 16 0 0 0 9 11 0 0 1 0 0 0 0 0 0 0 0 0 0 0 0 9 0 0 0 0 0 0 0 2 0 0 0 0 0 0 0 0 33 0 0 1 0 0 0 0 0 1 0 0 0 0 1 0 0 0 0 0 0 0 0 0 1 0 2 10 0 0 0 0 0 0 2 0 1 0 0 5 0 0 0 0 0 0 0 0 0 0 0 0 0 0 0 0 0 0 1 0 0 0 0 0 0 0 0 0 0 0 0 0 0 0 0 0 0 0 
 166 66 70 301 68 55 652 690 97 61 46 38 308 0 371 50 259 467 84 188 5 0 2 0 0 0 2 3 1 0 2 1 0 0 0 0 2 2 45 2 0 1 0 0 0 66 31 0 0 0 0 0 0 0 0 0 0 3 0 0 2 3 0 0 3 3 0 3 9 0 0 0 2 0 0 0 3 0 0 30 21 51 0 0 0 0 0 24 0 0 0 0 10 28 49 0 14 15 0 13 0 2 0 0 0 0 0 0 0 0 0 0 0 0 0 0 1 0 0 10 0 0 0 0 0 0 0 0 0 0 0 9 0 0 0 0 0 0 0 0 0 0 0 0 0 0 2 6 0 0 4 0 0 0 1 0 0 0 2 0 43 47 74 0 0 0 26 42 14 0 10 0 5 13 43 50 2 14 0 12 0 0 15 0 0 0 0 0 0 0 0 1 0 0 0 11 0 0 0 0 0 0 0 0 0 0 0 0 0 0 16 0 0 0 0 0 0 0 0 0 0 0 0 0 0 0 0 0 0 0 0 0 0 0 0 0 0 0 8 0 0 0 0 0 0 0 0 2 1 0 2 9 0 0 0 0 0 0 0 0 0 0 0 0 0 0 0 0 0 0 0 0 0 8 0 0 0 0 0 0 0 0 0 0 0 0 0 0 0 0 
 271 404 153 281 77 286 273 272 277 105 54 146 33 371 0 84 281 244 70 66 80 2 3 2 3 2 7 12 1 0 4 0 0 0 0 0 2 0 0 0 0 0 40 0 0 5 0 0 0 2 0 0 0 0 0 0 0 3 0 0 2 3 0 0 3 3 0 42 3 0 0 0 2 0 0 0 3 0 0 0 12 63 13 11 0 0 0 36 12 22 0 0 17 19 17 24 41 15 0 1 0 0 0 0 0 0 0 0 0 0 0 0 0 0 0 0 0 0 0 0 0 0 0 0 0 17 0 0 0 0 0 0 0 0 2 0 0 0 0 9 2 2 0 0 0 0 0 0 0 0 0 0 0 1 0 0 0 0 4 0 21 37 22 0 0 0 3 3 0 14 9 0 0 0 35 27 0 14 0 21 0 0 0 11 0 0 0 1 0 0 0 0 0 0 0 0 0 0 2 0 0 0 0 0 0 0 0 0 0 0 0 0 0 0 0 0 0 0 0 2 0 0 1 0 0 0 0 0 0 0 0 0 0 0 0 2 0 0 0 0 0 0 0 0 0 2 1 0 2 0 0 3 0 2 0 0 0 1 1 0 1 0 0 0 0 0 0 0 0 0 0 0 0 0 0 0 0 43 0 0 0 0 0 0 0 0 0 0 0 0 
 34 528 203 53 68 295 240 57 175 259 60 28 297 50 84 0 283 304 22 261 5 2 6 0 1 2 3 3 2 1 2 1 2 2 1 1 3 0 0 2 2 3 0 0 0 5 0 4 0 2 0 2 2 2 0 0 6 4 0 51 2 2 1 0 4 53 0 3 4 0 1 0 2 0 0 0 3 0 0 0 0 1 44 85 20 0 0 0 46 20 15 19 0 0 0 24 26 48 0 0 0 0 0 0 0 0 0 0 0 0 0 0 0 0 0 0 0 0 0 0 0 0 0 0 0 0 0 1 0 0 0 0 0 0 0 0 0 0 0 0 0 0 0 0 0 8 0 0 0 0 0 0 0 0 0 0 0 0 0 0 0 0 0 17 1 0 0 0 35 28 11 22 0 0 0 16 23 20 0 0 0 0 0 0 0 0 0 0 0 0 0 0 0 0 0 0 0 0 0 0 0 0 0 0 0 0 0 0 0 0 0 11 0 0 0 0 0 0 0 0 0 0 0 0 0 0 0 8 0 0 0 0 0 20 0 0 0 0 0 0 0 0 0 0 0 0 2 0 0 2 2 7 17 0 2 0 0 0 0 0 0 0 1 0 0 0 0 0 0 0 0 0 0 0 0 0 15 0 0 0 0 0 0 0 0 0 0 0 0 0 
 27 316 272 264 44 64 22 44 349 147 245 74 65 259 281 283 0 247 38 26 3 0 2 1 0 0 2 3 2 0 2 0 0 1 1 0 2 0 0 0 0 0 0 0 0 3 0 0 0 0 0 0 0 0 0 0 0 3 0 0 2 3 0 38 2 2 0 3 3 0 0 0 2 0 0 0 3 0 0 0 1 4 50 44 21 1 0 0 46 53 75 27 0 0 0 49 19 28 0 0 0 0 0 0 1 0 0 0 0 0 0 0 0 0 0 0 0 0 0 0 6 0 0 0 0 0 0 0 1 0 0 0 0 0 0 0 0 0 0 0 0 0 0 0 0 0 0 0 15 0 0 0 0 0 0 0 0 0 11 0 0 0 0 0 0 2 0 0 30 30 4 19 0 0 0 10 38 13 6 0 0 0 0 0 0 0 0 0 0 1 0 0 0 7 0 0 0 0 0 2 0 0 0 0 2 0 0 0 0 0 0 0 0 0 0 0 0 0 0 0 0 0 0 0 0 0 0 0 0 0 0 0 0 0 0 0 0 0 0 0 0 0 11 0 0 1 176 0 2 0 0 6 16 0 0 0 0 0 0 0 0 0 42 0 0 0 2 0 0 0 0 0 0 0 0 19 16 9 0 0 0 0 0 0 0 0 0 0 0 0 
 40 271 462 846 251 81 42 42 288 67 326 296 38 467 244 304 247 0 33 20 3 0 2 0 0 0 2 3 2 0 2 0 0 0 0 0 4 0 0 0 0 0 0 0 0 3 0 0 0 0 0 0 0 0 0 0 0 3 0 0 2 2 0 0 1 0 0 3 3 0 0 34 5 0 0 0 3 0 0 0 0 0 64 36 37 0 0 0 30 50 54 27 0 0 0 35 0 24 0 0 0 0 0 0 0 0 0 0 0 0 0 0 11 0 0 0 0 0 0 0 0 0 0 0 0 0 18 0 0 0 0 0 0 0 0 0 0 0 0 0 0 0 0 0 0 0 0 0 0 0 0 0 0 0 0 0 0 0 14 0 0 0 0 10 11 23 0 0 44 19 26 21 0 0 0 0 47 12 0 0 0 0 0 0 0 0 0 0 0 0 0 0 1 0 0 0 0 0 0 0 0 0 0 0 0 0 0 0 0 0 12 0 0 0 0 0 0 0 0 0 0 8 0 0 0 0 0 0 0 0 0 0 6 0 0 0 0 0 0 0 0 0 0 0 0 3 173 3 1 182 2 0 10 0 0 0 0 0 0 0 0 0 17 0 0 0 0 0 0 0 0 0 0 0 0 28 15 9 0 0 0 0 0 0 0 0 0 0 0 0 
 30 47 56 53 51 251 47 50 95 138 49 16 636 84 70 22 38 33 0 376 3 1 2 0 0 0 2 3 1 0 2 1 0 0 0 4 2 0 1 0 52 6 1 0 0 3 0 65 0 0 0 0 0 2 1 0 0 3 0 0 2 3 0 0 3 3 0 1 43 0 0 0 2 0 0 0 3 0 0 0 24 0 0 0 0 0 35 24 0 0 0 0 37 30 4 0 0 0 39 26 0 0 0 0 0 0 0 0 0 0 0 0 0 0 0 0 7 0 0 0 0 0 0 0 0 0 0 0 0 0 0 0 0 0 0 0 0 0 0 0 0 0 0 0 0 0 0 6 0 0 4 0 0 0 16 0 0 0 0 0 0 1 0 14 0 0 13 12 0 0 0 0 18 32 12 0 0 0 27 28 0 0 0 0 0 0 0 0 0 0 0 0 0 0 0 0 0 0 0 0 9 0 0 0 0 0 0 0 0 0 0 0 0 0 0 0 26 0 0 0 0 0 0 0 0 0 0 0 0 0 0 0 0 0 0 0 0 0 0 0 0 0 0 0 0 0 2 1 0 2 0 9 0 0 0 0 0 0 0 0 0 0 0 0 0 0 0 0 0 0 0 0 0 0 0 0 0 0 0 0 0 0 0 0 0 0 0 0 0 0 
 177 40 64 45 82 48 383 41 61 61 49 30 195 188 66 261 26 20 376 0 80 1 4 1 1 0 2 4 1 73 2 0 0 0 0 0 2 0 0 0 0 5 0 0 0 3 0 0 0 0 0 0 0 0 0 0 0 3 0 0 2 3 0 0 3 3 0 2 2 0 0 0 2 0 0 0 3 0 0 0 40 17 0 0 0 0 31 21 0 0 0 0 39 36 28 0 0 28 13 105 0 0 0 0 0 0 0 0 0 0 0 1 0 0 0 0 0 0 0 0 0 0 0 0 0 0 0 0 1 0 0 0 0 0 0 0 0 0 0 0 0 0 0 0 0 0 0 7 0 0 2 0 0 0 6 18 0 0 0 0 10 2 12 0 21 2 47 44 17 0 0 0 12 53 30 1 0 0 9 14 0 0 0 2 0 0 0 0 0 1 0 0 0 0 0 0 0 0 0 0 0 0 0 0 0 0 0 0 0 0 0 0 0 0 0 0 0 0 0 11 0 0 0 0 0 0 0 0 0 0 0 0 0 0 0 0 0 7 0 0 0 0 0 0 0 1 0 1 0 0 1 10 0 0 0 0 0 0 0 0 0 0 0 0 0 0 1 0 0 0 0 0 0 0 0 0 0 0 0 0 0 0 0 0 0 0 0 0 0 0 
 3 5 4 3 3 3 3 5 5 3 3 6 6 5 80 5 3 3 3 80 0 90 95 65 112 39 729 372 44 45 41 51 65 175 347 48 33 44 57 124 0 5 74 0 3 1 0 4 2 0 1 3 2 0 0 2 0 0 0 3 3 2 4 2 0 0 2 2 3 7 1 0 1 0 0 48 0 5 0 0 2 0 0 0 0 0 0 0 0 0 0 0 0 0 0 0 0 0 2 0 26 22 17 22 0 0 17 41 46 16 0 0 0 43 39 29 12 0 0 25 0 0 0 2 0 18 0 0 0 0 0 0 0 0 0 0 0 0 0 2 0 3 0 0 0 0 0 0 0 0 0 0 0 0 0 0 0 0 0 0 0 0 0 0 0 0 0 16 1 0 4 0 5 0 0 0 0 0 0 0 27 58 12 0 0 0 1 32 77 0 0 0 12 33 38 28 34 9 0 16 0 0 6 20 0 2 16 0 0 0 0 0 0 0 0 0 1 0 0 19 1 0 0 0 0 0 0 0 0 0 0 0 0 0 2 0 0 0 0 0 0 0 0 0 0 0 0 0 0 0 0 0 0 0 6 1 0 0 0 1 2 2 0 0 0 0 12 0 0 0 0 0 0 0 0 0 0 0 0 0 0 0 0 0 0 0 0 0 0 0 
 0 0 0 0 0 73 3 0 1 0 0 0 0 0 2 2 0 0 1 1 90 0 338 135 107 263 80 445 367 69 37 245 41 298 365 325 100 29 334 52 0 5 0 0 2 0 0 0 2 0 0 3 0 0 0 2 0 0 0 1 3 3 2 2 0 0 42 3 1 0 0 0 3 0 0 0 0 2 0 0 0 0 0 0 0 0 0 0 0 0 0 0 0 0 0 0 0 0 0 0 1 12 27 42 12 0 0 12 50 32 13 1 2 0 0 15 44 47 0 0 0 0 0 0 0 0 0 0 0 0 0 0 0 0 2 0 0 0 1 0 0 0 0 0 0 0 0 0 0 0 0 0 0 0 0 0 0 0 0 0 0 0 0 0 0 0 0 0 0 0 1 0 1 0 0 0 0 0 0 0 0 27 50 10 0 0 0 8 24 43 11 35 33 1 15 1 36 51 0 0 0 1 0 0 0 0 0 0 0 0 1 1 0 13 2 0 0 0 0 1 0 0 0 0 0 0 0 2 0 0 0 0 0 0 0 0 0 0 0 0 0 0 0 0 0 0 0 0 0 0 0 0 0 0 13 1 3 0 0 0 0 0 0 0 0 0 19 0 0 0 0 0 0 0 0 0 2 0 0 0 0 25 0 0 0 0 2 0 0 0 
 2 4 2 3 3 2 3 3 2 2 2 2 2 2 3 6 2 2 2 4 95 338 0 117 49 39 570 121 186 293 47 41 362 65 40 190 117 275 49 53 0 10 0 0 2 0 0 0 2 0 0 3 0 0 30 2 0 0 0 0 3 2 2 2 0 0 1 3 0 0 0 0 0 0 0 30 0 3 0 0 0 0 0 0 7 0 0 0 0 0 0 0 4 0 0 0 0 0 0 0 0 8 34 26 8 54 0 0 1 11 22 22 1 0 7 37 9 51 0 0 0 0 0 0 0 22 0 0 0 0 0 0 0 2 1 0 0 0 0 0 0 0 0 0 0 0 1 0 0 0 0 0 0 0 0 0 0 0 0 0 0 0 0 0 0 0 0 0 0 0 0 5 0 0 1 0 0 9 0 0 0 0 25 38 2 13 0 0 19 66 91 47 0 0 0 0 23 63 0 0 0 2 0 0 0 0 17 0 0 0 0 0 0 0 0 0 0 0 24 0 2 0 0 0 0 0 0 0 0 0 0 0 0 0 0 0 0 0 0 0 0 0 10 0 0 0 0 0 0 0 0 0 0 0 24 2 0 1 22 2 20 2 0 0 0 0 0 0 0 0 0 0 0 0 0 0 0 0 0 0 0 18 0 0 0 0 12 0 0 0 
 0 2 0 0 0 0 0 0 0 0 0 2 3 0 2 0 1 0 0 1 65 135 117 0 104 41 100 84 90 381 249 355 77 84 80 48 191 377 107 90 0 67 0 0 2 2 0 23 2 0 0 3 1 0 0 2 0 0 0 0 3 2 2 2 0 0 1 3 0 0 0 0 0 0 0 0 0 3 0 0 0 0 0 0 0 2 0 0 0 0 0 0 0 0 0 0 0 0 0 0 0 0 9 9 31 20 0 0 0 14 40 53 2 0 0 10 28 15 0 0 0 0 0 0 0 0 0 0 0 0 0 2 0 1 0 0 1 0 22 18 0 0 0 0 0 0 4 0 5 0 0 1 0 0 0 6 0 0 0 0 0 0 0 8 0 0 0 0 0 0 0 4 0 0 3 0 9 3 0 0 0 18 1 32 48 24 0 0 15 14 31 24 0 0 0 0 0 17 0 0 0 0 0 0 0 0 0 0 0 0 2 0 32 0 0 0 0 0 32 1 0 0 0 0 0 0 0 2 0 0 0 0 0 0 0 0 0 0 0 0 0 0 13 0 0 0 0 0 0 0 0 0 0 0 12 0 0 52 41 2 10 15 0 0 0 0 0 0 0 0 0 2 0 0 0 0 2 0 0 0 0 3 0 0 0 0 1 0 0 0 
 2 0 0 1 0 2 0 0 0 0 0 3 3 0 3 1 0 0 0 1 112 107 49 104 0 393 54 95 53 60 160 378 80 80 308 304 75 57 161 96 0 4 1 0 2 7 0 2 2 0 0 3 0 0 0 2 0 0 1 0 3 2 2 2 0 0 2 2 0 0 28 0 1 0 0 0 0 2 17 0 0 0 0 0 0 1 0 0 0 0 0 0 0 0 0 0 0 0 5 0 0 0 5 0 56 36 0 0 0 25 0 23 0 0 2 0 0 0 0 3 0 0 0 0 0 0 4 0 0 0 0 2 29 0 0 0 0 0 46 45 0 0 0 0 0 0 0 0 6 0 0 2 0 0 0 0 0 0 0 0 28 0 0 0 0 0 0 0 0 0 0 0 2 0 1 0 4 0 0 6 0 0 0 0 8 31 0 0 0 0 13 0 1 0 0 0 0 0 0 0 0 18 0 0 0 0 36 0 0 0 2 0 72 0 0 0 0 0 75 33 0 0 2 0 0 0 0 0 0 0 0 0 0 0 0 0 0 0 0 0 0 0 0 0 0 0 0 0 0 0 0 0 0 0 5 2 2 13 3 2 4 0 0 0 0 0 0 0 0 0 0 2 0 0 0 0 0 0 0 0 0 0 0 0 0 0 0 0 0 0 
 0 0 0 0 0 0 6 2 3 0 1 0 5 0 2 2 0 0 0 0 39 263 39 41 393 0 86 72 373 150 57 129 262 560 50 299 53 61 50 50 0 5 0 0 2 41 0 1 2 1 0 3 5 212 0 2 0 1 199 23 3 2 2 2 0 0 0 4 0 0 0 0 0 0 0 0 0 3 4 0 0 0 0 0 0 0 0 0 0 0 0 0 20 0 0 2 17 0 0 1 0 0 0 0 10 37 0 0 0 0 0 1 0 0 4 0 0 0 0 0 29 0 0 0 0 0 34 0 0 0 0 0 36 23 27 2 2 0 20 33 0 6 1 0 0 2 1 0 9 0 1 5 0 0 0 0 0 0 0 0 0 0 0 0 0 0 0 0 0 1 12 0 0 0 0 0 37 0 0 16 0 0 0 0 1 24 0 0 0 0 0 1 0 0 2 0 0 1 0 0 12 7 0 0 0 0 18 0 0 0 0 0 16 29 24 0 0 0 19 32 0 0 0 0 0 0 0 0 0 0 0 0 0 0 0 0 0 0 0 0 0 0 0 0 0 0 0 0 0 0 0 0 0 0 13 1 3 0 0 0 1 0 0 0 0 0 0 0 0 0 0 0 0 0 0 0 0 0 0 0 0 0 0 0 0 0 0 0 0 0 
 2 3 75 2 2 3 2 2 2 5 2 25 2 2 7 3 2 2 2 2 729 80 570 100 54 86 0 296 299 47 256 55 342 424 41 46 26 28 88 333 0 4 0 0 2 1 0 0 2 0 0 65 1 0 3 2 0 0 4 0 3 2 2 2 0 0 2 2 5 0 0 2 1 0 0 0 0 2 0 0 0 0 0 0 0 0 0 0 0 0 0 0 0 13 0 0 0 0 0 0 45 22 12 0 1 0 33 34 0 2 0 0 13 52 46 19 37 0 14 34 0 0 0 0 0 0 0 0 0 0 0 0 0 1 2 0 0 0 0 0 0 3 0 0 0 0 2 0 0 0 0 0 0 0 0 0 0 0 0 0 0 0 0 0 0 0 0 0 0 0 2 0 4 0 16 0 0 0 0 0 36 30 6 0 0 0 28 33 18 1 0 0 2 24 26 38 16 1 1 13 0 1 0 0 0 0 0 0 0 0 0 1 0 0 2 0 0 0 0 0 1 0 0 0 0 0 18 2 0 0 0 0 0 0 0 0 0 0 0 10 0 0 0 0 0 0 0 0 0 0 0 0 0 0 15 0 0 0 0 0 4 2 0 0 0 0 0 0 0 0 0 0 0 0 0 0 2 0 0 0 0 0 0 0 0 0 0 0 0 0 
 3 3 3 4 3 3 6 3 7 3 78 7 5 3 12 3 3 3 3 4 372 445 121 84 95 72 296 0 345 35 39 35 197 462 122 161 49 35 297 82 3 4 0 0 3 2 0 4 2 0 29 3 0 0 8 6 0 0 0 2 3 2 2 2 1 0 2 3 0 0 3 0 2 0 0 5 0 5 6 0 0 0 0 0 0 0 0 0 0 0 0 0 0 0 0 0 0 0 0 0 12 35 51 23 0 0 0 28 39 14 0 0 0 6 28 17 66 0 0 0 0 0 0 0 0 0 0 0 0 0 0 0 0 0 0 0 0 0 0 0 0 0 0 0 0 0 0 0 0 0 0 0 0 0 0 0 0 0 0 0 0 0 0 0 0 0 0 0 0 0 5 0 0 0 0 0 0 0 0 0 0 38 38 17 0 0 0 13 37 17 0 15 12 0 19 13 48 13 0 0 1 0 0 0 0 0 0 0 0 0 0 0 0 0 0 0 0 0 0 0 0 0 0 0 0 0 0 0 0 12 0 0 0 0 0 0 0 0 0 0 0 0 0 0 0 0 0 0 0 0 0 0 0 0 5 0 1 0 0 0 2 0 0 0 0 0 19 0 0 0 0 0 0 0 0 0 0 0 0 0 0 9 0 0 1 0 13 0 0 0 
 1 2 1 2 4 2 4 8 5 3 1 2 3 1 1 2 2 2 1 1 44 367 186 90 53 373 299 345 0 529 51 53 187 319 346 239 265 338 136 116 0 4 0 0 2 0 0 2 2 5 0 3 0 0 0 5 0 0 0 0 3 3 2 4 0 0 3 2 1 0 2 0 3 0 0 0 0 2 0 0 0 0 0 0 0 0 0 0 0 0 0 0 0 0 0 0 0 0 0 0 0 25 38 29 9 12 0 0 2 18 22 26 0 0 0 24 42 61 0 0 0 0 0 0 0 0 0 0 0 0 0 0 1 0 0 0 0 0 0 0 1 0 42 0 0 0 0 1 6 0 0 9 0 0 2 0 0 0 0 2 0 0 0 0 0 0 1 0 0 0 0 5 0 0 0 0 0 6 0 0 0 12 48 58 0 14 0 2 80 49 38 38 0 0 6 0 18 39 2 0 0 0 0 0 0 0 0 0 1 0 0 0 1 0 0 0 0 0 0 0 0 0 0 0 0 0 0 0 2 0 0 6 0 0 0 0 0 0 0 2 0 0 11 0 0 0 0 0 1 0 0 0 0 0 6 0 2 2 2 3 22 12 0 0 0 0 0 0 0 0 40 0 0 0 2 0 0 2 0 0 0 18 0 0 0 0 9 0 0 0 
 0 0 2 0 0 2 5 2 0 0 2 2 0 0 0 1 0 0 0 73 45 69 293 381 60 150 47 35 529 0 329 47 52 85 96 785 176 103 181 97 0 5 0 0 4 1 0 1 2 0 0 3 0 0 0 4 0 1 0 0 3 2 2 2 0 0 2 2 0 0 0 0 1 0 0 0 0 52 0 0 1 0 0 0 0 0 0 0 0 0 0 0 0 0 0 0 0 0 1 0 0 0 14 27 14 6 0 0 0 26 36 22 0 0 0 5 9 69 0 0 0 0 0 0 0 0 12 15 0 0 0 0 2 0 0 0 0 0 1 1 2 0 0 0 0 0 2 0 39 0 0 0 0 0 0 4 0 0 2 0 0 0 0 0 18 0 0 0 0 0 0 39 0 0 0 0 0 22 0 0 0 0 32 22 63 15 0 0 15 62 38 39 1 0 0 0 0 36 0 0 0 0 0 0 0 0 0 0 0 0 0 0 0 14 0 0 2 0 1 0 37 0 0 0 0 0 0 0 1 0 0 0 0 0 1 0 0 0 0 1 0 0 0 0 0 0 0 0 0 0 0 0 0 0 6 2 0 151 164 0 35 9 0 0 0 0 0 0 0 0 0 0 0 0 0 0 0 0 0 0 0 23 0 0 0 0 0 0 0 0 
 2 2 3 3 2 2 6 2 2 2 2 2 5 2 4 2 2 2 2 2 41 37 47 249 160 57 256 39 51 329 0 312 52 257 62 121 279 283 42 55 0 4 63 0 2 7 0 4 2 0 2 5 0 0 0 2 0 0 3 0 3 2 2 2 28 3 2 3 0 0 0 0 30 0 0 2 1 2 23 2 0 0 0 0 0 2 0 0 17 0 0 0 0 0 0 0 0 0 0 0 0 0 9 13 20 3 0 0 0 29 29 41 2 0 0 13 19 11 0 0 0 0 0 0 0 0 0 0 0 0 0 2 1 1 0 0 0 0 44 47 0 0 0 0 0 0 4 0 5 0 0 1 0 0 0 6 1 0 0 0 0 0 0 0 0 0 0 0 0 0 0 3 0 0 2 0 0 3 0 0 0 0 2 31 29 35 0 1 0 14 28 25 1 0 0 0 0 12 0 0 0 0 0 0 0 0 0 0 0 0 2 0 65 0 0 10 17 0 39 2 0 0 0 2 0 0 0 1 0 0 0 0 0 0 0 0 0 0 0 0 0 0 16 0 0 0 0 0 0 0 0 0 0 0 12 0 0 183 5 2 13 25 0 0 0 0 11 0 0 0 0 2 0 0 0 0 1 0 0 0 0 0 0 0 0 0 0 0 0 0 
 1 1 0 1 0 2 1 2 2 1 3 0 1 1 0 1 0 0 1 0 51 245 41 355 378 129 55 35 53 47 312 0 42 50 33 36 107 66 49 34 0 5 20 0 2 44 0 2 2 0 0 3 0 0 3 2 0 0 1 0 3 2 2 2 0 0 2 2 0 0 0 0 1 0 0 0 0 2 4 0 0 0 0 0 0 0 0 0 0 0 0 0 0 0 1 0 0 0 0 0 0 0 0 14 22 26 0 0 0 10 15 14 0 0 0 0 0 0 0 0 0 0 0 0 0 0 41 0 0 0 0 0 12 9 0 0 0 0 14 16 0 0 0 0 0 0 5 2 11 0 0 0 0 0 0 10 0 0 0 1 0 0 0 0 0 0 2 0 0 0 0 0 0 0 3 0 4 0 0 4 0 0 0 0 44 32 0 0 0 0 13 9 0 0 0 0 0 0 0 0 0 1 0 0 0 0 0 0 1 0 0 0 38 0 0 0 0 0 55 10 0 0 0 0 0 1 0 0 0 0 0 0 0 0 0 0 0 0 0 0 0 0 11 0 0 0 0 0 0 0 0 0 0 0 3 0 2 151 151 2 15 0 0 0 0 0 0 0 0 0 0 0 0 0 0 0 0 0 0 0 0 1 0 0 0 0 0 0 0 0 
 0 0 0 0 0 0 0 102 0 0 0 0 0 0 0 2 0 0 0 0 65 41 362 77 80 262 342 197 187 52 52 42 0 101 114 165 121 30 279 377 0 5 0 0 3 0 0 3 2 0 5 3 65 0 0 73 0 0 0 2 3 2 2 2 0 0 5 2 5 0 2 0 1 0 0 6 0 7 5 0 0 0 9 0 0 0 0 0 0 0 0 0 0 0 0 0 0 0 0 0 18 38 31 0 22 0 34 43 7 12 0 2 0 27 31 9 11 7 39 35 0 0 0 0 0 0 0 0 0 0 0 0 0 0 0 0 0 0 0 0 0 2 0 0 0 0 0 0 0 0 0 0 0 0 0 0 0 0 0 11 0 0 0 0 0 0 0 0 0 0 0 0 10 0 0 0 0 0 0 0 42 32 12 0 0 0 44 14 8 2 0 10 7 10 38 13 9 11 0 33 0 0 0 0 0 0 0 0 0 0 0 0 0 0 0 0 0 0 0 0 0 0 0 0 0 0 0 0 0 0 0 0 0 0 0 0 0 0 0 0 0 0 0 0 0 1 0 0 0 0 0 0 0 0 10 0 0 0 0 0 0 1 0 0 0 0 0 0 0 5 0 0 0 0 0 3 0 0 0 0 0 11 0 0 0 0 0 0 0 0 
 0 208 0 0 0 1 207 0 0 0 0 2 203 0 0 2 1 0 0 0 175 298 65 84 80 560 424 462 319 85 257 50 101 0 439 78 33 34 96 165 0 5 0 0 2 0 0 1 3 0 1 3 0 0 0 2 0 0 0 0 3 3 2 2 0 0 3 2 0 0 0 0 3 0 19 0 0 2 0 0 0 0 0 2 0 0 0 0 0 0 0 0 0 0 0 0 0 0 0 0 20 28 16 21 0 0 6 20 51 23 0 0 1 32 57 14 22 0 0 31 0 0 0 0 0 0 0 0 0 0 0 0 0 0 0 0 0 0 0 0 0 8 0 55 0 0 0 0 0 0 0 2 0 0 0 0 2 0 0 0 0 0 0 0 0 0 0 0 0 0 10 2 5 2 0 0 0 0 0 0 23 56 18 11 0 0 0 24 13 0 0 0 11 23 33 20 39 9 0 13 0 0 0 0 0 0 0 0 0 0 7 0 0 0 0 1 0 0 0 0 0 1 0 0 0 0 0 0 0 0 0 0 2 0 0 0 0 0 0 0 0 0 0 0 0 0 0 0 0 0 0 0 0 0 11 0 0 0 0 2 3 1 0 0 0 0 20 0 0 0 0 0 0 0 0 0 0 0 0 0 0 0 0 0 0 0 0 0 0 0 
 0 0 0 8 0 0 4 0 0 0 0 0 3 0 0 1 1 0 0 0 347 365 40 80 308 50 41 122 346 96 62 33 114 439 0 164 45 35 87 81 0 4 0 0 3 10 0 2 4 0 0 3 0 0 0 2 0 0 0 0 3 2 2 2 0 3 3 2 0 0 0 0 6 0 0 0 0 2 2 0 0 0 0 0 0 0 0 10 0 0 0 0 1 0 0 0 0 0 0 0 12 20 22 25 1 0 2 19 26 9 2 0 0 12 21 21 44 0 0 0 0 2 0 0 0 1 0 0 1 0 0 0 0 0 0 0 0 0 0 0 0 4 0 0 0 0 0 0 0 0 0 0 1 0 0 0 0 0 0 0 0 0 0 0 0 0 0 0 0 0 1 0 0 0 0 0 19 0 0 0 0 38 39 18 0 0 0 32 30 18 1 12 11 5 38 37 35 10 0 0 0 0 0 0 0 0 0 29 0 0 0 0 0 0 0 0 0 0 2 0 0 0 0 0 0 0 0 0 0 0 0 0 0 0 0 0 0 0 0 0 0 0 0 0 0 1 0 0 0 0 0 0 0 0 17 2 0 0 0 1 2 4 42 0 0 0 7 0 0 0 0 0 0 0 0 0 0 0 0 0 0 1 0 0 0 0 11 0 0 0 
 0 0 0 1 0 0 3 0 73 0 0 15 0 0 0 1 0 0 4 0 48 325 190 48 304 299 46 161 239 785 121 36 165 78 164 0 223 265 93 94 0 4 0 0 2 0 0 2 2 0 0 3 25 0 2 2 0 0 0 0 3 2 2 2 0 0 0 3 0 0 0 0 0 0 0 0 0 3 0 0 0 0 0 0 0 0 0 0 0 0 0 0 0 0 0 0 0 0 0 0 0 10 40 32 11 45 0 0 15 18 20 16 0 1 0 20 50 29 0 0 11 0 0 0 0 0 0 0 0 0 0 0 0 0 0 0 0 0 0 0 0 0 0 0 0 0 0 0 29 30 0 0 0 15 0 0 0 19 0 0 0 0 0 0 0 0 0 0 0 0 1 0 0 0 3 0 0 0 0 0 0 11 69 64 0 0 0 10 45 48 26 27 11 0 0 0 24 56 0 0 0 0 0 0 0 0 0 0 0 0 0 0 0 0 0 0 0 0 0 0 0 0 0 0 0 0 0 0 0 7 0 0 0 0 0 0 0 0 0 0 0 0 10 0 0 23 0 0 0 0 0 0 0 0 2 0 2 2 1 0 4 10 0 0 0 0 0 0 0 0 0 0 0 0 0 0 0 0 0 0 0 21 0 0 0 0 26 0 0 0 
 2 2 2 2 2 2 6 4 118 2 84 2 4 2 2 3 2 4 2 2 33 100 117 191 75 53 26 49 265 176 279 107 121 33 45 223 0 189 105 41 0 5 0 0 2 0 0 1 2 0 2 3 0 0 0 2 0 0 0 0 3 3 2 2 0 0 3 2 0 0 0 0 3 0 0 0 0 2 0 0 0 0 0 0 0 0 0 0 1 0 0 0 0 0 0 0 0 0 0 0 0 7 22 11 8 0 0 0 0 21 19 21 0 0 0 11 17 26 0 0 19 0 0 0 0 0 0 0 0 0 0 0 0 0 0 0 0 0 2 20 11 8 0 0 0 0 4 0 14 0 0 0 0 18 0 6 0 0 0 0 0 0 0 0 0 0 1 0 0 0 0 7 0 0 1 0 0 5 0 0 0 0 26 50 18 13 0 0 1 26 37 49 0 0 0 0 12 16 0 0 0 0 1 0 0 29 0 0 0 0 14 0 0 0 0 0 0 0 0 6 0 0 0 0 0 0 0 0 0 1 0 0 0 0 0 0 0 0 0 0 0 0 10 0 0 0 0 0 0 0 0 0 0 9 7 0 2 77 72 1 16 3 0 0 0 0 0 0 0 0 0 0 0 0 0 0 0 0 0 0 0 21 0 0 0 0 0 0 0 0 
 0 0 0 0 3 1 2 3 0 0 75 0 2 2 0 0 0 0 0 0 44 29 275 377 57 61 28 35 338 103 283 66 30 34 35 265 189 0 112 40 0 5 0 0 2 2 0 1 2 4 0 3 0 0 0 2 0 0 0 0 3 2 2 2 0 0 2 2 0 0 0 0 1 0 0 0 0 2 0 0 2 0 0 0 1 0 0 12 0 0 0 0 0 0 0 0 0 0 0 0 0 0 9 34 14 18 0 0 0 28 36 27 0 0 46 19 9 46 0 0 0 0 0 0 0 0 0 0 0 0 0 0 1 0 0 0 0 0 1 1 0 0 0 0 0 0 2 0 6 0 0 0 0 0 0 4 0 0 0 0 0 0 0 0 0 0 0 0 0 0 0 10 14 14 0 0 18 12 0 0 0 0 51 33 54 13 0 0 4 25 57 60 0 0 1 0 0 42 2 0 0 0 0 0 0 0 0 0 1 0 0 0 2 0 0 0 0 0 2 1 0 0 0 0 0 0 0 0 2 0 0 0 0 0 0 0 0 0 1 2 0 0 4 0 0 0 0 0 0 0 0 0 0 0 7 0 0 156 154 0 19 30 0 0 0 0 0 0 0 0 0 0 0 0 0 0 0 2 0 0 0 35 0 0 0 0 0 0 0 0 
 0 0 5 0 2 233 0 2 0 1 0 0 1 45 0 0 0 0 1 0 57 334 49 107 161 50 88 297 136 181 42 49 279 96 87 93 105 112 0 353 1 4 3 0 2 2 0 2 2 0 76 3 0 0 0 5 1 0 0 0 3 2 2 2 0 0 1 3 5 0 0 0 0 0 0 4 0 3 0 0 0 0 0 0 6 3 0 0 0 0 0 13 0 0 1 0 0 0 0 0 35 6 7 2 0 6 35 11 1 11 12 0 22 1 1 12 12 10 27 11 0 0 0 0 0 0 0 0 0 0 0 0 0 0 0 0 0 0 0 3 0 1 0 0 0 0 0 2 0 0 0 0 0 0 1 1 8 0 0 0 0 0 0 0 0 8 2 0 0 0 0 0 4 0 0 0 0 0 0 0 19 11 13 10 0 0 42 12 12 11 9 0 21 24 11 7 1 9 47 6 0 0 0 0 0 0 0 0 0 0 13 0 1 0 12 0 0 0 0 0 0 0 0 0 0 1 0 0 0 0 0 0 0 0 0 1 0 0 0 0 0 0 0 0 0 0 0 0 0 0 0 0 0 0 9 0 1 3 0 0 0 7 0 0 0 0 0 0 0 0 0 0 0 0 0 0 0 0 0 0 0 8 0 0 0 0 0 0 0 0 
 0 2 0 0 5 3 35 4 0 8 2 0 2 2 0 2 0 0 0 0 124 52 53 90 96 50 333 82 116 97 55 34 377 165 81 94 41 40 353 0 0 5 0 0 2 0 0 0 2 2 0 3 0 0 21 2 0 0 0 0 3 2 2 2 0 0 1 3 5 0 0 0 0 0 0 0 0 8 0 0 2 0 0 0 0 0 0 9 0 0 0 0 0 0 0 0 0 0 2 0 41 32 8 0 0 0 43 46 0 1 0 0 14 67 47 10 4 0 10 35 0 0 0 1 0 0 0 0 0 0 0 0 0 0 0 0 0 0 0 2 0 6 0 0 0 0 0 0 0 0 0 1 0 0 0 0 0 0 0 0 0 1 0 0 0 1 0 0 1 0 2 0 3 0 0 0 0 0 0 0 28 27 0 0 0 0 45 52 0 0 0 0 19 25 33 32 0 0 14 12 0 0 0 0 0 2 0 0 0 0 0 0 0 0 0 0 0 0 0 0 0 0 0 0 6 0 0 0 0 0 0 0 0 0 2 0 0 0 0 0 0 0 0 0 0 0 1 0 0 0 0 0 0 1 12 0 1 0 0 0 1 2 0 0 0 0 0 0 0 0 0 0 0 11 0 0 0 0 0 0 0 0 0 2 0 0 0 0 0 0 
 0 0 0 0 0 0 0 3 0 0 0 0 0 0 0 2 0 0 52 0 0 0 0 0 0 0 0 3 0 0 0 0 0 0 0 0 0 0 1 0 0 99 75 46 66 37 348 624 27 44 54 43 76 122 306 44 31 245 50 169 0 0 0 0 0 0 0 0 0 0 0 0 0 0 0 1 0 0 0 0 0 0 0 0 0 0 0 0 0 0 0 0 48 0 0 0 0 0 0 33 0 0 0 0 0 0 0 0 0 0 0 0 0 0 0 0 0 0 0 0 38 32 11 0 0 0 0 55 54 24 0 0 0 9 45 32 32 11 0 0 0 0 0 0 0 0 0 0 8 0 0 0 0 0 0 0 5 0 0 0 0 0 0 0 53 0 0 0 9 0 0 0 0 3 0 0 0 0 0 0 0 0 0 0 0 0 0 0 0 0 0 0 0 0 0 0 0 0 0 2 11 10 9 1 0 0 0 46 31 0 6 0 0 1 45 30 41 22 0 0 0 0 0 0 0 0 0 0 0 0 0 0 0 0 0 7 0 0 0 0 0 0 0 0 0 0 0 0 0 0 0 12 0 0 0 0 0 0 0 1 0 0 0 0 1 2 0 0 0 0 0 0 0 0 0 0 0 0 0 0 0 0 0 0 0 0 0 0 0 0 
 0 0 0 0 0 1 8 0 0 0 0 3 6 1 0 3 0 0 6 5 5 5 10 67 4 5 4 4 4 5 4 5 5 5 4 4 5 5 4 5 99 0 257 65 32 30 86 362 218 58 25 49 79 99 183 463 167 60 42 35 2 2 0 95 0 2 0 0 0 2 0 3 2 2 0 2 0 2 0 2 6 0 0 0 0 0 11 10 3 0 0 0 10 9 51 0 0 0 0 0 0 0 0 0 0 0 0 0 0 0 0 0 0 0 0 0 1 0 0 0 0 20 16 8 0 0 0 10 12 46 2 16 0 0 0 14 22 17 0 0 0 0 0 0 0 0 0 0 0 0 0 0 0 0 0 0 0 0 0 0 22 0 0 0 2 0 8 6 0 19 0 0 0 26 1 8 22 0 6 2 0 0 0 0 0 0 0 0 0 0 0 0 0 0 0 0 0 0 0 0 0 23 42 26 0 0 0 5 16 12 10 0 0 0 0 22 19 17 0 14 0 0 22 0 0 0 0 0 0 0 0 0 0 0 0 0 0 0 0 0 0 0 6 0 0 0 0 0 0 0 0 18 0 1 0 0 0 1 0 36 0 0 1 0 2 18 0 0 0 0 0 0 0 0 0 0 0 0 0 0 0 0 0 0 8 23 0 0 0 0 
 2 0 1 0 0 0 4 0 0 0 0 0 0 0 40 0 0 0 1 0 74 0 0 0 1 0 0 0 0 0 63 20 0 0 0 0 0 0 3 0 75 257 0 130 48 45 48 137 399 292 90 49 59 366 49 170 648 245 139 260 0 0 0 0 0 0 0 0 0 6 0 0 0 0 0 0 5 0 0 0 0 0 0 0 0 0 0 0 0 0 0 0 20 0 0 0 0 0 0 0 0 0 0 0 0 0 0 0 0 0 0 0 0 0 0 0 0 0 0 0 5 22 15 35 13 56 0 2 1 19 9 27 0 4 5 17 12 31 0 0 0 0 0 0 0 0 0 0 0 0 0 0 6 0 0 0 25 0 10 0 0 0 0 0 0 0 0 0 0 0 0 0 0 0 0 7 0 0 0 0 0 0 0 0 0 0 0 0 0 0 0 0 0 0 0 0 0 0 0 0 9 19 24 33 0 0 7 2 44 31 37 8 0 8 1 9 17 20 3 0 0 0 10 0 0 0 1 0 0 0 0 0 1 0 0 0 0 0 0 0 0 0 7 0 0 0 0 0 0 26 0 8 0 0 0 0 0 0 0 21 0 0 1 1 2 14 1 1 2 0 20 0 0 0 0 0 0 0 0 0 0 0 0 0 19 6 0 0 0 0 
 0 0 0 0 0 0 7 0 0 0 4 1 2 0 0 0 0 0 0 0 0 0 0 0 0 0 0 0 0 0 0 0 0 0 0 0 0 0 0 0 46 65 130 0 94 55 55 99 68 286 113 285 59 58 79 76 54 303 61 125 6 0 0 0 0 0 3 8 0 0 0 0 3 0 0 4 0 0 0 0 0 0 0 0 0 0 0 14 0 0 0 0 0 0 0 0 0 0 0 0 0 0 0 0 0 0 0 0 0 0 18 0 0 0 0 0 0 0 0 0 11 5 35 27 22 63 0 0 0 0 31 7 0 0 0 0 1 0 0 0 0 25 0 0 0 0 0 19 1 0 0 0 0 0 0 0 0 0 28 0 4 14 0 1 0 0 0 0 0 0 0 11 0 0 1 3 0 0 0 0 0 0 0 0 0 0 0 0 0 0 0 0 0 0 0 0 0 17 0 0 7 8 0 0 3 9 6 2 0 7 13 19 0 6 0 8 5 0 11 0 0 0 0 0 0 0 7 0 0 0 0 0 11 0 0 0 0 0 21 0 0 0 0 0 0 0 0 0 0 0 0 7 0 0 0 0 0 0 0 10 0 0 36 3 0 0 4 3 0 0 0 0 0 0 0 0 0 0 0 0 0 0 0 0 0 12 0 0 1 0 
 0 0 0 0 0 0 5 0 1 0 0 6 64 0 0 0 0 0 0 0 3 2 2 2 2 2 2 3 2 4 2 2 3 2 3 2 2 2 2 2 66 32 48 94 0 326 57 72 73 96 119 312 67 66 70 301 56 48 47 270 2 0 0 0 0 9 4 4 0 5 16 26 0 0 0 2 0 1 2 0 0 0 0 0 0 0 0 0 0 0 0 0 0 0 0 0 0 0 0 0 0 0 0 0 0 0 0 0 0 0 0 0 0 0 0 0 0 0 0 0 0 0 0 0 19 1 0 0 0 0 0 0 0 10 0 0 0 0 0 0 1 0 0 0 0 0 39 10 1 0 10 0 24 0 0 0 0 0 12 1 1 10 0 6 0 0 0 0 0 0 0 0 0 0 0 0 0 0 4 0 0 0 0 0 0 0 0 0 0 0 0 0 0 0 9 0 0 0 0 0 0 0 0 0 23 45 0 0 0 0 0 10 0 0 0 0 0 0 0 0 17 0 0 0 0 0 15 1 0 0 0 0 11 0 0 0 0 0 41 36 0 0 0 0 0 0 0 0 0 0 0 4 0 0 0 0 0 0 0 1 0 0 3 2 0 1 4 1 0 0 2 0 0 0 0 0 0 0 0 0 0 0 0 0 0 0 0 0 2 0 
 3 3 3 3 3 3 66 3 3 3 3 6 3 66 5 5 3 3 3 3 1 0 0 2 7 41 1 2 0 1 7 44 0 0 10 0 0 2 2 0 37 30 45 55 326 0 33 57 24 294 92 51 43 66 45 67 70 80 65 56 0 0 0 0 0 0 2 0 0 7 0 0 0 0 1 0 0 0 104 5 0 0 0 0 0 0 0 0 0 0 0 0 0 0 0 0 0 0 0 0 0 0 0 0 0 6 0 0 0 0 0 0 0 0 0 0 0 0 0 0 2 0 0 20 11 0 21 0 0 0 0 9 7 0 0 0 15 0 7 8 15 0 0 0 0 0 8 0 2 0 0 0 18 0 0 0 0 0 0 11 0 0 0 5 0 0 0 0 0 0 0 0 0 0 0 0 0 0 12 0 0 0 0 0 3 7 0 0 0 0 5 8 0 0 0 0 0 0 0 0 0 0 0 0 11 35 0 0 0 0 0 0 6 0 0 0 0 0 11 6 11 0 0 0 0 0 20 35 0 0 0 0 11 7 1 0 0 0 13 14 0 0 0 0 0 0 0 0 0 0 0 5 0 0 0 0 0 0 2 0 0 0 0 0 1 1 0 0 4 0 0 0 0 0 0 0 0 0 0 0 0 0 0 0 0 0 0 0 0 0 
 0 0 0 0 0 0 3 0 1 0 0 0 0 31 0 0 0 0 0 0 0 0 0 0 0 0 0 0 0 0 0 0 0 0 0 0 0 0 0 0 348 86 48 55 57 33 0 64 29 70 34 47 372 246 52 39 36 35 62 216 0 2 7 8 0 0 2 0 8 10 57 3 6 0 0 10 7 7 0 0 0 0 0 0 0 0 0 0 0 0 0 0 0 0 0 0 0 0 0 0 0 0 0 0 0 0 0 0 0 0 0 0 0 0 0 0 0 0 0 0 22 40 0 0 0 0 14 23 7 0 1 1 0 19 18 27 0 0 0 0 4 0 0 7 4 6 0 0 0 0 0 9 0 0 0 0 7 0 0 21 0 0 0 0 3 0 0 0 0 0 0 0 0 3 0 0 0 0 0 0 0 0 24 0 0 0 0 0 0 0 0 0 10 0 0 8 0 0 0 0 31 14 8 0 0 0 8 17 6 0 0 0 0 19 14 16 16 1 0 0 8 0 0 8 2 1 0 0 0 4 0 1 0 0 0 0 6 0 0 0 0 0 0 0 0 0 0 0 0 0 0 18 0 0 0 1 0 0 0 0 0 0 0 0 0 0 5 0 2 0 13 0 0 0 0 11 0 0 0 0 0 0 0 0 0 0 0 0 0 0 
 0 0 0 0 0 0 0 0 0 61 0 3 0 0 0 4 0 0 65 0 4 0 0 23 2 1 0 4 2 1 4 2 3 1 2 2 1 1 2 0 624 362 137 99 72 57 64 0 548 250 33 33 320 269 117 258 121 28 125 49 0 2 2 2 2 1 2 2 2 2 5 0 5 0 2 2 2 0 0 0 0 0 0 0 0 0 0 0 2 0 0 0 0 0 0 0 0 0 0 0 0 0 0 0 0 0 0 0 0 0 0 0 0 0 0 0 0 0 0 0 13 3 27 1 0 0 1 35 53 28 6 0 0 5 7 10 14 45 0 0 1 0 0 0 0 0 0 0 0 0 0 0 0 0 0 0 0 0 0 0 0 0 0 0 3 0 0 0 0 0 0 0 0 0 0 0 0 0 0 0 0 0 0 0 0 0 0 0 0 0 0 0 0 0 0 0 0 0 0 0 0 27 40 17 0 0 0 31 4 0 0 0 0 5 2 39 47 9 0 0 0 0 0 0 0 0 0 0 0 0 0 0 0 0 1 0 0 0 0 0 0 0 8 0 0 0 0 0 0 25 0 4 0 16 0 0 0 4 0 1 0 0 4 2 1 1 3 0 0 0 0 0 0 0 0 0 0 0 0 0 0 0 0 0 7 0 0 0 0 0 
 0 0 0 0 6 0 0 4 0 58 0 0 0 0 0 0 0 0 0 0 2 2 2 2 2 2 2 2 2 2 2 2 2 3 4 2 2 2 2 2 27 218 399 68 73 24 29 548 0 531 52 62 286 283 85 128 171 225 291 48 0 0 0 0 0 0 59 0 0 1 0 0 3 1 0 0 0 0 59 6 0 0 0 0 0 0 0 0 0 0 0 0 0 0 0 0 0 0 0 0 0 25 0 0 0 0 0 0 0 0 0 0 0 0 0 8 0 0 0 0 0 0 29 28 10 37 0 0 0 47 7 26 0 0 0 10 17 40 0 0 11 6 0 0 0 0 0 1 1 0 0 0 14 0 4 0 6 0 37 3 0 0 0 0 0 0 0 0 0 0 0 0 0 0 0 9 0 0 0 0 0 0 0 0 0 15 0 0 0 0 0 0 0 0 0 0 9 0 0 0 0 14 45 51 0 0 0 0 0 21 38 9 0 0 0 0 13 4 0 0 2 3 5 0 0 0 7 3 7 0 12 0 1 6 1 0 0 17 1 3 0 0 34 0 0 0 0 0 0 0 0 7 0 1 0 0 0 0 0 15 0 0 4 1 0 19 0 1 0 0 26 0 0 0 0 0 0 0 0 0 0 0 0 13 22 27 0 0 0 0 
 0 0 0 0 1 0 4 0 3 0 4 0 2 0 2 2 0 0 0 0 0 0 0 0 0 1 0 0 5 0 0 0 0 0 0 0 0 4 0 2 44 58 292 286 96 294 70 250 531 0 244 57 40 76 115 331 330 99 63 74 9 0 0 0 0 0 0 12 0 5 0 0 0 206 0 5 3 2 6 0 1 0 0 0 0 0 0 0 0 0 0 0 0 0 1 0 0 0 7 5 0 0 0 0 0 0 0 0 0 0 0 0 0 0 0 0 0 0 0 0 0 0 7 61 16 50 0 0 0 0 29 31 0 0 0 10 0 20 0 0 0 0 10 0 0 0 0 0 0 0 0 0 3 0 0 0 0 12 21 0 23 0 0 0 0 0 0 0 0 0 0 0 4 0 0 11 0 0 9 0 0 0 0 0 0 0 0 0 0 0 0 0 0 0 0 0 0 0 0 0 0 0 0 16 12 1 0 0 0 12 25 0 0 0 0 0 14 12 0 0 0 0 0 0 0 0 0 0 0 0 0 0 7 0 0 0 0 0 14 28 0 0 0 0 0 0 0 0 0 0 0 9 0 1 0 0 0 0 0 15 0 0 75 75 0 17 3 64 2 0 25 0 0 8 0 0 0 1 0 0 0 3 0 0 22 19 0 0 0 0 
 57 0 63 0 63 68 2 53 3 0 63 1 0 0 0 0 0 0 0 0 1 0 0 0 0 0 0 29 0 0 2 0 5 1 0 0 2 0 76 0 54 25 90 113 119 92 34 33 52 244 0 256 48 52 48 316 345 239 37 48 5 0 0 0 0 209 3 7 4 0 1 0 0 0 0 2 0 0 0 0 0 0 0 0 12 15 0 0 0 0 2 9 0 0 0 0 0 0 0 0 0 0 0 0 0 0 11 0 0 0 0 0 0 0 0 0 3 0 7 10 0 0 32 34 48 20 0 0 0 5 16 9 0 0 0 0 0 7 0 0 0 0 0 0 0 0 3 0 1 0 0 0 0 0 0 0 0 0 19 0 12 0 5 0 0 0 0 0 0 6 0 0 0 0 0 0 0 0 0 0 0 0 0 0 0 0 0 0 0 0 0 0 0 13 0 0 0 0 7 0 0 0 0 4 26 7 0 9 0 6 17 7 0 0 0 0 2 0 0 0 0 0 0 0 0 0 7 0 0 0 0 0 17 0 0 0 0 0 19 0 0 0 1 0 0 0 0 0 0 0 0 5 0 0 0 0 0 0 0 10 0 0 32 0 4 8 6 3 2 0 0 0 0 0 0 0 0 0 0 0 0 0 0 0 0 12 0 0 1 0 
 0 0 0 0 0 0 3 3 0 0 0 2 0 0 0 2 0 0 0 0 3 3 3 3 3 3 65 3 3 3 5 3 3 3 3 3 3 3 3 3 43 49 49 285 312 51 47 33 62 57 256 0 258 38 76 40 71 112 492 244 15 0 0 0 0 0 19 14 0 0 0 0 0 0 0 0 0 0 0 0 0 0 0 0 0 0 0 0 0 0 0 0 0 0 0 0 0 0 0 0 0 0 0 0 0 0 0 0 0 0 0 0 0 0 0 0 0 0 0 0 0 0 0 1 41 23 0 0 0 0 35 0 0 0 0 0 0 0 0 0 0 0 0 0 0 0 10 19 2 0 0 0 2 0 0 0 0 0 8 0 4 0 0 1 0 0 0 0 0 0 0 0 0 0 0 0 0 0 0 0 0 0 0 0 0 0 0 0 0 0 0 0 0 0 0 0 0 0 0 0 0 0 0 0 28 39 0 0 0 0 0 19 0 0 0 0 0 0 0 0 0 0 0 0 0 0 23 0 0 0 0 0 21 0 0 0 0 0 40 7 0 0 0 0 0 0 0 0 0 0 0 6 0 0 0 0 0 0 0 13 0 0 64 63 2 5 0 65 0 0 0 0 0 0 46 0 0 0 0 0 0 0 0 0 0 15 0 0 1 0 
 0 0 0 0 0 0 0 8 0 0 0 0 0 0 0 2 0 0 0 0 2 0 0 1 0 5 1 0 0 0 0 0 65 0 0 25 0 0 0 0 76 79 59 59 67 43 372 320 286 40 48 258 0 71 44 41 30 37 351 218 0 0 4 3 14 6 0 0 0 3 24 19 13 0 52 10 0 2 0 0 0 0 0 0 0 0 0 0 0 0 0 0 0 0 0 0 0 0 0 0 0 0 0 0 0 1 0 0 0 0 0 0 0 0 16 0 0 0 0 0 31 31 0 0 0 0 28 0 0 0 0 0 15 30 37 28 0 0 0 14 6 0 0 0 28 7 0 0 0 0 0 0 0 7 8 0 22 0 0 0 0 0 0 0 0 0 0 0 0 0 0 0 0 2 0 0 0 0 0 0 0 0 0 0 0 0 0 0 0 0 0 0 0 0 0 0 0 0 0 0 29 18 0 0 0 0 16 5 9 0 0 0 14 43 33 7 10 0 0 8 0 0 0 0 3 2 0 0 0 0 0 3 0 0 0 0 0 0 0 0 0 0 0 0 0 0 0 0 0 0 0 8 0 1 0 0 0 0 0 0 0 0 0 0 2 0 0 0 0 0 1 0 0 0 0 0 0 0 0 0 0 0 0 0 0 0 0 0 0 0 
 0 0 0 0 0 0 2 0 0 0 0 0 3 0 0 2 0 0 2 0 0 0 0 0 0 212 0 0 0 0 0 0 0 0 0 0 0 0 0 0 122 99 366 58 66 66 246 269 283 76 52 38 71 0 292 35 54 49 86 256 0 0 0 0 0 0 0 0 0 0 0 0 2 0 0 3 0 2 0 0 0 0 0 0 0 0 0 0 0 0 0 0 0 0 0 0 0 7 0 0 0 0 0 0 0 0 0 0 0 0 0 0 0 0 0 0 0 0 0 0 13 88 17 0 7 0 0 16 33 53 22 12 0 9 35 30 21 16 0 0 2 0 0 0 0 2 0 0 1 0 0 0 0 0 0 0 18 0 0 0 0 0 0 0 6 0 0 0 0 0 0 0 0 3 0 0 0 0 0 0 0 0 0 0 0 0 0 0 0 0 0 0 0 0 0 0 0 0 0 0 8 11 1 10 3 0 1 78 56 12 6 6 0 0 17 30 29 26 0 0 0 3 1 0 0 1 0 0 0 0 0 0 6 1 0 0 0 0 0 0 0 0 0 0 0 0 0 0 0 18 0 12 0 2 0 0 0 0 0 0 0 0 0 0 0 2 1 0 0 0 0 0 0 0 0 0 0 0 0 0 0 0 1 0 0 0 0 0 0 0 
 0 0 1 0 0 0 0 1 0 30 0 0 0 0 0 0 0 0 1 0 0 0 30 0 0 0 3 8 0 0 0 3 0 0 0 2 0 0 0 21 306 183 49 79 70 45 52 117 85 115 48 76 44 292 0 79 32 39 28 78 0 4 14 7 0 0 0 0 5 3 8 3 0 0 0 19 49 7 0 0 0 0 0 0 0 0 0 0 0 0 0 0 0 0 0 0 0 0 0 0 0 0 0 0 0 0 0 0 0 0 0 0 0 0 0 0 0 0 0 0 33 5 35 0 0 0 0 21 60 45 7 1 0 0 8 1 31 57 0 0 0 0 0 8 3 0 0 0 0 0 0 6 4 0 0 0 23 0 0 0 0 9 0 0 28 11 0 0 0 0 0 0 0 0 0 3 0 0 0 0 0 0 0 0 0 0 0 0 0 0 20 0 0 0 0 0 0 0 0 0 0 16 42 36 0 0 0 36 14 17 10 8 0 0 0 28 11 15 20 0 0 0 0 6 4 0 0 0 0 0 0 0 0 0 0 0 0 0 13 0 0 0 11 0 0 0 0 0 0 0 0 10 0 0 0 0 2 0 0 3 0 0 0 0 0 5 10 0 0 0 8 0 0 0 0 3 0 0 0 0 0 0 0 0 0 0 0 0 0 0 
 0 0 0 0 12 16 6 0 0 0 4 3 3 0 0 0 0 0 0 0 2 2 2 2 2 2 2 6 5 4 2 2 73 2 2 2 2 2 5 2 44 463 170 76 301 67 39 258 128 331 316 40 41 35 79 0 221 238 45 54 0 0 0 0 0 0 0 0 0 0 0 0 0 0 0 0 0 0 0 0 0 0 0 0 27 6 0 0 0 0 0 0 0 0 0 0 0 0 8 0 2 0 0 0 0 0 0 0 0 0 0 19 0 0 0 0 0 0 9 0 0 0 44 44 11 37 0 0 0 51 7 26 0 0 0 7 18 41 0 0 0 0 0 0 0 0 0 0 0 0 0 0 8 0 0 0 0 0 52 0 0 0 0 9 10 10 0 0 0 0 0 0 0 0 0 9 0 0 0 0 3 0 0 0 0 0 2 0 0 0 0 0 5 0 0 0 0 0 3 9 0 14 45 53 0 0 0 0 0 21 41 10 0 0 0 0 13 4 0 0 0 0 2 0 0 0 1 0 0 0 0 0 1 0 0 0 0 0 0 0 0 7 17 0 0 0 0 0 0 0 0 2 0 0 0 0 0 0 0 16 0 0 4 1 0 17 5 1 0 0 33 0 0 0 0 0 0 0 0 0 0 0 0 0 23 29 0 0 0 0 
 0 0 0 0 0 0 9 1 0 0 0 0 5 0 0 6 0 0 0 0 0 0 0 0 0 0 0 0 0 0 0 0 0 0 0 0 0 0 1 0 31 167 648 54 56 70 36 121 171 330 345 71 30 54 32 221 0 275 34 40 0 0 0 0 41 0 0 0 0 0 0 207 0 0 2 1 0 0 0 0 0 0 0 0 0 0 0 0 0 0 0 0 0 0 8 0 0 0 0 0 0 0 0 0 0 11 0 0 0 0 0 0 0 0 0 0 0 0 0 0 0 0 33 36 10 51 0 4 9 20 35 36 0 3 0 4 27 18 0 0 0 0 0 0 0 0 0 0 1 0 0 0 4 0 0 0 0 0 20 0 0 0 0 0 0 0 0 0 0 0 0 0 0 0 0 5 0 0 0 34 0 0 0 0 0 0 0 0 0 0 0 0 0 0 0 0 0 0 0 0 0 18 40 48 1 0 0 1 8 73 47 9 0 0 2 1 17 7 0 0 0 0 4 0 0 0 0 0 0 0 0 0 2 0 0 0 0 0 0 0 0 0 8 0 0 0 0 0 0 0 0 18 0 2 0 0 0 0 0 11 0 0 0 0 1 9 0 0 3 0 4 0 0 0 0 0 0 0 0 0 0 0 5 0 10 20 0 0 0 0 
 70 2 3 3 3 4 6 2 3 3 3 9 3 3 3 4 3 3 3 3 0 0 0 0 0 1 0 0 0 1 0 0 0 0 0 0 0 0 0 0 245 60 245 303 48 80 35 28 225 99 239 112 37 49 39 238 275 0 50 57 4 2 2 2 5 1 4 3 0 6 0 0 3 4 0 6 14 2 0 2 0 10 0 0 0 0 0 0 0 0 0 0 0 0 0 0 0 0 0 0 0 0 0 18 0 13 0 0 0 0 0 0 0 0 0 0 0 0 0 0 0 0 8 40 32 85 0 0 0 3 34 20 0 0 0 10 0 19 0 0 0 0 0 0 0 0 0 0 0 0 0 0 3 0 0 0 0 0 6 0 17 0 0 0 0 0 0 1 0 0 0 0 0 0 0 9 0 0 0 0 0 0 0 0 0 0 0 0 0 0 0 0 0 0 0 17 0 0 0 0 0 2 0 12 15 1 0 0 0 12 21 0 0 0 0 0 14 12 0 0 0 0 0 0 0 0 0 0 0 0 0 0 6 0 0 0 0 0 7 1 0 0 1 0 0 0 0 0 0 0 0 2 0 0 0 28 0 0 0 29 0 0 65 62 0 23 3 63 2 0 20 0 0 0 0 0 0 0 0 0 0 0 0 0 19 25 0 0 0 0 
 0 0 0 0 0 0 0 2 0 0 0 0 0 0 0 0 0 0 0 0 0 0 0 0 1 199 4 0 0 0 3 1 0 0 0 0 0 0 0 0 50 42 139 61 47 65 62 125 291 63 37 492 351 86 28 45 34 50 0 246 0 0 0 0 0 56 0 4 2 0 0 0 5 0 0 4 0 2 2 0 0 0 0 0 0 0 0 0 0 0 0 0 0 0 0 0 0 0 0 0 1 0 0 0 0 14 0 0 0 0 0 0 0 0 0 0 0 0 0 0 24 3 0 0 0 0 23 0 0 0 0 0 59 26 12 16 0 0 7 26 2 0 0 0 0 27 0 0 0 0 0 5 0 0 0 0 0 0 0 0 0 0 0 0 0 0 0 0 20 0 0 0 0 4 0 0 2 0 0 5 0 0 0 0 0 0 0 0 0 0 0 0 0 0 0 0 0 0 0 0 36 53 0 21 0 0 29 0 1 0 0 13 21 33 8 0 0 19 0 18 0 0 0 0 0 0 0 14 0 0 0 0 0 0 0 0 0 0 0 0 0 0 0 0 0 28 0 0 0 0 0 0 0 2 0 0 0 0 0 0 1 0 0 0 0 4 0 0 0 0 0 0 0 0 0 0 0 0 0 0 0 0 0 0 0 0 0 0 0 0 
 0 0 0 0 0 42 0 2 2 0 0 0 0 0 0 51 0 0 0 0 3 1 0 0 0 23 0 2 0 0 0 0 2 0 0 0 0 0 0 0 169 35 260 125 270 56 216 49 48 74 48 244 218 256 78 54 40 57 246 0 0 0 0 0 0 0 0 3 0 0 0 0 6 0 0 5 0 0 0 0 9 0 0 0 0 0 0 0 0 0 0 0 0 0 0 0 0 0 0 0 0 0 0 0 0 0 0 0 0 11 0 0 0 0 0 0 0 0 0 0 28 47 3 0 0 0 12 34 8 0 1 1 28 16 18 33 1 0 5 0 2 0 0 0 0 3 0 0 0 0 0 0 0 0 0 0 3 0 0 0 0 0 0 0 1 0 0 0 0 0 0 8 0 4 0 0 0 0 0 0 0 0 0 0 0 0 0 0 0 0 0 0 0 0 0 0 0 0 0 0 63 12 8 0 0 0 7 8 7 0 0 0 0 14 23 22 11 0 9 14 0 0 0 0 0 0 0 0 0 0 11 0 0 9 0 0 0 0 0 0 0 0 0 0 0 0 0 0 0 0 0 6 0 1 0 0 0 0 0 0 0 0 0 0 1 3 1 0 0 0 0 0 0 0 0 0 0 0 0 0 0 0 0 0 0 0 0 0 0 0 
 2 2 2 2 2 2 2 2 2 2 2 5 2 2 2 2 2 2 2 2 3 3 3 3 3 3 3 3 3 3 3 3 3 3 3 3 3 3 3 3 0 2 0 6 2 0 0 0 0 9 5 15 0 0 0 0 0 4 0 0 0 103 89 36 53 23 278 289 47 31 31 32 59 71 176 50 28 32 38 118 0 0 0 0 0 0 0 0 0 8 0 0 0 0 0 0 0 0 0 0 0 0 0 0 0 0 0 0 8 0 0 0 0 0 0 0 0 0 0 0 0 0 0 4 0 6 0 0 0 0 0 0 0 0 0 0 0 0 0 0 18 28 18 0 0 0 0 11 31 37 8 0 1 1 20 10 19 15 6 1 0 5 6 0 0 0 0 0 0 0 0 0 0 0 0 0 0 0 0 0 0 0 0 0 5 0 0 0 0 0 0 0 0 0 8 0 0 0 0 0 0 0 0 0 1 12 0 0 0 0 34 0 0 0 0 6 0 0 0 0 0 40 59 0 0 0 1 0 21 28 7 0 0 2 26 26 7 17 6 18 0 0 0 0 0 0 0 0 0 0 0 0 0 0 11 0 0 0 0 0 0 0 0 0 0 0 0 9 0 0 2 2 0 0 2 2 0 0 0 0 0 0 0 0 0 0 0 0 0 0 
 3 2 3 36 2 3 3 2 2 3 4 4 3 3 3 2 3 2 3 3 2 3 2 2 2 2 2 2 3 2 2 2 2 3 2 2 3 2 2 2 0 2 0 0 0 0 2 2 0 0 0 0 0 0 4 0 0 2 0 0 103 0 227 49 59 108 87 281 259 46 254 32 69 66 230 416 128 39 44 98 0 0 12 0 0 0 0 0 3 0 0 0 0 0 0 0 0 0 0 0 0 0 1 0 0 0 0 0 0 0 0 0 0 0 0 0 0 0 0 0 0 0 0 0 0 0 0 0 0 0 0 0 0 0 0 0 0 0 0 0 0 15 6 12 2 0 0 0 9 7 11 10 0 14 15 11 0 11 0 0 21 4 7 0 0 0 0 0 5 0 0 0 0 0 0 0 0 0 0 0 0 0 0 0 0 0 0 0 0 0 0 0 0 0 0 0 0 0 0 0 0 0 0 0 0 0 0 0 0 0 0 0 0 0 0 14 0 0 0 0 0 0 0 25 30 0 0 0 10 24 20 7 0 0 1 14 30 37 0 0 7 0 0 0 0 0 0 0 0 0 0 0 0 0 8 0 23 0 0 0 0 0 0 0 0 0 17 0 0 35 11 1 0 10 2 0 0 0 0 0 0 0 0 0 0 0 0 0 0 0 
