 0 200 100 44 42 43 331 668 241 29 38 42 56 171 565 47 240 50 276 228 12 0 3 1 6 3 24 0 0 0 0 5 0 0 0 0 4 0 1 1 3 0 0 64 3 2 0 3 0 5 0 0 0 0 3 6 5 0 0 3 0 2 0 0 0 0 0 3 40 0 0 5 0 0 5 0 0 0 0 3 12 21 61 0 0 0 5 32 34 27 0 0 21 12 37 15 4 14 1 12 0 0 23 0 0 0 0 0 0 0 1 0 0 0 0 0 0 0 0 0 0 0 0 0 0 0 0 0 0 0 0 0 0 0 0 0 0 0 1 0 0 4 0 2 0 0 0 0 0 0 0 0 0 23 0 0 0 0 0 0 19 0 11 8 0 0 1 16 21 0 0 0 0 10 17 15 0 5 0 0 0 0 0 0 0 0 0 0 10 0 1 0 0 0 0 0 0 15 0 0 0 0 0 0 0 0 0 0 2 0 0 0 0 2 0 0 0 0 0 0 0 0 0 0 0 1 0 2 0 0 0 0 0 9 0 0 0 0 0 0 0 0 0 0 0 0 2 2 1 0 1 2 0 0 0 0 0 0 0 0 0 0 0 0 0 0 0 0 0 0 0 0 0 4 0 0 1 0 0 0 0 0 0 0 0 0 0 0 0 0 
 200 0 367 55 110 27 289 427 356 44 251 34 292 152 342 364 226 34 57 36 0 0 3 0 0 75 0 0 0 0 2 1 3 0 0 0 2 2 0 0 0 0 3 3 0 0 3 0 0 0 2 3 0 0 0 0 1 0 0 2 0 0 3 3 3 0 46 0 0 3 0 0 3 2 2 2 0 0 3 1 0 27 41 0 0 0 4 28 25 37 16 1 0 21 19 74 36 31 0 19 0 0 0 0 0 1 0 0 0 9 0 0 0 0 0 0 0 0 0 0 0 0 0 1 2 0 0 0 0 0 0 0 0 18 0 0 2 0 0 0 0 13 0 0 0 0 0 0 0 0 0 0 0 0 0 0 0 0 0 0 15 40 21 6 0 0 0 3 28 83 10 0 0 0 28 27 11 26 0 2 0 0 0 0 0 0 1 2 0 0 0 2 0 0 0 0 0 0 0 0 0 0 0 0 0 0 0 0 0 0 0 0 1 0 0 0 1 0 0 0 0 1 0 0 0 0 0 0 0 0 0 0 0 0 0 14 0 0 0 0 0 0 0 0 0 1 0 0 0 0 0 9 0 0 0 0 0 0 0 0 0 0 21 0 0 0 0 0 0 1 0 0 0 0 0 11 22 3 0 0 0 0 0 0 0 0 0 0 0 0 
 100 367 0 125 286 35 469 95 217 413 49 67 62 50 277 207 231 403 63 104 0 0 4 0 0 3 0 0 1 2 0 73 3 1 0 0 1 0 0 1 3 0 3 3 0 0 3 0 0 0 2 3 0 0 0 0 0 0 0 0 0 0 3 0 2 0 0 0 2 3 0 2 2 3 0 6 0 0 3 1 0 0 9 23 9 3 0 1 15 13 18 45 0 0 1 40 46 23 0 2 2 0 8 0 10 0 2 0 0 0 0 0 0 0 14 0 0 0 18 0 0 0 0 0 0 0 0 0 0 0 1 0 0 0 0 0 0 0 0 0 0 0 0 0 0 0 0 0 0 2 0 0 0 0 0 0 0 35 0 0 4 29 10 22 15 1 0 1 9 40 18 48 0 1 35 34 33 12 0 0 0 0 0 0 0 0 10 0 0 0 0 0 0 0 0 0 0 16 2 0 0 0 0 0 0 0 0 0 0 0 0 0 0 0 0 0 0 0 0 2 0 0 0 0 0 0 0 0 0 0 0 16 10 0 0 0 0 0 16 0 0 0 0 0 0 0 5 0 0 7 0 0 7 0 0 0 0 0 0 0 0 0 16 0 0 0 1 0 0 0 0 0 0 0 0 19 19 20 0 0 0 0 0 0 0 0 0 0 0 0 
 44 55 125 0 56 31 92 81 84 433 234 397 62 266 73 45 164 379 85 96 0 0 86 3 0 3 0 0 3 0 0 0 3 0 0 0 2 0 0 0 0 0 3 3 0 0 4 0 2 0 2 3 0 0 0 0 0 0 0 0 0 0 6 3 3 0 0 0 0 3 0 0 3 2 0 2 0 0 3 1 0 0 7 43 34 20 0 0 0 23 27 40 0 1 0 0 15 24 0 0 0 0 0 0 0 0 0 0 0 0 0 0 0 0 0 0 0 0 10 0 0 0 0 0 0 0 0 0 0 0 0 0 18 0 0 0 0 0 0 0 0 0 0 0 0 0 0 0 2 0 0 0 0 0 0 0 0 0 0 0 2 3 1 57 51 0 0 0 0 3 30 36 0 0 1 1 14 1 0 0 0 0 0 0 0 0 0 0 0 0 0 0 0 2 0 0 0 0 0 0 0 0 0 0 0 0 0 0 0 0 0 0 0 0 0 0 0 0 0 0 0 0 0 0 0 0 1 0 0 0 0 0 1 0 0 0 0 0 0 0 0 11 0 0 0 0 64 0 0 11 2 13 7 0 0 0 0 0 0 0 0 0 1 0 0 0 0 0 0 0 0 0 0 0 0 23 0 25 0 0 0 0 0 0 0 0 0 0 0 0 
 42 110 286 56 0 416 49 98 75 84 85 396 48 61 55 57 47 33 73 96 0 0 3 0 0 3 0 0 0 0 0 0 4 0 0 0 1 0 6 38 0 0 3 3 3 2 6 0 0 0 2 7 0 0 0 0 0 0 0 0 0 0 9 0 2 0 2 0 0 3 0 0 2 3 0 3 0 0 3 2 0 0 0 10 30 30 0 0 0 0 7 26 0 0 0 0 0 0 0 0 0 0 0 0 0 0 0 0 0 10 0 0 33 0 0 0 0 0 75 12 0 0 0 0 0 0 0 0 0 0 0 0 9 13 0 0 0 0 0 0 0 0 0 0 0 0 0 0 0 0 0 0 1 0 0 0 0 12 0 0 0 0 0 18 9 21 0 0 0 0 53 0 0 0 0 0 0 0 6 0 0 0 0 0 0 0 18 0 0 0 0 0 54 2 0 0 0 0 58 55 0 0 0 0 0 0 0 0 0 0 0 0 0 0 0 0 0 0 0 0 0 0 0 0 0 0 0 0 0 0 0 0 0 0 0 0 0 0 0 0 0 0 0 0 0 1 2 0 2 2 1 4 0 0 0 0 0 0 0 0 0 0 0 0 0 0 0 0 0 0 0 0 0 0 0 14 0 0 0 0 0 0 0 0 0 0 0 0 0 0 
 43 27 35 31 416 0 25 38 290 58 67 50 30 29 51 40 45 49 56 490 0 0 3 0 0 3 1 0 2 0 0 0 4 2 0 0 2 0 304 0 0 3 3 5 63 0 5 0 0 0 2 5 0 2 0 0 0 0 60 0 0 0 4 2 3 0 0 0 0 3 0 0 3 2 0 3 0 0 3 0 0 0 0 15 9 17 0 0 0 0 1 0 0 0 0 0 0 0 0 0 2 0 0 0 0 0 53 0 0 0 0 0 45 27 0 0 0 0 35 22 0 2 0 0 0 0 0 0 0 0 0 0 0 0 0 0 0 0 0 0 0 0 0 0 0 0 0 0 0 0 0 0 0 0 0 15 0 12 0 0 0 0 0 1 18 52 0 0 0 0 0 0 0 0 0 0 0 12 11 0 13 0 0 0 0 0 28 0 1 0 0 0 46 38 8 0 0 0 57 33 0 0 0 0 0 0 0 0 0 0 0 0 0 0 0 0 0 0 0 9 0 0 0 0 0 0 0 0 2 0 0 0 0 0 0 0 0 0 0 0 0 0 0 0 0 1 4 0 6 0 0 12 1 0 0 0 0 0 0 0 0 0 0 0 0 0 0 0 0 0 0 0 0 0 0 0 0 0 0 0 0 0 0 0 0 0 0 0 0 0 
 331 289 469 92 49 25 0 77 57 50 34 320 460 672 32 39 43 58 79 297 0 0 4 0 0 3 0 0 0 1 0 0 3 0 1 0 2 0 0 0 0 0 3 3 0 0 3 0 0 0 2 3 0 0 0 0 0 0 0 4 0 0 3 2 3 0 0 0 0 3 0 0 3 2 0 3 0 0 3 6 46 46 39 0 0 0 73 27 33 0 14 0 27 36 45 0 10 0 0 26 0 0 0 0 0 0 0 0 0 0 0 0 0 6 0 1 0 0 16 0 0 0 0 12 0 0 0 0 0 0 0 0 0 0 0 7 0 0 1 0 0 7 1 2 0 0 0 0 0 0 0 0 0 0 0 0 0 0 1 0 29 1 16 0 0 0 22 62 22 0 0 16 10 31 28 29 20 10 0 35 0 0 2 0 0 0 0 0 0 0 1 0 0 0 0 0 0 0 0 0 0 0 0 0 0 0 0 0 0 0 0 0 0 1 0 0 0 0 0 16 0 0 0 0 0 0 0 0 0 0 0 0 0 0 0 0 0 0 0 0 0 0 0 0 0 2 0 0 0 2 2 6 0 0 0 0 0 0 0 0 0 0 0 0 0 0 0 0 0 0 0 0 0 0 0 0 0 0 0 0 0 0 0 0 0 0 0 0 0 0 
 668 427 95 81 98 38 77 0 75 36 25 36 309 668 158 58 58 235 64 58 2 1 3 0 0 3 20 0 0 0 0 0 5 0 0 0 2 0 0 0 0 0 3 3 0 0 3 0 0 0 2 3 0 59 0 0 0 0 0 0 0 0 3 3 3 0 0 0 0 3 0 0 3 2 0 2 0 0 3 2 29 98 39 1 0 0 19 26 43 30 0 0 0 5 19 45 40 9 0 14 0 0 0 0 0 0 0 0 0 0 0 0 0 0 0 0 0 0 0 0 0 2 0 0 9 0 0 0 0 0 0 0 0 0 0 0 0 0 0 0 0 3 0 0 0 0 0 0 0 0 0 2 0 0 0 0 0 0 0 0 27 24 19 20 0 0 0 52 28 13 23 0 0 25 16 42 20 11 0 0 0 0 0 0 0 0 0 0 11 0 0 0 0 0 0 0 0 0 0 0 0 0 0 0 0 0 0 0 0 0 0 0 0 0 0 0 0 0 0 0 0 0 0 0 0 0 0 0 0 0 0 0 0 13 0 0 0 0 0 0 0 0 0 0 0 0 2 0 4 0 0 10 0 0 0 0 0 0 0 0 0 0 2 0 0 0 0 0 0 0 0 0 0 0 0 16 14 0 0 0 0 0 0 0 0 0 0 0 0 0 
 241 356 217 84 75 290 57 75 0 435 126 63 85 73 88 159 193 613 63 483 0 0 3 0 0 3 0 0 6 0 0 0 5 0 0 0 2 73 0 0 0 0 3 3 0 0 3 0 2 0 2 3 0 0 0 0 0 0 0 0 0 0 3 3 3 0 0 31 0 3 0 0 3 2 0 2 0 0 3 0 0 1 9 18 2 0 1 0 12 20 23 29 0 0 0 41 44 18 0 0 0 0 0 0 0 0 0 0 0 0 0 0 0 0 0 0 0 0 0 0 0 0 0 0 0 0 0 0 0 0 0 0 0 0 0 0 0 21 0 0 0 0 0 0 0 0 0 0 0 0 0 0 0 0 0 0 0 0 0 0 43 22 8 16 15 1 0 0 11 37 26 23 8 0 29 29 51 56 0 0 0 0 0 0 0 0 0 0 0 0 0 0 0 0 0 0 0 0 0 0 0 0 0 0 0 0 0 0 0 0 0 0 0 11 0 0 0 0 0 0 0 0 0 0 0 0 14 0 0 0 17 0 0 0 0 0 0 0 0 0 0 0 0 0 0 0 2 2 0 4 0 10 7 0 0 0 0 0 0 0 0 0 11 0 0 62 0 0 0 0 0 0 0 0 0 13 16 22 0 0 0 0 0 0 0 0 0 0 0 0 
 29 44 413 433 84 58 50 36 435 0 455 48 248 59 96 536 385 197 288 192 0 0 5 0 0 3 0 0 0 1 0 3 3 2 0 0 3 119 0 0 0 61 3 3 1 0 6 0 0 0 2 3 0 0 67 0 0 19 0 0 0 0 3 3 3 0 0 0 0 3 0 0 3 2 0 2 0 0 3 0 0 1 6 22 23 10 0 0 1 6 71 33 0 0 0 19 12 36 0 0 0 0 0 0 0 0 0 0 0 0 0 0 0 0 0 0 0 0 1 0 0 0 0 0 0 0 0 0 0 0 17 0 5 0 0 0 0 0 0 0 0 0 0 0 0 0 0 0 0 0 0 0 0 0 0 0 0 0 0 0 0 10 8 30 31 0 0 0 7 21 5 29 0 0 18 11 23 14 0 0 0 0 0 0 0 0 0 0 0 0 0 0 0 0 0 0 0 0 0 0 0 0 0 0 0 0 0 0 4 0 0 0 0 0 0 0 0 0 0 0 0 0 0 25 0 0 0 0 0 0 0 0 0 0 0 20 0 0 0 19 0 9 0 0 0 2 177 2 0 174 0 6 16 0 0 0 0 0 0 0 0 0 19 0 0 0 0 0 0 0 0 0 0 0 0 0 0 17 0 0 0 0 0 0 0 0 0 0 0 0 
 38 251 49 234 85 67 34 25 126 455 0 425 40 37 258 108 199 386 77 61 0 2 3 0 2 3 0 2 0 0 0 0 3 0 0 0 6 0 0 0 61 0 3 3 0 0 4 0 0 0 2 3 0 0 0 0 0 0 0 0 0 0 7 3 3 0 0 0 0 3 0 0 3 2 1 2 0 0 3 0 0 0 7 37 42 24 0 2 0 13 35 40 0 0 0 1 13 17 0 0 0 0 0 0 0 0 0 0 15 0 0 1 1 0 1 0 0 0 10 0 2 0 0 0 0 0 0 0 0 0 0 0 10 0 1 0 0 0 0 0 0 0 0 0 0 0 0 0 0 0 0 0 0 0 0 0 0 0 0 0 1 0 1 36 24 1 0 0 1 0 42 28 0 0 0 0 25 2 0 0 0 0 0 9 0 0 0 0 0 0 0 0 0 0 0 2 0 0 0 19 0 0 0 0 0 0 0 0 0 0 0 0 0 0 0 0 0 2 0 0 0 0 2 0 0 0 0 0 0 0 0 0 6 0 0 0 0 0 0 0 0 11 0 0 0 1 91 2 0 85 0 5 10 0 0 0 0 0 0 0 0 0 1 0 0 0 0 0 0 0 0 0 0 0 0 14 0 14 0 0 0 0 0 0 0 1 0 0 0 0 
 42 34 67 397 396 50 320 36 63 48 425 0 254 74 65 31 73 83 30 35 1 1 3 0 0 5 0 3 0 0 0 2 3 0 1 0 5 0 2 0 0 0 3 3 0 0 7 0 0 0 2 3 0 55 0 0 0 0 0 0 0 0 5 3 3 0 0 0 4 3 0 0 3 2 0 2 0 0 3 0 0 15 2 50 56 31 0 0 0 1 39 45 0 0 0 0 0 23 0 0 0 0 0 0 0 0 0 0 0 0 0 0 10 0 0 0 0 0 46 0 0 1 0 0 0 0 0 0 0 0 0 0 5 0 1 0 0 0 0 0 0 0 0 0 0 0 0 0 0 21 0 0 0 0 0 0 0 0 0 0 16 0 1 38 21 54 0 0 0 0 21 18 0 0 0 0 0 0 36 0 0 0 0 0 0 0 1 0 0 0 0 0 49 0 0 2 0 0 4 10 0 0 0 0 0 0 0 0 0 0 0 0 0 0 0 0 0 2 0 0 0 0 2 28 0 0 0 0 0 0 0 0 0 0 0 0 0 0 0 0 0 11 0 0 0 2 181 0 2 175 0 5 7 0 0 0 0 0 0 0 0 0 0 0 0 0 2 0 0 0 0 0 0 0 0 27 0 0 0 0 0 0 0 0 0 0 0 0 0 0 
 56 292 62 62 48 30 460 309 85 248 40 254 0 63 27 19 45 36 683 461 0 0 3 0 0 3 2 0 0 0 0 0 5 0 0 0 2 0 0 0 0 0 3 3 0 62 3 0 0 0 2 3 0 0 0 0 0 0 0 5 0 0 3 0 2 0 0 0 0 62 0 0 2 3 0 3 0 51 3 11 21 1 0 0 0 0 35 5 0 1 0 0 23 32 26 1 11 0 10 21 0 0 0 0 0 0 0 0 0 0 0 0 0 0 0 0 0 0 0 0 0 0 0 0 0 0 0 0 0 0 0 0 0 0 0 0 0 0 0 0 0 2 0 0 0 0 0 0 0 0 0 0 0 0 0 0 0 0 0 0 10 0 0 0 0 0 21 1 5 0 0 0 38 39 21 0 0 0 0 64 0 0 0 0 0 0 0 0 0 0 0 0 0 0 0 0 0 0 0 0 0 0 0 0 0 0 0 0 0 7 7 0 0 0 0 0 0 0 0 0 0 0 0 0 0 0 0 0 0 0 0 0 0 0 0 0 0 0 0 0 0 0 0 0 0 1 0 0 2 0 0 1 0 0 0 0 0 0 0 0 0 0 0 0 0 0 0 0 0 0 0 0 0 0 0 0 0 0 0 0 0 0 0 0 0 0 0 0 0 0 
 171 152 50 266 61 29 672 668 73 59 37 74 63 0 467 38 40 120 302 267 0 0 5 0 0 3 0 0 0 0 0 0 3 2 0 2 209 7 0 0 0 0 3 3 0 0 3 0 0 0 2 3 0 0 0 0 0 1 0 1 0 0 3 1 3 0 0 0 0 3 0 0 2 3 0 3 0 0 3 3 21 52 45 0 0 0 9 30 30 29 0 0 7 26 33 7 19 14 0 41 0 0 0 0 0 0 0 0 0 0 0 0 0 0 0 0 0 0 0 0 0 0 0 0 0 0 0 0 0 0 0 0 0 0 0 0 0 0 0 0 0 2 0 0 0 0 0 0 0 0 0 1 0 0 0 0 0 2 0 0 22 10 19 14 0 0 3 26 23 0 0 0 3 21 20 7 7 19 0 13 0 0 0 0 0 21 0 0 0 0 0 0 0 0 0 0 0 0 0 0 0 0 0 0 0 1 15 0 0 0 0 0 0 0 0 0 0 0 0 0 0 0 0 0 0 0 0 0 0 0 0 0 0 0 0 0 0 0 0 0 0 0 0 0 0 0 0 4 0 0 2 4 0 0 0 1 0 0 0 0 0 0 0 0 0 0 0 0 0 0 0 0 0 0 0 2 0 0 0 0 0 0 0 0 0 0 0 0 0 0 
 565 342 277 73 55 51 32 158 88 96 258 65 27 467 0 83 237 137 275 200 0 0 5 35 3 5 3 0 2 3 0 2 5 2 1 0 4 0 0 0 0 0 8 66 0 0 3 0 0 0 2 3 0 2 0 0 62 3 0 0 1 0 3 3 3 1 0 0 0 3 0 2 3 2 0 2 0 1 3 2 23 39 43 12 0 0 14 33 39 33 0 2 0 2 20 42 43 12 1 15 0 0 0 0 0 0 0 0 0 0 0 0 0 0 0 0 0 0 0 0 0 0 0 0 0 0 1 0 0 0 0 0 0 0 0 0 0 0 0 0 0 3 0 0 0 0 0 0 1 0 0 0 0 0 0 0 0 0 0 11 32 55 14 9 0 0 1 35 22 19 20 0 1 1 20 34 19 14 0 0 0 0 0 0 0 0 0 0 0 0 0 0 0 0 2 0 0 0 0 0 0 0 0 0 0 0 0 0 0 0 0 0 0 0 0 0 0 0 0 0 0 0 0 0 0 0 2 0 0 0 0 0 2 0 0 0 0 0 0 0 0 0 0 0 0 0 1 3 0 0 0 6 0 0 0 0 0 0 0 1 1 0 11 0 0 0 0 0 0 0 0 0 0 0 0 23 15 0 0 0 0 0 0 0 0 0 0 0 0 0 
 47 364 207 45 57 40 39 58 159 536 108 31 19 38 83 0 180 391 56 81 0 0 3 5 78 8 5 0 3 1 0 1 3 2 3 2 3 6 4 2 0 0 8 3 0 0 3 5 5 5 4 3 0 0 0 0 5 0 2 0 0 0 3 3 3 3 0 3 23 3 0 22 3 8 0 2 0 0 3 0 0 0 12 22 0 0 1 0 12 11 20 8 0 4 0 83 44 20 0 0 0 0 0 0 0 0 0 0 0 0 0 0 0 0 0 1 0 0 1 0 0 0 0 0 0 0 0 0 0 0 0 0 0 0 0 0 0 0 1 0 0 0 1 2 0 0 0 0 0 0 0 0 0 0 0 0 0 0 1 0 1 64 74 16 15 0 0 0 11 64 15 15 0 1 25 35 28 12 0 0 0 0 2 0 0 0 0 0 0 0 0 0 0 0 0 0 0 10 0 0 0 0 0 0 0 0 0 0 0 0 0 0 0 0 0 0 0 0 0 0 0 0 0 0 0 0 0 0 0 0 0 0 0 0 0 0 0 0 0 0 0 0 0 0 0 2 2 0 2 4 0 3 21 0 0 0 0 0 0 0 0 0 15 0 0 0 0 0 0 0 0 0 0 0 0 13 17 34 0 0 0 0 0 0 0 0 0 0 0 0 
 240 226 231 164 47 45 43 58 193 385 199 73 45 40 237 180 0 383 33 52 0 0 5 0 0 3 0 0 1 21 0 0 3 0 0 0 1 0 0 0 0 0 3 3 0 0 73 0 63 0 2 3 0 0 0 0 0 0 0 0 0 0 3 1 3 0 0 0 0 3 0 0 52 3 0 3 0 0 3 0 0 0 8 23 0 0 0 0 11 11 22 9 1 0 0 27 45 79 0 1 0 0 0 0 0 0 0 0 0 0 0 0 1 0 0 0 0 0 0 0 0 0 0 0 0 0 0 0 0 0 8 0 0 0 0 0 0 0 0 0 0 0 0 0 0 0 1 0 0 0 0 2 0 0 0 0 0 1 0 0 0 27 9 37 34 0 0 0 15 39 18 11 0 0 42 45 24 13 2 0 0 0 0 0 0 0 0 0 0 0 0 0 16 0 0 0 0 0 0 0 0 0 0 0 0 0 0 0 0 0 0 0 0 0 0 0 0 0 0 22 0 0 0 0 0 0 0 0 0 0 0 0 0 2 0 2 0 0 0 0 0 0 0 0 0 2 94 0 3 2 3 13 8 0 0 0 0 0 0 0 0 0 17 0 0 0 0 0 0 0 0 0 0 0 0 15 15 13 0 0 0 0 0 0 0 0 0 0 0 0 
 50 34 403 379 33 49 58 235 613 197 386 83 36 120 137 391 383 0 37 50 0 0 3 3 0 3 0 0 4 0 121 0 3 0 0 0 3 0 0 0 0 0 3 3 0 0 3 0 0 0 2 3 0 0 0 0 0 0 0 0 0 0 3 3 3 0 0 0 0 3 0 0 3 2 0 2 0 0 3 0 0 0 10 27 15 0 0 0 2 13 52 27 0 0 0 10 12 30 0 8 0 0 0 0 0 0 0 0 0 0 0 0 0 0 0 0 0 0 0 0 0 0 0 0 0 0 0 0 0 0 0 0 0 0 0 0 0 0 0 0 0 0 0 0 0 0 0 0 0 0 0 2 0 0 0 0 0 1 0 0 0 26 11 36 32 0 0 0 10 28 1 52 0 0 19 13 26 17 0 0 0 0 0 0 0 14 0 0 0 0 0 0 0 0 0 0 0 0 0 0 0 12 0 0 0 2 0 0 0 0 0 0 0 0 0 0 0 0 0 0 0 0 0 0 0 0 0 0 0 0 0 0 0 0 0 2 0 0 0 0 0 12 0 0 0 2 173 0 1 173 1 2 6 0 0 0 0 0 0 0 0 0 20 0 0 0 0 0 0 0 0 0 0 0 1 0 0 18 0 0 0 0 0 0 0 0 0 0 0 0 
 276 57 63 85 73 56 79 64 63 288 77 30 683 302 275 56 33 37 0 304 0 0 5 0 9 4 0 0 0 0 0 1 3 0 0 0 10 0 0 0 0 0 3 3 0 0 3 0 0 0 2 3 0 0 62 0 1 0 0 0 0 0 3 3 3 0 0 0 0 3 0 0 3 2 0 2 0 0 3 0 38 0 1 0 0 0 37 13 0 0 2 0 46 29 24 0 0 0 30 46 0 0 0 0 0 0 0 2 0 0 0 0 0 0 0 0 0 0 0 0 0 0 0 0 0 0 0 0 0 0 0 0 0 2 0 0 1 0 0 0 0 0 0 0 0 0 0 0 0 0 0 0 0 0 19 0 1 0 0 0 14 0 0 0 0 0 28 0 14 0 0 0 27 13 33 12 0 0 22 37 0 1 0 0 0 0 1 2 0 0 18 2 0 0 0 0 1 0 0 0 0 0 0 0 0 0 0 0 0 0 0 0 0 0 0 0 0 0 0 0 0 1 0 0 0 0 0 0 0 0 0 0 0 0 0 0 0 2 0 0 0 0 0 0 0 0 1 1 0 0 0 2 0 0 0 0 0 0 0 0 0 0 0 0 0 0 0 0 0 2 0 0 0 0 0 0 0 0 0 0 0 0 0 0 0 0 0 0 0 0 
 228 36 104 96 96 490 297 58 483 192 61 35 461 267 200 81 52 50 304 0 0 0 4 0 0 4 0 0 0 0 0 0 3 0 204 0 2 41 0 0 0 0 3 3 3 2 74 0 0 0 2 3 2 0 0 0 0 0 0 3 0 0 3 0 2 0 0 0 0 3 0 0 2 3 0 3 0 31 3 1 43 11 1 0 0 0 101 14 22 1 0 0 26 31 35 0 1 0 0 34 2 0 0 0 1 0 2 0 0 0 0 0 0 0 0 15 0 0 0 0 0 0 0 0 0 0 0 0 0 0 30 0 0 0 0 0 0 0 0 0 0 12 0 0 0 0 0 0 0 0 0 0 0 0 0 17 0 0 0 0 14 0 12 0 0 0 15 22 20 0 0 0 4 12 14 0 0 9 1 37 0 0 0 0 0 0 0 0 0 0 0 0 0 0 0 0 0 0 2 0 0 0 0 0 0 0 0 0 0 10 0 0 0 0 0 0 0 0 2 0 0 0 0 0 0 0 0 0 0 0 0 2 0 0 0 0 1 0 0 18 0 0 0 0 0 0 0 0 2 2 0 4 0 0 0 0 0 0 2 0 0 0 0 0 0 0 0 0 0 0 0 0 0 0 0 0 0 0 0 0 0 0 0 0 0 0 0 0 0 0 
 12 0 0 0 0 0 0 2 0 0 0 1 0 0 0 0 0 0 0 0 0 81 69 40 231 126 408 354 24 35 29 48 58 120 361 27 31 30 47 333 1 0 0 2 4 0 0 0 0 0 0 0 0 0 0 0 0 0 0 3 0 3 3 0 8 0 2 0 2 4 1 3 0 2 0 0 7 0 0 0 0 0 0 0 0 0 0 0 0 0 0 0 0 0 0 0 17 0 0 11 44 42 50 1 0 20 1 53 70 41 0 0 0 2 39 39 38 32 0 18 0 0 0 0 0 0 0 0 0 0 0 0 0 0 0 0 0 0 0 0 0 9 8 5 0 0 0 1 0 0 0 7 0 0 0 0 16 38 0 0 7 0 0 0 8 0 0 9 7 0 0 0 0 0 0 0 0 40 0 0 17 64 32 0 0 0 20 57 47 16 16 15 0 3 26 30 54 15 0 0 0 10 0 0 0 0 0 0 0 0 0 0 0 0 23 0 17 0 0 0 0 0 0 0 0 1 0 0 0 0 0 0 0 0 0 0 0 0 0 0 0 0 14 0 0 0 0 0 0 0 0 0 0 0 4 0 2 0 0 0 1 0 0 0 0 0 0 0 0 0 0 0 0 0 0 0 0 0 0 0 0 0 0 0 0 0 0 0 0 0 
 0 0 0 0 0 0 0 1 0 0 2 1 0 0 0 0 0 0 0 0 81 0 402 78 34 49 62 378 295 262 252 27 60 81 347 286 182 271 57 60 0 5 0 2 4 0 0 0 0 0 0 0 0 0 0 0 0 0 0 3 0 1 3 51 19 0 2 0 5 0 0 2 1 2 0 0 0 0 0 0 0 0 0 0 0 0 0 0 0 12 0 0 0 0 0 0 0 0 0 0 13 4 27 36 0 0 0 2 15 37 37 11 0 0 3 33 59 33 0 1 2 0 0 0 0 0 0 0 0 0 1 0 0 0 0 0 0 0 1 0 1 0 0 0 0 0 3 0 0 0 0 0 0 0 0 0 0 0 51 0 0 0 0 0 4 0 0 0 0 0 0 0 2 0 0 0 0 3 0 0 1 0 37 28 1 0 0 0 25 28 26 7 9 0 9 30 44 23 0 0 0 0 0 0 0 0 1 0 0 0 0 0 0 0 0 0 0 1 1 0 0 0 0 0 0 0 0 0 0 0 0 2 0 0 0 0 0 0 0 0 0 0 14 0 0 0 0 0 0 0 0 0 0 0 6 0 0 0 0 4 0 0 0 0 0 0 0 0 0 0 0 0 0 0 0 0 0 0 0 0 0 0 0 0 0 0 0 0 0 0 
 3 3 4 86 3 3 4 3 3 5 3 3 3 5 5 3 5 3 5 4 69 402 0 112 43 27 53 93 299 382 270 95 96 51 252 273 217 357 35 50 0 12 0 1 5 0 0 0 0 0 0 0 0 0 0 0 0 0 0 3 0 2 3 0 2 0 3 0 2 0 0 7 0 2 0 0 0 0 0 0 1 1 0 1 1 0 2 0 0 0 0 0 0 0 0 0 0 0 0 0 0 0 26 38 0 2 0 0 0 12 59 25 0 0 0 7 78 11 0 0 0 0 0 0 2 0 0 0 0 0 0 0 0 0 0 0 0 0 0 0 0 2 0 0 0 0 17 0 0 0 0 0 0 0 0 1 0 0 0 19 0 0 1 0 0 1 32 0 0 0 0 0 0 0 0 0 0 0 0 0 0 0 24 43 22 0 0 0 1 43 27 32 0 0 0 26 1 37 0 0 0 0 0 0 0 0 0 0 0 2 15 0 0 0 24 0 0 0 2 0 0 0 0 0 0 0 0 1 0 0 0 0 0 0 0 0 2 0 0 0 0 0 0 0 0 0 0 0 0 0 0 0 0 0 7 0 0 8 5 0 29 0 0 0 0 0 18 0 0 0 0 0 0 0 0 0 0 0 0 0 0 20 0 0 0 0 0 0 0 0 
 1 0 0 3 0 0 0 0 0 0 0 0 0 0 35 5 0 3 0 0 40 78 112 0 77 48 89 69 68 481 450 316 79 61 53 60 146 332 66 48 1 2 6 1 3 0 0 2 0 6 0 0 0 8 0 0 1 0 0 3 0 3 3 0 0 0 7 0 2 0 1 4 5 8 0 0 0 3 0 0 0 0 0 0 0 0 0 0 0 0 0 0 0 0 0 0 0 4 0 0 0 0 1 20 34 51 0 0 0 12 0 41 0 0 0 0 0 9 0 0 0 0 0 9 0 0 0 0 0 0 0 0 20 0 0 0 0 0 13 0 0 0 0 13 0 0 0 0 0 0 0 0 0 0 0 0 0 22 0 0 0 0 0 0 0 5 6 0 0 0 0 0 0 0 0 0 0 17 0 0 0 0 18 18 51 11 0 0 0 7 9 32 0 0 0 9 0 27 0 0 0 0 0 0 0 0 0 0 0 0 0 0 0 0 0 0 0 0 8 13 0 0 0 18 0 0 0 0 0 0 0 0 0 0 0 0 0 0 0 0 0 0 0 0 0 0 0 0 23 0 0 0 0 0 4 1 2 46 59 19 23 14 0 0 0 0 13 0 0 0 0 0 0 0 0 0 0 0 0 0 0 16 0 0 0 0 9 0 0 0 
 6 0 0 0 0 0 0 0 0 0 2 0 0 0 3 78 0 0 9 0 231 34 43 77 0 391 262 52 73 313 113 329 327 46 87 76 60 114 59 62 0 0 0 1 6 4 3 1 0 0 0 0 0 3 0 0 2 0 1 3 0 2 3 0 0 2 8 0 2 0 0 2 26 2 0 0 51 4 0 2 0 0 0 0 0 0 0 1 0 0 0 0 0 0 0 0 0 0 0 0 0 0 0 0 20 28 0 0 0 2 0 0 0 0 0 0 0 0 0 0 11 0 1 0 0 0 5 1 0 5 0 0 57 0 0 9 0 0 30 40 0 0 0 0 0 0 0 0 1 0 21 0 0 8 0 0 0 8 0 0 0 0 0 0 0 1 0 1 1 1 0 0 0 0 0 1 12 0 0 0 0 0 0 0 25 51 0 0 0 0 10 0 0 0 2 2 0 12 0 0 9 1 0 0 0 0 1 1 0 0 0 0 68 2 1 0 0 0 38 60 0 0 0 9 0 0 0 0 0 0 0 0 0 0 0 0 0 0 0 0 0 0 0 0 0 0 0 0 0 0 0 0 0 0 16 2 4 2 2 0 2 18 0 0 0 0 0 0 0 0 0 0 0 0 0 0 0 0 0 0 0 0 0 0 0 0 0 0 0 0 
 3 75 3 3 3 3 3 3 3 3 3 5 3 3 5 8 3 3 4 4 126 49 27 48 391 0 30 56 49 270 80 41 40 34 52 81 66 39 49 39 1 0 0 2 3 0 1 213 0 0 0 0 0 0 0 0 0 0 123 4 0 3 3 0 0 0 53 0 2 0 0 2 0 2 0 0 28 0 0 0 18 0 0 0 0 0 0 0 0 0 0 0 0 0 0 0 0 0 0 0 0 0 15 0 0 9 0 0 0 0 0 0 0 0 0 0 0 0 0 0 9 0 0 0 0 0 55 1 0 0 0 0 27 0 0 0 0 0 35 25 0 9 17 0 0 0 0 0 0 0 0 0 0 4 0 0 0 0 0 0 0 1 13 0 0 0 0 0 0 0 0 0 0 0 0 0 0 0 0 0 0 0 0 0 13 48 0 0 0 0 0 0 0 0 0 0 0 0 0 0 18 2 0 0 0 0 27 12 0 0 0 0 50 27 12 0 14 0 29 31 0 0 0 0 0 0 0 0 0 0 0 0 0 0 0 0 0 0 0 0 0 0 0 0 0 0 0 0 0 0 0 0 0 0 7 0 3 2 5 0 2 0 0 0 0 0 0 0 0 0 0 0 0 0 0 0 0 0 0 0 0 0 0 0 0 0 0 0 0 0 
 24 0 0 0 0 1 0 20 0 0 0 0 2 0 3 5 0 0 0 0 408 62 53 89 262 30 0 83 49 49 33 21 447 374 31 52 26 43 54 298 0 0 0 65 4 0 0 0 0 0 0 0 0 58 0 0 0 1 0 17 0 3 3 0 0 0 2 0 2 6 0 2 3 2 0 0 10 0 0 0 0 0 0 0 0 0 0 0 0 0 0 0 0 0 0 0 0 0 0 0 33 48 88 0 0 2 1 64 56 1 5 0 0 39 43 7 0 2 0 48 0 0 0 0 12 0 0 0 0 2 0 0 0 0 1 1 0 0 0 0 0 0 0 5 0 0 0 0 0 0 0 6 0 21 0 0 0 0 0 0 13 0 0 2 2 0 0 0 0 0 0 0 0 0 0 0 0 7 0 2 52 80 1 0 1 0 36 67 31 0 2 0 4 17 28 15 56 15 1 20 0 0 0 0 0 2 0 0 0 0 0 0 0 1 1 0 0 0 0 2 0 0 0 0 0 0 0 0 0 0 0 0 0 0 0 0 3 0 0 0 0 0 0 0 0 2 0 0 0 0 0 0 0 0 7 1 0 0 0 2 0 0 0 0 0 0 0 0 0 0 0 0 0 0 0 0 0 0 0 0 0 0 0 8 0 0 0 0 0 0 
 0 0 0 0 0 0 0 0 0 0 2 3 0 0 0 0 0 0 0 0 354 378 93 69 52 56 83 0 232 40 23 31 131 407 163 329 50 20 50 218 0 0 0 1 5 0 1 0 0 0 0 0 0 0 0 0 5 0 0 3 0 1 3 0 9 0 50 0 2 0 0 2 1 2 0 0 1 0 0 0 0 0 0 0 0 0 0 0 0 0 0 0 0 0 0 0 0 0 0 0 24 29 72 0 0 0 0 83 47 21 25 0 0 0 15 20 47 30 0 14 0 0 0 0 0 0 0 0 0 0 0 0 0 0 0 0 0 0 0 0 0 3 3 0 0 0 12 1 3 19 0 10 0 0 2 3 1 0 0 0 1 0 0 0 3 0 0 0 0 0 0 0 0 0 0 3 0 5 0 0 18 28 30 1 0 0 1 15 47 41 43 21 0 0 20 28 39 36 0 0 0 0 0 0 0 0 0 0 0 0 0 0 0 0 0 0 0 0 1 0 0 0 17 0 0 0 0 13 0 0 0 0 0 0 0 0 10 0 0 0 0 0 9 0 0 0 0 0 0 0 0 0 0 0 4 0 1 0 0 0 2 0 0 0 0 0 0 0 0 0 0 0 0 0 0 0 0 0 0 0 0 0 0 0 0 0 0 0 0 0 
 0 0 1 3 0 2 0 0 6 0 0 0 0 0 2 3 1 4 0 0 24 295 299 68 73 49 49 232 0 247 267 35 134 59 236 330 175 252 60 98 1 4 0 3 18 0 0 0 0 0 0 0 2 0 0 0 0 0 0 3 0 3 3 0 2 0 3 0 2 0 1 9 0 30 0 0 0 0 0 0 0 0 0 0 0 0 0 0 0 0 0 4 0 0 23 0 0 0 0 0 1 0 24 32 0 0 15 0 0 27 45 9 0 0 0 26 40 0 0 1 0 0 0 0 0 0 0 0 0 0 0 0 0 0 0 0 0 0 0 0 0 0 0 0 0 0 8 0 0 0 0 0 0 0 0 0 2 0 0 0 22 0 0 0 0 1 11 0 0 0 0 0 0 0 0 0 0 2 0 0 0 0 60 43 0 0 0 8 9 64 55 35 0 0 6 33 10 39 0 0 0 0 0 0 0 0 0 0 0 0 0 0 0 0 0 0 0 0 1 0 0 0 0 0 0 0 2 0 0 0 0 0 0 0 0 0 0 0 0 0 0 0 13 0 0 74 0 0 0 0 0 0 0 0 5 0 0 3 4 0 18 2 0 0 0 0 8 0 0 0 0 0 0 0 0 0 0 0 0 0 0 0 0 0 0 0 0 0 0 2 
 0 0 2 0 0 0 1 0 0 1 0 0 0 0 3 1 21 0 0 0 35 262 382 481 313 270 49 40 247 0 427 61 72 63 108 361 209 321 57 73 3 13 0 4 28 0 2 1 3 2 0 7 2 6 0 2 2 0 2 6 2 3 3 0 0 0 2 0 2 0 1 7 0 2 1 2 0 1 0 0 2 2 0 0 6 27 0 0 0 0 0 0 0 0 0 0 0 0 0 0 0 0 0 85 53 15 0 0 13 43 13 39 0 0 0 6 12 1 0 0 0 0 0 0 0 0 0 0 0 0 0 0 0 0 0 0 0 0 0 1 0 1 0 0 0 0 1 0 0 0 0 0 0 0 0 2 0 13 0 0 0 0 0 0 0 4 4 0 0 0 0 0 0 0 0 0 0 0 0 0 0 0 8 74 34 1 0 0 2 5 6 36 0 0 0 49 0 26 0 0 0 0 0 0 0 0 0 0 0 0 0 0 0 0 0 0 0 0 0 18 0 0 0 0 0 0 0 2 0 0 0 0 0 0 0 0 1 0 0 0 0 0 0 0 0 0 0 0 0 0 0 0 0 0 0 1 0 150 154 2 11 1 0 0 0 0 8 0 0 0 0 1 0 0 0 0 0 0 0 0 0 10 0 0 0 0 12 0 0 0 
 0 2 0 0 0 0 0 0 0 0 0 0 0 0 0 0 0 121 0 0 29 252 270 450 113 80 33 23 267 427 0 370 27 38 58 86 214 565 29 43 2 2 0 1 3 0 0 0 0 2 4 2 0 0 0 0 0 1 0 6 0 3 5 3 0 1 6 0 2 0 2 8 4 2 0 0 0 6 5 0 0 0 0 0 0 0 0 0 0 0 0 2 0 1 2 0 0 0 0 0 0 0 0 13 70 48 0 1 0 13 0 60 0 0 0 0 0 10 0 0 0 0 0 0 0 0 2 0 0 0 0 0 13 0 0 0 0 0 10 0 1 0 0 0 0 0 0 2 0 0 2 0 0 0 0 0 0 9 0 0 0 0 0 15 0 11 15 0 0 0 1 0 0 0 0 0 0 0 2 0 0 0 19 26 44 1 0 0 0 9 16 49 1 0 0 11 0 13 0 0 0 0 0 0 0 0 0 0 0 0 0 0 6 29 8 2 0 0 9 21 0 0 0 26 0 0 0 0 0 0 1 0 0 0 0 0 21 0 0 0 0 0 0 0 0 0 0 0 0 0 0 0 0 0 10 0 2 50 51 0 53 11 0 0 0 0 6 0 0 0 0 1 0 0 0 0 0 0 0 0 0 20 0 0 0 0 8 0 0 0 
 5 1 73 0 0 0 0 0 0 3 0 2 0 0 2 1 0 0 1 0 48 27 95 316 329 41 21 31 35 61 370 0 23 33 109 40 93 57 34 38 0 0 0 2 3 0 0 0 0 0 59 0 0 0 0 4 0 0 0 4 0 0 3 0 0 0 19 0 2 0 0 5 9 2 0 31 0 4 3 0 0 0 0 0 0 0 0 0 0 0 0 0 0 0 0 0 0 0 0 0 0 0 0 13 62 42 0 0 0 13 1 19 0 5 0 1 0 29 0 1 0 0 0 0 0 0 7 1 0 0 0 0 19 0 0 0 0 0 21 1 0 0 0 0 0 0 0 0 0 0 0 0 0 7 0 0 0 9 0 0 0 0 0 0 0 6 2 0 0 0 0 0 0 0 0 0 0 0 0 0 0 0 0 9 73 52 0 0 0 0 5 49 0 0 0 0 0 0 0 0 0 0 0 0 0 0 0 0 0 0 0 0 24 0 0 0 0 0 93 16 7 0 0 8 0 0 19 0 0 0 0 0 0 0 0 0 0 0 0 0 0 0 0 0 0 0 0 0 0 0 0 2 2 0 17 0 0 149 153 2 2 18 0 0 0 0 0 0 0 0 0 0 0 0 0 0 0 0 0 0 0 0 0 0 0 0 18 0 0 0 
 0 3 3 3 4 4 3 5 5 3 3 3 5 3 5 3 3 3 3 3 58 60 96 79 327 40 447 131 134 72 27 23 0 128 35 26 261 45 416 226 1 3 7 1 66 0 0 0 2 0 0 1 0 0 3 4 0 0 0 3 40 3 3 4 3 0 2 0 2 9 4 4 0 2 0 0 6 3 0 0 0 0 0 0 1 0 0 0 0 1 0 0 0 0 0 0 0 0 0 0 26 19 1 0 0 0 51 21 3 0 0 0 12 43 21 0 0 0 0 25 1 0 0 0 0 0 0 0 18 0 0 0 0 0 1 0 0 0 0 0 0 0 0 6 0 0 0 0 0 0 0 0 8 0 0 0 5 0 0 0 4 0 0 0 2 1 0 0 0 0 0 0 0 0 0 0 0 0 0 0 53 50 0 6 0 0 33 39 12 0 0 0 34 37 20 0 20 0 1 26 0 0 0 0 0 0 0 0 0 0 0 0 0 0 0 0 0 0 0 0 0 0 0 0 0 0 0 0 0 0 0 0 0 0 0 0 0 0 0 0 0 0 0 0 0 2 0 0 0 0 0 0 0 0 11 2 0 0 0 4 3 0 0 2 20 0 0 0 0 0 0 0 0 0 28 0 0 0 0 0 0 0 0 0 0 0 0 0 0 0 
 0 0 1 0 0 2 0 0 0 2 0 0 0 2 2 2 0 0 0 0 120 81 51 61 46 34 374 407 59 63 38 33 128 0 384 45 35 30 79 258 1 0 0 2 4 0 0 0 0 0 0 0 0 0 0 0 0 0 0 3 0 3 3 0 7 0 2 0 2 4 1 2 0 2 0 0 2 0 0 0 0 0 0 0 0 0 0 15 0 0 0 0 0 0 0 0 0 0 0 0 37 41 54 0 0 0 0 52 83 41 6 0 0 0 32 37 43 22 0 10 0 0 0 0 0 0 7 0 0 0 0 0 0 0 0 0 0 0 0 0 0 0 0 7 0 0 0 0 0 0 0 4 0 0 0 38 0 0 0 0 3 0 0 2 5 0 2 11 0 12 0 0 0 0 0 0 0 3 0 0 18 110 30 0 0 0 13 65 53 34 17 0 0 2 18 33 45 15 0 0 0 0 1 0 0 0 0 0 0 0 0 0 0 0 0 14 0 0 0 0 0 0 0 0 0 0 0 0 0 0 0 0 0 0 0 0 0 0 0 0 0 0 12 0 0 0 0 0 0 0 0 0 0 0 9 0 0 0 0 1 0 0 0 0 0 0 0 0 0 0 0 0 0 0 0 0 0 0 0 0 0 0 0 0 0 0 0 0 0 0 
 0 0 0 0 0 0 1 0 0 0 0 1 0 0 1 3 0 0 0 204 361 347 252 53 87 52 31 163 236 108 58 109 35 384 0 152 37 141 45 142 1 0 0 1 5 0 0 0 0 0 0 0 2 0 0 0 0 0 0 3 1 3 3 0 9 0 2 0 2 0 5 5 0 2 0 0 0 0 0 0 0 0 0 0 0 0 0 0 0 0 0 0 0 0 0 0 0 0 0 0 32 26 55 1 0 0 1 42 63 24 30 0 0 1 19 17 43 47 0 20 0 0 0 0 0 0 0 0 0 0 0 0 0 0 0 0 0 0 0 0 9 0 0 1 0 0 3 0 0 0 0 2 0 0 0 0 0 0 0 0 1 0 0 0 6 0 0 0 0 0 0 0 0 0 0 0 0 6 0 0 13 14 27 0 0 0 0 13 42 54 26 0 0 1 42 23 36 46 0 0 19 0 0 0 0 0 0 2 0 0 0 0 0 0 0 0 0 0 0 0 0 0 0 0 0 0 0 0 0 0 0 0 0 0 0 0 0 0 0 0 0 0 10 0 0 0 0 0 0 0 0 0 0 0 5 2 0 0 0 1 3 0 0 0 0 0 0 0 0 0 0 0 0 0 0 0 0 0 0 0 0 0 0 0 0 0 0 0 0 0 
 0 0 0 0 0 0 0 0 0 0 0 0 0 2 0 2 0 0 0 0 27 286 273 60 76 81 52 329 330 361 86 40 26 45 152 0 290 264 110 42 1 9 0 1 4 0 0 0 0 0 0 3 0 0 0 0 37 0 3 3 0 3 3 22 8 0 2 0 2 0 1 3 1 2 0 1 0 0 0 0 1 0 0 0 0 0 11 0 0 0 0 0 0 0 0 0 0 0 0 0 1 0 10 41 0 1 0 1 14 15 40 34 0 1 1 7 34 22 0 0 0 0 0 0 0 0 0 0 0 0 0 0 0 0 0 0 0 0 0 0 0 9 0 0 15 0 19 0 0 0 0 0 0 0 0 0 0 0 0 0 0 0 0 0 3 0 8 0 0 0 13 0 0 0 0 0 0 1 0 0 0 0 35 33 6 0 0 0 19 43 25 12 0 0 2 13 20 37 0 0 0 0 0 0 0 0 0 0 0 0 0 0 0 0 0 0 0 0 0 0 15 0 0 0 0 0 0 0 0 0 0 0 0 0 0 0 0 0 0 0 0 0 0 0 0 1 0 0 0 0 0 0 0 0 3 0 1 1 29 3 21 0 0 0 0 0 0 0 0 0 0 0 0 0 0 0 0 0 0 0 0 18 0 0 0 0 0 0 0 0 
 4 2 1 2 1 2 2 2 2 3 6 5 2 209 4 3 1 3 10 2 31 182 217 146 60 66 26 50 175 209 214 93 261 35 37 290 0 214 255 19 1 44 1 2 4 2 0 1 0 0 0 0 0 0 0 1 0 0 0 3 0 3 3 1 0 0 2 0 2 0 1 8 0 2 0 0 0 0 0 0 0 0 2 0 0 2 0 1 0 0 0 0 0 0 0 0 0 0 0 0 0 0 6 26 12 11 0 0 0 12 18 75 0 0 0 8 27 9 0 0 0 0 0 0 0 0 0 0 0 0 0 0 0 0 0 0 0 0 0 0 0 0 0 0 0 0 1 0 0 0 0 0 0 0 0 0 0 14 0 0 0 0 0 0 0 0 0 1 1 1 0 2 1 0 0 1 0 0 0 0 0 16 10 40 24 0 0 0 0 22 45 36 0 0 2 9 0 15 0 0 0 25 0 0 0 0 0 0 0 0 0 7 0 0 0 0 0 0 12 0 0 1 0 0 0 0 0 0 0 0 0 0 0 0 0 0 0 0 0 0 0 0 0 0 0 0 0 0 0 1 0 0 0 0 12 0 1 73 15 0 1 0 0 0 0 0 7 0 0 0 0 0 0 0 0 0 0 0 0 0 0 11 0 0 0 0 0 0 0 0 
 0 2 0 0 0 0 0 0 73 119 0 0 0 7 0 6 0 0 0 41 30 271 357 332 114 39 43 20 252 321 565 57 45 30 141 264 214 0 84 100 0 8 0 2 3 0 65 0 0 0 0 3 0 92 0 0 0 0 0 3 6 3 3 0 0 44 2 0 2 0 0 8 0 2 0 0 0 4 0 0 0 0 0 0 0 0 0 0 0 0 0 0 0 0 0 0 1 0 0 0 0 0 3 55 47 9 0 0 0 53 14 52 0 0 0 7 21 11 0 0 0 0 0 0 0 0 0 0 0 0 22 0 0 0 0 0 0 12 0 0 0 0 0 2 0 0 1 0 0 0 0 0 0 0 0 0 0 0 0 0 0 0 0 0 0 34 6 0 0 0 0 0 0 1 0 0 17 0 0 0 0 2 27 49 36 0 0 0 0 10 0 75 0 2 0 26 0 29 0 0 0 0 0 0 0 0 0 0 0 0 0 0 0 6 0 0 0 0 0 0 1 0 0 0 0 0 0 0 2 0 0 0 0 0 0 0 0 0 14 13 0 0 0 0 0 0 0 0 0 0 0 0 0 2 16 0 0 158 148 3 11 0 0 0 0 0 42 0 0 0 0 0 0 0 0 0 0 0 0 0 0 22 0 0 0 0 21 0 0 0 
 1 0 0 0 6 304 0 0 0 0 0 2 0 0 0 4 0 0 0 0 47 57 35 66 59 49 54 50 60 57 29 34 416 79 45 110 255 84 0 308 0 0 0 0 55 0 0 0 0 0 65 0 0 0 0 0 0 0 0 3 0 1 3 0 0 0 2 0 2 5 0 2 1 2 0 0 2 0 0 0 0 0 0 0 0 1 0 0 0 0 0 0 0 0 0 0 0 0 0 0 13 0 0 0 0 0 42 1 0 0 0 0 37 36 19 0 0 0 24 91 0 0 0 0 0 0 0 0 0 0 0 0 0 0 0 0 0 0 0 0 0 0 0 0 0 0 0 0 0 0 19 0 0 0 0 0 0 0 0 0 2 0 0 0 9 6 0 0 0 0 0 0 0 0 0 0 0 0 0 0 36 11 0 0 0 0 80 10 12 0 0 0 54 76 5 0 7 0 56 41 0 0 0 0 0 0 0 0 0 0 0 0 0 0 0 0 0 0 0 0 0 0 0 3 0 0 0 0 0 0 0 0 0 0 0 0 0 0 0 0 0 0 0 0 0 0 0 0 0 0 0 0 0 0 7 0 2 0 0 0 0 0 0 0 0 0 0 0 0 0 0 0 0 0 0 0 0 0 0 0 0 0 0 0 0 0 0 0 0 0 
 1 0 1 0 38 0 0 0 0 0 0 0 0 0 0 2 0 0 0 0 333 60 50 48 62 39 298 218 98 73 43 38 226 258 142 42 19 100 308 0 4 0 1 1 71 2 2 0 0 0 0 0 0 3 0 0 3 0 0 3 0 2 3 0 8 0 2 0 2 7 2 3 0 2 0 0 4 0 0 32 0 0 0 0 0 0 0 0 0 0 0 0 0 0 0 0 0 0 0 0 59 35 12 0 0 21 21 74 16 0 0 0 0 36 66 1 0 1 0 42 0 0 0 0 0 0 0 0 0 0 0 0 0 0 0 0 0 0 0 0 0 0 15 6 0 0 0 2 0 0 0 0 13 0 0 0 0 0 12 0 3 0 0 0 0 0 0 0 0 0 0 0 0 0 0 0 0 0 0 0 27 44 0 0 2 0 13 44 6 0 0 0 0 17 20 16 40 0 0 17 0 0 0 0 0 0 0 0 0 0 0 0 0 0 0 0 0 0 0 0 0 0 0 0 0 0 0 0 0 0 0 0 0 0 0 0 0 0 0 0 0 0 0 0 0 0 0 0 0 0 0 0 0 0 2 0 2 0 0 0 1 0 0 0 0 0 0 0 0 0 0 0 0 0 0 0 0 0 0 0 0 0 0 0 0 0 0 0 0 0 
 3 0 3 0 0 0 0 0 0 0 61 0 0 0 0 0 0 0 0 0 1 0 0 1 0 1 0 0 1 3 2 0 1 1 1 1 1 0 0 4 0 74 48 40 64 235 505 759 44 28 35 35 68 139 231 29 30 35 119 135 0 0 0 0 0 32 0 0 0 0 0 0 0 0 6 4 1 0 0 0 0 0 0 0 0 0 0 0 0 0 0 0 0 0 0 0 0 0 19 0 5 0 0 0 0 0 0 0 0 0 0 0 0 0 0 0 0 0 0 0 50 36 41 0 1 0 16 15 14 13 25 0 0 20 18 45 25 37 0 2 5 0 0 0 0 0 0 0 0 0 5 0 0 0 0 0 0 0 0 0 0 0 0 0 0 0 0 0 0 0 0 0 0 0 0 0 0 0 0 0 0 0 0 0 0 0 0 0 0 0 0 0 0 0 0 0 0 0 0 4 23 6 39 27 1 0 24 39 31 43 0 3 0 15 30 34 34 17 7 0 0 0 0 0 14 0 0 0 0 0 0 0 0 0 0 0 0 0 0 0 0 0 0 0 0 0 0 0 0 0 0 16 0 0 0 0 0 0 0 15 0 0 38 0 0 0 2 0 0 0 51 0 0 0 0 20 0 0 0 0 0 0 0 0 6 0 0 0 1 0 
 0 0 0 0 0 3 0 0 0 61 0 0 0 0 0 0 0 0 0 0 0 5 12 2 0 0 0 0 4 13 2 0 3 0 0 9 44 8 0 0 74 0 218 108 24 23 513 301 133 106 38 34 43 66 237 194 241 38 107 261 0 4 0 0 0 0 0 0 0 0 0 0 0 0 0 0 0 0 3 1 0 0 0 0 0 0 0 0 0 0 0 0 0 0 0 0 0 0 0 0 0 0 0 9 0 0 0 0 0 0 5 39 0 0 0 0 6 6 15 0 6 9 5 2 1 0 0 15 14 27 31 0 0 0 0 0 10 27 0 0 0 9 0 0 0 0 0 0 0 0 0 0 0 0 0 0 0 0 0 0 0 0 0 0 0 0 0 0 0 0 0 0 0 0 0 0 0 0 0 0 0 0 0 8 0 0 0 0 0 8 41 0 0 0 0 0 0 11 0 0 1 32 4 12 0 0 0 0 39 19 22 15 0 0 0 16 58 21 0 0 0 0 0 0 0 0 0 0 0 0 0 0 0 0 0 0 0 0 0 0 0 0 0 0 0 0 0 0 0 0 0 8 0 1 0 0 0 0 17 12 0 0 0 0 2 28 0 0 0 0 0 0 2 0 0 0 0 0 0 0 0 11 0 42 10 0 0 0 0 0 
 0 3 3 3 3 3 3 3 3 3 3 3 3 3 8 8 3 3 3 3 0 0 0 6 0 0 0 0 0 0 0 0 7 0 0 0 1 0 0 1 48 218 0 458 65 37 68 87 224 274 128 61 69 48 40 186 195 428 37 48 0 0 0 0 0 2 0 1 2 0 4 0 0 0 1 0 0 0 1 0 0 0 0 0 0 0 0 0 0 0 0 0 0 0 0 0 0 0 0 0 0 0 0 0 0 0 0 0 0 0 0 0 0 0 0 0 0 0 0 0 0 0 0 26 20 0 0 0 0 19 13 30 0 0 0 0 0 7 0 0 0 0 0 1 0 1 0 0 0 0 0 0 10 0 0 0 0 0 6 1 0 0 0 0 0 0 0 0 0 0 0 0 0 0 0 0 0 0 0 0 0 0 0 0 0 0 0 0 0 0 0 0 0 0 0 8 0 0 0 0 0 8 0 28 0 19 0 0 1 25 23 31 0 0 0 0 8 10 0 0 0 0 0 0 0 0 0 0 0 0 0 0 0 0 0 7 0 0 0 0 0 0 16 0 0 0 0 0 0 0 0 8 0 1 0 0 0 0 0 0 0 0 1 6 0 21 0 65 1 0 10 0 0 0 0 0 0 0 0 0 0 0 0 0 8 9 0 0 0 0 
 64 3 3 3 3 5 3 3 3 3 3 3 3 3 66 3 3 3 3 3 2 2 1 1 1 2 65 1 3 4 1 2 1 2 1 1 2 2 0 1 40 108 458 0 90 37 96 52 145 244 365 217 83 73 55 31 79 166 104 312 2 2 0 0 0 2 0 0 0 6 4 2 1 2 0 0 0 2 4 0 0 0 0 49 0 0 0 0 0 0 0 0 0 0 1 0 0 0 5 0 0 0 0 0 0 0 0 0 0 0 0 0 0 0 0 0 0 0 0 0 0 0 0 9 25 11 0 0 0 10 0 13 0 0 0 0 0 0 0 0 15 2 0 0 0 0 5 0 12 0 0 0 17 13 26 0 6 0 25 19 0 0 0 0 0 0 1 0 0 0 0 0 0 0 0 0 0 0 28 0 0 0 0 0 0 0 0 0 0 0 0 0 0 0 0 0 0 0 0 0 62 0 0 12 9 13 0 0 0 0 15 4 0 0 0 0 0 0 0 10 5 5 0 0 0 0 10 7 0 1 0 0 15 9 6 6 0 0 0 12 0 0 58 0 0 0 0 0 0 0 0 5 0 2 0 0 0 1 0 1 0 0 1 6 0 1 0 38 0 0 0 0 0 0 0 0 0 0 0 0 0 4 0 0 0 11 0 0 0 0 
 3 0 0 0 3 63 0 0 0 1 0 0 0 0 0 0 0 0 0 3 4 4 5 3 6 3 4 5 18 28 3 3 66 4 5 4 4 3 55 71 64 24 65 90 0 479 55 62 91 526 107 256 79 71 258 78 74 39 93 81 0 0 0 0 0 0 0 0 0 0 0 0 1 22 0 0 0 0 31 0 0 0 0 0 6 1 0 0 0 0 0 0 0 11 0 0 0 0 10 0 12 0 0 0 0 0 14 2 0 0 0 0 1 11 0 0 0 0 0 47 0 0 0 0 0 37 0 0 0 0 0 0 0 0 0 0 0 0 0 0 12 0 0 0 0 0 27 0 0 8 3 0 14 0 0 0 0 0 11 47 0 0 0 0 0 2 0 0 0 0 0 11 0 0 0 0 6 0 0 1 9 46 0 0 0 0 13 7 0 0 0 0 40 14 0 0 6 0 11 10 0 0 0 0 39 0 0 0 0 0 0 0 0 0 0 0 0 0 0 0 27 0 0 0 0 0 17 0 0 0 0 0 7 11 0 0 0 0 17 23 0 0 2 0 0 0 0 0 0 0 0 6 0 0 0 0 0 0 0 0 0 18 7 1 0 1 2 1 2 0 0 0 0 0 0 0 0 0 0 0 0 0 0 0 0 0 0 0 1 0 
 2 0 0 0 2 0 0 0 0 0 0 0 62 0 0 0 0 0 0 2 0 0 0 0 4 0 0 0 0 0 0 0 0 0 0 0 2 0 0 2 235 23 37 37 479 0 230 30 35 44 62 67 36 57 39 265 48 41 67 43 0 0 0 2 0 0 0 0 0 0 16 0 3 0 2 0 0 0 114 2 0 0 0 0 0 0 0 0 3 0 0 0 0 0 0 0 0 0 0 0 0 0 0 0 0 0 0 0 0 0 0 1 0 0 0 0 0 0 3 3 0 0 0 0 0 33 0 0 0 0 0 0 0 0 0 0 0 0 0 0 33 0 0 0 0 0 25 1 0 16 1 0 4 10 0 0 0 0 0 16 0 0 0 0 0 0 0 0 0 0 0 0 0 0 0 0 6 0 0 1 0 0 0 0 0 0 0 0 0 0 0 0 0 0 0 0 0 0 0 0 0 0 0 0 11 0 0 0 0 0 0 0 0 0 0 0 0 0 1 0 24 0 0 0 0 0 31 15 0 6 0 0 7 30 0 0 0 11 13 20 0 0 0 0 0 0 0 0 0 0 0 1 1 0 0 0 0 0 0 1 0 0 0 0 0 1 1 0 0 0 0 0 0 0 0 0 0 0 0 0 0 0 0 0 0 0 0 0 0 0 
 0 3 3 4 6 5 3 3 3 6 4 7 3 3 3 3 73 3 3 74 0 0 0 0 3 1 0 1 0 2 0 0 0 0 0 0 0 65 0 2 505 513 68 96 55 230 0 332 53 248 246 236 283 248 106 40 35 39 70 403 3 0 0 0 0 0 0 0 0 2 0 0 0 2 36 4 4 3 0 0 0 0 0 0 24 7 0 0 0 0 2 13 0 0 0 0 0 2 0 0 0 0 0 0 0 0 0 0 0 0 0 0 8 0 10 0 0 0 8 5 15 16 17 0 0 0 14 24 10 9 19 0 0 46 30 60 9 2 1 13 0 0 0 0 0 0 0 0 0 0 0 0 0 0 0 0 0 0 0 0 0 2 0 3 0 3 0 0 0 0 4 5 0 0 0 0 0 0 0 4 0 0 0 0 0 0 3 0 0 0 0 0 5 0 0 0 0 0 2 0 12 10 24 0 0 0 6 33 10 26 0 0 0 5 35 15 20 0 0 1 0 0 0 0 9 0 0 0 0 0 0 0 0 0 0 0 0 0 0 18 0 12 0 0 0 0 8 0 0 26 0 7 0 2 0 0 0 0 0 0 0 0 0 0 1 1 0 0 0 0 0 0 0 0 0 0 0 0 0 0 0 0 0 0 0 0 0 0 0 0 
 3 0 0 0 0 0 0 0 0 0 0 0 0 0 0 5 0 0 0 0 0 0 0 2 1 213 0 0 0 1 0 0 0 0 0 0 1 0 0 0 759 301 87 52 62 30 332 0 204 38 43 239 110 347 153 153 46 49 86 50 0 8 0 0 0 0 0 0 0 0 0 0 0 0 9 0 0 0 1 0 0 0 0 0 0 0 0 0 0 0 0 0 0 0 0 0 0 0 0 0 0 0 0 0 0 0 0 0 0 0 0 0 0 0 0 3 0 0 0 0 3 23 31 1 9 6 25 14 35 27 46 0 0 7 10 44 14 32 0 0 0 0 0 0 0 0 1 0 0 0 0 0 2 0 0 0 0 0 11 3 0 0 0 0 0 0 0 0 0 0 0 0 0 0 0 0 0 0 0 0 0 0 0 0 0 0 0 0 0 0 0 0 0 0 0 11 0 0 0 0 54 80 21 16 0 5 5 21 56 60 2 11 0 0 19 26 33 17 0 0 0 1 0 0 17 0 0 17 0 0 10 0 0 0 0 0 0 0 14 3 0 0 0 0 0 0 0 0 0 0 0 13 0 0 0 0 0 0 0 7 0 0 1 0 1 1 0 1 0 0 0 0 0 0 0 0 0 0 0 0 0 0 0 0 0 0 0 0 2 0 
 0 0 0 2 0 0 0 0 2 0 0 0 0 0 0 5 63 0 0 0 0 0 0 0 0 0 0 0 0 3 0 0 2 0 0 0 0 0 0 0 44 133 224 145 91 35 53 204 0 168 56 27 102 525 213 225 391 119 280 506 3 3 0 0 0 0 0 0 0 0 0 1 20 0 0 0 0 2 4 0 0 0 0 0 0 0 0 0 31 0 0 0 0 0 0 0 0 0 0 1 11 0 2 0 0 0 0 0 0 0 0 0 0 0 0 0 0 19 4 0 18 0 7 16 10 0 0 24 8 21 24 9 0 0 1 0 0 12 0 0 0 0 0 0 0 0 0 0 0 0 0 0 0 0 0 0 0 0 0 0 0 0 0 0 0 0 0 0 0 0 0 0 0 0 0 0 0 0 0 0 2 0 0 0 0 0 0 0 0 0 0 0 0 0 0 0 0 0 0 0 0 16 1 4 0 0 0 0 22 10 18 21 0 0 0 15 21 8 0 0 0 0 0 0 0 0 0 0 0 0 0 12 1 0 0 7 0 0 0 0 0 0 0 0 0 0 0 0 0 0 0 12 0 1 0 0 0 0 1 2 1 0 1 30 0 8 0 0 0 0 0 0 0 0 0 0 0 0 0 0 0 4 0 0 11 0 0 0 0 0 
 5 0 0 0 0 0 0 0 0 0 0 0 0 0 0 5 0 0 0 0 0 0 0 6 0 0 0 0 0 2 2 0 0 0 0 0 0 0 0 0 28 106 274 244 526 44 248 38 168 0 289 44 57 80 63 214 209 109 296 92 0 1 1 0 51 0 0 0 0 0 8 0 0 0 0 0 0 0 17 0 0 1 0 0 0 0 10 0 0 0 0 0 0 0 0 0 0 0 0 0 0 0 0 0 0 1 0 0 0 0 0 0 0 0 11 0 0 0 0 0 0 0 0 25 39 4 0 0 0 52 1 16 0 0 0 0 0 20 0 0 1 0 0 0 0 3 0 0 0 0 0 0 40 16 0 0 0 0 64 5 0 0 0 0 0 0 0 0 0 0 0 0 0 0 0 0 0 0 0 0 0 0 0 0 0 0 0 0 0 0 0 0 0 0 0 0 0 0 0 0 0 15 0 24 12 29 0 0 8 2 64 45 0 0 0 0 0 21 0 0 0 1 0 0 0 0 1 1 0 0 0 0 23 0 0 20 0 18 12 27 0 0 15 0 0 0 0 0 0 0 0 14 0 2 0 0 0 0 0 1 0 0 67 65 2 20 0 65 64 0 14 0 0 0 0 0 0 0 0 0 0 0 0 0 14 4 0 0 0 0 
 0 2 2 2 2 2 2 2 2 2 2 2 2 2 2 4 2 2 2 2 0 0 0 0 0 0 0 0 0 0 4 59 0 0 0 0 0 0 65 0 35 38 128 365 107 62 246 43 56 289 0 265 30 37 59 70 131 302 34 76 3 1 11 1 6 2 0 14 0 0 2 1 0 3 3 0 0 0 0 0 0 0 0 0 0 0 0 0 0 0 0 0 0 0 0 0 0 0 0 0 0 0 0 3 0 0 0 0 0 0 0 1 0 0 0 0 0 0 0 0 0 0 0 27 26 11 0 0 0 0 1 24 0 0 0 0 0 8 0 0 1 0 2 2 0 7 0 1 4 1 10 0 8 0 0 1 0 1 26 16 0 0 0 0 0 0 0 0 0 0 0 0 0 0 0 0 0 0 0 0 0 0 0 0 0 0 0 0 0 0 0 0 0 0 0 0 0 0 0 0 0 0 0 31 41 16 0 0 0 0 8 14 0 0 0 0 0 13 0 0 14 0 1 0 0 0 15 0 0 0 1 0 29 0 1 34 6 4 16 28 0 0 17 0 0 0 0 0 0 0 0 3 1 0 0 2 0 0 0 7 0 0 38 44 2 3 1 1 1 0 11 0 0 0 0 0 0 0 0 0 0 0 0 0 1 20 0 0 2 0 
 0 3 3 3 7 5 3 3 3 3 3 3 3 3 3 3 3 3 3 3 0 0 0 0 0 0 0 0 0 7 2 0 1 0 0 3 0 3 0 0 35 34 61 217 256 67 236 239 27 44 265 0 32 246 37 47 97 101 307 40 0 0 0 0 1 0 0 0 0 0 0 0 2 0 2 210 0 0 0 0 0 0 0 0 0 0 0 0 0 0 0 0 0 0 0 0 0 0 0 0 0 0 0 0 0 0 0 0 0 0 10 0 0 0 0 0 0 0 0 0 0 5 0 50 3 30 0 0 7 5 2 6 0 0 1 5 0 6 0 0 25 0 18 0 0 2 42 0 0 0 2 0 24 0 0 0 0 0 4 11 0 0 0 0 0 0 0 0 0 0 0 0 0 0 0 0 5 0 0 0 0 0 0 0 0 0 0 0 0 0 0 0 0 0 0 0 0 0 0 0 20 0 0 37 51 10 0 0 16 0 0 37 0 0 0 15 8 20 0 0 18 0 0 0 0 17 1 0 0 0 0 0 27 10 0 19 0 12 6 28 0 0 12 0 0 0 0 0 0 0 0 5 0 0 0 0 0 0 0 0 0 0 63 70 0 4 4 62 2 6 0 0 0 0 0 0 0 0 0 0 0 0 5 0 2 0 0 0 1 0 
 0 0 0 0 0 0 0 0 0 0 0 0 0 0 0 0 0 0 0 2 0 0 0 0 0 0 0 0 2 2 0 0 0 0 2 0 0 0 0 0 68 43 69 83 79 36 283 110 102 57 30 32 0 131 29 38 35 26 316 182 0 0 0 0 0 0 6 1 0 0 2 51 5 0 5 2 1 0 15 6 0 0 0 0 0 0 0 0 0 0 0 0 0 0 0 0 0 0 0 0 0 0 0 0 0 0 0 0 0 0 0 0 0 0 2 0 0 0 0 0 29 24 21 0 0 0 41 12 10 4 0 0 1 34 34 11 19 0 21 8 0 3 0 0 0 0 3 2 0 0 0 0 0 16 10 2 5 0 0 0 0 2 0 0 0 0 0 0 0 0 0 0 0 0 0 0 0 0 0 0 0 0 0 0 0 0 0 0 0 0 0 0 0 0 0 0 0 0 0 0 25 9 8 0 0 0 37 19 1 0 0 0 39 59 46 7 2 0 0 41 15 4 0 0 14 0 2 0 6 2 0 0 0 8 5 3 1 0 0 0 0 0 0 0 0 0 0 0 0 0 0 75 0 0 0 0 1 0 0 0 0 0 0 0 0 2 0 0 2 0 0 0 0 0 0 0 0 0 0 0 0 0 0 0 0 0 0 0 1 0 
 0 0 0 0 0 2 0 59 0 0 0 55 0 0 2 0 0 0 0 0 0 0 0 8 3 0 58 0 0 6 0 0 0 0 0 0 0 92 0 3 139 66 48 73 71 57 248 347 525 80 37 246 131 0 296 44 264 249 217 379 3 1 0 8 0 0 0 0 0 6 5 4 0 0 4 1 3 11 0 0 0 18 0 0 0 0 0 0 0 0 0 0 0 0 0 0 0 0 0 0 0 0 0 0 0 0 0 0 0 0 0 0 16 0 0 0 0 0 0 0 18 44 26 31 0 0 19 9 35 33 12 0 0 9 23 32 28 39 0 4 0 0 0 0 0 3 0 0 0 0 0 2 0 0 0 0 0 0 0 0 16 0 0 0 0 0 0 0 0 0 0 0 0 0 0 0 13 7 0 0 0 0 0 0 0 0 0 0 0 0 0 0 0 0 0 0 0 0 0 0 26 10 39 10 1 0 14 15 44 19 0 0 0 0 47 19 31 62 0 0 0 0 0 0 20 4 0 0 0 0 0 0 0 0 0 0 0 0 0 0 0 0 0 0 0 0 0 0 0 0 2 11 0 0 0 0 0 0 0 11 0 0 0 0 2 1 0 0 0 0 1 0 0 0 0 4 0 0 0 0 0 0 0 0 0 0 0 0 1 0 
 3 0 0 0 0 0 0 0 0 67 0 0 0 0 0 0 0 0 62 0 0 0 0 0 0 0 0 0 0 0 0 0 3 0 0 0 0 0 0 0 231 237 40 55 258 39 106 153 213 63 59 37 29 296 0 142 50 52 108 136 1 20 4 1 1 0 0 0 7 3 0 1 0 1 3 3 6 16 9 0 0 0 0 0 0 0 0 0 0 0 0 0 0 0 0 0 0 0 0 0 0 0 0 0 0 0 0 0 0 0 0 0 0 0 0 0 0 0 0 0 10 27 33 0 1 0 0 3 34 25 114 1 0 1 10 27 9 35 0 0 0 0 7 0 3 0 0 0 1 2 0 3 0 0 0 2 0 3 0 0 0 0 0 0 0 0 0 0 0 0 0 0 0 0 0 0 0 0 0 0 0 0 0 0 0 0 0 0 0 0 3 0 0 0 0 0 0 0 0 0 51 17 29 21 0 1 1 12 39 54 0 12 0 0 23 21 39 17 0 0 0 0 0 0 17 0 0 0 0 0 3 3 0 0 0 61 3 1 0 0 0 0 0 0 0 0 0 0 0 18 0 5 0 1 0 0 0 0 0 7 0 0 0 0 0 1 2 1 0 0 10 0 0 0 0 0 0 0 0 0 0 0 0 0 9 0 0 0 0 0 
 6 0 0 0 0 0 0 0 0 0 0 0 0 0 0 0 0 0 0 0 0 0 0 0 0 0 0 0 0 2 0 4 4 0 0 0 1 0 0 0 29 194 186 31 78 265 40 153 225 214 70 47 38 44 142 0 202 172 272 345 0 9 0 0 0 0 0 3 0 49 2 0 0 0 0 0 0 0 7 0 0 0 0 0 0 0 0 0 0 0 0 5 0 0 0 0 0 0 0 0 0 0 0 0 0 0 0 0 0 0 0 0 0 0 0 0 0 0 0 0 0 0 10 11 17 0 0 40 10 27 32 14 0 0 0 0 0 0 0 0 0 0 0 0 0 0 0 0 0 0 0 0 8 0 7 15 0 0 24 0 0 0 0 0 0 0 0 0 0 0 5 0 0 0 0 0 0 0 0 0 0 0 0 0 0 0 0 0 0 0 0 0 0 0 0 0 0 0 0 0 0 1 0 2 0 1 0 0 15 15 7 34 0 0 0 2 10 7 0 0 23 0 0 0 0 0 0 0 0 0 0 0 1 0 0 3 18 0 0 0 0 0 0 0 0 0 0 0 0 0 0 18 0 0 0 0 0 0 0 1 0 0 12 16 0 21 2 2 0 0 0 0 0 0 0 0 0 0 0 0 0 0 0 0 19 15 0 0 1 7 
 5 1 0 0 0 0 0 0 0 0 0 0 0 0 62 5 0 0 1 0 0 0 0 1 2 0 0 5 0 2 0 0 0 0 0 37 0 0 0 3 30 241 195 79 74 48 35 46 391 209 131 97 35 264 50 202 0 225 36 49 0 33 0 0 1 0 0 0 0 0 4 0 0 3 1 0 0 0 20 0 1 0 0 0 0 0 9 0 0 0 0 0 2 0 0 0 0 0 0 0 0 0 0 0 0 0 0 0 0 0 0 0 0 0 0 0 0 0 0 0 0 0 19 8 28 0 0 0 18 42 32 13 0 0 0 0 0 10 0 0 0 9 0 0 0 0 0 0 0 0 0 0 0 0 0 0 0 0 35 0 0 0 0 0 0 1 0 0 0 0 0 0 0 0 0 0 0 0 8 0 0 0 0 0 0 0 1 0 1 16 0 0 0 0 0 0 0 0 0 0 0 12 0 17 0 22 0 0 2 16 30 21 0 0 0 0 0 17 0 0 0 0 0 0 0 0 0 0 0 0 0 0 0 0 0 0 10 0 0 0 0 0 0 0 0 0 0 0 0 0 0 6 0 2 0 0 1 0 0 1 0 0 0 22 0 0 1 0 2 0 25 0 0 0 0 0 0 0 0 0 0 0 0 0 21 7 0 0 0 0 
 0 0 0 0 0 0 0 0 0 19 0 0 0 1 3 0 0 0 0 0 0 0 0 0 0 0 1 0 0 0 1 0 0 0 0 0 0 0 0 0 35 38 428 166 39 41 39 49 119 109 302 101 26 249 52 172 225 0 33 46 0 13 2 0 7 0 0 2 10 3 10 0 11 2 8 9 25 4 4 0 0 0 0 0 0 0 0 0 0 0 0 0 0 0 0 0 0 0 0 0 0 0 0 0 0 0 0 0 0 0 0 0 0 0 0 0 0 0 0 0 0 0 0 24 25 6 0 0 0 39 0 28 3 0 0 0 0 4 0 0 0 0 5 4 37 6 3 0 0 36 3 0 16 0 0 32 0 10 14 1 0 0 0 0 0 0 0 0 0 0 0 0 8 0 0 0 0 0 0 0 0 0 0 0 0 0 0 0 0 0 0 0 0 0 0 0 0 0 0 0 0 0 0 31 21 42 0 0 0 0 39 30 0 0 0 0 0 4 0 0 0 0 0 0 3 0 0 0 0 0 4 5 21 0 14 20 4 0 7 25 0 12 14 0 0 41 0 0 0 0 0 2 0 0 0 0 0 0 0 7 0 0 96 63 0 26 9 64 0 0 22 0 0 8 0 0 0 0 0 0 0 0 0 0 19 8 0 0 1 0 
 0 0 0 0 0 60 0 0 0 0 0 0 0 0 0 2 0 0 0 0 0 0 0 0 1 123 0 0 0 2 0 0 0 0 0 3 0 0 0 0 119 107 37 104 93 67 70 86 280 296 34 307 316 217 108 272 36 33 0 144 0 0 0 0 0 0 0 3 0 0 0 0 1 4 4 6 0 0 0 3 0 0 0 0 0 0 0 0 0 0 14 0 0 0 0 0 0 0 0 0 0 0 0 0 0 0 0 0 0 0 0 0 0 0 0 0 0 0 0 0 22 13 12 0 0 0 19 10 24 12 14 0 6 9 20 11 8 9 19 22 0 0 0 0 0 0 0 10 0 0 0 0 0 2 0 9 0 9 0 0 0 0 0 0 0 0 0 0 0 0 0 0 0 0 0 0 0 6 0 0 0 0 0 3 0 10 0 0 0 0 0 0 0 0 0 0 0 0 0 0 21 0 0 24 0 0 21 9 9 7 0 9 9 22 7 0 11 9 7 4 0 0 0 0 0 0 0 0 0 0 0 0 0 0 0 0 0 0 0 0 0 0 0 0 0 0 0 0 0 0 0 8 0 0 0 0 0 0 0 7 0 0 2 0 0 1 3 0 0 0 0 0 0 0 0 0 0 0 0 0 0 0 0 0 0 0 0 0 2 0 
 3 2 0 0 0 0 4 0 0 0 0 0 5 1 0 0 0 0 0 3 3 3 3 3 3 4 17 3 3 6 6 4 3 3 3 3 3 3 3 3 135 261 48 312 81 43 403 50 506 92 76 40 182 379 136 345 49 46 144 0 0 0 0 0 0 0 0 0 0 0 0 49 0 0 13 4 1 0 0 0 4 3 0 0 0 0 4 0 1 0 0 0 0 5 5 3 0 0 0 4 0 0 0 0 0 1 0 0 0 0 0 0 0 0 0 0 0 0 0 0 14 45 10 0 0 0 20 27 26 0 0 0 0 29 27 20 8 4 39 8 0 0 0 0 0 0 0 0 0 0 0 0 0 0 0 11 0 0 0 0 0 4 0 0 9 0 7 1 0 0 0 0 2 3 4 0 0 4 0 7 0 0 0 0 0 0 0 0 0 0 0 0 0 0 0 0 0 0 0 0 12 7 17 0 0 0 19 34 0 27 0 0 43 20 23 7 1 0 0 1 0 0 0 0 2 0 0 0 0 0 0 0 0 0 0 0 0 0 0 0 0 0 0 0 0 0 0 0 0 0 0 6 0 1 0 0 0 0 0 3 0 0 22 0 0 3 0 0 0 0 0 0 0 0 0 0 0 0 0 0 0 0 0 10 0 0 0 0 0 0 
 0 0 0 0 0 0 0 0 0 0 0 0 0 0 1 0 0 0 0 0 0 0 0 0 0 0 0 0 0 2 0 0 40 0 1 0 0 6 0 0 0 0 0 2 0 0 3 0 3 0 3 0 0 3 1 0 0 0 0 0 0 100 305 52 47 23 273 301 51 49 31 18 73 110 271 36 89 247 35 249 0 0 6 0 0 0 0 0 0 0 0 0 0 0 0 0 0 0 0 0 0 0 0 0 0 0 0 0 0 0 0 0 9 0 0 0 0 0 0 0 0 0 0 0 0 0 0 0 5 0 0 0 0 0 0 0 0 0 0 0 0 28 7 27 0 0 0 28 9 9 15 1 2 0 8 0 21 1 0 8 0 0 0 0 0 0 0 0 0 0 0 0 0 0 0 0 0 0 0 1 0 0 0 0 0 0 0 0 0 0 0 0 0 0 0 0 0 0 0 0 0 0 6 0 0 0 0 0 0 0 0 0 0 0 0 0 0 0 0 0 0 0 49 1 4 15 0 0 38 21 0 0 0 17 16 29 3 19 0 0 0 0 0 0 0 0 0 0 0 0 0 0 0 0 8 0 0 0 0 0 0 0 0 0 0 0 0 0 0 0 2 3 0 1 3 0 0 0 0 0 0 0 0 0 0 0 0 0 0 0 
 2 0 0 0 0 0 0 0 0 0 0 0 0 0 0 0 0 0 0 0 3 1 2 3 2 3 3 1 3 3 3 0 3 3 3 3 3 3 1 2 0 4 0 2 0 0 0 8 3 1 1 0 0 1 20 9 33 13 0 0 100 0 244 35 38 41 508 296 208 39 44 230 60 79 251 250 147 58 64 272 0 0 0 0 0 0 0 0 0 0 0 0 0 0 0 0 0 0 0 0 0 0 0 0 0 0 0 0 0 0 0 0 0 0 0 0 0 0 0 0 5 2 3 0 1 0 0 0 2 4 8 1 0 0 0 0 0 6 0 0 0 0 13 15 19 8 0 8 9 14 20 24 0 0 2 23 41 15 3 0 0 0 0 0 0 0 0 0 0 0 0 0 0 0 0 3 0 0 0 0 0 0 0 0 0 0 0 0 0 0 0 0 0 0 0 0 0 0 0 0 0 9 0 0 0 0 0 0 8 0 3 0 0 0 0 6 4 8 0 0 0 0 41 15 12 2 0 0 14 24 7 59 0 0 2 0 19 22 0 0 20 0 0 0 0 0 0 0 0 0 0 0 0 0 13 0 0 0 0 0 0 0 0 0 0 0 4 0 0 0 27 6 0 5 2 0 0 0 0 0 0 0 0 0 5 1 0 0 0 0 
