 0 300 201 146 58 28 528 443 320 242 42 54 66 140 318 25 38 22 31 321 0 2 0 1 0 1 0 0 0 0 2 0 0 1 3 5 2 9 2 0 3 0 1 0 0 0 0 5 3 0 0 0 0 3 2 0 3 0 4 0 3 0 0 54 2 0 1 0 0 0 0 0 0 0 0 0 3 0 0 0 29 63 36 0 0 0 26 39 31 28 1 1 1 25 32 24 0 18 0 23 0 0 0 0 0 0 0 0 10 0 3 0 0 0 0 0 0 0 0 1 1 20 0 0 0 0 0 0 0 0 0 0 0 2 0 0 0 0 0 0 0 0 0 0 0 0 0 1 0 1 0 0 0 0 0 15 0 2 0 0 1 38 0 0 0 0 38 29 18 0 7 0 0 83 39 0 11 3 0 7 0 0 0 0 0 10 0 0 2 0 0 0 0 0 0 0 0 0 0 21 0 0 0 0 17 0 0 0 0 0 0 0 0 0 0 0 0 0 0 0 0 0 0 0 0 0 0 0 0 0 0 0 0 0 0 0 0 0 0 0 0 0 0 0 0 5 0 0 0 0 0 0 0 0 0 0 0 0 0 0 1 0 0 0 0 0 0 2 0 0 0 0 0 0 0 0 0 0 0 0 0 0 0 0 0 0 0 0 0 0 
 300 0 394 68 64 40 492 590 310 265 281 243 40 80 234 310 473 63 43 47 0 0 1 0 0 9 6 6 1 0 8 0 0 1 3 4 6 0 2 4 5 0 3 26 0 0 4 3 3 0 4 63 28 3 2 0 3 0 2 0 3 0 0 2 7 6 0 0 0 0 2 0 0 0 0 0 2 0 1 0 15 23 19 19 0 0 0 37 40 46 13 1 0 0 13 24 45 49 0 0 0 0 0 0 0 0 0 0 0 0 0 0 0 1 0 0 0 0 0 0 0 0 0 0 0 1 0 0 0 0 0 0 0 0 0 0 0 0 0 0 0 0 0 0 0 0 0 0 0 0 0 0 3 1 0 0 0 0 0 0 0 29 18 8 0 0 2 1 35 19 33 1 0 0 1 38 20 53 0 1 0 0 20 0 0 0 0 0 0 0 0 0 0 0 0 0 0 0 0 0 2 0 0 0 0 0 0 0 0 0 0 1 0 0 0 0 0 7 0 0 1 0 0 0 0 0 0 0 0 2 0 0 0 0 0 0 0 0 0 0 0 10 0 0 0 0 1 1 0 2 0 8 0 0 0 0 0 0 0 0 0 0 0 0 0 0 0 0 0 0 0 0 0 0 0 22 0 0 0 0 0 0 0 0 0 0 0 0 0 0 
 201 394 0 107 68 50 79 100 214 449 59 25 62 73 54 392 212 390 336 125 0 1 0 1 0 2 0 0 0 0 3 2 0 0 3 3 2 0 2 0 41 0 3 0 0 0 0 0 3 0 0 0 0 3 2 0 3 0 2 0 3 0 28 35 3 2 0 1 0 0 0 47 0 0 0 0 3 0 0 0 0 16 73 44 0 2 0 27 42 55 37 15 0 0 0 35 110 41 0 0 0 0 0 0 0 0 0 0 0 0 0 0 0 0 0 0 0 0 0 3 0 0 0 0 0 1 0 0 0 0 0 0 0 0 0 0 0 0 0 0 0 0 17 0 0 0 0 2 0 23 0 0 0 12 0 11 0 0 0 0 0 14 42 24 0 14 1 1 83 20 22 0 0 1 0 30 32 59 0 0 0 0 0 0 0 0 0 0 0 0 0 0 15 0 0 0 0 0 0 0 0 0 0 0 0 0 0 0 0 0 0 0 0 0 0 19 0 5 0 0 0 0 16 0 0 0 0 0 0 0 0 0 0 0 0 0 0 0 0 11 0 8 0 0 0 0 2 2 2 2 0 2 10 0 0 0 0 0 0 0 0 0 15 0 0 15 0 0 0 0 0 0 0 19 0 22 14 15 0 0 0 0 0 0 0 0 0 0 0 0 
 146 68 107 0 331 35 161 89 397 444 206 537 126 87 53 52 45 388 496 167 0 0 0 75 0 1 2 0 0 0 2 0 0 6 5 4 2 2 2 0 3 0 1 0 0 0 0 0 3 0 0 0 0 3 2 0 3 0 4 0 3 8 0 3 2 3 0 0 0 0 0 52 0 0 0 2 3 0 0 0 0 0 3 37 17 33 0 0 4 0 33 51 0 0 0 0 17 8 0 0 0 3 0 0 0 0 1 0 0 0 0 0 0 0 0 11 0 0 20 39 0 0 0 0 0 0 0 0 0 0 0 0 0 0 0 0 0 0 0 0 0 0 0 0 0 0 0 0 0 0 0 0 5 5 0 0 0 0 8 0 0 0 26 37 28 31 0 0 1 24 13 21 0 0 0 1 13 0 0 0 0 0 0 0 0 0 0 0 0 0 0 0 0 0 0 0 0 0 0 17 0 0 0 0 0 0 3 0 0 0 0 0 0 0 0 0 0 0 0 0 0 0 2 0 0 0 9 0 0 0 0 0 0 0 0 0 0 0 0 0 0 0 0 0 0 0 14 2 0 50 0 14 11 0 0 0 0 0 0 0 0 0 13 0 0 0 0 0 0 0 0 0 0 0 0 0 13 11 0 0 0 0 0 0 0 0 0 0 0 0 
 58 64 68 331 0 340 62 75 80 300 213 472 278 274 102 58 256 281 282 66 2 0 0 76 0 0 0 1 0 0 2 0 0 0 3 3 2 0 2 0 3 1 2 0 0 1 0 0 68 0 0 0 0 3 2 10 3 3 2 0 3 4 0 3 2 0 0 0 24 0 0 0 0 0 0 0 3 0 0 0 0 0 0 12 30 24 0 0 0 0 12 29 0 0 0 0 0 0 0 0 0 0 0 0 0 0 1 0 0 0 0 0 21 0 0 0 0 11 27 15 0 0 0 0 0 0 0 0 0 0 0 0 9 1 0 0 0 0 0 0 0 0 0 0 0 0 0 2 0 0 0 0 0 0 0 0 0 0 0 0 0 1 0 0 11 14 0 0 0 0 0 30 0 7 0 0 0 0 0 0 0 0 0 0 0 0 21 0 0 7 0 0 28 0 0 0 0 0 30 31 0 0 0 0 0 0 0 0 0 0 0 0 0 0 0 0 0 0 0 0 0 0 0 0 0 0 0 0 0 2 0 0 0 0 0 0 0 0 0 0 0 0 0 0 0 0 1 1 8 4 0 11 0 0 0 0 0 0 0 2 1 0 0 0 0 0 0 0 0 0 0 0 0 0 0 0 0 0 0 0 0 0 0 0 0 0 0 0 0 12 
 28 40 50 35 340 0 41 62 77 69 87 73 47 273 52 76 86 144 45 50 1 0 0 0 0 0 1 0 0 0 2 1 31 0 3 4 2 76 330 11 3 2 2 0 0 0 0 62 3 0 0 0 0 3 2 11 3 0 2 0 3 0 0 3 2 0 0 2 7 0 0 0 0 0 0 0 3 0 0 0 0 0 0 0 42 17 0 0 10 0 6 0 0 0 0 0 0 0 0 0 14 0 0 0 0 0 57 21 0 0 0 0 49 38 2 7 0 0 28 36 2 0 0 0 0 0 0 0 0 0 0 0 4 2 0 20 0 0 21 0 0 0 0 0 0 0 0 1 2 1 0 0 0 0 7 0 0 2 0 0 0 0 0 0 21 11 0 0 0 0 15 14 0 19 0 0 0 0 0 0 28 0 0 0 0 0 48 0 2 0 0 0 34 17 0 0 0 0 71 29 0 0 0 0 0 0 0 0 0 0 0 0 0 0 0 0 0 0 0 0 0 0 0 0 15 0 0 0 0 0 0 0 25 0 0 37 0 0 0 0 0 0 0 0 0 0 0 1 1 0 0 14 0 0 0 0 0 0 0 10 2 0 0 0 0 0 0 0 0 0 0 0 0 0 0 0 0 0 0 0 0 0 0 16 0 0 0 0 0 0 
 528 492 79 161 62 41 0 79 123 262 37 26 465 510 29 26 33 19 53 207 0 1 2 0 0 2 0 0 0 0 3 0 0 0 3 3 2 0 2 0 3 3 3 0 0 0 2 0 3 0 0 0 0 3 2 0 3 0 2 0 3 0 1 1 3 0 0 0 0 0 0 1 0 0 0 48 2 0 0 0 38 11 21 0 0 0 54 7 0 2 0 0 30 60 24 10 2 0 21 28 0 0 2 0 0 0 0 0 0 0 0 0 0 0 0 0 0 0 0 0 0 0 0 0 0 0 0 0 0 0 0 0 0 0 0 0 0 0 0 0 0 0 0 0 0 0 0 0 0 0 0 0 0 0 0 0 0 0 1 0 43 28 1 0 1 0 49 30 35 1 0 0 14 41 28 0 0 8 12 5 0 0 0 0 0 0 0 0 0 0 0 0 0 0 0 0 3 0 0 0 0 0 0 0 0 0 1 0 0 0 0 0 10 0 0 0 0 0 0 0 0 6 0 0 0 0 0 0 0 0 0 0 0 0 0 0 0 0 0 0 0 0 0 0 0 2 0 2 2 0 1 11 0 0 0 0 0 0 0 0 0 0 0 0 0 0 2 0 0 0 0 0 0 0 0 0 0 0 0 0 0 0 0 0 0 0 0 0 0 0 
 443 590 100 89 75 62 79 0 169 43 36 33 86 446 384 37 270 36 70 64 3 4 3 2 0 81 3 0 0 2 2 2 5 2 6 3 2 0 7 0 3 0 1 3 0 0 2 2 3 0 0 0 6 3 2 0 3 0 4 0 3 0 0 3 2 5 0 3 0 0 4 0 2 4 0 1 7 0 0 0 8 40 41 1 0 0 0 39 73 44 0 0 0 25 11 51 39 49 0 28 0 0 0 2 0 0 0 0 0 0 0 0 0 0 0 0 0 2 0 12 0 0 0 0 1 0 0 0 0 0 0 0 0 0 0 0 0 0 0 0 0 0 0 0 0 0 0 0 0 0 0 0 0 0 0 0 0 0 0 2 1 64 34 10 0 0 9 0 52 10 1 0 0 16 11 19 31 25 0 0 1 17 2 0 0 0 0 0 0 0 0 0 0 0 0 0 0 0 0 0 0 0 0 0 0 0 0 0 0 0 0 0 0 0 1 0 2 0 1 0 0 0 0 0 0 2 0 0 0 0 17 0 0 0 0 0 0 0 13 0 0 0 0 0 0 0 0 0 2 0 0 2 0 0 0 0 0 0 0 0 0 0 0 0 0 66 0 0 0 0 0 0 0 0 0 0 0 0 0 0 0 0 0 0 0 0 0 0 0 0 
 320 310 214 397 80 77 123 169 0 371 52 32 78 75 158 231 318 336 284 216 0 2 0 0 2 2 0 2 6 0 2 0 0 0 3 3 2 0 2 40 3 0 1 0 0 0 0 0 3 0 0 3 0 3 2 0 3 0 2 0 3 1 0 3 2 2 0 0 0 0 0 0 0 0 0 0 3 0 0 0 1 33 39 89 0 1 0 20 14 35 58 22 0 0 0 30 62 65 0 0 0 0 0 0 8 0 0 0 0 0 0 0 0 0 0 0 0 0 0 1 0 0 0 0 0 2 0 0 0 0 0 5 0 2 0 0 0 0 0 0 0 0 0 0 0 0 21 1 0 0 0 0 1 8 0 0 0 0 0 0 0 61 49 19 0 26 0 2 24 21 18 0 0 0 0 55 36 46 0 0 0 0 16 14 0 0 0 0 0 0 0 14 0 0 13 0 0 0 0 0 0 0 0 0 0 0 0 0 0 0 0 2 0 0 0 0 0 3 0 0 1 0 0 0 0 0 4 0 0 1 0 0 0 0 0 2 0 0 3 0 0 8 0 0 0 2 3 0 0 1 0 5 7 0 0 0 0 0 0 0 1 0 18 0 0 0 0 0 0 0 0 0 0 0 0 38 0 2 0 0 0 0 0 0 0 0 0 0 0 0 
 242 265 449 444 300 69 262 43 371 0 355 52 40 57 107 442 421 106 279 106 0 1 0 0 0 1 0 0 0 0 3 0 0 0 3 3 2 0 2 0 3 0 3 0 0 0 0 0 3 0 0 0 0 3 65 0 3 0 2 0 3 0 0 2 3 0 0 7 0 0 0 31 0 0 0 0 3 0 51 0 0 2 20 49 14 31 0 0 11 16 32 25 0 0 0 1 35 14 0 0 0 0 0 0 0 0 0 0 0 0 0 0 0 0 0 0 0 0 0 0 0 0 0 0 0 0 0 0 0 0 0 0 0 0 0 0 0 0 0 0 0 0 0 0 0 0 0 0 0 0 0 0 2 4 0 0 0 0 0 0 0 1 25 32 7 55 1 0 1 30 47 7 0 1 0 33 18 42 0 9 0 0 0 0 0 0 1 0 0 0 0 0 0 0 0 13 0 0 0 0 0 0 0 0 0 0 0 0 0 0 0 0 10 0 0 0 0 7 0 0 0 0 0 0 0 0 10 0 0 0 0 0 0 0 0 0 0 0 0 0 0 10 0 0 0 0 191 2 2 178 0 11 17 0 1 0 0 0 0 0 0 0 12 0 0 0 0 0 0 0 0 0 0 0 0 24 9 13 0 0 0 0 0 0 0 0 0 0 0 0 
 42 281 59 206 213 87 37 36 52 355 0 486 38 297 45 55 88 319 19 75 19 73 2 88 74 1 2 0 4 0 3 0 4 0 5 3 2 5 2 1 3 0 3 1 0 0 0 0 3 0 1 0 0 3 2 0 4 0 2 0 3 36 0 3 3 0 45 0 0 0 0 43 0 0 0 0 3 0 0 0 0 0 0 37 1 44 0 0 2 0 22 51 0 2 2 0 22 0 0 0 0 0 0 0 19 2 0 0 0 0 1 0 0 0 0 0 0 0 18 10 0 0 2 0 0 0 0 0 0 0 0 0 0 0 0 0 2 0 0 0 1 10 0 0 0 0 0 0 0 0 0 0 5 2 0 0 0 0 16 0 0 0 0 6 15 24 0 0 0 0 0 16 0 0 0 0 0 0 0 2 0 0 0 0 0 0 2 0 0 0 0 0 0 0 0 0 0 0 0 15 0 0 0 0 0 0 0 0 0 0 0 0 0 0 0 2 0 0 0 0 6 0 0 0 0 0 7 1 0 0 0 0 0 0 2 0 0 0 0 0 0 0 0 0 0 1 130 1 0 7 2 3 0 2 0 0 1 0 0 0 0 0 30 0 1 0 0 1 0 0 0 0 0 0 0 0 19 14 0 0 0 0 0 0 0 0 0 0 0 0 
 54 243 25 537 472 73 26 33 32 52 486 0 43 28 248 45 62 84 12 65 0 37 0 36 0 0 0 0 0 0 2 0 1 0 3 3 2 0 2 0 3 1 2 0 0 0 0 0 64 0 0 0 0 3 2 2 3 0 2 0 3 0 6 3 2 0 0 0 0 0 0 4 0 0 0 2 3 0 0 28 0 0 0 0 43 35 0 0 0 0 3 25 0 0 0 0 0 0 0 0 0 0 0 0 0 0 0 0 0 0 0 0 16 0 0 0 0 0 11 5 0 0 0 0 0 0 0 0 0 0 0 0 0 0 0 0 0 0 0 0 0 0 0 1 0 0 0 0 0 0 0 0 5 0 1 0 0 0 7 0 0 0 0 12 23 11 0 0 0 14 0 39 0 0 0 0 9 0 0 0 0 0 0 0 0 0 20 0 13 0 0 0 1 0 0 0 0 0 10 13 0 0 0 0 0 0 0 0 0 0 0 0 0 0 34 0 0 0 0 0 11 0 0 0 10 0 0 0 0 0 0 0 0 0 0 0 0 0 0 0 0 0 0 0 0 2 175 0 4 92 0 2 2 0 0 0 0 0 0 0 0 0 0 0 0 0 0 0 0 0 0 0 0 0 0 0 0 15 0 0 0 0 0 0 0 0 0 0 0 2 
 66 40 62 126 278 47 465 86 78 40 38 43 0 85 271 26 40 47 471 462 0 2 0 0 2 1 0 2 0 2 2 0 0 0 3 43 2 0 2 0 3 0 1 0 0 0 0 6 3 0 0 0 0 3 2 0 3 63 2 0 3 0 0 3 2 1 4 0 0 0 0 0 0 0 0 0 3 0 0 0 34 7 1 0 0 0 37 8 2 0 0 0 29 48 41 0 0 0 50 0 0 0 0 0 0 0 0 0 0 1 0 0 0 0 0 0 0 0 0 0 0 0 2 1 0 0 0 0 0 0 0 0 0 0 0 0 2 0 0 0 0 0 2 0 0 0 0 0 0 0 0 0 0 1 0 0 0 5 0 0 39 0 0 0 0 0 35 52 0 0 0 0 16 22 19 0 2 0 12 19 0 0 0 0 0 0 2 0 0 0 0 0 0 0 0 0 0 0 0 0 0 0 0 0 0 1 0 0 0 0 0 0 0 0 0 2 0 1 0 0 1 0 0 0 0 0 0 0 0 0 0 1 2 1 2 0 1 0 1 1 0 0 0 0 0 1 0 0 1 0 0 8 0 0 0 0 0 0 0 0 0 0 0 0 0 0 0 0 0 0 0 0 0 0 0 0 0 0 0 0 0 0 0 0 0 0 0 0 0 0 
 140 80 73 87 274 273 510 446 75 57 297 28 85 0 372 38 33 250 293 334 0 2 0 0 0 1 78 0 0 0 3 0 0 2 5 3 2 2 2 0 3 0 3 0 0 0 0 0 3 0 0 0 0 3 2 0 4 0 2 0 3 0 0 3 3 0 0 0 31 0 0 0 0 0 0 34 3 0 0 0 30 45 45 0 0 0 30 28 34 36 0 0 1 20 33 17 0 15 0 27 0 0 0 2 0 0 0 0 0 0 0 0 2 0 0 0 0 2 0 0 0 0 0 0 0 0 0 0 0 3 0 0 0 0 0 0 0 0 0 0 0 2 0 17 0 0 0 0 0 0 0 0 0 0 0 4 0 1 0 2 5 31 0 0 0 0 20 29 10 0 0 0 1 40 34 0 19 9 0 16 1 0 2 0 0 0 0 0 0 0 0 0 0 0 0 0 0 0 0 0 0 0 0 0 0 0 0 0 0 0 0 0 0 0 0 0 2 0 1 0 0 0 0 0 4 2 0 0 0 0 0 2 0 0 0 0 2 0 0 0 0 0 0 0 0 2 1 0 0 0 0 4 0 0 0 0 0 0 0 0 0 0 0 0 0 0 0 0 0 0 0 0 0 0 0 0 0 0 0 0 0 0 0 0 0 0 0 0 0 0 
 318 234 54 53 102 52 29 384 158 107 45 248 271 372 0 88 46 43 65 124 0 5 0 0 0 4 0 0 0 1 3 0 4 0 3 3 3 0 3 0 3 0 3 0 0 0 0 0 3 3 0 0 0 3 2 0 3 0 2 0 3 0 0 2 3 5 0 0 0 0 0 0 0 0 0 37 3 0 0 0 16 47 51 0 0 0 0 65 48 76 0 0 0 9 9 72 37 50 0 31 0 0 0 0 0 0 0 0 0 0 0 0 0 0 0 0 0 0 0 0 0 2 0 0 0 0 0 0 0 0 0 0 0 0 0 0 0 1 0 0 0 0 0 0 0 0 1 0 0 0 0 0 0 1 0 0 0 0 0 0 0 56 19 1 0 0 20 0 35 0 0 0 0 16 11 19 16 29 0 0 0 0 0 0 0 2 0 0 0 0 0 0 0 0 0 0 0 0 0 0 0 0 0 1 0 0 0 0 0 0 1 0 0 0 0 0 0 0 0 0 0 0 0 0 0 0 0 0 15 0 0 0 0 0 0 0 0 0 0 0 0 0 0 0 0 2 0 0 0 0 0 10 0 0 2 0 0 0 0 0 0 18 0 0 0 0 0 0 0 0 0 0 0 0 0 0 0 0 0 0 0 0 0 0 0 0 0 0 0 0 
 25 310 392 52 58 76 26 37 231 442 55 45 26 38 88 0 115 391 18 88 6 4 3 1 0 4 6 2 6 0 5 0 1 3 3 3 2 0 2 0 6 0 3 11 2 3 2 2 3 3 0 3 0 9 11 3 6 8 30 2 3 2 4 3 10 10 0 10 2 2 3 50 2 0 0 0 5 1 0 0 0 22 23 55 0 0 0 46 47 42 34 15 0 5 0 44 86 43 0 0 0 0 0 0 0 0 0 0 0 0 0 0 0 0 0 0 0 0 0 0 0 0 0 0 0 1 0 0 0 0 0 0 0 0 0 0 0 0 0 0 0 0 0 0 0 0 0 0 0 0 0 0 2 8 0 0 0 0 0 0 0 15 37 21 1 17 0 1 35 33 46 0 0 0 0 49 40 49 0 0 0 0 0 0 0 0 0 0 0 0 0 0 0 0 0 2 0 0 0 0 2 0 0 0 0 0 0 0 0 0 0 1 0 0 0 0 0 10 0 0 4 0 0 0 0 0 11 0 0 2 0 0 0 0 0 3 0 0 0 0 0 9 0 0 0 0 2 0 0 2 1 8 17 0 0 0 0 0 0 0 0 0 13 0 0 0 0 0 0 0 2 0 0 0 0 12 15 5 0 0 0 0 0 0 0 0 0 0 0 0 
 38 473 212 45 256 86 33 270 318 421 88 62 40 33 46 115 0 428 26 40 0 1 0 0 0 76 0 0 22 0 1 0 2 0 3 2 6 0 3 0 3 0 1 0 0 0 0 0 3 0 0 0 0 3 2 0 3 0 2 0 2 0 0 3 2 6 0 0 0 0 0 51 0 0 0 0 3 0 0 0 0 16 24 37 0 0 0 33 25 30 30 14 0 1 0 59 56 41 0 1 0 0 0 0 0 0 0 0 0 0 0 0 0 0 2 0 2 0 0 0 0 0 0 0 0 0 0 0 0 0 0 0 0 0 0 0 0 0 2 0 0 0 0 0 0 0 0 0 0 0 0 0 1 11 2 0 0 0 0 0 0 14 35 19 0 13 1 0 38 23 33 0 0 0 2 50 28 40 0 0 0 0 0 0 0 0 0 0 0 0 0 0 0 0 0 0 0 1 2 0 0 0 0 0 0 0 0 0 0 0 0 0 1 0 0 0 0 10 0 0 0 0 0 0 0 0 0 0 0 0 0 0 0 59 0 1 0 0 0 0 0 9 0 0 0 1 3 0 2 0 1 3 9 0 0 0 0 0 0 0 0 0 13 0 0 0 0 0 0 0 0 0 0 0 0 12 14 1 0 0 0 0 0 0 0 0 0 0 0 0 
 22 63 390 388 281 144 19 36 336 106 319 84 47 250 43 391 428 0 227 260 0 4 3 0 0 10 0 0 0 1 2 0 0 2 3 3 2 0 2 0 4 0 1 3 0 2 2 2 3 0 7 3 0 3 2 0 3 0 2 0 3 0 0 3 2 3 0 0 0 3 0 31 5 0 0 0 3 0 0 0 0 0 6 60 13 31 0 1 17 16 61 34 0 0 0 1 32 16 0 0 0 0 0 0 0 0 2 0 0 0 0 2 0 0 0 17 0 0 1 0 0 0 0 0 0 0 0 0 0 0 0 0 2 0 0 0 0 1 0 0 0 0 0 0 0 0 0 0 0 0 0 0 2 3 0 0 0 0 0 0 0 0 20 23 7 10 10 0 3 31 52 7 2 1 1 30 10 36 0 0 0 0 0 0 0 0 1 0 0 0 0 10 0 0 0 0 0 0 0 0 0 0 0 0 0 0 0 0 0 0 0 0 0 0 0 0 0 20 0 0 0 0 0 0 0 14 9 0 0 0 0 0 22 0 0 0 0 0 0 0 0 6 0 0 0 0 185 0 3 170 0 0 8 0 0 0 0 0 0 17 0 0 27 0 0 0 0 0 0 0 0 0 0 0 0 37 10 14 0 0 0 0 0 0 0 0 0 0 0 0 
 31 43 336 496 282 45 53 70 284 279 19 12 471 293 65 18 26 227 0 409 2 4 0 2 0 5 0 0 0 0 0 0 4 0 3 0 2 0 0 0 0 9 4 0 0 0 0 0 0 0 0 3 0 2 0 0 2 62 0 0 0 2 0 0 0 0 0 0 0 0 0 0 3 0 2 0 0 0 0 0 27 0 0 0 0 0 22 0 0 0 0 2 39 29 32 0 0 0 51 9 0 0 0 0 0 14 0 0 0 0 0 0 0 0 0 0 0 0 0 1 0 0 0 0 0 2 0 0 0 0 0 0 0 2 10 0 0 0 0 0 0 0 0 0 0 0 0 0 0 1 0 0 0 0 0 0 0 3 0 0 37 1 0 0 0 0 9 13 0 0 0 0 49 2 0 0 0 0 14 9 0 0 0 0 0 0 0 0 2 0 0 0 0 0 0 2 0 0 0 0 0 0 0 0 0 0 0 0 0 0 0 0 0 0 0 0 0 0 0 0 0 0 0 0 0 0 0 1 0 0 0 0 0 0 0 0 0 0 0 0 0 0 0 0 0 2 2 2 3 1 0 12 0 0 0 0 0 0 0 0 0 0 0 0 0 0 0 0 0 0 0 0 0 0 0 0 0 0 0 0 0 0 0 0 0 0 0 0 0 0 
 321 47 125 167 66 50 207 64 216 106 75 65 462 334 124 88 40 260 409 0 0 1 0 0 2 2 3 2 3 0 3 3 3 3 3 3 5 2 5 0 6 2 3 0 0 3 1 3 2 6 0 6 3 4 2 0 5 5 4 0 6 0 0 2 3 0 1 0 0 0 4 0 0 2 0 5 4 49 0 0 46 15 0 0 0 0 37 22 1 0 0 0 24 61 15 0 0 8 31 15 3 0 0 0 0 0 0 0 0 0 0 0 0 0 2 0 2 0 0 0 0 0 0 0 0 0 0 0 0 0 0 0 0 0 0 0 0 0 2 0 0 0 0 0 0 0 0 0 0 0 0 0 0 0 1 1 0 0 0 0 38 5 0 0 0 0 25 43 15 1 2 0 9 20 7 0 0 0 11 9 0 0 0 0 0 0 0 0 0 0 0 0 0 0 0 0 0 0 2 0 0 0 0 0 0 0 0 0 0 0 0 0 0 0 8 13 0 0 0 0 10 0 0 0 0 0 0 0 0 0 0 0 0 0 0 0 0 0 0 0 0 0 0 0 0 5 0 0 0 2 0 13 0 0 0 0 0 0 0 0 0 0 0 0 0 0 0 0 0 0 0 0 0 2 0 0 0 0 0 0 0 0 0 0 0 0 0 0 0 0 
 0 0 0 0 2 1 0 3 0 0 19 0 0 0 0 6 0 0 2 0 0 53 58 46 21 41 427 424 256 50 41 243 60 161 562 23 33 29 54 194 2 2 3 2 0 0 0 1 2 4 3 0 3 0 0 2 0 1 2 1 0 0 2 0 0 0 53 0 0 5 46 1 0 2 0 2 0 0 0 0 0 0 0 0 0 0 0 0 0 0 2 15 0 0 0 0 0 0 0 0 21 46 40 8 0 2 2 11 59 2 33 0 0 6 40 106 41 0 0 0 0 0 0 0 0 0 0 0 0 0 0 0 0 0 0 0 0 0 0 0 0 0 0 0 29 0 13 0 1 0 0 0 0 0 0 0 0 0 2 0 1 0 0 0 0 0 0 0 8 1 0 14 0 0 0 0 0 0 22 0 26 57 42 9 0 0 0 31 20 26 17 0 0 22 50 43 32 34 0 0 0 0 0 0 0 0 0 0 0 0 2 0 0 2 0 0 0 0 0 0 0 0 0 0 6 0 0 4 15 0 0 0 0 0 0 0 0 0 0 0 0 0 0 0 0 0 0 0 0 0 0 0 0 0 10 0 0 0 0 0 85 0 0 0 0 0 0 0 48 0 0 0 0 0 0 0 0 0 0 0 0 0 0 2 0 0 0 0 0 0 
 2 0 1 0 0 0 1 4 2 1 73 37 2 2 5 4 1 4 4 1 53 0 557 64 37 31 56 457 268 43 12 34 23 75 369 239 114 49 15 44 0 2 6 2 2 0 7 1 2 12 3 3 3 0 206 2 0 0 2 0 2 3 10 0 3 42 2 0 0 0 0 10 0 3 0 2 0 0 0 0 0 0 0 0 0 0 0 0 0 0 0 0 0 0 0 0 0 0 0 0 0 26 10 17 0 0 0 18 30 45 29 37 0 0 13 38 44 42 0 0 0 0 0 0 0 0 0 0 0 0 0 0 0 1 0 0 0 0 0 0 0 0 0 0 1 0 0 0 0 0 0 0 0 0 0 0 0 0 0 1 0 0 0 0 0 0 0 0 0 0 0 0 12 0 0 0 0 0 0 0 0 40 25 16 0 0 0 8 24 18 31 0 0 0 37 14 17 43 0 0 0 0 0 0 0 0 0 0 0 0 0 0 0 0 0 0 0 0 0 0 0 1 0 0 0 0 0 0 0 0 0 0 0 0 0 0 0 0 0 0 0 0 15 0 0 0 0 0 0 0 3 0 62 0 9 0 2 0 0 0 0 2 0 0 0 0 0 0 0 0 0 0 0 0 1 0 0 0 0 0 0 19 0 0 0 0 11 0 0 1 
 0 1 0 0 0 0 2 3 0 0 2 0 0 0 0 3 0 3 0 0 58 557 0 367 52 257 73 90 274 407 47 29 97 123 76 185 272 334 38 52 0 2 3 2 0 0 3 2 2 3 3 0 3 0 0 0 0 0 2 64 0 0 0 0 0 0 2 5 0 0 0 2 0 3 0 0 0 0 0 0 0 0 0 0 0 0 0 0 0 0 0 0 0 0 0 0 0 0 0 0 0 36 49 36 11 0 0 18 35 49 23 32 0 0 0 27 1 79 7 0 0 0 0 0 0 0 0 0 0 0 0 0 0 0 0 0 0 0 0 0 0 0 0 0 0 0 0 0 0 0 0 2 0 0 0 0 0 0 0 9 0 0 0 0 0 0 0 0 0 0 0 0 0 0 0 0 0 0 0 0 0 3 24 48 12 21 0 0 18 18 21 30 0 0 6 14 11 34 0 0 0 0 0 0 0 0 0 0 0 0 0 0 0 0 0 0 6 0 1 0 0 0 0 0 0 0 0 0 0 0 2 0 0 0 0 0 0 0 0 0 0 0 9 0 0 0 0 0 0 0 0 0 0 0 1 0 0 2 5 1 1 12 0 0 0 0 19 0 0 0 0 0 0 0 0 0 0 0 0 0 0 31 0 0 0 0 14 0 0 0 
 1 0 1 75 76 0 0 2 0 0 88 36 0 0 0 1 0 0 2 0 46 64 367 0 99 70 104 304 197 648 121 266 66 87 61 55 213 286 85 50 0 1 3 2 0 0 0 2 2 3 3 62 4 0 0 1 0 0 3 0 0 0 2 0 0 0 2 3 0 0 0 1 0 3 0 0 0 0 0 0 0 0 0 0 8 16 0 0 0 0 0 0 0 0 0 0 0 0 0 0 0 0 1 27 38 43 0 14 0 1 18 14 0 0 0 0 0 0 12 0 0 0 0 0 0 0 13 0 0 8 0 0 9 0 0 0 0 0 50 20 2 0 0 0 0 0 0 0 0 0 0 3 0 0 0 0 1 0 0 3 0 0 0 0 0 0 0 0 0 0 0 16 0 0 0 0 0 0 0 0 0 0 15 39 44 43 0 0 0 0 1 11 6 0 0 0 1 0 0 0 2 0 0 0 0 0 0 0 0 0 0 0 0 0 0 0 0 0 52 0 1 0 0 2 0 0 0 0 0 2 0 0 0 0 0 0 0 0 0 0 0 0 0 0 0 0 95 0 0 0 0 0 0 0 4 2 0 49 46 0 77 16 0 0 0 0 18 0 0 0 0 0 0 0 0 0 0 0 0 0 0 23 0 0 0 0 0 0 0 0 
 0 0 0 0 0 0 0 0 2 0 74 0 2 0 0 0 0 0 0 2 21 37 52 99 0 303 42 83 82 136 85 331 84 76 313 106 65 32 46 90 11 2 4 2 2 0 1 2 2 3 212 3 3 0 0 0 0 2 66 2 0 0 0 0 30 0 2 0 0 0 5 53 0 52 0 6 0 0 0 1 0 1 1 0 0 0 0 0 0 0 0 0 0 0 0 0 0 0 0 0 0 0 0 0 33 71 0 0 0 0 2 6 0 0 0 0 0 0 0 0 12 1 0 2 0 0 9 0 0 0 0 0 28 21 0 0 6 0 36 48 0 0 0 0 0 0 0 4 0 0 0 0 0 0 0 3 2 0 0 0 0 0 0 0 0 0 0 0 0 0 0 0 2 0 0 0 0 0 2 2 0 0 0 0 28 53 0 0 0 0 0 1 0 0 0 0 0 0 0 0 21 0 0 2 0 0 0 0 0 13 0 0 28 0 0 0 0 0 70 23 0 0 0 0 0 0 0 0 1 0 0 0 0 0 0 0 0 0 0 2 0 0 0 0 0 1 0 0 0 0 0 0 0 0 32 0 2 4 4 2 1 0 0 2 0 0 0 0 0 0 0 0 0 0 0 0 0 0 0 0 0 0 0 0 0 0 0 0 0 0 
 1 9 2 1 0 0 2 81 2 1 1 0 1 1 4 4 76 10 5 2 41 31 257 70 303 0 32 39 40 120 53 46 23 39 53 69 62 74 39 257 1 0 3 2 0 0 1 1 2 3 3 3 3 3 0 0 2 0 192 0 0 0 0 0 0 0 3 0 0 0 8 2 6 3 3 0 0 1 4 1 0 0 0 0 0 0 0 0 0 0 4 0 0 1 0 0 0 0 0 0 0 0 0 0 0 11 0 0 0 0 0 18 0 0 0 0 0 0 2 0 54 0 0 0 0 9 21 0 0 0 0 0 22 5 8 0 1 0 1 25 0 0 0 0 0 0 0 6 0 0 0 0 0 0 0 4 11 0 0 0 0 0 0 0 0 0 0 0 0 0 0 0 1 0 0 0 1 0 0 3 0 0 0 0 0 18 0 0 0 0 0 0 0 0 0 0 0 0 2 0 41 0 0 0 0 0 3 12 0 0 0 0 42 13 0 0 0 0 19 40 0 0 0 0 0 0 0 0 0 0 0 0 0 0 0 0 0 0 1 0 0 0 0 0 0 0 1 0 0 0 0 0 0 0 4 1 0 0 0 0 2 2 0 0 0 18 0 0 0 0 0 0 0 0 0 0 0 0 0 0 0 0 0 0 0 0 0 0 0 10 
 0 6 0 2 0 1 0 3 0 0 2 0 0 78 0 6 0 0 0 3 427 56 73 104 42 32 0 104 55 25 456 36 453 362 43 30 52 39 66 261 0 1 4 2 0 0 0 2 2 3 3 0 3 65 0 7 2 0 2 0 0 0 9 0 0 0 2 0 50 0 18 0 0 4 4 0 0 0 0 0 0 0 0 0 1 0 0 0 0 0 0 0 0 0 0 0 0 1 6 0 39 38 25 4 0 0 11 27 0 0 0 0 16 46 44 2 0 0 9 0 0 0 0 0 0 0 0 0 0 0 0 0 0 0 0 0 0 0 0 0 0 11 0 18 24 0 0 0 28 0 0 0 0 0 0 0 19 0 0 0 0 0 0 0 0 0 0 0 0 7 0 0 0 0 0 0 0 0 0 0 22 8 114 0 0 0 20 32 10 15 1 0 0 32 24 33 2 12 5 11 0 0 0 0 0 0 0 0 0 0 0 0 0 0 0 0 0 0 0 0 0 0 0 0 0 0 0 0 0 0 0 0 0 0 0 0 0 0 0 0 0 0 0 0 0 0 0 0 0 0 0 0 0 0 7 2 4 0 0 0 5 0 0 0 0 0 0 0 0 0 0 0 0 0 0 0 0 0 0 0 0 0 0 0 0 0 0 0 0 0 
 0 6 0 0 1 0 0 0 2 0 0 0 2 0 0 2 0 0 0 2 424 457 90 304 83 39 104 0 365 63 27 261 82 387 175 131 53 74 263 101 0 2 30 2 0 0 1 2 2 3 3 0 3 0 0 0 0 1 2 1 0 0 0 0 35 0 2 0 0 62 0 0 0 2 0 0 0 0 0 0 0 1 0 0 0 0 0 0 0 0 0 0 0 0 0 0 0 0 0 0 25 63 33 7 0 0 13 26 68 81 39 1 1 1 27 45 41 23 0 18 0 0 0 1 0 0 0 0 0 0 0 0 0 0 0 0 0 0 2 0 0 0 0 0 41 0 0 0 0 0 0 0 0 0 0 0 0 0 0 0 0 0 0 0 0 0 0 0 0 0 0 0 1 0 0 0 0 0 0 2 1 42 71 9 0 0 1 33 33 91 10 10 0 13 29 40 17 29 1 0 0 0 0 0 0 0 0 0 0 0 0 1 0 0 1 2 0 0 0 0 0 0 0 14 0 0 0 0 1 0 0 0 0 0 0 0 0 1 0 2 0 0 0 0 0 0 0 0 0 0 0 0 0 0 14 0 2 2 0 3 6 17 0 0 0 0 0 0 0 0 0 0 0 0 0 0 0 0 0 0 0 1 0 0 0 0 12 0 0 11 
 0 1 0 0 0 0 0 0 6 0 4 0 0 0 0 6 22 0 0 3 256 268 274 197 82 40 55 365 0 502 67 261 94 96 108 462 248 603 79 70 0 2 3 2 0 0 3 2 2 3 3 0 3 0 0 0 0 1 2 1 0 0 0 0 0 0 2 6 0 0 0 58 0 2 0 0 0 48 0 0 0 0 0 0 0 0 0 0 0 0 0 0 0 0 0 0 0 0 0 0 1 34 32 50 20 0 0 24 39 67 25 34 0 0 0 2 0 59 5 0 0 0 0 0 0 0 15 0 6 15 0 0 0 0 0 0 0 0 0 0 5 0 0 14 0 0 1 0 0 0 0 4 0 0 0 0 0 0 0 5 0 0 0 0 0 0 0 0 7 0 0 0 0 0 0 0 0 0 0 0 0 39 27 42 15 11 0 0 17 12 54 30 0 0 17 17 8 27 1 0 0 0 0 0 0 0 0 0 0 0 0 0 0 0 0 0 0 0 1 0 0 0 0 0 0 0 0 0 0 0 0 0 0 0 1 0 0 0 0 0 0 0 12 0 0 2 0 0 0 0 0 0 0 0 9 0 2 6 4 0 2 27 0 0 0 2 24 0 0 0 0 0 0 0 0 0 0 0 0 0 0 41 0 0 0 0 20 0 0 0 
 0 0 0 0 0 0 0 2 0 0 0 0 2 0 1 0 0 1 0 0 50 43 407 648 136 120 25 63 502 0 389 296 56 62 100 320 455 135 72 108 2 0 3 2 0 2 1 1 2 65 5 0 3 0 0 0 0 1 5 1 29 0 0 0 0 2 2 5 0 0 0 4 2 1 0 0 0 0 0 0 0 0 0 0 0 0 0 0 0 0 0 0 0 0 0 0 0 0 0 0 2 0 31 41 17 0 0 1 0 32 20 42 0 0 0 1 1 25 0 0 0 0 0 0 0 0 0 0 0 0 0 0 1 0 0 0 0 0 12 0 0 0 0 0 0 0 0 0 8 0 0 3 0 0 0 23 1 0 0 7 0 0 0 0 0 0 0 0 0 0 0 0 0 0 0 0 0 0 0 0 0 20 13 42 21 2 0 0 0 0 33 32 0 0 14 2 15 22 0 0 0 0 0 0 0 0 0 0 1 0 0 0 0 0 0 0 0 0 12 0 0 0 0 0 0 0 0 0 0 0 10 0 0 0 0 2 0 0 1 0 0 0 13 0 0 0 0 0 0 0 0 0 0 0 12 2 2 150 150 0 4 12 0 0 0 0 6 0 0 0 0 0 0 0 0 0 0 0 0 0 0 41 0 0 0 0 1 0 0 0 
 2 8 3 2 2 2 3 2 2 3 3 2 2 3 3 5 1 2 0 3 41 12 47 121 85 53 456 27 67 389 0 388 44 34 73 306 246 365 117 72 0 2 5 4 4 0 0 2 2 3 3 0 3 0 3 2 0 0 3 0 0 0 0 0 2 0 5 6 0 0 0 2 0 2 0 4 0 3 0 0 0 0 0 0 0 0 0 0 0 0 0 15 1 0 0 2 0 1 0 0 0 2 1 49 62 54 0 0 0 0 32 24 0 0 0 1 1 3 0 0 0 0 0 3 0 5 0 0 0 0 0 0 8 1 0 0 0 0 54 20 0 2 0 0 0 0 0 0 0 0 0 4 0 0 0 0 1 0 0 3 0 0 0 0 8 0 0 0 0 0 8 0 0 0 0 1 0 0 0 0 0 0 1 60 54 36 14 0 0 0 20 26 2 0 0 1 1 14 13 0 0 0 0 0 0 0 0 0 0 0 0 0 0 0 0 0 0 2 47 0 1 0 0 0 0 0 0 0 0 0 2 0 0 0 0 0 0 0 0 0 0 0 0 0 0 0 0 0 0 0 0 0 0 0 3 2 2 49 51 0 1 21 3 0 0 0 18 0 0 0 0 0 0 0 0 0 0 0 0 0 0 18 0 20 0 0 0 0 0 0 
 0 0 2 0 0 1 0 2 0 0 0 0 0 0 0 0 0 0 0 3 243 34 29 266 331 46 36 261 261 296 388 0 40 31 475 50 67 297 29 237 16 0 3 2 0 0 0 1 2 3 5 0 3 1 0 0 0 0 3 0 0 0 0 0 72 0 2 0 0 0 10 1 0 3 0 0 2 0 0 0 0 0 0 0 0 0 0 0 0 0 0 0 0 0 2 0 0 0 0 0 0 0 0 0 37 50 0 0 0 0 14 42 0 0 0 0 0 0 0 0 1 0 0 0 0 0 32 0 0 0 0 0 15 8 0 0 0 0 36 56 0 0 0 0 0 0 0 8 0 0 0 0 0 1 0 2 0 0 0 0 2 0 0 0 0 0 0 0 0 0 0 0 0 0 0 0 0 0 0 0 0 0 0 0 44 35 0 0 0 0 1 13 0 0 1 0 1 0 0 0 0 0 1 0 1 0 0 0 0 0 0 0 19 0 0 0 0 0 50 0 0 0 0 0 0 0 2 0 0 0 0 0 0 0 0 0 0 0 0 0 0 0 0 0 0 0 0 0 0 0 0 0 0 0 4 0 2 179 165 4 0 0 0 0 0 0 0 0 0 0 0 0 0 0 0 0 0 0 0 0 0 0 0 0 0 0 0 0 0 0 
 0 0 0 0 0 31 0 5 0 0 4 1 0 0 4 1 2 0 4 3 60 23 97 66 84 23 453 82 94 56 44 40 0 62 37 103 47 40 402 236 0 2 3 2 59 0 0 64 2 3 3 2 4 0 0 6 0 1 2 1 0 0 5 0 0 0 2 0 3 0 0 1 0 2 34 1 0 0 0 0 0 58 0 0 0 0 0 0 0 0 0 0 0 0 0 0 0 0 0 1 40 4 0 0 0 0 37 38 0 0 0 0 33 74 26 0 0 0 23 12 1 0 0 0 2 0 0 0 0 0 1 0 0 0 2 0 0 0 0 0 0 0 0 0 1 0 0 0 46 0 0 1 0 0 1 0 0 2 0 0 0 0 0 12 0 10 2 0 0 0 0 0 0 3 0 12 0 0 0 0 85 0 6 0 0 0 20 17 0 0 0 0 15 59 9 1 12 1 28 14 0 0 0 0 0 0 0 0 0 0 0 0 0 0 0 0 0 0 0 2 0 0 0 0 0 1 0 0 0 0 0 0 0 0 0 0 0 27 0 0 0 0 2 0 0 0 0 0 0 0 0 0 0 0 18 1 0 0 0 1 2 0 0 0 0 0 0 0 0 0 0 0 0 0 0 0 0 0 0 0 0 0 0 0 0 0 0 0 0 0 
 1 1 0 6 0 0 0 2 0 0 0 0 0 2 0 3 0 2 0 3 161 75 123 87 76 39 362 387 96 62 34 31 62 0 480 43 38 248 68 280 36 2 3 2 0 1 0 1 2 26 3 23 3 0 0 0 0 0 2 0 0 3 0 0 0 0 2 0 0 0 0 0 0 3 1 0 0 0 0 0 0 0 0 0 0 0 0 0 0 0 0 0 0 0 0 0 0 0 0 0 19 40 7 8 0 0 6 11 17 0 13 0 0 0 50 55 38 0 0 0 0 0 0 2 0 0 0 0 0 0 0 0 0 0 0 0 0 0 0 0 0 0 0 0 5 0 0 0 1 0 0 0 0 0 0 1 0 0 0 0 0 0 0 0 0 0 0 0 0 0 0 0 0 0 0 0 0 0 0 0 11 39 39 7 40 0 0 20 46 34 40 0 0 22 19 46 53 28 18 2 0 0 0 0 0 0 0 0 0 0 0 0 0 0 0 0 0 0 0 0 0 0 0 0 0 0 0 0 0 0 0 0 0 0 0 0 0 0 0 0 0 0 0 0 0 0 1 0 0 0 0 0 0 0 4 0 1 0 0 0 26 0 0 0 0 0 0 0 0 0 0 0 0 0 0 0 0 0 0 0 0 1 0 0 0 0 10 0 0 0 
 3 3 3 5 3 3 3 6 3 3 5 3 3 5 3 3 3 3 3 3 562 369 76 61 313 53 43 175 108 100 73 475 37 480 0 418 55 42 264 114 0 2 3 2 0 0 0 2 2 3 3 0 3 0 0 0 0 1 2 1 0 0 0 0 0 0 2 0 0 0 0 0 0 1 0 0 0 0 0 0 0 0 0 0 0 0 0 0 0 0 0 0 0 0 0 16 0 12 0 0 0 93 37 8 0 0 15 36 62 62 21 3 0 0 53 83 35 37 0 0 0 0 0 0 0 0 0 0 0 0 0 0 0 0 0 0 0 0 0 0 0 0 0 0 9 0 0 0 0 0 0 0 0 0 0 0 0 0 0 11 0 0 0 0 0 0 0 0 0 0 0 0 0 0 0 0 0 16 0 0 1 41 46 11 0 0 0 32 40 57 11 10 0 1 52 40 30 27 0 0 0 0 0 0 0 0 0 1 0 3 0 0 0 0 0 0 0 0 1 0 0 17 0 0 0 0 0 0 0 0 0 0 0 0 0 0 0 0 0 0 0 0 5 0 0 0 0 0 0 0 0 0 0 0 9 0 2 0 0 2 4 0 0 0 0 0 0 0 0 0 0 0 0 0 0 0 0 0 0 0 0 1 0 0 0 0 11 0 0 0 
 5 4 3 4 3 4 3 3 3 3 3 3 43 3 3 3 2 3 0 3 23 239 185 55 106 69 30 131 462 320 306 50 103 43 418 0 215 279 42 56 2 2 3 2 0 0 4 1 2 3 3 0 3 0 0 6 0 63 2 1 0 0 0 0 0 0 2 4 0 0 0 2 0 2 0 4 0 0 2 0 0 0 0 0 0 0 0 0 0 0 0 0 0 0 0 0 0 0 0 0 1 26 31 19 11 0 0 12 46 63 61 29 10 0 0 31 9 38 0 0 0 0 0 0 0 0 2 0 0 0 0 0 0 0 0 0 0 0 0 0 0 0 0 0 1 0 0 0 2 0 0 0 0 0 0 0 0 0 1 0 0 0 0 0 0 0 0 0 1 0 0 0 0 2 10 0 4 0 0 0 1 10 23 28 10 0 0 0 16 14 41 20 0 0 33 13 6 28 0 0 0 0 0 0 0 0 0 1 0 0 0 0 0 0 0 0 0 0 1 0 0 0 0 0 0 0 0 1 0 0 0 0 0 0 0 0 0 0 0 0 0 0 9 0 0 0 0 0 0 0 0 0 0 0 6 0 0 1 2 2 1 0 0 0 0 0 13 0 0 0 0 0 0 0 0 0 0 0 0 0 0 8 0 0 0 0 13 0 0 0 
 2 6 2 2 2 2 2 2 2 2 2 2 2 2 3 2 6 2 2 5 33 114 272 213 65 62 52 53 248 455 246 67 47 38 55 215 0 497 95 26 0 2 3 2 0 0 3 1 2 3 3 0 3 0 0 0 0 1 2 61 0 0 0 0 0 0 2 10 0 0 0 2 0 2 0 0 52 0 0 26 0 0 0 0 0 2 0 0 0 2 0 0 0 0 0 0 0 0 0 2 0 35 17 36 39 0 0 0 22 35 63 29 0 0 0 1 12 33 0 0 1 0 18 0 2 0 0 0 0 0 1 0 2 0 0 0 0 0 15 14 0 0 0 0 8 0 0 0 8 0 0 4 0 0 0 0 0 2 0 12 0 0 0 0 0 0 0 0 0 0 0 0 0 0 0 0 0 2 0 0 0 0 47 33 24 2 0 0 10 16 64 41 0 0 17 0 0 20 0 0 0 0 11 12 0 0 0 0 0 0 0 0 0 0 0 0 0 0 1 2 0 0 0 11 0 0 0 0 0 12 0 0 0 0 0 0 0 0 0 0 0 0 14 0 0 0 0 0 0 0 0 0 1 0 7 0 2 148 1 0 0 10 0 0 0 0 6 0 0 0 0 0 0 0 0 0 0 0 0 0 0 32 0 0 0 0 0 0 0 0 
 9 0 0 2 0 76 0 0 0 0 5 0 0 2 0 0 0 0 0 2 29 49 334 286 32 74 39 74 603 135 365 297 40 248 42 279 497 0 27 44 0 0 3 2 0 0 1 12 2 3 3 0 3 0 4 0 0 0 4 0 1 0 3 0 5 0 2 7 0 0 0 2 0 3 0 0 0 0 0 0 0 0 0 0 0 0 0 0 10 0 0 15 0 0 0 0 0 0 0 0 0 0 18 26 19 1 0 0 0 43 21 56 0 0 0 0 0 51 0 0 0 0 0 0 0 0 0 0 0 0 0 0 0 0 0 0 0 0 22 0 0 0 0 0 0 0 0 0 0 0 0 3 0 0 0 0 0 0 0 14 0 0 0 0 12 0 0 0 0 0 0 0 0 0 0 0 0 31 0 0 0 0 13 31 28 3 0 0 0 0 29 33 0 0 18 0 0 32 0 0 0 0 0 0 0 0 0 1 0 0 0 0 0 0 0 0 0 0 14 0 0 0 0 0 0 0 0 0 0 0 0 0 24 0 0 0 0 0 0 0 0 0 15 0 0 0 0 0 0 0 0 0 0 0 3 0 0 156 151 17 3 12 0 0 0 0 35 0 0 0 0 0 0 0 0 0 0 0 0 0 0 31 0 0 0 0 0 0 0 0 
 2 2 2 2 2 330 2 7 2 2 2 2 2 2 3 2 3 2 0 5 54 15 38 85 46 39 66 263 79 72 117 29 402 68 264 42 95 27 0 236 2 4 4 2 0 2 2 30 2 3 3 0 3 0 0 11 3 1 5 1 2 0 7 0 0 0 2 0 8 0 0 1 1 2 0 0 2 0 0 0 0 0 0 0 0 19 6 0 0 1 0 0 0 0 0 0 0 0 0 1 6 0 1 1 0 0 30 34 0 11 0 0 26 49 16 0 0 0 40 30 2 0 0 0 1 0 17 0 0 0 2 0 9 0 0 0 0 2 0 2 0 0 0 0 0 0 0 0 4 0 0 2 2 0 3 0 0 0 0 0 0 0 0 0 10 14 0 0 0 0 0 0 0 0 0 0 0 1 0 0 27 0 1 1 0 0 44 24 0 0 0 0 88 35 26 0 0 0 45 49 0 0 0 0 0 0 0 0 0 0 0 0 0 0 11 0 0 0 0 1 0 0 0 0 0 0 0 0 0 0 0 0 0 0 0 0 0 0 0 0 0 0 0 0 0 0 0 0 0 0 0 0 0 0 7 0 0 0 0 1 0 0 0 0 0 0 0 0 0 0 0 0 0 0 0 0 0 0 0 0 0 0 0 0 0 0 0 0 0 0 
 0 4 0 0 0 11 0 0 40 0 1 0 0 0 0 0 0 0 0 0 194 44 52 50 90 257 261 101 70 108 72 237 236 280 114 56 26 44 236 0 0 2 3 2 0 0 0 0 2 3 4 0 3 0 0 9 0 1 2 1 0 0 5 0 0 0 2 0 3 0 0 0 0 2 0 0 0 0 0 0 0 0 0 0 0 0 0 22 0 0 0 0 0 0 0 0 0 0 0 0 40 11 13 0 0 0 60 50 0 0 0 0 29 59 27 0 0 0 8 12 0 0 0 0 0 0 0 0 0 0 0 0 1 0 0 0 0 0 0 0 0 0 0 0 4 0 0 12 4 0 0 0 0 0 0 0 0 0 0 0 0 0 0 0 1 0 0 8 0 0 0 0 0 0 0 0 0 0 0 0 54 0 11 0 0 0 23 26 0 0 0 0 1 81 11 11 16 13 21 16 0 0 0 0 0 0 0 0 0 0 0 0 0 0 0 0 0 0 0 0 0 0 0 0 0 0 0 0 0 0 0 0 0 0 0 0 0 0 0 0 0 0 0 0 0 0 0 0 0 0 0 0 0 0 15 0 0 0 0 0 2 2 0 0 0 0 0 0 0 0 0 0 0 0 0 0 0 0 0 0 0 0 0 0 0 0 0 0 0 0 
 3 5 41 3 3 3 3 3 3 3 3 3 3 3 3 6 3 4 0 6 2 0 0 0 11 1 0 0 0 2 0 16 0 36 0 2 0 0 2 0 0 333 147 65 43 27 265 253 252 239 27 36 63 141 322 31 23 35 67 104 2 0 0 4 6 0 2 0 2 0 0 4 0 0 2 0 0 0 5 0 0 0 0 0 0 0 0 0 0 0 0 0 0 0 0 0 0 0 0 0 0 0 0 0 0 16 0 0 0 0 0 0 0 0 0 20 0 0 0 0 6 20 4 1 9 0 0 22 82 22 0 0 27 0 23 35 13 7 6 3 0 0 0 0 0 0 0 0 0 0 0 0 0 0 0 0 0 0 0 0 0 0 3 0 7 0 4 0 35 0 0 0 0 0 0 0 0 0 0 0 0 0 0 0 0 2 0 0 0 0 0 0 0 0 0 0 0 0 0 0 31 23 23 0 0 0 23 22 0 13 0 0 0 24 29 25 60 8 0 0 0 0 0 0 2 0 0 0 0 0 0 0 0 0 0 2 0 0 0 0 0 0 0 0 0 0 0 0 0 0 0 18 0 0 0 0 0 0 0 0 0 0 0 0 0 0 0 0 0 0 0 0 0 0 0 0 0 15 0 0 0 0 0 0 0 0 0 0 2 0 
 0 0 0 0 1 2 3 0 0 0 0 1 0 0 0 0 0 0 9 2 2 2 2 1 2 0 1 2 2 0 2 0 2 2 2 2 2 0 4 2 333 0 344 77 52 23 68 748 300 28 48 44 77 63 319 180 282 32 68 46 0 0 0 1 2 0 0 0 0 1 0 2 0 0 0 0 0 14 6 0 0 0 12 0 0 0 6 0 0 0 0 0 13 0 0 0 0 0 0 8 0 0 0 0 0 0 0 0 0 0 0 0 0 0 0 0 19 0 0 0 0 0 42 16 10 0 0 22 16 19 31 13 0 0 0 11 21 23 0 0 1 1 2 13 1 1 2 2 1 1 2 2 0 0 4 1 2 2 0 0 0 0 0 0 1 0 13 0 0 0 0 0 5 0 0 0 0 0 0 0 0 0 0 0 0 0 0 0 0 0 0 0 0 0 0 0 0 0 0 0 0 24 43 30 0 0 0 0 32 21 30 0 0 0 6 13 30 35 0 0 1 2 0 1 12 2 1 0 16 2 0 0 0 2 1 0 1 0 0 0 0 0 10 0 0 0 0 0 0 0 0 7 0 0 0 0 0 22 2 13 0 0 0 0 0 5 3 0 2 0 12 0 0 2 0 0 0 0 0 0 0 0 0 0 8 22 0 0 2 0 
 1 3 3 1 2 2 3 1 1 3 3 2 1 3 3 3 1 1 4 3 3 6 3 3 4 3 4 30 3 3 5 3 3 3 3 3 3 3 4 3 147 344 0 336 510 36 283 119 193 260 64 37 266 50 482 256 79 233 55 40 0 0 5 0 0 0 0 0 0 0 0 1 0 0 0 0 0 0 0 0 0 0 0 0 0 0 0 0 0 0 0 0 3 0 0 0 0 0 5 0 11 0 0 0 0 0 0 0 0 0 0 0 0 0 0 0 0 0 0 20 0 0 42 52 7 0 0 0 2 10 20 13 0 0 0 6 7 17 0 0 0 0 0 0 0 0 3 0 0 2 0 0 0 0 0 0 0 0 0 0 0 0 0 0 0 0 1 0 2 0 0 0 0 0 0 0 0 0 0 0 34 0 0 0 0 0 0 0 0 0 0 0 0 3 0 0 0 0 0 0 0 11 13 20 17 12 0 11 19 21 24 16 0 0 0 10 28 6 0 0 0 0 0 0 0 0 0 0 0 0 0 10 0 0 0 0 0 0 0 0 0 0 6 0 0 0 0 0 0 0 0 3 0 1 0 0 0 0 0 9 0 0 3 1 0 0 2 1 2 0 0 0 0 0 0 0 0 0 0 0 0 0 0 0 9 8 0 26 2 14 
 0 26 0 0 0 0 0 3 0 0 1 0 0 0 0 11 0 3 0 0 2 2 2 2 2 2 2 2 2 2 4 2 2 2 2 2 2 2 2 2 65 77 336 0 87 57 310 105 100 333 162 289 62 92 77 56 48 296 114 81 0 0 0 0 4 0 0 0 0 0 0 2 1 0 0 0 0 0 0 0 0 0 0 0 0 0 0 0 0 0 0 0 0 0 0 0 0 0 0 0 0 0 0 0 0 0 0 0 0 0 0 0 0 0 0 0 0 0 0 0 0 0 3 0 8 0 0 0 0 0 3 23 21 0 0 0 0 2 0 0 0 0 0 0 0 0 5 0 0 17 0 0 1 0 0 0 0 0 23 0 0 0 0 0 0 0 0 0 0 0 0 0 0 0 0 0 0 0 0 0 0 0 0 0 0 0 0 0 0 0 0 0 0 0 0 0 0 0 0 0 0 0 0 5 40 40 0 0 1 21 3 33 0 0 0 0 0 0 0 0 0 0 0 0 0 0 0 0 0 0 0 13 10 0 0 0 0 0 40 15 0 0 0 0 0 0 0 0 0 0 0 6 0 0 0 0 0 0 0 11 0 0 13 33 2 29 0 10 0 0 11 0 0 0 0 0 0 0 0 0 0 0 0 0 0 0 0 0 1 0 
 0 0 0 0 0 0 0 0 0 0 0 0 0 0 0 2 0 0 0 0 0 2 0 0 2 0 0 0 0 0 4 0 59 0 0 0 0 0 0 0 43 52 510 87 0 300 67 324 314 278 558 426 419 79 72 256 51 60 57 91 0 3 0 0 1 2 6 0 0 0 4 7 0 6 0 2 39 7 0 4 0 0 0 0 0 0 0 0 0 0 0 0 0 0 0 0 0 0 0 0 0 0 0 0 0 1 0 0 0 0 0 0 2 0 0 0 0 0 0 0 3 2 0 0 15 31 7 6 0 0 0 11 0 1 4 0 4 10 0 8 10 0 0 0 0 0 7 0 0 0 0 0 6 0 0 0 0 0 16 18 0 0 0 0 0 2 0 0 0 0 0 0 0 0 0 0 0 0 0 0 0 0 0 21 0 0 0 0 0 0 0 0 0 0 0 0 0 0 0 0 1 0 0 0 12 25 7 1 50 0 0 25 4 3 3 0 1 0 0 27 17 0 0 0 0 0 17 1 0 0 0 0 19 0 21 0 0 2 17 16 0 0 0 0 0 0 0 0 0 0 0 14 0 0 0 0 0 0 0 0 0 14 2 1 2 14 3 1 0 0 0 0 0 0 0 0 0 0 0 0 0 0 0 0 0 0 0 0 1 0 
 0 0 0 0 1 0 0 0 0 0 0 0 0 0 0 3 0 2 0 3 0 0 0 0 0 0 0 0 0 2 0 0 0 1 0 0 0 0 2 0 27 23 36 57 300 0 44 51 41 52 312 54 31 269 35 46 50 359 68 185 59 0 0 0 0 2 0 0 212 0 52 7 211 0 0 6 4 7 107 9 0 0 0 0 0 0 0 0 0 0 9 0 0 0 0 0 0 0 0 0 0 0 0 0 0 0 0 0 0 0 0 0 0 0 0 0 0 0 0 0 0 0 0 0 9 37 0 0 0 0 0 0 0 0 0 0 0 0 0 0 21 0 0 0 0 0 31 2 0 0 0 15 39 3 23 0 0 0 21 13 0 0 0 0 0 13 0 0 38 0 0 0 0 0 0 0 0 0 0 0 0 0 0 0 0 0 0 0 0 0 0 0 0 0 0 0 0 0 0 0 0 0 0 0 0 12 7 0 0 0 0 0 0 0 0 0 0 0 0 0 21 0 1 0 0 0 15 17 0 0 0 0 27 7 24 0 0 0 0 12 0 0 0 0 0 0 0 0 0 0 0 12 0 0 0 0 0 1 0 0 0 0 0 13 2 0 1 0 4 0 0 0 0 0 0 3 0 0 0 0 0 0 0 0 0 0 0 0 2 0 
 0 4 0 0 0 0 2 2 0 0 0 0 0 0 0 2 0 2 0 1 0 7 3 0 1 1 0 1 3 1 0 0 0 0 0 4 3 1 2 0 265 68 283 310 67 44 0 102 45 62 64 34 337 290 44 43 47 243 89 251 0 0 0 7 18 0 0 0 0 53 0 0 0 0 5 0 0 0 5 0 0 0 0 0 0 0 0 0 0 0 0 0 0 0 0 0 0 0 0 0 0 3 0 4 1 0 0 0 8 4 4 0 0 0 0 1 0 4 0 0 17 42 10 0 3 0 22 18 34 10 0 0 0 36 37 39 17 8 0 0 0 0 0 0 0 0 0 0 0 0 0 0 0 0 0 0 1 0 0 0 0 0 3 0 5 0 0 0 2 0 0 0 15 0 0 0 0 0 0 0 0 0 4 7 3 1 0 0 1 1 1 3 0 0 4 0 8 3 0 0 27 9 0 0 0 0 54 23 0 0 0 0 0 21 13 14 0 0 0 1 0 0 11 0 0 0 0 0 0 0 0 0 0 0 0 0 0 0 0 0 0 0 4 0 0 0 0 0 0 0 0 4 0 2 61 0 0 0 0 0 0 0 0 0 2 0 2 0 0 0 0 0 0 0 0 0 0 0 0 0 0 3 0 0 0 0 0 0 0 0 
 5 3 0 0 0 62 0 2 0 0 0 0 6 0 0 2 0 2 0 3 1 1 2 2 2 1 2 2 2 1 2 1 64 1 2 1 1 12 30 0 253 748 119 105 324 51 102 0 381 48 67 197 69 290 167 95 80 267 75 285 0 0 1 4 0 0 5 0 0 0 0 0 3 0 4 0 0 0 17 1 0 0 0 0 1 0 0 0 0 0 0 0 0 0 0 0 0 0 0 0 2 5 0 0 0 0 0 19 0 0 0 0 20 8 2 0 0 0 7 0 0 0 57 21 22 0 0 51 26 31 2 12 0 0 22 7 18 23 0 0 0 0 0 0 0 0 0 0 8 0 0 0 0 0 6 0 0 0 0 0 0 0 0 0 4 3 5 0 0 0 0 0 0 0 0 0 0 0 0 0 6 0 0 0 0 0 0 0 0 0 0 0 7 7 0 0 0 0 0 0 0 70 30 6 0 0 1 14 1 15 17 0 0 0 1 20 16 33 0 0 0 0 0 0 0 0 0 0 0 0 0 0 0 0 0 0 0 0 0 0 0 0 1 0 0 1 0 0 0 0 0 11 1 0 0 0 0 4 0 10 1 0 3 0 0 2 0 1 0 0 0 0 59 0 0 0 0 0 0 0 0 0 0 0 0 0 0 0 1 0 
 3 3 3 3 68 3 3 3 3 3 3 64 3 3 3 3 3 3 0 2 2 2 2 2 2 2 2 2 2 2 2 2 2 2 2 2 2 2 2 2 252 300 193 100 314 41 45 381 0 288 289 51 82 91 159 235 159 228 101 57 0 0 0 0 0 0 0 0 0 0 0 1 0 0 0 0 0 0 0 0 0 0 0 0 4 0 0 0 0 0 0 6 0 0 0 17 0 0 0 0 0 3 0 0 0 0 0 0 0 0 0 0 0 0 0 0 0 0 0 0 0 0 32 32 26 1 1 9 0 64 54 31 0 0 0 21 8 70 0 0 0 0 0 0 0 0 4 0 0 2 0 0 0 0 0 0 0 0 0 0 0 0 0 0 0 0 7 0 0 0 0 14 0 0 0 0 0 0 0 0 0 0 0 0 0 0 0 0 15 0 0 0 0 0 0 0 0 0 0 0 0 15 33 19 9 11 0 0 64 33 60 10 0 0 0 22 22 19 0 0 0 0 0 0 13 0 0 0 0 0 0 9 0 0 0 0 0 0 0 0 0 0 20 0 0 0 0 0 0 0 0 8 0 0 2 0 0 0 0 14 0 0 1 1 0 0 1 1 1 0 0 0 0 0 0 0 0 0 0 0 0 0 6 0 16 20 0 0 1 0 
 0 0 0 0 0 0 0 0 0 0 0 0 0 0 3 3 0 0 0 6 4 12 3 3 3 3 3 3 3 65 3 3 3 26 3 3 3 3 3 3 239 28 260 333 278 52 62 48 288 0 280 64 39 101 111 215 526 322 295 275 52 0 3 0 10 0 5 3 0 1 0 6 2 1 0 0 0 0 0 7 0 0 0 0 0 0 0 0 0 0 0 1 0 0 0 0 0 0 0 0 0 0 0 0 0 0 0 0 0 0 0 0 0 0 0 0 0 0 0 0 9 0 12 10 4 0 0 0 0 2 46 29 0 0 0 1 12 17 0 0 3 7 11 0 0 0 18 3 3 6 0 0 0 1 4 4 0 0 10 1 0 0 0 0 0 0 0 0 0 0 0 0 0 0 0 0 0 0 0 0 4 0 0 0 16 0 0 0 0 0 0 0 0 0 2 0 0 0 0 0 0 0 0 19 23 13 0 0 42 9 32 31 11 0 0 0 0 3 0 0 2 7 7 0 0 0 4 0 0 3 0 18 7 3 3 0 3 0 11 0 0 0 12 0 0 0 0 0 0 0 0 9 0 0 0 0 0 0 0 11 6 0 76 64 0 11 0 66 0 0 9 0 0 0 0 0 0 0 0 0 0 0 0 0 13 22 0 0 2 0 
 0 4 0 0 0 0 0 0 0 0 1 0 0 0 0 0 0 7 0 0 3 3 3 3 212 3 3 3 3 5 3 5 3 3 3 3 3 3 3 4 27 48 64 162 558 312 64 67 289 280 0 483 262 76 72 113 70 233 49 56 0 34 0 0 0 0 0 0 0 0 1 2 2 0 1 3 0 0 0 0 0 0 0 0 0 0 0 0 0 0 0 0 0 0 0 0 0 0 0 0 0 3 0 0 0 0 0 0 0 0 0 0 0 0 0 0 0 0 0 0 0 0 1 32 7 4 0 1 0 1 1 27 0 0 0 0 0 0 0 0 0 0 0 0 19 0 3 0 0 4 0 0 2 0 0 0 0 0 14 0 0 0 0 0 0 0 0 0 0 0 0 0 0 0 0 0 0 0 0 0 0 0 0 0 0 0 0 0 0 0 0 0 0 0 0 0 0 0 0 0 0 0 0 4 34 34 0 0 13 11 1 42 12 20 0 0 0 0 0 0 0 0 0 0 0 0 0 6 0 0 15 11 9 0 0 0 0 0 51 19 0 0 1 0 0 0 0 0 0 0 0 2 0 0 0 0 0 0 0 2 0 15 9 2 0 8 4 1 2 0 11 0 0 0 0 0 0 0 0 0 0 0 0 0 0 20 0 0 1 0 
 0 63 0 0 0 0 0 0 3 0 0 0 0 0 0 3 0 3 3 6 0 3 0 62 3 3 0 0 0 0 0 0 2 23 0 0 0 0 0 0 36 44 37 289 426 54 34 197 51 64 483 0 185 35 31 37 63 58 31 12 0 0 0 0 1 0 0 0 0 3 2 12 0 3 0 0 11 0 0 5 0 0 0 0 0 0 0 0 0 0 0 0 0 0 0 0 0 0 0 0 0 0 0 0 0 1 0 0 0 0 0 0 0 0 0 0 0 0 0 0 3 0 0 0 13 23 7 4 0 0 0 20 0 1 4 0 4 0 0 6 2 0 0 0 0 0 2 12 0 2 0 0 21 0 0 0 0 0 7 11 0 0 0 0 0 0 0 0 0 0 0 0 0 0 0 0 0 0 0 0 0 0 15 0 0 0 0 0 0 0 0 0 0 0 0 0 0 0 0 0 1 0 0 18 11 25 6 1 6 0 0 10 4 9 3 0 1 0 0 10 2 0 0 0 0 0 9 0 0 0 0 5 16 0 0 0 0 0 29 26 0 0 0 0 0 0 0 0 0 0 0 25 0 0 0 0 0 0 0 13 0 0 91 63 1 18 2 66 0 0 9 0 0 0 0 0 0 0 0 0 0 0 0 0 1 0 0 0 2 0 
 0 28 0 0 0 0 0 6 0 0 0 0 0 0 0 0 0 0 0 3 3 3 3 4 3 3 3 3 3 3 3 3 4 3 3 3 3 3 3 3 63 77 266 62 419 31 337 69 82 39 262 185 0 71 36 39 36 29 536 109 0 0 1 6 1 0 0 0 3 0 0 6 2 0 9 0 2 0 0 52 0 0 0 0 0 0 3 0 0 0 0 0 5 0 0 0 0 0 0 5 0 0 0 0 0 0 0 0 0 0 0 0 0 0 0 0 0 0 0 0 19 41 1 0 0 0 20 20 0 7 0 0 1 56 9 11 10 0 13 0 0 0 0 0 0 0 0 0 0 0 0 0 0 0 0 0 2 0 0 0 0 0 2 0 0 0 0 0 0 0 0 0 7 0 0 0 0 0 0 3 0 0 0 0 0 0 0 0 0 0 0 0 0 0 0 0 0 0 0 0 44 0 0 0 0 0 43 15 0 0 0 0 0 26 23 7 2 0 0 11 0 0 0 0 0 0 0 0 0 0 0 0 0 0 0 0 0 0 0 0 0 0 0 0 0 63 0 0 0 0 0 11 0 0 0 0 0 0 0 1 0 0 0 0 0 0 2 0 0 0 0 0 0 0 0 0 0 0 0 0 0 0 0 0 0 0 0 0 0 0 
 3 3 3 3 3 3 3 3 3 3 3 3 3 3 3 9 3 3 2 4 0 0 0 0 0 3 65 0 0 0 0 1 0 0 0 0 0 0 0 0 141 63 50 92 79 269 290 290 91 101 76 35 71 0 358 44 246 44 138 174 0 0 2 4 0 0 2 0 0 4 0 6 0 0 2 4 0 0 3 0 0 16 0 0 0 0 0 0 0 0 0 0 0 0 0 0 0 0 0 0 0 0 0 0 0 0 0 0 14 0 0 0 0 0 0 0 0 0 0 0 36 18 17 7 24 14 1 20 24 22 0 4 0 2 17 8 32 8 0 0 0 11 0 0 0 0 0 0 0 0 0 0 0 0 0 0 0 0 0 0 0 0 4 0 3 0 0 0 0 0 0 0 2 0 1 0 0 0 0 0 0 0 0 0 0 0 0 0 0 0 0 4 0 0 0 0 0 0 6 0 11 18 16 0 4 5 19 31 0 7 5 10 0 21 24 17 20 7 0 1 0 0 0 0 0 0 0 7 0 0 0 0 10 0 0 0 0 0 13 5 0 0 0 0 0 0 0 0 0 0 0 3 2 0 0 0 0 0 0 0 0 0 0 0 0 0 0 0 1 0 49 0 0 0 0 0 0 0 0 0 0 0 0 0 0 0 0 0 2 0 
 2 2 2 2 2 2 2 2 2 65 2 2 2 2 2 11 2 2 0 2 0 206 0 0 0 0 0 0 0 0 3 0 0 0 0 0 0 4 0 0 322 319 482 77 72 35 44 167 159 111 72 31 36 358 0 151 61 45 322 118 17 0 0 1 0 1 12 6 0 0 39 1 1 22 6 0 0 0 4 6 0 0 0 0 0 0 0 0 0 0 0 0 0 0 0 0 0 0 0 2 0 0 0 0 0 0 0 0 0 0 0 0 0 0 0 0 0 0 0 0 0 0 30 20 4 0 0 16 64 32 1 0 0 0 16 27 12 39 0 0 7 0 17 12 0 0 15 7 1 0 0 0 0 0 30 14 0 0 0 0 0 0 0 0 10 0 6 0 0 0 0 0 0 0 0 0 0 0 0 0 0 0 0 0 0 1 0 0 0 0 0 0 0 0 0 0 0 0 0 0 0 28 51 13 0 0 0 10 4 29 0 1 11 0 1 80 44 16 16 0 0 4 11 0 0 0 4 0 2 7 0 0 0 8 7 0 1 0 0 0 0 0 1 0 0 0 0 0 0 0 0 6 0 0 0 0 0 0 0 20 0 0 0 1 2 2 2 0 0 0 0 0 0 0 0 0 0 12 0 0 0 0 0 0 6 0 0 0 1 0 
 0 0 0 0 10 11 0 0 0 0 0 2 0 0 0 3 0 0 0 0 2 2 0 1 0 0 7 0 0 0 2 0 6 0 0 6 0 0 11 9 31 180 256 56 256 46 43 95 235 215 113 37 39 44 151 0 190 152 26 65 2 2 1 0 0 2 1 0 0 5 0 4 2 2 1 2 0 2 1 1 0 0 0 0 15 0 0 0 0 0 0 0 9 0 0 0 0 0 0 0 0 0 0 0 0 0 23 7 0 0 0 0 14 16 0 0 0 0 0 4 0 0 30 35 0 0 0 11 0 8 52 21 5 0 1 9 13 29 0 0 0 0 0 0 0 0 9 0 0 7 0 0 0 0 0 0 0 0 0 0 0 0 0 0 8 0 8 0 0 0 0 7 0 0 0 0 0 0 0 0 14 0 0 0 0 0 12 0 0 0 7 0 5 14 0 0 7 0 12 7 0 7 16 39 24 0 0 0 43 22 83 32 0 0 0 14 26 14 0 0 0 0 0 9 0 0 0 0 0 0 0 12 0 0 0 0 0 0 1 0 0 0 14 0 0 0 0 0 0 0 0 14 0 2 0 0 0 0 0 21 0 0 5 1 2 0 0 1 0 0 1 0 0 0 0 0 0 0 0 0 0 0 0 0 5 7 0 0 1 2 
 3 3 3 3 3 3 3 3 3 3 4 3 3 4 3 6 3 3 2 5 0 0 0 0 0 2 2 0 0 0 0 0 0 0 0 0 0 0 3 0 23 282 79 48 51 50 47 80 159 526 70 63 36 246 61 190 0 289 240 31 0 0 0 0 0 0 0 0 0 0 0 1 0 0 0 0 0 0 0 0 7 0 0 0 0 0 0 0 0 0 0 0 0 0 0 0 0 0 0 0 0 0 0 0 0 0 0 0 0 0 0 0 0 0 0 0 0 0 0 0 0 0 33 25 6 0 0 0 0 14 25 17 0 0 0 8 21 31 0 0 0 0 0 0 0 0 8 0 0 12 0 0 0 0 0 0 0 0 0 0 0 0 0 0 0 15 4 0 0 0 0 0 0 0 0 0 0 0 0 0 0 0 0 0 0 2 0 0 0 0 0 0 0 0 0 0 0 0 0 0 0 19 46 16 34 16 0 0 28 37 21 21 0 0 0 9 10 7 0 0 0 0 0 0 0 0 0 0 0 0 0 19 0 0 0 0 0 0 0 0 0 0 6 0 0 0 0 0 0 0 0 9 0 0 0 0 0 0 0 9 0 0 1 3 1 2 0 0 0 0 0 0 0 0 0 0 0 0 0 0 0 0 0 0 43 21 0 0 1 0 
 0 0 0 0 3 0 0 0 0 0 0 0 63 0 0 8 0 0 62 5 1 0 0 0 2 0 0 1 1 1 0 0 1 0 1 63 1 0 1 1 35 32 233 296 60 359 243 267 228 322 233 58 29 44 45 152 289 0 42 41 58 0 0 0 0 0 1 0 0 0 2 2 0 0 0 2 0 0 0 3 0 0 0 0 0 0 0 0 0 0 18 0 0 0 0 0 0 0 0 0 0 0 0 0 0 0 0 0 0 0 0 0 0 0 0 0 0 0 0 0 0 0 13 9 11 0 0 0 0 0 41 28 0 0 0 0 11 14 0 0 0 0 0 0 0 0 4 0 0 3 0 0 1 0 0 0 0 0 0 0 0 0 0 0 0 0 0 0 0 0 0 0 0 0 0 0 0 0 0 0 0 0 0 0 0 0 0 0 0 0 0 0 0 0 0 0 0 0 0 0 0 0 0 29 27 13 10 0 30 13 67 29 0 0 0 0 1 2 0 0 0 0 0 0 0 0 1 0 0 0 0 11 6 0 0 0 0 0 11 0 0 0 13 0 0 0 0 0 0 0 0 2 0 0 0 0 0 0 0 31 0 0 60 62 0 15 2 82 0 0 11 0 0 0 0 0 0 0 0 0 0 0 0 0 6 22 0 0 2 0 
 4 2 2 4 2 2 2 4 2 2 2 2 2 2 2 30 2 2 0 4 2 2 2 3 66 192 2 2 2 5 3 3 2 2 2 2 2 4 5 2 67 68 55 114 57 68 89 75 101 295 49 31 536 138 322 26 240 42 0 331 0 4 0 0 2 0 0 2 0 0 0 0 2 0 0 0 0 0 0 0 0 0 0 0 0 0 0 0 0 0 0 0 0 0 0 0 0 0 0 0 0 0 6 1 0 13 0 0 0 0 0 0 0 0 0 0 0 0 0 0 29 26 0 0 0 0 20 23 1 0 0 0 9 42 4 9 0 0 1 4 0 0 0 0 0 0 0 19 0 0 0 0 0 0 0 0 6 0 0 0 1 0 0 0 0 0 0 0 0 0 0 0 7 0 0 0 0 0 0 6 0 0 0 0 0 18 0 0 0 0 0 1 0 0 0 0 0 0 0 0 19 0 0 0 0 0 31 9 0 0 0 0 34 9 0 1 0 0 12 38 0 0 0 0 0 0 0 0 0 0 0 0 0 0 0 0 0 0 0 0 0 0 0 0 0 0 0 0 0 0 0 12 0 0 0 0 0 1 0 0 0 0 0 0 0 4 3 0 0 0 0 0 0 0 0 0 0 0 0 0 0 0 0 0 0 0 0 0 0 6 
 0 0 0 0 0 0 0 0 0 0 0 0 0 0 0 2 0 0 0 0 1 0 64 0 2 0 0 1 1 1 0 0 1 0 1 1 61 0 1 1 104 46 40 81 91 185 251 285 57 275 56 12 109 174 118 65 31 41 331 0 0 3 0 3 0 0 3 0 0 16 3 2 0 0 25 0 0 2 0 0 0 0 0 0 0 0 0 0 0 0 0 0 0 0 0 0 0 0 0 0 0 0 0 0 0 0 0 0 0 0 0 0 0 0 5 0 0 0 2 0 18 83 1 0 0 0 27 21 0 0 0 0 0 35 10 9 20 0 0 0 0 0 0 0 0 0 0 0 6 0 0 0 0 0 0 0 2 0 0 0 0 0 7 0 0 0 0 0 0 0 0 0 8 0 0 0 0 0 0 6 0 0 0 0 0 4 0 0 0 0 0 0 0 0 0 0 0 0 0 0 13 0 0 0 0 0 36 14 0 0 0 0 0 25 16 9 7 0 1 18 0 0 0 7 0 0 0 0 0 0 12 0 0 0 0 0 0 0 0 0 0 0 0 0 0 0 0 0 2 0 0 8 0 0 0 0 0 0 0 0 2 0 1 0 0 5 0 0 0 0 0 0 0 0 2 0 0 0 0 0 0 0 0 0 0 0 0 0 1 0 
 3 3 3 3 3 3 3 3 3 3 3 3 3 3 3 3 2 3 0 6 0 2 0 0 0 0 0 0 0 29 0 0 0 0 0 0 0 1 2 0 2 0 0 0 0 59 0 0 0 52 0 0 0 0 17 2 0 58 0 0 0 94 76 52 47 40 359 246 32 28 33 35 94 165 415 44 49 22 37 187 0 0 0 0 0 0 0 9 0 0 0 0 0 0 0 9 0 0 0 0 0 0 0 0 0 0 0 0 0 0 0 0 0 0 0 0 0 0 0 0 8 0 0 0 0 0 0 0 0 0 0 0 0 0 0 0 0 0 0 0 6 11 33 2 4 6 16 20 19 8 0 2 0 1 15 5 20 8 0 0 0 2 0 0 0 0 0 0 0 0 0 0 0 0 0 0 0 0 0 0 0 0 0 0 0 0 0 0 0 0 0 0 0 0 0 0 0 0 0 0 0 0 0 0 0 0 3 0 0 0 0 0 0 0 0 0 0 0 0 0 0 27 22 14 6 7 0 8 20 21 15 1 0 21 14 12 0 8 0 0 0 0 0 0 0 0 0 0 0 0 0 0 0 0 8 0 0 0 0 0 0 0 0 0 0 0 1 0 0 0 1 0 0 0 2 2 0 0 0 0 0 0 0 0 0 0 0 0 0 0 
 0 0 0 8 4 0 0 0 1 0 36 0 0 0 0 2 0 0 2 0 0 3 0 0 0 0 0 0 0 0 0 0 0 3 0 0 0 0 0 0 0 0 0 0 3 0 0 0 0 0 34 0 0 0 0 2 0 0 4 3 94 0 300 79 48 46 90 270 148 242 259 458 72 60 242 336 188 47 245 53 0 0 0 0 0 0 0 0 0 0 0 0 0 0 0 0 0 0 0 0 0 0 0 0 0 0 0 0 0 0 0 0 0 0 0 0 0 0 0 0 0 0 0 0 0 0 0 0 0 0 0 9 0 0 0 0 1 0 0 0 0 9 9 13 0 0 0 0 8 19 11 8 0 0 0 10 22 17 0 0 0 0 0 3 0 0 0 0 0 0 0 0 0 0 0 0 0 0 3 0 0 0 0 0 0 0 0 0 0 0 0 0 0 0 0 0 0 0 0 0 0 13 0 0 0 0 0 0 0 0 0 0 0 0 0 0 0 0 0 0 7 0 11 18 9 0 0 0 30 2 8 8 0 0 11 18 13 43 0 0 0 0 0 0 0 0 0 0 0 0 0 0 0 0 10 0 0 0 0 0 0 0 0 0 0 0 4 0 0 0 10 0 0 10 2 2 0 0 0 0 0 0 0 0 0 0 0 0 0 0 
