 0 92 86 43 468 34 376 328 269 37 28 47 44 118 389 43 49 29 27 226 0 2 0 0 0 0 0 0 0 0 2 0 0 0 2 111 0 4 1 0 0 0 3 3 0 0 0 3 3 0 0 3 0 0 0 0 0 0 0 2 2 0 0 0 0 0 0 2 0 0 2 0 0 0 0 0 3 3 3 0 19 40 13 0 0 0 13 60 31 18 0 0 4 23 26 37 11 7 0 0 0 0 0 0 0 0 0 0 0 0 0 0 0 0 0 0 0 0 0 0 0 0 0 0 0 0 0 0 0 0 0 0 10 0 0 0 0 0 0 0 0 0 0 0 0 0 0 0 14 0 0 0 4 0 0 0 0 0 0 0 30 42 18 0 0 0 30 38 11 16 1 0 0 78 11 47 10 0 0 0 0 0 0 0 0 0 0 0 0 0 0 0 0 1 0 0 0 0 0 0 0 0 0 0 0 0 0 0 0 0 0 0 0 0 0 0 0 0 0 0 0 0 0 0 0 0 0 0 0 0 0 0 0 0 0 0 0 0 0 0 0 0 0 0 0 4 1 0 0 1 0 9 0 0 0 0 0 0 0 0 0 0 0 0 0 0 0 0 0 0 0 0 0 0 0 0 0 0 0 0 0 0 0 0 0 0 0 0 0 0 
 92 0 428 102 37 45 322 380 369 64 35 281 328 66 425 406 455 53 310 45 0 0 0 1 0 0 0 0 111 2 0 2 0 2 0 0 0 2 0 0 0 0 3 3 0 0 0 3 3 0 0 2 0 0 0 3 0 0 0 2 3 0 0 0 0 0 0 2 0 0 2 0 0 0 0 0 3 3 5 0 16 12 58 39 0 0 0 0 50 58 25 21 1 0 1 12 40 28 0 0 0 0 0 0 0 0 0 0 0 0 0 2 0 0 14 0 0 0 0 0 0 0 0 0 0 0 0 0 0 0 0 0 10 0 0 0 0 0 0 0 0 0 0 0 0 0 0 0 0 0 0 0 0 0 0 0 0 0 0 0 0 20 43 36 15 0 0 18 2 38 20 11 0 18 12 33 29 17 0 0 0 0 0 0 0 0 0 0 0 11 0 0 0 2 0 0 0 0 0 0 0 0 0 4 0 0 0 0 0 0 10 0 0 0 0 0 0 2 0 0 0 0 0 0 0 2 0 0 2 0 0 0 0 0 0 0 0 0 0 0 0 1 0 0 0 3 0 2 2 0 0 7 0 0 0 0 0 0 2 0 0 0 0 0 0 0 0 0 0 0 0 0 0 0 0 1 11 0 0 0 0 0 0 0 0 0 0 0 0 0 
 86 428 0 167 57 35 67 65 251 382 139 128 66 51 47 264 260 538 31 51 0 0 0 0 0 0 0 0 0 0 0 2 0 0 0 0 0 4 0 0 0 0 3 3 0 0 0 3 3 0 0 5 0 0 0 0 0 0 0 2 2 0 0 0 0 0 0 2 0 0 2 0 0 0 0 0 3 3 3 0 2 0 75 41 13 13 0 0 17 67 4 53 0 0 0 21 42 14 0 0 0 0 0 0 0 0 0 0 0 0 0 0 13 0 0 0 2 10 0 0 0 0 0 0 0 0 0 0 0 0 0 0 0 0 0 0 0 0 1 0 0 2 0 1 6 0 0 0 0 0 0 0 0 0 0 0 0 0 2 0 0 1 56 38 9 0 0 0 24 31 31 69 0 0 10 67 39 47 0 0 0 0 0 0 20 0 0 0 0 1 0 0 4 4 9 0 0 0 17 0 0 0 0 0 1 0 0 0 0 0 0 0 0 0 1 0 0 0 0 2 0 0 0 0 1 0 0 0 0 0 0 0 0 0 0 0 0 0 20 23 0 0 0 0 0 0 5 1 0 89 2 10 0 0 0 0 0 0 0 0 1 0 10 0 0 0 0 0 0 0 0 0 0 0 0 12 6 20 0 0 0 0 0 0 0 0 0 0 0 0 
 43 102 167 0 98 31 93 67 90 346 181 319 78 81 74 285 60 358 73 56 0 0 0 0 0 0 0 3 0 2 2 1 0 0 0 0 1 4 1 0 0 0 2 3 2 2 0 5 4 3 0 8 0 0 0 2 0 0 0 0 3 2 0 0 0 2 1 1 0 0 2 0 3 0 0 0 3 1 9 3 0 0 1 23 16 12 0 0 1 1 7 38 0 0 0 0 34 14 0 0 0 0 0 0 0 0 0 0 0 12 0 0 0 0 0 0 0 0 0 0 0 0 0 0 0 0 0 0 0 0 0 0 0 0 2 0 0 0 0 0 0 0 0 2 0 0 0 0 0 0 0 0 0 5 0 0 0 2 0 0 0 4 11 17 12 13 0 0 23 1 10 45 0 0 0 0 12 35 0 3 0 0 0 0 0 0 0 18 0 0 0 0 29 0 0 0 0 0 6 0 0 2 0 0 0 0 0 0 0 0 0 11 0 0 0 0 0 0 0 0 0 0 0 0 0 0 0 0 0 0 0 0 0 2 0 0 0 0 0 0 0 10 0 0 0 0 45 2 1 46 2 0 17 2 0 0 0 0 0 0 0 0 17 0 0 0 0 0 0 2 0 0 0 0 0 26 0 16 0 0 0 0 0 0 0 0 0 0 0 0 
 468 37 57 98 0 439 48 41 73 44 80 525 305 74 73 269 380 41 61 67 0 2 1 0 1 0 0 0 0 0 1 1 0 0 2 0 73 2 8 0 0 0 3 3 0 0 0 72 3 0 0 13 0 0 0 0 0 0 0 0 3 0 0 0 0 0 0 15 5 0 2 0 0 0 0 0 3 3 3 0 0 0 0 0 43 52 0 0 0 9 4 34 0 0 0 0 1 0 0 0 0 0 0 0 0 0 19 0 0 0 0 0 24 2 1 0 1 0 24 31 0 0 2 2 0 0 0 0 0 0 0 0 0 0 0 0 8 0 10 0 0 1 0 12 0 1 0 0 0 0 0 0 0 0 0 0 0 1 24 0 0 0 11 11 8 36 0 0 4 0 15 0 1 0 0 0 0 0 0 0 11 9 0 1 0 0 0 0 0 0 0 0 60 0 0 0 0 0 26 50 0 0 1 0 2 0 0 0 0 0 0 2 0 2 1 0 0 0 0 1 0 44 0 0 0 0 45 0 0 0 0 0 0 0 0 0 0 0 0 0 0 0 0 0 0 3 3 0 4 6 2 2 7 0 0 0 0 2 0 0 2 0 0 0 0 0 2 0 0 0 0 0 0 0 0 5 0 0 0 0 0 0 0 0 0 0 0 0 0 0 
 34 45 35 31 439 0 25 19 270 34 85 322 36 58 254 52 608 279 57 35 0 0 0 0 5 0 0 1 1 0 0 2 1 0 0 85 0 2 315 2 0 0 3 3 0 0 0 8 3 0 0 20 0 0 0 0 0 68 0 2 3 0 0 0 0 0 10 0 35 0 2 0 0 0 0 0 3 2 3 0 0 1 0 0 22 48 0 0 0 0 0 0 0 0 0 0 0 0 0 0 11 3 0 0 0 0 11 0 1 0 0 0 62 50 24 0 0 0 53 36 0 2 0 0 0 0 0 0 0 0 0 1 0 0 0 1 9 2 18 0 0 0 0 0 0 8 0 0 0 0 0 0 0 12 0 0 0 0 0 0 0 0 0 0 14 43 0 0 7 0 0 0 0 5 0 1 0 0 0 0 5 1 0 0 0 0 20 11 0 0 0 0 31 2 23 0 0 0 59 60 0 0 0 2 0 0 0 0 0 0 2 0 0 0 0 0 0 0 0 0 0 11 0 1 0 0 2 0 0 2 0 0 2 0 0 0 0 0 0 0 0 0 0 0 0 1 1 0 1 0 0 9 0 0 0 0 0 0 0 0 0 0 0 0 0 0 2 0 0 0 0 0 0 0 0 0 0 0 0 0 0 0 0 0 0 0 0 0 0 0 
 376 322 67 93 48 25 0 100 76 60 31 54 590 556 45 259 45 123 57 229 2 0 0 0 0 0 0 0 0 0 0 0 0 0 2 2 0 2 0 0 0 0 3 58 0 0 0 3 3 0 0 2 0 0 0 0 0 0 0 0 3 0 0 0 0 0 0 0 0 0 2 0 0 0 0 0 3 3 3 0 1 52 0 0 0 0 26 38 0 0 0 0 13 80 30 23 0 0 17 28 0 0 0 0 0 0 0 0 0 0 0 0 0 0 0 0 0 0 0 0 0 0 0 0 0 0 0 0 0 0 0 0 0 0 0 0 0 0 0 0 0 0 0 0 0 0 0 0 0 0 0 0 17 0 0 0 0 0 0 0 21 22 0 0 0 0 22 24 9 5 0 0 1 36 14 18 0 0 0 15 0 0 0 0 0 0 0 0 0 0 0 0 0 0 0 0 0 0 0 0 0 0 0 0 0 0 0 0 0 0 0 0 0 37 0 0 0 0 0 0 0 0 0 0 0 0 0 0 6 0 0 0 0 0 0 0 0 0 0 0 0 0 0 0 0 0 2 2 2 2 2 8 0 0 0 0 0 0 0 0 0 0 0 0 0 0 0 0 0 0 0 0 0 0 0 0 0 0 0 0 0 0 0 0 0 0 0 0 0 0 
 328 380 65 67 41 19 100 0 244 40 32 45 417 590 63 36 466 151 69 60 0 0 0 0 0 1 0 0 1 99 0 0 0 0 1 0 0 4 0 0 0 0 3 3 0 0 0 3 3 0 0 2 0 0 0 0 0 0 0 1 3 0 0 0 0 0 0 0 0 0 2 0 0 0 0 0 3 3 3 0 0 38 32 13 0 0 18 5 29 12 12 0 0 10 0 18 33 24 0 0 14 0 10 0 0 0 0 0 0 0 0 0 0 0 0 0 0 0 0 0 0 0 0 0 0 0 0 0 0 0 0 0 2 16 0 0 0 0 0 0 0 0 0 0 0 1 0 0 0 0 0 0 7 0 0 7 0 0 0 0 1 22 16 0 0 0 0 7 10 45 17 0 0 25 14 21 4 0 0 0 0 0 0 0 0 0 0 0 0 0 0 0 0 7 0 0 0 0 0 0 0 0 0 0 0 0 0 0 0 0 0 0 0 0 0 0 0 0 0 0 0 0 0 0 0 1 0 0 0 0 0 0 0 0 0 0 0 0 0 0 0 0 0 0 0 2 0 3 0 0 0 4 0 0 2 0 0 0 0 0 0 0 0 0 0 0 0 0 0 0 0 0 0 0 0 0 0 0 0 0 0 0 0 0 0 0 0 0 0 2 
 269 369 251 90 73 270 76 244 0 245 31 39 105 108 282 345 363 217 568 87 0 1 0 3 0 3 0 0 111 0 0 12 3 2 2 1 2 3 2 0 0 0 6 3 1 1 2 6 6 2 0 1 3 0 3 0 0 0 0 2 3 0 0 4 0 0 0 2 3 0 2 0 1 0 0 3 3 1 3 0 0 16 52 45 0 0 0 18 48 60 45 46 1 0 0 14 61 40 0 0 0 0 0 0 0 0 0 0 0 0 0 0 0 0 0 0 0 0 0 0 0 0 0 0 0 0 0 0 0 0 0 35 10 0 10 0 0 0 0 0 0 0 0 0 0 0 0 0 0 0 0 0 0 0 0 0 0 0 19 0 0 6 17 50 0 0 0 24 11 35 31 25 0 20 16 15 13 26 0 0 0 0 0 0 0 0 0 10 0 9 0 0 6 1 0 0 0 0 0 0 0 0 0 0 0 0 0 0 0 0 0 0 0 0 0 0 0 0 0 0 0 0 2 0 0 0 0 0 0 0 0 0 0 0 0 0 0 0 0 0 0 0 0 0 0 1 2 2 0 2 0 18 0 0 0 0 0 0 0 0 0 0 10 0 0 0 0 0 0 0 0 0 0 0 0 10 16 14 0 0 0 0 0 0 0 0 0 0 0 0 
 37 64 382 346 44 34 60 40 245 0 639 39 40 54 74 512 403 198 66 74 0 2 0 0 0 0 0 0 0 0 2 4 0 0 2 0 0 4 0 0 0 0 3 3 0 3 0 3 3 0 0 2 0 33 3 0 77 65 0 2 4 0 0 43 0 6 0 2 0 0 3 0 0 0 0 0 5 3 3 0 0 0 7 15 7 0 0 0 6 44 54 44 0 0 0 1 2 22 16 0 0 0 0 0 0 0 0 0 0 0 0 0 1 0 16 0 0 0 0 1 0 0 0 0 0 0 0 0 0 0 0 0 0 0 0 0 0 0 0 0 0 0 0 0 0 0 0 0 0 0 0 0 0 0 0 0 0 0 0 0 0 0 40 44 16 49 0 0 21 27 6 66 8 0 0 15 16 19 0 0 0 5 0 0 0 0 0 0 0 10 0 0 3 0 0 0 0 0 9 0 0 0 0 0 0 0 0 0 0 14 0 38 0 0 0 0 0 0 0 0 0 0 0 0 0 0 0 0 0 0 13 0 0 0 0 0 0 0 0 0 0 17 0 0 0 0 179 0 1 203 0 3 0 0 0 0 0 0 0 0 0 0 17 0 0 0 0 0 0 0 0 0 0 0 0 18 12 22 0 0 0 0 0 0 0 0 0 0 0 0 
 28 35 139 181 80 85 31 32 31 639 0 418 49 49 54 129 159 405 40 56 2 0 3 0 2 0 0 3 0 0 0 0 0 3 0 3 0 2 0 3 0 0 5 5 1 0 2 3 7 0 2 2 0 3 2 2 0 0 1 2 3 0 1 2 0 2 0 2 53 8 5 6 0 0 0 0 4 11 4 1 0 0 1 10 19 3 0 0 0 1 21 35 0 0 0 1 10 9 0 0 0 0 0 0 0 0 0 0 0 0 0 0 0 1 0 0 0 0 0 0 12 2 0 0 0 0 0 0 0 0 0 2 0 1 0 0 0 2 1 0 0 12 0 2 0 2 0 0 0 0 0 1 0 0 0 0 0 5 0 0 0 0 0 17 9 30 0 0 14 0 10 43 3 0 0 0 11 27 0 0 0 1 0 0 0 0 0 1 0 0 0 0 22 0 0 0 0 0 9 0 0 11 0 0 0 0 0 0 0 0 2 22 1 0 0 0 0 0 0 0 0 3 0 1 1 0 1 0 0 0 0 0 2 0 0 0 5 0 0 0 0 10 0 0 0 0 18 0 0 11 0 3 12 0 1 0 0 0 0 0 0 0 9 0 0 0 2 0 0 0 0 0 0 3 0 26 0 16 0 0 0 0 0 0 0 0 0 0 0 0 
 47 281 128 319 525 322 54 45 39 39 418 0 102 41 38 30 93 57 303 36 29 0 0 0 0 0 0 0 1 0 0 2 0 0 0 1 0 152 0 0 0 0 3 3 0 0 0 3 3 0 0 8 0 0 0 0 0 0 0 2 1 0 0 0 0 0 0 1 0 0 3 0 0 0 0 0 2 3 3 0 0 0 0 0 31 51 0 0 0 0 31 2 0 0 0 1 0 2 0 14 0 1 0 0 0 0 2 0 0 1 0 0 15 10 0 0 0 0 0 1 0 0 0 0 0 0 0 0 0 0 0 14 0 7 0 0 0 0 22 20 0 0 2 13 0 10 0 0 0 0 0 0 0 0 1 0 0 21 0 0 0 0 0 1 19 63 2 0 0 0 5 0 7 0 0 0 14 0 0 1 0 0 0 0 0 0 0 0 0 0 0 1 48 1 0 2 0 0 47 12 0 0 0 0 0 0 0 1 2 0 0 12 0 0 0 0 0 0 0 0 2 27 0 0 0 0 0 0 0 0 2 0 0 0 0 0 0 0 0 0 0 16 0 0 0 8 179 0 2 195 0 4 7 0 0 0 0 0 0 0 0 0 0 2 0 0 0 0 0 29 0 0 0 0 0 7 0 0 0 0 0 0 0 12 0 0 0 0 0 1 
 44 328 66 78 305 36 590 417 105 40 49 102 0 90 138 201 134 43 394 198 0 1 0 2 0 0 0 0 0 0 0 36 0 0 2 0 0 2 0 0 0 0 3 7 0 0 0 3 3 0 0 4 0 0 0 2 0 0 0 8 1 2 0 0 0 0 0 2 0 0 3 0 3 0 0 5 3 3 3 0 19 12 17 10 0 0 23 31 15 17 11 13 29 16 24 15 12 13 37 46 0 0 0 0 0 0 0 0 0 0 0 0 0 0 0 0 0 0 0 0 0 7 1 0 0 0 0 0 0 0 0 0 0 0 2 0 0 0 0 0 0 0 0 0 13 0 0 0 0 0 0 0 0 0 0 1 0 0 0 0 34 18 8 12 0 0 23 29 0 22 0 0 17 23 12 22 0 0 0 28 0 8 2 0 0 0 0 0 0 0 0 0 0 0 0 0 0 0 0 0 0 2 16 0 0 0 0 0 0 0 0 0 0 1 2 0 0 0 0 0 2 0 0 9 0 0 0 0 0 0 0 14 0 0 0 0 0 0 0 0 0 0 0 0 0 2 0 2 0 2 0 0 2 0 0 0 0 0 0 0 0 0 0 0 0 0 0 0 0 4 0 0 0 0 0 0 0 0 0 0 0 0 0 0 0 0 0 0 0 0 
 118 66 51 81 74 58 556 590 108 54 49 41 90 0 448 66 259 31 89 262 0 0 2 0 2 2 0 0 0 0 0 0 0 0 0 0 0 2 3 0 0 0 6 3 0 0 0 3 3 0 3 2 0 0 2 3 0 0 0 2 3 0 0 0 0 0 0 2 0 11 2 0 0 0 0 0 3 3 3 0 16 53 14 2 0 0 13 72 38 0 0 0 4 26 22 36 11 11 0 2 0 0 0 0 0 0 0 0 0 0 0 0 0 0 0 0 1 0 0 0 0 0 0 0 0 0 0 0 0 0 0 0 9 0 0 0 0 0 0 0 0 1 0 0 0 0 0 2 0 8 0 0 3 0 0 0 0 0 0 0 43 31 31 0 0 0 22 36 11 18 1 0 0 36 11 26 14 0 0 3 0 0 0 0 0 0 0 0 0 1 0 0 2 1 0 0 0 0 0 0 0 0 0 0 2 0 0 0 0 0 0 0 0 0 0 0 0 0 0 1 19 0 0 0 2 0 0 0 0 0 0 0 0 0 0 0 11 0 0 13 0 0 0 0 0 2 0 0 1 3 0 6 0 0 0 0 0 0 0 8 2 0 0 0 0 0 0 0 0 0 0 0 0 0 0 0 0 0 0 0 0 0 0 0 0 0 0 0 0 0 
 389 425 47 74 73 254 45 63 282 74 54 38 138 448 0 309 269 455 55 60 0 0 0 0 0 1 0 0 0 0 0 1 0 0 0 0 0 2 0 0 0 0 3 3 0 0 0 3 4 0 0 67 64 0 0 0 0 0 0 1 47 0 0 0 0 0 0 0 0 0 2 0 0 0 0 0 3 3 3 0 23 114 69 39 0 0 9 0 40 16 16 3 0 24 11 93 62 23 1 0 0 0 0 0 0 0 0 0 0 0 0 0 0 0 0 0 0 0 0 0 0 0 0 0 0 0 0 0 0 0 0 0 2 0 0 0 0 0 0 0 0 0 0 0 0 0 0 0 0 0 0 0 6 0 0 0 0 0 0 0 1 15 11 0 0 0 0 33 25 13 49 0 0 56 29 34 27 10 0 0 0 0 0 0 0 0 0 0 7 0 0 0 0 6 0 0 12 0 0 0 0 0 0 0 23 0 0 0 0 0 0 0 0 12 0 0 0 0 0 0 0 0 0 0 0 0 0 0 0 12 0 0 0 0 0 0 0 0 0 0 0 0 0 0 0 0 0 0 2 2 0 4 3 0 0 0 0 0 0 0 0 0 0 0 0 0 0 0 0 0 0 0 0 0 0 0 0 0 0 0 0 0 0 0 0 0 0 0 0 0 
 43 406 264 285 269 52 259 36 345 512 129 30 201 66 309 0 399 398 39 46 0 2 0 0 0 0 1 2 0 0 0 2 0 0 0 5 0 2 0 1 0 0 3 3 0 0 0 3 3 0 0 2 0 0 0 3 51 0 0 0 3 0 0 0 0 0 0 0 0 0 2 0 0 0 0 0 3 2 3 0 0 0 68 52 1 0 0 0 16 63 24 58 0 0 0 20 41 33 0 0 0 0 0 0 0 0 0 0 0 0 0 0 0 0 0 0 0 0 0 0 0 0 2 0 0 0 0 0 0 0 0 0 0 0 1 0 0 0 0 0 0 0 0 1 0 0 0 0 0 0 0 0 0 0 0 0 0 0 10 0 0 2 13 49 22 1 0 0 28 35 33 69 0 0 11 18 25 50 0 19 0 0 1 0 0 0 0 0 0 11 0 0 0 6 0 0 0 0 0 0 0 1 0 0 0 0 0 0 0 0 0 0 0 2 1 0 0 0 0 0 0 0 0 0 0 0 0 0 0 0 0 0 0 0 0 0 0 0 0 0 0 0 0 0 0 0 9 2 2 2 0 6 0 0 0 0 0 0 0 0 0 0 16 0 0 0 0 0 0 1 0 0 0 0 0 22 9 50 0 0 0 0 0 0 0 0 0 0 0 0 
 49 455 260 60 380 608 45 466 363 403 159 93 134 259 269 399 0 460 242 44 0 0 0 0 0 0 0 0 0 0 2 2 0 0 0 0 1 2 0 0 0 0 3 3 0 0 0 3 3 0 0 3 0 0 0 0 0 0 0 0 6 0 0 0 0 0 0 1 0 0 2 0 0 0 0 0 3 3 3 0 0 0 49 49 1 0 0 0 12 55 23 85 0 0 0 21 47 32 0 0 0 0 0 0 0 0 0 0 0 0 0 0 0 0 0 0 0 0 0 0 0 0 1 1 0 0 0 0 0 0 0 0 0 0 0 0 0 0 0 0 0 0 0 1 0 0 0 0 0 0 0 0 0 0 0 0 0 0 0 0 0 0 13 48 7 0 0 0 21 42 46 51 0 0 10 18 21 41 0 0 0 0 2 0 13 0 0 0 0 11 0 3 0 4 0 0 0 0 0 0 0 2 0 0 1 0 0 0 0 0 0 0 0 0 2 0 0 0 0 2 0 0 0 0 0 0 0 0 0 0 0 0 0 0 0 0 0 0 0 0 0 5 0 0 0 3 7 1 1 1 0 0 0 0 0 0 0 0 0 0 0 0 9 0 0 0 0 0 0 0 0 0 0 0 0 20 10 22 0 0 0 0 0 0 0 0 0 0 0 0 
 29 53 538 358 41 279 123 151 217 198 405 57 43 31 455 398 460 0 29 49 0 1 0 0 79 0 0 1 0 0 1 1 0 0 0 0 0 5 0 0 0 0 3 4 0 0 0 3 3 0 26 2 0 0 0 0 0 0 0 2 3 0 0 0 0 0 0 2 0 2 2 0 0 0 0 51 3 3 3 0 0 0 1 47 9 0 0 0 0 40 36 39 0 0 0 1 29 10 2 0 23 19 0 0 0 0 0 0 0 0 0 0 0 0 0 0 2 0 0 0 0 0 0 0 0 0 0 0 0 0 0 0 10 0 0 0 0 0 0 0 0 2 0 0 0 0 0 0 0 0 0 0 0 0 0 0 0 0 0 0 0 0 11 43 7 13 0 0 19 47 1 36 3 0 0 29 15 31 0 0 0 0 2 0 0 0 0 0 0 9 0 0 2 1 0 0 0 0 52 0 0 0 0 0 0 0 0 0 0 17 0 10 0 1 2 0 0 0 0 2 0 0 0 0 1 0 0 0 0 0 0 0 0 0 0 0 0 0 0 0 0 19 0 0 0 0 179 0 0 170 0 13 0 0 2 0 0 0 0 0 74 0 2 0 0 0 0 0 0 0 0 0 0 0 0 14 44 8 0 0 0 0 0 0 0 0 0 0 0 0 
 27 310 31 73 61 57 57 69 568 66 40 303 394 89 55 39 242 29 0 272 1 0 0 0 0 2 1 1 1 1 0 0 0 0 0 0 0 2 0 0 0 0 66 64 0 0 0 3 3 0 0 3 3 0 0 73 0 0 0 6 1 0 0 0 0 0 0 0 0 0 9 0 0 0 0 3 3 3 3 0 24 0 0 0 0 0 44 0 0 0 0 0 49 31 30 1 0 0 36 54 0 0 0 0 0 0 0 0 0 0 0 0 0 0 1 0 0 0 3 0 0 0 0 0 0 2 0 0 0 0 0 0 2 0 0 0 0 0 0 2 0 0 0 0 0 0 0 0 0 0 0 0 0 0 0 6 0 0 0 0 0 3 0 0 0 1 39 0 1 1 0 0 33 50 15 0 0 0 15 49 0 0 0 0 0 26 0 0 0 0 0 0 0 0 0 0 0 0 0 0 0 0 0 0 0 0 0 0 0 2 0 0 12 0 0 10 14 0 1 0 0 20 0 0 1 2 0 0 0 0 0 0 0 0 0 0 0 0 0 1 0 0 0 0 0 1 0 0 0 1 0 9 0 0 0 0 0 0 0 0 0 0 0 0 0 0 0 0 0 0 0 0 0 0 0 0 0 0 0 0 0 0 0 0 0 0 0 0 0 0 
 226 45 51 56 67 35 229 60 87 74 56 36 198 262 60 46 44 49 272 0 0 0 0 0 0 2 1 0 0 0 74 0 2 73 0 0 0 2 0 0 0 0 3 8 0 62 0 6 3 0 0 2 0 0 0 0 2 0 0 14 3 0 47 0 0 0 0 1 0 0 2 0 0 0 0 0 35 2 3 0 28 35 0 0 0 0 42 44 2 0 0 0 28 25 72 76 0 0 41 43 0 1 0 0 0 0 0 0 0 0 0 2 0 0 26 0 8 0 0 0 0 0 0 0 0 0 0 0 0 0 0 0 0 0 0 0 0 0 0 0 0 0 0 0 0 0 0 0 0 0 0 0 7 0 0 0 0 0 0 0 18 10 2 0 0 0 19 11 10 36 0 0 15 21 29 4 3 0 0 20 0 0 0 0 0 0 0 0 0 0 0 2 0 2 0 0 0 0 0 0 0 0 0 0 0 0 0 0 0 0 0 0 0 0 0 0 0 0 0 0 1 0 2 0 0 0 0 0 0 0 0 0 0 0 0 0 0 0 0 0 0 0 0 0 0 0 0 0 2 0 2 2 0 0 0 2 0 0 0 0 0 0 0 0 0 0 0 0 0 0 0 0 0 0 0 0 0 0 0 0 0 0 0 0 0 0 0 0 0 0 
 0 0 0 0 0 0 2 0 0 0 2 29 0 0 0 0 0 0 1 0 0 160 279 68 30 414 446 356 119 36 39 108 60 317 258 57 24 30 269 65 0 3 0 2 0 1 0 0 0 0 0 0 1 2 1 2 0 5 0 2 0 0 0 3 3 0 0 0 0 0 0 3 0 0 0 2 0 0 0 0 0 0 0 0 0 0 0 0 0 1 0 0 0 0 0 0 0 0 0 0 21 65 11 11 0 0 26 47 25 1 0 0 0 26 24 33 1 16 0 9 0 0 0 0 0 0 0 0 0 0 2 12 0 17 2 0 0 0 0 0 2 3 2 0 0 2 0 0 2 0 0 0 0 2 0 0 0 0 0 2 0 0 1 5 0 0 0 1 0 0 0 0 0 0 0 0 0 0 0 0 21 25 38 0 0 2 26 54 37 1 0 0 0 25 0 23 33 12 0 0 0 2 0 0 0 0 0 0 0 0 1 0 0 0 0 0 0 0 0 0 0 0 10 0 0 0 0 0 0 0 0 0 0 0 0 0 0 0 0 0 0 0 0 0 0 0 0 0 0 0 0 0 0 0 14 1 2 0 0 0 2 0 0 0 0 0 0 0 0 0 0 0 0 0 0 0 0 0 0 0 0 37 0 0 0 0 0 0 0 0 
 2 0 0 0 2 0 0 0 1 2 0 0 1 0 0 2 0 1 0 0 160 0 390 116 24 47 118 358 280 78 43 37 63 126 254 334 177 253 250 53 0 3 0 2 0 1 0 0 0 0 0 0 0 0 0 2 0 5 0 2 0 0 0 9 0 0 0 1 0 0 1 3 0 0 0 2 37 2 0 0 0 0 0 0 0 0 0 0 0 1 0 0 0 0 0 0 0 2 0 0 0 0 53 31 0 1 0 1 39 21 13 7 0 18 12 31 27 59 0 0 0 0 0 0 0 0 0 0 0 0 0 0 0 0 0 0 0 0 0 0 0 3 0 0 0 0 0 2 1 0 0 10 0 0 0 0 0 0 0 0 0 0 1 13 0 0 0 0 0 0 0 1 0 0 0 0 0 0 0 0 0 11 49 0 0 0 0 12 38 21 11 0 0 0 0 5 45 49 0 0 0 0 0 0 0 0 0 22 0 0 0 0 16 0 2 0 0 0 0 0 0 0 0 0 0 0 0 0 0 0 10 0 0 0 0 0 0 0 0 0 0 0 0 0 0 85 0 0 0 0 0 0 104 0 10 0 0 0 0 2 19 34 0 0 0 0 0 0 0 0 0 0 0 0 0 0 0 0 0 0 0 22 0 0 0 0 6 0 0 0 
 0 0 0 0 1 0 0 0 0 0 3 0 0 2 0 0 0 0 0 0 279 390 0 80 28 32 69 101 168 355 54 28 54 119 330 333 234 385 36 83 0 3 0 2 0 0 0 0 0 0 0 0 1 0 0 2 0 5 0 1 0 0 0 12 3 0 0 2 0 0 0 3 0 0 0 2 4 0 0 0 0 0 0 0 0 0 0 0 0 0 0 0 0 0 1 0 0 0 0 0 0 0 65 71 20 1 1 0 70 56 69 20 0 0 0 31 56 30 0 0 10 0 0 0 0 0 0 0 0 0 0 0 0 0 0 0 0 0 17 1 0 0 0 0 8 0 0 0 1 0 0 20 0 0 0 0 0 0 0 0 0 0 2 0 0 0 0 0 0 0 0 0 0 0 0 0 0 0 0 0 0 15 26 17 2 1 0 0 31 42 46 1 0 0 0 18 43 55 0 0 0 0 0 0 0 0 0 0 0 0 0 0 0 0 0 0 0 9 0 0 0 0 0 0 0 0 0 0 0 0 0 0 0 0 0 0 0 2 0 0 0 0 13 0 0 0 0 0 0 0 0 0 0 0 3 0 2 8 2 0 18 20 0 0 0 0 0 0 0 0 22 0 0 0 0 0 0 0 0 0 0 11 0 0 0 0 10 0 0 0 
 0 1 0 0 0 0 0 0 3 0 0 0 2 0 0 0 0 0 0 0 68 116 80 0 105 32 83 55 78 387 162 515 60 86 51 42 432 603 59 74 0 3 0 4 0 0 0 0 0 0 0 0 1 0 0 2 0 5 0 1 0 0 0 3 3 0 0 2 3 0 0 3 0 0 0 2 0 0 0 0 0 0 0 0 0 0 13 0 0 0 1 0 0 0 0 2 0 0 0 0 0 0 20 20 72 33 0 0 0 53 30 44 0 0 0 0 18 1 0 0 0 1 0 0 0 0 0 0 1 0 0 0 0 1 0 0 0 0 18 10 0 0 0 0 0 0 0 0 0 0 0 0 0 0 0 0 0 0 0 0 0 0 1 0 0 0 0 0 0 0 0 0 0 0 0 1 0 0 0 0 0 0 0 23 56 28 0 0 2 0 44 53 0 0 19 0 0 33 1 22 0 0 1 0 0 0 1 0 0 0 0 0 0 0 0 0 0 0 52 0 0 0 0 0 0 0 2 0 1 0 0 0 1 0 1 0 0 0 0 0 0 0 2 0 0 0 0 0 0 0 0 0 0 0 12 2 0 57 13 2 3 0 0 0 0 0 10 0 0 0 0 0 0 0 0 0 0 0 0 0 0 0 0 0 0 0 0 0 0 0 
 0 0 0 0 1 5 0 0 0 0 2 0 0 2 0 0 0 79 0 0 30 24 28 105 0 380 258 334 55 72 97 272 47 355 64 86 70 266 33 83 0 3 0 7 0 0 62 0 0 0 0 0 1 0 0 74 0 5 1 1 0 0 0 3 3 0 3 0 0 0 50 3 0 0 4 2 1 0 0 48 0 0 0 0 0 0 0 0 0 0 1 0 0 0 0 0 0 0 8 0 18 19 0 0 14 32 1 0 0 0 0 6 0 0 0 0 0 0 0 0 17 0 0 0 29 0 17 1 54 0 0 0 31 1 0 0 0 0 13 26 0 2 0 0 0 0 0 0 0 1 0 0 0 0 0 0 0 0 0 0 0 0 0 0 1 0 0 0 0 0 0 0 0 30 0 0 0 0 0 0 0 0 0 1 49 66 0 0 0 0 13 0 0 0 0 0 0 0 0 0 0 0 0 0 0 2 47 0 0 0 0 0 41 0 0 0 0 0 28 34 0 0 0 0 0 0 0 0 0 0 0 0 0 0 0 0 0 2 0 0 0 0 0 0 0 0 0 0 0 0 0 0 0 0 11 3 0 26 4 0 2 0 0 0 0 0 0 0 0 0 0 0 0 0 0 0 0 0 0 0 0 0 0 0 0 0 0 0 0 0 
 0 0 0 0 0 0 0 1 3 0 0 0 0 2 1 0 0 0 2 2 414 47 32 32 380 0 35 47 252 46 69 63 32 40 72 121 66 68 77 219 0 3 0 6 0 6 1 0 0 0 0 0 19 0 0 2 0 4 190 6 0 0 0 3 4 0 0 0 0 0 0 3 0 0 7 2 0 1 0 0 0 0 0 0 0 0 0 0 0 0 0 0 0 0 0 0 0 0 0 0 0 0 0 0 1 36 0 0 0 0 0 1 0 0 0 0 0 0 0 0 47 0 0 0 0 0 32 0 0 0 0 0 31 47 0 0 11 12 23 36 0 0 0 0 0 0 0 0 0 0 0 0 0 0 0 15 0 0 0 0 2 0 0 0 0 0 0 0 0 0 0 0 0 0 0 0 0 0 0 1 0 2 0 2 35 21 0 0 0 0 1 0 0 0 0 0 1 0 0 0 1 1 0 0 0 0 60 24 0 0 0 0 25 3 0 0 0 0 1 70 11 0 0 0 0 2 0 0 0 0 0 0 0 0 0 0 0 0 0 0 0 2 0 0 0 0 0 0 0 0 0 0 0 0 12 6 2 0 0 1 6 5 0 0 0 0 0 0 0 0 0 0 0 0 0 0 0 0 0 0 0 0 0 0 0 0 0 0 0 0 
 0 0 0 0 0 0 0 0 0 0 0 0 0 0 0 1 0 0 1 1 446 118 69 83 258 35 0 101 50 266 50 33 373 423 45 32 318 38 53 367 0 3 0 2 0 0 0 0 0 0 0 0 0 0 0 2 0 68 0 0 0 0 0 55 1 0 0 2 0 0 0 3 0 0 0 2 1 1 0 0 0 0 0 0 0 0 0 0 0 0 0 0 0 0 0 0 0 0 0 0 36 53 9 15 0 0 33 43 17 1 0 0 1 19 9 34 0 26 1 4 0 0 0 0 0 0 6 0 0 0 0 0 0 0 0 0 0 0 0 0 0 5 0 0 0 2 0 0 0 0 0 0 0 0 0 0 0 0 0 5 0 0 1 6 0 0 0 0 0 0 0 0 0 1 0 0 0 0 0 1 39 40 2 0 0 0 41 28 1 0 0 0 0 45 29 39 26 3 0 0 2 0 0 0 2 0 0 0 0 0 0 0 0 0 0 0 0 0 0 0 2 0 0 0 0 0 0 0 0 9 0 0 0 0 0 0 0 0 17 0 0 0 0 0 0 0 0 0 0 0 0 0 0 0 4 0 0 0 0 0 1 0 0 0 0 0 0 0 0 0 0 0 0 0 0 0 0 0 0 0 0 1 0 0 0 0 0 0 0 0 
 0 0 0 3 0 1 0 0 0 0 3 0 0 0 0 2 0 1 1 0 356 358 101 55 334 47 101 0 98 35 52 51 75 412 331 197 64 45 64 69 0 3 1 2 0 0 0 0 0 0 0 0 0 0 0 2 0 5 0 1 0 0 1 3 1 0 0 2 0 0 0 3 0 0 0 2 8 1 0 0 0 0 0 0 2 0 0 0 0 0 0 0 0 0 0 0 0 0 0 0 2 11 46 13 0 0 1 29 49 23 0 11 0 12 23 58 47 23 0 0 0 0 0 0 0 2 0 0 0 0 0 0 0 0 0 0 0 2 0 0 0 3 1 16 1 0 0 0 5 1 30 7 0 0 0 0 1 0 0 5 0 0 2 10 0 2 0 0 0 0 1 1 0 0 0 0 0 0 0 2 23 58 41 0 0 0 1 10 55 37 1 0 0 36 0 30 19 38 1 0 2 0 0 0 0 0 0 0 0 0 0 1 0 0 0 0 0 0 0 0 14 0 2 0 0 0 0 0 0 0 0 0 0 0 0 0 0 0 0 0 0 0 0 0 0 0 0 0 0 0 0 0 0 0 4 2 0 0 0 1 14 3 0 0 0 0 0 0 0 0 0 0 0 0 0 0 0 0 0 0 0 23 0 0 0 0 11 0 0 0 
 0 111 0 0 0 1 0 1 111 0 0 1 0 0 0 0 0 0 1 0 119 280 168 78 55 252 50 98 0 384 49 39 50 82 197 335 230 345 80 68 0 3 1 2 0 2 5 0 0 0 0 0 1 3 3 2 2 5 0 1 0 0 0 8 3 1 3 4 0 2 0 3 0 0 0 2 5 0 4 0 0 0 0 0 2 0 0 0 0 0 0 0 0 0 0 0 0 0 0 0 0 0 53 52 33 1 0 0 26 52 61 24 0 0 0 23 93 32 0 0 0 0 0 0 0 2 0 0 0 0 0 0 0 0 0 0 0 2 1 1 0 0 0 0 1 0 0 0 0 0 2 7 0 0 0 0 1 0 0 0 0 0 2 0 0 2 0 0 0 0 1 0 0 0 0 2 0 0 0 2 0 18 23 20 0 0 0 0 85 58 21 2 0 0 0 18 52 45 0 0 2 0 0 0 20 0 0 0 0 0 0 1 0 0 0 0 0 0 21 0 0 0 2 0 0 0 0 0 0 0 4 0 0 0 0 0 0 0 0 0 0 0 0 0 0 0 0 0 0 0 0 0 0 0 21 1 0 6 2 0 18 16 0 0 0 0 0 0 0 0 0 0 0 0 0 0 0 0 0 0 0 9 0 0 0 0 9 0 0 0 
 0 2 0 2 0 0 0 99 0 0 0 0 0 0 0 0 0 0 1 0 36 78 355 387 72 46 266 35 384 0 382 71 34 58 94 237 322 196 66 86 0 3 0 2 0 0 0 0 0 0 0 0 1 0 0 2 0 6 0 2 0 0 0 38 3 0 0 1 0 0 0 3 0 0 0 2 0 0 0 0 0 0 6 0 2 0 0 0 0 0 0 0 0 0 0 0 0 0 0 0 0 0 24 42 30 0 0 0 0 42 38 29 0 0 0 0 32 16 0 0 0 0 0 7 0 2 0 0 0 0 0 0 0 0 0 0 0 2 18 0 0 0 0 7 1 0 0 0 0 0 2 4 1 0 0 0 1 0 0 0 0 0 12 0 0 2 0 0 0 0 1 0 0 0 0 0 0 0 0 2 0 0 2 52 0 31 0 0 6 0 52 113 0 0 0 0 18 32 0 0 2 0 0 0 0 0 0 0 0 0 0 2 0 0 0 0 0 0 11 0 0 0 2 0 0 0 0 0 0 0 0 0 0 0 0 0 1 0 0 0 0 0 11 0 0 0 0 0 0 0 0 0 0 0 17 0 2 159 153 6 0 15 0 0 0 0 14 0 0 0 0 0 0 0 0 0 0 0 0 0 0 0 0 0 0 0 0 0 0 0 
 2 0 0 2 1 0 0 0 0 2 0 0 0 0 0 0 2 1 0 74 39 43 54 162 97 69 50 52 49 382 0 306 37 44 59 108 469 599 58 54 0 3 3 4 2 0 2 3 3 0 0 1 4 0 2 211 0 6 0 1 0 2 0 5 3 0 0 2 0 0 3 3 0 0 0 2 0 0 0 0 0 0 0 9 0 0 0 1 0 8 0 12 0 0 0 0 0 2 1 0 0 0 13 13 60 27 9 0 0 22 45 25 0 0 0 0 17 0 0 0 0 0 0 0 0 0 0 0 0 0 0 0 0 0 0 0 0 0 10 10 0 0 20 0 0 0 0 2 1 0 0 0 0 0 0 0 0 0 0 0 0 0 1 0 0 0 0 0 0 0 0 0 0 0 0 0 0 0 0 0 0 0 0 36 60 24 0 0 0 0 37 33 0 0 0 0 0 22 0 0 0 0 0 0 0 0 1 1 13 0 0 0 0 0 2 0 0 1 86 0 0 0 0 0 0 0 0 0 0 0 0 0 0 0 0 0 0 0 0 0 0 0 0 0 0 1 0 0 0 0 2 0 0 0 7 0 1 86 11 0 1 0 0 0 0 0 15 0 0 0 0 0 0 0 0 0 0 0 0 0 0 0 0 0 0 0 0 0 0 0 
 0 2 2 1 1 2 0 0 12 4 0 2 36 0 1 2 2 1 0 0 108 37 28 515 272 63 33 51 39 71 306 0 39 49 47 34 304 76 38 33 6 3 0 2 0 0 0 0 0 6 1 0 0 0 0 2 0 12 0 2 0 0 0 6 1 0 0 0 6 0 1 3 3 49 10 2 0 2 0 0 0 0 0 2 0 0 0 0 0 0 0 5 0 2 0 0 0 0 0 0 0 0 0 0 30 38 0 0 0 18 42 26 0 0 0 0 0 1 0 0 0 20 0 0 0 0 1 0 0 0 0 0 20 0 0 0 0 0 7 39 0 0 0 0 0 0 0 1 0 0 0 0 0 0 0 0 0 0 0 0 0 0 0 0 0 0 0 0 0 0 0 2 0 0 0 0 0 0 0 0 0 0 0 24 58 30 0 0 1 0 21 38 0 1 0 0 0 1 0 0 0 0 0 0 0 0 27 2 0 0 0 0 19 10 1 0 0 0 65 20 0 0 0 0 0 1 0 0 0 0 0 0 0 0 0 14 0 0 0 0 0 0 0 0 0 1 1 0 0 0 0 0 0 0 10 4 2 154 79 0 4 0 0 0 0 0 13 0 0 0 0 0 0 0 0 0 0 0 0 0 0 0 0 0 0 0 0 0 0 0 
 0 0 0 0 0 1 0 0 3 0 0 0 0 0 0 0 0 0 0 2 60 63 54 60 47 32 373 75 50 34 37 39 0 59 94 46 22 37 323 340 0 3 0 2 0 0 0 0 0 2 0 0 1 0 0 2 0 3 0 2 0 0 0 4 3 0 6 0 3 0 0 3 2 0 0 2 0 0 0 0 0 0 0 0 1 0 0 0 0 0 0 0 1 0 0 0 0 0 0 0 27 29 1 1 0 0 32 0 1 0 0 0 10 41 30 0 0 0 14 8 0 14 0 0 0 0 0 0 0 0 0 0 0 0 0 0 0 0 0 0 0 1 0 0 0 7 0 0 1 0 0 0 0 0 0 0 0 0 0 2 2 0 0 1 0 3 0 0 2 0 0 0 24 5 0 0 0 0 0 0 4 23 0 2 0 0 47 21 0 1 0 0 1 19 38 1 16 0 0 20 7 0 0 0 1 0 1 0 0 0 0 0 0 2 0 0 0 0 0 0 1 0 0 4 0 2 0 0 0 14 0 0 0 0 0 0 0 0 0 0 0 0 0 0 0 0 0 0 0 0 0 0 0 0 0 0 0 0 0 0 2 0 0 0 0 0 0 0 0 0 0 0 0 0 0 0 0 0 0 0 0 0 0 0 0 0 0 0 0 0 
 0 2 0 0 0 0 0 0 2 0 3 0 0 0 0 0 0 0 0 73 317 126 119 86 355 40 423 412 82 58 44 49 59 0 358 320 19 43 56 113 1 3 1 2 0 0 0 0 0 3 0 0 2 0 0 63 203 67 70 2 0 0 0 55 3 0 0 0 2 0 0 3 0 0 0 2 0 0 0 0 0 16 0 0 0 0 0 0 0 0 1 0 0 0 0 1 0 0 0 0 40 52 11 13 0 0 24 54 22 3 0 0 0 17 41 19 7 12 0 6 0 2 0 0 0 0 0 0 2 0 0 0 0 2 0 0 0 0 0 0 0 8 0 0 0 0 0 0 7 0 0 0 3 0 0 0 0 0 2 5 0 0 1 3 0 0 0 0 0 0 0 0 0 0 0 2 0 0 13 0 17 43 26 0 0 0 26 46 15 0 0 0 0 28 3 27 26 14 2 0 0 0 2 0 0 0 0 0 0 0 0 0 2 0 0 0 0 0 0 0 0 0 0 0 0 0 2 0 1 0 0 0 2 0 2 0 0 0 15 0 0 0 0 0 0 0 0 0 0 0 0 0 0 0 12 2 1 0 0 1 2 0 0 0 0 0 0 0 0 0 0 0 0 0 0 0 2 0 0 0 7 15 0 0 0 0 0 0 0 6 
 2 0 0 0 2 0 2 1 2 2 0 0 2 0 0 0 0 0 0 0 258 254 330 51 64 72 45 331 197 94 59 47 94 358 0 190 153 40 81 97 0 3 3 4 0 0 0 3 6 0 6 9 0 0 0 2 0 5 62 4 2 0 0 8 2 0 0 0 58 3 0 6 0 0 0 5 3 2 0 0 0 0 0 0 0 0 0 0 0 0 0 0 0 0 0 0 0 0 0 0 5 9 20 27 0 0 0 27 51 16 1 20 0 18 16 37 36 34 0 0 0 0 0 0 0 0 0 0 0 0 0 0 0 0 0 14 0 0 0 0 0 33 0 0 0 0 0 0 6 0 0 4 0 0 0 0 7 0 0 2 0 0 1 4 0 0 0 0 0 0 0 0 0 0 0 0 0 0 0 0 19 81 82 0 0 0 0 14 36 26 17 0 0 56 0 20 22 26 0 0 0 0 0 0 0 0 0 0 0 0 0 0 0 0 0 0 0 0 0 0 0 0 0 0 1 0 0 0 0 0 0 0 15 0 0 0 0 0 2 0 0 0 0 0 0 0 0 0 0 0 0 0 0 0 10 0 1 0 0 3 15 8 0 0 0 0 0 0 0 0 0 0 0 0 0 0 0 0 0 0 0 19 0 0 0 0 7 0 0 0 
 111 0 0 0 0 85 2 0 1 0 3 1 0 0 0 5 0 0 0 0 57 334 333 42 86 121 32 197 335 237 108 34 46 320 190 0 291 187 56 60 0 3 2 2 0 0 0 63 0 0 61 0 207 0 0 2 0 7 1 1 0 0 0 7 3 0 0 0 0 0 0 3 0 0 1 2 13 0 0 0 2 0 0 0 0 1 0 0 0 0 6 0 0 0 0 0 0 0 0 0 0 0 45 20 0 0 0 0 35 83 24 40 0 0 17 26 55 53 0 0 0 0 0 0 0 0 0 0 0 0 0 0 0 0 0 0 0 0 0 0 1 0 0 0 0 0 0 1 0 0 0 8 0 0 0 0 0 0 0 0 0 0 0 4 0 0 0 0 0 0 0 0 0 0 1 0 0 0 0 12 15 15 32 8 0 0 0 8 49 27 27 0 0 0 0 12 49 44 27 0 0 0 0 0 0 0 0 0 0 0 0 0 0 0 0 0 0 0 2 0 0 0 0 0 0 0 0 0 0 0 0 0 0 2 0 2 0 0 0 0 0 0 22 0 0 0 0 0 0 0 0 2 0 0 2 0 4 4 0 0 17 13 0 0 0 12 0 0 0 1 0 0 0 0 0 0 0 0 0 0 0 11 0 0 0 0 14 0 0 0 
 0 0 0 1 73 0 0 0 2 0 0 0 0 0 0 0 1 0 0 0 24 177 234 432 70 66 318 64 230 322 469 304 22 19 153 291 0 250 24 25 0 5 0 2 0 0 3 0 0 0 0 0 2 0 0 3 0 3 0 2 0 0 0 5 3 0 0 0 0 0 0 2 0 0 0 2 1 2 2 0 0 0 0 0 0 0 0 0 0 0 0 0 0 0 0 0 0 0 0 0 0 1 29 44 60 0 0 2 24 61 32 30 0 0 0 1 66 10 0 0 0 0 0 0 0 0 0 0 0 0 0 0 0 0 0 0 0 0 13 1 0 1 0 0 0 0 0 0 0 0 0 3 0 0 0 0 0 0 0 1 0 0 8 0 0 0 0 0 0 0 0 0 0 0 0 0 0 0 0 0 2 27 16 22 0 1 0 0 8 19 33 36 0 0 0 56 39 25 0 0 0 0 0 0 0 0 0 0 0 0 0 0 0 0 0 0 0 0 0 0 0 0 0 0 0 0 0 0 0 0 0 0 0 0 0 0 0 0 0 0 0 0 14 0 0 0 0 0 0 0 0 0 0 0 11 0 2 75 78 0 17 67 0 0 0 0 11 0 0 0 0 0 0 0 0 0 0 0 0 0 0 0 0 0 0 0 2 0 0 0 
 4 2 4 4 2 2 2 4 3 4 2 152 2 2 2 2 2 5 2 2 30 253 385 603 266 68 38 45 345 196 599 76 37 43 40 187 250 0 51 20 0 3 0 2 0 0 0 0 0 0 0 0 0 0 0 2 0 4 0 2 0 0 0 6 1 0 0 0 0 0 0 3 0 0 0 55 0 1 0 0 0 0 0 0 0 0 0 1 0 0 0 0 0 0 0 0 0 0 0 21 0 0 10 30 38 16 0 0 0 60 52 26 0 0 0 0 19 27 0 1 0 0 0 0 0 0 0 0 0 0 0 1 0 0 0 0 0 0 17 21 0 0 0 0 0 0 0 0 2 0 0 2 0 0 0 0 0 13 0 0 0 0 2 0 0 0 0 0 0 0 0 0 0 0 0 0 0 0 0 0 0 0 0 74 9 1 0 0 23 0 75 63 1 0 0 0 15 19 0 0 0 0 0 0 0 0 0 0 0 0 0 0 0 0 0 1 0 1 15 0 0 2 0 0 0 0 0 0 0 0 0 1 0 0 0 0 0 0 0 0 0 0 12 0 0 0 0 0 0 0 0 0 0 1 4 0 0 146 149 3 6 13 0 0 0 0 13 0 0 0 0 0 0 0 0 0 0 1 0 0 0 0 0 25 0 0 0 0 0 0 
 1 0 0 1 8 315 0 0 2 0 0 0 0 3 0 0 0 0 0 0 269 250 36 59 33 77 53 64 80 66 58 38 323 56 81 56 24 51 0 381 0 3 0 2 0 0 0 8 0 0 0 3 1 0 0 2 0 20 0 1 0 0 0 3 3 0 35 2 30 0 0 3 0 0 0 4 0 0 0 0 0 0 0 0 21 11 0 7 11 0 0 0 0 0 0 0 0 0 0 0 17 2 0 0 0 0 34 8 0 0 0 0 23 66 12 19 0 0 59 104 0 0 0 0 0 0 9 0 0 0 0 21 0 0 0 0 10 0 0 0 0 0 0 0 0 13 0 0 0 0 0 0 0 0 0 0 0 0 0 2 0 0 0 0 0 3 0 0 24 0 0 0 0 5 17 0 0 0 0 0 20 4 0 0 0 0 45 4 14 0 0 0 9 16 46 1 2 0 19 68 0 0 0 0 0 0 0 0 0 0 0 0 0 0 0 0 0 2 0 0 0 24 0 0 0 0 0 0 0 0 0 2 0 0 0 0 0 0 0 0 0 0 0 0 0 0 0 0 0 0 0 0 0 0 2 0 1 0 0 1 2 0 0 0 0 0 0 0 0 0 0 0 0 0 0 0 0 1 0 0 0 0 0 0 0 0 0 0 0 0 
 0 0 0 0 0 2 0 0 0 0 3 0 0 0 0 1 0 0 0 0 65 53 83 74 83 219 367 69 68 86 54 33 340 113 97 60 25 20 381 0 3 5 0 2 0 0 0 2 0 0 0 2 0 0 0 2 0 65 0 2 0 0 0 3 1 0 5 0 3 0 0 3 0 0 66 2 0 1 0 2 0 0 0 0 0 0 0 0 0 0 0 0 0 0 0 0 0 0 0 0 34 45 1 0 0 0 38 13 1 0 0 0 18 42 56 0 0 0 22 23 0 0 0 2 0 0 0 0 0 0 0 0 0 0 0 0 0 0 0 0 0 1 0 0 0 2 0 0 0 0 0 0 0 0 0 0 0 0 0 3 0 0 0 4 0 3 0 3 2 0 0 0 0 5 0 0 0 0 0 0 5 11 0 0 0 0 66 35 0 0 8 0 6 29 38 13 27 0 0 11 0 0 0 0 0 0 0 0 0 0 0 0 0 0 0 0 0 0 0 0 0 0 0 0 0 0 0 0 0 0 0 0 0 0 0 0 0 0 0 0 0 0 0 0 0 0 0 0 0 0 0 1 0 0 13 2 0 0 0 3 6 2 63 0 0 0 0 0 0 20 0 0 0 0 0 0 0 0 0 0 0 0 0 0 0 0 0 0 0 0 
 0 0 0 0 0 0 0 0 0 0 0 0 0 0 0 0 0 0 0 0 0 0 0 0 0 0 0 0 0 0 0 6 0 1 0 0 0 0 0 3 0 103 308 59 39 35 271 253 53 354 29 20 84 96 200 38 251 31 242 51 0 0 0 2 2 0 0 0 0 0 0 0 0 0 2 0 2 0 2 0 0 0 0 0 0 0 0 0 0 0 0 0 26 0 0 0 0 0 0 0 0 0 0 0 0 0 0 0 0 0 0 0 0 0 0 0 12 0 0 0 6 17 21 16 0 0 4 29 45 10 0 0 0 4 76 18 69 0 0 0 0 0 0 0 0 0 0 0 0 15 0 0 5 3 11 0 0 0 0 0 0 0 0 0 0 0 0 0 0 0 0 0 0 0 14 0 0 1 0 0 0 0 0 6 0 0 0 0 0 0 0 0 0 0 0 0 0 0 0 0 37 31 10 9 0 0 1 16 18 22 1 0 0 10 34 27 24 26 0 11 0 0 16 0 0 0 0 0 0 0 0 0 0 0 0 0 0 0 0 0 0 0 0 0 0 0 1 0 0 0 0 12 0 0 0 0 0 0 0 2 0 0 0 2 1 24 1 0 0 0 0 0 0 0 0 0 0 0 0 0 0 0 0 0 11 0 0 0 0 0 
 0 0 0 0 0 0 0 0 0 0 0 0 0 0 0 0 0 0 0 0 3 3 3 3 3 3 3 3 3 3 3 3 3 3 3 3 5 3 3 5 103 0 305 63 37 39 79 367 247 41 46 42 485 37 186 438 167 249 46 47 0 0 53 0 0 0 0 0 0 0 0 0 0 0 0 0 0 0 0 0 0 0 12 0 0 0 0 0 0 0 0 0 0 0 0 0 6 0 0 0 0 0 0 0 0 0 0 0 0 0 0 0 0 0 0 0 0 0 0 0 12 27 15 38 0 0 0 10 7 37 20 0 0 1 11 12 20 21 0 0 0 0 4 0 0 0 0 0 0 0 0 0 0 0 0 0 0 0 0 0 0 0 0 0 0 0 0 0 0 0 0 0 0 0 0 0 0 2 8 0 0 0 0 0 0 0 0 0 0 0 0 0 0 0 0 0 0 0 0 0 0 15 43 27 2 0 0 22 11 18 22 0 0 0 13 24 18 28 0 0 0 0 0 0 0 0 0 0 0 0 0 0 0 0 0 0 0 0 0 0 0 0 10 0 0 0 1 0 0 0 0 1 0 2 0 0 0 0 0 13 0 0 0 1 0 10 2 0 1 0 0 0 0 0 0 0 0 0 0 0 0 0 0 0 20 0 0 0 0 0 
 3 3 3 2 3 3 3 3 6 3 5 3 3 6 3 3 3 3 66 3 0 0 0 0 0 0 0 1 1 0 3 0 0 1 3 2 0 0 0 0 308 305 0 149 280 259 58 136 227 533 30 31 275 71 84 214 242 307 31 42 4 2 0 0 0 0 0 6 0 0 0 0 0 0 0 0 0 0 6 4 0 0 0 0 0 0 0 0 0 0 0 0 0 0 0 0 0 0 0 0 10 0 0 0 0 0 0 0 0 0 0 12 0 0 0 0 0 0 0 0 0 12 17 17 1 3 0 1 4 22 31 13 0 0 0 30 3 55 0 0 0 0 17 0 0 0 0 0 0 0 0 0 3 0 0 0 0 0 1 0 0 0 0 0 0 0 0 14 0 0 0 0 0 0 0 0 0 6 15 0 0 0 0 0 0 0 0 0 0 0 0 0 0 0 0 0 0 0 0 1 0 10 36 27 6 0 0 3 25 22 16 13 0 0 2 6 10 13 0 0 0 0 0 0 19 0 0 0 0 0 0 0 0 2 19 0 0 0 0 3 0 0 7 0 0 0 0 0 0 0 0 3 0 0 0 0 0 0 0 10 0 0 1 1 0 2 0 1 2 0 11 0 0 0 0 0 0 0 0 0 0 0 2 0 3 26 0 0 0 0 
 3 3 3 3 3 3 58 3 3 3 5 3 7 3 3 3 3 4 64 8 2 2 2 4 7 6 2 2 2 2 4 2 2 2 4 2 2 2 2 2 59 63 149 0 325 36 103 68 96 361 83 478 80 54 177 50 137 299 50 524 0 0 0 0 0 5 1 0 0 0 0 0 0 0 0 0 0 0 0 0 0 0 0 0 0 0 0 0 0 0 0 0 0 0 0 0 0 0 0 0 0 0 0 0 17 3 0 0 0 0 0 16 0 0 0 0 0 0 0 0 0 0 0 17 27 14 0 0 0 9 11 38 0 0 6 9 0 7 2 0 0 0 0 0 3 0 0 5 0 0 0 0 27 0 0 0 0 0 13 7 0 0 0 0 0 0 0 0 0 0 0 2 0 0 0 0 0 0 0 0 0 0 0 2 3 7 0 0 0 0 4 2 0 0 0 0 0 0 0 0 6 0 1 0 49 30 7 0 0 10 19 10 0 0 0 0 0 0 0 0 1 0 0 0 0 0 1 0 0 0 0 0 0 0 13 0 0 0 19 9 0 0 1 0 0 0 0 0 0 0 0 7 1 0 0 0 0 0 2 12 0 0 37 39 0 5 6 33 1 0 19 0 0 0 0 0 0 0 0 0 0 0 0 0 0 27 0 0 0 0 
 0 0 0 2 0 0 0 0 1 0 1 0 0 0 0 0 0 0 0 0 0 0 0 0 0 0 0 0 0 0 2 0 0 0 0 0 0 0 0 0 39 37 280 325 0 285 53 65 310 108 103 270 491 61 77 73 44 32 62 66 7 7 2 0 0 3 15 8 0 0 0 54 1 9 12 0 1 0 0 0 0 0 0 0 0 0 0 0 0 0 0 0 0 0 0 0 0 0 0 0 0 0 0 0 0 0 0 0 0 0 0 0 0 0 0 0 0 0 0 0 0 0 0 3 21 27 0 0 0 0 12 0 0 0 0 0 0 0 0 0 0 4 4 0 5 0 6 6 10 1 8 1 14 0 6 5 9 8 36 18 0 0 0 0 0 0 0 0 0 0 0 0 0 0 0 0 0 0 0 0 0 0 0 0 0 0 0 0 0 0 0 0 0 0 0 0 0 0 0 0 0 0 0 0 31 22 0 0 0 0 0 0 0 0 0 0 0 0 0 0 31 1 53 0 0 0 29 0 5 1 2 7 21 11 4 0 10 4 46 20 0 0 0 0 0 0 0 0 0 0 0 5 0 0 0 0 0 0 0 1 0 0 1 3 0 5 3 1 2 0 9 0 0 0 0 0 0 0 0 0 0 0 0 0 0 0 0 0 0 0 
 0 0 0 2 0 0 0 0 1 3 0 0 0 0 0 0 0 0 0 62 1 1 0 0 0 6 0 0 2 0 0 0 0 0 0 0 0 0 0 0 35 39 259 36 285 0 19 450 55 272 69 54 112 147 42 90 75 53 37 54 1 0 0 0 0 1 0 0 0 0 4 2 1 212 0 0 0 0 102 0 0 0 0 0 0 0 0 0 0 0 0 0 0 0 0 0 0 0 12 0 0 0 0 21 0 0 0 0 0 0 0 0 0 0 0 0 0 0 0 0 0 0 0 0 18 29 0 0 0 0 0 1 0 0 0 0 0 0 0 0 1 0 1 0 1 0 22 24 0 0 0 0 14 0 2 1 0 0 14 3 0 0 0 0 0 0 0 0 0 0 0 0 0 0 0 0 0 0 0 0 0 0 0 0 0 0 0 0 0 0 0 0 0 0 0 0 0 0 0 0 0 0 0 0 0 14 9 0 0 0 1 0 0 0 0 0 0 0 0 0 32 1 0 0 0 0 25 15 9 0 0 0 24 9 1 0 0 0 18 14 0 0 0 0 0 0 0 0 0 0 0 3 0 1 0 0 0 0 0 0 0 0 0 0 1 7 5 1 1 0 0 0 0 0 0 0 0 0 0 0 0 0 0 0 0 0 0 0 0 0 
 0 0 0 0 0 0 0 0 2 0 2 0 0 0 0 0 0 0 0 0 0 0 0 0 62 1 0 0 5 0 2 0 0 0 0 0 3 0 0 0 271 79 58 103 53 19 0 104 44 58 36 41 314 645 48 32 26 38 44 387 0 0 0 0 5 2 0 0 0 0 0 0 0 0 0 0 0 0 6 0 0 0 0 0 0 0 0 5 0 0 0 0 0 0 0 0 0 0 0 0 0 0 0 0 0 0 0 0 0 0 0 0 0 0 0 0 0 0 0 0 10 31 13 10 5 8 9 21 33 0 0 0 0 47 59 11 2 0 0 0 0 0 0 0 0 0 7 0 0 6 0 0 7 0 0 0 0 0 9 11 0 0 0 0 7 7 0 1 0 0 0 0 0 0 16 1 0 1 0 0 0 0 0 0 0 0 0 0 0 0 0 0 0 0 8 0 0 0 0 0 37 27 0 2 16 29 0 27 21 0 0 8 13 28 32 7 9 2 0 0 23 0 19 0 0 0 13 0 0 0 0 0 7 7 0 0 17 0 7 1 0 0 0 0 0 0 0 0 0 0 0 7 0 0 0 0 0 0 0 1 0 0 0 0 0 2 4 0 0 0 0 0 0 0 0 0 0 0 0 0 0 0 0 0 0 0 0 0 0 0 
 3 3 3 5 72 8 3 3 6 3 3 3 3 3 3 3 3 3 3 6 0 0 0 0 0 0 0 0 0 0 3 0 0 0 3 63 0 0 8 2 253 367 136 68 65 450 104 0 81 63 31 55 125 263 96 102 47 37 56 55 0 0 0 0 0 1 70 0 4 0 0 0 0 0 0 0 0 0 0 0 0 0 0 0 0 8 0 0 0 0 0 0 0 0 0 0 0 0 0 0 0 0 0 0 0 0 2 0 0 0 0 0 6 0 0 0 0 0 6 5 10 15 31 19 0 0 0 12 19 20 34 0 0 28 22 14 21 9 0 0 0 0 2 0 0 0 0 10 0 4 0 0 0 0 0 0 0 0 1 0 0 0 0 0 0 5 0 0 0 0 0 0 0 0 0 0 0 0 4 0 33 0 0 0 0 0 0 0 0 0 0 0 9 1 6 0 0 0 7 7 1 30 19 2 0 0 0 52 41 18 0 0 0 0 8 13 9 73 0 29 0 0 1 0 0 0 11 0 0 0 0 0 0 0 0 0 0 0 0 0 0 0 1 0 0 0 0 0 0 0 0 4 0 1 0 0 0 0 0 11 0 0 1 0 0 7 0 0 2 0 0 0 0 0 0 0 0 0 0 0 0 3 0 0 12 0 0 0 0 0 
 3 3 3 4 3 3 3 3 6 3 7 3 3 3 4 3 3 3 3 3 0 0 0 0 0 0 0 0 0 0 3 0 0 0 6 0 0 0 0 0 53 247 227 96 310 55 44 81 0 567 48 117 311 64 107 177 396 393 59 290 2 2 0 0 0 1 0 1 0 2 1 2 51 2 15 0 0 2 0 0 0 0 0 0 0 0 0 0 0 0 0 0 20 0 0 0 0 0 0 0 0 0 0 0 0 0 17 0 0 0 0 0 0 0 0 0 0 0 0 0 0 15 16 12 0 0 0 0 0 24 42 36 0 0 0 12 0 52 0 0 0 0 7 0 0 0 0 0 0 0 0 45 0 0 0 0 0 0 0 0 0 0 0 0 0 0 0 0 0 0 0 0 0 0 0 0 0 4 9 0 0 0 0 0 0 0 0 0 0 0 0 0 0 0 0 0 0 0 0 0 0 13 47 6 1 0 0 0 0 44 40 14 0 7 0 0 13 14 0 0 0 0 0 1 0 0 0 0 0 0 0 0 0 0 0 0 0 12 1 0 0 0 24 0 0 0 0 0 0 0 0 2 0 0 0 0 1 0 0 9 0 0 2 1 0 3 0 1 1 0 11 0 0 8 0 0 0 0 0 0 0 0 0 0 0 65 0 0 0 0 
 0 0 0 3 0 0 0 0 2 0 0 0 0 0 0 0 0 0 0 0 0 0 0 0 0 0 0 0 0 0 0 6 2 3 0 0 0 0 0 0 354 41 533 361 108 272 58 63 567 0 392 60 493 46 107 316 448 166 268 78 2 2 0 0 0 3 0 0 2 210 0 3 2 208 0 0 0 0 6 0 0 0 0 0 0 0 0 0 0 0 0 0 0 7 0 0 0 0 0 0 0 0 0 0 0 0 0 0 0 0 0 1 0 0 0 0 0 0 0 0 0 0 0 16 15 14 0 0 0 10 21 37 0 0 0 12 0 58 0 7 0 0 37 0 0 0 0 9 0 0 0 11 6 0 0 0 0 0 0 0 0 0 0 0 0 0 0 0 0 0 0 0 0 0 0 0 0 3 4 0 0 0 0 0 9 0 0 2 0 0 0 0 0 0 0 0 0 0 0 0 0 0 32 21 23 16 0 0 0 12 37 5 0 0 0 0 0 0 0 0 0 0 0 0 0 0 0 0 0 0 0 0 0 0 10 0 0 0 0 0 0 0 21 0 0 0 0 0 2 0 0 2 0 0 0 0 0 0 0 16 2 0 67 63 2 5 0 67 0 0 14 0 0 0 2 0 0 0 0 0 0 0 0 0 0 26 0 0 0 5 
 0 0 0 0 0 0 0 0 0 0 2 0 0 3 0 0 0 26 0 0 0 0 0 0 0 0 0 0 0 0 0 1 0 0 6 61 0 0 0 0 29 46 30 83 103 69 36 31 48 392 0 231 38 26 76 82 162 301 27 84 9 0 0 0 0 39 6 5 0 2 0 0 0 8 3 0 1 0 0 66 0 0 0 0 0 0 0 0 0 0 7 0 0 0 0 0 0 0 0 0 0 0 0 0 0 0 0 0 0 0 0 0 0 0 0 0 0 0 0 0 0 0 0 24 14 8 0 0 0 25 15 57 0 0 0 0 0 1 0 0 0 4 0 15 2 0 0 9 3 1 1 0 8 0 4 5 7 20 10 15 0 0 0 0 0 0 0 0 0 0 0 0 0 0 0 0 0 0 0 0 0 0 0 0 0 0 0 0 0 0 0 0 0 0 0 0 0 0 0 0 17 0 4 3 45 23 0 1 0 10 26 11 0 0 0 0 0 0 0 0 0 4 1 0 0 0 0 0 5 0 0 1 1 7 23 9 6 0 22 14 0 0 0 0 0 0 0 0 0 0 0 12 0 0 0 0 0 0 0 11 0 0 30 30 0 0 2 67 0 7 14 0 0 0 0 0 0 0 0 0 0 0 0 0 0 28 0 0 0 0 
 3 2 5 8 13 20 2 2 1 2 2 8 4 2 67 2 3 2 3 2 0 0 0 0 0 0 0 0 0 0 1 0 0 0 9 0 0 0 3 2 20 42 31 478 270 54 41 55 117 60 231 0 40 35 46 44 70 73 39 257 21 0 0 0 0 6 0 0 0 0 0 2 0 0 49 0 0 0 0 0 0 0 0 0 0 11 0 0 0 16 2 0 0 0 0 0 0 0 0 0 0 0 0 0 0 0 0 0 0 0 0 0 3 0 0 0 0 0 3 2 0 0 0 10 45 27 0 0 0 1 1 17 0 0 0 0 0 1 0 0 0 0 0 0 3 0 12 6 0 0 0 49 23 0 9 0 0 0 56 4 0 0 0 0 0 10 9 0 0 0 0 0 0 0 0 0 0 0 0 0 8 0 0 0 0 0 0 0 0 0 0 0 4 0 1 0 0 0 8 12 0 0 0 0 53 34 0 0 0 0 8 0 0 9 0 0 0 0 0 0 21 0 0 0 0 0 18 0 0 0 0 0 39 10 31 0 0 0 41 27 0 0 0 0 0 0 0 0 0 0 0 4 0 1 0 0 0 0 0 0 0 11 67 66 1 6 0 65 2 0 0 0 0 0 0 0 0 0 0 0 0 0 0 0 0 0 0 0 0 0 
 0 0 0 0 0 0 0 0 3 0 0 0 0 0 64 0 0 0 3 0 1 0 1 1 1 19 0 0 1 1 4 0 1 2 0 207 2 0 1 0 84 485 275 80 491 112 314 125 311 493 38 40 0 85 66 45 36 37 286 81 0 0 0 0 7 0 2 0 0 0 0 0 0 73 0 0 0 0 0 0 0 0 0 0 0 0 0 0 0 0 0 0 0 0 0 0 0 0 0 0 0 0 0 5 0 0 0 0 0 0 0 0 0 0 0 0 0 0 0 0 32 17 11 0 0 0 68 21 12 1 0 0 0 65 7 0 0 0 9 0 0 0 0 0 0 0 0 0 10 1 0 0 0 0 0 0 0 0 0 0 0 0 0 0 0 0 0 0 0 0 0 0 0 0 6 0 0 0 0 0 0 0 0 0 0 7 0 0 0 0 0 0 0 0 0 0 0 0 0 0 33 0 0 0 0 0 10 18 0 0 0 0 7 13 18 6 28 0 0 12 6 0 15 0 0 6 0 0 0 0 0 0 0 0 0 0 0 0 0 0 0 0 0 0 0 0 0 0 0 0 0 8 0 0 0 0 0 0 0 2 0 0 1 0 2 0 0 0 0 0 0 0 0 0 0 0 0 0 0 0 0 0 0 0 0 0 0 0 0 2 
 0 0 0 0 0 0 0 0 0 33 3 0 0 0 0 0 0 0 0 0 2 0 0 0 0 0 0 0 3 0 0 0 0 0 0 0 0 0 0 0 96 37 71 54 61 147 645 263 64 46 26 35 85 0 291 34 43 43 72 81 5 0 0 0 0 0 6 1 0 0 0 0 1 4 1 0 1 38 0 1 0 0 0 0 0 0 0 0 0 0 0 0 0 0 0 0 0 0 3 0 0 0 0 0 0 0 0 0 0 0 0 0 0 0 0 0 0 0 0 0 2 19 35 15 1 0 2 21 30 9 0 0 0 5 36 25 18 0 2 0 0 5 0 0 0 0 0 1 1 9 0 0 0 2 5 4 8 6 0 0 0 2 0 0 0 0 0 0 0 0 0 0 0 0 4 0 0 1 0 0 0 0 0 0 0 0 0 0 0 0 0 0 0 0 0 0 0 0 0 0 38 18 12 28 0 0 0 19 19 9 1 0 0 8 40 50 18 20 0 0 0 2 11 0 0 0 0 0 5 0 0 0 0 0 7 12 6 0 0 0 0 0 0 0 0 0 0 0 0 0 0 17 0 0 0 0 0 0 0 0 0 0 0 0 0 24 0 0 0 0 0 0 0 0 0 0 0 0 0 0 0 0 0 0 19 0 0 0 0 0 
 0 0 0 0 0 0 0 0 3 3 2 0 0 2 0 0 0 0 0 0 1 0 0 0 0 0 0 0 3 0 2 0 0 0 0 0 0 0 0 0 200 186 84 177 77 42 48 96 107 107 76 46 66 291 0 111 95 23 43 119 10 11 0 0 0 0 1 3 0 0 0 0 0 10 6 11 0 0 0 1 0 0 0 0 0 0 0 0 0 0 0 0 0 0 0 0 0 0 0 0 0 0 0 0 0 0 0 0 0 0 0 0 0 0 1 0 0 0 0 0 13 12 9 23 0 0 0 15 37 19 9 0 0 18 26 48 33 4 0 0 0 0 0 0 0 0 0 0 0 0 0 0 0 0 0 0 0 0 0 0 0 0 0 0 0 0 0 0 0 0 0 0 0 0 0 0 0 0 16 0 0 0 0 9 0 0 0 0 0 0 0 0 0 0 0 0 0 0 0 0 0 37 13 20 0 0 0 21 22 7 0 0 0 0 24 12 11 31 0 0 0 0 0 0 0 0 0 0 0 0 0 0 0 0 0 0 0 0 0 0 0 0 1 0 0 0 0 0 0 0 0 11 0 0 2 0 0 0 1 10 0 0 0 0 1 6 2 0 0 0 0 0 0 0 0 0 0 0 0 0 0 0 0 0 0 0 0 0 0 4 
 0 3 0 2 0 0 0 0 0 0 2 0 2 3 0 3 0 0 73 0 2 2 2 2 74 2 2 2 2 2 211 2 2 63 2 2 3 2 2 2 38 438 214 50 73 90 32 102 177 316 82 44 45 34 111 0 258 231 58 58 0 2 0 0 0 0 0 0 0 0 0 0 0 6 0 0 0 0 0 0 0 0 0 0 0 0 0 0 0 0 0 0 0 0 0 0 0 0 0 0 13 0 0 0 0 0 0 0 0 0 0 0 0 0 0 0 0 0 0 0 0 12 8 17 17 0 0 0 6 11 15 0 0 0 0 15 0 51 0 0 0 0 4 0 0 0 14 0 0 0 0 0 1 0 0 0 0 0 0 0 0 0 0 0 0 0 0 0 0 0 0 0 0 9 0 0 0 7 20 0 0 0 0 0 0 0 0 0 0 0 0 0 0 0 0 0 0 0 0 0 0 10 33 14 6 0 0 0 6 44 32 10 0 0 0 11 33 50 0 0 0 17 0 0 0 0 0 0 0 0 0 0 0 0 0 0 0 0 0 0 0 0 22 0 0 0 0 0 0 0 0 8 0 0 0 0 0 0 0 9 0 0 2 3 0 2 1 1 0 0 0 0 0 0 0 0 0 0 0 0 0 0 0 0 11 58 0 0 0 0 
 0 0 0 0 0 0 0 0 0 77 0 0 0 0 0 51 0 0 0 2 0 0 0 0 0 0 0 0 2 0 0 0 0 203 0 0 0 0 0 0 251 167 242 137 44 75 26 47 396 448 162 70 36 43 95 258 0 203 29 478 1 0 0 0 0 3 6 0 0 0 0 0 7 1 0 0 0 0 6 5 0 0 0 0 0 0 0 0 0 0 0 0 0 0 0 0 0 0 0 0 0 0 0 0 0 0 0 8 7 0 0 0 0 0 0 0 0 0 0 0 0 10 10 12 2 8 0 1 0 20 34 19 0 0 0 19 1 99 0 0 6 0 1 0 0 0 0 9 0 0 0 0 4 6 3 1 0 0 7 0 0 0 0 0 0 0 0 0 0 10 0 0 0 0 0 0 0 9 9 20 0 0 0 0 0 0 0 0 0 0 0 0 0 0 0 0 5 0 0 0 0 11 15 14 12 0 0 0 0 17 32 10 0 0 0 1 11 15 11 0 0 3 0 0 0 0 0 4 1 0 1 0 0 0 21 7 0 0 0 0 0 0 13 0 0 0 0 1 0 0 0 12 0 0 0 0 0 0 0 9 0 0 1 0 0 2 0 64 0 0 10 0 0 0 0 0 0 0 0 0 0 0 0 0 0 7 0 0 0 0 
 0 0 0 0 0 68 0 0 0 65 0 0 0 0 0 0 0 0 0 0 5 5 5 5 5 4 68 5 5 6 6 12 3 67 5 7 3 4 20 65 31 249 307 299 32 53 38 37 393 166 301 73 37 43 23 231 203 0 44 30 0 0 0 24 0 3 1 0 0 0 0 0 3 0 50 0 0 0 6 3 0 0 0 0 0 10 0 0 0 0 0 0 0 0 0 0 0 0 0 0 0 8 0 0 0 0 12 0 0 0 0 0 6 0 0 0 0 0 7 15 0 0 1 12 12 16 0 0 0 10 19 52 0 0 0 13 0 22 0 0 0 0 33 0 0 0 0 5 0 0 0 13 7 0 0 0 0 0 1 10 0 0 0 0 0 0 0 0 0 0 14 0 0 0 0 0 0 1 1 0 10 12 0 0 0 0 6 0 0 0 0 0 1 18 13 4 4 0 0 0 0 1 23 19 10 12 12 0 0 7 26 15 0 1 0 1 1 0 0 0 0 0 0 0 0 0 0 0 0 0 0 0 0 0 15 0 0 0 1 0 0 0 13 0 0 0 0 0 0 0 0 4 0 0 0 0 0 0 2 13 0 0 63 62 0 7 0 64 0 0 15 0 0 0 0 0 0 0 0 0 0 0 0 0 0 16 0 0 0 0 
 0 0 0 0 0 0 0 0 0 0 1 0 0 0 0 0 0 0 0 0 0 0 0 0 1 190 0 0 0 0 0 0 0 70 62 1 0 0 0 0 242 46 31 50 62 37 44 56 59 268 27 39 286 72 43 58 29 44 0 315 0 0 0 0 5 0 0 0 0 0 26 0 0 0 2 0 0 0 0 0 0 19 0 0 0 0 0 0 0 0 0 0 0 0 0 0 0 0 0 38 0 9 0 0 0 0 0 0 0 0 0 0 0 0 0 0 0 0 0 0 20 7 10 0 0 0 46 9 8 0 2 0 36 29 1 19 1 3 6 0 0 0 0 0 0 0 0 0 0 0 7 0 0 0 0 0 0 0 0 0 0 0 0 0 0 0 0 0 0 0 0 0 0 0 0 0 0 10 0 0 0 0 36 0 0 1 0 0 0 0 0 0 0 0 0 0 16 0 0 0 5 3 0 6 0 0 22 10 11 0 5 0 29 22 14 12 16 0 0 48 0 0 0 0 0 0 0 0 0 0 0 0 0 0 0 0 0 0 0 0 0 0 0 0 0 0 0 0 0 0 0 3 0 0 0 0 0 0 0 0 0 0 0 0 2 1 0 0 0 0 0 0 0 0 0 0 0 0 0 0 0 0 0 0 4 0 0 0 2 0 
 2 2 2 0 0 2 0 1 2 2 2 2 8 2 1 0 0 2 6 14 2 2 1 1 1 6 0 1 1 2 1 2 2 2 4 1 2 2 1 2 51 47 42 524 66 54 387 55 290 78 84 257 81 81 119 58 478 30 315 0 49 0 0 0 402 0 0 5 0 0 0 0 0 0 0 0 0 0 0 0 0 0 0 0 0 0 10 2 0 0 0 0 18 1 0 0 0 0 0 6 0 0 0 0 0 0 0 0 0 0 0 0 0 0 0 0 0 0 0 0 0 7 9 0 0 1 24 10 0 9 0 0 0 32 30 0 0 0 11 0 0 0 0 0 0 0 0 0 0 10 0 0 0 0 0 0 0 0 0 0 2 2 0 0 10 0 2 0 0 0 0 1 18 0 6 0 0 6 0 7 15 0 0 0 0 0 0 0 0 0 0 0 0 0 12 0 0 0 0 0 29 0 0 0 0 0 0 19 0 0 0 0 12 14 10 6 7 0 0 5 0 0 14 0 0 0 0 0 0 0 0 0 0 9 0 0 0 0 0 0 0 0 0 0 0 0 0 0 0 0 0 7 0 0 0 0 0 1 0 0 0 0 5 0 0 0 1 0 1 0 0 0 0 0 0 13 0 0 0 0 0 0 0 0 0 0 0 0 1 0 
 2 3 2 3 3 3 3 3 3 4 3 1 1 3 47 3 6 3 1 3 0 0 0 0 0 0 0 0 0 0 0 0 0 0 2 0 0 0 0 0 0 0 4 0 7 1 0 0 2 2 9 21 0 5 10 0 1 0 0 49 0 189 73 52 35 30 280 477 40 253 24 26 71 107 224 64 265 50 67 57 0 0 0 0 9 0 0 0 0 0 0 0 0 0 0 0 0 0 0 0 0 0 0 0 0 0 0 0 0 0 0 0 0 0 0 11 0 0 0 0 0 0 0 0 0 0 0 0 0 0 0 0 0 0 0 0 0 20 0 0 1 31 3 0 1 4 0 5 23 10 8 0 0 11 23 5 8 18 0 1 0 0 0 0 0 0 0 3 1 0 0 2 0 0 0 0 0 0 0 0 0 0 0 0 0 0 0 0 0 0 0 0 0 0 0 0 0 0 0 0 0 0 0 0 0 0 0 0 0 0 0 0 0 0 0 0 0 0 0 0 0 20 11 0 1 1 0 8 44 0 0 2 0 1 12 36 27 3 0 0 11 0 0 0 0 0 0 0 0 0 0 0 0 1 0 0 0 0 0 1 0 0 33 0 0 0 0 0 0 0 2 0 1 0 56 1 0 0 0 0 0 0 0 0 0 4 0 0 0 0 
 0 0 0 2 0 0 0 0 0 0 0 0 2 0 0 0 0 0 0 0 0 0 0 0 0 0 0 0 0 0 2 0 0 0 0 0 0 0 0 0 0 0 2 0 7 0 0 0 2 2 0 0 0 0 11 2 0 0 0 0 189 0 197 59 48 24 89 264 235 39 51 33 45 92 196 195 159 46 46 68 0 0 0 0 0 0 8 0 0 0 0 0 0 0 14 0 12 0 0 0 0 0 0 0 0 0 0 0 0 0 0 0 0 0 0 0 0 0 0 0 0 0 0 0 0 0 0 0 0 0 0 0 13 0 0 0 0 0 0 0 0 5 36 1 16 3 0 0 31 19 42 13 0 3 12 0 15 13 0 0 0 0 0 0 0 0 0 4 0 0 0 6 0 0 0 0 0 0 0 0 7 0 0 0 0 0 0 0 0 0 0 0 0 0 0 0 0 0 0 0 0 0 0 0 0 0 0 0 0 0 0 0 0 0 0 0 0 0 0 0 0 0 26 27 4 8 0 2 9 16 38 34 0 0 2 14 34 40 0 0 10 0 0 0 0 0 0 0 0 0 0 0 0 0 11 0 0 0 0 0 0 0 0 0 0 0 0 0 0 0 6 2 0 0 0 0 0 0 0 0 0 0 0 0 0 0 0 0 0 0 
