 0 317 314 280 46 53 435 350 40 59 26 44 87 117 312 105 43 33 24 57 0 2 3 0 0 3 3 0 3 0 4 3 0 4 0 2 4 6 5 0 0 0 0 0 24 15 3 6 0 0 0 0 2 0 0 0 1 2 2 0 0 0 3 0 0 0 3 2 7 0 0 0 0 0 7 2 0 0 18 0 11 61 23 1 0 0 17 15 1 18 0 0 0 13 49 8 5 17 0 0 0 0 0 0 0 0 11 0 2 0 14 0 0 0 0 0 0 2 0 0 0 0 0 0 0 0 0 0 0 0 0 0 0 0 0 0 0 0 10 0 0 0 0 0 0 0 0 10 0 0 0 0 0 0 0 0 0 0 0 23 0 4 29 0 0 0 14 27 0 21 0 1 0 17 14 17 6 26 0 17 0 0 0 0 0 0 0 0 0 18 0 0 0 0 2 0 0 0 0 0 2 0 0 0 0 0 14 0 0 2 0 0 0 2 0 0 0 0 0 2 0 0 0 0 0 0 0 0 0 0 0 2 0 0 0 0 0 0 0 0 0 0 0 0 0 1 0 0 0 2 0 0 0 0 0 0 0 0 0 0 0 0 0 0 0 0 0 0 0 0 0 0 0 0 0 0 0 0 0 0 0 0 0 0 0 0 0 0 0 0 
 317 0 375 333 49 19 95 415 294 41 36 42 87 284 401 329 375 49 262 42 2 98 2 2 0 4 7 0 3 1 0 3 2 3 1 0 0 4 3 3 64 0 0 0 1 0 3 3 0 0 77 2 2 0 2 0 0 2 2 0 3 0 0 0 0 0 3 0 0 0 0 0 0 0 5 6 0 0 0 0 19 26 47 22 0 0 0 10 44 27 17 0 0 29 24 26 32 49 0 0 0 2 2 0 0 0 0 0 0 15 0 0 1 15 0 0 0 0 0 0 0 0 0 0 1 12 0 0 0 0 0 0 0 0 13 0 0 2 0 0 0 0 0 0 0 0 0 0 0 0 2 0 0 0 0 0 0 0 0 17 0 10 11 0 1 0 1 53 35 26 21 0 0 1 18 26 36 18 0 8 0 0 0 0 0 0 0 0 0 0 0 0 12 0 0 0 2 0 0 0 0 0 0 0 0 0 1 0 0 0 0 0 0 0 0 0 0 0 10 0 0 0 0 0 0 0 0 0 0 0 0 0 0 0 0 0 0 0 0 0 0 11 0 0 0 0 1 0 0 0 0 3 0 0 0 0 0 2 0 0 0 0 0 0 0 0 0 0 0 0 0 0 0 0 0 0 0 0 0 0 0 0 0 0 0 0 0 0 0 0 
 314 375 0 117 31 34 98 128 437 396 34 48 108 94 177 78 112 399 55 45 0 19 0 0 0 3 3 3 3 0 0 4 0 2 0 0 0 2 25 0 0 0 0 1 3 0 0 5 0 0 2 0 0 0 0 0 0 2 2 0 6 0 0 0 0 0 3 0 0 0 0 0 0 0 3 2 0 0 0 0 0 8 52 38 1 0 0 0 64 51 20 4 0 0 0 30 26 35 0 0 0 0 0 0 17 0 0 2 0 0 0 0 0 0 0 0 0 0 0 0 0 0 2 2 0 20 0 0 0 0 0 2 2 0 0 0 0 0 0 2 0 0 0 2 0 11 7 0 0 0 0 0 2 0 0 0 0 0 0 0 0 19 30 39 0 13 0 2 25 23 56 20 0 0 17 23 28 31 10 0 0 0 0 0 0 1 0 0 0 0 0 0 0 0 0 0 28 0 0 0 0 0 0 0 0 0 0 1 0 0 2 0 0 0 0 0 0 0 0 1 0 0 0 0 0 0 0 0 0 0 0 0 0 0 0 0 0 0 0 0 0 19 0 0 0 0 2 0 2 2 0 7 12 0 0 0 0 0 0 0 0 0 0 0 0 0 0 0 0 0 0 0 0 0 0 7 0 16 0 0 0 0 0 0 0 0 0 0 0 24 
 280 333 117 0 326 52 78 285 71 320 215 346 297 104 380 127 47 546 298 69 0 1 0 2 0 3 3 0 212 67 2 3 6 4 0 0 1 2 3 0 0 0 0 3 2 0 3 7 0 0 0 2 0 0 0 3 2 8 3 3 0 0 0 0 0 0 3 0 0 0 0 0 0 0 3 2 0 0 0 0 0 2 0 25 38 1 0 0 13 14 69 21 0 0 0 0 5 2 0 0 0 2 2 0 0 0 0 0 0 2 1 0 1 0 0 0 0 8 40 1 0 0 0 0 17 1 0 0 0 0 0 0 0 0 0 0 0 2 0 0 0 0 0 0 0 1 0 0 0 0 0 0 0 0 0 0 0 0 13 0 0 0 14 32 62 20 0 0 0 9 13 41 0 0 0 0 13 14 0 0 0 0 1 0 0 0 0 0 0 3 0 0 12 0 0 0 2 1 0 0 0 0 0 0 0 0 1 0 0 0 0 0 0 0 0 0 0 0 10 7 0 0 0 0 0 0 0 0 0 0 0 0 0 0 0 0 0 16 0 0 0 0 0 0 0 1 59 2 0 5 4 3 16 0 0 0 0 0 0 0 0 0 14 0 0 0 0 0 0 0 0 0 0 0 0 24 0 13 0 0 0 0 0 0 0 0 0 0 0 1 
 46 49 31 326 0 645 68 81 56 78 161 412 79 104 108 87 53 252 93 106 0 2 75 0 0 77 3 0 3 0 1 5 0 2 0 0 1 3 4 0 0 0 0 0 3 0 0 3 0 0 0 0 0 0 0 0 0 2 31 0 0 0 0 0 0 0 3 0 0 0 0 0 0 0 40 2 34 0 0 0 0 0 2 1 14 69 15 0 0 13 1 17 0 0 0 0 0 3 0 0 0 0 0 0 0 0 1 0 2 0 0 0 39 30 0 0 0 0 67 27 0 2 1 0 0 0 0 0 0 0 0 0 21 0 1 0 0 0 0 0 0 0 0 0 0 0 0 0 0 0 0 0 0 0 0 0 0 0 2 0 2 2 1 12 2 21 0 2 0 0 0 15 0 0 0 0 0 0 0 0 0 0 0 0 0 0 11 0 0 0 0 0 32 1 0 0 0 0 28 13 0 15 0 0 0 0 0 15 0 0 0 0 0 2 0 0 0 0 0 13 0 0 0 0 0 2 0 0 2 0 0 0 0 0 0 0 0 0 0 1 0 0 0 0 0 4 2 2 0 4 3 3 3 0 0 0 0 0 0 0 0 0 0 0 0 0 0 0 0 0 0 0 0 0 0 0 0 0 0 0 0 0 0 0 0 0 0 0 0 0 
 53 19 34 52 645 0 44 377 28 39 64 55 18 259 256 62 80 147 267 263 2 11 5 2 0 3 5 210 4 4 3 6 0 6 2 216 2 3 310 82 33 3 0 0 3 3 0 3 0 2 0 3 3 2 9 2 3 3 64 2 0 0 0 0 0 0 3 0 3 0 0 0 0 0 5 4 0 0 0 8 0 0 0 0 4 59 0 0 0 0 0 17 0 0 0 0 1 0 0 2 36 0 0 0 0 0 28 0 0 0 0 0 51 41 19 0 0 0 22 16 0 0 0 0 0 0 2 0 7 0 0 18 17 0 0 0 0 0 0 0 16 0 0 0 0 0 2 0 0 0 0 0 0 0 0 0 0 1 0 19 1 0 0 0 0 10 0 0 0 0 0 1 0 0 11 0 0 0 0 0 1 0 1 0 0 0 54 4 0 0 0 0 24 22 24 2 0 0 26 16 0 20 0 0 0 2 0 0 0 0 0 0 0 0 0 0 0 0 0 0 0 0 0 0 0 0 0 0 0 0 0 0 0 0 0 1 0 0 13 0 0 0 0 0 0 5 0 0 4 2 1 6 0 0 1 0 0 0 0 0 0 0 0 0 0 0 0 0 0 0 0 0 0 1 0 0 0 0 0 0 0 0 0 0 0 0 0 0 0 0 
 435 95 98 78 68 44 0 213 69 254 31 53 384 714 24 58 34 28 64 416 80 1 1 2 0 3 3 1 205 0 0 3 0 2 2 0 0 2 3 0 3 3 0 0 2 2 3 3 2 3 3 3 8 0 0 0 0 0 2 0 0 0 0 0 0 0 3 0 0 0 0 0 0 0 3 2 0 0 0 0 24 26 4 0 0 0 42 52 1 3 0 0 8 66 46 13 11 2 0 11 0 0 0 0 0 0 17 0 0 0 0 0 0 0 0 0 2 0 0 0 1 2 0 0 0 0 0 0 0 0 0 0 0 0 1 0 0 0 0 1 0 0 0 0 0 0 0 4 0 14 23 0 0 7 0 0 0 0 0 2 31 63 18 0 0 0 35 47 11 1 0 0 23 33 22 3 1 3 0 40 0 0 0 2 0 0 0 0 0 0 0 0 0 0 0 0 0 0 0 0 0 0 0 0 0 0 0 0 0 0 13 0 0 0 0 0 0 0 0 0 0 0 0 0 0 2 0 0 3 0 0 0 0 2 0 0 0 0 0 1 0 0 0 0 0 0 1 1 0 0 0 3 0 0 0 0 1 0 0 0 0 0 0 0 0 0 0 0 0 0 0 0 0 0 0 0 0 0 0 0 0 0 0 0 0 0 0 0 0 0 
 350 415 128 285 81 377 213 0 183 53 23 40 122 520 235 125 31 26 277 56 0 1 0 0 0 3 3 0 5 0 0 3 1 2 74 1 0 2 3 0 0 0 5 0 2 0 0 3 0 0 0 1 0 0 0 0 0 0 43 0 0 0 0 0 0 0 3 0 0 0 4 49 0 0 3 2 0 0 0 0 44 10 48 0 0 0 0 41 20 19 9 0 0 28 62 69 36 28 2 0 0 0 0 2 0 0 17 0 0 0 0 1 0 0 0 0 0 0 0 2 0 0 0 0 0 5 0 0 0 0 0 0 0 0 0 0 0 0 0 0 0 0 2 0 0 0 0 0 0 1 4 0 0 0 0 2 0 0 0 12 0 64 18 0 0 0 0 79 56 19 26 0 0 20 41 28 17 72 1 7 0 24 0 0 0 0 0 2 0 0 0 0 0 0 11 0 15 0 0 0 0 1 0 0 1 0 0 0 0 0 0 0 0 0 0 1 0 0 0 0 0 0 0 0 0 0 0 0 0 0 0 0 0 0 0 0 10 0 0 0 0 10 0 0 0 1 2 0 2 0 2 6 0 0 0 0 0 0 0 0 0 0 0 0 0 0 0 0 0 0 0 0 0 0 0 0 0 0 0 0 0 0 0 0 0 0 0 0 0 0 
 40 294 437 71 56 28 69 183 0 341 46 35 126 130 210 203 251 324 102 102 0 76 0 1 0 4 3 2 3 0 0 3 0 2 0 0 0 3 3 2 0 0 0 0 3 0 0 5 0 0 0 0 0 0 0 0 0 5 2 0 2 0 0 0 0 0 3 0 0 0 0 0 0 0 5 2 0 0 0 0 12 33 63 36 0 0 0 1 57 43 10 1 0 1 2 31 41 34 0 0 0 0 0 0 0 0 1 15 0 0 0 0 0 0 0 0 1 0 0 0 0 10 0 0 0 14 0 0 0 0 0 0 0 0 2 0 2 0 0 0 0 0 0 0 0 6 0 0 0 0 1 0 0 0 0 0 0 0 0 3 0 18 31 29 2 2 0 1 27 10 44 22 0 0 16 25 56 34 0 5 0 0 0 1 0 11 17 0 0 12 0 0 0 0 0 0 0 0 0 0 0 0 0 0 0 0 0 0 0 0 0 2 0 0 0 0 0 0 0 1 0 13 0 0 0 1 0 0 1 0 0 0 0 1 0 0 0 0 0 2 0 9 0 0 2 1 7 0 0 5 0 10 0 0 0 0 0 0 0 0 0 0 0 0 0 0 0 0 0 0 0 0 0 0 0 5 0 16 0 0 0 0 0 0 0 0 0 0 0 0 
 59 41 396 320 78 39 254 53 341 0 335 59 44 218 107 460 390 316 96 117 0 91 0 0 0 3 3 0 3 0 0 3 1 3 1 0 1 2 3 0 0 0 0 0 2 0 0 10 0 0 0 0 0 0 0 0 0 10 2 63 5 0 0 0 0 0 3 0 0 0 0 2 2 0 3 3 0 0 0 0 0 10 27 50 77 0 0 0 20 60 59 42 0 1 0 0 23 33 0 0 0 0 0 0 0 0 0 0 0 0 0 0 0 0 0 0 0 0 2 11 0 0 0 0 0 21 0 0 0 0 0 0 0 0 0 0 0 0 0 0 0 0 0 0 0 7 0 0 0 0 0 1 0 0 0 0 0 0 12 0 0 12 40 22 54 9 0 0 14 13 60 26 0 0 0 14 19 55 0 0 0 0 0 0 0 0 0 0 0 0 0 0 0 0 0 0 0 0 0 0 0 0 0 0 0 0 0 0 0 0 0 0 0 0 0 0 0 0 0 0 0 0 0 0 0 0 0 0 0 0 0 0 0 0 0 0 2 0 0 0 0 0 0 0 0 2 175 0 0 196 0 7 33 0 0 0 0 0 0 0 0 0 11 0 0 0 0 0 0 0 0 0 0 0 0 21 26 48 0 0 0 0 0 0 0 0 0 0 0 0 
 26 36 34 215 161 64 31 23 46 335 0 336 45 31 93 82 88 499 265 76 0 3 0 2 2 5 3 0 3 0 86 3 0 2 0 0 5 2 3 0 0 0 0 2 2 0 0 10 0 0 0 0 0 0 0 0 0 1 66 0 0 0 0 0 0 0 3 0 44 0 0 0 0 0 3 3 0 0 0 45 1 26 0 2 63 34 0 0 12 0 41 58 0 0 2 0 12 7 0 0 0 0 0 0 0 1 0 0 0 0 0 0 0 0 0 0 0 0 55 0 0 0 0 0 0 0 0 0 9 0 0 0 0 0 0 0 0 2 0 0 0 0 0 0 0 0 0 0 0 0 0 1 0 0 0 11 12 0 10 0 0 0 24 19 34 34 0 0 0 12 16 35 0 0 0 0 15 16 3 1 0 0 0 0 0 0 2 0 0 0 0 0 4 0 0 0 0 0 1 17 0 0 0 0 0 0 0 0 0 0 0 0 0 37 0 0 0 0 0 10 0 0 0 15 0 0 0 19 0 0 0 0 0 0 0 0 2 0 0 0 0 0 0 0 0 0 57 0 0 91 0 3 14 0 0 0 0 0 0 0 0 0 12 0 0 0 0 0 0 0 0 0 0 0 0 13 10 16 0 0 0 0 0 0 0 0 0 0 0 0 
 44 42 48 346 412 55 53 40 35 59 336 0 229 67 28 270 53 58 109 24 2 3 0 1 2 9 3 0 3 0 2 4 0 8 0 3 2 7 3 0 0 0 0 3 1 0 0 6 2 2 4 3 2 3 3 37 0 4 67 2 0 0 2 0 3 3 3 2 0 0 1 3 0 0 8 3 3 1 0 1 17 0 0 1 87 67 0 0 0 0 26 44 0 0 0 0 11 2 0 0 0 0 0 0 0 0 1 0 0 0 0 0 27 15 0 0 0 0 39 0 0 0 0 0 0 0 0 0 0 8 0 0 1 0 0 0 0 0 0 0 0 0 0 0 0 0 17 0 10 0 0 0 0 0 0 0 0 0 11 0 0 0 0 6 48 33 0 0 0 12 0 19 0 0 0 0 0 0 21 0 0 0 0 0 14 0 0 0 0 0 0 0 35 0 0 0 0 0 2 0 0 0 0 0 0 0 0 0 0 0 0 2 0 0 0 0 0 0 0 6 0 0 0 0 0 0 0 0 0 0 0 0 0 0 0 0 0 0 0 0 0 0 8 0 0 6 173 0 4 175 0 21 14 0 0 0 0 0 0 0 0 0 13 0 0 0 0 0 0 0 1 0 0 0 0 12 16 0 0 0 0 0 0 0 0 0 0 0 0 0 
 87 87 108 297 79 18 384 122 126 44 45 229 0 74 123 67 40 40 626 242 0 2 6 0 2 3 3 0 3 0 1 5 0 2 2 0 2 5 3 1 0 0 0 0 3 0 0 3 0 0 0 0 0 3 0 0 0 0 3 0 0 0 0 0 0 0 3 0 0 0 2 0 0 0 6 2 0 0 3 0 19 30 0 26 0 0 72 21 1 0 0 0 22 17 2 8 0 0 1 22 0 0 0 0 0 0 8 0 0 0 0 0 0 0 0 0 1 0 2 0 0 0 0 0 0 0 0 0 0 0 0 0 0 0 2 0 2 0 0 0 0 0 0 0 0 0 0 0 0 0 14 0 0 4 0 0 2 0 0 6 16 0 0 0 0 0 18 1 0 0 0 2 14 10 9 0 0 0 51 33 0 0 0 0 0 0 0 0 0 0 0 0 0 0 0 0 0 0 0 0 0 0 0 0 0 0 0 0 0 0 0 2 0 0 0 0 0 0 0 7 0 0 0 0 0 0 0 0 1 0 0 0 0 1 0 0 0 0 0 2 0 0 0 0 2 2 0 0 2 2 0 14 0 0 0 0 0 0 0 0 0 0 0 0 0 0 0 0 0 0 0 0 0 0 0 0 0 0 0 0 0 0 0 0 0 0 0 0 0 0 
 117 284 94 104 104 259 714 520 130 218 31 67 74 0 312 60 40 125 321 143 2 0 5 2 2 0 3 0 8 77 7 3 0 4 2 0 8 7 2 5 0 0 2 0 2 2 3 3 2 2 3 2 2 32 0 0 2 0 3 0 0 0 3 4 0 0 0 2 0 1 2 3 6 0 0 0 3 1 0 0 20 15 11 11 2 0 0 3 12 39 23 0 0 1 35 14 30 15 0 0 1 0 0 0 0 0 13 0 0 0 0 0 0 0 0 0 4 0 0 0 0 0 17 0 0 2 2 0 0 0 0 0 5 0 0 0 0 0 0 0 0 0 0 0 4 8 2 6 0 0 0 0 0 0 0 0 0 1 0 0 0 2 38 15 0 0 13 22 0 21 17 20 0 5 3 32 13 19 0 6 0 0 0 0 0 0 0 0 0 0 0 0 0 0 0 0 0 0 0 0 0 0 0 4 0 0 0 0 0 0 0 0 0 0 0 0 0 0 0 1 0 0 0 0 0 0 0 0 0 0 0 0 0 0 0 0 0 0 0 0 0 0 0 0 0 1 3 2 4 0 0 9 1 0 0 0 0 0 0 0 0 0 0 0 0 1 0 0 0 0 0 0 0 0 0 15 0 18 0 0 0 0 0 0 0 0 0 0 0 1 
 312 401 177 380 108 256 24 235 210 107 93 28 123 312 0 102 51 40 121 93 2 2 0 0 0 3 3 204 3 2 2 9 0 7 0 3 0 3 3 0 0 0 2 0 3 0 0 3 0 2 7 0 0 0 3 2 0 0 2 5 1 0 0 0 0 0 3 42 4 0 0 0 1 1 3 4 0 0 0 0 60 20 65 4 2 0 0 14 17 11 19 0 0 36 48 55 31 30 0 0 0 0 0 0 0 0 14 0 0 0 0 0 0 0 0 0 0 0 0 0 0 0 0 13 0 0 0 0 0 0 0 0 0 0 0 0 0 1 0 0 0 0 0 0 6 0 0 0 0 0 0 0 0 0 0 0 0 0 0 9 0 81 19 0 2 0 1 27 35 18 15 0 0 19 35 21 20 8 0 7 0 0 1 0 0 0 0 0 0 0 0 0 0 0 0 0 0 1 0 0 0 0 0 0 0 0 2 0 0 0 2 0 0 0 23 0 0 0 0 0 0 0 0 0 0 0 0 0 0 0 0 0 0 0 0 0 0 0 0 0 0 10 0 0 0 0 0 2 3 0 1 14 2 0 0 0 0 0 0 0 1 0 0 0 0 0 0 0 0 0 0 0 0 0 0 0 0 0 0 0 0 0 0 0 0 0 0 0 0 0 
 105 329 78 127 87 62 58 125 203 460 82 270 67 60 102 0 361 406 597 74 0 39 3 0 0 78 5 0 4 0 2 3 0 5 0 0 3 5 3 0 0 0 0 0 65 0 3 11 0 0 0 0 2 0 0 0 0 27 2 1 5 0 6 0 0 0 3 4 0 0 0 0 0 0 3 2 0 1 0 0 0 16 136 66 16 0 0 1 47 43 24 0 23 0 0 44 26 51 0 0 0 0 0 0 0 0 0 0 0 0 11 0 0 0 0 0 1 0 0 0 0 0 0 0 0 26 0 0 0 0 0 0 0 1 0 2 0 0 0 0 0 0 0 0 0 22 0 0 2 0 0 0 0 1 0 0 0 0 0 0 0 20 35 83 0 0 0 0 29 14 57 20 0 0 14 20 32 34 0 1 0 0 0 0 0 0 0 0 0 0 0 0 0 0 0 0 0 0 0 0 0 0 0 0 0 26 0 0 0 0 0 0 0 0 0 0 0 0 0 1 0 0 0 0 0 0 0 0 0 0 0 0 0 1 0 0 0 0 0 0 0 9 0 0 0 3 3 0 0 4 2 3 1 0 0 0 0 0 0 1 0 0 0 0 0 0 2 0 0 0 0 0 0 0 0 7 20 16 0 0 0 0 0 0 0 0 0 0 0 0 
 43 375 112 47 53 80 34 31 251 390 88 53 40 40 51 361 0 331 48 265 0 25 0 0 2 3 3 0 3 0 0 8 32 4 0 0 2 3 20 32 0 0 2 0 3 2 0 6 2 2 50 0 0 0 0 0 63 6 3 0 38 0 0 1 0 0 3 0 0 0 0 2 2 0 6 2 0 0 0 0 2 8 48 43 2 0 0 0 49 58 7 0 0 0 0 34 11 28 0 0 0 0 0 0 0 0 0 0 0 0 0 0 0 0 0 2 0 0 1 0 0 0 0 0 0 19 0 0 0 0 0 0 0 0 0 0 0 0 0 0 0 0 0 0 0 0 0 0 0 0 0 0 0 0 0 0 0 0 0 11 0 18 12 28 1 1 0 0 27 20 33 0 0 0 18 21 25 15 0 2 0 0 0 0 2 0 0 0 0 0 0 0 0 0 0 0 0 0 0 0 0 19 22 0 0 0 0 0 0 0 0 0 1 0 0 0 0 0 0 0 7 0 1 0 0 0 0 1 0 0 1 0 23 0 0 2 0 0 0 0 0 11 0 0 0 3 0 0 0 2 1 7 3 0 0 0 0 0 0 0 0 0 0 0 0 0 0 0 0 0 1 0 0 0 0 0 1 0 0 0 0 0 0 0 0 2 0 0 0 0 
 33 49 399 546 252 147 28 26 324 316 499 58 40 125 40 406 331 0 66 36 0 82 0 0 0 3 5 0 3 0 0 3 0 2 0 0 0 2 3 5 0 0 0 0 2 60 0 5 0 0 0 0 0 0 0 0 0 9 2 0 7 0 0 0 0 0 3 0 0 0 0 0 0 0 3 0 0 0 0 0 0 10 16 36 55 0 1 0 29 45 30 22 0 0 1 1 12 27 0 0 0 0 0 0 0 1 0 0 0 0 0 0 0 0 0 0 0 0 1 0 0 0 0 0 0 20 0 0 0 0 0 0 0 0 0 0 0 0 0 0 0 0 0 0 0 7 0 0 0 0 0 2 0 0 6 21 0 0 14 0 0 11 34 43 67 15 0 0 17 10 30 30 0 0 1 19 20 31 13 0 0 0 0 0 0 0 0 0 1 0 0 0 0 0 0 0 0 0 0 0 0 0 0 0 0 0 0 0 0 11 0 0 0 29 0 0 0 0 0 0 0 0 0 0 0 0 0 0 0 0 0 0 0 0 0 0 1 0 0 0 0 0 0 0 0 3 173 1 3 181 0 11 21 0 0 0 0 0 0 0 0 0 19 0 0 0 0 0 0 0 0 0 0 0 0 19 21 12 0 0 0 0 0 0 0 0 0 0 0 0 
 24 262 55 298 93 267 64 277 102 96 265 109 626 321 121 597 48 66 0 487 1 1 2 0 0 3 3 0 3 0 0 3 2 2 0 0 0 3 3 0 0 0 1 0 6 0 0 5 0 2 3 0 0 0 2 0 0 43 2 0 0 0 0 0 0 0 3 0 0 0 0 0 7 0 6 3 0 0 1 0 13 1 0 0 0 0 17 16 0 0 0 2 23 34 0 0 0 0 18 28 0 0 0 0 0 0 0 2 0 0 0 0 0 1 0 0 0 13 0 0 0 0 0 2 0 0 0 0 0 0 0 2 0 0 0 0 0 9 0 6 0 0 0 0 0 0 0 0 0 0 0 0 1 3 0 0 0 0 7 0 12 0 0 0 0 0 19 1 0 0 2 0 31 7 2 0 0 0 67 7 1 0 0 0 0 0 0 0 13 0 0 0 0 0 0 0 0 0 0 0 0 0 0 0 0 0 0 1 0 0 0 0 0 0 0 0 0 0 0 0 0 0 0 2 0 0 0 0 0 0 0 2 20 0 0 0 0 0 0 0 0 0 0 0 0 0 3 2 1 0 2 2 0 2 0 1 0 0 0 0 2 0 0 1 0 0 0 0 0 0 0 0 0 0 0 0 0 0 0 0 0 0 0 0 0 0 0 0 0 0 
 57 42 45 69 106 263 416 56 102 117 76 24 242 143 93 74 265 36 487 0 0 3 0 0 0 3 3 0 3 0 0 3 0 3 2 0 0 2 5 37 2 0 3 0 2 0 0 6 3 0 0 0 0 0 0 0 0 0 2 0 0 1 0 2 0 0 48 0 0 0 0 0 0 2 3 2 0 0 0 0 16 30 0 0 0 0 43 39 0 0 0 10 18 32 3 13 0 0 12 51 0 0 0 0 0 0 1 0 0 0 0 6 0 0 7 0 0 0 0 0 0 0 0 0 0 16 2 0 0 0 0 0 0 0 0 0 0 0 0 0 0 0 0 0 0 0 2 7 0 0 1 0 0 5 1 0 0 0 0 0 58 0 0 0 0 0 26 0 10 0 0 28 38 9 1 0 0 0 15 27 0 0 0 0 0 0 0 0 0 0 0 0 0 0 0 0 0 0 0 0 0 0 0 0 0 0 0 0 0 0 0 0 0 0 0 0 30 0 0 0 0 0 0 0 0 0 0 0 0 0 0 0 0 0 0 0 2 0 0 0 0 0 0 0 0 0 2 2 3 2 2 3 1 0 0 1 0 0 0 0 0 0 0 0 0 0 0 0 0 0 0 0 0 0 0 0 0 0 0 0 0 0 0 0 0 0 0 0 0 0 
 0 2 0 0 0 2 80 0 0 0 0 2 0 2 2 0 0 0 1 0 0 92 90 36 35 23 419 381 30 245 58 27 48 352 349 254 31 44 50 132 0 0 0 0 27 0 0 0 0 0 0 0 3 0 0 0 0 0 0 0 0 2 0 0 0 0 26 15 0 0 0 0 0 0 0 0 0 0 0 0 0 0 0 0 1 0 0 0 0 0 0 2 0 0 0 0 0 0 2 0 72 31 39 0 0 0 8 72 22 37 0 12 6 1 29 0 20 12 0 21 0 0 0 2 1 0 0 0 0 0 22 6 0 0 0 0 0 0 0 0 2 0 0 0 0 0 1 2 0 4 2 0 9 0 0 0 0 0 0 2 1 0 0 0 0 0 0 0 0 0 0 0 0 0 0 0 0 0 0 0 24 45 23 0 0 0 0 38 45 0 18 0 0 12 13 14 10 30 0 0 0 0 0 0 0 0 0 0 0 0 0 0 0 0 0 0 0 0 0 0 0 0 0 0 0 0 0 0 0 0 0 0 0 0 0 0 0 0 0 0 0 0 0 0 0 0 0 0 0 0 0 0 0 0 8 0 1 0 0 2 0 0 0 0 0 0 0 0 0 0 0 0 0 0 0 0 0 0 0 0 0 0 0 0 0 0 0 0 0 0 
 2 98 19 1 2 11 1 1 76 91 3 3 2 0 2 39 25 82 1 3 92 0 478 68 51 39 500 331 268 43 85 44 27 83 324 233 298 493 52 211 2 0 9 0 6 0 0 3 3 0 0 0 2 0 0 0 0 0 0 0 0 5 2 0 0 0 0 3 0 51 0 0 0 0 3 2 0 0 0 0 0 8 37 19 1 0 2 0 12 11 7 0 0 0 0 0 9 16 0 0 0 18 34 32 0 0 0 26 25 19 23 0 0 0 0 36 19 23 0 0 0 0 20 0 0 0 0 0 0 0 0 0 0 0 0 0 0 0 0 0 0 0 0 0 0 0 0 0 1 0 0 0 0 0 0 0 0 0 0 0 0 0 0 0 0 0 0 0 0 1 0 0 0 0 0 7 18 1 0 0 0 0 13 12 0 0 0 0 18 36 24 0 0 0 11 15 57 29 1 0 0 0 0 2 0 0 2 0 0 0 0 0 0 0 0 0 0 0 0 0 0 0 0 0 0 0 1 0 0 0 0 0 0 0 0 0 0 0 0 0 0 0 0 0 0 0 0 0 0 1 0 0 0 0 10 1 2 0 3 0 4 0 0 0 0 0 26 0 0 0 0 0 0 0 0 0 7 0 0 0 0 0 0 0 0 0 19 0 0 0 
 3 2 0 0 75 5 1 0 0 0 0 0 6 5 0 3 0 0 2 0 90 478 0 428 59 39 63 173 324 332 134 43 83 274 89 252 239 299 25 48 3 1 8 0 0 0 0 62 0 3 1 2 2 3 1 0 0 2 0 0 0 3 0 0 0 0 0 3 0 3 1 2 3 0 4 2 2 0 0 0 0 0 0 0 0 0 9 0 0 0 2 0 0 0 0 0 0 12 0 0 0 11 19 59 28 0 0 0 18 12 44 0 0 13 0 57 39 20 0 0 0 0 0 0 2 0 0 0 0 0 1 0 0 0 0 0 0 0 0 0 0 0 2 0 0 0 0 1 0 0 0 0 0 0 0 0 0 0 0 0 0 0 0 0 0 0 14 0 0 0 5 0 0 0 0 0 0 0 5 0 0 1 29 30 0 0 0 0 0 41 32 50 0 0 8 24 33 23 0 0 0 0 0 0 0 0 0 0 0 0 0 0 0 0 0 0 0 2 0 0 0 0 0 0 0 0 0 7 0 0 0 0 0 0 0 0 0 0 0 0 0 0 37 0 0 0 0 0 0 0 0 2 0 0 4 0 0 6 77 0 12 12 0 0 0 0 16 0 0 0 0 0 0 0 0 0 0 0 0 0 0 25 0 0 0 0 17 0 0 0 
 0 2 0 2 0 2 2 0 1 0 2 1 0 2 0 0 0 0 0 0 36 68 428 0 90 64 66 96 110 627 162 351 68 78 65 51 81 347 84 293 0 0 0 0 0 0 2 0 0 0 0 0 2 0 0 0 0 0 65 0 0 3 0 0 0 0 0 3 0 0 0 0 1 0 0 0 56 0 0 0 0 0 0 0 0 0 0 0 0 0 0 0 0 0 0 0 0 0 0 0 0 0 0 19 31 19 0 13 0 23 19 41 0 0 16 18 26 18 0 0 0 7 0 0 0 0 0 0 0 0 0 0 7 0 0 0 0 0 0 0 0 0 0 0 1 2 0 0 0 0 0 0 0 0 1 19 0 0 0 0 0 0 0 0 0 0 0 2 0 0 20 14 0 0 0 0 0 0 4 0 0 0 0 30 24 10 0 0 0 6 15 52 0 2 0 0 0 12 0 0 0 0 13 0 0 0 0 0 0 0 0 0 0 2 0 0 0 0 12 0 0 0 0 0 0 0 0 0 0 0 0 1 0 0 0 0 0 0 0 0 0 0 6 0 0 0 0 0 0 0 0 0 0 0 17 0 2 46 46 0 20 14 0 0 0 0 14 0 0 0 0 0 0 0 0 0 0 0 0 0 0 15 0 0 0 2 0 0 0 0 
 0 0 0 0 0 0 0 0 0 0 2 2 2 2 0 0 2 0 0 0 35 51 59 90 0 383 58 412 74 80 109 588 73 77 343 101 293 245 58 74 0 108 0 0 2 0 1 3 0 0 0 0 2 0 62 0 62 0 3 0 0 2 0 3 0 4 0 3 0 1 0 0 10 0 2 1 6 0 44 0 0 0 0 0 0 0 0 19 0 3 0 0 0 0 0 2 0 1 0 0 0 0 0 0 35 42 0 0 0 0 0 1 0 0 0 2 1 0 0 0 10 0 0 0 0 1 13 2 0 0 0 0 11 0 0 7 27 12 26 12 0 0 0 0 1 0 5 0 0 0 0 1 0 0 0 0 0 7 22 0 0 0 0 0 0 0 0 0 0 0 0 0 0 0 0 0 0 0 0 2 0 0 0 1 66 72 0 0 0 0 21 0 0 2 0 0 2 0 0 0 0 0 0 0 0 0 13 0 1 0 0 0 54 0 12 0 0 0 64 22 0 0 0 0 0 0 0 0 0 0 0 0 0 0 0 0 0 0 0 0 0 0 0 0 0 0 0 0 0 0 0 0 0 0 4 2 0 2 2 0 3 2 0 0 0 0 0 0 0 0 0 0 0 0 0 0 0 0 0 0 0 0 0 0 0 0 0 0 0 0 
 3 4 3 3 77 3 3 3 4 3 5 9 3 0 3 78 3 3 3 3 23 39 39 64 383 0 250 53 57 38 92 55 27 44 46 93 297 121 75 42 1 0 0 0 0 0 0 1 0 212 0 0 2 0 0 0 0 0 129 10 0 2 0 0 0 0 0 0 0 5 0 0 6 0 0 0 3 0 0 0 0 0 0 0 23 0 0 0 2 10 0 0 0 0 0 0 0 0 0 0 0 0 0 0 12 6 0 0 0 0 1 0 1 0 0 0 2 0 0 0 31 0 0 0 0 0 21 0 0 0 0 0 7 32 0 0 0 0 44 8 0 0 0 11 0 2 3 0 0 0 0 18 0 0 0 0 0 4 0 0 0 0 0 0 0 0 0 2 0 0 0 0 0 0 0 0 0 0 0 0 0 0 0 0 22 40 0 0 0 0 2 0 0 2 0 0 0 0 0 0 15 0 0 0 0 0 38 19 0 0 0 0 37 10 0 0 0 0 20 28 0 0 0 0 0 0 0 0 0 10 0 0 0 0 0 0 0 0 0 0 0 0 0 0 0 0 0 0 0 0 0 1 0 0 9 5 0 13 1 0 0 2 0 0 0 0 0 0 0 0 0 0 0 0 0 0 0 0 0 0 0 0 0 0 0 0 0 0 0 0 
 3 7 3 3 3 5 3 3 3 3 3 3 3 3 3 5 3 5 3 3 419 500 63 66 58 250 0 86 51 35 29 112 415 418 281 246 242 66 85 257 0 0 0 0 32 1 0 0 0 0 0 0 2 0 0 0 0 0 1 0 0 2 0 0 26 0 0 1 0 49 0 0 0 0 0 0 0 0 0 0 0 0 0 0 0 0 0 0 0 0 0 0 0 0 0 0 0 0 0 0 28 18 0 0 1 0 27 13 16 61 1 8 10 39 25 1 0 12 0 23 0 0 0 18 0 1 0 0 0 0 0 0 0 0 0 0 0 1 0 0 0 0 0 0 0 0 10 0 2 0 1 0 0 1 0 0 1 0 2 0 5 0 0 0 0 0 0 0 0 0 0 0 0 0 4 12 0 0 0 0 44 42 14 2 0 0 0 93 29 2 0 0 0 22 14 10 0 0 19 39 0 0 0 0 0 0 0 0 0 0 0 0 1 0 0 0 0 0 0 0 0 0 0 1 0 0 0 0 0 11 0 0 0 0 0 2 0 0 0 0 0 0 0 0 0 0 0 0 0 0 0 1 0 0 9 0 0 0 0 2 2 0 0 0 0 0 0 0 0 0 0 0 0 0 0 0 0 0 0 0 0 0 0 0 0 0 0 0 0 0 
 0 0 3 0 0 210 1 0 2 0 0 0 0 0 204 0 0 0 0 0 381 331 173 96 412 53 86 0 146 46 52 41 81 400 209 393 55 280 86 74 2 0 0 2 4 0 0 0 4 0 6 2 2 6 0 2 1 0 0 2 0 2 0 49 0 0 0 6 3 2 0 0 0 0 3 0 0 0 2 0 0 0 0 0 0 0 0 0 0 0 0 0 0 0 0 0 0 0 0 0 0 86 81 26 0 0 12 19 65 47 11 15 0 0 0 10 21 18 0 0 0 0 0 2 1 0 0 0 0 0 0 0 0 0 0 0 0 0 0 0 0 0 0 0 0 0 0 2 0 0 0 0 0 0 0 0 0 0 0 0 0 0 0 0 0 0 0 0 0 0 0 0 0 0 0 0 0 0 0 0 35 34 39 19 0 0 0 16 46 33 20 16 0 0 23 46 35 20 0 0 0 0 0 0 0 0 0 0 0 0 0 0 0 0 0 0 0 0 0 0 0 0 0 0 0 0 0 0 0 0 0 0 0 0 9 0 0 0 0 0 0 0 0 0 0 0 0 0 43 0 0 0 0 2 6 0 0 0 0 0 0 0 0 0 0 0 0 0 0 0 0 0 0 0 0 0 0 0 0 0 0 0 0 0 0 0 0 0 0 8 
 3 3 3 212 3 4 205 5 3 3 3 3 3 8 3 4 3 3 3 3 30 268 324 110 74 57 51 146 0 319 56 242 74 94 401 341 190 270 74 88 0 2 9 0 0 3 1 0 3 3 1 24 2 0 0 1 0 0 0 0 53 2 51 0 0 1 0 1 0 0 2 2 0 0 0 0 0 0 0 0 0 0 0 0 0 0 0 0 0 0 2 0 0 0 0 0 0 0 0 0 0 23 63 54 10 0 0 0 24 60 58 4 18 0 0 84 45 25 0 0 0 0 0 0 1 0 0 0 0 1 0 0 0 0 0 0 0 0 0 0 0 0 2 0 0 0 0 0 0 0 0 2 0 0 0 0 0 17 0 0 0 0 0 0 0 0 0 0 0 0 6 0 0 0 0 0 0 0 5 0 7 0 27 30 0 0 0 0 9 40 43 37 0 0 10 42 69 31 0 0 0 0 0 0 0 16 0 0 0 0 0 0 0 0 0 0 0 2 0 0 0 0 0 0 0 0 0 0 0 13 0 0 0 0 0 0 16 0 0 0 0 0 8 0 0 0 2 0 0 0 0 0 0 0 5 0 4 3 2 1 9 15 0 0 0 0 0 0 0 0 0 0 0 0 0 0 0 0 0 0 0 11 0 0 0 0 17 0 0 0 
 0 1 0 67 0 4 0 0 0 0 0 0 0 77 2 0 0 0 0 0 245 43 332 627 80 38 35 46 319 0 404 53 74 105 91 343 335 113 86 91 0 0 10 62 2 0 0 0 0 0 0 0 2 0 0 0 0 0 0 0 0 3 0 2 0 0 0 3 0 0 0 0 0 0 0 0 0 0 0 0 0 0 0 0 0 0 0 1 0 0 0 0 0 0 0 0 0 0 0 0 0 1 1 38 21 1 0 0 0 8 26 42 0 0 1 40 34 35 0 0 0 0 0 20 0 0 1 0 0 0 0 0 0 0 0 0 0 1 0 0 0 0 0 0 0 0 0 0 0 0 0 0 2 0 0 0 0 0 0 0 0 0 0 0 0 0 0 0 2 0 8 0 0 0 0 10 0 0 8 0 1 0 13 14 2 2 1 0 1 44 35 47 0 0 0 1 13 29 0 0 0 0 0 0 0 0 0 0 0 0 0 0 0 0 0 0 0 0 1 0 0 0 0 0 2 0 0 0 0 0 0 0 0 0 0 0 0 0 0 0 0 0 5 0 0 0 0 0 0 0 0 0 0 0 3 0 0 157 150 1 10 13 0 0 0 0 14 0 0 0 0 0 0 2 0 0 0 0 0 0 0 28 0 0 0 0 19 17 0 0 
 4 0 0 2 1 3 0 0 0 0 86 2 1 7 2 2 0 0 0 0 58 85 134 162 109 92 29 52 56 404 0 344 45 239 68 181 160 588 48 59 0 2 0 0 0 0 0 0 0 0 0 0 2 0 0 0 0 0 0 0 0 2 3 3 3 3 0 2 3 3 3 3 5 0 3 3 7 3 0 0 0 0 0 0 0 0 0 0 0 0 0 0 0 0 0 0 0 0 0 0 0 0 0 21 39 17 0 0 1 12 11 58 0 0 0 13 24 22 0 0 0 0 0 0 0 0 0 0 0 1 0 2 14 0 0 0 0 0 0 0 0 0 0 0 0 0 0 0 0 0 0 0 0 0 0 0 0 0 0 0 0 0 0 0 0 0 0 0 0 0 41 0 0 0 0 0 0 0 3 0 0 0 0 24 21 10 0 0 0 17 22 41 0 0 0 1 0 12 0 1 0 0 0 0 0 0 0 0 0 0 0 0 0 0 0 0 0 0 18 0 0 0 0 0 2 0 0 0 0 0 0 0 0 0 0 0 0 0 0 0 0 0 6 0 0 0 0 0 0 0 0 0 0 0 10 2 0 47 47 0 17 15 0 0 0 0 13 0 0 0 0 0 0 0 0 2 0 0 0 0 0 19 0 0 0 0 0 0 0 0 
 3 3 4 3 5 6 3 3 3 3 3 4 5 3 9 3 8 3 3 3 27 44 43 351 588 55 112 41 242 53 344 0 29 44 241 37 298 276 21 39 0 0 0 0 0 0 0 0 0 0 4 1 3 0 0 209 0 0 1 0 0 2 0 0 0 0 0 2 0 1 0 0 8 0 0 0 19 0 0 0 0 0 0 0 0 0 0 0 0 0 0 0 0 0 0 0 0 0 0 0 0 0 0 1 29 8 0 0 1 1 0 41 0 0 0 1 0 23 0 0 1 0 0 0 0 0 7 0 0 0 0 2 9 1 0 0 0 0 40 0 0 8 0 0 0 0 1 0 0 0 0 0 0 0 0 0 0 0 0 0 0 0 0 0 0 0 0 0 0 0 3 0 0 0 0 0 0 0 2 0 0 0 0 3 39 56 0 0 0 1 6 18 0 0 0 0 1 1 0 1 1 0 0 0 0 0 8 0 0 0 0 0 28 0 0 0 0 0 10 9 6 0 0 0 2 0 26 0 0 10 0 0 0 0 0 0 0 0 0 0 0 0 0 0 0 0 0 0 0 0 0 2 0 0 2 0 0 153 148 2 3 2 0 0 0 0 0 0 0 0 0 0 0 0 0 0 0 0 0 0 0 12 0 0 0 0 0 0 0 0 
 0 2 0 6 0 0 0 1 0 1 0 0 0 0 0 0 32 0 2 0 48 27 83 68 73 27 415 81 74 74 45 29 0 79 43 56 27 31 465 416 0 0 0 0 0 0 0 0 0 0 0 0 2 0 0 0 0 0 1 0 0 2 0 0 0 0 0 2 0 0 0 0 0 0 0 0 0 0 0 12 0 0 0 0 2 0 0 0 0 0 0 0 0 0 0 0 0 0 1 0 72 2 0 0 0 0 40 27 0 0 10 0 21 20 51 0 0 0 0 30 0 0 0 0 0 0 0 0 0 0 0 0 0 0 0 0 0 0 0 0 0 0 0 0 0 0 2 0 0 0 1 0 0 0 0 0 0 0 0 0 2 0 0 0 0 10 0 0 0 0 0 0 0 0 4 1 0 0 0 0 15 13 0 0 0 0 34 50 9 0 0 0 0 34 12 0 0 0 26 74 0 0 0 0 0 1 0 0 0 0 0 0 0 0 0 0 0 0 0 0 0 0 0 0 0 0 0 0 0 0 0 0 0 0 0 0 0 0 0 0 0 0 0 0 0 0 0 0 0 0 0 0 0 0 11 2 1 0 0 0 0 1 0 0 0 0 0 0 0 0 0 0 0 0 0 0 0 0 0 0 0 0 0 0 0 0 0 0 0 0 
 4 3 2 4 2 6 2 2 2 3 2 8 2 4 7 5 4 2 2 3 352 83 274 78 77 44 418 400 94 105 239 44 79 0 460 263 47 38 99 178 0 0 0 0 5 0 0 0 0 0 0 0 2 0 0 0 0 0 0 0 0 2 0 0 7 0 0 1 0 0 0 0 0 0 0 0 0 0 0 0 0 0 0 0 0 0 0 0 0 0 0 0 0 0 0 0 0 0 0 0 34 28 26 0 0 0 18 49 27 46 0 9 19 1 13 0 14 40 0 13 0 0 0 0 0 0 0 0 0 0 0 0 0 0 0 0 0 0 0 0 0 0 7 0 0 0 0 0 0 0 0 0 0 0 0 0 0 0 0 0 4 0 0 0 0 0 0 11 0 0 0 0 0 0 0 0 0 0 0 0 9 58 53 0 0 3 0 35 30 0 0 0 0 16 20 2 10 22 2 1 0 0 0 0 0 0 0 0 0 0 0 0 0 1 9 0 0 0 0 0 0 0 0 0 0 0 0 14 0 0 0 1 0 0 0 0 0 0 0 20 0 0 0 0 0 0 0 0 0 0 0 0 0 0 11 0 2 0 0 2 1 1 0 0 0 0 0 0 0 0 0 0 0 0 0 0 0 0 0 0 0 0 0 0 0 0 0 0 0 0 
 0 1 0 0 0 2 2 74 0 1 0 0 2 2 0 0 0 0 0 2 349 324 89 65 343 46 281 209 401 91 68 241 43 460 0 172 48 49 56 108 0 0 4 0 18 0 0 0 0 0 0 0 4 0 1 0 0 0 62 0 0 2 0 0 0 0 0 2 0 0 0 0 0 0 0 0 0 0 0 0 0 0 0 0 0 0 0 0 0 0 0 0 0 0 0 0 21 9 0 0 0 33 58 29 1 0 14 22 71 48 10 6 0 0 0 9 25 21 0 0 0 0 0 19 0 0 0 0 0 0 0 0 0 0 0 0 0 0 0 0 0 0 0 0 0 16 0 14 0 0 0 0 0 0 0 0 0 0 0 0 0 0 0 0 0 0 0 0 0 0 1 0 0 0 0 0 0 0 0 1 43 20 51 23 0 0 0 4 39 14 25 11 0 0 46 54 84 11 0 0 0 0 0 0 0 0 0 0 0 0 0 0 0 0 0 0 0 0 0 0 0 0 0 0 0 0 0 0 0 0 0 0 0 0 0 0 0 0 0 0 0 0 0 0 0 0 0 0 0 0 0 0 0 0 8 0 2 0 0 1 5 0 0 0 0 0 0 0 0 0 0 0 0 0 0 0 0 0 0 0 0 0 0 0 0 0 0 0 0 0 
 2 0 0 0 0 216 0 1 0 0 0 3 0 0 3 0 0 0 0 0 254 233 252 51 101 93 246 393 341 343 181 37 56 263 172 0 265 273 42 63 0 3 8 1 0 9 0 0 2 0 0 2 2 0 0 2 3 0 3 0 3 2 0 0 0 0 0 0 0 1 0 3 3 2 0 0 0 0 0 0 0 1 0 0 0 0 0 0 0 0 0 0 0 0 0 0 0 0 0 0 0 30 38 39 9 0 0 1 20 25 42 4 0 0 1 48 37 29 0 3 0 0 0 0 0 0 0 0 0 0 0 0 0 0 0 2 2 0 0 0 0 0 0 0 0 0 0 0 0 0 0 0 0 0 0 2 0 0 0 0 0 0 15 0 0 0 0 0 0 0 14 0 0 0 16 0 1 0 5 0 1 0 45 52 1 0 0 0 19 51 36 38 0 0 10 69 43 37 0 0 0 0 0 0 0 0 0 0 0 0 0 0 0 0 0 0 0 0 0 0 0 0 0 0 0 0 0 0 0 0 2 0 0 0 0 0 0 0 0 0 0 0 7 0 0 0 0 0 0 0 0 0 0 0 5 0 1 3 2 2 12 20 0 0 0 0 0 0 0 0 0 0 0 0 0 0 0 0 0 0 0 18 0 0 0 0 11 0 0 0 
 4 0 0 1 1 2 0 0 0 1 5 2 2 8 0 3 2 0 0 0 31 298 239 81 293 297 242 55 190 335 160 298 27 47 48 265 0 347 42 49 1 0 2 0 0 0 0 0 0 207 2 0 2 2 0 0 1 0 0 5 0 2 0 0 0 0 0 0 0 0 0 0 1 0 0 0 0 0 0 0 0 0 0 0 0 0 0 0 0 0 0 0 0 0 0 0 0 1 0 0 0 13 33 59 9 0 0 0 23 14 48 10 0 0 0 54 31 22 0 0 0 2 0 0 0 0 0 2 0 0 0 0 0 0 0 0 0 0 2 0 0 0 0 0 0 0 0 0 0 0 0 0 0 0 0 0 0 0 0 0 0 1 0 0 0 0 18 0 0 0 46 0 0 0 0 0 0 0 5 2 0 1 39 47 0 0 0 0 2 45 28 42 0 0 6 35 34 39 0 2 0 0 0 0 0 0 0 0 0 0 0 0 0 0 0 0 0 0 0 0 0 0 0 10 0 0 0 0 0 0 0 0 0 0 0 0 0 0 0 0 0 0 7 0 0 0 0 0 0 0 0 0 0 0 15 1 2 4 0 1 14 34 0 0 0 0 15 0 0 0 0 0 0 0 0 0 0 0 0 0 0 50 0 0 0 0 17 0 0 0 
 6 4 2 2 3 3 2 2 3 2 2 7 5 7 3 5 3 2 3 2 44 493 299 347 245 121 66 280 270 113 588 276 31 38 49 273 347 0 58 52 0 0 16 0 0 0 0 0 0 0 0 0 2 0 0 0 0 0 0 63 0 2 0 0 0 0 0 2 0 0 0 0 0 0 1 0 0 0 0 0 0 0 0 0 0 0 0 0 0 0 0 0 0 0 0 0 0 0 0 0 0 0 9 42 35 2 0 0 2 8 40 80 0 0 0 43 15 24 0 0 0 0 0 2 1 0 0 0 0 0 0 0 0 0 18 0 0 0 0 0 0 0 0 0 0 0 0 2 0 0 0 0 0 0 0 0 0 0 0 0 0 0 0 0 0 12 0 0 0 0 2 0 0 0 0 0 0 0 5 0 0 0 48 29 0 0 8 0 0 49 17 67 0 0 30 2 15 19 0 0 0 0 0 0 0 0 0 0 0 0 0 0 1 0 0 0 0 0 2 0 0 0 0 0 0 0 0 0 0 0 0 0 0 0 0 0 0 0 0 0 0 0 9 0 0 0 0 0 0 0 0 0 0 2 19 0 3 191 146 3 82 15 0 0 0 62 12 0 0 0 0 0 0 0 0 0 0 0 0 0 0 28 0 0 0 0 32 0 0 0 
 5 3 25 3 4 310 3 3 3 3 3 3 3 2 3 3 20 3 3 5 50 52 25 84 58 75 85 86 74 86 48 21 465 99 56 42 42 58 0 479 0 0 0 0 0 0 0 0 0 0 0 0 2 0 0 0 0 0 1 0 0 2 0 0 0 0 0 1 0 0 0 0 0 0 0 0 0 0 0 8 0 0 0 0 0 0 0 0 0 0 2 0 0 0 1 0 0 0 0 0 40 1 1 0 0 0 16 0 0 0 0 0 39 60 24 0 0 0 18 43 0 0 0 0 0 0 0 0 0 0 0 0 19 0 0 0 0 0 0 0 0 0 0 11 0 0 0 0 0 0 0 2 0 0 0 0 0 0 0 0 0 0 0 0 0 1 0 0 0 0 0 0 1 0 8 0 0 0 13 0 24 3 1 0 0 0 55 35 1 0 0 0 1 15 11 0 8 0 46 43 0 18 0 0 0 0 0 0 0 0 0 0 0 0 0 2 0 2 0 0 0 8 0 0 0 0 0 0 0 0 0 0 0 0 0 0 0 0 0 0 0 0 0 0 0 0 0 0 0 0 0 0 0 0 8 2 2 0 0 0 0 2 0 0 0 0 0 0 0 0 0 0 0 0 0 0 2 0 0 0 0 0 0 0 0 0 0 0 0 0 
 0 3 0 0 0 82 0 0 2 0 0 0 1 5 0 0 32 5 0 37 132 211 48 293 74 42 257 74 88 91 59 39 416 178 108 63 49 52 479 0 0 0 0 0 0 2 0 0 0 0 0 51 2 0 4 0 2 0 4 0 0 2 0 0 0 0 0 2 0 0 0 0 0 0 0 0 0 0 0 0 0 0 0 0 0 0 0 0 0 0 0 0 0 0 0 0 0 0 0 0 41 15 1 0 0 0 8 11 0 11 0 12 0 23 14 0 0 0 9 10 0 0 0 0 0 0 0 0 0 0 0 0 1 0 0 0 0 0 0 0 0 0 0 0 0 0 0 0 0 0 0 0 0 0 0 0 0 0 0 0 3 0 0 0 0 0 0 0 0 0 0 0 0 0 1 0 0 0 0 0 21 17 1 0 0 0 12 36 0 0 0 0 0 28 0 0 0 0 41 8 0 0 0 0 0 0 0 0 39 0 0 0 0 0 0 0 0 0 0 0 0 0 5 0 0 0 0 0 0 0 0 0 0 0 0 0 0 0 0 0 0 0 0 0 0 0 0 0 0 2 0 0 0 1 3 2 1 2 0 0 3 0 0 0 0 0 0 0 0 0 0 0 0 0 0 0 0 0 0 0 0 0 0 0 0 0 0 0 0 0 
 0 64 0 0 0 33 3 0 0 0 0 0 0 0 0 0 0 0 0 2 0 2 3 0 0 1 0 2 0 0 0 0 0 0 0 0 1 0 0 0 0 80 66 56 35 12 304 498 43 24 130 248 62 80 233 58 91 24 42 115 9 8 0 0 0 0 1 36 0 1 0 0 0 4 11 0 0 5 0 1 0 0 0 0 0 0 0 6 0 0 0 0 0 0 0 0 0 0 0 0 0 0 0 0 0 0 0 0 0 0 0 0 0 0 0 0 0 0 0 0 0 18 57 10 0 0 19 20 15 10 0 13 24 0 14 10 22 1 0 1 0 21 0 7 0 0 0 0 9 0 15 0 0 0 0 9 2 0 9 0 0 0 0 0 0 0 0 0 0 0 4 0 0 0 0 0 0 0 0 0 0 0 0 0 0 0 0 0 0 0 0 0 10 0 0 0 0 0 0 0 0 35 52 14 0 0 1 35 9 17 0 0 1 21 25 27 24 0 1 1 0 1 1 47 0 0 1 0 0 16 0 1 0 0 1 6 13 6 0 0 0 0 9 0 0 0 0 0 0 0 0 8 0 0 0 0 0 0 0 0 0 0 0 0 2 4 0 0 0 0 27 0 0 0 0 0 0 0 0 0 0 0 0 0 1 13 0 0 2 0 
 0 0 0 0 0 3 3 0 0 0 0 0 0 0 0 0 0 0 0 0 0 0 1 0 108 0 0 0 2 0 2 0 0 0 0 3 0 0 0 0 80 0 296 94 45 59 62 274 460 268 32 40 40 286 385 283 194 51 56 35 0 0 0 0 0 0 52 0 0 0 0 206 0 0 0 0 0 0 0 15 0 0 0 0 0 0 7 0 0 0 0 0 0 18 0 0 0 0 0 0 9 0 0 0 0 0 0 0 0 0 0 0 0 0 0 0 0 0 0 0 0 8 40 58 9 8 0 0 35 42 25 10 0 0 0 40 37 61 0 0 4 2 0 0 0 10 0 0 0 0 0 0 0 0 0 0 0 0 0 7 11 0 0 0 10 0 0 0 0 0 0 0 0 0 0 0 0 0 0 0 0 0 0 0 0 0 0 0 0 1 0 0 0 0 0 0 0 0 0 0 0 14 49 19 14 0 0 0 30 8 0 27 0 26 19 46 48 23 9 0 0 0 0 0 0 0 0 0 0 0 0 0 6 0 0 0 0 0 2 0 0 0 8 0 0 0 0 0 0 19 0 6 0 0 0 0 0 0 0 6 0 0 0 0 0 31 1 0 2 0 51 0 0 0 0 0 0 0 0 0 0 0 1 0 29 46 0 0 1 0 
 0 0 0 0 0 0 0 5 0 0 0 0 0 2 2 0 2 0 1 3 0 9 8 0 0 0 0 0 9 10 0 0 0 0 4 8 2 16 0 0 66 296 0 118 66 54 72 85 182 252 231 26 69 65 69 390 142 302 19 49 0 0 0 0 0 0 0 0 5 0 0 5 0 0 3 0 0 14 1 0 0 0 0 0 0 0 0 0 0 0 0 0 0 0 0 0 0 0 1 0 0 0 4 6 2 0 0 0 5 2 8 1 0 0 0 7 4 0 0 0 0 0 18 33 0 10 0 0 33 34 15 23 0 0 2 19 23 33 0 0 0 0 3 0 0 0 0 0 0 0 0 0 0 0 0 0 0 0 6 17 0 0 0 0 6 0 0 0 0 0 0 0 0 0 0 0 0 0 0 0 0 0 29 10 0 0 0 0 0 13 8 0 0 0 23 7 65 8 0 0 0 17 2 30 6 0 0 1 37 13 38 46 0 0 0 9 27 33 0 0 0 0 0 0 0 0 0 0 12 0 0 0 0 0 0 0 0 0 0 1 0 0 7 0 0 0 0 0 0 0 0 8 0 1 0 0 0 0 2 10 0 0 3 1 0 27 0 1 0 0 13 0 0 0 0 0 0 0 0 0 0 1 0 0 15 13 0 0 0 0 
 0 0 1 3 0 0 0 0 0 0 2 3 0 0 0 0 0 0 0 0 0 0 0 0 0 0 0 2 0 62 0 0 0 0 0 1 0 0 0 0 56 94 118 0 101 262 63 81 80 286 114 259 66 302 77 97 114 293 61 58 0 0 7 1 0 9 0 0 6 0 0 1 0 0 0 0 0 0 3 0 0 0 0 0 0 0 0 0 0 0 0 0 0 0 0 0 9 0 0 0 0 0 0 0 0 0 0 0 0 0 0 0 0 0 0 0 0 0 0 0 0 0 5 13 28 20 0 0 0 11 29 30 0 0 16 0 0 0 0 0 4 0 0 0 0 0 0 0 0 0 0 0 0 0 0 0 0 0 7 0 0 0 0 0 0 0 6 0 19 0 0 0 0 0 0 2 0 0 0 0 0 0 0 0 0 0 0 0 0 0 0 0 0 0 0 0 0 0 0 8 0 9 6 24 28 15 0 0 0 46 43 66 0 0 0 0 5 7 0 0 0 0 0 0 0 0 12 0 0 0 0 0 0 0 0 11 0 0 15 25 0 0 0 0 0 0 2 0 0 0 0 10 0 11 0 0 1 0 0 0 0 0 39 6 0 0 4 54 2 0 0 0 0 22 0 0 0 0 0 0 0 0 4 0 2 0 0 9 0 0 
 24 1 3 2 3 3 2 2 3 2 2 1 3 2 3 65 3 2 6 2 27 6 0 0 2 0 32 4 0 2 0 0 0 5 18 0 0 0 0 0 35 45 66 101 0 275 64 276 61 90 245 245 103 58 287 98 54 269 57 54 0 0 5 3 0 6 0 0 0 0 0 0 0 0 0 0 0 211 23 0 0 0 0 0 0 0 0 0 0 0 0 0 17 0 0 0 0 0 0 0 0 8 3 7 0 1 7 6 37 12 0 7 0 0 0 0 0 6 0 0 0 0 0 0 23 0 0 0 0 0 0 0 0 0 10 0 0 0 0 0 8 0 0 0 0 0 13 0 0 0 0 12 30 0 7 0 0 0 0 7 0 0 0 0 0 3 12 0 0 0 10 0 0 0 0 0 0 0 0 0 0 8 2 9 0 0 0 0 6 1 28 0 0 0 17 8 2 0 0 0 0 0 0 0 34 33 0 0 9 0 0 19 0 0 0 0 0 0 0 0 10 0 0 0 0 0 34 0 0 0 0 0 28 22 0 0 0 0 43 34 0 0 0 0 0 0 0 0 0 0 0 14 0 1 0 0 0 0 0 0 0 15 1 1 3 3 2 3 2 0 0 0 0 0 0 0 0 0 0 0 0 4 0 2 0 0 0 0 1 0 
 15 0 0 0 0 3 2 0 0 0 0 0 0 2 0 0 2 60 0 0 0 0 0 0 0 0 1 0 3 0 0 0 0 0 0 9 0 0 0 2 12 59 54 262 275 0 51 32 263 49 328 51 241 58 45 98 81 275 69 56 1 0 2 4 0 4 2 0 0 0 0 1 5 0 0 0 0 0 105 0 0 0 0 0 11 0 0 0 0 0 0 0 0 0 0 0 0 0 0 0 0 0 0 0 0 0 0 0 0 0 0 0 0 0 0 0 0 0 0 0 0 0 0 0 13 0 0 0 0 2 0 0 0 0 0 0 0 0 0 0 34 0 19 0 0 0 4 0 0 0 0 0 24 1 4 0 0 0 0 7 0 0 0 0 0 5 2 0 0 0 0 0 0 0 0 0 0 0 0 0 0 0 0 0 0 0 0 0 0 0 0 0 0 0 0 0 0 0 0 6 0 0 0 0 0 26 0 0 0 0 0 0 0 5 0 0 5 0 0 0 29 0 0 0 0 0 4 30 0 0 0 0 27 16 10 0 0 0 30 18 0 0 0 0 0 0 0 0 0 0 0 0 0 0 0 0 0 0 0 0 0 0 0 4 0 1 0 0 0 0 0 0 0 0 0 0 0 0 0 0 0 0 0 0 0 0 0 0 1 0 
 3 3 0 3 0 0 3 0 0 0 0 0 0 3 0 3 0 0 0 0 0 0 0 2 1 0 0 0 1 0 0 0 0 0 0 0 0 0 0 0 304 62 72 63 64 51 0 362 67 34 38 247 424 283 251 38 45 250 43 198 0 4 0 0 0 0 0 0 0 6 0 0 2 0 4 0 0 3 4 0 0 0 0 0 0 0 0 0 0 0 0 0 5 0 0 0 0 0 0 0 0 0 0 0 1 0 22 0 0 0 0 0 0 0 0 0 0 0 0 0 14 36 18 1 0 0 5 27 11 1 0 9 0 17 31 2 2 0 1 12 0 14 10 0 0 0 0 0 0 0 0 0 0 0 0 0 0 0 16 1 0 8 0 0 1 0 16 0 0 0 0 0 0 0 14 0 0 0 0 0 0 0 0 0 0 0 0 0 0 0 0 0 0 0 0 0 0 0 0 0 40 15 0 0 0 0 11 47 9 0 0 0 0 25 14 32 0 0 0 0 0 0 0 0 0 0 0 0 41 0 0 0 0 0 0 0 0 0 0 0 0 0 0 0 0 0 0 0 0 0 0 2 0 0 0 0 0 0 0 0 0 0 0 0 2 0 0 0 0 0 0 0 0 0 0 0 0 0 0 0 0 0 0 0 0 0 0 0 1 0 
 6 3 5 7 3 3 3 3 5 10 10 6 3 3 3 11 6 5 5 6 0 3 62 0 3 1 0 0 0 0 0 0 0 0 0 0 0 0 0 0 498 274 85 81 276 32 362 0 119 32 37 17 108 269 114 37 53 270 43 57 0 0 0 0 0 4 0 0 0 1 0 0 0 0 0 0 0 1 0 0 0 0 12 3 74 0 0 0 3 0 6 0 0 0 0 0 5 3 0 0 0 10 0 0 0 0 0 0 0 0 0 0 0 0 0 0 0 0 1 0 0 16 48 37 0 0 0 43 11 29 0 15 0 0 16 8 71 36 0 0 0 7 1 0 0 0 0 0 0 0 0 0 0 0 0 0 0 0 3 5 0 0 0 8 4 4 0 0 0 0 0 3 0 0 0 0 6 10 0 0 0 0 0 0 0 0 0 0 0 0 0 0 0 0 0 0 0 0 0 0 1 31 27 7 0 0 0 10 14 5 0 0 6 1 19 29 36 11 12 0 0 12 0 0 0 0 0 0 0 0 0 0 0 0 0 0 0 0 0 0 0 0 18 0 0 0 12 0 0 0 0 5 0 2 0 0 0 0 0 12 0 0 6 0 0 22 0 0 2 0 0 0 0 0 0 0 0 0 0 0 0 0 0 0 20 0 0 0 2 0 
 0 0 0 0 0 0 2 0 0 0 0 2 0 2 0 0 2 0 0 3 0 3 0 0 0 0 0 4 3 0 0 0 0 0 0 2 0 0 0 0 43 460 182 80 61 263 67 119 0 276 57 253 104 104 125 207 111 243 313 39 0 0 0 0 0 0 0 0 5 0 0 6 0 5 0 0 0 0 1 0 0 0 0 0 0 0 0 0 0 0 0 0 0 0 0 0 0 0 0 0 0 0 0 0 0 0 0 0 0 0 0 0 0 0 0 0 0 0 0 0 0 1 18 74 0 12 0 0 17 34 57 26 0 0 1 22 44 37 0 0 0 0 0 0 30 0 0 0 0 9 0 0 0 0 0 0 0 0 9 2 0 0 0 0 3 0 0 0 0 0 0 0 0 0 0 0 0 0 0 0 0 0 0 0 0 0 0 0 0 0 9 0 0 0 0 0 0 0 0 0 0 11 5 18 21 0 0 1 12 17 25 53 0 0 0 0 23 31 0 0 0 0 0 0 0 0 0 0 0 0 0 0 0 0 0 0 0 0 0 1 0 0 7 0 0 0 0 0 0 0 0 8 0 0 0 0 0 0 0 15 0 0 3 1 1 15 0 1 2 0 15 0 0 0 0 0 0 0 0 0 0 0 0 0 11 13 0 0 1 0 
 0 0 0 0 0 2 3 0 0 0 0 2 0 2 2 0 2 0 2 0 0 0 3 0 0 212 0 0 3 0 0 0 0 0 0 0 207 0 0 0 24 268 252 286 90 49 34 32 276 0 277 41 42 89 101 308 225 102 85 64 0 60 0 0 0 2 0 0 8 0 0 3 47 0 0 0 0 0 0 0 0 0 0 0 0 0 0 0 0 0 0 0 1 0 0 0 14 0 0 0 0 0 0 8 0 0 0 0 0 0 0 0 0 0 0 0 0 0 0 0 0 0 1 13 7 22 0 0 10 11 31 19 16 0 0 7 0 13 0 0 7 0 0 0 0 0 0 0 0 0 0 0 0 0 0 0 0 0 8 0 0 10 0 0 2 0 0 0 0 0 0 0 0 0 0 0 0 0 6 0 0 0 0 0 0 0 0 0 0 0 0 0 0 0 0 0 0 0 1 0 0 1 7 15 9 10 0 0 11 20 29 8 0 0 0 0 12 19 0 0 0 0 0 0 0 0 1 0 0 0 0 0 0 0 0 0 0 0 0 11 0 18 0 0 0 0 0 0 0 0 0 0 0 19 0 0 0 0 0 2 0 15 76 63 2 3 2 64 0 0 11 0 0 0 0 0 0 0 0 0 0 4 0 0 4 14 0 0 1 0 
 0 77 2 0 0 0 3 0 0 0 0 4 0 3 7 0 50 0 3 0 0 0 1 0 0 0 0 6 1 0 0 4 0 0 0 0 2 0 0 0 130 32 231 114 245 328 38 37 57 277 0 326 46 28 70 115 195 240 41 37 51 6 8 1 0 7 0 11 16 1 0 2 6 3 26 2 0 2 8 0 0 0 0 0 0 0 0 0 19 0 0 0 0 0 0 0 0 0 0 0 0 0 0 0 0 0 0 0 0 0 0 0 15 0 0 0 0 0 0 0 0 0 0 1 16 23 0 0 0 0 30 26 0 0 0 0 1 0 0 0 1 6 0 9 0 0 0 0 11 2 10 0 0 0 0 10 4 3 6 0 0 0 0 0 0 0 5 0 0 0 0 0 0 0 0 0 0 0 0 0 0 10 0 0 0 0 0 0 0 0 0 0 0 0 0 0 0 0 0 0 0 14 7 31 31 29 0 0 0 25 44 49 0 0 0 0 0 0 0 0 0 0 5 11 0 0 21 0 0 2 3 0 0 0 0 6 9 6 35 20 0 0 0 0 0 0 0 0 0 0 0 10 0 0 0 0 0 0 0 8 0 0 9 6 2 1 4 47 0 0 50 0 0 0 0 0 0 0 0 0 0 0 0 0 0 0 0 0 0 0 
 0 2 0 2 0 3 3 1 0 0 0 3 0 2 0 0 0 0 0 0 0 0 2 0 0 0 0 2 24 0 0 1 0 0 0 2 0 0 0 51 248 40 26 259 245 51 247 17 253 41 326 0 49 33 45 266 96 287 29 37 0 0 60 4 0 16 0 0 0 0 0 3 0 0 0 0 0 0 6 0 0 0 0 0 0 0 15 0 0 0 0 14 0 0 0 0 0 0 0 15 0 0 0 0 7 0 0 0 0 0 0 0 0 0 0 0 0 0 0 0 0 0 0 0 24 11 0 0 0 0 0 2 0 0 0 0 0 4 0 0 12 0 0 0 0 0 0 0 0 0 0 0 41 0 0 0 0 0 0 0 0 0 0 0 0 0 4 0 0 0 0 0 0 0 0 13 0 7 0 0 0 0 0 0 0 9 0 0 0 0 0 7 0 0 0 0 0 0 13 0 0 0 0 2 18 31 0 0 0 9 12 18 0 0 0 0 0 0 0 0 7 0 0 0 0 8 14 0 0 13 0 0 10 0 0 0 0 0 44 41 0 0 0 0 0 0 0 0 0 0 0 7 0 0 0 0 0 0 0 12 0 0 89 62 0 1 2 95 0 0 0 0 0 0 0 0 0 0 0 0 0 0 0 0 0 0 0 0 0 0 
 2 2 0 0 0 3 8 0 0 0 0 2 0 2 0 2 0 0 0 0 3 2 2 2 2 2 2 2 2 2 2 3 2 2 4 2 2 2 2 2 62 40 69 66 103 241 424 108 104 42 46 49 0 338 31 44 33 109 276 177 0 3 0 51 2 0 0 0 0 1 0 0 3 0 15 0 0 4 10 5 0 0 0 0 0 0 0 0 0 0 0 0 0 0 0 0 0 0 0 0 0 0 0 0 0 1 0 0 0 0 0 0 0 0 0 0 0 0 0 0 33 12 0 0 0 0 22 18 27 0 0 1 0 41 6 10 0 0 0 17 0 0 3 0 0 0 7 0 0 0 0 5 6 0 13 0 0 0 6 7 0 0 0 0 0 0 0 0 0 0 0 0 0 0 0 0 0 0 0 0 0 0 1 0 12 1 0 0 0 0 0 0 0 0 0 0 0 0 0 0 23 7 0 0 0 0 19 18 0 0 0 0 0 24 7 9 0 0 1 0 4 5 0 0 23 0 6 0 4 0 0 1 0 6 7 0 0 0 0 3 0 0 0 0 0 0 0 0 0 0 0 4 2 2 0 0 0 0 0 0 0 0 1 0 0 1 1 0 0 0 0 0 0 0 0 0 0 0 0 0 0 0 0 0 0 0 1 0 2 0 
 0 0 0 0 0 2 0 0 0 0 0 3 3 32 0 0 0 0 0 0 0 0 3 0 0 0 0 6 0 0 0 0 0 0 0 0 2 0 0 0 80 286 65 302 58 58 283 269 104 89 28 33 338 0 515 96 33 39 107 149 0 4 0 0 0 0 4 0 0 2 0 2 10 0 4 0 0 3 17 4 0 0 0 0 0 0 0 0 0 0 11 0 0 14 0 0 0 0 0 0 0 0 0 0 0 0 0 0 0 0 0 0 0 0 0 0 0 0 0 0 1 13 29 11 0 0 18 19 8 12 0 13 0 2 23 10 22 0 0 1 0 4 5 0 0 0 6 0 0 0 1 0 10 5 9 0 0 0 5 1 0 0 0 0 0 0 0 0 0 0 0 0 0 0 0 0 0 0 0 0 0 0 0 0 0 0 0 0 0 0 0 0 0 0 0 0 0 0 0 0 1 6 27 9 0 0 0 32 9 10 14 0 0 11 19 25 9 0 0 0 5 7 0 0 0 0 7 1 5 0 0 0 0 10 17 0 1 0 0 0 0 0 9 0 0 0 0 0 0 0 0 9 0 0 0 0 0 0 0 0 0 0 1 0 0 4 2 0 0 0 0 0 0 0 0 0 0 0 0 0 0 0 0 0 0 13 0 0 2 0 
 0 2 0 0 0 9 0 0 0 0 0 3 0 0 3 0 0 0 2 0 0 0 1 0 62 0 0 0 0 0 0 0 0 0 1 0 0 0 0 4 233 385 69 77 287 45 251 114 125 101 70 45 31 515 0 311 65 484 53 255 1 46 1 0 0 0 0 0 4 8 5 1 2 0 2 2 0 2 0 0 0 0 8 0 0 0 0 0 0 0 0 0 0 0 0 0 0 0 0 0 0 0 0 0 0 0 0 0 0 0 0 0 18 0 0 0 1 0 0 0 0 33 66 36 5 11 0 13 15 27 0 21 0 0 15 37 85 38 0 0 5 14 0 0 0 0 0 0 0 0 0 8 0 0 0 0 0 0 3 5 0 0 0 0 0 0 0 0 0 0 0 0 1 0 0 0 7 0 0 0 0 0 0 0 0 0 0 0 0 0 0 0 0 0 0 0 0 0 0 0 0 34 22 34 13 2 0 26 14 4 0 18 0 0 29 45 39 11 0 0 0 0 0 0 0 12 0 0 0 0 0 0 7 0 0 0 0 0 2 0 0 0 3 0 0 0 0 0 0 31 0 13 0 2 0 0 0 0 0 12 0 0 0 0 1 25 0 0 0 0 0 0 0 0 0 0 0 0 0 0 0 0 0 0 43 0 0 0 2 0 
 0 0 0 3 0 2 0 0 0 0 0 37 0 0 2 0 0 0 0 0 0 0 0 0 0 0 0 2 1 0 0 209 0 0 0 2 0 0 0 0 58 283 390 97 98 98 38 37 207 308 115 266 44 96 311 0 401 283 59 54 7 2 0 0 4 0 8 4 6 0 0 18 0 3 6 0 0 0 0 0 0 0 0 0 0 16 0 0 0 0 13 0 0 21 0 0 0 0 0 0 0 0 0 0 0 0 0 0 0 0 0 0 0 0 0 0 0 0 0 0 0 0 13 26 3 12 0 0 15 20 55 28 0 0 0 22 47 31 0 0 7 9 0 9 0 0 0 0 26 0 7 0 0 5 0 16 8 0 10 2 0 0 0 0 3 0 0 0 0 0 0 0 0 0 0 0 0 0 0 0 0 0 0 0 0 0 0 0 0 0 0 0 0 0 0 0 0 0 0 0 0 11 16 26 18 0 0 0 10 22 25 70 0 0 0 0 27 19 0 0 0 0 0 6 0 0 0 6 0 0 0 0 0 0 0 10 7 2 0 0 0 0 0 0 0 0 0 0 0 0 0 6 0 0 0 0 0 0 0 17 0 0 2 2 2 14 0 1 0 0 24 0 0 0 0 0 0 0 0 0 0 0 0 0 11 21 0 0 2 0 
 1 0 0 2 0 3 0 0 0 0 0 0 0 2 0 0 63 0 0 0 0 0 0 0 62 0 0 1 0 0 0 0 0 0 0 3 1 0 0 2 91 194 142 114 54 81 45 53 111 225 195 96 33 33 65 401 0 210 42 260 0 0 0 0 0 0 0 0 11 2 0 5 0 50 2 0 0 0 3 0 0 0 0 0 0 0 0 0 19 0 0 0 0 0 0 0 0 0 0 0 0 0 0 0 0 0 0 0 0 0 0 0 0 0 0 0 0 0 0 0 0 0 25 31 20 3 0 0 18 42 33 33 0 1 5 31 23 33 0 1 0 0 0 0 0 0 0 0 0 0 0 0 0 0 0 0 0 0 28 2 0 0 0 0 3 0 0 0 6 0 0 0 0 0 0 0 0 0 0 0 0 0 0 0 0 0 0 0 0 0 0 0 0 0 0 0 0 0 0 0 0 24 2 18 2 19 0 0 27 16 38 30 0 0 36 0 17 51 0 0 0 0 0 0 0 0 0 0 0 0 0 0 0 0 0 0 7 0 0 2 0 0 0 0 0 0 0 0 0 0 0 3 0 1 0 0 0 0 0 9 0 1 63 0 0 11 0 0 0 0 74 0 0 0 0 0 0 0 0 0 0 3 37 0 5 15 0 0 1 0 
 2 2 2 8 2 3 0 0 5 10 1 4 0 0 0 27 6 9 43 0 0 0 2 0 0 0 0 0 0 0 0 0 0 0 0 0 0 0 0 0 24 51 302 293 269 275 250 270 243 102 240 287 109 39 484 283 210 0 252 29 0 0 0 0 0 0 0 0 5 0 16 9 0 0 0 0 0 0 1 0 2 10 30 7 27 0 0 0 3 0 10 0 0 0 0 0 17 7 0 0 0 0 0 0 0 0 0 0 13 0 0 0 0 0 0 0 0 0 1 0 0 0 1 12 7 29 10 0 18 18 59 12 0 18 0 9 8 9 0 0 0 0 0 0 0 0 0 0 0 0 0 0 5 0 0 0 0 0 25 2 0 0 0 21 12 3 0 0 0 0 3 0 0 0 0 8 3 17 0 0 0 0 0 0 0 0 0 0 0 0 0 0 0 0 0 0 0 0 1 0 0 0 11 41 16 40 0 0 20 18 56 24 0 0 0 0 35 11 0 0 0 0 0 0 0 0 1 0 0 0 0 0 6 0 0 0 0 0 0 4 0 0 0 0 0 0 1 0 0 0 0 15 0 2 0 0 0 0 0 3 0 1 70 65 0 3 3 64 0 0 42 0 0 0 0 0 0 0 0 0 0 0 0 0 0 11 0 0 2 0 
 2 2 2 3 31 64 2 43 2 2 66 67 3 3 2 2 3 2 2 2 0 0 0 65 3 129 1 0 0 0 0 1 1 0 62 3 0 0 1 4 42 56 19 61 57 69 43 43 313 85 41 29 276 107 53 59 42 252 0 207 0 0 0 0 0 0 0 0 50 0 4 0 0 0 0 54 0 0 0 0 0 0 0 0 11 10 0 0 0 0 1 5 0 0 0 0 0 0 0 0 0 0 0 0 0 21 0 0 0 0 0 0 0 0 0 0 0 0 7 0 18 0 0 0 0 0 12 10 0 0 0 0 1 15 21 0 0 0 3 11 0 0 0 0 0 0 5 0 0 0 0 6 0 0 0 0 1 6 7 0 0 0 0 0 3 1 0 0 0 0 0 2 0 0 0 0 0 0 0 0 0 0 0 0 7 35 1 0 0 0 0 0 19 0 0 0 13 0 0 0 19 19 0 0 0 0 13 10 0 0 0 0 15 8 0 0 0 0 12 0 0 0 8 0 0 0 0 0 0 0 0 0 0 0 0 0 0 0 0 0 0 0 0 0 0 0 0 0 0 0 0 2 3 0 0 0 0 0 0 0 17 0 0 0 0 2 3 0 1 0 0 0 0 0 0 0 0 0 0 0 0 0 0 0 0 0 0 0 1 0 
 0 0 0 3 0 2 0 0 0 63 0 2 0 0 5 1 0 0 0 0 0 0 0 0 0 10 0 2 0 0 0 0 0 0 0 0 5 63 0 0 115 35 49 58 54 56 198 57 39 64 37 37 177 149 255 54 260 29 207 0 0 10 0 0 0 0 0 0 0 0 0 0 0 0 0 0 0 6 0 0 0 0 0 0 0 0 0 0 0 0 1 0 0 0 0 0 0 0 0 0 0 0 0 0 0 0 0 0 0 0 0 0 0 0 0 0 0 0 0 0 35 10 0 0 0 0 23 19 12 1 0 1 6 64 23 10 0 0 8 22 0 0 0 0 6 0 1 0 0 0 0 36 0 0 0 0 0 0 3 0 0 0 0 0 0 0 0 0 0 0 0 0 0 0 0 0 0 0 0 0 0 0 0 0 0 0 0 0 0 1 0 0 0 0 0 0 0 0 0 0 52 0 19 0 0 0 42 53 13 0 0 0 0 26 37 17 0 0 0 0 0 0 0 0 0 0 0 0 0 0 0 0 0 0 0 0 0 10 0 0 0 0 1 0 0 0 0 0 0 0 0 14 0 0 9 0 0 0 1 0 24 0 0 0 0 2 1 0 0 0 0 0 0 0 0 2 0 0 0 0 0 0 0 0 0 0 0 0 0 0 
 0 3 6 0 0 0 0 0 2 5 0 0 0 0 1 5 38 7 0 0 0 0 0 0 0 0 0 0 53 0 0 0 0 0 0 3 0 0 0 0 9 0 0 0 0 1 0 0 0 0 51 0 0 0 1 7 0 0 0 0 0 96 66 52 46 46 218 211 68 63 32 25 54 128 209 39 250 59 46 125 0 0 3 5 0 0 0 0 4 31 2 2 0 0 0 4 0 14 0 0 0 0 0 0 0 0 0 0 0 0 0 0 0 0 0 0 0 0 0 0 0 0 0 0 0 4 0 0 0 0 0 0 0 0 0 0 0 0 0 1 0 13 7 5 0 0 24 15 10 3 9 0 0 26 0 34 24 0 2 0 0 5 9 7 21 0 0 0 9 6 5 2 0 10 0 20 4 0 0 0 0 0 1 0 2 1 1 0 2 1 3 1 3 1 1 0 0 0 0 2 0 0 0 0 0 0 0 0 0 0 0 0 0 0 0 0 0 0 0 0 18 19 21 15 0 0 0 19 15 9 0 14 1 0 22 31 15 19 0 11 0 0 0 0 0 0 0 0 0 2 0 0 0 0 13 0 0 0 0 0 0 0 0 0 0 0 0 0 0 0 1 2 0 1 0 3 0 0 0 0 0 0 0 0 0 0 0 0 0 0 
 0 0 0 0 0 0 0 0 0 0 0 0 0 0 0 0 0 0 0 1 2 5 3 3 2 2 2 2 2 3 2 2 2 2 2 2 2 2 2 2 8 0 0 0 0 0 4 0 0 60 6 0 3 4 46 2 0 0 0 10 96 0 312 65 42 242 69 267 248 52 33 30 99 52 254 280 176 53 36 27 0 0 0 0 0 0 0 0 0 0 0 0 0 0 0 0 7 0 0 0 0 0 0 0 0 0 0 0 0 0 0 0 0 0 0 0 0 3 0 0 16 8 0 0 0 0 0 8 0 0 0 0 0 5 2 0 0 0 0 5 11 13 7 0 7 0 0 0 14 41 38 26 0 1 0 6 0 29 0 0 0 0 4 0 0 0 0 0 9 0 0 0 23 0 0 0 0 0 0 0 0 0 0 0 0 0 0 0 7 0 0 0 0 0 0 0 0 0 7 0 5 0 7 0 0 0 20 2 3 0 0 0 0 23 0 0 0 0 0 0 0 0 29 12 19 0 0 0 8 33 34 6 0 0 0 8 99 50 0 0 15 0 0 0 0 0 0 0 0 1 0 0 0 16 18 0 0 0 2 0 0 0 0 1 0 0 9 0 0 0 20 2 1 0 0 2 0 0 0 0 0 0 0 0 0 0 0 0 0 0 
