 0 65 57 32 58 29 664 406 30 54 22 24 73 170 395 87 47 57 34 120 0 0 0 0 0 0 0 0 0 2 0 1 2 0 0 0 0 0 0 0 0 3 0 0 0 0 0 0 3 0 0 1 0 0 0 0 0 0 0 64 0 0 0 0 0 0 0 39 0 3 0 0 2 2 0 0 0 0 0 0 17 39 18 0 0 0 22 34 28 0 0 0 16 36 15 18 13 0 0 15 0 0 0 0 0 0 0 0 0 8 0 0 0 0 0 0 0 0 0 0 0 19 0 0 0 0 0 0 0 0 0 0 0 0 0 2 0 0 8 0 0 0 0 0 10 0 0 57 0 0 7 0 0 0 0 0 0 0 0 0 18 23 0 0 0 0 0 22 9 0 11 0 0 11 34 8 13 0 1 27 0 0 0 0 0 0 0 0 0 0 0 0 0 0 0 0 0 0 0 0 0 0 0 0 0 0 0 0 0 0 0 0 0 0 0 0 0 0 0 10 0 0 15 0 0 0 0 0 0 0 0 0 0 0 0 0 0 0 0 0 0 0 0 0 0 0 2 0 0 0 0 0 0 0 0 0 0 0 0 0 0 0 10 0 0 0 0 0 0 0 0 0 0 0 0 1 1 0 0 0 0 0 0 0 0 0 0 0 0 0 
 65 0 618 77 46 28 66 456 412 50 48 45 60 57 746 431 303 48 32 255 1 0 0 0 1 0 0 0 0 2 0 0 2 79 1 0 0 0 2 0 0 3 0 0 0 0 0 0 3 0 0 0 0 63 0 75 0 0 0 0 0 0 0 0 0 36 0 0 52 1 0 0 2 2 1 5 0 1 0 81 1 11 41 15 0 0 0 22 51 23 15 0 0 0 13 50 76 84 0 0 0 1 0 0 0 0 0 0 0 0 0 0 0 2 2 0 0 0 0 0 0 0 0 0 0 0 0 0 0 0 0 0 0 0 0 0 0 2 0 16 0 0 0 0 0 0 7 0 0 0 0 0 0 0 0 0 0 0 0 0 1 43 31 21 2 0 2 19 31 15 39 8 0 0 15 37 40 16 0 0 0 0 0 2 0 0 5 1 0 0 0 10 0 0 0 0 0 0 0 0 0 0 0 0 0 0 1 0 0 0 0 0 0 0 0 0 0 0 0 8 0 0 0 0 0 0 0 0 2 0 0 9 0 1 0 0 0 0 0 0 0 0 0 0 1 0 0 0 2 0 0 29 2 0 0 0 0 0 0 0 0 0 11 0 0 0 0 0 0 0 0 0 0 0 0 21 12 8 0 0 0 0 0 0 0 0 0 0 0 0 
 57 618 0 114 60 247 56 121 169 318 71 260 277 57 167 186 481 308 31 646 0 0 0 0 0 0 1 16 0 2 0 3 2 19 0 0 0 2 3 0 0 3 0 0 0 0 0 0 3 0 49 0 0 0 0 0 0 0 0 0 0 0 0 0 0 0 1 0 0 31 0 0 5 2 26 3 0 1 4 1 0 0 3 45 0 0 0 0 28 28 15 0 0 0 39 16 28 21 0 9 0 0 1 2 0 0 0 0 0 1 0 0 0 0 0 0 0 1 1 2 1 0 0 0 0 0 0 0 0 0 0 0 0 0 0 0 0 0 0 0 0 0 2 0 0 10 0 0 0 0 0 0 0 0 0 0 0 0 11 38 0 16 31 31 0 0 0 0 20 9 29 19 0 0 0 31 40 35 0 0 0 0 2 0 0 0 1 0 0 0 0 0 0 0 8 20 0 13 0 0 0 0 0 0 1 0 0 11 2 0 0 0 0 8 0 0 0 0 0 10 0 0 0 0 0 0 0 0 0 0 0 0 0 0 0 0 0 0 0 2 0 2 0 0 0 2 1 0 3 2 1 22 23 0 0 0 0 0 0 0 0 0 0 0 0 0 0 0 0 0 0 0 0 0 0 19 14 7 0 0 0 0 0 0 0 0 0 0 0 0 
 32 77 114 0 85 257 64 90 95 448 134 409 93 176 52 113 134 384 66 197 2 0 0 0 3 0 1 0 3 2 3 0 10 0 0 3 0 0 0 3 0 3 2 0 0 0 0 3 65 0 3 0 0 0 2 0 0 0 0 0 0 2 0 0 0 0 2 3 0 0 0 0 49 2 2 1 0 2 0 0 0 0 0 37 16 34 0 0 1 28 39 63 9 0 0 2 0 35 0 0 0 0 0 0 0 0 0 0 0 0 0 0 0 0 0 0 0 0 14 1 0 0 0 0 2 0 0 0 1 0 0 0 0 0 1 0 2 0 0 0 0 0 0 0 0 0 0 1 0 0 0 0 0 2 0 1 0 0 0 0 0 16 19 27 5 32 0 0 0 23 44 23 2 0 5 1 0 26 0 0 0 24 0 0 0 0 0 0 0 0 0 0 0 0 0 0 0 0 1 0 0 0 0 2 0 0 1 0 0 0 0 0 0 0 0 0 0 0 0 0 0 0 0 0 0 0 0 0 0 0 7 0 0 0 2 1 0 0 0 0 0 6 0 0 0 2 97 0 4 94 0 17 0 0 0 0 0 0 0 0 0 0 2 0 0 0 0 0 0 0 0 0 0 0 0 1 0 0 0 0 2 0 0 0 0 0 0 0 0 5 
 58 46 60 85 0 438 264 63 104 71 73 400 95 83 276 76 63 276 65 84 20 0 0 0 0 0 0 0 0 2 2 2 2 0 0 2 0 0 2 0 0 3 0 0 0 6 0 0 3 0 0 0 0 0 0 0 0 0 0 0 51 0 0 0 0 0 28 0 0 3 0 0 2 2 0 0 0 0 0 0 0 0 0 15 29 12 0 0 0 0 0 51 0 0 0 0 0 0 0 0 0 0 0 0 0 0 0 0 0 0 15 0 28 20 0 0 0 0 27 47 0 12 0 0 0 0 0 0 0 0 0 0 0 0 0 31 0 0 0 0 0 0 0 0 12 0 0 5 0 0 0 0 18 0 0 0 0 0 11 0 0 0 0 0 22 22 0 0 0 0 0 0 0 0 2 0 0 0 3 0 0 0 0 0 0 0 2 0 0 0 0 0 40 14 0 0 0 0 53 10 0 0 0 0 0 0 0 0 0 0 0 0 0 0 0 0 0 0 0 0 0 0 0 0 20 0 0 0 0 0 0 0 0 0 0 0 0 0 0 0 0 0 0 0 0 3 2 0 3 4 0 5 0 0 0 0 0 0 0 0 0 0 0 0 0 0 0 0 0 0 0 0 0 0 0 0 0 0 0 0 0 0 0 0 0 0 0 0 0 0 
 29 28 247 257 438 0 24 21 45 38 49 157 28 259 260 68 62 72 52 264 0 2 8 0 7 2 2 0 0 2 0 0 4 0 2 0 9 2 304 0 0 3 0 0 2 0 0 0 9 0 0 51 0 0 6 0 3 0 1 7 0 0 0 0 0 0 0 0 0 0 0 0 2 2 3 0 0 3 4 0 0 0 0 0 27 18 0 0 0 0 0 0 0 0 0 0 0 0 0 0 0 0 0 0 0 0 3 0 0 0 0 0 65 20 0 0 0 0 48 36 0 0 0 0 0 0 0 0 0 0 1 0 0 0 0 0 0 0 0 0 0 0 0 0 0 0 0 32 0 0 0 0 0 0 0 0 0 0 0 0 0 0 0 0 27 18 0 0 0 7 0 0 0 0 0 0 0 0 0 0 19 0 0 0 0 0 52 0 0 0 0 0 60 11 2 0 0 0 61 24 0 0 0 0 0 0 0 0 0 0 0 0 0 14 0 0 0 0 0 0 0 0 0 0 0 0 0 0 0 0 0 0 0 0 0 0 0 0 0 0 0 0 0 0 0 1 6 0 4 7 0 3 2 27 0 0 0 0 0 0 0 0 0 0 0 0 0 0 0 0 0 0 0 0 0 0 0 0 0 0 0 0 0 0 0 0 0 0 0 0 
 664 66 56 64 264 24 0 80 58 285 25 31 443 577 61 27 34 327 428 292 0 3 1 0 0 0 0 0 3 3 0 3 5 2 0 0 0 0 0 0 0 3 0 0 0 0 0 0 3 2 3 0 0 0 0 0 2 0 0 0 3 0 2 0 3 6 0 1 2 3 1 0 6 3 2 2 2 0 0 0 42 30 19 0 0 0 73 40 11 0 0 0 65 71 22 1 0 0 0 53 0 0 0 0 0 0 0 0 0 0 0 0 0 0 0 0 2 0 0 0 0 0 0 0 0 0 0 0 0 0 0 0 0 0 0 0 0 0 0 0 11 0 0 6 44 0 0 2 0 0 7 0 0 0 0 0 0 2 0 0 50 2 0 0 0 0 13 28 7 0 0 0 0 21 54 0 1 0 0 69 0 0 0 0 0 0 0 0 0 0 0 0 0 0 0 0 0 0 0 0 0 0 0 0 0 0 0 0 0 0 0 0 0 0 0 0 0 0 0 0 0 0 0 0 0 0 0 0 0 0 0 0 0 0 0 0 0 0 0 0 0 0 0 0 0 3 2 0 2 0 2 6 0 0 0 0 0 0 0 0 0 0 0 0 0 0 0 0 0 0 0 0 0 0 0 0 0 0 0 0 0 0 0 0 0 0 0 0 0 0 
 406 456 121 90 63 21 80 0 307 51 43 45 107 619 139 38 51 47 62 63 2 0 0 0 0 0 0 0 0 2 1 0 2 0 0 0 0 0 84 0 0 3 0 0 0 0 0 0 3 0 0 0 0 0 0 0 0 0 0 0 0 0 0 0 0 0 0 50 0 0 0 0 2 33 2 0 0 2 0 34 17 15 30 36 2 0 0 31 42 1 22 0 1 14 33 10 33 14 0 0 0 0 0 0 0 0 0 0 0 0 0 0 0 0 0 0 0 0 0 0 0 0 0 0 0 1 0 0 0 0 0 0 0 0 0 2 0 0 0 0 0 2 0 0 14 0 0 0 0 0 0 0 0 0 0 0 0 0 0 1 0 14 0 12 0 0 0 26 59 0 1 0 0 14 64 25 10 1 0 0 0 0 0 0 0 1 0 0 0 0 0 2 0 2 0 0 0 0 2 0 0 0 0 0 0 0 0 0 0 0 1 0 0 0 0 25 0 0 0 10 0 0 0 0 0 0 0 0 0 0 0 0 0 0 0 0 0 0 0 0 0 0 0 0 0 2 1 0 0 2 0 3 12 0 0 0 0 0 0 0 0 0 10 0 0 0 0 0 0 0 12 0 0 0 0 16 20 3 0 0 0 0 0 0 0 2 0 0 0 0 
 30 412 169 95 104 45 58 307 0 609 134 247 124 138 137 468 440 394 82 97 0 6 0 0 2 0 0 1 0 2 0 2 2 5 2 0 0 0 0 0 72 3 62 0 0 0 0 0 3 0 0 0 0 0 0 0 0 65 0 0 0 0 0 0 0 0 0 0 0 0 0 0 2 2 2 2 0 2 0 0 0 3 29 44 0 2 0 0 47 54 25 24 0 0 34 75 30 42 0 0 0 0 0 0 0 0 0 0 0 0 0 0 0 0 0 0 0 0 1 0 0 0 0 0 0 0 0 0 0 0 0 0 0 8 0 0 0 0 0 0 0 0 0 0 0 0 0 0 0 0 0 0 0 0 0 0 0 0 0 0 0 10 48 57 0 0 0 0 29 19 22 21 0 0 5 33 23 32 0 0 0 0 0 4 0 0 0 0 0 0 0 0 0 0 0 0 0 0 0 0 0 0 0 0 0 0 0 0 0 0 0 0 0 0 0 0 0 0 0 13 0 0 0 0 0 0 0 0 0 0 0 0 0 0 0 0 0 0 0 0 0 22 0 0 0 2 8 0 0 4 0 5 12 0 0 0 0 0 0 0 0 0 13 0 0 0 0 0 0 0 0 0 0 0 0 33 27 15 0 0 0 0 0 0 0 0 0 0 0 0 
 54 50 318 448 71 38 285 51 609 0 441 192 85 103 86 453 313 228 100 79 0 0 0 0 0 0 0 0 1 2 0 0 2 0 2 0 3 0 0 0 2 3 0 0 0 3 0 3 3 0 3 0 0 0 0 0 3 0 3 0 0 0 0 0 0 0 0 0 2 0 0 0 2 2 4 5 3 2 0 0 0 0 12 47 11 54 0 0 16 112 50 17 0 0 1 45 30 19 0 0 0 0 0 0 0 0 0 0 0 0 23 0 0 0 0 0 0 0 20 0 0 0 0 0 0 0 0 0 0 0 0 0 0 0 0 17 0 0 0 0 0 0 0 0 0 0 0 0 0 0 0 0 0 0 0 0 0 0 0 0 0 18 94 37 10 21 0 0 0 40 53 30 0 0 15 24 34 44 0 0 0 0 0 0 0 0 0 0 0 0 0 0 0 1 0 0 0 0 0 0 0 0 0 0 0 0 0 0 9 0 0 0 0 0 0 0 0 0 0 0 0 0 0 0 0 0 0 0 0 0 0 0 0 0 0 0 0 0 1 0 0 5 0 0 0 4 190 0 5 177 0 5 3 0 0 0 0 0 0 0 0 0 8 0 0 0 0 0 0 0 0 0 0 0 0 17 0 14 0 0 0 0 0 0 0 0 0 0 0 0 
 22 48 71 134 73 49 25 43 134 441 0 402 117 39 69 79 183 460 23 290 0 0 0 0 0 0 2 2 2 2 0 0 4 0 0 0 0 0 0 0 0 3 0 0 0 0 0 0 37 0 0 1 0 0 0 0 0 0 0 0 0 0 0 0 0 0 0 0 0 0 7 0 2 2 3 1 0 3 0 0 0 1 9 30 20 34 0 0 1 27 46 34 0 0 0 1 2 26 0 0 0 0 0 0 1 0 0 0 0 0 0 0 0 0 0 0 0 0 11 1 0 0 0 0 0 0 0 0 0 0 0 0 0 6 0 0 0 0 0 0 0 0 0 0 0 0 0 1 0 0 0 0 0 0 0 0 0 0 0 0 0 1 17 27 11 9 0 0 0 40 11 19 0 0 5 1 0 21 0 0 0 0 0 0 0 0 0 0 0 0 0 0 0 0 0 0 0 3 0 0 0 0 0 0 0 0 0 0 0 0 0 0 0 0 0 0 0 0 0 1 0 0 0 0 0 9 0 0 8 0 0 0 0 0 0 0 0 0 0 0 0 6 0 0 0 0 51 1 2 84 0 0 0 0 0 0 0 0 0 0 1 0 0 0 0 0 0 0 0 0 0 0 0 0 0 0 0 0 0 0 0 0 0 0 0 0 0 0 0 0 
 24 45 260 409 400 157 31 45 247 192 402 0 243 36 36 255 51 91 247 29 0 0 0 0 2 1 0 10 0 3 0 0 2 0 0 0 0 0 1 0 0 3 2 0 0 0 0 0 3 0 0 0 0 0 2 0 0 0 0 0 0 0 0 0 0 0 0 0 0 1 0 0 2 2 1 0 0 2 0 0 0 0 0 20 33 35 0 0 0 19 20 29 0 0 0 0 1 0 0 0 0 0 0 0 0 0 1 0 0 0 0 0 12 0 0 0 0 0 41 0 0 0 0 0 0 0 0 0 0 2 0 0 0 2 0 0 0 0 0 0 0 0 0 0 0 0 2 3 0 0 2 2 0 0 0 0 0 0 0 0 0 1 0 1 21 37 0 0 0 7 14 19 0 0 6 0 1 0 0 0 0 10 0 0 0 0 0 0 0 0 0 0 62 0 0 0 0 1 56 0 0 0 0 0 0 0 0 0 0 0 0 0 0 0 0 0 0 2 0 0 0 0 0 0 0 0 0 0 0 0 0 0 1 0 0 0 0 0 0 5 0 0 0 0 0 2 174 1 0 175 1 14 0 0 0 0 0 0 0 0 0 0 0 0 0 0 0 0 0 0 0 0 0 1 0 0 0 0 0 0 0 0 0 0 0 0 0 0 0 0 
 73 60 277 93 95 28 443 107 124 85 117 243 0 119 42 34 42 41 622 90 0 3 0 0 0 0 0 3 2 2 0 2 2 3 3 0 0 9 0 1 0 3 2 3 0 0 0 0 3 2 0 0 0 0 0 2 1 1 0 0 0 0 0 0 4 12 0 0 0 0 4 3 2 2 3 0 1 5 0 0 20 5 0 21 3 0 25 13 1 0 0 0 45 39 7 0 0 0 22 25 0 0 0 0 0 0 0 0 0 0 0 0 0 0 0 0 0 0 0 0 0 0 0 0 0 0 0 0 0 0 8 0 0 0 0 2 0 0 0 0 0 0 0 0 0 0 0 0 0 0 0 0 0 0 0 0 0 0 0 1 33 0 0 0 0 0 28 0 7 0 3 0 0 36 9 0 0 0 18 24 0 0 0 0 0 12 0 0 0 1 0 2 0 2 0 0 0 0 2 0 0 0 0 0 0 0 0 0 0 0 1 0 2 0 0 0 0 0 0 0 0 0 0 0 0 1 0 0 0 0 0 0 0 0 0 0 0 0 0 0 0 0 0 0 0 2 2 2 0 0 0 13 0 0 0 0 0 0 0 0 0 0 0 2 0 0 0 0 0 0 0 0 0 0 0 1 0 0 0 0 0 0 0 0 0 2 0 0 0 0 
 170 57 57 176 83 259 577 619 138 103 39 36 119 0 399 41 26 41 56 115 31 25 0 0 0 1 1 17 0 2 0 0 2 27 22 24 0 3 0 37 0 3 0 0 2 0 0 0 3 0 0 0 0 0 47 0 4 0 0 2 3 0 0 0 3 0 0 0 0 1 3 0 2 2 1 0 3 1 0 0 53 25 24 0 0 0 0 32 40 0 0 9 18 29 10 19 18 0 0 0 0 0 0 0 0 4 0 0 0 0 0 0 0 0 0 0 0 0 0 0 0 0 0 0 0 0 0 0 0 1 0 0 0 0 0 0 0 0 0 0 0 0 0 0 11 0 1 0 0 0 2 2 0 0 0 0 0 0 0 0 13 31 0 0 0 0 0 18 11 0 0 0 0 0 22 12 24 0 0 9 0 0 0 0 0 0 0 0 6 0 0 0 0 0 0 0 0 0 0 0 0 0 0 0 0 0 0 0 0 0 0 0 0 0 0 0 0 0 0 9 14 0 0 0 0 0 0 0 0 0 0 0 1 0 0 0 0 0 0 0 0 0 3 0 0 1 2 0 2 0 0 4 0 0 2 0 0 0 0 0 0 0 0 0 0 0 0 0 0 0 0 0 0 0 0 1 1 0 0 0 0 0 0 0 0 0 0 0 0 0 
 395 746 167 52 276 260 61 139 137 86 69 36 42 399 0 94 48 45 84 125 0 2 0 0 0 2 0 0 0 2 0 2 2 0 0 0 0 0 0 0 0 3 0 86 0 0 0 0 3 0 0 0 0 0 0 0 0 0 0 0 0 0 0 0 0 0 0 0 0 0 0 0 2 2 41 0 0 3 0 0 30 17 34 24 0 2 0 39 59 0 31 0 0 14 38 19 37 11 0 0 0 0 0 0 0 0 0 0 0 0 0 0 0 0 0 0 0 0 0 0 2 0 0 0 0 0 0 0 0 0 0 0 0 0 2 0 1 0 0 0 0 0 0 2 14 1 0 0 0 0 0 0 0 18 0 0 0 0 0 0 0 16 0 16 0 0 15 26 42 1 3 0 1 14 62 26 13 2 0 0 0 0 0 0 0 0 0 0 0 0 0 0 0 0 1 6 0 13 0 0 0 0 0 1 0 0 0 0 0 2 0 0 0 1 0 0 0 0 0 7 0 0 0 0 0 0 1 0 0 0 0 0 0 0 0 2 0 0 0 0 0 0 0 0 0 0 0 2 2 2 0 3 12 0 0 0 0 0 0 0 0 0 12 0 0 0 0 0 0 0 0 0 0 0 0 16 13 0 0 0 0 0 0 0 0 0 0 0 0 0 
 87 431 186 113 76 68 27 38 468 453 79 255 34 41 94 0 186 370 252 66 0 0 0 0 74 0 2 0 0 5 0 0 2 0 0 0 0 0 2 0 0 3 0 0 0 0 0 0 3 64 0 0 0 0 0 0 0 0 0 0 0 0 0 0 0 0 0 0 0 0 0 0 2 2 3 5 0 47 0 0 0 0 24 51 0 6 0 3 29 46 23 12 0 0 40 51 80 51 0 0 0 0 0 0 0 17 0 0 0 0 0 0 0 0 0 0 0 0 0 0 0 0 0 0 0 0 0 0 0 0 0 0 0 0 0 0 0 0 0 0 0 0 0 0 0 0 0 0 0 0 0 0 0 0 0 0 0 0 0 0 0 20 45 87 0 2 0 0 37 47 21 16 0 0 0 55 20 47 0 0 0 0 0 0 0 0 0 0 0 0 0 0 0 0 0 0 0 0 0 0 0 0 0 1 0 0 0 0 0 0 0 0 0 0 0 0 0 0 0 10 0 0 0 0 0 0 2 0 0 16 0 0 0 0 0 27 0 0 0 0 0 7 0 0 0 1 3 0 0 2 1 6 11 0 0 0 0 0 0 0 0 0 10 0 0 0 0 0 0 0 0 0 0 0 0 17 32 10 0 0 0 0 0 0 0 0 0 0 0 0 
 47 303 481 134 63 62 34 51 440 313 183 51 42 26 48 186 0 361 50 53 0 0 0 4 5 0 0 0 0 3 4 0 2 4 4 0 0 0 0 2 0 3 0 6 4 0 4 0 3 0 0 6 1 0 0 0 2 2 0 0 0 0 0 0 0 0 0 0 0 4 0 0 6 2 3 5 0 3 0 0 0 0 36 28 12 0 0 0 27 37 34 10 0 0 23 35 77 68 0 2 0 0 0 0 0 0 0 0 0 0 0 0 0 0 0 0 0 0 0 0 0 1 0 0 0 0 2 0 0 0 0 0 21 0 0 0 0 0 0 0 0 0 0 0 0 0 0 0 19 0 0 1 0 0 1 0 0 12 0 0 0 21 39 35 9 0 0 0 23 40 44 19 0 0 0 17 21 34 0 1 0 0 0 0 0 0 0 0 0 0 0 0 0 0 0 0 0 9 0 0 0 10 1 0 0 0 0 0 0 0 0 0 0 0 0 4 0 0 0 6 0 2 0 0 0 0 0 0 1 16 0 0 0 0 0 0 1 0 0 0 0 7 0 0 0 0 87 0 2 0 0 0 12 0 0 0 0 0 0 0 82 0 10 0 0 0 0 0 0 1 0 0 0 0 0 25 14 15 0 0 0 0 0 0 0 0 0 0 0 0 
 57 48 308 384 276 72 327 47 394 228 460 91 41 41 45 370 361 0 46 237 0 80 2 4 5 0 3 0 1 2 10 1 3 5 4 0 0 0 0 211 0 3 3 6 4 0 4 0 3 3 0 6 0 4 0 0 2 3 0 0 0 0 0 0 0 8 1 0 0 7 0 3 6 53 0 2 0 0 0 2 0 0 11 13 12 53 0 0 13 86 30 22 18 0 1 39 16 32 0 0 12 0 0 0 1 0 0 0 0 0 0 0 0 0 0 0 2 0 13 0 0 0 0 0 0 0 0 0 0 10 0 0 0 21 0 0 0 0 21 0 15 2 0 0 0 0 0 2 0 0 0 16 0 0 0 1 0 2 0 0 0 20 37 26 10 13 0 12 8 46 42 31 0 0 6 17 25 34 0 0 0 0 0 0 0 0 0 0 0 0 0 0 0 0 0 0 0 0 0 0 0 0 0 0 0 0 0 0 0 0 0 0 0 0 0 0 0 0 0 0 0 2 0 0 0 0 0 0 0 0 0 0 0 0 0 0 0 0 0 0 0 8 0 0 0 2 172 3 2 185 1 10 1 0 0 0 0 0 0 0 0 0 0 0 0 0 0 0 0 0 0 0 0 0 0 9 0 7 0 0 0 0 0 0 0 0 0 0 0 0 
 34 32 31 66 65 52 428 62 82 100 23 247 622 56 84 252 50 46 0 296 3 2 0 0 0 0 0 2 0 2 1 0 2 3 2 0 0 0 0 0 0 3 3 3 0 0 0 0 4 2 0 0 0 0 0 2 1 0 0 0 5 0 0 0 2 1 0 0 1 0 3 3 2 2 2 0 1 4 0 0 19 1 0 0 0 0 54 0 1 0 0 0 24 24 0 0 0 0 16 41 0 14 0 0 0 0 0 0 0 0 0 0 0 0 43 0 0 0 0 0 0 0 0 0 0 0 0 0 0 0 0 10 0 19 0 0 0 0 0 0 0 0 0 10 0 19 0 0 1 0 0 0 0 0 0 0 0 0 0 0 31 0 0 0 0 0 38 0 0 0 5 0 20 25 11 0 0 0 24 18 0 0 0 0 0 0 0 0 0 0 0 0 0 0 8 0 0 0 0 0 0 0 29 0 0 0 0 0 0 0 0 0 30 0 0 0 0 0 0 0 0 0 0 0 0 0 0 0 0 0 0 0 0 0 0 0 0 0 0 0 0 0 0 0 0 1 0 0 0 0 1 11 0 0 0 0 2 0 0 0 0 0 0 0 0 2 0 0 0 0 0 0 0 0 0 0 0 0 0 0 0 0 0 0 0 0 0 0 0 0 
 120 255 646 197 84 264 292 63 97 79 290 29 90 115 125 66 53 237 296 0 0 0 2 0 0 0 1 2 0 2 0 1 2 75 0 0 0 0 0 203 0 3 0 0 0 0 0 0 3 0 39 0 0 0 0 0 0 0 0 0 0 0 0 0 0 0 0 0 0 3 0 0 2 2 0 0 0 0 0 0 52 11 0 0 0 36 26 25 15 15 0 0 21 32 25 0 19 0 0 32 0 0 0 0 0 0 0 0 0 0 0 0 0 0 0 0 0 0 0 0 0 0 0 0 2 0 0 0 2 0 0 0 0 0 0 0 2 0 0 0 0 0 0 2 0 0 0 0 0 0 7 0 0 2 0 1 0 0 0 0 42 0 0 1 0 0 28 0 0 0 2 0 2 27 1 0 0 0 0 21 0 0 0 0 0 0 0 0 15 0 0 0 0 0 0 18 0 0 0 0 0 0 0 2 0 0 0 1 0 0 0 0 0 0 0 0 0 0 0 0 0 0 0 2 0 0 0 0 0 0 0 0 0 0 0 1 0 0 0 2 0 0 0 0 16 1 0 0 2 0 0 4 0 0 0 0 0 0 0 0 0 0 0 0 0 0 0 0 0 0 0 0 0 0 0 1 0 0 0 0 0 0 0 0 0 0 0 0 0 0 
 0 1 0 2 20 0 0 2 0 0 0 0 0 31 0 0 0 0 3 0 0 164 487 35 34 261 390 298 269 52 27 29 74 187 348 258 33 26 29 206 0 0 3 0 0 0 0 0 0 0 0 203 0 0 3 0 3 0 2 1 0 0 0 0 3 0 5 0 0 0 0 0 0 0 0 0 0 0 0 0 0 1 0 0 0 0 0 0 0 9 0 0 0 0 0 0 0 0 0 2 53 41 64 15 2 2 27 40 37 0 25 1 0 8 6 46 50 0 0 1 0 0 0 0 0 0 0 0 0 0 0 1 0 0 0 0 0 0 0 0 0 0 0 0 0 0 0 0 0 6 0 0 0 0 0 0 0 0 23 1 2 0 0 10 0 0 0 0 0 0 0 0 0 0 0 0 0 10 0 0 20 26 13 9 0 0 34 26 4 42 18 1 0 15 69 0 41 0 0 1 1 0 0 0 0 0 0 0 0 0 0 0 2 0 0 0 0 0 0 0 0 0 0 0 0 0 2 21 0 1 0 0 0 0 0 0 0 2 0 0 0 0 10 0 0 0 0 0 0 0 0 0 0 0 13 0 0 0 0 1 1 0 0 0 0 0 0 0 0 0 0 0 0 0 0 0 0 0 0 0 0 0 0 0 0 0 0 0 0 1 
 0 0 0 0 0 2 3 0 6 0 0 0 3 25 2 0 0 80 2 0 164 0 382 54 35 54 297 306 568 264 64 30 58 166 359 251 184 54 55 281 0 6 4 4 0 4 0 6 0 0 8 0 0 0 3 0 5 0 0 1 0 0 0 0 58 3 2 0 0 0 4 0 6 0 0 0 2 0 7 0 0 0 0 1 0 0 0 0 0 0 0 0 0 0 0 0 0 0 0 0 48 19 20 21 1 1 0 65 68 23 26 11 0 0 0 0 63 49 0 0 0 0 1 0 0 0 0 0 0 0 0 0 0 1 12 0 0 0 1 0 0 1 0 0 0 0 0 0 0 0 0 0 0 0 3 0 0 0 0 0 0 0 13 0 4 0 0 0 0 0 0 0 0 0 0 0 0 0 0 0 62 0 17 82 0 0 0 16 30 51 37 5 0 2 0 17 40 3 0 0 0 1 8 0 0 0 0 0 0 0 0 0 0 0 0 0 0 0 0 0 0 0 2 0 0 0 0 0 0 0 0 0 0 0 12 0 0 0 0 0 0 0 0 0 0 0 1 0 0 0 0 0 0 0 11 0 0 1 0 0 27 15 0 0 0 0 1 0 0 0 0 0 0 0 0 0 2 0 0 0 0 1 0 0 0 0 0 1 0 0 
 0 0 0 0 0 8 1 0 0 0 0 0 0 0 0 0 0 2 0 2 487 382 0 81 249 20 63 109 488 363 120 21 58 43 65 349 200 459 51 43 0 0 3 1 0 0 0 0 0 0 0 0 0 31 3 0 3 0 0 26 0 0 0 0 3 0 0 0 0 0 0 0 5 0 0 0 0 0 4 0 0 0 0 0 0 0 0 0 0 0 0 0 0 0 0 0 0 0 0 0 0 12 1 92 39 0 0 13 5 39 24 18 1 0 0 26 1 43 0 0 0 0 10 0 0 0 0 0 13 0 0 0 0 1 0 0 0 0 0 0 0 0 0 0 0 0 0 0 0 0 0 0 2 0 0 0 0 0 0 0 0 0 0 0 3 0 0 20 0 0 0 0 0 0 0 6 0 10 0 0 1 0 37 41 0 0 0 0 66 28 48 52 0 0 0 54 0 62 0 0 0 0 0 0 0 2 0 0 0 0 0 0 0 0 0 0 2 0 1 0 0 0 0 0 0 0 0 0 0 0 6 0 0 0 0 0 0 0 0 0 0 0 10 0 0 0 0 0 0 0 0 0 0 0 11 0 0 5 5 1 19 10 0 0 0 0 23 0 0 0 0 0 0 0 0 0 0 0 0 0 0 30 0 0 0 0 2 0 0 0 
 0 0 0 0 0 0 0 0 0 0 0 0 0 0 0 0 4 4 0 0 35 54 81 0 60 23 57 56 81 394 438 352 65 84 288 70 218 350 70 66 0 0 4 0 0 0 0 0 0 0 0 0 0 0 3 0 3 0 0 1 0 31 0 0 5 0 0 0 0 0 0 2 6 2 23 0 0 0 1 0 0 0 0 0 1 0 0 10 0 0 0 0 0 0 0 0 0 0 0 0 0 0 0 6 64 55 0 0 9 18 62 50 0 0 0 30 0 9 0 0 0 12 0 0 0 0 0 0 0 1 0 0 1 3 0 0 0 0 42 18 0 0 0 0 0 0 0 0 0 0 0 0 0 0 0 0 0 0 0 0 0 0 0 0 0 0 0 0 0 0 0 0 0 0 0 10 0 0 0 0 0 0 7 15 60 25 0 0 16 0 23 33 0 0 0 0 0 32 0 0 0 0 0 0 0 0 0 0 0 0 0 0 22 0 0 0 0 0 22 0 0 0 0 0 0 0 0 0 0 0 0 0 0 0 0 0 0 0 0 0 0 0 1 0 0 0 0 0 0 0 0 0 0 0 8 2 0 50 16 2 1 4 0 0 0 0 15 0 0 0 0 0 0 0 0 0 0 0 0 0 0 26 0 0 0 0 12 0 0 0 
 0 1 0 3 0 7 0 0 2 0 0 2 0 0 0 74 5 5 0 0 34 35 249 60 0 393 35 133 289 368 101 354 150 136 92 135 36 37 72 94 0 11 3 0 0 213 0 0 0 23 0 0 0 0 3 0 3 0 4 1 0 0 13 0 5 0 1 0 51 0 0 4 0 0 5 0 2 0 1 51 0 0 0 0 0 0 0 0 0 0 2 0 0 0 0 0 0 1 0 0 2 0 0 0 10 45 0 0 0 3 1 0 11 0 0 1 0 1 0 0 0 0 0 0 0 0 0 0 0 10 0 0 33 32 0 0 0 2 64 24 0 0 0 0 0 0 0 0 0 0 0 0 0 0 0 0 0 0 0 0 0 0 0 0 8 0 0 0 0 0 0 0 0 0 0 2 0 3 0 0 0 0 2 1 13 56 1 0 1 0 0 1 0 0 0 0 0 0 0 0 0 0 0 0 0 0 27 0 0 0 0 13 44 0 7 0 0 0 17 26 0 0 0 0 0 0 0 0 0 5 0 1 2 0 0 0 0 0 0 0 0 0 0 0 0 0 0 0 0 0 0 0 0 0 7 0 2 13 4 3 5 0 0 0 0 0 0 0 0 0 0 0 0 0 0 0 0 0 0 0 0 0 1 0 0 0 0 0 0 0 
 0 0 0 0 0 2 0 0 0 0 0 1 0 1 2 0 0 0 0 0 261 54 20 23 393 0 41 72 35 78 72 55 36 40 46 265 69 71 41 282 0 6 3 0 0 4 0 0 2 0 0 0 1 0 3 0 2 0 272 1 0 50 2 0 3 0 2 0 0 0 0 41 0 0 0 0 0 0 0 0 0 15 0 0 0 0 0 0 0 0 0 22 0 0 1 0 0 0 0 0 0 0 0 2 0 18 0 0 0 0 0 0 0 0 0 0 0 0 0 0 1 0 0 0 0 0 20 0 0 13 0 0 46 18 0 0 2 0 15 73 0 0 2 0 0 0 0 0 0 1 0 0 3 0 0 0 0 0 0 0 0 0 0 0 0 0 0 0 0 0 0 31 0 0 0 0 0 6 0 7 0 0 0 0 0 29 0 0 0 0 0 0 0 0 0 0 0 0 0 0 0 0 0 0 0 0 40 1 2 0 9 0 24 22 6 0 0 0 31 31 0 53 0 2 0 2 0 0 1 0 2 0 0 1 0 0 0 0 0 0 0 0 0 0 0 0 0 0 0 0 0 0 0 0 11 1 1 0 5 1 0 2 0 0 0 0 0 0 0 0 0 1 0 0 0 0 0 1 0 0 0 0 0 0 0 0 0 0 0 0 
 0 0 1 1 0 2 0 0 0 0 2 0 0 1 0 2 0 3 0 1 390 297 63 57 35 41 0 80 250 349 23 38 643 359 487 56 45 37 95 500 0 0 3 0 0 0 0 61 0 0 0 1 0 0 3 0 3 0 0 1 0 0 0 0 3 1 27 0 0 0 0 0 0 0 0 0 0 0 0 0 0 0 0 0 0 0 0 0 0 0 1 0 0 17 0 0 2 2 0 0 16 16 31 0 0 0 42 29 31 0 1 0 11 30 63 29 14 0 17 13 0 2 0 0 0 0 0 0 7 0 0 0 0 0 0 2 0 0 2 0 0 0 0 2 0 0 0 15 0 0 0 0 0 15 0 0 0 0 0 0 0 1 0 0 2 0 0 0 0 5 0 1 0 0 0 0 0 0 0 0 26 21 19 0 0 0 47 41 8 1 2 0 0 46 72 0 5 0 0 78 0 0 0 0 0 0 0 0 0 0 0 0 0 0 0 0 0 0 0 2 0 0 0 0 0 0 0 0 0 0 0 7 0 0 0 0 0 0 0 0 0 0 0 0 0 0 0 0 0 0 0 1 0 0 0 0 0 0 0 0 3 0 0 0 0 0 0 0 0 0 0 0 0 0 0 0 0 0 0 0 0 0 0 0 0 0 0 0 0 0 
 0 0 16 0 0 0 0 0 1 0 2 10 3 17 0 0 0 0 2 2 298 306 109 56 133 72 80 0 102 31 44 25 98 303 120 222 29 37 61 60 0 0 3 0 63 0 0 0 0 0 0 0 0 0 2 0 3 0 0 0 0 52 0 46 4 0 1 50 0 0 0 0 0 0 0 0 0 47 3 0 0 0 0 0 0 0 0 0 0 0 1 0 0 0 0 0 0 2 0 0 7 41 14 29 0 0 1 24 13 1 33 1 0 12 10 16 31 8 0 0 17 2 0 0 0 0 0 0 0 0 0 0 0 0 0 0 0 1 0 0 0 0 0 0 0 0 15 0 0 0 0 0 0 0 0 0 0 0 0 0 0 0 0 0 5 0 0 0 0 0 0 0 0 0 0 0 0 0 0 0 11 10 36 0 0 2 1 18 14 36 25 9 0 11 0 36 7 9 0 0 0 0 0 0 0 0 0 0 0 0 0 0 0 0 0 0 0 0 0 2 0 0 0 0 0 0 0 0 0 0 0 0 1 0 0 0 0 5 0 0 0 0 0 0 0 0 0 0 0 0 0 0 0 0 7 2 0 0 0 0 20 0 0 0 0 0 0 0 0 0 0 0 0 0 0 0 0 0 0 0 0 0 0 0 0 0 0 0 0 10 
 0 0 0 3 0 0 3 0 0 1 2 0 2 0 0 0 0 1 0 0 269 568 488 81 289 35 250 102 0 623 269 42 89 111 120 450 280 339 524 102 0 0 3 0 0 0 0 0 0 0 0 0 0 0 3 0 3 0 0 1 0 0 0 0 4 1 0 0 0 0 0 0 2 0 0 0 41 0 4 0 0 0 0 0 0 0 0 0 0 0 0 1 0 0 0 0 0 2 0 0 1 11 1 41 32 0 0 13 10 68 45 65 0 0 0 29 0 42 0 0 0 0 0 0 0 0 0 0 0 0 0 0 0 1 2 0 0 0 25 0 0 0 0 0 0 0 0 0 1 0 0 0 0 0 0 0 24 0 0 0 0 0 1 0 1 0 0 0 0 0 0 0 1 0 0 0 0 0 0 0 0 0 28 24 0 0 0 2 38 11 36 61 0 0 0 45 2 52 0 0 0 0 0 2 0 0 0 0 0 0 2 0 0 2 0 0 0 0 3 0 0 0 0 0 0 0 0 0 0 0 0 0 0 0 0 0 0 8 0 0 0 0 3 0 0 0 0 0 0 0 0 0 0 0 14 0 0 2 2 2 31 5 0 0 0 0 12 0 0 0 0 0 0 0 0 0 0 0 0 0 0 25 0 0 0 0 0 0 0 0 
 2 2 2 2 2 2 3 2 2 2 2 3 2 2 2 5 3 2 2 2 52 264 363 394 368 78 349 31 623 0 406 65 264 82 133 508 255 115 92 106 0 0 5 0 0 62 0 0 0 0 0 0 74 0 3 0 3 0 0 1 0 0 0 0 7 0 0 0 0 0 0 0 13 0 1 0 0 0 2 0 54 0 0 0 0 0 0 0 0 0 0 0 0 11 0 0 0 0 0 3 0 0 1 30 31 10 0 5 10 44 50 55 0 0 33 25 0 41 0 0 0 0 0 2 0 0 0 0 0 0 0 0 0 8 0 0 0 0 2 0 0 0 0 0 0 0 0 7 0 0 0 0 0 0 0 0 0 0 0 0 0 1 0 0 0 0 0 0 0 0 0 1 0 0 0 12 0 0 0 0 8 1 11 35 30 3 0 0 55 0 27 89 0 0 0 12 0 38 0 0 0 0 23 19 0 3 0 0 0 0 0 11 1 0 2 0 0 0 14 0 0 0 0 0 0 0 0 0 0 0 0 0 0 0 2 0 0 0 0 0 0 0 10 0 0 0 0 0 0 0 0 0 0 0 9 0 1 157 161 0 3 7 0 0 0 0 16 0 0 0 0 0 0 0 3 0 0 0 0 0 0 19 0 0 2 0 13 0 0 0 
 0 0 0 3 2 0 0 1 0 0 0 0 0 0 0 0 4 10 1 0 27 64 120 438 101 72 23 44 269 406 0 399 47 57 94 94 208 372 38 79 0 0 30 0 208 4 0 0 3 65 0 0 1 0 5 0 3 1 1 1 0 0 0 0 10 3 3 0 0 3 0 0 59 0 50 3 0 0 3 3 0 2 0 0 0 0 0 0 0 0 0 0 6 0 0 0 0 0 2 1 0 0 0 25 79 24 0 0 0 21 33 32 0 0 0 23 0 12 0 0 0 0 0 0 0 12 1 0 0 0 0 2 20 3 0 0 0 0 41 0 0 0 0 0 0 0 0 0 0 0 0 0 0 0 0 0 0 0 0 0 1 0 0 0 0 0 2 0 0 0 10 0 0 0 0 13 0 0 0 0 0 0 10 13 53 24 0 0 18 0 19 34 0 0 0 1 0 19 0 0 2 0 0 0 0 0 0 0 0 0 0 0 17 0 0 0 0 0 25 0 0 5 0 0 0 0 1 0 0 2 0 0 0 0 0 0 0 0 2 0 0 0 0 0 0 0 0 0 0 0 0 0 0 0 18 0 1 44 11 0 7 2 0 0 2 0 18 0 0 0 0 0 0 0 0 0 0 0 0 0 0 43 0 0 0 0 1 0 0 0 
 1 0 3 0 2 0 3 0 2 0 0 0 2 0 2 0 0 1 0 1 29 30 21 352 354 55 38 25 42 65 399 0 54 21 478 59 35 62 29 253 0 5 3 0 0 0 0 0 0 0 0 6 0 0 3 0 2 2 0 2 0 0 0 0 9 0 1 0 0 0 0 9 5 2 6 0 0 2 0 0 0 0 0 0 0 0 0 0 0 0 0 0 0 0 0 0 0 0 0 0 0 0 0 18 18 31 0 1 0 0 35 34 0 0 0 0 0 0 0 0 1 0 0 0 0 0 0 0 0 0 0 0 52 16 0 0 0 0 45 22 0 0 0 0 0 0 0 0 0 9 0 0 0 0 0 0 0 0 0 0 0 2 0 0 0 0 0 0 0 0 0 0 0 0 0 24 24 0 0 0 0 0 0 0 68 55 0 0 0 0 0 18 0 0 0 0 0 1 12 0 0 0 0 0 0 0 8 0 0 0 0 0 54 0 0 3 0 0 23 1 0 0 0 0 0 0 0 0 0 0 0 0 0 0 0 0 0 0 0 0 0 0 0 0 0 0 0 0 0 0 0 0 0 0 13 2 2 152 169 6 81 0 0 0 0 0 0 0 0 0 0 0 0 0 0 0 0 0 0 0 0 0 0 20 0 0 16 0 0 0 
 2 2 2 10 2 4 5 2 2 2 4 2 2 2 2 2 2 3 2 2 74 58 58 65 150 36 643 98 89 264 47 54 0 322 59 61 26 38 422 270 0 0 3 0 0 0 0 0 0 0 0 0 0 0 2 0 3 0 0 0 0 0 0 0 3 0 2 0 0 0 0 0 0 0 0 0 0 0 0 2 0 8 0 0 2 20 0 0 0 0 16 1 0 0 0 0 0 0 0 0 19 22 47 1 0 0 49 0 15 0 0 0 31 11 16 22 0 0 4 20 0 0 0 0 0 0 0 0 0 0 0 6 0 0 2 0 0 1 0 0 0 0 0 0 0 0 0 0 0 0 0 0 0 0 0 0 0 0 0 0 0 0 0 0 1 0 0 0 0 5 0 0 0 0 0 0 0 0 1 0 33 26 0 0 0 0 53 12 0 0 0 1 0 14 43 0 10 0 1 61 0 0 0 2 0 0 0 0 0 0 2 0 2 0 0 0 0 0 2 0 0 0 0 0 0 0 0 0 0 0 0 0 1 0 0 0 0 0 0 0 0 0 0 0 0 0 0 0 0 0 0 0 0 0 1 0 1 0 0 2 2 0 0 0 0 0 0 0 0 0 0 0 0 0 0 0 0 0 0 0 0 0 0 0 0 0 0 0 0 6 
 0 79 19 0 0 0 2 0 5 0 0 0 3 27 0 0 4 5 3 75 187 166 43 84 136 40 359 303 111 82 57 21 322 0 413 266 18 31 96 291 0 0 3 0 0 0 0 0 0 0 49 0 0 0 2 0 3 0 0 0 0 0 1 0 3 0 5 0 30 0 0 0 0 59 46 0 0 0 0 29 0 0 0 0 0 0 0 0 0 0 0 0 0 0 0 0 0 0 0 0 113 34 38 1 0 0 14 80 34 0 22 1 0 5 18 29 77 0 3 0 0 0 0 0 0 0 0 0 0 0 0 0 0 0 0 0 0 0 0 0 0 0 0 0 0 0 0 0 0 0 0 21 0 0 0 0 0 0 0 0 0 0 0 0 13 0 0 0 0 0 0 0 0 0 0 0 0 0 0 0 73 17 15 55 0 0 28 21 16 41 0 12 0 27 40 0 66 0 14 1 0 0 0 0 0 0 0 0 0 0 0 0 0 0 0 0 0 0 0 0 0 0 0 0 0 0 0 0 0 0 0 12 0 0 0 0 0 0 0 0 0 0 0 0 0 0 0 0 0 0 0 0 0 0 11 0 4 0 0 2 0 1 0 0 0 0 0 0 0 0 0 0 0 0 0 0 0 0 0 0 0 0 0 0 0 0 0 0 0 0 
 0 1 0 0 0 2 0 0 2 2 0 0 3 22 0 0 4 4 2 0 348 359 65 288 92 46 487 120 120 133 94 478 59 413 0 327 47 40 114 137 3 0 3 0 0 0 0 0 6 0 0 0 0 0 3 0 3 3 0 2 0 0 0 0 7 0 6 0 0 0 3 0 0 3 0 0 1 0 0 0 0 0 0 0 0 0 0 0 0 0 0 2 0 0 0 0 0 0 0 0 23 47 21 34 0 0 0 49 21 12 22 0 0 17 10 17 32 18 0 0 0 0 0 0 0 0 0 0 0 0 0 0 0 0 1 0 0 0 0 0 0 0 0 0 0 0 0 0 2 0 0 0 0 0 8 0 0 0 0 0 0 0 0 0 4 0 0 0 0 24 0 0 0 0 0 0 0 0 2 0 39 12 42 9 0 0 3 30 24 32 22 10 0 14 3 98 7 10 0 0 0 0 0 0 0 0 0 0 0 0 0 0 0 1 0 0 0 0 0 0 0 0 0 0 0 0 0 0 0 0 0 0 0 0 0 0 0 0 0 0 0 0 4 0 0 0 0 0 0 0 0 0 0 0 20 0 0 0 0 0 29 2 0 0 0 0 0 0 0 0 0 0 0 0 0 0 0 0 0 0 0 0 0 0 0 0 0 0 0 0 
 0 0 0 3 2 0 0 0 0 0 0 0 0 24 0 0 0 0 0 0 258 251 349 70 135 265 56 222 450 508 94 59 61 266 327 0 370 224 44 203 0 0 3 0 0 0 0 0 0 0 0 0 0 60 3 0 3 0 0 63 0 0 0 0 3 0 0 45 0 0 0 0 0 0 0 0 0 0 1 0 0 0 0 0 0 0 0 0 0 0 0 0 0 1 0 0 0 0 0 0 11 8 1 32 37 0 0 18 9 40 34 21 0 5 0 48 39 49 0 0 0 0 0 0 0 1 0 0 0 0 0 0 0 3 0 0 0 0 1 0 0 0 0 0 0 3 0 0 0 0 0 0 0 0 0 0 0 0 0 0 0 0 0 0 2 0 0 0 0 0 0 0 0 0 0 0 0 0 0 0 0 0 18 27 0 0 0 1 33 44 51 56 0 0 0 56 21 26 0 0 0 0 0 0 0 0 0 16 0 0 0 0 0 0 0 0 0 0 1 0 0 0 0 0 2 0 0 0 0 0 0 0 0 8 0 0 2 0 0 0 0 0 12 0 0 0 0 0 0 0 0 0 0 0 10 0 2 2 2 2 15 18 0 0 0 0 0 0 0 0 0 0 0 0 0 0 0 0 0 0 0 15 0 0 0 0 0 0 0 0 
 0 0 0 0 0 9 0 0 0 3 0 0 0 0 0 0 0 0 0 0 33 184 200 218 36 69 45 29 280 255 208 35 26 18 47 370 0 264 34 32 2 0 3 0 67 0 0 0 0 0 0 0 0 0 3 0 3 0 0 1 0 0 0 0 3 0 0 0 0 0 0 0 8 0 0 0 0 0 4 0 0 0 0 0 0 0 0 0 0 0 0 0 0 0 1 0 0 0 0 0 1 10 1 19 19 11 0 1 9 41 72 40 0 0 0 15 2 19 0 0 0 0 1 0 0 0 0 0 0 0 0 0 0 8 0 0 0 0 1 0 0 0 0 0 0 0 0 0 0 0 1 0 0 0 0 0 0 0 1 0 0 0 0 0 0 0 0 2 0 0 0 0 0 0 0 6 2 0 0 0 1 0 16 39 11 15 0 1 32 1 40 49 2 0 0 21 2 49 0 0 0 0 0 0 0 0 0 0 0 0 0 0 0 0 0 0 0 0 0 0 0 0 0 1 0 0 0 0 0 0 0 0 0 0 0 0 0 0 0 0 0 0 6 0 0 0 0 0 0 0 0 0 0 0 4 0 0 0 146 0 0 8 0 0 0 0 26 0 0 0 0 0 0 0 0 0 0 1 0 0 0 19 0 1 0 0 0 0 0 0 
 0 0 2 0 0 2 0 0 0 0 0 0 9 3 0 0 0 0 0 0 26 54 459 350 37 71 37 37 339 115 372 62 38 31 40 224 264 0 33 37 0 4 6 1 3 4 0 0 62 6 4 5 3 6 2 3 5 2 0 1 0 0 6 6 9 3 3 0 57 4 0 0 5 35 3 2 0 0 10 9 0 0 0 0 0 0 0 0 0 0 0 0 0 0 0 0 0 0 0 0 0 0 0 23 49 16 0 0 9 46 22 49 2 0 0 78 0 27 0 0 0 0 18 8 0 0 0 0 0 0 0 0 0 9 0 0 0 8 4 0 0 0 0 0 0 0 0 0 0 0 0 0 0 0 0 0 0 0 0 0 0 0 0 0 0 0 0 20 0 0 0 0 0 0 0 5 0 0 0 0 0 0 9 40 36 0 0 0 21 0 14 45 0 0 0 6 0 33 0 0 12 0 0 0 0 1 0 0 0 0 0 0 0 0 0 0 0 0 8 0 0 0 0 0 0 0 0 0 0 0 0 0 0 0 0 0 0 0 0 0 0 0 29 0 0 0 0 0 0 0 0 0 0 0 4 3 3 147 150 0 4 9 0 0 0 0 8 0 0 0 2 0 0 2 0 0 0 0 0 0 0 23 0 0 0 0 11 0 0 0 
 0 2 3 0 2 304 0 84 0 0 0 1 0 0 0 2 0 0 0 0 29 55 51 70 72 41 95 61 524 92 38 29 422 96 114 44 34 33 0 281 0 0 3 0 0 0 0 0 0 0 0 0 0 1 3 0 2 0 0 2 0 0 0 0 3 0 0 0 0 0 0 2 0 0 0 0 0 0 0 0 0 0 0 0 5 7 0 0 0 0 0 0 0 0 0 0 0 10 0 10 0 9 18 0 0 8 34 0 1 0 0 0 42 32 30 0 0 0 23 45 0 0 0 13 0 0 0 0 0 0 0 0 8 0 0 0 0 0 0 0 2 0 0 0 0 0 0 1 0 0 0 0 0 1 0 0 0 0 0 0 0 0 0 2 15 9 0 19 0 20 0 0 0 0 0 0 0 0 0 0 40 11 0 0 0 0 30 1 0 0 0 0 0 23 16 0 0 0 10 36 0 14 0 0 0 16 0 0 0 0 0 2 0 0 0 0 0 0 0 0 0 0 0 0 0 0 0 0 0 0 0 0 0 0 0 0 0 0 0 0 0 0 0 0 0 1 0 0 0 0 0 0 0 0 16 0 0 0 0 2 0 0 0 0 0 0 0 0 0 0 0 0 0 0 0 0 0 0 0 0 0 0 0 0 0 0 0 0 0 0 
 0 0 0 3 0 0 0 0 0 0 0 0 1 37 0 0 2 211 0 203 206 281 43 66 94 282 500 60 102 106 79 253 270 291 137 203 32 37 281 0 0 0 3 0 0 0 0 0 0 0 0 0 0 0 2 0 3 6 0 0 0 0 0 0 3 0 9 0 1 0 0 0 0 2 0 0 0 0 0 0 0 0 0 0 0 0 2 0 0 0 0 0 0 0 0 0 0 0 0 0 62 21 23 0 1 1 51 26 23 0 1 0 70 32 62 63 0 0 41 0 0 0 0 0 0 0 0 0 2 0 0 0 0 0 0 0 0 0 0 0 0 0 0 0 0 0 0 0 0 0 0 0 0 1 0 0 1 0 0 0 0 0 0 0 0 1 0 0 2 3 0 0 0 0 0 0 0 0 0 0 31 21 6 0 9 0 80 10 0 2 0 0 0 26 62 0 3 0 0 65 0 0 0 0 2 0 0 0 0 2 0 0 0 0 0 0 0 0 0 0 1 0 0 0 0 0 0 0 0 0 0 0 0 0 0 0 0 0 0 2 0 0 0 0 0 0 0 0 0 0 0 0 0 2 11 3 0 0 0 0 0 0 0 0 0 0 0 0 0 0 0 0 0 0 52 0 0 0 0 0 0 0 0 0 0 0 0 0 0 0 
 0 0 0 0 0 0 0 0 72 2 0 0 0 0 0 0 0 0 0 0 0 0 0 0 0 0 0 0 0 0 0 0 0 0 3 0 2 0 0 0 0 88 278 49 30 27 357 306 55 51 36 45 79 503 466 28 260 51 40 349 0 0 0 0 0 0 55 0 0 0 50 0 0 0 0 0 0 0 0 0 0 0 0 0 0 0 0 0 0 0 0 0 0 0 0 0 0 0 0 0 0 0 0 0 0 0 0 0 0 0 0 0 0 0 0 0 0 0 0 0 16 36 53 7 0 1 0 29 33 8 40 0 0 0 28 42 62 6 0 0 0 0 0 0 0 2 0 0 0 0 0 0 0 0 5 0 0 0 3 0 0 0 0 0 0 0 0 0 0 0 0 0 0 0 0 0 0 0 0 0 0 0 0 0 0 0 0 0 0 0 0 47 0 0 0 0 0 0 0 0 15 49 21 8 0 0 8 11 21 18 3 0 0 3 20 12 34 18 0 0 0 0 0 0 0 0 0 0 0 0 0 0 1 0 0 0 0 0 0 0 0 0 0 0 0 0 0 0 0 19 0 6 0 1 0 0 0 0 1 52 0 0 0 0 0 0 0 0 0 0 0 0 0 0 0 0 0 0 0 0 0 0 3 0 11 0 0 0 1 0 
 3 3 3 3 3 3 3 3 3 3 3 3 3 3 3 3 3 3 3 3 0 6 0 0 11 6 0 0 0 0 0 5 0 0 0 0 0 4 0 0 88 0 333 300 287 102 77 309 316 44 63 39 48 60 320 456 186 29 249 35 11 3 0 3 0 0 2 0 0 4 0 0 0 0 0 0 0 0 5 0 0 0 0 0 0 0 0 0 0 0 0 0 0 0 0 0 0 0 0 0 0 0 0 0 0 2 0 0 0 0 0 0 0 0 0 0 0 0 0 0 1 18 26 18 1 0 0 0 14 38 28 0 6 0 18 17 9 34 7 0 0 1 12 0 0 0 0 0 0 27 0 0 0 0 4 0 0 0 0 0 0 0 0 0 0 0 0 0 0 0 0 0 0 0 0 0 0 0 0 0 0 0 0 0 0 6 0 0 0 0 0 0 0 0 0 0 0 0 0 0 0 9 27 24 0 0 3 1 32 57 0 10 12 0 1 3 36 28 4 8 0 0 0 0 0 0 0 0 0 0 0 0 0 0 0 0 0 0 0 0 0 0 15 0 0 0 0 0 0 0 0 14 0 0 0 0 0 0 0 19 0 0 0 0 0 0 0 0 0 0 24 0 0 0 0 0 0 0 0 0 0 0 0 0 25 23 0 0 0 0 
 0 0 0 2 0 0 0 0 62 0 0 2 2 0 0 0 0 3 3 0 3 4 3 4 3 3 3 3 3 5 30 3 3 3 3 3 3 6 3 3 278 333 0 133 77 39 56 80 274 252 65 54 57 63 489 431 196 254 32 247 4 0 2 6 0 0 1 0 0 2 0 0 2 0 0 3 0 0 0 2 0 0 0 0 0 0 0 0 0 0 0 0 0 0 0 0 15 0 0 0 0 0 0 0 0 0 0 0 0 0 0 0 0 0 0 0 0 0 0 0 0 0 20 19 50 0 0 0 0 107 36 25 0 7 0 34 0 48 0 0 4 0 1 0 0 0 0 0 0 0 0 17 0 0 4 0 0 0 0 0 0 0 0 0 0 0 0 0 0 0 0 0 0 0 0 0 0 0 3 0 0 0 0 0 0 0 0 0 11 0 0 0 0 0 0 0 0 0 0 0 0 0 20 42 26 0 0 0 36 26 34 42 0 0 0 15 4 40 0 0 0 0 0 0 0 0 0 0 0 0 0 0 0 0 0 0 0 0 0 0 0 0 12 0 0 0 0 0 0 0 0 11 0 0 0 0 0 0 0 0 0 0 2 1 2 4 2 1 0 0 13 0 0 0 0 0 0 0 0 0 0 0 0 0 0 14 0 0 0 0 
 0 0 0 0 0 0 0 0 0 0 0 0 3 0 86 0 6 6 3 0 0 4 1 0 0 0 0 0 0 0 0 0 0 0 0 0 0 1 0 0 49 300 133 0 64 49 99 62 94 281 422 250 141 66 274 54 415 216 80 58 1 0 3 10 3 0 1 0 0 8 8 4 0 8 0 0 11 11 0 0 0 0 0 0 0 0 0 0 0 0 0 0 0 0 0 0 0 0 13 0 0 0 0 0 0 0 0 0 0 0 0 0 0 28 0 0 0 0 0 0 0 0 0 10 58 0 0 0 0 0 7 82 0 0 0 0 0 5 0 0 4 0 5 0 8 6 0 0 0 0 0 11 0 0 0 0 0 0 0 0 0 0 0 0 17 3 30 0 0 0 0 0 0 0 0 0 0 0 0 0 0 0 0 0 0 0 0 7 0 0 0 0 0 0 0 0 0 0 0 0 0 0 0 14 64 35 0 0 0 0 89 32 0 0 0 1 0 0 0 0 0 0 0 0 4 12 11 1 0 0 12 0 0 0 1 0 0 0 30 8 0 0 0 0 0 0 0 0 0 0 0 0 0 0 0 0 0 0 1 2 0 0 12 35 0 14 5 30 0 0 0 0 0 0 0 7 0 0 0 0 0 0 0 0 0 0 0 0 0 0 
 0 0 0 0 0 2 0 0 0 0 0 0 0 2 0 0 4 4 0 0 0 0 0 0 0 0 0 63 0 0 208 0 0 0 0 0 67 3 0 0 30 287 77 64 0 284 22 69 86 76 90 515 290 41 70 61 111 27 52 54 0 0 0 0 0 0 1 0 0 0 0 0 0 4 0 0 0 102 0 0 0 0 0 0 0 0 0 0 0 0 0 0 0 0 0 0 0 0 0 0 0 0 0 0 0 0 0 0 0 0 0 7 0 0 0 0 0 0 0 0 0 0 0 0 0 43 0 0 0 0 0 18 0 0 0 0 0 0 0 0 2 0 3 0 6 0 1 0 0 0 0 0 33 0 0 0 0 0 27 8 0 0 0 0 0 0 3 0 0 0 0 0 0 0 0 0 0 0 6 0 0 0 0 0 0 0 0 0 0 0 0 0 0 0 0 0 0 0 0 0 0 0 0 0 0 60 0 0 0 0 1 0 0 0 0 0 0 0 0 0 0 23 0 0 0 0 20 40 0 0 0 0 4 7 0 0 0 0 20 32 0 0 0 0 0 0 0 0 0 0 0 2 0 0 0 0 0 0 71 0 0 15 1 1 2 3 0 1 2 0 0 0 0 0 0 0 0 0 0 0 0 0 0 0 0 0 0 0 0 0 
 0 0 0 0 6 0 0 0 0 3 0 0 0 0 0 0 0 0 0 0 0 4 0 0 213 4 0 0 0 62 4 0 0 0 0 0 0 4 0 0 27 102 39 49 284 0 244 48 36 67 96 273 249 54 246 57 120 46 56 42 0 0 0 0 0 0 1 0 0 0 0 1 1 0 0 0 0 51 106 5 0 0 0 0 0 0 0 0 0 0 0 0 0 0 0 0 0 0 0 15 0 0 0 0 0 19 0 0 0 0 0 0 0 0 0 0 0 0 0 0 0 7 0 0 0 42 13 0 0 0 0 0 6 0 0 0 0 0 23 5 23 0 0 0 0 0 21 7 0 0 0 0 14 0 0 0 2 8 26 21 0 0 0 0 0 0 4 0 0 0 0 0 0 0 0 0 0 0 0 0 0 0 0 0 0 13 0 0 0 0 0 0 0 0 0 0 0 0 0 0 0 0 0 0 0 15 11 4 0 0 0 0 2 5 3 0 0 0 2 15 8 24 0 0 0 0 10 10 0 0 0 0 32 23 5 0 0 0 12 32 0 0 0 0 0 0 0 0 0 0 0 7 0 0 0 0 0 0 1 4 0 0 0 0 0 2 4 0 4 0 0 0 0 0 0 0 0 0 0 0 0 0 0 0 0 0 0 0 0 0 
 0 0 0 0 0 0 0 0 0 0 0 0 0 0 0 0 4 4 0 0 0 0 0 0 0 0 0 0 0 0 0 0 0 0 0 0 0 0 0 0 357 77 56 99 22 244 0 73 75 44 38 245 306 264 50 28 35 39 41 207 0 0 4 0 0 0 3 0 0 0 0 0 0 0 0 0 0 0 1 0 0 1 0 0 0 0 0 0 0 0 0 0 0 0 0 0 0 0 0 9 0 0 0 0 27 0 0 0 0 0 0 0 0 0 0 0 0 0 0 0 38 3 0 0 6 0 12 37 25 0 0 4 10 7 38 8 26 21 0 0 0 0 0 0 0 7 0 5 0 0 0 0 11 0 1 0 0 0 15 2 0 0 0 0 0 0 0 0 0 0 0 0 0 0 0 0 0 0 1 0 0 0 0 0 0 0 0 0 0 0 0 0 0 0 0 0 0 0 0 0 32 34 18 10 0 11 9 29 8 0 0 0 0 21 46 9 11 10 0 1 4 0 1 0 0 0 2 0 0 0 0 0 3 2 0 0 0 0 9 0 0 0 0 0 0 0 0 0 0 26 0 17 0 2 0 0 0 0 1 2 0 0 0 0 0 2 1 0 0 0 0 0 0 0 0 0 0 0 0 0 0 0 0 0 0 0 0 0 2 0 
 0 0 0 3 0 0 0 0 0 3 0 0 0 0 0 0 0 0 0 0 0 6 0 0 0 0 61 0 0 0 0 0 0 0 0 0 0 0 0 0 306 309 80 62 69 48 73 0 70 274 266 27 97 268 84 112 47 29 37 52 7 0 0 3 0 66 0 0 0 0 0 0 0 0 0 0 0 0 0 0 0 0 0 0 0 0 0 0 0 0 0 0 0 0 0 0 0 0 0 0 0 0 0 0 0 0 0 0 0 0 0 0 0 0 0 0 0 0 0 0 27 29 0 10 12 0 1 1 72 24 24 4 0 0 13 17 34 25 0 0 0 0 0 0 0 2 0 3 0 4 0 0 6 8 5 0 0 0 11 0 0 0 0 0 0 0 0 0 0 0 0 0 0 0 0 0 0 0 0 0 0 0 0 0 0 0 0 0 0 0 0 0 0 0 0 0 0 0 0 0 1 12 27 15 0 6 6 9 25 17 0 0 0 0 11 6 29 16 0 0 2 0 0 0 0 0 0 0 0 0 0 0 9 0 0 10 0 0 23 0 0 0 8 0 0 0 0 0 0 26 0 6 2 2 0 0 0 0 0 4 0 0 2 0 0 3 0 0 0 0 0 0 0 0 0 0 0 0 0 0 0 0 0 0 10 0 0 0 2 0 
 3 3 3 65 3 9 3 3 3 3 37 3 3 3 3 3 3 3 4 3 0 0 0 0 0 2 0 0 0 0 3 0 0 0 6 0 0 62 0 0 55 316 274 94 86 36 75 70 0 276 59 47 75 300 97 228 160 313 89 59 1 0 0 4 0 0 1 0 13 0 0 0 0 0 0 0 0 0 0 0 0 0 0 11 0 0 0 0 0 0 0 0 0 0 0 0 0 0 0 0 0 0 0 0 0 0 0 0 0 0 0 0 0 0 0 0 0 0 0 0 0 1 30 28 28 0 0 0 1 24 29 20 0 0 1 19 5 54 0 0 7 0 1 0 0 0 0 0 0 0 0 6 0 0 5 0 0 0 0 0 0 10 0 0 0 0 0 0 0 0 0 0 0 0 0 0 0 0 0 0 0 0 0 1 0 0 0 0 0 0 0 0 0 0 0 0 0 0 0 0 0 0 13 17 16 0 0 1 26 56 21 56 0 0 1 30 23 18 0 0 0 0 0 0 0 10 0 0 0 0 0 0 0 0 15 0 0 0 1 0 0 0 6 0 0 0 0 0 0 0 0 5 0 0 0 1 0 0 0 2 0 0 1 1 2 0 0 1 0 0 12 0 0 0 0 0 30 0 0 0 0 0 0 0 0 24 0 0 0 11 
 0 0 0 0 0 0 2 0 0 0 0 0 2 0 0 64 0 3 2 0 0 0 0 0 23 0 0 0 0 0 65 0 0 0 0 0 0 6 0 0 51 44 252 281 76 67 44 274 276 0 523 57 65 70 86 240 241 38 77 98 14 0 0 0 0 0 2 0 0 0 0 0 0 2 0 0 0 0 0 0 0 0 0 0 0 0 0 0 0 0 0 0 0 0 0 0 0 0 0 0 0 0 0 0 0 0 0 0 0 0 0 0 0 0 0 0 2 0 0 0 23 7 21 11 31 19 1 0 3 3 2 43 0 0 5 0 1 12 0 6 20 0 1 0 1 0 0 0 0 0 0 7 0 0 0 0 0 0 0 0 0 0 0 0 0 0 0 0 0 0 0 0 0 0 0 0 0 0 0 0 0 0 0 0 0 0 0 0 0 0 0 0 0 0 0 0 0 0 0 0 22 0 1 12 30 4 0 12 19 14 22 55 0 8 3 0 16 13 0 0 0 0 0 0 0 0 0 0 0 3 10 0 0 7 0 0 0 0 9 0 0 0 17 0 0 0 0 0 0 0 0 2 0 2 0 0 0 2 0 0 4 0 64 63 0 12 5 64 6 0 13 0 0 0 0 0 0 0 0 0 0 4 0 0 0 11 0 0 2 0 
 0 0 49 3 0 0 3 0 0 3 0 0 0 0 0 0 0 0 0 39 0 8 0 0 0 0 0 0 0 0 0 0 0 49 0 0 0 4 0 0 36 63 65 422 90 96 38 266 59 523 0 239 45 25 69 68 228 260 51 44 0 0 0 0 48 0 1 0 0 0 0 0 0 6 0 0 0 0 205 0 0 0 0 0 10 0 1 0 0 0 0 0 0 0 0 0 0 0 0 0 8 0 0 0 0 0 0 0 0 0 0 0 0 0 0 0 0 0 0 0 4 6 3 10 58 0 7 0 0 0 6 41 0 0 0 0 0 1 0 5 5 0 2 0 4 0 0 0 0 0 0 4 0 0 0 0 0 0 0 0 0 0 0 0 0 0 0 0 0 0 0 0 0 0 0 0 0 0 0 0 0 0 0 0 0 0 0 0 0 0 0 0 0 0 0 0 9 0 0 0 16 0 0 1 52 30 0 9 1 1 31 24 5 15 4 0 1 1 0 0 0 0 0 0 0 0 2 0 0 0 11 0 0 0 0 0 0 0 20 7 0 0 0 0 0 0 0 0 0 0 0 7 0 0 0 0 0 0 0 16 0 0 38 1 4 13 0 67 1 0 1 0 0 0 0 0 0 0 0 0 0 0 0 0 0 0 0 0 0 0 
 1 0 0 0 0 51 0 0 0 0 1 0 0 0 0 0 6 6 0 0 203 0 0 0 0 0 1 0 0 0 0 6 0 0 0 0 0 5 0 0 45 39 54 250 515 273 245 27 47 57 239 0 44 31 33 28 82 70 241 37 51 0 0 0 0 0 2 0 0 0 0 0 0 15 0 0 0 0 1 0 0 0 0 0 0 0 0 0 0 0 0 0 0 0 0 0 0 3 0 0 0 0 0 0 0 0 0 0 0 0 0 0 0 0 0 0 0 0 0 0 0 0 0 0 0 18 0 0 0 0 0 18 0 0 0 0 0 0 0 0 1 0 3 11 2 0 0 1 0 0 0 26 1 0 0 0 0 0 34 0 0 0 0 0 0 0 5 0 0 0 0 0 0 0 0 0 0 0 0 0 0 0 9 0 0 0 0 0 0 0 0 0 0 0 0 0 0 0 0 0 0 0 0 0 20 29 14 0 0 0 28 0 0 0 0 0 0 0 0 0 0 0 0 0 0 0 11 0 0 0 14 0 10 0 0 0 0 0 37 27 0 0 0 0 0 0 0 0 0 0 0 6 0 6 0 0 0 0 0 3 0 1 66 95 1 14 1 64 0 0 0 0 0 0 0 0 0 0 0 0 0 4 0 0 0 0 0 0 2 0 
 0 0 0 0 0 0 0 0 0 0 0 0 0 0 0 0 1 0 0 0 0 0 0 0 0 1 0 0 0 74 1 0 0 0 0 0 0 3 0 0 79 48 57 141 290 249 306 97 75 65 45 44 0 154 255 44 31 34 356 195 1 0 13 0 0 0 7 1 9 0 61 0 4 0 7 0 0 0 12 0 0 0 0 0 0 0 0 0 0 0 0 0 0 0 0 0 0 0 13 0 0 0 0 0 0 0 0 0 0 0 0 0 0 0 0 0 0 14 1 0 19 10 0 0 0 0 31 42 0 0 0 0 13 5 4 6 0 0 0 20 4 0 3 0 0 0 0 4 0 0 0 0 6 4 0 1 0 0 5 7 0 0 0 0 0 0 0 11 0 0 0 0 0 0 0 0 0 3 0 5 1 0 0 0 0 1 0 0 0 0 0 0 0 0 0 0 0 0 0 0 51 29 24 46 0 0 15 29 0 1 0 0 2 63 32 10 0 0 18 0 6 0 4 0 0 0 15 7 0 0 0 0 0 7 3 0 0 0 0 5 0 0 0 0 0 0 0 0 0 0 0 4 0 0 0 0 15 0 0 0 0 0 0 0 1 2 1 0 2 0 0 0 0 0 0 0 0 0 0 0 0 0 0 0 0 0 0 0 2 0 
 0 63 0 0 0 0 0 0 0 0 0 0 0 0 0 0 0 4 0 0 0 0 31 0 0 0 0 0 0 0 0 0 0 0 0 60 0 6 1 0 503 60 63 66 41 54 264 268 300 70 25 31 154 0 322 41 35 37 137 198 0 0 0 0 4 1 48 1 0 2 2 1 1 0 0 0 4 3 2 3 0 0 0 0 0 0 0 0 0 0 0 0 0 0 0 0 0 0 0 0 0 0 0 0 0 0 0 0 0 0 0 0 0 0 0 0 0 0 0 0 27 29 0 2 2 0 0 15 31 0 0 1 0 0 26 21 27 35 1 1 0 0 0 21 0 9 0 2 0 0 0 0 9 0 3 0 0 0 14 3 0 0 0 0 0 0 0 0 0 0 0 0 0 0 0 0 0 0 16 0 0 0 0 0 0 0 0 0 0 0 0 0 0 0 0 0 0 0 0 0 8 48 24 4 0 8 1 8 5 8 0 1 0 0 33 12 42 5 0 0 6 0 0 0 0 0 3 0 0 0 0 0 1 3 0 0 0 0 9 0 0 0 0 0 0 72 0 0 0 0 0 8 0 0 0 0 0 0 0 23 0 0 0 0 0 2 0 0 2 0 0 0 0 0 0 0 0 0 0 0 0 0 0 0 20 0 0 0 1 0 
 0 0 0 2 0 6 0 0 0 0 0 2 0 47 0 0 0 0 0 0 3 3 3 3 3 3 3 2 3 3 5 3 2 2 3 3 3 2 3 2 466 320 489 274 70 246 50 84 97 86 69 33 255 322 0 220 41 43 71 111 1 0 0 10 0 0 0 0 1 0 0 0 0 0 0 0 0 0 0 0 0 0 0 0 0 0 0 0 0 0 0 0 0 0 0 0 0 0 0 0 0 0 0 0 0 0 0 0 0 0 0 0 0 0 0 0 7 0 0 0 91 42 8 11 0 0 0 0 36 31 32 0 0 0 15 36 43 28 0 0 0 0 0 0 0 2 0 0 0 0 0 5 0 0 20 0 0 0 1 0 0 0 0 0 0 0 0 0 0 0 0 0 0 0 0 0 0 57 0 0 0 0 0 0 0 0 0 0 0 0 0 0 0 0 0 0 0 0 0 0 2 23 33 22 0 0 6 0 26 28 0 0 0 15 18 10 31 23 0 4 0 0 0 0 0 0 0 0 0 0 0 0 0 0 0 0 0 0 0 0 0 0 0 0 0 0 0 0 0 0 0 0 0 0 1 0 0 0 0 5 0 0 2 0 0 2 0 0 0 0 0 0 0 0 0 0 0 0 0 0 0 0 0 0 6 26 0 0 0 0 
 0 75 0 0 0 0 0 0 0 0 0 0 2 0 0 0 0 0 2 0 0 0 0 0 0 0 0 0 0 0 0 0 0 0 0 0 0 3 0 0 28 456 431 54 61 57 28 112 228 240 68 28 44 41 220 0 255 170 30 69 21 0 0 8 1 48 1 0 2 2 4 1 0 0 0 0 1 1 0 0 0 0 0 0 9 0 0 0 0 0 0 0 0 0 0 0 0 0 0 0 0 0 0 0 0 0 0 0 0 0 0 8 0 0 0 0 0 0 0 0 1 14 20 32 16 0 0 0 2 17 24 17 0 0 1 25 1 10 0 12 8 0 0 0 0 5 0 0 0 0 0 3 0 0 1 0 7 0 0 0 0 9 0 0 0 0 0 0 0 0 0 0 0 0 0 0 0 0 0 0 0 0 0 0 0 0 0 0 0 0 0 0 0 0 0 0 0 0 0 0 0 7 5 14 17 0 0 2 15 38 13 26 0 0 1 8 19 16 0 0 0 0 0 0 2 2 0 0 0 0 12 0 0 0 0 0 0 1 0 0 0 0 13 0 0 0 0 0 0 0 0 1 0 0 0 0 0 0 0 1 0 0 1 2 0 1 27 0 0 1 7 0 0 0 0 7 0 0 0 0 0 0 0 0 0 15 0 0 0 0 
 0 0 0 0 0 3 2 0 0 3 0 0 1 4 0 0 2 2 1 0 3 5 3 3 3 2 3 3 3 3 3 2 3 3 3 3 3 5 2 3 260 186 196 415 111 120 35 47 160 241 228 82 31 35 41 255 0 241 52 27 5 0 0 3 0 0 1 0 0 0 0 0 0 0 0 0 0 0 0 0 0 0 0 0 0 18 0 0 0 0 0 0 0 0 0 0 0 0 0 0 0 0 0 0 0 0 0 0 0 0 0 0 0 0 0 0 0 0 0 0 0 16 29 33 70 8 0 1 1 38 32 8 0 0 1 2 3 33 9 23 5 8 0 0 1 0 0 0 0 0 0 9 0 0 0 0 0 0 0 0 0 0 0 0 0 0 0 7 0 0 0 0 0 0 0 0 0 0 0 0 0 0 0 0 0 0 0 0 0 0 0 0 0 0 0 0 0 0 0 0 0 2 12 23 44 0 0 0 20 11 27 31 0 0 0 9 10 19 0 0 0 0 0 0 0 0 0 0 0 0 0 0 0 0 0 0 0 0 0 0 0 0 9 0 0 0 0 0 0 0 0 3 0 0 0 0 0 0 1 0 0 21 70 0 0 4 0 0 0 0 12 0 0 0 0 0 0 0 0 0 0 0 8 0 3 6 0 0 2 0 
 0 0 0 0 0 0 0 0 65 0 0 0 1 0 0 0 2 3 0 0 0 0 0 0 0 0 0 0 0 0 1 2 0 0 3 0 0 2 0 6 51 29 254 216 27 46 39 29 313 38 260 70 34 37 43 170 241 0 35 25 0 0 0 0 0 0 2 0 0 0 0 0 0 5 0 0 0 0 0 0 0 0 0 0 0 0 0 0 0 0 0 0 0 0 0 0 0 0 0 0 0 0 0 0 0 0 0 0 0 0 0 0 0 0 0 0 0 0 0 0 0 0 29 9 29 0 0 0 10 0 2 33 0 0 0 0 0 11 0 0 9 0 1 0 0 0 0 0 0 0 0 7 0 0 0 0 0 0 0 0 0 0 0 0 0 0 0 0 0 0 0 0 0 0 0 0 0 0 0 0 0 0 0 22 0 0 0 0 0 0 0 0 0 0 0 0 0 0 0 0 0 0 0 12 41 0 0 0 8 10 26 63 0 0 0 0 9 12 0 0 0 0 0 8 9 0 0 0 0 0 11 0 0 0 0 0 0 0 14 22 0 0 10 0 0 0 0 0 0 0 0 16 0 0 0 0 0 0 0 8 0 0 67 62 0 18 0 62 0 0 13 0 0 0 0 0 0 0 0 0 0 0 0 0 0 14 0 0 0 0 
 0 0 0 0 0 1 0 0 0 3 0 0 0 0 0 0 0 0 0 0 2 0 0 0 4 272 0 0 0 0 1 0 0 0 0 0 0 0 0 0 40 249 32 80 52 56 41 37 89 77 51 241 356 137 71 30 52 35 0 266 0 0 4 0 0 24 0 0 0 0 0 0 0 0 0 0 0 0 0 0 0 0 0 0 0 0 0 0 0 0 0 0 0 0 0 0 0 0 0 0 0 0 0 0 1 0 0 0 0 0 0 1 0 0 0 0 0 0 0 0 19 0 0 0 0 4 22 10 1 9 0 0 22 30 6 0 8 0 18 13 0 0 0 0 0 0 0 0 0 0 0 0 4 0 0 0 0 0 0 0 0 0 0 1 0 0 0 0 0 9 0 13 0 0 0 0 0 3 0 6 0 0 0 0 1 8 0 8 0 0 9 0 0 0 0 0 0 0 0 0 21 0 0 0 0 0 17 13 0 0 0 0 18 36 10 7 0 0 6 18 0 0 0 0 0 0 0 0 0 0 0 0 0 0 0 10 0 0 0 0 0 0 0 0 0 0 0 0 0 0 0 6 0 0 0 0 0 0 1 0 0 0 2 0 0 2 0 0 0 0 0 0 0 0 0 0 0 0 0 0 0 0 0 0 0 0 0 0 1 0 
 64 0 0 0 0 7 0 0 0 0 0 0 0 2 0 0 0 0 0 0 1 1 26 1 1 1 1 0 1 1 1 2 0 0 2 63 1 1 2 0 349 35 247 58 54 42 207 52 59 98 44 37 195 198 111 69 27 25 266 0 0 3 4 0 40 0 2 0 3 0 0 0 0 0 0 0 3 1 0 0 0 0 0 0 0 0 0 0 0 0 0 0 0 0 0 0 0 0 0 0 0 0 0 0 0 0 0 8 0 0 0 0 0 0 0 0 0 0 0 0 10 8 0 0 0 0 11 20 13 0 11 0 9 6 22 15 1 10 0 0 0 0 0 0 0 4 0 8 0 0 0 0 0 0 0 0 0 0 3 0 0 0 0 0 0 0 0 0 0 0 0 0 0 0 0 0 0 0 0 2 0 0 0 0 0 0 0 0 0 0 0 0 0 0 0 0 0 0 0 0 27 16 10 0 0 0 18 28 0 0 0 0 0 29 35 19 0 0 10 18 20 0 0 0 0 0 0 0 0 0 0 0 0 0 0 0 0 0 0 0 0 0 0 0 0 0 0 0 0 0 2 2 0 1 0 0 0 0 2 0 0 0 2 0 0 0 0 0 0 0 0 0 0 0 0 0 0 0 0 0 0 0 1 0 0 0 0 0 1 0 
 0 0 0 0 51 0 3 0 0 0 0 0 0 3 0 0 0 0 5 0 0 0 0 0 0 0 0 0 0 0 0 0 0 0 0 0 0 0 0 0 0 11 4 1 0 0 0 7 1 14 0 51 1 0 1 21 5 0 0 0 0 60 67 256 30 203 210 230 87 237 254 30 259 136 215 28 253 29 279 89 0 0 0 0 0 0 0 0 0 0 0 0 0 0 0 0 0 0 0 0 0 0 0 0 0 0 0 0 0 0 0 0 0 0 0 0 0 0 0 0 0 5 1 5 0 0 0 1 0 4 4 0 0 0 0 1 0 4 0 0 0 17 13 18 0 0 0 0 16 9 0 9 0 0 15 16 13 41 0 0 0 0 0 0 0 0 0 0 1 0 0 1 0 0 0 0 0 0 0 0 0 0 0 0 0 0 0 0 0 0 0 0 0 0 0 0 0 0 0 0 0 1 4 0 0 0 11 0 3 3 3 5 0 0 0 7 2 2 0 0 10 10 41 10 0 0 7 12 40 45 1 0 0 0 13 9 19 9 0 0 0 0 4 10 0 0 0 0 0 0 0 0 0 0 19 0 26 0 0 0 0 0 0 0 0 0 0 0 0 0 4 1 0 0 2 0 0 0 0 0 0 0 0 0 0 2 0 0 0 0 
 0 0 0 2 0 0 0 0 0 0 0 0 0 0 0 0 0 0 0 0 0 0 0 31 0 50 0 52 0 0 0 0 0 0 0 0 0 0 0 0 0 3 0 0 0 0 0 0 0 0 0 0 0 0 0 0 0 0 0 3 60 0 222 60 61 51 69 227 209 278 35 48 45 66 211 183 44 51 55 52 0 0 0 0 0 0 0 0 0 0 0 0 0 0 0 0 0 0 0 0 0 0 0 0 0 0 0 0 0 3 0 0 1 0 0 0 0 0 0 0 0 0 0 0 0 0 0 0 0 0 0 0 0 0 0 0 0 17 0 0 0 0 14 19 0 0 0 0 9 26 12 10 0 0 0 0 9 26 0 0 0 0 0 0 0 0 0 0 2 0 0 0 0 0 0 0 0 0 0 0 0 0 0 0 0 0 0 0 0 0 0 0 0 4 0 0 0 0 0 0 0 0 0 0 0 0 0 0 0 0 0 0 0 0 0 0 0 0 0 0 0 9 20 65 3 0 0 0 23 9 1 6 0 0 0 10 67 36 0 0 10 0 0 0 0 0 0 0 0 0 0 0 0 0 7 0 0 0 0 0 0 0 0 0 0 0 0 0 0 0 18 0 0 7 2 2 0 0 0 0 0 0 0 0 0 0 0 0 0 0 
