 0 111 97 40 119 244 442 385 55 34 40 31 44 164 380 34 105 100 43 53 5 3 3 0 3 0 2 0 2 0 0 0 0 0 5 0 0 0 0 3 7 2 3 3 2 0 0 0 3 0 0 0 99 0 0 0 9 3 0 4 0 0 0 13 3 2 0 11 0 3 2 0 3 0 0 0 0 47 0 4 43 61 21 0 0 0 24 30 32 0 0 0 0 39 15 29 6 0 0 18 0 0 6 0 10 0 0 0 0 0 0 0 57 0 0 9 0 0 0 0 0 0 0 0 0 0 0 0 9 0 0 0 0 0 0 0 0 0 0 0 0 0 0 0 5 0 1 0 5 12 0 0 0 0 0 0 0 0 0 0 25 51 17 0 0 0 2 44 0 15 1 0 0 20 29 0 0 1 1 15 0 0 0 0 0 0 0 0 0 0 0 0 0 0 0 0 0 0 0 0 0 0 0 0 0 0 0 0 0 0 0 0 0 0 0 0 0 0 0 1 0 0 0 0 0 0 0 0 0 0 0 0 0 22 0 0 0 0 0 0 0 0 0 0 0 2 0 0 0 0 0 12 2 0 0 0 0 0 0 0 0 0 0 0 0 0 0 0 66 0 0 0 0 0 0 0 0 0 0 0 0 0 0 0 0 0 0 0 0 0 
 111 0 504 128 16 33 66 443 701 47 42 44 30 65 501 506 387 111 46 76 0 0 3 0 3 0 2 0 4 0 0 0 0 0 0 2 0 0 0 5 3 2 0 3 0 0 0 0 0 0 0 0 3 0 0 0 3 3 0 1 0 0 0 3 2 0 0 3 0 3 2 0 3 31 0 0 0 0 0 3 0 36 32 16 0 0 0 0 73 34 0 21 0 0 1 36 37 0 0 0 0 0 0 0 0 0 0 0 0 2 0 0 1 21 0 0 0 0 1 0 0 0 0 0 0 0 0 0 10 0 0 0 0 0 0 0 0 1 0 0 0 0 0 0 1 2 0 0 6 0 0 0 1 0 0 0 0 0 0 2 0 33 33 10 0 0 3 10 25 47 37 2 1 0 10 33 11 20 0 0 0 0 0 0 0 0 0 0 0 0 0 0 0 0 0 0 0 0 2 0 0 0 0 0 0 0 0 0 0 0 0 0 1 0 0 0 0 0 0 0 0 0 0 0 0 0 0 0 0 0 2 0 1 0 0 0 0 0 0 0 0 0 0 0 0 0 0 0 0 0 0 15 10 0 0 0 0 0 0 0 0 0 14 0 0 0 0 0 0 0 0 0 0 0 0 10 0 9 0 0 0 0 0 0 0 0 0 0 0 0 
 97 504 0 88 48 50 45 96 207 395 45 44 40 75 70 305 101 451 28 41 74 0 3 0 3 0 1 0 1 0 1 0 0 0 0 3 0 0 0 3 3 2 0 3 0 0 0 0 0 0 0 0 3 0 0 0 3 3 0 8 0 0 0 3 2 0 0 0 0 3 3 0 3 0 3 0 50 54 0 7 0 0 17 39 0 0 0 0 45 27 24 25 0 0 0 16 58 23 0 0 0 0 0 0 0 0 0 1 0 0 0 0 0 0 0 1 0 0 1 0 0 0 0 0 0 0 0 0 0 0 0 2 0 0 0 0 0 0 1 0 0 0 0 0 0 0 0 0 4 0 0 2 0 0 0 0 0 0 0 1 15 1 23 24 7 1 3 0 34 16 32 22 0 0 17 31 56 56 1 0 0 0 3 0 0 0 1 0 0 0 0 0 0 0 0 0 0 0 0 0 0 0 0 0 20 0 22 19 0 0 0 0 0 0 1 0 1 0 0 0 0 0 0 0 0 0 0 0 2 0 0 0 0 0 0 0 0 0 0 0 0 60 0 0 0 0 2 0 0 6 2 11 22 0 0 0 0 0 0 35 0 0 11 0 0 0 0 0 0 0 0 0 0 0 0 36 0 33 0 0 0 0 0 0 0 0 0 0 0 0 
 40 128 88 0 91 44 93 48 91 497 204 404 63 91 281 126 63 662 140 55 0 0 3 0 3 0 1 0 1 0 0 0 0 73 0 0 0 0 1 3 3 2 0 3 0 0 0 0 36 0 0 0 3 0 0 0 3 3 0 3 0 0 0 3 2 0 0 0 0 3 3 0 3 0 7 0 0 0 0 0 1 0 3 32 32 3 0 0 1 6 52 40 0 0 0 13 1 37 0 0 0 0 0 0 0 0 0 2 0 0 0 0 11 0 0 0 0 0 11 1 0 0 0 0 0 0 0 0 2 0 0 0 0 0 0 12 2 0 0 0 0 0 0 0 0 0 0 0 0 0 0 0 0 0 0 1 0 0 0 1 0 0 1 43 18 21 0 0 21 2 13 70 0 0 0 3 20 15 0 1 0 0 0 0 0 0 4 0 0 0 0 0 11 0 0 0 0 0 14 0 2 0 0 0 0 0 0 0 0 0 0 0 0 0 2 0 0 0 0 0 0 0 0 0 0 0 0 28 0 0 0 0 0 0 0 0 0 0 0 1 0 10 0 0 0 0 54 0 2 108 0 8 0 2 0 0 0 0 0 0 0 0 1 0 0 0 1 0 0 0 0 0 0 0 0 34 20 0 0 0 0 0 0 0 0 0 0 0 0 0 
 119 16 48 91 0 292 45 46 78 54 118 225 66 578 174 274 140 141 54 276 0 32 4 1 3 0 1 0 0 0 0 3 0 0 3 0 0 0 0 3 3 2 63 3 55 0 0 0 0 0 0 6 3 0 67 0 3 3 0 1 2 0 0 3 2 6 0 0 0 3 3 0 3 15 0 0 0 0 4 33 0 0 0 0 3 27 0 0 0 0 0 1 0 0 0 14 0 0 0 0 0 0 0 0 0 0 11 0 0 0 0 0 11 0 1 0 0 0 2 13 0 0 0 0 0 0 0 0 0 0 0 0 0 0 0 0 0 0 0 0 0 0 0 0 1 10 0 0 0 0 0 0 0 0 0 0 0 0 0 0 0 0 0 1 0 0 0 0 0 0 6 1 0 0 0 1 0 0 0 0 0 0 0 0 0 0 0 0 0 0 0 0 6 9 0 0 2 0 19 18 0 14 0 0 0 0 0 0 0 0 0 0 0 0 0 0 0 0 11 2 0 0 0 0 0 0 0 0 0 0 0 0 0 0 0 0 0 0 0 0 0 1 0 0 0 1 8 1 6 1 0 8 0 0 2 0 0 0 0 0 0 0 0 0 0 0 0 0 0 0 0 0 0 0 0 0 14 0 0 0 0 0 0 0 0 0 0 0 0 0 
 244 33 50 44 292 0 42 34 43 50 270 40 105 54 94 294 84 55 31 41 0 2 3 0 3 0 1 0 0 0 74 0 8 1 0 0 0 0 298 3 3 2 0 3 0 0 0 0 0 0 0 64 3 0 73 0 3 3 0 1 0 0 0 9 3 0 0 0 0 3 3 0 3 0 0 0 0 0 0 0 0 0 0 0 25 53 0 0 0 0 0 1 0 0 0 2 0 0 0 0 0 0 0 0 0 0 84 15 0 0 0 0 15 2 0 0 0 0 34 70 0 0 0 0 0 0 0 0 0 0 0 0 0 0 1 0 0 0 0 0 0 0 0 0 0 0 0 0 0 0 0 0 0 0 1 0 1 2 0 0 0 0 0 1 65 24 0 0 2 0 4 2 0 0 0 1 0 1 0 0 1 0 0 0 0 0 26 0 0 0 0 0 34 13 29 2 0 0 31 44 0 11 0 0 0 0 0 0 1 0 0 0 0 0 0 0 0 0 0 0 0 0 0 0 0 0 0 0 0 0 0 0 0 0 0 0 0 0 0 0 0 1 0 0 0 5 0 0 0 5 4 14 0 0 0 0 0 0 2 0 0 0 0 0 0 0 0 2 0 0 0 0 0 0 0 0 0 0 0 0 0 0 0 0 0 2 0 0 0 0 
 442 66 45 93 45 42 0 95 44 20 39 473 452 640 90 40 32 30 62 421 0 0 3 3 3 0 0 0 1 74 0 0 0 0 0 0 1 23 0 3 3 2 0 3 0 0 1 0 0 0 0 0 3 0 0 8 3 3 0 0 0 0 0 22 2 0 0 0 0 3 3 0 3 0 0 0 0 1 0 0 56 48 11 0 0 0 33 103 1 0 0 0 43 66 39 2 14 0 5 34 0 0 0 0 0 0 0 0 0 0 0 0 0 0 0 0 0 0 0 0 0 0 0 0 0 0 0 0 0 0 0 0 0 0 0 0 0 0 0 0 0 0 0 0 8 0 0 0 2 0 0 0 0 0 0 0 0 0 0 1 38 12 4 0 0 0 42 45 12 0 0 0 8 31 37 8 0 0 51 11 0 0 0 0 0 0 0 0 0 0 0 0 0 0 0 0 0 0 0 0 0 0 0 0 0 0 0 0 0 0 0 0 0 0 0 0 0 0 0 0 0 0 0 0 11 0 0 0 0 0 0 0 0 0 0 0 0 0 0 14 0 0 1 0 0 2 2 2 2 1 1 10 0 0 2 14 0 0 0 0 0 0 0 0 0 0 0 0 0 0 0 0 0 0 0 0 0 0 0 0 0 0 0 0 0 0 0 0 0 0 
 385 443 96 48 46 34 95 0 58 63 273 56 76 518 192 239 39 27 60 52 0 0 3 0 3 0 0 0 1 2 0 0 0 0 0 0 1 0 0 3 3 2 0 29 0 0 0 0 0 0 0 1 4 0 0 0 3 9 0 1 0 0 0 6 3 0 0 17 0 3 3 0 2 0 0 0 0 4 0 22 29 66 23 0 0 0 13 0 30 1 0 2 0 45 11 33 56 0 0 0 0 0 0 0 0 0 0 0 0 0 0 0 0 0 0 1 0 0 0 0 0 0 0 0 0 0 0 0 8 0 0 0 0 0 0 2 0 0 0 9 0 0 0 0 1 2 9 0 7 0 0 0 0 0 0 0 0 0 0 1 16 29 38 1 0 0 4 22 26 25 0 0 0 12 28 10 20 4 0 1 0 0 0 0 0 0 0 0 0 0 2 0 0 0 0 0 0 0 14 0 0 0 0 0 0 0 0 0 0 0 0 0 0 0 0 0 0 0 0 0 0 0 0 0 0 0 0 4 0 0 0 2 0 0 0 0 0 0 0 0 0 0 0 0 0 3 0 0 0 0 0 2 33 0 0 0 0 0 0 0 0 0 1 0 0 0 0 0 0 0 0 0 0 2 0 20 0 0 0 0 0 0 0 0 0 0 0 0 0 0 
 55 701 207 91 78 43 44 58 0 437 41 85 287 311 335 471 178 487 60 54 0 1 3 0 3 0 0 0 1 0 43 3 0 0 0 0 0 0 0 3 3 66 0 2 0 0 0 0 0 0 0 0 3 0 0 0 3 3 0 4 0 0 0 3 3 0 0 1 0 6 3 0 4 0 0 0 0 0 0 8 0 4 10 37 0 0 0 0 25 26 28 17 0 0 19 20 48 32 0 0 0 0 0 0 0 0 0 0 0 0 0 0 0 0 0 0 0 0 1 1 0 0 0 0 0 0 0 2 3 0 0 10 2 0 0 0 0 0 0 0 0 0 0 0 0 0 0 0 0 0 0 0 13 0 2 0 1 0 0 1 0 0 27 72 0 7 9 0 36 29 19 44 0 0 17 28 39 49 0 0 0 0 0 0 0 0 0 1 2 0 0 0 0 0 0 0 11 0 0 14 0 0 31 0 0 0 0 0 2 0 0 0 0 10 0 0 0 0 0 0 0 0 0 0 0 0 0 0 0 0 0 0 0 0 0 0 0 13 0 0 0 14 0 0 0 0 4 0 0 21 0 8 19 0 0 0 0 0 0 0 0 0 15 0 0 0 0 0 0 0 0 0 0 0 0 35 12 9 0 0 0 0 0 0 0 1 0 0 0 0 
 34 47 395 497 54 50 20 63 437 0 411 55 49 129 96 313 401 147 51 75 2 0 3 3 4 46 0 2 2 1 0 3 1 29 0 1 0 0 0 3 3 2 0 3 3 3 0 0 0 0 0 62 3 6 0 0 3 3 0 54 0 4 0 3 4 0 0 4 6 3 6 0 3 0 0 0 0 2 6 0 0 0 15 42 15 1 0 0 19 34 34 56 0 9 0 19 1 31 1 0 0 2 0 1 1 0 0 0 0 0 0 0 0 0 0 0 0 0 15 0 7 0 1 0 0 0 0 11 0 0 0 0 0 0 0 0 0 0 0 0 0 0 0 0 0 0 0 0 1 0 0 0 0 0 0 0 0 0 0 5 0 0 14 32 8 0 0 0 0 17 39 38 0 0 0 17 23 78 0 0 0 0 0 0 1 0 0 0 0 0 0 0 1 0 0 0 0 0 19 0 0 14 0 0 0 0 0 0 0 0 0 0 2 1 0 0 0 0 11 0 0 0 9 0 0 1 0 0 0 0 0 0 0 0 0 0 0 0 0 0 0 12 0 0 0 0 177 0 0 187 1 91 0 0 2 0 0 0 0 0 0 0 17 0 0 0 0 0 0 0 0 0 0 0 0 11 1 17 0 0 0 0 0 0 0 0 0 0 0 0 
 40 42 45 204 118 270 39 273 41 411 0 416 279 40 52 72 332 448 38 74 2 0 6 0 3 0 0 2 2 0 3 2 2 16 0 0 3 3 0 7 3 4 1 2 0 0 0 0 0 1 0 2 3 0 0 2 4 4 0 5 0 0 0 3 3 0 0 0 0 3 3 0 3 0 0 0 0 3 0 0 0 0 0 34 19 0 0 0 1 14 73 43 0 0 0 15 0 46 0 0 0 0 0 0 0 0 0 0 0 0 0 0 18 0 0 0 0 0 15 0 0 0 0 0 0 0 0 0 0 0 0 0 0 0 0 0 0 0 0 0 0 0 1 0 0 0 0 0 0 0 0 0 0 0 0 0 0 0 0 10 0 0 0 25 14 9 0 0 0 6 14 35 0 0 0 3 22 15 0 0 0 0 0 0 0 0 0 0 0 0 0 0 11 0 0 0 0 0 9 0 0 0 0 0 0 0 0 0 0 0 0 0 0 0 0 0 0 0 0 0 0 0 0 0 0 14 0 0 0 0 0 0 0 0 14 0 0 0 0 0 0 11 0 0 0 1 9 1 0 13 0 5 0 0 0 0 0 0 0 0 0 0 1 0 0 0 0 0 0 0 0 0 0 0 0 16 15 0 0 0 0 0 0 0 0 0 0 0 0 0 
 31 44 44 404 225 40 473 56 85 55 416 0 35 47 36 24 90 77 36 121 2 0 5 0 4 1 0 1 1 2 2 1 1 0 0 0 0 0 3 3 34 2 0 5 0 4 0 63 0 0 0 0 3 0 0 0 3 4 0 0 0 0 0 3 3 0 0 0 0 3 3 0 3 0 0 0 0 0 0 0 0 0 0 13 36 34 0 2 0 1 50 30 0 0 15 0 0 10 0 0 0 0 1 0 0 0 11 1 0 0 0 0 5 0 0 0 0 0 14 61 0 0 0 0 0 0 0 0 0 0 2 0 0 0 0 0 0 0 0 0 0 0 0 0 0 0 0 0 0 0 0 0 7 0 0 0 22 0 0 20 0 0 1 11 29 11 0 0 0 19 15 15 1 12 11 2 0 2 0 0 0 0 0 0 0 0 0 0 0 0 0 0 36 1 0 0 0 0 19 26 0 0 0 0 1 0 0 0 0 9 0 16 0 0 15 0 0 1 1 0 15 0 0 0 0 2 0 0 0 0 0 0 0 2 0 1 0 10 0 0 0 0 0 0 0 4 219 0 0 173 1 7 4 0 0 0 0 0 0 0 1 0 0 0 0 0 0 0 0 0 0 0 0 0 0 0 9 1 0 0 0 0 0 0 0 0 0 0 0 0 
 44 30 40 63 66 105 452 76 287 49 279 35 0 91 18 35 21 34 420 173 0 0 204 1 3 0 2 0 2 0 0 2 0 0 0 2 0 2 0 5 3 2 0 2 0 0 0 0 0 0 0 0 3 0 0 0 3 3 0 0 0 0 0 8 3 0 0 0 0 3 3 0 3 0 0 0 0 0 0 35 60 3 0 0 0 0 30 87 0 0 0 0 37 25 18 0 1 0 19 39 0 0 0 0 0 0 0 0 0 1 0 0 0 1 0 0 0 0 0 0 0 0 0 0 0 0 0 0 1 0 0 0 0 0 0 0 0 2 0 0 0 0 0 13 2 1 0 0 0 0 0 0 0 0 0 25 0 0 0 0 30 0 0 0 0 0 18 10 8 2 0 0 13 25 15 6 0 0 11 24 0 0 0 0 0 0 0 1 0 0 11 0 0 0 0 1 0 0 0 0 0 0 0 0 0 0 0 0 0 0 0 0 0 0 0 0 0 0 0 0 0 0 0 0 0 0 0 0 0 0 1 0 2 0 0 22 0 0 0 0 0 0 0 0 0 1 0 0 1 0 0 6 0 0 0 0 0 0 0 0 0 0 0 0 0 0 0 0 0 0 0 0 0 0 0 0 0 0 0 0 0 0 0 0 0 0 0 0 0 15 
 164 65 75 91 578 54 640 518 311 129 40 47 91 0 516 58 141 138 44 94 0 2 83 0 3 74 74 0 2 1 1 0 2 0 0 7 0 0 0 3 3 2 0 3 0 0 0 0 0 0 0 2 3 0 0 62 3 3 0 62 0 32 0 10 3 0 0 8 0 3 3 42 3 0 6 0 0 2 0 0 36 52 42 0 0 0 24 42 54 0 0 0 1 40 18 32 6 0 0 21 0 0 0 17 2 0 0 8 0 0 0 0 0 0 0 0 0 0 0 0 0 0 0 0 0 0 0 14 8 0 0 0 0 0 0 0 0 0 0 0 0 0 0 0 5 0 0 0 9 0 0 0 0 0 0 0 0 0 0 1 20 50 17 0 0 0 3 38 1 16 1 0 23 18 32 1 0 5 0 16 0 0 0 0 0 0 0 0 0 0 0 0 0 0 0 0 0 0 0 0 0 0 0 0 0 0 0 2 0 0 0 0 1 0 0 0 0 0 0 0 0 0 0 0 0 0 0 0 0 0 0 0 0 0 0 0 0 0 0 0 0 0 0 0 0 1 1 0 1 0 0 3 0 0 0 0 0 0 0 0 0 0 0 0 0 0 0 0 0 0 0 0 0 0 0 0 0 0 0 0 0 0 0 0 0 0 0 0 0 0 
 380 501 70 281 174 94 90 192 335 96 52 36 18 516 0 283 131 47 42 174 1 0 32 0 3 5 0 1 1 74 0 3 2 3 2 0 0 0 0 5 5 2 0 3 5 0 0 2 87 0 0 0 3 0 0 0 3 3 0 0 1 0 0 6 3 0 0 10 0 3 54 5 4 0 0 0 0 0 0 13 38 60 88 1 0 0 14 0 29 0 1 0 0 32 16 18 48 1 0 0 0 0 2 0 0 0 0 0 0 0 0 0 2 0 0 0 0 0 0 0 0 0 0 0 0 0 0 0 5 0 0 0 0 0 0 0 0 2 2 0 0 0 0 0 0 0 0 0 3 0 0 0 0 0 0 0 0 0 0 0 17 16 34 11 0 0 5 28 33 37 8 0 2 7 28 12 27 5 0 0 0 0 15 0 0 0 0 0 0 0 0 0 0 0 0 0 0 0 0 0 0 0 0 0 0 0 0 0 0 0 0 0 0 0 0 0 0 0 0 0 0 0 0 0 0 0 0 0 0 0 1 0 2 11 0 0 0 0 0 0 0 0 0 0 0 0 3 0 3 0 0 2 22 0 0 0 0 0 0 0 2 0 2 0 0 0 0 0 0 0 0 0 0 0 0 20 0 0 0 0 0 0 0 0 0 0 0 0 0 0 
 34 506 305 126 274 294 40 239 471 313 72 24 35 58 283 0 319 205 32 58 0 0 3 3 3 0 2 0 2 0 75 2 0 0 1 0 0 0 0 4 3 2 0 3 0 0 0 0 0 0 0 0 3 0 0 3 3 3 0 1 0 0 0 3 26 0 0 0 0 3 2 0 5 0 0 0 0 0 0 2 3 27 14 49 0 0 0 0 89 20 9 43 0 0 0 43 59 14 0 0 0 0 12 0 0 20 0 1 0 0 0 0 0 0 0 0 2 0 0 0 0 0 0 0 0 14 0 0 0 0 0 0 0 0 0 1 0 0 0 0 0 0 0 0 1 0 14 0 3 0 0 0 0 0 0 2 0 0 0 0 0 24 37 11 2 0 3 6 62 20 20 15 0 1 12 67 15 19 0 2 0 0 0 0 0 0 0 0 0 0 0 0 0 0 0 0 0 0 0 0 1 0 0 0 0 0 0 0 0 0 0 0 0 0 1 0 0 0 0 0 19 0 0 0 0 0 0 0 0 0 0 0 0 0 0 0 0 0 0 2 0 2 0 0 0 2 3 0 0 6 0 3 15 1 0 0 0 0 0 0 0 0 14 0 0 0 4 0 0 0 0 0 0 0 0 16 0 7 0 0 0 0 0 0 0 0 0 0 0 0 
 105 387 101 63 140 84 32 39 178 401 332 90 21 141 131 319 0 516 26 55 2 3 3 0 3 0 1 0 1 0 0 0 0 0 0 0 1 0 2 3 3 2 4 3 0 0 0 0 0 0 0 0 3 0 0 0 3 3 0 8 0 0 0 3 2 0 0 0 0 3 3 0 3 0 0 0 0 0 0 7 0 11 18 33 0 2 0 0 27 25 27 19 12 1 1 16 60 25 0 1 0 0 0 0 0 0 0 0 0 0 0 0 0 0 0 0 0 0 3 0 0 0 15 0 0 0 0 1 0 0 0 0 0 0 0 0 0 0 0 27 0 1 0 0 0 0 0 0 1 1 0 0 0 0 0 0 0 10 0 5 0 2 18 60 1 1 3 0 31 17 37 22 0 0 24 23 51 44 0 0 0 0 0 0 0 0 0 0 0 0 0 1 0 0 1 0 0 2 0 0 0 0 0 0 0 0 0 0 0 0 0 0 0 0 0 0 0 0 0 0 0 0 0 1 0 0 0 0 0 0 0 0 0 0 0 0 0 0 0 0 0 14 0 0 1 0 0 0 0 4 0 2 21 0 0 0 0 1 0 0 0 0 13 0 0 0 0 0 0 0 0 0 0 0 0 32 0 9 0 0 0 0 0 0 0 0 0 0 0 0 
 100 111 451 662 141 55 30 27 487 147 448 77 34 138 47 205 516 0 37 28 0 0 4 0 3 0 0 0 2 1 0 0 0 2 0 0 1 1 0 3 3 2 0 3 0 0 0 0 0 0 0 1 3 0 0 0 3 3 0 3 83 0 0 3 2 0 0 0 0 3 2 0 3 0 0 0 0 0 0 0 0 0 16 40 40 12 0 0 20 37 37 75 0 0 0 20 0 25 0 0 0 0 0 0 0 0 0 0 2 0 0 0 0 0 0 0 0 0 31 0 0 0 0 0 0 0 0 0 0 0 0 0 0 0 0 0 0 0 0 0 0 0 2 0 0 0 0 0 0 2 0 0 0 0 0 0 0 0 0 5 0 0 28 34 8 2 0 1 0 15 41 37 0 0 0 17 21 55 0 0 0 0 0 0 0 10 0 0 0 0 0 0 1 0 0 0 0 0 37 0 0 0 0 0 0 2 0 0 0 0 0 2 0 0 16 0 0 0 0 0 0 0 0 0 0 0 0 0 0 0 0 0 0 0 0 0 0 0 0 0 0 12 0 0 0 0 178 0 40 179 0 6 0 0 0 0 0 0 0 0 0 0 17 0 0 0 0 0 0 0 0 0 0 0 0 19 0 25 0 0 0 0 0 0 0 0 0 0 0 0 
 43 46 28 140 54 31 62 60 60 51 38 36 420 44 42 32 26 37 0 416 2 0 3 0 3 0 0 3 1 74 0 0 2 0 0 3 0 0 2 3 3 2 0 2 0 0 0 0 0 0 0 0 3 0 0 3 5 3 3 3 0 0 0 6 3 0 0 0 3 3 3 0 3 0 2 0 0 0 0 2 21 1 0 0 0 0 26 15 0 0 0 0 68 17 24 0 0 0 38 34 0 15 0 0 0 0 0 0 0 36 0 0 0 0 0 0 0 0 0 0 0 0 0 0 0 0 0 0 0 0 0 0 0 0 0 0 0 1 0 0 0 0 0 0 0 0 2 0 0 0 0 0 0 0 0 0 0 0 0 0 20 0 0 0 0 0 25 23 11 17 0 0 37 6 22 10 0 0 21 14 0 0 0 0 0 0 0 0 0 0 0 0 0 0 0 0 1 0 0 0 0 0 0 0 0 0 0 0 0 0 0 0 0 0 0 0 0 0 0 0 0 21 0 10 0 0 0 7 0 0 4 0 0 0 0 0 0 0 0 0 0 0 0 0 0 0 0 2 0 0 0 11 0 0 0 0 0 0 0 0 0 0 0 0 0 0 0 0 0 0 0 0 0 25 0 0 0 0 0 0 0 0 0 0 0 0 0 0 0 0 
 53 76 41 55 276 41 421 52 54 75 74 121 173 94 174 58 55 28 416 0 0 80 6 0 1 2 0 0 2 0 3 2 0 0 0 0 2 0 0 0 0 0 0 0 0 0 0 0 0 0 2 0 0 0 0 2 0 0 0 0 0 0 0 5 0 2 0 2 0 2 0 1 0 4 0 0 2 0 0 2 18 15 0 0 1 0 29 86 0 0 0 0 34 25 22 0 0 0 17 37 0 0 2 0 0 0 0 0 0 0 0 0 2 0 0 0 0 0 0 0 0 0 0 0 0 0 0 0 0 0 1 0 0 0 0 0 0 0 0 0 0 0 0 0 2 0 0 0 0 0 0 0 0 0 0 0 0 0 0 0 27 0 0 0 0 0 19 25 8 0 0 0 13 24 15 5 1 0 12 24 0 0 0 0 0 0 17 0 0 0 0 0 0 0 0 0 0 0 0 0 0 0 0 0 1 0 0 0 0 0 0 0 0 0 0 0 0 2 2 0 0 0 0 0 0 1 0 0 19 0 0 0 0 0 0 2 0 2 0 0 0 0 0 0 0 2 0 1 0 3 0 17 0 2 0 0 1 0 2 0 37 0 0 0 0 0 0 0 0 0 0 0 2 0 0 0 0 0 0 0 0 0 0 0 0 0 0 0 0 0 
 5 0 74 0 0 0 0 0 0 2 2 2 0 0 1 0 2 0 2 0 0 86 73 170 46 29 501 811 40 61 44 37 97 310 355 59 40 52 114 701 0 0 2 0 1 3 0 65 0 0 0 1 0 3 0 0 0 0 0 0 0 0 0 0 0 0 0 0 0 3 0 2 6 0 0 0 1 0 0 0 0 0 0 0 0 0 0 0 0 0 0 0 0 0 0 0 1 0 0 0 31 41 18 0 0 0 0 28 15 2 0 1 0 43 38 56 47 16 0 0 0 0 0 0 0 0 0 0 0 2 0 0 0 0 0 0 0 0 0 0 0 1 1 0 15 1 0 12 0 26 0 3 0 0 0 0 0 0 0 0 0 0 1 0 38 2 0 0 1 0 0 0 0 0 0 1 0 0 8 0 27 23 20 8 8 0 0 47 40 0 0 0 0 25 22 36 35 12 0 0 0 0 0 0 1 0 0 0 0 0 0 0 0 0 0 0 0 0 25 0 2 0 0 0 0 0 0 0 0 0 0 0 0 0 0 1 0 0 0 1 0 0 2 0 0 0 0 0 0 0 0 0 0 0 2 1 0 0 0 2 4 0 0 0 0 0 0 0 0 0 0 0 0 0 0 0 0 0 0 0 0 0 0 0 0 0 0 0 0 0 
 3 0 0 0 32 2 0 0 1 0 0 0 0 2 0 0 3 0 0 80 86 0 366 63 22 36 206 406 286 80 106 39 37 287 377 342 171 82 53 23 0 2 2 0 3 3 0 0 1 7 2 2 2 4 60 0 1 0 0 2 0 0 9 0 0 0 0 0 0 55 6 2 2 1 0 0 0 0 0 0 0 0 0 0 0 0 0 0 0 0 0 0 0 0 0 2 2 0 0 0 2 13 7 47 25 1 0 16 38 42 10 12 0 16 13 34 31 49 0 0 0 0 0 0 0 0 0 0 0 0 0 0 0 0 0 0 0 0 0 0 0 2 2 0 0 2 0 0 0 0 0 0 0 0 0 0 0 0 0 2 0 0 2 0 3 0 0 0 0 0 0 0 0 0 4 0 0 0 4 0 14 46 26 20 0 0 1 0 28 31 65 19 0 1 0 36 11 20 0 0 1 0 0 0 0 0 0 0 0 0 0 0 0 0 2 0 0 0 10 0 0 0 0 0 0 0 0 0 1 0 0 0 0 1 0 0 0 1 0 2 0 0 1 0 0 0 0 0 2 0 0 0 0 0 1 2 0 0 0 0 1 0 0 0 20 0 0 0 0 0 0 0 0 0 0 0 0 0 0 0 0 8 0 0 0 0 0 0 0 0 
 3 3 3 3 4 3 3 3 3 3 6 5 204 83 32 3 3 4 3 6 73 366 0 410 284 44 47 107 266 332 166 30 75 271 72 206 550 302 44 46 0 0 0 0 7 3 62 0 0 0 0 1 0 3 0 0 1 0 26 0 0 2 6 0 0 0 0 2 0 8 0 11 0 0 0 0 0 0 0 0 0 0 13 0 0 1 0 0 0 0 0 0 0 0 0 0 0 0 0 0 0 0 0 38 39 22 0 0 49 81 45 14 0 0 1 38 20 42 0 0 0 0 0 0 0 0 0 0 0 0 0 0 1 0 0 0 0 0 0 0 0 0 3 0 0 0 0 0 0 0 0 0 0 0 0 0 0 0 0 0 0 3 22 0 0 0 0 0 0 15 0 0 0 0 0 0 1 0 17 0 0 40 30 20 44 1 0 0 11 30 59 30 0 0 0 15 5 33 0 0 0 0 0 0 0 0 0 0 0 0 0 0 0 0 0 0 0 0 0 0 0 0 0 0 0 0 0 0 0 0 0 0 7 0 0 0 0 0 0 0 0 0 9 0 0 0 0 0 0 0 0 0 0 0 3 0 1 2 89 2 13 0 0 0 0 0 9 0 0 0 0 0 0 0 0 0 0 0 0 0 0 25 0 0 0 0 0 0 0 0 
 0 0 0 0 1 0 3 0 0 3 0 0 1 0 0 3 0 0 0 0 170 63 410 0 115 53 284 284 287 621 376 347 297 78 90 285 215 279 34 53 1 2 0 2 0 4 0 0 0 0 0 2 1 3 0 1 2 0 0 0 0 0 2 0 0 0 0 0 0 9 0 2 0 0 0 0 0 0 0 0 0 9 0 0 0 0 0 0 0 0 0 0 0 0 0 0 0 0 0 0 0 1 1 0 45 20 2 0 10 0 50 11 0 0 0 0 1 0 0 0 2 0 2 0 3 0 1 0 0 0 0 0 1 0 0 0 0 2 43 0 0 0 0 0 2 0 0 0 0 3 0 0 0 0 0 0 0 0 0 0 2 9 0 0 0 1 0 0 0 5 0 0 0 2 1 0 0 0 0 0 2 0 0 17 54 17 2 0 1 22 0 22 0 0 0 0 0 19 0 0 0 0 0 1 3 0 1 0 0 0 0 0 20 0 0 0 0 0 20 0 0 0 0 0 0 0 0 0 0 0 0 0 0 0 0 0 0 9 0 0 0 0 10 0 0 0 0 0 0 0 0 0 0 0 8 0 2 48 50 0 9 32 0 0 0 0 10 0 0 0 0 0 0 0 0 0 0 0 0 0 0 23 0 0 0 0 17 0 0 0 
 3 3 3 3 3 3 3 3 3 4 3 4 3 3 3 3 3 3 3 1 46 22 284 115 0 390 40 68 282 73 111 362 105 75 115 60 255 41 48 38 0 0 0 0 0 13 0 0 0 0 1 213 0 5 0 43 1 211 15 0 0 0 0 0 0 2 0 2 0 4 0 2 0 3 0 6 1 2 0 2 0 0 0 1 0 0 0 0 0 0 0 0 0 0 0 0 0 0 0 15 0 2 0 0 12 73 0 0 10 0 0 6 0 0 0 0 5 0 0 0 1 0 1 0 0 0 18 0 0 0 9 0 39 12 0 0 0 0 79 32 0 0 0 0 0 0 0 0 0 21 2 0 0 0 0 0 0 0 0 0 2 0 0 0 0 0 0 0 0 0 0 5 0 0 0 0 0 0 0 0 0 0 0 0 1 28 0 0 0 0 12 28 0 0 0 0 0 0 0 0 0 0 0 2 0 0 26 1 0 0 0 1 40 11 0 0 0 0 32 34 0 0 0 0 0 0 0 0 12 0 0 0 2 0 0 0 0 0 0 0 0 0 0 0 0 0 2 0 0 0 0 2 0 0 0 4 1 2 2 2 1 0 0 2 0 0 0 0 0 0 0 2 0 0 0 0 0 0 0 0 0 0 0 1 0 0 0 0 0 0 
 0 0 0 0 0 0 0 0 0 46 0 1 0 74 5 0 0 0 0 2 29 36 44 53 390 0 42 28 37 284 298 51 36 40 53 58 50 57 37 63 0 57 0 0 0 6 0 0 5 0 0 6 0 4 0 3 0 2 199 5 0 0 0 0 3 0 53 0 0 3 0 3 0 0 0 6 0 0 0 0 0 0 0 0 2 0 0 0 0 2 0 0 0 0 0 0 0 0 1 0 0 0 0 0 0 54 0 0 0 0 0 9 0 0 0 0 0 0 0 0 20 0 0 0 0 1 20 0 1 2 0 0 29 12 36 0 0 0 23 57 0 0 0 0 0 1 0 0 14 5 0 0 0 1 0 0 0 0 0 0 0 0 5 0 0 0 0 0 0 0 0 16 0 0 0 0 0 0 0 0 0 0 0 0 0 4 0 0 0 0 0 21 0 0 0 0 0 0 0 0 10 3 0 0 2 0 41 9 0 0 0 0 74 20 60 0 0 0 20 41 2 0 0 0 0 2 0 0 0 0 0 0 0 0 0 1 0 0 0 0 0 0 0 0 0 0 0 0 0 0 0 79 0 0 8 1 1 0 0 2 5 4 0 0 0 0 0 0 0 0 0 0 2 0 0 0 0 0 0 0 0 0 0 0 0 0 0 0 0 0 
 2 2 1 1 1 1 0 0 0 0 0 0 2 74 0 2 1 0 0 0 501 206 47 284 40 42 0 70 47 30 109 26 426 400 45 34 27 47 50 222 3 3 0 0 0 3 0 8 0 1 0 3 1 6 2 5 4 0 0 0 0 49 1 0 0 0 0 1 0 3 1 2 11 2 0 0 1 0 0 0 0 0 0 0 0 10 0 0 0 0 0 0 0 0 0 0 0 0 0 1 49 40 16 0 0 0 19 23 0 1 0 0 13 48 43 5 5 3 0 4 0 0 0 0 0 0 2 0 0 0 2 0 0 0 0 0 0 0 9 0 0 0 0 0 0 0 1 0 0 0 0 3 0 0 0 0 14 4 0 0 0 0 20 0 0 0 0 0 4 0 1 0 0 0 0 0 0 0 0 0 41 0 21 6 0 0 29 33 14 0 1 0 15 51 33 24 36 0 1 0 0 0 0 0 0 0 0 0 0 0 0 0 0 0 0 0 0 0 21 0 0 0 0 2 0 0 2 0 0 0 2 0 0 0 0 0 9 0 0 0 0 0 0 0 0 0 0 0 0 0 0 0 0 0 9 0 0 0 0 0 2 0 0 0 0 0 0 0 0 0 0 0 0 0 0 0 0 0 0 0 0 0 0 0 0 0 0 0 0 0 
 0 0 0 0 0 0 0 0 0 2 2 1 0 0 1 0 0 0 3 0 811 406 107 284 68 28 70 0 149 55 29 24 310 425 155 35 266 102 51 51 0 0 0 0 9 3 0 0 0 0 0 4 0 3 0 0 0 0 0 0 0 0 1 0 0 0 0 0 0 3 0 2 4 0 0 0 0 0 0 0 0 0 0 0 0 0 0 0 0 0 0 7 0 0 0 0 0 0 0 0 38 10 25 8 10 0 3 28 27 14 0 2 0 34 48 79 19 36 0 0 0 0 0 0 0 0 0 0 0 0 0 0 0 21 0 0 0 0 0 9 0 0 0 0 0 0 0 0 0 0 0 0 0 0 0 0 0 6 0 0 0 0 0 0 9 0 0 0 0 1 0 0 0 0 6 0 0 0 0 0 21 38 42 6 0 0 0 13 33 0 81 6 0 36 17 44 33 55 0 0 0 0 0 0 0 0 0 0 0 0 0 0 0 0 0 0 0 0 20 0 1 0 0 0 0 0 0 0 0 0 0 6 0 0 0 0 0 0 0 0 0 0 1 0 0 0 0 0 0 0 0 1 0 0 9 3 1 0 1 2 4 0 0 0 0 0 0 0 0 0 0 0 0 0 0 0 0 0 0 0 0 0 0 0 0 0 0 0 0 0 
 2 4 1 1 0 0 1 1 1 2 2 1 2 2 1 2 1 2 1 2 40 286 266 287 282 37 47 149 0 328 37 16 123 101 105 136 132 258 56 128 1 0 0 0 6 3 0 0 0 0 0 2 0 3 0 0 0 0 0 0 0 0 3 0 0 4 0 0 0 4 0 2 0 0 0 6 66 0 0 0 0 2 0 0 0 0 0 0 0 0 0 2 0 0 0 0 0 0 0 0 0 0 0 38 7 12 0 1 64 25 28 0 0 0 0 15 11 48 0 0 0 0 0 0 0 0 0 0 0 0 14 0 0 0 0 0 0 0 0 0 0 0 0 0 0 0 0 10 0 0 0 0 0 0 0 0 0 0 0 0 0 2 0 0 0 0 0 0 0 3 0 0 0 0 1 0 1 0 3 0 0 22 27 1 16 0 13 0 14 30 58 21 0 0 0 11 14 16 0 0 0 0 0 0 0 0 0 0 0 0 2 0 0 1 0 2 10 0 0 0 0 0 0 1 0 0 0 2 0 0 0 0 0 0 0 0 0 0 2 0 0 0 10 0 0 0 1 0 0 0 0 0 2 0 14 0 0 1 3 0 18 0 0 0 0 0 9 0 0 2 0 0 0 0 0 0 0 2 0 0 0 49 0 0 2 0 0 0 0 0 
 0 0 0 0 0 0 74 2 0 1 0 2 0 1 74 0 0 1 74 0 61 80 332 621 73 284 30 55 328 0 403 65 69 171 137 403 258 32 126 185 2 0 1 0 1 3 0 0 0 0 4 1 0 3 0 0 0 5 0 1 0 0 7 0 0 0 0 0 0 10 0 51 0 4 0 0 0 0 0 4 0 0 0 0 0 0 0 0 0 0 0 0 0 0 0 1 1 0 0 0 0 1 0 36 37 19 0 1 31 25 35 31 0 0 0 13 18 10 0 0 9 0 0 0 0 0 0 0 0 0 0 0 0 0 0 0 0 0 1 0 0 0 3 0 0 1 0 0 0 0 0 0 0 0 0 0 0 0 0 1 0 5 1 0 1 0 0 21 0 7 0 0 0 0 0 0 0 0 20 0 0 1 10 37 57 9 0 0 11 56 38 25 0 0 0 0 14 6 0 0 1 0 0 0 0 0 0 0 0 0 0 0 0 0 1 0 0 0 0 0 0 0 0 0 0 0 0 2 0 0 0 0 12 2 0 0 0 2 0 1 0 0 13 0 0 0 2 0 0 0 0 0 0 0 2 0 1 166 162 0 1 16 0 0 0 0 7 0 0 0 0 0 0 0 0 0 0 0 0 0 0 18 0 0 0 0 20 0 0 0 
 0 0 1 0 0 74 0 0 43 0 3 2 0 1 0 75 0 0 0 3 44 106 166 376 111 298 109 29 37 403 0 369 370 54 60 84 230 307 49 64 0 0 0 0 0 4 2 0 0 0 0 2 0 3 63 0 0 3 0 1 0 0 0 0 2 0 1 0 0 5 0 4 0 0 0 1 0 0 0 0 0 0 0 0 0 0 5 0 0 0 0 0 0 0 0 1 0 0 0 0 0 0 0 1 48 12 0 0 17 0 39 14 0 0 0 3 0 0 0 0 0 0 0 0 0 0 0 0 0 0 0 0 0 0 0 0 0 0 22 0 0 0 0 0 0 1 13 0 0 4 0 0 0 0 0 0 0 0 0 1 0 5 0 0 0 11 0 0 0 3 0 0 0 0 0 0 0 0 0 0 0 0 0 32 67 28 0 0 0 19 2 27 0 0 0 10 1 24 0 0 2 0 0 0 0 0 0 9 0 0 0 0 52 0 0 0 0 0 25 4 0 0 0 0 0 0 0 0 8 0 0 0 0 2 0 0 0 2 0 1 0 0 11 0 0 0 0 0 0 0 0 0 0 0 2 0 0 64 42 1 14 12 0 0 0 0 7 0 0 0 0 0 0 0 0 0 0 0 0 0 0 15 0 0 0 0 7 0 0 0 
 0 0 0 0 3 0 0 0 3 3 2 1 2 0 3 2 0 0 0 2 37 39 30 347 362 51 26 24 16 65 369 0 47 40 35 33 69 75 29 251 0 0 0 0 4 1 2 0 0 0 0 1 0 3 1 0 0 0 3 0 0 2 51 0 1 0 0 2 3 2 2 0 0 0 0 0 0 1 3 0 0 0 0 0 2 0 0 0 0 2 0 0 0 0 0 0 0 0 2 0 0 0 0 0 28 34 4 0 0 0 19 42 0 0 0 0 0 0 0 0 0 0 0 0 0 0 8 0 0 2 0 0 37 0 0 0 20 0 37 1 0 0 0 0 0 0 0 0 0 8 0 0 0 0 0 0 0 0 0 0 0 2 1 0 0 0 0 0 0 0 0 0 0 0 0 0 0 0 0 0 0 0 0 23 43 16 0 0 0 2 0 39 0 0 0 0 0 0 0 0 0 2 0 0 2 1 0 1 0 0 0 0 37 0 0 0 0 0 30 22 1 0 0 0 0 2 0 0 0 0 0 0 0 0 0 1 0 0 0 10 0 0 1 0 0 0 0 0 0 0 0 0 0 0 0 0 1 157 149 0 8 21 0 0 0 0 0 0 0 0 0 0 0 0 0 0 0 0 0 0 0 0 0 0 0 0 12 0 0 0 
 0 0 0 0 0 8 0 0 0 1 2 1 0 2 2 0 0 0 2 0 97 37 75 297 105 36 426 310 123 69 370 47 0 171 40 250 39 39 495 610 0 2 0 0 0 3 0 5 0 0 0 63 0 3 28 1 0 0 0 0 0 0 0 0 0 0 0 0 0 3 0 2 9 0 0 0 1 0 0 0 0 0 1 0 0 14 0 0 0 0 0 0 0 0 0 2 1 0 0 0 21 21 10 0 0 0 60 35 0 0 2 0 34 39 3 11 20 0 36 50 0 11 0 0 11 0 0 0 0 0 0 0 0 0 0 0 0 0 0 0 0 0 0 0 0 0 0 0 0 0 0 6 0 0 0 0 0 2 0 0 0 0 1 0 1 14 0 0 5 0 0 0 0 0 0 0 0 0 0 0 41 0 6 0 0 0 30 35 0 0 0 0 12 43 51 2 22 21 0 9 0 0 0 0 0 0 0 69 0 0 0 4 0 0 2 0 0 0 0 0 0 0 0 0 0 0 0 0 0 0 0 0 0 1 0 0 0 1 0 0 0 0 0 0 0 0 0 0 0 0 0 0 0 0 3 0 0 0 0 1 2 0 0 0 0 0 0 0 0 0 0 0 0 0 0 0 0 0 0 0 0 0 0 0 0 0 0 0 0 0 
 0 0 0 73 0 1 0 0 0 29 16 0 0 0 3 0 0 2 0 0 310 287 271 78 75 40 400 425 101 171 54 40 171 0 431 32 50 461 57 260 0 0 0 0 1 3 0 5 0 0 0 1 0 3 0 0 0 0 0 0 0 0 0 0 0 0 0 0 0 3 0 2 6 0 0 0 0 2 0 0 0 0 0 0 0 0 0 0 0 0 0 1 0 0 0 0 0 0 0 0 18 40 46 0 0 0 0 31 1 1 0 2 0 56 33 31 37 17 0 2 0 0 0 0 0 0 0 0 0 0 0 2 0 0 0 0 11 0 0 0 0 19 1 0 0 0 0 0 0 0 0 3 2 0 0 0 0 0 0 0 0 0 0 0 6 0 0 0 3 0 0 0 0 0 1 0 0 0 1 2 39 20 30 9 0 0 2 29 22 2 11 1 1 31 29 27 50 22 0 0 12 0 15 0 0 0 0 0 0 0 0 0 0 0 0 0 0 0 28 0 0 0 0 0 0 0 0 0 0 0 0 0 0 0 0 0 0 0 0 0 0 0 0 0 0 2 0 0 0 0 0 0 0 0 2 0 0 0 0 2 3 1 0 0 0 0 0 0 0 0 0 0 0 0 0 0 1 0 0 0 0 0 0 0 0 0 0 0 0 0 
 5 0 0 0 3 0 0 0 0 0 0 0 0 0 2 1 0 0 0 0 355 377 72 90 115 53 45 155 105 137 60 35 40 431 0 95 53 129 38 77 3 2 0 2 9 3 0 0 0 0 0 2 3 3 0 0 4 3 0 0 0 0 0 2 4 0 4 0 0 4 2 4 18 0 0 0 0 0 0 0 0 0 0 0 2 0 0 0 0 0 0 0 0 0 0 0 0 0 0 0 22 25 14 23 4 7 0 28 20 26 3 0 0 65 62 29 40 41 0 0 0 0 0 0 0 0 11 0 0 0 0 2 0 0 0 0 0 0 0 0 0 0 0 0 0 0 0 0 0 0 0 0 0 9 0 0 0 0 0 0 0 0 0 1 5 0 0 0 0 1 0 0 0 0 6 0 0 0 0 0 20 55 53 5 0 0 0 14 103 1 41 0 0 13 10 66 50 27 0 0 0 0 1 0 0 10 0 0 0 0 0 0 0 0 0 0 0 0 15 0 0 0 0 0 0 0 0 0 0 0 0 1 0 0 0 0 0 0 0 0 0 0 1 0 0 1 0 0 0 0 0 0 0 0 9 2 3 0 1 2 2 2 0 0 0 0 0 0 0 0 0 0 0 0 0 11 1 0 0 0 0 0 0 0 0 0 0 0 0 0 
 0 2 3 0 0 0 0 0 0 1 0 0 2 7 0 0 0 0 3 0 59 342 206 285 60 58 34 35 136 403 84 33 250 32 95 0 337 330 42 135 3 0 0 0 5 3 0 0 0 0 0 2 0 3 0 0 0 0 0 2 0 0 6 0 0 0 0 0 2 3 0 2 0 0 0 0 0 0 0 0 0 3 0 0 0 0 18 0 0 0 0 2 0 0 0 0 0 0 0 0 0 0 1 71 24 22 0 0 32 38 91 8 0 0 0 41 24 36 0 0 0 0 0 0 0 0 0 0 0 0 0 0 0 0 0 6 0 0 1 0 0 0 3 0 0 0 0 0 0 0 0 0 0 0 12 0 0 0 0 0 0 34 0 0 0 0 0 0 0 7 0 0 0 0 3 0 0 0 5 0 1 49 27 17 25 0 0 0 21 53 71 17 0 0 0 11 4 80 0 0 0 0 0 0 0 0 0 0 0 0 2 0 0 0 0 1 0 0 0 0 0 0 0 1 0 0 0 2 0 0 0 1 0 0 0 0 0 0 0 0 0 0 10 0 0 2 0 0 0 0 0 0 0 0 8 0 2 2 3 2 11 0 0 0 0 0 8 0 0 0 0 0 0 0 0 0 0 2 0 0 0 21 0 0 2 0 0 0 0 0 
 0 0 0 0 0 0 1 1 0 0 3 0 0 0 0 0 1 1 0 2 40 171 550 215 255 50 27 266 132 258 230 69 39 50 53 337 0 307 29 58 0 0 0 0 4 3 0 0 0 0 0 2 0 3 0 0 0 2 0 0 0 0 7 0 0 0 0 0 0 20 0 2 0 0 0 0 0 0 0 0 0 0 0 0 0 0 0 0 0 0 0 0 0 0 0 0 0 0 0 0 13 2 0 42 32 23 10 0 33 20 49 30 0 0 0 28 32 13 0 0 0 0 0 0 0 0 0 9 0 0 0 0 0 0 0 0 0 0 0 0 0 0 4 0 0 0 0 0 0 0 0 2 0 0 0 0 0 0 0 0 0 3 0 0 2 0 0 0 0 2 0 0 0 0 1 0 0 0 5 0 0 12 29 51 53 11 0 0 19 44 83 42 0 0 0 13 9 24 0 0 0 0 0 0 0 0 0 0 0 0 0 0 0 0 0 0 0 0 0 0 0 0 0 0 0 0 0 0 0 0 0 0 10 0 0 0 13 0 0 0 0 0 10 0 0 0 0 0 0 0 0 0 0 0 7 1 0 153 1 0 12 21 5 0 0 0 4 0 0 0 0 0 0 0 0 0 0 0 0 0 0 31 0 0 0 0 19 0 0 0 
 0 0 0 0 0 0 23 0 0 0 3 0 2 0 0 0 0 1 0 0 52 82 302 279 41 57 47 102 258 32 307 75 39 461 129 330 307 0 25 31 0 0 0 0 1 3 0 0 0 0 0 1 0 3 0 0 0 0 0 0 0 0 9 0 0 0 39 0 0 3 0 2 2 0 0 2 0 0 0 0 0 0 0 0 0 0 0 0 2 0 0 0 0 0 0 0 0 0 0 0 0 6 0 79 50 1 0 0 34 37 30 61 12 1 0 13 15 26 0 0 0 0 0 0 0 0 0 0 0 0 0 0 0 8 0 0 0 0 0 0 0 0 1 0 0 0 0 0 0 0 0 0 0 0 0 0 2 0 0 0 0 4 0 0 0 0 0 2 0 4 0 0 0 0 0 0 0 0 5 0 0 7 10 40 30 0 0 0 15 49 35 17 0 0 0 4 9 10 0 0 0 0 0 0 0 0 0 2 0 0 0 0 0 2 0 0 0 13 0 0 0 0 0 0 0 14 0 0 0 0 0 0 0 0 0 0 0 0 0 0 0 0 15 0 0 0 0 0 0 0 0 0 0 0 9 0 0 74 153 1 5 13 0 0 0 0 0 0 0 0 0 0 0 0 0 0 0 0 0 0 0 16 0 0 0 0 0 0 0 0 
 0 0 0 1 0 298 0 0 0 0 0 3 0 0 0 0 2 0 2 0 114 53 44 34 48 37 50 51 56 126 49 29 495 57 38 42 29 25 0 264 0 0 0 0 0 3 0 1 0 0 66 20 0 3 0 0 0 0 1 0 0 0 0 0 0 0 0 0 0 3 0 2 0 0 0 0 0 0 0 0 0 0 0 0 20 43 0 0 0 0 0 0 0 1 0 0 0 0 0 0 43 12 0 0 0 0 26 32 0 0 0 0 45 0 9 0 18 0 43 43 0 0 0 0 0 0 0 0 0 0 0 0 0 0 0 0 0 0 0 0 15 0 0 0 0 0 1 0 1 0 0 3 0 0 0 0 0 31 0 0 0 0 0 0 4 10 0 0 0 0 2 0 0 0 0 1 0 0 0 0 34 0 1 0 0 0 56 0 0 0 0 0 26 42 27 1 11 0 19 19 0 0 0 0 0 0 0 0 0 0 0 0 0 0 0 0 0 0 0 0 0 0 0 0 0 0 0 0 0 0 0 0 0 0 0 0 0 0 12 67 0 0 0 0 0 1 0 0 0 0 0 0 0 0 6 0 0 0 0 0 0 0 0 0 0 0 0 0 0 0 0 0 0 0 0 0 0 0 0 0 0 0 0 0 0 0 0 0 0 0 
 3 5 3 3 3 3 3 3 3 3 7 3 5 3 5 4 3 3 3 0 701 23 46 53 38 63 222 51 128 185 64 251 610 260 77 135 58 31 264 0 0 0 0 0 0 3 0 3 0 0 0 62 0 3 0 0 0 0 0 0 0 0 1 52 0 0 0 0 0 3 0 2 28 0 0 0 0 0 0 0 0 1 0 0 1 0 0 0 0 0 0 1 0 0 0 0 0 0 0 0 61 49 24 0 0 0 24 23 0 0 0 0 17 72 31 4 8 0 23 14 0 0 0 0 0 0 0 0 0 0 0 0 0 0 0 0 0 0 0 0 0 0 0 0 0 0 0 0 0 0 0 9 0 0 0 0 0 2 0 0 0 0 0 0 1 17 0 0 36 2 0 0 0 0 0 0 2 0 0 0 42 2 39 0 0 0 30 32 26 0 0 0 16 46 60 9 10 0 0 7 0 0 0 0 0 0 5 0 0 2 1 0 0 1 0 1 0 0 12 0 0 15 0 2 0 0 0 1 0 0 0 0 0 0 0 0 0 0 0 15 0 0 0 0 0 0 0 0 0 0 0 0 0 0 0 0 2 0 0 0 8 2 0 0 0 0 8 0 0 0 0 0 0 0 0 0 0 0 0 0 0 0 0 0 1 0 0 0 0 0 
 7 3 3 3 3 3 3 3 3 3 3 34 3 3 5 3 3 3 3 0 0 0 0 1 0 0 3 0 1 2 0 0 0 0 3 3 0 0 0 0 0 108 101 67 38 55 534 277 35 52 32 24 72 357 231 35 100 21 33 121 0 0 0 0 0 0 0 0 3 0 0 3 0 0 0 0 1 0 0 2 0 0 0 0 0 0 0 0 6 0 0 0 0 0 0 0 0 0 0 0 0 0 0 0 0 0 0 0 0 0 0 0 0 0 17 0 0 0 0 0 12 32 18 0 0 0 9 11 13 24 1 0 0 0 10 10 31 11 0 0 1 0 0 0 0 0 9 0 0 0 0 0 0 0 0 18 0 0 0 0 0 0 0 3 0 0 0 0 0 0 0 0 0 3 0 0 0 0 0 0 0 0 0 0 0 0 0 0 0 0 0 0 1 0 0 0 0 0 0 1 8 16 37 7 0 0 0 3 5 18 0 19 0 10 15 15 8 25 0 10 0 0 0 0 0 0 0 0 0 0 0 0 0 0 0 0 0 0 0 0 0 0 0 0 0 0 0 0 0 0 0 2 0 2 0 0 0 0 2 0 0 0 0 0 0 0 4 0 1 0 9 0 0 0 0 0 0 0 0 0 0 0 0 0 0 0 0 0 0 0 
 2 2 2 2 2 2 2 2 66 2 4 2 2 2 2 2 2 2 2 0 0 2 0 2 0 57 3 0 0 0 0 0 2 0 2 0 0 0 0 0 108 0 543 61 47 244 62 489 243 246 34 36 65 63 260 240 435 51 40 65 1 7 6 0 0 0 0 4 8 0 0 0 0 1 4 0 2 2 0 0 0 0 0 0 0 0 0 0 0 0 0 0 0 0 0 0 0 0 0 0 0 0 0 0 0 0 0 0 0 0 0 0 0 0 0 0 0 0 0 0 0 7 26 39 14 0 0 0 20 48 16 32 0 0 0 26 7 14 0 0 4 4 11 5 7 0 0 0 11 11 7 7 0 0 17 12 0 8 0 0 0 0 0 0 0 0 0 0 0 0 0 0 0 0 0 0 0 0 0 0 0 0 0 0 0 0 0 0 0 0 0 0 0 0 0 9 0 0 0 0 0 35 16 16 1 0 0 0 32 31 10 0 6 0 48 54 63 39 0 0 0 0 7 12 1 0 0 0 22 7 5 4 0 0 0 4 5 11 0 0 0 0 3 0 0 0 0 0 0 0 0 5 0 0 0 0 0 0 0 0 0 0 0 0 2 8 13 0 0 0 70 0 0 0 0 0 16 0 0 0 0 0 0 0 13 36 0 0 0 0 
 3 0 0 0 63 0 0 0 0 0 1 0 0 0 0 0 4 0 0 0 2 2 0 0 0 0 0 0 0 1 0 0 0 0 0 0 0 0 0 0 101 543 0 190 44 45 42 131 158 240 96 40 287 53 57 182 246 273 30 56 0 0 0 0 0 0 3 0 0 0 0 55 2 0 0 7 0 3 7 0 0 0 0 0 0 0 0 0 0 0 0 0 0 0 0 0 0 0 0 0 0 0 0 0 0 0 0 0 0 0 10 0 0 0 0 0 0 0 0 0 10 0 25 52 18 0 0 0 0 2 25 21 0 10 0 20 8 19 0 0 16 0 0 0 0 0 4 3 0 0 0 0 1 4 8 0 0 0 2 4 0 0 0 0 0 0 0 0 0 0 0 0 0 0 7 0 0 0 0 0 0 0 0 0 0 0 0 0 0 0 0 0 0 0 0 0 0 0 0 0 0 21 0 43 11 2 21 0 31 59 26 43 0 0 0 38 31 0 0 0 8 3 0 0 0 0 2 3 0 0 0 0 0 3 7 0 0 0 1 3 0 0 0 0 0 0 0 0 0 0 0 5 0 0 0 0 0 1 1 16 0 0 1 1 2 5 0 69 0 0 1 0 0 0 0 0 0 0 0 0 0 0 0 0 12 31 0 0 0 0 
 3 3 3 3 3 3 3 29 2 3 2 5 2 3 3 3 3 3 2 0 0 0 0 2 0 0 0 0 0 0 0 0 0 0 2 0 0 0 0 0 67 61 190 0 116 260 93 302 82 272 152 248 488 71 79 42 278 303 58 59 68 0 0 0 4 0 0 0 2 2 4 1 0 0 1 3 0 0 1 0 0 0 0 1 0 0 0 0 0 0 0 0 0 0 0 0 0 0 0 0 0 0 0 0 0 0 0 0 0 0 0 0 0 0 0 0 0 0 0 0 0 0 0 10 17 33 0 0 0 0 15 22 0 0 0 0 0 23 0 0 0 0 0 5 0 0 0 19 0 0 0 0 7 0 47 3 0 0 17 0 0 10 0 0 0 0 0 0 0 0 0 0 0 0 0 0 0 0 0 7 0 0 0 0 0 0 0 0 0 0 0 0 0 0 0 0 0 0 0 0 0 0 0 24 27 18 0 0 0 0 22 33 0 0 0 0 0 0 0 0 0 0 0 29 0 0 1 0 0 0 0 0 0 0 0 0 0 0 31 8 0 0 0 0 0 0 0 0 0 0 0 2 0 0 0 0 0 1 0 20 0 0 45 34 0 0 7 7 2 0 0 0 0 0 0 0 0 0 0 0 0 0 0 0 0 0 0 7 0 0 
 2 0 0 0 55 0 0 0 0 3 0 0 0 0 5 0 0 0 0 0 1 3 7 0 0 0 0 9 6 1 0 4 0 1 9 5 4 1 0 0 38 47 44 116 0 246 57 75 148 301 88 202 87 77 75 297 120 25 91 71 69 2 0 0 1 0 0 2 3 0 5 0 0 0 0 0 0 1 4 23 0 0 0 0 0 0 0 0 0 22 0 0 0 0 0 0 0 0 0 0 0 0 10 7 4 0 0 0 5 0 2 0 0 3 0 8 6 7 0 0 0 0 0 1 0 68 0 0 0 0 1 12 0 0 0 0 0 0 0 0 1 0 0 9 0 0 7 3 0 0 1 0 17 33 0 9 0 0 30 9 0 0 0 0 0 0 0 46 0 0 0 0 0 0 0 0 0 7 0 0 40 8 3 0 0 0 0 0 6 36 7 7 0 0 0 3 0 33 0 0 0 0 0 0 1 24 0 0 0 0 0 8 0 0 0 0 0 0 0 0 11 18 0 0 0 0 7 0 0 0 0 0 22 0 0 0 0 0 28 18 0 0 0 0 0 0 0 0 0 0 0 3 0 2 0 0 0 0 0 2 1 0 1 1 2 5 2 1 0 0 0 0 0 0 0 0 0 0 0 0 0 9 0 0 0 0 0 0 0 0 
 0 0 0 0 0 0 0 0 0 3 0 4 0 0 0 0 0 0 0 0 3 3 3 4 13 6 3 3 3 3 4 1 3 3 3 3 3 3 3 3 55 244 45 260 246 0 29 247 47 42 87 49 38 37 261 98 65 62 260 51 1 2 0 3 1 0 0 0 0 2 0 0 0 3 0 2 1 0 158 2 0 0 0 0 0 0 0 0 0 0 0 0 0 0 0 0 0 0 0 0 0 0 0 0 0 1 0 0 0 0 0 3 0 0 0 0 0 0 0 0 0 0 0 0 0 16 6 0 0 0 1 45 14 0 0 0 0 0 8 3 10 17 0 0 0 0 17 11 0 0 5 0 16 13 0 0 0 0 12 12 0 0 0 0 0 0 0 8 0 0 0 0 0 0 0 0 0 0 0 0 0 0 0 0 0 1 0 0 0 0 0 0 0 0 0 0 0 0 0 0 0 0 0 0 0 23 0 0 0 0 0 0 5 0 0 0 0 0 2 2 11 11 0 0 0 0 43 0 0 0 0 0 53 12 12 0 0 0 8 38 0 0 0 0 0 0 0 0 0 0 0 2 0 0 0 1 0 0 0 0 0 0 0 5 4 2 1 0 0 0 0 0 0 0 0 0 0 0 0 0 0 0 0 0 0 0 0 0 0 0 
 0 0 0 0 0 0 1 0 0 0 0 0 0 0 0 0 0 0 0 0 0 0 62 0 0 0 0 0 0 0 2 2 0 0 0 0 0 0 0 0 534 62 42 93 57 29 0 119 56 46 33 23 375 381 57 43 36 42 52 320 0 0 0 0 0 0 0 0 0 0 0 0 0 0 0 203 8 2 0 0 0 16 0 0 0 0 0 0 0 0 15 0 0 0 0 0 0 0 0 0 0 0 0 0 0 0 0 0 0 0 0 0 0 0 0 0 0 0 0 0 10 26 23 0 0 0 2 53 23 0 0 0 1 18 22 21 10 1 0 0 0 21 0 0 0 0 11 0 0 0 0 0 0 0 0 0 0 0 0 0 0 0 0 4 0 0 0 0 0 0 0 0 0 0 0 0 0 0 0 0 0 0 0 0 0 0 0 0 0 0 0 0 0 0 0 0 0 7 0 0 25 3 12 0 0 0 12 18 0 0 0 0 0 12 0 0 0 12 0 12 0 0 0 0 0 0 0 0 0 0 0 0 0 0 0 0 0 0 0 15 0 0 0 0 1 0 0 0 0 0 0 0 0 0 1 19 0 0 0 0 8 0 0 0 0 2 2 0 0 0 0 0 0 0 0 0 0 0 0 0 0 0 0 0 0 0 0 0 0 0 
 0 0 0 0 0 0 0 0 0 0 0 63 0 0 2 0 0 0 0 0 65 0 0 0 0 0 8 0 0 0 0 0 5 5 0 0 0 0 1 3 277 489 131 302 75 247 119 0 116 469 40 32 317 262 228 268 62 33 50 132 0 0 0 0 0 0 0 0 0 0 0 0 0 0 0 0 0 0 53 0 0 0 0 0 0 0 0 0 0 0 0 0 0 0 0 0 0 0 9 0 13 8 0 0 1 0 0 9 0 0 0 0 0 6 6 0 1 0 0 7 32 17 9 0 0 0 0 25 40 32 55 12 0 1 0 36 8 9 0 0 3 0 0 0 0 0 6 0 0 0 0 0 0 0 6 0 0 0 0 0 0 0 0 0 0 0 0 0 0 0 0 0 0 0 0 0 0 0 0 0 1 0 0 0 0 0 9 0 0 0 0 0 16 2 1 0 1 0 0 0 0 38 18 3 0 0 2 0 45 37 16 0 0 1 17 47 27 27 0 0 0 0 0 0 0 0 0 0 0 0 0 0 0 0 0 0 0 0 0 0 0 0 10 0 0 0 0 0 0 0 0 6 0 2 0 0 1 0 2 2 0 0 0 0 0 2 0 0 0 0 2 0 0 1 0 0 0 0 0 0 0 0 0 0 19 0 0 0 0 0 
 3 0 0 36 0 0 0 0 0 0 0 0 0 0 87 0 0 0 0 0 0 1 0 0 0 5 0 0 0 0 0 0 0 0 0 0 0 0 0 0 35 243 158 82 148 47 56 116 0 504 41 41 81 78 294 133 137 241 91 78 0 0 0 0 0 0 0 0 0 0 26 0 0 0 0 0 0 0 0 0 0 0 0 0 0 0 0 0 0 0 0 0 0 0 0 0 0 0 0 0 0 0 0 0 0 1 0 0 0 0 0 0 0 0 0 0 0 6 0 0 5 3 20 61 20 0 1 7 0 19 15 18 0 6 10 30 5 19 0 7 4 0 0 0 0 0 0 0 0 0 0 0 0 0 3 0 0 0 19 0 19 0 0 0 0 0 0 0 0 0 0 0 0 0 0 0 0 0 0 0 0 0 0 0 0 0 0 0 0 0 0 0 0 0 0 0 0 0 0 0 5 19 0 22 0 0 6 0 40 14 11 39 0 2 2 31 30 1 9 0 0 0 0 0 0 0 0 0 0 0 0 0 0 13 0 0 0 0 0 0 0 0 9 0 0 0 0 0 0 0 0 2 0 1 0 0 0 0 0 16 0 0 3 4 0 10 0 3 0 0 0 0 0 0 0 0 0 0 0 0 0 3 0 0 11 25 0 0 0 0 
 0 0 0 0 0 0 0 0 0 0 1 0 0 0 0 0 0 0 0 0 0 7 0 0 0 0 1 0 0 0 0 0 0 0 0 0 0 0 0 0 52 246 240 272 301 42 46 469 504 0 302 46 272 84 154 512 263 40 96 83 0 0 0 0 0 0 0 0 0 0 0 0 0 0 0 0 0 0 0 0 0 0 0 0 0 0 0 0 0 0 0 0 0 0 0 0 0 0 0 0 0 0 0 0 0 0 0 0 0 0 0 0 0 1 0 0 0 0 0 0 0 0 12 31 27 0 0 0 0 7 62 12 0 0 1 24 7 18 0 0 2 0 0 1 0 0 0 0 0 0 0 0 0 0 0 0 0 0 0 0 0 0 0 0 0 0 11 0 0 0 0 0 0 0 0 0 0 0 12 0 0 0 0 0 0 0 0 0 0 0 0 0 0 0 0 0 0 0 0 7 0 10 11 12 34 0 0 29 7 2 16 12 0 8 11 14 36 1 0 0 0 0 0 0 0 0 0 0 0 0 0 5 0 0 0 0 0 0 0 10 0 0 0 0 17 0 0 0 0 0 0 4 0 1 0 0 0 0 1 27 0 0 65 64 2 14 0 64 0 0 0 0 0 0 0 0 0 0 0 0 0 0 1 0 0 12 0 0 0 6 
 0 0 0 0 0 0 0 0 0 0 0 0 0 0 0 0 0 0 0 2 0 2 0 0 1 0 0 0 0 4 0 0 0 0 0 0 0 0 66 0 32 34 96 152 88 87 33 40 41 302 0 190 64 28 277 300 346 221 236 55 54 0 0 0 0 0 209 0 0 0 0 0 0 1 21 0 1 0 0 0 0 0 0 0 0 0 0 0 0 0 0 0 0 0 0 0 0 0 0 0 0 0 0 0 0 0 0 0 0 0 34 0 0 0 0 0 0 0 0 0 0 0 0 48 22 11 0 0 4 0 8 25 0 0 0 0 2 28 0 0 0 0 0 5 0 0 0 6 0 0 23 0 8 0 0 3 0 0 12 0 0 14 0 0 0 0 0 0 0 0 0 0 0 0 0 0 0 0 0 0 0 0 0 0 0 0 0 10 0 0 0 0 0 0 0 0 0 0 0 0 0 0 0 24 31 9 0 0 0 5 17 46 0 0 0 0 1 17 0 0 0 0 0 0 0 0 0 0 0 0 0 0 0 0 0 0 0 0 32 8 0 0 0 0 0 0 0 0 0 0 0 0 0 1 0 0 0 0 1 14 0 0 36 2 0 1 2 37 4 0 0 0 0 0 0 0 0 0 0 0 0 0 2 0 6 2 0 0 0 2 
 0 0 0 0 6 64 0 1 0 62 2 0 0 2 0 0 0 1 0 0 1 2 1 2 213 6 3 4 2 1 2 1 63 1 2 2 2 1 20 62 24 36 40 248 202 49 23 32 41 46 190 0 14 18 25 35 87 71 32 23 59 5 0 0 0 1 1 4 10 0 0 0 3 9 4 0 0 0 5 3 0 0 0 0 0 0 0 0 0 0 0 0 0 0 0 0 0 0 0 0 13 0 1 0 0 0 0 0 0 0 0 0 0 2 0 0 0 0 14 0 0 0 1 0 0 4 15 0 0 0 18 4 0 0 0 0 1 0 0 0 0 3 16 6 5 0 0 3 14 11 17 5 2 0 0 2 0 0 3 0 0 0 0 0 0 0 10 0 0 0 2 0 4 0 0 5 0 0 0 0 10 0 0 0 0 9 28 0 0 0 0 0 10 1 0 0 0 0 9 10 0 0 0 1 20 28 0 0 0 0 13 8 0 0 0 0 0 0 0 0 15 0 6 50 0 0 0 0 3 1 0 1 0 1 0 3 10 14 16 13 0 0 0 0 0 0 0 0 0 0 0 3 0 0 0 0 2 0 2 15 0 0 65 2 0 8 14 63 2 0 0 0 0 0 0 0 0 0 0 0 0 0 0 0 0 0 0 0 0 0 
 99 3 3 3 3 3 3 4 3 3 3 3 3 3 3 3 3 3 3 0 0 2 0 1 0 0 1 0 0 0 0 0 0 0 3 0 0 0 0 0 72 65 287 488 87 38 375 317 81 272 64 14 0 90 42 33 479 49 558 161 0 0 17 0 0 0 201 0 0 0 0 0 0 0 0 5 4 52 0 0 0 0 0 0 0 0 0 0 0 0 0 0 0 0 0 0 0 0 0 0 0 0 0 0 6 0 0 0 0 0 0 0 0 0 0 0 0 0 0 0 15 0 34 6 6 2 24 6 7 0 0 5 0 10 23 0 8 6 0 39 0 0 0 0 0 0 0 0 0 0 0 0 0 0 0 0 14 0 0 0 0 0 5 7 0 0 0 0 0 0 0 3 0 0 0 0 0 0 0 0 0 0 0 0 0 1 0 0 0 0 0 0 0 0 0 0 0 0 0 0 54 7 8 5 7 0 33 50 0 8 6 4 56 25 67 0 0 4 0 19 0 0 0 0 0 0 0 0 0 0 0 0 0 0 0 0 0 0 10 0 0 0 0 0 0 0 0 0 0 0 0 7 0 0 0 0 0 0 2 1 0 0 0 0 1 3 0 0 0 0 0 0 0 0 0 0 0 0 0 0 0 0 4 0 7 0 0 0 1 0 
 0 0 0 0 0 0 0 0 0 6 0 0 0 0 0 0 0 0 0 0 3 4 3 3 5 4 6 3 3 3 3 3 3 3 3 3 3 3 3 3 357 63 53 71 77 37 381 262 78 84 28 18 90 0 313 54 31 37 85 108 0 0 0 0 0 51 0 0 0 0 0 1 0 0 0 0 2 0 0 0 0 0 0 0 0 0 0 0 0 0 0 0 0 0 0 0 0 0 0 0 0 0 0 0 0 0 0 0 0 0 0 0 0 0 0 0 0 0 0 0 11 28 23 2 0 0 9 21 70 58 0 0 1 0 19 25 19 9 0 0 15 0 9 0 0 0 9 0 0 0 0 0 0 0 2 0 0 0 0 0 0 0 0 17 0 0 0 0 0 0 0 1 0 0 0 0 0 0 5 0 0 0 0 0 0 0 0 0 0 0 0 0 0 0 11 0 11 0 0 0 8 23 19 6 0 0 1 1 1 22 0 0 0 12 9 25 14 54 0 13 0 0 0 0 0 0 0 0 0 0 0 0 0 0 0 0 0 0 0 0 0 0 1 0 0 0 0 0 0 0 0 2 0 0 0 0 0 0 1 0 0 0 0 0 0 1 0 0 0 0 28 0 0 0 0 0 0 0 0 0 0 0 0 0 6 0 0 0 0 0 
 0 0 0 0 67 73 0 0 0 0 0 0 0 0 0 0 0 0 0 0 0 60 0 0 0 0 2 0 0 0 63 1 28 0 0 0 0 0 0 0 231 260 57 79 75 261 57 228 294 154 277 25 42 313 0 105 54 32 79 381 0 6 0 3 26 0 207 0 1 3 6 0 5 14 0 55 0 54 8 5 0 0 0 0 0 0 0 0 0 0 0 0 0 0 0 0 0 0 0 0 0 0 0 0 0 0 0 0 0 0 0 0 0 0 0 0 0 0 0 0 35 38 19 0 0 1 0 31 18 51 37 10 0 0 0 23 10 16 0 0 7 0 0 0 0 0 31 0 0 0 0 0 2 25 16 0 0 0 11 0 0 0 0 2 0 0 0 0 0 0 0 0 0 0 0 0 0 0 0 0 0 0 0 0 1 0 0 0 0 0 0 0 0 0 0 0 0 8 0 0 1 55 15 8 0 11 0 9 60 26 10 1 0 1 4 52 20 41 10 0 5 0 0 0 0 0 5 1 0 0 0 0 4 0 6 0 0 0 0 7 0 0 16 0 0 0 0 0 0 0 0 3 0 2 0 0 2 0 2 1 0 0 3 0 0 1 0 0 0 0 12 0 0 0 0 0 0 0 0 0 0 0 0 0 23 0 0 0 0 0 
 0 0 0 0 0 0 8 0 0 0 2 0 0 62 0 3 0 0 3 2 0 0 0 1 43 3 5 0 0 0 0 0 1 0 0 0 0 0 0 0 35 240 182 42 297 98 43 268 133 512 300 35 33 54 105 0 305 238 33 80 0 0 0 0 0 2 0 2 0 0 0 0 0 3 0 0 1 0 0 2 0 0 0 0 0 19 0 0 0 0 0 0 0 0 0 0 0 0 0 0 0 0 0 0 0 36 0 0 0 0 0 9 0 0 0 0 0 0 0 0 0 0 15 34 34 0 10 1 0 18 11 15 8 0 0 6 4 25 8 5 7 0 0 0 0 0 0 0 0 0 0 0 0 0 7 0 0 0 0 0 0 0 0 0 0 0 0 0 0 0 0 0 11 0 0 0 0 0 0 4 10 0 0 0 0 0 0 0 0 0 0 0 0 0 0 0 0 0 0 0 0 10 0 13 1 0 2 0 32 14 37 30 6 0 0 10 23 3 5 6 0 0 0 0 7 0 0 0 0 0 0 0 0 0 0 0 0 0 0 0 0 0 9 0 0 0 0 0 0 0 0 6 0 1 0 0 0 0 1 11 0 0 1 1 0 8 0 1 0 1 0 0 0 0 0 0 0 0 0 0 0 0 0 0 20 19 0 0 0 0 
 9 3 3 3 3 3 3 3 3 3 4 3 3 3 3 3 3 3 5 0 0 1 1 2 1 0 4 0 0 0 0 0 0 0 4 0 0 0 0 0 100 435 246 278 120 65 36 62 137 263 346 87 479 31 54 305 0 260 31 29 2 1 0 0 5 0 5 0 0 0 0 0 2 2 0 8 0 0 1 5 7 0 0 0 0 0 0 0 15 0 0 0 0 0 0 0 0 0 0 0 0 0 0 0 0 0 0 0 0 0 0 0 0 0 0 0 0 0 0 0 0 0 38 26 60 0 0 0 2 22 19 19 0 0 0 10 8 31 0 0 12 0 0 0 0 0 5 7 0 0 0 0 0 0 11 0 0 0 0 5 0 0 0 0 0 0 0 0 0 0 0 0 0 0 0 0 11 0 0 0 0 0 0 0 0 0 0 0 0 0 0 0 0 0 0 0 0 0 0 0 0 13 0 17 1 0 0 0 39 38 15 32 0 0 1 11 19 0 0 0 3 4 0 0 0 0 0 5 0 0 0 1 1 6 3 0 1 0 0 0 0 0 14 0 0 0 0 0 0 0 0 0 0 1 0 0 0 0 2 12 0 29 2 0 1 41 1 6 0 0 0 0 0 0 0 0 0 0 0 0 0 4 0 0 18 19 0 0 0 0 
 3 3 3 3 3 3 3 9 3 3 4 4 3 3 3 3 3 3 3 0 0 0 0 0 211 2 0 0 0 5 3 0 0 0 3 0 2 0 0 0 21 51 273 303 25 62 42 33 241 40 221 71 49 37 32 238 260 0 25 25 0 0 0 0 53 50 0 0 0 0 0 0 0 0 0 0 0 0 0 3 0 0 0 0 0 0 0 0 0 0 0 0 0 0 0 0 0 0 0 0 0 0 0 0 0 0 0 0 0 0 0 0 0 0 0 0 0 0 0 0 0 1 10 69 33 0 0 0 0 1 18 9 0 0 0 14 8 14 0 17 2 0 0 1 0 0 0 0 0 0 0 0 0 0 1 0 0 0 0 0 0 0 0 0 0 0 0 0 0 0 0 0 0 0 0 0 0 0 0 0 0 0 0 0 0 0 0 0 0 0 0 0 0 0 0 0 0 0 0 0 0 0 1 19 38 0 0 0 2 0 46 8 0 0 0 0 24 0 0 0 0 0 0 0 32 0 0 6 0 0 0 0 0 0 9 0 0 15 1 7 0 0 12 0 0 0 0 0 0 0 0 3 0 0 0 0 0 0 3 23 0 0 62 63 2 8 3 62 0 0 0 0 1 0 0 0 0 0 0 0 0 0 0 0 1 26 0 0 0 0 
 0 0 0 0 0 0 0 0 0 0 0 0 0 0 0 0 0 0 3 0 0 0 26 0 15 199 0 0 0 0 0 3 0 0 0 0 0 0 1 0 33 40 30 58 91 260 52 50 91 96 236 32 558 85 79 33 31 25 0 536 0 0 0 0 0 0 4 0 0 0 0 0 0 0 0 40 67 0 0 0 0 0 0 0 0 0 0 0 0 0 0 0 0 0 0 0 0 0 0 0 0 0 0 0 12 0 0 15 0 0 1 0 0 0 0 0 0 0 0 0 42 2 3 0 0 0 30 19 0 4 6 0 8 28 12 4 3 1 1 39 0 0 0 0 0 0 0 0 0 0 0 0 0 0 0 0 0 0 0 0 0 0 7 3 0 0 0 0 0 0 0 6 0 0 0 6 1 0 0 0 0 0 0 0 0 8 0 0 0 0 0 0 0 0 0 0 0 0 0 0 27 11 15 0 0 0 51 48 3 0 0 0 27 20 29 15 11 0 0 4 0 0 0 0 0 0 0 0 0 0 0 0 0 0 0 0 0 0 0 0 0 0 4 0 0 0 0 0 0 0 0 0 0 0 0 0 0 0 0 0 0 0 2 0 0 2 0 0 0 0 0 0 0 0 0 0 0 0 0 0 0 0 0 0 0 0 0 0 0 12 
 4 1 8 3 1 1 0 1 4 54 5 0 0 62 0 1 8 3 3 0 0 2 0 0 0 5 0 0 0 1 1 0 0 0 0 2 0 0 0 0 121 65 56 59 71 51 320 132 78 83 55 23 161 108 381 80 29 25 536 0 0 0 0 0 0 0 10 0 6 0 0 0 0 0 0 3 3 0 0 0 0 0 3 6 0 0 0 0 0 0 4 5 0 0 0 0 1 4 0 0 0 0 7 0 1 0 0 0 0 0 0 0 0 0 0 0 0 0 0 0 11 0 13 0 0 0 24 19 1 0 0 0 0 20 26 0 7 0 0 19 0 0 0 0 0 0 0 0 0 0 0 0 0 0 0 0 0 0 0 0 0 0 2 8 5 0 0 0 1 8 4 4 0 0 1 0 5 5 0 0 0 1 0 0 0 0 0 0 0 0 0 1 0 0 0 0 0 0 1 0 37 7 7 0 0 0 21 30 0 0 0 0 11 22 22 0 0 0 0 27 0 0 14 0 0 0 0 0 0 0 0 0 0 0 0 0 0 0 0 0 0 3 0 0 0 0 4 0 0 0 0 6 0 1 0 0 0 0 1 2 0 0 7 0 0 4 0 0 0 0 0 0 0 0 0 0 0 0 0 0 0 0 0 0 0 0 0 0 0 0 
 0 0 0 0 2 0 0 0 0 0 0 0 0 0 1 0 0 83 0 0 0 0 0 0 0 0 0 0 0 0 0 0 0 0 0 0 0 0 0 0 0 1 0 68 69 1 0 0 0 0 54 59 0 0 0 0 2 0 0 0 0 82 113 37 37 262 295 231 28 37 236 39 72 122 187 60 35 45 44 89 0 0 0 0 0 0 0 0 0 0 0 0 0 0 0 0 0 0 0 0 0 0 33 0 0 0 0 0 0 0 0 0 0 0 0 0 0 0 0 0 1 0 1 0 0 24 0 0 0 1 6 1 0 1 1 0 0 1 0 1 0 17 21 7 0 1 0 9 34 11 2 7 9 0 10 14 19 0 21 0 0 0 0 0 0 0 0 0 0 0 0 0 0 0 0 1 0 13 0 12 0 0 0 0 0 0 0 0 0 0 0 0 0 0 0 0 0 0 0 0 0 0 0 0 6 15 0 0 0 0 8 0 0 0 0 0 0 0 0 0 37 25 19 10 0 0 0 19 35 16 0 0 0 25 3 20 45 10 7 7 0 0 0 12 0 0 0 0 0 0 0 0 0 0 4 0 12 0 0 0 0 0 0 0 0 0 19 52 0 0 17 0 0 0 1 1 0 0 0 0 0 0 0 0 0 2 0 0 0 1 
 0 0 0 0 0 0 0 0 0 4 0 0 0 32 0 0 0 0 0 0 0 0 2 0 0 0 49 0 0 0 0 2 0 0 0 0 0 0 0 0 0 7 0 0 2 2 0 0 0 0 0 5 0 0 6 0 1 0 0 0 82 0 558 47 259 49 97 264 242 261 29 13 54 58 147 372 316 34 52 39 0 0 0 0 0 0 0 0 0 0 0 0 0 0 0 0 0 0 0 0 0 10 0 0 4 0 0 7 5 0 0 0 0 0 0 0 0 0 0 0 0 0 0 1 0 0 0 0 0 0 0 0 0 0 0 0 0 0 0 0 0 18 17 32 19 0 0 1 9 14 41 28 0 0 10 9 9 14 0 0 0 0 0 0 0 0 0 0 0 0 0 0 0 0 0 1 0 0 0 0 0 0 0 0 0 0 0 0 0 0 0 0 0 0 0 0 0 0 1 0 0 0 0 0 19 0 0 0 0 0 0 0 0 0 0 0 0 0 0 0 0 12 25 31 41 0 0 1 29 25 83 26 0 0 0 27 38 19 0 0 0 0 0 0 0 0 0 0 0 0 0 0 0 0 3 0 0 0 0 0 0 0 0 0 0 0 7 0 0 0 2 0 0 12 2 0 0 0 0 0 0 0 0 0 0 0 0 0 0 2 
