 0 263 68 77 72 22 348 414 41 47 22 42 95 426 408 34 53 250 64 424 52 0 0 0 74 1 0 0 3 0 0 0 0 0 0 4 2 1 1 0 0 0 0 0 0 0 0 0 0 0 0 0 0 0 12 0 1 0 0 0 0 2 1 0 0 0 0 20 0 3 0 0 0 0 0 0 0 3 0 0 40 1 21 3 0 0 15 40 21 19 0 0 0 43 51 0 49 2 0 0 0 0 0 0 0 0 0 0 0 0 0 0 15 0 0 0 0 0 0 0 0 0 0 0 0 0 0 0 0 0 0 0 0 0 0 0 0 0 0 0 0 0 0 0 0 0 0 0 0 0 0 0 0 0 0 0 0 0 0 6 29 55 20 3 0 0 0 44 27 11 0 0 1 52 12 84 0 2 0 11 0 0 0 19 0 0 0 0 0 0 0 0 0 0 0 0 0 0 0 0 0 0 0 0 0 0 0 0 0 0 0 0 0 0 0 0 0 0 0 0 0 0 0 0 0 0 0 0 0 0 0 0 0 0 0 0 0 0 12 0 0 0 0 0 0 0 0 0 2 1 0 2 0 0 0 0 0 0 0 0 0 0 0 0 0 0 0 0 0 0 0 9 0 0 0 0 0 0 0 0 0 0 0 0 0 0 0 0 0 0 
 263 0 399 57 33 34 118 336 239 36 251 43 132 270 292 209 249 121 35 162 75 1 0 0 35 0 0 0 3 0 0 0 0 1 0 0 0 2 73 0 0 0 0 0 0 62 0 0 0 0 6 1 0 0 0 0 1 0 0 0 0 3 0 0 0 0 0 7 0 3 0 0 0 0 0 0 0 3 0 32 0 37 28 24 0 0 0 23 21 42 14 1 0 29 22 18 48 57 0 0 0 0 0 0 0 0 0 0 21 0 32 0 0 0 0 0 0 0 0 0 0 0 0 0 0 0 0 0 0 0 0 0 0 0 0 0 0 0 0 0 0 0 0 0 0 0 0 0 0 0 0 0 0 0 0 0 0 0 0 13 25 36 31 0 0 0 0 14 36 15 2 0 0 21 12 25 26 35 0 0 0 0 0 0 0 0 0 0 0 0 0 0 0 0 0 0 0 0 0 0 0 0 0 0 0 0 0 0 0 0 0 0 0 0 0 0 0 0 0 0 0 0 0 0 0 0 0 0 0 0 0 0 0 0 0 0 0 0 0 0 0 0 0 0 0 2 0 0 2 0 0 4 0 0 0 0 0 0 0 0 0 0 0 0 0 0 0 0 0 0 0 0 0 0 0 26 1 0 0 0 0 0 0 0 0 0 0 0 0 0 
 68 399 0 166 30 31 126 102 427 271 131 41 279 56 78 102 248 270 252 141 0 0 0 34 4 0 0 0 43 0 0 1 0 0 0 0 0 4 0 0 0 0 2 0 0 0 0 2 0 0 4 0 0 0 0 0 0 0 0 0 0 1 0 0 0 0 0 0 0 3 0 0 0 0 0 0 0 3 0 0 0 43 51 58 1 0 0 12 15 47 26 18 0 0 0 28 47 46 0 0 0 0 0 0 0 0 0 0 0 0 0 0 0 0 0 2 0 0 0 0 0 0 0 0 0 0 0 0 0 0 0 0 0 0 0 0 0 0 1 0 0 0 0 0 0 0 0 0 0 0 0 0 0 0 0 0 1 0 0 0 3 0 16 9 51 0 0 0 10 14 27 12 0 0 0 21 28 12 0 0 0 0 0 0 0 0 0 0 0 0 0 0 0 2 0 0 0 0 20 0 0 0 0 10 0 0 0 0 0 0 0 0 0 0 0 0 0 0 38 0 0 0 0 0 0 0 0 0 0 12 0 0 0 0 0 0 0 0 0 20 0 11 0 0 0 2 89 2 2 4 0 6 0 0 1 0 0 0 0 0 0 0 10 0 0 0 0 0 0 0 0 0 0 0 0 14 7 0 0 0 0 0 0 0 0 0 0 0 0 0 
 77 57 166 0 287 71 104 56 295 435 138 401 134 109 58 58 26 404 69 63 76 0 0 0 0 1 0 0 3 0 0 0 0 0 0 1 0 3 0 0 0 0 0 0 0 0 0 0 0 0 0 0 0 0 0 0 2 0 10 0 0 3 0 0 0 0 0 3 0 2 0 0 0 0 0 0 0 3 0 0 0 0 31 67 92 17 0 0 0 20 66 78 0 0 0 28 0 22 0 0 0 0 0 0 0 0 0 0 0 0 0 0 1 0 0 0 0 0 31 0 0 0 0 0 0 0 0 0 0 0 0 0 0 0 0 0 0 0 0 0 0 0 2 0 0 0 0 0 1 0 2 0 0 0 0 0 0 0 0 14 5 0 0 68 39 27 0 0 0 5 31 58 0 0 0 0 13 0 0 0 0 0 0 0 0 0 1 0 0 0 0 0 0 0 0 0 0 0 12 9 0 0 0 0 0 0 9 0 0 2 0 0 0 0 0 0 0 0 0 0 0 0 0 0 0 0 0 0 0 0 0 0 0 0 0 0 0 0 0 0 0 29 0 0 0 0 51 0 0 110 1 8 18 0 2 0 0 0 0 0 0 0 1 0 0 0 0 0 0 0 0 0 0 0 0 0 10 1 0 0 0 0 0 0 0 0 0 0 0 0 
 72 33 30 287 0 456 277 48 71 77 104 411 78 63 488 170 63 261 59 84 0 0 1 0 4 4 2 0 3 0 0 1 0 0 0 0 0 2 0 0 0 0 0 0 0 0 0 0 0 0 0 0 0 0 0 0 0 0 6 0 0 0 0 0 0 0 0 3 0 3 0 0 0 0 0 0 0 33 0 0 0 0 0 0 21 26 0 0 0 0 21 29 0 0 1 0 0 0 0 0 0 1 0 0 0 11 18 3 0 0 0 0 29 0 0 0 1 0 29 0 2 0 0 0 0 0 0 0 0 14 0 0 0 0 0 0 0 0 0 0 0 24 11 0 0 0 0 0 0 0 7 0 0 2 0 9 0 2 0 0 0 0 0 17 11 36 0 4 0 0 0 13 0 0 0 0 0 0 1 0 32 2 0 0 0 13 11 0 0 0 0 0 63 0 0 0 0 0 26 52 0 0 0 0 0 1 0 0 0 0 2 0 0 0 0 0 0 0 0 0 0 0 0 0 0 0 0 0 0 0 0 0 0 0 0 0 0 0 0 0 0 0 0 0 0 0 3 1 4 3 2 3 15 2 0 0 0 0 0 0 0 0 0 0 0 0 0 0 0 0 0 0 0 0 0 0 0 0 0 0 0 0 0 0 0 0 0 0 0 0 
 22 34 31 71 456 0 237 111 23 33 143 61 72 48 64 78 59 52 129 66 0 0 2 74 0 4 0 0 3 1 2 0 9 2 1 0 0 75 238 1 0 0 0 0 0 2 0 3 0 6 32 0 0 0 0 0 1 0 3 0 2 3 0 0 0 0 0 3 0 3 2 0 0 0 0 0 44 3 35 0 0 0 20 0 5 29 0 0 0 0 0 1 0 0 0 0 14 0 0 0 11 0 0 0 0 0 32 0 0 0 0 0 32 0 0 0 0 0 37 18 0 3 0 0 0 18 1 0 1 13 0 0 1 0 0 0 0 0 0 0 0 0 5 0 9 0 0 2 0 0 2 1 0 0 0 0 0 0 0 0 0 0 0 0 0 21 0 6 0 0 0 0 0 0 1 0 0 0 0 0 28 0 0 0 0 0 17 12 0 0 0 0 73 12 0 0 0 0 20 84 0 0 0 0 0 0 0 0 1 0 0 0 0 0 2 0 0 13 0 0 0 0 0 2 0 0 0 0 0 0 0 0 0 0 0 0 6 2 0 0 0 0 0 0 0 0 4 0 2 6 0 0 4 0 0 0 0 0 0 0 0 0 0 0 0 0 0 0 0 0 0 0 0 0 0 0 0 0 0 0 0 0 0 0 0 0 0 0 0 0 
 348 118 126 104 277 237 0 103 52 242 42 23 401 387 67 32 254 28 282 165 0 31 22 85 0 0 0 1 20 32 0 2 0 0 1 16 22 2 2 0 6 0 0 0 0 0 0 0 0 0 0 0 0 0 4 0 0 0 0 0 0 0 0 0 0 0 0 1 0 3 0 0 0 4 0 0 0 7 0 0 28 0 5 0 0 0 60 37 16 0 0 0 9 29 29 0 9 0 0 12 0 0 0 0 0 0 0 0 0 0 0 0 0 0 1 2 0 0 0 0 0 0 0 0 1 0 0 0 0 0 0 0 0 0 0 0 0 0 1 0 0 0 0 0 0 0 0 0 0 0 0 0 0 0 0 0 1 0 0 4 23 34 14 0 0 0 30 21 0 0 0 0 14 14 68 0 0 0 0 8 0 0 0 0 0 0 0 0 0 0 0 0 0 2 0 0 0 0 0 0 0 0 0 2 1 0 0 0 0 0 0 0 0 0 0 0 0 0 0 0 0 0 0 0 0 0 0 0 0 0 0 0 0 0 0 0 0 0 0 2 0 0 0 0 0 0 2 0 0 0 0 11 0 0 1 0 0 0 0 0 0 0 0 0 0 19 0 0 0 0 0 0 0 0 0 0 0 0 0 0 0 0 0 0 0 0 0 0 0 0 
 414 336 102 56 48 111 103 0 69 38 29 36 95 449 179 122 34 27 89 66 0 0 1 65 28 0 0 0 5 0 0 0 0 0 1 3 2 6 1 0 0 0 0 0 1 2 0 0 0 0 8 0 0 0 6 0 1 2 0 0 0 2 3 0 5 0 0 13 5 3 3 0 0 3 2 6 3 3 0 1 0 29 29 14 0 15 0 70 80 79 1 0 0 26 54 12 33 33 0 0 0 0 0 0 0 0 0 2 0 1 0 0 0 0 0 0 0 0 0 0 2 0 0 0 0 0 0 0 0 0 0 0 0 0 0 1 0 0 0 0 0 0 0 0 0 0 0 0 0 0 2 0 0 1 0 0 0 2 0 5 29 30 40 0 0 0 0 36 11 21 3 0 0 34 15 34 16 23 1 0 0 0 0 0 0 0 0 0 0 0 0 0 0 0 0 12 1 0 0 0 0 0 0 0 0 1 0 0 0 0 0 0 0 0 0 0 0 0 0 0 0 0 0 0 0 0 2 0 0 0 0 0 0 9 0 0 0 0 0 0 0 0 0 0 0 0 1 0 0 0 0 9 0 0 0 0 0 0 0 0 0 0 1 0 0 0 0 0 0 0 0 0 0 0 2 36 0 4 0 0 0 0 0 0 0 0 0 0 0 0 
 41 239 427 295 71 23 52 69 0 433 75 450 75 98 79 250 347 387 56 288 0 0 0 0 6 0 0 0 3 0 0 0 0 5 0 0 70 3 0 76 0 0 0 0 1 2 0 0 0 4 4 3 0 0 0 4 3 6 0 0 5 1 0 0 0 2 0 3 0 3 2 2 0 0 0 0 0 7 0 0 0 57 28 28 0 1 0 4 17 32 19 15 0 1 0 63 31 69 0 0 0 0 0 0 0 0 0 0 0 0 0 0 0 0 0 0 0 0 0 0 0 0 0 0 0 0 0 0 0 0 0 0 0 0 0 0 0 0 0 16 0 0 0 0 7 0 0 0 0 0 0 0 0 0 0 0 0 0 0 13 5 1 21 0 1 0 0 0 29 18 27 10 0 3 0 8 29 44 0 0 0 0 0 0 0 0 0 0 0 0 0 0 0 0 0 0 0 0 0 0 0 0 0 0 0 0 0 0 0 0 0 0 0 0 0 0 0 0 0 0 0 0 0 0 0 0 0 0 0 0 0 0 0 0 0 0 0 0 0 0 0 12 0 0 0 2 2 2 2 8 0 16 0 0 0 0 0 0 0 0 0 0 1 0 0 0 0 0 0 0 0 0 0 0 0 32 8 18 0 0 0 0 0 0 0 0 0 0 0 0 
 47 36 271 435 77 33 242 38 433 0 439 33 56 82 88 439 390 71 51 245 0 0 3 8 2 2 4 0 3 0 1 2 0 2 0 2 0 1 0 3 0 6 3 0 0 0 0 0 0 0 3 0 0 0 0 0 64 0 0 0 0 3 0 0 0 31 2 34 51 3 0 0 0 0 0 0 0 3 0 0 2 51 41 83 28 24 0 0 10 36 59 33 1 0 0 67 17 25 0 0 0 0 0 0 0 27 13 0 0 0 0 0 0 0 0 0 0 8 0 0 0 0 0 0 0 0 2 0 0 0 0 0 0 0 0 0 0 2 0 0 0 14 0 0 0 0 0 0 0 0 0 0 0 0 0 0 0 0 0 0 2 0 0 32 53 11 12 1 40 11 47 24 0 2 0 0 26 10 0 0 1 0 0 0 0 0 0 0 0 0 0 0 0 0 0 0 0 0 0 0 0 2 0 0 8 0 0 2 27 0 0 0 0 0 0 0 0 20 2 0 1 0 0 0 0 0 0 0 0 1 1 0 0 0 0 0 12 16 0 0 0 5 0 0 0 0 185 0 0 174 1 9 5 0 0 0 0 1 0 0 0 0 10 0 0 0 1 0 0 0 0 0 0 1 0 0 11 20 0 0 0 0 0 0 0 0 0 0 0 0 
 22 251 131 138 104 143 42 29 75 439 0 433 25 26 54 307 311 541 29 59 0 0 0 1 0 7 1 0 3 1 24 0 1 0 0 0 0 1 0 0 0 0 0 0 0 0 0 0 0 0 4 0 72 0 0 0 1 0 0 0 0 3 1 0 0 0 0 37 0 3 0 0 0 6 0 0 0 3 0 0 0 0 43 39 69 27 0 0 0 20 48 65 0 0 0 56 0 12 0 0 0 0 0 0 0 0 0 0 0 0 0 0 0 0 0 0 0 0 31 0 0 0 0 0 0 0 0 0 0 0 0 0 0 0 0 0 0 0 0 0 0 0 9 0 0 0 0 0 1 0 2 0 0 0 0 0 17 0 0 0 5 0 0 56 66 6 0 0 0 12 52 39 0 0 0 0 8 0 0 0 0 0 0 0 0 0 0 0 0 2 0 0 0 0 0 0 0 0 9 25 0 0 0 0 0 0 0 0 0 0 0 0 0 0 0 0 0 0 0 0 0 0 0 0 0 0 0 0 9 0 0 0 0 0 1 0 0 0 0 0 0 8 0 0 0 2 102 2 3 89 0 9 18 0 0 0 0 0 0 0 0 0 11 0 0 0 0 0 0 0 0 0 0 0 0 0 10 1 0 0 0 0 0 0 0 0 0 0 0 0 
 42 43 41 401 411 61 23 36 450 33 433 0 236 60 28 57 288 318 29 272 1 0 0 0 0 2 0 0 3 0 6 2 1 0 3 0 0 3 0 1 0 0 0 0 0 1 0 0 0 0 0 0 0 0 0 0 3 0 5 0 3 3 3 0 0 0 0 0 0 3 0 0 0 0 0 0 0 3 0 0 0 0 11 33 55 61 1 0 0 4 57 37 0 0 0 1 0 0 0 0 0 1 0 0 0 0 4 0 2 1 0 0 32 0 0 0 0 0 10 0 0 0 0 0 0 0 0 0 0 0 0 0 0 0 0 0 2 0 0 0 0 0 5 0 0 0 0 0 0 0 3 0 1 0 3 0 0 0 6 0 0 0 0 40 54 26 0 3 0 0 19 22 0 0 0 0 0 0 0 0 3 0 0 0 0 0 1 0 0 0 0 0 27 1 0 0 0 0 5 45 0 0 0 0 0 0 0 0 0 0 0 0 0 0 0 0 0 0 0 0 0 0 0 0 0 0 2 0 2 0 0 0 0 0 0 0 0 0 0 0 0 0 0 0 0 2 177 2 2 174 2 6 16 0 0 0 0 0 0 0 0 0 10 0 0 0 0 0 0 0 0 0 0 0 0 0 0 0 0 0 0 0 0 0 0 0 0 0 0 0 
 95 132 279 134 78 72 401 95 75 56 25 236 0 83 250 46 41 29 483 311 30 2 0 0 3 0 0 0 5 0 0 0 2 0 0 0 0 1 1 0 0 0 0 0 0 0 0 0 0 0 0 0 0 0 4 0 0 0 0 0 0 1 0 0 0 0 21 3 0 3 0 0 0 0 0 0 0 40 0 0 86 0 0 2 0 0 30 15 0 1 0 0 16 19 14 0 0 0 18 44 0 0 0 0 0 0 0 0 0 0 12 0 0 0 0 0 0 0 0 0 0 0 0 0 26 0 0 0 0 2 0 0 0 1 0 0 0 0 0 0 0 0 0 2 0 0 0 0 0 2 0 0 0 0 0 0 0 0 0 0 6 21 0 0 0 0 7 30 5 2 8 0 46 12 14 0 0 0 0 44 0 0 0 0 0 0 0 0 0 0 0 0 0 0 0 0 0 0 0 0 0 0 0 0 2 0 0 0 0 0 0 0 0 0 0 0 2 0 0 0 0 0 0 0 0 0 0 0 0 0 0 0 0 0 0 0 0 0 1 0 0 0 0 0 0 0 1 0 1 0 1 14 0 0 0 0 0 0 0 0 0 0 0 0 0 0 0 0 0 0 0 0 0 0 0 1 0 0 0 0 0 0 0 0 0 0 0 0 0 0 
 426 270 56 109 63 48 387 449 98 82 26 60 83 0 470 22 27 228 74 195 0 0 0 0 74 0 0 0 3 0 0 0 0 1 2 1 0 1 1 0 0 0 0 0 0 0 0 0 0 0 0 0 0 0 100 0 0 0 0 0 0 1 0 0 0 0 0 9 0 3 0 0 32 0 0 0 0 2 0 0 34 1 18 2 0 0 12 51 16 24 0 0 1 48 56 0 43 0 0 0 0 0 0 0 0 0 0 0 0 0 0 0 0 2 0 0 0 0 0 0 0 2 0 0 0 0 0 0 0 0 0 0 0 1 0 0 2 0 0 0 2 0 0 0 0 0 0 0 0 1 0 0 0 0 0 0 0 0 0 6 19 49 21 0 0 0 0 54 16 1 0 0 0 48 9 98 0 1 0 10 0 0 0 2 0 0 0 0 0 0 0 2 15 0 0 0 0 0 0 0 0 0 0 0 0 0 0 0 0 0 0 0 0 0 0 0 1 0 0 0 0 0 0 0 0 0 0 0 0 0 0 0 2 0 0 0 0 0 1 0 0 0 0 0 0 0 0 2 0 0 0 13 0 0 0 0 0 0 0 0 0 0 0 0 0 0 0 0 0 2 0 0 0 0 0 1 11 0 0 0 0 0 0 0 0 1 0 0 0 0 
 408 292 78 58 488 64 67 179 79 88 54 28 250 470 0 144 51 244 92 109 0 38 1 0 29 0 80 0 3 0 0 1 0 2 0 0 0 2 1 0 0 0 0 0 0 0 0 0 0 0 3 0 0 0 6 0 0 0 0 0 0 1 0 66 0 1 0 6 0 3 98 46 0 0 0 0 0 3 0 0 0 45 25 20 0 0 1 47 58 37 0 0 0 27 31 11 52 33 0 0 0 0 0 2 25 0 0 0 0 0 14 2 0 0 0 2 0 0 0 0 0 0 0 0 0 0 0 0 0 0 0 0 0 0 0 0 0 0 0 0 0 0 0 0 0 2 0 0 0 0 0 0 0 0 0 0 0 0 0 5 32 11 29 0 1 0 0 72 11 14 9 0 0 48 20 24 14 31 0 0 0 0 0 0 15 0 0 0 0 0 0 0 0 2 0 0 0 0 0 0 0 0 0 2 0 12 0 0 11 0 0 0 0 0 0 0 0 0 0 0 0 0 0 0 0 0 0 0 26 0 26 0 0 0 0 0 0 0 0 2 0 0 16 0 0 2 0 2 2 0 0 15 0 0 0 0 0 0 0 0 0 0 0 0 0 0 0 0 0 0 0 0 0 0 0 37 1 31 0 0 7 0 0 0 0 0 0 0 0 0 
 34 209 102 58 170 78 32 122 250 439 307 57 46 22 144 0 251 305 38 236 0 0 4 0 1 4 0 0 3 2 2 0 0 0 0 4 0 2 0 0 0 1 6 0 0 1 0 0 0 0 4 50 0 0 0 0 0 0 0 0 0 0 0 0 0 0 4 2 4 3 0 0 0 0 0 0 0 3 0 0 0 58 38 53 7 11 1 0 33 36 23 23 0 0 10 50 35 51 0 0 0 1 0 0 0 0 0 0 1 1 0 0 1 0 0 0 0 0 0 0 0 0 0 1 0 0 0 0 0 0 0 0 0 0 0 0 0 0 0 0 0 0 0 0 0 0 0 0 0 0 0 0 0 0 0 0 0 0 0 0 4 10 29 15 0 0 0 0 43 22 78 10 0 0 0 11 33 29 0 0 0 0 0 0 0 0 1 0 0 0 0 0 0 0 0 0 0 0 1 0 0 0 0 0 0 0 0 0 0 0 0 0 0 21 0 0 0 0 0 0 0 0 0 0 0 0 2 0 2 0 0 0 0 0 0 0 0 0 0 0 0 0 0 0 0 0 1 1 1 4 0 13 1 0 0 0 0 0 0 0 0 0 0 0 0 0 0 0 0 0 0 0 0 0 0 32 7 29 0 0 0 0 0 0 0 0 0 0 0 0 
 53 249 248 26 63 59 254 34 347 390 311 288 41 27 51 251 0 442 44 45 0 2 0 0 5 3 0 0 3 0 0 0 0 1 0 0 0 2 0 0 0 0 0 0 0 0 0 0 73 0 15 0 0 0 0 0 0 0 0 0 0 1 0 0 0 0 0 3 0 3 0 0 0 0 0 0 0 4 0 0 0 59 66 33 18 1 0 1 16 38 63 23 0 0 0 61 39 72 0 0 0 0 0 0 0 0 0 0 0 0 0 0 1 1 0 0 0 0 0 0 0 1 0 0 0 0 0 0 0 0 0 0 0 2 0 0 0 0 0 0 0 0 0 0 0 0 0 0 0 2 0 0 0 0 0 0 0 0 0 1 5 0 22 1 8 1 0 0 21 23 32 9 0 0 0 2 37 34 0 0 0 0 0 1 0 0 0 0 0 0 0 1 0 0 0 0 0 0 2 0 0 0 0 0 0 0 0 0 0 0 0 11 0 0 0 0 2 0 0 0 0 0 0 0 0 0 0 0 0 0 10 0 0 0 0 0 0 0 1 0 0 13 0 0 0 0 1 0 0 7 0 3 0 0 17 0 0 0 0 0 0 0 1 0 0 0 0 0 0 1 0 0 0 0 0 32 12 19 0 0 0 0 0 0 0 2 0 0 0 0 
 250 121 270 404 261 52 28 27 387 71 541 318 29 228 244 305 442 0 31 143 0 0 2 0 2 2 4 1 3 0 81 2 6 78 2 0 0 74 3 0 0 2 0 0 0 0 0 0 0 0 3 0 0 0 0 0 3 8 0 0 6 4 0 0 0 3 0 3 0 3 2 4 0 0 0 0 0 3 0 32 0 35 28 54 24 17 0 0 10 21 47 63 0 0 0 42 16 22 0 0 0 0 0 0 0 0 0 0 16 0 0 0 0 0 0 0 0 0 0 0 0 0 0 0 0 0 0 0 0 0 0 0 0 0 0 0 0 0 0 0 0 0 0 1 0 0 0 0 0 0 0 0 0 0 0 0 0 0 0 0 2 0 0 40 33 14 9 1 32 10 45 24 0 0 0 0 24 10 0 0 0 0 0 0 0 0 0 0 0 0 0 0 0 0 0 0 0 0 0 0 0 0 0 0 0 0 0 0 0 0 0 0 0 0 0 0 0 0 0 0 0 0 0 0 0 0 0 0 0 0 0 0 0 0 0 0 0 0 0 0 0 6 0 0 0 2 172 1 4 176 0 9 3 0 0 0 1 0 0 0 0 0 10 0 0 0 0 0 0 0 0 0 0 0 0 0 18 19 0 0 0 0 0 0 0 0 0 0 0 0 
 64 35 252 69 59 129 282 89 56 51 29 29 483 74 92 38 44 31 0 254 0 0 0 3 0 0 0 3 3 0 3 0 0 3 0 0 0 2 4 0 0 0 0 3 0 3 0 0 0 1 0 0 0 0 0 0 0 4 0 0 0 10 0 0 0 0 0 4 0 3 2 0 0 0 3 0 0 2 3 0 29 0 0 0 0 0 39 0 0 0 0 0 15 9 2 0 1 1 32 35 0 0 0 1 0 0 0 0 0 0 0 0 0 0 0 1 0 0 0 0 0 0 0 0 0 0 0 0 0 0 0 0 0 0 0 0 0 0 2 0 0 0 0 0 0 0 0 0 0 0 0 8 0 0 0 0 2 0 0 0 25 0 0 0 0 0 39 0 0 0 0 0 49 0 14 0 0 0 37 31 0 0 0 0 0 0 0 0 0 0 0 0 0 0 0 0 0 0 0 0 0 0 0 1 0 0 0 0 0 0 0 0 0 0 0 0 0 0 0 0 0 0 0 0 0 0 0 0 0 0 0 0 0 5 9 0 0 0 0 1 0 0 0 0 0 0 2 0 0 0 2 6 0 0 0 0 0 0 0 0 0 0 0 0 0 0 0 0 0 0 0 0 0 0 0 0 0 0 0 0 0 0 0 0 0 0 0 0 0 0 
 424 162 141 63 84 66 165 66 288 245 59 272 311 195 109 236 45 143 254 0 80 0 0 2 1 0 0 0 3 0 0 0 0 0 0 0 1 1 1 0 0 0 0 0 0 0 0 0 0 0 5 0 0 0 0 0 0 3 0 0 0 0 0 0 0 0 0 2 0 3 0 0 0 0 31 0 0 5 0 0 41 16 17 0 0 0 24 10 0 1 10 0 23 24 29 41 17 19 0 26 0 10 0 0 0 0 0 0 0 0 0 0 0 0 0 0 0 2 3 0 0 0 0 0 0 0 0 0 0 0 0 0 0 0 0 0 0 0 0 0 0 0 0 0 0 0 0 0 0 0 0 0 0 0 0 0 0 0 0 0 10 0 0 0 2 0 20 19 0 0 1 0 1 1 0 0 12 19 1 25 2 0 0 0 0 0 0 0 1 0 2 0 0 0 0 0 0 0 0 0 0 1 0 0 0 0 0 1 0 0 0 0 0 0 0 0 0 0 0 0 2 0 0 0 0 0 0 0 0 2 0 0 0 0 0 0 0 0 0 0 0 12 0 0 0 2 1 0 0 0 2 22 0 0 0 0 0 0 0 0 0 0 1 0 0 0 0 0 0 0 0 0 0 2 0 1 0 0 0 0 0 0 0 0 0 0 0 0 0 0 
 52 75 0 76 0 0 0 0 0 0 0 1 30 0 0 0 0 0 0 80 0 276 94 47 38 39 621 572 32 279 17 34 271 191 536 29 49 45 56 129 3 0 0 3 0 0 1 0 2 3 0 0 0 0 0 0 2 0 0 0 2 5 1 3 0 1 4 0 53 0 2 3 0 5 0 2 0 0 52 58 0 0 0 0 0 0 0 0 0 0 0 0 0 0 0 0 0 0 0 0 23 47 19 8 0 0 17 37 96 28 1 0 0 25 37 40 56 0 1 13 0 0 0 0 0 0 0 0 0 0 15 0 0 0 0 0 0 0 0 0 21 0 0 0 0 0 0 0 5 0 0 0 0 0 0 0 0 0 0 15 0 0 0 0 0 0 0 0 5 2 0 0 0 4 0 0 0 0 0 0 6 41 26 0 0 12 25 26 9 11 0 0 0 29 43 22 0 0 0 5 0 0 0 0 0 0 0 0 0 0 0 0 0 0 0 0 0 0 0 0 0 0 0 0 0 0 0 0 0 0 0 0 0 0 0 0 0 0 0 0 0 0 0 0 0 0 0 0 0 0 0 0 0 12 12 2 0 2 0 0 2 0 0 0 0 0 0 0 0 0 0 0 0 0 0 0 0 0 0 0 0 0 0 0 0 0 0 0 0 0 
 0 1 0 0 0 0 31 0 0 0 0 0 2 0 38 0 2 0 0 0 276 0 255 50 27 36 259 402 284 42 37 56 232 70 369 350 395 45 268 40 4 0 64 3 0 0 3 0 0 5 0 0 0 0 0 2 2 3 3 0 4 0 0 3 2 1 0 7 7 7 2 3 0 1 0 0 1 3 0 0 0 0 0 0 0 0 0 0 18 0 0 0 0 0 0 0 0 0 0 0 9 35 48 26 8 1 1 10 24 29 28 0 0 0 44 36 25 24 0 0 0 2 0 0 0 0 0 0 0 0 0 0 0 0 0 0 0 2 0 2 0 0 0 0 0 0 0 0 0 0 0 0 0 0 0 11 12 0 2 2 0 0 2 0 0 0 0 0 0 4 0 0 0 3 0 0 0 0 0 0 0 36 22 12 0 14 7 12 36 22 21 19 0 28 19 56 33 24 0 0 0 0 0 0 0 12 0 0 0 0 1 0 0 0 0 0 2 0 0 0 0 0 0 0 0 0 0 0 14 0 0 0 0 2 0 2 0 0 0 0 0 0 16 0 0 0 0 0 0 1 0 0 0 0 9 0 4 0 1 0 14 10 0 0 0 0 0 0 0 0 0 0 2 0 0 0 0 0 0 0 12 7 0 0 2 0 22 0 0 0 
 0 0 0 0 1 2 22 1 0 3 0 0 0 0 1 4 0 2 0 0 94 255 0 260 68 42 75 98 294 470 429 204 76 81 67 517 124 131 39 34 0 0 20 3 0 0 0 0 0 3 0 0 0 0 0 0 0 2 0 0 3 0 0 3 0 0 3 0 2 2 0 7 0 0 0 0 0 0 0 0 0 0 0 0 0 0 0 0 0 0 0 0 0 0 0 0 0 0 0 0 1 2 56 9 27 29 0 1 2 13 13 56 0 0 1 15 0 46 0 0 0 0 0 0 0 0 0 0 0 0 0 0 0 0 0 0 0 0 0 0 0 2 0 0 0 1 0 0 0 0 0 28 0 0 0 0 0 2 0 0 0 0 0 0 0 2 0 0 0 0 0 0 0 0 0 0 3 0 0 0 0 1 30 50 23 0 0 0 17 28 57 43 0 0 1 9 15 55 0 0 0 0 0 0 0 0 0 0 0 0 0 0 0 0 0 0 0 0 0 0 0 0 0 0 1 0 0 0 0 0 0 0 2 0 0 0 0 0 0 0 0 0 14 0 0 0 0 0 0 0 0 0 0 0 7 0 3 2 152 1 34 10 0 0 0 0 0 0 0 0 0 0 0 0 0 0 0 0 0 0 0 8 0 0 0 0 10 0 0 0 
 0 0 34 0 0 74 85 65 0 8 1 0 0 0 0 0 0 0 3 2 47 50 260 0 81 256 67 74 86 296 124 399 283 70 41 42 299 401 83 55 2 1 2 3 0 1 1 6 0 4 0 1 0 0 0 0 0 0 0 0 5 3 0 3 0 0 0 1 2 0 1 3 14 0 2 0 0 0 0 0 0 0 0 0 0 0 0 0 0 0 0 0 0 0 0 0 10 0 0 0 0 0 0 29 34 33 0 0 0 0 9 52 0 0 0 0 0 15 0 0 0 0 0 0 0 0 6 0 0 0 0 0 30 0 0 0 0 0 0 0 0 0 0 0 0 0 0 0 0 0 0 0 0 3 0 0 2 0 0 0 0 0 0 0 0 0 0 0 0 0 0 0 0 0 0 0 5 0 0 3 0 0 23 36 37 0 0 0 2 14 17 25 0 0 0 1 1 13 0 0 0 0 0 2 0 0 0 0 0 0 0 0 0 0 0 0 0 0 11 0 0 0 0 0 0 0 0 0 0 0 0 0 0 0 0 0 0 0 0 6 0 0 0 0 0 2 0 0 0 0 0 2 0 0 16 0 6 15 13 0 0 0 0 0 0 21 22 0 0 0 2 0 0 0 0 0 0 0 0 0 0 13 0 0 0 0 0 0 0 0 
 74 35 4 0 4 0 0 28 6 2 0 0 3 74 29 1 5 2 0 1 38 27 68 81 0 302 48 68 114 90 116 303 95 302 56 99 71 33 73 78 0 65 6 66 64 0 0 0 0 6 0 0 0 3 2 3 2 0 4 2 8 3 3 3 0 0 0 0 48 0 1 8 3 0 0 0 20 0 0 0 0 0 12 0 0 0 1 14 15 3 0 1 1 12 0 0 11 8 0 0 0 0 1 77 21 25 0 17 1 2 2 9 0 0 0 0 1 3 3 0 2 0 0 0 0 0 3 0 0 0 0 0 30 0 0 0 0 0 27 22 0 0 0 0 0 0 0 0 0 0 11 0 0 0 0 0 0 0 0 5 18 1 14 7 0 0 0 20 1 0 2 0 0 18 14 12 0 9 6 4 2 0 0 0 16 30 0 0 0 0 0 0 0 0 0 0 0 9 0 0 1 0 2 0 0 0 1 0 0 0 0 0 14 10 0 0 1 0 27 5 0 0 13 0 0 0 0 1 2 0 0 0 0 0 0 0 0 0 0 0 0 1 0 0 0 0 0 0 0 0 0 0 0 0 4 0 2 3 2 0 3 0 0 0 0 0 0 0 0 0 0 0 0 0 0 22 0 0 0 0 0 9 0 0 0 0 0 0 0 0 
 1 0 0 1 4 4 0 0 0 2 7 2 0 0 0 4 3 2 0 0 39 36 42 256 302 0 46 34 45 59 304 129 49 44 44 59 57 251 48 37 0 0 0 3 3 3 0 0 0 3 0 0 0 0 0 0 0 0 205 2 3 0 0 3 0 0 0 0 5 0 0 3 0 0 0 0 10 0 0 0 0 0 0 0 0 1 0 0 0 0 0 0 0 0 0 0 0 0 0 0 0 0 0 16 15 11 0 10 0 0 1 11 0 0 0 17 0 0 0 0 55 0 0 0 0 0 48 3 0 0 0 0 20 68 0 0 0 0 65 49 0 4 0 0 0 8 2 0 0 0 0 7 0 2 0 0 0 0 0 0 0 0 0 13 0 0 0 0 0 0 2 8 0 0 0 0 0 13 12 3 0 0 0 4 45 38 0 0 0 0 2 0 0 0 0 0 0 0 0 0 46 0 0 0 0 0 46 1 3 0 0 0 32 26 9 6 0 0 37 37 0 0 0 0 0 0 0 0 0 0 0 0 0 0 0 0 0 1 10 10 0 0 0 0 0 2 0 0 0 0 0 0 0 0 3 4 1 0 7 3 1 0 0 0 0 0 0 0 0 0 0 11 0 0 0 0 0 0 0 0 0 10 0 0 0 0 0 0 0 0 
 0 0 0 0 2 0 0 0 0 4 1 0 0 0 80 0 0 4 0 0 621 259 75 67 48 46 0 86 60 255 247 31 406 391 39 67 253 30 69 357 0 0 0 3 0 0 0 0 61 3 0 0 0 0 0 0 0 0 0 0 2 0 0 3 0 0 9 0 29 0 33 3 0 2 0 0 0 0 0 0 1 0 0 0 0 0 0 0 0 1 0 0 0 0 0 0 0 0 0 0 42 10 0 0 0 0 30 19 30 0 0 0 16 61 10 19 21 0 0 28 0 0 0 0 0 0 0 0 0 0 0 0 2 0 0 0 0 0 0 0 16 1 0 0 0 2 0 0 6 0 0 0 0 0 0 0 0 1 0 0 0 17 0 0 0 1 0 0 0 4 0 0 7 3 0 0 0 0 0 0 39 9 25 0 13 1 43 26 18 21 0 0 0 13 26 10 1 0 0 0 0 0 0 0 0 0 0 0 0 0 0 0 3 0 0 0 0 2 0 0 21 0 0 0 0 0 0 0 2 0 0 18 0 0 0 0 0 0 0 0 0 0 0 0 0 0 0 0 0 0 0 0 0 0 20 0 2 0 0 1 4 2 0 0 0 0 0 0 0 0 0 0 0 0 0 0 0 0 0 0 0 0 0 0 0 0 0 0 0 0 
 0 0 0 0 0 0 1 0 0 0 0 0 0 0 0 0 0 1 3 0 572 402 98 74 68 34 86 0 305 237 52 33 108 405 216 43 52 17 291 69 6 0 0 4 0 0 2 0 0 3 0 0 0 0 0 0 62 0 0 0 3 0 0 3 0 1 0 0 2 3 0 3 0 7 0 0 0 0 0 0 0 0 7 0 0 0 0 0 0 0 2 0 0 0 0 0 0 0 0 0 12 44 52 9 1 0 19 27 32 48 11 0 0 0 20 29 14 0 0 12 0 0 0 0 0 0 0 0 0 0 0 0 0 0 0 0 0 0 0 0 1 0 0 0 0 0 0 0 0 0 0 1 0 0 0 0 0 0 0 0 0 0 0 0 0 0 0 0 0 5 0 0 0 5 0 0 1 0 0 11 12 50 12 7 0 7 23 19 23 8 0 11 0 49 35 33 21 1 0 0 0 0 0 0 0 2 0 1 0 0 0 0 0 0 1 0 0 0 0 0 0 0 0 0 0 0 0 0 0 0 0 0 0 0 0 0 0 0 0 0 0 0 1 0 0 0 0 0 0 0 0 0 0 1 10 0 2 0 0 2 1 0 0 0 0 0 0 0 0 0 0 0 0 0 0 0 0 1 0 0 0 0 0 0 2 0 7 0 0 0 
 3 3 43 3 3 3 20 5 3 3 3 3 5 3 3 3 3 3 3 3 32 284 294 86 114 45 60 305 0 352 138 38 81 274 219 531 228 165 58 261 3 0 68 3 0 0 2 0 8 3 0 0 0 0 0 0 0 0 0 0 4 0 0 3 0 41 2 0 2 3 0 4 0 1 0 0 3 0 0 10 0 0 0 0 0 0 0 0 0 0 0 0 0 0 0 0 0 0 0 0 0 22 29 17 0 0 0 22 10 35 23 0 0 1 18 33 44 34 0 1 0 0 0 0 0 0 0 0 0 0 0 0 0 0 0 0 0 0 0 0 0 0 0 0 0 0 0 0 0 0 0 0 0 0 0 0 0 0 0 0 0 0 0 0 0 0 0 0 0 7 10 0 1 10 0 9 0 0 0 0 0 15 18 11 27 37 1 22 29 31 38 58 0 13 17 20 23 18 0 0 0 0 0 0 0 0 0 0 0 0 0 0 0 0 0 0 0 0 0 0 0 0 0 0 0 0 0 0 0 0 0 0 0 0 0 0 0 0 0 0 0 0 16 0 0 0 0 0 0 0 0 0 0 0 14 0 2 1 2 2 12 10 0 0 0 0 0 0 0 0 0 0 0 0 0 0 0 0 0 0 0 10 0 0 0 0 11 0 0 0 
 0 0 0 0 0 1 32 0 0 0 1 0 0 0 0 2 0 0 0 0 279 42 470 296 90 59 255 237 352 0 306 43 59 77 280 499 198 268 135 206 0 0 82 3 0 0 0 0 0 3 0 0 0 0 0 0 0 0 0 0 3 0 0 3 0 0 0 0 2 0 0 3 3 1 43 0 0 0 0 0 0 0 0 0 0 0 19 0 0 0 0 0 0 0 0 0 0 0 0 0 0 0 7 7 20 23 0 0 16 0 33 18 1 0 0 1 0 29 0 0 0 1 0 0 0 0 0 0 0 0 0 1 0 0 12 0 0 0 0 0 0 0 0 0 0 0 0 0 9 0 0 0 0 0 0 0 0 0 0 0 0 0 0 0 0 0 0 0 0 2 0 0 0 1 0 0 0 0 0 0 0 0 23 14 35 0 0 0 17 33 36 37 0 1 1 10 8 20 0 17 0 0 0 0 0 0 0 0 0 0 0 0 0 0 2 0 0 0 0 0 0 0 0 0 1 1 0 0 0 2 0 0 0 0 0 0 0 0 2 0 0 0 15 0 0 0 0 0 0 0 0 0 0 15 3 2 0 149 76 0 0 10 0 0 0 0 11 0 0 0 0 2 0 0 0 0 0 0 0 0 0 22 0 0 0 0 2 0 0 0 
 0 0 0 0 0 2 0 0 0 1 24 6 0 0 0 2 0 81 3 0 17 37 429 124 116 304 247 52 138 306 0 368 38 57 32 317 108 205 137 256 11 0 1 3 1 0 2 0 4 5 2 0 1 1 0 1 6 2 2 1 2 0 3 3 0 0 0 0 2 0 1 3 12 0 4 3 0 1 0 0 0 2 0 0 0 0 0 0 0 0 0 0 0 0 0 0 0 21 0 0 0 0 0 26 37 23 0 0 0 0 34 55 0 0 0 2 0 15 0 0 0 0 0 0 0 0 0 0 0 0 0 0 26 0 0 0 0 0 7 0 0 0 0 0 0 1 2 0 0 0 0 0 0 3 0 0 4 2 0 0 0 0 0 0 0 2 0 0 0 0 2 0 0 0 0 0 5 0 1 3 0 0 12 31 68 0 0 0 0 8 39 21 0 0 0 0 2 16 0 0 0 0 0 0 0 0 0 0 0 0 0 0 0 0 0 0 0 0 0 2 0 0 0 0 1 0 0 0 1 0 0 0 0 0 0 0 0 0 0 0 0 0 0 0 0 2 0 0 0 2 0 0 0 0 7 0 4 64 12 2 0 6 0 0 0 0 18 0 0 0 0 2 0 0 0 0 0 0 0 0 0 9 0 0 0 0 0 0 0 0 
 0 0 1 0 1 0 2 0 0 2 0 2 0 0 1 0 0 2 0 0 34 56 204 399 303 129 31 33 38 43 368 0 63 32 241 40 87 55 24 42 0 0 0 3 2 0 0 0 0 5 0 1 0 0 0 0 0 0 209 0 2 0 0 3 0 2 0 0 2 0 0 57 3 0 0 0 1 0 0 0 0 0 0 0 0 0 0 0 0 0 0 0 0 0 0 0 0 0 0 0 0 0 0 41 61 19 0 0 0 0 30 24 0 0 0 1 0 10 0 0 0 0 21 0 0 0 11 0 0 0 0 0 20 0 0 0 0 0 43 11 0 3 0 0 0 8 0 0 0 0 0 0 0 5 0 0 4 0 0 0 0 0 0 3 0 0 0 0 0 0 1 0 0 0 0 0 0 0 3 3 0 0 0 6 11 25 0 0 0 12 21 13 0 0 0 0 3 0 0 0 0 0 0 0 0 0 1 0 0 0 0 0 26 0 1 0 0 0 11 27 0 0 0 0 2 0 2 0 0 0 0 13 1 0 0 0 0 0 0 0 0 0 0 0 0 2 0 0 0 0 0 0 0 0 3 2 1 174 155 2 0 0 0 0 0 0 13 0 0 0 0 0 0 0 0 0 0 0 0 0 0 1 0 0 0 0 0 0 0 0 
 0 0 0 0 0 9 0 0 0 0 1 1 2 0 0 0 0 6 0 0 271 232 76 283 95 49 406 108 81 59 38 63 0 93 23 50 184 105 381 194 0 0 0 3 0 0 0 0 0 8 0 0 0 57 0 0 0 0 0 0 3 0 0 3 0 0 4 0 2 0 6 3 0 0 0 0 0 0 0 0 0 0 0 0 0 13 0 0 0 0 0 1 0 0 0 0 0 0 0 0 37 9 0 0 0 0 30 23 12 2 0 0 21 54 8 12 19 0 31 41 0 0 0 0 0 0 0 0 0 4 5 0 1 0 0 0 0 0 0 2 0 0 0 0 3 0 0 0 2 8 0 0 0 1 0 0 0 0 0 2 0 0 0 0 1 0 0 0 1 0 0 0 5 0 0 0 0 0 0 0 30 0 11 0 0 0 24 28 0 0 0 0 14 37 14 0 0 0 8 1 0 0 0 0 0 0 0 0 0 0 0 0 0 0 0 0 2 0 0 0 0 0 0 0 0 0 0 0 0 0 0 0 0 0 0 2 0 0 0 0 0 0 0 0 0 0 0 0 0 0 0 0 0 0 11 0 0 0 0 0 1 0 0 0 0 0 0 0 0 0 0 0 0 0 0 0 0 0 0 0 0 0 0 0 0 0 0 0 0 0 
 0 1 0 0 0 2 0 0 5 2 0 0 0 1 2 0 1 78 3 0 191 70 81 70 302 44 391 405 274 77 57 32 93 0 426 137 36 111 91 157 0 0 0 3 1 0 0 0 3 4 0 2 1 0 0 0 0 0 0 0 3 0 0 3 0 0 7 0 2 0 5 3 0 13 0 0 0 0 0 2 0 0 0 0 0 0 0 0 0 0 0 0 0 0 0 0 0 0 0 0 29 39 11 13 0 0 3 28 56 29 1 0 0 20 63 40 51 0 0 17 0 0 0 0 0 0 0 0 0 5 0 0 0 0 0 0 0 0 0 0 4 1 0 0 0 2 0 0 2 0 0 0 0 0 0 0 0 0 0 0 0 12 0 0 0 0 0 0 10 4 1 0 0 21 0 0 0 0 0 0 17 61 41 0 0 16 27 20 12 9 0 0 0 22 31 16 31 0 0 0 0 0 0 0 0 0 0 0 0 0 0 0 0 0 0 0 0 0 0 0 0 0 0 7 2 0 0 0 0 0 0 0 1 0 0 0 0 0 0 0 0 0 0 0 0 0 0 0 0 0 0 0 0 0 3 0 2 0 0 0 0 2 0 0 0 0 0 0 0 0 0 0 0 0 0 0 0 0 0 0 0 0 0 0 0 0 1 0 0 0 
 0 0 0 0 0 1 1 1 0 0 0 3 0 2 0 0 0 2 0 0 536 369 67 41 56 44 39 216 219 280 32 241 23 426 0 69 64 31 95 90 2 2 1 3 0 68 5 0 0 3 0 0 0 0 0 0 2 0 0 1 6 0 0 3 0 0 3 0 2 7 1 5 0 44 0 0 0 0 0 0 0 0 0 0 0 2 0 0 4 0 0 0 0 0 0 0 18 0 0 0 18 41 54 10 1 0 12 29 19 48 21 0 0 0 39 53 29 1 1 16 0 0 0 0 0 0 0 0 0 0 0 0 0 0 0 0 0 0 0 0 3 0 0 0 0 0 0 0 0 0 0 0 0 0 0 0 0 0 0 0 0 0 0 0 0 0 0 2 0 8 1 0 0 47 0 0 3 0 2 0 18 61 9 9 0 11 44 12 34 14 0 0 0 21 26 26 47 1 1 0 0 0 0 0 0 0 0 0 1 0 0 0 0 0 0 0 11 1 0 0 0 0 0 0 0 0 0 0 0 0 2 0 0 0 0 0 0 2 0 0 0 0 0 0 0 0 0 0 0 0 0 0 0 0 18 2 0 0 0 2 104 0 0 0 0 0 0 0 0 0 0 0 0 0 0 0 0 0 0 0 0 0 0 0 0 0 9 0 0 0 
 4 0 0 1 0 0 16 3 0 2 0 0 0 1 0 4 0 0 0 0 29 350 517 42 99 59 67 43 531 499 317 40 50 137 69 0 152 214 48 276 4 0 55 3 0 0 3 0 0 3 0 74 0 0 0 0 0 0 0 0 2 0 46 3 0 0 0 0 2 5 30 3 0 0 0 55 1 0 0 0 0 0 0 0 0 0 0 0 0 0 0 0 0 0 0 0 0 0 0 0 0 0 38 26 29 9 0 0 2 25 14 42 0 0 0 14 0 45 0 0 0 0 0 0 0 0 0 0 0 0 0 0 1 0 19 0 0 0 2 0 1 0 0 0 0 0 0 0 0 0 0 0 0 0 0 0 0 0 0 0 0 0 0 2 0 0 0 0 0 3 0 0 0 0 0 0 3 1 15 0 0 2 35 56 47 2 1 1 23 48 53 34 0 0 0 16 38 57 0 0 0 0 0 0 0 5 0 0 2 0 0 0 0 0 0 0 0 0 0 2 0 0 0 0 0 0 6 0 0 0 0 0 0 0 0 0 0 0 0 0 0 0 14 0 0 0 0 0 0 0 0 0 0 0 7 0 1 2 2 2 22 4 0 0 0 0 0 0 0 0 0 0 0 0 0 0 0 0 0 0 0 6 0 0 0 0 7 0 0 0 
 2 0 0 0 0 0 22 2 70 0 0 0 0 0 0 0 0 0 0 1 49 395 124 299 71 57 253 52 228 198 108 87 184 36 64 152 0 131 196 273 0 0 28 3 0 0 0 0 0 3 0 0 208 0 0 0 0 2 0 1 3 0 0 3 0 0 0 0 2 3 0 3 0 0 0 0 0 0 0 0 0 0 0 0 0 1 0 0 0 0 0 0 0 0 0 0 0 0 0 0 0 3 53 11 13 12 0 0 0 22 12 27 0 0 2 17 0 31 0 0 0 0 11 0 0 0 0 0 0 0 0 0 8 0 0 0 0 0 2 0 0 0 0 0 10 0 0 0 0 0 0 11 0 0 0 0 0 0 0 0 0 0 0 0 0 0 0 1 0 12 0 0 0 0 12 0 3 0 0 0 0 19 12 24 24 0 0 0 31 20 31 42 0 1 3 27 78 24 0 0 0 0 0 0 0 0 0 0 2 0 0 0 0 7 0 0 0 0 0 5 0 0 0 0 0 0 0 0 0 0 0 0 0 0 0 0 0 1 0 0 0 0 0 0 0 2 0 0 0 0 0 1 0 0 13 1 0 0 0 0 15 13 0 0 0 0 0 0 0 0 0 0 0 0 0 0 0 0 0 0 0 10 0 0 0 0 6 0 0 0 
 1 2 4 3 2 75 2 6 3 1 1 3 1 1 2 2 2 74 2 1 45 45 131 401 33 251 30 17 165 268 205 55 105 111 31 214 131 0 66 121 7 0 0 3 0 0 20 0 1 3 0 0 0 0 0 0 0 0 0 0 2 0 0 3 0 0 1 0 2 0 1 3 3 0 0 0 25 0 4 1 17 0 0 0 0 0 0 0 0 0 0 0 0 0 0 0 0 0 0 0 15 0 38 0 29 10 21 7 0 0 12 42 0 0 0 0 1 23 8 12 0 0 0 0 0 0 0 0 0 0 0 0 0 0 0 0 0 0 0 0 0 0 0 0 0 0 0 0 0 0 0 0 0 0 0 0 0 0 0 0 0 0 0 0 0 0 13 0 0 0 0 0 0 0 0 0 2 0 0 0 0 0 48 22 14 0 16 0 10 33 23 26 18 13 0 1 1 43 0 2 0 0 0 0 0 0 1 0 0 0 0 0 0 0 0 0 0 0 0 0 0 0 16 0 0 0 0 0 0 0 0 0 0 0 0 0 0 0 0 0 0 0 13 0 0 0 1 0 0 0 0 0 0 0 8 2 0 0 147 0 24 0 1 0 0 0 0 0 0 0 0 0 0 0 0 0 0 0 0 0 0 0 0 0 0 0 0 0 0 0 
 1 73 0 0 0 238 2 1 0 0 0 0 1 1 1 0 0 3 4 1 56 268 39 83 73 48 69 291 58 135 137 24 381 91 95 48 196 66 0 299 0 0 0 3 0 24 0 0 0 6 0 2 0 0 0 0 0 0 0 0 3 0 50 3 0 0 0 0 2 0 1 3 0 16 0 0 0 0 0 0 0 0 0 0 1 0 7 0 0 10 2 0 0 0 0 0 0 0 0 0 51 1 0 0 0 0 55 8 0 0 0 0 0 9 1 1 2 0 31 12 0 0 0 0 0 0 0 0 0 30 0 0 1 0 0 0 0 0 0 0 1 0 2 0 17 0 0 0 0 0 0 1 0 0 19 0 0 0 0 0 0 0 0 0 0 13 0 4 0 0 0 0 28 0 1 0 0 0 0 43 26 0 3 0 0 1 12 2 0 0 0 0 31 17 8 0 0 0 16 34 0 0 0 0 2 2 0 0 0 0 0 1 0 0 0 0 0 0 0 0 0 1 0 14 0 0 0 0 0 0 0 0 0 0 0 0 0 15 0 16 0 0 0 0 0 0 0 0 0 0 0 0 1 0 10 0 2 0 0 2 1 2 0 0 0 0 0 2 0 0 0 0 0 0 0 0 0 2 0 0 0 0 0 0 1 0 0 0 0 2 
 0 0 0 0 0 1 0 0 76 3 0 1 0 0 0 0 0 0 0 0 129 40 34 55 78 37 357 69 261 206 256 42 194 157 90 276 273 121 299 0 0 0 0 3 0 0 0 2 0 3 0 0 0 3 0 0 0 0 0 0 2 50 0 4 0 0 5 0 2 0 0 3 0 0 0 0 2 0 0 0 0 0 0 0 0 13 0 2 0 0 0 0 0 0 0 0 0 0 0 0 43 9 0 0 0 0 28 37 12 1 0 0 3 40 5 19 23 0 59 50 0 2 0 0 0 0 0 0 0 1 0 2 0 0 0 0 3 0 0 0 0 0 0 0 6 0 0 0 5 0 0 0 0 11 0 0 0 0 0 0 0 0 0 0 0 0 0 0 0 0 0 0 3 8 0 0 0 0 0 0 12 5 21 0 0 0 49 1 0 0 0 0 14 23 10 25 0 0 21 0 0 0 0 0 0 0 0 0 0 0 0 0 0 0 0 0 0 0 0 0 0 0 0 0 0 2 0 0 0 0 0 1 0 0 0 0 0 0 1 0 0 0 0 0 0 0 0 0 0 0 0 0 0 0 10 0 0 0 0 0 0 0 0 0 0 0 0 0 0 0 0 0 0 0 0 0 2 0 0 0 0 0 0 0 0 0 0 0 0 0 
 0 0 0 0 0 0 6 0 0 0 0 0 0 0 0 0 0 0 0 0 3 4 0 2 0 0 0 6 3 0 11 0 0 0 2 4 0 7 0 0 0 90 62 54 51 78 268 315 37 254 57 32 118 148 186 47 42 254 58 241 0 0 0 0 0 0 0 0 0 0 0 8 0 51 0 4 0 0 0 0 0 0 0 0 0 0 0 0 0 0 0 0 0 0 0 0 0 0 45 0 7 10 7 0 0 1 0 12 0 7 4 0 0 0 0 0 1 6 0 0 0 35 29 0 0 0 0 10 30 13 0 0 0 0 31 48 7 9 0 0 0 0 0 0 0 0 0 0 0 0 0 0 0 0 11 0 0 0 0 0 0 0 0 0 0 0 0 0 1 0 17 0 0 0 0 0 0 0 0 0 0 7 17 9 0 0 0 0 5 0 0 6 0 5 12 10 9 3 0 0 9 36 2 0 0 0 0 31 35 11 0 0 0 11 22 16 13 13 0 0 0 0 0 0 0 0 15 0 0 0 0 0 0 0 0 0 0 0 0 0 0 0 14 0 0 0 0 0 0 0 0 1 0 1 0 0 0 0 0 0 0 0 0 0 0 0 2 0 0 0 0 0 0 0 0 0 0 0 0 0 0 0 0 21 1 0 0 0 2 0 
 0 0 0 0 0 0 0 0 0 6 0 0 0 0 0 1 0 2 0 0 0 0 0 1 65 0 0 0 0 0 0 0 0 0 2 0 0 0 0 0 90 0 433 52 36 34 64 272 262 51 221 31 72 134 249 239 238 61 55 46 2 8 5 3 0 6 1 5 5 55 0 1 3 5 11 12 8 0 0 6 0 0 0 0 0 0 0 0 0 0 0 0 0 0 0 0 0 0 0 0 0 0 0 0 2 0 0 0 0 0 0 0 0 0 0 0 0 0 0 0 0 28 23 51 0 2 0 0 1 10 31 0 0 0 1 10 22 23 0 0 0 3 0 5 0 0 0 0 5 6 0 0 0 0 0 9 0 5 0 0 0 0 0 0 19 14 0 0 6 0 0 0 0 0 16 0 0 0 0 0 0 0 0 0 0 0 0 0 0 0 0 0 0 0 0 8 0 0 0 0 0 0 43 1 0 0 0 3 11 7 35 12 0 0 1 41 25 42 0 0 0 8 4 0 1 0 0 0 10 6 0 0 0 0 0 0 5 0 0 0 0 9 9 0 0 0 0 0 0 0 0 5 0 0 0 0 0 0 0 15 0 0 0 0 0 22 4 0 0 0 13 0 0 0 0 2 0 0 0 0 0 0 0 0 8 10 0 0 0 0 
 0 0 2 0 0 0 0 0 0 3 0 0 0 0 0 6 0 0 0 0 0 64 20 2 6 0 0 0 68 82 1 0 0 0 1 55 28 0 0 0 62 433 0 104 61 67 67 121 95 175 50 60 47 89 119 163 355 170 55 52 0 0 0 1 3 0 0 0 0 0 3 2 0 0 0 1 2 4 0 3 0 0 0 0 0 0 0 0 0 0 0 0 0 2 0 0 0 0 0 0 0 1 11 9 0 11 0 0 0 11 10 9 0 0 0 0 0 11 0 0 0 19 1 30 8 22 0 0 0 12 19 19 0 0 0 9 21 42 0 0 0 0 0 0 0 0 3 0 0 0 0 0 0 0 0 0 0 9 0 0 0 0 0 0 9 12 0 11 5 0 0 0 0 0 10 0 0 0 0 0 0 0 11 0 51 0 0 0 9 2 7 16 0 0 1 16 0 10 0 0 0 0 36 10 0 0 0 0 0 19 11 9 0 0 0 4 12 25 0 0 0 8 0 0 0 0 0 0 0 0 0 0 0 0 0 0 0 0 1 0 0 0 1 0 0 0 0 0 0 0 0 5 1 0 0 0 0 1 0 16 0 10 4 4 0 22 0 1 0 0 0 0 50 0 0 0 0 0 0 0 0 36 0 0 0 9 0 0 0 0 
 0 0 0 0 0 0 0 0 0 0 0 0 0 0 0 0 0 0 3 0 3 3 3 3 66 3 3 4 3 3 3 3 3 3 3 3 3 3 3 3 54 52 104 0 519 49 57 81 309 521 175 315 49 71 35 277 50 233 69 44 0 0 0 0 0 0 0 0 0 0 0 0 0 0 0 0 0 0 0 0 0 0 0 0 0 0 0 0 0 0 0 0 0 0 0 0 0 0 12 0 0 0 0 0 13 0 0 0 0 0 0 0 0 0 0 0 21 0 0 0 0 0 0 16 24 23 0 0 0 0 14 34 0 0 0 0 10 11 0 0 0 0 0 0 0 0 0 4 0 5 5 0 5 0 0 0 0 1 0 1 20 0 3 0 0 0 0 0 0 0 0 0 0 0 9 0 0 0 0 14 0 0 0 0 0 0 0 0 0 0 0 0 0 0 0 6 0 0 0 0 0 0 0 34 48 28 0 0 0 7 9 10 0 0 0 0 0 11 0 0 0 0 22 0 0 0 4 0 0 0 0 0 26 1 0 0 0 4 15 0 0 12 0 0 0 0 0 0 0 0 0 0 0 0 0 0 0 0 0 9 0 0 38 40 0 2 2 36 0 0 0 0 0 0 0 0 0 0 0 0 0 0 0 8 1 15 0 0 0 0 
 0 0 0 0 0 0 0 1 1 0 0 0 0 0 0 0 0 0 0 0 0 0 0 0 64 3 0 0 0 0 1 2 0 1 0 0 0 0 0 0 51 36 61 519 0 305 47 67 273 90 82 258 265 77 60 279 50 248 50 63 0 0 0 0 0 0 51 0 0 0 0 0 0 0 0 0 0 0 0 1 0 0 0 0 0 0 0 0 0 0 0 0 0 0 0 0 0 0 0 0 0 0 0 0 0 0 0 0 0 0 0 0 0 0 0 0 0 0 0 0 6 0 0 0 1 15 0 1 0 0 0 1 9 6 0 0 1 0 5 5 0 0 0 0 0 0 13 1 0 1 0 0 42 0 0 0 0 14 31 28 0 0 3 0 0 0 0 0 0 0 0 0 0 0 21 0 0 0 0 0 0 0 0 0 0 11 0 0 0 0 0 0 0 0 0 0 0 0 0 0 1 0 0 1 21 14 4 0 0 1 0 0 6 1 0 8 0 0 7 20 15 0 0 0 0 0 0 0 1 0 0 0 38 29 0 0 0 0 40 9 0 0 0 0 0 0 0 0 0 0 0 0 0 0 0 0 0 0 0 0 0 26 4 1 0 5 2 4 1 0 0 0 0 0 0 0 0 0 0 0 0 0 0 0 0 0 0 0 0 0 
 0 62 0 0 0 2 0 2 2 0 0 1 0 0 0 1 0 0 3 0 0 0 0 1 0 3 0 0 0 0 0 0 0 0 68 0 0 0 24 0 78 34 67 49 305 0 33 28 259 48 82 58 31 251 49 297 72 54 40 47 36 0 0 0 0 0 7 0 0 0 0 0 11 5 0 0 0 0 104 5 0 0 0 0 0 0 0 0 0 0 0 0 0 0 5 0 0 0 0 0 0 0 0 0 0 0 0 0 0 1 0 0 0 0 0 0 0 0 0 0 0 0 0 0 0 26 0 0 0 0 0 0 0 0 0 0 0 0 0 0 10 4 31 0 0 19 22 4 1 1 10 0 37 13 5 0 2 18 38 17 0 0 0 0 0 0 0 0 0 0 0 0 0 0 0 7 0 0 0 0 0 0 0 0 0 0 0 0 0 0 0 0 0 0 0 0 0 0 0 0 9 0 0 0 17 10 0 0 0 0 0 0 0 0 0 0 0 0 0 0 36 0 0 0 0 0 2 4 0 2 0 0 0 28 1 5 0 0 26 7 0 0 0 0 0 0 0 0 0 0 0 8 0 0 0 0 0 0 0 0 0 0 1 0 0 3 5 0 0 0 0 0 0 0 0 0 0 0 0 0 0 0 0 0 0 0 0 0 0 0 
 0 0 0 0 0 0 0 0 0 0 0 0 0 0 0 0 0 0 0 0 1 3 0 1 0 0 0 2 2 0 2 0 0 0 5 3 0 20 0 0 268 64 67 57 47 33 0 77 35 42 26 60 350 311 58 52 46 49 49 170 0 4 4 0 0 6 0 0 0 6 0 3 0 4 0 2 0 0 0 0 0 0 0 0 0 1 0 0 0 0 0 0 0 0 0 0 0 0 0 0 6 6 4 10 0 1 0 8 0 4 3 0 0 0 0 0 1 4 0 0 19 14 24 0 0 0 10 28 77 11 0 0 0 25 34 23 0 0 6 1 0 0 0 0 0 2 0 0 0 0 0 0 0 0 0 0 0 0 0 0 0 0 0 0 10 0 0 0 0 0 0 0 0 0 0 0 0 0 0 0 0 4 28 7 0 0 0 0 4 0 23 4 0 3 7 6 5 4 0 0 25 38 19 0 0 0 11 37 19 10 0 0 12 28 16 30 11 0 0 21 0 0 0 0 0 0 0 0 0 0 0 0 0 0 0 0 0 0 0 1 0 0 2 0 0 0 0 0 0 0 0 0 0 0 0 0 0 0 0 0 0 0 0 0 0 0 0 0 1 0 0 0 0 0 0 0 0 0 0 0 0 0 0 0 0 0 0 0 0 0 
 0 0 2 0 0 3 0 0 0 0 0 0 0 0 0 0 0 0 0 0 0 0 0 6 0 0 0 0 0 0 0 0 0 0 0 0 0 0 0 2 315 272 121 81 67 28 77 0 74 40 16 239 75 287 177 40 251 41 44 54 0 2 2 0 0 0 0 0 0 3 0 3 0 2 0 7 0 0 0 6 0 0 0 0 9 0 0 0 0 0 2 0 1 0 0 0 0 0 0 0 0 0 0 0 0 0 17 0 0 0 0 0 0 0 0 0 0 0 0 0 6 37 20 10 0 0 3 0 22 13 0 0 2 6 11 11 7 9 0 0 0 0 0 0 0 0 0 0 0 0 0 0 17 0 0 0 0 0 0 0 0 0 0 0 0 6 0 0 5 0 0 0 0 0 4 0 0 0 0 0 0 0 0 0 0 16 0 0 0 0 0 0 0 0 0 0 0 0 0 0 4 40 33 0 0 0 4 5 57 33 13 3 0 3 18 64 34 29 3 9 0 0 0 0 0 0 0 0 0 0 0 0 0 0 0 0 0 0 0 0 0 0 16 0 0 0 0 0 0 27 0 2 0 2 40 0 0 0 0 27 0 0 0 0 0 1 0 0 2 0 0 0 0 0 0 0 0 0 0 0 0 0 0 0 0 0 0 0 1 0 
 0 0 0 0 0 0 0 0 0 0 0 0 0 0 0 0 73 0 0 0 2 0 0 0 0 0 61 0 8 0 4 0 0 3 0 0 0 1 0 0 37 262 95 309 273 259 35 74 0 287 39 48 52 300 169 408 137 260 58 59 6 0 0 0 0 0 0 0 0 0 51 0 0 0 0 1 0 0 0 4 0 0 0 0 12 0 0 4 0 0 0 0 0 0 0 0 0 0 0 0 0 0 0 0 0 0 0 0 0 0 0 0 0 0 0 0 0 0 0 3 0 32 2 46 49 21 0 0 1 13 38 37 0 0 0 7 28 24 0 0 0 0 0 0 0 0 0 0 0 5 0 0 0 0 0 0 0 12 0 0 0 0 0 0 6 7 0 0 5 0 0 0 0 0 5 0 0 0 0 0 0 0 0 0 8 0 0 13 0 0 0 0 0 0 0 0 0 0 0 0 0 0 20 38 0 1 0 0 0 49 26 29 0 0 0 32 13 24 0 0 0 0 0 0 0 0 0 0 8 0 0 0 0 0 0 0 0 0 1 0 0 0 0 0 0 0 0 0 0 0 0 7 0 1 0 0 0 0 0 17 0 0 1 1 0 28 1 2 0 0 3 0 0 0 0 0 0 0 0 0 0 3 0 0 19 9 0 0 2 0 
 0 0 0 0 0 6 0 0 4 0 0 0 0 0 0 0 0 0 1 0 3 5 3 4 6 3 3 3 3 3 5 5 8 4 3 3 3 3 6 3 254 51 175 521 90 48 42 40 287 0 319 47 56 98 286 313 287 73 73 73 2 0 0 0 0 4 0 0 0 0 0 0 0 0 0 1 0 0 0 0 1 0 0 0 0 0 0 0 0 14 0 0 15 0 0 0 0 0 1 2 0 0 0 0 0 0 0 0 0 0 0 0 0 0 0 0 14 0 0 0 0 0 0 43 24 20 3 0 6 13 27 27 0 0 0 9 14 39 0 0 0 0 0 0 0 0 0 2 0 29 0 0 0 0 0 0 0 0 0 0 0 0 0 0 22 3 0 0 3 18 0 0 0 0 5 0 0 0 7 0 0 16 0 0 0 0 0 0 0 0 0 0 0 0 0 0 0 0 0 0 0 0 14 17 10 13 0 0 0 4 26 45 0 0 0 0 0 6 0 0 0 0 0 0 0 0 0 0 0 0 0 0 15 0 0 0 0 0 0 0 0 0 1 0 0 0 0 0 0 0 0 0 0 1 0 0 0 0 0 0 0 0 65 63 2 20 0 64 0 0 12 0 0 0 0 0 0 0 0 0 0 0 0 0 10 7 0 0 2 0 
 0 6 4 0 0 32 0 8 4 3 4 0 0 0 3 4 15 3 0 5 0 0 0 0 0 0 0 0 0 0 2 0 0 0 0 0 0 0 0 0 57 221 50 175 82 82 26 16 39 319 0 273 30 45 49 121 122 263 64 56 46 0 0 0 0 0 0 1 0 0 0 0 0 0 0 0 0 0 0 1 0 2 0 0 1 0 0 0 0 3 4 0 0 0 1 7 26 3 0 0 0 0 0 0 0 0 1 0 0 0 0 0 0 0 0 0 0 0 0 0 0 0 0 22 36 36 0 0 0 0 4 33 0 0 0 1 9 11 0 0 0 0 0 0 0 0 0 4 0 14 0 0 10 0 0 0 0 1 0 16 0 0 6 1 2 0 0 0 2 0 0 0 0 0 0 4 4 14 0 0 0 0 0 0 0 0 0 0 0 0 0 0 0 0 0 0 0 0 0 0 0 0 5 39 30 12 0 0 0 7 8 39 0 0 0 0 0 25 0 0 1 0 0 0 0 0 0 0 0 0 0 0 51 3 0 0 0 0 6 0 0 3 0 0 0 0 0 0 0 0 0 4 0 1 0 0 0 0 0 0 0 7 42 4 0 4 0 3 0 0 1 0 0 0 0 0 0 0 0 0 0 5 0 0 0 14 0 0 0 0 
 0 1 0 0 0 0 0 0 3 0 0 0 0 0 0 50 0 0 0 0 0 0 0 1 0 0 0 0 0 0 0 1 0 2 0 74 0 0 2 0 32 31 60 315 258 58 60 239 48 47 273 0 37 49 43 33 304 62 35 38 0 0 49 0 0 0 22 0 0 0 0 0 0 2 0 0 0 0 8 1 0 6 0 9 0 0 0 0 0 0 0 0 0 0 2 0 0 0 0 0 0 0 0 0 0 17 0 0 0 0 0 0 0 0 0 0 0 0 2 0 0 0 0 0 18 28 0 0 0 1 2 15 0 0 0 14 0 0 0 0 0 0 0 0 0 0 0 9 0 0 0 0 27 0 0 0 0 0 15 29 0 0 4 0 0 0 0 0 0 0 0 0 0 0 0 0 0 0 14 0 0 0 0 0 0 0 0 0 0 6 0 0 0 0 0 0 0 0 0 0 0 4 1 13 35 31 0 0 0 0 1 20 0 0 0 1 0 0 0 0 1 0 0 0 0 0 0 1 0 0 0 0 49 17 0 0 0 0 39 0 0 0 0 0 0 0 0 0 0 0 0 7 0 0 0 0 0 0 0 11 0 0 66 62 0 0 2 62 0 0 1 0 0 0 0 0 0 0 0 0 0 0 0 0 0 0 0 0 0 0 
 0 0 0 0 0 0 0 0 0 0 72 0 0 0 0 0 0 0 0 0 0 0 0 0 0 0 0 0 0 0 1 0 0 1 0 0 208 0 0 0 118 72 47 49 265 31 350 75 52 56 30 37 0 78 32 25 29 40 356 188 0 0 0 0 3 12 0 0 0 0 1 17 0 0 0 0 0 0 0 1 1 0 0 0 0 0 0 0 0 0 0 0 0 0 0 0 0 12 0 0 0 0 0 0 0 0 0 0 0 0 0 0 0 0 0 0 0 0 0 0 56 0 0 0 0 0 30 34 21 0 0 0 25 50 19 46 0 0 6 11 0 0 0 7 0 21 0 0 0 0 0 7 0 0 0 0 14 0 0 0 0 0 0 3 0 0 0 0 1 0 0 0 0 0 0 0 0 0 0 0 0 0 0 0 9 18 0 2 0 0 0 0 0 0 0 0 0 13 0 0 46 13 0 0 0 0 23 58 1 0 0 0 47 48 21 7 1 0 0 5 0 0 0 0 10 9 0 0 0 0 0 0 0 0 0 0 0 0 0 19 0 0 0 0 0 0 0 0 0 0 0 2 0 0 0 0 0 0 0 0 0 0 0 0 0 2 2 0 0 0 0 0 0 0 0 39 0 0 0 0 0 0 0 2 0 0 0 0 0 0 
 0 0 0 0 0 0 0 0 0 0 0 0 0 0 0 0 0 0 0 0 0 0 0 0 3 0 0 0 0 0 1 0 57 0 0 0 0 0 0 3 148 134 89 71 77 251 311 287 300 98 45 49 78 0 244 48 122 49 69 215 1 0 2 206 0 2 0 0 0 2 0 5 0 0 0 8 0 0 0 0 0 0 0 0 0 0 0 0 0 0 0 0 0 0 0 0 0 0 0 0 0 0 0 0 0 0 0 0 0 0 0 0 0 0 0 0 0 0 0 0 5 16 36 3 0 0 0 7 52 14 0 0 0 0 8 30 6 0 0 0 0 0 0 0 0 0 0 0 0 0 0 0 0 0 0 0 0 0 0 0 0 0 0 0 0 0 0 0 0 0 0 0 0 0 0 0 0 0 0 0 0 0 0 0 0 0 0 0 0 0 0 0 0 0 0 1 0 0 0 0 10 45 1 0 0 0 0 37 30 14 0 0 0 18 13 20 42 11 0 0 0 0 0 0 0 0 0 0 0 0 0 0 0 0 0 0 0 0 0 0 0 0 16 0 0 0 0 0 0 0 0 10 0 0 0 0 0 0 0 3 0 0 0 0 2 1 3 0 2 0 0 0 0 0 0 0 0 0 0 0 0 0 0 0 1 12 0 0 0 0 
 12 0 0 0 0 0 4 6 0 0 0 0 4 100 6 0 0 0 0 0 0 0 0 0 2 0 0 0 0 0 0 0 0 0 0 0 0 0 0 0 186 249 119 35 60 49 58 177 169 286 49 43 32 244 0 346 327 45 270 101 0 0 0 0 51 0 0 0 0 0 0 2 0 0 0 8 0 0 0 5 0 0 0 0 29 0 3 6 6 5 23 0 19 7 7 0 0 0 0 0 0 0 0 0 0 0 0 0 0 0 0 0 0 0 0 0 0 18 0 0 0 23 53 43 0 0 0 0 23 0 13 1 0 0 12 7 12 12 12 0 0 0 0 0 0 0 0 0 0 0 0 0 0 0 0 0 0 0 0 0 9 5 5 0 8 11 3 8 6 0 0 0 23 11 4 7 0 0 0 27 0 0 0 0 0 0 0 0 0 6 0 0 0 0 0 0 0 0 0 0 0 16 49 0 0 0 0 0 27 21 27 4 0 6 11 59 26 32 0 0 0 0 0 0 0 0 0 0 0 0 0 0 0 0 0 13 0 0 0 0 0 0 7 0 0 0 0 0 0 24 0 0 0 2 0 0 0 0 0 8 0 0 0 0 0 11 0 0 0 0 0 0 0 0 0 0 0 6 0 0 0 0 0 0 0 0 0 0 1 0 
 0 0 0 0 0 0 0 0 4 0 0 0 0 0 0 0 0 0 0 0 0 2 0 0 3 0 0 0 0 0 1 0 0 0 0 0 0 0 0 0 47 239 163 277 279 297 52 40 408 313 121 33 25 48 346 0 141 226 253 50 0 0 0 0 0 0 5 55 0 0 0 0 8 51 0 3 0 0 2 25 0 0 0 0 0 0 0 0 0 0 0 0 0 0 0 0 0 0 0 0 0 0 0 0 0 0 0 0 10 0 0 0 0 0 0 0 0 0 0 0 0 12 1 26 17 9 0 0 0 8 16 17 0 0 0 7 20 32 0 0 23 0 2 0 0 0 5 2 0 4 0 0 0 23 28 0 5 0 0 0 0 0 0 0 2 4 0 0 9 0 0 0 0 0 4 0 0 0 0 0 0 0 8 0 0 0 0 0 0 0 0 0 0 0 0 0 0 0 0 0 0 0 38 22 0 1 0 0 0 29 37 14 0 0 0 15 17 27 0 0 31 0 0 0 0 0 0 8 0 0 0 0 0 3 7 8 0 0 0 5 0 0 0 0 0 0 0 0 0 0 0 2 0 0 0 0 0 0 0 13 0 0 7 1 2 7 4 2 0 0 13 0 0 0 0 0 0 0 0 0 0 0 0 0 3 15 0 0 0 0 
 1 1 0 2 0 1 0 1 3 64 1 3 0 0 0 0 0 3 0 0 2 2 0 0 2 0 0 62 0 0 6 0 0 0 2 0 0 0 0 0 42 238 355 50 50 72 46 251 137 287 122 304 29 122 327 141 0 494 56 30 0 0 0 0 0 0 0 0 0 0 0 0 0 0 0 3 0 0 0 36 0 0 0 0 0 0 0 0 0 0 0 0 59 0 0 0 0 0 0 0 0 0 0 0 0 0 0 0 0 0 0 0 0 0 0 0 0 0 0 0 0 22 0 40 30 20 0 0 0 5 15 16 0 0 0 7 15 33 0 0 0 0 0 0 0 0 0 0 0 2 0 0 0 0 0 0 0 0 0 0 0 0 0 0 6 7 16 0 5 0 0 0 0 0 5 0 0 0 4 0 0 0 0 0 0 0 0 0 0 0 0 6 0 0 0 0 0 0 0 0 0 0 30 23 0 1 0 0 0 35 57 14 0 0 0 6 15 31 0 0 0 0 0 0 0 0 0 0 0 0 0 0 0 1 0 0 0 0 1 0 0 0 0 0 0 0 0 0 0 0 0 0 0 19 0 0 0 0 0 16 0 0 1 0 0 37 1 1 1 0 34 0 0 0 0 0 0 0 0 0 0 0 0 0 5 15 0 0 2 0 
 0 0 0 0 0 0 0 2 6 0 0 0 0 0 0 0 0 8 4 3 0 3 2 0 0 0 0 0 0 0 2 0 0 0 0 0 2 0 0 0 254 61 170 233 248 54 49 41 260 73 263 62 40 49 45 226 494 0 31 35 0 0 4 7 0 0 0 0 3 13 18 4 0 0 0 3 13 3 0 0 0 0 0 0 0 0 0 0 0 0 0 0 0 0 0 0 0 0 0 0 0 0 0 0 0 0 2 0 0 0 0 0 4 0 0 0 0 0 4 0 0 0 0 29 20 21 0 0 0 10 32 30 0 0 0 1 18 24 0 0 0 0 0 7 5 9 0 9 0 4 17 7 0 0 0 0 0 0 0 0 0 0 0 0 8 5 0 0 3 0 0 9 0 0 7 0 0 0 0 0 0 0 0 0 0 0 0 0 0 0 0 0 0 0 0 0 0 0 0 0 0 0 12 18 10 11 0 0 0 2 21 48 0 0 0 2 1 10 0 0 0 0 4 7 6 0 0 0 0 0 28 15 14 0 0 0 0 0 0 0 0 0 0 0 0 0 0 0 0 0 0 3 0 1 0 0 0 0 0 0 0 2 64 63 0 24 6 63 0 0 16 0 0 0 0 4 0 0 0 0 0 0 0 0 11 6 0 0 2 0 
 0 0 0 10 6 3 0 0 0 0 0 5 0 0 0 0 0 0 0 0 0 3 0 0 4 205 0 0 0 0 2 209 0 0 0 0 0 0 0 0 58 55 55 69 50 40 49 44 58 73 64 35 356 69 270 253 56 31 0 204 0 0 0 0 0 5 0 0 0 0 0 0 0 0 0 0 5 0 0 0 0 0 0 2 3 1 0 0 0 0 0 3 0 0 0 0 0 0 0 0 0 0 0 0 0 22 0 0 0 0 0 0 0 0 0 0 0 0 22 3 30 0 0 0 0 0 24 24 1 0 0 0 9 58 19 0 0 0 50 29 0 0 0 0 0 5 0 10 0 0 0 15 0 0 0 0 0 0 0 0 0 0 0 11 0 24 0 0 0 0 0 0 0 0 0 0 0 0 5 0 6 0 0 0 15 11 1 0 0 0 0 0 12 0 0 0 0 0 3 6 41 0 0 0 0 0 38 1 0 0 0 0 22 17 10 20 0 0 23 48 0 0 0 0 0 0 0 0 0 0 0 0 0 0 0 0 0 0 9 12 0 0 0 0 0 0 0 0 0 0 0 8 0 0 0 0 0 0 0 0 0 0 0 0 2 0 1 0 2 0 0 0 0 0 0 0 0 0 0 0 0 0 0 0 0 0 0 0 0 0 
 0 0 0 0 0 0 0 0 0 0 0 0 0 0 0 0 0 0 0 0 0 0 0 0 2 2 0 0 0 0 1 0 0 0 1 0 1 0 0 0 241 46 52 44 63 47 170 54 59 73 56 38 188 215 101 50 30 35 204 0 0 0 0 0 0 27 0 0 0 0 0 5 0 0 0 0 0 0 0 0 0 0 0 0 0 0 0 0 0 0 0 0 0 0 0 0 0 0 0 0 0 0 0 0 0 3 0 0 0 0 0 22 0 0 0 0 0 0 0 0 32 13 13 0 0 0 15 29 40 0 0 0 8 53 35 33 0 0 0 1 0 0 0 0 0 2 0 0 0 0 0 0 0 0 15 0 0 0 0 0 0 0 0 3 0 0 0 0 1 0 8 0 0 7 0 0 0 0 1 0 0 0 0 0 0 0 0 0 0 0 0 0 0 0 0 0 0 0 0 0 37 35 0 0 0 0 20 69 15 14 0 0 57 29 29 11 1 0 1 11 0 0 0 0 0 0 0 0 0 0 0 0 0 0 0 0 0 0 0 0 0 0 0 0 0 63 0 0 0 0 0 7 0 0 0 0 0 0 0 0 0 0 0 0 0 3 0 0 12 0 0 0 0 0 0 0 0 0 0 0 0 0 0 0 0 0 0 0 0 0 
 0 0 0 0 0 2 0 0 5 0 0 3 0 0 0 0 0 6 0 0 2 4 3 5 8 3 2 3 4 3 2 2 3 3 6 2 3 2 3 2 0 2 0 0 0 36 0 0 6 2 46 0 0 1 0 0 0 0 0 0 0 101 316 46 36 30 257 216 35 31 38 233 61 108 190 63 48 51 35 150 0 0 0 0 0 0 0 0 0 0 0 0 0 0 0 0 0 0 0 0 0 0 0 0 0 0 0 0 0 0 0 0 0 0 0 0 0 0 0 0 0 0 9 0 0 0 3 0 0 0 0 0 0 0 0 0 0 0 0 0 18 10 38 0 8 4 0 27 16 2 0 0 6 0 26 6 0 35 0 0 0 0 0 0 0 0 0 0 0 0 0 0 0 0 0 0 0 1 0 0 0 0 0 0 0 0 0 0 7 0 0 0 0 0 0 0 0 0 0 0 0 0 0 0 0 0 0 0 0 18 0 0 0 0 0 0 0 0 0 0 7 49 0 0 1 13 0 23 41 1 0 19 0 9 50 18 0 30 0 0 0 0 0 0 0 0 0 0 0 0 0 0 0 0 10 0 0 0 0 0 0 0 0 0 0 0 0 0 0 0 2 0 0 0 1 0 0 0 0 0 0 0 0 0 0 0 0 0 0 0 
 2 3 1 3 0 3 0 2 1 3 3 3 1 1 1 0 1 4 10 0 5 0 0 3 3 0 0 0 0 0 0 0 0 0 0 0 0 0 0 50 0 8 0 0 0 0 4 2 0 0 0 0 0 0 0 0 0 0 0 0 101 0 293 61 272 32 69 271 208 39 40 53 56 121 376 255 166 48 269 42 0 0 0 0 0 0 0 0 0 0 0 0 0 0 0 0 0 0 0 0 0 0 0 0 0 0 0 0 0 0 0 0 0 0 0 0 0 0 0 0 0 0 0 0 0 0 0 0 0 0 0 0 0 0 0 0 0 0 0 0 0 9 0 13 0 0 0 0 0 4 13 45 0 0 9 33 4 2 0 0 0 0 0 0 0 0 0 0 0 0 3 2 0 0 0 0 0 1 0 0 0 0 0 0 0 0 0 0 0 0 0 0 0 0 0 0 0 0 0 0 0 0 0 0 0 0 0 0 0 0 0 0 0 0 0 0 0 0 0 0 0 17 27 7 20 9 0 0 9 11 8 21 0 0 1 11 26 9 0 0 49 0 0 0 0 0 0 0 0 0 0 0 0 0 11 0 0 0 0 0 0 0 0 0 0 0 6 0 0 1 10 0 0 12 2 0 0 0 0 0 0 0 0 0 0 0 0 5 5 0 
