 0 90 78 41 33 21 432 625 21 40 20 243 42 198 384 248 45 16 250 141 0 19 84 3 0 2 0 0 0 0 0 3 1 0 1 2 0 4 2 0 0 0 0 2 0 0 0 0 0 0 0 0 0 0 3 0 0 0 0 5 0 2 0 0 0 0 1 0 0 3 0 2 0 0 2 0 0 2 1 0 19 27 18 9 0 0 1 23 35 1 0 0 38 35 25 26 1 0 0 37 0 10 0 0 0 0 0 0 0 0 0 0 0 0 0 0 0 0 0 0 0 1 0 0 13 0 0 0 0 0 0 0 0 0 0 1 0 0 0 0 0 0 2 0 0 0 0 0 0 0 0 0 0 0 0 0 6 0 0 0 9 17 18 13 0 0 1 22 0 0 0 0 3 23 25 7 42 6 1 1 0 0 0 0 0 0 0 0 0 0 0 0 0 0 0 0 0 0 0 0 0 0 0 0 0 2 0 0 14 0 0 0 0 0 9 0 0 0 0 0 0 0 0 1 0 0 0 0 0 0 0 0 0 0 0 0 0 0 0 0 0 0 0 0 0 1 0 0 2 2 0 2 2 0 0 0 0 0 0 0 1 0 0 0 0 0 0 0 0 2 0 0 0 12 0 0 1 1 0 0 0 0 0 0 0 0 0 0 0 0 
 90 0 714 151 26 60 91 454 431 56 36 54 477 55 648 518 407 249 30 464 0 0 0 5 0 1 0 3 2 50 1 3 0 0 0 0 4 0 0 0 2 0 0 3 3 0 0 0 3 2 3 2 0 0 0 0 0 0 0 61 0 0 3 0 0 0 48 3 0 0 0 7 0 0 0 0 0 0 2 0 0 48 11 9 0 0 0 24 18 42 22 3 10 38 9 37 44 59 0 0 0 0 0 2 0 1 0 0 0 0 0 0 0 0 0 0 0 0 1 0 0 0 0 0 0 0 0 1 0 0 0 0 0 0 0 0 0 0 2 0 0 0 0 0 0 0 0 0 0 1 0 0 0 0 0 0 0 2 0 0 0 14 34 37 0 0 0 0 30 11 0 0 17 12 26 15 15 15 1 0 0 1 0 0 0 0 0 0 0 0 0 0 0 18 0 0 0 0 0 0 0 0 0 0 0 0 1 0 0 2 0 0 0 1 0 0 2 0 0 0 0 2 0 0 0 0 0 0 0 0 0 0 0 0 0 0 15 0 0 0 0 0 0 0 0 29 2 0 0 3 2 2 0 0 0 0 0 0 0 0 0 0 0 0 0 0 0 0 0 1 0 0 0 0 0 18 19 1 0 0 0 0 0 0 0 0 0 0 0 0 
 78 714 0 212 53 42 57 108 184 707 76 30 64 256 75 303 223 427 190 248 0 0 0 2 1 1 0 0 2 0 0 5 0 2 0 0 3 207 0 2 2 0 0 3 3 0 0 0 3 2 0 2 0 1 0 0 2 0 0 0 0 0 3 0 0 0 1 3 1 0 0 8 0 0 0 0 0 0 0 0 0 18 28 34 1 0 0 19 10 43 58 20 1 0 1 17 46 53 0 2 0 0 0 11 0 0 0 0 0 0 0 0 0 2 0 0 0 0 0 2 0 0 0 0 0 0 0 14 26 0 0 0 0 0 0 0 0 0 1 1 0 0 1 0 0 0 0 0 0 0 2 0 22 0 0 0 0 0 0 2 1 8 40 33 0 0 0 0 40 22 15 0 0 5 13 26 8 90 0 0 0 0 0 0 0 0 0 0 0 0 0 28 0 28 0 0 0 0 0 0 0 0 0 0 0 0 0 0 0 0 0 1 0 0 0 0 0 0 0 1 0 0 2 0 0 0 0 0 0 0 0 0 0 0 0 0 0 0 0 0 0 0 0 0 0 2 5 0 2 8 0 41 36 0 0 14 0 2 0 0 0 0 0 0 0 0 2 0 0 0 0 0 0 0 0 50 22 15 0 0 0 0 0 0 0 0 0 0 0 0 
 41 151 212 0 85 55 91 68 312 611 178 423 72 56 61 46 62 407 86 69 21 0 0 1 0 1 0 1 19 1 0 3 0 0 0 0 4 0 0 0 2 0 28 3 3 0 0 0 3 2 0 2 0 2 0 0 0 0 0 0 0 0 3 0 0 0 54 3 51 0 0 3 0 0 0 32 0 0 2 0 0 0 50 60 86 12 0 0 0 11 28 38 6 0 0 11 0 0 0 0 0 0 0 0 0 0 2 2 0 1 0 0 0 0 0 0 0 0 29 1 0 0 0 0 0 0 0 0 0 0 0 0 0 0 0 0 1 0 0 0 0 0 32 0 0 0 0 0 0 4 0 0 0 0 0 0 0 0 0 0 0 0 0 0 33 15 0 0 0 33 40 44 0 1 0 12 0 18 0 0 0 0 1 0 0 0 0 0 0 0 0 0 0 0 0 14 0 7 4 2 0 0 0 2 2 0 0 0 0 0 0 0 0 0 0 0 0 0 0 0 0 0 0 0 0 0 2 0 0 0 0 0 0 0 0 0 0 0 0 0 0 23 0 0 0 4 52 1 0 21 0 6 9 17 0 0 0 0 0 0 0 0 9 1 0 0 0 0 0 0 0 0 0 0 0 40 0 13 0 0 0 0 0 0 0 0 0 0 0 0 
 33 26 53 85 0 446 46 63 85 85 97 428 100 121 65 279 60 53 278 72 0 0 0 1 2 1 0 0 2 0 0 2 0 1 0 0 4 0 1 5 2 0 0 4 3 2 0 2 66 63 0 2 2 61 0 0 0 0 3 63 0 0 3 0 1 0 6 3 0 8 0 3 3 0 0 0 0 0 3 0 0 0 1 11 52 6 0 0 0 1 1 13 0 0 0 0 0 1 13 0 0 0 0 0 0 0 43 0 0 0 0 0 62 0 0 1 0 0 43 1 0 0 0 0 0 0 0 0 0 0 0 0 0 0 0 0 0 23 0 0 0 0 2 0 0 0 0 0 0 6 0 0 0 3 0 0 0 0 0 3 0 0 0 0 20 25 0 0 1 1 16 30 0 0 2 0 0 0 0 0 0 1 0 0 10 0 14 1 0 0 0 0 26 14 0 0 0 4 38 7 0 0 0 0 0 0 0 0 0 0 0 13 0 0 0 0 0 0 0 0 0 0 0 0 0 0 0 0 0 0 0 0 0 0 0 0 0 0 0 0 0 21 0 0 0 0 9 0 2 5 0 4 0 0 0 0 0 0 0 0 0 0 0 0 0 0 0 0 0 0 0 0 0 0 0 0 0 0 0 0 0 0 0 0 0 0 0 0 0 0 
 21 60 42 55 446 0 40 19 27 43 84 68 132 29 56 82 63 46 61 71 0 99 1 2 0 4 2 0 2 1 2 2 6 0 0 0 1 99 300 0 2 0 0 3 2 0 0 0 3 2 0 43 0 0 0 0 9 0 0 0 0 0 3 5 0 0 3 3 0 0 0 2 0 0 4 0 0 0 38 0 1 0 0 1 0 22 0 0 0 0 0 23 0 0 0 0 0 0 0 7 0 0 0 0 0 0 47 0 0 0 0 0 57 12 1 0 0 0 26 25 0 0 0 1 0 0 0 0 0 0 0 0 0 0 0 0 0 0 0 0 0 0 0 0 2 0 0 0 0 19 9 0 0 3 0 0 0 0 0 3 0 0 0 0 24 18 0 0 0 0 12 1 0 0 0 0 0 0 0 0 1 0 2 0 0 0 20 0 0 0 1 0 22 23 14 0 0 0 66 27 0 0 0 0 0 0 0 0 0 0 0 10 0 0 0 0 0 0 0 0 0 0 0 0 0 0 0 0 0 0 0 0 0 0 0 0 0 2 0 0 0 1 0 0 0 5 1 0 0 2 1 9 0 2 0 0 0 0 0 0 0 0 0 0 0 0 0 0 0 0 0 0 0 0 0 0 0 0 0 0 0 0 0 0 0 0 0 0 0 0 
 432 91 57 91 46 40 0 83 64 22 29 44 476 431 23 33 76 38 62 515 0 0 0 2 2 1 0 0 4 0 0 4 0 0 0 0 2 2 0 0 2 3 58 3 3 0 2 0 5 2 1 5 0 0 0 0 0 0 0 0 10 0 3 0 0 0 3 3 0 0 0 3 0 0 3 0 37 2 2 0 52 7 31 0 0 0 21 30 31 53 0 0 34 45 37 15 0 0 6 23 2 0 11 0 0 0 0 0 0 0 0 0 0 0 14 0 0 0 0 0 0 0 0 0 0 0 0 0 0 0 0 1 0 0 0 0 0 1 0 0 0 0 0 0 0 0 0 0 2 0 0 0 0 25 0 0 0 0 1 0 58 22 0 0 0 0 25 24 0 6 0 0 15 75 11 14 8 0 16 9 0 0 0 2 0 0 0 0 0 0 0 2 0 13 0 0 0 0 0 0 0 0 0 0 0 0 0 0 13 0 0 0 1 0 0 0 0 0 0 0 0 0 0 0 0 0 0 0 0 0 16 0 0 0 0 0 1 0 0 0 0 0 0 0 0 0 0 1 2 0 0 9 0 0 0 0 0 0 0 0 0 0 0 0 0 0 0 0 0 0 0 0 0 0 0 0 0 0 0 0 0 0 0 0 0 0 0 0 0 0 
 625 454 108 68 63 19 83 0 88 105 20 268 99 425 172 358 52 30 174 37 4 0 0 2 0 2 0 1 2 0 0 2 0 0 0 0 1 0 0 0 2 0 0 3 2 0 0 0 3 2 0 2 0 0 0 0 0 0 0 0 0 0 3 0 0 0 3 3 0 0 0 5 0 0 2 0 0 0 3 0 0 47 42 8 0 0 0 51 24 29 0 0 9 22 16 35 34 13 0 6 0 0 0 0 2 0 0 0 0 0 0 0 0 0 0 0 0 0 0 0 0 0 0 0 0 0 0 0 0 0 0 0 0 0 0 0 0 0 0 0 0 0 0 0 0 0 0 0 0 1 0 0 0 0 0 0 0 1 0 0 0 9 40 18 0 0 0 29 20 12 0 0 0 11 15 10 24 21 1 0 0 0 0 0 0 0 0 0 0 0 0 0 27 0 0 0 0 0 0 0 0 0 2 0 0 0 0 0 0 0 2 0 0 0 2 0 1 0 0 0 0 0 0 0 2 0 0 0 0 0 0 0 0 0 0 0 0 0 1 0 0 0 0 0 0 0 1 0 0 0 0 3 0 0 0 0 0 0 0 0 0 0 0 0 0 0 0 0 0 0 0 0 0 0 0 0 44 0 0 0 0 0 0 0 0 0 0 0 0 0 
 21 431 184 312 85 27 64 88 0 458 46 114 85 77 96 274 180 391 108 86 0 2 0 1 0 1 0 0 4 2 2 4 0 0 0 0 2 0 3 0 2 0 0 3 3 0 0 0 66 2 0 3 0 1 0 0 0 0 0 0 6 0 3 0 0 0 3 3 49 0 0 8 0 0 2 0 0 0 1 0 0 17 52 38 23 0 0 19 6 30 45 17 0 0 0 16 61 28 0 0 0 0 0 0 0 0 0 0 0 0 0 0 0 0 0 0 0 0 0 0 0 0 0 2 0 0 0 0 0 0 15 0 0 0 0 0 11 0 0 0 0 0 5 0 0 0 0 0 1 0 0 0 0 0 0 0 0 0 0 0 0 9 29 18 3 2 0 0 36 20 26 0 0 0 0 22 1 43 0 0 0 0 0 0 0 0 0 0 0 0 0 0 0 19 0 0 0 0 0 0 0 0 0 0 0 0 0 0 0 0 0 0 2 0 0 0 0 0 0 15 0 8 0 0 0 0 0 0 0 0 0 0 0 0 2 1 0 0 0 0 0 0 0 0 0 0 2 2 0 2 0 7 10 0 0 0 0 0 0 0 0 0 0 0 0 0 0 0 0 0 0 0 0 0 0 43 14 15 0 0 0 0 0 0 0 0 0 0 0 0 
 40 56 707 611 85 43 22 105 458 0 462 46 51 61 88 616 325 100 90 80 82 0 0 1 0 1 0 0 2 0 4 4 1 0 0 31 3 0 0 0 2 0 0 3 3 0 0 0 3 2 0 2 0 0 0 0 0 0 0 0 0 0 3 0 44 0 3 3 0 0 0 3 0 0 0 0 3 0 1 0 0 0 31 33 28 15 0 0 11 38 44 30 0 0 0 21 15 36 0 0 0 0 0 0 2 0 1 0 0 0 0 0 0 0 0 0 0 0 1 0 0 0 0 0 0 0 0 0 0 0 0 0 0 0 0 0 0 0 0 0 0 2 14 0 0 0 0 0 0 2 0 0 0 0 0 0 0 0 0 0 0 9 0 20 14 0 0 0 13 29 10 32 0 0 0 12 0 36 2 0 0 0 0 0 21 0 0 0 0 0 0 0 0 19 0 9 0 1 0 0 0 0 0 0 0 0 0 0 0 0 1 0 0 0 0 0 0 0 0 0 0 0 0 0 0 0 0 0 0 0 0 0 0 0 0 0 0 0 0 0 0 0 0 0 0 3 178 0 1 173 0 6 3 0 0 0 0 0 0 0 0 0 14 0 0 0 0 0 0 0 0 0 0 0 0 23 0 10 0 0 20 0 0 0 0 0 0 0 0 0 
 20 36 76 178 97 84 29 20 46 462 0 444 257 38 47 69 88 676 21 51 68 0 0 1 0 1 0 1 2 0 0 2 0 0 0 0 2 0 0 0 2 0 0 3 3 0 31 0 3 2 0 2 0 0 3 0 0 0 0 0 0 0 3 0 0 0 3 3 0 0 0 3 0 0 0 0 0 0 1 0 0 0 11 62 49 17 0 0 3 13 28 41 0 0 0 50 0 0 0 0 0 0 0 0 15 0 0 0 0 0 0 0 0 0 0 0 0 0 32 0 0 0 0 0 0 0 0 0 0 1 0 0 0 0 0 0 0 0 0 0 0 0 4 0 0 0 0 0 0 0 0 0 0 0 0 0 0 0 0 0 0 0 0 0 12 10 0 0 0 24 29 53 0 0 0 6 0 25 0 0 0 0 0 0 0 0 0 0 0 0 0 0 0 0 0 0 0 3 0 0 0 0 0 0 0 0 0 6 0 0 0 0 0 0 0 0 0 0 0 0 0 0 0 0 0 0 0 0 0 0 14 0 0 0 0 0 0 0 15 0 0 48 0 0 0 0 60 0 0 61 0 6 9 0 1 0 0 0 0 0 0 0 11 0 0 0 0 0 0 0 0 0 0 0 0 24 0 12 0 0 0 0 0 0 0 0 0 0 0 0 
 243 54 30 423 428 68 44 268 114 46 444 0 253 24 114 26 145 98 79 125 0 0 0 2 0 1 0 1 2 0 8 2 0 0 0 0 2 0 1 0 2 0 0 3 3 0 0 0 3 2 0 2 0 1 0 0 0 0 0 0 0 0 3 0 0 0 2 3 0 0 0 3 0 0 0 0 0 0 0 0 0 0 0 3 47 38 0 0 0 15 8 73 0 0 0 0 0 0 0 0 19 23 0 0 0 0 13 1 0 2 0 0 14 0 0 0 0 0 43 0 0 0 0 0 0 0 0 0 0 0 0 0 0 0 0 0 2 0 0 0 0 0 6 0 0 0 0 0 0 13 0 0 0 0 0 0 0 0 0 6 0 0 0 0 90 22 0 0 1 23 27 36 0 2 0 1 0 0 0 0 0 0 1 0 0 0 1 0 0 0 2 0 26 9 0 0 0 2 59 2 0 0 0 1 1 0 0 2 0 0 19 0 0 0 0 0 0 0 0 0 0 0 0 0 0 0 1 0 0 0 0 0 0 0 0 0 0 0 0 0 0 12 0 0 0 4 189 2 6 190 0 0 0 2 0 0 0 0 0 0 0 0 13 0 0 0 0 0 0 0 0 0 0 0 0 0 0 7 0 0 0 0 0 0 0 0 0 0 0 0 
 42 477 64 72 100 132 476 99 85 51 257 253 0 85 45 30 34 28 518 268 0 74 0 4 0 2 0 3 4 0 0 2 0 3 4 0 1 0 0 1 2 0 2 6 5 0 0 0 3 4 0 2 0 0 0 3 2 0 0 0 0 0 3 0 3 2 3 54 0 0 3 5 51 0 0 0 1 2 3 0 52 0 49 0 0 0 33 19 26 0 0 0 34 30 15 0 0 0 5 54 0 2 0 0 0 0 0 0 0 0 0 0 0 1 0 0 0 0 0 1 0 0 0 0 0 0 0 0 0 0 0 1 0 0 0 0 0 1 0 0 0 8 0 0 3 0 0 0 0 0 1 0 0 0 0 0 0 0 1 1 49 35 0 0 9 0 23 0 0 6 0 0 31 19 2 12 0 0 27 12 0 0 0 2 0 0 0 0 0 0 0 0 0 0 0 0 0 0 0 0 0 0 0 0 0 2 0 0 0 0 0 0 0 0 0 14 0 0 0 0 0 9 1 0 0 0 0 0 0 0 0 0 0 0 0 0 2 0 0 0 0 0 0 0 0 2 0 0 1 0 2 7 0 0 0 0 0 0 0 0 0 0 2 0 0 0 0 0 0 0 0 0 0 0 0 0 0 0 0 0 0 0 0 0 0 0 0 0 0 0 
 198 55 256 56 121 29 431 425 77 61 38 24 85 0 503 62 45 42 86 173 0 2 3 1 1 1 0 0 2 0 0 5 2 2 2 0 2 1 0 0 59 2 0 3 3 0 0 0 3 2 0 2 0 0 2 0 0 0 3 0 0 0 3 2 0 0 3 3 0 3 0 3 0 0 0 0 0 0 2 3 13 62 18 12 0 0 1 32 40 0 1 0 25 36 89 42 0 0 0 41 0 0 0 0 0 0 0 0 0 0 0 0 0 0 0 0 0 0 0 0 0 0 0 0 0 0 0 0 0 0 0 0 0 0 0 0 0 0 0 0 0 0 0 0 0 0 0 0 0 0 0 0 0 0 0 0 0 0 0 9 11 59 21 21 0 0 0 14 2 2 0 0 7 10 26 12 26 0 0 0 0 0 0 0 0 0 0 0 0 0 0 0 0 0 0 0 0 0 0 0 0 0 1 0 0 0 15 0 0 0 0 0 0 0 0 0 0 0 0 0 0 0 0 0 2 0 0 1 0 0 0 0 0 0 13 0 0 0 0 13 0 0 0 0 0 42 0 0 0 1 0 3 0 0 3 22 0 0 0 0 0 0 0 0 0 0 0 0 0 0 0 0 0 0 0 0 1 0 0 0 0 0 0 0 0 0 0 0 0 0 
 384 648 75 61 65 56 23 172 96 88 47 114 45 503 0 391 75 44 68 100 2 0 0 0 1 0 0 0 3 0 0 2 0 0 0 0 4 0 6 0 2 0 1 3 3 0 0 0 3 2 0 2 0 3 0 0 0 0 0 4 0 0 3 0 0 0 1 3 1 0 0 13 0 0 6 0 0 0 0 0 1 92 23 6 0 0 0 56 32 19 11 0 0 13 31 41 46 47 0 0 0 0 0 0 0 0 0 0 0 0 0 0 0 0 0 0 0 0 0 0 17 0 0 0 0 0 0 0 0 0 0 0 0 0 0 0 0 0 0 0 0 0 0 0 0 0 1 0 0 0 0 0 0 0 0 0 0 0 0 0 0 13 38 18 0 0 0 28 37 17 0 1 11 3 15 9 28 23 0 0 0 0 0 0 0 0 0 0 0 0 0 0 0 0 0 0 0 0 0 0 0 0 0 0 0 0 0 0 0 0 0 0 0 0 0 0 0 0 0 0 0 0 0 10 0 0 0 0 0 0 0 0 0 0 0 0 0 0 0 0 0 0 0 0 0 0 0 0 0 1 0 6 0 0 0 0 0 0 0 0 14 0 9 0 0 0 0 0 0 0 0 0 0 0 0 0 37 0 0 0 0 0 0 0 0 0 0 0 0 0 
 248 518 303 46 279 82 33 358 274 616 69 26 30 62 391 0 214 289 253 66 0 0 0 1 72 1 0 0 2 0 0 2 0 0 0 0 2 0 0 0 2 0 0 3 3 0 0 0 3 2 0 2 0 1 0 0 0 32 0 0 0 0 3 0 51 0 2 3 0 0 0 57 0 0 0 0 0 56 0 0 0 33 3 64 9 0 0 8 7 40 36 16 0 0 9 32 65 39 0 0 0 0 0 0 0 0 0 0 0 0 0 0 0 0 0 0 0 0 0 0 0 2 0 0 0 0 0 0 0 0 0 0 0 2 1 0 0 0 0 0 0 0 0 0 0 0 0 0 0 0 0 0 0 0 0 0 0 0 0 0 0 9 18 33 4 0 0 0 22 21 0 1 0 0 9 24 14 51 0 0 0 0 0 0 0 0 0 0 0 0 0 0 0 8 0 0 0 9 0 0 0 0 0 0 0 0 0 0 0 0 0 0 0 0 0 0 0 0 0 0 0 0 0 25 0 0 0 0 0 0 0 0 0 0 0 0 0 0 0 0 0 11 0 0 21 1 2 0 2 6 0 4 10 0 0 0 0 0 0 0 1 0 0 0 0 0 0 0 0 0 0 0 0 0 0 28 19 15 0 0 0 0 0 0 0 0 0 0 0 0 
 45 407 223 62 60 63 76 52 180 325 88 145 34 45 75 214 0 304 29 67 0 0 0 1 0 1 0 99 2 0 0 2 74 0 0 0 2 0 0 0 2 0 4 3 3 0 0 0 3 2 0 2 0 0 0 0 0 0 0 0 0 0 3 0 0 0 3 3 0 0 0 8 0 0 10 0 0 0 2 32 1 2 24 14 0 0 0 15 13 25 53 19 0 0 5 14 56 44 0 0 0 0 0 0 0 0 1 1 0 0 0 0 0 0 0 0 0 0 0 0 0 0 0 0 0 0 0 0 0 0 0 19 0 16 0 0 0 0 0 0 0 0 0 0 2 0 0 0 0 0 0 0 0 0 0 0 0 0 0 0 0 9 59 18 0 0 0 1 46 27 13 1 0 8 3 23 1 55 0 0 0 0 2 0 0 0 2 0 0 0 1 0 0 10 0 0 0 0 0 2 0 0 0 0 1 0 0 0 0 0 0 0 0 0 0 0 0 0 0 0 0 0 0 0 0 0 2 0 0 0 0 0 0 0 0 0 0 0 0 0 0 0 16 0 0 1 0 0 2 2 0 12 12 2 1 0 0 0 0 0 0 0 0 0 0 0 0 0 0 0 0 0 0 0 0 29 0 15 0 0 0 0 0 0 0 0 0 0 0 2 
 16 249 427 407 53 46 38 30 391 100 676 98 28 42 44 289 304 0 35 39 75 2 2 5 21 3 0 3 118 2 0 2 0 3 0 0 4 2 2 0 2 0 2 3 6 0 0 30 3 2 0 2 0 4 0 0 0 0 0 0 2 2 3 0 2 0 3 3 0 0 0 2 0 0 0 0 3 0 3 0 0 1 23 40 18 21 0 0 15 55 67 40 0 0 0 15 14 58 0 11 0 0 0 0 0 0 1 0 0 0 0 0 0 0 0 0 0 0 0 0 0 0 0 0 0 0 0 0 0 0 0 0 0 0 0 0 0 0 0 5 0 0 9 0 0 0 0 0 1 0 0 0 0 0 0 0 0 0 0 0 0 9 2 19 18 0 0 0 34 16 11 27 0 1 0 7 0 28 0 0 0 0 0 0 0 0 0 0 0 0 0 0 0 21 0 0 0 1 0 0 7 0 0 0 0 0 0 0 0 0 0 0 0 0 0 0 0 0 0 0 0 0 0 0 0 0 0 0 0 0 0 0 0 0 0 0 0 0 0 0 0 0 0 0 0 2 207 0 2 173 0 8 5 0 0 0 0 0 0 0 0 0 14 0 0 0 0 0 0 0 0 0 0 0 0 26 0 9 0 0 0 0 0 0 0 0 0 0 0 0 
 250 30 190 86 278 61 62 174 108 90 21 79 518 86 68 253 29 35 0 386 0 0 3 2 1 2 0 0 2 0 0 5 3 42 0 0 3 0 0 2 2 2 0 3 7 2 0 4 3 2 0 2 2 0 86 0 1 0 2 0 0 0 3 2 0 0 6 3 0 2 0 2 3 0 0 0 0 0 3 0 50 0 0 0 0 0 93 13 1 0 0 13 20 40 13 0 0 0 26 0 0 0 0 1 0 0 0 0 0 0 0 0 0 0 0 0 2 0 0 0 0 0 0 0 24 0 0 2 0 0 0 0 0 0 0 0 0 0 0 0 0 0 0 0 9 0 0 2 0 2 0 0 0 0 0 0 0 0 0 0 26 2 0 0 0 0 23 0 0 7 0 0 37 38 10 3 1 0 63 32 0 0 0 0 0 0 0 0 12 32 0 0 0 0 0 0 0 0 0 0 0 0 0 0 0 0 0 0 0 0 0 0 0 2 0 0 1 0 2 0 0 1 0 0 1 18 0 0 0 0 0 0 0 0 0 0 0 0 0 0 0 0 0 0 0 2 0 1 2 2 2 16 0 0 0 0 0 0 0 0 0 0 0 0 0 0 0 0 0 1 0 0 0 0 0 0 0 0 0 0 0 0 0 0 0 0 0 0 0 0 
 141 464 248 69 72 71 515 37 86 80 51 125 268 173 100 66 67 39 386 0 0 2 4 1 3 6 0 3 2 0 0 2 0 20 3 0 7 0 0 2 2 0 6 3 9 3 7 3 3 2 0 2 3 0 0 6 0 0 0 0 16 0 3 0 0 0 5 3 0 0 0 3 0 0 0 2 4 0 3 0 61 0 17 0 0 0 27 45 21 0 0 0 51 20 7 15 0 0 8 116 0 0 0 0 0 0 2 1 0 0 0 0 0 0 0 0 0 0 0 0 2 0 0 0 1 0 0 2 0 0 8 2 2 0 0 0 0 2 0 0 0 0 0 0 2 0 0 0 0 0 0 0 0 0 0 0 0 0 0 0 39 19 0 0 0 0 20 1 2 6 0 0 30 49 11 36 24 0 15 14 0 0 0 0 0 0 0 0 0 0 2 0 0 0 0 0 0 0 0 1 0 0 0 0 1 21 0 1 12 0 0 0 0 0 0 0 0 0 25 22 0 0 0 0 0 0 1 0 0 0 0 0 0 0 0 0 0 0 0 0 0 0 0 0 0 0 0 2 3 0 0 8 0 0 2 0 0 0 0 0 0 0 0 0 0 0 0 0 0 0 0 0 0 0 0 0 0 0 0 0 0 0 0 0 0 0 0 0 0 0 
 0 0 0 21 0 0 0 4 0 82 68 0 0 0 2 0 0 75 0 0 0 146 77 40 45 55 374 368 33 51 24 38 84 179 354 38 36 249 154 178 62 0 2 3 0 0 0 0 2 2 2 2 0 0 2 2 0 6 0 0 0 3 3 2 3 0 0 3 0 0 0 1 5 0 1 1 3 0 0 8 0 0 0 1 0 0 0 0 0 0 0 0 0 0 0 0 0 0 0 0 20 58 34 0 12 0 13 48 39 18 0 0 0 12 31 9 21 23 0 13 0 0 0 0 0 0 0 0 0 0 0 0 0 0 0 0 0 0 0 9 0 0 0 0 0 0 0 0 0 0 0 0 0 4 0 0 0 0 0 0 0 0 1 0 0 0 0 0 0 0 0 5 0 0 0 0 2 0 1 7 33 68 16 0 0 12 11 58 29 18 1 1 0 1 42 16 22 0 0 1 0 0 0 0 0 0 0 0 0 0 0 0 0 0 0 0 1 0 0 0 0 0 0 0 0 0 0 0 0 0 2 0 1 0 0 0 1 0 0 0 0 0 0 0 0 0 0 1 0 0 0 0 0 29 85 0 4 0 1 0 0 0 0 0 1 0 9 0 0 0 0 1 0 0 0 0 0 0 0 0 9 0 0 0 0 0 0 0 0 0 
 19 0 0 0 0 99 0 0 2 0 0 0 74 2 0 0 0 2 0 2 146 0 347 48 53 38 62 369 262 30 25 65 48 136 300 294 199 269 37 35 0 0 2 3 0 0 0 0 3 2 0 2 0 0 2 2 0 3 0 0 0 3 2 2 3 0 0 3 0 0 0 0 35 0 2 0 0 0 0 3 0 0 0 0 0 0 0 0 10 0 0 0 0 0 0 0 0 0 0 0 0 27 39 31 0 0 0 1 51 29 8 1 0 0 0 21 27 32 0 0 0 0 0 0 0 0 0 0 0 0 0 0 0 0 0 0 0 0 0 0 0 9 0 0 0 3 0 0 0 0 18 0 0 8 0 0 9 0 0 0 0 0 6 0 0 0 0 0 0 0 0 0 10 0 0 0 4 0 0 0 0 34 35 19 3 10 0 19 58 52 35 22 0 0 0 29 32 16 0 0 0 0 0 0 0 0 0 0 0 0 0 0 0 0 0 0 0 0 0 0 0 0 0 0 0 0 0 0 0 0 0 0 0 0 0 0 0 0 0 0 0 0 0 0 0 0 0 0 0 0 0 0 0 0 3 0 0 0 0 0 8 6 0 0 0 0 6 0 0 0 0 0 0 0 0 0 0 0 0 0 0 19 0 0 0 0 12 0 0 0 
 84 0 0 0 0 1 0 0 0 0 0 0 0 3 0 0 0 2 3 4 77 347 0 95 44 113 249 135 167 516 52 42 44 46 39 187 282 354 61 46 0 0 2 3 0 0 0 0 2 2 0 3 67 0 2 2 0 210 0 0 0 3 3 2 3 0 0 37 0 0 0 0 2 0 3 1 0 0 0 0 0 0 0 0 0 0 0 0 12 0 0 0 0 0 0 0 0 0 0 0 0 37 21 96 0 16 0 0 30 69 38 27 0 0 0 63 25 39 0 0 0 0 0 0 0 0 0 0 0 0 0 17 0 0 0 0 0 0 0 0 0 0 0 0 0 20 0 0 0 0 0 0 0 0 13 0 18 0 0 0 0 0 3 0 0 0 0 0 0 0 0 0 0 0 0 0 4 0 0 0 0 0 47 21 40 0 0 0 12 35 50 24 0 0 0 43 55 38 0 0 0 0 0 0 0 0 0 0 0 0 0 0 0 0 0 0 0 0 0 0 0 0 0 0 0 0 0 0 0 0 0 0 0 0 0 0 0 0 0 0 0 0 21 0 0 0 0 0 0 0 0 2 0 0 2 0 2 2 2 0 12 14 0 0 0 0 0 0 0 0 0 0 0 0 0 0 0 0 0 0 0 34 0 0 0 0 8 0 0 0 
 3 5 2 1 1 2 2 2 1 1 1 2 4 1 0 1 1 5 2 1 40 48 95 0 113 50 83 75 83 375 90 367 75 68 283 53 222 330 47 277 0 6 2 67 0 0 0 0 7 2 4 12 0 0 2 2 3 3 0 62 0 3 3 2 2 0 0 4 0 0 0 0 0 0 0 2 0 11 4 0 0 0 0 0 0 0 7 0 0 0 0 2 15 0 0 0 0 0 1 0 0 0 14 44 9 26 0 0 1 3 49 59 0 0 0 0 6 9 0 0 0 0 0 0 0 0 0 0 0 0 0 0 8 0 0 0 0 0 26 12 0 0 0 0 0 3 17 0 0 0 0 0 0 0 0 0 0 0 0 0 0 0 0 0 0 0 0 0 0 0 0 0 0 0 0 0 5 0 0 0 0 0 13 10 40 30 0 0 0 0 14 27 0 0 0 0 12 15 0 0 0 0 0 0 2 0 0 0 0 0 15 0 12 0 0 0 0 0 12 1 0 0 0 0 0 0 0 0 0 0 0 0 0 0 11 0 0 0 0 1 0 0 12 0 0 0 0 0 0 0 0 0 0 0 14 2 2 47 11 3 3 0 0 0 0 0 0 0 0 0 0 0 0 0 0 0 0 0 0 0 0 13 0 0 0 0 2 0 0 0 
 0 0 1 0 2 0 2 0 0 0 0 0 0 1 1 72 0 21 1 3 45 53 44 113 0 315 51 77 138 283 77 285 79 52 507 87 50 56 45 275 0 0 2 28 0 0 1 0 2 2 0 2 0 0 2 2 0 3 1 0 0 3 3 2 3 0 0 47 0 0 0 2 0 0 0 1 0 4 0 0 0 0 0 0 12 0 0 0 0 0 1 0 0 0 0 0 0 0 0 0 0 0 0 12 26 35 0 0 24 0 0 13 0 0 0 0 0 1 0 0 0 0 0 0 0 0 11 0 0 0 0 0 67 0 0 0 0 0 9 16 0 0 0 0 0 0 0 0 2 0 0 19 0 0 0 0 0 0 0 0 0 0 0 0 14 0 1 0 0 0 0 0 0 0 0 0 0 4 32 0 0 0 0 2 0 0 0 0 0 0 0 30 0 0 0 19 1 0 1 0 27 0 2 0 0 0 13 0 2 0 0 0 31 0 0 0 0 0 50 12 0 0 0 0 0 0 0 0 0 0 0 0 0 2 0 0 0 0 0 0 0 0 0 0 0 0 0 0 0 0 0 0 0 0 12 0 4 5 1 3 5 0 0 0 0 0 0 0 0 0 0 0 0 0 0 0 0 0 0 0 0 0 0 0 0 0 0 0 0 0 
 2 1 1 1 1 4 1 2 1 1 1 1 2 1 0 1 1 3 2 6 55 38 113 50 315 0 33 35 40 118 77 51 23 49 49 80 67 57 37 117 0 0 2 3 212 0 1 0 15 5 0 8 14 0 2 2 0 3 217 0 0 3 3 2 3 0 0 9 0 0 41 0 0 0 0 1 1 36 0 0 0 0 1 0 0 0 0 0 0 0 0 0 0 0 0 0 0 0 0 0 0 0 0 0 56 20 0 0 0 0 0 15 0 0 0 0 0 0 0 0 12 11 0 0 0 0 59 0 0 0 0 0 19 32 0 0 2 0 39 30 0 0 0 0 0 0 0 0 0 0 0 0 0 0 0 0 0 0 0 0 0 0 0 0 5 0 2 0 0 0 0 0 0 0 0 0 0 3 6 0 0 12 0 0 16 0 0 0 0 0 0 12 17 0 0 0 0 0 0 0 29 0 0 0 25 0 83 0 0 0 0 0 13 12 0 0 0 0 24 48 0 0 0 0 0 0 0 0 0 0 0 0 0 0 0 0 0 0 0 0 0 0 0 0 0 1 0 0 0 0 0 1 0 0 7 0 5 0 8 1 7 1 0 0 0 0 0 0 0 0 0 0 0 0 0 0 0 0 0 0 0 0 0 0 0 0 0 0 0 0 
 0 0 0 0 0 2 0 0 0 0 0 0 0 0 0 0 0 0 0 0 374 62 249 83 51 33 0 81 30 17 44 62 488 365 58 39 45 44 269 281 0 0 2 4 0 0 0 0 2 2 4 2 0 0 2 2 1 3 0 0 0 3 2 2 3 0 0 3 0 0 0 0 0 0 0 0 2 0 0 4 0 0 0 0 0 0 1 0 0 0 0 0 0 0 0 0 0 0 0 0 59 11 1 0 0 0 17 57 2 10 0 14 0 38 57 11 11 2 1 27 0 0 0 0 0 0 0 0 0 0 0 0 0 0 0 0 2 1 0 0 0 0 0 0 0 0 17 0 0 0 0 0 0 0 0 0 0 0 2 0 0 0 0 0 1 0 0 0 1 0 0 27 0 0 0 0 0 0 0 3 58 16 0 0 0 3 20 48 11 0 0 0 0 13 82 58 0 0 1 17 0 0 0 0 0 0 0 0 0 18 8 0 0 0 0 0 0 0 0 0 0 0 0 0 0 0 0 0 0 1 0 1 0 0 0 0 0 0 1 0 0 0 0 0 0 0 0 0 0 0 0 0 0 0 5 2 0 0 0 0 0 2 0 0 0 0 0 0 0 0 0 0 0 0 0 0 1 0 0 0 0 1 0 0 0 0 0 6 0 0 
 0 3 0 1 0 0 0 1 0 0 1 1 3 0 0 0 99 3 0 3 368 369 135 75 77 35 81 0 329 55 46 27 107 482 382 475 54 266 60 70 0 0 2 3 0 0 0 0 2 2 0 3 0 1 3 2 1 3 0 0 0 2 2 2 3 1 0 3 0 0 0 0 3 0 0 0 5 0 0 3 0 0 0 2 0 0 0 0 0 0 0 0 0 0 0 0 0 18 0 0 14 51 28 0 0 0 4 68 46 11 26 2 0 9 32 94 40 34 0 0 0 0 0 0 0 0 0 0 12 0 0 0 0 0 0 0 0 0 0 0 0 0 0 0 0 0 0 0 0 0 0 0 0 6 0 0 0 0 0 0 0 0 9 0 0 0 0 0 0 0 0 8 0 0 0 0 1 0 0 0 18 38 30 20 0 2 9 33 95 26 0 1 0 0 1 50 30 13 6 0 0 0 0 0 0 0 0 0 0 0 0 0 0 0 0 0 1 0 0 0 0 0 0 0 0 0 0 0 0 0 0 0 0 0 0 0 0 1 0 10 0 0 1 0 0 0 0 0 0 0 0 0 0 0 8 0 2 0 0 2 0 17 0 0 0 0 9 0 0 0 0 0 0 0 0 0 0 0 0 0 0 20 0 0 0 0 0 0 0 0 
 0 2 2 19 2 2 4 2 4 2 2 2 4 2 3 2 2 118 2 2 33 262 167 83 138 40 30 329 0 329 52 46 70 66 92 244 238 331 47 48 0 3 64 3 0 0 0 0 4 2 1 5 0 0 2 2 0 5 0 0 2 3 3 2 3 0 0 3 0 0 0 0 3 0 16 1 0 3 2 1 0 0 0 0 0 0 0 0 0 0 0 0 0 0 0 0 0 0 0 0 0 27 47 79 0 21 0 0 30 32 36 23 0 0 0 43 28 31 0 0 0 0 0 0 0 0 0 0 0 0 0 0 0 0 0 0 0 0 11 0 0 0 0 0 0 4 0 0 0 0 0 0 0 11 0 0 0 0 0 0 0 0 3 0 0 0 10 0 0 0 0 0 0 0 0 0 4 0 0 0 1 1 32 20 23 0 0 5 13 42 101 14 0 0 1 32 41 70 21 0 0 0 0 0 0 0 24 0 0 0 0 0 0 0 0 0 0 0 0 0 0 0 0 0 0 0 0 0 0 0 0 0 0 0 0 0 0 0 0 0 0 0 22 0 0 2 0 0 0 0 0 0 0 0 10 0 0 2 2 2 10 9 0 0 0 0 0 0 0 0 2 0 0 0 0 0 0 0 0 0 0 42 0 0 0 0 7 0 0 0 
 0 50 0 1 0 1 0 0 2 0 0 0 0 0 0 0 0 2 0 0 51 30 516 375 283 118 17 55 329 0 359 357 56 290 114 319 346 212 64 317 0 62 2 3 0 0 0 0 2 2 0 2 0 0 2 2 0 3 0 0 0 3 3 2 3 0 0 3 0 0 0 0 0 0 13 0 0 2 0 0 0 0 0 0 0 0 0 0 0 0 0 0 0 0 0 0 0 0 0 0 0 0 18 58 32 35 0 0 9 31 44 46 0 12 0 2 5 10 0 14 0 0 0 0 0 0 0 0 0 0 0 0 7 0 0 0 0 0 32 1 0 0 0 0 0 11 0 0 0 0 0 0 0 0 0 0 0 0 0 0 0 0 0 0 0 0 0 0 0 0 0 0 0 0 0 0 5 0 0 0 0 0 32 7 48 23 0 0 0 36 76 10 0 0 0 0 44 13 0 0 0 0 0 0 0 0 0 0 0 0 0 0 2 0 0 0 0 0 11 0 0 0 0 0 0 0 0 0 0 0 0 0 0 0 0 0 0 0 0 0 0 0 18 0 0 0 0 0 0 0 0 0 0 0 11 0 0 114 158 1 8 0 0 0 0 0 1 0 0 0 0 0 0 0 0 0 0 0 0 0 0 20 0 0 0 0 1 0 0 0 
 0 1 0 0 0 2 0 0 2 4 0 8 0 0 0 0 0 0 0 0 24 25 52 90 77 77 44 46 52 359 0 344 42 31 50 98 281 365 37 163 0 0 2 3 0 0 0 7 4 2 0 2 0 1 2 2 0 14 0 0 0 3 3 2 2 0 0 2 0 0 0 0 0 0 0 2 0 2 0 0 0 0 2 0 0 0 0 0 0 0 0 0 0 0 0 0 1 0 2 0 0 0 10 31 12 46 0 0 0 2 42 38 0 0 0 0 17 13 0 0 0 0 0 0 0 0 0 0 0 2 0 0 8 2 1 0 0 0 19 13 0 19 0 0 0 2 0 0 0 0 0 0 0 0 0 0 0 0 0 2 0 0 0 0 0 0 0 0 0 0 0 0 2 0 0 0 3 0 13 0 0 0 18 18 65 40 0 1 14 0 17 7 0 0 0 0 26 14 0 0 0 0 0 0 0 0 0 2 0 0 0 0 19 0 0 0 0 0 25 19 0 0 0 0 0 0 0 0 2 0 0 0 0 0 0 0 9 0 0 0 0 0 13 0 0 0 0 0 0 0 0 0 0 2 6 0 0 82 25 0 1 0 0 0 0 0 0 0 0 0 0 0 0 0 0 0 0 0 0 0 0 18 0 0 0 0 0 0 0 1 
 3 3 5 3 2 2 4 2 4 4 2 2 2 5 2 2 2 2 5 2 38 65 42 367 285 51 62 27 46 357 344 0 48 240 110 43 61 56 23 40 0 0 2 3 0 2 0 0 2 2 0 2 0 0 2 5 26 5 0 0 0 3 3 2 3 0 0 3 0 0 0 56 0 0 0 0 0 4 0 0 0 0 2 0 0 0 0 0 0 0 0 0 0 0 0 0 0 0 1 0 0 0 0 0 29 21 0 0 0 2 33 33 0 0 0 0 0 1 1 0 0 0 0 0 0 0 0 0 0 0 0 0 24 0 0 0 0 0 74 8 0 0 12 0 0 0 0 2 0 0 0 0 0 1 0 0 0 0 0 0 0 0 0 0 5 0 0 0 0 0 0 0 2 0 0 0 1 1 9 0 0 11 1 18 34 30 0 1 0 0 0 19 0 0 0 0 0 0 0 0 0 0 0 0 0 0 0 2 0 0 0 0 7 16 0 0 0 0 63 15 2 0 0 1 0 0 0 0 2 0 8 0 0 0 0 0 0 0 0 0 0 0 0 0 0 1 0 0 0 0 0 2 0 0 0 2 2 156 154 0 5 2 0 0 0 0 0 0 0 9 0 0 0 0 0 0 0 0 0 0 0 0 0 1 0 0 0 0 0 0 
 1 0 0 0 0 6 0 0 0 1 0 0 0 2 0 0 74 0 3 0 84 48 44 75 79 23 488 107 70 56 42 48 0 102 24 325 28 32 439 306 0 0 2 7 0 0 0 0 2 2 6 2 0 0 2 2 2 3 0 62 0 3 3 2 3 0 0 3 0 0 0 0 0 0 0 0 0 0 0 0 0 0 12 0 1 11 0 0 0 0 0 0 0 0 0 0 2 0 0 0 26 1 0 0 0 0 29 18 1 0 0 0 2 47 43 0 0 0 0 40 0 0 0 0 0 2 0 0 0 1 0 0 0 1 2 0 0 0 0 0 0 0 0 0 0 0 0 0 0 0 0 0 0 0 0 0 0 0 0 1 0 0 0 0 0 0 0 0 0 0 0 4 0 0 0 0 0 0 0 19 45 20 0 0 0 0 7 40 0 0 0 0 12 33 35 0 9 0 19 29 0 0 0 0 0 0 0 0 0 1 0 0 0 0 0 0 0 0 0 0 0 12 0 0 2 0 0 0 0 0 0 0 0 0 0 0 0 0 0 0 0 0 0 0 0 2 0 0 0 0 0 0 0 0 5 2 0 0 0 0 0 0 0 0 0 0 0 0 0 0 0 0 0 0 0 0 0 6 0 0 0 0 0 0 0 0 0 0 0 1 
 0 0 2 0 1 0 0 0 0 0 0 0 3 2 0 0 0 3 42 20 179 136 46 68 52 49 365 482 66 290 31 240 102 0 417 34 36 42 77 374 0 0 2 3 0 0 0 0 2 2 1 2 0 0 2 2 3 3 0 0 0 3 3 2 3 1 0 3 0 0 0 0 3 36 0 1 15 0 0 5 0 0 0 0 0 0 0 0 0 0 0 0 0 0 0 0 0 0 22 0 30 3 23 0 0 2 13 73 33 12 0 0 0 15 30 22 29 10 0 13 0 0 0 0 0 0 0 0 0 0 0 0 0 0 0 0 0 0 0 0 13 0 0 0 0 0 0 0 0 0 0 0 0 6 0 0 0 0 0 0 0 0 3 0 0 0 0 0 0 0 0 4 0 2 0 21 0 0 0 0 31 33 12 0 0 16 9 80 73 15 0 0 0 0 28 12 18 0 0 0 0 0 0 0 0 0 0 0 0 0 0 0 0 0 0 0 0 0 0 0 0 0 0 0 0 0 0 0 0 0 0 0 0 1 0 10 0 1 0 0 0 0 0 0 0 1 0 0 0 0 0 1 0 0 10 3 3 0 0 1 0 0 1 0 0 0 8 0 0 0 0 0 0 0 0 0 0 0 0 0 0 0 0 0 0 0 0 0 0 0 
 1 0 0 0 0 0 0 0 0 0 0 0 4 2 0 0 0 0 0 3 354 300 39 283 507 49 58 382 92 114 50 110 24 417 0 175 59 119 58 101 0 0 2 3 0 0 0 0 2 2 0 2 0 1 3 46 0 3 0 0 1 2 2 2 3 0 0 3 0 0 0 0 27 0 0 0 1 0 0 4 0 0 0 0 0 0 0 0 0 0 0 0 0 0 0 16 0 0 0 0 13 41 29 0 0 2 0 55 30 9 10 0 0 10 31 29 32 46 0 0 0 0 0 0 0 0 0 0 0 1 0 0 0 0 0 0 0 0 0 0 0 0 0 0 0 0 0 0 0 0 0 0 0 3 0 0 0 0 0 0 0 0 13 0 0 0 0 0 0 0 0 4 0 0 0 0 0 0 0 1 19 39 51 16 0 9 10 20 55 22 0 0 0 0 1 62 21 8 0 0 0 0 12 0 0 0 0 0 0 0 0 0 25 0 0 0 0 0 0 0 0 0 0 0 0 0 0 0 0 0 0 0 0 0 0 0 0 2 0 0 0 0 0 0 0 0 0 0 0 0 0 0 0 0 7 2 2 0 0 2 4 12 0 0 0 0 11 0 0 0 0 0 0 0 0 0 0 0 0 0 0 11 0 0 0 0 0 0 0 0 
 2 0 0 0 0 0 0 0 0 31 0 0 0 0 0 0 0 0 0 0 38 294 187 53 87 80 39 475 244 319 98 43 325 34 175 0 289 348 32 42 0 0 2 3 0 0 0 0 3 2 0 2 0 0 2 2 6 5 0 0 0 3 3 2 2 0 0 2 0 0 29 0 4 0 5 2 0 0 0 0 0 11 0 0 0 15 0 0 0 0 0 0 0 0 0 0 1 0 0 0 0 74 22 48 0 14 0 0 24 62 54 32 0 0 0 34 27 33 0 0 0 0 0 0 0 0 0 0 0 2 0 0 1 2 1 0 0 0 0 0 0 0 0 0 0 4 0 0 0 0 0 0 0 0 0 0 0 0 0 2 0 0 3 31 0 0 0 0 0 0 0 0 0 0 0 0 6 1 0 0 0 9 70 21 26 0 0 0 14 36 39 50 0 0 0 54 36 26 0 0 0 0 0 0 0 0 0 0 0 2 0 0 0 0 0 0 0 0 0 0 0 0 0 0 1 0 0 0 0 0 0 0 0 0 0 0 0 0 0 0 0 0 17 0 0 1 0 0 0 0 0 0 0 0 7 0 0 2 2 0 8 19 0 0 0 0 0 0 0 0 0 0 0 0 0 0 0 0 0 0 0 25 0 0 0 0 20 0 0 1 
 0 4 3 4 4 1 2 1 2 3 2 2 1 2 4 2 2 4 3 7 36 199 282 222 50 67 45 54 238 346 281 61 28 36 59 289 0 497 22 39 0 2 2 6 2 0 0 0 2 2 0 5 0 3 2 4 2 6 0 0 0 3 3 2 3 3 2 6 0 2 3 4 0 0 4 3 0 0 0 1 0 0 0 0 0 0 0 9 0 0 0 0 0 0 0 0 2 0 0 0 0 10 25 72 14 13 0 0 7 41 46 69 2 0 0 41 14 30 0 0 0 0 0 0 0 2 0 0 0 1 0 0 0 0 2 0 0 0 9 0 0 0 0 0 0 7 9 0 0 0 0 0 0 0 0 0 0 0 0 0 0 0 7 0 0 0 5 0 0 0 0 23 1 0 0 0 8 0 0 0 0 0 22 31 55 13 0 0 14 26 37 22 0 0 0 21 45 35 0 0 0 0 0 0 0 0 0 0 0 1 0 0 2 0 0 0 0 0 0 1 0 0 0 0 2 0 0 0 1 0 0 0 0 0 0 0 0 0 0 0 0 0 9 0 0 3 0 0 0 0 0 0 0 0 14 0 2 76 76 1 7 11 0 0 0 0 0 0 0 0 1 0 0 0 0 0 0 0 0 0 0 24 0 0 0 0 20 0 0 0 
 4 0 207 0 0 99 2 0 0 0 0 0 0 1 0 0 0 2 0 0 249 269 354 330 56 57 44 266 331 212 365 56 32 42 119 348 497 0 253 30 0 0 2 3 0 0 0 0 2 65 0 2 0 0 2 2 0 3 0 0 0 3 3 2 3 0 0 3 0 0 0 0 0 0 3 1 0 0 0 0 0 0 0 0 0 0 0 0 0 0 0 0 0 0 0 0 0 2 0 0 0 37 52 47 13 9 8 9 7 34 29 32 0 1 0 15 21 16 0 0 0 0 0 0 0 0 0 0 0 0 0 0 0 0 0 0 0 18 21 0 0 0 0 0 0 4 0 0 0 0 0 0 0 0 0 0 10 0 0 0 0 0 2 0 0 0 0 0 0 0 0 0 0 0 0 0 3 0 0 0 0 0 8 24 26 19 1 0 1 29 48 21 0 0 0 1 23 22 0 0 0 0 0 0 9 0 0 0 0 0 0 0 1 0 0 0 0 0 0 0 0 0 0 0 0 0 0 0 0 0 0 0 0 0 0 0 0 1 0 0 0 0 10 0 0 0 0 0 0 0 0 0 0 0 7 0 0 145 145 1 13 0 0 0 0 0 0 0 0 0 0 0 0 0 0 0 0 0 0 0 0 17 0 0 0 0 15 0 0 0 
 2 0 0 0 1 300 0 0 3 0 0 1 0 0 6 0 0 2 0 0 154 37 61 47 45 37 269 60 47 64 37 23 439 77 58 32 22 253 0 333 0 0 2 10 0 0 0 199 3 2 17 3 0 0 2 2 0 3 0 0 0 3 3 2 2 0 0 2 0 0 0 0 0 0 0 2 1 0 0 0 0 0 0 0 0 7 0 0 0 0 0 0 0 0 0 0 0 0 0 0 26 0 0 0 0 0 73 0 0 0 0 0 41 63 70 0 1 0 0 23 0 0 0 0 0 0 0 0 0 0 0 0 0 0 0 0 0 0 0 0 0 0 0 0 0 0 0 0 0 1 0 0 0 0 0 0 0 0 0 1 0 0 0 0 1 1 0 0 0 0 2 0 0 0 0 0 0 0 0 7 12 3 0 0 0 0 30 4 0 0 0 0 61 33 19 0 0 1 34 37 0 0 0 0 0 0 0 0 0 0 0 13 0 15 0 0 0 0 0 0 0 0 0 0 0 0 0 0 0 0 0 0 0 0 0 0 0 0 0 0 0 0 0 0 0 0 0 0 0 0 0 0 0 0 7 2 1 0 0 0 2 4 0 0 0 0 0 0 0 0 0 0 0 0 0 0 0 0 0 0 0 0 0 0 0 0 0 0 0 0 
 0 0 2 0 5 0 0 0 0 0 0 0 1 0 0 0 0 0 2 2 178 35 46 277 275 117 281 70 48 317 163 40 306 374 101 42 39 30 333 0 0 0 2 6 0 2 0 2 3 3 6 2 2 1 2 2 1 3 0 65 0 3 3 2 2 0 3 1 0 0 0 51 3 0 0 2 2 0 0 2 0 0 0 0 0 11 0 0 0 0 0 0 0 0 0 0 0 0 0 0 34 0 0 0 0 0 22 34 1 31 0 0 0 31 49 0 1 0 0 42 0 0 0 0 0 0 0 1 0 0 2 0 0 0 0 0 0 0 0 0 0 0 0 0 0 0 0 0 0 0 0 1 0 0 0 0 0 0 0 0 0 0 1 0 12 0 0 0 0 0 1 5 0 0 0 0 0 0 0 12 49 12 0 0 0 0 11 22 0 10 0 0 6 71 36 0 1 0 3 35 0 0 0 0 0 0 0 0 0 0 0 2 0 0 0 0 0 0 0 0 0 0 11 0 0 0 0 0 0 0 0 0 0 0 0 0 0 0 0 0 0 0 0 0 0 0 0 0 0 0 0 0 0 0 18 3 0 0 0 0 4 0 0 0 0 0 0 0 0 0 12 0 0 0 0 0 0 0 0 0 0 0 0 0 2 0 0 0 0 0 
 0 2 2 2 2 2 2 2 2 2 2 2 2 59 2 2 2 2 2 2 62 0 0 0 0 0 0 0 0 0 0 0 0 0 0 0 0 0 0 0 0 95 147 44 33 43 348 289 259 53 54 245 78 168 317 40 52 251 38 278 0 1 0 0 0 0 0 0 0 0 0 0 0 0 0 6 0 0 0 0 0 0 0 0 0 0 7 0 0 0 0 0 0 0 0 0 0 0 0 0 0 0 0 0 0 0 0 7 0 0 0 0 0 0 0 0 0 0 0 0 33 30 70 18 0 0 39 40 64 5 1 0 0 7 35 29 25 44 0 1 0 0 0 0 0 0 0 0 0 0 0 0 0 0 0 7 0 0 0 13 0 0 0 0 0 0 0 0 0 0 0 0 0 0 0 0 0 0 0 0 0 0 0 0 0 0 0 0 0 0 0 0 0 0 0 0 7 0 0 0 0 22 67 0 11 0 13 19 8 5 0 0 0 18 12 26 40 0 0 0 0 0 0 0 0 0 0 0 0 0 0 0 0 0 0 0 0 0 0 0 0 0 0 0 0 0 0 0 0 0 0 0 0 0 0 0 0 0 0 0 13 0 0 0 2 5 0 0 1 0 0 0 0 0 0 0 0 0 0 0 0 0 0 0 0 0 0 0 0 0 
 0 0 0 0 0 0 3 0 0 0 0 0 0 2 0 0 0 0 2 0 0 0 0 6 0 0 0 0 3 62 0 0 0 0 0 0 2 0 0 0 95 0 364 55 41 56 61 299 456 58 38 39 66 30 289 298 110 37 43 45 1 1 1 0 35 10 3 0 1 0 0 6 0 0 2 2 0 4 0 3 0 0 0 0 0 0 0 0 0 0 0 0 0 0 0 0 0 0 0 0 0 0 0 0 0 0 0 0 0 0 0 0 0 0 0 0 0 0 0 0 0 0 52 91 2 0 0 24 11 3 20 53 0 0 44 10 22 27 0 0 0 0 0 2 7 14 0 0 0 23 15 5 0 0 0 4 0 0 0 0 0 0 0 0 0 0 0 0 0 0 0 0 7 4 0 0 0 0 0 0 0 0 0 0 0 0 0 0 0 0 0 0 0 0 4 0 0 0 0 8 0 24 0 25 14 1 0 57 28 16 24 7 0 0 9 72 27 39 0 0 0 0 0 0 0 0 0 0 0 0 0 1 3 0 0 0 37 0 22 0 0 0 20 0 0 0 0 0 0 0 0 8 0 0 0 0 0 0 0 0 0 0 0 0 0 7 0 0 0 0 3 0 0 0 0 0 4 8 0 0 0 0 0 0 11 15 0 0 0 0 
 0 0 0 28 0 0 58 0 0 0 0 0 2 0 1 0 4 2 0 6 2 2 2 2 2 2 2 2 64 2 2 2 2 2 2 2 2 2 2 2 147 364 0 118 69 35 272 343 211 323 258 47 67 75 318 197 180 230 40 34 0 0 0 0 15 0 1 0 0 0 0 0 0 0 3 0 51 0 0 0 0 0 0 0 0 0 0 0 0 0 0 0 0 0 0 0 0 0 0 0 0 0 0 0 0 0 0 0 0 0 0 0 0 0 0 0 0 0 0 0 0 0 1 30 18 0 0 1 0 22 18 26 0 0 0 20 30 9 8 0 0 0 0 0 0 0 0 0 0 0 7 14 0 5 0 6 0 0 0 0 0 0 0 0 0 0 0 0 0 0 0 0 1 1 2 0 0 0 0 0 0 0 0 0 0 0 0 0 0 8 0 0 0 0 0 0 0 0 0 0 0 1 0 23 8 0 0 0 33 57 27 19 0 0 1 42 0 36 0 0 8 0 0 0 0 0 0 0 0 0 0 0 0 0 0 0 0 9 1 0 0 0 10 0 0 0 0 0 0 0 0 2 0 0 0 0 0 0 0 1 2 0 1 1 0 8 0 2 0 0 17 0 0 0 0 0 0 0 0 0 0 0 0 0 12 24 0 0 0 0 
 2 3 3 3 4 3 3 3 3 3 3 3 6 3 3 3 3 3 3 3 3 3 3 67 28 3 4 3 3 3 3 3 7 3 3 3 6 3 10 6 44 55 118 0 364 21 318 83 92 266 153 248 112 82 57 61 102 482 69 122 0 0 0 0 1 0 4 0 0 0 0 0 0 30 0 0 0 0 0 0 0 0 0 0 0 5 0 0 0 0 0 0 0 0 0 0 0 0 0 0 3 0 0 0 0 0 3 2 1 0 0 0 0 5 4 0 0 0 0 3 0 0 1 1 31 59 0 0 0 9 36 0 0 0 0 0 0 0 0 0 0 0 0 13 0 0 48 0 0 0 0 3 0 0 0 0 0 0 30 30 0 0 0 0 0 1 0 0 0 0 0 0 0 0 4 0 0 0 0 0 1 6 0 0 0 7 0 17 0 0 0 0 0 2 1 19 0 0 0 3 0 0 0 8 21 11 0 0 1 18 5 21 0 0 1 0 0 1 0 0 0 0 0 0 0 0 0 0 0 0 0 0 17 0 22 0 0 0 38 0 0 0 0 0 0 0 0 0 0 0 0 0 0 0 0 0 0 0 0 6 0 0 10 45 0 0 0 8 1 0 19 0 0 0 0 0 0 0 0 0 0 0 0 0 0 12 0 0 0 0 
 0 3 3 3 3 2 3 2 3 3 3 3 5 3 3 3 3 6 7 9 0 0 0 0 0 212 0 0 0 0 0 0 0 0 0 0 2 0 0 0 33 41 69 364 0 265 279 88 78 298 104 341 61 67 85 101 272 263 86 75 0 0 0 0 3 0 0 0 0 0 0 0 2 0 0 0 0 0 8 0 1 0 0 0 0 0 5 0 0 0 0 0 3 70 0 0 3 0 1 0 0 0 0 0 0 0 0 0 0 0 0 0 0 0 0 0 0 0 0 0 0 0 0 0 73 28 0 0 0 0 18 0 0 0 11 0 0 0 0 0 1 21 0 9 0 0 22 0 0 0 0 0 2 0 1 0 0 0 42 51 0 0 0 12 0 0 1 0 0 0 0 0 5 3 0 0 0 0 1 5 0 0 0 0 0 0 0 0 0 0 0 0 0 0 0 0 0 0 0 0 0 0 6 0 29 10 0 0 0 0 0 2 0 0 0 0 0 0 0 0 10 10 0 0 0 0 37 0 10 0 0 0 25 77 0 22 0 0 9 65 0 0 0 0 0 0 0 0 0 0 0 5 0 0 0 0 0 0 0 9 0 0 3 1 0 4 3 1 0 0 0 0 0 0 0 0 0 0 0 0 0 0 0 0 0 0 0 0 0 0 
 0 0 0 0 2 0 0 0 0 0 0 0 0 0 0 0 0 0 2 3 0 0 0 0 0 0 0 0 0 0 0 2 0 0 0 0 0 0 0 2 43 56 35 21 265 0 273 328 61 45 74 46 33 77 70 67 276 42 52 47 0 3 57 2 0 0 0 2 2 8 2 1 0 0 0 7 9 5 124 0 0 0 0 0 0 0 0 0 0 0 0 0 0 0 0 0 0 0 0 0 0 0 0 0 0 0 0 0 0 0 0 0 0 0 0 0 0 0 0 0 0 0 0 6 0 12 0 0 0 0 0 0 0 0 0 0 20 0 19 0 10 6 0 7 0 0 14 0 0 0 0 12 7 0 10 0 0 0 11 0 0 0 0 0 0 0 0 0 0 0 0 0 0 0 0 0 0 0 0 0 0 0 0 0 0 0 0 0 0 0 0 0 0 0 0 0 0 0 0 0 0 0 0 0 0 0 0 0 0 0 0 0 0 0 0 0 0 0 0 0 25 13 3 2 7 6 24 0 12 0 11 7 18 9 0 0 9 7 13 39 0 0 0 0 0 0 0 0 2 0 0 23 0 0 0 0 0 0 0 0 0 0 4 0 0 3 11 0 5 0 11 0 0 0 0 6 0 0 0 0 0 0 0 0 0 0 0 0 0 0 
 0 0 0 0 0 0 2 0 0 0 31 0 0 0 0 0 0 0 0 7 0 0 0 0 1 1 0 0 0 0 0 0 0 0 0 0 0 0 0 0 348 61 272 318 279 273 0 291 48 31 37 35 389 262 75 44 43 247 79 235 1 6 10 4 0 0 0 0 0 11 32 1 0 0 0 13 2 35 2 0 12 0 0 0 0 0 0 0 0 0 0 0 0 0 0 0 0 0 0 0 0 0 11 0 0 0 0 0 0 0 0 0 0 0 0 0 0 0 0 0 32 17 1 1 0 0 17 16 25 10 0 0 0 19 9 12 22 23 0 9 0 0 0 4 1 0 0 0 0 0 0 7 19 0 0 0 0 0 0 0 0 0 0 0 0 0 0 0 0 0 0 0 0 0 0 0 0 0 0 0 0 0 0 0 0 0 0 0 0 0 0 0 0 0 0 0 0 0 0 0 2 30 27 0 8 0 20 21 13 18 0 0 0 28 19 0 15 0 0 12 0 0 0 0 8 8 0 0 0 1 8 7 0 0 0 0 3 8 0 0 0 0 1 0 0 0 0 0 0 0 0 4 0 0 0 0 0 0 0 0 0 0 0 0 0 2 38 0 0 0 6 0 0 0 0 8 0 0 0 0 0 0 0 0 0 0 0 0 0 0 
 0 0 0 0 2 0 0 0 0 0 0 0 0 0 0 0 0 30 4 3 0 0 0 0 0 0 0 0 0 0 7 0 0 0 0 0 0 0 199 2 289 299 343 83 88 328 291 0 179 46 273 35 368 305 156 332 234 68 48 79 0 0 0 0 3 0 0 0 0 0 0 0 0 0 0 4 0 0 0 0 0 0 0 0 0 0 0 0 0 0 0 0 0 0 0 0 0 0 0 0 0 0 0 0 0 0 0 0 0 0 0 0 0 0 0 0 0 0 0 0 11 2 27 31 0 1 0 17 22 16 15 34 0 0 22 29 36 53 0 0 0 0 0 0 0 0 21 0 6 0 19 0 0 0 0 4 0 0 0 0 20 0 0 0 0 0 0 0 0 0 0 0 2 2 0 9 0 0 0 0 0 0 0 0 0 0 0 0 0 0 0 0 0 0 0 0 0 0 0 0 0 33 31 4 1 0 0 12 12 64 4 7 0 0 27 32 16 1 0 0 0 0 0 0 0 0 0 0 0 0 0 0 0 0 0 0 0 0 0 0 0 0 9 0 0 0 0 0 0 0 0 2 0 2 0 0 0 0 0 0 0 0 0 0 0 10 1 0 1 0 0 0 0 0 0 0 0 0 0 0 0 0 6 0 6 0 0 0 0 0 
 0 3 3 3 66 3 5 3 66 3 3 3 3 3 3 3 3 3 3 3 2 3 2 7 2 15 2 2 4 2 4 2 2 2 2 3 2 2 3 3 259 456 211 92 78 61 48 179 0 243 259 461 84 112 392 270 330 224 320 55 0 0 0 0 31 0 0 2 2 0 0 0 0 0 0 2 0 0 2 0 0 0 0 0 0 0 0 0 0 0 0 0 0 0 0 0 0 0 0 0 0 0 0 0 0 0 0 0 0 0 0 0 0 0 0 0 0 0 0 0 11 0 9 69 36 3 2 18 1 23 19 43 8 7 22 25 29 8 0 0 0 0 0 0 0 0 0 0 0 0 9 4 0 0 0 2 0 0 0 0 0 0 0 0 0 0 0 0 0 0 0 0 28 3 4 0 0 0 0 0 0 0 0 0 1 0 0 0 0 0 0 0 0 0 0 0 0 0 0 0 11 3 0 13 10 0 0 16 39 25 17 19 0 5 14 24 0 46 0 9 0 20 0 0 0 0 0 0 0 0 0 0 0 0 0 0 0 0 0 0 0 0 20 0 0 0 0 0 0 20 0 0 0 2 0 0 0 0 0 2 0 0 2 2 0 13 0 0 0 0 26 0 0 0 0 0 0 0 0 0 0 0 0 0 7 0 0 0 0 0 
 0 2 2 2 63 2 2 2 2 2 2 2 4 2 2 2 2 2 2 2 2 2 2 2 2 5 2 2 2 2 2 2 2 2 2 2 2 65 2 3 53 58 323 266 298 45 31 46 243 0 279 262 48 160 85 272 172 321 84 59 1 0 0 0 24 1 7 3 0 0 0 0 0 2 28 0 1 0 2 0 0 0 0 0 0 0 0 0 0 0 0 0 0 8 0 0 0 0 0 0 9 0 0 0 0 0 0 0 6 0 0 0 0 0 0 0 0 0 0 0 7 0 0 21 35 25 0 0 0 3 8 16 29 14 3 2 0 41 0 0 0 0 0 1 0 0 0 0 0 0 3 7 0 0 0 0 0 10 1 19 7 0 0 0 0 0 0 0 0 0 0 0 2 2 5 0 0 0 0 0 0 0 0 0 0 0 0 0 0 0 0 0 0 0 0 0 0 0 0 0 5 0 0 53 12 16 5 12 19 21 48 29 0 4 10 0 0 45 0 8 0 0 0 0 0 0 1 0 0 0 0 0 0 0 0 0 0 0 16 7 0 0 0 0 0 0 0 0 0 0 0 7 0 0 0 0 0 0 0 21 0 0 67 69 3 11 0 72 0 0 14 0 0 0 0 0 0 0 0 0 0 0 0 0 20 21 0 0 0 0 
 0 3 0 0 0 0 1 0 0 0 0 0 0 0 0 0 0 0 0 0 2 0 0 4 0 0 4 0 1 0 0 0 6 1 0 0 0 0 17 6 54 38 258 153 104 74 37 273 259 279 0 330 27 36 59 115 370 238 54 48 0 0 0 0 0 0 4 0 0 0 0 0 0 0 0 0 0 0 1 0 0 0 0 0 0 7 0 0 0 0 0 0 0 0 0 0 0 0 0 0 6 0 0 0 0 0 5 6 0 0 0 0 0 9 9 0 0 0 0 5 0 0 0 0 59 26 0 0 0 12 0 0 0 2 0 5 0 0 0 0 0 10 0 7 0 0 0 0 0 0 0 2 0 0 0 0 0 0 42 27 0 7 0 0 0 0 0 0 0 0 0 0 25 0 56 0 0 0 0 0 5 7 0 0 0 0 0 8 2 0 0 0 0 4 4 2 0 0 0 17 0 0 0 10 27 21 0 0 0 35 8 10 0 0 0 0 0 4 10 0 0 0 27 0 0 0 1 0 0 0 0 0 16 0 0 20 22 0 17 0 0 0 0 0 0 0 0 0 0 2 0 4 0 2 0 0 0 0 0 28 0 0 6 4 0 0 0 39 2 0 15 0 0 0 0 15 0 0 0 0 0 3 0 0 0 13 0 0 0 0 
 0 2 2 2 2 43 5 2 3 2 2 2 2 2 2 2 2 2 2 2 2 2 3 12 2 8 2 3 5 2 2 2 2 2 2 2 5 2 3 2 245 39 47 248 341 46 35 35 461 262 330 0 24 42 52 27 63 291 57 29 0 0 0 0 0 0 0 0 0 0 0 0 0 0 0 1 0 0 35 0 0 0 0 0 0 10 0 0 0 0 0 0 0 0 0 0 0 0 0 0 0 0 0 0 0 1 0 0 0 0 0 0 21 0 0 0 0 0 0 0 0 0 0 1 43 40 0 0 0 0 0 0 0 3 0 0 0 0 4 0 0 47 0 7 0 0 1 0 0 10 0 0 0 0 0 0 0 0 45 32 0 0 0 0 0 0 0 0 0 0 0 0 0 0 0 0 0 0 0 0 0 0 0 0 11 12 7 0 0 0 0 0 0 0 13 0 0 0 0 0 0 0 0 11 26 25 13 0 0 0 11 0 3 1 0 0 0 0 8 18 0 0 0 0 0 0 21 0 0 0 0 0 39 0 0 0 0 0 13 30 0 0 0 0 0 0 0 0 0 1 0 2 0 0 0 0 2 0 0 20 0 0 62 66 0 3 5 96 0 0 0 0 2 0 0 0 0 0 0 0 0 0 0 0 0 1 0 0 0 0 
 0 0 0 0 2 0 0 0 0 0 0 0 0 0 0 0 0 0 2 3 0 0 67 0 0 14 0 0 0 0 0 0 0 0 0 0 0 0 0 2 78 66 67 112 61 33 389 368 84 48 27 24 0 74 30 51 22 37 321 306 0 9 0 0 0 0 0 0 0 0 0 2 6 0 2 0 4 1 2 0 0 0 0 0 0 0 0 0 0 34 0 0 0 0 0 0 0 0 0 0 0 1 0 0 0 0 0 0 0 0 0 0 0 0 0 0 0 0 0 0 23 39 2 0 0 0 34 22 20 0 0 0 7 27 13 3 14 0 0 19 0 0 0 0 0 0 0 0 0 0 0 0 0 0 0 0 0 13 0 0 0 0 0 0 0 0 0 0 0 0 0 0 0 0 0 0 0 0 0 0 0 0 0 0 11 0 0 0 0 0 0 0 0 0 0 0 0 0 0 0 25 8 0 0 7 0 46 36 11 0 0 0 1 25 6 1 32 0 0 40 0 0 0 0 0 0 0 0 0 0 0 0 0 0 0 0 0 0 0 0 0 0 0 0 0 0 0 0 0 0 0 4 0 0 0 0 0 0 0 0 0 0 0 0 0 3 0 0 0 0 0 0 0 0 0 0 0 0 0 0 0 0 0 0 0 0 0 0 0 0 
 0 0 1 2 61 0 0 0 1 0 0 1 0 0 3 1 0 4 0 0 0 0 0 0 0 0 0 1 0 0 1 0 0 0 1 0 3 0 0 1 168 30 75 82 67 77 262 305 112 160 36 42 74 0 321 249 249 252 314 248 4 2 0 0 0 0 0 0 0 1 3 0 0 0 3 6 0 0 5 6 0 0 0 0 0 0 0 0 0 0 0 0 0 0 0 0 0 0 0 0 0 0 0 0 0 0 0 0 0 0 0 0 0 0 0 0 0 0 0 0 18 21 54 31 0 0 32 57 49 22 1 3 0 20 33 22 22 40 0 1 0 0 0 0 0 17 0 0 0 0 0 0 0 0 0 1 0 0 0 0 0 0 0 0 0 0 0 0 0 0 0 0 0 0 0 0 0 0 0 0 0 0 0 0 0 0 0 0 0 0 0 0 0 0 0 0 0 0 0 0 2 27 17 1 11 0 0 12 14 15 0 0 0 18 60 17 48 4 0 14 0 0 0 0 0 0 0 0 0 0 0 0 0 0 0 0 0 0 0 0 0 0 0 0 0 0 0 1 0 0 0 4 0 1 0 0 0 0 0 1 0 0 1 0 4 2 1 0 2 0 0 0 2 0 0 0 0 0 0 0 0 0 0 0 0 0 0 0 0 0 
 3 0 0 0 0 0 0 0 0 0 3 0 0 2 0 0 0 0 86 0 2 2 2 2 2 2 2 3 2 2 2 2 2 2 3 2 2 2 2 2 317 289 318 57 85 70 75 156 392 85 59 52 30 321 0 186 104 47 85 83 14 2 6 1 8 1 1 0 1 5 2 0 0 0 0 12 5 5 0 0 0 0 0 0 8 0 0 0 0 0 0 0 0 0 0 0 0 0 0 0 0 0 0 0 0 0 0 0 0 15 0 0 0 0 0 0 0 0 0 0 14 0 16 67 0 0 0 54 30 21 8 36 0 0 26 36 50 29 0 0 0 0 0 21 0 0 0 0 0 0 5 12 0 0 0 5 0 0 0 0 0 0 0 0 0 0 0 0 0 0 0 0 2 2 0 0 0 0 0 0 0 0 0 0 0 0 0 0 0 0 0 0 0 0 0 0 0 0 0 0 0 14 39 0 0 0 0 10 13 70 0 0 0 0 29 37 32 6 0 0 0 0 0 1 7 4 0 0 0 0 6 6 0 0 0 0 2 4 1 0 0 0 20 0 0 0 0 0 0 0 0 6 0 0 0 0 0 0 0 0 0 0 2 0 0 11 10 0 0 0 10 0 0 0 0 6 0 0 0 0 0 0 0 0 0 0 0 0 0 6 
 0 0 0 0 0 0 0 0 0 0 0 0 3 0 0 0 0 0 0 6 2 2 2 2 2 2 2 2 2 2 2 5 2 2 46 2 4 2 2 2 40 298 197 61 101 67 44 332 270 272 115 27 51 249 186 0 112 390 73 60 23 0 0 0 8 0 11 0 0 0 0 0 5 3 4 0 0 0 0 2 0 0 0 0 0 0 0 0 0 0 0 0 0 0 0 0 0 0 0 0 0 0 0 0 12 0 0 0 0 0 0 0 0 14 0 0 0 0 7 0 0 0 19 72 31 2 0 2 19 43 7 34 0 8 9 20 18 40 0 0 0 4 6 0 0 0 0 0 14 2 11 7 4 0 3 18 2 4 0 1 0 0 0 0 0 0 0 0 0 0 0 0 3 3 8 0 0 0 0 0 0 0 0 0 0 0 0 0 0 0 0 0 0 0 0 0 0 0 0 0 0 1 0 30 3 0 0 45 55 13 22 22 0 0 4 67 17 53 0 0 0 1 1 0 0 0 0 0 17 0 0 0 1 5 3 0 0 0 1 0 0 0 19 0 0 0 0 0 0 0 0 5 0 0 0 0 0 0 0 1 0 0 1 1 0 11 0 10 0 0 19 0 3 0 0 0 0 0 0 0 0 0 0 0 14 25 0 0 0 0 
 0 0 2 0 0 9 0 0 0 0 0 0 2 0 0 0 0 0 1 0 0 0 0 3 0 0 1 1 0 0 0 26 2 3 0 6 2 0 0 1 52 110 180 102 272 276 43 234 330 172 370 63 22 249 104 112 0 181 240 18 0 0 0 5 0 0 0 0 0 5 5 5 0 0 7 4 0 0 0 2 0 0 0 0 0 0 0 0 0 0 0 0 0 0 0 0 0 0 0 0 0 0 0 0 0 0 0 0 0 0 0 0 11 0 0 0 0 0 0 0 0 0 0 26 0 46 0 0 0 12 1 27 0 0 0 10 0 7 16 0 0 0 0 2 0 0 0 0 0 0 0 6 0 0 0 0 0 0 0 0 0 0 0 0 0 0 0 0 0 0 0 0 11 3 4 0 0 9 0 0 0 0 0 0 0 0 0 0 0 0 0 0 0 0 0 0 0 13 0 0 0 17 0 16 10 0 0 0 15 5 20 12 0 15 0 10 0 20 19 0 0 0 0 0 0 0 0 0 0 0 0 0 1 0 0 0 0 0 0 0 0 0 0 0 0 0 0 0 0 0 0 3 0 1 0 1 0 0 0 1 1 0 64 1 2 11 1 0 0 11 13 0 0 0 0 0 0 0 0 0 0 0 0 0 10 0 0 0 0 0 
 0 0 0 0 0 0 0 0 0 0 0 0 0 0 0 32 0 0 0 0 6 3 210 3 3 3 3 3 5 3 14 5 3 3 3 5 6 3 3 3 251 37 230 482 263 42 247 68 224 321 238 291 37 252 47 390 181 0 55 32 0 0 0 0 3 5 4 0 0 0 0 0 0 0 0 0 1 0 0 0 0 0 0 0 0 0 0 0 0 0 0 0 0 0 0 0 0 0 0 0 0 0 0 0 0 0 0 0 0 0 0 0 0 6 0 0 0 0 0 0 0 0 0 21 5 63 0 0 0 3 22 35 0 0 0 2 1 13 0 0 0 0 0 1 0 0 0 0 0 0 3 7 0 0 0 0 0 0 1 1 0 0 0 0 0 0 0 0 0 0 0 0 3 2 5 0 0 0 0 0 0 0 0 0 0 27 0 0 0 0 0 0 0 0 0 0 0 0 0 0 0 0 1 49 9 9 0 0 19 22 39 29 0 0 0 1 0 36 0 0 0 0 0 0 0 0 1 0 0 0 0 0 0 6 0 0 0 0 24 0 0 5 1 0 0 0 0 0 0 0 0 5 0 1 0 0 1 0 38 9 56 0 62 86 5 2 3 61 0 0 14 1 0 0 0 0 0 0 0 0 0 0 0 0 19 14 0 0 0 0 
 0 0 0 0 3 0 0 0 0 0 0 0 0 3 0 0 0 0 2 0 0 0 0 0 1 217 0 0 0 0 0 0 0 0 0 0 0 0 0 0 38 43 40 69 86 52 79 48 320 84 54 57 321 314 85 73 240 55 0 89 6 8 0 0 2 1 1 2 82 4 0 2 0 7 7 0 13 2 3 53 0 0 0 0 0 0 0 0 0 0 0 0 0 0 0 0 0 0 1 0 0 0 0 0 10 10 0 0 0 0 0 0 0 0 0 0 0 3 0 0 14 21 0 0 14 0 23 0 0 0 0 0 24 29 0 0 0 0 6 41 0 1 0 0 0 0 0 0 12 8 8 0 0 0 8 16 6 1 0 0 0 0 0 0 2 0 0 0 0 0 0 0 0 0 0 0 0 1 12 0 0 0 0 0 0 0 0 0 0 0 0 0 0 0 0 0 0 0 0 0 41 19 1 0 0 0 81 20 0 0 0 0 21 45 0 0 0 0 10 23 0 5 6 10 0 0 0 0 24 8 0 0 0 0 0 4 6 0 0 0 0 0 0 0 0 0 0 0 0 0 0 5 0 1 0 0 0 0 0 3 0 0 2 0 2 0 0 0 0 0 0 0 0 0 0 0 0 0 0 0 0 0 0 0 0 0 0 0 1 0 
 5 61 0 0 63 0 0 0 0 0 0 0 0 0 4 0 0 0 0 0 0 0 0 62 0 0 0 0 0 0 0 0 62 0 0 0 0 0 0 65 278 45 34 122 75 47 235 79 55 59 48 29 306 248 83 60 18 32 89 0 0 5 0 0 0 0 0 0 0 0 0 2 0 0 0 6 0 0 0 0 1 0 7 0 0 0 0 0 3 0 0 0 0 0 0 0 0 0 9 0 0 0 0 0 0 0 0 0 0 0 0 0 0 0 0 8 3 0 0 0 31 42 1 0 4 11 33 16 36 9 0 0 0 9 10 23 16 28 0 36 0 0 0 0 0 0 7 0 0 0 0 0 0 2 0 1 0 0 9 7 0 0 0 0 13 0 0 0 0 0 0 0 0 0 0 0 0 0 0 0 0 0 0 0 0 0 0 0 0 0 0 0 0 0 0 0 0 0 0 0 0 24 37 0 3 2 5 22 13 12 12 0 0 46 19 1 2 0 0 11 6 0 10 0 0 0 0 3 0 0 0 0 4 0 0 13 0 0 21 9 0 0 0 0 0 0 0 0 0 0 0 6 0 0 0 0 0 0 0 0 0 0 0 0 0 0 0 0 0 1 16 0 0 0 0 0 0 0 0 0 0 0 0 0 0 0 0 0 0 0 
 0 0 0 0 0 0 10 0 6 0 0 0 0 0 0 0 0 2 0 16 0 0 0 0 0 0 0 0 2 0 0 0 0 0 1 0 0 0 0 0 0 1 0 0 0 0 1 0 0 1 0 0 0 4 14 23 0 0 6 0 0 103 95 49 266 41 262 263 43 40 56 20 75 107 238 52 260 49 47 66 0 0 0 0 0 0 0 0 0 0 0 0 0 0 0 0 0 0 0 0 0 0 0 0 0 0 7 0 0 0 0 0 0 0 0 0 0 0 0 0 0 3 8 0 0 0 0 0 0 0 0 0 0 0 0 0 0 0 0 0 0 14 19 10 0 1 0 14 70 25 12 0 2 0 23 35 47 15 0 0 0 0 0 0 4 0 0 5 0 0 0 0 0 0 0 0 0 0 0 0 0 0 11 10 0 0 0 0 0 0 0 0 0 0 0 0 0 0 0 0 0 0 0 0 0 0 0 0 0 0 0 0 0 0 0 0 0 0 0 0 1 87 27 20 0 0 0 50 20 16 1 0 0 22 11 29 29 5 0 0 0 0 0 0 0 0 0 0 0 0 0 0 0 0 0 0 0 0 0 0 0 0 0 0 0 0 0 0 0 1 3 0 0 11 0 0 0 0 0 0 0 0 0 0 0 0 0 0 0 0 
 2 0 0 0 0 0 0 0 0 0 0 0 0 0 0 0 0 2 0 0 3 3 3 3 3 3 3 2 3 3 3 3 3 3 2 3 3 3 3 3 1 1 0 0 0 3 6 0 0 0 0 0 9 2 2 0 0 0 8 5 103 0 531 112 25 40 98 327 203 42 41 56 56 44 228 248 354 45 40 42 0 0 0 0 0 0 0 0 0 0 0 0 0 0 0 0 0 0 0 0 0 0 0 0 0 0 0 0 0 0 0 0 0 0 0 0 0 0 0 0 3 3 0 0 0 0 0 0 2 0 0 0 0 3 0 1 0 0 0 6 1 0 10 12 8 0 0 0 9 1 3 8 13 0 1 9 7 11 0 0 0 0 0 0 18 0 14 5 0 0 0 0 26 8 0 0 0 0 0 14 0 0 0 0 0 0 0 0 0 0 0 0 0 0 0 0 0 0 0 0 13 8 1 0 3 0 0 15 0 0 0 0 0 17 1 18 11 0 0 0 0 3 31 27 0 0 0 0 28 47 27 0 0 0 0 15 28 23 0 0 26 0 0 0 0 0 0 0 0 0 0 0 0 0 5 0 0 0 0 0 0 0 0 0 0 0 10 0 0 0 15 0 0 9 0 0 0 0 0 0 0 0 0 0 0 0 0 10 0 0 
