 0 441 62 37 32 21 555 413 56 57 244 22 69 155 513 24 31 40 32 147 0 0 0 0 2 0 0 0 0 0 0 0 0 0 2 0 0 0 0 0 0 0 0 0 2 2 0 0 2 1 0 0 0 0 0 64 0 0 0 0 0 0 3 0 0 0 0 0 0 0 0 0 0 0 0 0 0 2 0 0 40 43 27 0 0 12 11 70 0 12 0 0 0 44 38 56 20 10 0 25 0 0 19 0 0 0 0 0 0 0 0 0 0 0 0 0 0 0 0 0 0 0 0 0 0 0 0 0 2 0 0 0 0 0 0 0 0 0 0 0 0 0 9 0 0 0 0 0 0 0 0 0 0 0 0 0 0 1 0 0 56 44 11 0 0 0 9 10 11 3 3 0 0 55 48 13 22 0 0 10 0 0 0 0 0 0 0 0 0 0 0 0 0 0 0 0 0 0 0 0 0 0 0 0 0 0 0 0 0 0 0 0 0 0 0 0 0 0 0 0 0 0 0 0 0 0 0 0 0 0 0 0 0 0 0 0 0 10 0 0 0 0 0 0 0 2 0 0 2 0 2 7 0 0 0 0 0 0 0 0 0 0 0 0 0 0 0 0 0 0 0 0 0 0 0 0 0 0 0 0 0 0 0 0 0 0 0 0 0 0 
 441 0 668 323 41 30 90 454 581 253 29 38 482 41 556 295 303 42 37 266 0 0 0 0 3 0 0 0 0 0 0 0 2 0 208 0 0 2 1 2 0 0 0 0 3 2 0 0 2 0 0 0 0 0 0 62 0 0 0 0 0 0 10 0 0 0 0 0 0 0 0 0 0 0 0 0 0 2 0 0 1 41 19 37 0 3 0 6 29 80 2 8 0 1 10 32 23 74 0 0 0 0 0 0 0 0 0 0 0 0 0 0 0 0 0 0 0 0 0 0 50 0 0 0 0 0 0 0 0 0 0 0 0 0 0 0 0 0 0 0 0 0 0 0 0 0 0 0 0 0 0 0 0 0 0 0 0 0 0 0 0 23 28 31 0 0 0 7 36 9 32 0 0 0 31 11 17 12 0 0 0 0 0 0 0 0 0 0 0 0 0 0 1 0 0 0 7 0 0 0 0 0 0 0 0 0 0 0 0 0 0 0 0 0 0 0 0 0 0 0 0 0 0 0 0 0 0 0 0 0 0 0 0 0 18 0 0 0 0 0 0 15 0 0 0 2 2 0 1 0 0 7 2 0 0 0 0 0 0 0 0 0 10 0 0 0 0 0 0 0 0 0 0 0 0 10 40 7 0 0 0 0 0 0 0 0 0 0 0 0 
 62 668 0 101 52 26 30 76 268 439 69 128 63 41 63 297 259 429 47 31 2 0 0 1 2 208 0 0 1 0 0 0 0 207 2 0 1 0 2 0 0 0 0 0 3 0 0 0 2 0 0 0 0 0 0 2 1 0 0 0 0 0 7 0 0 0 0 0 0 0 0 0 0 0 0 0 0 2 0 0 0 19 17 49 24 0 0 1 63 50 90 46 0 0 11 1 27 71 0 0 0 13 0 0 1 0 0 0 0 0 0 0 0 0 0 0 0 0 0 0 0 0 0 0 0 0 11 0 0 0 0 0 0 0 0 0 0 0 0 0 0 0 0 0 0 0 2 0 0 0 0 0 2 0 0 0 1 0 0 0 0 10 18 69 13 1 5 9 13 12 37 1 0 1 32 11 8 35 0 0 0 0 0 0 0 0 0 0 0 0 0 0 0 19 0 1 0 0 0 0 0 0 0 0 0 0 0 2 0 0 0 2 0 0 0 0 0 0 0 0 0 0 0 0 0 0 0 0 0 0 0 0 0 0 0 0 0 0 0 0 0 15 0 0 0 1 2 2 1 6 2 11 10 0 0 0 0 0 0 0 0 0 1 0 0 0 0 0 0 0 0 0 0 0 0 9 14 11 0 0 0 0 0 0 0 0 0 0 0 0 
 37 323 101 0 330 36 104 77 82 446 239 475 296 44 72 58 132 409 269 65 0 0 0 0 2 0 0 2 0 2 0 0 33 0 2 2 0 207 1 0 0 0 0 0 3 0 0 2 2 0 0 0 0 0 0 2 0 1 0 0 0 0 3 0 0 0 0 0 0 0 0 0 0 0 0 0 0 2 0 0 0 0 16 36 44 28 0 0 37 0 57 42 0 0 0 0 14 0 0 0 0 0 0 7 0 0 3 0 0 0 0 0 10 0 0 0 0 0 26 0 0 0 0 0 12 0 0 0 2 0 0 0 0 0 0 0 0 0 0 0 0 0 1 0 0 0 0 0 1 0 0 7 1 0 0 0 0 0 0 0 0 0 1 18 19 35 0 0 3 3 26 36 0 0 0 0 0 21 0 0 0 0 9 7 0 0 0 0 0 0 0 0 27 0 0 0 0 0 1 0 0 0 0 0 0 0 0 0 0 0 0 0 0 0 0 0 0 0 0 0 0 0 0 0 0 0 0 0 0 0 0 0 0 1 0 0 0 0 0 0 0 0 0 0 0 0 55 0 0 108 0 5 1 0 0 0 0 0 0 0 0 0 4 0 0 0 0 0 0 0 0 0 0 0 0 10 0 0 0 0 0 0 0 0 0 0 0 0 0 0 
 32 41 52 330 0 449 39 67 78 99 114 390 70 66 119 57 271 47 84 66 0 0 0 0 2 1 0 0 19 1 0 0 1 0 2 0 0 5 2 85 0 0 0 0 9 0 0 0 66 0 0 0 0 0 0 1 0 0 0 0 50 0 0 0 0 0 0 0 0 0 0 0 0 0 0 0 54 2 0 0 0 0 16 20 68 64 0 1 0 0 2 4 0 0 1 0 0 0 0 18 0 0 0 0 0 0 44 0 1 0 0 0 19 0 0 0 0 0 50 38 0 0 0 0 0 0 0 0 0 2 1 0 0 0 10 0 0 0 0 0 0 0 21 13 0 0 0 2 0 0 4 0 0 0 0 0 0 0 0 1 2 0 0 0 32 27 0 0 0 2 19 13 0 0 0 2 0 5 0 0 16 0 0 0 0 0 0 0 0 0 0 0 26 6 1 0 0 0 43 21 0 13 0 0 0 0 0 0 0 0 0 0 0 12 2 0 0 2 0 0 0 0 0 0 0 0 0 0 0 0 0 0 0 0 0 0 0 0 0 0 0 0 0 0 0 4 4 0 3 7 0 11 0 0 0 0 0 0 0 0 0 0 0 0 0 0 0 0 0 2 0 0 0 0 0 0 0 0 0 0 0 0 0 0 0 0 0 0 0 0 
 21 30 26 36 449 0 26 58 39 36 70 54 33 31 57 133 68 61 388 125 0 1 2 3 2 2 3 2 0 0 0 0 0 4 4 2 0 3 221 0 52 0 0 0 10 3 0 0 2 1 0 2 0 0 3 0 0 0 0 0 0 2 1 0 0 0 0 1 0 0 2 2 0 0 0 1 1 2 0 0 0 0 0 0 20 30 0 0 0 0 12 10 0 0 0 0 0 0 0 0 6 0 0 0 0 0 70 0 0 0 0 0 28 0 13 0 0 0 27 65 0 0 1 0 0 0 0 0 0 0 0 0 0 0 2 0 0 0 0 2 0 0 6 5 0 0 2 0 0 1 4 0 0 0 0 0 0 0 0 0 0 1 0 0 56 0 2 0 0 0 0 0 2 0 0 0 0 0 0 0 16 0 0 0 0 0 14 7 0 0 0 0 13 35 1 1 0 0 46 58 14 1 0 0 0 0 0 0 0 0 0 0 0 0 0 0 0 0 0 0 0 0 0 0 0 0 0 0 0 0 0 0 1 0 14 0 0 0 0 2 0 0 0 0 0 0 40 0 4 0 0 6 0 0 0 0 0 0 0 0 1 0 0 0 0 0 0 0 0 0 0 0 0 0 0 0 0 0 0 0 0 0 0 0 0 0 0 0 0 0 
 555 90 30 104 39 26 0 114 272 22 26 30 466 397 247 37 243 48 63 397 0 3 2 0 2 0 0 3 3 2 0 0 67 1 5 0 0 0 0 0 0 0 1 0 3 1 0 2 5 5 0 0 2 0 0 3 2 0 0 2 0 0 8 1 3 2 0 0 2 0 3 3 1 0 0 0 1 4 0 0 29 14 14 0 0 10 33 65 2 0 0 0 1 29 34 14 20 1 0 31 0 0 0 0 0 0 0 0 0 0 0 0 0 0 0 0 0 0 0 0 0 0 0 0 0 0 0 0 0 0 0 0 0 0 0 0 0 1 0 0 0 0 0 0 0 0 0 0 0 0 0 0 0 0 0 0 0 2 0 15 47 15 0 0 0 0 14 19 0 0 0 0 3 60 10 18 13 1 1 46 0 0 0 0 0 0 0 0 0 0 0 0 0 0 0 0 0 0 0 0 0 0 0 0 0 0 0 0 0 0 0 0 0 0 0 0 0 0 0 0 0 0 0 0 0 0 0 0 0 0 0 0 0 0 0 0 0 0 0 0 0 0 0 0 0 0 0 0 1 2 2 4 0 0 0 0 0 0 0 0 0 0 0 0 0 1 0 0 0 0 0 0 0 0 0 0 0 0 0 0 0 0 0 0 0 0 0 0 0 0 
 413 454 76 77 67 58 114 0 376 315 53 53 113 424 278 230 268 81 77 53 0 0 0 0 2 0 0 0 0 0 1 0 0 0 2 2 0 0 0 0 0 0 0 0 3 0 0 0 2 0 0 0 0 0 0 30 0 0 0 0 0 0 4 0 0 2 0 0 0 0 0 0 0 0 0 0 51 2 0 0 35 23 44 0 2 10 18 20 11 67 0 1 0 25 43 64 22 9 0 0 16 0 0 0 0 11 0 0 1 0 0 0 0 0 0 0 0 0 0 2 0 2 0 0 0 0 0 0 0 2 1 0 0 0 0 0 0 0 0 0 0 0 1 0 0 0 0 0 10 0 1 0 0 0 0 0 0 0 0 0 15 23 31 11 1 0 0 31 11 7 16 0 0 0 24 22 31 1 0 14 0 0 0 0 0 0 0 0 0 0 0 0 1 0 0 0 0 0 2 0 0 0 0 0 0 0 0 0 0 0 0 0 0 0 0 0 0 0 6 0 0 0 0 0 0 0 0 0 0 0 15 0 0 0 2 0 0 0 0 12 0 13 0 0 0 1 2 0 2 1 0 0 19 0 0 0 0 0 0 0 0 0 0 0 0 0 0 0 0 0 0 0 0 0 0 0 0 10 0 0 0 0 0 0 0 0 0 0 0 0 
 56 581 268 82 78 39 272 376 0 369 48 75 66 58 200 278 119 322 69 467 0 0 0 2 2 0 0 0 0 0 0 0 0 0 2 3 0 0 0 0 0 0 0 0 3 2 0 0 2 0 0 0 0 0 0 1 0 0 0 0 0 0 3 0 0 0 0 0 0 0 0 0 0 0 0 0 0 2 0 0 0 14 17 35 1 0 1 0 35 39 33 15 0 0 30 14 32 39 0 14 0 0 0 0 0 0 0 0 0 0 0 0 0 0 0 0 0 0 0 0 0 0 0 0 0 0 0 0 0 0 0 0 0 0 0 0 0 0 0 0 0 0 0 0 0 0 0 0 0 0 0 0 0 0 0 0 0 0 0 0 0 7 26 43 13 9 0 10 24 7 16 6 0 0 16 9 12 9 0 0 0 0 0 0 0 0 0 0 0 0 0 0 0 0 0 0 0 0 0 0 0 0 0 0 1 0 0 0 0 0 0 0 0 0 0 19 0 0 0 0 0 0 0 0 0 0 0 0 0 0 0 0 0 0 0 0 0 0 0 0 0 19 0 0 0 2 8 1 3 3 2 2 11 0 0 0 0 0 0 0 0 0 11 1 0 0 0 0 0 0 0 0 0 14 0 16 11 10 0 0 0 0 0 0 0 0 0 0 0 0 
 57 253 439 446 99 36 22 315 369 0 460 31 53 65 346 251 351 389 77 95 0 0 0 0 2 0 0 0 0 0 0 0 0 0 3 0 0 4 0 0 0 0 0 0 2 3 0 0 3 2 0 2 0 0 0 1 0 0 0 0 0 0 2 0 0 0 0 2 0 0 0 0 0 0 0 0 0 2 0 0 0 10 16 49 20 18 0 2 54 0 129 47 0 0 10 1 38 44 0 0 0 0 0 0 10 0 0 0 2 0 0 0 4 0 0 0 0 0 4 1 0 0 0 0 0 0 0 0 0 1 2 0 21 0 0 0 0 0 0 0 0 0 0 0 0 0 0 0 0 0 2 0 0 0 0 0 0 0 0 0 1 14 44 65 17 54 0 0 56 31 3 45 0 41 0 0 0 78 0 1 0 0 0 0 0 0 0 0 0 0 0 0 0 0 0 0 0 0 0 0 0 0 0 0 0 0 0 0 0 0 0 0 0 9 0 0 0 0 0 0 0 0 0 0 0 0 0 2 0 0 0 0 0 0 1 0 0 0 0 0 0 0 0 0 0 4 189 0 2 176 0 13 2 0 0 0 0 0 0 0 0 0 24 0 0 0 0 0 0 0 0 0 0 0 0 53 19 0 0 0 0 0 0 0 0 0 0 0 0 12 
 244 29 69 239 114 70 26 53 48 460 0 424 31 134 82 270 170 645 72 56 0 0 0 0 2 0 1 0 1 0 0 0 0 0 2 0 0 3 4 0 0 0 0 0 3 0 0 0 2 0 0 0 0 0 0 2 0 0 0 0 0 0 3 0 0 0 0 0 0 0 0 0 0 0 0 0 0 2 0 0 0 0 10 38 38 7 0 0 34 0 105 31 0 0 0 0 16 7 1 0 0 0 0 0 0 0 0 0 0 0 0 0 32 0 0 0 0 0 18 0 0 0 0 1 0 0 0 0 0 0 0 0 0 0 0 0 0 0 0 0 0 0 0 0 0 1 0 0 0 0 0 0 0 0 2 0 0 2 0 0 0 0 1 31 14 56 0 0 1 12 30 54 0 0 0 0 0 20 0 0 0 0 0 0 0 0 0 0 0 0 0 0 34 0 0 0 0 0 0 0 0 0 0 0 0 0 0 0 2 0 0 0 0 0 0 0 0 0 0 0 0 0 0 0 0 0 0 0 2 0 0 0 0 0 0 0 0 0 0 0 0 0 0 0 0 2 55 0 1 62 0 8 0 0 1 0 0 0 0 0 20 0 0 0 0 0 0 0 0 0 0 0 0 0 0 25 0 0 0 0 0 0 0 0 0 2 0 0 0 0 
 22 38 128 475 390 54 30 53 75 31 424 0 23 27 45 16 79 73 239 47 0 0 63 0 2 3 0 0 2 0 0 0 0 0 2 0 2 0 3 3 2 0 0 0 3 2 0 0 2 3 1 0 0 0 0 1 0 0 2 2 0 0 3 35 3 0 0 0 0 0 0 0 0 0 3 1 0 2 0 3 0 0 0 8 19 28 0 0 0 0 11 22 0 0 0 0 0 0 0 19 0 0 0 0 0 0 2 0 0 0 0 0 16 0 1 0 0 0 49 13 0 0 0 0 0 0 9 0 0 0 0 0 0 0 0 0 0 0 0 0 0 0 0 1 0 0 0 0 0 0 0 0 0 0 0 0 0 0 20 0 54 0 0 0 10 46 0 0 1 9 8 43 0 0 0 10 0 25 0 0 0 0 0 0 0 0 1 0 14 0 0 0 25 0 0 0 0 0 43 27 0 0 0 0 0 0 0 0 0 0 0 0 0 0 0 0 0 0 0 0 0 0 0 0 0 0 0 0 0 0 0 0 0 0 0 0 0 0 0 0 0 0 0 0 0 2 176 0 2 201 1 6 0 11 0 0 0 0 0 0 0 0 0 0 0 0 0 0 0 0 0 0 0 0 0 17 0 0 0 0 0 0 0 0 0 0 0 0 0 0 
 69 482 63 296 70 33 466 113 66 53 31 23 0 69 22 30 23 41 499 282 0 73 0 0 4 0 0 0 0 0 1 0 0 0 3 1 0 0 0 0 32 0 0 0 3 2 0 0 2 0 0 0 0 0 0 0 0 0 0 0 0 0 3 0 0 0 0 2 0 0 0 0 0 0 0 0 0 2 0 0 30 16 0 0 0 2 39 32 0 0 0 0 41 23 0 2 0 10 0 61 0 0 0 26 0 0 2 0 0 0 0 0 0 0 0 0 0 0 0 0 0 0 0 0 1 0 1 0 0 0 0 0 0 0 0 2 0 0 0 0 0 0 0 11 0 0 0 0 0 0 0 0 0 0 0 0 0 3 0 0 23 2 0 0 0 0 51 0 0 0 0 0 14 54 14 2 0 0 0 14 0 0 0 10 0 0 0 0 0 0 0 0 1 0 0 0 0 0 0 0 0 0 0 0 0 0 0 0 0 0 0 0 0 0 0 0 0 0 0 0 0 0 0 0 0 0 0 0 0 0 0 0 1 0 0 0 0 0 0 0 0 0 0 0 0 2 0 0 0 0 0 11 0 2 0 0 0 0 0 1 0 0 0 0 0 0 0 0 0 0 0 0 0 0 0 0 0 0 0 0 0 0 0 0 0 0 0 0 0 1 
 155 41 41 44 66 31 397 424 58 65 134 27 69 0 330 54 37 28 95 214 0 0 0 2 2 0 0 0 0 0 3 0 0 0 3 5 0 1 2 0 0 0 4 0 3 2 0 0 2 0 0 0 0 0 0 71 0 0 0 0 0 0 3 0 0 0 0 0 29 0 0 1 0 0 0 2 0 2 0 0 28 40 19 0 0 11 16 45 2 58 0 0 0 36 44 46 80 10 0 25 0 0 0 0 15 0 0 0 0 0 0 0 0 0 2 0 0 0 0 0 0 0 1 0 0 0 0 9 0 0 0 0 0 0 2 0 0 0 0 2 0 0 0 0 0 0 0 0 0 0 0 0 0 0 0 0 0 0 1 0 41 27 12 5 0 0 11 25 8 0 0 0 2 43 24 19 44 0 0 9 0 0 0 0 0 0 0 1 0 0 0 0 0 4 1 0 1 0 0 0 0 0 0 0 2 0 0 0 0 0 0 0 0 19 20 0 0 9 0 0 0 1 16 0 0 0 0 0 0 0 0 0 0 0 0 0 15 0 0 2 0 0 0 0 0 0 1 0 1 0 0 19 0 0 0 0 0 0 1 0 0 0 0 1 0 0 0 0 0 0 0 0 0 0 0 0 0 0 0 0 0 0 0 0 0 0 0 0 0 0 
 513 556 63 72 119 57 247 278 200 346 82 45 22 330 0 187 263 57 58 94 0 0 2 2 4 0 4 4 2 76 5 0 0 0 7 5 4 0 0 0 3 0 3 0 2 0 2 5 2 1 0 0 0 0 8 0 0 7 0 1 0 0 5 0 0 0 0 39 0 0 0 0 0 8 0 0 0 2 3 0 23 9 36 2 1 11 18 34 9 65 0 0 0 16 37 40 15 52 0 0 0 0 0 0 0 0 0 0 0 0 0 0 0 0 0 0 2 0 0 0 0 0 0 0 0 0 0 0 0 0 0 0 2 0 0 0 2 2 0 0 0 0 0 0 0 0 0 0 1 0 0 0 0 0 0 0 0 0 0 0 0 14 24 3 3 0 0 20 12 0 24 1 0 0 23 13 22 0 2 0 0 0 2 0 0 0 0 0 0 0 2 0 0 0 0 0 0 0 0 0 0 0 0 0 0 0 0 0 0 0 0 0 0 0 0 0 0 0 0 0 0 0 0 0 0 0 0 0 0 0 0 0 0 0 0 0 0 0 1 15 0 0 0 0 2 3 2 0 4 1 1 8 21 0 0 0 0 0 2 0 0 0 0 0 0 0 0 0 0 0 0 0 0 2 0 0 9 10 0 0 0 0 0 0 0 0 0 0 0 0 
 24 295 297 58 57 133 37 230 278 251 270 16 30 54 187 0 203 277 63 100 0 1 0 0 2 0 0 0 0 0 0 78 0 0 2 74 76 0 3 0 0 0 0 0 2 2 0 0 2 1 0 0 0 0 0 102 0 0 0 0 0 0 1 0 0 0 0 0 0 0 0 0 0 0 0 0 0 2 0 0 0 18 10 35 2 0 0 0 48 68 22 30 0 0 10 27 45 38 0 1 0 0 0 0 0 0 0 0 0 0 0 0 0 0 0 0 0 0 0 0 0 0 0 1 0 0 0 0 0 0 0 0 0 10 0 0 0 0 0 0 0 0 0 0 0 0 0 0 0 0 0 0 0 0 2 0 0 2 0 0 2 24 53 61 20 0 0 71 51 15 19 0 0 0 27 12 54 16 0 0 0 0 0 0 0 0 0 0 0 0 0 0 0 0 0 0 0 2 0 0 0 0 1 0 0 0 0 0 0 0 0 0 0 0 0 0 0 0 0 0 0 0 0 0 0 0 0 0 0 1 0 0 0 1 0 0 0 0 0 0 0 12 0 0 0 0 3 0 0 1 0 17 5 0 0 0 0 0 0 0 45 0 18 0 0 78 0 0 0 0 0 0 0 0 0 9 19 21 0 0 0 0 0 0 0 2 0 0 0 0 
 31 303 259 132 271 68 243 268 119 351 170 79 23 37 263 203 0 402 48 37 0 0 3 3 2 1 1 1 0 2 0 0 0 0 2 0 0 3 0 0 0 0 0 3 2 5 0 0 2 1 1 0 0 0 0 6 1 67 0 0 0 0 3 2 0 0 3 0 0 0 0 1 0 0 3 1 0 2 3 0 0 4 21 43 17 0 0 0 54 30 75 19 0 0 8 0 33 76 0 0 0 0 0 0 0 0 0 0 0 0 0 0 0 0 0 0 0 0 0 0 0 0 0 0 10 0 0 0 0 0 0 0 0 0 0 0 0 0 0 0 0 0 0 0 0 0 2 0 0 0 0 0 2 0 0 0 1 0 0 0 0 12 47 53 13 27 0 9 46 25 25 12 0 0 23 11 9 27 0 0 0 0 0 0 0 0 0 0 0 0 0 0 0 0 0 11 0 17 0 0 0 0 0 0 0 0 0 2 0 0 0 2 0 0 0 0 0 1 0 0 0 0 0 0 0 0 0 11 0 0 17 0 0 0 0 0 0 0 0 0 0 14 0 0 0 2 1 0 1 89 1 13 0 0 0 0 0 0 0 0 0 0 49 0 0 0 0 0 0 0 0 0 0 0 0 24 27 10 0 0 0 0 0 0 0 0 0 0 0 0 
 40 42 429 409 47 61 48 81 322 389 645 73 41 28 57 277 402 0 35 29 0 0 0 0 2 0 0 73 3 0 0 0 0 0 2 0 0 0 2 0 0 0 0 0 3 2 0 0 2 0 0 0 0 0 0 2 0 0 0 0 0 0 3 0 0 0 0 0 0 0 0 0 0 0 0 0 0 2 0 0 0 20 19 34 10 1 0 1 35 1 101 47 0 1 1 0 28 27 0 0 0 0 0 0 0 0 0 22 0 0 0 0 0 0 0 0 0 0 0 18 0 0 0 0 0 0 0 0 0 0 0 0 0 0 0 0 0 0 0 14 0 0 0 0 0 0 0 0 0 0 0 0 0 0 0 0 0 0 0 0 0 10 20 24 8 26 0 3 24 13 14 29 1 0 1 3 0 73 0 0 0 0 0 0 0 0 0 0 0 0 0 0 0 0 0 0 0 0 3 0 20 0 0 0 0 0 0 0 0 0 0 0 0 0 0 0 0 0 0 0 0 0 0 0 0 0 0 0 0 0 0 0 0 0 0 0 0 0 0 0 0 0 0 0 0 1 169 3 3 172 2 11 0 0 2 0 0 0 0 0 0 0 15 0 0 0 0 0 0 0 0 0 0 0 0 23 21 1 0 0 0 0 0 0 0 0 0 0 0 0 
 32 37 47 269 84 388 63 77 69 77 72 239 499 95 58 63 48 35 0 436 0 1 1 0 2 1 0 0 0 0 0 0 3 0 2 0 0 0 0 0 0 0 0 0 3 1 0 0 4 0 0 0 0 0 0 0 0 0 0 0 43 0 11 0 0 0 0 0 0 0 0 0 0 0 0 0 0 2 0 0 13 3 0 0 2 0 70 0 0 0 0 0 73 17 1 1 0 1 57 46 0 0 0 0 0 0 0 0 0 0 0 15 0 0 0 1 0 0 0 0 0 0 0 0 0 0 0 0 0 0 0 0 0 0 1 0 0 0 0 0 0 0 0 6 0 0 0 0 0 0 0 0 3 0 0 0 0 6 2 0 2 0 0 0 0 0 48 0 0 0 0 0 11 4 0 1 0 0 40 14 0 0 0 0 0 0 14 0 0 0 0 0 0 0 2 0 2 0 0 0 0 0 0 0 0 0 0 0 0 0 0 0 0 0 0 0 0 0 0 0 0 2 0 3 0 2 8 0 0 0 0 0 0 0 0 0 0 0 0 0 0 0 0 0 0 0 0 0 2 2 0 0 0 0 0 0 0 0 0 0 0 0 0 0 0 0 0 0 0 0 0 0 0 0 0 0 0 0 0 0 0 0 0 0 0 0 0 0 0 0 
 147 266 31 65 66 125 397 53 467 95 56 47 282 214 94 100 37 29 436 0 0 2 0 0 2 0 1 0 0 0 0 2 0 0 2 0 2 0 1 0 0 13 0 0 3 2 0 0 2 0 0 0 0 0 0 0 0 0 0 0 0 0 4 0 0 0 0 41 0 0 0 0 0 0 0 0 0 2 0 0 10 20 0 0 0 23 27 119 0 1 0 0 27 41 39 21 6 25 0 46 0 0 0 0 11 0 0 0 0 2 2 0 0 0 0 0 0 0 0 0 2 0 0 2 0 0 0 0 0 0 0 0 0 0 0 0 0 0 0 0 0 0 0 0 0 0 0 7 0 0 0 0 0 0 0 1 0 6 0 0 36 15 1 2 0 0 34 1 0 0 0 0 28 90 15 14 2 0 1 19 0 0 0 0 0 0 0 0 0 0 0 0 0 0 0 0 0 0 0 0 0 0 0 0 0 0 0 0 0 0 0 0 0 0 0 0 0 0 0 0 0 0 0 0 0 0 0 0 0 0 0 0 0 0 0 0 0 0 0 0 0 0 0 0 0 0 2 0 2 1 1 0 0 0 0 0 0 0 0 0 0 0 0 0 0 0 1 0 0 0 0 0 0 4 0 0 0 0 0 0 0 0 0 0 0 0 0 0 0 0 
 0 0 2 0 0 0 0 0 0 0 0 0 0 0 0 0 0 0 0 0 0 151 59 56 253 34 435 372 37 140 65 187 79 163 564 27 29 45 258 336 0 0 0 0 0 2 21 0 3 0 0 0 0 0 3 2 0 0 0 2 0 0 3 0 0 2 0 5 0 0 0 0 0 0 0 0 0 1 0 0 0 0 0 0 0 0 0 0 0 0 0 0 0 0 0 0 0 0 0 0 27 26 21 1 14 0 0 95 59 46 13 0 0 19 10 28 1 7 0 0 0 0 0 0 0 0 0 0 0 0 0 0 0 0 0 0 0 0 0 0 0 0 0 0 0 1 0 0 2 0 0 0 0 0 0 0 0 0 0 0 0 0 0 0 0 0 0 0 0 0 0 0 0 0 1 0 0 0 0 0 33 36 16 0 0 0 13 38 63 0 0 0 10 19 23 48 25 19 0 0 0 0 0 0 2 0 0 0 0 0 0 0 0 0 0 0 0 0 2 0 0 0 0 0 0 0 0 0 0 0 0 15 0 0 0 0 0 0 0 0 0 0 0 0 0 0 0 0 0 0 0 0 0 2 2 2 0 0 0 0 2 1 0 0 0 0 0 0 0 0 0 0 0 0 0 0 0 0 0 0 0 0 0 2 0 0 0 0 0 0 
 0 0 0 0 0 1 3 0 0 0 0 0 73 0 0 1 0 0 1 2 151 0 361 92 33 42 100 403 270 28 72 88 44 132 540 250 271 66 36 58 0 0 2 0 2 1 0 0 5 1 0 0 0 0 3 2 0 0 0 2 0 0 11 0 0 2 0 2 2 0 0 0 0 0 0 0 0 2 0 55 1 0 0 0 0 0 0 0 16 0 0 0 0 0 0 0 0 0 0 0 10 13 27 16 11 0 2 16 47 43 43 10 0 0 21 6 35 7 0 0 0 0 0 0 0 0 0 0 0 0 1 0 0 0 0 0 0 0 1 0 0 0 0 0 0 0 0 0 0 0 0 0 0 0 0 0 0 0 0 0 0 30 0 0 0 0 0 0 0 0 0 0 0 0 0 0 0 0 0 0 5 19 54 50 0 0 0 2 55 28 50 1 3 0 0 54 39 17 0 0 0 0 0 0 0 0 0 0 0 0 0 0 0 0 0 0 0 0 0 0 0 0 0 2 1 0 0 0 0 0 0 2 0 0 0 1 0 0 0 0 0 0 2 0 0 0 0 0 0 0 0 0 0 0 3 1 0 0 0 0 0 0 0 0 0 0 0 0 0 0 0 0 0 0 0 0 0 0 0 0 0 0 0 0 0 0 0 0 0 0 
 0 0 0 0 0 2 2 0 0 0 0 63 0 0 2 0 3 0 1 0 59 361 0 109 67 35 275 128 297 387 53 29 75 257 57 214 146 608 43 44 0 0 5 0 0 1 0 0 3 0 1 0 0 0 4 2 0 0 0 2 0 0 3 0 0 2 0 0 0 0 0 0 0 0 0 0 0 0 0 0 0 0 0 0 0 0 0 0 0 0 0 0 0 0 0 0 0 0 2 0 0 24 51 46 1 0 0 0 0 12 20 4 0 0 0 28 41 15 0 0 0 0 0 0 0 0 0 0 0 0 0 0 1 0 0 0 0 0 0 1 0 0 0 0 0 0 0 0 0 0 0 0 0 0 0 2 0 0 0 0 11 10 0 0 0 0 0 0 0 0 0 0 0 0 0 10 0 1 0 1 0 14 46 50 14 0 1 0 6 30 43 34 0 0 0 9 10 17 0 0 0 0 0 0 0 0 2 0 0 0 0 2 0 0 0 0 0 0 0 0 0 0 0 0 0 0 0 0 0 0 0 0 0 0 0 0 0 0 0 0 0 0 33 0 0 0 0 0 0 0 0 0 0 1 13 0 0 6 3 1 0 12 0 0 0 0 22 0 0 0 0 0 0 0 0 0 0 0 0 0 0 12 0 0 0 0 20 0 0 0 
 0 0 1 0 0 3 0 0 2 0 0 0 0 2 2 0 3 0 0 0 56 92 109 0 98 38 109 76 123 429 225 341 76 78 58 44 56 352 112 78 0 0 3 0 0 1 0 0 4 0 0 0 0 0 3 2 0 0 0 9 0 0 13 0 0 2 0 50 0 0 0 0 0 0 0 0 0 0 0 0 0 0 0 2 0 0 0 0 0 0 0 0 0 0 0 0 8 0 0 2 0 0 12 10 18 34 1 0 0 1 0 40 0 0 0 21 5 21 0 0 0 0 0 0 0 0 0 17 0 0 2 0 19 0 0 17 0 0 12 17 0 0 0 0 0 5 0 0 0 0 0 0 0 0 0 0 0 0 49 0 0 0 0 0 0 2 0 0 0 0 0 0 0 0 0 0 0 4 0 3 0 0 0 14 94 18 0 1 0 11 0 34 0 0 0 0 0 35 0 0 0 0 0 2 0 0 0 0 0 0 1 0 0 0 9 0 0 0 51 41 0 0 0 0 2 0 0 0 0 0 0 1 2 0 0 2 0 0 0 0 0 0 14 0 0 0 0 0 0 0 0 0 0 0 9 4 0 74 54 0 15 10 0 21 0 0 0 0 0 0 0 0 0 0 0 0 0 0 0 0 0 69 0 0 0 0 0 0 0 0 
 2 3 2 2 2 2 2 2 2 2 2 2 4 2 4 2 2 2 2 2 253 33 67 98 0 455 58 57 76 77 102 354 290 54 104 295 65 273 299 264 2 0 62 1 80 10 0 0 3 4 0 0 0 0 3 2 1 0 2 4 0 0 4 0 0 4 46 0 0 0 0 0 0 0 0 0 0 4 0 0 0 0 0 0 0 0 0 0 0 0 0 0 0 0 0 0 0 0 0 0 0 0 0 0 59 52 0 0 0 0 0 0 0 0 0 0 0 0 0 0 20 0 0 0 0 0 21 0 0 0 0 0 60 0 0 0 0 0 49 44 0 0 0 0 0 4 0 0 2 0 0 7 0 0 0 0 0 0 2 0 0 36 0 0 0 0 0 0 0 0 5 0 0 0 2 0 0 1 0 0 0 0 0 0 13 24 0 0 0 1 0 3 0 0 0 0 0 0 0 0 0 0 0 0 2 0 0 0 0 0 0 0 40 0 0 0 14 0 23 46 0 0 0 0 0 0 0 0 0 0 0 0 0 0 0 0 0 1 0 1 0 0 0 0 0 0 0 0 0 0 0 0 0 2 6 2 0 6 6 3 18 1 0 0 0 0 9 0 0 0 0 0 0 0 0 0 0 0 0 0 0 13 0 0 0 0 0 0 0 0 
 0 0 208 0 1 2 0 0 0 0 0 3 0 0 0 0 1 0 1 0 34 42 35 38 455 0 116 25 40 36 82 273 36 60 51 306 83 134 222 44 0 0 22 0 0 0 0 0 3 0 0 0 0 0 3 2 59 0 198 1 0 0 2 0 0 2 0 0 0 0 0 0 0 0 0 0 0 0 0 0 0 0 0 0 0 0 0 0 0 0 1 0 0 0 0 0 0 0 0 0 0 0 0 0 23 20 0 1 0 0 0 0 0 0 0 0 0 0 0 0 43 0 0 0 0 0 34 0 0 0 0 0 15 2 0 0 0 0 25 33 0 0 0 0 0 0 0 0 0 0 0 6 0 0 0 0 6 0 0 0 0 0 0 2 0 0 0 0 0 0 11 0 0 0 0 0 0 0 13 0 0 14 0 0 0 44 0 0 0 0 0 0 0 0 10 0 0 0 10 2 19 0 0 0 10 2 12 1 1 0 0 0 30 1 0 0 0 1 11 42 0 24 0 0 0 0 0 9 0 0 0 0 0 0 0 0 0 0 0 0 0 0 0 0 0 0 0 0 0 0 0 0 0 0 34 0 0 0 4 0 1 0 0 0 0 0 0 0 0 0 0 0 0 0 0 0 2 0 0 0 0 0 0 0 0 0 0 0 0 0 
 0 0 0 0 0 3 0 0 0 0 1 0 0 0 4 0 1 0 0 1 435 100 275 109 58 116 0 102 288 38 68 22 450 393 46 681 232 52 47 324 0 0 0 0 1 1 0 0 3 0 0 0 2 0 3 2 63 28 0 2 0 0 3 0 0 2 0 4 0 0 0 0 0 0 0 0 0 0 51 0 2 0 0 0 0 0 0 0 0 0 0 0 0 0 0 0 1 0 0 1 36 38 32 0 0 0 9 22 17 15 0 0 20 33 40 38 1 1 9 13 0 0 0 0 0 0 0 12 0 0 2 0 0 0 0 0 0 0 0 0 0 0 0 2 0 0 1 0 0 0 0 0 0 0 0 0 20 0 0 0 0 0 0 0 0 2 0 0 0 0 0 0 0 0 0 0 0 0 0 0 40 48 5 1 0 0 21 61 13 3 0 0 37 20 40 12 34 40 0 14 0 0 0 6 0 0 0 0 0 0 0 0 0 0 1 0 0 0 15 0 0 0 0 0 2 0 0 0 0 0 0 1 0 0 0 2 0 12 0 0 0 0 0 0 0 0 0 0 0 0 0 0 0 0 4 2 2 1 0 2 0 0 0 0 0 0 0 0 0 0 0 0 0 0 0 0 0 0 0 0 0 0 0 0 0 0 0 0 0 0 
 0 0 0 2 0 2 3 0 0 0 0 0 0 0 4 0 1 73 0 0 372 403 128 76 57 25 102 0 166 264 34 465 92 418 235 353 41 34 80 52 0 0 1 0 0 1 6 0 3 0 75 0 0 3 3 2 0 0 0 64 0 0 3 0 0 2 0 7 0 0 0 0 0 50 0 0 0 0 0 0 0 0 0 0 0 0 0 0 0 0 0 0 0 0 0 0 0 0 0 0 12 77 40 34 0 0 0 42 27 48 35 0 0 0 40 23 42 16 0 1 0 0 0 2 0 0 0 0 2 0 0 0 0 0 0 0 0 0 0 0 0 0 0 0 0 0 0 0 0 0 0 0 0 0 0 0 0 0 0 0 0 0 0 0 0 0 0 0 0 0 0 0 0 0 0 0 0 0 0 1 0 53 50 8 0 0 10 22 52 2 2 0 0 13 0 47 22 14 0 0 0 2 0 0 0 0 0 2 0 0 0 0 0 0 0 0 0 0 0 0 0 0 0 0 0 0 0 0 0 0 0 0 0 0 0 0 0 0 0 16 0 0 0 0 0 0 0 0 0 0 0 0 0 0 16 2 2 0 0 0 0 2 0 0 0 0 0 0 0 0 0 0 0 0 0 0 0 0 0 0 0 0 0 0 0 0 0 0 0 0 
 0 0 1 0 19 0 3 0 0 0 1 2 0 0 2 0 0 3 0 0 37 270 297 123 76 40 288 166 0 318 289 43 310 90 180 696 219 285 99 63 0 0 0 0 0 1 0 0 3 0 0 1 0 0 7 2 0 1 0 3 52 0 3 0 0 2 0 0 0 0 0 0 0 0 0 0 0 0 0 0 0 1 0 0 0 0 0 0 2 0 0 0 0 0 0 0 0 0 0 0 0 13 38 37 0 0 0 7 1 14 15 23 0 0 0 28 34 9 0 0 0 0 0 0 1 0 0 0 0 0 0 1 0 0 9 2 2 0 0 0 0 0 0 0 2 0 0 0 0 0 0 0 0 0 0 0 0 0 0 0 0 10 0 0 14 0 0 0 0 0 0 0 0 1 0 15 0 1 0 1 0 9 35 62 23 0 0 2 22 33 67 9 0 0 0 22 19 10 3 0 0 15 0 13 0 0 0 0 0 0 0 0 0 6 0 0 0 0 0 0 0 0 2 0 0 0 0 0 0 0 0 0 0 0 0 0 0 0 0 0 0 0 0 0 0 0 0 0 0 0 0 1 0 0 11 1 1 2 1 1 2 12 0 0 0 0 9 0 0 0 0 0 0 0 0 0 0 0 0 0 0 15 0 0 0 0 9 0 0 0 
 0 0 0 2 1 0 2 0 0 0 0 0 0 0 76 0 2 0 0 0 140 28 387 429 77 36 38 264 318 0 388 43 49 67 110 414 361 119 86 61 0 0 7 0 0 2 0 0 3 0 5 0 0 0 3 2 0 0 0 73 0 0 3 0 0 2 0 0 0 0 0 0 0 0 0 0 0 0 0 0 0 0 0 0 0 0 0 0 0 0 0 0 0 0 0 0 0 0 1 0 0 16 4 11 12 3 0 0 1 10 11 62 0 0 0 26 7 31 0 0 0 0 0 2 0 0 0 0 0 0 0 0 1 0 0 0 0 0 0 0 0 0 0 0 0 7 0 0 0 0 0 0 0 0 0 0 0 0 0 0 0 10 0 0 0 0 0 0 0 0 0 0 0 0 0 0 0 6 0 6 0 1 22 44 63 27 0 0 0 78 63 38 0 0 0 0 0 42 0 0 0 2 0 0 0 0 1 2 0 11 0 0 1 0 0 0 0 0 26 2 0 1 0 0 0 0 0 0 0 0 0 0 0 2 0 0 0 0 0 0 0 0 9 0 0 0 0 0 0 0 0 0 0 0 8 0 1 173 154 1 1 12 0 0 0 0 10 0 0 0 0 0 0 0 0 0 0 0 0 0 0 10 0 0 0 0 18 0 0 0 
 0 0 0 0 0 0 0 1 0 0 0 0 1 3 5 0 0 0 0 0 65 72 53 225 102 82 68 34 289 388 0 339 41 54 60 120 100 585 269 84 2 0 8 0 0 5 0 6 3 3 2 0 1 0 3 2 0 0 0 6 0 0 5 4 0 10 0 0 0 1 2 0 0 0 0 0 2 5 0 0 0 0 0 0 0 20 0 0 0 0 0 0 0 2 0 0 0 0 0 0 0 0 7 7 24 47 0 0 0 14 0 39 0 0 0 18 8 27 14 0 0 0 0 0 0 0 0 0 0 0 0 7 27 12 0 0 0 0 22 11 0 0 8 0 0 8 0 0 0 2 0 0 0 0 0 0 0 0 5 0 0 1 0 0 0 0 0 0 0 0 3 0 0 0 0 0 0 10 13 19 2 0 1 28 125 26 0 0 0 12 1 52 0 0 0 0 0 11 0 0 0 0 15 0 0 0 0 0 16 0 0 0 0 0 0 9 2 0 20 25 0 0 0 0 0 0 0 0 0 0 0 0 0 0 0 0 0 0 0 0 0 0 13 0 0 0 0 0 1 0 0 0 0 0 4 5 0 48 51 0 23 16 0 0 0 0 0 0 71 0 0 0 0 0 0 0 4 2 0 0 0 28 0 0 0 0 1 0 0 0 
 0 0 0 0 0 0 0 0 0 0 0 0 0 0 0 78 0 0 0 2 187 88 29 341 354 273 22 465 43 43 339 0 53 34 45 25 71 72 43 36 0 0 0 0 0 1 0 0 3 0 0 4 0 0 3 2 0 0 0 4 0 0 3 0 0 3 0 0 0 0 0 0 0 0 0 0 0 0 1 0 2 0 0 0 0 0 0 0 0 0 0 0 0 0 0 0 0 0 0 0 0 0 0 0 49 36 1 0 0 18 0 34 0 0 0 1 7 22 0 0 0 0 0 0 0 0 1 0 0 6 2 0 15 0 0 0 0 0 20 29 0 0 6 2 0 2 0 0 0 0 0 10 0 0 0 0 0 0 2 0 0 0 0 0 0 0 0 0 0 0 4 0 0 0 0 0 0 7 0 2 1 0 1 1 40 38 0 0 1 1 0 23 0 0 0 0 0 7 0 0 0 0 0 0 0 0 0 0 0 0 0 0 8 0 0 0 0 0 16 27 0 0 0 1 2 9 0 0 8 0 0 1 0 0 0 2 0 0 0 0 0 0 1 0 0 0 0 0 0 0 0 0 0 0 15 4 4 151 145 0 9 1 0 0 0 14 0 0 0 0 0 0 0 0 0 0 0 0 0 0 0 9 0 0 0 0 0 0 0 0 
 0 2 0 33 1 0 67 0 0 0 0 0 0 0 0 0 0 0 3 0 79 44 75 76 290 36 450 92 310 49 41 53 0 103 43 33 42 45 445 223 0 0 0 0 0 2 0 29 3 0 0 0 0 1 3 2 0 0 0 2 0 0 6 0 0 2 0 4 0 0 0 0 0 0 0 0 0 0 0 0 0 0 0 1 0 29 0 0 0 20 0 0 0 0 0 0 0 0 0 0 53 2 12 1 0 0 23 2 8 1 0 0 31 37 38 48 0 0 9 22 0 0 0 0 4 0 0 0 0 0 0 0 2 0 0 0 0 0 0 0 0 0 0 0 0 2 5 0 0 0 6 0 0 0 0 0 0 0 0 0 0 0 0 0 0 0 0 0 0 0 0 0 0 0 0 1 21 0 0 0 74 66 1 0 0 0 14 20 1 0 0 0 42 41 53 9 14 0 9 32 0 0 0 0 0 0 0 0 0 0 19 0 0 2 0 0 0 0 0 0 3 0 0 0 0 0 0 0 0 0 0 0 0 0 0 0 0 2 0 0 0 18 0 0 0 0 0 0 0 0 0 0 0 1 13 0 2 0 0 2 4 0 0 0 0 0 0 0 0 0 0 0 0 0 0 0 0 0 0 0 0 0 0 0 0 0 0 0 0 0 
 0 0 207 0 0 4 1 0 0 0 0 0 0 0 0 0 0 0 0 0 163 132 257 78 54 60 393 418 90 67 54 34 103 0 462 245 28 36 110 165 0 0 0 0 0 2 0 0 4 0 22 2 0 1 6 2 0 0 0 1 0 2 3 0 0 2 0 6 0 0 3 2 0 0 0 1 0 0 0 0 0 0 1 0 6 0 0 0 0 0 0 0 0 0 0 10 0 0 0 0 14 35 38 3 0 0 2 41 37 32 37 0 0 17 19 24 6 9 0 0 0 0 1 0 0 2 0 0 1 0 0 0 2 0 0 0 0 1 0 0 0 0 0 0 0 0 0 0 0 0 0 0 0 0 0 0 0 0 0 0 18 0 0 0 0 0 10 0 0 0 0 0 0 0 0 1 0 0 0 0 36 42 18 0 0 0 2 18 45 0 0 0 40 8 23 56 34 37 0 0 0 0 0 0 0 0 0 0 15 0 0 0 0 2 0 0 0 0 0 0 2 0 0 0 0 0 0 0 0 0 0 18 0 0 0 0 0 0 0 0 0 0 0 0 0 1 0 0 0 0 0 1 0 0 2 0 2 0 0 1 3 2 2 0 0 0 0 0 0 0 0 2 0 0 0 0 0 0 0 0 0 0 0 0 0 0 0 0 0 0 
 2 208 2 2 2 4 5 2 2 3 2 2 3 3 7 2 2 2 2 2 564 540 57 58 104 51 46 235 180 110 60 45 43 462 0 166 255 48 286 98 0 0 0 1 0 2 67 0 3 0 0 0 0 0 3 2 1 0 3 2 0 0 3 0 2 2 0 7 0 0 48 0 0 0 0 0 0 0 0 0 0 0 0 0 0 0 0 0 0 0 0 0 0 2 0 0 0 0 0 0 10 44 28 22 0 0 0 33 42 32 30 0 0 0 8 18 46 18 0 0 0 0 7 0 0 22 0 0 0 0 0 0 0 0 0 0 0 0 0 23 0 0 0 0 0 0 0 0 0 16 0 0 0 0 0 0 0 0 0 0 0 0 0 0 0 0 0 0 0 0 0 0 0 0 0 0 0 0 0 0 0 23 33 13 0 0 9 22 40 21 0 0 7 13 0 35 35 20 0 11 0 0 0 0 16 0 0 0 0 0 0 0 7 0 0 0 2 7 0 0 0 0 0 0 0 0 0 0 0 0 0 0 0 0 0 0 0 0 0 0 0 0 0 0 0 0 0 0 0 0 0 0 0 0 8 0 1 0 0 4 3 0 0 0 0 0 0 0 0 0 0 0 0 0 0 0 0 2 0 0 0 0 0 0 0 0 0 0 0 0 
 0 0 0 2 0 2 0 2 3 0 0 0 1 5 5 74 0 0 0 0 27 250 214 44 295 306 681 353 696 414 120 25 33 245 166 0 219 511 242 272 0 2 20 0 0 1 0 0 6 0 0 0 0 0 3 2 0 0 4 1 0 0 0 0 0 2 0 0 0 0 0 0 0 0 0 0 0 0 0 0 0 0 0 0 0 0 1 0 0 0 0 0 0 0 0 0 0 0 0 0 1 14 18 31 0 0 0 3 14 36 21 6 0 0 1 1 39 18 0 0 2 0 0 0 0 0 0 0 0 9 0 0 0 14 0 0 0 0 0 1 0 0 0 0 0 0 0 0 0 0 0 0 0 0 0 0 0 0 0 0 10 3 0 0 0 0 0 0 0 0 0 0 0 0 0 0 0 0 0 0 1 10 50 38 11 0 1 1 28 99 30 19 1 1 0 17 13 11 0 0 0 0 0 0 0 0 0 0 0 5 0 0 0 0 0 1 0 0 0 0 0 2 0 0 0 0 0 0 0 0 0 0 0 0 0 0 0 0 0 0 0 0 14 0 0 0 1 0 0 0 0 0 0 0 2 2 1 2 4 2 4 7 0 1 0 0 8 0 0 0 0 0 0 0 0 0 0 0 0 0 0 11 0 0 0 0 6 0 0 0 
 0 0 1 0 0 0 0 0 0 0 0 2 0 0 4 76 0 0 0 2 29 271 146 56 65 83 232 41 219 361 100 71 42 28 255 219 0 382 25 29 2 0 35 3 0 1 3 0 3 3 0 0 0 3 5 2 0 0 0 5 0 0 5 1 0 4 0 0 0 0 0 0 1 0 0 0 7 0 0 0 0 0 0 0 0 0 0 0 0 0 0 0 0 0 0 0 0 0 0 1 0 20 28 36 0 0 0 0 0 13 50 8 0 0 0 14 32 12 0 0 0 0 0 0 0 5 0 0 0 0 0 0 0 0 15 0 0 12 0 1 0 0 0 0 0 0 0 0 0 0 14 0 0 0 0 0 0 0 0 0 1 11 0 0 0 1 1 0 0 0 0 0 0 21 0 0 2 2 0 0 0 10 33 54 15 0 0 0 7 104 42 30 2 0 0 9 6 18 0 0 0 0 0 0 0 0 0 0 0 0 2 0 0 0 0 0 0 0 0 0 0 10 0 3 0 2 0 0 0 0 12 0 1 0 0 0 0 0 2 0 0 0 15 0 0 0 0 0 0 0 0 0 0 0 12 1 3 0 5 2 2 7 0 55 0 0 12 0 0 0 0 0 0 0 0 0 0 0 0 0 0 15 0 0 0 0 9 0 0 0 
 0 2 0 207 5 3 0 0 0 4 3 0 0 1 0 0 3 0 0 0 45 66 608 352 273 134 52 34 285 119 585 72 45 36 48 511 382 0 243 55 0 1 7 0 0 2 0 1 3 3 0 0 0 0 3 67 3 2 3 5 0 51 3 0 2 2 0 0 0 0 0 0 0 2 0 0 0 0 0 0 0 0 0 0 0 0 0 0 0 0 0 0 0 0 0 0 0 0 0 0 0 2 14 10 10 4 0 0 0 11 21 38 0 0 0 19 8 41 0 0 0 0 0 0 0 0 0 0 0 0 0 0 0 0 0 0 0 0 0 0 0 0 0 0 0 6 0 0 0 0 0 0 0 0 0 0 0 0 0 0 0 37 0 0 0 0 0 0 0 0 0 0 1 0 0 0 0 7 0 8 0 1 29 85 39 25 0 0 0 68 91 30 0 0 0 0 0 20 0 0 0 0 0 0 0 0 14 0 0 0 0 0 1 0 0 0 0 0 27 0 0 0 0 11 0 0 0 18 0 0 0 0 0 0 0 0 0 0 0 2 0 0 8 0 0 0 0 0 0 0 0 0 0 1 14 0 3 146 166 4 3 17 0 0 0 0 10 0 0 0 0 0 0 0 0 0 0 0 0 0 0 9 0 0 0 0 14 0 0 0 
 0 1 2 1 2 221 0 0 0 0 4 3 0 2 0 3 0 2 0 1 258 36 43 112 299 222 47 80 99 86 269 43 445 110 286 242 25 243 0 296 63 0 0 63 0 4 0 0 3 0 0 0 0 0 3 2 0 1 0 2 0 0 3 0 0 2 3 3 0 0 0 0 0 0 0 1 0 0 0 0 0 0 0 0 6 3 0 0 0 0 0 4 0 0 0 0 0 0 0 0 22 0 0 0 0 0 74 11 1 0 0 0 40 20 90 5 0 0 9 45 0 0 0 0 0 0 9 0 0 0 0 0 0 0 0 1 1 0 0 0 17 0 1 3 0 0 47 0 0 0 5 0 0 0 0 0 0 0 0 0 2 0 0 0 31 0 2 0 0 0 0 0 0 0 9 0 0 0 0 0 19 2 0 0 0 0 10 56 0 0 2 0 18 36 20 2 1 0 6 57 0 0 0 0 0 0 0 0 0 0 0 0 0 0 0 0 0 0 0 0 0 0 0 0 0 1 0 0 0 0 0 0 0 0 0 0 0 0 1 10 0 0 0 0 0 0 0 0 0 0 0 0 0 0 8 0 2 0 2 2 3 0 0 0 0 0 0 2 0 0 0 1 0 0 0 0 0 0 0 0 0 0 0 0 0 0 0 0 0 0 
 0 2 0 0 85 0 0 0 0 0 0 3 0 0 0 0 0 0 0 0 336 58 44 78 264 44 324 52 63 61 84 36 223 165 98 272 29 55 296 0 0 0 0 0 63 2 1 0 3 0 0 0 0 0 3 2 0 0 0 2 0 0 3 0 0 2 1 6 0 0 0 0 0 28 53 0 50 0 0 0 0 0 0 0 0 18 0 0 0 0 0 11 0 12 0 0 0 0 0 20 42 1 11 0 0 0 41 4 17 20 0 0 48 81 58 1 0 0 10 32 0 0 0 0 0 5 0 8 0 0 0 0 0 0 0 0 0 0 0 0 0 0 0 0 0 2 15 0 0 0 4 0 0 0 0 0 0 0 0 0 0 0 0 0 0 9 0 0 0 0 0 23 0 0 0 0 0 0 0 0 70 39 0 0 0 0 24 25 15 0 0 0 78 29 40 10 26 8 1 29 0 0 0 0 0 0 0 0 0 0 0 0 0 1 0 0 0 0 0 0 0 0 0 0 0 0 16 0 0 0 0 0 0 0 0 0 0 2 0 0 0 0 0 0 0 0 0 0 0 0 0 2 0 1 6 0 0 0 0 0 2 0 0 0 0 0 0 0 0 0 0 0 0 0 0 0 0 0 0 0 0 0 0 1 0 0 0 0 0 0 
 0 0 0 0 0 52 0 0 0 0 0 2 32 0 3 0 0 0 0 0 0 0 0 0 2 0 0 0 0 0 2 0 0 0 0 0 2 0 63 0 0 174 158 62 409 236 276 530 59 132 239 56 89 131 196 261 110 97 44 84 2 5 2 6 7 0 0 3 0 23 15 11 0 0 5 0 5 7 4 0 0 0 0 4 0 0 0 0 0 0 0 0 0 0 0 0 0 0 0 0 0 0 0 0 0 0 0 0 0 0 0 0 0 0 0 7 0 0 0 0 0 5 36 9 0 0 1 0 33 12 7 12 0 2 16 29 18 41 0 0 0 0 0 4 7 20 0 0 0 5 0 0 0 0 0 0 0 0 0 0 0 0 0 0 15 0 0 0 0 0 0 0 0 0 0 0 0 0 0 0 0 0 0 0 0 0 0 0 0 0 0 0 0 0 0 0 0 0 0 0 18 29 4 7 0 0 10 9 17 26 12 32 0 12 28 48 7 0 0 0 0 0 0 0 0 9 0 0 0 0 5 14 0 0 0 0 0 0 0 1 0 0 10 0 0 0 0 0 0 17 0 4 0 1 0 0 0 0 0 0 0 0 2 0 0 2 1 1 1 13 30 0 0 0 0 5 0 0 0 0 0 0 0 0 9 6 0 0 2 0 
 0 0 0 0 0 0 0 0 0 0 0 0 0 0 0 0 0 0 0 13 0 0 0 0 0 0 0 0 0 0 0 0 0 0 0 2 0 1 0 0 174 0 228 73 26 189 97 313 310 35 37 43 63 53 293 201 93 68 39 39 2 0 0 2 2 0 0 3 0 8 0 0 2 2 0 0 0 4 16 2 0 0 0 0 0 0 0 0 0 0 0 0 0 0 0 0 0 0 0 0 7 0 0 0 0 0 0 0 0 0 0 0 0 0 0 0 0 0 0 0 0 12 11 21 0 0 0 0 18 35 29 15 0 11 1 0 16 60 0 0 0 0 0 0 0 0 0 0 0 5 0 0 22 0 0 0 0 0 0 0 0 0 0 0 0 0 0 0 0 0 0 0 0 0 0 0 0 0 0 0 0 2 0 0 0 0 0 0 0 0 0 0 0 0 0 0 0 0 0 0 0 50 13 1 0 0 0 1 25 7 56 0 0 0 0 7 56 35 0 0 0 0 0 0 0 0 0 0 8 0 0 0 0 0 0 0 0 0 0 0 0 0 0 0 0 0 0 0 0 0 0 15 0 0 0 0 0 0 0 6 0 0 0 0 0 15 0 0 0 0 0 0 0 3 0 0 0 0 0 0 0 0 0 0 11 19 0 0 1 0 
 0 0 0 0 0 0 1 0 0 0 0 0 0 4 3 0 0 0 0 0 0 2 5 3 62 22 0 1 0 7 8 0 0 0 0 20 35 7 0 0 158 228 0 327 51 33 43 142 190 155 57 48 301 52 281 153 117 169 88 264 0 0 0 0 1 0 0 0 0 5 1 0 0 0 0 0 0 58 4 0 0 0 0 0 0 0 0 0 0 0 0 0 0 12 0 0 0 0 0 0 0 0 0 5 3 0 4 1 0 4 0 7 0 0 0 0 3 5 0 0 6 9 8 14 2 0 0 0 0 1 63 26 25 1 0 0 8 9 0 9 0 0 0 0 0 13 0 0 0 0 1 0 0 7 0 0 0 0 0 0 0 0 0 0 0 0 0 0 0 0 6 0 0 0 0 0 0 0 5 0 0 0 3 0 1 0 0 0 0 15 5 3 0 0 0 0 1 12 0 13 0 1 0 13 32 0 0 1 8 19 37 22 8 0 0 19 22 15 3 0 0 0 0 0 0 0 0 0 0 0 0 0 0 0 0 0 0 0 2 0 0 0 12 0 0 0 0 0 0 0 0 9 2 1 0 0 0 0 6 0 0 0 1 0 0 2 0 1 0 0 15 0 1 0 0 0 0 0 0 0 0 1 0 0 0 7 0 0 2 11 
 0 0 0 0 0 0 0 0 0 0 0 0 0 0 0 0 3 0 0 0 0 0 0 0 1 0 0 0 0 0 0 0 0 0 1 0 3 0 63 0 62 73 327 0 163 81 93 302 75 320 126 304 101 61 76 50 164 312 67 61 4 0 0 0 6 0 53 0 0 0 22 0 6 4 1 63 0 7 0 5 0 0 0 0 0 0 0 0 0 0 0 9 0 0 0 0 0 0 0 0 0 0 0 0 0 0 0 0 0 0 0 0 0 0 0 0 0 0 0 26 0 8 0 14 19 27 0 0 0 7 14 11 0 0 0 0 0 1 0 0 0 9 0 0 0 0 1 0 0 0 0 1 19 5 8 3 9 15 15 0 0 0 0 0 0 0 0 0 0 0 0 0 0 0 0 0 0 0 0 0 0 0 0 0 0 0 0 0 0 0 0 0 0 0 0 0 0 0 8 0 0 0 1 15 20 21 0 0 0 15 0 27 0 0 0 1 0 4 0 0 1 12 8 0 0 0 0 0 34 0 0 0 17 0 0 0 0 1 17 0 0 0 12 0 0 0 0 0 0 0 0 15 0 0 0 0 0 0 0 11 0 0 7 34 2 3 1 5 0 0 10 0 0 0 0 0 0 3 0 0 0 0 0 0 0 0 0 0 2 0 
 2 3 3 3 9 10 3 3 3 2 3 3 3 3 2 2 2 3 3 3 0 2 0 0 80 0 1 0 0 0 0 0 0 0 0 0 0 0 0 63 409 26 51 163 0 526 59 69 290 370 304 319 93 95 78 68 57 67 87 282 1 0 20 8 0 0 0 0 0 0 2 0 1 0 0 50 0 0 0 0 0 0 0 0 4 2 0 0 0 0 0 0 0 4 0 0 0 0 0 0 0 34 0 0 0 0 0 0 0 0 0 0 9 0 1 1 0 0 4 19 0 15 0 0 73 11 0 0 0 0 0 1 0 0 0 0 0 0 0 0 1 2 0 0 0 0 28 0 0 0 0 0 18 27 0 0 0 13 16 26 0 0 0 0 11 0 0 0 0 0 0 2 0 0 0 0 0 0 0 0 0 0 0 0 0 0 1 1 0 0 0 0 1 3 1 0 0 0 9 10 0 28 0 2 10 22 0 0 0 0 0 10 0 0 0 0 0 0 0 0 20 0 0 0 0 0 17 20 0 0 0 0 59 51 0 0 0 0 10 38 0 0 1 0 0 0 0 0 0 0 0 5 0 0 0 0 0 0 0 1 0 0 2 1 0 5 0 1 3 0 0 0 0 0 0 0 0 0 0 0 0 0 0 0 0 0 0 0 1 0 
 2 2 0 0 0 3 1 0 2 3 0 2 2 2 0 2 5 2 1 2 2 1 1 1 10 0 1 1 1 2 5 1 2 2 2 1 1 2 4 2 236 189 33 81 526 0 247 64 51 44 71 64 19 55 264 74 69 81 48 44 5 0 51 0 0 0 13 0 0 0 0 0 7 3 2 0 0 0 100 4 0 0 0 0 0 0 0 0 0 0 0 0 0 0 0 0 0 0 0 0 0 0 0 13 0 0 0 0 0 0 0 0 0 0 0 0 0 0 0 0 0 0 0 0 7 20 0 0 0 0 0 0 0 0 0 0 0 0 0 0 16 7 0 0 0 0 11 0 0 0 0 1 0 9 4 3 4 1 0 23 0 0 0 11 0 0 0 0 0 0 0 4 0 0 0 11 0 0 0 0 0 0 10 0 0 0 0 0 0 0 0 0 0 0 12 0 0 0 3 0 0 0 0 0 10 23 0 0 0 0 0 0 0 0 0 0 0 0 0 0 21 2 4 0 0 0 36 14 6 0 0 0 11 16 0 0 0 0 13 7 0 0 0 0 0 0 0 0 0 0 0 16 0 0 0 0 0 1 0 0 0 0 0 5 0 0 6 0 0 0 0 0 0 0 0 0 0 0 0 0 0 0 0 0 0 0 0 0 0 1 
 0 0 0 0 0 0 0 0 0 0 0 0 0 0 2 0 0 0 0 0 21 0 0 0 0 0 0 6 0 0 0 0 0 0 67 0 3 0 0 1 276 97 43 93 59 247 0 92 44 287 51 31 549 501 47 26 93 229 57 217 1 0 0 0 0 0 0 0 0 0 0 0 0 0 0 0 0 0 0 0 0 0 0 0 0 0 0 0 0 0 0 50 0 0 0 0 0 0 0 0 0 0 0 0 9 0 0 0 0 0 0 0 0 0 0 0 6 0 0 0 51 64 21 36 7 0 19 57 27 8 8 38 0 102 40 42 6 6 0 0 0 0 0 0 0 0 0 0 0 1 0 0 0 0 3 0 1 0 0 0 0 0 0 0 0 0 0 0 0 0 0 0 0 0 0 0 0 0 0 0 0 0 0 0 0 0 0 0 0 0 0 0 0 0 0 0 0 10 0 0 10 22 19 3 4 0 41 22 31 26 9 0 43 45 65 16 3 6 0 0 0 0 0 0 0 0 0 0 0 0 0 0 0 0 0 0 0 0 0 0 0 0 0 0 0 0 0 0 0 0 0 2 0 2 0 0 0 0 0 1 0 0 0 0 0 3 4 0 0 0 0 0 0 0 0 0 0 0 0 0 0 0 31 0 4 0 0 0 1 0 
 0 0 0 2 0 0 2 0 0 0 0 0 0 0 5 0 0 0 0 0 0 0 0 0 0 0 0 0 0 0 6 0 29 0 0 0 0 1 0 0 530 313 142 302 69 64 92 0 94 49 45 39 122 362 158 173 405 34 49 121 0 3 0 0 7 0 0 3 0 2 0 0 2 2 5 2 0 0 3 7 0 0 0 0 0 0 0 0 0 0 0 0 0 0 0 0 0 0 0 0 0 0 0 0 0 0 0 0 0 0 0 0 0 0 0 0 0 0 0 0 19 40 32 11 0 0 9 9 45 12 20 23 19 5 5 17 11 11 0 0 0 0 0 0 0 0 0 0 0 12 0 0 0 1 0 0 0 0 0 0 0 0 0 0 0 0 0 0 0 0 0 0 8 0 0 0 0 0 0 0 0 0 0 0 7 0 0 0 0 0 0 0 5 0 0 0 0 0 0 0 7 20 45 1 0 0 3 17 22 30 15 0 0 3 21 29 17 8 0 0 0 0 0 0 0 0 0 0 0 0 0 0 0 0 0 0 0 0 0 9 0 0 0 0 0 0 0 0 0 33 0 9 0 2 0 0 0 0 0 1 0 0 0 0 1 0 0 0 1 0 0 0 0 0 0 0 0 0 0 0 0 0 0 0 4 11 0 0 0 0 
 2 2 2 2 66 2 5 2 2 3 2 2 2 2 2 2 2 2 4 2 3 5 3 4 3 3 3 3 3 3 3 3 3 4 3 6 3 3 3 3 59 310 190 75 290 51 44 94 0 313 63 37 337 113 137 468 227 236 70 63 0 0 0 0 0 0 0 17 0 2 0 0 0 0 0 0 0 6 1 0 0 0 15 0 0 0 0 0 0 0 0 0 0 0 0 0 0 0 0 0 0 0 0 0 0 0 0 0 16 0 0 0 0 0 0 0 0 0 0 0 0 10 9 39 13 44 0 0 0 10 71 57 0 0 0 0 10 13 0 0 0 0 0 0 0 0 0 0 0 0 0 0 0 2 0 0 0 0 9 32 0 0 0 0 0 0 0 0 0 0 0 0 0 0 0 0 0 0 0 0 0 0 0 0 0 0 0 0 0 0 0 0 0 0 0 0 0 0 0 0 0 0 9 14 32 11 0 0 9 10 67 19 0 0 0 35 62 44 0 0 0 0 0 0 0 0 0 0 0 0 0 0 1 1 0 0 0 0 1 2 0 0 9 0 0 0 0 0 0 0 0 16 0 0 0 0 0 0 0 4 0 0 3 1 0 36 2 1 0 0 10 0 0 0 0 0 0 0 0 0 0 0 0 0 0 20 0 0 2 0 
 1 0 0 0 0 1 5 0 0 2 0 3 0 0 1 1 1 0 0 0 0 1 0 0 4 0 0 0 0 0 3 0 0 0 0 0 3 3 0 0 132 35 155 320 370 44 287 49 313 0 546 62 274 87 304 242 160 66 74 84 2 0 0 0 7 0 0 0 0 0 7 0 0 0 0 1 0 8 0 0 0 0 0 0 0 0 0 0 0 0 0 0 0 0 0 0 0 0 0 0 0 18 0 0 0 0 0 0 0 0 0 3 0 0 0 0 0 0 0 0 0 0 0 15 13 30 0 0 0 31 29 5 0 0 0 0 0 10 0 0 0 1 0 0 0 0 0 0 0 0 0 0 8 4 0 0 0 0 10 0 0 0 0 0 0 0 0 0 0 0 0 0 0 0 12 0 0 0 0 0 0 0 0 0 0 0 0 0 0 0 0 0 0 0 0 0 10 0 0 0 0 18 0 18 7 23 0 0 0 20 30 47 0 0 0 0 24 26 0 0 0 0 0 0 0 0 1 0 0 0 1 0 0 0 0 0 0 0 21 0 0 0 3 0 0 0 0 0 0 0 0 9 0 0 0 0 0 0 0 21 0 0 70 65 0 13 0 67 2 0 14 0 0 0 0 0 0 0 0 0 0 0 0 0 0 0 0 0 1 0 
 0 0 0 0 0 0 0 0 0 0 0 1 0 0 0 0 1 0 0 0 0 0 1 0 0 0 0 75 0 5 2 0 0 22 0 0 0 0 0 0 239 37 57 126 304 71 51 45 63 546 0 300 34 38 66 87 224 314 54 67 0 0 0 1 11 0 0 0 0 0 7 0 0 0 0 53 28 0 0 0 0 10 0 0 0 0 0 0 0 0 0 0 0 0 0 0 0 0 0 0 0 0 0 0 0 0 0 0 0 0 0 0 0 0 0 0 0 0 0 0 0 0 8 11 21 19 0 0 0 7 7 14 0 0 0 0 0 5 17 0 0 3 0 0 0 0 5 0 0 0 0 0 9 2 0 0 0 9 9 0 0 0 0 0 0 0 0 0 0 0 0 0 0 0 0 0 0 0 0 0 0 0 0 0 0 0 0 0 0 0 0 0 0 0 0 0 0 0 0 0 0 0 0 20 38 18 0 0 15 20 1 23 0 0 0 0 1 3 0 0 1 0 0 0 0 0 0 0 0 0 0 15 20 0 0 0 0 0 17 0 0 0 9 0 0 0 0 0 0 0 0 2 0 0 0 0 0 0 0 10 0 0 2 3 0 7 0 8 0 0 10 0 0 0 0 0 0 0 0 0 0 0 0 0 0 0 0 0 2 0 
 0 0 0 0 0 2 0 0 0 2 0 0 0 0 0 0 0 0 0 0 0 0 0 0 0 0 0 0 1 0 0 4 0 2 0 0 0 0 0 0 56 43 48 304 319 64 31 39 37 62 300 0 87 28 29 242 83 307 30 27 2 0 60 3 2 0 0 5 0 0 4 0 0 0 0 19 0 0 0 0 0 0 0 0 0 0 0 0 0 0 9 0 0 0 0 0 0 0 0 0 0 0 0 0 0 2 0 0 0 0 0 0 0 0 13 0 0 0 0 0 0 0 0 2 16 56 0 0 0 0 1 7 0 0 0 0 0 3 0 0 0 4 0 0 0 0 30 0 0 0 0 0 22 0 0 0 0 13 54 57 0 0 0 0 0 0 0 0 0 0 4 0 0 0 0 0 0 0 0 0 0 0 0 0 0 0 0 0 0 0 0 0 0 0 0 0 0 0 0 0 0 0 7 8 28 7 0 0 2 0 7 7 0 0 0 0 0 1 0 0 0 0 0 0 0 0 10 1 0 0 0 0 57 20 0 0 0 0 30 4 0 0 0 0 0 0 0 0 0 0 0 21 0 0 0 0 0 0 0 16 0 0 71 63 0 0 2 64 0 0 0 0 0 0 0 0 0 0 0 0 0 0 0 0 0 0 0 0 1 0 
 0 0 0 0 0 0 2 0 0 0 0 0 0 0 0 0 0 0 0 0 0 0 0 0 0 0 2 0 0 0 1 0 0 0 0 0 0 0 0 0 89 63 301 101 93 19 549 122 337 274 34 87 0 147 76 35 53 48 300 229 1 0 0 0 0 0 0 0 0 0 0 0 0 0 0 0 0 0 0 0 0 0 0 0 0 0 0 0 0 0 0 0 0 0 0 0 0 0 0 0 0 0 0 0 1 0 0 0 0 0 0 0 0 1 0 0 0 0 0 0 51 0 1 0 0 0 13 61 0 0 0 0 0 32 39 34 0 1 0 13 0 0 0 0 0 0 0 0 0 0 0 0 0 0 3 0 50 0 0 0 0 0 0 1 0 0 0 0 0 0 0 0 0 0 0 0 0 0 18 0 0 0 0 0 7 0 0 0 0 0 0 0 3 0 0 0 0 0 0 0 73 12 0 0 0 0 46 13 23 0 0 0 5 36 33 0 0 0 16 0 0 0 0 28 0 0 0 0 0 0 0 0 0 0 0 31 0 0 0 0 0 0 0 0 0 0 0 0 0 0 0 23 0 2 0 0 0 0 1 2 0 0 2 0 1 2 1 0 2 0 0 0 0 0 0 0 0 0 0 0 0 0 0 0 0 0 0 0 0 0 
 0 0 0 0 0 0 0 0 0 0 0 0 0 0 0 0 0 0 0 0 0 0 0 0 0 0 0 3 0 0 0 0 1 1 0 0 3 0 0 0 131 53 52 61 95 55 501 362 113 87 38 28 147 0 320 43 125 22 77 163 7 9 3 0 2 0 0 9 4 0 0 0 3 31 6 3 0 1 1 2 0 0 0 0 0 0 0 0 0 0 0 0 0 0 14 0 0 10 0 0 0 0 0 0 0 0 0 0 0 0 0 0 0 0 0 0 0 0 0 0 0 27 10 0 0 0 0 20 31 26 0 0 0 2 36 59 11 15 0 0 0 0 16 0 0 0 0 0 7 21 0 1 0 0 0 12 0 18 0 12 0 0 0 0 0 0 0 0 0 0 0 0 0 0 0 10 0 0 0 0 12 0 0 0 0 0 0 0 0 0 0 0 0 0 0 0 0 0 0 8 21 49 28 0 0 0 0 11 13 30 0 0 19 14 40 3 0 46 0 0 0 0 0 27 7 0 0 0 0 16 0 0 0 12 0 10 8 16 1 0 0 0 0 0 0 1 0 0 0 0 0 7 0 2 0 0 0 0 0 1 0 0 0 0 2 3 1 0 0 0 0 0 0 0 0 0 0 0 0 0 0 0 0 0 9 1 0 0 1 0 
 0 0 0 0 0 3 0 0 0 0 0 0 0 0 8 0 0 0 0 0 3 3 4 3 3 3 3 3 7 3 3 3 3 6 3 3 5 3 3 3 196 293 281 76 78 264 47 158 137 304 66 29 76 320 0 220 53 55 55 311 0 0 1 15 4 0 0 0 1 6 2 14 0 0 0 1 8 8 7 0 0 0 0 0 0 0 0 0 0 0 0 0 0 0 0 0 0 0 0 0 0 0 0 0 0 0 0 0 0 0 0 0 0 0 0 0 0 0 0 0 0 31 32 10 0 0 0 0 54 19 45 34 0 0 0 23 11 5 0 0 0 0 0 2 7 10 0 0 0 4 0 8 0 1 0 0 0 0 0 0 0 0 0 0 3 0 0 0 0 0 0 0 0 0 0 0 0 0 0 0 0 0 0 0 0 0 0 18 0 0 0 0 0 0 0 0 0 0 0 0 0 41 33 2 0 0 0 9 15 25 19 0 0 0 20 42 11 17 0 0 0 0 0 0 0 12 0 0 0 0 0 0 0 0 0 0 0 0 0 0 0 0 1 0 0 0 0 0 0 0 0 5 0 0 0 0 0 0 0 0 0 0 36 0 3 7 0 0 0 0 0 0 0 0 0 2 0 0 0 0 0 0 0 0 3 25 0 0 2 0 
 64 62 2 2 1 0 3 30 1 1 2 1 0 71 0 102 6 2 0 0 2 2 2 2 2 2 2 2 2 2 2 2 2 2 2 2 2 67 2 2 261 201 153 50 68 74 26 173 468 242 87 242 35 43 220 0 187 619 47 89 2 0 0 0 0 0 0 2 0 5 0 0 0 0 0 0 0 4 1 0 0 12 0 0 0 0 0 0 1 3 0 0 0 18 8 5 16 0 0 0 0 0 0 0 0 0 0 0 0 0 0 0 0 0 0 0 0 0 0 0 0 5 20 73 0 0 0 0 42 13 27 54 0 0 0 0 15 43 0 0 0 0 0 0 0 0 0 0 0 8 0 0 0 11 0 0 0 0 0 0 19 29 16 8 0 0 0 64 2 31 0 0 0 0 4 11 64 1 0 13 0 0 0 0 0 0 0 0 0 0 0 0 0 0 0 0 0 0 0 0 0 33 16 8 0 0 0 0 19 18 49 12 0 0 0 22 43 25 0 0 0 0 0 0 0 0 0 0 0 0 0 0 0 0 0 11 0 0 0 0 0 15 10 0 0 0 2 0 0 0 0 13 0 0 0 0 0 0 0 11 0 0 3 1 0 13 0 1 0 0 0 0 0 0 0 0 0 0 0 0 0 0 0 0 9 21 0 0 2 0 
 0 0 1 0 0 0 2 0 0 0 0 0 0 0 0 0 1 0 0 0 0 0 0 0 1 59 63 0 0 0 0 0 0 0 1 0 0 3 0 0 110 93 117 164 57 69 93 405 227 160 224 83 53 125 53 187 0 393 243 37 3 0 0 0 7 3 0 2 0 0 8 0 2 0 0 4 0 7 52 0 0 0 0 0 0 0 0 0 0 0 0 0 0 0 0 0 0 0 0 0 0 17 0 0 0 0 0 0 0 0 0 0 0 0 0 0 0 0 0 0 0 9 0 18 6 48 0 0 0 3 41 28 0 0 0 0 1 10 0 16 0 0 0 0 0 0 0 0 0 17 0 0 0 4 0 0 0 0 26 10 0 0 0 0 0 0 0 0 0 0 0 0 0 0 0 0 0 0 0 0 0 0 0 0 0 0 0 0 0 22 0 0 0 20 0 0 0 0 6 0 0 0 4 13 16 10 0 0 0 21 50 27 0 0 0 12 32 27 0 0 0 0 0 0 0 0 1 0 0 0 0 0 7 0 1 0 0 7 6 0 0 0 2 0 0 0 0 0 0 0 0 11 0 1 0 0 0 0 0 8 0 0 0 62 0 16 0 64 0 0 17 0 0 0 0 0 0 0 0 0 0 0 6 0 1 0 0 0 2 0 
 0 0 0 1 0 0 0 0 0 0 0 0 0 0 7 0 67 0 0 0 0 0 0 0 0 0 28 0 1 0 0 0 0 0 0 0 0 2 1 0 97 68 169 312 67 81 229 34 236 66 314 307 48 22 55 619 393 0 258 41 3 0 0 0 11 0 4 0 0 0 7 0 12 4 0 1 0 7 5 5 0 0 0 0 0 0 0 0 0 0 0 0 0 0 0 0 0 0 0 0 0 0 0 0 0 0 0 0 0 0 0 0 0 0 0 0 0 0 0 0 0 1 0 15 11 21 0 14 0 9 27 7 0 0 0 0 1 22 0 0 0 7 0 0 0 0 0 7 0 1 0 0 0 10 7 4 8 0 0 0 0 0 0 0 0 0 0 0 0 0 0 0 0 0 0 0 0 0 0 0 0 0 0 0 0 0 0 0 0 0 0 0 0 0 0 0 0 0 0 0 0 0 0 12 9 18 0 0 0 22 30 21 0 0 4 1 24 24 0 0 0 4 10 0 0 0 49 5 2 0 0 0 0 0 3 0 0 0 31 0 0 0 3 0 0 0 0 0 0 0 0 11 0 0 0 0 0 0 0 19 0 0 62 61 3 14 4 73 0 0 13 0 0 0 0 7 0 0 0 0 0 0 0 0 1 0 0 0 1 0 
 0 0 0 0 0 0 0 0 0 0 0 2 0 0 0 0 0 0 0 0 0 0 0 0 2 198 0 0 0 0 0 0 0 0 3 4 0 3 0 0 44 39 88 67 87 48 57 49 70 74 54 30 300 77 55 47 243 258 0 248 0 1 4 2 25 0 0 3 55 9 1 0 0 2 0 205 4 2 0 0 0 0 0 0 0 0 0 6 0 0 0 0 0 0 0 0 13 0 0 0 6 2 0 0 2 0 0 0 0 0 0 0 0 0 0 1 0 0 0 0 60 1 0 0 0 0 33 30 0 14 0 0 8 45 0 1 0 0 49 1 0 0 1 4 4 2 0 0 0 1 14 8 0 9 4 0 9 0 0 0 0 0 0 0 0 0 0 0 0 0 2 0 0 0 0 0 0 0 6 0 0 0 0 0 0 10 0 0 0 0 0 0 0 0 0 0 0 0 0 0 22 0 0 0 0 6 26 10 17 0 0 0 32 21 1 0 0 0 20 35 0 0 0 17 6 2 0 0 0 0 3 39 0 0 0 0 0 0 0 0 0 0 0 0 0 62 0 0 0 0 0 1 0 0 0 0 0 0 0 0 0 0 0 0 0 2 2 0 0 0 10 0 0 0 0 1 0 0 0 0 0 0 0 13 0 0 0 0 0 9 
 0 0 0 0 0 0 2 0 0 0 0 2 0 0 1 0 0 0 0 0 2 2 2 9 4 1 2 64 3 73 6 4 2 1 2 1 5 5 2 2 84 39 264 61 282 44 217 121 63 84 67 27 229 163 311 89 37 41 248 0 1 2 0 0 3 1 0 0 0 0 0 0 0 0 0 0 0 0 0 0 0 0 0 0 0 0 0 0 0 0 0 0 0 0 0 0 0 0 0 20 0 0 0 2 3 0 0 0 0 4 0 0 0 0 0 0 6 5 0 0 44 21 2 1 0 0 14 61 20 36 0 0 0 25 66 53 1 1 1 18 0 0 0 0 0 0 0 0 0 0 0 2 0 0 4 0 8 0 0 15 0 0 0 0 0 0 0 0 0 0 0 0 0 0 0 0 0 0 5 0 0 0 0 0 6 0 0 0 0 0 0 2 0 0 0 0 0 7 2 0 35 27 0 0 0 0 23 31 25 4 0 0 27 54 36 0 0 0 8 0 0 0 0 0 0 0 0 0 0 0 0 0 0 0 0 0 17 0 0 0 0 0 19 0 0 0 0 0 0 18 0 16 0 1 0 0 0 0 5 2 0 0 68 0 1 1 0 0 0 0 0 0 0 0 0 0 0 0 0 0 0 2 0 0 1 0 0 0 2 0 
 0 0 0 0 50 0 0 0 0 0 0 0 0 0 0 0 0 0 43 0 0 0 0 0 0 0 0 0 52 0 0 0 0 0 0 0 0 0 0 0 2 2 0 4 1 5 1 0 0 2 0 2 1 7 0 2 3 3 0 1 0 69 59 268 46 274 220 124 49 36 54 102 477 301 185 233 50 34 454 42 15 0 0 0 0 0 16 1 11 0 0 0 20 0 0 0 0 0 7 0 0 0 0 0 0 0 0 0 0 0 0 0 0 0 0 0 0 0 0 0 0 0 0 0 0 0 0 0 0 0 0 10 0 0 20 0 0 0 0 0 1 8 14 0 0 20 0 1 29 11 20 0 0 0 21 26 23 0 0 0 0 0 0 0 0 0 1 3 0 4 0 0 17 0 0 0 0 0 8 0 0 0 0 0 0 0 0 0 0 0 0 0 0 0 0 0 0 0 0 0 0 16 0 0 0 0 0 0 0 0 0 0 0 0 0 0 0 0 0 0 0 4 33 0 0 0 1 20 28 19 15 0 0 0 0 18 33 30 0 0 0 0 0 0 0 0 0 0 0 0 0 0 0 0 19 0 0 0 0 0 0 0 0 0 0 0 0 0 0 0 0 0 0 17 2 0 0 0 0 0 0 0 0 0 0 2 0 0 0 0 
 0 0 0 0 0 2 0 0 0 0 0 0 0 0 0 0 0 0 0 0 0 0 0 0 0 0 0 0 0 0 0 0 0 2 0 0 0 51 0 0 5 0 0 0 0 0 0 3 0 0 0 0 0 9 0 0 0 0 1 2 69 0 190 53 468 22 63 190 256 34 246 51 38 52 480 172 231 35 49 260 0 0 0 0 1 0 0 0 0 0 0 0 0 0 0 0 0 0 0 0 0 0 0 0 0 0 0 0 0 0 0 0 0 0 0 0 0 1 0 0 0 0 0 0 0 0 0 0 0 0 0 0 0 0 0 0 0 0 0 0 0 0 7 16 0 40 0 0 15 23 43 31 4 0 1 12 1 2 0 0 34 0 0 0 0 0 3 0 0 6 0 0 0 0 0 0 0 0 0 0 0 0 0 0 0 0 0 0 0 0 13 0 0 0 0 0 0 0 0 0 0 20 0 0 0 35 0 0 0 0 0 0 0 0 0 0 0 0 0 0 0 2 0 22 17 1 0 6 23 38 25 1 0 0 3 16 6 22 0 0 8 0 0 0 0 0 0 0 0 0 0 0 0 0 6 0 0 0 0 0 0 0 0 0 0 0 15 0 0 0 46 0 0 21 0 0 0 0 0 0 0 0 0 0 0 2 0 10 0 0 
