 0 172 73 50 35 252 458 404 217 33 43 34 276 279 471 47 238 43 48 284 0 0 3 0 0 2 0 0 0 0 3 1 4 2 0 20 2 79 0 0 0 0 2 0 3 0 1 0 4 2 0 2 0 3 2 0 2 0 0 0 6 0 0 3 0 0 0 11 3 1 0 0 2 3 0 3 2 0 0 3 48 47 52 0 0 0 20 58 35 0 0 0 33 16 37 0 8 0 0 0 0 0 0 0 0 0 0 0 0 1 0 0 0 0 0 0 0 0 0 0 0 0 0 0 0 0 0 0 0 0 0 0 0 0 0 0 0 0 0 1 1 0 0 0 0 0 0 0 0 0 0 0 0 0 0 0 0 0 0 0 60 23 14 0 0 1 0 1 16 0 0 0 0 40 22 0 0 11 0 1 0 0 0 1 0 0 0 0 0 0 0 0 0 0 0 0 0 0 0 0 12 0 2 0 0 7 0 0 0 0 0 0 0 0 0 0 0 0 0 0 0 0 0 0 0 19 0 0 0 0 0 0 0 0 0 0 0 0 0 0 0 0 0 0 0 0 0 0 3 0 0 11 0 0 0 0 0 0 0 0 0 0 0 0 0 0 0 0 0 0 0 0 0 0 0 0 0 0 0 0 0 0 0 0 0 0 0 0 0 0 
 172 0 476 63 117 43 298 421 388 52 35 46 65 271 403 402 217 30 122 51 206 0 0 0 0 2 0 0 0 0 2 0 3 2 0 0 2 0 0 0 0 0 0 0 5 0 0 0 0 0 0 2 0 3 2 0 2 6 0 0 0 7 0 0 0 0 0 3 2 7 0 0 0 3 0 0 0 0 0 49 30 36 33 12 0 0 0 24 16 44 19 21 0 14 12 44 44 107 0 0 0 0 0 0 0 0 0 0 0 2 0 0 0 0 0 0 0 0 0 0 0 0 0 0 0 0 0 0 0 0 9 0 0 0 0 0 0 0 0 17 0 0 0 0 0 0 0 0 0 0 0 0 0 0 0 0 0 0 0 5 0 38 23 0 0 0 0 17 52 0 9 0 0 0 41 29 19 57 0 1 0 0 0 0 0 0 0 0 0 0 0 0 0 0 0 0 0 0 0 0 0 0 1 0 0 19 0 0 0 0 0 0 0 0 0 0 0 0 0 0 0 0 0 0 0 0 0 0 0 0 0 0 0 0 0 0 0 0 0 0 0 12 0 0 0 0 1 0 4 1 0 8 17 0 0 0 0 0 0 0 0 0 41 0 0 0 0 0 0 0 0 0 0 0 0 0 0 0 0 0 0 0 0 0 0 0 0 0 0 0 
 73 476 0 92 93 42 62 72 273 427 47 36 80 56 59 458 283 410 46 40 0 1 5 0 5 4 1 0 0 0 2 6 3 0 0 0 2 2 1 4 1 0 0 1 5 0 9 1 3 5 4 1 0 3 2 3 0 8 1 0 1 9 42 5 0 0 0 3 4 7 0 0 2 3 6 4 3 2 0 3 0 0 19 42 1 0 0 0 19 28 28 33 0 0 12 40 51 44 0 0 0 0 0 1 0 0 0 0 0 0 0 0 0 10 0 0 0 0 0 0 0 0 0 2 0 0 0 0 0 0 0 0 0 0 0 0 0 2 0 15 0 0 0 0 0 0 0 0 1 0 1 0 0 2 0 0 0 0 0 11 0 14 15 9 0 0 0 74 30 12 54 2 0 2 31 26 54 24 0 1 0 0 0 0 0 0 0 0 1 0 0 0 0 0 0 0 0 0 0 0 0 0 0 0 0 0 0 0 0 0 0 0 0 0 0 0 0 0 0 0 0 0 0 0 31 0 0 0 0 0 0 0 0 0 0 0 0 0 0 0 0 14 0 0 0 2 5 0 2 2 0 14 4 0 0 0 0 0 0 0 0 0 9 0 0 0 0 0 0 0 0 0 0 0 0 19 9 12 0 0 0 0 0 0 0 0 0 0 0 0 
 50 63 92 0 301 250 112 259 102 681 130 392 102 85 75 70 225 616 90 49 0 0 0 0 0 1 0 0 0 0 2 0 5 2 2 0 4 2 0 0 0 0 0 0 3 0 6 0 0 0 0 0 0 3 2 0 0 3 0 0 0 18 0 4 0 0 0 3 2 0 0 0 0 3 0 0 0 0 0 3 0 0 0 42 17 0 0 0 14 1 43 43 1 0 0 1 25 1 1 0 0 0 0 0 0 0 0 0 0 0 0 0 0 0 0 0 0 0 7 0 0 1 1 0 0 0 0 0 0 0 0 0 0 39 0 0 2 0 0 0 0 0 0 0 0 0 3 0 0 0 2 0 0 0 0 0 0 1 0 0 0 0 8 26 11 0 0 0 0 21 64 35 4 0 0 0 15 2 1 6 2 0 0 0 0 0 0 0 0 0 0 0 4 0 0 0 8 0 23 0 2 0 0 0 0 0 0 0 0 0 0 0 0 0 0 0 1 0 0 0 0 0 0 0 0 1 0 0 0 0 0 0 0 0 0 0 0 0 2 0 0 0 0 0 0 2 10 0 2 54 2 7 1 0 0 0 0 0 0 0 0 0 0 0 0 0 1 0 0 2 0 0 0 0 0 31 13 10 0 0 0 0 0 0 0 0 0 0 0 0 
 35 117 93 301 0 344 70 45 123 377 79 379 96 76 65 85 135 331 95 74 0 0 0 0 2 0 0 0 0 0 2 0 4 0 0 0 2 0 1 0 0 0 0 0 90 70 4 0 0 0 0 0 0 3 2 0 0 4 0 0 0 0 0 4 0 0 0 3 3 0 0 0 0 3 0 34 7 0 0 3 0 1 22 13 38 23 0 0 0 11 24 17 1 0 9 11 11 11 0 0 0 0 0 0 0 0 0 0 0 0 0 0 11 0 14 0 0 0 27 38 0 0 12 0 1 0 0 0 0 0 0 0 0 6 0 0 0 0 0 0 0 0 0 0 0 0 0 0 0 0 4 0 0 0 0 0 0 0 0 0 0 0 0 0 24 6 0 0 8 10 15 13 10 0 12 9 9 13 0 5 0 0 0 2 0 0 0 0 0 0 0 0 20 0 2 0 0 0 6 11 0 0 0 0 0 0 0 0 1 0 0 0 0 0 0 0 0 0 0 0 0 0 0 2 0 0 0 0 0 0 0 0 0 0 0 0 0 0 0 0 0 13 0 0 0 0 4 0 0 4 0 12 3 0 0 0 0 0 0 0 0 0 10 0 0 0 0 0 0 0 0 0 0 0 0 0 0 0 0 0 0 0 0 0 0 0 0 0 0 0 
 252 43 42 250 344 0 271 30 59 56 293 302 32 38 308 67 77 62 48 63 0 0 1 0 0 0 0 0 0 0 3 0 32 0 1 0 2 0 317 77 0 0 0 0 49 0 0 0 0 2 0 2 0 3 2 0 2 0 0 0 0 0 3 4 0 0 0 3 1 0 0 0 0 3 0 0 5 1 0 3 0 0 1 0 19 44 0 0 0 0 0 0 0 0 0 1 0 0 0 0 23 0 0 2 0 0 33 13 0 0 0 0 41 15 0 0 0 1 44 21 0 0 14 0 0 0 0 0 0 0 0 0 0 0 0 0 0 1 0 0 1 0 0 1 1 0 0 0 0 0 0 0 1 2 0 0 0 0 0 0 0 0 2 0 32 40 2 0 0 0 0 0 1 2 0 0 0 0 0 19 0 0 1 0 0 0 10 14 1 0 0 0 52 15 34 0 0 0 44 30 0 0 0 0 0 0 0 0 0 0 0 0 0 0 0 0 0 0 0 20 0 0 0 14 0 0 0 0 0 0 0 0 0 0 0 0 0 0 0 0 0 0 0 0 0 4 5 0 1 0 0 11 0 0 0 0 0 0 0 0 0 0 0 0 0 0 0 0 0 0 0 0 0 7 0 0 0 0 0 0 0 0 0 0 0 0 0 0 0 0 
 458 298 62 112 70 271 0 311 156 44 99 42 644 440 152 50 18 28 91 277 1 0 0 0 0 1 0 0 2 0 2 0 4 0 0 0 4 1 0 0 0 0 0 0 3 0 0 0 0 0 0 1 0 3 2 0 1 0 0 0 4 0 0 0 0 0 0 10 3 0 0 0 0 3 0 0 0 0 0 3 11 29 10 0 0 0 33 38 23 0 0 0 13 15 34 0 18 0 28 51 0 0 0 0 0 0 1 0 0 0 0 0 0 0 2 0 0 0 2 0 0 11 0 0 0 0 1 1 0 11 0 0 0 0 0 0 0 0 0 0 0 0 0 0 0 1 0 0 0 0 0 0 0 0 0 12 1 0 0 0 37 1 1 0 0 2 1 24 1 0 0 0 14 17 6 1 0 0 18 46 0 2 0 0 0 0 0 0 0 0 1 0 0 0 0 0 0 0 0 0 0 0 0 0 0 0 0 0 0 0 0 0 1 0 1 0 0 0 0 0 0 0 0 0 0 0 0 0 0 0 0 0 19 0 0 0 0 0 13 0 0 0 0 0 0 3 0 0 2 1 2 9 0 0 0 0 0 0 0 0 0 0 0 0 0 0 0 0 0 0 0 0 0 0 0 0 0 0 0 0 10 0 0 0 0 0 0 0 0 0 
 404 421 72 259 45 30 311 0 72 37 27 26 115 496 162 43 40 239 74 46 0 0 2 0 0 1 0 0 0 0 76 0 5 0 0 0 2 0 0 0 0 0 0 0 3 0 0 0 0 0 0 0 0 3 2 0 0 0 0 61 5 1 0 0 0 0 0 4 3 0 0 0 0 3 0 0 0 0 0 3 16 50 36 15 0 0 1 24 49 10 10 1 26 11 35 22 37 11 0 1 0 0 0 0 0 0 0 0 0 0 0 0 0 9 0 0 12 0 0 0 1 1 0 0 0 0 0 8 0 0 13 0 0 0 0 0 2 0 1 54 0 0 0 0 0 0 0 0 0 0 0 0 0 0 0 0 0 1 0 2 14 29 10 0 0 0 0 16 8 1 0 1 0 2 57 19 13 41 1 0 2 0 0 0 0 1 0 0 0 0 0 0 0 0 0 0 11 0 0 0 2 0 0 0 0 0 0 1 0 0 0 0 0 0 0 0 1 0 0 0 0 0 0 0 0 0 0 0 0 1 0 0 0 0 0 14 0 0 2 0 0 17 0 0 0 0 0 0 0 0 0 5 0 0 0 0 0 0 0 0 0 0 0 0 0 0 1 0 0 2 51 0 0 0 0 0 0 0 0 0 0 0 0 0 0 0 0 0 0 0 
 217 388 273 102 123 59 156 72 0 793 281 347 150 86 113 136 439 383 105 55 3 0 1 2 0 1 0 0 0 2 5 3 5 0 0 2 2 0 4 0 3 0 4 0 5 2 8 40 3 0 2 0 0 3 5 3 0 8 8 0 0 11 0 3 0 0 1 3 2 4 0 2 0 3 2 5 36 1 0 6 1 2 24 39 0 0 0 0 15 35 36 9 0 0 10 40 48 43 2 1 0 0 0 0 0 0 0 0 0 0 0 0 0 0 16 0 0 0 0 0 0 2 0 18 1 0 0 0 0 0 0 3 0 1 0 0 0 0 2 14 0 0 0 0 0 0 0 0 0 0 0 0 0 0 0 0 0 2 12 26 0 15 12 12 0 0 0 20 27 11 41 0 0 0 28 34 38 31 0 0 0 0 0 1 0 0 0 0 0 15 0 0 0 0 0 0 12 0 0 0 1 0 0 0 0 0 0 2 0 0 0 0 0 0 0 0 2 0 0 0 0 0 0 2 0 0 0 0 0 19 0 0 0 0 0 0 0 3 1 0 0 14 0 0 0 2 4 0 0 2 0 23 2 0 2 0 0 0 0 0 0 0 10 0 0 0 2 0 0 0 0 0 0 0 0 28 10 16 0 0 0 0 0 0 0 0 0 0 0 0 
 33 52 427 681 377 56 44 37 793 0 347 50 56 98 109 455 223 160 303 57 0 0 2 0 0 2 0 0 0 0 2 3 5 0 1 0 2 32 0 0 0 0 2 0 3 0 8 0 2 2 0 2 0 3 2 0 4 3 0 0 0 12 0 0 0 1 2 3 11 13 0 0 0 12 51 0 1 0 0 3 0 0 6 44 0 0 0 0 9 20 49 29 0 0 0 32 26 37 0 0 0 0 0 0 0 0 0 0 0 0 0 0 2 0 0 0 0 0 0 0 0 0 0 0 0 0 0 0 0 0 0 0 0 32 0 0 0 0 0 0 0 0 0 0 0 0 0 0 0 0 0 0 0 0 0 0 0 0 0 8 0 4 37 25 0 0 0 0 28 39 44 10 0 12 0 7 25 9 0 4 0 0 0 0 0 0 1 0 0 0 0 0 0 0 0 0 0 0 1 0 0 0 0 0 0 0 0 0 0 0 0 0 0 0 0 0 0 0 0 0 2 0 0 0 0 2 0 0 0 0 0 0 0 0 0 0 0 2 0 13 0 0 0 0 0 0 172 0 4 175 0 4 13 0 0 0 2 0 0 0 0 0 12 0 0 0 0 0 0 0 0 0 0 0 0 34 11 16 0 0 0 0 0 0 0 0 0 0 0 0 
 43 35 47 130 79 293 99 27 281 347 0 412 67 33 59 81 265 512 33 62 0 0 2 2 2 1 2 2 2 0 4 0 3 0 3 2 4 0 83 0 1 0 0 2 7 0 6 0 0 0 69 0 0 4 2 0 0 5 0 0 0 0 0 0 0 0 0 3 2 0 0 1 0 3 3 0 0 0 0 3 0 0 0 26 19 0 0 1 34 0 11 27 0 0 0 0 22 5 0 0 0 0 0 0 0 0 0 2 0 0 0 0 0 0 0 0 0 0 10 1 8 0 2 0 0 0 0 0 0 0 0 2 0 0 0 0 0 0 0 0 0 1 0 0 0 0 0 0 0 0 5 0 0 0 0 0 0 0 1 0 2 0 1 27 1 0 0 0 0 21 31 10 22 0 0 0 13 2 0 7 0 0 0 11 0 0 0 0 0 0 0 0 1 0 0 0 0 0 20 7 0 0 0 1 0 1 0 0 6 0 0 0 0 2 0 0 0 0 0 0 0 0 0 0 0 0 0 0 0 0 0 0 0 0 0 0 14 0 0 0 0 0 0 0 1 3 56 0 3 47 0 5 0 0 0 0 0 2 0 0 0 0 0 0 0 0 0 2 0 0 0 0 0 0 1 15 9 16 0 0 0 0 0 0 0 0 0 0 0 0 
 34 46 36 392 379 302 42 26 347 50 412 0 119 37 41 56 65 46 48 40 0 0 0 0 0 1 2 0 2 0 2 0 3 0 0 2 4 0 0 2 0 0 0 0 3 26 0 0 0 0 0 2 0 3 2 0 2 0 0 0 0 0 0 7 0 0 0 3 3 1 0 0 0 3 0 0 0 0 0 3 0 0 1 20 93 0 0 0 0 0 11 27 0 0 0 0 0 1 0 0 2 0 0 0 0 0 0 0 0 0 0 0 15 0 0 0 0 0 19 11 0 0 17 0 0 4 0 0 0 0 0 0 1 10 0 0 0 0 0 0 0 0 0 5 0 2 0 0 0 0 5 0 0 0 0 0 0 0 1 0 0 0 67 14 22 0 0 0 0 25 0 43 6 0 0 0 0 0 0 7 0 0 2 0 0 0 1 0 0 0 0 0 21 1 0 0 0 0 23 1 0 0 0 0 0 0 0 0 0 1 0 9 0 0 0 0 0 0 0 0 0 0 0 0 15 0 0 0 0 0 0 0 0 0 6 0 2 0 0 0 0 0 0 0 0 2 172 0 0 180 0 2 0 13 0 0 0 0 0 0 2 0 0 0 0 0 0 0 0 0 0 0 0 0 0 18 3 0 0 0 0 0 0 0 0 0 0 0 0 0 
 276 65 80 102 96 32 644 115 150 56 67 119 0 115 153 44 62 53 507 659 0 0 0 1 0 2 0 2 0 0 2 68 4 0 0 0 2 0 0 0 0 0 0 0 3 0 0 0 0 0 0 2 0 5 2 3 2 0 0 0 13 0 0 0 0 0 0 10 1 0 0 0 0 3 5 0 0 0 0 3 23 19 2 0 0 0 28 32 0 0 0 1 24 38 35 0 0 0 43 38 0 0 0 0 0 0 0 0 0 0 0 0 0 0 0 0 0 0 0 0 2 2 0 0 0 0 0 0 0 0 0 0 0 0 0 0 1 0 2 0 0 0 0 0 0 0 0 0 0 0 0 0 0 0 0 0 0 2 0 0 34 0 0 0 0 0 14 11 0 0 0 21 41 33 5 0 0 0 20 23 1 17 0 0 0 2 0 0 0 0 0 0 0 0 0 0 0 0 0 0 0 0 0 0 0 0 0 1 0 0 15 0 0 0 0 0 2 0 0 0 0 0 0 0 0 0 0 0 0 2 0 0 0 0 0 0 0 0 1 0 0 0 0 0 0 2 0 0 2 0 2 2 0 0 0 0 0 0 0 0 0 0 0 0 0 0 2 0 0 1 0 0 0 0 0 0 0 0 0 0 0 0 0 0 0 0 0 0 0 0 
 279 271 56 85 76 38 440 496 86 98 33 37 115 0 707 52 33 261 112 304 1 0 0 0 0 2 0 5 61 0 2 0 3 0 0 0 2 0 0 0 0 0 0 0 3 0 1 0 0 0 0 2 0 3 2 0 2 0 0 0 1 0 0 0 0 0 0 39 3 0 0 0 35 3 0 0 0 0 0 3 43 55 65 0 1 0 15 47 35 0 1 0 11 22 36 1 12 0 2 0 0 0 0 0 1 0 0 0 0 0 0 0 0 0 2 0 0 0 0 0 0 0 0 0 0 0 0 0 0 0 0 0 0 0 0 0 0 0 0 0 0 0 0 0 0 0 0 0 0 0 0 0 0 0 0 0 0 0 2 0 48 28 17 0 0 1 0 9 15 3 0 2 0 20 14 0 0 12 0 0 0 2 0 0 0 0 10 0 0 0 0 0 0 0 0 0 0 2 0 0 0 0 0 0 0 0 1 0 0 0 0 0 0 0 0 0 0 0 1 0 0 0 0 0 0 0 0 0 0 0 0 0 0 0 0 0 0 0 0 0 0 0 0 0 0 2 0 0 0 1 0 8 0 0 0 0 2 0 0 0 0 0 0 0 0 0 0 0 0 0 0 0 0 0 0 0 0 0 0 0 0 0 0 0 0 0 0 0 0 0 
 471 403 59 75 65 308 152 162 113 109 59 41 153 707 0 104 40 26 313 104 0 0 0 0 0 1 0 0 0 0 4 0 3 0 0 75 2 0 0 0 0 0 0 0 46 0 0 0 0 0 0 0 0 3 2 0 0 0 0 0 0 0 0 0 0 0 0 6 3 0 0 0 0 3 0 0 0 0 0 3 6 58 37 15 0 0 1 30 44 21 14 1 14 12 21 22 77 9 0 1 0 0 0 0 0 0 0 0 0 0 0 0 0 0 0 0 0 0 0 0 0 0 2 0 0 0 0 0 0 0 0 1 0 0 0 0 0 0 0 17 0 2 0 0 0 0 0 0 0 0 0 0 0 0 0 0 0 0 0 6 11 37 14 0 0 0 0 34 16 1 1 0 0 0 37 90 9 21 0 1 0 0 0 0 0 0 0 0 0 0 0 0 0 0 0 0 0 0 0 0 0 0 0 2 0 2 0 0 0 0 0 0 0 0 0 0 0 0 0 0 0 0 0 0 0 0 0 0 0 0 0 0 0 0 0 0 0 0 0 0 0 15 0 0 2 2 0 2 0 2 0 9 0 0 0 0 0 0 0 0 0 0 0 0 0 0 0 0 0 0 0 0 0 0 0 0 0 0 0 0 0 0 0 0 0 0 0 0 0 0 
 47 402 458 70 85 67 50 43 136 455 81 56 44 52 104 0 248 397 59 46 0 81 1 0 0 1 0 0 0 0 4 0 3 0 0 0 2 1 0 0 0 0 0 0 3 0 5 0 0 0 0 118 0 3 3 0 0 5 83 0 0 10 0 0 0 0 0 2 0 5 0 0 0 3 0 0 0 0 0 3 3 0 21 48 1 1 0 0 13 56 55 13 0 0 10 36 38 52 0 0 0 0 0 0 2 0 0 1 0 0 0 0 0 0 0 0 0 0 12 0 0 0 0 0 0 0 0 0 0 0 0 0 0 0 0 0 3 0 0 15 0 2 0 0 0 0 0 0 0 0 0 0 0 0 0 0 0 0 0 43 0 30 11 12 0 0 0 20 35 12 57 0 0 0 28 34 36 38 0 0 0 0 0 0 0 0 0 0 0 0 14 0 0 0 0 0 0 1 0 0 0 0 0 2 0 2 1 0 0 0 0 0 0 0 0 1 0 0 0 0 0 15 0 0 0 0 0 0 0 0 0 0 2 0 0 0 0 0 15 0 0 14 0 0 2 3 2 2 2 3 0 45 5 0 0 0 0 0 79 0 0 0 12 0 0 0 0 0 0 0 0 0 0 0 0 57 10 19 0 0 0 0 0 0 0 0 0 0 0 0 
 238 217 283 225 135 77 18 40 439 223 265 65 62 33 40 248 0 629 18 21 0 0 0 0 1 4 0 0 0 0 6 0 3 0 2 0 2 2 2 3 0 4 0 3 3 0 4 2 1 3 0 0 0 3 2 3 0 30 3 0 0 10 0 0 0 0 4 3 2 71 3 5 0 4 0 0 0 0 5 6 0 0 8 23 0 0 0 0 13 41 26 24 0 0 0 29 63 69 0 0 0 0 0 0 0 0 0 0 0 0 0 0 11 0 0 0 0 6 0 0 0 1 0 0 0 0 0 0 0 0 0 0 0 0 0 0 0 0 0 15 0 0 0 0 0 0 0 0 0 0 0 0 0 0 2 0 0 0 0 0 0 12 6 28 0 0 0 20 28 26 40 11 0 0 0 18 23 7 15 2 0 0 0 1 0 0 0 0 19 0 0 13 0 0 0 0 0 0 0 0 0 0 0 0 0 0 0 1 2 0 0 0 0 0 0 0 1 0 0 0 0 0 0 1 0 0 0 0 0 0 0 0 0 0 0 0 0 0 0 0 0 0 0 0 0 2 182 0 1 2 0 4 5 0 0 0 0 0 0 0 0 0 18 0 0 0 0 0 0 0 0 0 0 0 0 13 10 12 0 0 0 0 0 0 0 0 0 0 0 0 
 43 30 410 616 331 62 28 239 383 160 512 46 53 261 26 397 629 0 66 247 0 0 0 0 0 3 1 0 0 0 2 2 18 0 0 0 2 0 0 1 54 0 0 54 3 0 3 0 0 0 0 2 0 3 2 0 2 3 0 0 0 9 0 0 0 0 0 3 3 7 33 0 0 3 0 0 32 0 0 3 0 0 13 32 0 0 0 0 16 39 28 38 0 0 1 37 20 45 0 0 0 0 0 1 0 2 0 0 0 0 0 0 0 0 0 0 0 0 5 0 0 0 0 0 0 0 0 0 0 0 0 0 0 0 0 0 0 0 0 1 2 0 0 0 2 0 0 0 0 0 0 0 2 0 0 0 0 0 0 2 0 1 24 24 0 0 0 1 25 40 36 10 0 1 0 16 25 10 17 4 20 0 0 0 0 0 0 0 0 0 0 0 0 0 0 0 0 0 3 0 0 0 0 0 0 0 0 0 0 0 0 0 0 0 0 0 0 0 0 0 0 0 0 0 0 0 0 0 2 0 0 0 0 0 0 0 0 0 0 0 0 0 0 0 0 0 172 0 0 171 3 7 11 0 0 0 0 0 0 0 0 0 13 0 0 75 0 0 0 0 0 0 0 0 0 25 4 13 0 0 0 0 0 0 0 2 0 0 0 0 
 48 122 46 90 95 48 91 74 105 303 33 48 507 112 313 59 18 66 0 547 0 1 0 4 1 7 0 4 0 0 4 0 3 2 1 0 2 22 2 8 0 5 0 3 3 0 0 5 2 3 4 1 0 3 2 3 1 5 3 0 42 0 0 0 0 0 49 7 1 0 0 4 0 7 3 0 48 0 5 8 3 0 0 0 0 1 21 16 0 0 0 0 36 29 5 0 0 0 50 102 0 0 0 0 0 0 0 0 2 0 1 0 0 0 0 0 2 0 0 0 0 0 0 0 0 2 0 0 0 0 0 0 0 1 0 0 0 0 0 2 0 0 0 0 0 14 0 0 0 0 0 1 0 0 0 2 1 0 0 0 8 1 0 0 0 2 31 35 1 0 0 5 32 16 6 0 0 0 39 62 0 0 0 0 2 0 0 0 0 0 0 0 0 0 0 0 0 0 0 0 0 0 0 0 0 0 0 0 0 0 0 0 0 0 0 0 0 0 0 0 0 0 1 0 0 0 0 0 0 0 0 0 0 1 0 0 0 0 0 0 0 0 0 0 0 2 0 1 0 0 0 7 0 0 0 0 0 0 0 0 0 0 0 0 0 0 0 0 0 0 0 0 0 0 0 0 0 0 0 0 0 0 0 0 0 0 0 0 0 0 
 284 51 40 49 74 63 277 46 55 57 62 40 659 304 104 46 21 247 547 0 0 0 1 0 0 2 0 0 0 0 2 0 3 1 0 0 2 0 0 0 0 0 0 0 3 0 0 0 0 0 0 2 0 3 2 0 2 0 0 0 8 0 0 0 0 0 0 19 2 0 0 0 0 3 0 0 0 0 0 3 42 23 0 0 0 2 60 52 19 0 0 2 54 63 42 0 15 0 22 48 0 0 0 0 0 0 0 0 0 0 0 0 0 0 0 0 0 0 0 0 0 0 0 0 0 0 0 0 0 0 0 0 2 2 0 2 0 0 0 0 0 0 0 0 0 1 0 0 0 0 0 0 0 0 0 0 0 0 0 0 32 1 0 0 0 0 54 45 1 0 0 12 36 17 5 0 0 0 8 22 0 10 1 0 0 0 0 2 0 0 0 0 0 0 2 0 0 0 0 0 12 2 0 0 0 0 0 0 0 0 0 0 0 0 0 0 0 0 0 0 0 0 0 0 0 0 0 0 0 0 0 0 0 24 0 0 0 0 0 1 0 0 0 0 0 0 2 2 3 0 2 12 0 0 0 0 0 0 0 0 0 0 0 0 0 0 0 0 0 0 0 0 0 0 0 0 0 0 0 0 0 0 0 0 0 0 0 0 0 0 
 0 206 0 0 0 0 1 0 3 0 0 0 0 1 0 0 0 0 0 0 0 105 54 62 35 37 408 355 30 24 20 37 34 151 339 26 36 27 482 50 0 0 2 0 1 7 0 0 5 2 0 2 2 3 6 0 5 0 64 0 26 0 12 3 0 0 12 0 1 0 5 0 0 2 0 4 0 1 1 0 0 0 9 0 0 0 0 0 0 0 0 0 0 0 0 0 0 0 0 0 13 71 27 13 0 0 17 45 31 7 0 0 1 54 43 14 35 4 0 0 0 0 0 0 0 0 0 0 0 0 0 0 0 0 0 0 0 0 0 0 0 0 0 0 0 0 0 8 0 0 0 0 0 0 0 0 0 0 0 0 0 0 0 0 0 0 0 0 0 0 19 0 0 0 0 0 0 0 0 0 41 30 14 0 0 0 35 36 39 24 2 0 0 28 42 26 14 30 0 9 0 0 0 0 0 0 0 0 0 0 0 0 0 0 0 0 15 51 0 0 0 0 0 0 0 0 0 0 0 0 0 0 0 16 0 0 0 0 0 0 0 0 0 0 0 1 0 0 0 0 0 0 0 0 4 0 2 0 0 1 1 2 0 0 0 0 0 0 0 0 0 0 0 0 0 0 0 0 0 0 0 0 0 0 0 0 0 0 0 5 
 0 0 1 0 0 0 0 0 0 0 0 0 0 0 0 81 0 0 1 0 105 0 390 50 25 33 286 422 359 28 51 37 50 55 367 248 145 52 90 52 8 0 0 0 3 3 0 0 5 0 0 2 9 0 0 0 11 0 0 0 0 0 9 3 0 0 2 0 1 0 2 0 0 0 0 3 0 0 1 0 0 0 0 0 0 0 0 0 0 0 0 0 0 2 0 0 0 0 0 0 0 35 17 63 0 0 1 29 42 32 24 0 0 0 13 74 5 93 13 0 2 0 0 0 0 0 0 0 0 0 0 0 1 0 0 0 10 0 0 0 0 0 0 0 0 0 0 1 0 0 0 0 0 0 0 0 0 0 0 0 0 0 0 0 0 0 0 0 0 0 0 0 0 1 0 0 0 0 0 0 10 26 60 37 0 0 0 33 34 83 27 0 0 15 5 18 48 34 0 0 0 0 2 0 0 0 0 0 0 0 0 0 0 0 0 0 0 0 0 0 0 2 2 0 0 0 0 0 0 0 0 2 0 1 0 0 0 0 0 0 0 0 0 0 0 0 1 0 0 0 0 0 0 0 2 0 0 0 0 0 1 9 0 2 0 0 0 0 62 0 0 0 0 0 0 0 0 0 0 0 0 9 0 0 0 0 10 0 0 0 
 3 0 5 0 0 1 0 2 1 2 2 0 0 0 0 1 0 0 0 1 54 390 0 97 41 22 187 91 323 374 241 38 87 43 68 300 188 489 28 75 6 0 0 0 16 3 0 0 4 0 0 22 15 0 1 0 11 0 0 5 0 2 0 3 1 0 3 47 0 1 2 0 0 0 0 0 0 51 1 3 0 0 0 0 0 0 0 0 0 0 0 0 0 0 0 0 0 0 0 0 0 13 35 29 10 0 0 18 8 43 17 2 0 0 4 36 25 63 0 0 0 0 0 0 0 0 2 0 0 0 0 0 0 0 0 27 0 0 0 0 2 0 0 0 0 0 0 0 0 0 0 0 0 0 0 0 0 0 0 0 0 0 0 0 0 0 0 0 0 0 0 1 0 1 0 0 0 0 0 0 0 23 72 66 2 0 1 7 40 31 54 0 0 0 0 31 45 15 0 1 0 0 0 0 0 0 0 13 0 0 0 0 0 0 0 0 0 0 0 2 2 0 0 0 0 0 0 0 0 0 0 0 12 0 0 1 0 0 0 0 0 0 11 0 0 0 2 0 0 0 0 0 0 0 9 3 2 5 5 0 2 9 0 2 0 74 10 0 0 0 0 0 0 0 0 0 0 0 0 0 0 16 0 0 0 0 12 0 0 0 
 0 0 0 0 0 0 0 0 2 0 2 0 1 0 0 0 0 0 4 0 62 50 97 0 89 30 89 81 76 389 212 534 55 47 61 34 213 269 115 96 3 0 2 0 10 3 0 2 4 1 3 1 0 0 0 0 4 6 0 0 0 4 0 3 0 0 3 0 39 1 2 4 0 0 1 6 2 0 40 0 0 0 0 0 0 0 0 0 0 25 0 0 0 0 0 0 0 0 0 0 12 0 9 9 74 8 0 0 0 13 6 77 1 0 0 1 0 0 0 0 0 0 0 0 0 0 0 0 0 0 0 0 13 0 0 0 22 0 1 2 0 4 0 7 0 0 0 0 0 0 0 0 0 0 0 0 0 0 0 0 0 0 0 0 0 0 0 4 0 0 0 0 0 1 0 0 0 0 0 0 0 0 0 61 33 39 0 0 0 29 21 59 0 0 0 14 31 35 0 0 0 0 0 0 0 0 0 19 0 0 0 0 12 0 0 0 0 0 21 1 0 0 0 0 0 0 0 0 0 0 0 0 0 0 0 0 0 3 0 0 0 0 7 0 0 0 0 0 0 0 0 2 0 1 3 0 1 65 43 4 20 0 0 0 0 0 14 0 0 0 0 0 0 0 0 0 0 17 0 0 0 24 0 0 0 0 8 0 0 0 
 0 0 5 0 2 0 0 0 0 0 2 0 0 0 0 0 1 0 1 0 35 25 41 89 0 291 53 56 48 278 100 386 99 70 292 65 99 36 64 286 0 0 0 0 0 3 65 0 4 0 6 0 2 0 0 0 4 0 1 1 0 0 0 3 0 0 2 0 0 0 2 0 0 0 1 0 0 0 0 0 0 0 0 0 0 0 0 0 0 0 0 0 0 2 0 0 0 0 0 0 0 0 0 0 15 49 0 0 0 0 0 35 0 0 0 0 0 0 0 0 4 0 4 0 0 0 66 1 0 0 0 0 40 0 1 0 0 0 70 16 0 0 0 5 0 0 0 1 0 0 0 2 0 0 0 0 4 0 0 0 0 0 4 0 0 0 0 7 0 0 0 0 0 2 0 2 0 0 0 0 0 0 0 14 14 64 0 0 0 0 0 14 0 0 2 0 0 0 0 0 1 0 0 0 0 0 17 0 0 0 0 20 31 12 0 0 0 0 46 31 0 0 2 0 0 1 22 0 0 0 0 0 0 2 0 0 0 0 0 0 0 0 0 0 0 0 0 0 0 0 0 0 0 0 10 0 1 2 2 1 7 0 0 0 0 0 0 0 0 0 0 0 0 0 0 0 0 0 0 0 0 0 0 0 0 0 0 0 0 0 
 2 2 4 1 0 0 1 1 1 2 1 1 2 2 1 1 4 3 7 2 37 33 22 30 291 0 24 113 37 74 500 65 25 39 58 52 63 269 259 458 0 0 0 0 2 3 1 0 5 2 4 0 1 0 0 0 48 0 128 2 0 0 0 13 0 0 2 0 0 0 2 0 0 0 0 0 0 0 0 0 0 1 0 0 0 0 0 0 0 2 13 0 0 0 0 0 0 0 0 0 0 2 1 0 4 41 0 0 0 0 0 0 0 0 0 0 0 0 0 0 49 0 1 0 0 0 43 0 0 0 0 0 22 2 2 0 0 2 64 22 0 0 1 0 0 1 0 0 2 0 0 0 0 0 0 1 0 0 0 0 1 0 0 0 0 2 0 0 0 0 0 0 0 0 0 0 0 0 0 0 0 0 0 0 0 17 0 0 0 1 1 1 0 0 0 0 1 0 25 0 32 0 0 0 0 0 14 1 0 6 0 0 31 10 0 0 0 0 18 43 0 0 0 0 0 0 2 9 0 0 0 0 0 0 0 0 0 0 0 0 0 0 1 0 0 0 0 0 0 1 0 0 0 2 0 0 4 0 0 2 3 0 0 0 0 0 0 0 0 0 0 0 0 0 0 0 2 0 0 0 0 0 0 0 0 0 0 0 0 0 
 0 0 1 0 0 0 0 0 0 0 2 2 0 0 0 0 0 1 0 0 408 286 187 89 53 24 0 290 39 322 36 286 640 369 59 38 41 248 266 399 0 0 0 65 1 9 0 0 3 0 0 1 2 4 0 2 4 0 7 57 0 2 59 3 1 2 8 0 1 1 2 0 0 0 2 4 0 0 3 2 0 0 0 0 0 1 0 0 0 0 0 0 0 0 0 0 0 0 0 2 51 23 34 4 0 0 29 8 18 0 1 0 13 51 28 0 73 0 2 19 0 0 0 0 0 0 0 0 0 0 0 2 0 2 0 0 0 0 0 0 6 0 0 0 0 2 0 7 0 0 0 0 0 0 0 2 0 0 0 2 1 0 0 0 0 4 0 0 0 0 2 0 0 0 0 0 0 0 0 0 40 18 14 0 0 0 46 11 19 0 10 0 2 25 39 40 7 2 2 11 0 0 0 0 0 0 0 0 0 0 0 0 0 9 0 0 0 0 0 0 17 0 0 0 0 0 0 0 0 0 0 0 0 0 0 0 0 0 0 0 0 0 0 0 0 0 0 0 0 0 0 0 0 0 0 0 0 0 0 0 2 2 0 0 0 0 0 0 0 0 0 0 0 0 0 0 0 0 0 0 0 0 0 0 0 0 0 0 0 0 
 0 0 0 0 0 0 0 0 0 0 2 0 2 5 0 0 0 0 4 0 355 422 91 81 56 113 290 0 70 115 51 37 303 422 199 190 47 31 62 58 0 0 0 0 0 3 0 0 3 63 0 1 4 0 0 0 7 0 0 0 0 0 5 3 0 0 4 0 0 1 2 0 0 0 0 30 0 0 0 0 0 0 0 0 0 0 0 0 0 0 0 0 0 0 0 0 0 0 0 0 15 41 26 15 11 0 13 33 55 27 1 0 0 9 45 20 43 107 0 0 0 0 0 0 0 0 0 0 0 0 0 0 0 0 0 0 0 0 0 0 0 0 0 0 0 0 0 5 0 0 0 0 0 0 0 0 0 0 0 0 0 0 0 0 0 0 0 0 0 3 0 0 0 0 0 0 0 0 0 0 29 64 27 9 1 0 14 16 127 49 1 0 0 17 9 39 15 26 0 0 0 0 0 0 0 0 0 0 0 0 0 0 0 0 0 0 15 0 8 0 0 0 0 0 0 0 0 0 0 0 0 0 0 0 0 0 0 0 0 0 0 0 0 0 0 0 0 0 0 0 0 0 0 0 6 1 2 0 1 0 2 7 0 0 0 0 0 0 0 0 0 0 0 0 0 0 0 0 0 0 0 10 0 0 0 0 0 0 0 0 
 0 0 0 0 0 0 2 0 0 0 2 2 0 61 0 0 0 0 0 0 30 359 323 76 48 37 39 70 0 615 108 41 85 295 107 215 200 481 115 89 7 0 0 0 4 3 0 0 4 0 0 2 3 0 3 0 8 0 0 1 0 0 0 3 51 0 2 59 0 0 2 0 24 0 0 0 0 0 0 0 0 2 0 0 0 0 0 0 0 1 0 0 0 0 0 0 0 0 0 0 0 10 17 27 7 0 0 12 9 31 20 1 0 0 1 53 6 52 0 0 0 0 0 0 0 0 0 0 0 0 0 0 0 2 0 0 0 1 1 0 0 0 0 0 0 0 0 0 1 0 0 0 0 0 0 0 0 0 0 2 2 0 0 0 0 0 0 0 0 0 1 0 0 1 0 0 0 0 0 0 0 13 36 30 2 0 1 0 16 36 31 2 0 0 0 20 36 19 0 0 0 0 0 0 0 0 0 0 0 0 0 0 0 0 0 0 0 0 1 0 0 0 0 0 0 0 0 0 0 0 0 0 0 0 0 0 0 0 0 0 0 0 7 0 0 0 0 0 0 0 0 2 0 1 1 0 2 2 4 0 1 6 0 0 0 0 10 0 0 0 0 0 0 0 0 0 1 0 0 0 0 11 0 0 0 0 11 0 0 0 
 0 0 0 0 0 0 0 0 2 0 0 0 0 0 0 0 0 0 0 0 24 28 374 389 278 74 322 115 615 0 608 57 254 83 53 443 390 80 77 73 1 0 0 0 4 3 0 0 5 0 0 2 1 0 61 0 10 0 0 0 0 0 0 3 0 0 2 0 2 0 2 0 0 0 0 1 0 0 2 0 0 0 0 0 0 0 0 0 0 0 0 0 0 0 0 0 0 0 7 0 1 0 17 39 29 2 0 1 1 22 43 26 0 1 0 56 0 14 0 0 0 8 0 0 0 0 0 0 0 0 0 0 1 0 0 0 0 0 0 0 0 13 0 1 0 0 0 0 0 0 0 0 0 0 0 0 0 0 0 0 0 0 0 0 0 0 0 0 0 0 0 0 0 1 0 0 0 0 0 0 0 1 14 36 35 21 0 0 2 12 56 35 0 0 0 28 16 21 0 0 0 0 0 13 0 0 0 0 0 0 0 0 0 0 0 0 15 0 0 0 0 0 0 0 0 0 0 0 0 0 0 0 0 0 0 0 0 0 0 0 0 0 9 0 0 0 0 0 0 0 0 0 0 0 5 0 3 151 148 0 17 2 0 0 0 0 12 0 0 0 0 0 0 0 0 0 0 0 0 0 0 15 0 0 0 0 12 0 0 0 
 3 2 2 2 2 3 2 76 5 2 4 2 2 2 4 4 6 2 4 2 20 51 241 212 100 500 36 51 108 608 0 381 44 60 59 289 274 288 53 55 0 0 0 2 3 3 0 0 4 0 0 1 1 0 0 1 6 0 0 0 0 0 0 3 0 0 2 0 1 0 3 0 0 0 0 0 0 0 1 0 0 0 0 0 0 0 0 1 0 0 0 0 0 0 0 0 0 0 0 0 0 1 11 17 92 7 0 0 0 19 25 64 0 0 0 1 1 0 0 0 1 0 0 0 0 0 0 0 0 0 0 0 26 0 0 0 0 0 2 0 0 13 0 7 0 0 0 0 0 0 0 0 0 0 0 0 0 0 0 0 0 0 0 0 0 0 0 3 0 0 0 0 0 2 0 0 0 0 0 0 0 0 0 34 43 33 0 0 0 9 28 55 0 0 0 12 22 32 0 0 0 0 0 0 0 0 0 6 0 0 0 0 21 1 0 0 0 0 19 6 0 12 0 0 0 0 0 0 0 0 0 0 0 0 0 0 0 0 0 0 0 0 9 0 0 0 0 0 0 0 0 0 0 0 7 4 0 74 41 4 16 0 0 0 0 0 13 0 0 0 45 0 0 0 0 0 0 0 0 0 0 31 0 1 0 0 0 0 0 0 
 1 0 6 0 0 0 0 0 3 3 0 0 68 0 0 0 0 2 0 0 37 37 38 534 386 65 286 37 41 57 381 0 60 31 46 26 83 50 27 251 0 0 0 0 0 3 0 0 5 0 7 1 0 0 3 0 5 0 0 0 0 0 1 3 0 0 2 0 2 0 2 3 1 0 0 3 2 0 0 0 0 0 2 49 2 0 0 0 0 0 0 2 1 0 0 0 0 1 0 0 0 0 0 0 38 30 0 0 0 0 18 56 0 0 0 0 0 0 0 0 1 0 0 0 0 0 11 0 0 0 0 0 22 0 0 0 0 0 33 21 0 1 1 3 0 0 0 0 1 0 0 0 0 0 1 0 0 0 0 0 0 0 6 0 0 0 0 5 0 0 0 0 0 1 0 0 2 0 0 0 0 0 0 15 61 46 0 0 0 0 0 61 1 0 0 0 2 13 0 0 0 0 1 0 0 0 0 0 0 0 14 0 22 0 0 0 0 0 26 20 16 0 0 0 0 0 0 0 0 0 0 0 0 0 0 0 0 0 0 0 0 0 0 0 0 0 0 2 0 0 0 0 0 0 5 6 4 160 149 0 24 0 0 0 0 0 0 0 0 0 0 0 0 0 0 0 0 0 0 0 0 17 0 0 0 0 0 0 0 0 
 4 3 3 5 4 32 4 5 5 5 3 3 4 3 3 3 3 18 3 3 34 50 87 55 99 25 640 303 85 254 44 60 0 104 35 40 36 53 427 120 0 0 0 0 1 17 0 0 4 0 0 2 0 11 0 0 5 1 0 1 0 0 0 3 0 0 15 0 1 0 2 0 0 0 0 0 2 0 78 0 2 0 12 0 1 20 0 0 2 0 0 0 0 0 1 0 0 0 0 0 32 10 10 1 0 0 69 28 17 0 0 0 39 45 23 0 9 0 21 52 0 0 0 0 0 0 0 0 0 0 0 0 0 0 0 0 0 0 0 0 12 0 0 0 0 0 0 2 0 2 0 0 0 0 0 0 0 0 0 0 0 0 0 0 7 30 9 0 2 0 0 0 0 0 0 0 0 22 0 3 32 0 17 0 0 0 19 21 6 0 0 1 36 31 38 3 20 0 27 39 0 0 0 0 2 0 0 0 0 0 0 0 2 0 0 0 0 0 0 0 0 0 0 7 0 0 0 0 0 0 0 0 0 0 0 0 0 0 0 0 0 0 1 0 0 2 0 0 0 0 0 0 0 0 2 0 0 0 0 2 2 2 0 0 0 0 0 0 0 0 0 0 0 24 0 0 0 0 0 0 0 0 0 0 0 0 0 0 0 0 
 2 2 0 2 0 0 0 0 0 0 0 0 0 0 0 0 0 0 2 1 151 55 43 47 70 39 369 422 295 83 60 31 104 0 436 58 48 38 71 95 0 0 0 0 1 10 0 0 85 0 0 2 202 8 0 0 207 1 0 0 0 0 3 3 0 0 40 0 0 1 2 0 0 0 0 17 51 0 0 0 1 0 0 0 0 0 0 0 0 0 0 0 0 0 2 0 0 0 0 0 33 34 22 16 0 2 24 24 20 9 0 0 1 54 32 21 48 14 1 1 0 0 0 0 0 0 0 0 0 0 0 0 0 0 0 0 0 0 0 0 0 0 0 0 0 0 0 7 0 0 0 0 0 0 0 0 0 0 0 0 0 0 0 0 1 0 0 2 1 0 0 0 0 0 0 0 0 0 0 16 66 39 14 0 0 0 35 29 136 28 1 2 0 27 15 21 15 36 0 14 0 14 0 20 0 0 0 0 2 0 0 0 0 0 0 0 0 0 0 0 0 0 0 0 0 0 0 0 54 0 0 0 0 0 0 0 0 0 0 0 0 0 2 0 0 1 0 0 0 0 0 0 0 0 0 0 2 0 0 0 2 0 0 0 0 0 0 0 0 0 0 0 0 0 0 0 0 0 0 0 0 0 0 0 0 0 0 0 0 1 
 0 0 0 2 0 1 0 0 0 1 3 0 0 0 0 0 2 0 1 0 339 367 68 61 292 58 59 199 107 53 59 46 35 436 0 225 348 41 68 81 0 0 0 0 0 3 2 0 4 0 0 1 10 3 0 5 8 0 0 0 0 0 4 3 2 0 3 38 2 0 2 0 6 2 0 6 0 0 5 51 1 0 0 0 0 0 0 0 1 0 0 0 0 0 2 0 2 0 0 0 14 29 47 16 0 0 12 22 21 36 7 0 0 8 42 37 49 70 0 10 10 0 0 0 0 0 0 0 0 0 0 0 0 0 0 0 0 0 0 0 0 0 22 0 0 0 0 8 0 1 0 0 0 0 0 0 0 0 0 0 0 0 0 0 1 0 0 2 1 0 0 0 0 0 0 0 0 0 2 0 17 60 63 11 1 0 13 23 78 30 1 2 0 13 25 32 15 15 0 10 0 0 8 0 0 0 0 0 0 0 0 0 0 0 0 0 0 0 0 0 0 0 0 0 0 0 0 0 0 0 0 0 0 0 0 0 0 0 0 0 0 0 2 0 0 0 0 0 0 0 0 0 0 0 2 1 2 1 0 21 0 40 0 0 0 0 0 0 0 0 0 0 0 0 0 0 0 0 0 0 0 15 0 0 0 0 0 0 0 2 
 20 0 0 0 0 0 0 0 2 0 2 2 0 0 75 0 0 0 0 0 26 248 300 34 65 52 38 190 215 443 289 26 40 58 225 0 155 222 42 282 3 0 0 0 1 3 0 0 5 0 0 1 5 0 0 0 16 0 0 2 0 0 0 3 0 0 2 0 0 0 2 0 0 0 0 0 0 0 0 0 0 1 0 14 0 0 0 0 0 1 0 0 0 0 0 0 0 0 6 2 0 40 10 40 7 0 0 43 23 85 20 0 0 0 4 57 12 62 0 0 0 8 0 0 0 0 0 0 0 0 0 0 0 2 0 0 0 7 0 0 0 0 0 0 0 2 0 0 0 0 0 1 0 0 0 2 0 0 0 2 2 0 0 0 0 0 0 0 0 0 2 0 0 1 0 0 0 0 0 0 17 29 34 49 1 0 2 12 10 29 15 2 0 0 0 35 25 28 0 0 0 0 0 0 0 0 0 0 0 0 0 0 0 0 0 0 13 0 1 0 0 0 0 0 0 0 0 0 0 0 0 0 0 0 0 0 0 0 0 0 0 0 0 0 0 0 0 0 0 0 0 0 0 0 3 0 0 6 1 0 4 8 0 0 0 0 10 0 0 0 0 0 0 0 0 0 0 0 0 0 0 11 0 0 0 0 11 0 0 0 
 2 2 2 4 2 2 4 2 2 2 4 4 2 2 2 2 2 2 2 2 36 145 188 213 99 63 41 47 200 390 274 83 36 48 348 155 0 237 23 55 0 0 4 0 0 3 0 0 5 1 0 5 0 0 0 0 5 0 0 0 0 1 13 14 0 0 2 0 10 5 13 0 0 0 1 10 0 5 0 0 0 0 0 0 0 0 2 15 1 0 0 0 0 0 0 0 0 0 0 0 0 0 6 41 19 0 0 0 21 58 22 15 1 0 0 56 0 18 0 0 0 0 0 0 0 0 0 0 0 0 0 0 0 0 0 0 0 0 0 0 0 2 0 1 0 0 0 1 1 0 0 0 0 0 0 0 0 2 6 0 15 0 1 0 0 0 0 0 0 0 0 0 0 2 0 0 0 0 0 0 0 1 6 39 1 0 0 0 0 9 31 33 17 29 0 12 18 55 0 2 0 1 0 0 1 0 0 1 0 0 17 0 1 0 0 0 0 0 0 0 0 0 0 0 0 0 0 0 0 0 0 0 0 0 0 0 0 0 0 0 0 0 0 0 0 1 0 0 0 0 0 0 0 0 0 1 3 74 74 0 22 0 0 1 0 0 10 0 0 0 0 0 0 0 0 11 0 0 0 0 0 13 0 0 0 0 12 0 0 0 
 79 0 2 2 0 0 1 0 0 32 0 0 0 0 0 1 2 0 22 0 27 52 489 269 36 269 248 31 481 80 288 50 53 38 41 222 237 0 243 244 0 0 0 0 0 3 0 0 5 1 0 2 0 0 0 0 5 0 0 2 44 0 0 3 0 0 2 0 0 0 2 0 0 0 0 0 49 0 1 0 4 0 0 0 0 0 2 0 1 0 0 0 0 0 0 0 0 0 0 0 0 0 0 31 18 1 0 0 1 23 22 27 0 0 0 43 0 55 0 0 0 0 0 0 5 0 0 0 0 0 0 0 0 0 0 0 0 0 0 0 0 4 0 3 0 0 0 0 0 0 0 0 0 0 0 10 0 0 0 0 0 0 1 0 0 0 0 0 0 0 0 0 0 2 0 0 0 0 0 0 0 1 17 7 13 12 0 0 0 1 35 74 0 0 0 6 19 38 16 2 0 1 0 0 1 0 0 1 0 0 0 0 1 0 0 0 0 0 0 0 0 0 0 0 0 0 0 0 0 0 0 0 0 0 0 0 0 0 0 0 2 0 0 0 0 1 0 0 0 0 0 0 0 0 4 0 0 144 77 3 14 6 0 0 0 0 11 0 0 0 0 0 0 0 0 0 0 0 0 0 0 11 0 1 0 0 9 0 0 0 
 0 0 1 0 1 317 0 0 4 0 83 0 0 0 0 0 2 0 2 0 482 90 28 115 64 259 266 62 115 77 53 27 427 71 68 42 23 243 0 665 0 0 0 0 76 5 0 0 3 0 37 0 0 1 0 0 3 0 0 0 0 0 0 5 0 0 4 0 0 0 2 0 0 0 0 0 11 1 3 0 0 0 0 0 0 71 0 0 22 0 0 0 0 0 0 0 23 0 0 0 21 4 0 1 0 11 41 13 11 2 0 0 25 8 0 0 0 0 19 49 0 0 1 0 0 0 0 0 0 0 0 0 0 0 0 0 12 0 0 5 0 0 0 0 0 0 0 0 0 0 0 13 1 0 0 0 0 7 3 0 0 0 0 0 7 42 0 0 0 0 0 1 0 0 0 0 0 0 0 0 17 0 1 9 0 0 19 23 0 0 0 0 33 68 32 0 0 0 33 51 0 0 0 0 0 0 0 0 0 0 0 0 0 0 0 0 0 0 0 0 0 0 0 2 0 0 0 0 0 0 0 0 0 0 0 0 0 1 0 0 0 0 0 0 0 0 0 0 0 0 0 0 0 0 15 2 0 0 0 1 0 1 0 0 0 0 0 0 0 0 0 0 0 0 25 0 0 1 0 0 0 0 0 0 0 0 0 0 0 0 
 0 0 4 0 0 77 0 0 0 0 0 2 0 0 0 0 3 1 8 0 50 52 75 96 286 458 399 58 89 73 55 251 120 95 81 282 55 244 665 0 0 0 0 0 6 8 0 0 3 0 0 2 2 2 0 0 46 0 0 0 0 0 0 3 0 0 10 0 0 0 2 0 0 0 0 0 2 0 4 0 0 0 0 0 0 19 0 0 13 0 8 0 0 0 0 0 0 0 0 2 43 25 10 0 0 0 69 39 12 0 0 0 36 58 20 0 23 0 12 13 0 0 0 0 0 0 0 0 0 0 0 2 0 2 0 0 0 0 0 0 0 0 0 0 0 2 0 0 0 0 0 0 0 0 0 2 0 0 0 2 2 0 0 0 1 23 0 0 0 0 2 0 0 0 0 0 0 0 0 0 37 0 12 0 0 0 44 20 0 0 0 0 7 28 62 1 39 0 37 29 0 0 0 0 0 0 0 0 2 0 0 0 0 0 0 0 0 0 0 0 0 0 0 0 0 0 0 0 0 0 0 0 0 0 0 0 0 0 0 0 0 0 0 0 0 0 1 0 0 0 0 0 0 0 9 14 0 0 0 0 2 0 0 1 0 0 0 0 0 0 0 0 0 0 0 0 0 0 0 0 0 0 0 0 0 0 0 0 0 0 
 0 0 1 0 0 0 0 0 3 0 1 0 0 0 0 0 0 54 0 0 0 8 6 3 0 0 0 0 7 1 0 0 0 0 0 3 0 0 0 0 0 70 55 293 63 22 528 274 15 24 241 35 66 90 233 30 67 245 53 107 0 0 0 0 4 0 0 0 4 0 51 0 0 4 0 0 50 0 0 12 0 0 0 0 0 0 4 0 0 0 0 0 0 0 0 0 0 0 0 0 0 7 4 0 0 0 0 4 0 0 0 0 0 0 0 2 10 3 0 0 8 41 32 1 0 0 0 32 17 10 16 0 0 24 45 23 21 0 0 0 0 0 0 0 0 0 0 0 0 0 0 9 0 0 0 0 0 0 0 0 3 16 0 0 0 0 0 0 18 0 0 0 0 1 0 0 0 0 0 0 30 0 6 5 0 0 0 0 6 5 6 0 0 0 8 5 2 0 0 0 8 50 39 27 0 0 12 70 23 27 0 0 0 22 43 25 16 7 0 33 0 0 0 0 0 0 19 0 0 0 0 0 0 0 0 0 0 0 0 0 0 0 6 0 0 0 0 0 0 0 0 9 0 0 0 0 0 0 0 1 0 0 0 0 0 1 0 0 0 0 0 0 0 0 0 0 0 0 0 0 0 8 0 0 0 0 0 0 0 0 
 0 0 0 0 0 0 0 0 0 0 0 0 0 0 0 0 4 0 5 0 0 0 0 0 0 0 0 0 0 0 0 0 0 0 0 0 0 0 0 0 70 0 285 68 30 68 77 515 248 62 32 46 66 39 290 234 165 40 43 68 0 0 0 0 4 53 0 0 0 0 0 0 28 0 0 0 0 0 0 3 0 0 0 0 0 0 0 12 0 0 0 0 0 10 0 0 0 0 0 0 0 16 0 0 0 0 0 0 0 0 0 0 0 0 0 17 0 0 0 0 0 30 0 26 0 0 0 0 29 38 45 19 0 0 0 23 33 41 0 0 0 0 0 0 0 0 0 0 0 0 0 0 0 0 0 0 0 0 0 0 0 0 0 0 0 0 0 0 4 0 0 0 0 0 0 0 0 0 0 0 16 0 0 0 0 0 0 0 0 0 0 0 0 0 0 0 0 0 23 0 0 18 17 32 30 0 0 0 32 37 19 7 0 0 1 17 23 67 0 0 0 0 0 0 0 0 0 0 0 0 0 2 0 0 0 16 0 0 0 0 0 0 22 0 0 0 0 0 0 0 0 7 0 0 0 0 0 0 0 9 0 0 1 0 0 9 0 0 0 0 26 0 0 0 0 0 0 0 0 0 0 0 0 0 3 28 0 0 0 0 
 2 0 0 0 0 0 0 0 4 2 0 0 0 0 0 0 0 0 0 0 2 0 0 2 0 0 0 0 0 0 0 0 0 0 0 0 4 0 0 0 55 285 0 127 79 87 64 94 372 260 257 36 56 61 49 150 69 251 41 39 0 0 0 0 17 6 0 0 0 0 0 1 5 0 0 0 0 0 0 0 0 0 0 0 0 0 0 0 0 0 0 0 0 0 0 22 0 0 0 0 0 0 0 0 0 0 0 0 32 0 0 0 0 0 0 0 0 0 0 0 0 0 0 45 4 0 0 0 23 19 15 13 0 0 0 34 9 72 0 0 2 0 0 0 0 0 0 0 0 0 0 0 0 0 0 0 0 0 0 0 0 0 0 0 0 0 0 0 17 0 0 0 0 0 0 0 0 0 0 0 0 0 0 0 0 0 0 0 0 0 0 0 0 0 0 0 0 0 0 0 1 14 11 9 19 1 0 0 12 16 24 18 0 0 0 0 22 16 0 0 9 0 0 0 0 8 0 0 0 0 0 0 0 0 0 0 0 0 17 0 0 0 9 0 0 0 0 0 0 0 0 9 0 1 1 0 0 0 0 14 0 0 9 2 0 13 0 6 2 0 26 0 0 0 0 0 1 0 0 0 0 0 0 0 9 8 0 0 1 0 
 0 0 1 0 0 0 0 0 0 0 2 0 0 0 0 0 3 54 3 0 0 0 0 0 0 0 65 0 0 0 2 0 0 0 0 0 0 0 0 0 293 68 127 0 75 33 99 296 79 342 134 222 55 96 63 332 252 458 298 58 0 0 0 0 0 8 0 0 5 0 51 0 0 0 0 0 50 0 0 0 0 0 0 0 0 0 0 0 0 0 0 0 0 0 0 0 0 0 0 0 0 0 0 0 0 0 0 0 0 0 0 0 0 0 0 0 0 0 0 0 0 0 0 0 20 17 0 0 0 0 0 30 0 0 0 0 0 0 0 0 21 0 0 0 0 0 0 0 0 5 0 0 0 0 0 0 3 0 21 0 0 0 0 0 0 0 0 0 0 0 0 0 0 0 0 0 0 0 0 0 8 0 0 0 0 0 0 0 0 0 0 0 0 0 0 0 0 0 0 0 0 0 0 25 10 31 0 0 0 6 39 19 0 0 0 0 0 10 0 0 31 0 0 0 0 0 1 0 0 0 0 0 0 0 0 0 0 0 41 9 0 0 0 0 0 0 0 0 0 0 0 9 0 0 0 0 0 0 0 11 0 0 31 3 0 0 0 19 0 0 0 0 0 0 0 0 0 0 0 0 0 0 0 0 0 15 0 0 2 0 
 3 5 5 3 90 49 3 3 5 3 7 3 3 3 46 3 3 3 3 3 1 3 16 10 0 2 1 0 4 4 3 0 1 1 0 1 0 0 76 6 63 30 79 75 0 147 263 71 124 73 92 234 127 98 129 101 70 245 61 61 0 0 0 7 0 0 0 1 0 4 0 2 0 1 4 0 9 0 1 1 0 0 0 0 9 3 0 0 0 0 0 0 0 0 0 0 0 0 0 0 0 0 4 0 8 0 23 0 0 0 12 4 15 0 0 0 0 0 13 0 0 0 0 0 0 27 0 0 0 0 0 22 0 0 0 0 0 0 0 0 0 0 0 0 0 0 0 0 0 12 0 1 14 0 0 0 0 0 49 17 0 5 0 0 0 7 0 16 0 0 0 0 0 0 0 0 0 0 0 0 0 0 6 11 2 4 0 0 14 14 6 0 19 0 29 5 30 0 26 0 0 0 0 10 9 31 0 0 0 0 0 18 2 0 0 0 0 0 0 0 32 0 0 0 0 0 27 7 0 0 0 0 6 31 0 0 0 0 43 27 0 0 8 0 0 0 0 0 0 0 0 10 0 0 0 0 0 0 4 3 0 0 1 1 1 15 5 0 0 0 0 0 0 0 0 0 0 0 0 0 0 9 0 0 0 0 0 0 2 0 
 0 0 0 0 70 0 0 0 2 0 0 26 0 0 0 0 0 0 0 0 7 3 3 3 3 3 9 3 3 3 3 3 17 10 3 3 3 3 5 8 22 68 87 33 147 0 36 37 65 37 64 115 258 65 63 83 52 55 50 49 0 0 0 16 0 0 0 0 0 0 0 54 1 0 0 0 0 0 63 5 0 0 0 0 0 0 0 0 0 0 0 0 0 0 0 0 0 0 0 0 0 0 0 1 0 0 12 1 0 0 0 0 3 4 7 0 0 0 0 7 0 0 0 0 0 24 0 0 0 0 0 0 0 0 0 0 0 0 0 0 15 0 6 0 0 0 30 15 0 5 0 0 32 0 26 19 0 0 19 20 0 11 0 0 0 0 0 0 0 0 0 15 0 0 0 0 0 0 0 0 0 2 0 0 0 0 0 1 0 0 0 10 0 0 33 0 0 0 0 0 0 9 0 0 11 11 0 0 0 0 0 43 0 0 0 0 0 0 0 0 41 0 0 0 1 0 28 28 0 0 0 0 27 29 0 0 0 0 26 19 0 0 0 0 0 0 0 0 0 0 0 11 0 0 0 0 0 0 0 0 0 0 1 0 0 4 0 0 0 0 0 0 0 0 0 0 0 0 0 0 0 0 0 0 0 0 0 0 2 0 
 1 0 9 6 4 0 0 0 8 8 6 0 0 1 0 5 4 3 0 0 0 0 0 0 65 1 0 0 0 0 0 0 0 0 2 0 0 0 0 0 528 77 64 99 263 36 0 91 51 32 34 42 328 278 75 34 41 40 46 261 0 0 1 1 0 0 0 26 0 0 2 3 0 0 4 0 0 2 0 5 0 0 1 1 2 0 0 0 0 7 1 2 0 0 0 8 4 4 15 0 0 0 0 0 0 0 0 0 0 15 0 0 9 0 0 0 0 0 0 0 27 8 31 0 0 0 0 70 33 0 1 0 0 14 49 10 8 0 0 0 1 0 0 0 0 5 0 0 0 0 0 0 0 0 0 6 0 0 0 0 45 0 0 2 0 0 0 10 7 30 3 1 0 2 1 6 0 1 0 0 0 0 0 0 0 0 0 0 0 0 0 0 0 0 0 0 0 0 0 0 25 37 32 0 0 9 12 66 21 0 0 0 0 17 58 16 35 0 0 20 0 0 0 0 0 0 15 0 0 0 0 0 0 15 0 0 0 0 0 0 0 1 0 0 0 0 6 0 0 0 0 13 0 1 0 0 0 0 0 0 0 0 6 0 1 4 0 1 0 0 0 0 0 0 0 0 0 0 0 0 0 0 0 0 0 0 0 0 0 0 
 0 0 1 0 0 0 0 0 40 0 0 0 0 0 0 0 2 0 5 0 0 0 0 2 0 0 0 0 0 0 0 0 0 0 0 0 0 0 0 0 274 515 94 296 71 37 91 0 93 21 55 34 96 297 141 48 41 32 63 263 0 0 0 0 0 0 0 0 0 0 0 0 2 0 0 0 49 1 0 14 0 0 0 0 0 0 10 0 0 0 0 0 0 0 0 0 0 1 0 0 0 0 0 0 0 0 0 0 0 0 0 0 0 0 0 0 0 0 0 0 1 19 36 18 0 0 0 10 19 37 23 0 0 1 11 34 50 48 0 0 0 0 0 0 0 0 0 0 0 0 10 0 0 0 0 0 0 0 0 0 1 20 0 0 0 0 0 0 2 0 0 0 0 0 8 0 0 0 0 0 10 0 0 0 0 0 0 0 0 0 0 0 0 0 0 0 0 0 0 0 6 52 55 30 0 0 0 12 37 33 9 0 1 1 14 34 26 22 0 0 0 0 0 0 0 0 1 0 0 17 0 0 0 0 0 0 0 0 0 0 0 0 2 0 0 0 0 0 0 0 0 9 0 1 0 0 0 0 0 2 0 0 0 0 0 1 2 0 0 0 15 0 0 0 0 0 0 0 0 0 0 0 1 0 8 2 0 0 0 0 
 4 0 3 0 0 0 0 0 3 2 0 0 0 0 0 0 1 0 2 0 5 5 4 4 4 5 3 3 4 5 4 5 4 85 4 5 5 5 3 3 15 248 372 79 124 65 51 93 0 272 51 66 82 90 102 149 58 217 90 60 2 2 2 0 5 7 4 0 0 11 6 4 27 2 0 1 4 2 1 0 0 0 0 0 0 0 0 0 0 0 0 0 0 0 0 0 0 0 0 0 0 0 11 0 0 0 0 0 0 0 0 0 0 0 0 0 0 0 0 0 0 4 0 15 7 9 0 0 0 12 5 0 0 0 0 11 10 25 0 0 0 0 0 0 0 0 0 0 0 0 0 0 0 0 0 0 0 0 0 0 0 0 0 0 0 0 0 0 31 0 0 0 0 0 0 0 0 0 0 0 0 0 0 0 0 0 0 0 0 0 0 0 0 0 0 0 0 0 0 0 0 0 0 20 0 0 0 0 12 15 29 9 0 0 0 0 8 26 0 0 0 0 0 0 0 0 0 0 0 0 0 0 0 0 0 0 0 0 10 0 0 0 13 0 0 0 0 0 0 0 0 13 2 1 0 0 0 1 14 3 0 0 1 6 0 6 2 1 0 0 0 0 0 0 0 0 0 0 0 0 0 0 0 0 0 26 0 0 0 0 
 2 0 5 0 0 2 0 0 0 2 0 0 0 0 0 0 3 0 3 0 2 0 0 1 0 2 0 63 0 0 0 0 0 0 0 0 1 1 0 0 24 62 260 342 73 37 32 21 272 0 258 30 45 102 107 277 175 180 99 88 16 0 2 0 0 6 6 0 2 0 0 2 15 6 3 0 1 0 5 15 0 0 0 0 0 0 0 0 0 0 0 0 10 0 0 0 0 0 0 0 0 0 0 0 0 0 0 0 0 0 0 0 0 0 0 0 0 0 0 0 0 0 0 27 26 0 0 0 0 7 19 17 0 0 0 0 2 30 0 0 4 14 0 0 0 0 7 11 0 0 0 0 1 11 2 0 14 0 2 0 0 0 0 0 0 0 0 0 0 0 1 0 0 0 0 0 0 0 0 0 0 0 0 0 0 0 0 0 0 0 0 0 0 0 0 0 0 0 0 0 0 0 21 10 25 25 0 0 0 4 40 10 0 0 0 0 8 13 0 0 26 1 3 0 0 0 7 59 7 13 0 0 0 9 9 6 5 0 4 2 0 0 19 0 0 0 0 0 0 0 0 0 0 0 0 0 0 0 0 22 0 0 63 67 0 11 0 67 0 0 0 0 0 0 0 0 0 0 0 0 0 0 0 0 0 43 0 0 1 0 
 0 0 4 0 0 0 0 0 2 0 69 0 0 0 0 0 0 0 4 0 0 0 0 3 6 4 0 0 0 0 0 7 0 0 0 0 0 0 37 0 241 32 257 134 92 64 34 55 51 258 0 187 26 274 62 89 136 251 45 61 0 0 0 0 0 35 0 0 3 0 0 0 0 0 0 0 0 0 0 0 0 0 0 14 0 0 0 0 34 0 0 0 0 0 1 0 21 0 0 0 0 9 0 0 0 8 0 0 0 0 0 0 0 0 0 0 0 0 0 0 1 4 0 0 31 32 0 0 0 0 0 22 4 0 0 0 0 0 7 3 0 0 0 0 0 0 0 0 0 7 0 0 0 0 0 0 5 0 10 0 0 0 0 0 0 0 0 0 0 0 0 0 0 0 0 0 0 0 0 0 0 0 0 0 0 0 0 0 0 0 0 4 0 0 0 0 0 0 0 8 1 0 3 15 10 25 0 0 0 8 12 30 6 9 0 0 0 0 10 4 17 0 0 0 0 0 0 1 0 0 0 0 1 0 0 0 7 0 12 11 0 0 0 0 0 0 0 0 0 0 0 5 0 2 0 0 0 0 0 0 0 1 5 5 0 0 0 37 0 0 0 0 0 0 0 0 0 0 0 0 0 2 0 0 0 0 0 0 2 0 
 2 2 1 0 0 2 1 0 0 2 0 2 2 2 0 118 0 2 1 2 2 2 22 1 0 0 1 1 2 2 1 1 2 2 1 1 5 2 0 2 35 46 36 222 234 115 42 34 66 30 187 0 47 24 50 31 60 77 28 45 0 0 0 0 0 4 2 0 4 0 0 0 0 0 0 0 0 0 2 0 7 0 0 0 0 19 0 0 0 0 0 0 0 0 0 0 0 0 0 0 0 0 0 0 0 0 0 0 0 0 10 0 0 0 0 0 1 0 0 0 0 0 0 0 24 29 0 0 0 0 0 20 0 0 0 0 0 0 0 0 0 0 0 0 0 0 1 0 3 4 0 9 4 0 0 0 4 0 3 3 0 4 0 0 0 0 0 0 0 0 0 0 0 0 0 0 0 0 0 0 0 0 0 0 0 5 0 0 0 0 0 0 0 0 0 0 0 0 0 0 0 0 0 0 2 32 0 0 0 0 1 4 0 0 0 0 0 0 0 0 0 0 0 0 0 0 0 0 0 0 0 0 0 10 0 0 0 0 15 15 0 0 0 0 0 0 0 0 0 0 0 6 0 0 0 0 0 1 0 15 0 0 82 63 0 2 0 0 0 0 0 0 0 0 0 0 0 0 0 0 0 0 0 0 0 0 0 0 1 1 
 0 0 0 0 0 0 0 0 0 0 0 0 0 0 0 0 0 0 0 0 2 9 15 0 2 1 2 4 3 1 1 0 0 202 10 5 0 0 0 2 66 66 56 55 127 258 328 96 82 45 26 47 0 98 49 262 246 54 506 145 0 0 0 0 0 0 0 0 0 0 0 0 0 51 0 0 0 0 0 0 0 0 0 0 0 0 0 0 0 0 0 0 0 0 0 0 0 0 0 0 0 5 3 3 0 1 15 4 2 3 0 0 0 0 0 10 6 5 0 0 48 27 7 0 0 0 14 48 11 0 0 0 1 25 54 0 0 0 0 1 0 0 0 0 0 5 0 0 0 18 0 0 0 0 0 18 10 0 0 0 6 0 1 0 0 0 0 1 0 0 0 0 0 2 0 2 0 0 0 0 4 5 18 10 1 0 0 0 18 3 4 0 0 0 0 4 1 14 0 0 23 1 15 0 0 0 19 21 11 0 0 0 28 45 30 16 0 0 20 32 0 0 0 0 0 0 19 0 0 0 0 0 0 0 0 0 0 0 0 8 0 0 4 0 0 0 0 0 0 0 0 28 0 1 0 0 0 0 0 0 0 0 0 0 2 0 0 0 2 0 0 0 0 0 0 0 0 0 0 0 0 10 0 0 0 0 0 0 0 0 
 3 3 3 3 3 3 3 3 3 3 4 3 5 3 3 3 3 3 3 3 3 0 0 0 0 0 4 0 0 0 0 0 11 8 3 0 0 0 1 2 90 39 61 96 98 65 278 297 90 102 274 24 98 0 623 44 73 35 79 112 0 0 0 0 0 0 0 0 0 0 0 0 0 0 2 0 0 3 0 6 0 0 0 0 0 0 0 0 0 0 0 0 0 10 0 0 0 0 0 0 0 0 0 0 0 0 11 0 0 0 0 10 26 5 28 5 0 0 0 58 2 36 36 0 0 0 0 55 21 12 17 0 0 28 44 9 20 1 0 0 0 0 0 0 0 1 0 0 0 0 0 0 0 0 0 2 0 0 0 0 1 0 0 0 0 0 0 0 0 0 0 0 0 1 0 0 0 0 0 0 2 4 0 0 0 0 0 11 0 0 0 0 0 0 9 0 0 0 0 0 30 33 32 19 0 0 12 27 34 28 0 0 0 33 60 43 18 9 0 18 0 0 0 0 0 0 12 6 0 0 0 0 0 6 0 0 0 0 0 11 0 0 0 0 0 0 0 0 0 0 0 7 0 1 0 0 0 0 0 2 0 0 0 0 2 0 0 0 0 0 0 0 0 0 0 0 0 0 0 0 0 0 0 0 0 0 0 2 0 0 
 2 2 2 2 2 2 2 2 5 2 2 2 2 2 2 3 2 2 2 2 6 0 1 0 0 0 0 0 3 61 0 3 0 0 0 0 0 0 0 0 233 290 49 63 129 63 75 141 102 107 62 50 49 623 0 175 62 35 78 89 0 0 8 0 4 5 0 0 0 2 0 0 4 0 0 9 0 0 0 5 0 0 0 0 0 0 10 0 0 0 0 0 0 0 0 0 0 0 0 0 0 0 0 0 0 0 0 0 0 0 0 0 0 0 0 0 0 0 12 8 0 16 37 11 0 0 0 13 20 38 23 0 0 0 11 32 69 46 0 0 0 0 0 0 0 0 0 0 0 0 10 0 0 0 0 0 0 0 0 0 0 0 11 0 0 0 0 0 2 10 0 0 0 0 22 0 0 0 0 0 0 0 0 0 0 0 0 0 0 0 0 0 0 0 0 11 0 0 0 0 6 77 37 26 0 0 0 11 43 35 5 0 0 0 15 29 26 25 0 0 0 0 0 0 0 0 2 0 0 0 0 0 0 0 0 0 0 0 0 0 0 0 0 0 0 0 0 0 0 0 0 6 0 2 0 0 0 0 0 2 0 0 0 0 1 0 0 0 2 0 15 0 0 0 0 0 0 0 0 0 0 0 1 0 7 0 0 0 0 0 
 0 0 3 0 0 0 0 0 3 0 0 0 3 0 0 0 3 0 3 0 0 0 0 0 0 0 2 0 0 0 1 0 0 0 5 0 0 0 0 0 30 234 150 332 101 83 34 48 149 277 89 31 262 44 175 0 115 226 271 49 0 0 0 0 0 0 0 0 0 0 0 5 4 0 0 0 0 5 2 0 0 0 0 0 0 0 0 0 0 0 0 0 0 0 0 0 0 0 0 0 0 0 0 0 0 0 0 0 0 0 0 0 0 0 0 0 0 0 0 0 0 0 0 25 7 0 0 0 15 17 17 10 0 0 0 36 6 56 0 0 0 0 0 0 0 0 0 0 2 0 0 0 0 0 0 0 0 0 5 0 0 0 7 0 0 0 0 0 11 0 0 0 0 0 0 0 0 0 0 0 0 0 0 0 0 0 0 0 0 0 0 0 0 0 0 0 0 0 0 0 1 0 7 11 6 0 0 0 10 50 57 29 0 0 0 0 20 44 0 0 11 17 0 0 0 0 0 0 0 0 0 6 0 0 0 0 0 9 15 1 0 0 6 0 0 1 0 0 0 0 0 6 1 1 0 0 0 0 0 3 0 0 1 40 2 5 3 1 2 0 11 0 0 0 0 0 0 0 0 0 0 0 0 0 9 6 0 0 0 9 
 2 2 0 0 0 2 1 0 0 4 0 2 2 2 0 0 0 2 1 2 5 11 11 4 4 48 4 7 8 10 6 5 5 207 8 16 5 5 3 46 67 165 69 252 70 52 41 41 58 175 136 60 246 73 62 115 0 235 454 244 0 0 0 0 76 0 0 0 0 0 0 0 8 0 0 0 0 0 0 0 0 0 0 0 0 0 0 0 0 0 11 0 0 0 0 0 0 0 0 0 10 10 6 0 1 0 0 4 0 1 1 2 0 0 0 0 9 15 1 0 0 10 0 31 1 0 0 0 18 10 7 23 0 0 0 31 16 30 0 0 0 0 5 0 0 0 0 0 0 0 0 0 0 0 0 0 1 0 0 0 0 0 0 0 0 2 0 0 0 0 0 0 0 0 0 0 0 0 0 0 4 2 5 6 1 2 0 0 5 8 8 1 0 0 0 11 6 2 0 0 0 0 13 13 28 0 0 0 19 2 18 0 0 0 0 0 28 12 0 0 10 0 0 0 0 0 0 0 0 0 0 0 0 0 0 0 0 0 11 0 0 0 29 0 0 0 0 0 0 0 0 20 0 0 8 0 0 0 4 0 0 29 0 0 0 1 1 0 0 0 18 0 0 0 0 0 0 0 0 0 0 11 0 0 13 13 0 0 1 1 
 0 6 8 3 4 0 0 0 8 3 5 0 0 0 0 5 30 3 5 0 0 0 0 6 0 0 0 0 0 0 0 0 1 1 0 0 0 0 0 0 245 40 251 458 245 55 40 32 217 180 251 77 54 35 35 226 235 0 38 35 0 0 0 0 0 6 0 0 21 0 0 1 13 0 0 0 0 0 0 0 0 0 3 7 0 0 0 0 0 6 4 1 0 0 12 6 10 12 0 0 0 0 0 0 0 0 0 0 0 0 0 0 0 0 0 0 0 0 0 0 0 0 0 18 24 0 0 0 0 7 22 12 0 0 0 0 0 30 0 0 0 0 23 0 0 0 1 0 11 0 0 0 0 0 0 0 2 0 13 0 0 22 0 1 0 0 0 0 14 5 4 0 0 0 13 11 5 6 0 0 0 0 15 0 0 0 0 0 0 0 0 8 0 0 0 0 0 0 0 0 0 0 23 31 14 13 0 0 0 20 39 21 0 0 31 0 9 18 0 0 15 0 0 0 0 0 12 3 0 0 0 0 0 0 0 0 0 0 21 14 0 9 15 0 0 0 3 0 0 0 0 2 0 0 0 0 0 0 0 10 0 1 72 68 0 14 0 62 0 0 0 0 0 0 0 0 10 0 0 0 0 1 0 0 0 19 0 0 2 0 
 0 0 1 0 0 0 0 0 8 0 0 0 0 0 0 83 3 0 3 0 64 0 0 0 1 128 7 0 0 0 0 0 0 0 0 0 0 0 0 0 53 43 41 298 61 50 46 63 90 99 45 28 506 79 78 271 454 38 0 347 13 2 0 0 0 52 0 6 0 0 3 0 0 7 2 0 1 7 0 9 0 0 0 0 0 0 0 0 0 0 0 0 0 0 0 0 0 0 0 16 0 0 0 0 0 18 0 0 0 0 0 0 0 0 0 0 0 0 0 0 28 0 0 0 0 0 37 7 0 7 0 0 28 0 11 0 0 0 19 0 0 12 1 0 0 2 0 0 5 11 8 26 0 4 0 19 1 33 0 0 0 0 0 0 0 0 0 0 0 8 6 0 0 2 0 5 0 0 0 0 0 0 0 0 0 0 1 0 0 0 0 0 0 0 27 0 0 0 0 0 30 0 0 0 0 0 36 0 0 0 0 0 20 7 0 0 0 0 10 22 6 5 15 7 0 0 0 0 11 18 0 0 0 0 0 8 6 25 14 0 0 0 0 0 0 0 0 0 0 0 0 5 0 0 0 0 0 0 0 0 0 0 0 0 2 0 16 0 2 0 10 0 0 0 0 0 0 0 0 0 0 0 0 0 0 0 0 0 2 12 
 0 0 0 0 0 0 0 61 0 0 0 0 0 0 0 0 0 0 0 0 0 0 5 0 1 2 57 0 1 0 0 0 1 0 0 2 0 2 0 0 107 68 39 58 61 49 261 263 60 88 61 45 145 112 89 49 244 35 347 0 1 4 4 0 0 0 0 8 25 3 0 2 0 1 3 13 0 2 56 2 0 0 0 0 0 0 0 0 0 0 0 0 0 0 0 0 0 0 0 0 0 0 0 0 0 0 0 0 0 0 0 0 0 0 0 0 0 0 0 0 72 10 0 0 0 0 12 47 11 0 0 0 5 25 30 0 0 0 0 1 0 9 21 9 0 7 0 0 8 15 8 8 0 0 0 15 0 18 0 0 2 0 0 0 0 0 0 0 0 0 0 0 0 2 0 0 0 0 0 0 0 0 0 0 0 1 0 0 0 0 0 0 19 0 0 0 0 0 0 0 32 7 0 0 0 0 26 20 20 0 0 0 27 18 26 0 0 0 0 32 0 4 0 10 2 0 12 0 2 4 10 1 0 0 0 19 0 11 0 0 0 0 0 0 0 0 0 0 0 0 0 0 0 0 0 0 0 0 0 0 0 0 1 0 0 0 20 0 2 0 22 0 0 0 0 0 0 0 0 0 0 0 0 0 0 0 0 0 2 0 
 6 0 1 0 0 0 4 5 0 0 0 0 13 1 0 0 0 0 42 8 26 0 0 0 0 0 0 0 0 0 0 0 0 0 0 0 0 44 0 0 0 0 0 0 0 0 0 0 2 16 0 0 0 0 0 0 0 0 13 1 0 76 48 107 25 28 249 230 256 54 34 20 284 134 225 26 103 41 259 125 0 17 7 0 0 0 8 4 5 0 0 0 0 6 13 0 0 0 0 19 0 0 0 0 0 0 0 0 0 0 0 0 0 0 0 0 0 0 0 0 0 0 0 0 0 0 0 0 0 0 0 0 0 0 0 0 0 0 0 0 0 18 0 0 0 0 0 6 5 0 0 4 0 21 7 10 21 8 0 0 3 0 0 0 0 0 1 0 0 0 0 0 1 13 0 1 0 0 1 13 1 2 0 0 0 1 1 1 1 1 2 1 1 1 0 1 1 0 0 7 30 0 0 0 0 0 0 0 0 0 0 0 0 0 0 0 0 0 0 0 3 31 9 0 0 0 3 1 27 40 0 7 0 1 49 23 14 15 0 0 0 0 0 0 0 0 0 0 0 0 0 0 0 0 4 0 0 0 0 0 0 0 0 0 0 0 0 0 0 0 9 0 0 1 3 0 0 0 0 0 0 0 0 0 0 0 0 0 0 0 
 0 7 9 18 0 0 0 1 11 12 0 0 0 0 0 10 10 9 0 0 0 0 2 4 0 0 2 0 0 0 0 0 0 0 0 0 1 0 0 0 0 0 0 0 0 0 0 0 2 0 0 0 0 0 0 0 0 0 2 4 76 0 209 40 49 29 97 557 243 62 47 45 86 59 404 190 136 43 54 62 1 0 0 1 0 0 0 0 0 0 0 0 2 0 0 15 3 10 0 0 0 0 0 0 0 0 0 0 0 0 0 0 0 0 0 0 0 0 0 0 0 0 0 0 0 0 0 0 0 0 0 8 0 0 0 0 0 0 0 7 0 9 7 29 3 20 0 0 6 35 5 10 0 0 0 7 0 11 0 0 0 17 5 0 0 0 0 3 7 4 7 0 0 0 5 14 6 2 0 0 5 0 0 0 0 0 0 0 0 0 0 0 0 0 0 0 0 0 0 0 0 0 0 0 0 0 0 0 0 0 0 0 0 0 0 0 0 0 0 0 0 32 10 55 9 0 0 0 0 5 44 6 0 0 0 4 23 19 0 0 0 0 0 0 0 0 0 0 0 4 0 0 12 0 10 0 16 0 0 0 0 0 0 0 0 0 7 0 0 0 41 0 2 4 0 1 0 0 0 0 0 0 0 0 0 0 0 0 0 0 
