 0 202 114 285 40 30 387 341 49 39 27 241 60 189 305 47 25 32 273 127 0 0 2 3 2 1 2 3 2 0 2 0 4 3 4 3 5 2 4 2 1 0 1 2 2 66 0 0 0 0 2 0 0 1 0 0 3 0 0 1 2 0 0 2 0 0 6 3 3 2 2 0 0 3 2 2 0 0 0 2 33 21 3 0 0 0 0 29 0 9 0 0 0 32 10 0 34 3 2 0 0 0 0 0 0 0 0 0 0 0 0 0 0 0 0 0 0 0 0 0 0 0 0 0 0 0 0 0 0 0 0 0 0 0 0 0 0 0 0 0 0 0 0 0 2 0 0 0 9 0 0 0 0 0 0 0 0 0 0 2 18 23 21 0 0 0 32 56 5 10 0 0 3 77 10 9 2 0 0 3 0 0 0 0 0 0 2 0 0 0 0 0 0 0 0 0 0 0 0 0 0 0 0 0 0 0 0 0 0 0 0 0 0 0 0 0 0 0 0 0 0 0 0 0 0 0 0 0 2 0 23 0 0 0 0 0 2 0 0 0 0 0 0 0 0 0 2 2 4 2 0 11 0 0 0 0 0 0 2 0 0 0 0 2 0 0 0 0 0 0 0 0 0 0 0 0 0 0 0 0 0 0 0 0 0 0 0 0 0 0 
 202 0 298 77 26 33 302 574 430 66 55 150 64 606 301 143 223 39 50 38 0 0 0 0 0 0 0 2 0 206 2 1 3 3 86 209 3 3 4 206 0 2 2 0 0 61 0 0 0 0 0 2 0 0 0 0 6 2 0 0 0 0 1 4 0 0 4 3 1 5 0 0 3 54 2 40 51 52 2 2 13 57 61 33 0 0 0 57 30 11 51 0 0 0 55 50 41 58 0 0 0 0 0 0 0 0 0 0 0 0 0 0 0 0 1 0 0 2 0 0 0 0 0 0 0 2 0 0 0 0 1 0 2 0 0 0 0 0 0 0 0 1 0 0 0 0 0 0 0 2 0 0 0 0 0 0 9 0 0 1 1 34 22 0 0 0 4 1 27 6 14 0 0 33 13 24 9 10 1 0 0 0 0 0 0 0 0 0 0 0 0 0 0 0 0 0 0 0 0 0 0 0 0 0 0 0 0 0 0 0 2 0 0 0 0 0 0 0 2 0 0 0 0 0 0 0 0 2 0 0 1 0 0 0 0 0 0 0 0 0 0 0 0 0 0 0 2 1 2 2 0 5 0 0 0 0 0 0 0 0 0 0 0 0 0 0 0 0 0 0 0 0 0 0 0 1 0 15 0 0 0 0 0 0 0 0 0 0 0 0 
 114 298 0 110 52 33 62 294 476 657 65 46 276 57 74 172 222 650 63 59 0 3 2 0 0 0 0 0 75 0 0 37 3 2 2 3 209 0 2 4 0 0 3 0 0 1 0 0 0 3 0 0 0 0 0 63 3 0 0 0 0 0 0 2 0 0 0 3 0 2 0 0 0 3 2 2 0 48 0 2 0 23 52 41 10 0 0 11 36 29 26 33 0 0 29 39 13 56 0 0 0 0 0 2 0 0 0 0 0 0 0 0 0 0 0 0 1 0 0 0 0 0 0 0 0 0 0 0 0 0 0 0 0 0 0 0 2 0 0 1 0 0 0 0 0 0 0 0 0 0 0 0 0 0 15 0 0 0 0 0 2 13 8 46 0 26 0 0 23 32 8 0 0 0 6 35 9 23 0 1 0 0 0 0 0 0 0 0 1 0 0 2 0 0 0 0 0 0 0 0 0 23 0 0 1 0 0 0 0 0 0 0 0 0 0 0 0 0 0 0 0 0 0 0 0 0 0 0 0 0 0 0 0 0 0 0 0 0 0 0 0 13 0 0 0 0 12 0 0 4 0 13 10 0 0 0 0 0 0 0 0 0 13 0 0 0 0 0 0 0 0 0 0 0 0 0 16 12 0 0 0 0 0 0 0 0 0 0 0 0 
 285 77 110 0 88 101 66 69 78 446 109 624 55 62 44 49 225 395 285 62 0 1 0 0 1 0 0 2 0 1 0 2 3 3 2 5 3 0 2 2 0 0 1 0 0 2 0 0 0 9 0 0 2 0 0 2 3 0 0 0 0 0 1 4 4 2 4 3 4 2 0 3 0 3 10 3 0 0 2 2 0 0 3 69 76 39 0 0 2 18 6 52 0 0 0 4 9 0 0 0 0 0 0 0 0 0 0 0 0 0 0 0 0 0 0 0 0 0 10 0 0 0 0 0 0 0 0 0 0 0 0 0 0 0 0 0 0 0 20 0 0 0 0 0 0 0 0 0 0 0 0 0 0 0 0 0 0 0 0 0 0 24 0 46 34 9 0 0 3 20 20 50 0 0 0 15 10 14 0 0 0 0 0 0 0 0 0 0 0 0 13 0 0 0 0 0 0 0 0 65 0 0 0 0 0 0 0 0 16 0 0 0 0 0 0 0 0 0 0 0 0 0 0 0 0 0 0 0 10 0 0 0 0 0 0 0 0 0 0 0 0 0 0 0 0 0 58 2 2 52 2 9 9 0 0 0 0 0 0 0 0 0 13 0 0 0 0 0 0 0 0 0 0 0 0 12 43 2 0 0 0 0 0 0 0 0 0 0 0 0 
 40 26 52 88 0 376 39 56 427 79 49 404 106 84 72 56 60 34 284 265 5 2 0 0 0 0 2 3 0 5 7 4 3 6 2 5 7 3 8 0 0 3 1 69 3 0 0 0 0 3 0 0 0 3 0 2 4 29 8 0 0 0 3 5 1 0 0 3 0 5 0 0 2 3 2 2 0 1 0 2 0 0 0 0 24 37 0 0 0 0 0 33 0 32 0 0 0 0 0 0 1 0 0 0 0 0 0 0 0 0 0 0 49 0 0 6 0 0 41 13 0 0 0 0 0 0 0 0 0 0 0 0 0 0 0 0 0 0 0 0 0 0 0 0 0 0 0 0 0 0 0 0 0 0 0 0 0 0 0 0 0 0 0 0 61 38 0 0 0 18 0 16 0 0 0 0 0 0 12 0 0 0 0 0 18 0 3 1 0 1 0 0 32 0 0 0 0 0 42 52 0 0 0 7 0 0 0 0 14 0 0 0 0 0 0 0 0 0 0 0 0 0 0 0 0 1 0 0 0 0 0 0 0 0 0 0 0 0 0 0 0 0 0 0 0 2 4 0 1 4 0 21 0 2 0 0 0 0 0 0 0 0 0 0 0 0 0 0 0 0 2 0 0 0 2 0 0 0 0 0 0 0 0 0 0 0 0 0 0 0 
 30 33 33 101 376 0 33 23 35 41 45 180 252 44 257 280 105 52 81 240 0 0 0 0 0 0 25 2 0 2 0 1 3 3 2 3 3 0 227 2 0 0 2 0 0 0 0 0 0 0 0 0 0 1 0 0 3 43 0 0 0 0 0 2 0 0 0 3 0 2 0 0 0 3 2 2 0 0 0 2 0 0 0 0 9 23 10 3 0 0 7 8 0 0 0 0 0 0 0 0 0 0 0 0 0 0 23 0 0 0 0 0 20 0 0 0 1 0 50 47 0 0 0 0 0 0 0 0 0 0 0 0 0 0 0 0 0 0 0 6 0 0 0 0 0 0 0 0 0 0 0 0 0 0 0 0 0 0 0 0 0 0 0 0 29 30 0 30 0 0 8 20 0 0 0 0 8 0 0 0 0 1 0 0 0 21 11 2 0 0 0 0 42 50 15 0 0 0 46 36 0 0 0 0 0 0 0 0 13 0 0 0 0 0 0 0 0 0 0 0 9 0 0 0 0 0 0 0 0 0 0 0 0 0 0 0 0 0 0 0 0 0 0 0 0 1 14 1 1 0 0 7 0 0 0 0 1 0 0 0 0 0 0 0 2 0 0 0 0 0 0 0 0 0 0 0 0 0 0 0 0 0 0 0 0 0 0 0 0 0 
 387 302 62 66 39 33 0 128 108 71 38 252 392 659 56 19 34 43 162 254 0 0 203 0 0 2 0 0 0 1 0 1 5 3 2 3 3 205 2 0 0 0 4 0 0 11 0 0 0 0 0 0 0 0 0 0 4 0 0 0 8 0 0 2 0 0 8 34 1 2 0 0 0 3 3 2 0 0 0 2 48 28 0 0 0 0 49 24 0 0 0 0 0 58 23 16 38 1 37 33 0 0 0 0 0 0 0 0 0 0 2 0 0 0 0 0 0 0 0 0 0 0 0 0 0 0 0 0 0 0 0 0 0 0 2 0 0 0 0 0 0 0 0 0 3 0 0 0 0 13 1 1 0 0 0 0 0 0 1 8 24 17 4 0 0 1 52 44 11 0 2 0 44 78 14 1 12 2 0 43 0 0 0 0 0 0 0 0 0 0 0 0 0 0 0 0 0 0 2 0 0 0 0 0 0 1 0 0 0 0 0 1 0 1 0 31 0 0 0 0 0 0 0 0 0 0 0 0 0 0 0 0 0 0 1 0 0 0 0 0 0 0 0 0 10 0 2 2 1 2 0 21 0 0 0 0 0 0 0 0 0 0 0 0 0 0 0 0 0 0 0 0 0 0 0 0 0 0 0 0 0 0 0 0 0 0 0 0 0 0 
 341 574 294 69 56 23 128 0 476 42 263 44 101 515 284 135 261 70 101 50 0 0 0 0 1 2 0 0 0 0 0 3 5 4 4 3 3 0 2 0 0 0 3 0 0 39 0 0 0 0 0 0 0 0 0 0 3 0 0 0 0 0 0 2 0 0 17 3 2 2 0 0 0 3 2 2 0 37 0 2 9 39 48 64 2 0 0 90 15 13 4 0 0 4 63 26 39 104 14 0 0 2 0 0 0 0 0 0 0 0 0 2 0 0 0 0 0 0 0 2 0 1 0 0 0 0 0 0 2 0 0 0 0 0 0 1 0 0 0 0 0 7 0 0 0 1 0 0 0 0 0 0 0 1 0 2 0 0 2 0 0 28 23 0 0 0 62 0 55 9 0 1 0 22 8 31 33 0 0 3 0 2 2 0 0 15 0 0 0 0 0 0 0 0 2 0 0 0 0 0 0 0 0 1 0 0 0 0 0 10 0 0 0 0 0 0 0 0 0 0 0 15 0 0 0 0 2 0 1 0 0 0 2 0 0 0 0 1 0 2 0 0 0 0 1 2 0 1 4 0 1 15 0 0 0 0 0 0 0 0 0 0 0 0 0 0 0 0 0 0 0 0 0 0 0 0 0 0 0 0 0 0 0 0 0 0 0 0 0 0 
 49 430 476 78 427 35 108 476 0 372 49 51 202 86 210 166 260 563 86 81 0 0 2 1 0 0 0 0 0 0 0 2 3 2 2 3 3 0 2 0 0 2 3 0 0 49 0 0 0 2 0 3 0 0 0 0 5 2 0 0 0 0 3 5 0 0 34 3 2 5 0 3 3 3 2 2 3 58 0 2 0 72 57 46 18 6 0 15 39 14 37 86 0 0 39 25 13 50 0 0 0 0 0 2 0 0 0 0 0 0 0 0 0 0 0 0 0 0 0 0 0 0 0 0 0 0 0 0 0 0 0 0 0 0 0 0 0 0 0 1 0 0 0 0 0 0 0 0 0 0 0 0 0 0 17 0 0 0 0 0 0 11 24 31 0 1 1 0 11 53 20 5 0 0 15 24 17 29 0 0 0 0 0 0 13 0 0 0 0 0 0 0 0 0 0 0 0 0 0 0 0 0 0 0 0 0 0 0 0 0 0 0 0 0 0 0 0 0 0 0 0 0 0 0 0 0 0 0 0 0 0 0 0 0 0 0 0 0 0 0 0 19 0 0 0 2 2 1 1 6 0 7 1 0 0 0 0 0 0 0 0 0 16 0 0 0 0 0 0 0 0 0 0 0 0 0 11 36 0 0 0 0 0 0 0 0 0 0 0 0 
 39 66 657 446 79 41 71 42 372 0 468 62 290 79 99 381 581 205 105 150 0 0 0 0 0 0 0 0 0 0 0 2 4 2 8 3 3 1 2 0 0 0 3 0 0 2 0 0 0 4 0 0 0 0 0 0 3 0 0 0 0 0 0 2 0 0 0 3 0 2 0 0 0 4 3 2 0 1 0 2 0 15 21 39 18 33 0 0 30 26 60 78 0 0 0 10 11 1 0 0 0 0 2 0 0 0 0 0 0 0 0 13 0 0 17 0 0 0 0 0 0 0 0 2 0 0 0 0 0 2 0 0 17 0 0 0 0 0 0 0 2 0 0 2 0 0 0 2 0 0 0 1 0 0 0 0 0 0 0 0 0 11 0 55 0 0 0 0 19 16 35 29 1 1 1 15 42 106 0 0 0 0 0 0 0 0 0 2 0 0 16 0 0 0 0 0 0 0 0 1 0 0 0 0 0 2 0 0 0 0 0 2 0 2 0 0 0 0 0 0 0 0 0 0 0 0 0 0 0 0 0 0 0 0 2 0 0 0 0 0 0 15 0 0 0 0 173 1 0 182 0 7 1 0 0 0 0 0 0 0 0 0 15 0 0 0 0 0 0 0 0 0 0 0 0 60 6 14 0 0 0 0 0 0 0 0 0 0 0 0 
 27 55 65 109 49 45 38 263 49 468 0 391 115 25 76 99 231 630 91 53 5 0 0 0 0 0 0 0 0 0 4 4 3 2 2 5 5 0 2 0 0 0 3 0 0 2 0 0 0 6 0 0 0 0 0 0 3 0 3 0 0 0 0 2 0 0 1 3 0 2 0 0 1 3 3 2 0 0 2 2 0 0 0 31 41 58 0 0 0 6 10 72 0 0 0 1 8 0 0 0 0 0 0 1 0 0 0 0 0 0 0 0 0 0 0 0 2 0 10 1 0 0 0 0 0 0 0 0 0 0 0 0 0 0 0 0 1 3 0 1 0 20 0 0 0 0 0 0 0 0 0 0 0 0 0 0 0 0 0 0 1 0 0 36 48 11 0 0 1 11 18 63 0 0 0 13 10 12 0 2 0 0 0 0 0 0 0 0 0 0 0 1 0 0 0 0 0 0 1 45 0 0 0 0 2 11 0 0 15 0 0 34 0 0 0 0 0 0 0 0 0 0 0 0 0 0 0 0 0 0 0 0 0 1 0 0 0 14 0 0 0 0 0 0 0 0 82 0 0 45 1 5 9 0 0 0 0 0 0 0 0 0 13 0 0 0 0 0 0 0 0 0 0 0 0 18 18 0 0 0 0 0 0 0 0 0 0 0 0 0 
 241 150 46 624 404 180 252 44 51 62 391 0 263 45 42 264 99 88 87 120 0 0 0 0 3 4 0 6 3 5 3 4 7 4 2 8 5 7 11 3 26 2 6 0 3 2 3 3 72 3 0 0 0 3 0 0 3 62 0 0 0 1 3 7 0 0 0 6 2 5 2 0 25 6 5 2 1 1 0 4 0 0 1 15 53 39 0 0 0 5 49 18 0 0 0 1 1 0 0 0 0 0 10 0 0 0 0 0 0 0 1 1 2 0 0 0 0 1 49 24 0 0 0 0 0 0 0 0 0 2 0 0 0 0 1 0 0 0 0 0 1 0 0 1 0 0 0 2 0 0 0 1 0 0 0 0 0 0 0 0 0 2 0 1 30 2 0 0 9 1 20 60 1 0 0 1 13 16 0 0 0 0 0 0 0 0 0 0 0 0 0 0 11 1 0 0 0 0 27 31 0 0 0 0 0 2 0 0 10 0 14 2 3 2 0 0 0 0 0 0 0 0 0 0 0 0 0 0 0 0 0 0 0 0 2 0 0 0 0 0 0 0 0 0 0 1 173 0 2 176 0 6 0 0 0 2 1 0 0 1 0 0 0 0 0 0 0 0 0 2 0 0 0 0 1 25 6 0 0 0 0 0 0 0 0 0 0 0 0 0 
 60 64 276 55 106 252 392 101 202 290 115 263 0 88 52 255 245 39 654 129 0 0 1 0 0 0 0 0 3 0 104 0 4 3 4 3 3 2 2 0 1 0 0 0 0 0 0 0 0 0 23 0 0 0 0 0 3 0 0 0 0 0 0 2 0 0 0 3 0 2 0 0 0 3 2 2 0 0 0 2 29 0 0 0 0 0 41 0 0 0 0 0 7 41 9 12 2 0 31 17 5 3 0 1 0 2 0 0 0 0 0 0 0 0 0 0 0 0 2 0 0 0 0 0 0 0 0 0 0 0 0 0 0 0 0 0 0 0 0 2 0 0 0 0 5 0 0 0 0 0 0 0 0 0 0 0 0 0 0 6 20 0 10 12 0 0 32 32 0 0 0 0 26 17 9 0 0 0 12 64 0 0 0 0 0 0 0 0 0 0 0 0 0 0 0 0 0 0 0 0 0 0 2 0 0 1 0 0 0 0 0 13 0 0 0 0 0 0 0 0 0 0 0 0 0 0 0 0 0 0 0 0 0 0 0 0 0 0 9 0 0 0 0 0 0 2 0 1 1 0 0 12 0 0 0 0 0 0 0 0 0 0 0 0 0 0 0 0 0 0 0 0 0 0 0 0 0 0 0 0 0 0 0 0 0 0 0 0 0 0 
 189 606 57 62 84 44 659 515 86 79 25 45 88 0 566 255 245 26 123 162 0 0 0 0 0 0 0 0 2 0 0 1 4 3 2 3 3 2 2 0 0 0 2 0 0 68 0 0 2 0 0 0 0 0 0 0 3 0 0 0 31 0 0 2 0 0 14 3 3 2 0 0 0 3 2 2 0 0 0 2 46 12 5 19 0 0 1 87 0 17 0 0 0 39 48 1 14 6 0 0 0 0 14 0 0 18 0 0 0 0 0 0 0 0 0 0 0 0 0 0 0 0 0 2 0 0 0 0 18 2 1 0 0 0 0 0 0 0 0 0 2 0 0 2 0 0 0 2 0 0 0 0 0 0 0 0 0 0 0 3 23 24 21 0 0 0 50 42 55 7 0 0 1 25 12 3 32 0 0 10 0 0 0 0 0 0 0 0 0 0 1 0 0 14 0 0 0 0 0 0 0 0 0 0 0 0 2 0 0 0 0 0 0 2 0 0 0 0 11 0 0 0 0 0 0 57 0 0 0 0 0 0 0 0 0 0 0 0 0 0 0 0 0 0 0 0 2 0 3 2 2 6 1 0 0 0 0 0 0 0 0 0 0 0 0 0 0 0 0 0 0 0 0 0 0 0 0 0 0 0 0 0 0 0 0 0 0 0 0 0 
 305 301 74 44 72 257 56 284 210 99 76 42 52 566 0 407 47 50 71 65 0 0 0 0 0 0 0 4 0 0 0 3 3 3 7 3 3 2 2 0 0 3 1 0 4 63 0 0 0 0 0 0 5 5 0 5 3 64 5 0 4 0 0 2 0 0 8 3 60 2 0 0 0 3 2 2 0 50 0 6 10 37 38 22 0 0 0 44 16 18 5 0 1 1 70 22 33 81 0 0 0 0 10 0 0 0 0 0 0 0 0 0 0 0 0 0 0 1 0 0 0 0 0 0 0 0 0 0 0 0 0 0 2 0 0 0 0 0 0 0 0 0 0 0 0 0 0 0 0 0 0 0 0 0 0 0 0 0 0 0 0 26 28 0 0 0 18 1 12 6 9 0 1 14 5 25 33 0 0 0 0 0 10 0 0 0 0 0 0 0 0 0 0 0 0 0 0 0 0 0 0 0 0 0 0 0 0 0 0 0 2 0 0 0 0 0 0 0 42 0 0 0 0 0 0 11 0 0 0 0 0 0 0 0 0 0 0 1 0 1 0 0 0 0 2 0 0 2 2 0 0 21 0 0 0 0 0 0 76 0 0 0 0 0 0 0 0 0 0 0 0 0 0 0 0 0 0 0 0 0 0 0 0 0 0 0 0 0 0 0 
 47 143 172 49 56 280 19 135 166 381 99 264 255 255 407 0 292 405 53 44 0 35 0 0 0 0 0 3 0 0 0 2 3 2 2 3 3 0 2 1 0 0 3 0 0 63 0 0 0 2 0 0 0 0 0 0 3 0 0 0 0 0 0 2 0 0 0 3 0 2 0 0 0 3 3 2 0 51 0 2 0 28 52 38 0 0 1 12 35 16 43 46 0 0 28 36 7 131 0 0 0 0 0 0 0 0 0 0 0 2 0 0 0 0 0 0 0 0 0 0 0 0 0 0 1 0 0 0 0 0 0 0 0 0 0 0 0 0 0 0 18 0 2 0 0 0 0 0 0 0 0 0 0 0 0 0 0 0 0 0 0 15 39 22 2 0 0 0 29 24 14 0 0 0 6 28 12 39 0 0 0 0 0 0 2 0 0 3 0 0 0 0 0 0 0 0 0 0 0 0 2 0 0 0 0 0 0 0 0 2 0 0 0 0 0 0 0 0 0 0 1 0 0 0 0 0 0 0 0 0 0 0 0 0 0 0 0 0 0 0 0 10 0 0 0 1 2 0 2 1 0 6 0 0 0 0 0 0 0 0 0 0 24 0 0 0 0 0 0 0 0 0 0 0 0 0 13 12 0 0 0 0 0 0 0 0 0 0 0 0 
 25 223 222 225 60 105 34 261 260 581 231 99 245 245 47 292 0 341 36 33 2 0 2 72 0 0 36 2 2 0 0 2 3 3 2 5 3 3 9 0 0 0 6 4 1 2 0 0 0 2 0 0 0 0 61 0 3 0 0 0 30 0 0 2 0 0 0 3 0 2 0 0 0 3 2 2 2 52 0 2 1 12 35 64 10 0 7 13 36 38 38 22 0 1 36 36 20 124 0 0 0 2 0 0 0 0 0 0 0 0 0 0 0 0 0 0 0 4 1 0 0 0 0 0 0 0 0 0 0 0 0 0 0 0 0 0 0 0 0 0 0 0 0 0 0 0 0 0 0 0 6 0 0 0 0 0 0 0 0 0 1 4 8 42 0 0 0 0 22 17 18 0 0 0 1 40 11 26 0 0 0 0 0 0 0 0 0 0 0 0 0 0 0 0 0 0 0 0 0 0 0 0 0 0 0 0 0 0 0 0 11 0 0 0 0 0 0 0 0 0 9 0 0 0 0 0 0 0 0 0 0 0 0 0 0 0 0 0 0 0 0 10 0 0 0 5 0 2 1 88 0 6 10 0 0 0 0 0 0 0 0 0 13 0 0 0 0 0 0 0 0 0 0 0 0 0 9 10 0 0 0 0 0 0 0 0 0 0 0 0 
 32 39 650 395 34 52 43 70 563 205 630 88 39 26 50 405 341 0 31 44 0 3 2 0 0 0 4 0 0 1 3 2 4 4 2 3 3 3 2 2 1 0 5 0 0 2 0 0 0 4 0 0 0 0 0 0 3 0 0 0 0 0 0 2 0 0 0 3 0 2 0 0 0 3 3 2 1 1 0 2 0 15 12 36 20 21 0 0 28 25 56 83 0 0 0 10 6 0 0 0 0 0 0 0 0 0 0 0 0 0 0 0 0 0 0 0 0 0 0 0 0 0 0 0 0 0 0 0 0 0 0 0 0 0 0 0 0 0 0 0 0 0 0 0 0 0 0 0 0 0 0 0 0 0 0 0 0 0 0 0 0 11 0 49 0 0 0 0 17 16 37 34 0 0 0 12 30 65 0 0 0 0 0 0 0 0 0 0 0 0 0 0 0 0 0 0 0 0 0 1 0 0 0 0 0 0 0 0 0 0 0 0 0 0 0 0 0 0 0 0 0 0 0 0 0 0 0 0 0 0 0 0 0 0 0 0 3 0 0 0 0 19 0 0 0 1 172 2 3 185 0 13 1 0 0 0 0 0 0 0 0 0 13 0 0 0 0 0 0 0 0 0 0 0 0 50 9 14 0 0 0 0 0 0 0 0 0 0 0 0 
 273 50 63 285 284 81 162 101 86 105 91 87 654 123 71 53 36 31 0 331 0 0 0 0 0 0 2 0 0 0 0 1 3 3 2 3 3 0 2 0 0 0 1 0 0 1 0 0 0 0 0 2 0 0 0 0 3 0 0 0 5 0 0 2 0 0 0 3 0 2 0 0 0 3 2 2 1 0 0 2 23 0 0 20 0 0 63 0 0 0 0 0 31 22 0 16 0 0 68 34 0 0 0 0 0 0 0 0 0 0 0 0 0 0 0 0 0 0 0 0 0 0 0 0 0 0 0 0 0 0 0 0 0 0 0 0 0 0 0 0 0 0 0 0 7 0 0 0 0 0 0 0 0 0 0 0 0 13 18 0 8 0 1 0 0 0 15 1 0 1 0 0 41 29 7 0 0 0 38 51 0 0 0 0 0 0 0 0 0 0 0 0 0 0 0 0 0 0 13 0 0 0 0 0 0 0 0 0 2 0 29 0 0 0 0 0 0 2 0 0 0 0 2 0 0 0 0 0 0 2 0 0 0 1 0 0 0 0 0 0 0 0 0 0 0 0 1 0 5 0 0 2 0 0 2 0 0 0 0 1 0 0 0 0 0 0 0 0 0 0 0 0 0 0 0 0 0 0 0 0 0 0 0 0 0 0 0 0 0 0 
 127 38 59 62 265 240 254 50 81 150 53 120 129 162 65 44 33 44 331 0 1 1 0 0 0 0 2 1 0 0 0 1 5 3 5 3 3 0 2 4 0 0 2 63 1 13 1 0 2 0 0 0 3 3 0 3 3 0 2 0 8 33 2 9 0 0 8 3 1 2 0 0 1 3 2 52 0 1 0 10 47 0 0 0 0 0 25 11 14 0 0 25 7 45 1 13 8 0 20 14 0 0 0 0 0 0 0 0 0 0 0 0 0 0 0 0 0 0 0 0 0 0 0 0 0 0 0 0 0 0 0 0 0 0 0 0 0 0 1 0 0 0 0 12 2 0 0 0 0 0 0 0 0 0 0 0 0 0 0 0 22 0 0 0 0 0 33 25 11 0 0 0 9 28 12 0 12 0 15 32 0 0 0 0 0 0 22 0 0 0 0 0 0 0 0 11 0 0 0 0 0 0 0 0 0 0 0 0 0 0 0 0 0 0 0 0 0 0 0 16 0 0 0 0 0 0 0 0 2 0 0 0 0 0 0 0 2 0 0 0 0 0 0 0 0 1 2 0 0 0 0 14 0 0 0 0 0 0 0 0 0 0 0 0 0 0 0 0 0 0 0 0 0 0 0 0 0 0 0 0 0 0 0 0 0 0 0 0 0 0 
 0 0 0 0 5 0 0 0 0 0 5 0 0 0 0 0 2 0 0 1 0 78 91 56 33 50 376 653 30 57 39 58 63 198 487 41 32 23 38 153 202 12 0 0 114 0 0 3 59 0 0 3 0 0 0 0 6 0 0 0 3 0 0 0 0 0 3 0 0 0 3 10 0 0 0 0 0 0 0 0 0 0 0 0 0 0 0 0 0 0 0 0 0 0 0 0 0 0 0 0 46 70 49 0 0 0 7 28 44 0 20 0 12 21 40 22 26 12 0 0 0 0 0 0 0 0 0 0 0 0 0 0 0 0 0 0 0 0 0 0 0 0 0 0 0 0 0 0 0 6 0 0 0 10 0 0 0 0 0 0 0 2 0 0 0 0 0 0 0 0 0 17 0 0 0 0 0 45 0 0 32 21 7 0 0 0 30 27 28 22 0 0 6 25 27 66 8 19 0 0 0 0 0 0 0 0 0 0 0 0 0 0 2 0 0 0 0 0 0 0 0 0 0 0 1 0 0 0 0 0 2 0 0 0 0 0 0 0 0 0 0 0 0 0 0 0 0 0 0 0 0 0 0 0 9 0 0 0 0 2 2 2 0 0 0 0 0 0 0 0 0 18 0 0 0 0 0 0 0 0 0 2 0 0 0 0 0 0 0 0 
 0 0 3 1 2 0 0 0 0 0 0 0 0 0 0 35 0 3 0 1 78 0 356 67 49 36 146 464 365 40 42 33 46 60 389 422 275 54 27 47 0 11 0 0 0 0 0 3 0 2 0 3 0 0 0 0 7 0 0 0 3 0 0 0 8 0 3 0 0 0 0 3 0 0 0 0 0 0 0 0 1 0 0 0 0 0 0 0 0 0 1 0 0 0 0 0 0 0 0 0 15 29 70 59 2 0 0 3 58 56 55 20 0 0 10 32 22 48 0 0 0 0 0 0 0 0 0 0 0 0 0 0 0 6 0 0 9 0 0 0 2 0 0 0 0 2 8 0 0 6 0 0 0 0 0 1 0 0 1 0 0 0 0 0 0 1 0 0 0 0 0 1 2 0 0 1 0 0 1 0 17 41 91 54 1 0 0 0 16 70 29 43 0 20 23 15 51 49 0 0 0 0 0 0 0 0 18 0 0 0 0 0 1 0 0 0 0 0 0 0 0 0 0 0 0 0 0 0 0 0 0 0 0 0 0 0 3 0 0 0 0 0 0 0 0 0 0 0 0 2 0 0 0 0 0 0 0 0 0 0 13 14 0 0 0 0 1 2 0 0 0 1 0 0 0 0 0 11 0 0 0 37 0 0 0 0 8 0 0 0 
 2 0 2 0 0 0 203 0 2 0 0 0 1 0 0 0 2 2 0 0 91 356 0 183 37 29 55 134 210 264 126 61 65 80 261 55 268 310 45 53 0 7 0 2 0 0 0 3 70 0 0 3 0 0 0 0 3 0 3 0 3 0 0 0 2 0 3 0 2 0 0 3 3 0 0 0 1 0 0 0 0 1 0 12 0 0 2 0 0 0 0 0 0 0 2 0 0 0 0 0 2 2 28 66 11 0 0 23 1 34 18 1 2 0 0 17 0 31 0 0 0 0 0 0 0 0 0 0 0 2 0 2 0 0 0 0 0 0 28 0 0 0 0 0 0 0 4 0 0 0 0 0 0 0 0 0 0 0 0 0 0 0 0 0 0 3 0 4 0 0 2 0 0 0 0 0 0 0 0 0 0 6 38 52 17 27 1 0 6 33 32 28 0 0 1 0 25 21 0 0 0 0 0 0 0 1 0 0 0 0 0 0 0 0 0 0 0 0 4 0 0 0 0 0 0 0 2 0 0 0 0 0 0 0 0 0 0 0 1 2 0 0 0 0 0 0 0 0 73 0 0 0 0 0 6 0 1 77 2 0 11 0 0 0 0 0 0 0 0 0 0 0 0 0 27 0 15 0 0 0 0 29 0 0 0 0 8 0 0 0 
 3 0 0 0 0 0 0 0 1 0 0 0 0 0 0 0 72 0 0 0 56 67 183 0 90 52 65 78 66 401 151 370 60 59 67 47 115 555 100 63 0 2 0 4 0 1 0 3 4 30 0 3 0 8 19 0 2 0 0 0 3 0 0 0 1 0 3 0 0 0 0 3 0 3 0 0 1 3 0 0 0 0 0 0 0 0 0 0 0 0 0 0 0 0 0 0 0 0 0 0 0 0 1 20 52 8 0 1 0 23 0 30 0 0 1 14 0 19 0 0 0 0 0 0 0 0 0 0 0 0 0 0 0 0 0 0 0 0 36 0 1 0 0 0 0 0 0 0 0 0 0 3 0 0 0 0 0 0 0 0 0 0 0 0 0 7 0 18 0 0 7 0 0 0 0 0 0 0 0 0 0 1 2 21 29 14 0 0 0 1 15 19 0 0 1 19 1 0 0 0 1 0 0 0 0 0 2 0 0 0 0 0 0 0 0 0 0 0 23 27 0 0 0 0 0 0 0 0 0 0 0 2 0 0 2 0 0 0 0 0 0 0 6 0 0 1 0 0 0 0 0 0 0 0 9 0 0 12 7 0 21 1 0 0 0 0 9 0 0 0 0 0 0 0 0 0 0 0 0 0 0 0 0 0 0 0 0 0 0 0 
 2 0 0 1 0 0 0 1 0 0 0 3 0 0 0 0 0 0 0 0 33 49 37 90 0 687 41 180 43 100 168 546 94 166 93 121 50 57 286 84 0 0 0 0 0 0 0 3 0 0 0 3 0 0 0 2 2 0 7 0 3 0 0 0 0 0 3 0 0 0 0 3 0 3 0 0 0 3 0 0 0 0 0 0 0 1 0 0 2 0 0 0 0 0 0 0 0 0 1 0 0 0 0 0 30 19 0 0 0 0 0 3 0 0 0 0 0 0 0 0 37 0 0 0 0 0 6 0 0 0 0 0 12 0 0 0 0 0 28 83 40 0 0 0 2 0 0 0 0 0 0 30 0 0 0 0 0 0 16 0 0 0 0 0 0 0 0 0 49 0 2 0 0 14 0 0 0 0 0 0 0 0 0 0 18 16 0 0 0 0 0 6 0 0 0 0 1 0 0 0 7 0 0 6 0 0 25 0 0 0 0 0 29 10 1 0 0 0 37 25 0 0 0 0 0 0 0 0 0 0 0 56 0 0 0 0 0 7 0 0 0 0 2 0 0 0 0 0 0 0 0 0 0 0 19 2 0 7 8 0 5 0 0 0 0 0 0 0 0 0 0 0 0 0 0 0 0 0 0 0 0 0 0 0 0 0 0 0 0 0 
 1 0 0 0 0 0 2 2 0 0 0 4 0 0 0 0 0 0 0 0 50 36 29 52 687 0 36 61 35 47 109 76 128 123 276 123 60 63 80 50 0 0 0 0 0 0 0 3 0 0 0 29 3 0 0 8 5 0 193 1 3 0 0 0 0 0 3 0 0 0 0 3 0 0 0 0 0 1 0 0 0 0 0 0 0 0 0 0 0 0 0 0 0 1 0 0 46 0 0 0 0 0 0 0 0 27 0 0 12 1 0 0 0 0 0 0 1 0 0 0 20 0 0 1 0 0 33 7 0 0 1 0 22 12 2 0 0 0 46 31 17 0 0 0 0 0 0 0 0 0 0 3 0 0 0 0 0 0 0 13 0 0 0 0 0 0 0 0 7 0 1 0 0 4 0 0 0 0 0 0 0 1 0 0 24 33 0 8 0 12 2 0 0 2 1 0 0 0 2 0 10 0 0 0 0 0 46 1 1 0 0 0 33 28 0 0 0 0 30 33 0 0 0 0 0 1 0 6 0 2 26 0 0 0 0 0 0 0 0 0 0 0 0 0 0 0 0 0 0 0 0 0 0 0 28 11 2 4 5 0 15 1 0 0 0 0 0 0 0 0 0 0 0 0 0 0 0 0 0 0 0 0 0 0 0 0 0 0 0 0 
 2 0 0 0 2 25 0 0 0 0 0 0 0 0 0 0 36 4 2 2 376 146 55 65 41 36 0 70 40 22 31 42 347 411 34 43 26 18 55 289 0 1 0 0 1 0 0 3 0 0 2 3 4 0 0 0 2 1 0 0 3 0 0 0 0 0 3 0 0 0 10 8 0 0 0 0 4 0 0 0 0 0 0 2 0 12 9 0 0 0 0 0 0 0 0 0 0 0 0 0 23 51 12 0 0 0 31 60 2 0 1 0 11 34 38 11 42 12 1 19 0 2 0 27 0 0 0 2 0 0 0 0 2 0 0 0 0 0 0 0 0 0 0 0 0 0 0 0 0 0 1 0 0 0 0 0 0 0 0 0 0 0 0 0 5 0 8 0 0 3 0 0 0 0 0 0 0 0 7 0 50 16 11 0 0 0 33 40 20 0 2 1 18 42 0 53 0 1 0 36 1 0 0 0 0 0 0 0 0 0 2 0 0 1 0 0 0 0 0 0 8 0 0 0 0 0 0 2 0 0 0 0 0 0 0 0 0 0 0 0 0 0 16 0 0 0 0 0 0 0 0 0 0 0 10 0 0 0 0 0 11 0 0 0 0 0 0 0 0 0 0 0 0 0 2 0 0 0 0 0 0 0 0 0 0 0 0 0 0 0 
 3 2 0 2 3 2 0 0 0 0 0 6 0 0 4 3 2 0 0 1 653 464 134 78 180 61 70 0 99 234 49 257 109 601 191 347 36 266 65 72 0 24 0 18 0 1 0 3 0 0 44 3 0 0 0 0 8 0 0 0 3 0 3 0 1 0 3 0 0 0 0 9 0 0 0 0 7 0 0 0 0 0 0 0 0 0 0 0 0 0 0 0 0 0 0 0 0 0 0 0 8 93 72 35 0 1 19 11 40 2 53 20 0 10 44 14 66 18 0 0 0 0 0 0 0 0 0 0 0 0 0 0 0 0 0 0 0 0 0 0 0 0 2 0 0 0 0 0 0 5 18 0 0 0 0 0 0 0 0 0 0 0 0 0 0 0 0 0 0 0 0 0 0 0 0 0 0 0 0 0 9 46 34 28 0 9 1 9 5 47 12 22 0 0 13 59 55 32 0 0 0 0 0 0 0 0 0 0 0 0 15 0 0 0 2 0 0 0 0 0 0 0 0 0 0 0 0 0 0 0 0 0 2 0 0 0 0 0 0 0 0 0 0 0 0 0 0 0 0 0 0 0 0 0 0 0 0 0 0 2 1 18 0 0 0 0 0 0 0 0 0 0 0 0 0 0 0 0 0 0 0 44 0 0 37 0 0 0 0 0 
 2 0 75 0 0 0 0 0 0 0 0 3 3 2 0 0 2 0 0 0 30 365 210 66 43 35 40 99 0 348 62 59 100 66 101 148 174 556 84 264 0 4 0 0 0 0 0 3 0 0 0 6 63 0 0 0 5 0 0 0 6 0 0 0 3 0 6 2 3 0 0 56 0 0 0 0 0 0 0 0 0 0 0 0 0 0 0 0 0 0 0 0 0 0 0 0 0 0 0 0 24 0 11 45 10 0 0 12 9 50 49 29 0 5 0 36 19 31 0 0 0 0 0 0 0 13 0 0 0 0 0 0 0 0 0 0 0 0 0 0 0 0 0 0 1 0 15 0 0 0 0 0 0 0 13 0 0 0 0 0 0 0 21 0 0 15 0 5 0 0 0 0 0 0 0 0 0 0 0 0 0 27 37 55 0 0 0 0 26 22 29 33 0 0 1 0 40 19 0 0 0 0 0 0 0 0 0 0 0 0 0 0 0 0 0 0 0 0 0 0 0 9 0 0 0 0 0 0 0 0 0 0 0 0 0 0 0 0 0 0 0 0 0 0 0 0 0 0 0 0 0 0 0 0 9 0 1 4 4 0 18 14 0 0 0 0 0 0 0 0 0 0 0 0 0 0 0 0 0 0 0 32 0 0 0 0 8 0 0 0 
 0 206 0 1 5 2 1 0 0 0 0 5 0 0 0 0 0 1 0 0 57 40 264 401 100 47 22 234 348 0 501 35 36 64 101 475 300 197 314 295 0 2 0 2 0 0 0 3 2 0 0 3 0 0 0 0 2 3 0 0 3 0 0 0 4 0 3 0 0 0 0 5 2 0 0 0 50 0 0 0 0 0 0 0 0 0 0 0 0 0 0 0 0 0 0 0 0 0 0 0 0 0 1 33 24 26 0 3 0 53 11 54 0 0 1 26 1 33 0 0 0 0 0 0 0 0 0 0 0 0 24 0 0 0 0 0 0 0 10 0 0 0 0 0 0 0 4 0 0 0 0 0 0 0 0 0 0 0 0 0 0 0 0 0 0 10 0 3 0 0 1 2 0 0 0 0 0 0 0 0 0 22 27 60 17 11 0 0 27 0 27 37 0 0 0 1 2 14 0 0 0 0 0 0 0 0 0 0 0 0 0 0 0 0 0 0 0 0 0 0 0 0 0 0 13 0 0 0 0 0 0 3 0 0 0 0 0 0 0 0 0 0 7 0 0 0 0 0 0 0 0 0 0 0 0 2 0 148 155 0 27 1 14 0 0 0 7 0 0 0 0 0 0 0 0 0 0 0 0 0 0 14 0 0 0 0 6 0 0 0 
 2 2 0 0 7 0 0 0 0 0 4 3 104 0 0 0 0 3 0 0 39 42 126 151 168 109 31 49 62 501 0 358 30 289 53 282 207 428 51 68 0 0 0 5 0 0 0 3 0 0 0 3 0 0 0 1 5 26 0 0 3 0 0 0 2 0 3 0 0 0 0 3 0 3 2 0 0 3 0 0 0 15 0 0 0 0 0 0 0 0 0 0 0 0 0 0 0 0 0 0 2 0 0 31 48 11 0 0 0 14 1 37 0 0 0 23 0 7 0 0 0 0 0 0 0 2 0 0 0 0 0 0 0 0 0 0 0 0 31 0 0 0 0 0 0 0 1 0 0 0 0 3 0 2 0 0 0 0 0 0 0 0 0 0 2 3 0 11 0 1 9 0 0 0 0 0 14 0 0 0 0 0 2 24 18 24 0 0 0 2 16 22 24 0 0 0 0 0 0 2 0 0 0 0 0 0 1 0 0 0 0 9 2 0 0 0 0 0 18 24 0 0 0 0 0 0 11 0 0 0 1 0 0 0 0 0 0 0 11 0 0 0 5 0 0 0 0 0 0 0 0 0 0 0 4 0 4 42 41 2 15 0 0 0 0 0 9 0 0 0 0 0 0 0 0 0 0 0 0 0 0 0 0 0 0 0 1 0 0 0 
 0 1 37 2 4 1 1 3 2 2 4 4 0 1 3 2 2 2 1 1 58 33 61 370 546 76 42 257 59 35 358 0 24 247 27 46 302 42 25 253 0 0 0 1 0 0 0 3 0 0 0 3 0 0 0 8 2 0 0 62 3 0 0 0 0 0 3 0 0 0 0 3 0 10 0 2 0 3 0 0 0 0 0 0 0 2 0 0 0 0 0 0 0 0 0 0 0 0 0 0 0 0 0 18 35 55 0 0 0 0 0 48 0 0 0 0 0 0 1 0 0 24 0 0 0 0 31 1 0 0 0 0 21 7 0 0 0 3 50 9 7 0 0 0 1 0 0 0 0 0 0 10 0 0 1 0 0 0 0 0 0 0 1 0 0 1 0 0 0 0 7 0 0 7 0 0 0 0 0 0 0 0 41 0 47 40 0 0 0 0 0 5 0 0 0 0 2 0 0 0 0 0 0 14 0 0 20 0 0 0 0 0 32 0 0 0 0 0 26 12 0 0 0 0 2 0 0 0 0 0 0 0 0 0 0 8 0 0 0 0 0 0 11 0 0 0 0 0 0 0 0 1 0 0 16 2 5 150 152 2 4 2 0 0 0 0 12 0 0 0 0 0 0 0 0 0 0 0 0 0 0 0 0 0 0 0 0 0 0 0 
 4 3 3 3 3 3 5 5 3 4 3 7 4 4 3 3 3 4 3 5 63 46 65 60 94 128 347 109 100 36 30 24 0 75 37 59 236 245 337 493 0 0 0 0 0 0 0 4 63 0 0 3 0 0 0 0 2 0 0 0 5 0 0 0 0 0 5 1 0 0 10 6 0 0 0 0 0 4 0 0 0 0 0 0 0 0 0 0 0 0 0 0 0 1 0 0 0 0 0 0 63 3 0 2 0 15 39 29 0 0 0 0 1 41 12 0 8 0 18 44 0 0 0 2 0 0 0 0 0 0 2 0 0 0 0 0 0 0 0 0 0 0 0 0 0 0 0 0 0 0 0 0 0 0 0 0 0 0 0 2 0 0 0 0 7 0 0 0 0 9 1 0 0 0 0 0 0 2 0 0 22 9 0 0 9 0 27 43 36 0 2 0 20 103 41 4 0 0 2 18 0 0 0 0 0 8 0 0 1 0 0 0 0 0 0 0 0 0 0 0 0 0 0 0 0 1 0 0 0 2 0 0 0 0 0 0 0 0 0 0 0 0 0 0 0 0 1 0 0 0 0 0 0 0 6 2 0 0 0 0 2 0 0 0 0 0 0 0 0 0 0 0 0 0 0 0 0 0 0 0 0 0 0 0 0 0 0 0 0 0 
 3 3 2 3 6 3 3 4 2 2 2 4 3 3 3 2 3 4 3 3 198 60 80 59 166 123 411 601 66 64 289 247 75 0 393 57 39 29 332 161 0 3 0 0 0 0 0 3 0 0 0 3 0 0 0 0 58 0 0 0 2 0 0 51 0 0 3 0 0 0 8 8 0 0 0 0 0 0 0 0 0 0 0 6 0 0 0 13 0 0 0 0 0 2 0 0 0 0 19 0 53 55 35 1 0 0 20 27 76 0 20 0 12 20 22 22 33 16 0 0 0 0 0 1 0 0 0 0 19 0 0 0 0 0 0 0 0 0 0 0 0 9 0 0 0 0 0 0 0 3 0 2 0 0 2 0 0 1 0 1 0 0 0 0 1 0 0 0 0 3 0 0 0 0 0 0 0 0 0 0 43 13 27 0 0 0 11 18 37 17 1 0 0 26 112 29 19 21 0 0 0 0 0 13 0 0 0 0 2 0 0 0 0 0 0 0 0 0 0 0 0 0 0 0 0 2 0 0 0 0 0 0 0 0 0 0 1 0 0 13 0 0 1 0 0 0 0 0 73 0 0 0 0 0 8 0 0 0 0 0 2 1 0 0 0 0 0 0 0 0 0 0 0 0 0 0 0 0 0 0 0 0 0 0 0 0 1 0 0 0 
 4 86 2 2 2 2 2 4 2 8 2 2 4 2 7 2 2 2 2 5 487 389 261 67 93 276 34 191 101 101 53 27 37 393 0 164 133 37 80 87 0 3 0 0 0 0 0 3 0 0 3 3 0 0 0 0 19 0 0 0 70 0 5 2 0 2 3 0 46 0 1 6 0 0 0 0 0 0 0 0 0 0 0 0 0 0 0 0 0 0 0 0 0 0 0 0 0 0 0 0 9 77 81 31 0 0 27 12 52 2 25 20 0 9 52 13 57 14 0 0 0 0 5 0 0 0 0 0 0 0 13 0 0 0 0 0 0 0 6 0 0 0 0 0 0 0 0 0 0 49 0 0 0 0 0 0 9 0 0 0 0 0 0 0 0 0 0 0 0 0 0 0 0 0 0 0 0 13 0 0 12 42 26 25 0 0 1 10 11 29 11 1 0 0 33 37 53 25 0 0 0 0 0 0 0 0 0 0 0 0 0 0 0 0 0 0 17 0 0 0 0 0 0 0 0 0 0 0 0 0 0 0 0 0 0 0 0 0 0 13 0 0 0 0 0 2 0 0 0 0 0 0 0 0 6 0 0 1 2 2 4 18 0 0 0 0 0 0 0 0 0 0 0 0 0 0 0 0 0 0 0 13 0 0 0 0 0 0 0 0 
 3 209 3 5 5 3 3 3 3 3 5 8 3 3 3 3 5 3 3 3 41 422 55 47 121 123 43 347 148 475 282 46 59 57 164 0 284 202 34 72 0 0 0 0 0 0 0 3 0 0 0 3 0 0 0 0 30 0 22 60 3 0 0 0 67 0 3 0 0 0 0 3 0 0 0 0 50 0 0 0 0 0 0 0 0 0 0 0 0 0 0 0 0 0 0 0 0 0 0 0 0 16 22 20 1 0 0 15 18 35 13 18 0 1 1 24 19 23 0 0 10 0 0 0 0 0 0 0 0 0 0 0 0 0 0 0 0 0 0 0 0 0 0 0 0 0 8 0 0 4 0 0 0 0 0 24 0 0 18 0 0 2 0 0 0 0 0 0 0 0 0 0 0 0 0 0 0 0 0 0 0 23 30 28 0 0 0 0 11 24 26 39 0 0 0 2 55 25 0 0 0 0 0 0 0 0 0 0 0 0 0 0 2 0 0 0 0 21 0 0 0 0 0 0 0 0 0 0 0 0 2 0 0 0 0 0 0 0 0 0 0 0 0 0 0 0 0 0 0 0 0 0 0 0 2 0 0 2 1 4 75 16 0 0 0 0 0 0 0 0 0 0 0 0 0 0 0 0 0 0 0 36 0 0 0 0 8 0 0 26 
 5 3 209 3 7 3 3 3 3 3 5 5 3 3 3 3 3 3 3 3 32 275 268 115 50 60 26 36 174 300 207 302 236 39 133 284 0 332 34 49 0 0 0 66 0 0 0 3 0 3 0 5 0 0 0 0 5 0 0 0 3 0 0 0 6 0 3 50 0 0 0 3 0 0 0 0 0 0 0 0 0 0 0 0 0 0 6 0 0 0 0 0 0 0 0 0 0 0 0 0 1 0 24 63 15 21 0 12 0 56 22 36 0 1 1 41 21 62 0 0 0 0 11 0 0 1 0 0 0 0 0 0 0 0 0 8 0 0 4 0 0 0 0 0 0 0 7 0 0 2 0 0 0 0 0 0 0 0 0 0 0 0 0 0 0 7 0 6 0 0 0 0 0 0 0 0 0 5 0 0 0 61 26 70 0 0 0 0 4 11 47 50 0 0 0 2 58 18 0 0 0 0 0 0 0 0 0 0 0 0 0 0 3 0 0 0 0 0 0 0 6 0 0 0 0 0 0 0 0 0 2 0 0 0 0 0 0 0 0 0 0 0 0 0 0 0 0 0 0 0 0 0 0 0 13 1 0 82 0 0 20 14 0 0 0 0 10 0 0 0 0 0 0 0 0 0 0 0 0 0 0 39 0 0 0 0 11 0 0 0 
 2 3 0 0 3 0 205 0 0 1 0 7 2 2 2 0 3 3 0 0 23 54 310 555 57 63 18 266 556 197 428 42 245 29 37 202 332 0 42 454 2 0 0 0 0 1 0 3 0 0 0 3 0 1 0 0 2 0 0 0 3 0 0 0 2 4 3 0 0 0 26 3 0 0 0 0 2 0 0 0 0 0 0 0 0 0 0 0 0 0 0 0 0 0 0 0 0 0 0 0 0 0 0 46 25 23 0 0 0 58 6 52 0 0 0 28 0 32 0 0 0 0 0 0 0 0 0 0 0 0 0 0 0 0 0 0 0 0 14 0 0 0 1 0 0 0 7 0 0 0 0 1 0 0 0 0 0 0 0 0 0 0 0 0 0 14 0 7 0 0 1 0 0 0 0 0 0 1 0 0 0 0 31 42 20 23 0 0 9 0 32 33 0 0 0 0 0 30 0 0 15 0 0 0 0 0 0 0 0 0 0 0 0 0 0 0 0 0 1 2 0 0 0 0 0 0 0 0 0 0 0 0 0 0 0 0 0 0 0 0 0 0 9 0 0 0 0 0 0 2 0 0 0 0 7 1 2 156 153 3 52 0 0 0 0 0 7 2 0 0 0 0 0 0 0 0 0 0 0 0 0 22 0 0 0 0 6 0 0 0 
 4 4 2 2 8 227 2 2 2 2 2 11 2 2 2 2 9 2 2 2 38 27 45 100 286 80 55 65 84 314 51 25 337 332 80 34 34 42 0 328 0 0 5 0 4 0 6 3 201 0 0 3 16 19 0 6 2 1 4 0 7 0 0 3 0 2 3 3 0 1 2 5 0 1 6 0 4 1 0 4 0 0 0 0 15 1 0 0 0 0 0 0 0 0 0 0 0 0 0 0 0 0 0 0 0 0 45 0 1 0 1 0 39 9 8 1 1 0 32 43 0 0 0 0 0 0 0 0 0 0 0 0 0 0 0 0 0 0 0 0 0 0 0 0 0 0 0 0 0 0 2 0 0 0 0 0 0 0 0 0 0 0 0 0 25 27 0 0 0 3 0 0 0 0 0 0 0 0 0 0 25 0 0 0 0 0 39 38 2 0 0 0 38 26 20 27 0 1 25 41 3 0 0 0 0 0 0 0 0 0 0 0 0 0 0 0 0 0 0 0 0 0 0 0 0 0 0 0 0 0 0 0 0 0 0 0 0 0 0 0 0 0 0 0 0 0 0 0 0 0 0 0 0 0 7 2 0 0 0 2 2 0 0 0 0 0 0 0 0 0 0 0 0 0 0 0 0 0 0 0 0 0 0 0 0 0 0 0 0 0 
 2 206 4 2 0 2 0 0 0 0 0 3 0 0 0 1 0 2 0 4 153 47 53 63 84 50 289 72 264 295 68 253 493 161 87 72 49 454 328 0 0 1 0 0 0 0 0 3 0 0 0 3 9 0 0 0 2 1 0 0 3 0 0 0 0 0 3 0 0 0 11 5 0 0 0 0 0 3 0 0 0 0 0 0 0 0 0 0 0 0 0 0 0 0 0 0 0 0 0 0 42 21 0 0 0 0 58 40 0 0 2 0 28 19 19 0 35 0 24 35 2 0 0 0 0 0 0 0 0 0 0 0 0 0 0 0 0 0 0 0 0 0 0 0 0 0 0 0 0 0 0 0 0 0 0 2 0 0 1 0 0 0 0 0 20 0 1 0 0 5 0 0 0 0 0 0 0 0 5 0 32 17 0 0 0 0 45 41 27 0 1 0 8 54 17 11 0 0 8 18 0 0 0 1 0 0 0 0 14 0 0 0 0 0 0 0 0 1 0 0 0 0 0 2 0 0 0 0 0 12 0 0 0 0 0 0 0 0 0 0 0 0 0 0 0 0 1 0 0 0 0 0 0 0 7 3 1 0 0 0 0 2 0 0 0 0 0 0 0 0 0 0 0 0 0 0 0 0 0 0 0 0 0 0 0 0 0 0 0 0 
 1 0 0 0 0 0 0 0 0 0 0 26 1 0 0 0 0 1 0 0 202 0 0 0 0 0 0 0 0 0 0 0 0 0 0 0 0 2 0 0 0 84 72 50 26 26 307 236 37 21 66 84 58 161 249 33 30 23 29 100 0 0 0 4 0 0 0 0 6 12 5 4 0 0 0 2 6 0 0 0 0 0 0 0 0 0 0 0 0 0 0 0 0 0 0 0 0 0 0 0 0 0 0 0 0 0 0 0 0 0 0 0 0 0 0 0 0 0 0 0 25 13 12 30 0 7 11 9 20 0 26 0 1 2 42 52 10 7 1 0 0 1 0 5 0 9 0 0 0 6 0 22 1 0 2 0 0 0 0 0 0 0 8 0 0 0 0 0 0 0 0 0 0 0 0 14 0 0 0 0 0 0 0 0 0 0 0 0 0 2 0 0 0 0 0 0 0 0 0 0 21 18 26 1 0 0 0 8 21 12 0 0 0 13 27 24 36 0 1 0 0 0 0 0 4 3 0 0 0 0 19 32 0 0 0 0 11 6 0 0 0 0 0 0 0 0 0 0 0 26 0 15 0 2 0 0 0 0 0 0 0 0 0 0 0 1 31 0 0 1 7 0 0 0 0 3 0 0 0 0 0 0 0 0 0 7 0 0 0 0 
 0 2 0 0 3 0 0 0 2 0 0 2 0 0 3 0 0 0 0 0 12 11 7 2 0 0 1 24 4 2 0 0 0 3 3 0 0 0 0 1 84 0 308 87 40 33 291 287 225 68 50 238 261 516 283 105 195 251 263 65 0 3 0 7 0 0 0 0 6 2 0 0 2 0 1 2 1 0 0 57 0 0 0 0 0 0 0 20 0 0 0 0 0 0 0 0 0 0 0 0 29 14 1 4 0 0 0 3 7 0 4 10 0 6 2 5 4 1 0 0 0 11 29 32 0 1 0 5 21 18 23 5 0 0 22 36 46 35 0 0 0 0 0 0 0 1 0 3 0 0 0 0 0 0 0 0 0 0 0 0 0 0 0 1 0 0 0 0 0 0 0 0 0 0 0 0 0 0 0 0 1 5 2 0 0 0 13 0 5 14 0 0 1 0 7 16 1 5 0 0 0 1 31 24 0 0 0 0 14 43 17 16 0 0 18 17 37 32 1 0 0 0 0 0 0 0 0 0 0 0 0 0 0 0 0 0 0 0 0 0 0 0 23 0 0 0 0 0 0 0 0 11 0 1 0 0 0 0 0 0 0 0 0 0 2 78 1 0 0 1 1 0 0 0 0 0 0 0 0 0 0 42 0 0 9 36 0 0 0 0 
 1 2 3 1 1 2 4 3 3 3 3 6 0 2 1 3 6 5 1 2 0 0 0 0 0 0 0 0 0 0 0 0 0 0 0 0 0 0 5 0 72 308 0 121 67 30 92 92 239 254 59 34 278 57 55 245 186 228 23 30 0 0 0 6 0 0 0 3 0 1 0 0 0 1 0 0 1 0 0 0 0 0 0 0 0 0 0 0 0 0 0 0 46 0 0 0 0 0 0 0 0 0 0 0 6 0 0 0 0 0 0 0 0 18 0 0 0 0 0 0 0 8 27 11 9 11 0 34 61 22 21 41 3 7 5 5 35 58 0 0 0 0 0 0 0 0 0 4 0 0 1 0 0 0 0 0 0 0 0 0 0 0 0 5 0 0 0 0 0 0 0 0 5 0 0 0 0 0 0 0 0 0 0 0 0 1 0 0 0 0 0 0 0 0 0 0 0 0 0 0 6 2 8 25 1 0 0 5 46 11 40 26 0 0 3 14 18 25 19 0 0 0 0 0 10 0 0 0 0 0 0 0 0 0 0 0 0 0 0 0 0 0 11 0 0 0 0 0 0 0 0 10 0 2 0 0 0 0 0 21 0 0 2 1 0 13 2 5 2 0 25 0 0 0 0 0 0 0 0 0 0 0 0 17 12 19 0 0 0 0 
 2 0 0 0 69 0 0 0 0 0 0 0 0 0 0 0 4 0 0 63 0 0 2 4 0 0 0 18 0 2 5 1 0 0 0 0 66 0 0 0 50 87 121 0 327 36 85 76 60 322 165 233 60 82 62 49 121 239 84 50 0 9 0 0 0 0 0 0 0 0 0 0 0 0 0 0 0 4 0 1 0 0 0 0 0 0 0 0 0 0 0 0 0 0 0 0 0 0 0 0 0 0 0 0 0 0 0 0 0 0 0 0 0 0 0 0 0 1 0 0 0 0 5 14 35 17 1 0 8 16 18 37 0 0 0 0 3 22 0 0 0 0 0 0 0 1 0 0 17 0 12 0 1 0 0 0 0 0 2 13 0 5 19 1 0 0 0 0 0 0 0 0 0 0 0 0 0 0 0 0 0 0 0 0 0 0 0 0 0 0 0 0 0 0 0 0 0 0 0 0 7 9 1 9 48 40 0 0 3 1 29 30 0 0 14 3 0 6 0 0 0 0 0 0 0 0 18 0 0 0 0 0 25 0 0 2 0 1 13 11 0 0 0 0 0 0 0 0 0 0 0 19 0 0 0 0 0 0 0 14 0 18 4 2 0 0 0 38 0 0 14 0 0 0 0 0 0 0 0 0 0 0 0 0 0 0 0 0 0 0 
 2 0 0 0 3 0 0 0 0 0 0 3 0 0 4 0 1 0 0 1 114 0 0 0 0 0 1 0 0 0 0 0 0 0 0 0 0 0 4 0 26 40 67 327 0 207 468 53 279 298 109 261 263 71 81 59 64 51 250 57 0 52 0 0 0 0 0 0 0 0 0 0 58 0 0 0 0 0 0 52 0 0 0 0 0 0 0 0 0 0 0 0 0 0 0 0 0 0 1 0 0 0 0 0 0 0 0 0 0 0 0 0 0 0 0 0 0 0 0 0 1 7 7 0 1 6 15 6 0 6 0 0 4 6 6 3 0 0 0 0 7 0 0 0 0 0 0 7 0 0 0 0 12 0 0 0 0 0 11 20 10 7 0 0 0 0 0 0 0 0 0 0 0 0 0 0 11 0 0 22 13 0 0 0 0 0 0 0 0 0 0 0 0 0 0 27 0 2 0 0 5 0 0 0 89 14 0 4 0 0 10 31 0 0 6 6 0 6 0 0 0 1 0 0 0 0 51 0 0 0 0 0 31 11 0 0 0 0 50 10 0 0 0 0 0 0 0 0 0 0 0 3 0 2 0 0 0 0 0 0 0 21 1 1 2 4 1 1 0 0 0 0 0 0 0 0 0 0 0 0 0 0 0 0 0 0 0 0 0 0 
 66 61 1 2 0 0 11 39 49 2 2 2 0 68 63 63 2 2 1 13 0 0 0 1 0 0 0 1 0 0 0 0 0 0 0 0 0 1 0 0 26 33 30 36 207 0 25 21 28 60 94 52 32 40 84 103 58 59 47 50 0 0 0 0 3 0 11 0 3 0 0 4 1 51 3 0 49 0 104 1 0 0 0 9 0 0 0 17 0 0 0 0 0 0 5 4 6 12 0 0 0 0 0 0 0 0 0 0 0 0 0 0 0 28 0 0 0 9 0 0 0 0 0 0 0 11 0 0 0 0 0 0 0 0 0 0 0 0 0 0 5 0 0 0 0 0 19 5 0 0 0 0 10 5 0 0 0 0 12 0 7 0 10 0 0 0 21 7 17 7 0 0 0 0 0 0 34 0 0 3 0 19 0 0 0 0 0 0 0 0 0 0 0 0 0 0 0 0 0 0 0 0 0 0 0 8 0 0 0 0 0 8 0 0 0 0 0 0 0 0 37 11 0 0 0 0 16 0 0 0 14 0 13 1 0 0 0 0 11 0 0 0 0 0 0 0 0 0 0 2 0 3 1 0 0 0 0 0 0 0 0 0 4 0 0 5 0 5 0 0 0 0 0 0 0 0 0 0 0 0 0 0 0 0 0 0 0 0 0 0 
 0 0 0 0 0 0 0 0 0 0 0 3 0 0 0 0 0 0 0 1 0 0 0 0 0 0 0 0 0 0 0 0 0 0 0 0 0 0 6 0 307 291 92 85 468 25 0 158 47 58 30 251 530 339 83 243 50 61 45 272 2 0 0 3 0 0 0 0 0 0 0 0 0 0 0 0 0 0 0 2 3 0 0 0 0 0 0 0 0 0 0 0 0 0 0 0 0 0 0 0 0 0 0 0 0 0 25 0 0 0 13 0 0 0 0 0 0 0 0 0 35 31 0 0 0 0 17 19 0 0 2 0 44 37 67 43 0 0 0 7 0 4 0 0 0 14 0 0 0 0 0 0 0 0 5 0 0 0 0 0 0 0 0 0 0 0 0 0 0 0 0 0 19 0 0 8 0 0 0 0 0 0 0 0 0 1 0 0 0 0 0 0 0 0 0 0 0 0 0 0 39 28 18 0 0 0 4 37 26 4 0 0 18 38 17 16 0 5 0 23 0 0 0 0 0 0 0 0 0 0 0 0 0 0 0 0 85 0 0 0 0 0 0 0 0 0 0 0 0 0 0 6 0 0 0 0 0 0 0 0 0 0 2 0 2 1 4 0 0 0 0 0 0 0 0 0 0 0 0 0 0 0 0 0 0 0 0 0 0 0 
 0 0 0 0 0 0 0 0 0 0 0 3 0 0 0 0 0 0 0 0 3 3 3 3 3 3 3 3 3 3 3 3 4 3 3 3 3 3 3 3 236 287 92 76 53 21 158 0 215 48 56 33 105 315 141 246 49 39 50 50 1 0 0 7 1 2 0 1 0 1 1 2 0 0 2 0 1 0 0 2 0 0 20 0 0 0 0 0 0 0 0 0 0 0 0 0 0 0 0 0 0 0 0 0 0 0 0 0 0 0 0 0 0 0 0 0 0 0 0 0 0 38 32 34 0 0 0 9 22 10 38 6 0 0 13 35 48 5 0 0 16 0 0 0 0 3 0 9 0 0 0 0 0 0 6 0 0 0 0 0 0 0 0 0 0 0 0 0 0 0 0 0 0 0 0 0 0 0 0 0 0 0 0 0 0 0 0 0 0 0 0 0 0 0 0 0 0 0 0 0 19 27 36 33 0 0 0 7 17 9 0 13 0 11 24 7 37 12 0 0 0 0 0 0 0 0 0 0 0 0 0 0 0 0 0 0 10 0 0 0 0 0 17 0 0 0 0 0 0 0 0 4 0 0 0 0 0 0 0 0 0 0 2 2 0 0 0 0 0 0 0 0 0 0 0 1 0 0 0 0 0 0 0 0 1 23 0 0 0 0 
 0 0 0 0 0 0 0 0 0 0 0 72 0 2 0 0 0 0 0 2 59 0 70 4 0 0 0 0 0 2 0 0 63 0 0 0 0 0 201 0 37 225 239 60 279 28 47 215 0 355 46 91 113 72 276 135 106 175 60 41 1 5 0 8 0 0 1 6 42 3 0 0 50 0 5 5 1 0 0 2 0 0 0 0 0 0 0 0 0 0 0 0 0 0 0 0 0 0 0 0 0 0 0 0 0 0 0 8 0 0 0 0 0 0 0 0 0 0 0 0 0 14 30 14 9 0 0 9 42 22 49 29 0 0 14 0 24 29 0 0 0 0 0 0 4 2 0 3 7 7 5 0 0 0 0 1 12 47 0 0 0 0 0 3 0 0 0 0 0 0 0 1 0 0 0 0 0 0 0 0 0 0 0 0 0 0 0 0 0 0 0 0 0 0 0 0 0 0 6 0 0 0 28 27 0 10 0 0 19 42 19 13 0 0 14 20 65 43 12 0 0 0 11 16 0 0 0 0 0 0 6 14 0 0 0 0 0 13 0 0 0 0 10 0 0 0 0 0 0 0 0 2 0 0 0 0 0 0 0 10 0 0 0 2 2 5 5 0 1 0 2 0 0 0 0 0 0 0 0 0 0 0 0 0 10 4 0 0 0 0 
 0 0 3 9 3 0 0 0 2 4 6 3 0 0 0 2 2 4 0 0 0 2 0 30 0 0 0 0 0 0 0 0 0 0 0 0 3 0 0 0 21 68 254 322 298 60 58 48 355 0 354 59 66 73 110 115 450 124 488 70 0 4 0 0 0 0 0 0 0 0 0 0 0 0 0 0 0 0 0 0 0 0 0 10 3 2 0 0 12 16 4 7 0 0 0 16 0 17 0 0 0 0 0 0 0 0 0 0 0 0 0 0 0 0 0 0 0 0 1 0 0 0 12 11 30 25 0 0 2 46 10 14 0 0 0 1 4 23 0 0 0 0 0 0 2 0 0 1 0 0 0 0 0 0 0 0 0 0 0 8 0 1 0 9 0 0 0 0 33 9 34 0 0 0 0 14 2 25 0 0 0 0 0 0 0 0 0 0 0 0 0 0 0 0 0 0 0 0 0 0 0 1 0 14 9 14 0 1 13 23 26 20 0 0 0 8 2 23 0 0 0 0 0 0 1 0 0 0 0 0 0 0 0 0 0 0 1 0 18 0 0 38 14 0 0 0 2 0 0 0 0 10 0 2 0 0 0 0 0 8 0 21 72 64 2 15 0 65 0 0 10 0 0 0 0 0 0 0 0 0 0 0 0 0 10 0 0 0 0 0 
 2 0 0 0 0 0 0 0 0 0 0 0 23 0 0 0 0 0 0 0 0 0 0 0 0 0 2 44 0 0 0 0 0 0 3 0 0 0 0 0 66 50 59 165 109 94 30 56 46 354 0 317 59 249 63 63 183 518 17 137 0 10 0 0 0 0 0 0 0 55 0 0 0 0 0 0 0 0 0 0 0 0 0 0 0 13 0 0 0 0 9 0 0 0 0 0 0 0 0 0 1 25 0 0 0 0 0 0 0 0 0 0 0 0 0 0 0 0 0 0 0 0 0 29 41 42 0 0 0 13 26 33 0 0 0 0 0 9 0 0 0 0 0 0 6 0 0 0 0 0 0 0 0 0 0 0 1 0 0 66 0 9 0 3 0 0 0 0 0 0 0 19 0 0 0 0 0 0 0 0 0 0 0 0 0 0 0 0 0 0 0 2 0 0 0 0 0 0 0 0 0 14 0 0 51 27 0 0 0 0 31 20 0 0 0 1 0 0 0 0 0 1 0 0 0 0 22 0 0 0 0 0 28 0 0 0 0 0 20 9 0 0 4 0 0 0 0 0 0 0 0 13 2 0 0 0 0 0 0 30 0 0 39 43 0 2 0 10 1 0 14 0 0 0 0 0 0 0 0 0 0 0 0 0 2 12 0 0 0 0 
 0 2 0 0 0 0 0 0 3 0 0 0 0 0 0 0 0 0 2 0 3 3 3 3 3 29 3 3 6 3 3 3 3 3 3 3 5 3 3 3 84 238 34 233 261 52 251 33 91 59 317 0 257 21 63 238 512 335 46 25 0 13 0 0 0 0 0 0 6 7 1 0 0 0 0 4 4 0 0 1 0 0 0 0 0 0 0 0 0 0 0 0 0 0 0 0 0 0 0 0 0 0 0 0 0 0 0 0 0 0 0 0 0 0 0 0 0 0 0 0 0 0 0 1 48 40 0 0 0 1 0 0 0 0 0 17 0 0 0 0 1 0 0 1 3 4 0 1 0 20 0 4 47 14 1 0 0 0 47 31 14 20 0 0 0 0 0 0 0 0 0 0 0 0 0 0 2 0 0 8 0 0 0 0 0 0 0 0 0 21 0 0 0 0 0 0 0 0 0 0 0 0 0 0 56 61 0 0 0 0 14 45 0 0 0 0 0 0 0 0 0 0 0 0 5 0 51 10 0 0 8 9 39 1 1 0 0 7 23 5 0 0 0 0 0 0 0 0 0 0 0 5 0 0 0 0 0 0 0 12 0 0 67 63 0 2 12 67 0 0 4 0 0 0 0 0 0 0 0 0 0 0 0 0 0 15 0 9 0 0 
 0 0 0 2 0 0 0 0 0 0 0 0 0 0 5 0 0 0 0 3 0 0 0 0 0 3 4 0 63 0 0 0 0 0 0 0 0 0 16 9 58 261 278 60 263 32 530 105 113 66 59 257 0 86 277 251 226 27 327 168 0 0 2 0 0 0 0 0 1 0 0 1 0 0 1 1 0 0 0 0 0 0 0 0 0 0 0 0 0 0 0 0 0 0 0 0 0 0 0 0 0 0 0 0 0 0 4 0 0 0 1 0 1 1 2 1 0 0 2 0 35 6 0 0 0 0 28 20 0 0 0 0 23 54 15 0 0 1 8 8 0 4 0 0 0 0 0 0 0 0 0 0 0 0 0 0 0 0 0 0 0 0 0 0 0 4 0 0 1 0 1 0 0 0 0 2 0 0 0 0 9 0 0 0 0 13 12 11 0 0 0 0 7 1 0 0 0 1 4 0 27 0 1 0 0 0 14 18 1 0 0 0 4 33 10 9 0 0 7 20 0 0 0 0 0 0 0 0 0 0 0 0 0 0 0 0 0 0 0 0 0 0 0 0 0 0 0 0 0 0 0 3 0 0 0 0 0 0 0 0 0 0 0 0 2 3 1 0 2 0 0 0 0 0 0 0 0 0 0 0 0 0 0 0 0 0 0 0 0 0 
 1 0 0 0 3 1 0 0 0 0 0 3 0 0 5 0 0 0 0 3 0 0 0 8 0 0 0 0 0 0 0 0 0 0 0 0 0 1 19 0 161 516 57 82 71 40 339 315 72 73 249 21 86 0 334 56 45 265 75 144 0 0 0 0 0 0 0 0 0 0 51 0 0 0 0 0 0 0 0 0 0 0 0 0 0 1 0 0 0 0 0 0 0 0 0 0 0 0 0 0 0 0 0 0 0 0 1 0 0 0 0 0 1 0 0 0 0 0 4 15 18 26 11 18 0 0 20 10 16 0 41 0 1 2 26 30 9 8 1 0 0 3 0 0 0 5 0 9 0 0 0 0 0 0 7 0 0 0 0 0 0 0 0 0 10 4 0 0 0 0 0 0 0 0 0 10 0 0 0 0 0 0 0 0 0 0 5 5 0 0 0 0 1 1 0 0 0 0 46 0 11 15 24 5 0 0 0 2 24 8 0 0 0 14 16 37 40 0 1 0 30 0 0 8 0 0 0 0 0 0 0 0 0 0 0 0 19 0 0 0 0 0 0 0 0 0 0 0 0 0 0 0 0 0 0 0 0 0 0 0 0 0 0 0 0 2 0 0 0 2 0 0 0 0 0 0 0 0 0 0 0 0 0 0 0 0 0 0 0 0 
 0 0 0 0 0 0 0 0 0 0 0 0 0 0 0 0 61 0 0 0 0 0 0 19 0 0 0 0 0 0 0 0 0 0 0 0 0 0 0 0 249 283 55 62 81 84 83 141 276 110 63 63 277 334 0 272 259 255 50 141 0 0 0 3 0 53 2 0 0 0 0 0 9 0 0 0 1 0 8 8 0 0 0 0 0 0 0 0 0 0 0 0 0 0 0 0 0 0 0 0 0 0 0 0 0 0 0 0 0 0 0 0 0 0 0 0 0 0 0 0 0 16 24 18 0 0 0 9 40 8 12 7 0 0 10 45 54 9 0 0 2 4 0 0 0 5 19 4 0 0 0 0 0 3 10 0 0 0 0 3 0 0 0 0 0 0 0 0 0 0 0 0 0 0 0 1 0 0 0 0 0 0 0 0 0 1 0 0 0 0 0 0 0 0 0 0 0 0 0 0 13 27 44 17 0 0 0 6 17 11 0 22 0 23 6 11 49 11 0 0 5 0 1 0 0 0 3 0 3 0 0 0 8 0 19 2 9 0 0 0 0 0 0 0 0 0 0 0 0 0 0 9 0 0 0 0 0 0 0 0 0 0 0 0 0 0 2 0 0 0 0 0 0 0 0 0 0 0 0 0 0 0 0 0 0 9 0 0 0 0 
 0 0 63 2 2 0 0 0 0 0 0 0 0 0 5 0 0 0 0 3 0 0 0 0 2 8 0 0 0 0 1 8 0 0 0 0 0 0 6 0 33 105 245 49 59 103 243 246 135 115 63 238 251 56 272 0 214 37 243 65 0 0 0 4 1 0 0 0 3 3 1 0 0 0 0 0 0 0 0 0 0 0 0 0 1 0 0 0 0 0 0 0 0 0 0 0 0 0 0 0 0 0 0 0 0 3 0 0 0 0 0 0 0 0 0 0 0 0 0 0 0 16 31 22 0 0 0 5 42 31 29 14 0 0 11 22 30 19 3 8 0 0 0 0 0 1 0 12 0 12 0 0 0 0 0 0 0 0 0 0 0 0 0 1 21 2 1 0 0 0 0 0 0 0 0 0 0 0 0 0 0 0 0 0 9 5 0 0 0 0 0 7 0 0 0 0 0 0 0 0 0 6 22 36 0 0 5 0 29 33 19 26 6 9 12 24 43 29 10 8 0 0 0 0 0 0 0 0 0 0 0 0 0 0 0 0 6 0 0 0 0 0 18 0 0 0 0 0 0 0 0 3 0 0 0 0 0 0 14 0 0 0 0 0 2 52 2 1 0 0 1 0 0 0 0 0 0 0 0 0 0 0 0 0 12 18 0 0 2 0 
 3 6 3 3 4 3 4 3 5 3 3 3 3 3 3 3 3 3 3 3 6 7 3 2 2 5 2 8 5 2 5 2 2 58 19 30 5 2 2 2 30 195 186 121 64 58 50 49 106 450 183 512 226 45 259 214 0 200 60 33 0 0 0 10 0 0 0 0 0 0 0 0 0 0 0 0 0 0 0 0 0 0 0 0 0 0 0 0 0 0 0 0 0 0 5 0 20 0 0 0 7 3 6 1 0 0 0 20 13 0 3 0 0 2 0 5 2 0 0 0 0 0 8 6 28 10 0 10 9 26 16 44 0 0 0 0 8 18 0 0 0 0 0 0 0 0 0 0 0 0 0 0 0 0 0 0 0 0 0 4 0 0 0 4 0 0 0 0 0 0 0 0 0 0 0 0 0 0 0 0 0 6 7 0 0 0 0 0 10 6 0 0 0 0 34 4 10 3 0 0 0 0 10 17 17 2 0 0 33 26 38 20 0 0 1 6 8 25 0 0 0 0 0 0 0 0 0 0 0 0 0 0 0 0 0 0 0 0 0 1 0 0 14 0 0 0 0 0 0 0 0 16 0 2 0 0 0 0 0 14 0 0 65 1 0 14 1 0 2 0 29 0 0 0 0 0 0 0 0 0 0 6 0 0 9 20 0 0 0 0 
 0 2 0 0 29 43 0 0 2 0 0 62 0 0 64 0 0 0 0 0 0 0 0 0 0 0 1 0 0 3 26 0 0 0 0 0 0 0 1 1 23 251 228 239 51 59 61 39 175 124 518 335 27 265 255 37 200 0 52 27 0 3 4 1 0 47 0 0 1 1 0 0 0 0 0 0 0 1 0 0 0 18 0 0 11 9 0 0 0 0 0 0 0 0 0 0 0 0 0 0 0 0 0 0 0 0 0 0 0 0 0 0 0 0 0 0 0 0 20 13 0 0 14 5 33 35 0 0 0 16 33 45 0 0 0 0 1 29 0 0 0 0 0 0 0 0 0 0 0 0 0 0 0 0 0 0 0 0 0 9 0 10 0 3 19 14 0 0 0 0 0 18 0 0 0 0 14 0 0 0 0 0 0 0 0 0 0 2 0 0 0 0 0 0 0 0 0 0 17 20 0 0 0 8 16 11 0 0 41 71 33 10 0 0 0 7 0 74 5 0 0 0 0 0 0 0 0 0 0 0 0 0 4 0 0 0 0 0 21 0 0 0 12 0 0 0 0 0 0 0 0 9 0 0 0 0 1 0 0 33 1 0 65 64 1 14 4 61 0 0 14 0 0 0 0 0 0 0 0 0 0 0 0 0 11 15 0 0 0 0 
 0 0 0 0 8 0 0 0 0 0 3 0 0 0 5 0 0 0 0 2 0 0 3 0 7 193 0 0 0 0 0 0 0 0 0 22 0 0 4 0 29 263 23 84 250 47 45 50 60 488 17 46 327 75 50 243 60 52 0 205 0 0 0 0 51 0 0 0 0 0 0 0 0 0 0 0 0 0 0 0 0 0 0 0 0 0 0 0 0 0 0 11 0 0 0 24 0 0 0 0 0 0 17 0 0 1 0 0 0 0 0 0 0 0 0 0 0 0 0 0 24 10 4 17 9 0 9 9 6 4 6 7 40 50 43 0 4 9 15 32 0 0 0 0 0 0 0 0 0 0 0 1 0 0 0 0 0 0 0 0 0 0 0 0 0 0 0 0 4 0 0 0 0 1 0 0 0 0 0 0 0 0 0 0 0 12 0 0 0 0 0 0 0 0 0 0 0 0 0 0 19 8 19 6 2 0 21 27 0 7 5 2 11 35 10 0 6 0 19 50 0 0 0 0 0 0 0 0 0 0 0 0 0 0 0 0 0 0 0 0 0 0 0 0 0 0 0 0 0 0 0 3 0 0 0 0 0 0 0 2 0 0 0 0 0 3 0 0 0 0 0 0 0 0 0 0 0 0 0 0 0 0 0 0 9 0 0 0 0 0 
 1 0 0 0 0 0 0 0 0 0 0 0 0 0 0 0 0 0 0 0 0 0 0 0 0 1 0 0 0 0 0 62 0 0 0 60 0 0 0 0 100 65 30 50 57 50 272 50 41 70 137 25 168 144 141 65 33 27 205 0 0 0 0 0 0 0 0 0 0 0 0 0 0 0 0 5 0 0 0 0 0 0 0 0 0 0 0 0 0 0 3 0 0 0 0 0 0 0 0 0 0 0 0 0 0 0 0 0 0 0 0 0 0 0 0 0 0 0 0 0 38 14 0 0 0 0 30 14 0 0 1 0 23 37 41 10 0 0 14 4 0 5 0 0 0 1 0 1 0 0 5 0 0 0 6 0 0 0 0 0 0 0 0 0 0 0 0 0 2 0 0 0 0 0 0 5 0 0 0 0 0 0 0 0 0 6 0 0 0 0 0 0 0 0 0 0 0 0 0 0 21 6 1 0 0 0 0 14 1 0 0 0 19 4 18 16 0 0 8 14 0 0 0 0 0 0 0 0 0 0 0 0 0 0 0 0 13 0 0 0 0 0 0 0 0 0 0 0 0 0 0 7 0 0 0 0 0 0 0 0 0 0 0 0 0 0 0 0 0 0 0 0 0 0 0 0 0 0 0 0 0 0 0 0 0 0 0 0 0 14 
 2 0 0 0 0 0 8 0 0 0 0 0 0 31 4 0 30 0 5 8 3 3 3 3 3 3 3 3 6 3 3 3 5 2 70 3 3 3 7 3 0 0 0 0 0 0 2 1 1 0 0 0 0 0 0 0 0 0 0 0 0 102 47 42 40 49 336 228 47 29 28 36 65 95 405 36 40 38 26 62 5 0 0 0 0 0 8 1 0 0 0 0 0 8 0 0 0 0 0 3 0 0 0 0 0 0 0 8 0 0 0 0 0 0 0 0 0 0 0 0 0 0 0 0 0 0 0 0 0 0 13 0 0 0 0 0 0 0 0 0 12 8 11 0 1 0 0 1 14 1 26 0 6 24 0 4 8 7 0 1 5 0 0 0 0 0 0 1 1 1 0 4 0 5 4 0 1 0 7 5 0 0 0 0 0 0 0 0 0 0 0 0 0 0 8 0 0 0 0 0 0 0 0 0 0 0 0 0 0 0 0 0 0 0 0 0 0 0 0 0 1 15 65 10 2 25 3 19 54 14 10 2 2 31 23 36 6 9 2 16 4 0 0 0 0 0 0 0 0 0 0 0 0 0 2 0 0 0 0 0 0 0 0 0 0 0 0 0 0 0 0 0 0 2 0 0 0 0 0 0 0 0 0 0 0 0 0 0 0 0 
 0 0 0 0 0 0 0 0 0 0 0 1 0 0 0 0 0 0 0 33 0 0 0 0 0 0 0 0 0 0 0 0 0 0 0 0 0 0 0 0 0 3 0 9 52 0 0 0 5 4 10 13 0 0 0 0 0 3 0 0 102 0 235 73 44 46 65 308 200 61 51 43 243 41 207 186 179 63 44 37 0 0 0 0 0 0 0 0 0 0 0 0 0 0 0 0 0 0 0 0 0 0 0 0 0 0 0 0 0 0 0 0 0 0 0 0 0 0 0 0 0 0 0 0 4 25 0 0 0 0 0 0 0 0 0 0 0 4 0 0 0 1 14 18 2 0 0 0 17 25 26 1 8 0 0 17 55 9 4 12 0 0 0 0 0 0 0 0 0 0 0 0 0 0 0 0 42 0 3 0 3 0 0 0 0 0 0 0 0 0 0 0 0 0 0 0 0 0 0 0 0 0 0 0 3 34 0 0 0 0 0 6 0 0 0 0 0 0 0 0 0 19 36 19 0 0 0 0 18 6 34 7 4 0 1 8 19 69 0 0 3 0 0 0 0 0 0 0 0 0 0 0 0 0 2 0 0 0 0 0 0 0 0 0 0 0 8 19 0 0 2 0 0 0 0 0 0 0 0 0 0 0 0 0 0 0 0 9 0 0 
