 0 68 70 37 41 19 439 464 52 234 23 14 44 386 406 24 32 95 74 375 0 0 0 3 3 0 3 0 0 0 0 0 0 2 2 0 1 0 0 0 0 0 0 0 0 2 3 0 0 0 3 0 0 3 0 0 0 2 0 0 0 0 0 1 0 0 3 0 0 0 50 0 0 51 0 0 5 3 0 0 38 38 24 0 0 0 70 34 16 1 0 0 31 13 30 17 19 20 0 0 0 0 0 0 0 0 0 0 0 0 8 0 0 0 0 0 0 0 0 0 0 0 0 0 0 0 0 0 0 0 0 0 0 0 0 0 0 0 0 0 0 0 0 2 0 0 0 0 0 0 0 0 0 0 0 0 0 0 0 0 46 16 18 0 0 0 2 51 10 1 0 0 15 13 5 18 0 6 0 20 0 0 0 0 0 0 0 9 0 0 0 0 0 0 0 0 0 0 0 0 0 0 0 0 0 0 0 0 0 13 0 9 0 0 0 0 30 0 0 20 0 0 0 0 0 0 0 0 0 0 0 0 0 0 1 0 0 0 0 0 0 0 0 0 0 0 1 0 1 0 0 17 0 0 0 0 0 0 0 0 0 0 0 0 0 0 0 0 0 0 0 0 0 0 0 0 0 0 0 0 0 0 0 0 0 0 0 0 0 7 
 68 0 364 59 38 35 69 602 414 26 246 55 80 47 333 492 311 57 84 267 3 0 0 5 2 1 6 0 1 0 0 0 0 2 2 0 0 2 0 1 0 0 0 1 0 4 3 0 0 0 4 1 0 3 0 1 0 3 1 2 0 0 0 0 1 0 3 0 0 0 0 0 0 0 1 0 0 3 0 0 0 28 1 35 0 0 0 0 30 30 17 5 0 0 26 14 3 58 0 0 0 0 0 1 0 0 2 0 0 0 0 0 0 0 17 0 0 0 0 0 2 0 0 0 0 0 0 0 0 0 0 0 0 0 0 0 2 0 0 12 0 0 0 0 0 2 0 0 0 0 0 0 0 0 14 0 0 0 0 0 1 25 18 24 0 0 4 0 29 12 10 1 0 1 7 15 4 25 0 0 0 0 0 0 0 0 0 0 0 0 0 0 0 0 0 0 0 0 0 0 0 0 2 0 0 0 0 0 0 0 0 0 2 0 0 0 0 0 0 0 0 2 0 0 0 0 0 0 0 0 0 0 0 0 0 0 0 0 0 0 0 0 0 0 0 1 0 0 1 0 0 0 0 0 0 0 0 0 0 0 0 0 0 0 0 0 7 0 0 0 0 13 0 0 0 0 8 0 0 0 0 0 0 0 0 0 0 0 0 0 
 70 364 0 116 45 35 68 97 245 429 46 13 286 271 49 370 157 377 61 35 0 2 0 3 2 0 3 3 0 0 0 0 0 2 2 4 0 0 0 0 3 0 0 0 0 2 63 0 0 0 3 3 0 3 0 3 0 3 0 0 0 0 0 0 0 0 3 0 0 0 0 0 1 0 0 0 0 3 0 0 1 10 17 42 10 0 13 1 26 64 36 24 0 0 45 28 23 28 2 0 0 0 0 0 0 0 0 0 0 2 0 0 0 0 0 0 0 0 0 0 0 0 0 0 0 0 0 0 0 0 0 0 0 2 0 0 0 0 0 0 0 0 0 23 1 0 0 0 0 0 0 0 0 0 5 0 2 2 0 0 0 10 7 9 0 0 3 1 60 33 19 38 0 0 26 10 36 35 0 0 0 1 0 0 0 0 0 0 0 0 0 2 0 2 0 0 0 0 0 0 0 0 0 0 0 1 0 0 0 0 0 0 0 0 0 0 0 0 1 0 0 0 0 0 0 0 0 13 0 0 0 0 0 2 0 0 0 0 0 0 0 1 0 0 0 1 4 1 2 2 0 2 0 0 0 0 0 0 0 0 0 0 1 0 0 0 0 0 0 0 0 0 0 0 0 24 23 0 0 0 0 0 0 0 0 0 0 0 0 0 
 37 59 116 0 105 45 82 97 315 456 149 451 279 120 64 50 60 385 72 62 0 1 3 3 3 0 5 3 2 0 0 0 0 3 33 3 4 0 3 0 0 0 0 0 3 2 6 3 0 0 3 0 0 3 6 0 0 4 3 0 0 0 5 2 2 0 3 0 0 0 1 0 6 0 1 0 0 3 0 0 0 0 19 24 15 0 0 0 13 1 44 21 0 0 0 0 31 11 0 0 0 0 0 1 0 0 0 0 0 0 0 0 0 0 0 0 0 0 0 0 0 10 0 0 0 2 0 0 0 0 0 0 0 0 0 0 0 0 0 0 0 0 0 0 0 0 0 0 0 0 0 0 0 0 0 0 0 0 1 10 0 1 1 13 26 26 0 0 0 14 33 21 0 0 6 2 23 1 0 0 0 0 0 0 0 0 0 0 0 0 0 7 2 0 28 1 0 0 49 0 0 0 0 0 0 0 0 1 7 0 0 0 0 0 0 0 0 0 0 0 0 0 0 0 2 0 0 0 10 1 0 5 1 0 0 5 0 0 0 0 0 20 1 0 0 2 47 2 1 59 0 7 5 1 0 0 0 0 0 0 0 0 23 0 0 0 0 0 0 0 0 0 0 0 0 48 0 14 0 0 0 0 0 0 0 0 0 0 0 0 
 41 38 45 105 0 411 51 72 91 207 90 400 83 99 58 67 60 30 61 79 0 0 0 5 5 0 3 0 0 0 0 0 0 2 2 0 2 0 1 1 0 0 13 0 0 2 3 0 0 42 3 0 2 3 4 2 0 2 0 0 0 2 0 1 0 0 3 2 0 0 0 0 0 0 0 8 0 3 4 0 0 0 0 0 14 48 0 0 0 0 11 0 13 6 0 0 0 0 0 0 0 0 0 0 0 0 25 0 0 0 0 0 10 1 1 0 2 0 43 36 0 0 0 0 2 0 0 0 0 2 0 0 0 0 0 1 0 2 0 18 0 0 0 0 0 0 0 0 0 0 0 0 0 0 0 0 1 0 0 0 0 0 0 0 34 38 0 0 0 1 24 0 0 0 9 0 0 0 0 0 21 0 0 0 0 2 13 0 0 0 0 0 14 56 0 0 0 0 58 34 0 0 0 0 0 0 0 0 0 6 0 16 0 0 0 0 0 0 0 0 0 0 0 0 0 0 0 0 1 0 0 0 0 0 0 0 0 0 0 0 0 0 0 0 0 2 3 2 7 12 0 8 0 0 0 0 0 0 0 0 0 0 0 0 0 0 0 0 0 0 0 0 0 0 0 0 0 14 0 0 0 0 0 0 0 0 0 0 0 0 
 19 35 35 45 411 0 16 46 72 33 53 37 29 45 129 92 57 61 36 141 2 2 0 3 3 3 5 4 77 0 0 5 76 2 2 3 3 2 298 4 0 0 7 4 3 2 3 0 0 64 3 1 3 3 4 14 4 5 0 3 0 0 0 0 0 2 3 0 0 0 0 1 32 2 0 0 0 3 0 4 0 0 0 0 10 56 0 0 0 0 1 1 0 0 0 0 0 0 0 0 10 0 0 0 0 0 29 22 0 0 0 0 24 24 20 0 10 0 45 103 0 0 0 0 0 0 0 0 0 0 0 0 0 0 0 0 0 0 0 0 0 0 0 0 0 0 0 0 0 0 0 0 0 0 0 0 0 0 0 0 0 0 0 0 19 21 0 0 0 0 1 2 0 0 1 0 0 0 6 1 8 0 0 0 0 0 10 0 0 0 0 0 27 54 7 0 0 0 5 42 0 0 0 0 0 0 0 0 0 0 0 0 0 0 0 0 0 0 0 0 0 0 0 0 0 0 0 12 0 0 0 0 0 0 0 0 0 0 0 0 0 0 0 0 0 5 3 2 0 0 0 6 1 0 0 2 0 0 0 0 0 0 0 2 0 0 0 0 0 0 0 2 0 0 0 1 0 1 0 0 0 0 0 0 0 0 0 0 0 0 
 439 69 68 82 51 16 0 305 34 244 23 36 348 650 44 32 109 28 46 344 0 3 3 0 0 0 2 0 3 0 2 0 2 1 0 0 0 4 2 0 0 0 0 0 0 0 0 0 0 0 1 0 0 0 64 0 0 2 0 0 0 0 0 2 0 0 0 0 0 0 0 2 0 0 0 0 1 0 0 0 45 18 15 0 0 0 39 25 2 1 0 0 19 39 12 24 1 0 0 37 0 0 0 0 0 0 0 0 0 0 0 0 0 0 0 6 0 0 0 0 0 0 0 0 0 0 0 0 0 2 0 0 0 0 0 18 0 0 0 0 0 7 0 0 0 0 0 0 0 0 0 0 0 0 5 2 0 0 0 2 30 12 13 1 0 0 31 41 7 0 0 0 21 16 7 11 0 1 0 33 0 0 0 0 0 2 0 0 0 0 0 0 24 0 0 0 0 0 0 2 0 0 0 0 0 0 0 0 0 0 0 0 0 1 0 0 0 0 0 0 2 0 2 0 0 0 0 0 1 0 2 0 0 0 21 0 0 0 0 0 0 0 0 0 0 0 2 0 0 0 1 9 0 1 0 0 0 0 0 0 0 0 0 0 0 0 0 0 0 0 0 0 0 0 0 0 0 0 0 0 0 0 0 0 0 0 0 0 0 0 
 464 602 97 97 72 46 305 0 270 32 46 27 100 463 144 134 59 96 56 56 0 0 0 3 3 0 3 0 0 0 2 69 0 3 2 0 1 2 2 0 0 0 0 0 0 2 3 0 0 0 3 0 0 3 0 62 0 3 0 0 0 0 0 0 0 0 3 0 0 0 0 0 0 0 0 0 4 3 0 0 15 19 41 0 0 0 1 16 26 0 19 7 0 3 33 23 19 31 0 0 0 0 0 0 0 2 0 0 0 0 0 0 0 0 0 0 0 0 0 0 0 2 0 0 0 0 0 0 0 0 0 0 0 0 0 0 0 0 0 0 0 0 0 0 0 0 0 0 0 0 0 0 0 0 15 0 0 0 0 0 31 29 34 0 0 0 3 0 32 7 9 0 1 0 21 33 10 35 0 1 0 0 0 10 0 0 0 0 0 0 0 0 1 0 0 0 0 15 0 0 0 0 0 0 4 0 0 0 0 11 1 0 0 0 0 0 0 0 0 0 0 0 0 0 1 0 0 0 0 0 0 0 0 0 0 0 1 0 0 0 0 1 0 0 0 0 2 0 0 0 0 6 0 0 0 0 0 0 0 0 0 0 1 0 0 51 0 0 0 0 0 0 0 0 0 0 14 0 0 0 0 0 0 0 0 0 0 0 0 0 
 52 414 245 315 91 72 34 270 0 509 52 244 302 96 179 266 424 410 87 77 0 101 1 3 1 0 3 2 0 0 0 0 0 2 3 2 0 37 0 0 0 0 0 0 1 2 2 0 0 0 3 3 0 3 0 0 63 4 0 0 0 0 0 0 0 0 2 0 0 0 0 0 0 0 0 0 3 3 0 0 0 14 22 52 10 0 0 0 28 56 47 40 0 0 17 23 25 28 0 0 0 0 0 0 0 0 0 0 0 0 0 0 0 0 9 0 0 0 0 0 0 0 0 0 0 0 0 0 0 0 0 0 0 0 0 0 0 0 0 0 0 0 0 0 0 0 19 0 0 0 0 0 0 0 7 0 0 0 7 0 0 59 28 19 0 0 6 0 29 28 6 69 0 0 22 15 39 47 0 0 0 0 0 0 0 0 0 0 0 0 0 0 0 0 0 0 0 0 0 0 0 0 0 0 0 6 0 0 0 0 0 0 0 0 0 11 0 0 0 0 0 0 0 0 0 0 0 0 0 0 0 0 0 0 0 0 1 0 0 0 0 0 0 0 0 0 2 0 1 2 0 9 0 0 0 0 0 0 0 0 0 0 0 0 0 0 0 0 0 0 0 0 0 0 0 24 19 1 0 0 0 0 0 0 0 0 0 0 0 0 
 234 26 429 456 207 33 244 32 509 0 433 39 33 89 74 393 398 187 111 296 0 74 0 3 1 2 6 0 72 1 0 2 0 2 3 2 0 0 0 0 2 0 0 0 3 2 2 0 3 63 3 0 2 3 0 2 0 6 0 2 7 34 0 2 0 0 2 0 0 3 0 6 0 0 0 2 0 3 0 0 0 16 23 54 32 0 0 0 15 41 34 23 0 0 0 15 28 30 0 0 0 0 0 0 0 0 0 0 0 1 0 0 0 0 0 0 0 0 1 1 0 0 0 0 0 0 0 0 2 0 0 1 0 0 0 0 0 0 0 0 0 0 0 0 0 0 0 0 0 0 0 0 0 0 14 0 0 0 0 0 0 0 105 37 15 0 0 0 10 46 19 43 0 0 0 0 11 0 0 0 0 0 0 0 0 0 0 0 0 0 0 10 0 0 0 0 0 0 0 0 0 0 0 0 0 2 15 0 0 0 0 0 0 0 0 0 1 0 0 0 0 0 0 0 0 0 0 0 0 0 0 0 0 0 0 0 0 0 0 0 0 20 0 0 0 0 215 0 0 174 0 5 10 0 0 0 0 0 0 0 0 0 20 0 0 0 0 0 0 0 0 0 0 0 0 32 0 0 0 0 0 0 0 0 0 0 0 0 0 0 
 23 246 46 149 90 53 23 46 52 433 0 416 51 274 269 103 99 400 42 88 0 0 75 3 2 0 3 2 0 0 0 0 0 2 3 1 0 0 0 0 0 0 0 0 1 2 2 0 0 56 3 0 0 3 2 0 0 3 0 0 0 0 0 0 0 0 3 0 0 0 0 0 0 0 0 0 0 55 0 0 0 0 6 24 77 0 0 0 0 1 29 33 0 0 0 25 17 9 0 0 0 0 0 0 0 0 0 0 0 0 0 0 0 0 0 0 0 0 0 0 0 0 0 0 0 0 0 0 0 0 0 0 0 0 0 0 0 0 0 0 0 0 0 0 0 0 0 0 0 0 0 0 0 18 0 0 0 0 0 0 0 0 0 21 12 16 0 0 0 16 23 15 0 0 2 0 27 0 0 0 29 0 0 0 0 0 0 0 0 0 0 0 0 0 0 0 0 0 38 0 0 0 0 0 0 0 0 0 0 0 0 0 0 0 0 0 0 0 0 0 0 0 0 0 0 0 0 0 0 0 0 0 0 0 0 0 0 0 0 0 0 17 0 0 0 0 15 1 2 99 0 2 7 0 0 0 0 0 0 0 0 0 17 0 0 0 0 0 0 0 0 0 0 0 0 33 0 13 0 0 0 0 0 0 0 0 0 0 0 0 
 14 55 13 451 400 37 36 27 244 39 416 0 31 40 14 34 57 85 193 35 0 0 0 3 3 1 3 0 0 0 0 2 0 2 2 0 1 0 1 0 0 0 0 0 0 2 3 0 0 62 65 0 0 3 0 0 0 3 0 0 0 0 0 0 0 0 3 0 0 0 0 51 0 0 0 0 0 3 0 0 0 0 0 33 53 2 0 0 0 0 11 10 0 0 0 0 14 21 0 0 0 0 0 0 0 0 20 0 0 0 0 0 12 0 0 2 0 0 35 38 0 0 0 3 0 0 0 0 0 0 0 0 0 0 0 0 0 0 0 0 0 0 0 0 0 0 10 2 0 0 0 0 0 0 0 0 0 0 0 0 0 0 0 22 14 34 1 0 0 1 23 12 0 0 5 0 1 0 0 0 0 0 0 0 1 0 0 0 0 0 0 22 26 0 0 0 0 0 36 20 2 0 0 0 0 0 0 0 0 0 0 0 0 0 0 0 14 0 0 0 0 0 0 0 0 0 0 0 0 0 0 0 0 7 0 0 0 0 0 0 0 18 0 0 0 4 172 0 6 178 0 4 16 0 0 0 0 0 0 0 0 0 18 0 0 0 0 0 0 0 0 0 0 0 0 2 0 9 0 0 0 0 0 0 0 0 0 0 0 0 
 44 80 286 279 83 29 348 100 302 33 51 31 0 324 129 47 44 25 290 221 0 0 2 3 2 3 3 11 2 0 2 1 0 2 2 6 2 0 8 0 0 0 0 3 0 4 3 0 0 0 4 6 0 66 0 6 4 3 53 0 0 0 3 3 0 0 3 0 4 0 0 0 2 0 0 0 0 3 1 0 20 14 0 0 0 0 69 24 2 2 0 0 33 14 9 22 0 0 4 29 0 0 0 11 0 0 0 0 0 2 0 0 0 0 0 0 0 0 0 0 0 0 0 0 0 0 0 0 0 0 0 15 1 2 0 0 0 0 0 0 0 0 0 0 0 0 15 0 3 0 3 0 0 0 0 0 2 2 0 0 16 0 0 2 0 0 80 35 1 0 0 0 22 32 5 1 0 0 2 24 0 2 0 0 0 0 0 0 0 0 0 0 0 2 0 0 0 0 0 0 0 0 0 0 0 0 0 0 0 0 0 0 0 0 0 0 0 0 0 0 2 0 0 0 0 0 0 0 0 0 2 0 0 2 0 0 0 0 0 0 0 0 0 0 0 0 1 1 2 0 2 12 0 0 0 0 0 0 0 10 0 0 0 0 0 0 0 0 0 0 0 0 0 0 2 0 0 0 0 0 0 0 0 0 0 0 0 0 0 0 
 386 47 271 120 99 45 650 463 96 89 274 40 324 0 559 139 23 254 292 176 0 0 1 3 2 0 5 0 0 86 0 0 1 2 4 73 2 2 0 1 3 0 0 1 0 2 5 2 0 0 3 1 3 3 5 29 4 3 0 0 0 0 0 0 0 0 3 0 0 0 0 0 0 0 4 0 9 3 36 0 30 32 32 7 0 0 22 17 23 0 1 2 27 8 25 38 20 14 0 15 0 0 0 0 0 0 0 0 0 0 2 0 0 0 0 0 0 0 0 2 0 0 0 0 0 1 0 0 0 0 0 0 0 0 0 0 0 0 0 0 0 1 0 0 0 0 0 0 2 0 0 11 0 1 0 0 0 0 0 0 41 28 22 2 0 0 6 42 8 1 1 0 38 36 21 17 0 2 0 24 0 0 0 19 7 0 2 0 0 0 0 0 0 0 0 1 0 2 0 0 0 0 0 0 0 0 0 1 2 0 0 0 0 0 0 0 0 0 0 0 0 0 0 0 0 0 0 0 0 0 0 0 0 0 18 0 0 2 11 1 0 0 0 0 0 1 0 2 1 1 1 6 0 0 2 0 0 0 0 0 0 0 0 0 0 0 0 0 32 0 0 0 0 0 0 0 1 1 0 0 0 0 0 0 0 0 0 0 0 0 
 406 333 49 64 58 129 44 144 179 74 269 14 129 559 0 165 50 25 61 317 0 0 0 5 2 0 3 1 0 0 0 0 1 2 4 2 0 0 0 0 0 0 0 0 1 5 2 0 0 0 3 0 0 3 0 0 0 3 0 0 8 0 0 0 0 0 6 0 0 0 2 0 0 0 0 0 7 3 0 0 14 20 74 0 0 0 0 16 41 0 20 10 0 1 31 27 42 25 0 1 0 1 0 0 0 0 0 0 0 0 0 10 2 0 2 2 0 0 0 0 0 0 0 0 0 0 1 0 0 0 0 0 0 0 0 0 0 0 0 0 0 0 0 0 0 0 0 0 0 4 2 0 0 2 5 0 0 18 2 0 9 53 78 17 0 0 5 6 25 10 0 0 0 6 28 36 14 38 0 5 0 0 0 0 0 0 0 0 0 0 0 2 0 0 0 0 0 0 0 0 0 0 0 0 0 0 0 0 0 0 0 0 0 0 1 0 0 0 0 0 0 0 0 0 0 0 0 0 0 0 19 0 0 0 0 0 0 0 2 0 0 0 0 0 0 2 2 0 1 0 0 4 0 0 0 0 0 0 0 0 0 0 0 0 0 0 0 0 0 0 0 0 0 0 0 0 23 0 0 0 0 0 0 0 0 0 0 0 0 0 
 24 492 370 50 67 92 32 134 266 393 103 34 47 139 165 0 255 287 55 268 0 0 99 3 2 0 5 0 0 0 0 0 0 2 2 0 0 0 0 0 0 0 0 0 0 2 3 0 0 0 4 0 0 4 0 0 0 3 0 0 0 0 0 0 0 0 3 0 0 0 0 1 0 0 5 0 1 3 0 0 0 14 42 36 10 0 0 0 34 36 78 9 2 0 18 25 25 50 0 0 0 0 0 0 0 0 0 0 0 0 0 0 0 0 0 0 0 2 0 1 0 0 0 0 0 1 0 14 0 0 0 0 0 0 0 0 0 0 0 0 0 2 0 0 0 0 0 0 1 0 0 0 33 0 13 0 0 0 0 0 0 20 49 10 0 0 5 1 30 54 8 8 0 1 23 28 31 50 0 2 0 0 0 0 0 10 0 0 0 0 0 0 0 0 0 2 0 1 0 7 0 0 0 0 0 14 0 2 1 0 0 0 0 0 0 0 0 0 0 0 0 0 0 0 0 0 0 2 0 0 0 0 0 0 0 0 0 1 0 0 0 1 0 0 0 0 3 0 2 3 0 9 0 0 0 0 0 0 0 0 0 0 1 0 0 0 0 0 0 0 0 0 0 0 0 13 14 10 0 0 0 0 0 0 0 0 0 0 0 0 
 32 311 157 60 60 57 109 59 424 398 99 57 44 23 50 255 0 447 61 30 0 0 0 8 3 2 3 1 6 0 1 0 0 4 2 0 1 0 1 0 0 0 6 0 0 2 3 2 65 4 3 63 0 3 0 0 0 8 0 74 0 0 0 1 0 0 3 0 0 0 0 2 0 0 0 0 2 3 0 0 0 11 18 48 18 0 0 0 26 46 62 46 0 0 14 18 33 43 0 0 0 0 0 0 0 0 0 0 0 0 0 0 2 0 2 2 0 0 0 0 0 0 0 0 0 0 1 0 0 0 0 0 0 0 0 0 0 0 0 0 0 0 0 0 0 0 0 2 0 0 2 0 0 0 7 0 0 0 2 0 0 10 23 9 0 0 8 0 41 39 22 34 0 0 29 35 36 35 0 0 0 0 0 0 0 0 0 0 0 0 0 2 0 0 0 0 0 0 0 0 1 0 0 0 2 0 0 0 0 0 0 0 0 0 1 0 0 17 0 0 25 0 0 0 0 0 1 0 0 0 0 0 0 0 0 0 0 0 2 0 0 2 0 0 0 2 2 0 0 0 0 0 17 0 0 0 0 0 0 0 0 0 5 0 0 0 0 0 0 0 0 0 0 0 0 32 14 1 0 0 0 0 0 0 0 1 0 0 0 0 
 95 57 377 385 30 61 28 96 410 187 400 85 25 254 25 287 447 0 61 30 0 1 0 4 1 0 3 1 0 0 3 0 0 2 3 0 0 0 2 0 0 0 0 0 1 3 2 0 0 0 4 3 0 5 0 3 0 3 0 0 0 0 1 0 0 6 2 0 0 0 42 0 0 50 0 0 0 3 0 0 0 15 11 66 50 0 0 0 14 41 25 35 0 0 1 3 38 48 0 0 0 0 0 0 0 0 0 0 0 0 18 0 0 0 0 0 0 0 0 0 0 0 0 0 0 0 0 0 12 0 0 0 0 0 0 0 0 0 0 0 0 0 0 0 0 24 0 8 0 0 0 0 0 0 3 0 0 0 0 0 0 2 2 61 14 0 0 0 8 36 26 30 0 0 32 3 23 6 0 0 0 0 0 0 0 0 0 0 12 0 0 0 0 0 0 0 0 0 0 0 0 0 4 0 0 0 22 0 0 19 0 10 0 0 4 0 8 0 0 0 0 0 0 0 0 0 0 0 0 0 0 2 38 0 0 5 0 0 0 0 0 15 0 0 0 2 174 0 1 170 0 9 10 0 0 0 0 0 0 0 0 0 15 0 0 37 0 0 0 0 0 0 0 0 0 35 0 0 0 0 0 0 0 0 0 0 0 0 0 0 
 74 84 61 72 61 36 46 56 87 111 42 193 290 292 61 55 61 61 0 257 0 0 0 3 4 0 3 2 0 2 0 1 0 2 2 0 0 0 0 0 0 0 0 0 0 66 3 0 0 0 30 0 0 3 5 0 0 3 0 0 0 0 0 0 0 0 3 0 0 0 0 0 0 0 0 0 0 3 0 0 13 0 0 0 33 0 50 0 0 0 0 0 12 10 0 2 0 0 0 74 0 0 0 0 0 0 0 0 0 0 0 0 2 0 1 20 0 0 0 0 0 0 0 0 0 0 0 0 0 0 0 6 0 0 0 0 0 0 0 0 0 0 0 0 0 0 0 2 0 0 2 0 0 13 0 0 0 19 1 4 11 0 0 0 0 0 98 2 0 0 0 0 19 28 8 0 0 0 42 12 0 0 0 0 0 0 0 0 0 8 0 2 0 0 0 0 0 0 0 0 2 0 0 0 1 0 0 0 0 0 0 0 0 0 1 0 0 0 0 0 0 0 0 0 0 0 1 0 0 0 0 0 0 0 0 0 0 0 2 0 0 0 0 0 0 2 0 0 1 2 0 9 0 0 0 0 0 0 0 0 0 0 0 0 0 0 0 0 0 0 0 0 1 0 0 0 0 0 0 0 0 0 0 0 0 1 0 0 0 0 
 375 267 35 62 79 141 344 56 77 296 88 35 221 176 317 268 30 30 257 0 3 3 2 4 4 0 3 0 7 3 0 0 1 2 2 3 74 1 0 2 1 0 0 37 2 2 3 0 2 0 3 0 0 3 0 3 3 3 0 1 0 2 0 0 0 0 6 3 0 0 0 2 0 6 0 0 0 5 2 0 32 44 20 0 0 0 46 16 0 0 0 0 31 32 2 17 0 0 0 35 0 0 0 0 0 0 0 19 0 0 0 14 0 0 0 0 0 0 0 0 0 0 0 0 0 0 0 0 0 0 0 0 0 0 10 0 0 0 0 0 0 0 0 0 0 0 0 0 0 0 0 0 18 2 0 0 0 0 0 3 58 0 0 0 0 0 96 25 0 0 0 0 41 58 22 10 0 0 28 32 0 0 0 0 0 0 0 0 0 0 0 0 0 0 0 0 0 0 0 0 13 0 0 0 0 0 0 0 0 0 0 0 0 0 0 0 0 0 0 0 0 0 0 0 0 0 0 0 0 0 0 0 0 0 0 0 0 0 0 0 0 0 0 0 0 0 0 0 2 0 0 2 0 0 0 0 0 0 0 0 0 0 0 0 0 2 0 0 0 0 1 0 0 0 0 0 0 0 0 0 0 0 0 0 0 0 0 0 0 0 
 0 3 0 0 0 2 0 0 0 0 0 0 0 0 0 0 0 0 0 3 0 178 73 54 32 271 679 302 251 22 22 31 261 189 352 26 34 36 55 124 3 47 1 0 3 3 0 0 0 0 3 4 0 10 3 0 3 3 5 0 0 0 3 0 4 0 0 4 3 0 2 0 0 0 1 1 2 3 0 0 0 0 0 0 0 1 0 0 0 0 0 0 0 0 0 0 0 0 0 0 18 46 38 1 0 0 9 44 25 0 0 0 11 28 26 9 20 13 0 0 0 18 0 0 0 0 0 0 0 0 0 0 0 0 0 0 0 0 0 0 3 0 0 0 0 0 0 3 0 0 0 0 0 0 0 0 0 0 0 0 0 0 0 0 6 0 0 0 0 0 0 0 0 4 0 0 0 2 1 4 30 28 53 0 9 0 15 15 42 0 0 0 0 13 16 29 26 9 0 1 0 0 0 0 0 0 0 0 0 0 0 0 0 0 0 0 0 0 0 0 0 0 0 0 0 0 0 0 0 0 0 0 0 0 0 0 0 0 31 0 0 0 0 0 0 0 0 0 0 0 0 0 0 0 1 0 0 0 0 2 0 0 0 0 0 0 0 0 0 0 0 0 0 0 0 0 0 0 0 0 0 0 0 0 0 0 0 0 0 0 
 0 0 2 1 0 2 3 0 101 74 0 0 0 0 0 0 0 1 0 3 178 0 326 55 33 245 53 284 299 43 40 62 59 114 283 302 197 52 59 70 68 67 0 0 0 0 0 0 0 0 63 0 0 5 3 36 0 0 4 204 0 0 3 0 2 0 0 2 21 0 0 0 0 0 0 0 0 3 0 0 0 0 0 0 0 0 0 0 0 0 0 0 0 0 0 0 0 0 0 0 0 1 33 20 0 1 0 12 34 64 27 7 0 51 0 33 32 24 0 0 0 0 0 0 0 0 0 0 0 0 0 0 0 0 0 0 0 0 0 0 2 0 0 0 0 1 26 0 0 0 0 0 0 0 0 0 0 0 0 0 0 0 0 0 4 0 0 0 0 0 0 0 0 8 0 0 1 2 12 0 11 8 13 27 0 0 0 2 20 33 12 10 0 0 37 74 75 15 0 0 0 0 0 0 0 0 4 0 0 0 0 0 0 0 5 0 0 0 0 2 0 0 0 0 0 0 0 0 0 0 0 0 0 0 0 0 0 0 0 0 0 0 0 0 0 0 0 0 0 0 0 0 0 0 6 1 0 0 0 2 1 0 11 0 0 0 0 0 0 0 0 0 0 0 0 0 0 0 0 0 0 11 0 0 0 0 0 0 0 0 
 0 0 0 3 0 0 3 0 1 0 75 0 2 1 0 99 0 0 0 2 73 326 0 97 74 39 54 175 252 367 50 34 278 57 52 231 234 340 54 44 2 0 0 0 0 0 0 0 0 0 0 0 0 0 3 6 0 37 0 0 0 0 3 0 2 0 58 3 3 0 0 0 0 0 2 0 0 3 0 36 0 0 0 0 0 0 0 0 0 0 0 0 0 0 0 0 0 0 0 0 0 0 2 54 10 0 0 0 34 82 55 10 0 1 0 36 9 39 0 0 0 0 0 0 0 0 0 0 0 20 0 0 0 0 0 0 0 0 0 0 0 0 0 0 0 0 21 0 0 0 6 0 0 18 0 0 0 0 0 0 0 0 0 0 0 0 0 0 0 0 0 0 0 14 0 2 0 0 4 0 0 40 2 33 12 1 0 0 10 50 45 26 0 0 0 24 29 49 0 0 0 0 0 0 0 0 0 0 0 0 0 0 0 0 0 0 0 0 0 0 0 0 49 0 0 0 0 0 0 0 0 0 0 0 0 0 0 0 0 0 0 0 14 0 0 0 0 0 0 0 0 0 0 0 8 0 0 9 5 2 12 6 0 0 0 5 0 0 0 0 0 0 0 0 0 0 0 0 0 0 0 20 0 0 0 0 26 0 0 0 
 3 5 3 3 5 3 0 3 3 3 3 3 3 3 5 3 8 4 3 4 54 55 97 0 95 37 64 62 294 405 226 395 53 98 70 52 425 464 83 61 2 0 0 0 0 0 0 0 0 0 0 0 0 0 3 0 0 0 0 0 0 0 3 43 2 0 81 2 3 0 0 0 0 0 0 0 0 3 0 0 0 0 0 0 0 0 2 0 2 9 0 0 0 0 0 0 0 0 0 0 0 0 1 25 25 36 0 0 16 0 28 25 0 1 0 0 11 0 0 0 0 2 5 14 0 0 0 0 1 0 0 0 0 0 0 0 0 0 22 0 0 0 0 0 0 0 0 0 0 0 11 0 0 0 0 0 0 0 1 0 0 0 0 0 0 0 0 0 0 0 3 0 0 0 0 0 0 0 0 0 0 0 0 24 75 4 0 0 1 26 87 57 0 0 0 0 4 12 0 0 0 0 0 0 0 0 4 0 0 0 0 0 15 0 0 23 0 0 21 0 0 0 0 0 0 0 0 0 2 0 21 0 0 0 0 0 0 0 0 0 0 0 60 0 0 120 0 0 0 0 0 0 0 0 10 0 1 24 38 0 3 9 0 0 0 0 12 0 0 0 0 0 0 0 0 0 0 0 0 0 0 0 0 0 0 0 21 0 0 0 
 3 2 2 3 5 3 0 3 1 1 2 3 2 2 2 2 3 1 4 4 32 33 74 95 0 359 33 93 166 68 171 339 62 84 303 58 48 32 69 86 2 0 0 0 0 0 0 0 0 0 0 0 2 0 4 0 0 0 0 0 0 0 3 0 2 0 0 2 3 0 0 0 50 0 0 0 0 3 0 0 0 0 0 0 0 0 2 0 2 0 0 0 0 0 0 0 0 0 0 0 0 0 0 3 1 38 0 0 1 0 0 9 0 2 0 0 0 0 0 0 0 2 0 0 0 0 1 1 0 0 0 0 48 8 0 0 0 0 16 12 0 0 0 0 0 6 0 0 0 8 0 0 0 0 0 0 0 0 1 0 0 2 0 0 0 0 0 0 0 0 3 0 0 0 0 0 1 0 0 0 0 0 0 1 14 37 0 0 0 0 1 13 0 0 0 0 0 0 0 0 0 1 0 0 0 0 14 0 1 0 0 0 10 16 0 0 0 0 56 1 0 0 0 0 19 0 0 0 2 0 14 0 0 0 0 0 0 0 0 0 0 0 1 0 0 0 0 0 0 0 0 0 0 0 7 2 0 4 2 4 0 0 0 0 0 0 0 0 0 0 0 0 0 0 0 0 0 0 0 0 0 0 0 0 0 0 1 0 0 0 
 0 1 0 0 0 3 0 0 0 2 0 1 3 0 0 0 2 0 0 0 271 245 39 37 359 0 239 253 52 63 304 63 252 71 155 269 274 53 53 92 2 3 0 0 0 3 6 5 1 5 8 6 0 61 6 0 4 3 242 0 3 0 9 0 4 3 0 3 3 2 0 0 2 0 3 29 0 7 0 7 0 0 0 0 0 0 0 0 0 1 0 0 0 0 0 0 0 13 0 2 0 0 0 0 1 29 0 0 0 0 0 1 0 0 0 0 0 0 0 0 0 0 0 0 0 1 44 1 0 0 0 0 39 32 0 0 0 0 21 41 0 17 0 0 0 5 2 0 0 0 0 0 0 0 0 0 0 0 0 0 0 2 0 0 1 0 0 0 0 0 0 0 11 0 0 0 1 0 0 0 0 0 0 1 38 36 0 0 0 0 0 0 0 0 0 0 0 0 0 0 59 0 0 0 0 1 76 0 0 0 0 0 10 34 1 0 0 0 34 18 0 0 0 0 0 2 0 0 0 0 1 0 0 0 0 0 1 0 0 0 0 0 0 0 0 0 0 0 0 0 0 0 0 0 10 3 1 0 6 0 1 0 0 0 0 0 0 0 0 0 0 0 0 0 0 0 0 0 0 0 0 0 0 0 0 0 0 0 0 0 
 3 6 3 5 3 5 2 3 3 6 3 3 3 5 3 5 3 3 3 3 679 53 54 64 33 239 0 289 28 34 29 29 376 374 51 250 261 50 82 382 2 0 0 0 0 0 0 0 0 1 0 0 0 0 3 0 0 1 1 4 0 0 3 0 2 49 0 3 3 0 0 0 0 0 2 0 0 3 0 0 0 0 0 0 0 0 0 0 0 0 0 0 0 0 0 0 0 0 0 0 26 69 16 0 0 0 20 61 11 0 1 0 65 39 40 8 14 10 0 3 4 0 0 0 0 0 0 0 0 0 0 0 0 0 0 0 0 0 0 0 6 0 0 0 0 0 0 8 0 0 0 0 0 0 0 0 3 0 0 0 0 0 0 0 2 0 0 0 0 0 0 0 0 8 14 0 0 0 0 46 28 34 99 0 0 0 52 45 17 0 0 1 14 23 31 18 2 0 0 0 0 0 0 0 0 0 0 0 0 0 0 0 0 0 0 0 0 0 0 0 0 0 0 0 0 0 0 0 0 0 0 0 0 0 0 0 0 0 0 0 0 0 0 0 0 0 0 0 0 0 0 0 0 0 14 0 3 0 0 0 0 2 0 0 0 0 0 0 0 0 0 0 51 0 0 0 0 0 0 0 0 0 0 0 0 0 0 0 0 0 
 0 0 3 3 0 4 0 0 2 0 2 0 11 0 1 0 1 1 2 0 302 284 175 62 93 253 289 0 154 50 42 53 67 335 237 106 57 42 54 73 63 0 1 0 0 0 0 0 0 0 0 0 0 7 3 5 0 0 3 0 0 0 3 0 2 0 0 3 3 0 0 0 0 0 1 0 0 3 40 0 0 0 0 0 0 0 0 0 0 0 0 0 0 0 0 0 0 0 0 0 0 26 5 20 0 0 0 26 28 38 2 17 0 12 0 41 16 28 0 0 0 0 0 0 0 0 0 0 0 0 0 0 0 0 0 0 0 0 0 0 4 0 0 0 0 0 2 0 0 0 0 0 0 0 0 0 0 0 0 0 0 0 0 0 3 0 0 1 0 0 0 0 0 4 0 0 0 0 5 0 25 28 23 11 0 0 3 2 11 11 12 12 1 0 18 35 35 24 0 0 1 0 0 0 0 0 0 0 0 0 0 0 2 0 0 0 0 0 0 0 0 0 0 0 0 0 0 0 0 0 0 0 2 0 0 0 0 0 0 0 0 0 0 0 0 0 0 0 0 0 0 0 0 0 0 2 2 0 0 2 10 0 0 0 0 0 0 0 0 0 0 0 0 0 0 0 0 0 0 0 0 28 0 0 0 0 0 0 0 0 
 0 1 0 2 0 77 3 0 0 72 0 0 2 0 0 0 6 0 0 7 251 299 252 294 166 52 28 154 0 371 56 257 286 190 84 154 172 360 76 83 2 0 0 0 0 0 0 0 4 0 0 0 0 7 3 25 0 0 0 0 0 0 3 0 2 0 2 3 3 0 0 0 0 0 1 0 0 3 0 0 0 0 0 0 0 0 0 0 0 0 0 0 0 0 0 0 0 0 0 0 0 0 2 51 21 1 0 0 25 53 72 9 0 1 0 39 16 32 0 0 0 0 0 0 0 0 0 0 0 0 0 0 0 0 0 0 0 0 0 0 0 0 2 0 1 0 6 0 0 0 5 0 0 0 0 0 0 0 0 0 0 0 0 2 2 2 0 0 0 0 0 0 0 1 0 0 0 0 2 0 0 35 0 21 7 1 0 0 11 36 35 21 0 0 1 28 19 32 0 0 0 0 0 0 0 0 1 0 0 0 0 0 0 0 0 0 0 0 0 0 0 0 0 0 0 0 0 1 0 0 0 0 0 0 2 0 13 0 0 0 0 0 9 0 0 0 0 0 0 0 0 0 0 0 0 0 2 7 2 2 15 3 0 51 0 0 0 0 0 0 0 0 0 0 0 0 0 0 0 0 0 18 0 0 0 0 14 0 0 0 
 0 0 0 0 0 0 0 0 0 1 0 0 0 86 0 0 0 0 2 3 22 43 367 405 68 63 34 50 371 0 384 90 44 80 115 389 278 288 71 83 2 0 0 0 2 0 0 0 0 0 207 0 0 3 3 2 0 0 0 0 0 0 3 0 2 0 0 3 3 0 0 1 0 0 1 25 0 3 26 0 0 0 0 0 0 0 0 0 0 0 0 0 0 0 2 0 2 0 0 0 0 0 9 7 29 14 0 0 16 33 66 21 0 1 0 14 10 3 0 0 0 0 0 0 0 0 0 0 0 0 0 0 0 0 0 0 2 0 0 0 0 15 0 0 0 0 0 0 0 2 4 0 0 0 0 2 0 0 0 0 0 0 0 0 0 0 0 0 0 0 2 0 0 0 0 0 0 0 0 0 20 43 1 64 64 0 0 0 0 43 99 26 0 0 0 12 20 19 0 0 0 0 0 0 0 0 0 0 0 0 0 0 0 1 0 0 0 0 0 0 0 0 0 0 0 0 0 0 0 0 0 0 0 0 0 0 0 0 0 0 0 0 25 0 0 0 0 0 0 0 0 0 0 0 0 0 0 153 193 1 3 13 0 0 0 0 11 0 0 0 0 0 0 0 1 0 0 0 0 0 0 0 0 0 0 0 16 0 0 0 
 0 0 0 0 0 0 2 2 0 0 0 0 2 0 0 0 1 3 0 0 22 40 50 226 171 304 29 42 56 384 0 379 22 37 280 280 154 371 41 271 2 0 0 0 0 0 0 0 0 0 0 0 0 0 3 0 0 0 0 0 0 0 3 2 2 0 0 3 3 51 0 0 0 0 2 0 0 4 0 0 0 0 0 0 0 0 0 0 0 0 0 0 0 0 26 0 0 0 0 0 2 0 0 38 34 15 2 1 11 2 53 22 0 0 0 1 8 24 0 0 0 0 0 2 1 0 0 0 0 0 0 0 17 0 0 0 0 0 12 1 0 0 0 0 0 0 0 0 0 0 4 0 0 0 0 0 0 0 0 0 0 0 2 0 0 0 0 0 0 0 5 0 2 0 0 1 0 0 0 0 0 1 0 27 46 2 0 0 0 26 40 59 0 0 0 0 3 20 0 0 0 0 0 0 0 0 13 0 0 0 0 0 8 1 0 0 0 0 15 0 0 0 0 3 0 0 0 0 0 0 15 0 0 0 0 0 0 0 0 0 0 0 8 0 0 0 0 0 0 0 0 0 0 0 8 0 2 95 80 0 0 32 0 0 0 0 0 0 0 0 0 0 0 0 0 0 0 0 0 0 0 0 0 0 0 0 10 0 0 0 
 0 0 0 0 0 5 0 69 0 2 0 2 1 0 0 0 0 0 1 0 31 62 34 395 339 63 29 53 257 90 379 0 41 30 47 40 513 110 251 31 5 0 0 0 0 0 0 0 63 1 0 2 0 0 3 0 63 0 0 0 0 0 3 0 2 0 0 3 3 0 0 0 0 0 2 0 0 3 0 0 0 0 0 19 0 0 0 0 0 0 12 0 0 0 1 0 0 0 0 0 0 11 0 0 26 73 0 0 0 0 1 28 0 0 0 0 7 0 0 0 0 0 0 0 0 0 1 2 0 2 0 0 16 0 0 0 0 0 21 0 0 0 0 0 0 5 0 0 0 0 0 8 0 0 0 1 0 0 0 0 0 0 0 0 0 0 2 0 0 0 9 0 0 0 0 0 0 0 0 0 2 0 0 40 86 41 0 0 0 14 41 21 0 0 0 0 0 6 0 0 0 0 0 0 0 0 22 0 0 0 0 0 15 3 0 0 0 0 43 1 0 13 0 0 0 0 0 0 0 0 12 0 0 0 0 0 0 0 0 0 0 0 0 0 0 0 0 0 0 0 0 0 0 0 5 4 0 160 150 0 1 12 0 0 0 30 10 0 0 0 0 0 0 0 0 0 0 0 0 0 0 0 0 0 0 0 0 0 0 0 
 0 0 0 0 0 76 2 0 0 0 0 0 0 1 1 0 0 0 0 1 261 59 278 53 62 252 376 67 286 44 22 41 0 89 32 21 35 66 411 206 5 1 5 0 0 0 0 0 0 1 0 1 3 1 6 3 0 0 0 205 0 2 5 3 4 3 2 4 6 0 2 3 0 0 0 0 0 3 0 0 0 0 0 0 0 11 0 0 0 0 0 0 0 0 0 0 0 0 0 0 54 22 12 1 0 0 26 31 1 0 0 0 50 41 55 0 0 0 5 23 0 0 0 0 0 0 0 0 0 0 0 0 0 0 25 0 0 0 0 0 0 0 0 0 0 0 0 9 0 0 0 0 0 0 0 0 3 0 0 0 0 0 0 0 0 0 0 0 0 0 0 0 0 0 0 0 0 0 0 5 24 0 9 0 0 0 36 34 26 0 0 0 2 33 9 22 0 0 0 17 9 0 0 0 0 0 0 0 0 0 0 0 0 0 0 0 0 0 0 0 0 0 0 0 0 19 0 0 0 0 0 0 0 0 0 0 0 0 0 0 0 0 0 0 0 0 0 0 0 0 0 0 0 0 0 1 0 0 0 2 0 0 0 0 0 1 0 0 0 0 0 0 0 0 0 0 1 0 0 0 0 0 0 0 0 0 2 0 0 0 
 2 2 2 3 2 2 1 3 2 2 2 2 2 2 2 2 4 2 2 2 189 114 57 98 84 71 374 335 190 80 37 30 89 0 421 23 35 33 89 201 2 3 0 3 0 0 0 0 3 3 0 0 0 2 8 2 0 2 5 0 0 0 3 0 2 28 0 2 3 0 3 3 0 0 2 0 2 3 0 0 0 0 0 0 2 0 0 0 0 0 0 0 0 0 0 0 0 0 0 0 20 54 37 1 2 0 10 45 19 13 0 0 20 24 44 14 33 16 0 1 0 0 0 1 2 0 0 0 0 0 0 0 0 0 0 0 0 0 1 0 6 0 0 0 1 0 2 6 0 0 0 0 0 0 0 0 0 0 0 0 0 0 1 0 15 0 0 0 0 0 0 0 1 3 0 2 0 0 0 3 17 48 51 0 0 0 18 30 38 0 0 0 1 18 23 34 31 13 0 0 0 0 0 0 0 0 0 0 0 0 0 0 0 0 0 0 0 0 0 0 0 0 0 0 0 0 0 0 0 0 0 0 0 0 0 0 0 0 0 0 0 0 2 0 0 0 0 1 80 0 0 0 0 1 6 0 1 0 0 2 1 0 1 0 0 0 0 0 0 0 0 0 0 17 0 0 0 0 0 0 0 0 0 0 0 0 0 0 0 0 
 2 2 2 33 2 2 0 2 3 3 3 2 2 4 4 2 2 3 2 2 352 283 52 70 303 155 51 237 84 115 280 47 32 421 0 101 46 27 69 96 2 0 0 0 0 0 0 0 7 0 0 0 0 8 3 6 0 0 3 0 27 0 3 0 2 0 0 2 3 0 6 0 0 0 0 0 0 3 0 0 0 0 0 0 0 0 0 0 0 0 2 0 1 0 0 0 0 2 0 0 1 49 19 24 0 0 0 49 40 90 1 10 2 2 11 42 22 60 0 0 0 0 0 0 0 0 0 0 2 0 0 0 0 0 0 0 0 0 0 0 7 0 1 0 0 0 5 0 0 0 0 0 0 0 2 0 0 0 0 0 0 0 0 0 10 0 0 2 0 0 0 0 0 21 0 0 0 0 7 0 31 40 42 0 11 8 0 10 15 24 2 17 0 0 31 34 27 42 0 0 2 0 0 0 0 0 0 0 9 0 0 0 0 0 0 0 0 0 0 0 0 0 0 0 0 0 0 0 0 0 0 2 0 0 0 0 0 2 0 0 0 0 1 0 0 0 0 0 0 0 0 0 0 0 10 0 0 0 0 0 15 14 2 0 0 0 0 0 0 0 0 0 0 0 0 0 0 0 0 0 0 50 0 0 0 0 0 0 0 0 
 0 0 4 3 0 3 0 0 2 2 1 0 6 73 2 0 0 0 0 3 26 302 231 52 58 269 250 106 154 389 280 40 21 23 101 0 176 568 38 505 2 0 0 0 0 0 0 62 0 0 0 2 0 15 5 4 0 0 0 0 0 0 3 0 2 0 0 2 3 0 0 23 0 0 0 0 0 3 0 51 0 0 0 0 0 0 0 0 0 0 0 0 0 0 1 0 0 0 0 0 0 0 12 41 10 0 15 0 24 57 43 10 0 14 0 34 79 19 0 0 0 0 0 0 0 0 0 2 0 2 0 0 0 0 0 10 0 0 0 0 0 0 0 0 0 0 7 0 0 1 4 0 0 0 0 0 0 0 0 0 0 0 0 0 1 0 0 0 0 0 2 0 0 0 1 0 0 0 2 0 1 17 3 15 9 0 0 0 32 46 28 24 2 0 0 21 28 32 0 0 0 1 0 0 0 0 9 0 0 0 2 0 0 2 0 0 0 0 0 0 0 0 0 0 0 0 0 0 0 0 0 0 0 0 0 0 0 0 0 0 0 0 7 0 0 0 0 0 0 0 0 0 0 1 0 0 4 10 2 0 22 0 0 0 0 0 0 0 0 0 0 0 0 0 53 0 0 0 0 0 0 25 0 0 0 0 17 0 0 0 
 1 0 0 4 2 3 0 1 0 0 0 1 2 2 0 0 1 0 0 74 34 197 234 425 48 274 261 57 172 278 154 513 35 35 46 176 0 302 233 62 4 0 63 62 0 0 0 0 0 0 0 0 0 0 3 12 0 0 0 0 0 0 3 45 2 0 52 3 3 0 0 0 0 0 1 0 0 3 0 0 0 0 0 0 0 0 0 0 0 0 0 0 0 0 0 0 0 0 0 0 0 0 19 78 11 0 0 1 22 49 44 9 0 0 0 28 13 6 0 0 0 0 10 16 0 0 0 0 0 0 0 0 0 0 0 0 0 0 0 0 0 0 0 0 0 0 6 0 0 0 5 0 0 5 0 0 0 0 0 0 0 0 0 0 0 0 0 0 0 0 0 0 0 1 0 0 0 0 2 0 0 20 7 20 13 0 1 0 9 73 29 25 0 0 1 38 20 41 0 0 0 0 0 0 0 0 0 0 0 0 0 0 5 0 0 0 0 0 16 0 0 0 0 0 0 0 0 0 0 0 0 0 10 0 0 0 0 1 0 0 0 0 7 0 0 0 0 0 0 0 0 0 0 0 4 3 0 74 0 0 15 0 0 0 0 0 15 0 0 0 0 0 0 0 0 0 0 0 0 0 0 22 0 0 0 0 13 0 0 0 
 0 2 0 0 0 2 4 2 37 0 0 0 0 2 0 0 0 0 0 1 36 52 340 464 32 53 50 42 360 288 371 110 66 33 27 568 302 0 31 257 2 0 6 0 0 0 0 0 0 0 0 0 0 1 3 3 0 2 1 0 0 0 54 0 2 0 50 3 3 0 0 0 0 0 3 0 0 2 0 0 0 0 0 0 2 0 0 0 9 0 0 0 0 0 0 0 0 0 0 0 2 0 47 7 39 12 0 0 20 28 60 31 0 0 0 22 10 2 0 0 0 0 16 2 0 0 0 0 0 0 0 0 0 0 0 0 0 0 0 0 0 0 0 0 0 0 0 0 0 0 4 0 0 0 0 0 0 0 0 0 0 0 2 0 2 0 0 0 0 0 0 0 2 0 0 14 0 0 0 0 0 28 0 58 65 0 0 0 1 36 70 28 0 13 1 12 20 20 0 0 0 0 0 0 0 27 0 0 0 0 0 0 0 0 0 0 0 0 0 0 0 0 0 0 0 0 0 0 0 0 0 0 0 0 0 0 0 0 0 0 0 0 6 0 0 0 0 0 0 0 0 0 0 0 0 3 3 148 149 0 0 12 0 0 0 0 10 0 0 0 0 0 0 0 0 0 0 0 0 0 0 0 0 0 0 0 18 0 0 0 
 0 0 0 3 1 298 2 2 0 0 0 1 8 0 0 0 1 2 0 0 55 59 54 83 69 53 82 54 76 71 41 251 411 89 69 38 233 31 0 325 2 0 18 0 3 0 4 5 0 3 4 6 3 5 3 3 2 1 0 65 2 0 3 5 3 0 62 2 8 5 0 0 0 32 0 2 55 3 0 1 0 0 0 0 13 44 0 0 0 0 0 0 0 0 0 0 0 12 2 0 26 0 1 13 0 0 23 5 1 0 0 0 26 28 12 0 0 0 6 45 0 0 0 2 0 0 0 0 0 0 0 0 0 0 0 0 0 0 0 0 0 0 0 0 0 0 0 0 1 0 0 0 0 0 0 0 2 0 0 0 0 0 2 1 24 1 0 0 0 0 1 0 2 0 0 0 0 0 0 9 29 0 0 0 0 0 27 12 0 0 0 0 34 50 30 0 0 0 12 30 0 19 0 0 0 2 0 0 0 0 0 0 0 0 0 0 0 0 0 0 0 0 0 0 0 0 0 0 0 0 0 0 0 0 0 0 0 0 0 0 0 0 1 0 0 0 0 0 0 0 0 0 0 0 11 0 0 0 0 3 2 1 0 0 0 0 0 0 0 0 0 0 0 2 0 0 0 1 0 0 0 0 0 0 0 0 0 0 0 0 
 0 1 0 0 1 4 0 0 0 0 0 0 0 1 0 0 0 0 0 2 124 70 44 61 86 92 382 73 83 83 271 31 206 201 96 505 62 257 325 0 2 0 0 1 0 0 0 0 0 1 0 62 0 0 3 0 0 0 1 2 0 0 3 0 2 0 0 3 3 0 0 0 0 0 1 0 0 3 0 0 0 0 0 0 0 32 0 0 0 0 0 0 10 0 0 0 0 0 0 16 52 28 32 1 0 0 42 49 1 0 0 0 36 58 57 0 2 0 0 53 0 0 0 0 0 0 0 0 0 0 0 0 0 0 0 0 0 0 0 0 8 0 0 0 0 0 0 7 0 0 0 0 0 0 0 0 9 0 0 0 0 0 0 0 0 1 0 0 0 0 0 0 0 0 0 0 0 2 0 45 9 0 16 0 0 0 50 29 26 0 0 0 14 49 32 18 0 3 0 4 0 0 0 0 0 0 0 0 0 0 0 0 0 0 0 0 0 0 0 0 0 11 0 0 0 0 0 0 0 35 0 0 0 0 0 0 0 0 0 0 0 0 0 0 0 0 0 0 0 0 0 0 0 0 3 0 2 0 0 0 0 0 0 0 0 0 0 0 0 0 0 0 0 0 0 0 0 0 0 0 0 0 0 0 0 0 0 0 0 0 
 0 0 3 0 0 0 0 0 0 2 0 0 0 3 0 0 0 0 0 1 3 68 2 2 2 2 2 63 2 2 2 5 5 2 2 2 4 2 2 2 0 113 334 84 59 51 399 286 34 211 82 37 82 385 530 241 22 63 52 118 4 0 0 1 51 0 4 0 0 0 0 0 1 0 0 0 0 3 0 0 0 0 0 0 0 0 0 0 0 0 0 0 0 0 0 0 0 0 0 0 0 0 0 0 0 0 0 0 0 0 0 0 0 0 0 0 15 0 0 0 43 38 33 4 0 0 18 36 35 8 2 21 0 0 58 14 43 15 0 0 0 0 0 0 0 0 18 0 0 0 0 0 0 0 0 0 0 0 0 0 0 2 0 0 0 0 0 0 0 0 0 0 0 0 11 7 0 0 0 0 0 0 0 0 0 0 0 0 7 0 0 0 0 0 0 0 0 0 0 0 11 37 37 4 1 0 0 30 26 15 0 0 0 9 60 35 67 15 0 0 11 0 0 0 0 0 0 0 0 0 0 0 0 0 0 0 0 0 0 9 0 0 0 0 0 0 0 0 0 31 0 2 0 2 61 0 0 0 16 4 0 0 0 0 0 14 0 0 0 0 0 0 0 0 0 0 0 0 0 0 0 0 1 0 0 0 0 0 0 11 
 0 0 0 0 0 0 0 0 0 0 0 0 0 0 0 0 0 0 0 0 47 67 0 0 0 3 0 0 0 0 0 0 1 3 0 0 0 0 0 0 113 0 308 60 335 28 81 294 252 263 26 52 53 54 261 195 211 41 27 34 0 0 0 0 0 0 0 50 0 0 0 0 0 0 10 0 0 0 0 0 0 0 0 0 0 10 0 0 0 0 0 0 0 0 0 0 0 0 0 0 0 0 0 0 0 0 0 0 10 0 0 0 0 0 0 0 0 0 0 0 0 0 34 34 17 0 0 15 14 25 40 18 0 0 6 18 23 24 0 0 0 0 0 0 0 0 0 0 0 0 1 0 0 0 0 0 0 0 0 0 0 0 0 0 0 0 0 0 0 0 0 0 0 4 0 0 0 0 0 0 0 0 0 0 0 0 0 0 0 0 0 0 0 0 0 0 0 0 0 0 0 29 46 9 15 0 0 0 23 27 19 47 14 0 0 33 54 0 0 0 0 0 0 0 0 0 0 0 16 0 0 0 0 4 0 0 0 0 0 0 0 0 1 0 0 0 0 0 0 0 0 5 2 0 0 0 0 0 0 33 0 0 0 0 0 13 0 0 2 0 0 0 0 0 0 0 0 0 0 0 0 0 0 0 16 23 0 0 0 0 
 0 0 0 0 13 7 0 0 0 0 0 0 0 0 0 0 6 0 0 0 1 0 0 0 0 0 0 1 0 0 0 0 5 0 0 0 63 6 18 0 334 308 0 104 69 21 68 138 183 280 268 44 80 49 304 133 134 303 46 49 0 7 0 0 0 0 0 3 0 0 0 0 0 0 16 0 0 0 0 0 0 0 0 0 0 8 0 0 2 0 0 0 0 0 0 1 0 0 0 0 12 1 0 0 34 0 4 0 0 0 0 0 0 3 6 0 0 0 11 2 0 0 23 71 32 0 0 0 0 38 19 28 0 0 0 20 23 65 0 0 0 0 0 12 0 0 0 0 0 0 0 0 0 15 0 0 0 0 2 0 0 0 0 0 13 0 0 0 0 0 0 0 0 0 0 0 0 0 0 0 0 0 0 0 0 0 8 0 0 0 5 10 6 6 0 0 0 0 11 6 0 0 29 10 8 0 0 0 0 26 37 34 24 0 0 0 0 7 0 0 0 0 0 0 0 0 0 0 20 0 0 0 0 0 0 0 0 0 0 0 0 0 10 0 0 0 0 0 0 0 0 4 0 2 0 0 0 0 0 23 0 0 1 1 0 1 0 1 0 0 14 0 0 0 0 0 0 0 0 0 0 3 0 0 12 15 0 0 0 0 
 0 1 0 0 0 4 0 0 0 0 0 0 3 1 0 0 0 0 0 37 0 0 0 0 0 0 0 0 0 0 0 0 0 3 0 0 62 0 0 1 84 60 104 0 94 36 77 104 82 560 147 302 77 79 84 60 110 246 95 54 0 0 0 0 0 0 0 0 0 0 0 0 0 0 0 0 0 0 0 0 0 0 0 0 0 0 0 0 0 0 0 0 0 0 0 0 0 0 0 0 0 0 0 0 0 0 0 0 0 0 0 0 0 0 0 0 0 0 1 0 0 0 0 0 12 30 0 0 0 26 3 24 0 0 0 0 0 8 0 0 0 0 0 0 2 0 0 0 0 0 0 0 3 0 0 0 0 0 2 0 0 0 0 0 0 0 0 0 4 0 0 0 0 0 0 0 0 0 0 0 0 0 0 0 0 0 0 0 0 0 0 0 0 0 0 0 0 0 0 0 0 0 0 15 26 16 0 0 0 0 10 2 0 0 0 0 0 23 0 0 0 0 0 0 0 0 0 0 0 0 0 0 0 0 0 0 0 0 20 0 0 0 11 0 0 0 0 0 0 0 0 6 0 0 0 0 0 0 0 12 0 0 4 4 0 0 2 7 0 0 8 0 2 0 0 0 0 0 0 0 0 0 0 0 13 0 0 0 0 0 
 0 0 0 3 0 3 0 0 1 3 1 0 0 0 1 0 0 1 0 2 3 0 0 0 0 0 0 0 0 2 0 0 0 0 0 0 0 0 3 0 59 335 69 94 0 494 250 79 296 292 183 286 95 100 126 71 46 56 63 58 0 4 3 0 0 2 1 1 8 2 0 1 0 0 1 6 2 7 6 0 0 0 0 0 0 0 0 0 0 0 0 0 0 0 0 0 0 0 0 0 0 0 0 0 0 0 0 0 0 0 0 0 0 0 0 0 0 0 0 0 0 0 0 0 21 37 0 15 0 0 0 0 0 0 0 0 0 0 0 0 1 0 0 8 7 5 16 1 0 9 6 7 6 0 5 1 1 5 14 6 0 0 0 0 0 0 0 0 12 0 0 0 0 0 0 0 0 0 0 0 0 0 0 0 0 0 0 0 0 0 0 0 0 0 0 0 0 0 0 0 0 0 0 0 14 54 0 0 0 0 0 0 0 0 0 0 0 0 0 0 12 0 4 9 2 0 27 1 0 3 9 6 21 0 1 5 0 0 35 16 0 0 0 0 0 0 0 0 0 0 0 10 0 2 0 0 0 0 0 3 0 18 4 1 3 0 6 1 2 0 8 0 0 0 0 0 0 0 0 0 0 0 0 0 0 0 0 0 0 0 
 2 4 2 2 2 2 0 2 2 2 2 2 4 2 5 2 2 3 66 2 3 0 0 0 0 3 0 0 0 0 0 0 0 0 0 0 0 0 0 0 51 28 21 36 494 0 237 24 263 53 110 284 42 260 502 74 60 272 50 40 0 0 13 5 0 0 0 0 0 0 0 1 1 0 0 0 0 0 105 1 0 0 0 0 0 0 0 0 0 0 0 0 0 0 0 0 0 0 0 3 0 0 0 0 0 0 0 0 0 9 0 0 0 0 0 0 0 0 0 0 0 0 7 4 20 41 0 0 9 30 13 4 0 0 0 0 1 1 0 0 27 0 0 0 0 0 34 1 0 0 0 0 76 0 29 0 1 3 23 10 0 0 0 1 0 0 0 0 3 1 0 0 0 0 0 0 0 0 0 0 0 0 0 0 0 0 0 0 0 0 0 0 0 0 0 0 0 0 0 0 0 0 3 1 1 22 0 0 3 12 0 0 0 0 1 2 6 5 0 0 22 0 1 0 0 0 46 0 0 0 0 0 44 19 17 0 0 0 5 30 0 0 0 0 0 0 0 0 0 0 0 1 0 0 0 0 0 0 0 0 0 0 1 0 0 4 2 0 0 0 0 0 0 0 0 0 0 0 0 0 0 0 6 0 0 0 0 0 0 0 
 3 3 63 6 3 3 0 3 2 2 2 3 3 5 2 3 3 2 3 3 0 0 0 0 0 6 0 0 0 0 0 0 0 0 0 0 0 0 4 0 399 81 68 77 250 237 0 115 61 56 28 48 349 278 121 24 238 23 155 255 3 0 0 0 0 0 44 0 0 0 0 0 0 0 0 0 0 0 0 58 0 0 0 0 0 0 7 0 0 0 0 0 0 0 0 0 0 0 0 0 0 0 0 0 0 4 0 0 0 0 0 0 0 0 0 0 0 0 0 0 65 34 0 1 1 0 23 40 33 0 0 0 5 17 48 10 16 0 0 3 0 0 0 3 0 0 0 0 0 0 0 0 0 18 0 0 0 0 0 0 0 5 0 9 0 0 0 0 0 0 0 0 0 0 0 0 3 0 0 0 0 0 0 8 0 0 0 0 0 0 0 0 0 0 0 0 0 0 0 0 29 28 19 0 0 0 10 53 9 1 0 0 15 39 37 30 12 29 0 29 0 0 0 0 0 0 0 0 0 0 0 0 0 0 0 0 0 0 0 0 0 0 0 0 0 0 0 0 0 19 0 13 0 1 0 0 0 0 0 2 0 0 0 0 0 2 1 0 0 0 0 0 0 0 0 0 0 0 0 0 0 0 0 0 0 0 0 0 2 0 
 0 0 0 3 0 0 0 0 0 0 0 0 0 2 0 0 2 0 0 0 0 0 0 0 0 5 0 0 0 0 0 0 0 0 0 62 0 0 5 0 286 294 138 104 79 24 115 0 364 258 38 28 98 265 208 121 256 102 64 63 6 0 0 0 0 0 0 0 0 0 0 2 0 0 5 0 0 0 2 0 0 0 0 0 0 0 0 0 0 0 0 0 0 0 0 0 0 0 0 0 0 0 0 0 0 0 0 0 0 0 0 0 0 0 0 0 0 0 0 0 24 11 66 18 0 0 1 34 17 9 7 10 0 0 17 26 42 13 0 0 0 0 0 0 0 0 0 0 0 0 0 0 0 0 0 0 0 0 0 0 0 0 0 0 0 0 0 0 0 0 0 0 0 0 0 0 0 0 0 0 0 0 0 0 0 0 0 0 0 0 0 0 0 0 0 0 0 0 0 0 9 8 49 0 0 0 0 16 17 33 0 20 21 0 14 27 66 49 0 0 0 0 0 8 0 0 0 0 0 0 0 0 0 0 0 0 0 0 0 0 0 0 0 0 0 0 0 0 0 0 0 3 0 2 0 0 0 0 0 22 0 0 2 0 0 6 0 0 0 0 0 0 0 0 0 0 0 0 0 0 0 0 0 0 0 15 0 0 0 0 
 0 0 0 0 0 0 0 0 0 3 0 0 0 0 0 0 65 0 0 2 0 0 0 0 0 1 0 0 4 0 0 63 0 3 7 0 0 0 0 0 34 252 183 82 296 263 61 364 0 304 100 38 92 78 325 281 127 477 78 44 0 0 0 0 0 0 5 0 0 0 0 4 9 0 15 0 0 0 9 1 10 0 20 0 0 0 0 0 12 7 0 0 0 0 0 0 0 0 0 0 0 21 0 0 0 0 0 0 0 0 0 0 0 0 0 0 5 0 0 0 0 0 32 85 23 21 0 0 0 47 16 27 0 0 0 18 13 47 0 0 1 0 1 0 0 0 0 6 4 0 0 0 0 1 0 0 0 0 2 0 0 0 0 0 0 0 0 0 0 0 0 0 0 0 0 0 0 0 0 0 23 2 0 0 0 0 0 0 0 0 0 0 0 0 0 0 0 0 0 0 0 0 37 2 12 0 0 2 0 21 27 37 14 0 0 0 0 16 0 0 16 11 0 0 0 0 0 4 20 0 0 0 0 9 5 0 0 1 0 0 0 0 10 0 0 0 0 0 0 0 0 9 0 1 0 0 0 0 35 27 0 0 3 1 2 7 0 7 0 0 9 0 0 0 0 0 0 0 0 0 0 0 0 0 26 16 0 0 2 0 
 0 0 0 0 42 64 0 0 0 63 56 62 0 0 0 0 4 0 0 0 0 0 0 0 0 5 1 0 0 0 0 1 1 3 0 0 0 0 3 1 211 263 280 560 292 53 56 258 304 0 264 74 50 84 141 231 267 371 153 79 0 50 0 0 1 0 0 0 0 0 0 0 0 0 2 0 0 0 0 0 0 0 0 0 0 0 0 0 0 0 0 0 0 0 0 0 0 0 0 0 0 0 0 0 0 0 28 0 0 0 0 0 0 0 0 0 0 0 6 19 0 0 2 19 22 9 0 0 0 18 23 24 0 0 0 1 0 15 0 0 0 0 0 0 0 0 0 0 0 0 0 0 0 0 0 0 0 0 4 0 0 0 6 0 7 1 0 0 0 0 0 0 0 0 0 0 0 0 0 0 0 0 0 0 0 0 0 10 0 0 0 0 0 21 0 0 0 0 22 0 0 0 0 41 32 12 0 0 0 0 36 18 0 0 0 0 0 16 7 0 0 0 0 0 0 0 0 0 17 0 0 0 1 0 0 0 0 0 0 0 0 0 4 0 0 0 0 0 0 0 0 7 0 0 0 0 0 0 0 15 0 0 65 66 0 1 0 69 0 0 8 0 0 0 0 0 0 0 0 0 0 0 0 0 19 0 0 0 0 0 
 3 4 3 3 3 3 1 3 3 3 3 65 4 3 3 4 3 4 30 3 3 63 0 0 0 8 0 0 0 207 0 0 0 0 0 0 0 0 4 0 82 26 268 147 183 110 28 38 100 264 0 247 242 47 99 281 123 308 61 73 0 0 0 0 0 0 0 2 51 0 1 2 0 0 0 0 3 2 0 1 0 9 0 0 12 0 0 0 0 0 0 0 0 0 0 0 9 0 0 0 0 0 0 0 0 0 0 0 0 0 0 0 0 0 0 11 0 0 0 0 0 0 0 5 28 60 0 0 0 23 16 48 0 0 0 0 9 15 0 0 1 0 0 0 4 0 0 0 0 0 0 0 2 0 0 0 0 1 4 0 0 0 0 0 0 0 0 0 3 0 0 0 0 17 0 0 0 0 0 0 0 0 0 0 0 0 0 0 0 0 0 0 1 0 0 0 0 0 0 0 0 0 0 29 29 41 0 0 0 7 20 0 0 0 0 0 0 30 0 0 0 0 0 0 0 0 0 0 0 0 0 0 0 0 0 0 0 0 32 0 0 0 19 0 0 0 0 0 0 0 0 6 0 2 0 0 0 0 0 1 0 0 45 34 1 0 2 6 0 0 9 0 0 0 0 0 0 0 0 0 0 0 4 0 5 0 0 0 0 0 
 0 1 3 0 0 1 0 0 3 0 0 0 6 1 0 0 63 3 0 0 4 0 0 0 0 6 0 0 0 0 0 2 1 0 0 2 0 0 6 62 37 52 44 302 286 284 48 28 38 74 247 0 31 32 31 472 65 69 42 41 0 0 4 8 0 0 0 49 4 4 8 2 49 0 0 6 3 0 3 0 0 0 0 0 0 0 0 0 0 0 0 0 0 0 0 0 0 0 0 9 0 0 0 0 0 0 0 0 0 0 0 0 0 0 0 0 0 0 0 0 0 0 0 0 20 18 0 0 0 0 1 14 0 0 0 0 0 0 0 0 1 0 0 10 22 8 0 0 0 0 7 9 5 0 0 0 0 0 29 6 0 0 0 0 0 0 0 0 6 0 0 0 0 0 0 0 0 0 0 13 0 0 0 0 0 0 0 0 0 0 0 0 0 0 0 0 0 0 20 0 0 0 0 27 27 35 0 0 0 0 0 1 0 0 0 0 0 1 0 0 19 0 4 0 3 0 0 0 0 6 0 5 10 0 0 0 0 15 20 26 0 0 1 0 0 0 0 0 0 0 0 0 0 1 0 0 0 0 0 0 0 13 62 63 0 1 10 62 0 0 0 0 0 1 0 2 0 0 0 0 0 0 0 0 0 0 0 0 2 0 
 0 0 0 0 2 3 0 0 0 2 0 0 0 3 0 0 0 0 0 0 0 0 0 0 2 0 0 0 0 0 0 0 3 0 0 0 0 0 3 0 82 53 80 77 95 42 349 98 92 50 242 31 0 110 254 41 26 252 354 465 14 2 1 0 0 3 9 3 0 0 0 0 0 57 5 0 0 7 0 3 0 0 0 0 0 10 0 0 0 0 0 0 0 0 0 0 0 0 0 0 0 17 1 0 0 0 0 0 0 0 0 0 0 0 0 0 0 0 0 0 28 17 0 0 0 0 43 20 18 0 0 0 0 56 33 1 0 0 0 10 2 6 2 0 0 0 0 1 3 5 0 1 0 3 4 29 11 3 0 0 0 4 0 0 2 0 0 0 0 0 0 0 0 0 0 0 3 0 0 0 0 0 0 0 0 0 0 0 0 0 0 0 0 0 0 0 0 0 0 0 38 10 0 0 0 0 34 36 11 0 0 0 5 23 21 0 0 1 0 19 0 4 1 5 0 0 0 3 8 0 4 1 0 0 3 2 3 19 0 0 0 0 0 0 0 0 0 0 0 0 0 11 0 0 0 0 0 0 2 2 0 0 0 0 0 2 4 0 0 0 4 0 0 0 0 0 0 0 0 0 0 0 0 0 0 0 0 0 2 0 
 3 3 3 3 3 3 0 3 3 3 3 3 66 3 3 4 3 5 3 3 10 5 0 0 0 61 0 7 7 3 0 0 1 2 8 15 0 1 5 0 385 54 49 79 100 260 278 265 78 84 47 32 110 0 350 46 34 45 127 155 4 0 0 0 0 0 1 0 0 0 0 0 0 0 50 0 0 0 0 0 0 0 0 0 0 0 0 0 0 0 0 0 0 0 0 0 0 0 13 0 0 0 4 3 0 0 0 0 5 1 0 0 0 0 0 4 9 6 0 0 45 68 22 0 0 0 19 45 30 0 1 0 0 0 34 6 28 15 0 0 0 0 0 0 0 0 0 0 0 0 0 0 0 0 0 0 0 0 0 0 0 4 0 0 0 0 0 0 0 0 0 0 0 0 0 0 1 0 0 0 12 3 1 0 0 0 1 0 8 0 0 7 1 0 9 1 4 6 0 0 10 38 25 10 0 0 0 41 26 19 0 0 0 8 32 24 44 24 1 0 0 0 0 0 0 0 0 0 0 0 0 0 0 0 0 0 0 0 0 0 0 0 0 0 0 0 0 0 0 0 0 15 0 0 0 0 0 0 1 0 69 0 1 0 0 9 2 0 2 0 0 0 0 0 0 0 0 0 0 0 0 9 0 0 0 0 0 0 2 0 
 0 0 0 6 4 4 64 0 0 0 2 0 0 5 0 0 0 0 5 0 3 3 3 3 4 6 3 3 3 3 3 3 6 8 3 5 3 3 3 3 530 261 304 84 126 502 121 208 325 141 99 31 254 350 0 164 249 76 79 325 0 0 0 0 0 0 0 0 0 0 2 0 0 0 4 4 0 0 2 0 0 0 0 0 0 0 0 0 0 0 0 0 0 0 0 0 0 0 0 0 0 0 0 9 0 0 0 0 0 0 0 0 0 0 0 0 0 0 0 0 61 27 40 37 1 0 3 38 6 11 6 14 4 4 4 30 57 6 0 3 0 16 5 0 0 0 0 0 0 0 0 0 0 0 0 14 0 0 0 0 0 0 0 0 0 0 0 0 0 0 0 0 0 0 0 0 0 0 0 0 0 0 0 0 0 0 0 0 0 0 0 0 19 0 0 0 0 0 0 0 11 32 45 0 14 0 6 16 19 52 0 12 33 14 33 35 29 23 1 5 0 0 0 0 0 0 0 0 0 0 0 0 0 0 0 0 0 0 0 0 0 0 0 0 0 0 0 1 0 31 0 10 0 12 0 0 0 0 0 13 0 0 0 0 0 13 0 0 2 0 0 0 0 0 0 0 0 0 0 0 0 0 0 0 0 10 0 0 0 0 
 0 1 3 0 2 14 0 62 0 2 0 0 6 29 0 0 0 3 0 3 0 36 6 0 0 0 0 5 25 2 0 0 3 2 6 4 12 3 3 0 241 195 133 60 71 74 24 121 281 231 281 472 41 46 164 0 200 239 43 65 0 0 0 0 0 2 0 0 0 0 0 0 0 0 11 0 0 0 0 0 0 0 0 0 0 0 0 0 0 0 0 0 0 0 0 0 0 0 0 0 0 0 7 5 0 0 0 0 10 8 0 0 0 0 0 5 6 10 0 0 0 0 23 40 26 0 0 0 0 30 26 10 0 0 0 38 8 42 0 0 0 0 0 0 0 0 0 0 0 0 0 0 0 0 0 0 0 0 2 0 0 0 0 0 0 0 0 0 0 0 0 0 0 0 0 0 0 0 0 0 4 5 0 59 1 0 0 0 8 0 0 5 0 0 0 19 46 6 0 0 0 0 26 9 14 2 0 1 11 17 32 35 8 0 0 7 11 7 0 0 0 0 0 0 0 0 0 0 10 0 0 0 0 0 0 0 12 0 13 0 0 0 13 0 0 0 0 0 0 0 0 18 0 2 0 0 0 0 0 11 0 0 1 0 0 14 0 1 0 0 19 0 0 0 0 0 0 0 0 0 0 5 0 0 12 14 0 0 0 0 
 0 0 0 0 0 4 0 0 63 0 0 0 4 4 0 0 0 0 0 3 3 0 0 0 0 4 0 0 0 0 0 63 0 0 0 0 0 0 2 0 22 211 134 110 46 60 238 256 127 267 123 65 26 34 249 200 0 170 48 16 0 0 2 0 1 0 0 28 0 0 0 2 0 0 0 0 0 0 0 0 1 0 0 0 0 0 0 0 0 0 0 0 0 0 0 0 0 0 0 0 0 2 0 0 0 0 0 0 0 0 0 0 0 0 0 0 0 0 0 0 0 0 24 34 25 2 0 33 0 21 25 52 0 0 0 10 14 22 0 0 0 0 8 0 0 0 0 0 0 0 0 3 0 0 0 0 0 0 2 0 0 0 0 0 0 0 0 0 8 0 0 0 0 0 0 0 0 0 0 0 0 0 0 0 0 0 0 0 0 0 0 0 0 0 0 0 0 0 0 0 0 1 20 10 9 0 0 0 0 14 43 12 14 0 0 29 13 8 0 0 0 15 0 0 0 0 0 0 13 0 0 0 0 0 0 0 0 0 0 0 0 0 11 0 0 0 0 0 0 0 0 16 0 0 0 0 0 0 0 19 0 0 62 0 2 0 0 63 1 0 7 0 0 0 0 0 0 0 0 0 0 0 0 0 16 16 0 0 0 0 
 2 3 3 4 2 5 2 3 4 6 3 3 3 3 3 3 8 3 3 3 3 0 37 0 0 3 1 0 0 0 0 0 0 2 0 0 0 2 1 0 63 41 303 246 56 272 23 102 477 371 308 69 252 45 76 239 170 0 247 254 3 2 6 0 0 0 0 4 1 0 0 0 0 5 16 2 0 4 0 27 0 8 0 0 0 0 12 0 0 0 0 0 0 0 0 0 0 0 0 0 0 0 0 0 0 0 0 0 0 0 0 0 0 17 0 0 0 0 0 0 0 6 0 18 39 12 0 0 0 11 20 23 0 0 0 0 1 19 0 0 3 3 3 0 0 0 0 1 4 14 0 1 1 0 6 4 5 4 14 0 1 0 0 0 0 0 0 0 0 0 0 0 0 0 0 0 0 0 0 0 0 24 0 0 0 0 0 0 0 0 0 0 0 0 18 0 0 0 0 0 0 0 0 43 73 21 0 0 0 3 40 24 1 0 0 0 0 3 0 0 0 0 32 10 0 0 0 0 30 0 11 7 1 0 0 2 3 5 1 0 0 0 11 0 0 0 0 0 0 0 0 9 0 1 0 0 0 0 0 0 0 2 67 73 3 1 12 63 2 0 13 0 0 0 0 0 0 0 0 0 0 0 0 0 11 0 0 0 2 0 
 0 1 0 3 0 0 0 0 0 0 0 0 53 0 0 0 0 0 0 0 5 4 0 0 0 242 1 3 0 0 0 0 0 5 3 0 0 1 0 1 52 27 46 95 63 50 155 64 78 153 61 42 354 127 79 43 48 247 0 503 1 0 0 0 2 1 5 2 0 0 2 1 5 4 0 0 2 0 0 0 0 0 6 0 0 0 0 0 0 0 0 0 0 0 0 0 0 0 0 0 1 1 7 0 0 21 0 1 9 2 0 0 1 0 0 1 5 4 0 0 0 2 0 0 0 0 11 1 11 0 0 0 16 32 1 0 0 1 1 30 0 0 0 0 0 0 0 0 0 0 0 0 0 0 0 0 0 0 0 0 0 4 0 0 0 0 0 0 0 0 0 0 0 0 0 0 4 0 0 0 4 0 1 0 0 10 0 0 6 0 0 3 0 0 9 1 5 3 0 0 47 0 0 0 0 0 12 2 10 0 0 0 16 25 0 0 0 0 14 44 0 0 0 0 0 0 0 0 0 0 0 0 0 0 0 0 0 0 0 0 0 0 0 0 0 0 0 0 0 0 0 4 0 0 0 0 0 0 1 7 0 0 0 0 0 1 2 0 0 0 0 0 0 0 0 2 0 0 0 0 0 3 0 0 0 0 0 0 1 0 
 0 2 0 0 0 3 0 0 0 2 0 0 0 0 0 0 74 0 0 1 0 204 0 0 0 0 4 0 0 0 0 0 205 0 0 0 0 0 65 2 118 34 49 54 58 40 255 63 44 79 73 41 465 155 325 65 16 254 503 0 3 0 0 0 0 0 23 0 0 0 45 0 0 50 0 0 42 0 0 0 0 0 0 0 0 10 0 0 0 0 0 0 0 0 0 0 0 0 0 0 4 2 0 17 0 0 0 5 0 0 0 0 5 4 5 0 0 0 3 2 53 25 0 1 1 0 19 30 28 0 0 0 1 12 21 9 0 1 0 0 0 0 0 0 0 0 0 0 0 0 0 0 0 0 0 0 0 0 0 0 0 7 0 0 3 0 0 0 0 0 0 0 0 0 0 0 7 0 0 0 0 0 5 0 0 0 6 0 0 0 0 0 4 2 0 0 0 0 3 7 6 26 19 0 0 0 44 112 4 0 0 0 28 12 20 1 0 20 0 45 0 0 0 0 0 0 0 0 0 0 0 0 0 0 0 0 0 0 0 0 0 0 0 0 0 0 0 0 0 0 0 6 0 0 0 0 0 0 1 1 0 0 0 0 0 0 10 0 1 0 0 0 0 0 0 2 0 0 0 0 0 0 0 0 0 0 0 0 1 0 
 0 0 0 0 0 0 0 0 0 7 0 0 0 0 8 0 0 0 0 0 0 0 0 0 0 3 0 0 0 0 0 0 0 0 27 0 0 0 2 0 4 0 0 0 0 0 3 6 0 0 0 0 14 4 0 0 0 3 1 3 0 70 63 49 51 28 270 199 41 30 30 84 82 170 183 255 45 31 56 147 0 0 0 0 0 0 0 0 0 0 0 0 0 0 0 0 0 0 0 0 0 0 0 0 0 0 0 0 0 0 0 0 0 9 0 0 0 0 0 0 3 5 0 0 0 21 4 4 0 0 3 0 0 6 6 0 20 4 0 0 2 17 2 8 0 0 0 12 49 9 0 0 0 20 13 51 9 14 0 0 0 8 0 0 0 0 0 0 0 7 0 45 11 0 0 0 0 0 0 0 0 0 0 0 0 0 0 0 0 0 0 0 0 0 0 0 0 0 0 0 4 0 0 0 0 0 1 10 0 1 0 0 0 5 3 2 0 4 0 8 10 49 21 0 0 0 0 12 20 8 1 1 0 22 9 14 41 30 0 0 0 0 0 0 0 0 0 0 0 0 0 0 0 0 7 0 0 0 0 0 0 0 0 0 0 0 0 0 0 0 9 0 0 2 0 0 0 0 0 0 0 0 0 11 0 0 0 0 0 0 
 0 0 0 0 2 0 0 0 0 34 0 0 0 0 0 0 0 0 0 2 0 0 0 0 0 0 0 0 0 0 0 0 2 0 0 0 0 0 0 0 0 0 7 0 4 0 0 0 0 50 0 0 2 0 0 0 0 2 0 0 70 0 268 58 256 28 79 306 216 63 40 50 57 44 195 235 230 61 83 48 0 0 0 0 0 0 0 0 0 0 0 0 0 0 0 0 0 0 0 0 0 0 0 0 0 0 0 0 0 0 0 0 0 0 0 0 0 0 0 0 0 0 0 0 0 0 0 0 0 0 0 0 0 0 0 0 0 0 0 0 0 0 11 0 28 3 0 0 0 12 0 1 0 1 0 14 15 17 0 0 0 0 16 0 0 0 0 0 0 0 0 1 0 0 0 0 0 0 20 0 0 0 0 0 0 0 0 0 0 0 0 0 0 0 0 0 0 0 0 0 0 0 0 0 0 0 0 0 0 0 0 0 1 0 0 0 0 0 0 0 0 1 46 24 20 7 0 1 0 16 23 34 0 0 0 4 20 7 0 0 9 0 0 0 0 0 0 0 0 0 0 0 0 0 4 0 0 0 0 0 0 0 0 0 0 0 8 0 0 0 24 2 0 12 0 0 0 0 0 0 0 0 0 0 0 0 0 0 0 0 
