 0 109 102 44 42 25 480 550 53 131 43 34 264 158 639 37 40 266 30 361 0 0 0 0 0 4 2 2 0 0 0 0 0 0 2 76 0 2 0 0 0 0 0 3 0 1 0 38 0 64 0 2 3 0 0 0 0 0 0 0 3 0 1 0 0 0 0 0 0 0 0 0 0 0 52 3 6 3 0 0 66 21 8 0 0 0 21 49 2 10 15 0 0 43 32 33 34 7 0 12 0 0 0 0 0 0 10 0 1 0 0 0 0 0 0 0 0 0 0 0 0 0 0 0 0 0 0 0 0 0 0 0 0 0 0 0 0 0 0 0 0 0 0 0 8 0 0 0 0 0 0 0 0 0 0 0 0 0 0 0 27 23 0 2 0 0 1 46 25 0 0 0 0 14 35 33 19 10 0 10 15 0 0 0 10 0 0 0 0 0 0 0 0 0 0 0 0 0 0 0 0 0 0 0 9 0 0 0 0 0 0 0 0 0 0 0 0 0 0 0 0 0 0 0 0 0 0 0 0 0 0 0 0 0 0 0 0 0 0 0 0 0 0 0 0 1 2 0 0 0 0 2 0 0 0 0 0 0 0 0 0 0 0 0 0 0 0 0 0 0 0 0 0 0 0 1 0 0 0 0 0 0 0 0 0 0 0 0 0 0 
 109 0 435 58 31 48 100 373 416 142 35 26 47 144 406 326 293 39 24 124 0 3 0 2 1 2 4 2 0 0 0 2 0 0 2 0 0 2 3 0 0 2 2 6 0 0 0 4 3 64 0 3 2 0 0 0 0 0 0 0 1 0 0 1 1 3 0 0 0 0 3 3 13 0 2 0 0 3 0 0 25 19 68 18 0 0 0 0 40 65 39 11 0 27 0 27 14 32 0 0 0 0 0 0 0 0 7 0 0 0 0 0 0 0 0 0 0 0 0 0 0 0 0 0 0 0 0 0 0 0 0 0 0 0 0 0 0 0 0 0 0 0 0 0 0 0 0 0 0 0 0 0 0 0 0 0 0 0 0 0 0 33 16 8 0 0 0 29 16 63 0 24 0 1 9 23 1 22 1 4 0 0 21 0 0 0 0 0 0 0 0 0 0 0 0 0 0 0 0 0 0 0 0 0 7 0 0 0 0 0 0 0 0 0 0 0 0 0 0 0 3 0 0 0 0 0 0 0 0 0 0 0 0 0 0 0 0 0 0 0 0 10 0 0 0 0 40 0 4 0 0 4 0 0 0 0 0 0 0 0 2 0 7 0 0 0 0 0 0 0 0 0 0 0 0 10 8 7 0 0 0 0 0 0 0 0 0 0 0 0 
 102 435 0 543 46 41 84 108 219 356 47 45 84 21 61 211 678 413 49 40 8 66 2 0 0 2 2 2 0 2 2 0 0 0 2 0 0 3 0 0 0 0 0 3 0 0 0 3 0 0 0 2 3 0 0 0 0 0 0 0 3 0 0 0 0 0 0 0 0 0 0 0 0 0 3 2 0 3 0 0 1 23 44 40 8 0 0 0 58 46 23 29 0 1 0 33 14 22 0 0 0 0 0 2 0 0 0 1 0 0 0 0 0 0 0 0 0 1 0 0 0 0 0 0 0 0 0 0 0 0 0 0 2 0 0 0 0 0 0 0 0 0 0 2 0 0 0 0 2 0 0 0 1 2 0 0 0 0 2 0 0 17 25 7 0 3 0 0 12 49 14 13 3 0 0 16 27 17 1 3 0 0 2 0 0 0 0 0 8 0 0 0 0 0 0 0 0 0 0 0 0 0 0 0 0 0 0 0 2 0 0 0 0 0 0 0 0 0 0 1 0 0 0 0 0 0 0 0 0 1 0 0 2 0 0 0 0 0 0 0 0 18 0 0 0 0 2 0 0 2 0 5 14 0 0 0 0 0 0 0 0 0 10 0 0 0 0 0 0 0 0 0 0 0 0 48 11 20 0 0 0 0 0 0 0 0 0 0 0 0 
 44 58 543 0 89 37 309 74 66 367 104 620 64 124 282 33 154 377 69 57 3 0 0 0 0 0 2 2 0 0 0 0 2 0 2 0 0 2 2 0 0 0 0 3 3 2 0 4 0 0 3 7 3 0 0 0 3 3 0 63 3 0 2 0 0 2 0 2 0 0 0 2 0 0 3 1 0 6 0 0 0 1 0 42 34 14 0 0 0 41 0 43 0 0 0 0 25 0 0 0 0 15 0 0 0 0 0 0 0 0 0 0 0 0 0 0 0 0 9 0 0 0 0 0 0 11 0 0 0 0 0 0 0 0 0 0 0 0 0 0 0 3 0 0 0 0 0 0 0 0 0 0 3 0 0 0 0 0 0 0 0 0 0 9 0 46 0 0 3 0 70 14 0 16 0 0 30 5 0 0 19 0 0 14 0 0 0 0 0 0 0 0 0 0 0 0 0 0 17 23 0 0 0 0 0 0 0 0 0 0 0 0 0 0 0 0 23 0 0 0 0 0 0 0 0 0 0 0 0 0 0 0 0 0 0 0 0 0 0 0 0 0 0 0 0 2 52 0 0 66 0 7 14 0 0 0 0 0 0 0 0 0 0 0 0 0 0 0 0 1 0 0 0 0 0 11 0 0 0 0 0 0 0 0 0 0 0 0 0 0 
 42 31 46 89 0 327 44 259 39 81 101 303 87 57 73 61 46 51 89 65 0 0 6 0 0 0 2 2 0 0 0 2 0 0 2 0 0 4 5 0 1 0 63 3 0 0 0 2 0 0 0 2 3 0 49 0 0 0 7 0 3 0 0 0 51 0 8 0 0 0 0 0 0 0 4 3 0 3 0 46 0 0 0 1 21 20 0 0 2 0 0 0 0 13 0 0 0 0 0 0 1 1 0 0 0 0 1 0 1 0 0 0 35 14 0 0 0 0 38 16 0 0 0 0 0 1 0 0 0 0 0 0 0 0 0 0 0 0 0 0 0 0 0 0 0 0 0 2 0 0 0 1 2 0 0 0 0 2 0 2 0 0 0 36 47 12 0 0 0 0 22 17 0 1 0 0 0 21 0 0 0 0 0 0 0 0 19 13 0 0 0 0 23 0 1 0 16 0 37 40 0 0 0 41 0 0 0 0 0 0 0 0 0 0 2 0 0 0 0 0 0 0 0 0 0 0 0 0 0 0 2 0 0 16 0 0 0 0 0 0 0 0 0 0 0 8 5 0 0 4 0 2 0 0 0 0 0 0 0 0 0 0 0 0 0 0 0 0 0 0 0 0 0 0 0 0 0 0 0 0 0 0 0 0 0 0 0 0 0 0 
 25 48 41 37 327 0 51 34 241 64 96 44 50 55 48 42 151 57 57 31 0 0 0 1 0 0 2 4 2 0 0 0 0 1 2 0 14 2 231 6 0 0 61 3 47 0 0 3 0 0 0 2 3 0 0 0 0 1 0 0 2 0 0 44 3 1 0 5 31 0 0 0 0 0 3 0 0 3 0 0 0 0 0 0 51 46 0 0 0 0 0 0 0 0 0 0 0 0 0 0 1 14 0 11 0 0 67 0 1 0 0 0 57 14 0 0 0 0 33 40 0 0 0 0 0 1 0 13 0 0 0 0 0 0 0 0 0 0 1 0 0 0 0 0 0 0 0 2 0 0 0 4 2 0 2 0 0 0 0 0 0 0 0 0 59 0 0 0 3 0 1 13 1 0 0 0 9 0 0 0 28 0 0 0 0 0 53 0 0 0 0 0 31 0 0 0 0 0 28 24 0 0 0 0 0 0 0 0 0 0 0 0 1 0 0 2 0 0 0 0 0 0 0 0 0 14 0 0 0 0 2 0 0 1 0 0 0 0 1 0 0 0 0 0 0 5 0 0 1 0 1 29 0 0 0 0 0 0 0 0 0 0 0 0 0 0 0 0 0 0 0 0 0 0 0 0 0 0 0 0 0 0 0 0 0 0 0 0 0 0 
 480 100 84 309 44 51 0 89 51 264 27 33 484 438 73 29 29 33 55 314 2 2 0 0 0 1 3 2 0 1 0 0 0 0 2 0 0 2 0 0 0 0 0 3 0 0 0 67 0 0 3 3 2 0 0 0 0 3 0 0 2 2 0 0 0 1 0 0 0 0 0 0 0 0 3 0 3 3 0 0 17 29 0 0 0 0 32 44 9 0 0 0 24 11 50 23 14 1 25 9 0 0 2 0 0 13 0 0 0 0 0 0 0 0 0 0 0 0 0 0 0 0 0 0 0 0 0 0 0 0 0 0 0 6 0 0 0 0 0 0 0 0 0 0 13 0 0 0 0 3 0 0 0 0 0 0 0 0 0 0 29 27 0 0 0 0 11 18 15 0 0 0 15 16 23 17 9 9 10 25 0 0 0 0 0 0 0 0 0 0 0 0 0 0 0 0 0 0 0 0 0 0 0 0 0 0 0 0 0 0 0 0 0 0 0 0 0 0 0 0 0 0 0 0 0 0 0 0 0 0 0 0 0 0 0 0 0 0 0 2 0 0 0 0 0 0 2 0 1 0 1 1 0 0 0 0 0 0 0 0 0 0 0 0 0 65 0 0 0 0 0 0 0 0 0 0 1 0 0 0 0 0 0 0 0 0 0 0 0 0 
 550 373 108 74 259 34 89 0 89 39 48 130 285 311 122 267 32 45 48 36 2 3 2 1 3 4 2 5 4 0 2 1 0 0 2 1 0 25 1 0 0 3 3 3 0 3 0 65 0 2 0 2 5 0 53 2 0 4 0 0 3 0 3 0 2 51 1 1 0 0 0 0 0 0 2 4 0 3 0 0 9 31 62 1 0 0 13 10 25 37 34 0 0 30 1 33 24 10 0 0 0 0 0 0 0 0 0 0 0 0 0 0 0 0 1 0 0 0 0 0 0 0 0 0 0 0 0 0 0 0 0 0 0 0 0 0 0 0 0 49 0 0 0 0 0 0 0 0 0 0 0 0 0 0 0 0 0 0 0 0 10 31 20 7 0 1 1 26 17 1 0 12 0 1 10 43 1 6 3 10 0 0 0 0 0 0 0 0 0 0 0 0 0 2 0 0 0 0 0 0 0 0 0 13 0 0 0 0 0 0 0 0 0 1 0 0 0 0 0 0 0 1 0 0 0 0 0 0 0 0 0 0 0 0 0 0 0 0 0 0 0 2 0 0 0 0 0 2 2 0 0 3 0 0 0 0 0 0 0 0 1 0 10 0 0 0 0 0 0 0 0 0 0 0 0 0 0 0 0 0 0 0 0 0 0 0 0 0 0 0 
 53 416 219 66 39 241 51 89 0 328 33 24 230 88 96 243 166 357 78 50 0 0 0 0 2 1 2 2 0 2 0 0 0 0 2 0 3 2 0 0 0 0 0 3 0 0 0 3 0 0 0 2 3 0 0 0 0 0 0 0 3 0 0 0 0 0 0 0 0 0 0 0 30 0 3 2 0 3 0 0 0 31 64 118 11 0 0 0 32 56 36 61 0 0 0 10 19 23 0 0 0 0 0 0 0 0 0 0 0 0 0 0 0 0 0 0 0 0 0 0 0 2 0 0 0 0 0 0 0 0 0 0 0 0 0 0 0 0 0 0 0 2 0 0 0 0 0 0 0 1 0 0 0 0 0 0 0 0 0 0 1 9 19 10 0 27 0 0 12 47 20 29 0 0 0 18 29 11 0 4 0 0 8 0 0 0 0 0 0 0 0 0 0 0 2 0 0 0 0 1 0 26 0 0 0 2 0 0 0 0 0 2 0 0 0 0 0 0 0 0 0 0 0 0 0 0 0 0 0 0 0 0 0 0 0 0 0 0 0 0 0 1 0 0 0 0 2 0 0 2 0 6 17 0 0 0 0 0 0 0 0 0 4 0 0 0 0 0 0 0 0 0 0 0 0 12 6 5 0 0 0 0 0 0 0 0 0 0 0 0 
 131 142 356 367 81 64 264 39 328 0 410 51 88 150 157 280 510 79 112 54 0 0 0 0 0 1 2 2 0 2 0 0 0 0 2 1 0 2 8 0 68 0 0 3 0 0 0 4 0 0 0 2 3 0 0 0 0 0 0 0 3 68 0 0 0 0 0 0 0 0 0 0 0 0 5 3 0 3 0 0 15 8 10 54 4 0 0 6 42 29 18 44 0 0 32 10 9 21 0 0 0 0 0 0 0 0 0 0 0 0 0 0 0 0 0 0 0 0 0 0 0 0 0 10 0 0 0 0 0 0 0 16 0 0 0 0 0 0 0 0 0 2 14 0 0 0 0 0 0 0 0 0 2 0 0 0 0 0 0 1 0 1 10 0 0 34 0 0 14 47 9 15 0 0 0 0 17 26 0 5 0 0 0 0 2 0 0 0 0 1 0 0 0 1 0 0 0 0 0 0 0 0 0 0 0 0 0 0 0 0 0 0 0 29 2 0 0 0 0 0 1 0 2 0 0 0 0 0 0 0 0 0 0 0 0 0 0 0 0 0 0 16 0 0 0 0 186 0 1 87 0 3 10 0 0 0 0 0 0 0 0 0 8 0 0 0 0 0 0 0 0 0 0 2 0 20 7 9 0 0 0 0 0 0 0 0 0 0 0 0 
 43 35 47 104 101 96 27 48 33 410 0 526 254 116 39 62 177 444 267 122 2 0 2 2 2 30 4 2 62 0 0 0 0 0 2 2 2 2 2 0 1 5 0 3 0 59 0 5 0 0 0 2 3 0 0 2 1 1 0 0 3 0 2 0 0 0 0 0 0 0 0 2 5 4 4 3 0 3 0 2 1 0 0 48 49 14 0 0 1 28 0 43 0 0 0 2 18 0 0 0 0 10 0 0 0 0 0 2 0 0 0 0 0 0 2 0 0 2 10 0 0 0 0 0 0 0 0 0 2 0 0 0 1 0 18 0 0 0 0 0 0 4 0 0 0 1 0 0 1 0 0 0 4 1 0 0 0 0 1 0 0 1 0 13 4 29 15 0 3 1 32 23 0 0 0 2 32 10 1 0 0 0 0 0 0 0 1 0 0 0 0 0 0 1 0 0 0 0 15 52 0 0 0 0 0 0 14 0 0 0 0 0 0 0 0 0 0 0 0 2 0 2 0 0 0 0 0 0 0 2 0 0 0 0 0 0 0 0 0 0 0 4 0 0 0 2 49 2 0 51 0 2 18 0 0 0 0 0 0 0 0 0 1 0 0 0 0 0 0 0 0 0 0 0 0 49 0 1 0 0 0 0 0 0 0 0 0 0 0 2 
 34 26 45 620 303 44 33 130 24 51 526 0 23 247 41 50 289 63 253 21 1 0 0 0 0 1 2 2 0 0 0 1 0 1 2 36 0 81 3 0 1 0 0 3 0 0 0 5 0 0 0 2 3 0 0 0 0 0 0 0 3 0 0 0 0 0 0 0 0 0 0 0 0 0 5 3 0 43 0 0 0 0 0 23 40 47 0 0 0 1 0 21 0 0 0 2 0 0 0 0 0 0 0 0 0 0 0 0 0 16 4 0 30 0 2 0 0 0 22 2 0 0 0 0 0 0 0 0 2 0 0 0 0 0 8 0 0 0 20 0 0 2 21 0 0 0 14 0 1 0 0 0 35 0 0 0 0 0 0 0 0 0 0 10 82 70 9 0 8 1 11 20 0 0 0 2 9 6 1 0 0 0 0 0 0 0 1 0 0 0 0 0 10 0 0 0 0 0 21 36 0 0 0 0 0 0 0 0 0 0 0 0 0 2 0 0 0 0 0 0 0 2 0 0 0 0 0 0 0 0 0 0 0 0 0 0 0 0 0 0 0 1 0 0 14 1 183 2 4 170 0 3 0 0 0 0 0 0 0 0 2 0 0 0 0 0 0 0 0 0 0 0 0 0 0 16 0 0 0 0 0 0 0 0 0 0 0 0 0 2 
 264 47 84 64 87 50 484 285 230 88 254 23 0 71 268 44 135 22 478 327 0 2 12 0 12 2 2 4 0 0 0 0 0 0 2 0 0 2 0 26 0 0 1 5 0 0 0 3 0 0 0 3 2 0 0 0 0 0 0 0 2 0 0 0 0 1 0 0 0 0 0 0 2 0 2 0 0 3 0 0 28 16 0 0 0 0 35 29 0 0 0 0 27 35 38 0 7 0 40 44 6 0 0 0 0 0 0 0 0 0 0 0 0 0 0 0 0 0 0 0 0 0 0 0 0 0 0 0 0 0 0 0 0 0 0 0 0 0 0 0 0 0 0 0 3 0 0 0 0 0 0 0 0 0 0 0 0 0 0 0 29 0 0 0 0 19 31 9 0 0 0 0 43 40 18 0 22 0 27 13 0 0 13 0 0 0 0 0 0 0 0 0 0 0 0 14 0 0 0 0 0 0 0 0 1 0 1 0 0 0 0 0 0 0 0 0 0 1 0 0 0 0 0 0 0 0 0 0 0 0 0 0 0 0 0 0 0 0 0 0 0 19 0 0 0 0 2 3 0 0 2 13 0 0 0 0 0 0 0 0 0 0 0 0 0 0 0 0 0 0 0 0 0 0 0 0 0 0 0 0 0 0 0 0 0 0 0 0 0 0 
 158 144 21 124 57 55 438 311 88 150 116 247 71 0 666 27 35 26 79 202 0 0 0 0 0 4 2 2 0 2 1 0 0 0 2 0 0 3 1 0 1 0 0 3 0 6 0 39 0 0 2 2 3 0 0 0 0 0 0 0 3 0 1 0 0 0 0 0 0 0 0 0 0 0 41 3 0 3 0 0 47 61 9 0 0 0 21 85 12 10 15 0 4 27 81 61 30 7 0 10 0 20 0 0 0 0 0 0 0 0 0 0 0 1 0 0 0 0 0 0 0 0 0 0 0 16 0 0 0 0 0 0 0 0 0 11 0 0 0 0 0 0 0 0 4 0 0 0 0 0 0 0 0 0 0 0 0 0 0 0 18 35 2 0 0 0 0 56 12 0 0 0 0 28 48 34 19 10 0 9 0 0 0 0 0 0 0 0 0 0 0 0 0 0 0 0 0 18 22 0 0 0 0 0 0 0 0 0 0 0 0 0 0 0 8 0 0 0 0 0 0 0 0 0 0 0 0 0 0 0 0 0 0 0 0 0 0 0 0 0 0 0 0 0 0 1 0 2 2 2 0 4 0 0 0 0 0 0 0 0 0 0 0 0 0 0 0 0 0 0 0 0 0 0 0 1 0 0 0 0 0 0 0 0 0 0 0 0 0 0 
 639 406 61 282 73 48 73 122 96 157 39 41 268 666 0 169 135 43 75 90 0 79 77 2 0 1 3 0 1 0 0 0 0 0 4 0 0 0 0 0 3 0 0 0 0 0 0 64 0 0 2 0 2 0 0 0 0 0 0 0 0 2 0 0 0 0 0 0 0 3 0 1 0 0 1 0 2 0 0 0 20 36 58 0 1 0 12 20 35 12 31 3 0 26 19 35 30 8 0 0 0 0 0 0 0 0 0 0 1 0 0 0 0 0 0 0 0 0 0 9 0 0 0 0 0 0 0 0 0 0 0 0 0 0 0 0 0 0 0 0 0 0 0 0 11 0 0 2 0 0 34 0 2 0 2 0 0 1 0 0 12 34 22 7 2 1 0 39 27 25 0 0 0 1 19 40 15 12 0 15 0 0 0 0 0 0 0 0 0 0 0 0 0 0 0 0 0 0 0 0 0 0 0 0 0 0 0 0 0 0 0 0 1 0 0 2 0 0 0 0 0 0 0 0 0 0 0 0 0 0 2 0 0 1 0 0 0 0 0 0 0 1 0 0 0 2 0 0 0 0 0 7 0 0 0 0 0 0 0 0 0 0 0 0 0 0 0 0 0 0 0 0 0 0 0 0 9 0 0 0 0 0 0 0 0 0 0 0 0 0 
 37 326 211 33 61 42 29 267 243 280 62 50 44 27 169 0 297 299 40 63 0 0 2 0 0 1 2 2 1 0 74 0 0 0 2 0 2 2 0 0 2 0 0 64 0 0 0 3 0 0 0 2 3 0 0 0 0 0 0 0 3 0 0 0 0 0 0 0 0 0 0 0 0 0 3 3 0 51 0 0 1 23 61 86 11 0 0 0 36 47 23 35 0 13 0 20 0 37 0 0 0 0 0 1 0 0 0 0 1 0 0 0 0 0 0 0 0 0 0 0 0 0 0 0 0 0 0 0 0 0 0 0 0 0 0 0 0 0 0 0 0 14 0 0 0 0 0 0 0 0 0 0 7 0 0 0 0 0 0 1 10 28 26 11 2 4 0 18 11 35 0 14 0 0 16 9 10 55 0 4 0 0 0 0 2 0 0 0 0 1 0 0 0 0 0 0 0 0 0 0 0 0 0 0 0 0 0 0 0 0 0 0 0 0 2 0 0 0 0 0 1 0 0 0 0 0 0 0 0 0 0 0 0 0 0 0 0 0 0 0 0 10 0 0 0 2 2 0 1 2 1 7 14 0 0 0 0 0 0 0 0 0 8 0 0 0 0 0 0 0 0 0 0 2 0 13 6 21 0 0 0 0 0 0 0 0 0 0 0 0 
 40 293 678 154 46 151 29 32 166 510 177 289 135 35 135 297 0 596 31 23 0 0 0 0 0 1 2 2 0 1 0 0 0 0 2 0 1 2 1 0 1 0 0 3 0 0 0 4 0 0 0 2 3 0 0 0 0 0 0 63 3 0 0 0 0 0 0 0 0 0 0 0 0 0 4 3 0 3 0 0 0 19 31 63 10 0 0 2 22 45 36 71 0 0 0 16 19 26 0 0 0 0 0 0 0 0 0 12 0 0 0 0 0 0 0 0 0 0 0 0 0 1 0 0 0 0 0 0 0 0 0 0 0 2 0 0 1 0 0 0 0 7 0 0 0 0 0 0 0 2 0 0 14 0 0 0 0 0 0 0 1 10 19 0 0 42 0 0 12 52 20 23 0 0 20 18 29 19 0 3 0 0 0 0 0 0 0 0 0 0 0 0 0 0 1 0 0 0 0 1 0 2 0 2 0 1 0 0 0 0 0 0 0 0 30 0 0 0 0 0 15 0 0 0 0 0 0 0 0 0 0 0 0 0 0 0 1 0 0 0 0 4 0 0 0 1 102 1 0 1 1 13 20 2 0 0 0 0 0 0 0 0 6 0 0 0 0 0 0 0 0 0 0 0 0 20 26 12 0 0 0 0 0 0 0 0 0 0 0 0 
 266 39 413 377 51 57 33 45 357 79 444 63 22 26 43 299 596 0 37 24 0 0 2 5 0 1 2 2 0 0 0 0 0 0 2 0 2 2 2 0 0 0 0 3 0 0 0 5 0 0 0 2 3 0 0 0 0 0 0 0 3 0 0 0 0 2 0 0 0 0 0 0 0 0 4 1 31 3 0 0 0 1 6 52 6 7 0 0 15 36 18 79 0 0 0 11 16 25 0 0 0 1 0 0 0 0 0 0 1 0 0 0 18 0 0 0 0 0 0 0 0 0 0 0 0 1 0 0 0 0 0 0 0 0 0 0 0 0 0 0 0 3 0 0 0 0 0 9 0 0 0 0 5 0 0 0 0 2 0 1 0 0 10 36 2 32 0 0 15 59 17 20 0 1 1 0 23 28 0 0 0 0 0 0 0 0 0 0 0 0 0 0 0 0 0 0 0 0 0 1 0 0 0 0 0 0 0 1 0 0 0 0 0 0 2 2 0 0 0 0 0 0 0 0 0 0 0 0 8 0 2 0 0 0 0 0 0 19 0 0 0 25 0 0 0 1 168 0 1 171 1 5 10 0 0 0 0 0 0 0 0 0 14 0 0 0 0 0 0 0 0 0 0 0 0 20 4 9 0 0 0 0 0 0 0 0 0 0 0 0 
 30 24 49 69 89 57 55 48 78 112 267 253 478 79 75 40 31 37 0 359 1 3 77 0 0 1 9 2 2 3 0 3 1 4 2 0 0 2 2 0 0 0 0 3 3 3 0 3 0 0 0 2 3 0 0 0 0 0 0 0 5 2 0 0 3 0 0 4 0 1 4 0 0 0 4 1 0 3 8 0 9 0 0 0 0 0 15 1 1 0 0 9 45 37 10 0 1 2 43 18 0 0 0 0 0 0 0 0 0 0 0 0 0 0 0 0 0 0 1 11 0 0 0 0 0 0 0 0 0 2 0 0 0 0 2 0 0 0 0 0 0 0 0 0 0 0 0 0 0 0 12 0 0 0 2 0 0 0 0 0 10 0 0 0 0 0 31 0 0 0 0 1 40 16 0 0 0 0 35 13 0 0 0 0 0 0 0 0 0 0 0 0 0 0 0 0 1 0 0 0 0 0 0 0 0 0 0 0 2 0 0 0 1 0 0 0 0 0 0 0 0 0 0 0 0 0 0 0 0 0 0 0 0 0 0 0 0 0 1 0 0 0 0 0 0 0 0 0 0 0 0 18 0 0 0 0 0 0 0 0 6 0 0 0 0 0 0 0 0 0 0 0 0 0 0 0 0 0 0 0 0 0 0 0 0 0 0 0 0 0 
 361 124 40 57 65 31 314 36 50 54 122 21 327 202 90 63 23 24 359 0 38 3 2 2 0 2 6 5 0 0 2 5 0 3 2 3 2 2 7 3 0 2 0 6 0 3 0 7 3 0 2 2 6 0 0 0 0 2 6 0 36 0 0 0 0 2 0 36 0 0 3 4 0 0 3 1 4 7 0 4 22 8 0 0 0 0 29 28 0 0 1 0 65 34 21 0 9 0 48 40 0 0 0 0 0 0 0 0 0 0 14 0 0 0 0 0 0 0 0 0 0 0 0 0 0 0 0 10 0 0 13 0 0 0 0 0 0 0 0 0 0 0 0 0 2 0 0 0 0 0 0 0 0 0 0 0 0 0 0 0 51 0 0 0 0 0 11 7 7 0 0 6 38 29 10 0 32 0 9 14 0 0 0 0 0 0 0 0 0 0 0 0 0 0 0 0 0 0 0 0 0 0 0 0 0 0 0 0 0 0 0 0 0 0 0 0 0 0 0 0 13 0 0 0 0 0 0 0 0 0 0 0 0 0 0 0 0 0 0 0 0 0 0 0 0 0 0 0 0 0 0 2 0 0 0 0 0 0 0 0 0 0 63 0 0 0 0 0 0 0 0 0 0 0 0 0 0 0 0 0 0 0 0 0 0 0 0 0 0 0 
 0 0 8 3 0 0 2 2 0 0 2 1 0 0 0 0 0 0 1 38 0 153 107 62 248 59 412 383 66 31 46 32 69 232 580 43 31 36 252 71 0 4 1 3 0 5 0 0 3 0 0 0 3 44 0 0 0 2 4 2 0 0 0 0 0 4 10 3 0 0 3 2 5 12 2 0 2 2 5 2 0 0 0 0 0 0 0 0 0 0 0 0 0 0 0 0 0 0 0 0 51 46 44 11 2 0 0 33 50 2 0 3 0 5 20 30 7 20 0 0 0 0 0 0 0 0 0 0 0 0 0 2 0 0 0 0 0 0 0 0 0 2 0 0 0 0 1 0 2 0 0 0 0 0 0 0 0 0 0 1 1 0 31 1 0 0 0 0 0 0 1 2 0 0 0 0 0 0 0 0 46 57 51 11 2 0 0 49 68 19 1 0 0 38 55 3 28 21 9 0 0 0 0 0 0 0 0 0 0 0 0 0 0 1 0 0 0 15 0 0 0 0 0 0 0 0 0 0 0 0 0 0 0 0 0 0 0 0 0 0 0 0 0 0 0 0 0 0 0 0 0 0 0 0 13 0 1 0 0 0 2 0 0 0 0 0 0 0 0 0 0 0 0 0 0 0 0 0 0 0 0 0 0 0 0 0 0 0 0 0 
 0 3 66 0 0 0 2 3 0 0 0 0 2 0 79 0 0 0 3 3 153 0 442 59 39 73 107 386 465 47 26 25 67 256 355 251 344 31 46 38 6 2 0 3 0 3 0 0 0 0 0 0 3 3 0 0 0 0 1 6 0 2 0 0 0 3 2 3 0 0 0 0 2 8 2 0 0 0 0 0 0 0 0 0 4 0 0 0 0 0 0 0 0 0 0 0 0 0 0 50 0 27 77 23 38 0 0 11 13 45 38 50 0 0 0 40 41 34 0 0 1 0 0 0 0 0 0 0 0 0 0 1 0 0 0 0 0 0 0 0 0 1 0 0 0 0 2 0 0 0 0 0 0 0 0 0 0 0 0 2 2 0 0 0 0 0 1 0 0 0 10 0 0 0 0 0 0 0 0 0 7 3 38 46 42 0 0 14 48 58 14 24 0 0 19 14 63 41 6 0 0 0 0 0 0 0 11 0 0 0 0 0 0 2 0 0 0 0 0 0 0 0 0 0 0 0 6 0 0 0 0 0 0 0 0 0 0 0 0 0 0 0 0 0 0 0 0 0 0 0 0 0 0 0 7 0 0 0 0 2 25 1 0 0 0 0 1 0 0 0 0 0 0 0 0 0 0 0 0 0 0 9 0 0 0 0 21 0 0 0 
 0 0 2 0 6 0 0 2 0 0 2 0 12 0 77 2 0 2 77 2 107 442 0 128 71 115 66 107 330 357 59 255 58 40 63 468 71 273 48 21 2 2 0 2 0 3 0 2 3 0 0 0 3 3 0 0 3 0 3 0 0 1 0 0 0 3 4 3 0 0 3 1 3 0 0 0 0 0 0 0 0 0 0 0 0 0 0 14 0 22 0 0 0 0 0 0 0 0 1 0 0 0 38 37 43 0 0 13 0 46 37 29 0 0 0 26 39 13 0 9 0 2 0 0 0 1 0 0 0 0 0 0 0 0 0 0 0 0 0 0 0 0 0 0 0 1 8 0 0 0 10 0 5 0 0 0 0 0 0 0 0 0 0 0 0 0 0 0 0 0 8 0 0 0 1 0 1 0 0 0 0 1 0 38 23 4 2 1 1 70 74 29 0 0 0 21 26 28 0 0 0 2 0 0 0 0 0 0 0 0 0 0 0 0 0 0 0 0 1 0 0 0 0 0 0 0 0 0 0 0 0 1 0 0 0 0 0 0 0 0 0 0 1 0 0 1 0 0 0 0 0 0 0 0 2 2 0 6 3 1 22 10 0 0 0 0 9 0 0 0 0 0 0 0 0 0 0 0 0 0 0 18 0 0 0 0 45 0 0 0 
 0 2 0 0 0 1 0 1 0 0 2 0 0 0 2 0 0 5 0 2 62 59 128 0 109 48 117 57 175 394 260 387 45 74 56 47 35 306 70 65 62 5 0 0 0 7 2 0 2 0 0 0 3 3 63 0 0 0 1 3 0 0 0 0 0 3 2 3 0 0 0 2 0 0 0 3 3 0 0 0 0 0 0 0 0 0 0 0 0 0 0 0 0 0 0 0 0 0 8 0 0 0 0 19 21 12 2 0 0 11 0 36 0 1 0 14 0 0 0 0 0 0 0 0 0 0 0 0 0 0 0 0 19 0 1 0 0 0 30 2 0 0 0 0 0 5 0 0 0 0 0 0 0 0 0 0 0 0 0 0 0 0 0 0 5 0 0 0 2 0 1 0 0 0 0 0 22 0 0 0 0 0 26 11 65 34 0 0 0 0 26 45 0 0 0 0 0 0 0 0 0 0 0 0 2 0 0 0 0 0 0 0 3 0 0 0 0 0 24 0 0 0 0 0 0 0 0 0 0 0 0 0 0 0 0 0 0 0 0 0 0 0 8 0 0 0 0 0 0 0 1 0 0 0 11 0 0 84 18 2 0 9 0 0 0 0 13 0 0 0 0 0 0 0 0 0 0 0 0 0 0 15 0 0 0 0 0 0 0 0 
 0 1 0 0 0 0 0 3 2 0 2 0 12 0 0 0 0 0 0 0 248 39 71 109 0 313 61 80 71 96 104 615 71 62 112 83 280 37 74 171 0 4 0 0 0 12 1 0 0 0 1 0 3 3 0 0 0 0 5 0 0 0 0 0 0 2 3 3 0 0 0 0 5 0 0 0 0 0 0 0 0 0 0 0 0 0 0 0 0 0 0 0 0 0 0 0 0 0 0 0 0 0 0 0 0 40 0 0 0 0 0 15 0 0 2 0 0 0 0 0 0 0 0 0 0 0 13 4 0 0 1 0 29 0 1 0 0 0 51 10 0 0 0 0 0 1 0 2 0 0 0 1 0 0 0 0 19 0 0 0 0 0 0 0 4 0 0 0 0 2 0 1 0 0 0 0 0 0 0 0 0 0 0 4 34 31 0 0 0 0 0 14 0 0 0 0 1 1 0 0 12 0 0 0 0 0 11 0 0 0 0 1 30 0 0 0 0 0 81 91 0 0 0 0 0 0 7 0 0 0 1 0 0 0 0 0 0 0 0 0 0 0 0 0 0 0 0 0 0 0 0 0 0 0 21 3 3 4 6 0 2 0 0 0 0 0 0 0 0 0 0 0 0 0 0 0 0 0 0 0 0 0 0 1 0 0 0 0 0 0 
 4 2 2 0 0 0 1 4 1 1 30 1 2 4 1 1 1 1 1 2 59 73 115 48 313 0 44 121 131 48 276 77 22 140 120 341 350 124 50 314 0 2 0 0 0 3 0 0 0 0 0 0 5 6 0 0 0 0 128 2 0 0 0 0 0 3 2 3 0 0 0 2 0 0 0 0 0 0 0 0 0 15 0 0 0 0 0 1 0 0 0 0 0 0 2 0 0 0 0 0 0 0 13 14 11 14 0 0 0 7 10 8 0 0 0 0 10 7 1 1 0 0 0 0 0 0 31 14 0 0 0 0 22 7 15 0 0 0 5 19 0 0 0 0 0 0 0 0 0 0 2 0 0 0 0 0 8 0 0 0 0 0 0 0 5 0 0 0 0 0 0 0 0 0 0 0 0 0 0 0 0 3 0 12 1 11 0 1 14 10 12 1 1 0 0 13 5 12 0 13 11 0 0 0 0 0 19 0 0 0 0 0 42 0 0 0 0 0 13 12 1 0 0 0 0 0 0 2 0 0 0 0 0 0 0 0 0 0 0 0 0 0 0 0 0 0 0 0 0 0 0 0 0 0 0 0 0 0 2 4 6 1 0 0 0 0 0 0 0 0 0 0 2 0 0 0 0 0 0 0 0 0 0 0 0 0 0 0 0 1 
 2 4 2 2 2 2 3 2 2 2 4 2 2 2 3 2 2 2 9 6 412 107 66 117 61 44 0 124 42 33 54 36 498 316 264 29 32 40 209 386 0 2 0 0 0 5 0 0 0 0 0 0 3 3 0 0 0 0 1 0 0 0 0 0 11 3 7 5 0 0 0 0 0 0 0 0 0 0 0 0 0 0 0 0 0 0 0 0 0 0 0 0 0 0 0 0 1 0 0 0 47 15 0 0 0 0 12 25 19 0 0 0 0 40 54 1 8 8 0 18 0 0 0 0 0 0 0 0 0 0 0 0 0 0 0 0 0 0 0 0 0 0 0 0 0 0 0 0 0 4 0 4 0 0 0 0 0 0 0 0 0 0 5 0 0 0 0 0 0 0 0 3 0 0 0 0 0 0 9 0 43 56 13 0 0 0 0 38 12 0 0 1 15 54 39 25 11 1 2 0 0 0 0 0 0 0 0 0 0 0 0 0 0 0 0 0 0 0 0 0 0 1 0 0 0 0 0 0 0 0 0 0 0 0 0 0 0 0 0 0 0 0 0 0 0 0 0 0 0 0 0 0 0 0 6 0 2 0 0 4 4 0 0 0 0 0 0 0 0 0 0 0 0 0 0 0 0 0 0 0 0 0 0 0 2 0 0 0 0 0 
 2 2 2 2 2 4 2 5 2 2 2 2 4 2 0 2 2 2 2 5 383 386 107 57 80 121 124 0 241 33 38 27 70 296 129 190 31 250 64 263 0 2 0 0 0 3 0 0 0 0 17 0 3 3 0 0 0 61 1 0 0 0 0 0 0 3 8 3 0 0 0 0 7 5 0 0 82 0 0 0 0 0 0 0 0 0 0 0 0 0 0 0 0 0 0 0 0 0 0 0 30 20 34 17 0 0 0 28 51 28 32 50 0 0 2 44 10 79 0 0 0 0 0 0 0 0 0 0 0 0 0 0 0 0 0 0 0 0 0 0 0 0 0 0 0 0 0 0 0 0 0 0 0 0 0 0 0 0 0 0 0 2 10 0 0 0 0 16 0 0 2 0 0 0 0 0 0 0 0 0 37 69 52 30 0 0 0 69 45 54 13 1 0 29 39 29 46 48 10 0 0 0 0 0 0 0 0 0 0 0 0 0 0 0 0 0 0 0 0 0 0 0 0 0 0 0 0 0 0 0 0 0 0 0 0 0 0 0 0 0 0 0 0 0 0 0 0 0 0 0 0 0 0 0 6 0 1 0 0 0 21 2 0 0 0 0 0 0 0 0 0 0 0 0 0 0 0 0 0 0 0 14 0 0 0 0 2 0 0 0 
 0 0 0 0 0 2 0 4 0 0 62 0 0 0 1 1 0 0 2 0 66 465 330 175 71 131 42 241 0 222 263 43 54 74 229 264 540 265 82 306 0 2 0 0 0 30 0 0 0 0 0 0 3 3 0 0 0 6 1 0 0 0 0 0 0 3 2 3 0 0 0 1 2 10 2 0 25 1 0 0 0 2 0 0 0 0 0 0 0 0 0 0 0 0 0 27 0 0 29 0 0 37 36 43 55 0 1 12 11 44 36 29 0 0 0 38 40 27 0 0 0 0 0 0 0 0 0 0 0 0 0 0 0 0 0 0 0 0 2 0 0 0 0 0 0 1 4 0 0 0 0 0 0 0 0 2 0 0 0 0 0 0 0 0 0 0 0 0 1 0 7 0 0 0 0 0 3 0 0 0 0 0 41 77 34 1 0 13 20 53 52 48 0 0 18 27 47 35 0 0 0 0 0 2 1 0 0 0 0 0 0 0 0 0 0 0 0 0 0 0 0 0 17 0 0 0 0 0 0 0 0 0 0 0 0 0 0 0 0 0 0 0 3 0 0 0 0 0 0 0 0 0 0 0 6 1 0 2 1 0 20 21 0 0 0 0 1 0 0 0 0 0 0 0 0 0 0 0 0 0 0 16 0 0 0 0 21 0 0 0 
 0 0 2 0 0 0 1 0 2 2 0 0 0 2 0 0 1 0 3 0 31 47 357 394 96 48 33 33 222 0 399 62 54 80 80 269 348 143 58 106 0 2 0 0 3 30 0 0 2 0 62 0 6 66 0 0 0 2 1 0 0 1 0 0 0 3 31 5 0 0 2 0 1 0 1 0 0 1 2 15 0 0 0 0 0 0 0 0 0 0 0 0 5 0 0 0 0 0 0 0 0 1 17 43 36 0 0 0 0 43 18 26 0 0 0 25 27 18 0 0 0 1 16 0 0 0 0 0 0 0 0 0 0 0 0 0 1 0 7 0 2 0 0 0 0 7 3 0 0 7 0 0 0 0 0 0 1 1 0 0 0 0 0 0 0 0 0 0 0 0 7 0 0 2 0 0 0 0 0 0 0 0 16 22 25 23 0 0 21 12 41 42 0 0 0 0 0 0 0 3 0 0 0 0 0 0 0 0 0 0 0 0 3 0 0 0 0 0 13 0 0 0 0 0 0 0 0 0 0 0 0 0 0 0 0 0 0 0 2 0 0 0 23 0 0 0 0 0 0 0 0 0 0 0 5 0 3 150 153 2 3 3 0 0 0 0 11 0 0 0 0 0 0 0 0 0 0 0 0 0 0 15 0 0 0 0 12 0 0 0 
 0 0 2 0 0 0 0 2 0 0 0 0 0 1 0 74 0 0 0 2 46 26 59 260 104 276 54 38 263 399 0 372 36 20 284 80 104 296 38 53 0 4 2 3 0 11 0 0 6 0 0 0 3 3 0 0 3 0 1 0 0 0 0 0 45 4 3 3 0 0 6 29 1 0 57 0 0 0 0 0 0 0 0 0 0 0 0 0 0 0 0 0 0 0 0 0 0 2 2 0 0 0 1 22 27 19 0 0 0 15 0 33 0 0 0 19 1 0 0 0 0 2 1 0 0 2 0 0 0 0 0 0 3 0 1 0 0 0 38 2 1 0 0 0 0 11 0 0 0 0 0 0 0 0 0 0 0 2 0 0 16 0 0 0 8 0 0 0 0 0 1 0 0 0 0 0 1 0 0 0 0 0 19 2 64 41 0 0 0 1 42 37 0 0 0 0 0 0 0 0 0 0 15 0 0 0 0 0 0 0 0 0 9 0 0 0 0 0 8 0 0 0 0 0 2 0 0 0 0 0 0 0 0 0 0 0 0 0 1 0 0 0 18 0 0 0 0 0 0 0 0 0 0 0 20 0 2 5 46 1 2 24 0 0 0 0 30 0 0 0 0 0 0 0 0 0 0 0 0 0 0 15 0 0 0 0 0 0 0 0 
 0 2 0 0 2 0 0 1 0 0 0 1 0 0 0 0 0 0 3 5 32 25 255 387 615 77 36 27 43 62 372 0 243 43 37 39 75 247 158 50 0 2 0 2 3 11 0 0 0 0 0 0 3 3 0 0 0 0 1 0 1 35 0 0 0 3 2 5 0 0 2 0 0 0 2 0 0 0 2 0 0 0 0 0 0 0 0 0 0 0 0 0 0 0 0 0 0 0 0 0 0 0 0 11 2 44 0 0 0 1 0 23 0 0 0 0 1 1 0 0 0 0 0 0 0 0 0 0 0 0 0 0 21 0 0 0 0 0 67 8 0 0 0 0 0 7 0 0 0 0 0 0 0 1 0 0 5 0 0 0 0 0 22 0 5 0 0 0 19 0 0 0 0 0 0 2 0 0 0 0 0 0 13 12 49 63 0 0 0 0 2 16 0 0 0 0 0 0 0 3 0 0 0 0 0 0 0 0 0 0 0 0 38 0 0 0 0 0 118 20 0 0 0 0 1 0 0 16 0 20 0 0 0 0 0 0 0 0 0 0 0 0 19 0 0 0 0 0 0 0 0 0 0 0 7 4 8 148 153 2 1 2 0 0 0 0 0 0 0 0 0 0 0 8 0 0 0 0 0 0 0 13 0 0 0 0 0 0 0 0 
 0 0 0 2 0 0 0 0 0 0 0 0 0 0 0 0 0 0 1 0 69 67 58 45 71 22 498 70 54 54 36 243 0 155 33 248 27 45 329 388 0 2 1 0 0 3 0 0 0 0 0 0 3 3 0 0 0 0 1 0 0 0 0 0 63 3 2 3 0 0 0 0 1 0 2 51 0 0 0 0 0 0 0 0 0 0 0 0 0 0 0 0 0 0 0 0 0 0 0 0 44 31 0 0 0 0 49 23 11 0 0 0 15 43 55 0 0 0 4 52 0 0 0 0 18 0 0 0 0 0 0 0 0 0 0 0 0 0 0 13 0 0 0 0 0 0 0 0 0 7 0 10 1 0 0 0 0 0 0 0 0 0 18 0 0 0 0 0 0 0 0 5 0 0 0 14 0 0 0 0 32 11 23 6 0 0 74 32 30 0 0 0 25 98 34 19 1 0 0 0 0 0 0 0 0 0 0 0 0 0 0 0 0 0 0 0 0 0 0 0 0 0 0 0 0 0 0 0 0 0 0 0 0 0 0 0 0 0 0 16 0 0 0 0 0 0 0 0 0 0 0 0 0 0 5 1 0 0 0 0 1 0 0 0 0 0 0 0 0 0 0 0 0 0 0 0 0 0 0 0 0 0 0 0 0 0 0 0 0 0 
 0 0 0 0 0 1 0 0 0 0 0 1 0 0 0 0 0 0 4 3 232 256 40 74 62 140 316 296 74 80 20 43 155 0 331 53 48 17 85 486 0 2 0 0 0 3 1 0 0 0 0 0 3 3 0 0 1 0 2 0 0 0 0 0 5 2 9 3 0 0 0 1 0 0 0 0 0 0 0 0 0 0 0 0 0 1 0 14 0 0 0 0 0 0 0 0 0 0 0 0 42 28 37 0 1 0 14 42 28 0 2 0 0 11 61 31 5 28 0 1 0 0 0 0 0 0 0 0 0 0 0 0 0 0 0 20 0 0 0 0 15 0 0 0 0 0 1 1 0 0 0 2 0 0 0 0 0 0 0 0 0 0 9 0 0 0 0 0 0 1 0 5 0 0 0 0 0 0 0 0 55 45 56 10 0 0 0 64 56 0 0 2 1 69 61 9 18 62 9 1 0 0 0 0 0 0 0 0 0 0 0 0 1 0 0 0 0 0 0 0 0 0 1 0 0 0 0 0 2 1 0 14 0 0 0 0 0 0 0 0 0 0 0 0 0 0 0 0 0 0 0 0 0 0 6 0 0 0 0 0 4 2 0 0 0 0 0 0 0 0 0 0 0 0 0 0 0 0 0 0 0 0 0 2 0 0 0 0 0 0 
 2 2 2 2 2 2 2 2 2 2 2 2 2 2 4 2 2 2 2 2 580 355 63 56 112 120 264 129 229 80 284 37 33 331 0 239 42 66 103 127 0 2 0 0 0 3 0 0 0 0 0 0 3 3 0 0 2 0 1 0 0 0 0 0 0 3 11 3 0 49 0 0 7 4 0 0 0 0 0 0 11 1 0 0 0 0 0 0 0 0 0 0 0 0 0 0 0 0 0 0 30 47 46 11 0 0 1 28 33 31 19 21 0 1 2 21 9 24 0 0 0 0 0 1 0 0 0 0 0 0 0 0 0 0 0 0 0 0 0 0 0 0 2 0 0 0 0 0 0 0 0 0 0 0 0 0 0 0 5 0 0 0 7 0 2 0 0 0 2 0 4 0 0 0 0 0 0 0 0 0 43 45 38 15 0 0 0 34 37 55 26 28 0 23 45 29 57 68 8 0 0 9 0 0 2 0 0 0 0 0 0 0 0 0 0 0 0 0 0 0 0 0 1 0 0 13 0 0 0 0 0 0 0 0 0 0 0 0 0 0 0 0 0 0 0 0 0 0 0 0 0 0 0 0 8 0 0 0 0 2 24 0 0 0 0 0 0 0 0 0 0 0 0 0 0 0 0 0 0 0 0 12 0 0 0 0 2 0 0 0 
 76 0 0 0 0 0 0 1 0 1 2 36 0 0 0 0 0 0 0 3 43 251 468 47 83 341 29 190 264 269 80 39 248 53 239 0 527 119 24 58 0 7 0 0 0 3 1 0 0 0 0 0 3 3 0 0 3 0 2 0 0 0 0 0 0 2 2 3 0 0 0 0 1 1 2 0 0 3 0 0 0 0 0 0 0 0 0 0 0 0 0 0 0 0 24 0 0 0 0 0 0 12 49 26 42 0 0 12 23 51 33 22 0 0 0 9 40 18 0 0 0 0 0 0 0 0 0 0 0 0 0 0 0 0 0 0 0 0 0 0 0 0 0 0 0 0 18 0 0 0 0 0 0 0 0 0 0 0 0 0 0 0 0 0 0 7 0 0 0 0 7 0 0 0 0 0 0 0 0 0 0 0 12 50 18 1 0 0 31 72 37 25 0 0 10 20 47 31 0 0 0 0 0 0 0 0 0 0 0 0 0 0 0 0 0 0 0 0 0 0 0 0 0 0 0 0 0 0 0 0 0 0 0 0 0 0 0 0 0 0 0 0 0 0 0 0 0 0 0 0 0 74 0 0 4 0 2 1 2 0 22 19 0 0 0 0 0 0 0 0 0 0 0 0 0 0 0 0 0 0 0 20 0 0 0 0 12 0 0 0 
 0 0 0 0 0 14 0 0 3 0 2 0 0 0 0 2 1 2 0 2 31 344 71 35 280 350 32 31 540 348 104 75 27 48 42 527 0 289 63 34 0 0 0 0 3 3 2 0 2 0 2 3 3 0 0 0 3 2 2 4 0 0 0 0 4 0 3 2 55 5 0 2 0 0 0 1 2 0 0 0 0 0 0 0 0 0 0 0 0 0 0 0 0 0 0 2 0 17 0 0 15 1 36 38 43 0 0 13 0 56 38 33 0 0 0 23 44 10 0 0 0 0 17 0 0 0 0 0 0 0 0 0 0 0 0 0 0 0 0 0 0 0 0 8 0 2 4 0 0 0 0 0 0 0 0 0 0 0 0 0 0 0 0 0 0 0 0 0 0 0 21 0 0 0 2 0 0 0 0 0 0 0 2 62 31 0 2 38 0 52 77 35 0 0 4 35 35 21 2 0 0 2 0 0 0 0 0 0 0 0 2 0 0 0 2 0 0 0 0 0 0 0 0 0 0 0 0 0 0 0 0 2 0 0 0 0 0 0 0 0 0 0 1 0 0 30 0 0 0 0 0 0 0 0 5 0 0 0 2 0 21 19 0 0 0 0 11 0 0 0 0 0 0 0 0 0 0 0 0 0 0 23 0 0 0 1 19 0 0 0 
 2 2 3 2 4 2 2 25 2 2 2 81 2 3 0 2 2 2 2 2 36 31 273 306 37 124 40 250 265 143 296 247 45 17 66 119 289 0 281 97 0 2 0 0 0 84 0 0 0 0 0 0 3 3 208 0 0 0 1 0 0 0 0 0 0 3 2 3 0 0 0 0 0 0 2 0 0 53 0 0 0 0 0 0 0 0 0 1 0 0 0 0 0 0 2 0 0 0 0 17 0 0 18 27 33 1 0 0 0 16 24 24 0 0 0 29 19 16 0 0 0 0 0 0 0 0 0 0 1 0 0 0 0 0 9 0 0 0 4 0 0 0 10 0 0 9 3 0 0 0 2 0 0 0 0 0 1 0 0 0 0 0 0 0 0 0 0 0 0 0 0 0 0 0 0 0 0 0 0 0 0 0 13 18 32 28 0 0 0 12 32 58 0 0 0 0 0 0 23 0 4 0 0 0 0 0 0 0 0 0 0 0 0 0 0 0 0 0 19 0 0 0 1 0 0 0 0 2 0 0 0 0 0 0 0 0 0 0 0 0 0 0 19 0 0 0 0 0 0 0 0 0 0 0 8 0 2 146 74 0 5 10 0 0 0 0 11 0 0 0 0 0 0 0 0 0 0 0 0 0 0 13 0 0 0 0 20 0 0 0 
 0 3 0 2 5 231 0 1 0 8 2 3 0 1 0 0 1 2 2 7 252 46 48 70 74 50 209 64 82 58 38 158 329 85 103 24 63 281 0 433 0 204 0 1 1 7 1 0 65 2 2 2 5 4 0 65 0 4 8 2 0 0 0 6 0 3 2 3 0 0 0 4 0 0 0 0 4 5 0 5 0 0 0 0 3 1 0 0 0 0 0 0 0 0 0 0 0 0 0 2 9 17 0 0 0 1 38 2 0 0 0 0 32 62 10 1 0 0 22 51 0 0 0 0 2 0 0 0 1 0 0 0 0 0 0 0 0 0 0 0 11 0 0 0 0 0 0 0 0 5 0 8 0 0 0 0 0 0 0 0 0 0 0 0 0 0 21 0 0 0 0 0 0 0 0 0 8 1 7 0 6 0 2 0 0 0 44 0 14 0 2 0 67 0 0 13 0 0 16 1 1 0 0 0 0 0 2 0 0 0 0 0 0 0 0 0 0 0 0 0 0 0 0 0 2 0 0 0 0 0 0 0 1 0 0 0 0 0 0 0 0 0 0 0 0 0 0 0 0 1 0 0 0 2 5 2 2 0 0 0 0 2 0 0 0 0 0 0 0 0 0 0 0 0 0 0 0 0 0 0 0 0 0 0 0 0 0 0 0 0 
 0 0 0 0 0 6 0 0 0 0 0 0 26 0 0 0 0 0 0 3 71 38 21 65 171 314 386 263 306 106 53 50 388 486 127 58 34 97 433 0 63 2 0 2 0 3 0 0 0 0 0 0 3 3 0 0 0 0 1 0 0 0 0 0 4 3 2 3 0 0 0 0 0 0 2 0 0 0 1 0 0 0 0 0 0 2 0 0 0 0 0 0 0 0 0 0 0 0 0 0 24 25 0 0 0 0 46 19 11 0 0 0 15 66 58 0 0 0 5 66 0 0 0 0 0 0 0 0 0 0 1 0 0 0 0 0 0 0 0 0 10 0 0 0 0 0 0 0 0 9 0 11 0 0 0 0 0 0 0 0 0 0 5 0 0 0 0 0 0 1 0 7 0 0 0 0 0 19 0 0 64 8 20 0 0 0 33 36 48 0 0 0 15 39 23 18 3 0 0 1 0 0 0 0 0 0 0 0 0 0 0 0 0 0 0 0 0 0 0 0 0 0 0 0 0 0 0 0 2 0 0 11 0 0 0 0 0 0 0 0 0 0 0 0 0 0 0 0 0 1 0 0 0 0 3 0 4 1 0 4 3 2 0 0 0 0 2 0 0 0 0 0 0 0 1 0 0 0 0 0 0 0 0 2 0 0 0 0 0 0 
 0 0 0 0 1 0 0 0 0 68 1 1 0 1 3 2 1 0 0 0 0 6 2 62 0 0 0 0 0 0 0 0 0 0 0 0 0 0 0 63 0 486 66 60 29 26 311 427 318 30 245 39 37 105 321 27 23 20 54 123 7 36 0 0 0 0 0 3 0 0 0 0 0 7 6 0 2 0 0 0 0 0 0 0 3 0 0 0 0 0 0 0 0 0 0 0 0 0 6 0 0 0 0 0 0 0 0 0 0 0 0 0 0 0 0 0 0 0 0 0 13 55 16 1 0 0 0 19 50 15 6 0 0 0 11 20 43 9 0 11 6 7 3 0 0 0 0 27 6 24 0 0 0 1 12 9 17 0 0 36 0 0 0 0 0 0 0 0 0 0 0 0 1 0 0 0 0 0 0 0 0 0 0 0 0 0 0 0 0 0 0 0 0 0 0 0 0 0 0 0 0 31 41 0 0 0 0 28 0 0 0 0 0 31 12 16 7 11 0 0 1 8 6 0 0 0 0 5 0 7 1 0 0 4 1 6 0 7 0 0 0 0 0 0 0 0 3 0 0 0 0 7 0 3 0 0 0 0 0 1 0 0 1 0 0 0 4 0 2 0 0 0 0 0 0 0 0 0 0 0 0 0 0 0 0 12 2 1 2 0 
 0 2 0 0 0 0 0 3 0 0 5 0 0 0 0 0 0 0 0 2 4 2 2 5 4 2 2 2 2 2 4 2 2 2 2 7 0 2 204 2 486 0 400 89 95 488 82 315 305 51 60 12 258 73 306 289 242 57 77 46 8 0 0 0 0 52 7 0 0 1 0 0 2 0 1 47 0 0 0 0 0 0 0 0 0 0 0 0 0 0 0 0 0 0 0 17 0 0 0 0 0 0 0 0 0 0 0 0 0 0 0 0 0 4 0 0 0 0 0 0 0 42 25 15 3 0 0 14 24 30 1 0 0 0 1 14 15 72 0 1 1 0 0 0 0 0 4 0 0 0 1 0 17 0 0 11 0 0 3 0 0 0 0 12 0 0 0 0 0 0 0 0 7 10 0 1 0 0 0 0 0 0 0 0 0 0 0 0 0 0 5 0 0 0 0 0 0 0 0 0 0 36 30 10 0 4 0 26 37 28 37 1 0 0 1 42 37 27 0 0 0 0 0 0 0 0 0 0 0 0 0 0 4 0 1 0 0 0 1 1 0 0 16 0 0 0 0 0 0 0 0 2 0 0 0 0 0 0 0 6 0 0 2 0 2 0 4 0 1 0 13 0 0 0 0 0 0 0 0 0 0 0 0 0 1 2 0 0 2 0 
 0 2 0 0 63 61 0 3 0 0 0 0 1 0 0 0 0 0 0 0 1 0 0 0 0 0 0 0 0 0 2 0 1 0 0 0 0 0 0 0 66 400 0 96 38 42 356 100 119 310 62 37 71 277 42 218 143 569 32 48 28 0 0 13 0 2 0 0 0 0 0 5 0 0 0 2 0 1 0 52 0 0 0 0 0 2 0 0 0 0 0 0 0 0 0 0 6 0 0 0 0 0 0 0 0 0 0 0 0 0 0 0 0 0 0 0 0 0 0 0 1 24 54 20 24 7 0 21 10 30 27 21 0 0 1 13 14 20 0 0 0 0 0 22 0 0 0 0 0 0 0 0 0 0 0 0 0 0 26 0 0 0 0 2 0 0 0 0 0 0 0 0 35 0 0 0 0 0 0 0 0 0 0 0 3 0 0 0 0 0 0 0 0 0 0 0 0 0 0 0 0 2 13 25 8 0 0 1 29 39 62 17 0 1 0 26 26 25 0 0 0 0 0 0 0 0 1 0 0 0 0 0 0 0 0 0 0 0 0 0 0 0 13 0 0 0 0 0 0 0 0 0 0 0 0 0 0 0 0 9 0 0 5 1 0 9 1 1 0 0 20 0 0 0 0 0 0 0 0 0 0 0 0 0 23 7 0 0 1 5 
 3 6 3 3 3 3 3 3 3 3 3 3 5 3 0 64 3 3 3 6 3 3 2 0 0 0 0 0 0 0 3 2 0 0 0 0 0 0 1 2 60 89 96 0 121 32 80 95 94 347 125 249 64 66 29 58 111 265 286 60 0 4 0 1 0 5 3 0 0 3 0 2 0 0 0 0 0 3 0 0 0 0 0 0 0 0 0 0 0 0 0 10 0 0 0 0 0 0 0 0 0 0 0 10 0 16 0 0 0 0 0 0 0 0 0 0 0 0 0 0 0 0 0 25 64 9 0 0 0 0 27 38 0 0 0 0 10 0 0 0 0 0 6 0 0 0 5 2 0 0 0 0 30 0 0 0 0 0 13 8 10 0 0 3 0 0 6 0 28 0 0 0 0 0 0 12 0 3 0 0 0 0 0 0 0 0 0 0 0 0 0 0 0 0 0 0 0 0 0 0 0 0 5 12 21 35 0 0 0 12 10 32 0 0 0 0 0 0 0 0 0 0 0 0 0 0 8 0 0 0 12 0 15 0 0 0 0 0 39 14 0 0 0 0 0 0 0 0 0 0 0 5 0 0 0 0 0 0 0 13 10 0 31 33 2 10 0 7 2 0 0 0 0 0 0 0 0 0 0 0 0 0 0 0 10 8 0 0 1 0 
 0 0 0 3 0 47 0 0 0 0 0 0 0 0 0 0 0 0 3 0 0 0 0 0 0 0 0 0 0 3 0 3 0 0 0 0 3 0 1 0 29 95 38 121 0 255 69 287 77 88 91 251 334 72 46 297 42 34 73 89 0 0 0 14 0 9 0 211 0 0 0 0 0 0 0 4 0 3 0 0 0 0 0 0 0 0 0 0 0 0 0 0 0 0 0 0 0 0 0 0 0 0 0 0 0 0 0 0 0 0 0 16 0 0 0 0 0 0 0 0 0 0 3 0 11 17 0 5 9 0 8 2 0 0 0 8 5 2 0 0 0 0 18 0 0 0 10 0 0 0 0 0 20 0 10 3 0 2 0 13 4 0 2 0 0 0 4 0 0 0 0 0 0 4 0 0 0 0 9 0 0 0 0 0 0 0 0 0 0 0 0 0 0 0 0 0 0 0 0 0 0 1 0 7 13 37 0 0 0 0 9 10 0 1 0 9 5 10 0 0 21 0 0 0 0 10 25 0 0 0 0 0 16 0 0 0 0 0 19 44 0 0 0 0 0 0 0 0 0 0 0 5 0 0 0 0 0 0 0 2 0 0 1 1 2 2 0 1 0 0 0 0 0 0 0 0 0 0 0 0 0 0 11 0 8 0 0 0 1 0 
 1 0 0 2 0 0 0 3 0 0 59 0 0 6 0 0 0 0 3 3 5 3 3 7 12 3 5 3 30 30 11 11 3 3 3 3 3 84 7 3 26 488 42 32 255 0 286 33 270 54 87 116 238 249 38 75 293 268 265 68 1 0 0 50 0 10 0 0 0 0 0 0 3 0 3 8 49 7 110 0 0 0 0 0 0 0 0 0 0 0 0 0 0 0 0 0 0 0 0 0 0 11 0 0 6 0 0 0 0 0 0 0 0 0 0 7 0 0 0 0 0 0 0 0 0 51 0 0 0 0 26 0 4 0 0 0 0 0 13 5 7 0 3 0 0 0 14 0 0 0 0 35 0 16 26 0 0 12 0 21 14 0 0 0 0 0 4 0 0 0 6 12 0 6 0 0 0 0 0 0 0 0 6 0 4 5 0 0 0 0 0 4 0 0 0 0 0 0 0 0 0 0 0 0 0 9 0 0 0 0 0 0 4 0 0 0 0 0 2 4 12 26 5 0 0 0 45 21 0 0 0 0 19 21 0 0 0 0 14 28 0 0 19 0 0 0 0 0 0 0 0 2 0 0 0 0 0 2 4 0 0 0 1 0 0 0 1 0 1 0 0 0 0 0 0 0 0 0 0 0 0 6 0 0 0 0 0 0 0 0 
 0 0 0 0 0 0 0 0 0 0 0 0 0 0 0 0 0 0 0 0 0 0 0 2 1 0 0 0 0 0 0 0 0 1 0 1 2 0 1 0 311 82 356 80 69 286 0 90 487 44 28 36 385 337 43 37 30 43 289 283 0 0 0 0 0 0 0 0 0 0 0 0 0 0 62 0 4 0 0 0 0 0 0 0 0 0 0 0 0 0 0 0 0 0 0 0 0 0 0 8 0 0 0 0 0 0 0 0 0 0 0 0 0 0 0 0 0 0 0 0 74 2 8 0 0 0 23 0 12 18 34 0 17 18 25 27 56 0 0 9 3 0 0 0 0 0 0 0 0 0 0 0 0 0 0 0 0 0 0 5 0 0 0 0 0 0 1 0 0 0 0 0 7 0 0 1 0 1 0 0 0 11 0 0 0 0 0 0 0 0 0 0 0 0 0 0 0 0 0 0 33 21 16 0 0 0 25 19 0 0 0 0 0 63 28 6 0 10 0 0 0 0 0 0 0 0 0 0 0 0 0 0 0 0 7 0 0 0 0 0 0 0 0 0 8 7 0 0 0 0 0 11 0 0 0 0 0 0 0 0 0 0 0 0 0 2 0 0 0 0 0 0 0 0 0 0 0 0 0 0 0 0 0 0 0 0 0 0 1 0 
 38 4 3 4 2 3 67 65 3 4 5 5 3 39 64 3 4 5 3 7 0 0 2 0 0 0 0 0 0 0 0 0 0 0 0 0 0 0 0 0 427 315 100 95 287 33 90 0 80 33 22 235 93 273 128 339 196 49 65 56 22 0 0 3 32 0 0 0 52 1 2 2 1 0 0 0 3 3 2 0 20 0 1 0 2 0 10 14 0 0 15 0 0 0 0 17 2 0 0 0 0 0 0 0 0 0 0 0 0 0 0 0 0 0 0 0 0 0 0 0 0 29 35 0 0 1 0 0 28 22 10 0 0 0 25 11 39 16 0 0 2 0 0 0 3 0 18 0 0 0 0 0 9 0 0 0 0 0 2 5 14 11 0 1 0 0 0 7 22 0 0 0 8 0 4 20 20 0 0 0 0 0 0 0 0 0 0 0 0 0 0 0 0 0 0 0 0 0 0 0 0 3 0 0 0 0 0 29 18 10 3 1 0 30 10 87 22 20 0 0 4 0 0 4 0 0 4 0 0 0 0 0 11 2 5 0 0 0 7 4 0 0 1 0 0 0 1 0 0 0 0 2 0 0 0 0 0 0 0 0 0 0 1 0 1 3 0 0 2 0 0 0 1 0 0 1 0 0 0 0 0 0 0 0 0 8 0 0 1 0 
 0 3 0 0 0 0 0 0 0 0 0 0 0 0 0 0 0 0 0 3 3 0 3 2 0 0 0 0 0 2 6 0 0 0 0 0 2 0 65 0 318 305 119 94 77 270 487 80 0 301 50 43 92 107 56 199 99 231 84 93 7 0 0 1 0 0 0 0 0 3 0 3 0 0 0 0 0 1 0 1 0 0 0 0 0 0 0 0 0 0 0 0 0 0 0 0 0 0 0 0 0 0 0 0 0 0 0 0 0 0 0 0 0 0 0 0 0 0 0 0 0 26 21 20 25 7 0 0 11 40 20 36 0 3 0 14 15 19 0 0 0 0 0 0 0 0 0 0 0 0 0 0 0 0 0 0 0 0 23 0 0 0 0 29 5 0 0 0 0 0 0 0 4 0 0 0 0 0 0 0 0 0 0 0 0 0 0 0 0 0 0 0 0 0 0 0 0 15 0 0 0 5 12 4 10 0 0 0 45 26 45 16 0 0 0 28 40 25 0 0 0 0 0 0 0 0 1 0 0 0 0 0 0 0 0 0 0 0 1 0 0 0 14 0 0 0 0 0 0 0 0 0 0 2 0 0 0 0 0 11 0 0 3 1 0 9 0 1 2 0 24 0 0 0 0 0 0 0 0 0 0 0 0 0 21 8 0 0 1 0 
 64 64 0 0 0 0 0 2 0 0 0 0 0 0 0 0 0 0 0 0 0 0 0 0 0 0 0 0 0 0 0 0 0 0 0 0 0 0 2 0 30 51 310 347 88 54 44 33 301 0 337 48 62 84 66 272 259 289 102 260 0 0 0 0 3 7 0 207 0 2 3 6 0 0 0 0 1 2 0 0 0 0 0 0 0 0 0 0 0 0 0 0 0 0 0 0 0 0 0 0 0 0 0 0 0 0 9 0 0 0 0 0 0 0 0 0 0 0 0 0 0 0 20 24 29 7 0 0 0 25 24 56 0 0 0 13 0 18 0 0 0 0 0 0 0 0 0 0 0 0 0 0 1 0 0 16 0 0 10 12 0 0 0 6 0 0 0 0 0 0 0 0 0 0 0 6 0 0 0 0 7 0 0 0 2 0 0 0 0 0 1 0 0 0 0 0 0 0 0 0 0 0 11 19 15 1 0 0 2 21 26 10 0 0 0 0 3 0 0 0 0 0 0 0 10 0 0 0 0 0 0 1 1 0 0 21 0 0 23 1 0 0 10 0 0 0 1 0 0 0 0 2 0 0 0 0 0 0 0 23 0 0 63 64 0 6 2 64 0 0 23 0 0 0 0 0 0 0 0 0 0 0 0 0 20 15 0 0 2 0 
 0 0 0 3 0 0 3 0 0 0 0 0 0 2 2 0 0 0 0 2 0 0 0 0 1 0 0 17 0 62 0 0 0 0 0 0 2 0 2 0 245 60 62 125 91 87 28 22 50 337 0 239 33 43 42 92 146 296 97 64 0 0 0 1 0 10 4 0 0 3 4 5 0 3 3 0 3 8 0 0 0 0 0 0 0 0 0 0 0 0 10 0 0 7 0 0 0 0 0 0 0 0 0 0 0 0 0 0 0 0 0 0 0 0 0 0 0 7 0 0 0 0 10 26 44 11 0 0 0 0 35 34 0 7 0 0 0 0 0 0 0 0 5 0 0 0 0 0 0 51 0 0 27 0 0 0 0 0 23 10 0 2 0 3 0 0 5 0 2 0 0 0 0 0 0 8 0 0 0 0 0 0 0 0 0 0 0 0 0 0 0 0 1 0 0 15 0 19 0 0 0 0 0 7 32 38 0 12 1 9 32 31 0 0 0 0 0 0 0 0 0 0 0 0 0 0 16 0 0 0 0 0 18 0 0 0 0 0 32 10 0 0 0 0 0 0 0 0 0 0 0 0 2 0 0 0 0 1 0 12 0 0 38 34 0 73 2 30 0 0 0 0 0 0 0 0 0 0 0 0 0 0 0 0 18 10 0 0 1 0 
 2 3 2 7 2 2 3 2 2 2 2 2 3 2 0 2 2 2 2 2 0 0 0 0 0 0 0 0 0 0 0 0 0 0 0 0 3 0 2 0 39 12 37 249 251 116 36 235 43 48 239 0 239 43 44 41 82 64 50 23 0 7 4 53 7 11 0 16 22 4 0 0 0 0 4 10 16 9 1 0 0 0 0 0 0 0 0 0 0 0 0 0 0 0 0 11 6 0 0 0 0 0 0 0 0 0 0 0 0 0 0 0 0 0 0 0 0 0 0 0 0 0 0 12 19 21 0 0 0 0 0 22 0 0 0 0 0 1 0 0 0 0 13 7 0 5 0 0 0 0 4 8 32 0 0 1 0 8 6 6 0 0 0 1 0 0 4 0 0 0 0 0 0 2 0 1 0 0 0 0 0 0 0 0 0 0 0 0 0 0 0 0 0 0 0 8 0 0 0 0 0 0 0 12 16 36 0 0 0 0 1 13 0 0 0 0 0 0 0 0 7 0 0 4 4 3 15 0 5 2 6 0 15 0 0 0 2 1 33 45 0 0 0 0 0 0 0 0 0 0 0 6 0 0 0 0 0 0 0 2 0 20 62 64 0 1 14 68 0 0 4 0 0 0 0 0 0 0 0 0 0 0 0 0 0 0 0 0 2 0 
 3 2 3 3 3 3 2 5 3 3 3 3 2 3 2 3 3 3 3 6 3 3 3 3 3 5 3 3 3 6 3 3 3 3 3 3 3 3 5 3 37 258 71 64 334 238 385 93 92 62 33 239 0 306 252 35 271 34 409 268 0 0 0 0 0 0 0 0 0 0 0 0 0 0 2 0 8 0 0 0 0 0 0 0 0 0 0 0 0 0 0 0 0 0 0 0 0 0 0 0 0 0 0 0 0 0 0 0 0 0 0 0 0 0 0 0 0 0 0 0 23 0 7 0 0 0 28 42 0 0 0 0 9 28 20 16 0 8 0 39 0 0 0 0 0 0 0 0 0 0 0 0 0 0 0 0 0 0 0 2 0 0 0 0 0 0 0 0 0 0 0 0 0 0 0 0 0 0 0 0 0 0 0 0 0 0 0 0 0 0 0 0 0 16 0 0 0 0 0 0 31 52 9 0 0 0 34 16 0 9 0 0 18 11 22 0 0 0 0 14 0 7 6 0 0 0 0 0 0 0 0 0 0 0 20 0 0 0 5 0 0 0 0 0 0 0 0 0 0 0 0 6 0 0 0 0 0 0 0 0 0 0 0 0 0 1 0 2 1 0 0 0 0 0 0 0 0 0 0 0 0 0 0 0 0 0 0 0 2 0 
 0 0 0 0 0 0 0 0 0 0 0 0 0 0 0 0 0 0 0 0 44 3 3 3 3 6 3 3 3 66 3 3 3 3 3 3 0 3 4 3 105 73 277 66 72 249 337 273 107 84 43 43 306 0 347 51 261 262 101 247 5 7 9 0 0 0 56 1 3 3 0 7 0 0 1 5 7 4 0 0 0 0 0 0 0 0 0 0 0 0 0 0 0 0 0 0 0 0 0 0 0 0 0 0 0 0 0 0 0 0 0 0 0 0 0 0 0 0 0 0 8 17 21 0 0 0 0 19 18 2 7 0 0 0 11 27 19 11 0 13 7 0 1 4 0 8 0 0 0 0 7 4 0 0 0 3 1 7 0 3 0 0 0 0 0 0 0 0 0 0 0 0 0 0 0 0 0 0 0 0 0 0 0 0 0 0 0 0 0 0 0 0 0 0 0 0 0 0 0 0 0 43 28 0 0 0 3 34 0 0 0 0 0 17 2 15 6 3 0 1 0 0 0 5 3 11 0 0 7 3 16 0 0 0 13 0 7 5 0 0 0 0 0 0 0 0 0 0 0 0 0 6 0 0 0 0 0 0 0 0 0 0 2 0 0 1 9 0 0 0 5 0 0 0 0 0 0 0 0 0 0 0 0 0 0 0 0 0 2 0 
 0 0 0 0 49 0 0 53 0 0 0 0 0 0 0 0 0 0 0 0 0 0 0 63 0 0 0 0 0 0 0 0 0 0 0 0 0 208 0 0 321 306 42 29 46 38 43 128 56 66 42 44 252 347 0 180 38 59 56 134 6 0 0 0 0 0 0 39 0 0 0 0 0 0 1 0 0 0 0 0 0 0 0 0 0 0 0 0 0 0 0 0 0 0 0 0 0 0 11 0 0 0 0 0 0 0 0 0 0 0 0 0 0 0 0 0 0 0 34 0 2 45 11 7 0 0 0 20 69 22 19 0 0 0 8 9 42 21 0 1 6 0 0 0 0 0 0 0 0 0 0 0 0 0 0 0 0 0 0 0 0 0 0 3 0 0 0 0 0 0 0 0 5 0 0 0 0 0 0 0 0 0 0 0 0 0 0 0 0 0 0 0 0 0 0 0 0 0 0 0 0 20 23 3 0 0 0 20 55 20 3 1 0 20 44 55 31 37 0 0 0 0 0 0 0 0 0 0 0 0 0 0 0 0 0 0 0 0 9 0 0 0 1 0 0 0 0 0 0 0 0 3 0 0 0 0 0 0 0 0 0 0 4 0 0 0 1 0 0 0 0 0 0 0 0 0 0 0 0 0 0 0 0 0 0 25 0 0 1 0 
 0 0 0 0 0 0 0 2 0 0 2 0 0 0 0 0 0 0 0 0 0 0 0 0 0 0 0 0 0 0 0 0 0 0 0 0 0 0 65 0 27 289 218 58 297 75 37 339 199 272 92 41 35 51 180 0 275 285 34 55 7 0 0 0 204 0 0 1 0 6 0 3 0 0 0 44 0 2 2 0 0 0 0 0 0 0 0 0 0 0 0 0 0 0 0 0 8 0 0 0 0 0 0 0 0 0 0 0 0 0 0 0 0 0 0 0 0 0 0 0 0 18 16 14 19 0 0 0 14 28 17 28 0 0 0 10 16 24 0 0 2 0 0 0 0 0 13 14 0 0 0 0 15 0 0 0 0 0 27 3 6 0 0 10 0 0 0 0 0 0 1 0 4 0 0 0 0 0 0 0 0 0 0 0 0 0 0 0 0 0 0 0 0 0 0 0 0 0 0 0 0 18 12 14 8 0 0 10 35 24 56 9 0 1 7 36 36 25 0 0 0 0 0 0 0 0 4 0 0 0 0 0 10 0 0 0 0 0 9 5 0 0 14 0 0 0 0 0 0 0 0 0 0 0 0 0 0 0 0 9 0 0 1 0 1 2 4 1 0 0 6 0 0 0 0 0 0 0 0 0 0 0 0 0 14 8 0 0 1 0 
 0 0 0 3 0 0 0 0 0 0 1 0 0 0 0 0 0 0 0 0 0 0 3 0 0 0 0 0 0 0 3 0 0 1 2 3 3 0 0 0 23 242 143 111 42 293 30 196 99 259 146 82 271 261 38 275 0 280 43 56 3 0 0 1 9 5 3 0 0 0 0 38 0 0 0 0 0 0 0 0 13 0 0 0 0 0 0 0 0 0 0 0 0 0 0 0 0 0 0 0 0 0 10 0 0 0 0 0 0 0 0 0 0 0 0 0 0 0 0 0 0 26 20 18 49 7 17 14 38 23 19 31 0 0 0 11 11 15 0 0 0 0 0 0 9 0 0 0 0 0 0 0 0 0 0 0 0 0 11 0 0 0 0 5 0 0 0 0 0 0 0 0 10 0 0 0 0 0 0 0 0 0 0 0 0 0 0 0 0 0 0 0 0 0 0 0 0 0 0 0 0 1 24 2 7 0 0 0 36 59 23 16 0 0 0 22 17 18 0 0 0 0 0 0 0 0 0 0 0 0 0 0 0 0 6 0 0 0 0 1 0 0 7 0 0 0 0 0 0 0 0 3 0 0 0 0 0 0 0 25 0 0 0 0 2 10 1 0 0 0 22 0 0 0 0 0 0 0 0 0 0 0 0 0 20 39 0 0 2 0 
 0 0 0 3 0 1 3 4 0 0 1 0 0 0 0 0 0 0 0 2 2 0 0 0 0 0 0 61 6 2 0 0 0 0 0 0 2 0 4 0 20 57 569 265 34 268 43 49 231 289 296 64 34 262 59 285 280 0 47 27 52 2 8 0 0 0 0 0 3 8 0 6 0 1 0 32 5 7 0 0 0 0 0 8 0 0 0 0 0 0 0 0 0 0 0 0 0 0 0 0 0 12 0 0 0 0 0 0 0 0 0 0 0 0 0 0 0 0 0 0 0 0 21 45 33 2 0 0 0 33 24 66 0 0 0 8 0 30 0 0 0 0 5 15 0 4 0 16 5 0 6 4 0 0 0 0 0 4 12 7 0 0 0 6 0 0 0 0 0 0 0 0 0 0 0 4 0 0 0 0 0 0 0 0 0 0 0 0 0 0 0 0 0 0 0 0 0 0 0 0 0 0 11 37 22 0 0 0 8 14 33 5 0 0 0 1 17 4 0 0 0 0 0 10 9 5 0 0 8 0 4 0 3 0 0 0 3 0 22 1 0 0 41 0 0 0 0 0 0 0 0 2 0 0 0 0 0 0 0 24 0 0 65 77 0 12 10 64 0 0 55 0 0 0 0 0 0 0 0 0 0 0 0 0 21 16 0 0 2 0 
 0 0 0 0 7 0 0 0 0 0 0 0 0 0 0 0 0 0 0 6 4 1 3 1 5 128 1 1 1 1 1 1 1 2 1 2 2 1 8 1 54 77 32 286 73 265 289 65 84 102 97 50 409 101 56 34 43 47 0 227 0 0 4 0 0 0 0 0 0 0 0 0 0 60 1 0 4 0 0 0 0 0 0 0 0 0 0 0 0 0 10 0 0 17 0 0 0 0 0 0 0 0 0 0 0 5 0 0 0 0 0 0 0 0 0 0 0 14 0 0 25 0 1 0 0 0 29 42 0 0 0 0 19 51 29 0 15 0 13 18 0 0 0 0 0 0 0 0 0 0 0 0 0 0 0 0 0 0 0 0 0 0 0 0 0 0 0 0 0 0 0 0 0 0 0 0 0 0 0 0 0 0 0 0 0 8 0 0 0 0 0 0 0 0 0 0 0 0 0 0 36 0 0 0 0 0 61 6 0 0 12 0 26 31 63 0 0 1 0 46 0 0 12 0 0 0 0 0 0 0 0 0 0 0 9 0 0 0 0 0 0 0 0 0 0 0 0 0 0 0 0 3 0 0 0 0 0 0 0 0 0 0 2 0 0 4 3 0 0 0 0 0 0 0 0 0 0 0 0 0 0 0 0 0 0 0 0 0 1 0 
 0 0 0 63 0 0 0 0 0 0 0 0 0 0 0 0 63 0 0 0 2 6 0 3 0 2 0 0 0 0 0 0 0 0 0 0 4 0 2 0 123 46 48 60 89 68 283 56 93 260 64 23 268 247 134 55 56 27 227 0 0 0 0 0 2 6 4 0 3 0 1 2 0 0 0 0 5 3 0 4 0 0 0 0 0 0 0 0 0 0 0 0 0 0 0 0 0 0 0 0 0 0 0 0 11 0 0 10 0 0 0 0 0 0 0 0 0 0 0 17 37 0 10 0 0 0 83 14 0 0 9 0 11 33 26 34 0 0 0 22 0 0 0 0 5 0 0 0 9 0 0 0 0 0 0 0 0 0 0 2 0 0 0 1 0 0 0 0 0 0 0 0 0 0 0 0 0 0 0 0 10 0 0 0 0 7 3 0 0 0 0 0 0 0 0 0 0 0 0 0 25 5 24 0 0 0 27 15 0 0 0 0 15 27 27 0 0 0 0 0 0 0 0 0 0 0 0 0 0 0 0 0 0 0 3 5 0 0 0 0 0 0 0 0 0 0 0 0 2 0 0 0 0 0 0 2 0 0 0 0 2 0 0 0 0 4 0 0 0 0 0 0 0 0 2 0 0 0 0 0 0 0 0 0 0 0 0 0 1 10 
 3 1 3 3 3 2 2 3 3 3 3 3 2 3 0 3 3 3 5 36 0 0 0 0 0 0 0 0 0 0 0 1 0 0 0 0 0 0 0 0 7 8 28 0 0 1 0 22 7 0 0 0 0 5 6 7 3 52 0 0 0 322 75 55 46 32 226 516 59 42 36 33 64 340 625 45 37 30 260 50 0 0 0 0 0 0 0 0 0 0 0 0 0 0 0 0 0 0 0 0 0 0 0 0 0 0 0 0 0 0 0 0 0 0 0 0 0 0 0 0 0 6 2 2 0 1 1 0 6 41 1 3 0 1 23 4 26 9 2 6 10 62 31 21 0 0 0 10 13 16 0 0 0 0 21 18 7 1 1 0 0 0 0 0 0 5 0 0 0 0 0 8 0 0 0 0 0 0 0 0 0 0 0 0 0 0 0 0 0 0 0 0 0 0 0 0 0 0 0 0 0 0 3 0 0 0 0 21 13 6 1 0 0 3 0 45 12 8 0 0 1 19 15 12 0 0 0 33 8 23 32 0 0 3 19 15 2 28 0 0 8 0 11 0 0 0 0 0 0 1 0 0 0 0 6 0 0 5 0 0 1 0 0 0 0 0 0 0 0 0 2 0 0 2 0 26 0 0 0 0 0 0 0 1 0 9 0 0 0 0 
 0 0 0 0 0 0 2 0 0 68 0 0 0 0 2 0 0 0 2 0 0 2 1 0 0 0 0 0 0 1 0 35 0 0 0 0 0 0 0 0 36 0 0 4 0 0 0 0 0 0 0 7 0 7 0 0 0 2 0 0 322 0 337 51 38 31 57 255 241 45 30 37 55 56 215 229 176 51 278 64 0 0 0 0 0 0 0 0 0 0 0 0 0 0 0 0 0 0 0 0 0 0 0 0 0 0 0 0 0 0 0 0 0 0 0 0 0 0 0 0 0 0 0 0 0 0 0 0 0 0 0 0 0 0 9 0 0 0 0 0 0 4 19 18 1 11 0 0 16 17 27 14 0 0 3 17 20 20 0 0 0 0 0 0 0 0 24 0 0 0 0 0 0 0 0 0 0 0 0 0 0 0 0 0 0 0 0 0 0 0 0 0 0 0 0 0 20 0 0 0 0 0 0 0 0 0 0 0 0 0 0 0 0 0 0 0 0 7 0 0 0 13 30 37 0 10 0 0 32 29 25 2 0 0 12 27 12 34 0 0 8 0 0 0 0 0 0 0 0 0 0 0 0 0 3 0 0 0 0 0 0 0 0 0 0 0 10 0 0 0 22 2 0 25 0 2 0 0 0 0 0 0 0 0 0 1 0 10 0 0 
