 0 127 115 59 295 41 667 467 272 39 55 34 56 142 309 28 242 40 140 58 0 0 2 0 0 0 1 2 2 0 0 0 0 1 0 0 203 3 0 0 0 0 17 1 0 3 0 3 0 0 0 0 0 0 2 3 0 0 0 0 0 0 0 2 0 0 0 0 0 0 1 3 0 0 1 0 0 0 0 2 24 26 24 0 0 0 42 61 90 11 0 0 21 49 51 32 42 0 0 1 0 0 0 19 0 0 0 1 1 0 0 0 0 0 0 0 0 0 0 0 0 0 0 0 0 0 0 0 0 0 0 0 0 0 0 0 0 0 0 0 2 0 0 0 5 0 0 0 0 0 0 0 0 0 0 0 0 0 0 0 20 25 42 0 0 0 11 50 10 1 0 0 0 33 42 55 33 9 1 17 0 0 0 0 0 0 0 0 1 0 0 0 0 0 0 0 2 0 0 0 0 0 0 0 0 0 0 0 2 0 0 0 0 0 0 0 0 0 0 0 0 0 0 0 0 0 0 0 0 0 0 0 0 0 0 0 0 0 0 0 0 0 0 0 0 4 1 0 0 0 0 15 0 0 0 0 0 0 0 0 0 0 0 37 0 0 0 0 0 0 0 0 0 0 0 7 0 0 0 0 0 0 0 0 0 0 0 0 0 0 
 127 0 455 117 146 29 308 657 410 49 40 64 79 72 352 302 301 142 46 62 0 0 2 0 0 0 0 3 0 0 0 3 0 0 0 0 0 2 77 0 0 0 10 0 0 0 0 69 0 0 0 0 0 0 2 3 0 0 0 0 0 32 0 2 0 0 0 0 0 0 2 3 33 0 0 0 0 0 0 3 16 45 49 35 0 10 0 30 6 20 30 19 0 21 6 38 42 56 0 0 0 0 0 0 0 0 0 0 0 0 0 0 0 0 0 8 0 0 0 0 0 0 0 0 0 0 0 0 0 0 0 0 0 0 0 0 2 0 0 0 0 0 0 0 3 0 2 0 0 0 0 10 0 0 0 2 2 0 0 0 0 36 43 21 0 0 0 37 40 31 38 0 0 7 31 24 41 25 0 0 0 0 0 0 0 1 0 0 0 0 0 0 0 0 0 0 0 0 0 2 0 0 0 0 0 2 0 0 0 0 0 0 0 0 0 0 0 0 0 0 0 0 0 0 0 0 0 0 0 0 0 0 0 0 0 0 0 0 0 0 0 8 0 0 0 1 3 0 2 0 1 9 0 2 0 0 0 0 1 0 1 0 4 0 0 0 0 0 0 0 0 0 2 0 0 37 7 0 0 0 0 0 0 0 0 0 0 0 0 0 
 115 455 0 413 212 45 289 96 299 620 45 257 78 27 170 193 299 314 31 42 0 0 2 0 0 7 0 3 0 0 1 0 1 0 3 7 4 35 3 0 1 0 64 0 0 2 0 5 0 0 7 0 0 0 2 3 0 3 2 0 0 43 0 2 2 0 0 0 1 3 2 3 0 0 0 0 0 0 0 5 0 23 65 48 14 4 0 1 6 32 29 0 0 0 6 15 9 27 0 0 0 0 0 0 0 0 0 0 0 0 21 0 0 0 0 0 19 0 0 2 2 1 0 0 0 0 0 0 0 0 0 2 0 1 0 0 0 0 0 0 0 19 0 0 0 0 0 0 0 0 0 0 0 0 0 0 14 20 0 0 0 39 10 34 0 0 0 2 18 41 42 70 0 0 14 31 11 29 0 0 0 0 0 0 0 0 0 2 0 1 0 0 0 0 0 0 0 0 0 0 0 2 0 0 0 0 0 0 0 0 0 0 0 0 0 0 0 2 0 0 0 0 0 0 0 0 0 0 0 0 0 0 1 0 0 0 0 0 0 0 0 12 0 0 2 0 5 0 0 3 0 15 0 0 0 0 0 0 0 0 0 0 1 0 0 0 0 0 0 0 0 0 0 0 0 25 6 1 0 0 0 0 0 0 0 0 0 0 0 2 
 59 117 413 0 84 79 83 155 195 352 132 333 276 288 144 162 347 228 58 73 0 0 2 0 0 0 0 3 0 0 0 0 0 0 0 0 0 0 0 1 0 0 3 0 0 0 0 3 0 0 0 0 0 0 2 3 0 0 0 0 0 0 0 3 0 0 0 0 0 0 3 3 0 0 0 0 0 0 0 3 0 15 19 7 47 10 0 16 0 9 29 11 0 1 0 62 7 94 0 0 0 0 0 0 13 0 0 1 0 0 0 0 16 0 0 0 0 0 24 7 0 7 0 0 0 0 0 0 0 0 0 0 0 0 0 0 0 0 0 0 0 0 0 0 0 0 0 0 0 0 0 0 0 0 0 0 0 0 0 0 1 14 22 10 22 7 0 17 14 0 18 60 0 0 12 15 1 60 0 0 0 0 0 0 14 0 0 0 0 11 0 0 0 0 0 0 0 0 13 13 0 0 0 0 0 0 0 0 0 0 0 0 0 0 0 0 0 0 12 0 0 0 0 0 0 0 0 0 0 0 0 0 0 0 0 0 0 0 0 0 0 0 0 0 0 2 54 0 1 5 1 6 0 0 0 0 0 0 0 0 0 0 7 0 0 0 0 0 0 0 0 0 0 0 0 16 0 14 0 0 0 0 0 0 0 0 0 0 0 0 
 295 146 212 84 0 345 274 85 364 159 90 318 69 71 288 55 95 126 49 70 0 1 2 1 2 0 0 4 216 0 2 2 0 2 1 2 211 1 4 0 0 3 3 0 5 0 0 3 0 5 0 0 0 0 2 3 3 0 0 4 0 0 0 5 0 1 0 0 0 0 3 3 0 9 0 0 54 0 0 3 0 14 13 14 37 21 0 0 0 5 4 26 0 0 0 10 13 11 0 0 1 1 0 0 0 0 0 1 0 0 0 0 0 13 0 0 2 0 29 28 0 26 0 0 0 0 0 0 0 0 0 0 0 19 0 0 0 0 0 0 0 0 0 0 0 0 0 0 0 0 0 0 0 0 0 0 0 0 0 0 0 1 15 0 19 22 0 0 12 13 20 24 0 0 0 1 10 19 0 0 0 0 0 0 0 0 0 1 0 0 0 0 10 0 0 0 0 0 36 31 0 0 0 0 0 0 0 0 0 0 0 0 0 0 0 0 0 0 0 0 0 0 0 0 0 0 0 0 0 0 0 0 9 0 0 0 0 0 0 0 0 0 0 0 0 3 6 3 0 2 3 9 31 0 0 0 0 0 0 0 0 0 12 0 0 0 0 0 0 0 0 0 0 0 0 17 0 0 0 0 0 0 0 0 0 0 0 0 0 0 
 41 29 45 79 345 0 41 40 65 56 59 64 42 75 259 53 77 83 132 49 3 2 2 0 0 0 2 5 4 0 1 0 6 0 3 1 1 0 312 2 0 6 3 2 6 0 0 3 0 6 0 0 0 0 2 2 0 0 24 4 0 0 2 3 0 0 0 0 2 0 56 5 0 3 0 0 0 2 0 4 0 0 0 0 18 97 0 0 0 0 0 27 2 0 2 0 0 0 0 48 0 2 23 0 0 0 22 10 0 0 0 11 51 15 0 0 0 2 35 26 0 1 0 0 0 0 16 1 18 0 0 0 0 0 0 0 0 0 19 0 0 0 0 2 0 0 0 0 0 0 0 0 0 22 0 0 0 0 0 0 0 0 0 0 7 13 0 0 0 0 5 0 0 0 0 0 0 0 0 0 0 0 0 12 1 0 15 0 0 0 0 0 36 30 0 1 0 0 29 24 0 0 0 0 0 0 0 0 0 0 0 0 0 0 0 0 0 0 0 0 0 0 0 0 0 0 0 0 2 0 0 0 0 0 0 0 0 0 0 0 0 0 0 0 0 4 0 0 2 7 0 0 0 8 0 0 0 0 0 0 0 0 0 0 0 0 0 0 0 0 1 0 0 0 0 0 0 0 0 0 0 0 0 0 0 0 0 0 0 0 
 667 308 289 83 274 41 0 81 71 25 17 41 472 412 50 26 43 43 36 408 0 0 2 1 0 2 1 2 0 1 0 0 0 0 0 0 0 1 2 1 0 0 8 1 0 0 0 3 0 0 0 0 0 0 2 3 0 0 0 0 0 0 1 2 0 0 0 52 0 0 1 3 0 0 50 0 0 0 0 2 14 44 0 0 0 0 39 25 54 0 0 0 9 36 31 0 28 0 3 9 0 0 0 0 0 0 0 0 0 0 0 0 0 0 0 0 0 0 0 0 0 0 0 0 0 0 0 0 0 0 0 0 0 0 0 0 0 0 0 0 7 0 0 0 2 0 0 0 0 0 0 0 0 0 0 0 0 0 1 0 33 0 0 0 0 0 20 15 0 0 0 0 1 15 15 14 9 0 0 37 0 0 0 0 0 0 0 0 0 0 0 0 0 0 0 0 0 0 0 0 0 0 0 0 0 0 0 0 0 0 0 0 0 0 0 0 0 0 0 0 0 8 0 0 0 0 0 0 0 0 0 0 0 0 0 0 1 0 0 0 0 0 0 0 0 0 0 0 2 0 1 6 0 0 2 0 0 0 0 0 0 0 0 0 0 0 0 0 0 0 0 0 0 0 0 0 0 0 0 0 0 0 0 0 0 0 0 0 0 0 
 467 657 96 155 85 40 81 0 77 265 53 269 295 428 217 50 99 137 272 639 0 83 2 0 0 0 0 3 2 0 0 0 1 0 0 0 0 1 0 0 0 0 51 0 0 0 0 39 0 0 0 0 0 0 2 3 0 0 0 0 0 0 0 2 0 0 0 0 0 0 1 3 0 0 0 0 0 0 0 2 19 46 69 0 14 0 1 62 80 12 1 0 6 68 9 36 78 2 0 0 0 0 0 0 0 0 0 0 0 0 0 0 0 0 0 0 0 0 0 0 2 0 0 0 22 2 0 19 0 0 0 1 0 0 0 0 0 0 0 0 0 0 0 0 3 0 0 0 0 0 13 0 0 0 0 0 0 0 0 1 12 26 28 2 0 0 1 37 12 6 21 0 0 28 56 55 16 32 0 15 0 0 0 0 0 0 2 2 0 1 0 0 0 0 0 0 0 0 0 0 12 0 0 0 0 0 0 0 0 0 0 13 0 0 0 0 1 2 0 0 0 0 0 0 0 0 0 0 0 0 0 0 0 0 8 0 0 0 0 0 0 0 0 0 2 0 0 2 1 2 2 11 0 1 0 0 0 0 0 0 0 0 25 0 0 0 0 0 5 0 0 0 0 0 0 33 7 0 0 0 0 0 0 0 0 0 0 0 0 2 
 272 410 299 195 364 65 71 77 0 472 47 33 70 310 190 169 518 332 76 80 0 0 2 0 0 0 0 3 0 0 2 0 3 0 0 0 0 4 0 0 0 0 3 0 0 0 0 3 0 0 0 0 0 0 2 3 0 0 0 0 0 0 0 2 0 0 0 0 0 0 2 3 0 0 0 0 0 0 0 3 0 34 50 46 25 11 0 0 10 20 18 0 0 0 20 21 13 54 0 0 0 0 0 0 0 0 0 0 0 0 0 0 3 0 15 0 0 0 0 0 1 0 0 0 0 0 0 0 0 0 0 0 0 2 0 0 0 0 0 0 0 0 0 0 0 0 0 0 0 0 0 0 0 0 0 0 0 0 0 0 0 29 11 17 2 0 0 2 13 48 62 61 0 0 13 24 19 46 0 0 0 0 0 0 0 0 0 1 0 2 0 0 0 0 0 0 0 0 1 0 0 0 0 0 0 0 0 0 0 0 0 0 0 0 0 0 0 1 0 0 0 0 0 0 0 0 0 0 0 0 0 0 2 0 0 0 0 0 0 0 0 25 0 0 0 0 3 1 2 5 0 11 1 2 0 0 0 0 0 0 0 0 0 0 0 0 0 0 0 0 0 0 0 0 0 36 10 0 0 0 0 0 0 0 0 0 0 0 0 0 
 39 49 620 352 159 56 25 265 472 0 447 63 116 82 312 361 424 102 50 87 0 0 2 0 0 0 0 4 0 0 0 0 0 0 0 0 0 1 0 0 0 0 3 0 0 62 0 3 0 0 0 0 0 0 2 3 1 0 0 0 0 0 0 2 0 0 0 0 0 0 2 3 0 0 0 0 0 0 0 3 0 2 13 49 33 10 0 0 4 12 42 0 0 0 6 36 0 78 0 0 0 0 0 0 0 0 0 0 0 0 0 0 0 0 0 0 0 0 20 0 0 3 0 4 0 0 0 0 0 0 0 0 0 2 0 0 0 0 0 0 0 0 0 0 0 0 0 0 0 0 0 0 0 0 0 0 0 0 13 0 0 0 13 29 2 2 0 2 58 43 38 38 0 1 1 13 15 16 0 0 0 0 0 0 0 0 0 1 0 2 0 0 0 0 0 0 0 0 7 0 0 1 0 0 0 0 0 0 0 0 0 0 0 0 0 0 0 1 0 0 0 0 0 0 0 0 0 0 0 0 0 15 2 0 0 0 0 0 0 0 0 10 0 0 1 3 176 0 0 175 0 0 0 2 0 0 0 0 0 0 0 0 0 0 0 0 0 0 0 0 0 0 0 0 0 15 21 0 0 0 0 0 0 0 0 0 0 0 0 0 
 55 40 45 132 90 59 17 53 47 447 0 404 142 31 72 88 308 309 26 80 0 0 2 0 0 0 0 3 74 0 0 0 0 0 0 76 0 0 0 0 0 0 3 0 0 0 0 3 0 0 0 0 0 0 2 3 0 0 0 0 0 0 0 2 0 0 0 0 42 0 2 3 0 0 0 0 0 0 0 3 0 0 0 25 43 12 2 0 0 22 15 20 0 0 0 12 0 43 0 0 0 2 0 2 0 0 0 3 2 0 0 0 24 0 0 0 0 0 24 7 0 7 0 0 0 0 0 0 0 0 0 0 0 0 0 0 0 0 0 0 0 0 1 0 0 0 0 0 0 0 0 13 0 0 0 0 0 0 0 0 0 0 0 0 32 27 0 0 4 15 0 63 0 0 0 1 0 38 2 0 0 0 0 0 0 0 0 0 0 0 0 0 0 0 0 0 1 0 29 17 0 0 0 0 0 0 0 0 1 1 0 0 0 45 0 0 0 0 0 0 0 0 0 0 0 0 0 0 0 0 0 0 0 0 0 0 0 0 0 0 0 9 0 0 0 0 15 4 1 15 0 6 7 0 0 0 0 0 0 0 0 0 7 0 0 0 0 0 0 0 0 0 0 0 0 0 0 36 0 0 0 0 0 0 0 0 0 0 0 0 
 34 64 257 333 318 64 41 269 33 63 404 0 240 42 46 273 91 77 55 267 0 0 3 26 0 72 0 5 0 0 0 0 0 2 0 2 0 0 1 0 0 0 6 0 0 0 0 3 0 0 0 0 0 0 2 3 0 0 0 0 0 0 0 3 5 0 3 0 0 0 3 3 0 0 0 0 0 30 0 3 0 0 0 2 43 30 0 0 22 1 13 40 0 0 1 0 0 11 0 0 2 12 0 0 0 0 0 0 0 0 0 0 9 0 0 0 0 0 53 28 0 31 0 0 0 0 0 0 0 0 0 0 0 0 0 0 0 0 0 0 0 0 0 0 0 0 0 0 0 0 0 0 0 0 0 0 2 0 0 0 0 0 0 0 42 41 0 0 0 0 0 0 0 0 0 0 0 0 0 0 0 0 0 0 0 1 0 0 0 0 0 0 0 0 0 0 0 0 55 11 0 0 0 0 0 0 0 0 0 0 0 0 0 0 0 0 0 0 0 0 0 0 0 1 0 0 0 0 0 0 0 0 0 0 0 0 0 0 0 0 0 0 0 0 0 3 176 0 0 175 0 21 5 0 0 0 0 0 0 0 0 0 10 0 0 0 0 0 0 0 0 0 0 0 0 0 1 9 0 0 0 0 0 0 0 0 0 0 0 0 
 56 79 78 276 69 42 472 295 70 116 142 240 0 612 28 117 49 32 443 323 0 0 2 2 0 0 0 6 0 0 0 1 0 2 1 0 0 2 0 0 0 0 3 1 0 0 0 3 0 0 35 0 0 0 2 3 0 0 0 0 0 0 0 2 0 0 0 2 0 0 0 3 0 0 30 0 0 2 0 53 29 0 0 0 0 0 62 0 12 0 0 1 34 8 53 0 2 0 26 45 0 2 0 2 0 0 0 2 0 0 0 0 0 0 0 0 0 0 0 0 0 0 0 0 0 0 0 0 0 0 0 0 0 0 0 0 0 0 0 0 1 0 1 0 2 0 15 0 0 0 0 0 0 0 0 0 0 0 0 0 34 0 0 0 0 0 20 0 0 0 0 0 34 12 1 4 7 0 30 12 0 0 0 0 1 0 0 0 0 0 0 0 0 0 0 0 1 0 0 17 0 0 0 0 0 0 0 0 0 2 0 0 0 0 0 0 0 0 0 0 0 0 0 0 0 0 0 0 0 0 0 0 0 0 0 0 0 0 0 0 0 0 0 0 0 0 2 0 2 0 0 5 0 0 0 0 0 0 0 0 0 0 0 0 0 0 2 0 0 1 0 0 0 0 0 0 0 0 0 0 0 0 0 0 0 0 0 0 0 0 
 142 72 27 288 71 75 412 428 310 82 31 42 612 0 385 34 50 30 84 305 0 0 2 0 0 0 1 8 0 0 0 0 60 0 0 2 1 4 0 0 0 0 8 1 0 0 0 3 0 1 0 0 0 0 2 3 0 0 0 0 0 0 0 2 0 0 0 0 0 0 1 6 0 1 0 0 0 0 0 2 24 36 25 0 0 0 60 69 49 7 0 0 46 36 48 36 37 0 0 0 0 0 0 0 0 0 0 0 0 0 0 0 0 0 0 0 0 0 0 0 0 0 0 0 0 0 0 0 0 0 0 0 0 0 0 0 0 0 0 0 0 0 0 0 3 0 0 0 0 0 0 0 0 0 0 0 0 0 0 0 19 26 70 0 0 0 8 43 13 0 11 0 0 26 26 10 27 12 0 11 0 0 0 0 0 0 0 0 0 0 0 0 0 0 0 0 0 0 0 0 0 0 0 0 0 0 0 0 0 0 0 0 0 0 0 0 0 0 0 0 0 0 0 0 0 0 0 0 0 0 0 0 0 0 0 0 0 0 0 0 0 0 0 0 0 4 0 0 1 0 0 3 0 0 0 0 0 0 0 0 0 0 0 0 0 0 0 0 0 0 0 0 0 0 0 2 0 0 0 0 0 0 0 0 0 0 0 0 0 0 
 309 352 170 144 288 259 50 217 190 312 72 46 28 385 0 400 54 355 56 106 0 0 2 0 0 0 0 5 0 0 0 0 0 2 0 0 0 1 0 0 0 0 3 0 0 1 0 3 0 0 0 65 0 0 2 3 0 0 0 0 0 0 0 3 0 0 0 0 0 0 36 3 0 26 0 0 0 0 0 3 14 48 33 0 0 10 1 40 41 9 17 0 1 35 7 18 35 3 0 1 0 0 0 0 1 0 0 0 0 0 0 0 0 0 0 0 0 0 0 0 0 0 0 0 0 0 0 0 0 0 0 0 0 0 0 0 0 0 0 0 8 0 0 0 12 0 0 0 0 0 0 0 0 0 0 0 0 0 0 0 43 57 40 14 0 0 0 45 49 13 38 0 0 7 50 16 27 31 0 0 0 0 0 2 0 0 0 0 0 0 0 0 2 0 0 0 0 0 0 0 0 0 0 2 0 0 0 0 11 0 0 0 0 0 0 0 0 0 0 0 0 0 1 0 0 0 0 0 0 0 0 0 0 0 0 0 0 0 0 0 0 8 0 0 0 2 0 2 0 2 2 13 0 0 0 0 0 0 0 0 0 0 0 0 0 0 0 0 0 0 0 0 0 0 0 15 15 0 0 0 0 0 0 0 0 0 0 0 0 0 
 28 302 193 162 55 53 26 50 169 361 88 273 117 34 400 0 294 210 35 67 4 1 2 0 0 0 0 5 0 0 2 0 1 0 3 0 0 3 0 0 0 0 4 0 0 3 0 3 2 0 0 0 0 2 9 3 0 0 0 0 0 1 1 4 1 1 0 0 1 2 3 3 0 3 0 0 0 2 0 4 0 14 35 34 0 11 1 0 12 19 26 0 0 0 10 8 0 67 0 0 0 1 0 1 0 22 0 0 0 0 0 0 0 0 0 0 0 0 0 0 0 0 0 0 0 0 0 0 0 0 0 0 0 0 0 0 0 0 0 0 2 0 2 0 2 0 0 0 0 0 0 0 0 0 0 22 0 0 0 0 0 24 5 25 0 0 0 0 10 29 45 31 0 0 12 25 0 40 1 0 0 0 0 0 1 0 0 0 0 0 0 0 0 22 0 0 2 0 1 0 0 0 0 0 0 0 0 0 2 1 0 0 0 0 0 0 0 0 0 0 0 0 0 0 0 0 0 0 0 0 0 0 0 0 0 0 0 0 0 0 0 21 0 0 0 1 2 0 0 4 1 22 0 0 0 0 0 0 0 0 0 0 0 0 0 0 1 0 0 2 0 0 0 0 0 10 14 0 0 0 0 0 0 0 0 0 0 0 0 0 
 242 301 299 347 95 77 43 99 518 424 308 91 49 50 54 294 0 295 48 29 0 0 2 0 0 0 0 3 0 0 2 1 1 0 0 0 206 1 25 0 1 0 3 0 0 0 0 3 0 1 0 0 0 0 2 39 0 0 0 4 0 0 0 2 4 0 0 0 0 0 2 3 0 0 0 0 1 0 0 3 17 25 30 95 37 7 0 5 0 33 96 1 0 9 0 19 12 57 0 6 0 0 0 0 7 0 0 0 0 0 0 0 0 0 0 0 0 0 14 0 0 0 0 0 0 0 0 0 0 0 0 0 0 0 0 0 14 0 0 8 0 0 0 0 0 0 2 0 0 0 0 0 0 0 0 0 2 0 0 0 0 1 10 27 0 0 0 0 20 45 42 60 0 13 14 14 10 39 0 0 0 0 0 0 0 1 0 0 0 0 0 0 0 0 0 0 0 0 1 2 0 0 0 0 0 0 0 0 0 0 0 0 0 0 5 0 0 0 0 2 0 0 0 1 0 0 0 0 0 0 0 0 0 0 0 0 0 13 0 0 0 6 0 0 0 3 86 1 1 112 0 8 1 0 0 0 0 0 0 0 0 0 0 0 0 0 0 0 0 0 0 0 0 0 0 38 0 0 0 0 0 0 0 11 0 0 0 0 0 0 
 40 142 314 228 126 83 43 137 332 102 309 77 32 30 355 210 295 0 39 83 0 0 3 0 0 3 1 3 0 74 0 210 0 0 0 3 0 1 0 0 0 0 3 1 0 0 0 3 0 0 0 0 0 2 5 3 0 0 0 0 0 37 0 2 0 0 2 0 0 1 50 3 0 0 0 0 0 0 0 2 0 2 11 31 44 11 0 0 0 22 38 0 11 0 0 27 6 44 0 0 0 0 0 0 0 0 0 0 0 0 0 0 1 0 0 0 0 0 20 3 1 19 0 0 0 0 0 0 0 0 0 0 0 0 1 0 0 0 0 0 0 0 0 0 0 0 0 0 0 0 0 0 0 0 0 0 0 0 0 2 0 0 7 35 0 1 0 0 30 48 27 38 0 0 0 14 16 9 0 0 0 0 0 0 0 0 1 1 0 2 12 0 0 0 0 0 0 0 0 0 0 14 0 0 0 0 0 0 0 0 0 0 0 0 0 0 2 1 0 12 0 0 0 0 0 0 0 0 0 0 0 0 0 0 0 11 0 0 0 0 0 12 0 0 0 2 187 2 0 88 0 14 0 2 0 0 0 0 0 0 0 0 0 0 0 0 0 0 0 0 0 0 0 0 0 21 0 0 0 0 0 0 0 0 0 0 0 0 0 0 
 140 46 31 58 49 132 36 272 76 50 26 55 443 84 56 35 48 39 0 456 0 0 2 1 0 74 2 3 0 2 0 0 0 0 0 0 0 1 1 2 0 0 4 0 0 0 0 3 0 0 0 0 0 0 2 3 0 0 0 0 0 0 0 3 0 0 0 0 27 0 3 3 0 0 51 0 0 0 0 3 26 1 0 0 0 0 15 0 0 0 0 0 18 11 2 0 0 0 18 40 0 0 0 0 0 0 2 0 0 0 0 0 0 0 0 2 0 1 0 0 0 2 0 0 0 0 2 2 0 0 0 0 0 0 0 0 0 0 2 0 0 0 0 5 0 0 0 0 0 0 0 0 0 4 0 0 0 0 0 0 15 0 0 0 0 0 29 0 0 0 0 0 36 7 0 0 0 0 33 13 0 0 0 0 0 0 0 0 0 0 0 0 0 0 0 2 0 0 0 0 0 0 0 0 0 0 0 0 0 0 0 0 0 5 0 0 0 0 0 0 0 0 0 0 0 0 0 0 1 7 0 0 24 0 0 0 0 0 0 0 0 0 0 0 0 1 0 1 0 0 0 5 0 0 1 0 0 0 0 0 0 0 0 0 0 0 0 0 0 0 0 0 0 0 0 0 0 0 0 0 0 0 0 0 0 0 0 0 0 0 
 58 62 42 73 70 49 408 639 80 87 80 267 323 305 106 67 29 83 456 0 0 0 2 9 0 0 0 3 0 0 1 0 0 0 0 1 0 2 1 0 0 0 3 0 0 0 0 4 0 2 0 0 0 0 2 3 0 2 0 3 54 0 0 2 1 30 0 0 0 0 35 3 0 0 32 0 0 0 0 5 40 0 0 0 0 0 58 0 7 0 0 7 21 9 68 0 2 0 23 63 0 2 0 21 0 0 0 0 2 0 0 0 0 0 0 0 0 0 0 0 0 0 0 0 0 0 0 0 0 0 0 0 0 0 0 0 0 0 0 0 1 0 0 0 0 0 0 0 0 0 0 0 0 1 0 0 0 0 0 0 26 0 0 0 0 0 27 0 0 0 0 0 33 21 1 1 26 0 31 29 0 0 0 0 0 0 0 0 1 0 0 0 0 0 0 0 0 0 0 0 0 0 0 0 0 2 0 0 1 0 0 0 0 0 0 0 0 0 0 0 0 0 0 10 0 0 0 0 0 0 0 0 0 0 0 0 0 0 0 0 0 0 0 0 0 2 0 0 2 0 2 14 0 0 0 0 0 0 0 0 0 0 0 0 0 0 0 0 0 0 0 0 0 0 0 0 0 0 0 0 0 0 0 0 0 0 0 0 0 0 
 0 0 0 0 0 3 0 0 0 0 0 0 0 0 0 4 0 0 0 0 0 79 290 209 31 35 450 379 27 44 131 40 82 148 283 265 104 52 341 44 0 3 203 0 4 1 0 0 48 3 0 3 6 0 2 203 0 0 3 0 3 4 0 4 3 3 0 2 0 0 0 0 0 1 2 0 0 0 0 0 1 0 0 0 0 0 0 0 0 0 0 0 0 0 0 0 0 1 0 0 18 20 15 9 0 0 9 43 33 31 0 0 0 19 45 12 32 0 0 0 0 0 0 0 0 3 0 0 0 0 0 0 0 0 0 0 0 0 0 0 0 0 0 0 0 0 0 0 0 0 0 0 0 0 0 0 0 6 0 2 6 0 0 0 0 0 0 0 0 0 0 0 0 0 0 0 0 0 0 0 57 25 21 0 0 0 46 52 31 16 10 0 0 16 52 26 3 8 0 0 0 0 0 0 0 0 0 0 0 0 0 0 0 4 0 0 0 0 0 0 0 0 0 0 0 0 0 0 0 0 0 0 0 0 0 0 0 0 1 0 0 0 1 0 0 0 0 0 0 0 0 0 0 0 0 2 1 0 0 2 3 1 0 0 0 0 0 0 0 0 0 0 0 0 0 0 0 0 0 0 0 29 0 0 1 0 0 0 0 0 
 0 0 0 0 1 2 0 83 0 0 0 0 0 0 0 1 0 0 0 0 79 0 429 72 29 35 74 410 508 32 102 88 55 64 350 362 190 37 336 73 5 3 2 3 6 4 3 3 0 5 9 3 0 1 0 4 9 1 6 0 3 0 0 3 3 49 1 3 2 17 3 3 6 4 5 0 0 2 6 0 0 1 0 1 0 0 0 0 0 0 0 0 0 0 0 0 0 0 0 0 5 6 38 22 0 0 0 0 18 14 12 20 2 14 1 35 87 32 1 0 0 0 0 0 37 0 0 0 0 0 0 0 0 0 0 0 0 0 1 0 0 0 0 0 0 0 0 0 0 0 0 0 0 0 0 0 0 0 0 4 0 0 0 25 0 0 0 0 0 0 0 0 0 0 0 0 0 1 0 0 2 23 30 52 0 0 1 1 38 41 14 0 0 0 19 69 31 37 0 0 0 0 0 0 0 0 0 0 0 0 0 0 0 0 0 0 0 0 0 0 0 0 10 0 0 0 0 18 0 0 8 9 0 0 0 0 0 0 0 0 0 0 10 0 0 0 0 0 0 0 0 1 0 0 5 0 0 2 0 0 11 12 67 0 0 0 16 0 0 0 0 0 0 0 0 0 0 0 0 0 0 20 0 0 0 0 0 4 0 0 
 2 2 2 2 2 2 2 2 2 2 2 3 2 2 2 2 2 3 2 2 290 429 0 167 47 238 46 102 237 372 261 38 47 53 294 202 297 301 38 259 0 3 7 0 3 1 61 0 0 12 2 3 0 0 0 0 0 60 15 0 3 0 0 3 3 3 0 2 0 0 2 2 3 0 3 0 0 0 3 0 0 2 0 0 0 0 9 0 0 0 0 0 0 0 2 0 0 0 0 1 0 0 9 27 32 0 0 0 14 20 36 20 0 0 0 85 31 33 0 0 0 0 0 0 0 0 0 0 0 0 0 0 0 0 0 0 0 0 3 0 0 0 0 0 0 0 0 0 0 0 0 0 0 0 0 0 0 0 0 1 0 0 0 8 0 0 10 0 0 0 0 0 0 0 0 0 1 0 0 2 1 24 23 41 1 0 1 0 18 24 23 25 0 0 4 10 58 31 0 0 0 0 0 0 0 0 0 0 0 0 0 0 0 0 0 0 0 0 0 0 10 0 0 0 0 0 1 2 0 0 0 0 0 0 0 0 0 0 0 0 0 0 2 0 0 0 0 0 0 0 0 0 0 0 2 1 0 2 2 0 15 17 0 0 0 0 9 0 0 0 0 0 0 0 0 0 0 0 0 0 0 48 0 0 0 0 0 0 0 0 
 0 0 0 0 1 0 1 0 0 0 0 26 2 0 0 0 0 0 1 9 209 72 167 0 75 60 323 51 84 677 193 336 51 68 88 272 397 290 80 62 0 75 0 78 3 2 2 0 0 12 3 4 0 0 0 3 0 0 0 0 3 0 0 3 3 3 0 2 0 7 0 0 1 9 5 0 0 15 2 0 0 0 0 0 0 0 0 0 0 0 0 0 0 0 0 0 0 0 0 0 0 14 0 2 57 21 0 0 0 25 29 25 0 0 0 18 0 0 0 0 0 0 0 0 0 0 0 0 0 0 0 0 2 0 0 0 0 0 101 12 0 0 0 0 0 0 0 0 0 0 0 0 0 0 0 0 0 0 0 0 0 0 0 16 0 0 0 0 0 0 0 0 0 7 0 0 0 8 0 0 0 0 1 12 37 28 0 0 0 0 41 44 0 0 0 14 18 13 0 0 0 0 0 0 0 0 0 0 0 0 0 0 1 0 0 0 0 0 16 24 0 0 0 0 0 0 0 0 0 0 0 0 0 2 0 0 0 0 0 0 0 0 12 0 0 0 0 0 0 0 0 0 0 0 5 2 2 10 81 0 0 0 0 0 0 0 1 0 0 0 0 0 0 0 0 0 0 0 0 0 0 0 0 0 0 0 8 0 0 0 
 0 0 0 0 2 0 0 0 0 0 0 0 0 0 0 0 0 0 0 0 31 29 47 75 0 373 33 59 78 174 302 338 50 56 85 70 42 254 62 291 0 3 0 1 5 2 0 1 2 6 3 3 0 0 0 3 4 0 0 1 5 4 3 6 3 3 0 2 3 5 4 0 0 2 5 1 0 0 0 0 0 0 0 0 0 0 0 0 0 0 0 0 0 0 0 0 0 0 0 0 0 0 0 0 10 29 0 0 0 1 0 13 0 0 0 0 0 2 0 0 31 0 0 0 0 0 8 0 0 0 0 0 53 9 1 0 0 0 24 30 0 0 7 0 0 0 0 0 0 0 0 0 0 24 0 0 0 0 0 0 0 0 0 0 5 0 0 9 0 0 0 0 0 0 0 0 0 3 0 0 0 0 0 0 24 24 0 0 0 1 0 29 0 0 0 0 0 0 0 0 1 1 0 0 0 0 0 0 1 0 0 0 22 9 0 0 0 0 18 52 0 0 0 1 0 0 0 0 0 0 0 0 8 0 0 0 2 0 0 0 0 0 0 0 0 0 0 0 0 0 0 0 0 0 6 0 0 2 4 0 2 0 0 0 0 0 0 0 0 0 2 0 0 0 0 0 0 0 0 0 0 0 2 0 2 0 0 0 0 0 
 0 0 7 0 0 0 2 0 0 0 0 72 0 0 0 0 0 3 74 0 35 35 238 60 373 0 323 24 57 289 76 45 40 30 262 81 56 56 48 273 0 3 0 0 5 2 212 0 0 3 7 3 1 0 3 0 0 0 186 0 3 12 0 11 3 3 0 7 0 0 4 0 0 0 3 2 0 0 2 0 0 0 0 0 0 0 0 0 0 0 0 0 0 0 0 0 0 0 0 0 0 0 0 0 14 15 0 0 1 11 0 14 0 0 0 0 0 0 0 0 13 9 0 0 0 0 59 0 0 0 0 0 43 14 0 2 0 1 0 18 0 0 5 0 0 0 9 0 0 0 0 0 0 2 0 0 0 0 0 0 0 0 0 0 0 0 0 0 0 0 0 0 0 0 0 0 0 1 0 0 0 0 0 0 10 31 0 0 0 0 0 0 0 0 0 0 0 0 0 0 7 0 0 0 0 0 23 7 0 0 0 0 28 21 0 0 1 0 24 26 0 0 0 0 0 0 0 0 0 0 0 0 0 0 0 0 0 0 6 0 0 0 0 0 0 0 0 0 0 0 0 0 0 2 6 2 0 10 4 0 3 0 0 0 0 0 0 0 0 0 0 0 0 0 0 0 0 0 0 0 0 0 0 0 0 0 1 0 0 0 
 1 0 0 0 0 2 1 0 0 0 0 0 0 1 0 0 0 1 2 0 450 74 46 323 33 323 0 289 45 39 246 25 390 349 36 47 17 54 61 375 0 3 203 1 3 5 0 0 0 3 0 3 10 2 6 15 0 2 0 0 3 0 0 3 3 3 0 2 0 0 0 0 0 0 3 0 0 0 0 0 0 0 0 0 0 0 0 0 0 0 0 0 0 0 0 0 0 0 0 0 45 54 27 0 0 0 10 26 32 0 0 0 1 15 61 0 0 2 0 14 0 0 0 0 0 0 0 0 0 0 0 0 0 0 0 1 0 0 0 0 0 0 0 0 0 0 0 0 0 0 0 0 0 0 0 0 0 28 0 1 9 0 0 0 0 0 0 0 0 8 0 0 11 0 0 0 0 0 0 0 21 20 11 0 0 0 40 47 18 12 0 5 0 47 22 9 0 1 0 9 0 0 0 0 0 0 0 0 0 0 0 0 0 0 0 0 0 0 0 8 0 0 0 0 0 0 0 0 0 0 0 0 0 0 0 0 0 0 0 0 0 0 0 0 0 0 0 0 0 0 0 0 0 0 2 0 0 0 0 0 4 1 0 0 0 0 5 0 0 0 0 0 0 0 0 0 0 0 0 0 0 0 0 0 0 0 0 0 0 0 
 2 3 3 3 4 5 2 3 3 4 3 5 6 8 5 5 3 3 3 3 379 410 102 51 59 24 289 0 102 24 102 35 106 390 165 53 19 239 150 63 36 3 0 0 60 2 2 0 0 3 3 3 1 0 0 2 0 0 2 0 3 0 0 3 3 3 0 2 0 2 0 0 2 4 5 0 0 0 0 0 1 0 0 0 0 0 2 0 0 0 0 0 0 0 0 0 0 0 0 0 16 22 40 34 0 0 1 2 23 22 10 0 1 5 13 31 82 62 0 0 0 0 0 0 2 0 0 0 0 0 0 0 0 1 0 2 0 0 0 0 1 0 1 0 0 0 5 0 0 0 0 0 0 0 0 0 0 5 0 6 0 0 0 1 0 0 2 6 0 0 0 0 0 2 0 0 0 0 0 0 0 40 27 0 0 0 4 31 35 34 16 0 1 0 28 26 36 23 0 30 0 0 3 0 0 0 0 0 0 0 1 0 0 0 0 0 0 0 0 0 0 0 0 23 0 29 0 0 0 0 0 0 2 0 0 22 0 0 0 0 0 0 0 0 0 0 0 0 0 0 0 0 0 0 2 0 0 0 0 2 17 22 0 0 0 0 2 0 0 0 0 0 0 0 0 0 0 0 0 0 0 35 0 0 0 0 0 0 0 0 
 2 0 0 0 216 4 0 2 0 0 74 0 0 0 0 0 0 0 0 0 27 508 237 84 78 57 45 102 0 415 30 458 59 231 139 174 424 273 81 293 0 3 0 0 3 3 0 0 0 63 0 3 0 1 0 0 0 0 4 0 3 0 0 3 3 3 0 3 0 0 0 0 4 0 3 1 0 0 5 0 0 0 0 0 0 13 0 0 0 0 0 0 0 0 0 0 0 0 0 0 0 0 21 36 15 0 0 0 56 36 66 33 0 0 0 41 36 43 0 0 0 0 0 0 0 0 0 0 0 0 0 0 0 0 0 11 0 0 2 0 0 0 0 2 0 0 0 0 0 0 0 0 0 0 0 0 0 0 0 3 0 0 0 10 0 0 0 0 0 0 0 0 0 0 0 2 0 0 0 0 0 26 2 40 1 0 0 0 22 27 25 65 0 0 0 9 51 42 0 0 0 0 0 0 0 0 0 0 0 0 0 0 0 0 0 0 0 0 6 0 0 0 0 0 0 0 0 0 0 0 0 0 0 0 0 0 0 0 0 0 0 0 2 0 0 0 0 0 0 0 0 0 0 0 5 0 2 2 2 1 14 17 0 0 0 0 12 0 0 0 0 0 0 0 0 0 0 0 0 0 0 26 0 0 0 0 0 0 0 0 
 0 0 0 0 0 0 1 0 0 0 0 0 0 0 0 0 0 74 2 0 44 32 372 677 174 289 39 24 415 0 424 262 55 262 215 403 426 475 80 339 0 3 0 0 3 2 0 0 0 20 0 3 0 0 0 0 0 0 0 1 3 0 0 3 3 3 0 2 0 0 0 0 4 0 3 0 0 0 10 0 0 0 0 0 0 0 0 0 0 28 0 0 0 0 0 0 0 0 0 0 0 1 13 33 26 11 0 0 24 34 33 40 0 0 0 26 2 9 0 0 0 0 0 0 0 0 0 0 0 0 0 0 0 0 0 0 0 0 35 4 0 0 0 0 0 0 0 0 0 0 0 0 0 0 0 0 0 0 0 0 0 1 0 5 0 0 0 0 0 0 2 0 1 0 0 0 0 1 0 0 0 12 12 58 12 31 0 0 32 17 24 10 0 0 1 30 27 62 0 0 0 0 0 0 0 0 0 0 0 0 0 0 0 0 0 0 0 0 22 1 0 0 0 0 0 0 0 0 0 0 0 0 0 16 0 0 0 0 0 0 0 0 9 0 0 0 0 0 0 0 0 0 0 0 4 0 0 152 148 1 2 15 0 0 0 0 16 0 0 0 0 0 0 0 0 0 0 0 0 0 0 0 0 0 0 0 14 0 0 0 
 0 0 1 0 2 1 0 0 2 0 0 0 0 0 0 2 2 0 0 1 131 102 261 193 302 76 246 102 30 424 0 367 47 38 291 93 248 283 155 87 0 3 0 63 3 2 1 0 0 5 0 4 0 0 0 0 0 0 2 0 3 0 0 3 3 3 0 2 0 2 0 0 0 2 3 0 0 0 0 0 1 0 0 1 0 0 17 0 0 0 0 0 0 0 0 0 0 0 0 0 0 0 4 0 30 18 0 0 3 34 23 23 2 0 0 22 1 0 0 21 0 0 0 0 0 0 0 0 0 0 0 0 1 0 0 0 0 0 45 20 0 0 0 0 0 0 0 0 0 0 0 0 0 0 0 0 1 0 0 0 0 0 0 4 0 0 0 0 0 0 0 0 0 0 0 0 0 0 0 0 0 1 0 0 26 7 0 0 0 0 37 50 0 0 0 9 22 20 0 0 0 0 0 0 0 2 0 2 2 0 0 0 0 1 0 0 0 0 34 11 0 19 0 0 0 0 0 0 0 0 0 0 0 0 0 0 0 0 0 0 0 0 14 0 0 0 0 0 0 0 0 0 0 0 5 0 0 91 45 2 1 0 0 0 0 0 0 0 0 0 0 0 0 0 0 0 0 0 0 0 0 0 0 0 1 0 8 0 0 0 
 0 3 0 0 2 0 0 0 0 0 0 0 1 0 0 0 1 210 0 0 40 88 38 336 338 45 25 35 458 262 367 0 48 49 29 73 296 72 48 33 0 3 0 0 6 6 3 0 0 8 5 3 4 0 5 0 0 2 0 0 3 1 6 3 3 3 0 2 0 9 13 0 0 5 3 0 2 0 0 0 0 0 0 0 0 0 1 0 2 9 0 0 0 0 0 0 0 0 0 0 0 0 0 10 47 49 0 0 0 34 47 26 0 2 0 0 0 0 0 0 5 0 0 13 1 0 0 0 0 1 0 0 27 2 0 0 0 0 116 21 0 0 1 0 0 0 0 0 0 0 0 0 0 0 0 0 13 0 0 0 0 7 0 0 0 0 1 0 0 0 0 0 0 0 0 0 0 2 0 0 0 0 0 0 82 41 1 0 0 0 71 29 0 0 0 0 0 0 8 0 0 0 0 0 0 0 0 0 0 0 1 0 12 0 0 0 0 0 29 14 0 0 0 0 0 0 0 0 0 0 0 0 0 0 0 0 0 0 0 0 0 0 0 0 0 0 0 0 0 0 0 0 0 0 19 2 2 165 146 1 2 0 0 0 0 0 0 0 0 0 0 0 0 0 0 0 0 0 0 0 0 0 0 0 0 0 10 0 0 0 
 0 0 1 0 0 6 0 1 3 0 0 0 0 60 0 1 1 0 0 0 82 55 47 51 50 40 390 106 59 55 47 48 0 87 30 59 19 21 395 414 0 3 0 0 3 1 0 0 0 3 0 3 5 0 64 0 0 0 0 0 3 0 0 3 3 3 0 2 0 0 0 0 0 0 3 0 0 0 0 0 0 0 0 2 0 2 0 0 0 0 0 0 2 0 0 0 0 0 0 0 29 21 0 0 0 0 50 56 0 0 0 0 46 36 34 0 0 0 3 10 0 0 0 0 0 0 0 0 0 0 0 0 0 0 0 0 0 0 2 0 0 0 0 0 12 0 0 0 0 0 0 0 0 0 0 0 0 0 0 0 5 0 0 0 0 13 0 0 0 0 0 0 0 0 0 0 0 0 0 0 108 0 0 0 0 0 27 32 11 0 0 0 44 49 9 0 0 0 0 61 0 0 0 0 0 0 0 1 1 0 0 0 0 0 0 0 0 0 0 0 0 0 2 0 0 0 0 0 0 0 0 0 0 0 0 0 0 0 0 0 0 0 0 0 0 0 0 0 0 0 0 0 0 0 3 1 2 0 0 0 0 0 0 0 0 0 0 0 0 0 0 0 0 0 0 0 0 0 0 0 0 0 0 0 0 0 0 0 0 0 
 1 0 0 0 2 0 0 0 0 0 0 2 2 0 2 0 0 0 0 0 148 64 53 68 56 30 349 390 231 262 38 49 87 0 314 45 19 275 74 107 0 3 0 1 3 2 0 0 81 3 0 3 6 0 2 0 0 0 12 0 3 0 0 3 3 3 0 2 0 0 0 0 0 0 3 0 0 0 0 0 0 0 0 0 0 0 2 0 1 0 0 0 0 0 11 0 0 0 0 0 34 22 19 1 0 0 21 37 47 23 0 0 0 22 39 24 42 0 0 0 0 0 0 0 2 15 0 0 1 0 0 0 0 1 0 0 0 0 0 0 0 0 3 0 0 0 0 0 0 0 0 0 0 0 0 0 3 5 1 1 3 2 0 0 0 0 2 16 0 0 0 0 0 2 0 22 0 0 17 0 78 17 25 0 0 0 24 51 30 15 14 0 2 15 45 30 6 10 0 0 0 31 0 0 0 0 0 0 0 0 2 0 0 0 0 0 0 0 0 0 0 0 0 0 0 0 0 0 0 0 0 0 0 0 0 0 0 0 0 0 0 0 1 0 0 0 0 0 0 0 0 0 0 0 11 0 0 0 0 1 1 0 0 0 0 0 0 0 0 0 0 0 0 0 0 0 0 0 0 0 0 32 0 0 0 0 0 0 0 0 
 0 0 3 0 1 3 0 0 0 0 0 0 1 0 0 3 0 0 0 0 283 350 294 88 85 262 36 165 139 215 291 29 30 314 0 237 77 114 272 104 0 31 0 0 3 1 0 2 0 64 0 3 1 2 1 0 0 0 5 0 3 0 0 9 3 3 0 2 66 0 0 0 6 0 3 0 0 6 4 0 0 0 0 0 0 0 0 0 0 2 0 0 0 0 0 0 0 0 10 0 15 23 22 13 0 1 0 0 20 13 12 10 0 0 0 21 91 27 0 0 0 0 0 0 0 0 0 0 0 0 0 0 0 0 0 1 0 0 0 0 0 0 0 0 0 0 0 0 0 0 9 0 0 0 0 0 2 27 0 4 0 0 0 0 0 0 0 0 0 0 0 0 0 0 0 0 0 0 0 0 1 51 60 18 1 1 0 38 22 28 16 12 0 0 44 33 39 32 0 2 0 0 0 0 0 0 0 0 0 0 0 0 0 0 0 0 0 0 0 0 0 0 0 0 0 37 0 0 0 0 0 0 0 2 0 0 0 0 0 0 0 0 0 0 0 0 0 0 0 0 0 0 2 0 4 0 2 1 0 2 14 1 10 0 0 0 15 0 0 36 0 0 0 0 0 0 0 0 0 0 0 27 0 0 0 0 0 0 0 0 
 0 0 7 0 2 1 0 0 0 0 76 2 0 2 0 0 0 3 0 1 265 362 202 272 70 81 47 53 174 403 93 73 59 45 237 0 287 353 59 295 0 3 0 0 3 2 0 25 0 5 207 3 0 0 3 0 0 0 3 0 3 0 0 3 5 3 0 2 0 0 0 35 5 0 3 0 0 0 8 0 0 0 0 0 0 0 0 0 0 0 0 0 0 0 0 0 0 0 0 0 0 0 7 29 10 1 0 0 23 18 29 32 0 0 0 38 32 50 0 0 0 2 0 0 0 0 0 0 0 0 0 0 0 0 0 0 0 0 1 0 0 0 0 0 0 0 0 0 0 1 0 2 0 0 0 0 0 0 0 1 0 0 0 4 0 0 0 0 0 0 0 0 0 0 0 0 0 0 0 0 0 61 2 30 16 1 0 0 38 22 11 28 0 1 1 17 44 57 0 0 0 0 0 0 0 0 0 0 0 0 0 0 2 21 0 0 0 0 0 0 0 0 0 0 0 0 0 0 0 0 0 0 0 0 0 11 0 2 0 13 0 0 19 0 0 0 0 0 0 0 0 0 0 0 2 1 0 2 3 0 22 11 0 0 0 0 13 0 0 0 0 0 0 0 0 0 0 0 0 0 0 13 0 0 0 0 0 0 0 0 
 203 0 4 0 211 1 0 0 0 0 0 0 0 1 0 0 206 0 0 0 104 190 297 397 42 56 17 19 424 426 248 296 19 19 77 287 0 231 102 49 0 3 65 0 3 2 0 0 0 8 5 3 0 0 0 0 0 1 0 0 3 60 0 3 3 3 0 2 0 0 0 0 4 0 3 0 0 0 5 0 0 0 0 9 0 0 0 0 0 0 0 0 0 0 0 0 0 0 0 0 0 0 25 45 16 16 13 0 32 32 52 57 0 0 0 32 18 99 0 0 0 0 0 0 0 0 0 0 0 0 0 0 0 0 0 0 0 0 8 0 0 0 0 0 0 0 0 0 0 0 0 0 0 0 0 0 0 0 0 3 0 0 0 11 0 0 0 0 0 0 0 0 0 0 0 0 0 1 0 0 0 23 1 43 2 0 0 0 21 64 8 23 8 0 0 9 36 48 0 0 0 0 0 0 0 0 0 0 0 0 0 0 0 0 0 0 0 0 0 1 0 0 0 0 0 0 0 15 0 0 0 0 0 0 0 0 0 0 0 0 0 0 13 0 0 0 0 0 0 0 0 0 0 0 13 1 3 0 150 0 1 13 0 0 0 0 12 0 0 0 0 0 0 0 0 0 0 0 0 0 0 23 0 0 0 0 0 0 0 0 
 3 2 35 0 1 0 1 1 4 1 0 0 2 4 1 3 1 1 1 2 52 37 301 290 254 56 54 239 273 475 283 72 21 275 114 353 231 0 22 252 0 2 0 0 1 3 0 0 0 5 5 2 3 3 0 0 0 0 0 7 3 0 0 0 7 0 1 0 0 0 0 0 3 0 0 0 0 0 6 0 2 0 0 0 0 0 0 0 0 8 0 0 2 0 0 0 0 0 0 0 0 0 0 20 65 21 0 0 6 35 19 31 16 0 0 21 0 7 0 0 0 0 0 0 0 0 0 0 0 0 18 0 0 0 0 0 0 0 20 0 0 0 0 0 0 0 0 0 0 0 0 0 0 0 0 0 0 0 0 0 0 0 0 12 0 0 10 0 0 0 0 0 0 0 0 0 0 0 0 0 0 9 9 33 0 21 0 0 15 16 19 27 0 0 0 2 21 6 0 0 0 0 0 0 0 0 0 1 1 0 3 0 0 0 0 0 0 0 14 0 0 0 2 0 2 0 0 0 0 0 0 0 0 0 0 0 0 0 0 0 0 0 9 0 0 0 0 0 0 0 0 0 0 0 0 0 0 73 150 0 3 1 0 0 0 0 14 0 0 0 0 0 0 0 0 0 0 7 0 0 0 0 0 0 1 0 8 0 0 1 
 0 77 3 0 4 312 2 0 0 0 0 1 0 0 0 0 25 0 1 1 341 336 38 80 62 48 61 150 81 80 155 48 395 74 272 59 102 22 0 431 0 3 0 0 31 1 0 0 0 3 0 3 1 0 4 0 0 0 200 27 3 0 0 3 3 3 0 2 1 0 0 0 0 1 3 2 0 0 0 0 20 0 0 0 0 9 0 0 0 0 0 0 0 0 8 0 0 0 0 0 57 35 0 0 12 0 27 11 0 0 0 0 38 7 12 0 0 0 26 63 0 0 0 0 0 0 0 0 0 0 0 0 0 0 0 0 0 0 0 0 0 0 0 0 0 0 0 0 0 0 0 0 0 0 0 0 0 0 0 0 0 0 0 0 0 18 0 0 0 0 0 17 0 0 0 0 0 0 0 14 2 0 0 0 0 0 16 3 0 0 0 0 34 48 0 0 0 0 4 46 0 0 0 0 0 0 0 0 0 0 0 0 0 0 0 0 0 0 0 0 0 0 0 0 0 0 0 0 0 0 0 0 0 0 0 0 0 0 0 0 0 0 0 0 0 0 0 0 0 0 0 0 1 0 4 0 0 0 0 1 1 0 0 0 0 0 0 0 0 11 0 0 0 0 0 0 0 0 0 0 0 0 0 0 0 0 0 0 0 0 
 0 0 0 1 0 2 1 0 0 0 0 0 0 0 0 0 0 0 2 0 44 73 259 62 291 273 375 63 293 339 87 33 414 107 104 295 49 252 431 0 0 3 0 0 3 2 0 0 0 3 0 3 8 0 5 0 0 0 0 1 3 0 0 3 3 3 0 2 0 0 0 0 0 0 3 0 0 0 0 0 0 0 0 0 0 0 0 0 0 0 0 0 0 0 0 0 0 0 0 0 29 30 10 0 0 0 85 54 0 0 0 0 74 48 37 0 0 0 0 18 0 0 0 0 0 0 0 0 0 0 0 0 0 0 0 0 0 0 13 0 0 0 0 0 0 0 0 0 0 0 0 0 0 0 0 0 0 0 0 0 7 0 0 0 0 18 0 0 0 0 0 0 4 0 0 0 0 0 0 0 60 0 1 0 0 0 88 43 20 1 0 0 45 110 10 1 0 1 0 18 0 0 0 0 0 0 24 0 0 0 0 0 0 0 0 0 0 0 0 0 0 0 0 0 0 0 0 0 0 0 7 0 0 0 0 0 0 0 0 0 0 0 0 0 0 0 0 0 0 0 0 0 0 0 7 0 0 0 0 3 0 11 0 0 0 0 0 0 0 0 0 0 0 0 0 0 0 0 0 0 0 0 0 0 0 0 0 0 0 0 
 0 0 1 0 0 0 0 0 0 0 0 0 0 0 0 0 1 0 0 0 0 5 0 0 0 0 0 36 0 0 0 0 0 0 0 0 0 0 0 0 0 111 61 43 35 46 557 309 48 35 24 39 69 125 259 36 26 20 26 341 2 203 0 2 6 3 52 3 205 2 0 4 5 0 2 0 0 3 0 1 0 0 0 0 0 0 0 0 0 0 13 0 0 0 0 0 0 0 0 0 0 0 0 0 0 0 0 0 0 0 0 9 0 0 0 0 0 0 0 0 23 42 12 1 0 0 0 34 13 16 0 0 0 31 18 23 23 18 0 13 0 0 0 0 1 0 0 0 0 0 0 29 0 0 5 0 0 0 0 0 0 1 0 0 0 0 0 0 2 0 0 0 30 0 1 0 0 0 0 0 0 0 0 0 0 0 0 0 0 0 0 0 0 0 0 0 0 0 14 9 42 35 19 0 0 0 17 33 19 37 11 0 6 1 29 21 51 19 0 0 0 0 0 0 0 3 0 0 0 0 0 0 0 0 0 0 0 0 0 0 0 0 0 0 0 0 0 0 0 0 0 8 0 0 0 0 1 0 0 0 2 0 0 0 0 4 0 0 0 0 0 0 0 0 2 0 0 0 0 0 0 0 0 0 0 0 0 0 2 0 
 0 0 0 0 3 6 0 0 0 0 0 0 0 0 0 0 0 0 0 0 3 3 3 75 3 3 3 3 3 3 3 3 3 3 31 3 3 2 3 3 111 0 293 60 33 34 55 355 192 31 31 31 58 74 249 319 271 41 47 64 0 0 0 0 0 0 0 0 31 0 0 0 0 0 2 0 0 1 0 0 0 0 0 0 0 0 0 0 0 0 0 0 0 0 0 0 0 0 0 0 1 0 0 0 0 0 0 0 0 0 0 0 0 0 0 0 0 0 0 0 0 10 32 52 25 0 0 2 23 37 38 9 0 0 1 10 50 35 0 0 4 0 0 0 0 0 0 0 20 1 0 0 0 0 0 0 0 0 0 0 0 1 0 1 0 0 0 0 7 0 0 0 0 0 0 0 1 0 0 0 0 0 0 9 0 0 0 0 0 0 0 0 0 0 0 0 0 0 0 0 0 2 3 27 0 0 1 18 9 50 17 10 0 0 2 11 38 20 0 0 0 0 0 0 0 0 0 0 0 0 0 0 0 0 0 0 0 0 0 0 0 0 20 0 0 0 0 0 0 0 0 13 0 0 0 0 0 0 0 20 23 0 2 1 0 14 0 0 0 0 0 0 0 0 0 0 0 0 0 0 0 0 0 0 19 21 0 0 2 0 
 17 10 64 3 3 3 8 51 3 3 3 6 3 8 3 4 3 3 4 3 203 2 7 0 0 0 203 0 0 0 0 0 0 0 0 0 65 0 0 0 61 293 0 367 46 39 276 107 217 267 125 64 90 65 277 168 79 252 63 39 6 0 0 0 0 0 6 7 1 0 0 2 4 0 0 0 0 2 0 0 8 5 0 0 0 0 7 22 4 0 9 0 8 3 9 1 26 0 0 0 0 0 0 0 0 0 0 0 0 0 26 0 0 0 0 0 0 0 0 0 0 0 16 12 9 0 0 0 14 8 42 19 0 0 10 0 10 12 0 0 4 0 0 0 0 0 0 0 5 0 0 0 7 0 0 0 15 0 0 0 7 13 1 0 0 0 7 1 11 0 0 0 0 11 3 4 1 3 0 3 0 0 0 0 9 0 0 0 0 0 0 0 0 0 1 0 0 0 0 0 0 0 11 50 17 11 0 0 4 20 18 20 0 0 0 6 19 4 0 0 0 0 0 0 0 0 1 0 0 0 0 0 0 0 0 0 0 0 0 0 0 0 7 0 0 0 0 0 0 0 0 3 0 0 0 0 0 0 0 23 0 0 7 1 0 19 4 1 0 0 7 0 0 0 0 0 0 0 0 0 0 4 0 0 11 7 0 0 2 0 
 1 0 0 0 0 2 1 0 0 0 0 0 1 1 0 0 0 1 0 0 0 3 0 78 1 0 1 0 0 0 63 0 0 1 0 0 0 0 0 0 43 60 367 0 77 39 102 76 81 310 138 249 88 99 77 54 79 311 83 63 2 2 16 0 0 6 0 0 0 0 3 0 0 0 3 0 0 4 1 12 0 0 0 0 0 9 0 0 0 0 0 0 0 0 0 0 0 0 0 0 0 0 0 0 0 0 0 0 0 0 0 0 0 0 0 0 0 0 0 0 0 30 1 11 24 9 0 0 0 0 3 21 0 1 0 1 0 14 0 0 0 3 0 0 0 0 0 0 2 0 0 0 43 0 0 0 0 0 9 0 0 0 0 0 36 0 0 0 0 0 0 0 0 0 0 0 4 0 0 0 0 0 0 0 0 0 0 0 0 0 0 0 0 0 0 0 0 0 0 0 0 0 0 14 27 17 8 1 0 0 22 29 0 0 0 0 0 0 0 0 0 0 0 0 0 0 0 0 0 0 0 0 1 9 0 0 0 0 40 14 0 0 1 0 0 0 0 0 0 0 0 7 0 0 0 0 0 0 0 11 0 0 12 10 0 1 8 6 2 0 8 0 0 0 0 0 0 0 0 0 0 0 0 0 0 0 0 0 0 0 
 0 0 0 0 5 6 0 0 0 0 0 0 0 0 0 0 0 0 0 0 4 6 3 3 5 5 3 60 3 3 3 6 3 3 3 3 3 1 31 3 35 33 46 77 0 472 47 73 92 157 85 271 90 86 82 90 37 41 55 63 0 1 7 0 1 5 10 0 0 3 4 0 2 1 1 51 52 0 0 4 0 0 0 0 0 0 0 0 0 0 0 0 0 0 6 0 0 0 0 0 0 0 1 0 0 0 0 0 0 0 0 0 0 0 0 0 0 0 0 0 0 0 0 0 23 37 3 0 0 0 0 0 0 0 0 0 0 0 1 10 0 0 0 0 0 0 37 0 0 0 0 0 38 24 1 0 0 0 28 20 0 0 0 0 0 0 1 18 0 0 7 0 0 0 0 0 0 0 0 1 0 0 0 0 1 52 0 0 0 0 0 1 0 0 0 0 0 0 0 0 8 0 12 0 0 17 18 14 0 0 0 3 0 4 0 0 0 0 4 6 0 0 0 0 0 0 10 0 0 0 0 0 1 15 1 0 0 0 59 43 0 0 0 0 0 0 0 0 0 0 0 27 0 0 0 0 0 0 0 0 0 18 1 1 0 3 0 1 0 0 0 0 0 0 0 0 0 0 0 0 0 0 0 0 0 0 0 0 0 0 
 3 0 2 0 0 0 0 0 0 62 0 0 0 0 1 3 0 0 0 0 1 4 1 2 2 2 5 2 3 2 2 6 1 2 1 2 2 3 1 2 46 34 39 39 472 0 50 36 50 111 104 53 41 240 68 101 71 284 47 54 0 0 0 0 0 0 4 0 0 0 0 0 0 1 2 0 0 0 136 2 0 0 0 18 0 0 0 0 0 0 0 0 0 0 6 0 0 0 0 0 0 0 0 9 0 0 0 0 0 0 0 0 0 0 0 0 0 0 0 0 8 0 8 8 1 21 0 3 0 0 0 0 0 5 8 0 0 34 0 0 16 0 0 0 0 0 14 0 0 16 12 1 0 18 1 0 0 0 6 5 0 0 0 0 0 0 1 0 0 0 7 0 0 0 0 0 0 0 0 0 0 0 0 0 0 0 0 0 0 0 0 0 0 0 0 0 0 0 0 0 0 13 9 0 0 27 0 15 0 0 0 0 0 0 2 2 6 0 0 0 6 0 0 0 0 0 29 0 0 0 0 0 23 10 17 0 0 0 15 26 0 0 0 0 0 0 0 0 0 0 0 10 0 0 0 0 0 0 0 0 0 0 0 0 0 1 1 0 0 0 0 0 0 0 0 0 0 0 0 0 0 0 21 0 0 0 0 0 0 0 
 0 0 0 0 0 0 0 0 0 0 0 0 0 0 0 0 0 0 0 0 0 3 61 2 0 212 0 2 0 0 1 3 0 0 0 0 0 0 0 0 557 55 276 102 47 50 0 89 63 242 240 36 413 315 116 272 52 39 140 418 0 0 0 2 0 0 0 2 0 0 0 0 0 0 1 0 0 0 0 0 0 0 0 0 0 0 0 0 0 0 0 0 0 0 0 0 0 0 0 0 0 0 0 0 0 0 0 0 0 0 0 0 0 0 0 0 0 0 0 0 26 25 0 5 0 0 1 31 3 1 9 12 0 35 29 30 11 30 0 0 0 0 0 1 0 0 0 0 0 0 0 0 1 0 6 0 0 0 1 0 0 3 0 0 0 0 0 0 0 0 0 0 8 0 6 0 0 0 0 9 0 0 0 0 0 0 0 0 0 0 0 0 0 0 0 3 0 0 0 0 66 32 43 6 7 7 6 8 22 0 9 4 21 20 43 12 22 26 0 0 0 0 0 0 0 0 0 0 0 0 0 0 0 0 0 0 12 0 0 0 0 0 0 0 0 0 0 0 0 0 0 2 0 1 0 0 0 0 0 2 0 0 1 0 2 4 4 0 0 0 0 0 0 0 0 0 0 0 0 0 0 0 0 0 4 0 0 0 1 0 
 3 69 5 3 3 3 3 39 3 3 3 3 3 3 3 3 3 3 3 4 0 3 0 0 1 0 0 0 0 0 0 0 0 0 2 25 0 0 0 0 309 355 107 76 73 36 89 0 150 40 252 44 93 338 311 66 66 59 60 55 0 0 0 4 0 1 0 0 0 4 5 8 0 0 0 0 0 3 0 3 0 0 0 0 0 0 0 0 0 0 0 28 0 0 0 0 0 0 0 0 0 0 0 0 0 0 0 0 0 0 0 0 0 0 0 0 0 0 0 1 18 26 20 3 3 0 0 10 7 16 23 0 0 1 10 26 25 16 0 0 3 0 0 0 6 8 0 0 11 0 0 0 0 0 3 0 0 0 0 0 0 0 0 0 0 0 0 0 52 0 0 12 3 0 0 0 0 0 0 0 0 0 0 0 0 0 0 0 0 0 0 0 0 0 0 0 0 0 0 0 14 21 34 1 0 0 1 36 9 54 18 4 0 0 36 21 40 14 0 1 0 0 0 0 0 5 0 0 0 0 0 3 0 0 0 0 0 0 0 0 0 0 0 0 0 0 0 0 0 0 0 3 2 0 0 0 0 0 0 4 0 0 0 0 0 2 0 0 0 0 50 0 0 0 0 4 0 0 0 0 0 0 0 0 7 13 0 1 1 0 
 0 0 0 0 0 0 0 0 0 0 0 0 0 0 0 2 0 0 0 0 48 0 0 0 2 0 0 0 0 0 0 0 0 81 0 0 0 0 0 0 48 192 217 81 92 50 63 150 0 213 34 31 135 94 215 194 157 162 60 94 7 2 0 0 0 0 0 0 0 28 0 1 0 0 2 0 0 0 0 0 0 0 0 0 0 0 12 0 2 0 0 0 0 0 0 0 0 0 0 0 0 0 0 0 0 0 0 0 11 0 0 0 0 0 0 0 0 0 0 0 10 0 42 33 14 0 0 3 17 3 49 49 0 11 13 11 37 45 0 0 9 0 0 10 0 0 0 0 7 0 0 0 9 0 0 0 0 0 0 0 0 0 0 0 0 0 0 0 16 0 0 0 0 0 0 0 1 0 0 0 0 9 0 0 0 0 0 0 0 0 0 0 0 0 0 0 0 0 0 0 0 11 13 21 4 17 0 11 1 56 28 18 0 0 2 2 27 11 0 0 0 0 0 0 0 0 0 7 0 0 0 0 0 0 0 0 0 16 0 0 0 0 20 0 0 0 0 0 0 0 0 10 0 2 0 0 0 0 0 33 0 0 1 0 0 19 2 1 0 0 6 0 0 1 0 0 0 0 0 0 0 0 6 0 15 13 0 0 2 0 
 0 0 0 0 5 6 0 0 0 0 0 0 0 1 0 0 1 0 0 2 3 5 12 12 6 3 3 3 63 20 5 8 3 3 64 5 8 5 3 3 35 31 267 310 157 111 242 40 213 0 271 115 266 86 114 299 264 95 58 101 0 0 8 0 0 2 0 0 3 0 0 2 2 0 4 0 0 2 2 7 0 0 0 0 0 0 0 0 0 0 0 0 28 0 0 0 0 0 0 0 0 0 0 3 4 3 0 0 0 5 4 0 0 0 0 0 0 0 0 0 0 0 18 39 15 1 0 0 15 0 26 107 0 0 0 1 0 10 3 0 5 0 0 0 0 0 0 0 9 0 0 0 9 0 0 0 0 0 0 0 0 0 0 0 0 0 0 0 1 17 0 0 0 0 6 0 5 0 0 0 0 0 0 3 11 1 0 0 0 5 8 3 0 0 0 0 0 0 0 0 0 0 1 58 37 12 0 2 0 1 4 44 0 0 0 2 0 8 0 0 0 0 0 0 0 0 0 0 0 0 0 0 0 1 0 0 0 0 2 1 0 0 14 0 0 0 0 0 0 0 0 8 0 0 0 0 0 0 3 12 0 26 112 66 0 14 0 64 0 11 3 0 0 0 0 0 0 0 0 0 0 0 0 0 15 11 0 0 2 0 
 0 0 7 0 0 0 0 0 0 0 0 0 35 0 0 0 0 0 0 0 0 9 2 3 3 7 0 3 0 0 0 5 0 0 0 207 5 5 0 0 24 31 125 138 85 104 240 252 34 271 0 257 35 38 295 146 87 279 38 88 0 0 8 0 9 11 0 2 0 0 0 0 2 2 0 0 0 3 0 59 0 0 0 10 0 0 0 0 0 0 0 1 0 0 0 26 0 0 0 0 0 0 0 0 0 0 0 0 0 0 0 0 0 0 0 0 0 0 0 3 0 0 9 23 29 26 0 0 1 0 5 13 0 0 0 0 0 13 0 0 0 0 0 0 0 0 9 0 1 0 0 0 30 0 0 0 0 0 18 0 0 0 0 0 0 0 0 1 0 0 0 0 0 0 0 0 3 0 0 0 0 0 0 22 0 0 0 0 0 0 0 0 0 0 0 0 0 11 0 7 0 0 0 15 39 13 0 0 0 0 10 16 0 0 0 0 0 0 0 0 0 0 0 0 0 0 0 0 0 0 0 0 0 4 0 5 0 0 20 13 0 0 0 0 0 0 0 0 0 0 0 10 0 0 0 0 0 0 0 0 0 0 31 32 0 3 1 7 1 0 14 0 0 0 0 0 0 0 0 0 0 4 1 0 1 0 0 0 0 0 
 0 0 0 0 0 0 0 0 0 0 0 0 0 0 65 0 0 0 0 0 3 3 3 4 3 3 3 3 3 3 4 3 3 3 3 3 3 2 3 3 39 31 64 249 271 53 36 44 31 115 257 0 245 47 55 47 67 89 37 27 0 0 4 0 24 6 53 3 0 1 1 3 45 0 2 0 0 55 3 13 0 0 0 0 0 0 0 0 0 0 0 0 0 0 0 0 0 0 0 0 0 0 0 0 0 0 0 0 0 0 0 0 0 0 0 0 0 0 0 0 0 0 0 13 17 57 0 0 0 0 0 11 0 0 0 0 0 0 0 0 1 0 0 0 0 0 5 9 0 0 0 0 20 16 6 0 0 0 23 0 0 0 0 0 0 0 0 0 0 0 8 0 0 0 0 0 3 0 0 0 0 0 0 0 0 0 0 0 0 0 0 0 0 0 0 0 0 0 0 0 0 0 0 0 18 18 10 0 0 0 2 7 0 0 0 20 0 0 0 0 6 0 0 0 0 0 55 4 0 0 0 0 0 3 0 2 0 4 50 31 0 0 0 0 0 0 0 0 0 0 0 13 0 0 0 0 0 0 0 1 1 0 76 63 4 2 2 64 0 0 1 0 0 0 0 0 0 0 0 0 0 0 0 0 0 0 0 0 0 0 
 0 0 0 0 0 0 0 0 0 0 0 0 0 0 0 0 0 0 0 0 6 0 0 0 0 1 10 1 0 0 0 4 5 6 1 0 0 3 1 8 69 58 90 88 90 41 413 93 135 266 35 245 0 84 38 84 16 32 316 194 0 0 0 4 0 0 0 6 0 0 0 1 0 2 1 0 0 0 0 0 0 0 0 0 0 0 0 0 0 0 0 0 0 0 0 0 0 0 0 0 8 5 1 0 0 0 1 12 13 0 0 0 1 0 2 0 1 0 0 0 35 1 0 0 0 0 54 45 0 2 0 0 0 50 17 15 0 2 0 12 0 0 17 0 0 0 10 0 0 0 0 0 0 0 5 10 0 0 0 0 0 5 0 4 0 0 0 0 0 0 0 0 0 10 40 0 0 0 0 0 7 0 8 0 0 0 11 10 2 0 0 0 0 3 6 16 0 1 0 7 14 16 0 0 0 0 21 18 18 0 0 0 37 9 4 10 2 1 0 9 0 0 0 0 0 0 0 0 0 0 0 0 8 0 0 0 0 0 0 0 0 0 0 0 0 0 0 0 0 30 0 17 0 2 0 0 0 0 0 1 0 0 0 0 0 1 2 0 1 0 0 0 0 0 0 0 0 0 0 0 0 0 0 0 0 0 0 0 2 0 
 0 0 0 0 0 0 0 0 0 0 0 0 0 0 0 2 0 2 0 0 0 1 0 0 0 0 2 0 1 0 0 0 0 0 2 0 0 3 0 0 125 74 65 99 86 240 315 338 94 86 38 47 84 0 330 35 38 44 66 160 0 3 0 3 0 0 0 0 0 0 3 3 1 0 2 0 0 0 0 3 0 0 0 0 0 0 0 0 0 0 0 0 0 0 0 0 0 0 0 0 0 0 0 0 0 0 0 0 0 0 0 0 0 0 0 0 0 0 0 0 9 33 7 0 0 0 1 31 15 27 0 0 1 29 19 36 21 26 0 0 0 9 0 0 0 0 0 0 0 0 0 0 0 0 20 0 0 0 0 0 0 1 0 0 0 0 0 0 18 0 0 0 0 0 1 0 0 0 0 0 0 0 0 0 0 0 0 0 0 0 11 0 0 0 0 0 0 0 0 0 46 52 17 0 0 0 8 39 17 31 9 0 1 0 32 35 14 23 0 0 0 18 0 0 0 0 0 0 0 0 0 0 0 0 0 0 0 0 0 0 0 0 0 0 0 0 0 0 0 0 0 7 0 0 0 0 0 0 0 0 0 0 2 0 1 0 1 0 0 0 0 0 0 0 0 0 0 0 0 0 0 0 0 12 0 0 0 0 2 0 
 2 2 2 2 2 2 2 2 2 2 2 2 2 2 2 9 2 5 2 2 2 0 0 0 0 3 6 0 0 0 0 5 64 2 1 3 0 0 4 5 259 249 277 77 82 68 116 311 215 114 295 55 38 330 0 109 50 45 69 324 14 0 0 0 0 0 0 0 0 0 0 1 0 0 0 4 0 2 0 0 0 0 0 0 0 0 0 0 5 0 0 0 0 0 0 0 0 0 0 0 5 0 0 0 0 0 4 6 0 0 0 0 4 12 25 0 0 0 0 10 7 29 22 1 1 0 0 10 27 16 31 0 0 0 11 24 20 12 0 0 3 0 0 0 0 0 0 0 1 0 0 0 0 0 3 0 0 0 0 0 0 0 0 0 0 0 0 0 16 0 0 0 0 0 0 0 0 0 0 0 6 0 3 0 0 0 8 15 12 0 0 0 0 5 2 0 0 0 0 5 15 29 43 4 0 15 4 76 18 58 19 0 0 0 48 53 43 14 0 0 0 0 0 0 0 0 0 0 0 0 0 0 0 0 0 0 0 0 0 0 0 0 1 0 0 0 0 0 0 0 0 17 0 2 0 0 0 0 0 3 0 0 2 0 1 0 0 0 2 0 0 0 0 0 0 0 0 0 0 0 0 0 0 0 2 0 0 0 2 0 
 3 3 3 3 3 2 3 3 3 3 3 3 3 3 3 3 39 3 3 3 203 4 0 3 3 0 15 2 0 0 0 0 0 0 0 0 0 0 0 0 36 319 168 54 90 101 272 66 194 299 146 47 84 35 109 0 198 316 38 50 11 0 0 0 0 0 3 0 0 0 0 0 2 0 0 0 0 0 0 3 0 0 0 0 0 0 0 0 0 0 0 0 0 0 0 0 0 0 0 0 0 0 0 0 0 0 0 0 0 0 0 0 0 0 0 0 0 0 0 0 2 0 24 41 14 0 8 8 8 9 36 15 0 21 23 8 25 26 0 13 4 6 0 0 0 0 0 0 27 0 0 0 9 0 0 0 0 0 0 0 0 0 0 0 0 0 0 0 5 32 0 0 0 37 0 0 0 0 0 0 0 0 0 0 0 0 0 0 0 0 2 18 19 0 0 0 0 0 0 0 9 1 12 39 11 18 6 9 0 13 33 20 0 5 3 3 15 42 5 26 0 0 0 0 0 0 0 0 0 0 0 0 13 0 0 0 0 0 0 0 0 0 25 0 0 0 0 0 0 0 0 4 0 0 0 0 0 0 0 11 0 0 1 2 0 24 2 1 0 0 8 0 0 0 0 0 0 0 0 0 0 0 0 0 11 28 0 10 1 0 
 0 0 0 0 3 0 0 0 0 1 0 0 0 0 0 0 0 0 0 0 0 9 0 0 4 0 0 0 0 0 0 0 0 0 0 0 0 0 0 0 26 271 79 79 37 71 52 66 157 264 87 67 16 38 50 198 0 288 339 30 0 0 0 1 0 2 0 2 0 0 0 0 0 0 0 0 0 0 0 0 0 0 0 0 0 0 0 0 0 0 0 0 0 0 0 0 0 0 0 0 0 0 0 0 0 0 0 0 0 0 0 0 0 0 0 0 0 0 0 0 0 1 30 20 30 0 0 3 7 33 48 14 0 0 0 0 13 16 0 16 4 0 0 0 0 0 0 0 6 0 1 0 3 0 0 0 0 0 4 0 0 0 0 0 0 0 0 0 6 0 0 0 0 0 1 0 0 13 0 0 0 0 0 0 0 0 0 0 0 0 0 0 0 0 0 0 0 0 0 0 0 1 10 57 16 16 0 1 16 19 20 19 1 0 0 31 19 2 0 0 0 0 0 0 0 3 1 0 0 0 0 0 0 0 32 0 0 0 0 0 0 0 10 0 0 0 0 0 0 0 0 9 0 0 0 0 0 0 0 20 1 0 0 3 2 12 0 0 1 0 14 0 0 0 0 0 0 0 0 0 0 0 0 0 13 13 0 0 2 0 
 0 0 3 0 0 0 0 0 0 0 0 0 0 0 0 0 0 0 0 2 0 1 60 0 0 0 2 0 0 0 0 2 0 0 0 0 1 0 0 0 20 41 252 311 41 284 39 59 162 95 279 89 32 44 45 316 288 0 32 39 0 0 1 0 54 1 0 0 0 0 0 0 0 0 2 0 0 3 0 75 0 0 0 10 0 0 0 0 0 0 0 0 0 0 0 0 0 0 0 0 0 0 0 0 0 0 0 0 0 0 0 0 0 0 0 7 0 0 0 0 0 0 18 44 17 0 0 0 16 0 27 32 0 0 0 0 0 21 0 0 8 0 0 0 0 0 0 0 6 0 0 0 7 0 0 0 0 0 0 1 0 0 0 0 0 0 0 0 0 0 0 0 0 0 0 0 2 0 0 0 0 0 0 0 1 0 0 0 0 0 0 0 7 0 0 0 0 0 0 0 0 0 0 28 35 16 0 0 0 0 1 24 0 0 0 0 0 6 0 0 0 0 0 0 0 0 0 0 0 0 0 0 0 0 0 0 0 0 0 2 0 0 20 0 0 0 0 0 0 0 0 6 0 0 0 0 0 0 0 19 0 0 62 62 0 15 5 82 0 0 1 0 0 0 0 0 0 0 0 0 0 0 0 0 15 61 0 0 1 25 
 0 0 2 0 0 24 0 0 0 0 0 0 0 0 0 0 0 0 0 0 3 6 15 0 0 186 0 2 4 0 2 0 0 12 5 3 0 0 200 0 26 47 63 83 55 47 140 60 60 58 38 37 316 66 69 38 339 32 0 200 2 11 3 21 0 0 3 12 1 2 0 1 0 4 1 4 4 6 0 0 0 0 0 0 0 0 3 0 0 0 0 0 0 0 0 0 0 0 0 11 0 1 11 5 0 0 0 0 6 0 0 0 0 0 0 7 3 7 0 0 19 0 0 0 0 0 32 1 0 0 0 0 59 10 7 0 0 0 0 8 0 0 2 0 0 0 3 0 0 0 0 0 0 0 0 0 0 0 0 0 0 2 0 0 0 0 0 0 0 0 0 0 3 0 4 0 10 0 0 0 0 3 1 7 0 0 0 0 0 2 0 0 0 0 6 7 7 10 0 0 17 2 0 0 9 0 19 10 10 0 0 0 44 62 0 0 0 0 9 14 0 0 0 0 0 0 0 0 0 0 0 0 0 0 0 0 0 0 0 15 0 0 3 0 0 0 0 0 0 0 0 5 0 0 0 0 0 0 0 0 0 0 0 0 0 1 2 0 0 0 0 0 0 0 0 1 0 0 0 0 0 5 0 0 0 0 0 0 0 0 
 0 0 0 0 4 4 0 0 0 0 0 0 0 0 0 0 4 0 0 3 0 0 0 0 1 0 0 0 0 1 0 0 0 0 0 0 0 7 27 1 341 64 39 63 63 54 418 55 94 101 88 27 194 160 324 50 30 39 200 0 0 0 0 8 0 0 0 14 203 0 0 0 55 0 3 0 52 0 2 0 0 0 0 0 2 0 0 0 0 0 0 0 0 0 0 0 0 0 0 0 18 0 24 0 0 0 7 0 0 0 0 0 7 1 0 0 0 0 0 0 12 1 0 0 0 0 20 44 0 0 1 0 0 56 21 3 0 21 0 8 0 4 0 0 0 0 0 0 0 0 0 0 0 0 6 0 0 0 0 0 0 4 0 0 0 0 0 0 0 0 0 0 0 7 5 0 0 1 0 0 0 0 0 0 1 1 0 0 0 0 0 3 4 0 0 14 0 0 4 0 36 31 17 0 0 0 17 3 23 1 0 0 34 21 8 17 22 12 0 41 0 0 0 0 0 0 0 0 0 0 0 0 0 5 0 0 0 0 0 0 0 0 0 0 0 0 0 0 0 31 0 7 17 2 0 0 0 0 0 2 0 0 0 0 1 2 2 0 0 0 0 0 0 0 0 0 0 0 0 0 0 0 0 0 0 0 0 0 1 0 
 0 0 0 0 0 0 0 0 0 0 0 0 0 0 0 0 0 0 0 54 3 3 3 3 5 3 3 3 3 3 3 3 3 3 3 3 3 3 3 3 2 0 6 2 0 0 0 0 7 0 0 0 0 0 14 11 0 0 2 0 0 128 102 57 252 23 287 249 62 48 42 53 73 113 273 35 36 36 63 188 0 0 0 0 0 0 0 0 0 0 0 9 0 0 0 0 0 0 0 0 0 0 0 0 0 0 0 0 0 0 0 0 0 0 0 0 0 0 0 0 0 0 0 0 0 0 0 0 0 0 0 0 0 0 0 0 0 0 0 0 9 52 19 17 0 2 0 4 8 52 7 0 0 8 11 27 0 15 0 9 0 0 0 0 0 1 1 0 0 0 0 0 3 0 0 4 0 0 0 0 0 0 0 0 0 0 0 0 0 0 0 0 0 0 0 0 0 0 0 0 0 0 0 0 0 0 0 0 0 0 0 0 0 0 0 0 0 0 0 0 19 28 23 10 0 4 14 66 9 10 12 0 1 5 20 62 21 90 0 0 60 0 0 0 0 0 0 0 0 0 0 0 0 0 12 0 0 0 0 0 0 0 0 0 0 0 0 0 0 0 3 1 0 8 39 0 0 0 0 0 0 0 0 0 0 0 0 9 0 0 
 0 32 43 0 0 0 0 0 0 0 0 0 0 0 0 1 0 37 0 0 4 0 0 0 4 12 0 0 0 0 0 1 0 0 0 0 60 0 0 0 203 0 0 2 1 0 0 0 2 0 0 0 0 3 0 0 0 0 11 0 128 0 241 76 253 31 97 291 218 101 266 48 33 53 157 169 129 67 61 43 0 0 0 0 0 0 0 0 0 0 0 0 0 0 0 0 0 0 0 0 0 0 0 0 43 1 0 0 0 0 0 0 0 0 0 0 0 0 0 0 7 0 0 0 0 0 3 0 0 0 0 0 3 0 0 0 0 0 0 9 0 19 8 36 1 26 0 7 14 16 18 31 0 0 0 3 12 12 0 1 0 0 2 0 0 5 0 0 0 0 0 0 0 0 0 6 0 0 0 2 0 0 0 0 0 0 0 0 0 0 0 0 0 0 0 0 0 0 0 0 0 0 0 0 0 0 0 0 0 0 17 0 1 5 0 0 0 0 0 22 0 0 19 30 0 0 2 9 36 21 14 27 0 1 3 11 60 9 0 0 9 0 0 0 0 0 0 0 0 0 0 0 0 0 11 0 0 0 0 0 0 0 0 0 0 0 10 1 0 0 12 0 0 15 0 0 0 0 0 0 0 0 0 0 0 0 0 0 0 0 
