 0 308 57 61 250 22 429 413 255 32 91 39 61 182 393 48 57 39 35 294 3 0 0 3 0 3 0 0 4 0 0 0 0 3 0 4 2 0 0 0 3 0 2 0 0 0 0 2 4 0 0 1 0 0 0 63 2 0 0 2 3 3 0 0 0 3 0 0 0 2 0 0 0 2 0 0 0 0 1 1 18 10 2 0 0 0 6 32 3 10 0 0 0 55 41 54 1 25 0 0 0 0 0 0 0 0 0 0 0 0 0 0 0 0 0 0 3 0 0 1 0 0 0 0 0 0 0 0 0 1 0 0 0 0 0 0 0 0 0 0 20 0 0 5 0 0 0 0 1 0 0 0 1 0 10 0 3 0 0 0 8 55 8 1 0 14 12 14 10 0 10 0 0 31 19 35 10 10 0 0 0 0 0 0 0 0 0 2 0 0 0 0 0 0 13 0 0 0 0 12 0 0 0 0 0 0 17 0 0 1 0 0 0 0 0 0 0 1 1 0 0 0 0 1 0 0 0 0 0 0 0 0 0 0 1 0 0 0 0 0 0 0 0 0 0 0 2 0 0 2 0 0 0 0 0 0 0 0 0 0 0 0 0 0 0 0 0 0 0 0 0 0 0 0 0 0 0 0 0 0 0 0 0 0 0 0 0 0 0 0 
 308 0 377 87 56 29 338 443 666 41 74 134 56 175 303 424 353 36 42 57 3 0 0 0 0 3 0 2 3 7 0 0 0 7 0 3 3 0 39 0 5 3 2 0 0 0 0 0 7 0 0 1 0 0 2 63 2 3 0 2 3 1 0 0 0 6 0 0 0 4 0 0 1 5 0 0 54 0 0 0 1 33 90 32 0 2 0 69 62 28 23 2 0 0 14 46 43 36 0 0 0 0 0 14 0 0 0 0 0 0 0 0 0 0 0 0 0 0 0 0 0 0 0 0 0 0 8 0 2 0 0 0 0 0 0 0 0 0 0 0 0 0 0 1 0 0 0 0 1 0 0 0 0 0 0 0 7 0 4 0 0 15 62 38 0 0 0 31 19 18 2 3 0 31 12 28 29 20 0 0 0 0 0 0 0 0 0 0 0 0 0 0 0 0 0 0 0 0 0 8 0 0 0 0 0 0 0 0 0 0 0 0 0 0 0 0 0 0 10 0 0 0 0 0 2 0 0 0 0 0 1 0 0 0 0 0 0 1 0 0 0 2 0 0 0 0 0 0 1 0 0 0 0 0 0 0 0 0 0 0 0 0 33 0 0 0 0 0 0 0 0 0 0 0 0 0 0 14 0 0 0 0 0 0 0 0 0 0 0 0 
 57 377 0 116 53 46 68 96 505 709 45 32 289 76 51 214 402 851 34 46 3 0 0 0 2 4 0 1 3 0 0 2 0 3 25 3 3 0 74 0 6 0 2 1 5 0 2 0 0 0 0 0 0 0 0 1 0 3 0 4 2 3 0 2 0 3 0 0 0 46 0 0 0 2 0 0 0 0 0 2 0 30 47 34 43 1 0 13 48 36 30 1 10 0 0 0 42 33 0 0 0 0 0 0 0 0 0 0 0 0 2 0 0 1 0 0 2 0 0 0 0 0 0 0 0 2 0 0 0 0 0 0 0 1 0 0 0 2 0 0 0 15 0 0 0 2 0 0 0 0 0 0 0 0 0 0 0 0 1 1 0 0 34 41 2 13 2 19 31 17 46 32 0 0 12 0 22 27 0 1 0 0 0 0 0 0 0 0 0 0 0 1 0 0 0 0 0 0 0 0 0 0 0 0 0 0 0 0 0 0 0 0 0 0 0 0 0 0 13 0 0 0 0 0 0 0 0 0 0 0 0 0 1 0 0 0 2 0 0 0 0 0 0 0 0 0 6 0 0 4 2 2 52 0 0 0 0 0 23 0 0 0 4 0 0 0 0 0 0 1 0 0 0 0 0 23 0 21 0 0 14 0 0 0 0 2 0 0 0 0 
 61 87 116 0 81 48 82 56 315 476 297 342 73 96 66 68 42 404 62 55 3 0 0 0 2 3 0 0 3 0 0 1 0 3 83 124 2 2 3 0 5 3 2 1 10 0 1 0 0 1 5 2 2 2 1 11 0 2 0 7 3 3 1 0 0 5 0 1 6 3 3 2 0 2 3 0 0 5 0 0 0 1 4 18 44 13 0 0 4 34 25 39 0 0 0 0 3 9 0 0 0 0 0 0 0 0 0 0 0 0 0 0 0 0 0 0 0 0 11 0 0 0 0 0 0 0 0 1 0 0 0 0 0 0 0 14 0 0 0 0 0 0 1 0 0 0 0 0 0 0 0 0 0 0 0 0 0 0 0 0 0 0 13 14 24 26 0 0 15 18 28 54 1 0 5 0 0 14 0 0 0 0 0 0 0 0 0 0 0 0 1 0 0 0 0 0 0 0 0 0 0 0 0 2 0 0 0 0 0 0 1 0 0 0 0 0 0 0 0 0 0 0 0 0 0 0 0 0 1 0 0 0 0 0 0 0 0 0 0 0 0 22 0 0 0 3 96 2 0 54 0 10 7 0 0 0 1 0 0 0 0 0 0 0 0 0 0 0 0 0 0 1 0 0 0 23 9 0 0 0 0 0 0 0 0 0 0 0 0 0 
 250 56 53 81 0 415 281 67 58 303 269 332 120 92 158 85 70 56 79 69 4 1 0 0 3 3 0 2 3 3 2 0 1 6 1 3 3 0 4 3 3 62 2 2 3 0 0 0 0 5 3 0 0 3 1 0 0 3 2 2 50 3 4 2 4 3 0 0 4 2 0 4 0 5 0 0 4 0 0 0 0 0 0 0 47 70 0 0 0 1 0 26 0 2 0 0 0 0 0 0 4 0 0 0 0 0 33 10 0 0 0 0 0 0 1 52 0 0 35 72 0 2 0 0 0 0 0 0 0 2 0 0 0 0 0 19 0 0 0 0 0 0 5 0 0 0 0 0 0 0 8 0 0 0 13 0 0 0 0 0 0 0 0 0 27 25 0 0 0 0 11 0 0 0 2 0 0 0 0 0 0 0 0 0 0 0 0 0 0 0 0 0 23 1 0 0 0 0 26 9 2 0 0 0 0 0 0 0 0 0 0 0 0 16 0 0 0 0 0 0 0 0 0 0 0 0 0 0 0 0 2 0 0 0 0 0 0 1 0 0 0 1 0 0 0 0 5 0 3 2 0 2 1 0 2 0 0 0 0 0 0 0 0 0 0 0 0 0 0 0 2 0 0 0 0 1 0 0 0 0 0 0 0 0 0 0 0 0 0 0 
 22 29 46 48 415 0 26 30 47 43 88 104 34 51 55 71 85 499 41 53 3 0 0 0 0 3 1 0 3 0 0 0 34 3 0 3 2 0 247 2 3 35 2 0 0 43 0 0 0 0 0 0 0 2 68 0 2 1 0 2 3 3 0 0 0 3 0 0 0 2 3 0 0 2 0 0 0 0 0 0 0 0 0 0 3 46 0 0 0 0 1 0 0 0 0 0 0 0 0 0 31 0 0 0 0 0 30 5 0 0 0 0 0 15 2 0 0 0 43 47 0 0 0 0 0 0 0 0 0 0 0 0 0 0 0 0 0 0 0 1 0 0 10 0 1 0 0 0 0 0 5 0 0 0 0 0 0 0 0 0 0 0 0 0 16 9 0 0 0 0 0 0 0 2 0 0 0 0 0 0 14 1 0 0 0 0 40 0 0 0 0 0 55 1 3 0 0 0 17 28 0 0 0 0 0 0 0 0 2 0 31 0 0 0 0 0 0 0 0 0 0 0 0 0 0 0 0 0 0 0 0 0 0 0 0 0 0 0 0 0 0 0 0 0 0 5 1 0 0 0 0 4 5 0 2 0 0 0 0 0 0 0 0 0 0 0 0 0 63 0 0 0 0 0 0 0 0 0 0 0 0 0 0 0 0 0 0 0 0 0 
 429 338 68 82 281 26 0 103 59 28 241 32 516 476 31 39 27 49 38 199 3 0 3 1 78 5 0 0 3 3 0 4 2 3 0 3 6 0 1 0 3 0 5 63 0 0 0 6 4 2 0 7 0 3 0 8 1 0 5 2 3 3 0 3 2 3 0 0 0 2 0 0 0 2 0 0 0 0 56 9 30 1 0 0 0 0 21 43 14 21 0 0 13 45 57 2 0 0 0 0 0 0 0 0 0 0 0 0 0 0 0 0 0 0 0 0 0 0 0 0 0 0 0 0 0 0 0 0 0 0 0 0 0 0 0 0 14 0 0 0 0 0 0 4 0 0 0 0 0 0 0 0 0 0 0 0 0 0 0 0 47 50 0 0 0 0 72 0 0 0 7 0 13 40 28 22 0 0 0 16 0 0 0 0 0 0 0 0 0 0 0 0 0 0 0 0 0 0 0 0 0 0 0 0 0 0 0 0 0 0 0 0 0 0 0 9 0 0 0 0 0 0 0 0 0 0 0 0 0 0 0 0 0 0 0 0 0 0 0 0 0 0 0 0 0 2 0 0 2 0 1 5 0 0 0 0 0 0 0 0 0 0 0 0 0 0 0 0 0 0 0 0 0 0 0 0 0 0 0 0 0 0 0 0 0 0 0 0 0 0 
 413 443 96 56 67 30 103 0 187 42 79 28 114 497 158 155 26 33 85 147 3 0 0 0 0 4 0 0 3 6 2 0 0 80 2 3 19 0 74 0 3 1 2 0 0 0 0 0 0 0 0 0 0 0 0 36 0 2 0 2 3 2 0 0 0 3 31 0 0 2 0 0 0 2 32 0 34 0 0 0 18 29 11 24 0 0 0 28 34 21 10 0 0 11 50 38 37 41 0 0 0 19 38 0 0 15 0 0 0 15 2 0 0 0 0 0 0 0 0 0 0 0 1 0 0 2 0 0 0 0 0 0 0 0 0 0 0 2 0 0 0 0 0 35 0 2 0 0 0 0 25 0 0 0 0 0 7 0 4 0 0 25 40 30 2 0 1 21 11 0 9 0 0 45 0 32 23 35 0 0 18 0 0 0 0 0 1 0 0 0 0 0 0 0 2 0 0 0 0 0 0 0 0 0 0 0 2 0 0 0 0 0 0 0 0 0 0 0 31 0 0 0 0 0 0 0 0 0 0 2 0 0 1 0 17 0 0 0 2 0 0 0 0 0 0 1 0 0 0 0 0 2 0 0 0 0 0 0 0 0 0 0 0 0 0 0 0 0 0 0 0 0 0 0 0 0 0 25 0 0 0 0 0 0 0 1 0 0 0 0 
 255 666 505 315 58 47 59 187 0 354 10 55 92 102 161 268 420 286 87 56 6 0 1 1 3 3 0 2 3 2 0 2 2 3 0 3 3 0 91 0 5 2 5 0 10 0 0 0 0 0 0 3 0 0 31 4 4 0 0 5 1 6 0 1 0 2 0 0 0 5 0 0 1 5 0 0 0 0 2 0 0 38 55 28 21 0 0 9 50 26 20 7 0 0 0 14 58 31 0 0 16 17 0 0 0 0 0 0 0 0 0 0 0 0 0 0 0 0 0 0 0 0 0 0 0 0 0 0 0 0 0 0 0 0 0 0 0 0 0 0 0 0 0 0 0 0 0 0 0 0 0 0 0 0 0 0 0 0 1 0 0 0 51 43 0 13 0 23 27 31 24 40 0 0 13 0 20 24 0 0 0 0 0 0 0 0 0 0 0 0 0 0 0 0 0 0 0 0 0 0 0 0 0 0 0 0 0 0 0 0 0 0 0 0 0 0 0 29 13 0 5 0 0 0 0 0 0 0 0 0 0 17 0 0 0 0 0 0 0 0 0 0 0 0 0 0 4 0 1 2 0 2 10 0 0 0 0 0 0 0 0 0 32 0 0 0 0 0 0 0 0 0 0 0 0 27 0 13 0 0 0 0 0 0 0 0 0 0 0 0 
 32 41 709 476 303 43 28 42 354 0 266 268 74 136 105 362 409 232 73 105 6 3 0 0 0 3 2 0 2 0 0 0 4 3 0 3 4 3 1 0 3 2 2 0 19 0 0 0 1 0 0 0 0 10 0 4 2 0 0 6 3 0 0 0 2 3 0 0 0 2 0 3 0 2 0 0 3 3 0 0 0 7 73 33 8 0 2 1 28 39 35 28 0 0 0 2 6 6 0 0 0 0 0 0 1 0 0 0 0 0 0 0 0 0 0 0 4 0 0 0 0 0 0 20 0 0 0 0 0 0 0 0 0 0 0 1 0 0 1 0 0 0 1 0 0 0 2 0 0 0 0 0 0 0 0 0 0 0 0 0 14 0 53 19 17 9 0 1 18 30 12 55 1 0 10 1 0 10 0 0 0 0 0 0 1 0 0 0 0 0 22 0 0 0 0 0 0 0 0 0 0 0 0 0 0 0 0 0 0 0 0 0 0 0 0 0 0 0 0 0 1 0 0 0 0 0 0 0 0 0 0 0 0 0 0 0 0 0 0 0 0 16 9 0 0 2 200 1 0 173 0 0 9 0 0 0 0 0 0 0 0 0 15 0 0 0 0 0 0 0 0 0 0 0 0 26 13 0 0 0 0 0 0 0 0 0 0 0 0 0 
 91 74 45 297 269 88 241 79 10 266 0 698 34 62 72 80 129 224 40 146 3 0 0 0 0 3 0 0 3 0 0 0 0 3 0 3 3 0 0 0 3 0 2 0 4 0 0 0 0 0 0 0 0 0 0 1 0 0 0 21 3 3 0 0 0 3 0 0 0 2 0 0 0 2 0 0 0 1 0 0 0 0 0 26 36 15 2 0 2 15 20 45 0 0 0 0 0 0 0 0 0 0 0 0 0 0 0 0 0 0 0 0 0 0 0 0 0 0 10 0 0 0 0 0 0 0 0 0 0 0 0 0 0 0 0 8 1 0 0 0 0 0 1 0 0 0 2 0 0 0 16 0 0 0 0 0 0 0 0 0 0 0 0 6 26 26 0 0 0 12 23 13 1 0 6 0 0 13 0 0 0 0 15 0 1 0 0 0 0 0 2 0 0 0 0 0 0 0 14 0 0 0 0 2 0 0 0 0 0 0 11 0 0 0 0 0 0 0 17 0 0 0 0 0 0 0 0 0 0 0 0 0 0 0 0 0 0 0 0 0 0 25 0 0 0 0 91 0 2 133 0 0 0 0 0 0 0 0 0 0 0 0 9 0 0 0 0 0 0 0 0 0 0 0 0 6 10 0 0 0 0 0 0 0 0 0 0 0 0 0 
 39 134 32 342 332 104 32 28 55 268 698 0 250 54 42 20 303 298 30 241 3 0 0 0 2 3 0 0 3 0 0 0 0 3 1 4 2 0 0 0 6 1 2 0 2 0 2 0 0 0 0 0 0 3 0 0 12 5 2 3 3 2 0 3 2 3 0 0 0 2 0 2 0 2 0 0 2 0 0 0 0 1 0 7 17 31 0 0 0 0 11 34 0 0 0 0 1 0 0 0 0 0 0 0 0 2 0 0 0 0 0 0 23 0 0 0 0 7 18 1 0 0 0 0 0 0 0 0 1 0 0 0 0 0 0 18 0 12 0 0 10 1 1 0 0 0 0 0 0 0 0 0 0 0 0 0 0 0 0 0 0 0 0 3 27 23 0 0 0 13 5 0 0 0 0 2 0 0 0 0 0 0 0 1 0 0 0 2 0 0 0 0 1 0 0 0 0 0 0 17 0 0 0 0 0 0 0 0 0 0 0 0 0 0 0 0 0 0 0 0 0 0 0 0 1 0 0 0 0 0 2 0 0 0 0 0 1 2 0 0 0 17 0 0 0 4 174 0 0 86 1 0 4 0 0 0 0 0 0 0 0 0 0 0 0 0 0 0 0 0 0 0 0 0 0 0 0 0 0 0 0 0 0 0 0 0 0 0 0 1 
 61 56 289 73 120 34 516 114 92 74 34 250 0 97 116 35 22 52 481 457 5 0 0 0 1 3 0 1 6 0 5 0 0 3 0 8 1 1 0 4 2 9 2 0 0 0 0 3 2 0 0 3 0 0 0 0 2 1 0 2 3 0 0 0 3 6 0 0 0 2 0 0 0 2 0 0 0 1 27 42 46 0 0 0 0 0 53 33 3 0 0 0 27 36 2 0 0 0 0 0 0 0 0 0 0 1 0 0 0 0 13 0 0 0 0 0 0 0 0 0 0 0 0 0 0 0 0 0 0 0 2 0 0 0 0 0 0 0 0 0 0 0 0 0 0 0 0 0 1 0 1 0 1 0 0 0 0 0 0 0 30 18 0 0 1 0 43 0 1 1 2 0 24 24 45 0 0 0 39 11 0 0 1 0 0 0 0 2 0 0 0 0 0 0 0 0 0 0 0 0 2 0 0 0 0 0 0 0 0 0 0 0 0 0 0 0 0 0 0 0 0 0 0 0 0 0 0 0 0 0 0 0 0 0 0 0 0 0 0 0 0 0 0 0 0 2 1 0 0 0 2 0 2 0 0 0 0 0 0 0 0 0 0 0 0 0 0 0 0 0 0 0 0 0 0 0 0 0 0 0 0 0 0 0 0 0 0 0 0 0 
 182 175 76 96 92 51 476 497 102 136 62 54 97 0 469 30 247 54 71 357 3 1 0 0 0 3 0 0 3 0 0 0 72 3 0 4 4 1 0 0 3 0 2 0 0 0 0 4 3 0 0 0 0 0 0 64 6 0 0 2 3 3 0 0 0 3 0 0 0 9 0 0 0 2 0 0 0 0 1 5 28 11 0 0 0 0 9 31 6 28 0 0 0 33 33 80 1 29 0 0 0 0 0 0 0 0 0 0 0 0 0 0 0 0 0 0 0 0 0 0 0 0 0 0 0 0 0 0 0 0 0 0 0 0 0 0 11 0 0 1 0 0 0 3 1 0 0 0 0 0 0 0 0 0 1 0 3 0 0 0 14 38 12 1 0 0 17 10 9 1 0 0 0 55 40 37 10 11 0 0 0 0 0 0 0 0 0 0 0 0 0 0 0 0 0 0 0 2 0 0 0 0 0 0 0 0 0 0 2 0 0 0 0 0 0 2 0 0 1 0 0 0 0 0 0 0 0 0 0 0 0 0 0 0 0 0 0 0 0 0 0 0 0 0 0 0 1 0 0 0 2 4 0 0 0 0 0 0 0 0 0 0 0 0 0 0 0 0 0 0 0 0 0 0 0 0 0 0 0 0 0 0 0 0 0 0 0 0 0 0 
 393 303 51 66 158 55 31 158 161 105 72 42 116 469 0 156 66 116 167 126 5 0 0 0 0 78 0 0 3 0 0 1 0 3 0 4 4 1 80 0 3 63 2 0 0 0 0 0 0 0 0 0 0 0 0 35 0 0 0 2 3 2 0 0 0 7 0 0 0 2 0 0 0 2 2 0 34 0 0 0 0 78 10 15 0 1 0 26 53 7 9 0 0 18 37 73 71 47 0 0 0 0 0 0 0 2 0 0 0 0 0 0 0 0 0 0 0 0 0 0 0 0 0 0 0 0 0 0 1 0 0 0 0 0 0 0 0 0 0 0 0 1 0 6 0 0 0 0 0 0 0 0 0 0 0 0 10 0 5 0 0 33 29 21 0 0 1 27 7 0 10 13 0 30 0 31 33 13 0 0 0 0 0 1 0 10 0 0 0 0 0 0 0 0 0 0 0 0 0 0 0 0 0 0 0 0 0 5 0 0 0 0 0 0 0 0 0 0 16 0 0 0 0 1 2 0 0 0 0 0 2 0 0 0 0 0 0 2 0 0 0 0 1 0 0 0 0 0 0 4 0 0 0 0 0 0 0 0 0 0 0 0 0 0 0 0 0 0 0 0 0 0 0 0 0 0 0 11 0 0 0 0 0 0 0 0 0 0 0 0 
 48 424 214 68 85 71 39 155 268 362 80 20 35 30 156 0 247 345 37 69 3 0 0 0 0 3 1 0 5 1 0 0 0 3 1 3 2 0 81 0 3 1 2 0 17 0 0 0 0 0 0 0 65 0 0 1 2 0 0 3 3 2 0 0 0 3 0 0 30 2 0 0 0 44 0 0 0 0 0 1 0 47 39 24 20 1 0 25 44 48 14 2 0 0 1 18 41 43 0 0 0 0 0 0 0 0 0 0 0 0 0 0 0 0 0 0 0 4 0 12 0 0 0 0 0 0 0 0 0 0 0 19 0 0 0 0 0 0 0 12 0 0 0 0 0 0 0 0 0 0 0 0 0 0 0 1 2 0 4 0 0 0 53 51 0 11 0 25 27 41 22 46 0 1 5 0 23 27 0 0 0 0 0 0 0 0 7 0 0 0 0 0 0 1 0 0 0 0 0 0 0 0 0 0 0 0 0 0 0 0 0 0 14 16 12 0 0 0 14 0 0 0 0 0 0 0 0 0 0 0 0 0 0 0 0 18 0 0 0 0 0 0 0 0 0 0 6 0 2 3 0 0 9 0 0 0 0 0 0 0 0 0 12 0 0 0 0 0 0 0 0 0 0 0 0 34 0 11 0 0 0 0 0 0 0 0 0 0 0 0 
 57 353 402 42 70 85 27 26 420 409 129 303 22 247 66 247 0 441 43 55 4 0 0 0 0 3 1 0 3 0 0 0 0 3 2 3 2 0 76 0 3 0 23 0 3 0 0 0 0 0 0 0 0 0 0 1 0 0 0 2 3 5 2 0 0 3 0 0 0 2 0 0 2 2 0 0 0 0 0 0 0 39 50 36 27 1 0 23 53 37 32 1 0 0 1 2 51 19 0 0 0 0 0 0 0 0 0 0 7 0 0 15 0 0 0 0 0 0 0 0 0 0 0 0 0 0 0 0 0 0 0 0 0 13 0 0 0 0 0 0 0 0 0 0 0 0 0 0 0 0 0 0 0 0 0 0 3 0 25 0 0 1 28 53 0 10 0 29 61 19 54 38 0 0 5 0 35 44 0 0 0 0 0 0 0 0 0 0 0 0 0 0 0 0 0 0 0 0 0 0 0 0 8 0 0 0 0 1 0 0 0 0 0 0 0 0 12 0 15 0 0 0 0 0 0 0 0 0 0 0 0 0 0 0 0 0 0 0 0 0 0 0 0 0 0 2 0 1 3 3 1 1 15 0 0 0 0 0 0 0 0 0 15 0 0 0 15 0 0 0 0 0 0 0 0 62 0 10 0 0 0 0 0 0 0 0 0 9 0 0 
 39 36 851 404 56 499 49 33 286 232 224 298 52 54 116 345 441 0 36 43 3 0 0 0 4 3 0 1 6 0 85 0 0 3 2 3 2 0 0 0 3 1 2 0 7 0 0 0 0 4 76 0 0 0 0 1 2 0 94 6 3 1 0 0 0 3 0 0 6 2 4 0 0 2 0 0 0 0 0 0 0 25 40 53 23 0 0 0 33 22 52 27 0 0 0 0 13 10 0 0 0 0 0 0 0 0 0 0 0 0 0 0 0 0 0 1 1 0 0 0 0 0 2 0 0 0 0 0 0 0 0 0 0 0 0 1 0 0 0 0 0 0 0 0 0 0 0 0 0 0 0 0 0 0 0 2 0 0 0 0 0 0 7 31 20 13 1 0 26 35 4 23 0 0 25 0 0 11 0 0 0 0 0 0 0 0 0 0 0 0 0 0 0 0 0 0 0 0 17 0 0 0 0 0 0 0 0 0 0 0 0 0 0 1 0 0 0 0 0 0 0 0 0 0 0 0 0 0 0 0 0 0 0 0 17 0 0 0 0 0 0 14 0 0 0 1 177 0 3 173 0 0 9 0 0 0 0 0 0 0 0 0 10 0 0 0 0 0 0 0 0 0 0 0 0 14 33 0 0 0 0 0 0 0 0 1 0 0 0 0 
 35 42 34 62 79 41 38 85 87 73 40 30 481 71 167 37 43 36 0 173 3 0 0 2 0 3 1 0 2 0 0 0 1 3 2 6 3 2 2 0 2 3 2 0 2 2 0 6 0 0 2 7 0 2 1 0 1 0 0 2 3 0 0 0 0 3 0 53 0 2 0 0 0 2 0 0 0 1 51 3 31 1 0 0 0 0 56 11 0 0 0 0 45 16 0 0 0 0 11 16 0 2 0 2 0 0 0 0 0 1 0 14 0 0 0 0 0 1 0 0 0 0 0 0 0 0 0 0 0 0 0 0 0 0 0 14 0 0 0 0 0 0 16 0 0 0 0 0 0 0 0 0 18 0 0 0 1 0 1 0 28 1 0 0 2 0 14 0 0 0 3 0 34 0 2 0 0 0 20 27 0 0 0 0 0 0 0 13 0 0 0 0 0 0 0 0 1 0 0 0 0 0 0 0 0 0 0 8 0 0 0 0 0 0 0 0 0 0 0 1 0 0 0 0 0 1 0 0 0 0 0 0 0 1 0 0 0 0 0 0 0 0 0 0 0 1 0 2 0 0 0 7 0 0 0 0 0 0 0 0 0 0 0 0 0 0 2 0 0 0 0 0 0 0 0 0 0 0 0 0 0 0 0 0 0 0 0 0 0 0 
 294 57 46 55 69 53 199 147 56 105 146 241 457 357 126 69 55 43 173 0 3 0 2 2 0 32 0 0 3 0 0 0 0 3 23 3 2 0 206 0 3 1 2 0 0 0 0 6 4 0 0 4 0 0 0 1 1 0 0 2 3 2 0 0 0 3 0 0 0 49 0 0 0 2 0 0 0 0 52 61 45 1 0 0 0 0 35 38 12 0 0 0 18 37 39 1 0 0 16 0 0 0 2 0 0 0 0 0 0 0 1 0 0 0 0 0 0 0 0 0 0 0 0 0 0 2 0 0 0 0 0 0 0 1 0 6 0 2 0 0 0 0 0 3 0 0 0 0 0 0 0 0 0 0 0 0 0 0 0 0 65 31 2 0 12 0 22 0 1 0 0 0 30 20 17 10 0 0 12 18 2 0 0 2 0 0 1 0 0 9 0 1 0 0 2 13 0 0 0 0 0 0 0 0 9 0 2 0 0 0 0 0 0 0 0 0 0 0 0 0 0 0 0 0 0 0 0 0 0 2 0 0 1 0 0 2 0 0 2 0 0 0 0 0 0 0 3 0 2 0 2 2 0 0 0 0 0 0 0 0 72 0 0 0 0 0 0 0 0 1 0 0 0 0 0 0 0 0 0 0 0 0 0 0 0 0 0 0 0 1 
 3 3 3 3 4 3 3 3 6 6 3 3 5 3 5 3 4 3 3 3 0 211 85 277 112 257 465 610 31 48 100 246 41 180 341 33 37 258 39 84 0 4 6 2 0 1 0 0 0 2 0 0 5 0 5 0 2 0 30 3 0 0 4 0 0 3 0 2 5 0 0 5 1 0 0 0 0 1 3 0 0 2 0 0 0 0 0 0 0 0 0 0 0 0 0 1 1 0 0 0 1 41 97 0 0 0 0 37 43 4 8 0 1 58 28 34 17 4 2 44 0 0 0 0 0 0 0 0 0 2 0 0 0 0 0 0 0 0 0 0 12 12 0 1 0 0 1 0 0 0 0 2 0 15 0 0 0 0 0 0 0 0 0 2 0 0 0 0 8 0 1 16 1 0 0 0 0 0 0 0 23 32 15 0 0 0 9 41 25 17 0 0 1 19 65 40 17 1 0 1 0 0 0 0 0 0 0 0 0 0 0 22 0 1 0 0 0 0 0 0 0 0 0 0 1 0 0 0 0 0 0 0 0 0 0 0 0 0 0 2 0 0 0 0 0 0 0 0 0 0 0 2 0 0 12 0 2 0 0 4 0 0 0 0 0 0 3 0 0 0 0 0 0 0 0 0 0 0 0 0 0 0 0 0 0 0 0 0 0 0 
 0 0 0 0 1 0 0 0 0 3 0 0 0 1 0 0 0 0 0 0 211 0 326 60 31 37 513 400 442 42 32 39 251 138 573 299 420 34 53 285 0 4 15 3 0 0 0 0 0 0 0 0 1 0 3 0 2 0 0 0 0 0 2 0 0 0 0 0 3 0 0 2 0 0 0 0 0 0 3 0 0 0 0 2 0 0 0 0 0 0 0 0 0 0 0 0 0 0 1 0 1 37 84 39 11 0 0 0 46 36 16 9 0 10 18 130 27 70 0 0 0 0 2 0 0 0 0 0 0 0 0 2 0 0 0 0 0 0 0 16 0 0 0 0 0 11 2 0 0 0 0 0 0 0 0 0 0 1 0 0 0 0 0 3 0 0 0 0 4 1 1 15 1 0 0 6 0 0 0 0 0 11 60 50 17 0 0 17 39 28 4 0 11 21 2 34 14 75 17 1 0 0 0 0 0 0 0 0 0 0 0 0 0 0 0 0 1 0 0 0 0 0 0 0 0 0 0 0 0 0 0 0 0 0 0 0 0 0 0 0 0 0 0 0 0 0 0 0 0 0 0 0 0 0 14 0 2 0 0 0 19 1 0 0 0 0 7 0 0 0 0 0 0 0 0 0 0 0 0 0 0 0 0 0 0 0 0 0 0 0 
 0 0 0 0 0 0 3 0 1 0 0 0 0 0 0 0 0 0 0 2 85 326 0 303 46 246 276 88 130 384 66 41 50 40 71 90 442 357 250 269 0 1 5 1 2 2 0 0 0 0 0 0 3 0 6 0 1 0 0 0 0 0 3 1 1 0 0 0 2 1 9 5 2 3 53 2 2 3 6 3 0 0 0 0 19 0 0 0 0 0 0 0 0 0 0 0 0 0 0 0 7 15 3 35 8 0 0 0 8 53 51 43 0 0 1 14 37 40 0 0 0 0 0 0 0 0 0 0 0 0 0 0 7 0 0 0 0 0 4 0 0 0 0 0 0 0 0 5 0 45 0 1 0 0 0 0 0 4 0 0 0 0 0 21 0 0 0 0 0 7 0 0 2 0 0 0 0 21 0 0 1 16 33 38 0 0 1 1 21 37 33 10 0 0 0 0 8 56 7 0 0 0 0 0 0 0 0 0 0 0 0 0 0 0 0 0 0 0 0 1 0 0 0 0 0 0 0 0 0 0 0 0 0 0 0 0 0 0 0 0 0 0 1 0 0 0 0 0 0 0 0 0 0 0 6 0 0 8 2 2 15 0 0 0 0 0 12 0 0 0 0 0 0 1 0 0 0 0 0 0 0 17 0 0 0 0 7 0 0 0 
 3 0 0 0 0 0 1 0 1 0 0 0 0 0 0 0 0 0 2 2 277 60 303 0 107 244 101 263 283 427 200 365 110 83 56 268 154 357 67 288 0 3 2 3 0 0 0 0 0 0 18 0 1 0 3 0 10 0 3 0 0 0 13 0 0 6 0 0 2 0 0 2 2 0 0 0 0 0 3 0 0 0 0 0 0 0 0 0 0 0 0 2 0 0 0 0 0 0 0 0 0 0 0 14 38 8 0 0 0 21 19 33 0 0 0 0 3 0 0 7 0 0 0 0 0 18 0 0 0 0 0 0 0 0 0 0 0 0 12 2 0 0 0 0 0 0 0 3 0 0 0 2 0 0 0 13 0 1 0 0 0 5 0 0 0 0 0 3 0 5 11 0 3 0 0 0 0 0 0 0 0 0 0 19 43 25 0 0 0 9 34 40 0 0 17 0 22 0 0 0 0 0 0 0 0 0 0 0 0 0 0 0 0 0 0 0 0 0 4 0 0 0 0 0 3 0 0 0 0 0 0 0 0 0 0 0 0 0 0 0 0 0 12 0 0 0 0 0 0 0 0 0 0 0 4 0 1 43 13 2 2 8 0 0 0 0 0 0 0 0 0 0 0 0 0 0 0 0 0 0 0 18 0 0 0 0 9 0 0 0 
 0 0 2 2 3 0 78 0 3 0 0 2 1 0 0 0 0 4 0 0 112 31 46 107 0 368 59 48 82 80 147 339 47 88 109 100 60 35 58 299 0 2 3 2 0 0 0 0 2 0 0 0 3 0 3 6 12 0 5 0 0 0 8 6 0 1 0 0 2 0 0 2 2 0 0 0 0 43 3 0 0 0 0 0 0 0 0 11 0 0 0 0 0 0 0 0 0 0 1 0 0 0 0 0 13 42 0 0 0 1 2 1 0 0 0 0 0 0 0 0 13 0 2 0 0 0 32 6 0 0 0 2 35 14 1 0 0 0 54 27 0 0 0 1 0 0 2 0 0 0 0 6 0 1 0 0 0 1 0 0 0 13 0 0 14 0 0 2 0 13 1 0 1 1 0 0 0 0 2 0 0 0 0 0 40 55 0 0 0 0 1 24 0 0 0 0 1 0 0 0 6 0 0 0 0 0 20 0 0 0 0 0 7 0 0 0 0 0 16 11 0 0 0 0 0 0 11 0 0 0 0 0 0 0 0 0 0 0 0 0 0 0 0 0 0 0 0 0 0 0 0 0 0 0 28 5 2 12 4 3 0 0 0 0 0 0 0 0 0 0 0 0 0 0 0 0 0 0 0 0 0 14 0 0 0 0 0 0 0 0 
 3 3 4 3 3 3 5 4 3 3 3 3 3 3 78 3 3 3 3 32 257 37 246 244 368 0 23 51 61 39 72 106 53 53 48 76 259 59 63 64 0 2 2 4 0 0 0 0 0 0 0 0 2 0 3 3 2 0 192 21 0 0 5 8 0 0 0 0 2 0 0 2 0 0 0 0 0 0 8 51 0 0 0 0 0 0 0 0 0 0 0 0 0 0 0 0 0 0 0 0 0 0 0 0 0 49 0 0 0 0 12 0 0 5 13 0 0 0 0 0 10 1 0 0 0 0 50 1 0 0 0 0 49 29 8 6 0 0 51 33 0 0 0 0 0 0 0 0 0 0 0 0 0 0 0 0 0 0 0 0 0 3 0 0 0 0 0 3 0 0 0 0 0 0 0 0 0 0 8 0 0 0 0 0 15 48 0 0 0 8 0 6 0 0 0 0 14 0 14 0 9 0 0 0 0 0 58 8 0 0 0 0 37 0 27 0 11 0 33 24 0 0 0 0 0 0 0 0 0 0 0 0 0 0 0 0 0 0 0 0 0 0 0 0 0 0 0 0 0 0 0 0 0 0 5 6 2 0 0 2 9 0 0 0 0 0 0 0 0 0 0 0 0 0 0 0 0 0 0 0 0 0 0 0 0 0 0 0 0 0 
 0 0 0 0 0 1 0 0 0 2 0 0 0 0 0 1 1 0 1 0 465 513 276 101 59 23 0 107 278 71 28 25 444 378 274 41 48 32 55 601 0 7 2 2 0 3 0 0 0 66 3 0 5 0 6 0 1 3 0 0 0 0 2 0 2 0 0 4 2 0 2 2 0 0 0 0 5 0 3 0 0 0 0 0 0 25 0 0 0 0 0 0 0 0 0 0 0 0 0 0 19 21 22 0 12 0 2 49 16 0 0 0 43 43 32 18 30 1 0 11 0 0 0 0 0 0 0 0 0 0 0 0 0 0 0 0 0 0 0 0 11 0 0 0 0 0 0 0 2 0 0 0 24 0 3 1 0 0 0 0 0 0 0 26 0 0 0 16 8 0 0 7 0 0 0 0 8 0 0 0 21 20 17 0 0 0 1 28 41 1 0 0 9 56 40 1 9 2 3 41 0 0 0 0 0 0 0 0 0 0 0 0 0 0 0 0 0 0 0 0 0 0 14 27 0 0 0 0 0 0 0 0 0 0 0 0 0 0 0 0 0 0 0 0 0 0 0 0 0 0 0 0 0 0 11 2 0 0 0 0 3 0 0 0 0 0 0 0 0 0 0 0 0 0 0 0 2 0 0 0 0 0 0 0 0 0 0 0 0 0 
 0 2 1 0 2 0 0 0 2 0 0 0 1 0 0 0 0 1 0 0 610 400 88 263 48 51 107 0 415 53 27 16 58 406 218 64 45 245 283 70 0 3 6 3 0 0 0 2 1 80 0 2 1 6 3 1 1 4 4 0 0 0 2 0 4 0 0 0 3 0 0 6 0 0 0 0 4 0 3 0 0 0 11 0 0 0 0 2 0 10 0 0 0 0 1 0 0 0 0 0 10 91 31 2 0 0 0 1 29 31 15 0 0 14 16 87 30 16 0 0 0 0 0 0 0 13 0 0 0 0 0 0 0 0 0 0 0 0 0 13 0 0 0 0 0 0 0 0 2 0 0 0 0 0 0 1 0 0 0 0 0 0 0 5 0 0 1 0 5 0 0 5 24 0 0 0 0 0 0 0 12 56 22 20 0 0 1 19 54 19 11 0 0 19 28 36 26 47 10 1 0 0 0 0 0 11 0 0 0 0 0 0 0 0 20 0 0 0 0 0 0 0 0 0 0 0 0 0 0 0 0 1 0 13 0 0 0 0 0 0 0 0 0 0 0 0 0 0 0 0 0 0 0 0 13 2 2 0 1 1 15 2 0 0 0 0 12 0 0 0 0 0 0 0 0 0 0 0 0 0 0 0 0 0 0 0 0 0 0 0 
 4 3 3 3 3 3 3 3 3 2 3 3 6 3 3 5 3 6 2 3 31 442 130 283 82 61 278 415 0 399 63 30 41 308 119 104 158 476 169 92 2 23 6 2 0 0 0 1 0 0 0 0 2 0 4 0 27 0 0 0 0 0 2 0 1 3 6 0 41 1 0 2 0 0 0 0 0 0 6 0 0 0 14 0 0 0 30 0 0 0 0 0 0 0 2 0 10 0 0 0 0 13 0 30 19 0 0 0 26 50 31 30 0 0 4 15 26 35 0 0 0 0 0 0 0 0 0 0 0 0 0 0 0 0 0 0 1 0 0 0 0 13 0 9 0 0 0 6 0 0 0 1 0 0 0 14 0 5 0 0 0 0 0 2 0 0 14 0 0 0 0 0 0 0 0 0 0 2 0 0 0 14 17 53 0 0 0 0 48 15 43 10 0 0 0 0 0 46 12 0 0 0 0 0 0 0 0 0 0 0 0 0 1 0 0 0 0 0 0 0 12 0 0 0 0 0 0 0 0 0 0 2 0 0 0 0 0 0 0 0 0 0 1 0 0 0 0 0 0 0 0 0 0 0 18 2 1 2 1 1 2 0 0 0 0 0 11 0 0 0 0 0 0 0 0 0 0 0 0 0 0 20 0 0 0 0 7 0 0 0 
 0 7 0 0 3 0 3 6 2 0 0 0 0 0 0 1 0 0 0 0 48 42 384 427 80 39 71 53 399 0 336 51 47 79 124 390 347 356 120 132 62 3 9 3 0 0 0 0 0 0 0 1 1 0 3 0 2 0 67 0 0 0 2 0 0 37 0 0 3 0 0 2 0 0 0 0 0 0 3 0 0 0 26 0 0 0 0 0 0 0 0 0 0 0 0 0 15 2 0 0 0 2 0 55 39 1 0 0 11 61 27 69 0 0 0 19 10 50 0 1 0 0 0 0 1 0 0 0 0 0 0 0 2 0 0 0 0 0 13 0 0 0 1 0 27 0 0 5 0 9 0 0 0 0 0 8 0 4 0 0 0 0 0 0 0 1 0 0 0 3 0 0 3 0 0 0 0 0 0 0 0 0 22 52 1 2 0 0 20 34 45 14 40 0 0 0 18 22 0 1 0 0 0 0 0 0 0 0 0 0 0 0 0 0 0 2 0 0 28 0 0 0 1 0 0 0 0 0 0 0 0 0 0 1 0 0 0 0 0 0 0 0 25 0 0 0 0 0 0 0 0 0 0 0 17 2 5 152 152 3 0 16 0 0 0 0 0 0 0 0 0 0 0 0 0 0 0 0 0 0 0 40 0 0 0 0 4 0 0 0 
 0 0 0 0 2 0 0 2 0 0 0 0 5 0 0 0 0 85 0 0 100 32 66 200 147 72 28 27 63 336 0 359 29 261 76 88 414 268 51 96 0 2 101 2 0 0 0 0 0 0 67 0 2 0 3 0 22 0 8 0 0 0 8 3 0 8 0 0 3 0 0 2 0 0 0 0 0 0 3 0 0 0 0 0 0 0 0 0 0 0 0 12 0 0 0 0 0 0 0 0 0 0 0 25 28 13 0 0 0 25 14 45 0 0 0 0 0 0 2 1 0 0 0 0 1 0 5 0 0 0 17 0 0 0 0 0 0 0 47 1 0 0 0 0 0 0 0 3 0 0 0 2 0 0 0 3 0 2 0 0 2 15 0 0 0 0 2 2 1 2 0 1 1 0 0 0 0 0 0 16 0 0 0 37 47 92 0 0 0 7 40 25 0 0 0 0 9 0 0 0 0 0 0 0 0 0 0 2 0 0 0 0 2 0 0 0 0 0 15 0 0 0 0 0 2 0 0 0 0 0 0 2 0 0 0 0 2 0 0 0 0 0 21 0 0 0 2 0 0 0 0 0 0 0 5 0 5 116 38 4 2 8 0 0 0 0 0 0 0 0 0 0 0 0 0 0 0 0 0 0 0 22 0 0 0 0 0 0 0 0 
 0 0 2 1 0 0 4 0 2 0 0 0 0 0 1 0 0 0 0 0 246 39 41 365 339 106 25 16 30 51 359 0 25 37 28 42 355 77 47 42 0 4 2 3 0 0 0 0 0 0 0 0 2 0 3 0 10 2 3 0 0 0 16 17 0 5 1 0 2 0 0 2 0 0 0 0 0 0 3 0 0 0 0 0 0 0 0 0 0 0 0 0 0 0 0 0 0 0 0 0 0 0 0 16 29 42 0 0 0 3 12 19 0 0 0 0 0 0 0 0 0 0 0 0 0 0 43 0 0 0 0 0 2 1 0 0 0 0 56 0 0 0 0 0 0 0 0 0 0 0 0 3 0 0 0 2 0 11 0 0 0 4 0 0 0 0 0 6 0 2 0 0 0 0 0 0 0 0 0 0 0 0 0 13 55 48 0 0 0 12 11 38 0 0 0 0 1 0 0 0 0 0 0 0 0 0 0 0 0 0 0 0 11 0 0 0 0 0 26 0 0 0 0 0 0 0 0 0 0 0 0 0 0 0 0 0 0 0 0 0 0 0 85 0 0 0 0 0 0 0 0 0 0 0 12 2 0 157 149 0 5 12 0 0 0 0 0 0 0 0 0 0 0 0 0 0 0 0 0 0 0 54 0 0 0 0 0 0 0 0 
 0 0 0 0 1 34 2 0 2 4 0 0 0 72 0 0 0 0 1 0 41 251 50 110 47 53 444 58 41 47 29 25 0 65 33 35 223 105 337 127 0 3 2 2 0 5 0 0 0 6 0 0 2 0 3 0 2 2 0 0 0 0 2 0 0 0 0 0 3 0 0 2 0 0 0 0 0 0 3 0 0 0 0 0 0 0 0 0 0 0 0 0 0 0 0 0 0 11 0 0 28 4 0 0 0 0 13 77 0 0 0 0 34 45 38 3 0 0 20 32 0 0 0 0 0 0 0 0 0 0 0 0 8 0 0 0 0 0 0 0 9 0 3 0 0 0 0 0 0 0 2 0 0 0 0 0 0 0 0 0 0 0 0 0 0 0 0 0 3 0 0 0 0 0 0 0 0 0 0 0 44 11 5 0 0 0 55 19 0 0 0 0 44 30 36 1 1 0 14 44 0 0 0 0 0 0 0 0 0 0 0 0 0 0 0 0 0 0 0 0 0 0 0 0 0 0 0 0 0 0 0 0 0 0 0 0 0 0 0 0 0 0 0 0 0 0 2 0 0 0 0 0 0 0 9 0 1 0 0 0 2 0 0 0 0 0 0 0 77 0 0 0 0 0 51 0 0 0 0 0 0 0 0 0 0 0 0 0 0 0 
 3 7 3 3 6 3 3 80 3 3 3 3 3 3 3 3 3 3 3 3 180 138 40 83 88 53 378 406 308 79 261 37 65 0 376 46 51 34 112 126 2 6 3 2 0 0 0 0 0 0 0 0 2 0 5 0 4 0 0 0 2 0 2 0 1 0 1 1 9 2 0 2 0 2 48 0 47 0 3 0 0 0 0 2 0 0 0 0 0 0 0 0 0 0 0 0 0 0 1 0 15 41 61 0 0 0 0 38 43 0 1 0 0 15 32 44 17 2 0 20 0 0 2 0 0 0 0 0 0 0 0 2 0 0 0 0 0 0 0 0 6 0 0 1 0 0 2 1 0 0 0 0 0 1 0 0 0 0 0 0 0 0 0 2 0 0 0 0 8 0 1 8 1 0 0 0 0 0 1 0 18 38 13 0 0 0 14 40 21 0 1 0 0 16 58 49 31 0 0 0 0 0 0 0 0 0 0 21 0 0 0 0 0 0 0 0 1 0 0 0 0 0 0 0 0 0 0 0 0 0 0 0 0 0 0 0 0 0 0 0 0 0 0 0 0 0 0 0 50 0 0 0 0 0 5 0 2 0 0 0 0 0 0 0 0 0 0 0 0 0 0 0 0 0 0 0 0 0 0 0 0 0 0 0 0 0 0 0 0 0 
 0 0 25 83 1 0 0 2 0 0 0 1 0 0 0 1 2 2 2 23 341 573 71 56 109 48 274 218 119 124 76 28 33 376 0 191 37 30 75 353 0 3 7 2 0 0 0 12 0 0 0 0 2 0 3 0 1 0 0 0 0 0 2 0 0 0 0 0 2 48 0 3 0 0 0 0 0 0 3 0 0 0 0 0 2 0 0 0 2 0 0 0 0 0 0 0 0 0 7 0 48 57 59 0 13 0 1 6 36 12 12 0 0 10 1 36 40 17 0 0 0 0 1 0 9 0 0 0 0 0 6 0 0 1 0 1 1 0 0 0 0 0 0 0 0 1 0 0 0 0 0 0 0 0 0 0 0 2 0 0 0 0 0 6 0 0 0 0 7 0 0 5 0 0 0 0 0 0 0 0 3 34 24 34 0 0 0 23 28 16 10 1 2 27 37 29 38 69 9 0 0 0 0 0 0 0 0 0 0 0 0 0 0 0 0 0 0 0 0 0 0 18 0 0 0 0 0 0 0 0 1 0 0 0 0 0 0 0 0 0 0 0 0 0 0 0 0 0 0 0 0 0 0 0 0 2 0 0 0 1 17 1 0 0 0 0 10 0 0 0 0 0 0 0 0 0 0 0 0 0 0 0 0 0 0 0 0 0 0 0 
 4 3 3 124 3 3 3 3 3 3 3 4 8 4 4 3 3 3 6 3 33 299 90 268 100 76 41 64 104 390 88 42 35 46 191 0 493 374 59 124 0 3 5 6 3 2 0 0 0 1 2 0 1 0 3 0 3 62 0 4 0 0 2 0 2 3 0 0 3 0 0 8 0 0 0 0 0 2 3 0 0 1 0 0 0 0 0 0 0 0 0 0 0 0 0 0 0 0 0 0 0 13 4 36 8 0 0 0 13 68 44 54 0 0 0 20 42 54 2 0 17 0 1 0 0 0 0 0 0 0 0 0 0 0 0 0 0 0 0 0 0 0 0 0 0 0 0 9 0 0 0 1 0 0 0 7 0 13 0 0 2 11 0 0 0 0 0 0 1 4 0 0 2 0 0 0 0 0 0 0 0 13 88 37 0 0 0 0 25 31 32 10 0 0 0 2 9 58 7 0 0 0 0 0 0 0 0 2 0 0 0 0 0 0 0 0 0 5 0 0 0 0 1 0 1 0 0 0 0 0 0 0 0 0 0 0 2 0 0 0 0 0 1 0 0 0 0 2 0 0 0 0 0 0 2 0 4 7 2 0 13 2 0 0 0 0 33 0 0 0 0 0 0 0 0 0 0 0 0 0 0 17 0 0 0 0 7 0 0 0 
 2 3 3 2 3 2 6 19 3 4 3 2 1 4 4 2 2 2 3 2 37 420 442 154 60 259 48 45 158 347 414 355 223 51 37 493 0 362 257 244 0 2 6 2 0 0 0 61 0 0 0 0 2 0 5 0 2 0 0 0 0 0 2 0 0 0 0 0 2 0 0 2 0 0 0 0 0 1 3 0 0 0 0 0 0 0 0 0 0 0 0 0 0 0 0 0 0 0 0 0 0 20 1 22 26 14 0 0 10 54 52 45 0 0 0 43 34 83 0 0 0 0 0 0 0 0 0 0 0 0 0 0 0 0 0 0 0 0 16 0 0 0 0 0 2 0 0 10 0 0 0 1 0 0 0 3 0 56 2 0 0 0 0 0 0 0 0 1 11 7 0 0 3 0 0 0 0 0 0 1 0 18 29 68 0 0 0 1 50 22 47 53 0 0 0 0 4 62 10 0 0 10 0 0 0 0 0 0 0 0 0 0 0 0 0 0 0 0 0 0 0 2 0 0 0 0 0 0 0 0 15 0 0 0 0 0 0 2 0 0 0 0 0 0 0 1 0 0 0 0 0 0 1 0 9 2 4 1 74 3 2 2 0 0 0 0 14 0 0 0 0 0 0 0 0 0 0 0 0 0 0 17 0 0 0 0 9 0 0 9 
 0 0 0 2 0 0 0 0 0 3 0 0 1 1 1 0 0 0 2 0 258 34 357 357 35 59 32 245 476 356 268 77 105 34 30 374 362 0 51 50 0 3 2 3 0 0 0 0 0 0 0 0 1 0 3 0 2 0 9 0 0 0 2 0 0 2 0 0 3 0 0 2 1 0 0 0 1 0 3 0 0 0 0 0 0 0 0 0 0 0 0 0 0 0 0 0 0 2 0 0 0 1 2 41 31 0 0 0 8 34 19 30 0 0 2 15 12 33 0 0 0 0 0 0 0 0 0 0 2 0 0 0 5 0 0 0 0 0 11 0 0 0 0 0 0 0 0 5 0 0 1 0 0 0 0 4 0 3 1 0 0 1 0 0 0 0 0 0 0 3 0 0 11 0 0 0 0 0 0 2 0 0 19 42 2 0 0 0 15 37 34 17 0 1 1 1 9 21 0 0 0 0 0 0 0 0 2 0 0 0 0 0 0 0 0 0 0 0 9 0 0 1 0 0 0 0 1 0 2 0 0 0 0 0 0 0 0 0 0 0 0 0 16 0 0 1 0 2 0 0 0 0 0 0 18 0 4 146 146 1 2 15 0 0 0 0 1 0 0 0 0 0 0 0 0 0 0 10 0 0 0 14 0 0 0 0 18 0 0 0 
 0 39 74 3 4 247 1 74 91 1 0 0 0 0 80 81 76 0 2 206 39 53 250 67 58 63 55 283 169 120 51 47 337 112 75 59 257 51 0 337 0 64 5 2 0 0 2 0 0 7 0 0 2 0 3 2 0 0 0 0 0 0 2 0 0 0 0 3 3 0 0 2 0 0 0 0 0 0 3 0 0 9 14 35 1 7 0 0 26 0 0 10 0 0 1 14 56 19 0 0 34 0 0 0 0 0 35 2 1 0 0 0 51 13 30 0 0 0 8 34 13 0 0 0 0 0 0 0 0 0 0 0 0 0 0 2 0 0 0 0 2 0 2 0 0 0 0 0 0 0 4 0 0 0 0 0 0 1 0 6 0 0 10 27 0 0 0 10 17 1 9 0 0 1 0 14 2 4 0 0 21 0 0 0 0 0 15 0 0 2 0 1 47 27 2 0 0 0 26 45 0 0 0 0 0 0 0 0 0 0 0 0 0 0 0 0 0 0 0 0 0 0 0 0 0 0 0 15 0 0 0 0 0 0 0 0 0 0 0 0 0 0 0 0 0 0 0 0 0 0 0 0 0 0 6 2 0 0 0 2 3 0 0 0 0 0 0 0 0 0 0 0 0 0 0 1 0 0 0 0 0 0 0 0 2 0 0 0 0 0 
 0 0 0 0 3 2 0 0 0 0 0 0 4 0 0 0 0 0 0 0 84 285 269 288 299 64 601 70 92 132 96 42 127 126 353 124 244 50 337 0 0 65 5 3 0 0 0 0 0 3 71 0 1 0 3 2 2 0 0 0 49 0 4 0 0 4 0 0 3 0 0 2 0 0 0 0 0 6 3 0 0 0 26 1 0 1 0 0 0 0 0 0 0 0 0 14 0 2 1 0 41 0 0 0 0 0 23 50 1 0 0 0 36 55 41 0 0 0 13 35 0 0 0 0 1 1 0 0 0 0 0 0 0 0 0 0 0 0 19 0 8 0 1 0 0 0 0 0 0 0 1 0 7 0 3 0 0 0 0 0 0 0 0 0 0 1 0 0 3 0 0 0 0 0 1 0 11 0 2 0 39 33 2 0 0 0 74 21 0 9 0 0 19 50 27 1 0 0 9 30 0 0 0 0 0 0 0 0 0 12 0 0 0 0 0 2 2 0 2 0 0 0 1 0 0 0 0 0 0 0 0 0 0 1 0 0 0 0 0 0 0 0 0 0 0 0 0 0 0 0 0 0 0 0 8 3 0 0 0 2 2 8 0 0 0 0 0 0 0 0 0 0 0 0 0 0 0 0 0 0 0 0 0 0 0 0 0 0 0 0 
 3 5 6 5 3 3 3 3 5 3 3 6 2 3 3 3 3 3 2 3 0 0 0 0 0 0 0 0 2 62 0 0 0 2 0 0 0 0 0 0 0 79 57 60 40 243 562 268 33 48 41 42 67 135 309 205 72 35 51 271 0 1 4 0 0 0 0 0 1 1 0 0 0 1 0 9 2 3 0 0 0 0 0 0 0 0 0 0 0 0 0 6 0 0 0 0 0 0 0 0 0 0 0 0 0 0 0 10 0 7 0 0 0 0 0 0 0 0 0 0 14 17 22 0 0 0 0 11 26 10 0 0 0 0 33 13 34 23 0 0 0 0 0 1 17 0 0 0 0 4 0 3 0 0 0 0 0 0 0 0 0 0 0 0 0 0 0 0 1 0 0 0 0 2 10 0 0 3 1 4 0 0 0 0 0 0 0 0 0 0 0 0 0 0 0 0 0 0 0 0 21 20 22 0 0 0 0 20 19 19 0 0 0 26 25 23 16 2 0 6 0 0 1 9 0 0 0 0 0 6 0 6 0 0 0 0 1 16 0 0 0 0 0 0 0 0 0 0 0 0 0 1 0 0 0 0 0 0 0 0 0 0 0 0 0 4 5 0 0 0 5 0 0 0 0 0 0 0 0 0 0 0 0 0 11 0 0 0 1 0 
 0 3 0 3 62 35 0 1 2 2 0 1 9 0 63 1 0 1 3 1 4 4 1 3 2 2 7 3 23 3 2 4 3 6 3 3 2 3 64 65 79 0 237 64 47 39 85 217 191 42 53 53 272 71 495 190 204 70 47 60 0 4 0 0 2 3 11 0 0 1 0 5 0 0 0 0 0 0 5 0 0 0 0 0 0 19 0 0 0 0 0 0 0 0 0 0 0 0 0 0 15 0 0 0 0 0 13 1 0 0 0 0 0 0 0 0 0 0 0 0 0 0 1 17 7 2 0 1 9 6 11 0 0 0 0 0 10 55 2 0 6 0 0 0 0 0 0 4 0 0 0 0 1 5 0 0 0 0 6 5 0 0 0 0 0 0 0 0 0 0 0 7 0 0 1 0 0 0 0 0 0 1 0 0 0 0 10 0 0 0 0 0 3 0 0 0 0 0 2 0 0 21 20 20 9 1 0 0 15 35 1 26 0 1 0 36 2 36 10 0 0 0 0 0 9 0 3 0 0 0 0 0 4 4 0 0 0 0 2 6 0 0 9 0 0 0 0 0 0 1 0 13 0 9 0 0 0 0 0 0 0 0 1 0 0 2 2 0 2 0 6 0 0 0 0 0 0 0 0 0 0 0 0 0 9 5 0 0 2 0 
 2 2 2 2 2 2 5 2 5 2 2 2 2 2 2 2 23 2 2 2 6 15 5 2 3 2 2 6 6 9 101 2 2 3 7 5 6 2 5 5 57 237 0 125 73 39 284 301 166 538 58 56 45 50 101 155 101 267 58 269 0 6 0 1 0 0 4 0 6 0 5 0 0 1 0 0 0 1 0 0 0 0 0 0 0 7 0 0 0 0 0 1 0 0 0 0 0 0 0 0 0 6 3 5 1 0 0 0 3 1 0 4 0 0 9 8 0 2 0 0 0 10 0 66 0 10 0 0 0 28 39 27 0 0 0 2 16 33 0 0 9 0 0 0 0 0 0 0 2 0 0 0 0 0 0 0 0 0 0 0 0 0 0 0 0 0 0 0 2 0 0 0 0 0 0 0 0 1 1 10 0 13 1 3 1 0 0 2 6 3 0 0 0 0 0 7 7 7 11 0 0 12 16 21 11 0 0 0 13 14 19 25 0 0 0 13 6 34 0 0 0 0 0 0 2 0 0 0 0 0 0 0 0 0 0 0 0 0 0 0 0 0 2 0 0 0 0 0 0 0 0 10 0 2 0 0 0 0 2 14 0 0 1 4 0 10 0 4 0 0 8 0 0 0 0 0 0 0 0 0 0 0 0 0 0 0 0 0 0 0 
 0 0 1 1 2 0 63 0 0 0 0 0 0 0 0 0 0 0 0 0 2 3 1 3 2 4 2 3 2 3 2 3 2 2 2 6 2 3 2 3 60 64 125 0 70 26 100 50 75 299 204 231 50 95 70 57 45 314 79 73 2 5 4 3 0 0 5 6 4 1 0 0 1 0 11 7 4 4 0 0 0 0 0 0 0 0 0 0 0 1 0 0 0 0 0 0 0 0 0 0 0 0 0 0 0 0 0 0 0 0 0 0 0 0 0 0 0 0 0 0 0 0 0 14 35 17 0 0 0 0 6 29 0 0 0 0 0 0 0 0 0 0 0 12 4 0 0 1 6 7 3 4 0 0 9 6 0 3 15 0 0 0 2 0 0 0 0 0 2 0 0 0 0 8 0 0 0 0 1 0 0 0 0 0 0 0 0 0 0 0 0 0 0 0 0 0 0 0 0 0 0 1 0 25 39 20 0 0 0 0 12 8 0 0 0 0 0 1 0 0 0 5 37 8 0 0 7 0 3 9 1 9 0 0 0 0 0 24 16 0 0 0 0 0 0 0 0 0 0 0 0 0 0 0 0 0 0 0 0 18 0 0 32 42 0 2 8 40 0 0 9 0 0 0 0 0 0 0 0 0 0 0 0 0 0 16 0 0 1 0 
 0 0 5 10 3 0 0 0 10 19 4 2 0 0 0 17 3 7 2 0 0 0 2 0 0 0 0 0 0 0 0 0 0 0 0 3 0 0 0 0 40 47 73 70 0 343 57 88 304 108 82 296 42 89 97 104 55 57 58 88 0 0 0 0 0 0 51 0 50 4 0 0 2 6 17 0 0 0 0 0 0 0 39 6 4 0 0 0 0 0 0 6 0 0 0 0 0 0 0 0 0 0 0 0 0 0 0 0 0 0 0 0 0 0 0 0 0 0 0 0 0 0 0 0 9 9 0 0 0 0 0 0 0 0 0 0 0 0 0 0 2 0 7 0 3 0 22 1 1 0 0 0 51 0 4 0 15 0 27 25 1 0 4 0 0 0 0 0 6 3 8 10 0 0 5 0 0 5 0 0 0 0 0 0 0 0 0 0 0 0 0 0 0 0 0 0 0 0 0 0 0 0 0 0 8 18 0 0 0 0 1 0 0 0 0 0 0 0 0 0 20 12 0 0 0 0 22 0 0 0 0 0 56 0 0 0 0 0 41 33 0 7 0 0 0 0 26 0 0 0 0 9 0 0 1 0 0 0 0 0 0 0 14 1 0 2 3 1 0 0 0 0 0 0 0 0 0 0 0 0 0 0 0 0 0 0 0 0 0 0 
 0 0 0 0 0 43 0 0 0 0 0 0 0 0 0 0 0 0 2 0 1 0 2 0 0 0 3 0 0 0 0 0 5 0 0 2 0 0 0 0 243 39 39 26 343 0 262 267 270 288 284 56 37 52 69 79 105 266 58 60 0 0 0 0 0 0 50 0 0 2 19 0 0 0 7 0 0 0 51 0 0 0 0 0 0 0 0 0 0 0 0 0 0 0 0 19 0 0 0 0 0 0 0 0 0 0 0 0 0 0 0 0 0 0 0 0 0 0 0 0 0 0 0 0 0 9 0 0 0 0 0 0 0 0 0 0 0 0 0 0 21 5 0 0 1 0 34 17 0 0 0 0 22 0 13 0 0 0 19 37 0 0 1 0 0 0 0 0 1 0 0 0 0 0 0 0 0 0 0 0 0 0 0 0 0 0 0 0 0 0 0 0 0 0 0 0 7 0 0 0 0 0 0 0 0 1 0 0 0 0 24 0 0 0 0 0 0 0 0 0 11 0 0 0 0 15 14 0 0 0 0 0 35 0 0 0 0 0 21 85 0 0 0 0 0 0 0 0 0 0 0 10 0 0 0 0 0 0 1 8 0 27 5 5 0 1 4 0 69 0 0 0 0 1 0 0 0 0 0 0 0 0 0 0 0 0 0 0 0 0 
 0 0 2 1 0 0 0 0 0 0 0 2 0 0 0 0 0 0 0 0 0 0 0 0 0 0 0 0 0 0 0 0 0 0 0 0 0 0 2 0 562 85 284 100 57 262 0 290 293 26 31 54 371 355 43 43 28 278 76 453 0 0 0 0 0 0 3 0 0 0 0 54 8 3 0 5 0 0 16 5 0 0 0 0 0 0 0 0 0 0 0 0 0 0 0 0 0 0 0 0 0 0 0 0 0 0 0 0 0 0 0 0 0 0 0 0 0 0 0 5 59 64 26 0 0 0 11 39 35 1 0 0 10 15 32 9 6 8 0 5 0 5 3 0 0 0 0 3 0 0 0 0 0 0 1 0 7 0 0 2 0 0 0 0 0 8 0 0 1 0 0 0 0 5 0 0 0 4 1 7 0 0 10 0 0 0 0 0 0 0 0 0 0 0 0 0 0 0 0 0 22 13 10 0 0 0 1 26 9 22 0 0 34 33 40 47 25 0 4 3 8 0 3 1 0 0 0 6 0 0 0 0 0 6 4 8 3 0 0 0 0 0 0 0 0 0 0 0 0 0 0 22 0 0 0 0 0 0 0 0 0 0 0 0 0 71 0 0 0 0 0 0 0 0 0 0 0 0 0 0 0 0 0 0 0 0 0 0 0 0 
 2 0 0 0 0 0 6 0 0 0 0 0 3 4 0 0 0 0 6 6 0 0 0 0 0 0 0 2 1 0 0 0 0 0 12 0 61 0 0 0 268 217 301 50 88 267 290 0 122 39 28 58 89 294 185 340 35 40 78 288 0 0 3 3 0 0 0 0 3 1 0 2 2 2 4 69 0 0 0 2 9 17 0 0 0 0 8 10 0 0 0 0 5 8 5 20 0 0 0 0 0 0 0 0 26 0 0 0 0 0 0 0 0 0 0 0 0 0 0 0 0 10 40 9 0 0 0 14 15 32 3 0 0 0 0 12 5 34 0 0 0 0 0 0 0 0 0 0 1 0 0 0 0 0 0 0 0 0 0 0 13 6 0 0 0 0 10 0 2 0 0 0 7 8 0 0 0 1 2 1 0 0 0 0 0 0 0 0 0 0 0 0 0 0 0 0 0 0 0 0 0 25 25 0 1 0 0 6 31 49 0 10 0 26 0 46 34 51 0 0 0 0 0 0 0 0 5 0 0 0 13 0 0 0 0 0 0 0 0 0 0 0 0 0 0 0 0 0 0 0 0 4 0 2 0 0 0 0 1 1 0 0 0 0 0 2 0 0 0 0 0 0 0 0 0 0 0 0 0 0 0 0 0 0 3 0 0 0 0 0 
 4 7 0 0 0 0 4 0 0 1 0 0 2 3 0 0 0 0 0 4 0 0 0 0 2 0 0 1 0 0 0 0 0 0 0 0 0 0 0 0 33 191 166 75 304 270 293 122 0 292 284 271 52 525 110 137 115 230 66 80 0 9 0 0 4 0 4 0 0 2 0 4 0 0 0 1 4 0 0 50 7 0 0 0 0 0 11 7 0 0 0 0 0 4 3 0 0 0 0 0 0 0 0 0 0 0 0 0 0 0 0 0 0 0 0 0 0 0 0 0 0 9 0 44 0 21 0 1 0 20 12 28 0 0 0 6 12 23 0 0 0 0 0 0 0 0 0 0 4 0 0 0 0 0 0 0 0 0 0 0 2 5 0 1 0 0 6 0 2 0 0 0 4 5 0 0 0 0 1 0 0 0 0 0 0 0 0 0 0 0 0 0 0 0 0 0 0 0 0 0 0 20 12 35 3 0 0 0 16 14 19 27 0 0 0 13 8 43 0 0 0 0 0 0 6 0 0 0 0 0 0 0 0 0 0 0 0 0 0 0 0 0 2 0 0 0 0 0 0 29 0 13 0 1 0 0 0 0 0 11 0 0 1 1 0 11 2 1 0 0 2 0 0 0 0 0 0 0 0 0 0 0 0 0 0 0 0 0 0 10 
 0 0 0 1 5 0 2 0 0 0 0 0 0 0 0 0 0 4 0 0 2 0 0 0 0 0 66 80 0 0 0 0 6 0 0 1 0 0 7 3 48 42 538 299 108 288 26 39 292 0 263 83 40 133 101 239 411 103 67 89 0 4 0 0 208 0 19 0 0 0 0 0 0 0 1 0 0 0 0 0 0 0 0 0 0 0 0 0 0 0 0 0 0 0 0 12 0 7 0 0 4 0 0 0 0 0 0 1 2 0 0 0 8 4 0 0 0 0 1 0 0 0 0 27 23 48 0 0 0 3 32 51 0 0 0 0 9 0 0 0 0 0 0 0 0 0 0 0 20 0 0 0 0 0 0 0 0 0 10 0 0 0 0 0 0 1 0 0 1 0 0 0 0 0 0 0 0 0 2 0 4 0 0 0 0 0 7 0 0 0 0 0 1 7 25 1 0 0 0 0 0 0 13 51 19 14 0 0 13 0 34 47 0 0 21 7 0 26 10 0 0 0 18 0 8 0 0 0 0 0 0 0 0 0 1 0 0 0 20 0 0 0 8 0 0 0 0 0 0 0 0 5 0 1 0 0 0 0 0 21 0 0 67 65 2 15 2 65 0 0 8 0 0 0 0 0 0 0 0 0 0 2 0 0 0 10 0 0 0 0 
 0 0 0 5 3 0 0 0 0 0 0 0 0 0 0 0 0 76 2 0 0 0 0 18 0 0 3 0 0 0 67 0 0 0 0 2 0 0 0 71 41 53 58 204 82 284 31 28 284 263 0 481 249 45 292 92 97 322 21 57 0 0 0 0 0 0 4 0 0 0 0 0 0 0 0 0 0 0 0 0 0 0 0 0 0 0 0 0 0 0 0 0 0 0 0 18 0 0 0 0 0 0 0 0 15 13 0 0 0 0 0 0 0 0 0 0 0 0 0 0 0 1 0 11 60 29 0 0 6 11 20 17 0 0 0 5 4 4 0 0 0 0 0 0 9 0 0 0 3 0 0 0 1 0 0 0 0 0 3 0 0 0 7 0 0 0 0 0 2 0 0 0 0 0 0 0 0 0 1 0 0 0 0 0 0 0 0 0 0 0 0 0 0 0 0 0 0 0 0 0 0 0 0 14 28 35 0 0 0 6 30 13 0 0 0 0 8 0 0 0 0 0 0 0 0 0 9 0 0 0 0 0 0 0 0 0 0 0 33 0 0 0 0 0 0 0 0 0 0 0 0 10 0 0 0 0 0 0 0 26 0 0 17 3 0 0 3 12 0 0 0 0 0 0 0 0 0 0 0 0 0 0 8 0 7 15 0 0 1 0 
 1 1 0 2 0 0 7 0 3 0 0 0 3 0 0 0 0 0 7 4 0 0 0 0 0 0 0 2 0 1 0 0 0 0 0 0 0 0 0 0 42 53 56 231 296 56 54 58 271 83 481 0 26 259 74 33 80 72 91 36 0 0 0 0 0 0 75 0 0 0 0 1 0 0 2 0 0 0 0 54 24 9 0 0 0 0 40 52 0 0 0 0 10 8 0 0 0 0 0 1 0 0 0 0 9 0 0 0 0 0 0 0 0 0 0 0 0 1 0 0 0 0 0 0 78 17 0 21 0 0 10 13 0 0 1 0 0 0 0 0 0 0 0 0 8 0 1 0 0 0 0 0 23 0 0 0 0 0 21 29 3 1 3 0 0 0 10 21 0 0 0 0 5 6 0 0 0 0 2 0 1 0 0 0 0 0 10 0 0 0 0 0 0 0 2 0 0 0 0 0 0 0 0 14 17 27 1 0 0 0 10 10 0 0 0 0 0 0 0 0 0 0 0 0 0 0 8 0 0 4 0 0 33 0 0 0 0 0 34 12 0 0 0 0 0 0 0 0 0 0 0 7 0 0 1 0 0 0 0 0 0 0 76 66 0 2 0 68 2 0 0 0 0 0 0 0 0 0 0 0 0 0 0 0 0 11 0 0 0 6 
 0 0 0 2 0 0 0 0 0 0 0 0 0 0 0 65 0 0 0 0 5 1 3 1 3 2 5 1 2 1 2 2 2 2 2 1 2 1 2 1 67 272 45 50 42 37 371 89 52 40 249 26 0 76 28 36 17 63 369 132 0 0 0 0 0 0 0 0 0 0 0 4 5 51 0 5 0 0 15 0 0 0 0 0 0 0 0 0 0 0 0 0 0 0 0 0 0 0 0 0 0 0 0 0 0 1 1 1 0 0 0 0 0 0 0 0 0 9 0 0 29 20 0 0 0 0 21 21 12 0 0 0 27 12 37 25 13 0 4 49 0 0 0 0 0 0 0 0 0 0 0 0 0 0 0 0 0 0 0 0 0 0 0 0 0 0 0 1 0 0 0 0 0 21 0 0 0 0 0 0 0 0 0 0 1 1 0 0 0 0 0 15 0 0 0 0 0 0 0 0 31 10 1 0 0 0 31 22 0 0 0 0 24 14 44 1 0 0 17 19 0 0 0 0 0 0 0 0 0 0 0 15 0 0 0 13 0 0 0 0 0 0 0 0 0 0 0 0 0 0 0 13 0 0 0 0 0 0 0 0 0 0 2 0 0 2 0 0 2 0 0 0 0 0 0 0 0 0 0 0 0 0 0 0 0 0 0 0 1 0 
 0 0 0 2 3 2 3 0 0 10 0 3 0 0 0 0 0 0 2 0 0 0 0 0 0 0 0 6 0 0 0 0 0 0 0 0 0 0 0 0 135 71 50 95 89 52 355 294 525 133 45 259 76 0 369 42 45 47 59 133 0 1 0 70 2 0 0 0 3 2 3 0 0 0 0 8 3 2 0 0 0 0 0 0 0 0 0 0 0 0 0 0 0 0 0 0 0 0 0 0 0 25 0 0 3 0 0 0 0 0 0 0 0 0 0 0 5 0 0 1 18 12 30 0 0 4 0 14 50 11 0 0 1 0 29 17 24 10 0 0 0 0 0 0 0 0 0 0 0 0 0 0 0 0 0 0 0 0 0 0 0 0 0 0 0 0 0 0 1 0 0 0 0 2 0 0 0 3 1 10 0 0 0 6 0 0 0 0 0 0 0 0 18 0 0 0 0 0 0 0 24 22 18 0 0 0 0 27 31 32 0 0 0 27 13 27 17 27 0 8 0 0 0 0 1 0 0 0 0 0 0 0 0 0 0 0 0 0 0 0 0 0 1 0 0 0 0 0 0 0 0 10 0 0 0 0 0 0 0 0 0 0 0 0 2 3 2 0 0 0 0 0 1 0 0 0 0 0 0 0 0 0 0 0 13 0 0 0 2 0 
 0 2 0 1 1 68 0 0 31 0 0 0 0 0 0 0 0 0 1 0 5 3 6 3 3 3 6 3 4 3 3 3 3 5 3 3 5 3 3 3 309 495 101 70 97 69 43 185 110 101 292 74 28 369 0 155 32 74 58 106 0 0 0 5 1 0 0 0 0 0 5 0 0 0 0 2 0 0 0 2 14 0 0 0 0 0 0 0 0 0 21 0 0 0 0 0 0 0 0 19 0 0 0 0 0 0 0 0 0 0 0 0 0 0 0 0 0 0 0 0 0 12 51 7 0 0 0 12 26 34 0 23 0 0 3 30 15 41 0 0 6 0 0 0 0 4 0 0 0 0 0 0 0 0 0 0 0 0 0 0 0 0 0 0 0 0 0 0 2 0 0 0 0 0 0 7 0 1 2 1 0 0 0 0 0 0 0 0 0 0 0 0 0 0 0 0 0 0 0 0 0 16 25 0 0 0 0 7 17 27 0 2 0 31 0 24 32 25 0 0 1 20 0 0 7 4 0 0 0 1 8 17 0 0 0 0 0 0 1 0 0 0 0 0 0 0 0 0 0 0 0 12 0 0 0 0 0 0 0 0 0 0 2 0 0 3 3 0 1 0 1 0 0 0 0 6 0 0 0 0 0 0 0 0 12 13 0 0 1 0 
 63 63 1 11 0 0 8 36 4 4 1 0 0 64 35 1 1 1 0 1 0 0 0 0 6 3 0 1 0 0 0 0 0 0 0 0 0 0 2 2 205 190 155 57 104 79 43 340 137 239 92 33 36 42 155 0 171 226 46 270 0 25 0 0 1 0 4 0 0 17 0 2 0 0 0 0 0 0 0 0 1 14 0 0 0 0 0 0 22 4 11 0 0 0 21 0 7 10 0 0 0 0 0 0 0 0 0 0 0 0 0 0 21 0 0 0 0 0 0 0 0 14 0 34 0 1 0 1 18 30 11 26 0 0 0 0 13 26 0 0 0 0 0 0 0 0 0 0 0 0 0 0 0 0 0 0 0 0 9 0 0 14 21 22 0 0 0 6 2 0 0 0 0 1 0 4 7 0 1 0 0 0 0 18 0 0 0 0 0 0 0 0 0 0 0 0 0 0 0 0 0 5 12 35 10 0 0 0 23 26 9 34 0 0 0 23 10 50 0 0 0 0 0 0 8 0 0 0 0 0 0 0 0 0 0 0 0 0 0 0 0 0 8 0 0 0 1 0 0 0 0 15 0 0 0 0 1 0 0 33 0 0 2 2 0 23 0 1 2 0 7 0 1 0 0 0 0 0 0 0 0 0 0 0 10 13 0 0 1 0 
 2 2 0 0 0 2 1 0 4 2 0 12 2 6 0 2 0 2 1 1 2 2 1 10 12 2 1 1 27 2 22 10 2 4 1 3 2 2 0 2 72 204 101 45 55 105 28 35 115 411 97 80 17 45 32 171 0 204 50 255 0 4 0 0 0 0 3 0 0 0 0 0 0 0 0 0 0 0 0 0 0 0 0 0 0 0 0 0 0 0 0 0 0 0 0 0 0 0 0 0 0 0 0 0 16 9 0 0 0 0 7 0 12 0 0 0 0 0 0 0 0 0 0 23 1 12 6 0 0 24 16 9 5 0 0 0 2 66 5 0 0 0 0 14 0 0 0 0 2 0 0 0 0 0 0 0 11 0 0 0 0 0 0 0 0 0 0 0 0 0 0 0 0 0 0 0 0 0 0 0 0 0 0 0 2 16 0 0 16 0 0 0 0 0 0 0 0 0 0 0 0 11 14 15 13 0 0 0 1 12 12 11 6 0 0 11 6 34 10 0 19 0 0 0 12 0 0 0 0 0 0 0 0 0 0 0 0 0 0 0 0 0 22 0 0 0 0 0 0 0 0 1 0 1 0 0 0 0 10 22 0 0 0 0 0 0 0 0 0 0 9 0 0 0 0 0 0 0 0 0 0 10 0 0 1 0 0 0 0 16 
 0 3 3 2 3 1 0 2 0 0 0 5 1 0 0 0 0 0 0 0 0 0 0 0 0 0 3 4 0 0 0 2 2 0 0 62 0 0 0 0 35 70 267 314 57 266 278 40 230 103 322 72 63 47 74 226 204 0 247 56 0 1 0 0 0 0 4 0 3 0 2 7 1 0 50 0 0 0 6 4 0 0 0 0 0 0 0 0 0 0 0 0 0 0 0 0 0 0 0 0 0 0 0 0 0 0 0 0 0 0 0 0 0 0 0 0 0 0 0 0 0 0 0 22 25 25 0 0 0 0 34 30 0 0 0 0 10 0 0 0 9 0 0 0 0 0 0 15 6 0 0 0 0 5 0 0 0 0 15 7 0 0 0 0 0 0 0 0 0 0 0 0 7 0 0 0 0 0 2 0 0 0 0 0 0 0 0 0 0 0 0 6 0 0 0 0 0 0 0 0 0 0 14 63 16 19 0 0 10 0 47 66 0 0 0 0 0 18 0 0 2 0 0 0 9 0 4 1 0 0 0 0 7 7 0 0 0 0 31 9 0 0 9 0 0 0 0 0 0 0 0 10 0 0 0 0 0 0 0 11 1 0 64 78 0 40 0 65 3 0 7 0 0 0 0 0 0 0 0 0 0 0 0 0 0 19 0 0 2 0 
 0 0 0 0 2 0 5 0 0 0 0 2 0 0 0 0 0 94 0 0 30 0 0 3 5 192 0 4 0 67 8 3 0 0 0 0 0 9 0 0 51 47 58 79 58 58 76 78 66 67 21 91 369 59 58 46 50 247 0 295 0 0 0 3 0 0 0 0 0 0 0 4 69 0 0 1 0 0 5 0 0 0 0 0 0 0 0 0 0 0 0 0 0 0 0 0 0 0 0 0 0 0 0 0 0 48 0 0 0 30 0 0 0 0 0 0 0 0 0 0 33 9 0 0 0 0 21 25 2 0 0 0 45 67 1 12 0 0 20 30 0 33 0 0 0 0 0 0 0 13 0 0 0 0 0 0 0 0 0 0 0 0 0 0 0 0 0 0 0 0 0 0 0 1 0 0 0 0 0 0 0 0 0 0 2 14 0 0 0 0 3 5 0 0 0 1 0 7 1 0 11 2 0 0 0 0 42 12 0 0 0 0 38 2 34 0 0 0 29 23 0 0 0 0 0 0 0 0 0 0 0 0 0 0 0 0 0 0 0 0 0 0 5 0 0 0 0 0 0 0 0 11 0 0 0 0 0 0 4 0 0 0 0 0 0 2 0 0 0 0 0 0 0 0 0 0 0 0 0 0 0 5 0 0 0 0 0 0 0 0 
 2 2 4 7 2 2 2 2 5 6 21 3 2 2 2 3 2 6 2 2 3 0 0 0 0 21 0 0 0 0 0 0 0 0 0 4 0 0 0 0 271 60 269 73 88 60 453 288 80 89 57 36 132 133 106 270 255 56 295 0 0 0 0 0 0 0 0 0 0 0 0 15 3 0 0 5 1 0 4 0 0 0 1 7 3 0 0 0 0 0 0 3 0 0 0 0 0 0 0 0 0 0 0 0 0 0 0 0 0 0 0 0 0 0 0 0 0 0 0 0 47 17 0 0 0 0 34 30 11 0 54 0 30 11 58 4 29 0 0 18 0 0 0 0 0 6 0 0 0 0 0 0 0 0 0 0 0 0 0 9 0 0 0 0 0 0 0 0 0 0 7 6 14 8 3 0 0 4 0 2 0 0 0 0 0 0 0 19 0 0 0 0 0 0 0 0 0 0 0 0 78 14 0 0 0 0 29 43 0 2 0 0 31 7 57 0 4 0 10 19 0 0 0 0 6 0 0 0 0 0 0 0 0 0 0 0 0 0 0 0 0 7 0 0 0 0 5 0 0 0 0 16 0 2 0 0 0 0 2 0 0 0 1 0 0 0 0 0 0 0 0 0 0 0 0 0 0 0 0 0 0 0 0 0 0 0 0 0 0 0 
 3 3 2 3 50 3 3 3 1 3 3 3 3 3 3 3 3 3 3 3 0 0 0 0 0 0 0 0 0 0 0 0 0 2 0 0 0 0 0 49 0 0 0 2 0 0 0 0 0 0 0 0 0 0 0 0 0 0 0 0 0 147 49 43 36 254 197 490 44 37 47 240 50 89 207 41 55 39 43 49 0 0 0 0 0 0 0 0 0 0 0 0 0 0 0 0 0 0 0 0 22 0 0 0 0 0 0 0 0 0 0 0 0 0 0 0 0 0 0 0 0 0 0 0 0 0 0 0 0 0 0 0 0 0 0 0 0 0 0 0 0 11 6 0 0 1 0 18 24 0 16 0 0 35 15 8 43 7 0 8 10 0 0 0 0 3 0 0 1 0 0 0 0 0 3 0 0 0 0 0 0 0 0 0 0 0 0 0 0 9 0 0 0 0 0 0 0 0 0 0 0 0 0 0 0 0 0 0 9 0 14 0 0 0 0 0 0 6 0 0 0 7 68 0 0 0 0 32 9 9 0 6 0 6 14 8 28 11 0 0 0 0 0 0 0 0 0 0 0 0 0 0 0 0 17 0 0 0 0 0 0 0 0 0 0 0 0 0 0 0 0 0 0 1 0 0 0 0 0 0 0 0 0 0 0 2 0 0 0 0 
 3 1 3 3 3 3 3 2 6 0 3 2 0 3 2 2 5 1 0 2 0 0 0 0 0 0 0 0 0 0 0 0 0 0 0 0 0 0 0 0 1 4 6 5 0 0 0 0 9 4 0 0 0 1 0 25 4 1 0 0 147 0 160 76 24 63 68 267 199 57 264 241 37 115 138 200 139 23 103 91 0 0 0 0 0 0 0 0 0 0 19 0 0 0 0 0 0 0 0 0 0 0 0 0 0 0 0 0 0 0 0 0 0 0 0 0 0 0 0 0 1 0 0 4 0 0 0 1 2 4 5 1 2 0 0 0 0 4 0 0 0 0 19 5 0 0 0 0 36 29 21 7 0 0 0 10 22 19 0 3 23 0 0 0 0 20 0 0 0 0 0 0 0 0 0 0 0 0 0 0 0 0 0 0 0 0 0 0 0 0 0 0 0 0 0 0 0 0 0 0 0 0 4 0 0 3 0 0 0 3 1 4 0 0 0 3 1 3 0 0 0 25 36 20 9 0 0 0 37 53 28 53 0 10 6 9 19 3 0 0 7 0 9 0 0 0 0 0 0 0 0 0 0 0 6 0 0 0 0 0 0 0 0 0 0 0 18 0 0 0 24 0 1 0 1 0 0 0 0 0 0 0 0 0 0 3 0 0 0 0 
