 0 62 73 30 246 41 433 430 28 248 26 29 61 101 589 76 251 39 126 145 2 1 2 0 0 0 2 2 0 0 2 0 0 2 1 3 3 0 4 0 0 0 0 0 2 0 0 0 0 0 0 0 0 0 2 7 0 0 2 0 2 0 0 0 0 0 0 0 0 0 0 0 0 3 56 0 0 0 2 2 48 28 13 0 0 0 22 34 29 20 0 0 0 9 39 37 1 8 0 1 0 0 0 0 0 0 0 0 0 0 0 0 0 2 0 0 0 0 0 0 0 12 0 0 0 0 0 0 0 0 0 0 0 4 0 0 0 0 0 0 0 0 0 0 0 25 0 0 0 0 0 0 0 0 0 0 0 0 0 0 35 20 86 0 0 0 37 50 11 7 0 11 18 25 16 17 17 19 0 0 0 0 0 0 0 0 0 0 0 0 0 0 0 33 0 0 0 0 0 0 2 0 0 0 0 0 0 1 0 0 0 0 0 1 0 0 0 0 0 0 1 0 0 0 0 0 0 0 0 0 0 0 0 0 0 0 2 0 0 0 0 0 0 0 0 0 1 1 0 0 0 5 0 0 0 0 0 0 0 0 0 0 0 0 0 0 0 0 0 0 0 0 0 0 0 0 0 0 0 0 0 0 0 0 0 0 0 0 0 0 
 62 0 368 48 244 50 91 505 431 47 68 23 125 65 412 384 452 133 69 57 3 4 2 0 1 2 0 2 0 0 3 0 6 0 0 3 3 0 2 2 0 0 0 0 2 0 2 0 0 0 1 0 0 0 2 2 0 0 2 0 2 13 0 0 0 0 3 0 0 0 0 0 0 3 2 0 6 0 0 4 2 37 57 20 0 0 1 1 33 62 1 10 0 15 25 64 48 47 0 0 0 0 0 0 0 0 1 0 0 0 18 0 0 5 0 0 0 0 0 0 0 0 0 0 0 0 0 0 0 1 0 0 1 0 0 0 0 0 0 0 0 0 0 0 0 20 0 0 0 0 0 0 5 0 0 0 1 0 0 0 40 9 36 5 0 0 0 16 7 31 11 6 0 10 10 17 17 29 5 10 0 0 0 0 0 12 0 0 0 2 0 0 0 0 0 0 0 0 0 0 0 0 0 0 11 0 2 0 18 0 0 27 0 0 0 0 0 0 2 0 0 0 2 0 2 2 0 0 0 0 0 0 0 0 0 0 0 0 0 0 0 0 0 0 0 0 2 0 0 1 0 10 6 0 0 0 0 0 0 0 0 0 0 0 0 0 0 0 0 0 0 0 0 0 0 23 0 9 0 0 0 0 0 0 0 0 0 0 0 0 
 73 368 0 186 56 259 305 129 261 342 154 35 79 63 74 241 258 533 37 64 2 0 97 2 0 0 0 2 0 0 2 0 0 0 0 18 100 0 2 1 0 0 0 0 2 0 3 3 0 0 0 0 0 0 2 0 0 0 2 0 3 1 0 0 0 43 2 0 1 0 0 0 0 3 0 33 0 1 0 4 9 21 50 54 18 0 0 0 5 32 71 56 0 0 1 21 54 37 0 0 1 0 0 0 0 0 0 0 0 0 0 0 0 0 0 0 0 0 0 0 0 0 0 0 0 0 0 0 0 0 0 0 0 0 0 0 0 0 0 0 0 0 0 0 0 0 0 0 0 0 0 0 1 0 0 0 0 0 0 0 1 10 17 38 0 0 1 0 27 32 78 6 2 0 8 12 15 14 5 0 0 0 0 0 0 0 1 0 0 2 0 0 0 0 0 0 0 21 0 0 0 0 0 0 0 0 2 0 0 0 0 0 0 0 0 0 0 0 11 16 0 0 2 0 0 2 0 0 0 0 0 0 0 0 0 0 0 0 0 0 0 0 0 0 0 0 9 2 0 99 2 8 0 0 0 0 0 0 0 0 0 0 0 0 0 0 0 0 0 0 0 0 0 0 0 26 8 13 0 0 10 0 0 0 0 0 0 0 0 0 
 30 48 186 0 77 253 325 73 77 444 176 373 276 87 245 78 217 375 63 132 1 0 2 2 0 0 0 2 2 0 2 0 6 0 2 3 3 0 2 2 0 0 0 0 4 0 0 3 0 0 1 0 0 0 2 0 0 0 2 3 2 0 0 3 0 2 6 51 0 0 0 0 0 3 0 0 0 0 0 2 0 0 16 41 37 13 0 0 0 33 41 35 0 0 19 0 11 19 0 1 0 0 0 0 0 0 0 0 0 1 0 0 1 2 0 0 0 0 0 0 0 13 0 0 0 0 0 0 0 0 0 0 0 1 0 0 0 0 1 0 0 0 0 0 0 2 0 10 0 0 0 0 13 0 0 0 0 0 0 0 0 0 0 26 22 2 0 1 16 13 18 8 0 0 11 0 0 12 1 0 0 15 0 0 0 0 0 0 0 0 0 0 7 0 0 0 0 0 21 1 2 0 0 0 0 0 0 0 0 0 0 0 0 0 0 0 0 0 0 0 1 0 0 0 0 0 0 0 0 30 0 0 0 0 0 0 2 0 0 0 0 11 0 0 0 2 58 0 4 19 0 11 0 0 0 0 0 0 0 0 0 0 8 0 0 0 0 0 0 0 0 0 0 0 0 0 6 0 0 0 0 0 0 0 0 0 0 0 0 0 
 246 244 56 77 0 645 61 189 62 87 103 387 117 92 142 84 63 28 53 89 209 0 2 0 209 0 0 2 0 0 2 0 0 0 0 3 3 0 3 0 0 0 0 0 2 0 0 0 0 0 0 0 0 0 2 0 0 0 2 0 2 0 0 0 0 0 1 0 0 2 0 0 49 3 0 0 2 0 1 2 0 0 0 8 39 53 0 0 0 3 14 12 1 0 0 0 0 0 0 0 0 0 0 0 0 0 9 0 0 0 0 0 64 1 0 1 0 0 17 27 1 0 0 0 12 0 0 3 0 0 0 0 3 0 0 0 0 1 0 0 0 0 0 0 0 0 0 9 0 0 0 0 0 1 1 3 0 0 7 2 0 0 0 0 89 77 0 0 0 0 1 16 0 3 0 0 0 0 0 0 22 0 6 0 2 0 11 0 0 0 0 0 44 0 0 0 0 0 34 27 0 0 0 0 0 2 0 0 0 1 0 0 0 0 12 0 0 2 0 0 0 0 0 0 0 0 0 0 0 0 0 0 0 1 0 1 0 0 0 0 0 0 0 0 0 0 3 0 2 5 0 11 0 0 0 0 0 0 0 0 0 0 1 0 0 0 0 0 0 0 0 0 0 0 0 0 1 0 0 0 0 0 0 0 0 0 0 0 0 0 
 41 50 259 253 645 0 51 21 25 41 74 270 43 57 38 66 42 72 42 62 1 2 4 0 0 1 2 4 0 0 2 33 0 0 0 3 3 0 303 0 0 0 0 1 2 0 0 0 0 0 0 0 0 0 71 0 0 0 2 0 2 0 0 0 0 0 1 0 0 0 0 0 0 3 0 0 0 0 1 7 0 0 0 1 23 45 0 0 0 0 0 0 0 0 0 0 0 0 0 0 0 0 0 0 0 0 38 0 0 0 0 0 41 15 16 1 10 0 65 42 0 0 0 0 33 0 0 0 0 0 0 0 0 0 0 0 0 0 0 0 19 0 0 0 0 0 28 0 0 0 0 0 0 0 0 5 0 0 8 0 17 0 0 0 27 47 0 0 0 0 1 13 0 4 0 0 0 0 0 0 13 0 0 0 0 0 49 0 0 0 0 0 34 1 12 0 0 0 31 48 0 0 0 0 0 0 0 0 0 0 0 0 0 0 28 0 0 0 0 0 0 0 0 1 0 0 11 0 0 0 0 0 0 0 0 0 0 0 0 0 0 0 0 0 0 2 0 0 0 0 0 16 4 0 0 0 0 0 0 0 0 0 1 0 0 0 0 0 0 0 0 0 0 0 0 0 0 0 0 0 0 0 0 0 0 0 0 0 0 0 
 433 91 305 325 61 51 0 123 56 46 35 94 260 359 65 45 31 24 49 306 2 5 2 0 0 2 0 3 0 2 4 4 0 5 0 3 4 0 5 5 1 0 0 0 4 3 0 2 0 0 0 62 0 0 2 8 0 0 4 3 2 0 0 3 0 3 2 0 0 0 0 0 0 3 0 0 3 0 4 5 40 21 2 0 0 0 39 56 17 0 0 0 1 5 17 3 0 3 16 0 0 0 0 0 0 0 7 0 0 0 0 0 0 0 0 0 0 0 0 0 0 0 0 0 0 0 0 0 0 0 0 0 0 0 0 0 0 0 0 0 0 14 7 0 1 0 0 0 0 0 0 0 0 0 0 0 0 0 0 0 5 14 6 0 0 0 21 22 11 1 0 0 10 10 20 19 23 0 0 0 0 0 0 0 0 0 2 0 0 2 15 0 0 0 0 0 0 0 0 0 0 0 0 0 0 0 0 0 0 0 0 0 0 0 0 0 0 14 0 0 0 0 0 0 0 0 0 0 1 0 0 0 0 0 0 0 0 0 0 0 0 0 0 0 0 0 0 0 3 1 2 7 0 0 0 0 0 0 0 0 0 0 0 0 0 11 0 0 0 0 0 1 0 0 11 0 0 0 0 0 0 0 0 0 0 0 0 0 0 0 
 430 505 129 73 189 21 123 0 131 480 250 37 145 699 188 51 44 58 70 57 0 3 2 2 0 0 0 5 0 0 2 4 1 2 0 3 4 0 4 2 0 9 3 0 8 60 2 3 0 1 0 0 0 3 3 8 0 4 4 2 4 9 3 0 0 33 0 6 0 0 0 2 33 3 3 1 0 3 2 4 32 73 32 1 1 0 9 46 48 17 0 0 0 2 56 49 14 21 0 15 0 0 0 0 0 0 0 0 0 0 0 0 0 0 0 0 0 0 0 0 0 0 0 0 2 0 0 0 0 0 0 0 2 0 0 0 0 0 0 0 0 0 0 0 0 8 0 2 0 0 0 0 5 1 0 0 0 0 0 0 16 27 39 1 0 0 1 40 13 15 0 9 1 6 0 21 12 29 6 0 0 0 0 0 0 0 0 0 0 0 0 0 0 0 0 0 0 0 0 0 0 1 0 0 0 0 0 0 0 10 0 0 2 0 0 0 0 2 1 0 0 0 0 0 0 0 17 0 0 0 0 0 0 0 2 0 0 0 0 0 0 0 0 0 0 2 1 0 1 3 2 14 8 0 0 0 0 0 0 0 0 0 0 0 0 0 0 0 1 0 0 0 0 0 4 58 0 0 0 0 0 0 0 0 0 0 0 0 0 0 
 28 431 261 77 62 25 56 131 0 436 49 21 115 328 89 251 315 432 73 85 1 0 2 0 0 74 0 2 2 0 4 0 2 0 0 3 4 4 2 0 0 0 0 2 2 0 0 0 6 0 0 0 0 0 2 0 63 0 2 0 2 4 0 0 0 0 1 0 1 0 0 0 0 3 0 0 8 0 1 2 0 10 71 48 17 0 0 0 10 43 33 40 0 2 0 11 50 50 0 0 0 0 0 0 0 0 0 0 0 0 1 1 0 9 0 0 0 0 0 0 0 0 0 0 0 0 0 0 0 0 0 0 0 0 0 0 3 10 0 0 0 0 0 0 0 0 0 0 0 0 0 0 1 0 0 0 0 0 0 0 0 9 37 31 2 0 0 0 27 34 29 6 0 0 23 12 29 15 14 0 0 0 0 0 0 0 0 0 0 0 0 0 1 0 0 0 0 0 0 0 0 0 0 1 0 0 0 0 0 0 0 0 0 0 0 0 0 0 0 0 0 0 0 0 0 0 0 0 0 0 0 0 0 0 0 0 0 0 0 0 0 2 0 0 0 0 3 2 2 2 1 6 7 0 0 0 0 0 0 0 0 0 0 0 0 0 0 0 0 0 0 0 0 16 0 20 10 14 0 0 0 0 0 0 0 2 0 0 0 0 
 248 47 342 444 87 41 46 480 436 0 450 45 31 290 59 435 278 94 73 177 0 2 3 5 3 0 1 3 3 2 6 0 78 3 0 0 4 2 1 0 2 0 0 0 4 5 0 0 3 0 3 3 0 0 0 0 5 6 0 0 0 0 0 0 0 2 0 2 3 0 0 2 0 0 0 0 3 4 0 3 0 2 22 51 13 0 0 0 63 37 70 137 0 0 1 11 45 26 0 0 0 0 0 0 0 0 0 0 18 0 0 0 1 0 0 14 1 0 0 3 0 0 0 0 0 0 0 0 0 0 0 0 0 0 0 0 0 0 0 0 0 0 0 0 0 0 0 0 0 19 18 0 0 0 0 0 0 0 0 0 0 11 0 23 0 0 0 0 9 88 28 0 0 0 29 15 12 21 0 0 0 0 0 2 0 0 0 0 0 0 0 0 0 0 0 0 0 0 1 0 0 7 0 0 0 0 0 0 0 0 0 0 0 0 0 1 0 0 0 0 0 2 0 0 0 0 0 0 0 0 0 0 0 0 0 0 0 0 0 0 0 13 0 0 0 2 173 0 3 176 0 8 0 0 0 0 0 0 0 0 0 0 8 0 0 0 0 0 0 0 0 0 0 0 0 40 12 33 0 0 0 0 0 0 0 0 0 0 0 0 
 26 68 154 176 103 74 35 250 49 450 0 391 50 53 26 60 266 604 29 55 0 0 2 0 0 4 0 2 0 0 2 4 0 1 0 3 3 4 2 1 0 0 0 0 2 4 3 3 0 0 0 4 0 0 2 0 0 4 3 0 2 1 0 0 6 6 0 0 0 6 6 6 0 3 0 0 6 0 2 2 0 0 15 40 41 20 0 0 1 3 36 40 0 0 0 0 5 20 0 0 12 0 0 0 18 0 1 0 0 0 0 0 1 1 0 0 0 0 0 0 0 0 10 0 1 0 0 0 0 0 0 0 0 0 0 0 0 0 0 0 0 0 0 0 0 0 0 0 0 0 0 0 1 0 0 0 0 0 0 0 0 0 8 25 19 0 0 0 16 13 18 10 1 0 0 2 1 11 2 0 0 0 0 0 0 0 1 0 0 2 0 0 9 0 0 0 0 0 27 0 0 0 0 0 0 0 2 0 0 0 0 0 0 0 0 0 0 0 1 0 0 0 2 0 0 2 0 0 0 0 0 0 0 0 0 0 0 0 0 0 0 10 0 0 0 0 73 0 5 88 0 6 1 0 2 0 0 0 0 0 0 0 8 0 0 0 0 0 0 0 0 0 0 0 0 1 11 0 0 0 0 0 0 0 0 0 0 0 0 0 
 29 23 35 373 387 270 94 37 21 45 391 0 47 22 102 35 64 57 25 17 1 0 2 0 1 0 0 3 0 0 2 0 0 0 1 5 3 0 2 0 0 0 0 0 2 0 0 0 0 0 0 0 0 0 3 0 0 0 2 0 3 0 0 0 0 0 0 0 0 0 0 0 0 3 0 0 0 0 3 2 0 0 4 61 28 85 0 0 0 9 17 13 0 0 0 0 8 1 0 0 0 0 0 0 0 0 0 0 32 0 0 0 26 0 0 0 0 0 15 1 0 0 0 0 7 0 0 0 0 0 0 0 0 0 0 0 0 7 0 0 0 0 0 0 0 0 0 0 0 0 0 0 1 0 0 0 0 0 0 0 0 0 1 0 29 24 0 0 2 1 6 30 0 3 0 0 0 0 0 0 0 0 0 0 0 0 0 0 0 0 0 0 24 0 0 0 0 0 30 13 0 0 0 0 0 0 0 0 0 0 0 0 0 0 10 0 0 0 0 0 0 0 0 0 0 0 0 0 0 0 0 0 0 0 0 0 0 0 0 0 0 15 0 0 0 2 171 2 0 184 0 3 4 2 0 0 0 0 0 0 0 0 76 0 0 0 0 0 0 0 0 0 0 0 45 1 1 0 0 0 0 0 0 0 0 0 0 0 0 0 
 61 125 79 276 117 43 260 145 115 31 50 47 0 80 39 33 37 26 381 167 0 0 2 0 2 0 0 6 0 0 2 2 0 1 0 3 3 0 2 2 0 0 13 0 3 62 0 0 0 0 1 1 8 0 2 22 5 0 2 0 2 0 0 0 0 1 2 0 0 0 0 0 3 3 0 0 0 0 5 5 43 0 0 0 0 0 9 10 0 0 0 0 36 30 10 1 0 0 22 18 0 0 0 0 0 0 0 9 0 0 0 0 0 0 0 0 0 0 0 0 0 0 0 0 0 0 0 0 0 0 0 0 0 0 0 0 0 0 5 0 21 0 0 0 0 1 0 0 0 0 0 6 0 2 0 0 0 3 0 0 33 33 1 0 0 0 35 24 14 0 0 0 28 15 29 2 29 1 0 0 0 0 0 0 0 0 0 0 0 0 0 0 0 6 0 0 0 0 0 0 0 0 0 0 0 0 0 0 0 0 0 0 0 0 0 0 0 0 0 0 0 0 0 0 0 0 0 0 0 0 0 0 0 0 0 0 0 50 0 16 0 0 0 0 0 0 0 0 0 0 0 5 0 2 0 0 0 0 0 0 0 0 0 1 0 0 0 0 0 0 0 0 0 0 0 0 0 0 0 0 0 0 0 19 0 0 0 0 0 0 
 101 65 63 87 92 57 359 699 328 290 53 22 80 0 468 43 253 55 82 211 0 0 2 0 0 0 0 0 0 0 0 0 0 0 1 3 0 0 0 3 0 0 0 0 0 3 5 2 0 3 5 3 0 0 0 4 0 0 67 0 0 0 0 0 0 0 0 0 0 0 0 0 0 37 0 6 0 0 0 0 41 30 10 0 0 0 23 36 39 22 0 0 0 9 36 44 0 9 0 0 0 0 0 0 0 0 2 0 0 0 0 0 0 0 0 0 0 0 0 0 0 0 0 0 0 0 0 0 0 0 0 0 2 0 0 0 0 0 0 0 0 0 0 0 0 22 0 0 0 0 0 0 0 0 0 0 2 0 10 0 33 16 31 0 0 0 33 50 13 7 0 0 8 25 18 20 15 22 1 0 0 0 0 0 0 0 2 0 0 1 0 10 0 0 0 0 0 0 0 0 0 0 0 0 0 1 1 0 0 0 0 0 0 0 0 0 0 0 1 0 0 0 0 0 0 1 0 0 0 0 0 0 0 0 0 0 0 0 0 0 0 0 0 0 0 0 0 1 2 0 2 8 0 0 0 0 0 0 0 0 0 0 0 0 0 0 0 0 0 0 0 0 0 0 0 0 0 0 0 0 0 0 0 0 0 0 0 0 0 0 
 589 412 74 245 142 38 65 188 89 59 26 102 39 468 0 287 69 33 91 302 0 1 2 1 0 0 1 2 0 0 3 0 0 2 0 3 3 74 2 0 0 0 0 0 3 0 0 0 0 0 2 0 0 0 2 2 1 0 2 0 2 5 0 0 0 1 3 0 0 0 0 0 35 3 0 0 0 0 0 2 11 50 24 1 1 0 9 37 36 17 0 0 1 10 35 46 13 56 0 0 0 0 0 0 0 0 0 0 0 0 0 0 0 0 0 0 0 0 0 0 0 0 0 0 0 0 0 0 0 0 0 0 0 0 0 0 0 0 0 0 0 0 0 0 0 24 0 0 0 0 0 0 8 0 0 0 0 0 0 0 9 31 60 0 0 0 0 25 17 8 0 12 0 5 2 19 21 15 6 0 0 0 0 0 0 0 0 0 15 0 0 0 0 0 0 0 6 0 0 0 0 0 0 0 0 0 0 0 0 0 0 0 0 0 0 0 0 0 0 0 0 0 0 0 0 0 19 0 0 0 0 0 0 0 0 0 0 0 0 0 0 0 0 0 0 0 2 0 4 0 0 18 9 0 0 0 0 0 0 21 0 0 0 0 0 0 0 0 0 0 0 0 0 0 0 10 0 0 0 0 0 0 0 0 0 0 0 0 0 0 
 76 384 241 78 84 66 45 51 251 435 60 35 33 43 287 0 312 638 47 75 0 73 97 0 0 0 2 2 0 0 2 0 2 2 0 3 98 0 2 0 0 0 0 0 34 2 0 0 0 39 0 0 0 0 2 0 0 0 2 0 2 1 0 0 0 0 1 0 0 0 0 0 0 3 0 0 0 0 1 2 0 11 54 53 9 0 0 1 6 16 38 30 0 0 1 3 90 47 0 0 0 0 0 0 0 0 0 0 0 0 0 0 0 0 0 0 0 0 0 0 0 0 0 0 0 0 0 0 0 0 0 0 0 0 0 0 0 0 0 0 0 0 0 0 0 0 0 0 0 0 1 0 9 0 0 0 0 0 0 0 0 7 26 31 0 0 0 0 41 26 13 10 0 0 8 20 14 10 18 0 0 0 0 0 0 0 0 0 0 0 0 0 0 2 0 0 0 0 2 1 0 0 0 0 4 0 0 0 0 0 0 0 0 0 0 0 0 0 0 0 0 0 0 0 0 0 0 40 0 0 0 0 2 0 0 0 0 0 0 0 0 0 0 0 1 1 3 0 2 3 0 9 6 0 0 0 0 0 0 0 0 0 0 0 0 0 0 0 0 0 0 0 0 0 0 23 7 5 0 0 0 0 0 0 0 0 0 0 0 0 
 251 452 258 217 63 42 31 44 315 278 266 64 37 253 69 312 0 297 25 281 0 2 2 1 0 0 1 2 0 0 2 0 0 1 0 3 3 2 4 7 0 0 0 0 2 0 0 0 0 0 0 0 0 0 2 0 2 0 2 0 2 0 0 0 0 0 2 0 0 0 0 0 0 3 0 0 0 0 0 2 1 11 37 43 17 0 0 0 0 57 61 35 2 0 1 13 59 77 0 0 0 0 0 0 0 0 0 0 0 0 0 0 2 0 0 0 0 0 0 1 6 0 0 0 1 0 0 0 0 0 0 0 0 0 0 0 0 0 0 0 0 0 0 0 0 0 0 1 0 0 0 0 0 2 2 0 0 0 0 1 0 7 0 28 1 1 0 0 48 23 26 0 0 0 41 39 13 5 5 0 0 0 0 0 0 0 14 0 0 0 0 0 1 0 0 0 0 0 2 0 0 0 0 0 0 0 0 0 0 1 0 0 0 0 0 0 0 1 0 9 0 0 0 0 0 0 0 0 0 0 0 0 0 2 0 2 0 0 0 0 0 0 0 0 0 0 87 0 0 88 0 7 0 0 0 0 0 0 0 20 0 0 1 0 0 0 0 0 0 0 0 0 0 0 0 19 26 10 0 0 0 0 0 0 0 0 0 0 0 0 
 39 133 533 375 28 72 24 58 432 94 604 57 26 55 33 638 297 0 34 35 0 0 2 0 0 0 0 4 0 0 3 0 0 0 0 5 5 0 5 0 0 0 3 0 31 0 0 0 0 0 1 0 0 0 2 2 3 0 2 0 2 1 0 0 0 33 3 0 0 0 1 0 0 3 0 0 0 0 51 2 0 1 41 58 16 0 0 0 3 47 44 24 0 0 0 11 50 25 0 0 23 0 0 8 0 0 2 20 0 0 0 0 0 0 0 0 0 0 0 1 0 0 0 0 0 0 0 0 0 2 0 0 2 0 0 0 0 0 0 0 0 0 0 0 0 0 0 0 0 0 0 0 0 0 0 0 2 0 0 0 0 11 0 67 0 0 0 0 11 38 95 0 2 0 10 17 11 3 1 0 0 0 0 0 0 0 0 0 0 1 0 0 0 0 0 0 0 0 1 0 0 0 0 0 0 0 1 0 0 11 0 0 0 0 0 0 0 0 0 0 0 0 1 0 1 1 0 0 0 0 0 0 0 0 0 0 0 0 0 0 0 15 0 0 0 0 174 0 3 175 0 12 0 0 0 0 0 0 0 0 0 0 26 0 0 0 0 0 0 0 0 0 0 0 0 14 21 18 0 0 0 0 0 0 0 0 0 0 0 0 
 126 69 37 63 53 42 49 70 73 73 29 25 381 82 91 47 25 34 0 364 0 0 4 0 0 1 0 2 0 0 3 0 0 1 0 3 3 0 2 0 0 0 0 0 2 0 0 0 0 0 0 0 0 0 3 0 3 0 2 0 3 0 0 0 0 0 0 0 0 0 0 0 0 3 0 0 0 0 3 2 14 0 0 0 0 0 33 16 4 0 0 0 76 32 15 0 0 0 21 36 0 0 0 0 0 0 14 0 0 0 0 18 0 0 0 0 0 0 0 0 0 0 0 0 0 0 0 0 0 0 0 0 0 31 0 0 17 0 0 0 0 0 0 1 0 0 0 0 0 0 0 0 0 20 0 0 0 3 0 0 19 0 0 0 0 0 14 7 0 0 0 0 30 1 14 9 4 0 23 10 0 0 0 0 0 0 0 0 0 0 0 0 0 0 0 0 0 0 0 0 10 0 2 0 0 0 0 0 0 0 0 0 0 0 0 0 0 0 0 0 10 0 0 0 0 0 0 0 0 0 0 0 0 0 0 0 0 0 0 0 0 0 12 0 0 1 0 0 2 2 0 9 0 0 0 0 0 0 0 0 1 0 0 0 0 0 0 0 0 0 0 0 0 0 0 0 0 0 0 0 0 0 0 0 0 0 0 0 0 0 
 145 57 64 132 89 62 306 57 85 177 55 17 167 211 302 75 281 35 364 0 0 0 2 0 1 0 0 80 0 34 2 4 1 4 0 74 3 0 2 0 0 0 0 2 6 0 0 0 0 0 0 0 0 0 2 24 6 0 8 0 2 4 32 0 0 0 1 0 0 0 0 0 0 3 0 0 0 0 2 6 30 0 0 0 0 0 19 41 1 0 0 0 53 40 13 0 0 0 18 12 0 1 0 0 0 19 0 0 0 0 0 0 0 0 0 14 0 0 0 0 0 9 0 1 0 0 0 0 0 0 0 0 0 0 0 1 0 0 0 0 0 0 0 0 0 0 0 0 0 0 0 0 0 0 0 0 0 0 0 0 27 7 1 0 0 0 72 32 10 0 0 0 12 17 36 16 44 1 0 0 0 0 0 0 0 0 0 0 0 0 0 0 0 0 0 0 0 0 0 0 0 0 0 0 0 0 0 0 0 0 0 0 0 0 0 0 0 0 0 0 0 0 0 0 0 0 0 0 0 0 0 0 0 0 0 0 0 10 0 0 0 0 0 0 0 0 1 0 0 0 0 8 0 0 0 0 0 0 0 0 0 0 0 0 0 0 0 0 0 0 0 0 0 0 0 0 0 0 0 0 0 0 0 0 0 0 0 0 0 0 
 2 3 2 1 209 1 2 0 1 0 0 1 0 0 0 0 0 0 0 0 0 411 87 262 44 287 938 390 125 32 249 57 63 579 380 40 115 44 244 299 0 2 0 0 7 0 0 0 0 0 0 0 3 1 16 40 3 0 0 0 0 0 0 0 3 4 0 0 2 0 3 0 2 0 0 0 0 0 0 26 0 0 0 0 0 0 0 0 11 0 0 0 0 0 0 0 0 5 0 0 36 49 30 1 0 0 1 11 8 4 0 0 9 40 39 8 23 8 0 1 0 0 2 0 0 0 0 1 0 0 0 0 0 0 11 0 0 0 2 0 0 5 0 0 0 1 0 0 0 0 0 2 0 0 0 0 0 0 0 20 1 0 0 0 0 0 0 0 0 2 2 0 0 0 0 0 0 4 0 6 17 40 37 13 0 0 1 17 24 13 0 0 1 32 40 40 1 10 0 0 0 0 0 0 0 0 0 0 0 0 0 0 0 0 0 0 1 0 0 0 0 0 0 0 0 1 0 0 0 0 0 0 0 0 0 2 0 0 0 0 0 0 0 0 0 0 0 0 0 0 0 0 0 0 11 0 2 0 0 2 4 0 0 0 0 0 0 0 0 0 0 0 0 0 0 0 0 0 0 0 0 0 0 0 0 0 0 0 0 0 
 1 4 0 0 0 2 5 3 0 2 0 0 0 0 1 73 2 0 0 0 411 0 265 48 256 33 381 263 273 28 26 25 44 132 265 222 197 28 37 431 7 2 5 0 3 3 2 0 2 0 0 0 3 73 2 3 3 3 7 0 0 0 3 0 3 4 0 0 4 0 6 3 4 0 0 0 5 0 0 3 0 0 0 0 0 6 0 17 0 0 0 0 1 0 0 0 0 0 0 0 3 7 1 8 0 0 0 9 11 7 20 12 0 13 13 19 8 12 0 2 2 0 0 0 4 2 0 0 0 0 2 2 1 0 0 0 1 1 0 0 0 0 0 0 0 0 0 0 0 1 0 0 0 0 0 0 0 0 0 0 2 0 0 0 14 0 0 0 1 0 0 0 0 0 0 0 0 1 0 0 0 6 13 25 0 0 0 7 22 18 14 0 0 0 0 17 28 29 0 0 13 0 0 0 3 2 0 0 0 0 1 3 1 0 0 0 0 1 0 0 1 2 2 1 2 1 2 0 0 5 1 2 1 2 2 2 0 1 0 4 1 0 0 0 0 0 1 0 0 0 0 0 0 3 10 0 0 0 0 0 0 0 5 0 0 0 0 0 0 0 2 0 0 0 0 0 1 0 0 0 0 0 0 0 0 0 12 0 0 0 
 2 2 97 2 2 4 2 2 2 3 2 2 2 2 2 97 2 2 4 2 87 265 0 77 27 37 41 111 218 338 34 29 265 66 132 124 356 343 51 33 0 2 3 0 0 0 0 0 0 0 0 0 3 5 0 0 6 6 0 0 0 0 0 0 3 3 0 0 3 0 3 0 54 0 0 0 0 0 0 0 0 0 0 0 12 0 0 0 0 0 0 0 0 0 0 0 0 0 0 0 0 13 22 61 25 20 0 1 33 58 26 18 0 0 18 37 26 41 0 0 0 0 12 0 0 0 0 0 0 0 0 0 0 0 0 0 10 7 5 14 0 1 0 0 0 4 0 0 0 0 3 0 0 0 0 0 0 0 0 0 9 0 0 1 0 2 0 0 0 0 2 0 2 0 0 0 0 0 0 0 0 0 56 40 12 8 0 1 20 26 23 13 0 0 1 0 39 60 0 0 0 0 0 0 0 0 2 2 0 0 0 0 0 0 0 0 0 0 0 0 0 0 0 0 0 0 0 0 0 0 0 0 1 0 0 0 0 0 0 0 0 0 1 0 0 0 0 0 0 0 0 0 0 2 1 0 1 2 7 2 2 13 0 0 0 0 19 0 0 0 0 0 0 0 0 0 0 0 0 0 0 28 0 0 0 0 9 0 0 0 
 0 0 2 2 0 0 0 2 0 5 0 0 0 0 1 0 1 0 0 0 262 48 77 0 147 38 51 310 79 370 119 337 71 302 272 53 46 811 106 277 0 4 4 1 0 0 0 1 0 0 6 1 5 4 0 0 3 0 0 0 0 0 2 0 3 3 0 0 2 0 3 0 2 0 1 52 2 0 0 0 0 0 2 0 0 0 0 0 0 0 0 0 0 0 0 0 0 0 2 0 0 0 1 31 26 54 1 0 15 15 16 32 0 0 0 0 33 13 0 0 0 0 0 0 5 0 14 1 0 0 0 0 0 0 0 0 0 0 28 0 1 0 0 0 0 3 0 0 0 0 0 2 0 0 0 0 0 0 0 1 3 0 0 5 0 4 0 0 0 0 3 0 0 0 1 0 0 1 0 0 0 0 0 19 20 52 0 1 1 10 34 31 0 0 0 0 2 0 0 0 0 0 0 0 0 0 0 0 0 0 0 0 15 0 1 0 1 0 13 1 0 0 10 0 0 0 0 0 0 0 0 0 0 0 0 0 0 0 0 9 0 0 11 0 0 1 0 0 0 0 0 0 0 0 9 0 2 43 13 2 16 11 0 0 0 0 13 0 0 0 0 0 0 0 0 0 0 0 0 0 0 0 0 0 0 0 0 0 0 0 
 0 1 0 0 209 0 0 0 0 3 0 1 2 0 0 0 0 0 0 1 44 256 27 147 0 438 47 79 84 88 319 330 122 310 60 84 56 216 92 90 0 2 0 0 0 0 0 0 0 0 1 0 3 2 0 0 4 0 1 0 0 0 0 0 3 3 0 0 2 0 3 0 2 0 0 0 0 4 0 4 0 0 0 0 0 0 0 0 0 0 0 0 0 0 0 0 0 0 0 0 0 0 0 13 11 35 0 0 0 0 0 10 0 0 0 0 0 0 14 0 0 0 0 0 0 0 5 0 0 0 7 0 76 17 0 0 0 0 35 9 0 0 0 0 2 0 0 0 0 0 0 0 0 0 0 0 0 0 0 0 19 0 0 2 0 2 0 0 0 6 0 0 0 0 5 0 0 0 0 0 0 0 0 1 31 35 1 0 2 0 36 2 0 0 0 2 1 0 0 0 2 0 0 0 0 1 17 0 0 0 0 0 35 0 0 2 0 0 66 8 0 0 0 0 0 0 2 0 0 0 1 0 0 0 0 0 0 0 0 10 0 0 1 0 0 0 0 0 0 0 0 0 0 3 13 0 1 20 9 0 4 0 0 0 0 0 0 0 0 0 0 0 0 0 0 0 0 0 0 0 0 0 0 0 0 0 0 0 0 0 
 0 2 0 0 0 1 2 0 74 0 4 0 0 0 0 0 0 0 1 0 287 33 37 38 438 0 43 26 40 42 94 53 40 147 64 61 63 78 267 63 0 2 0 0 0 6 2 0 0 0 1 0 6 2 0 0 3 0 194 1 3 0 0 0 3 3 0 0 3 0 3 0 2 0 0 0 0 3 0 1 0 0 0 0 17 0 0 0 0 0 0 0 0 0 0 8 0 0 0 0 0 0 0 0 1 25 15 0 0 2 0 13 0 0 0 0 0 16 0 0 1 1 1 0 0 0 15 3 0 0 0 0 53 43 0 0 0 0 21 14 0 0 0 0 0 1 0 8 0 0 1 0 0 0 0 0 4 0 0 0 0 0 0 0 0 0 0 0 0 5 0 0 1 15 6 0 0 0 0 0 0 0 0 0 27 1 0 0 1 12 1 0 0 0 0 0 8 0 0 0 61 0 0 0 0 0 54 1 0 0 0 0 24 35 0 0 0 0 45 54 0 0 2 0 0 41 1 0 0 0 2 0 0 0 0 0 0 0 0 0 0 0 0 0 0 0 0 0 0 0 0 0 0 3 8 0 2 4 0 3 4 2 0 0 0 0 0 0 0 0 0 0 0 21 0 0 0 0 0 0 0 0 0 0 0 0 0 0 0 0 
 2 0 0 0 0 2 0 0 0 1 0 0 0 0 1 2 1 0 0 0 938 381 41 51 47 43 0 100 49 20 19 115 664 596 49 61 32 33 50 375 0 2 0 0 0 0 6 0 0 0 0 0 3 4 1 0 3 0 0 0 0 0 0 0 3 3 0 0 2 0 31 0 2 0 0 0 0 0 0 0 0 0 0 0 0 0 0 0 0 0 0 0 0 0 0 0 0 0 0 0 62 44 31 1 0 0 30 37 11 0 0 1 7 24 10 24 48 0 0 23 1 0 0 1 0 0 0 0 0 0 0 0 2 0 0 0 0 0 0 0 0 2 0 0 0 0 0 0 0 2 0 0 13 0 0 0 1 0 0 0 0 0 2 0 9 0 0 0 2 0 0 0 0 0 0 7 0 0 2 4 35 36 61 0 0 0 11 34 26 12 0 0 0 48 14 14 0 0 10 1 0 0 0 0 0 0 0 0 0 0 0 1 2 2 0 0 0 0 0 0 0 0 0 0 0 0 0 0 0 0 0 0 0 21 0 0 0 0 0 0 0 0 0 0 0 0 0 0 0 0 0 0 0 0 13 0 0 0 0 0 2 0 0 0 0 0 0 0 0 0 0 0 0 0 0 0 2 0 0 0 0 0 0 0 0 0 0 0 0 0 
 2 2 2 2 2 4 3 5 2 3 2 3 6 0 2 2 2 4 2 80 390 263 111 310 79 26 100 0 168 36 35 41 104 345 269 483 52 42 34 63 0 2 5 0 0 0 0 0 0 0 8 0 32 6 2 0 3 3 0 0 0 0 6 0 3 3 0 0 2 0 3 0 2 0 0 0 0 0 0 0 0 0 0 0 0 0 0 0 0 0 0 0 17 0 0 0 0 0 0 0 24 29 15 15 0 17 0 8 39 18 0 0 0 10 20 30 44 21 0 0 0 0 0 0 0 0 0 15 0 0 0 0 0 0 0 0 0 0 0 0 0 1 0 0 0 0 0 0 9 0 11 0 0 0 14 0 0 0 0 5 0 0 0 0 0 0 0 0 0 0 0 0 0 0 0 0 0 4 0 6 4 13 57 12 1 0 0 18 41 28 3 0 0 0 30 49 38 60 0 0 0 0 0 0 0 0 0 0 0 0 0 0 0 0 0 0 0 0 0 0 0 0 0 0 0 0 0 0 0 0 0 0 0 0 0 0 0 0 0 0 0 0 0 0 0 0 0 0 0 0 0 0 0 0 6 0 0 0 0 0 3 0 0 0 0 0 0 0 0 0 0 0 0 0 0 0 0 0 0 0 0 0 0 0 0 0 12 0 0 0 
 0 0 0 2 0 0 0 0 2 3 0 0 0 0 0 0 0 0 0 0 125 273 218 79 84 40 49 168 0 320 53 30 104 111 223 207 243 252 81 75 59 2 6 0 2 0 0 0 0 0 0 3 103 23 6 0 3 8 0 0 0 0 2 0 3 49 0 47 53 0 3 0 2 0 0 0 1 0 0 2 0 0 0 0 0 0 0 0 0 0 0 0 0 0 0 0 0 0 0 0 1 12 19 38 11 25 0 14 66 58 19 19 0 0 18 28 19 54 0 0 0 0 0 0 0 2 0 2 0 0 0 0 0 0 0 0 0 0 1 0 0 0 0 0 0 2 0 0 0 0 65 1 0 0 0 0 0 0 0 0 15 0 0 14 0 0 0 0 0 17 2 0 0 0 0 0 2 0 0 0 0 0 15 31 11 0 0 0 31 27 18 13 0 1 0 0 29 59 0 0 0 0 0 0 0 0 0 0 0 0 0 0 0 0 0 0 2 0 0 0 0 0 0 0 0 0 0 0 0 0 0 0 0 0 0 0 0 0 0 0 0 0 0 0 0 0 0 0 0 2 0 0 0 0 11 0 0 2 11 0 8 12 0 0 0 0 47 0 0 0 0 0 0 0 0 0 0 0 0 0 0 37 0 0 0 0 36 0 0 0 
 0 0 0 0 0 0 2 0 0 2 0 0 0 0 0 0 0 0 0 34 32 28 338 370 88 42 20 36 320 0 364 284 35 78 98 420 354 189 75 325 0 2 3 0 0 0 0 0 1 0 0 0 3 6 0 0 3 3 0 0 0 0 0 0 3 3 48 0 2 0 3 0 2 0 0 0 0 0 1 0 0 0 0 0 0 0 0 0 37 13 0 0 0 0 0 0 0 0 0 0 0 10 25 17 24 20 0 0 11 31 57 55 0 0 0 0 5 64 0 0 0 0 0 0 0 0 0 0 0 0 0 0 0 0 0 0 0 0 21 0 0 0 0 0 0 1 0 0 0 0 0 0 0 0 0 0 0 0 0 0 4 0 0 6 0 6 0 0 0 0 9 0 0 0 0 0 0 0 0 0 0 0 0 68 30 16 0 0 23 15 42 73 0 0 0 0 23 0 0 0 0 0 0 0 0 0 0 0 0 0 0 0 1 0 0 0 0 0 1 0 0 0 0 0 0 8 0 0 0 0 0 0 0 0 0 0 0 0 0 0 0 0 52 0 0 0 0 0 0 0 1 0 0 0 4 1 0 161 156 0 21 11 0 0 0 0 19 0 0 0 0 0 0 0 0 0 0 0 0 0 0 18 0 0 0 0 0 0 0 0 
 2 3 2 2 2 2 4 2 4 6 2 2 2 0 3 2 2 3 3 2 249 26 34 119 319 94 19 35 53 364 0 337 48 453 53 89 103 360 122 85 0 2 1 0 0 0 0 1 0 0 63 0 4 1 0 0 3 0 0 0 0 0 0 0 3 3 0 0 2 0 3 0 2 0 0 0 0 0 0 0 0 0 0 0 0 0 0 0 0 0 0 0 0 0 0 0 0 0 0 0 0 0 0 32 26 41 1 0 14 18 21 30 0 0 0 0 9 19 0 0 0 0 0 0 0 2 0 2 0 0 0 0 0 0 9 0 0 0 37 0 0 0 0 0 0 0 0 0 0 0 0 1 0 0 0 0 0 45 0 0 0 0 0 4 0 10 0 0 0 0 2 13 0 0 1 0 11 0 0 0 7 0 0 18 29 46 0 0 0 12 32 31 0 1 0 0 1 0 0 0 0 0 0 0 0 0 0 0 0 0 0 0 15 0 0 0 2 0 16 1 0 0 0 0 0 0 0 0 0 0 0 0 0 0 0 0 0 0 0 9 0 0 11 0 0 0 0 0 0 0 0 0 0 0 19 0 2 54 17 0 12 25 0 0 0 67 13 0 0 0 0 0 0 0 0 0 0 0 0 0 0 5 0 0 0 0 0 0 0 0 
 0 0 0 0 0 33 4 4 0 0 4 0 2 0 0 0 0 0 0 4 57 25 29 337 330 53 115 41 30 284 337 0 51 50 65 56 70 68 42 53 0 2 0 0 3 0 3 0 2 0 2 1 3 1 0 2 3 0 0 0 0 0 0 2 3 3 0 1 2 2 3 0 2 0 0 0 0 22 0 0 0 0 0 0 0 0 0 0 5 0 0 0 0 0 0 0 0 0 0 0 0 0 0 17 4 41 0 0 0 0 1 38 0 0 0 0 0 0 0 0 0 0 0 0 0 0 23 0 0 0 0 0 1 0 0 0 0 0 51 0 0 0 0 0 0 0 0 0 0 0 0 0 0 0 0 0 0 0 0 0 0 0 0 2 0 1 0 0 0 0 0 0 0 0 0 0 0 0 0 0 0 0 0 31 35 38 0 13 1 12 31 43 0 0 0 0 0 0 0 12 0 0 0 0 0 0 0 0 0 18 0 0 48 0 0 0 0 0 71 12 0 0 0 0 0 0 0 0 0 0 0 0 0 15 0 0 0 0 0 16 0 0 13 0 0 0 2 0 0 0 0 0 0 0 8 2 0 149 146 0 15 0 1 0 0 0 0 0 0 0 0 0 0 0 0 0 0 0 0 0 0 0 0 0 0 0 0 0 0 0 
 0 6 0 6 0 0 0 1 2 78 0 0 0 0 0 2 0 0 0 1 63 44 265 71 122 40 664 104 104 35 48 51 0 95 36 59 258 44 486 207 0 2 0 0 1 68 4 0 0 6 6 6 3 2 0 3 3 0 0 0 0 0 0 0 3 3 1 0 2 0 3 0 2 0 0 5 0 0 0 0 0 0 0 0 0 0 0 0 0 0 0 2 0 0 0 0 0 0 0 0 27 17 11 0 0 0 45 15 0 0 0 0 25 54 82 1 9 1 42 32 0 0 0 0 0 0 0 0 0 0 0 0 0 0 0 0 0 2 0 0 0 0 14 0 0 0 0 0 0 0 0 0 0 0 0 1 7 0 3 0 0 0 0 0 2 0 0 0 0 0 0 0 0 0 15 0 0 1 0 0 37 38 1 0 0 0 39 22 0 1 0 0 6 49 43 0 0 0 4 20 0 0 0 0 0 0 0 3 2 0 0 0 0 0 0 0 0 0 0 0 0 18 0 0 0 0 0 0 0 0 0 0 0 0 20 0 0 0 1 0 0 0 0 0 0 1 0 0 0 0 0 0 0 0 3 0 3 0 0 0 2 0 0 0 0 0 0 0 0 0 0 1 0 0 0 0 0 0 0 0 0 0 0 0 0 0 0 0 0 0 
 2 0 0 0 0 0 5 2 0 3 1 0 1 0 2 2 1 0 1 4 579 132 66 302 310 147 596 345 111 78 453 50 95 0 297 130 34 41 67 114 0 64 0 2 2 0 0 0 0 0 0 0 3 4 8 3 4 6 3 0 0 0 0 0 5 3 0 0 2 0 3 0 2 0 0 0 0 1 1 0 0 0 0 0 0 0 0 0 0 0 0 0 2 0 0 0 0 0 0 0 52 21 19 2 0 0 1 12 20 0 0 0 20 24 16 24 21 8 0 0 1 0 0 0 0 0 0 0 0 0 0 0 2 0 0 0 0 0 0 0 0 4 0 0 0 0 0 1 0 2 0 0 0 0 0 0 0 0 0 4 0 3 2 0 0 0 23 0 1 0 0 0 3 0 0 0 2 0 2 0 20 35 21 1 0 0 0 12 11 22 0 0 1 27 23 32 0 10 0 0 0 0 0 0 0 0 0 0 0 0 0 0 1 2 0 0 0 0 0 0 0 8 0 0 0 0 0 0 0 0 0 0 0 0 0 0 0 0 0 2 0 0 0 0 0 0 0 0 0 0 0 0 0 0 0 1 2 0 0 2 6 0 0 0 0 0 0 0 0 0 0 0 0 0 0 0 2 0 0 0 0 0 0 0 0 0 0 0 0 0 
 1 0 0 2 0 0 0 0 0 0 0 1 0 1 0 0 0 0 0 0 380 265 132 272 60 64 49 269 223 98 53 65 36 297 0 170 112 264 69 126 0 2 4 0 0 0 0 0 0 0 0 0 3 8 7 0 3 7 0 0 0 0 0 0 3 3 0 0 2 0 3 0 2 0 0 0 0 0 0 0 0 0 0 0 0 0 8 0 0 0 0 0 0 0 13 0 0 0 0 7 29 13 50 47 0 0 0 22 24 19 14 0 0 17 20 27 44 28 0 0 0 0 0 0 0 12 0 0 0 0 0 0 0 0 0 0 0 0 0 0 0 0 0 0 0 1 0 0 0 0 6 0 0 11 0 0 0 0 0 2 0 0 0 0 0 0 0 0 0 0 0 9 0 0 0 0 0 4 0 6 0 14 52 14 54 0 1 14 64 28 2 1 0 3 12 27 42 57 0 0 11 0 0 0 0 0 0 0 0 0 0 9 0 0 0 0 0 0 0 0 0 0 0 0 0 0 0 0 0 0 0 0 0 0 0 1 0 0 0 0 0 0 0 0 0 0 0 0 0 0 0 0 0 0 9 0 0 0 0 0 1 0 0 0 0 0 0 0 0 0 24 0 0 0 0 0 0 0 0 0 0 8 0 0 0 0 9 0 0 0 
 3 3 18 3 3 3 3 3 3 0 3 5 3 3 3 3 3 5 3 74 40 222 124 53 84 61 61 483 207 420 89 56 59 130 170 0 351 553 243 75 0 2 7 0 0 0 0 0 0 0 0 0 3 12 0 0 3 4 0 0 0 0 0 0 3 3 0 53 2 0 3 0 2 0 0 0 0 0 0 0 0 0 0 0 0 0 0 0 0 0 0 15 0 0 0 0 0 0 0 0 0 12 33 48 17 20 0 0 26 40 35 6 0 0 51 23 32 78 0 0 0 0 0 0 0 13 0 0 0 0 0 0 0 0 0 0 0 0 0 0 0 0 0 0 0 3 0 0 0 0 3 0 0 0 0 0 0 0 0 0 3 0 0 1 0 0 0 0 0 0 9 0 0 0 0 0 0 0 0 0 0 0 13 56 11 14 0 1 21 23 20 13 0 0 0 0 34 49 0 0 13 0 0 0 0 0 0 0 0 0 0 0 0 0 0 0 0 0 0 0 0 0 0 0 0 0 0 0 0 0 0 0 0 0 0 0 0 0 0 0 0 0 1 0 0 0 0 0 0 0 0 0 0 0 13 1 0 2 3 0 2 12 0 0 0 0 19 0 0 20 0 0 0 0 0 0 0 0 0 0 0 59 0 0 0 0 9 0 0 0 
 3 3 100 3 3 3 4 4 4 4 3 3 3 0 3 98 3 5 3 3 115 197 356 46 56 63 32 52 243 354 103 70 258 34 112 351 0 384 58 47 0 2 2 0 0 0 0 0 0 0 0 0 68 5 0 0 3 3 0 0 0 0 0 0 2 3 0 0 3 0 3 0 3 0 0 0 0 0 0 0 0 0 0 0 2 0 0 0 2 2 0 0 0 0 0 0 0 0 0 0 0 13 38 63 17 20 0 0 28 43 50 12 0 0 13 27 27 32 0 0 0 0 2 0 1 0 14 0 0 0 0 0 13 0 0 0 2 0 7 0 0 0 0 0 0 4 0 0 0 9 5 0 0 0 0 0 0 0 2 0 8 0 0 4 0 0 0 0 0 2 3 0 0 0 0 0 0 26 0 0 0 0 12 27 15 16 0 0 38 25 14 9 0 0 1 0 37 72 0 0 0 0 0 0 0 0 0 0 0 0 0 0 0 19 0 0 0 0 0 1 0 0 0 0 0 1 0 0 0 0 0 0 0 0 0 2 0 0 0 0 0 0 0 0 0 21 0 0 0 0 0 0 0 0 12 2 0 3 2 1 1 45 0 0 0 0 24 0 0 0 0 0 0 0 0 0 0 0 0 0 0 23 0 0 0 0 25 12 0 0 
 0 0 0 0 0 0 0 0 4 2 4 0 0 0 74 0 2 0 0 0 44 28 343 811 216 78 33 42 252 189 360 68 44 41 264 553 384 0 250 315 0 2 0 0 0 0 1 0 0 0 0 0 3 2 0 0 3 1 0 0 0 0 0 0 3 4 0 0 2 0 3 0 2 0 0 0 0 0 1 0 0 11 0 0 0 0 1 0 0 0 0 0 0 0 1 0 0 0 0 0 0 9 25 24 20 12 0 4 9 23 50 45 0 0 0 0 10 23 0 0 2 0 0 0 0 0 0 0 0 0 0 0 0 0 0 0 0 0 12 1 0 0 0 0 0 8 0 0 0 0 0 0 0 0 0 0 0 2 0 0 1 0 0 4 0 2 0 0 1 0 6 0 0 0 0 0 0 0 0 0 0 14 0 41 22 19 0 0 15 13 34 46 0 0 0 0 13 1 0 0 0 0 0 0 0 0 0 0 0 0 0 0 1 0 0 0 1 0 0 0 0 0 0 2 0 0 21 0 0 0 0 0 0 1 0 0 0 0 0 0 0 0 12 0 0 0 0 0 0 0 0 0 0 0 11 0 0 180 149 4 13 16 1 0 0 0 8 0 0 0 0 0 0 0 0 0 0 0 0 0 0 17 0 0 0 0 0 0 0 1 
 4 2 2 2 3 303 5 4 2 1 2 2 2 0 2 2 4 5 2 2 244 37 51 106 92 267 50 34 81 75 122 42 486 67 69 243 58 250 0 889 0 2 0 0 7 0 0 0 0 0 0 0 3 1 1 2 5 0 0 0 0 0 61 0 3 3 0 0 2 0 3 0 2 0 0 0 0 0 0 0 0 0 0 0 0 3 2 0 0 0 0 0 0 0 0 0 0 0 0 0 17 0 0 0 0 0 66 52 0 0 0 0 10 30 4 9 0 0 39 58 0 0 0 2 0 0 0 0 0 0 0 0 0 0 0 0 0 0 0 0 0 2 0 0 0 0 0 0 0 0 0 0 0 0 0 1 2 1 7 0 11 10 0 0 0 19 0 0 2 0 0 1 0 4 7 0 0 0 0 0 22 13 0 11 0 0 29 24 0 0 0 0 15 23 7 0 0 0 10 32 0 0 0 0 0 0 0 0 0 0 0 0 2 0 0 0 0 2 0 0 0 5 0 0 0 0 0 0 0 0 0 0 0 1 0 0 0 0 0 0 0 0 0 0 0 0 0 0 0 1 0 0 0 0 6 0 1 0 0 1 2 2 0 0 0 0 0 0 0 0 0 0 0 0 0 0 0 0 0 0 0 0 0 0 0 0 0 0 0 1 
 0 2 1 2 0 0 5 2 0 0 1 0 2 3 0 0 7 0 0 0 299 431 33 277 90 63 375 63 75 325 85 53 207 114 126 75 47 315 889 0 0 66 0 2 0 1 0 0 0 1 0 0 3 5 0 3 5 2 3 0 0 0 0 0 5 3 0 0 2 0 3 0 2 3 1 0 0 0 0 0 0 0 0 0 0 0 0 0 0 0 0 0 0 0 0 0 0 0 2 0 24 23 11 0 0 0 53 28 0 0 0 0 22 40 49 11 0 0 49 11 0 0 0 0 0 0 0 0 0 0 0 0 0 0 0 0 0 9 0 0 0 0 0 0 0 0 0 0 0 0 0 0 0 0 0 14 3 0 0 2 0 0 0 0 0 0 0 0 0 0 0 0 0 0 0 0 0 1 0 0 40 23 2 0 0 0 40 19 0 1 0 0 6 40 46 0 0 0 17 14 0 0 0 1 0 0 0 0 0 0 0 0 13 0 0 0 0 0 0 0 0 0 14 0 0 0 0 0 0 0 0 0 0 0 0 0 0 0 12 0 0 0 0 0 0 0 0 0 0 0 0 0 0 0 0 2 1 0 0 2 1 0 0 0 0 0 0 0 0 0 0 0 0 0 0 0 0 0 0 0 0 0 0 0 0 0 0 0 0 0 
 0 0 0 0 0 0 1 0 0 2 0 0 0 0 0 0 0 0 0 0 0 7 0 0 0 0 0 0 59 0 0 0 0 0 0 0 0 0 0 0 0 302 88 60 35 38 365 293 26 32 59 24 151 98 300 37 245 37 30 180 6 0 53 0 0 17 0 0 1 0 0 0 0 0 0 5 0 0 0 2 0 0 0 0 0 0 0 0 0 0 0 0 0 0 0 0 0 0 0 0 0 2 0 0 10 0 0 4 12 0 0 0 0 0 0 0 0 0 0 0 10 5 50 0 0 0 8 17 16 7 1 0 0 0 20 22 47 1 0 4 0 0 0 0 0 0 0 0 0 3 0 0 0 0 0 0 0 0 0 0 0 0 0 0 10 0 0 9 0 0 0 0 0 0 0 0 0 0 0 0 0 0 0 0 0 0 0 0 0 0 0 0 0 0 0 0 0 12 0 14 0 96 7 10 0 0 0 17 24 19 0 0 0 48 19 46 12 9 0 0 0 0 0 0 0 0 0 0 0 0 0 1 0 0 0 0 0 0 0 0 0 0 0 0 0 0 0 0 0 0 0 11 0 0 0 0 0 1 0 0 0 0 0 0 0 1 2 0 0 0 0 0 0 0 0 0 0 0 0 0 0 0 0 0 0 0 0 0 0 0 
 0 0 0 0 0 0 0 9 0 0 0 0 0 0 0 0 0 0 0 0 2 2 2 4 2 2 2 2 2 2 2 2 2 64 2 2 2 2 2 66 302 0 270 46 30 29 113 258 270 36 45 41 41 59 251 241 153 45 45 49 0 2 0 0 0 0 0 90 1 0 0 45 0 0 0 0 0 0 0 0 0 0 0 0 0 0 0 0 0 0 0 0 0 0 0 0 0 0 0 0 0 0 0 0 0 0 0 0 0 0 8 0 0 0 0 0 0 0 0 0 0 27 19 35 0 0 1 8 13 37 43 9 0 0 0 9 22 18 0 0 0 0 0 5 0 0 0 0 0 3 0 0 0 0 5 0 0 0 0 0 0 0 0 0 0 0 0 1 0 0 0 0 0 0 0 0 0 0 6 0 21 0 0 0 0 0 3 0 0 0 0 0 0 0 0 0 0 0 0 0 0 26 36 30 17 12 0 1 9 31 22 0 0 1 0 0 11 36 0 0 0 0 0 0 0 0 0 0 0 0 0 0 0 0 0 6 0 0 0 0 0 0 0 0 0 0 0 0 0 0 0 15 0 1 0 0 0 0 0 10 0 0 1 0 0 0 0 0 0 0 0 0 0 0 0 0 0 0 0 0 0 0 0 0 20 0 0 0 0 0 
 0 0 0 0 0 0 0 3 0 0 0 0 13 0 0 0 0 3 0 0 0 5 3 4 0 0 0 5 6 3 1 0 0 0 4 7 2 0 0 0 88 270 0 54 74 35 95 91 93 243 81 40 82 70 54 241 150 285 29 63 0 0 0 0 0 0 5 0 1 0 0 0 0 3 0 2 0 0 0 0 0 0 0 0 0 0 0 0 0 0 0 0 0 0 0 0 0 0 0 0 0 46 14 0 3 0 0 4 29 42 0 0 0 0 0 0 3 5 0 0 0 19 0 21 34 0 0 0 13 14 41 33 0 0 0 49 0 43 0 0 0 0 0 4 0 0 0 0 0 0 0 0 0 0 3 0 0 0 0 0 0 0 0 0 0 0 0 0 0 0 0 0 0 0 0 0 19 0 0 0 0 3 7 0 0 3 0 0 58 0 0 7 0 0 0 0 11 47 26 0 0 1 41 10 23 9 65 0 11 17 36 22 0 0 0 0 41 20 0 0 0 0 0 0 0 0 0 0 0 0 0 0 36 0 0 23 0 19 0 1 0 0 17 0 0 0 0 0 4 0 0 11 0 1 0 0 0 0 0 5 0 0 1 6 0 7 0 5 0 0 15 0 0 0 0 0 0 0 0 0 0 13 0 0 4 10 0 0 0 0 
 0 0 0 0 0 1 0 0 2 0 0 0 0 0 0 0 0 0 0 2 0 0 0 1 0 0 0 0 0 0 0 0 0 2 0 0 0 0 0 2 60 46 54 0 122 40 100 53 76 339 143 215 154 47 72 42 116 479 77 33 1 5 10 3 0 0 3 1 9 3 5 0 3 3 0 4 12 6 166 8 0 0 0 0 3 0 0 0 0 0 0 0 0 0 0 0 0 0 0 0 0 0 0 0 0 0 0 0 0 0 0 0 0 0 0 0 0 0 0 0 0 0 0 13 27 22 0 0 3 1 4 55 0 0 0 1 0 7 0 0 0 0 0 0 3 0 0 0 0 5 0 0 0 0 0 0 3 0 21 23 0 0 0 0 0 0 0 0 1 0 0 7 0 0 0 0 0 0 0 2 0 0 0 0 0 0 0 0 0 0 0 0 0 0 0 0 0 0 0 7 0 0 1 10 27 20 0 0 0 1 10 35 0 0 0 0 0 1 0 0 0 0 0 9 16 0 16 0 2 0 0 0 8 0 0 2 4 11 21 19 0 0 11 0 0 0 0 0 0 0 0 3 0 0 0 0 0 0 0 13 0 0 9 40 2 12 44 4 0 0 12 0 0 0 0 3 0 0 0 0 0 0 0 0 1 11 0 0 0 13 
 2 2 2 4 2 2 4 8 2 4 2 2 3 0 3 34 2 31 2 6 7 3 0 0 0 0 0 0 2 0 0 3 1 2 0 0 0 0 7 0 35 30 74 122 0 279 278 45 69 121 314 165 69 75 72 114 42 39 265 45 0 0 5 0 0 49 0 0 0 0 0 0 0 0 0 0 0 0 51 2 0 0 0 0 0 0 0 0 0 0 0 0 0 0 0 0 0 0 0 0 0 0 0 0 0 0 0 0 0 0 0 0 0 0 0 0 0 0 0 0 0 0 0 0 2 33 0 0 0 0 0 13 0 0 0 0 0 0 0 0 0 0 0 0 15 0 19 0 0 0 0 0 20 0 0 0 0 0 26 22 0 0 0 0 0 0 0 0 2 0 0 0 0 0 0 0 0 0 14 0 0 0 0 0 0 0 0 0 0 0 0 0 0 0 0 0 0 0 0 0 0 0 0 0 14 25 0 0 0 0 1 0 0 0 0 0 0 0 0 0 9 0 0 0 0 0 29 0 0 0 0 0 44 11 0 0 0 0 24 36 0 0 0 0 0 0 0 0 0 0 0 12 0 0 0 0 1 0 0 1 0 0 1 1 1 1 4 4 0 0 0 0 0 0 0 0 0 0 0 0 0 0 0 0 0 1 0 0 0 0 
 0 0 0 0 0 0 3 60 0 5 4 0 62 3 0 2 0 0 0 0 0 3 0 0 0 6 0 0 0 0 0 0 68 0 0 0 0 0 0 1 38 29 35 40 279 0 89 295 46 171 99 47 43 63 104 83 48 279 34 238 0 0 13 4 0 0 0 1 2 4 9 29 0 0 0 2 4 4 106 1 0 0 0 0 0 0 0 0 0 0 0 0 0 0 20 0 0 0 0 10 0 0 0 0 0 0 0 13 0 0 0 0 0 0 0 0 0 0 0 0 0 0 0 0 0 16 0 1 0 0 0 0 0 0 0 0 0 0 0 0 14 1 0 0 7 8 34 2 0 0 0 0 61 50 0 0 0 1 0 28 0 0 0 0 0 0 0 0 4 0 0 0 0 0 32 0 0 0 0 0 0 0 0 0 0 7 0 0 0 0 0 0 0 0 0 0 0 0 0 0 0 0 0 0 0 44 0 0 0 1 0 0 0 0 0 0 0 0 10 0 12 11 0 0 1 0 12 0 0 0 1 2 59 8 16 1 0 0 11 26 0 0 0 0 0 0 0 0 0 0 0 6 0 0 0 0 1 0 0 0 0 0 1 0 0 11 0 0 1 0 1 0 0 0 0 33 0 0 0 0 0 0 0 0 0 0 0 0 0 0 
 0 2 3 0 0 0 0 2 0 0 3 0 0 5 0 0 0 0 0 0 0 2 0 0 0 2 6 0 0 0 0 3 4 0 0 0 0 1 0 0 365 113 95 100 278 89 0 108 74 63 78 260 549 293 39 258 34 36 82 185 3 0 31 0 0 51 0 0 4 0 0 0 0 0 0 14 4 0 0 0 0 0 0 0 0 0 0 0 0 0 0 0 0 0 0 0 0 0 0 0 0 0 0 0 0 0 0 0 0 0 0 0 0 0 0 0 0 1 0 0 32 26 14 5 0 0 16 45 9 19 10 0 0 36 23 24 37 13 0 19 0 0 0 0 0 0 0 0 0 0 0 0 0 0 0 0 0 0 0 0 0 0 0 0 0 0 0 4 0 0 0 0 0 0 0 6 0 0 0 0 0 0 0 8 0 0 0 0 0 0 0 0 10 0 0 0 0 0 0 0 11 6 5 4 0 0 0 40 39 15 15 0 0 29 34 43 19 14 0 16 0 0 0 0 0 0 0 0 0 0 0 0 0 0 0 0 0 0 0 0 0 0 0 0 0 0 0 0 0 0 0 12 0 0 0 0 0 0 0 0 0 0 0 0 0 5 4 0 0 0 0 0 0 0 0 0 0 0 0 0 0 0 10 0 8 0 0 0 0 0 
 0 0 3 3 0 0 2 3 0 0 3 0 0 2 0 0 0 0 0 0 0 0 0 1 0 0 0 0 0 0 1 0 0 0 0 0 0 0 0 0 293 258 91 53 45 295 108 0 63 52 44 21 103 272 107 44 35 135 86 50 2 0 0 0 0 0 5 0 0 0 0 0 4 0 0 5 2 0 11 26 0 0 0 0 0 0 0 0 0 7 0 0 0 0 0 0 0 0 0 0 0 0 0 0 0 0 0 0 0 0 0 0 0 0 0 0 0 0 0 0 9 30 23 6 1 0 0 31 11 26 33 0 0 0 8 8 42 10 0 0 7 2 1 10 0 0 0 0 6 7 0 0 10 1 8 6 0 1 0 0 0 0 0 0 0 0 0 4 0 0 0 0 0 0 0 0 0 0 0 0 0 0 0 4 0 0 0 0 0 0 0 0 0 0 0 0 0 0 0 0 0 25 9 34 2 0 0 12 24 24 15 0 0 16 0 17 48 25 0 1 9 0 0 0 0 0 2 5 8 0 1 0 1 6 1 34 0 0 4 0 0 0 0 0 10 0 0 0 58 0 0 0 0 0 0 0 0 0 0 0 0 0 0 0 0 2 0 1 0 0 0 0 0 0 0 0 0 0 0 0 0 0 0 0 0 0 0 0 0 0 
 0 0 0 0 0 0 0 0 6 3 0 0 0 0 0 0 0 0 0 0 0 2 0 0 0 0 0 0 0 1 0 2 0 0 0 0 0 0 0 0 26 270 93 76 69 46 74 63 0 203 73 41 113 70 97 387 59 402 71 45 0 0 0 0 0 0 0 0 0 0 0 0 0 0 0 0 0 2 0 0 0 0 0 0 0 0 0 0 0 0 0 0 0 0 0 0 0 0 0 0 0 2 0 0 0 0 0 0 0 0 0 0 0 0 0 0 0 0 0 0 0 27 5 19 11 0 0 0 14 53 53 40 0 0 0 14 13 63 0 0 0 0 0 13 0 0 0 0 0 6 0 1 0 0 10 0 0 0 0 0 0 0 0 0 0 0 0 0 0 0 0 0 0 0 0 0 0 0 0 0 0 0 0 0 0 0 0 0 0 2 0 0 0 0 0 0 0 0 0 0 0 0 7 12 26 0 0 0 75 8 67 26 0 0 6 20 40 29 0 0 0 0 0 0 0 0 0 0 0 0 0 0 0 10 0 0 0 0 0 0 0 0 0 0 0 0 0 0 0 0 0 6 0 2 0 0 0 0 0 6 0 0 4 2 0 6 1 0 2 0 10 0 0 0 0 0 0 0 0 0 0 0 16 0 15 0 0 0 0 0 
 0 0 0 0 0 0 0 1 0 0 0 0 0 3 0 39 0 0 0 0 0 0 0 0 0 0 0 0 0 0 0 0 6 0 0 0 0 0 0 1 32 36 243 339 121 171 63 52 203 0 396 94 45 100 95 313 243 84 86 48 0 0 0 0 0 0 0 0 0 0 0 0 0 0 0 0 0 0 0 4 0 0 0 0 7 0 0 0 0 0 0 0 0 0 0 0 0 0 0 0 0 0 0 0 0 0 0 0 0 0 0 0 0 0 0 0 0 0 0 0 7 0 0 16 23 26 4 0 0 34 24 38 0 7 3 25 53 24 0 15 0 0 0 0 0 9 0 0 0 0 0 0 0 0 0 0 0 11 1 0 0 0 0 0 0 0 0 14 0 0 0 0 0 0 0 0 0 0 0 0 0 0 0 0 0 3 0 21 0 0 0 0 0 0 0 0 0 0 0 0 9 5 11 11 33 0 6 9 0 0 18 26 0 13 0 0 0 14 0 4 0 0 0 0 0 0 18 0 0 0 0 0 10 0 0 7 0 0 60 1 0 0 7 0 0 0 0 0 0 0 0 7 0 0 0 0 0 0 0 21 0 0 78 64 0 11 2 65 0 0 6 0 0 0 0 0 0 0 0 0 0 0 0 0 25 33 0 0 0 0 
 0 1 0 1 0 0 0 0 0 3 0 0 1 5 2 0 0 1 0 0 0 0 0 6 1 1 0 8 0 0 63 2 6 0 0 0 0 0 0 0 59 45 81 143 314 99 78 44 73 396 0 226 68 32 85 103 176 283 237 33 0 0 4 0 0 0 0 0 0 0 0 0 0 51 0 0 0 0 0 4 0 0 0 0 0 0 0 0 0 0 0 0 0 0 0 0 0 0 0 0 0 0 0 0 0 0 0 0 0 0 0 0 0 0 0 0 0 0 0 0 0 41 2 11 25 48 0 3 1 28 5 54 0 0 9 0 8 9 0 0 0 0 0 0 0 0 0 0 0 0 0 0 0 0 0 0 0 0 46 10 0 0 0 0 0 0 0 0 34 0 0 14 0 0 0 0 0 0 0 0 0 0 0 0 2 9 0 0 0 0 0 0 0 0 0 0 0 0 0 0 0 0 2 29 35 24 0 0 6 3 45 39 0 0 5 6 5 39 14 0 0 0 0 0 0 0 21 0 0 0 0 0 13 0 0 8 0 0 12 10 0 0 11 0 0 0 0 0 0 0 0 13 0 1 0 0 0 0 0 0 0 0 37 11 0 7 0 3 2 0 15 0 0 0 0 0 0 0 0 0 0 4 6 0 4 24 0 0 0 0 
 0 0 0 0 0 0 62 0 0 3 4 0 1 3 0 0 0 0 0 0 0 0 0 1 0 0 0 0 3 0 0 1 6 0 0 0 0 0 0 0 24 41 40 215 165 47 260 21 41 94 226 0 54 64 46 242 72 128 51 31 0 0 8 0 0 0 0 0 0 0 0 0 0 0 0 0 0 0 0 5 0 0 0 0 0 0 0 0 0 0 0 0 0 0 0 2 0 0 13 0 0 0 0 0 0 0 0 0 0 0 0 0 0 0 0 0 0 0 0 0 7 0 0 8 2 48 20 0 0 0 6 32 0 0 0 1 0 0 0 0 0 0 0 0 0 0 5 0 0 0 0 0 20 2 2 0 0 0 29 20 0 0 0 0 0 0 0 0 0 0 0 0 0 0 0 0 0 0 0 0 0 0 0 0 0 0 0 0 0 0 0 0 0 0 0 0 0 0 0 0 0 0 0 43 39 29 0 0 0 12 5 42 0 0 0 0 0 0 0 0 0 0 0 0 0 0 28 0 0 0 0 0 31 0 2 8 0 0 14 19 0 0 0 0 0 0 0 0 0 0 0 5 1 0 0 0 0 0 0 13 0 0 73 4 0 13 2 63 2 0 0 0 0 0 0 0 0 0 0 0 0 0 0 0 0 8 0 0 0 0 
 0 0 0 0 0 0 0 0 0 0 0 0 8 0 0 0 0 0 0 0 3 3 3 5 3 6 3 32 103 3 4 3 3 3 3 3 68 3 3 3 151 41 82 154 69 43 549 103 113 45 68 54 0 84 470 60 41 46 352 224 12 0 0 0 0 50 0 0 2 0 1 0 0 0 0 2 66 0 0 0 0 0 0 0 0 0 0 0 0 0 0 0 0 0 0 0 0 0 0 0 0 2 0 18 0 0 0 0 0 0 0 0 0 0 0 0 0 0 26 0 19 11 4 7 5 0 44 51 15 9 32 1 4 22 13 20 6 11 0 24 0 0 0 0 0 0 0 0 0 0 0 0 0 0 0 0 0 0 0 0 0 0 0 0 0 0 0 0 0 2 0 0 0 0 0 0 0 0 0 0 0 0 0 0 0 0 0 0 0 0 0 0 0 0 0 0 0 0 0 0 43 11 1 5 0 0 23 11 10 1 5 0 10 33 61 30 69 0 0 41 0 0 0 0 0 0 0 0 0 0 0 0 0 0 0 0 0 0 0 0 0 0 0 0 0 0 0 0 0 0 0 3 0 0 0 0 0 0 0 0 0 0 2 0 2 3 1 0 0 0 0 0 1 0 0 14 0 0 0 0 0 0 44 0 9 0 0 0 0 0 
 0 0 0 0 0 0 0 3 0 0 0 0 0 0 0 0 0 0 0 0 1 73 5 4 2 2 4 6 23 6 1 1 2 4 8 12 5 2 1 5 98 59 70 47 75 63 293 272 70 100 32 64 84 0 364 39 37 37 391 222 3 0 0 0 0 0 0 0 5 0 0 0 0 0 0 5 1 1 0 0 0 0 0 0 0 0 0 0 0 0 0 0 0 0 0 0 0 0 0 0 0 13 12 0 3 0 0 6 11 11 1 0 0 0 0 0 3 5 0 0 12 10 37 0 0 0 9 21 13 4 3 0 1 1 24 41 37 2 0 1 0 0 0 0 0 0 0 0 0 4 0 0 0 0 0 23 0 0 0 0 0 0 0 0 0 0 0 7 0 0 0 0 0 0 0 0 0 0 0 0 0 0 9 0 3 3 0 0 13 0 0 9 0 0 0 0 12 16 0 0 1 29 7 10 0 0 0 22 24 17 0 0 0 19 12 29 11 11 0 1 0 0 0 0 0 0 0 0 0 0 0 0 0 0 0 0 0 0 0 0 0 0 0 0 0 0 0 0 0 19 0 14 0 1 0 0 0 0 0 0 0 0 2 0 0 3 0 0 0 0 0 0 0 0 0 0 0 0 0 0 0 56 0 0 0 0 0 0 0 0 
 2 2 2 2 2 71 2 3 2 0 2 3 2 0 2 2 2 2 3 2 16 2 0 0 0 0 1 2 6 0 0 0 0 8 7 0 0 0 1 0 300 251 54 72 72 104 39 107 97 95 85 46 470 364 0 92 36 62 70 68 2 0 0 0 0 0 0 0 1 0 0 0 0 0 0 5 0 0 0 0 0 0 0 0 0 0 0 0 0 0 0 0 0 0 0 0 0 0 0 0 0 7 3 0 0 0 0 11 8 0 0 0 0 1 0 0 0 18 0 0 0 34 23 6 1 0 0 21 12 30 19 0 0 6 8 11 76 22 0 0 0 0 0 7 0 0 0 11 0 6 0 0 0 0 6 12 0 0 0 0 10 0 0 0 0 0 0 12 0 0 0 0 0 0 0 0 0 0 0 0 0 7 3 0 13 0 0 0 6 7 0 3 0 1 1 5 6 8 0 0 0 21 17 29 1 0 1 10 17 21 16 0 0 15 0 21 31 50 0 0 0 0 0 1 0 0 0 0 0 0 0 0 0 0 0 0 0 0 0 0 0 0 0 0 0 0 0 0 0 0 0 12 0 0 0 0 0 0 0 0 0 0 0 0 2 3 0 1 86 0 2 0 0 0 0 0 0 0 0 0 0 3 0 0 0 0 0 0 0 0 
 7 2 0 0 0 0 8 8 0 0 0 0 22 4 2 0 0 2 0 24 40 3 0 0 0 0 0 0 0 0 0 2 3 3 0 0 0 0 2 3 37 241 241 42 114 83 258 44 387 313 103 242 60 39 92 0 237 249 32 49 0 0 0 0 0 0 0 0 0 0 0 0 0 0 0 6 0 0 0 2 5 0 0 0 0 0 5 4 17 0 0 0 0 1 1 2 0 3 0 0 0 2 0 0 0 0 0 0 0 0 0 0 0 0 10 0 0 0 0 0 0 18 2 10 18 2 0 1 8 22 44 31 0 0 0 12 1 23 0 0 0 0 0 8 0 0 0 0 0 0 0 0 0 0 7 0 0 0 0 0 11 0 3 0 0 0 10 11 0 15 0 0 10 4 4 0 22 3 0 0 0 0 0 0 0 0 0 0 0 0 0 0 0 0 0 0 0 0 0 0 0 0 62 18 24 0 0 0 24 9 56 11 0 0 0 0 18 27 0 0 0 0 0 0 0 0 0 0 0 0 0 2 0 0 0 0 0 0 0 0 0 0 14 0 0 0 0 0 0 0 0 15 0 2 0 0 0 0 0 10 0 0 2 6 2 9 1 3 0 0 16 0 0 0 0 0 0 0 0 0 0 0 0 0 32 57 0 0 0 0 
 0 0 0 0 0 0 0 0 63 5 0 0 5 0 1 0 2 3 3 6 3 3 6 3 4 3 3 3 3 3 3 3 3 4 3 3 3 3 5 5 245 153 150 116 42 48 34 35 59 243 176 72 41 37 36 237 0 240 24 33 0 14 0 0 0 0 2 0 0 0 0 0 0 0 0 0 0 0 0 4 0 0 0 13 0 33 1 2 0 0 0 0 7 8 0 0 0 0 26 34 0 0 0 0 0 0 0 0 0 0 0 0 0 3 0 0 0 0 0 0 0 31 0 23 12 26 1 14 14 14 68 59 0 0 0 22 10 42 0 0 0 0 0 10 0 0 0 0 0 0 0 0 0 0 3 0 0 0 0 0 0 26 0 0 0 0 0 0 0 0 0 0 0 6 0 0 0 0 8 8 0 0 0 0 0 0 0 0 0 0 0 0 0 0 0 0 0 0 0 0 0 1 31 26 25 3 0 0 11 17 22 35 0 0 0 0 29 19 0 0 0 0 0 0 0 0 19 0 0 0 0 0 0 0 0 0 0 0 0 1 0 0 19 0 0 0 0 0 0 0 0 7 0 0 0 0 0 0 0 4 0 0 0 6 0 7 0 63 0 0 10 0 0 0 0 0 0 0 0 0 0 4 0 0 4 13 0 0 0 0 
 0 0 0 0 0 0 0 4 0 6 4 0 0 0 0 0 0 0 0 0 0 3 6 0 0 0 0 3 8 3 0 0 0 6 7 4 3 1 0 2 37 45 285 479 39 279 36 135 402 84 283 128 46 37 62 249 240 0 50 29 0 0 0 0 0 0 0 0 0 0 0 0 0 0 0 0 0 0 50 50 0 0 0 0 0 0 0 0 0 0 0 0 0 0 0 0 0 0 0 0 0 6 6 0 4 0 0 6 6 5 1 0 0 0 0 0 4 6 0 0 0 2 0 16 33 10 0 0 0 14 23 30 0 0 10 13 0 17 0 0 0 12 0 1 0 0 0 0 0 1 0 0 0 0 2 0 0 0 0 0 0 0 0 0 0 0 0 0 0 0 0 0 0 0 0 0 0 0 0 0 0 7 10 0 0 4 0 0 6 17 0 9 0 1 0 1 7 6 0 0 0 0 36 7 22 0 0 0 14 4 25 44 0 0 0 0 2 14 0 0 0 0 0 0 0 0 19 0 0 0 0 0 15 0 6 7 0 0 13 4 0 0 14 0 0 0 0 0 39 0 0 14 0 0 0 0 0 0 0 7 0 12 67 91 2 9 0 66 3 0 34 0 0 0 0 0 0 0 0 0 0 6 0 0 19 11 0 0 0 0 
 2 2 2 2 2 2 4 4 2 0 3 2 2 67 2 2 2 2 2 8 0 7 0 0 1 194 0 0 0 0 0 0 0 3 0 0 0 0 0 3 30 45 29 77 265 34 82 86 71 86 237 51 352 391 70 32 24 50 0 375 0 0 0 0 0 0 0 0 0 0 0 0 1 0 0 1 17 2 3 0 0 0 0 0 0 0 0 0 0 0 0 0 0 0 0 0 0 0 0 0 0 0 0 0 0 0 0 0 0 0 0 1 0 0 0 0 0 0 0 0 28 0 0 0 0 0 11 10 10 0 0 0 41 36 14 1 0 0 2 21 13 0 0 0 0 0 22 0 0 0 0 0 15 6 18 1 0 0 16 9 0 0 0 0 0 0 0 0 0 11 0 0 0 0 6 0 0 0 0 0 15 0 0 0 0 0 0 0 0 0 7 14 0 0 0 0 0 0 0 0 58 0 0 0 0 0 55 9 0 0 0 0 47 14 10 0 0 0 1 62 1 0 0 0 0 0 0 0 1 0 0 0 10 2 7 0 0 0 3 0 0 0 0 0 0 0 0 0 0 0 0 12 0 0 0 0 0 0 0 0 0 0 0 0 0 0 0 0 0 0 0 0 0 0 0 0 0 0 0 0 0 0 0 0 0 0 0 0 0 0 
 0 0 0 3 0 0 3 2 0 0 0 0 0 0 0 0 0 0 0 0 0 0 0 0 0 1 0 0 0 0 0 0 0 0 0 0 0 0 0 0 180 49 63 33 45 238 185 50 45 48 33 31 224 222 68 49 33 29 375 0 5 0 0 0 0 0 6 0 4 0 0 0 4 2 0 40 4 0 2 3 0 0 0 0 0 0 0 0 0 0 0 0 0 0 0 0 0 0 0 0 0 0 0 0 0 0 0 0 0 0 0 0 0 0 0 0 0 0 0 0 24 11 0 0 0 0 20 10 12 10 0 0 1 6 52 19 10 0 0 16 9 37 0 0 0 0 20 1 6 0 0 0 12 0 2 5 0 1 10 0 0 0 0 0 0 0 0 10 0 0 0 0 1 0 0 0 0 0 14 0 0 0 0 0 0 0 0 0 0 0 0 0 0 0 0 0 0 0 0 0 23 50 0 1 0 0 1 37 23 10 1 0 28 13 12 35 14 1 0 11 5 0 0 0 0 0 11 5 6 0 1 0 2 6 1 3 0 0 0 0 0 0 0 0 0 0 0 0 0 17 0 7 0 1 0 0 0 0 0 2 0 0 0 0 0 0 0 0 0 0 0 0 0 0 0 0 0 0 0 0 0 0 0 0 0 0 0 0 0 0 
 2 2 3 2 2 2 2 4 2 0 2 3 2 0 2 2 2 2 3 2 0 0 0 0 0 3 0 0 0 0 0 0 0 0 0 0 0 0 0 0 6 0 0 1 0 0 3 2 0 0 0 0 12 3 2 0 0 0 0 5 0 91 73 43 40 24 325 245 79 28 29 25 54 134 179 30 41 282 247 158 0 0 0 0 0 0 0 0 0 0 0 0 0 0 0 0 0 0 0 0 0 0 0 0 0 0 0 0 0 0 0 0 0 0 0 0 0 0 0 0 4 4 2 0 0 0 5 2 5 14 0 0 0 0 7 6 4 0 6 0 0 10 22 1 0 0 0 27 30 1 12 0 0 2 10 39 7 19 0 0 0 0 0 0 0 0 0 0 0 0 0 0 0 0 0 19 0 0 0 0 0 0 0 0 0 0 0 0 0 0 0 0 0 0 0 0 0 0 0 0 6 2 0 0 6 0 0 8 6 7 1 0 0 7 8 8 7 1 0 12 1 25 22 20 12 0 61 35 6 21 25 0 0 0 0 9 45 18 0 0 15 0 0 15 0 0 0 0 0 0 0 0 0 0 1 0 24 0 0 0 0 0 0 0 0 0 0 0 0 0 13 2 0 0 2 0 0 0 0 0 0 0 0 0 0 0 0 0 0 0 
 0 13 1 0 0 0 0 9 4 0 1 0 0 0 5 1 0 1 0 4 0 0 0 0 0 0 0 0 0 0 0 0 0 0 0 0 0 0 0 0 0 2 0 5 0 0 0 0 0 0 0 0 0 0 0 0 14 0 0 0 91 0 210 78 26 33 66 214 415 108 264 40 260 283 160 172 160 305 32 74 0 9 14 9 0 0 0 15 14 9 0 0 0 0 15 7 0 3 0 0 0 0 0 0 0 0 0 0 0 0 0 0 0 0 0 0 0 0 0 0 0 0 0 0 0 0 0 0 0 0 0 0 0 0 0 0 0 7 0 0 4 0 0 8 5 3 0 0 0 11 29 15 0 0 0 0 14 8 0 0 0 0 4 0 0 5 0 18 0 0 0 0 0 0 4 0 5 4 0 0 0 0 0 0 0 0 0 0 0 0 0 0 0 0 0 0 0 0 0 0 0 0 0 0 0 0 0 0 0 0 0 0 0 0 0 0 0 0 0 0 0 12 33 25 10 0 0 0 16 34 31 27 0 0 0 0 7 26 0 9 14 0 0 15 0 0 0 0 0 1 0 0 6 0 7 0 0 0 0 0 0 0 0 0 0 0 6 0 0 0 18 0 1 10 4 3 0 0 0 0 0 0 0 0 0 1 0 0 0 0 
