 0 99 201 67 30 39 579 442 46 31 39 44 54 217 404 36 31 21 53 236 2 4 8 0 2 3 3 0 0 0 3 1 2 0 0 0 3 3 0 2 3 0 4 0 2 0 0 0 0 0 5 68 0 2 0 2 0 0 0 0 0 0 0 3 9 0 8 0 0 3 0 0 6 0 0 0 0 0 0 0 30 34 40 0 1 0 35 44 38 3 0 0 15 45 48 32 33 1 1 15 0 2 0 0 0 0 0 0 0 0 0 0 0 0 0 0 0 1 0 15 0 0 0 0 0 0 0 2 1 0 0 0 0 0 0 0 0 0 0 0 0 1 0 6 0 0 2 0 0 0 3 9 0 0 0 0 0 0 0 0 22 15 27 25 0 2 6 40 4 8 2 0 1 34 21 28 8 0 22 8 0 0 0 0 0 0 0 0 1 0 0 1 0 0 0 0 1 0 0 0 0 0 0 0 0 0 0 0 0 0 0 0 0 0 0 0 2 0 0 0 1 0 0 0 0 0 0 0 0 0 19 0 0 0 0 0 0 0 0 0 0 0 0 0 0 2 0 2 0 2 0 7 0 0 0 0 0 0 0 0 0 0 0 0 0 0 0 0 0 0 0 0 0 0 0 0 0 0 0 0 0 0 0 0 0 0 0 0 0 0 
 99 0 488 67 49 17 77 472 327 35 61 40 37 54 405 389 521 30 38 74 2 2 3 3 0 0 0 0 0 0 0 0 2 0 0 0 2 3 0 1 0 0 0 0 2 0 0 3 0 0 2 0 0 2 0 3 0 0 6 0 0 0 0 0 3 1 2 0 0 0 0 1 3 0 0 0 0 0 0 0 0 41 29 20 0 0 0 0 14 58 16 10 0 18 1 35 11 44 0 0 0 0 0 0 0 0 0 7 0 0 0 0 0 0 0 0 0 0 0 0 0 0 0 0 0 0 0 0 0 0 0 0 0 0 0 0 0 0 0 0 0 0 0 8 7 0 0 3 0 0 1 0 0 0 0 0 0 0 0 0 11 19 23 12 0 0 0 15 25 12 0 0 0 1 3 45 12 9 0 1 0 0 0 0 0 0 0 0 0 0 0 0 0 0 0 0 0 0 0 0 0 0 0 0 0 0 0 0 0 0 0 0 0 0 0 0 0 0 0 0 0 0 0 0 0 0 0 0 0 0 0 0 0 0 3 0 0 0 0 0 0 0 0 0 0 0 1 0 0 0 2 1 1 0 0 0 0 0 0 0 0 0 0 0 0 0 0 0 0 0 0 0 0 0 0 2 0 0 0 0 0 0 0 0 0 0 0 0 0 0 
 201 488 0 95 237 19 88 130 291 332 46 19 136 58 62 158 183 419 36 42 2 2 3 0 74 0 0 0 0 0 0 0 0 97 0 0 0 0 0 0 0 0 61 0 0 0 0 8 0 1 1 0 0 2 0 3 0 0 82 0 31 0 0 67 2 0 3 0 0 0 0 0 3 0 0 3 0 0 0 0 0 45 22 51 0 0 2 0 13 48 81 17 0 0 0 38 18 63 0 0 0 0 0 0 0 0 0 0 0 0 0 0 0 0 0 0 0 0 2 2 0 0 0 2 0 0 0 0 0 0 0 0 0 0 0 0 0 0 0 0 0 0 0 0 0 0 0 3 0 0 0 0 1 0 0 0 0 0 0 0 0 11 21 2 0 2 0 0 36 56 34 33 0 0 0 17 40 56 0 0 0 0 0 0 0 1 0 0 0 0 0 0 1 0 0 0 0 0 0 0 0 0 0 0 0 0 0 0 0 0 0 0 0 0 0 0 1 0 0 0 0 0 0 0 0 0 0 1 0 0 8 0 0 0 0 2 0 0 0 0 0 11 0 0 0 0 10 2 4 2 0 4 19 0 0 0 0 0 0 0 0 0 22 0 0 0 0 0 0 0 0 0 0 8 0 12 1 1 0 0 0 0 0 0 0 0 0 0 0 0 
 67 67 95 0 84 60 528 77 79 358 148 400 68 50 61 56 295 637 78 64 2 3 5 0 1 0 1 0 2 0 1 0 0 0 2 0 0 0 0 0 0 0 0 0 0 0 0 2 0 0 2 0 0 2 3 3 0 9 0 0 0 0 0 0 3 2 2 0 0 0 0 0 3 0 0 0 0 0 0 0 0 0 0 53 16 7 15 0 0 0 42 35 0 0 0 0 0 1 0 0 0 0 0 0 0 0 0 0 0 0 0 0 7 0 0 0 0 0 19 0 0 0 0 0 0 0 0 0 0 0 0 0 0 0 11 0 0 0 0 0 0 0 0 0 0 0 31 0 1 0 0 0 2 0 0 0 0 0 0 0 54 0 2 17 35 25 0 0 4 19 39 96 0 0 0 0 29 27 0 0 0 0 0 0 0 0 0 0 0 0 0 0 7 0 0 0 0 0 1 0 0 0 0 0 0 0 0 0 0 0 0 0 0 0 0 0 0 0 0 0 0 0 11 0 0 0 0 0 0 0 0 0 0 0 0 0 0 0 0 0 0 10 14 0 0 2 64 2 0 70 2 10 13 0 0 0 0 0 0 0 0 0 16 0 0 0 0 0 0 0 0 0 0 0 0 11 8 32 0 0 0 0 0 0 0 0 0 0 0 0 
 30 49 237 84 0 337 57 286 58 56 288 543 79 54 69 42 65 53 62 313 2 2 5 0 4 0 0 0 0 0 0 213 0 2 1 0 1 0 2 0 0 0 3 0 0 0 0 2 0 0 1 0 0 2 0 3 0 0 0 0 0 0 0 0 2 0 2 0 0 0 0 4 3 0 3 45 0 0 2 0 0 0 0 0 51 37 0 0 0 0 9 32 0 0 0 0 0 0 0 0 2 0 0 0 17 0 32 0 0 0 0 0 21 0 0 0 0 0 98 30 0 0 0 0 0 0 0 0 0 0 0 0 0 0 0 0 0 0 0 0 0 11 0 0 0 0 0 0 0 0 0 0 1 0 0 0 0 0 0 0 0 0 0 15 12 7 0 0 0 0 0 10 0 0 0 5 0 0 0 0 0 0 0 0 0 0 5 0 10 0 0 0 6 1 0 0 0 0 42 38 16 0 0 0 0 0 0 0 0 0 0 0 0 19 0 0 0 6 0 0 0 0 0 0 0 0 0 0 0 0 0 0 0 0 0 0 0 0 0 0 0 0 0 0 0 6 4 0 6 6 0 2 0 0 0 0 0 0 0 2 0 0 0 0 0 0 0 0 0 0 0 0 0 0 0 0 0 1 0 0 0 0 0 0 0 0 0 0 0 1 
 39 17 19 60 337 0 251 51 47 35 74 281 254 34 63 97 57 39 143 62 2 2 3 0 0 0 0 0 2 0 2 0 0 0 0 0 1 0 303 0 0 0 6 0 1 0 0 0 0 0 4 0 0 2 0 2 0 0 0 0 0 0 0 0 3 0 0 0 0 0 0 0 3 0 0 0 0 0 0 0 0 0 0 0 48 41 0 0 0 0 18 2 0 0 0 0 0 0 0 0 26 0 0 0 0 0 52 0 0 0 17 0 37 0 0 0 0 0 34 31 0 0 0 0 0 0 0 9 15 0 0 0 0 0 0 0 0 0 0 0 0 0 0 0 0 0 0 0 0 0 0 0 0 0 0 0 0 0 0 0 5 0 0 16 0 31 0 0 0 0 0 0 0 0 0 3 0 0 0 0 12 0 0 0 0 0 0 0 1 0 0 0 23 71 1 0 0 0 42 37 0 0 0 0 17 0 0 0 0 17 0 0 0 0 0 0 0 0 0 0 0 0 0 0 0 0 0 0 0 0 0 0 0 0 0 0 0 0 0 0 0 0 0 0 0 0 0 0 6 4 1 0 0 0 0 0 0 0 0 0 0 0 0 0 0 0 0 1 0 0 0 0 0 0 0 0 0 0 0 0 0 0 0 0 0 0 0 0 0 0 
 579 77 88 528 57 251 0 328 290 36 328 31 384 413 35 28 36 248 117 334 2 2 38 0 0 0 72 1 2 1 0 0 0 0 0 0 0 0 0 6 0 0 0 0 0 0 0 0 20 0 4 0 0 2 0 3 0 0 0 0 0 0 0 0 2 0 3 1 0 0 1 0 3 2 0 34 0 0 0 0 38 29 10 0 0 0 39 57 24 0 0 0 9 47 52 14 33 0 0 14 0 0 0 0 0 0 0 0 0 0 0 0 0 15 0 0 0 0 0 0 2 0 0 0 0 2 1 0 0 0 0 4 0 0 0 0 0 14 0 0 0 0 0 4 0 0 9 0 0 0 5 2 0 0 0 0 0 0 0 0 27 0 0 7 0 0 54 26 1 0 0 0 14 27 39 2 8 0 8 41 0 0 0 1 0 0 0 0 0 2 0 0 0 0 0 0 14 0 0 0 0 0 0 0 0 0 0 0 0 0 0 0 0 1 0 0 0 0 0 0 0 0 0 0 2 0 0 0 0 0 0 0 0 0 0 0 0 0 0 0 0 0 0 0 0 2 2 0 0 2 0 14 0 0 0 2 0 0 0 0 0 0 0 0 0 0 0 0 0 0 0 0 0 0 0 0 0 0 0 0 0 0 0 0 0 0 0 0 0 0 
 442 472 130 77 286 51 328 0 194 40 27 254 76 440 164 265 262 26 277 90 4 2 3 1 0 2 0 0 0 0 0 0 0 0 0 0 0 2 4 0 26 0 0 0 0 0 0 0 0 0 1 0 0 2 0 3 0 0 0 0 0 0 0 0 2 0 3 0 0 0 0 0 3 0 3 0 0 51 0 0 1 66 44 4 0 0 15 36 41 13 3 0 1 23 12 46 50 43 0 1 0 0 0 4 0 0 0 0 11 0 9 0 0 0 0 0 37 0 0 0 1 0 0 0 0 0 0 0 0 0 0 0 0 0 0 0 0 0 2 0 1 0 0 0 0 0 0 2 0 0 5 16 0 0 0 0 0 0 0 0 10 26 21 21 0 0 7 21 39 10 0 0 0 28 41 42 20 0 0 0 0 0 0 0 0 0 0 0 0 1 0 0 0 0 0 0 0 0 0 0 0 0 0 0 0 0 0 0 0 0 0 0 0 2 0 0 16 0 0 0 14 0 0 0 1 0 0 0 0 0 0 0 0 0 0 0 0 0 0 0 0 0 0 0 0 0 2 0 3 0 0 2 0 0 0 0 0 0 0 0 1 0 0 0 0 0 0 0 0 0 0 0 0 0 0 12 0 15 0 0 0 0 0 0 0 0 0 0 0 1 
 46 327 291 79 58 47 290 194 0 367 294 29 68 291 196 221 148 333 70 78 2 2 37 0 2 0 0 0 1 0 0 0 0 0 1 0 2 0 0 0 0 0 0 0 0 0 0 25 0 0 2 1 0 2 0 3 0 0 0 0 0 0 0 0 2 0 3 0 0 0 0 0 3 0 0 0 0 0 0 0 56 13 35 28 0 0 1 0 11 50 34 8 0 14 0 44 3 61 0 0 0 0 0 0 0 0 0 0 0 0 0 0 0 0 0 0 0 0 0 0 1 0 0 0 0 0 0 0 0 0 0 0 0 0 0 0 0 0 0 0 0 0 0 0 0 0 0 3 0 0 0 0 0 0 0 0 0 0 0 12 10 4 34 3 0 0 0 1 42 13 16 0 0 0 0 58 34 12 0 0 0 0 0 0 0 0 0 0 0 0 0 0 0 0 0 0 0 5 0 0 0 0 0 0 0 14 0 0 0 0 0 0 0 0 0 0 0 0 0 0 0 0 0 0 0 0 0 0 0 0 0 0 0 0 0 0 0 0 0 0 0 14 0 0 0 0 1 0 0 4 1 5 14 0 0 0 0 0 0 0 0 0 57 0 0 0 0 0 0 16 0 0 0 0 0 12 5 0 0 0 0 0 0 0 0 0 0 0 0 0 
 31 35 332 358 56 35 36 40 367 0 369 49 55 84 104 339 452 172 98 125 91 2 5 0 2 0 0 0 0 0 0 0 0 0 0 1 0 0 0 2 0 0 0 0 0 1 0 7 0 0 3 0 0 2 0 2 0 0 0 0 0 0 0 0 3 0 0 43 0 0 0 0 53 0 0 1 0 0 2 0 0 0 4 57 0 0 0 0 0 47 31 14 0 2 0 24 0 19 0 0 0 0 0 0 0 0 1 0 0 0 0 0 2 0 0 0 0 0 0 0 0 0 0 0 0 0 0 0 0 0 0 0 1 0 0 0 0 0 0 0 0 0 0 10 0 0 0 0 0 1 1 0 0 0 0 0 0 0 0 0 0 0 11 0 0 25 0 0 0 2 60 36 0 0 0 0 3 29 0 0 0 0 2 0 0 0 0 0 0 0 0 0 0 0 2 3 0 0 0 0 7 0 0 0 0 0 0 14 0 0 0 0 0 0 0 0 0 0 0 0 0 0 2 0 0 0 0 0 0 0 0 0 0 0 0 0 0 0 0 0 0 4 0 0 0 2 90 0 3 186 0 0 13 0 0 0 0 0 0 0 0 13 19 0 0 0 0 0 0 0 0 0 0 0 0 0 14 0 0 0 0 0 0 0 0 0 0 0 0 0 
 39 61 46 148 288 74 328 27 294 369 0 384 255 63 61 80 107 412 58 144 2 2 3 0 0 0 0 0 0 0 0 0 1 0 0 0 0 74 0 0 0 0 6 0 0 0 0 1 0 0 2 0 2 7 30 3 1 5 0 2 0 0 0 0 3 5 2 0 0 0 0 0 3 0 0 0 0 0 0 0 0 2 0 48 16 20 0 1 0 0 40 34 0 0 0 12 0 4 0 0 0 0 0 0 0 0 0 0 0 0 0 2 10 0 2 0 0 0 16 0 0 3 0 0 0 0 0 0 0 0 0 0 0 0 0 0 0 0 0 0 0 0 0 0 0 0 0 0 0 0 0 0 2 0 0 0 0 0 0 0 0 0 0 17 37 23 0 1 0 15 48 60 0 0 0 1 13 23 0 13 0 0 0 0 0 0 11 0 0 0 0 0 7 1 0 0 0 0 0 0 0 0 0 0 0 0 0 0 0 0 0 0 0 0 0 0 0 0 0 0 0 0 0 0 0 0 0 0 0 0 0 19 0 1 0 0 0 0 2 0 0 19 0 0 0 0 115 2 0 16 2 19 13 17 0 0 0 0 0 0 0 0 18 0 0 0 0 0 0 0 0 0 0 0 0 15 18 13 0 0 0 0 0 0 0 0 0 0 0 0 
 44 40 19 400 543 281 31 254 29 49 384 0 28 27 26 35 68 56 37 41 2 3 3 2 0 0 0 0 85 0 0 0 0 0 0 208 2 0 0 0 0 0 0 0 62 0 0 0 0 0 2 0 0 2 2 57 0 8 61 0 0 0 0 0 3 0 2 0 0 0 0 0 3 0 0 0 0 0 0 0 0 0 0 19 49 54 0 0 0 1 3 31 0 0 0 1 0 1 0 0 0 0 0 0 0 0 0 0 0 0 0 0 10 0 0 0 0 0 23 9 0 0 0 0 0 13 0 14 0 0 0 0 0 0 0 0 0 0 0 0 0 0 0 0 0 0 0 0 0 0 0 0 4 0 4 0 0 0 0 0 0 13 0 11 32 34 0 0 1 2 77 34 0 0 0 1 3 11 0 0 0 0 0 0 0 0 0 0 1 0 0 0 4 0 0 0 0 0 28 30 0 0 20 0 0 0 0 0 0 14 0 0 0 0 0 0 0 0 0 0 0 0 0 0 0 0 0 0 0 0 0 0 0 0 0 0 0 0 0 0 0 0 0 0 0 0 174 1 1 174 4 0 4 0 0 0 0 0 0 0 0 0 1 0 0 0 0 0 0 0 0 0 0 0 0 11 19 11 0 0 0 0 0 0 0 0 0 0 0 0 
 54 37 136 68 79 254 384 76 68 55 255 28 0 70 52 41 99 28 373 282 4 2 3 1 0 2 0 0 0 2 0 3 0 2 0 0 0 4 2 0 0 0 0 61 0 3 0 0 0 0 5 0 2 2 0 2 0 62 0 3 0 0 0 0 3 2 0 0 2 3 0 0 36 0 0 0 0 1 0 0 77 1 0 0 0 0 30 29 0 0 0 0 29 12 22 0 16 0 0 71 0 0 0 0 0 0 0 0 0 0 0 0 0 0 0 0 17 0 0 0 0 0 0 13 0 0 0 0 0 0 0 0 0 0 0 0 0 0 0 0 0 0 0 6 0 0 8 0 0 0 1 3 0 0 0 0 0 0 0 0 8 0 0 0 0 0 21 0 0 0 0 0 20 17 21 2 0 0 9 23 0 0 0 0 0 0 0 0 0 0 0 0 0 0 0 0 0 0 0 0 0 0 0 0 0 0 0 0 0 0 0 0 0 0 0 0 0 0 1 0 0 0 0 0 0 0 0 0 0 28 0 0 0 0 0 0 0 0 0 0 0 0 0 0 0 1 0 2 0 0 0 0 0 0 0 0 0 0 0 0 0 0 0 0 0 0 0 0 0 0 0 0 0 0 0 0 0 0 0 0 0 0 0 0 0 0 0 0 0 0 
 217 54 58 50 54 34 413 440 291 84 63 27 70 0 458 33 40 22 104 215 3 4 3 0 0 0 2 2 0 1 0 0 0 0 4 1 0 1 5 0 0 0 0 0 0 0 0 0 0 0 1 3 0 2 0 3 0 0 0 3 0 0 0 0 5 0 3 3 0 0 0 1 2 0 0 0 0 49 0 0 34 70 23 0 1 0 70 75 45 1 0 0 30 37 60 18 42 0 0 28 0 2 0 0 0 0 0 0 0 2 0 0 16 0 0 0 0 1 0 12 0 0 0 0 0 0 0 3 1 0 0 0 0 0 0 0 0 0 0 0 0 0 0 46 0 0 2 0 0 0 5 15 0 0 0 0 0 0 0 0 29 25 14 18 0 2 11 52 0 9 0 0 0 19 41 40 6 0 0 10 1 0 0 0 0 0 0 0 1 0 0 0 0 0 0 0 1 0 0 2 0 0 0 0 0 0 0 0 0 0 0 0 0 0 1 0 2 0 0 0 1 2 0 0 0 0 11 0 0 0 0 0 0 0 0 0 0 0 0 0 0 0 0 0 0 0 0 0 1 1 2 2 0 0 0 0 0 0 0 0 0 0 0 0 0 0 0 0 0 0 0 0 0 0 0 0 0 0 0 0 0 0 0 0 0 0 0 0 0 0 
 404 405 62 61 69 63 35 164 196 104 61 26 52 458 0 61 49 40 62 132 0 2 5 2 0 3 3 0 0 0 3 0 0 0 0 0 3 4 0 3 3 2 1 2 2 2 1 6 0 0 5 2 1 63 0 0 2 2 0 0 0 0 0 3 3 3 50 39 0 3 0 0 0 0 0 0 5 6 0 3 0 62 56 0 0 0 20 32 46 20 5 0 0 22 31 57 47 68 0 0 0 0 0 0 0 0 0 0 0 0 0 0 0 0 0 0 0 0 0 0 2 0 0 0 0 1 0 0 0 0 0 0 0 0 0 0 0 0 1 0 0 0 12 2 0 0 0 4 0 0 3 4 0 0 0 0 0 0 0 0 5 40 20 9 0 2 0 42 58 16 0 0 0 28 14 44 34 2 0 0 2 0 0 1 0 0 0 0 1 0 0 0 0 0 5 0 1 0 0 2 0 11 0 0 0 0 0 0 0 0 0 0 0 0 0 0 0 0 0 0 0 2 0 0 0 0 0 16 0 0 0 0 0 0 0 0 0 0 0 0 0 0 0 0 0 0 0 0 4 0 0 2 0 0 0 0 0 0 0 0 0 0 0 0 0 0 0 0 0 0 0 0 0 0 0 11 0 0 0 0 0 0 0 0 0 0 0 0 0 0 
 36 389 158 56 42 97 28 265 221 339 80 35 41 33 61 0 112 440 32 64 5 2 3 1 2 0 3 0 0 5 0 0 2 2 0 5 1 0 0 0 0 5 6 3 0 0 0 12 0 0 3 1 0 2 5 3 61 3 2 4 0 5 0 2 3 0 2 0 2 0 0 2 3 2 4 2 0 0 0 0 1 14 24 34 0 0 0 0 8 59 40 4 0 1 1 39 10 56 0 0 0 0 0 0 0 0 0 0 0 0 0 0 0 0 0 0 0 0 0 0 0 0 0 0 0 0 0 0 0 0 0 0 0 0 0 0 0 0 0 0 0 0 0 1 0 0 0 7 0 0 0 1 0 0 0 0 0 0 2 0 1 11 15 1 1 19 1 0 31 20 26 13 0 0 0 14 21 17 0 0 0 0 0 0 0 0 0 0 0 0 0 0 0 0 0 0 0 0 0 0 0 0 0 0 0 0 0 0 0 0 0 0 0 0 0 0 0 0 0 0 0 0 0 0 0 0 0 0 0 0 0 0 0 0 0 0 0 0 0 0 0 14 0 0 0 0 2 0 0 2 0 2 26 0 0 0 0 0 0 0 0 0 24 0 0 0 0 0 0 0 0 0 0 0 0 10 1 0 0 0 0 0 0 0 0 0 0 0 0 2 
 31 521 183 295 65 57 36 262 148 452 107 68 99 40 49 112 0 324 41 59 5 3 3 0 0 0 0 0 0 0 0 1 1 0 0 0 0 0 1 0 2 0 0 0 0 0 0 9 0 4 3 0 0 4 0 2 57 2 1 2 0 0 0 0 3 0 0 0 0 0 1 0 3 0 3 2 0 0 0 0 0 41 18 58 0 0 0 0 7 42 46 4 0 1 1 52 13 43 0 0 10 0 0 0 0 0 0 0 0 0 0 2 0 0 0 0 0 0 0 0 54 0 0 0 0 20 0 0 0 0 0 0 0 0 0 0 0 0 0 0 0 2 0 0 0 0 0 1 0 0 0 1 0 0 0 0 0 0 4 0 0 6 7 0 1 9 0 0 33 16 31 17 0 0 1 10 19 17 0 0 0 0 0 0 0 0 0 0 0 0 0 0 0 0 0 0 0 1 0 0 0 0 0 0 0 0 0 0 0 0 0 2 0 0 0 0 0 0 0 0 0 0 0 0 0 0 0 0 0 9 0 0 0 0 0 0 0 0 2 0 0 9 0 0 0 0 1 0 0 0 0 6 0 0 0 0 0 0 0 0 0 0 19 0 0 0 0 0 0 1 0 0 0 0 0 0 1 0 0 0 0 0 0 0 0 0 0 0 0 3 
 21 30 419 637 53 39 248 26 333 172 412 56 28 22 40 440 324 0 23 52 2 2 3 0 0 0 0 1 0 0 1 0 0 0 0 1 1 0 0 0 0 0 0 0 0 0 0 6 0 0 1 1 0 2 0 3 0 1 0 0 0 0 0 0 2 0 3 0 0 0 0 0 2 0 0 0 0 10 0 0 0 0 0 52 13 2 0 0 0 66 51 25 0 0 0 14 0 15 0 0 0 0 0 0 0 0 0 0 0 0 0 0 7 0 0 0 0 0 0 0 0 0 0 18 0 0 0 0 0 0 0 0 0 0 0 0 0 0 0 0 0 0 0 0 0 0 0 0 0 0 0 0 0 0 0 0 0 0 0 0 0 0 6 0 14 25 0 0 0 20 52 67 0 0 0 0 33 33 0 0 0 0 0 0 0 0 0 0 0 0 0 0 0 0 0 0 0 0 0 0 0 0 0 0 0 0 15 0 0 0 0 0 0 0 0 0 0 0 0 0 0 0 0 0 9 0 0 0 0 0 0 0 0 0 0 0 0 0 9 0 0 13 0 0 0 0 178 0 2 174 0 6 15 0 0 0 0 0 0 0 0 0 10 0 0 0 0 0 0 0 0 0 0 0 0 12 25 52 0 0 0 0 0 0 0 0 0 0 0 0 
 53 38 36 78 62 143 117 277 70 98 58 37 373 104 62 32 41 23 0 767 2 2 3 0 0 0 0 0 0 0 2 0 0 0 0 0 0 0 0 0 0 0 0 0 0 0 0 0 0 0 2 0 0 2 0 3 0 0 0 0 0 0 0 0 3 0 1 0 0 0 4 0 3 0 0 0 0 0 0 0 44 0 0 0 0 0 10 1 0 0 0 0 31 15 8 0 2 0 25 63 0 0 0 0 0 0 0 0 0 0 0 0 0 0 0 0 1 0 0 0 9 0 0 0 1 0 8 0 0 0 0 0 0 0 0 0 0 0 0 0 0 0 0 0 0 0 2 0 0 0 0 0 0 2 0 0 0 0 34 0 17 0 0 1 13 0 20 10 13 0 0 0 20 9 13 0 0 0 35 30 0 0 9 0 0 0 0 0 0 0 0 22 0 0 0 0 0 0 0 0 0 0 0 0 26 2 0 0 1 0 0 0 0 0 0 0 0 1 0 0 0 0 12 0 0 0 0 0 0 2 0 0 0 0 0 0 0 1 0 0 0 0 0 0 0 0 2 0 4 1 2 2 0 0 0 0 0 0 0 0 0 0 0 0 0 0 0 0 0 0 0 0 0 0 0 0 0 0 0 0 0 0 0 0 0 0 0 0 0 0 
 236 74 42 64 313 62 334 90 78 125 144 41 282 215 132 64 59 52 767 0 2 2 3 0 2 0 0 0 1 0 0 202 0 0 0 0 0 0 0 0 41 65 0 0 0 0 0 0 0 0 68 0 0 2 0 2 0 0 0 0 4 0 0 0 3 0 0 0 0 0 0 0 3 0 0 0 0 0 0 0 35 18 0 0 0 0 43 51 0 0 0 0 28 8 15 0 0 0 0 33 0 0 23 0 0 0 0 0 0 0 0 2 0 0 0 0 0 0 0 0 0 0 0 0 0 0 15 0 0 0 0 0 0 0 0 0 0 0 0 0 0 0 0 4 0 0 5 1 0 0 7 7 0 0 0 0 0 0 0 0 5 1 0 0 0 0 11 15 0 0 0 2 0 30 10 1 0 0 10 32 0 0 0 0 0 0 0 0 0 0 0 0 0 0 0 0 0 1 0 0 0 0 10 0 0 0 0 0 0 0 0 1 0 0 0 0 0 0 0 0 0 0 0 1 0 0 12 0 0 0 0 0 0 0 0 0 0 0 2 0 0 0 0 0 0 3 1 0 2 0 3 16 0 0 0 0 0 0 0 0 0 0 0 0 0 1 0 0 0 1 0 0 0 0 0 0 0 0 0 0 0 0 0 0 0 0 0 0 0 0 
 2 2 2 2 2 2 2 4 2 91 2 2 4 3 0 5 5 2 2 2 0 178 46 61 40 43 401 374 30 44 33 39 114 92 394 58 38 46 61 223 0 11 0 0 0 0 0 0 0 3 3 0 2 0 0 2 0 2 0 2 0 9 0 0 2 1 0 0 0 0 3 0 0 0 0 2 0 3 7 0 0 0 0 0 0 0 0 0 0 7 0 0 0 0 0 0 0 0 0 0 25 32 22 0 0 0 1 42 26 9 11 0 0 21 9 33 20 11 0 3 0 0 0 0 0 0 0 0 0 0 0 0 0 0 0 0 0 0 2 0 0 0 0 0 0 0 0 0 6 0 0 0 0 0 0 15 0 0 4 6 0 0 0 0 0 1 0 2 0 0 0 0 1 0 0 0 0 0 0 0 36 28 18 3 5 0 15 54 10 0 0 0 1 21 46 39 20 0 0 26 0 0 0 0 0 0 2 0 0 0 0 0 0 0 0 9 0 0 0 0 0 0 0 2 0 0 0 0 0 0 0 0 0 0 0 0 0 0 1 0 0 0 0 0 0 0 0 0 0 0 0 0 0 0 10 2 2 0 0 2 1 7 0 0 0 0 0 0 0 0 0 2 0 0 0 0 0 0 0 0 0 0 0 0 0 0 0 0 0 0 
 4 2 2 3 2 2 2 2 2 2 2 3 2 4 2 2 3 2 2 2 178 0 351 71 45 52 74 335 218 69 26 38 104 208 562 303 279 110 51 24 0 3 2 0 0 0 0 5 0 3 3 2 59 0 0 2 0 0 0 2 0 12 0 0 2 2 0 0 0 0 3 2 0 0 2 2 1 3 2 0 0 0 0 0 0 0 0 0 0 0 0 0 0 0 0 0 0 0 0 0 12 45 32 1 0 0 0 0 46 27 20 23 10 0 24 71 49 26 0 0 0 0 0 0 0 0 0 0 0 0 0 0 0 0 0 0 0 0 0 0 4 0 0 0 1 0 0 0 0 0 2 0 0 0 0 0 2 0 0 11 0 0 0 0 2 10 5 0 0 0 0 0 0 0 10 0 0 0 0 0 0 19 55 1 0 0 0 24 38 14 35 14 0 1 14 35 18 40 0 2 0 0 0 0 0 0 0 0 0 2 0 0 0 8 0 0 0 0 0 0 0 0 0 0 0 0 1 0 0 0 0 0 0 0 0 0 0 0 0 0 0 0 0 0 0 0 0 0 0 0 0 0 0 0 10 0 2 0 0 0 40 1 0 0 0 0 6 0 0 0 0 0 0 56 0 9 0 0 0 0 0 18 0 0 0 0 0 0 0 0 
 8 3 3 5 5 3 38 3 37 5 3 3 3 3 5 3 3 3 3 3 46 351 0 367 323 106 60 64 319 387 77 111 65 271 79 101 222 362 45 245 66 0 0 0 0 0 0 0 0 3 3 0 2 0 5 2 3 1 0 6 0 3 0 3 5 3 0 1 0 0 2 3 0 0 1 5 3 0 3 0 23 0 0 0 0 0 0 0 0 0 0 0 0 0 0 0 0 0 0 0 1 17 22 24 0 0 0 0 20 29 41 10 0 0 25 42 43 36 10 0 0 0 0 0 0 0 0 0 0 0 0 0 0 0 0 0 0 0 1 0 0 0 0 0 0 0 0 0 0 0 0 0 0 2 0 0 0 0 0 0 0 0 0 0 0 0 0 0 0 8 0 0 0 0 0 0 0 0 0 0 0 0 30 70 0 0 0 17 33 25 42 42 0 0 0 12 12 64 0 0 0 0 0 0 0 0 0 0 0 0 0 0 1 0 9 0 0 0 0 0 0 0 0 0 0 0 0 0 0 0 0 0 0 0 0 0 0 0 0 0 0 0 27 0 0 1 0 0 6 0 0 0 0 0 6 1 0 4 6 0 10 16 0 0 0 0 30 1 0 0 0 0 0 0 0 0 0 0 0 0 0 34 0 0 0 0 0 4 0 0 
 0 3 0 0 0 0 0 1 0 0 0 2 1 0 2 1 0 0 0 0 61 71 367 0 71 31 179 52 62 403 104 391 72 70 70 42 128 352 45 59 0 0 1 0 0 0 0 0 0 3 2 0 2 0 0 80 0 0 0 2 0 3 0 0 2 3 0 0 0 0 2 0 0 0 5 5 0 0 3 0 0 0 0 0 0 0 0 0 0 0 0 1 0 0 0 0 0 0 0 0 0 2 0 36 2 26 0 0 0 6 14 37 0 2 0 0 0 9 0 0 0 0 0 0 0 0 0 0 1 0 0 0 23 0 0 0 0 0 67 12 0 0 5 0 0 0 0 0 22 0 0 0 0 0 0 0 0 1 0 0 0 0 0 2 0 0 0 0 40 12 0 0 4 0 0 0 0 0 0 0 0 0 0 62 99 35 2 0 0 0 22 61 0 4 2 1 0 21 0 0 1 0 0 0 0 0 0 0 2 0 0 0 10 0 0 0 0 1 13 0 0 0 0 0 0 0 0 0 0 13 0 0 0 0 0 0 0 0 0 0 0 0 9 0 0 0 0 0 0 0 0 0 0 0 5 2 0 85 44 0 11 13 0 0 0 0 0 0 0 0 0 0 0 0 0 0 0 0 0 0 0 13 0 0 0 0 4 13 0 0 
 2 0 74 1 4 0 0 0 2 2 0 0 0 0 0 2 0 0 0 2 40 45 323 71 0 564 58 60 49 96 128 427 90 111 82 92 260 69 36 72 0 0 0 0 0 0 0 0 0 3 2 0 2 2 0 2 0 0 1 2 57 3 0 0 2 3 0 9 0 0 2 0 0 0 0 2 0 0 3 0 0 0 0 0 0 0 0 0 0 0 0 0 0 0 0 0 0 0 0 0 0 0 0 2 74 32 0 0 0 0 0 20 0 0 0 0 0 0 0 0 2 0 0 0 0 0 9 0 0 0 0 0 27 1 0 0 6 0 22 31 0 0 2 0 0 0 0 0 0 0 0 0 0 0 0 1 0 2 0 0 0 0 0 0 0 0 0 0 0 0 0 0 0 0 0 0 0 0 0 0 0 0 0 0 40 50 0 0 0 0 0 6 0 0 0 0 0 0 0 0 7 0 0 0 0 0 25 0 0 0 0 0 60 28 0 0 0 0 29 51 0 0 0 0 0 0 0 0 0 0 0 0 0 0 0 0 0 0 0 0 0 0 0 0 0 0 0 0 0 0 0 0 0 8 9 0 0 2 3 2 2 0 0 0 0 0 0 0 0 0 0 0 0 0 0 0 0 0 0 0 0 0 0 0 0 0 0 0 0 0 
 3 0 0 0 0 0 0 2 0 0 0 0 2 0 3 0 0 0 0 0 43 52 106 31 564 0 30 137 43 45 80 69 37 40 120 142 149 40 43 54 0 0 2 0 0 0 62 0 0 3 3 9 2 0 0 2 0 1 126 2 0 2 0 0 2 2 0 11 0 0 3 0 0 0 0 2 0 2 2 0 0 0 0 0 0 0 0 0 0 0 0 0 0 0 0 0 0 0 0 7 11 1 11 0 28 10 0 0 7 11 12 28 0 0 9 10 8 0 0 0 35 0 0 0 0 0 56 0 2 0 0 0 20 25 16 0 0 0 6 50 0 0 0 0 0 0 0 0 0 0 0 0 0 0 0 14 0 2 0 0 0 0 0 0 0 1 0 0 0 0 0 0 0 0 0 0 0 0 0 0 18 11 19 1 14 16 0 0 11 0 11 11 0 0 1 6 1 12 0 0 21 0 0 0 0 0 39 0 0 0 0 0 40 18 11 0 0 1 25 45 0 0 0 0 12 0 0 0 0 0 2 0 0 0 0 0 0 0 1 0 0 0 0 0 0 0 0 0 0 0 0 0 0 0 11 0 5 0 2 5 0 1 0 0 0 0 0 0 0 0 0 2 0 0 0 0 0 0 0 0 0 0 0 0 0 0 0 0 0 0 
 3 0 0 1 0 0 72 0 0 0 0 0 0 2 3 3 0 0 0 0 401 74 60 179 58 30 0 91 55 249 129 35 371 381 256 101 54 51 87 512 0 5 3 0 0 0 0 1 0 3 3 1 2 0 0 2 0 0 0 2 0 59 0 0 2 2 0 1 0 0 3 0 0 0 0 2 0 2 8 0 0 0 0 0 0 0 0 0 0 0 0 0 1 0 0 0 0 0 0 0 21 24 27 0 0 0 0 54 11 1 0 0 2 37 14 0 20 15 0 18 0 0 0 0 0 0 2 0 0 0 0 0 0 0 0 0 0 0 0 0 0 2 0 0 0 0 0 0 10 0 0 0 0 1 0 0 0 0 5 5 0 0 0 0 0 0 0 0 0 0 0 2 0 0 2 0 2 15 0 0 48 75 20 0 0 0 31 35 10 0 0 0 2 36 61 81 48 0 0 21 0 0 0 1 0 0 0 0 1 0 0 0 0 0 0 0 0 0 6 0 0 4 0 0 0 0 0 0 0 0 1 3 0 0 2 0 2 0 0 0 0 0 0 0 0 0 0 0 0 0 0 0 0 0 20 0 2 0 0 2 4 0 0 0 0 0 0 0 0 0 0 0 0 0 0 0 2 0 0 0 0 1 0 0 0 0 0 0 0 0 
 0 0 0 0 0 0 1 0 0 0 0 0 0 2 0 0 0 1 0 0 374 335 64 52 60 137 91 0 161 69 33 61 112 396 165 72 139 42 42 45 0 3 0 0 0 0 0 0 0 3 3 0 2 0 0 2 2 0 0 2 0 12 0 0 2 2 0 0 53 0 3 0 0 0 0 3 0 2 5 0 0 0 0 0 0 0 10 0 0 0 0 0 0 0 0 0 0 0 1 15 10 37 35 0 0 0 1 23 36 21 15 1 0 14 29 6 14 25 0 1 0 0 0 0 0 0 1 0 0 0 0 0 0 0 0 0 0 0 0 0 0 2 0 0 0 0 0 0 4 0 0 0 0 0 0 0 0 0 0 5 0 0 0 0 0 3 0 0 0 0 0 2 1 0 1 0 0 0 0 0 9 45 35 11 0 0 1 55 45 20 0 0 1 18 18 54 37 7 0 0 0 0 0 0 0 0 0 0 0 0 0 0 0 0 0 0 0 6 0 0 0 0 0 0 0 0 0 0 0 1 1 0 0 0 2 0 2 0 0 0 0 0 0 0 0 0 0 0 0 0 0 0 0 0 5 1 0 0 0 0 0 0 0 0 0 0 17 0 0 0 0 0 0 0 0 0 2 0 0 0 0 1 0 0 0 0 0 0 0 0 
 0 0 0 2 0 2 2 0 1 0 0 85 0 0 0 0 0 0 0 1 30 218 319 62 49 43 55 161 0 308 34 35 304 134 184 208 318 281 56 41 0 0 0 0 0 0 0 0 0 0 3 2 2 0 2 0 0 0 62 2 0 0 0 0 0 0 0 3 0 0 0 0 0 0 25 12 3 0 1 0 0 0 0 0 0 0 0 0 0 0 0 0 0 0 0 0 0 0 0 0 15 18 24 29 0 0 0 1 27 34 31 10 0 0 51 12 37 34 0 0 0 0 0 0 0 0 0 0 0 0 0 0 0 15 0 0 0 0 1 0 0 0 0 0 0 3 0 0 0 0 0 0 0 0 0 0 0 0 0 0 0 0 0 0 0 1 0 0 0 0 0 0 0 0 0 0 0 0 0 0 2 10 34 62 0 0 0 0 26 21 46 36 0 0 0 15 14 71 0 0 0 0 0 0 0 0 0 0 10 0 0 11 1 0 0 0 0 0 0 0 0 9 0 0 0 0 0 19 0 0 0 0 0 0 0 0 0 0 0 0 0 0 37 0 0 0 0 0 1 0 0 9 0 0 4 0 0 6 1 1 4 16 0 0 0 0 9 0 0 0 0 0 0 0 0 0 0 0 0 0 0 34 0 0 0 0 0 0 0 0 
 0 0 0 0 0 0 1 0 0 0 0 0 2 1 0 5 0 0 0 0 44 69 387 403 96 45 249 69 308 0 413 355 65 78 103 402 342 148 300 80 0 0 0 0 0 0 0 1 0 3 3 0 2 0 0 2 0 0 0 2 0 2 0 0 2 48 0 0 0 0 3 0 0 0 5 5 0 2 2 0 0 0 0 0 0 0 0 0 0 0 10 0 2 0 1 0 0 0 0 0 0 18 12 50 0 8 0 0 7 20 22 46 0 0 8 28 36 24 0 0 0 0 0 0 0 0 1 0 0 0 0 0 3 0 0 2 0 0 12 0 0 1 0 0 0 0 0 0 0 0 0 0 0 0 1 0 0 0 0 0 0 0 0 0 0 0 0 0 0 0 0 0 2 0 1 0 1 0 0 0 0 1 25 49 2 0 0 9 9 14 59 48 0 0 0 0 31 51 0 0 0 0 0 2 0 0 0 0 0 0 0 0 0 1 0 0 0 0 1 0 0 0 0 0 0 0 0 0 13 0 1 0 0 0 1 0 1 0 0 5 0 0 24 0 0 0 0 0 0 0 0 0 0 0 9 0 2 153 152 3 14 14 0 0 0 0 0 0 0 0 0 0 0 0 0 0 1 0 0 0 0 30 0 0 0 0 9 0 0 0 
 3 0 0 1 0 2 0 0 0 0 0 0 0 0 3 0 0 1 2 0 33 26 77 104 128 80 129 33 34 413 0 358 130 74 274 72 234 362 57 40 0 2 1 0 1 0 0 1 0 3 3 2 2 0 1 5 0 1 0 4 0 2 0 0 2 2 1 1 0 0 3 0 0 3 4 7 0 1 2 0 0 0 0 0 0 0 16 0 13 2 0 0 0 0 0 0 0 0 0 0 0 0 1 52 7 12 0 1 0 6 21 29 0 0 2 0 0 6 0 0 2 0 0 0 0 0 0 0 0 0 0 0 21 0 2 0 0 1 33 9 0 0 28 2 0 0 4 0 0 0 0 0 0 0 0 0 0 13 0 0 1 0 0 0 0 0 0 0 0 0 0 0 4 0 0 2 0 23 0 3 0 0 3 66 29 21 0 0 0 13 33 45 0 0 0 0 0 22 0 0 3 0 0 0 0 2 0 0 0 0 0 0 10 0 0 0 0 0 9 0 0 10 1 0 0 0 0 0 0 0 0 0 0 0 0 0 0 0 0 2 0 0 11 0 0 2 0 0 0 2 0 0 0 0 5 0 1 54 46 3 11 15 0 0 0 0 1 0 0 0 0 0 0 0 0 0 0 0 0 0 0 14 0 0 0 0 4 0 0 0 
 1 0 0 0 213 0 0 0 0 0 0 0 3 0 0 0 1 0 0 202 39 38 111 391 427 69 35 61 35 355 358 0 249 47 107 27 74 59 42 39 0 0 1 0 0 0 0 0 0 3 4 0 2 0 0 2 0 0 0 64 2 2 0 0 2 2 0 5 0 0 3 0 0 0 1 3 0 1 2 0 0 0 0 0 0 0 0 0 15 0 0 0 0 0 0 0 0 0 0 0 0 0 0 20 45 30 0 12 0 0 0 30 0 0 0 0 0 5 0 0 1 0 0 0 0 3 23 0 2 0 0 0 13 0 0 0 0 0 35 19 0 0 5 0 0 0 0 0 0 0 0 0 0 1 0 1 0 9 0 0 0 0 0 0 0 0 0 0 0 0 0 0 4 0 0 0 0 0 1 0 0 0 0 0 35 123 0 0 0 9 15 20 0 0 0 0 0 0 0 0 0 0 2 0 0 0 29 0 0 0 0 0 11 12 0 0 0 0 74 16 0 0 0 0 0 0 0 0 0 0 0 0 0 0 0 2 0 0 0 0 0 0 0 0 0 0 0 0 0 0 0 0 0 0 6 0 0 145 155 0 2 0 5 0 0 0 0 0 0 0 0 0 0 0 0 0 0 0 0 0 0 0 0 0 0 0 7 0 0 0 
 2 2 0 0 0 0 0 0 0 0 1 0 0 0 0 2 1 0 0 0 114 104 65 72 90 37 371 112 304 65 130 249 0 96 33 41 36 29 381 229 0 1 0 0 0 0 0 0 0 3 2 0 4 0 0 3 63 0 0 2 0 3 2 0 2 3 0 0 0 0 4 0 0 0 0 2 0 0 3 0 0 0 0 0 0 0 0 0 0 0 0 0 0 0 0 0 0 0 0 14 31 0 1 0 0 0 31 7 0 0 0 2 11 11 0 0 0 0 0 10 0 0 0 0 1 0 0 0 0 0 0 0 0 0 0 0 0 0 0 0 0 1 0 0 0 0 0 0 6 0 0 0 0 0 0 0 0 0 33 0 0 0 0 0 0 0 0 0 0 0 11 0 0 0 0 1 0 0 0 0 29 7 0 0 0 0 18 0 0 0 1 0 6 30 35 1 1 0 0 14 0 0 0 0 0 0 0 0 0 0 0 0 0 0 0 0 0 0 0 0 0 0 0 0 0 15 0 0 0 0 0 0 0 0 4 0 0 0 0 0 0 0 0 0 0 0 0 0 0 0 0 0 0 0 4 0 1 0 0 0 4 2 0 0 0 0 0 0 0 0 0 0 0 0 0 0 0 0 0 0 0 0 0 0 2 0 0 0 0 0 
 0 0 97 0 2 0 0 0 0 0 0 0 2 0 0 2 0 0 0 0 92 208 271 70 111 40 381 396 134 78 74 47 96 0 423 54 74 53 87 238 0 5 76 0 0 0 0 0 0 3 3 1 2 0 0 4 0 2 0 2 0 9 0 0 2 2 0 0 0 0 6 0 0 0 0 2 0 1 6 0 0 0 0 0 0 0 0 0 0 0 0 0 2 0 0 0 0 0 0 0 21 36 21 0 0 0 1 48 30 9 50 0 0 23 10 31 21 14 0 1 0 0 0 0 0 0 1 0 0 0 0 0 0 0 0 0 0 0 0 0 0 0 0 0 0 2 0 0 6 0 0 0 0 0 0 0 0 0 39 8 0 0 0 0 0 1 0 1 0 0 0 0 0 0 1 0 0 0 0 0 43 29 18 4 0 0 36 52 9 0 0 0 1 21 44 45 20 0 0 27 0 0 0 2 0 0 0 0 0 0 0 0 0 20 0 0 0 0 0 0 0 0 0 1 0 0 0 0 0 0 0 0 0 0 0 0 0 0 0 0 0 0 0 0 0 0 2 0 0 0 0 0 0 0 17 2 0 0 0 0 4 0 0 2 0 0 0 0 0 0 0 2 0 0 0 0 1 2 0 0 0 0 0 0 0 0 0 0 0 0 
 0 0 0 2 1 0 0 0 1 0 0 0 0 4 0 0 0 0 0 0 394 562 79 70 82 120 256 165 184 103 274 107 33 423 0 98 271 42 66 98 2 4 0 2 0 0 0 0 1 4 4 3 4 0 0 4 0 1 0 66 0 16 0 0 2 3 0 0 0 0 3 0 0 0 0 3 0 1 5 0 0 0 20 0 0 0 0 0 0 0 0 0 0 0 0 0 0 0 0 0 26 47 73 0 0 0 0 54 36 9 41 1 0 11 20 16 22 24 0 0 0 0 0 0 0 0 0 0 0 0 0 0 0 0 0 0 0 0 0 0 0 0 0 0 0 0 0 0 0 0 0 0 0 0 0 0 0 0 1 11 0 0 28 0 0 3 0 0 0 0 0 0 0 0 0 0 0 0 0 0 11 21 48 0 6 0 2 68 18 19 3 0 0 24 19 55 36 0 0 2 0 0 0 0 0 0 0 0 0 0 0 0 0 0 0 0 0 0 0 0 0 0 0 10 0 0 0 0 0 0 0 0 0 0 0 2 0 0 0 0 0 0 0 0 0 65 0 0 0 0 0 0 0 0 9 0 1 0 0 5 0 0 2 0 0 0 31 0 0 0 0 0 0 0 0 0 0 0 0 0 0 1 0 0 0 0 0 0 0 0 
 0 0 0 0 0 0 0 0 0 1 0 208 0 1 0 5 0 1 0 0 58 303 101 42 92 142 101 72 208 402 72 27 41 54 98 0 240 335 47 68 0 4 0 0 0 0 0 2 0 3 6 0 2 0 0 2 0 0 0 2 0 2 0 0 2 8 1 1 0 0 3 0 0 0 4 7 19 4 2 3 0 0 0 0 0 0 0 0 0 0 0 0 2 0 0 0 0 0 0 0 0 17 26 29 0 0 0 0 8 35 45 10 0 0 46 40 76 34 0 0 0 0 0 0 0 0 1 0 0 0 7 0 0 0 0 2 0 0 1 0 0 0 0 0 0 0 0 0 0 0 0 0 0 0 0 0 0 0 0 0 0 0 0 0 0 2 0 0 0 0 0 1 1 0 2 0 1 0 0 0 0 1 29 77 0 0 0 0 24 21 43 39 0 0 0 12 13 47 0 0 0 0 0 2 0 0 0 0 0 0 0 0 1 0 0 0 0 0 0 0 0 0 0 0 0 0 0 0 0 0 2 0 0 0 1 0 1 0 0 0 0 0 10 0 0 0 0 0 0 0 0 0 0 0 5 0 0 26 11 0 10 20 2 0 0 0 9 0 0 0 0 0 0 0 0 0 1 0 0 0 0 25 0 0 0 0 1 0 0 0 
 3 2 0 0 1 1 0 0 2 0 0 2 0 0 3 1 0 1 0 0 38 279 222 128 260 149 54 139 318 342 234 74 36 74 271 240 0 395 59 32 0 0 0 0 0 0 0 0 0 4 3 0 2 0 0 2 0 0 2 2 0 2 0 1 2 2 0 0 0 0 3 0 0 3 4 4 0 1 2 0 0 0 0 0 1 0 1 0 0 0 0 0 0 0 0 1 0 0 0 0 1 6 32 30 0 0 0 2 5 52 38 1 1 1 22 19 37 23 0 0 0 0 0 0 0 0 0 0 0 0 0 23 19 0 1 0 2 0 0 0 0 0 0 0 0 0 0 0 0 0 0 0 0 7 0 2 0 0 0 0 2 0 0 0 0 0 0 0 0 0 0 0 0 0 0 0 0 0 0 0 0 0 38 69 2 0 0 0 21 10 62 10 0 0 0 13 9 51 0 9 0 0 0 0 0 0 0 0 0 0 0 0 0 0 0 0 0 0 0 0 0 0 1 0 0 0 0 2 0 0 0 0 0 0 0 0 17 0 0 0 0 0 14 0 0 1 0 0 0 0 0 0 0 0 8 2 0 1 73 0 13 12 0 0 0 0 9 0 0 0 0 0 0 0 0 0 0 0 0 0 0 26 0 2 0 0 0 0 0 0 
 3 3 0 0 0 0 0 2 0 0 74 0 4 1 4 0 0 0 0 0 46 110 362 352 69 40 51 42 281 148 362 59 29 53 42 335 395 0 27 20 0 0 2 0 0 0 0 0 0 3 3 0 2 0 0 2 0 0 0 2 0 2 0 0 2 2 0 0 0 0 3 0 0 0 10 6 0 2 2 0 0 1 0 0 0 0 0 0 0 0 0 0 0 0 0 0 0 0 0 0 0 13 6 34 0 7 0 0 2 23 21 52 0 1 0 30 28 45 0 0 0 0 0 0 0 0 0 0 2 0 0 0 1 13 0 0 0 0 11 0 0 0 0 0 0 0 0 0 0 0 0 0 0 0 0 0 0 0 0 0 0 0 0 1 0 0 0 0 0 0 0 0 2 0 0 0 0 0 0 0 0 0 52 38 0 0 1 0 9 12 53 39 0 0 1 4 20 71 0 0 0 0 0 0 0 0 0 0 1 0 0 0 0 0 20 0 0 15 0 0 0 13 0 0 0 0 0 0 0 0 0 0 0 0 0 0 0 0 0 0 0 0 16 0 0 0 0 0 0 0 0 0 0 6 3 4 2 152 147 1 13 15 0 0 0 0 0 0 0 0 0 0 0 0 0 0 0 0 0 0 0 24 0 0 0 0 10 0 0 0 
 0 0 0 0 2 303 0 4 0 0 0 0 2 5 0 0 1 0 0 0 61 51 45 45 36 43 87 42 56 300 57 42 381 87 66 47 59 27 0 246 0 0 7 0 0 0 0 2 0 3 3 1 2 0 0 2 0 0 0 2 0 2 0 0 4 2 0 43 0 0 3 0 0 0 3 2 0 2 3 0 0 0 0 0 1 13 0 0 0 0 0 0 0 0 0 0 0 0 1 0 24 1 0 7 19 0 57 2 0 0 0 0 52 0 58 0 0 0 31 50 13 7 0 0 0 6 0 0 2 0 0 0 0 0 0 0 0 0 2 0 0 0 0 0 0 0 0 0 1 0 0 0 0 0 0 0 0 0 0 0 0 0 0 0 0 0 0 0 0 0 0 11 0 0 0 3 0 14 0 0 16 0 0 0 0 0 20 10 0 0 0 0 23 39 12 2 0 0 30 0 0 0 0 0 0 0 0 0 0 0 0 0 0 0 0 0 0 2 0 0 10 0 0 0 0 0 0 0 0 0 16 0 0 0 0 0 0 0 0 0 0 0 0 0 0 0 0 0 0 0 0 0 0 0 10 0 2 0 0 0 1 0 0 0 0 0 0 0 0 0 0 1 0 0 0 0 0 0 0 0 0 0 0 0 0 0 0 0 0 0 
 2 1 0 0 0 0 6 0 0 2 0 0 0 0 3 0 0 0 0 0 223 24 245 59 72 54 512 45 41 80 40 39 229 238 98 68 32 20 246 0 0 7 65 2 0 3 2 0 2 3 5 6 2 2 2 2 0 0 0 6 0 9 4 0 6 6 1 1 5 1 8 0 0 3 50 3 0 1 5 0 21 0 0 0 0 0 0 0 0 0 0 0 0 0 0 0 0 0 0 0 29 0 1 0 0 0 27 31 7 0 0 0 1 30 12 0 21 0 6 36 0 0 0 0 0 0 0 0 0 0 0 0 0 0 0 0 0 0 0 0 0 0 0 17 0 0 0 0 3 0 0 0 0 0 0 0 0 0 14 5 0 0 0 0 0 0 0 0 0 0 0 0 0 0 0 1 0 0 15 0 17 21 0 0 0 0 30 25 2 2 0 0 10 40 32 10 18 0 0 16 0 0 0 8 0 0 0 0 0 0 0 0 0 0 0 0 0 0 0 0 0 0 0 0 0 0 0 0 0 0 0 0 0 0 0 0 0 0 0 0 0 0 0 0 0 0 0 0 2 0 0 0 0 0 2 0 2 0 0 0 0 0 0 0 0 2 0 0 0 0 0 0 0 2 0 0 0 0 0 0 0 0 0 0 0 0 0 0 0 0 
 3 0 0 0 0 0 0 26 0 0 0 0 0 0 3 0 2 0 0 41 0 0 66 0 0 0 0 0 0 0 0 0 0 0 2 0 0 0 0 0 0 157 94 42 32 25 314 264 61 51 258 24 90 93 263 26 46 262 57 138 14 3 56 2 0 0 0 0 7 9 2 0 0 1 2 7 6 58 0 1 0 0 0 0 0 0 0 0 0 0 0 0 0 0 0 0 0 0 0 0 0 0 0 0 0 0 0 0 0 0 0 0 0 0 0 0 0 0 0 0 43 34 11 7 0 0 0 55 19 10 14 0 0 0 16 44 9 58 0 0 0 0 7 7 2 7 0 0 0 8 8 29 0 0 0 0 0 7 0 0 0 0 0 0 5 0 0 0 0 0 0 0 0 0 0 0 0 0 0 0 0 0 0 0 0 0 0 0 0 0 0 0 0 0 0 0 0 0 0 0 0 20 40 0 0 0 0 28 36 0 0 0 0 0 32 33 47 32 0 0 0 1 4 5 7 8 0 0 0 7 5 1 0 0 0 0 7 0 0 0 0 0 0 0 0 0 0 0 0 33 0 9 0 1 2 0 0 0 0 0 0 0 0 0 0 2 7 0 0 0 13 0 0 0 0 1 0 0 0 0 0 0 0 0 1 0 0 0 0 0 
 0 0 0 0 0 0 0 0 0 0 0 0 0 0 2 5 0 0 0 65 11 3 0 0 0 0 5 3 0 0 2 0 1 5 4 4 0 0 0 7 157 0 331 83 294 35 88 303 198 56 47 60 54 54 348 244 255 42 58 43 66 0 0 0 0 0 0 0 0 0 0 0 0 0 0 0 4 2 5 0 0 0 0 0 0 0 0 0 0 0 0 0 0 0 0 0 22 0 0 0 0 6 4 0 0 0 0 5 0 0 0 0 0 8 3 7 2 8 0 4 0 0 26 32 1 0 0 0 42 16 39 28 0 0 0 26 33 20 0 0 0 0 0 0 0 0 0 0 0 4 0 0 0 0 0 0 0 0 0 0 0 0 0 0 16 0 0 0 0 0 0 0 0 14 0 0 0 0 0 0 0 7 0 0 0 0 0 3 3 0 0 0 0 0 4 7 0 0 0 4 0 26 38 18 0 0 0 0 44 31 9 19 0 0 13 37 11 42 0 0 0 0 0 0 0 0 0 0 0 0 0 0 0 0 0 0 0 0 0 0 0 0 10 0 0 0 0 0 0 29 0 12 0 1 0 0 0 0 0 5 0 0 0 0 0 15 1 0 0 0 25 0 0 0 0 0 0 0 0 0 0 0 0 0 6 2 0 0 0 0 
 4 0 61 0 3 6 0 0 0 0 6 0 0 0 1 6 0 0 0 0 0 2 0 1 0 2 3 0 0 0 1 1 0 76 0 0 0 2 7 65 94 331 0 387 266 31 65 115 315 241 87 84 55 58 87 164 117 276 48 47 61 0 0 28 0 0 0 0 0 0 54 0 0 0 0 0 0 4 0 0 0 0 0 0 0 0 0 0 0 0 0 0 0 0 0 0 0 0 0 0 12 0 0 0 0 0 4 3 0 0 0 0 22 4 8 0 1 8 0 9 0 0 21 19 24 1 0 0 28 40 12 35 0 0 0 0 23 23 0 0 0 25 0 0 0 0 0 0 0 1 0 0 0 0 0 0 0 0 1 0 0 0 0 0 2 0 0 0 0 0 0 0 0 8 0 0 0 0 0 0 31 0 0 0 0 0 9 0 0 0 0 1 6 6 0 0 0 0 0 3 0 2 3 37 46 1 0 0 18 37 35 20 0 0 0 3 0 11 0 0 0 0 0 0 0 0 0 0 0 0 0 0 0 0 0 0 0 1 0 0 0 0 28 0 0 0 0 0 0 0 0 9 0 2 0 0 0 0 0 10 2 0 2 2 2 19 2 2 0 0 11 0 0 0 0 0 0 0 0 0 0 2 0 0 8 6 0 0 0 0 
 0 0 0 0 0 0 0 0 0 0 0 0 61 0 2 3 0 0 0 0 0 0 0 0 0 0 0 0 0 0 0 0 0 0 2 0 0 0 0 2 42 83 387 0 91 47 72 66 66 331 203 460 101 89 80 54 26 253 62 53 3 0 0 0 0 3 3 12 2 0 0 0 0 3 1 3 0 2 0 5 0 0 0 0 0 0 2 0 0 0 0 0 0 0 0 0 0 0 0 0 0 0 0 0 0 0 0 15 0 0 0 0 0 0 1 0 0 0 0 0 0 0 0 24 33 23 0 0 0 33 20 26 0 0 0 0 0 28 0 0 0 0 2 2 0 1 0 2 4 2 0 0 28 0 0 3 18 2 17 0 16 0 0 0 0 0 0 0 0 0 0 0 0 0 0 10 0 0 4 0 0 0 0 0 0 2 0 0 0 0 0 0 0 0 0 0 0 0 0 0 0 0 1 0 77 0 0 0 0 0 21 10 0 0 0 0 0 0 0 0 3 1 0 0 2 0 0 22 7 2 2 6 0 0 0 2 2 3 37 10 0 0 2 0 0 0 0 0 0 0 0 12 0 0 0 0 0 0 0 13 0 0 6 37 5 4 1 7 0 0 0 0 0 0 0 1 0 0 0 0 0 0 0 0 0 6 0 0 0 0 
 2 2 0 0 0 1 0 0 0 0 0 62 0 0 2 0 0 0 0 0 0 0 0 0 0 0 0 0 0 0 1 0 0 0 0 0 0 0 0 0 32 294 266 91 0 324 53 52 84 59 131 233 101 58 66 283 63 233 40 291 0 53 0 0 0 85 4 0 0 0 0 0 1 0 0 0 0 3 2 58 0 0 0 0 0 0 0 0 0 0 0 0 0 0 0 0 0 0 0 0 0 0 0 0 0 0 0 0 0 0 0 0 0 0 0 0 0 0 0 0 0 0 0 0 11 33 0 0 1 0 1 0 0 0 0 0 0 0 6 0 0 0 0 0 0 0 21 4 0 0 0 0 15 1 0 0 0 0 18 32 0 0 0 0 0 0 0 10 0 0 7 0 0 0 1 0 0 8 4 0 1 0 0 0 0 0 0 0 0 0 0 0 0 0 0 0 0 0 0 0 0 0 0 0 19 54 0 0 0 0 0 1 0 0 0 0 0 1 0 0 0 0 0 0 0 0 13 1 0 0 0 0 35 9 0 0 0 0 38 28 0 0 0 0 0 0 0 0 0 0 0 11 0 0 0 0 0 0 0 1 0 0 2 1 0 2 0 2 0 0 0 0 0 0 0 0 0 0 0 0 0 0 0 0 1 0 0 0 0 0 
 0 0 0 0 0 0 0 0 0 1 0 0 3 0 2 0 0 0 0 0 0 0 0 0 0 0 0 0 0 0 0 0 0 0 0 0 0 0 0 3 25 35 31 47 324 0 226 27 50 62 91 65 36 61 59 66 53 290 39 57 2 191 0 0 3 49 0 195 0 0 0 0 2 0 0 0 0 0 127 1 0 0 0 0 0 0 0 0 0 0 0 0 0 0 0 0 0 0 0 0 0 0 0 0 0 0 0 0 0 0 0 0 0 0 0 0 0 0 0 22 0 0 0 0 5 30 0 0 0 0 6 0 0 0 0 0 0 0 0 0 24 0 0 0 0 0 34 19 0 0 0 0 30 7 0 0 0 0 4 38 0 0 0 0 0 0 0 2 0 0 0 0 0 0 0 20 0 1 0 0 0 0 0 0 0 0 0 0 0 0 11 0 0 0 0 0 0 0 0 0 0 0 0 2 1 35 0 0 0 0 0 0 0 0 0 9 0 0 0 0 17 1 0 0 0 0 29 0 3 0 0 0 58 44 15 0 0 0 0 19 0 0 0 0 0 0 0 0 0 0 0 4 0 0 0 0 0 0 0 0 0 2 4 0 4 2 2 0 4 0 0 0 0 0 0 0 0 0 0 0 0 0 0 0 0 0 0 0 0 0 
 0 0 0 0 0 0 0 0 0 0 0 0 0 0 1 0 0 0 0 0 0 0 0 0 0 62 0 0 0 0 0 0 0 0 0 0 0 0 0 2 314 88 65 72 53 226 0 314 60 56 49 28 553 320 46 38 27 67 303 208 5 5 2 4 0 0 4 4 11 9 2 6 3 11 10 5 10 0 6 3 0 0 0 0 0 0 0 0 0 0 0 0 0 0 0 0 0 0 0 0 0 0 0 0 0 0 0 0 0 6 0 0 0 0 0 0 0 0 0 0 28 33 0 0 16 0 18 38 9 0 21 0 0 41 38 16 8 21 0 23 0 0 10 8 1 0 0 0 9 10 0 0 0 0 0 4 7 9 0 0 0 0 0 0 0 0 4 0 0 0 0 0 0 0 0 0 0 0 0 0 0 0 0 0 0 0 0 0 0 0 0 0 0 5 0 0 10 0 0 0 0 19 9 1 0 0 29 36 1 0 0 0 0 24 12 2 26 7 0 1 1 7 20 8 10 2 0 0 7 10 6 10 0 0 0 0 10 1 0 0 0 0 0 0 0 0 0 0 0 0 0 9 0 0 0 0 2 0 0 1 0 0 0 0 0 8 2 0 0 0 0 0 0 0 0 0 0 0 0 0 0 0 0 0 0 0 0 0 0 0 
 0 3 8 2 2 0 0 0 25 7 1 0 0 0 6 12 9 6 0 0 0 5 0 0 0 0 1 0 0 1 1 0 0 0 0 2 0 0 2 0 264 303 115 66 52 27 314 0 212 275 66 36 131 264 196 30 111 63 86 53 8 0 0 1 0 2 0 0 1 4 0 0 0 0 6 0 0 4 6 0 0 11 5 16 0 0 0 0 0 10 18 12 0 0 0 4 0 5 0 0 0 0 0 0 0 0 0 0 0 0 0 0 0 0 0 0 0 20 0 0 1 18 37 13 0 0 0 26 36 18 33 18 0 0 8 32 30 44 0 0 0 0 0 0 0 0 0 0 0 5 0 0 0 0 0 0 0 0 0 0 0 3 9 10 4 0 0 0 4 5 5 4 1 7 0 41 15 4 0 0 0 0 0 0 0 0 0 18 0 0 0 0 0 0 0 0 0 0 0 0 0 34 23 70 0 0 0 15 51 31 6 1 0 1 38 39 31 10 0 0 0 0 0 0 0 0 0 0 0 0 0 0 0 0 0 0 0 0 0 0 0 10 0 0 0 0 3 0 0 0 0 2 0 2 0 0 0 0 0 9 0 0 18 0 2 0 0 0 2 0 25 0 0 0 0 0 0 0 0 0 0 0 0 0 0 0 0 0 0 0 
 0 0 0 0 0 0 20 0 0 0 0 0 0 0 0 0 0 0 0 0 0 0 0 0 0 0 0 0 0 0 0 0 0 0 1 0 0 0 0 2 61 198 315 66 84 50 60 212 0 648 44 64 92 99 216 420 178 99 152 75 3 0 1 36 1 0 0 0 0 3 6 6 0 0 0 0 0 7 0 59 0 0 0 0 0 0 0 0 0 0 0 0 0 0 0 0 0 0 0 0 0 0 0 0 0 0 0 0 0 0 1 0 0 11 0 0 0 0 0 0 0 0 36 22 4 0 0 0 23 44 21 91 0 0 0 19 33 41 0 0 0 0 0 0 6 10 0 0 1 8 34 8 0 0 0 0 0 0 0 0 0 0 0 32 0 0 0 0 0 0 0 0 0 4 0 0 0 0 0 0 0 0 0 0 0 0 0 0 0 4 0 0 0 0 0 0 0 0 0 0 0 21 7 19 2 0 0 0 76 37 24 100 0 0 0 40 2 16 0 0 0 0 0 0 0 1 0 0 0 0 0 0 0 0 0 0 0 0 0 0 0 0 36 0 0 0 0 0 0 0 0 7 0 0 0 0 0 2 0 7 0 0 3 1 0 23 1 0 0 0 27 0 0 3 2 4 0 0 0 0 0 0 0 0 10 14 0 0 0 0 
 0 0 1 0 0 0 0 0 0 0 0 0 0 0 0 0 4 0 0 0 3 3 3 3 3 3 3 3 0 3 3 3 3 3 4 3 4 3 3 3 51 56 241 331 59 62 56 275 648 0 301 41 263 83 120 490 292 127 67 324 0 4 12 0 0 0 0 7 26 33 0 2 0 0 4 12 6 0 0 0 0 0 0 0 0 0 0 0 0 0 0 0 0 0 0 0 0 0 0 0 0 0 0 0 0 0 0 0 0 0 0 0 0 0 0 0 0 0 0 0 0 0 1 13 38 10 0 0 9 5 11 26 0 0 0 0 11 6 0 0 0 0 20 16 0 0 0 0 7 21 0 0 0 0 0 0 8 6 0 0 0 1 0 0 0 0 0 0 0 0 0 0 0 1 0 0 0 0 0 0 0 0 0 0 0 0 0 0 0 0 0 0 0 0 0 0 0 0 0 0 0 0 10 0 42 1 0 0 0 1 10 29 0 0 0 0 1 7 0 0 0 3 4 6 10 20 0 0 4 27 5 17 0 0 1 0 9 0 1 1 0 0 23 0 0 0 0 0 0 0 0 0 0 0 0 0 0 0 0 17 0 0 69 63 2 11 12 66 0 0 0 0 0 0 0 0 0 0 0 0 0 0 0 0 9 16 0 0 0 0 
 5 2 1 2 1 4 4 1 2 3 2 2 5 1 5 3 3 1 2 68 3 3 3 2 2 3 3 3 3 3 3 4 2 3 4 6 3 3 3 5 258 47 87 203 131 91 49 66 44 301 0 489 48 43 58 289 84 277 45 72 0 209 0 209 0 5 0 0 0 0 0 0 0 0 0 0 205 0 0 0 0 0 0 0 0 0 0 0 0 0 0 0 0 0 0 0 0 0 0 0 0 0 0 0 0 0 0 0 0 0 0 0 0 0 0 0 0 0 0 0 0 5 9 18 47 31 0 6 6 12 10 19 0 1 1 7 2 11 0 0 0 0 0 0 0 0 0 0 0 1 10 0 10 0 0 0 0 0 17 0 0 0 0 0 0 0 0 0 0 0 0 0 0 0 0 0 0 0 22 0 0 0 0 0 0 0 0 0 0 0 46 0 0 0 0 0 0 0 0 1 0 5 9 8 37 1 0 6 3 2 35 10 0 0 1 7 6 0 1 0 0 0 0 0 0 0 0 0 0 0 0 0 0 0 0 0 0 0 32 23 0 0 0 0 0 0 0 0 0 0 0 4 0 2 0 0 0 0 0 2 0 0 41 5 2 7 10 33 0 0 0 0 0 0 0 0 0 0 0 0 0 0 4 0 1 8 0 0 0 0 
 68 0 0 0 0 0 0 0 1 0 0 0 0 3 2 1 0 1 0 0 0 2 0 0 0 9 1 0 2 0 2 0 0 1 3 0 0 0 1 6 24 60 84 460 233 65 28 36 64 41 489 0 40 241 43 33 67 76 34 48 0 0 0 1 5 54 0 3 0 0 3 1 0 0 2 1 23 2 0 29 0 0 0 0 0 0 0 0 0 0 0 0 0 0 0 0 0 0 0 0 0 0 0 0 0 10 0 0 0 0 0 0 0 0 0 0 0 0 0 0 3 0 1 0 25 41 12 0 0 0 19 0 0 31 12 1 0 0 12 4 0 0 0 0 0 0 9 0 0 0 0 0 24 0 0 0 0 0 12 6 0 0 0 0 0 0 0 1 0 0 0 0 0 0 13 0 0 4 3 0 0 0 0 0 0 0 0 0 0 0 0 0 0 0 0 0 0 0 0 0 6 0 1 0 52 26 4 0 0 0 0 0 4 9 1 0 0 0 11 6 0 1 0 1 0 0 2 0 0 0 0 0 2 0 0 0 0 0 43 4 0 0 0 0 0 0 0 0 0 0 0 5 0 1 0 0 0 0 0 1 0 1 64 63 2 4 0 67 0 0 0 0 0 0 0 0 16 0 0 0 0 4 0 0 0 0 0 0 0 0 
 0 0 0 0 0 0 0 0 0 0 2 0 2 0 1 0 0 0 0 0 2 59 2 2 2 2 2 2 2 2 2 2 4 2 4 2 2 2 2 2 90 54 55 101 101 36 553 131 92 263 48 40 0 93 41 27 27 448 353 133 0 2 4 2 1 0 0 0 9 3 0 2 0 0 0 5 4 32 0 2 0 0 0 0 0 0 0 0 0 0 0 0 0 0 0 0 0 0 0 0 0 0 0 0 0 0 0 0 0 0 0 0 0 0 0 0 0 0 0 0 30 8 0 0 0 0 41 16 0 16 0 0 38 26 14 17 0 0 0 12 0 0 12 9 3 5 0 0 0 12 12 6 0 0 0 1 0 25 0 0 0 0 0 0 0 0 12 0 0 0 0 0 0 0 0 0 0 0 0 0 0 0 0 0 0 0 0 0 0 0 0 34 0 0 0 0 0 31 0 0 12 7 0 0 0 0 29 6 0 0 0 0 18 1 0 1 0 0 0 1 0 0 14 32 10 11 0 0 0 12 5 2 0 0 0 0 25 0 0 0 0 0 0 0 0 0 0 0 0 0 0 10 0 0 0 0 0 0 0 0 0 0 1 0 0 1 8 24 0 0 7 0 0 0 0 0 0 0 0 0 0 0 0 0 0 0 0 0 0 0 
 2 2 2 2 2 2 2 2 2 2 7 2 2 2 63 2 4 2 2 2 0 0 0 0 2 0 0 0 0 0 0 0 0 0 0 0 0 0 0 2 93 54 58 89 58 61 320 264 99 83 43 241 93 0 296 54 25 451 83 176 1 0 0 8 1 0 0 0 0 9 14 6 0 0 0 0 0 6 0 0 0 0 0 0 0 0 0 0 0 0 0 8 0 0 0 0 0 0 0 0 0 0 0 0 0 0 0 0 0 0 0 0 0 0 0 0 0 0 0 0 21 32 13 7 0 0 0 38 31 10 23 0 1 1 51 38 29 25 0 0 0 0 0 0 6 6 0 0 0 1 6 7 0 0 0 1 0 0 0 0 9 0 0 0 5 8 0 7 0 0 0 0 0 1 0 0 0 0 0 0 0 0 0 0 0 0 0 0 0 7 0 0 0 0 0 0 0 0 0 0 1 20 74 0 0 0 0 28 40 0 0 0 0 0 35 32 30 26 0 1 0 0 0 0 13 1 0 0 0 0 0 0 0 0 0 0 0 0 0 0 0 0 0 0 0 0 0 0 0 0 0 11 0 0 0 0 0 0 1 0 0 0 0 0 2 2 1 0 0 0 6 0 0 0 0 2 0 0 0 0 0 0 0 0 1 0 0 0 0 0 
 0 0 0 3 0 0 0 0 0 0 30 2 0 0 0 5 0 0 0 0 0 0 5 0 0 0 0 0 2 0 1 0 0 0 0 0 0 0 0 2 263 348 87 80 66 59 46 196 216 120 58 43 41 296 0 101 53 268 70 557 3 0 0 0 0 0 0 0 0 2 0 0 0 0 0 0 0 6 0 0 0 0 0 0 7 10 0 0 0 0 0 0 0 0 0 0 0 0 0 0 0 0 0 0 0 0 0 0 0 0 0 0 0 0 0 0 0 0 13 0 0 46 28 66 0 0 0 23 26 22 32 0 0 0 9 20 16 19 0 0 0 0 0 0 0 0 0 0 0 2 0 0 0 0 0 0 0 0 0 0 0 0 0 0 11 6 0 0 0 0 0 38 0 7 0 0 0 6 0 0 0 0 0 0 0 0 0 0 0 0 0 0 1 0 0 0 0 10 4 0 0 14 34 42 0 0 0 55 66 60 7 0 0 0 28 29 8 52 0 0 0 0 0 0 0 0 0 0 0 0 0 0 0 0 0 0 0 0 0 13 0 0 0 0 0 0 16 0 0 1 0 8 0 2 0 0 0 0 0 6 0 0 0 0 2 2 0 1 0 0 13 0 0 0 0 0 0 0 0 0 0 0 0 0 0 0 0 0 0 0 
 2 3 3 3 3 2 3 3 3 2 3 57 2 3 0 3 2 3 3 2 2 2 2 80 2 2 2 2 0 2 5 2 3 4 4 2 2 2 2 2 26 244 164 54 283 66 38 30 420 490 289 33 27 54 101 0 94 216 89 230 2 0 0 0 3 2 0 0 0 0 3 4 0 0 14 0 1 2 0 0 0 0 0 0 0 0 0 0 0 0 0 0 0 0 0 0 0 0 0 0 0 0 0 0 0 0 0 0 0 0 0 0 0 0 0 0 0 0 0 0 0 0 22 24 10 8 0 0 7 18 18 44 0 0 0 0 26 9 0 0 0 0 0 0 0 0 0 0 0 3 0 0 0 0 0 0 0 0 0 0 0 0 0 0 4 0 0 0 14 0 0 0 0 2 0 0 0 0 0 0 0 0 0 0 0 0 0 0 0 0 0 0 0 0 0 0 0 0 0 0 0 0 25 28 9 0 0 0 27 64 30 39 0 0 0 0 0 4 0 0 0 0 0 0 0 0 0 0 0 0 0 0 0 0 0 0 0 0 0 0 0 0 6 0 0 0 0 0 0 0 0 8 0 0 0 0 0 0 1 6 0 0 1 1 0 8 1 2 2 0 17 0 0 0 0 0 0 0 0 0 0 0 0 0 2 13 0 0 0 0 
 0 0 0 0 0 0 0 0 0 0 1 0 0 0 2 61 57 0 0 0 0 0 3 0 0 0 0 2 0 0 0 0 63 0 0 0 0 0 0 0 46 255 117 26 63 53 27 111 178 292 84 67 27 25 53 94 0 472 45 37 4 0 0 0 0 0 0 0 25 0 0 0 0 0 2 0 0 0 0 0 0 0 0 0 0 0 0 0 0 0 0 0 0 0 0 0 0 0 0 0 0 0 0 0 0 0 0 0 0 0 0 0 0 0 0 0 0 0 9 0 0 0 31 20 20 0 0 0 4 18 18 43 0 0 1 4 26 11 1 0 0 0 0 0 0 0 0 0 0 5 0 0 0 0 0 0 0 0 2 0 0 0 0 0 0 0 0 0 0 0 0 0 0 13 0 0 0 0 0 0 0 0 0 0 0 0 0 0 0 0 0 0 0 0 0 0 0 0 0 0 0 3 9 25 11 0 0 0 20 31 26 27 0 0 0 0 3 1 0 0 0 0 0 0 0 0 0 0 0 0 0 0 0 0 0 0 0 0 0 0 0 0 24 0 0 0 0 0 0 0 0 3 1 0 0 0 0 0 0 12 0 0 0 0 0 9 0 0 0 0 14 0 0 0 0 0 0 0 0 0 0 0 0 0 2 22 0 0 0 6 
 0 0 0 9 0 0 0 0 0 0 5 8 62 0 2 3 2 1 0 0 2 0 1 0 0 1 0 0 0 0 1 0 0 2 1 0 0 0 0 0 262 42 276 253 233 290 67 63 99 127 277 76 448 451 268 216 472 0 232 43 0 0 0 0 0 0 0 3 0 0 0 0 21 0 0 0 0 0 0 0 0 0 0 1 8 8 0 0 0 0 0 0 0 0 1 0 16 0 0 0 0 0 0 0 0 0 0 0 0 0 0 0 2 0 0 0 2 0 3 0 0 0 0 13 51 13 0 0 9 30 19 53 0 0 0 0 14 25 0 0 0 0 0 0 0 0 0 0 0 5 0 0 2 0 0 0 0 0 1 0 0 0 0 0 3 9 0 0 1 1 1 7 0 2 0 1 1 7 0 0 0 0 0 0 0 0 0 0 0 0 0 0 0 0 0 0 0 0 3 0 0 0 20 0 58 0 0 0 0 1 21 33 0 0 0 4 0 7 0 0 0 0 0 0 0 0 0 0 0 10 0 0 0 0 0 0 0 0 1 1 0 0 14 0 0 0 7 0 0 0 0 8 0 2 0 0 0 0 0 0 0 2 77 64 0 17 1 63 3 0 0 0 0 0 0 0 0 0 0 0 0 0 0 0 14 9 0 0 0 0 
 0 6 82 0 0 0 0 0 0 0 0 61 0 0 0 2 1 0 0 0 0 0 0 0 1 126 0 0 62 0 0 0 0 0 0 0 2 0 0 0 57 58 48 62 40 39 303 86 152 67 45 34 353 83 70 89 45 232 0 246 0 0 0 4 0 0 0 6 5 0 0 0 0 200 0 0 0 0 0 0 0 0 0 0 0 0 0 0 0 0 0 0 0 0 0 0 0 0 0 0 0 0 0 0 10 0 0 0 0 0 0 3 0 0 0 0 0 0 0 0 18 0 0 0 5 17 14 0 0 0 0 0 26 45 11 0 0 0 0 13 1 0 0 0 4 0 0 0 0 0 0 0 9 0 0 4 0 0 0 5 0 0 0 0 0 0 3 0 0 0 0 0 0 0 0 0 0 0 0 0 0 0 0 0 0 0 0 0 0 0 0 0 0 0 0 0 0 0 0 0 34 21 0 0 6 5 27 1 0 0 0 0 23 42 7 0 20 0 0 25 0 0 10 0 0 0 8 0 0 0 0 0 0 0 0 0 0 0 0 13 0 0 0 0 0 0 0 0 0 0 0 18 0 0 0 0 0 0 0 0 0 0 0 0 1 0 3 0 0 0 0 0 0 32 0 0 0 0 0 0 0 0 0 0 0 0 0 0 0 0 
 0 0 0 0 0 0 0 0 0 0 2 0 3 3 0 4 2 0 0 0 2 2 6 2 2 2 2 2 2 2 4 64 2 2 66 2 2 2 2 6 138 43 47 53 291 57 208 53 75 324 72 48 133 176 557 230 37 43 246 0 0 1 0 12 1 0 0 0 7 9 0 3 0 0 0 0 2 0 0 0 0 0 0 0 0 0 0 0 0 0 0 0 0 0 0 0 0 0 0 0 0 0 0 0 0 0 8 0 0 0 0 0 0 0 0 0 0 8 0 0 32 18 4 0 0 0 21 33 1 8 0 0 12 41 28 64 8 26 0 14 0 0 0 0 13 0 0 0 0 0 0 15 0 8 0 1 0 5 0 0 0 0 10 0 0 0 3 0 0 0 0 0 0 0 0 0 0 0 0 0 0 0 0 0 0 0 0 0 0 0 0 0 0 0 0 0 0 0 0 0 21 9 0 1 0 0 18 14 0 0 0 0 12 9 0 0 13 0 0 0 0 0 11 0 0 0 0 0 0 0 0 0 0 0 0 9 0 0 0 0 0 0 0 0 0 59 0 0 0 0 0 14 0 1 0 0 0 0 0 2 0 0 12 0 0 7 0 0 1 0 0 0 0 0 0 0 0 0 0 0 0 0 0 0 0 0 0 0 0 0 
 0 0 31 0 0 0 0 0 0 0 0 0 0 0 0 0 0 0 0 4 0 0 0 0 57 0 0 0 0 0 0 2 0 0 0 0 0 0 0 0 14 66 61 3 0 2 5 8 3 0 0 0 0 1 3 2 4 0 0 0 0 96 71 144 47 108 260 250 21 39 57 32 52 134 222 29 30 57 47 386 0 0 0 0 0 0 0 0 0 0 0 0 0 0 0 0 0 0 0 0 0 0 0 0 0 0 0 0 0 0 0 0 1 0 0 0 0 0 0 0 0 9 5 11 0 0 0 21 5 9 0 0 0 0 0 5 2 3 10 0 56 0 0 0 0 0 0 14 46 26 1 0 0 0 15 26 9 21 1 0 0 0 0 0 0 0 0 0 0 0 0 0 0 0 6 0 0 0 0 0 0 0 0 0 0 0 0 0 0 0 0 0 0 0 0 0 0 0 0 0 0 8 5 5 0 0 0 0 7 13 5 0 0 0 0 11 0 17 0 0 27 27 9 21 0 0 0 52 52 9 1 6 0 0 13 22 13 13 0 13 0 0 2 0 0 0 0 0 0 2 0 0 0 0 3 0 0 0 0 0 0 0 0 0 0 0 0 0 0 0 2 0 0 4 1 0 0 0 0 0 0 0 0 0 0 0 0 0 0 0 
 0 0 0 0 0 0 0 0 0 0 0 0 0 0 0 5 0 0 0 0 9 12 3 3 3 2 59 12 0 2 2 2 3 9 16 2 2 2 2 9 3 0 0 0 53 191 5 0 0 4 209 0 2 0 0 0 0 0 0 1 96 0 257 68 28 36 110 555 240 48 37 44 64 63 419 265 182 43 30 62 0 0 0 0 0 0 0 0 0 0 0 0 0 0 0 0 0 0 0 0 0 10 2 0 0 0 0 6 25 0 0 0 0 18 2 5 0 0 0 0 0 0 0 0 0 10 0 16 0 0 0 0 0 5 0 0 0 0 8 0 0 1 17 30 0 0 0 0 6 9 14 21 0 0 0 0 15 28 0 0 0 0 0 0 0 0 0 0 0 0 0 0 0 0 0 0 0 0 0 0 45 5 19 0 0 0 8 8 0 3 0 0 0 0 8 1 3 0 0 26 0 0 0 0 0 0 0 0 0 0 0 0 0 0 0 0 0 0 44 0 0 21 3 23 14 8 0 0 0 21 63 11 0 0 0 0 23 23 0 8 21 0 0 0 0 0 0 0 0 0 0 0 0 0 9 0 0 0 0 0 0 0 0 0 0 0 10 0 0 0 2 0 0 23 2 1 0 0 0 0 0 0 0 0 0 0 0 0 0 0 
