 0 86 61 51 39 51 483 329 33 20 53 123 69 139 435 26 29 29 28 143 0 0 3 0 0 6 2 2 0 0 0 30 2 0 0 0 9 3 78 3 0 0 0 0 0 0 0 2 0 0 0 0 0 6 0 1 5 0 2 2 2 8 3 0 2 3 0 0 2 0 3 0 0 2 3 0 0 2 3 0 44 40 38 1 0 0 22 48 2 1 10 0 14 71 28 0 26 10 0 18 0 0 0 0 0 0 0 0 0 0 0 9 15 0 0 0 0 0 0 0 0 0 0 0 0 0 0 0 0 0 0 0 0 0 0 0 0 0 0 0 0 0 0 0 0 0 0 0 0 0 0 3 0 0 0 0 3 0 0 0 0 45 14 0 0 0 35 48 20 11 15 0 0 19 28 16 0 1 0 15 0 0 0 0 0 0 0 0 0 0 0 0 0 0 0 0 0 0 0 0 0 0 0 1 0 0 0 0 0 0 0 0 0 0 0 0 0 0 0 0 0 0 0 0 0 0 0 0 0 6 0 0 0 0 0 0 0 0 0 0 0 0 0 0 0 10 0 0 0 0 2 8 0 0 0 0 0 0 0 0 0 0 0 0 0 0 0 0 0 0 0 0 0 0 0 0 0 0 0 0 0 0 0 0 0 0 0 0 0 0 
 86 0 531 73 55 42 288 412 396 91 140 33 257 80 408 334 322 51 258 69 0 0 0 0 0 0 0 0 5 0 0 2 0 0 0 0 5 6 2 0 3 0 0 0 1 0 0 0 24 0 0 0 1 0 0 0 10 0 1 0 0 37 3 0 2 3 0 0 46 0 2 0 0 0 3 0 0 3 52 0 0 35 20 11 0 0 0 15 54 26 34 12 0 0 0 50 14 10 0 0 0 0 0 0 0 0 0 0 0 0 0 0 0 0 0 0 1 0 0 0 0 0 0 0 0 1 0 0 0 0 2 0 0 0 0 0 0 0 0 0 0 0 0 0 0 0 0 0 0 0 0 0 2 0 0 0 7 0 0 0 0 33 35 4 0 0 0 4 51 67 19 0 0 0 26 30 21 19 0 1 0 0 0 0 0 0 8 0 0 0 9 0 0 0 0 0 2 0 0 0 0 0 0 0 0 0 0 0 0 0 0 2 0 0 0 0 0 0 0 0 0 0 0 0 0 0 2 0 0 0 0 0 0 0 0 0 1 0 0 0 0 0 0 0 2 0 0 1 3 0 2 2 9 0 0 0 0 0 0 2 0 2 1 0 0 0 0 0 0 0 18 0 0 0 0 0 1 14 0 0 0 0 0 0 0 0 0 0 0 0 
 61 531 0 381 48 44 57 92 213 427 58 252 275 49 93 235 199 395 40 101 0 0 0 0 2 0 0 0 0 1 0 1 2 0 0 0 4 3 0 0 0 0 0 0 4 29 0 0 0 0 0 0 0 0 0 1 3 0 1 0 0 0 3 0 2 3 0 12 2 0 7 0 0 0 3 0 0 2 3 0 0 43 19 29 1 0 0 0 43 68 23 38 0 0 0 46 25 14 0 0 0 0 15 0 0 1 1 0 0 0 0 0 0 0 2 0 0 0 0 0 0 0 0 0 0 0 0 0 0 0 0 0 0 0 1 0 0 0 0 0 0 0 0 0 0 0 0 0 2 0 0 0 0 0 0 0 1 0 0 0 0 9 22 58 0 2 0 0 47 39 1 17 0 1 23 23 42 19 0 0 0 18 0 0 0 0 0 0 0 0 0 0 1 0 0 0 0 0 0 0 29 0 0 0 0 2 0 0 0 0 0 0 0 0 0 0 0 0 0 0 1 0 0 1 0 0 0 0 0 0 0 0 0 0 0 0 0 0 0 0 0 2 15 0 0 2 3 0 4 13 0 15 8 0 2 0 0 0 0 0 0 0 0 0 0 0 0 0 0 0 0 0 0 0 0 10 21 22 0 0 0 0 0 0 0 0 0 0 0 0 
 51 73 381 0 84 43 98 67 196 461 409 358 54 71 66 50 133 397 293 95 0 0 0 136 0 1 0 8 0 0 0 1 60 4 0 0 4 3 0 0 0 1 0 0 6 0 0 0 0 0 0 0 0 2 0 2 3 0 3 0 0 0 3 0 2 3 0 0 3 0 3 0 0 0 5 30 0 2 3 0 0 2 0 60 49 0 0 0 28 17 13 45 0 0 0 1 12 29 5 0 0 0 0 0 0 2 2 0 0 0 0 0 2 6 0 0 0 1 20 2 0 0 0 0 0 0 0 0 0 0 0 0 0 0 2 0 0 0 0 0 0 0 0 0 0 0 0 0 0 0 0 0 12 0 0 0 2 0 0 0 0 0 0 29 40 27 0 0 1 12 21 48 0 0 0 0 22 13 0 0 0 0 0 0 0 0 0 0 0 0 0 0 9 0 0 0 0 0 43 0 0 0 0 0 0 0 0 15 0 0 0 0 0 0 0 0 0 0 0 0 0 0 0 0 0 0 4 0 0 0 0 0 0 0 0 0 0 0 0 0 0 11 0 0 0 3 19 0 2 58 1 4 0 0 0 0 0 0 0 0 0 0 8 0 0 0 0 0 0 0 0 0 0 0 0 19 17 0 0 0 0 0 0 0 0 0 0 0 0 0 
 39 55 48 84 0 422 39 60 92 83 76 517 154 253 127 60 52 252 45 290 0 0 0 0 0 2 0 0 0 0 0 1 0 0 0 0 4 3 5 1 0 109 0 0 0 0 0 0 0 0 0 0 0 0 53 1 3 0 2 0 0 0 3 0 2 3 0 0 2 0 3 0 0 3 7 0 1 2 5 0 0 0 0 21 36 49 0 0 0 1 13 0 0 0 0 1 0 1 0 0 0 0 0 0 0 0 13 0 0 0 0 0 49 0 0 0 0 0 21 25 0 0 0 0 0 0 0 0 0 0 0 0 0 0 0 0 0 0 0 0 0 0 0 0 0 0 0 6 4 0 13 0 0 0 0 0 0 0 0 0 0 0 7 0 33 22 0 0 0 0 26 7 0 0 2 0 0 1 0 0 0 0 0 0 0 0 2 0 0 0 0 0 18 0 0 0 0 15 42 44 0 0 0 0 0 0 0 18 0 0 0 0 0 0 0 0 0 0 0 0 0 0 0 0 0 0 0 0 0 0 0 0 0 0 0 0 0 0 0 0 0 0 0 0 0 1 4 0 2 2 0 15 1 0 0 0 0 0 0 0 0 0 0 0 0 0 0 0 0 0 0 0 0 0 0 1 0 0 0 0 0 0 0 0 0 0 0 23 0 0 
 51 42 44 43 422 0 42 19 69 86 82 265 245 45 52 59 84 490 51 65 0 2 0 0 0 0 0 3 1 0 0 0 14 0 2 0 6 3 306 3 0 36 3 3 1 9 0 0 0 0 0 0 0 0 0 4 3 2 4 13 2 0 3 0 48 3 0 0 3 0 3 0 0 0 5 0 0 2 17 2 0 0 0 12 12 43 2 0 0 0 0 1 0 0 0 0 0 0 0 0 0 0 0 0 0 0 13 0 0 0 0 0 35 61 18 0 0 0 37 112 2 2 1 0 0 0 0 0 0 0 0 0 1 0 0 0 0 0 0 0 0 0 0 0 0 0 0 6 0 0 0 0 0 0 0 0 0 0 0 0 0 0 4 1 18 14 2 0 0 0 0 1 0 0 4 0 0 0 0 0 1 0 0 0 2 0 28 25 0 0 0 0 31 0 15 0 1 0 58 30 0 0 0 0 0 0 1 1 0 0 0 0 0 0 0 0 0 0 0 0 0 0 0 0 0 0 0 0 2 0 0 0 0 0 0 1 0 0 0 0 0 0 0 0 0 1 1 1 0 0 0 15 0 0 0 0 0 0 0 0 0 0 0 0 0 0 0 0 0 0 0 0 0 0 0 0 0 0 0 0 0 0 0 0 0 0 0 0 0 0 
 483 288 57 98 39 42 0 91 128 54 39 267 533 646 42 46 20 36 74 439 0 0 0 0 0 1 0 0 0 0 0 2 0 0 0 0 6 5 2 0 0 0 70 4 0 0 0 0 0 0 0 0 0 0 0 1 3 0 2 0 0 38 3 0 2 3 0 0 2 0 3 0 0 0 3 0 0 2 3 0 89 15 12 0 0 0 21 40 0 10 0 0 25 26 57 1 11 25 11 27 0 0 0 0 0 0 0 0 0 0 0 0 0 0 0 0 1 0 0 0 20 0 0 0 0 1 0 9 23 0 2 0 0 0 0 0 0 0 0 0 0 0 0 0 1 0 0 0 0 0 0 0 2 0 0 0 3 0 0 0 24 0 0 0 0 0 46 37 0 0 0 0 18 33 21 45 0 0 0 44 0 0 0 0 0 0 0 0 0 0 0 0 0 0 0 0 3 0 0 0 0 0 0 0 0 0 0 0 0 0 0 2 0 0 0 0 0 0 0 0 0 0 0 0 0 18 0 0 0 0 0 0 0 0 0 0 1 0 0 0 0 0 0 0 2 4 0 2 2 0 0 16 0 0 0 0 0 0 0 0 0 0 0 0 0 0 0 0 0 0 0 0 0 0 0 0 0 0 0 0 0 0 0 0 0 0 0 0 0 0 
 329 412 92 67 60 19 91 0 77 32 48 98 168 546 123 125 270 147 260 67 0 0 2 2 0 1 0 2 2 0 0 1 73 75 0 0 7 3 23 0 0 0 33 0 0 0 0 0 0 0 0 0 55 0 0 1 7 0 2 0 0 7 3 0 2 3 0 0 2 0 3 0 0 0 3 0 0 2 3 0 50 15 29 14 1 0 0 4 23 1 2 0 0 10 27 13 15 30 0 0 0 0 0 0 0 0 0 0 0 0 0 0 0 0 0 0 0 0 0 0 0 0 0 0 0 0 0 0 0 0 0 0 0 0 0 0 0 0 0 0 0 0 0 0 0 0 0 0 0 16 0 0 0 0 0 0 0 0 0 0 0 29 19 14 0 0 0 26 2 2 17 0 0 0 67 24 10 0 0 0 0 0 0 0 0 0 0 0 0 0 0 15 0 0 0 0 0 1 0 0 0 0 0 0 0 0 0 0 0 0 0 0 0 0 0 0 0 0 0 0 0 0 0 0 0 0 0 0 0 0 0 0 0 0 0 0 0 0 0 0 0 0 0 0 0 2 0 0 1 2 0 5 0 0 74 0 0 0 0 0 0 0 0 0 0 0 0 0 0 0 0 0 0 0 0 0 0 0 0 0 0 0 0 0 0 0 0 0 0 0 
 33 396 213 196 92 69 128 77 0 466 166 49 80 85 122 432 188 450 79 80 0 0 0 0 0 2 0 1 0 0 0 3 0 1 0 0 6 83 0 0 0 0 0 0 4 0 0 0 0 0 0 0 0 0 0 0 3 0 1 0 0 0 3 0 2 3 0 0 1 0 2 0 0 0 3 0 0 3 2 0 0 14 15 12 0 0 0 1 49 40 26 75 0 0 1 37 32 15 0 1 0 0 0 0 0 0 0 0 0 0 0 0 0 0 0 0 0 18 1 0 19 0 11 0 0 0 0 0 0 0 0 0 0 0 0 0 0 0 12 0 2 6 0 2 0 0 0 0 0 0 0 0 0 0 0 0 8 0 0 0 0 15 27 50 1 14 0 1 32 43 0 19 0 1 41 13 30 16 0 0 0 0 0 0 0 0 0 0 0 0 1 0 0 0 0 0 0 2 0 0 0 0 0 0 0 0 0 0 0 0 0 0 0 0 0 0 0 0 0 0 0 0 0 0 0 1 0 0 0 0 0 0 0 0 0 0 0 0 0 0 0 4 0 0 0 1 4 2 1 4 2 5 6 0 0 0 0 0 0 0 0 0 0 0 0 0 0 0 0 0 0 0 0 0 0 11 22 2 0 0 0 0 0 0 0 0 0 0 0 0 
 20 91 427 461 83 86 54 32 466 0 477 260 48 58 104 345 369 137 61 138 0 2 0 0 0 0 0 0 1 0 0 3 0 0 0 0 5 3 0 3 0 0 0 0 18 0 0 0 0 0 0 0 3 0 4 1 3 0 2 0 0 0 36 0 2 3 0 0 1 0 3 0 0 0 3 0 0 2 2 0 0 37 46 31 43 2 0 0 34 45 32 49 0 1 0 26 24 20 0 0 0 0 0 0 2 0 0 0 0 0 0 0 0 0 0 0 0 0 0 0 0 0 1 0 1 0 0 0 0 0 0 0 1 2 0 0 0 0 1 0 0 0 0 0 0 0 0 0 0 0 0 0 0 0 0 0 0 0 0 0 0 0 5 25 0 17 0 0 29 27 26 47 0 0 1 26 21 38 0 0 0 0 6 0 2 0 0 0 0 0 0 0 0 2 0 0 0 0 0 2 0 0 0 0 0 0 0 0 0 0 0 0 0 0 0 0 0 0 0 0 33 0 0 0 23 0 0 0 0 0 0 0 0 0 0 2 0 0 0 0 0 8 0 0 0 2 179 2 0 173 0 5 7 0 0 0 0 0 0 0 0 0 7 0 0 2 0 0 0 0 0 0 0 0 0 44 35 11 0 0 0 0 0 0 0 0 0 0 0 0 
 53 140 58 409 76 82 39 48 166 477 0 548 39 37 75 76 200 388 52 318 0 0 2 2 3 3 2 0 2 0 5 3 0 0 2 2 7 6 0 0 0 1 0 10 25 2 5 0 0 68 0 2 0 0 0 3 3 2 1 0 0 0 3 0 3 5 0 0 3 0 3 54 0 0 6 0 0 2 4 0 0 0 0 33 44 1 0 8 25 14 19 40 0 0 6 4 13 10 0 0 0 0 0 0 0 0 0 0 10 0 0 0 2 0 0 0 2 0 18 0 0 0 0 0 0 2 0 0 0 0 0 0 0 0 0 0 2 0 0 15 0 0 0 0 0 0 0 0 0 2 0 0 1 0 0 0 0 0 0 0 0 0 0 29 27 27 0 1 0 4 22 29 0 0 1 7 12 19 0 2 0 0 0 0 0 0 0 0 0 0 0 0 8 0 0 0 1 0 54 0 0 0 0 0 0 0 0 23 0 0 0 1 6 0 0 0 0 0 0 0 0 22 0 0 0 0 0 0 0 0 0 0 0 0 0 0 2 0 0 0 0 9 0 0 0 0 44 1 5 53 0 6 0 0 1 0 0 2 0 0 0 0 9 0 0 0 0 0 0 0 0 0 50 0 0 19 20 0 0 0 0 0 0 0 0 0 0 0 0 0 
 123 33 252 358 517 265 267 98 49 260 548 0 126 115 49 29 312 62 39 149 0 61 0 0 0 2 0 0 0 0 0 3 1 0 1 2 5 5 0 1 0 6 0 0 3 1 0 0 0 0 0 0 0 0 63 0 3 0 1 0 0 0 3 0 2 3 0 0 1 0 2 0 51 0 11 0 0 3 14 0 9 2 19 27 34 37 22 0 9 1 9 31 3 4 12 1 0 23 10 2 0 0 1 0 0 9 0 0 0 0 0 0 21 0 0 0 0 0 11 0 0 0 0 0 0 0 0 1 0 0 0 1 0 0 0 0 0 0 0 0 0 0 0 0 0 0 0 4 0 0 0 0 0 0 15 0 0 0 0 0 0 0 0 13 59 24 0 0 0 0 25 8 0 0 0 2 1 17 0 0 0 0 2 0 0 0 42 0 0 0 1 0 17 0 0 0 0 2 43 2 0 0 0 0 0 0 0 0 0 0 0 0 0 0 0 0 10 0 0 0 0 0 0 0 0 0 0 19 0 1 10 0 0 0 0 0 0 0 0 0 0 11 0 0 0 2 176 0 8 92 0 11 4 0 0 0 0 0 0 0 0 0 10 0 0 0 0 0 0 1 0 0 0 0 0 13 0 1 0 0 0 0 0 0 0 0 0 0 0 0 
 69 257 275 54 154 245 533 168 80 48 39 126 0 82 36 23 245 235 460 342 0 81 2 0 0 3 0 0 0 0 3 0 21 0 0 3 10 6 1 0 1 1 0 3 3 1 0 0 3 3 0 0 56 1 6 3 5 0 3 0 0 0 6 0 9 3 0 2 6 2 3 0 0 2 14 2 0 5 4 3 121 26 0 0 0 0 50 27 0 0 0 8 52 59 13 0 0 0 6 68 0 0 0 0 9 0 0 0 0 0 0 0 0 0 0 0 0 0 0 0 0 0 0 0 0 0 10 0 0 0 0 0 0 0 0 0 0 0 19 0 0 0 0 2 0 0 0 0 0 19 0 0 0 0 0 0 0 0 0 0 25 0 0 0 0 0 34 4 0 1 0 0 49 28 23 3 0 0 0 42 0 0 0 0 0 0 8 0 0 0 0 0 0 0 0 0 0 0 0 0 0 0 0 0 0 0 0 0 0 0 0 0 0 0 0 0 0 0 0 0 0 0 0 0 0 0 0 0 0 0 0 0 0 0 0 0 0 0 0 0 0 0 0 0 0 0 2 2 2 2 1 11 0 0 0 0 1 0 0 0 0 0 0 0 0 0 3 0 0 0 0 0 0 1 0 0 0 0 0 0 0 0 0 0 0 0 0 0 0 0 
 139 80 49 71 253 45 646 546 85 58 37 115 82 0 443 42 38 57 90 114 1 0 0 0 0 0 2 1 0 128 203 2 0 0 0 0 6 76 0 0 0 0 0 0 0 0 3 0 0 0 0 0 0 1 0 0 9 0 0 0 0 6 3 0 3 3 0 0 0 0 2 0 0 0 3 0 0 4 2 0 38 26 23 1 0 0 13 48 16 1 10 0 10 41 28 0 8 10 0 18 0 0 0 0 0 0 0 0 0 0 0 0 0 0 0 0 3 0 0 0 0 0 0 0 0 0 0 0 0 0 0 0 0 0 0 0 0 0 0 0 0 0 0 0 0 0 0 0 0 0 0 0 0 0 0 0 3 0 0 0 0 27 2 0 0 0 14 21 20 32 14 0 0 17 25 13 1 1 0 39 0 0 0 0 0 0 14 0 0 0 0 0 0 0 0 0 0 0 0 0 0 0 0 0 0 0 0 0 0 0 0 0 0 0 0 0 7 0 0 0 0 0 0 0 0 0 0 0 0 0 0 0 0 0 0 0 0 0 0 0 0 0 0 0 0 0 0 2 2 0 1 5 0 0 0 0 0 0 0 0 0 0 0 0 0 0 0 0 0 0 0 0 0 0 0 0 0 0 0 0 0 0 0 0 0 0 0 0 0 0 
 435 408 93 66 127 52 42 123 122 104 75 49 36 443 0 185 46 36 54 156 0 0 0 0 0 0 0 0 0 0 0 2 0 2 1 0 4 3 0 1 0 0 0 0 1 0 0 0 0 0 0 0 0 0 0 2 7 0 0 3 2 5 6 0 2 3 0 0 3 0 3 0 0 0 3 0 0 2 3 0 9 23 53 0 1 0 0 35 28 6 18 2 0 10 48 36 33 30 0 0 0 0 0 0 0 0 0 0 0 0 0 0 0 0 0 0 0 0 0 0 0 0 0 0 0 0 0 0 0 0 0 0 0 0 0 0 1 0 0 0 0 0 0 0 0 0 0 0 0 1 0 0 0 0 0 0 3 0 0 0 1 48 29 13 0 1 1 46 19 25 17 1 0 17 19 17 10 10 0 1 0 0 0 0 0 0 0 0 0 0 0 0 0 0 0 0 0 0 0 0 0 0 0 0 0 0 0 0 0 0 0 0 0 0 0 0 0 0 3 0 0 0 0 0 0 0 0 0 0 0 0 0 0 0 0 6 0 0 0 0 0 0 0 0 0 0 0 0 2 0 2 13 0 0 0 0 0 0 1 0 0 0 0 43 0 0 0 0 0 0 0 0 0 0 0 1 0 0 0 0 0 0 0 0 0 0 0 0 0 0 
 26 334 235 50 60 59 46 125 432 345 76 29 23 42 185 0 256 313 292 87 0 2 2 2 0 0 0 0 2 0 2 1 0 0 0 1 4 7 0 0 0 0 0 0 11 0 0 0 0 0 0 0 0 63 0 1 5 0 4 0 0 0 3 0 2 74 0 0 1 0 5 0 0 0 3 0 0 2 2 0 2 27 27 20 0 0 0 10 48 43 46 46 0 0 0 68 8 30 0 0 0 0 0 0 0 0 7 0 0 1 0 0 0 0 0 0 0 0 0 0 2 2 0 0 0 0 18 0 0 0 0 0 0 0 0 0 0 0 0 0 0 0 0 0 0 0 0 0 0 0 0 0 0 0 19 0 0 0 2 0 0 12 23 37 1 1 2 0 28 39 2 26 0 0 10 31 60 26 0 0 2 0 0 0 0 0 0 14 0 0 0 0 0 0 0 0 0 0 0 0 0 0 0 0 0 0 0 0 0 0 0 0 0 0 0 0 0 0 0 0 0 0 0 0 0 0 0 0 2 0 0 0 0 0 0 0 0 0 0 16 0 0 0 0 0 2 6 0 1 1 0 14 14 1 0 0 0 0 0 0 0 0 0 0 0 0 0 0 0 0 0 0 0 0 0 10 1 29 0 0 0 0 0 0 0 0 0 0 0 0 
 29 322 199 133 52 84 20 270 188 369 200 312 245 38 46 256 0 666 45 26 61 0 0 0 0 1 0 0 0 0 0 0 0 0 2 0 7 4 0 5 0 0 0 0 6 0 0 0 0 0 0 0 0 0 0 2 7 0 3 0 0 0 3 0 2 3 0 0 3 0 3 0 2 0 3 0 0 2 3 3 1 21 37 28 0 0 0 0 71 42 32 54 0 0 1 33 55 25 11 0 0 0 0 0 0 0 0 0 0 0 0 0 0 0 0 0 0 0 12 11 0 0 0 0 0 0 10 0 10 7 0 0 0 0 0 0 0 12 0 0 0 0 0 0 0 0 0 0 0 0 0 0 0 0 0 0 0 0 0 0 0 13 20 31 1 20 0 17 26 24 9 8 0 0 8 25 30 20 0 0 0 9 0 0 0 0 0 0 6 0 0 0 0 0 0 0 0 0 0 0 0 0 0 0 0 0 0 0 0 0 0 0 0 0 0 0 0 0 0 0 0 0 0 0 0 0 0 0 0 0 0 0 0 0 0 0 0 11 0 0 0 0 0 0 0 79 89 0 0 0 2 20 9 0 0 0 0 0 0 0 0 0 0 0 0 0 0 0 0 0 0 0 0 0 0 1 19 11 0 0 0 0 0 0 0 0 0 0 0 0 
 29 51 395 397 252 490 36 147 450 137 388 62 235 57 36 313 666 0 34 29 0 0 2 0 0 0 0 2 2 0 0 1 0 0 0 1 6 4 0 0 0 0 0 0 19 0 0 0 0 0 0 0 49 0 0 1 3 0 2 0 0 0 3 0 2 3 0 0 1 0 2 0 0 0 3 0 0 3 4 0 0 35 14 32 29 0 0 0 30 51 26 59 0 0 0 22 25 22 0 0 0 1 0 0 0 0 0 0 0 0 0 0 0 0 0 0 0 0 0 0 0 0 0 0 0 0 8 0 0 0 0 0 0 0 0 0 0 0 12 0 0 0 0 0 0 0 0 0 0 18 0 0 0 0 0 0 0 0 0 0 0 0 1 25 0 17 0 0 28 24 32 38 0 0 0 23 17 46 0 0 0 0 0 0 0 0 0 0 0 0 0 0 9 0 0 0 0 0 0 0 0 0 0 0 0 0 0 0 0 0 0 0 0 0 11 0 0 0 0 0 0 0 0 0 0 0 0 0 0 0 0 0 0 0 0 0 0 0 0 0 0 9 0 0 0 1 177 1 4 174 1 2 9 0 0 0 0 0 0 0 0 0 11 0 0 0 11 0 0 0 0 0 0 0 0 48 15 11 0 0 0 0 0 0 0 0 0 0 0 0 
 28 258 40 293 45 51 74 260 79 61 52 39 460 90 54 292 45 34 0 461 0 0 0 0 0 0 0 0 0 0 0 1 1 0 0 39 4 4 1 0 0 0 0 0 0 0 0 0 0 0 0 0 0 0 0 1 3 0 2 0 0 0 3 0 2 39 0 0 3 0 3 0 0 0 3 0 0 2 3 0 21 0 0 0 0 0 47 4 0 0 0 0 47 18 23 0 18 0 93 17 0 0 0 0 0 0 0 0 0 0 0 0 0 0 0 0 0 0 0 0 2 0 0 0 0 0 0 0 0 0 0 0 0 0 0 0 0 0 0 0 0 0 0 22 0 0 0 0 0 0 0 0 0 0 26 0 0 0 2 0 28 0 0 0 4 0 34 0 0 0 1 0 37 25 1 0 0 0 0 23 2 0 0 0 0 0 0 0 0 0 0 0 0 0 0 0 0 0 0 0 0 0 0 0 0 0 0 0 0 0 0 0 0 0 0 0 0 0 0 0 0 0 0 0 0 0 0 0 0 0 0 7 0 0 0 0 0 0 0 0 0 0 0 0 0 1 0 0 1 0 0 7 0 0 0 0 0 0 0 0 0 0 0 0 0 0 0 0 0 0 0 0 0 0 0 0 0 0 0 0 0 0 0 0 0 0 0 0 0 0 
 143 69 101 95 290 65 439 67 80 138 318 149 342 114 156 87 26 29 461 0 1 0 1 0 0 7 0 3 6 3 8 3 3 0 0 1 8 5 0 1 0 0 0 1 0 0 0 0 0 3 0 5 3 0 0 4 6 0 0 0 0 0 3 0 4 7 0 0 5 2 7 3 0 0 5 2 2 2 3 0 49 10 0 0 0 0 55 35 1 0 0 0 56 58 8 0 0 0 20 50 0 10 0 0 0 0 0 0 0 0 0 0 0 0 0 0 0 0 0 0 0 2 0 0 0 0 0 0 0 0 0 0 0 5 0 0 0 0 0 0 0 1 0 2 0 0 0 0 0 0 0 0 0 0 0 0 0 0 0 0 32 6 0 0 0 0 33 1 0 1 0 0 21 33 20 0 0 0 0 46 0 2 0 0 0 0 0 14 0 0 0 20 0 0 0 0 0 0 0 0 2 0 0 0 0 0 0 0 0 0 0 0 0 0 0 0 0 0 1 0 0 0 0 0 0 0 0 1 0 0 1 0 0 0 0 0 0 0 0 0 0 0 0 0 0 2 0 0 2 0 0 5 0 0 0 0 0 0 0 0 0 0 0 0 0 0 0 0 0 0 0 0 0 1 0 0 0 0 0 0 0 0 0 0 0 2 0 0 0 0 
 0 0 0 0 0 0 0 0 0 0 0 0 0 1 0 0 61 0 0 1 0 72 58 38 33 50 387 389 46 467 28 36 57 110 345 33 28 30 42 117 0 1 0 2 2 0 0 0 2 2 3 3 0 3 0 0 0 0 0 0 16 0 3 0 3 0 0 2 0 0 0 0 0 0 1 0 0 3 0 0 0 0 0 0 0 0 0 0 0 0 0 0 0 0 0 0 0 0 8 0 53 46 37 12 1 0 65 19 48 13 0 0 0 0 12 36 42 2 0 10 0 0 2 0 0 8 0 0 0 0 0 0 0 0 0 9 0 0 0 0 0 0 0 0 0 0 0 0 0 0 6 0 0 0 0 0 0 0 0 0 0 0 0 0 0 0 0 0 0 0 0 0 0 0 0 0 0 2 0 0 11 86 24 14 0 0 29 37 51 13 24 0 1 4 52 47 11 11 0 0 0 0 0 0 0 0 0 0 0 0 0 0 0 0 0 12 0 0 0 0 0 1 0 0 0 0 0 0 0 0 0 0 0 0 0 0 2 0 0 0 0 0 0 0 0 0 0 0 0 0 0 0 0 0 0 1 0 0 0 0 15 0 0 0 0 0 0 0 0 0 0 0 0 0 0 0 0 2 0 0 0 0 0 0 0 0 0 0 0 0 
 0 0 0 0 0 2 0 0 0 2 0 61 81 0 0 2 0 0 0 0 72 0 425 56 281 54 83 424 340 51 242 40 84 57 401 319 128 84 60 58 0 0 67 2 2 0 0 0 2 2 3 3 0 3 0 0 0 0 0 0 0 0 3 8 3 0 0 2 0 0 0 0 0 0 1 0 0 3 0 0 0 0 0 0 0 0 0 0 0 0 0 0 0 0 0 0 12 0 1 0 0 28 76 13 33 0 2 20 50 37 30 18 0 0 14 23 29 30 0 1 0 0 0 0 2 0 0 0 0 0 2 0 0 0 0 1 0 0 0 0 0 0 2 0 0 0 0 0 0 0 0 0 2 0 0 0 0 0 0 0 0 0 0 4 12 0 0 1 0 0 0 1 0 0 0 0 0 0 0 2 28 64 30 30 0 0 1 14 28 58 63 6 0 0 34 33 40 23 0 0 0 1 0 0 0 0 0 0 0 0 0 0 0 0 0 0 0 0 0 0 2 0 0 0 0 0 0 0 2 0 0 0 0 0 0 0 0 0 0 0 0 0 2 0 0 0 0 0 0 0 0 0 0 0 2 0 0 1 0 0 2 2 0 0 0 0 0 0 0 0 0 0 0 0 3 0 0 0 0 0 0 0 0 1 0 0 22 0 0 0 
 3 0 0 0 0 0 0 2 0 0 2 0 2 0 0 2 0 2 0 1 58 425 0 119 78 42 64 320 434 390 287 57 80 63 144 266 232 342 29 63 0 0 0 3 2 0 0 0 2 1 3 3 0 3 0 4 0 0 0 169 0 0 2 8 3 0 0 2 0 0 0 0 6 0 0 0 0 3 0 0 0 0 13 0 0 0 0 0 20 0 2 0 0 0 0 0 0 0 0 0 0 1 35 43 17 1 0 13 20 61 28 12 0 0 0 23 32 78 0 0 0 0 0 0 0 0 0 0 0 0 0 0 0 0 0 1 0 0 0 0 0 0 0 0 0 0 10 0 0 0 0 0 0 0 0 0 0 0 0 0 0 0 0 6 0 0 0 0 0 0 1 0 0 0 24 14 0 0 0 0 0 32 33 68 30 8 1 0 1 33 34 63 0 0 0 27 46 37 0 11 0 0 16 0 0 0 19 0 0 0 0 0 0 0 2 0 0 0 0 0 0 0 0 0 0 0 0 0 0 0 0 0 0 0 0 0 0 0 0 0 0 0 11 0 0 0 0 0 0 0 0 1 0 0 7 2 1 6 6 0 14 0 0 0 0 0 0 0 0 0 0 0 0 0 0 0 0 0 0 0 0 12 0 0 0 0 15 0 0 5 
 0 0 0 136 0 0 0 2 0 0 2 0 0 0 0 2 0 0 0 0 38 56 119 0 74 27 76 106 82 426 144 572 63 133 64 45 214 325 289 40 0 0 0 15 2 1 0 0 2 2 3 3 0 3 0 6 0 0 0 0 0 0 2 0 3 0 0 2 1 1 0 0 2 0 0 0 0 3 0 0 0 0 0 0 0 0 0 0 0 0 0 0 0 0 0 0 0 0 0 0 3 2 0 21 32 9 0 0 3 21 19 14 0 12 0 0 9 13 0 0 0 0 0 0 56 0 0 0 0 0 0 0 0 0 0 0 0 0 16 12 0 0 0 0 0 0 0 0 0 0 0 0 0 0 2 0 0 0 0 0 0 0 0 0 7 0 6 0 0 0 5 0 5 0 0 0 0 0 0 0 0 1 0 33 44 25 0 0 1 0 7 59 0 0 0 1 0 29 1 0 0 0 0 0 0 0 0 0 0 0 0 0 17 0 0 0 0 0 23 16 0 0 0 0 0 0 0 0 0 0 0 0 0 0 0 0 0 0 0 0 0 0 19 0 0 0 0 0 0 0 0 0 0 0 10 0 0 82 49 0 9 7 0 0 0 0 12 0 0 0 0 0 0 0 0 0 0 0 0 0 0 27 0 0 0 0 0 0 0 0 
 0 0 2 0 0 0 0 0 0 0 3 0 0 0 0 0 0 0 0 0 33 281 78 74 0 364 50 94 57 92 95 618 73 69 48 274 70 113 85 56 0 0 0 5 2 0 0 0 3 2 3 111 0 3 0 0 0 31 0 0 0 0 3 52 3 7 0 2 50 0 0 0 0 0 2 0 0 3 0 0 0 8 0 0 0 0 2 0 1 2 0 0 0 0 2 0 0 0 0 0 0 0 0 0 21 41 0 0 0 0 1 19 0 0 0 0 0 0 0 0 1 0 0 0 0 0 0 0 0 0 0 0 47 16 0 15 0 0 32 14 0 0 0 2 0 0 0 0 0 0 0 29 0 0 30 0 0 2 0 0 0 0 0 0 0 0 9 1 6 0 0 0 0 0 0 0 0 0 0 0 0 0 0 0 14 20 0 0 0 2 0 0 0 0 2 0 0 0 0 0 0 0 0 0 0 0 15 1 0 0 0 0 49 21 0 0 0 0 56 15 0 0 0 0 0 0 7 0 12 0 0 0 0 0 0 0 0 0 0 0 0 0 0 0 0 0 0 0 0 0 0 0 0 0 5 3 6 3 2 1 2 0 0 0 0 0 1 0 0 0 0 0 0 0 0 0 2 0 0 0 0 0 0 0 0 0 0 0 0 0 
 6 0 0 1 2 0 1 1 2 0 3 2 3 0 0 0 1 0 0 7 50 54 42 27 364 0 45 72 34 47 58 57 40 49 56 66 64 50 70 52 0 0 4 5 2 0 166 3 2 1 3 3 2 4 63 0 0 7 197 1 0 0 2 0 3 49 0 2 42 0 0 0 0 0 0 0 0 9 0 0 0 0 0 0 0 0 0 0 0 0 0 0 0 0 0 0 0 1 0 0 0 0 0 0 16 88 0 2 0 0 0 0 0 0 0 0 0 0 0 0 0 1 0 0 0 0 48 0 0 0 0 0 57 67 0 0 2 0 31 57 0 0 0 0 0 0 0 2 0 0 2 0 0 9 0 0 0 0 0 0 0 0 0 0 0 0 7 5 2 0 0 0 0 0 0 0 19 5 0 0 0 0 0 0 10 0 0 0 0 0 3 0 0 0 0 0 0 0 0 0 32 1 0 0 2 0 45 0 0 0 0 0 31 20 0 0 0 0 23 40 0 0 0 0 0 0 0 0 0 0 0 0 0 0 0 0 0 0 0 0 0 0 0 0 0 2 0 0 0 0 0 0 0 0 2 5 0 0 0 2 1 1 0 0 0 62 0 0 0 0 0 0 0 0 0 0 0 0 0 0 0 0 0 0 0 0 0 0 0 0 
 2 0 0 0 0 0 0 0 0 0 2 0 0 2 0 0 0 0 0 0 387 83 64 76 50 45 0 97 44 34 47 39 545 579 284 48 55 31 144 372 0 1 0 3 2 2 1 0 2 6 6 6 0 5 0 0 2 0 4 2 7 0 2 1 3 0 0 2 4 4 2 0 54 1 32 0 0 7 1 6 0 0 0 0 0 0 0 0 0 0 0 0 0 0 0 0 2 0 0 0 56 39 31 0 0 0 41 21 9 0 2 0 13 33 25 20 0 8 0 0 0 13 0 0 0 0 0 2 2 0 0 0 14 0 0 8 0 0 0 0 2 0 0 0 21 0 0 0 0 0 0 0 0 0 0 1 0 0 6 0 0 0 0 0 0 17 0 0 0 0 0 0 0 0 0 0 0 0 0 0 74 0 13 0 0 0 36 37 44 0 4 0 12 65 39 94 19 0 0 0 0 0 0 0 0 0 0 0 0 0 0 0 0 0 0 0 0 0 0 0 0 0 0 0 0 3 0 0 0 0 0 2 0 0 0 0 0 2 0 2 0 0 0 0 0 2 0 0 0 0 0 0 0 0 5 0 2 0 0 2 2 0 0 0 0 0 0 0 0 0 0 13 0 0 0 0 0 0 0 0 0 0 0 0 0 0 0 0 0 0 
 2 0 0 8 0 3 0 2 1 0 0 0 0 1 0 0 0 2 0 3 389 424 320 106 94 72 97 0 102 47 252 29 108 449 159 112 252 63 68 264 0 0 0 3 3 0 4 0 2 62 3 7 0 9 0 0 4 0 2 0 2 0 8 1 3 0 0 2 0 0 0 0 0 0 0 2 0 3 0 0 0 0 0 0 0 0 0 0 1 0 2 0 0 0 2 0 0 0 0 0 14 20 40 10 0 0 25 45 32 18 17 0 0 1 22 68 36 22 0 0 0 0 0 0 0 0 0 0 0 0 0 0 0 0 0 0 0 0 0 0 0 0 0 0 0 0 0 0 0 0 0 0 0 0 11 0 0 0 0 7 0 0 0 5 0 0 0 0 0 0 0 0 0 0 0 0 0 0 0 0 14 42 37 31 0 0 0 41 53 48 45 0 0 11 50 69 21 17 0 0 0 0 0 0 0 0 0 0 0 0 0 0 0 0 2 0 0 0 0 0 0 0 0 0 0 0 0 0 0 0 0 0 0 0 0 0 0 0 0 0 0 0 0 0 0 0 0 0 0 0 0 0 0 0 0 0 2 0 0 0 3 0 0 0 0 0 0 0 0 0 0 0 0 0 2 0 0 0 0 0 0 0 0 0 0 0 0 0 0 0 
 0 5 0 0 0 1 0 2 0 1 2 0 0 0 0 2 0 2 0 6 46 340 434 82 57 34 44 102 0 600 51 49 107 87 79 313 229 329 74 87 11 0 0 0 0 0 10 11 0 2 1 3 1 1 10 7 0 0 0 2 0 0 0 2 0 0 0 0 0 2 0 1 0 0 2 0 33 0 0 0 8 0 0 0 0 0 0 0 0 0 0 0 0 0 16 0 0 0 0 0 0 1 18 53 15 0 0 13 2 44 58 14 0 0 0 21 24 56 0 0 0 0 0 0 0 0 0 0 0 0 0 0 0 0 0 0 0 0 1 0 0 0 0 0 0 0 0 0 0 0 0 0 0 0 0 0 0 0 0 0 0 0 0 4 0 0 0 0 0 0 0 0 0 0 0 0 0 0 0 0 0 24 11 73 12 14 0 1 0 48 39 63 0 0 1 21 31 31 0 0 0 0 0 0 0 0 0 0 0 0 0 0 12 0 0 0 0 0 0 0 0 0 0 0 0 0 0 0 0 0 0 0 0 0 0 0 0 0 0 0 0 0 20 0 0 0 0 0 0 0 0 0 0 2 11 0 0 2 3 0 11 0 0 0 0 0 0 0 0 0 0 0 0 0 0 0 0 0 0 0 0 27 0 0 0 0 13 0 0 0 
 0 0 1 0 0 0 0 0 0 0 0 0 0 128 0 0 0 0 0 3 467 51 390 426 92 47 34 47 600 0 384 77 39 83 83 343 189 127 79 61 0 0 0 3 2 0 0 0 2 1 3 42 0 3 0 11 0 0 0 0 0 0 2 1 4 0 50 2 0 0 0 0 0 0 0 3 0 3 0 0 0 0 0 0 0 0 0 0 0 0 0 0 0 0 0 0 0 0 2 0 0 0 14 30 32 12 0 1 13 31 22 21 0 0 0 1 10 21 0 2 0 0 0 0 0 0 0 0 0 0 1 0 0 0 0 0 0 0 0 0 0 0 1 0 0 0 0 0 0 0 0 0 1 0 0 0 0 0 0 0 0 0 0 3 2 0 5 2 0 0 67 0 0 0 0 0 0 0 0 1 0 13 0 14 24 22 0 0 0 12 27 37 0 0 0 1 36 44 0 0 0 0 0 0 0 0 0 0 0 1 0 0 2 0 0 2 0 0 2 0 1 0 0 12 0 0 0 0 1 0 0 0 0 0 0 0 0 0 0 0 0 0 7 0 0 0 0 0 0 0 0 0 0 2 4 2 0 150 167 2 4 11 0 0 0 0 7 0 0 0 0 0 0 0 0 0 0 0 0 0 0 22 0 0 0 0 14 0 0 0 
 0 0 0 0 0 0 0 0 0 0 5 0 3 203 0 2 0 0 0 8 28 242 287 144 95 58 47 252 51 384 0 591 28 55 36 72 312 376 38 85 0 0 0 5 2 0 0 3 2 3 3 4 3 3 0 16 0 0 0 2 0 0 2 0 63 28 0 2 2 2 0 0 0 0 0 0 0 6 0 0 0 0 0 0 0 0 0 0 0 0 0 11 0 0 0 0 0 1 0 0 0 0 2 23 30 12 0 0 0 19 16 24 0 0 0 1 6 25 0 0 0 3 0 0 0 0 0 0 0 0 0 0 0 2 0 0 8 0 20 15 0 0 0 0 0 0 0 0 0 0 0 0 0 0 17 0 0 0 8 0 0 0 0 1 0 0 6 0 0 0 6 0 0 0 0 0 0 0 0 0 0 0 1 28 30 34 0 0 0 1 20 55 0 0 0 0 4 32 0 0 0 0 0 0 0 0 0 0 11 0 0 0 13 0 0 0 0 0 37 0 0 0 0 0 0 0 0 0 0 0 0 0 0 0 0 0 0 0 10 0 0 0 13 0 0 0 0 0 0 0 0 0 0 0 4 0 0 91 62 0 18 22 2 0 0 0 11 0 0 0 0 2 0 0 0 0 0 0 0 0 0 21 0 0 0 0 5 0 0 0 
 30 2 1 1 1 0 2 1 3 3 3 3 0 2 2 1 0 1 1 3 36 40 57 572 618 57 39 29 49 77 591 0 33 28 33 272 79 69 120 278 0 0 1 6 2 0 0 0 2 1 3 11 5 3 0 7 0 0 0 0 0 0 2 0 3 0 0 2 51 0 0 0 2 0 0 0 0 3 0 0 0 0 0 0 0 0 0 0 0 0 0 0 0 0 0 0 0 0 0 0 0 19 1 1 34 52 0 2 0 1 9 16 0 0 0 0 0 0 0 0 0 0 0 0 0 0 1 0 0 0 0 0 21 0 1 0 2 0 29 8 0 0 0 0 0 0 0 0 0 0 2 0 0 0 20 0 0 0 0 1 0 0 0 2 0 0 23 0 0 0 9 0 0 0 0 0 0 0 0 0 0 1 0 0 37 35 0 0 0 0 12 12 0 0 0 0 0 0 0 0 25 0 0 1 2 0 11 0 0 0 0 0 25 2 0 0 0 0 20 29 0 0 0 0 0 0 0 0 0 0 0 0 0 0 0 0 0 0 0 0 0 0 0 0 0 29 0 0 0 0 0 0 0 0 3 1 4 152 153 0 2 12 0 0 0 0 6 0 0 0 0 0 0 0 0 0 0 0 0 0 0 12 0 0 0 0 1 0 0 2 
 2 0 2 60 0 14 0 73 0 0 0 1 21 0 0 0 0 0 1 3 57 84 80 63 73 40 545 108 107 39 28 33 0 288 39 40 39 25 340 175 0 0 66 3 2 0 0 0 2 1 3 3 2 3 0 0 0 0 0 4 0 0 3 0 3 0 0 2 0 0 0 0 0 0 0 0 0 3 0 0 0 0 0 0 0 1 0 0 0 0 0 0 0 0 0 0 0 0 0 0 27 43 0 0 48 0 28 7 1 0 0 0 3 73 15 0 0 0 26 31 0 3 0 0 0 0 14 0 0 0 0 0 0 0 0 7 0 0 19 0 0 0 0 0 0 0 0 0 0 0 0 0 0 0 0 0 0 0 1 0 0 19 0 0 18 1 0 0 0 0 0 0 0 0 0 0 0 0 0 0 17 0 0 0 0 0 37 0 1 0 0 0 14 11 12 0 0 0 0 20 0 0 0 0 0 0 0 0 0 0 0 0 0 0 0 0 0 0 0 0 0 0 0 1 0 0 0 0 0 0 0 0 0 0 1 0 0 0 0 0 0 0 0 0 0 1 0 0 0 2 0 0 0 0 1 1 2 0 0 1 0 2 0 0 0 0 0 3 0 0 0 0 0 0 0 0 0 0 0 0 0 0 0 0 0 0 0 0 0 0 
 0 0 0 4 0 0 0 75 1 0 0 0 0 0 2 0 0 0 0 0 110 57 63 133 69 49 579 449 87 83 55 28 288 0 402 45 35 50 106 145 0 1 0 4 2 0 0 0 57 2 3 3 0 3 2 0 0 0 0 0 0 0 3 1 3 0 0 2 0 0 0 1 0 0 1 0 0 3 0 0 0 1 0 5 0 0 0 0 0 0 0 0 0 0 0 0 0 0 0 0 56 54 46 0 1 0 19 10 55 17 0 0 0 4 17 30 17 0 0 0 0 0 0 0 0 0 0 0 0 0 0 0 0 0 0 14 0 0 5 0 0 0 0 0 0 0 0 0 0 0 0 0 0 0 0 0 6 0 0 0 0 0 0 0 0 0 0 0 0 0 0 0 0 0 0 0 0 0 0 0 10 40 43 15 0 0 28 46 57 23 48 0 0 9 69 52 12 8 0 0 0 0 18 0 0 0 0 0 0 0 0 0 0 0 13 0 0 18 0 0 0 0 0 0 0 0 0 0 0 0 0 0 0 0 0 0 0 0 0 0 0 0 0 0 0 0 0 0 0 0 0 0 0 0 40 0 2 0 0 0 1 0 0 0 0 0 0 0 0 0 0 0 0 7 1 0 0 0 0 0 0 0 0 0 0 0 1 0 0 0 
 0 0 0 0 0 2 0 0 0 0 2 1 0 0 1 0 2 0 0 0 345 401 144 64 48 56 284 159 79 83 36 33 39 402 0 209 59 52 70 100 0 0 0 9 2 0 0 0 2 1 3 8 0 9 0 0 4 1 0 0 2 0 2 1 3 0 0 54 0 0 0 0 0 0 0 2 0 5 0 0 0 0 0 0 0 0 0 0 0 0 0 0 0 0 0 0 0 0 0 0 16 12 50 12 0 0 23 27 36 26 17 1 0 0 22 38 46 22 14 0 0 0 0 0 0 0 0 0 0 0 0 0 0 0 0 0 0 0 0 0 0 0 0 0 0 0 0 0 0 0 0 0 0 0 0 0 0 0 0 0 0 0 0 4 0 0 0 0 0 0 0 0 0 0 0 0 0 0 0 0 14 13 38 30 0 1 1 102 47 40 48 0 1 55 60 52 23 19 7 0 0 0 0 0 0 0 0 0 0 0 0 0 0 0 0 0 0 0 0 0 0 0 0 0 0 0 0 0 0 0 0 0 1 0 0 0 0 14 0 0 0 0 0 0 0 74 0 0 0 0 0 0 0 0 2 0 0 0 0 3 3 1 0 0 0 0 0 0 0 0 0 0 0 0 0 0 0 0 0 0 0 1 0 0 0 0 0 0 0 0 
 0 0 0 0 0 0 0 0 0 0 2 2 3 0 0 1 0 1 39 1 33 319 266 45 274 66 48 112 313 343 72 272 40 45 209 0 302 279 43 77 0 0 0 3 2 0 0 0 2 2 3 3 0 4 2 0 0 0 0 0 0 0 3 6 3 0 0 2 0 0 0 0 2 0 0 0 52 3 0 0 0 0 0 0 0 0 0 0 0 0 0 0 0 0 0 0 0 0 0 0 0 1 10 22 8 0 1 18 35 45 37 13 0 0 1 18 35 50 0 0 0 0 0 0 0 0 0 0 0 0 0 0 0 0 0 0 0 0 0 0 0 0 0 0 0 0 0 0 0 0 0 0 0 0 0 0 0 0 0 0 0 0 0 10 12 0 0 0 0 0 0 0 0 0 0 0 0 0 0 0 1 24 10 31 15 7 0 6 14 47 82 20 0 18 3 27 29 35 0 0 0 0 0 0 0 0 0 0 0 0 0 0 0 0 1 0 0 0 0 0 0 0 0 0 0 0 0 0 1 0 0 0 0 0 0 0 0 0 0 0 0 0 0 0 0 0 0 0 0 0 0 0 0 0 4 0 0 3 5 0 45 0 0 0 0 0 0 0 0 0 0 0 0 0 0 0 0 0 0 0 0 1 0 0 0 0 17 0 0 0 
 9 5 4 4 4 6 6 7 6 5 7 5 10 6 4 4 7 6 4 8 28 128 232 214 70 64 55 252 229 189 312 79 39 35 59 302 0 196 40 27 2 1 0 6 3 2 0 0 2 3 5 6 5 7 0 6 3 2 3 1 2 0 8 0 30 62 1 2 0 2 0 4 0 0 0 0 0 5 0 1 0 0 0 0 0 0 0 0 19 0 0 0 0 0 0 1 0 0 0 0 0 0 14 28 8 0 0 14 0 34 19 9 0 0 0 0 16 28 0 0 0 0 0 0 0 0 0 0 0 0 0 0 0 0 0 0 0 0 0 47 1 0 0 0 0 0 0 1 0 0 0 0 0 0 0 0 0 0 0 0 0 0 0 0 0 0 0 0 0 7 2 0 0 0 0 0 0 0 0 0 0 16 0 19 26 0 0 7 0 47 12 38 0 0 0 0 6 8 0 0 0 0 0 0 0 17 0 0 0 0 0 0 0 0 0 0 0 0 0 0 0 0 0 0 0 0 0 0 0 0 0 0 0 0 0 0 8 2 0 0 0 0 15 0 0 2 1 0 0 0 0 0 0 0 2 2 0 75 75 1 13 0 0 0 0 0 12 0 0 0 0 0 0 0 0 0 0 0 0 0 0 12 0 0 0 0 13 0 0 0 
 3 6 3 3 3 3 5 3 83 3 6 5 6 76 3 7 4 4 4 5 30 84 342 325 113 50 31 63 329 127 376 69 25 50 52 279 196 0 106 35 0 0 1 3 2 0 0 0 2 2 3 3 0 3 0 9 0 0 0 0 0 0 3 0 3 0 0 2 0 0 0 0 0 0 1 0 0 3 0 0 0 0 2 0 0 0 0 0 0 0 0 0 0 0 0 0 0 0 0 0 0 0 14 33 29 23 0 1 12 40 25 16 0 0 0 0 11 26 0 0 0 0 0 0 0 0 0 0 0 0 0 0 0 0 2 0 0 0 0 0 0 0 0 0 0 0 0 13 0 0 0 0 0 0 0 0 0 0 0 0 0 0 0 1 0 0 0 0 0 0 6 0 0 0 0 0 0 0 0 0 44 15 0 26 33 27 0 0 14 55 25 53 0 0 0 0 31 9 0 0 0 0 0 0 0 0 0 0 0 0 2 0 1 0 0 0 0 0 1 0 0 0 0 2 0 0 0 0 0 0 0 0 0 0 0 0 0 0 0 0 0 0 45 0 0 0 0 0 0 0 0 0 0 0 4 0 0 146 148 0 16 48 0 0 0 0 8 0 0 0 0 0 0 0 0 0 0 0 0 0 0 25 0 0 0 0 13 0 0 10 
 78 2 0 0 5 306 2 23 0 0 0 0 1 0 0 0 0 0 1 0 42 60 29 289 85 70 144 68 74 79 38 120 340 106 70 43 40 106 0 376 0 62 1 2 2 0 0 0 202 2 3 3 0 3 0 0 0 0 0 4 0 0 3 0 3 0 0 2 0 0 0 0 0 0 1 0 0 3 1 0 0 0 2 0 0 26 0 0 0 0 0 0 0 0 0 0 0 0 0 0 20 0 0 0 2 0 12 16 0 0 0 0 35 67 32 0 0 0 17 49 0 0 0 0 0 0 0 0 0 0 0 0 0 0 2 0 0 0 0 0 0 0 0 0 0 0 0 1 0 0 0 0 0 0 0 0 1 0 15 0 0 0 0 1 0 16 0 0 0 0 0 0 0 0 4 0 0 0 0 0 53 0 0 0 0 0 32 11 0 0 0 0 39 38 12 0 0 10 22 61 0 0 0 0 0 0 0 0 0 0 2 0 0 0 0 0 0 0 0 0 0 0 0 2 0 0 0 0 0 0 0 0 0 0 0 0 0 0 0 0 0 12 0 0 0 74 0 0 0 0 0 0 0 0 2 2 2 0 0 3 0 0 0 0 0 0 0 0 0 0 0 0 0 0 0 0 0 0 0 0 0 0 0 0 0 0 0 0 0 1 
 3 0 0 0 1 3 0 0 0 3 0 1 0 0 1 0 5 0 0 1 117 58 63 40 56 52 372 264 87 61 85 278 175 145 100 77 27 35 376 0 10 4 0 4 2 0 0 0 2 1 3 65 0 3 0 0 0 0 0 2 0 0 2 0 3 2 0 2 0 0 0 0 0 0 0 48 0 3 0 0 0 0 0 0 2 13 0 0 0 0 0 0 0 0 0 0 0 0 0 0 52 25 8 0 0 0 30 21 0 2 0 10 12 66 11 19 0 2 13 21 10 16 2 15 0 0 0 0 0 0 0 0 0 0 0 5 0 0 0 0 0 0 0 0 37 0 0 0 0 0 0 0 1 0 0 0 0 0 0 0 0 0 0 0 0 0 0 0 0 0 0 0 0 0 0 0 0 2 0 0 40 0 10 0 0 0 41 31 8 0 0 0 24 43 33 1 2 0 1 25 0 0 0 1 0 0 0 0 0 0 0 2 0 0 0 0 0 0 0 0 0 0 10 0 0 0 0 0 0 0 0 0 0 0 0 0 0 0 0 0 0 0 12 0 0 0 0 0 0 1 0 0 0 0 5 0 2 2 0 0 3 0 0 0 0 0 0 0 0 0 0 0 0 0 0 0 0 0 0 0 0 0 0 0 0 0 0 0 0 0 
 0 3 0 0 0 0 0 0 0 0 0 0 1 0 0 0 0 0 0 0 0 0 0 0 0 0 0 0 11 0 0 0 0 0 0 0 2 0 0 10 0 140 62 49 235 148 546 321 23 256 57 245 64 68 293 31 31 43 52 131 0 0 0 0 0 0 0 0 50 2 0 0 0 0 0 0 0 0 2 0 0 0 0 0 0 0 0 0 0 0 0 0 0 0 0 0 0 0 0 0 6 0 0 0 0 0 0 0 0 0 0 0 0 0 0 0 0 0 0 0 20 42 2 0 0 0 13 12 11 0 0 0 0 0 49 26 15 15 0 0 0 0 0 0 0 0 0 0 0 0 0 0 0 0 0 0 0 0 0 0 34 0 0 0 0 0 0 0 20 0 0 0 0 0 0 0 0 0 0 0 0 0 0 0 0 0 0 0 0 0 0 0 0 0 0 10 0 0 0 0 13 27 36 0 0 0 0 31 26 13 0 0 0 13 23 0 34 40 0 0 0 0 0 0 0 0 0 0 0 0 0 0 0 0 0 0 0 0 0 0 0 0 0 0 0 0 0 0 0 0 0 4 0 0 0 0 0 0 0 2 0 2 0 0 0 2 1 0 0 0 0 0 0 0 0 0 0 0 0 0 12 0 0 0 0 0 0 0 0 0 
 0 0 0 1 109 36 0 0 0 0 1 6 1 0 0 0 0 0 0 0 1 0 0 0 0 0 1 0 0 0 0 0 0 1 0 0 1 0 62 4 140 0 430 47 27 43 78 266 241 42 41 231 40 259 314 109 422 274 54 56 0 0 1 0 0 0 2 0 0 0 0 0 0 0 0 0 0 0 0 0 0 0 0 1 0 9 0 0 0 0 0 0 0 0 3 0 0 1 0 0 7 0 0 0 0 0 1 0 0 0 0 0 19 0 0 1 0 0 0 6 0 1 26 11 0 1 0 0 0 24 17 0 5 0 13 9 19 14 0 0 0 0 0 0 0 0 0 6 0 0 23 0 0 0 0 0 0 0 0 10 10 0 0 0 18 0 0 0 0 0 1 0 0 0 0 0 0 0 0 0 0 0 0 0 0 0 15 0 0 0 0 0 7 0 15 10 0 0 0 1 0 2 18 19 16 0 0 0 12 9 11 0 0 0 0 10 13 22 0 0 0 0 0 0 0 0 0 0 0 0 0 0 0 0 0 0 0 0 0 0 0 0 0 0 0 0 1 0 0 0 0 9 0 0 0 0 0 0 0 0 0 0 0 0 2 8 4 0 0 0 0 0 0 0 0 0 0 0 0 0 0 0 0 0 0 13 0 0 0 0 
 0 0 0 0 0 3 70 33 0 0 0 0 0 0 0 0 0 0 0 0 0 67 0 0 0 4 0 0 0 0 0 1 66 0 0 0 0 1 1 0 62 430 0 134 55 248 50 75 254 285 60 46 275 285 63 170 356 263 48 224 4 0 2 0 0 0 6 0 0 0 0 0 7 2 3 0 0 3 3 5 0 0 0 0 0 0 0 1 0 0 0 0 0 0 0 0 0 0 0 0 12 0 0 0 10 0 0 0 0 0 0 0 0 0 0 0 0 0 0 0 0 5 47 32 21 41 0 3 18 34 50 0 0 0 0 18 28 37 0 0 3 0 0 0 0 0 7 0 0 0 0 0 6 6 5 7 0 0 10 8 0 0 0 0 0 0 0 0 0 0 0 0 0 0 0 0 0 0 0 0 0 0 0 0 0 0 0 0 0 0 0 0 0 0 0 0 15 0 0 0 0 0 16 24 48 0 0 0 9 37 36 21 0 0 0 56 0 47 0 0 0 0 0 0 0 0 7 5 0 0 0 0 6 3 21 0 0 0 0 0 0 0 0 0 0 0 0 0 0 0 0 5 0 0 0 0 0 0 0 17 0 0 5 4 0 13 2 5 2 0 59 0 0 0 0 0 0 0 0 0 0 0 0 0 18 16 0 0 0 11 
 0 0 0 0 0 3 4 0 0 0 10 0 3 0 0 0 0 0 0 1 2 2 3 15 5 5 3 3 0 3 5 6 3 4 9 3 6 3 2 4 49 47 134 0 306 31 70 46 94 282 615 222 63 309 53 63 50 268 104 68 0 0 51 0 0 3 0 0 0 209 0 0 2 0 0 0 0 0 0 0 0 0 0 0 0 0 0 0 0 0 0 0 0 0 0 0 0 0 0 0 10 0 0 0 0 1 0 1 0 0 1 0 0 0 0 0 0 0 0 0 0 0 0 0 24 29 15 0 0 6 0 51 0 0 0 0 13 8 4 0 6 0 0 0 0 0 7 0 0 0 0 0 0 0 0 0 0 0 5 0 0 0 17 0 0 0 0 0 0 0 0 23 1 0 0 0 11 0 0 0 0 0 0 0 3 3 0 0 0 1 0 0 0 0 0 0 0 0 0 0 0 0 0 39 22 37 4 0 8 0 8 40 1 0 0 0 0 0 2 0 0 0 0 0 0 0 1 0 0 0 0 0 0 0 0 0 4 0 55 26 0 0 5 0 0 0 0 0 0 0 0 15 0 0 0 0 0 0 2 19 0 0 40 8 0 2 0 9 0 0 0 0 0 0 0 0 0 0 0 0 0 5 0 0 0 0 0 0 2 0 
 0 1 4 6 0 1 0 0 4 18 25 3 3 0 1 11 6 19 0 0 2 2 2 2 2 2 2 3 0 2 2 2 2 2 2 2 3 2 2 2 235 27 55 306 0 330 57 72 112 78 320 235 73 307 65 384 63 34 88 113 0 0 0 0 3 0 0 0 3 5 0 23 0 0 2 0 0 0 8 1 0 0 1 0 16 0 0 0 6 6 8 10 13 0 15 8 0 0 0 0 0 0 0 0 0 0 6 0 0 0 0 0 0 0 0 0 0 0 0 0 0 0 0 0 23 24 0 0 0 0 0 28 0 2 0 0 0 0 0 0 13 0 0 0 0 0 30 0 0 0 0 0 16 7 0 0 0 0 23 7 5 0 1 5 0 3 0 0 4 7 24 20 7 0 2 26 16 8 0 0 0 0 0 0 0 0 0 0 0 0 0 0 4 0 1 0 0 0 0 0 7 0 0 1 3 32 0 0 0 0 0 0 0 0 0 0 0 0 0 0 41 20 0 0 0 0 12 0 0 0 0 0 24 11 37 0 0 0 78 16 0 10 4 0 0 0 15 0 0 0 0 16 0 0 0 0 0 0 0 1 0 0 11 1 0 0 0 1 3 0 0 0 0 0 0 0 0 0 0 0 0 0 0 0 0 0 0 0 0 0 
 0 0 29 0 0 9 0 0 0 0 2 1 1 0 0 0 0 0 0 0 0 0 0 1 0 0 2 0 0 0 0 0 0 0 0 0 2 0 0 0 148 43 248 31 330 0 15 34 40 36 69 256 44 56 75 94 288 57 53 69 2 0 0 0 0 0 2 48 2 14 0 53 0 0 0 0 0 3 103 3 0 0 0 0 0 0 0 0 0 0 0 0 0 0 0 0 0 0 0 0 0 0 14 0 0 0 0 0 0 0 0 0 0 0 0 0 0 0 0 0 0 0 0 0 0 8 0 0 0 0 0 1 0 0 0 0 0 0 0 0 15 0 0 0 0 0 47 25 7 0 0 0 21 22 1 0 1 0 8 30 0 0 0 0 0 0 0 0 0 0 0 0 40 0 0 12 0 0 0 0 0 15 0 0 0 0 0 0 0 0 0 0 0 0 0 0 0 0 0 0 0 0 0 0 10 32 0 0 0 2 0 0 0 0 0 0 0 0 0 0 52 24 1 0 0 0 52 0 0 0 0 0 34 23 8 0 0 0 27 7 0 0 0 0 0 0 0 0 0 0 0 11 0 0 0 0 0 0 0 0 0 0 1 0 8 1 0 0 0 0 0 0 0 2 0 0 0 0 0 0 0 0 0 0 0 0 0 0 0 0 
 0 0 0 0 0 0 0 0 0 0 5 0 0 3 0 0 0 0 0 0 0 0 0 0 0 166 1 4 10 0 0 0 0 0 0 0 0 0 0 0 546 78 50 70 57 15 0 97 45 23 58 33 349 282 27 49 31 40 73 231 3 0 2 0 0 1 3 0 1 50 0 2 0 0 0 0 0 0 0 50 0 0 0 0 0 0 0 1 0 0 0 0 0 0 0 0 0 0 0 0 0 0 0 0 0 0 0 0 0 2 0 0 0 0 0 2 0 0 0 0 20 31 16 5 0 4 7 25 14 0 0 0 0 0 28 6 23 0 0 10 0 0 0 0 0 0 1 0 0 0 0 0 4 4 0 0 0 0 13 0 0 0 0 0 13 0 0 0 4 0 0 0 0 2 0 0 0 0 0 0 0 0 0 0 0 0 0 0 0 0 0 0 0 0 0 0 0 0 0 0 86 25 15 0 5 1 10 21 13 13 1 0 13 16 31 0 44 15 0 0 0 0 0 0 0 0 0 0 10 0 0 0 4 0 0 0 0 0 7 7 0 0 0 0 0 0 0 0 0 0 0 8 0 0 0 0 0 0 0 2 0 0 2 0 0 2 0 0 0 0 0 0 0 0 0 0 0 0 0 0 0 0 0 0 0 0 0 0 0 0 
 2 0 0 0 0 0 0 0 0 0 0 0 0 0 0 0 0 0 0 0 0 0 0 0 0 3 0 0 11 0 3 0 0 0 0 0 0 0 0 0 321 266 75 46 72 34 97 0 56 25 34 49 73 249 186 90 258 40 71 51 0 0 0 0 0 0 1 0 0 0 0 0 0 0 0 0 0 0 0 0 0 0 0 0 0 0 0 0 0 0 0 0 0 0 0 0 0 0 0 0 0 0 0 0 0 0 0 0 0 0 0 0 0 0 0 0 0 0 0 0 0 9 29 11 0 0 0 9 22 0 8 0 0 0 11 21 28 22 0 0 0 1 0 0 0 0 0 0 0 0 0 0 0 0 0 0 0 0 0 0 5 0 0 0 0 0 0 0 0 0 0 0 0 0 0 0 0 0 0 0 0 0 0 0 0 0 0 0 0 0 0 0 0 0 0 0 0 0 0 0 0 25 25 1 0 0 0 0 22 31 18 0 1 63 0 11 12 51 0 0 0 0 0 0 0 0 0 0 0 0 0 0 0 0 0 0 0 0 0 0 0 0 0 0 0 0 0 0 0 0 0 6 0 0 0 0 0 0 0 0 0 0 0 0 0 2 0 0 0 0 3 0 0 0 0 0 0 0 0 0 0 0 0 0 40 13 0 0 0 0 
 0 24 0 0 0 0 0 0 0 0 0 0 3 0 0 0 0 0 0 0 2 2 2 2 3 2 2 2 0 2 2 2 2 57 2 2 2 2 202 2 23 241 254 94 112 40 45 56 0 355 58 45 78 125 82 194 39 232 102 77 16 0 0 0 0 0 9 0 0 0 0 1 5 56 1 0 0 0 1 8 0 0 0 0 0 0 0 0 0 0 0 0 0 0 0 0 0 0 0 0 0 0 0 0 0 0 0 0 0 0 0 0 0 0 0 0 0 0 0 0 0 0 62 29 5 21 0 0 0 32 29 1 0 0 0 0 37 20 0 0 6 1 4 0 0 0 0 1 8 0 0 1 0 0 8 7 19 0 0 12 0 0 0 0 0 4 0 0 0 0 0 0 0 0 0 0 0 0 0 0 0 0 0 0 0 2 0 0 0 0 0 0 0 0 0 0 0 0 0 0 0 0 25 25 10 0 0 0 9 30 26 27 0 0 7 31 0 49 0 0 4 21 0 0 0 0 0 8 3 0 0 0 0 1 13 1 3 0 0 0 0 0 0 0 0 0 0 0 0 0 0 19 0 0 0 0 0 0 0 11 0 0 1 25 0 8 7 1 0 0 6 0 0 0 0 0 0 0 0 0 0 0 0 0 12 22 0 0 0 1 
 0 0 0 0 0 0 0 0 0 0 68 0 3 0 0 0 0 0 0 3 2 2 1 2 2 1 6 62 2 1 3 1 1 2 1 2 3 2 2 1 256 42 285 282 78 36 23 25 355 0 295 45 42 92 65 235 270 90 94 117 0 0 0 0 0 0 26 0 0 0 0 1 0 0 0 0 0 0 0 0 0 0 0 8 0 0 0 0 0 0 0 0 0 0 12 0 0 0 0 0 0 0 0 0 10 0 0 0 0 0 0 0 0 0 0 5 0 0 0 0 0 0 0 17 64 25 0 0 0 37 34 10 0 0 0 0 14 0 0 0 0 0 0 0 0 0 0 0 0 0 0 0 0 0 0 0 0 0 12 38 0 0 0 17 0 0 0 0 0 0 18 2 0 0 0 0 11 6 0 0 0 0 0 0 0 0 0 0 19 0 0 20 0 0 0 0 0 0 0 0 0 0 15 34 36 2 0 0 0 11 4 30 12 0 0 26 0 0 0 0 0 0 8 0 0 0 0 0 0 0 0 0 1 0 0 0 0 0 0 1 0 0 32 0 0 0 0 0 0 0 0 6 0 0 0 0 0 0 0 37 0 0 68 65 1 10 0 65 2 0 20 0 0 0 0 0 0 0 0 0 0 0 0 0 0 10 0 0 0 0 
 0 0 0 0 0 0 0 0 0 0 0 0 0 0 0 0 0 0 0 0 3 3 3 3 3 3 6 3 1 3 3 3 3 3 3 3 5 3 3 3 57 41 60 615 320 69 58 34 58 295 0 487 37 33 45 92 140 273 50 82 0 0 0 0 0 0 0 0 0 0 0 0 0 0 0 0 0 0 0 0 0 0 0 0 0 0 0 0 0 0 0 0 0 0 0 0 0 0 0 0 0 0 0 0 0 0 0 0 0 0 0 0 0 0 0 0 0 0 0 0 10 9 0 1 40 40 0 19 0 2 0 45 0 4 11 0 14 33 0 0 5 0 0 0 0 0 0 0 0 0 0 0 0 1 0 0 0 0 25 2 0 0 0 0 0 0 0 0 0 0 0 9 4 0 0 23 6 0 0 0 0 0 0 0 0 0 0 0 0 0 0 0 0 0 0 0 0 0 0 0 23 2 0 21 20 30 0 4 6 1 22 29 0 2 0 4 0 1 0 2 0 0 0 18 0 0 1 0 0 0 0 0 3 0 0 0 0 0 23 11 0 0 36 0 0 0 0 0 0 0 0 5 0 0 0 0 0 0 0 30 0 0 40 2 0 3 0 37 0 0 0 0 0 0 0 0 0 0 0 0 0 0 0 0 0 0 0 0 0 0 
 0 0 0 0 0 0 0 0 0 0 2 0 0 0 0 0 0 0 0 5 3 3 3 3 111 3 6 7 3 42 4 11 3 3 8 3 6 3 3 65 245 231 46 222 235 256 33 49 45 45 487 0 32 274 36 25 84 61 34 443 0 0 2 50 0 3 0 0 0 0 0 53 0 0 0 2 0 49 0 0 0 18 0 0 0 0 0 0 10 0 0 0 0 0 0 0 0 0 0 0 0 0 0 0 0 0 0 0 0 0 0 0 0 0 0 0 0 1 8 0 0 0 0 0 38 3 0 0 0 0 0 33 0 31 0 0 1 0 0 0 24 0 0 0 0 0 18 0 1 0 0 0 24 0 0 0 0 0 37 0 0 0 0 0 0 0 0 0 0 0 0 4 6 0 0 0 4 0 0 0 0 0 0 0 0 0 0 3 0 0 0 0 0 0 0 0 0 0 0 0 0 0 0 18 22 34 0 0 20 0 0 11 0 0 0 0 0 0 0 0 1 0 0 0 0 0 0 8 0 0 0 0 39 0 0 0 0 0 23 10 0 0 20 0 0 0 0 0 0 0 0 5 0 0 0 0 0 0 0 0 0 0 67 65 0 2 1 64 2 0 0 0 0 0 0 0 0 0 0 0 0 0 0 0 0 0 0 0 0 0 
 0 1 0 0 0 0 0 55 0 3 0 0 56 0 0 0 0 49 0 3 0 0 0 0 0 2 0 0 1 0 3 5 2 0 0 0 5 0 0 0 64 40 275 63 73 44 349 73 78 42 37 32 0 75 35 26 41 49 437 239 0 0 0 0 0 0 2 0 1 0 0 0 5 0 0 0 0 0 2 5 0 0 0 0 0 0 0 0 0 0 0 0 8 0 0 0 0 0 0 0 0 0 0 0 0 0 0 0 0 0 0 0 0 0 0 0 0 0 0 0 31 20 1 0 0 0 97 20 0 0 0 0 0 28 11 0 0 22 0 24 2 0 0 0 0 0 5 0 2 8 0 0 4 4 9 6 0 0 0 5 1 0 0 0 0 0 0 7 9 0 0 0 0 0 0 0 0 0 0 0 0 0 0 0 0 0 7 0 0 0 0 0 0 0 0 0 0 0 0 0 27 8 32 0 0 0 6 26 7 2 0 0 21 23 40 0 27 8 0 23 0 0 0 0 0 0 6 5 0 0 0 0 4 3 5 0 0 0 0 0 0 0 0 0 0 1 0 0 0 0 0 5 0 0 0 0 0 0 0 0 0 0 0 0 0 1 0 0 0 0 0 0 0 0 0 0 0 0 0 0 0 0 0 0 0 0 0 0 0 0 
 6 0 0 2 0 0 0 0 0 0 0 0 1 1 0 63 0 0 0 0 3 3 3 3 3 4 5 9 1 3 3 3 3 3 9 4 7 3 3 3 68 259 285 309 307 56 282 249 125 92 33 274 75 0 291 38 45 45 127 187 0 5 6 15 0 3 1 0 7 43 9 2 2 0 3 16 6 6 0 0 0 0 0 0 0 0 0 0 0 0 0 0 0 0 0 0 0 0 0 0 0 25 0 0 0 0 0 0 0 0 0 0 0 0 0 0 0 0 0 0 8 31 6 0 0 0 20 25 15 0 0 0 1 0 21 35 6 10 0 0 0 0 0 13 3 0 0 0 0 11 6 3 0 0 0 0 0 2 0 0 2 0 0 0 0 0 0 0 1 0 0 0 0 0 0 0 0 0 20 0 11 0 0 0 0 0 0 0 0 0 0 0 0 13 0 0 0 0 0 0 11 36 21 0 0 0 0 37 30 7 0 0 1 56 10 4 36 28 0 0 0 0 31 0 7 0 0 0 0 6 8 13 0 0 0 0 0 2 15 0 0 0 0 0 0 0 0 0 0 0 0 2 0 1 0 0 0 0 0 2 0 0 2 0 0 0 1 0 0 0 6 0 0 21 0 4 0 0 0 0 0 0 0 0 2 0 0 0 0 0 
 0 0 0 0 53 0 0 0 0 4 0 63 6 0 0 0 0 0 0 0 0 0 0 0 0 63 0 0 10 0 0 0 0 2 0 2 0 0 0 0 293 314 63 53 65 75 27 186 82 65 45 36 35 291 0 126 32 48 78 130 3 3 0 0 0 1 5 1 1 5 1 0 36 0 5 0 0 0 0 4 0 0 8 0 0 0 0 0 0 16 0 0 0 0 0 0 0 0 0 0 0 0 0 0 0 0 0 0 0 0 0 0 0 0 0 0 0 0 0 0 1 17 36 9 0 0 0 8 35 2 28 0 0 0 8 24 42 39 0 0 0 0 0 0 0 0 0 0 0 0 3 0 0 8 3 0 0 0 0 0 4 0 0 0 0 0 0 0 0 0 0 0 0 0 0 0 0 0 0 0 0 0 0 0 0 0 0 0 0 0 0 0 0 0 0 0 0 0 0 0 1 24 21 0 0 0 0 0 16 55 16 0 0 0 0 9 12 44 0 0 0 0 0 0 0 0 0 0 0 0 0 0 0 0 0 0 0 0 0 0 0 0 0 0 0 0 0 0 8 0 0 12 0 0 0 0 0 0 0 0 0 0 0 0 0 0 1 0 0 0 0 0 0 1 0 0 0 0 0 0 0 0 0 0 10 13 0 0 0 0 
 1 0 1 2 1 4 1 1 0 1 3 0 3 0 2 1 2 1 1 4 0 0 4 6 0 0 0 0 7 11 16 7 0 0 0 0 6 9 0 0 31 109 170 63 384 94 49 90 194 235 92 25 26 38 126 0 195 188 204 495 0 1 0 0 0 0 2 0 0 0 56 0 5 0 0 0 0 0 0 0 0 0 0 0 0 0 0 0 0 0 0 0 0 0 22 0 0 0 0 0 0 0 0 12 5 0 0 0 0 1 11 14 0 0 0 0 0 5 0 0 0 0 33 18 23 26 0 0 0 26 28 0 0 0 0 0 42 12 5 0 0 0 0 0 0 0 0 0 0 0 0 0 0 0 0 0 0 14 0 10 0 0 0 0 0 0 0 0 0 0 0 0 0 0 0 0 0 0 0 0 0 0 0 5 16 7 0 0 0 0 0 7 0 0 0 0 4 0 0 0 0 0 15 10 9 0 0 0 11 11 29 18 0 0 0 41 0 13 0 0 0 0 0 0 0 0 0 0 0 0 0 0 0 0 0 0 0 0 0 0 0 0 5 0 0 0 0 0 0 0 0 14 0 1 0 0 0 0 9 10 0 0 4 10 2 11 0 0 2 0 20 0 0 0 0 0 0 0 0 0 0 6 0 0 16 7 0 0 0 0 
 5 10 3 3 3 3 3 7 3 3 3 3 5 9 7 5 7 3 3 6 0 0 0 0 0 0 2 4 0 0 0 0 0 0 4 0 3 0 0 0 31 422 356 50 63 288 31 258 39 270 140 84 41 45 32 195 0 295 57 42 0 0 0 0 0 0 3 0 0 0 0 0 0 0 0 0 0 0 0 0 0 0 7 0 0 0 0 0 1 0 0 0 0 0 0 0 7 3 0 1 0 0 0 0 0 0 0 0 0 0 0 0 0 0 0 0 0 0 0 0 0 1 25 34 16 24 0 0 0 20 28 6 0 0 25 1 22 40 0 0 0 0 0 0 0 0 0 0 0 0 0 0 0 0 0 0 0 0 0 12 47 3 9 1 0 0 0 16 5 0 0 0 0 1 4 17 0 1 0 0 0 0 0 0 0 0 0 0 0 0 0 0 0 0 0 0 0 0 0 0 0 0 9 11 9 0 0 0 16 25 34 20 0 0 0 27 1 11 0 0 0 0 0 0 0 0 0 0 0 0 0 0 0 0 0 0 0 0 0 0 0 0 0 0 0 0 0 0 0 0 0 2 0 1 0 0 0 0 0 9 0 0 0 0 2 13 1 0 0 0 6 0 2 0 0 0 0 0 0 0 0 0 0 0 12 10 0 0 0 0 
 0 0 0 0 0 2 0 0 0 0 2 0 0 0 0 0 0 0 0 0 0 0 0 0 31 7 0 0 0 0 0 0 0 0 1 0 2 0 0 0 43 274 263 268 34 57 40 40 232 90 273 61 49 45 48 188 295 0 229 249 0 0 0 0 0 0 1 0 0 0 0 0 0 0 0 0 0 0 0 0 0 8 0 0 0 0 0 13 0 0 0 14 0 0 0 0 0 0 0 0 0 0 0 0 0 0 0 0 0 0 0 0 0 0 0 0 0 0 0 0 6 0 0 19 21 9 6 0 0 76 23 13 22 3 0 0 10 1 0 3 0 0 0 0 0 0 0 0 0 0 0 0 0 0 0 0 0 0 10 10 0 0 0 0 27 0 0 6 0 0 0 3 0 0 0 0 39 0 0 0 0 0 0 0 0 0 0 0 0 0 0 0 0 0 0 0 0 0 0 0 6 0 13 46 46 0 11 6 0 12 8 29 0 3 0 41 0 0 4 3 17 0 0 0 0 0 31 0 0 0 0 0 0 0 0 0 0 0 0 0 0 0 11 0 0 0 1 0 0 0 0 9 0 1 0 0 0 0 0 20 0 2 69 67 3 11 3 62 0 0 19 0 0 1 0 0 0 0 0 0 0 0 0 0 1 7 0 0 0 0 
 2 1 1 3 2 4 2 2 1 2 1 1 3 0 0 4 3 2 2 0 0 0 0 0 0 197 4 2 0 0 0 0 0 0 0 0 3 0 0 0 52 54 48 104 88 53 73 71 102 94 50 34 437 127 78 204 57 229 0 273 0 0 1 0 9 9 0 0 1 0 3 8 0 0 2 0 0 3 58 0 0 0 0 0 0 0 0 0 0 0 0 0 0 0 0 0 0 0 0 0 0 0 0 0 0 18 0 0 0 0 0 0 0 0 0 0 0 0 0 0 15 0 0 0 0 0 35 9 0 0 0 0 10 44 5 1 0 0 1 40 0 0 0 0 24 8 0 0 0 0 0 0 0 0 0 0 0 0 0 0 0 0 0 0 0 0 0 8 6 0 0 0 0 20 0 0 0 0 0 0 0 0 0 0 0 0 0 0 0 0 0 0 0 0 0 0 0 0 0 0 22 1 1 0 0 0 65 6 0 0 0 0 32 17 76 0 5 0 12 13 0 0 0 0 0 17 0 0 0 0 0 0 0 0 0 0 0 0 0 0 0 0 0 0 0 0 0 0 0 0 0 14 0 0 0 0 0 0 0 0 0 0 0 0 1 2 2 0 2 0 0 0 0 0 0 0 0 0 0 0 0 0 0 0 0 0 0 0 1 0 
 2 0 0 0 0 13 0 0 0 0 0 0 0 0 3 0 0 0 0 0 0 0 169 0 0 1 2 0 2 0 2 0 4 0 0 0 1 0 4 2 131 56 224 68 113 69 231 51 77 117 82 443 239 187 130 495 42 249 273 0 0 0 0 0 1 0 0 0 1 0 0 0 0 0 0 1 0 0 2 0 0 0 0 0 0 19 0 0 0 0 0 0 0 0 0 0 0 0 0 0 4 2 0 0 0 0 0 0 0 0 0 0 5 21 14 0 0 0 12 6 50 32 10 0 0 0 68 22 11 0 1 0 1 11 27 4 4 0 0 24 0 0 0 0 0 0 0 0 0 0 0 0 0 0 0 0 0 0 0 0 0 0 0 0 0 0 0 8 26 0 0 0 0 0 0 0 7 0 0 0 0 0 0 0 0 0 9 0 0 0 0 0 0 0 0 0 0 0 5 4 34 21 15 0 0 0 14 40 7 1 0 0 25 11 29 0 23 5 0 19 0 0 0 0 0 0 0 0 0 0 0 1 0 0 0 0 0 0 0 0 0 0 0 0 0 0 0 0 0 0 0 8 2 1 0 0 0 0 2 0 0 0 63 0 0 2 2 0 0 0 0 0 0 0 0 0 0 0 0 0 0 0 0 0 0 0 0 0 0 0 
 2 0 0 0 0 2 0 0 0 0 0 0 0 0 2 0 0 0 0 0 16 0 0 0 0 0 7 2 0 0 0 0 0 0 2 0 2 0 0 0 0 0 4 0 0 2 3 0 16 0 0 0 0 0 3 0 0 0 0 0 0 76 89 60 30 29 304 285 24 255 25 28 84 60 219 65 41 88 41 108 0 0 0 0 0 0 0 0 0 0 0 0 0 0 0 0 0 0 0 0 0 0 0 0 0 0 0 0 0 0 0 0 0 0 0 0 0 0 0 0 0 0 0 0 0 0 0 0 0 0 0 0 0 0 0 0 0 12 18 0 1 10 5 16 0 1 0 8 46 35 0 8 4 1 14 17 29 39 0 0 0 5 0 0 0 0 0 0 0 0 0 0 0 0 0 0 0 0 0 0 0 0 0 0 0 0 0 0 0 19 0 0 0 0 0 0 0 0 0 15 0 0 0 0 0 0 0 0 0 0 0 0 0 0 0 0 0 0 0 0 10 13 10 24 1 0 0 30 26 29 15 8 1 1 21 16 11 30 0 0 2 0 0 0 0 0 0 0 0 0 0 0 0 0 16 0 0 0 0 0 0 0 0 0 0 0 10 0 0 0 2 0 0 0 4 0 0 0 0 0 0 0 0 0 0 0 0 0 5 0 
 8 37 0 0 0 0 38 7 0 0 0 0 0 6 5 0 0 0 0 0 0 0 0 0 0 0 0 0 0 0 0 0 0 0 0 0 0 0 0 0 0 0 0 0 0 0 0 0 0 0 0 0 0 5 3 1 0 0 0 0 76 0 269 52 50 252 53 287 322 40 38 32 41 48 277 224 201 49 44 89 2 7 5 1 0 0 0 2 5 0 0 0 0 9 13 24 0 0 0 0 0 0 0 0 0 0 10 0 0 0 0 0 0 0 0 0 0 0 0 0 0 0 0 0 0 0 0 0 0 0 0 0 0 0 0 0 0 0 0 0 0 15 9 20 0 4 0 10 0 15 8 15 0 12 10 0 14 28 0 0 0 13 7 5 0 0 4 11 0 9 4 0 0 14 3 27 5 0 0 5 0 0 0 0 0 0 0 0 0 0 2 0 0 0 0 0 0 0 0 0 0 0 0 0 0 0 0 0 0 0 0 0 0 0 0 0 0 0 0 0 0 0 40 30 15 13 0 12 6 27 28 9 0 0 0 46 10 19 0 0 0 0 0 0 0 0 0 0 0 0 0 0 0 0 21 0 0 0 0 0 0 0 0 0 0 0 3 0 0 0 35 0 0 15 0 2 0 0 0 0 0 0 0 0 0 0 0 0 0 0 
