 0 181 86 57 30 48 910 408 62 50 41 34 41 353 398 29 238 35 34 144 1 23 5 80 3 3 0 6 7 2 3 3 2 3 3 1 1 2 4 0 0 2 0 0 0 2 3 0 0 3 7 1 0 0 0 0 0 0 0 35 3 2 2 5 4 5 0 1 4 3 2 6 31 5 6 3 0 2 0 2 39 41 18 1 0 0 10 14 45 31 0 0 0 28 58 31 0 0 0 1 0 0 0 0 0 0 0 0 0 0 0 0 0 0 0 0 0 10 0 0 0 21 9 0 0 0 0 0 0 0 0 0 0 0 0 0 0 0 1 0 0 0 1 0 0 4 0 3 0 0 0 0 0 0 0 0 0 0 0 0 15 35 32 0 0 0 1 41 24 20 0 0 0 30 5 12 10 0 0 1 0 1 0 0 0 0 0 0 0 0 0 0 0 0 0 0 10 0 0 0 0 0 0 0 0 0 0 19 0 0 0 0 0 0 0 0 0 0 0 0 0 0 2 0 0 0 6 0 2 0 0 0 0 0 1 0 0 0 2 0 0 0 0 0 2 2 0 0 2 0 2 11 0 0 2 0 0 0 0 0 0 0 1 0 0 0 0 0 1 0 0 0 0 4 2 0 0 1 0 0 0 0 0 0 0 0 0 0 0 0 
 181 0 355 61 25 33 82 389 530 347 36 48 54 69 379 306 131 33 43 20 0 75 0 0 0 0 0 2 0 1 0 0 3 3 2 1 0 0 0 0 0 2 0 0 0 2 3 0 0 3 2 0 0 0 0 0 0 0 0 0 5 0 0 3 0 0 0 0 0 0 11 3 0 2 0 0 0 0 0 1 0 33 20 21 0 0 2 22 64 37 15 0 0 21 8 53 70 27 0 0 0 0 0 0 0 0 0 0 0 0 0 0 0 0 0 0 0 0 0 0 0 0 0 0 0 0 0 12 0 0 0 0 0 0 0 0 0 0 0 0 0 0 0 0 0 0 0 0 0 0 0 0 0 0 0 0 0 0 0 0 0 10 58 0 0 16 0 9 7 41 26 5 0 0 0 13 41 9 0 0 0 0 0 0 0 0 0 0 0 0 0 0 0 0 0 0 0 0 0 0 0 0 0 0 0 0 0 0 0 0 0 0 0 0 0 0 0 0 0 0 0 0 0 0 0 0 0 0 0 0 0 0 0 0 0 0 0 0 0 0 0 31 0 0 0 4 1 0 0 0 0 21 15 0 0 0 0 0 0 0 0 0 68 0 0 0 0 0 0 0 0 0 0 19 0 12 0 5 0 0 0 0 0 0 0 0 0 0 0 0 
 86 355 0 196 38 49 106 96 224 393 274 28 71 61 60 202 403 494 33 33 1 0 0 2 4 8 2 4 3 4 0 0 3 3 0 4 2 7 0 2 3 2 2 3 0 2 4 0 2 5 5 1 5 2 2 5 5 0 8 2 3 0 0 3 5 4 0 0 3 0 8 4 0 3 0 0 0 2 0 3 0 16 19 45 0 0 0 13 25 21 35 16 0 1 18 20 47 64 19 0 0 0 0 0 0 0 0 0 1 0 0 0 0 0 1 1 0 0 0 0 0 0 0 0 0 0 0 0 0 0 0 0 0 1 0 0 0 0 0 0 0 0 0 0 0 10 0 1 0 0 0 16 0 0 0 0 0 0 0 0 0 5 17 41 33 18 0 75 1 15 28 17 0 0 8 19 24 32 2 0 0 0 0 0 0 0 0 0 0 0 0 0 1 0 0 0 0 0 1 0 0 0 7 0 0 0 1 0 0 0 0 0 0 0 0 0 0 0 0 0 0 0 0 0 0 0 0 0 10 0 2 0 0 0 0 0 0 0 0 0 0 16 0 0 13 0 8 0 0 4 0 5 24 0 0 0 0 0 0 0 0 0 8 0 0 0 0 0 0 0 0 0 0 0 0 16 8 17 0 0 0 0 0 0 0 0 0 0 0 0 
 57 61 196 0 66 55 70 364 335 460 133 409 84 79 73 50 248 411 59 47 0 0 0 0 1 1 0 2 0 73 0 2 3 1 0 1 0 0 2 0 0 2 0 0 0 2 1 0 0 0 2 0 0 0 0 0 2 0 0 0 2 0 0 7 0 0 0 1 0 0 3 3 0 2 0 0 2 0 0 3 0 2 0 11 49 31 0 0 17 16 35 40 0 0 0 0 0 9 0 0 1 0 0 0 0 0 0 0 0 0 0 0 1 0 0 0 0 0 7 0 0 0 0 0 0 0 0 0 0 0 0 0 0 0 0 0 0 0 0 0 0 0 0 0 0 0 0 0 0 0 0 0 0 0 0 0 0 0 0 0 0 0 0 58 35 1 0 0 0 1 36 27 0 0 17 2 0 19 0 0 0 0 0 0 0 0 0 0 0 0 0 0 10 0 0 13 0 0 37 1 0 0 0 0 0 0 0 0 0 0 0 0 0 0 0 1 0 0 0 0 0 0 0 2 0 13 0 0 0 0 0 0 0 1 0 0 0 0 0 0 0 0 0 0 0 4 51 0 1 10 0 5 0 0 0 0 0 0 0 0 0 0 0 0 0 0 0 0 0 0 0 0 0 0 0 17 12 14 0 0 0 0 0 0 0 0 0 0 0 0 
 30 25 38 66 0 267 60 70 82 93 105 328 80 287 89 61 52 60 60 494 0 4 2 0 0 0 0 2 0 0 0 0 3 3 0 0 0 0 7 0 0 2 0 0 0 2 3 0 2 3 2 1 0 0 0 0 0 0 0 62 3 0 0 11 0 0 0 0 2 0 2 3 2 2 0 0 0 3 0 1 0 0 0 0 30 20 0 0 0 0 12 6 0 0 0 0 0 0 0 0 10 0 0 0 0 0 43 0 0 0 0 0 31 9 0 0 0 0 17 11 0 0 0 0 0 1 0 0 0 0 0 0 0 1 0 0 0 0 0 0 0 0 0 1 3 0 0 0 0 0 0 0 0 0 0 0 0 0 0 3 0 0 0 1 13 18 0 0 0 0 2 8 0 0 0 0 18 0 0 0 1 0 0 0 0 0 1 0 0 0 0 0 48 0 0 1 0 0 20 36 0 0 0 0 0 0 0 0 1 0 0 0 0 0 0 0 0 0 0 0 0 0 0 0 0 0 0 0 0 0 0 0 0 0 0 0 0 0 0 0 0 0 35 0 0 2 6 0 4 1 0 12 0 2 0 0 0 0 0 0 0 0 0 0 0 0 0 0 0 0 0 0 0 0 0 1 0 1 0 0 0 0 0 0 0 1 0 0 0 0 
 48 33 49 55 267 0 38 32 72 50 95 81 39 248 251 72 101 50 45 43 0 0 81 0 0 1 0 2 2 0 0 0 6 2 2 0 29 0 241 1 0 2 1 12 0 2 3 0 1 23 17 21 0 0 0 1 2 21 0 0 3 0 0 3 52 0 0 0 0 0 3 3 0 2 0 0 0 0 0 3 0 0 0 0 14 16 0 0 0 0 6 38 0 0 0 0 0 0 0 0 38 0 0 0 0 0 28 2 0 0 0 0 32 15 0 0 0 0 22 32 0 0 0 0 0 0 0 0 0 0 0 0 0 0 0 0 0 0 0 0 0 0 0 0 0 0 0 0 0 0 0 0 0 0 0 0 0 0 0 0 0 0 0 0 1 11 0 0 0 0 0 29 0 0 0 0 0 0 0 0 0 0 0 0 0 0 21 7 18 0 0 4 25 30 0 0 0 0 34 29 0 0 0 0 0 0 0 0 0 0 0 0 0 0 0 0 0 0 0 0 0 0 0 0 1 0 0 0 0 0 0 0 0 0 0 11 0 0 0 0 0 0 0 0 0 10 0 0 5 4 0 6 0 0 0 0 0 0 0 0 0 0 0 0 0 0 0 14 0 0 0 0 0 0 0 0 0 0 0 0 0 0 0 0 0 0 0 0 0 0 
 910 82 106 70 60 38 0 53 57 124 263 94 462 373 50 30 11 36 60 356 0 90 0 0 2 0 2 2 0 2 0 0 3 2 0 2 0 0 0 0 0 2 0 0 0 2 3 0 0 2 2 1 0 0 0 0 0 0 0 0 3 0 0 3 0 0 0 0 0 0 2 6 0 2 0 0 0 0 0 2 54 35 20 0 0 0 74 34 2 0 0 2 0 24 58 0 0 0 1 0 0 2 0 0 0 0 0 0 2 0 0 0 0 0 0 0 0 11 1 0 0 2 0 0 0 0 0 0 0 1 0 1 0 0 0 0 18 0 0 1 2 0 0 0 0 2 0 2 0 0 2 0 0 0 0 0 0 0 0 2 34 20 2 0 0 0 6 27 17 24 0 0 19 41 18 11 17 0 13 18 0 0 0 0 0 1 0 0 0 0 2 0 0 0 0 0 0 0 0 0 0 0 6 0 0 0 0 0 0 2 0 0 0 0 0 0 0 0 0 2 0 0 0 0 0 0 0 0 0 0 0 0 0 0 3 0 2 2 0 0 0 1 0 0 0 2 0 0 0 2 0 20 0 0 0 0 0 0 0 0 0 0 0 0 0 35 0 0 0 0 0 0 0 0 0 0 0 0 0 0 0 0 0 0 0 0 0 0 0 0 
 408 389 96 364 70 32 53 0 73 34 32 47 95 595 452 42 54 32 42 30 0 76 0 0 0 0 0 3 1 2 0 0 3 1 37 4 0 0 0 0 0 2 0 0 0 2 2 0 0 1 2 0 0 0 0 0 1 0 0 0 2 0 0 3 0 0 0 0 0 0 12 3 0 2 0 0 1 0 0 3 14 45 29 24 5 0 0 43 41 30 0 0 0 17 49 36 40 14 0 0 0 0 0 0 0 0 0 0 0 0 0 0 0 0 4 0 0 0 0 0 0 6 0 7 0 0 0 0 0 0 0 0 0 1 0 0 0 0 0 0 0 0 0 0 0 31 0 4 0 0 0 0 0 0 0 0 0 0 0 0 12 24 27 0 0 14 0 7 5 28 19 0 0 0 9 52 1 0 2 0 0 0 0 0 0 0 0 0 0 1 0 0 0 0 0 0 0 0 0 0 0 0 0 0 0 0 1 0 0 0 0 0 0 0 0 0 0 0 0 0 0 0 0 0 0 0 0 1 0 0 0 0 0 0 0 0 0 0 0 0 0 0 0 0 0 0 0 2 0 0 0 0 0 0 0 0 0 0 0 0 0 0 0 0 0 0 0 0 0 5 53 0 0 0 0 0 0 0 0 0 0 0 0 0 0 0 0 0 0 0 
 62 530 224 335 82 72 57 73 0 461 54 60 96 129 349 516 251 415 64 68 1 0 0 0 0 0 0 2 0 1 0 0 3 2 0 2 0 1 0 0 0 2 0 4 3 2 2 0 0 1 2 0 0 0 0 0 1 0 0 0 2 0 0 3 0 0 0 0 0 0 7 3 0 2 0 0 0 0 1 3 0 1 27 41 1 0 2 18 10 15 16 0 0 2 20 22 40 60 0 0 0 0 0 0 0 0 0 2 0 0 0 0 0 0 0 0 0 0 0 0 0 0 0 0 0 0 0 0 0 0 0 0 0 0 0 0 0 0 0 0 0 0 0 0 0 1 1 1 0 0 0 0 1 0 0 0 0 0 0 2 0 1 12 39 18 18 1 12 3 9 25 26 0 0 7 12 17 67 12 0 0 0 0 0 0 0 0 0 0 0 0 0 3 0 0 0 1 0 28 0 0 1 0 0 0 0 0 0 0 0 0 0 2 0 0 0 0 0 0 0 0 0 0 0 0 0 0 0 0 0 0 0 0 0 0 0 0 0 0 0 0 16 0 0 0 1 2 0 2 2 1 6 15 0 0 0 0 0 0 0 0 0 6 0 0 0 0 0 0 0 0 0 0 0 0 18 10 31 0 0 0 0 0 0 0 0 0 0 0 0 
 50 347 393 460 93 50 124 34 461 0 701 80 267 87 91 458 624 389 67 66 6 0 0 0 0 0 0 2 0 0 0 0 3 3 0 1 0 1 0 0 0 2 0 0 0 2 3 0 0 3 2 0 0 0 0 0 0 0 0 0 3 0 0 17 0 0 46 0 0 0 9 3 0 2 0 2 0 0 0 2 0 0 19 34 13 10 0 1 44 18 44 26 2 0 19 15 21 52 0 0 0 0 0 0 0 0 0 0 16 0 2 0 0 0 0 0 0 0 0 1 0 0 2 0 0 0 2 2 0 0 0 0 0 0 0 0 16 12 0 0 0 0 0 0 0 1 0 1 1 2 0 0 0 0 0 0 0 0 2 0 0 1 29 29 32 1 0 2 0 10 31 38 0 0 16 12 31 35 0 0 2 0 0 0 2 0 0 0 0 0 0 0 0 0 0 0 0 0 0 0 0 0 0 1 0 0 0 0 0 0 0 0 0 0 0 0 0 0 1 0 0 0 0 0 0 0 0 0 0 0 0 0 0 0 0 0 0 0 0 0 0 14 0 0 0 3 175 0 1 181 0 20 15 0 0 0 0 0 0 0 87 0 6 0 0 0 0 0 0 0 0 0 0 0 0 21 10 13 0 0 0 0 0 0 0 0 0 0 0 0 
 41 36 274 133 105 95 263 32 54 701 0 410 33 36 69 82 292 415 45 46 0 0 2 0 3 0 0 2 0 0 0 3 6 2 0 1 3 3 0 0 0 2 0 0 3 3 3 0 0 3 2 0 0 0 2 0 1 1 0 0 2 1 0 10 0 0 3 0 0 3 3 5 3 2 0 0 0 0 0 5 0 0 3 22 45 29 0 0 11 8 31 50 2 0 0 3 0 11 0 9 0 0 0 0 0 0 0 0 0 0 2 0 1 0 0 0 0 0 0 0 0 0 2 0 0 0 2 0 0 0 0 10 0 0 0 0 0 0 0 0 0 2 0 0 25 0 0 0 0 1 0 0 0 0 0 0 0 0 2 2 0 0 7 38 39 0 0 0 0 1 19 29 0 0 7 2 1 26 0 0 0 0 13 0 3 0 0 21 0 0 0 0 13 0 2 0 0 0 31 1 0 0 0 0 0 0 0 0 0 0 0 1 0 0 0 0 0 0 1 0 0 0 0 0 0 0 0 0 0 0 0 0 0 0 0 0 0 0 0 0 0 1 0 0 0 1 99 1 0 10 0 21 0 0 0 0 0 0 0 0 0 0 1 0 0 0 0 0 0 0 0 0 0 0 0 8 16 20 0 0 0 0 0 0 0 0 0 0 0 0 
 34 48 28 409 328 81 94 47 60 80 410 0 36 63 41 32 89 86 34 30 2 1 0 0 0 2 0 2 2 0 1 2 3 2 0 0 0 2 0 0 0 2 4 0 0 3 5 1 2 2 2 0 0 0 0 0 0 0 3 0 3 0 0 7 0 0 0 0 0 0 3 3 0 5 0 0 0 0 0 56 0 0 0 11 54 56 1 0 2 0 59 46 1 0 2 0 0 3 0 0 0 0 0 0 0 0 3 1 0 0 0 0 39 0 0 0 0 0 11 21 0 0 0 0 0 0 0 0 0 0 0 0 5 0 0 0 0 0 0 0 0 0 0 0 0 0 0 0 0 0 0 0 2 0 0 0 0 0 0 1 0 0 0 3 31 49 0 0 0 0 16 21 0 0 0 0 0 0 0 0 7 0 0 0 0 0 0 0 0 0 0 0 30 0 0 0 0 0 38 12 0 0 0 0 0 0 0 0 0 0 0 0 1 0 0 0 0 0 0 0 0 0 10 0 2 0 0 0 0 0 0 0 0 0 0 0 0 0 0 0 0 0 0 0 0 4 178 1 5 179 0 11 3 0 0 0 0 0 1 0 0 0 0 0 0 0 0 0 0 0 0 0 0 0 0 4 0 0 0 0 0 0 0 0 0 0 0 0 0 0 
 41 54 71 84 80 39 462 95 96 267 33 36 0 82 43 34 21 61 446 186 0 2 0 0 0 0 0 4 0 1 0 0 3 2 0 125 0 0 0 0 0 64 0 0 0 3 3 0 0 3 2 0 0 0 0 0 0 0 5 0 3 1 0 3 0 0 0 0 0 0 2 7 0 2 40 4 0 0 0 2 69 10 1 0 0 0 37 1 0 0 0 0 32 11 32 0 0 0 9 29 0 0 0 0 14 0 0 0 0 0 0 0 0 0 17 0 0 0 0 0 0 0 0 0 0 0 0 0 0 0 0 0 0 0 0 0 0 2 0 0 0 0 0 0 0 0 0 1 0 0 0 0 0 24 0 0 0 0 0 0 34 0 0 0 0 0 39 34 15 0 0 0 21 52 21 0 11 0 27 29 0 0 11 0 0 0 0 0 0 0 17 0 0 0 0 0 0 0 0 0 12 0 0 0 0 0 0 0 0 0 0 0 9 0 0 0 0 0 0 0 0 0 0 0 0 0 0 0 0 0 0 0 0 55 0 0 0 0 0 0 0 0 0 0 0 0 0 1 0 0 1 7 0 0 0 0 0 0 25 0 0 0 0 0 0 0 0 0 0 0 2 0 0 0 0 0 0 0 0 0 0 0 0 0 0 0 0 0 0 0 
 353 69 61 79 287 248 373 595 129 87 36 63 82 0 413 259 38 38 74 187 0 0 0 0 0 1 2 6 0 3 1 0 76 3 0 1 1 0 0 0 0 2 0 0 18 103 3 0 0 3 2 0 0 0 6 0 0 0 0 0 3 0 0 3 17 0 0 0 2 0 2 3 0 3 0 0 0 0 0 2 36 39 26 24 0 0 11 15 74 9 0 3 0 20 21 20 0 1 1 0 0 0 0 0 0 0 0 0 0 0 0 0 0 0 0 0 0 0 0 0 0 0 0 0 0 0 0 0 0 0 0 0 0 0 0 0 0 0 0 0 0 0 0 0 0 13 0 7 0 0 0 0 0 0 13 0 0 0 0 0 14 26 21 0 0 2 0 51 41 28 0 0 0 33 8 7 13 1 2 0 0 0 0 0 0 0 0 0 0 0 0 0 0 0 0 2 0 0 0 0 0 0 0 0 0 0 1 0 0 0 0 0 0 0 0 13 0 0 0 0 0 0 0 0 0 0 0 1 0 0 2 0 0 0 0 0 0 0 0 0 0 0 0 0 0 0 0 0 3 2 2 10 0 0 1 0 0 0 0 0 0 0 1 0 0 0 0 0 0 0 0 0 0 0 0 0 0 1 0 0 0 0 0 0 0 0 0 0 0 0 
 398 379 60 73 89 251 50 452 349 91 69 41 43 413 0 455 52 40 404 76 4 73 0 2 0 1 2 2 2 3 0 0 2 5 3 2 0 4 0 6 0 2 0 3 0 7 3 2 3 6 4 0 0 0 3 0 3 3 0 5 3 3 0 3 2 0 0 3 0 0 6 3 1 2 0 0 0 3 0 1 18 39 58 16 0 0 2 45 41 12 0 0 0 10 44 35 25 42 0 0 0 0 0 0 0 0 11 1 0 0 0 0 0 0 0 0 0 0 0 0 0 0 0 0 0 0 0 0 0 0 0 0 0 0 0 0 0 0 10 0 0 0 0 0 0 2 2 8 0 0 0 0 2 0 1 0 0 0 0 1 1 33 9 13 0 23 2 7 10 21 15 0 0 0 12 17 11 2 0 0 0 0 0 0 0 0 0 0 0 0 0 0 2 0 0 0 1 0 0 0 0 0 0 0 0 0 0 0 0 0 0 0 1 0 0 0 0 0 0 0 0 0 0 0 2 0 5 7 0 0 0 0 2 0 0 0 0 0 0 0 0 1 0 0 0 2 0 0 1 1 0 9 0 0 0 0 0 0 0 0 0 0 0 0 0 19 0 0 0 0 0 0 0 0 0 0 0 0 0 0 0 0 0 0 0 0 0 0 0 0 
 29 306 202 50 61 72 30 42 516 458 82 32 34 259 455 0 308 374 41 92 0 0 0 0 0 0 0 2 0 2 0 0 3 3 0 2 0 0 0 0 0 2 0 1 0 2 30 0 0 2 84 0 2 0 63 0 0 2 0 0 3 0 0 3 0 0 0 0 50 0 13 3 1 2 49 0 0 0 0 2 0 0 28 44 0 0 0 13 15 20 12 1 0 0 25 41 54 59 0 0 0 0 0 0 0 0 0 0 0 0 0 0 0 0 0 0 0 0 0 17 0 0 0 0 0 0 0 0 1 0 0 0 0 0 0 0 0 0 0 0 0 0 0 0 3 0 20 0 0 0 0 0 0 0 0 0 0 0 0 0 0 0 23 34 8 27 0 15 0 16 44 12 0 0 17 38 45 23 7 0 0 0 0 0 0 0 0 0 0 0 0 0 1 0 0 0 0 0 1 0 0 0 0 0 0 0 0 0 0 0 0 0 0 0 0 7 0 0 0 0 0 0 0 0 0 0 0 0 0 0 0 0 0 0 0 0 0 0 11 0 0 7 0 0 0 1 5 0 4 2 0 2 11 0 0 0 0 0 0 0 1 0 8 0 0 0 0 0 0 0 0 0 0 0 0 18 10 17 0 0 0 0 0 0 0 0 0 0 0 0 
 238 131 403 248 52 101 11 54 251 624 292 89 21 38 52 308 0 585 43 18 0 2 0 1 0 0 0 2 0 72 0 0 3 2 2 3 0 82 0 0 0 2 0 0 0 2 3 0 0 2 2 4 0 0 0 63 0 0 0 0 3 0 0 3 0 0 0 0 0 0 11 3 0 2 0 0 3 3 5 3 0 2 16 30 21 15 0 0 11 18 36 11 0 0 0 51 48 38 0 0 0 0 0 0 8 0 0 0 0 0 0 0 0 0 0 0 14 0 0 0 0 0 0 0 0 0 0 0 0 0 0 0 0 0 0 0 0 0 0 16 0 0 0 0 0 0 1 0 0 0 0 0 0 0 0 0 0 0 0 0 0 0 29 29 6 0 0 0 0 29 96 16 0 0 6 40 27 30 0 0 0 0 0 0 0 0 0 0 0 0 0 0 0 0 0 0 0 0 0 0 0 0 0 0 0 0 0 0 0 0 0 0 0 0 0 0 0 0 0 0 0 0 0 0 0 0 0 0 0 0 0 0 0 0 0 0 0 0 0 0 0 18 0 0 0 0 196 1 2 1 0 4 12 0 0 0 0 0 0 0 0 0 10 0 0 0 0 0 0 0 0 0 0 0 0 27 9 10 0 0 0 0 0 0 0 0 0 0 0 0 
 35 33 494 411 60 50 36 32 415 389 415 86 61 38 40 374 585 0 267 31 0 0 0 0 0 85 0 2 2 0 0 0 67 1 0 3 0 5 0 0 0 2 0 0 0 2 3 0 0 0 2 0 4 0 0 4 2 0 4 0 2 0 0 6 6 4 0 1 0 0 4 3 0 2 0 0 2 0 46 3 0 0 18 37 15 17 0 0 3 22 48 25 0 0 0 14 26 69 0 0 0 0 0 0 0 0 0 0 0 2 0 13 0 0 0 0 0 0 0 0 0 0 0 0 0 0 0 0 0 0 0 11 0 0 0 0 0 0 0 0 0 0 0 0 0 0 0 0 0 0 0 0 0 0 0 0 0 0 0 0 0 0 56 19 29 0 0 0 0 10 35 61 0 0 6 12 31 27 0 0 0 0 0 0 0 6 0 20 0 0 0 0 0 0 0 0 0 0 0 0 0 0 0 0 0 0 16 0 0 0 0 0 0 0 0 0 0 0 0 0 0 0 0 0 0 0 0 0 0 0 0 0 0 0 0 0 0 0 0 0 0 14 0 0 0 0 204 0 1 180 0 7 14 0 0 0 0 0 0 0 0 0 6 0 0 0 0 0 0 0 0 0 0 0 0 31 4 13 0 0 0 0 0 0 0 0 0 20 0 0 
 34 43 33 59 60 45 60 42 64 67 45 34 446 74 404 41 43 267 0 347 2 2 0 0 0 0 0 0 0 2 0 0 2 0 5 11 0 73 0 0 2 0 1 0 0 15 0 3 1 2 2 4 0 2 0 0 6 3 1 0 0 0 2 0 0 0 0 0 0 0 0 0 0 0 0 0 0 0 2 0 17 3 0 0 0 0 49 0 0 2 0 0 41 18 0 0 0 0 58 42 0 0 0 0 30 0 0 0 0 0 18 0 0 0 0 15 0 0 0 0 0 0 0 7 0 0 46 0 0 0 0 0 0 0 0 0 0 0 0 0 0 0 7 0 0 0 17 0 0 0 0 0 0 0 0 0 0 0 0 0 14 0 0 0 0 1 31 1 2 0 0 0 33 27 15 0 0 0 22 64 0 0 0 0 0 0 0 0 0 0 0 0 0 0 0 0 0 0 0 0 0 0 0 0 0 8 7 8 0 0 18 0 0 0 0 1 0 0 0 0 0 0 0 2 0 0 0 0 0 0 0 0 0 1 0 0 0 0 0 0 0 0 0 0 0 1 0 0 0 0 0 2 0 0 0 0 0 0 0 0 0 0 0 0 0 0 0 0 0 0 0 0 0 0 0 0 0 0 0 0 0 0 0 0 0 0 0 0 0 0 
 144 20 33 47 494 43 356 30 68 66 46 30 186 187 76 92 18 31 347 0 0 0 0 0 0 0 0 2 0 1 23 0 3 4 0 1 0 78 0 0 0 2 0 0 65 2 3 0 0 3 2 0 0 0 0 0 0 0 0 0 3 0 0 4 0 0 0 0 0 0 54 4 0 5 0 0 0 0 0 1 70 31 22 0 0 0 66 10 0 0 0 0 35 22 40 6 0 0 6 36 0 0 0 0 0 0 1 0 0 0 0 0 0 0 0 0 0 0 0 0 0 0 0 0 0 0 0 0 0 0 1 0 0 0 1 0 0 0 1 0 0 0 2 0 0 0 0 4 0 0 0 0 0 0 0 0 0 0 0 0 50 66 0 0 0 0 21 32 18 0 0 0 31 54 71 1 13 0 27 29 0 0 0 0 0 0 0 0 0 0 0 0 0 0 0 1 0 0 0 0 0 0 0 0 0 0 0 0 0 0 0 0 0 0 1 0 0 0 0 0 0 0 2 0 0 0 0 0 2 0 0 0 0 0 0 0 0 0 2 0 0 0 0 0 2 1 0 0 0 0 0 7 0 0 0 0 0 0 0 0 0 0 0 0 0 0 0 0 0 0 0 0 0 0 0 0 0 0 0 0 0 0 0 0 0 0 0 0 0 0 
 1 0 1 0 0 0 0 0 1 6 0 2 0 0 4 0 0 0 2 0 0 128 74 60 55 39 318 499 124 122 97 39 39 309 351 41 31 133 264 207 0 0 202 0 0 0 18 0 1 6 0 1 0 2 3 0 0 0 3 0 45 2 0 0 0 0 0 2 0 0 6 3 0 2 2 58 0 0 0 0 0 0 1 0 0 0 0 0 0 0 6 0 0 0 0 0 0 0 0 16 43 33 53 0 2 0 13 27 8 28 13 1 0 25 29 75 7 2 0 18 0 0 0 0 0 2 0 0 0 0 0 0 0 0 0 0 0 0 0 0 0 0 0 0 0 0 0 0 0 0 0 0 0 0 0 0 0 0 0 0 0 1 0 2 0 0 6 0 0 0 0 0 0 0 0 0 0 1 0 0 54 34 16 0 0 0 0 38 30 12 0 0 0 14 19 41 15 0 0 15 0 0 1 0 0 0 0 0 2 0 2 0 0 0 0 0 0 0 1 0 0 0 0 0 0 0 0 0 0 0 0 1 0 0 0 0 0 0 0 0 0 0 0 0 0 0 0 0 0 0 0 0 0 0 6 1 0 0 0 0 0 0 0 0 0 0 12 0 0 0 0 0 0 0 0 0 0 0 0 0 0 0 0 0 0 0 0 0 0 0 
 23 75 0 0 4 0 90 76 0 0 0 1 2 0 73 0 2 0 2 0 128 0 323 30 47 40 139 308 436 35 94 154 27 66 297 135 205 38 165 41 0 0 0 0 0 0 1 0 1 0 0 35 0 2 3 0 1 0 3 0 0 2 6 0 0 0 0 1 0 7 0 3 58 2 2 3 2 0 0 0 18 11 0 0 0 0 0 0 0 18 0 0 0 9 31 37 2 0 1 0 0 9 55 25 0 0 0 30 4 38 49 58 0 0 8 15 24 11 0 0 0 0 0 0 0 0 0 0 0 0 0 0 0 0 1 0 0 0 0 0 0 0 0 0 0 0 0 0 0 0 0 12 0 0 0 0 0 0 7 0 0 0 0 0 0 0 0 0 0 0 0 0 0 0 0 0 2 18 0 0 13 0 66 1 0 0 1 30 22 59 21 42 0 0 3 14 34 29 0 0 0 0 0 0 0 0 0 0 0 0 0 0 0 0 0 0 0 0 0 0 0 0 0 0 0 0 0 14 2 0 0 0 0 0 0 0 0 0 2 0 0 0 0 0 0 0 0 0 0 0 0 0 0 0 15 0 1 0 0 0 0 0 0 0 0 0 19 0 0 0 0 0 0 0 0 0 0 0 0 0 0 13 0 0 0 0 0 0 0 0 
 5 0 0 0 2 81 0 0 0 0 2 0 0 0 0 0 0 0 0 0 74 323 0 79 269 26 87 110 323 272 248 235 71 60 80 124 241 600 237 30 0 0 0 0 0 0 4 0 2 0 0 4 3 4 3 0 38 0 2 0 0 0 6 0 0 0 0 0 0 14 0 3 0 0 2 3 0 0 0 0 0 0 0 0 0 0 0 0 7 23 0 0 0 0 0 0 0 0 0 0 0 1 11 36 8 1 0 8 26 14 51 37 0 0 0 16 33 61 0 0 0 0 0 0 0 0 0 0 0 0 0 0 1 0 0 0 0 0 0 0 0 0 0 0 0 0 0 0 0 0 0 4 0 0 0 1 0 0 6 22 0 0 0 0 0 0 1 0 0 0 0 3 0 0 0 0 0 0 0 0 0 0 39 27 21 36 0 0 22 12 36 27 0 3 12 9 41 56 0 0 0 0 0 0 0 0 0 0 0 0 0 0 0 0 0 0 0 17 1 0 0 0 0 0 0 0 0 0 0 0 0 0 0 0 0 0 0 0 0 0 0 0 8 0 0 0 0 0 0 0 0 0 0 0 9 0 0 2 2 0 15 20 0 0 0 0 0 0 0 0 0 0 0 0 0 0 0 0 0 0 0 43 0 0 0 0 28 0 0 0 
 80 0 2 0 0 0 0 0 0 0 0 0 0 0 2 0 1 0 0 0 60 30 79 0 77 35 85 75 305 323 105 364 71 120 72 48 283 327 78 49 0 0 0 0 0 0 2 0 2 0 0 0 16 2 3 0 1 1 2 0 0 1 0 0 0 0 0 53 0 0 0 3 0 2 2 3 0 0 0 2 0 0 0 0 0 0 0 0 0 0 0 0 0 0 0 0 0 0 0 0 0 0 20 24 86 26 0 0 0 23 0 30 0 0 0 0 16 34 0 0 0 0 0 1 0 0 0 0 0 2 0 0 13 0 0 0 0 8 0 0 0 0 0 0 0 0 0 0 0 0 0 0 0 0 0 0 0 0 1 0 1 0 0 0 0 0 0 0 0 0 0 0 0 0 0 0 0 0 0 0 0 0 0 38 41 25 0 1 0 9 20 33 0 0 0 10 6 68 0 0 0 0 0 2 0 0 2 0 0 0 0 0 0 0 0 0 0 0 3 1 0 0 0 0 0 0 0 0 0 0 0 0 0 0 0 0 0 0 0 0 0 0 11 0 0 0 0 0 0 0 0 0 0 0 0 0 1 44 101 4 1 25 0 0 0 0 0 0 0 0 0 0 0 0 0 0 0 0 0 0 0 47 0 0 2 0 15 0 0 0 
 3 0 4 1 0 0 2 0 0 0 3 0 0 0 0 0 0 0 0 0 55 47 269 77 0 376 275 274 84 81 94 369 487 69 154 46 259 49 383 50 0 0 0 0 0 0 1 0 1 0 0 0 6 2 3 0 0 0 10 1 0 43 51 0 0 0 0 0 0 0 1 2 0 2 2 3 0 0 0 76 0 0 0 0 0 0 2 0 0 0 0 0 0 0 0 0 0 0 0 2 0 1 0 0 40 51 0 0 0 0 0 0 0 0 0 0 0 0 0 0 0 1 0 0 0 0 11 0 0 0 0 0 25 0 0 0 0 0 27 5 0 0 0 0 0 0 0 0 0 0 0 0 0 0 0 0 0 0 0 0 0 0 0 0 0 0 0 0 0 1 0 0 0 0 0 0 0 0 2 0 0 0 0 15 86 23 0 0 0 0 0 0 0 0 0 1 1 0 12 0 31 0 0 0 0 0 0 0 0 0 0 0 37 3 1 0 0 0 20 34 0 0 0 1 0 1 0 0 0 0 0 0 0 16 0 0 0 0 0 0 0 0 0 0 0 0 0 0 0 0 0 0 2 0 4 0 3 2 4 4 7 0 0 0 0 0 1 0 0 2 0 0 0 0 0 0 0 0 0 0 0 0 0 0 0 0 0 0 0 0 
 3 0 8 1 0 1 0 0 0 0 0 2 0 1 1 0 0 85 0 0 39 40 26 35 376 0 44 248 58 54 297 260 98 74 44 76 56 53 48 46 0 0 0 0 0 0 181 2 1 0 0 0 0 2 3 0 1 0 202 0 0 1 0 0 0 6 0 2 0 0 0 3 0 2 2 3 0 0 0 0 0 0 1 0 0 0 0 0 0 0 0 0 0 0 0 0 0 0 0 0 0 0 0 0 2 19 0 0 0 0 2 0 0 0 0 0 0 0 0 0 1 0 0 0 0 0 32 4 0 0 0 0 32 8 11 0 0 0 49 35 0 0 0 21 0 0 0 0 0 0 0 0 0 0 0 0 0 0 0 0 0 1 0 2 1 0 1 0 26 3 0 0 0 0 22 0 0 20 0 0 0 0 0 0 29 20 0 0 0 0 0 0 0 0 0 0 0 0 0 0 42 0 0 0 0 0 88 0 2 0 2 0 63 25 39 0 0 1 30 30 0 0 0 0 0 0 0 0 0 0 0 1 0 0 0 1 0 0 0 0 0 0 0 0 0 0 0 0 0 0 0 0 0 0 10 0 6 0 0 2 1 0 0 0 0 0 0 0 0 0 0 0 0 0 0 0 0 0 0 0 0 0 0 0 0 0 0 0 0 0 
 0 0 2 0 0 0 2 0 0 0 0 0 0 2 2 0 0 0 0 0 318 139 87 85 275 44 0 60 101 44 48 44 360 744 115 114 104 102 133 214 49 0 0 62 0 0 1 0 50 0 0 5 0 2 3 0 0 0 3 0 0 2 2 0 0 0 0 0 0 0 0 2 0 2 2 3 0 0 0 0 2 0 2 0 0 0 0 0 0 0 0 0 0 0 0 0 0 0 0 0 36 14 0 14 1 1 6 1 26 27 22 1 0 26 52 16 15 19 20 1 0 0 0 0 0 0 0 0 7 0 0 0 0 0 9 0 0 0 0 0 0 0 0 0 0 0 0 0 0 0 0 0 2 0 0 0 0 0 0 0 0 0 0 0 2 0 0 0 0 0 0 0 0 0 0 0 0 5 0 0 36 22 8 15 0 2 25 0 54 3 9 19 8 21 29 30 0 2 0 11 0 0 0 0 0 0 0 0 1 1 0 0 0 4 9 0 0 2 2 0 0 0 0 0 0 0 0 0 0 2 0 0 0 0 0 2 1 0 1 0 0 0 8 0 0 0 0 0 0 0 0 0 0 0 12 0 0 0 1 2 3 0 0 0 0 0 0 0 0 0 0 0 0 0 0 0 0 0 0 0 0 21 0 0 0 0 0 0 0 0 
 6 2 4 2 2 2 2 3 2 2 2 2 4 6 2 2 2 2 0 2 499 308 110 75 274 248 60 0 163 41 33 67 86 438 245 329 34 49 66 52 0 0 21 0 0 0 1 0 1 0 0 2 0 2 3 0 0 0 3 0 25 2 26 0 0 0 0 2 0 7 0 3 0 2 2 3 25 1 0 0 0 0 0 0 0 0 0 0 0 0 0 0 0 0 0 0 0 0 1 0 0 55 38 19 0 0 0 60 41 20 39 13 0 30 31 44 17 30 1 0 0 0 0 0 0 0 0 0 0 0 0 0 0 0 1 0 0 0 0 0 0 7 0 0 2 0 0 0 0 0 0 3 0 0 0 0 0 33 1 0 0 0 0 0 0 0 6 0 0 0 0 3 0 0 0 0 0 0 0 0 29 17 36 0 0 26 0 24 91 10 12 1 0 10 31 36 50 38 2 0 0 11 0 0 0 0 0 0 0 0 0 0 0 0 2 0 0 0 0 0 0 0 0 0 0 0 0 0 2 0 0 0 0 12 0 0 0 0 2 0 0 0 0 0 0 0 0 0 0 0 0 0 0 0 15 0 0 0 0 0 20 0 0 0 0 0 6 0 0 0 0 0 0 0 0 0 0 0 0 0 0 0 0 2 0 0 0 0 0 23 
 7 0 3 0 0 2 0 1 0 0 0 2 0 0 2 0 0 2 0 0 124 436 323 305 84 58 101 163 0 263 42 39 69 104 200 225 399 285 78 248 0 2 3 0 3 0 1 0 1 3 0 1 0 2 3 0 1 0 3 3 0 1 16 2 0 0 0 0 3 9 11 5 0 2 2 3 27 50 0 1 0 1 11 0 0 0 0 1 0 0 2 0 0 1 0 0 0 0 0 0 0 24 9 38 3 1 0 8 17 16 62 61 0 0 3 11 24 60 0 0 0 0 0 0 0 0 0 0 0 0 0 0 0 0 0 0 0 0 0 0 0 0 0 0 0 0 0 0 0 0 0 3 0 0 0 11 0 0 2 0 0 0 0 0 0 0 13 0 0 0 0 6 0 0 0 0 0 0 1 0 1 10 42 29 13 58 0 0 27 51 37 36 0 13 12 33 32 44 0 0 0 0 2 0 0 0 0 0 0 0 0 0 0 2 0 0 0 0 0 0 0 0 0 14 0 0 0 0 0 0 0 0 0 14 0 0 0 0 0 0 0 0 7 0 0 0 0 0 0 0 0 0 0 0 7 0 1 2 2 2 21 12 0 0 0 0 0 0 0 0 0 0 0 0 0 0 0 0 0 0 0 32 0 0 0 0 21 0 0 0 
 2 1 4 73 0 0 2 2 1 0 0 0 1 3 3 2 72 0 2 1 122 35 272 323 81 54 44 41 263 0 317 49 44 87 107 173 362 138 75 83 0 0 0 84 0 0 1 1 52 0 0 0 0 2 3 0 3 0 3 0 0 2 10 0 0 0 0 2 0 2 0 6 0 2 2 3 0 0 1 0 2 0 2 0 0 0 0 0 0 0 0 0 0 0 0 0 0 0 0 0 0 1 0 18 22 1 0 0 6 0 23 28 0 0 0 0 14 8 13 0 0 0 0 0 0 1 0 0 0 0 0 0 0 0 0 0 0 0 0 0 0 0 0 0 0 0 0 0 0 0 0 3 0 0 0 0 0 0 6 0 0 2 10 1 0 0 3 0 0 0 0 1 0 0 0 0 0 0 0 0 0 0 26 50 22 23 0 0 1 44 17 76 0 1 61 0 31 7 0 0 0 0 0 0 0 0 0 0 1 0 1 0 0 4 0 0 0 0 2 0 0 0 0 0 0 0 0 0 0 0 0 2 0 0 0 0 0 0 0 0 0 0 0 0 0 1 0 0 2 0 0 0 0 0 9 0 0 158 75 1 1 25 0 0 0 0 0 1 0 0 0 0 0 0 0 0 0 0 0 0 0 10 0 0 0 0 18 0 0 0 
 3 0 0 0 0 0 0 0 0 0 0 1 0 1 0 0 0 0 0 23 97 94 248 105 94 297 48 33 42 317 0 371 35 261 134 41 258 573 258 54 0 4 0 0 62 0 1 2 1 0 0 0 3 2 3 0 2 0 5 0 0 2 0 0 44 0 0 2 0 0 0 2 0 2 2 3 0 0 5 5 0 0 1 0 0 0 0 0 0 0 0 0 0 0 0 0 0 0 0 0 0 0 1 25 73 28 0 0 0 23 3 31 0 0 0 0 12 24 0 0 0 0 0 0 0 0 0 0 0 0 0 0 12 0 0 0 0 0 2 0 0 0 0 0 0 0 0 0 0 0 0 0 0 0 0 0 0 0 1 0 0 1 0 2 1 0 1 11 0 0 0 0 0 0 0 0 0 0 0 0 0 0 0 43 44 25 0 0 1 7 37 23 0 0 0 0 6 13 0 0 0 0 0 0 0 0 0 0 2 0 2 0 1 0 0 0 0 1 12 0 0 0 0 0 0 0 0 0 0 0 0 1 0 0 0 1 0 0 0 0 0 0 6 0 0 0 0 0 0 0 0 0 0 0 44 0 1 50 44 0 2 18 0 0 0 0 0 0 0 0 0 0 0 0 0 0 0 0 0 0 0 12 0 0 0 0 13 0 0 0 
 3 0 0 2 0 0 0 0 0 0 3 2 0 0 0 0 0 0 0 0 39 154 235 364 369 260 44 67 39 49 371 0 248 49 260 37 284 63 328 25 1 0 0 0 0 0 1 0 1 0 0 0 6 2 3 0 1 0 7 0 0 31 0 0 0 0 0 2 0 0 0 2 0 2 2 3 0 0 0 9 0 0 0 0 0 0 0 2 0 0 0 2 0 0 0 2 0 0 0 0 1 0 0 28 52 47 0 0 1 0 1 11 0 2 0 0 0 2 0 0 1 0 0 0 0 0 0 0 0 0 0 0 12 0 0 0 2 0 41 7 0 0 0 0 0 0 0 0 0 0 0 1 0 0 0 0 0 0 9 1 0 0 0 0 0 1 0 0 0 0 0 0 0 0 0 1 0 0 0 0 0 7 0 44 37 32 0 0 0 17 1 22 0 0 0 0 0 2 0 0 3 0 0 0 0 0 1 0 0 0 0 0 1 0 0 0 0 0 25 25 0 0 0 0 0 0 0 0 0 0 0 0 0 0 0 5 0 0 0 18 0 0 0 0 0 0 0 0 0 0 0 0 0 0 13 0 1 189 148 3 2 1 0 0 0 0 0 0 0 0 0 0 0 0 0 0 0 0 0 0 0 0 0 0 0 0 0 0 0 0 
 2 3 3 3 3 6 3 3 3 3 6 3 3 76 2 3 3 67 2 3 39 27 71 71 487 98 360 86 69 44 35 248 0 67 36 25 104 236 420 268 0 0 0 0 0 0 1 0 1 4 66 0 0 2 3 0 2 0 3 0 0 1 0 0 0 1 0 1 0 0 0 3 0 2 10 3 0 0 0 0 0 0 0 0 0 11 0 0 0 0 0 0 0 0 0 0 0 0 0 0 82 0 0 0 0 0 32 12 0 25 0 1 8 13 29 3 0 0 9 77 2 0 0 1 0 0 0 0 0 0 0 0 0 0 0 0 0 0 0 0 0 0 0 0 9 0 0 0 0 0 0 0 0 0 0 0 0 0 0 0 1 0 1 0 0 0 0 0 0 2 0 0 0 0 0 0 0 7 0 0 12 24 0 0 0 0 51 6 4 14 0 9 0 46 14 8 0 0 13 26 0 0 0 2 0 0 11 0 0 0 0 5 0 0 0 0 0 0 0 0 2 2 2 0 0 0 0 0 0 5 0 0 0 0 0 0 0 0 0 0 0 0 0 0 0 2 0 0 0 0 0 0 0 0 12 0 1 0 0 2 1 0 0 0 0 0 0 0 0 0 0 0 0 0 0 0 0 0 0 0 0 0 0 20 0 0 0 0 0 0 
 3 3 3 1 3 2 2 1 2 3 2 2 2 3 5 3 2 1 0 4 309 66 60 120 69 74 744 438 104 87 261 49 67 0 653 36 63 132 118 452 0 6 4 2 3 2 1 0 2 7 1 12 0 4 3 1 1 0 3 3 0 6 7 0 0 0 0 4 0 0 0 2 2 5 2 3 0 0 2 0 0 0 0 0 0 0 0 0 0 0 0 0 0 0 0 0 0 0 0 0 48 41 37 13 0 0 18 27 24 13 26 20 0 40 36 33 8 3 0 22 0 0 0 0 0 0 0 0 0 0 0 0 0 0 0 0 0 0 3 0 0 0 0 0 0 0 0 0 0 0 0 0 0 1 0 0 0 2 0 0 0 0 0 0 0 0 7 0 0 0 0 0 23 0 0 0 0 3 0 0 32 47 29 0 0 0 0 20 40 16 1 0 0 36 35 33 24 2 0 36 0 0 0 0 0 0 0 0 0 0 0 0 0 0 0 0 2 0 0 0 0 0 0 0 0 0 0 0 0 0 1 0 0 0 0 0 0 0 0 0 0 0 0 0 0 0 0 0 0 0 0 0 0 0 7 0 0 0 0 0 2 0 0 0 0 0 21 0 0 0 0 0 0 2 0 0 0 0 0 0 0 0 0 0 0 0 0 0 0 0 
 3 2 0 0 0 2 0 37 0 0 0 0 0 0 3 0 2 0 5 0 351 297 80 72 154 44 115 245 200 107 134 260 36 653 0 379 52 267 300 305 0 0 0 0 0 1 2 0 2 2 0 13 0 2 69 0 2 1 2 0 0 1 0 0 0 0 0 2 0 59 0 3 0 2 2 3 0 0 7 0 0 0 0 0 0 0 0 0 0 0 0 0 0 0 0 0 0 0 0 0 0 36 42 13 0 0 0 32 74 32 41 12 0 26 35 37 16 24 0 0 0 0 0 0 0 0 0 0 0 0 0 0 0 0 0 0 0 0 1 0 0 0 0 0 5 0 0 0 0 0 2 1 0 0 0 0 0 0 0 12 0 0 0 0 0 0 4 0 0 0 0 6 2 0 0 0 0 0 0 0 37 31 88 0 0 0 0 9 99 15 15 0 0 8 32 32 18 68 0 0 0 0 0 0 0 0 0 0 0 0 0 1 0 0 0 0 0 0 0 0 0 0 0 0 0 0 0 0 0 0 0 0 6 0 0 0 0 0 0 0 0 0 1 0 0 0 0 0 0 0 0 0 0 0 16 0 0 0 0 6 16 0 0 0 0 1 7 0 0 0 0 0 0 0 0 0 0 0 0 0 0 2 0 0 0 0 0 0 0 0 
 1 1 4 1 0 0 2 4 2 1 1 0 125 1 2 2 3 3 11 1 41 135 124 48 46 76 114 329 225 173 41 37 25 36 379 0 243 179 33 261 0 61 0 0 0 1 1 0 1 0 0 6 1 2 3 0 1 0 3 0 0 2 4 0 0 0 0 2 0 6 0 2 0 2 2 3 0 0 0 0 19 0 0 0 0 0 0 0 0 0 0 0 0 0 0 0 0 1 0 0 0 9 23 39 14 1 0 20 17 11 39 23 0 0 0 0 35 43 0 0 0 0 0 0 0 0 0 0 2 0 1 0 0 1 0 0 0 0 0 0 0 0 1 0 0 0 1 0 0 0 0 0 0 0 0 0 0 0 0 0 0 0 0 0 0 0 0 0 0 0 0 3 0 0 0 0 0 0 0 0 0 0 38 19 2 0 0 13 14 22 48 38 7 0 12 6 8 25 0 0 0 0 0 0 0 0 2 0 0 0 0 0 0 0 0 0 0 0 0 0 0 0 0 0 0 0 0 0 0 0 0 0 0 0 1 0 0 0 0 0 0 0 9 0 0 0 1 0 0 0 0 0 0 0 17 0 0 1 3 0 15 0 0 0 0 0 19 0 0 0 0 0 0 0 0 0 0 0 0 0 0 43 0 0 0 0 0 0 0 3 
 1 0 2 0 0 29 0 0 0 0 3 0 0 1 0 0 0 0 0 0 31 205 241 283 259 56 104 34 399 362 258 284 104 63 52 243 0 488 35 49 0 0 0 0 0 0 2 0 2 0 0 3 0 2 3 0 1 0 2 0 0 1 3 0 46 0 0 0 0 8 0 3 0 2 2 3 0 0 0 0 0 0 0 0 0 0 0 0 0 0 0 0 10 1 0 0 0 0 0 0 0 0 2 43 27 1 0 1 6 15 22 62 0 0 0 0 32 34 0 0 0 0 0 0 0 0 2 0 0 0 0 0 5 0 0 0 0 0 0 0 0 0 0 0 0 11 0 0 0 0 0 3 1 0 0 0 0 0 6 0 0 0 0 0 1 0 0 0 0 0 0 11 0 0 8 0 0 0 0 0 0 0 7 37 31 14 0 1 12 39 47 43 0 0 8 0 33 34 0 0 0 0 0 0 0 2 0 0 0 1 2 0 0 0 0 0 0 0 0 0 0 0 0 0 0 0 0 0 0 1 7 0 0 0 0 1 1 0 0 0 0 0 7 0 0 0 0 0 0 0 0 0 0 0 15 0 2 130 78 0 3 31 0 0 0 0 1 0 0 0 0 0 0 0 0 0 0 0 0 0 0 26 0 0 0 0 11 0 0 0 
 2 0 7 0 0 0 0 0 1 1 3 2 0 0 4 0 82 5 73 78 133 38 600 327 49 53 102 49 285 138 573 63 236 132 267 179 488 0 450 242 0 0 0 0 0 0 1 0 1 0 0 0 2 2 65 0 0 3 3 0 0 2 5 0 0 0 0 0 0 2 33 2 0 2 2 3 0 0 0 0 0 0 0 0 20 0 0 0 0 0 0 0 0 0 0 0 0 0 0 0 0 0 0 43 63 1 0 0 9 0 24 51 0 0 0 9 25 20 0 0 2 0 0 16 0 0 0 0 0 0 0 0 0 0 0 0 0 0 0 0 0 0 12 0 0 0 12 0 0 0 0 3 0 0 0 0 0 0 6 0 1 0 0 0 0 0 0 0 0 0 0 14 0 0 0 0 0 0 0 0 0 0 16 63 19 54 0 0 0 42 15 56 0 0 21 0 38 36 0 0 0 0 0 2 0 0 0 0 0 0 0 0 0 0 0 0 0 0 13 0 2 2 2 0 0 0 0 0 0 0 0 0 0 0 0 0 0 0 0 0 0 0 4 0 0 2 0 0 0 0 0 0 0 0 3 0 0 158 149 0 4 18 0 0 0 0 0 0 0 0 0 0 0 0 0 0 0 0 0 0 0 75 0 0 0 0 14 0 0 0 
 4 0 0 2 7 241 0 0 0 0 0 0 0 0 0 0 0 0 0 0 264 165 237 78 383 48 133 66 78 75 258 328 420 118 300 33 35 450 0 251 0 4 2 0 0 0 2 2 5 0 0 0 0 2 5 1 1 0 2 0 46 0 0 2 3 0 0 2 2 0 2 4 0 2 2 4 38 3 0 0 0 0 0 0 0 8 0 2 0 0 0 4 0 0 0 2 0 0 0 0 71 0 0 0 0 0 44 14 0 10 0 0 23 15 14 0 0 0 37 16 0 0 0 0 0 0 0 0 0 0 0 0 0 0 0 0 2 0 0 0 0 0 0 0 0 0 0 0 0 0 0 0 0 0 0 0 0 0 0 2 0 0 0 0 0 18 0 0 0 0 0 0 0 7 0 1 0 3 0 0 16 23 0 0 0 0 32 15 0 0 1 0 24 76 0 0 0 0 12 47 0 0 0 0 0 0 0 0 0 0 0 0 0 0 0 0 0 0 0 0 0 0 0 0 0 0 0 0 0 0 0 0 0 0 0 0 0 0 0 0 0 0 0 0 0 0 1 0 0 0 0 0 0 0 17 0 2 0 0 1 3 0 0 0 0 0 2 0 0 0 0 0 0 0 2 0 0 16 0 0 0 0 0 0 0 0 0 0 0 0 
 0 0 2 0 0 1 0 0 0 0 0 0 0 0 6 0 0 0 0 0 207 41 30 49 50 46 214 52 248 83 54 25 268 452 305 261 49 242 251 0 0 0 0 0 0 0 2 0 2 6 0 0 0 2 3 0 0 2 2 0 0 1 0 0 0 0 6 0 0 0 0 3 0 2 2 3 0 0 0 0 0 0 0 0 0 13 0 0 0 8 16 0 0 0 0 0 0 0 0 0 55 10 0 0 0 0 12 14 29 13 0 0 8 26 42 29 1 1 16 42 0 0 10 0 0 4 0 0 0 0 0 0 0 0 0 0 19 0 0 0 0 0 0 0 0 0 0 0 0 0 0 0 0 0 0 0 0 0 0 0 0 0 1 0 0 1 0 0 0 2 0 0 0 0 0 0 0 48 0 0 19 28 0 0 0 0 40 0 24 0 0 1 1 31 21 11 0 0 13 16 0 0 0 0 0 0 0 0 0 0 0 1 0 0 0 0 0 0 0 0 2 0 0 0 0 0 0 0 0 0 0 0 0 0 0 0 0 0 11 0 0 0 0 0 0 2 0 0 0 0 0 0 0 0 1 0 0 0 0 1 8 0 0 0 0 0 19 0 0 0 0 0 0 0 0 0 0 0 0 0 0 0 0 0 0 0 0 0 0 0 
 0 0 3 0 0 0 0 0 0 0 0 0 0 0 0 0 0 0 2 0 0 0 0 0 0 0 49 0 0 0 0 1 0 0 0 0 0 0 0 0 0 146 176 34 43 35 284 369 30 40 36 21 50 153 284 40 41 32 28 95 0 0 0 3 3 51 0 0 0 3 3 50 0 1 1 0 1 3 0 0 0 0 0 6 0 0 0 0 0 0 0 0 0 0 0 0 0 0 0 0 0 0 0 0 0 0 0 0 0 0 0 0 0 0 0 0 0 0 0 30 16 47 19 47 0 0 14 72 25 9 3 0 0 21 22 52 19 31 0 15 0 0 6 0 0 0 0 0 0 0 0 0 0 0 0 0 0 0 0 0 0 0 0 0 0 0 0 0 0 0 0 0 0 0 0 0 0 0 0 0 0 0 0 0 0 0 0 0 0 0 0 0 0 0 0 0 0 0 0 0 14 28 0 2 0 0 0 42 38 3 3 1 0 0 18 50 43 7 0 3 0 0 0 0 0 0 0 10 0 0 0 13 0 0 0 0 0 0 0 0 0 0 0 0 0 0 0 0 25 0 0 9 0 0 0 0 0 0 0 12 0 0 0 0 0 4 0 0 0 0 0 0 0 0 0 2 0 0 0 0 0 0 0 0 1 0 0 0 0 0 
 2 2 2 2 2 2 2 2 2 2 2 2 64 2 2 2 2 2 0 2 0 0 0 0 0 0 0 0 2 0 4 0 0 6 0 61 0 0 4 0 146 0 450 57 33 37 68 248 212 53 46 247 62 130 299 175 158 42 38 126 0 0 0 0 0 0 0 0 0 0 0 0 0 0 0 0 0 0 0 2 4 0 0 0 0 0 0 0 0 0 0 0 0 0 0 9 0 0 0 0 0 0 0 0 13 0 0 0 0 0 0 0 0 0 0 0 0 0 0 0 0 0 12 29 0 8 0 6 15 15 18 0 0 13 2 30 32 26 0 0 0 0 0 0 0 0 0 0 0 0 0 0 0 0 0 0 0 0 0 0 0 0 0 0 0 0 0 0 0 0 0 0 0 0 0 0 0 0 1 0 0 0 0 0 0 0 0 0 0 0 0 0 0 0 0 0 0 0 0 0 15 23 17 40 8 0 0 25 42 22 29 42 0 0 2 23 49 65 0 0 0 0 0 0 0 0 0 0 0 0 0 0 0 0 0 0 0 0 0 0 0 0 33 0 0 2 0 0 0 0 0 18 0 0 0 0 0 0 0 8 0 0 0 0 0 0 2 0 2 0 12 0 0 0 0 0 0 0 0 0 0 0 0 0 0 21 0 0 1 0 
 0 0 2 0 0 1 0 0 0 0 0 4 0 0 0 0 0 0 1 0 202 0 0 0 0 0 0 21 3 0 0 0 0 4 0 0 0 0 2 0 176 450 0 108 260 29 61 163 171 265 176 27 46 63 263 85 103 436 30 73 0 0 0 0 2 0 0 0 0 3 0 0 18 1 1 0 0 3 0 0 0 0 0 0 0 0 0 0 0 0 0 0 0 0 0 0 0 0 0 0 0 0 0 0 0 0 0 0 0 0 0 0 0 0 0 0 0 0 0 0 0 0 13 15 12 24 2 0 10 11 15 36 0 0 0 0 9 31 0 0 0 0 0 0 0 0 0 0 0 0 0 0 8 0 0 0 0 23 0 0 0 0 0 0 0 0 0 0 0 0 0 0 0 0 0 0 0 0 0 0 0 0 0 0 0 13 0 0 0 0 0 0 0 0 0 0 0 0 0 0 0 0 42 37 2 0 0 1 0 32 64 28 0 0 0 11 20 49 0 0 0 0 0 0 0 0 0 0 0 0 0 0 0 0 0 0 0 0 0 0 0 0 22 0 0 0 0 0 0 0 0 24 0 0 0 0 0 0 0 0 0 0 7 1 0 9 0 1 0 0 18 0 0 0 5 0 0 0 0 0 0 0 0 0 20 18 0 0 0 8 
 0 0 3 0 0 12 0 0 4 0 0 0 0 0 3 1 0 0 0 0 0 0 0 0 0 0 62 0 0 84 0 0 0 2 0 0 0 0 0 0 34 57 108 0 334 64 67 75 131 339 95 226 46 88 97 308 246 451 60 52 0 0 0 0 0 0 0 0 0 0 0 0 5 2 0 12 0 5 1 0 0 0 0 0 0 0 0 0 0 0 0 0 0 0 0 0 0 0 0 0 0 0 0 0 0 0 0 0 0 0 0 0 0 0 0 0 0 0 0 0 0 0 2 1 71 60 0 0 3 0 28 44 0 0 0 0 0 22 0 0 0 0 0 0 3 0 1 0 0 0 0 0 17 0 0 0 0 0 20 3 6 0 0 0 0 0 0 0 0 0 0 0 0 0 0 0 0 0 0 0 0 0 0 0 0 0 0 0 0 0 0 0 0 0 0 0 0 0 0 0 0 0 1 0 71 56 0 0 0 2 12 21 0 7 0 0 0 7 0 0 0 0 0 0 0 0 0 0 0 0 0 0 39 0 0 0 0 0 58 4 0 0 0 0 0 0 0 0 0 0 0 7 0 0 0 0 0 0 0 8 0 0 14 9 0 12 0 42 1 0 0 0 0 0 0 0 0 0 0 0 0 0 9 0 21 12 0 0 1 0 
 0 0 0 0 0 0 0 0 3 0 3 0 0 18 0 0 0 0 0 65 0 0 0 0 0 0 0 0 3 0 62 0 0 3 0 0 0 0 0 0 43 33 260 334 0 592 35 283 77 80 84 269 52 89 72 306 497 258 59 66 1 0 0 0 0 0 4 0 0 0 0 0 6 9 0 5 0 50 9 5 0 0 0 0 0 0 0 0 0 0 0 0 0 5 0 0 0 0 0 0 0 0 0 0 0 0 0 0 0 0 0 0 0 0 0 0 0 0 0 0 0 0 0 0 26 35 0 0 0 0 0 7 0 0 0 0 0 0 0 0 3 1 0 0 0 0 14 6 6 1 0 0 17 11 42 10 8 0 22 7 4 0 0 0 0 0 0 0 0 0 0 0 0 0 0 0 0 0 0 0 0 0 0 0 0 0 0 0 0 0 0 0 0 0 0 0 0 0 0 0 0 0 0 0 0 32 0 0 0 0 0 0 0 0 0 0 0 0 0 0 12 34 3 0 1 0 38 2 3 0 0 0 43 5 13 10 0 0 49 33 0 0 0 0 0 0 0 0 0 0 0 8 0 0 0 0 0 0 0 1 0 0 1 1 4 3 5 1 0 2 0 0 0 0 0 0 0 0 0 0 0 0 0 0 0 0 0 0 1 0 
 2 2 2 2 2 2 2 2 2 2 3 3 3 103 7 2 2 2 15 2 0 0 0 0 0 0 0 0 0 0 0 0 0 2 1 1 0 0 0 0 35 37 29 64 592 0 39 505 28 46 299 281 44 268 48 79 74 70 43 251 0 0 0 0 0 0 0 41 0 0 0 0 6 0 0 1 0 0 104 7 0 0 0 0 0 0 0 0 0 0 0 0 0 0 0 0 0 0 0 0 0 0 0 0 0 16 0 0 0 0 0 0 0 0 0 0 0 0 0 0 0 0 0 0 1 10 0 0 0 0 0 0 0 0 0 0 0 0 0 0 1 4 0 0 0 0 14 0 2 3 2 0 24 1 5 6 9 0 59 16 0 3 0 0 0 0 0 0 0 0 0 0 0 0 0 16 0 0 0 0 0 0 0 0 0 0 0 0 0 0 0 0 0 0 0 16 0 0 0 0 0 0 0 0 0 0 0 0 0 0 0 0 0 0 0 0 0 0 0 0 0 0 0 0 0 0 55 0 0 0 0 0 8 24 23 0 0 0 19 33 0 0 0 0 0 0 0 0 0 0 0 0 0 0 0 0 0 0 55 0 0 0 0 0 1 7 8 0 0 0 0 0 0 0 0 0 0 0 0 0 0 0 0 0 0 0 0 0 2 1 
 3 3 4 1 3 3 3 2 2 3 3 5 3 3 3 30 3 3 0 3 18 1 4 2 1 181 1 1 1 1 1 1 1 1 2 1 2 1 2 2 284 68 61 67 35 39 0 75 64 258 232 31 345 241 72 40 31 37 283 234 0 0 0 0 0 2 0 0 76 1 2 0 0 28 0 0 0 2 0 0 0 0 0 0 0 0 0 0 0 0 7 0 0 0 0 0 0 0 0 0 0 0 0 0 0 0 0 1 0 0 0 0 0 0 0 0 0 0 0 0 33 45 17 0 0 0 3 54 13 0 0 0 0 16 19 25 19 0 6 1 0 0 5 0 0 0 0 0 7 0 0 0 0 0 0 0 0 0 0 0 0 0 0 0 0 10 0 0 0 2 10 0 0 0 0 0 0 0 0 0 0 0 0 0 0 0 0 0 0 0 0 13 0 0 0 0 0 0 0 0 13 2 0 0 0 0 11 6 1 6 0 0 19 19 16 40 0 0 14 18 0 9 0 0 0 0 0 0 0 0 0 0 0 0 0 0 9 0 0 0 0 0 0 0 0 0 0 0 0 0 0 12 0 0 0 0 0 0 0 0 0 0 2 0 0 4 0 0 0 0 0 0 0 0 0 0 0 0 0 0 0 0 0 0 0 0 0 0 0 0 
 0 0 0 0 0 0 0 0 0 0 0 1 0 0 2 0 0 0 3 0 0 0 0 0 0 2 0 0 0 1 2 0 0 0 0 0 0 0 2 0 369 248 163 75 283 505 75 0 118 329 255 32 82 261 348 109 105 256 55 282 0 0 0 0 0 0 0 57 0 0 0 0 0 0 0 0 0 0 0 0 0 0 0 0 0 0 0 0 0 0 0 0 0 0 0 0 0 0 0 0 0 0 0 0 0 0 0 0 0 0 0 0 0 0 1 0 0 0 0 0 2 1 20 31 0 0 1 1 10 14 23 15 0 13 1 50 33 24 0 0 0 0 2 1 0 0 0 0 0 0 0 0 0 0 0 0 0 0 0 0 0 0 0 0 0 0 0 0 0 0 0 0 0 0 0 0 0 0 0 0 0 0 0 0 0 0 0 0 0 0 0 0 0 0 0 0 0 0 0 0 0 6 10 70 0 0 0 23 30 34 7 7 1 0 1 19 17 55 1 1 0 0 0 0 0 0 0 0 0 0 0 0 0 0 0 0 0 0 0 0 0 0 0 0 0 0 0 0 0 0 0 4 0 2 0 0 0 0 47 43 0 0 2 0 0 3 0 0 0 0 15 0 0 0 0 0 0 0 0 0 0 0 0 0 0 0 0 0 0 0 
 0 0 2 0 2 1 0 0 0 0 0 2 0 0 3 0 0 0 1 0 1 1 2 2 1 1 50 1 1 52 1 1 1 2 2 1 2 1 5 2 30 212 171 131 77 28 64 118 0 265 45 33 106 80 111 159 85 236 283 268 4 1 0 0 0 0 0 6 3 0 0 1 6 28 3 0 0 1 0 0 0 0 0 0 0 0 0 0 0 0 0 0 0 0 0 0 0 0 0 0 0 0 0 0 0 0 0 0 0 15 0 0 0 0 0 0 0 0 0 0 0 0 10 11 7 26 0 0 10 7 16 10 0 0 0 2 27 22 0 0 0 4 5 2 4 0 0 0 5 0 1 0 4 0 0 7 6 1 0 0 0 0 0 0 0 0 0 0 0 0 0 0 0 0 0 0 13 0 0 0 0 0 0 0 0 0 0 0 0 0 0 18 0 0 0 0 0 0 0 0 0 1 31 39 12 2 0 9 6 22 33 34 0 8 0 2 26 22 0 0 0 1 6 0 0 0 0 0 0 4 6 0 0 0 0 2 0 2 0 0 0 0 23 0 0 0 0 0 0 0 0 11 0 1 0 0 0 0 0 4 0 0 3 1 0 10 5 1 0 0 10 0 0 0 0 0 0 0 0 0 0 0 0 0 12 47 0 0 0 0 
 3 3 5 0 3 23 2 1 1 3 3 2 3 3 6 2 2 0 2 3 6 0 0 0 0 0 0 0 3 0 0 0 4 7 2 0 0 0 0 6 40 53 265 339 80 46 258 329 265 0 308 66 36 63 89 380 469 286 63 87 0 0 0 0 2 2 0 0 0 0 0 1 12 0 0 0 0 0 0 0 0 0 0 0 0 0 0 0 0 0 0 0 0 0 0 0 0 0 0 0 3 7 9 0 0 0 1 11 9 1 0 0 1 9 9 7 0 0 0 4 0 0 0 7 9 21 0 0 0 5 20 30 0 0 0 0 0 26 0 0 0 0 0 0 0 0 0 0 0 0 0 0 6 0 0 0 0 15 0 0 0 0 0 0 0 0 0 0 0 0 0 0 0 0 20 0 17 0 0 0 1 8 14 0 0 0 12 0 0 1 0 0 0 0 27 8 1 0 0 0 0 1 45 7 90 29 0 0 0 9 17 21 0 0 10 12 13 0 14 0 0 0 0 0 0 0 0 0 0 0 0 0 0 1 0 0 18 0 0 1 0 0 17 0 0 0 16 0 0 0 0 0 0 1 0 0 0 0 0 2 0 0 65 71 2 13 6 81 2 0 0 0 0 0 0 0 0 0 0 0 0 0 0 0 55 13 0 0 0 0 
 7 2 5 2 2 17 2 2 2 2 2 2 2 2 4 84 2 2 2 2 0 0 0 0 0 0 0 0 0 0 0 0 66 1 0 0 0 0 0 0 36 46 176 95 84 299 232 255 45 308 0 253 42 37 60 100 106 238 24 261 0 0 0 60 0 0 0 0 0 0 0 0 12 5 51 44 0 0 1 0 0 0 0 0 0 0 0 0 0 0 0 0 0 0 0 0 0 0 0 0 0 0 0 0 0 0 0 0 0 0 0 0 0 0 0 0 0 0 0 0 0 0 3 0 38 55 0 0 33 0 36 59 0 0 0 0 0 14 0 0 0 0 0 0 0 0 0 0 0 0 0 0 10 1 0 0 0 0 21 0 7 0 0 0 3 0 0 0 0 0 0 0 0 0 0 0 0 0 14 0 0 0 0 0 0 0 7 0 0 0 0 0 0 0 0 0 0 3 0 0 0 9 1 3 28 40 0 0 0 4 23 14 0 0 0 0 1 16 0 0 0 0 0 0 0 0 0 0 0 0 0 0 84 0 0 0 0 0 21 0 0 0 0 0 0 0 0 0 63 0 0 15 0 0 0 0 0 0 0 2 0 13 10 3 0 9 2 5 0 12 0 0 0 0 0 0 0 0 0 0 0 2 10 0 24 0 0 0 0 0 
 1 0 1 0 1 21 1 0 0 0 0 0 0 0 0 0 4 0 4 0 1 35 4 0 0 0 5 2 1 0 0 0 0 12 13 6 3 0 0 0 21 247 27 226 269 281 31 32 33 66 253 0 63 41 34 42 85 103 17 44 0 0 3 2 0 0 0 2 3 0 0 0 0 31 2 6 0 2 0 1 0 0 0 0 0 0 0 0 0 0 0 0 0 0 0 0 0 0 0 0 0 0 10 2 0 0 0 0 10 4 9 22 0 0 0 0 0 0 0 0 0 0 0 0 18 20 0 0 0 0 25 10 0 0 0 0 0 2 0 0 0 0 0 0 0 0 1 0 0 0 0 0 29 0 0 7 4 0 16 19 3 0 0 0 0 0 0 0 0 0 0 0 0 0 0 0 0 0 0 0 3 2 17 0 0 0 0 0 14 5 0 3 0 0 3 0 19 4 0 0 0 0 0 1 28 41 0 0 0 0 0 0 0 0 0 0 0 0 0 0 0 0 0 0 0 0 1 0 0 0 0 0 34 12 0 0 0 0 39 24 0 0 0 0 0 0 2 0 0 0 0 9 0 0 0 0 0 0 0 1 0 12 66 66 0 1 0 67 1 0 0 0 0 0 0 2 0 0 0 0 0 4 0 0 0 0 0 0 0 0 
 0 0 5 0 0 0 0 0 0 0 0 0 0 0 0 2 0 4 0 0 0 0 3 16 6 0 0 0 0 0 3 6 0 0 0 1 0 2 0 0 50 62 46 46 52 44 345 82 106 36 42 63 0 88 71 45 27 28 305 105 0 0 0 0 0 6 0 0 0 0 0 0 0 0 0 0 0 0 0 0 0 0 0 0 0 0 3 2 0 0 0 0 0 0 0 0 0 0 0 0 0 0 0 0 8 4 0 0 0 0 0 0 0 0 0 0 0 0 0 0 47 63 16 0 0 0 20 67 17 1 0 0 21 40 31 0 0 0 17 25 0 0 5 0 0 0 20 0 0 0 0 0 0 0 0 0 0 0 0 0 0 0 0 0 0 0 0 0 0 0 0 0 0 0 0 14 0 0 0 0 0 0 0 4 7 1 0 2 0 0 1 0 0 0 0 0 0 0 0 0 17 10 0 2 0 0 31 15 0 0 0 0 22 47 31 28 15 0 23 19 0 0 0 0 0 0 0 0 0 0 0 0 0 0 0 0 0 0 0 0 0 0 0 0 0 0 0 0 0 0 0 4 0 0 0 0 0 0 4 0 0 0 0 0 0 0 0 0 0 0 0 0 0 0 0 0 0 0 0 0 0 1 0 0 0 0 0 0 0 0 
 0 0 2 0 0 0 0 0 0 0 0 0 0 0 0 0 0 0 2 0 2 2 4 2 2 2 2 2 2 2 2 2 2 4 2 2 2 2 2 2 153 130 63 88 89 268 241 261 80 63 37 41 88 0 330 251 36 20 68 149 12 0 0 0 4 0 9 1 0 3 0 0 8 8 5 0 1 2 1 4 0 0 0 0 0 0 0 0 0 0 0 0 0 0 0 0 0 0 0 0 0 0 0 0 5 0 0 0 0 0 0 0 0 0 0 9 0 0 0 0 15 36 24 27 0 0 21 87 42 9 2 0 0 35 20 42 22 10 1 1 25 28 7 0 0 0 0 8 5 0 0 0 0 0 0 4 7 0 0 0 0 0 0 0 0 0 0 0 0 0 0 0 0 0 0 0 0 0 0 0 0 0 0 0 0 0 0 0 0 1 0 0 0 0 0 0 0 0 0 0 10 75 0 4 0 0 1 35 32 34 1 1 0 0 20 53 35 8 1 1 0 5 5 0 0 0 0 4 3 0 0 0 0 0 14 11 0 0 0 0 0 0 0 0 0 0 0 0 0 0 0 17 0 0 0 0 0 0 1 6 0 0 0 0 0 41 10 0 1 0 0 0 0 0 0 0 0 8 0 0 0 0 0 0 0 0 0 0 0 0 
 0 0 2 0 0 0 0 0 0 0 2 0 0 6 3 63 0 0 0 0 3 3 3 3 3 3 3 3 3 3 3 3 3 3 69 3 3 65 5 3 284 299 263 97 72 48 72 348 111 89 60 34 71 330 0 99 37 254 325 337 0 2 5 0 2 7 0 0 0 0 0 8 0 0 0 0 0 0 0 0 0 0 0 0 0 0 0 0 0 0 0 0 0 0 0 0 0 0 0 0 0 0 0 0 0 0 0 0 0 0 0 0 0 0 0 12 12 0 0 0 0 0 16 52 0 0 0 0 21 36 19 0 0 13 0 25 30 35 0 0 0 0 3 0 0 0 10 0 0 0 0 0 0 0 11 0 0 0 0 0 0 0 0 0 0 0 0 0 0 0 0 0 0 0 0 0 0 0 0 0 0 0 0 0 0 0 0 0 6 0 0 0 0 0 0 0 0 0 0 0 0 14 10 19 0 0 0 24 48 40 19 10 0 0 0 11 23 56 0 0 0 0 0 0 0 0 0 0 0 0 0 0 0 0 0 0 0 0 0 0 0 0 0 0 0 0 0 0 0 0 0 15 0 0 1 0 0 0 0 17 0 0 2 0 0 0 0 0 0 0 15 0 0 0 0 0 0 0 0 0 0 0 0 0 0 0 0 0 0 0 
 0 0 5 0 0 1 0 0 0 0 0 0 0 0 0 0 63 4 0 0 0 0 0 0 0 0 0 0 0 0 0 0 0 1 0 0 0 0 1 0 40 175 85 308 306 79 40 109 159 380 100 42 45 251 99 0 236 269 262 59 0 0 0 0 0 0 0 0 0 0 0 0 8 1 0 0 0 0 1 0 0 8 0 0 0 0 0 0 0 0 0 0 0 0 0 0 0 0 0 0 0 0 13 0 9 0 0 0 0 0 0 0 0 0 0 0 21 0 0 0 0 0 13 14 42 31 0 8 28 11 25 35 0 0 0 0 9 29 0 0 0 0 0 0 0 0 7 0 0 0 0 0 19 1 0 0 0 0 8 9 0 0 0 0 0 0 0 0 0 0 0 0 0 0 12 0 0 0 0 0 0 0 0 0 0 0 0 0 0 0 0 0 2 0 0 0 0 3 0 0 0 0 31 37 2 23 0 0 0 26 46 37 14 0 18 6 21 46 0 0 0 0 0 0 0 0 8 0 0 0 0 0 15 12 0 10 0 0 8 0 0 0 22 0 0 0 0 0 0 0 0 19 0 1 0 0 0 0 0 0 0 0 1 1 0 10 2 1 1 0 14 0 0 0 0 0 0 0 0 0 0 0 0 0 21 16 0 0 0 0 
 0 0 5 2 0 2 0 1 1 0 1 0 0 0 3 0 0 2 6 0 0 1 38 1 0 1 0 0 1 3 2 1 2 1 2 1 1 0 1 0 41 158 103 246 497 74 31 105 85 469 106 85 27 36 37 236 0 247 46 66 0 0 0 0 0 7 0 2 0 0 0 2 6 4 2 0 0 56 2 0 0 0 0 0 0 0 0 0 0 0 0 0 0 0 0 0 0 0 0 0 0 0 0 0 0 0 0 0 0 0 0 0 0 0 7 0 0 0 0 0 0 0 10 17 9 21 0 0 10 11 12 34 0 11 0 0 9 74 0 0 0 0 0 0 0 0 0 0 0 0 0 0 24 0 0 0 0 0 0 0 0 42 0 7 0 0 0 0 0 0 0 0 0 0 0 0 0 0 0 0 0 0 0 0 0 0 0 0 0 0 0 0 0 0 0 0 0 0 0 0 0 0 17 45 2 14 0 1 9 20 81 36 0 0 0 4 30 40 0 0 0 0 0 0 0 0 0 0 0 0 0 0 0 0 0 0 0 0 0 0 0 0 20 0 0 0 0 2 0 0 1 13 0 1 0 7 0 0 0 2 0 0 0 0 4 12 0 0 1 0 14 0 2 0 0 0 0 0 0 0 0 0 0 0 10 14 0 0 0 0 
 0 0 0 0 0 21 0 0 0 0 1 0 0 0 3 2 0 0 3 0 0 0 0 1 0 0 0 0 0 0 0 0 0 0 1 0 0 3 0 2 32 42 436 451 258 70 37 256 236 286 238 103 28 20 254 269 247 0 31 240 0 0 0 0 0 0 0 0 0 0 0 0 5 1 0 0 0 0 2 5 0 0 0 0 0 0 0 0 0 0 0 0 0 0 0 0 0 0 0 0 0 0 0 0 0 0 0 0 0 0 0 0 0 0 0 0 0 0 11 0 0 3 1 17 27 13 0 1 1 22 22 12 0 6 4 11 7 12 0 1 0 0 0 0 0 0 0 0 0 0 0 0 18 0 0 0 0 0 0 0 0 0 0 0 0 0 0 0 0 0 0 0 0 0 0 0 0 0 0 0 0 0 0 0 0 0 25 0 0 0 0 0 0 0 0 0 0 0 0 0 2 9 74 12 40 36 0 5 6 0 56 52 0 3 9 14 12 1 0 0 0 0 0 0 0 0 0 0 0 0 0 0 0 1 0 0 0 0 0 1 0 0 11 0 0 0 0 0 0 0 0 8 0 11 0 0 0 0 0 0 0 2 64 62 0 20 0 63 0 0 0 0 0 0 0 0 0 0 0 0 0 0 0 0 20 11 0 0 0 0 
 0 0 8 0 0 0 0 0 0 0 0 3 5 0 0 0 0 4 1 0 3 3 2 2 10 202 3 3 3 3 5 7 3 3 2 3 2 3 2 2 28 38 30 60 59 43 283 55 283 63 24 17 305 68 325 262 46 31 0 235 0 0 0 0 0 6 0 0 0 0 0 1 0 0 0 1 0 0 0 0 0 0 0 9 0 0 0 0 0 0 0 0 0 0 0 0 0 0 0 0 0 0 0 0 8 4 0 0 0 0 0 0 0 0 0 0 0 0 0 0 19 6 9 0 0 0 14 6 6 0 0 0 60 15 12 26 1 0 26 17 0 0 0 0 0 0 0 0 0 0 10 0 0 0 0 0 0 0 0 0 0 0 0 0 0 0 0 0 0 1 0 0 0 0 0 0 0 0 0 0 0 0 0 0 6 2 0 0 0 0 0 0 0 0 0 0 0 13 0 0 44 0 0 0 0 0 37 0 0 0 0 0 25 39 18 25 0 0 33 62 0 0 0 0 0 0 0 0 0 0 0 0 0 0 0 0 0 0 0 0 0 0 0 0 0 0 0 0 0 0 0 3 0 0 0 0 0 0 0 0 0 0 2 0 0 1 0 0 0 0 0 0 0 0 0 0 0 0 0 0 0 0 0 0 0 0 0 0 0 0 
 35 0 2 0 62 0 0 0 0 0 0 0 0 0 5 0 0 0 0 0 0 0 0 0 1 0 0 0 3 0 0 0 0 3 0 0 0 0 0 0 95 126 73 52 66 251 234 282 268 87 261 44 105 149 337 59 66 240 235 0 2 0 0 4 0 0 0 0 1 4 4 6 0 0 0 0 0 23 0 0 0 0 0 0 0 0 0 0 0 0 0 0 0 0 0 0 0 0 0 0 0 0 0 0 0 1 0 0 0 0 0 0 0 0 0 0 0 0 0 0 13 55 0 0 0 0 7 32 36 1 0 0 18 9 16 20 4 3 7 7 0 0 5 0 14 3 0 0 0 1 6 9 0 0 0 0 0 11 0 0 0 0 0 0 0 0 0 0 0 0 0 0 0 0 0 0 0 0 0 0 0 0 0 0 0 0 0 0 0 0 0 0 0 0 0 14 0 0 0 0 15 1 6 16 0 0 22 15 24 22 0 11 4 46 20 22 10 15 6 8 0 0 0 0 1 5 3 0 0 0 1 0 0 0 0 0 0 0 0 0 0 0 0 0 0 0 0 0 0 0 0 3 0 0 0 0 0 0 0 0 0 0 0 0 0 0 2 0 0 0 4 0 0 0 0 4 0 0 0 0 0 0 0 0 0 2 0 0 0 0 
 3 5 3 2 3 3 3 2 2 3 2 3 3 3 3 3 3 2 0 3 45 0 0 0 0 0 0 25 0 0 0 0 0 0 0 0 0 0 46 0 0 0 0 0 1 0 0 0 4 0 0 0 0 12 0 0 0 0 0 2 0 102 80 45 39 35 349 291 32 38 21 28 81 123 269 37 284 29 52 90 0 0 0 0 0 0 0 0 0 0 0 2 0 0 0 0 0 0 0 0 0 0 0 0 0 0 0 0 0 0 0 0 0 0 0 0 0 0 0 0 0 1 0 0 0 0 1 0 1 0 0 0 0 0 0 1 0 0 0 0 8 35 22 11 5 1 3 6 46 11 4 6 0 0 1 31 15 26 0 0 0 1 0 0 0 0 0 0 0 0 0 0 0 0 0 14 0 0 0 3 0 0 0 0 0 0 0 0 0 0 0 0 0 0 0 0 0 18 0 0 0 16 0 0 0 0 0 0 0 0 0 0 0 0 0 0 0 0 0 0 20 40 23 0 1 6 1 23 18 12 7 16 1 0 25 27 4 19 0 0 8 0 0 0 0 0 0 0 0 0 0 0 0 0 6 0 0 0 0 0 0 0 0 0 0 0 28 0 0 0 9 0 0 2 2 2 0 0 0 0 0 0 0 0 0 2 0 0 7 12 
 2 0 0 0 0 0 0 0 0 0 1 0 1 0 3 0 0 0 0 0 2 2 0 1 43 1 2 2 1 2 2 31 1 6 1 2 1 2 0 1 0 0 0 0 0 0 0 0 1 0 0 0 0 0 2 0 0 0 0 0 102 0 235 45 240 32 67 334 115 279 29 31 39 268 271 465 221 50 45 33 0 0 0 0 0 0 0 0 0 0 0 0 0 0 0 0 0 0 0 0 8 2 0 0 0 2 0 2 1 2 0 0 1 0 3 0 0 5 2 3 0 0 0 0 0 0 0 0 0 0 0 0 0 0 0 0 0 0 0 0 0 1 10 6 8 1 0 0 6 26 0 8 0 0 0 8 16 8 9 0 0 0 0 0 0 0 0 0 0 0 0 0 0 0 0 3 0 0 0 0 0 0 0 0 0 0 0 0 0 0 0 0 8 0 0 0 0 0 0 0 0 0 0 0 0 0 0 0 0 0 0 0 0 0 0 0 0 0 2 0 1 0 0 19 9 0 0 0 20 28 13 9 0 4 0 9 20 20 0 0 2 0 0 0 0 0 0 0 0 0 0 0 0 0 11 0 0 0 0 0 0 0 0 0 0 0 11 1 0 0 12 0 0 2 0 2 0 3 0 0 0 0 0 0 0 1 0 10 0 0 
