 0 94 307 66 29 39 354 430 48 26 27 235 46 178 417 250 33 24 60 161 0 2 0 0 2 3 1 0 2 5 2 0 2 2 0 81 2 0 3 0 5 0 2 2 0 0 0 0 68 3 0 0 0 3 2 0 0 5 0 1 4 4 2 2 3 0 1 2 0 4 2 4 3 0 0 0 0 0 0 2 31 24 15 0 0 0 15 30 26 0 0 0 0 36 35 41 47 2 0 0 0 0 0 0 0 0 0 0 0 0 0 0 0 0 0 0 0 0 0 0 0 0 0 0 0 0 0 0 0 12 0 0 0 0 0 0 0 0 0 0 0 0 0 0 0 0 0 0 0 0 0 0 0 0 0 0 1 0 0 0 52 81 23 0 0 0 6 27 15 10 10 0 0 124 60 57 38 10 0 0 0 0 0 0 0 0 0 0 0 0 14 0 0 0 0 0 1 0 0 0 0 0 0 0 0 0 0 0 0 0 0 0 0 0 0 0 0 0 0 0 0 0 0 0 0 0 0 10 0 0 0 0 0 0 0 0 0 0 0 0 0 20 0 0 0 0 1 0 2 2 0 10 0 0 0 0 0 0 0 0 0 0 0 0 2 0 0 0 0 0 0 0 0 0 0 1 0 0 0 0 0 0 0 0 0 0 0 0 0 0 
 94 0 525 61 32 79 393 512 394 47 688 15 39 45 430 405 201 470 260 42 0 1 0 0 0 3 1 0 0 0 21 0 65 0 0 0 0 1 2 0 2 0 0 0 0 0 0 0 5 0 0 0 0 2 0 1 0 3 0 0 0 2 2 2 2 0 0 34 0 0 0 4 0 0 0 0 0 0 0 0 0 13 52 0 1 0 0 14 48 26 15 21 0 1 56 43 81 46 0 0 1 0 0 0 0 0 0 0 9 2 0 0 0 0 0 0 0 0 0 0 0 0 0 0 0 0 0 0 0 0 0 2 0 0 3 0 0 0 7 0 0 0 0 0 0 2 0 0 20 0 0 1 0 0 0 0 0 0 0 0 1 19 40 13 0 0 35 4 29 42 23 0 0 1 18 19 43 34 0 0 0 0 0 0 0 0 0 0 0 0 0 0 0 0 0 0 0 0 0 0 0 0 0 0 0 1 0 0 0 0 0 0 0 0 0 0 0 0 0 0 0 0 0 2 0 0 0 0 0 0 0 0 0 0 0 2 0 0 0 0 0 14 0 0 0 0 0 2 2 2 0 2 0 0 0 0 0 0 0 0 0 0 16 0 0 0 0 0 0 0 0 0 0 0 0 19 0 0 0 0 0 0 0 0 0 0 0 0 0 0 
 307 525 0 317 257 26 87 86 247 473 29 45 144 69 63 368 212 389 28 34 0 0 0 0 0 3 74 0 0 0 76 0 2 73 0 0 0 0 3 0 2 0 0 0 0 0 0 0 3 0 0 0 0 3 0 0 0 3 0 0 0 2 2 2 3 0 0 0 60 0 2 6 0 0 46 31 0 0 0 0 0 4 51 10 14 0 0 0 28 68 43 48 0 1 1 17 16 50 0 0 0 0 0 0 0 0 0 1 0 0 0 1 0 0 0 0 0 0 0 18 0 0 0 0 0 0 0 0 0 0 1 0 0 0 13 0 3 2 2 0 2 0 0 0 0 0 0 0 0 0 0 0 0 0 0 0 0 0 0 0 0 9 36 36 7 6 3 0 21 25 0 21 0 0 3 2 2 58 0 0 0 0 0 2 2 0 0 0 0 0 0 0 9 0 0 0 0 0 0 0 0 0 0 0 0 0 0 0 0 0 0 0 0 0 0 0 0 0 0 6 0 0 0 0 0 0 0 0 0 2 0 0 0 0 28 0 0 0 0 0 0 0 0 0 0 0 7 1 3 3 0 6 0 0 0 0 0 0 0 0 0 0 45 0 0 0 0 0 0 0 0 0 0 0 0 14 0 0 0 0 0 0 0 0 0 0 0 0 0 6 
 66 61 317 0 129 48 63 44 81 693 141 394 60 62 59 78 209 479 66 276 2 0 0 0 0 3 1 0 74 0 3 1 2 0 0 0 0 0 3 0 2 0 0 0 0 0 0 0 0 4 0 0 0 3 0 0 0 3 0 0 0 2 2 2 3 0 0 0 0 0 0 0 0 0 0 0 0 0 0 0 7 0 0 38 64 0 0 0 0 33 41 35 0 0 0 0 0 5 0 0 0 0 1 0 0 16 0 0 0 0 0 0 2 0 0 0 0 0 36 0 0 0 0 0 0 0 0 0 0 0 0 0 1 0 0 0 0 0 0 0 0 0 0 0 0 0 0 0 0 0 0 0 0 0 0 0 0 0 28 0 0 2 4 41 36 28 0 0 1 38 12 12 0 0 0 0 0 0 0 0 0 0 0 0 0 0 0 0 14 0 18 0 0 0 0 0 0 0 34 0 0 0 0 0 0 0 0 0 0 0 0 0 0 0 0 0 0 0 0 0 0 0 0 13 2 0 0 0 0 0 0 0 0 0 2 0 5 0 0 0 0 0 0 0 0 2 50 2 1 63 0 17 12 0 0 0 0 0 0 0 0 0 4 0 0 0 0 0 0 0 0 0 0 2 0 27 20 10 0 0 0 0 0 0 0 0 0 0 0 0 
 29 32 257 129 0 425 47 49 293 306 71 626 82 80 78 69 32 39 303 301 0 1 0 0 0 4 2 0 0 1 2 0 2 0 0 0 0 0 8 0 2 0 0 0 0 52 0 0 0 7 0 0 0 3 0 0 0 3 0 0 0 2 2 2 3 0 0 0 0 0 0 0 0 0 0 0 0 0 0 0 0 0 0 4 32 9 0 0 0 0 0 11 0 0 0 0 0 0 0 0 0 3 0 0 0 0 10 0 0 0 0 0 37 0 0 0 0 0 50 23 0 0 0 0 0 0 0 0 0 0 0 0 0 0 0 0 0 0 25 0 0 0 0 0 0 0 0 0 0 0 0 0 0 0 0 0 0 0 0 0 0 0 0 1 40 28 0 0 0 1 29 14 0 0 0 21 0 0 0 0 0 0 0 0 0 0 42 0 0 0 0 0 11 12 0 0 0 0 73 22 0 0 0 0 0 0 24 0 0 0 0 0 0 0 0 0 0 0 0 0 0 0 0 0 0 0 0 0 0 0 0 0 0 0 0 0 0 0 0 0 0 0 0 0 0 2 8 0 5 5 3 9 10 0 0 0 0 0 0 0 0 0 0 0 0 0 0 0 0 0 0 0 0 0 0 12 13 0 0 0 0 0 0 0 0 0 0 0 0 0 
 39 79 26 48 425 0 243 40 30 264 54 60 37 66 63 79 54 128 267 683 0 0 0 0 0 5 0 0 0 0 2 4 10 0 0 83 0 0 332 1 2 0 0 0 0 0 0 0 69 0 0 0 0 3 0 0 0 3 0 0 0 2 2 2 3 0 0 61 0 0 0 0 0 0 0 0 0 0 0 0 0 0 0 0 0 48 0 0 0 2 0 0 0 0 0 0 0 0 0 0 8 1 0 0 0 0 30 10 6 0 13 0 35 0 17 0 0 0 11 47 0 0 0 0 0 0 0 1 0 0 0 0 0 0 0 0 0 0 0 0 0 42 0 0 0 2 0 0 11 0 0 0 0 0 0 0 0 0 0 0 0 0 0 0 14 22 0 0 0 0 19 14 0 0 0 0 0 0 0 0 0 0 0 0 0 0 24 23 0 0 0 8 35 14 0 0 0 0 95 39 0 0 0 0 0 1 0 0 0 19 17 0 0 0 0 0 0 0 0 0 0 0 0 2 0 0 0 0 0 0 0 0 0 0 1 2 0 0 0 0 0 0 0 0 0 0 0 1 1 1 0 7 2 0 0 0 0 0 0 0 0 0 0 0 0 0 0 0 0 0 0 0 0 1 0 0 0 0 0 0 0 0 0 0 0 0 0 0 0 0 
 354 393 87 63 47 243 0 87 69 130 76 31 258 338 63 84 324 123 77 722 0 0 75 0 0 5 2 0 0 0 4 2 2 0 0 0 0 0 3 0 2 0 0 0 0 0 0 0 8 0 0 0 0 3 0 0 0 3 0 0 0 2 2 2 3 0 0 0 0 0 0 0 0 0 0 0 0 0 0 0 26 44 13 0 41 0 26 29 26 33 10 9 27 54 32 9 36 11 0 26 0 0 14 0 19 0 0 2 0 0 0 0 10 0 0 0 0 16 0 1 0 0 0 0 20 0 0 0 0 0 0 0 0 0 0 0 0 0 0 0 0 0 0 0 0 0 0 2 0 0 0 0 0 6 0 0 0 1 0 0 17 3 0 0 0 0 0 36 18 0 0 0 1 14 13 12 2 13 0 15 0 0 0 0 0 2 0 0 0 0 0 0 0 0 0 0 0 0 0 0 0 0 0 0 0 0 0 5 0 0 0 5 0 0 0 2 0 0 0 0 0 0 0 0 0 0 0 0 0 2 0 0 0 0 0 0 0 0 0 0 0 0 0 0 0 3 3 2 3 0 0 4 0 1 1 0 0 0 0 0 0 0 39 0 0 63 0 0 0 0 0 0 0 0 0 0 0 0 0 0 0 0 0 0 0 0 0 0 0 0 
 430 512 86 44 49 40 87 0 300 49 48 35 72 412 214 54 39 121 57 50 92 2 0 0 2 3 2 0 0 2 78 0 2 0 0 0 0 0 3 0 2 0 0 0 0 0 0 0 2 0 0 0 0 3 0 0 0 3 0 0 0 2 2 2 3 0 30 0 0 0 0 7 0 0 0 0 0 0 0 0 3 28 25 0 0 0 1 32 40 0 2 2 1 14 37 60 57 40 0 0 7 0 0 0 0 0 0 1 0 0 0 0 0 0 0 0 0 0 0 2 2 0 0 0 0 0 0 0 0 0 2 0 1 0 0 0 0 0 0 2 0 0 0 0 0 0 0 1 0 0 0 0 0 0 0 0 0 0 0 0 10 11 21 16 0 0 42 15 32 25 2 0 0 0 48 66 40 12 0 0 0 0 0 0 0 1 0 0 0 0 0 0 0 0 0 0 0 0 0 0 0 0 0 0 0 0 0 0 0 0 0 0 0 0 0 1 0 0 0 0 0 0 0 0 0 0 0 0 0 1 0 0 0 0 0 0 0 0 0 0 0 8 0 0 0 2 2 0 0 0 0 11 0 0 0 0 0 0 0 0 0 0 0 0 0 0 0 0 0 0 0 0 0 0 0 19 0 0 0 0 0 0 0 0 0 0 0 0 0 0 
 48 394 247 81 293 30 69 300 0 482 38 279 64 108 96 138 452 423 309 58 0 0 0 0 0 3 2 0 0 0 80 0 2 74 0 0 0 0 2 0 2 0 0 0 0 0 0 0 39 0 0 0 0 2 0 0 0 3 0 0 0 2 2 2 2 0 0 51 0 0 0 4 0 0 0 0 0 0 0 0 0 0 50 10 21 0 0 0 20 58 47 47 0 0 0 16 14 43 0 0 1 0 0 0 0 2 0 9 0 1 0 16 0 0 0 0 0 0 0 0 0 0 0 0 0 0 0 0 0 0 0 1 12 0 0 0 0 0 0 0 0 0 0 0 0 1 0 0 0 0 0 0 0 0 0 0 0 0 0 0 0 9 19 37 5 2 2 0 24 25 2 10 0 0 0 0 0 17 0 0 0 0 2 0 0 0 0 0 0 0 0 0 0 0 0 0 0 0 0 0 0 0 0 0 0 2 0 0 0 0 0 0 0 0 0 0 0 0 6 0 0 0 0 1 0 0 0 0 0 0 0 0 0 0 0 1 0 0 0 0 0 0 0 0 9 1 2 0 4 3 0 7 0 0 0 0 0 0 0 0 0 0 10 0 0 0 0 0 0 0 0 0 0 0 0 14 0 0 0 0 0 0 0 0 0 0 0 0 0 0 
 26 47 473 693 306 264 130 49 482 0 433 288 73 93 109 449 472 180 293 298 0 0 2 0 0 3 1 2 0 0 3 2 2 0 2 0 74 0 2 79 2 0 26 0 0 0 0 0 0 0 61 0 0 2 0 0 0 3 0 0 0 2 2 2 2 0 0 0 0 0 0 0 0 0 0 0 0 1 0 0 0 0 32 37 28 0 0 0 15 107 72 33 0 0 0 0 0 19 10 0 0 0 0 0 0 0 0 0 0 0 0 0 0 0 0 0 22 0 0 22 0 0 0 0 0 0 0 2 0 0 0 0 0 0 0 0 0 0 0 0 0 0 0 0 0 0 0 0 2 0 0 2 0 0 0 0 0 0 1 0 0 18 22 52 30 14 0 0 37 30 9 1 0 0 0 0 0 20 0 0 0 0 0 0 0 0 10 0 0 0 0 2 0 0 0 0 2 8 1 0 2 0 0 0 12 0 0 0 1 0 0 0 0 0 0 0 0 0 14 0 18 0 0 0 0 0 0 0 0 0 0 0 1 0 0 0 0 0 0 26 0 0 13 0 1 0 175 0 2 177 2 11 0 0 0 0 0 0 0 0 0 0 14 0 0 0 0 0 0 2 0 0 0 0 0 12 0 15 0 0 0 0 0 0 0 0 0 0 0 0 
 27 688 29 141 71 54 76 48 38 433 0 400 49 31 74 75 275 382 30 49 0 0 0 1 1 3 4 0 0 0 3 0 2 0 0 0 4 210 3 0 2 0 0 3 0 0 0 0 0 2 6 0 0 2 0 6 0 3 0 0 0 2 4 5 2 0 0 0 0 3 0 0 0 3 6 0 0 0 0 0 0 0 5 45 69 0 0 0 6 46 36 31 0 0 0 0 0 3 0 0 0 0 1 0 0 0 0 0 0 0 0 0 1 0 0 0 0 0 35 0 0 0 0 0 0 0 1 0 0 0 0 0 0 0 0 0 0 0 0 0 0 0 1 0 0 0 0 0 0 0 0 0 0 0 2 0 0 2 0 0 0 0 0 23 36 41 0 0 1 10 12 13 0 0 0 0 0 0 0 0 0 0 0 0 0 0 0 0 0 0 0 0 0 0 0 0 0 0 29 1 0 1 0 0 0 0 0 0 0 0 0 0 0 2 0 0 0 0 0 0 0 0 0 0 2 0 0 0 0 0 0 0 0 0 0 0 20 0 2 0 0 0 0 0 0 0 88 0 0 55 1 5 13 0 0 0 0 0 0 0 73 0 0 0 0 0 0 0 0 0 4 0 0 0 0 12 20 9 0 0 0 0 0 0 0 0 0 0 0 0 
 235 15 45 394 626 60 31 35 279 288 400 0 550 245 24 245 83 56 93 248 0 0 0 0 3 5 0 0 0 0 3 0 2 3 0 0 0 0 3 0 2 0 0 0 0 1 0 0 0 3 0 0 0 68 0 0 0 3 0 0 0 2 2 2 3 0 0 0 0 0 14 0 0 0 0 0 0 0 38 0 0 0 0 34 39 0 0 0 0 1 12 6 0 0 0 0 0 11 0 0 0 0 0 0 0 0 0 0 0 0 0 0 19 0 1 0 0 0 32 30 0 0 0 0 0 0 0 0 0 0 0 0 0 0 0 0 0 0 0 0 0 0 0 0 0 0 0 0 0 0 0 0 0 0 0 0 0 0 0 0 0 0 10 19 49 37 0 0 1 3 29 12 0 0 0 0 0 3 11 0 0 0 0 0 0 0 0 1 0 0 0 0 20 0 20 0 0 0 44 8 0 0 0 1 0 0 0 0 14 0 0 0 0 0 0 0 0 0 0 0 0 0 0 0 0 0 0 0 0 0 0 0 0 0 0 0 0 0 0 0 0 0 0 0 0 46 180 0 2 173 2 17 8 0 0 0 0 0 0 0 0 16 0 0 0 0 0 0 63 0 0 0 0 0 0 15 37 20 0 0 0 0 0 0 0 0 0 0 0 0 
 46 39 144 60 82 37 258 72 64 73 49 550 0 114 40 36 40 52 358 295 0 0 4 0 1 3 1 0 0 0 2 0 2 0 2 0 0 0 2 0 2 21 14 0 1 0 0 1 6 22 0 0 0 2 1 11 22 25 0 71 0 2 2 2 2 0 0 0 0 0 0 0 0 0 0 0 0 0 0 0 31 10 0 0 0 0 45 5 0 0 0 0 12 59 31 0 10 0 0 51 0 0 0 0 0 1 0 0 0 0 0 0 0 0 0 0 0 0 0 0 0 0 0 0 0 2 0 0 0 0 0 0 0 0 0 0 0 0 0 0 0 0 0 0 0 0 0 0 0 1 0 0 0 0 0 0 0 0 2 5 40 20 13 0 0 0 5 30 0 7 1 0 10 29 0 2 4 0 0 20 0 2 0 0 0 0 0 0 0 0 0 0 1 0 0 0 0 0 0 0 0 0 0 0 0 0 0 0 0 2 2 0 0 0 0 15 0 0 0 0 0 0 0 0 0 0 0 0 14 0 0 0 0 1 0 0 0 0 0 0 0 0 0 0 0 1 0 0 1 1 0 14 0 0 0 0 0 0 0 0 0 0 0 0 0 0 0 0 0 0 0 0 0 0 0 1 0 13 0 0 0 0 0 0 0 2 0 0 0 0 
 178 45 69 62 80 66 338 412 108 93 31 245 114 0 438 134 45 34 110 175 0 0 2 1 8 13 1 2 6 2 14 1 2 1 66 1 0 7 13 11 2 0 6 4 9 0 62 0 6 0 5 0 0 5 0 5 8 9 0 6 4 2 6 9 6 0 4 2 6 6 5 8 0 0 4 0 0 0 0 0 24 28 31 0 0 0 18 29 36 0 0 1 0 45 42 32 46 1 0 1 11 0 0 0 0 0 0 0 0 0 0 0 0 0 0 0 0 0 0 0 0 0 0 0 0 0 0 0 0 0 0 0 0 0 0 17 0 0 0 0 18 0 0 2 0 0 0 0 0 0 0 0 0 0 0 0 0 0 0 0 48 37 40 5 0 0 4 31 35 10 9 0 0 70 31 41 52 10 0 4 0 0 0 0 0 0 0 1 0 0 0 0 0 0 0 0 0 0 0 0 0 0 0 0 0 0 12 0 0 0 0 0 0 0 0 0 0 0 0 0 0 2 0 0 0 0 0 0 0 0 0 0 0 0 0 0 0 0 0 0 0 14 0 0 0 0 0 0 0 2 0 11 0 8 0 0 0 0 0 0 0 2 0 0 0 0 0 0 0 0 0 2 0 0 0 18 0 0 0 0 0 0 0 0 0 0 0 0 0 0 
 417 430 63 59 78 63 63 214 96 109 74 24 40 438 0 312 358 45 71 114 0 0 1 0 2 3 2 0 0 77 79 0 2 2 1 0 0 0 3 2 2 0 4 0 0 0 0 0 10 0 0 62 0 2 0 0 0 4 0 0 0 2 2 2 2 0 0 0 0 0 0 9 0 0 0 0 0 0 0 48 0 24 23 0 0 0 0 40 47 2 1 1 2 13 46 79 90 39 0 0 0 0 0 0 0 1 0 0 2 0 0 0 0 0 0 0 2 0 0 0 0 0 0 0 0 1 0 0 0 0 0 0 0 0 0 0 0 0 0 0 0 0 0 0 0 0 0 0 0 0 0 0 0 0 0 0 0 0 2 0 9 8 18 18 0 0 24 9 24 12 3 0 0 0 47 71 61 21 0 0 0 2 0 0 0 0 0 0 1 10 0 0 0 1 0 0 1 0 0 0 1 0 0 0 0 0 0 0 0 0 2 0 0 0 0 0 0 0 0 0 0 0 0 0 0 0 0 0 0 0 0 0 0 2 24 0 0 0 0 19 0 12 0 0 0 0 0 3 2 0 0 7 0 0 0 0 0 0 0 0 0 0 0 0 0 0 0 0 0 1 0 0 0 0 0 18 0 33 0 0 0 0 0 0 0 0 0 0 0 0 
 250 405 368 78 69 79 84 54 138 449 75 245 36 134 312 0 255 390 115 72 0 0 1 2 1 3 3 1 1 0 106 0 4 0 1 2 1 0 3 2 2 0 0 0 0 0 0 0 6 1 0 0 0 3 6 0 2 3 0 0 0 2 2 2 3 4 0 0 6 0 0 4 0 0 0 0 0 0 6 0 0 2 32 10 22 12 1 0 26 73 40 37 0 0 0 22 13 45 0 0 10 2 0 0 0 0 0 0 0 0 0 0 0 0 0 0 0 0 0 0 0 0 0 0 3 0 0 0 0 0 0 0 0 0 0 0 0 0 0 0 0 0 0 1 0 0 0 0 0 0 0 0 0 0 0 0 0 0 0 0 0 7 23 42 2 1 2 0 26 21 0 10 0 0 0 0 0 24 0 0 0 0 0 0 0 6 0 1 0 0 0 0 0 0 0 0 0 0 1 0 0 0 0 0 0 0 0 0 0 0 0 0 0 0 0 0 0 0 0 0 0 1 0 0 0 0 0 0 0 0 0 0 0 0 0 0 0 0 0 0 0 0 0 0 0 2 15 0 5 3 0 6 0 0 0 0 0 0 0 0 0 0 46 0 0 0 0 0 0 0 0 0 0 0 0 23 0 0 0 0 0 0 0 0 0 0 0 0 0 0 
 33 201 212 209 32 54 324 39 452 472 275 83 40 45 358 255 0 342 243 52 0 0 0 0 0 3 2 0 0 0 78 1 78 0 0 0 1 0 3 0 2 0 0 0 0 0 0 0 1 45 0 0 0 3 0 0 0 3 0 0 0 2 2 2 3 0 0 0 0 0 0 4 0 0 0 0 0 0 0 0 0 0 25 38 15 0 0 1 24 62 86 36 0 0 0 15 0 35 0 0 0 0 0 0 0 0 0 0 0 0 0 0 0 0 0 0 0 0 0 0 0 0 0 0 0 0 0 0 0 0 1 0 0 0 0 0 0 0 0 0 0 0 0 0 0 0 0 0 0 0 0 0 0 2 0 2 0 0 0 0 0 30 25 47 1 13 2 0 29 33 9 13 12 0 3 0 0 32 0 1 0 0 2 0 0 0 0 0 19 0 0 0 0 0 0 0 0 0 2 0 0 0 0 0 2 0 0 0 0 0 0 0 0 0 0 0 0 0 0 0 0 0 0 0 0 0 0 0 0 0 0 0 0 0 0 0 0 0 0 0 0 0 44 0 0 2 177 1 1 1 1 14 0 0 0 0 0 0 0 0 0 0 17 0 0 0 0 0 0 0 0 0 0 0 0 26 0 15 0 0 0 0 0 0 0 0 0 0 0 0 
 24 470 389 479 39 128 123 121 423 180 382 56 52 34 45 390 342 0 45 39 0 0 0 1 3 3 1 3 0 0 5 0 2 2 0 0 0 0 3 0 7 0 2 0 2 0 0 0 5 0 0 0 0 3 0 0 4 3 0 0 47 2 2 2 3 0 2 1 0 3 1 0 0 6 2 0 0 0 0 0 0 0 32 50 18 0 0 0 18 41 38 46 1 0 0 0 0 23 0 0 0 0 0 0 0 0 1 0 0 0 4 0 0 0 0 0 1 0 1 0 0 0 0 0 0 0 0 1 0 0 0 0 0 0 0 0 0 0 0 0 0 0 0 0 0 0 15 0 1 0 0 2 0 0 0 0 0 0 1 0 0 18 21 32 13 13 0 2 19 28 10 11 0 0 0 0 5 16 0 0 0 0 0 0 0 0 0 0 0 0 0 2 0 0 0 0 2 0 0 1 2 0 0 0 0 0 0 0 0 0 1 0 0 0 0 0 0 0 0 0 0 0 0 0 0 0 6 0 0 0 0 0 1 1 0 0 0 0 0 0 0 0 0 0 0 3 170 0 0 177 0 13 0 0 0 0 0 0 0 0 0 0 20 0 0 0 0 0 0 2 0 0 0 0 0 11 1 14 0 0 0 0 0 0 0 0 0 0 0 0 
 60 260 28 66 303 267 77 57 309 293 30 93 358 110 71 115 243 45 0 610 0 1 0 0 0 3 5 0 0 1 2 0 2 0 0 0 0 0 3 0 2 0 0 0 0 0 0 0 0 0 2 0 0 3 0 0 0 3 0 0 0 2 38 2 3 0 0 0 0 0 0 0 0 5 0 0 0 0 0 0 38 11 0 0 0 0 32 7 0 0 0 0 53 18 14 0 0 0 27 53 0 0 0 0 0 0 0 0 0 0 0 0 0 0 0 0 0 0 0 0 0 0 0 0 0 0 0 0 0 0 0 0 0 0 0 0 0 0 0 0 0 0 0 0 0 0 0 0 0 0 0 0 0 6 0 0 0 0 5 0 1 0 0 0 0 0 41 14 0 0 0 0 43 9 1 0 0 0 0 42 0 0 0 0 0 0 0 0 0 0 0 0 0 0 0 0 0 0 21 0 0 0 0 0 0 0 12 0 1 0 0 0 0 0 0 0 0 0 0 0 0 0 0 0 0 0 0 0 0 0 0 0 0 0 0 0 0 0 0 0 0 0 0 0 0 0 0 3 0 1 0 14 2 0 0 2 0 0 0 0 0 0 0 0 0 0 1 0 0 0 0 0 0 0 0 0 0 0 0 0 0 0 0 0 0 0 0 0 0 0 
 161 42 34 276 301 683 722 50 58 298 49 248 295 175 114 72 52 39 610 0 2 0 0 0 0 3 2 0 0 0 2 0 2 2 0 0 5 0 3 0 2 0 0 0 0 0 0 0 0 0 0 0 0 3 0 0 0 3 0 0 0 58 2 2 3 0 0 0 0 0 0 1 2 0 0 0 0 0 0 0 37 19 0 0 0 0 48 39 1 0 0 0 55 45 17 7 29 0 1 35 0 1 0 0 0 0 0 0 0 14 0 0 0 0 0 0 0 0 0 0 0 0 0 0 0 0 0 0 0 0 0 14 0 0 0 0 0 0 0 0 0 0 0 2 0 0 0 0 0 0 1 0 0 8 0 0 0 0 1 0 44 13 0 0 0 0 11 21 0 0 0 0 11 34 1 0 0 0 1 11 1 0 0 0 0 0 0 2 0 0 0 0 0 0 0 0 0 0 0 0 0 0 0 0 0 0 0 0 0 0 0 15 0 0 0 0 15 0 0 0 0 2 0 0 0 0 0 0 0 0 0 0 0 0 0 0 0 0 0 0 0 0 0 0 0 3 3 3 0 3 3 24 0 0 0 0 0 0 0 0 0 0 0 0 0 0 0 0 0 0 0 0 0 0 0 0 0 0 0 0 0 0 0 0 0 0 0 0 0 0 
 0 0 0 2 0 0 0 92 0 0 0 0 0 0 0 0 0 0 0 2 0 215 97 78 36 35 552 451 242 55 35 33 66 329 361 67 251 58 258 249 0 0 3 2 0 0 0 2 3 3 0 0 2 0 2 0 3 3 3 1 2 0 4 0 0 7 3 4 4 0 2 0 0 0 4 0 4 0 1 3 0 0 0 0 0 1 0 0 0 0 0 0 1 0 0 0 0 0 0 0 38 36 12 2 0 0 26 35 29 0 0 0 0 45 39 24 19 35 0 1 0 0 2 0 0 0 0 0 0 0 0 0 0 0 0 0 0 0 0 8 0 0 0 0 0 0 14 0 1 0 0 0 0 0 0 0 0 0 0 0 0 0 0 0 0 0 0 0 0 0 0 0 0 0 0 0 0 0 0 0 46 36 16 17 0 0 0 18 23 2 0 0 11 16 41 29 8 27 0 0 0 0 0 0 0 0 0 0 0 0 0 0 0 0 0 0 0 0 1 0 0 0 0 0 0 0 0 0 0 0 6 0 0 11 0 0 0 0 0 0 0 0 0 0 0 0 0 0 0 0 0 0 0 0 2 2 2 0 0 2 0 0 0 0 0 0 21 0 0 0 0 0 0 0 0 0 0 0 0 0 0 0 0 0 0 0 0 0 0 0 
 2 1 0 0 1 0 0 2 0 0 0 0 0 0 0 0 0 0 1 0 215 0 250 64 37 21 106 290 198 280 33 35 45 247 287 267 207 41 34 62 0 0 0 2 0 0 0 2 3 1 0 1 2 0 4 0 3 2 3 1 5 0 0 0 0 2 9 3 0 0 2 1 0 0 0 0 0 0 0 3 0 0 0 0 2 0 0 0 0 0 0 0 0 0 1 0 0 0 0 0 0 28 34 29 2 0 22 10 0 36 11 0 0 13 19 23 36 35 0 0 0 0 14 0 0 0 0 0 0 0 0 0 0 0 0 0 0 0 0 0 0 0 0 0 11 0 0 0 9 6 3 7 0 0 1 7 8 6 0 0 0 0 0 0 22 0 0 0 0 0 0 0 0 0 0 0 0 1 2 0 1 46 47 16 0 2 0 0 20 37 2 0 0 1 21 33 4 32 0 0 0 0 0 0 0 0 0 0 0 0 0 0 0 0 0 0 0 0 0 0 0 3 8 9 0 0 0 3 3 16 3 0 0 1 0 3 8 3 0 0 6 0 0 0 0 0 1 0 0 0 0 0 0 0 3 3 0 0 0 0 0 11 0 1 0 0 0 0 0 0 0 0 0 0 0 0 0 0 0 0 0 20 0 0 0 0 0 0 6 13 
 0 0 0 0 0 0 75 0 0 2 0 0 4 2 1 1 0 0 0 0 97 250 0 103 35 41 85 373 212 407 40 40 42 40 95 246 241 332 28 59 0 0 0 0 0 0 0 2 3 0 0 0 2 0 7 0 2 3 207 0 2 0 0 0 0 0 7 11 0 51 2 0 0 0 0 0 0 1 0 3 0 0 0 0 0 13 0 0 0 0 1 0 0 0 0 0 2 0 0 0 0 0 27 41 0 0 2 2 32 45 33 38 0 2 0 17 53 17 0 0 0 0 0 0 0 0 0 0 0 1 0 0 0 0 0 0 0 0 0 0 0 0 0 0 9 0 0 0 7 0 0 0 0 0 0 0 0 0 0 0 0 0 0 0 4 0 0 6 0 0 0 7 0 0 0 0 1 0 0 0 0 35 28 31 0 2 0 2 8 38 38 21 0 0 0 23 15 41 0 0 0 0 0 0 0 2 0 0 0 0 0 0 0 0 0 0 0 0 0 0 0 0 0 0 0 0 4 1 0 0 0 0 0 0 1 0 0 0 0 1 0 0 7 0 0 0 0 0 0 0 0 0 0 0 4 2 0 2 2 2 81 0 0 0 0 1 1 0 0 0 0 0 0 0 0 0 0 0 0 0 0 19 0 0 1 0 16 0 0 0 
 0 0 0 0 0 0 0 0 0 0 1 0 0 1 0 2 0 1 0 0 78 64 103 0 89 41 118 84 72 339 135 256 76 92 75 45 42 262 85 59 0 0 0 0 80 0 0 2 3 0 0 2 2 3 2 0 3 2 64 1 2 0 0 2 2 0 3 5 0 0 2 0 0 0 2 0 0 36 3 6 0 0 1 3 0 0 0 0 0 0 0 0 0 0 0 0 0 0 0 0 0 0 0 11 42 56 0 0 0 0 35 38 0 0 0 0 14 0 7 0 1 0 0 3 0 0 0 0 4 0 0 0 0 0 0 0 0 0 32 0 0 0 0 0 0 0 0 0 4 0 0 0 0 7 36 1 0 0 31 0 0 0 0 0 0 0 0 0 0 1 2 0 0 0 0 0 0 1 0 0 8 0 1 17 59 30 0 0 9 0 23 34 0 0 0 1 0 0 0 0 0 0 0 0 0 0 0 0 0 0 0 0 1 0 0 0 0 0 0 0 2 0 0 0 2 12 8 0 2 0 0 0 0 0 1 0 3 0 0 0 0 0 0 0 0 2 0 0 1 0 0 0 0 1 4 0 0 53 43 0 11 0 0 0 0 0 0 0 0 0 0 0 0 0 0 0 0 0 0 0 0 0 0 0 0 0 0 0 0 0 
 2 0 0 0 0 0 0 2 0 0 1 3 1 8 2 1 0 3 0 0 36 37 35 89 0 369 281 58 88 107 90 349 51 72 504 94 124 29 85 79 0 0 0 0 63 0 0 2 3 0 0 0 2 4 2 0 3 2 1 1 2 0 0 0 0 0 3 3 0 0 2 0 0 0 0 0 0 0 0 3 0 0 0 0 0 0 0 0 0 0 0 0 0 0 0 0 1 0 0 0 0 0 0 6 41 23 0 0 0 0 0 13 0 0 0 0 0 0 0 0 12 0 0 0 0 0 8 0 0 0 0 0 60 10 0 0 0 0 45 8 0 0 2 0 0 41 0 0 0 2 0 1 0 0 5 2 0 0 0 0 0 0 0 0 0 0 0 0 0 0 0 0 0 0 0 0 0 0 0 0 0 0 0 0 33 47 0 0 0 0 0 17 0 0 0 1 0 0 0 0 12 0 0 0 0 0 45 0 1 0 0 0 39 0 0 0 0 0 13 36 0 0 0 0 0 0 0 0 0 0 0 0 0 0 1 0 0 0 0 2 0 0 0 0 0 0 0 0 0 0 0 0 0 0 9 2 1 7 4 0 11 0 0 0 0 0 0 0 0 0 0 0 0 0 0 0 0 0 0 0 0 11 0 0 0 0 0 0 0 0 
 3 3 3 3 4 5 5 3 3 3 3 5 3 13 3 3 3 3 3 3 35 21 41 41 369 0 64 55 36 61 77 59 24 57 49 90 65 482 56 263 0 0 0 0 0 0 0 3 3 0 1 0 2 12 62 0 3 2 186 2 3 0 0 50 0 0 10 3 0 0 2 1 0 0 0 0 0 2 0 3 0 0 0 0 0 0 1 0 0 1 0 0 0 0 0 0 0 23 0 2 0 0 0 2 1 31 0 1 0 0 0 0 0 0 0 0 0 0 0 0 11 0 0 0 0 0 10 0 29 0 1 0 24 17 11 0 0 0 29 42 0 0 12 0 0 5 0 0 0 0 0 0 0 0 1 7 0 0 0 0 0 0 0 0 0 0 1 0 0 0 0 8 0 0 0 0 0 0 0 0 0 0 0 0 23 49 0 0 0 0 0 2 0 0 0 0 0 0 0 0 3 0 0 0 2 0 47 0 0 2 0 0 58 3 27 0 0 0 31 24 0 0 0 0 0 0 0 0 0 0 0 0 0 0 0 0 0 0 0 0 0 0 0 0 0 1 0 0 0 0 0 0 0 0 4 0 0 0 0 0 7 7 0 0 0 0 0 0 0 0 0 0 0 0 0 0 0 0 0 0 0 0 0 0 0 0 0 0 0 0 
 1 1 74 1 2 0 2 2 2 1 4 0 1 1 2 3 2 1 5 2 552 106 85 118 281 64 0 319 54 60 29 46 316 264 476 246 327 11 54 430 0 0 0 3 0 0 0 2 3 0 0 0 2 4 2 0 3 5 3 1 2 0 0 0 0 2 3 3 0 0 2 2 0 3 0 0 0 0 0 3 0 0 0 0 0 2 0 0 0 0 0 0 0 0 0 0 0 0 0 0 32 14 1 0 0 0 47 24 18 0 0 0 0 48 33 0 37 1 0 17 0 0 0 0 0 2 0 0 2 0 0 0 0 0 0 0 9 0 0 0 0 0 0 0 0 0 0 0 0 0 0 0 0 2 0 0 0 0 0 0 0 12 0 17 0 0 0 0 0 0 0 0 0 0 0 0 0 0 0 0 47 17 15 11 0 0 13 28 2 0 0 0 20 31 22 4 23 11 0 11 0 0 0 0 0 0 0 0 0 0 0 0 0 0 0 2 1 1 0 19 0 0 0 0 0 0 0 0 0 0 0 0 0 11 0 22 0 0 0 0 0 0 0 0 0 0 1 0 0 1 0 0 0 0 0 0 2 0 0 2 2 0 0 0 0 0 1 0 0 0 0 0 0 3 0 0 0 0 0 0 0 0 0 2 0 0 0 0 0 2 
 0 0 0 0 0 0 0 0 0 2 0 0 0 2 0 1 0 3 0 0 451 290 373 84 58 55 319 0 146 37 118 31 68 421 325 121 47 320 74 53 0 0 1 5 0 0 0 2 3 0 0 0 2 0 3 0 3 3 0 1 2 0 0 0 0 0 4 3 0 0 2 0 0 0 0 0 0 0 0 3 0 6 0 0 0 0 0 0 0 0 1 0 0 0 0 0 2 0 0 0 23 60 46 45 0 0 29 12 16 31 0 1 0 16 26 39 31 48 0 0 0 0 0 0 0 0 0 0 0 1 0 0 0 0 0 0 0 0 0 0 0 0 0 0 4 0 0 1 0 1 0 19 0 0 0 0 0 0 0 0 0 0 0 0 5 0 0 1 0 0 0 0 0 0 0 0 0 0 0 0 37 46 28 11 0 0 0 1 26 12 14 0 0 80 36 56 23 47 0 1 0 0 0 0 0 2 0 0 1 0 0 0 0 0 0 0 0 0 0 0 0 0 0 0 0 1 0 1 0 0 0 0 0 17 1 0 0 0 0 2 0 0 1 0 0 0 0 0 0 0 0 32 0 0 8 2 2 0 0 2 2 0 0 0 0 0 21 0 0 0 0 0 0 0 0 0 0 0 0 0 0 23 0 0 0 0 0 0 0 0 
 2 0 0 74 0 0 0 0 0 0 0 0 0 6 0 1 0 0 0 0 242 198 212 72 88 36 54 146 0 348 43 36 113 81 412 286 224 324 99 55 2 0 0 0 0 1 39 2 3 0 0 0 2 0 5 0 3 2 0 1 2 0 0 0 0 0 8 8 0 0 2 0 0 0 0 0 0 0 0 3 0 0 0 13 9 0 0 0 0 0 0 0 0 0 0 0 0 0 0 0 0 1 30 58 0 0 0 1 24 44 27 32 0 1 0 24 30 13 0 0 0 0 0 0 0 0 0 0 0 0 0 0 0 0 0 0 0 0 0 0 0 0 0 0 29 0 0 0 13 0 0 0 0 0 0 9 19 0 0 12 2 0 0 0 6 0 0 10 0 0 0 0 1 0 0 0 0 0 0 0 0 22 6 23 0 43 0 10 1 41 36 15 1 0 2 17 37 28 0 0 0 0 0 0 0 0 0 0 0 0 0 0 0 0 0 0 0 0 0 15 0 0 0 0 0 0 0 0 0 0 0 0 0 0 0 0 9 0 0 0 0 0 7 0 0 0 0 0 0 0 0 2 0 0 2 0 1 1 2 1 1 2 0 0 0 0 21 0 0 0 0 0 0 0 0 0 0 0 0 0 0 19 0 0 0 0 14 0 0 0 
 5 0 0 0 1 0 0 2 0 0 0 0 0 2 77 0 0 0 1 0 55 280 407 339 107 61 60 37 348 0 354 62 246 181 89 319 419 120 86 84 0 0 0 0 0 2 0 2 3 0 0 0 2 0 3 0 3 2 6 2 3 0 0 0 0 38 5 6 0 0 2 1 0 0 0 0 0 0 0 3 0 0 0 0 1 0 0 0 0 0 0 0 0 0 0 0 0 0 0 0 0 0 19 0 24 0 0 0 21 31 84 53 0 0 0 0 22 0 0 0 0 0 0 0 0 0 0 0 0 0 0 0 0 0 0 0 0 0 1 0 1 0 1 0 4 0 0 0 4 0 0 0 0 0 2 0 0 0 0 0 0 0 0 0 2 0 0 5 0 0 0 0 10 0 0 0 0 0 1 0 0 0 12 23 21 22 0 0 3 39 40 31 0 0 0 0 12 16 0 0 0 0 0 2 0 0 0 0 0 0 0 0 0 0 0 0 0 0 0 0 0 0 0 0 0 0 10 0 0 0 0 0 0 0 0 0 0 0 0 6 0 0 9 0 0 0 0 0 0 0 0 0 0 0 6 0 2 155 163 2 0 49 0 0 0 0 0 0 0 0 0 0 51 0 0 0 0 0 0 0 0 1 0 0 0 0 11 0 0 0 
 2 21 76 3 2 2 4 78 80 3 3 3 2 14 79 106 78 5 2 2 35 33 40 135 90 77 29 118 43 354 0 307 46 36 114 106 113 499 261 56 2 0 0 0 0 0 0 2 3 0 0 0 2 28 5 0 3 5 0 1 2 2 3 2 1 0 3 3 0 0 2 0 0 0 0 0 0 1 0 3 0 0 13 1 0 0 0 0 14 0 12 0 0 0 11 11 18 0 0 0 0 0 4 7 25 9 0 0 0 3 50 36 0 0 0 0 12 0 0 0 0 0 0 0 0 0 0 0 0 0 0 0 31 0 0 0 0 0 12 0 0 0 1 1 1 0 0 0 0 0 0 0 0 0 3 0 0 0 0 2 0 2 0 0 0 2 8 0 0 0 0 0 0 0 3 0 0 0 0 0 1 0 0 43 14 19 0 0 6 1 38 33 0 0 0 0 0 18 0 0 0 0 18 0 0 0 0 0 0 0 0 0 0 2 0 0 0 0 0 1 0 2 0 0 0 0 8 0 0 0 0 2 0 0 0 0 0 0 2 0 0 0 9 0 0 0 0 0 0 0 0 96 0 0 4 0 2 41 4 3 4 0 0 0 0 0 0 0 0 0 9 0 0 0 47 0 0 0 0 0 0 21 0 0 0 0 1 0 0 2 
 0 0 0 1 0 4 2 0 0 2 0 0 0 1 0 0 1 0 0 0 33 35 40 256 349 59 46 31 36 62 307 0 27 50 56 43 273 81 34 252 0 0 0 32 0 0 19 6 3 0 0 0 2 7 4 0 3 2 0 1 2 0 50 4 0 0 9 3 0 34 2 0 0 0 0 51 0 0 2 3 0 0 0 0 0 0 1 0 0 1 0 0 0 0 8 0 0 0 0 2 0 0 0 5 47 25 0 2 0 12 31 65 0 0 0 0 0 0 0 0 0 0 0 0 0 0 2 0 0 0 1 0 20 0 1 0 0 0 29 20 0 0 16 0 0 2 0 0 1 0 0 0 0 0 6 0 0 0 0 0 0 0 0 0 0 0 0 0 0 0 0 0 0 0 0 0 0 0 0 0 0 0 0 0 64 57 0 0 0 1 13 33 0 0 0 6 0 0 0 0 0 0 0 0 2 0 0 0 0 2 0 0 9 0 2 0 0 0 1 2 0 0 0 0 0 0 9 0 0 0 0 0 17 0 0 13 0 0 0 0 0 0 1 0 0 1 0 0 0 0 0 0 0 0 7 1 2 153 148 0 13 2 0 0 0 0 0 0 0 0 0 0 0 0 0 0 0 0 0 0 0 30 0 0 0 0 0 0 0 0 
 2 65 2 2 2 10 2 2 2 2 2 2 2 2 2 4 78 2 2 2 66 45 42 76 51 24 316 68 113 246 46 27 0 143 52 40 26 246 458 197 0 0 0 0 0 1 0 2 3 0 0 0 2 0 3 0 2 3 0 0 2 0 0 0 0 0 3 3 0 0 2 0 0 0 0 0 0 0 0 3 0 0 0 0 0 43 0 0 0 0 0 0 0 0 0 0 0 0 0 0 75 10 0 1 0 0 24 34 15 0 0 0 11 29 47 0 0 0 0 17 0 0 0 0 0 0 0 0 0 0 0 0 0 0 0 0 0 0 0 0 0 0 0 0 0 0 0 0 0 0 0 0 0 0 0 0 0 0 0 0 1 0 0 0 0 0 0 0 0 0 0 0 0 0 0 0 0 0 0 0 34 1 0 0 0 0 28 58 0 1 0 0 54 34 12 8 0 2 0 28 0 0 0 0 0 0 0 0 0 0 0 0 0 0 0 0 0 0 0 54 0 0 0 0 0 0 0 0 0 0 0 0 0 2 0 0 0 0 0 0 0 0 0 0 0 0 0 0 0 0 0 0 0 0 3 0 2 0 0 0 3 0 0 0 0 0 0 0 0 0 0 0 0 0 0 0 0 0 0 0 0 0 0 0 0 0 0 0 0 0 
 2 0 73 0 0 0 0 0 74 0 0 3 0 1 2 0 0 2 0 2 329 247 40 92 72 57 264 421 81 181 36 50 143 0 634 67 63 36 86 427 0 0 0 9 0 0 75 2 3 0 61 1 2 0 3 0 2 3 0 1 2 0 0 32 3 0 3 3 0 0 5 0 0 0 0 0 0 0 0 3 0 0 0 0 0 1 0 0 8 21 1 0 0 0 0 2 0 0 0 0 44 62 23 4 0 11 27 45 16 0 0 16 0 57 55 20 70 54 0 2 0 0 0 0 0 0 0 0 0 0 26 1 0 0 0 0 0 0 0 9 0 0 0 0 9 0 0 1 0 0 0 1 0 0 0 0 0 1 0 0 0 0 4 0 0 0 0 0 0 0 0 0 1 0 1 0 0 0 0 0 80 48 22 12 0 0 1 23 28 2 0 0 23 46 50 50 12 17 0 6 0 0 0 0 0 0 1 0 0 0 0 0 0 0 0 0 0 0 0 20 0 0 0 0 0 0 0 0 0 0 0 0 0 7 26 0 1 0 0 0 0 0 0 0 0 0 0 0 0 0 0 0 0 0 5 0 0 0 0 0 4 0 0 0 0 0 15 0 0 0 0 0 0 0 0 0 0 0 0 0 0 0 0 0 0 0 0 0 0 9 
 0 0 0 0 0 0 0 0 0 2 0 0 2 66 1 1 0 0 0 0 361 287 95 75 504 49 476 325 412 89 114 56 52 634 0 187 60 114 328 340 0 0 0 8 0 0 0 2 3 0 0 0 2 0 2 0 3 3 0 1 2 0 0 0 0 0 4 3 0 0 6 0 0 0 0 0 0 0 0 3 0 0 0 0 0 0 0 0 0 0 1 0 0 0 0 0 2 0 0 0 18 39 75 45 0 0 24 20 14 35 0 1 0 62 24 35 39 47 9 0 0 0 0 0 0 0 0 0 0 1 0 0 0 0 0 0 0 0 0 0 0 0 0 0 3 0 0 0 1 0 0 0 0 0 0 0 0 0 0 0 0 0 0 0 14 0 0 0 0 0 0 0 0 0 0 0 1 0 0 11 40 45 32 34 0 0 0 1 34 12 11 0 0 31 43 55 26 39 0 1 0 0 0 0 29 2 0 0 0 0 0 0 0 0 0 0 0 0 0 0 0 0 0 0 0 0 0 1 0 0 0 0 0 11 1 0 0 0 0 1 0 0 1 0 0 0 0 0 0 0 0 0 0 0 12 2 0 0 0 2 2 0 0 0 0 0 22 0 0 0 0 0 0 0 0 0 0 0 0 0 0 20 0 0 1 0 0 0 0 0 
 81 0 0 0 0 83 0 0 0 0 0 0 0 1 0 2 0 0 0 0 67 267 246 45 94 90 246 121 286 319 106 43 40 67 187 0 178 270 43 94 0 0 0 0 0 2 0 2 55 0 2 0 2 0 11 0 3 2 0 1 2 0 0 0 0 0 6 9 0 0 2 0 0 0 0 0 0 0 0 3 0 0 0 0 0 0 0 0 0 0 0 0 0 0 0 0 0 0 0 0 0 13 20 39 0 0 1 7 18 33 35 9 0 0 1 13 20 46 0 0 0 0 0 0 0 0 0 0 0 0 0 1 0 0 0 0 0 0 1 0 0 0 0 0 5 0 0 0 3 0 0 0 0 0 0 0 0 0 0 0 0 0 0 0 4 0 0 3 0 0 0 0 0 0 3 0 0 0 0 0 0 13 20 45 0 0 0 1 18 40 30 8 4 0 13 51 40 19 0 0 0 0 0 0 0 0 0 10 0 0 0 0 0 0 0 0 0 0 0 0 0 0 0 0 0 0 0 0 0 0 0 0 0 0 0 0 0 0 0 0 0 0 9 0 0 0 0 0 0 0 0 1 0 0 5 0 0 2 1 0 3 16 0 0 0 0 0 0 0 0 0 0 0 11 0 0 0 0 0 0 0 17 0 0 0 0 2 0 0 0 
 2 0 0 0 0 0 0 0 0 74 4 0 0 0 0 1 1 0 0 5 251 207 241 42 124 65 327 47 224 419 113 273 26 63 60 178 0 374 22 130 0 0 0 1 0 0 0 2 3 0 0 0 2 0 5 0 6 2 0 1 2 0 0 0 0 0 6 9 0 0 2 0 4 0 0 0 0 0 0 3 0 0 0 0 0 0 0 0 0 0 0 0 0 0 0 0 0 0 0 0 0 1 23 51 0 0 0 0 23 31 41 8 0 1 0 16 17 17 0 0 0 0 0 1 0 0 0 0 0 0 0 0 0 0 0 0 0 0 1 0 0 0 0 0 14 0 0 0 4 0 0 0 0 0 0 0 0 0 1 0 0 0 0 0 2 0 0 2 0 0 0 0 0 0 0 0 0 0 0 0 0 11 21 41 0 0 0 1 9 73 40 23 1 0 1 31 37 24 0 0 0 0 0 0 0 0 0 0 0 0 0 0 0 0 0 2 0 2 21 0 0 0 0 0 1 0 8 0 0 0 0 0 0 0 0 0 0 10 0 0 0 0 8 0 0 0 0 0 0 0 0 0 0 0 8 2 0 0 0 3 2 11 0 0 0 0 1 0 0 0 0 0 0 10 0 0 0 0 0 0 0 13 0 2 0 0 4 0 0 0 
 0 1 0 0 0 0 0 0 0 0 210 0 0 7 0 0 0 0 0 0 58 41 332 262 29 482 11 320 324 120 499 81 246 36 114 270 374 0 39 28 0 0 0 0 0 2 0 2 3 0 0 2 2 0 3 0 3 5 0 1 2 0 0 0 0 0 4 4 0 0 2 0 0 0 0 6 0 0 0 3 0 0 0 0 0 0 0 0 0 0 0 0 0 0 0 0 0 0 32 0 0 0 6 14 19 1 0 1 23 29 86 50 0 0 3 0 24 0 0 0 0 0 0 0 0 0 0 0 0 0 0 0 0 0 0 8 0 2 1 0 0 0 1 0 4 0 0 0 4 1 0 0 0 0 3 0 0 0 0 0 0 0 2 0 0 0 0 8 0 2 0 0 0 0 0 0 0 2 0 0 0 0 10 20 9 16 0 0 10 30 26 29 18 0 0 0 18 14 0 0 0 0 0 0 0 0 0 0 0 0 0 0 0 0 0 0 0 0 0 0 0 2 0 0 0 0 15 0 0 0 0 0 0 0 0 0 0 0 0 0 0 0 8 0 0 1 0 0 0 0 0 0 0 0 6 1 5 182 147 1 4 11 0 0 0 0 1 0 0 0 0 0 0 0 0 0 0 0 0 0 0 1 0 0 0 0 9 0 0 0 
 3 2 3 3 8 332 3 3 2 2 3 3 2 13 3 3 3 3 3 3 258 34 28 85 85 56 54 74 99 86 261 34 458 86 328 43 22 39 0 335 0 0 0 0 0 0 0 2 3 0 0 0 2 0 2 0 2 2 0 1 2 0 0 0 0 76 3 3 0 49 2 0 48 0 0 0 0 0 0 3 0 0 0 0 0 61 0 0 0 0 0 0 0 0 0 0 0 0 0 0 25 19 0 0 13 0 23 12 0 0 0 0 53 0 12 0 0 0 14 23 0 0 0 0 0 0 0 0 0 0 0 0 0 0 0 0 0 0 0 0 0 0 0 0 0 0 0 0 0 0 16 0 0 0 0 0 0 0 0 0 0 0 0 0 0 14 0 0 0 0 0 0 0 0 0 0 10 0 27 0 1 0 0 0 0 0 67 42 0 0 0 0 25 31 1 0 0 0 20 58 0 0 0 0 0 0 0 0 0 0 0 0 0 0 0 0 0 0 0 12 0 0 0 0 0 0 0 0 0 0 0 0 0 0 0 0 0 0 0 0 0 0 0 0 0 0 0 0 0 0 0 0 0 0 5 0 2 0 0 0 6 2 0 0 0 0 0 0 0 0 0 0 0 0 0 0 0 0 0 0 0 0 0 0 0 0 0 0 0 0 
 0 0 0 0 0 1 0 0 0 79 0 0 0 11 2 2 0 0 0 0 249 62 59 59 79 263 430 53 55 84 56 252 197 427 340 94 130 28 335 0 0 0 0 0 1 0 0 2 5 0 0 0 2 0 3 0 2 3 2 0 2 0 0 0 0 0 3 3 0 0 2 0 0 0 0 0 0 2 0 3 0 0 0 0 0 49 0 0 0 16 2 0 0 0 0 0 1 0 0 0 30 11 0 0 0 0 51 80 33 1 0 0 9 43 48 0 10 0 1 37 0 0 0 0 0 0 0 0 0 0 0 0 0 0 0 0 0 0 0 0 0 1 0 0 0 0 0 1 0 2 0 0 0 0 0 0 0 0 0 0 0 0 0 0 0 1 0 0 0 0 0 0 0 0 0 0 0 0 0 0 15 16 0 0 0 0 36 45 0 0 0 0 41 8 20 2 1 0 0 4 0 0 0 0 8 1 1 0 0 0 0 0 0 0 1 0 0 0 0 19 0 0 0 24 0 0 0 0 0 0 27 0 0 0 2 0 0 0 0 2 0 0 0 0 0 0 0 0 0 0 0 0 1 0 0 0 3 0 0 1 7 0 2 0 0 0 0 0 0 0 0 0 0 0 0 0 0 0 0 0 0 0 0 0 2 0 0 0 0 0 
 5 2 2 2 2 2 2 2 2 2 2 2 2 2 2 2 2 7 2 2 0 0 0 0 0 0 0 0 2 0 2 0 0 0 0 0 0 0 0 0 0 113 106 40 52 19 247 271 240 241 248 41 59 399 214 47 32 459 49 154 2 0 0 16 5 2 0 1 0 0 0 0 2 2 0 3 1 0 0 0 0 0 0 0 0 0 0 0 0 0 0 0 0 0 7 0 0 0 0 0 0 0 0 0 0 0 0 0 0 0 0 0 0 0 0 0 0 0 0 0 1 18 24 0 0 0 11 28 0 23 0 0 0 3 19 36 1 0 0 0 0 0 0 0 0 0 0 0 0 0 0 0 0 0 0 0 4 0 0 0 0 0 0 0 0 0 0 0 0 5 23 0 0 0 0 0 0 3 0 0 0 0 0 0 0 0 0 0 0 1 0 0 6 0 11 0 0 0 0 0 0 28 22 0 0 0 0 36 38 0 53 0 0 29 5 25 36 1 1 1 0 0 0 0 0 0 0 0 0 0 0 0 0 0 0 0 0 0 0 0 0 0 0 0 0 0 0 0 0 31 0 10 0 2 27 0 0 0 0 2 0 0 1 0 2 0 2 0 0 0 0 0 0 0 0 0 0 0 0 0 0 0 0 16 0 0 0 0 2 0 
 0 0 0 0 0 0 0 0 0 0 0 0 21 0 0 0 0 0 0 0 0 0 0 0 0 0 0 0 0 0 0 0 0 0 0 0 0 0 0 0 113 0 277 65 34 56 36 330 282 45 30 46 54 117 234 279 96 29 32 66 1 0 0 0 7 3 1 0 0 5 2 57 1 0 0 13 0 0 0 7 0 0 0 0 0 0 0 0 0 0 0 0 0 0 0 0 0 0 0 0 0 0 0 0 0 0 0 0 0 0 0 0 0 0 0 0 0 0 0 0 0 18 16 23 9 4 0 1 29 48 40 8 0 0 0 34 35 21 0 0 0 0 0 0 0 0 0 0 0 0 0 0 0 0 2 0 0 0 7 3 0 0 0 0 0 0 0 0 9 0 6 0 0 0 0 0 0 3 0 0 0 0 0 0 0 0 0 0 0 0 0 0 0 0 0 0 0 0 0 0 0 0 30 22 12 0 0 1 26 19 22 38 0 0 0 21 19 34 0 0 0 0 0 0 0 0 0 0 0 0 13 1 3 0 0 0 0 0 3 3 0 0 1 0 0 56 0 0 0 0 0 13 0 0 1 0 0 0 0 24 0 0 0 0 0 11 0 0 0 0 10 0 0 0 0 0 0 0 0 0 0 0 0 0 16 15 0 0 0 0 
 2 0 0 0 0 0 0 0 0 26 0 0 14 6 4 0 0 2 0 0 3 0 0 0 0 0 0 1 0 0 0 0 0 0 0 0 0 0 0 0 106 277 0 125 49 40 49 68 217 1137 35 41 52 84 124 150 207 334 51 38 0 0 0 0 0 0 0 0 3 10 0 0 0 0 1 3 0 3 0 0 0 0 0 0 0 0 0 0 0 0 0 0 0 0 0 0 0 0 10 0 0 0 0 0 0 0 0 0 0 0 0 0 0 0 0 0 0 0 0 13 0 47 13 51 17 0 0 7 43 15 54 21 0 0 0 13 58 50 0 0 0 0 0 5 0 0 0 0 0 0 0 0 0 0 0 36 0 0 9 14 0 0 0 0 0 0 0 0 3 0 0 0 0 0 0 0 0 2 0 0 0 0 0 0 14 0 0 0 0 7 0 0 0 0 14 0 0 8 1 0 1 2 7 37 19 0 0 1 8 31 36 48 0 1 0 54 45 50 0 0 0 0 0 0 0 0 0 0 0 0 4 0 0 0 0 0 0 0 7 2 0 0 18 0 0 0 0 0 0 0 0 10 0 2 0 0 0 0 0 17 0 0 2 1 0 6 2 1 0 0 2 0 0 0 0 0 0 0 0 0 0 0 4 0 59 12 0 0 0 0 
 2 0 0 0 0 0 0 0 0 0 3 0 0 4 0 0 0 0 0 0 2 2 0 0 0 0 3 5 0 0 0 32 0 9 8 0 1 0 0 0 40 65 125 0 111 40 81 50 291 316 376 340 273 71 75 57 148 262 351 33 6 0 0 0 2 0 0 0 0 4 0 0 0 0 3 0 0 0 0 0 0 0 0 0 0 0 0 0 0 0 0 0 0 0 0 0 0 0 0 0 0 7 5 1 0 0 0 0 16 0 0 1 0 0 13 14 8 14 6 0 0 0 0 20 13 6 0 0 0 0 7 18 0 0 0 0 10 0 0 0 0 0 0 5 0 0 0 0 0 0 0 0 0 0 0 0 0 0 21 13 0 0 0 0 0 0 0 0 0 0 0 0 0 0 0 0 0 0 0 0 2 3 20 0 0 0 0 9 8 0 0 0 0 6 4 3 45 9 0 0 0 0 9 13 63 12 0 0 0 11 10 15 0 0 0 0 0 0 0 0 0 0 0 0 0 0 0 0 0 0 0 0 8 9 0 0 0 0 15 9 0 0 15 0 0 0 0 0 0 0 0 6 0 2 0 0 0 0 0 1 0 0 15 32 1 5 0 11 2 2 0 0 0 0 0 0 0 0 0 0 0 0 0 0 0 8 0 0 0 0 
 0 0 0 0 0 0 0 0 0 0 0 0 1 9 0 0 0 2 0 0 0 0 0 80 63 0 0 0 0 0 0 0 0 0 0 0 0 0 0 1 52 34 49 111 0 298 37 44 74 78 83 260 66 286 81 72 44 45 72 259 4 0 0 0 0 3 0 0 0 0 0 0 1 0 0 0 2 23 0 0 0 0 0 0 0 0 0 0 0 0 0 0 0 0 0 0 0 0 0 0 0 0 0 0 0 0 0 0 0 0 0 0 0 0 0 0 0 0 0 0 0 0 0 0 8 60 0 0 0 0 0 1 0 0 0 0 0 0 17 0 0 0 0 0 0 4 19 0 0 0 0 0 14 2 0 0 24 0 30 25 0 0 0 0 0 0 0 0 0 0 2 0 0 0 0 0 0 0 0 0 0 0 0 0 0 0 0 0 0 0 0 0 0 0 0 0 0 0 0 0 0 0 0 0 14 35 0 1 0 0 0 0 0 0 0 0 0 0 0 0 15 0 0 0 0 0 28 0 0 0 0 0 15 1 0 0 0 0 22 31 0 0 0 0 0 0 0 0 0 0 0 6 0 0 0 0 0 0 0 1 0 0 4 3 0 4 2 1 0 0 0 0 0 0 0 0 0 0 0 0 0 0 0 0 0 0 0 0 0 0 
 0 0 0 0 52 0 0 0 0 0 0 1 0 0 0 0 0 0 0 0 0 0 0 0 0 0 0 0 1 2 0 0 1 0 0 2 0 2 0 0 19 56 40 40 298 0 50 42 27 57 68 47 36 69 258 59 49 56 252 75 1 0 0 0 0 7 2 0 0 0 0 1 1 0 7 43 0 0 106 1 0 0 0 0 0 0 0 0 0 0 0 0 0 0 2 0 0 0 0 0 0 0 0 0 0 0 0 0 0 0 0 0 0 0 0 0 0 0 0 0 0 0 0 0 0 56 0 0 0 0 14 4 0 0 0 0 0 0 0 0 8 0 48 0 0 0 24 21 1 0 0 0 23 30 0 0 0 0 11 23 0 0 0 2 0 0 0 0 0 0 0 0 0 8 0 0 0 0 0 0 0 0 0 0 0 0 0 0 0 0 0 0 0 0 0 0 0 0 0 0 0 0 0 0 6 35 16 0 0 0 0 0 0 0 0 0 0 0 0 0 24 21 0 0 0 0 34 0 0 0 0 0 32 64 1 0 0 0 16 21 0 0 0 0 0 1 0 0 0 0 0 4 0 0 0 0 0 0 0 5 0 0 0 0 2 0 2 0 0 0 0 0 0 0 0 0 0 0 0 0 0 0 0 0 0 0 0 0 0 0 
 0 0 0 0 0 0 0 0 0 0 0 0 0 62 0 0 0 0 0 0 0 0 0 0 0 0 0 0 39 0 0 19 0 75 0 0 0 0 0 0 247 36 49 81 37 50 0 70 35 48 50 43 339 183 43 35 22 51 61 161 7 2 53 55 0 2 12 7 1 0 0 0 0 5 5 58 2 0 0 0 0 0 0 0 9 0 0 0 0 20 0 0 0 0 0 0 0 0 0 0 0 0 0 0 0 0 0 0 0 0 0 0 0 0 0 0 0 0 0 0 37 11 12 0 0 0 17 33 0 3 0 0 7 24 22 20 0 0 0 14 9 0 3 2 0 0 0 0 10 11 0 0 0 0 0 38 12 2 0 3 0 0 0 0 0 0 0 0 0 4 0 1 0 10 0 0 0 0 0 0 0 0 0 0 0 0 0 0 0 0 0 0 0 0 0 12 5 0 0 0 25 29 17 0 0 0 25 32 11 0 1 0 0 27 24 10 18 0 12 12 0 6 20 0 0 0 0 0 21 4 4 0 0 0 0 0 5 7 0 0 0 0 0 0 0 0 0 0 0 0 0 2 0 0 0 0 0 0 0 0 0 0 0 0 0 0 13 0 0 0 6 0 0 0 0 0 0 0 0 0 0 0 0 0 0 0 0 0 0 0 
 0 0 0 0 0 0 0 0 0 0 0 0 1 0 0 0 0 0 0 0 2 2 2 2 2 3 2 2 2 2 2 6 2 2 2 2 2 2 2 2 271 330 68 50 44 42 70 0 127 31 21 18 88 239 188 40 47 44 64 51 42 0 0 0 5 0 0 0 0 0 0 0 0 0 0 5 0 0 0 0 0 0 0 0 0 0 0 0 0 0 0 0 0 0 0 0 0 0 0 0 0 0 0 0 0 0 0 0 0 0 0 0 0 0 0 0 0 0 0 0 11 41 23 53 0 0 25 0 39 63 22 0 0 5 10 41 12 12 0 0 0 0 0 0 0 0 0 0 0 0 0 0 0 0 0 0 0 0 0 0 0 0 0 0 0 0 10 0 4 7 5 0 0 0 0 0 0 9 0 0 0 7 0 0 0 0 0 0 0 0 0 0 0 0 0 0 0 0 0 0 0 10 24 0 0 0 11 10 19 10 33 19 4 0 2 47 33 42 5 3 0 0 0 0 0 0 0 0 0 0 0 0 1 0 0 0 0 0 1 0 0 0 0 0 0 0 0 0 0 0 0 9 0 0 0 0 0 0 0 0 0 0 2 0 0 1 1 0 0 0 0 0 0 0 0 0 0 0 0 0 0 0 0 0 1 14 0 0 0 0 
 68 5 3 0 0 69 8 2 39 0 0 0 6 6 10 6 1 5 0 0 3 3 3 3 3 3 3 3 3 3 3 3 3 3 3 55 3 3 3 5 240 282 217 291 74 27 35 127 0 237 252 30 274 103 211 216 179 396 79 41 0 0 0 0 0 11 6 20 0 8 3 1 0 0 0 7 0 2 0 0 0 2 11 1 0 0 0 0 5 6 4 5 0 0 0 5 4 4 0 0 0 10 0 0 0 0 0 0 0 0 0 0 0 0 0 19 0 0 0 0 0 26 20 21 11 0 0 0 50 31 40 45 0 0 0 12 30 24 0 0 0 0 0 10 0 0 0 0 0 0 0 0 0 0 0 0 0 0 10 1 0 2 2 0 12 0 0 0 7 2 1 0 0 0 0 0 22 30 0 0 0 0 0 0 13 0 0 0 0 0 0 0 0 0 0 0 0 0 0 0 0 0 5 23 20 0 0 0 6 17 85 47 0 0 0 11 11 32 0 0 0 0 0 0 0 0 0 0 0 0 3 0 0 0 0 0 0 0 0 1 0 31 18 0 0 0 1 0 0 0 0 9 0 0 0 0 0 0 0 11 0 0 6 1 2 24 0 1 2 0 13 0 0 0 0 0 0 0 0 0 0 0 0 0 5 10 0 0 0 0 
 3 0 0 4 7 0 0 0 0 0 2 3 22 0 0 1 45 0 0 0 3 1 0 0 0 0 0 0 0 0 0 0 0 0 0 0 0 0 0 0 241 45 1137 316 78 57 48 31 237 0 491 132 27 151 298 272 141 217 72 61 1 0 0 0 0 0 0 0 0 7 0 0 0 0 3 0 0 0 0 0 0 0 0 7 3 0 0 0 20 1 0 1 0 0 0 0 0 1 0 0 0 0 0 0 0 0 0 0 0 0 0 0 0 0 0 0 0 0 17 1 0 0 0 13 13 0 0 0 1 0 9 22 0 0 0 0 28 11 0 0 0 0 0 9 0 0 0 0 0 0 0 0 0 0 0 0 0 0 6 5 0 0 0 2 9 0 0 0 25 0 12 0 18 0 0 0 0 1 0 0 0 0 0 0 0 0 2 0 28 0 0 0 1 0 0 0 0 0 10 2 0 0 39 61 34 11 0 0 0 42 12 25 0 0 15 0 0 11 0 0 0 0 0 0 0 1 0 0 0 0 4 0 13 0 0 0 0 0 26 1 0 0 15 0 0 0 8 0 0 0 0 7 0 2 0 0 0 0 0 42 0 0 67 121 0 12 9 86 0 0 16 0 0 0 0 0 0 0 0 0 0 0 0 0 14 3 0 0 2 0 
 0 0 0 0 0 0 0 0 0 61 6 0 0 5 0 0 0 0 2 0 0 0 0 0 0 1 0 0 0 0 0 0 0 61 0 2 0 0 0 0 248 30 35 376 83 68 50 21 252 491 0 270 41 42 54 113 281 254 41 55 14 0 0 0 0 0 7 6 0 1 0 0 1 23 9 0 0 0 0 1 0 0 0 0 0 0 0 0 0 0 0 0 0 0 0 0 0 0 0 0 0 0 0 0 0 0 0 0 0 0 0 0 0 0 0 0 16 0 0 0 0 0 0 33 17 9 0 0 0 0 6 17 0 0 0 0 9 0 0 0 0 1 23 12 0 0 0 0 9 1 0 0 1 4 0 7 11 4 51 18 0 0 0 0 0 0 0 0 0 0 0 0 0 0 0 0 0 0 0 0 0 0 0 0 0 0 12 0 0 0 0 0 0 0 0 0 0 0 0 0 0 0 0 19 36 27 0 0 0 15 13 31 0 0 0 0 0 0 0 0 1 6 9 0 0 0 0 0 0 3 3 0 6 0 10 25 0 6 12 20 0 0 10 0 0 0 0 0 0 0 0 11 0 0 0 0 0 0 0 8 0 0 39 36 0 2 0 34 0 0 1 0 0 0 0 0 0 0 0 0 0 0 0 0 0 9 0 0 0 0 
 0 0 0 0 0 0 0 0 0 0 0 0 0 0 62 0 0 0 0 0 0 1 0 2 0 0 0 0 0 0 0 0 0 1 0 0 0 2 0 0 41 46 41 340 260 47 43 18 30 132 270 0 36 29 19 34 72 67 41 37 6 0 0 0 0 1 0 0 0 0 0 0 0 0 2 0 0 0 3 40 0 0 14 0 0 0 0 0 0 0 0 0 0 0 0 0 0 0 0 0 0 0 0 0 0 0 0 0 0 0 0 0 0 21 0 0 0 0 0 0 0 0 0 41 9 39 0 0 0 0 0 0 0 0 0 0 0 0 0 0 0 0 0 0 0 0 1 0 0 0 0 0 0 16 1 0 0 0 16 35 0 0 0 0 0 0 0 0 0 0 0 0 0 0 0 0 0 0 0 0 0 0 0 0 0 0 0 0 0 0 0 0 0 0 0 0 0 0 0 0 0 0 0 0 15 38 0 0 0 0 0 0 0 0 0 0 0 0 0 0 0 0 0 0 0 0 3 0 0 0 0 26 12 0 15 0 0 0 29 21 0 0 0 0 0 0 0 0 0 0 0 4 0 1 0 0 0 0 0 1 0 0 109 87 2 4 2 69 0 0 0 0 0 0 0 0 0 0 0 0 0 0 0 0 0 0 0 0 0 0 
 0 0 0 0 0 0 0 0 0 0 0 0 0 0 0 0 0 0 0 0 2 2 2 2 2 2 2 2 2 2 2 2 2 2 2 2 2 2 2 2 59 54 52 273 66 36 339 88 274 27 41 36 0 76 41 32 164 239 394 206 0 0 1 12 0 0 0 0 0 0 0 49 0 0 0 0 0 0 0 0 0 0 0 0 0 0 0 15 0 0 0 0 0 0 0 0 0 0 0 0 0 0 0 0 0 1 0 0 0 0 0 0 0 0 0 0 0 0 0 0 31 1 17 0 0 0 16 32 0 0 0 0 6 21 41 0 0 0 0 25 0 0 0 0 0 0 0 0 0 0 6 0 0 0 0 0 4 13 0 0 0 0 0 0 0 0 0 0 8 0 1 5 0 0 0 0 0 0 0 0 0 0 0 0 0 0 0 0 0 0 0 0 0 0 0 0 0 0 0 0 27 26 3 0 0 0 48 17 1 0 0 0 13 40 16 0 7 0 15 11 0 0 0 0 0 10 0 0 19 0 18 0 0 0 0 0 0 0 0 0 0 0 0 0 0 0 0 0 0 0 0 5 1 0 0 0 0 0 0 0 0 0 1 0 0 0 0 0 0 0 0 0 0 0 0 0 0 0 0 0 0 0 0 0 0 0 0 0 0 0 
 3 2 3 3 3 3 3 3 2 2 2 68 2 5 2 3 3 3 3 3 0 0 0 3 4 12 4 0 0 0 28 7 0 0 0 0 0 0 0 0 399 117 84 71 286 69 183 239 103 151 42 29 76 0 357 65 38 334 92 193 0 0 0 0 0 0 0 0 0 4 0 0 0 0 0 1 0 0 0 0 0 0 0 0 0 0 0 10 0 0 0 0 0 0 34 0 0 0 0 0 0 0 0 0 3 19 0 8 0 0 0 0 0 0 0 0 0 0 0 0 0 19 14 7 11 0 0 10 14 71 15 7 10 0 13 55 10 8 8 3 0 0 0 0 0 0 0 0 0 0 0 0 0 0 0 0 4 0 14 0 0 0 0 0 0 0 0 0 0 7 5 0 0 0 0 0 0 7 0 0 0 0 0 0 7 13 0 0 0 1 0 0 0 0 21 0 0 0 0 0 2 29 51 31 12 0 6 18 13 24 35 12 4 10 0 62 30 12 0 1 0 0 0 0 0 0 0 0 0 0 0 0 0 0 0 0 0 20 0 0 0 0 10 0 0 63 0 0 0 19 0 6 0 0 0 0 0 0 2 0 0 0 2 0 0 2 0 1 2 0 0 0 0 0 0 0 0 0 0 0 0 4 0 0 0 10 0 0 1 0 
 2 0 0 0 0 0 0 0 0 0 0 0 1 0 0 6 0 0 0 0 2 4 7 2 2 62 2 3 5 3 5 4 3 3 2 11 5 3 2 3 214 234 124 75 81 258 43 188 211 298 54 19 41 357 0 371 109 269 95 129 0 0 2 0 9 0 0 0 0 5 0 1 0 45 2 13 2 1 0 0 0 0 0 0 0 0 0 0 0 0 0 0 0 0 0 0 0 0 0 0 0 0 0 2 2 0 0 0 0 2 4 0 0 0 0 2 0 2 20 0 0 38 21 28 9 0 0 0 49 49 42 0 0 0 0 35 34 1 1 0 0 0 0 0 0 0 0 0 0 0 0 0 0 0 0 0 2 0 10 0 0 0 0 0 0 0 0 0 5 14 12 0 0 0 0 0 0 4 0 0 0 2 0 4 1 0 0 0 0 4 0 4 0 44 0 3 0 0 0 0 0 8 46 19 0 0 0 3 41 24 26 26 0 0 0 37 21 37 0 1 0 0 0 0 0 0 0 0 0 0 0 0 1 0 0 0 0 0 1 0 0 0 4 0 0 0 0 0 0 29 0 10 0 19 0 0 0 0 2 3 0 0 2 0 0 3 2 0 0 0 0 0 0 0 0 0 0 0 0 0 0 0 0 0 0 0 0 0 2 0 
 0 1 0 0 0 0 0 0 0 0 6 0 11 5 0 0 0 0 0 0 0 0 0 0 0 0 0 0 0 0 0 0 0 0 0 0 0 0 0 0 47 279 150 57 72 59 35 40 216 272 113 34 32 65 371 0 305 222 53 44 0 0 3 0 0 0 0 0 3 9 0 0 0 0 1 3 0 0 0 0 0 0 0 0 0 0 0 0 0 0 0 0 0 0 0 0 0 0 0 0 0 0 0 0 0 0 0 0 0 0 0 0 0 0 0 0 0 0 0 0 0 25 8 35 11 0 0 0 37 16 43 44 0 0 0 0 45 18 0 0 0 0 0 5 0 0 0 0 0 0 0 0 0 0 0 0 0 0 9 0 0 0 0 0 0 9 0 0 1 0 0 0 0 0 0 0 0 1 0 0 0 0 0 0 0 0 0 0 0 0 0 0 0 0 3 0 0 0 0 0 0 0 4 31 19 2 0 0 0 39 24 44 0 0 0 15 0 68 0 0 0 0 0 0 0 0 0 0 0 0 5 0 1 0 0 14 0 0 8 1 0 0 27 0 0 0 0 0 0 0 0 2 0 0 0 0 0 0 0 7 0 0 1 1 0 24 1 1 0 0 1 0 0 0 0 0 0 0 0 0 0 0 0 0 14 13 0 0 0 0 
 0 0 0 0 0 0 0 0 0 0 0 0 22 8 0 2 0 4 0 0 3 3 2 3 3 3 3 3 3 3 3 3 2 2 3 3 6 3 2 2 32 96 207 148 44 49 22 47 179 141 281 72 164 38 109 305 0 323 46 46 0 0 0 0 1 3 3 0 2 6 1 0 0 0 0 1 0 0 2 0 0 0 0 0 0 0 0 0 0 0 0 0 0 0 0 0 0 0 0 0 0 0 0 0 0 0 0 0 0 0 0 0 0 0 0 0 0 0 0 0 0 12 0 18 25 1 0 0 12 1 12 30 0 0 1 0 9 26 0 0 0 0 0 27 0 0 0 0 0 0 0 0 0 0 9 0 0 9 10 5 0 0 0 0 0 0 0 0 0 0 0 0 0 0 0 0 0 0 0 0 0 0 0 0 0 0 0 0 0 0 0 0 0 0 0 0 0 0 0 0 0 1 11 33 25 0 0 0 1 29 22 27 1 1 0 10 0 11 0 0 0 0 0 0 0 0 0 0 0 0 3 0 15 0 0 0 0 0 1 1 0 0 10 0 0 0 0 0 0 0 0 7 0 0 0 0 0 0 1 22 0 0 62 66 0 9 0 0 0 0 8 0 0 0 0 0 0 0 0 0 0 0 0 0 14 10 0 0 0 0 
 5 3 3 3 3 3 3 3 3 3 3 3 25 9 4 3 3 3 3 3 3 2 3 2 2 2 5 3 2 2 5 2 3 3 3 2 2 5 2 3 459 29 334 262 45 56 51 44 396 217 254 67 239 334 269 222 323 0 44 274 0 0 0 0 0 0 0 0 207 10 0 0 0 0 2 2 0 0 0 0 0 0 0 0 0 0 0 0 0 0 0 0 0 0 7 0 0 0 0 0 0 0 0 0 0 0 0 0 0 33 0 0 0 0 0 0 0 0 0 0 0 5 8 24 62 0 0 6 11 1 8 37 0 0 0 10 23 26 0 0 0 0 0 21 0 0 22 0 0 0 0 0 0 0 0 0 0 0 13 5 0 0 0 0 0 0 10 0 0 0 0 0 0 20 0 0 0 0 0 0 0 0 0 0 0 0 0 0 0 0 0 0 0 0 0 0 21 0 0 0 1 0 50 66 20 15 0 0 9 61 11 24 0 0 0 0 30 11 0 0 0 0 0 0 0 0 0 0 0 0 1 0 17 0 0 0 0 0 3 0 0 0 6 0 0 0 0 0 0 0 0 9 0 2 0 0 0 0 0 17 0 1 64 64 2 14 0 81 0 0 9 0 0 0 0 0 0 0 0 0 0 0 5 0 18 11 0 0 0 0 
 0 0 0 0 0 0 0 0 0 0 0 0 0 0 0 0 0 0 0 0 3 3 207 64 1 186 3 0 0 6 0 0 0 0 0 0 0 0 0 2 49 32 51 351 72 252 61 64 79 72 41 41 394 92 95 53 46 44 0 176 3 0 0 3 0 0 0 0 0 0 0 0 0 0 0 0 0 0 0 0 0 0 0 25 0 0 0 0 0 0 0 0 0 0 0 0 0 0 0 0 0 0 0 0 0 1 0 0 0 0 1 0 0 0 0 0 0 0 3 0 43 0 11 13 0 0 18 24 9 1 0 0 20 48 8 9 8 9 20 13 0 0 0 0 0 2 0 0 0 0 0 0 0 0 0 1 0 10 0 3 0 0 0 0 0 0 0 0 0 0 0 8 0 0 0 0 0 0 0 0 0 0 0 0 0 1 0 0 0 0 0 0 0 0 0 34 20 0 0 0 51 4 4 11 0 0 47 1 10 14 28 1 18 20 40 0 9 7 54 21 0 0 0 0 0 0 0 0 0 0 0 0 0 0 0 0 0 0 0 0 0 0 0 0 0 0 1 0 0 0 0 0 0 1 0 1 0 0 0 0 0 0 1 1 2 1 2 0 0 0 0 0 0 0 0 0 0 0 0 0 0 0 4 0 5 0 0 0 0 0 
 1 0 0 0 0 0 0 0 0 0 0 0 71 6 0 0 0 0 0 0 1 1 0 1 1 2 1 1 1 2 1 1 0 1 1 1 1 1 1 0 154 66 38 33 259 75 161 51 41 61 55 37 206 193 129 44 46 274 176 0 0 0 0 23 1 0 0 0 0 0 0 0 0 0 0 0 0 0 25 0 0 0 0 0 0 0 0 0 0 0 0 0 9 0 0 0 11 0 0 0 0 0 0 0 0 0 0 0 0 0 0 0 0 0 0 0 0 0 0 0 16 2 14 0 0 0 20 28 0 13 1 0 43 24 32 9 0 0 0 21 0 0 0 0 0 3 20 0 0 0 0 0 0 0 2 0 6 0 9 15 0 0 0 0 0 0 7 0 1 11 0 4 0 0 15 0 0 0 0 0 0 0 0 0 0 0 0 0 0 0 0 0 0 0 0 0 0 0 0 0 37 24 20 0 0 0 17 26 3 0 2 0 0 55 26 23 25 0 19 17 0 0 0 0 0 0 3 0 10 0 0 0 5 0 0 0 0 0 5 0 0 0 0 0 0 0 0 0 0 0 0 8 0 1 0 0 0 0 0 2 0 0 2 0 0 0 0 0 0 11 0 0 0 0 0 1 0 0 0 0 0 0 0 0 0 0 0 2 1 0 
 4 0 0 0 0 0 0 0 0 0 0 0 0 4 0 0 0 47 0 0 2 5 2 2 2 3 2 2 2 3 2 2 2 2 2 2 2 2 2 2 2 1 0 6 4 1 7 42 0 1 14 6 0 0 0 0 0 0 3 0 0 131 85 52 46 42 448 266 40 24 31 33 84 88 264 41 46 39 42 145 0 0 0 0 0 0 0 0 0 0 0 0 0 0 0 0 0 0 0 0 0 0 0 0 0 0 0 0 0 0 6 0 0 0 0 0 0 0 0 0 0 0 0 8 0 19 0 0 0 0 0 1 0 0 0 0 0 0 0 0 0 13 25 21 1 0 0 5 10 16 9 0 3 18 13 23 35 1 1 9 0 0 0 1 0 0 0 0 0 0 0 0 0 1 0 0 5 0 0 0 0 0 0 0 0 0 0 0 0 0 0 0 0 0 0 0 0 0 0 0 0 0 0 0 0 6 0 0 0 0 0 0 0 0 0 0 0 0 0 0 0 43 15 9 0 0 3 24 7 35 16 0 0 0 13 32 16 35 9 15 0 0 0 0 0 0 0 0 0 0 0 0 0 0 15 0 0 0 0 0 0 0 0 0 0 0 0 7 0 0 19 0 0 1 1 0 0 0 0 0 0 0 0 14 0 1 0 15 0 0 
 4 2 2 2 2 2 2 2 2 2 2 2 2 2 2 2 2 2 2 58 0 0 0 0 0 0 0 0 0 0 2 0 0 0 0 0 0 0 0 0 0 0 0 0 0 0 2 0 0 0 0 0 0 0 0 0 0 0 0 0 131 0 287 60 47 42 310 364 164 34 17 29 44 105 226 266 154 32 37 37 0 0 0 0 0 0 0 0 0 0 0 0 0 0 3 0 0 0 0 0 0 0 0 0 0 0 0 0 0 0 0 0 0 0 0 0 0 0 0 0 0 0 0 0 0 0 0 0 0 4 0 0 0 0 0 10 0 0 0 0 0 7 10 22 7 7 0 4 0 15 5 0 0 0 13 18 2 4 0 0 0 0 0 0 0 0 0 0 0 0 0 0 0 0 0 3 3 0 0 0 0 0 0 0 0 0 0 0 0 0 0 0 0 0 0 0 0 0 0 7 0 0 0 0 0 0 0 0 0 0 0 0 0 0 0 0 0 0 0 0 0 0 18 15 4 20 0 1 13 69 66 9 0 1 8 22 12 29 0 0 9 0 0 0 0 0 0 0 0 0 0 0 0 0 7 0 0 0 0 0 0 0 0 0 0 0 5 0 0 0 26 0 0 0 0 0 0 0 0 0 0 0 0 0 0 0 0 16 0 0 
