 0 83 68 49 309 27 444 406 54 61 25 47 70 403 383 60 52 48 347 40 0 0 0 0 2 3 3 0 0 1 0 2 0 0 0 2 1 2 0 3 0 3 2 0 1 0 4 0 0 0 0 31 0 0 0 0 0 0 0 0 1 0 0 37 0 0 0 3 0 0 46 0 0 0 0 3 0 0 0 0 68 60 5 0 17 0 13 38 23 2 1 0 13 88 27 34 28 0 2 55 0 0 0 0 0 0 0 0 0 0 0 0 0 0 0 0 0 0 0 0 0 0 0 0 0 0 15 0 0 0 0 0 0 0 0 0 18 0 0 0 0 6 0 4 0 0 2 0 14 0 0 2 0 0 0 0 0 0 0 0 0 36 31 0 0 1 0 67 25 19 3 0 0 38 17 28 61 1 0 0 0 0 0 0 0 0 0 0 0 0 0 0 0 0 0 0 0 0 1 0 0 0 0 0 2 0 0 0 0 0 1 0 0 0 0 0 0 0 0 2 0 0 0 0 0 0 0 0 0 0 0 0 0 0 0 0 0 0 0 0 0 2 0 0 0 0 0 1 2 0 0 6 0 0 0 24 0 0 0 0 0 0 0 0 0 0 0 0 0 0 1 0 0 0 2 1 0 0 0 0 0 0 0 0 0 0 0 0 0 0 
 83 0 477 58 30 25 70 559 408 116 49 56 34 61 428 400 296 89 58 39 0 0 0 0 0 0 2 0 0 0 0 4 2 0 1 1 0 2 1 3 0 3 1 0 0 0 2 0 0 0 0 1 2 0 0 0 0 0 0 0 2 0 0 2 0 0 0 3 0 0 2 0 0 0 0 3 0 4 0 0 5 47 42 0 0 0 0 11 42 48 11 10 0 16 14 34 30 42 0 0 9 0 0 0 1 0 0 0 0 0 0 0 0 0 0 0 0 0 0 0 0 0 0 0 0 0 0 27 0 0 0 1 0 0 0 0 0 0 1 1 0 0 0 3 0 17 0 0 2 0 0 0 0 1 0 0 0 0 0 0 0 31 54 24 13 0 1 42 57 41 28 0 0 1 10 11 29 37 0 17 0 0 0 0 0 0 0 0 0 0 0 0 0 0 1 0 0 2 0 0 0 0 0 0 0 0 0 0 0 0 0 1 0 1 0 0 0 0 0 0 0 0 0 0 0 7 0 12 2 0 0 0 0 0 0 0 0 0 0 0 0 1 0 0 0 2 2 0 0 0 0 4 9 0 0 0 0 0 0 0 0 0 13 0 0 0 0 0 0 5 0 0 0 2 0 23 6 1 0 0 0 0 0 0 0 0 0 0 0 0 
 68 477 0 103 62 243 52 108 199 343 255 36 148 47 262 256 440 401 295 257 0 0 0 0 3 0 3 0 39 0 0 2 0 2 0 4 42 1 0 3 0 3 3 0 2 3 2 0 0 0 0 1 2 0 0 43 0 1 0 0 0 0 0 2 0 0 0 5 53 2 3 0 0 0 0 4 0 0 0 0 0 6 53 0 0 0 0 0 22 34 17 22 0 0 9 27 25 43 0 0 0 0 0 0 0 0 0 0 0 0 0 0 0 0 0 0 0 0 0 0 0 0 0 0 0 0 0 21 0 0 0 0 0 3 0 0 0 0 0 0 0 0 0 0 0 19 0 0 0 0 0 0 0 0 0 0 0 0 0 0 0 55 10 28 10 1 1 0 24 14 23 27 0 0 6 0 10 44 0 12 0 0 0 0 0 0 0 0 0 0 0 0 0 0 0 0 0 14 1 0 0 0 0 0 0 0 0 0 0 0 0 0 0 0 13 0 0 0 0 0 0 0 0 0 0 0 0 0 0 0 0 0 0 0 0 0 0 0 0 0 0 13 0 0 0 0 5 0 1 2 0 14 22 0 0 0 0 0 0 0 0 0 10 0 0 0 0 0 0 0 0 0 0 0 0 24 10 21 0 0 0 0 0 0 0 0 0 0 0 0 
 49 58 103 0 100 35 114 92 86 470 201 385 73 52 49 79 168 414 80 75 3 73 3 3 0 0 2 6 0 0 0 2 2 0 2 1 2 1 0 5 2 3 0 5 0 4 2 0 0 0 5 7 3 0 61 6 0 0 0 5 3 0 0 3 0 1 0 3 0 6 4 70 0 0 0 8 1 0 0 6 0 0 0 83 41 17 0 0 0 37 34 35 0 0 0 0 1 24 0 0 0 0 0 0 0 0 0 0 0 0 0 0 33 0 0 0 0 0 0 1 1 0 0 0 17 0 0 0 0 0 0 0 0 18 0 0 0 0 0 0 19 0 0 0 0 0 0 7 0 0 1 0 0 0 0 0 23 0 0 0 0 0 0 11 14 21 3 0 0 0 39 35 0 0 0 13 0 0 0 13 0 0 0 0 0 0 0 0 0 0 0 0 9 0 0 0 0 0 1 1 0 0 0 0 0 0 34 0 0 0 0 10 0 0 0 0 0 0 0 0 0 0 0 0 0 0 0 0 0 0 0 0 0 0 0 0 0 0 0 0 0 20 0 0 0 0 64 0 2 16 0 0 0 0 0 0 0 0 0 0 0 0 0 0 0 0 0 0 0 0 0 0 0 0 0 0 0 18 0 0 0 0 0 0 0 0 0 0 0 0 
 309 30 62 100 0 326 56 273 79 93 106 536 90 287 293 209 288 362 77 90 2 0 209 0 0 0 5 0 0 73 1 3 0 47 0 0 0 0 1 4 1 3 2 0 1 0 67 0 0 0 0 1 0 7 0 0 0 0 0 0 1 0 0 2 0 0 0 3 0 0 3 0 0 0 66 3 1 0 0 0 0 0 0 69 25 46 2 0 0 0 0 12 0 17 0 0 0 2 0 2 0 0 0 0 0 0 0 0 0 0 2 17 35 1 7 0 0 0 20 21 0 0 29 0 0 0 0 0 0 0 0 0 0 0 0 2 2 0 0 0 0 0 0 0 0 0 0 3 0 0 0 0 0 0 0 0 0 0 0 0 9 0 0 3 6 32 1 0 0 0 0 1 0 1 2 0 0 0 0 0 0 0 0 0 0 0 13 21 0 1 0 2 21 7 0 0 2 0 11 15 0 0 0 0 0 0 0 0 0 0 0 0 0 0 2 0 0 0 0 0 0 0 44 0 0 0 0 0 0 0 0 0 0 0 0 0 0 10 0 0 0 0 0 0 0 8 1 0 4 9 0 24 0 0 0 0 0 0 0 0 0 0 0 0 0 0 0 0 0 0 0 0 0 0 0 0 0 0 0 0 0 0 0 0 0 0 0 0 0 0 
 27 25 243 35 326 0 41 327 57 43 73 270 19 56 39 60 48 42 237 61 0 0 0 0 0 2 3 0 2 2 3 2 35 2 0 3 3 0 225 3 4 3 3 0 2 0 2 0 4 4 3 1 0 60 2 0 2 0 0 0 0 3 3 2 0 3 0 2 2 0 6 2 0 2 31 2 0 0 3 0 0 0 0 1 22 27 0 0 0 0 0 0 0 0 0 0 0 0 0 0 1 1 6 0 0 0 42 0 0 0 0 0 17 12 4 0 0 0 55 16 0 0 35 0 0 0 0 0 0 0 0 0 0 0 0 0 0 0 0 0 11 0 0 0 0 0 0 0 0 0 0 0 0 9 0 0 0 0 0 0 0 0 0 7 0 26 2 0 0 0 1 0 0 0 4 0 0 0 0 0 9 0 0 0 0 0 15 0 0 0 0 0 21 45 1 0 0 0 35 39 0 0 0 0 0 0 0 0 0 0 0 0 0 0 0 0 0 0 0 0 0 0 0 0 0 0 0 0 0 0 0 0 0 0 0 0 0 0 0 0 0 0 0 0 0 0 0 0 0 0 1 10 0 0 0 0 0 0 0 0 0 0 0 0 0 0 0 0 2 0 0 0 0 2 3 0 0 0 0 0 0 0 0 0 0 0 0 0 0 0 
 444 70 52 114 56 41 0 76 56 38 33 56 451 422 50 260 36 36 70 428 11 0 3 0 4 0 68 0 0 0 0 2 5 2 4 3 0 1 0 3 0 5 3 0 2 5 2 0 0 3 0 64 3 0 0 1 0 0 0 0 0 0 2 2 0 0 0 2 0 0 3 0 1 2 0 2 0 3 2 3 50 4 0 0 2 0 20 26 14 0 0 0 17 45 48 26 27 0 20 30 0 0 0 0 0 0 10 0 0 0 0 0 0 0 0 0 1 0 0 0 0 0 0 0 0 0 0 1 0 0 0 0 0 0 0 0 0 0 0 0 0 6 0 1 0 0 0 1 2 0 0 0 0 0 0 0 2 0 0 0 34 37 0 0 0 0 10 30 1 1 8 2 10 30 20 15 11 0 3 0 0 0 0 0 0 0 0 0 0 0 1 0 0 0 0 0 0 0 0 0 0 0 0 0 0 0 0 0 0 0 0 0 0 0 0 2 0 0 2 0 0 0 0 0 0 0 0 0 0 0 0 0 0 0 0 0 0 7 0 0 0 0 0 0 0 0 0 0 2 0 2 18 0 0 0 0 0 0 0 0 0 0 0 0 0 0 0 0 0 0 0 0 0 0 0 0 1 0 0 0 0 0 0 0 0 0 0 0 0 22 
 406 559 108 92 273 327 76 0 102 19 29 115 112 415 203 460 480 125 63 74 0 3 4 2 0 0 4 3 4 0 0 2 80 0 4 2 0 1 0 5 3 3 1 0 0 0 2 0 3 3 23 63 0 0 1 0 0 0 3 0 3 3 0 5 0 0 0 3 1 0 1 0 2 0 2 3 0 3 0 0 33 62 48 0 0 0 0 50 9 47 0 0 0 54 0 66 26 26 0 17 0 0 0 0 0 0 0 0 0 0 0 0 0 0 0 0 0 0 0 0 0 0 0 0 0 0 0 21 0 0 0 0 0 0 0 0 0 0 0 0 0 3 0 20 0 20 16 0 3 0 2 0 0 0 0 0 0 0 0 0 1 36 31 0 0 0 0 10 43 44 2 0 0 10 16 28 19 47 0 0 0 0 0 0 0 0 0 0 0 0 0 0 0 0 0 0 0 0 0 0 12 0 0 0 0 0 0 0 0 0 0 0 0 0 0 0 0 0 0 0 0 0 0 2 0 0 0 0 0 10 0 0 0 0 0 0 0 0 0 0 0 0 0 0 0 2 1 0 0 0 0 0 9 0 0 0 0 0 0 0 0 0 1 0 0 0 0 0 0 0 0 0 0 0 0 22 11 1 0 0 0 0 0 0 0 0 0 0 0 0 
 54 408 199 86 79 57 56 102 0 342 259 19 87 90 76 200 246 388 86 75 0 3 0 37 2 0 4 0 0 0 0 2 0 2 0 4 0 1 0 3 0 3 2 79 1 0 2 0 0 0 0 1 0 0 0 0 0 0 0 0 2 0 0 4 0 0 0 35 0 0 3 0 0 6 0 3 0 0 0 1 0 7 47 0 0 0 0 0 35 41 36 27 0 0 35 20 38 38 0 0 0 2 0 0 0 0 0 0 0 0 0 0 0 0 8 0 0 0 5 0 0 2 0 0 0 0 0 13 0 0 0 11 0 0 0 0 0 0 0 1 0 0 0 0 0 17 0 0 0 0 0 0 0 0 2 0 0 0 0 0 0 13 9 33 11 1 0 0 26 15 21 28 2 0 16 0 9 47 0 12 0 0 0 0 0 0 0 0 0 0 0 0 0 0 0 0 0 2 0 0 0 0 0 0 0 0 0 0 0 0 0 0 0 0 0 0 0 0 0 0 0 0 0 0 0 0 0 0 2 0 0 0 0 0 0 0 0 0 0 0 0 13 0 0 1 1 4 0 1 2 0 10 6 0 0 0 0 0 0 0 0 0 10 0 0 0 0 0 0 0 0 0 0 2 0 30 17 12 0 0 0 0 0 0 0 0 0 0 0 0 
 61 116 343 470 93 43 38 19 342 0 351 50 58 312 124 378 364 80 100 97 0 0 2 2 38 1 2 2 1 1 2 3 0 1 2 7 1 3 0 3 0 3 3 2 2 6 6 2 2 1 2 2 0 0 2 2 2 0 2 0 3 0 2 5 2 0 0 11 6 4 4 3 3 0 0 9 2 0 0 0 1 0 19 26 0 7 0 1 37 16 34 11 0 0 28 11 26 34 0 0 0 0 0 0 0 0 0 0 0 0 0 0 2 0 0 8 0 0 0 0 0 0 0 0 15 0 0 1 0 0 0 1 0 13 2 0 0 0 0 0 0 1 0 0 0 0 0 0 15 0 0 0 0 0 0 0 0 0 0 0 0 1 13 33 25 0 0 0 9 3 26 42 7 0 1 0 15 17 0 15 0 0 0 0 0 0 0 0 0 0 0 0 2 0 1 0 0 0 10 0 0 0 0 0 0 2 0 0 0 0 0 15 0 1 0 0 0 0 0 0 0 0 0 0 0 0 0 0 0 0 0 0 2 0 0 30 0 0 0 0 0 29 0 0 0 2 181 0 0 91 2 5 2 0 0 0 0 0 2 0 0 0 14 2 0 0 0 0 0 0 0 0 2 0 0 0 0 10 0 0 0 0 0 0 0 0 0 0 0 0 
 25 49 255 201 106 73 33 29 259 351 0 455 44 50 46 103 208 410 42 68 0 3 2 0 0 0 5 0 3 0 0 5 0 0 4 1 2 4 2 3 0 3 67 0 1 0 2 0 0 0 2 1 3 0 0 0 2 2 0 0 0 0 0 2 0 0 0 3 0 0 3 0 2 0 0 3 0 0 0 0 0 2 0 58 41 15 0 0 0 16 37 37 0 0 0 0 1 21 0 0 0 0 0 0 0 0 0 0 2 0 0 2 30 0 0 0 2 0 0 1 0 0 0 0 17 0 0 1 0 0 0 0 0 17 0 0 0 0 0 0 19 0 0 0 0 0 0 0 0 0 1 0 0 0 0 0 2 0 0 0 0 0 0 6 17 13 1 0 0 0 9 35 0 0 0 0 0 0 0 10 0 0 17 0 0 0 1 0 0 0 0 0 10 0 0 0 0 0 1 1 0 0 0 0 0 0 0 0 0 0 0 11 0 0 0 0 0 0 2 0 0 0 0 0 0 0 0 0 0 0 0 0 0 0 0 0 0 0 12 0 0 17 0 0 0 2 124 0 0 52 2 6 1 0 0 0 0 0 0 0 0 0 0 0 0 0 0 0 0 0 0 0 0 0 0 1 0 18 0 0 0 0 0 0 0 0 0 0 0 0 
 47 56 36 385 536 270 56 115 19 50 455 0 39 60 26 47 67 95 93 71 83 22 0 0 0 4 3 0 0 0 1 10 0 0 0 2 0 1 0 4 0 3 3 0 5 5 3 0 39 0 3 5 0 0 0 0 3 0 3 0 0 0 0 2 3 0 0 1 0 0 3 2 0 2 0 2 2 3 0 0 0 2 0 75 54 27 0 0 1 21 25 27 0 0 0 1 0 56 0 0 0 19 0 0 0 0 11 0 0 0 1 0 34 0 0 0 0 0 0 12 0 0 0 0 19 0 0 0 0 0 0 0 0 42 0 0 0 0 0 0 14 0 0 0 7 0 0 0 0 0 0 0 0 0 0 0 0 0 0 10 0 0 0 1 19 32 4 0 0 0 17 13 0 2 1 0 0 0 0 3 0 0 0 0 0 0 13 0 0 0 0 0 11 19 10 0 0 0 16 17 0 0 0 0 0 0 0 0 0 0 0 14 0 0 18 2 0 0 2 0 0 24 0 0 0 0 0 0 0 0 0 0 0 0 0 0 0 0 0 0 0 0 0 0 0 5 191 2 0 176 0 1 0 0 0 0 0 0 0 0 0 0 0 0 0 0 0 0 0 0 0 0 0 0 0 0 0 0 0 0 0 0 0 0 0 0 0 0 0 0 
 70 34 148 73 90 19 451 112 87 58 44 39 0 87 74 46 26 38 522 223 0 0 0 2 2 0 3 0 0 0 3 2 0 0 0 1 0 2 0 3 0 3 2 2 1 0 2 0 0 0 0 0 0 0 0 11 0 0 0 0 0 0 0 2 0 39 0 2 0 0 3 0 0 0 0 2 0 0 0 3 60 0 0 0 0 0 33 0 30 0 0 0 52 30 43 2 0 0 33 42 0 0 0 0 0 0 0 0 0 0 0 0 0 0 0 0 0 0 0 0 0 0 0 0 0 0 0 0 5 0 0 0 0 0 0 0 0 0 0 0 0 18 0 0 0 0 0 0 2 0 1 0 0 0 0 0 0 0 0 0 42 10 0 0 0 0 1 40 0 0 0 0 15 60 10 0 0 0 14 10 0 0 0 0 0 0 0 0 0 0 0 0 0 0 0 0 0 0 0 0 0 0 0 0 0 0 0 0 0 0 0 0 0 0 0 0 0 0 0 0 0 0 0 0 0 0 0 0 0 0 0 0 0 0 0 0 0 0 0 0 0 0 0 0 0 0 1 2 0 2 0 3 0 0 0 0 0 0 0 0 0 0 0 0 0 0 0 0 0 0 0 0 0 0 0 0 0 0 0 0 0 0 0 0 0 0 0 0 0 0 
 403 61 47 52 287 56 422 415 90 312 50 60 87 0 458 32 28 31 344 77 0 0 0 0 0 1 2 0 0 1 0 2 0 1 0 1 0 2 0 3 0 3 0 0 62 0 2 0 0 0 0 33 0 0 0 0 0 1 0 0 3 0 0 3 0 0 0 3 0 0 1 0 0 0 0 3 3 0 0 0 39 50 0 0 0 0 13 42 18 2 1 0 13 37 38 25 19 0 0 26 0 0 0 0 0 0 0 0 0 0 0 0 0 0 0 0 0 0 0 0 0 0 0 0 0 0 0 1 0 0 0 0 0 0 0 0 0 0 0 0 0 14 0 7 0 0 8 0 11 0 3 0 0 1 0 40 0 0 0 0 0 22 39 0 0 0 0 52 13 16 1 0 0 37 23 17 34 0 0 6 0 0 0 0 0 0 0 0 0 0 10 0 0 0 0 0 0 0 0 0 0 0 0 0 0 0 0 0 0 2 0 0 0 0 0 0 13 0 0 8 0 0 0 0 0 0 0 0 0 0 0 0 0 0 0 0 0 1 0 0 0 0 0 0 0 2 0 0 2 0 0 15 0 0 0 0 0 0 0 0 0 0 0 0 0 0 0 0 0 0 0 0 0 0 0 0 0 0 0 0 0 0 0 0 0 0 0 0 0 0 
 383 428 262 49 293 39 50 203 76 124 46 26 74 458 0 104 53 131 59 84 0 0 0 0 0 0 3 79 0 0 0 2 0 0 0 2 0 1 0 3 0 3 2 0 1 0 2 0 0 0 0 63 0 0 0 0 0 1 0 0 1 0 0 2 0 0 0 3 0 0 3 0 0 0 0 3 0 0 0 0 27 43 70 0 0 0 0 31 1 90 0 1 0 29 4 62 32 18 0 0 0 0 0 0 0 0 0 0 0 0 0 0 0 0 0 0 0 0 0 0 0 0 0 0 0 0 0 28 0 0 0 0 0 0 0 0 0 0 0 0 0 2 0 4 0 15 0 0 6 0 0 0 0 0 0 0 0 0 0 0 0 29 32 0 0 0 0 22 25 24 5 0 0 0 28 32 29 29 0 0 0 0 0 0 0 0 0 0 0 0 0 0 0 0 0 0 0 0 0 0 0 0 0 0 0 0 0 0 0 0 0 0 0 15 0 0 0 0 15 0 0 0 0 0 0 0 0 0 0 0 0 0 0 0 0 0 0 0 0 0 0 0 0 0 0 2 0 0 2 0 2 11 10 0 0 0 0 0 0 0 0 0 1 0 0 0 0 0 0 0 0 0 0 0 0 26 7 0 0 0 0 0 0 0 0 0 0 0 0 0 
 60 400 256 79 209 60 260 460 200 378 103 47 46 32 104 0 225 396 268 59 0 0 0 0 1 0 3 2 0 0 3 4 0 0 0 2 0 1 0 5 0 3 3 0 3 0 2 0 0 0 0 1 0 0 0 0 0 0 0 0 0 0 0 2 0 0 0 1 0 0 3 0 0 0 0 2 0 0 0 0 0 10 55 1 1 0 1 0 29 45 45 25 0 0 26 22 32 32 0 0 1 0 0 0 0 0 0 0 0 0 0 0 0 0 0 0 0 0 0 0 0 0 1 0 0 0 0 14 0 0 0 0 0 0 0 0 0 0 0 0 0 0 0 0 0 14 0 0 0 0 0 0 0 1 0 0 0 0 0 0 0 14 9 32 18 6 1 0 28 19 11 25 0 18 16 0 18 45 0 9 0 0 0 0 0 0 0 0 0 0 0 0 1 0 0 0 0 0 0 1 0 0 0 0 0 0 0 0 0 0 0 0 0 0 0 0 0 0 0 0 0 0 0 0 0 0 0 0 0 0 0 0 0 8 0 0 0 0 0 0 0 23 0 0 0 0 2 1 2 2 0 14 6 0 35 0 0 0 0 0 0 0 11 0 0 0 1 0 0 5 0 0 0 0 0 32 6 14 0 0 0 0 0 0 0 0 0 0 0 0 
 52 296 440 168 288 48 36 480 246 364 208 67 26 28 53 225 0 348 40 52 0 0 0 0 0 0 5 0 0 0 0 5 0 0 0 2 0 1 0 48 0 4 2 2 1 0 3 0 0 0 0 2 0 0 0 2 63 1 0 64 2 0 0 2 0 0 0 3 0 0 3 0 0 0 0 3 0 0 0 0 0 14 56 1 2 0 0 2 25 32 35 14 0 2 16 21 22 32 0 0 3 1 0 0 0 0 0 0 0 0 0 0 0 0 0 0 0 0 0 0 0 2 18 0 0 0 0 14 0 0 0 0 0 0 0 0 0 0 1 0 2 0 0 0 0 0 0 0 0 0 0 0 0 0 0 0 0 0 12 2 0 14 11 36 17 0 0 0 28 18 30 25 1 0 12 0 17 44 0 20 0 0 0 0 0 0 0 2 0 0 0 0 1 0 0 0 0 1 1 0 0 2 0 0 0 0 0 0 2 0 0 0 0 0 0 0 1 0 0 0 0 0 0 0 0 0 0 0 0 0 0 0 0 0 0 0 0 0 0 0 0 23 11 0 0 2 0 2 2 91 0 9 51 0 0 0 1 0 0 0 0 0 23 0 0 0 0 0 0 0 0 0 0 0 0 26 0 14 0 0 0 0 0 0 0 0 0 0 0 0 
 48 89 401 414 362 42 36 125 388 80 410 95 38 31 131 396 348 0 27 24 2 75 0 5 0 2 3 0 0 1 1 5 0 1 0 1 2 5 1 3 0 3 2 0 1 1 2 0 0 0 0 2 0 0 0 0 0 0 0 0 0 0 0 2 0 0 0 3 0 0 3 0 0 0 0 3 0 0 0 0 0 15 33 15 0 0 1 7 40 36 28 20 0 1 15 27 26 26 0 0 0 0 0 0 0 0 0 0 0 0 2 0 0 0 10 0 0 0 0 0 0 0 0 0 14 0 0 10 0 0 0 0 0 0 0 2 2 0 0 0 0 0 0 23 0 1 0 0 3 0 0 0 0 0 0 0 12 0 0 0 0 10 28 33 15 0 0 0 16 17 29 28 0 1 1 16 29 25 0 16 0 0 0 0 0 0 0 0 0 2 0 2 0 0 0 0 2 0 10 2 0 0 0 0 0 0 0 0 0 0 0 4 0 0 2 0 0 0 0 22 0 0 0 0 0 0 0 0 0 0 0 0 0 0 0 0 0 0 0 0 0 33 0 0 0 2 91 0 3 171 0 11 1 0 0 0 0 0 0 0 2 0 14 0 0 0 0 0 0 0 0 0 0 0 0 11 2 4 0 0 0 0 0 0 0 0 0 0 0 0 
 347 58 295 80 77 237 70 63 86 100 42 93 522 344 59 268 40 27 0 465 0 0 0 0 1 3 3 0 1 0 0 2 0 0 0 2 0 1 0 3 0 3 3 0 2 4 2 0 0 0 0 0 0 0 0 6 0 0 0 62 0 0 0 2 0 0 0 1 0 0 3 0 0 0 32 2 0 0 0 0 0 0 0 0 0 0 46 1 22 0 0 0 41 1 0 0 0 0 53 28 0 0 0 0 0 0 0 0 0 0 0 0 0 0 0 1 0 0 0 0 1 0 0 0 0 0 0 14 0 0 0 0 0 0 0 0 6 0 0 0 0 0 0 0 0 0 0 0 0 0 1 0 0 0 0 0 0 0 0 0 43 0 2 0 0 0 62 0 0 0 0 0 37 63 1 0 1 0 26 24 0 0 18 0 0 0 0 0 0 0 0 0 0 0 0 0 0 0 0 0 0 0 0 0 0 0 0 0 0 0 0 0 0 0 0 0 0 0 0 0 0 0 0 0 18 2 0 0 0 0 0 0 0 0 0 0 0 0 0 0 0 0 0 0 0 0 2 2 2 0 0 8 0 0 0 0 0 0 0 0 0 0 0 44 0 0 0 0 0 0 0 0 0 0 0 0 0 58 0 0 0 0 0 0 0 0 0 0 0 0 
 40 39 257 75 90 61 428 74 75 97 68 71 223 77 84 59 52 24 465 0 0 0 1 0 0 0 3 6 4 6 1 2 82 0 0 5 0 4 7 3 4 4 2 0 1 0 4 0 0 1 0 0 6 6 0 85 0 2 0 0 1 4 0 2 0 0 0 3 3 0 3 0 2 0 0 3 0 0 0 0 27 0 0 0 0 0 41 0 20 1 0 0 46 23 37 2 2 0 31 95 0 0 0 0 0 0 0 0 3 0 0 0 0 0 0 0 0 0 0 0 0 0 0 0 2 0 0 0 27 0 0 0 0 0 0 0 0 0 0 0 0 3 0 0 2 0 0 0 0 0 0 0 0 0 0 0 0 0 0 0 39 10 0 0 2 0 12 42 0 0 0 0 25 44 11 0 0 2 15 7 0 0 0 0 0 0 0 0 0 0 0 2 0 0 0 0 0 0 0 0 0 0 0 0 0 0 0 0 0 0 0 0 2 0 0 0 0 0 0 0 0 0 0 0 0 0 0 0 0 20 1 0 0 1 0 0 0 0 0 1 0 0 0 0 0 2 3 0 0 0 0 15 0 0 0 2 0 0 0 0 0 0 0 0 0 0 0 0 0 0 0 0 0 0 0 0 0 0 0 0 0 0 0 0 0 0 0 0 0 0 
 0 0 0 3 2 0 11 0 0 0 0 83 0 0 0 0 0 2 0 0 0 113 75 48 28 27 500 374 47 27 55 31 55 197 346 42 42 63 49 71 0 0 0 46 0 18 0 19 0 0 3 0 3 2 9 3 15 3 2 1 0 0 6 2 0 9 0 0 0 0 0 5 0 6 2 0 0 0 0 0 0 0 0 0 0 0 0 0 0 0 0 0 0 0 0 0 0 0 0 0 25 38 46 0 0 0 2 43 25 17 1 0 0 14 11 34 43 28 0 11 0 0 0 0 0 10 0 0 0 0 0 0 0 0 0 0 0 0 0 0 0 0 0 0 3 0 0 0 0 0 10 0 0 0 0 0 0 16 1 13 0 0 2 1 0 0 0 0 0 0 0 0 0 0 0 0 0 0 0 0 22 25 17 0 0 0 22 34 72 17 0 0 0 9 20 22 49 1 0 12 0 17 0 0 0 0 0 0 0 0 0 0 0 0 11 0 0 0 0 0 0 34 0 0 0 0 0 0 0 0 0 0 0 0 0 0 0 0 0 0 0 0 0 0 0 0 0 0 0 0 0 0 0 0 0 2 0 0 0 2 3 1 0 0 0 0 0 0 0 0 0 0 0 0 0 0 0 0 0 0 0 0 0 0 0 0 0 0 0 0 
 0 0 0 73 0 0 0 3 3 0 3 22 0 0 0 0 0 75 0 0 113 0 667 68 21 23 284 390 413 47 149 41 137 178 401 294 135 58 260 86 0 0 2 0 0 3 64 0 22 0 3 0 0 74 3 1 2 3 0 0 0 0 3 2 0 9 0 0 0 3 51 0 0 0 1 0 2 0 0 0 0 0 0 0 0 0 0 0 0 0 0 0 0 0 0 0 0 0 0 0 12 1 37 38 0 1 0 1 17 38 38 25 0 4 0 23 21 7 0 2 0 0 0 0 0 0 0 0 0 0 0 0 0 0 0 0 0 0 0 0 0 2 0 0 0 0 0 0 0 0 0 0 0 0 0 0 0 0 15 0 0 0 3 0 0 0 0 0 0 0 0 0 0 0 0 34 0 0 0 0 24 19 69 21 4 2 0 2 31 24 32 19 0 0 1 24 44 27 0 0 0 1 0 0 0 0 19 0 0 0 0 0 2 0 0 0 0 0 0 0 0 0 0 0 0 0 0 0 0 0 0 0 0 0 6 0 0 0 0 0 0 0 13 0 0 0 0 0 0 0 0 0 0 0 11 2 4 7 0 2 22 4 0 0 0 0 8 0 0 0 0 0 0 0 0 0 0 0 0 0 0 0 0 0 0 0 0 0 0 0 
 0 0 0 3 209 0 3 4 0 2 2 0 0 0 0 0 0 0 0 1 75 667 0 144 117 68 100 80 300 360 270 34 53 40 81 164 313 521 122 55 0 0 0 0 0 0 0 0 2 0 3 65 62 5 3 0 2 4 1 0 0 0 3 3 0 2 0 0 0 0 0 1 0 0 0 0 2 0 0 0 0 29 0 0 0 0 0 0 0 0 0 0 0 0 0 0 0 4 0 0 0 0 19 47 41 28 0 0 18 13 20 26 0 0 0 13 11 29 0 0 0 0 0 0 0 0 0 1 0 0 0 0 0 0 0 0 0 0 1 0 1 1 0 0 0 2 0 0 0 0 0 0 0 0 2 0 0 0 16 0 1 0 0 0 0 0 0 0 0 0 0 0 0 0 0 0 0 0 0 0 3 10 25 64 17 23 0 0 1 45 39 52 0 0 0 15 2 63 0 0 0 0 0 0 0 0 0 0 0 0 0 0 0 0 0 0 0 0 0 0 0 0 0 0 0 0 0 0 0 0 0 0 0 0 0 0 0 0 0 0 0 0 4 0 0 0 0 0 0 0 0 0 0 0 9 2 0 5 5 0 20 9 0 0 0 0 4 0 0 0 0 0 0 0 0 0 0 0 0 0 0 9 0 0 0 0 0 0 0 0 
 0 0 0 3 0 0 0 2 37 2 0 0 2 0 0 0 0 5 0 0 48 68 144 0 305 80 101 52 374 409 210 385 73 78 75 84 293 292 53 255 0 0 0 0 0 0 0 0 1 0 3 0 0 3 3 0 2 3 0 0 0 0 3 2 0 3 0 1 0 0 0 5 0 0 0 0 0 0 0 0 0 0 0 0 0 0 0 0 0 0 0 0 18 0 0 0 0 0 2 0 0 0 0 15 66 60 0 0 0 0 30 34 0 0 0 0 0 9 0 0 0 0 0 0 0 0 2 0 0 0 0 0 11 0 0 0 0 0 37 0 0 0 0 0 0 0 0 0 0 0 0 0 0 0 0 0 0 0 0 6 0 0 0 0 0 0 0 0 0 0 0 0 0 0 0 0 0 0 0 0 1 0 0 39 38 49 0 0 2 18 7 35 0 0 0 1 0 30 0 0 2 0 0 0 0 0 1 8 0 0 0 0 0 0 0 0 0 0 31 0 1 0 0 0 0 0 0 0 0 0 0 0 0 0 0 0 0 0 0 1 0 0 9 0 0 0 0 0 0 0 0 0 0 2 4 0 0 53 58 0 1 2 0 0 0 0 0 0 0 0 0 0 0 0 0 0 0 0 0 0 0 19 0 0 0 0 21 0 0 0 
 2 0 3 0 0 0 4 0 2 38 0 0 2 0 0 1 0 0 1 0 28 21 117 305 0 406 42 52 127 60 144 369 76 65 276 283 45 46 42 71 0 0 1 0 0 5 0 0 0 0 4 26 0 2 81 0 5 6 5 0 0 0 3 2 3 6 0 3 2 2 3 8 0 0 0 2 2 0 0 0 0 0 0 0 1 0 0 0 0 0 0 0 0 0 0 0 0 0 0 0 0 0 0 0 26 29 0 0 0 0 0 12 0 0 0 0 11 0 11 0 0 0 0 0 0 0 25 0 2 0 0 7 35 26 0 0 0 0 33 30 0 0 0 0 0 0 0 0 0 2 0 0 0 0 0 0 0 0 2 0 0 0 2 0 0 0 0 0 0 0 0 0 0 0 0 0 0 0 0 0 0 0 0 1 22 45 0 0 0 0 8 30 0 0 1 0 0 0 1 0 17 0 0 0 0 0 24 0 0 0 0 0 13 24 1 0 0 0 45 34 0 0 0 0 0 0 0 0 0 0 0 2 0 0 0 0 0 0 0 0 0 11 1 0 0 0 0 0 0 0 0 0 72 0 7 2 0 12 2 1 2 0 0 0 0 0 0 0 0 0 0 0 0 0 0 0 0 0 0 0 0 1 0 0 0 0 0 0 0 0 
 3 0 0 0 0 2 0 0 0 1 0 4 0 1 0 0 0 2 3 0 27 23 68 80 406 0 38 40 41 63 281 66 28 61 109 76 71 72 50 480 10 0 0 0 0 0 0 0 0 0 3 1 1 3 23 0 2 3 201 16 0 0 3 3 0 32 0 0 0 0 0 0 0 0 1 0 0 0 0 0 0 0 0 0 0 11 2 2 21 0 0 2 0 0 0 0 2 0 0 0 0 0 0 0 28 11 0 0 0 0 0 0 0 0 0 0 0 0 0 0 4 1 0 0 0 0 33 0 0 0 0 0 42 19 34 0 0 0 14 105 0 0 0 0 0 0 5 2 0 3 0 0 0 0 0 0 2 0 0 0 0 0 0 9 0 0 0 0 2 0 0 1 0 0 0 0 0 0 0 0 0 0 0 0 18 1 0 0 0 0 0 0 0 0 0 0 0 0 0 0 51 0 0 21 0 0 40 17 0 0 0 2 23 26 20 0 0 0 40 46 0 2 1 0 6 0 0 0 0 0 0 0 0 0 0 0 0 0 0 0 0 0 0 0 0 0 0 0 0 1 0 0 0 2 10 0 2 4 0 1 3 1 0 0 0 0 0 0 0 0 0 0 0 7 0 0 1 0 0 0 0 0 0 0 0 0 0 0 0 0 
 3 2 3 2 5 3 68 4 4 2 5 3 3 2 3 3 5 3 3 3 500 284 100 101 42 38 0 98 91 49 114 32 409 599 119 35 52 26 40 342 4 0 3 0 0 5 0 3 2 4 3 0 0 3 5 0 13 3 0 0 0 1 6 3 5 4 2 0 2 0 0 2 2 4 1 2 2 1 1 0 0 0 0 0 0 0 0 0 0 0 0 0 0 0 0 0 0 0 0 0 44 51 45 0 0 0 0 59 27 12 0 0 0 33 33 29 22 21 0 31 0 0 0 0 0 0 0 0 0 0 0 0 0 0 0 0 0 0 0 0 0 0 0 0 0 0 0 0 0 0 0 0 0 0 0 0 0 0 0 0 0 0 4 2 0 0 0 6 0 0 0 0 27 0 0 71 0 0 0 0 12 39 0 0 0 0 36 41 65 0 0 0 14 37 37 4 10 0 0 4 9 0 0 9 0 0 0 0 0 0 0 0 16 0 0 0 0 0 0 0 0 0 0 0 0 0 0 0 0 0 0 0 0 0 0 0 0 0 0 0 0 0 0 0 0 1 0 0 75 0 0 0 0 0 6 0 1 0 0 2 0 2 0 0 0 0 0 0 0 0 2 0 0 0 0 0 0 0 0 0 0 0 0 0 0 0 0 0 0 0 
 0 0 0 6 0 0 0 3 0 2 0 0 0 0 79 2 0 0 0 6 374 390 80 52 52 40 98 0 172 268 35 46 339 381 475 31 24 44 135 47 2 0 62 0 1 3 0 0 30 5 3 0 0 6 3 0 4 3 0 0 0 0 3 2 50 6 0 0 50 0 0 0 0 0 1 28 0 0 0 0 0 0 0 0 0 0 0 0 0 0 0 0 0 0 0 1 0 0 2 0 20 32 33 22 0 0 0 12 42 40 0 0 0 3 0 70 25 49 0 9 0 2 0 0 0 12 2 0 0 0 0 0 0 0 1 0 0 0 0 0 0 0 0 0 0 0 0 0 0 0 0 0 0 0 0 0 0 0 17 0 0 0 8 0 0 0 0 0 0 0 0 0 0 0 0 0 0 0 0 0 29 29 14 0 0 0 1 51 33 49 36 0 0 13 5 28 26 9 1 0 2 0 0 0 0 0 0 0 0 0 3 0 0 0 0 0 0 0 15 0 0 0 0 0 0 0 0 0 0 0 0 0 0 0 0 0 0 1 0 0 0 0 0 0 0 0 0 0 0 0 0 0 0 2 12 2 2 0 0 0 22 7 0 0 0 0 0 0 0 0 0 0 0 0 0 0 0 0 0 0 0 0 0 0 0 0 0 0 0 0 
 0 0 39 0 0 2 0 4 0 1 3 0 0 0 0 0 0 0 1 4 47 413 300 374 127 41 91 172 0 324 49 49 310 111 439 244 229 213 164 59 0 0 0 0 0 0 0 0 0 0 3 1 0 10 3 64 2 3 0 0 0 0 3 2 0 3 0 0 51 0 0 0 0 0 0 0 0 0 0 0 0 0 0 0 0 0 0 0 0 0 0 0 0 0 0 0 0 0 0 0 0 0 52 44 33 14 0 0 13 13 24 25 0 0 0 11 15 23 0 0 0 0 0 0 0 0 0 0 0 0 0 0 0 0 0 0 0 0 7 0 1 0 0 0 0 2 0 0 0 0 0 0 0 0 2 0 19 0 21 0 0 0 2 0 0 0 0 11 0 0 0 0 0 0 0 0 0 0 0 0 15 7 28 30 1 18 0 0 25 25 34 44 0 12 0 37 12 74 0 0 18 0 0 14 0 0 0 0 0 0 0 0 0 0 13 0 0 0 0 0 0 0 0 0 0 0 0 0 0 0 0 0 0 0 0 0 0 0 0 0 0 0 9 0 0 0 0 0 0 0 0 0 0 0 6 0 1 6 1 1 33 10 0 0 0 0 11 0 0 0 0 0 0 0 0 0 0 0 0 0 0 51 0 0 0 0 0 0 0 0 
 1 0 0 0 73 2 0 0 0 1 0 0 0 1 0 0 0 1 0 6 27 47 360 409 60 63 49 268 324 0 314 79 64 97 112 342 175 150 68 96 0 0 0 0 0 1 0 0 0 0 3 0 0 3 3 0 2 3 1 0 0 0 3 2 0 3 0 0 0 0 0 2 0 0 0 0 0 0 0 0 0 0 0 0 0 0 0 0 0 0 0 0 0 8 0 0 0 0 0 12 0 0 1 41 53 23 0 0 0 31 33 26 0 0 0 0 0 2 0 0 2 2 2 0 0 2 0 0 0 0 0 0 1 0 0 0 0 0 15 0 0 0 0 0 0 0 0 0 2 0 0 0 0 0 0 0 0 0 0 0 0 0 0 0 0 22 1 0 0 15 0 0 0 0 0 0 0 0 0 0 9 32 29 52 35 26 0 0 10 2 50 57 0 0 15 9 10 48 0 0 0 0 1 0 0 0 0 0 0 2 0 0 0 0 0 0 0 2 38 1 0 0 0 1 0 0 0 0 0 0 0 0 1 0 0 0 0 0 0 0 0 0 10 0 0 0 0 0 0 0 0 0 0 0 12 1 2 160 153 0 0 2 0 0 0 0 10 0 0 0 0 0 0 0 0 0 0 0 0 0 0 20 0 0 0 0 26 0 0 0 
 0 0 0 0 1 3 0 0 0 2 0 1 3 0 0 3 0 1 0 1 55 149 270 210 144 281 114 35 49 314 0 316 36 26 92 159 246 217 248 57 0 0 0 2 0 0 0 0 0 0 3 0 0 3 3 0 2 3 4 0 0 0 3 3 0 3 0 0 0 0 0 5 0 0 0 0 0 40 0 0 0 0 0 0 0 0 0 20 0 0 0 0 0 0 0 0 0 2 0 0 0 0 1 15 54 40 0 0 0 2 8 42 0 0 0 0 0 15 0 0 0 0 0 0 0 0 0 0 22 0 0 0 4 0 0 0 0 0 26 1 0 0 0 0 0 0 1 0 0 0 0 0 0 0 0 0 0 2 0 0 0 0 0 0 0 0 0 2 0 0 0 0 26 0 0 0 0 0 0 1 1 2 1 22 53 47 0 0 0 11 20 18 0 0 0 1 0 31 0 0 0 0 0 0 0 0 1 0 0 0 0 0 0 0 0 0 0 0 37 8 0 0 0 2 0 0 0 0 2 0 0 0 28 0 1 0 0 0 0 0 0 0 1 0 0 0 0 0 0 0 0 0 0 0 15 0 2 50 77 0 0 0 0 0 0 0 0 0 0 0 0 0 0 0 0 0 0 0 0 0 0 19 0 0 0 0 21 0 0 0 
 2 4 2 2 3 2 2 2 2 3 5 10 2 2 2 4 5 5 2 2 31 41 34 385 369 66 32 46 49 79 316 0 34 55 32 27 59 519 24 46 1 0 0 1 0 0 4 0 2 0 3 0 0 3 3 0 3 3 14 0 0 0 3 3 0 3 0 0 6 0 0 4 51 0 0 0 3 0 0 4 0 0 0 0 0 0 0 0 0 0 0 0 17 13 0 0 0 0 0 0 2 0 0 0 56 69 0 0 0 0 3 15 0 0 0 0 0 7 0 0 0 0 0 0 0 0 1 0 0 0 0 0 5 2 0 0 0 0 47 52 2 2 0 0 0 0 0 0 0 0 0 0 0 0 1 0 0 0 0 0 0 0 0 0 0 0 0 0 0 0 0 0 0 0 0 0 0 0 0 0 0 0 0 11 29 46 0 0 0 0 19 9 0 0 2 0 0 0 0 0 4 1 0 0 0 0 0 0 0 0 0 0 14 0 1 0 0 0 44 10 0 0 0 0 0 0 0 0 0 0 0 0 0 0 0 0 0 0 0 0 0 0 0 0 0 0 0 0 0 0 0 0 0 0 13 3 0 152 150 1 4 0 0 0 0 0 0 0 0 0 0 0 0 0 0 0 0 0 0 0 0 13 0 0 0 0 20 0 0 0 
 0 2 0 2 0 35 5 80 0 0 0 0 0 0 0 0 0 0 0 82 55 137 53 73 76 28 409 339 310 64 36 34 0 98 27 34 31 28 322 179 11 0 3 5 0 0 0 0 0 0 3 0 4 4 3 0 7 3 0 2 3 0 3 3 0 3 0 0 0 0 0 0 0 0 2 0 0 0 0 0 0 0 0 0 1 0 0 0 0 0 0 0 0 0 0 0 0 17 0 0 22 18 10 0 0 2 41 69 12 14 0 0 10 33 42 1 9 0 26 26 0 0 0 2 0 0 0 0 21 0 0 0 0 0 0 0 0 0 0 0 0 0 0 0 0 0 0 0 0 0 0 0 1 2 0 0 0 14 2 0 0 0 3 4 0 1 0 0 0 0 0 0 0 0 2 0 0 0 0 0 10 15 1 0 0 0 36 13 13 0 0 3 19 45 57 12 0 0 24 33 0 0 0 0 0 0 0 0 0 0 0 0 0 0 0 0 0 0 0 0 0 0 0 0 0 0 16 0 13 0 1 2 0 0 0 0 1 0 0 0 0 0 2 0 0 0 0 0 0 0 0 0 0 0 0 0 2 0 0 12 1 0 0 0 0 0 0 0 0 0 0 0 0 0 0 0 0 0 0 0 0 0 0 0 0 0 0 0 0 0 
 0 0 2 0 47 2 2 0 2 1 0 0 0 1 0 0 0 1 0 0 197 178 40 78 65 61 599 381 111 97 26 55 98 0 416 55 46 106 82 88 0 0 0 0 0 8 0 0 0 1 4 0 6 3 3 0 15 5 0 0 0 0 3 2 0 12 0 0 2 0 0 0 0 0 2 0 0 0 0 0 0 0 0 0 0 0 0 0 0 0 0 0 0 0 0 0 0 0 1 0 21 32 38 2 0 0 0 41 20 39 1 0 0 12 10 26 47 18 2 1 0 0 0 0 0 0 0 0 0 0 0 0 0 0 0 0 0 0 0 0 0 0 0 0 0 0 0 0 0 0 0 0 0 0 0 0 0 0 4 0 0 0 7 0 0 0 0 0 0 0 10 0 0 0 0 0 0 0 0 0 21 38 19 0 0 0 24 36 27 12 0 0 0 8 33 44 29 1 0 13 1 0 0 0 17 0 0 0 0 0 1 0 0 0 0 0 0 0 0 0 2 0 0 0 0 0 0 0 0 0 0 0 0 2 18 0 0 0 0 1 0 0 0 0 0 0 0 0 0 0 0 0 0 1 13 0 1 0 0 0 4 2 0 0 0 0 0 0 0 0 0 0 0 7 0 0 0 0 0 0 0 0 0 0 0 0 0 0 0 0 
 0 1 0 2 0 0 4 4 0 2 4 0 0 0 0 0 0 0 0 0 346 401 81 75 276 109 119 475 439 112 92 32 27 416 0 550 42 48 142 114 1 0 0 0 3 28 0 0 0 3 3 0 0 4 3 3 17 3 3 0 0 0 65 2 0 9 0 0 2 0 1 0 0 0 1 0 0 1 0 2 0 0 0 0 0 0 0 0 18 1 0 0 0 0 0 0 0 0 0 0 24 30 44 12 0 0 0 12 28 22 2 0 0 0 1 48 47 31 0 11 0 0 0 0 0 0 0 0 0 0 0 0 0 0 0 2 0 5 0 0 0 2 0 0 0 0 0 0 0 0 2 0 0 0 0 8 0 0 14 0 0 0 4 0 0 0 0 0 0 0 20 0 24 0 0 0 0 0 0 0 33 20 17 0 0 0 0 40 20 41 20 0 0 14 2 19 34 8 0 0 0 0 0 0 0 0 0 0 0 0 0 9 2 0 0 0 0 0 0 0 0 0 0 0 0 0 53 0 0 0 0 0 0 0 0 0 0 0 0 0 0 0 0 0 0 0 0 0 0 0 0 0 0 0 10 3 0 0 0 4 16 9 0 0 0 0 0 0 0 0 0 0 0 0 0 0 0 0 0 0 0 0 0 0 1 0 0 0 0 0 
 2 1 4 1 0 3 3 2 4 7 1 2 1 1 2 2 2 1 2 5 42 294 164 84 283 76 35 31 244 342 159 27 34 55 550 0 301 386 305 68 0 0 0 0 0 0 0 0 0 0 3 0 0 7 3 0 2 3 0 0 0 0 3 2 0 3 0 0 0 0 0 0 0 0 0 0 0 0 0 0 0 0 0 0 0 0 0 0 0 0 0 0 0 0 0 0 0 0 0 0 0 1 16 30 11 16 0 0 15 12 44 26 0 0 0 13 10 29 0 0 0 0 0 0 0 0 0 0 0 0 0 0 0 0 0 0 0 0 1 0 0 0 0 0 0 0 0 0 0 0 0 0 0 0 0 0 0 0 14 0 0 0 0 0 0 0 0 0 0 0 0 0 0 0 0 0 0 0 0 0 3 9 28 18 24 11 0 0 1 35 18 37 0 0 0 5 12 33 0 0 0 0 0 0 0 0 0 0 0 0 0 0 0 0 0 0 0 0 0 0 0 0 0 0 0 0 0 0 0 0 0 0 0 0 0 0 0 0 0 0 0 0 16 0 0 0 0 0 0 1 0 0 73 0 4 2 0 1 3 1 14 6 0 0 0 0 0 0 0 0 0 0 0 0 0 0 0 0 0 0 0 10 0 0 0 0 0 0 0 0 
 1 0 42 2 0 3 0 0 0 1 2 0 0 0 0 0 0 2 0 0 42 135 313 293 45 71 52 24 229 175 246 59 31 46 42 301 0 182 29 28 0 0 0 0 0 0 0 0 0 0 3 0 0 6 3 61 2 3 0 0 0 0 3 3 0 3 0 0 57 0 0 0 0 0 0 0 0 0 2 0 0 0 0 0 0 0 0 0 0 0 0 0 0 0 0 0 0 0 0 0 0 0 9 46 42 17 0 15 0 21 39 41 0 0 11 0 0 2 0 0 0 0 1 0 0 1 0 0 0 0 0 0 2 0 0 0 0 0 16 0 0 0 0 0 0 0 0 0 0 0 0 0 0 0 0 0 0 0 0 0 0 0 0 0 0 1 2 0 0 0 0 0 0 0 0 0 0 0 0 0 11 12 42 41 21 17 0 0 12 11 57 53 0 0 0 19 12 49 0 0 0 11 2 0 0 0 0 0 0 0 0 0 0 0 14 0 0 1 0 1 0 0 0 0 0 0 0 0 0 0 0 0 0 0 0 0 0 0 0 0 0 0 27 0 0 0 0 0 0 0 0 0 0 0 7 1 2 89 162 1 0 0 0 0 0 0 9 0 0 0 0 0 0 0 0 0 0 0 0 0 0 34 0 0 0 0 0 0 0 0 
 2 2 1 1 0 0 1 1 1 3 4 1 2 2 1 1 1 5 1 4 63 58 521 292 46 72 26 44 213 150 217 519 28 106 48 386 182 0 39 67 0 0 0 97 0 0 0 0 0 0 3 0 0 2 3 0 2 3 1 0 0 0 3 2 0 3 0 0 0 0 0 0 0 0 0 0 0 0 0 0 0 0 0 0 0 1 0 0 0 0 0 0 0 0 0 0 0 0 0 0 0 12 0 24 25 1 0 0 0 22 26 36 0 0 0 0 2 11 0 0 0 0 0 0 0 0 0 2 0 0 0 0 0 0 0 0 0 0 18 0 0 0 0 0 0 2 2 0 0 0 0 0 0 0 0 0 0 1 2 0 2 0 0 0 0 0 0 1 0 2 0 0 0 0 0 0 0 0 0 1 24 23 20 24 19 17 0 0 0 21 39 37 0 0 0 19 11 18 0 0 0 0 0 0 0 0 0 0 0 0 0 0 0 0 0 0 0 0 1 0 0 0 0 1 0 0 0 0 1 0 0 0 0 0 0 0 0 0 0 0 0 0 10 0 0 0 0 0 0 1 0 0 0 0 18 0 0 76 149 1 11 0 0 0 0 0 0 0 0 0 0 0 0 0 0 0 0 0 0 0 0 16 0 4 0 0 0 0 0 0 
 0 1 0 0 1 225 0 0 0 0 2 0 0 0 0 0 0 1 0 7 49 260 122 53 42 50 40 135 164 68 248 24 322 82 142 305 29 39 0 328 14 0 0 0 0 0 0 0 62 0 3 0 0 3 3 0 2 3 0 0 52 0 3 2 0 3 0 0 0 0 0 0 0 0 54 0 0 0 0 0 0 0 0 0 0 18 0 0 0 0 0 0 0 0 0 20 0 0 0 0 12 0 19 10 0 0 31 5 23 15 8 16 22 29 11 0 2 0 30 7 0 0 18 21 0 11 0 0 0 0 0 0 0 0 0 0 0 0 0 0 0 0 0 0 0 0 0 0 0 0 0 0 0 0 0 0 0 0 0 0 0 5 0 3 0 1 0 0 0 0 0 0 0 1 1 0 0 0 0 0 21 18 20 23 0 0 12 14 0 14 0 22 24 38 18 2 20 0 19 24 0 0 0 0 0 0 0 0 2 0 0 0 0 2 0 0 0 0 0 0 0 0 0 0 0 0 0 0 0 0 0 0 0 0 0 0 0 0 0 0 0 0 0 0 0 0 0 0 0 0 0 0 0 0 7 1 3 0 0 0 4 3 0 0 0 0 0 0 0 0 13 0 0 0 0 0 0 0 0 0 0 0 0 0 0 0 0 0 0 0 
 3 3 3 5 4 3 3 5 3 3 3 4 3 3 3 5 48 3 3 3 71 86 55 255 71 480 342 47 59 96 57 46 179 88 114 68 28 67 328 0 6 0 0 0 0 19 0 0 0 0 3 0 0 4 3 0 7 3 0 0 0 0 3 2 0 3 0 0 2 0 0 0 0 0 1 0 0 0 0 0 0 0 0 0 1 0 0 0 0 0 0 0 0 0 0 0 0 0 0 0 47 17 8 0 0 0 42 51 1 1 0 0 6 47 33 1 8 0 31 16 0 0 0 0 0 0 17 0 0 0 0 0 0 0 0 0 0 0 0 0 0 0 0 0 0 0 0 0 0 0 0 0 0 2 0 0 0 0 11 0 0 0 0 3 0 0 0 0 0 0 0 0 0 0 8 0 0 0 0 0 12 14 1 0 0 0 52 17 12 0 0 0 10 70 49 25 0 0 36 32 0 0 0 0 0 0 0 0 0 0 0 0 0 0 0 0 0 0 0 0 0 0 0 0 0 0 0 0 0 0 0 0 0 0 0 0 0 0 0 0 0 0 17 0 0 0 0 0 0 0 0 0 0 0 0 0 2 0 0 0 4 0 0 0 0 0 0 0 0 0 0 0 0 0 0 0 0 0 0 0 0 0 0 0 0 0 0 0 0 0 
 0 0 0 2 1 4 0 3 0 0 0 0 0 0 0 0 0 0 0 4 0 0 0 0 0 10 4 2 0 0 0 1 11 0 1 0 0 0 14 6 0 96 96 69 33 38 187 262 35 32 38 232 55 79 176 27 59 50 90 248 0 0 7 0 7 0 0 0 0 3 0 0 0 0 2 0 7 0 0 0 0 0 0 0 0 0 0 0 0 0 0 0 0 0 0 0 0 0 0 0 12 1 4 0 6 0 9 5 0 0 0 0 0 16 7 0 4 14 8 0 37 43 42 19 0 0 0 34 42 3 17 4 1 0 14 39 21 10 0 0 0 0 0 0 2 0 0 0 0 0 0 3 0 0 0 0 0 0 0 0 0 0 0 0 0 0 0 0 0 0 0 3 0 0 0 0 0 9 0 0 0 2 1 0 0 0 5 0 0 0 0 0 0 10 10 0 0 0 0 14 12 22 31 0 0 0 9 43 41 11 0 0 0 0 22 22 14 0 0 1 0 19 0 0 0 0 0 0 0 0 0 0 0 0 0 0 0 0 0 0 0 0 0 0 0 0 0 0 0 0 0 5 0 0 0 0 0 0 0 1 0 0 0 0 2 0 0 0 0 0 0 0 0 0 0 0 0 0 0 0 0 0 0 0 0 0 0 0 2 0 
 3 3 3 3 3 3 5 3 3 3 3 3 3 3 3 3 4 3 3 4 0 0 0 0 0 0 0 0 0 0 0 0 0 0 0 0 0 0 0 0 96 0 314 91 47 38 296 305 245 63 49 44 40 70 249 302 117 65 91 131 0 0 6 5 6 0 0 0 0 38 3 3 0 0 2 0 13 33 30 0 0 0 0 0 6 0 0 0 0 0 0 0 0 0 0 0 0 0 0 0 0 0 0 0 0 0 0 0 0 0 0 0 0 0 0 0 0 0 0 0 0 23 12 37 12 1 0 40 13 37 3 13 4 0 0 20 4 26 0 0 0 0 1 0 0 0 0 0 0 10 0 2 0 0 0 6 1 0 0 0 0 0 0 0 0 0 0 0 7 5 0 0 0 0 0 0 0 0 0 0 0 0 0 0 0 0 0 0 0 0 0 0 0 0 0 0 0 0 0 0 0 0 13 15 13 1 0 0 15 23 36 10 0 0 0 76 13 15 0 0 0 0 0 0 0 3 0 0 0 0 0 3 0 0 0 19 0 1 0 0 0 0 11 0 0 0 0 0 0 0 0 8 0 0 0 0 0 0 0 21 117 0 0 0 0 1 4 0 2 0 19 0 0 0 0 5 0 0 0 0 0 0 0 0 44 29 0 0 0 0 
 2 1 3 0 2 3 3 1 2 3 67 3 2 0 2 3 2 2 3 2 0 2 0 0 1 0 3 62 0 0 0 0 3 0 0 0 0 0 0 0 96 314 0 110 267 40 77 330 249 269 38 25 96 50 179 153 234 319 44 29 0 0 1 0 0 0 0 0 0 0 0 0 0 0 0 0 3 0 56 0 0 0 0 0 0 10 0 0 0 0 0 0 0 0 0 0 0 0 0 0 0 0 0 0 0 1 0 7 0 0 0 0 0 0 0 0 12 0 0 0 1 11 15 16 3 0 0 7 1 76 35 31 0 1 3 0 0 21 0 2 0 0 0 0 0 0 0 0 0 0 0 0 1 0 0 8 0 18 0 0 19 0 0 0 0 0 0 0 4 5 0 0 0 0 0 0 0 0 0 9 0 0 0 0 0 0 0 0 0 0 0 0 0 0 0 0 0 0 0 0 4 5 13 48 30 7 2 0 3 15 92 30 4 3 1 36 57 36 1 1 0 0 0 0 0 0 0 0 0 0 0 18 0 0 0 0 0 0 0 0 0 0 14 0 0 0 0 0 0 0 0 7 0 2 0 0 0 0 0 24 0 0 1 1 2 43 2 4 0 0 30 0 0 0 0 0 0 0 0 0 0 0 0 0 20 20 0 0 0 0 
 0 0 0 5 0 0 0 0 79 2 0 0 2 0 0 0 2 0 0 0 46 0 0 0 0 0 0 0 0 0 2 1 5 0 0 0 0 97 0 0 69 91 110 0 121 33 103 67 86 316 81 239 82 75 72 530 226 478 105 56 0 0 0 0 0 0 8 0 0 0 0 0 15 0 1 0 0 0 9 2 0 0 0 0 0 0 0 0 0 0 0 0 0 0 0 0 0 0 0 0 0 0 0 0 0 0 0 0 0 0 0 0 0 0 0 0 0 0 0 0 0 0 0 0 23 21 0 0 0 1 23 30 0 0 0 0 0 1 0 0 6 5 0 0 0 0 0 0 0 0 0 0 9 6 13 0 0 30 0 0 0 0 0 0 6 0 0 0 0 3 0 0 0 0 0 0 0 0 0 0 0 0 0 0 0 0 0 0 0 0 0 3 0 0 0 0 0 0 7 0 0 0 0 23 30 31 0 0 0 1 9 14 0 0 0 0 0 20 0 0 0 0 0 0 0 0 1 8 0 0 7 0 0 9 8 0 0 0 0 9 0 0 0 0 0 0 0 0 0 0 0 6 0 2 0 0 0 0 0 2 0 0 9 12 0 15 0 33 2 0 0 0 0 0 0 0 0 0 0 0 0 0 0 0 0 1 0 0 1 0 
 1 0 2 0 1 2 2 0 1 2 1 5 1 62 1 3 1 1 2 1 0 0 0 0 0 0 0 1 0 0 0 0 0 0 3 0 0 0 0 0 33 47 267 121 0 267 44 289 110 105 183 290 298 91 85 286 49 38 61 72 4 8 0 0 0 0 3 0 0 0 0 0 0 47 1 0 0 0 0 0 0 0 0 0 0 0 0 0 0 0 0 0 0 0 0 0 0 0 0 0 0 0 0 0 0 0 0 0 0 0 0 0 0 0 0 0 0 0 0 0 0 23 0 0 11 42 0 0 0 0 0 0 0 0 0 0 0 0 0 0 10 0 0 0 0 0 15 0 0 0 0 0 10 1 0 0 0 0 27 9 0 0 0 0 0 0 0 0 0 0 0 0 0 0 0 3 0 5 0 0 0 0 0 0 0 14 0 0 0 0 0 0 0 0 0 0 0 0 0 0 10 0 0 0 3 13 0 0 0 0 0 0 0 0 0 0 0 0 0 0 11 0 0 0 0 0 3 1 0 0 0 0 23 1 1 0 0 0 36 33 0 0 0 0 0 0 0 0 0 0 0 13 0 0 0 0 0 0 0 1 0 0 7 5 0 0 2 3 3 0 0 0 0 0 0 0 0 0 0 0 0 0 0 0 0 0 0 0 0 0 
 0 0 3 4 0 0 5 0 0 6 0 5 0 0 0 0 0 1 4 0 18 3 0 0 5 0 5 3 0 1 0 0 0 8 28 0 0 0 0 19 38 38 40 33 267 0 24 28 48 284 281 258 267 287 67 80 84 81 49 255 5 5 0 0 0 0 51 0 0 0 0 0 0 0 2 51 19 0 102 0 0 0 3 0 0 0 0 0 0 0 0 0 0 0 0 0 0 0 2 0 0 2 10 0 0 0 0 0 1 4 0 1 0 0 0 3 8 1 0 5 0 0 0 0 0 14 10 0 0 0 0 0 0 0 12 0 0 0 0 0 12 19 1 0 0 0 20 9 0 0 0 0 30 11 1 0 0 0 19 14 0 0 0 0 0 0 0 0 0 0 0 0 0 0 0 2 0 2 0 0 0 12 7 0 0 0 0 13 13 1 0 0 0 0 1 0 4 11 0 0 0 0 1 0 10 0 0 0 0 0 0 0 0 0 0 0 0 0 0 0 8 0 0 0 0 0 16 16 0 0 0 0 34 36 0 0 0 0 39 34 0 0 0 0 0 1 0 0 0 0 0 0 0 1 0 0 0 0 0 7 0 0 6 4 0 7 1 0 4 0 0 0 0 0 0 0 0 0 0 0 0 0 0 0 0 0 0 0 2 0 
 4 2 2 2 67 2 2 2 2 6 2 3 2 2 2 2 3 2 2 4 0 64 0 0 0 0 0 0 0 0 0 4 0 0 0 0 0 0 0 0 187 296 77 103 44 24 0 90 55 32 49 28 244 345 75 46 51 39 76 404 0 0 0 0 8 0 0 0 0 5 1 6 0 0 0 0 8 0 0 50 0 0 0 0 0 0 0 0 0 0 0 0 0 0 0 0 0 0 0 0 0 0 0 0 0 0 0 0 0 0 0 0 0 10 0 0 0 0 0 0 33 13 41 0 0 0 37 1 21 0 7 0 8 0 14 22 15 6 0 0 0 0 0 0 0 0 0 10 0 0 0 0 0 0 0 0 0 0 0 0 0 0 0 0 0 0 0 0 0 0 0 4 0 0 0 0 0 0 0 0 0 0 0 0 0 0 0 0 0 0 0 0 0 0 0 0 0 0 0 0 34 35 22 0 0 0 13 58 61 0 0 0 0 21 7 23 7 0 0 0 1 0 18 6 0 7 0 0 7 7 0 0 0 0 0 0 0 2 0 24 0 0 0 0 0 0 0 0 0 26 0 2 0 0 0 0 0 0 0 3 0 0 2 0 0 0 0 0 2 0 0 0 0 0 0 0 0 0 0 0 0 0 0 0 0 0 0 0 2 0 
 0 0 0 0 0 0 0 0 0 2 0 0 0 0 0 0 0 0 0 0 19 0 0 0 0 0 3 0 0 0 0 0 0 0 0 0 0 0 0 0 262 305 330 67 289 28 90 0 82 55 23 30 304 238 208 94 84 28 52 60 0 0 7 0 7 0 0 0 0 3 0 0 0 0 0 0 3 0 52 0 0 0 0 0 0 0 0 0 0 0 0 0 0 0 0 0 0 0 0 0 0 0 0 0 0 0 0 0 0 0 0 0 0 0 0 0 0 0 0 0 0 28 33 19 0 0 16 34 32 62 11 16 0 0 0 49 20 41 0 0 0 0 0 0 0 0 0 0 0 0 0 3 0 0 0 4 0 0 0 0 0 0 0 0 0 0 0 0 2 0 0 1 0 0 0 0 0 0 0 0 0 0 0 0 0 0 0 0 0 0 0 0 0 0 0 0 0 0 0 0 14 40 60 10 0 1 0 54 27 40 19 4 0 0 39 25 28 24 0 0 0 0 0 0 0 0 0 0 0 0 0 0 0 0 0 0 0 8 0 0 0 0 22 0 0 0 0 0 0 0 0 6 0 2 0 0 0 0 0 3 0 0 0 0 2 2 2 0 113 0 11 0 0 0 0 0 0 0 0 0 0 0 0 0 14 21 0 0 1 0 
 0 0 0 0 0 4 0 3 0 2 0 39 0 0 0 0 0 0 0 0 0 22 2 1 0 0 2 30 0 0 0 2 0 0 0 0 0 0 62 0 35 245 249 86 110 48 55 82 0 295 27 41 72 92 163 124 165 256 82 65 58 3 3 0 0 0 0 0 55 1 0 2 0 0 0 1 2 0 50 0 0 0 0 0 0 0 0 0 6 0 0 0 0 0 0 0 0 0 0 0 0 0 0 0 0 0 0 0 4 0 0 0 0 0 0 0 3 0 0 0 0 15 16 33 14 8 0 0 1 73 37 25 0 0 0 2 11 13 0 0 0 0 0 0 0 0 0 0 0 0 0 0 2 0 0 8 0 0 0 0 0 0 0 0 0 0 0 0 5 6 0 0 0 0 0 0 0 0 0 0 0 0 0 14 0 0 0 0 0 0 0 0 0 0 0 0 0 0 0 0 0 0 24 69 62 7 0 0 0 18 61 22 0 0 0 20 7 28 0 0 0 0 0 0 0 0 0 0 0 0 0 0 1 0 0 0 0 0 0 0 0 0 6 0 0 0 0 0 0 0 0 3 0 2 0 0 1 0 0 22 0 12 1 1 0 16 3 1 0 0 17 0 0 0 0 0 0 0 0 0 0 2 2 0 17 10 0 0 1 0 
 0 0 0 0 0 4 3 3 0 1 0 0 0 0 0 0 0 0 0 1 0 0 0 0 0 0 4 5 0 0 0 0 0 1 3 0 0 0 0 0 32 63 269 316 105 284 32 55 295 0 437 49 62 69 114 347 211 140 80 143 2 0 0 0 0 0 0 10 0 0 3 0 2 0 2 2 0 0 6 0 0 0 0 0 0 0 0 0 0 0 0 0 0 0 0 0 0 0 0 0 0 3 0 0 0 0 0 0 0 0 0 0 0 0 0 0 0 0 0 0 0 0 0 24 9 7 0 0 0 0 24 21 0 0 0 0 0 0 0 0 0 4 0 0 0 0 1 0 0 0 0 0 0 2 5 0 0 0 1 0 0 0 0 0 25 0 0 0 4 6 0 0 0 0 0 0 0 0 0 0 0 0 0 0 0 0 0 0 0 0 0 0 0 0 0 0 0 0 0 0 0 0 2 21 40 20 0 0 0 10 44 23 0 0 0 0 10 19 0 0 0 0 0 0 0 0 9 0 0 5 0 0 35 14 6 0 0 0 1 6 0 0 0 0 0 0 0 0 0 0 0 4 0 2 0 0 0 0 0 18 0 0 64 69 0 8 2 64 0 17 0 0 0 0 0 0 0 0 0 0 0 0 0 0 0 0 0 0 1 0 
 0 0 0 5 0 3 0 23 0 2 2 3 0 0 0 0 0 0 0 0 3 3 3 3 4 3 3 3 3 3 3 3 3 4 3 3 3 3 3 3 38 49 38 81 183 281 49 23 27 437 0 306 38 39 56 84 220 313 37 440 0 2 0 1 0 3 7 0 2 0 3 0 0 0 4 2 0 3 2 0 0 0 0 0 0 0 0 0 0 0 0 0 0 0 0 0 0 0 0 5 0 0 0 0 0 0 0 0 0 0 0 0 0 0 0 0 0 0 0 0 0 1 0 0 19 21 0 0 0 1 13 27 0 0 0 0 0 0 0 0 0 0 0 0 0 0 0 0 0 0 0 0 6 7 0 1 0 0 3 1 0 0 0 0 9 0 0 8 0 3 0 0 0 0 0 0 0 0 0 0 0 0 0 0 0 0 0 0 0 0 0 0 0 1 0 0 0 0 0 0 0 0 0 1 19 32 0 0 0 0 8 18 0 0 0 0 0 13 0 0 0 0 0 0 0 0 0 0 0 0 0 0 0 0 0 0 0 0 0 14 0 0 0 0 0 0 0 0 0 0 0 0 0 0 0 0 0 0 0 12 0 0 4 1 0 12 0 6 0 0 0 0 0 0 0 0 0 0 0 0 0 0 0 0 0 0 0 0 0 0 
 31 1 1 7 1 1 64 63 1 2 1 5 0 33 63 1 2 2 0 0 0 0 65 0 26 1 0 0 1 0 0 0 0 0 0 0 0 0 0 0 232 44 25 239 290 258 28 30 41 49 306 0 241 39 15 49 66 87 47 236 4 6 0 0 0 0 0 0 0 0 0 0 0 0 2 0 0 0 1 0 20 0 0 0 0 0 0 1 18 0 1 0 0 1 0 1 11 0 0 7 0 0 0 0 0 0 0 5 0 0 0 0 0 0 0 3 10 0 0 0 0 1 0 0 4 36 0 0 0 1 9 16 0 0 0 0 0 0 0 0 1 0 0 0 0 0 11 1 0 0 0 0 8 0 0 1 0 0 21 0 2 9 16 0 6 0 0 15 0 0 1 0 0 19 0 13 0 9 0 0 0 0 0 0 0 0 0 0 0 0 0 0 0 0 0 0 0 0 0 0 0 0 0 1 9 19 0 0 0 0 0 0 0 8 0 0 0 1 0 0 0 0 0 0 0 0 9 0 0 0 0 0 0 0 0 0 0 0 1 15 0 0 0 0 0 0 1 0 0 0 0 3 0 0 0 0 0 0 0 19 0 0 64 63 0 0 0 67 0 0 0 0 0 0 0 0 0 0 0 0 0 0 0 0 0 0 0 0 0 0 
 0 2 2 3 0 0 3 0 0 0 3 0 0 0 0 0 0 0 0 6 3 0 62 0 0 1 0 0 0 0 0 0 4 6 0 0 0 0 0 0 55 40 96 82 298 267 244 304 72 62 38 241 0 94 236 264 29 41 319 306 0 0 0 0 2 0 3 0 0 39 0 0 5 5 2 0 6 1 13 0 0 0 0 0 0 0 0 0 0 0 0 0 0 0 0 0 0 0 0 0 0 0 0 0 0 18 0 21 0 0 0 0 0 0 0 0 0 0 0 0 76 9 9 0 0 0 24 0 7 0 0 0 19 0 21 12 12 1 0 0 2 5 0 0 8 0 7 0 0 1 0 6 0 5 11 0 0 0 0 0 0 0 0 0 0 0 0 0 0 0 0 2 0 0 0 0 0 0 0 0 0 0 0 0 0 0 0 0 0 0 0 0 0 0 0 0 0 0 0 0 4 5 1 11 0 0 11 9 22 0 0 0 10 7 30 11 0 0 0 15 0 0 0 0 0 0 14 3 0 0 0 0 4 5 8 0 0 0 0 8 0 0 0 0 0 0 0 0 0 0 0 10 0 0 0 0 0 0 0 0 0 0 0 0 0 0 4 0 0 0 0 0 0 0 0 0 0 0 0 0 0 0 0 0 0 0 0 0 2 0 
 0 0 0 0 7 60 0 0 0 0 0 0 0 0 0 0 0 0 0 6 2 74 5 3 2 3 3 6 10 3 3 3 4 3 4 7 6 2 3 4 79 70 50 75 91 287 345 238 92 69 39 39 94 0 166 107 238 28 66 64 2 0 4 0 6 0 0 0 0 5 0 1 0 0 2 0 4 0 0 0 7 0 0 0 0 0 0 0 0 0 0 0 0 0 0 0 0 0 0 0 0 0 0 4 0 21 12 0 3 2 4 20 0 17 13 2 0 3 8 0 0 31 32 10 0 0 0 33 26 1 1 0 0 0 11 26 23 2 0 0 13 0 0 0 0 0 0 0 0 0 0 0 0 9 0 0 0 0 0 0 0 0 0 9 3 11 0 0 0 0 0 3 10 0 0 0 0 0 0 0 4 0 6 0 1 0 0 7 4 3 1 9 11 0 0 4 4 11 26 0 8 14 6 0 0 0 20 32 44 8 0 0 0 0 6 22 2 0 0 0 0 0 0 0 0 0 0 0 0 0 0 0 0 0 0 0 0 0 0 0 0 0 4 0 0 0 0 0 0 0 0 8 0 2 0 0 0 0 0 0 0 0 3 0 0 0 0 0 0 0 0 0 0 0 0 0 0 0 0 0 0 0 0 0 0 0 0 0 1 0 
 0 0 0 61 0 2 0 1 0 2 0 0 0 0 0 0 0 0 0 0 9 3 3 3 81 23 5 3 3 3 3 3 3 3 3 3 3 3 3 3 176 249 179 72 85 67 75 208 163 114 56 15 236 166 0 178 125 55 504 78 0 0 13 0 3 0 0 0 0 0 0 0 0 51 0 0 0 0 19 0 0 0 0 0 0 0 0 0 0 0 0 0 0 0 0 0 0 0 0 0 0 0 0 0 0 5 0 0 0 0 0 0 0 0 0 0 0 0 0 0 0 13 25 19 0 0 8 22 23 39 7 10 0 0 1 25 18 40 0 12 10 0 0 0 0 0 1 0 0 22 0 0 0 0 0 3 0 0 0 0 0 0 0 0 0 0 0 0 2 0 0 0 0 0 0 0 0 0 0 0 0 0 0 0 0 0 0 0 0 0 0 0 0 0 0 0 6 0 3 0 3 30 22 20 0 0 3 13 25 41 8 21 4 5 18 29 35 25 21 9 0 0 0 0 0 0 0 0 0 0 0 0 0 0 0 0 0 0 0 0 0 0 2 0 0 0 0 0 10 0 0 0 0 1 0 0 0 0 0 3 0 0 2 0 0 0 0 0 0 0 19 0 0 0 0 0 0 0 0 0 0 0 0 0 26 20 0 0 2 0 
 0 0 43 6 0 0 1 0 0 2 0 0 11 0 0 0 2 0 6 85 3 1 0 0 0 0 0 0 64 0 0 0 0 0 3 0 61 0 0 0 27 302 153 530 286 80 46 94 124 347 84 49 264 107 178 0 246 480 456 78 0 0 0 0 0 0 0 0 0 0 0 51 0 0 0 0 0 0 58 45 1 0 0 0 0 0 0 0 3 0 0 0 2 0 0 0 16 0 0 8 0 0 0 0 0 2 0 0 0 0 0 0 0 0 0 0 0 0 0 0 0 7 19 19 4 0 0 2 0 67 33 29 0 0 0 0 0 37 0 0 0 0 0 0 0 0 0 0 0 0 0 0 1 0 0 13 0 0 0 0 3 19 0 7 10 0 0 1 5 8 0 0 0 3 0 0 0 13 4 0 0 0 0 0 0 0 0 0 0 0 0 0 0 0 0 0 0 0 0 0 0 0 12 34 28 7 0 0 0 22 46 25 0 0 11 33 12 33 0 0 0 0 0 0 0 0 0 0 0 0 0 0 0 0 0 0 0 0 0 16 0 0 7 0 0 0 0 0 0 0 0 4 0 1 0 0 0 0 0 20 0 0 3 4 0 13 2 1 2 0 25 0 0 0 0 0 0 0 0 0 0 0 0 0 20 63 0 0 2 0 
 0 0 0 0 0 2 0 0 0 2 2 3 0 0 0 0 63 0 0 0 15 2 2 2 5 2 13 4 2 2 2 3 7 15 17 2 2 2 2 7 59 117 234 226 49 84 51 84 165 211 220 66 29 238 125 246 0 358 35 87 0 0 0 0 0 0 0 6 4 4 21 0 0 0 2 4 0 0 53 0 0 0 0 0 0 0 0 0 0 0 0 0 0 0 0 0 0 0 0 0 9 3 18 0 0 0 0 5 0 0 0 0 0 0 9 0 24 1 0 33 0 0 21 25 32 7 0 0 0 20 14 7 0 0 0 0 1 16 0 0 0 0 0 0 0 0 0 0 0 0 0 0 0 0 0 0 0 0 0 0 0 0 0 0 43 0 0 0 9 4 0 0 0 0 0 0 0 0 0 0 0 3 3 0 0 0 9 8 7 0 0 0 0 0 9 13 3 0 0 0 0 0 0 9 18 15 0 0 0 23 34 36 0 0 0 13 10 20 0 0 0 0 0 0 2 0 0 0 0 0 0 0 0 0 0 0 0 0 0 0 0 0 8 0 0 0 0 0 0 0 0 8 0 1 0 0 0 0 0 11 0 0 66 62 0 13 0 0 1 0 0 0 0 0 0 0 0 0 0 0 0 0 0 0 0 18 0 0 2 0 
 0 0 1 0 0 0 0 0 0 0 2 0 0 1 1 0 1 0 0 2 3 3 4 3 6 3 3 3 3 3 3 3 3 5 3 3 3 3 3 3 50 65 319 478 38 81 39 28 256 140 313 87 41 28 55 480 358 0 38 48 3 0 51 0 0 0 0 0 0 6 51 208 0 0 2 3 0 3 2 6 0 0 0 0 0 0 0 0 0 0 0 0 0 0 0 0 0 0 0 0 0 0 0 0 0 0 0 0 0 0 0 0 0 0 0 0 0 0 0 0 0 11 0 22 10 7 0 0 0 17 25 23 0 0 0 0 0 0 0 0 0 0 4 0 0 0 0 3 0 0 0 0 0 0 0 1 0 17 0 0 0 0 0 0 4 0 0 0 2 5 0 0 0 0 0 0 0 0 0 0 0 0 19 0 0 0 0 0 0 0 0 0 0 0 0 0 0 0 0 0 0 0 42 56 34 13 1 0 0 0 24 22 0 0 0 3 21 12 0 0 0 0 0 0 0 0 1 0 0 0 0 34 0 24 0 0 0 0 0 0 0 0 0 0 0 0 0 0 0 0 0 6 0 0 0 0 0 0 0 23 0 0 66 66 3 15 2 64 1 0 0 0 0 0 0 0 0 0 0 0 0 0 0 0 1 0 0 0 0 0 
 0 0 0 0 0 0 0 3 0 2 0 3 0 0 0 0 0 0 0 0 2 0 1 0 5 201 0 0 0 1 4 14 0 0 3 0 0 1 0 0 90 91 44 105 61 49 76 52 82 80 37 47 319 66 504 456 35 38 0 301 0 1 0 0 0 0 0 0 0 0 0 1 0 0 1 7 0 0 0 0 8 0 0 0 0 0 0 0 0 0 6 0 0 0 0 0 0 0 0 0 0 0 0 0 0 24 0 0 0 0 0 0 0 0 0 0 0 0 0 0 31 0 0 0 0 0 53 11 5 0 0 0 44 30 19 0 0 0 6 19 0 0 12 0 1 7 2 0 0 5 0 0 0 0 0 0 0 0 0 0 0 0 0 0 0 0 0 0 0 0 0 13 0 0 0 0 0 0 0 0 0 0 0 0 1 5 0 0 0 0 0 0 0 0 0 0 0 0 0 0 20 20 0 19 0 0 25 21 0 1 0 0 32 28 6 16 0 0 7 33 0 0 0 0 0 0 0 0 0 0 0 0 0 0 0 0 0 0 0 0 0 0 0 0 0 0 0 0 0 0 0 12 0 2 0 0 0 0 0 2 1 0 2 0 0 2 5 0 0 0 0 0 0 0 0 0 0 0 0 0 0 0 0 0 0 0 0 0 1 0 
 0 0 0 5 0 0 0 0 0 0 0 0 0 0 0 0 64 0 62 0 1 0 0 0 0 16 0 0 0 0 0 0 2 0 0 0 0 0 0 0 248 131 29 56 72 255 404 60 65 143 440 236 306 64 78 78 87 48 301 0 0 0 2 10 0 2 0 0 6 26 6 9 2 0 2 1 30 14 0 0 0 0 0 0 0 0 0 0 0 13 0 0 0 0 0 0 0 0 0 0 0 0 0 0 0 0 0 0 0 0 0 0 0 0 0 0 0 0 0 0 45 10 18 0 0 0 21 0 7 0 0 0 30 0 25 25 17 0 0 1 0 0 0 0 9 1 4 0 0 1 0 11 0 0 0 0 0 0 0 0 0 0 0 0 0 14 0 0 0 0 0 2 0 0 0 0 0 0 0 0 0 0 0 0 0 0 0 0 0 0 0 0 0 0 0 0 0 0 0 0 4 13 0 19 0 0 12 12 10 0 0 0 12 13 18 11 0 0 0 6 0 0 0 0 0 8 0 0 0 0 0 5 0 0 0 0 1 0 7 0 0 0 0 0 0 0 0 0 0 0 0 2 0 2 0 0 0 0 0 0 0 0 0 0 0 0 4 0 0 0 0 0 0 0 0 5 0 0 0 0 0 0 0 0 0 0 0 0 0 0 
 1 2 0 3 1 0 0 3 2 3 0 0 0 3 1 0 2 0 0 1 0 0 0 0 0 0 0 0 0 0 0 0 3 0 0 0 0 0 52 0 0 0 0 0 4 5 0 0 58 2 0 4 0 2 0 0 0 3 0 0 0 96 55 52 35 100 340 265 99 40 36 35 44 126 183 68 29 56 25 197 0 0 0 0 0 0 22 0 10 0 0 0 0 0 0 0 0 0 0 0 0 0 0 0 0 0 0 0 0 0 0 0 0 0 0 0 0 0 0 0 0 0 0 0 0 2 0 0 0 0 0 0 0 0 0 0 0 0 0 0 13 22 0 0 0 0 0 20 23 0 0 0 2 0 6 0 6 0 3 13 0 0 0 0 0 0 0 0 0 0 0 0 0 0 0 0 0 0 0 0 0 0 0 9 0 0 0 0 0 0 0 4 0 0 0 0 0 0 0 0 0 0 0 0 5 1 0 0 0 0 0 0 0 0 0 0 0 0 0 0 3 18 9 8 0 0 7 9 38 16 25 0 4 3 21 20 21 19 3 32 8 0 0 0 0 0 0 0 0 0 0 0 0 0 9 0 0 0 0 0 0 0 0 0 0 0 0 0 0 0 0 0 0 0 0 2 0 0 0 0 0 0 0 0 0 0 0 0 0 0 
 0 0 0 0 0 3 0 3 0 0 0 0 0 0 0 0 0 0 0 4 0 0 0 0 0 0 1 0 0 0 0 0 0 0 0 0 0 0 0 0 0 0 0 0 8 5 0 0 3 0 2 6 0 0 0 0 0 0 1 0 96 0 272 273 23 42 86 282 226 32 34 43 24 44 208 198 153 44 240 50 0 0 0 0 0 0 0 0 0 0 0 0 0 0 0 0 0 0 0 0 0 0 0 0 0 0 0 0 0 0 0 0 0 0 0 0 0 0 0 0 0 0 0 0 0 9 0 0 0 0 6 0 0 0 0 0 0 0 18 0 0 0 8 8 9 0 1 0 10 18 9 9 1 0 0 10 21 15 5 5 0 5 0 0 0 0 0 10 0 0 0 0 0 0 0 0 17 0 0 0 0 0 0 0 0 0 0 8 0 0 0 0 0 16 0 0 0 0 0 0 1 0 0 10 28 0 0 0 0 0 0 0 0 0 0 0 0 0 0 0 6 0 10 28 0 0 5 0 11 21 25 0 12 1 0 4 14 31 6 5 9 0 0 0 0 0 0 0 0 0 0 0 0 0 8 0 0 0 0 0 0 0 0 0 0 0 0 5 0 0 15 0 0 7 0 2 0 0 0 0 0 0 0 0 0 0 0 9 0 0 
