 0 162 71 59 62 29 448 402 23 105 40 23 63 121 621 62 34 40 50 343 6 2 1 5 2 0 0 0 1 0 4 6 52 0 2 3 2 2 1 6 0 0 2 0 0 7 3 0 0 2 0 0 3 5 0 3 3 0 3 0 0 2 0 0 2 4 0 3 6 28 0 0 6 0 4 0 0 3 0 0 45 39 19 2 0 0 15 32 1 10 1 0 0 20 12 20 32 0 0 26 0 1 0 0 0 0 0 0 0 0 0 0 0 10 0 0 0 0 0 0 0 2 0 0 0 0 0 0 0 0 0 0 0 0 0 1 0 0 0 0 0 0 0 0 0 0 0 0 0 0 0 2 0 3 0 1 0 0 0 1 34 67 26 1 0 0 18 72 10 9 0 0 0 19 42 7 2 0 1 4 0 1 0 0 0 0 0 0 0 0 0 1 0 0 0 0 0 0 0 0 0 0 0 0 0 0 0 0 0 0 0 14 0 2 1 0 0 0 0 2 0 0 0 0 0 0 0 0 0 0 0 0 0 0 0 1 1 0 9 18 0 0 0 0 0 0 0 0 2 1 0 7 0 0 0 0 0 0 0 0 0 0 0 0 0 0 0 0 0 0 0 0 0 0 0 0 0 0 0 0 0 0 0 0 0 0 0 0 0 0 
 162 0 475 76 129 43 74 493 476 100 40 121 119 51 434 170 560 28 54 52 3 2 0 0 0 0 0 0 1 0 0 1 0 0 2 0 3 64 0 36 0 0 2 0 0 2 3 0 0 3 0 0 1 0 0 3 1 0 3 0 0 2 0 0 0 0 0 3 3 0 0 0 0 0 0 0 0 3 0 0 0 23 80 32 2 0 0 14 50 43 19 13 0 0 10 52 35 42 0 0 0 0 0 2 0 1 0 0 0 1 0 0 0 0 0 0 0 0 0 0 0 0 0 0 0 0 0 0 0 0 0 0 0 0 0 12 0 2 0 0 0 0 0 0 0 0 0 0 0 18 1 0 0 2 0 0 0 0 0 0 0 47 23 32 1 0 1 25 15 18 73 15 0 0 29 34 15 11 10 0 0 0 0 0 0 0 2 0 0 0 0 0 0 0 0 0 0 0 0 0 0 0 0 0 0 0 2 1 0 0 0 28 16 0 1 0 0 0 0 0 0 0 0 0 0 0 0 0 0 0 0 0 0 0 0 0 0 0 0 2 0 0 0 0 0 0 0 0 2 2 0 4 0 2 1 0 0 0 0 0 0 0 0 0 0 0 2 0 0 0 0 0 0 0 0 0 0 0 0 0 0 0 0 0 0 0 0 0 0 0 
 71 475 0 97 39 30 47 88 230 394 40 116 75 42 287 280 123 297 36 125 4 3 0 0 0 0 0 74 0 0 2 0 0 1 4 2 0 0 0 74 0 0 59 0 0 2 3 0 0 2 0 0 3 0 0 3 3 0 3 0 0 2 0 0 0 0 0 3 2 0 0 0 0 0 0 0 0 3 0 0 0 8 29 32 32 11 0 1 48 34 31 21 0 0 13 42 8 63 0 0 0 0 0 8 0 0 0 0 0 0 0 0 0 0 0 0 0 0 0 0 0 0 0 0 0 0 0 0 0 0 0 0 0 0 0 0 0 0 0 0 0 0 0 0 0 0 0 0 0 0 0 0 0 0 0 0 0 0 0 0 0 1 13 47 10 0 0 1 16 19 40 28 0 0 1 19 36 24 5 0 0 0 0 0 0 0 0 0 0 0 0 0 0 0 0 0 0 0 0 0 0 0 0 0 0 0 0 0 0 0 0 0 0 12 0 0 2 0 0 0 0 0 13 0 0 0 0 0 0 0 0 0 0 0 0 0 1 0 0 0 0 13 0 0 0 0 5 0 3 4 0 9 7 0 0 0 0 0 0 0 0 0 25 0 0 0 0 0 0 0 0 0 0 0 0 25 3 0 0 0 0 0 0 0 0 0 0 0 0 0 
 59 76 97 0 64 26 272 62 282 464 233 301 49 58 48 38 64 305 91 65 3 0 0 0 0 0 32 0 0 0 0 3 0 38 4 2 1 0 0 0 3 0 2 2 0 4 3 0 63 3 0 3 1 82 0 3 1 0 3 0 2 2 0 0 0 0 0 3 5 0 0 0 0 0 0 0 0 3 0 0 0 0 1 24 112 30 0 0 10 14 20 88 0 0 0 20 0 0 0 0 0 0 0 0 0 0 0 0 0 0 0 0 0 0 0 0 0 0 46 0 0 0 0 0 0 0 0 0 0 0 0 0 0 0 0 0 0 0 0 0 0 0 0 0 0 0 0 0 0 0 0 0 0 0 0 0 0 0 0 0 0 0 0 20 69 16 0 0 4 9 1 62 0 0 19 12 13 18 6 0 0 0 0 0 0 0 0 0 0 2 0 0 0 0 0 0 0 0 8 0 0 0 0 0 0 0 0 0 0 0 0 0 0 0 0 0 0 1 0 0 0 0 0 0 0 0 0 0 0 0 0 0 0 0 0 0 0 0 0 0 0 16 0 0 0 0 58 1 3 56 0 10 13 0 0 0 0 0 0 0 1 0 12 0 0 0 0 0 0 0 0 0 0 0 0 27 9 8 0 0 0 0 0 0 0 0 0 0 0 0 
 62 129 39 64 0 336 34 48 394 117 305 429 84 252 65 311 51 45 146 76 4 0 74 3 0 1 1 0 0 3 6 6 2 0 4 2 2 5 0 4 0 0 67 11 1 4 3 2 5 71 3 0 4 2 0 19 6 0 3 0 0 2 0 3 3 2 0 5 6 7 4 2 0 0 1 0 1 6 48 0 0 0 1 0 14 8 0 0 0 0 10 0 0 0 0 0 0 0 0 10 0 0 0 2 0 0 1 0 0 0 0 0 9 15 0 0 0 0 43 13 0 1 0 0 0 0 0 0 0 0 0 0 0 0 0 0 0 1 0 0 0 0 0 0 0 0 0 2 0 0 1 0 0 0 0 1 0 0 0 0 0 0 0 0 19 27 1 0 0 1 0 14 2 0 0 0 0 0 0 1 0 0 0 0 0 0 2 0 0 1 0 0 6 0 0 0 0 0 9 1 0 0 0 25 0 7 0 0 0 0 10 0 0 2 0 0 0 0 0 0 0 0 0 0 0 0 0 0 0 0 0 0 0 0 0 0 1 0 0 2 0 0 0 0 0 1 2 0 2 5 0 9 0 2 0 0 0 0 0 0 0 0 0 0 0 0 2 0 0 0 2 0 0 1 0 0 0 0 0 0 0 0 0 0 0 0 0 0 0 0 
 29 43 30 26 336 0 24 31 43 49 98 64 239 31 73 290 293 42 58 56 5 2 0 0 0 0 2 0 0 0 0 0 5 4 2 0 0 2 309 73 0 0 39 0 0 3 3 0 0 3 0 0 2 3 0 71 2 0 3 0 0 2 0 4 0 0 0 89 2 0 0 0 0 0 0 0 0 3 0 0 0 0 0 0 12 17 0 0 0 0 0 1 0 0 0 0 0 0 0 18 3 0 0 2 0 1 1 2 3 0 0 0 51 51 0 0 0 0 11 27 0 0 0 0 0 0 0 0 0 0 0 0 0 11 0 0 0 2 0 0 0 0 0 0 0 0 0 5 0 0 0 0 0 0 0 0 0 0 0 0 0 0 0 0 17 25 3 0 0 2 0 0 0 0 1 0 0 0 0 1 0 0 0 0 0 2 11 1 0 1 0 0 19 16 22 1 0 0 28 67 0 0 0 0 0 5 2 0 0 0 0 0 14 0 0 0 0 0 17 0 0 0 0 0 0 1 0 0 1 0 0 0 0 0 0 0 0 0 0 2 0 0 0 0 0 0 5 2 14 1 0 12 0 2 0 0 0 0 0 21 0 0 0 0 0 0 2 0 0 0 0 0 0 0 0 0 0 1 0 0 0 0 0 0 0 0 0 0 0 0 
 448 74 47 272 34 24 0 81 40 131 35 31 662 417 132 31 223 50 89 338 5 2 2 0 1 0 0 77 0 0 0 3 0 0 2 1 0 2 0 0 0 0 2 0 0 2 2 0 0 3 0 4 2 0 2 6 0 0 6 0 3 2 0 0 0 0 0 3 3 0 0 0 33 0 3 31 0 3 0 0 44 7 2 0 1 0 34 75 0 20 0 10 8 36 63 0 25 1 0 45 0 0 0 0 0 1 2 0 0 0 0 0 0 0 0 0 0 0 0 0 0 0 0 0 0 0 0 0 0 0 0 0 0 0 0 0 0 1 0 0 0 0 0 0 0 0 0 0 0 0 0 0 0 29 0 0 0 0 0 0 60 2 0 0 0 0 28 16 53 1 0 19 0 30 23 0 0 0 10 29 0 0 0 0 0 0 1 0 0 0 0 0 0 0 0 0 0 0 0 0 0 0 0 0 0 0 2 0 0 0 0 4 0 0 0 0 0 0 0 0 0 0 0 0 0 1 0 1 2 0 0 0 0 0 0 0 0 0 0 1 0 0 0 0 0 0 0 0 0 0 0 11 0 1 0 0 0 0 0 4 0 0 0 0 0 0 0 0 0 0 0 0 0 0 0 0 0 0 0 0 0 0 0 0 0 0 0 0 0 0 
 402 493 88 62 48 31 81 0 62 47 33 35 113 485 240 248 62 28 57 65 75 0 0 0 0 0 0 0 0 0 0 0 0 0 2 0 0 0 0 75 0 0 2 65 0 2 3 0 0 2 0 0 3 0 0 3 3 0 3 0 0 2 0 0 0 0 0 3 2 0 0 0 0 0 0 0 0 3 0 0 0 37 20 14 0 0 15 47 1 64 11 0 0 10 18 51 45 32 0 30 0 0 0 0 0 0 0 0 0 0 0 0 0 0 0 0 0 2 0 0 0 0 0 1 0 0 10 0 0 0 0 0 0 0 0 0 0 0 0 1 0 0 0 0 0 0 0 0 0 0 0 0 0 47 0 0 15 0 0 1 39 29 26 22 0 0 3 33 50 9 0 1 0 21 14 24 41 28 0 0 0 0 0 0 1 0 0 0 0 0 0 0 0 0 0 0 0 0 0 0 0 0 0 0 0 0 0 0 1 0 0 15 0 0 0 2 2 0 0 0 18 0 0 0 0 0 0 0 0 0 0 0 0 0 0 0 0 0 0 0 0 1 0 0 1 2 2 0 0 0 0 29 0 0 0 0 0 0 0 0 0 0 0 0 0 0 0 0 0 0 0 0 0 0 0 0 1 0 0 0 0 0 0 0 0 0 0 0 0 0 
 23 476 230 282 394 43 40 62 0 524 52 31 153 92 303 285 159 286 276 47 3 2 0 0 1 2 0 0 0 0 2 2 0 1 2 0 0 1 0 73 0 0 2 1 0 2 70 0 0 3 0 0 2 0 0 3 2 3 3 0 0 2 0 0 0 0 0 3 2 0 0 0 0 0 0 0 0 3 0 0 0 11 47 41 78 13 0 5 39 66 33 24 0 0 13 50 13 38 0 0 0 0 0 0 0 0 0 0 0 0 0 0 24 0 0 0 0 0 0 0 0 0 0 0 0 0 0 0 0 0 0 0 0 0 0 25 0 0 0 0 1 0 0 0 0 0 0 0 0 0 0 0 0 0 0 0 0 0 0 0 0 0 9 51 25 0 0 0 14 25 71 32 0 0 0 21 86 35 4 0 0 0 0 0 0 0 0 0 0 0 0 0 0 0 0 0 0 0 0 0 0 0 0 0 0 0 0 19 0 0 4 0 0 0 0 0 0 27 0 0 0 0 0 0 0 2 0 1 0 0 0 0 0 0 0 0 0 0 0 0 0 15 0 0 0 0 4 0 0 2 0 5 9 0 0 0 0 0 0 0 0 0 14 0 0 0 0 0 0 0 0 0 0 0 0 22 1 0 0 0 0 0 0 0 0 0 0 0 0 0 
 105 100 394 464 117 49 131 47 524 0 470 128 75 61 91 202 304 85 88 296 3 0 0 1 207 0 0 0 0 0 0 3 0 74 2 0 0 0 0 0 0 0 2 0 0 2 3 0 1 3 0 0 1 0 0 3 1 1 3 2 0 2 0 0 5 0 0 3 3 0 0 46 0 0 0 0 0 3 0 0 0 0 22 58 27 22 0 1 57 10 28 63 0 0 0 29 0 20 0 0 0 0 0 0 0 0 1 0 0 0 0 0 19 0 0 0 0 0 24 0 0 0 0 0 0 0 0 0 0 0 0 0 0 0 0 14 0 2 0 0 0 0 0 0 0 0 0 0 0 0 0 0 0 0 0 0 0 0 0 0 0 0 0 56 9 21 1 0 5 16 59 39 0 0 1 3 3 22 6 0 0 0 0 0 0 2 2 0 0 0 0 0 1 0 0 0 0 0 28 0 0 0 0 0 0 0 1 0 0 0 0 0 0 0 0 0 0 0 0 0 0 0 0 0 0 21 0 1 0 0 0 0 0 0 0 0 0 0 0 2 0 10 0 0 0 0 204 3 0 194 0 3 5 2 0 0 0 0 0 0 0 0 11 0 0 0 2 0 0 0 0 0 0 0 0 18 16 9 0 0 0 0 0 0 0 0 0 0 0 0 
 40 40 40 233 305 98 35 33 52 470 0 533 39 41 71 99 116 296 48 270 3 0 0 2 1 2 0 0 2 0 1 0 2 0 2 4 1 0 2 7 0 1 2 16 2 2 3 0 60 3 0 0 62 4 0 3 2 0 3 0 0 2 0 0 0 0 0 7 2 0 0 0 0 2 0 0 0 3 0 0 0 0 0 24 55 12 0 0 12 14 25 25 0 0 0 13 1 2 0 0 0 0 0 0 0 2 0 0 0 0 0 0 0 0 0 0 0 0 64 1 0 0 0 0 0 0 0 0 0 0 0 0 0 0 0 2 0 0 0 0 0 0 0 0 0 0 0 1 0 0 2 2 0 0 0 2 0 0 0 0 0 0 0 20 34 21 1 0 4 16 6 46 0 0 15 14 42 14 2 0 0 2 0 0 0 0 0 0 0 6 0 2 0 0 0 0 0 0 18 0 0 0 0 0 0 0 0 0 9 0 0 0 0 0 2 0 5 0 0 0 0 0 0 0 0 0 0 0 0 0 0 0 0 0 0 2 2 0 0 0 0 14 0 0 0 6 47 0 0 54 0 3 8 0 0 0 0 0 0 0 0 0 13 0 0 0 0 0 0 0 0 0 0 0 0 26 9 4 0 0 0 0 0 0 0 0 0 0 0 0 
 23 121 116 301 429 64 31 35 31 128 533 0 39 34 29 85 333 214 226 23 3 1 0 0 0 0 0 0 0 0 0 0 0 0 2 0 0 0 0 0 0 0 2 3 0 2 3 0 60 3 0 0 1 0 0 74 1 0 3 0 0 2 0 0 0 0 0 3 3 0 0 0 0 0 0 0 0 3 0 0 0 8 0 31 19 23 0 0 9 10 36 83 0 0 16 12 0 25 0 0 0 0 0 0 0 0 0 0 0 0 0 0 0 0 55 0 0 0 24 1 0 0 0 0 0 0 0 0 0 0 0 0 0 0 0 0 0 0 0 0 0 0 0 0 0 0 0 0 0 0 0 0 0 0 0 0 0 0 0 0 0 0 9 19 13 24 0 3 12 0 12 19 0 0 0 10 10 31 0 0 0 0 0 0 0 0 0 0 0 0 0 0 7 0 8 0 0 0 29 0 0 0 0 0 0 0 0 0 0 13 0 0 0 0 0 0 0 0 0 11 0 0 0 0 0 0 0 0 0 0 0 0 0 0 0 0 0 0 0 0 0 0 0 0 0 5 176 0 4 90 0 2 12 0 2 0 0 0 0 0 0 0 0 0 0 0 0 0 0 0 0 0 0 0 0 35 13 9 0 0 0 0 0 0 0 0 0 0 0 0 
 63 119 75 49 84 239 662 113 153 75 39 39 0 90 264 56 246 22 511 346 3 1 1 0 2 0 0 0 0 0 0 0 1 0 2 0 0 0 1 0 0 0 124 0 0 2 3 0 0 2 0 0 64 0 0 3 3 0 3 0 0 2 0 0 0 0 0 3 2 0 0 0 0 0 8 0 0 3 0 0 60 0 0 0 0 0 62 11 0 0 0 0 40 34 33 0 0 0 0 11 0 0 0 0 0 0 0 0 0 0 0 0 0 0 0 0 0 0 0 0 0 0 3 0 2 0 0 0 0 0 0 0 1 0 0 0 0 0 0 0 2 0 0 0 0 0 0 0 0 0 0 5 0 0 0 0 0 0 0 0 21 0 0 0 0 0 43 17 0 0 0 0 10 34 15 2 0 0 21 32 0 0 0 0 0 0 0 6 0 0 0 0 0 0 0 0 0 0 0 0 0 0 0 0 0 0 0 0 0 19 0 0 0 0 0 0 0 11 0 0 0 0 0 0 0 1 0 2 0 0 0 0 0 0 0 0 0 0 0 0 0 0 0 0 0 0 2 0 2 0 0 0 0 0 69 0 0 0 0 0 0 0 0 0 0 0 0 0 0 0 0 0 0 0 0 0 0 0 0 0 0 0 0 0 0 0 0 0 0 0 
 121 51 42 58 252 31 417 485 92 61 41 34 90 0 446 106 37 32 116 67 3 2 64 0 0 0 0 0 1 0 0 0 0 0 2 0 0 0 1 0 0 0 2 0 0 2 3 0 0 3 0 0 1 0 0 3 1 0 3 0 0 2 0 0 0 0 0 3 3 0 0 0 0 0 2 0 0 3 0 0 46 22 20 0 0 0 24 40 1 11 0 0 2 33 13 19 33 0 0 26 0 0 0 0 1 0 0 0 0 1 0 0 0 0 0 0 0 0 0 0 0 0 0 0 0 0 0 0 0 0 0 0 0 0 0 0 20 0 0 0 0 2 2 0 0 0 0 0 0 1 0 1 0 4 0 0 0 0 0 0 27 34 25 1 0 0 15 53 22 10 0 0 0 24 65 9 0 0 1 2 0 0 0 0 0 0 0 0 0 0 0 0 0 0 0 11 0 0 0 0 0 0 0 0 0 0 0 0 0 0 0 31 0 0 0 0 0 0 0 0 0 0 2 0 0 0 0 0 0 0 2 0 1 0 1 0 0 0 0 0 0 0 0 0 0 0 2 0 0 0 0 30 0 0 0 0 0 0 0 0 0 0 0 0 0 0 0 0 0 0 0 0 0 2 0 0 0 0 0 0 0 0 0 0 0 0 0 0 0 0 
 621 434 287 48 65 73 132 240 303 91 71 29 264 446 0 258 36 28 93 88 3 0 0 1 0 0 0 0 2 0 0 0 2 0 2 0 0 0 2 74 0 0 2 0 0 2 3 0 0 3 0 0 2 0 0 3 2 0 3 0 0 2 0 0 0 0 0 3 2 0 0 0 0 0 0 0 0 3 0 0 2 33 32 7 0 0 9 32 3 39 8 0 0 7 13 36 39 34 0 27 0 1 0 0 0 0 0 0 0 0 0 0 0 0 11 0 16 0 0 0 0 0 11 0 0 0 0 0 0 0 0 0 0 2 0 0 0 0 1 0 0 0 0 2 0 0 0 0 0 0 0 2 12 4 0 0 0 0 0 0 68 30 28 32 0 0 0 19 62 13 23 0 0 22 104 18 23 13 1 0 2 2 0 0 0 0 0 0 1 0 0 2 0 0 0 0 30 0 0 0 0 0 0 0 0 0 0 0 0 0 0 20 0 0 0 0 0 0 0 0 0 0 0 0 1 0 2 0 0 0 0 0 0 0 0 2 0 0 0 0 0 0 0 0 0 1 0 0 2 0 0 6 0 0 0 0 0 0 0 0 3 0 0 0 0 0 0 0 0 0 0 0 0 0 0 1 1 0 0 0 0 2 0 0 0 0 0 0 0 0 
 62 170 280 38 311 290 31 248 285 202 99 85 56 106 258 0 234 54 91 61 3 77 0 0 0 84 0 0 0 2 0 0 2 0 2 0 0 0 0 35 0 0 2 3 0 3 3 0 0 3 0 0 1 0 0 3 1 0 5 0 0 3 0 0 0 0 0 4 3 0 0 0 0 0 0 0 0 3 0 0 0 6 39 28 15 0 0 1 38 12 17 10 0 0 1 41 46 28 0 2 0 0 0 0 0 0 0 0 0 0 0 0 0 0 0 0 2 0 0 0 0 0 2 0 0 0 0 0 0 2 0 0 0 0 0 15 0 2 0 0 0 0 0 0 0 0 0 0 1 0 0 0 0 3 0 0 0 0 0 0 0 12 12 36 10 0 0 37 16 22 32 20 0 0 0 12 19 10 5 0 0 0 0 0 14 0 0 0 1 0 0 0 0 0 0 0 0 0 0 0 0 0 1 0 0 0 0 0 0 0 0 0 0 0 0 0 0 0 0 0 0 0 0 0 1 0 0 0 0 0 14 0 0 0 0 0 0 1 0 0 0 15 18 0 1 2 3 0 3 1 2 14 0 0 0 0 0 0 0 0 0 0 14 0 0 0 0 0 0 0 0 0 0 0 0 0 0 0 0 0 0 0 0 0 0 2 0 0 0 1 
 34 560 123 64 51 293 223 62 159 304 116 333 246 37 36 234 0 224 43 27 5 1 0 0 0 0 2 2 0 0 0 0 0 2 2 0 0 0 1 0 0 0 2 3 0 7 2 0 0 3 0 1 0 0 0 3 0 0 3 0 0 34 0 0 0 0 0 3 3 0 0 0 1 0 1 0 4 9 0 25 0 14 39 20 27 1 2 0 30 33 24 41 0 0 16 25 6 41 0 0 0 0 0 0 9 0 0 0 0 0 0 0 0 0 0 0 0 0 0 0 0 19 0 0 0 0 0 0 0 0 1 0 0 0 0 0 0 14 0 0 0 0 0 0 0 0 0 0 0 0 0 0 0 0 0 0 0 0 0 0 0 0 9 24 10 0 0 0 16 10 32 24 0 0 0 10 19 10 27 0 0 0 0 0 0 0 0 0 0 0 1 0 0 0 0 0 0 0 0 0 0 0 0 0 0 0 0 0 0 0 0 7 0 0 0 0 0 0 0 0 0 11 0 0 0 0 0 0 0 0 0 0 0 2 0 0 0 0 0 16 0 14 0 0 0 2 1 0 3 1 0 5 11 0 2 0 0 0 0 1 0 0 18 0 0 0 0 0 0 0 0 0 0 0 0 13 1 0 0 0 0 0 0 0 0 0 0 0 0 0 
 40 28 297 305 45 42 50 28 286 85 296 214 22 32 28 54 224 0 28 45 4 0 0 1 8 0 0 0 7 0 0 0 4 2 2 4 0 2 0 2 0 4 2 0 0 3 3 6 4 41 0 3 2 4 54 3 1 0 3 35 0 32 0 0 3 0 0 3 3 0 0 0 0 45 0 0 0 3 4 0 0 1 18 28 16 2 0 0 35 10 18 45 0 0 0 14 0 31 0 0 0 0 0 0 0 0 0 0 0 0 0 0 0 0 0 0 0 0 0 0 0 0 0 0 0 0 0 0 0 0 0 0 0 0 0 0 0 0 0 0 0 0 0 0 0 0 0 0 0 0 0 0 0 0 0 0 0 0 0 0 0 1 1 16 1 1 0 0 4 10 40 21 0 0 0 11 12 11 17 0 0 0 0 0 0 0 0 0 0 0 0 0 0 0 0 0 0 0 0 0 0 0 0 17 14 0 0 0 0 0 0 0 0 0 0 0 7 0 0 0 0 0 0 0 0 0 0 0 0 0 0 0 0 14 0 0 0 0 0 0 0 0 0 0 0 0 85 0 0 170 0 17 16 0 0 0 0 0 0 0 0 0 0 0 0 0 0 0 0 0 0 0 0 0 0 12 15 12 0 0 0 0 0 0 0 0 0 0 0 0 
 50 54 36 91 146 58 89 57 276 88 48 226 511 116 93 91 43 28 0 424 2 99 0 0 0 1 0 0 0 0 0 1 0 48 2 0 1 1 0 0 0 0 2 0 0 2 5 0 0 2 0 0 3 0 0 3 3 0 3 0 0 3 0 21 32 0 0 3 2 0 0 0 0 0 7 0 0 3 0 0 27 0 1 1 1 0 19 1 10 0 0 0 27 25 31 0 0 0 42 15 0 0 0 1 0 2 2 0 0 0 0 0 0 0 0 13 0 0 0 0 0 1 0 0 0 0 0 0 0 0 0 0 0 0 0 0 0 15 0 0 0 0 0 0 0 0 3 0 0 0 2 4 0 0 0 2 0 0 0 0 21 0 0 0 0 0 34 0 0 0 0 0 19 23 0 0 0 0 49 56 0 0 0 0 0 0 8 0 0 10 0 0 0 0 0 0 0 0 0 0 0 0 0 0 0 0 0 0 0 0 0 0 0 1 2 0 0 0 0 0 0 0 0 0 0 0 14 0 0 0 0 0 0 0 0 0 2 0 0 1 0 0 0 0 0 2 2 0 2 0 2 11 0 1 0 0 0 0 0 0 0 2 0 0 0 0 1 0 0 0 0 0 0 0 0 0 0 0 0 0 0 0 0 0 0 0 0 0 0 0 
 343 52 125 65 76 56 338 65 47 296 270 23 346 67 88 61 27 45 424 0 3 3 3 2 0 0 0 0 0 0 4 7 1 0 4 116 1 4 0 3 0 0 64 2 1 2 3 0 0 3 3 0 2 0 0 3 2 0 3 0 0 2 0 0 3 0 0 3 2 0 2 3 0 0 3 1 0 3 0 0 38 0 0 0 0 0 23 0 0 0 0 0 36 18 53 0 0 0 0 15 0 0 0 0 0 0 0 0 0 0 0 29 0 0 0 0 0 0 0 0 0 0 0 0 0 0 0 0 0 0 0 0 0 0 0 0 0 0 0 0 0 9 0 0 0 0 0 0 0 0 0 5 0 0 0 0 0 0 0 0 23 24 0 0 0 0 76 14 0 0 0 0 18 19 9 0 42 15 35 32 0 0 0 0 0 0 0 0 0 0 0 0 0 0 0 0 0 0 0 0 0 0 0 0 0 0 0 0 0 0 0 0 0 0 0 0 0 0 0 0 0 0 0 0 0 0 0 0 0 0 0 0 0 0 0 0 0 0 0 0 0 0 0 0 0 0 3 2 0 1 0 4 0 0 0 0 0 0 0 0 0 0 0 0 0 0 0 0 2 0 0 0 0 0 0 0 0 0 0 0 0 0 0 0 0 0 0 0 0 0 
 6 3 4 3 4 5 5 75 3 3 3 3 3 3 3 3 5 4 2 3 0 121 84 260 270 237 637 281 40 49 46 37 267 201 435 46 50 251 32 238 2 2 2 0 7 0 0 3 1 3 2 5 0 0 0 0 0 0 0 0 0 0 0 0 0 4 0 0 0 0 1 2 0 0 0 3 2 0 1 0 0 0 0 0 0 0 0 0 0 0 0 0 0 0 0 12 0 0 0 1 13 61 39 0 0 0 41 33 19 10 0 0 1 13 46 58 11 0 0 5 0 0 0 0 0 0 0 0 0 1 0 0 0 0 0 0 0 0 0 0 0 0 1 0 0 0 0 1 0 0 0 0 0 0 0 0 1 0 0 2 2 0 0 0 0 0 0 0 0 0 0 0 0 0 0 0 0 0 1 0 40 21 13 0 0 0 81 27 0 17 0 2 20 13 28 14 20 0 8 0 0 0 2 0 0 1 0 0 0 0 1 0 0 0 0 0 0 0 0 0 12 0 0 0 0 0 0 0 0 0 0 0 0 0 0 0 0 0 0 0 0 0 0 0 0 0 0 0 0 0 0 0 0 0 6 0 2 0 0 2 1 0 0 0 0 0 0 0 0 0 0 0 0 0 0 0 0 0 0 0 0 14 0 0 0 0 0 0 0 0 
 2 2 3 0 0 2 2 0 2 0 0 1 1 2 0 77 1 0 99 3 121 0 420 82 12 44 68 310 327 35 36 36 40 269 379 358 382 34 51 65 3 2 2 0 3 0 5 3 1 5 2 7 5 8 0 6 5 0 3 3 5 0 3 0 3 9 3 0 0 2 5 4 3 3 2 6 4 2 1 1 0 0 0 0 0 0 0 0 0 0 0 0 0 0 0 0 0 0 0 0 0 34 92 26 12 0 1 3 74 47 40 0 0 0 0 15 29 29 0 0 1 0 0 0 0 0 0 0 0 0 0 0 0 0 0 0 0 0 0 0 0 0 0 0 18 0 0 0 26 0 0 0 0 0 0 0 7 0 0 0 0 0 0 0 0 0 0 0 0 0 0 0 0 0 0 0 10 6 0 0 1 31 50 10 0 0 1 0 44 44 12 22 0 26 9 17 45 47 1 0 0 0 0 0 0 0 0 0 4 17 0 0 0 0 0 0 0 0 0 0 0 0 0 0 0 0 0 0 0 0 0 0 0 0 0 0 0 0 0 1 0 0 1 0 0 2 0 0 0 1 0 0 0 0 6 1 1 0 0 2 13 28 0 0 0 0 0 2 0 0 0 1 0 0 0 0 0 0 0 0 0 12 0 0 0 0 0 0 0 0 
 1 0 0 0 74 0 2 0 0 0 0 0 1 64 0 0 0 0 0 3 84 420 0 123 42 48 56 102 464 366 264 138 301 51 58 577 101 350 47 260 4 2 0 0 3 0 0 3 2 17 2 11 0 0 0 0 0 1 0 0 0 0 0 0 5 0 8 0 0 0 0 4 0 0 0 3 1 4 3 0 0 0 0 0 0 0 0 0 0 0 0 0 0 0 0 0 0 0 0 0 0 0 8 32 4 0 0 0 33 33 31 16 0 0 0 1 49 50 0 0 0 0 0 0 0 0 3 0 0 0 0 0 1 0 0 0 0 0 0 0 0 0 0 0 0 0 0 0 1 0 0 0 0 0 0 0 6 0 0 0 0 0 0 0 0 1 0 0 0 0 0 0 0 0 0 0 5 21 0 0 0 48 52 38 0 0 0 0 46 18 31 37 0 0 1 57 24 42 0 0 0 0 0 0 0 0 0 0 0 0 0 0 1 0 0 0 0 0 0 0 0 0 0 0 0 0 0 0 0 0 0 0 0 0 0 0 0 0 0 0 0 0 16 0 0 0 1 0 0 0 0 0 0 0 0 0 1 2 3 0 21 9 0 0 0 0 1 0 0 0 0 0 0 0 0 0 0 0 0 0 0 11 0 0 0 0 0 0 0 0 
 5 0 0 0 3 0 0 0 0 1 2 0 0 0 1 0 0 1 0 2 260 82 123 0 93 41 65 62 110 375 382 609 279 102 77 117 67 603 140 150 0 2 2 66 3 2 3 3 2 4 2 3 3 0 0 3 3 0 208 0 0 4 28 0 0 0 5 2 0 0 0 11 4 7 0 2 0 2 3 0 0 0 0 0 0 0 0 0 0 0 0 0 0 0 0 0 0 0 0 0 0 0 0 31 19 68 0 0 0 0 0 25 0 0 2 0 0 22 0 0 0 0 0 0 0 0 10 0 0 0 0 0 14 0 0 1 0 0 35 0 0 13 0 0 0 0 0 0 0 2 0 0 0 0 0 0 0 0 0 0 0 0 0 0 0 1 0 0 0 0 0 0 0 0 0 0 0 0 0 0 0 0 12 32 27 17 0 0 14 0 52 24 0 0 0 12 1 0 19 0 0 2 0 0 1 1 2 0 0 0 0 0 10 1 0 0 0 0 21 0 0 0 0 0 0 0 0 0 0 0 0 0 0 0 0 0 0 0 0 0 0 0 21 0 0 0 0 0 0 0 0 0 0 0 5 0 0 15 45 1 2 0 0 0 0 0 11 0 0 5 0 0 0 0 0 0 0 0 0 0 0 20 0 0 0 0 9 0 0 0 
 2 0 0 0 0 0 1 0 1 207 1 0 2 0 0 0 0 8 0 0 270 12 42 93 0 359 46 66 111 84 105 343 143 302 71 122 45 42 48 99 5 2 14 0 3 0 0 3 7 3 2 2 0 0 0 0 0 0 0 0 0 0 0 0 0 0 0 0 0 3 2 10 0 3 0 3 3 0 1 0 0 0 0 0 0 0 0 0 0 0 0 0 0 0 0 0 0 0 0 0 0 0 0 0 7 7 0 0 0 8 8 31 0 0 0 0 0 0 0 0 0 0 0 20 0 0 29 0 9 0 0 0 26 11 0 0 0 0 60 33 0 4 0 0 0 0 0 0 0 0 0 0 24 0 0 0 0 0 0 0 3 0 0 0 0 1 0 0 0 0 0 0 0 0 0 3 0 0 0 0 0 0 0 0 17 32 0 0 0 0 0 30 0 0 0 0 0 0 0 0 1 0 0 0 0 0 22 0 9 0 0 0 42 11 0 0 0 0 30 34 0 0 0 0 0 0 0 0 0 0 0 0 0 0 0 0 0 0 0 0 0 0 0 0 0 0 0 0 0 0 0 0 0 0 5 0 0 3 5 4 1 2 0 0 0 0 1 0 0 0 0 0 0 0 0 0 0 0 0 0 0 0 0 0 0 0 0 0 0 0 
 0 0 0 0 1 0 0 0 2 0 2 0 0 0 0 84 0 0 1 0 237 44 48 41 359 0 29 27 103 262 294 53 280 36 36 173 56 44 40 40 6 3 6 0 3 1 0 3 6 3 66 1 2 1 0 0 0 0 200 3 0 0 0 0 0 0 0 0 0 6 3 0 0 2 0 3 3 0 0 0 0 0 0 0 0 0 0 0 0 2 0 0 0 0 0 0 0 0 0 0 1 0 0 8 1 21 0 0 0 0 6 8 0 0 0 0 0 0 0 0 12 0 0 13 0 14 50 1 0 0 0 0 45 38 1 5 0 0 34 43 0 0 0 0 0 0 0 0 0 0 0 0 1 0 0 0 0 0 0 0 3 0 0 0 0 0 0 0 4 0 0 0 0 3 0 5 0 1 0 5 0 0 0 0 0 39 0 0 2 0 0 0 0 2 0 0 0 0 0 0 39 7 0 0 0 0 30 0 0 0 0 0 44 24 0 0 0 0 53 60 0 0 0 0 0 0 0 0 0 0 18 0 0 0 0 0 0 0 0 0 0 0 2 0 0 0 0 0 0 0 0 0 0 0 4 0 4 0 0 0 1 0 0 0 0 0 0 0 0 0 0 0 0 0 0 0 2 0 0 0 0 0 0 0 0 0 0 0 0 0 
 0 0 0 32 1 2 0 0 0 0 0 0 0 0 0 0 2 0 0 0 637 68 56 65 46 29 0 78 32 150 36 38 315 404 45 31 36 36 41 172 0 2 2 0 73 0 0 3 1 3 3 3 0 73 0 1 0 0 0 0 0 0 0 0 0 5 0 0 0 0 1 2 0 0 0 3 2 0 2 0 26 0 0 1 0 0 0 0 0 0 1 0 0 0 0 0 0 0 0 0 59 36 4 1 0 0 40 71 8 0 0 0 16 10 41 39 7 0 1 36 1 0 0 0 0 11 0 0 0 0 0 0 0 0 0 0 0 2 0 0 0 0 0 0 0 0 0 0 0 0 0 0 0 0 0 0 0 0 0 0 0 0 0 0 0 13 0 0 0 0 1 0 0 0 38 0 0 0 0 0 27 22 1 0 10 0 37 39 1 24 0 0 11 22 63 16 1 1 5 1 0 0 0 12 0 0 0 0 0 0 0 0 0 0 0 0 0 0 0 2 0 0 0 0 0 0 0 0 0 23 0 0 0 0 0 0 0 0 0 0 0 0 0 0 0 2 0 0 0 0 0 0 0 0 6 0 0 0 0 0 4 0 0 0 0 0 0 0 0 0 0 0 0 0 0 0 0 0 0 0 0 0 0 0 0 0 0 0 0 0 
 0 0 74 0 0 0 77 0 0 0 0 0 0 0 0 0 2 0 0 0 281 310 102 62 66 27 78 0 369 247 44 21 327 335 207 268 38 46 104 61 203 2 0 0 4 0 0 206 2 2 2 9 0 0 0 0 0 0 0 0 0 0 0 0 1 7 0 0 0 0 0 3 0 0 0 10 0 0 3 0 0 0 0 0 0 0 0 0 0 0 0 0 0 0 0 0 0 0 0 0 10 40 25 31 1 0 2 30 31 12 7 0 0 1 1 19 22 50 0 0 2 0 0 0 0 0 0 0 0 0 0 0 0 0 0 0 0 0 0 0 0 0 0 0 0 0 0 0 0 0 0 0 0 0 0 0 0 0 0 0 0 0 0 0 0 0 0 0 0 0 0 0 0 0 0 0 10 1 0 0 3 21 51 0 0 0 26 32 35 58 0 7 0 5 12 22 27 19 1 0 0 0 0 0 0 0 0 0 0 0 0 0 0 0 0 0 0 0 0 0 0 0 0 0 0 0 0 0 0 0 0 0 0 0 0 0 0 0 0 0 0 0 0 0 0 0 0 0 0 0 0 0 0 0 4 0 1 0 0 0 2 0 0 0 0 0 0 0 0 0 0 0 0 0 0 0 0 0 0 0 0 9 0 0 0 0 0 0 0 0 
 1 1 0 0 0 0 0 0 0 0 2 0 0 1 2 0 0 7 0 0 40 327 464 110 111 103 32 369 0 314 50 29 102 105 154 267 430 496 263 78 2 3 0 0 3 0 0 3 0 3 3 13 0 0 2 0 0 0 0 0 0 0 0 0 0 0 6 0 0 0 3 0 0 2 0 45 3 0 0 0 0 0 0 0 0 0 0 0 0 0 0 0 0 0 0 0 13 0 0 0 0 2 26 40 2 0 0 0 35 37 45 9 0 0 1 0 59 32 0 0 0 2 0 0 0 0 0 0 0 0 2 0 1 0 0 0 0 0 0 0 0 0 0 0 0 0 0 0 2 0 0 0 0 0 0 0 4 0 0 0 0 0 0 0 0 1 0 0 0 0 0 0 0 0 0 0 7 6 0 0 0 10 53 24 0 0 0 1 66 21 17 24 0 18 10 43 20 38 0 0 0 0 0 0 0 0 0 0 0 0 0 0 0 0 0 0 0 9 10 0 0 0 0 0 0 0 0 0 2 0 0 0 0 2 0 0 0 0 0 0 0 0 1 0 0 0 0 0 0 0 0 0 0 0 14 1 0 3 3 0 11 8 0 0 0 0 0 0 0 0 0 0 0 0 0 0 0 0 0 0 0 29 0 0 0 0 0 0 0 0 
 0 0 0 0 3 0 0 0 0 0 0 0 0 0 0 2 0 0 0 0 49 35 366 375 84 262 150 247 314 0 663 41 263 89 217 414 472 96 48 114 12 2 0 1 3 4 0 3 7 3 4 9 0 0 0 0 0 0 0 1 6 0 0 5 3 0 4 0 0 5 2 2 4 0 4 7 2 0 2 4 0 0 1 2 0 0 0 2 0 0 0 0 0 0 0 0 0 0 0 0 0 1 11 35 49 31 0 15 8 32 43 74 0 0 0 1 41 39 0 0 2 0 0 0 0 0 0 0 0 0 0 0 0 0 0 0 0 2 1 0 0 0 0 14 1 0 0 0 0 0 0 0 0 0 0 0 3 0 0 0 0 0 0 0 0 17 0 0 0 0 2 0 0 0 2 0 5 9 0 0 0 1 12 39 45 0 0 0 11 15 33 30 0 0 0 37 2 31 0 0 0 9 0 0 0 0 0 0 0 0 0 0 0 0 2 0 0 25 15 1 0 0 0 0 0 0 0 0 0 0 0 0 0 0 1 0 0 0 1 0 0 0 9 0 0 1 0 0 0 0 1 0 0 0 6 0 2 150 205 1 18 9 0 0 0 0 35 0 0 0 0 0 0 0 0 0 12 0 0 0 0 2 0 1 0 0 9 0 0 0 
 4 0 2 0 6 0 0 0 2 0 1 0 0 0 0 0 0 0 0 4 46 36 264 382 105 294 36 44 50 663 0 396 35 31 72 372 119 384 21 701 1 2 0 0 3 0 0 3 1 3 2 3 0 62 0 0 0 0 0 0 0 0 0 50 55 0 4 0 0 0 1 6 7 6 0 3 2 0 2 5 0 0 17 0 0 0 0 0 0 0 0 0 0 0 0 0 0 0 0 0 0 6 0 25 26 54 0 0 1 0 3 49 0 0 0 0 0 27 0 0 0 0 2 0 0 0 0 0 0 0 0 0 13 0 9 0 0 0 48 3 1 10 0 0 0 0 0 0 0 0 0 0 0 0 0 0 0 19 0 0 0 0 0 0 0 5 0 2 0 0 0 0 0 0 0 1 0 2 9 0 0 1 16 37 45 8 0 0 14 1 37 27 0 0 0 20 2 1 0 2 0 0 0 0 0 0 0 0 0 0 0 0 13 0 0 0 0 0 21 0 2 0 0 0 0 0 0 0 0 0 0 0 0 0 0 0 0 0 0 0 0 0 18 0 0 0 0 0 0 0 0 0 0 0 9 0 2 45 78 2 5 2 0 0 0 4 2 0 0 0 0 0 0 0 0 0 2 0 0 0 0 11 0 0 0 0 12 0 0 0 
 6 1 0 3 6 0 3 0 2 3 0 0 0 0 0 0 0 0 1 7 37 36 138 609 343 53 38 21 29 41 396 0 22 30 17 163 87 255 267 42 9 2 18 2 3 6 0 9 11 9 5 57 1 1 1 62 4 4 1 0 3 0 3 0 1 0 0 0 52 25 0 6 24 6 2 2 1 6 7 2 0 0 0 19 0 0 0 0 0 0 0 1 0 0 0 0 0 0 0 0 0 0 0 13 20 92 0 0 0 0 8 74 0 0 0 0 0 0 0 0 0 0 0 0 0 0 25 0 0 0 0 0 13 1 0 0 0 0 33 0 0 6 0 0 0 0 0 12 0 0 0 0 0 0 0 0 0 0 0 0 7 0 0 0 0 5 13 0 0 0 0 0 0 0 0 0 0 0 0 0 0 0 0 2 57 53 0 0 0 0 10 18 0 0 0 0 0 31 0 0 0 0 0 0 0 0 12 0 0 0 0 0 48 1 0 0 0 0 33 11 0 0 0 0 0 0 0 2 0 0 0 0 0 0 0 0 0 4 0 0 0 0 0 0 0 0 0 0 0 2 1 0 1 0 11 3 0 154 149 5 1 1 0 2 0 0 17 0 0 0 0 1 0 0 0 0 0 0 0 0 0 1 0 0 0 0 10 0 0 0 
 52 0 0 0 2 5 0 0 0 0 2 0 1 0 2 2 0 4 0 1 267 40 301 279 143 280 315 327 102 263 35 22 0 93 33 258 46 58 353 245 0 2 2 2 4 0 0 5 2 0 0 3 0 5 0 61 0 0 22 5 0 0 0 7 2 0 0 0 0 53 0 0 0 0 0 0 0 1 2 0 0 0 0 0 0 0 0 0 0 0 0 0 0 0 0 0 0 0 1 0 17 10 0 0 0 0 28 28 0 0 0 0 23 21 36 16 0 0 0 37 0 2 0 0 0 0 0 0 0 0 2 0 0 0 0 0 0 0 0 0 0 0 0 0 0 0 0 4 0 0 0 0 0 0 0 0 0 0 0 8 0 0 0 0 0 0 0 0 0 0 0 0 0 0 0 0 0 0 0 0 48 8 0 0 0 0 21 11 0 1 0 0 31 16 20 1 0 0 10 35 0 0 1 0 0 1 0 0 0 0 0 0 0 0 0 0 0 21 0 0 0 0 0 0 0 0 0 0 0 0 0 0 0 2 0 0 0 0 0 0 0 0 0 0 0 0 0 0 0 1 0 0 0 0 12 2 2 0 0 2 5 0 0 0 0 0 0 0 0 0 0 0 0 0 0 0 0 0 0 0 0 0 0 0 0 0 0 0 0 0 
 0 0 1 38 0 4 0 0 1 74 0 0 0 0 0 0 2 2 48 0 201 269 51 102 302 36 404 335 105 89 31 30 93 0 425 62 35 41 292 327 1 2 1 0 5 24 2 3 1 29 2 5 0 0 2 0 0 2 0 0 0 0 0 0 1 16 0 0 0 0 1 2 0 0 0 3 2 0 1 0 0 0 0 0 0 0 0 0 0 0 0 0 1 0 0 0 0 0 0 0 2 42 38 1 0 0 26 65 18 13 0 0 0 14 35 52 8 0 0 18 0 1 1 0 0 0 0 0 0 0 0 0 0 0 0 1 0 17 0 0 0 0 0 0 0 0 0 0 0 0 0 2 1 2 0 0 0 0 0 0 19 0 0 0 0 0 1 0 0 0 0 0 0 0 0 0 0 0 0 1 36 20 21 0 0 0 37 24 1 31 2 0 2 12 27 67 19 0 36 0 0 0 0 0 0 0 0 0 0 0 0 1 0 0 0 0 0 0 0 0 0 0 0 0 2 0 0 0 0 0 0 0 0 0 0 0 0 0 0 0 0 0 0 0 0 0 0 0 0 0 0 1 0 0 1 2 3 0 0 1 3 0 0 0 0 0 0 0 0 0 0 0 0 0 0 0 0 0 0 0 0 11 0 0 0 0 0 0 0 2 
 2 2 4 4 4 2 2 2 2 2 2 2 2 2 2 2 2 2 2 4 435 379 58 77 71 36 45 207 154 217 72 17 33 425 0 76 54 45 47 139 0 2 0 0 5 0 0 3 2 2 2 36 0 0 0 0 0 0 0 0 0 0 2 0 0 9 2 0 0 0 0 3 0 0 0 2 0 1 3 0 0 0 0 0 0 0 0 0 0 0 0 0 0 0 0 0 0 0 0 0 9 37 49 7 0 1 0 29 72 3 10 0 0 0 0 42 48 51 0 21 0 0 0 0 1 2 0 0 0 0 0 0 0 0 0 0 0 0 1 2 0 0 0 0 0 0 0 0 7 0 0 0 0 0 0 0 1 0 2 0 20 0 0 1 0 0 0 0 0 0 0 0 1 0 0 0 1 0 0 0 2 34 86 0 0 0 32 18 39 68 0 9 0 17 2 53 51 64 1 0 0 0 0 0 0 0 1 0 0 0 0 0 0 0 0 0 0 0 0 0 0 0 0 0 0 2 0 0 0 0 0 0 0 0 0 0 44 2 0 0 0 0 0 0 0 0 0 0 0 0 0 0 0 0 7 2 0 0 1 0 2 0 0 0 0 0 0 0 0 0 0 0 0 0 0 0 0 0 0 0 0 30 0 0 0 0 0 0 0 0 
 3 0 2 2 2 0 1 0 0 0 4 0 0 0 0 0 0 4 0 116 46 358 577 117 122 173 31 268 267 414 372 163 258 62 76 0 186 360 27 103 0 2 20 0 3 0 0 3 2 2 2 5 0 0 0 0 0 0 0 22 0 0 0 0 0 0 25 0 0 0 0 4 0 0 0 2 1 0 2 0 0 0 0 0 0 0 0 17 0 0 0 0 0 0 0 0 0 0 0 2 0 0 10 50 32 0 0 0 44 25 50 16 0 0 0 4 35 58 0 0 0 0 0 0 1 2 0 0 0 0 0 2 0 0 0 0 0 0 1 2 0 0 0 0 0 0 0 0 6 0 0 0 0 0 0 0 12 0 0 0 0 0 0 0 0 0 0 0 0 0 0 0 0 0 0 0 6 8 0 0 0 7 46 48 0 1 0 0 51 22 45 31 0 0 0 44 32 48 0 0 0 0 0 0 9 0 2 15 0 0 2 0 1 0 0 0 0 0 0 0 0 0 0 0 0 2 0 0 0 5 0 5 12 0 0 0 0 2 0 0 0 0 20 0 0 0 0 0 0 0 0 0 0 0 9 0 0 4 6 0 12 15 0 0 0 0 0 0 0 0 0 0 0 0 0 0 0 0 0 0 0 14 0 0 0 0 0 0 0 0 
 2 3 0 1 2 0 0 0 0 0 1 0 0 0 0 0 0 0 1 1 50 382 101 67 45 56 36 38 430 472 119 87 46 35 54 186 0 420 29 476 0 2 0 0 5 0 0 3 2 2 2 3 6 4 0 0 0 0 0 0 0 0 0 0 0 0 8 4 0 0 0 4 0 2 0 3 0 0 3 0 0 0 10 0 0 0 0 0 0 10 1 16 0 0 0 0 0 0 0 0 0 0 8 31 18 0 0 0 30 34 43 9 0 10 0 0 33 58 0 0 0 0 0 0 0 0 0 0 0 0 0 0 0 0 8 0 6 0 0 0 0 0 0 0 0 0 0 0 1 0 0 0 0 0 0 0 49 0 0 0 0 0 0 0 0 0 0 0 2 0 0 0 0 0 0 0 13 7 0 1 0 8 39 40 0 0 0 0 47 27 44 62 0 1 2 44 24 68 0 0 0 0 0 0 0 0 0 0 0 0 0 0 1 0 0 0 0 1 0 0 0 0 0 0 0 0 0 0 0 2 0 0 0 0 0 0 0 0 0 0 0 0 12 0 0 2 0 0 0 0 0 0 0 1 7 4 1 0 5 2 11 9 0 0 0 0 0 0 0 0 0 0 0 0 0 0 0 0 0 0 0 11 0 0 0 0 0 0 0 0 
 2 64 0 0 5 2 2 0 1 0 0 0 0 0 0 0 0 2 1 4 251 34 350 603 42 44 36 46 496 96 384 255 58 41 45 360 420 0 45 48 1 4 0 2 4 0 3 7 4 2 2 4 0 2 0 0 0 0 0 0 0 0 0 0 0 0 4 0 0 0 1 2 4 0 0 3 2 0 1 0 0 0 0 0 0 0 0 0 0 0 0 0 1 0 0 0 0 0 1 0 0 0 10 38 28 49 0 2 5 29 27 47 0 0 0 0 35 21 0 0 0 0 0 0 0 0 0 0 0 0 0 0 0 0 0 0 0 0 1 0 0 0 0 0 0 0 0 0 0 0 0 0 1 2 0 0 4 0 0 0 0 0 0 0 0 0 0 0 0 0 0 0 0 1 0 0 9 5 0 1 0 0 14 31 60 0 0 0 12 16 36 41 0 0 0 7 2 35 0 0 0 0 0 0 0 0 0 0 0 0 0 1 0 0 0 0 0 0 0 0 0 0 0 11 2 0 0 0 0 9 0 0 0 14 0 0 0 0 0 11 0 0 9 0 0 2 0 0 0 0 0 0 0 0 1 5 0 147 160 0 17 10 0 0 0 0 10 0 0 0 0 0 0 0 0 0 0 0 0 0 0 1 0 0 0 0 14 0 0 0 
 1 0 0 0 0 309 0 0 0 0 2 0 1 1 2 0 1 0 0 0 32 51 47 140 48 40 41 104 263 48 21 267 353 292 47 27 29 45 0 167 2 2 66 60 3 4 0 3 2 3 3 1 0 0 0 1 0 0 0 0 0 0 0 0 0 0 0 0 0 0 3 0 0 0 2 11 8 6 0 0 0 0 0 0 1 0 0 0 0 0 0 0 0 0 0 0 0 0 0 0 33 39 0 0 0 0 22 14 0 0 0 0 65 54 12 0 0 8 1 62 0 2 0 0 0 0 0 0 0 0 2 0 0 0 0 0 0 0 0 0 0 0 0 0 0 0 0 14 0 0 0 0 0 0 0 0 0 0 0 0 0 0 0 0 8 0 4 0 0 3 0 0 0 0 0 0 0 0 0 0 16 10 0 0 0 13 13 0 0 0 0 0 22 33 39 0 0 0 11 38 0 0 0 0 0 7 0 0 0 0 0 0 0 0 0 0 0 0 0 0 0 0 0 0 0 0 0 0 0 0 0 0 0 2 0 0 0 0 0 0 0 0 0 0 0 0 0 0 0 0 0 0 0 0 25 0 0 0 0 2 2 0 0 0 0 0 0 0 29 0 0 0 0 0 0 0 0 0 0 0 0 0 0 0 0 0 0 0 0 0 
 6 36 74 0 4 73 0 75 73 0 7 0 0 0 74 35 0 2 0 3 238 65 260 150 99 40 172 61 78 114 701 42 245 327 139 103 476 48 167 0 0 2 1 0 9 0 0 67 2 2 2 1 0 0 0 1 0 0 0 0 0 0 0 39 0 27 0 0 0 0 1 2 0 0 0 3 6 0 2 0 0 11 19 3 0 0 0 1 9 0 15 0 9 1 1 17 15 3 0 0 29 17 4 0 0 2 31 42 9 0 0 2 16 11 37 3 2 2 0 52 0 0 0 0 0 0 0 0 0 0 0 0 0 0 0 0 0 0 2 0 0 0 0 0 0 0 0 0 0 0 0 0 0 5 0 0 0 0 2 0 1 10 10 11 0 0 0 18 3 8 20 1 0 0 12 3 31 11 0 1 33 37 0 0 0 0 25 31 1 24 0 0 13 30 51 0 1 0 15 0 8 22 0 0 0 0 0 0 2 0 0 0 0 0 0 0 2 0 0 0 0 0 0 0 0 0 0 0 0 0 0 0 0 0 0 0 0 0 0 1 0 0 0 0 0 0 2 0 0 0 0 0 0 0 10 0 2 0 0 11 2 0 0 0 0 0 0 0 0 0 0 0 0 0 0 0 0 1 0 0 0 2 0 0 2 0 0 0 0 0 
 0 0 0 3 0 0 0 0 0 0 0 0 0 0 0 0 0 0 0 0 2 3 4 0 5 6 0 203 2 12 1 9 0 1 0 0 0 1 2 0 0 191 331 57 65 29 352 272 326 27 50 281 262 432 263 41 40 44 244 100 0 0 0 0 0 0 0 0 0 0 0 0 0 0 0 0 3 5 2 0 0 0 0 0 0 0 0 0 0 0 0 0 0 0 0 0 0 0 0 0 0 6 0 0 12 20 0 0 0 0 0 0 0 0 1 0 0 0 0 0 17 39 21 0 0 0 0 30 35 2 0 1 8 25 38 9 74 17 8 2 0 0 0 0 0 9 0 0 0 0 17 0 0 0 0 0 0 0 4 0 0 0 3 0 0 0 0 0 0 0 0 0 11 2 0 0 0 0 0 0 0 0 0 0 1 6 0 0 0 0 0 3 0 0 0 0 0 0 0 0 0 31 18 0 0 0 3 37 34 0 0 0 4 39 30 27 47 20 2 4 0 0 0 0 0 0 0 0 0 0 0 0 0 0 0 0 0 0 0 0 0 0 0 0 0 0 0 0 0 0 0 0 0 2 0 0 0 0 0 2 0 0 1 0 0 0 4 0 2 10 0 0 0 0 0 0 0 0 0 0 0 0 0 0 37 0 0 0 0 0 
 0 0 0 0 0 0 0 0 0 0 1 0 0 0 0 0 0 4 0 0 2 2 2 2 2 3 2 2 3 2 2 2 2 2 2 2 2 4 2 2 191 0 206 52 54 41 123 275 342 29 18 53 91 118 207 101 289 35 60 62 0 0 0 0 0 0 0 0 0 0 0 0 0 0 0 0 1 3 0 3 0 0 0 11 0 0 0 0 0 0 0 0 0 0 0 0 0 0 0 0 0 0 8 0 0 0 0 0 0 0 0 0 0 0 0 0 0 0 0 0 1 16 7 18 7 0 0 0 24 58 25 11 0 11 8 28 15 20 0 0 0 0 0 0 0 2 0 0 0 0 4 0 0 0 0 0 0 0 2 0 0 0 0 0 0 0 0 0 0 0 0 0 2 0 0 0 0 0 0 0 0 0 0 0 0 0 0 0 0 0 0 0 0 0 0 0 0 0 0 0 0 0 11 10 0 0 1 25 12 20 25 0 0 11 2 18 16 13 0 0 0 0 0 0 0 0 0 0 0 0 0 0 0 0 0 0 0 0 0 0 0 0 0 0 0 0 0 0 0 0 0 3 0 0 0 0 0 0 0 11 0 0 1 0 0 11 0 0 0 0 0 0 0 0 0 0 0 11 0 0 0 0 0 0 14 6 0 0 0 0 
 2 2 59 2 67 39 2 2 2 2 2 2 124 2 2 2 2 2 2 64 2 2 0 2 14 6 2 0 0 0 0 18 2 1 0 20 0 0 66 1 331 206 0 137 42 21 73 330 97 275 244 22 51 56 82 334 369 286 38 41 0 0 0 55 0 0 0 0 0 0 0 0 0 0 0 0 0 0 0 0 0 0 0 0 10 7 0 0 0 0 0 0 0 0 0 0 0 0 0 0 0 0 0 0 5 4 0 0 0 0 0 0 2 0 0 0 0 0 0 1 0 0 0 11 8 7 0 0 0 19 21 21 9 5 0 17 0 0 5 17 0 0 0 0 0 0 0 0 0 0 2 0 0 0 0 0 0 0 0 0 0 0 0 0 17 13 0 5 0 0 0 0 7 0 0 0 0 0 0 0 0 0 0 0 0 5 0 5 0 0 0 29 0 0 2 0 0 0 0 19 0 0 6 22 1 0 5 0 0 48 8 9 8 5 0 0 0 0 0 4 0 0 0 0 0 0 0 0 0 0 0 0 0 0 0 0 0 0 0 0 0 0 0 0 0 0 0 0 0 0 0 0 0 1 0 0 0 0 0 18 0 0 3 4 0 9 2 0 0 0 0 0 0 0 0 0 0 0 0 0 0 1 0 0 0 0 0 4 0 0 
 0 0 0 2 11 0 0 65 1 0 16 3 0 0 0 3 3 0 0 2 0 0 0 66 0 0 0 0 0 1 0 2 2 0 0 0 0 2 60 0 57 52 137 0 87 47 111 99 116 285 154 239 79 78 53 33 119 245 70 62 0 0 0 0 6 1 0 0 0 0 0 0 0 0 0 0 0 0 2 0 0 0 0 4 0 4 0 0 0 0 4 4 0 0 0 0 0 0 0 0 0 0 0 0 0 0 0 0 0 0 0 0 0 0 0 0 0 0 4 0 0 0 0 4 20 55 0 0 0 0 18 12 0 0 0 0 0 0 0 0 0 0 0 0 0 0 10 2 0 0 0 0 0 0 0 0 0 0 40 0 0 0 0 3 0 3 0 9 0 0 0 0 0 0 9 0 0 6 0 0 0 0 0 0 0 0 0 0 0 0 0 0 6 0 0 0 0 0 2 0 7 0 0 23 27 0 0 0 0 12 0 31 0 0 0 0 0 0 0 0 0 0 0 0 0 0 0 0 0 0 0 0 1 0 0 0 0 0 12 0 0 0 11 0 0 2 4 0 0 0 0 4 0 2 0 0 0 0 0 3 0 0 57 34 0 2 3 8 0 0 32 0 0 0 0 0 0 0 0 0 0 3 0 0 0 0 0 0 0 0 
 0 0 0 0 1 0 0 0 0 0 2 0 0 0 0 0 0 0 0 1 7 3 3 3 3 3 73 4 3 3 3 3 4 5 5 3 5 4 3 9 65 54 42 87 0 281 113 88 70 79 87 278 94 482 64 48 267 264 71 82 0 0 0 0 0 51 52 0 0 0 0 0 0 0 0 210 0 0 1 0 0 0 0 0 0 0 0 0 0 0 0 0 0 0 0 0 0 0 0 0 10 6 0 0 0 0 6 15 0 0 0 8 0 0 2 7 0 0 0 4 0 0 0 0 0 62 0 0 0 0 0 0 0 0 0 0 0 0 0 0 0 19 0 0 1 0 11 2 0 0 0 0 0 6 17 0 0 0 10 1 0 0 0 0 0 1 0 0 0 0 0 0 0 0 6 0 0 0 0 0 10 6 0 0 0 0 7 17 0 3 0 0 0 2 2 0 0 0 0 0 0 0 0 0 2 25 0 0 0 0 0 13 0 0 0 0 0 0 0 0 28 0 14 0 0 0 31 0 0 0 0 0 1 28 15 0 0 0 36 18 0 0 0 0 0 0 0 0 0 0 0 5 0 0 0 0 0 0 0 1 0 0 5 1 0 6 3 4 0 0 1 0 0 0 0 0 0 0 0 0 0 0 0 0 0 0 0 0 0 0 
 7 2 2 4 4 3 2 2 2 2 2 2 2 2 2 3 7 3 2 2 0 0 0 2 0 1 0 0 0 4 0 6 0 24 0 0 0 0 4 0 29 41 21 47 281 0 22 25 56 476 78 307 64 73 42 255 70 47 256 60 1 8 0 0 0 23 1 31 237 0 0 0 0 3 16 2 2 4 169 0 0 0 0 0 0 0 0 0 0 0 0 0 0 0 0 0 0 0 0 0 0 0 0 0 0 0 0 0 0 0 0 0 0 0 0 0 0 0 0 0 0 0 0 0 0 0 0 0 0 0 0 0 0 0 0 0 0 0 0 0 25 0 3 0 0 1 0 16 0 2 4 0 30 15 54 3 0 10 0 24 0 0 0 0 0 0 0 0 0 0 11 0 0 0 0 0 0 0 0 0 0 0 0 0 0 0 0 0 0 0 0 0 0 0 0 0 0 0 0 0 0 0 0 0 0 13 0 0 0 0 0 0 0 0 0 0 0 0 0 0 17 1 4 3 0 0 19 1 4 4 0 1 22 21 33 6 1 4 33 26 0 0 1 0 0 0 0 0 0 0 0 6 0 0 0 0 0 0 0 5 0 0 4 0 2 8 11 0 0 0 0 0 0 0 0 0 0 0 0 0 0 0 0 0 0 0 0 0 0 0 
 3 3 3 3 3 3 2 3 70 3 3 3 3 3 3 3 2 3 5 3 0 5 0 3 0 0 0 0 0 0 0 0 0 2 0 0 0 3 0 0 352 123 73 111 113 22 0 118 59 27 29 39 378 277 51 29 15 48 31 260 0 2 0 0 0 0 0 16 0 0 0 0 0 0 0 0 5 3 3 0 0 0 0 0 0 0 0 0 0 0 0 0 0 0 0 0 0 0 0 0 0 0 0 0 0 0 0 0 0 0 0 0 0 0 0 0 0 0 0 0 33 23 50 4 3 0 0 57 18 8 5 0 0 26 31 3 24 44 0 0 0 0 0 0 0 6 0 0 0 0 0 0 4 0 0 0 0 0 5 0 0 0 6 10 0 0 0 0 0 0 0 0 9 5 0 0 0 0 0 0 2 0 0 0 0 0 0 0 0 0 0 0 0 0 0 0 0 0 0 0 41 67 16 2 0 1 15 29 41 25 25 0 0 25 29 16 8 40 0 0 0 0 0 0 0 4 0 0 0 0 0 0 0 0 0 0 0 0 0 0 0 0 0 0 0 0 0 0 0 0 0 1 0 0 0 1 0 0 0 0 0 0 0 0 0 2 0 0 2 0 0 0 0 0 0 0 0 0 0 0 0 0 0 1 0 0 0 0 0 0 
 0 0 0 0 2 0 0 0 0 0 0 0 0 0 0 0 0 6 0 0 3 3 3 3 3 3 3 206 3 3 3 9 5 3 3 3 3 7 3 67 272 275 330 99 88 25 118 0 103 51 48 27 103 470 113 155 50 33 272 39 0 0 0 0 0 0 0 0 0 5 0 0 0 0 0 0 0 6 0 4 0 0 0 0 0 0 0 0 0 0 0 0 0 0 0 0 0 0 0 0 0 0 0 0 0 0 0 0 0 0 0 0 0 0 0 0 0 28 0 0 25 61 24 9 1 0 0 0 69 47 0 26 0 10 14 65 27 50 0 0 0 0 0 0 0 24 0 0 0 0 15 0 0 0 0 0 0 0 7 0 0 0 7 0 0 0 0 0 0 0 0 0 1 0 0 0 0 0 0 0 0 0 0 0 0 0 0 0 0 0 0 0 0 0 0 0 0 0 0 0 0 0 26 0 0 0 0 22 46 16 60 1 0 16 0 41 37 17 0 0 0 0 0 0 0 0 0 0 0 0 0 0 0 0 0 0 0 0 0 0 0 0 0 0 0 1 0 0 0 0 0 6 1 1 0 0 0 0 0 21 0 0 2 0 2 16 4 0 0 0 0 0 0 0 0 0 0 0 0 0 0 0 0 0 17 0 0 0 2 0 
 0 0 0 63 5 0 0 0 0 1 60 60 0 0 0 0 0 4 0 0 1 1 2 2 7 6 1 2 0 7 1 11 2 1 2 2 2 4 2 2 326 342 97 116 70 56 59 103 0 267 49 53 111 113 84 226 155 191 89 65 0 3 2 0 0 6 0 3 0 0 4 1 3 0 3 0 0 0 0 17 0 0 0 0 5 7 0 0 3 1 1 0 0 0 0 0 0 0 0 0 0 0 0 0 5 2 0 0 0 0 0 0 0 3 0 0 2 0 12 0 0 1 9 8 9 7 0 0 0 20 23 20 9 4 0 24 0 9 4 2 0 0 0 0 0 0 8 0 3 0 29 0 0 0 0 0 0 0 0 0 0 0 0 11 1 0 0 0 14 0 10 0 11 0 0 0 0 0 0 0 0 0 0 0 0 5 0 0 0 0 0 7 0 0 0 0 0 0 0 0 0 0 16 18 13 0 4 0 0 27 19 15 4 8 0 3 1 12 0 3 0 0 0 0 0 0 0 0 0 0 0 0 0 0 0 0 0 0 0 0 0 0 8 0 0 0 0 0 0 64 0 5 0 1 0 0 0 0 0 0 0 0 3 0 0 0 0 1 0 0 0 0 0 0 0 0 13 0 0 0 0 0 0 0 0 10 0 0 0 0 
 2 3 2 3 71 3 3 2 3 3 3 3 2 3 3 3 3 41 2 3 3 5 17 4 3 3 3 2 3 3 3 9 0 29 2 2 2 2 3 2 27 29 275 285 79 476 27 51 267 0 271 85 275 120 69 128 736 555 102 82 0 0 0 2 4 0 0 0 0 0 2 5 0 0 0 0 0 0 0 3 0 0 0 0 0 0 0 0 0 0 0 0 0 0 0 0 0 0 0 0 0 0 0 1 0 0 0 0 0 0 0 0 0 0 0 0 0 0 0 0 0 0 0 15 43 11 0 0 0 0 52 19 0 0 0 0 0 0 0 0 0 0 0 0 7 4 0 6 0 0 0 0 0 0 0 0 0 0 15 0 0 0 0 0 0 0 0 8 0 0 0 8 4 0 2 0 0 0 0 0 0 0 0 0 0 0 0 0 0 4 0 0 0 0 0 0 0 0 0 0 0 0 0 59 48 1 0 0 0 15 10 13 0 0 0 0 0 9 0 0 0 0 0 0 0 0 0 0 0 0 0 6 0 0 0 0 0 0 22 0 0 0 20 0 0 0 0 0 0 0 0 3 0 2 0 0 0 0 0 4 0 0 66 65 0 0 0 68 3 0 10 0 0 0 0 3 0 0 0 0 0 0 0 0 0 7 0 0 0 0 
 0 0 0 0 3 0 0 0 0 0 0 0 0 0 0 0 0 0 0 3 2 2 2 2 2 66 3 2 3 4 2 5 0 2 2 2 2 2 3 2 50 18 244 154 87 78 29 48 49 271 0 425 34 46 43 70 109 259 35 67 0 0 0 0 0 0 0 5 0 0 0 0 3 0 0 2 0 0 210 0 0 0 0 0 0 0 0 0 0 0 0 0 0 0 0 0 0 0 0 0 0 0 0 8 0 9 9 0 0 0 0 0 0 0 0 0 0 0 0 0 0 0 0 20 49 26 0 0 0 0 19 13 0 0 0 0 0 0 1 0 0 0 0 0 0 0 10 8 0 0 20 0 0 0 0 0 0 0 19 0 0 0 0 0 0 0 0 3 0 0 0 0 0 0 3 0 0 0 0 9 0 0 0 0 0 0 0 0 0 0 0 0 0 0 0 0 0 0 0 0 0 0 0 11 18 0 1 0 0 17 1 21 0 0 0 0 0 0 0 0 0 0 0 0 0 0 1 0 0 0 0 0 1 0 0 0 0 0 9 0 0 0 14 0 0 0 0 0 0 0 0 5 0 1 0 0 0 0 0 3 0 27 5 1 0 4 0 3 0 0 7 0 0 0 0 0 0 0 0 0 0 0 0 0 0 0 0 0 0 0 
 0 0 0 3 0 0 4 0 0 0 0 0 0 0 0 0 1 3 0 0 5 7 11 3 2 1 3 9 13 9 3 57 3 5 36 5 3 4 1 1 281 53 22 239 278 307 39 27 53 85 425 0 246 60 37 29 86 79 62 43 0 12 0 0 0 0 55 2 1 0 3 0 0 0 0 2 3 0 165 0 0 0 0 11 0 0 0 0 0 0 0 10 0 0 0 0 10 0 0 0 0 1 4 0 0 0 0 7 31 3 2 0 0 0 0 0 4 0 0 0 0 0 0 7 35 80 0 0 17 0 0 0 0 0 0 19 0 0 0 0 0 0 0 0 0 0 6 10 0 0 0 0 0 0 4 0 0 0 18 0 0 0 0 0 0 0 0 2 0 0 0 0 0 0 9 0 0 0 0 0 0 2 10 0 0 0 0 3 2 3 0 0 0 4 5 4 18 2 0 0 0 0 0 0 29 11 0 0 0 0 0 18 0 0 0 0 0 0 0 0 0 0 0 0 0 0 28 1 0 0 0 0 9 29 0 0 0 0 26 24 0 0 0 0 0 0 0 0 0 0 0 0 0 0 0 0 0 0 1 0 0 0 66 64 0 4 2 63 0 0 19 0 0 0 0 0 0 6 0 0 0 15 0 0 0 0 0 0 0 2 
 3 1 3 1 4 2 2 3 2 1 62 1 64 1 2 1 0 2 3 2 0 5 0 3 0 2 0 0 0 0 0 1 0 0 0 0 6 0 0 0 262 91 51 79 94 64 378 103 111 275 34 246 0 337 32 72 30 30 400 169 0 12 14 0 0 0 0 6 30 2 0 0 0 0 9 7 12 0 5 0 0 0 0 14 0 0 0 0 0 0 0 0 0 0 0 0 0 0 0 0 0 0 15 0 0 0 0 0 0 0 0 0 0 0 0 0 0 12 0 0 30 1 10 0 11 0 0 36 0 0 0 0 37 34 14 12 20 2 11 5 0 0 0 1 0 0 0 0 0 4 24 1 8 0 0 0 0 13 0 0 20 0 0 0 0 0 0 0 0 0 0 0 0 5 0 4 0 0 0 0 0 0 0 0 0 0 0 0 0 0 0 0 0 0 0 0 0 0 0 0 64 37 0 0 0 0 9 11 1 0 0 0 43 14 40 2 1 0 0 18 0 0 8 27 2 2 0 0 8 21 1 0 0 0 0 20 9 9 0 0 0 0 0 0 0 0 1 0 0 0 0 2 0 2 0 0 0 0 2 1 0 0 1 0 0 2 8 0 1 0 6 0 0 0 0 0 0 0 0 0 0 0 0 0 0 0 0 1 2 0 
 5 0 0 82 2 3 0 0 0 0 4 0 0 0 0 0 0 4 0 0 0 8 0 0 0 1 73 0 0 0 62 1 5 0 0 0 4 2 0 0 432 118 56 78 482 73 277 470 113 120 46 60 337 0 331 42 294 47 92 148 0 0 0 0 0 0 0 0 0 0 0 0 0 0 0 0 3 5 2 51 0 0 0 0 0 10 0 0 0 0 0 0 0 0 5 0 0 0 0 0 0 0 0 0 10 0 0 0 0 0 0 0 0 0 0 0 0 0 0 0 19 54 52 0 0 0 0 36 34 2 0 1 0 20 67 14 53 52 0 1 0 0 0 9 0 6 0 0 0 0 5 0 0 0 0 0 0 12 10 0 0 0 3 0 0 0 0 0 0 0 0 0 0 7 8 0 0 0 0 0 0 0 0 77 0 0 0 0 0 0 0 0 7 0 0 0 19 0 0 0 45 61 17 0 0 0 1 34 38 0 0 0 0 30 47 50 51 28 0 0 0 0 0 0 0 0 0 0 0 0 0 0 0 0 0 0 0 0 0 0 0 0 0 0 0 0 0 0 0 0 0 11 0 1 0 0 0 0 0 1 0 0 2 0 0 1 0 0 2 0 0 0 0 0 0 0 0 0 0 0 0 0 0 0 19 0 0 0 0 0 
 0 0 0 0 0 0 2 0 0 0 0 0 0 0 0 0 0 54 0 0 0 0 0 0 0 0 0 0 2 0 0 1 0 2 0 0 0 0 0 0 263 207 82 53 64 42 51 113 84 69 43 37 32 331 0 135 57 54 80 75 0 0 0 0 0 0 0 0 0 0 0 0 1 0 0 0 0 5 2 4 0 0 0 0 0 0 8 0 0 0 0 0 0 0 0 0 0 0 0 0 0 0 0 0 0 0 0 0 0 0 0 0 0 0 0 0 0 0 0 0 19 46 28 8 0 3 0 0 53 43 2 22 0 19 15 28 25 42 0 0 4 0 0 0 0 6 3 12 0 0 10 0 8 0 0 0 0 0 14 15 0 0 12 0 0 9 0 0 0 0 0 0 3 0 0 0 0 0 0 0 0 0 0 44 0 0 0 0 0 0 0 0 0 0 0 0 0 0 0 0 0 0 45 10 7 5 0 48 31 10 11 0 0 36 0 30 34 21 0 0 0 0 0 0 0 0 3 0 0 0 0 0 58 0 0 0 0 0 2 6 0 0 0 0 0 0 0 0 0 29 0 4 0 1 0 0 0 0 0 25 0 0 1 0 0 11 0 0 0 0 0 0 0 0 0 0 0 0 0 0 0 0 2 0 19 0 0 0 1 0 
 3 3 3 3 19 71 6 3 3 3 3 74 3 3 3 3 3 3 3 3 0 6 0 3 0 0 1 0 0 0 0 62 61 0 0 0 0 0 1 1 41 101 334 33 48 255 29 155 226 128 70 29 72 42 135 0 165 132 34 60 0 0 0 0 0 3 0 0 0 0 0 0 0 0 0 0 0 1 0 4 0 0 0 0 13 9 0 0 0 0 0 0 0 0 0 0 0 0 0 0 0 0 0 0 0 0 0 0 0 0 0 0 16 7 0 0 0 0 14 1 0 0 6 12 10 4 0 0 0 23 29 35 0 0 32 30 15 12 0 0 0 0 0 0 0 2 0 6 0 0 4 0 0 0 0 0 0 0 2 0 0 0 0 0 4 0 2 0 0 1 0 0 0 0 0 0 0 0 0 0 7 0 0 0 0 7 0 0 0 0 0 0 0 0 0 0 0 0 7 15 0 0 12 23 11 0 0 0 2 23 64 7 0 0 0 0 16 20 0 0 0 15 0 0 0 0 0 0 0 0 0 0 0 0 0 0 0 0 1 0 0 0 10 0 0 0 0 0 0 0 0 31 0 0 0 0 0 0 0 1 0 0 1 0 2 1 2 4 0 0 0 0 0 0 0 0 0 0 0 0 0 0 0 0 15 21 0 0 0 0 
 3 1 3 1 6 2 0 3 2 1 2 1 3 1 2 1 0 1 3 2 0 5 0 3 0 0 0 0 0 0 0 4 0 0 0 0 0 0 0 0 40 289 369 119 267 70 15 50 155 736 109 86 30 294 57 165 0 494 33 86 0 0 0 0 0 17 2 0 0 0 0 0 2 0 2 0 0 1 3 26 0 0 0 0 0 0 0 0 0 0 0 0 0 0 0 0 0 0 0 0 0 0 0 0 0 0 0 0 0 0 0 0 0 0 0 0 0 0 0 0 0 2 16 19 12 10 0 0 0 36 30 24 0 1 0 29 0 11 0 0 0 0 0 0 0 0 0 0 0 0 5 0 0 0 0 0 0 0 0 0 0 0 0 0 0 0 0 5 0 0 0 0 4 0 0 0 0 0 0 0 0 0 0 0 0 0 0 0 0 0 0 0 0 0 14 0 0 0 0 0 0 0 17 38 13 0 0 0 0 23 31 13 0 3 0 39 3 11 0 0 0 0 0 0 0 0 0 0 0 0 0 1 0 0 0 0 0 0 0 0 0 0 9 0 0 0 0 0 0 0 0 5 0 18 0 0 0 0 0 27 0 0 1 0 0 11 0 0 0 2 3 0 0 0 0 0 0 0 0 0 0 0 0 0 0 10 0 0 0 0 
 0 0 0 0 0 0 0 0 3 1 0 0 0 0 0 0 0 0 0 0 0 0 1 0 0 0 0 0 0 0 0 4 0 2 0 0 0 0 0 0 44 35 286 245 264 47 48 33 191 555 259 79 30 47 54 132 494 0 50 26 0 0 0 0 0 1 0 0 0 2 0 0 0 0 0 0 0 0 0 3 0 0 0 0 0 0 0 0 0 0 0 0 0 0 0 0 0 0 0 0 0 0 0 0 0 0 0 0 0 0 0 0 0 0 0 0 0 0 0 0 0 0 0 14 45 6 0 0 0 0 57 22 0 0 0 0 0 0 0 0 0 0 0 0 0 3 0 6 0 0 0 0 0 0 0 0 0 0 15 0 0 0 0 16 0 0 0 8 0 0 0 0 4 0 2 0 0 0 0 0 0 0 0 0 0 0 0 0 15 0 30 0 0 0 0 2 0 0 0 1 0 0 0 49 34 1 0 0 0 53 15 6 0 0 0 0 0 9 0 0 0 0 0 0 0 0 0 0 0 0 0 0 0 0 0 0 0 0 18 0 0 20 22 0 0 0 0 0 0 0 0 4 0 2 0 0 0 0 0 4 0 2 63 65 0 7 0 66 0 0 20 0 0 0 0 0 0 0 0 0 0 4 0 0 0 7 0 0 0 0 
 3 3 3 3 3 3 6 3 3 3 3 3 3 3 3 5 3 3 3 3 0 3 0 208 0 200 0 0 0 0 0 1 22 0 0 0 0 0 0 0 244 60 38 70 71 256 31 272 89 102 35 62 400 92 80 34 33 50 0 253 0 0 0 0 0 199 3 0 0 3 0 0 8 3 0 0 0 0 9 4 0 0 0 0 0 0 0 0 0 0 0 0 0 14 0 0 0 0 0 0 0 0 0 0 0 0 0 0 0 0 0 0 0 0 0 0 0 0 0 0 21 0 0 0 0 0 24 5 1 0 0 0 62 47 17 0 0 0 46 37 0 0 0 0 0 0 0 9 7 1 0 0 8 3 16 0 5 0 2 0 4 0 0 0 0 0 0 0 0 0 0 0 0 13 0 19 0 0 0 0 0 0 0 0 0 3 0 0 0 0 0 0 0 0 0 0 0 0 0 0 118 43 0 0 0 0 30 0 0 0 0 0 70 12 1 0 0 0 12 36 0 0 0 0 0 0 0 8 9 0 0 0 1 13 6 0 0 0 0 1 0 0 0 0 0 0 0 0 0 0 0 4 0 0 0 0 0 0 0 1 0 0 0 0 2 2 1 0 2 0 0 0 0 0 0 0 0 0 0 0 0 0 0 0 0 0 0 0 1 0 
 0 0 0 0 0 0 0 0 0 2 0 0 0 0 0 0 0 35 0 0 0 3 0 0 0 3 0 0 0 1 0 0 5 0 0 22 0 0 0 0 100 62 41 62 82 60 260 39 65 82 67 43 169 148 75 60 86 26 253 0 0 0 0 0 16 10 0 0 5 2 0 1 4 0 0 52 22 0 11 0 0 0 0 0 0 0 0 0 0 0 0 0 0 0 0 0 0 0 0 0 0 0 0 0 0 0 0 0 0 0 0 0 0 0 0 0 0 0 0 0 24 1 11 0 0 0 0 21 9 0 0 0 2 67 14 13 43 1 16 3 0 0 0 0 0 0 0 0 0 20 0 0 6 0 0 0 0 0 0 0 0 0 0 0 0 0 0 0 0 0 0 0 0 2 0 1 0 0 0 0 0 0 0 0 0 0 0 0 0 0 0 0 0 0 0 0 0 0 0 0 29 43 0 1 0 0 8 51 22 0 0 0 12 10 39 1 9 0 0 14 0 0 0 0 0 0 0 0 0 0 0 0 0 0 0 0 0 0 0 0 0 0 0 0 0 0 0 0 0 0 0 2 0 0 0 0 0 0 0 0 0 0 0 0 0 0 0 0 0 0 0 0 0 0 0 0 0 0 0 0 0 0 0 0 0 0 0 0 0 0 
 0 0 0 2 0 0 3 0 0 0 0 0 0 0 0 0 0 0 0 0 0 5 0 0 0 0 0 0 0 6 0 3 0 0 0 0 0 0 0 0 0 0 0 0 0 1 0 0 0 0 0 0 0 0 0 0 0 0 0 0 0 135 281 39 274 57 264 305 245 58 23 34 58 334 426 34 241 84 39 349 0 0 0 0 0 0 0 4 0 0 0 0 0 0 0 0 0 0 0 0 0 0 0 0 0 0 0 0 0 0 0 0 0 0 0 0 0 0 0 0 0 0 0 0 0 0 0 0 0 0 0 12 0 4 0 0 0 0 0 0 1 9 34 28 14 7 20 0 0 11 0 2 0 0 16 46 18 10 0 0 0 1 0 0 0 0 0 0 0 0 0 4 0 0 0 0 0 0 0 0 0 0 0 0 0 0 0 0 0 0 0 0 0 0 0 0 0 0 0 0 0 0 0 0 0 0 0 0 0 0 0 0 0 0 0 0 0 0 0 0 28 27 31 18 6 7 0 9 48 12 3 9 2 23 10 49 10 29 0 0 0 0 0 0 0 0 0 0 0 0 0 0 0 0 0 0 0 0 0 0 0 0 0 0 0 0 19 0 0 0 2 2 0 2 2 1 0 0 0 0 0 0 0 0 0 0 0 0 0 0 
 2 2 2 2 2 2 2 2 2 2 2 2 2 2 2 3 34 32 3 2 0 0 0 4 0 0 0 0 0 0 0 0 0 0 0 0 0 0 0 0 0 0 0 0 0 8 2 0 3 0 0 12 12 0 0 0 0 0 0 0 135 0 323 65 45 35 62 530 255 48 36 58 53 315 457 244 201 41 61 256 0 0 0 0 0 0 0 0 0 0 0 0 0 0 0 0 0 0 0 0 0 0 0 0 0 0 0 0 0 0 0 0 0 0 0 0 0 0 0 0 0 0 2 2 0 0 0 1 0 0 0 0 0 0 0 0 0 15 2 0 0 0 0 0 3 10 0 0 20 40 23 10 0 0 0 29 20 39 0 0 0 18 0 0 0 0 0 0 0 1 0 0 0 0 0 1 0 0 0 0 0 0 0 0 0 0 0 0 0 0 9 0 0 7 0 0 0 0 0 2 0 0 0 0 0 0 0 0 0 0 0 0 0 0 0 0 0 0 0 0 0 19 14 47 20 3 0 0 19 29 12 16 3 16 16 42 34 53 0 17 8 0 0 0 0 0 0 0 0 0 0 0 0 0 15 0 0 0 0 0 0 0 0 0 0 0 28 0 0 0 16 0 0 1 1 1 0 0 0 0 0 0 0 0 0 0 0 12 0 12 
