 0 164 97 50 46 48 645 323 240 35 55 45 68 141 297 26 39 236 51 141 2 0 0 0 0 0 3 2 0 0 2 0 0 0 0 15 0 2 3 3 0 6 0 0 7 0 4 0 0 3 0 0 9 0 2 0 0 0 0 0 0 0 0 0 0 44 0 49 0 0 0 3 0 0 0 0 3 6 31 0 26 29 12 0 0 0 46 45 68 16 0 0 14 31 34 37 12 22 1 27 0 0 0 0 0 0 0 0 0 0 0 0 1 0 2 0 0 18 0 0 0 0 0 0 0 0 0 0 0 0 0 0 0 0 0 0 0 0 0 0 1 0 0 0 2 1 1 2 0 0 2 0 0 0 0 0 0 2 0 0 21 13 7 0 0 0 0 35 11 1 0 0 0 14 25 36 25 0 0 0 0 0 0 0 0 0 0 0 0 0 0 0 0 0 0 0 0 0 0 0 0 0 0 0 0 0 0 0 0 0 0 0 0 0 0 0 0 0 0 0 0 0 0 0 2 0 1 2 2 0 0 0 0 0 0 0 0 17 0 0 0 0 0 0 0 0 0 0 0 0 0 15 0 0 0 0 0 0 0 0 0 0 0 0 0 0 0 0 0 0 0 0 0 0 0 0 0 0 0 0 0 0 0 0 4 0 0 0 0 0 
 164 0 480 62 63 256 65 667 335 67 43 257 63 66 347 404 380 48 44 156 5 0 0 0 0 79 4 2 0 0 1 0 3 0 0 5 0 1 0 3 0 1 0 0 3 1 0 35 0 3 0 0 3 0 3 0 0 0 0 0 5 0 0 0 0 0 0 0 0 0 0 3 0 0 0 0 3 0 1 0 0 38 39 20 4 0 1 48 34 39 13 13 1 27 28 51 55 31 0 0 0 16 2 1 0 0 0 0 0 0 0 0 0 0 0 0 0 17 0 1 0 0 0 0 0 0 0 0 0 0 0 0 0 0 0 0 2 0 18 2 0 0 1 0 0 0 0 0 1 0 0 0 0 0 0 0 0 0 0 0 1 46 16 68 0 0 0 0 52 19 0 2 0 0 2 30 38 21 0 0 0 0 2 14 0 0 0 0 0 0 0 0 0 0 0 0 14 0 0 0 0 0 0 0 0 0 0 0 0 0 0 0 0 0 0 1 0 0 0 0 0 0 0 0 0 0 0 0 0 0 0 0 66 0 1 0 0 0 0 0 0 13 0 0 0 0 0 0 0 1 0 11 0 0 0 0 0 0 0 0 0 0 2 0 0 0 0 0 0 0 0 0 0 0 0 53 0 8 0 0 0 0 0 0 0 0 0 0 0 22 
 97 480 0 358 34 102 74 193 363 449 44 39 94 41 140 512 237 427 34 121 2 2 0 0 0 0 3 2 0 24 2 0 0 0 1 3 0 1 0 3 0 0 0 0 3 0 0 0 0 3 0 0 3 0 2 0 0 0 0 3 10 0 0 28 0 0 0 0 0 0 0 3 0 0 0 0 2 0 0 0 0 8 28 44 40 0 1 28 0 22 35 7 2 3 1 10 29 33 0 0 0 0 0 2 0 0 0 0 0 0 0 0 0 0 0 0 0 0 2 0 0 0 0 0 0 0 0 0 0 0 0 0 0 0 0 0 0 26 0 0 0 0 2 0 0 10 0 0 0 0 0 1 0 0 0 0 0 0 0 0 0 23 27 31 7 1 0 0 18 43 29 21 18 0 0 0 18 17 0 0 0 0 1 0 0 0 1 0 0 0 0 0 0 0 0 0 2 0 0 0 0 0 0 0 0 0 0 0 0 0 0 0 0 0 0 2 0 0 0 0 0 0 0 0 0 0 0 0 0 0 0 4 0 0 0 0 0 10 0 0 0 2 0 0 0 2 11 0 0 6 0 3 45 0 0 0 0 0 0 0 0 0 20 0 0 0 0 0 0 0 0 0 0 0 0 8 17 14 0 0 0 0 0 10 0 0 0 0 0 1 
 50 62 358 0 93 49 99 127 77 449 198 244 79 69 43 273 59 391 62 150 3 2 2 0 0 0 3 2 0 0 1 0 0 0 0 1 0 0 0 5 0 3 21 0 8 0 63 0 0 4 0 0 4 0 3 0 0 0 0 0 0 0 43 0 0 0 0 0 0 0 5 3 0 0 0 0 3 0 4 0 0 0 0 39 36 24 0 0 0 10 40 21 0 0 0 0 0 15 0 0 0 0 0 0 0 0 0 2 0 0 0 0 0 0 0 0 0 0 8 29 0 0 1 0 0 0 0 0 0 0 0 0 0 0 0 0 0 0 0 0 0 0 0 0 0 0 0 0 0 0 0 4 0 0 0 0 0 0 2 0 3 0 17 54 84 25 0 0 22 27 29 95 27 2 0 0 0 14 0 0 0 0 0 0 0 0 0 2 0 0 0 0 0 0 0 0 0 0 0 0 0 0 0 0 0 0 2 0 0 0 0 0 0 2 0 0 0 16 0 0 0 2 0 0 0 0 0 0 0 0 0 2 0 0 1 0 0 0 0 1 0 0 0 0 0 1 60 0 0 49 0 5 17 0 0 0 0 0 0 0 0 0 16 0 0 0 0 0 0 0 0 0 0 0 0 14 16 21 0 0 0 0 0 0 0 0 0 0 0 0 
 46 63 34 93 0 430 62 49 82 113 150 222 82 78 53 326 50 279 43 535 2 0 0 0 1 0 3 2 0 2 0 0 0 0 1 0 0 0 1 3 0 0 5 0 26 0 0 0 0 3 0 1 3 0 2 0 0 0 0 0 0 0 0 0 0 0 0 0 0 2 4 7 0 0 0 0 3 0 0 0 0 0 2 2 1 47 0 0 0 0 8 12 2 0 0 0 0 0 0 0 5 0 0 0 0 0 17 0 0 0 0 0 29 18 12 0 0 0 23 60 0 0 0 0 0 0 0 0 0 0 1 0 0 0 0 0 0 0 0 0 0 0 0 0 0 0 0 0 0 0 0 1 0 0 0 0 0 0 10 0 0 0 0 0 19 24 0 0 1 0 11 16 0 0 0 0 0 0 12 0 0 0 0 0 0 0 18 0 0 0 0 0 25 16 0 0 0 0 37 75 0 0 0 0 0 0 1 0 0 0 0 0 12 0 0 1 0 0 0 0 0 0 0 0 0 0 0 9 0 0 0 0 0 0 0 0 0 0 0 0 0 0 0 0 0 1 10 3 3 5 0 0 0 0 1 0 0 0 0 0 0 0 0 0 0 0 0 0 0 0 0 0 0 0 0 18 0 0 0 0 0 0 0 0 0 0 0 0 0 0 
 48 256 102 49 430 0 38 41 31 140 70 50 270 71 258 95 71 91 60 118 3 1 0 2 0 1 3 2 213 0 0 0 1 2 0 0 0 0 300 4 0 1 0 0 4 0 0 0 0 3 0 0 3 0 2 0 8 0 0 62 0 0 0 0 0 0 0 0 0 0 3 9 0 0 0 0 2 0 1 0 0 0 0 1 0 20 0 0 0 0 0 14 0 0 0 0 0 0 0 0 33 0 0 0 0 0 31 1 0 0 0 0 52 45 1 0 0 0 27 27 0 0 1 0 0 0 0 0 0 0 0 0 0 0 0 0 0 0 0 0 0 0 0 0 0 0 0 9 0 0 0 0 0 0 0 0 0 0 4 0 0 0 0 0 0 9 0 0 0 0 15 34 0 0 0 0 0 0 0 34 4 0 0 0 2 0 12 10 0 0 0 0 36 13 1 0 0 0 53 46 0 0 0 0 0 0 0 2 0 0 0 0 0 0 0 0 0 0 0 0 0 0 0 2 0 0 2 0 0 0 0 0 0 0 0 0 0 0 0 0 0 0 0 0 0 0 1 0 1 1 5 10 0 0 0 0 0 1 0 0 0 0 0 0 0 0 2 0 0 0 0 0 0 0 0 0 0 0 0 0 0 0 0 0 0 0 0 0 0 0 
 645 65 74 99 62 38 0 60 264 36 55 57 486 417 48 41 47 66 49 295 2 4 0 1 3 0 2 8 0 1 4 2 0 0 4 2 2 4 0 3 0 0 0 4 3 3 0 0 1 3 2 1 5 0 6 4 2 0 1 4 4 0 5 0 2 0 0 2 5 0 0 3 6 5 6 0 3 41 4 4 21 19 23 0 0 0 42 35 21 5 12 0 29 28 50 17 15 4 7 46 0 0 0 0 0 0 0 0 0 0 0 0 0 0 0 0 0 0 0 0 0 0 0 0 0 0 0 0 0 0 2 0 0 0 0 0 0 0 0 0 0 0 0 0 8 0 0 13 0 0 17 0 0 0 0 0 0 4 0 0 14 1 0 0 0 0 10 35 13 0 0 0 0 26 44 30 10 16 0 26 0 0 0 0 0 0 1 0 0 0 0 0 0 0 0 0 0 0 0 0 0 0 0 0 0 0 2 0 0 0 0 13 0 0 0 0 0 0 0 1 0 0 0 0 0 0 0 0 0 0 0 14 0 0 1 0 0 0 0 1 0 0 0 0 0 0 0 0 2 0 0 4 0 0 0 0 0 0 0 0 0 0 0 0 0 0 0 0 0 0 4 0 0 0 0 0 0 0 0 0 0 0 0 0 0 0 0 0 0 0 
 323 667 193 127 49 41 60 0 172 237 26 42 275 362 216 213 298 133 51 56 3 0 0 0 2 0 4 2 0 0 2 0 0 0 0 2 0 1 1 3 0 0 0 0 3 0 0 0 0 3 0 0 3 0 3 1 1 0 0 0 0 0 0 0 0 1 0 0 0 0 0 3 0 0 0 0 3 0 0 0 1 37 49 10 14 0 1 73 34 27 37 0 0 45 24 29 23 8 0 1 0 1 0 0 0 0 0 0 0 0 0 0 0 0 0 0 0 0 0 0 0 0 0 0 0 0 2 0 0 0 0 0 0 0 0 0 0 0 0 0 0 0 0 0 0 1 0 0 0 0 0 0 0 0 1 0 0 1 0 0 0 50 10 9 0 0 0 14 28 15 21 13 23 1 18 8 24 0 0 0 0 0 0 0 0 0 0 0 0 0 2 14 0 0 0 0 0 0 0 0 0 0 0 0 0 0 0 0 0 0 5 0 0 0 0 0 14 2 0 0 0 0 0 0 0 0 0 0 0 0 0 0 0 0 0 1 0 0 0 0 0 19 0 0 0 4 1 0 0 0 0 13 0 0 0 0 0 0 0 0 0 0 14 0 0 0 0 0 0 0 0 0 0 0 0 3 0 0 0 0 0 0 0 0 0 0 0 0 0 0 
 240 335 363 77 82 31 264 172 0 369 39 52 181 116 271 552 332 297 53 146 2 0 0 1 1 3 2 2 1 0 2 0 0 0 0 2 0 1 0 3 0 0 0 0 3 0 0 0 0 3 0 0 3 0 3 0 0 0 0 0 11 0 28 0 0 0 0 0 0 0 0 3 34 0 0 0 3 0 1 0 1 10 17 42 62 0 24 32 22 30 22 12 0 13 0 31 40 33 0 0 0 18 0 0 1 0 0 0 0 3 0 0 0 1 0 0 3 0 0 0 0 0 0 0 0 0 0 0 0 0 0 2 0 0 0 0 0 30 0 2 7 0 0 0 0 0 0 0 0 0 0 0 0 0 0 0 0 0 0 0 0 23 17 27 0 0 0 0 19 26 46 13 17 0 23 1 16 20 0 0 0 1 0 0 0 0 0 0 0 0 0 0 0 0 0 0 0 0 0 0 0 0 0 0 0 0 0 0 1 0 0 19 0 0 0 0 0 2 2 0 2 0 0 0 0 12 0 0 0 0 2 0 1 0 0 0 0 0 9 0 0 12 0 0 0 0 2 1 1 1 0 17 0 1 0 0 0 0 0 0 0 0 14 0 0 0 0 0 0 0 0 0 0 0 0 10 20 9 0 0 0 0 0 0 0 0 0 0 0 0 
 35 67 449 449 113 140 36 237 369 0 337 350 97 87 84 418 603 131 48 196 2 2 0 3 0 0 3 5 0 2 1 0 2 0 3 1 0 2 1 3 0 4 0 3 5 0 6 0 0 5 0 0 3 2 2 1 0 0 0 0 5 0 3 0 0 0 0 0 0 0 0 6 1 0 0 0 4 0 57 0 0 21 12 43 49 26 0 2 0 39 34 40 0 1 0 15 27 21 0 0 0 0 0 0 0 0 0 0 0 0 0 1 0 1 0 2 0 0 0 0 0 0 0 0 0 0 0 0 0 0 0 0 0 0 0 0 0 0 0 1 0 0 0 0 0 0 0 0 2 0 0 0 0 0 0 0 0 2 0 0 10 20 14 56 54 0 0 0 48 31 20 37 13 0 1 0 0 50 0 0 0 0 0 0 0 0 0 0 0 1 0 0 9 0 0 0 0 0 0 14 0 0 9 0 0 1 0 0 0 0 0 0 0 0 0 0 0 14 0 0 0 12 0 0 0 0 0 0 0 2 0 0 0 0 0 9 0 8 0 0 0 15 0 0 0 0 181 0 0 193 1 23 3 0 0 0 0 0 0 0 0 0 81 0 0 0 0 0 0 0 0 0 0 0 2 82 16 8 0 0 0 0 0 0 0 0 0 0 0 0 
 55 43 44 198 150 70 55 26 39 337 0 262 35 44 35 551 111 315 27 81 2 0 0 0 0 0 3 2 0 0 1 0 0 0 0 1 0 2 1 4 0 10 6 0 10 0 0 0 0 3 0 0 3 0 2 0 0 0 0 0 0 0 0 0 0 47 0 0 0 0 4 3 0 0 53 0 3 0 40 0 0 3 0 30 46 15 0 0 0 18 40 24 0 0 0 0 3 14 0 0 0 0 0 0 0 0 0 0 0 0 0 0 13 0 0 0 0 0 11 38 0 0 0 0 0 0 0 0 0 1 0 0 0 0 0 0 0 0 0 0 0 0 0 0 0 0 19 0 15 0 0 5 0 0 0 0 0 0 6 0 5 1 21 39 38 22 0 0 3 27 66 56 13 0 0 0 0 17 0 0 0 0 0 0 0 0 1 0 0 0 0 14 0 43 0 0 0 0 12 1 0 0 0 0 0 0 0 0 0 0 17 0 0 0 0 0 0 18 0 0 0 0 1 0 0 0 0 0 0 0 0 0 0 0 0 0 0 0 0 0 0 0 0 0 0 2 132 0 5 53 0 5 10 0 0 0 0 0 0 0 0 0 18 0 0 0 0 0 0 0 0 0 0 0 0 16 15 0 0 0 0 0 0 0 2 0 0 0 0 0 
 45 257 39 244 222 50 57 42 52 350 262 0 34 34 64 43 86 190 41 45 2 72 0 1 3 0 3 5 0 0 0 0 0 0 0 0 0 0 0 3 63 5 11 21 9 0 0 0 0 3 0 0 3 0 4 0 1 0 0 2 0 0 0 0 0 0 0 0 0 0 3 3 32 0 0 0 3 0 1 0 0 0 0 13 67 14 0 0 0 2 30 27 11 0 0 1 0 21 2 0 0 0 0 0 0 1 11 0 0 2 0 0 0 1 0 0 0 0 21 61 0 11 0 0 0 0 0 0 2 0 0 0 0 0 0 0 0 1 0 0 0 0 0 0 0 0 0 26 0 0 0 0 0 0 0 0 0 0 0 0 4 0 0 0 27 16 0 0 1 0 0 13 0 0 0 0 2 18 0 0 0 0 0 0 0 0 0 0 0 0 0 0 10 0 0 0 0 0 9 0 0 1 2 0 0 0 0 0 0 0 14 0 0 0 0 0 0 0 0 0 0 0 0 0 0 0 0 0 0 0 0 0 0 0 0 0 0 0 0 0 0 1 0 0 0 4 86 2 0 87 0 17 1 0 0 0 0 0 0 0 0 0 0 0 0 0 0 0 0 0 0 0 0 0 0 0 20 0 0 0 0 0 0 0 0 0 0 0 0 0 
 68 63 94 79 82 270 486 275 181 97 35 34 0 324 47 476 253 255 435 241 2 0 0 0 2 0 5 5 0 0 1 0 0 0 0 1 0 1 0 3 0 0 0 0 3 1 0 0 5 3 0 0 3 0 3 0 0 0 0 0 0 0 1 16 0 0 0 0 0 0 0 3 0 0 0 0 3 0 0 0 73 41 41 0 0 0 63 3 13 0 0 0 39 29 27 4 1 0 54 90 0 0 0 0 2 0 0 0 0 0 0 0 0 1 0 0 0 0 0 0 0 0 0 0 0 0 0 0 0 0 0 2 0 0 0 0 0 0 0 0 0 0 0 0 0 0 0 0 0 0 0 0 0 0 0 2 0 5 0 0 25 0 1 0 0 0 46 14 0 1 0 6 0 77 15 41 1 0 0 12 0 1 0 0 0 0 0 0 0 0 0 0 0 0 0 0 0 0 0 62 0 0 0 0 0 0 2 0 19 0 0 0 0 0 0 0 1 0 0 42 2 0 0 0 0 0 0 0 0 0 2 0 1 0 0 0 0 0 1 0 0 0 0 0 0 2 2 0 0 1 0 7 0 1 0 0 0 0 0 0 0 0 0 0 0 0 0 0 0 0 0 0 0 0 0 0 0 0 0 0 0 0 0 0 0 0 0 0 0 0 
 141 66 41 69 78 71 417 362 116 87 44 34 324 0 510 268 678 37 57 308 2 0 2 0 0 2 6 4 0 0 1 3 0 2 2 4 0 5 2 3 0 0 0 0 3 4 0 0 0 3 2 2 3 0 3 2 0 2 0 0 0 0 3 0 0 3 0 0 2 0 0 3 0 0 54 0 3 0 0 2 22 28 16 0 2 0 28 63 63 16 0 0 14 28 32 43 18 21 0 27 0 0 0 0 0 2 0 0 3 0 0 0 0 0 0 0 0 0 0 0 0 0 0 0 0 0 0 0 1 0 0 1 0 14 0 0 0 0 0 0 0 0 14 0 0 0 0 0 0 0 0 0 0 0 0 0 0 4 0 0 12 19 7 0 0 0 0 63 12 1 0 0 0 15 55 66 15 0 0 1 0 0 0 0 0 0 0 0 0 0 0 0 0 0 0 0 0 0 0 0 0 1 1 0 0 0 0 0 0 0 1 1 0 0 0 0 0 0 0 0 0 0 0 0 0 0 0 0 0 0 0 0 0 19 0 0 8 0 2 0 0 0 0 0 0 0 3 2 0 0 1 11 2 0 0 0 0 0 0 0 74 0 0 0 0 0 0 0 0 0 0 0 0 0 0 0 0 0 0 0 0 0 0 0 0 0 0 0 0 0 
 297 347 140 43 53 258 48 216 271 84 35 64 47 510 0 104 352 34 37 103 2 0 0 0 0 0 2 2 0 2 77 75 0 0 2 2 0 2 0 3 0 0 0 0 3 0 0 64 0 3 0 0 3 0 3 0 0 0 0 1 0 0 0 0 0 0 30 0 0 0 0 3 0 0 0 0 3 0 0 0 1 18 29 0 0 2 2 33 20 12 9 9 0 29 12 20 61 11 0 1 0 0 0 0 0 0 0 0 0 0 0 1 0 0 0 2 0 0 0 0 0 0 0 0 0 0 0 0 0 0 0 0 1 0 0 0 0 0 0 1 0 0 0 0 25 0 0 0 2 0 0 0 0 0 0 0 0 2 0 0 1 29 8 0 0 0 0 15 0 0 0 0 0 0 16 20 23 11 0 0 0 0 0 0 0 0 0 0 0 1 0 0 0 0 0 0 0 0 0 0 0 0 0 0 0 0 0 0 0 0 0 0 0 0 0 0 0 0 0 0 0 0 5 0 0 0 0 0 0 2 6 0 0 0 0 0 0 0 0 0 0 0 0 0 0 0 0 0 2 0 3 7 0 0 0 0 0 0 0 0 0 0 0 0 0 0 0 0 0 0 0 0 0 0 0 0 0 9 0 0 0 0 0 0 0 0 0 0 0 0 
 26 404 512 273 326 95 41 213 552 418 551 43 476 268 104 0 399 526 29 124 3 1 2 5 0 0 4 8 1 1 68 2 3 0 4 2 2 1 0 3 6 0 0 6 3 0 0 0 3 6 0 0 3 4 4 2 0 0 0 0 4 3 8 0 0 0 0 0 52 0 0 9 1 0 28 5 15 3 0 4 0 35 37 18 44 1 0 14 11 25 33 14 0 0 1 21 68 33 0 1 0 0 0 0 13 0 0 0 0 0 0 0 0 0 0 0 0 0 0 0 0 0 0 0 0 0 0 0 0 0 0 0 0 0 0 0 0 0 0 0 0 0 0 0 0 0 0 0 0 0 0 0 0 0 0 0 0 0 0 0 0 51 8 64 0 0 1 0 65 31 23 30 15 0 0 17 11 27 0 0 0 0 0 0 0 0 0 0 0 0 0 0 0 0 0 0 0 0 0 0 0 0 0 9 0 0 0 0 0 0 0 0 0 0 0 8 0 0 0 0 0 0 0 0 0 2 0 0 0 0 0 0 0 0 0 0 0 0 0 0 0 13 0 0 0 2 2 2 0 5 1 4 12 0 0 0 0 2 0 0 0 0 22 0 0 2 0 0 0 0 0 0 0 0 1 49 60 7 0 0 0 0 0 0 0 0 0 0 0 3 
 39 380 237 59 50 71 47 298 332 603 111 86 253 678 352 399 0 870 112 56 2 0 0 0 0 6 3 2 0 0 2 206 1 0 0 2 6 1 0 3 0 0 0 0 3 0 0 0 0 3 0 0 32 0 2 0 0 0 0 0 8 0 0 0 0 0 0 0 0 0 0 3 0 0 0 0 3 47 0 0 0 6 31 38 31 0 0 10 0 14 42 12 0 1 0 10 30 23 0 0 0 0 0 0 0 0 0 2 0 0 0 0 0 0 0 0 0 0 1 0 0 0 0 0 0 0 0 0 0 0 0 0 0 0 0 0 0 0 0 4 0 0 0 0 0 0 1 0 0 0 0 1 0 0 0 0 0 0 0 0 0 29 21 21 1 1 0 0 16 50 28 20 28 0 0 0 18 9 0 0 0 0 0 0 0 0 0 0 0 0 0 0 0 0 0 0 0 0 0 0 0 0 0 0 0 0 0 0 0 0 0 0 0 1 0 0 0 16 0 0 0 1 16 0 28 0 0 0 0 0 0 0 0 0 0 0 0 14 0 0 0 24 9 0 0 4 4 1 1 0 1 7 35 0 0 0 0 0 0 0 0 0 20 0 0 0 0 0 0 0 0 0 0 0 0 6 19 5 0 0 0 0 0 0 0 0 0 0 0 0 
 236 48 427 391 279 91 66 133 297 131 315 190 255 37 34 526 870 0 26 563 2 0 2 2 6 1 3 3 2 4 1 3 4 2 0 1 0 6 0 3 6 5 0 0 8 0 6 0 0 3 0 0 3 0 3 0 4 1 0 63 10 0 0 0 0 0 0 4 0 0 0 3 0 0 0 0 3 0 49 4 0 12 0 44 56 18 0 4 0 52 56 55 0 0 0 13 18 36 0 0 0 0 0 0 0 0 0 0 0 0 0 0 0 1 0 0 0 0 0 6 0 0 0 0 0 0 0 0 0 0 0 0 0 0 0 0 0 0 0 0 0 0 0 23 0 0 0 0 0 0 0 0 0 0 0 0 0 0 0 0 2 18 15 32 46 0 0 0 28 32 19 32 10 0 0 0 0 40 0 0 0 0 0 0 0 0 0 0 0 0 0 0 0 0 2 0 0 0 0 0 0 0 0 0 0 0 0 0 0 0 0 0 0 0 0 0 0 14 0 0 0 0 0 0 0 0 0 0 0 0 0 3 0 0 0 0 0 0 0 0 0 13 0 0 0 3 218 1 0 173 0 11 11 0 0 0 0 0 30 0 0 0 20 0 0 0 0 0 0 0 0 0 0 0 2 28 11 15 0 0 0 0 0 0 0 0 0 0 0 0 
 51 44 34 62 43 60 49 51 53 48 27 41 435 57 37 29 112 26 0 275 4 0 0 0 0 0 2 2 82 0 2 0 0 0 0 2 0 2 0 3 0 0 0 0 3 0 0 0 0 3 0 0 3 0 3 0 0 0 0 0 0 0 0 0 0 0 0 0 0 0 0 3 0 0 0 0 3 0 0 0 12 1 0 11 0 0 26 0 0 0 2 0 39 7 15 0 0 0 43 72 0 0 0 0 0 0 0 0 0 0 0 0 2 0 1 0 0 0 15 13 0 0 0 0 0 0 0 0 0 0 0 0 0 0 0 0 0 0 19 0 2 0 0 0 1 2 0 0 0 0 1 0 5 0 0 13 0 0 9 0 10 0 0 0 0 0 113 0 0 1 0 8 10 31 0 0 0 0 73 30 0 0 0 0 0 0 0 0 0 0 0 0 0 0 0 2 0 0 0 0 0 0 0 0 0 0 0 0 0 0 0 0 0 0 0 0 0 4 0 0 0 0 0 0 1 0 0 0 0 0 0 0 0 0 0 0 0 0 0 0 0 0 0 0 0 1 0 0 0 0 0 14 0 0 0 0 0 0 0 0 0 0 0 0 0 0 0 0 0 0 0 0 0 0 0 0 0 0 0 0 0 0 0 0 0 0 0 0 0 0 
 141 156 121 150 535 118 295 56 146 196 81 45 241 308 103 124 56 563 275 0 2 82 1 0 0 0 2 2 2 0 2 2 0 0 0 3 0 3 0 3 0 0 0 0 3 0 0 1 0 3 0 0 3 0 3 0 0 0 0 0 6 0 0 0 0 0 0 0 6 0 0 3 0 0 2 0 3 0 0 2 84 30 17 0 1 0 44 5 39 15 22 0 35 14 18 16 35 7 24 37 0 0 0 1 0 0 0 1 0 0 0 0 0 0 0 0 0 0 0 0 0 0 0 0 0 0 0 0 0 0 0 0 0 0 0 0 0 0 0 0 0 0 0 0 0 0 0 9 0 0 0 0 0 0 0 0 0 6 0 0 14 12 12 4 15 0 3 21 4 21 9 6 0 20 16 16 0 7 0 16 0 0 0 0 0 0 0 0 0 0 0 0 0 0 0 0 0 0 0 0 0 0 0 0 0 0 1 0 0 0 0 0 0 1 0 0 0 0 0 0 0 1 0 0 0 0 0 0 0 0 0 0 0 0 2 0 0 0 0 2 0 0 0 0 0 4 0 2 0 1 0 11 18 0 0 0 0 0 0 0 0 0 0 0 0 0 12 0 0 0 0 0 0 0 0 7 0 0 0 0 0 0 0 0 0 0 0 0 0 0 
 2 5 2 3 2 3 2 3 2 2 2 2 2 2 2 3 2 2 4 2 0 292 87 111 22 27 632 391 241 29 58 23 60 283 362 48 142 32 136 154 0 0 202 4 0 0 0 0 0 0 0 0 3 2 0 0 2 0 3 2 0 0 0 3 0 0 0 0 3 0 2 0 0 0 0 0 0 5 1 0 0 0 0 0 0 0 0 0 0 0 0 0 0 0 0 0 0 0 1 0 23 36 43 18 0 1 0 24 56 1 0 0 1 29 44 20 12 0 1 0 0 0 0 0 0 0 0 0 0 0 0 0 0 0 0 0 0 0 0 0 0 0 0 2 0 0 0 0 0 0 0 0 0 0 0 25 0 0 0 0 0 0 0 2 61 1 0 0 0 0 0 0 0 2 0 0 0 0 0 0 21 43 12 0 0 0 5 41 6 29 2 0 1 43 45 33 16 20 0 0 0 0 2 0 0 0 0 0 0 0 0 0 0 0 0 0 0 0 0 0 0 1 0 0 0 0 0 0 0 0 0 0 0 0 0 0 0 0 0 0 0 0 0 0 0 0 1 0 0 0 0 0 0 13 11 1 2 0 0 0 1 0 0 0 0 0 1 0 0 0 0 0 0 0 0 0 0 0 0 0 0 0 0 2 0 0 0 0 0 0 
 0 0 2 2 0 1 4 0 0 2 0 72 0 0 0 1 0 0 0 82 292 0 456 201 44 36 289 400 291 35 42 47 53 268 662 235 481 44 71 47 0 0 0 6 0 0 7 0 0 0 0 0 3 4 0 0 0 2 3 3 0 0 6 3 0 4 0 0 3 0 2 6 53 0 0 0 4 3 0 0 0 0 0 0 0 0 0 0 0 0 0 0 9 0 0 0 12 0 0 0 0 37 14 39 0 0 0 20 34 29 13 10 0 2 48 13 23 37 0 0 0 13 0 0 0 0 0 0 0 0 0 0 0 0 0 0 0 0 0 0 0 0 2 21 0 0 0 0 0 0 0 0 11 0 0 14 2 0 0 0 0 0 0 0 46 1 0 0 0 0 1 0 4 0 0 0 0 0 1 0 0 31 48 23 16 0 0 1 50 27 25 16 0 0 3 45 34 67 0 0 0 0 0 0 0 0 0 0 0 0 0 0 0 0 0 0 0 0 1 0 0 0 0 0 0 0 0 1 0 0 0 0 0 0 0 0 0 0 0 0 0 0 0 0 0 0 0 0 0 0 0 2 0 0 6 0 2 0 0 2 12 12 0 0 0 0 14 0 0 0 0 0 0 0 0 0 0 0 0 0 0 8 0 0 0 0 11 0 0 0 
 0 0 0 2 0 0 0 0 0 0 0 0 0 2 0 2 0 2 0 1 87 456 0 96 81 39 66 99 228 369 50 34 74 262 260 295 124 277 40 40 2 0 0 0 0 0 2 0 0 0 0 4 3 0 0 0 0 0 3 4 0 0 0 3 0 3 0 0 1 0 2 1 0 0 0 0 0 3 0 0 0 0 0 0 0 0 0 0 0 0 0 0 0 0 0 0 0 0 2 0 0 17 9 16 0 0 0 0 13 54 10 23 0 0 13 1 26 41 0 0 0 0 0 0 0 0 0 0 0 0 0 0 0 0 0 0 0 0 0 0 0 0 0 1 0 0 0 0 0 5 0 0 0 0 0 0 0 0 0 0 0 0 0 2 0 14 0 0 0 0 6 0 7 1 0 0 0 0 0 0 0 10 43 25 7 1 0 0 32 43 63 5 0 0 0 40 40 42 0 0 0 0 1 0 0 0 0 0 0 0 0 0 2 0 0 0 13 0 2 0 0 0 0 0 0 0 0 0 0 0 0 0 0 0 0 0 0 2 0 10 0 0 14 0 0 0 0 0 0 0 0 0 0 0 10 2 1 3 5 0 5 1 6 0 0 0 12 0 0 0 0 0 0 0 0 0 0 0 0 0 0 4 0 1 0 0 6 0 0 0 
 0 0 0 0 0 2 1 0 1 3 0 1 0 0 0 5 0 2 0 0 111 201 96 0 97 101 276 72 73 369 208 357 93 138 61 183 274 271 108 63 2 0 0 0 1 0 0 0 1 0 0 0 3 0 0 0 0 0 3 3 0 2 0 3 0 0 0 0 0 0 2 0 0 0 0 0 0 3 0 1 2 0 0 0 0 0 0 0 0 0 0 0 0 0 0 1 0 0 0 0 0 0 0 20 19 20 0 1 0 10 20 38 0 0 0 0 42 29 0 0 0 0 0 13 0 0 2 0 0 0 0 0 0 0 22 0 0 0 0 15 0 0 0 1 0 0 0 0 0 2 0 1 2 0 0 0 0 0 0 0 0 0 0 3 0 19 0 1 0 0 4 0 0 0 0 0 0 0 0 0 0 0 0 15 41 45 0 0 0 0 27 49 0 0 0 0 10 1 0 0 1 0 0 2 2 0 0 0 2 0 0 0 0 0 0 0 0 0 30 41 2 0 0 0 0 0 11 0 0 0 0 5 0 4 0 0 0 0 0 0 0 0 14 0 0 0 0 0 0 0 0 0 0 0 6 0 0 41 47 2 2 0 0 0 0 0 0 1 0 0 0 0 0 0 0 0 2 2 0 0 0 10 0 0 0 0 0 0 0 0 
 0 0 0 0 1 0 3 2 1 0 0 3 2 0 0 0 0 6 0 0 22 44 81 97 0 592 37 63 66 78 156 438 226 66 74 529 60 37 374 72 0 6 54 64 7 0 6 5 5 0 6 5 9 3 0 0 3 0 39 6 0 4 0 2 0 0 0 0 1 2 5 0 0 0 0 5 0 9 0 0 0 0 0 0 0 0 0 0 0 0 0 0 0 2 0 0 1 0 0 0 0 18 0 1 42 25 0 0 0 0 1 10 12 0 0 0 0 0 0 0 1 2 0 0 0 0 45 27 0 0 0 0 49 9 0 0 0 1 33 45 0 0 5 0 0 0 0 0 0 0 0 0 12 0 0 0 0 9 0 1 0 0 0 1 1 0 0 19 0 2 0 0 0 0 0 0 0 0 10 0 0 0 0 0 15 12 0 0 2 0 1 13 0 0 0 0 0 0 0 0 8 0 0 0 0 0 36 1 0 0 0 0 36 0 0 0 0 0 23 30 0 0 0 0 0 0 0 0 0 0 0 0 0 0 0 0 0 0 0 0 0 0 0 0 0 0 0 0 0 0 0 0 0 0 3 0 2 4 2 1 11 0 0 0 0 0 0 0 0 0 0 0 0 0 0 0 0 0 0 0 0 0 0 0 0 0 0 0 0 0 
 0 79 0 0 0 1 0 0 3 0 0 0 0 2 0 0 6 1 0 0 27 36 39 101 592 0 54 38 29 263 98 48 35 143 262 293 61 47 46 242 0 0 0 0 0 0 1 0 2 0 0 83 3 1 0 0 62 0 222 3 0 0 0 3 0 0 0 0 0 0 2 0 0 0 0 0 0 3 2 0 1 0 0 0 0 0 0 0 0 0 0 0 0 0 0 2 1 0 0 0 0 27 0 0 17 16 0 0 0 0 0 0 0 0 0 0 0 0 0 0 19 0 0 0 0 0 32 0 0 0 0 2 50 41 0 0 0 0 34 29 0 0 8 0 0 0 0 0 0 0 0 2 1 2 0 0 0 0 0 0 0 0 0 0 0 0 0 2 0 0 0 0 0 0 0 0 0 6 3 0 0 0 0 0 0 44 0 0 0 0 0 0 0 0 0 0 0 0 0 11 16 0 1 1 1 0 41 0 0 0 0 0 35 16 0 0 0 0 11 85 0 0 11 0 0 0 0 0 0 0 0 2 0 0 0 0 0 0 2 0 0 0 0 0 0 0 0 0 0 0 0 0 0 0 10 0 4 0 2 1 6 1 0 0 0 0 0 0 0 0 0 0 0 0 0 0 1 1 0 0 0 0 0 0 0 0 0 0 0 0 
 3 4 3 3 3 3 2 4 2 3 3 3 5 6 2 4 3 3 2 2 632 289 66 276 37 54 0 84 56 39 20 21 394 364 46 46 48 36 90 224 0 0 0 0 0 0 0 0 0 0 0 0 66 0 0 0 1 0 3 4 0 0 0 3 0 1 0 0 0 0 2 0 0 5 0 0 0 3 0 0 0 0 0 0 0 0 0 0 1 0 1 0 0 0 0 0 0 9 0 0 15 8 63 0 0 0 14 43 77 0 0 0 2 21 17 7 11 13 13 0 0 0 0 0 0 1 0 0 0 0 2 0 0 0 0 12 0 0 0 0 0 0 0 0 0 0 0 0 0 0 0 0 0 0 0 0 0 0 0 0 0 0 0 0 9 0 0 0 0 0 0 0 0 0 0 0 0 0 0 0 50 11 0 0 0 1 34 47 24 31 0 0 7 78 54 15 7 13 0 0 0 9 0 0 0 0 0 0 0 0 2 0 0 0 0 13 0 0 0 0 0 0 0 0 0 2 0 0 0 0 0 0 15 0 0 0 0 0 0 0 0 0 0 0 0 0 0 0 0 0 0 0 0 0 6 2 0 0 0 2 2 0 0 0 0 0 0 0 0 0 0 0 0 0 0 0 0 0 0 0 0 0 0 0 0 0 0 0 0 0 
 2 2 2 2 2 2 8 2 2 5 2 5 5 4 2 8 2 3 2 2 391 400 99 72 63 38 84 0 156 28 35 36 87 371 157 133 59 40 76 27 3 0 4 0 0 0 3 0 0 0 0 0 3 0 0 0 2 0 3 4 0 0 0 3 0 2 0 2 6 0 2 0 0 0 0 0 0 3 1 0 0 2 0 0 2 0 0 0 0 0 0 0 0 0 0 20 0 0 0 0 6 37 26 23 0 0 0 36 53 22 7 0 0 0 62 16 17 0 0 0 0 0 0 0 0 0 0 0 0 0 0 0 0 0 0 1 0 0 0 2 0 0 0 9 0 0 0 0 0 1 0 0 0 0 0 0 0 0 0 0 0 0 0 0 7 0 0 0 0 0 0 0 5 0 0 0 0 0 0 0 2 54 63 2 0 1 0 13 53 67 12 0 0 0 17 45 28 33 0 0 0 0 0 0 6 0 0 0 0 0 0 0 0 2 0 0 0 0 0 0 0 0 0 0 0 0 0 0 0 0 0 0 0 0 0 0 0 0 0 0 0 0 0 0 0 1 0 0 0 0 0 0 0 1 10 0 0 0 0 0 1 0 0 0 0 0 0 0 0 0 0 0 0 0 0 0 0 0 0 0 0 0 0 0 0 0 0 0 0 0 
 0 0 0 0 0 213 0 0 1 0 0 0 0 0 0 1 0 2 82 2 241 291 228 73 66 29 56 156 0 326 39 37 108 86 172 228 239 203 92 48 0 0 0 0 0 0 1 2 0 0 0 0 3 0 0 0 0 75 3 4 0 0 0 3 0 7 0 0 3 0 2 1 0 0 0 0 0 54 2 0 2 0 0 0 0 0 0 0 0 0 0 0 0 11 0 0 0 0 0 0 0 22 14 23 0 0 0 1 19 65 8 24 0 0 9 14 21 56 0 1 0 0 0 0 0 0 2 0 0 0 0 0 0 0 0 0 0 0 0 0 0 0 0 3 0 0 0 0 0 11 0 0 2 0 0 0 0 0 0 0 0 0 2 0 0 5 0 1 0 0 3 0 4 0 0 0 0 0 0 0 0 16 41 28 5 1 0 0 29 30 65 10 0 0 1 27 23 26 0 0 0 0 0 0 2 0 0 0 18 0 0 0 0 0 0 0 0 0 2 0 2 0 0 0 0 0 0 29 0 0 0 1 0 19 0 0 0 0 1 0 0 0 12 0 0 0 0 0 0 0 0 0 0 0 2 0 0 2 2 0 14 5 0 0 0 0 13 0 0 0 0 0 0 0 0 0 2 2 0 0 0 8 0 0 0 0 12 0 0 0 
 0 0 24 0 2 0 1 0 0 2 0 0 0 0 2 1 0 4 0 0 29 35 369 369 78 263 39 28 326 0 300 248 56 94 90 477 348 242 82 60 0 0 0 0 0 0 0 0 0 0 1 0 3 0 0 0 0 0 3 29 0 0 0 3 0 5 0 2 0 0 2 0 0 0 0 0 0 3 1 0 0 0 0 0 0 0 0 0 0 0 0 0 0 0 0 0 0 0 0 0 0 0 17 12 8 24 0 0 2 57 39 49 0 0 13 0 22 47 0 0 0 0 0 0 0 0 0 0 0 0 0 0 0 0 0 0 0 0 0 0 0 0 0 0 0 0 0 0 0 14 0 0 0 0 0 0 0 0 0 0 0 0 0 5 0 12 0 1 0 0 5 0 1 0 0 0 0 0 0 1 0 6 1 51 32 24 0 0 29 21 57 25 0 0 0 1 25 38 0 0 0 0 0 0 0 0 0 0 0 0 0 0 0 0 0 0 0 0 33 0 0 0 0 0 0 0 0 0 0 0 0 0 0 0 0 0 0 0 0 0 0 0 6 0 0 0 0 0 0 0 0 0 0 0 8 0 0 148 160 3 12 13 0 0 0 0 14 0 0 0 0 0 0 0 0 0 0 0 0 0 0 19 0 0 0 0 13 0 0 0 
 2 1 2 1 0 0 4 2 2 1 1 0 1 1 77 68 2 1 2 2 58 42 50 208 156 98 20 35 39 300 0 316 31 38 57 129 182 279 256 58 0 0 0 0 1 0 9 0 0 0 7 0 3 0 0 0 0 0 212 18 0 0 0 3 0 2 54 0 4 0 2 2 3 0 47 0 0 4 56 3 0 0 0 0 0 0 0 0 0 0 0 0 0 0 3 0 0 0 0 0 0 0 0 13 25 16 0 0 0 10 38 27 0 0 0 13 10 18 0 0 0 0 0 0 0 0 0 2 0 0 0 0 0 1 0 0 0 0 2 0 1 0 0 0 0 1 0 0 0 4 2 0 0 0 0 0 0 0 0 0 0 0 0 23 0 14 0 0 0 0 4 0 0 0 0 0 0 0 1 12 0 3 0 26 34 36 0 0 0 1 10 14 1 0 0 0 9 0 1 0 0 0 0 0 0 0 2 0 0 0 0 0 0 0 0 0 0 0 27 0 0 0 0 0 0 10 0 1 0 2 18 0 0 0 0 0 1 0 0 0 0 0 0 0 0 0 1 0 0 0 0 0 0 0 10 1 2 41 4 0 0 2 0 0 0 0 0 0 0 0 0 2 0 0 1 0 0 0 0 0 0 0 0 0 0 0 1 0 0 1 
 0 0 0 0 0 0 2 0 0 0 0 0 0 3 75 2 206 3 0 2 23 47 34 357 438 48 21 36 37 248 316 0 40 32 113 58 296 279 33 52 0 1 0 0 0 0 3 0 0 0 1 1 3 0 0 0 2 0 3 2 0 0 0 3 0 1 0 2 6 0 2 0 0 0 0 0 0 3 0 0 0 1 0 0 1 0 0 0 0 0 0 0 0 0 0 0 0 0 0 0 0 0 0 13 36 47 0 0 0 0 31 4 0 0 0 1 0 0 0 0 1 0 0 0 0 0 0 0 0 0 5 0 7 0 0 2 0 0 12 11 0 0 5 0 12 0 0 0 0 0 0 0 10 0 0 0 0 0 0 0 0 0 0 3 0 1 0 0 0 0 0 0 0 0 0 0 0 0 1 0 0 0 0 14 29 25 0 0 0 0 0 8 0 0 1 0 0 0 0 0 0 0 0 0 0 0 7 0 0 0 0 0 48 0 0 0 0 0 37 12 0 0 0 0 0 0 0 0 0 0 0 0 0 0 0 0 0 0 0 0 0 0 0 0 0 1 0 0 0 0 0 0 0 2 6 4 0 152 150 2 6 0 0 0 0 0 2 0 0 0 0 0 0 0 2 0 0 0 0 0 0 14 0 0 0 0 0 0 0 0 
 0 3 0 0 0 1 0 0 0 2 0 0 0 0 0 3 1 4 0 0 60 53 74 93 226 35 394 87 108 56 31 40 0 65 248 27 47 42 421 172 2 0 0 2 0 2 1 1 19 0 2 2 3 2 1 1 1 2 3 66 0 0 0 3 0 0 0 0 0 0 2 0 0 8 0 2 0 5 2 0 0 0 0 0 0 0 0 0 0 0 0 0 0 0 0 0 0 0 0 0 50 1 26 1 0 0 29 20 0 1 10 0 36 57 5 0 0 0 38 14 0 0 0 0 0 0 0 0 0 0 0 0 0 0 0 0 0 0 0 0 0 0 0 15 0 0 0 0 0 0 0 0 0 0 0 0 0 0 1 0 0 0 0 0 0 15 0 0 0 0 0 0 0 0 0 0 0 0 0 0 46 0 0 0 0 0 25 64 0 0 0 0 28 48 38 8 11 0 7 15 0 0 0 0 0 0 0 0 0 0 0 0 0 0 0 0 0 0 0 0 0 0 0 0 0 0 0 0 0 0 0 0 0 0 0 7 0 0 0 0 0 0 0 0 0 0 0 0 0 1 0 0 0 0 8 0 0 0 0 1 1 1 0 0 0 0 0 0 0 2 0 2 0 0 0 0 0 0 0 0 0 0 0 0 0 0 0 0 0 0 
 0 0 0 0 0 2 0 0 0 0 0 0 0 2 0 0 0 2 0 0 283 268 262 138 66 143 364 371 86 94 38 32 65 0 411 50 27 52 187 155 0 0 0 0 0 0 0 0 0 0 0 0 3 0 0 0 0 0 3 3 0 0 0 3 0 0 0 0 7 0 2 0 0 0 0 0 0 4 0 0 2 0 2 0 0 0 0 0 0 0 0 0 0 0 0 0 0 0 0 0 29 36 42 24 0 0 0 45 27 2 0 0 0 23 67 25 8 1 0 1 0 0 0 18 0 0 2 0 0 0 0 0 0 0 0 0 0 0 0 0 0 0 0 8 0 0 0 0 0 0 0 0 0 0 0 0 0 0 0 0 0 0 0 0 8 0 0 0 0 0 0 0 0 0 0 0 0 0 0 0 14 26 42 0 0 0 2 35 18 12 2 1 1 65 62 19 23 15 0 0 0 0 0 0 2 0 0 0 2 0 0 0 0 0 0 0 0 0 0 0 2 0 0 0 0 0 0 0 0 0 0 0 0 0 0 0 0 0 0 0 0 0 0 0 0 0 0 0 0 0 0 0 0 0 6 2 1 0 0 0 82 2 0 0 0 0 0 0 0 0 0 0 0 0 0 0 0 0 0 0 0 1 0 0 1 0 0 0 0 0 
 0 0 1 0 1 0 4 0 0 3 0 0 0 2 2 4 0 0 0 0 362 662 260 61 74 262 46 157 172 90 57 113 248 411 0 314 65 39 77 288 0 0 0 0 0 0 0 27 0 6 0 0 3 0 0 0 0 1 3 5 0 0 0 2 0 3 2 2 3 0 2 29 0 0 0 0 0 3 3 0 0 0 0 0 1 0 0 0 0 0 0 0 0 0 0 0 0 0 0 0 9 38 26 19 0 0 1 46 99 33 8 0 0 2 109 18 15 0 0 0 0 0 0 0 0 0 0 0 0 0 0 0 0 0 14 1 0 0 0 0 0 0 0 4 0 0 0 0 0 1 0 0 0 0 0 0 1 0 0 0 0 0 20 0 34 0 0 0 0 0 0 0 7 0 0 0 0 0 0 0 1 42 74 2 0 1 0 24 42 51 27 0 0 0 49 54 38 17 0 0 0 23 0 0 0 0 0 0 0 0 0 0 0 0 0 0 0 0 2 0 0 0 0 0 0 0 0 0 0 0 0 0 0 0 0 0 0 0 0 0 0 0 0 0 0 20 0 0 0 0 0 0 0 0 12 0 0 0 0 0 1 0 24 0 0 0 0 0 0 0 0 0 0 0 0 0 0 0 0 0 0 0 0 0 0 0 0 0 0 0 
 15 5 3 1 0 0 2 2 2 1 1 0 1 4 2 2 2 1 2 3 48 235 295 183 529 293 46 133 228 477 129 58 27 50 314 0 234 170 86 49 0 0 0 2 0 0 0 0 0 0 0 0 3 0 0 0 0 2 3 2 0 0 0 3 0 1 0 0 0 0 2 0 0 0 0 0 0 3 0 0 0 2 0 0 2 0 0 0 0 0 0 0 0 0 0 0 0 0 6 0 0 0 0 10 0 0 1 6 0 24 0 21 0 2 30 2 26 23 0 0 0 0 0 0 0 0 0 0 0 0 0 0 0 0 0 1 0 0 0 0 0 0 0 2 0 0 0 0 0 0 0 0 0 0 0 0 2 0 0 0 7 0 0 0 0 4 0 0 0 0 16 0 68 0 0 0 0 0 0 0 0 9 40 10 15 6 0 0 16 22 24 18 0 0 2 33 34 29 0 0 0 0 0 0 0 0 0 0 0 9 0 0 0 0 0 0 0 0 0 0 0 0 0 0 0 0 0 0 0 0 0 2 0 7 0 0 0 0 0 0 0 0 0 0 0 76 1 0 0 0 0 1 0 0 7 1 5 1 1 2 122 11 0 0 0 0 9 0 0 0 0 0 0 0 0 0 0 0 0 0 0 7 0 0 0 0 8 0 0 3 
 0 0 0 0 0 0 2 0 0 0 0 0 0 0 0 2 6 0 0 0 142 481 124 274 60 61 48 59 239 348 182 296 47 27 65 234 0 277 29 49 21 0 0 0 2 2 3 0 2 0 4 0 3 0 0 0 0 2 6 6 0 0 0 3 0 1 3 0 0 0 2 0 0 0 0 1 0 3 2 0 0 0 0 0 0 0 0 0 0 2 0 0 0 0 0 0 0 0 0 0 0 9 18 16 0 0 0 14 13 50 15 35 0 1 31 0 27 52 0 0 0 0 0 0 0 0 0 1 0 0 0 0 0 0 0 0 0 0 0 0 2 0 0 0 0 2 0 0 0 2 0 0 0 2 2 0 0 0 0 1 0 0 0 0 0 7 0 0 0 0 20 0 29 0 0 0 0 0 0 0 0 9 56 33 8 1 0 0 36 21 50 24 0 0 0 27 30 28 2 0 0 0 0 0 0 0 2 0 0 0 0 0 0 0 0 0 0 0 4 0 0 0 0 0 0 0 0 2 0 1 0 0 0 0 0 0 0 0 0 0 0 0 19 0 0 0 0 0 0 0 1 0 0 0 7 0 0 2 0 0 7 12 0 0 0 0 11 0 0 0 0 0 0 0 0 0 0 0 0 0 0 11 0 0 0 0 7 0 0 2 
 2 1 1 0 0 0 4 1 1 2 2 0 1 5 2 1 1 6 2 3 32 44 277 271 37 47 36 40 203 242 279 279 42 52 39 170 277 0 49 35 3 0 0 2 0 3 0 0 2 4 2 3 3 2 2 0 2 0 123 3 2 0 0 7 0 5 5 0 0 0 2 0 4 5 0 0 0 3 0 0 0 0 0 0 0 1 0 0 0 0 0 0 0 0 0 0 0 0 2 0 0 0 0 12 8 22 0 0 1 12 32 21 0 0 2 0 46 31 0 0 0 0 0 0 0 0 0 0 1 0 0 0 0 0 0 0 0 0 0 0 0 0 0 0 1 1 0 0 0 3 0 0 0 0 0 0 0 0 2 0 0 0 0 4 0 6 0 0 0 0 3 0 1 0 0 0 0 0 20 19 0 0 0 28 26 26 0 0 15 17 22 26 0 0 0 1 14 37 0 0 0 8 0 14 0 0 0 0 0 0 0 0 0 2 0 10 0 0 0 0 0 0 0 0 15 0 2 0 20 0 0 0 0 0 0 0 0 0 0 0 0 0 0 0 0 0 0 0 0 0 0 0 0 0 3 0 1 150 149 2 15 15 0 0 0 0 14 0 0 0 0 0 0 0 0 0 0 0 0 0 0 6 0 0 0 0 13 0 0 0 
 3 0 0 0 1 300 0 1 0 1 1 0 0 2 0 0 0 0 0 0 136 71 40 108 374 46 90 76 92 82 256 33 421 187 77 86 29 49 0 255 0 0 0 0 0 0 0 0 0 0 0 0 3 199 0 0 201 0 3 61 0 0 0 3 0 0 0 0 0 0 2 6 0 5 0 0 0 3 0 0 0 0 0 0 0 25 2 2 0 0 0 0 0 0 0 0 23 0 0 0 27 28 9 0 0 0 48 31 1 0 0 0 24 31 0 1 0 2 44 13 0 0 0 0 0 0 0 0 0 0 0 0 0 0 0 0 0 0 0 0 0 0 0 0 1 0 0 0 0 0 0 0 0 0 0 0 0 0 1 2 0 0 0 0 0 5 0 0 0 1 0 0 0 0 0 0 0 0 0 0 52 0 0 0 0 26 56 5 0 0 0 0 58 19 22 0 1 0 22 91 0 0 0 0 0 2 0 0 0 0 0 0 0 0 0 0 0 0 0 0 0 0 1 0 0 0 0 0 0 0 2 0 0 0 0 0 0 0 0 0 0 0 0 0 0 2 0 0 0 0 0 0 0 0 13 1 2 0 0 6 0 2 0 0 0 0 0 0 0 0 0 0 0 0 0 0 0 0 0 0 0 0 0 0 0 0 0 0 0 0 
 3 3 3 5 3 4 3 3 3 3 4 3 3 3 3 3 3 3 3 3 154 47 40 63 72 242 224 27 48 60 58 52 172 155 288 49 49 35 255 0 0 0 0 0 0 0 0 0 0 0 0 0 3 0 0 0 0 0 3 2 0 0 0 3 0 0 0 0 0 0 2 0 0 0 0 0 0 54 1 0 0 0 0 0 0 1 0 0 0 0 0 0 0 0 0 0 0 0 2 0 11 0 23 1 0 0 30 24 2 1 0 0 15 30 1 0 11 0 45 15 0 0 0 0 0 0 0 0 0 0 0 0 0 0 0 0 0 0 0 0 0 0 0 0 0 0 0 0 0 0 0 1 9 0 0 0 0 0 0 9 0 0 0 1 0 3 0 0 0 0 0 0 0 1 0 0 0 0 0 0 29 0 0 0 0 0 17 61 0 3 9 0 26 29 28 13 1 0 0 1 0 0 0 0 0 0 0 0 0 0 0 0 2 0 0 0 0 0 0 0 0 0 0 0 0 0 0 0 0 0 0 0 0 0 0 0 0 0 0 0 0 0 0 0 0 0 0 0 0 0 0 0 0 0 5 0 0 0 1 0 0 0 0 0 0 0 0 0 0 0 2 0 0 0 0 0 0 0 0 0 0 0 0 1 0 0 0 0 0 0 
 0 0 0 0 0 0 0 0 0 0 0 63 0 0 0 6 0 6 0 0 0 0 2 2 0 0 0 3 0 0 0 0 2 0 0 0 21 3 0 0 0 103 101 58 255 194 551 356 204 42 30 40 76 182 290 59 25 39 28 170 0 0 0 0 6 0 0 0 5 4 0 0 1 0 0 0 0 1 12 0 0 0 0 0 0 0 0 0 0 0 0 0 0 0 13 0 0 0 0 0 0 0 0 0 0 0 0 0 0 0 0 0 0 0 0 0 0 0 0 0 17 40 10 9 0 8 0 39 41 0 0 8 0 19 63 28 12 30 0 0 15 5 0 0 0 0 8 3 0 0 0 0 4 1 0 0 0 0 12 12 0 0 0 0 0 0 0 0 0 0 0 0 0 32 0 0 0 0 0 0 0 0 0 0 0 0 0 0 0 0 0 0 0 0 0 0 0 0 10 0 19 12 28 14 0 0 0 10 12 17 27 1 0 72 62 29 30 0 0 0 3 0 0 0 0 0 9 0 0 0 0 0 11 4 0 0 0 0 5 0 0 0 0 0 0 0 0 0 0 0 0 0 0 0 0 0 0 0 0 0 0 0 1 0 0 0 0 0 0 0 0 0 0 0 0 0 0 0 0 0 0 0 0 0 0 0 0 0 2 0 
 6 1 0 3 0 1 0 0 0 4 10 5 0 0 0 0 0 5 0 0 0 0 0 0 6 0 0 0 0 0 0 1 0 0 0 0 0 0 0 0 103 0 479 65 254 27 289 534 264 34 37 51 85 49 316 453 90 29 63 36 0 0 0 0 0 0 6 0 0 0 3 0 0 0 0 0 0 0 0 0 0 0 0 41 2 0 0 0 0 3 6 9 0 0 0 6 0 0 0 0 0 0 3 0 1 0 0 0 0 2 0 0 0 0 0 0 0 0 5 2 0 0 45 15 13 0 11 0 29 21 22 23 0 0 21 0 17 38 0 12 0 0 0 0 0 0 0 0 0 0 0 0 1 0 0 0 0 0 0 0 0 0 0 81 3 1 0 0 0 0 2 2 3 0 0 0 0 3 0 0 0 0 0 0 0 0 1 0 0 0 0 0 0 0 0 0 0 0 0 1 0 0 27 17 12 15 0 0 41 25 32 9 0 0 7 6 10 45 0 0 0 0 0 0 0 0 0 0 0 0 5 0 0 0 0 0 0 0 2 0 0 0 0 0 0 0 3 0 0 29 0 5 0 2 0 0 0 0 0 9 0 0 4 0 0 77 0 0 0 0 17 0 0 0 0 0 0 0 0 0 0 0 0 0 0 10 0 0 0 0 
 0 0 0 21 5 0 0 0 0 0 6 11 0 0 0 0 0 0 0 0 202 0 0 0 54 0 0 4 0 0 0 0 0 0 0 0 0 0 0 0 101 479 0 216 59 40 67 127 332 446 119 238 87 54 280 131 230 175 38 54 0 0 0 0 0 0 17 0 0 0 0 0 0 0 0 0 0 0 0 0 0 0 0 0 0 0 0 0 0 0 0 5 2 0 0 0 0 0 0 0 0 0 0 0 0 0 0 0 0 0 0 0 0 0 0 0 0 0 8 3 0 0 41 8 10 0 0 36 0 19 30 19 0 0 1 0 13 0 0 0 0 0 0 0 0 0 0 5 0 0 0 0 3 0 0 0 14 0 0 0 0 5 0 0 9 4 0 20 13 0 0 0 0 0 0 0 0 11 0 0 0 0 0 0 0 0 1 0 0 0 0 0 0 0 0 0 0 0 15 0 0 0 21 3 37 2 0 0 12 18 26 13 0 0 0 18 0 10 0 0 0 0 0 30 0 0 0 0 0 0 0 0 0 0 0 0 0 0 11 0 0 0 0 0 0 0 6 0 0 0 0 8 0 2 0 0 0 0 0 12 1 0 84 1 0 10 2 2 0 6 30 0 0 0 0 0 0 0 0 0 0 0 0 0 11 8 0 0 0 0 
 0 0 0 0 0 0 4 0 0 3 0 21 0 0 0 6 0 0 0 0 4 6 0 0 64 0 0 0 0 0 0 0 2 0 0 2 0 2 0 0 58 65 216 0 83 31 103 101 88 519 196 268 95 65 89 53 177 236 103 52 0 0 11 2 0 0 0 0 0 0 0 0 0 0 0 0 1 0 1 0 0 0 0 21 0 0 0 0 0 0 0 0 0 0 13 12 0 0 0 0 0 0 0 0 0 0 0 0 0 0 0 0 0 0 0 0 0 0 0 0 0 0 0 19 21 30 0 10 0 14 10 27 0 0 0 0 0 0 0 0 9 0 0 0 0 0 0 8 0 0 0 0 12 0 0 0 0 0 18 1 0 0 0 0 0 0 0 0 0 13 0 0 0 0 0 0 0 0 0 0 0 0 0 0 0 0 0 0 0 0 0 0 0 0 0 0 0 0 0 0 0 0 0 16 40 43 0 1 0 0 0 25 0 0 0 0 0 0 0 0 0 0 0 0 0 0 1 0 0 0 0 0 20 15 1 0 0 0 15 17 0 0 30 0 0 0 0 0 0 0 0 12 0 0 0 0 0 0 1 1 0 27 12 7 0 3 0 13 1 0 0 0 0 0 0 0 0 0 0 0 0 0 0 0 20 0 0 0 2 0 
 7 3 3 8 26 4 3 3 3 5 10 9 3 3 3 3 3 8 3 3 0 0 0 1 7 0 0 0 0 0 1 0 0 0 0 0 2 0 0 0 255 254 59 83 0 257 60 83 75 85 69 339 70 43 59 88 67 46 68 37 0 0 5 0 0 0 0 0 82 0 53 0 0 48 0 0 0 0 1 24 0 0 0 0 7 0 0 0 0 0 0 8 0 0 0 0 0 0 0 0 0 1 0 0 0 0 0 0 0 0 0 0 0 1 0 0 0 0 8 2 0 0 0 0 19 22 1 0 0 0 0 0 0 0 0 0 0 0 0 0 6 0 0 0 0 0 8 9 0 0 0 0 35 8 0 0 0 0 23 14 0 0 0 10 10 2 0 0 0 0 0 0 0 0 0 0 0 5 0 0 0 0 0 0 0 0 1 0 0 0 0 0 1 0 0 0 0 0 9 1 0 0 0 1 0 16 0 0 0 0 0 13 0 0 0 0 0 0 6 0 7 0 0 0 0 0 10 1 0 0 0 0 9 7 10 0 0 0 9 11 0 0 1 0 0 0 13 0 0 0 0 6 0 1 0 0 0 0 0 1 0 0 3 1 0 4 3 4 2 0 0 0 0 0 0 0 0 0 0 0 0 1 0 0 0 0 0 0 1 0 
 0 1 0 0 0 0 3 0 0 0 0 0 1 4 0 0 0 0 0 0 0 0 0 0 0 0 0 0 0 0 0 0 2 0 0 0 2 3 0 0 194 27 40 31 257 0 241 28 252 49 53 51 36 59 484 71 260 137 51 259 1 4 11 0 0 0 1 0 4 3 0 0 0 50 0 4 6 9 105 0 0 0 0 16 0 0 0 0 0 0 0 0 0 0 8 0 0 0 0 0 0 0 0 0 0 0 0 0 0 0 1 0 0 0 0 0 0 0 0 0 14 0 0 0 0 0 0 0 0 0 0 0 0 0 0 0 0 0 0 0 13 0 0 2 3 0 3 19 0 0 2 2 6 7 0 2 0 3 18 23 0 0 0 0 0 0 0 0 0 0 0 0 0 0 0 0 0 0 0 0 0 0 0 0 0 0 0 0 0 0 0 0 0 0 0 0 0 0 0 0 0 0 0 0 0 21 0 0 0 0 0 0 0 0 0 0 0 0 20 0 2 0 3 4 0 0 40 18 1 6 5 0 14 40 3 0 0 2 20 11 0 0 0 0 0 0 0 0 0 0 0 8 0 0 0 0 0 2 0 1 0 0 0 0 1 4 6 0 0 0 2 0 0 0 2 1 0 0 0 0 0 0 0 0 0 0 0 0 2 0 
 4 0 0 63 0 0 0 0 0 6 0 0 0 0 0 0 0 6 0 0 0 7 2 0 6 1 0 3 1 0 9 3 1 0 0 0 3 0 0 0 551 289 67 103 60 241 0 129 270 32 73 43 337 530 55 33 21 256 51 463 0 0 3 0 0 24 0 0 0 0 0 3 6 0 0 0 2 0 0 0 0 0 0 0 0 0 0 0 0 0 0 0 0 0 0 0 0 0 0 0 0 0 0 0 0 0 0 0 0 0 0 0 0 0 0 0 0 0 0 0 22 32 0 1 0 0 0 31 5 0 0 9 0 20 23 37 11 0 1 14 0 6 0 0 0 0 0 0 0 0 0 0 0 2 0 0 0 0 0 0 0 0 0 0 0 0 0 0 0 0 0 0 0 0 0 0 0 2 0 0 0 0 0 0 0 0 0 0 0 0 0 0 0 0 0 0 0 0 0 0 20 27 11 0 0 0 18 22 0 10 0 0 0 20 34 17 14 0 29 1 0 0 0 0 0 0 0 0 0 0 0 0 0 0 0 0 0 0 0 0 0 0 0 0 0 0 0 0 0 0 0 10 0 0 0 0 2 0 0 0 0 0 0 0 0 2 2 0 0 0 0 0 0 0 0 0 0 2 0 0 0 0 0 0 0 0 0 0 0 0 
 0 35 0 0 0 0 0 0 0 0 0 0 0 0 64 0 0 0 0 1 0 0 0 0 5 0 0 0 2 0 0 0 1 0 27 0 0 0 0 0 356 534 127 101 83 28 129 0 170 52 63 50 310 359 181 291 37 30 274 57 2 0 0 0 0 0 0 2 0 2 0 26 10 0 0 0 0 0 0 0 0 0 0 0 0 0 0 0 0 0 0 0 0 0 0 0 0 0 0 0 0 0 0 0 0 0 0 0 0 0 0 0 0 0 0 0 0 0 9 0 10 0 22 19 7 0 0 1 32 30 4 16 0 18 41 8 12 48 12 0 0 0 0 6 0 0 0 0 0 0 6 0 0 0 0 0 0 0 0 0 0 0 14 0 0 0 0 0 0 0 0 0 0 0 0 0 0 0 0 13 0 0 0 9 0 0 0 0 0 0 0 0 0 0 0 0 0 0 0 0 9 2 33 20 0 0 0 7 17 59 28 17 0 2 23 32 34 1 0 0 0 0 0 0 0 0 0 0 0 0 0 0 0 0 0 0 0 0 0 0 0 0 0 0 0 0 0 0 0 0 0 8 0 0 1 0 0 0 0 0 0 0 2 0 0 16 2 0 0 0 0 0 0 0 0 0 0 0 0 0 0 0 0 0 0 0 0 0 0 0 
 0 0 0 0 0 0 1 0 0 0 0 0 5 0 0 3 0 0 0 0 0 0 0 1 5 2 0 0 0 0 0 0 19 0 0 0 2 2 0 0 204 264 332 88 75 252 270 170 0 222 31 56 87 74 185 205 155 163 81 271 0 0 0 0 0 0 4 8 0 0 0 0 0 0 0 0 0 0 0 0 0 0 0 0 0 0 0 0 0 0 0 0 0 0 0 0 0 0 0 0 0 0 0 0 0 0 0 0 0 0 0 0 0 0 0 0 0 0 0 0 0 0 19 16 17 0 0 0 11 65 30 33 0 1 0 0 11 23 0 0 0 0 0 0 0 0 0 20 0 0 0 0 0 0 0 0 0 0 0 0 0 0 0 0 0 0 0 0 0 0 19 0 0 0 0 0 0 0 0 0 0 0 0 0 0 0 0 0 0 0 0 0 0 0 0 0 0 0 0 0 0 1 12 12 55 0 0 0 36 54 39 21 0 0 0 4 1 26 0 0 0 0 0 0 0 0 0 0 0 0 0 0 5 0 0 0 0 0 2 0 0 0 0 0 0 0 0 0 0 0 0 4 0 1 0 0 0 0 0 6 0 0 1 9 0 12 1 0 0 0 8 0 0 0 0 0 0 0 0 0 0 0 0 0 0 10 0 0 0 0 
 3 3 3 4 3 3 3 3 3 5 3 3 3 3 3 6 3 3 3 3 0 0 0 0 0 0 0 0 0 0 0 0 0 0 6 0 0 4 0 0 42 34 446 519 85 49 32 52 222 0 271 490 89 77 90 224 347 314 63 61 0 5 16 2 0 0 5 9 12 4 0 0 0 7 0 6 4 4 0 0 0 0 0 0 0 0 0 0 0 0 0 0 0 0 0 0 0 0 0 0 0 0 0 0 0 0 0 25 0 0 0 0 0 0 0 0 0 0 0 7 0 0 19 27 13 8 0 0 0 2 29 30 0 0 1 0 0 0 0 1 0 0 0 2 7 0 0 8 0 0 2 37 14 0 0 0 0 5 0 0 0 0 0 10 0 0 0 0 0 19 0 0 0 1 0 4 0 0 0 0 0 0 0 0 0 0 0 0 0 0 0 0 0 0 0 0 0 0 0 0 0 0 0 21 58 22 0 0 14 0 19 16 0 0 0 0 0 34 0 0 0 0 4 5 0 0 0 0 0 33 17 3 15 0 0 0 0 2 22 0 0 0 57 0 0 0 0 0 0 0 0 6 0 1 0 0 0 0 0 12 0 0 64 63 0 4 19 68 2 0 16 0 0 0 0 0 0 0 0 0 0 0 0 0 19 8 0 0 0 0 
 0 0 0 0 0 0 2 0 0 0 0 0 0 2 0 0 0 0 0 0 0 0 0 0 6 0 0 0 0 1 7 1 2 0 0 0 4 2 0 0 30 37 119 196 69 53 73 63 31 271 0 265 37 40 58 76 206 258 248 41 0 0 0 0 53 0 0 0 56 0 0 0 0 1 0 0 0 0 1 0 0 0 0 0 0 0 0 0 0 0 0 0 0 0 0 0 0 0 0 0 0 0 0 0 0 0 0 0 0 0 0 0 0 0 0 0 0 0 0 0 0 5 1 11 11 20 0 0 0 14 11 11 0 10 0 0 0 0 0 0 4 0 0 0 0 0 0 6 0 0 0 0 3 0 0 0 0 0 9 1 0 0 0 0 0 11 0 0 0 0 0 0 0 0 0 0 0 0 0 0 0 0 0 0 0 0 0 0 0 0 0 0 0 0 0 0 0 0 0 0 0 0 0 8 34 25 0 0 0 0 0 24 0 0 0 0 0 0 0 0 0 0 0 0 0 0 0 0 0 0 0 0 19 0 0 8 0 0 9 25 0 0 6 0 0 0 0 0 0 0 0 3 0 0 0 0 0 0 0 1 0 26 35 7 0 0 0 31 0 0 0 0 0 0 0 0 0 0 0 0 0 0 0 0 4 0 0 0 2 0 
 0 0 0 0 1 0 1 0 0 0 0 0 0 2 0 0 0 0 0 0 0 0 4 0 5 83 0 0 0 0 0 1 2 0 0 0 0 3 0 0 40 51 238 268 339 51 43 50 56 490 265 0 57 49 44 37 139 75 47 36 3 0 11 0 1 0 0 0 0 0 0 0 3 51 3 0 0 49 2 0 0 0 20 0 0 0 0 0 0 0 0 0 0 0 0 0 0 0 0 0 15 0 0 0 13 0 0 0 0 0 0 0 0 0 0 0 0 0 0 0 6 7 0 0 6 36 7 0 1 3 0 9 4 3 0 0 0 0 6 3 3 0 0 0 0 0 2 1 0 0 0 0 8 0 0 0 0 0 51 17 0 0 12 0 0 0 0 0 0 0 0 0 0 27 0 0 0 0 0 0 0 0 0 0 0 3 0 0 0 20 0 0 0 0 0 11 0 0 0 0 0 0 0 17 0 64 6 0 0 0 0 13 7 9 1 0 0 0 0 5 0 0 0 0 0 1 0 0 0 0 0 0 16 2 0 0 0 0 28 14 0 0 69 0 0 0 0 0 0 0 0 6 0 0 0 0 0 0 0 0 0 1 84 76 2 2 0 70 0 0 0 0 52 0 0 0 0 0 0 0 0 3 0 0 12 0 0 0 2 0 
 9 3 3 4 3 3 5 3 3 3 3 3 3 3 3 3 32 3 3 3 3 3 3 3 9 3 66 3 3 3 3 3 3 3 3 3 3 3 3 3 76 85 87 95 70 36 337 310 87 89 37 57 0 68 32 55 20 265 327 214 1 5 8 0 0 0 1 9 6 2 0 48 6 0 4 8 63 51 0 0 0 0 0 0 0 0 0 0 0 0 0 0 0 0 0 0 0 0 0 0 0 0 22 0 0 0 0 0 2 0 0 0 0 0 0 0 0 0 0 0 46 55 1 0 0 0 22 53 21 0 0 0 14 3 1 38 27 0 11 24 0 9 0 7 4 0 0 0 0 20 4 5 0 7 0 12 0 12 0 0 0 0 0 0 0 0 0 0 0 0 0 0 0 0 0 0 0 12 0 0 0 0 0 0 0 0 0 5 0 0 0 0 0 0 0 0 0 0 0 0 24 17 0 0 0 0 36 17 0 1 0 0 0 62 27 41 7 0 12 24 0 0 7 7 0 0 0 0 5 11 9 9 0 0 0 0 1 18 0 0 0 0 0 0 0 0 0 0 0 0 0 5 0 2 0 0 0 0 0 2 0 0 0 0 2 0 2 0 0 0 4 0 0 0 0 0 0 0 0 0 0 0 0 0 0 0 0 0 0 0 
 0 0 0 0 0 0 0 0 0 2 0 0 0 0 0 4 0 0 0 0 2 4 0 0 3 1 0 0 0 0 0 0 2 0 0 0 0 2 199 0 182 49 54 65 43 59 530 359 74 77 40 49 68 0 552 60 39 40 296 243 0 0 0 0 0 0 2 0 5 0 0 0 10 0 0 0 0 0 10 0 0 0 0 0 0 0 0 0 0 0 0 0 0 0 0 0 0 0 0 0 0 0 0 0 0 0 0 0 0 0 0 0 0 0 0 0 0 0 0 0 10 44 10 18 0 10 1 30 34 0 0 13 0 25 23 48 13 24 0 1 17 7 3 0 0 0 10 6 0 0 0 0 15 6 5 0 1 0 9 47 0 0 0 0 0 0 0 0 0 0 12 0 0 0 0 0 0 0 0 0 0 0 0 0 0 0 0 0 0 0 0 0 0 0 0 0 0 0 0 0 11 7 19 16 0 0 0 20 15 13 10 0 0 22 31 22 28 0 0 0 13 6 0 0 0 0 9 2 0 0 0 0 0 8 3 1 0 0 6 4 0 0 0 0 0 0 0 0 0 0 0 3 0 0 0 0 0 0 0 0 0 0 0 0 0 2 1 0 0 0 0 0 0 0 0 0 0 0 0 0 0 0 0 0 0 1 0 0 2 0 
 2 3 2 3 2 2 6 3 3 2 2 4 3 3 3 4 2 3 3 3 0 0 0 0 0 0 0 0 0 0 0 0 1 0 0 0 0 2 0 0 290 316 280 89 59 484 55 181 185 90 58 44 32 552 0 382 54 43 69 88 0 0 0 0 0 10 7 0 0 0 0 0 7 0 0 0 0 0 0 0 0 0 0 0 0 0 0 0 0 0 0 0 0 0 0 0 0 0 0 0 0 0 0 0 0 18 0 0 0 0 0 0 0 0 1 0 0 0 0 0 0 0 44 3 7 0 0 9 13 17 1 14 0 13 21 7 15 29 0 1 0 0 0 0 0 0 0 0 0 0 0 0 0 0 0 11 0 0 0 0 0 0 0 0 0 0 0 0 0 0 0 0 0 0 0 0 0 1 0 0 0 0 0 0 0 0 0 0 0 0 0 0 0 0 0 0 12 0 0 0 1 1 40 10 1 0 0 7 18 39 33 7 0 0 19 19 23 1 0 0 1 0 0 0 0 0 0 0 18 0 5 0 0 0 0 0 0 0 0 0 0 0 0 0 0 0 0 0 0 0 0 11 0 0 0 0 0 0 0 3 0 0 0 0 1 23 0 0 3 0 0 0 0 0 0 0 0 0 0 0 0 0 0 0 0 0 0 0 0 0 
 0 0 0 0 0 0 4 1 0 1 0 0 0 2 0 2 0 0 0 0 0 0 0 0 0 0 0 0 0 0 0 0 1 0 0 0 0 0 0 0 59 453 131 53 88 71 33 291 205 224 76 37 55 60 382 0 275 222 39 259 0 0 0 0 0 24 4 0 0 0 0 0 0 0 0 0 51 0 0 0 0 0 0 0 0 0 0 0 0 10 0 0 0 0 0 5 0 23 0 0 0 0 0 0 0 0 0 0 2 0 0 0 0 0 0 9 0 0 0 0 0 1 29 8 19 0 0 0 14 26 40 25 0 0 0 1 11 19 0 0 0 1 0 0 0 0 0 0 0 0 0 0 0 0 19 0 0 0 0 1 0 0 0 0 0 0 0 0 0 0 22 0 0 0 0 0 0 0 0 0 0 0 0 0 0 0 0 0 0 0 0 0 0 0 0 0 13 0 16 0 0 1 10 6 24 0 0 7 25 30 32 14 0 0 0 13 25 48 0 0 0 0 0 0 0 0 0 0 0 11 0 0 5 0 0 0 0 0 0 0 0 0 5 0 0 0 0 0 0 0 0 4 0 0 0 0 0 0 0 4 0 0 0 3 1 14 1 1 1 0 15 23 0 0 0 0 0 0 0 0 0 0 0 0 0 11 0 0 0 0 
 0 0 0 0 0 8 2 1 0 0 0 1 0 0 0 0 0 4 0 0 2 0 0 0 3 62 1 2 0 0 0 2 1 0 0 0 0 2 201 0 25 90 230 177 67 260 21 37 155 347 206 139 20 39 54 275 0 138 36 30 0 0 0 0 0 0 5 0 0 0 0 0 0 0 0 0 0 0 0 0 0 0 0 0 0 0 0 0 0 0 0 0 0 0 0 0 0 0 0 0 0 0 0 0 0 0 0 0 0 0 0 0 0 0 0 0 0 0 0 0 0 10 20 27 9 0 0 10 10 27 30 20 0 0 24 8 12 21 0 14 0 0 0 0 0 0 0 20 0 0 0 0 10 0 0 0 0 14 1 0 0 0 0 0 0 0 0 0 0 0 0 0 0 0 0 0 0 0 0 0 0 0 0 0 0 0 0 0 0 0 0 0 0 0 0 0 0 0 0 0 8 5 1 57 83 29 0 12 45 34 36 32 0 0 7 0 5 21 0 0 0 0 12 0 0 9 0 0 0 0 0 0 18 0 0 0 0 0 3 0 0 0 19 0 0 0 0 0 0 0 0 10 0 0 0 0 0 1 0 11 0 1 0 64 0 2 2 62 2 0 13 0 0 0 0 0 0 0 0 0 0 1 0 0 0 18 0 0 1 0 
 0 0 0 0 0 0 0 0 0 0 0 0 0 2 0 0 0 1 0 0 0 2 0 0 0 0 0 0 75 0 0 0 2 0 1 2 2 0 0 0 39 29 175 236 46 137 256 30 163 314 258 75 265 40 43 222 138 0 41 29 0 0 0 0 0 0 5 0 0 49 0 0 2 0 0 0 0 0 2 0 0 0 0 0 0 8 0 0 0 0 0 0 0 0 0 0 0 0 0 0 0 0 0 0 0 21 0 0 0 0 0 0 0 0 0 0 0 0 0 0 0 0 11 12 8 3 0 0 1 5 23 30 0 0 0 0 0 1 0 0 6 1 0 0 0 0 5 11 0 0 0 0 16 5 1 0 0 0 5 6 0 0 0 0 0 0 0 0 0 0 0 0 0 7 0 0 0 0 0 0 0 0 0 0 0 0 0 0 0 0 0 0 0 0 0 0 0 0 0 0 0 0 0 15 50 22 0 0 25 0 11 5 0 0 0 0 0 21 0 0 7 0 0 0 0 0 8 0 0 0 0 0 18 5 0 0 0 0 21 1 0 0 19 0 0 0 0 0 0 0 0 10 0 0 0 0 0 0 0 22 0 0 64 63 0 3 6 61 2 0 59 0 0 0 0 0 0 0 0 0 0 0 0 0 11 27 0 0 2 0 
 0 0 0 0 0 0 1 0 0 0 0 0 0 0 0 0 0 0 0 0 3 3 3 3 39 222 3 3 3 3 212 3 3 3 3 3 6 123 3 3 28 63 38 103 68 51 51 274 81 63 248 47 327 296 69 39 36 41 0 234 0 0 0 3 0 0 0 0 0 1 2 0 1 0 0 0 0 6 0 0 0 0 0 0 0 0 0 0 0 0 0 0 0 0 0 0 0 0 0 0 0 0 6 0 1 13 0 0 0 0 0 0 0 0 0 0 0 0 0 0 38 13 0 0 0 0 34 4 17 0 0 0 25 17 0 3 1 0 23 47 0 28 0 0 0 0 0 0 0 0 0 0 0 5 0 0 0 0 0 0 0 0 0 0 0 0 0 0 0 0 0 0 0 10 0 0 0 5 6 0 0 0 0 0 0 11 0 0 0 0 0 0 0 0 0 0 0 0 0 0 33 20 22 0 0 0 34 8 3 18 0 0 20 17 50 0 3 0 4 36 0 0 0 0 0 0 0 0 0 0 0 18 0 0 0 0 0 0 0 0 0 0 0 0 0 0 0 0 0 0 0 7 0 2 0 0 0 0 0 1 0 0 2 0 0 2 1 0 0 0 0 0 0 0 0 0 0 0 0 0 0 0 0 0 0 0 0 0 0 0 
 0 0 3 0 0 62 4 0 0 0 0 2 0 0 1 0 0 63 0 0 2 3 4 3 6 3 4 4 4 29 18 2 66 3 5 2 6 3 61 2 170 36 54 52 37 259 463 57 271 61 41 36 214 243 88 259 30 29 234 0 0 0 0 0 0 0 0 0 0 0 0 0 3 0 0 0 0 0 14 0 0 0 0 0 0 0 0 0 0 0 0 0 0 0 0 0 0 0 0 0 8 0 0 0 0 0 12 0 0 0 0 0 8 0 0 0 0 0 0 0 28 36 0 3 0 8 3 32 4 0 0 0 1 11 1 89 15 0 6 9 0 4 0 0 0 0 0 9 0 0 0 0 0 3 0 0 0 0 0 0 0 0 0 0 0 0 0 0 0 0 0 0 0 0 0 0 0 2 0 0 0 0 0 0 0 0 10 0 0 0 0 0 11 0 0 0 0 0 0 6 33 27 2 1 0 0 18 13 0 11 0 0 0 22 16 51 2 10 35 12 0 0 0 0 0 0 0 0 0 0 0 0 0 0 0 0 0 0 0 0 0 0 0 0 0 0 0 0 0 0 0 3 65 0 0 0 0 0 1 0 0 0 1 0 0 0 2 0 0 0 0 0 0 0 0 0 0 0 0 0 0 0 0 0 0 0 0 0 0 0 
 0 5 10 0 0 0 4 0 11 5 0 0 0 0 0 4 8 10 0 6 0 0 0 0 0 0 0 0 0 0 0 0 0 0 0 0 0 2 0 0 0 0 0 0 0 1 0 2 0 0 0 3 1 0 0 0 0 0 0 0 0 58 99 252 43 44 265 273 274 36 259 33 67 118 448 56 37 46 50 200 0 8 7 0 1 0 0 0 0 17 2 0 0 0 0 0 8 29 0 0 0 0 0 0 0 0 0 0 0 0 0 0 0 0 0 2 0 0 0 0 15 0 0 0 0 0 0 0 0 0 0 0 0 0 0 0 0 0 0 0 0 0 27 7 0 7 0 0 33 14 0 11 0 0 0 9 29 2 0 0 0 9 21 5 0 0 0 0 5 2 4 0 7 0 0 3 0 4 0 0 0 0 0 0 0 0 0 0 0 0 0 0 0 0 0 0 0 0 0 0 0 0 0 0 0 4 0 0 0 0 0 0 0 0 0 0 0 0 0 0 29 78 20 0 0 0 0 9 30 4 0 17 0 0 28 69 41 10 0 8 1 0 0 0 0 0 0 0 0 0 0 0 9 0 4 0 0 0 0 0 0 0 0 0 0 0 0 0 0 0 4 0 0 2 0 10 0 0 0 0 0 0 0 0 0 0 0 0 0 0 
 0 0 0 0 0 0 0 0 0 0 0 0 0 0 0 3 0 0 0 0 0 0 0 2 4 0 0 0 0 0 0 0 0 0 0 0 0 0 0 0 0 0 0 0 0 4 0 0 0 5 0 0 5 0 0 0 0 0 0 0 58 0 273 47 29 44 82 269 178 43 35 247 48 60 249 171 424 23 232 40 0 0 0 0 0 0 0 0 0 0 0 0 49 0 0 0 0 0 0 0 0 0 0 0 0 0 0 0 0 0 0 0 0 0 0 0 0 0 0 0 0 0 0 0 0 0 0 0 0 0 0 0 0 0 0 0 0 0 0 0 0 0 0 26 23 6 0 0 18 8 45 36 0 0 0 12 1 21 0 0 0 0 4 0 0 0 0 0 8 5 0 0 0 0 0 8 0 0 0 0 0 0 0 0 0 0 0 0 0 0 0 0 0 0 0 0 0 0 0 0 0 0 12 0 0 0 0 0 0 0 0 0 0 0 0 0 0 0 0 0 1 8 29 48 15 0 0 0 18 25 32 15 0 0 21 0 17 20 0 0 6 0 0 0 0 0 0 0 0 0 0 0 0 0 10 0 21 0 0 0 0 0 0 0 0 0 0 0 0 0 20 0 0 11 0 2 0 0 0 0 0 0 0 0 0 0 0 0 0 0 
