 0 43.2 20.6 23.200000000000003 37 42.6 22.6 24 47 59 40.400000000000006 38.400000000000006 32.800000000000004 57.6 19 47.2 44.400000000000006 22.6 68.60000000000001 11.4 0 0 0.4 0.6000000000000001 0 0 0 0.2 0 0 0.6000000000000001 0 0 0 0.4 0 0 0 0.4 0 0 0.6000000000000001 0.6000000000000001 0.6000000000000001 0 0.4 0 0 0 0.8 0.6000000000000001 0.2 0.4 0.6000000000000001 0 0.6000000000000001 0 0.6000000000000001 0 0 0 0 0 0.4 0 0 0 0 0 0 0 0 0 0 0.2 0 0 0 0.6000000000000001 0.4 3.4000000000000004 4.2 1.6 3.2 6.6000000000000005 7.4 0 7.6000000000000005 10.4 4.2 0 4.2 3.8000000000000003 0.6000000000000001 8.8 2.4000000000000004 8 2.4000000000000004 0 0 0 0 0 0 0 0 0.4 0 0 0 0 0 0.2 0 0.2 0 0 0 0 0.2 0 0 0 2 0 0 0 0 0 0 0 0 0 0 0 0 0 3 0.4 0 0 0.2 0.4 0 0 0 0 0 0 0 0 0 0.2 0 0 0 4.2 0 0 1 3.8000000000000003 6.4 3.4000000000000004 0 1 0 6 4.4 2.8000000000000003 4.4 0.4 1.8 0 3.6 10.8 6.2 3.4000000000000004 6 0 2.6 0 0 0.4 3.4000000000000004 0 0 0 0 0 0 0 0 1.6 0 0.2 0 0 0 0.2 0.2 0 0.2 0 0 0 0.2 0 0 0 0 0 0 0 0 0 0 0 0 0 0 0 0 0 0 0 2.2 0 0 0 0 0 0 0 0 0 0 0 0 0 0 0 3.2 0 0 0 0.4 0 0 0.4 0 3.2 2.2 0 0 0.4 0 0 0 0 0 0 0 0 0 0 0 0 0 0 0 0 0 0 0 0 2.4000000000000004 14 0 0 0 0 0 0 0 0 0 0 0 0 0 
 43.2 0 37.4 42.2 17.6 27.6 33.6 13.8 47.6 9.200000000000001 45 23.200000000000003 6.800000000000001 12 55.400000000000006 5.4 27.6 42.6 7.4 26 0 0 12.8 0.6000000000000001 0 0 0 0 0 0 0.6000000000000001 0.2 0.2 0 0.4 0 0 0 14.8 0 0 0 0.6000000000000001 0.6000000000000001 0 0.4 0.6000000000000001 0.8 0 1.2000000000000002 0.6000000000000001 0 0.4 0.6000000000000001 0 0 0 0 0 0 0 0 0 0 0 0 0 0 0.4 0.4 0 0.2 0 0 0.6000000000000001 0 0 0 0.6000000000000001 0 0 2.8000000000000003 0 0 4.4 1.2000000000000002 2.6 0 4.2 6 0 0.2 0 3.8000000000000003 1.8 1.8 9.200000000000001 2.6 1.6 0 0 0 0 0 0.2 0 1.4000000000000001 0 0 0 0 0 0 0 0 0 0.2 0 2 0 0 0 0 0 0 0 0 0 0 0 0 0 0 0 0 0 0 0 0 0 0 0 0 0 1.4000000000000001 0 0 0 0 0 0 0 0 0 0 0 0 0 0 0 0 2.8000000000000003 0 1.6 2.2 0 1.2000000000000002 2 1.6 0.6000000000000001 10.200000000000001 5.6000000000000005 0 0 0.4 0 1.4000000000000001 5.800000000000001 0.2 0.2 2.4000000000000004 0 0 0 0 0 0.2 1.4000000000000001 0 0 0 0 2.6 3 0 0 0 0 0 0 0 0 0 0 0 0 0 0 0 0 0 0 0 0 0 0 0 0 0 0.4 0 0 0 14.200000000000001 0 0 0.4 0 0 0 0 0 0 0 0 0 0 0 0 0 0 0 0 0 0 0.4 0 0 0.6000000000000001 0 0.2 1.8 2 0 0 0 0 0 0 0 0 0 0 0 0 0 0 0 0 0 0 0 0 0 0 0 3.2 0 0 0 0 0 0 0 0 0.2 0 0 0 0 
 20.6 37.4 0 50.800000000000004 80.2 22.200000000000003 13.4 46.400000000000006 22.8 54 117.2 8.8 49.800000000000004 8.6 27.8 105.2 23.400000000000002 26.400000000000002 94.4 23.200000000000003 0 0 0 16.8 0 0 0 0 0 0 0.6000000000000001 0 0 0.4 0.4 0 0 0 0 0 0 0 0 0.6000000000000001 0 0.6000000000000001 0 0.4 0 0.4 0.6000000000000001 1 0.4 0.6000000000000001 0 0 0 0 0 0.4 0.6000000000000001 4.800000000000001 0 0.4 0 0 1.2000000000000002 0 0 0 0 0 0 0 0.2 0 0 0 1.8 0.4 2.4000000000000004 0.4 0 5.6000000000000005 0 3.2 2.2 0 3 2.6 0.2 0 4 3.2 0.6000000000000001 5.6000000000000005 5.6000000000000005 6 0 0 0.2 2.8000000000000003 0 0 0 0 4.6000000000000005 0 0 0 0 0 0 0 0 0 0 0 2 3.4000000000000004 0 0 0 0 0 0 0 2 0 0 0 0 0 0 0 0 0 0 0 0 0 0 0.2 0 0.4 0.4 4.2 0 0 0 0 0.2 0 0 0 0 2.6 0 0 1.2000000000000002 0 0.4 0 3.6 3.4000000000000004 5.2 4.4 4 2.2 0 7.2 0 0 1.4000000000000001 4.4 4.4 0 7.800000000000001 0 3 0 0 0 0 0 0 1.8 3 0 0 0 0 0 0 2.6 0 0 0 2 0 0 0 0 0 0 0 0 0 0 0 0 0 0 1.4000000000000001 0 0 0 0 0 0 0 0 0.2 0 0.4 0.4 3 0 0 0 0.2 0 0 0 0 0 0 0 0 0 0 0 0 0 0 0.2 0 0 0 0.4 0.6000000000000001 1.6 9.600000000000001 0 0 0 0 0 0 0 0.2 0 0 0 0 0 0 0 0 0 0 0 0 0 0 3 0 0 0 0 0 0 0 0 0 0 0 0 0 0 
 23.200000000000003 42.2 50.800000000000004 0 49 42.6 16 29.200000000000003 54.2 55.2 46.800000000000004 27 59.800000000000004 13.200000000000001 33.2 46 8.6 69.2 17.2 10.200000000000001 0 0 0 0.4 0 0 14.600000000000001 0 0 0 3 16.400000000000002 14.600000000000001 0 0.4 0 0 0 0 14.4 0 0 0 0.6000000000000001 0 0.4 0 0 0 1 0.6000000000000001 0.4 0.4 0.6000000000000001 0 0 0 0 0 0 0 0 0 0 0 0 0 0 0 0 0 0 0 0 0.6000000000000001 0 0 0 0.6000000000000001 0 1.2000000000000002 2 12.600000000000001 0 6 6.800000000000001 2.4000000000000004 5.6000000000000005 2 0 4.800000000000001 4.800000000000001 4.800000000000001 0.4 5.800000000000001 5.2 4.800000000000001 5.2 0 0 0.2 0 0 0 0 0 0 0 0 0 0 0 0 0 0 0 0 0 5 5.6000000000000005 0 0 0 0 0 0 0 0 1 0 0.4 0 0 0 0 0 0 0 0.8 0 0 0 0 0 0 0 0 0 0 0 0 0 0 0 0 0 0.6000000000000001 0 0 1 4 5.2 0 0 1.2000000000000002 4 2 0.8 0 2 3.6 2.2 0 0 2 7.800000000000001 6.2 0 0 2.4000000000000004 0 0 0 0 0 0 0 0 0 0 0 0 0 1.8 0 0 0 0 0 1 0 0 0 0 0 0 0 0 0 0 2.8000000000000003 0 0 0 0 0 0 0 0 0 0 0 0 0 0 0 0 0 0 0 0 0 0 0 0 0 0 4 0 0 0 0 0 0 0 0 0.4 0 0.2 0 2.8000000000000003 2.6 0 0 0 0 0 0 0 0 0 0 0 0 0 0 0 0 0 0 0 0 0 0 0 2 0 0 0 0 0 0 0 0 0 0 0 0 0 0 
 37 17.6 80.2 49 0 38.400000000000006 8.8 11.8 39 45 39 12 13.600000000000001 12.600000000000001 15.4 52.6 25.8 10.4 11 11.8 0 1.4000000000000001 0.4 0.8 1 1 0.6000000000000001 2.8000000000000003 0.4 1 1.4000000000000001 0.6000000000000001 1.2000000000000002 30.6 1.6 0.8 0 0 15.200000000000001 0 0.6000000000000001 0.6000000000000001 0.2 0.8 0 1.2000000000000002 0 0.2 0 1.4000000000000001 1.8 1.6 0.4 1 0 0.6000000000000001 0.6000000000000001 0 0.4 0 0 0 1.2000000000000002 1.4000000000000001 0.6000000000000001 0 0.4 0 1.4000000000000001 1 0 1.2000000000000002 0.4 0.4 1 2 0 2 0.6000000000000001 0.4 0 0 2.2 2.2 0 10.8 0 3 12.4 2.2 0.2 1.8 0 0 0 4.2 3.4000000000000004 0.8 0 0 3.4000000000000004 2.4000000000000004 0 0 0 0 3.2 0.4 0 2.6 0 0 2.6 0 1.4000000000000001 3.8000000000000003 0 0 1.2000000000000002 5.6000000000000005 0 0 0 0 0 0 0 0.4 0 0 0 0 3.2 0 0 0 0 0 0 0 0 0 0 0 0 0 0 0 9.200000000000001 0 0 6.2 0 0 0 0 0 0 0 0 0 0.4 0 4.800000000000001 3.6 5.6000000000000005 0 0 0 0.4 3 0 0 0 0.2 0 3 0.2 0 0 0 0 0 0 0 0 3.6 2.2 0 0 2.2 0 3 3.8000000000000003 4.800000000000001 0 0 0 0.6000000000000001 6 0 0 0 0 0 0 0 0 0 0 0 4.6000000000000005 0 0 0 0 0 0 0 1.4000000000000001 0 0 0 0 3.2 1.4000000000000001 2.2 0 0 0 0 0 0 0 0 0 3.6 0 0 0 0 0 0 0 0 0.8 1.8 0 0.2 20.200000000000003 2.2 1 0 0 0 0 0 0 0 0 0.2 0 0 0 0 0.2 0.2 0 0 0 0 0 0 0.6000000000000001 0 0 2.6 1.8 0 0 0 0 0 0 0 0 0 0 0 0 
 42.6 27.6 22.200000000000003 42.6 38.400000000000006 0 49.800000000000004 45.2 33.800000000000004 16 31.400000000000002 14.600000000000001 29.400000000000002 8.8 40.6 37 32.2 19.200000000000003 14.8 8.6 13 15 9.8 0.4 0 0 0.2 0.8 16.400000000000002 27.8 1 0.4 0 0.4 0.4 0.4 13 0 0 16.8 0 0 0 0.6000000000000001 0 0.4 0 0 0 0.6000000000000001 0.6000000000000001 0.6000000000000001 0.4 0.6000000000000001 0 0 0.4 0 0 0 0 0 0.2 0.2 0 0 0 0 0 0 0 0.2 0.2 0 0.6000000000000001 0 1.6 0 0.6000000000000001 0 0 0 2.4000000000000004 0 3.6 2.2 0 0 2.4000000000000004 0.8 0 7.2 0 3.4000000000000004 3.8000000000000003 6.6000000000000005 2 1.4000000000000001 0 0 4 1.8 0 0 0 0 2.2 6.6000000000000005 4.2 0 4.800000000000001 3.4000000000000004 0 0 0 0.4 3.6 4 0 2.6 0 0 0 0 0 0 0 0 0 0 0 0 0 0 0 0 0 0 0.4 0 0 0 0 0 0 0 0 0.2 0 0 0 0 0.2 0.2 0 0 0.4 0 0 0 3.8000000000000003 2.8000000000000003 0 1.6 4.2 0.2 7.2 2.6 5.6000000000000005 2.6 5.4 2.6 0 5.4 0.2 0 5.2 3.6 0 1.4000000000000001 5.2 0 0.4 0 0 0 3.8000000000000003 4 1.8 0 0 0 3.4000000000000004 4.6000000000000005 0 2 2 1.8 2.8000000000000003 0.2 0 0.2 0 0 0 0.2 0 6.2 0 0 0 0 0 0 0 0 0 0 0 0 0 0 0 0 0 0 0 0 0 0 0 0 0 0 0 0 0 0 0 0 0 0 0 0 0 0 0 0.2 0.8 0 2.2 0.4 0.2 0 0 0 0 0 0 0 0 1.8 0 0 0 0 0 0 0 0 0 0 0 0 0 0 0 0 0 0 0 0 0 0 0 0 0 0 0 0.2 
 22.6 33.6 13.4 16 8.8 49.800000000000004 0 41.2 22.8 4.6000000000000005 6.4 48 20.8 14 49 7.800000000000001 42 28.200000000000003 70.4 56.2 0.4 0 0.2 0.8 13.200000000000001 0.4 0.4 0 17.6 0.2 0.8 0.6000000000000001 0 0.4 0.6000000000000001 0 0 0 0 0.2 0 13 0 0.6000000000000001 0 0.6000000000000001 0 0.6000000000000001 0 0.4 0.6000000000000001 0 13 0.6000000000000001 0 0 0 0 0 0.4 0 0 0 0.6000000000000001 0 0 0 0 0 0 0 0 0 0 0 0 0 0 0.6000000000000001 2.2 0 6 0 3.4000000000000004 0 0 0 1.8 0.6000000000000001 0 0 0.4 0.2 4 2.2 4.800000000000001 2 2.8000000000000003 6.800000000000001 4.4 0 0 0 0 0.2 0 0 0 0 0 0 0 0 0 0 0 0 0 0 4.800000000000001 0 0 0 0 0 0 0 0 0 0 0 0 0 0 0 0 0 0 0 0 0 0 0 0 0 1 0 0 0 0 0 0 0 0 0 0 0 0 0 0 2 2.6 3.4000000000000004 3.4000000000000004 0.4 0 0 0.2 2.6 4.6000000000000005 0 0 0 0 3.8000000000000003 0.4 2.4000000000000004 0.2 0 14.200000000000001 0 0 0 0.2 0 0 0 0 0 0 0 0 0 0 0 0 0 0 0 0 0 0 0 0 0 0 0 0 0 0 0 0 0 0 0 0.4 0 0 0 0.4 0 0 0 0 0 0 0 3.2 0 0 0 0 0 0 0 0 0 0 0 0 0 0.4 0 0 0 0 0 0.4 20 0 0 1 0 0 0 0 0 0 0 0 0 0 0 0 0 0 0 0 0 0 0 0 0 0 0 3.2 0.8 0 0 0 0 0 0 0 0 0 0 0 0 0 
 24 13.8 46.400000000000006 29.200000000000003 11.8 45.2 41.2 0 17.8 26.400000000000002 38.800000000000004 10 19.200000000000003 34.2 15.200000000000001 26.400000000000002 71.4 9 15.4 10.8 0.6000000000000001 0 0 0.6000000000000001 0 0 0 0 0 0 0.6000000000000001 0 0 0 1.6 0.2 1 0 0.2 0 0.4 0 0 0.6000000000000001 0 0.6000000000000001 0 0 0 0.4 12.4 1.4000000000000001 0.4 0.8 0 0 0 0 0 0 0.4 0 0.2 0.6000000000000001 0 0 0 0 0 0 0 0 0 0 0 0 0.4 0 0.6000000000000001 1 2 3.6 2.6 6.6000000000000005 0 3.8000000000000003 0 5.4 3.8000000000000003 2.6 1 0 0 5 1.8 5.6000000000000005 0 9.8 5.2 2 0 0 0 0 0 0 3.2 0 0 0.2 0 0 0.2 0 0 0 0.2 0 0 3.2 0 0 0 0 0 0 0 0 0 0 0.4 0 0 0 0 0 0 0 0 0 1.4000000000000001 0 0 0 0 0 0 0 0 0 0 0 0 0 0 0 0.4 0.2 0.4 0 0 1.8 2 2 4.800000000000001 1.8 5 6 0.4 3.6 3.2 0 0.2 0.2 0.2 4.2 2 0 0 7.4 0 0 0 0 0 0 0 0 0 0 0 0 0.2 0 0 0 0 0 0 0 0 0.2 0 0 0 0 0 1.4000000000000001 0 0 0.2 0 0 0 0 0 0 0 0 0 0 0 0 0 0.4 0 0 0 0 0 1.6 0 0 0.2 0 0 0.2 0 0 0 0 0 2 0 0 0.4 0 0 0.2 0.2 0.4 0.8 0 0 0 0 0 0 0.2 0 0 0 0 0 0 0 0 0 0 0 0 0 0 0 0 3 1.8 0 0 0 0 0 0 0 0 0.2 0 0 0 0 
 47 47.6 22.8 54.2 39 33.800000000000004 22.8 17.8 0 71.60000000000001 75.2 9.200000000000001 33 15 39.800000000000004 121.4 41 21.400000000000002 37.2 25.400000000000002 0.2 0 0.4 1 0.2 0 0 0 0.6000000000000001 0 0.4 0 1.4000000000000001 0 0.6000000000000001 0 0 0 15 0.6000000000000001 0 0 0.4 1.2000000000000002 0 0.6000000000000001 0 0.8 0 0.4 1 0 0.4 0.6000000000000001 0 0.4 0 0 0.4 0.6000000000000001 0 0 0 1 0 0.4 0 0 0 0 0 0.4 0.4 0 0 0.6000000000000001 0 0 1.2000000000000002 0.6000000000000001 2 3.6 4.2 0 3.8000000000000003 3.8000000000000003 0 7 3.4000000000000004 0.4 2.4000000000000004 3 4.4 1.8 7 0 6.800000000000001 2.8000000000000003 1.2000000000000002 0 0 0 0 0 0 0 0 0 0 0 0 0 0.2 0 1.8 0 0.2 0 2.6 0.8 0 0 0 0 0 0 0 0 0 0 1 0 0 0 0 0 0 0 0 0 0 0 0 0 0 0 0 0 0 0 0 0.4 0 0 0 0 1.4000000000000001 0 0.4 1 0 4.2 0.2 0 2.6 0.2 2.2 9.8 0 4 1.2000000000000002 3.6 0 0 1.8 2.2 2.6 4.6000000000000005 0 2.8000000000000003 0 1.6 0 0 0 0 0 0 3.6 0 1 0 9.600000000000001 2.2 0.2 0 0 0 2 0.8 0 0 0 0 0 0 0 0.4 0 0 0 0 0 0 0 0 0 0 0 0 0 0 0 2.4000000000000004 0.4 0 0 0 0 0 0 1.8 0 0.2 0 0 0.2 0 0 0 0 0.2 0 0 0 0.4 0 0 0 0.4 3 1.2000000000000002 0 0 0.4 0 0 0 0 0 0 11.200000000000001 0 0 0 0 0 0 0 0 0 0 0 0 0 2.2 0.2 0 0 0 0 0 0 0 0 0.4 0 0 0 0 
 59 9.200000000000001 54 55.2 45 16 4.6000000000000005 26.400000000000002 71.60000000000001 0 49 31.200000000000003 17 31.400000000000002 20.200000000000003 80 25 25.6 61 13.4 1.6 0.4 0 0.6000000000000001 0 0 0.4 0 0 0 12 0.2 15.200000000000001 15.8 0.8 0.2 0 0 15 15 0 0 0 0.6000000000000001 0 0.4 0.2 0 0 1.8 0.6000000000000001 0.4 0.4 0.6000000000000001 0 0 0 0 0 0 0 0.2 0 0 0 0 0 0.2 0 0 0 9.600000000000001 0 0 0.6000000000000001 0 0.2 0 0.6000000000000001 0 1.6 2.6 4.6000000000000005 8.6 0 0 0 2.2 2.6 1.8 6 4 2.2 0 2.6 3.6 3.8000000000000003 1.6 0 0 9.200000000000001 2 0 0 0 0.4 3.2 0.8 0 5 0 0 0 3.2 0 0 0 0 5.2 0 0 0 0 0 0 0.4 0 1.2000000000000002 0 0 0 0 0 2.2 0.4 0 0.4 0 0 0 0 0 0 0 0 0 0 0 0 0.4 0 0 0 0 0 0 0.6000000000000001 0 0 0.6000000000000001 0 3.2 0 2.6 0 9.8 3 2.4000000000000004 0 3.4000000000000004 0 2 0.2 0 0 1.6 4.800000000000001 0.2 0.4 1.8 2.6 0 0.2 0 0 3.4000000000000004 3.4000000000000004 2.4000000000000004 0 0 2.6 0 2.8000000000000003 5 6.6000000000000005 0 0 0 0.8 3.6 0 0 0 0 0 0 0 0 0 0 0 0 0 0 0 0 0 0 0 0 0 0 0 0 0 0 2.6 0 0 0 0 0 0 0 0.4 0 2 0 0 0 0 0 0 0 0 0 17.6 0 0 17.8 2 3.6 0.2 0.2 0 0 0 0 0 0 0 0 2 0 0 0 0.2 0 0 0 0 0 0 0 0 2.2 3.4000000000000004 0 0 0 0 0 0 0 0 0 0 0 0 0 
 40.400000000000006 45 117.2 46.800000000000004 39 31.400000000000002 6.4 38.800000000000004 75.2 49 0 19.8 22.8 7.800000000000001 66.2 49 22.6 23.400000000000002 50.400000000000006 10.8 0 0 0 0.4 0 0 0.2 0 0 0 0.6000000000000001 0.4 0 15.8 0.4 0 0 0 15.200000000000001 4.2 0.4 0 0 0.6000000000000001 0 0.8 0 0 0 0.4 0.6000000000000001 0.6000000000000001 0.4 0.6000000000000001 0.4 0 0 0.2 0 0 0 0 0 0 0 0 0.8 0 0 0 0 0.2 0 0 0.6000000000000001 0 0 0 0.6000000000000001 0 0 0 4.6000000000000005 3 2 3.8000000000000003 2.6 2.6 1.8 6.2 2.8000000000000003 2 0 0 0 2.4000000000000004 6.2 0.2 0 0 12.200000000000001 3 0 0 0 0 2 0 0 0 0 0 0 0.8 0 0 0 0 1.4000000000000001 3.4000000000000004 0 0 0 0 0 0 0 3.8000000000000003 0 0 0 0 0 0 0 0 0 0 0 0 0 0 0 0 1 0 0 0 0 0 0 0 0 0 0 0 0 0 0 0 0 0.6000000000000001 0 2.6 0 6 0 0 4 3.8000000000000003 6.2 13 0 0 4.2 0 6.2 0.2 0 0 0 0 0 0 0 0 2.4000000000000004 7 0 0 2 0 0 10 3 0 0 0 1 3 0 0 0 0 0 0 0 0 0 0 0 0 0 0 0 0 0 0 0 0 0 0 0 0 0 0 8.4 0 0 0.2 0 0 0 0 0 0 1.8 0 0 0 0 0 0 0 0 0 0 0 0.2 17 2.4000000000000004 1.4000000000000001 0 0.4 0.2 0 0 0 0 0 0 0 0 0 0 0 0.2 0 0 0 0 0 0 0 0 0 2.6 0 0 0 0 0 0 0 4.4 0 0 0 0 0 
 38.400000000000006 23.200000000000003 8.8 27 12 14.600000000000001 48 10 9.200000000000001 31.200000000000003 19.8 0 6.2 6.6000000000000005 17.8 22.400000000000002 60.2 58 14.4 4 0 16.400000000000002 0 0.6000000000000001 0 0.2 13 5.2 18 0 0.6000000000000001 0 20 14.600000000000001 20 0 0 0 34.2 18.6 0 0 0 0.6000000000000001 0 0.4 0 0 0 0.4 0.6000000000000001 0.4 0.4 0.6000000000000001 0 0 0 0 0 0 5 0 0 0 0 0 0 0 0 0 0 0 0 0 0.6000000000000001 0 0.4 0 0.6000000000000001 0 1.8 0 2.8000000000000003 2.6 8.8 5 0.2 2 0 3.2 2.4000000000000004 9.200000000000001 0 0 0 0 2.2 0.2 0.4 0 8.200000000000001 0.6000000000000001 0 0 0 0 0.2 4.4 7.800000000000001 0 0 0.4 0 0.4 0 0 0 2 6.800000000000001 8.200000000000001 0 0 0 0 0 0 0 0 0 0 0 7.6000000000000005 0 0.4 0 0 0 0 0 0.2 0 4.4 0 0 0 0 0 0 0 0 0 0.4 0 0 0 0 0 0.2 0 0.2 0.4 1.8 0 0.2 3.6 4 0 0 4.2 0 5.6000000000000005 5.2 0 0 2 0.2 3.2 0.2 0 1.8 3.8000000000000003 0 5.4 0 0 0 4 0.2 0 0 3 0 1.6 1.6 0 0 7.800000000000001 0 0 6.6000000000000005 0 0 0 0 0.4 0 0 0 0 0 0 0 0 0 4 0 0 0 0 0 0 0 0.4 0.2 0 0 0 0 0 0 0 0 0 1.6 0 0 2.2 6.4 0 0 0 0 0 0 0 1.4000000000000001 0 0 0.8 17.400000000000002 0 3.2 0 0 0 0 0 0 0 0 0 0 0 0 0 0 1.4000000000000001 0 0 0 0 0 0 0 0 0.2 0 0 0 0 0 0 0 0 0 0 0 0 0 0 
 32.800000000000004 6.800000000000001 49.800000000000004 59.800000000000004 13.600000000000001 29.400000000000002 20.8 19.200000000000003 33 17 22.8 6.2 0 50 34.6 5.2 82.80000000000001 6.2 35.2 27 0.4 0 0.2 0.8 0.2 0 15.200000000000001 13.200000000000001 0 0 0.6000000000000001 0 0.4 0 0.4 0 0 0 0 0.8 0 0 0 13 0 0.4 1.2000000000000002 0 0 0.6000000000000001 13.600000000000001 0.4 0.4 0.6000000000000001 0 0 0 0 0 0 0 0 0 0 0 0 0.4 0 0 0 0.2 0.2 0 0 0.6000000000000001 0 2.4000000000000004 0 0.6000000000000001 0 7 4.2 0 0 0 0 2.4000000000000004 6.2 9.4 1.6 0 5.4 3.4000000000000004 0 6.2 2 2.8000000000000003 6.800000000000001 4.4 0 0 0 0 1.6 0 0 0.4 0 0 0 0 0 4 0 0 0 0 0 0 0 0 0 0 0 0 0 0 0 0 0 0.2 0 0 0 0 2.6 0 0 0.2 0 0 0 0 0 0 0 0 0 0 0 0 0 0 0 0 0 1.2000000000000002 0 0 0.8 0 3.4000000000000004 9.200000000000001 0.2 0.2 0 14.4 7.6000000000000005 9.8 5.800000000000001 0 0 2.2 7.800000000000001 4.2 9 0 3.8000000000000003 0 9.4 0 0 0 0 0 0 2.8000000000000003 0 0.2 0 0 0 0 0 0 0 0 0 0 0 0 0 0 0 0 3.2 0 0 0 0 0 0 0 0 0 0 0 0 0 0 0 0 0 0 0 0 0 0 0 0 0 0 0 0 0 0 0 0 0 0.2 0 3.4000000000000004 0 0 0 0.4 0 0.4 0 0 0 0.6000000000000001 0 0 0 0 0 0.4 0 0 0 0 0 0 0 0 0.2 0 0 0 0 0 0 0 0 0.4 0 0 0 0 0 0 0 0 0 0 0 0 0 0 
 57.6 12 8.6 13.200000000000001 12.600000000000001 8.8 14 34.2 15 31.400000000000002 7.800000000000001 6.6000000000000005 50 0 11.600000000000001 7.2 7 5.4 38 68 0.2 0 0 1 0 0.2 0 0 0 0 0.8 0 0 0 0.8 0 0 0 0 0.4 0 0 0 0.6000000000000001 0 0.6000000000000001 0 0 0 0.4 0.6000000000000001 0 0.4 0.6000000000000001 0 0 0 0 0 0 0 0 0 0.6000000000000001 0 0 0 0 0.4 0 0 0 0 0 0 0 4 9.200000000000001 0.6000000000000001 0.6000000000000001 10.200000000000001 3.6 0 0 0 0 0 2 0 0 0 0 2.2 6 5 7.4 0 0 0.4 2.4000000000000004 0 0 0 0 0 0 0 0 0 0 0 0.2 0.6000000000000001 0 0 0 0 0 0.4 0 0 0 0 0 0 0 0 0 0 0 0 2.8000000000000003 0 0 0 0 0 0 0 1.8 0 0 0 0 0 2 0 0 0 0 0 0 0 0 0 0.4 0 0.8 0 0 1.2000000000000002 4 6.800000000000001 0 0 0 0.2 0 0.8 4 0 0.4 3.4000000000000004 10 0 4.800000000000001 0 0 4.6000000000000005 1.2000000000000002 0 0 0 0 0 0 0 0 0 0 0 0 0.2 0.4 0 0 0 0 0 0 0 0 0 0 0.4 0 2.6 0 0 0 0 0 0 1.4000000000000001 0 0 0 0 0 0 0 0 0 0 0 0 0 0 0 0 0 0 0 0 3.6 0 0 0 0.4 0 0 0 0 0 0 0 0 0 0.4 0 0 1.4000000000000001 0 0.4 0 0 0 0 0 0 0 0 0 0 0 0 0 0 0 0 0 0 0 0 0 0 0 0 0 0 0 0 0 0 0 0 0 0 0 0 
 19 55.400000000000006 27.8 33.2 15.4 40.6 49 15.200000000000001 39.800000000000004 20.200000000000003 66.2 17.8 34.6 11.600000000000001 0 34.4 27.400000000000002 110.80000000000001 71 36 0.2 0 0.6000000000000001 1.4000000000000001 0.4 0.6000000000000001 1 0 0.2 0.6000000000000001 0.6000000000000001 0 0 0.4 0.4 0.4 0 0 0 0.2 0 0 0 1.6 0.6000000000000001 0.4 0 0 0 0.6000000000000001 1 0 0.4 0.6000000000000001 0 0 0.4 0 0 0.6000000000000001 0 0 0 0.2 0.4 1 0 0 0 0 0 0.4 0 0 0.4 0 0.2 0.4 0.6000000000000001 0.6000000000000001 0.2 3 0 4.2 7.2 2 0 7.4 4.4 14.200000000000001 0 3 0 3.4000000000000004 0.6000000000000001 0 6.800000000000001 2.6 5 2 0.4 0 0 0 0 0 2 0 0 0 0.2 0 0 0 0.2 0 0 0 0 0 0.4 0 0 0 0 0 0 0.6000000000000001 0 0 0 0 0 0 0 0 0 0 0 0 0 0 0 0 0.2 0 0 0 0 0 0 0 0 0.2 0 0 0 0 0 2.4000000000000004 0 0.4 1.6 0 0.2 0 5 7.4 7.4 4.800000000000001 5.4 6 0 1.4000000000000001 8.8 0 0 9.8 0 0 0 0 0 0 0 0 0 1.2000000000000002 0 0 0 0 2 0 0 0 0 0 0.2 0 0.4 0 0 0 0 0 0 0 0 0 0 0 0 0 0.4 0 0 0 0 0 0 0 0 0 0 0 0.4 0 0 0 0 0 0 0 0 0 0 0 0 0 0 1.6 0 0 0 0 0 0 18 0.4 0.2 2.8000000000000003 1.8 0 0 0 0 0.2 0 0 0 0 0 0 0 0 0 0 0 0 0 0 0 0 0 0 5 0 0 0 0 0 0 0 0 0 0 0 0 0 
 47.2 5.4 105.2 46 52.6 37 7.800000000000001 26.400000000000002 121.4 80 49 22.400000000000002 5.2 7.2 34.4 0 14.4 8.8 50 8.8 16.6 0 0.4 1.6 0 0 15.8 0.2 0 0 0.8 0 14.600000000000001 0.2 0.4 0.4 1.2000000000000002 0 12.8 0 0 0 0 0.6000000000000001 0 0.8 0 9.200000000000001 0.4 0.6000000000000001 1 1.4000000000000001 0.4 0.6000000000000001 0.6000000000000001 0.6000000000000001 0 1 0 0.2 0 0.4 0 0 0 0.6000000000000001 0.2 0.2 1.8 0 0 0.4 0 0 0.6000000000000001 0 0 0 0.6000000000000001 1 0 3.8000000000000003 0 4.2 1.2000000000000002 0 0 3.4000000000000004 8.8 7.2 3.2 7.6000000000000005 0 0 3.8000000000000003 7.6000000000000005 9.8 1.8 0 0 0.2 3.4000000000000004 5.2 0 0 0 1.2000000000000002 0 0.4 0 0 0 3.2 0 1 0 0 0 2.4000000000000004 3.4000000000000004 0 0 0 0 0.4 0 0 2 0 3 0 0 0 0 0 0 0 0 0.2 3.6 0.2 0 0 0 0 0 0 0.2 0 0 0 0 0 0 0 0 0.8 0 0 0 0 7 0 4 3.4000000000000004 2.8000000000000003 3.6 0 5 0.4 7.4 0 0 11.600000000000001 0.4 0 2.6 5.800000000000001 0 0 0 0 0 2.6 0 0 1.6 3 0 0.2 0 0 4.2 3.8000000000000003 5.4 0 0 0 2.4000000000000004 2 0 0 0 0 0 0 0 0 0 0 0 0 0 0 0 0 0 0 0 0 0 0 0 0 0 0 2.8000000000000003 0.2 0 0 0 0 0 0 0 0 0 0 0 0 0 0 0 0 0.2 0.4 0 0.4 0 20.400000000000002 2.2 1.8 1.8 0 0 0 0.2 0 0 0 0 0 0 0 0 0 0 0 0 0 0 0 0 0 0 0 0 0 0 0 0 0 0 0 0 0 0 0 0 0 
 44.400000000000006 27.6 23.400000000000002 8.6 25.8 32.2 42 71.4 41 25 22.6 60.2 82.80000000000001 7 27.400000000000002 14.4 0 29.6 49.400000000000006 25.6 0.2 0.2 0 1 0 0 0.2 0 0.4 0.8 1 0 0 0 0.4 0 0 0 0.2 0.6000000000000001 0 0 0 0.6000000000000001 0 1 0 0 0 0.6000000000000001 1 0 0.8 0.6000000000000001 0 0 0 0 0 0 0 0 0 0.2 0 0 0 0.4 0.4 0 0 0 0 0.2 0.8 0 0 0.6000000000000001 1 0.2 4 2.4000000000000004 3.2 7.4 6.800000000000001 2 2 5 6 3.4000000000000004 0 0.2 3 8 9.4 1.6 0 4 4.6000000000000005 1.8 0 0 0.4 0 0 0.2 2.8000000000000003 0 0 0 0 0 0 0 0 0 0 0 0 0 0 0 0 0 0 0.4 0 0 0 0 0 0 0 0 0 0 0 0 1.4000000000000001 0 0 0 0 0 0 0 0 0 0 0 0 0 0 0 0 0 3 0 0 1 8.200000000000001 0 5.4 1.4000000000000001 1.2000000000000002 0 5 9.600000000000001 0.4 2.2 0 1.2000000000000002 0 0 3.4000000000000004 6.2 0 0 0 5 0.6000000000000001 0 0 0 0 0 0 0 0.2 0 0 0 0 0 0 0 0 0 0 0.6000000000000001 0 0 0 0 0 0 0 0 0 0 0 0 0 0 0 0 0 0 0 0 0 0 0 0 0 0 0 0 0 0 0 0.4 0 0 0 0 0 0 0 0 0 3 0 0 0 0 0 0 0 0 0 4.800000000000001 0 0.4 0 0 0 0 0 0 0 0 0 0 0 0 0 0 0 0 0 0 0 0 0 3.2 2.8000000000000003 0 0 0 0 0 0 0 0 0 0 0 0 0 
 22.6 42.6 26.400000000000002 69.2 10.4 19.200000000000003 28.200000000000003 9 21.400000000000002 25.6 23.400000000000002 58 6.2 5.4 110.80000000000001 8.8 29.6 0 27.200000000000003 18 0.6000000000000001 0.8 0 1.2000000000000002 0 0.4 15.600000000000001 0 0 0.4 1.2000000000000002 0.8 0 0 0.4 0.4 0 0.4 12.4 26.8 0.4 0.4 0 1 0 0.4 0 0 0 0.6000000000000001 0.6000000000000001 1.2000000000000002 0.4 1.2000000000000002 0.6000000000000001 0.6000000000000001 0.4 0 0.6000000000000001 0 0.2 0 0 0.2 0 0 0 0.2 0 0.2 0 0 0 0 0.6000000000000001 0 0 0 0.8 0.8 0 4.4 4.6000000000000005 0.2 3.6 5.6000000000000005 0 0.2 2.2 0.6000000000000001 6.2 0 0 8.200000000000001 3.6 0 2.8000000000000003 2.8000000000000003 0 1 3.6 0 0 0 0 0 0 0 0 0.4 0 0 0.2 4 0 0 0 0 0.8 3.6 0 2 0 0 0 0 0 0 0 0 0 0 0 0 0 0 0 0 0 0 0 0 0 0 0.6000000000000001 0 0 0 0 0 0 0 0 0 0 0 0 0 0 0 2.8000000000000003 0 0 4.4 2.8000000000000003 2.6 1.2000000000000002 4 6.6000000000000005 0 5.6000000000000005 14.600000000000001 0 0 3.6 0 3.6 0.2 1.8 0 0 0 0 0 0 0 2 2.2 0 0 0 0 3 6.6000000000000005 0.2 0 0 0 0 4.2 0 0 0 0 0 0 0 0 0 0 0 0 0 0 0 0 0 0 0 0 0 0 0 0 0 0 0 0 0 0 0 0 0 0 0 0 0 0 0 0 0 0 0 0 0 1 0 0 1.6 1 0.6000000000000001 1 0 2.8000000000000003 0 0 0 0 0 0 0 0 0 0 0 0 0 0 0 0 0 0 0 0 0 0.2 0 0 0 0 0 0 0 0 0 0 0 0 0 0 
 68.60000000000001 7.4 94.4 17.2 11 14.8 70.4 15.4 37.2 61 50.400000000000006 14.4 35.2 38 71 50 49.400000000000006 27.200000000000003 0 84.60000000000001 0.2 0 0 0.6000000000000001 0 0 0 0 1.4000000000000001 0 0.6000000000000001 0 0 0 0.4 0 0 0 0 0 0 0 0 0.6000000000000001 0 0.8 0 0 0 0.6000000000000001 0.6000000000000001 0 0.4 0.6000000000000001 0 0 0 0 0 0 0 0 0 0.6000000000000001 0 0 0 0 11.600000000000001 0 0 0 0 0 0 0 2 0 0.6000000000000001 0.6000000000000001 9 4.6000000000000005 0 0 0.2 0 3.6 3.2 2 1.6 0 0.2 0 5.4 0 0 0 0 8.200000000000001 3.2 0 0 0 0 0 0 0 0 0.2 0 0 0 0.2 0 0 0.2 0 0 1.4000000000000001 0 0 0 0 0 0.4 0 0 0 0 0 0 0 0 0 0 0 0 0 0 0 0 0 0 0 0 1.4000000000000001 0 0.2 0 0 0 0 0 0 0 0 0.4 0.6000000000000001 0 0 4 0 6.4 2.6 0 0 0 4.6000000000000005 3.4000000000000004 3 0 3 6.6000000000000005 6.4 6.4 0 0 0.4 0 0 3.4000000000000004 0 0.4 0 0 0 0 0 0 0 0 0 0.2 0 0 0 0 0 0 0 0 0 0 0 0 0 0 0 0 0 0 0 0 0 0 0 0 0 0 0 0 0 0 0 0 0 0 0 0 0 0 2.2 0 0 0 0 0 0 0 0 0 2.8000000000000003 0 0 0 0 0 0.4 1.8 0 0.4 0.8 0 0.4 0 0 0 0 0 0 0 0 0 0 0 0 0 0 0 0 0 0 0 0 0 0 0 0 0 0 0 0 0 0 0 0 0 0 0 0 
 11.4 26 23.200000000000003 10.200000000000001 11.8 8.6 56.2 10.8 25.400000000000002 13.4 10.8 4 27 68 36 8.8 25.6 18 84.60000000000001 0 0.2 0 0 0.6000000000000001 0.4 0 0 0 0 0 1 0 0.2 0 1.4000000000000001 0 0 0.4 0 0.2 0 0 0 0.6000000000000001 0 0.4 0 1 0 7.800000000000001 0.6000000000000001 0 0.4 0.6000000000000001 0 0 0 0 0 0 0 0 0.6000000000000001 0.4 0 0 0 0 0 0 0 0 0 5.800000000000001 0.2 0 0.6000000000000001 0 0.6000000000000001 0.4 5.6000000000000005 2.8000000000000003 0 0.2 0 0 0 2.4000000000000004 7.2 0.2 0 0 2.6 3.8000000000000003 14.8 0 1.8 0 4.6000000000000005 7 0 0 0 0 0 0 0 0 0 0 0 0 0.2 0 0 0 0 0 0 0 0 0 0 0 0 0 0 0 0 0 0 0 0 0 0 0 0 0 0 0 0 0 0 0 0 1.2000000000000002 0 0 0 0 0 0 0 0 0 0 0 0 0 0 6.2 0 2.6 1.2000000000000002 0 0 0 3 1.6 7.6000000000000005 0 4.2 4.4 1.6 4.4 0 0 0 0 0 0 0 0 0 0 0 0 0 0 0 0 0 0 0 0 0 0 0 0.4 0 0 0 0 0 0 0 0 0 0 0 0 0 0 0 0 0 0 0 0 0 0 0 0 0 0 0 0 0 0 0 0 0 0 0 0 0 0 0 0 0 0 0.2 0 0 0 0.4 0 0 8.8 0 0 0.8 0 0 0 0 0 0 0 0 0 0 0 0 0 0 0 0 0 0 0 0 0 0 0 0 0 0 0 0 0 0 0 0 0 0 0 0 0 0 
 0 0 0 0 0 13 0.4 0.6000000000000001 0.2 1.6 0 0 0.4 0.2 0.2 16.6 0.2 0.6000000000000001 0.2 0.2 0 39.400000000000006 27 10 6.2 4.800000000000001 26.200000000000003 8.4 5.4 63 21.200000000000003 34.2 9.600000000000001 26.8 5.4 61 9.4 46.2 8 51.2 0 1.4000000000000001 0.4 0 0.2 0.8 0.2 0 4.6000000000000005 3.8000000000000003 0.4 0.6000000000000001 0 0.2 9.8 0.6000000000000001 0.4 0.4 0 41 0 0 0 0.6000000000000001 0 0 0 0.8 0 0 0 0 0 0 0.2 0 0 0 0.8 2 0 0 0 3.6 0 0 0 0 0 0 0 0 0 0 0 0 0 0 0 0 2.2 2 11.600000000000001 0.2 0.4 0 2.2 6 0 12 2.6 8 2 8.6 1.6 0.4 5.4 0.6000000000000001 0.6000000000000001 2.6 0 0 0 0 0 0 0 0 0 0 0 0 1.8 0 0 0.2 0 0 0 0 0 0 0 0 0 0 0 0 0 0 0 0 0 0 0 0 0 0 0 0 0 0 0 0 0 0 0 0 1 0 0 0 0 0.8 0 0 0 0 0 0 6.2 2.8000000000000003 0 2.8000000000000003 4 2.8000000000000003 0.2 3.4000000000000004 6 0.6000000000000001 0 5.2 0 3.6 0.2 6 2.2 12 4.800000000000001 1.8 0 0 0 0 0 0 0 0 0 0 0 0 0.6000000000000001 0.2 0 0 0 0.2 0 0 0 4 0 0 0 0 0 0 0 0 0 0 0 3.2 0 0 0 0.8 0 0 0 0 0 0 0 0 14.600000000000001 0 0.2 0.2 0 0 0 0 3 0 0.4 0 0 0.2 2.4000000000000004 2 1.6 0 0 0 0 0 0 0 0 0 0 0.2 0 0 0 0 0 0 0 0 0 0 0 0 0 0 0 0 
 0 0 0 0 1.4000000000000001 15 0 0 0 0.4 0 16.400000000000002 0 0 0 0 0.2 0.8 0 0 39.400000000000006 0 63.800000000000004 36 127.2 51 30 75.60000000000001 13.8 27.8 23 71.4 25.200000000000003 9.4 87.80000000000001 43.400000000000006 26.8 11.200000000000001 7.2 25.400000000000002 0 0.6000000000000001 0 0 0 15 0 0 0.4 0.4 0 0.2 0.2 0 1.2000000000000002 0 0.2 0.6000000000000001 0 13 0.6000000000000001 0 0 0.6000000000000001 0.6000000000000001 0 0 1 0.2 0.4 0 0 0.6000000000000001 0 0 0 0 0 0 0.4 0 0 0 0 4.6000000000000005 0.2 0 0 0 0 0 2.8000000000000003 0 0 0 0 0 0 0 0 2 0.2 5 0.2 4.6000000000000005 0 0.4 0.2 3.6 4.6000000000000005 3.6 4 2.6 2.4000000000000004 0 0 4.2 6.4 0 0 0 0 0 0 0 0 0 0 0.2 0 0 0.4 2.2 0 0 0 0 0 2 0 0 0 0 0 0 0 0 0 0 0 0 1 0 1 0 0.4 0 0.2 0 0 1.8 2 0.4 0 0 0 0 0 0 0 0 0 0 0 0 0 0 0 0 1.8 4.4 1.6 8.6 1.2000000000000002 0 5.2 7.2 3 2.2 0 0 1.4000000000000001 0 4.2 6.4 3.6 0.2 1.8 0 0 2.2 0 0 0 0 0 0 0 0 0 0 0.2 4.4 0.2 2.2 0 0 0 0 0 0 0 0 0 0 0 0 0 0 0 0 0 0.2 0 0 0 0 0 0.4 0 0 0 3.6 0 0 0 0.2 0 0 0 0 0 0 0 3 0 0.4 1.2000000000000002 15.600000000000001 0 0 0.8 0 0 0 0 0 0 0 0 0 0 0 0 0 0 0 2 0 1.8 0 3.4000000000000004 0 0 0 1.8 6 0 0 0 
 0.4 12.8 0 0 0.4 9.8 0.2 0 0.4 0 0 0 0.2 0 0.6000000000000001 0.4 0 0 0 0 27 63.800000000000004 0 59.400000000000006 34.6 7.2 30.200000000000003 19.200000000000003 64.8 37.2 11.8 21.6 12 51.400000000000006 21.8 41.400000000000006 67.60000000000001 40.6 26.200000000000003 19.8 0 0.8 0.4 0 0 1.4000000000000001 13.200000000000001 0 0.4 0.4 0 0.2 31.8 16.2 0 0 0 1.2000000000000002 12.600000000000001 12.600000000000001 0.2 0 0 0 0.6000000000000001 0 0.2 0 0 0.4 0 0 0.4 0 0 0 0 0 0 0 0 0 0 0 0 0 0 0 0 0 0 1.8 0 0 0 2.2 0 0 0 0 4 5.4 0 5 2.6 0.2 0.8 3 3.6 2.8000000000000003 6.4 8.4 0 0 0 1.2000000000000002 8.8 9.8 0 2 2 0 0 0 0 0 1.8 1.4000000000000001 0.6000000000000001 0 0 0.2 1.2000000000000002 8.4 4.800000000000001 0 0 0 1 5.6000000000000005 0 0 0 0 0 0 0 0 0 0 0 0 0 0 0 0 0 0 0 0 0 0 0 0 0 0 0 0 0 0 0 0.4 0 0 0 0 0 0 0 1.6 4.6000000000000005 1.8 0.8 0 0 7.800000000000001 3.6 3 0 2.4000000000000004 2.6 2.6 0 1 3.4000000000000004 3.2 3.4000000000000004 8 2.8000000000000003 0 11 0 0 0 0 0 0.2 1.6 0 0 0 0 1.8 2.6 0 0.8 0 0 2.6 3.4000000000000004 0 0 0 0 0 0 0.8 0 0 0 0 0 0 1.2000000000000002 0 0 0 0 0 0 0 0 3.8000000000000003 0 0 0 0 0 0 0 0 0 0 0 4.2 0.4 0 7.800000000000001 0 0.4 1.2000000000000002 2.4000000000000004 0 0 0 0 0 0 0 0 0 0 0 0 0 0 0 0 0 0 0 2.2 0 0 0 0 2.8000000000000003 0 0 0 
 0.6000000000000001 0.6000000000000001 16.8 0.4 0.8 0.4 0.8 0.6000000000000001 1 0.6000000000000001 0.4 0.6000000000000001 0.8 1 1.4000000000000001 1.6 1 1.2000000000000002 0.6000000000000001 0.6000000000000001 10 36 59.400000000000006 0 48.2 49.2 18.8 41.6 69.4 112.80000000000001 43.2 29.400000000000002 12.200000000000001 77.80000000000001 53.2 71.8 18 26.8 93.2 73 1.2000000000000002 0.6000000000000001 0 0.4 0.4 0 0 0.6000000000000001 0.4 0.4 0.6000000000000001 0.2 13 0 0.4 0.2 0.2 1 12.4 13.600000000000001 0.8 0.2 0 0.6000000000000001 0.6000000000000001 0 1.2000000000000002 0 0.4 0.4 8.200000000000001 0.2 0.6000000000000001 0 0 0 0.2 0 0 0.4 0 0 0 0 0 0 0 0 0 0 0 0 0 0 0 0 0 0 0 0 0 0 0 4.6000000000000005 2.4000000000000004 3 0 0 0 0 2.4000000000000004 2.8000000000000003 0 0 2 9.4 3.6 1.4000000000000001 0.4 0 0 0 2 0 0 0 1.4000000000000001 0 0 0 3.6 0 0 4.2 0.4 0 0 2.4000000000000004 3 3 0 0 0.2 0.2 0 0 0 0 0 0 0 0 0 0 0 0.6000000000000001 0 0 0 0 0 0 0.6000000000000001 0 0 0 1.6 0 0 0 0 0 0 0.2 0.4 0 0 1 0 0 0 2.2 11.8 0 4.4 3.2 0 1.4000000000000001 0 7.800000000000001 1.8 2.6 0 0 0.2 0.4 1.8 4.6000000000000005 0 0 0 0 0 0.8 0 0 0 1.4000000000000001 0.4 0 0 0 9.200000000000001 1.2000000000000002 4.2 0 0 0 0.4 6.2 0 0 0.2 0 0 0 0 0 0 0 0 0 0 0 0 0 0 0 0 0 0 0 0 0 0 0 0 0 0 0 0 0 0 0 2.6 0 0.8 11 2.4000000000000004 0.2 0.8 0 0 0 0 0 0 0 0 0 0 0 0 0 0 0 0 0 0 0 0 0 0 0 0 0 0 0 0 0.4 
 0 0 0 0 1 0 13.200000000000001 0 0.2 0 0 0 0.2 0 0.4 0 0 0 0 0.4 6.2 127.2 34.6 48.2 0 64 10.200000000000001 25.6 47.6 16.400000000000002 51.2 30.400000000000002 14.200000000000001 37 38.400000000000006 43.400000000000006 65.2 23.200000000000003 13.600000000000001 16.2 4 0.8 14.200000000000001 0 0 0.6000000000000001 0 4 0.4 0.4 0 0 30.400000000000002 12.600000000000001 0 0 0 0.6000000000000001 0 25.200000000000003 0 5.6000000000000005 0 0 0.6000000000000001 0 0 0 0 0.4 0 0 0.4 0 0 0 0 0 0 0 0 0 0 0 0 0 0 0 0 0 0 0 0 0 0 0 0 0 0 0 0 11.4 2 8 9.200000000000001 2.8000000000000003 0 0 2.2 2.8000000000000003 2.6 9 0 0.2 0 1 5 7.6000000000000005 0.2 0 4.2 0 0 0 0 0 0.4 0 2.6 0 0 0.2 1 1.8 5.6000000000000005 0 2.2 0 7.4 3.8000000000000003 0 0 0.4 0.2 0 0 0 0 0 0 0 1.2000000000000002 0 0 0 0 0 0 0 0 0 0 2.2 0 0 0 1.6 0.8 0 0 0 0 0 0.4 0 0 0 5.4 0 0 0 4.6000000000000005 4.6000000000000005 2.4000000000000004 6.4 0 0 0 4 2.2 2.2 2.6 0 0 2.4000000000000004 0 2.4000000000000004 0 0 0 4.6000000000000005 0 0 0 0 0 0 9.4 0.2 0 0 0 2.8000000000000003 8.6 4.6000000000000005 0 0 0 0 5.6000000000000005 0 0 0.4 0 0 0 0 2.2 0 0 0 0 0 0 0 0 0 0 3.2 0 0 0 2.2 0 0 0 0 0 0 0 0 0 0 0 2.2 0.4 0.4 15 13.600000000000001 0.4 0 0.6000000000000001 0 0 0.4 0 0 0 0 0 0 0 0 0 0 0 0 0 0 0 0 5.6000000000000005 0 0 0 0 2.8000000000000003 0 0 0 
 0 0 0 0 1 0 0.4 0 0 0 0 0.2 0 0.2 0.6000000000000001 0 0 0.4 0 0 4.800000000000001 51 7.2 49.2 64 0 9.200000000000001 50 10.600000000000001 52.2 36.800000000000004 68 60.800000000000004 52.800000000000004 14.4 26.400000000000002 14 9.8 10.200000000000001 14.200000000000001 19.400000000000002 0.6000000000000001 12.4 25 0.6000000000000001 0 0 6.4 0.4 0.4 12.4 1 0.4 12.4 12.4 23.8 0 0.6000000000000001 25 0.2 0 0 0 0 2 0 0 0 0 0.4 0.2 0 2.2 0 0 0 0 0 0 0 0 0 0 0 0 0.2 0 0 0 0 0 0 0 0.4 0 0 0 0 0 0 0 2.2 2.4000000000000004 0 5.6000000000000005 3.8000000000000003 0 0 1.6 0 0 0 0 0 0 0 0 2 0 1 5.6000000000000005 4.4 6.2 3.2 0.2 0 7.2 6 5.2 0 8.4 0 3.2 4.4 0 1.6 0 2.4000000000000004 0.2 0 0.2 3 0 0 0.2 0 0 0 0 0 0 2 0 0 0.4 0.2 0 0 0.2 0 0 0 0 0 0 0.8 0 0 0 0 0 4.800000000000001 0.6000000000000001 0 0 0 1.6 0 0 0 0 0 0 7.2 1.6 3.4000000000000004 0 0 2.8000000000000003 0 2.8000000000000003 1.6 0 0 0 0 0 0 0 1.8 5.2 2.2 0 0 0 0 8.8 4.800000000000001 6 1.8 0 0 0 3.6 6.2 1.4000000000000001 7.6000000000000005 6 3.8000000000000003 7 0 0 0 0 0 0 0 0 0 0 0 0 5.4 0 0 0 0 0 0 0 0 0 0 0 0 0.2 0 0 0 0 0 0 0 0 2.6 0 0.2 1.2000000000000002 0 0 1.2000000000000002 0.4 0 0.2 0.8 0.4 0 0 0 0 7.6000000000000005 0 0 0 0 0 0 0 0 0 0 2.2 0 0 0 0 0 0 0 0 
 0 0 0 14.600000000000001 0.6000000000000001 0.2 0.4 0 0 0.4 0.2 13 15.200000000000001 0 1 15.8 0.2 15.600000000000001 0 0 26.200000000000003 30 30.200000000000003 18.8 10.200000000000001 9.200000000000001 0 64.60000000000001 16.8 23.8 4.800000000000001 31.8 50.6 32.4 42.400000000000006 6.6000000000000005 49 18.2 66.8 48 0 0.6000000000000001 0.6000000000000001 0 0 0.4 0 0 0.4 0.4 0 0.8 0.4 0 0 0 0 1.2000000000000002 19.200000000000003 0 0 0 0 4.6000000000000005 0.6000000000000001 0 1.4000000000000001 0 0.8 0.4 0 0 0.6000000000000001 0 0 0 0 0 8.4 0 0 0 1 2.4000000000000004 2 4 0 0 0 0 2.4000000000000004 0 0 1.4000000000000001 0 1.4000000000000001 4.4 0 0 0 0 4.2 4.6000000000000005 0 0 0 2 4.4 3.2 0 3.4000000000000004 5 1.8 9.600000000000001 11.600000000000001 0 2.2 2 7.6000000000000005 4.2 0 0 0 0 0 0 3.6 0 0.2 0 0 1.4000000000000001 0 0 0 0 0 4 1.6 0 0 0 0 0 0.2 0 0 0 0 0 0 0 0 0 0 0.4 0 0 0 0 0 0 0 1.4000000000000001 4.6000000000000005 0 0 0 0 0 0 2.4000000000000004 0 0 0 0 1.4000000000000001 1.8 0 0 0 4.6000000000000005 2.8000000000000003 1.4000000000000001 2.8000000000000003 3.2 3 1.2000000000000002 3.8000000000000003 3.8000000000000003 2.6 3.8000000000000003 5.800000000000001 4.6000000000000005 1.8 2.2 9 2.6 1.8 6.800000000000001 0 0 0 0 0 0 0 0 0 0 0 0 2.2 0 0 0 0 0 0 0 0 0 0 0 0 0 0 0 0 0 0 0 0.2 0 0 0 0 0 0.4 0 0 0 0 0 0 0 0.4 0 0 15.200000000000001 0 0 0 0 1.8 0 0 0.6000000000000001 0 0 0.2 0 0 0 0 0 0 0 0 0 0 0 0 0 0 0 0 2 0 0 0 0 0 0 0 0 0 0 0 0 
 0.2 0 0 0 2.8000000000000003 0.8 0 0 0 0 0 5.2 13.200000000000001 0 0 0.2 0 0 0 0 8.4 75.60000000000001 19.200000000000003 41.6 25.6 50 64.60000000000001 0 56.400000000000006 21.8 7 33 60.800000000000004 54 58 5.2 13 15.4 8.6 42.400000000000006 0 0.6000000000000001 0.4 0 0 1.8 0 0 0.4 0.4 0 0 0.6000000000000001 0 0 0 0 0.6000000000000001 0 0 0 0 0 0 0.6000000000000001 0 0 0 1.6 0.4 0 0 0.4 0 0 0 0 0 0 0.4 0 0 0.4 0 1.4000000000000001 5.4 0 0 0 0 0 2.2 0 0 0 0 0 0 2 0 1.2000000000000002 3 0 1.4000000000000001 0 0 0 0 3.8000000000000003 3.8000000000000003 6.4 5.800000000000001 2.4000000000000004 0.8 4.4 7.6000000000000005 1.8 2.6 2.8000000000000003 0 0 0 0 0 0 0 0 0 0 0 0 2 4.4 0 0 0 0 2.6 2.4000000000000004 0.2 0 0 0 0 0 0 0 0 0 0 0 0 0 0 0 0 0 0 0 0 0 5.800000000000001 0 0 0 0 0 0 0 0 0 0 0.4 0 0 0 0 0.4 0 4.2 0 3.8000000000000003 0.6000000000000001 0 6.2 0.4 0 0 2.2 2.6 2.6 7.4 2.6 0 6.6000000000000005 2.6 2.6 2.2 0.2 6.4 2.6 0 0 0 0 0.8 0 0 0 0 0 0 4 0.4 0 0 0 0 0 2.2 0 0 0 0 0 0.2 0.2 0 0 0 0 0 0 0 0 0 0 0 0 0 0 0 3.8000000000000003 0 0 0 3.4000000000000004 0 0 0 0 0 0 0 0.6000000000000001 0 0.2 16 0 0 0.4 0 0 0 0 0 0 0 0 0 0 0 0 0 0 0 0 1.8 0 0 0 2.8000000000000003 0 0 0 0 0 0 0 0 
 0 0 0 0 0.4 16.400000000000002 17.6 0 0.6000000000000001 0 0 18 0 0 0.2 0 0.4 0 1.4000000000000001 0 5.4 13.8 64.8 69.4 47.6 10.600000000000001 16.8 56.400000000000006 0 31.400000000000002 12.8 52.6 35.800000000000004 26.400000000000002 31.8 61 18.400000000000002 91.2 13.600000000000001 20.6 0 0.6000000000000001 0.6000000000000001 0 0 0.2 14 0.2 0.4 0.8 0 0 40.6 13 0 0 0.4 0.6000000000000001 12.200000000000001 14 0 0 0.2 0 0.6000000000000001 0 6 0 0.2 0.4 0 0.6000000000000001 1 0 0 0.6000000000000001 0 1.2000000000000002 0 0.4 0 0 0 0 3 0.2 0 0 0 0 0 2.4000000000000004 0 0 0 0 0 0 0 0 1.8 4.4 3.6 1.2000000000000002 2 2.4000000000000004 0.2 0 5.800000000000001 3.4000000000000004 5.4 3.4000000000000004 3.8000000000000003 0 3.4000000000000004 0 5 12.4 0 0 5.4 0 0 0 0 0.4 4.2 1.6 1.6 0 0 0 1.6 2.2 2.4000000000000004 0 0 0 1.4000000000000001 5.2 0 0 0 0 0 0 0 0 0 0 0 0.8 0 0 0.4 0 0 0 0 0 0 1.4000000000000001 0 0 0 0 0 0 0 0 0 0 0 0 0 0 0 0 0 1.4000000000000001 3.2 2.6 1.4000000000000001 1.8 0 4.2 4.2 2 5.2 5.4 4.2 4.2 0 9.4 0 3.2 2 3.6 0 1.6 2 0 0 0 0 0 0 2.6 0 0 0 0 0 3.4000000000000004 0 0 0 0 4 4 0 0 0 0 0 0 0 0 0 0 0 0 0 0 0 0 0 0 0 0 0 0 0 0 0 0 0 0 0 0 0 0 0 0 2.4000000000000004 0.4 0.4 3 0 0 0 0 0 0 0 0.4 0 0 0 0 0 0 0 0 0 0 2.2 0 0 0 0 2.4000000000000004 0 0 0 0 3 0 0 1.6 
 0 0 0 0 1 27.8 0.2 0 0 0 0 0 0 0 0.6000000000000001 0 0.8 0.4 0 0 63 27.8 37.2 112.80000000000001 16.400000000000002 52.2 23.8 21.8 31.400000000000002 0 81.2 19.200000000000003 23.6 25.8 31.6 64.2 49.800000000000004 6.2 16.2 35 0 0.8 0 0 0.8 0 11.200000000000001 0 0.4 0.6000000000000001 0 0 0.6000000000000001 0 0 0 0 0.8 0 0 0 0 0 0 0.6000000000000001 0 0 0 1 0.4 0 0 0.4 0 0 0 0 0.6000000000000001 0 0 0 0 0 0 0.2 0 0 0 0 0 0 1.6 0 0 0 0 0 0 0 0 3.4000000000000004 2.2 0 6.2 1 0 3 2.8000000000000003 2.6 1.2000000000000002 6.800000000000001 8.4 0 0.2 0.2 5.2 0.2 1.4000000000000001 0 3.4000000000000004 0 0 0 0 0 0 0 0 1.4000000000000001 0 0 0 4.800000000000001 0 0.2 0 0 3.6 2.4000000000000004 0 0 0 0 0 0 0 0 0 0 0 0 0 0 2.2 3.2 0 0 0 0 0 0 0.2 0 0 0 0 0 0 0 0 0 0 0 0 0 0 0 0 0 1.4000000000000001 2.4000000000000004 3.8000000000000003 2 0 6.800000000000001 1.8 2.6 2.2 5 1 0 4.4 0 1.6 11.4 9.8 3.4000000000000004 7 0 2.2 0 0 0 0 0 0 0 0 0 0 0 0 2.4000000000000004 0 0 0 0 4 0 2.4000000000000004 0 0 0 0 0 0 0 0 0 0 0 0 0 0 0 0 0 0 0 0 0 0 0 0 0 0 0 0 0 0.2 0 0 0 0 1.2000000000000002 0 0.4 16.400000000000002 15.200000000000001 0 1 2.6 0 0 0 0 0 0 0 0 0 0 0 0 0 0 0 0 0 0 0 0 0 0 0 0 0 0 0 0 
 0.6000000000000001 0.6000000000000001 0.6000000000000001 3 1.4000000000000001 1 0.8 0.6000000000000001 0.4 12 0.6000000000000001 0.6000000000000001 0.6000000000000001 0.8 0.6000000000000001 0.8 1 1.2000000000000002 0.6000000000000001 1 21.200000000000003 23 11.8 43.2 51.2 36.800000000000004 4.800000000000001 7 12.8 81.2 0 15.600000000000001 47.400000000000006 7.6000000000000005 55.400000000000006 45.2 95.60000000000001 81.60000000000001 9 18.2 12.4 0.6000000000000001 0 0 0.4 0 0.2 14.200000000000001 0.4 0.4 0 0 13.8 16.8 0 0 0 0.6000000000000001 0 12.600000000000001 0 0 0.2 0 0.6000000000000001 0 0 10.200000000000001 0 0.4 0 0 0.4 0 0 0 0 0 0.2 0 0 0 0 0 0 0 0 0 0 0 0 0 0 0 0.2 0 0 0 0.4 0 0 0.4 2 3.6 18.400000000000002 14.4 0 0 0 2.4000000000000004 0 0 0 5.2 0 2 2.2 0 0 0 0 0 2.4000000000000004 0.2 0 0 4.2 0 2.2 0 4.6000000000000005 0 0 3.2 2.2 0 0 0 2.6 6.4 0 0 0 0 0 0 0 0.4 0 0 0 0 0 0 0 0 0 0 0 0 0 0 0.4 0 0 0 1 0 0 0 0 0 0 0 0 0 0 0.6000000000000001 0 0 0 1.6 2.4000000000000004 3.4000000000000004 2.4000000000000004 8.6 2 0 0 7.6000000000000005 0.4 0 0 1.8 1.2000000000000002 0 0.4 2.2 0 0 2.2 0 0 0 0 0.2 2.2 0.2 2 0 0 0 2.8000000000000003 2 15 3 0 0 0 0 0 0.4 0 0 0.2 0 0 0 0 0 0 0 0 0 0 0 0.4 3 2.4000000000000004 0 0 0 0 0 0 0 0 0 0 0 0 0 0 0 0.8 0 0 0 15.600000000000001 0.2 0.2 0.2 0 0 0 0.4 0 0 0 0 0 0 0 0 0.2 0 0 0 0 0 0 0 0 0 0 0 2.6 0 0 0 
 0 0.2 0 16.400000000000002 0.6000000000000001 0.4 0.6000000000000001 0 0 0.2 0.4 0 0 0 0 0 0 0.8 0 0 34.2 71.4 21.6 29.400000000000002 30.400000000000002 68 31.8 33 52.6 19.200000000000003 15.600000000000001 0 7.800000000000001 11.8 30.200000000000003 9.4 15.4 90 5.800000000000001 9.600000000000001 12.4 0.6000000000000001 2.2 0 0 0.6000000000000001 13 12.4 0.4 0.4 0 0 13.200000000000001 12.200000000000001 0 0 0 0.6000000000000001 0 16.2 0 0 0 0 0.6000000000000001 0 0 0 0.6000000000000001 0.4 0 0 0.6000000000000001 0 0 0 0 0 0 0 0 0 0 0 0 0 0.4 0 0 0 0 0 0 0 0 0 0 0 0 0 0 2.4000000000000004 0 1.6 2.6 6.4 0 0 0 0 5.4 5.6000000000000005 0 0 2.2 3 3.2 0 0 0 0 0 0 0 0 0 3 0 7.4 0 0 0 0 0 0 0 0 1.2000000000000002 4.6000000000000005 2.4000000000000004 0.8 0 4.800000000000001 0 0 0 0 0 0 0 0 0 0 0 0 0.8 0 0.2 0 0 0 0 0 0 0 0 1 1.2000000000000002 0 0 0 0 0 0 0 0 0 0.8 0.2 0 0 4.2 4.2 1.2000000000000002 2.6 0.2 0 0 2.6 6.800000000000001 4.4 2.4000000000000004 0 0 4.4 5.4 3.4000000000000004 2 0 1.4000000000000001 7 0 4 0 0 0 2.4000000000000004 12.200000000000001 5.4 0 0 0 6.800000000000001 0 6.4 1.2000000000000002 0 0 1.8 2.6 0 0 0 0 0 0 0 2.8000000000000003 0 0 2.4000000000000004 0 0.4 0 0 0 0 0 0.2 0 0 0 1.6 0 3 0.4 0 0 0 0 0 0 0 0 1 0.2 0.8 15.4 1.4000000000000001 0 0.8 0.4 0 0 0 0.4 0 0 0 0 0 0 0 0 0 0 0 0.4 0 0 0 2.2 0 0 0 0 0 0 0 0 
