 0 62.800000000000004 67.2 11.4 7.2 4.800000000000001 33.6 52.800000000000004 56.2 36.2 6 23.6 90.4 36.4 73.60000000000001 44.400000000000006 24 5 23.8 10.8 19.400000000000002 0 1 0 0 14.4 0.4 0.4 0 0.2 0.4 0.8 0.4 0.8 0 0.4 0 0 0 0 0 0 0.2 0 0 0.2 0 0 0 0.6000000000000001 0 0.2 0.6000000000000001 0 0.6000000000000001 0 0 0 0.4 0 0 0 0 0.4 1.6 0 0 0 0.2 0.6000000000000001 10.200000000000001 0.4 0 0 0 0 0.4 0 0 0 4.4 3.6 0 17 0 2 10.200000000000001 0 10 2.8000000000000003 0 0 2.8000000000000003 0.2 3.6 3.4000000000000004 1.6 3.6 0 2.6 0 0 0.6000000000000001 0 0 0 0 0 0 0 0 0 0 0 0 0 0 0 0.6000000000000001 0 0 0 0 0.2 2.2 0 0 0 0 0 0.4 0 0 0 0 0 0 0 0 0 0 0 0 0 0 0 0 0 0 0 0 0 0 0 0 0 0 0 0 0 0 9.4 3 5.6000000000000005 3.6 3.8000000000000003 3.2 4.4 4.6000000000000005 4.800000000000001 0 3.2 5.4 0 2.4000000000000004 8.200000000000001 0.2 3 2.2 2.2 0 0 0 0 0 0 0 0 0 0 0 0 0 0 0 0 0 0 0 0 0 0 0 0 0 0 0 0 0 0.4 0 0 0 0 0 0 0 0 0 0 0 0 0 0 0 7.800000000000001 0 0 0 0 0 0 0 0 0 0 0 0.4 0 0 0 0 0 0 0 0 44.6 0 0.4 0 0.4 0.8 2.6 0 0 0 0 0 0.4 0 0 0 3.6 0 0 0 0 0 0 0 0 0 0 0 0 0 0 0.2 0 0 0 0 0 0 0 0 0 0 0 0 
 62.800000000000004 0 59.800000000000004 35.800000000000004 5.4 8 36.2 43 63 19.6 7 11.8 73.2 40 28.200000000000003 35 34.800000000000004 21.8 17 29.200000000000003 0.2 0 0.6000000000000001 0 0 0 0 0 0 0 0.6000000000000001 0.6000000000000001 0.4 1 0 0 0 0.4 0 0 0 0 0 0 0 0 0 0 0 0.6000000000000001 0 0 0 0 0.6000000000000001 0 0 0 0 0 0 0 0 1.2000000000000002 0.6000000000000001 0 0 0 0 0 0 0 0 0 0 0 0.4 0 0 0 0.2 0.8 4.800000000000001 0.6000000000000001 0.2 2.4000000000000004 4.2 4.4 4.800000000000001 0.2 0 2.4000000000000004 0.2 0.2 5.6000000000000005 4.800000000000001 1.4000000000000001 0 0 0 0.2 0 0 0 0 0 0 0 0 0 0 0 0 2.8000000000000003 0 0 0 0 0 2.8000000000000003 0 0 0 0 0.4 0 0 0 0 0 0 0.4 0 0 0 0 0 0 0 0 0 0 0 0 0 0 0.2 1 0 0 0 0 0 0 0.2 0 0 2.4000000000000004 0 0 1 6 6.800000000000001 5 2.6 0 0 2.6 1.8 1.8 3.2 1.6 3.6 0 3.8000000000000003 8.4 0 2.8000000000000003 2.4000000000000004 1.6 4.800000000000001 0 0 0 0 0 0.2 0 0 0 0 0 3.4000000000000004 0 0.2 2.2 0 0 0 0 0 0 0 0 0 0 0 0 0 0 0 0 0 0 0 0 0.4 0 0 0 0 0 0 0 0 0 0 0 0 2.2 0 0 0 0 0 0 0 0 0 0 0 0 0 0 0 0.4 24.400000000000002 0 5 0 2.2 3.2 2.8000000000000003 0 0 0 0 0 0 0 0 0 3.6 0 0 0 0 0 0 0 0 0 0 0 0 0 2.2 1.2000000000000002 0 0 0 0 0 0 0 0 0 0 0 0 
 67.2 59.800000000000004 0 27.6 11.8 23.6 38.6 29.8 45.400000000000006 67.4 68.2 39.2 29.8 11.200000000000001 15.200000000000001 52 7.2 127.2 93 9.8 14.4 0 1 0.4 0 0 15.200000000000001 0.4 1 0.4 0 1.8 5.2 0.6000000000000001 0 0.4 0.2 0 0 14.8 0 0 0 0.2 0.4 1.6 0 0 0 0.4 0.4 0 0 0 0.6000000000000001 0 0.4 0 0 0.6000000000000001 0 0 0 0.6000000000000001 1 0.6000000000000001 0 1.6 0 0 0 0.4 0.6000000000000001 0 0 0 0.4 0.4 0 0 4.2 4 0 15 2.8000000000000003 0 7 3.2 2.8000000000000003 6 2.8000000000000003 0 3 2 2.8000000000000003 6 4 7.800000000000001 0 2.8000000000000003 1.2000000000000002 0.4 0 0 0 0 0 0 0.2 0 0 0 2 2.8000000000000003 0 0 0 0 0 4 0 0 0 0 0 0.4 0 0 0 0 0 0 0 0 0 0 0 0 0 0 0 0 0.2 0 0 0 0 0 0 0 0 0 0 0 0 0 0 0 0 0 2.6 6.6000000000000005 3.8000000000000003 0 1.8 2.8000000000000003 1.2000000000000002 0 0 3.8000000000000003 0.4 2.8000000000000003 0 9.8 3 0 2 0 5.2 1.2000000000000002 2 0 0 0 0 0 2.6 0 3.2 0 0 0.2 2 0.4 0 0 0 0 0 1.8 2 0 0 0 0 0 0 0 0.4 0 0 0 0 0 0 0 0 0 0.4 0 0 0 0 0 0 0 0 6.4 0 0 0 0 0 0 0 0 0.4 0 0 0 0 5.4 0 0 0 0 11 0 17.8 0 3 5 0 0 0 0 0 0 0 0 0.2 0 0 0 0 0 0.2 0 0 0 0 0 0 0 0 2.8000000000000003 1.2000000000000002 0 0 0 0 0 0 0 0 0 0 0 0 0 
 11.4 35.800000000000004 27.6 0 39.2 8.4 19.400000000000002 106.4 32 21.8 73.2 36.2 14.8 13.8 33 71.60000000000001 42.800000000000004 92.2 25.400000000000002 12.200000000000001 0 0 1 0 0 0 0 0 0 0.4 0 1.2000000000000002 0.2 0.6000000000000001 0 0.4 0.4 0 0.2 7.2 0 0 0 0.2 0 0 0 0 0 0.6000000000000001 0 0 0 0 0.6000000000000001 0 0 0 0 0 0 0 0 0.4 0.6000000000000001 0 0 0 0 0 0 0 0 0 0.2 0 0.4 0 5.2 0 2.4000000000000004 2.2 9.200000000000001 2.4000000000000004 0 4.2 0 5 8.8 2.6 4.800000000000001 4 0 13.4 0 5 4.2 1 0 0 1.2000000000000002 5.2 0 0 0 0 0 2.4000000000000004 0.4 0 0.2 0 1.2000000000000002 2.8000000000000003 3 0 0 0.2 3.4000000000000004 4.4 0 0 0 0 0 0 0.4 0.4 0 0 0 0 0 0 0 0 0 0 0 0 0 0 0 0 0 0 0 1.2000000000000002 0 0 0 0 1.2000000000000002 0 0 0 0 0 0 0.2 0 0 5.800000000000001 2.8000000000000003 4.6000000000000005 3.2 0 0.4 2 2.6 4.800000000000001 4 0.2 0 2 0 2 2.4000000000000004 0 0 2.4000000000000004 0 0 2.4000000000000004 0 0 5 0 0.2 0.2 0 0 2 0 3.8000000000000003 0 0 3.2 2.6 0.2 0 0 0 0 0 0 0 0 0.4 0 0 0 0 0.2 0 0 0 0 0 0 0 0 0 0 0 0 0 0 0 0 2 0 0 0 0 0 0 0 0 0 0 0 0 0 0 0 0 0.4 19.400000000000002 19 3.2 2.8000000000000003 0 0.2 0 0 0 0 0 0 0 0 0 0 0 0 0 0 0 0 0 0 0 0 0 0 3 0 0 0 0 0 0 0 0 0 0 0 0 0 
 7.2 5.4 11.8 39.2 0 81 10 17.2 32.800000000000004 16.6 87.4 25.6 16.8 17.400000000000002 44.6 35.2 25.6 12.8 18 31.8 14.600000000000001 0.2 0.6000000000000001 0 0.2 0 0.6000000000000001 0.8 0 0 0 0.6000000000000001 15.600000000000001 1.2000000000000002 0 0.4 0 42.2 14.8 0 0 0.2 0 0 0 0 0 0 0 1 0 0 0.4 0 0.6000000000000001 0 0 0 0 0 0 0 0 0.6000000000000001 0.6000000000000001 0 0 0 10 0 0 0 0 0 0 0 0.4 0 0 0 2 2.2 2 1.4000000000000001 3 2.6 3.8000000000000003 1.4000000000000001 2.4000000000000004 2 11 5.6000000000000005 0 3 0 9 0 0.2 0 0 0 0 0 0 0 0 0.2 2 12.4 0.2 0 0 0.2 2.6 5.2 0.4 0 1 6 0 0 0 0 0 0 0 3.4000000000000004 0 0 0 0 0 0 0 0 0 0 0 0 0 0 0 0 0 0 0.2 0 0 0 0.2 0 0 3 0 0 0 0 0 0 1 0 0.6000000000000001 2 1.2000000000000002 1.6 3.2 0 2.4000000000000004 4.2 6.800000000000001 2.2 3.6 0 0 0 1.8 4.2 3.4000000000000004 0 0 0 0 0 1.4000000000000001 0 1.4000000000000001 6.2 0 0 1.2000000000000002 4.800000000000001 0 4.2 0 0 0.2 0 8.6 2.2 0.2 0 0 0 0 0 0 0 0 0 0 0 0 0 0 0 0.4 0 0 0 0 0 0 0 0 0 0 0 0 0 0 0 0 0 0 0 0 0 0 0 0 0 0 0 0 0 0.4 0 0.2 0.6000000000000001 18.2 0 2.6 0 0 0 0 0 0 0 0 0 0 0 0 0 0 0 0 0 0 0 0 0 0 0 0 3 0 0 0 0 0 0 0 0 0 0 0 0 0 
 4.800000000000001 8 23.6 8.4 81 0 22 68.2 14.4 22.200000000000003 32.800000000000004 11.600000000000001 26.400000000000002 70.60000000000001 18 16.400000000000002 12.200000000000001 13.8 11 50.6 31.8 0 15.4 0.2 0 0 34.800000000000004 0.2 0 19.6 16.8 14.4 34.800000000000004 0.6000000000000001 0.2 0 3.6 0 19.6 12 0 0 0 0 0 9.600000000000001 0 0 0 0.6000000000000001 0 0 0.2 0 0.6000000000000001 0 0 0 0.2 0 0 0 0 7.4 0.6000000000000001 0 0 1.8 7.800000000000001 0 0 0 2 0 0 0 0.4 0 0 0 0 0.2 0 0 14.8 8.8 0.4 0 0 0 0 0 2.2 0 0 0 1.4000000000000001 0.2 2.8000000000000003 1.8 9.200000000000001 0.6000000000000001 4.800000000000001 0.4 0 0 1 0 3.4000000000000004 0.8 3.8000000000000003 0 3 2.4000000000000004 0 0 0 2 0 4.800000000000001 0 0 0 0 0 0 0 0 0 0 0 0 0 0 0 0 0.4 0 0 0 0 0 0 0 0.2 0.2 0 0 0 1.4000000000000001 0 0 0 0 0 0 0 0 0 0 3 0 0 0.2 2 0 0 0 0 4.6000000000000005 3.4000000000000004 0.8 0 0 0 0 0.2 0 3.4000000000000004 3.6 2.2 0 2.4000000000000004 0 0 4.2 0 0 10.4 6.6000000000000005 3.6 0 0 10.8 2.8000000000000003 3.2 0 0.2 0 8 0 0 0 0 0 0 0 0 0 0 0 0 0 0 0 0 0 0 0 0 0 0 0 0 0 3.2 0 0 0 0 0 0 0 0 0 0 0 0 0 0 0 0.2 0 0 0 1 0 0 0.2 0.2 0 3.8000000000000003 0 0 0 0 0 0 0 0 0 0 0 0 0 0 0 0 0 0 0 0 0 0 0 3 0 0 0 0 0 0 0 0 0 0 0 0 0 2.2 
 33.6 36.2 38.6 19.400000000000002 10 22 0 23 25.6 25 22.6 21.400000000000002 65.4 85.2 7.4 27.400000000000002 24.400000000000002 24.8 48.6 10.200000000000001 0.6000000000000001 0 2.2 1.6 0.6000000000000001 0.6000000000000001 0.4 0.2 0 3.2 1 1 0.8 0.6000000000000001 0.2 0.6000000000000001 0.6000000000000001 1 0.4 0.4 0.4 0 1.6 0.6000000000000001 0 0.2 1 0 0.6000000000000001 1 0 0 0.4 0 1.2000000000000002 0.8 0 0 0.6000000000000001 0.2 0 2.2 0 1 1 0.2 0 0.6000000000000001 0.8 0.6000000000000001 0.8 0 0.4 0 0 1.2000000000000002 2.8000000000000003 0 1.8 0.4 0.2 0.2 0 3.6 0 0 10.600000000000001 3.8000000000000003 4.2 0 0 0 5 4.2 5.2 3.8000000000000003 4 0 5 2.2 0 0 0 0 0 0 0 0 0 0 0 0 0 0.2 0.4 1.8 0.4 0 0 0 0 0 0.4 0 0 0 0 0 0 0 0 0 0 0 0 0.4 0 0 0 0 0 0 0 0.2 0 0 0 0.2 0 0 0 0 0 0 0 0 0 3 0 2.2 6.6000000000000005 5.800000000000001 2.6 0 3.6 4.4 6.2 2.8000000000000003 0.2 0 0 3.4000000000000004 2.8000000000000003 9.4 0 0.8 3.2 2.8000000000000003 10.200000000000001 5.6000000000000005 0 0 0 0 3.4000000000000004 0 0 0 0 0 0 0 0 0.2 0 0 0 0 0 0 0 0 0 0 0 0 0 0 0 0 0 0 0 0 0 0 0 0 0 0 0.4 0 0 0 0 0 0 0 0 0 0 0 0 0 0 0 0 0 0 0 0 0 0 0 0 0 21.6 0 0.4 0 0 1.6 0 0 0 0 0 0 0 0 0.2 0 3 0 0 0.8 0 0 0 0 0 0 0 0.6000000000000001 0 4 0 0 0 0 0 0 0 0 0 0 0 0 0 0 
 52.800000000000004 43 29.8 106.4 17.2 68.2 23 0 91 66.2 65 5.800000000000001 23 58.400000000000006 83 51.6 48.2 30.6 34 12 0 0.4 1.2000000000000002 0.4 0.4 0 0.2 0.4 0 0 0.8 0.8 0.4 1 0 0 0.4 0 15.8 0.4 0 0 0 0 0.4 0.2 0 0.4 0 0.6000000000000001 0 0.4 0 0 0.6000000000000001 0 0.2 0.4 0 0.6000000000000001 0 0 0 0.4 0.6000000000000001 0 0 0 0.2 0 0.6000000000000001 0 0 0 0.6000000000000001 0 0.4 0 0 0 4 3.2 2.2 2.6 3 0.4 7.4 3.2 3.6 0 0 0.6000000000000001 11.200000000000001 2.4000000000000004 4.4 6.6000000000000005 2.4000000000000004 2.4000000000000004 0 2.4000000000000004 0 0 0 0 0 0 0 0 0 0 0.2 0 2 0 0 0 0 0 0 5.2 0 0 0 0 0 0 0.4 0.4 0 0 0 0 0 0 0.2 0 0 0 0 0 1.2000000000000002 0 0 0 0 0 0 0 0 0 0 0 0 0 0 1.6 0 0 0 0 2.6 4.800000000000001 0 3.6 3.6 2.8000000000000003 1.8 0 0 0.2 2 13.600000000000001 4.6000000000000005 5.4 0 3 6.6000000000000005 0 0 0 0 0 0 0 0 0 0 0 0.2 0.2 0 0 0 0 0 0 0 0 0 0 0 0 0 0.2 0 0 0 0 0 0.2 0 0 0 0 0 0 0 0 0 0 0 0 0 0 2.4000000000000004 0 0 0 0 0 0 0 0 0 0 0 0 0 0 0 0 0 0 0 0 0 11.4 0.4 0 0.6000000000000001 0.4 4.6000000000000005 4 0 0 0 0 0 0 0 0 0 0 0 0 0 0 0 0 0 0 0 0 0 0 3.8000000000000003 0 0 0 0 0 0 0 0 0 0 0 0 0 0 
 56.2 63 45.400000000000006 32 32.800000000000004 14.4 25.6 91 0 41.6 24.8 5.6000000000000005 39.800000000000004 37.6 44.6 50.800000000000004 31.8 22.8 54.2 30.6 0 0 0.6000000000000001 0 0 0 0 0 0.6000000000000001 0 0 0.8 0.8 0.6000000000000001 0 0.4 0 0 0 0 0 13 0 0 0 0 0 0 0 0.6000000000000001 0 0 0 0 0.6000000000000001 0 0 0 0.4 0 0 0 0 0.4 0.6000000000000001 0 0 0 0 0 0 0 0 0 0 0 0.6000000000000001 0 0 0 3 4.4 9.4 5.4 0 0.8 3.8000000000000003 2.8000000000000003 8.8 4 0 0 3 0 1.8 8.8 4.2 1.6 0 2.6 0 0 0.2 0 0 0 0 0 0 0 0 0 0.4 0 0 0.2 0 0 0 0.4 0 0 0 0 0 0 0 0 0 0 0 0 0 0 0.6000000000000001 0 0 0 0 0 0 0 0 0 0 0 0 0 0 0 0 0 0 0 0 0 0 0 0 0 0 1.8 2 7.4 3 3.8000000000000003 0 1.8 1.8 0.4 1.2000000000000002 2.8000000000000003 2.4000000000000004 0 3.8000000000000003 4 0 7 1.2000000000000002 1.8 0 0 0 0 0 0 0.6000000000000001 0 0 0 0.4 0 3 0 0 0.2 0 0 0 0 0 0 0 0 0 0 0 0 0 0 0 0 0 0 0 0 0 0 0 0 0 0 0 0 0 0 0 0 0 0 0 0 0 0 0 0 0 0 0 0 0 0 0 0 0 0.4 0.6000000000000001 0 9.200000000000001 0 2.6 1.6 4.4 0.2 0 0 0 0 0 0 0 0 2.2 0 0 0 0 0 0 0 0 0 0 0 0 0 0.8 4 0 0 0 0 0 0 0 0 0 0 0 0 
 36.2 19.6 67.4 21.8 16.6 22.200000000000003 25 66.2 41.6 0 21.200000000000003 21 54.800000000000004 54.400000000000006 32 85.2 29.400000000000002 7.800000000000001 19.200000000000003 19.200000000000003 5.6000000000000005 0 0.6000000000000001 44 15.4 0 0 0.8 0.6000000000000001 1 0.8 4 0.2 1.4000000000000001 0.6000000000000001 1.2000000000000002 0 0 0.6000000000000001 15.200000000000001 0.4 0 0 0.6000000000000001 0 0 0 0 0.8 0.6000000000000001 0 0 0.8 0.4 1.8 1.2000000000000002 0.4 0 0 1.6 0 0.4 0 0.4 0.6000000000000001 0 0 1.4000000000000001 0 1.2000000000000002 0 0 0.8 0.4 0 0 1.2000000000000002 0 0 0 8.4 3 0 4.6000000000000005 4.800000000000001 2.6 7.800000000000001 0 4.4 4.800000000000001 3.2 0 3.4000000000000004 0.8 2.4000000000000004 3.6 2.2 2.8000000000000003 0 3 0 0 0.2 0 0.2 0 0 0 2.8000000000000003 0 0 0 0.4 1.8 0 0.2 0 0 0 0.2 0 0 0 0 0 0 0 0 0 0 0 0 0 0 0 0 0.4 0 0 0 0 0 0 0 0.2 0 0 0 0 0 0 0 0 0 0 0 0 0 0 0 0 4.800000000000001 8.4 5.2 4 3.8000000000000003 0 0 0 1.8 0 3.6 0 3.2 1.2000000000000002 6.4 4.2 0 2.6 0 0 3.2 2.8000000000000003 0 0 0 2 0 0 0 0 0 2.8000000000000003 0 0 1.4000000000000001 0 0 0 4.4 2.4000000000000004 0 0.2 0 0 0 2.8000000000000003 0.2 0 0 0 0 0 0 0 0 0 0 0 0 0 0 0 0 0 2.6 0 0 0 0 0 0 0 0 0 0 0 0 0 0 0 1 0 0 0 0.2 35.6 0 0.2 0.2 0 0.6000000000000001 5.2 0 0 0 0 0 0 0 0 0 0 0 0 0 0 0 0 0 0 0 0 0 0 0 0 0 0 0 0 0 0 0 0 0 0 0 0 0 
 6 7 68.2 73.2 87.4 32.800000000000004 22.6 65 24.8 21.200000000000003 0 41.800000000000004 41.6 25.8 41.400000000000006 55.800000000000004 49.400000000000006 54.2 10.8 8.6 0 0.4 0.6000000000000001 0 0 0 8.8 0.8 0 0 0 0.6000000000000001 4 0.6000000000000001 0 0 0 0.6000000000000001 15.200000000000001 15.4 0 0 0 0 0 0 0.6000000000000001 0 0 0.6000000000000001 0 0 0 0 0.6000000000000001 0 0 0 0.6000000000000001 0 0 0 0 0.4 0.6000000000000001 0 0 0 0 0 0 0 0 0 0 0 0.4 0 0 0 0 7.4 1.4000000000000001 7.2 0 9.8 6 0.4 5.2 0 1.6 1.8 0 3.8000000000000003 0 6.6000000000000005 0.6000000000000001 0 0 0 0 0 0 0 0 0 0 2.2 0 0 0 0 3 0 2 0 0 0 4.6000000000000005 0.2 0 0 0 0 0 0 0 0 0 0 0 0 0 0 0 0 0 0 0 0 0 0 0 0 0 0 0 0 0 0 0 0 0 0 0 0 2.4000000000000004 0 0 0 0 0 0 1.4000000000000001 7.6000000000000005 5.4 0 0 3 7.800000000000001 3.2 4.4 0 0 0 6.6000000000000005 2.2 2.4000000000000004 0 0 0 0 0 2.2 0 0 2.8000000000000003 0 0 0 0 0 2.8000000000000003 0 0 0 0 0 0 0 0 0 0 0 0 0 0 0 0 0 0 0 0 0 0 0 0 0 0 0 0 0 0 0 0 0 0 0 0 0 0 0 0 0 0 0 0 0 0 0 0 0 0 0 0 0.2 17.8 0.4 0.4 20.400000000000002 0 0.2 0 0.8 0 0 0 0 0 0 0 0 0.6000000000000001 0 0 0 0 0 0 0 0 0 0 0 0 0 1.4000000000000001 0 0 0 0 0 0 0 0 0 0 0 0 0 
 23.6 11.8 39.2 36.2 25.6 11.600000000000001 21.400000000000002 5.800000000000001 5.6000000000000005 21 41.800000000000004 0 7.6000000000000005 9.4 8.8 8.8 30.6 23.200000000000003 5.2 10.4 13.8 0.8 0.8 0 0 0 18 13.8 0 0 0 0.8 30.200000000000003 13.4 12 0.2 0.2 0 0.2 0.2 0.8 0 0 0 0 0 0 0 0 0.6000000000000001 0 0 0 0 0.6000000000000001 0 0 0 0 0 7.6000000000000005 0 0.4 0.6000000000000001 1 0 0 0 0 0 0 0.4 0.2 0 0 0 0.4 0 0.2 0 0 0 0.2 1.8 4 7.4 0 3 2.2 12.200000000000001 0 2 0 0 0 0 0.2 2.4000000000000004 0 0 16.2 2.8000000000000003 0 0 0 0 0 3 3.8000000000000003 0.2 0.6000000000000001 0.2 9.8 13 0.2 0.2 0 0 0.2 3 0 0 0 0 0 0 0 0.2 0 0 0 0 0 0 0 0 0 0 0 0 0 0 0 0 0 0 0 2.2 0 0 0 0 0.4 0 0 0 0 0 0 0.2 0 0 3.8000000000000003 1 1 0 0 0 3.8000000000000003 8 5.4 0.4 0 0 0 0 2.6 0 0 0 4 0.6000000000000001 4 0 0 0 16.8 0 0.4 0.4 0 0 7.2 0 4.6000000000000005 2.2 0 0.2 0 2.6 1.4000000000000001 0 0 0.4 0 0 0 0 0.2 0.4 0 0 0 0.4 0 0 0 0 0 2.6 0 0 0 0 0 0 0 0 3.8000000000000003 0 0 0 0.4 0 0 0 0 0 0 0 0 0 0 0 0 0.2 0 0 0.6000000000000001 0.2 0 4.6000000000000005 0 0 0 0 0 0 0 0 0.2 0 0 0 0 0 0 0 0 0 0 0 0 0 0 0 0 0.2 0 0 0 0 0 0 0 0 0 0 0 0 
 90.4 73.2 29.8 14.8 16.8 26.400000000000002 65.4 23 39.800000000000004 54.800000000000004 41.6 7.6000000000000005 0 38.2 8.4 30.6 26.8 28.6 50.400000000000006 13 0 0 0.6000000000000001 0 0 0.4 0 0.4 0 0.2 0 0.8 0.6000000000000001 0.6000000000000001 0 0 0 0 0 0 0 0 0 0 0 0 0 0 0 0.6000000000000001 0 0 0 0 0.6000000000000001 0 0 0 0 0 0 0 0 0.4 0.6000000000000001 0 0 0 0 0 0 0 0 0 0 0 0.4 0 7.2 0 2.6 5.2 0.2 4 0 0 12.200000000000001 3.4000000000000004 2.8000000000000003 2.6 3 2 4.2 2 5.6000000000000005 1.8 4.4 3.4000000000000004 1.8 13.600000000000001 0 0 0 0 0 0 0.2 0 0 0 0 0 0 0 0 0 0 0 0 0 0 0 0 0 0 0 0 0 0 0 0 0.2 0 0 0 0 0 0 0 0 0 0 0 0 0 0 0.4 0 0 0 0 0 0 0 0 0 0 0 0 0 10 11.200000000000001 0 4.2 1.6 3.2 3.8000000000000003 0 0 0 0 2.8000000000000003 0.2 4 0.8 2.6 2 0 0.8 2.4000000000000004 0 0 0 0 0 0 0 0 0 0 0 0 0 0 0 0.2 0 0 0.2 0 0 0 0 0 0 0 0 0 0 0 0 0.4 0 0 0 0 0.2 0 0 0 0 0 0 0 0 0 0 0 0 0 0 0 0 0 0 0 0 0 0 0 0 0 0 0 0 0 10 0 0.6000000000000001 0.6000000000000001 0 4.800000000000001 4.6000000000000005 0 0 0 0 0 0 0 0 0 0 0 0 0 0 0 0 0 0 0 0 0 0 2.8000000000000003 0 0 0 0 0 0 0 0 0 0 0 0 0 0 
 36.4 40 11.200000000000001 13.8 17.400000000000002 70.60000000000001 85.2 58.400000000000006 37.6 54.400000000000006 25.8 9.4 38.2 0 37.800000000000004 28.400000000000002 69.8 60.2 83.4 37.2 0.4 0 1.2000000000000002 14.4 0 0.6000000000000001 0 0.6000000000000001 0 0 0 1.2000000000000002 0.2 1.2000000000000002 0.4 0 0 0.4 0 0 0 0.6000000000000001 0 0 0 0.6000000000000001 0 0 0 1 0 0.6000000000000001 0 0.6000000000000001 1.2000000000000002 0 0 0 0 1 0 0 0 0.6000000000000001 0.6000000000000001 0 0 0 0.6000000000000001 0 0 0 0 0 0 0 0.4 0.4 0 0 4.2 2.2 3.8000000000000003 2.6 3.2 0 3.6 8.4 3.6 0 3.6 0.4 1 2.2 9.200000000000001 2.2 6.4 2.4000000000000004 0 1 0 0 0.4 0 0 0 0 0 0 0 0 0 0.6000000000000001 0 0 0 0 0 2.4000000000000004 3 0 0 0 0 0 0 0 0 0 0 0 0.4 0 0 0 0 0 0 0 0 0 0 0 0 0 1.6 0 0 0 0 0 0 0 0 0 0 0 0 0 0 13.200000000000001 4 0.8 6 2 3.2 7.2 0 0 0 0.2 3 1.2000000000000002 8 0 0.2 6.2 0 3.8000000000000003 0.8 0 0 0 0.4 0 0 0.2 0 0 1.8 0.2 0 0 0 0 0 0 0 0 0 0 2.4000000000000004 2.6 2.4000000000000004 0 0 0 0.4 0 0 2.4000000000000004 0 0 0 0 0 0 0 0 0 0 0 0 0 0 0 0 0 0 0 0 0 0 0 0 0 0 0 0 0 0 2.2 0 0 0 0 11.600000000000001 0.2 0.4 0 0.2 0.8 4.6000000000000005 0 0 0 0 0 0 0 0 0 0 0 0 0 0 0 0 0 0 0 0 0 0 2.8000000000000003 0 0 0 0 0 0 0 0 0 0 0 0 0 0 
 73.60000000000001 28.200000000000003 15.200000000000001 33 44.6 18 7.4 83 44.6 32 41.400000000000006 8.8 8.4 37.800000000000004 0 44.400000000000006 69 7.800000000000001 22.8 60.2 0.2 0 1 0 0 6.800000000000001 0.6000000000000001 0.4 0 0 0.4 0.6000000000000001 0.4 0.6000000000000001 0.4 0 0 0 0 0 0 0.4 0.6000000000000001 0.6000000000000001 0 0 0 0 0.6000000000000001 0.6000000000000001 3.4000000000000004 0 0 0 0.6000000000000001 0 0 12.600000000000001 0 0.4 0 0 0 0.4 0.6000000000000001 0 0.2 0 10.200000000000001 0 0 0 0 0 0 0.6000000000000001 0.4 0 0 0 2 0 4.6000000000000005 4 0 2 2 2.8000000000000003 9.8 2.2 3.8000000000000003 6.2 0 2.4000000000000004 5.4 2 3.6 0 0 6.2 0.2 0 0 0.2 0 0 0 0.2 0 0 0 0 0 3.6 0 0 0 0 4 0 0 0 0 0 0.4 0 0 0 0 0 0 0.4 0 0 0 0 0 0 0 0 0 0 0 0 0 0 0 2 1.4000000000000001 0 0 0 0 0 0 0 0 0 0 0 0.8 0 6.2 3.2 1.2000000000000002 5.800000000000001 0 6.2 7.800000000000001 6.6000000000000005 7.6000000000000005 2 1.4000000000000001 0 1.2000000000000002 4.2 5 4.4 0 0 1.8 0 0 0 0 0 0 0.4 0 0 0 0 0 0 3.6 0 0 0 5 0 0 0 0 0 0 0 0 0 0 0 0 0 0 0 0 0 0 0 0 0 0 0 0 0 0 0 0 0 0 0 0 0 0 0.4 0 0.2 0 0 0 0 0 0 0 0 0 0.4 0.2 0.4 0.8 18.6 0 1.8 0 0 0.2 0 0 0 0 0 0 0 0.2 0 0 0 0 0 0 0 0 0 0 0 0 0 0 5 0 0 0 0 0 0 0 0 0 0 0 0 
 44.400000000000006 35 52 71.60000000000001 35.2 16.400000000000002 27.400000000000002 51.6 50.800000000000004 85.2 55.800000000000004 8.8 30.6 28.400000000000002 44.400000000000006 0 30.8 10 24.6 48.2 16.400000000000002 0 0.6000000000000001 0.6000000000000001 1 0.6000000000000001 0 0 0 1 0.6000000000000001 0.8 0.4 0.6000000000000001 0 0.2 0.4 0 0 0 0 0 0 0.4 0.8 0.2 0 0 0 0.6000000000000001 0.6000000000000001 0.6000000000000001 0.4 0.4 0.6000000000000001 0.4 14 0.6000000000000001 0 0 0 0 0 0.6000000000000001 1.2000000000000002 0.4 0 0 0 0.6000000000000001 7.2 0.4 0 0 0 0 0.4 0.4 0 0.6000000000000001 4.2 9 1.6 6.4 0.2 0 9.200000000000001 0.4 0 0 4.4 0.4 2.4000000000000004 0 3 1.8 0.6000000000000001 5.4 1.2000000000000002 8.200000000000001 0 0 0 0 0 0 0 0 0 0 0 0 0.2 0 0 0 0 0 0 0 0 0 0 0 0 0 0 0 0 0 0 0 0 0 0 0 0 0 0 0 0 0 0 0 0 0 0 0 0.4 0 0 0 0 0 0 0 0 0 0 0 0.2 11.8 5.4 0.4 2.4000000000000004 5.6000000000000005 2 8.6 3.4000000000000004 0 0.2 2.8000000000000003 6.6000000000000005 0.4 4.6000000000000005 2.4000000000000004 0.2 4.6000000000000005 3.6 1 0 0 0.2 0.4 0 0 0.2 0 0 0 0.2 0 0 0 0 0 0 0 2 0 0 0 0 0 0 0 0 0.4 0 0 0 0 0 0 0 0 0 0 0 0 2 0 0 0 0 0 0 0 0 0 0 0 0 0 0 0 3.4000000000000004 0 0 0 0 0 0 0 0 0.6000000000000001 18 0.4 0 8 0 3.2 0 0 0 0 0 0 0 0 0 0 2.8000000000000003 0 0 0 0 0 0 0 0 0 0 0 0 0 0 0 0 0 0 0 0 0 0 0 0 0 0 0 
 24 34.800000000000004 7.2 42.800000000000004 25.6 12.200000000000001 24.400000000000002 48.2 31.8 29.400000000000002 49.400000000000006 30.6 26.8 69.8 69 30.8 0 28 6.800000000000001 85.2 0 0.4 0.8 0 0 0 0 1.4000000000000001 0 0.2 0 0.8 0.4 1 0.2 0.8 0.8 0.4 1 0.2 0 0 11.200000000000001 0 0.8 0 0 0 0.4 0.6000000000000001 0 0 0 0 0.6000000000000001 0 0 0 0 0.8 0 0 0 0.6000000000000001 0.6000000000000001 0 0 0 0 0 14.4 0 0 0 0 0 0.4 1.2000000000000002 0.6000000000000001 0.8 2.4000000000000004 0 5.6000000000000005 0 0 1 3.6 3.4000000000000004 6.6000000000000005 0.4 2.8000000000000003 2 0 1.8 13.200000000000001 0 6.4 2.6 2.6 0.2 0 0 0 0 0 0 0 0 0 0 0 0 3.2 0 0 0 0 0 0 2 0 0 0 0.4 0 0 0 0 0 0 0.2 0 0 0 0 0 0 0 0.4 0 0 0 0 0 0 0 0 0 0 0 0 0 0 0 0 0 0 0 0 0 2 3.2 2.8000000000000003 5.800000000000001 0 8.200000000000001 4.6000000000000005 4.800000000000001 3.2 0.4 0.2 5.6000000000000005 11.4 0 0 3.8000000000000003 0.6000000000000001 4.4 0 3.6 0 0 0 0 0 0 0.2 0 0 0 0 0 0 0 0 0 0 0 2 0 0 0 0 0 0 0 0 0 0 0 0 0 0 0 0 0 0 0 0 0 0 0 0 0 0 0 0 0 0 0 3 0 0 0 0 0 0 0.2 0 0 0 0 0 0 0 0.2 0.4 0 0 0.4 0 1.8 0 0 0.4 0 0 0 0 0 1.8 0 2.8000000000000003 0 0 0 0 0 0 0 0 0 0 0 0 0 0 4 0 0 0 0 0 0 0 0 0 0 0 0 
 5 21.8 127.2 92.2 12.8 13.8 24.8 30.6 22.8 7.800000000000001 54.2 23.200000000000003 28.6 60.2 7.800000000000001 10 28 0 21.6 8 0 0 0.6000000000000001 0.4 0.6000000000000001 0.8 0.4 1 0.6000000000000001 0 0.8 0.8 16.2 0.8 0 0 0.4 0.2 0 29.8 0 0 0 0.6000000000000001 0.6000000000000001 0 0 0 0 1.2000000000000002 0.6000000000000001 0.2 0 0 13.8 0.4 1.6 0 0 1.6 0.6000000000000001 0 0.6000000000000001 1 0.6000000000000001 0 0 0 0.6000000000000001 0.6000000000000001 0 0 0 0 0.6000000000000001 0.6000000000000001 0.4 0 0 0 5.2 0.8 7.2 4.800000000000001 4 0 5 23.400000000000002 10.4 2 3.4000000000000004 0 0 1.4000000000000001 2.4000000000000004 3.4000000000000004 1 1.8 0 0 3.4000000000000004 0 0 0 0 0 2.8000000000000003 0 0 0 0 0.2 1.4000000000000001 3 0.4 0.2 0 0 0.2 0.8 0 0 0.4 0 0 0 0 0 0 0 0 0 0 0 0 0 0 0 0 0 0 0 0 0 0 0 0 0.4 0 0 0 1.4000000000000001 0 5.6000000000000005 0 0 0 0 0 0 5.800000000000001 5.4 4.6000000000000005 2.4000000000000004 8 0 1 0 2.6 12.8 2 0.4 4.2 4.800000000000001 2.6 0 8.4 0 4.800000000000001 0 1.2000000000000002 0 0 0 0 0 1 0 0.2 0 0 0 4.4 0.2 0.2 0.2 0 0 3.8000000000000003 0.2 0 0 0 0 0 0 0 0 0 0 0 0 0 0 0 0 0 0 0 0 0.4 0 0 0 0 0 0 7.6000000000000005 0 0 0 0 0 0 0 0 0 0 0 0 0 1.8 0 0 0 0.8 34.6 0 9.8 0 2.4000000000000004 2.4000000000000004 0 0 0 0 0 0 0 0.4 0.4 0 0 0 0 0 0 0 0 0 0 0 0 0.4 0 2.4000000000000004 1 0.2 0 0 0 0 0 0 0 0 0 0 0 0 
 23.8 17 93 25.400000000000002 18 11 48.6 34 54.2 19.200000000000003 10.8 5.2 50.400000000000006 83.4 22.8 24.6 6.800000000000001 21.6 0 24 0 0 0.6000000000000001 0 0 0 9.4 0 0.6000000000000001 0.4 0.6000000000000001 0.8 0.6000000000000001 0.6000000000000001 0 2 0 0 0 0 0 0 0 0 0 0 0 0 0 0.6000000000000001 0 0 0.4 0 0.6000000000000001 0 0 0.4 0.6000000000000001 0 0 0 0 0.4 0.6000000000000001 0 0 0 0 0 0 0 0 0 0 0 0.4 0 0 0 5.4 4.4 0 7.2 0 0 4.2 1.6 0 4 0 0 7.6000000000000005 7.4 2.2 2.4000000000000004 0.2 2 2.8000000000000003 3 0 0 0.2 0 2.8000000000000003 0 0 0 0.4 0 0 0 0 0 0 0 0 0 0 0 0 0 0 0 0 0 0 0 0.4 0 0 0 0 0 0 0 0 0 0 0 0 0 0 0 0 0 0 0 0 0 0 0 0 0 0 0 0 0.2 0 0 5 7 3.2 0 3.6 0.2 1.6 2.6 0 3.8000000000000003 0 0 7.800000000000001 4.800000000000001 1.2000000000000002 0 5.800000000000001 2.8000000000000003 8.6 1.6 0 0 0 0 0 0 0 0 0 0 0 0 0 0 0 0 0 0 0 0 0 0 0 0 0 0 0.2 0 0 0 0 0 0 0 0 0 0 0 0 0 0 0.4 0 0 0 0 0 0 0 0 0 0 0 0 0 0 0 0 0 0 0 0 0 0 0 0 36 0 0.2 0.2 0.2 2.8000000000000003 0 0 0 0 0 0 0 0 0 0 2.8000000000000003 0 0 0 0 0 0 0 0 0 0 0 0 2.2 0 0 0 0 0 0 0 0 0 0 0 0 0 0 
 10.8 29.200000000000003 9.8 12.200000000000001 31.8 50.6 10.200000000000001 12 30.6 19.200000000000003 8.6 10.4 13 37.2 60.2 48.2 85.2 8 24 0 0.4 0.2 0.6000000000000001 0 0 0.2 0.4 2 0 0 0 0.6000000000000001 0.2 0.6000000000000001 0.4 0 0.2 0.4 0.2 0.2 0 0 0 0 0 0.4 1 0 0 0.6000000000000001 0 0 0 0 0.6000000000000001 0 0 0 1.4000000000000001 0 0.6000000000000001 0 0 0.4 0.6000000000000001 0 0 0 0 0 0 0 0 0 0 0 0.4 0 0 0 7.2 2.2 0 2.8000000000000003 0 0 0 0 0.8 3.2 2 1 8 2.2 4.6000000000000005 0 2.8000000000000003 2.2 2 5.6000000000000005 0 0 0 0 0 0 0 0 0 0 0 0 0 0 0 0 0 0 0 0 0 0 0 0.2 0 0 0 0 0 0 0.4 0 0 0 0 0 0 0 0.2 0 0 0 0 0 0 0 0 0 0 0 0 0 0 0 0 0 0 0 0 0 0.6000000000000001 0.2 0 0.2 0 0 0 3 0 0 0 0.4 3.2 0.2 3 0 0 3.4000000000000004 2.8000000000000003 0 0 0 0 0 0 0 0 0 0 0 0 0 0 0 0 0 0 0 0 0 0 0 0 0 0 0 0 0 0 0 0 0 0 0 0 0 0 0 0 0 0 0 0 1.4000000000000001 0 4.2 0 0 0 0 0 0 0 0 0 1.2000000000000002 0 0.4 0 0 0 0 0 0 0 0 0.6000000000000001 0.4 0.2 0 0 1.2000000000000002 0 0 0 0 0 0.2 0 0 0 0 3.6 0 0 0 0 0 0 0 0 0 0 0 0 0 0 0 0 0 0 0 0 0 0 0 0 0 0 0 
 19.400000000000002 0.2 14.4 0 14.600000000000001 31.8 0.6000000000000001 0 0 5.6000000000000005 0 13.8 0 0.4 0.2 16.400000000000002 0 0 0 0.4 0 76.60000000000001 67.8 10.200000000000001 55 7 40 16 66.8 25.400000000000002 57.6 51 6.6000000000000005 108.4 9.8 24.200000000000003 24.8 4.6000000000000005 22.400000000000002 39.2 0 41.400000000000006 0 1.2000000000000002 0 0.4 0 0 0.6000000000000001 0.4 0 0.4 0.6000000000000001 0 0 0 0 0 0.8 0 0 0.6000000000000001 0 0 0 0.4 0 1.8 5.4 0.4 0.2 0 2.8000000000000003 0 0 0 0.4 0 0 0 0 0 0 0 13.200000000000001 1.2000000000000002 0 0 0 8 0 0 0 1.4000000000000001 0 0 0 0 0 0 2.8000000000000003 9.4 3.6 4 0 0 3.8000000000000003 0.2 5 12.4 0.6000000000000001 2.2 3 2.2 1.8 4.800000000000001 0 1.4000000000000001 4.4 2.6 0 0 0 0 0 0 0 0 0 0 0 0 0 0 0 0 0 0 0 0 0 0 0 0 0 0 0 0 0 0 0 0 0.2 0 0 0 0 0 0 0.6000000000000001 0 0 3.6 0.2 0.2 2.6 0 0 0.2 0.2 0 3.8000000000000003 0 0 0 0 0 0 0 0 9.8 2.6 8.200000000000001 0 2 0 5.4 4.6000000000000005 8 5.800000000000001 1.4000000000000001 2 5.4 8 3.6 1.4000000000000001 3.8000000000000003 4 3.4000000000000004 11.600000000000001 8 0 0 0 0 0 0 0 0 0 0 0 0 0 0 0 0 0.4 0 0 4.6000000000000005 0 0 0 0 0 0 0 0 0 0 0 0 0 0 0 0 0 0 0 0 0 0 0 0 0 0 0 1.2000000000000002 0 0 0.4 0 0 0.8 0 0.4 0 0.6000000000000001 0.4 0.2 0.2 0 0 0 12.600000000000001 0.2 0 0 0 0 0.4 0 0 0 1.2000000000000002 0 0 0 0 0 0 0 0 0 0 0 0 0 0 
 0 0 0 0 0.2 0 0 0.4 0 0 0.4 0.8 0 0 0 0 0.4 0 0 0.2 76.60000000000001 0 45 30.200000000000003 35.800000000000004 26.400000000000002 61.800000000000004 17 52.6 36.6 14.4 7.6000000000000005 9.200000000000001 27.8 58.6 49.800000000000004 8.4 8.6 17.2 66.4 0 1.4000000000000001 1 0.4 0.4 0.4 0 0.4 0.8 0.8 0 0.4 0.6000000000000001 0.4 0 0 0 0.2 12.4 0.8 0 0.6000000000000001 0.8 0 0.4 0.4 0.4 0.6000000000000001 0 0.6000000000000001 0.6000000000000001 0 0.2 0 0.4 0 0.8 0 0.2 0 0 0 0 0 1 0 0 0 0 0 0 0 0 0 0 0 0 0 0 0 2 4 4.2 2.2 0 3.8000000000000003 4 2.2 0.2 4.2 7.2 4.6000000000000005 0 0 0 0 2.2 12.4 3.6 1.8 0 0 0 0 0 0 3.8000000000000003 0 0 0 0 0 0 0 2.4000000000000004 0 0 0 0 0 0 0 0 0 2.4000000000000004 0.8 0 0 0 1.4000000000000001 0 0 0 0 0 0 0 0 0 4 0 0 0 0 0 1.8 0 0.4 0 0 0 0 0 0 0 0 0 0 0 0 0 2 2.2 0 2 7.6000000000000005 5.4 10.4 1.8 7.4 3 0 0 2.2 0 6.2 2.6 1.8 1.8 1.8 0 0 0 0 0 0 0 0 0 0 0 0 7.6000000000000005 1 0 0 0 0 4.4 0 0 0 0 0 0 0 0 0 0 0 0 0 1.4000000000000001 0 0 0.2 0 0 0 0.4 0 0 0 0 0 0 0 0 0 0.2 0 0 0 0 1.4000000000000001 0 0 30.8 31 0 0.4 0.6000000000000001 0 0 0 0 1.8 0 0 0 0 0.2 0 0 0 0 0 0 0 2.4000000000000004 0 6.2 0 0 0 4.2 0 0 0 0 
 1 0.6000000000000001 1 1 0.6000000000000001 15.4 2.2 1.2000000000000002 0.6000000000000001 0.6000000000000001 0.6000000000000001 0.8 0.6000000000000001 1.2000000000000002 1 0.6000000000000001 0.8 0.6000000000000001 0.6000000000000001 0.6000000000000001 67.8 45 0 64.8 55.6 8.200000000000001 51.2 43.6 61.400000000000006 28.8 92.2 81.2 19.400000000000002 110 57.400000000000006 44.400000000000006 28.8 92 74.8 22.400000000000002 0 0.4 0.2 0 0 0.4 0.6000000000000001 0 0.6000000000000001 0.4 0 0.4 3.2 0 0 0 0 0 4 0 0 0.8 0.2 0 0 0.8 0 1 0 1.2000000000000002 0 0 0 0 0 0 0.4 0 11.200000000000001 0 0 0 0 0 5.800000000000001 0 0 0 0 0 0 0 0 0 0 0.8 0.2 0 0 0 0.2 7.2 5.6000000000000005 4 5.4 0 7 0 0 2.4000000000000004 0.4 0.4 5 0 7 3.2 6 0 6.800000000000001 0.8 0 0 0 0 0 0 0 0 0 0 0 0.2 1 0 0 0 0 0 0 0.2 0 0 0 1.4000000000000001 0 0.6000000000000001 0.2 0 0 0.6000000000000001 0 0 0 0 0 1.2000000000000002 0 0 0 0 0 0 1.8 0 0.2 0 0 0 0 0 1.6 7.4 0 0 0 1.2000000000000002 0 0 0 0 6.2 1 4 0 2.2 2 1.8 8 3.4000000000000004 11 0 2 2.6 7.800000000000001 3.2 0 7 5 2.6 5 0 0 0 0 0 0 1.6 0 0 0 0 0 0 0 0 0 0 0 4 0 0 0 0 0 0 0 0 0 0 0.2 0 0.8 0 0 0 0 0 0 0 0 0 0 0 0 0 0 0 0 0 0 0 0 0 0 1.4000000000000001 0 0 1 0 0 0.4 0 0 0 0 0 1.4000000000000001 0 0 0 0 0 0 0 0 0 0 0 0 0 0 1.4000000000000001 0 0 0 0 0 0 0 0 
 0 0 0.4 0 0 0.2 1.6 0.4 0 44 0 0 0 14.4 0 0.6000000000000001 0 0.4 0 0 10.200000000000001 30.200000000000003 64.8 0 44.6 15 62.400000000000006 16.400000000000002 18.400000000000002 71 21 5 10.600000000000001 18.6 72.60000000000001 7.800000000000001 30.400000000000002 10.8 13 62 0 0.8 0 0 0 0.4 0 0 0.6000000000000001 0.6000000000000001 0 0.4 0.6000000000000001 0 0 0 0 0 0.2 12.4 0 0.6000000000000001 0 0 0 0.4 0 0.6000000000000001 0 0.4 0.6000000000000001 0 0 0 0 0 0.4 0.2 0 0 0 0 0 0 0 0 0 0 0 0 0 0 0 0 0 0 0 0 0 0 0 0 2 0 6.800000000000001 8.4 0.2 0.2 3.8000000000000003 2.4000000000000004 2 0.2 0 0 3.8000000000000003 4.2 4.6000000000000005 2.8000000000000003 3.6 0 2.4000000000000004 0 0 0 0 0 6.6000000000000005 0 0 0 0 0 4.800000000000001 6.4 1.8 0.2 0 0 2.8000000000000003 4.6000000000000005 0 0 0 0 0 4 0 0 0 1.8 3.2 0 0 0 0 0.6000000000000001 0 0 0 0 0 0 0 0 0 0 0 0 0 0 0 0 0 0 0 0 0 0 0 0 0 3.6 0 0 0 1 0 3.6 6.6000000000000005 3.6 2.8000000000000003 2.4000000000000004 0 0 0 8.6 0 4.4 2 2.4000000000000004 0.4 7.4 0 0 0 0 0 0 0 0 0 0 7.4 0 0 3.6 0 0 3.8000000000000003 4.800000000000001 4.2 0 0 0 0 0 0 0 0 0 0 0 0 0 0 0 0 0 0 0 0 0 0 0 0 0 0 0 0 0 0 0 0 0 3 0.4 0.8 0.4 0.6000000000000001 0 0.4 0 0 0 0 0 0 0 0 0 0 0 0 0 0 0 0 0 0 0 0 0 0 0 0 0 0 0 0 0 
 0 0 0 0 0.2 0 0.6000000000000001 0.4 0 15.4 0 0 0 0 0 1 0 0.6000000000000001 0 0 55 35.800000000000004 55.6 44.6 0 26.200000000000003 13 15.600000000000001 37.4 64 28.200000000000003 70 17.6 57.6 27.8 62.2 13.200000000000001 9.200000000000001 20.200000000000003 25.8 0.4 0.4 0.4 0 0 0.4 0 0 0.6000000000000001 0.4 0.8 0.4 5 1.4000000000000001 0 0.2 0 0 0 26.400000000000002 0 0.8 0.2 0 0 0.8 0.2 1.2000000000000002 0 1 0.2 0 0 0 0 0.8 0.4 0 0 0 0 0 0 0 0.2 0 0 0 0 0.2 0 0 0 0 0 0 0 0 0 0 3 0.2 0 0 0 6.800000000000001 0 3.6 0 0 3.8000000000000003 3.8000000000000003 0 0 0 0 3.6 4 0 0 0 0 0 0 0 0 7.2 3.8000000000000003 0.6000000000000001 0 0 0 4.6000000000000005 0.2 7.4 0.6000000000000001 5.800000000000001 0 0 12.600000000000001 1.8 0.4 0 0 0 0 0 0 0 0 0 0.8 0 0 0 0 0.2 0 0 0 0 0 0 0 0 0 0 0 2.2 0 0 0 0 0 0 0 0 0 0 0 0 3.2 0 0.8 4.4 2.6 0 2.2 0.2 0 0 1 0 5 0 3.8000000000000003 6.2 0 0 0 4.6000000000000005 4.6000000000000005 0.2 0 0 0 0 0.4 2.8000000000000003 0 0 0 3.8000000000000003 2.2 6 2.8000000000000003 6.6000000000000005 2 7.6000000000000005 12.200000000000001 0 0 0 0 0 0 0.2 0.4 0 0 0 0 0 6 0 0 0 0 0.4 0 0 0 0 0 0 0 0 0 0 0 0 0 0 0 0.4 0.6000000000000001 0.4 17 8.200000000000001 0.4 0.8 0 2.4000000000000004 0 0 0 0 0 0 0 0 0 0 0 0 0 0 0 0 3.8000000000000003 0 0 2.2 6.2 0 2.4000000000000004 0 0 0 0 
 14.4 0 0 0 0 0 0.6000000000000001 0 0 0 0 0 0.4 0.6000000000000001 6.800000000000001 0.6000000000000001 0 0.8 0 0.2 7 26.400000000000002 8.200000000000001 15 26.200000000000003 0 25.400000000000002 15.600000000000001 77.60000000000001 15 34.2 28.8 51.800000000000004 29.400000000000002 13 27 10.600000000000001 44.6 12.4 10 10.600000000000001 0.4 0 0 0 0.4 0 8 0.6000000000000001 4.6000000000000005 4.2 0.4 12.8 0 0 0 0 0 0 0 0 1.4000000000000001 0.2 0 0.2 0.8 0 1 0 1 0.4 0 0 0 0 0 0.4 0 0 0 0 0 0 0 0 0 0 0 0 0 0 0 0 0 0 0 0 0 0 1 0 0 0.4 0.2 3.6 5.6000000000000005 0.6000000000000001 0.6000000000000001 1.8 0 3.6 8.200000000000001 0 0 0 0.2 2.8000000000000003 8.200000000000001 0 0 0.2 2.8000000000000003 0.2 0 0 0 2.4000000000000004 2.2 1.6 2 2 1 4.2 1.4000000000000001 5.800000000000001 4.2 5 0 0.2 0 0 0 0 0 0 0.2 0 0.4 0 0 0 0.2 0 0.4 0 0.6000000000000001 0 0 0 0.2 0 0 0 0 0 0 0 0 0 2.6 0 0 0 0.6000000000000001 0 0 0 0 0 0 0 2 8.200000000000001 3.6 0 0.8 0 0 0 0 0 3.4000000000000004 0 2 0 0.2 2.8000000000000003 1.8 0.2 0 2.4000000000000004 1.8 3.6 0 0 0 3.4000000000000004 2.4000000000000004 2.2 6.800000000000001 2.4000000000000004 0 0.8 3 6.2 0 1.8 0 1.6 0 0 0 0 0 0 0 0.4 0 0 0 0 0 0 0.2 0 0 1.6 0 2.4000000000000004 0 0 0 0 0 0 0 0 0 0 0 0 0.6000000000000001 0 0 2.2 0.2 0.2 0.6000000000000001 1 0 0 0.8 0 0 0 0 0.4 0 0 0 0 0 0 0 0.4 0 0 0.4 0 0 0 3.6 3.6 0.4 0 0 0.2 0 0 0 
 0.4 0 15.200000000000001 0 0.6000000000000001 34.800000000000004 0.4 0.2 0 0 8.8 18 0 0 0.6000000000000001 0 0 0.4 9.4 0.4 40 61.800000000000004 51.2 62.400000000000006 13 25.400000000000002 0 43.800000000000004 30.400000000000002 24.200000000000003 68 11.200000000000001 63 31 68 20.200000000000003 37.4 14.4 32 67 0 0.4 0 0 0 0.8 0 0 0.6000000000000001 1 0 0.4 6.2 0.2 0.8 0 0 0 1.4000000000000001 0 1 0.6000000000000001 0 0.6000000000000001 0.4 0.4 0 2 0.2 0.4 0.2 0.6000000000000001 0.8 0.2 0 0.2 1 0 0 0.2 0 0 0 0 4.2 2.8000000000000003 0 0 0 0 0 0 0 0 0 0 0 0 0 0 2 4.4 3.4000000000000004 12.8 4.2 0 4.4 4 0 4.2 0.4 1.2000000000000002 6 1.8 4.2 2.8000000000000003 6.2 0 0.4 0.6000000000000001 0 0 0 0 0 0 0 0 0 0 0 0 0.6000000000000001 0 0 0 0 0 0 0 0.4 0 0 0 0 0 0 0 0 8.4 0 0 0 0 1.6 0.8 0 0 0 0 0 0 1.8 1.8 2.4000000000000004 0 0 0 0 5.800000000000001 4.800000000000001 3.4000000000000004 0 0 0 0 0 0 0 0 10 5.800000000000001 6.4 0 3.2 1.6 0 2.8000000000000003 3.8000000000000003 13 1.4000000000000001 5.800000000000001 0 10.4 4.4 0 0 5.2 0 4.2 0 0 0 0 0 0 0 0 0 0 0 0 0 0 0 0 0 0 0 0 0 0 3.2 0 0 0 0 0.2 0 0 0 0 0.4 0 0 0 0 0 0 0 0 0 0.2 0 0 0 0 0 0 0 0 0 0 0 1.8 0.4 0.4 15.4 0 0.4 0 0.4 0 0 0 0 0 0 0 0 0 0 0 0 0 1.8 0 0 0 0 0 2.8000000000000003 0 0 0 0 0 0 0 0 
 0.4 0 0.4 0 0.8 0.2 0.2 0.4 0 0.8 0.8 13.8 0.4 0.6000000000000001 0.4 0 1.4000000000000001 1 0 2 16 17 43.6 16.400000000000002 15.600000000000001 15.600000000000001 43.800000000000004 0 56.400000000000006 23.6 30.200000000000003 30.6 19 54 34.800000000000004 8.8 25.8 25.400000000000002 22.200000000000003 38.800000000000004 0 0.4 0 0 0 0.6000000000000001 8 0 0.6000000000000001 0.4 0 0.4 1.4000000000000001 0 0 0 0 14 0.4 0 9.4 0.6000000000000001 0 0 0 0.4 0 0.6000000000000001 0 0.4 0.2 0 0 0 0 0 0.4 0 0 0 0 0 0 0 0 3.6 0 0 0 0 0 0 0 0 0 0.4 0 0 0.6000000000000001 0 10.600000000000001 4.6000000000000005 0 12.8 5.2 2.6 0 3.6 0 2 0 5.800000000000001 0.2 6.4 0 5.6000000000000005 8.8 0.2 0 0 0 0 0 0 0 0 0 0 0 0 0 0 7.2 0 0 0 0.4 0 0 0 0 0 0 0 0 0 0 0 0 0 0 0 0 0 0 0.8 0 0 0 0 0 0 0 0 0.6000000000000001 0 0 0 0 0 0 0 0 0 0 0 0 0 0 0 0 4.6000000000000005 2 0 2.2 4 0 3.8000000000000003 5.2 0 0.4 8.6 0 4 8.4 0 6.2 0 0 0.4 0 0 0 0 0 0 0 0 0 0 0 0 0 2.2 0 0 0 0 0 2.8000000000000003 0 0 0 0 5.6000000000000005 0 0 0 0 0 0 0 0 0 0 0 0 0 0 0 0 0 0 0 0 0 0 0 0 0 0 0.4 0 0 3 0 0 9 0.4 0.2 2.6 0.2 0 0 0 0 0 0 0 0 0 0 0 0 0 0 0 0 0 0 0 1.2000000000000002 0 0 0 0 0 0 0 0 
 0 0 1 0 0 0 0 0 0.6000000000000001 0.6000000000000001 0 0 0 0 0 0 0 0.6000000000000001 0.6000000000000001 0 66.8 52.6 61.400000000000006 18.400000000000002 37.4 77.60000000000001 30.400000000000002 56.400000000000006 0 73.8 22.8 7.2 19.8 20.8 28.8 37 27.400000000000002 23.6 21.6 31.6 12.4 0.8 0 0 0 1 0 0.2 0.6000000000000001 0.4 0 0.4 5 12.600000000000001 0 0 0 0 0 13.200000000000001 0 0.6000000000000001 0 0 0.4 0.4 0 0.6000000000000001 0 0.6000000000000001 1.4000000000000001 0 0 0 0 0 0.4 0 0 0 0 0 0 0 0 0 0 0 0 0 0 0 0 0 0 0 0 0 0 0 1.6 11.200000000000001 3 4.2 0 5 2.4000000000000004 0.2 2.2 1.6 4 6 0 0 0.2 0 0.4 6.4 0 0 0 2 0 0 0 0 3.2 0 0 1.2000000000000002 0 0 4.4 0 2 0 0 0 0 3 4.800000000000001 0 0 0 0 0 0 0 0 0 0 1.4000000000000001 0 0 0 0 0 0 0 0 0 0 0 0 0 0 0 0.4 0 0 0 0 0 0 0 0 1.4000000000000001 0 0 0 1.4000000000000001 0.6000000000000001 3.4000000000000004 3.8000000000000003 5.2 3.2 0 0.4 1.8 0 1.2000000000000002 4 0 0.2 0 3 2.8000000000000003 1.6 2.4000000000000004 0.2 0 2.6 0 0 0 0 0 2.2 0 0 0 0 7.6000000000000005 2.2 0 0 0 1.6 2.6 3 0.2 0 0 0 0 0 0 0.4 0 0 0 0 0 0 0 0 0 0 0 0.4 0 0 1.4000000000000001 0 0 0 0 0 0 0 0 0 0 0 1.4000000000000001 0 0.2 0.6000000000000001 8 0 0.2 0 0 0 0 0 0 0 0 0 0 0 0 0 0 0 0 0 0 2.2 0 1.6 0 0 0 2.6 1.4000000000000001 0 0 0 
 0.2 0 0.4 0.4 0 19.6 3.2 0 0 1 0 0 0.2 0 0 1 0.2 0 0.4 0 25.400000000000002 36.6 28.8 71 64 15 24.200000000000003 23.6 73.8 0 53.800000000000004 10.600000000000001 27.8 37.6 81.2 22.6 36.2 66.60000000000001 33 33.2 0 1.6 0 0 0 0.4 0 0 0.6000000000000001 0.6000000000000001 0 0.6000000000000001 0.6000000000000001 0 0 0 41.6 0 0.2 0.4 0 0.6000000000000001 0 0 0 0.4 0 0.6000000000000001 0 0.4 1 0 0 0 0 0 0.4 0 0 0 0.2 0 0 0 0.4 0 0 0 0 0 0 0 0 0 0 0 0 0 0.2 0 1.8 6.6000000000000005 4.800000000000001 12 3.4000000000000004 3.2 5.800000000000001 0 7.800000000000001 5.4 6.6000000000000005 0 0 0 6 4.2 0.4 3.8000000000000003 6.6000000000000005 2.2 0 0 0 0 0 0 0 0 0 0 0 0 0 7.2 0 0 0 0 3 0 0 0 0 0 0 1.2000000000000002 0 0 0.2 1.2000000000000002 0 0 0 0.4 0 0 0 0 0 0 0 0 1.4000000000000001 3 0 0 0 0 0 0 0 1 0 0.4 0 0 0 0 0.6000000000000001 0 3.2 3.6 2 0 5.6000000000000005 4.4 0 8 9.4 8.200000000000001 11.600000000000001 3 0 0 0 9.8 0 6.800000000000001 6.800000000000001 0.8 0 0 0 0 0 0 0 0 0 0 0 0 0.2 3.4000000000000004 0 0 0.2 0 0 2.8000000000000003 0 0 0 0 0 0 0 0 0 0 0 0 0 0 0 0 0 0 0 0 0 0 1.6 0 0 0 0 0 0 0 0 0 0 0 0 0.4 0 16.6 0.6000000000000001 0.4 0 0 0 0 0 0 0 0 0 0 0 0 0 0 0 0 0 0.4 0 0 0 0.8 0 0 0 0 0 0 0 0 
 0.4 0.6000000000000001 0 0 0 16.8 1 0.8 0 0.8 0 0 0 0 0.4 0.6000000000000001 0 0.8 0.6000000000000001 0 57.6 14.4 92.2 21 28.200000000000003 34.2 68 30.200000000000003 22.8 53.800000000000004 0 14.4 6.2 66.8 97.4 96.4 48.400000000000006 26.6 63.800000000000004 18.400000000000002 0 0.4 0 0 0.6000000000000001 0.4 0.4 0 0.6000000000000001 0.4 0.6000000000000001 1 1.2000000000000002 0 0 0 0.6000000000000001 0.6000000000000001 0.2 0 0 0.6000000000000001 0 0 0 0.8 0 0.6000000000000001 0 0.4 0.4 0.4 0 0 9.8 0 0.4 0.2 0 0 0 0 0 0 1.4000000000000001 1.4000000000000001 0 0 0 0 0 0 0 0 0 0 0 0 0 0.4 2.4000000000000004 9 7 9.200000000000001 4.6000000000000005 3.6 2.4000000000000004 3.8000000000000003 1.6 3 4.800000000000001 0 2.4000000000000004 1.8 2 8.4 12 2.6 0 2.2 0 0 0 0 0 0 0 0 0 0 0.2 0 1.2000000000000002 0 0 2.2 0 0 0 0 0 0 0.2 0 0 0 0 0 0 0 0 0 0 0 0 0.6000000000000001 0 0 0 0 4 0 2.4000000000000004 0 2.2 0 0.4 0.2 0 0.4 0 0.6000000000000001 0 0 0 0 0.4 0 0.4 0 1.4000000000000001 6 5 0 3.4000000000000004 6.6000000000000005 0 7.6000000000000005 1.6 3 1.8 6.4 0 9.4 0 2.4000000000000004 11.600000000000001 4.6000000000000005 0 2.4000000000000004 0 0.4 0 0 0 0.4 0 0 0 0 0 0 3.8000000000000003 0 0 0 0 0 5.2 2.4000000000000004 0 0 0 0 0 0 0 0 0.4 0 0 0 0 0 0 0 0 0 0 0 0 0 0 0 0 0 0 0 0 0 0 0.2 0 0 1.4000000000000001 0.2 0 29.8 0 0.6000000000000001 0.2 0.4 0 0 0 0 0 0 0 0 0 0 0 0 0 0 0 0 0 2.2 0 2.4000000000000004 0 0 0 2.6 0 0 0 0 
 0.8 0.6000000000000001 1.8 1.2000000000000002 0.6000000000000001 14.4 1 0.8 0.8 4 0.6000000000000001 0.8 0.8 1.2000000000000002 0.6000000000000001 0.8 0.8 0.8 0.8 0.6000000000000001 51 7.6000000000000005 81.2 5 70 28.8 11.200000000000001 30.6 7.2 10.600000000000001 14.4 0 5.800000000000001 8.6 25.8 10.600000000000001 20.6 28.8 10 8.4 0.2 0.4 0 0 0.8 0.4 13 0 1 0.4 0 0.4 15.4 0 0 0 3 0 12.200000000000001 19 0 0.6000000000000001 0 0 1.6 0.4 2.2 0.6000000000000001 0 0.4 1.4000000000000001 10.200000000000001 0 0 0 1 0.4 1.2000000000000002 0 0.8 0 0 0 0 0 0 0 0 0 0 0 0 0.4 3.4000000000000004 0 0 0 0 0 0 0 0 1.2000000000000002 7.4 6.2 0 0 1.4000000000000001 0 1.8 0.4 2.8000000000000003 0 0 0.4 2.4000000000000004 5.800000000000001 0 0 0 2.8000000000000003 0 1.6 0 0 0 4.4 2.6 2.6 2.8000000000000003 1.6 0 0.4 0 1.4000000000000001 1.4000000000000001 0 0 4.800000000000001 5.800000000000001 0 0 0 0 0 0.2 3.2 0 0 0 0.2 0 0 0 0 0.8 0 0 0 0 0 0 0 0 0 0 0 0 0 0 0.2 0 0 0 0 0 0 0 0 0 0 2.6 2.6 2 3.8000000000000003 2 0 0 2.2 0 0 5 0 2.6 1.4000000000000001 0 0.2 1.2000000000000002 0 0.4 0 0.2 0 0 0 0 0.8 3.2 0 0 0 0 2.8000000000000003 0 3.8000000000000003 0 2.8000000000000003 0 2.8000000000000003 6 0 0 0 0 0 3 0 0 0 0 0 0 0 0 0 0 0 0 0 0 0 0 0 0 0 0 0.4 0 0 0 0 0 0 0 2.4000000000000004 0 0 14.600000000000001 0 0.2 0 0 0 0.4 0 0 0 0 0 0 0 0 0 0.2 0 0 0 0 0 0 0 2.6 0 0 2.4000000000000004 0 1.4000000000000001 0 0 0.2 
