 0 23.400000000000002 14.200000000000001 33 8.8 8.200000000000001 75 30.6 16.2 27.400000000000002 27 7.2 30.8 8.200000000000001 86.4 11.200000000000001 7.2 7.2 7.4 22.6 0.6000000000000001 0 0 0.4 0.6000000000000001 0.6000000000000001 0 0 0.8 1 0.4 0.2 0.6000000000000001 1.2000000000000002 0.4 0 0 0.4 0 0 0 0 0 0.6000000000000001 0 0 0.8 0 0 0 1 0.8 0 0 0.6000000000000001 0 0.6000000000000001 0.2 0 0 0 0.6000000000000001 0.6000000000000001 0.6000000000000001 0 0 0.2 0 7.800000000000001 0 0 0.8 0.8 0 0 0.6000000000000001 0.2 0 1.2000000000000002 0 8.200000000000001 11.8 2.2 8 5.6000000000000005 4 0 4.6000000000000005 11 4.4 2 5.2 1 0 0 0 2 0.6000000000000001 0.2 2.8000000000000003 0.2 0 2.6 0 0.2 0 0.8 0 0 0 0 0 3.4000000000000004 0 0 0 0 0 1 0.2 0 0 0 0 0 0 0 0 0.2 0 0 0 0 0 3.2 0 0 0 0 0 0 0 0 0 0 0 0 0 0 0 0 0 0 0 2 0 0 0.4 0 0 0.6000000000000001 3.8000000000000003 3.4000000000000004 1.6 0 6.2 5.2 0 0.8 6 3.4000000000000004 5.2 0 2 4.4 13 2.4000000000000004 0.2 1.2000000000000002 0 0 0 0 0 0 0 0 0 0 0 0 0 5 0 0 0 0 0 0 0 0 0.4 0.4 0 0 0 0 0 0.2 0 0 0 0 0 0 0.2 0 0 0 0 0 0 0 4.800000000000001 0 0.2 0 0 0 0 0 0 0 0 0 0 0 0 0 0 0 0 0 0 0 0 1.6 0.4 0.6000000000000001 0 0 2.2 2.4000000000000004 0 0 0 0 0 0 0 0 0 0 0 0 0 0 0 0 0 0 0 0 0 0.4 0 5.4 3.4000000000000004 0 0 0 0 0 0 0 0.2 0 0 0 0 
 23.400000000000002 0 19 12.8 5.6000000000000005 5.800000000000001 85.80000000000001 22 56.800000000000004 24.200000000000003 62 29.400000000000002 47.6 58.2 15.600000000000001 107.60000000000001 66.60000000000001 8.200000000000001 38.2 10.600000000000001 0.6000000000000001 0 0 0.4 0.4 0.4 0 0 0.6000000000000001 0.6000000000000001 0 0 0.6000000000000001 0 0 0 0.6000000000000001 1 0 0.6000000000000001 0 0 0 0 0 0.6000000000000001 0.6000000000000001 0 0 0 0 0 0.6000000000000001 0 0 0 0.6000000000000001 0 0 0 0 0.6000000000000001 0 0 0 0.2 0 0 0.8 0 0 0.6000000000000001 0 0.4 0 0 0 0.4 0 0.2 14 4.6000000000000005 10.4 7 0 0 2.8000000000000003 12.600000000000001 2 2 5.2 8.200000000000001 0 9 13.4 2 0 2 0 7 0 0 0 0 0 0 0 0 0 0 0.4 0.2 0 0 0 0 0 0 0 0 0 0 0 0 0.2 0 0 0 0 0 0 0 0 0 0.2 0 0 0 0 0 0 0 0 0 0 0 0 0 0 5.6000000000000005 0 0 0 0 2.2 0.4 0 0 0 0.2 7.6000000000000005 2.4000000000000004 3.4000000000000004 0 0 2 5.4 3.8000000000000003 7 4.6000000000000005 13 8 2 6.2 3.2 0 5.4 0 0.2 2 0 0 0 0 0 0 0 0 0 0 0 0 0 0 0 0 0 0 0 0 0 0 0 0 0 0 0 0 0 0 0 0 0 0 0 0 0 0 0 1.6 0 0 0 0 0 0 0 0 0 0 0 0 0 0 0 1.8 0 0 0 0 0 0 0 0 0 0 0.2 0 8.8 0 2.4000000000000004 1.8 0 0 0 0 0 0 0 0 0 0 0 0 0 0 0 0 12.600000000000001 0 0 0 0 0 0 5.6000000000000005 4.6000000000000005 0 0 0 0 0 0 0 0 0 0 0 0 0 
 14.200000000000001 19 0 54.400000000000006 49.400000000000006 16.400000000000002 34.2 12.8 25 25 59.2 22.200000000000003 39.800000000000004 16.400000000000002 41.400000000000006 14.8 29.6 53.800000000000004 10 14.600000000000001 0.6000000000000001 0 0 0.4 0 0 0 0.2 8.200000000000001 0.6000000000000001 0 0.2 15.8 0.2 0.8 0.4 0 0.6000000000000001 5.2 15.600000000000001 0 0 0 0 0 0 0.2 0 0.4 0 0 0 0 0 0 0.2 0.4 0 0 0 1.2000000000000002 0.6000000000000001 0 0 0 0 0 0 8.6 0 0 0.8 0 0 0 0 0 0 0 0 8.200000000000001 1.2000000000000002 6.800000000000001 7.2 2.4000000000000004 0.2 0 0 3.4000000000000004 0.2 1 4 0 0.2 0 7.2 4.4 5.800000000000001 0 2 2.8000000000000003 0.4 0.2 0 0 0 1.6 0 0 0 0 0 0 0 0 0 0 0 5.6000000000000005 4.800000000000001 0 0.2 0 0 0 0 0 0 0 0 0 0 0 0 0 0 0 0 0 0 0 0 0 0 1.2000000000000002 0 0 0 0 0 0 0 0 0 0 0 0 0 0 0 0.2 7.4 8.6 3.4000000000000004 2.4000000000000004 2.8000000000000003 0 0.4 2.8000000000000003 6.800000000000001 0.4 1.8 0.2 0 6.2 7.2 5.2 6.6000000000000005 0 0 0 0 0.2 0 0 0 2.2 0 0 0 0.4 0 2.8000000000000003 0 0.2 0 2.8000000000000003 0 0 1.4000000000000001 0 0 0 0 0 0 0 0 3 0 0 0 0 5.4 0 0 0 0 0 0 0 0 0.4 0 0 0 0 0 0 0 0 0 0 0 0 0 0.4 0 0 0 0 0 0 0 0 0 0 0 0.2 17.8 0.2 2.2 0 0 0 0 0 0 0 0 0 0 0 0 0 0 0.4 0 0 0 0 0 0 0 0 0 3.8000000000000003 0 0 0 0 0 0 0 0 0 0 0 0 0 
 33 12.8 54.400000000000006 0 100 28.400000000000002 20.8 37.800000000000004 30.400000000000002 36.2 42.2 52.6 13.8 14.4 78.4 9.200000000000001 32.2 22.6 13 19 16 0 0.2 0.4 13.4 0 15 0.2 1 0.6000000000000001 0 0 15.200000000000001 0 0 15.200000000000001 0 0.6000000000000001 33.800000000000004 27 0 0 0 0 0 0 0.4 0 0 0 0 0 0 0 0 0 0.6000000000000001 0 0 0 0.4 0.6000000000000001 0 0 0 0 0 0 6.2 0 0.2 0 1 0 0 0 0 0 0 0 4 3.8000000000000003 0 1.8 8 0 0 0 0 6.800000000000001 1.6 3 0 0 0 0 8.8 2.2 0 2 0 0.2 0 2.2 0 3.8000000000000003 1.4000000000000001 0.4 7.6000000000000005 0 0 0 9.8 1.4000000000000001 0 2.2 0 0 7.800000000000001 6 0.4 0 0.4 0 0 0 0 0 0 0 0 0 0 0 0 0 0 0 0 0 0 0 0 0 1.6 0 0 0 0 0 0 0 0 0 4.4 0 0 0 0 0 0 4.6000000000000005 1.6 1.4000000000000001 6.2 0 0 0 2.8000000000000003 3.2 0.2 3 0 0 1.8 0 1.2000000000000002 9.4 0 0 4.2 0 4.2 0 0 0.4 4.2 3.4000000000000004 0.4 0 0 0 0 2 0 0 3 0 3 7 0 0 0 0 0 0 0 0 0 0 0 0 0 0 0 0 0 0 0 0 0 0.4 0 0 0 0 0 0 0 0 0.4 0 0 2.8000000000000003 0 0 0 0 0 0 0 0 0 0 0 0.4 10 0 0.4 18.2 0 2.8000000000000003 0 0 0 0 0 0 0 0 0 0 0.4 0 0 0 0 0 0 0 0 0 0 0 0 0 3.2 0 0 0 0 0 0 0 0 0 0 0 0 0 
 8.8 5.6000000000000005 49.400000000000006 100 0 14.600000000000001 9.8 25.200000000000003 66.2 55.400000000000006 36.800000000000004 31 75.4 12.600000000000001 20 59.400000000000006 47.400000000000006 30.400000000000002 14.600000000000001 18.8 0.6000000000000001 0 0 0.4 0 0 0 0.2 0.6000000000000001 0.6000000000000001 0 0 25.8 0.2 0 16.2 0 0.4 20 9.600000000000001 0 0.2 0 0 0 0 0.4 0 0 0 0 0 0 0 0 0 0.6000000000000001 0 0 0.6000000000000001 1.2000000000000002 0.6000000000000001 0 0 0 0 0 0 5.2 0 0 0 0.2 8.4 0 0 0 0 0 0 0 2.8000000000000003 0 0 5.4 3.6 0 0 0 4.2 4 0 0 0 0 0 3.6 0.2 0 0 4.6000000000000005 1.8 4.800000000000001 0 0 0 5 7.4 0 0 0 0 6.6000000000000005 0 0 0.6000000000000001 8.200000000000001 0.6000000000000001 6.6000000000000005 7 0 0 0 0 0 0 0 0.4 0 0 0 0 0 0 0.4 0 0 0 2 0 0 0 0 0 0.8 0 0 0 0 0 0 0 0 0 0.2 0 0 0 0 0 0 2 0 0.4 10.200000000000001 2.8000000000000003 0 0.6000000000000001 0.2 0 0 0 0 0.4 0 0 2.4000000000000004 4.2 0.4 0 0 1.8 4.800000000000001 0 0 0 1.2000000000000002 5.2 0 0 0 0 2.6 2.8000000000000003 0 2 1.4000000000000001 0 2.4000000000000004 15.200000000000001 0 0 0 0 0 0 0 0 0 0 0 0 0 0 0 0 0 0 0 0 0 0 0 0 0.2 0 0 0 0 0 0 0 0 0 0 0 0 0 0 0 0 0 0 0 0 0.4 17.8 0 0.6000000000000001 4.4 0 2.2 0 0 0 0 0 0 0 0 0 0 2 0 0 0 0 0 0 0 0 0 0 0 0 0 0 0 0 0 0 0 0 0 0 0 0 0 0 0 
 8.200000000000001 5.800000000000001 16.400000000000002 28.400000000000002 14.600000000000001 0 10 5.4 11.200000000000001 10.200000000000001 18 22.8 10 10.4 10.600000000000001 14.200000000000001 21 31.6 7.4 11.4 6.800000000000001 37.6 0.6000000000000001 0.6000000000000001 0 0 0 18.2 30 0.6000000000000001 0.2 0 1.2000000000000002 8.6 27.200000000000003 42.800000000000004 0.4 0.6000000000000001 34.4 14.4 0 0 1.2000000000000002 0.4 0 0 0.6000000000000001 0.6000000000000001 0 0 12.600000000000001 0.4 0.6000000000000001 0 0 0 1 0 0 0 0.4 0.6000000000000001 0 0 0 0 0 0.4 1.2000000000000002 0 0 0 1.2000000000000002 0 0 0.6000000000000001 0 0 0 0 0 0 0 0 2.6 0.4 0 0.2 3.4000000000000004 9.8 3 0.8 0 0 0 0 4 3.4000000000000004 0 0 1.2000000000000002 0 4.800000000000001 2 0 0 0 3.6 6.2 1.8 0 0 5.4 2 3.8000000000000003 5.4 1.2000000000000002 16.8 4.800000000000001 5.2 0 0 0 1.8 0 0 0 0 0 0 0 0 0 0 0 0 0 0 0.2 0 0 0 0.2 0 0 0 0 0 0 0 0 0 0 0 0 0 0 0 0 0 0 0.2 0 8.6 7.4 3.8000000000000003 0 0 0 0 0 0 0 0 0 2.4000000000000004 2.6 0.2 5 0 0 6.800000000000001 0.2 0 2.2 0 4.6000000000000005 0.2 3.6 2 0.2 0.2 2.8000000000000003 4.4 3.4000000000000004 0.2 0 3.6 4.6000000000000005 9.600000000000001 0 0 0 0 0 3.6 0 0 0 0 0 0 0 0 0 0 0 0 0 0 0 0 0 0 0 2.6 0 0 0 0 0 0 0 0 0 0 0 0 0 0 0 0 0 0 0 0.2 0 0 0.2 0.2 0 0.6000000000000001 0 0.8 0 0 0 0 0 0 0 0 0 0 0 0 0 0 0 0 0 0 0 0 0 0 0 0 0 0 0 0 0 0 0 0 6.6000000000000005 0 0 0 
 75 85.80000000000001 34.2 20.8 9.8 10 0 46.800000000000004 74 23.8 40.2 35.2 80.2 31.8 54.2 63.800000000000004 25.200000000000003 24.6 90.80000000000001 29.400000000000002 0.6000000000000001 0 0 0.4 0 0 0 0.2 1 0.6000000000000001 0 0 0.6000000000000001 0.4 0 0 0 0.6000000000000001 0 0 0 0 0 0.2 0 0 0.6000000000000001 0 0 0 0 0 0 0 0 0 0.6000000000000001 0 0 0 0.6000000000000001 0.6000000000000001 0 0 0 0 0 0 0 0 0 0 0 0 0 0 0 0 0 0 9 7.800000000000001 5.2 8.200000000000001 0 0.2 10.200000000000001 0.4 6 3.6 4.2 4.800000000000001 1.8 4.6000000000000005 5.800000000000001 16.2 3 0 1.8 4.4 0 0 0 0 0 0 0 0 0 0 0 0 0 0 0 0 0 0 1.8 0 0 0 0 0 0 0 0 0.4 0 0 0 0 0 0 0.2 0 0 0 0 0 0.2 0 0 0 0 0 0 0 0 0 0 0 0 0 0 0 0 0 0 0 12.600000000000001 0.8 0 0 0.2 0 0 4.6000000000000005 6 1.6 7.2 2.6 4.800000000000001 7.6000000000000005 3.6 1.8 4.4 0 3 0.4 0 0 0 0 0 0 0 0 0 0 0 0 2.6 0 0 0 0 0 0 0 0 0 0 1.8 0 0 0 0 0 0 0 0 0 0 0 0 0 0 0 0 0 0 0 0 0 0 0 0 0 0 0 0 0 0 0 0 0 0 0 0 0 0 0 0 0 0 0.4 0 9.4 0.2 3.8000000000000003 2 0 0 0 0 0 0 0 0 0 0 0 0 0 0 0 0 0 0 0 0 0 0 0 5.2 7.6000000000000005 0 0 0 0 0 0 0 0 0 0 0 0 0 
 30.6 22 12.8 37.800000000000004 25.200000000000003 5.4 46.800000000000004 0 44 12 25.8 8.4 19.6 9.600000000000001 9.4 38 7.4 4.800000000000001 32.2 72.60000000000001 0.6000000000000001 0 0 0.4 0 0 0 0 0.6000000000000001 1 0 0 0.6000000000000001 0.6000000000000001 0 0 0.4 0.4 0 0 0 0 0 0.2 0 0 0.4 12.200000000000001 0 0 0 0 0 0 0.2 0 0.6000000000000001 0 0 0 0 0.6000000000000001 0 0 0 0 3.8000000000000003 0 0 0 0 0 0.4 0 0 0 0 0 0.6000000000000001 0 2.6 8.6 2.4000000000000004 10.200000000000001 3.8000000000000003 1.4000000000000001 3.4000000000000004 0 11 6.2 0 2.4000000000000004 0 7.6000000000000005 4 2.2 3 0 0.2 7 0 0 0 0 0 0 0 0 0 0 0 0 2.8000000000000003 0 0 0 0 0 0 0.6000000000000001 0 0 0 0 0 0 0 0 0 0 0 0 0 0 3.6 0 0 0 0 0 0 0 0 0 1.2000000000000002 0 0 0 0 0 0 0 0 0 4 0 0 0 0 0 2 2.4000000000000004 7 4.4 0 2 5 5.800000000000001 7.6000000000000005 2.4000000000000004 4 4.4 4 0.2 5.800000000000001 6 1.4000000000000001 11.200000000000001 0.6000000000000001 2 4.2 0 0 0 0 0 0 0 0 0 3.4000000000000004 0 2.4000000000000004 0 0 0 0 0 0 0 0 0 0 0 0 0 0 0 0 0 0 0 0 0 0 0 0 0 0 0 0 0 0 0 0 0 0 0 0 0 1.6 0 0 0 0 0 0 0 0 0 0 2 0 0 0 0.2 18.8 0.4 0.6000000000000001 23.400000000000002 2 1 0 0 0 0 0 0 0 0 0 0 0 0 0 0 0 0 0 0 0 0 0 0 0 2.2 5 0 0 0 0 0 0 0 0 0 0 0 0 0 
 16.2 56.800000000000004 25 30.400000000000002 66.2 11.200000000000001 74 44 0 50.800000000000004 12 101.60000000000001 38 16.6 23.200000000000003 9.200000000000001 31.400000000000002 43 49 17.400000000000002 0.6000000000000001 0.2 0 0.4 0 0 0.6000000000000001 0 0.6000000000000001 1.2000000000000002 0 0 15.8 0 0 0 0.2 0.4 5.2 15.600000000000001 0 0 0 0 0 0 0.4 0 0 0 0 1.8 0 0 0 0 0.6000000000000001 0 0 12.600000000000001 1.2000000000000002 0.6000000000000001 0 0 0 0 0 0 0 0 0 0.8 0 0 0 0 0 0 0 0 0 3.2 5.4 3.6 0 4.2 5 2.2 3.4000000000000004 3.4000000000000004 1 0 0 0 0.2 5.6000000000000005 0 2.6 0 8 2.8000000000000003 0 0.2 0 0 0 1.8 0 0 0 0 0 0 0 0 0 0 0 1 0.6000000000000001 0 0 0 0 0 0 0 0 0 0 0 0 0 0 0 0 0 0 0 0 0 0 0 0 1.2000000000000002 0 0 0 2.6 0 0 0 0 0 0 0 0 0 0 0 0 0 0 5.2 1.8 0 4.800000000000001 0 2.6 7.2 0 0.2 0 0 0 0.2 0 9 2 0 0 0 0 0 0 0 2.2 0 0 0 0 0 1 0 0 0 2.8000000000000003 0 0 0.4 0 0 0 0 0 0 0 0 0 0 0 0 1.6 0 0 0 0 0 0 0 0 0 0 0 0 0 0 0 0 0 0 0 0 0 0 0 0 0 0 0 0 0 0 0 0 0 0.6000000000000001 0.4 0 34.800000000000004 0 2.2 0.4 0 0 0 0 0 0 0 0 0 0 0 0 0 0 0 0 0 0 0 0 0 0 0 2.8000000000000003 0 0 0 0 0 0 0 0 0 0 0 0 0 
 27.400000000000002 24.200000000000003 25 36.2 55.400000000000006 10.200000000000001 23.8 12 50.800000000000004 0 13.8 13.600000000000001 11.8 26.200000000000003 23.6 32.6 38.6 60.2 16.400000000000002 22.400000000000002 0.6000000000000001 0.2 0 0.8 0 0 0.4 16.2 0.6000000000000001 0.6000000000000001 0 0.2 33.2 0 0 0.4 0 0.8 4.4 14.8 0 0 0 0 0 0 0.6000000000000001 0 0 0 0 0 0 0 0 12.600000000000001 0.6000000000000001 11 0 0 2.4000000000000004 0.6000000000000001 0 0 0 0 0 0 0 0 0 0.8 0 0 0 0 0 0 0 0 0.2 3.4000000000000004 4.6000000000000005 4 5 4 3 0 3.8000000000000003 13.200000000000001 4.4 0.4 0 0 2.6 5 9.4 2 0 3.4000000000000004 2.8000000000000003 3.8000000000000003 0 0 0 0 5.800000000000001 6.6000000000000005 0 0 0 0 0 0 0 0 0 0 3.4000000000000004 4.2 0 0 0 0 0 0 0 0 0 0 0 0 0 0 0 0 0 0 0 0 0 0.2 0 0 3.6 0 0 0 2 0 0 0 0 0 0 0 0 0 0 0 2.4000000000000004 0 0 9.600000000000001 9 0 2 0 3.8000000000000003 6.4 0.4 4.800000000000001 0 5 0 0 0 5 0 0 0 0 0 0 0 0 1.8 0 0 0 0.4 0 0.8 0 0 0 1.8 2.6 0 2.4000000000000004 0 0 1 0 0 0 0 0 0 0 0 0.2 0 0 0 0 0 0 0 0 0 0 0.4 0 0 0 0 0 0 0 0 0 0 0 0 0 0.4 0 0 0 0 0 0 0 0 0 0.2 0 0 36 0 1.8 0 0 0 0 0 0 0 0 0 0 0 0 0 0 0.4 0 0 0 0 0 0 0 0 0 3 0 0 0 0 0 0 0 0 0 0 0 0 0 
 27 62 59.2 42.2 36.800000000000004 18 40.2 25.8 12 13.8 0 31.200000000000003 17.6 26 33.800000000000004 34.4 90 54.6 66.60000000000001 57 0.6000000000000001 0 0 0.4 0.2 0 0 15.4 0.6000000000000001 0.6000000000000001 0 0 0.6000000000000001 0 0 0 0 0.4 38.800000000000004 0 0 0 0 0 0 0 0.4 0 0 0 0 0 0 0 0 0 0.6000000000000001 0 0 0 0 0.6000000000000001 0 0 0 0 0 0 7.4 0 0 0 0 0 0 0 0 0 0 0 7.800000000000001 1.6 3 2 3.6 1.6 0.2 0 5.4 0 2.6 8.6 0 5.2 3.4000000000000004 6.2 8.4 5.800000000000001 0 9.200000000000001 0 0 0 0 0 0 0 0 3.4000000000000004 0 0 0 3.4000000000000004 2.2 0 0 0 0 4 2.8000000000000003 0 0 0 0 0 0 0 0 0 0 0 0.4 0 0 0 0 0 0 0 0 0 0 0 0 0 0 0 0 0.2 4.4 0 0 0 0 0 0 0 0 0 0 2.4000000000000004 5 6.800000000000001 0 0 4.800000000000001 2.8000000000000003 0.4 7.6000000000000005 2.4000000000000004 12.4 2.4000000000000004 0 0.2 0.4 2.2 3.4000000000000004 0 0 2.2 0 0 0 0 0 0 0 0 0.2 0 0 0 4.4 0 0.2 0 0 0 0 0 0 0 0 0 0 0 0 0 2.4000000000000004 0 0 0 0 0 0 0 0 0 0 0 0 0 0 0 0 0 0 0 0 0 0 0 0 0 0 0 0 0.4 0 0 0 0 0 0 0 0.6000000000000001 0.2 0.8 18.2 0.2 0 3.4000000000000004 0 0 0 0 0 0 0 0 0 0 0 0 0 0.2 0 0 0 0 0 0 0 0 0 4.6000000000000005 4 1.4000000000000001 0 0 0 0 0 0 0 0 0 0 0 0 
 7.2 29.400000000000002 22.200000000000003 52.6 31 22.8 35.2 8.4 101.60000000000001 13.600000000000001 31.200000000000003 0 8.200000000000001 48.400000000000006 8.200000000000001 22.200000000000003 14.200000000000001 79 9.200000000000001 49 7.6000000000000005 15 0 0.4 0 56.400000000000006 14.600000000000001 0.6000000000000001 30.200000000000003 0.6000000000000001 0 0.4 8 0 0.6000000000000001 2.8000000000000003 0 0.4 0 0.8 0 0 1.6 0 0 0 0.2 0 0 0 0 0 0 0 0 0 0.4 0 0 0 0 0.6000000000000001 0 0 0 0 0 0 0 0 0 0 0.8 0 0 0 0 0 0 0 4 1 4.800000000000001 6.4 2.6 0.2 0 0 2.8000000000000003 1.6 0 2.2 0 2.4000000000000004 0 4.800000000000001 0 0.2 0 3 2.4000000000000004 0 0 2.8000000000000003 0 0 1.6 0 0 0 0 0 3.8000000000000003 2.8000000000000003 0 2.4000000000000004 0 3.2 5 5.6000000000000005 0 0 0 0 0 0 0 0.4 0 0 0 0 0 0 0 0 0 0 0 0 0.2 0 0 0 1.6 0 0 0 0 0 0 0 0 0 0 0 0 0 0 0 2.6 0.2 0.4 10.600000000000001 7.800000000000001 0 0 3.2 1.4000000000000001 0 2 0 1.2000000000000002 0.4 2 0 2.2 6.4 0.4 0 2.8000000000000003 0.2 0 0 0 0 4 0 7.6000000000000005 0 0 0 0 1.2000000000000002 0 0 0.8 0 8 11.8 0 0 0 0 0 0 0 0 0 0 0 0 0 0 0 0 0 0 0 0 0 0 0 0 0 0 0 0 0 0 0 0 0 0 0 2 0 0 0 0 0 0 0 0 0 2 0.6000000000000001 0 1.6 0.2 2.2 3 0 0 0 0 0 0 0 0 0 0 0.2 0 0 0 0 0 0 0 0 0 0 0 0 0 11.4 0 0 0 0 0 0 0 0 0 0 0 0 0 
 30.8 47.6 39.800000000000004 13.8 75.4 10 80.2 19.6 38 11.8 17.6 8.200000000000001 0 24.400000000000002 26.6 70.2 27.200000000000003 6.4 33.4 11.200000000000001 0.6000000000000001 0 0 1.8 0 0.4 0.4 0.4 17 1.2000000000000002 0 1.4000000000000001 0.6000000000000001 15.200000000000001 0.6000000000000001 0 0 1.2000000000000002 0 0.4 0.6000000000000001 0 0 0.2 1.2000000000000002 0.6000000000000001 1.4000000000000001 0 0 0.2 0 0 13.200000000000001 0.2 0.8 13 0.4 0.4 0 0 0 1 0 0.4 0.8 0.4 1.4000000000000001 0 1.2000000000000002 1 0.4 0 0.8 0.6000000000000001 0 0 0.4 0.4 2 0 1.2000000000000002 0.2 3.6 5.2 0 2.4000000000000004 5.2 0 0.6000000000000001 5.6000000000000005 0 2.8000000000000003 1.4000000000000001 2.2 0 9.600000000000001 3 0 4 11.8 0.4 0 0 0 0 0 0 0 0 0 0 0 0 0 0 0.4 0 0 0 0 0.2 0 0.2 0 0 0 0 0 0 0 0 0 0 0 0 0 0 0 0 0 0 0 0 0 0 0 0 0 0 0 0 0 0 0 0 0 0 0 0 0 12.600000000000001 0 0 3.8000000000000003 0 0 0.4 3 6.2 2.8000000000000003 0 3 0.4 2.4000000000000004 0 0.4 0 0 1.8 0 0 0 0 0 0 0.2 0 2.8000000000000003 0 0 0 0 7.4 0 0 0 0 0 0 0 0 0 0 0 0 0 0 0 0 0 0 0 0 0 3 0 0 0 0 0 0 0 0 0 0 0 1.2000000000000002 0 0 0 0.2 0 0 0 0 0 0 0 0 0 0 0 0 0 0 0.4 0.2 0 0.4 0 0 0.4 0 0 0 0 0 0 0 0 0 0 0 0 0 0.2 0 0 0 0 0 0 0 0 0 2.8000000000000003 0.8 2 0 0 0 0 0 0 0 0 0 0 0 0.4 
 8.200000000000001 58.2 16.400000000000002 14.4 12.600000000000001 10.4 31.8 9.600000000000001 16.6 26.200000000000003 26 48.400000000000006 24.400000000000002 0 37 22 18.6 10.8 24 18.400000000000002 0.6000000000000001 0 0 0.6000000000000001 1 0 0 0.2 1.2000000000000002 0.6000000000000001 0 0 0.8 0 0 0 0 0.4 0.2 0.2 0 0 0.2 0 0 0 0.4 0 0 0.2 0 0 0 0 0 0 0.8 0 0 0 0 0.6000000000000001 0 0.4 0 0 0 0 0 0 0.2 0 0 0 0 0 0 0 0 0 4.2 0 2.4000000000000004 0 0 3.6 0.2 1.6 0 0 0 0.2 0 4 7 1.2000000000000002 0 1.8 2.8000000000000003 3 0 0.4 0 2.6 0 0 0 0 0 0 0 0 0 0 0 0 0 0 0 0 0 0 0 0 0 0 0 0 0 0 0 0 0 0 0 0 0 0 0 0 0 0.2 0 1.8 0 0 0 0 0 0 0 0 0 0 0 0 0 0 0 0 1.8 0.2 0.2 0 0 0 3.2 0 2.6 1.2000000000000002 0.4 2.6 0 0 0 2 0 0 0 0 0 0 0 0 0 0 0 0 0 0 0.4 0 1.6 0 0 0 0 0 0 0 0 0 0 0 0 0 0 0 0 0 0 0.2 0 0.2 0 0 0 0 0 0 0 0.6000000000000001 0.4 0 0 0 0 0 0 0 0 0 0 0 0 0 0.4 0 0 0 0 0 0 0 0 0 0.2 0 0 0 0 1 0 0 0 0 0 0 0 0 0 0 0 0 0 0 0.4 0 0 0 0 0 0 0 0 1.8 0 1.4000000000000001 0 0 0 0 0 0 0 0 0 0 0 0 
 86.4 15.600000000000001 41.400000000000006 78.4 20 10.600000000000001 54.2 9.4 23.200000000000003 23.6 33.800000000000004 8.200000000000001 26.6 37 0 20.400000000000002 34 28 35.6 24.6 0.6000000000000001 15.600000000000001 0 0.4 0.4 0 0 0 0.6000000000000001 0.6000000000000001 0 0 0.6000000000000001 0 0 0 0 0.4 0 0 0 12 1.2000000000000002 0 0 0 0.4 0 0 0 0 0 0 0 0 0 0.6000000000000001 0 0 0 0.2 0.6000000000000001 0 0 0 0 0 0 6.4 0 0 0.8 0 0 0 0 0 0 0 0.2 6.6000000000000005 0.2 0 7.4 9.600000000000001 7.2 0 2.8000000000000003 6.6000000000000005 0.2 2.2 7.2 1.2000000000000002 0 3.4000000000000004 0 11.200000000000001 6.6000000000000005 0 0 0.6000000000000001 0 0 0 0 0 4 0 0 0 0 0 0.2 0 0 0.2 0 0 4.2 2.8000000000000003 0.4 0 0.4 0 0 0 0 1.4000000000000001 0 0 0 2 0 0 2.6 0 0 0 0 0 0 0 0 0 0 0 0 0 0 0 0 0 0.2 0 1 0 0 0 0 0 1.4000000000000001 4.4 5.800000000000001 1.8 4.2 3.4000000000000004 0 0 4.4 1 0.6000000000000001 1.6 0 0 2.6 7.6000000000000005 5 0 0 0 0 0 0 0 0 0 0 0 0 0 0 0 6 0 0 0 0 0 0 0 0 2 0 0 0 0 0 0 0 0 0 0 0 0 0 0 0 0 0 0 0 0.4 0 0 0 0 0 0 0 0 0.4 0 0 0 0 0 0 0 0 0 0 0 0 0 0 0.2 17.6 0 0.4 0 0 0.8 2.6 0 0 0 0 0 0 0 0 0 0 0 0 0 0 0 0 0 0 0 0 0 0 4 0.4 1.8 0 0 0 0 0 0 0 0 0 0 0 0 
 11.200000000000001 107.60000000000001 14.8 9.200000000000001 59.400000000000006 14.200000000000001 63.800000000000004 38 9.200000000000001 32.6 34.4 22.200000000000003 70.2 22 20.400000000000002 0 8.6 10.200000000000001 14.8 31.8 0.6000000000000001 0 0 0.4 0 0 0 0 15.4 0.6000000000000001 0 0 0.8 0 0 0 0 0.6000000000000001 0 0 0 12.600000000000001 0 0 0.2 0 0.6000000000000001 0 0 4.6000000000000005 0 0 0 0 0 0 0.6000000000000001 0 0 12.600000000000001 0 0.6000000000000001 9.4 0 0 8.6 0 0 0 0 0 0 0 10.8 0 0 0.4 0 0 0 3.8000000000000003 5.2 13.200000000000001 5.2 0 0 2.6 9.200000000000001 4.800000000000001 2.2 4.2 6.4 0 8.200000000000001 6.2 1.4000000000000001 2.8000000000000003 2 3.6 11.4 0 0 0 0 0 0 0 0.4 0 0 0 0 0 0 0 0 0.6000000000000001 0 0.2 0 0 0 0.4 0 0 0 0 0 0 0 0 0.4 0 0 0 0 0 0 0 0 0 0 0 0 0 0 0 0 0.2 0 0 0 0 0 0 0 0 0 0 0 3 4.4 4.800000000000001 0 0 2.2 7 5.6000000000000005 1.4000000000000001 9.4 18 7.6000000000000005 0.8 7 5 0.6000000000000001 4 0 0 2.6 0 0 0 0 0 0.4 0 0 0 0 0 0 0 0 0 0 0 0 0 0 0 0 0 0 0 0 0 0 0 0 0 0 0 0 0 0 0 0 0 0 0 0 0 0 0 0 0 0 0 0 0 0 0 0 0 0 0 0 0 0 0 0 0 0 0.4 18.400000000000002 0 0 17.6 0 0.2 1 3 0 0.2 0 0 0 0 0 0 0 0 0 0 0 0 0 0 0 0 0 0 0 0 3.4000000000000004 0 0 0 0 0 0 0 0 0 0 0 0 0 0 
 7.2 66.60000000000001 29.6 32.2 47.400000000000006 21 25.200000000000003 7.4 31.400000000000002 38.6 90 14.200000000000001 27.200000000000003 18.6 34 8.6 0 36.800000000000004 25.6 8.6 0.8 0 0 1 0 0 0 0 1 0.6000000000000001 0 0 29.400000000000002 0 0 1.4000000000000001 0.4 4.6000000000000005 30.200000000000003 11.600000000000001 0 0.6000000000000001 0 0.4 0 0 0.4 0.6000000000000001 0 0 0 0 0.6000000000000001 0 0 0 1 0 0 0 1.2000000000000002 0.6000000000000001 0 0 0.4 0 0 0.8 0 0 0 0 0.2 0 0 0.6000000000000001 0 0 0 0 3 0.2 0 0.2 12.200000000000001 3.6 0 0.6000000000000001 5 3 9.600000000000001 0.4 0.4 4.2 0 3 6.4 1.6 0 3.8000000000000003 0 8.4 0 0.2 0 0 3.6 4.2 0.4 3 2.6 0 8 3.4000000000000004 0.4 0.6000000000000001 0 0.4 4.6000000000000005 10.8 0 0 0 0 0 0 0 0 0 0 0 0 0.2 0.2 0 0 0 0 0 0 0 0 0 0 0 0 0 0 0 0 0 0 0 0 0 0 0 0 0 0 2.8000000000000003 3.8000000000000003 0 4 8.4 3.4000000000000004 0 0 0.8 3.4000000000000004 0.2 0 0.4 0 0 2.4000000000000004 8.200000000000001 0 0 0.2 0 0 0 0 0.6000000000000001 0 1.2000000000000002 0 0.4 0 0 0 4.6000000000000005 0 0 0 1.4000000000000001 0 3 0 0 0 0 0 0 0 0 0 0 0 0 0 0 0 0 0 0 0 0 0 0 0 0 0 0.4 0 0 0.4 0 1.6 0 0 0 0 0 0 0 0 0 0 0 0 0 0 0 0.4 0.2 0.2 0 2.6 0 0.4 0 0 0 0 0 0 0 0 0 0 0 0 0 0 0 0 0 0 0 0 0 0 0 2.8000000000000003 0 3 0 0 0 0 0 0 0 0 0 0 0 0 
 7.2 8.200000000000001 53.800000000000004 22.6 30.400000000000002 31.6 24.6 4.800000000000001 43 60.2 54.6 79 6.4 10.8 28 10.200000000000001 36.800000000000004 0 5.2 7.4 0.6000000000000001 0.6000000000000001 0 0.4 0 0 0 0 0.6000000000000001 0.6000000000000001 0 0 4.6000000000000005 0.6000000000000001 16.2 0.2 0 5 15 3.8000000000000003 0 1.2000000000000002 0 1.2000000000000002 0 0 0.4 0 0 0 0 0 0 0 0 0 0.6000000000000001 0 0 0 1.4000000000000001 0.6000000000000001 6.800000000000001 0 0 0 8.6 0 0.4 0 0 0 0.2 0 0 0 0 0 0 0 0.2 1.8 3 4.2 2 2.6 0 0.2 1.2000000000000002 0.4 4.2 2.2 0 0.4 0 4.6000000000000005 0 2.2 0 0 0.2 0 0 0.2 0 0 3.8000000000000003 4.6000000000000005 0 0 0 0 2.6 0 0.2 0 0 0.4 3.2 10.4 0 0 0 0 0.2 0 0 0 0 0 0 0 0 0 0 0 0 0 0 0 0 0 0 0 0.2 0 0 0 0 0 0 2.4000000000000004 0 0 0 0 0 0 0 0 0.4 0 0 4.800000000000001 7.800000000000001 0 0 0 3 2.4000000000000004 0 1.6 0.4 0 0 0 0 0 0 0 0 2.6 0 0 0 0 4.800000000000001 0 0 0 0 0 0.2 0.2 3.8000000000000003 0 1.6 0 0 3 0 0 0 0 3.4000000000000004 0 0 0 0 0 0 0 0 0 0.4 0 0 0 0 0 4.2 0 0 0 0 0 0 0.2 0 0 0 0 0 0.4 3 0 0 0 0 0.2 0 0 0 0 0 0.6000000000000001 0 0 0.6000000000000001 10.4 0 2.8000000000000003 0 0 0 0 0 0 0 0 0 0 0 0 0 0 0 0 0 0 0 0 0 0 0 0 0.2 0 0 0 0 0 0 0 0 0 0 0 0 1.2000000000000002 
 7.4 38.2 10 13 14.600000000000001 7.4 90.80000000000001 32.2 49 16.400000000000002 66.60000000000001 9.200000000000001 33.4 24 35.6 14.8 25.6 5.2 0 40.800000000000004 0.6000000000000001 0.2 0 0.6000000000000001 0 0 0.4 15.200000000000001 0.6000000000000001 0.6000000000000001 0 0 0.6000000000000001 6.800000000000001 0 0.2 1.2000000000000002 0.4 0 0 0 0 0 0 0 0 7 0 0 0 0 0 0 0 0 0 0.8 0 0 0 0 0.6000000000000001 0 0 0 0 0 0 0 0 0 0 0 0 0 0 0 12.200000000000001 0 0 4.800000000000001 1.8 2.8000000000000003 2 0 0 3.6 2.2 4.800000000000001 0 0 3.2 5.800000000000001 3.2 9.8 2 0 4.6000000000000005 3.6 2 0 0 0 0 0 0 0 0 0 0 0 0 0 0 0 0 0 0 0 0 0 0.2 0 4 0 0 0 0 0 0 0 0 0 0 0 0 0 0 0 0 0.4 0 0 0 0 0 0 0 2.6 0 0 0 0 0 0 0 0 0 0 0 2.2 4.2 5.800000000000001 4.800000000000001 0 0 0 2 9.200000000000001 0 0.2 4.6000000000000005 6 0 3.8000000000000003 0 0 0 8 10.600000000000001 0 0 0 0 0 0 0 0 0 0 0 0 0 0 2 0 0 0 0 0 0 0 0 0 0 0 0 0 0 0 0 0.4 0 0 0.6000000000000001 1.6 2 0 0 0 0 0 0.2 0 0 1.6 0 0 0 0 0 0 0 0 0 0.4 0.2 0 0 0 0 3.2 0 0 0 0.6000000000000001 0 0 0 0.4 0 2.4000000000000004 0 0 0 0 0 0 0 0.4 0.2 0 0 0 0 0 0.2 0 0 0 0 0.4 0 0 0 4.4 0 0 0 0 0 0 0 0 0 0 0 0 0 0 
 22.6 10.600000000000001 14.600000000000001 19 18.8 11.4 29.400000000000002 72.60000000000001 17.400000000000002 22.400000000000002 57 49 11.200000000000001 18.400000000000002 24.6 31.8 8.6 7.4 40.800000000000004 0 0.6000000000000001 0 0 0.4 0 0 0 0 1.2000000000000002 1 0 0 0.6000000000000001 0.2 0 0 0.2 0.6000000000000001 0 0 0 0 0 0 0 0 0.6000000000000001 0 0 0 0 0 0 0 0 0 0.6000000000000001 0 0 0 0 0.6000000000000001 0 0 0 0 0 0 0 0 0 0 0 0 0 0 0 0 0 0 0 3.4000000000000004 0.4 0 0 0 2.8000000000000003 4.6000000000000005 10.4 1 0 0 3.2 2 2.8000000000000003 0 7.4 0 5.6000000000000005 0 0 0 0 0 0 0 0 0 0 0 0 0 0 0 0 0 0 0 0 0 0 0 0 0 0 0 0 0 0 0 3.8000000000000003 0 0 0 0 0 0 0 0 0 2 0 0 0 0.2 0 0 0 0 0 0 0 0 0 0 0 0 0 0 0 4.4 0 3.6 0.6000000000000001 0 0 0 7.2 0.6000000000000001 0 0 0 3.8000000000000003 2.2 3.6 0 2.6 2.8000000000000003 7 0 0 0 0 0 0 0 0 0 0 0 0 0 0 0 0 0 0 0 0 0.6000000000000001 0 0 0 0 0 0 0 0 0 0 0 0 0 0 0 0 0 0 0 0 0 0 0 0 0 0 0 0 0 0 0 0 0 0 0 0 0 0 0 0 0 0.6000000000000001 0 0 0 0.6000000000000001 0 0 1.4000000000000001 0 2.6 3.6 0 0 0 0 0 0 0 0 0 0 0 0 0 0 0 0 0 0 0.4 0 0 0 0 0.4 0 0 0 0 0 0 0 0 0 0 0 0 0 0 
 0.6000000000000001 0.6000000000000001 0.6000000000000001 16 0.6000000000000001 6.800000000000001 0.6000000000000001 0.6000000000000001 0.6000000000000001 0.6000000000000001 0.6000000000000001 7.6000000000000005 0.6000000000000001 0.6000000000000001 0.6000000000000001 0.6000000000000001 0.8 0.6000000000000001 0.6000000000000001 0.6000000000000001 0 41 43.400000000000006 74.4 38 78 55.2 38 37.6 60.2 24.6 27.6 15.600000000000001 30 32 14 37.6 52.2 9.8 12.600000000000001 0 0 0.2 0 0 0 0 0.6000000000000001 0.4 0.6000000000000001 0 0 0 0 0 0 0.6000000000000001 0.4 0.4 0.2 0.4 0 0.4 0 0.6000000000000001 0 1.2000000000000002 0.2 0 0 0 0.6000000000000001 1.8 0.6000000000000001 0 0 0.2 0.6000000000000001 0 0.4 0 0 0.4 0 0 0 0 0 0 0 0 0 0 0 0 0 0 0 0 0 0 3.8000000000000003 0.2 0 6.2 6.2 0.4 2.6 0.6000000000000001 2.2 11.8 1.6 6.2 3.4000000000000004 2.6 4.6000000000000005 2.8000000000000003 8.8 3 3.4000000000000004 0 0 0 0 0 0 0 0 0 0 0 0 0.2 0 0 0 0 0 4.6000000000000005 3.6 0 0 0 0 0.2 0 0 0 0 0 0 1.4000000000000001 0 0 0 0 0.2 0 0 0 0 0 0.6000000000000001 0 5.2 0 0 0 0 0 0 0 0 0 0.4 0.6000000000000001 0 0.4 0 0 4.800000000000001 4.800000000000001 4.4 0 2.2 5.6000000000000005 0 0 2.6 6.800000000000001 0 5 1.8 0 3.8000000000000003 2.4000000000000004 2 1 5.800000000000001 13.8 2.6 0 0 0 0 0 3.4000000000000004 0 0 0 0 0 0 0 0 0 0 0 10.8 0 0 0 0 0 2 0 0 0 0.4 0 0 0.2 0 0 0 0 0 0 0 0.2 0 0 0 0 0 0 0 0 0 0 0 0 0 0 1.4000000000000001 0 0.4 0.2 31.200000000000003 0 3.4000000000000004 2.8000000000000003 0 0 0 0 0 0 0 0 0 0 0 1.8 0 0 0 0 0 4.2 0 0 0 0 0 5.6000000000000005 0.2 0 0 0 
 0 0 0 0 0 37.6 0 0 0.2 0.2 0 15 0 0 15.600000000000001 0 0 0.6000000000000001 0.2 0 41 0 50.800000000000004 28.200000000000003 31.200000000000003 6.4 68 37.4 45.6 36 49 18.2 21 70 37.6 48.6 22.400000000000002 58 51.2 20.200000000000003 0 0.6000000000000001 0 0 0 0 0 0.6000000000000001 0 0 0 0 0 0.6000000000000001 0 0 0.4 0 0.4 0 0 0 0 0 0.8 0 0 0.4 0 0 0 0.4 2.2 5.800000000000001 0 0 0 0.6000000000000001 0 0.4 0 0 0 0 0 6.4 0 0 0 0 0 2 0 0 0 0 0 0 0 0 1.6 2.2 1.8 0.2 2.6 0 2.2 1.2000000000000002 15 2.4000000000000004 0.2 0 0.2 3 0 15 0.4 14.8 0.4 0 0 0 0 0 0 0 0 0 0 0 0 0.6000000000000001 0.2 0 0 0 0 0 1.6 0 0 0 0 0 0 0 0 0 0 0 0 0 0 0 0 0 0 0 0 0 0 0.2 0.4 0 2.6 2.6 0 0 0 0 0 0 0 0 0 0 0 0 0 0 2.6 7.6000000000000005 9.200000000000001 3.2 0.2 0 5.800000000000001 0.4 0 0.2 3.8000000000000003 2.8000000000000003 5.800000000000001 1.4000000000000001 5.2 0 6.2 4 4.6000000000000005 5.4 0 0 0 0 0 0 1.6 0 0.4 0 0 0 0 0 0 0 0 0 2.2 0 0 0 0 0 0 0 0 0 0 0 0 0 0 0.4 0 0.2 0 0 0 0 0 0 2.8000000000000003 0 0 0 0 0 0 0 0 0 0 0 1 0.4 0.6000000000000001 0.4 15.4 0.4 0.6000000000000001 0 0 0 0 0 0 0 0 0 0 0 0 0 0 0 0 0 0 1.6 0 1.6 0 0 0 2.2 8.8 0 0 0 
 0 0 0 0.2 0 0.6000000000000001 0 0 0 0 0 0 0 0 0 0 0 0 0 0 43.400000000000006 50.800000000000004 0 28 25 14.8 45.800000000000004 20.8 94.2 15.8 23.200000000000003 8.8 26.8 28.8 33.4 30.8 36.6 25.400000000000002 37.6 8 0 0 0 0 3 0 0 0.6000000000000001 0 0 0 0 12.4 0 0 0 0.4 0 13 0.2 0 9.200000000000001 0.2 0 0.6000000000000001 0 0 0 0 0 0 0.6000000000000001 0.6000000000000001 0.8 0 0 10 0.6000000000000001 0 0.4 0 0 0.2 0 0 0 1.2000000000000002 0 0 0 0 0.4 0 0 0 0 0.2 0 0 0 3.4000000000000004 8.4 4 1.2000000000000002 4.800000000000001 4.2 0.2 0 2 9.8 0.2 2 0 3.4000000000000004 0 8.200000000000001 2.8000000000000003 6 0 0 0 0 0 0 0 0 3 0 0 0 0 0 0 0 0 1.6 0 0 4.4 0.2 0 0 0 0 0 0 0 0 0 0 0.4 1.8 0 0 0 0 0 0 0 0 0 0 0.6000000000000001 0 0.2 2 0 0 0 0 0 0 0 0 0.2 0.8 0 0.4 0 0 0 0 5 3.8000000000000003 3.8000000000000003 3.2 0 4.800000000000001 0.8 2.6 0 1.8 2.2 4.2 4.2 0.4 0 5.800000000000001 2.2 0 0 0 0 0 0 0 9.200000000000001 0.6000000000000001 0 0 0 0 0 0 0 0 0 0 7.4 0.2 0 0 0 0 0 0 0 0 0 0 0 0.4 0 0 0.4 0 0 0 0 0.4 0 0 0.4 0 0 0 0 0 0 0 0 0 0 0 3.6 0 0 0.2 15.600000000000001 0 3.4000000000000004 0 0 0 0 0 0 0 0 0 0 0 0 0 0 0 0 0 0 1.4000000000000001 0 0 0 0 0 1 0 0 0 0 
 0.4 0.4 0.4 0.4 0.4 0.6000000000000001 0.4 0.4 0.4 0.8 0.4 0.4 1.8 0.6000000000000001 0.4 0.4 1 0.4 0.6000000000000001 0.4 74.4 28.200000000000003 28 0 41.400000000000006 4.800000000000001 68.60000000000001 45.6 23.200000000000003 49.400000000000006 28.8 38 29.200000000000003 59.2 95.2 33.2 23.400000000000002 12 11.200000000000001 34.4 0 0 0 0.4 0 0 0 0.6000000000000001 41.800000000000004 0 0.2 0 0 0 0.4 0 0.4 1 0.4 0 1.6 0 0.2 0 0.6000000000000001 0 0 0.2 0 0 0 0.6000000000000001 1.4000000000000001 0.2 0 0 0 0.6000000000000001 1.2000000000000002 0.4 0 0 0 0 0 0 0 0 0 0 0 0 0 0 0 0 0 0 0 0 0 3.6 2 0.4 8.200000000000001 3.6 4 1.8 2.4000000000000004 2.4000000000000004 4.6000000000000005 5.4 2.6 0.2 4.4 1 10 4.4 0.4 0 0 0 0 0 0 0 2.8000000000000003 0 2.2 0 0 0 0 0 2.2 0 0 0 4.4 7.2 0 0 0 0 0 0 0 0 0 0 0 1.2000000000000002 0 0 0 0 0 0 0 0 0 0 0.2 0 0 0 0 0 0 0 0 0.2 0 0 0 0.6000000000000001 0 0 0 0 2 9.8 6.6000000000000005 1.4000000000000001 2.4000000000000004 6.2 0 0 2.2 4.2 6.6000000000000005 17.2 2 0 0.2 8.6 3 1.2000000000000002 0 0 1.6 0 0.2 0 0 0 4.2 0 0.4 0.2 0 0 0 1.6 0 0.4 1.2000000000000002 4.6000000000000005 7 0 2.2 0 0 0 0.4 0 0 0 0 0 0 0 0 0.4 0 2.2 0 0 0 0 0 0 0 0 0 0 0 0 0 0 0 0 0 0.2 2.2 0 0.4 9 1.2000000000000002 0 0.6000000000000001 0.8 0 0 0 0 0 0 0 0 0 0 0 0 0 0 0 0 0 2.2 0 0 0 0 0 3 8.6 0 0 0 
 0.6000000000000001 0.4 0 13.4 0 0 0 0 0 0 0.2 0 0 1 0.4 0 0 0 0 0 38 31.200000000000003 25 41.400000000000006 0 40.6 30 69.4 46.400000000000006 37.800000000000004 37.6 89.2 37.4 17.2 28.8 30.8 29.6 98 56 33.800000000000004 12.600000000000001 23.400000000000002 0 0 0 0 0 0.6000000000000001 0 0 0 12.8 0 25.6 0 4.2 0.4 0.4 0.4 13.200000000000001 0 0 0 0 0.6000000000000001 0 0.2 0.2 0 0 0 0.6000000000000001 0.6000000000000001 0.2 21 0 0 0.6000000000000001 0 0.4 0 0 0 0 0 0 0.4 0 0 0 0 0 0.2 0 0 0 0 0 0 0 0 1.8 0 0 0 5 0 2.6 0 5 1.6 5.4 0 0 1.8 2.4000000000000004 2.4000000000000004 4.6000000000000005 0 0 0.4 0.2 1.8 0 0 0 1.8 0 0 0 3.8000000000000003 0 0 2.4000000000000004 0 2.2 0 4 7.2 4.4 0 0 0 0 0 0 0 0 0 0 0 2.4000000000000004 0 0 0 0 1.8 0 0 0 0 0 0.6000000000000001 0 0 0 0 0 0 0 0 0 0 0 0 0.4 0 0 0 0 0 2.8000000000000003 2.2 6.2 2.4000000000000004 2.2 4.6000000000000005 0 0 2.8000000000000003 0 2.2 0 0 0.2 5.6000000000000005 5.2 10 0 0 6 0 3.8000000000000003 0 2.2 0 0 3.6 3.2 4.800000000000001 0 0 0 0 0 0 0 0 3.8000000000000003 1.2000000000000002 0 0 0 0 0 0 0 0 0 0 0.2 0 0 4 0 0 0 0 0 0 0 0 0.8 0 0 0.2 0 0 0.2 0 0 0 0 0 2.2 0.2 0 1 24 0.8 1 4.6000000000000005 0 0 0 0 0 0 0 0 0 0 0 0 0 0 0 0 0 0 0 2.4000000000000004 0 0 0 0 0 0 0 0 
 0.6000000000000001 0.4 0 0 0 0 0 0 0 0 0 56.400000000000006 0.4 0 0 0 0 0 0 0 78 6.4 14.8 4.800000000000001 40.6 0 6.6000000000000005 11.600000000000001 10.600000000000001 34.2 69.4 33.6 7.4 37 20.6 65 75.60000000000001 68 8 109.80000000000001 0 0 0 0 0 0 0 0.6000000000000001 0 0 0 0 12.4 12.4 0 0 0.4 1.2000000000000002 12.8 12.4 0 0 0 0 0.6000000000000001 0 0 0 0 0 0 0.6000000000000001 0.6000000000000001 0.2 0 0 0 0.6000000000000001 0 0.4 0 0 0 0 0 0 0 0 0 0 0 0 0 0 0 0 0 0 0 0 0 4.6000000000000005 0 0 0 2 0 0 0 9.200000000000001 1.2000000000000002 3 0 0 2.2 0 4.2 1.8 0 0 0 0 0 0 0 0 0 0 0 0 0 0 0 0 1.6 1.6 0 0 3.2 4 0 0 0.4 0 0 0 0 0 0 0 0 1.4000000000000001 0 0 0 0 6.800000000000001 0.4 0 11.600000000000001 0 0 0 0 0 0 0.2 0 0 0 0 0 0 0 0 0 0 0 0 0 0 0 0 9.600000000000001 6.2 3.4000000000000004 0 0 2.6 0.2 0 1.8 0 0 2.4000000000000004 10.200000000000001 3.6 2.2 0 0 3.4000000000000004 0 0 0 0 0 2.6 1.8 4.2 4.6000000000000005 0 0 0 0 0 0 0 0.2 6.6000000000000005 0.2 0 0 0 0 0 0.2 0 0 0 0 0 0 0 0 0 0 0.2 1.4000000000000001 0 0.4 0 0 0 0 0 0 0 0 0 0 0 0 0 0 2.6 0 0 0.2 0.2 0 0.2 3.4000000000000004 0 0 0 0 0 0 0 0 0 0 0 0 0 0 0 0 0 0 0 1.8 0 0 0 0 0 0 0 0 
 0 0 0 15 0 0 0 0 0.6000000000000001 0.4 0 14.600000000000001 0.4 0 0 0 0 0 0.4 0 55.2 68 45.800000000000004 68.60000000000001 30 6.6000000000000005 0 38.6 54 27.8 17 34.2 62.6 45.800000000000004 23.8 9.600000000000001 30.200000000000003 21.200000000000003 6.6000000000000005 26 0 0 0 0 0 0 0 0.6000000000000001 0 0 0 0.6000000000000001 0 0 0 0 0.4 12.8 0.4 0 0 0.2 0 0 0.6000000000000001 0 0 0.2 0 0 0 0.6000000000000001 0.6000000000000001 4.6000000000000005 0 0 0 0.6000000000000001 0 0.4 2 0 0 0 0 0 0 0 0 0 0 0 0 0 0 0.4 0 0 0 0 3.4000000000000004 6.4 0 2.6 6.4 7.6000000000000005 4 3.2 0.2 5.4 0 2.8000000000000003 0 0 4.4 4.800000000000001 2 3.6 0.2 0 0 0 0 0 0 0 0 0 0 0 0 0 1.4000000000000001 0 0 0 0 0 4.6000000000000005 3 0 0 0 0 0 0 0 0 0 0 0 1.4000000000000001 0 0 0 0 0 0 0 0 0 0.4 1 0 0 0 0.2 0 0 0 0 0 0 0 0 1.2000000000000002 0 0 0 0 7.2 3.6 4.800000000000001 0.2 1.8 1.2000000000000002 4.800000000000001 0.6000000000000001 4 3.4000000000000004 0 5 2.8000000000000003 2.6 0.6000000000000001 13.600000000000001 4 4 2.4000000000000004 0 0.4 0 0 0.2 0 0 3.6 0 0.2 0.4 0 0 0 0 0 0 0 0 7.4 0 0 0 0 2.4000000000000004 0 0 0 0 0 0 0 0 0 0.2 0 0 0 0 2.2 0 0 0 0 0 0 0 14.4 0 0 0 0 0 0 0 0.6000000000000001 0 0.2 0.4 0.8 0 10.4 1.2000000000000002 5.4 0 0 0 0 0 0 0 0 0 0 0 0 0 0 0.2 0 1.6 0 0 0 0 0 3 0 0 0 7.2 
 0 0 0.2 0.2 0.2 18.2 0.2 0 0 16.2 15.4 0.6000000000000001 0.4 0.2 0 0 0 0 15.200000000000001 0 38 37.4 20.8 45.6 69.4 11.600000000000001 38.6 0 41.800000000000004 11.200000000000001 32.800000000000004 8.4 21 62.400000000000006 12 25.400000000000002 9.200000000000001 6.6000000000000005 87.80000000000001 73.4 0 0 0 0 0 0 0 0.6000000000000001 0 0 0 0 0 0 0 0 0.4 3.6 0.4 0 0 6.800000000000001 0.4 0 0.6000000000000001 0 0 0.2 0 0 0 0.6000000000000001 0.6000000000000001 0.2 0 0 0 0.6000000000000001 0 0.4 0 0 0 0 1.4000000000000001 0.2 0 0 0 0 1.8 0.2 0 0 0 0 0 0 0 0 2.2 9 5.6000000000000005 2.6 4 0 0 2.2 3.8000000000000003 0 6 7.4 3.8000000000000003 4.800000000000001 4.4 0.2 8.4 6.6000000000000005 0 1.8 0 0 0.4 3.6 0 0 0 0 0 0 0 0.2 0 0 0 0 0 0 6.2 2.4000000000000004 0 0 0 0 0 0 0 0 0 0 1.2000000000000002 7 0 0 0 0 0 0 0 0 0 0 0 0 0 12 0 0 0 0.2 0.2 0 0 0 0 0 0.6000000000000001 0 0 0 1 6.6000000000000005 1.6 0 4 0 4.800000000000001 2.4000000000000004 7.2 1.8 4.4 1.4000000000000001 0 0 2 7.6000000000000005 0 3.8000000000000003 2 7 0 0.2 0 0 0 0 0 0 0 0 0 0 0 0 0 0 2.8000000000000003 0 0 0 0 0 0 0 0 0 0 0 0 0 0 0 0 0 0 0 0 0 0 0 0 0 0 0 0 0 0 0 0 0 0 0 0 0 2.2 0.4 0.4 15.4 0.2 0.4 15 0.2 0 0 0 0 0 0 0 0 0 0 0 0 0 0 0 0 0 0 0 0 0 0 0 0 4.2 0 0 0 
 0.8 0.6000000000000001 8.200000000000001 1 0.6000000000000001 30 1 0.6000000000000001 0.6000000000000001 0.6000000000000001 0.6000000000000001 30.200000000000003 17 1.2000000000000002 0.6000000000000001 15.4 1 0.6000000000000001 0.6000000000000001 1.2000000000000002 37.6 45.6 94.2 23.200000000000003 46.400000000000006 10.600000000000001 54 41.800000000000004 0 103.60000000000001 7 67.8 93.2 37.6 50.6 49.800000000000004 11.200000000000001 31 30.200000000000003 81 0 0 0.4 0 0.2 0 0 0.6000000000000001 0.4 0 0 0 0 0 0 1.2000000000000002 0.4 1.2000000000000002 0.4 0 0 9.8 10.600000000000001 0 0.6000000000000001 0 0 0.4 0 0.4 0 0.4 1.2000000000000002 9.8 0 0.4 0 0.6000000000000001 0 0.4 0 0 0 0 0 0.4 0 0 0 0 0 3.4000000000000004 0 0 0.2 0 0 0 0 0 10 1.2000000000000002 6.2 4.800000000000001 3 3.6 0.2 0 4.4 0 4.2 1.4000000000000001 6.2 9 3 13.200000000000001 3.2 3.8000000000000003 0 0 0 0 0 0 0 0 0 0.4 0 0 0 0 0 0 0 0 0 0.4 0.2 0.2 0.4 0 0 0 0 0 0 0.4 0 0 2 0 0 0 0 0 0 0 0 0 0 0 0 0 0 5.2 0 0 0 0 0 0 0 0 0 2.2 0 0 0 0 2.2 2 4.800000000000001 0.4 1.8 2.2 4.6000000000000005 6.2 3.6 4.2 5.2 4 0 0.2 6.2 0 0.6000000000000001 6.2 10.600000000000001 3.6 0 0 0.2 0 0 0 0 0 0 0 0 0 0 0 0 0 0 0 3.8000000000000003 0 0 0 0 0 0 0 0 0 0 0 0 0 0 0 0 0 0 0 0 0 0 0 4 0 0 0 0 0 0 0 0 0 0 0 2 0 0.4 0.2 0.2 0.4 2.8000000000000003 0.2 0 0 0 0 0 0 0 0 0 0 0 0 0 0 0 0 0 0 0 0 0 0 0 0 2 0 0 0 
 1 0.6000000000000001 0.6000000000000001 0.6000000000000001 0.6000000000000001 0.6000000000000001 0.6000000000000001 1 1.2000000000000002 0.6000000000000001 0.6000000000000001 0.6000000000000001 1.2000000000000002 0.6000000000000001 0.6000000000000001 0.6000000000000001 0.6000000000000001 0.6000000000000001 0.6000000000000001 1 60.2 36 15.8 49.400000000000006 37.800000000000004 34.2 27.8 11.200000000000001 103.60000000000001 0 40.2 67 50 33.800000000000004 29.400000000000002 38.6 48.6 40.400000000000006 44.800000000000004 18.6 0.6000000000000001 0.8 1 0.2 0 0 1 1.2000000000000002 0.4 0.4 0.6000000000000001 42.400000000000006 12.4 0.6000000000000001 0 0 1.8 0.4 13.4 0 0 0 0.6000000000000001 0 1 0 0 0.2 0.2 1 1.6 0.6000000000000001 1.4000000000000001 1.4000000000000001 1 0 0 1.4000000000000001 0 0.4 0 0 0 0 0 6.800000000000001 0 0 0 0 0.2 0 0 0 0.4 0 0 0 0 0 0 0.8 2.2 2.8000000000000003 6.800000000000001 0 0.2 0 4.6000000000000005 6.2 1.6 0 0.4 0 0.2 3.2 0 0 0 0 0 0 0 0 0 0 3 0.2 0 0 0 0 0 1.6 0 0 0.4 0 2.2 0 0 0 0 0 0 0 0 0 0 0 0 0.8 0 0 0 0 0.6000000000000001 0 1.2000000000000002 0 0 0 0 0 0 0 0.4 0 0 0 0 0 0 0 0 0.6000000000000001 0 2.8000000000000003 0 0 0 0 0 9.600000000000001 8.8 5.2 0 0 0.8 3.2 0 1.2000000000000002 2.2 0 5 0 2.6 2.2 0 2 2.8000000000000003 0 0.4 0 0 0 7.2 3.4000000000000004 0 0 0 0 0 2.4000000000000004 0 0 0 0 9.200000000000001 3 0 0 0 0 0 0 0 0 0 0 0 0 0 0 0 0 0 0 0 0 0 0 1.8 0 0 0 0 0 0 0 0 0 0 0 2.6 0.4 0.4 0.6000000000000001 0.2 0 3.6 2.8000000000000003 0 0 0 0 0 0 0 0 0 0 0 0 0 0 0 0 0 0.2 0 4.6000000000000005 0 0 0.2 0 0 4 0 3.2 
 0.4 0 0 0 0 0.2 0 0 0 0 0 0 0 0 0 0 0 0 0 0 24.6 49 23.200000000000003 28.8 37.6 69.4 17 32.800000000000004 7 40.2 0 33.6 9 46.6 11 17.2 85.60000000000001 12.600000000000001 5.2 13.200000000000001 12.600000000000001 0 0 0 12.4 0 12.4 0.6000000000000001 0 0 6 41.6 5.800000000000001 0 0 0 0.4 2.2 12.8 4 0 0 0 0 0.6000000000000001 0 0 0.2 0 0 0 0.6000000000000001 0.6000000000000001 0.4 0 0 0 0.6000000000000001 0 10.200000000000001 0 0 0 0 0 0 0 0 0 0 0 0 0 0 0 0 0 0 0.2 0 0 8.8 1.6 5.800000000000001 4.4 0 4 0 0.2 2 4 10.8 0 0 0.4 1.8 7.2 3.4000000000000004 0 0 2.6 0 0 0 0.4 0 5.2 0 2.6 0 0 0 3.2 1.6 2.6 0 0 2.4000000000000004 3.8000000000000003 5.6000000000000005 0 0 0 0 0 0 0 0 0 0 0 0 0.2 0 0.2 0 0 0 0 0 0 0 0 0 0 0 0 0 0 0 1.8 0 0 0 0 0 0 0 2.2 0 0 4.4 11.600000000000001 0.2 3.4000000000000004 0 0 0 0 0 9.600000000000001 4 1.8 0 0.6000000000000001 6 0 0 0 0.4 0 0 9 0 0 0 1.2000000000000002 1.8 0.2 0 0 0 4.6000000000000005 0 1.2000000000000002 1.8 0 0 4.2 2.8000000000000003 0 0 0 0 0 0 0 0 0 0 0 0 0.4 0 0 0 0 0 0 0 0 0 0 0 0 0 0 0 0 0 0 0 0 0 1.2000000000000002 0 0.4 8.8 0.2 0 0 0.2 0 0 0 0.2 0 0 0 0 0 9.600000000000001 0 0 0 0 0 0 0 2 0 0.6000000000000001 0 0 0 2.8000000000000003 3 0 0 0 
