 0 34.800000000000004 15.600000000000001 20.400000000000002 12.4 8.200000000000001 50.800000000000004 30 82.80000000000001 66.60000000000001 23.8 5.6000000000000005 45.2 30.400000000000002 78.2 21.8 80 48.800000000000004 9.4 62.6 0 0 0 0 0.8 0.2 0 0 0.4 0 0 0.6000000000000001 0 0.4 0 0.4 0 0 14.8 0.4 0 0.4 0 0 0 0.6000000000000001 0.2 0 0 0 0.6000000000000001 0 0 0.6000000000000001 1 5.2 0.8 0 0.4 0 0 0 0 0 0 0 0.6000000000000001 0.4 0.6000000000000001 0 0.4 0.4 0.4 0 0 0 0 0 0 0 0 3.6 5.2 8.200000000000001 0 0 2.4000000000000004 7.6000000000000005 0 0 10.600000000000001 0.2 0 0 0 5.800000000000001 0 8.200000000000001 0 5 0.2 0 0 0 0 0 0 0 0 0 0 0 3 0 0 0 0 0 0 0 0 0 0 1.6 0 0 0 0 0 0 0 0 0 0 0 0 0 0 0 0 0 0 0 0 3.8000000000000003 0 0 1.4000000000000001 0 0 0 0 0 0 0 0 0 0 0 0 2.4000000000000004 0.6000000000000001 2.2 0 0 0.6000000000000001 4.2 2.8000000000000003 2 2.8000000000000003 0.6000000000000001 0 4.4 6 3 0 0.2 0 0 2.2 1 0 0 0.2 0 0 0 0.6000000000000001 0 0 0 0 0 0 0.2 0 0 0 0 0 0 0 0 0 0 0 0 0 0 0 0 0 0 0 0 0 2.6 0 0 0 0 0 0 0 0 0 0 0 0 0 0 0 0.2 0 0 0 0 0 0 0 0 0 0 0 0 0 1.6 0 0.4 0 0 0.8 0 0.2 0 0 0 0.4 0 0 0 0 0.4 0 0 0 0 0 0 0 0 0 0 0 0 4 0 0 0 0 0 0 0 0 0 0 0 0 0 0 
 34.800000000000004 0 177.60000000000002 21.6 70 8.200000000000001 16.400000000000002 28 90.2 28.6 70.60000000000001 5 10.4 14.8 113.60000000000001 25.400000000000002 7.4 25.6 25.8 27.8 0 0 0.2 0 0 1.2000000000000002 15.200000000000001 0 0 0 0 0.4 0 0.4 41 0.4 0 0.4 14.600000000000001 0 0 0.4 0 0.6000000000000001 0 0 2.2 2.6 0 0 0.6000000000000001 0 0 0.6000000000000001 0.4 1 0 0 0 0 0 0 0 0 0 0 0 0.4 0.6000000000000001 0 0 0.4 0 0 0 0 0 0 0 0 2.6 0 6.800000000000001 2.8000000000000003 0 8.200000000000001 2.8000000000000003 5.4 4.6000000000000005 4 3 6.4 2.8000000000000003 2.2 0 0 8.8 11 0 0 3.2 0 0.4 0 0 0 0 0 0 0 0 0 0 0 0 0 0 0 5.6000000000000005 0.2 0 0 0 0 0 0 0.2 0 0 0 0 0 0 0 0 0 0 0 0 0 0 0 1.2000000000000002 0.4 0 0 0 0 0 0.4 0 0 0 0 0 0 0 0 0 0 0.8 1.8 0 1.2000000000000002 4.2 0 6.6000000000000005 2 10.600000000000001 4.6000000000000005 0 0 0.2 0 2.2 3.6 2.8000000000000003 0 1.8 5.2 3.6 0 0 3 0 0 0 0.4 0.2 0 0 0 2.2 0 0.2 0 0.2 0 0.4 0 0.4 0 0.2 0 0 0 0 0 0 0 0 0 0.2 0 0 0 0 0 0 0 0 0 0 0 0 0 0 0 0 0 0 0 0 0 0 0 0 0 0 0 0 4.2 0 0 0 0.8 0.4 0 0 18.2 0.4 0.2 0 0 0 0 0 0 0 0 0 0 0 0 0.4 0 0 0 0 0 0 0 0.2 0 0 1.8 0 0 0 0 0 0 0 0 0 0 0 0 0 0 
 15.600000000000001 177.60000000000002 0 40.6 50.6 8 73.8 30.6 116 16 67.4 8.200000000000001 55.400000000000006 17.2 32.4 90.80000000000001 18.2 86.60000000000001 25 10.600000000000001 0 0 0 0 0 0 0.2 0 0 14.8 0 0.4 0 0.4 0.2 0.4 0 0 0 0 0 0.4 0 0 0 0 0 0.4 0.2 0 0.6000000000000001 0 0 0.6000000000000001 0 12.8 0 0 0 0 0 0 0 0 10.200000000000001 9 0 0.4 1.8 0 0 0.4 0 0 0 9.200000000000001 0 0 0 0 6.6000000000000005 7.800000000000001 4.2 3 3.8000000000000003 1.6 2.6 0 2.4000000000000004 9.4 0.4 8.200000000000001 2 2.6 0.2 0.4 0.8 2.6 2.2 3 4 0 0 0 0 0.2 0 2.4000000000000004 0 0 0 0 0 0.4 2.6 0 0.2 0 0 4.2 0 0 0 0 0 0 3 0 0 0 0 0 0 0 0 0 0 0 0 0 0 0 0 0 0 0.8 0 0 0 0 0 0 0 0 0 0 0 0 0 0 4.2 16.2 3.4000000000000004 0 3.6 1 4.800000000000001 0.2 0.8 4.800000000000001 0 0.2 0 0 2.8000000000000003 8.4 0 4 0 1.4000000000000001 1.2000000000000002 0 0 0 0 0 2 0 0 0 0 0.4 2.8000000000000003 0 0 0 0 0 4.6000000000000005 4.6000000000000005 0 0 0 0 0 0 0 0 0 0 0 0 0 2.2 0 0 0 0 0 0.2 0 0 0 0 0 0.4 0 0 0 0 0 3.6 0 2.4000000000000004 0 0 0 0 0 0 0 0 0 0 0 0.4 0.8 0 0.4 0.6000000000000001 0 0.2 0 0 0 0 0 0 0.4 0 0 0 0.2 0 0 0 0.4 0 0 0 0 0 0 0.2 0 6.6000000000000005 0 0 0 0 0 0 0 0 0 0 0 0 0 0 
 20.400000000000002 21.6 40.6 0 17.8 85.60000000000001 32.4 36.2 83.4 35.800000000000004 24.400000000000002 27.6 41.2 18.6 34.800000000000004 55.6 54 13.4 10.4 17.6 16.2 0 0 0 1 0 14.4 0.6000000000000001 0 0 44 0.4 0 0.4 0.4 1 0 0.4 0 2.8000000000000003 0 8.6 1.4000000000000001 0 0 0 0.4 0 0 0 1.8 0 0 1.2000000000000002 1 0.4 0 0 0.6000000000000001 0 0.4 0 0.4 0.4 0 0 0 0.6000000000000001 0.4 0 1 0.4 0 0.4 1.6 0 0.4 0.4 0 0 1.6 0 2 2.6 4.6000000000000005 0 2.4000000000000004 0 3.2 5.800000000000001 6.800000000000001 7.800000000000001 2.8000000000000003 2.8000000000000003 0 0 4 6.4 0 6.4 4 2.2 0 0.2 0 0 0 1.2000000000000002 0 0 0 0 7.4 10.4 1.6 2.8000000000000003 0 0 16.6 0 0 0 0 0 0.2 0.2 0 0.4 0 0 0 0 0 0 0 0 0 0 0 0 0 0 0 0 0 0 0 0.4 0 0 0.2 0 0.4 0 3.8000000000000003 0 0 0 0 0 0 0.8 0 2.2 0 4 0.2 0 0 2.4000000000000004 3 0 2.2 0.8 3 4.4 0.2 3 0.4 1.2000000000000002 10.8 0 1.4000000000000001 0 0 0 0 2.8000000000000003 4.2 0 0 0 1.8 0 0 7.4 2 13.600000000000001 5.2 0 0 0 0 0 0 0 0 0 0 2 0 0 0 0 0 0 0 0 0 0 0 0 0 0 0 0 1.2000000000000002 0 0 0 0 0 0 0 0 0 0 0 0 2.2 0 0 0 0 0 0 0 0.2 0.2 0 0.4 0 0 0 0 0 0 0 0 0 0 0 1.4000000000000001 0 0 0 0 0 0 0 0 0 0 0 0 0 1.2000000000000002 0 0 0.2 0 0 0 0 0 0 0 0 0 0 
 12.4 70 50.6 17.8 0 37 7.2 17 22.200000000000003 13.4 37 69.2 63.6 61.800000000000004 24 11.600000000000001 12 60.6 11 19.6 16.8 0.2 0 0 0 0.2 27.400000000000002 0 4.6000000000000005 15 0 0 0 0.4 0.6000000000000001 0.4 0.4 0 17.400000000000002 0 0 0.4 0 0 0 0.2 0.8 7.2 0 0 1 0 0 0.6000000000000001 0 0.6000000000000001 0 0 0 0 0 0 0 0 0 0 0 0.4 0.6000000000000001 0 0 0.4 0 0 0 0 0 0 0 0 0 0 0.2 5.800000000000001 4.800000000000001 0.6000000000000001 0 0 0 0 3.6 6.2 0 0 0 0 0 1.8 0 0 6.800000000000001 3 0 0 2.2 0 6.2 2.8000000000000003 0 0 0 0 4 9.4 2 3.6 0.6000000000000001 0.2 6.800000000000001 0 0 0 0 0 0 3.4000000000000004 0 0 0 0 0 0 0 0 0 0 0 0 0 0 0 4 0 0 0 0.6000000000000001 0 0 0 0 0 0 0 0 0 0 0 0.4 0 0 0 0 3.6 3.2 6.4 1.4000000000000001 0 0 3.8000000000000003 0 0 0 0 0 0 0 1 1.2000000000000002 0 0 6.4 3.8000000000000003 0.4 0 0 0 3.2 6.2 6.4 1.4000000000000001 0 0 0 2.2 3.2 8.8 1.8 5.4 7.4 2.6 0 1.2000000000000002 0 0 0.2 0 0 0 0 0 0 0 0 0 0 0 2.2 0 0 0 0 0 0 0 0 0 0 0 0.4 0.4 0 0 0 0 0 0 0 0 0 0 0 4.800000000000001 0 0 0 0 18 0 0.6000000000000001 0 0 0.8 0 0 0.2 0 0 0 0 0 0 0 0 0 0 0 0 0 0 0 0 0 0 0 0 1.6 2 0 0 0 0 0 0 0 0 0 0 0 0 0 
 8.200000000000001 8.200000000000001 8 85.60000000000001 37 0 9.200000000000001 9.600000000000001 63.6 26.8 51.800000000000004 64.4 8.200000000000001 53.800000000000004 11.200000000000001 72 16.6 12.8 55.800000000000004 18 7.6000000000000005 0 0 0.4 0.4 0.2 15 0.4 0.2 0 0 0.2 0 0.2 0.6000000000000001 15.4 0.2 0 0 14 0 1 0 0 0 0 0.4 0 0 0 1.2000000000000002 0 0 0.6000000000000001 0.6000000000000001 0.6000000000000001 0 0 1.4000000000000001 0 0 0 0 0 0 0 0 0.4 0.6000000000000001 0 0 0.4 0 0 0 1 0.4 0.4 0 0 0 2.8000000000000003 0 9.200000000000001 5.6000000000000005 0.2 0 0 2.2 0 5.4 6.800000000000001 0 1.2000000000000002 0 2.8000000000000003 0 0 0 0 2.2 5.2 0 0 0 0 0 2 1.4000000000000001 0.4 0 0.2 5.2 5.4 3.8000000000000003 0 5.4 0 2 5.4 0 0 0 0 0 0 0.4 0 0 0 0 0 0 0 0 0 0 1.6 0 0 0 0 0 0 0 0 0 0 0.2 0 0 0.4 0 0 0 0 0 0 0 0 0 3.2 2.6 2.4000000000000004 0 2 0 0 0 0 0 2 0 0.4 0 0 3.8000000000000003 0.4 0 0.2 2 0 3.2 0 0 0.4 5 5.4 0.2 0.4 0 0.2 2.4000000000000004 0 0 9.200000000000001 8 0.4 4.6000000000000005 2.2 0 0 0 0 0 0 0 0.4 0 0 0 0.2 0 0 0 0 0 0 0.4 0 0.2 0 0 0 0 0 0 0 0 0 0 0 0 0 0 0 0 0 0 0 0 0 0 0 0 0.2 0.8 0.4 0.2 0.4 0.4 0.4 0.2 0 0 0 0 0 0 0 0 0 0 0 0 0 0 0 0 0 0 0 0 0 0 0.4 6.4 0 0 0 0 1 0 0 0 0 0 0 0 0 
 50.800000000000004 16.400000000000002 73.8 32.4 7.2 9.200000000000001 0 13.600000000000001 26.8 41.800000000000004 23.8 5.800000000000001 35.4 65 40.800000000000004 23 23.400000000000002 18 9.200000000000001 35.2 0 0 0 0 0 0.4 0 0 0 0 0 0 0 0.2 0.2 0.4 0 0 0 0 0 0.4 0 0 0 0 0 0 0 0 0.6000000000000001 0 0 0.6000000000000001 0 0.4 0.4 0.2 0 0 0 0 0 0 0 0 0 0.4 0.4 0 0 0.4 0 0 0 0 0 0 0 0 11.8 2.6 5.4 0 0 1.8 1.8 0 3.6 8.200000000000001 4 2 1.8 0 0.6000000000000001 9 0.6000000000000001 0 2.2 3.2 0 0 0 0 0 0 0 0 0 0 0 0 0 0 0 0 0 0 0 0 0 0 0 0 0 0 10.4 0 0 0 0 0 0 0 0 0 0 0 0 0 0 0 0 0 1 0 0 0.8 0 0 0 0 0 0 0 0 0 0 0 0 3.4000000000000004 7.6000000000000005 3.4000000000000004 0 0 3.2 6.4 0 0 4.4 1.6 0 6.4 9.4 1.2000000000000002 3.2 0 4.6000000000000005 0 0 0 0 0 0 0 0 0 0 0 0 0 0 0 0 0 0 0 0 2.6 0 0 0 0 0 0 0 0 0 0 0 0 0 2.4000000000000004 0 0 0 0 0 0 0 0 0 1.8 0 0 0 0 0 0 0 0 0 2.6 0 0 0 0 0 0 0 0 0 0 0 0 0 0.2 0 0 0 0.4 1.6 0 0 0 0 0 0 0 0 0 0 1.6 0 0 0 0 0 0 0 0 0 0 0 0 0 5.2 0 0 0 0 0 0 0 0 0 0 0 0 0 
 30 28 30.6 36.2 17 9.600000000000001 13.600000000000001 0 20.6 50 8.4 5.4 41.6 88.60000000000001 51.800000000000004 58 20 6.4 15.8 13 0 0.2 0.4 0.4 0.4 0.2 0 0.4 0 0 0.6000000000000001 0.4 0 0.4 0.2 0.4 0 0.4 0.4 0 0.2 0.4 0 0 0 0.2 0 0.4 0 0 1.2000000000000002 0 0 1 0.2 0.6000000000000001 0.6000000000000001 0 0 0 0.4 0 0 0 0.6000000000000001 0.4 0.6000000000000001 1.4000000000000001 2 0 0.2 1.4000000000000001 0.6000000000000001 0 0 17.400000000000002 0.4 0 0 0.4 2 0 2 3 0 0 2.2 0 0.8 3.2 0 2 2.2 9.8 5.6000000000000005 0 8.6 0 1.8 0 0 0 0 0 0.6000000000000001 0 0 0 0 0 0 0 0 0 0 0 0 0 3.8000000000000003 3 0 0 0 0 0 0 0.4 0 0 0 0 0 0 0 0 0 0 0 0 0 0 0 0 1 0.4 0 0 0 0 0 0 0 0 0 0 0 0 0 0 0 6.6000000000000005 4.6000000000000005 0 0 0 0 0 2.4000000000000004 0 2.8000000000000003 19.6 0 2 4.6000000000000005 1.8 3 0 0 0.2 3 0 0 0 0 0 0 0 0 0 0 0 0 2.4000000000000004 0 0 0 0 0 0 0 0 0.2 0 0 0 0 0 0.4 0 0 0 0.2 0 0 0 0.2 0 0 0 0 0.4 0.4 0 0 0 0 0 0 0 0 0 0 0 0 0 0 0 0 0 0 0 0 0 0 0 0.4 0 0 0 17.6 5.2 0 0 0 0 0 0.4 0 0 0 0 0 0 0 0 0 0 0 0 0 0.4 0 0 0 0 0 0 0 0 0 0 0 0 0 0 0 0 0 0 0 
 82.80000000000001 90.2 116 83.4 22.200000000000003 63.6 26.8 20.6 0 33.6 73.4 25.400000000000002 40.2 74.8 39.2 79.2 18.400000000000002 40 15.8 32.4 0.4 0 0.2 0 0 0 0 0 0 0.2 41.2 0 0 0.2 0 0.4 0 0 0 0 0 0.4 0 0 0 0 0 0 14.200000000000001 0 0.6000000000000001 0 0 0.6000000000000001 1.2000000000000002 1 1 14.4 0 0 0 0 0 0 0 0 0 0.6000000000000001 0.6000000000000001 0 0 0.4 0 0 0 3.4000000000000004 0 0 0 0 0.2 6.4 4.2 12.8 3.4000000000000004 2.4000000000000004 0 2.6 11.200000000000001 6.2 0.2 7.4 0 0 0 10.200000000000001 1.2000000000000002 9.4 0 3.8000000000000003 6 0 0 0 0 0 0 2.4000000000000004 0 0 0 0 0 3.4000000000000004 0 0 0 0.2 0.2 3.8000000000000003 0 0 0 0 0 0 0 0 0 0 0 0 3.6 0.4 0 0 0 0 0 0 0 0 0 0 0 0.6000000000000001 0 0 0 0 0.2 0 0 0 0 0 0 0 0 0 0 4 5.2 0.2 1.6 4.2 4.800000000000001 0 3.6 0 1.6 2 2 0 0.2 1.8 1.2000000000000002 7.800000000000001 0 0 3.6 0 0 0 0 0 5.4 0 2.6 0 0 0 0.2 0 0 0 0 0.2 6.6000000000000005 3.4000000000000004 0 0 0 0 0 0 0 0 0 0 0 0 0 0 0 0.4 0 0 0 0 0 0 0 0 0.4 0 0 0 0 0 0 0 0 0 0 0 0 0.2 0 0 0 0 0 0 0 0 38.800000000000004 0.2 0.4 0.4 0 0.8 0.4 0 0 0 0 0 0 0 0 0 3.4000000000000004 0 0 0 0 0 0 0 0 0 0 0 0 3.4000000000000004 0 0 0 0 0 0 0 0 0 0 0 0 0 0 
 66.60000000000001 28.6 16 35.800000000000004 13.4 26.8 41.800000000000004 50 33.6 0 23 55 56.6 60 71.8 30.6 40.400000000000006 29.8 15.8 14 0.2 0 0 0 0 0 0 0 0 0 0.4 0 0 0.2 0 0.4 0 0 0 14.8 0 0.4 0 0 0 1 0 0.4 0 0 0.6000000000000001 0 0 0.6000000000000001 1.6 1 7.800000000000001 0 0 0.4 0 0 0 0.2 0.4 0 0 0.4 0.6000000000000001 0 0 0.4 0 0 0 0.2 0 0 0.4 0 2.4000000000000004 7.2 6.4 5.800000000000001 0 6.6000000000000005 1.8 0 7 2 0 0 2.2 1.4000000000000001 0 4.800000000000001 0 3 0 5.800000000000001 0 0 0 0 0 0 0 0 4.800000000000001 0 0 0 0 0 0 0 0 0 0 2 0 0 0 0 0 0 3 0 0 0 0 0 0 0 0 0 0 0 0 0 0 0 0.4 0 0 0 0 0 0 0 0 0 0 0 0 0 0 0 0 0 0 3 1.6 4.4 0 4.800000000000001 1.8 0 2.6 4 1.2000000000000002 6.800000000000001 2 0 0 1.4000000000000001 1.8 6 2.8000000000000003 5.4 0 0 0 0 0 0 2.2 0 0 0 0 0 2.6 0 0 0 0 0 0 3.4000000000000004 0 0 1.4000000000000001 0 0 0 0 0 0 0 0 0 3.8000000000000003 0 0 0 2.4000000000000004 0 0 0 0 0 0 0 0 0 0 0 0 0 0 0 0 0 0 0 0 0 0 0 0 0 0 0 0 0.2 17.8 0.4 0.4 23 0 0 2.6 0 0 0 0 0 0 0 0 0 1.2000000000000002 0 0 0 0 0 0 0 0 0 0 8.6 0 0 0 0 0 0 0 0 0 0 0 0 0 0 0 0 
 23.8 70.60000000000001 67.4 24.400000000000002 37 51.800000000000004 23.8 8.4 73.4 23 0 42.400000000000006 8.200000000000001 15.600000000000001 64.4 20.6 42 90.80000000000001 6.4 12.200000000000001 15.8 0 0 0.2 0.4 0.4 15.200000000000001 0 0.4 1.4000000000000001 14.8 0 0 0.2 0.2 0.4 0 0.8 12 0.4 0 0.4 0 0 1.2000000000000002 0 0.6000000000000001 0.4 0 0 1.2000000000000002 0.4 0.6000000000000001 0.6000000000000001 0.6000000000000001 2.4000000000000004 0.4 0.6000000000000001 0 0 0 0.4 0.2 0.6000000000000001 0 0 0 0.4 1 0.8 0.2 0.4 0 0.4 0.8 1.6 0 0.4 0 0 0 14.4 1 9.4 1.6 4 2 3.8000000000000003 6.6000000000000005 0.2 7.2 4.4 0 2 0 3.8000000000000003 0 5 0 0 3.4000000000000004 1.6 0 0 0 0 0 4.4 0 0 0 0 2.8000000000000003 11.8 2.6 0 0 0.2 5.800000000000001 6.4 0 0 0 0 0 0.4 0 0 0 2.8000000000000003 0 0 0 0 0 0 0 0 0 0.4 0 0 0 0 0 0.2 0 0 0 0 0 0 0 0 0 0 0 0 0 0 3.8000000000000003 3.4000000000000004 3.8000000000000003 3.8000000000000003 0.6000000000000001 3 0.2 0 4 0 2.2 2 0 0 0 0 4 4.800000000000001 0 0 4.4 0 3 0 0 0 3 0.6000000000000001 2.8000000000000003 0 0 0 2.2 0.2 0 3.2 2 0 3.4000000000000004 3.8000000000000003 0 0 0 0 0 0 0 0 0 0 0 6.6000000000000005 0 0.4 0 2 0 0 0 0 0 0 0 0 0 0 0 0 0 0 0 0 0 0 0.2 0 0 0 0 0 0 0 0 0 0 0.2 34.6 0.2 0.2 1 0 0 0 0 0 0 0 0 0 0 0 0 0 0 0 0 0 0 0 0 0 0 0 0 0 1 2 0 0 0 0 0 0 0 0 0 0 0 0 0 
 5.6000000000000005 5 8.200000000000001 27.6 69.2 64.4 5.800000000000001 5.4 25.400000000000002 55 42.400000000000006 0 6.6000000000000005 10.200000000000001 5.2 5.6000000000000005 33.4 19.6 7.800000000000001 24.400000000000002 15.600000000000001 0.4 0 0 0 0 36.4 1.8 0.2 0.8 0 0.2 0.4 0.4 1.4000000000000001 0.8 0 0 0 15 0 0.6000000000000001 0 0 0 0 1.2000000000000002 3.2 0 0 1.6 0 0 1.2000000000000002 0 0.8 0 0 0 0 0 0 0 0 0 0 1 0.4 0.4 0 0.6000000000000001 0.4 0 0 0 0 9.600000000000001 0 0.8 1.2000000000000002 0 0 0 6.2 9.200000000000001 5.2 0 0 0 2 7 5 0 0 0 0 0 0 0 0 10.8 2 0 0 0 0.2 0 0.8 2.4000000000000004 0 0 0 2.4000000000000004 6.6000000000000005 3 0 1.4000000000000001 0.8 13.200000000000001 0 0.4 0 0 0 0 0 0 0 0 0.2 0 0 0.4 0 0 0 0 2.6 0 0 0.4 0 0 0 0.2 0.4 6.2 0 0 0 0 0 0 0 0 0 0 0 0 0 0 2.8000000000000003 0 0 2.8000000000000003 3.8000000000000003 0 0 0 0 0 0 0 0 0 0 2.8000000000000003 0.4 0 0 1 0 1.2000000000000002 0 0 0 0.2 0 10.4 0 0 0 2 1.6 2.2 9 1.8 0 0.2 5.2 0 0 0 0 0 0 0 0 0 0 0 0 0 0 0 0 0 0.2 0 0 0 0 0 0 0 0 0 0 0 0 0 0 0 0 0 0 0 0 0 0 0 3.8000000000000003 0 0 0 0.8 0.8 0.2 0 17.8 0 0.2 2.8000000000000003 0 0 0 0 0 0 0 0 0 13.600000000000001 0 0 4.6000000000000005 0 0 0 0 0 0 0 0.2 0 3.6 1 0 0 0 0 0 0 0 0 0 0 0 0 0 
 45.2 10.4 55.400000000000006 41.2 63.6 8.200000000000001 35.4 41.6 40.2 56.6 8.200000000000001 6.6000000000000005 0 34.2 13.200000000000001 7.4 11.8 7.800000000000001 30.200000000000003 45.800000000000004 0 0 0 0 0 0 0 0 0 0 0 0 0 0.2 0 0.4 0 0.8 0 0.4 0 0.6000000000000001 0 0 0 0.8 0 0 12.4 0 1.2000000000000002 0.4 0 13 0 0.6000000000000001 0.4 0 0.4 0 0 0 0 0 0 0 0 0.4 0.6000000000000001 0 0 21.6 0 0 0 0.2 0.2 0 0 0 0 0 0 0.6000000000000001 0 0 1 3.6 0 0 0 0 1.6 0 3.8000000000000003 0 0.2 4.4 2.2 2.4000000000000004 0 0 0 0 0 0 0 0 0 0 0 0 0 0 0 0 0 0 0 0 0.2 0 0 0 0 0 0 0 0 0.4 0 0 0.2 0 0 0 0 0 0 0 0.2 0 0 0 1.4000000000000001 0 0.2 0.8 0 0 0 0 0 0 0 0 0.4 0 0 0 2.4000000000000004 0 0 0 0 0 0 1.8 0 0 0 0 0 7.2 2.4000000000000004 0 0 0 7 0.4 0 0 0 0 0 0 0 0 0 0 0 0 0 0 0 0 0 0 0 0 0 0 0 0 0 0 0.4 0 0.4 0 0 0 0 0 0 0 0 0.4 0 3.2 0 0 0 0 3 0 0 0 0 0 0 0 0 0 0 0 0 0 0 0 0 0 0 0 0 0.2 0.2 0 0 0.4 0 4 0 0 0 0 0 0 0 0 0 0 0 0 0 0 0 0 0 0 0 0 0 0 0 0 0 0 0 0 0 0 0 0 0 0 0 0 0 0 
 30.400000000000002 14.8 17.2 18.6 61.800000000000004 53.800000000000004 65 88.60000000000001 74.8 60 15.600000000000001 10.200000000000001 34.2 0 30.400000000000002 25 24.6 26 17.8 52.800000000000004 0 0 3.4000000000000004 0 0 0 0.2 0.8 0 0 0 0 0 0.6000000000000001 0.4 0.4 0 0 0.4 0 0 0.4 0 0 0 0 0 0 0 0 0.6000000000000001 0 0 0.6000000000000001 0.2 1.6 0.8 0 0 0 0 0 0 0 0 0 0 0.4 0.4 0 0 0.6000000000000001 0 0.4 0 0 0 0 0 0 2.8000000000000003 9 3.2 7 0 1.8 0 0 5 0 0 0.2 0 0 0.8 1.2000000000000002 2.2 0 0 3.6 0 0 0.4 0 0 0 0 0 0 0 0 0 0 0 0 0 0 0 6 2.6 0 0 0 0 0 0 4 0 0 0 0 0 0 0 0 0 0 0 0 0 0 0 0 0.4 0.8 0 0 0.4 0 0.4 0 1.6 0 0 0 0 0 0 0 0 2 3 1.6 3 0 5.4 2 0 0 2 2.2 6.800000000000001 5.800000000000001 1.8 0 1.6 0 5.4 0.4 0.4 0 0 0 0 0 0 0 0 0.2 0 0 0 1.4000000000000001 0 0 4.6000000000000005 0 0 0 0 0.4 0 0.2 0 0 0 0 0 0 0 0 0 0 0 0 0 0 0 0 0 0 0 0 0 0 0 0 0 0 0 0 0 0 0 0 0 0 0 0 0 0 0 0 0 0 0 17.8 0 1.2000000000000002 17.400000000000002 0.2 0.8 0 0 0 0 0 0 0 0 0 0 2.2 0 0 0 0 0 0 0 0 0 0 0 0 0 0 0 0 0 0 0 0 0 0 0 0 0 0 0 
 78.2 113.60000000000001 32.4 34.800000000000004 24 11.200000000000001 40.800000000000004 51.800000000000004 39.2 71.8 64.4 5.2 13.200000000000001 30.400000000000002 0 52.400000000000006 28.6 8.8 13.4 44.6 0.2 0 0.6000000000000001 0.6000000000000001 0 0 0 0 0 0 0 0 0 0.2 0.2 0.4 0 0 0 0.2 0 0.4 0 0.6000000000000001 0.6000000000000001 0 0.4 0.2 0 5.4 0.6000000000000001 0.6000000000000001 0 1.4000000000000001 0 0.6000000000000001 0.4 0 0 0 0 0 0 0 0.8 0.6000000000000001 0 1.6 0.6000000000000001 0 0 0.8 0 0 0 0.2 1.8 0.4 0 0.2 1.6 0 3.6 0.2 0 0 2.4000000000000004 5.2 2.6 2 0.4 2.8000000000000003 3.8000000000000003 7 0 0 5 5.4 0 2.6 0 0 0 0.6000000000000001 0 0 0 0 0 0 0 0.2 0 0 0 0 0 0 0 4.800000000000001 0 0 0 0 0 0 0 0 0 0 0 0 0 0 0 0 0 0 0 0 0 0 0 0 0 0 0 0.2 0 0 0 0 0 0 0 0 0 0.4 0 0 4.800000000000001 1.2000000000000002 0 0 1.4000000000000001 0 2.4000000000000004 0.4 4 5.4 3.8000000000000003 0 8.200000000000001 1.2000000000000002 5.4 4.2 0 1.4000000000000001 1 2.8000000000000003 0 0 0 0 0 0 0 0 0 0 0 0 0 0.2 0 0 0 0 0 0 0 0 0 0 0 0 0 0 0 0 0 0 0 0 0 0 0 0 0 0 0 0 0 0 0 0 0 0 0.4 0.4 0 0 0 0 0 0 0 0 0 0 0 0 0 0 0 0.8 0.6000000000000001 0 0.6000000000000001 0.4 0.6000000000000001 0.8 8.4 0 0 3.6 0 0 0 0 0.2 0 1.4000000000000001 0 0 0 0 0 0 0 0 0 0 0 0 2.6 0 0 0 0 0 0 0 0 0 0 0 2.2 0 0 
 21.8 25.400000000000002 90.80000000000001 55.6 11.600000000000001 72 23 58 79.2 30.6 20.6 5.6000000000000005 7.4 25 52.400000000000006 0 69.4 9.200000000000001 27.200000000000003 32 0 0 0 0 0 0 0 0 0 0.4 0 0.2 0 0.2 0.4 0.4 0 0 0 0.2 0 0.4 0 0 0 0 0 0.2 0 0 0.6000000000000001 0 0 0.6000000000000001 0 0.4 0 0 0 0 0 0 0 0 0 0 0 0.4 0.4 0.2 0 0.4 0 0 0 1.2000000000000002 0 0 0 0 1.4000000000000001 3.6 1.8 3.2 0 0 8 3.6 9.600000000000001 6.2 0 3.6 4.800000000000001 6.800000000000001 3.8000000000000003 3 4.4 1.8 0 2.8000000000000003 0 0 0 0 0 0 0 0 0 0 0 0 0 0 0.2 0 0 0 2 3.6 0 0 0 0 0 0 0 0 0 0 0 0 0 0 0 0 0 0 0 0 0 0 0.6000000000000001 0 0 0 0 0 0 0 0 0 0 0 0 0 0 0 0 0 2.4000000000000004 2.2 0 14.4 0 0 3.6 6.6000000000000005 3.6 2 1.8 0 2.6 0 1.6 3.4000000000000004 3.8000000000000003 6.6000000000000005 3.6 5 0 0 0 0 0 0 0 0 0.2 0 0 0 3.8000000000000003 0 0 0 0 0 0 2.8000000000000003 0 0 0 2 0 0 0 0 0 0 0 0 0 0 0 0 0 0 0 0 0 0 0 0 0 0 0 0 0 0 0 0 0 0 0 0 0 0 0 0 0 0 0 0 0 0.2 0 0.4 0.4 1.2000000000000002 2 0.4 0 0 0 0 0 0 0 0 0 0 1.4000000000000001 0 0 0 0 0 0 0 0 0 0 0 0 0 0 0 0 0 0 0 0 0 0 0 0 1.8 0 0 
 80 7.4 18.2 54 12 16.6 23.400000000000002 20 18.400000000000002 40.400000000000006 42 33.4 11.8 24.6 28.6 69.4 0 33.6 53.2 20.8 0.2 0 0 0 0.6000000000000001 0.4 0 0 0 0 0.4 0.2 0 0.2 0.2 0.4 0 0 0 0 0 0.4 0.6000000000000001 0 0 0 0 0 0 0 1.2000000000000002 0 0 1.2000000000000002 0.4 11 0 0 0.6000000000000001 0 0.4 0 0.2 0 0.2 0 0 0.8 0.4 7 0 0.4 0 0.4 0.6000000000000001 9 10.200000000000001 0 0 0 7.2 7.4 2.4000000000000004 3.4000000000000004 0 5 6.6000000000000005 3.8000000000000003 7.2 3.8000000000000003 1.8 2 1.8 1.8 2.2 3.8000000000000003 4.4 9.200000000000001 2.2 0 0 0 0 0 0 0.4 0 0 0 0 0 0 0 0 0 0 0 0 0 5.6000000000000005 0.2 0 5 0 0 0 3 0 0 0 0 0 0.2 0 0 0 0 0 0 0 0.2 0 0 0 0 0 0.2 0 0 0 0 0 0 0 0 0 0.4 0 0 0 3.4000000000000004 11.4 0.2 10.200000000000001 1.4000000000000001 1.6 6 3.8000000000000003 0.2 4.2 2.4000000000000004 7.800000000000001 0 8.8 2.4000000000000004 4.4 3.8000000000000003 5.800000000000001 1.2000000000000002 1.6 0 0 0 0 0.4 0 1.4000000000000001 0 0 0 0 0 0.8 0 0 0 0 0 0 2 0 0 0 0 0 0 2 0 0 0 0.2 0 0 0 0 0 0 0.4 0 0 0 0 0 4.6000000000000005 0 0 0 0 0 0 0 0 0 0 0 0 0 0 0 0 0 0 0 0 0 0.4 0.2 0 0 0.6000000000000001 0 1 0.4 0 0 0 0 0 0 0 0 0 13.4 0 0 0 0 0 0 0 0 0 0 0.4 0 0 0 3.6 0 0 0 0 0 0 0 0 0 0 0 0 
 48.800000000000004 25.6 86.60000000000001 13.4 60.6 12.8 18 6.4 40 29.8 90.80000000000001 19.6 7.800000000000001 26 8.8 9.200000000000001 33.6 0 16.400000000000002 14.600000000000001 0 0 0 0 0 0 14.8 0 0 0 0 0 0 0.4 0 0.4 0 0.4 0 0 0 0.6000000000000001 0 0 0 0 0.8 2.8000000000000003 0 0 0.6000000000000001 0 0 0.6000000000000001 0 0.6000000000000001 0 0 0 0 0 0 0 0 0 0 0 0.4 0.6000000000000001 0 0 0.4 0 0 0.6000000000000001 0 0 0 0 0 2.6 3 2.8000000000000003 2.6 2.8000000000000003 6.2 2.4000000000000004 2.4000000000000004 0.2 6 0 5.6000000000000005 0 2.4000000000000004 0.2 2.6 0 4.800000000000001 0 0 5 0 0 0.2 0 0 0 6.800000000000001 0 0 0 0 0 0.2 4 0 0.2 0 0 0.6000000000000001 0 0 0 0 0 0.2 0.6000000000000001 0.4 0 0 0 0 0 0 0 4 0 0 0 0.2 0 0 0 2.8000000000000003 0 0.2 0 0.4 0 0 6.2 0 0.4 0 0 0 0 0 0 0 1.4000000000000001 1.4000000000000001 1.6 2.4000000000000004 5.2 5.4 2.4000000000000004 0.4 11.8 2.6 0.4 2 0 0 3.4000000000000004 0 2.6 7.800000000000001 0 0.2 1.8 0 0 0 0 0 3.6 2.8000000000000003 2.6 0 0 0 3 1.4000000000000001 2 0 0 0 3.4000000000000004 5 0 0 0 0 0 0 0 0 0 0 0 0 0 0.2 0 0 0 0 0 0 0 0 0 0 0 0 0 0 0 0 0 0 0 0 0 0 0 0 0 0.2 0 3.8000000000000003 0 0 0 1.2000000000000002 8.8 0.4 20.400000000000002 0.4 0 0 0.4 0 0 0 0 0 0 0 0 0 0 0 0 0 0 0 0 0 0 0 0 0 0 6.2 0 0 0 0 0 0 0 0 0 0 0 0 0 0 
 9.4 25.8 25 10.4 11 55.800000000000004 9.200000000000001 15.8 15.8 15.8 6.4 7.800000000000001 30.200000000000003 17.8 13.4 27.200000000000003 53.2 16.400000000000002 0 39.400000000000006 0 0 0.4 0 0 0 0.4 0 0 0 0 0.6000000000000001 0 0.2 0.2 0.4 0 0.2 0 0 0 0.4 0 0 0 0.2 0 0 0.6000000000000001 0 0.6000000000000001 0 0 0.6000000000000001 0 0.6000000000000001 0.2 0.6000000000000001 0 0 0 0 0 0.8 0 0 1.2000000000000002 1.8 0.4 0 0 0.4 0.6000000000000001 0.2 0 0 0 0 0 0.2 3.4000000000000004 4.4 3.4000000000000004 0 0 0 4.6000000000000005 7 0 0 0 1.8 0.2 13.200000000000001 11.8 0 0 1.4000000000000001 0 4.4 0 0 0 0 0 0 0 0 0 0 0 0 0 0 3.4000000000000004 0 0 0 0 0 0 0 0 0 0 0 0 0 0 0 0 0 0 0 0 0 0 0 0 0 0 0 0 0 0 0 0 1 0 0 0 0 0 0 0 0 0 0 0 0 8.8 1 0 0 0.4 0 3.6 3.8000000000000003 2.4000000000000004 1.4000000000000001 2.4000000000000004 0 2 6.800000000000001 10.600000000000001 0 0 9 1.4000000000000001 1.4000000000000001 0 0 0 0 0 0 0 0 0 0 0 0 0 0 0 0 0 0 0 0 0 0 0 0 0 0 0 0 0 0 0 0 0 0 0 0 0 0 0 0 0 0 0 0 0 0 0 0 0 0 0 0 0 0 0 0 0 0 0 0 0 0 0 0 0 0.6000000000000001 0 0 0 0.2 2.4000000000000004 1.4000000000000001 0 0 0 0 0 0 0 0 4.6000000000000005 0 0 0 0 0 0 0 0 0 0 0 0 0 0 2.6 0 0 0 0 0 0 0 0 0 0 0 0 0 0 
 62.6 27.8 10.600000000000001 17.6 19.6 18 35.2 13 32.4 14 12.200000000000001 24.400000000000002 45.800000000000004 52.800000000000004 44.6 32 20.8 14.600000000000001 39.400000000000006 0 0 0 0 0 0 0 0.2 0 0 0 0 0 0 0.6000000000000001 0.8 0.4 0.4 14.200000000000001 0 0.4 0 0.4 0 0 0 0 0 0 0 0 1.2000000000000002 0.4 0.6000000000000001 0.6000000000000001 0 0.4 0.4 0 0 0 0 0.4 0 0 0 0 0 0.4 2.2 0 0.2 0.8 0 0 0.6000000000000001 0.2 0 0 0 7.800000000000001 2.4000000000000004 1.4000000000000001 3 0 0 0 0 6.4 0 0.2 1.8 1.6 0 2.8000000000000003 5.2 3.2 1.8 1.4000000000000001 1.6 9 0 0 0 0 0 0 0 0 0 0 0 0 0 0 0 0 0 0.2 0 0 0 0 0 0 3.2 0 0.4 0 0 0 0 0 0 0 0 0 0 0 0 0 0 0 0 0 1.8 0 0 1.8 0 0 0 0 0 0 0 0 0 0 0 0 2.8000000000000003 0.6000000000000001 0 0 1.8 0 4.4 4.800000000000001 2 2.4000000000000004 3.4000000000000004 0 3.6 8.6 3.4000000000000004 6.2 0 0 2 2.6 0 0 0 0 0 0 0 0 0 0 0 0 0 0 0 0 0 0 0 0 0 0 0 0 4 0 0 0.4 0 0 0 0.2 0 0 0 0 0 0 0 0 0.4 0.4 0 0 0 0 0 0 0 0 0 0 0 0 0.2 0 0 0 0 0 0 0 0 0 0 0 0 0 0.2 0 0 0.4 0 0 0 0 0 0 0 0 0 0 0 0 0 0 0 0 0 0 0 0 0 0 0 0 3.2 0 0 0 0 0 0 0 0 0 0 0 0 0 
 0 0 0 16.2 16.8 7.6000000000000005 0 0 0.4 0.2 15.8 15.600000000000001 0 0 0.2 0 0.2 0 0 0 0 46 19.8 24.6 11.8 20 19.6 42.800000000000004 8.200000000000001 16 36.800000000000004 32.4 30.8 23.400000000000002 17.8 26.6 6.2 19.400000000000002 40.2 33.2 0 0.6000000000000001 0 0 1.4000000000000001 0.4 15.200000000000001 0.4 0.4 0 1 0 0.6000000000000001 0 0.8 0 0 0 0 0 0 0 0 0 1.2000000000000002 0 0.6000000000000001 0.6000000000000001 0 0 0 0 0 0 0 0 0.6000000000000001 0 0.4 0.6000000000000001 0 0 0 4 1 0 0 0 0 0 2.6 2.6 0 0 0 0 0 0 0 0 2.2 3.8000000000000003 3.4000000000000004 2.2 0 2.8000000000000003 3 7.800000000000001 2.6 8 0 4.2 0.2 3.4000000000000004 2 1.6 0 3.6 0 3.6 0 0 0 0 0.4 0 0 0 0 0 0 0 0 0 0 0 0 0 0 0 0 1.4000000000000001 0 0 0 0 0 0 0 0 5.2 4.2 0 0.8 0 0 0 0 0 0 0 0 2.4000000000000004 0 0 0.4 0 0 0 0 0 0 0 0 1.2000000000000002 0 3.4000000000000004 0 0 0 0 1.6 6.4 4 2 5.6000000000000005 0 0.2 6.2 2.2 0 5 0 5.2 6.4 0 0.4 1 1.4000000000000001 0 0 0.4 0 0.2 0 0 3.6 0 0 0 0 0 0 0 0 0 0 0 0 0 0 0 0 0 0 0 0 0 0 0 0 0 0 0 0 0 0 0 0 0 0 0 0 0 0 0 0 0 0 0 0 0 0 0.4 2 0 0.4 0 1.2000000000000002 0 2.2 0.2 0 0 0 0 0 0 0 0 0 0 0 0 0 0 2.2 0 0 0 0 11.8 0 0 0 0 2.2 0 0 0 
 0 0 0 0 0.2 0 0 0.2 0 0 0 0.4 0 0 0 0 0 0 0 0 46 0 130 13 12.4 67.4 14.600000000000001 86 92 43 121.4 23.6 29.8 27 76.4 55.2 27.6 23.200000000000003 15 39.6 0 0 0 0 0 0.4 1 41.2 0.4 0 0.8 0 6.2 0 0.8 0 0.2 0 13.200000000000001 0 0 0 0 0 0 0 0.8 0.6000000000000001 0 5.4 0 0 0 0 0 0 0 0 0 0 0 0 0.2 0 0 0 0 0 0 0.2 0 0 0 2.6 0 0 7.4 0 0 0 2.6 4.2 4 8.200000000000001 2.8000000000000003 1.4000000000000001 0 1.4000000000000001 2.2 2.4000000000000004 0.2 5 3 2.6 4 5.6000000000000005 0 7.4 2.6 0 0.4 0 0 0 0 0 2.2 0 2.4000000000000004 0 0 0 0 11.4 0 0 0 0.2 2.6 6.800000000000001 0 0 0 0 0.2 4 0 0 0 0 0 0 0 0 2.2 0 0 0 0 0 0 0 0 0 0 0 0 0 0 0 0 0.4 0 0 2 0 0 0 0 0 0 4 6.6000000000000005 11.600000000000001 2.4000000000000004 1.2000000000000002 4.6000000000000005 3.2 2.6 1.6 6 0.6000000000000001 1.8 0 6.2 6.6000000000000005 4.6000000000000005 2.4000000000000004 2.4000000000000004 0 0 1.4000000000000001 0 0 0 0 5.2 0 0 0 0 0 4.2 0.4 0 0 0 0 2.8000000000000003 0 0 0 0 0 0 0.2 0 0 0 0 0 0 0.4 0 0 0 0 0 0 0 0 0 0.8 0 0 0 0 0 0 0 0 0 0 0 3.8000000000000003 0 0.4 17 0.2 0.2 2.2 0.4 0 0 0 0 1.4000000000000001 0 0 0 0 0 0 0 0 0 0 0 0 2.4000000000000004 0 0 0 0 0 0 0 0 0 0.4 
 0 0.2 0 0 0 0 0 0.4 0.2 0 0 0 0 3.4000000000000004 0.6000000000000001 0 0 0 0.4 0 19.8 130 0 75.2 36 36.4 63 50 19.200000000000003 22.6 35.2 72 61.400000000000006 26.200000000000003 70.8 12 86.60000000000001 66.4 14.200000000000001 25.400000000000002 0 0 0 0.4 0 0.8 7.2 0.2 1.2000000000000002 0 0 0.6000000000000001 13.8 0.4 0.6000000000000001 0 0 0 4.800000000000001 7.6000000000000005 0 0 0 0 0 0 1.4000000000000001 0.6000000000000001 0 0 0 0 0 0 0.2 0.2 0 0 0 0.8 0 0 0 0 0 0 0 0 0 0 0 0 0 0 0 0 0 0 0 0 0 0 0.4 4.6000000000000005 7 3.8000000000000003 2.6 0 2.6 0 4.2 0 13 0 0 2.8000000000000003 0 3.8000000000000003 0 0 0.2 0.2 0 0 0.2 0 2.4000000000000004 0 1.8 0 0 0 0.2 7.6000000000000005 0 0 0 0 1.6 4.6000000000000005 0 0.4 0 0 0 0 0 0 0 0 0 0 0 0.2 0.6000000000000001 0 0 0 0 0 0 0 0 0 0 0.2 0 0 0 0 0.8 0 0 0 0 0 0 0 0 0 4.4 1.8 2.4000000000000004 8.200000000000001 0 5 2.6 0 0.2 0 2.4000000000000004 2.4000000000000004 1.4000000000000001 1.8 0.4 2.2 0.6000000000000001 7.6000000000000005 0.2 2.2 0 4 0 0.2 0 3.2 6.2 8.4 0 3 0 0 6.2 2.8000000000000003 2.2 0 0 0 0 1.4000000000000001 0 0 0 0 0 0 0 0 0 0 0 0 0 0 0 0 0 0 0 0 0 0 0 0 0 0 0 0 0 0 0 0 0 0 2 0.4 0.4 15.8 1 0 0.2 1.4000000000000001 0 0 0 0 4.4 0 0 0 0 0.4 0 0 0 0 0 0 0 0.2 0 0 0 0 0 0 0 0 0 0 
 0 0 0 0 0 0.4 0 0.4 0 0 0.2 0 0 0 0.6000000000000001 0 0 0 0 0 24.6 13 75.2 0 39.800000000000004 24.8 32.800000000000004 66.4 34.800000000000004 36 26.400000000000002 27.400000000000002 24.400000000000002 73.4 53.2 41.400000000000006 39.6 16.6 20.400000000000002 57.400000000000006 18.2 0.4 0 0 7.4 0.4 26.200000000000003 0.2 0.4 0 0 0 0.6000000000000001 0 7.4 0 0 0 12.4 25.8 0 0 0 0 0 0 0 0.6000000000000001 0 6 0 0 0 0 0 0 0 0 0 0 0 0 0 0.4 0 0 7.800000000000001 0.4 0 0 0 0 0 0 0 0 0 0 0 0 1.6 0 2.2 0 2.4000000000000004 1.4000000000000001 1.8 2.6 0 5 2.6 1.4000000000000001 0 0 0 0 2.6 5 0 2 6 3 2.6 0 0 0 3.6 2.6 1.4000000000000001 0 0 0 6.2 2 0 0 8 0 0.6000000000000001 1.4000000000000001 0 0 0 0 0 0 0 0 0 0 0 0 0 0 0 0 2 0 0 0 0 0 0 0 0 0 0 0 0 0 0.4 0 0 0 0 0 0 0 0 0 0 2.2 1.2000000000000002 4.4 4.800000000000001 4 0 0 2.6 0 6.2 3.6 0 2.8000000000000003 1.2000000000000002 0 0 3.6 0 0 0 1.4000000000000001 0 0 0 0 1.4000000000000001 1.6 0 4.2 0 0 0.4 0.2 5 0 0 0 2 2.6 0 0 0 0 0 0 0 1.8 0 0 0 0 0 0 0 0 0 0 0 0 0 0 0 0 0 0 0 0 0 0 0 0 0 0 2 0 0 0 15.600000000000001 0.4 0.4 1.2000000000000002 0 0 0 0 0 0 0 0 0 0 0 0 0 0 0 7.800000000000001 0 0 0 0 0 0 0 1.4000000000000001 5.2 0 0 0 
 0.8 0 0 1 0 0.4 0 0.4 0 0 0.4 0 0 0 0 0 0.6000000000000001 0 0 0 11.8 12.4 36 39.800000000000004 0 66.60000000000001 11.600000000000001 31.400000000000002 13.200000000000001 59.2 21.6 25 16.400000000000002 15.8 27.200000000000003 16.400000000000002 17.400000000000002 7.4 17.2 19.200000000000003 0.2 0 0 0 0.6000000000000001 0.4 25.200000000000003 0 0.6000000000000001 0 0.4 0 8.200000000000001 0.4 7.6000000000000005 0 0 0 25.6 7.2 0 0 0 0 0.2 0 5 0.6000000000000001 0 0.2 0 0 0.4 0 0 0.4 0 0 0.8 0 0 0 0 0 0 0 0 0 0 0 0 0 0 0 0 0 0 0 0 0 0 1.4000000000000001 1.4000000000000001 4.4 5.2 1.8 0 0 0 2 0.4 2 0 0 0 0 0 6.800000000000001 0 0 3.4000000000000004 0.2 0.2 0 0 0 13 0 1.6 0 0 0 4 4.800000000000001 1.2000000000000002 1.6 0.4 0 3.6 1.6 0 0 0 0 0 0 0 0 0 0.2 0 0 0 0 0 0 0 0 0 0 0 0 0 0 0 0 0 0 0 0 1 0 0 0 0 0 0 0 0 0 0 0 2.2 3.6 2.2 2.8000000000000003 0 0 0 0 4.2 4.6000000000000005 0 0 0.2 5 2.2 4.6000000000000005 0 0.4 1 0 0 0 0 0 1.8 6 0 4.800000000000001 0 0.2 1.6 4 5.6000000000000005 0 7.4 2 1.8 2.6 0 0 0 0 0 3.6 0 0.4 0 0 0 0 0 0 0 0 0.2 0 0 0 0 0 0 0 0 0 0 0 0 0 0 0 0 0 3.8000000000000003 0 0 0.4 0.4 0.4 0.6000000000000001 1.8 0 0 0 0 4.800000000000001 0 0 0 0 0 0 0 0 0 0 0 0 0 0 0 0 0 4 0 0 0 0 0 
 0.2 1.2000000000000002 0 0 0.2 0.2 0.4 0.2 0 0 0.4 0 0 0 0 0 0.4 0 0 0 20 67.4 36.4 24.8 66.60000000000001 0 7 72 38.400000000000006 20.6 17.400000000000002 15.8 5.800000000000001 8.200000000000001 14.4 25 55.800000000000004 12.600000000000001 12 56.400000000000006 0 0 0.4 1 0 0.8 26.8 0 1.2000000000000002 0.4 0.6000000000000001 0 14.4 12.600000000000001 8.4 0.6000000000000001 1 0.4 13.200000000000001 19.400000000000002 0.6000000000000001 0 0.2 0.2 1 0 3.4000000000000004 1 0.6000000000000001 0.2 0 18 0 0.6000000000000001 0.4 0.4 0 0 0.8 0 0 0 0 3.8000000000000003 0 0 0 0 0 0 0 0 0 0 0 0 0 0.4 0 0 0 0 4.2 2.6 0 0 0 0 0 3.6 5.2 0.2 0 0 0 0 4.2 4.2 0 0 5.4 0 0 2.2 0 0 4.2 10 1.4000000000000001 0 0 0 11 0.2 0.2 0 0 0 2.6 2.8000000000000003 0 0 0 0 0 0 0 0 0 0 0.2 0 0 0 0 0 0 0 0 0 0 0 0 0 0 0 0 0 0 0 0.6000000000000001 0 0 0 0 0.2 0 0 0 0 0 0 2 0.4 4.4 6.4 0 0 2.6 2 5 2.6 0 1.8 0 1.8 0 5 0 0 0 0 0 2.4000000000000004 0 0 2 0 1.2000000000000002 2.2 0 2.4000000000000004 7.800000000000001 6.4 5.4 0 0 2.4000000000000004 2.2 5.4 0 0 0 0 0 0 0 0 0 0 0 0 0 0 0 0 0 0 0.4 0 0 0 0 0 0 0 0 0 0 0 0 0 0 0 4.4 0 0 14.8 0.8 0 0.8 1.4000000000000001 0 0 0 0 3.6 0 0 0 0 0 0 0 0 0 0 0 0 0 0 0 0 0 1.6 1 0 0 0 0 
 0 15.200000000000001 0.2 14.4 27.400000000000002 15 0 0 0 0 15.200000000000001 36.4 0 0.2 0 0 0 14.8 0.4 0.2 19.6 14.600000000000001 63 32.800000000000004 11.600000000000001 7 0 79.4 64.8 68.2 6.800000000000001 21.6 27 76.4 10.8 6.6000000000000005 5.4 14.200000000000001 12.4 10.200000000000001 0 0 0 0 0 0.2 1.6 0.8 0.4 0 0 0 0.2 0 0.6000000000000001 0 0.2 0 0 0 0 0 0 0 3.6 0 0 0.6000000000000001 0 0 1 0 0 0 0 0 0 0 0 0 0 0 0.2 0 7.6000000000000005 2.4000000000000004 0 0 0 0 1.4000000000000001 0 0 0 0 0.2 2.4000000000000004 0.2 0 0 1.8 0 0 3.6 2 1.6 8.8 12.8 5.6000000000000005 0 6 7.2 3.6 2.6 7.6000000000000005 2.6 4.4 0 4.4 0 0 0 0 0 0 0 0 0 0 0 0 0 0 0.4 0 0 0 3.8000000000000003 0 0 0 2.2 0 0 0 0 0 0 0 0 0 0 0 0 0.6000000000000001 0 0 0 0.2 1.4000000000000001 0 0 0.2 1.4000000000000001 1.6 3.2 0 0 2.6 0 0 0 0 0 0 0 1.8 0.6000000000000001 0 0 4 5.6000000000000005 0 0 0.2 1.4000000000000001 2.6 2.4000000000000004 4.4 0 0 4.4 2.6 1.4000000000000001 6.2 0 3.8000000000000003 0 0 0 0 0 0 0 0 0 0 0 0 0 0 0 2.6 0 0.4 0 0 0 0 4 0 0 0 0 0 0 0 0 0 0 0 0 0 0 0 0 0 0 0 0 0 1.2000000000000002 0 0 0 0 0 0 0 0.4 0 0 0.2 0 1.6 0 0.6000000000000001 0 0 0 0.4 0 0 0 0 0 0 0 0 0 0 0 0 0 0 0 0 0.2 0 0 0 0 0 0 0 0 0 0 0 0 
 0 0 0 0.6000000000000001 0 0.4 0 0.4 0 0 0 1.8 0 0.8 0 0 0 0 0 0 42.800000000000004 86 50 66.4 31.400000000000002 72 79.4 0 32 124.60000000000001 47 81 41.6 38.2 37.4 69.4 93.60000000000001 52.400000000000006 21.8 28.200000000000003 0 0.6000000000000001 0.6000000000000001 0 0.6000000000000001 0.8 0.6000000000000001 0.2 0.4 0.4 0.8 0 12.8 0 0.8 0.6000000000000001 0 0.4 7 0 0 0 0 0 0.2 0.6000000000000001 0.4 0.6000000000000001 0 0.2 0.4 0.6000000000000001 0 0 0.4 0 0 0 0 0 0 0 0 0 0 0 1.6 0 0 0 0 0 0 0 0 0 0 0 0 0 3 0 2 7.800000000000001 2.4000000000000004 2.2 4 3 0 2.8000000000000003 0.4 5.6000000000000005 0 2.2 1.6 6 0 1.6 0 0 0 0 0 0 0 0 3.2 0 0 0 0 0 0 0.4 0.4 0 0 0 0 6.2 0 0 0 0 0 0 0 0 0 0 0 0 0 2.2 1.6 0.2 0 0 0 0 0 0 0 0 0 0 0 0 0 0 0 0 0 0 0 0 0 0 0 0 7 0.2 5.2 6.6000000000000005 1 3 0 2.8000000000000003 2.6 0.6000000000000001 1.8 7 0 2.8000000000000003 4.2 5.2 11.4 0 0 0 0 0 3 0 0 0 1.8 0 0 0 0 0 2.4000000000000004 0 0 0 0 0 2 2.4000000000000004 0 0 0 0 0 0 0 0 0 0 0 0 0 0 0 0 0 0 0.2 0 0 0 2.6 0 0 0 0 0 0 0 0 0 0 0 5.6000000000000005 0.2 0.6000000000000001 18.6 15.600000000000001 0.4 2.4000000000000004 0 0 0 0 0 2.8000000000000003 0 0 0 0 0 0 0 0 0 0 0 0 0 0 0 0 0 0.4 0.2 0 0 0 0 
 0.4 0 0 0 4.6000000000000005 0.2 0 0 0 0 0.4 0.2 0 0 0 0 0 0 0 0 8.200000000000001 92 19.200000000000003 34.800000000000004 13.200000000000001 38.400000000000006 64.8 32 0 79.80000000000001 68 64.8 25.200000000000003 22.400000000000002 38.2 75.2 92.80000000000001 23.400000000000002 59.800000000000004 15.8 0 0 0 0 0.4 0.4 0.6000000000000001 0.2 0.4 0 0.6000000000000001 3 0.4 0 0.6000000000000001 0 0 0 0.2 6.6000000000000005 0 0 0 0 0 0 0 0.6000000000000001 0 0 0 0 0 0 0 0 0 0 0 0 0 0 0 0 0 0 0 0 0 0 0 0 0 2 0 0.2 0 0 0 0 0 1.8 3.2 4.800000000000001 1.6 1.6 3.6 0 1.8 1.4000000000000001 7.2 1.4000000000000001 0 2.4000000000000004 0 4 1.6 5.2 0.2 0 4.6000000000000005 0 0 0 0.2 0 4 3.4000000000000004 0 0 0 0 2 1.6 0.2 0 0 0 2.6 8 0 0 0 0 0 0 0 0.2 0 0 0 0 0 0 0.4 0 0 0 0 0 0 0 0 0.4 2 0 0 0 0 0 0 0 0 0 0.2 0 0 0.2 0 0 2.6 5.800000000000001 0.2 0.2 2.6 3 0 4 2.2 6.2 8.6 4 0.2 0.2 0 0 0 7.800000000000001 1.8 0.4 0 1.6 2.8000000000000003 0 0 0 3.4000000000000004 0 0 0 0 0 4.4 4.4 4.6000000000000005 0 0.4 0 2.2 2.8000000000000003 0 0 0 0 0 0 0 0.4 0 0 0 0 0 0 3.2 0 0.2 0 0 0 0 0 2.2 0 0 0 0 0 0 0 0 0 0 0 3.4000000000000004 0 0 15.4 0.6000000000000001 0 0.4 1.4000000000000001 0 0 0 0 0 0 0 0 0 0 0 0 0 0 0 0 0 0 0 0.2 0 0 0 1.6 0 0 0 0 
 0 0 14.8 0 15 0 0 0 0.2 0 1.4000000000000001 0.8 0 0 0 0.4 0 0 0 0 16 43 22.6 36 59.2 20.6 68.2 124.60000000000001 79.80000000000001 0 83.4 8.200000000000001 35.800000000000004 17.2 38.6 19.400000000000002 26.6 31.200000000000003 54.6 19.8 0 0 0 0.4 0.2 0.4 0.6000000000000001 0.4 0.4 0 1 0 0.4 0 2 5.6000000000000005 0 0 0 6.6000000000000005 0 0 0 0 0 0 0 0.6000000000000001 0 0 0 0 0 0 1.2000000000000002 0.2 1.6 0 0 0 0 0 0 0 0 0 0 0 0 0 0 0 0 0 0 0 0 0 0 0 0.2 1.8 4 0.2 3 0 10.4 0.6000000000000001 0 4.4 10.4 5.800000000000001 0 3.2 0 4.6000000000000005 1.4000000000000001 3.8000000000000003 0 0 2.6 0 0 0 0 0 2.8000000000000003 1.4000000000000001 3.8000000000000003 0 0 0 1.8 4.2 0.2 0 0 0 0 1 0 0.8 0 0 0 0 0 0 0 3.4000000000000004 0 0 0 0 1 0 0 0 0 0.6000000000000001 0.4 0 0 0 2.6 0 0 0 0.4 0 0 0 0 0.4 0 0 0 0 0 0 0 4.4 0 2.8000000000000003 4 0 0 2.8000000000000003 0.6000000000000001 5 3.4000000000000004 4.2 0 0 4.2 0 0 0 0 0 0 1.8 0 0 0 0 5.6000000000000005 0 0 0 0 0 0 0 0.4 0 0 0 1 7 0 0 0 0 0 0 0 0 0 0 0 0 0 0 0 0 0 0 0 0 0 0 0 0 0 0 0 0 0 0 0 0 0 0 0.4 0 0 0.8 0 0.4 1.2000000000000002 0 0 0 0 0 0 0 0 0 0 0 0 0 0 0 0 0.2 0 0 0 0 0 0 0 2 0 0 0 0 
 0 0 0 44 0 0 0 0.6000000000000001 41.2 0.4 14.8 0 0 0 0 0 0.4 0 0 0 36.800000000000004 121.4 35.2 26.400000000000002 21.6 17.400000000000002 6.800000000000001 47 68 83.4 0 37.6 79 26.8 30.400000000000002 45.800000000000004 14.200000000000001 30.400000000000002 73 28.8 0 0 0 0.2 0 0.2 1 0.4 0.4 0 0.8 0 4.4 0 1 0 0 0 0 0 10.4 0 0 0.4 0 0 0 0.6000000000000001 0 0 0 0 0 0 0.6000000000000001 0.2 0.6000000000000001 0.6000000000000001 0 0 0 0 0 0 0 0 0 0 0 0 0 0 0 0 0 0 0 0 0 0 4.6000000000000005 0 0.2 4 2 1.8 5.6000000000000005 3.8000000000000003 3 3 2.8000000000000003 4 0 0 1.6 7.800000000000001 0 1.6 0 0 0 0 0.2 0 3.6 0 3 0 2.4000000000000004 0 0 0 0 8.6 0 0 0 2.6 3.4000000000000004 1 0 0 2 0 0 0.2 0 0 0 0 1.2000000000000002 0 0 0 2 0 0 0 0 0 0 0 0 0 0 0 0 0 0 0 9.4 0 0 0 0 0 0 0 0 0 4.6000000000000005 1.2000000000000002 6.800000000000001 2.8000000000000003 1.8 4.800000000000001 0 2.4000000000000004 3.2 0 0.4 2 0 2.8000000000000003 5.4 3.4000000000000004 2.6 0 0 0 0.4 3.6 0 0 0 0 11.8 0 0 0 0 2.6 4.6000000000000005 0 0 1.8 0 0 0 1.6 0 0 0 0 0 0 0 0 0 0 0 0 0 0 0 0 0 0 0 0 0 0 0 0 0 0.4 0 0 0 0 0 0 0 0 1 0 1.4000000000000001 3.6 0 0.6000000000000001 2.4000000000000004 0 12.200000000000001 0 0 0 0 0 0 0 0 0.4 0 0 0 0 0 0 0 0 0 0 0 0 0 0 2.8000000000000003 0 0 0 
 0.6000000000000001 0.4 0.4 0.4 0 0.2 0 0.4 0 0 0 0.2 0 0 0 0.2 0.2 0 0.6000000000000001 0 32.4 23.6 72 27.400000000000002 25 15.8 21.6 81 64.8 8.200000000000001 37.6 0 24.200000000000003 28.6 80.80000000000001 31.8 23.8 45.800000000000004 25 9.4 13 0 0 1 0 0.8 0.6000000000000001 0.4 2.2 0.6000000000000001 0.6000000000000001 0 4 0.2 0.4 0.6000000000000001 0.2 0.4 13 0 0 0 0 10.600000000000001 0 0 0.6000000000000001 0.6000000000000001 0 0 0 0 1 0 0 0.2 0.6000000000000001 0 0 0 0 0 0 0 0 0 0 0 0 0 0 0 0 0 0 0 0 0 0 0 2.4000000000000004 0 0 3.8000000000000003 6 10.600000000000001 3.6 0 4.4 0 3.2 2.6 0 0 4.2 2.6 0 0.2 0 0 0.4 2.4000000000000004 0 0 0 0 2.8000000000000003 0 2.6 0.2 0 0 0 9.4 0 4.4 2.6 0 4.2 3.4000000000000004 0 0 0 0 0 0 0 0 0 0 0 0 0 0 1 0 0 2.2 0.2 0 0 0 0 0 0 0 0 0 0 0 0 0 0 0 0.4 0 0 0 0 0 2 0.6000000000000001 0 5 0 1.2000000000000002 0.8 0 0.2 0 0 3.8000000000000003 0.4 14.8 0 3.8000000000000003 2 0 0 2 4.4 4.800000000000001 0 0 0 0 10 0 0 0 0 0 2.4000000000000004 0 0 2.6 2.6 0 0 8.200000000000001 0.4 0 0.4 0 0 0 0 0 0 0 0.4 0 0 0 0 0 0 0 0 0 0 0 0 0 0 0 0 0 0 0 0 0 0 0 5 0 0 9.4 24.8 0 15.8 0 0 0 0 0 0.2 0 0 0 0 0 0 0 0 0 0 0 0 0 0 0 0 2.2 0 0 3.4000000000000004 0 0 0 
 0 0 0 0 0 0 0 0 0 0 0 0.4 0 0 0 0 0 0 0 0 30.8 29.8 61.400000000000006 24.400000000000002 16.400000000000002 5.800000000000001 27 41.6 25.200000000000003 35.800000000000004 79 24.200000000000003 0 51.6 36.800000000000004 14.600000000000001 10.200000000000001 9.200000000000001 53.2 46 0 0 0 0 2 0.6000000000000001 0.6000000000000001 0.2 0.8 0.2 0 0 0.2 0 0.6000000000000001 0 0 0 0 0 0 0 0 0 0 0 0 0.6000000000000001 0 0 0 0.2 0 0 0.2 0 0.6000000000000001 0 0 0 0 0 0.2 0 0 0 0 0 0 0.2 0 0.2 0 0 0 0 0 0 0 0 1.6 0.6000000000000001 4.4 2.2 8 3.4000000000000004 5.4 2.4000000000000004 4.2 9.4 0 4 3.8000000000000003 2.4000000000000004 1.4000000000000001 4.6000000000000005 2.6 2.6 0 2.6 0.2 0 0 0 0 0 0 0 0 4.2 0 0 0 0 0 0 0 0.2 0 0.4 0 0.6000000000000001 0 0 0.2 0 0 0 0 0.4 0.4 0 0 2.8000000000000003 0 0 0 0 0 0.6000000000000001 0 0 0 0 0 0 0 0.4 0 0 0 0 0 0 0 0 0 0 0 0 3.2 3.8000000000000003 4.2 0 1.4000000000000001 4.4 6.800000000000001 0.2 2.4000000000000004 1.8 0 2.6 2 0.6000000000000001 3.4000000000000004 0 2.4000000000000004 3.6 0 0.8 0 0 0.2 0 0 0 0 0 0 0 0.4 0.2 0 0 0 0 0 0 0.2 0 0 0 0 0 0 0.2 0 3.8000000000000003 0 0 0 0 0 0 0.2 0 0 0 0 0 0 0 0 0 0 0 0 0 0 0 0 0 0 0 4 0.4 1 0 0.4 0.4 2.6 0 0 0 0 0 0 0 0 0 0 0 0 0 0 0 0 0 0 0 0 1.6 0 0 0 0 1.2000000000000002 0 0 0 
