 0 12.600000000000001 16.400000000000002 10 9.600000000000001 33 26 11 11.8 42.400000000000006 9.600000000000001 17.2 62.400000000000006 29.6 27 6.800000000000001 19.6 4.2 9.200000000000001 14.600000000000001 0.2 1 0 0.2 0 14.8 0.2 0.6000000000000001 0.2 0.4 0.6000000000000001 0 0 0 0.6000000000000001 0.4 1 0.4 2.2 0.4 1.2000000000000002 0.2 0 0 1.4000000000000001 0.4 0 0 0 1.2000000000000002 0 0 0 0 0 0.6000000000000001 0 0 1.2000000000000002 0.4 0.6000000000000001 0 0 0 0 0 0.6000000000000001 8.6 0 1.2000000000000002 0.6000000000000001 0.2 0.2 0.6000000000000001 0.4 3.8000000000000003 0.2 0.2 0 0 1.4000000000000001 7.4 1 1.6 0 0 0 0 0 2.2 1.4000000000000001 3 4.2 0 0.6000000000000001 2.6 1.4000000000000001 3.4000000000000004 0 1 0.2 0.4 0 11 3.8000000000000003 0 0 0.4 0 0 0 0 0 0 0 0 0 0 0 0 0 0 0 0 0 0 0 0.2 0 0 0 0 0 0.4 0 0 0 0 0.4 0 0 0 0 0 0 0 0 0 0 0 0 0 0 0.4 0 0 0 0 0 0 0 3.8000000000000003 2.4000000000000004 4.2 2.4000000000000004 0 2 0 2.8000000000000003 1.8 0 0 0.2 0 4 2.8000000000000003 0 2.8000000000000003 0 4.2 0 0 0 0 0 0 0 0 0 1.6 0 0 0 0 0 0 0 0 0 0 0 0 0 0 0 0 0 0 0 0 0.2 0 0 0 0.2 0 0 0 0 0 0 0 0 0 0 0 0 0 0 0 0 0.4 0.4 0 0 0 0 0 0 0 0 0 0 0 0 0 0 0 0.4 0.2 0 3.2 0 0 0 0 0 0 0 0 0 0 0 0 0 0 0 0 0 0 0 0 0 0 0 0 0 0 0 0 0 0 0 0 0 0 0 0 0 0.2 
 12.600000000000001 0 25.6 108.2 23.400000000000002 8.4 16.8 59.6 30 42.2 34 4.4 10.8 60.400000000000006 37 10.8 27.400000000000002 13.600000000000001 11.4 7.6000000000000005 0 0.2 0 14 0 0.4 5.2 0.4 0 3.8000000000000003 0.6000000000000001 5 4.4 14.8 4.2 6 6.2 0 21.400000000000002 3.4000000000000004 0 0 0 0 0.6000000000000001 0.4 0 0 0.4 0 0 0 0 0 0 0 0.4 0.2 0.6000000000000001 0.4 0.6000000000000001 0 0 0 0 0 10.600000000000001 0 0 0 0 0 0 0 0 8.4 0 0 0 0 2.2 14 0 2.8000000000000003 0 3 2 2.4000000000000004 1.8 2.4000000000000004 0.2 3.8000000000000003 1.4000000000000001 0 2.8000000000000003 0.2 0 2.4000000000000004 0 3 0 0 0 0 0 0 0 0 0 0 0 0 2.4000000000000004 0 0 0 0 0 0 1.2000000000000002 0 0 3.2 0 0 0 0 0 0 0 0 2.4000000000000004 0 0 0 0 0 0 0 2.6 0 0 0 0 0.2 0 0 0 0 1 0 0 0 0 0 0 0 0 0 0 0.2 3.4000000000000004 11.200000000000001 1.2000000000000002 1.8 0 0 2 0 0 2.4000000000000004 9.4 0 2.4000000000000004 2.6 1.6 1.8 1.6 0 0 4.2 0 3.8000000000000003 0 0 0 0 0 0 0 0 0 0 0.2 0 0 2.8000000000000003 0 4 0 0 0 0 0 0 0 0 0 0 0 0 0 0 0 0 0 0 0 0 0 0 0 0 0 0 0 0 0 0 0 0 0 0 0 0 0 0 0 0 0 0 0 1.6 0 0 0.4 0.4 0 18.6 0.4 0 0.4 0 0 0 0 0 0 0 0 0 0 0 0 0 0 0.2 0 0 0 0.2 0 0 0 0 1.2000000000000002 3.6 0 0 0 0 0 0 0 0 0 0 0 0 0.6000000000000001 
 16.400000000000002 25.6 0 37.2 28.6 72.2 16.8 56.800000000000004 34.2 73.2 11 83.80000000000001 40.6 50.2 45.6 27.200000000000003 38.800000000000004 38 9.600000000000001 51 0 0 0 0.2 0 0.2 0.4 0.6000000000000001 0.4 0 0.6000000000000001 0 14.600000000000001 0 0 1 0.6000000000000001 0 0 16 0.6000000000000001 0 0 0 1 2.2 0 0 0 0.6000000000000001 0.4 0 0 0 0 0 0 0 2.2 0.4 0.6000000000000001 0 0 0 0 0 0.6000000000000001 0.4 0 0.6000000000000001 0 0 0 0 0 0.2 0 0 0 0 6.4 8 5.4 0 2.4000000000000004 3.4000000000000004 2 4 3.2 0.2 10.4 9.200000000000001 4.800000000000001 0 18 0 0 3.6 15 3 0 0 0 0 0.4 0 1 0 0 0 0 0 0.8 0 0 0 0 0 0 0 0 0 0 0 0 0 0 0 0 0 0 0 0 0 0 0 0 0 0 0 5.2 0 0 0 0 0 0 0 0 0 0.4 0 0.2 0 0 0 3.2 5 0 0 4.6000000000000005 2.8000000000000003 1.6 0 0 0.2 0 3.2 9 4.4 7.2 2.4000000000000004 2.4000000000000004 4 0.4 0.4 2.6 1.8 2.8000000000000003 0 0 0 0 3.2 1.4000000000000001 0 1.8 0 0 0 0.4 0 2.2 0 0.2 0 0 0 3.8000000000000003 0 0 0 0 0 0 0 0 0 0 0 0 0 0 0 0 0 0 0 0 0 0 0 0 0 0 0 0 3.6 0 0 0 0 0 0 0 0 0 0 0 0.4 0 0 2.6 0 0 0 0.6000000000000001 0 0.2 9.600000000000001 2 1 0 0 0 0 0 0 0 0 0 0 0 0 0 0 0.4 0 0 0 0 0 0 0 0 0 0 0 0 0 0 0 0 0 0 0 0 0 0 0 
 10 108.2 37.2 0 38.800000000000004 72 84.4 53.6 35.4 66.4 71.60000000000001 51.800000000000004 24.6 108.4 56 45 82 75.2 16.8 10.8 14.8 0.8 0.2 0 0.4 0.2 7.6000000000000005 0.6000000000000001 0.2 0 0.6000000000000001 0 0 0 7.6000000000000005 0.4 0.8 0 0.4 16.400000000000002 0.4 0 0 0 1 0.4 0 0 0 0.4 0 0 0.6000000000000001 0 0 0.6000000000000001 0 0 1.6 0.6000000000000001 0.4 0 0 0 0 0 0.6000000000000001 0.4 0.6000000000000001 0.2 0 0 0 8.200000000000001 0 0 0 0 0 0 10.600000000000001 3 1.2000000000000002 5.6000000000000005 4.4 2.6 0 7 2 0 0 7.2 0.2 3.2 0 2.8000000000000003 3.2 3.4000000000000004 1.8 4.2 0 0 2.4000000000000004 0 0 0 4.6000000000000005 0 0 0.2 0.2 0 3.6 2.4000000000000004 0 0 2 0 3.2 7.2 0 0 0.2 0 0 0 0 0 0 0 0 0 0 0 0 0 0 0 0 0 0 0 0 0 0 0 0 0 0 0 0 0 0 0 0 0 0 0 0 0 2.2 1.8 3 0.2 1.8 2.2 0 4.2 3 3.2 3.2 13 0.8 0 0 0.8 1 0 1.4000000000000001 0 8 0 5 0 0 0.4 4.6000000000000005 0.6000000000000001 3.4000000000000004 0 0 0 0.4 0.2 6 0 1.6 0 1.8 0 0 0 0 0.4 0 0.2 0 0.2 0 0 0 0 0 0 0 0 0 0 0 0.4 0 0 0 0 0 0 0 1.2000000000000002 0 0 0 0 0 0 0 0 0 0 0 0 0 2.2 0 0 0 0.8 0.4 0.2 19.200000000000003 0 0 2.2 0 0.4 0 0 0 0 0 0 0 0 0 0 0 0 0 0 0 0 0 0 0 0 0 0 5.6000000000000005 0 0 0 0 0 0 0 0 0 0 0 0 0 
 9.600000000000001 23.400000000000002 28.6 38.800000000000004 0 35.4 8.8 31.200000000000003 38.2 17 56.400000000000006 27.6 29 10 100.60000000000001 17.6 34.800000000000004 9 20.6 14 14.8 29.8 0 1 0 0 30.400000000000002 42.800000000000004 0.4 0.4 0.8 0 19 31.8 15 1 0 0 18.2 6.800000000000001 0 0.4 0 0 0.6000000000000001 0.4 0 0 0 0.4 0 0 0.8 0 0 0 0 0.6000000000000001 1.2000000000000002 0.4 0.6000000000000001 0.2 0.2 0 5.800000000000001 11 0.6000000000000001 10.600000000000001 0 0.2 0 2 0 0 0 0 0.2 0 0 0 2.8000000000000003 0 0 2 2.4000000000000004 0 0 0 3 3.8000000000000003 0 0.4 0 4.2 0 6 2.2 0 0 0 4 6 4.6000000000000005 0.2 0 0 2.4000000000000004 0 0 0 0 0.2 7 2 1.8 3.8000000000000003 0 0 0 0 0 0 0 0 0 0 0 0 0 0 0 0 0 0 0 0 0 0 0 2.2 0 0 0 0 0 0 0 0 0 2.6 0.2 0 0.4 0 0 0 0 0 2.4000000000000004 1.4000000000000001 0 0 0 0 0 8 1 0 1.8 0 3.4000000000000004 3.2 0 0 0 0 0 2.8000000000000003 1.2000000000000002 0 2.6 4.6000000000000005 5.4 0 0 0 2 6.4 3.8000000000000003 0 0.4 0 6 0 7.2 0 5.4 1.8 5 0.6000000000000001 0 0 0 0 0 0 0 0 0 0 0 0 0 0 0 0 0 0 0 0 0 0 0 0 0 0.4 0 0.4 0 0 0 0 0 0 0 0 0 0 0 0 0 0 0 0 0 0 0.4 0 1 9.8 0 2.4000000000000004 2.2 0 0.4 0 0 0.2 0 0 0 0 0 0 0 0 0.2 0 0 0 0 0 0 0 0 0 0 0 0 0 0 0 0 0 0 0 0 0 0 0 
 33 8.4 72.2 72 35.4 0 23.200000000000003 7 69.2 55.6 15 16.2 19.200000000000003 7.800000000000001 13.200000000000001 38.2 16.2 46.6 53 68.60000000000001 5.800000000000001 14.600000000000001 0 0.4 0 0.6000000000000001 0 0.6000000000000001 0.4 14.4 0.6000000000000001 0 13.4 6 0 0.4 0 0 14.8 22.6 0 0 0 0 0.6000000000000001 0.6000000000000001 0 0 0 0 0 0 0 0 0 0 0 0.4 0.8 0.4 0.6000000000000001 0 0 0 10 0 1.6 0 0 0 0 0 0 0 0 0 0 0 0 0.6000000000000001 0 0 0 2.2 1.8 2.4000000000000004 0 8.200000000000001 0.2 0 2 1.8 0 2 0 3.2 0 4.4 0.2 0.2 2.8000000000000003 2.6 0 0 0 0 5.2 3.4000000000000004 2.8000000000000003 3 0 0 0 2.4000000000000004 0 0 0 0 4.2 2.4000000000000004 0 0 0 0 0 0 0 0 0 0 0 0 0 0 0 0 0 0 0 0 0 0 0 0 0 0 0 0 0 0 0 0 0 0 0 0.4 0 0 0 0 0 0 0 3.8000000000000003 0.8 2.2 1.4000000000000001 3 0.2 2 0 0.6000000000000001 0 0 0.6000000000000001 0 0 0 0 2 3.4000000000000004 1.8 0 0 0 0 7.4 0.2 1.2000000000000002 0 0 0 2.8000000000000003 2.6 0.4 0 2.8000000000000003 6 0 3 0 0 0 0 0 0 0 0 0 0 0 0.4 0 0 0 0 0.2 0 0 0 0 0 0 0.2 0 0 0 0 0 0 0.2 0 0 0 0 0 0 0 0 0 0 0.4 0 0 0 0.2 18.2 0 1 0.2 0 0.8 0 0 0 0 0 15 0 0 0 3 3.6 0 0 0 0 0 0 0 0 0 0 0 0 2 0 0 0 0 0 2 0 0 0 0 0 0 0 0 
 26 16.8 16.8 84.4 8.8 23.200000000000003 0 74 48.800000000000004 10.200000000000001 123.60000000000001 22 12.8 23.200000000000003 10.4 4.4 6.4 20.400000000000002 22.6 57.400000000000006 0.2 0 0.2 0.2 0 0.2 0.4 0.6000000000000001 0.4 0 0.6000000000000001 0 0 0 0 0.4 0 0 0 0.2 0 0 1 0 0.6000000000000001 0.6000000000000001 0 0.4 0 0 0.6000000000000001 0 0 0 0 0 0 0 0.6000000000000001 0.6000000000000001 0.4 0 0 0 0 0 0.6000000000000001 0 0.4 0 0 0 0 0 0 0.4 0.2 0 0 0 2 0 8.6 2.4000000000000004 0 0 12.8 0.8 2.6 0 2.2 0 8.4 2.6 3.2 3.2 0 0.4 2.2 2 0 0 0 0 0 0 0 0 0 0 0.2 0 0 0 0 0 0 0 0 2.8000000000000003 0 0 0.4 0 0 0 0 0 0 0 0 0 1.4000000000000001 0 0 0 0 0 0 0 0 1.4000000000000001 0 0 0 0 0 0 0.2 0 0 0 0 0 0 0 0 0 0 0 1.6 2.6 0 0 0 0 5.800000000000001 0.2 0 0 0.2 2 5.800000000000001 0.8 3.8000000000000003 0 0.2 4 0 6 0 0 0 0 0 0 1 0 0 0 0 0 0 0 0 0 0 0 0 0 0 0 0 0.2 0 0.4 0.4 0.4 0 0 0 0 0 0 0 0 0 0 0 0.2 0 0 0 0 0 0 0 0 0 0 0 0 0 0 0 0 0 0 0 0 0 0 0 0 0 0 0 0 0.4 0.2 0 3 0 0.2 0 0 0 0 0 0 0 0 0 0 0 0 0 0 0 0 0 0 0 0 0 2.4000000000000004 0 0 0 0 0 0 0 0 0 0 0 0 0 0 
 11 59.6 56.800000000000004 53.6 31.200000000000003 7 74 0 33.6 6 20.400000000000002 8.4 34 76.60000000000001 29 6.4 11.200000000000001 33.4 33.4 27.400000000000002 0 0 0 0 0 0.4 0.2 0.8 0 0.2 0.6000000000000001 0.2 0 0 0 0.4 0 0.4 0 0 0 0 0.6000000000000001 0 0.6000000000000001 0.4 0 0.6000000000000001 0 0 0.8 0 0 0 0 0 0 0 0.6000000000000001 0.6000000000000001 0.4 0 0 0 0 0.6000000000000001 0.6000000000000001 0 0.4 0 0 0.2 0 0 0 0.4 0 0 1 0 6 0 6.2 2 0.2 1.8 3.6 0 18.6 2 2.6 0 0 3 5.4 9.4 1 3 6.2 0.2 0 0 0 0.4 0 0 0 0 0 1.8 0 0 0 0 0 0 0 0 0 0 0 0 0 0 0 0 0 0 0 0 0 0 0.2 0 0 0.4 0 0 0 0 0 0 0 2.6 0 0 0 0 0 0 0 0 0 0 0 0 0 0 0 0 4.6000000000000005 5.4 4.4 0.4 0.2 4.2 4.2 2.4000000000000004 3 1.8 2.8000000000000003 0 6 0 10.4 0.2 2.8000000000000003 3.6 10.4 8.8 0 0 0 0 0 0.2 0 0 0 0.2 0 0 0.6000000000000001 0 0 0 0 0 0 4.2 2 0 0 0 0 0 0 0 0.4 0 0 0 0 0 0 0 0 0 0.4 0 0.2 0 0 0 0.2 0 0 0 0.2 0 0 0 0 0.4 0 0 0 0 0 0 0 0 0 0 0 0 17.6 0 0.4 18 0 3.4000000000000004 0 0 0 0 0 0 0 0 0 0 0 0 0 0 0 0 0 0 0 0 0 0 0 2.2 0.4 2 0 0 0 0 0 0 0 0 0 0 0 0 
 11.8 30 34.2 35.4 38.2 69.2 48.800000000000004 33.6 0 33 84.60000000000001 7 28.400000000000002 15.4 43.2 56.400000000000006 17.2 51.6 35.6 114.2 0.2 0.2 0 0 0 0.4 16.2 0.6000000000000001 0 0 0.6000000000000001 0 0 0 0 16.2 0 0 14.600000000000001 0 0 0 0 0.4 0.6000000000000001 0.4 0 0.2 0 0 0.8 0 0.6000000000000001 0 0.6000000000000001 0 0 0.4 0.6000000000000001 0.6000000000000001 0.4 0 0 0 0 0 1 0 0.4 0 0.4 6.6000000000000005 0 0 0.4 0.4 0 0 0.2 0 2.8000000000000003 0 7.800000000000001 2.6 0 2.8000000000000003 0.2 0 20.6 3.8000000000000003 0.6000000000000001 4.2 0 3.8000000000000003 3.6 0 0 2.8000000000000003 5.6000000000000005 0 1.8 2.8000000000000003 0 0 0 0 0 0 0 0 0 0 2.6 0 8.4 0 0 0 0 2.2 0 0 0 0 0 0 0 0 0 0 0 0 0 0 0 0 0 0 0 2.6 0 0 0 0 0 0 0 0 0 6.6000000000000005 0 0 0 0 0 0 0 0 0 0 5.4 6.4 6.2 0 1.8 0 2.8000000000000003 3.4000000000000004 0 0 6.2 1.6 0.6000000000000001 0 1 0.2 2.4000000000000004 4.6000000000000005 0 2.4000000000000004 3.6 0 3.2 0 0 0 0 0 0 0 0.2 0 0 4.2 0 0 0 0 2.4000000000000004 0 0 0 0 0 0 0 0 0 0 0 2.2 0 0 0 0 0 0 0 0 0.4 0 0 0.4 0 0 5 0 0.2 0 0 0 0.4 0 0 0 0.8 0 0 0 0.4 0 0 0 0 0 0 0 0 1 26.400000000000002 0 1.2000000000000002 0 0 0 0 0 0 0 0 0 0 0 0 0 0 0 0 0 0 0 0 0 0 0 3.2 2.4000000000000004 0 0 0 0 0 0 0 0 0 0 0 0 0 
 42.400000000000006 42.2 73.2 66.4 17 55.6 10.200000000000001 6 33 0 37.4 8.8 37.800000000000004 93.60000000000001 80.2 63.800000000000004 93 9.4 76.80000000000001 32.6 0.4 0 0 0.4 0 0.4 0.4 0.6000000000000001 0.2 0 0.6000000000000001 0 0 0 0.2 0.4 0 0 3.4000000000000004 0.4 0 0 0 0 0.6000000000000001 0.4 0 0.2 0 0 0 0 0 0 0 0 0 0 0.6000000000000001 0.4 0.6000000000000001 0 0 0 0 0.8 0.6000000000000001 0 0 0 0 0 0 0 0 3.6 0 0 0 0 3.6 8.8 8.200000000000001 2 0 0 1 0.4 0.4 9.200000000000001 7.4 3.4000000000000004 0.2 2.6 4.2 5 8.4 3.6 2.8000000000000003 6 0 0 0 0 0 0 0.2 0 0 0 0 0 2 0 0 0 0 0 0.4 0.6000000000000001 0 0 0 0 0 0 0 0 0 0 0 0 0 0 0 0 0.4 0 0 2.2 0 0 0 0 0 0 1.8 0 0 0.2 0 1.4000000000000001 0 0 0 0 0 0 0 0 8 0.2 0.2 4.4 5.6000000000000005 0.2 2.8000000000000003 0.2 0.2 1.4000000000000001 3 1.4000000000000001 0 4.2 5.6000000000000005 3 2 5 0 2 0 0 0 0 0 0 0 0 0 0 0 0 0 0 0 0.2 0 0 2.6 0 0 0 0 0 0.4 1.6 0 0 0 0 0 0 0 0 0 0 0 0 0 0 0 0 0 0 0 0 0.2 0 0 0 0.6000000000000001 0 0 0 0 0.2 0 0 0 0 0 1.8 0 0 0 0.4 0.6000000000000001 0 0.6000000000000001 18.6 0.2 2 0 0 0 0 0 0 0 0 0 0 0.2 0 0 0 0 0 0 0 0 0 0 0 0 1.6 0 0 0 0 0 0 0 0 0 0 0 0 0 0 
 9.600000000000001 34 11 71.60000000000001 56.400000000000006 15 123.60000000000001 20.400000000000002 84.60000000000001 37.4 0 72 32 10.4 56.2 60.6 38 61.6 12 14.4 4.800000000000001 0 0 0.2 0 0 14 0.8 0 0 1 0 31 4.4 0 0.6000000000000001 0 0 10.8 0.8 0 0 0 0 0.6000000000000001 14.600000000000001 0 0 0 0 0 0 0 0 0 0 0 0 0.6000000000000001 0.6000000000000001 0.4 0.4 1.6 0 0 0 0.6000000000000001 0 0.4 0 0 0.2 0 0 0 0 0 0 0 0 6 6 0 2 2.2 9.200000000000001 0 2 4.4 2.8000000000000003 0 3.6 0 2.6 0 2.2 5.2 4.2 0 0 0 0 0.4 0.2 0 0 0.6000000000000001 0 2.4000000000000004 0 0.4 4.800000000000001 2.2 4.6000000000000005 1.2000000000000002 7 0 0 0 6.2 0 0 0 0.2 0 0 0 0 0 0 0 0 0 0 0 0 0 0 0 2 0 0 0 0 0 0 0 0 0 1.4000000000000001 0 0 0 0 0 0 0 0 0 0 0 3.2 4.4 0 1.8 2.2 0.6000000000000001 4.4 2.8000000000000003 0 0.4 9 0 0 0.2 2.8000000000000003 0 3.8000000000000003 0.2 1.4000000000000001 4 0.8 1 0 0 0 0 1 0.2 0 0 0 2 0.2 3.2 0 0 0 10.200000000000001 0 0 0 0 0 0 0 0 0.2 0 0 0 0 0.4 0 0 0 0 0 0 0.4 0 0 0 0 0 0 0 0 0 0 0 0 0 0 0 0 0 0 0 0 0 0 0 0 0 0.4 0.4 0.4 17.400000000000002 2.2 0 2.6 2.8000000000000003 0 0 0 0 0 0.2 0 0 0 0 0 0 0 0 0 0 0 0 0 0.2 0 0 0 3.4000000000000004 0 0 0 0 0 0 0 0 0 0 0 0 0 
 17.2 4.4 83.80000000000001 51.800000000000004 27.6 16.2 22 8.4 7 8.8 72 0 7.4 6.6000000000000005 6.800000000000001 46.2 15.200000000000001 71.60000000000001 50.400000000000006 22.8 17.8 0 0.4 0.6000000000000001 0.4 0.6000000000000001 15 15.200000000000001 0 0 1 0 12.4 0 14.8 0.4 0.4 0 15.200000000000001 7.2 0 0 12.600000000000001 0.6000000000000001 1 0.4 0 0 0.2 0.4 0 0 0.6000000000000001 0 0 0.4 0 0.8 2.2 0.4 0.6000000000000001 0 0.6000000000000001 1 0 0 0.4 0 0.4 0 0 0 0.6000000000000001 0 0.4 0.2 0 0 0 0 0 0 0 4 8.4 0 0 2.8000000000000003 0 0.4 0 2 0 7 0 2 0 2.8000000000000003 0 0 1.2000000000000002 1.4000000000000001 0 0 0 0 6.6000000000000005 3.4000000000000004 0 0 0 0 4.6000000000000005 3.8000000000000003 13.200000000000001 2 3 0 4.2 1.6 0 0 0 0 0 0 0 0 0 0 0 0 0 0.4 0 0 0 0 0.4 0 0 0 0 0 0 0 0 0 0 0.8 0 0 0 0 0 0 0 0 0 0 0 1.4000000000000001 0 0 0 2.8000000000000003 0 2.8000000000000003 0.2 0.2 3.8000000000000003 5.800000000000001 2.4000000000000004 0 0 0 1.4000000000000001 0 0 8.4 1.8 0 7 0 0 0 6 0.2 5.4 0 0 0 4.2 3 9 0 2.6 0 2.6 0 0 0 0 0 0 0 0 0 0 2.6 0 0 0 0 0 0 0 0 0 0 0 0 0 0 0 0 0 0 0 0 0 0 0 0 0 0 0 0 0 0 0 0 0 0 0 0.4 0 0 0.2 0 0 1.8 0 0 0 0 0 0 0 0 0 0 0 0 0 0 0 0 0 0 0 2 0 0 0.2 3.8000000000000003 0 0 0 0 0 0 0 0 0 0 0 0 0 0 
 62.400000000000006 10.8 40.6 24.6 29 19.200000000000003 12.8 34 28.400000000000002 37.800000000000004 32 7.4 0 31.8 17 45.2 25.400000000000002 42.400000000000006 37 10.600000000000001 0 0 0 0.2 0 0.4 0.4 0.6000000000000001 0.4 0 0.6000000000000001 0 2.4000000000000004 0 0 0.4 0 0 14.4 0 0 0 0 0 0.6000000000000001 0.4 0 0 0 0 0 0 0 0 0 0 0 0.2 0.6000000000000001 0.4 0.6000000000000001 0 0 0 0 0 0.4 0.8 0 0.4 0 0 0 0 0 0 0 0 0 0 7.6000000000000005 5.800000000000001 1.8 2.8000000000000003 1.4000000000000001 10.4 0 2.6 0 6.4 2 0 2.2 1.4000000000000001 0.4 0 2 0 3.8000000000000003 2.6 0 2.6 0 0.2 0 0 1.6 0 0 0 0 0 0 0 0 0 0 0 2.6 0 0 0 0 0 0 0 0 0 0 0 0 0 0 0 0 0 0 0.4 0 0.4 0 0 0 0 0 0 0 0 0 0 0 0 0 0 0 0 0 0 0 0 5.4 5.800000000000001 4.4 6 2.6 0.8 9.600000000000001 6.6000000000000005 2.2 13 0 0 0 0 0 0 0 2.2 4.4 0 0.4 0 0 0 0 0 0 0 0 0 0 0 2.4000000000000004 0 0 0 0 0 0 0 0 0 0 0 0 0 0 0 1.2000000000000002 0 0 0 0 0 0 0 0 0 0.2 0 0 0 0 0 0.2 0 0 0 0.4 0 0 0 0 0.2 0 0 0 0 0 0 0 0 0 0 0.4 0 19.400000000000002 0.4 0 19.200000000000003 0 1 0 0 0 0 0 0 0 0 0 0 2.6 0 0 0 0 0 0 0 0 0 0 0 0 0 0 0 0 0 0 0 0 0 0 0 0 0 0 0 
 29.6 60.400000000000006 50.2 108.4 10 7.800000000000001 23.200000000000003 76.60000000000001 15.4 93.60000000000001 10.4 6.6000000000000005 31.8 0 82.80000000000001 9.8 25.8 27 43 18.400000000000002 0.6000000000000001 0 0 0.2 0.4 0.2 0.2 1 0.8 0 0.6000000000000001 0.6000000000000001 0.2 0 0.4 0.4 0.6000000000000001 0 0 0 0.2 0 0 0 1 0.4 0 0 0.6000000000000001 0.6000000000000001 0 0 0 0.6000000000000001 0 0 0 0 0.6000000000000001 0.4 0.6000000000000001 0 0 0 0 0 0.6000000000000001 0 0 0 0 0 0.6000000000000001 1 0 7.800000000000001 10.600000000000001 0 0 1 2 10.4 5 2.8000000000000003 0.4 0 1.8 6.6000000000000005 1.8 7.4 9 4.2 2.8000000000000003 2.6 3 2.4000000000000004 6.2 0.2 2.8000000000000003 4.4 0 0 0 0.4 0 0 0 0 0 2 0 0 0 0 0 0 0 0 3.4000000000000004 0.2 0 0 0 0 0 0 0 0 0 0 0 0 0 0 0 0.4 0 0.2 0 0.2 0 0 0 0 0 0 0 0 0.4 0 0 0 0 0 0 0 0 0 0 0 4.6000000000000005 2.8000000000000003 2 12.600000000000001 1.8 1 0.2 2.8000000000000003 2.8000000000000003 3.4000000000000004 0 0 0 11 5 1 2 4.800000000000001 0 2 0 0 0 0 0 7.4 0 0 0 0 0 0 2 0 0 0 0 0 0 0 0 0 0 0 0 0 0 0 0.4 0 0 0 0 0 0 0 0 0 0.4 0 0.4 0 0 0 0 0 0 0 0 0.4 0 0 0 0.4 0 0 0 0 0 0 0 1.8 0 0 0 0 27 0 0.2 1.8 2.4000000000000004 4.2 0 0 0 0 0 0 0 0 0 0 4 0 0 0 0 0 0 2.8000000000000003 0 0 0 0 0 0 0 1 0 0 0 0 0 0 0 0 0 0 0 0 
 27 37 45.6 56 100.60000000000001 13.200000000000001 10.4 29 43.2 80.2 56.2 6.800000000000001 17 82.80000000000001 0 21 20.8 52.2 59.2 34 0 0 0.2 0.2 0 0.4 34.2 41.6 0.2 0 1 0 0 0 0.2 0.4 0 1 15 0 0 0 0 0 0.6000000000000001 0.4 0 0.6000000000000001 0 0 0.8 0 0 0 0 0 0 0 0.6000000000000001 0.4 0.6000000000000001 0.6000000000000001 0 0 0 0 0.6000000000000001 6.2 0 0.4 0 0 0 0 0 3.8000000000000003 0 0.4 0 0 0 2.4000000000000004 9.4 0 0 0 4.2 2.8000000000000003 2.4000000000000004 4.4 3.6 0.2 0 2.2 5 3 2 2.6 6.6000000000000005 6.4 0 0 0 0 0 0 0 1.2000000000000002 1.2000000000000002 0 0 0 0 0 1.4000000000000001 0 0 0 0 0 0 0 0 0 0 0 0 0 0 0 0 0 1.6 0 0 0 0 0 0 0 0 0 0 0 0 0 0 0 0 0 0 0 0 0 0 0 0 0 0 0 11.200000000000001 7.4 0.4 3.2 4.2 9.4 4.6000000000000005 0.2 0 3.6 3.4000000000000004 0 0 3.2 4.2 2.4000000000000004 4.2 3.2 0 0 0 0 0 0 0 0 0 0.8 0 0 0 0 0.4 0 0 0 0 0 0.6000000000000001 0 0 0 0 0 0 0 0 0 0 0 0 0 0 0 0 0 0 0 0 0 4.6000000000000005 0 0 0 0 0 0 0 0 0 0 0 0 0 0 0 0 0 0 0 0 0 0 0 0 0 18.2 0 0.4 20.6 0.2 3 0 0 0 0 0 0 0 0 0 0 0 0 0 0 0 0 0 0 0 0 0 0 0 1.4000000000000001 0 1.8 0 0 0 0 0 0 0 0 0 0 0 0 
 6.800000000000001 10.8 27.200000000000003 45 17.6 38.2 4.4 6.4 56.400000000000006 63.800000000000004 60.6 46.2 45.2 9.8 21 0 24.400000000000002 28.200000000000003 7.6000000000000005 12.600000000000001 0 0.2 0 0 0 0.2 1 0.6000000000000001 0 0.2 0.6000000000000001 0 33.2 0 0 0.4 0.4 0 0 15.200000000000001 0 0 0 0 0.6000000000000001 0.4 0 0 0 0 0 0 2 0 0 0 0 0 3.6 0.6000000000000001 0.6000000000000001 0 0 0 0 0 0.6000000000000001 0 0.2 0 0 1 0 0 0 0 0 0 0 0 4.2 0 2.2 5 1 11.200000000000001 0 2.8000000000000003 2 1.4000000000000001 0 5.4 0 0 0 0 7 6.6000000000000005 3.2 3.6 3.8000000000000003 0 0 0.4 0 0 1.6 2.4000000000000004 0 0 0 0 2 2.6 4.6000000000000005 0 0 0 0 2.6 0 0 0 0 0 0 0 0 0 0 0 0 0 0 0 0.4 0 0 0 0.2 0 0 0 0 0 0 0 0 0.4 0 0 0 0 0 0 0 0 0 0 0 0.2 0 4.6000000000000005 0 1.6 1 0 4.800000000000001 5.6000000000000005 4.800000000000001 3.2 0 0 0 0 0 0 0.4 3.2 0 9.4 0 0.2 0 0 0.4 4.6000000000000005 2.2 0 0.2 0 0 0.2 3.6 0.8 0 0 0 0 0 0 0 0 0 0 0 0 0 0.4 2 0 0 0 0 0 0 0 0 0 0 0.4 0 0 0 0.2 0 0 0 0.2 0.4 0 0 0 0.2 0 0 0 0 0 0 0 0 0 0 0.2 0 0.2 0 18 0.4 0 2.4000000000000004 0 0.4 0 0 0 0 0 0 0 0 0 0 0 0 0 0 0 0 0 0 0 0 0 0 5.2 0.2 0 0 0 0 0 0 0 0 0 0 0 0 
 19.6 27.400000000000002 38.800000000000004 82 34.800000000000004 16.2 6.4 11.200000000000001 17.2 93 38 15.200000000000001 25.400000000000002 25.8 20.8 24.400000000000002 0 29.8 113.80000000000001 58.400000000000006 0 0 0 0.4 0 0.4 0.2 16.8 0 0 0.6000000000000001 0 0.4 0 0 1 0 0 0 0 0 0 0 0 0.6000000000000001 0.6000000000000001 0 0 0 0 0 12.600000000000001 14 0 0 0 0 0.4 0.6000000000000001 0.4 0.6000000000000001 0 0 0.8 0 0 0.4 0 0 0 0 0 0 0 0 9 0 0 0 0.2 4.4 7.4 0.2 4 0.6000000000000001 0.2 2.2 4 4.4 0.6000000000000001 2.6 0.2 3.6 3 0 2.2 2.6 5.800000000000001 4.6000000000000005 1.6 0 0 0 0 0 0 0 0 0 0 0 0 0.8 0 0 0 0 0 0 0.2 0 0 0 0 0 0 0 0 0 0 0.2 0.2 0 0 0 0 0 0 0 0 0 0 0 0 0 0 0 0 0 0 0 0 0 0 0 0 0 0 0 0 3 0.2 0.4 0 1.2000000000000002 0 0.6000000000000001 0 11.8 0 5 3 0 9.4 2.8000000000000003 5.2 4 0 0 2.2 0 0 0 0 0 0 0 0 0 0 0 0 0 0 0 0 0 0 2 0 0 0 0 0 0 0 0 0 0 0 0 0 0 0 0 0 0 0 0 0 0 0 0.2 0 0 0 0 0 0 0 0 0 0 0 0 0 0 0 0 0 0 0 0 0 0 0.4 0 0.6000000000000001 0.6000000000000001 17.8 2 0.4 0 0 0 0 0 0 0 0 0 0 0 0 0 0 0 0 0 0 0 0 0 0 0 0 0 0 0 0 0 0 0 0 0 0 0 0 0 0 
 4.2 13.600000000000001 38 75.2 9 46.6 20.400000000000002 33.4 51.6 9.4 61.6 71.60000000000001 42.400000000000006 27 52.2 28.200000000000003 29.8 0 8.6 12.600000000000001 0 0 0 0.2 0 0.6000000000000001 0.2 0.8 0 0 0.6000000000000001 0 14.600000000000001 0 0 0.4 0 0.2 0 14.8 0 0 0 0 0.6000000000000001 0.4 0 0 0 0 0 0.4 0 0.2 0 0 0 0.8 1.8 0.4 0.6000000000000001 0 0 0 0 0 0.4 0 0 0 0 0 0 0 0 0.4 0 0 0 0 11 2.6 3.2 2.4000000000000004 3.4000000000000004 2 0.2 2 5.2 0.2 4.2 4.2 3.2 2.6 1.6 3.2 4.2 2.2 4.2 0.2 0 0 0 0 0 0 1 0 0 0 0 0 4 0 0.2 0 0.6000000000000001 0 3.8000000000000003 4.4 0 0 0.2 0 0 0 0 0 0 0 0 0 0 0 0 0 0 0 0 0 0 0 0 0 0 0 0 0 2.2 0 0 0 0 0 0 0 0 0 0 0 0.4 2.4000000000000004 1.8 0 0 2.4000000000000004 0 2.4000000000000004 6.800000000000001 6.4 5 6 3 3.2 0 0 2.4000000000000004 1.4000000000000001 1.6 2.4000000000000004 0.8 0 6.2 0 0 0 3.6 0 0.2 0 0 0 4.6000000000000005 0 0 0 0 0 2 0 0 0 0 0.4 0 0.4 0.2 0 0 0 0 0 0 3.4000000000000004 0 0 0 0 0 0.2 0 0 0 0 0 0 1.6 0 0 0 0 0 0 0 0 0 0 0 0 0 0 0.2 0 0 0 1 17.400000000000002 0.6000000000000001 1 0.2 1.8 2.6 0 0.4 0 0 0 0 0 0 0 0 0 0 0 0 0 0 0 0 0 0 0 0 0 2.4000000000000004 2.8000000000000003 2 0 0 0 0 0 0 0 0 0 0 0 0.6000000000000001 
 9.200000000000001 11.4 9.600000000000001 16.8 20.6 53 22.6 33.4 35.6 76.80000000000001 12 50.400000000000006 37 43 59.2 7.6000000000000005 113.80000000000001 8.6 0 20.400000000000002 0 0.4 0.4 0.2 0.6000000000000001 0.2 0.2 1.2000000000000002 1.2000000000000002 0.4 0.6000000000000001 0.6000000000000001 8 0 0 0.4 0 0.2 0.6000000000000001 0 0.6000000000000001 0 0 0.2 0.6000000000000001 0.8 0.6000000000000001 0 0.4 0 0.6000000000000001 0 0 0.4 0 0.6000000000000001 0.2 0.6000000000000001 0.6000000000000001 0.4 1.8 0 0.4 0 0 0.2 0.6000000000000001 0.4 0 0 0 0 0 0 0 8.4 0 0 0 0 0 0 2.4000000000000004 0 0 0 7.4 0 1.8 8.8 1.8 0.4 10.600000000000001 2.2 0 0 1 2.6 3.2 2.8000000000000003 0 0 0 0 0 0 0 0 0 1.4000000000000001 0 0 0.2 0 0 0 0 0 0 0 0 0 0 0 0 0 0 0 1.4000000000000001 0 0 0 0 0 0 0 0 0 0 0 0 0.6000000000000001 0 0 0 0 0 0 0 0 0 0 0 0 0 0 0 0 2.2 0 6.800000000000001 0.2 2 3.4000000000000004 0.8 0 4.2 0 8 2.6 0.4 0 2 8 6 5.6000000000000005 7 5.2 0.2 0.2 0 0 0 0 0 0 0.8 0 0 0 0 0 0 0 0 0 0 0 0 0 0 0 0 0 0 0 0 0 0 0 0 0 0 0 0 0 0 0 0 0 0 0 0 0 0 0 0 0 0 0 0 0 0 0 0 0 0 0 0 0 0 0 0 0 0 0.6000000000000001 0 0.2 0.8 0.4 2.2 1.2000000000000002 0 0.4 0 0.4 0 0 0 0 0 0 0 0 0 0 0 0 0 0 0 0 0 0 0 0 0 0 0 0 0 0 0 0 0 0 0 0 0 0 
 14.600000000000001 7.6000000000000005 51 10.8 14 68.60000000000001 57.400000000000006 27.400000000000002 114.2 32.6 14.4 22.8 10.600000000000001 18.400000000000002 34 12.600000000000001 58.400000000000006 12.600000000000001 20.400000000000002 0 0 0 0 0.2 0 0.2 0.2 1 0.4 0 0.6000000000000001 0 14.8 0 14.200000000000001 0.4 0 0 0 0 0 0 0 0 0.6000000000000001 0.4 0 0 0 0 0 0 0 0 0 0 0 0.2 0.6000000000000001 0.4 0.6000000000000001 0 0 0 0 0 0.4 0 0 0 0 7.800000000000001 0 0 0 0.4 0 0 0 0 2.6 2 3 2.4000000000000004 0 0 4 0.2 2.6 0 2.2 0 8.4 2.6 2 5.800000000000001 1.4000000000000001 3.6 2.8000000000000003 0 0 0 0 0 0 0 0 0 0 0 0 0 0 0 5.800000000000001 0 0 0 0 0 0 0 0 0 0 0 0 0 0 0 0 0 0 0 0 0 0 0 0 0 0 0.6000000000000001 0 0 0 0 0 0 0 0 0 0 0 0.2 0 0 0 0 0 0 0.2 0 0 0 2.4000000000000004 0 1.8 3.2 3 0 0.2 2 4 0 4.6000000000000005 3 0 1.4000000000000001 0.8 4 0 0 0 0 0 0 1 0 0 0 0 0 0 1.6 0 0 0 0 0 0 0 0 0 0.4 0 0 0 0 0 0 0 0 0 0 0 0 0 0 0 0 0 0 0 0 0 0 0 0 0 0 0 0 0 0 0 0 0 0 0 0 0 0 0 0 0 0.8 0.2 0 0.6000000000000001 0.2 0 1.2000000000000002 0 0 0 0 0 0 0 0 0 0 6 0 0 0 0 0 0 0 0 0 0 0 0 2.4000000000000004 0 0 0 0 0 0 0 0 0 0 0 0 0 0 
 0.2 0 0 14.8 14.8 5.800000000000001 0.2 0 0.2 0.4 4.800000000000001 17.8 0 0.6000000000000001 0 0 0 0 0 0 0 24.400000000000002 14.600000000000001 7.2 6.2 6.800000000000001 24.8 8.4 24 40.800000000000004 9 5.4 28.6 41 26.8 38.400000000000006 21 15.200000000000001 28.8 26.200000000000003 0.6000000000000001 0 0 0 0 0 0 0 0 0.6000000000000001 0 0 0 12.600000000000001 0.6000000000000001 0.4 0 0 0 0 0 0 2.2 0 0 0 0.4 0.2 0 0 0.2 0 0.4 0.6000000000000001 0.6000000000000001 8.8 0 0.4 0 0 0.4 0 0 0 7 8.4 0 0 0.4 0 0 0 0 0 0 0 2 0 0.2 0 3 0.8 2.4000000000000004 3 3.4000000000000004 3.8000000000000003 5.4 2 4.4 2.8000000000000003 3.8000000000000003 4.4 4 9.600000000000001 1.2000000000000002 9 4.4 3.4000000000000004 3.2 6.4 0 0 0 0 0 0 0 0 0 0 0 0 0 0 0 0 0 0 2.2 0 0 0 0 0 0 0 0 0 0 0 0 0 0 0 0 0 0 0.2 0 0 0 0 0 0 0.2 0.2 0 0 0 0 0 0 4 0 0 0 1 0 0 0 2.2 2 4.4 1.8 2 0.2 0 2.2 1.6 0 7 0 5.4 2.2 5.2 5.4 3 6.2 7.4 11.600000000000001 0 0 0 0 0 0 0.4 0 0.4 0 0 0 0 0 0 0 0 0 0.4 2.2 0 0 0 0 0 0 0 0.4 0 0 0 0 0 0.4 0 0 0 0 0 0 0 0 2.6 0 0 0 0 0 0 0 0 0 2.8000000000000003 0 3.6 0.4 0 16.6 0 0 0 2 0 0 0 0 0 0 0 0 0 0 0 0 0 0 0 0 0 0.2 0 7.800000000000001 0 0.2 0 3.8000000000000003 0 0 0 0 
 1 0.2 0 0.8 29.8 14.600000000000001 0 0 0.2 0 0 0 0 0 0 0.2 0 0 0.4 0 24.400000000000002 0 21.6 22 25.6 8.6 18.8 46.6 50.400000000000006 90.60000000000001 24.6 8.4 15 26.400000000000002 16.6 38.800000000000004 24.200000000000003 5.800000000000001 54 31.6 0.6000000000000001 40.800000000000004 0 0.2 0 0 0 0 0 0.6000000000000001 0 0 0 0 0.6000000000000001 0.4 0 53.400000000000006 0 0 0 0 0 0 9.4 0 0.4 0 0 0 0 0 0.4 0.6000000000000001 0.6000000000000001 0 1 0.4 0 0 0 0 0 0 0 3.4000000000000004 0 0 0 0 0 0 0 0.4 0 0 0 0 0 0 8.4 3.6 4.800000000000001 3.4000000000000004 0 0.4 3.6 2 3.6 11.600000000000001 0.2 0 1 3.4000000000000004 3.6 2.8000000000000003 4.4 0.8 1.8 0.8 0 0 0 0.4 0.2 0 0 0 0 0 0 0 0 0 3.4000000000000004 0 0 0 0 0 0.6000000000000001 0 0 0 0 0 0 0 0 0 2 4.6000000000000005 0 0 0.2 0 0 0 0 0 0.6000000000000001 0 0 0 0 1 0 0 0 0 0 0 0 0 0 0 0.4 0 0 0 9.8 3.8000000000000003 4.2 1.8 0 4 6.800000000000001 4.2 0.4 6.4 0 0 2.8000000000000003 7 0 4 15.4 9.600000000000001 0.2 4.800000000000001 0 0 0 0 0 0 0 0 0 0 0 0 0 0.2 0 0 0.2 0 0 0 0 0 0 0 0 0 0.8 2.2 0 0 0 0 0 0 0 0 0 3.8000000000000003 0 2 0 0 2.2 0 0 0 0 0 0 0 0 0 0 0 0.4 0.2 0.4 29 0 0 0.8 4.2 0 0 0 0 0 0 0 0 0 0 0 0 0 0 0 0 0 0 0 10.200000000000001 0 0 0 0 0 0 0 0 
 0 0 0 0.2 0 0 0.2 0 0 0 0 0.4 0 0 0.2 0 0 0 0.4 0 14.600000000000001 21.6 0 35.2 26.8 22 18.8 114.2 17 14.8 40.2 37.6 9.600000000000001 20.400000000000002 17.8 54.2 66.8 64.4 3.8000000000000003 92.80000000000001 0.6000000000000001 0 0 0 1.4000000000000001 0 20 12.4 0 0.6000000000000001 0 0 0 0 0.6000000000000001 0.4 0 0 4.4 12.4 0 0 0 0 0 0 0.4 0 0 0 0.2 0 0 0.6000000000000001 0.6000000000000001 0.2 2.2 0.4 0 0 0 0 0 0 0 0 0 0 0 0 0 0 0 0 0 0 0 0 0 1.8 2.2 8 6.800000000000001 2.6 5 2.8000000000000003 0 9.4 2 0 2.4000000000000004 0 0 0 2.4000000000000004 0.2 7 3.2 0 2.2 0 0 0 0 0 0 0 6 0.4 0 0 0 2.6 0 0 0 0 0 3.6 0 0 0 0 0 0 0 0 0 0 0 0.2 0 0 0 0 0 0 0 0 0 0 0 0 0 0 0 0 0.8 1.4000000000000001 0 0 0 0 0 2.8000000000000003 0.6000000000000001 0 1.4000000000000001 0 0 0 5.6000000000000005 2 2.2 0.4 4.2 0 0 0 5 2.4000000000000004 0 0 1.8 2.8000000000000003 10.600000000000001 0.2 0 0 0 2 0 0 0 0 0 1.4000000000000001 0 2.2 0 0 0 3.8000000000000003 3 0 0 2 0 5.4 0 0 0 0 0 3.2 0 0 0 0 0 0 0 0 0 0 0 0 0 0 0 0 0 0 0 0 0 0 0 16.2 0 0.2 0 0 0 2.2 0 0 4 16 0.4 0 0 2 0 0 0 0.8 0 0 0 0 0 0 0 0 0 0 0 0 1.6 0 2.4000000000000004 0 0 0 3.8000000000000003 0 0 0 0.2 
 0.2 14 0.2 0 1 0.4 0.2 0 0 0.4 0.2 0.6000000000000001 0.2 0.2 0.2 0 0.4 0.2 0.2 0.2 7.2 22 35.2 0 55.800000000000004 5.4 35.800000000000004 17.6 70.2 82 48.6 33.6 15 56.800000000000004 15 19.200000000000003 28 54.800000000000004 11 12.200000000000001 21.6 12.4 0 0 0 0 4 0.4 0 0.4 0 0 12.8 6.2 3.8000000000000003 0.6000000000000001 0 0.4 0 0.6000000000000001 0 0 0 0 0 0.6000000000000001 10.4 0 0 0 0.4 0 0.8 0.6000000000000001 0.6000000000000001 0.4 0 0.6000000000000001 0 0 0 2.8000000000000003 0 0 0 0 0 0 0 0 0 0 0 0 0 0 0 0 0 0 0 2.6 1.8 1.8 1 5.4 0 0 2 0 0 4 0 0 0 0 5 0 1.2000000000000002 0 0 0.2 0 0 0 0 0 3.4000000000000004 0 0 0.2 0 0.2 0.2 1.2000000000000002 0.4 0 0 1.6 3 0 0 0 0 0 0 0 0 0 0.4 0 0 0.2 0 0 0 0 0 0 0 0 0 0.2 0.4 0 0 0 5.6000000000000005 0 0.2 0 0.2 0 0 0 0.8 0 0 0 0 0 1.2000000000000002 0 10.600000000000001 0 4.800000000000001 0 2.8000000000000003 2.6 2.8000000000000003 0.2 2.6 0 0 3.8000000000000003 0.2 2.6 3 0 0 5.2 4.2 0 0 0 0 1.4000000000000001 1.2000000000000002 0 0 0 2.4000000000000004 10.600000000000001 4 2.6 0 0 0 6.2 3 0 0 0 0 0 0 0 0 0 0 0 0 0 0 0 0 0 0 0 0 0 0 3.6 0 0 0.2 0.4 0 0 0 0 0 0 0.2 2.6 0 0 16.2 31 0.6000000000000001 0.4 0 0 0 0 0 0 0 0 0 0 0 0 0 0 0 0 0 0 1.6 0 0 0 0 0 0 4.800000000000001 0 0 0 
 0 0 0 0.4 0 0 0 0 0 0 0 0.4 0 0.4 0 0 0 0 0.6000000000000001 0 6.2 25.6 26.8 55.800000000000004 0 49.400000000000006 50.800000000000004 15.200000000000001 23.200000000000003 52.6 18.2 9.200000000000001 12.8 16.6 16.8 18.8 28.8 9.200000000000001 11.4 60.800000000000004 7.2 12.4 6.6000000000000005 0 0 0 12.600000000000001 0.2 12.600000000000001 0.6000000000000001 0 0 15.8 19.400000000000002 13.4 12.8 0 0 4.6000000000000005 0.2 0 0 0 0 0 0.4 0.4 0 0 5.4 0.2 0 0 0.6000000000000001 0.6000000000000001 0.2 2.2 0.4 0 0 0 0 0 0 0 0 1.6 0 0 0 0.2 0 0 0 0 0 0 0 0 0 0 0 0 0 3.4000000000000004 1.6 0.4 0 0.2 5.800000000000001 2.8000000000000003 1.8 0 0.4 0 2.4000000000000004 2.6 2.6 0 0.2 4.4 1.4000000000000001 1.6 2.8000000000000003 0 2.2 4.2 5.2 7 3.2 1.4000000000000001 2.2 4.800000000000001 10.200000000000001 0.2 6.6000000000000005 0 3 1.8 1.6 0 0 0 1 0 0 0.2 0 0 0 0 0 0 0 0 0 0 0 0 0 0 0 0 0 0 0 0 0 0.2 0 0 0 0 0 0 0 0 0 0 0 0 0 0 0 0 0 0 0 0.2 3.6 4.800000000000001 0 0 4 0 0 0 0 0 0 4.4 0.8 2.2 2.2 0 0 1.8 5.800000000000001 4.800000000000001 0 0 10.600000000000001 2 3.2 2.4000000000000004 2.8000000000000003 4.6000000000000005 0.6000000000000001 2.6 1.4000000000000001 0 0 0 0 0 0 0 0 0 0 0 0 0 0 0 0 0 0 0.4 0 0 0 0 0 0 0 0 0 0 0 0 0 0 0 1.6 0.2 0 15.600000000000001 8.8 2.2 0 0 0 0 0 0 0 0 0 0 0 0 0 0 0 0 0 0.4 0 0 0 0 0 0 0 0 0 0 0 0 
 14.8 0.4 0.2 0.2 0 0.6000000000000001 0.2 0.4 0.4 0.4 0 0.6000000000000001 0.4 0.2 0.4 0.2 0.4 0.6000000000000001 0.2 0.2 6.800000000000001 8.6 22 5.4 49.400000000000006 0 9.4 9 16.8 15.200000000000001 66.4 9.600000000000001 8.200000000000001 30 10.8 18 79 27.6 7.2 9.4 13 0 12.200000000000001 0 0 0 10.8 0 5.6000000000000005 0.6000000000000001 0 0 0.2 25.200000000000003 1 11.200000000000001 0 25.8 18.6 0.2 0 0 0 0 0 0 0.4 0 0 0 0 0 0 0.6000000000000001 0.6000000000000001 0 0 0.4 0 0 0 0 0 0 0 0 0 0 0 0 0 0 1.8 0 0 0 0 0 0 0 2 0 0 0 0.2 0.2 0 7.6000000000000005 2.8000000000000003 4.800000000000001 2.6 1.4000000000000001 0 0 2 4.2 0 2.4000000000000004 0 1.8 2 3.8000000000000003 3.6 1.8 3.8000000000000003 2.4000000000000004 5.800000000000001 8.6 2 3.4000000000000004 5.4 2.4000000000000004 3.4000000000000004 4.4 0 6 1.6 4.2 4 2.2 0 0 0 0.4 0 0 0 0 0 0 0 0 0 0.2 0 0 0 0 0 0 0 0.2 0 0 0 1.8 0 0 0 0 0.2 0 0.4 0 0 0 0 0 0 0 0 1.8 0 0 0 3.2 0 0 0 1.8 5.800000000000001 0.2 0.2 2.8000000000000003 0 0 0 0 0 0.4 1.6 0 2.2 0.2 0 0.8 2.2 4.2 11.8 2.2 0 2 0 0 0 3.6 4.4 2 3.2 3.8000000000000003 0 0 0 0 0 0 0 0 0 0 0 0 0 0 0 0 0 0 1.2000000000000002 0 0 0 0 0 0 0 0 0 0 0.2 0 0 0 0 3.4000000000000004 1.2000000000000002 0.2 0.8 0 2.4000000000000004 1.2000000000000002 0 0 0 0 0 0 0 0 0 0 0 0 0 0 0 0 0 0 0 0 0 0 0 0 0 0 0 0 0.2 
 0.2 5.2 0.4 7.6000000000000005 30.400000000000002 0 0.4 0.2 16.2 0.4 14 15 0.4 0.2 34.2 1 0.2 0.2 0.2 0.2 24.8 18.8 18.8 35.800000000000004 50.800000000000004 9.4 0 70.8 9.600000000000001 38.800000000000004 8.200000000000001 5.800000000000001 56.800000000000004 67 22 16 5.800000000000001 20 11.600000000000001 42.2 0.6000000000000001 0 0 0 0.6000000000000001 0 0 0 0.2 0.6000000000000001 0 0 3.6 0 0.6000000000000001 0.4 0 0.4 2 0 0 0 1.2000000000000002 0 1.6 0 0.4 0 0.6000000000000001 0 0.2 0 0 0.6000000000000001 0.6000000000000001 0.2 0 0.4 0 0 0 0 0 0.4 1.8 3.8000000000000003 0 0.2 0 2.2 0 4.6000000000000005 0.4 0 2.2 0 5.4 0 0 0 4.2 2.8000000000000003 4.800000000000001 1 6.800000000000001 7.2 0.2 2 12.200000000000001 0 0 6.6000000000000005 0 4.2 2 2.6 2.6 0.2 0.8 2 5.2 0 0 0 0 0 0 0 0 0 0 0 0 0 0 0 0 0 9.200000000000001 0 0 0 0 0 0 0 0 0 0 0 0 0 0 0 1 0 0 0 0 0 2 0 0 0 0.2 12 0 0 0 0 2.8000000000000003 2.4000000000000004 0 0 0 0 0 0 3.2 1.4000000000000001 0 5.6000000000000005 6.800000000000001 3.6 0 4.6000000000000005 1.8 4.2 0 0 5.6000000000000005 4.2 1.8 0.2 4.2 6.6000000000000005 8.4 0 3.2 0 0 0 0 0 0 0 0 0 0 0 0 0 0 0 0 0 0 0 0 0 0 0 0 0 0.2 0 0 0 0 0 0 0 0 2.6 0 0 0 0.2 0 0 0 0 0 0 0 0 0 0 0.4 0 0 0 2.6 0 1.6 0.4 0.2 15.8 0 0 0.4 0 0 0 0 0 0 0 0 0 0 0 0 0 0 0 0 0 0 0 0 0 0 0 0 0 0 0 0 0.4 
 0.6000000000000001 0.4 0.6000000000000001 0.6000000000000001 42.800000000000004 0.6000000000000001 0.6000000000000001 0.8 0.6000000000000001 0.6000000000000001 0.8 15.200000000000001 0.6000000000000001 1 41.6 0.6000000000000001 16.8 0.8 1.2000000000000002 1 8.4 46.6 114.2 17.6 15.200000000000001 9 70.8 0 25.200000000000003 68.2 9 33 32 21.400000000000002 13.4 10.4 107 5.6000000000000005 17.8 8.4 0.6000000000000001 0 0.8 0 0 0 0 0 0 0.6000000000000001 0 0 0 0 0.6000000000000001 0.4 0 0.2 0.4 0 0 0 0 0 0.4 0.2 1 0 0 0 0 0 0 0.6000000000000001 0.6000000000000001 0 2 0.4 0 0 0 0 0 0 3.4000000000000004 1.8 0 0 0 0 0 0.2 0 0 0 0 0 0 0 0 1.6 0 10 4 4.4 2.6 3 3.4000000000000004 3.6 7.4 4.4 1.6 0.6000000000000001 1.8 7.2 8.4 5.6000000000000005 9 0 2.2 0 0 0 0 0 0 0 4 0 0 0 0 0 0.2 0 0 0 0 8 7.2 0 0 0 0 0 0 0 0 0 0.8 0 0.4 0 0 0 0.4 0 0 0 0 0.2 0 0 0 0 0 0 0.2 0 0 0 1.2000000000000002 0 0 0 0 0 0 0 0 2 2.6 0 0 1.8 4.800000000000001 0 0 4 6 8.6 9.200000000000001 0 4.2 0 3.4000000000000004 2 4 0 0 0.2 0 0 0 0 0 0 0.4 0 0.2 0 0 7 3.2 0 0 0 0 5.2 0 0 0 0 0 0 0 0 0 0 0 0.2 0 0 0 0 0 0 0 0 0 0 0 0 0 0 0 0 0 0 0 0 0 0 0 3.6 0 0 32.2 0.4 0 2.2 0 0.4 0 0 0 0 0 0 0 0 0 0 0 0 0 0 0 0 1.6 0 1.8 0 0 0 0 0 0 0 0 
 0.2 0 0.4 0.2 0.4 0.4 0.4 0 0 0.2 0 0 0.4 0.8 0.2 0 0 0 1.2000000000000002 0.4 24 50.400000000000006 17 70.2 23.200000000000003 16.8 9.600000000000001 25.200000000000003 0 80.60000000000001 41.6 3.4000000000000004 14 33.4 40.6 28.200000000000003 20.400000000000002 23 59.400000000000006 28 0.6000000000000001 0 0 0 0 0 0 0.2 0 0.4 0 0 0 0 0.4 0.6000000000000001 0 0 0.2 0.2 0 0 0.2 0 0 0 0.4 10.200000000000001 0 0 0.4 0 0 0.6000000000000001 0.6000000000000001 0.4 0 0.4 0 0 0 0 0 0 1.8 0 0 0 0 0 0 0 0 0 0 0 0 0 0 5.800000000000001 0 1.8 2.4000000000000004 2.6 3.4000000000000004 5.800000000000001 6.6000000000000005 0 0.4 0 5 0 0 0 0 5 0 0 2.2 0 0 0 0 0.2 0 0 0.4 7.6000000000000005 0 0 0 0 0 0 2.4000000000000004 0 0 0 0.2 0 0 0 0 0 0 0 0 2 0 0 0.2 0 0 1.4000000000000001 0 0 0 0 0 0 0 0.2 0 0 0 0 0 1.8 0 0 0.2 0 0 0 0 2 0 0.6000000000000001 0 0 4 0.2 2.8000000000000003 9.4 5.6000000000000005 0 0 2.6 2.6 0 8.4 1.4000000000000001 0 0 1.8 4 3.6 0 0 11 0 0 2 0 0 0 0 0 0 0 0 0 0.6000000000000001 5.2 0 0 0 0 0 3.2 0 0 0 0.4 0 0.2 0 0 0.2 0 3 0 0 0 0 0 0 0 0 0 0 0 0 0 0 0 0 0 0 0 0 0 0 0 2.2 0.6000000000000001 0 0.6000000000000001 15.4 0.8 0 0 0 0 0 0 1 0 0 0 0 0 0 0 0 0 0 0 0 0 0 0 0 0 0 0 0 0 0 0.2 
 0.4 3.8000000000000003 0 0 0.4 14.4 0 0.2 0 0 0 0 0 0 0 0.2 0 0 0.4 0 40.800000000000004 90.60000000000001 14.8 82 52.6 15.200000000000001 38.800000000000004 68.2 80.60000000000001 0 39.2 67.8 62.800000000000004 34.4 48.400000000000006 68.4 40.6 6.4 74 35.4 13.200000000000001 41.2 0 0 0 0 0 0 0 0.6000000000000001 0 0 0 0 0.6000000000000001 0.4 0 41.6 0 0.2 0 0 0 0 0 0 0.4 0.2 0 0 0.2 0 0 0.6000000000000001 0.6000000000000001 0.2 0.8 0.4 0 0 0 0 0 0 0 0 0 0 0 0 0 0 0 0 0 0 0 0 0 0.4 1.4000000000000001 5.6000000000000005 0.2 4.4 3.4000000000000004 4.6000000000000005 2.4000000000000004 2.2 4.6000000000000005 0 3.6 7 1.2000000000000002 0 0 7.4 4.6000000000000005 3.8000000000000003 1.4000000000000001 1.8 0 0 0 0 0 0 0 0 0 0 0.2 0 0 0 0 0.4 0 0 4.2 0 0 0 0 0 0 0 0 0 0 0.4 0 0 0 0 0 0 0 0 0 0 1.4000000000000001 0 0 0.4 0 0 0 0 0.4 0 0 0.2 0 0 0 0 0 0 0 1 2.8000000000000003 3.6 2.4000000000000004 4.800000000000001 2 5 3.2 0.2 1.8 2.8000000000000003 7.800000000000001 0 3 7.4 0 12.8 1.6 4.800000000000001 7.4 7.2 0 0 0 0 0 0 0 0 0 0 0 0 2.4000000000000004 0.6000000000000001 0.4 0 0 0 0.2 2.6 0 0 0 0 0 0 0 0 0 0 0 0 0 0 0 0 0 0 0 0 0 0 2.2 0 0 0 0 0 0 0 0 0 0 0 1.4000000000000001 0.2 0 10.200000000000001 0 0.4 2.4000000000000004 2.4000000000000004 0 0 0 0 0 0 0 0 0 0 0 0 0 0 0 0 0 0.2 0 0.2 0 0 0 3.8000000000000003 0 0 0 0 
 0.6000000000000001 0.6000000000000001 0.6000000000000001 0.6000000000000001 0.8 0.6000000000000001 0.6000000000000001 0.6000000000000001 0.6000000000000001 0.6000000000000001 1 1 0.6000000000000001 0.6000000000000001 1 0.6000000000000001 0.6000000000000001 0.6000000000000001 0.6000000000000001 0.6000000000000001 9 24.6 40.2 48.6 18.2 66.4 8.200000000000001 9 41.6 39.2 0 9 9 8 29.6 15.8 42 13.8 10.600000000000001 14.600000000000001 13.8 0 1.4000000000000001 0 0 0.2 5 10.200000000000001 0 1.2000000000000002 0 0.4 0 25 27 0.4 0.6000000000000001 0 4.800000000000001 10.200000000000001 0 0 0.4 0 0 0 0.8 0 0 0 0.2 6.800000000000001 0 0.6000000000000001 0.6000000000000001 0 0 10.4 0 0 0 0 0 0.4 0 0 0 0 0 0 0 0 0 0 0 0.4 0 0 0 0 0 1.6 0 2.4000000000000004 1.8 0.2 0 0 0 3.8000000000000003 0 2 0 3.2 0 0 0.2 2.6 2.4000000000000004 0 4.4 0 2.2 2.4000000000000004 0 0 4 9.8 4 0 10 0 5.6000000000000005 0.2 7.800000000000001 3.6 0 0 0 0 0 0 0 0 0 0 0 2.4000000000000004 0 0 0 3.6 0 0.8 0 0.2 0 0 0 0 0 0 0 4.2 0 0 0 0.8 0 0 0 0 0 0 0 1.6 0 0 0 0 2.6 2.6 0 2.4000000000000004 3.8000000000000003 0 0 0 1.8 0.2 0 3 0 3.2 0 3.6 0 2.8000000000000003 0 0 4 5.6000000000000005 0 0 0 0 0 1.8 4.4 1.8 2 2.2 0.4 2.4000000000000004 1 2.6 0.4 0 7 3.6 0 0 0 0 0 0 0 0 0 0.2 0 0 0 0 0 0 0 0 0 0 0 0 0 0 0 0 0 0.2 0.2 0 0 0 0 0 3.4000000000000004 0 0.6000000000000001 15.200000000000001 0.8 0 0 0 0 0 0 0 1.4000000000000001 0 0 0 0 0 0 0 0 0 0 0 0 0 0 0 0 0 0.4 0 0 0 0 0 
 0 5 0 0 0 0 0 0.2 0 0 0 0 0 0.6000000000000001 0 0 0 0 0.6000000000000001 0 5.4 8.4 37.6 33.6 9.200000000000001 9.600000000000001 5.800000000000001 33 3.4000000000000004 67.8 9 0 22.8 8.200000000000001 36.4 7.6000000000000005 27 38.400000000000006 49.400000000000006 21.400000000000002 12 10.8 0 0 0 0.4 0 12.600000000000001 12.8 0.8 0 0 0 11.200000000000001 0.6000000000000001 0.4 3 0 17.8 12.4 0 0 0 4 0 0 0.4 0 0 0 1.8 0 0.6000000000000001 0.6000000000000001 0.6000000000000001 0.4 0 1.8 0 0 0 0 0 0 0 0 0 0 0 0 0 0 0 0 0 0 0 0 0 0 0.2 6.4 4 4 4 4.800000000000001 0 0 4.800000000000001 0.2 1.6 0 2.6 0 0 0 6.800000000000001 3 0 0 0.4 0 5.4 0 0 0 2.8000000000000003 0 2.2 0 0.2 0 0 2 0 7.800000000000001 0 0 3 2.8000000000000003 0 0.2 0 0 0 0 1.2000000000000002 0 0 0 0 0 0 0 0 0 0 0 0 0 1 0.6000000000000001 0 0 0 0 0 0 0 0 0 1.2000000000000002 0 0 0 0 0 0 0 0.8 0 3.6 0 0 4.4 8.6 0 3 2.4000000000000004 3.4000000000000004 3 5.2 0 0 1.2000000000000002 6.800000000000001 0 0 0 3 0.8 4 0 0 0 0 0.8 1.4000000000000001 0 2.2 3.2 0.2 7.6000000000000005 0 2.4000000000000004 2.6 0 0 2.6 2.4000000000000004 0 0 0 0 0 0 0 0 0 0 0 0 0 0 0 0 0 0 0 0 0 0 0 0 0 0 0 0 0.4 0 0 0 0 0 2 0.4 0 16.400000000000002 0 0.8 2.2 0 0 0 0 0 0 0 0 0 0 0 0 0 0 0 0 0 0 0.8 0 0 0 0 0 3.8000000000000003 0 0 0 0 
