 0 36.800000000000004 47.6 7.800000000000001 6.800000000000001 5.2 39.400000000000006 9.600000000000001 6 7.800000000000001 10.600000000000001 6.6000000000000005 12.600000000000001 41.2 10.8 16 69.2 12.200000000000001 29 29.8 0 0.6000000000000001 0 0 0 0 0 0 0 0 0 0 0 0 40.400000000000006 0.4 0 0.2 0 0 0 0 0.4 0 0 0 0 0 0 0.4 0 0 0 0.4 0 0 0.6000000000000001 0 0 1 0 0 0 0 0.4 2.8000000000000003 0 0 0 0.6000000000000001 0 0 0 0.6000000000000001 0 0.4 0 0 0 0 2 0 8.4 0 0 0.6000000000000001 0.2 3.2 6.4 0 0 0 6.800000000000001 6.4 3.2 4.2 3.6 0 2.6 9 0 0 0 0.4 0 0 0 0 0 0.2 0 0 0 0 0 0 0 0 0.6000000000000001 0 0 0 0 0 0 0 0 0 0 0 0 0.4 0 0 0 0 0 0 0 0 0 0 0 0 0 0.4 0 1.8 0 0 0 0 0 0 0 0 0 0 0 0 5.4 0 3.2 0 0 0 2 6.6000000000000005 6 4.2 0 0 0 3.6 1.8 3.4000000000000004 0.4 1.8 7.2 4.6000000000000005 0 0 0 0 0 0 0 0 0 0.2 0 0 0 0 0 0 0 0 0 0 0 0 0 0 0 0 0 0 0 0 0 0 0 0 0 0 0 0 0 0 0 0 0 0 0 0 0 0 0 0 0 0 0 0.4 0 0 0 0 0 0 0 0 0 0 0 0 0.2 0.4 0 0 0.2 4 0 0 0 0 0 0 0 0 0 0.8 0 0 0 0 0 0 0 0 0 0 0 0 0 0 0 0 0 0 0 0 0 0 0 0.2 0 0 0 0 
 36.800000000000004 0 77 26.400000000000002 9.4 6 50.2 37.4 12.4 24 50.2 25 66.2 46.2 93.4 8.4 39.800000000000004 5.6000000000000005 14.600000000000001 8.200000000000001 0.4 0.6000000000000001 0 0 0 0.4 0 41.2 0 0 0 0 0 0 0 0 0.4 0.2 0 0 0 0.4 0.4 0 0 0 0 0 0 0.6000000000000001 0 0 0 0.4 0 0 0.2 0 0 0.6000000000000001 0 0 0 0 0.4 0 0 0 0.2 0.6000000000000001 0 0 0 0.2 0 0.4 0 2 0 1.4000000000000001 0.2 5 2.4000000000000004 3.8000000000000003 2.2 0.2 1.6 2.8000000000000003 4.2 7.6000000000000005 0 2.8000000000000003 6.4 2.6 5.4 0 4.2 0 0.2 0 0 0 0 0 0 0 0 0 0 0.2 0 0 5.800000000000001 0 0 0 0 1.2000000000000002 0 0 0 0 0 0 0 0 0 0 0 0 0 0.4 0 0 0 0 0 0.6000000000000001 0 0 0 0 0 0 0 0.4 0 0 0 0 0 0 9.200000000000001 0 0 0 0 0 0 0 2.2 5.6000000000000005 4 0.6000000000000001 3 1.8 4.800000000000001 0.2 2 1.6 3 3.4000000000000004 0 4 10.4 4.800000000000001 0.4 2.2 3.4000000000000004 10.8 0 1.6 0 0 0 0 3 0 0 0.2 0 0 1.6 0 0 0 0 0 0 0 0 0 0 0 0 0 0 0 0 1.6 0 0 0 0 0 0 0 0 0 0 0 0 0 0 0 0 0 0 0 0 0 0 0 0.4 0 0 0 0 0 0 0 3.4000000000000004 0 0 0 0.4 0.6000000000000001 0 0.4 0.2 0 2.8000000000000003 0 0 0 0 0 0 0 0 0 0 0 0 0 0 0 0 0 0 0 0 0 0 0 2 0 0.4 0 0 0 0 0 0 0 0 0 0 0 0 
 47.6 77 0 55 38.2 5 77.4 18.400000000000002 73 12.8 87.2 56 31.400000000000002 81.60000000000001 29.6 28.6 98.80000000000001 9.4 25.6 8.6 0 1 0.4 0 0 0 15.4 0.8 0 0 0.8 0 0 0 0 0 0 0 0.2 0.2 0 0.6000000000000001 0.4 0.4 0 0 0 0 0 0.6000000000000001 0 0.6000000000000001 0.4 1 1.2000000000000002 0 0.4 0 0 1 0 0 0 0 0.4 0 0 0 0.2 0.6000000000000001 0 0 0 1 0 0.4 0.2 1.4000000000000001 0 2.4000000000000004 10 2.8000000000000003 2 0 1.4000000000000001 0 0 3.6 4.2 2.8000000000000003 0 2.4000000000000004 3 5 3.4000000000000004 1.2000000000000002 5.800000000000001 4.2 1.2000000000000002 1.8 0 0 0 0 0 0 0 0 0 0 0 0 5.800000000000001 0 0 0 0 0 3.4000000000000004 0 0 0 0 0 0 0 0 0 0 2.6 0 0 2.8000000000000003 0 0 0 0 0 0 0 0 0 0 3.4000000000000004 0 0.6000000000000001 0 0 0 0 0 0 0 0 0 0 0 0 1.8 6.2 6.2 1.2000000000000002 12.4 4.800000000000001 0 0 2.2 0 6.6000000000000005 7 0 0 0 2 0 3.6 3.6 6.6000000000000005 2.4000000000000004 6.2 0 2.2 0 2 2 0 5.2 0 0 0 0 0 2.6 0 0 0 0 0 0 0 2.6 0 0 0 2 0 0 0 0 0 0 0 0 0 0 0 0 0 0.4 0 0 0 0 0 0 0 0 0 0 0 0 0 0 0 0 0 0 0 0 0 0 2 0 0 0 0 17.2 0.4 0.4 17.8 0 2.8000000000000003 0 0 0 1.6 0 0 0 0 0 0 0 0 0 0 0 0 0 0 0 0 0 0 0 1.2000000000000002 0 0.2 0 0 0 0 0 0 0 0 0 0 0 0 
 7.800000000000001 26.400000000000002 55 0 18 49 16.2 18.2 37.800000000000004 54 30.400000000000002 28.8 20.200000000000003 41.800000000000004 34.4 49 64.60000000000001 15.600000000000001 24 93.2 14.8 0.6000000000000001 0.4 0 0 0 0 0 0 0 0.4 0.4 0 0 0 0 0 0 0 14.4 0 0 0.4 0 0 0 0 0 0 0.6000000000000001 0 0 0 0.4 0 0 0.4 0 0 1 0 0 0 0 0.4 0 0 0 0 0.6000000000000001 0 0 0 0.4 0 0.4 0 0 0 0 6.4 7.2 2 0 4.4 2.6 2.6 2.6 4.6000000000000005 2.4000000000000004 1.6 2.4000000000000004 6 5.4 2.6 0 24.400000000000002 9.8 0 3.8000000000000003 0 1.4000000000000001 0 0 2.8000000000000003 2.6 0 0 0 0 0.2 0 3.2 2.8000000000000003 0 1.4000000000000001 0 0 1 3.4000000000000004 0 0 0 0 0 0 0 0 0 2.6 0 0 0 0 0 0 0 0 0 0 0 0 0 0.2 0 0 0 0 0 0 0 0 0 0 0 0.2 0 0 0.4 0 0 0.2 0.2 6 4.6000000000000005 2 0 0 1.8 6.6000000000000005 4.6000000000000005 7.4 0 0 2.6 0 6.2 4.4 0 0.4 0 0 2 0 0 0 0 0 0.4 0 0 0 0 0 0 0 0 0 3.2 2.2 0 0 3 0 0 0 0.2 0 0 0 0 0 0 0 0 0 0 0 0 0 0 3.8000000000000003 0 0 0 0 0 0 0.4 0 0 0 0 0 0 0 0 2.8000000000000003 0 0 0 4.6000000000000005 0 0 0 0 18.8 0.2 0.2 0.4 1.4000000000000001 1.8 2.4000000000000004 0 0 0 0 0 0 0 0 0 2 0 0 0 0 0 0 0 0 0 0 0 0 0 2.2 0 0 0 0 0 0 0 0 0 0 0 0 0 
 6.800000000000001 9.4 38.2 18 0 80 13.8 32.800000000000004 17.400000000000002 60.400000000000006 21.200000000000003 40 32.4 36.6 19.200000000000003 35.800000000000004 10.600000000000001 32.4 82.60000000000001 17.400000000000002 14.8 15.4 0 0 0 0 17.8 29.6 0.4 44.2 0 0 27.400000000000002 23 14.8 0.6000000000000001 15.4 0 8.4 15.200000000000001 0 0 0.4 0 0 0 0 0 0.2 0.6000000000000001 0 0 10.600000000000001 0.4 0 0 0 0 0 0.6000000000000001 0 0 0 0 0.4 0 0 0.4 0.2 0.4 0 0 0 0 0 1.6 0 0 0 0 2.4000000000000004 0 3.6 0 5.2 2.8000000000000003 0 0 2.6 0 0 7.6000000000000005 0 0 0 0 0 0 0 0 3 5 5.2 0 0 0 5 4 0 4 0 3.2 5.2 2.6 0 4.6000000000000005 1.6 1.2000000000000002 0.6000000000000001 0 0 0 0 0 0.4 0 0 0 0 0 0 0 0 0 0 0 0 0 0 0 0 0 0 0 0 0 0.4 0 0.8 0 1.4000000000000001 0 0 0 0 0 0 0 0 0 0.8 0 5.6000000000000005 0 3.8000000000000003 2.2 2 0 4.6000000000000005 0 2.2 6.6000000000000005 0 0 0 0 0 3.8000000000000003 0 3 2 3 0 0 0 0 7.2 4.800000000000001 0 2.2 2.6 1.8 2 5.800000000000001 2.8000000000000003 2.2 2 3.8000000000000003 0 2.6 0 0 0 0 0 0 0 0.2 0 0 0 0 0 0 0.4 0 7.6000000000000005 0 0 0 0 0 0 0.4 0 0 0 0 0 0 0 0 0 0 0 0 0 0 0 0 0 0.4 0 0 0 0 0 0 0.2 0 0.6000000000000001 2 0 0 0 0 0 0 0 0.2 0 0 0 0 0 0 0 0 0 0 0 0 0 0 0 0 0 0 0 0 0 0 0 0 0 0 0 0 0 0 
 5.2 6 5 49 80 0 7.2 54 9.200000000000001 17.6 18.2 75 7.4 9.600000000000001 10.600000000000001 12 25.400000000000002 11.200000000000001 8.200000000000001 12 1 15.8 0.6000000000000001 1 0 0.4 20.400000000000002 5 15.200000000000001 4.2 15.600000000000001 0.6000000000000001 22.8 35 20.400000000000002 0.6000000000000001 0.4 1 16 14.4 0 0.8 0.4 0 0 0 0 0 0 0.4 0 0 0 0.4 0 0 0.6000000000000001 0 0.8 1 0 0 0 0 0.4 0.8 0 0 1.2000000000000002 0.6000000000000001 0 0 0 0.6000000000000001 0 0.4 0 0 0 0 0 0 3 0 4.2 0 0 0 0.6000000000000001 0 2.8000000000000003 3.4000000000000004 0 0 0.2 0 0 0 0 0 2.2 2.2 4.6000000000000005 1 0 0 6.2 3 2.8000000000000003 0 0 3.8000000000000003 2.4000000000000004 2.2 0 3.2 9.200000000000001 0.4 2 3.6 0 0 0 0 0 0 0 0 0 0 0 0 0 0 0 0 0 0 0 0 0 0 0 0 0 0 0 0.2 0.2 0 1.2000000000000002 0 0 2.6 0 0 0 0 0 0 0 0 0 0 0 0.2 2.6 0 0 8 2.4000000000000004 3.8000000000000003 0 0 0 0 0 0 0 0 4.800000000000001 0.4 0.2 0 0 1.8 4.4 2 2.8000000000000003 0 2.8000000000000003 2.8000000000000003 2.8000000000000003 6.4 6 0 0 4.6000000000000005 0 2.2 0 0 0.2 0 0 0 0 0 0 0 0 0 0 0 0 0 0 0 0 0 0 0 0 0 0 0 0 0 0 0 0 0 0 0 0 0 0 0 0 0 0 0 0 0 0 0.8 0.8 0 0.2 0.6000000000000001 0.4 1.4000000000000001 0 0 0 0 0 0 21.6 0 0 0 0 0 0 0 0 0 0 0 0 0 0 0 0 0 0 0 0 0 0 0 0 0 0 2.8000000000000003 0 0 0 0 
 39.400000000000006 50.2 77.4 16.2 13.8 7.2 0 36.2 12.4 96.4 25.6 22.200000000000003 54.400000000000006 32.800000000000004 51 7.2 50.800000000000004 7.800000000000001 10.600000000000001 51.2 0 0.6000000000000001 0 0.6000000000000001 0 0 8.200000000000001 0.8 0 0.4 0.2 0 0.2 0 0 0.4 1 0 0 12.8 0.6000000000000001 0.6000000000000001 0.8 0.4 15.200000000000001 0 0.2 0 0 1 0 0 0 0.4 0 0 1.2000000000000002 0 0 1 0 0 0 0 0.4 1.8 0.6000000000000001 0 0.6000000000000001 1 0 7 0 1.8 0 0.4 0 0 0 0 3.2 6.800000000000001 0 0 0 0 8 4.6000000000000005 2.2 1.8 0 3.8000000000000003 2.2 0 9.4 2 0 2.6 0 4.2 0 0 0 0 0 0 0 0 0 0 0 0 0 0 0 0 0 0 0 0 0 0 0 0 0 0 0 0 0 0 0 0 0 0 0 0 0 0 0.2 0 0 0 0 0 3 0 0 0 0 4.6000000000000005 0 0 5 0 0 0 0 0 0.2 0 6.2 0.8 0 2 0 0 4.6000000000000005 1.8 6 2 0 0 2 2.4000000000000004 4.6000000000000005 6 3 0 0 4 0 0 0 0 0 0 0 0 0 0 0 0 0 0 0 4.2 0 0 0 0 0 0 0 0 0 0 0 0 0 0 0 0 0 0 0 0 0 0 0 0 0 0 0 0 0 0 0 0 0 0 0 0 0 0 0 0.4 0 0 0 0 0 0 0.6000000000000001 0.2 0 0 17.400000000000002 0 0 0.4 0 0.6000000000000001 0 0 0 0 0 0 0 0 0 0 0 0 0 0 0 0 0 0 0 0 0 0 0 0 0 1.8 0 0 0 0 0 0 0 0 0 0 0 0 
 9.600000000000001 37.4 18.400000000000002 18.2 32.800000000000004 54 36.2 0 65.2 7.6000000000000005 26.8 50.2 20 16.2 55.6 43.2 17.6 44.6 17 8 0 0.6000000000000001 0.2 0 0 0 0 0 0.4 0 0 0 1.8 0.2 0 0 0 0 0 0 0.6000000000000001 0 0.4 0 0 0 0 0 0 0.4 0 0 0 0.4 0.6000000000000001 0 0.6000000000000001 0 0 0.6000000000000001 0 0 0 0 0.4 0.8 0 0 0 0.6000000000000001 0 0 0 0.6000000000000001 0.2 0.4 0 0 0 0 0 0.4 1.2000000000000002 1 5 7.4 1 5 0.6000000000000001 5.2 3.8000000000000003 2.6 3.6 0 0.2 4.6000000000000005 2.6 0 0 0 1.4000000000000001 0 0 0 1.6 0 0 0 0 0 0 0 2.8000000000000003 0.6000000000000001 0 0 0 0 4.800000000000001 0.2 0 0 0 0 0.4 0 0 0 0 0 0 0 0 0 0 0 0 0 0 0 0 0 0 0.6000000000000001 0 0 0 0 0 0 0.4 0.4 0 0 0 0 0 0 0 0 0.2 4.6000000000000005 4.2 2.6 7.6000000000000005 0 4.4 0 0 7 0.2 1.6 0.2 2.8000000000000003 1.2000000000000002 1.6 3.8000000000000003 4.2 0 0 0 0.2 0 0 0 0 0 0 0 0 0.4 0 0 0.4 0.4 0 0 0 4.6000000000000005 2 0 0 0 0 0 0 0 0 0 0 0 0 0 0 0.4 0 0 0 0 0 2.4000000000000004 0 0 0.4 0 0 0 0 0 0 0 0 0 0 0 0 0 0 0 0 0 0.6000000000000001 0 0 0 0 1.8 0 17.400000000000002 0.2 0.4 0 0 0 0 0 0 0 0 0 0 0 1.6 0 0 0 0 0 0 0 0 0 0 0 0 2.4000000000000004 0 0 0 0 0 0 0 0 0 0 0 0 0 0 
 6 12.4 73 37.800000000000004 17.400000000000002 9.200000000000001 12.4 65.2 0 94.80000000000001 71.4 19.200000000000003 56.6 39.2 80.2 112.2 13.600000000000001 51.800000000000004 21.8 17.6 0 0.6000000000000001 0 0 0 0 0 0 0 0 0 0.4 17 0.2 0 0.4 0 0 0 0.6000000000000001 3.2 0 0.4 0 0 0 0 0 0 0.6000000000000001 0 0 0 0.6000000000000001 1.4000000000000001 0 0.4 0 0 0.6000000000000001 1.2000000000000002 0 0 0 0.4 0 0 0 0 0.6000000000000001 0 0 0 0.4 0.2 0.4 0 0 0 0 3.6 3.2 2.2 3.2 8.6 6.800000000000001 6 5.6000000000000005 7.800000000000001 7 4.4 7.4 2 5.2 8 3 6.4 14 0 2 2.4000000000000004 0 0 0 0 0 0 0 0 0 0 0 4.6000000000000005 4 0.2 0 0 0 3 0 0 0 0 0 0 0 0 0 0 0 0 0 0 0 0 0 0 0 0 0 0 0 0 0 0 0 0 0 0 0 0 0 0 0 0 0 0 0.2 1.2000000000000002 0 1.4000000000000001 3.8000000000000003 0 3 3.6 0 0 0 2.2 4.4 0 2.2 0 0 8.6 2.6 6.4 2.4000000000000004 0 0 0 0 0 0 0 0 0 0 0 0 0 0 0 0 0 0 0 0 4.6000000000000005 2 0 0 0 0 0 0 0 0 0 0 0 0 0 0 0 0 0 0 0 0 0 0 0 0 0 0 0 0 0 0 0 0 0 0 0 0 0 0 0 0 0 0 0 0 0 0.4 26.200000000000003 0.4 0 0.2 0 1.2000000000000002 2.6 0 0 0 0 0 0 0 0 0 5.6000000000000005 0 0 0 0 0 0 0 0 0 0 0 0 0 3.8000000000000003 0 0 0 0 0 0 0 0 0 0 0 0 0 
 7.800000000000001 24 12.8 54 60.400000000000006 17.6 96.4 7.6000000000000005 94.80000000000001 0 35.6 69.4 56.2 19.8 36.800000000000004 27.8 29 43.6 11.4 83.4 0 0.6000000000000001 0 0 0 0 1.2000000000000002 0.4 0 0 0.4 0 24.6 7.800000000000001 0 0.2 0 0 0.2 15 0 0 0.4 0 0 0.4 0 0 0 0.8 0 0.6000000000000001 0 0.4 0 0 0.2 0.4 0 1 0.4 0 0 0 0.4 0 0.8 0 0 1.6 0 0 0 0 0 1 0 0 0 0 2.4000000000000004 5.4 4 0.8 7.6000000000000005 10.8 2.4000000000000004 0.4 0 0 0 7.2 0 0 2.4000000000000004 0 2 6.800000000000001 0 0 0 0.2 0 0 0 0.2 2.8000000000000003 2.6 0 0 0 0 0 2 0.2 0 0 0 0.2 4.4 0 0 0 0 0 0 0 0.2 0 0 3 0 0 0 0 0 0 0 0 0.4 0 0 0 0 0 0 0 0 0 0 2.2 0 0 0 0 0 0 0.4 0 0 4.6000000000000005 0 5.800000000000001 0 0.8 0 2.2 0.2 2 0 4.4 3.4000000000000004 0 0.2 3.8000000000000003 4.800000000000001 3.6 2 0 5 0 0 0 0 0.2 0 0 0 0 0 3.6 0 0.2 0 0 0 0 0 3 0 0 0 0 0 0 0 0 0 0 0 0 0 0 0 0 0 0 0 0 0 0 0 0 0 0 0 0 0 0 0 0 0 0 0.6000000000000001 0 0 0 0 0 0 0 1.8 0 0 0 0 0.2 0.2 0.6000000000000001 18 0.4 2.8000000000000003 2 0 0 0 0 0 0 0 0 0 0 0 0 0 0 0 0 0.4 0 0 0 0 0 0 6.4 0 0 0 0 0 0 0 0 0 0 0 0 0 
 10.600000000000001 50.2 87.2 30.400000000000002 21.200000000000003 18.2 25.6 26.8 71.4 35.6 0 13.4 12 31.400000000000002 20 14.8 82.60000000000001 78.60000000000001 9.4 30.6 16.2 0.6000000000000001 0 0 0 0 9.200000000000001 15.200000000000001 0 0 0.8 0 27 14.8 15.200000000000001 0 0 0 0 33.6 7 0 0.4 0 0 0 0 0 0 0.6000000000000001 0 0 0.4 0.4 0 0 0.2 0 0 1 0.8 0 0 0 0.4 10.8 0.4 0 0.4 0.6000000000000001 0 0 0 0.2 0 0.4 0 0 0 1 2.4000000000000004 0.6000000000000001 2.6 0 4.800000000000001 3.8000000000000003 0 3 3 14.4 7.2 3.8000000000000003 5 5.2 4.2 2.2 0 12.600000000000001 0 2.8000000000000003 0 3 0 0 0 0 0 0 0 0 0 0.4 0.6000000000000001 2.8000000000000003 4.800000000000001 3 0 0 6 1.8 0 0 0 0 0 0 0 0 0 0 0 0 0 0 4.2 0 0 0 0 0 0 0 0 0 0 0 0 0 0 0 0 0 0.6000000000000001 0 0 0 0 0 1.4000000000000001 0 0 3.4000000000000004 1.4000000000000001 9.8 1.2000000000000002 3.2 0 0 1.4000000000000001 6.4 0 0 0 2.4000000000000004 0 0.6000000000000001 7.2 4.6000000000000005 0 0 0 16.8 0 3.4000000000000004 0 0 8.8 0 0 0 0 0 2.2 3.2 0 0.6000000000000001 0 5 1.2000000000000002 2 0 0 0.2 0 0 0 0 0 0 0 0 0 0 0 0 0 0 0 0 0 0 0 0 0 0 0 0 0 0 0 0 0 0 0 0 0 0 0 0 0 0 0 0 0 0 0.4 1.6 0.6000000000000001 1.2000000000000002 10.600000000000001 2.2 3.2 0 0 0 0 0 0 0 0 0 0 0 0 0 0 0 0 0 0 0 0 0 0 0 0 3.8000000000000003 0.2 0 0 0 0 0 0 0 0 0 0 0 0 
 6.6000000000000005 25 56 28.8 40 75 22.200000000000003 50.2 19.200000000000003 69.4 13.4 0 18.400000000000002 24 7 47.400000000000006 59.2 17.8 8.200000000000001 22.400000000000002 0 0.6000000000000001 0.4 0.2 0 0.4 15 26.200000000000003 0.2 0 0.6000000000000001 0.4 1 29.8 15.4 0.2 0 0.4 29.8 0 0 0 0.4 0 0 0 0 0 0 0.6000000000000001 0 0.4 4.800000000000001 0.4 0 0 0.2 0 0.4 1 0.4 0 0 0 0.4 0 0 0 0 0.4 0 0 0 0 0 0.6000000000000001 6.800000000000001 0.2 0 0 15.600000000000001 6.2 0 2.8000000000000003 3 0.6000000000000001 2.4000000000000004 0 0 0 0 7.6000000000000005 0 3.8000000000000003 0 0 4.6000000000000005 5.800000000000001 0 0.8 0 3.2 6.2 0 0 0 6 7.2 0 0.2 0.4 1.8 3.6 0 4 4.2 0 0 6.4 3.2 0 0 0 0 0 0 0 0.8 0 0 0 0 0 0 0 0 0 0 0 0 0 0 0 0 0 0 0 0 0.8 0 0 0 0 0 0 0.4 0 0 0 0 3.8000000000000003 3 2.4000000000000004 0 3.2 0.6000000000000001 0.2 0 1.8 0 9.8 5.2 0 0 3.6 3.8000000000000003 2 1.2000000000000002 0 3.6 0 0 0.2 0 0 0 0.4 0 0.2 0 3 0 3.2 0.2 0 0 0 0.2 5.6000000000000005 0.4 0 0 0 0 0 0 0.4 0 0 0 0 0 0 0 0 0 0 0 0 0 0 0 0 0 0 0 0 0 0.2 0 0 0 0 0 0 0 0 0 1.4000000000000001 0 0 0 0 0 0 0.2 0.4 0 0.4 0.2 0 1.8 0.4 0 0 0 0 0 0 0 0 0 1.4000000000000001 0 0 0 0 0 0 0.2 0 0 0 0 0 0.2 0 0 0 0 0 0 0 0 0 0 0 0 0 0 
 12.600000000000001 66.2 31.400000000000002 20.200000000000003 32.4 7.4 54.400000000000006 20 56.6 56.2 12 18.400000000000002 0 18.6 26 50.800000000000004 26.6 9.600000000000001 57 29.6 0 0.6000000000000001 0 0 0 0 0 0 0 0 0.4 0.2 0 0.4 0 0 0 0.4 0 0 0 0 0.4 0 0 0 0 0 0 0.6000000000000001 0 0 0 0.4 0 0 0.2 0 0 1 0 0 0 0 0.4 4.800000000000001 0 0 0 0.6000000000000001 0 0 0 0 0 0.6000000000000001 0 0 0 9.600000000000001 2 5 4.2 0 0 0 0.2 0 2 2 0 2 7.2 0 3.2 0 2.2 0 4.6000000000000005 5.6000000000000005 0 0 0 0 0 0 0 0 0 0 0.4 0 0 0 0 0 0 0 0 0 0 0 0 2.8000000000000003 0 0 0 0.2 0 0 0 0 0 0 0 0 0 0 0.4 0 0 0 0 0 0 0 0 0 0 0 0 0 0.8 0 0 0.4 0 0 0 0 6.4 2 3 0 0 0 6.4 2.2 9 5.6000000000000005 0 0 0 0 1.8 9.8 0 0 3.8000000000000003 7.6000000000000005 0 0 0 0 0 0 0.4 0 0.2 0 0 0 0 0 0 0 0 0 0 0 0 0 0 0 0 0 0.4 0 0 0 4.800000000000001 0 0 0 0 0 0 0 0 0 0 0 0 0 0 0 0 0 0.2 0 0 0 0.2 0 0 0 0 0 0 0 0 0 0 0 0 0 0 0 0 0.4 0 0 0 0 0 0 0 0 0 0 0 0 0 0 0 0 0 0 0 0.2 0 0 0 0 0 0 0 2.2 0 0 0 0 0 0 0 0 0 0 0 0 
 41.2 46.2 81.60000000000001 41.800000000000004 36.6 9.600000000000001 32.800000000000004 16.2 39.2 19.8 31.400000000000002 24 18.6 0 20.400000000000002 7.2 26.6 7 13 35.6 0.4 1 0.6000000000000001 0 1 0.2 0.6000000000000001 0 0 0 0.8 0 0 0.6000000000000001 3 0.8 0 0 16.2 0.4 0.8 0 0.4 0 0 0.4 0.6000000000000001 0 0 0.6000000000000001 0 0 0 0.8 0 0 0.6000000000000001 0.4 0 1.4000000000000001 0 0 0.8 0.6000000000000001 0.4 0.6000000000000001 0.8 0 0 2.2 0 0.4 0.4 0 0 1.8 1.8 0.8 0 0.4 11.4 0 2.8000000000000003 2 1.8 2 0 3.2 6.800000000000001 0 0 5.6000000000000005 1.6 13.8 4.2 0 4.4 4 2.8000000000000003 9 0 0 0 0 0 0 0 0 0 0 0 0.4 10.200000000000001 0 0.2 0.2 0 0 0.2 0 0.4 0 0.2 0 0 0 1.6 0 0 0 1 0 0 0 0 0 0 0 0 0 0 0 0 0.6000000000000001 0 0 0 0.4 0 0 0 0 2.4000000000000004 0 0 0 0.4 0 1.4000000000000001 0 3.8000000000000003 0 2 2.6 3.8000000000000003 1.8 3.8000000000000003 0 11 6.4 2 4.2 0 3 7.2 3.6 3.6 4.4 2 7.2 0.6000000000000001 0 0 0 0 0 0 0 0 0 0 0 0 0 0 0 0 0 3.8000000000000003 0 0 0 0 0 0 0 0 0 0 0 0 0 2.2 0 0 0 0 0 0 0 0 0 0 0 0 0 0 0 0 0 0 0 0 0 0 0 0 0 0 0 0 0 0 0 0.2 0 17.400000000000002 0.2 0.4 0 0.2 3.2 2.4000000000000004 0 0 0 0 0 0 0 0 0 0 0 0 0 0.2 0 0 0 0 0 0 0 0.2 0.2 0 0 0 0 0 0 0 0 0 0 0 0 0 0 
 10.8 93.4 29.6 34.4 19.200000000000003 10.600000000000001 51 55.6 80.2 36.800000000000004 20 7 26 20.400000000000002 0 27.200000000000003 55 7.4 78 105.80000000000001 1.4000000000000001 0.6000000000000001 0.4 0.6000000000000001 0 0 0.4 0 0.2 0.8 0 0.6000000000000001 0 0.4 0.2 0.2 0 0.4 0.2 0.2 0.6000000000000001 1.4000000000000001 0.4 0.8 0 0 0 0 0 0.6000000000000001 0 0.4 0 0.4 0.6000000000000001 0 0.4 0.4 0 1 0 0.4 0 0 0.4 0 0 0 0 0.6000000000000001 0 0.4 0.4 0.8 0 0.4 0 0.8 0 0 0 4.2 3.6 2.2 0.4 0.4 5.800000000000001 1.6 5 2.2 0 0 0 0 1.4000000000000001 2.4000000000000004 0 6.6000000000000005 0 0 0 0 0 0 0 0 0 0 0 0 0.4 0 0 0 0 0 0 0 0 10.600000000000001 0 0 0 0 0 0 0 0 0 0 0 0 0 0 0 0 0 0 0 0 0 0 0 0 0 0 0 1 0 0 0 0 0 0 0 0.4 0 0 2 0 2.6 0 4.2 0 0 0 0 1 0 2.4000000000000004 0.2 3.2 0 2.8000000000000003 1.8 0.6000000000000001 0 2.4000000000000004 2 8.200000000000001 0.4 0 0 0 0 0 0.4 0 0.2 0 1.8 0 1.6 0 0 0 0 0 0 0 0 0 0 0 0 0 0.4 0 0 0 0 0 0 0 0 0 0 0 0 0 0 0 0 0 0 0 0 0 0.2 0 0 0 0 0 0 0 0 0 0 0 0 0.4 0 0 0 0 0.4 0 0.6000000000000001 0 0 1.4000000000000001 0 0 0 0 0 0 0 0 0 0 0 0 0 0 0 0 0 0 0 0 0 0 0 0 0 0 0 0 0 0 0 0 0 0 0 0 0 0 
 16 8.4 28.6 49 35.800000000000004 12 7.2 43.2 112.2 27.8 14.8 47.400000000000006 50.800000000000004 7.2 27.200000000000003 0 85.60000000000001 34.2 30.6 31.6 1.6 0.6000000000000001 0.2 0 0 0.2 0 0.8 0 0 25 0 15 0 0 0 0 1 0 0 0 0.8 9 0 0 0 0 0 0 0.4 0 0 0 0.4 0.8 0 0.6000000000000001 0 0.8 1 0 0 0 0 0.4 0.8 0 0 0.8 0.6000000000000001 0 0 0 0.6000000000000001 0 0.4 0.2 0 0 0 2.8000000000000003 1.6 4 2.6 8.8 2.6 0.2 1.6 4.2 0.6000000000000001 0 1.8 1.4000000000000001 0 0 1.6 5.6000000000000005 5.6000000000000005 0 1.8 0 0 0 0 0 0 0 0.4 0 0 0 0 0 0 0 0 0 0 16 0 0 0 0 0 0 0 0 0.2 0 0.4 0 0 0 0 0 0 0 0 0 0 0 0 0 1.2000000000000002 0 0 0 0 0 0 1.8 0 0 0 0.4 0 0 0 0.2 0 0 0 1 0 6.800000000000001 0 0 0 0 0 10.200000000000001 8.200000000000001 0 3 4 2.4000000000000004 4.2 6.4 0.2 0.4 0 0 0 0 0 0 0 0 0 0 0 0 0.2 0 0 0 0 0 0.8 3.4000000000000004 0 0 0 0 0 2.6 0 0 0 0 0 4.4 0 0 0 0 0 0 0.2 0 0 0.4 0 0 0 0.4 0 0 0 0 0 0 0 0 0 0 0 0 0 0 0 0 0 0 0 0.4 17 0 0 0 0 7.2 1.8 0 0 0 0 0 0 0 0 0 2.2 0 0 0 0 0 0 0 0 0 0 0 0 3.8000000000000003 0 0 0 0 0 0 0 0 0 0 0 0 0 0 
 69.2 39.800000000000004 98.80000000000001 64.60000000000001 10.600000000000001 25.400000000000002 50.800000000000004 17.6 13.600000000000001 29 82.60000000000001 59.2 26.6 26.6 55 85.60000000000001 0 95 22.6 20.200000000000003 0 0.6000000000000001 0 0 0 0 0 0 0 0 0.2 0 13.4 15 0 0 0 0.4 0.2 0 1.4000000000000001 0 0.4 0 0 0 0 0 0 0.4 0 0 0 0.6000000000000001 1.4000000000000001 0 0.6000000000000001 0 0 0.6000000000000001 0 0 0 0 0.4 0 0 0 0 0.6000000000000001 0 0 0 0.6000000000000001 0 0.4 0 1.2000000000000002 0 0.4 7 0.2 5.2 0.8 8 0 0.2 0 0 7.6000000000000005 2.8000000000000003 6.800000000000001 1.8 3.6 0 4 3.8000000000000003 0 0 0.2 2.8000000000000003 0 0 0 0 0 0 2.8000000000000003 0.2 0 0 0 3.6 3.4000000000000004 0 0 8.200000000000001 0 1.8 0 0 0 0 0 0 0 0 0 0 0 0 0 0 0 0 0 0 0 0 0 0 0 0 0 0 0 0 1.2000000000000002 0 0 0.8 0 0 0 0 0 0 0.2 0 0 0 6.800000000000001 2.8000000000000003 3.8000000000000003 19.200000000000003 0.6000000000000001 0 0 0 3 2.4000000000000004 12.4 3.2 0 0.2 1.4000000000000001 3.4000000000000004 7 0 0.6000000000000001 0 0 3.6 0 0 0 0.8 0 0 2.2 0 0 0 0 0 0 0 0 7 6.6000000000000005 0 0 0 0 0 0 0 0 0 0 0 0 0 0 0 0 0 0 0 0 0 0 0 0 0 0 0 0 0 0 0 0 0 0 0 0 0 0 0 0 0 0 0 0 0 0.4 10.200000000000001 0.2 17.8 0 3 0.4 0 0 0 0 0 0 0 0 1.2000000000000002 0 2.4000000000000004 0 0 0 0 0 12.600000000000001 0 0 0 0 0 0 1.8 2.2 0 0 0 0 0 0 0 0 0 0 0 0 0 
 12.200000000000001 5.6000000000000005 9.4 15.600000000000001 32.4 11.200000000000001 7.800000000000001 44.6 51.800000000000004 43.6 78.60000000000001 17.8 9.600000000000001 7 7.4 34.2 95 0 9.4 32.4 0.4 0.6000000000000001 0 0 0 0.4 0 0.2 0 6 0.6000000000000001 0.2 30 14.8 0.6000000000000001 0 0 0 0 12 1 0 0.4 0 0 0 0 0 0 0.6000000000000001 0 0 0.8 1.2000000000000002 0.4 0 0.4 0 0 1 0 0 0 0 0.4 0 0 0 0 0.6000000000000001 0 0 0 0.4 0 0.4 0 0 0 0 0 0 9.200000000000001 0 12.200000000000001 0 0 0 1.8 5.2 3.8000000000000003 5.2 0 0 0.2 3.2 2.8000000000000003 7.4 0 0 0 2 0.2 0 0.4 0 0.2 0 0 0 0.4 0 0 3 6.2 0.4 0 0 8.8 3.4000000000000004 0 0 0 0 0 0 0 0 0 0 0.2 0 0 0 0 0 0.2 0 0 0 0 0 0 1 0 0 0 0 2.4000000000000004 0 1.4000000000000001 1.6 0 0 0 0 0 0 0 0 1.2000000000000002 3.6 1.2000000000000002 4.6000000000000005 5.6000000000000005 0 0 0 0 1.8 4.2 6.800000000000001 0 0 0.2 1 6.6000000000000005 8.8 0 3.8000000000000003 0 0 0 0 0 0.2 0 0 0 0 2.8000000000000003 0 0.2 0 6.2 0 0 0 1.8 2.2 0 0 0 0 0 0 0 0.4 0 0 0 0 0 0 1 0 0 0 0 0.4 0 0 0 0 0 0 0 0 0.2 0 1 0 0 0 0 0 0 0 0 0 0 0 0 0 0 0 0.4 0 9.600000000000001 9.600000000000001 1.8 0.2 0 0 0 0 0 0 0 0 0 0 0 0 0 0 0 0 0 0 0 0 0 0 0 3.8000000000000003 3.6 0 0 0 0 0 0 0 0 0 0 0 0 0 
 29 14.600000000000001 25.6 24 82.60000000000001 8.200000000000001 10.600000000000001 17 21.8 11.4 9.4 8.200000000000001 57 13 78 30.6 22.6 9.4 0 22.8 0 0.6000000000000001 0 0 0 0 0 0 0.4 0 0 0 0 0 0 0 0 0.4 0 0 0 0 0.4 0 0 0 0 0 0 0.6000000000000001 0 0 0 0.4 6.800000000000001 0 0.4 0 0 0.6000000000000001 0 0 0 0 0.4 0 0 10.8 0.6000000000000001 0.6000000000000001 0 1.2000000000000002 0 0.4 0 0.4 0 0 0 0 0.2 4 0 3.4000000000000004 0 2 1.6 1.2000000000000002 1.8 3.8000000000000003 0 0 7 0 2.8000000000000003 3.4000000000000004 2.2 1.6 5.800000000000001 2.8000000000000003 0 0 0 0 0 0.2 0 0 0 0 0 0 0 0 0 0 0 0 0 0 0 0 0 0 0 0 0 0.2 0 0 0 0 0 0 0 0 0 0 0 0 0 0 0 0 0 0 0 0.2 0 0 0 0 0 0 0 0.2 0 0 0 1.6 0 2.8000000000000003 0.2 0 0 0 2.8000000000000003 5 0 0 0 3 0.6000000000000001 0 5.4 6 0 0 2.6 0.6000000000000001 0 0 0 0 0 0 0.2 0 0.4 0 0 0 0 0 0 0 0 0 0 0 0 0 0 0 0 0 0.2 0 0 0 0 0 2 0 0 0 0 0 0 0 0 0 0 0 0 0 0 0 0.4 0 0 0 0.8 0 0 0 0 0 0 0 0 0 0 0 0 0.4 0 0 0.4 0 0 3.4000000000000004 0 0 0 0 0 0 0 0 0 0 0 0 0 0 0 0 0 0.4 0 0 0 0 0 0 0 0 0 0 0 0 0 4 0 0 0 0 0 0 
 29.8 8.200000000000001 8.6 93.2 17.400000000000002 12 51.2 8 17.6 83.4 30.6 22.400000000000002 29.6 35.6 105.80000000000001 31.6 20.200000000000003 32.4 22.8 0 0.2 0.6000000000000001 0 0 0 0 0 0 0 0.4 0.4 0 0 0 0 0 0 0.4 0.6000000000000001 0 0 0 0.4 0 0 0 0 0 0.6000000000000001 0.4 0 0 0 0.4 0 0 0.6000000000000001 0 0 0.6000000000000001 0 0 0 0 0.4 0 0 0 0 0.6000000000000001 0 0 0 0.6000000000000001 0 0.4 0 0 0 0 0 2.4000000000000004 4.4 0 6.4 2 3.4000000000000004 0 2.4000000000000004 3.6 3.8000000000000003 0 0.2 0 2 3.6 6.4 5 0 0 0 0 0 0 0 0 0 0 0 0 0 0 0 4.4 0 0 0 0 0.2 4 0 0 0 0 0 0 0 0 0 0 0 0 0 0 0 0 0 0 0 0 0 0 0 0 0.4 0 0 0.6000000000000001 0 0 0.2 0 0 0 0 0.4 0 0 0 0 2.2 8 3 3.6 0 0 3 2 0 3.6 3 3.8000000000000003 0 0 0.2 3.2 7 1 0 7.2 0 0 0 0 0 0 0 0 0 1.4000000000000001 0 0 0 0 0 0 0 0 2.2 0.8 0 0 0 0 0 0 0 0 0 0 0 0 0 0 0 0 0 0 0 0 0 0 0.4 0 0.4 0.2 0 0 0 0.2 0 0 0 0 0.2 0 0 0 0 0 0 1.8 0 0 0 0.8 0.2 0.6000000000000001 18.8 0 2 2.8000000000000003 0 0 0 0 0 0 0 0 0.2 0 0 0 0 0 0 0 0 0 0.2 0 0 0 0 0 3 0 0 0 0 0 0 0 0 0 0 0 0 0.4 
 0 0.4 0 14.8 14.8 1 0 0 0 0 16.2 0 0 0.4 1.4000000000000001 1.6 0 0.4 0 0.2 0 32.6 12.4 9.600000000000001 24.200000000000003 7.6000000000000005 19.8 80 7.2 89 21.8 9.4 27 8.8 28.400000000000002 6.6000000000000005 8 7 40.400000000000006 25.200000000000003 0.4 0.6000000000000001 0 0 0 0 0 0 11.4 0 0 0.6000000000000001 0.4 0 0.6000000000000001 0 0 0 0 0.2 0.4 0.2 0 0.6000000000000001 0 0.6000000000000001 0.6000000000000001 0 0 0 0 1.2000000000000002 1 9.4 1.6 0 0 0 0 0 0 0 0.2 0 0 6.6000000000000005 0.2 0 0 0 3.6 0 0 0 0 0 4.800000000000001 0 0 0.2 0.2 1.8 2.8000000000000003 4.800000000000001 0 0 2.8000000000000003 2 4.2 0 0 3.8000000000000003 0 6.4 7.2 7.4 3.2 9.4 2 3.6 0 0.2 0 0 0 0 0 0 0 0.2 0 0 0 0 0 0 0 0 0.4 0 0 0.2 0 0 0 0.2 0 0 0 0 0 0 0 0 0.4 0 0 0 0 0 0 0 0 0.2 3.4000000000000004 5 0 0 0 0 3.2 2.8000000000000003 0 0 0 0 0 0 0.2 0.4 2.4000000000000004 10.200000000000001 6.6000000000000005 2.2 6.2 4.4 12 4.6000000000000005 5.6000000000000005 5.6000000000000005 6.2 2 5.800000000000001 2.4000000000000004 2.6 14.200000000000001 2 12 0 4.6000000000000005 0 0 1 0 0 0 0.4 0 0 0 0 0 0 0 0 0 0 0 0 0 0 0 0 0 0 0 0 0 0 0 0 0 0 0.2 0 0 0 0 0 0 0 0 0 0 0 0 0 0 0 0 1.2000000000000002 0 0 4 1 0 0 1 15 0 0.4 0 0 0 0 0 0 0 0 0 0 0 0 0 0 0 2.6 0 0 0 0 0 0 0 0 0 0 0 0 0 
 0.6000000000000001 0.6000000000000001 1 0.6000000000000001 15.4 15.8 0.6000000000000001 0.6000000000000001 0.6000000000000001 0.6000000000000001 0.6000000000000001 0.6000000000000001 0.6000000000000001 1 0.6000000000000001 0.6000000000000001 0.6000000000000001 0.6000000000000001 0.6000000000000001 0.6000000000000001 32.6 0 30.8 43.400000000000006 6.4 8 28.200000000000003 35.800000000000004 6.2 49.800000000000004 22 5.2 25.200000000000003 10.8 12.200000000000001 25.8 27.6 39.400000000000006 25.400000000000002 10 0.4 0.6000000000000001 0 0 0 0 0 0 0 0 0 1 13.8 0 0.6000000000000001 13.200000000000001 0 0 0.4 0.2 0.4 0.6000000000000001 0 0.4 0 0.6000000000000001 0.6000000000000001 0 0.4 12 0 0.4 0 0 0.6000000000000001 0 0 0 0 0 0 0 0 0 0 0.2 0 0 0 0 0 0 0 0 0 0.2 0 0 0 0 0 0 6.4 4.4 5.800000000000001 0 1.8 2.8000000000000003 1.6 0 3 7.4 2.6 2.2 0 0 0.2 5.2 0 0 0.8 4.2 0 0 0 0 0.2 0 0 0 0 0.4 0.6000000000000001 7.2 0 0 0 0 2.2 0 0 0 0 0 0.4 0 0 0 0 0 0 0 0 0 0 0 0 0 0 0 0 0 0 0 0 0.4 0 0 0 0 0 0 0 0 0 0 0 0 0 0 2 7.6000000000000005 0 10 7.800000000000001 1.8 2.6 3.6 15.4 2 3.6 0.8 4.800000000000001 0 21.6 3.4000000000000004 0.6000000000000001 6.2 0.2 3.6 0 0 0 0 0 0 0.4 6 0 0.2 0 0 0 0 0 0 0 0 5.2 2.4000000000000004 0 0 0 0 0 0 0 0 0 0 0 0 0 0 0 0 0 0 0 0 0 0 0 0 0 0 0 0 0 0 0 0 0 0 2.8000000000000003 0 0.2 0 9.4 0.4 0.4 0 0.2 0 0 0 0.4 0 0 0 0 0 0 0 0 0 0 0 0 0.2 0 0 0 0 0 0 2 0 0 0 
 0 0 0.4 0.4 0 0.6000000000000001 0 0.2 0 0 0 0.4 0 0.6000000000000001 0.4 0.2 0 0 0 0 12.4 30.8 0 57.800000000000004 24.8 5 12.600000000000001 40.400000000000006 57.2 45.6 58 49 67.60000000000001 48.6 16.8 11.4 12.4 8.6 81.80000000000001 8.200000000000001 0.4 0.6000000000000001 0 0.2 0 1.8 0 0 0 0 0 0.6000000000000001 0.6000000000000001 0 0.6000000000000001 2.2 0 0 0 0.4 0.4 0.6000000000000001 0 0.4 0 0.6000000000000001 1 0 0.2 0 0 0.4 0.4 0 0.6000000000000001 0.6000000000000001 0.2 0 0.6000000000000001 1 0.6000000000000001 0 0 0 0 0 0 0 0 0 0 0 0 0 0 0 0 0 0 0 6.2 0 0.4 5.2 0 3.4000000000000004 3.6 4.800000000000001 4.4 6.6000000000000005 7.6000000000000005 0 0 0 9.600000000000001 0.6000000000000001 2 0.2 0 1.8 0.2 0 0 0 0 0 0 0 0 0 3 0 0 0 0.2 0.2 0 0 9 0.2 0 0 0.2 0 0 0 0 0 0 0 0 0 0.4 0.2 0 0 0 0 0 0 0 0 0 0 0 0 0 0 0 0 0 0 0 0 0 0 0 0 0.6000000000000001 0.2 4 5.2 0 6.800000000000001 0 1.8 0 3.2 4 0.4 4.800000000000001 0 0.4 3.6 2.4000000000000004 1.6 3.6 0 0 4.2 0 0 0 0 1.6 0 0 1.4000000000000001 0 0 0 0 0 0 0 0 0 0 16.2 4 0 0 0 0 0 0 0 0 0 0 1.8 3.8000000000000003 0 0 0 0 0 0 0 0 0 0 0 0 0 0.4 0 0 0 0 0 0 0 0 1.6 0.4 0 0 0 0.4 3.6 0 0 0 0 0 0 0 0 0 0 0 0 0 0 0 0.4 0 0 0 0 0 0 0 0 0 0 0 0 0 
 0 0 0 0 0 1 0.6000000000000001 0 0 0 0 0.2 0 0 0.6000000000000001 0 0 0 0 0 9.600000000000001 43.400000000000006 57.800000000000004 0 74.8 50 15.4 13 58.800000000000004 49 21.6 37 58 61.6 12.600000000000001 59 52.800000000000004 27.200000000000003 56.800000000000004 9.4 0.4 1.2000000000000002 0.2 42 0 0 59.400000000000006 0.4 0 0 0 1.2000000000000002 54.400000000000006 0 1 0 0 0 0 0.4 0.4 0.2 0 0.4 0 0.6000000000000001 0.6000000000000001 0 0 0 0 0.4 0.8 0.6000000000000001 0.2 0 0 0 0 0 0 0 0 0 0 0 0 0 0 0 0 0 0 0 0 0.2 0 0 0 0.2 0 0 3.6 3.8000000000000003 5.2 2.4000000000000004 0 0 0.2 1.6 1.4000000000000001 3.2 0 0 0 0 3.4000000000000004 3.6 0 0 2 8.4 0.2 0 0 0 4 0 0.2 0 0 0 9.200000000000001 2.2 0 0 0 0 0 4.4 0 0 0 0 0.2 0 0.8 0 0 0 0 0 0 0 0 0 0 0 0 0.2 0 0.4 0 0 0 0 0 0 0 0 0 0 0 0.2 0 0 0 0 0 0 2.4000000000000004 1.8 1.4000000000000001 0 4.800000000000001 8.8 0 0.2 1.6 2 2.2 8 4.2 0 2.6 0 4 4.4 0 0.2 0 3 0 0 0 0 14.8 0 1.2000000000000002 0 0 0 0 0 3.8000000000000003 2.6 0 0 11 4.2 0 0 0 0 0 0 0 0 0 0 0 0 0 0 0 0 0 0 0 0 0 0 2.6 0 0 0 0 0 0 0 0 0 0 0 1.4000000000000001 0 0.6000000000000001 3 30.200000000000003 0 0.2 1.2000000000000002 0 0 0 0 4 0 0 0 0 0 0 0 0 0 0 0 0 0 0 1.8 0 0 0 0 0 0 0 0 
 0 0 0 0 0 0 0 0 0 0 0 0 0 1 0 0 0 0 0 0 24.200000000000003 6.4 24.8 74.8 0 31 6.2 8 31 14.8 25.6 12.200000000000001 17 16.400000000000002 30.6 77 15 24 16.8 13.600000000000001 25.400000000000002 1 0 0.6000000000000001 0 0.6000000000000001 0.2 0 0 0 0 0.6000000000000001 1.6 12.600000000000001 13.600000000000001 0 0 0.6000000000000001 0 12.4 0.4 0 0.4 0.6000000000000001 0 0.6000000000000001 1 0 0.4 0.4 0 1.4000000000000001 0 0 0.2 0.6000000000000001 0.4 0 0 0 0 0 0 0 0 0 0 0 0 0 0 0 0 0 0 0 0 0 0 0 0 0 0.2 2.4000000000000004 5.2 13.200000000000001 0 0 0 0 0.4 0 0 0 0 1.6 4.2 1.6 0 0 6.2 1.4000000000000001 0.2 2.2 2.2 0 1.8 3.4000000000000004 0 3.8000000000000003 0 0 12.600000000000001 3.8000000000000003 7.6000000000000005 2.8000000000000003 5.4 7.6000000000000005 6.6000000000000005 6 0 0 0 0 0 0 1.2000000000000002 0 0 0 0 0.8 0 0 0 0 0 0 0 0.6000000000000001 0 0 0 0 0 0 0 0 0 0 0 0 3.6 0 0 0 0 0 0.4 0 0 0 4.800000000000001 0 1.2000000000000002 0 0 4.800000000000001 9 3.6 2.6 2.2 0 0 0 2.8000000000000003 0 0 0 0 4 0.6000000000000001 0 0 0 0 7 6 4.6000000000000005 2.8000000000000003 0 0 6.4 4 3.2 4 0 4.2 2 0 0 0 0 0 0 2 0 0 0 0 0 0 0 0 0 0 0 0 0 0 0 0 0 0 0 0 0 0 0 0 0 0.2 0 0 2.4000000000000004 0 0.4 0 0 0 0.2 0 0 0 0 0 0 0 0 0 0 0 0 0 0 0 0 0 0 0 0 1.4000000000000001 0 0 0 0 2.4000000000000004 0 0 0 
 0 0.4 0 0 0 0.4 0 0 0 0 0 0.4 0 0.2 0 0.2 0 0.4 0 0 7.6000000000000005 8 5 50 31 0 6.2 2.8000000000000003 29 14 54.800000000000004 97.4 8 12.600000000000001 8 32.2 15.600000000000001 32.800000000000004 11 10.200000000000001 7.6000000000000005 13 0.4 0 0 0 0 26 0 0 0 0.6000000000000001 12.8 12.200000000000001 0.6000000000000001 0 0.2 0 0.2 1.2000000000000002 0.8 0 0 0.6000000000000001 0 0.6000000000000001 0.6000000000000001 0 0 0 0.6000000000000001 0.4 0.4 0 0.4 0 0 0 0 0 0 0 0 0 1.2000000000000002 0 0 0 0 0 0 0 0 0 0 0 0 0 0.4 0 0 0 0 0 6.6000000000000005 6 0 0 5.4 0 0.2 3 0 0 0 0 2.6 1 0.2 0 4.2 2.8000000000000003 1.6 0 0 0 8.6 0 2.8000000000000003 0 0 0 6.6000000000000005 2.4000000000000004 1.6 0 6.2 1.6 2.8000000000000003 12 0 0.2 0 0 0 0 0 0 0 0 0 0.6000000000000001 0 0 0 0 0 0 0 0 0 0 0 0 4 0 0 0 0 0 0 0 0 0 0 0 0 0 0.2 0 0 0 0 2.4000000000000004 0.8 6.800000000000001 0 0 0 1 0 9.600000000000001 0 2.6 0 4.4 4.800000000000001 0 0 0 4.6000000000000005 6.2 1.4000000000000001 0 0 0 7.6000000000000005 0 0.4 0 0 0 7.4 0 2.2 0 0 2.2 0 5 0 0 0 0 0 0 0 0 0 0 0 0 0 0 0 0 0.2 0 0 0 0 0 0 0 0 0 0 0 0 0 0 0 0 0 1.8 0.2 0 8.8 15.4 0.2 3 0.2 0 0 0 0 0 0 0 0 0.2 0 0 0 0 0 0 0 0 2 0 0 0 0 0 0 0 0 0 0 
 0 0 15.4 0 17.8 20.400000000000002 8.200000000000001 0 0 1.2000000000000002 9.200000000000001 15 0 0.6000000000000001 0.4 0 0 0 0 0 19.8 28.200000000000003 12.600000000000001 15.4 6.2 6.2 0 31.200000000000003 44.800000000000004 32.6 7.4 6.2 25.400000000000002 27.6 43.6 21.8 14.200000000000001 5.6000000000000005 40.6 26.6 0.8 0.6000000000000001 0 0 0 0 0 12.4 0 0 40.400000000000006 0.6000000000000001 2.6 0 0.6000000000000001 0 0 0.6000000000000001 0 0.4 0.4 0.6000000000000001 0 0.4 0 0.6000000000000001 0.6000000000000001 0 0.8 0 10 0.4 0 10.600000000000001 0.6000000000000001 1.2000000000000002 0 0 0 1.8 0 0 0 0 0 0 0 0 0 4 3.4000000000000004 0 0 0 0 0 0 0 0 0 6.800000000000001 8 9 3.8000000000000003 0 0 10.200000000000001 2 5 1.8 4.2 5 4.800000000000001 1.8 0 1.4000000000000001 0.4 2.4000000000000004 4.800000000000001 3.6 0 0 0 0 0 0 0 0 0 0 0 0 0 0 0 0 0 0 1.2000000000000002 0 0 3 0 0 0 0 0 0 0 1.8 0 0 0 0 0 0 0 0 0.2 0 0 0 2 3.6 0 2 0 0 0 0 0 0 0 0 0 0.4 0 0 0 1.6 4.4 3.2 3 0 0 0.2 12.200000000000001 7.4 1.8 2.8000000000000003 4.4 0 9 11.4 6.800000000000001 2.6 3.6 1.8 1.8 5 0 0 0 0 0 0 0 0 0 3 0 0 0 0 0 0 0 0 0 0 0 0 0 0 0 0 0 0 0 0 0 0 0 0 0 3 0 0 0 0 0 0 0.4 0 0 0 0 0 0.2 3.4000000000000004 0 0 0 0.2 2 0 0 15.4 0.4 0.4 16 0.2 0 0 0 0 0 0 0 0 0 0 0 0.4 0 0 0 0 0 0 0 0 0 0 0 3.6 0 0 0 0 
 0 41.2 0.8 0 29.6 5 0.8 0 0 0.4 15.200000000000001 26.200000000000003 0 0 0 0.8 0 0.2 0 0 80 35.800000000000004 40.400000000000006 13 8 2.8000000000000003 31.200000000000003 0 61.400000000000006 71 22.6 3 47.800000000000004 51.800000000000004 18.8 20 5 5.2 37.2 10.8 0.2 0.6000000000000001 0.4 2.4000000000000004 2 0.6000000000000001 0.2 0 0 0.2 0.2 2.2 41.2 0 0.2 2 0 0 0 1 0.2 0 0 0 0 0 0 0 0.4 0 0 0.8 1.2000000000000002 0.6000000000000001 1 0 0 0 0 0 0 0 0 9.600000000000001 0 2.4000000000000004 0 0 0 0 0.2 0 0 0 0 0 0 0 0 0 0 3.8000000000000003 6.6000000000000005 0 0 0 8.4 4.6000000000000005 5.2 2 0 3.4000000000000004 5.4 0 7.2 8 0 2 4.2 5.6000000000000005 0 0 0 0 0 0 0 0 0 0 0 0 0 0 0 0 0 0 2.4000000000000004 0 0 0 0 0 0 0 0 0 3.6 0 0 0 0 0 0 0 2.2 0 0 0 0 0 0 0 1.2000000000000002 5.2 0 0 0 0 2.2 0 0 0 0 0 0 0 0 0 0 9 6.4 3.6 0 0 1.6 0.4 4.4 4 13.600000000000001 0 3.8000000000000003 5.2 2.4000000000000004 13 0.4 2 2.2 6.6000000000000005 0 0 0 0 0 0 0 0 0 0 0 0 0 0 0 0 0 0 5.4 0 0 0 0 0 0 0 0 0 0 0 0 0 0.2 0 0 0 0 0 0 0 0 0 0 0 0 0 0 0 0 0 0 0 0 0 0.8 0.2 0.6000000000000001 0 0.4 1 0.2 0 0 0 0 0 0 0 0 0 0 0 0 0 0 0 0 0 0 0 0 0 0 0 0 0 0 0 0 0 
 0 0 0 0 0.4 15.200000000000001 0 0.4 0 0 0 0.2 0 0 0.2 0 0 0 0.4 0 7.2 6.2 57.2 58.800000000000004 31 29 44.800000000000004 61.400000000000006 0 38.400000000000006 15.200000000000001 6.4 126.60000000000001 48.2 33.4 23.200000000000003 23.8 22.6 54.6 37.4 0.4 0.6000000000000001 0 0 0 1.8 0.2 0 0 0 0 0.6000000000000001 0.6000000000000001 0 0.6000000000000001 0 0 0.2 0 0.2 0.4 0.6000000000000001 0 0.4 0 0.6000000000000001 0.6000000000000001 0 0.2 0 0 0.4 0.4 0 0.6000000000000001 0 0 0 0 0 0 0 0 3.2 4.4 0 0 0 0 0 0 0 0 0 0 0 0 0 0 0 10.8 4.4 3 5 0 2.6 3.4000000000000004 6.6000000000000005 5.4 9.4 0 0 0.2 0 2.8000000000000003 5.4 3 1.8 0 3.6 0 0 0 0 0 0 0 0 0 0 0 0 0 0 0.4 0 0 0 6.2 0 0 0 0.4 0 0 0 0 0 1.2000000000000002 0 0 0 0.2 0 0 0 0 0 0 0 0 0 0 0 0 4.6000000000000005 0.6000000000000001 0 0 0 0 0 0 0 0 0 0 0 0 0 3.6 0 3.8000000000000003 9.4 0 2.6 0 2.4000000000000004 3.8000000000000003 2.6 0.2 0.4 2.8000000000000003 3.6 3 3.8000000000000003 8.4 0 0 8 0 0 0 0 0 0 0 0.2 0 0 0 0 0 0 0 0 0 0 3.4000000000000004 2.6 0 0 0 0 0 0 0 0 0 0 0 0 0 0 0 0 0 0 0 0 0 0 0 0 0 0 0 0 0 0 0 0 0 0 2.6 0 0 0.8 0 0 1.8 0.4 0 0 0 0 0 0 0 0 0 0 0 0 0 0 0.2 0 0 0 0 0 0 0 0 0 0 0 0 0 
 0 0 0 0 44.2 4.2 0.4 0 0 0 0 0 0 0 0.8 0 0 6 0 0.4 89 49.800000000000004 45.6 49 14.8 14 32.6 71 38.400000000000006 0 61 24 82 29 31.400000000000002 18.2 11 66.8 52 18.8 0.4 1.2000000000000002 0 13.200000000000001 0.6000000000000001 0.6000000000000001 0.6000000000000001 12.4 0 0 0 1.2000000000000002 1 0 1 13.8 0 0.6000000000000001 0 0.2 0.4 0.6000000000000001 1.8 0.6000000000000001 0.6000000000000001 0.6000000000000001 0.6000000000000001 0 0.4 0 0 0.4 0 1.6 0.2 0 0 0.6000000000000001 0 0.4 0 0.4 0 0 0 0.2 0 0 0 0 0.4 0 0 0 0 0 0.2 0 0 0 3.2 5.2 8 3 0 0 3 4.4 3.6 1.2000000000000002 2.2 3.6 2.4000000000000004 6 4.6000000000000005 4.6000000000000005 2.6 1.4000000000000001 0 3.2 0 0 0 0 0 0 0 0 0 0 0 0 0 0 0 0 0 0 0 0 0 0 0 0 0 0 0 0 0.6000000000000001 0 0 0 0 0 0 0 0 0 0 0 0.2 0 0 0 0 0 0 0 1 0.4 0 0 0 0 0 0 0 0 0 0 6.6000000000000005 7.800000000000001 0 1.8 0 2.2 4.6000000000000005 4.4 0 1.8 9.4 3 2.6 2.4000000000000004 20.8 2.8000000000000003 2.4000000000000004 4.800000000000001 0 1.6 0 0 0 0 0 0 0 0 0 0 0 0 1.6 0 1.4000000000000001 0 0 0 4 0 0 0.4 0 0.2 0 0 0 0 0 0.4 0 0 0 0 0 0.4 0 0 0 0 0 0 0 0 0 0.2 0 0.2 0 0.2 0 0 0 0 1.6 0.2 0.8 21.200000000000003 14.8 0.2 0.4 0 0 0 0 0 0 0 0 0 0 0 0 0 0 0 0 0 0 0 0 0 0 0 0 0 0 0 0 0 
 0 0 0.8 0.4 0 15.600000000000001 0.2 0 0 0.4 0.8 0.6000000000000001 0.4 0.8 0 25 0.2 0.6000000000000001 0 0.4 21.8 22 58 21.6 25.6 54.800000000000004 7.4 22.6 15.200000000000001 61 0 13.8 11.200000000000001 25.8 13.200000000000001 23.6 22.400000000000002 25.8 79.2 14.600000000000001 0.8 0.6000000000000001 0 0 0.4 1 12.4 0.2 0.4 0 0.4 0.6000000000000001 1 0 0.6000000000000001 0.6000000000000001 0 0.4 0 0.2 0.4 0.4 0 0.4 0 0.6000000000000001 0.6000000000000001 0 0.2 0.6000000000000001 0 0.4 0.4 0 0.4 0 0 0 0 0 0 0 0.2 0 0 0 2 0 0 0 0 0 0 0 0 0 0 0 0 0 3.8000000000000003 0 0 2.8000000000000003 8 1.8 3.4000000000000004 2 8.8 6.2 0 3.2 0 0 5.800000000000001 2.4000000000000004 2.6 7.800000000000001 0 2.4000000000000004 3 0 0 0 0 0 0 0 0 0.2 0 0 0 3.2 0 0 0 0 1 0 0 0 0 0 0 0.2 0 0 0 0 0 0 0 0 0.4 0 0 0 0 0 0 0 0 0 0 0.4 0 0 0 0 0.4 0 0 0 0 0 0 0 3.6 0.4 2.4000000000000004 3.8000000000000003 8.200000000000001 2.8000000000000003 8 4.6000000000000005 1.8 3.6 14.8 0 1.8 0 2.2 0 2.2 3.6 3 6.4 0 8.200000000000001 0 0 0 0 0 0 0 0.2 0 0 0 0 0 0 0.2 0 0 0 0.2 0.6000000000000001 0 0 0 0 0 0 0 0 0 0 0 0 0 0.4 0.4 0 0 0 0 0 0 0 4.4 0 0 0 0 0 0.4 0 0 0 0 0 10.600000000000001 0 0 0.2 8 0.2 0 0 0 0 0.4 0 0 0 0 0 0 0 0 0 0 0 0 0 0 0 0 1.6 0 0 0 0 0 0 0 0 
 0 0 0 0.4 0 0.6000000000000001 0 0 0.4 0 0 0.4 0.2 0 0.6000000000000001 0 0 0.2 0 0 9.4 5.2 49 37 12.200000000000001 97.4 6.2 3 6.4 24 13.8 0 50.800000000000004 6.6000000000000005 25.8 28.200000000000003 75.60000000000001 73.4 9.4 14.200000000000001 13.4 0.6000000000000001 1 0 0 0 5.800000000000001 0.2 0 0 0.2 0.6000000000000001 13.8 14 1.4000000000000001 0 0.8 0.2 0.2 14.200000000000001 1.8 0.6000000000000001 0 0.4 0 0.6000000000000001 0.6000000000000001 0 0.8 0 0 0.4 0.4 0 0.8 0.8 0 0 0 1.4000000000000001 0 0 0 0 0 0 0 0 0.4 0 0 0 0 0 0 0 0 0 0 0 0 0 0.2 3.2 6.2 2.4000000000000004 0 0 2.6 0 2.2 3 2.8000000000000003 2 5.4 2 4.2 0 0 2.4000000000000004 5.2 5 0 3 0.2 0 2.2 5.800000000000001 1.8 3.8000000000000003 0 0 3.6 4.2 0 2.8000000000000003 4.6000000000000005 0 0 5.2 0 0 0 3 0.4 0 0 0 0 0 0 0 0 0 0 0 0 0 0 0 0 0 0 0 0 0 0 0 3.6 0 0 0 10.600000000000001 0 0 0 0 0 0.4 0 1.6 4 0.4 0 2.8000000000000003 6 2.2 0 0.8 0 0.4 5.2 0 0 0 3.2 0 4.2 0 0 5 5 2.2 0 0 0 8 2.8000000000000003 0 0 0 0 7 0 0 3.6 0 0 0.2 6.2 0 0 0 0 0 0 0 0 0 0 0 1.2000000000000002 1.6 0 0 0 0 0 0 0 0 0 0 0 0 0 0 0 0 0 0 0 0 0 1 0.2 0.4 15 1.8 0 0.6000000000000001 0.2 0 0 0 0 0 0 0 0 0 0 0 0 0 0 0 0 0 0 0 0 0 0 0 0 0 0 0 0 
 0 0 0 0 27.400000000000002 22.8 0.2 1.8 17 24.6 27 1 0 0 0 15 13.4 30 0 0 27 25.200000000000003 67.60000000000001 58 17 8 25.400000000000002 47.800000000000004 126.60000000000001 82 11.200000000000001 50.800000000000004 0 121 25 10.4 7.800000000000001 5.4 14.600000000000001 61.2 0.4 1.2000000000000002 0 12.4 0 0 0 0 0 0 0.4 0.6000000000000001 2.4000000000000004 0 0.6000000000000001 0.2 0 0 0 0.4 0.4 0.4 0 15.200000000000001 0 0.6000000000000001 0.6000000000000001 0.4 0.4 0 0 0.4 0 0 0.8 0 0 0 0 0 0 0 2 0 7.6000000000000005 5.4 0 0 0 0 5.4 2.8000000000000003 0 0 0 0 0 2.2 0 0 5.6000000000000005 12.4 0 0.2 0 0 0 7 0 0 0 0.4 0 5.800000000000001 2.6 4.2 4.800000000000001 0.6000000000000001 1 2.8000000000000003 0 0.6000000000000001 0 0 0 0 0 0 0 0 0 0 0 0 0 0 0 0 2.6 0 0 0 0 0 0 0 0 0 0 0 0.2 0 0 0 0 0 0 0 0 0.4 0 0 2.6 8.8 4.4 2.2 0 0 0 0 1.8 1.6 0 0 0.8 1.6 1.2000000000000002 10.4 0 0 3.6 5.2 0 2.4000000000000004 0 0.2 2.4000000000000004 0.2 0 0 2.2 5.2 0.4 5.800000000000001 6.4 0 0.2 2.8000000000000003 2.6 0 0 0 0 0 0 0 0 0 0 0 0 0 0 0 0 0 0 0 2.4000000000000004 0 0 0 0 0 0 0 0 0 0 0 0 0 0 3.8000000000000003 0 0 0 0 0 0.4 0 0 0 0 0 0 0 0 0 15 0 0 0 0.4 3.2 0.4 0 0 0 0.2 0.4 0.4 0 0 0 0 0 0 0 0 0 0 0 0 0 0 3.4000000000000004 0 0 0 0 0 0 0 0 0 0 0 0 0 
