 0 38.800000000000004 16 9.8 5.6000000000000005 7.4 70.2 24.200000000000003 5.6000000000000005 87.2 6.2 50.400000000000006 30.8 45.2 37 48.400000000000006 29.8 28.8 25 73 0 0 0.4 0 0.8 0 0 0.4 0.2 0 0.2 0 0 0.6000000000000001 0.4 0 0 0 0 0 0 0 0 0.6000000000000001 0.4 0 0 1 0 0 0 0.4 0.8 0 0 0 0 0 0 0 0 0 0 0 11.8 0 0 0.6000000000000001 0 0.4 0 0 0 0 0 0 0.6000000000000001 0 0.6000000000000001 0 10 5 2.2 4.4 0 0 6.2 0 0 11.200000000000001 2.6 0 2.2 1 2.8000000000000003 4 5 3.8000000000000003 1.2000000000000002 2.4000000000000004 0 0 0 0 0 0 0 0 0 2.2 0 0 0 0 0 0 0.4 0 0 0 0 0 0 0 0 0 0 0 0 0 0 0 0 0 0 0 0 0 0 0 0 0 0 0 0 0 0 0 0 0 0 0 0 0 0 1.2000000000000002 0 0 0.4 0 4.4 0 0.4 3.8000000000000003 1.2000000000000002 0 2.2 2 2 2.4000000000000004 2.6 5.2 0.2 8.4 5.4 2.2 0 2 0 0.4 0 0 0 0 6.800000000000001 0 0 0.4 0 0 0 0 0 2.4000000000000004 0 0 0 0 2 0 0 0 0 0 0 0 0 0 0 0 0 0 0 0 0 0 0 0 0 0 0 2 0 0 0 2.2 0 0 0 0 0 0 0 0 0 0 0 0 0 0 0 0 0 0 0 0 0 0.4 9.4 0.2 0.4 1 0 0 0 0 0 0 0 0 0 0 6.6000000000000005 0 0 0 0 0 0 0 0 0 0 0 0 0 2.8000000000000003 0 0 0 0 0 0 0 0 0 0 0 0 0 
 38.800000000000004 0 37.4 37.4 21.8 46 58.400000000000006 11.8 21 33 15.600000000000001 32.4 10.200000000000001 32.800000000000004 94.60000000000001 24.8 15 8.200000000000001 4 10.600000000000001 0 0 0 0.4 1 0.2 0.2 0.6000000000000001 0 0 0 0 1.8 0.6000000000000001 0.4 0 0 0 14.600000000000001 0 0 0 0 0.6000000000000001 0.6000000000000001 0 0 0.4 0 0 0 0.6000000000000001 0 0 0 0 0 0 0 0 0 0 0 0 10.200000000000001 0.6000000000000001 0 0.4 0.4 0.4 0 0 0.4 5.6000000000000005 0.4 0 0.6000000000000001 0 0.6000000000000001 0 0 4.4 0.4 2.2 3.6 7 5 1.8 1.4000000000000001 3.6 0 1.4000000000000001 0 0 5 3 3 8.200000000000001 0 2.6 2.6 2.6 0 0 0.4 0 0 0 0 0 0 0 1.6 0 4 0 0 0 0.2 0 0 0 0 0 0 0 0 0 0 0 0 0 0 0 0 0 0 0 0 0 0 0 0 0 0 0 0 0.4 0 0 0 0 0.4 0 0 0.8 0 0 0 0 0 0 0 0.4 1.8 4.2 0 3 5.6000000000000005 0.4 3.2 0.2 0 11 8.200000000000001 2 1.6 6.800000000000001 0 0 0 0 0.2 0 0 0 2.4000000000000004 0 0 0 0 0 3.2 2.2 0 7.800000000000001 0 0 3.8000000000000003 0.2 0 0.4 0 0 0 0 0 0 0 0 0 0.4 0 0.6000000000000001 0 0 0 0 0 0 0 0 0 0 0 0 0 0 0 0 0 0 0.4 0 0 0 0 0.4 0 0 0 0 0 0 0 0.4 18.6 0 0.4 0.4 0 1.8 0 0 0 0 0 0 0 0 0 0 2 0 0 0 0 0 0 0 0 0 0 0 0 0.2 0.2 0 0 0 0 0 0 0 0 0 0 0 0 0 
 16 37.4 0 29.400000000000002 31.8 8.200000000000001 32.4 17.8 15.8 30 30.8 9.4 17.2 36.6 31.8 27 33.4 69.2 5.6000000000000005 55.800000000000004 0.4 0 15.200000000000001 15 22 0.4 0.4 1 0 0.4 0.2 0.2 1 1 0.8 0 0.2 0.2 15.4 0 0.4 1.8 0.4 1.2000000000000002 0.6000000000000001 0.8 0 0.4 0 0.4 0 2.6 0 1.4000000000000001 0 0 0.4 0 0.4 9.200000000000001 0 0 0 0.4 0.2 0.8 0 0.6000000000000001 0.6000000000000001 0.8 0 0 0 0 0 0 0.6000000000000001 0 0.6000000000000001 0 3.8000000000000003 0.2 0 0.2 0 3.6 3.4000000000000004 0 0 4.800000000000001 1.6 2.2 0 6.6000000000000005 1.4000000000000001 5.4 2.2 4.6000000000000005 1.8 3.2 0 0 0 0 0.4 0 0 0 0 0 0 0 0 0 0.4 0 0 0 0 0 0 0 0 0 0 0 0 0 0 0 0 0 0 0 0 0 0 0 0 0 0 0 0 0 0 0 0 0.4 0 0 0 0 0 0 0 0.6000000000000001 0 0 0 0 3.8000000000000003 0 0 2.4000000000000004 0 0 0 7.4 2.8000000000000003 0 3.2 0 3.8000000000000003 0 0 4.4 0 0 0 3.4000000000000004 0 3.8000000000000003 0.2 0 0 0 0.6000000000000001 0 0 0 0 0 0 0 0 0.4 0 1.8 0 3.8000000000000003 0 0.4 0 0 0 0 0 0 1.8 0 0 0.4 0 0 0 0 0 0 0 0 0 0 0 0 0 0 0 0 0 0 0 0 0.4 1.6 0 0 0 0.4 0 0 0 0 0 0 0 0.4 0 0 0 0.2 0 2.2 0 0 0 0 0 0 0.6000000000000001 3.2 0 0 11.600000000000001 0.4 0 0 0 0.4 0 0 0 0 0 0 0 1.8 0 0 0 0 0 0 0 0 0 0 0 0 0 0 
 9.8 37.4 29.400000000000002 0 18.8 54.6 38.2 33.4 38.2 25.200000000000003 11.200000000000001 32.2 32.2 81.80000000000001 70.4 96.4 41.800000000000004 23.8 20.200000000000003 111.60000000000001 15 19.200000000000003 0 0.4 0.6000000000000001 0 0 1 0 0 0 0 0 0.6000000000000001 0.4 0 0.4 0 20.6 0.4 0 0 0 0.6000000000000001 0.6000000000000001 12.200000000000001 1 0.4 0 0 0 0.8 0 0 0 0 0 0 0.2 0 0 0 0 0 0 0 0 0.4 0 0.6000000000000001 0 0 0 0 0 0 0.4 0 0.6000000000000001 0 3.6 6.6000000000000005 6 0.4 6.2 0.2 3 2.4000000000000004 1.6 3.8000000000000003 4.800000000000001 6.2 0 0 7.2 2.2 0 2.2 0 4.6000000000000005 3.8000000000000003 2.6 0 2.2 0.4 0 3.2 0 0 4.6000000000000005 0 0 2 1.4000000000000001 0.4 0.2 0 0 7 4.6000000000000005 0 0 0 0 0 0 0 0 0 0 0 2 0 0 0 0 0 0 0 0 0 0 0 0 0 0 4.2 0.4 0 0 0 0 0.2 0 0 1.2000000000000002 0 0 0 0 0 0 6.2 5.6000000000000005 6.6000000000000005 0 0 0 7.4 0 0.2 3 0.6000000000000001 4.4 0 2 1.8 1.2000000000000002 0 0 0 0 0.2 0 0 0 0 0 0 0 2 0 3.8000000000000003 5.4 0 0.4 0 0 0 2.8000000000000003 2.8000000000000003 0.4 0 0 0 0 0 0 0 0 0 0.4 0 0.2 0 0 0 0 0 0 0 0 0 0 0 0 0 0 0 0 0 0 0.4 2.6 0 0 0 0.4 0 0 0 0.2 0 0 0 0 0 0 0 0.4 1 1.8 0 0.4 0 0 0 0 0 0 0 0 0 0 0 0 0 0 0 0 0 0 0 0 0 1.4000000000000001 0 0 0 0 0 0 0 0 0 0 0 0 0 0 
 5.6000000000000005 21.8 31.8 18.8 0 71.4 17 10.8 26.6 15.8 35.4 112 53.6 58.2 16.2 29.6 10.600000000000001 70.4 17.2 31.200000000000003 14.8 17.400000000000002 0 0 0.6000000000000001 13.4 0.2 13.200000000000001 0 0.2 0 0.2 6 31.400000000000002 4.6000000000000005 19.200000000000003 0.6000000000000001 0 42.2 0 0 0 1.8 0.6000000000000001 0.6000000000000001 2.4000000000000004 1 0.4 0.2 0 4.4 0.8 0.4 0 0 0 0.2 0 2.4000000000000004 0 0 0 0 0 0 1 0 0.4 7.2 0.6000000000000001 0 0 5.2 1 1.8 0 0.4 0 0.6000000000000001 0 0 0 2.2 4.800000000000001 0 8.200000000000001 0 2.2 5 0 4.800000000000001 4.2 0 1.8 0 3.8000000000000003 4.800000000000001 6 0 0 6.4 7.800000000000001 2.8000000000000003 0 0.2 0.2 0 0 2.2 0 0 0 10 2 6.4 8.200000000000001 4 0.4 2.6 7.2 0.4 0 0 0 0 0.2 0 0 0 0 0 2 0 0 0 0 0 0.4 0 0 0 0 0 0 0 0 0 0 0 0 0 0 0 0 0 0 4 0 0 0 0 0 0 0 5 2.6 6.800000000000001 2.4000000000000004 2 0 3 0 0.6000000000000001 0 3.8000000000000003 0 0 0 0 0 0 0 4.800000000000001 0 0 0 2.2 0 9.200000000000001 1.4000000000000001 0 0 7.4 5.4 2 3.4000000000000004 0 5.6000000000000005 0.4 9 3.8000000000000003 0 0 0 0 0 0 0 0 0 0 0 0 0 0 0 0 0 0 0 0 0 0 0 0 0 0 0 0 0 0 0 0 0 0 0 0 0 0 0 0 2.2 0 0 0 1 0 0.4 0.8 18.8 1.2000000000000002 2.8000000000000003 0 0 0.2 0 0 0 0 0 0 0 0 0 0 0 0 0 0 0 0 0 0 0.2 0 1.2000000000000002 4 0 0 0 0 0 0 0 0 3 0 0 0 0 
 7.4 46 8.200000000000001 54.6 71.4 0 26.200000000000003 8.200000000000001 74.4 13.4 46.2 11.8 6.2 33.2 22.6 34.800000000000004 32.800000000000004 27 11.4 53.2 0.4 15 0 0 0.6000000000000001 0.8 0 23.6 9.8 0 0.4 0 0.2 25 0.6000000000000001 3.6 33.4 0 55.400000000000006 14.8 0.4 0.4 0.6000000000000001 0.6000000000000001 0.6000000000000001 1.4000000000000001 0 0.4 0.6000000000000001 0 0.6000000000000001 0.6000000000000001 0.4 0 0.4 0.6000000000000001 0 0 0.2 0 0 0 0 0.6000000000000001 2.2 4 0 0.4 0.8 0.6000000000000001 0 0 0 1.8 2 0.6000000000000001 1.4000000000000001 0 0.6000000000000001 0.2 0 0 2.2 0 0 7 7.4 0.6000000000000001 1.2000000000000002 2.4000000000000004 0 8.6 0 7.2 0 3.4000000000000004 5.4 4.6000000000000005 0 0 1 2.8000000000000003 3 0 1.4000000000000001 0 1.4000000000000001 2.2 3.8000000000000003 1.6 13 0.4 3.2 0 2 5.6000000000000005 2.8000000000000003 8.200000000000001 3.6 4.800000000000001 0 0 0 0 0 0 0.2 0 0 0 0 0 0 0 0 0 0 0 0.4 0 0 0 0 0 0 0 0 0 0 0 0 4 0 0 0 0.2 0 0 0 4.2 0 0.2 0 0.2 0 0 0.2 0 0.6000000000000001 0 2.2 3 0 0 0 3.2 0.2 0 0 0.2 4 0 2 2.8000000000000003 0 0 3.4000000000000004 1.6 5.800000000000001 10.600000000000001 0 0 5.6000000000000005 4.6000000000000005 2 7.2 4.4 3 8.6 4 0 0 0 0 0.8 0 0.4 0 0 0 0 0 0 0 0 0 0 0 0.2 0 0 0 0 1 0 0 0 0.2 0 0 0.4 0 0 0 0 0 0 0 0 0 0 0 0 0 0 0.2 0 0 0.8 1.8 0.2 2.6 0 0 0 0 0 20.400000000000002 0.4 0 0 0 0 0 0 0 0.4 0 0 0 0 0 0 0 0 2.2 0 0 0 0 0 0 0 0 0 0 0 0 0 0 
 70.2 58.400000000000006 32.4 38.2 17 26.200000000000003 0 53.800000000000004 8.200000000000001 27.400000000000002 7.4 11.8 44.2 16.2 44.6 28.8 25 6.2 9.600000000000001 14.600000000000001 0.2 0 0 0 0.6000000000000001 0.2 0.4 0.6000000000000001 0 0 0 0 0 6.800000000000001 0.4 0 0 0.2 0 0 0 0 0 1.6 0.6000000000000001 0.4 0 0.4 0 0 0 0.8 0 0 0 0 0 0 0 0 0 0 10 1.6 0 0 0 0.4 0.6000000000000001 0.6000000000000001 0 0 0 0 0 0 3.4000000000000004 0 0.6000000000000001 0 1.4000000000000001 2.8000000000000003 0 2.6 0 4.4 5.2 2.4000000000000004 0 3.4000000000000004 2 0 0 5.4 2.8000000000000003 7.2 6 3.2 0 10.600000000000001 0 0.4 0.4 0 0 0 0 0 0 0 0 0 0 0 0 0 0.4 0 0 0 0 0 0.4 0 0 0 0 0 0 0 0 0 0 0 0 2.4000000000000004 0 0 0 0 0 0 0 0 0 0 0 0 0 0 0 0 0 0 0 1 0 0 0 0 0 0 0 0 1.4000000000000001 3.2 2 4.4 2.6 2.8000000000000003 0 3 1.2000000000000002 3 4.6000000000000005 1.8 0.4 2.2 3 2.6 0 0 0 0 0 0 2 0 0 0 0 0 0 0 0 0 0 0 0 0.4 0 0 0 0 0 0 0.2 0 0 0 0 0 0 0 0 0 0 0 0 0 0 0 2.2 0 0 0 0 0 0 0 0 0 0 0 0 0 0 0 0.8 0 0 0 0 0 0 0 0.2 0 0 0 0 0.6000000000000001 0 0 0 0 0 0 0 0 17.2 0 4.6000000000000005 0 0 0 0 0 0 0 0 0 0 0 0 0 0 0 0 0 0 0 0 0 0 0 0 0 0 0 
 24.200000000000003 11.8 17.8 33.4 10.8 8.200000000000001 53.800000000000004 0 52.6 30.8 6.4 49 59.2 25.200000000000003 62.2 16.8 24.400000000000002 9.4 9.600000000000001 23 0 0 0 0.2 0.6000000000000001 0.2 0 0.6000000000000001 0 0 0 0 0 0.6000000000000001 0.4 0 0 0 0 0.2 0 0 0.6000000000000001 0.6000000000000001 0.6000000000000001 0 0 0.4 0 0 0 0.4 0.4 0.4 0 0 0 0 0.2 0 0 0 0 0 0 0 0 0.4 0 0.6000000000000001 0 0 0 0 0 0 0.4 0 0.6000000000000001 0 3.8000000000000003 7.6000000000000005 5.2 0 1.4000000000000001 5.800000000000001 0 4.800000000000001 3.6 1.6 8.6 0.4 3.4000000000000004 3.6 3 0.2 0 0 0.2 2.6 0 0 0 0 0 0 0 0 0 0.4 0 0 0 0 0 0 0 0 5 0 0 0 0 0 0 0 0 0.4 0 0 0 0 0 0 0 0 0 0 0 0 0 3.8000000000000003 0 0.4 2 0.4 0 0 0 0 0 0 0 0 0 2.6 0 0 0 0.4 2.2 2.6 1.6 5 3.6 5 0 0 5.800000000000001 0 0.2 2.4000000000000004 1.2000000000000002 5.800000000000001 2.2 0 6.800000000000001 4 0 0 0 0 0 0 0.4 0 0 0 0 0 0 0 0 0 0 0 0.2 0 0.2 0 0 0 0 0 0 0 0 0 0 0 0 0 0 0 0.4 0 0 0 0 0 0 0 0 0 0 0 0 0 0 0 0 0 0 0 0 0 0 0 0 0 0 0 0 0 0 0 17.6 0 1.4000000000000001 0 0 3 0 0 0 0 0 0 0 0 0 0 2.4000000000000004 0 0 0 0 0 0 0 0 0 0 0 0 1.2000000000000002 4.2 0 0 0 0 0 0 0 0 0 0 0 0 0 
 5.6000000000000005 21 15.8 38.2 26.6 74.4 8.200000000000001 52.6 0 21.200000000000003 45.2 40.6 15.8 24.400000000000002 39.400000000000006 18.400000000000002 21.6 92.80000000000001 20.6 60.6 0 0.4 0.6000000000000001 5.2 1.2000000000000002 0.2 0 0.4 0.4 0 0.6000000000000001 0 5.4 0.6000000000000001 0.4 0 0 0 35.2 31 0 0 0 0.6000000000000001 0.6000000000000001 0 0.6000000000000001 0.6000000000000001 0 0 0 0.4 0.4 0 0 0 0 1.2000000000000002 0 0 0 0.4 0 8.6 0 6.2 0 0.4 1.4000000000000001 0.4 0 0 1.2000000000000002 1 12.4 0 8.8 0 0.6000000000000001 0 0 0.4 7.6000000000000005 2.8000000000000003 4.4 8.6 0 2.6 5.4 2.6 6 6.4 0 0 1.6 1.8 5 5.2 0 0 8 5.4 0 0.2 0 0 6 0 0.2 0 0 0 5.6000000000000005 0 7.2 2.8000000000000003 0 0 3 1.8 0 0 0 0 0 0 0 0 0 0 0 0 0 0 0 0 0 0 0 0.4 0 0 0 0 0 0 0 0 0 0 0 0 0 0.4 0 0 0 0 0 0 0 2.6 2.6 0 0 5.4 0 0 2 1.4000000000000001 9 5.6000000000000005 1.4000000000000001 0 0 2 7.6000000000000005 1 0 0 0.6000000000000001 0 0 0 0 0.2 0 4 0 0 0 0 10.8 5.2 0 0 0.2 0 0.6000000000000001 3.6 0 0 0 0 0 0 0 0 0 0 0 0 0 0 0 0 0 0 0 0.4 0 0 0 0 0 0 0 0 0 0 0 0 0 0 0 1.8 0 0 0 0 0 0 0 0 0 0 0.4 0 0.4 25 3.6 0.8 0 0 0 0 0 0 0 0 0 0 0 0 0 0 0 0 0 0 0 0 0 0 0 1 3 0 0 0 0 0 0 0 0 0 0 0 0 0 
 87.2 33 30 25.200000000000003 15.8 13.4 27.400000000000002 30.8 21.200000000000003 0 19.6 40.800000000000004 10.4 87.60000000000001 60.400000000000006 19.6 37.6 36.2 16.6 71.2 0 0 0 0 0.6000000000000001 0 0 0.8 0.4 0 0 0 0 0.6000000000000001 0.4 0 11 0 14.8 0 0 0 0 0.6000000000000001 0.6000000000000001 0 0 0.4 0 0 0 0.4 0 0 0 0 0 0 0.2 0 0 0 0 0 0 0 0 1 0.4 0.6000000000000001 0 0 0.4 0.2 0.2 0.8 0.6000000000000001 0 0.6000000000000001 0 5.800000000000001 9 4.800000000000001 4.800000000000001 5.2 0.4 3.2 0.6000000000000001 1.8 5.6000000000000005 4.800000000000001 1.4000000000000001 0 3 7.6000000000000005 0 1.4000000000000001 7.2 0 2 3.2 3 0 0 0 0 0 0 0 0 0 0 0 2.6 3.6 0 0 0 2.6 0 4.4 0 0 0 0 0 0 0 0 0 0 0 0 0 0 0 0 0 0 0 0 2.4000000000000004 0 0 0 0 0 0.2 0 0.4 0.2 0 0 0 0 1.6 0 0 0 0 5 0 0 3.4000000000000004 1.2000000000000002 0 3.2 2.2 4.4 6.2 2 3.2 4 6.2 0.2 5.800000000000001 3 0.6000000000000001 0 0 0 0 0.4 0 0 0 0 3 1.6 0 0 0 0 0.2 4.2 0.2 0 0 0.8 1.4000000000000001 0 0.2 0 0 0 0 0 0 0 0 0 0 0.4 0 0 0 0 0 0 0 0 0 0 0 0 0 0 0 0 0 0 0 0 0 0.4 0 0 0.2 0.2 0 0 0 0 0 0 0.4 0 0 0.6000000000000001 9 0 1.2000000000000002 4.800000000000001 0 0.2 0 0 0 0 0 0 0 0 0 0 0 0 0 0 0 0 0 0 0 0 0 4.800000000000001 0 0 0 0 0 0 0 0 0 0 0 0 0 
 6.2 15.600000000000001 30.8 11.200000000000001 35.4 46.2 7.4 6.4 45.2 19.6 0 87.80000000000001 8.6 53 16.8 37.2 22.6 70.60000000000001 10.4 21.6 14.8 14.8 0 0 0.6000000000000001 0 0 0.6000000000000001 0.4 0 0.4 0 0 0.6000000000000001 0.4 0 0 0 31.200000000000003 5.4 0 0 0 0.6000000000000001 0.6000000000000001 0 0 0.4 0 0 0 0.8 0.4 0 0 0 0 0 0.2 0 0 0 10.200000000000001 0 0 0.6000000000000001 0 0.4 0.4 0.6000000000000001 0 0 0.4 2.8000000000000003 0.4 0 0.4 0 0.6000000000000001 0 0 0.2 6.4 2 0 6.6000000000000005 0.2 2.6 1.4000000000000001 3 3.6 9.4 0 1.8 0.2 3.6 4.800000000000001 5.6000000000000005 0 0 5.6000000000000005 6 0 0 0 0 4.2 0 0 2.2 0 0 6.2 0.2 7 0.2 0 2.2 0.2 2.2 0 0 0 0 0 0 0 0 0 0 0 2.2 0 0 0 0 0 0 0 0 0 0 0 0 0 0 0 0 3.4000000000000004 0 0 0 0 0 0 0 0 0 0 0 0 0 4 0.2 3 5.6000000000000005 0 0 2.8000000000000003 1.6 3.2 0.2 0.6000000000000001 0.2 0 0 2.6 2 0 0 0 0 0 0 0 0 2 0 0 0 0 0 6.4 8 0 0 0 0 3.6 3.8000000000000003 0 0 0 0 0 0 0 0 0 0 0 0 0 0 2.8000000000000003 0 0 0 0 0 0 0 0 0 0 0 0 0 0 0 0 0 0 0 0 0 0 0 0 0 0 0 0 0 0 0.2 17.400000000000002 0 0 17.8 0.4 0.8 0 0 0 0 0 0 0 0 0 0 0 0 0 0 0 0 0 0 0 0 0 0 0 2.4000000000000004 4.2 0 0 0 0 0 0 0 0 0 0 0 0 0 
 50.400000000000006 32.4 9.4 32.2 112 11.8 11.8 49 40.6 40.800000000000004 87.80000000000001 0 6.6000000000000005 26.8 25.400000000000002 23.200000000000003 61.6 49.800000000000004 3.2 51 0.4 0 0.4 0 1 19.400000000000002 0.2 0.6000000000000001 0 0.4 0.4 0.2 40 1 17.8 0 0.4 0.4 39 30 3.4000000000000004 0.2 0 0.6000000000000001 0.6000000000000001 13.8 1.2000000000000002 17.6 0.4 0 0 1 0 1.2000000000000002 0 0 0.4 0.4 6.2 0 0 0 0 0 0 0.6000000000000001 0 0.4 1.2000000000000002 0.4 0.4 0 1 0.4 1 0 0.6000000000000001 0.6000000000000001 0.8 0 0 3.4000000000000004 2 2.8000000000000003 12.600000000000001 3.8000000000000003 0 0 2.8000000000000003 2 10.600000000000001 10.600000000000001 0 5.4 3.2 2.8000000000000003 0 12.4 0 0 8.4 6.4 0 0 0 0.2 3.8000000000000003 0 1 0 0 0 9.4 1.6 2.4000000000000004 1.8 0 0 8.8 4 0 0 0 0 0 0 0 0 0 0 0 0 0 0 0 0 0 0 0 0 0 0 0 0 0 0 0.4 0 0 0 0 0 0 0 0 0 0 0 0 0 0 1 0 0 2.4000000000000004 4.2 0 0 0 4 7.6000000000000005 9.200000000000001 0.6000000000000001 0 0 4.4 3 4 0 0 1.8 0 0 0 0 0 4 0.8 2.8000000000000003 3.4000000000000004 0 0 5.2 3.2 1.8 0 0 0.4 2.2 10.200000000000001 0 0 0 0 0 0 0 0 0 0 0 0 0 0 0 0 0 0 0 0 0 0 0 0 0 0 0 0 0 5.6000000000000005 0 0 0 0 0 0 0 0 0 0 0 3.6 0 0 0 0.2 0.4 0 0 17.8 2.2 2.8000000000000003 2.2 0 0 0 0 0 0 0.2 0 0 0 0 0 0 0 0 0 0 0 0 0 0 0 2.4000000000000004 0 0 0 0 0 0 0 0 0 0 0 0 0 0 
 30.8 10.200000000000001 17.2 32.2 53.6 6.2 44.2 59.2 15.8 10.4 8.6 6.6000000000000005 0 53 11.8 23 25.200000000000003 4.6000000000000005 72 39 0 0 0 0 0.6000000000000001 0.4 0.2 0.4 0.2 0 0.2 0 0 1 0.4 0 0 0 0 0 0 0 0 1.2000000000000002 0.4 0 0 6.2 0 0 1 0.6000000000000001 1.2000000000000002 0 0 0 0 0 0 0 0 0 0 0 0 0 0 0.6000000000000001 0 0.4 0 0 0 0 0 0 0.6000000000000001 0.6000000000000001 0.6000000000000001 0 1.6 6.2 0 0 0 0 3.2 6.800000000000001 4 1.8 0 0 8.200000000000001 3 0 0 1.8 0 0 0.6000000000000001 0 0 0 2.2 0 0.2 0 0 0 0 0 0 0 0 0 0 0 0 0 0 0 0 0 0 0 0 0 0 0 0 0 0 0 0 0 0 0 0 0 0 0 0 0 0 0 0.6000000000000001 0 0 0 0 0 0 0 0 0 0 0 0 2 0 3 7.2 1.8 1.8 0 0 0 3 0 0 0 0 0.4 5.800000000000001 2 2.4000000000000004 3 1.6 4.4 1.8 0 0 0 0 0 0 0 0 0 3 0 0 0 0 0 0 0 0 0 0 0 0 0 0 0 0 0 0 0 0 0 0 0 0 0 0 0 0 0 0 0 0 0 0 0 0 0.4 0 0 0 0 0 0 0 0 0 2 0 0 0 0 0 0 0 0 0.2 0 0 0.4 0 0 3.6 0 0 0 0 0 0 0 0 0 0 0 0 0 0 0 0 0 2.4000000000000004 0 0 0 0 0 2.4000000000000004 0 0 0 0 0 0 0 0 0 0 0 0 0 0 
 45.2 32.800000000000004 36.6 81.80000000000001 58.2 33.2 16.2 25.200000000000003 24.400000000000002 87.60000000000001 53 26.8 53 0 56.800000000000004 28 20.8 77.4 15.600000000000001 40.6 0 0 0.2 0 0.6000000000000001 41 0.2 0.6000000000000001 0 0.4 0 0 0 0.6000000000000001 0.4 0.6000000000000001 0 0 0 0 0 0 0 0.6000000000000001 0.6000000000000001 0 0 0.4 0 0 0 0.4 0.4 0 0 0 0 0 0.2 0 0 0 0 0 0 0 0 0.4 0.6000000000000001 0.6000000000000001 0 0 0 0 0 0 0.4 0 0.6000000000000001 0 2.8000000000000003 12 10.8 0.4 3 4 1.8 7.6000000000000005 1.2000000000000002 12.8 6.4 0 0.2 3.4000000000000004 0 3 4.800000000000001 14 2.4000000000000004 4.4 0 1.4000000000000001 0 0 0 0 0 0 0.4 0 0 0 0 0.4 0 0 0 0 6.2 0 0 0 0 0 0 0 0 0 0 0 0 0 0 0 0 0.2 0 0 0 0 0 0 0 0 0 2.8000000000000003 0 0 0 0 0 0 0 0 0 0.6000000000000001 0 0 0 0 3.2 1 2.2 3.6 1.4000000000000001 0 0 2 6.4 0 2.8000000000000003 2.8000000000000003 4.4 12.200000000000001 0.2 4 4.6000000000000005 2 0.2 0 0 0 0 0 0.6000000000000001 0 2.4000000000000004 0 0 0 0 0 0.2 0 0 0 0 0 0 0.2 0 0 0 0 0 0.2 2.4000000000000004 0 0 0 0 0 0 0 0 0 0 0 0 0 0 0 0 0 0 0 0 0 0 0 0 0 0 0 0 0 0 0 0 0 0 0 0 0 0 0 0 0.4 0.6000000000000001 17.6 0 1.4000000000000001 0 0 0 0 0 0 0 0 0 0 0 0 0 0 0 0 0 0 0 0 0 0 0 1.4000000000000001 3.8000000000000003 0 0 0 0 0 0 0 0 0 0 0 0 0 
 37 94.60000000000001 31.8 70.4 16.2 22.6 44.6 62.2 39.400000000000006 60.400000000000006 16.8 25.400000000000002 11.8 56.800000000000004 0 36.800000000000004 46 29 58.400000000000006 71 0 0 0 0 0.6000000000000001 11.600000000000001 0 0.4 0 0 0.2 0.2 0 0.6000000000000001 0.4 0 0.4 0.2 6.2 0 0 0 0.6000000000000001 0.6000000000000001 0.6000000000000001 12.8 0 0.6000000000000001 0 0 0 0.8 0 0.4 0 0 0 0 0 0 0.6000000000000001 0 0 0.2 0 0 6.4 0.6000000000000001 0 0.4 0 0 0 0 0 0 0.6000000000000001 0 1.2000000000000002 0 8.6 2.8000000000000003 7.6000000000000005 4.2 5.800000000000001 4.2 3.8000000000000003 0 1.2000000000000002 1.4000000000000001 9.4 2.4000000000000004 3.8000000000000003 2.8000000000000003 8 2.4000000000000004 3 2.2 0 4.4 0 0 0 0 0 0 0 0 0 0 0 0 0 0 0 0.4 0 0.4 2.2 0 0.2 0 0 0 0 0 0 0 0 0 0 0 0.4 0 0 0 2.6 0.2 0 0 0 0 0 0 0 0 4.800000000000001 0 0 0 0 1.8 0 0 0 0.4 0 0 0 0 3.6 3.2 0 5.800000000000001 2.4000000000000004 2.6 2.4000000000000004 2.2 5.800000000000001 6 2.6 5.4 0.2 2.4000000000000004 2.6 6.2 1.6 5.6000000000000005 1.8 1.6 2 0 0 0 0 0 0 0 0.4 0 0.4 0 0 0 0 0 0 0 0.2 0.2 0 0 0 0 0 0.4 0 0 0 0 0 0 0 0 0 0 0 0 0 0 0 0 0 0 0 0 3.2 0 0 0 0 0 0 0 0 0 0 0 0 0 0 0 0 0 0 0.2 0.4 0.4 0.2 0 0.4 2.6 0 0 0 0 0 0 0 0 0 0 2.2 0 0 0 0 0 0 0 0 0 0 0 0 0 0 0 0 0 0 0 0 0 0 0 0 0 0 0 
 48.400000000000006 24.8 27 96.4 29.6 34.800000000000004 28.8 16.8 18.400000000000002 19.6 37.2 23.200000000000003 23 28 36.800000000000004 0 18.2 11.200000000000001 27.8 59 0 0 0 0 0 0 0.6000000000000001 0 0 0 0.4 0 0.2 0 0 0 0.4 0.4 18.8 15 0 0 0 0 0 0.4 1.8 0 0 0 0.4 0.2 0.4 0 0.6000000000000001 0 0 0.4 0 0 0 0 0 0 0 0 0 0 0 0 0 10.8 0 0.2 0 0 0 0.8 0 0 2 0.6000000000000001 7.2 2.4000000000000004 2 3.4000000000000004 2.8000000000000003 3.2 1.6 1.6 2.2 7 3.2 2.4000000000000004 0.2 5.6000000000000005 2.6 11.8 0.4 5.6000000000000005 1 0 0 0 0 0 3.6 0 0 0 0 0.4 1.4000000000000001 0 0 1 0 0 3.8000000000000003 0.2 0 0 0 0 3 0 0 0 0 0 0 0 0 0 0 0 0 0 0.2 0 0 0 0 0 0 0 0 0 0 0 0 0 0 0 0 0 0 0 0 0 0 0.2 3.4000000000000004 1.6 0 0 0 4 0 0 0.8 3 0 2.4000000000000004 5.6000000000000005 0.2 8.200000000000001 0 0 0.2 0 0 0 0 0 0 2.4000000000000004 0 0 0 0 0 8.4 3.4000000000000004 0 0 0 0 0.2 2.8000000000000003 0 0 0 0 0.4 0 0 0 0 0 0 0 0 0 0 0 0 0 0 0 0 0 0.4 0 0 0 0 0 0 0 0.2 0 2 0 0 0.4 0 0 0 0 0 0 0 0 0 0 0.2 0.4 0.8 0.4 0 2.8000000000000003 0 0 0 0 0 0 0 0 0 0 0 0 0 0 0 0 0 0 0 0 0 0 0 6.2 0 0 0 0 0 0 0 0 0 0 0 0 0 0 
 29.8 15 33.4 41.800000000000004 10.600000000000001 32.800000000000004 25 24.400000000000002 21.6 37.6 22.6 61.6 25.200000000000003 20.8 46 18.2 0 35 7.2 87.60000000000001 0 0 0 0 0.6000000000000001 0.4 0 0.6000000000000001 0 0 0 0 0.8 0.6000000000000001 0.4 0 0 0 0 0.2 0 0 0 0.6000000000000001 0.6000000000000001 0.6000000000000001 0.6000000000000001 0.4 0 0 0 0.4 0.4 0 0 0 0 0 0.2 0.8 0 0 0 0 0 0 0 0.4 0 0.6000000000000001 0 0 0 0 0 0 0.4 0.2 0.6000000000000001 0 0.8 3.4000000000000004 9.4 0 0 23 2.8000000000000003 3.8000000000000003 0 7.2 3.6 0 1.8 0 1.6 6.2 14.200000000000001 5.6000000000000005 1.8 2.6 0 0 0 0 0 0 0 0 0 0 0 0 0.8 0.2 3.4000000000000004 0 2.2 0 3.8000000000000003 0 0 0 0 0 0 0 0 0 0 0 0 0 0 0 0 0.4 0 0 0 0 0 0 0 0 0 0 0 0 0 0 0 0 0 0 0 0.8 0 0 0 0 0 0.6000000000000001 1.2000000000000002 1.2000000000000002 1.6 5.800000000000001 0.4 2.6 3.8000000000000003 0.2 0.6000000000000001 3.2 1.8 5.2 2 2.2 3.6 4.2 0 0 0.4 2.8000000000000003 0 5 0 0 2.4000000000000004 0 0 0 0 0 0.4 0.4 0 0 0 0 0.2 4 0 0 0 0 0 0 0 0 0 0 0 0 0 0 0.6000000000000001 0 0 0 0 0 0 0 0 0 0 0 0 0 0.4 0 0 0 0 0 0 0 0 0 0 0 0 0 0 0 0 0.4 17 0 1 19.200000000000003 0 2.4000000000000004 0.2 0 0 0 0 0 0 0 0 0 3.4000000000000004 0 0 0 0 0 0 0 0 0 0 0 0 2.6 4.4 0 0 0 0 0 0 0 0 0 0 0 0 0 
 28.8 8.200000000000001 69.2 23.8 70.4 27 6.2 9.4 92.80000000000001 36.2 70.60000000000001 49.800000000000004 4.6000000000000005 77.4 29 11.200000000000001 35 0 10 10.200000000000001 0 0 0 0 0.6000000000000001 0.2 0 0.6000000000000001 0.4 0 0 0 0 0.6000000000000001 0.4 0 0 0 14.600000000000001 7.2 0 0 0 0.6000000000000001 0.6000000000000001 0 0 0.4 0 0 0 0.8 0 0 0 0 0 0 0.2 0 0 0 0 0 0 0 0 2.6 2.6 0.6000000000000001 0 0 6 0.2 0.4 0 11.600000000000001 0 0.6000000000000001 0 0.2 5 2.4000000000000004 4 0.2 8.4 2 3.2 0 10 1.8 8.8 0 0 1.4000000000000001 3.6 6.800000000000001 4.4 0 5 4 4.4 0.2 0 0 0 2 0 0 0 0 0 1.4000000000000001 4.4 3 0 0.2 0 0 0 0 0 0.2 0 0 0 0 0 0 0 0 0 0 0 0 0 0 0 0 0 0 0 0 0 0 0 0 0 0 0 0 0 0 0 0 0.8 0 0 0 0 0 1.2000000000000002 1 0 1.4000000000000001 4.4 0 0 2.6 3 10.8 10.4 1.2000000000000002 3 0 8.8 0.2 8 1.8 0 2.8000000000000003 0 0 0 0 0 2.4000000000000004 3.2 4.2 0 0 0 0 0 1 0.2 0 0 0 4.2 0 0 0 0 0 2 0 0 0 0 0 0 0 0 0 2 1.4000000000000001 0 0 0 0 0 0 0 0 0 0 0 0 0 0 0 0 0 0 0 0 0 0 0 0 0 0 0 0 0 1 0 0.6000000000000001 16.6 1.8 1.8 1.8 0 0 0 0 0 0 0 0 0 0 0 0 0 0 0 0 0 0 0 0 0 0 0 0.2 0 0 0 0 0 0 0 0 0 0 0 0 0 
 25 4 5.6000000000000005 20.200000000000003 17.2 11.4 9.600000000000001 9.600000000000001 20.6 16.6 10.4 3.2 72 15.600000000000001 58.400000000000006 27.8 7.2 10 0 81.2 0 0 0 0 16.2 0.2 3.8000000000000003 0.6000000000000001 0.2 0 0 0 0 0.6000000000000001 0.4 0 0 0 0 0 0 0 0 2 0.6000000000000001 0 0 0.6000000000000001 0 0 0 0.6000000000000001 0.4 0 0 0 0 0 0 0 0 0 0 0 0 0 0 0.6000000000000001 8.6 0.4 0 0 0 0 0 0 0.6000000000000001 0 0.6000000000000001 0 0 0 0 0 0 0 4.800000000000001 0 0 0 0 0 0 0 0 1.4000000000000001 0.4 0 2 3 0 0.4 0 0 0 0 0 0 0 0 0 0 0 0 0 0 0.4 0 0 0 0 0 0.4 0 0 0 0 0 0 0 0 0 0 0 0 0 0 0 0 0 0 0 0 0 0.2 0 0 0 0.2 0.2 0 0 0 0 0 0.4 0.2 0 0 0 1.2000000000000002 0 1 0 0 0 5.2 0 0 0 0 2 0 0 2.6 0 3.6 2.4000000000000004 6 0.6000000000000001 0 0 0 0 0 0 0 0.2 0 0 0 0 0 0 0 0 0 0 0 0 0 0 0 0 0 0 0 0 0 0 0 0 0 0 0 0 0 0 0 0 0 0 0 0 0.2 0.4 0 0 0 0 0 0.4 0 0 0 0 0 0 0 0 0 0 0 0 0 0 0 0.4 0.4 0 0.4 1 0 0 0 0 0 0 0 0 0 0 0 0 0 0 0 0 0 0 0.2 0 0 0 0 0 0 0 0 0 0 0 0 0 0 0 0 0 0 0.2 
 73 10.600000000000001 55.800000000000004 111.60000000000001 31.200000000000003 53.2 14.600000000000001 23 60.6 71.2 21.6 51 39 40.6 71 59 87.60000000000001 10.200000000000001 81.2 0 8.6 0 0 0 0.6000000000000001 0.2 0.4 0.4 0.2 0 0.2 0 0 0.6000000000000001 0.4 0 0 0 0 0 0 0 0 0.6000000000000001 0.4 0 0 0.6000000000000001 0 0 0 0.8 0 0 0 0 0 0 0 0 0 0 0 0 0 0 0 0.6000000000000001 0 0.4 0 0 0 0 0 0 0.6000000000000001 0 0.6000000000000001 0 12.8 13.600000000000001 0 2.4000000000000004 7 0.2 0 5.4 4.800000000000001 3.6 0 4.2 8.6 0 3.4000000000000004 6.6000000000000005 10.600000000000001 0.2 2 2.6 0 0.4 0.4 0 0 0 0 0 0 0 0 0 0 0 0 0 0 1.6 0 0 0 0 0 0 0 0 0.4 0 0 0 0 0 0 0 0 0 0 0 0 0 0 0 0 0 0 0 0 0 0 0 0 0 0 0 0 0.2 0.2 0 0 0 2.8000000000000003 7.2 2.6 5.4 0 0 2.2 0 0 0 0 2 2 5.6000000000000005 0 3.4000000000000004 3.2 1.2000000000000002 4.6000000000000005 0.8 0 0 0 0 0 0 0 0 0 0 0 0 0 0 0 0 0 0 2.8000000000000003 0 0 0 0 0 0 0 0 0 0 0 0 0 0 0 2.4000000000000004 0 0 0 2 0 0 0 0 0 0 0 0 0 0 0 0 0 0 0 0 0 0 0 0 0 0 0 0 0 0 0 0.2 0 36 0.4 0 2.8000000000000003 0 0 0 0 0 0 0 0 0 0 0 0 0 0 0 0 0 0 0 0 0 0 0 6.4 0.2 0 0 0 0 0 0 0 0 0 0 0 0 0 
 0 0 0.4 15 14.8 0.4 0.2 0 0 0 14.8 0.4 0 0 0 0 0 0 0 8.6 0 43.6 14.4 8.6 20.8 6.2 57 69.8 15 52.2 26.6 9.4 22.8 65.60000000000001 11 42 22.8 11 8 22.8 0 0.4 0 0.6000000000000001 0 0 0 0 0.2 0.6000000000000001 0 0.2 1 0 0 0.6000000000000001 0 0 0.2 0 0 1.4000000000000001 0 6.2 0 0.6000000000000001 0 0 0 0 0 0.4 0 0.6000000000000001 1 0.6000000000000001 0 0 0 0 0 0 0 0 2.6 0 0 0 0 0 0 0.2 0 0 0 0 0 0 0 0 5.2 2 0.6000000000000001 3.2 0 0 4.800000000000001 7 2.2 2.6 3 0 1.4000000000000001 9.8 2.2 4.800000000000001 3.4000000000000004 1.8 0 6.6000000000000005 0 0 0 0 0 0 0 0 0 0 1 2.4000000000000004 0 0 0 0 0 1.2000000000000002 2.4000000000000004 0 0 1.2000000000000002 0 0 0 0 0 0 0 0 0 0 0 0 0 0 0 1.4000000000000001 0 0 0 0 2 0 2.6 2.8000000000000003 0 0 0 0 0 0 0.6000000000000001 0 0 0 0 0 0 0 4 2.4000000000000004 0 0 6 3.6 4.800000000000001 0 4.4 0 6.4 0 1.2000000000000002 2.8000000000000003 0 4 0 8.200000000000001 7 0 0 0 0 0 0 0 0 0 0 0 0 0 0 0.2 0 0 0 0 3.4000000000000004 2.4000000000000004 0 0 0 0 0 0 0 0 0 0 0 0 0 0 0 0 0 0 0 8.200000000000001 0 0 0 0 0 0 0 0 0 0 0 0 0 0 1 0 0.8 0 15.600000000000001 0.4 0.6000000000000001 2.6 0 0 0 0 0 0 0 0 0 0 0 0 0 0 2.2 0 0 0 0 0.2 0 0 0 0 0 0 0 0 
 0 0 0 19.200000000000003 17.400000000000002 15 0 0 0.4 0 14.8 0 0 0 0 0 0 0 0 0 43.6 0 8 13 6 24.400000000000002 36 61.6 25.6 39.2 38.2 20.6 7.800000000000001 25.200000000000003 11.8 38 23.6 9.200000000000001 15.600000000000001 17 0 0.4 0 0.6000000000000001 0 0 0 0.2 0 0.6000000000000001 0 0.2 0.8 0 0 0.6000000000000001 0 0 0.4 0 2.2 0.4 0 10.8 0 0.6000000000000001 0 0 0 0 0 0.6000000000000001 0 0.6000000000000001 0 0.6000000000000001 0 0 0 0 0.4 0 0 0.4 0 0 0 0 0 0 0 0.2 0 0 1.6 0 0 0 0 0 5 1.8 3.8000000000000003 0.4 0 0 1.6 0.4 4.4 8 2.2 2.2 1.8 3.8000000000000003 0 6.4 0.4 5.800000000000001 2.6 6.800000000000001 0 0 0 0 0 0 0 0 0 0 0 0.2 2.8000000000000003 0 0 0.2 0 0 7.800000000000001 0 0 1.2000000000000002 1.2000000000000002 0 0.4 0 0 0 0 0 0 0 0 0 0 0 0 0 0.4 0 0 0 2.2 0.4 3.8000000000000003 0 0 0 0 0 0 0 0.2 0 0 0 0 0 0 0.4 1.6 8.6 0 6.4 1.8 3 0.2 0 3 0.2 3 0 2 5 0.6000000000000001 3.8000000000000003 0 0 3.6 0 0 0 0 0 0 0 0 0 0 0 0 0 0 0 0 0.2 0 0 1.2000000000000002 3.4000000000000004 0 0 0 0.2 0 0 0 0 0 0 0.2 0 0 0 0 0 0 0 0 0 0 0 0 0 0 0 0 0 0 0 0 0 0 0 2.8000000000000003 0 0 0.2 8.4 0 0.8 1.8 0 0 0 0 0 0 0 0 0 0 0 0 0 0 0 0 0 0 0 7.6000000000000005 0 0 0 0 1.8 0 0 0 
 0.4 0 15.200000000000001 0 0 0 0 0 0.6000000000000001 0 0 0.4 0 0.2 0 0 0 0 0 0 14.4 8 0 43.2 10.600000000000001 25.6 28.200000000000003 12.600000000000001 40.800000000000004 56.800000000000004 7.2 56 12.200000000000001 52.2 52.400000000000006 37.2 24 42 8.8 9 14.600000000000001 0.4 0.4 0.6000000000000001 0 0 6 0.4 0 0.6000000000000001 0 0.4 0.6000000000000001 0 0 0.6000000000000001 0 0 0.4 12.600000000000001 0.6000000000000001 0 0 1.2000000000000002 0.8 0.6000000000000001 0 0 0 0 0.2 0.2 0 1 0 0.4 0 0.2 0 0 0 0 0 0 0 0 0 0 0 0 0 0 0 0 0 0 0 0 0 0 0 0 0.2 5 8.6 1.8 0 1 4.4 3 9 1.8 0 0 0 0.2 6.800000000000001 3.2 0 0 0 0 0 0 0 0.4 2.2 0 0 3.6 0 0 5.6000000000000005 2.2 0 6 0 1.4000000000000001 0 3.8000000000000003 0 0 0 0.2 0 0 0 0 0 0 0 0 0.4 0 0.2 1.6 0.8 0 0 0.2 0 0 0 0 0 0 0 0 0 0 0 0 0 0 1.2000000000000002 0 0.4 0 2 0 0 0.2 2.4000000000000004 7.6000000000000005 3.8000000000000003 7 0 0 0 2.8000000000000003 3.6 3.8000000000000003 0 0 0 1.8 0 3.4000000000000004 0 0 9.4 0 3.8000000000000003 0.4 0 0 4.4 0 0 0 0 0.4 0 1 0 1 0 0 4.4 5.4 0 0 0 0 0 0.2 0.2 0 0 0 0 0.2 0 0 0 0 0 0 0 0 0 0 0 0 0 0 0 0 0 0 0 0 0 0.2 2.8000000000000003 0 0 0.2 0.6000000000000001 0 0 0 0.6000000000000001 0 0 0 0 0 0 0 0 0 0 0 0 0 0 0 0 0 0 4 0 0 0 4 2.2 0 0 0 
 0 0.4 15 0.4 0 0 0 0.2 5.2 0 0 0 0 0 0 0 0 0 0 0 8.6 13 43.2 0 36.2 64.60000000000001 25.6 16.400000000000002 20.200000000000003 61.800000000000004 29 24.400000000000002 13.8 12 9.8 51 28.400000000000002 56.2 17.8 13 26 0.4 0 0.6000000000000001 0 0 12.8 1 0.2 0.6000000000000001 0 0 25.8 13 3.8000000000000003 0.6000000000000001 0 0.6000000000000001 0.8 25.200000000000003 0.6000000000000001 1 0 10 1.4000000000000001 0.6000000000000001 0.2 0.6000000000000001 0.4 0 0 0.6000000000000001 0 0.8 0.4 1 0 0 0.4 0 0 0 0 0 0 0 0 0 0 0 0.2 0 0 0 0 0 0 0 0 0 0 11.200000000000001 0 3.8000000000000003 0.8 5.800000000000001 0 3.6 2.8000000000000003 0 3.8000000000000003 0 0 0 0 0 6.6000000000000005 0.2 0 0 0 1.4000000000000001 1.8 0 0 1.8 4.800000000000001 0 0 1.2000000000000002 0 0 4.4 0.2 3 3.6 0 0 0.2 3.4000000000000004 0 0 0 0 0 0 0.4 0 0 0 0 0 0 0 0.2 1.4000000000000001 0.8 0 0 0 0 0 0 0 0 0 0 0 0 0.4 0 0 0 0 1 0.4 0 0 0 0 0 0 2.8000000000000003 0 4.6000000000000005 6.4 0 0 0.4 1.6 5 3.6 0 0.2 0 0.2 2.2 1.4000000000000001 0 0 8.8 0 0 0 0 0 7.4 3.6 0 2.4000000000000004 0 0 6 2 2.2 4 0.2 0 1 4.4 0 0 0 0 0.4 0 0 0 0 0 0 0 0 0 0 0 0 0 0 0 0 0 1.6 0 0 0 0 0 0 0 0 0 0 0 2 0 0 16 0.2 0 2.6 0.8 0 0 0 0 0 0 0 0 3.6 0 0 0 0 0 0 0 0 1.6 0 0 0 0 0 0 0 0 0 0 
 0.8 1 22 0.6000000000000001 0.6000000000000001 0.6000000000000001 0.6000000000000001 0.6000000000000001 1.2000000000000002 0.6000000000000001 0.6000000000000001 1 0.6000000000000001 0.6000000000000001 0.6000000000000001 0 0.6000000000000001 0.6000000000000001 16.2 0.6000000000000001 20.8 6 10.600000000000001 36.2 0 7.4 15 30.8 80 19.400000000000002 49.800000000000004 7.4 35.4 16.8 40.6 30.200000000000003 7.4 9.4 10.8 20.200000000000003 0.2 5.4 13.600000000000001 0.6000000000000001 0 0 0 0 17.2 0.8 0 0.2 6.4 5.6000000000000005 1.6 13.8 0 12.600000000000001 12.8 5 0 0 0 0.6000000000000001 0.2 0.6000000000000001 2.4000000000000004 0 10.4 0 0 0.2 0 0.6000000000000001 0 2.8000000000000003 0 0 0 0 0 0 0 0 0 0 0 0 0 0 0 0 0 0 0 0 0 0 0 0 2.6 4.6000000000000005 1.8 0 2.4000000000000004 1.8 0 0 6.6000000000000005 2.4000000000000004 0 7.2 0 0 0.2 2.2 3.4000000000000004 2.2 0 0.2 0 1.6 3.8000000000000003 0 0 0 0 0 0 0.2 0 0 5.2 0 0 0 0 0 9.8 0 0 0 0 0 0 0 0 0 0 3.2 0 0 0 0.4 0 0 0 0 0 0 0 0 0 0.2 1 0 0 0 0 0 0 0 0 0 0.8 0 0 0 0 0 0 5.2 4 0.2 0 6.2 0 3.6 0 0 8 3 2.6 0 5.2 5.6000000000000005 8.6 0 0.2 0 4.6000000000000005 2.2 0 0 0.4 0.4 2.4000000000000004 3 0 2.8000000000000003 0 0 2.8000000000000003 2 3 4.6000000000000005 2.8000000000000003 0 1.2000000000000002 2.2 0 0 0 0 0 0 0 0 0 0 0 0 0 0 0 0 0 0 0 0 0 0 0 0 0 0 0 0 0 0 0 0 0 0 1.8 1.2000000000000002 0 0.2 8.8 0 1.2000000000000002 0 0 0 0 0 0 0 0 0 2.4000000000000004 0 0 0 0 0 0 0 0 0 0 0.2 0 0 0 0 0 0 0 0 
 0 0.2 0.4 0 13.4 0.8 0.2 0.2 0.2 0 0 19.400000000000002 0.4 41 11.600000000000001 0 0.4 0.2 0.2 0.2 6.2 24.400000000000002 25.6 64.60000000000001 7.4 0 6 12.600000000000001 13.200000000000001 9.8 33 17.6 66.60000000000001 24.8 34.800000000000004 11.600000000000001 9.8 8.200000000000001 10.200000000000001 12.8 12.4 0.8 1.2000000000000002 0.6000000000000001 0 1.8 6.2 12.200000000000001 12.8 0.8 3.6 3 12.4 4.800000000000001 24.8 0.8 13 0.4 4.4 0 8 0 0 0.6000000000000001 0 0.6000000000000001 0.2 0 0 0 0 0.6000000000000001 0.2 0.6000000000000001 0 0.6000000000000001 0 0 2 0 0 0 0 0 0 0 0 0 0 0 2.8000000000000003 0 0 0 0 0.8 0 0 0 0 0 2.2 0 0 0.2 0.2 0 0 7 0 0 0 3 1.4000000000000001 0 8 5.6000000000000005 8.4 2.2 0 0.6000000000000001 2 2.8000000000000003 0 0 0 0 0 0 0 0 2.2 2 0 0.2 0 0 0 0 2.6 0 0 0 0 0 5 0 0 0 0 0 0 0 0 0 0 0 0 0 0 0 0 0 0 3 0 0 0 0.2 2.4000000000000004 0 0 0 0 0 0 0 0 0 0 0 3.4000000000000004 2.6 2.2 3.8000000000000003 4 0 0 2 5.2 0 2.4000000000000004 0.4 0 2 0 0 2.2 0 4.6000000000000005 1.6 1.8 0 1.2000000000000002 0 0 0 0 0.2 5 0 0 3.6 6.6000000000000005 0 1.4000000000000001 3.8000000000000003 0 3.6 3.2 0 0 0 0 0 0 0 0 0 0 0 6.800000000000001 0 0 0 0 0 0 0 0 0 2 0 0 0 0 0 0 0 0 0 0 0 0 2 0.4 0.4 0 16.2 0 0.2 0 0 0 0 0 0 0 0 0 0 0 0 0 0 0 0 0 0 2.4000000000000004 0 0 0 0 0 0 2 0 0 0 
 0 0.2 0.4 0 0.2 0 0.4 0 0 0 0 0.2 0.2 0.2 0 0.6000000000000001 0 0 3.8000000000000003 0.4 57 36 28.200000000000003 25.6 15 6 0 43.800000000000004 51.400000000000006 92 27.200000000000003 8.4 79.60000000000001 55 4.6000000000000005 17.2 35.4 58.400000000000006 24 7.800000000000001 0 0.4 12.8 0.6000000000000001 0 1.2000000000000002 0 0 0.4 0.6000000000000001 0.4 0 1 0.4 0 0.6000000000000001 0 0 0.4 0 0 3.6 0.4 0.6000000000000001 0 0.6000000000000001 0 0 0 0.8 0 0.4 0 0.6000000000000001 0 0.6000000000000001 0 0.4 0 0 0 0 0 0 0 0 0 0 0 0 0 0 0 0 0 0 0 0 0 0 3.4000000000000004 0 9.8 3 7.6000000000000005 0 2.6 3.4000000000000004 0.2 0.2 2 2.2 0 0 2.8000000000000003 2 4 5 3.4000000000000004 5.4 0 0 0 0 0 0 0 0 0 0 0 0 0 0 0 0 0 0 4.2 0.2 0 0.2 2.4000000000000004 0.8 1.4000000000000001 0.4 0 0 0.4 0 0 0.4 0.2 0 0.2 0 0 0 1 0 0 0 0 0.2 0 0 0 0 0 0 0 0 0 0 0 0 0.2 0 0 0 3.8000000000000003 0 0.4 6.800000000000001 3.4000000000000004 3.8000000000000003 3.6 0 0 1.6 5.6000000000000005 3.8000000000000003 0 2.2 9.200000000000001 0.6000000000000001 8 1 2.6 0 0 0 0 0.2 0 0 0 0 0 0 0 0.2 0 0 0 0.4 0 0 2 0 0 0 0 0 0.4 2.8000000000000003 0.4 0 0.2 0 0 0.4 0 0.4 0 0 0 0 0 0 0 0 0 0 0 0 0 0 0 0 0 0 0 0 1.8 0 0 1 1 0 0 0 0 0 0 0 0 0 0 0 0.2 0 0 0 0 0 0 0.4 0 0 0 1.8 0 0 0 0 0.2 0 0 0 
 0.4 0.6000000000000001 1 1 13.200000000000001 23.6 0.6000000000000001 0.6000000000000001 0.4 0.8 0.6000000000000001 0.6000000000000001 0.4 0.6000000000000001 0.4 0 0.6000000000000001 0.6000000000000001 0.6000000000000001 0.4 69.8 61.6 12.600000000000001 16.400000000000002 30.8 12.600000000000001 43.800000000000004 0 16.2 13 13.200000000000001 47.2 26.200000000000003 92.4 67 39.800000000000004 22 8.4 38.800000000000004 26.400000000000002 5.800000000000001 0.4 0 1 0 0 0 0.4 0 0.6000000000000001 0 0.8 1 0.2 0 0.8 0 0 0.2 0 9.600000000000001 2 0 0.6000000000000001 0 0.6000000000000001 0 0 0.4 0 0 0.2 0.2 5.800000000000001 0 0.4 0 0 0 0.8 0 0 0 0 0 0 0 0 1.4000000000000001 0 0 0 0 0 0 0 0 0 0 0 0 2.2 0.4 4.2 0 0 4.2 2.4000000000000004 10.200000000000001 0.8 8 0 0 0 2.2 4.800000000000001 4.4 9.8 1.8 4.4 0 0 0 0 0 0 0 0 0 0 0 1.8 0 3.6 0 0 0 0 0.2 0 0 0 0 0 0 0 0 0 0 0 0 0 0 0 0 0 0 0 2.2 0 0 0 0 0.2 0 2.4000000000000004 0 0 0 3.2 0 3 0 0 0 0 0 0 0 0 3.4000000000000004 4.2 0 1 0 0 0.2 2.6 2.4000000000000004 0 4.6000000000000005 0 0 2.8000000000000003 0 1.2000000000000002 0 2.2 3.6 0 0 0 0 0 0 0 0.4 0 0 0 0 0 0 0 0 0 0 0 0 0.2 0.2 2.2 0 0 0 0 0 0 0 0 0 0 0 0 0 0 0 0 0 0 0 0 0 0 0 0 13.8 0 0 0 0 0 0 0.4 0.4 0 0.4 0.2 0 0 0 0 0 0 0 0 0 0 0 0 0 0 0 0 0 0 0 1.4000000000000001 0 0 0 0 0 0 0 0 0.2 0 0 0 
 0.2 0 0 0 0 9.8 0 0 0.4 0.4 0.4 0 0.2 0 0 0 0 0.4 0.2 0.2 15 25.6 40.800000000000004 20.200000000000003 80 13.200000000000001 51.400000000000006 16.2 0 35.2 42.2 35.4 70 21.400000000000002 27.8 66.60000000000001 25.200000000000003 8.200000000000001 56.400000000000006 36.2 0 0.4 0 0.6000000000000001 0 0 5.6000000000000005 0 0.2 0.6000000000000001 0.4 0.2 0.6000000000000001 0 0 0.6000000000000001 0 0 17 15.200000000000001 0.4 0 0 0.8 0 0.6000000000000001 0.4 5 0 0.2 0.2 0.4 0.4 0.6000000000000001 0 0.6000000000000001 0 1.2000000000000002 0.8 0 0 0 0 0 0 0 0 0 0 0 0 0 0 0 0 0 0 0 0 0 0 0 0 6.4 3.2 1.4000000000000001 5.6000000000000005 4.800000000000001 4.2 3.4000000000000004 3.4000000000000004 4 0 7.6000000000000005 0 0 5.2 2.8000000000000003 0 0.8 0 0 0 0 0 0 2.2 0 0.4 0 0 0 5.4 3.4000000000000004 0 2.4000000000000004 0 3.8000000000000003 0 0 0 0 0 0 0 0 0 0 0 0 0 0 0 0 0 0 0 0 0 0.4 3.8000000000000003 0.4 0 0 2.2 2.2 0 0 0.4 0 0 0 0 0 0 0 0 0 0 0 3.8000000000000003 5.4 5.6000000000000005 3 0 0 0 2.6 0 0 4.4 3.8000000000000003 0 0 3.8000000000000003 1.8 10.600000000000001 0 0 2.2 2.6 0.4 0 0 0 0 0.2 0 0 0 0 0 0 1.8 0.4 0 0.2 0 0 1.6 0 0 0 0 0 0 0 0 0 0 0 0 0 0 0 0 0 0 0 0 0 0 0 0 0 0 0 0 0 0 0 0 0 0 3.8000000000000003 0 0 0 15.4 0.4 0.4 0 0 0 0 0 4.2 0 0 0 0 0 0 2.8000000000000003 0 0 0.4 0 0 0 0 4.4 0 0 0 0 0 0 0 0 
 0 0 0.4 0 0.2 0 0 0 0 0 0 0.4 0 0.4 0 0 0 0 0 0 52.2 39.2 56.800000000000004 61.800000000000004 19.400000000000002 9.8 92 13 35.2 0 39 12.8 21.8 46.800000000000004 59.800000000000004 64.60000000000001 54.6 80.2 38.2 35.6 6.800000000000001 0.6000000000000001 0 0.6000000000000001 0 0 0 0.4 0 0.6000000000000001 0 0.2 1 0 0 0.4 0 0 12.8 0 0 7.4 0 0.6000000000000001 0 0.6000000000000001 12.200000000000001 0 0 0 0 0.6000000000000001 0 0.6000000000000001 0 0.6000000000000001 0 0 0 0 0 0 0 0 2.6 0 0 0 0 0 0 0 0 0 0 0 0 2.6 0 0 1.4000000000000001 0 2 6 2.8000000000000003 0 1.2000000000000002 0 4 3 3 14.4 0 0 0 0 2.6 4.800000000000001 2.8000000000000003 4.4 0 0 0 0 0 0 0.4 0 0 0 0 0 2.4000000000000004 3.2 0 0 0 0 0.6000000000000001 0 0 0.2 1.2000000000000002 0.8 0 0 0 0 0 0 0 0 0 0 0 0 0 0 0.2 0 0 0 0 0.2 0.2 0 0 0 0 0 0 0 0 0 0 0 0.4 0 0 0 3 0.4 1.2000000000000002 3.8000000000000003 0.4 0 4 0 0 1.6 2.2 4 0 4 9.4 0.4 12.8 2 0.2 0 4.6000000000000005 0 0 0.4 0 0 0.2 0 0 0 0 0 0 0.2 0 0 0 0 0 0 0 0 0 0 0 0.2 0.2 0 0 0.2 0 0 0 0 0 0 0 0 0 0 0 0 0 0 0 0 0 0 0 0 0 0 0 0 0.6000000000000001 0 0.4 15.200000000000001 0.2 0 0 0.6000000000000001 0 0 0 0 0 0 0 0 0 0 0 0 0 0 0 0 0 0 0 5.6000000000000005 0 2.2 0 0 0 0 0 0 
 0.2 0 0.2 0 0 0.4 0 0 0.6000000000000001 0 0.4 0.4 0.2 0 0.2 0.4 0 0 0 0.2 26.6 38.2 7.2 29 49.800000000000004 33 27.200000000000003 13.200000000000001 42.2 39 0 39.400000000000006 7 22.200000000000003 39.6 71.60000000000001 25.400000000000002 8.4 9.4 14.4 13 0.6000000000000001 0.2 0.6000000000000001 0 0 0 9.8 0.4 0.6000000000000001 0 0.4 13 25 0 0.6000000000000001 0 0 4.800000000000001 12.8 0.4 1.4000000000000001 0 0.6000000000000001 0 0.6000000000000001 0 0 0 0 0 0.4 0 0.6000000000000001 0 0.4 0 0 0 0 0 0 0 0 0 0 0 0 0 0 0 0 0 0 0 0 0 0 0 0 2.4000000000000004 0 2 3 2.8000000000000003 4 0 0.2 2 2.4000000000000004 0.2 2 0 0 0 1.2000000000000002 3.2 4.2 0 0 2 3.8000000000000003 2.2 0 0 0.8 0 0 0.4 0.2 2.2 0 1.4000000000000001 0.2 0 3.4000000000000004 0 2.2 2.8000000000000003 0 0 0 0 0 0 0 0 0 0 0 0 0 0 0 0 0 1 0 0 0.4 0 0.4 0 0 0.4 0 0 0 0.4 0 0 0 0 0 0 0 0 0 0 0 0 8.4 5.4 0.4 0.4 2.6 0 0 0 0 5 4.2 0 0 0 0.2 0 1.8 0 0 4 1.6 0 0 0 0 3.8000000000000003 3.8000000000000003 0 0 0 0 7.4 5.4 3 0.8 0 0 1.8 1.8 0 0 0 0 0 0 0 0 0 0 0 0 0 0 0 0 0 0 0 0 0 0 0 0 0 0 0 0 0 0 0 0 0 0 2.2 0.2 0 0 16.2 0 0 0 0 0 0 0 0 0 0 0 3.8000000000000003 0 0 0 0 0 0.4 0 0 0 0 0.2 0 0 0 2.8000000000000003 0 0 0 0 
 0 0 0.2 0 0.2 0 0 0 0 0 0 0.2 0 0 0.2 0 0 0 0 0 9.4 20.6 56 24.400000000000002 7.4 17.6 8.4 47.2 35.4 12.8 39.400000000000006 0 5.4 8.6 34.800000000000004 41.6 21.6 46.800000000000004 6.800000000000001 5.6000000000000005 0.2 0.6000000000000001 13 0.6000000000000001 0 0 12.4 13 12.600000000000001 17 0 0.2 6.4 5.800000000000001 0 0.6000000000000001 0 0 0.6000000000000001 4.6000000000000005 11.200000000000001 0 0 0.6000000000000001 0 0.6000000000000001 0 0 0 0 0 0.6000000000000001 0 0.6000000000000001 0 0.6000000000000001 0 0 0 0 0 0 0 0 0 0 0 0 0 0 0 0 0 0 0 0 0 0 0 0 0 0 0 2 1.8 3.8000000000000003 0.4 0 6.2 3.4000000000000004 2.2 2.2 0 0 0 0.4 3.2 2.4000000000000004 0 0 0.2 0 6.4 0 0 0 0 0 0 1.4000000000000001 0 0.2 2 2.2 0 0 0 0.8 0 4.2 0 0 0 0 0 0 0 0 0 0.4 0 0 0 0 0 0 0 0 0 0 0 0 0 0 0 3 0 0 0 0 0 0 0 3.2 0 0 0 0 0.2 0 0 2.8000000000000003 0 10 0.2 0.2 0 0 1.6 0 6 8.8 0 0 0 0 0 1.6 0 0 9.4 1.8 0 0 0 0 8.4 2.8000000000000003 0 0 0 0 6.800000000000001 4.6000000000000005 3.4000000000000004 3.6 0 0 2.6 7.800000000000001 0 0 0 0 0 0 0 0 0 0 0 0 0 0 0 0 0 0 0.4 0 0 0 0 0 0 0 0 0 0 0 0 0 0 0 3 0 0 0.2 15.4 0 0 0 0 0 0 0 0 0 0 0 2.4000000000000004 0 0 0 0 0 0 0 0 0 0 8.200000000000001 0 0 0 2 5.800000000000001 0 0 0 
