 0 34.4 73.2 12 8.4 50.800000000000004 38.800000000000004 32 15.600000000000001 18.6 3.8000000000000003 9.600000000000001 14.4 11.200000000000001 70.4 27 8.8 8.6 8.200000000000001 10.200000000000001 0 0.8 0 0.8 0.6000000000000001 0 0.6000000000000001 0.2 0.4 0.4 0.4 0 0 0 0.2 0 0 0 0 0 0 0 0.6000000000000001 0 0.4 0.6000000000000001 0.4 0 0 0.6000000000000001 0 0 0 0 0 0.6000000000000001 0 0 0 0.6000000000000001 0 0 0 0 0 0 0 0 0 0.8 0 0 0 0.2 0 0.4 0 0 0 0 0 3.8000000000000003 6.800000000000001 0 0 0 8.200000000000001 6.4 2.2 0 0 0 5.2 13 2 1.4000000000000001 6.6000000000000005 0 6.2 7 0 0 0 0 0 0 0 0 0 0 0 0.4 0 0 0 0 0 0.2 0 1.4000000000000001 0 3 0 0 0 0 0 0 0 0.4 0 0 3 0 0 0 0 0 0 0 0 0 0 0 0 0 0 0 0 0 0 0 0 0 0 2 0 0 0 0 0 2.4000000000000004 3.2 2 0.2 0.2 0.6000000000000001 3.2 3 0 3 1.8 5 2.8000000000000003 2.6 2.2 4.4 6.6000000000000005 4 4.4 0.2 0 0 0 0 0 0 0 0 0 0 0 0 0 0 0.2 0.2 0 0 0 0 0 0 0 0 0 0.2 0 0 0 0 0.2 0 2.2 0 0 0.4 0 0 0.2 0 0 0 2.6 0 0 0 0 0 0 0 0 0.4 0 0 0 0 0 0.2 0 0 0 0 0 0 0 0 0 0.4 0.2 0 1 0 0 0 0 0 0 0 0 0 0 0 0 0 0 0 0 0 0.2 0 0 0 0.4 0 3.4000000000000004 0 0 0 0 0 0 0 0 0 0 0 0 0 0 
 34.4 0 31.6 67.8 23.8 23.6 42.800000000000004 35.2 52.2 5 16.2 6.4 49.6 11.600000000000001 30 8.4 14.8 5.800000000000001 6.800000000000001 52 0 0.4 0 1 0.4 0 0.6000000000000001 0.4 0.4 0 0 0 0.4 0 0 0 0 0.4 0 0 0 0 12.8 0 1.4000000000000001 1.8 0.4 0 0 0.6000000000000001 0 0.8 0.8 0 0 1.4000000000000001 0 0 0 0.6000000000000001 0 1 1 0.2 0 0 0 0 0 0 0 0 0 0.4 0 10 0 0.4 0 0 2.6 3.6 7 6.6000000000000005 0 0 2.6 0 6.2 5 0 1.4000000000000001 5.2 7.6000000000000005 2.6 3 0 6 0 3 0 0 0 0 0 0 0 0 0 0 0 0 0 1.6 0 0 4 0 0 0 0 0 0 0 0 0 0 0 0 0 0 0 0 0 0 0 0 0 0 0 0 0 0 0 0 0 0 0 0 0 0 0 0 0 0 0 0 0 0 0 0.2 1 0.2 2.2 2 2.2 5.4 1.6 0 0 4 0 2.4000000000000004 11 3.8000000000000003 2 4.4 0.6000000000000001 3.6 4.2 0 0 0.4 0 0 0 0 0 0 0 0 0 0 0 0 0 0 0 0 0 0 0 0 0 0 0 0 0 0 0 0 0 0 0 0 0 0 0 0 0 0 0 0 0 0 0 0 0 0 0 0 0.2 0 0 0 0 0 0 0 0 0 0 0 0 0 0 0.4 0 0.2 17.6 0.4 0 0 0 0 0 0 0.2 0 0.2 0 0 0 0 0 0 0 0 0 0 0 0 0 0 0 4.4 0 0 0 0 0 0 0 0 0 0 0 0 0 0 
 73.2 31.6 0 34 11.200000000000001 25.6 13 62.2 26.6 18.400000000000002 13.200000000000001 10.200000000000001 55.2 22.6 31.6 21.6 6 9 21.8 16.400000000000002 0 0.4 0 0.8 0.6000000000000001 0 0.4 0.4 0.4 0 0 0.4 0 0 0 0 0 0 0 0 1.2000000000000002 12.600000000000001 0.4 0 0.4 0.6000000000000001 1 0 0 0.6000000000000001 0 0 0 0 0 0.6000000000000001 0 0 0 0.6000000000000001 0 0.2 0 0 0 0 0 0 0 0 0 0 0.4 0.4 0 0 0 0 0 0 8.4 2 2.8000000000000003 3.8000000000000003 1.6 0 9.200000000000001 6.4 2.8000000000000003 16.8 0 5.2 7 2.8000000000000003 0 0 2 0 3.2 2.4000000000000004 0.2 0 0 0 0.2 0 0 0 0 0 0 0 0 0 0 0 0.2 0 0.4 1.2000000000000002 0 0 0.4 0 0.2 0 0 0 0 0 0 0 0 0 0 0 0 0 0 0 0 0 0 0 0 0 0 0 0 2.2 0 0 0 0 0 3.6 0 0 0 0 0 8 0 7.800000000000001 0 2.2 6.6000000000000005 7.800000000000001 7.800000000000001 2.2 12 0 1.8 8.4 1.4000000000000001 13.4 9.200000000000001 7.4 5.4 0.8 0 0 0 0 0 0 0 0 0 0 0 0 0 0 0 0 0 0 0 0 0 0 0 0 2.4000000000000004 0 2.6 0 0 0 0 0 0 0 0 0 0 0 0 0 0.2 0 0 0 0 0 0 0 0 0 0 0 0 0 0 0 0 0 0 0.4 0 3.2 0 0 0.2 0.2 0.6000000000000001 0 0 0.2 0 2.4000000000000004 0 0 0 0 0 0 0 0 0 0 0 0 0 0 0 0 0 0 0 0 0 0 0 0 0 1.6 0 0 0 0 0 0 0 0 0 0 0 0 
 12 67.8 34 0 49.400000000000006 26.200000000000003 13.200000000000001 79.2 35.2 14.8 15.4 96.80000000000001 23.6 18 83.4 71.60000000000001 42.6 109.2 15.4 29.200000000000003 0 0.4 0 42.800000000000004 0.8 0 0.4 0.4 0.4 14 0 0 0 41.800000000000004 0.4 14.8 0 0 14.8 0 0 0 0.4 0 0.4 0.6000000000000001 0.4 0 0 0.6000000000000001 0 0 0 0 0 0.6000000000000001 0 0 0 0.6000000000000001 9.4 0.6000000000000001 0.2 0 6.6000000000000005 0 0 0 0 0 0 0 0 0.6000000000000001 0 0.8 0 0 0 0 2.8000000000000003 4 2.6 16.6 6.2 0 0.2 2.2 11.200000000000001 3.8000000000000003 5.800000000000001 5.800000000000001 0 4.6000000000000005 5 0 2.2 1.8 0 0 3.4000000000000004 0 0 0 0.4 0 3 0 0 0 0 0 2.2 1.4000000000000001 0.2 0 0 0 0.2 5.2 0 0 0 3.2 0 0 0 0.2 0 0 0 0 0 0.4 3.6 0 0 0 0 2.4000000000000004 0 0 0 0 0 0 0.2 0 0 0 0 0 4 0.4 0 0.2 0 0 0 0 3.4000000000000004 7.6000000000000005 1.6 2.4000000000000004 2.4000000000000004 6.2 2.6 4.4 3.2 2.2 3.2 2 0.4 5 2 6.6000000000000005 7 4 0 0 0.2 0 0 0 0 2 2.8000000000000003 0 0 0 0 0 3.8000000000000003 2.8000000000000003 0.2 0 0 0 3.8000000000000003 1.8 0 0 0 0 0 0 0 0 0 0 0 0 0 0 0 0 0 0 0 0 0 0 0 0 0 0 0 0 0 0 0 0 0 0 0 0 0 0 0 0 0 0 0 0 0 0.6000000000000001 0 0.4 0.6000000000000001 19.8 0.4 0.8 0 0 0 0 0 0 0 0 0 0 1.8 0 0 0 0 0 0 0 0 0 0 0 0 6.2 0.2 6.2 0 0 0 0 0 0 0 0 0 0 0 0 
 8.4 23.8 11.200000000000001 49.400000000000006 0 74.8 8.4 32 64.4 14.200000000000001 37.6 28 32.4 74.4 39.2 19.8 44 17.2 52.6 65.8 15 0.4 0 0.8 0.4 0 15.200000000000001 0.2 0.4 0 23.6 0.8 0.2 14.600000000000001 0 13.600000000000001 0 0 0 15.4 0 0 0.6000000000000001 0 0.4 1.2000000000000002 0.4 0 0 0.6000000000000001 0 0 0 0 0 1.2000000000000002 1 1.2000000000000002 0 0.6000000000000001 0 0 0 0 0 0 0 0 0 0 0 0 0 0.2 0 0 0 0 0 0 4.4 0.2 2.2 0.2 6.2 1.8 3 2.4000000000000004 2.4000000000000004 2.4000000000000004 0 7.6000000000000005 0 0 2.6 11 0.2 4.6000000000000005 0 0.4 2.8000000000000003 0 1.8 0 0 0 0.8 0 5.6000000000000005 0 0 0.2 4 2.8000000000000003 3.8000000000000003 3.4000000000000004 0 0 3.2 3.8000000000000003 0 0 0 0 2.8000000000000003 1.6 0 0 0 2.8000000000000003 0 0 0 0 2.8000000000000003 0 0 0 0 0 0 0 0 0 0 0 0 0 0 4.800000000000001 0 0 0 0 0 0.4 0 0 0 0 0 11.200000000000001 2.4000000000000004 1.4000000000000001 8.4 8.200000000000001 2.2 2 6.4 0.4 7.800000000000001 3.8000000000000003 1.4000000000000001 3.6 0 2 2.8000000000000003 3.4000000000000004 0 0 9.4 0 2 0 1.6 0 3.4000000000000004 3.2 0 1.8 0 0 0 2.8000000000000003 0 0.4 0.4 0 4.6000000000000005 0.6000000000000001 0 0 0 0 0 0 0.4 0 0 3 0 0.4 0 0 0 0 0.2 0 0 0.4 0 0 0 0 0 0 2.4000000000000004 0 0 0 1.8 0 0.2 0 0 0 0 0 0.4 0 0 0 0 0 0 0.4 0.6000000000000001 0.4 18.2 9.600000000000001 0.4 1.2000000000000002 0 0 0.4 0.2 0 0 0 0 1.8 0 0 0.4 0 0 0 0 0 0.4 0 0 0 0.2 0 0 2.8000000000000003 1.8 0 0 0 0 0 0 0 0 0 0 0 0 
 50.800000000000004 23.6 25.6 26.200000000000003 74.8 0 7.6000000000000005 10.4 10 72.60000000000001 15.600000000000001 67.60000000000001 51.6 39 13 34.4 28.8 9.600000000000001 52.6 11.200000000000001 0 5.4 14.8 1 0.4 0.8 5.2 0.2 0.4 0 0 0.4 0 14.8 0 16 0 0.4 30 15 0 1 1 0 0.4 0.6000000000000001 0.4 0 0 0.6000000000000001 0.4 0 0 0 0 1.2000000000000002 0.6000000000000001 0 0 1 0.6000000000000001 1 0 0 0 0 0 0 0 0 0 0 0 1 0.2 0.8 0 0 0 0 0 0 0 0.2 5 5.800000000000001 0 0 4.6000000000000005 0 6.4 3.2 0 0 0 0 0 0 0 0 2 0.2 2.8000000000000003 0 0 0 0 0 0.2 2.4000000000000004 0 0 4.4 6.4 3.6 1 7.2 2.2 6.800000000000001 5 0 0.2 0 0 0 0 0.4 0 0 0 0.4 0 0 0 0 0 0 0 0 0 0 0 0 0 1.4000000000000001 0 0 0 0 0.2 2 0 0 0 0 0 0 0 0 0 0 0 0 7.800000000000001 3.8000000000000003 0.4 2.8000000000000003 0 6.4 3.6 4.800000000000001 6.4 0 0 0 0 0 1.2000000000000002 0 0 3 0 5.2 0 0 0 0.2 6 0 0.6000000000000001 1.8 1.4000000000000001 0 9 7.800000000000001 2 0 4.2 7.4 8 0 0 0.2 0 0 0 0 0 0 0 0 0 0 0 0 0 0 0 0.2 0 0 0 0 0 0.2 0 0 0 0 0 0 0 0 0 0.4 0 0 0 0 0 0 7.6000000000000005 0 0 0 0 44.400000000000006 0.6000000000000001 0 9.200000000000001 0.2 1.4000000000000001 0 0 0 0 0 0 0 0 1 0 0 0 0 0 0 0 0 0 0 0 0 0 0 0.8 0 0 0 0 0 0 0 0 0 0 0 0 0 0 
 38.800000000000004 42.800000000000004 13 13.200000000000001 8.4 7.6000000000000005 0 78.4 25.400000000000002 43.400000000000006 4.6000000000000005 9.4 30 29.400000000000002 59.6 100.80000000000001 7.6000000000000005 12.8 6 29.8 0 0.4 0 0.8 0.8 0 0.6000000000000001 0.4 0.4 0 0 0.2 0.4 0 0 0 0 0 0 0 0 0 0.6000000000000001 0 0.4 0.6000000000000001 0.4 0 0 0.4 0 0 0 0 0 0.6000000000000001 0 0 0 0.6000000000000001 0 0 0 5.2 0 0 0 0 0 9.4 0 0 0 0 0 0 0 0 0 0 2.8000000000000003 7.800000000000001 4.2 6.2 0 3.2 0 3.6 7.2 0.8 2 1.8 0 10.4 5.4 3.2 4.2 2 4.2 0 0.4 0 0 0 0 0 0 0 4.4 0 0 5.4 0 0 0 0 0 0 0 0 0 0 0 0 0 0 0 0 0 0 0 0 0 0 0 0 0 0 0 0 0 0 0 0 0 0 0 0 0 0 0 0 0 0 0 0 0 0 0 0 3.2 0 3.6 2.6 0 0.8 3.2 6.2 0 5.4 0 1.6 2.8000000000000003 6.2 8 0 5.4 0.8 0 0.2 0 0 0 0 0 0 0 0 0 0 0 0 0 0 0 0 0 0 0 0 0 0 0 0 0 0 0 0 0 0 0 0 0 0 0 0 0 0 0 0 0 0 0 0 0 0 0 0 0 0 0 0 0 0 0 0 0 0 0 0 0 0 0 0 0 0.4 0 0 0.6000000000000001 0 0 0.4 3.4000000000000004 0 0 0 0 0 0 0 0 0 0 0 0 0 0 0 0 0 6.6000000000000005 0 0 0 0 2.2 0 0 0 0 0 0 0 0 0 0 0 0 0 0 
 32 35.2 62.2 79.2 32 10.4 78.4 0 16.8 10.600000000000001 23.400000000000002 23 50.2 15 52.6 9.4 16.8 35.800000000000004 12.200000000000001 10.4 0 0.4 0 0.8 0.8 0.4 0.6000000000000001 0.4 0.4 0 0 0 0.2 0 0 0 0.4 0.2 0 0 0 0 0.6000000000000001 0 0.4 0.6000000000000001 0.4 0 0 0.6000000000000001 0 0 0 0 0 0.6000000000000001 0 0 0 14.600000000000001 0 0 1 1 0 0 0 0 0 0 0 0 0 0 0 0 0 0 0 0 7 0 5.4 4.6000000000000005 6.4 2.2 5.2 2 3.2 3.2 0.6000000000000001 1.6 3 8.200000000000001 7.800000000000001 0 0.2 2.6 2 0 0.4 0 0 0 0 0 2.4000000000000004 3 0 0 0 0 0 0.2 0.2 0 0 0 0.6000000000000001 2.4000000000000004 0 0 0 0 0.2 0 0 0 0 0 0 0 0 0 0 0 0 0 0 0 0 0 0 0 0 0 0 0 0 0 0 0 0 0 0 0.2 0 2.8000000000000003 0 0 3.2 4.4 3.8000000000000003 10.200000000000001 1 6.4 5 4.6000000000000005 2.4000000000000004 0 0.2 0.2 0.6000000000000001 1.4000000000000001 1.4000000000000001 7.4 2.2 4.2 7 0.4 0 0 0 0 0 0 2.4000000000000004 0 0 0 0 0 0 2.6 0 1.8 0 0 0 0.4 0 0 0 0 0 0 4.6000000000000005 0 0 0 0 0 0 0 0 0 3.8000000000000003 0 0 0 0.2 0 0 0 0 0 0 0 0 0 0 0 0 0 0 0 0 0 0 0.4 0 0 0 0 0 0.8 0 0.4 0 0.4 0 2.2 3 0 0 0 0 0 0 0 0 0 3 0 0 0 0 0 0 0 0 0 0 0 0 4.4 0 3 0 0 0 0 0 0 0 0 0 0 0 0 
 15.600000000000001 52.2 26.6 35.2 64.4 10 25.400000000000002 16.8 0 18.2 29 7.4 35.6 42.2 28 38.2 20.8 20.400000000000002 41.800000000000004 22.8 0 0.4 0 0.8 0.4 0.4 1 0 0.4 0 0 0 0 0 0 0 0 0 0 0 0 0 0.6000000000000001 0 0.4 0.6000000000000001 0.4 0 0 0.4 0 0 0 0 0 0.6000000000000001 0 12.200000000000001 0.4 0.6000000000000001 0 0 0 0 0 0 0 0 0 0.6000000000000001 0 0.2 0 0 0 0 0 0 0 0 0 4.4 2.2 0 3.6 0 9.8 3.8000000000000003 1.8 3 0.4 1.8 4.800000000000001 4.2 3.4000000000000004 3 7.800000000000001 0.2 1.4000000000000001 2.8000000000000003 0 0 0 0 0 0 0 0 0 0 0 0 0 0 0 0 0 0 0 1.8 0 0 0 0 0 0 0 0 0 0 0 0 0 0 0 0 0 0 0 0 0 0 0 0 0 0 0 0 0 0 0 0 0 0 0 3 0 0 0 0 3.8000000000000003 5 5.6000000000000005 0 0 0.8 8 3.2 3.6 0 4.6000000000000005 1.8 1.8 2.8000000000000003 0 6.2 7.2 2.4000000000000004 0 2.4000000000000004 0 0.4 0 0 0 0 0.4 0 0 0 0 0 0 0 0 0 0 0 0 0.8 0 0 0 0 0 0 0 0 0 0 0 0 0 0 0 0 0 0 0 0 0 0 0 0 0 0 0 0 0 0 0 0 0 0 0 0 0 0 0 0 0 0 0 0 0 0.2 0 0.2 0.2 0.2 0.4 0.6000000000000001 0 0 0 0 0 0 0 0 0 0.4 7.6000000000000005 0 0 0 0 0 0 0 0 0 0 0 0 3.8000000000000003 0 0 0 0 0 0 0 0 0 0 0 0 0 0 
 18.6 5 18.400000000000002 14.8 14.200000000000001 72.60000000000001 43.400000000000006 10.600000000000001 18.2 0 11.8 6 15.600000000000001 20.400000000000002 31.200000000000003 64.2 25.400000000000002 41 14.8 17.400000000000002 0 0.4 0 1.4000000000000001 0.4 0 0.6000000000000001 0 0.8 0 0 0 0 0.4 0 0 0 0 15 0 0 0.2 0.8 0 0.8 0.6000000000000001 0.4 0 0 0.6000000000000001 0 0 0 0 0 0.6000000000000001 0 0 0 0.6000000000000001 0 0 0.2 2.6 0 0 0 0 10.600000000000001 1.2000000000000002 0 0 0 0.2 0 0.2 0 0 0 0 4.800000000000001 4 3.6 0 0 2.8000000000000003 6.4 2.6 5 2.8000000000000003 0.4 0.4 0 0 0 2.2 7 7.800000000000001 0.2 0 0 0 0 0.2 0 0 0 0 0 0 0.2 0 0 0 0.4 0 0.6000000000000001 0 0 1.6 0 0 0 0 0 0 0 0 0 0 0 0 0 0 1 0 0 0 0 0 0 0 0 0 0 0 0 0 0 0 0.4 0 0 0 0 1 0 0 0 0.2 2.6 0 3.2 2.2 0 0.2 1.6 4.800000000000001 2.2 2.2 5.6000000000000005 2.8000000000000003 6 5.2 2.6 0.2 3.6 4.2 0 3.2 0 0 0 0 0 0 0 1.6 0 7.4 0 0 4 0 0 0 0 0 0 0 0 0 0 0 0 0 0 0 0 0 0 0 0 0 0 0 0 0 0 0 0 0 0 0 0 0.2 0 0 0 0 0 0 0 0 0 0.2 0 0 0 0 0 2 0 0 0 0 0.4 0 0 0.4 0 3.4000000000000004 4.6000000000000005 0 0 0 0 0 0 0 0 0 0.2 0 0 0 0 0 0 0 0 0 0 0 0 3 3.4000000000000004 0 0 0 0 0 0 0 0 0 0 0 0 0 
 3.8000000000000003 16.2 13.200000000000001 15.4 37.6 15.600000000000001 4.6000000000000005 23.400000000000002 29 11.8 0 9.200000000000001 58 27.200000000000003 28.6 17 38.400000000000006 78.4 48 33.800000000000004 0 0.4 0 1 0.4 0 0.4 0.4 0.4 0.2 0 0 3.4000000000000004 6.800000000000001 0 16.2 0 0 0 0.2 0 0 0.6000000000000001 0 0.4 0.6000000000000001 7 0 0 0.6000000000000001 0 0 0 0 0 0.6000000000000001 0 6.4 0 8.200000000000001 0 0 0 0 0 0 0 0 0.2 0 0 0 0 0 0 0.4 8.4 0 0 0 0 2 2.6 6.6000000000000005 0 1.8 0 3.6 5.6000000000000005 0.6000000000000001 5.2 4.6000000000000005 2.2 3.8000000000000003 3.8000000000000003 0 0 0 5.800000000000001 0 0 0 0 0 0 0 0 0 2.2 0 0 0 0 0 6.6000000000000005 2.8000000000000003 0 0 5 0 0 0 0 0 0 0 0 0 0 0 0 0 0 0 0 3 0 0 0 0 0 0 0 0 0 0 0 0 0 0 0 0.2 0 0 0 0 0 0 0.4 0 2.6 3.6 0 0 2.4000000000000004 0.4 0 3.4000000000000004 0 3 1 0.2 0 3.8000000000000003 2 0 4 0 0 0.2 1.6 0 0 0 0 0 0 4.2 0 0.2 0 0 0 3 2.8000000000000003 0 0 2.8000000000000003 0 1.8 0 0 0 0 0 0 0 0 0 0 0 0 0 0 0 0 0 0 0 0 0 0 0 0 0 3.2 0.4 0 0 0 0 0 4.4 0 0 0 0 0 0 0 0 0 0 0 0 0 17.400000000000002 0 0.6000000000000001 0.4 0 2 0.4 0 0 0 0 0 0 0 0 0 0 0 0 0 0 0 0 0 0 0 0 0 0 0 0 0 0 0 0 0 0 0 0 0 0 0 0 0 
 9.600000000000001 6.4 10.200000000000001 96.80000000000001 28 67.60000000000001 9.4 23 7.4 6 9.200000000000001 0 8.6 19.8 69.2 15.200000000000001 14.200000000000001 16 7.800000000000001 18.2 14.8 7 0 0.6000000000000001 0.4 0 0.2 16 0.4 0 19.200000000000003 0.2 0 14.8 15.4 0.4 19.200000000000003 0 14.600000000000001 11.4 0 0 0.6000000000000001 0 0.4 0.6000000000000001 0.4 0 0 0.6000000000000001 0 0 0 0 0 0.6000000000000001 0.2 3 0.6000000000000001 0.6000000000000001 0 1.2000000000000002 0 0 0 1.2000000000000002 0 0 0 0 0 0 0 0.2 1.4000000000000001 0.8 0 0 0 0 0 0 0 7.800000000000001 6.800000000000001 5.800000000000001 0 0 0.4 0 5 3.8000000000000003 0 0 0 0 0 2.6 0.2 0 9.8 2.2 4.6000000000000005 4 0 0 7.4 0 3.6 7 1.6 0 10.4 0.2 0 5 1.8 4.4 7.800000000000001 3.4000000000000004 0 0 0 0 0 0 0 0 0 0 0 0 0 0 0 0 0.2 0 0 1.6 0.4 0 0 0 0 0 0 0 0 2.8000000000000003 0 0 0 0 0 0 0 0 0 0 0 2.8000000000000003 0 11.200000000000001 3 3 0 0 3.4000000000000004 2.8000000000000003 1.6 4.6000000000000005 0 0 0 2.6 0 0 0 1.4000000000000001 3 2.8000000000000003 1.8 0.2 0.2 0 11.4 7.4 0 4 0 0 4.2 4.2 10.4 2.2 5.6000000000000005 0 2.8000000000000003 3.2 0 0 0 0 0.2 0 0 0 0 0 0 0 0 0 0 0 0 0 0 0 0 0 7.6000000000000005 0 0 0 0 0 0 0 0 0 0 0 0 0 0 0 0 0 0 2.8000000000000003 0 0 0 0.6000000000000001 0.6000000000000001 0 0.8 17.400000000000002 0 2.2 0 0 0 0 0 0 0 0 0 0 0 0 0 0 0 0 18.8 0 0 0 0 0 0 0 0 0 0 0 0 0 0 0 0 0 0 0 0 0 
 14.4 49.6 55.2 23.6 32.4 51.6 30 50.2 35.6 15.600000000000001 58 8.6 0 55.400000000000006 34.4 26.8 6.4 8 79 43 0 0.4 0.6000000000000001 1.2000000000000002 0.4 1.4000000000000001 0.8 0.4 0.4 0 0.2 0 0.4 0.2 0.4 0 0.4 0.8 0 0 1.2000000000000002 0 0.6000000000000001 0.6000000000000001 0.4 1.8 1 0 0.6000000000000001 0.6000000000000001 0 0.8 1.4000000000000001 0 0.6000000000000001 2 0 0.2 0 0.6000000000000001 0 0 0 0.2 1.2000000000000002 0.4 0 0 0 0 0.4 0.4 10.8 0 0 0.2 0.4 1.6 0 0 2 6.2 4.6000000000000005 8.4 0 0 5 6.2 9.200000000000001 4 0 2.6 4.6000000000000005 26.200000000000003 4.800000000000001 3.4000000000000004 0 0 8.200000000000001 0.2 0 0 0 0 0 0 0 0 0 0 0 0 0 0 2.6 0 0.2 0 0 0 0 0 0 0 0 0 0 0 0.4 0 0 0 0 0 0 0.4 0 0 0 0 4.4 0 0.4 0 0 0 0 0 0 0 0.2 0 0 0 0 0 0 0 0 0 2 1.2000000000000002 0 0 0 0.4 8.200000000000001 3.2 0 0 0 0 3.6 17.400000000000002 7.6000000000000005 0 8 0.2 0.6000000000000001 2.4000000000000004 0 0 0 0 0 0 0 0 0 0 0 0 0 0 0 0 0 0 0 0 0 0 0 0 0 0 0 0 0 0 0 0 0 0 0 0 0 0 0 0 0 0 0 0 0 0.4 0 0 0 0 0 0 0 0 0 0 0 0 0 0 0 0 0 0 0 0 0 0.4 0.4 0 0.4 0.4 0 0 0 0 0 0 0 0 0 0 0 0 0 0.2 0 0 0 0 0 0 0 0 0 0 0 0 0 0 0 0 0 0 0 0 0 0 0 0 
 11.200000000000001 11.600000000000001 22.6 18 74.4 39 29.400000000000002 15 42.2 20.400000000000002 27.200000000000003 19.8 55.400000000000006 0 95.2 15.8 16.8 8.4 48.800000000000004 71.60000000000001 0 1.2000000000000002 0.6000000000000001 1.4000000000000001 0.4 0 1 0.4 1.2000000000000002 0.6000000000000001 0 0 0 0.2 0 0 0.4 0.8 0 0.6000000000000001 0.6000000000000001 0 1 5.800000000000001 0.4 0.6000000000000001 1 0.6000000000000001 0 0.6000000000000001 0 0 0 0 0 0.6000000000000001 0.6000000000000001 0 0.6000000000000001 0.6000000000000001 0.4 0.4 0 0 0 0.4 0.4 0.4 0 0.6000000000000001 0 0 0 0.6000000000000001 0.4 0 0 0 0 0 1.8 4 0 2.2 4.800000000000001 0 0 4.2 2.4000000000000004 10.200000000000001 0.2 3.8000000000000003 7.800000000000001 7.800000000000001 2.2 3.8000000000000003 4 0.6000000000000001 3.4000000000000004 2.4000000000000004 0 0 0 0 0 0 0 0 1.6 0 0 0 0 0 0 0 0 0 0 0 0 0.4 0 0 0 0 0.2 0 0 0 0 0 0 0 0.2 0 0 0 0 0 0 0 0 0 0 0 0 0 0 0 0 0 0 0 3 0 0 0 0 0 0 5.800000000000001 0.2 0 3.4000000000000004 3.2 5 0 4 0 1 2.6 0 7.2 0.2 1.2000000000000002 6.4 0 1 0 0 0 0 0 0 0 1.8 0 0 0 0 0 1.6 0 0 0 0 0.2 0 0.4 0 0 0 0 0 0 0 0 0 0 0 0 0 0 0 0 0 0 0 0 0 0 0 0 0 0 0 0 0 0 0 0 0 0 0 0 0 0 0 0 0 0 0 0 0 0 0 0.2 9.4 0 0.4 2.2 0 0 0 0 0 0 0 0 0 0 0 0 0 0 0 0 0 0 0 0 0 0 0 0 2 0 0 0 0 0 0 0 0 0 0 0 0 0 
 70.4 30 31.6 83.4 39.2 13 59.6 52.6 28 31.200000000000003 28.6 69.2 34.4 95.2 0 14.600000000000001 9.8 31.6 7.800000000000001 78 0 0.4 0 1 0.4 0 0.4 0.4 0.4 0 0 0 0 0 0.8 0 0 0 0 0.4 0 0 0.4 0 0.4 0.6000000000000001 0.4 0 0 0.6000000000000001 0 0 0 0 0 0.6000000000000001 12.4 0 0 0.6000000000000001 0 1.4000000000000001 0.4 0.6000000000000001 0 0.6000000000000001 0 0 0 0 0 0 0 0.6000000000000001 0 0 0 0 0 0 8.4 5.2 2.6 7.4 2.8000000000000003 2.4000000000000004 0.2 4.800000000000001 5.2 4.4 0.2 7.2 0 9.200000000000001 4.4 0 0 2.8000000000000003 1.4000000000000001 0 0 0 0 0 0 0 4 0 0 0 1 0 0 0 0 0 0 0 0.2 0.2 0 0 0 0 0 0 0 0 0 0 0 0 0 0 0 0 0 0 0 0 0 0 0 0 0 0 0 0 0 0 0 0 0 0 0 0 0 0 0 0 0.6000000000000001 2.2 1.8 5 0 5.800000000000001 2 4.2 3.4000000000000004 4.2 0 0 3.2 6.4 1.4000000000000001 2.2 5 0.4 0.2 5.4 0.2 0 0 0 0 0 3.8000000000000003 0.2 0 0 0 0 0 3 0 0 0 0 0 0 0 0 0 0 0 0 0 0 0 0 0 0 0 0 0 0 0 0 0 0 0 0 0 0 0 0 0 0 0 0 0 9.8 0 0 0 0 0 0 0 0 0 0 0 0 0 0.4 0.2 0 0.8 0.4 0 2 3.6 0 0 0.4 0 0 0 0 0 0 0 0 0 0 0 0 0 0 0 0 0 0 7.6000000000000005 2.6 0.2 2.6 0 0 0 0 0 0 0 0 0 0 0 0 
 27 8.4 21.6 71.60000000000001 19.8 34.4 100.80000000000001 9.4 38.2 64.2 17 15.200000000000001 26.8 15.8 14.600000000000001 0 14 60.400000000000006 8 10.200000000000001 0 0.4 0 0.8 0.4 0 0.2 0.2 0.4 0 0 0 0 0 0 0 0 17 0.4 6.2 0 0 0.4 0 0.4 0.6000000000000001 0.4 0 0 0.6000000000000001 0 0 0 0 0 0.6000000000000001 0 0 0 0.6000000000000001 0 0.4 0 0.4 0.2 0 0 0 0 0 0 0 0 0.6000000000000001 0 0.4 0 0 0 0 0 3.4000000000000004 9.4 0 0.2 2 2.4000000000000004 0 2 2.4000000000000004 6.4 1.8 0 3 0 8.200000000000001 9.200000000000001 3.4000000000000004 0 0 3.6 0 0 0 0 0 0.4 0.4 0.6000000000000001 0 0 0 4.4 0 0.4 0 0.2 0 0 7.2 0 0 0.4 0 0 0 0 0.4 0 0 0 0 0 0.2 0 0 0 0 0 0 0 0 0 0.4 0 0 0.4 0 0 0 0 0 0 0.2 0 0 0 0 0 0 2.8000000000000003 1.2000000000000002 4.2 0 0 0 0 0 4.800000000000001 17.8 3.8000000000000003 3.2 1.4000000000000001 5.2 7.2 0 4.800000000000001 2.8000000000000003 0 2.6 1.6 0 0 0 0 0 0.2 3 0 0 0 0 0 2.8000000000000003 2.2 0 0 0 0 0 0 0 0 0 0 0 0 0 0 0 0 0 0 0 0 0 0 0.4 0 6.800000000000001 0 0 0 0 0 0 0 0 0 0 0 0 0 0 0 0 0 0 0 0 0 2.4000000000000004 0 0 0 0.8 0.6000000000000001 0 0.2 17.6 10.8 2.2 0 0 0 0 0 0 0 0 0 0 0 0 0 0 0 0 0 0 0 0 0 0 0 2 0 0 0 0 0 0 0 0 0 0 0 0 0 0 
 8.8 14.8 6 42.6 44 28.8 7.6000000000000005 16.8 20.8 25.400000000000002 38.400000000000006 14.200000000000001 6.4 16.8 9.8 14 0 16.6 46 21.8 0 0.4 0 1 0.4 0 0.4 15.4 0.4 41.400000000000006 0 0.4 2.8000000000000003 0 0 0 0 0 7 0 0 0 0.6000000000000001 0 0.4 0.6000000000000001 0.4 0 0 0.4 0 0 0.2 0 0 0.6000000000000001 0 0.4 0 0.6000000000000001 0 0 0.2 10 1.6 0 0 0 0 0 0 0.6000000000000001 0 0 0 0 0 0.4 0 0 2 7.4 0.4 0 2.4000000000000004 0 0 0 9.4 0 8 2.2 2.8000000000000003 3.6 7.4 3 0 1.6 1 0 0.2 0 0 0 0 0 0.2 0 0 1.8 0 0 3 1.4000000000000001 1.6 0 0 0 4.4 2.2 0 0 0 0 0 0 0 0 0 0 0 0 0 0 2.2 0 0 0 0 0 0 1 0 2.2 0 0 0 0 0 0 0 0 0 0 0 0 0 0 0 0 3.4000000000000004 4.6000000000000005 1.4000000000000001 0 8.4 3.6 2.4000000000000004 0 0 4 3.6 3.6 0 3.6 0 3.4000000000000004 7.2 1.6 0 5.4 3.6 0 1.4000000000000001 0 0 0 2.4000000000000004 4.6000000000000005 3.2 0 0 0 2.4000000000000004 0.2 2.6 0 0 3.4000000000000004 0 2.4000000000000004 0 0 0 0 0 0 0 0 0 0 0 0 0 0 0 0 0 0 0 0 0 0 0 0 0 0 0 0 0 0 0 0 0 0 0 0 0 0 0 0 0 0 0 0 0 0 17 0.2 9.200000000000001 34 0.4 1.6 0 0 0 0 0 0 0 0 0 0 3 0 0 0 0 0 0 0 0 0 0 0 0 2.8000000000000003 3.8000000000000003 0 0 0 0 0 0 0 0 0 0 0 0 0 
 8.6 5.800000000000001 9 109.2 17.2 9.600000000000001 12.8 35.800000000000004 20.400000000000002 41 78.4 16 8 8.4 31.6 60.400000000000006 16.6 0 6.2 6 0 0.4 0 0.6000000000000001 0.4 0 0.4 0.6000000000000001 0.4 0 0 0 4.4 0 0 0 0 0 0.6000000000000001 5.800000000000001 0 0.4 0.4 0 0.4 0.6000000000000001 0.4 0 0 0.6000000000000001 0 0 0 0 8.200000000000001 0.6000000000000001 0 0 0 0.6000000000000001 0 0.4 0 1 0 0 0 0 0.2 0 0 0 0 0.6000000000000001 0 0.2 0 0.4 9.4 0 0.8 0.8 2.4000000000000004 0.4 0.4 4.2 2.8000000000000003 0 0.2 0 12.4 0 2.8000000000000003 0 3.6 0.2 2.4000000000000004 4.800000000000001 1.2000000000000002 0 1.6 4.4 1.4000000000000001 0 0 0 0 0.4 0 0 0 0 2.4000000000000004 0 1.6 0 0 0 2.6 0 0 0 0 0 0 0 0 0 0 0 0 0 0 0 0 0 0 0 0 0 0 0 0 0 0.2 0 0 0.4 0 0 0 0 0 0 0 0 0 0.2 0 0 8 3.4000000000000004 4.6000000000000005 0.2 3 0 0 0.2 3.8000000000000003 8.8 0.8 0 0 0.2 0 2.4000000000000004 0 0.2 0 0.2 6.800000000000001 0 0 0 0 4.800000000000001 0 4.6000000000000005 0 0 0 0 0.2 2 7 0 0 4 0 2.4000000000000004 0 0 0 0 0 0 0 0 0 0 0 0 0 0 0.4 0 0 0 0 0 0 0 0 0 0 0 0 0 0 0 0 0 0 0.4 0 0 0 0 0 0 0 0 0 0 0 0 19 0.4 0.8 17.400000000000002 3 2.4000000000000004 2 0 0 0 0 0 0 0 0.2 0 3 0 0.2 0 0 0 0 0 0 0 0 0 0 0 0 0 0 0 0 0 0 5.800000000000001 2 0 0 0 0 0.4 
 8.200000000000001 6.800000000000001 21.8 15.4 52.6 52.6 6 12.200000000000001 41.800000000000004 14.8 48 7.800000000000001 79 48.800000000000004 7.800000000000001 8 46 6.2 0 43.400000000000006 0 0.4 0 0.8 0.4 0 1 0 0.4 0 0 0 0 0 0 0.2 0 0 0 0 0 0 0.6000000000000001 0 0.4 0.6000000000000001 0.4 0 0 0.6000000000000001 0 0 0 0 0 0.6000000000000001 0 0 0 0.6000000000000001 0 0.2 0 0 0 0 0 0 0 0.6000000000000001 0 0 0 0.4 0 0.4 0 0 0 0 0 2 0.8 0.4 4 0.2 0.2 1 0 5.4 0.2 1.8 5.2 4.2 0 0.4 1 0.2 1 6.2 0 0 0 0 0 0 0 0 0 0 0.4 0 0 0 0 0 0 0 0 0 0 0 0 0 0 0 0 0 0 0 0 0 0 0 0 0 0 0 0 0 0.8 0 0 0 0 0 0 0 0 0 0 0 0 0 0 0 0 0 0 0 0 4.2 0 0 0 1.2000000000000002 4 2 3.6 0 0 0.4 0 0 0.8 1.6 5.800000000000001 0 0.6000000000000001 0.2 0 0 0 0 0 0 0 0 0 0 5 0 0 0 0 0 0 0 0 0 0 0 0 0 0 0 0 2.8000000000000003 0 0 0 0 0 0 0 0 0 0 0.4 0 0 3.2 0.2 0 0 0 0 0 0.2 2.8000000000000003 0 0 0 2.2 0 0 0 0 0 0 0 0 0 0 0 0.4 0.2 0 0.4 0.2 0.4 2.2 0.4 0 0 0 0 0 0 0 0 0 0 0 0 0 0 0 0 0 0 1.8 0 0 0 0 0 0 0 0 0 0 0 0 0 0 0 0 0 0 
 10.200000000000001 52 16.400000000000002 29.200000000000003 65.8 11.200000000000001 29.8 10.4 22.8 17.400000000000002 33.800000000000004 18.2 43 71.60000000000001 78 10.200000000000001 21.8 6 43.400000000000006 0 0 0.4 0 0.6000000000000001 0.4 0 1.2000000000000002 0.6000000000000001 0.4 0 8 0.4 0 0 0 0 0 0 0 0 0 0 0.6000000000000001 0 0.4 0.8 0.4 0 0 6 0 0 0 0 0 0.6000000000000001 0 0 0 0.6000000000000001 0 0 0 0 0 0 0 0 0 1 0 0 0 1 0 7.6000000000000005 0 0 0 0 4 5 4.4 3.8000000000000003 3.8000000000000003 0 0 3.6 0 4.800000000000001 0.2 3.6 2.6 11 3.2 3.4000000000000004 2.2 0.2 1.8 2.6 0 0 0 0 0 0 0 0 0 0 0 0 0 0 0 0 0 0 0 0 0 0 0 0 0 0 0 0 0 0 0.4 0 0 0 0 0 0.6000000000000001 0 0 0 0.8 0 0 0 0 0 2.8000000000000003 0 0 0 0 0 0 0 0 0 0 0 0 0 0 4.4 0.2 0 4.4 3.6 5.800000000000001 3.8000000000000003 3.6 0 2.8000000000000003 0 7.4 3.8000000000000003 2.4000000000000004 2.8000000000000003 7.800000000000001 0 2.2 2.2 0 0 0 0 0 0 0 0 0 0 0 0 0 0 0 0 0 0 0 0 0 0 0 0 0 0 0 0 0 0 0 0 0 0 0 0 0 0 0 0 0 0 0 0.4 0 0 0 0 0 0 0 0 0 0 0 0 0 0 0 0 0 0 0 0 0 0 0 0.4 19.6 0 0 0.6000000000000001 0 0 0 0 0.4 0 0 0 0 0 0 0 0.4 0 0 0 0 0 0 0 0 0 0.2 0 4.2 0 0 0 0 0 0 0 0 0 0 0 0 0 
 0 0 0 0 15 0 0 0 0 0 0 14.8 0 0 0 0 0 0 0 0 0 14.200000000000001 52.400000000000006 23.400000000000002 21.400000000000002 12 17.8 26 5.2 10.4 8 5.6000000000000005 11.4 8.8 20.200000000000003 9 28.200000000000003 18 7.6000000000000005 47 0 0 0 0.6000000000000001 0.4 0 0 0 0 0 0 0 0 0 0 0 11 14 0 0 0 0.6000000000000001 0.6000000000000001 0 0.4 0.2 0.6000000000000001 0 0 0 0 0.4 0 0 11.200000000000001 0 0 0 0 0 0 0 0 2.4000000000000004 0 2.6 3.6 0 0 0 0 0 0 0 0 0 0 0 0 0 2.4000000000000004 13.200000000000001 4 2.4000000000000004 5.4 0 3.8000000000000003 12 2.4000000000000004 4.2 5.800000000000001 2.2 5.2 5.2 0.2 2.4000000000000004 0 11.200000000000001 2.8000000000000003 7.6000000000000005 0 0 0 0 0 0 0 0 0 0 0 0 0 0 0 0 0 1.2000000000000002 0.4 0 0 0 0 0 0 0 0 0 0 2.2 0 0 0 0 0 0 0 0 1 0 0 0 0 0 2.8000000000000003 0 0 0 0 0 0 3.6 0 0 0 0 0 0 0 0 5.4 13.600000000000001 0.2 2.8000000000000003 4.800000000000001 3 2.8000000000000003 2.2 2.6 2.4000000000000004 10.600000000000001 0.6000000000000001 3.2 6.2 1.4000000000000001 2 5 1.4000000000000001 9 1.2000000000000002 0 0 0 0 0 0 0 0 0 0 0 0 0 0 0 0 0 0 7.2 4.2 0 0 0 0 0 0 0 0 0 0 0 0 0 0 0 0 0 0 0 0 0 0 0 0 0 0 0 0 0 0 0 0 0 0 0.4 0 0 0 15.200000000000001 0 0.4 3.2 0 0 0 0 0 0 0 0 0 0 0 0 0 0 0 0 0 0 0 0 0 0 0 0 0 0 0 0 
 0.8 0.4 0.4 0.4 0.4 5.4 0.4 0.4 0.4 0.4 0.4 7 0.4 1.2000000000000002 0.4 0.4 0.4 0.4 0.4 0.4 14.200000000000001 0 41.2 102 27.8 4.4 32.4 79.4 84.80000000000001 53.2 9.200000000000001 22 18.2 46 88.80000000000001 43.2 35.2 13.200000000000001 27.6 14.200000000000001 14.200000000000001 0 0 0.6000000000000001 0 0 0 0 0 0 0.2 0 0 0 0 0.2 0.8 0.2 0 0 0 0.6000000000000001 0.6000000000000001 0 0.6000000000000001 0 0.6000000000000001 1 0 0 0 0 0 0 18 0 0 0 0 0 0 0 0 0 3.4000000000000004 4 0 0 0 2.2 0.2 0 0 0.2 0 0 0 0 0 1.6 0.4 2.8000000000000003 6.6000000000000005 3.8000000000000003 0.2 1.6 6.4 9.4 0 2.6 0 1.4000000000000001 3.6 6 2.6 3.8000000000000003 4.2 5.800000000000001 1.6 0 0 0 0 0 0 0 0 0 0 2 0 0 2 0 0 0 0 0 3 2 0 0 3.4000000000000004 0 0 0 0 0 0 0 0 4.800000000000001 0 0 0 0 0 0 0 0 0 7.2 0 0 0 0 0 0 0 0 0 0 0 0 2.6 0 2.4000000000000004 0 0 0 0 9.200000000000001 3.6 0 0 2.6 0 3.6 5.2 1.2000000000000002 5.2 1.8 0 0 0 5 0 3.2 2.6 3.8000000000000003 7.4 0 0 0 0 0 2.4000000000000004 0 0.2 0 0 0.2 3 1.6 0 0 0 0 0 1.8 0 0 0 0 0 0 0 2.2 0 0 0 0 0 0 0 0 0.4 0.2 0.2 0 0 0 0 0 0 0 0 0 0 0 0 0 0 0 0.8 0.2 0 1.8 0 0.4 0.6000000000000001 0 0 0 0 0 2.2 0 0 0 0 0 0 0 0 0 0 0 0 0.2 0 5.2 0 0 0 0 0 0 0 0 
 0 0 0 0 0 14.8 0 0 0 0 0 0 0.6000000000000001 0.6000000000000001 0 0 0 0 0 0 52.400000000000006 41.2 0 81.2 7 9 42.800000000000004 58.2 51.6 36 53.800000000000004 9.600000000000001 38.2 15.600000000000001 43.400000000000006 16.6 46 11.8 30 10.8 0 0 0 0.6000000000000001 0 0.6000000000000001 0 0 0 0 4.4 0 0 0.4 0 0.2 0.2 0 0 0 0 0.6000000000000001 0.6000000000000001 0 0.6000000000000001 0 0.6000000000000001 1.2000000000000002 0 0 0 0 0 0 0.4 0 0 0 0 0 0 0 0 0 0 2.6 0 0 0 0 0 0 0 0 0 0 0 0 0 0 3 0.2 0.2 2.4000000000000004 0 0 0.4 8 4.4 4 0 0 4.4 2.6 7.800000000000001 3.8000000000000003 4.2 1.8 0 0 0 0 0 0 0 0 0 0 0 0 0 0 0 0 0 0 0 0 1.8 0 0 0 0 0 1.2000000000000002 0 0 0 0 0 4 0 0 0 0 0 0 0 0.8 0 0 0 0 0 0.2 0 0 0 0 0 0 0 0 0 0 0 0 0 0 0 0.2 5.2 8.4 7.2 2.8000000000000003 5.800000000000001 0 1 15.600000000000001 2 0 3 5 0 0.2 2.8000000000000003 2.8000000000000003 4.4 2.8000000000000003 5.4 2.6 0 0 0 0 0 0.6000000000000001 0 0 0 3.4000000000000004 0 2 0 0 0 0 0 0 2 0 0 0 0 0 0 0 0 0 0 0 0 0 0 0 0 0 0 0 0 0 0 2 0 0 0 0 0 0 0 0 0 0 0 2 0 0.4 15.600000000000001 0 0.8 0.4 1.8 0 0 0 0 1.8 0 0 0 0 0 0 0 0 0 0 0 0 3.8000000000000003 0 2.6 0 0 0 0 0 0 0 0 
 0.8 1 0.8 42.800000000000004 0.8 1 0.8 0.8 0.8 1.4000000000000001 1 0.6000000000000001 1.2000000000000002 1.4000000000000001 1 0.8 1 0.6000000000000001 0.8 0.6000000000000001 23.400000000000002 102 81.2 0 38.6 25 18.2 22.400000000000002 32.6 44 36.6 39 28 24.400000000000002 44.800000000000004 31.200000000000003 17 65 16.400000000000002 23.8 0.2 0.4 0.2 0.8 0.2 4 0.4 0.6000000000000001 0.2 0.2 0.4 0.4 14.200000000000001 0.4 0.4 0.4 0.2 0.4 0.4 6.6000000000000005 0 0.6000000000000001 0.6000000000000001 0.4 0.4 0 0.6000000000000001 0 0 0 0 0 0 0 0.6000000000000001 0 0 0 0 0 0 0 0 0 0 0 0 0 0 0 0 0 0 0 0 0 0 0 0 0 0 0 4 3 0.2 1.2000000000000002 2 0.6000000000000001 1.6 3.8000000000000003 0 3.6 0 0 0 0.6000000000000001 7 5.2 0 0 2.2 0 0 0 0 0 8 0 1 0 0 0 2.2 5.2 0 0 0 0 5.6000000000000005 0 0 0 0 0 0 0 0.4 0 0 0 0 0 0.2 0 0 3.6 0 0 0 0 5.2 0 0 0 0 0 0 0 0 0.4 0 0 0 0 0 0 0.4 0 0 0 1.6 2.6 0 2 14.600000000000001 3.4000000000000004 0.2 0 0 1.4000000000000001 0 2 0 0 1.6 5 8.6 4.800000000000001 0 0 2 0 0 0 0 0 0 0 12.600000000000001 0 0 0 2.4000000000000004 0 0 0 0.2 0 5.800000000000001 0 0 0 0 0 0.2 0 0 0 0 0 0 0 0.2 0 0 0 0 0 0 0 0 0 2.2 0 0 0 0 0 0 0 0 0 0 0 0.8 0 0.4 16 0.4 0.4 1 0 0 0 0.2 0 0 0.2 0 0 0 0 0 0 0 0 0 0 0 0 0 0 0 0.2 0 2.8000000000000003 0 0 0 0 
 0.6000000000000001 0.4 0.6000000000000001 0.8 0.4 0.4 0.8 0.8 0.4 0.4 0.4 0.4 0.4 0.4 0.4 0.4 0.4 0.4 0.4 0.4 21.400000000000002 27.8 7 38.6 0 34.6 42.400000000000006 50.6 30.200000000000003 29.6 66 73.2 14.4 36.4 44.400000000000006 22.6 91.80000000000001 8.200000000000001 14.8 13.8 7.6000000000000005 0.4 0 0.6000000000000001 0 0.6000000000000001 23.200000000000003 23.200000000000003 17 0 0 0 13 15.200000000000001 5.2 0 12.600000000000001 0 21.6 18.8 0 0.6000000000000001 0.6000000000000001 0 0.4 0 0.6000000000000001 0 0 0 0 0 0 0 0.6000000000000001 0 0 0 0 0 0 0 0 0 0 0 0 0 0 0 0 0 0 0 0 0 0 0 0.2 0 0 1.4000000000000001 3.2 0 7 5.6000000000000005 0 2.4000000000000004 0 1.6 2.8000000000000003 0 0 0 2.4000000000000004 1.2000000000000002 0 5.4 0 0 2.6 4.4 0 0 0 0 0 5.4 5.2 0 2.4000000000000004 0 5.2 5.800000000000001 0 0.4 0 0.4 0 9.8 0 0 0.6000000000000001 0 0 0 0 0 0 0 0 2 0 0 0 0 0 0 0 0 0 0 0 0 0 0 0 0 0 0 0 0 0 0 0 0 0 0 0 0 0 2.4000000000000004 0 2.4000000000000004 0 1.8 1.4000000000000001 0 4.6000000000000005 1.4000000000000001 4.6000000000000005 5.800000000000001 0 0 0 4.2 2.6 10.600000000000001 0 0 0 0 0 2 0 0 2.2 2.6 0 0 2.4000000000000004 0 5.800000000000001 0 2.8000000000000003 2.4000000000000004 4.4 0 4.6000000000000005 0 0 0 0 0 0 0 0 0 0 0 7 0 0 0 0 0 0 0 0 0 0 0 2 0 0 0 0 0 0 0 0 0 0 0 0.6000000000000001 0.6000000000000001 0.2 15 0.4 0.4 0.6000000000000001 0 0 0 0 0 0 0 0 0 0 0 0 0 0 0 0 0 0 0 0 4.4 0 0 0.4 0 5 0 0 0 
 0 0 0 0 0 0.8 0 0.4 0.4 0 0 0 1.4000000000000001 0 0 0 0 0 0 0 12 4.4 9 25 34.6 0 31.8 8.8 9.8 19 61.800000000000004 46.400000000000006 12.4 11.200000000000001 11 17.400000000000002 12 22.6 8.8 11.200000000000001 17.8 1.8 0 0.6000000000000001 0 1 0 20.400000000000002 13.200000000000001 13 1.2000000000000002 0.8 38.400000000000006 2.6 0 2 0.8 0.2 27.200000000000003 19.6 0 0.6000000000000001 0.6000000000000001 0 0.8 0 0.6000000000000001 0 0 0 0 0 0.6000000000000001 0 0.4 0.4 0.4 0.4 0 0 0 0 0 0 1.8 0 0 0 0 0.4 0 0 0 0.4 0 0.4 0 0 0 0 0 0 0 1.8 2.6 2.4000000000000004 0 0 2.2 0 1.4000000000000001 1.6 0 0 0 0.2 0 0 0 0 7.6000000000000005 0.2 1.2000000000000002 0 3.4000000000000004 5.2 6.2 3.8000000000000003 0 2.4000000000000004 0 0 7 10.200000000000001 0 8.4 1.6 0 2.6 2 0 0 0 0 0 0 0.6000000000000001 0 0 0 0 0 0.6000000000000001 0 0 0 0 0 0 0 0 0 0 0 0 0 0 0 0 0 0 0 0 0 0 0 0.4 0 0 0 0 0 0 0 3 1.2000000000000002 0 0 0 0 0 0 0 0 0 0 0 3.4000000000000004 0 0 2 4.6000000000000005 1.6 5.6000000000000005 0 0 9.4 2 15.600000000000001 4.800000000000001 7 0 4.2 1.8 0 1.6 7.6000000000000005 0 0 1.8 0 0 0 0 0 0 8.200000000000001 0 0 0 0 0 0 0 0 0 0.2 3.4000000000000004 0 0 0 0 0 0 0 0 0 0 0 0 0 0 0 0 0 0 1 29.200000000000003 0 0.4 1 0 0 0 0 0 0 0 0 0 0 0 0 0 0 0 0 0 0 0 0 0 0 0 1.8 2.8000000000000003 0 0 0 0 
 0.6000000000000001 0.6000000000000001 0.4 0.4 15.200000000000001 5.2 0.6000000000000001 0.6000000000000001 1 0.6000000000000001 0.4 0.2 0.8 1 0.4 0.2 0.4 0.4 1 1.2000000000000002 17.8 32.4 42.800000000000004 18.2 42.400000000000006 31.8 0 14.8 15.600000000000001 8 9.200000000000001 10.200000000000001 48.400000000000006 19 12.4 109.80000000000001 9.600000000000001 10 24.400000000000002 7.800000000000001 0 0 0 0.6000000000000001 0 0.6000000000000001 0.4 0 0 0 0 0 0 0.6000000000000001 0 0.4 0.6000000000000001 0 0 0.6000000000000001 0.4 0.6000000000000001 0.4 0 0.6000000000000001 0 0.6000000000000001 3.2 0 0.6000000000000001 0.6000000000000001 0.6000000000000001 0 0.4 0.6000000000000001 0 0.4 0.8 0 0 0 0 0.2 0 0 0.2 0 0 0 0 0 0 0 0 0 0 0 0 0 0 4 4.800000000000001 0 0 0.2 0 2.4000000000000004 2.4000000000000004 2.8000000000000003 0 0.4 0 0 4 6 0 2 0 1.8 5.6000000000000005 0 0 0 0 0.4 0 0 0 0 0 0.4 0 0 0 0 0 0 0 0 0 0 0 0 0 0 0.2 0 0 0 0 0 0 0 5.800000000000001 0 0 0 0 0 0 0 0 0 0 0 0 0 0 0 0.2 0 0 0 0 0 0 0 0 0 0 0 0.4 2.4000000000000004 3 2.4000000000000004 2 0 2.6 4.2 3.2 5.800000000000001 0 2.8000000000000003 2.8000000000000003 0 0 0 0 3.6 6.6000000000000005 0 0 0 0 0 0.2 0.2 0 0 0 0 0 2.8000000000000003 0.2 0 0 0 0 0 0 0 0 0 0.4 0 0 0 0 0 0 0.2 0 0 0 0 0 0 0 0 0 0 0 0.2 0 0 0 0.6000000000000001 0.4 0 0 0 0.4 0 0 1.2000000000000002 0 0.4 15 0 0.2 1.8 0 0.2 0 0.4 0 10.200000000000001 0 0 0 0 0 0 0 0 0 0 0 0 4 0 0 0 0 0 0 0 0 0 0.8 
 0.2 0.4 0.4 0.4 0.2 0.2 0.4 0.4 0 0 0.4 16 0.4 0.4 0.4 0.2 15.4 0.6000000000000001 0 0.6000000000000001 26 79.4 58.2 22.400000000000002 50.6 8.8 14.8 0 22 35.4 7.2 7 19.6 27.8 45.800000000000004 6.2 38.800000000000004 19.200000000000003 13.200000000000001 23.200000000000003 1 0 0 0.6000000000000001 0 0.6000000000000001 0 0 0 0 0 41 1.8 0 0 0 0 0 12.8 0 0 1.2000000000000002 0.6000000000000001 0 0.4 0.8 0.6000000000000001 0 0 0 0.6000000000000001 0 0 0 0.6000000000000001 0 0.4 0 0 0 0 0 0 0.4 0 0 0 0 0 0 0 0 0 0 1.8 0 0 0 0 0 0.2 0.8 3 8.200000000000001 0 0 0 2.6 0.4 6 4.6000000000000005 0.6000000000000001 0.2 4 0.2 6.4 3 4.6000000000000005 1.6 0 0 0 0 0 0 0 0 0 0 0 0 0 0 0 0 0 0 0 1.8 2.2 0 0 0.4 0 0 0 0 0 0 0.4 0 6.4 0 1.8 0 0 0 0 0.6000000000000001 0 0 0 2.8000000000000003 0 0 0 0 0 0 0 0 0 0 0 0 0 0 0 0 0.2 2.2 4.800000000000001 1.6 8.8 0 11.200000000000001 2.4000000000000004 0 4.800000000000001 1.2000000000000002 0 1.6 2 1.6 2.4000000000000004 10.200000000000001 8.4 0 2 0.2 0 0 0 0 0 0 0 0 0 0 0 0 0 0 2.4000000000000004 0 0 0 3 2.2 0 0 0 0 0 0 0 0 0 0 0 0 0 0 0 0 0 0 0 0 0 0 0.2 0 0 0 0 0 0.4 0 0 0 0 0 0 0.4 0 0 0.2 0 0.8 0 0 0 0 0 0 0 0 0 0 0 0 0 0 0 0 0 0 0 0 0 0 0 0 0 0 0 0 0 
 0.4 0.4 0.4 0.4 0.4 0.4 0.4 0.4 0.4 0.8 0.4 0.4 0.4 1.2000000000000002 0.4 0.4 0.4 0.4 0.4 0.4 5.2 84.80000000000001 51.6 32.6 30.200000000000003 9.8 15.600000000000001 22 0 44.2 40.400000000000006 22 53.800000000000004 33 23.6 30.200000000000003 40.800000000000004 38.800000000000004 15.8 97.80000000000001 0 0 0 0.6000000000000001 0 0.4 0 0 0.2 0 0.2 0 0 0 0 0.2 0.2 0 0 27 0 0.6000000000000001 0.6000000000000001 0 0.6000000000000001 0 0.6000000000000001 0 0 0 0 5.4 0 0 0.4 0 0.4 0 0 0 0 0 0 1.2000000000000002 0.2 0 0 0 0 0 0 0 0 0 0 0 0 3.6 0 0 0 0.2 0 6.800000000000001 7.2 1.4000000000000001 0 1.6 0.4 3.2 5.4 3.8000000000000003 0 0 1.8 1.8 0.2 7.800000000000001 0 0 0.2 0 0 0 0 0 8.8 3 0 0 0 0 5.800000000000001 6.6000000000000005 0 0 0 0 4.4 3.6 0 0 0 0 0 0 0 0.2 0 0 0.4 0 0 0 0 0 0 0.2 0 0 0 0 0 0 0 0 0 0 0 0 0 0 0 0 0 0.4 0 0 0 0 0 1.6 7.4 0 1.6 1.6 0 0 7.800000000000001 0.8 6.2 3.8000000000000003 0 0 0 3 12.8 5.800000000000001 0 0 8.4 0 0 0 0 0 2 0 4 0 0 0 0 5.4 1.8 2.8000000000000003 0 0 3.8000000000000003 2.4000000000000004 0 0 0 0 0 0 0 0 0 0 0 0 0 0 0 0 0 0 0 0 0 0 2.4000000000000004 0 0 0 0 0 0 0 0 0 0 0.4 0.8 0 0 0.2 0 0.4 0 0 0 0 0 0 0 0 0 0 0 0 0 0 0 0 0 0 0 0 0 5.800000000000001 0 0 0 0.6000000000000001 4.2 0 0 0 
 0.4 0 0 14 0 0 0 0 0 0 0.2 0 0 0.6000000000000001 0 0 41.400000000000006 0 0 0 10.4 53.2 36 44 29.6 19 8 35.4 44.2 0 52.400000000000006 59.2 12.8 34.6 97.80000000000001 25.8 61.800000000000004 21.400000000000002 14.4 18.2 0 0 0 1.2000000000000002 0.4 1 0 0 0 0 0 0 16.400000000000002 0 0 0 0 0 14.600000000000001 37.6 0 1.2000000000000002 0.6000000000000001 0 0.4 0.6000000000000001 0.6000000000000001 0 0 0 0 0.4 0 0 0.6000000000000001 0 0.4 0.4 0 0.4 0 0 2.6 0 0 0 0 0 0 0 0 0 0 0.2 0 0 0 0 0 0 1 0 2.6 0.4 2.4000000000000004 0 0 4.2 1 3.4000000000000004 0.2 4.800000000000001 0 0 2.8000000000000003 2.4000000000000004 5.4 4.6000000000000005 0 0 3.4000000000000004 0 0 0 0 0 6.6000000000000005 3 0 2.2 0 0 5 4 3.6 0 0.2 0 7 3.6 0 0 0.6000000000000001 0 0 0 0 0 0 0 0 0 0 0 0 0 0 0 0 0 0 0 0 0 2.8000000000000003 0 0 0 0 0 0 0 0 0 0 0 0 0 0 0 0 4.2 1.6 5.800000000000001 1.8 10.200000000000001 0 0 9 4.800000000000001 0.6000000000000001 3.8000000000000003 0 0 0 7.6000000000000005 6.2 6.2 0 0.4 5.800000000000001 0 0 0 0 0 0 0 5.4 0.2 0 0 0.2 1.6 2 3.6 0 0 0 0 0 0 0 0 0 0 0 0 0 0 0 0 0 0 0 0 0.4 0.2 0 0 0 0 2 0 0 0 0 0 0 0 0 0 0 0 1 0 0.4 15.600000000000001 0.4 0.2 0 0 0 0 0 0 0 0 0 0 0 0 0 0 0 0 0 0 0 0 0 12.4 0 0 0 4.2 4.2 0 0 0 
 0.4 0 0 0 23.6 0 0 0 0 0 0 19.200000000000003 0.2 0 0 0 0 0 0 8 8 9.200000000000001 53.800000000000004 36.6 66 61.800000000000004 9.200000000000001 7.2 40.400000000000006 52.400000000000006 0 79.2 9.4 7.800000000000001 56.400000000000006 35.6 16.400000000000002 40.6 7.6000000000000005 12 18.8 0.4 14 1.6 0 0 15 13 0 0.6000000000000001 0.8 0 8.6 0 0 0.2 0.6000000000000001 0 0.8 17.6 1 1 0.6000000000000001 0.2 8.4 0 0.6000000000000001 1 0.6000000000000001 0 0 10 0 0.6000000000000001 0.4 0 0.4 0.4 0 0 0 0 0 0 0 0 0 0 0 0 0 0 0 0.2 0 0 0 0 1.8 1.6 0 0 0 6 4.800000000000001 0.2 0 0.6000000000000001 5.4 0 5.2 1.2000000000000002 0 0 0 0 2.6 0 0 0 4.2 0 0 0 0.2 0.2 6.800000000000001 0 0 0.6000000000000001 0 0 5.6000000000000005 14.200000000000001 2 0.2 4 9.600000000000001 1 0 0 0 0 0 0 0 1.8 0 0 0 0 0 0.4 0 0 0 0 0 0 0 0 0 0 0 0 0 0 0 0 0 0 0 0 0 0 0 0 0 0 0 0 0 0 0 11.8 6 0 1.8 0.2 0 0 4.800000000000001 0 0 0 0 0 3.2 0 0.4 5.6000000000000005 4.2 2.4000000000000004 0 0 0 1.6 0 18.8 0 0.2 0 2.2 0 4 0 2.8000000000000003 0 8.8 2.4000000000000004 0 0 0 0 0 0 0 0 0 0 0 0 0 0 0 0 0.4 0.2 0 0 0 0 0 0 0 0 0 0.2 0 0 0 0 0 0 1 0 0 0.6000000000000001 11 0 0.4 0.2 0 0 0 0 0 0 0 0 0 0 0 0 0 0 0 0 0 0 0 0 0 0 0.2 4.6000000000000005 0 0 0 0 
 0 0 0.4 0 0.8 0.4 0.2 0 0 0 0 0.2 0 0 0 0 0.4 0 0 0.4 5.6000000000000005 22 9.600000000000001 39 73.2 46.400000000000006 10.200000000000001 7 22 59.2 79.2 0 11.4 18.2 31.200000000000003 79.60000000000001 12.600000000000001 35.4 9.600000000000001 10.4 16.2 0 0 0.6000000000000001 0.2 0 0.4 12.8 12.8 0 0.2 0 13.4 12.8 17.400000000000002 0 1 0 25.8 27.6 0 0.8 0.6000000000000001 0 11.200000000000001 0 0.6000000000000001 0.2 0 0 0.2 0 0 0 0.6000000000000001 0 0.4 10 1 0 0 0 0 0 0 0 0.2 0 0.4 0 0 0 0 0 0 0 0 0 0 0 0 0 0 0 3.8000000000000003 3.2 0 0 3.6 3.8000000000000003 3.6 9 0 0 0 0 6.6000000000000005 0 0 0 8 4.4 0 0 0 0 3.8000000000000003 0 3 0 2 0 10 8.200000000000001 0 0 0 0 1.6 1.4000000000000001 0 0 0 0 0 0 0 0 0 0 0 0 0 0 0 0 0 0 0 0 0 0.2 0 0 0 0 0.4 0 0 0 0 0 0 0 0 0 0 0 0.4 0 0.4 0 0.4 0 2.8000000000000003 0.2 0 0 0 0.2 4 0.4 0 0 0 0.4 3.6 4.2 0 0 4 0 0 1.4000000000000001 0 0 3 0 4.6000000000000005 0 1.8 0 1.8 0 4.6000000000000005 0 3.2 0 1.6 3.4000000000000004 0 0 0 0 0 0 0.2 0 0 0 0 0 0 0 0 0 0 0 0 0 0 0 0 0 0 0.4 0 0 0 0 0 0 0 0 1.4000000000000001 0 0 29 0.2 0 0.8 0 0 0 0 0 1.8 0 0 0 0 0 0 0 0 0 0 0.2 0 0 0 0 0 0 0 1.6 0 0 0 0 
