 0 57.400000000000006 34.6 46 6.2 6.4 16.8 17.6 60.400000000000006 5.6000000000000005 72.8 31.8 73.2 36.6 30.6 31 29.400000000000002 16.8 11.8 39.6 0 0.4 0 0.8 0.8 0 0 1.2000000000000002 0 0.2 0.4 0 0 0 0.4 1.2000000000000002 1.2000000000000002 0.8 0 0 0 0 1.2000000000000002 0 0 0 0.4 0.2 0 0 1.4000000000000001 0 1.6 6 12.8 1.8 0 0 0 0 1.8 0 0 0 0 0 0.6000000000000001 0 0 0 0 0 0.4 0 0.4 0 0.6000000000000001 0.4 0 0 1 2 2.8000000000000003 8.6 2.6 1.8 0 12 1.6 3.2 1 0.2 4 4.4 3 5.800000000000001 9.4 11.200000000000001 0 6.2 0 0 0 0 0 0 0 0 0 0 0 0 3 0 0 0 0 0 3.2 0 0.4 0 0 0 0 0 0 0 0 0 0 0 0 0 0 0.4 0 0 0 0 0 0 0 2.2 1.6 3 3 0 0 4.800000000000001 0 0 0 0 0 0 0 0 0 0 0.2 4.6000000000000005 1.4000000000000001 4.2 3.8000000000000003 0 5.2 5.4 2 0.4 3.2 0 4.2 5.800000000000001 4 1.8 2.2 6.6000000000000005 0 15.600000000000001 0 0 0 0 0 0.4 0 0 0.4 0 0 0 0 0 0 0 0 0 0 0 0 0 0 0 0 0 0 0 0 0 0 0 0 0 0 0 0 0 0 0 0 3 0 0 0 0 0 0 0 0 0 0 0 0 0 0 0 0 0 0 0 3.6 0 0 0 0 0 0.4 0.4 0 0 1.2000000000000002 0 0 0 0 0 0 0 0 0 0 4 0 0 0 0 0 0 0 0 0 0 10 0 3.4000000000000004 0 0 0 0 0 0 0 0 0 0 0 0 0 0 
 57.400000000000006 0 36 60 6 70.8 30 32.2 26 23.8 32.4 6.6000000000000005 18.400000000000002 32.2 38.6 45.2 17.400000000000002 45.2 5 18 0.6000000000000001 0 0 0 0.2 0.4 0 0.6000000000000001 0 0 0 0 0 0.6000000000000001 0.2 0 2 0 2 0 0.6000000000000001 0 0 0.2 0 0 0.8 0.4 0 0.6000000000000001 0.6000000000000001 9.8 0.4 0.4 0 1 0 0 0 0.6000000000000001 0 0 0.6000000000000001 0 0 0 1 1.2000000000000002 0 0.6000000000000001 0.6000000000000001 0 0.4 0 0.4 0 0.8 0.4 0 0.2 0.2 2.8000000000000003 1.2000000000000002 0 0 5.2 0 5.2 0 1.8 6.2 0 0 2 5.800000000000001 2.8000000000000003 6.800000000000001 0 0 6.2 7 0 0 3 0 0 0 0 0 0 0 0 0 0 0.2 0 0 0 3.2 0 0 0 0 0 0 0 3.8000000000000003 0 0 0 0 0 0 3 0 0 0 0 0 0 0 0 0 0 1.2000000000000002 0 1.6 0 0 0 0 0 0 0 0 0 0 0 0 0.4 3 4.6000000000000005 11.200000000000001 12.600000000000001 8.4 0 3.4000000000000004 5.2 4 2 0 0 3.8000000000000003 6.6000000000000005 1.8 4.2 0 5 0 1.6 0 0 0 0 0 0 0 0 0 0 0 0 0 0.4 0.2 0 0 0 3.8000000000000003 0 0 0 0 0 0 0 0 0 0 0 0 3.6 0 0 0 0 0 2.6 0 0 0 0 0 0 0 0 0 0 0 0 0 0 0 0 0 0 0 0 0 0 0 0 0 0 0 0 17.400000000000002 0 0.6000000000000001 0.4 0.2 3 0 0 0 0 0 0 0 0 0 0 3.8000000000000003 0 0 0 0 0 0 0 0 0 0 0 0 6 0 0 0 0 0 0 0 0 2 0 0 0 0 0.2 
 34.6 36 0 141.4 22.8 26.200000000000003 28.8 13.4 35.6 26.6 70.2 28.6 11.600000000000001 40 27.400000000000002 72.2 25.6 42.400000000000006 6.4 25.200000000000003 0 0 0 1.6 1.4000000000000001 0.4 0.2 20.6 0.2 0 0 0 0 0 0 0.8 1.2000000000000002 0.6000000000000001 0 0 0 0 0.6000000000000001 0 0 0 0 0 0 0 0.6000000000000001 0 0.6000000000000001 0.4 10.8 1.2000000000000002 0 0.2 0 0.6000000000000001 0.4 0 0 1.2000000000000002 0 0 0.6000000000000001 1.8 0 0.2 0 0 0.4 0 0.4 0 1.6 0 0 0 2.2 6.4 1.8 0 0 4 3.2 2.6 2.8000000000000003 5.6000000000000005 6.4 4 0 0 6.6000000000000005 5.6000000000000005 5 0 0 0 4.2 0 3.2 0 0 0 10.4 4.2 0 0 0 0 0 0 0 0 0 0.6000000000000001 5 0 0 0 0 0 0 0 3.6 0 0 0 0 0 0 0 0 0 0 0 0 0 0 0 0 0 0.6000000000000001 0 0.4 0 0 0 0 0 0 0 0 0 0 0 0 0.4 0.6000000000000001 0 8.200000000000001 7 2.2 0 11.600000000000001 1.2000000000000002 0.2 9.8 3.6 0 0 5 0 3.4000000000000004 5.800000000000001 1.6 0 2.4000000000000004 0 0 0 0 0 0 0 0.2 0 0 0 0 0 0 0.4 0 1.4000000000000001 0 0.8 3.4000000000000004 0 0 0 0 0 0 0 0 0 0 0 4.6000000000000005 0 0 0 0 0 0 0 0 0 0 0 0 0 0 0 0 0 0 0 0 0 0 0 1.2000000000000002 0 0 0 0 0 0 0 0 0 0.2 17.8 0 0.2 2.4000000000000004 2.4000000000000004 2.2 0 0 0 0 0 0 0.2 0 0 0 0 0 0 0.2 0 0 0 0 0 0 0 0 0 11.8 3.6 0 0 0 0 0 0 0 0 0 0 0 0 0 
 46 60 141.4 0 53.800000000000004 17.8 33.4 12.4 17.8 20.6 17.400000000000002 79.2 14.200000000000001 45.2 19.200000000000003 34.6 26.6 89.60000000000001 17 15 0 0.2 6.6000000000000005 0 0.4 0 0 0.6000000000000001 0 0 0 0 0 0 0 0 0.6000000000000001 0 15 0 0 0 0 0 0 0 0.4 0 0 0 0.6000000000000001 0 0 0.4 11.8 0.2 0 12.4 0 0 0 0 0 0 0 0 0.6000000000000001 0.4 0 0 0 0 0.4 0 0.4 6 0.6000000000000001 0 0 0 6 2.4000000000000004 4.800000000000001 0.2 0 8.200000000000001 4.6000000000000005 7.4 2.6 4.800000000000001 5.2 4.6000000000000005 0 0 7.800000000000001 9 5.4 0.2 0 4.2 1.6 0 0 0 0 0 6.4 0 0 3.8000000000000003 0 0 3.4000000000000004 0.4 0.2 0.2 0 0 3.2 1 0 0 0 0 0 0 0.2 0.2 0 0 0 0 5.4 0 0 0 0 0 0 0 0 0 0 0 0.8 1.6 1.6 0 0 0.8 0 0.4 2.6 0 0.2 0 0 0 0 0 10.4 0 4.4 4.2 4 0 4 2 0.6000000000000001 2.4000000000000004 3.2 0.2 3.8000000000000003 9.8 4.4 2.8000000000000003 3.2 9.200000000000001 0 5.800000000000001 0 0 2.4000000000000004 0 0 0 2.6 0.4 0 0 0 0.2 0 0 2.8000000000000003 0 0 0 5 0.2 0 0 0 0 0 0 0 0 0.4 0 0 3 0 0 0 0 0 0 0 0 0 0 0 0 0 0 0 0 0 0.2 0 0 0 0 1.8 0 0 0 0 0 0 0 0 0 0 0 18.6 0 0.4 17.6 0 0.8 0 0 0 0 0 0 0 0 0 0 3.8000000000000003 0 0 0 0 0 0 0 0 0 0 0 0 3.4000000000000004 4 0 0 0 0 0 0 0 0 0 0 0 0 0 
 6.2 6 22.8 53.800000000000004 0 102.60000000000001 11.600000000000001 63 16.2 37 99.2 11.4 15.8 14.4 21.200000000000003 15 42.400000000000006 11.8 18 13.600000000000001 15 0.2 0 0 0.8 0 18.400000000000002 18.6 1 0.2 0.4 0.4 37 16.400000000000002 0 0 1.2000000000000002 0 9 8.4 0.2 0.2 0.4 0 0.2 0.4 0 0.2 0.4 0.2 0.8 0.6000000000000001 0.2 0.6000000000000001 0.8 0.8 0.4 0 6.2 0.2 0 0 0 0 0 0 0.6000000000000001 0.6000000000000001 0 0 0 0 0.8 0.4 1 0.2 1.2000000000000002 0.4 0 0.2 0 0 0 2 3.2 8.6 2 0 0 3.8000000000000003 15.8 7.4 0 0 0.2 3.8000000000000003 2.4000000000000004 0 0 0 3 3.8000000000000003 3.6 0 0 0 10 2 1.8 0 0 0 5.800000000000001 0.4 5.4 3.4000000000000004 0 0 0.2 3 0 0 0 0 0 0 0 0 0 0 0 0 0 0 0 0 0 0 0 0 0 0.4 0 0 0 0 0 0 0 0 0 0 0 1.2000000000000002 0 0 0 0 0 0.4 0.2 3.2 18.2 0 0 0.2 2 2.6 0 8 3.8000000000000003 2.8000000000000003 0 0.2 0 3.6 1.8 0 0 0.8 4 0 0 0 0 0 1.6 0 0 0 0 0 6.4 6.2 11.200000000000001 1.6 0 0 6.4 4.4 0 1.2000000000000002 0 0 0 0 0 0 0 0 0 0.2 0 0 0 0 0 0 0 0 0 0 0 0 0 0 0 0 0 0 0 0 0 0 0 0 0 0 0 0 0 0 0 0 0 0.6000000000000001 1 0.2 0.4 20.8 2.6 4 0.4 0 0 0 0 0 0 2 0 0.4 0 0 0 0 0 0 0 0 0 0.8 0 0 0 0 0 0 0 0 0 2.6 0 0 0 0 0 0 0 0 
 6.4 70.8 26.200000000000003 17.8 102.60000000000001 0 6.800000000000001 6.4 11.200000000000001 10.4 70.4 31.400000000000002 5 28 51.2 20 59.6 25.8 10.8 11 14.600000000000001 17.6 0.4 0 0.2 0 12 15.600000000000001 0 0 0 0.4 16 15.200000000000001 0 0 0.6000000000000001 0 38 4.800000000000001 0 0 13.200000000000001 0 0 0 0.8 0 0 0 0.6000000000000001 0 0 0.4 0.4 0.6000000000000001 0 0 0 0 0 0 0 0 0 0 0.6000000000000001 0.8 0 0 0 0 0.4 0 0.4 0 0.6000000000000001 0 0 0 0 0 0 1.2000000000000002 2 4.2 0 0 0 2.8000000000000003 3.4000000000000004 6.4 0 0 2 0 3.6 0.2 0 0 3.4000000000000004 6.2 0 3.6 0 0 0 5.800000000000001 0.2 0 0 0.2 2.2 0 12.8 3.2 4 3 1.4000000000000001 3.8000000000000003 0 0 3.2 0 0 0 0 0 0 0 0 0 0 0 0 0 0 0 0 0 0 0 0 0 0 0 0 0.4 0.4 0 0 0 0 0 0 0 1 0 0 0.4 9.200000000000001 0.2 2.2 0 0 2 0 0 0 0.6000000000000001 0 0 0 2.8000000000000003 0 3.4000000000000004 0 0 0.4 1.2000000000000002 2.6 0.2 2.8000000000000003 3.8000000000000003 0 0 4.6000000000000005 3 0 0 0 0 0.8 0.2 8 3.2 5.4 0 4.800000000000001 4 0 2 0.4 0 6.6000000000000005 0 0 0 0 0 0 3.8000000000000003 0 0 0 0 0 0 1.6 0 0 0 0 0 0 0 0 0 0 0 0 0 0 0 0 0 0 0 0 0 0 0 0 0 0 0.4 1.2000000000000002 1.2000000000000002 0.8 35.2 0 5.800000000000001 0 0.2 0 0 0 0 0 0 0 0 0 0 0 0 0 0 0 0 0 0 0 0 0 0 0.2 0 0 0 0 2 0 0 0 0 0 0 0 0 
 16.8 30 28.8 33.4 11.600000000000001 6.800000000000001 0 32.6 13 8 66 9.600000000000001 40.800000000000004 37.800000000000004 43.2 23.200000000000003 30.8 10.8 11.4 80 0.2 0 0 14.8 0.4 0 0 0.4 0 0 0 0 0 0 0 0 0.6000000000000001 0.2 0 0 0 0 0 0 0 0 0 0 0 0 0.6000000000000001 0 0 0.4 0 13 0 0 0 0 0 0 0 0 0 0 0.6000000000000001 0 0 0 0 0.2 0.4 0 7.2 0 0.6000000000000001 8.200000000000001 0 0 5.800000000000001 5 7 0 0 5.2 2.2 2.6 4.6000000000000005 0 0.6000000000000001 0 3.2 9.600000000000001 7.2 5.4 0 2.4000000000000004 6.6000000000000005 2.8000000000000003 0.2 1 0 0 0 0 0 0 0 0 0 0.4 0 0 0 0 0 3.4000000000000004 0 1 0 0 0 0 0 0 0 2.6 0.2 0 0 0 0 0 0 0 0 0 0 0.4 0 0 0 0 0 0 0 0 0 0 0 0 0 2.6 0 2.4000000000000004 0 0 0 0.2 2.4000000000000004 0 2 0 0 0 1 2.2 4.2 2.2 0.2 0 0.2 0 13.4 0 3.2 5.4 7.800000000000001 2.8000000000000003 0 0 0 0 0 0 0.2 0 0 0 0.2 0 0 0 0 0 0 0 0 0.2 0 2.4000000000000004 0 0 0 0.2 0 0 0 0 0 0 0 0 0 0 0 0 0.4 0 0 0 0 0 0 0 0 0 0.4 0 0 0 0 0 0 0 0 0 0 0 0 0 0 0 0 0.4 14.200000000000001 0 0 0.4 0 2 0 0 0 0 0 0 0 0 0 0 0 0 0 0 0 0 0 0 0 0 0 0.2 0 0 0 0 0 0 0 0 0 0 0 0 0 0 0 0 
 17.6 32.2 13.4 12.4 63 6.4 32.6 0 31.8 13.4 28 28.400000000000002 94.4 13.4 14 17.6 11.200000000000001 10 84.4 25.6 0 0.2 0 15.600000000000001 0.8 0 0.8 0.6000000000000001 0 0 0.2 0 0 0.4 0 0.8 0.6000000000000001 0 0 0.6000000000000001 0 0 0 1.2000000000000002 0 0 0.4 0.6000000000000001 0 0 1.8 0.8 0.8 0.4 0.2 0.2 0.4 0.2 0 0 0.8 0.4 0 0 0 1.2000000000000002 0.6000000000000001 0.8 0 0 1.2000000000000002 0 0.4 12.4 0.4 0 0.6000000000000001 0.2 1.8 0.4 0 5.2 0.2 0 0 0 10 0.2 7.2 0 0.2 0 0 6 2 7 0 2.2 2.2 1.6 0 0 0 0.4 0 0 0 0 0 0 3 0 0 0 0 0 0 0 0 0 0 0 0 0 0 0 0 0 0 0 0 0 0 0 0 0 0 0 0 0 0 0 0 0.4 0 0 0 5 0 1.4000000000000001 0 0 0 0 0 0 0 0 0 0.4 2.8000000000000003 3.2 0 0 0 0 0.8 5.6000000000000005 5.4 0.2 2.2 0 4.800000000000001 0.2 3.4000000000000004 2.2 1.8 3.4000000000000004 0 0.4 0 0 0 0 0.2 0 0 0 0 0 0 0 0 0 0 0 0 0 0 0 0 0 0 0 0 0 0 3 0 0 0 0 9.200000000000001 0 0 0 0 0 0 0 0 0 0 0 0 0 0 0 0 0 0 0 0 0 0 0 0 0 0 0 0 0 0 0 0 0.4 0.4 0.4 0 0 0 2.6 0.2 0 0 0 0 0 0 0 0 0 0 0 0 0.4 0 0 0 0 0 0 0 0 0 0 0 0 0 0 0 0 0 0 0 0 0 0 0 0 
 60.400000000000006 26 35.6 17.8 16.2 11.200000000000001 13 31.8 0 68.60000000000001 28 52.800000000000004 14.200000000000001 36.4 96 49 37 37.4 33.800000000000004 50.2 0 0 0 0 0.2 0 0 0.4 0 0 0 0 0 0 0 0 0.4 0 0 0.4 0 0 0 0 0.2 0 0.4 0 0 0 0.6000000000000001 7 0 0.4 0.2 0.4 0 0 0 0 0 0 0 0 0 8.8 0.6000000000000001 0 0 0 0 0 0.4 0.2 0.4 0 0.6000000000000001 0.2 0 0 1.6 0 5 2.2 2.2 0 0 7.4 9 2.2 2.4000000000000004 0.2 3.4000000000000004 0 5.800000000000001 0 9 4.2 2.8000000000000003 0 2.4000000000000004 0 0 2 0 0 0 0 0 0 0 0 3.2 0 0 0 0 0 4.4 0 0 0 0 0.2 0 0 0.2 0 0 0 0 0 0 0 0 0 0 0 0 0 0 0 2.2 0.2 1 0 0.6000000000000001 0 0 0 0 0 0 0 0 0 0 0 0 0 3.8000000000000003 0 2.2 3.6 3.8000000000000003 0 0.2 5.6000000000000005 0 0.4 2.6 0 0 5 4 1.8 2.4000000000000004 5.2 0 3.4000000000000004 0 0 0 0 0 0.2 0 0 0.4 0 0 0 0 0 0 0 0 0 0 0 0 0 0 0 0 0 0 0 0 0 0 0 2.4000000000000004 0 0 0 0 0 0 0 0 0 0 0 0 0 0 0 0 0 0 0 0 0 0 0 0 0 0 0 0 3.2 0 0 1.6 0.4 0 0 0 0 0 2.4000000000000004 0 0 0 0 0 0 0 0 0 0 0 0 0 0 0 0 0 0 0 0 0 0 0 0 0 2 0 0 0 0 0 0 0 0 0 0 0 0.4 
 5.6000000000000005 23.8 26.6 20.6 37 10.4 8 13.4 68.60000000000001 0 50.2 48.400000000000006 9.8 14.8 32.800000000000004 38 12 33 14 59 18.8 0 0 0 0.6000000000000001 0 27.200000000000003 0.4 0 0 0.4 0 0.2 0 0 0.4 1.6 0 14.8 0 0 0 0 0 0 0 0.4 0 0 0 0.6000000000000001 0 1 12.4 0.2 6.4 0 0 0 0.2 0 0 0 0 0 0 0.6000000000000001 0 0 0 0 0 0.4 0.4 0.4 0 0.6000000000000001 0 0 0 0 2.6 9.600000000000001 3 0 4.4 0 0.4 0 5.800000000000001 0 0.2 3.6 4.6000000000000005 8.4 3.2 2.8000000000000003 2.6 2.8000000000000003 0 0 5.2 0 0 0 0 2.8000000000000003 0 0 0 0 0 4.800000000000001 4.6000000000000005 2.4000000000000004 0 0 0 3.2 4.800000000000001 0 0 0 0 0 0 0 3.2 0 0 0 0 0 0 0 0 0 0 0 0 0 0 0 0 2.6 0 2 0 0 0 0 0 0 0 0 0 0 0 0 0.2 0 0 5.800000000000001 7.800000000000001 14.600000000000001 1.4000000000000001 0.6000000000000001 0.4 0 3.8000000000000003 3.8000000000000003 9 1.4000000000000001 0 0 2.2 1.6 2 0 2.2 0 0 0.2 0 0 0 5 6 0 0 0 0 2.4000000000000004 0 4.2 0.4 0 0 6.800000000000001 6.6000000000000005 0 0 0 0 0 0 0 0 0 0 0 0 0 0 0 0 0 0 0 0 0 0 0 0 0 0 0 0 0 2.6 0 0 0 0 0 0 0 0 0 0 0 0 0 0 0 0.2 0.6000000000000001 0.4 9.4 17.8 1.8 4.800000000000001 0 0 0 0 0 0 0 0 0 0 0 0 0 0 0 0 0 0 0 0 0 0 0 0 0.2 7 0 0 0 0 0 0 0 0 0 0 0 0 
 72.8 32.4 70.2 17.400000000000002 99.2 70.4 66 28 28 50.2 0 15 54.6 46 43.800000000000004 58.400000000000006 89.4 11.200000000000001 11.200000000000001 26.8 0 15.200000000000001 0 0 0.4 0 0 0.4 0 0.6000000000000001 0 0 19.8 7.800000000000001 0.2 0 0.8 0.4 15.200000000000001 0 0.4 0.4 0.2 0 0 0.6000000000000001 0.4 0.4 0 0.6000000000000001 0.6000000000000001 0 0 0.4 13.4 0.6000000000000001 0 0 0 0 0 0 0.6000000000000001 0 0.4 0 0.6000000000000001 1.8 0 0 0.4 0.6000000000000001 0.4 0.8 0.4 0 0.6000000000000001 0 0 0.4 0.4 0 0 6.6000000000000005 0.2 4.4 0 8.4 3 0 5 0 0 4.2 4.6000000000000005 2.2 3 3.8000000000000003 0 5.4 0 0.4 0 0 0 0 1.6 0 2.6 0 0 0 0 1.6 0 2.8000000000000003 0 3 0 1.8 0 0 0 0 0 0 3.4000000000000004 0 0 0 0 0 0 0 0 0 0 0 0 0 0 0.2 0 0 0 0 0 0 0 0 0 0 0 0 0 0 5.4 0 0 0.4 1.8 2.6 1.6 6.2 0 1.4000000000000001 3 5 0.6000000000000001 0.6000000000000001 0 2.6 3.6 5.800000000000001 3 2.6 0 4.2 0 3.4000000000000004 0.2 0 0 0 0 0 0 4 0 0 0 0 0 3.4000000000000004 8.8 0 2.8000000000000003 0 4.2 0 0 0 0 0 0 0 0 0 0 0 0 7.2 0 0 0 0 0 0 0 0 0 0 0 0 0 0 0 0 0 0 0 0 0 0 0 0 0 0 0 0 0 0 0 0 0 2.2 18 0.2 0 17.400000000000002 1.2000000000000002 1.6 0 0 0 0 0 0 0 0 0 0 3.8000000000000003 0 0 0 0 0 0 0 0 0 0 0 0 2.2 0 0 0 0 0 0 0 0 0 0 0 0 0 0 
 31.8 6.6000000000000005 28.6 79.2 11.4 31.400000000000002 9.600000000000001 28.400000000000002 52.800000000000004 48.400000000000006 15 0 50.6 53.6 8 33.2 22.400000000000002 78.4 11.600000000000001 73.60000000000001 0 0 0 0 0.4 0 16.2 0.4 0 0.2 0 0.4 30 0.6000000000000001 0 0 0.6000000000000001 0 10.600000000000001 0.2 0 0 0 0 0 0 0.4 0 0 0 0.6000000000000001 0 0 0.4 0.2 0.2 0 0 0 0 0 0 0 0 0 0 0.6000000000000001 0 0 0 0 0 0.4 0 0.4 0 0.6000000000000001 0 0 0 0.2 0 6.4 5.4 8.200000000000001 4.4 0 0 0.4 2.6 5.2 11.600000000000001 0 0 0.8 0 4.800000000000001 0.4 0 0 3.6 1.8 0 0 0.4 0 5.6000000000000005 2.6 0 0 0 0 4 0.2 3 10.600000000000001 0 3.4000000000000004 0.2 2.8000000000000003 0 0 3 0 0 0 0 0 0 0 0 0 0 0 0 0 0 0 0 0 0 0 0 0 0 0 0 0 0 0 0 0 0 6.6000000000000005 0 0 0 0.4 0 0.4 0 2 2.8000000000000003 1.8 1.8 0.2 0 0 0 10.4 3.6 7 0 0 0 2.6 3.2 3 0 1 2 0 0 0 0 0 3.6 3.2 0 0 0 0 0 3.8000000000000003 4 0 5 2.6 7.4 0 0 0 0 0 0 0 0 0.4 0 0 0 0 0 0 0.4 0 0.2 0 0.2 0 0 2.6 0 0 0 0 2.6 0 0 0 4 0 0 0.2 0 0 0 0 0 0 0 0 0 0 0.4 0.8 0.8 0 0 28.8 0.4 5.800000000000001 0 0 0 0 0 0 0 0 0 0 0 0 0 0 0 0 0 0 0 0 0 0 0 0 3.8000000000000003 0 0 0 0 0 0 0 0 0 0 0 0 0 
 73.2 18.400000000000002 11.600000000000001 14.200000000000001 15.8 5 40.800000000000004 94.4 14.200000000000001 9.8 54.6 50.6 0 15.200000000000001 7 23 33.4 27.200000000000003 37.6 74.4 0 0.4 0 0.2 1.2000000000000002 0 0 0.4 0.4 0 0.6000000000000001 0.6000000000000001 0 0.2 0 0 0.8 0 0.6000000000000001 0 0.2 0 0 0.6000000000000001 13 0 0 0 0.4 0 7.6000000000000005 0.6000000000000001 0 0.4 0 1.4000000000000001 0.6000000000000001 2.8000000000000003 0 0 0 0.4 0.2 0 0 0 10.8 0.4 0 0.4 0 0 0.4 0 10.8 0.8 11.4 0 0 0 8.6 3.6 3.6 0.8 0 1.6 5.6000000000000005 0.2 11.8 0 0 0 2.6 4.2 0 0.4 0 6 0.4 7.800000000000001 0 0 0 0 0 0 0 0 0 0 0 0 0 0 0 0 0 0 0 0 0 0 0 0 0 0 0 2.4000000000000004 0 0 0 0 0 0 0 0 0 0 0 0 0 0 0 0 0 0 0 0 0 0 0.4 0 0 0 0 0 0 0 0 0.4 7.6000000000000005 1.8 0 0 2.2 0 0 2.8000000000000003 1.2000000000000002 0 0.2 0 0 0 0.2 0 0 5.2 2 0 0 0 0 0 0 0 0 0 0 0 0 0 0 0 0 0 0.4 0 0 0 0 0 0 0 0 0 3.8000000000000003 0 0 1.6 0 0 2 0 0 0 0 0 0 0 0 0 0 0 0 0 0 0 0 0 0 0 0 0 0 0 0 0 0 0 0 0 0 0 0 0 0.2 0 0.6000000000000001 0 0 3.2 0 0 0 0 0 0 0 0 0.4 0 0 0 0 0.8 0 0 0 0 0 0 0 0 0.4 0 0 0 0 0 0 0 0 1.4000000000000001 0 0 0 0 0 0 
 36.6 32.2 40 45.2 14.4 28 37.800000000000004 13.4 36.4 14.8 46 53.6 15.200000000000001 0 59.2 7.4 5.800000000000001 6.2 63.800000000000004 57 0 0 0 0 0.2 0 0 15.4 0 0 0.4 0.4 0 0 0 0 0.4 0.2 0 0.4 0 0 0 0 0 0 0 0 0 0 0.6000000000000001 0 0 0.4 0 0.4 0 0 0 0 0 0 0 0 0 0 8.8 1.6 0 0 0 0 0.4 0 0.4 0 0.6000000000000001 9.8 0 0 3.6 7 7.4 0 0 0.2 4.4 5.800000000000001 8 2.4000000000000004 9.200000000000001 0 2.2 0 3.2 3.4000000000000004 4.2 2 0 0.2 4.2 0 0 0 0 0 0 0 0 0 0 1 0 0 0 0 0 0 0 0 0 0 0 0 0 0 3.6 0 0 0 0 0 0 0 0 0 0 0 0 0 0 0 0 0 0 0 0.6000000000000001 0 0 0.2 0 0 0 0 0 0 0 0 0 0.2 3.4000000000000004 0 3.8000000000000003 8 3.8000000000000003 0 3 3.6 0 4 0 0 0 9.8 5.4 5.2 1.2000000000000002 1.4000000000000001 0 2 0 0 0 0 0 0 0 0 0 0 0 0 0 0 0.6000000000000001 0 0 0 2.8000000000000003 0 0 0 0 0 0 0 0 0 0 0 0 9 4.2 0 0 0 0 0 0 0 0 0 0 0 0 0 0 0 0 0 0 0 0 0 0 0 0 0 0 0 0 5 0 0 0 0.6000000000000001 0 0 0 0.6000000000000001 0 3 0 0 0 0 0 0 0 0 0 0 0 0 0 0 0 0 0 0 0 0 0 0 0 7.4 0 0 0 0 0 0 0 0 0 0 0 0 0 0 
 30.6 38.6 27.400000000000002 19.200000000000003 21.200000000000003 51.2 43.2 14 96 32.800000000000004 43.800000000000004 8 7 59.2 0 53.6 64.4 37.2 20.200000000000003 28.400000000000002 0 0 0 0 0.2 0 0 6.4 0 0 0 0 0 0 0 0 0.4 0 0 0 0 0 0 0 0 0 0.4 0 0 0 0.6000000000000001 0 0 0.4 0.6000000000000001 0.6000000000000001 0 0.2 0 1.4000000000000001 0.2 0 0 0 0 0 0.6000000000000001 0 0 0 0 0 0.4 0 0.4 0 0.6000000000000001 0 0 0 0.2 3 7.2 1.4000000000000001 2 4.4 0 5.6000000000000005 3 5.800000000000001 0.4 0.4 0 0 5.800000000000001 2.4000000000000004 3 1.6 1.8 2.2 0 0 0 0 0 0 0 0 0 0 0 0 5.4 0 0 0 0 0 2 0 0 0 0 0.8 0 0 0 0 0 0 0 0 0 0 0 0 0 5.2 0 0 0 0 0 0 2.4000000000000004 0 1.2000000000000002 0 0 0 0 0 0 0 0 0 0 0.2 0 0 0 0 3.8000000000000003 2.8000000000000003 2.8000000000000003 0 0 3 4.6000000000000005 0 0 0 4.2 0 4.6000000000000005 0 2.4000000000000004 7.2 0 7 0 0 0 0 0 0 0 0 0 0 0 0 0 0 0 0 0 0 0 0 0 0 0 0 0 0 0 0.2 0 0 0 0 1 0 0 0 0.4 0 0 0 0 0 0 0 0 0 0 0 0 0 0 0 1.6 0.4 0 0 0 0 10.200000000000001 0 0 0 0 0 0.2 0.2 18.8 0 0 0 0 1.2000000000000002 0 0 0 0 0 0 0 0 0 0 3.8000000000000003 0 0 0 0 0 0 0 0 0 0 0 0 0 0 4.6000000000000005 0 0 0 0 0 0 5.6000000000000005 0 0 0 0 0 
 31 45.2 72.2 34.6 15 20 23.200000000000003 17.6 49 38 58.400000000000006 33.2 23 7.4 53.6 0 41.6 27.400000000000002 6.2 56.400000000000006 0.4 0.2 0 0 0 0 0 0 0 0 0 0 0 0.4 0.2 0 0.4 0 0 0 0 0 0 0 0 0 3 0.2 0 0 0.6000000000000001 0 0 0.4 0 0.6000000000000001 0 0 0 0 0 0 0 0.6000000000000001 0 0 1.8 0 0 0 0 0 0.4 0.6000000000000001 0.8 0 0.6000000000000001 0 0 0 10.4 0 0 5.6000000000000005 0.2 4.4 0 3 0 1.4000000000000001 0 2.8000000000000003 0 2.2 3.6 0 2.2 3.2 0 7 0 0 0 0 0 0 0 0 0 0 0.4 0 2.8000000000000003 0 0 0 0 0 8.200000000000001 0 0 0 0 0 0 0 0.2 0 0 0 0 0 0 0 0 0 0 0 0 0 3.8000000000000003 0 0.2 0 0.8 0.4 0 0 0 0 0 0 0 1 0 0 0 0 0 0.4 0 7 4.4 0 0 0 3 2.8000000000000003 4.2 12.8 1.8 0 0 0 1.2000000000000002 2 0.2 13.4 0 3.8000000000000003 0.2 0 0 0 0 0 0 0 0 0.4 0 0 0 6.6000000000000005 0 0 0 0 0 0 0 0 0 0 0 0 0 0 0 0 0 0 0 0 0 0 0 0 0 0 0 0 0 0 0 0 0 0 0 0 0 0 0 0 0 0 0 0.2 0 0 0 0 0 0 0 0 1.2000000000000002 0 0 0 0 2 0 6 0 0 0 0 0 0 0 0 0 0 0 0 0 0 0 0 0 0 0 0 0 0 0 2.4000000000000004 0 0 0 0 0 0 0 0 0 0 0 0.2 
 29.400000000000002 17.400000000000002 25.6 26.6 42.400000000000006 59.6 30.8 11.200000000000001 37 12 89.4 22.400000000000002 33.4 5.800000000000001 64.4 41.6 0 49.400000000000006 4.800000000000001 26.200000000000003 0 0 0 0 0 0 0 0.8 41.400000000000006 0 0 0 14.600000000000001 0 1.2000000000000002 0 0.4 0 41.400000000000006 0 0.8 0 0 0 0 0 0.4 0.8 0 0 0.6000000000000001 0 0 1.8 0 0.6000000000000001 0 0 0 0 0 0 0 0 0 0 0.4 0 0 0 0 0 0.4 0 0.4 0 0.6000000000000001 0 0 0 1.2000000000000002 0 0 8.6 4.2 6 4 10.4 0 1.4000000000000001 6.800000000000001 2.8000000000000003 0 1.8 4 2.2 5.800000000000001 5.800000000000001 0 2.2 0 0 0 0.2 0 0 3.2 0 0 0 0 0 6.4 0 0 0 0 0 2.2 0 0.4 0 0 0.2 0 0 0.2 0 0 0 0 0 0 0 0 0.4 0 0 0 0 0 0 0 0 0 0 0.4 0 0 0.6000000000000001 0 0 0 0.6000000000000001 0 0 0 0 0 0.4 2.4000000000000004 5.4 1.8 0.4 0 0 3.8000000000000003 0.4 2.4000000000000004 3.4000000000000004 6.6000000000000005 2.8000000000000003 3.4000000000000004 0 9.200000000000001 0 0.2 2.2 0 5.4 0 0 0 0 0 0.4 0 0 0.4 0 0 0 0 2.8000000000000003 1.6 0 0 0 3.4000000000000004 0.6000000000000001 0 0 0 0 0 0 0 0 0 0 0 0 0 0 0 0 0 0 0 0 0 0 0 0 0 0 0 0 0 0 0 0 0 0 0 0 0 0 0 0 0 0.2 0 0 0 0 28.200000000000003 0 1 0 0 31.200000000000003 0 0 0 0 0 0 0 0 0 0 3 0 0 0 0 0 0 0 0 0 0 0 0 0 0 0.6000000000000001 0 0 0 0 0 0 0 0 0 0 0 0 
 16.8 45.2 42.400000000000006 89.60000000000001 11.8 25.8 10.8 10 37.4 33 11.200000000000001 78.4 27.200000000000003 6.2 37.2 27.400000000000002 49.400000000000006 0 10.4 8.4 5.6000000000000005 0 0 0 0.4 0 14.600000000000001 0.4 0 0.2 0 0 0 0.4 0 0 0.6000000000000001 0.4 0 0.2 0 0 0 0 0 0 0 0 0 0 0.6000000000000001 0 0 0.4 12.8 0.2 0 0 0 0 0 0 0 1 0 0 0.6000000000000001 0 0 0 10.600000000000001 0 0.4 0 0.4 1.2000000000000002 0.6000000000000001 0 0 0 2.6 2.2 4.800000000000001 2 2.8000000000000003 3.2 0 2 2 7.6000000000000005 0 0.6000000000000001 0 0 3 0 4.800000000000001 2 0 0 0 2 0 0 0 0 0.4 0 0 0 0 0 4.4 2.4000000000000004 2.6 3.8000000000000003 0 0 5 3.8000000000000003 0 0.4 0 4 0 0 0 0 0 0 0 0 0 0 0 0 0 0 0 0 0.2 0 0 0 5.4 0 5 0 2.2 0 0 0 0 0 0 0.2 0 0 0 0.2 0.2 2.8000000000000003 7.800000000000001 5.4 7 0 1.8 0.2 2.2 2.4000000000000004 6 3.2 0 0 0 0 5.6000000000000005 5.6000000000000005 0 2.8000000000000003 0 0 0 0 0 0 1.4000000000000001 1.8 0 4 0 0 0 0 2 0.2 0 0 0 3.4000000000000004 0 0.2 0 0 0 0 0 2.6 0 0 0 0 0 0 0 0 0 0 0 0 0 0 0 0 0 0 0 0.4 0 0 0 0 0 0 0 0 0 0 0 0 0 0 0 0 0 0.8 0.4 0.2 0.4 0.6000000000000001 0.2 3.2 0.8 0 0 0 0 0 0 0 0 0 0 2 0 0 0 0 0 0 0 0 0 0 0 0 0 2.8000000000000003 0 0 0 0 0 0 0 0 0 0 0 0 
 11.8 5 6.4 17 18 10.8 11.4 84.4 33.800000000000004 14 11.200000000000001 11.600000000000001 37.6 63.800000000000004 20.200000000000003 6.2 4.800000000000001 10.4 0 67.8 0 0 0 0.4 0.2 1.2000000000000002 0 0.6000000000000001 0 1 0.2 0.8 0 0 0 0 2.4000000000000004 0.2 0 0 0.4 0.4 0.4 0.4 0.4 0.4 0 1.4000000000000001 0 0.4 1.2000000000000002 0.4 0.4 0.4 0.4 1 1 0 0.4 1 0.6000000000000001 0.8 0 0.2 0 0 6.6000000000000005 0.8 0 0 0 0.6000000000000001 0.4 0 0.4 0 0.6000000000000001 0.6000000000000001 0.4 0.6000000000000001 6.6000000000000005 0 0.4 0 0 0.2 6.800000000000001 3.2 0 2 1 2 6.2 0 0 11.600000000000001 1.2000000000000002 0 0 3.8000000000000003 0 0 0 0 0 0.2 0 0 0 0 0 0 0 0 0 0 0 0 0 0 0.2 0 0.4 0 0 0 0 0 0 0 0 0 0 0 0 0 0 0 0 0 0 0 0 0 0 0 0 0 0.4 0.4 0 0 0 0 0 0 0 0 0 0.4 0.4 0 0 0 2.2 0.2 0.2 2 3.4000000000000004 0 1.8 0 12.4 4.800000000000001 5.800000000000001 0.2 1.6 1.4000000000000001 0 2.4000000000000004 0 0.2 0 0 0 0 0 0 0 0 0 0 0 0 0 0 0 0 0.2 1.2000000000000002 0 0 0 0.2 0 0 0 0 0 0 0.2 0.2 0 0 0 0 0 0 0 0 0 0 0 0 0 0 0 0 0 0 0 0 0 0 0 0.4 0 0 0 0 0 2.2 0 0 0 0.4 0.4 0.4 0 0 0 1.2000000000000002 0 0 0 0 0 0 0 0 0 0 4.2 0.2 0 0 0 0 0 0 0 0 0 0 0 0 0 0 0 0 0 0 0 0 0 0.2 0 0 0 0 
 39.6 18 25.200000000000003 15 13.600000000000001 11 80 25.6 50.2 59 26.8 73.60000000000001 74.4 57 28.400000000000002 56.400000000000006 26.200000000000003 8.4 67.8 0 0 0 0 0 0.2 0 0 0.4 0 0 0 0 0 0 20.400000000000002 0 0.4 0 0 0 0 0 0 0 0 0 0 0 0 0 0.6000000000000001 0 0 0.4 0 0.8 0 0 0 0 0 0 0 0 0 0 6.4 0 0 0 0 0.2 0.4 0 6.800000000000001 0 0.6000000000000001 0 0 0 7.2 0 0.4 4 0 4.2 2.2 6 6.6000000000000005 0 0.2 0.6000000000000001 0 8.6 1.4000000000000001 6.2 4 6 0 8 0 0 0 0 0 0 0 0 0 0 0 0 0 0 0 0 0 0 0 0 3.4000000000000004 0 0 0 0 0 0.2 0 0 0 0 0 0 0 0 0 0 1.2000000000000002 0 0 0 0 0 0 0 0 0 0 0 0.2 0 0 0 0 0 0 0 0 0 0.4 1.6 2.2 0.8 0 1.4000000000000001 0 3 2.8000000000000003 1 0.2 3.6 0 4.4 3.4000000000000004 5 2.2 0 4.4 0 5.6000000000000005 0 0 0 0 0 0 0 0 0 0 0 0 0 0 0 0 0 0 0 0 0 0 0 0 0 0 0 0 0 0 0.2 0 0 0 0 0 0 0 0 0 0 0 0 0 0 0 0 0 0 0 0 0 0 0 0 0 0 0 0 0 0 0 0 0 0 0.4 17.8 0.2 1 0 0 1.4000000000000001 0 0 0 0 0 0 0 0 0 0 3.8000000000000003 0 0 0 0 0 0 0 0 0 0 0 0 0 0 0 0 0 0 0 0 0 0 0 0 0 0 0 
 0 0.6000000000000001 0 0 15 14.600000000000001 0.2 0 0 18.8 0 0 0 0 0 0.4 0 5.6000000000000005 0 0 0 18.400000000000002 55.800000000000004 12.600000000000001 22.400000000000002 6 75.2 16.400000000000002 30 20.400000000000002 26 17.2 27.200000000000003 23.6 16 31.200000000000003 23.200000000000003 7 12 24.400000000000002 0.6000000000000001 0 0 0 0 0 0.4 0 0.6000000000000001 0 0 0 0.4 0.6000000000000001 0.4 0 0 0 0.4 0 0.4 0 0 0 0.4 0 0.4 0 0 0 0 0 0 0 0 1.4000000000000001 0 0.6000000000000001 0 0 0 0 0 0 0 0 0 3.6 0 0 0 1.6 0 0 0 0 0 0 0 0 5.2 14 1.6 0 3.2 4.6000000000000005 0 6.2 0.4 11.4 6.4 0.2 3 13.4 11.4 5.4 3.4000000000000004 5.4 1.8 7 0 0.4 0 0 0 0 0 0 0 0 0 0 0 0 0 0 0 0 0 0 0 0 0 0 0 0 0 1 0 0 0 0 0 0 0 0 0 0 0 0.2 0 0 0 0.2 8.6 2.8000000000000003 0 0 0 0 0 4 4 1.2000000000000002 0 2 0 0 0 0 0 3.2 1.2000000000000002 0 1.2000000000000002 2.4000000000000004 0.4 5 7.4 7.4 0.4 1.4000000000000001 2 3.2 0 7.6000000000000005 0 3 0.2 4 0 2 0 0 1.4000000000000001 0 3.4000000000000004 0 0 0 0 0 1.6 0 0 0 0 0 0 0 0 0.2 0 0 0 0 0 0 0 0 0 0 0 0 0 0 0 0 0 0 0 0 0 0 0 0 0 0 0 0 0 0 0 0 4.4 0.4 0 34.2 0 0.4 15.8 0.2 0 0 0 0 0 0 0 0 0 0 0 0 0 0 0 0 0 0 0 0 0 0.2 0 3 0 0 0 0 
 0.4 0 0 0.2 0.2 17.6 0 0.2 0 0 15.200000000000001 0 0.4 0 0 0.2 0 0 0 0 18.400000000000002 0 22 20.400000000000002 20.8 50.2 15.4 39.2 14 33.2 7.2 24.400000000000002 24 45.2 46.6 13 23.6 4.6000000000000005 28.200000000000003 18.6 42 0 0 0 0 40.800000000000004 0.8 0.6000000000000001 0 0 0 0 1 0.6000000000000001 0.2 1.2000000000000002 0 0 1.2000000000000002 0 7.4 0 0 1.2000000000000002 0.4 0 0.4 0 0 0.6000000000000001 0 0 0.4 0.6000000000000001 0.6000000000000001 0 0.2 0.4 0.4 0 0 0 0 0 0 0 0 0 0 0 0 0 0 0 0 0.2 0 0 0 0 3.4000000000000004 4 0 6.2 4.2 7.6000000000000005 3.8000000000000003 0 3.6 0 3.6 1.4000000000000001 1.8 5.6000000000000005 0 0 20.400000000000002 0 0 4 0 0 0 0 0 0 0 1 0 0 0 0 1.4000000000000001 3.4000000000000004 0 0 3.6 0 4.4 0 0 0 0 0.2 0 0 0 0 0 0 0 0 0 0 0 0 1.6 0 0 0 1.4000000000000001 0 0 0.6000000000000001 0 0.8 0 0 0 0 0 0 0 0 0 0 0 0 0 0 3.6 1.6 0.6000000000000001 0.6000000000000001 0 3.8000000000000003 0 3.6 0 3.6 0 0.4 0.2 7.4 0 5.2 8.8 0 1.4000000000000001 9.600000000000001 0 0 0 0 0 0 0 0 0 0 0 0 0 2 0 0 0 0 5.2 1.4000000000000001 0 0.4 0 0 0 0 0 0 0 0 0 0 0 0 0 0 0 0 0 0 0 0 0 0 0 0.2 0 0 0 0 0 0 0 0 2.4000000000000004 0 0.4 19.8 0 0 3.8000000000000003 0 0 0 0 0 0 0 0 0 0 0 0 0 0 0 0 0 0 0 0 2 0 0.4 0 4 2 0 0 0 
 0 0 0 6.6000000000000005 0 0.4 0 0 0 0 0 0 0 0 0 0 0 0 0 0 55.800000000000004 22 0 36 25.200000000000003 24.200000000000003 26 118.2 50.400000000000006 28 119.80000000000001 12.8 22.400000000000002 16 38.400000000000006 44.400000000000006 17.8 23.6 9.200000000000001 13.200000000000001 0.6000000000000001 0 0 0 0 0 0.4 0 0 0 0 0 1 0.8 0.2 0.2 0 0 0.4 0 0.2 0 0 0.2 0.4 0 0.4 0 0 0 0.6000000000000001 0 0.4 0 0 0 0 0.4 0 0 0 0.4 0 0 3.8000000000000003 0 0 0 0 0 0 0 0 4.2 0 0 0 0 0 0 0 1.8 8.200000000000001 2.4000000000000004 6.6000000000000005 2.4000000000000004 0.8 3 3.4000000000000004 15.4 3.8000000000000003 4.6000000000000005 0 2.8000000000000003 5.2 2 7 2.2 4.2 0 0 2 0 0 0 0 3 0.8 0 0.4 0 0 1.4000000000000001 0 0 0 0 0 3.4000000000000004 5.6000000000000005 0 0 0 0 0.2 0 0 1.4000000000000001 0 0 0 0 0 0 0 0 0 0 0 0.4 4.2 0 0.2 0.6000000000000001 0 0 0 0 0 0 0 0 0 0 0 0 0 0 0 0 9 8.200000000000001 1.8 3.8000000000000003 2.2 5.2 0 0 6.2 1.8 2.8000000000000003 7.6000000000000005 0 4 0 12 3 3.8000000000000003 0 0 0.2 0 0 0 0 0 3.6 0 0 0 0 0 0 6.4 0 0 0 0 2.8000000000000003 1.4000000000000001 0.4 0 0 0 0 0 0 0 0 0 0 0 0 0 1.6 0 0 0 0 0 0 0 3.6 0 0 0 0 0 0 0 0 0 0.6000000000000001 0 1.8 0.2 0.2 0.6000000000000001 0.2 0.4 4.4 0 0 0 0 0 0 0 0 0 0 0 0 0 0 0 0 0 0 0 0 0 0 0 0 0 0 0 0 0 
 0.8 0 1.6 0 0 0 14.8 15.600000000000001 0 0 0 0 0.2 0 0 0 0 0 0.4 0 12.600000000000001 20.400000000000002 36 0 37.6 22.8 32.4 25.6 23.6 22.400000000000002 43 37.4 25.8 11 30 47 16.6 40.6 13.200000000000001 18.2 13.4 0 0 0 0.2 0 17.2 4.800000000000001 0 0 0 0 0.6000000000000001 13.4 0.4 0.4 0.2 0 5 26.200000000000003 6.2 0 0.4 1 0.4 0 0.4 0 0 0.4 0.6000000000000001 0 0.2 0 0.4 0 0.8 1 1 0 0 0 0 0 0.2 0 0 0 0 0 0 0 0 0 0 0 0 0 0 0 1.6 0 2.2 0.2 3.8000000000000003 9.600000000000001 0 0 4.800000000000001 1.6 0 2.6 0 3.8000000000000003 1.4000000000000001 3 3.4000000000000004 4.800000000000001 0 0 0.8 0 0 0 0 0 0 2.4000000000000004 3.8000000000000003 1.8 0 0 2.8000000000000003 0 0 1.6 0 0 4.4 6.2 0 0 0 0 0 0.6000000000000001 0 0 0 0 0 0 0 0 0 0 0 0 0 0.4 0.4 0.6000000000000001 0 0 0 0 0 0 0 0 0 0 0 0 0 0 0 0 0 0 0 1.6 7.4 2.8000000000000003 5.6000000000000005 0 0 3.6 2.8000000000000003 6 1.6 5.6000000000000005 0 1.8 0 2 2.8000000000000003 5 0 0 3.4000000000000004 0.8 4.2 0 0 0 0 0.2 0 0 0 0 0.2 6.2 0 0 0 1 4.2 7.4 0 0 0 0 0 0 0 0 0 0 0 0 0 0 0 0 0 0 0 0 0 0 0 0 0 0 0 0 0 0 0 0 0 0 1.8 0.4 0 15.4 16 0.4 0.4 0 0 0 0 0 0 0 0 0 0 0 0 0 0 0 0 0 0 0 0 0.2 0 0 0 3.4000000000000004 0.2 0 0 0 
 0.8 0.2 1.4000000000000001 0.4 0.8 0.2 0.4 0.8 0.2 0.6000000000000001 0.4 0.4 1.2000000000000002 0.2 0.2 0 0 0.4 0.2 0.2 22.400000000000002 20.8 25.200000000000003 37.6 0 44.400000000000006 52.6 19.400000000000002 17 34.4 19 15 12.200000000000001 10.200000000000001 31 54.800000000000004 43 35.800000000000004 25 23.8 0.6000000000000001 0 0.4 17 0 0 0.6000000000000001 6.4 1.6 0 0 0 12.8 0.6000000000000001 18.2 0 0 0 0.6000000000000001 0 0 0 0 0.4 0.4 0 0.4 0 0 0 0 0 0 0 0 0 0 0 1 0 0 0 0 0 0 0 0 0 0 0 0 0 0 0 0 0 0 0 0 0 2.6 0 9 4.6000000000000005 0 3.8000000000000003 0 2.4000000000000004 0 0 4.6000000000000005 3.4000000000000004 0 0 3.4000000000000004 1.6 2.4000000000000004 0 0 0 6.4 3.6 2.4000000000000004 0.2 5.6000000000000005 0 2 3.8000000000000003 0 0.2 0 4.2 10.200000000000001 0 0 1.2000000000000002 2.8000000000000003 0 0.2 6.4 0 0 0 0 0 0 0 3.2 0 0 0 0 0 0 0 0 0 0 0 0.4 1.2000000000000002 0 0 0.6000000000000001 0 0 0 0 0 0 0 0 0 0 0 0 0 0 3 0 0 0 0 0 0.8 11.4 0 0 2.2 0 3.2 0 0 0 0 7 0 3.8000000000000003 0 0 3.8000000000000003 0 0.2 0 0 0 4.6000000000000005 8.6 0 4.800000000000001 2 0 0 4.4 2.8000000000000003 0 0.8 1 0.4 3.6 0 0 0 0 0 0 0 0 0.2 0 0 0 0 0 0 0 0 0 0 0 0 0 0 0 0 0 0 0 0 0 0 0 0 0 1 0 0.2 9.4 1.2000000000000002 0 4.4 2.6 0 0 0 0 0 0 0 0 0 0 0 0 0 0 0 0 0 2.6 0 0 0 0 0 0 0 0 0 0 
 0 0.4 0.4 0 0 0 0 0 0 0 0 0 0 0 0 0 0 0 1.2000000000000002 0 6 50.2 24.200000000000003 22.8 44.400000000000006 0 8.6 19.200000000000003 23.8 73.60000000000001 18 63 4.6000000000000005 6.2 98.80000000000001 31 27.200000000000003 40.400000000000006 52.800000000000004 9.4 0.6000000000000001 12.4 0 0 0 1.4000000000000001 0.2 12.8 6.2 0 13 0 5 12.200000000000001 13.600000000000001 0 8.6 0 5.2 4.6000000000000005 0 0 0 0 0.4 0.8 0.4 0 0 0 0.2 0 0.2 0 0 0 0 0 11 0 0 2.4000000000000004 0.2 3.8000000000000003 0 0 0 0 0 0 0 0 0 0 0 0 0 0 0 0 0 0.2 0 3.4000000000000004 4.2 2.8000000000000003 0 0 0 0 5 8 0 0 0 0 0 0 0 0 2.8000000000000003 5 4.4 3.8000000000000003 1.6 0 3.2 3.4000000000000004 0 3.8000000000000003 0 0 11.600000000000001 5.6000000000000005 17.2 0.2 4.4 2 18.8 7.800000000000001 0.4 0 1 0 0 8 0 0 0 0 0 0 0 0 0 0 0.2 0 0 0.2 0 0 0 0 0 0 0 0 0 0 0 0 0 0 0 0 0 0 0 0 0 0.2 0.2 3 2.6 6.2 0 0 2.4000000000000004 0 2 0.6000000000000001 0 0 0 3.6 0 0 0 0 0.2 3 3.4000000000000004 0.4 0.4 0 0.4 4.2 1 5.800000000000001 0 0 0 1.8 3 4.4 0.2 0 0 4.6000000000000005 0 0 0 0 1.8 0 0 0 0 0 0 0 0 0 0 0 0 0 0 0 0 0 2.2 0 0 5.6000000000000005 0 0 0 0 0 0 0 0 2.2 0 0.2 0.8 22.200000000000003 0 1 0 0 0 0 0 0 0 0 0 3.6 0 0 1.8 0 0 0 0 0 0 0 0 0 0 0 0 0 0 0 0 
 0 0 0.2 0 18.400000000000002 12 0 0.8 0 27.200000000000003 0 16.2 0 0 0 0 0 14.600000000000001 0 0 75.2 15.4 26 32.4 52.6 8.6 0 46.6 69.60000000000001 11.4 24 7 54.800000000000004 20.6 25.8 6.2 20.6 47.400000000000006 26.8 32.800000000000004 0.6000000000000001 0 0 0.4 0.4 0 0.4 0 1.2000000000000002 0.8 0.2 0 1.6 0.6000000000000001 0.8 0.2 0 0 1.4000000000000001 0 0 0.2 0 0.2 0.4 0 0.4 0 0 0 0.6000000000000001 0 0.4 0 0 0 0 0.6000000000000001 0 0 0 1.8 0.4 2.2 0 2.6 0 0.4 0 2.4000000000000004 0 2.8000000000000003 0 0 0 0 0 1.8 0 0 3.6 7.6000000000000005 0 2.8000000000000003 2.6 0 0 4.800000000000001 0 2 6.800000000000001 0 14.200000000000001 3 3 0 0.2 0 2.4000000000000004 5.800000000000001 0 0 0.2 0 0 0 0 0 0 0 0 0 0 0 0 0 0 0 0 0 0 0 0 0 0 0 0 0 0.2 0 0 0 0 0 0 0 0 0 0 0.4 0 0 0 4 7.4 3 0 0 0 0 0 6.2 0 0.4 0 0 0 0 0 0 2.2 1.2000000000000002 2.6 3.6 0 0 7.6000000000000005 4 2.6 2 2 0 4.6000000000000005 0 2.8000000000000003 1.6 0.2 2.4000000000000004 5 3 0 1.2000000000000002 0 0 0 0 2 0 0 0 0 0 1.4000000000000001 0 0 0 0 0 2.6 0 0 0 0 0 0 0 0 0 0 0 0 0 0 0 0 0 0 0 0 0 0 0 0 0 0 0 0 0 14.8 14.8 0 0 0 3.6 2.4000000000000004 0 0 0.2 0 0 0.2 3.4000000000000004 0 0 0 0 0 0 0 0 0 0 0 0 0 0 3.2 0 0 0 0 2 0 0 0 0 0 0 0 0 
 1.2000000000000002 0.6000000000000001 20.6 0.6000000000000001 18.6 15.600000000000001 0.4 0.6000000000000001 0.4 0.4 0.4 0.4 0.4 15.4 6.4 0 0.8 0.4 0.6000000000000001 0.4 16.400000000000002 39.2 118.2 25.6 19.400000000000002 19.200000000000003 46.6 0 42 39.6 7.4 17.400000000000002 11.4 43.400000000000006 17 80 12.8 22.6 29.400000000000002 29.200000000000003 0.6000000000000001 0 0 0.2 0 0 0.4 0.4 0 0.2 0 0 0.4 1 1 0 0 0.6000000000000001 1 0.4 0.8 0 0 2.4000000000000004 0.4 0.4 0.4 0.6000000000000001 0 0.4 0.6000000000000001 0.4 0.6000000000000001 0 0 1 0.8 0 0 0.2 0 0 0 0 0 0 0 0 0 0 0 0 0 0 0 3.6 0 0 0 0 2.2 4.800000000000001 6.4 4.2 1.8 0 0 10.600000000000001 2.8000000000000003 1.6 3.4000000000000004 4.2 0 0 4.800000000000001 1 8.4 3.6 0 0 0 0 0 0 0 0 0 0 0 0 0 0 0 2.4000000000000004 0 0 0 0 10.600000000000001 0 0 0 0 0.2 0 0.2 0 0 0.6000000000000001 0.2 0 0.2 0 0 0 0 0.2 0 0 0.2 0 0 0 0 0 0 0 0 0 0 0.2 0 0 0 0 0 0 0 0 0 3.4000000000000004 5 4 5.4 0.4 0 2.4000000000000004 0 2.4000000000000004 0 12.8 2 2.8000000000000003 1.8 0 8.200000000000001 3.8000000000000003 0 0 5.2 0 0 0 0 0 0 2 0 0 0 0 0 1.8 0 0 0 0 0.2 3.8000000000000003 0 0 0 0 0 0.2 0.4 0 0 0 0 0 0 0 0 0 0 0 0 0 0 0 0 0 0 0 0 0 0 0 0 0 0 0 0 2.8000000000000003 0 0 20.200000000000003 0 0.2 0.4 0.6000000000000001 0 0 0 0 2.8000000000000003 0 0 0 0 0 0 0 0 0 0 1 0 0 0 0 0 0 0 0 0.2 0 0 0 
 0 0 0.2 0 1 0 0 0 0 0 0 0 0.4 0 0 0 41.400000000000006 0 0 0 30 14 50.400000000000006 23.6 17 23.8 69.60000000000001 42 0 24.400000000000002 26.400000000000002 25.6 29.8 33.2 37.4 33.4 25.8 22.200000000000003 61.400000000000006 8.4 0.6000000000000001 0 0 0.6000000000000001 0.6000000000000001 0.2 0.4 0 1.2000000000000002 6.6000000000000005 0.6000000000000001 0 1.6 0.6000000000000001 0.4 0.4 0.4 0.4 0.6000000000000001 0 6 0 0 0.2 1 0.6000000000000001 0.4 0 0 0.6000000000000001 0.8 0.4 0.4 0 0 0 0 1 0 0 0 0 0 0 0 0 0 0.4 0 0 0 0 0 0 0 0 0 0.4 0 2.6 1.6 0.8 2.8000000000000003 3.2 13.4 3.6 0 7.2 5.4 7.2 15.200000000000001 1.6 0 9.4 0.4 1.2000000000000002 5.6000000000000005 1.2000000000000002 0 2.4000000000000004 0 1.8 0 0.4 0 0 2.2 0 0 0 0 0 1.6 2.8000000000000003 0 0 0 0 0 0.2 0 0 0 0 0 0 0 0.8 0.4 0 0 0 0 0 0 0 0 0 0 0.4 0 0 0 0.2 0 0 0 0 0 0 0 1.8 0 1.2000000000000002 0 0 0 0 0 0 0 0 0 6.2 0 7.6000000000000005 0 3.2 7.4 5.2 0 2.6 0 3.2 0 5.4 2.6 3.2 0 0 0 0 0 0 0 0 4.4 0 2 0 0 0 4.2 0 0 0 0 0 0.2 0 3.2 0 0 0 0 0 0 0 0 0 0 0 0 0 0 0 0 0 2.8000000000000003 0 0 0 5.2 0 0 0 0 0 0 0 0 0 0 0 0.8 0 0 16.400000000000002 0.2 0 0.2 0.2 0 0 0 0.6000000000000001 2.2 0 0 0 0 0 0 0 0 0 0 0 0 0 0 0 0 0 0 2.4000000000000004 3.8000000000000003 0 0 0 
 0.2 0 0 0 0.2 0 0 0 0 0 0.6000000000000001 0.2 0 0 0 0 0 0.2 1 0 20.400000000000002 33.2 28 22.400000000000002 34.4 73.60000000000001 11.4 39.6 24.400000000000002 0 52 22.8 24.6 41.400000000000006 67.2 53 134.20000000000002 41.800000000000004 35.800000000000004 16.6 0.6000000000000001 0.4 0 0.2 0 0 0.4 0 1 2.4000000000000004 0 0 1 0.6000000000000001 0.4 2 0.4 0.4 9.8 0 0 0 0 0.2 0.4 0 0.4 0 10.200000000000001 0 0.6000000000000001 0 0.4 0 0 0 0.2 0.2 0 0 0 0 0 0 0 0 0 1.4000000000000001 0.2 0 0 0 0 0 0 0 0 0 0 0 0 0 0 13 18 3 3.6 2.4000000000000004 5 6.4 6.2 4.2 3 2.6 0 0 8.200000000000001 4.2 0.4 0.2 0 3.2 0 0 0 0 2.6 0 0 0 0 2.6 9.200000000000001 2.8000000000000003 0 2.8000000000000003 0 0 5.800000000000001 2.6 0 0 0 0 0 0 0 0.2 0 0 0 0 0.2 0 0 0.2 0 0.4 0 0.2 1 0 0 1.6 0 0.2 0 0 0 0 0 0 0 0.2 0 0 0 0 0 0.2 4 0 0.2 0 6 9.8 0 0 15.8 1.8 2.6 2.2 0 3.4000000000000004 2.6 4.6000000000000005 0.2 6.6000000000000005 0.8 4 0.2 0 0.4 0 0 0 3 0 0 0 0 0 5.800000000000001 2.4000000000000004 0 0 0 0 0.2 0.4 0 0 0 0 0 0 0 0 0 0.4 0 0 0 0 0 0 0 0 0 0 0 0 0 0 0 0 0 0 0 0 0 0 0 0 2.4000000000000004 0.4 0.4 0.4 0 0.6000000000000001 4.2 0 0 0 0 0 2.2 0 0 0 0 0 0 1.6 0 0 0 0 0 0 0 5 0 0 0 0 3.2 0 0 0 
 0.4 0 0 0 0.4 0 0 0.2 0 0.4 0 0 0.6000000000000001 0.4 0 0 0 0 0.2 0 26 7.2 119.80000000000001 43 19 18 24 7.4 26.400000000000002 52 0 14.600000000000001 35.2 19.400000000000002 58.400000000000006 21 16.2 17.8 8 11.600000000000001 0.6000000000000001 0.6000000000000001 1.2000000000000002 0 0 0 6 13.200000000000001 0 0.4 0.4 0 1.6 1 1.2000000000000002 1.2000000000000002 0.2 0.2 6.4 0.4 1.2000000000000002 0 0 0.6000000000000001 0.4 0 0.4 0 1 0.8 0.2 0 0.2 0.6000000000000001 0 0 0.4 0.6000000000000001 0.8 0 0 0 0 0 0 0 0 0 3.4000000000000004 0 0 0 0 0 0 0 0 0 2 0 5.6000000000000005 2 1.8 0.4 4.2 6.4 0 1 0 3.6 6.6000000000000005 1.8 0 0 7.6000000000000005 2.4000000000000004 3 9.4 0 1.2000000000000002 2.8000000000000003 0 0 4 0 0 0 0 0.2 0 0 0 1.8 0 10 7 0.2 0 5 3.6 0 3 0.2 0 0 0 0 0 0 0 0 0 0 0 0 0 1.6 0 0 0 0 0 0 0 0 0 0 0 0 0 0 5 0 1 0 0.2 0 0 0.4 0 0 2.2 0.4 2.4000000000000004 3 0 2 0.2 2.8000000000000003 6.800000000000001 1.6 3.8000000000000003 0 2.4000000000000004 0 0.2 0 3.8000000000000003 0 0 1.2000000000000002 0 0 0 0 0 0 0 0 0 0 0 4 3.4000000000000004 0.4 0 0 5 0.2 1.6 0 0 0 0 0 0.2 4.4 0 0 0 0 0 0 0 0 0 0 0 0 0 0 0 0 0 0 0.4 0.4 0 0 0 0 0 0 0 2.4000000000000004 0 0.4 16.6 1 0.6000000000000001 0 0 0 0 0 0 0 0 0 0 0 0 0 0 0 0 0 0 0 0 0 1.8 0 0 0 3 0 0 0 0 
 0 0 0 0 0.4 0.4 0 0 0 0 0 0.4 0.6000000000000001 0.4 0 0 0 0 0.8 0 17.2 24.400000000000002 12.8 37.4 15 63 7 17.400000000000002 25.6 22.8 14.600000000000001 0 7.2 5.800000000000001 51.800000000000004 5.6000000000000005 16 34 18.6 7.6000000000000005 4.800000000000001 0 0 0 0 0 9.600000000000001 12.200000000000001 0 0 0 0 0.4 4.800000000000001 0.8 0 0 0 0.4 16.8 0 0 0 0 0.4 0 0.4 0 0 0 0.2 0 0.6000000000000001 0 0.2 0.2 2 0 0 0 0 0 0 0 0 0 0.4 0 0 0 0 0 0 0 0 0 0 0 0 0 3.4000000000000004 0 2.2 3 2 3.2 0 1.8 0 0 3.2 4 0 0 0 0 1.4000000000000001 0 0 0 2.2 0 0 0 0 0 4.800000000000001 3 2.2 2 0 0 2.6 2 2.6 0 0 0 4 4.800000000000001 0 0 2.2 0 0 1.2000000000000002 0 0 0 0 0 0 0 0 0 0 0 0 0 0.2 0 0 0 0 0 0 0 0 0 0 0 0 0 0 0 0.4 0 0 0 0 0 0 0 2.4000000000000004 2.2 0 0 0.4 0 0.4 0 0 0 0 0 2.4000000000000004 0 3.2 0 0 1.6 2.4000000000000004 3 2.6 0 0 4 0 0 0 0 0 4.2 2.6 0.6000000000000001 3 0 0 4 1.8 0 0 0 0 0 0 0 0 0 0 0 0 0 0 0 0 0 0 0 0 0 0 0 0 0 0 0 0 0 0 0 0 0 0 3.2 0 0 17.6 0.8 0.4 0.8 0.4 0 0 0 0 2.8000000000000003 0 0 0 1 0 0 0 0 0 0 0 0 1.8 0 0 0 0 0 0 3.2 0 0 0 
 0 0 0 0 37 16 0 0 0 0.2 19.8 30 0 0 0 0 14.600000000000001 0 0 0 27.200000000000003 24 22.400000000000002 25.8 12.200000000000001 4.6000000000000005 54.800000000000004 11.4 29.8 24.6 35.2 7.2 0 46.6 20.8 10.8 22.200000000000003 6.800000000000001 14 29 0.6000000000000001 0 0 0 0 0 0.4 0 0 0 0 0 0.8 0.6000000000000001 0.4 0.4 0 0 0.4 0 9.8 13.200000000000001 0 0 0.4 0 0.4 0 0 0 0.4 0 0.2 0 0 1 0 0 0 0 0 0 0 1.4000000000000001 9.8 0 0 5.4 0 0 1.8 4 0 0 0 0 2.4000000000000004 0 0 0 0 4.4 0 0 4 0 1.6 1.8 4 0 0 0 3.6 9.4 3.8000000000000003 6 0.4 3.4000000000000004 4 2.4000000000000004 0 0.2 3.6 0 0 0 0 0 0 0 0 0.4 0 0 0.4 0 0 0 0 0 0 0 0 0 0 0 0 0 0 0 0 0 0 0 0 0 0.2 0 0 0 0 0 0 0 0 1.6 0 0 0 0 0.4 2 0 0 0 0 0 0 0 0.6000000000000001 2.2 0 2.8000000000000003 3.2 0.2 0 0 14.600000000000001 0 9.4 3.8000000000000003 0.2 2.4000000000000004 3.2 7.2 3.4000000000000004 5.4 0 3.2 0.2 0 1.8 0 0 0 0 0 0 0 0 0 0 0 0 0 0 0 0 0 0 0 0 0 0 0 0.2 0 0 0 0 0 0 0 0 0 0 0 0 0 0 0 0 0 0 0 0 14.8 0 0 14.8 0 0 0.4 0.2 0.8 0 0 0.4 0 0.4 0 0 0 0 0 0 0 0 0 0 0 0.4 0 0 0 0 0 0.2 0 0 0 2.2 0 0 0 0.2 0 0 0 0 
