 0 37.6 37.4 65.2 23.6 27 30.400000000000002 6.800000000000001 45 8.6 6.800000000000001 23.8 18.6 85.80000000000001 26.200000000000003 29.400000000000002 9.4 49 70.4 38.800000000000004 0 0 0.4 0.2 0 0.6000000000000001 0 0.8 0.2 0 0 0 0.2 0.6000000000000001 0 0 1 0 16 0.6000000000000001 0 0 0.6000000000000001 0 0.6000000000000001 8 0.6000000000000001 0.4 0 0 0.8 0 0.4 0.4 0 1 0.2 0 0.2 0 0 0 0.6000000000000001 0.6000000000000001 0.4 0 0 0.2 0.4 0.4 0 0 4 1.4000000000000001 0 0 0.2 0 0 0.4 21.400000000000002 5.800000000000001 5.800000000000001 6 8.6 0 10.8 4 4.4 4.6000000000000005 0 2.8000000000000003 0 2 1.4000000000000001 2 0 2.2 1.4000000000000001 3 0 0 0 0 0 0 1.4000000000000001 2.4000000000000004 0 0 0 0 0 0 0 0 0 0 0 0 0 0 0 0 0 0 0 0 0 0 0 0 0 0 0 0 0 0 0 0 0 0 0 0 0 0 0.2 0 0 0 0 0 0 0 0 0 0 0 0 0 3.6 9.200000000000001 5.2 0.2 2.2 5.800000000000001 0 0 4.6000000000000005 0 0 4.2 2.4000000000000004 13.8 3.8000000000000003 0 0 3.8000000000000003 2.6 0 0 0 0 0 0 0 0 0 0 0 0 0 0 0 0 0 0 0 0 1.4000000000000001 0 0 0 0.4 0 2.8000000000000003 0 0.8 0 0 0 0 0 0 0 0 0 0 0 0 0 0 0 0 0 0 0 0 0 0 0 0 0 0 0 0 0 0.2 0 0 0 2.2 0 0 0 0 17.8 0 0 0.2 0 1.6 0 0 0 0 0 0 0 0 0 0 0 0 0 0 0.4 0 0 0 0 0 0 0 0 3 0 0 0 0 0 0 0 0 0 0.4 0 0 0 0 
 37.6 0 66.2 46.2 38.6 7 39.800000000000004 60 76.2 27.200000000000003 30.8 8.8 19.200000000000003 50.2 30.200000000000003 48.800000000000004 26.200000000000003 5.800000000000001 59.6 12.4 0 0.2 0.4 0 0.6000000000000001 0.8 0 0 0.4 0 0 0.4 0 0 0 0.4 0.4 0 0 0.6000000000000001 0.6000000000000001 13 0.6000000000000001 0 0.4 0 0.4 0.4 0 0 0.6000000000000001 0 0.4 1 0 0 0 0 0 0 0 0 1 0.6000000000000001 0 0.4 0.4 0.6000000000000001 0 0.6000000000000001 0.4 0.4 0 0.8 0 7.6000000000000005 0 0.4 0.4 0.4 2 5.800000000000001 4.6000000000000005 8.4 0 0 3.8000000000000003 0 3.4000000000000004 2.8000000000000003 2 6 5.4 2.2 6.6000000000000005 0 9.200000000000001 10.600000000000001 7 0.8 0 0 0 0 0 0 2 0 0 0 0 0 0 0 0 0 0 0 0 0 0 0 0 3 0 0 0 0 0 0 0 0 0 0 0 0 0 0 0 0 0.4 0 0 0.2 0 1.4000000000000001 0 0 0 0 0 0 0 0 0 0 0 0 2 0.4 4.2 7.6000000000000005 2.6 2.8000000000000003 3 2.8000000000000003 2.8000000000000003 2 3.4000000000000004 0 0 6.4 0 0 2.8000000000000003 0 3 1.4000000000000001 0 1.6 0 0 0 0 0.2 0 4 0 0 0 0 0 0 0 0 0 0 0 0.2 3.8000000000000003 0 0 0 0 0 0 0 0 0 0 0 0 0 0 0.2 0 0 0 0 0 0 0 0 0 0 0 0 0 0 0 0 0 0 0 0 0 0 0 0 0 0 3.8000000000000003 0 0 0 0.4 0.6000000000000001 0 0 0 2.2 3.6 0 0 0 0 0 0 0 0 0 0 0 0 0 0 0 0 0 0 0 0 0 0 0 3 10.200000000000001 3.2 0 0 0 0 0 0 0 0 0 0 0 0 
 37.4 66.2 0 51.6 26 8.6 71.60000000000001 36 66.2 19.8 19.400000000000002 82.2 48.2 48.400000000000006 8.6 27.6 113.60000000000001 26.6 24.6 51.6 0 0.6000000000000001 0.4 0.2 0 1 0 0 0.2 0 0 0.4 0.6000000000000001 0 0 0 0.8 0 0.4 0.6000000000000001 0 0 0.6000000000000001 0 0.6000000000000001 0 0.4 0.4 0 0 1.4000000000000001 0 0.2 0.4 0 0 0.4 0 0 0 0 8.200000000000001 0.6000000000000001 0.6000000000000001 0 0.4 1 0.4 0 0.6000000000000001 0 0 0 0.4 0 0 0 0 0 0.4 1.8 4.2 0 9.4 2.2 0 10.4 5 5.6000000000000005 0.2 2 6.2 6.6000000000000005 9.8 4 2.6 0 4 4.4 3.8000000000000003 0 0 0 0 0 0 0 0 0 0 0 0 0.4 0 0 0 0 0 0 0 0 0 0 0 0 0 0.4 0 0 0 0 0 0 0 0 2.8000000000000003 0 0 0.4 0 0 0 0 0.4 0 0 0 3 0 0 0 0 0 0 0 0 0 0 1 0 3.2 2 0 2 0 3.2 4.800000000000001 2.4000000000000004 0 3.2 0 3.4000000000000004 3 3.8000000000000003 2.8000000000000003 0.2 3 3.8000000000000003 2 3 0 0 1.6 0 0 0 0 0.4 0.2 0 0 0.4 0 0 0 0 0 0 0 7.2 2.6 0 0 0 0 0 0 0 0 0 0 0 0 0 0 0 0 0 0 0 0 0 0 0 0 0 0 0 0 0 0 0 0 0 0 0 0 0 0 0 0 0 0 0 0 0 0.2 0.4 0 17.2 2.8000000000000003 2.8000000000000003 0 0 0 0 0 0 0 0 0 0 0 0.4 0 0 0 0 0 0 0 0 0 0.4 0 0 5.4 1.8 0 0 0 0 0 0 0 0 0 0 0 0.4 
 65.2 46.2 51.6 0 30 71.60000000000001 19.6 17.6 68.2 37 36.6 8.8 13.200000000000001 51 34 58 8.200000000000001 26.8 16.2 11.200000000000001 0 0.2 0.2 0.2 0.2 0.6000000000000001 0.2 0 0.2 0 0 0 0.4 0 14.600000000000001 0 0.4 0 15 0.6000000000000001 0 0 0.6000000000000001 0 0.6000000000000001 0 0.4 0.4 0 0 0.4 12.8 0.4 0.4 0 0 0 0 0 0 0 0 0.6000000000000001 0.6000000000000001 0 0 0 0 0 0.2 0 0 0 0.4 0 0 0 0 0 0.4 5.2 12.200000000000001 4.6000000000000005 7.2 6.4 8.4 5.6000000000000005 2.4000000000000004 0 2.6 2.2 2 0 0 5.800000000000001 8.6 0.8 4.6000000000000005 0 0 4.800000000000001 0 8.6 0 0 0 2.4000000000000004 2.4000000000000004 0 0 0 0 0 0 0 0 2.8000000000000003 0 0.6000000000000001 0 0 0 0 0 0 0 0 0 0 0 0 0 0 0 0 0 0 0.2 0 0 0 1 0.2 0 0 0 0 0 0 0 1.2000000000000002 0 0 2 0 0 0 0 0 0 3.4000000000000004 14.200000000000001 7.6000000000000005 3.4000000000000004 9.4 3.8000000000000003 0 0 0 2.8000000000000003 3.6 6.4 0 0 1.8 0.2 0.8 0.4 0 0 0.4 0.2 0 0 0 0 1.8 0 2.8000000000000003 0 0 0 1.6 0 0.2 0 0 0 3.2 0 0 0 0 0 0 0 0 0 0 0 0 0 0 0 0 0 0 0 0 0 0 0 0 0 0 0 0 0 0.2 0 0 0 0 0 0 0 0 0 0 1.2000000000000002 0 1.8 0 0 0 0 18.2 0 20.6 1.6 0 2.4000000000000004 0 0 0 0 0.4 0 0 0 0 0 0 0 0 0 0.2 0 0 0 0 0 0 0 0 5 0 0 0 0 0 0 0 0 0 0 0 0 0 0 
 23.6 38.6 26 30 0 63.800000000000004 10.8 14.600000000000001 40.2 26 52.800000000000004 71 12.200000000000001 54.400000000000006 56.800000000000004 76.80000000000001 55.400000000000006 7.4 14.4 12.600000000000001 0.2 15.600000000000001 4 15.4 0 0.6000000000000001 16.2 15.4 0.6000000000000001 0 0.6000000000000001 0 0.6000000000000001 1.4000000000000001 0.4 0 15.200000000000001 0.6000000000000001 15.200000000000001 19 0 13 0.6000000000000001 0 0.6000000000000001 0.4 0.4 0.4 4.2 0 0.6000000000000001 0.4 0.4 0.6000000000000001 0 0 0 1.2000000000000002 0 0 0 0 0.6000000000000001 0.6000000000000001 0 0.4 0 0 0 0.2 0 0.2 0 0.4 0 0 0 0 0 0.4 1 3.6 2.4000000000000004 4.2 0 0 0 0 0 0 2.4000000000000004 6.800000000000001 0 0 2.8000000000000003 2.8000000000000003 3 4.4 0 2 3.6 3.4000000000000004 3.6 0.2 0 0 2.2 2.8000000000000003 7 0 2 0 5.6000000000000005 1 3.8000000000000003 0 1.2000000000000002 0 3 6.2 0 0 0 0 0 0 0 0 0 0 0 0 0 0 0 0 0 0 0 0 0 0 0 2.8000000000000003 0 0 0 0 0 0 0 0 0 0 0 0 0 0 0.2 0 0 3 3.6 3.2 8.6 0 0 0 0 0 0 3.6 0 0 4.6000000000000005 0 1.6 2.6 0 0 5.4 5.800000000000001 2 2.8000000000000003 0 0 3.8000000000000003 0 0 0 0 0 0 3.2 0 5 0 1.8 5.2 9 0 0 0 0 0 0 0 0 0 0 0 0 0 0 0 0 0 0 0 0 0 0 0 0 0 0 0 0 1.8 0 0 0 0 0 0 0 0 0 0 0 0 2.8000000000000003 0 0 0 1.2000000000000002 0.8 0 0 1 0 2.8000000000000003 8 0 0 0 0 0 0 0 0 0 0 0 0 0 0 0 0.2 0 0 0 0 0 0 0 0 1 0 0 0 0 0 0 0 3 0 0 0 0 
 27 7 8.6 71.60000000000001 63.800000000000004 0 10.600000000000001 24.200000000000003 72.2 11.8 14.600000000000001 75.2 50.400000000000006 29 24.400000000000002 24.200000000000003 47.800000000000004 82.60000000000001 8 52 0 0.2 0.2 0.4 0 0.4 0 0 0 0 0 0 0.4 17.6 0.6000000000000001 0 16.400000000000002 0 21 15.600000000000001 0 0.8 0.6000000000000001 0 0.6000000000000001 0 0.4 0.4 0 0 0.6000000000000001 0 0.4 0.6000000000000001 0 0 0 0 0 0 0 0 0.6000000000000001 0.6000000000000001 0 0 0 1.2000000000000002 0 0 0 0 0 0.4 0 0.6000000000000001 0 0 0 0.4 0 0 3.8000000000000003 0 8.4 2.8000000000000003 0 0.4 0 0.2 1.8 4.4 0 0.4 0 4.4 5.4 0 0 0 2.6 0 0 0 0 3.2 2.8000000000000003 4.4 2.2 7.4 5.6000000000000005 0.2 1 2.6 0 0 0.4 0 2.2 0 0 0 0 0 0 0 2.4000000000000004 0 0 0 0 0 0 0 0 0 0 0 0 0 3.6 0 0 0 0 0 0 0.4 0 0 0 3 0 0 0 0 0 0 0 0 2.4000000000000004 0 2.6 0 2.6 3.8000000000000003 0 0 0.2 0 2.2 3.2 0 0 0 5.800000000000001 0 1.4000000000000001 0 0 2.2 4.2 0.2 0 0 0 0 0 3.2 0 0 0 8.6 4.4 2.2 3.4000000000000004 0 0 2.2 2.8000000000000003 0 0 0 0 0 0 0 0 0 0 0 0 0 0 0 0.4 0 0 0 0 0 0 0 0 0 0 0 0 0 0 2.2 0 0 0 0 0 0.4 0 0 0 0 0 0 0 0 1 0 0 18 0.2 0 2 3.4000000000000004 0 0.4 0 0 0 0 0 0 0 0 0 0 0 0 0 0 0 0 0 0 0 0 0 0 0 0 0 0 0 0 0 0 0 0 0 0 0 
 30.400000000000002 39.800000000000004 71.60000000000001 19.6 10.8 10.600000000000001 0 21.6 10.200000000000001 9.200000000000001 61.800000000000004 51 52.800000000000004 28.8 26 30.200000000000003 7.6000000000000005 11.8 19.8 49.400000000000006 0 0.4 0.2 0.2 0 0.6000000000000001 0 0 0.6000000000000001 0 0 0.4 0 0 0 0 0.4 0 18.8 0.6000000000000001 0 0 0.6000000000000001 0 0.6000000000000001 0.4 0.8 0.4 0 0 0.6000000000000001 0 0 0.6000000000000001 12.200000000000001 0 0 0 0 0 0 0 0.6000000000000001 0.6000000000000001 0 0 0.4 0 0.4 0 0 1.6 0 0.4 0 0 0 0.8 0 0.4 7.800000000000001 9.4 0 0 0.2 0 0.4 0.8 10.4 0 0 0.2 11.8 0.2 4.4 6.800000000000001 1.8 0 7.2 7.6000000000000005 0 0 0 0 0 0 0 0 0 4 0 0 0.2 0 0 0 0 0 0 0 0 0 0 0 0 0 0.2 0 0 1.2000000000000002 0 0 0 0 0 0 0 0 0 0 0 0 0 0.4 0 0 0 0 0 0 0 0 0 0 0 0 0 0 0.2 0 0 0 0 0.2 0 0 8.200000000000001 2.2 10 0 1 0 13.200000000000001 0 0.2 0 4.4 0 0 3.4000000000000004 0 0 0 0 0 0.4 0 0.2 0.4 0 0 0 0 0 0 0 0 0 0 0 0 0 0 0 0 0 0 0 0 0 0 0 0 0 0 0 0 0 0 0 0 0 0 0 0 0 0 0 0 0 0 0 0 0 0 0 0 0 0 0 0 2.4000000000000004 0 0 0 0.2 0 0 0 0 0.2 1 0 0 0.4 0 0 0 0 0 0 0 0 0 0 0 0 0 0 0 0 0 0 0.2 0 0 4 0 0 0 0 0 0 0 0 0 0 0 0 0 
 6.800000000000001 60 36 17.6 14.600000000000001 24.200000000000003 21.6 0 34.800000000000004 4.800000000000001 62.2 7.4 55.6 35.800000000000004 32.2 10.4 22 43.400000000000006 43.400000000000006 44.400000000000006 0 0.2 0.2 0.2 0.2 0.6000000000000001 0 0 0.2 0 0 0 0 0 0.4 0 1 0 0 0.6000000000000001 0.6000000000000001 0 0.6000000000000001 0 0.6000000000000001 0 0.4 0.4 0 0 1.4000000000000001 0 0 1 0 0 16.2 0 0 0 0 8.4 10.8 0.6000000000000001 0 0 0.8 0.2 0.4 0.4 0 0.2 0 1.6 0 0 0 0 0 0.4 0 0.2 10.4 4.800000000000001 2 5.6000000000000005 3.4000000000000004 2 13.200000000000001 8.6 2.4000000000000004 0.6000000000000001 3 7.2 3.2 9.200000000000001 2.4000000000000004 10.600000000000001 0 2.2 0 0 0 0 0 0 0 2.8000000000000003 0 0 0 0 2.4000000000000004 0 0 0 0 0 0 0 0 0 0 0 0 0 0 0 0 0 0 0 0 0 0.4 0 0 0 0 0 0 0 0 0.2 0 0 0 0.2 0 0 0 0 0 0 0 0 0 0 1.2000000000000002 0 0.4 8 5 5 2.2 3.6 3.4000000000000004 0 0 3 4 7.2 2.8000000000000003 10.200000000000001 0.8 0.6000000000000001 0 4.2 2.8000000000000003 0 0 0 0 0 0 0 0 0 0 0 0 0 1.6 0 0 0 0 0 3.2 0 0 0 4.4 0 0 0 0 0 0 0 0 0 0 0 0 0 0 0 0 0 0 0 0 0 0 0 0 0 0 0 0 0 0 0 0 0 0.2 0 0 0 0 0 0 0 0 0 0.4 0 18.8 1 0 3.4000000000000004 0 0 0 0 0 0 0 0 0 0 0 0 0 0 0 0 0 0 2 0 0 2 0 0 0 0 0 0 0 0 0 0 0 0 0 0 0 0 
 45 76.2 66.2 68.2 40.2 72.2 10.200000000000001 34.800000000000004 0 17.8 74 5.2 13.8 64.60000000000001 23.400000000000002 61.400000000000006 14.200000000000001 48 16.8 55.6 4.4 15.600000000000001 0.6000000000000001 0.6000000000000001 0.2 1 0 0.4 0.6000000000000001 0 0.4 1 15.200000000000001 0 0.6000000000000001 0 0.8 0.4 1 1 0 12.600000000000001 0.6000000000000001 0.2 0.6000000000000001 0 0.4 0.4 0.2 0 1.2000000000000002 0.2 0.2 0.4 0 0 0.2 0 0 0 0 0 0.6000000000000001 1.8 0 0.2 0 0 0 0.2 0 0 0 0.4 0 0 0 0.4 0 0.4 3.4000000000000004 7.2 0 4.6000000000000005 2.4000000000000004 0.2 0.8 0.4 0.2 2.8000000000000003 1.4000000000000001 2.6 0.2 0 5.4 3 0 0 3.2 2.8000000000000003 0 0 0 0.2 0 0 13.4 0.4 0 0 0.4 0 3.6 2 0 0 2 0 3 0.2 0.4 0 0 0 0 0 0 0 0 0 0 0 0 0.4 0 0 0 0 0 0 0 0.6000000000000001 0 0 0 0 0 0 0 0 1 0 0 8.200000000000001 0 1.8 0 0 0 0 4.6000000000000005 3.2 1.6 0.2 6.800000000000001 8.200000000000001 0 0 0 2.8000000000000003 12.8 0.8 0 0 2 3.8000000000000003 2 0.2 0 0 2.2 0 0 0 0 0 0.2 0 0 0 0 0 0 0 0 0 0 0 2.6 0.2 0 0 0 0 0 0 0 0 0 0 0 1.4000000000000001 0 0 0 0 0 0 0 0 0 0 0 0.4 0 0 0 0 0 0 0 0 0 0 0 2.8000000000000003 0 0 0 0 0 2.6 0 0 0 0 39.400000000000006 0 0.2 17.400000000000002 0 2 0 0 0 0 0 0.4 0 0 0 3.2 0 0 0 0 0 0 0 0 0 0 0 0 0 0.6000000000000001 0.2 0 0 0 0 0 0 0 0 0 0 0 0 0 
 8.6 27.200000000000003 19.8 37 26 11.8 9.200000000000001 4.800000000000001 17.8 0 15.600000000000001 44.400000000000006 67.8 11.4 13 62.6 79.2 59.800000000000004 81 17 14.8 1.2000000000000002 0.2 0.2 0 1 0.6000000000000001 0.6000000000000001 6.800000000000001 0.6000000000000001 0.2 0 29.6 15 0 0.4 3.6 0 29.6 7.6000000000000005 0 0.4 0.8 0 1 0.2 0.8 2.2 0.4 0.6000000000000001 1 0 0.4 0.4 0.6000000000000001 0 0.2 1.4000000000000001 0 0 0 8 0.8 0.6000000000000001 0 9 0 0 0 0.4 0 0 0 0.4 0 0 0.4 0 0.6000000000000001 0.8 0 0 0 0 5.800000000000001 1.4000000000000001 3.8000000000000003 0 0 0 4 4.2 0 2.8000000000000003 0 0 5.4 0 1.8 0 0 0 0 0 0 0 2.4000000000000004 0.4 6 0 0 0 7.800000000000001 2.8000000000000003 0 0 2.6 0 5.4 2.4000000000000004 0 0 0 0 0 0 0 0 0 0 0 0 0.2 0 0 0 0 0 0 0 0 2 0 0 0 0 0 0 0 0 3.4000000000000004 0 0 1 0 0 0 0 0 0 0 0.4 1.2000000000000002 0 6.2 1.2000000000000002 3.6 0.6000000000000001 3.8000000000000003 3.4000000000000004 4 1.2000000000000002 0 0 10.8 3 2.4000000000000004 1.8 0 3.6 5 1.4000000000000001 0 0 0 0 0 0 0 0 0 0 1.6 2.6 0 0 0 0 14.4 7.4 0 0 0 0 0 0 0 0 0 0.4 0 0 0 0 0 0 0 0 0 0 0 0 0 0 0 0 0 0 0 0.2 1 0 0 0 0 0 0 0 0 0 0 0 0 0 0 0 17.6 0.6000000000000001 0 10 4.2 3.4000000000000004 6.6000000000000005 0 14.8 0.4 0 0 0 0 0 0 2.6 0 0 0 0 0 0 0 0 0 0 0 0 0 1.8 0 0 0 0 0 0 0 0 0 0 0 0 0.6000000000000001 
 6.800000000000001 30.8 19.400000000000002 36.6 52.800000000000004 14.600000000000001 61.800000000000004 62.2 74 15.600000000000001 0 55.800000000000004 9.8 3.4000000000000004 39.2 62.6 37.2 27.400000000000002 47.400000000000006 12 0 0.4 0.4 0.2 0 0.6000000000000001 0.4 0 0.2 0 0 0 0 0.2 0.2 0 0.4 0 2.4000000000000004 0.8 0 12.4 0.6000000000000001 0 0.6000000000000001 0 0.4 0.4 0 0 0.4 0 0.4 0.4 0 0 0 0 0 0 0 0 0.6000000000000001 0.6000000000000001 0 0 0 0.2 0 0.4 4.4 0 0 0.4 0 0 0 0 0 0.4 5 3.4000000000000004 6.6000000000000005 10.200000000000001 2.2 2.4000000000000004 0 0 3.6 3.2 2 13.4 3.6 0 6.6000000000000005 15.4 8 8.4 2.6 0.2 0 0 0 0 0 0 2.2 2.4000000000000004 0.2 0 0 0 0 2 0 0 0 0 0 1.8 0 0 0 0 0 0 0 0 0 0 0 0 0 0 0 0 0 0 0 0 0 0 0 7.2 0 0 0 0 0 0 0 0 0 0 0 0 0 0.4 0 0 0 7.2 2.8000000000000003 10.8 0.6000000000000001 2.8000000000000003 0 2.8000000000000003 0 0 2.2 6.800000000000001 0 0 0.6000000000000001 0.8 3 1.4000000000000001 0 0 0.2 0 0 0 0 0 0 0 0 0 0 0 2.2 0 0.2 0 3.6 0 6.4 2.8000000000000003 0 0 0 0 0 0 0 0 0.4 0 0 0 0 0 0 0 0 0 0.4 0 0 0 0 0 0 0 0 0 0 0 0 0 0 0 0 0 0 0 0.4 0 0 0.6000000000000001 0 0 0 0 0.2 0 18 0.6000000000000001 0 1.4000000000000001 0 0 0 0 0 0 0 0 0 0 0 0 0 0 0 0 0 0 0 0 0 0 0 2.8000000000000003 3.8000000000000003 2.2 0 0 0 0 0 0 0 0 0 0 0 0 
 23.8 8.8 82.2 8.8 71 75.2 51 7.4 5.2 44.400000000000006 55.800000000000004 0 91.80000000000001 23.8 51.800000000000004 72.4 61.800000000000004 40.6 68 6.6000000000000005 14.8 5 0.4 0.2 0 0.8 0 0 0.2 0 0 0 16.400000000000002 15.200000000000001 0 0 0.4 0 11.200000000000001 16 0.6000000000000001 0.4 1.6 0 0.6000000000000001 0 0.4 0.4 0 0 0.4 0 0 0.4 0 0 0 0.4 0 0 0 0 0.6000000000000001 0.6000000000000001 0 0 1 0.2 0 0.4 0 0 0 0.4 0 0 0 0 0 0.4 5.2 3.2 1.8 4.800000000000001 2 1.8 0.2 0 0 1.8 0.4 25.200000000000003 0.4 0 2.8000000000000003 6.2 2.8000000000000003 5.2 0 0 0 0 0 0 2.6 0 3.4000000000000004 2 3 0 0 0 12.600000000000001 10.8 0 0 0 0.4 3 11.200000000000001 0 0 0 0 0 0.6000000000000001 0 0 0 0 0 0 0 0 0 4 0 0 0 0 0 0.2 0 1.4000000000000001 0.4 0 0 0 0 0 0.6000000000000001 0 0 0 0 0 0 0 0 0 0.6000000000000001 2.8000000000000003 2.6 5.6000000000000005 4.4 0.4 0 4.4 2 0 2.6 4.6000000000000005 0 0 0.2 3.4000000000000004 3.6 0 0 0 4.4 2.2 0 0 0 0 0 0 0 0 0 0 1.6 1.4000000000000001 0 0 0 0 9 1.6 0 0 0 0 0 0 0 0 0 0 0 0 0 0 0 0 0 0 0 0 0 0 0 0 0 0 0 0 0 0 0 0 0 0 0 0 0 0 0 0 0 0 0 0 0 0 17.400000000000002 0 17.2 0.8 0 1.8 2 0 0 0 0 0 0 0 0 0 0 0 0 0 0 0 0 0 0 0 0 0 0 0 0 0 0 0 0 0 0 0 0 0 0 0 0 0 
 18.6 19.200000000000003 48.2 13.200000000000001 12.200000000000001 50.400000000000006 52.800000000000004 55.6 13.8 67.8 9.8 91.80000000000001 0 20.8 51.400000000000006 10.600000000000001 26.400000000000002 12.4 18.400000000000002 44.2 0 0.2 0.4 0.2 0 0.6000000000000001 0.2 0 0.2 0 0 5 0.4 0 0.4 0 0.4 0 0 0.6000000000000001 0 0.2 0.6000000000000001 0 0.6000000000000001 0.2 0.8 0.4 0 0 0.2 0 0 0.4 0 0 0 0 0 0 0 6.2 0.6000000000000001 0.6000000000000001 0 0 0 0.4 0 0.6000000000000001 0 0 0 0.4 0 0 0 0.6000000000000001 9.200000000000001 0.4 0 0 0 0.2 0 0 3.4000000000000004 0.4 5.800000000000001 5.4 2 0 4.2 9.200000000000001 4.2 4.6000000000000005 2.6 7.4 3.2 0 0 0 0 0 0 0 0 0 0 0 0 0 0 0 0 0 0 0 0 0.4 0 0 0 0 0 0 0 0 0 0 0 0 0 0 0 0 0 0 0 3.8000000000000003 0 0 0 0 0 0 0 0 0 0 0 0 0 0 0 0 0 0 0 0 10.4 0 2.2 0 0.2 3.8000000000000003 16.2 5.6000000000000005 3.8000000000000003 5.2 0.4 0 8.6 4.4 8.4 2 0.2 3.4000000000000004 0.6000000000000001 0 0 0 0 0 0.4 0 0 0 0 0 0 0 0.2 2 0 0 0 1.4000000000000001 1.2000000000000002 0 0 0 0 0 0 0 0 0 0 0 0 0 0 0 0.4 0 0 0 0 0 0 0 0 0 0 0 0 0 0 0 0 0 0 0 0 0.4 0 0 0 0 0 0 0 0 0 0 0 0.4 0.4 0 0 2.8000000000000003 0 0.2 0 0 0 0 0 0 0 0 0 0 0 0 0 0 0 0 0 0 0 0 0 0 10.600000000000001 0 0 0 0 0 0 0 0 0 0 0 0 0 
 85.80000000000001 50.2 48.400000000000006 51 54.400000000000006 29 28.8 35.800000000000004 64.60000000000001 11.4 3.4000000000000004 23.8 20.8 0 71 24.6 22.6 8 33.6 49.2 0 0 0.4 0.2 0 0.6000000000000001 0 0 0.2 0 0 0 0 0.2 0 0 0.4 0 22.200000000000003 0.6000000000000001 0 0.2 0.6000000000000001 0 0.6000000000000001 0 0.8 0.4 0 0 1.8 0 0 0.4 0 0 0 0 0 0 0 0 0.6000000000000001 0.6000000000000001 0 0 0 0.4 0 0.6000000000000001 0 1.2000000000000002 0 0.4 0 0 0 0.6000000000000001 0 0.4 4.4 4.2 6.2 4.4 0 0 0 4.2 8.4 4.800000000000001 2 2.8000000000000003 6.4 2.2 0.2 2 0 0 3.6 4 0 0 0 0 0 0 0 0 0 0 0 0 0 0 0 0 0 0 0 0 0 0 0 0 0 0 0 0 0 0 0 0 0 0 0 0 0 1.2000000000000002 0 0 0 0 0 0 0 0 0 0 0 0 0 0 0 0 0 0 0 0 0 0 4.4 2 4.2 2 6.800000000000001 4 3 3.2 5.2 3 3.8000000000000003 0 5.800000000000001 3.8000000000000003 6.2 0 0 9.4 4 0 0 0 0 0 0 0 0 0 0 0 0 0 0 0 0 0 0 0 0 2 0 0 0 0 0 0 0 0 0 0 0 0 0 0 0 0 0 0 0 0 0 0 0 0 0 0 0 0 0 0 0 0 0 0 0 0 0 4.2 0 0 0 2.6 0 0 0 0 3.6 0 0.4 0.4 0 1.2000000000000002 0 0 0 0 0 0 0 0 0 0 0 0 0 0 0 0 0 0 0 0 0 0 0 0 0 0 0 0 0 0 0 0 0 0 0 0 0 0 
 26.200000000000003 30.200000000000003 8.6 34 56.800000000000004 24.400000000000002 26 32.2 23.400000000000002 13 39.2 51.800000000000004 51.400000000000006 71 0 15.4 10 25 41.400000000000006 58.400000000000006 0 0.4 0 0 0 0.6000000000000001 0 0 0.6000000000000001 0 0 0 0 0.2 0 0 0.8 0 0 0.6000000000000001 0 0.2 0.6000000000000001 0 0.6000000000000001 0 0.4 0.4 0 0 0.2 0 0.2 0.4 0 0 0 0 0 0 0 0 0.6000000000000001 0.6000000000000001 0 0 0 0.6000000000000001 0 0.6000000000000001 0 0 0 0.4 0 0 0 0 0 0.4 0.2 0.2 6.6000000000000005 4.2 2.2 4 3.6 2.2 0.4 2.2 0.2 0 0 3.2 0 3.4000000000000004 8.200000000000001 9.4 0 3.8000000000000003 0 0.2 0 0 0 0 2.6 8.200000000000001 0 1.8 0 0 0 0 0 0 0 0 0 0 0 0 0 0 0 0 0 0 0 0 0 0 0 0 0 0 0 0 0 0 0 0 0 0 0 0 0 0 0.4 0 0 0 0 0 0 0 0 0 0 0 2.8000000000000003 6.2 3.2 3.6 2.4000000000000004 2.4000000000000004 3.8000000000000003 1.4000000000000001 5 0 0 5.6000000000000005 0 0 1.8 2.2 0 0.8 1.2000000000000002 2.8000000000000003 0 0 0 0 0 0 0 0 0 0 0 0 1.8 0 0 1.8 0.2 0 6.800000000000001 0 0.4 0 0 0 0 0.4 0 0.4 0 0 0 0 0 7.6000000000000005 0 0 0 0 0 0 0 0 0 0 0.2 0 0 0 0 0 0 0.4 0.2 0 0 0 4.6000000000000005 0 0 0 0 0 0 0 0 0.4 0.4 0 17.6 0.2 0 0.8 0 0 0 0 0 0 0 0 0 0 0 0 0 0 0 0 0 0 0 0 0 0 0 2 0 0 0 0 0 0 0 0 0 0 0 0 0 0 
 29.400000000000002 48.800000000000004 27.6 58 76.80000000000001 24.200000000000003 30.200000000000003 10.4 61.400000000000006 62.6 62.6 72.4 10.600000000000001 24.6 15.4 0 74.8 38 28.400000000000002 19 15.4 0.2 0.2 0 0 0.6000000000000001 0.4 0 0.6000000000000001 0 0 0 5.2 14.600000000000001 0.2 0 0.4 0 0.8 1 0 0.4 0.6000000000000001 0 0.4 0 0.8 13.4 0 0 0 0 0.4 0.4 1.6 0 0 0 0.4 0 0 7.6000000000000005 0.6000000000000001 8 0 0 0 0.6000000000000001 7.6000000000000005 0.6000000000000001 0 0 0 0.4 0 0 0.4 0 0 0.4 15.8 16 0 0 7 0 3.8000000000000003 2 3.2 0 4.4 0 0 3.2 2.4000000000000004 2.6 2.8000000000000003 0 0 5 0 0 0 0 0 0 3.6 0 0 0 0 0 3.4000000000000004 1.2000000000000002 0 0 0 0 1.6 0 2 0 0 0 0 0 0 0 0 0 0 0 0 0 0 0 0 0 0 0 0 1 0 0.4 0 0 0 0 4 0 0 0 0 0.4 0 0 0 0 0 0 4.800000000000001 1 6.2 0 6.2 0.2 0 3.6 1.6 3.8000000000000003 3.2 0 0.2 0 6 4.6000000000000005 3.4000000000000004 0 0 2.6 0 0 0 0 0 0 0 0.4 0 0 0 0 0 0 0 0 0 0 5.2 0 0 3.2 0 0 0 0 0 0 0 0.4 0 0 0 0 1.8 0 0 0 0 0 0 0 0 0 0 0 0 0 0 0 4 0 0 0 0 0 0 0 0 0 0 1.2000000000000002 0 0 0 0 21.200000000000003 0 0.4 11 3 0.4 0 0 0 0 0 0 0 0 0 0 0 0 0 0 0 0 0 0 0 0 0 0 0 0 0 0 0 0 0 0 0 0 0 0 0 0 0 0 
 9.4 26.200000000000003 113.60000000000001 8.200000000000001 55.400000000000006 47.800000000000004 7.6000000000000005 22 14.200000000000001 79.2 37.2 61.800000000000004 26.400000000000002 22.6 10 74.8 0 23.400000000000002 17.400000000000002 24.8 1.2000000000000002 0.4 0.4 0.2 0 0.6000000000000001 0 0.4 0.2 0 0.4 0 0.2 0.2 0 0.2 0.4 0 32.6 0.6000000000000001 0 0.4 0.6000000000000001 0 0.6000000000000001 0 13.200000000000001 0.4 0 0 0.6000000000000001 0 0 0.4 0 0.4 0 0.4 0 0 0 0 0.6000000000000001 0.6000000000000001 0 0 0 0.4 0 0.6000000000000001 0 3.6 0 0.4 10.200000000000001 0 0.4 0 0 0.4 0 0 8.8 8.6 0.2 2.2 4.6000000000000005 0 0.2 9.8 0.4 5.800000000000001 0 4 0 0.6000000000000001 0.4 6.2 8.6 2 0 0 0 0.2 0 0 1.8 0 0 0 0 0 2.4000000000000004 2 0 0 0 0 3.2 7.6000000000000005 0 0.4 0 0.2 0 0 0 0 0 0 0 0 0 0 0 0 0 0 0 0 0 0 4.2 2.6 0 0 0.4 0 0 0 0 0 0.2 0 0.8 1.6 0.2 0 0 0 2.6 4.4 2 13.4 2.4000000000000004 2.2 0 0 3.2 3.2 8.4 5.2 0 0 3 0 3.2 2.6 0 0 1.6 0 0 0 0 0 0 0 0 0 0 0 0 0 0 0 0 0.2 4.4 4.4 2 0 0 0.2 0 0 0 0 0 0 0 0 0 0 0 0 0 0 0 0 0 0 0 0 0 0 0 0 0 0 0 3.8000000000000003 0 0 0 0 0 0.4 0 0 0 0 0 0 0 0 0 0 0 20.400000000000002 0 1.2000000000000002 0 0 0 0 0 0 0 0 0 0 0.2 0.4 0 0 0.2 0 0 0 0 0 0 0 0 0 2.2 1.2000000000000002 0 0 0 0 0 0 0 0 0 0 0 0 
 49 5.800000000000001 26.6 26.8 7.4 82.60000000000001 11.8 43.400000000000006 48 59.800000000000004 27.400000000000002 40.6 12.4 8 25 38 23.400000000000002 0 6.6000000000000005 6.4 7.2 0.4 0.4 0 0 0.6000000000000001 0 0 0.4 0 0 0 0 4.4 30 0 0.4 0 20.8 0.6000000000000001 0 0.4 0.6000000000000001 0 0.8 0 0.4 0.4 0 0 0.2 0 0.2 0.4 0 0 0 0.6000000000000001 0 0 0 0 0.6000000000000001 1.6 0 0 0 0.6000000000000001 0 0.6000000000000001 0 0 0 0.4 0.2 0 0 0 0 0.4 2.6 8.4 4.6000000000000005 0 8.4 7 3 3.8000000000000003 0 3.2 5.2 3.6 0 0 0 3 0 1 0.4 2.2 4 0 4 0 0 0 7.2 4.2 0 0 0.2 0 3.2 3 0 0 1 0 4.800000000000001 9.200000000000001 0 0 0 0 0 0 0 0 0 0 0 0 0 0 0 0 0 0 0 0 0 1 0 0 0 0 0 0 0 0 1 2.4000000000000004 0 7.2 0 0.2 0 0 0 0 3 0.2 4 3.6 4.4 0.2 0.4 0 0.8 3 10.4 3.6 0 0.2 0.2 3 6.800000000000001 0 0 0.2 3.8000000000000003 0.2 0 0 0 0 5.2 2.6 2.2 0 0 0 4 0 0 0 0 0 1.8 0.4 0 0.2 0 0 0 0 0 0.2 0 0 0 0 0 0 0 1.8 0 0 0 0 0 0 0 0 0 0.4 0 0.2 0 0 0 0 0 0 0 0 0 0 0 0 0 0 0 0 0 1 0.2 0 0.8 19 0 4.800000000000001 0 0 0 0 0 0 0 0 0 0 0 0 0 0 0 0 0 0 0 0 0 0 0 2.2 0 0 0 0 0 0 0 0 0 0 0 0 0 0 
 70.4 59.6 24.6 16.2 14.4 8 19.8 43.400000000000006 16.8 81 47.400000000000006 68 18.400000000000002 33.6 41.400000000000006 28.400000000000002 17.400000000000002 6.6000000000000005 0 54.2 0.2 0.2 0.2 0.4 0.4 0.6000000000000001 0 0 0 0 0 0 0 0 0 0 0.4 0 0 0.6000000000000001 0 0 0.6000000000000001 0 0.6000000000000001 0 0.8 0.6000000000000001 0 0 0.6000000000000001 0 0 0.6000000000000001 0 0 0 0 0 0 0 0 0.6000000000000001 0.6000000000000001 0 0 0 0 0 0 0 0 0 13.200000000000001 0 0 0 0.2 0 0.4 0 3 3.2 0 0 0 6.4 0.6000000000000001 1.6 4.4 0.2 0 0.4 6.4 2.2 0 2 0.4 2.8000000000000003 5 0 0 0 0 0 0 0 0 0 0 0 0 0 0 0 0 0 0 0 0 0 0 0 0 0 0 0 0 0 0 0 0 0 0 0 0 0 0 0 0 0 0 0 0 0.2 0 0 0 0 0 0 0 0 0 0 0 0 0 0.8 0 4.4 2 6.6000000000000005 8.4 0 0 4.2 2.2 6 0 3.2 0 0.2 3.6 2.2 0 0.4 4.800000000000001 1.6 5.800000000000001 0 0 0 0 0 0 0 0 0 0 0 0 0 0 0.4 0 0 0 0 0 0 0 0 0 0 0 0 0 0 0 0.4 0 0 0 0 0 0 0 0 0 0 0 0 0 0 0 0 0 0 0 0 0 0 0 0 0 0 0 0 0 0 0 0 0 0 0.6000000000000001 0 0 0 0.2 3.8000000000000003 0.8 0 0 0 0 0 0 0 0 0 0 0 0 0 0 0 0 0 0 0 0 0 0 0 0 0 0.2 0 0 0 0 0 0 0 0 0 0 0 0 
 38.800000000000004 12.4 51.6 11.200000000000001 12.600000000000001 52 49.400000000000006 44.400000000000006 55.6 17 12 6.6000000000000005 44.2 49.2 58.400000000000006 19 24.8 6.4 54.2 0 0 0.6000000000000001 0.4 40.6 0 0.6000000000000001 0.4 0.2 1.6 0 0.4 0.4 0 0.2 0 0 0.6000000000000001 0 0.4 1.2000000000000002 0 0.4 2.8000000000000003 0 1.6 0.6000000000000001 0.8 0.4 1 0 1.2000000000000002 0 0 0.4 0 0.4 0.8 0 0 0 0 0 0.6000000000000001 1.2000000000000002 0 0.2 1 0.6000000000000001 9.8 1 0 0.6000000000000001 0.4 0.4 0 1.2000000000000002 0.8 1 0 0.4 4 0 2.6 0 0 0 2 2.2 9.4 9.200000000000001 0 0 6.4 5.800000000000001 0.2 0.2 3.2 3.4000000000000004 7 8.6 0 0 0 0 0 0 0 0 0 0 0 0 0 0 0 0 0 2.2 0 0 0 0.4 0 0 0 0 0 0 0 0 0 0 0 0 0 0 0 0 0 0 0 0 0 0 0 0 0 0 0 0 0 0 0 0 0 0 0 2.8000000000000003 0 0 1.4000000000000001 0 2.6 3.4000000000000004 0 0 0.2 2.2 3.6 0 2 0 5.800000000000001 3.6 4.6000000000000005 0 0 2.6 2.2 3.2 0 0 0 0 0 0 0 0 0 0 2.2 0 0 0 0 0 0 0 0 0 0 0 0 0 0 0 0 0 0 0 0 0 0 0 0 0 0 0 0 0 0 0 0 0 0 0 0 0 6.6000000000000005 0 0 0 0 0 1.4000000000000001 0 0 0 0 0 0 0 0 0 0 0 0.4 0 0.2 0.2 0 2.2 0 0 0 0 0 0 0 0 0 0 0 0 0 0 0 0 0 0 0 0 0 0 0.4 0 3 0 0 0 0 0 0 0 0 0 0 0 0 0 
 0 0 0 0 0.2 0 0 0 4.4 14.8 0 14.8 0 0 0 15.4 1.2000000000000002 7.2 0.2 0 0 34.6 20 9.200000000000001 4.6000000000000005 48 45.800000000000004 39 14.600000000000001 10 26.400000000000002 12.4 61.6 32 43.6 24 6.2 22 31.400000000000002 29 0 53 0 0 0 0.6000000000000001 0.2 0 0.6000000000000001 0 0.4 0 0.4 40.800000000000004 0 1.2000000000000002 0 0.6000000000000001 0 0 0.6000000000000001 0 0.6000000000000001 10 0 0 0 0.4 0.6000000000000001 0 0 0 0 0 0 0.4 0.6000000000000001 0 0 0 0 0 0 3.6 2 5.2 0 0 0 0 1.4000000000000001 0 0 0 0 0 0 0.2 0 0 0 2.8000000000000003 3.2 4.800000000000001 0 4.6000000000000005 0 0.4 0 2.2 4.2 7.800000000000001 4.6000000000000005 0 13.600000000000001 0.4 0 1.4000000000000001 5.6000000000000005 0 0 0 0 2.4000000000000004 0 0.2 0 0 0 0 0 0 0 0 0 0 0 0 0.6000000000000001 0 0 0.2 0 0 0 0 0 0 0.6000000000000001 0 1.8 0 0 0 0 0 0 0 0 0 0 0 0 0 0 2.2 0 0 0 0 0.2 0 0 0 0 0 0 0 0 0 1.8 3.4000000000000004 4.6000000000000005 0.6000000000000001 0 4.6000000000000005 3.8000000000000003 6 3.8000000000000003 8 3.2 3.6 2 0.2 5.2 2.4000000000000004 2.4000000000000004 3.8000000000000003 5.800000000000001 6.800000000000001 2.4000000000000004 0 0 0 0 0 0 0 0 0 0 0.2 0 0 0 0 0 0 0 3.6 0 0 0 0 0 0 0 0 0 0 0 0 0 0 0 2.4000000000000004 0 0 0 0 0 0 3.6 0 0 0 0.2 0 0 15 0 0 3 0 0.4 0 0 3 0 0 0.8 0 0 0 0 0 0 0 0 0 0 0 0 0 0 0 0 0 0 0 0 4 0 0 0 4.6000000000000005 0 0 0 0 
 0 0.2 0.6000000000000001 0.2 15.600000000000001 0.2 0.4 0.2 15.600000000000001 1.2000000000000002 0.4 5 0.2 0 0.4 0.2 0.4 0.4 0.2 0.6000000000000001 34.6 0 28.6 12.8 12.200000000000001 7.2 61.400000000000006 75.4 47.800000000000004 71.60000000000001 22.6 63 8.200000000000001 38.6 24.200000000000003 10.4 15 23.6 7.800000000000001 32.2 0 5.2 1.2000000000000002 0.4 0.6000000000000001 0.6000000000000001 0.4 0 0.6000000000000001 0.2 2.4000000000000004 0 0 0.2 0.2 13.200000000000001 1.4000000000000001 0.4 13.200000000000001 12.600000000000001 0.8 1.6 0.6000000000000001 0 0.4 0 0 0.6000000000000001 0.4 0.2 0 0.2 0 0.2 0.4 1.4000000000000001 0.2 0 0 0.2 0 0 0 0 0 2 0 0 0.2 0 0 0 2 0 0 2.6 0 0 0 0 3.6 2.6 6.2 3.4000000000000004 2.8000000000000003 1.8 4.4 2.8000000000000003 2.4000000000000004 0 3 0.2 8.8 0 6.800000000000001 4.2 1.8 0 6.6000000000000005 6 0 0.4 0.4 0 0 0.2 1.6 0 0 0 0 0 2.2 0 0.2 7 0 0 3.2 6.6000000000000005 0 0 0 0 5.4 0 0 0 0 0 0 0 0.4 0 0 0 0.4 0 0 0 0 0 0 0 0 0 0 0 0 0 0 0 0 0 0 0 9 0 0 0 2.4000000000000004 1.6 2.2 2.2 0 5.6000000000000005 5.2 0 0.2 5.6000000000000005 3 3.4000000000000004 0 1.6 5.2 3.4000000000000004 5 6.4 0.2 3.6 2.8000000000000003 0 0 0 0 0 1.4000000000000001 0 0 0 0 0 0.2 0 0 0.4 0 0 0 3.6 0 0 0 0 0 0 0 0 0 0 0 0 0 0 0 0 0 0.4 0 0 0 0 0.2 0 0 0 0 0 0 0 0 0 0 0 1 0 0 17.6 0 0.4 0.6000000000000001 3.6 0 0 0 0 0 0 0 0 0 0 0 0 0 0 0 0 0 0 0 0 0 0.2 0 3.4000000000000004 0 0 0 0 
 0.4 0.4 0.4 0.2 4 0.2 0.2 0.2 0.6000000000000001 0.2 0.4 0.4 0.4 0.4 0 0.2 0.4 0.4 0.2 0.4 20 28.6 0 39.400000000000006 18.400000000000002 23 44.400000000000006 93.80000000000001 16 12.200000000000001 10.200000000000001 29.400000000000002 28.200000000000003 16 27.400000000000002 14 63.2 5.2 5 21.200000000000003 0 1 0 12 0 1.2000000000000002 0.6000000000000001 0 0.6000000000000001 0.4 0.8 0 0.4 0 0.4 0.4 0 0.8 0 0.4 0.6000000000000001 0 0.6000000000000001 0.8 0 0 0 0 0.4 0 0 0.4 0 0 0 0.2 0 0.6000000000000001 0 0 0 0 0 0 0 0 0 0 0 0 0 0 0 0 0 0 0 0 0 0 12 5.2 3 2.6 5.2 3 0 2.6 0 5.2 4.4 2.4000000000000004 1.8 0 0 3.6 6.2 1.4000000000000001 3.4000000000000004 0.2 10.200000000000001 0 0 0 0 0 1.6 0 0 0 0 0.4 0 3.6 0.4 0 0.2 0 0.2 0.2 0 0.4 0 0 0 0 0 0 0 0 0 0 0 0 0 0 0 0 0 0 0 0 0 0 0 2.4000000000000004 0 0 0 0 0 0 0 0 0.2 0 0 0 0 0 3.2 7.2 3.8000000000000003 4.6000000000000005 0.4 0 0 4 0 2.2 0.2 2.8000000000000003 2.8000000000000003 2.4000000000000004 3.8000000000000003 13.8 2.2 4 0.4 0.4 0 0 0 0 0 0 2.2 0 0 0 0 0 0 0 0.8 0 0 0 0 0 0 0 0 0 0 0 0 0 0 0 0 7 0 0 0 0 0 0 0 0 0 0 3 0 0 0 0 0 0 0.2 0 0 0 0 1.6 0 0.6000000000000001 0.4 0.6000000000000001 0 0 0 0 0.4 0 0 2.2 0 0 0 0 0 0 0 0 0 0 0 0 0 0 4.800000000000001 0 0 0 3 0 0 0 0 
 0.2 0 0.2 0.2 15.4 0.4 0.2 0.2 0.6000000000000001 0.2 0.2 0.2 0.2 0.2 0 0 0.2 0 0.4 40.6 9.200000000000001 12.8 39.400000000000006 0 31.6 96.80000000000001 53.6 46.800000000000004 46.400000000000006 47 31.200000000000003 24.8 59 74.2 13.4 45.800000000000004 26.200000000000003 43.2 12.200000000000001 10.8 0.2 0.8 0 0 0 0.6000000000000001 0.4 0 0.6000000000000001 0 1 0 0.2 0 0.8 0 0.4 1 0.6000000000000001 12.200000000000001 0.6000000000000001 0.6000000000000001 0.6000000000000001 0 0.4 0 0 0 0.6000000000000001 0 0 0 0 0 0.6000000000000001 0 0 0 2.4000000000000004 0 0 0 0 0 0 0 0 0 0.2 0 0 0 0 0 0 0 0 0 0 0 0 13.200000000000001 0 0 2.8000000000000003 0 0 3.6 1.6 2 2 6.6000000000000005 0 3.6 4.800000000000001 9 0 2 0 0 5.6000000000000005 0.4 0.4 0 0 0 7.4 0 0 0 0 0 6 1.8 3 0 0.2 0 4 7.800000000000001 0 0 0 0 0 0 0 0 0 0 0 0 1.8 0 0 0 0.4 0 0 0 0 0 0 0 0 0 0 0 0 0 0 0 0 0 0 0 0 0 0 0 0 0 5.800000000000001 3 6.4 4.2 0 2.6 4 6.2 6.6000000000000005 2 0 2.4000000000000004 0 12 2.6 6 0 0 0 0 0 0 0 0 4.2 0 0 0 0 0 8.4 5.800000000000001 2 0.4 0 0 4 3.8000000000000003 0 0 2 0 0 0 0 0 0 0 0 0 0 0 0 0 0 0.4 0 0 0 0 2.6 0 0 0 0 0 0 0 0 0 0 0 3 0 0.4 0 16.2 0.4 1.6 1.8 0 0 0 0 9 0 0 0 0 0 0 0 0 0 0 0 0 0 0 3.4000000000000004 0 0.2 0 0 0.8 0 0 0 
 0 0.6000000000000001 0 0.2 0 0 0 0.2 0.2 0 0 0 0 0 0 0 0 0 0.4 0 4.6000000000000005 12.200000000000001 18.400000000000002 31.6 0 93.80000000000001 27.200000000000003 43 12.4 32 73.2 54.2 29.6 99.2 36.6 28.8 99.80000000000001 21.8 9.600000000000001 17 0 0.6000000000000001 11 0 0 1.2000000000000002 0.4 0 0.6000000000000001 0 0 0 0 12.600000000000001 0.8 4.6000000000000005 0.8 0.4 24.6 12.4 4.800000000000001 0.2 0.6000000000000001 0.2 0 0 0 0.2 0.6000000000000001 0 0 0 0 5.6000000000000005 0 0 0 0 0 0 0 1.6 0 0 0 0 0 0 0 0 0 0 0 0 0 0 0 0 0 0 0.2 3.6 0 7.800000000000001 5.4 6.800000000000001 0 3.6 1.8 2 0 9.8 0 4.4 0.2 9.4 6.800000000000001 0.2 0 0 5.4 3.4000000000000004 3.8000000000000003 0 0 0 1.4000000000000001 0 0 0 1.2000000000000002 0 5 3.4000000000000004 3.6 0 2.8000000000000003 0 2.6 6.2 0 0 0 0 0 0 0 0 0 0 0 0 0.2 0 0 0 0 0 0 2 0 0 0 0 0 0 0 0 0 0 0 0 0 1.6 0 0 0 0 0 0 0.4 4 0 5.2 1.8 0.2 0 3.2 0.2 3.6 1.8 0.2 4.2 2 7.4 0.2 5.4 3.4000000000000004 0 0 2 1.8 5.800000000000001 0 0 0 0.4 4.800000000000001 3.4000000000000004 0 0 0 0.2 8.200000000000001 1.4000000000000001 3.6 0 0 8.4 0.2 0 0 0 0 0 0 0 0 0 0 0 0 0 0 0 0 0 0 0 0 0 0 1.4000000000000001 0 0 0 0 0 0 0.4 0 0 0 0 1.2000000000000002 0 0.2 14.8 9 0.2 0 0.2 0 0 0 0 10.600000000000001 0 0 0 0 0 0 0 0 0 0 0 0 0 0 0 0 0 0 0 0 0 0 0 
 0.6000000000000001 0.8 1 0.6000000000000001 0.6000000000000001 0.4 0.6000000000000001 0.6000000000000001 1 1 0.6000000000000001 0.8 0.6000000000000001 0.6000000000000001 0.6000000000000001 0.6000000000000001 0.6000000000000001 0.6000000000000001 0.6000000000000001 0.6000000000000001 48 7.2 23 96.80000000000001 93.80000000000001 0 9.4 31.200000000000003 10.600000000000001 60 35.800000000000004 33.4 8.6 128 8.6 49.400000000000006 57.2 23.400000000000002 7.2 8.6 0 0.6000000000000001 0 0 0 0.6000000000000001 3.4000000000000004 0.2 0.6000000000000001 0 0 0 0.4 0.4 0.4 1 0 0.6000000000000001 0.2 13 0.6000000000000001 0 0.6000000000000001 0 0 0 0 0 0.6000000000000001 0 0 0 0 0 0 12.4 0 0.2 1.4000000000000001 0 0 0 0 0 0 0 0.2 0 0 0 0 0 0 0 0.2 0.4 0 0 0 0 2 4.2 0 2.4000000000000004 0 0 0 3.8000000000000003 2.4000000000000004 2.2 0 1.6 0 6 2.2 5.6000000000000005 3 0.4 0 0 0 2.8000000000000003 0 0 0 0 5.2 1.2000000000000002 0 0 0 0 4.4 1.8 0 0 0 0 5.2 9.8 0 0 0 0 0 0 0 0 0 0 0 0 1 0 0 0 0 0 0 0 0 0 0 0 0 0 0 0 0 0 0 0.4 0 0 0 0 0 0 0 0 0 0 2.4000000000000004 9.8 17 4.800000000000001 0 1.8 3.6 5.2 4 1.8 0 3.6 2.4000000000000004 0 5 4.6000000000000005 0 0 0 1.2000000000000002 0 0.2 0 0 5 2.4000000000000004 0.6000000000000001 0 0 0 7.2 2.4000000000000004 0 0 0 0 3.6 2.8000000000000003 0 0 0 0 0.2 0 0 0 0 0 0 0 0 0 0 0 0 0 0 0 0 0 0 0 0 0.4 0 0 0 0 0 0 0 0 1 0 0.8 0 15.4 0.6000000000000001 1 3 0 5.6000000000000005 0 0 1.2000000000000002 0 0 0 0 0 0 0 0 0 0 0 0 0 0 0.2 1.6 0 0 0 1.4000000000000001 0 0 0 
 0 0 0 0.2 16.2 0 0 0 0 0.6000000000000001 0.4 0 0.2 0 0 0.4 0 0 0 0.4 45.800000000000004 61.400000000000006 44.400000000000006 53.6 27.200000000000003 9.4 0 28 24.400000000000002 58.2 25.8 20.200000000000003 81 24.6 29.6 20.200000000000003 39 24 9.4 7 0 0.4 0.8 0 0 0.4 0 12.600000000000001 0.6000000000000001 0 0.6000000000000001 0.4 0.4 0 0 0.4 0 0 0 0 1.2000000000000002 0 0.4 0 0 0 0 1 1 0 0 0 0.4 0 0 0.6000000000000001 0 0 0 0 0 0 0 0 0 0.4 0 0 0 0 0 0 0 0 0 0 0 0 0 0 5 0.2 2 3.2 0 1.2000000000000002 0.4 2.4000000000000004 0 2.4000000000000004 0 0 0 0 4.4 1.8 3.8000000000000003 1.6 2.2 2.8000000000000003 1.6 0 0 0 0 0 0 1.8 0 0 0 0 0 0 0.2 0.4 0 0 3.2 0 0 0.4 0 0 0.2 0 0 0.6000000000000001 0 0 0 0 0 0 0 0 0 0 0 0 0 0 0 0 0.2 0 0 0 0 0 0 0 0 3.8000000000000003 0 0 0 0 0 0 4.800000000000001 4.2 5.6000000000000005 7.800000000000001 0 0 7 1.8 3.8000000000000003 7.4 7 10.200000000000001 0 7.2 8.8 0 8.6 3.4000000000000004 0 4.2 3.2 0 0 0 0 0 0 0 2.4000000000000004 0 0 0 0 0 0 0 0 0 0 4.6000000000000005 0 0 0 0 0 0 0 0 0 0 0 0 0 0 0 0 0 0 0 0 0 0 0 0 0 0 0 0 0 0 0 0 0 0 2 0 0.2 15.8 0 0.4 0.4 0.2 0 0 0 0 0 0 0 0 0 0 0 0 0 0 0 0 0 0 0 2 0 0 0 0 0 0 0 0 
 0.8 0 0 0 15.4 0 0 0 0.4 0.6000000000000001 0 0 0 0 0 0 0.4 0 0 0.2 39 75.4 93.80000000000001 46.800000000000004 43 31.200000000000003 28 0 74.4 21.200000000000003 35.2 57.400000000000006 40.2 14.8 18.8 39.2 54.800000000000004 44 31.400000000000002 25.400000000000002 0 1 0 0.4 0 0.6000000000000001 0.2 0 0.6000000000000001 1 0 0 0.4 0 0 0 0 0.6000000000000001 0 0 1.4000000000000001 0 0.4 1.2000000000000002 0.4 0 0 0.4 2.2 0 0 1 0 0 0.4 4.6000000000000005 10.4 0 0 0 0 0 0 0 0 2.2 0 0 0 0 0 0 0 0 5 0 0 0 0 0 4.4 5.2 2 4.6000000000000005 3 0.4 0 2.2 7 0 0 0 2.4000000000000004 4.2 8.200000000000001 8.200000000000001 6.800000000000001 0 0.4 2.4000000000000004 0 0 0 0 0 0 2.6 0 0 0 0 0 3 0 0 0 0 0 12 3 0 0 0 0 0 0 0 0 0 0 0 0 0.8 0 0.2 0 0 0 0 0 0 0 0 0 0 0 0 0 0 0.2 0 0 0 0 0 0 0 0 0 0 0 5.6000000000000005 0.2 3.4000000000000004 3.6 3 10 0 9 11 11.200000000000001 10.600000000000001 0.4 2.4000000000000004 6.800000000000001 0 8.4 1.6 0 4.2 3.2 0 0 0 0 0 0 0 0 0 0 0 5.2 0 0 0 0 0 0 5.4 0 0 0 0 9.600000000000001 0 0 0 0 0 0 0 0 0 0 0 0.4 0 0 0 0 0 0 0 0 0 0.2 0 0 0 0 0 0 0.2 2.6 0 0.2 31 15.600000000000001 0 0 2.8000000000000003 0 0.2 0 0 0 0 0 0 0 0 0 0 0 0 0 0 0 0 0 0 0 0 0 2 0 0 0 0 
 0.2 0.4 0.2 0.2 0.6000000000000001 0 0.6000000000000001 0.2 0.6000000000000001 6.800000000000001 0.2 0.2 0.2 0.2 0.6000000000000001 0.6000000000000001 0.2 0.4 0 1.6 14.600000000000001 47.800000000000004 16 46.400000000000006 12.4 10.600000000000001 24.400000000000002 74.4 0 27.400000000000002 37.6 38.400000000000006 19.400000000000002 53.400000000000006 30.400000000000002 87 20.400000000000002 27 20 27.6 0 0.8 0 0 0 0.6000000000000001 12.600000000000001 0 0.6000000000000001 0 0 0 0.2 0 0 0 0 0.4 0.2 0 0.6000000000000001 0 0.6000000000000001 0.4 0 0 0 0 0.4 0 0 0 0 0 0 0 0 0 0.6000000000000001 0 0 0 0.4 0 0 0 0 0 0 0 0 0 0.2 0 0 0 0 0 0 0 4.4 6.6000000000000005 0 2.2 2.2 0 0 6.2 4.4 4.2 4.6000000000000005 0 1.8 0 11 2.6 2.2 4.6000000000000005 0 0 0 0 0 0 0 0 2.6 0 0 0 0 0 9.200000000000001 0 0.2 0 0 0 0.2 7.2 0 0 0 0 0 0 0 0 0 0 0 0 2.2 0 0 0 0 0 0 0 0 0 0 0 0 0 0 0 0 0 0 0 0 0 0 0.4 0 0 0 0 0 1.8 0.2 5.6000000000000005 2.8000000000000003 4 3 0.2 5.800000000000001 11 2.8000000000000003 0.4 0 3.6 0 2.4000000000000004 0 0.2 1.8 5.2 0 0 0.4 0 0 0 0.2 0 0 0 0 0 2.2 0 0 0.4 0 0 2.8000000000000003 2.2 0 0 0 0 0 0 0 0.4 0 0 0.4 0 0 0 0 0 0 0 0 0 0 0 0.2 0 0 0 0 0 0 0 0 0 0 0 0.6000000000000001 0 0 7 15.4 0 0.4 2.6 0 0 0 0 0 0 0 0 0 0 0 0 0 0 0 0 0 0 0 0 0 0 0 2.8000000000000003 1 0 0 3.2 
 0 0 0 0 0 0 0 0 0 0.6000000000000001 0 0 0 0 0 0 0 0 0 0 10 71.60000000000001 12.200000000000001 47 32 60 58.2 21.200000000000003 27.400000000000002 0 13.4 22.400000000000002 28.8 69.8 32 54.400000000000006 6.2 46 13.4 33.6 0 0.8 12.600000000000001 0 0 0.6000000000000001 0.4 0 0.6000000000000001 0 0 0 0 0 0 0 0 1.6 0 0 0.8 0 0.6000000000000001 0 0 0 0 0.2 0.8 0 0 0 0.2 0 0 0.2 0 0 0 0 0.2 0 0 0 0 0 0 0 0 0 0 0 0 0 0 0 0 0 0 0 4.4 1.4000000000000001 0.2 4.2 4.800000000000001 0.2 0 2.2 2.6 9.200000000000001 0.2 2.4000000000000004 0 2.4000000000000004 3.2 8.200000000000001 4.4 5.4 0 0 1.6 0 0 0 0 0 5.2 2.4000000000000004 0 0 0 0 0 0 0 0 0.2 0 0.2 3.2 0 0 0 0 0 0 0 0 0 0 0 0 1 0 0 0 0 0 0 0 0 0.4 0 0 0 0 0 0 0 0 0 0 0 1.2000000000000002 0 0 0 0 0 0.4 0.4 2.8000000000000003 3.4000000000000004 5.800000000000001 0 4.2 0 12 0.2 6.2 7.6000000000000005 11.4 2.6 7.2 4.2 4 6.2 8.8 0 0.4 0 0 0 0 0 0 0 0 0 0 0 0 0 0.8 0.2 0 0 0 0 0.2 0 0 0 0 0 0 2.8000000000000003 0 0 0 0 0 0 0 0 0 0 0 0 0 0 0 1.6 0 0 0 0 0 0 0 0 0 0 0 0.6000000000000001 0 0 1 1 0 0.4 3.2 0 0 0 0 2.2 0 0 0 0 0 0 0 0 0 0.2 0 0 4 0 2 0 0 0.4 0 0 0 0 0 
 0 0 0 0 0.6000000000000001 0 0 0 0.4 0.2 0 0 0 0 0 0 0.4 0 0 0.4 26.400000000000002 22.6 10.200000000000001 31.200000000000003 73.2 35.800000000000004 25.8 35.2 37.6 13.4 0 53.2 52.2 20.200000000000003 25.8 48.800000000000004 48.2 43 47.400000000000006 13.600000000000001 0 0.8 0 0 0 0.6000000000000001 14 0 0.6000000000000001 0 0 0.2 0.2 14.4 0 0 0 0.6000000000000001 0 13 0.6000000000000001 0 0.6000000000000001 0 0 0 0 0 0.6000000000000001 0 0 5 0 0 0 0 0 0 1 0 0 0 0 0.4 0 0 0 0 0 0 0 0 0 0 0 0 0 0 0 0 0 0 2 5.4 7.6000000000000005 3 0 0 4.2 2.8000000000000003 3 0 0 0.8 9.8 1 0 6.2 0 0 0 0 0 0 0 0 17.400000000000002 0 0 0.8 0 1.8 2.8000000000000003 4.2 0 2.4000000000000004 0 0 1.8 7.6000000000000005 0 0 0 1.6 0 0 0 0 1.2000000000000002 0 0 0 1.4000000000000001 0 0 0 0 0 0 0 0 0 0 0.4 0 2.4000000000000004 0 0 0 0 0 0.2 0 0 0 0.8 0 0 0 0.8 0 0 0 0 3.2 7.2 0 0.2 0 8.200000000000001 4.800000000000001 4.800000000000001 0 0 3.6 2 3 3 0 3.8000000000000003 2.2 0 0 0 0 0 1.4000000000000001 0 2.8000000000000003 0 0 0 4.6000000000000005 2.6 0 0 0 0.4 6 18.6 0 0.2 0 0 0 0 0 0 0 0 0 0 0 0 0 0 0 0 0 0 0 0 0 0 2 0 0 0 0 0 0 0 0 0 2 0.4 0 1.6 0 0 9.4 2.6 0 0 0 0 0 0 0 0 0 0 0 0 0 0 0 0 0 0 0 0 0 0 0 0 0 0 0 0 
 0 0.4 0.4 0 0 0 0.4 0 1 0 0 0 5 0 0 0 0 0 0 0.4 12.4 63 29.400000000000002 24.8 54.2 33.4 20.200000000000003 57.400000000000006 38.400000000000006 22.400000000000002 53.2 0 45.6 38 23.6 41.800000000000004 36.800000000000004 65.8 6.6000000000000005 8.200000000000001 0 0.8 0 0 0 0.6000000000000001 11.600000000000001 12.600000000000001 0.6000000000000001 0 0 0 0.4 0 0 0 0 0.4 12.4 25.400000000000002 0.6000000000000001 0 0.6000000000000001 0 0 0 0 0 0.6000000000000001 0 0 0 0.2 0 0 0 0 0 0 0 0 0 0 0 0 0 0 0 0 0 0 0 0 0 0 0 0 0 0 0 0 3 2 3 8.6 2 0.2 0 4 1 0.2 0.4 0 3.6 0 10.8 0.4 0 0 0 0 0 0 0 0 0 0 8.4 0 3 0 0 15.200000000000001 3.6 0 0 0 0 5 9.4 0 0 0 0 0 0 0 2.4000000000000004 0 0 0 0 0.2 0 0 0 0 0 0 0 0 0 0 0 0 0.2 0.2 0 0 0 0 0 0 0 0 0 0 0 0 0 0 0 0 0.8 5 8.4 0 0 2.4000000000000004 2.8000000000000003 4.4 14.8 1 0 1.2000000000000002 5.6000000000000005 5.4 3.4000000000000004 0 2.4000000000000004 1.6 0 0 0 0 0 0 0 0.4 0 0 0 2.8000000000000003 3 0.2 0 0 0 0 10.200000000000001 0 0 0 0 0 0 0 0 0 0 0 0 0 0 0 0 0 0 0 0 0 0 0 0 0 0 0 0 0 0 0 0 0 0 1.8 0 0.4 14.600000000000001 1.4000000000000001 0.4 1.2000000000000002 0 0 0 0 0 0 0 0 0 0 0 0 0 0 0 0 0 0 4 0 0 0 0 0 0 0 0 0 0 
