 0 22.8 16.6 12.8 27.200000000000003 66 30.200000000000003 80.2 44.6 23.8 50.800000000000004 67.4 27.8 73.60000000000001 40.800000000000004 24 8.6 15.200000000000001 10.600000000000001 28.200000000000003 0.2 0 0 0.4 0.4 0.2 1 0 1.6 0.2 0.8 0 0 0.6000000000000001 0.4 23.200000000000003 0.6000000000000001 0 22.200000000000003 0 0 1.4000000000000001 0 0.6000000000000001 0 0.6000000000000001 0 1.6 0.2 0.4 0 0.4 0.4 0 0 0.2 0.6000000000000001 5.2 0.4 0 0.2 0 0 0.4 0 0 0 0 0.6000000000000001 0.2 0 0.6000000000000001 0 0.4 0 0 0 0.8 1.2000000000000002 0.2 0 3.8000000000000003 1.2000000000000002 1.8 3 0 7.800000000000001 6.4 1.2000000000000002 5.2 5.800000000000001 0 5 1.8 2.8000000000000003 0 4.800000000000001 3.4000000000000004 1.8 2.4000000000000004 0.2 4 0 0 0 0 0 0 0 0.4 0 0 0 0 0 0 0 0 0.2 0 0 0 0 0 0.4 0.6000000000000001 0 0.4 0.2 0 0 0 0 0 0.8 0.2 0 0 0 0 1.2000000000000002 0 0 0 0.2 0 0 0 0 0 0 1.4000000000000001 0 0 3 0 0 0 0 0 4.2 3.2 0 3 0 3.8000000000000003 7.4 0 5 3 1.8 0 0.6000000000000001 2.8000000000000003 0 9 0 0.4 1 0 0 0 0 0 0 0 0 0 0 0 0 0 0.4 0 0.2 0 0 0 0 0.4 0 0 0 0 0 0 0 0 0 2.6 0 0 0 0 0 0 0.4 0.2 0 0 0 0 0 0 0 0 0 0 0 1.8 0 0 0 0 0 0 0 0 0 0 0 0 0 0 0 0.4 0 0.4 0.4 17.6 2.2 1.8 0.8 0 0.4 0 0 0 0 0 0 0 0.2 0 0 0.4 0 0 0 0 0 0 0 0 0 0 0 0 0 0 0 0 0 0 0 0 0 0 0 0 
 22.8 0 74.8 27.200000000000003 20.8 24.200000000000003 79 84.60000000000001 47.2 18.6 19 47.400000000000006 23 62.800000000000004 53.2 17.2 31.8 8.200000000000001 12.600000000000001 32 0.4 0.4 0.2 1.2000000000000002 0 0.2 0.6000000000000001 0 0.2 0.2 0 0.4 0 0 1.6 0.4 0.4 0 0.4 0 0 0 0 0.6000000000000001 0 0 0 1.8 0.4 0.8 0 0.4 0.4 0 0 12.200000000000001 0.4 0.2 0 0 0 0 6.6000000000000005 0 0 0 0 0 0.6000000000000001 0 1.4000000000000001 0.6000000000000001 0 1 0 0 0.6000000000000001 0 0.6000000000000001 0 2 2.2 4.4 8 1.4000000000000001 0.2 4.4 6.4 4.4 1.6 0.2 3.4000000000000004 9.4 8.200000000000001 7.4 2.4000000000000004 0 2 2.6 6.2 0 0 0 0 0.2 0 2.6 0 0 0 0 0 0 0 2 0 0 0 1.2000000000000002 0 0 0 0 0 0 0 0 0 0 0 0 0 0 0 0 0 0 0 0 0 0 0 0 0 0 0 0 0 0 0 0 0 0 0 0 0 0 0 0 0 0.4 3.6 7.800000000000001 0.6000000000000001 2.2 0 2.2 0.8 1.4000000000000001 2.4000000000000004 0 1.8 2 0 6.4 0 5.4 3.2 0 2.2 0 0 0 0 0 0 0 0 0 0 0 0 0 0 0 0 0 0 0 0 0 0 0 10.600000000000001 0 0 0 0 2.2 0 0 0 0 0 0 0 0 0 0 0 0 0 0 0 0 0 0 0 0 0 0 0 0 0 0 0 0 0 0 0 0 0 0 0 0 0 0.4 0 0.6000000000000001 0.4 0.6000000000000001 3.4000000000000004 0 0 0.4 0 0 0 0 0 0 3 0 0 0 0 0 0 0 0 0 0 0 0 0 2.2 2.2 1.4000000000000001 0 0 0 0 0 0 0 0 0 0 0 0 
 16.6 74.8 0 26.8 56.800000000000004 26.8 93.60000000000001 16.8 56.6 43.800000000000004 36.2 8.6 32 12.4 12.600000000000001 31.6 19.400000000000002 25 6.6000000000000005 67.8 0.6000000000000001 0 0 0.6000000000000001 0 0 5.4 0.4 0 0 0 0 0 0 0.4 0 0 0.6000000000000001 21.400000000000002 0 0 0 0 0.6000000000000001 0 0 0 0.6000000000000001 0.6000000000000001 5.2 0 0.6000000000000001 0.4 12.200000000000001 0 0 0.4 0 0 0 0 0 0 0 0 0 0 0 0.4 0 1.2000000000000002 0.6000000000000001 0 0.8 0 0 2.2 0 0.6000000000000001 0 2.2 0 0 3 2.6 8.6 0.4 3.6 1.4000000000000001 2.8000000000000003 0 4 2.2 0 2 6.2 0 6.800000000000001 0 8.200000000000001 3.4000000000000004 0 2 0 0 0 0 0 0 0 0 0 0.2 2.2 0 0 0 0.2 0 2.8000000000000003 0 0 0 0 0 0 0 0 0 0 0 2.6 0 0 0 0 0 0 0 0 0 0 0 0 0 0 0 0 0 0 0 0 0 0 0 0 0 0 0 0 2.4000000000000004 3 6.6000000000000005 4.4 0.4 1.6 0 0.8 0 0 0 0 2.8000000000000003 3.4000000000000004 5.6000000000000005 0 1.2000000000000002 0 0 3.6 0 0 0 0 0 0 0 0 0 0 0 0 0 6.800000000000001 0 0 0 0 5.800000000000001 0 0 0 0 0.2 0 0 0 0 0 0 0 0 0 0 0 0 0 0 0 0 0 0.2 0 0 0 0 0 0 0 0 0 0 0 0 0 0 0.2 0 0 0 0 0.8 0 0 0 0 0 0.2 0.6000000000000001 1.8 0 0.8 0 0 0 0 0 0.2 0 0 0 0 1.2000000000000002 0 0 0 0 0 0 0 0 0 0 0 0 4.800000000000001 0 0 0 0 0 0 0 0 0 0 0 0 0 0.2 
 12.8 27.200000000000003 26.8 0 15.8 22.400000000000002 41.2 10 13.600000000000001 35.2 49.800000000000004 26.400000000000002 11.8 14 18.400000000000002 7.800000000000001 111.80000000000001 26 10.200000000000001 14.600000000000001 0.4 0 0 1 0 0 0.6000000000000001 14.600000000000001 0.6000000000000001 0.4 14.600000000000001 0 16.400000000000002 4.4 13.200000000000001 0 0 0.4 4.4 4.4 0 0.4 0 0.6000000000000001 0 0 1.2000000000000002 0.6000000000000001 0.4 0 0.4 1.4000000000000001 0.4 0 0 0.4 0.4 0 0.6000000000000001 0 0.4 0 0 0.6000000000000001 0 0 1.2000000000000002 0 0.4 0 0 0.6000000000000001 0 0.4 0 14.4 0 0.6000000000000001 1.2000000000000002 0.2 3 0 3 7.2 0.4 3.6 0 0 0 6.4 4.2 0 0 0 0 0 2.8000000000000003 1.4000000000000001 0 0 0 0 1.8 2.6 0 0 1.8 2.4000000000000004 0 1 0 0 3.6 2.8000000000000003 0 0 0 0 0 8.6 0 0 0 0.4 0 0 0 0 0 0 0 2.6 0 0 0.2 0 0 0 0 0 0 0 0 0 0 0 0 0 0 0 0 0 0 0 0 0 0 0 0 0 0.4 0 0 0 0.2 0 0 0.8 1.2000000000000002 0.2 2.2 4.2 0 0 2.2 0 3 2 0 7.4 0 6.4 0 0 0.2 0.2 0 3 0 0.4 0 0 0 0 0 4.800000000000001 0 0 6.4 2 0 0 0 0 0 0 0 0 0 0 0 0 0 0 0 0 0 0 0 0 0 0 0 0 0 0 0 0 1.4000000000000001 0 0 0 0 0 0 0 0 0.4 0 0 0 0 0 0 0.2 0.2 0.6000000000000001 0 0.4 0.2 0.2 3 0 0 0 0 0 0 0 0 0 0 0 0 0 0 0 0 0 0 0 0 0 0 0 0 0 0.2 0 0 0 0 0 0 0 0 0 0 0 0 
 27.200000000000003 20.8 56.800000000000004 15.8 0 99.2 71.8 14 50.400000000000006 13.8 15.600000000000001 55.400000000000006 13.4 83.60000000000001 14.8 15.200000000000001 13.4 46.2 6.6000000000000005 22.200000000000003 14.600000000000001 0 0 0 0 0 0.2 0 0.4 0 0 0 48.6 0 0 0 0.4 0 1.4000000000000001 0.4 0 0 0 12.200000000000001 0 1.2000000000000002 0 0 0 0.2 0 0.4 0 0 0 1.2000000000000002 0.4 0 0.6000000000000001 0 0 0 0 0 0.4 0 0 0 0 0 0 0 0 0 0 0 0 0 0 0 3 4.2 2.4000000000000004 4 5 7.4 5.4 0 1.2000000000000002 1.6 10.4 0.8 0 2 5.6000000000000005 6 0 0 0 3 0 2.6 0 1.8 0 0 1.6 0 0 0 0 0 2.4000000000000004 0 6 0 0 5.6000000000000005 3.6 0 0 0 0 0 0 0.4 0 0 0 0 1.8 0 0 0 0 0 0 0.4 0 0 0 0 0 0.2 0 0 0 0.6000000000000001 0 0.6000000000000001 0 0 0 0 0 0 0 0.6000000000000001 0 0 0.2 2.6 0.2 0 4.4 4 0 0 2.2 0.8 0 1 0 0 3.8000000000000003 2.8000000000000003 1.8 3 0 0 0 4.2 0 0 0 0 1.4000000000000001 0 7 0 0 0.2 0 0.2 2.4000000000000004 0 0 0.4 2.8000000000000003 0 0 0 0 4.800000000000001 0 0 0 0 0 0 0 0 0 0 0 0 0 0 0 0 0 0 0 0 0 0 0 0 0 0 0 0 0 0 0 0 0 0 0 0 0 0 0 0 0 0 17.6 0 1.2000000000000002 0.6000000000000001 0.4 1.4000000000000001 2 0 0 0 0 0 0 0 0 0 0 0 0 0 0 0 0 0 0 0 0 0 0 1.2000000000000002 4.6000000000000005 0 0 0.2 0 0 0 0 0 0.4 0 0 0 0 
 66 24.200000000000003 26.8 22.400000000000002 99.2 0 4.800000000000001 11.600000000000001 15 7.4 25.6 11.8 9.4 56.400000000000006 9.4 13.4 89.60000000000001 27 7.6000000000000005 12.200000000000001 0.4 0 0 0.6000000000000001 0 0 27.400000000000002 0 0.2 0.2 0 0 75.2 15.8 15 0 14.8 12.200000000000001 16.2 0 0 0 11.8 0.6000000000000001 0 0 0 0.6000000000000001 0.4 0.4 0 0.4 0.4 11.200000000000001 0 0 0.4 0 0 0 0 0 0 0 0 0 0 0 0.6000000000000001 0 0 0.6000000000000001 0 0.4 0 0 0.2 0 0.6000000000000001 0 0 0 7 0 6.6000000000000005 0.4 0 0 0 0 7 2.6 0 0 4.4 0 14 2 0 0 4.2 0 0 0 0 0 3.2 0.2 0.2 0 0 0 0 7.4 0.4 0 0 2 0.2 2.2 0 0 0 0 0 0 0 0 0 0 0 0 0 0 0 0.2 0 0 0 0 0 0 0 0 0 0 0 0 2.8000000000000003 0 0 0 0 0 0 1 0 0 0 0 4.6000000000000005 1.4000000000000001 0.4 0 1.8 7.6000000000000005 0 0 0 6 0.2 2.6 0 0 0 3.6 4 0 0 0 0 0.2 0 0 0 0 0 5.6000000000000005 0.2 3.4000000000000004 0 2.8000000000000003 0 4 3 0 4 0 2.4000000000000004 4.2 0 0 0 0 0 0 4.4 0 0 0 0 0 0 0 0 0 0 0 0 0 0 0 0 0 0 0 0 0 0 0 0 0 0 0 0 0 0 0 0 0 0 0 0 0 0 0.2 19.200000000000003 0 0 0.4 0 1.8 2.2 0 0 0 0 0 0 0 3.2 0 0 0 0 0 0 0 0 0 0 0 0 0 0 0 0 0 0 0 0 0 0 0 0 0 0 0 0 0 
 30.200000000000003 79 93.60000000000001 41.2 71.8 4.800000000000001 0 22.6 48.400000000000006 11 27.6 51.400000000000006 52.400000000000006 47 23.8 17.8 22.400000000000002 42.800000000000004 7.800000000000001 37 0.4 0 0 0.6000000000000001 0 0.2 0.6000000000000001 0 0.2 0.6000000000000001 0 0 0 0 15.4 0 0 0 0 0 0.4 0 0 0.6000000000000001 0 0 0 0.6000000000000001 0.2 0 0 0.4 0.4 0 0 0 0 0 0.4 0 0 0 0 0 0 0 0 0 0.6000000000000001 0 3.4000000000000004 0.6000000000000001 0 0.4 0 0 0 0 0.6000000000000001 0 5.800000000000001 3.6 0 3 0 9 7 4.4 1.2000000000000002 2.2 4.2 4 0 2 2.4000000000000004 12.4 0 2 0 3.8000000000000003 0 0 0 0 0 0.4 0 0 0 0 0 0 1.8 0 0 0 0 0 2 0 0 0 0 0 0 0 0 0 0 0 0 0 0 0 0 0 0 0 0 0 0.2 0 0 0 0 0 0 0 0.2 0 0 0 0 0 0 0 1.2000000000000002 0 0 0 3.8000000000000003 5 3.4000000000000004 5.4 2.4000000000000004 0 0.2 3.4000000000000004 4.800000000000001 0 0 0 0.8 9.600000000000001 0.2 0 0 1.4000000000000001 4.2 8.200000000000001 0 0 0 0 0 2.8000000000000003 0 0 0.2 0 0 0 0 0 0 0 0 0 0 0 0 0 0 5 0 0 0 0 0 0 0 0 0 0 0 0 0 0 0 0 0 0 0 0 2.4000000000000004 0 0 0 2.8000000000000003 0 0 0 0 0 0 0 0.4 0 0 0 0 2 0 0 0 0 0.2 0 0.2 18.2 2.4000000000000004 1.6 0 0 0 0 0 0 0 0 0 0 2 0 0 9.600000000000001 0 0 0 0 0 0 0 0 0 3.2 3.4000000000000004 0 0 0 0 0.2 0 0 0 0 0 0 0 0.4 
 80.2 84.60000000000001 16.8 10 14 11.600000000000001 22.6 0 32.6 30 18 5.4 21.8 24 52.2 36.6 15 22.200000000000003 10.600000000000001 30 0.6000000000000001 0 0 15.4 0 0 0.6000000000000001 0 0 0.4 0 0 0 0 0.4 0 0 0 0 0 1 0 0 0.6000000000000001 0 0 0 1.2000000000000002 0.6000000000000001 0.4 0 0.4 0.4 0 0 0 0.4 10.4 0.4 0 0 0 0 0 0 0 0 0 0.4 0 8.8 7.800000000000001 0 1.6 0 11 2.8000000000000003 1 0.6000000000000001 0 5.4 2 1.6 2 0 0 3.4000000000000004 9.8 10.4 0.2 0.6000000000000001 0.4 11.4 3.6 6.2 2.4000000000000004 11.200000000000001 4 2.2 0 0 0 0 0 0 0.4 0 0 0 0 0 0 0 0 0 0 0 0 0 0 0 0 0 0 0 0 0 0 0 0 0 0.4 0 0 0 0 0 0 0 0 0.4 0 0 0 0 0 0 0 0 0 0 0.6000000000000001 0 0 0 0 0 0 0 0 2.2 2.2 12.200000000000001 3.4000000000000004 0 0 5.6000000000000005 4.2 3 1.8 2.6 0.2 5.800000000000001 5.800000000000001 9.4 0 3.4000000000000004 5.6000000000000005 4 0 0 0 0 0 0 0 0 0 0 0 0 0 0 3 0 0 0 0 0 0 0 0 0 0 0 0 0 0 0 0 0 0 0 0 0 0 0 0 0.2 0 0 0 3.8000000000000003 0 0 0 0 0 0.2 0 0 0 0 0 0 0 5.6000000000000005 0 0 0 0 0.2 0 0 0 0.4 0.2 0 0.6000000000000001 0 0.2 2.4000000000000004 0 0 0 0 0 0 0 0 0 0 0 0 0 12.600000000000001 0 0 0 0 0 0 0 0 0 0 2 1.6 0 0 0 0 0 0 0 0 0 0 0 0 
 44.6 47.2 56.6 13.600000000000001 50.400000000000006 15 48.400000000000006 32.6 0 37.800000000000004 8.200000000000001 17 56.800000000000004 76 23.400000000000002 60.800000000000004 50.2 22 6.6000000000000005 33.6 0.4 0 0 0.6000000000000001 0.4 0 0.6000000000000001 0 1 0.4 0 0 0 0 0.4 0 0 0.2 0.8 0 0 0 0 0.6000000000000001 0 0 0 0.6000000000000001 0.2 0 0 0.4 0.4 0 0 0 0.4 0 0.2 0 0 0 0 0 0 0 0 0 0.6000000000000001 0 0 0.6000000000000001 0 0.4 0 0 0 0.6000000000000001 0.6000000000000001 0 6.2 5.800000000000001 1.2000000000000002 11.200000000000001 2.2 14.4 7.2 6 2.4000000000000004 9.4 2.8000000000000003 0 0 7.4 11.200000000000001 5.4 8.200000000000001 6.6000000000000005 0 0 0 0 0 0 0 0 0.8 0 0 0 0 0 1.8 0 0 0 0 0 3.4000000000000004 2 0 0 0 0 0 0 0 2.2 0 0 0 0 0 0 0 0 0 0 0 0 0 0 0 0 0 0 0 0 0 0 0 0.6000000000000001 0 0 0 4 0 0 0 0 1.8 2.2 3 0 2.2 2.2 0 0 7.800000000000001 3.2 0.2 5.6000000000000005 0.2 0 3.6 2.8000000000000003 0 2.8000000000000003 0 4 0 0 0 2.2 0 0 0 0 0 0 0 0 0 4 0 0 0 0 0 1.6 0 0 0 1.8 0 0 0 0 0 0 0 0 0 0 0 0 0 0 0 0 0 0 0 0 0 0 0 0 0 0 0 0 0 0 0 0 0 0 0 0.2 0 0 0 0 0 0.4 0 0 17.6 0.2 0 1.8 1.8 0 0 0 0 0 0 0 0 0 0 0 0 0 0 0 0 0 0 0 0 0 0 0 4.6000000000000005 1.2000000000000002 0 0 0 0 0 0 0 0 0 0 0 0 
 23.8 18.6 43.800000000000004 35.2 13.8 7.4 11 30 37.800000000000004 0 29 44.6 10 34.2 38.2 38.6 26 30.200000000000003 7.2 20.200000000000003 0.8 0 0 0.6000000000000001 0 0 1 0 0.2 0.2 15 0 0 0 0.4 0 0 0.6000000000000001 14.8 7.2 0 0 0 0.6000000000000001 0 0 0 1.2000000000000002 0.6000000000000001 0.8 0 0.4 0.4 0 0 0 0.4 0 0 0 0 0 0 0 0 0 0 0 0.4 0 0.4 0.6000000000000001 0 0.6000000000000001 7 0 0 0 0.6000000000000001 0 3.6 0 6.2 2.2 5.800000000000001 0 0 1.6 2.8000000000000003 0.4 6 6 0 0.2 0 1 8.6 0.2 0 0 0 0 0 0 0 0 1.6 0 0 0 0 0 4 0 0.2 0 0 0 2.6 2 0 0.2 0 0 0 0 0 0 0 0 0.6000000000000001 1.8 0 0 0 0 0 0 0 0 0 0 2 0 0 0 0 1.4000000000000001 0.2 0 0 0 0 0 0 0 0 0 0 0 0 0 5.800000000000001 9 1.2000000000000002 4.800000000000001 2.2 0.8 2.6 4.2 9.4 1.8 3.2 4.6000000000000005 1.2000000000000002 4.6000000000000005 0 0 0 3 3.8000000000000003 0 0 0 0 0 2 2.2 0 0 0 0 0 1.6 0 0 0 0 0 7.800000000000001 0 0 0 0 0 0 0 0 0 0 0 0 0 0 0 3.6 0 2 0 0 0 0 0 0 0 0 0 0 0 0 0 0 0 0 0 0 0 0 0 0 0 2.4000000000000004 0 0 0 0 18.2 0 9.8 0.4 0 1.6 2.6 0 0 0 0 0 0 0 0 0 2.2 0 0 0 0 0 0 0 0 0 0 0 0 3.4000000000000004 0 0 0 0 0 0 0 0 0 0 0 0 0 0 
 50.800000000000004 19 36.2 49.800000000000004 15.600000000000001 25.6 27.6 18 8.200000000000001 29 0 44.2 8.6 6.2 70 19 23.200000000000003 13.600000000000001 6.4 10.8 0.2 0 0 0.4 0 0 0.6000000000000001 4.4 0.4 0.2 0 0 0.6000000000000001 14.600000000000001 0.4 0 0.4 0 15.200000000000001 20 0 12.4 0 0.6000000000000001 0 0 0 0.6000000000000001 0.2 0.4 0 0.4 0.4 0 0 0 0.4 0 0.6000000000000001 0 0 0 0 0 0 0 0 0 0.6000000000000001 0 1 0.6000000000000001 0 0.6000000000000001 0 0 0.6000000000000001 0 0.6000000000000001 0 0.2 2.4000000000000004 1.8 6.4 2.6 0 1.6 3.6 4 0.2 0 4.4 5.800000000000001 5.800000000000001 4.800000000000001 3 0.6000000000000001 0 3.2 4.6000000000000005 0 4.2 2.6 2 0 0 0.8 2.2 2 0 0 0 2 0 0.2 0 0 0 2 5.800000000000001 0 0.2 0 0 0 0 2.2 0 0 0 0 0 0 0 0 0 0.4 0 0 0 0 0 0 0 0 0 0 6.4 3.4000000000000004 0.2 0 0 0 0 0 0 0 0 0 3 0 0 5.6000000000000005 3.2 2 3.4000000000000004 2 2 3.8000000000000003 4.800000000000001 1.4000000000000001 0 1.8 0 5.2 0 5.800000000000001 2 0 0 0.6000000000000001 3 0 0 0 0 3.8000000000000003 2.4000000000000004 0 2.6 0 0 1.6 1.8 0 0.2 0 2.6 4.800000000000001 0 0 0 0 0 0 0 0 0 0 0.4 0 0 0 0 0 0 0 0 0 0 0 0 0 0 0 3.4000000000000004 0 0 0 0 0.2 0 0 0 0 0 0 0 0 0 0 0 0 0 0 1.8 18.400000000000002 0 0.6000000000000001 19.200000000000003 0 4 0 0 0 0 0 0 0 0 0 0 0 0 0 0 0 0 0 0 0 0 0 0 0 6.6000000000000005 2 0 0 0 0 0 0 0 0 0 0 0 0 0 
 67.4 47.400000000000006 8.6 26.400000000000002 55.400000000000006 11.8 51.400000000000006 5.4 17 44.6 44.2 0 5.6000000000000005 27 3.4000000000000004 17.8 32.800000000000004 74.60000000000001 2.4000000000000004 10.200000000000001 15.8 0.4 0 0.6000000000000001 0 0 0.6000000000000001 17.400000000000002 2.6 0.2 0 0 0 0 0.4 0 5.800000000000001 0 4.800000000000001 0 0 20.400000000000002 0 0.6000000000000001 0 0.6000000000000001 0 0.6000000000000001 0.4 0 0 0.4 0.4 1 0 0 0.4 0.4 0 0 0 0 0 0 0 0.6000000000000001 0 0 0.6000000000000001 0 0 0.6000000000000001 0 0.4 0 0 0 0.2 0.6000000000000001 0 0 0 2.8000000000000003 1.2000000000000002 3.4000000000000004 3.4000000000000004 0.4 0 0.4 3 7.4 0 4.800000000000001 0 0 0 10 8.6 0 0 0 0.2 8.200000000000001 2.8000000000000003 0 0 2.8000000000000003 0 0.4 0 0 0 8 0 0 0 2.6 4.4 3.2 6.2 0 0 3.2 0 0 0 0 2.6 0 0 0 2.6 0 0 0 0 0 0 0 0 0 0 1.2000000000000002 0 1.8 0 0 0 0 0 0 0 0 0 0 1.6 0 0 0 0 0.4 0 4.6000000000000005 1.8 0 3.2 0 1 4.4 2.4000000000000004 0.8 2.2 0 0 0 3.6 2.4000000000000004 0 0 2 0 2.2 0 0 0 0 0 0 0 5.6000000000000005 0 0 1.2000000000000002 2.4000000000000004 0 0 0 3.6 7 4 0 0 0 0 0 0 0 0 2.2 0 0 0 0 0 0 0 0 0 0 0 0 0 0 0 0 0 0 0 0 0 0 0 0 0 0 0 0 0 0 0 0 0 0 0 0 0 1.2000000000000002 0 20.400000000000002 0.6000000000000001 0.4 1 2.8000000000000003 0 0 0 0 0 14.8 0 0 0 0 0 0 0 0 0 0 0 0 0 0 0.2 0 0 0 0 0 0 0 0 0 0 0 0 0 0 0 0 
 27.8 23 32 11.8 13.4 9.4 52.400000000000006 21.8 56.800000000000004 10 8.6 5.6000000000000005 0 52.400000000000006 9 54.800000000000004 7.4 6.6000000000000005 13 44.400000000000006 0.6000000000000001 0 0 0.6000000000000001 0 0 0.6000000000000001 18.2 0 0.4 0 0 0 10.4 0.4 0.4 0 0 19.8 0 0 0 0 0.6000000000000001 0 1.6 0 0.6000000000000001 0.6000000000000001 0 0 0.8 0.4 0 0 0 0.4 0 1.8 0 0 0 0 0 0 0 0 0 0.4 0 0.4 0.6000000000000001 0 0.8 0 0 9 0 0.6000000000000001 0 5.6000000000000005 7.4 0 11.4 0 3 4 6.4 0 2.2 0.2 0 0.2 2.4000000000000004 3.6 7.4 1.6 5.2 5.4 0 0 0 0 0 0 0 0 0 0 0 0 0 0 0 0.2 0 0 0 0 0 0 0 1.6 0 0 0 0 0 0.4 0 0 0 0 0 0 0 0 0 0 0 0 0 0.2 0 0 0 0 0.2 0 0 0 1.6 0 0 0.4 0 6.800000000000001 0 0 0 1.4000000000000001 4.6000000000000005 2.8000000000000003 5.4 9.600000000000001 0 0 6 3.4000000000000004 0 0 0 3.6 8 0.2 0 0.2 0.2 4.2 6.2 0 0 0 0 0 0 0 0 0 0 0 0 0 4.2 3.8000000000000003 0 0 0 0 0 0 0 0 4.2 0 0 0 0 0 0 0 0 0 0 0 0 0 0 0 0 0 0 0 0 0 0.2 0 0 0 0 0 0 0 0 0 0 0 0 0 0 0 2.8000000000000003 0 0 0 0.4 0 0.2 0 0 2 1.2000000000000002 0.4 0 0 0 0 0 0 0 0 0 3 0 0 0 0 0 0 0 0 0 0 0 0 0 0 0 0 0 0 0 0 0 0 0 0 0 0 0 
 73.60000000000001 62.800000000000004 12.4 14 83.60000000000001 56.400000000000006 47 24 76 34.2 6.2 27 52.400000000000006 0 42.2 27.8 8 14 12.8 40.400000000000006 0.6000000000000001 0 0.4 0.6000000000000001 0 0.2 0.6000000000000001 0 0 0.2 0 0 0 0 0.4 0 0 0 0 0 0 0 0 0.6000000000000001 0 7.2 0 0.6000000000000001 0.6000000000000001 0 0 0.4 0.4 0 0 0 0 0 0.4 0 0 0.6000000000000001 0 0 0 0 0 0 0.4 0 0.4 0.6000000000000001 0 8 0 0 0 0 0.6000000000000001 0 2.6 1.8 1.6 3 4.6000000000000005 0.8 4.4 5.6000000000000005 0 13.8 4.2 3 0.6000000000000001 1.8 2.4000000000000004 2.6 2.6 3 0 2.4000000000000004 3.6 0.8 0 0 0 0 0 0 0 0.4 0 0 0 0 2 0 0.2 0 0.6000000000000001 0 0 0 0 0 0.4 0 0 0.4 0.2 0 0 0 0 0 0 0.2 0 0 0 0 0 0 0 0 0.2 0 0 0 0 0 0 0 0 0 0 0 2 0 0 0 4.6000000000000005 4.4 0.2 2.4000000000000004 2.2 3.8000000000000003 2.4000000000000004 4.4 1.4000000000000001 3.4000000000000004 0 0.2 10 1.8 0 6.4 2 0 0 4.800000000000001 0 0 0 0 0 0 0 0 0 0 0 0 0.4 0 0 0 0 0 0 0.4 0 0 0 4.6000000000000005 0 0 0 0 0 0.2 0 0 0 0 0 0 0.4 0.2 0 0 0 0 0 0 0 0 0 0 0 0 0 0 0 0 0 0 0 0 0 0 0 0 0 0 0 0.4 0.2 0.4 0.2 18 1.8 1.4000000000000001 0.8 0 0 0 0 0 0 0 0 0 0 0 0 0 0 0 0 0 0 0 0 0 0 0 0 0 0 0 0 0 0 0 0 0 0 0 0 0 
 40.800000000000004 53.2 12.600000000000001 18.400000000000002 14.8 9.4 23.8 52.2 23.400000000000002 38.2 70 3.4000000000000004 9 42.2 0 54.400000000000006 30 39.400000000000006 8.4 24.400000000000002 0.4 0 0.6000000000000001 1.2000000000000002 0 0.6000000000000001 0.6000000000000001 1 1.2000000000000002 0.4 0 15 0.8 0.4 0.4 0 0 1.2000000000000002 0.6000000000000001 0.2 0.6000000000000001 0.4 0 1 0 0 0 1.8 0.8 0.4 0 0.4 1 1 0.4 0 0.4 0.4 1.2000000000000002 0 0 0 0 0.8 0 0 0 0.4 1.6 0 0 1.2000000000000002 0 0.4 0 0 0.4 0.2 0.6000000000000001 0 3.2 2.4000000000000004 3.8000000000000003 5.2 0.4 0.2 5.2 9.600000000000001 12.600000000000001 5.800000000000001 5.800000000000001 0.6000000000000001 10.200000000000001 4.4 9.8 2.6 3 2.6 2 3.6 0 0 1.8 0 0 0 0 0 0 0 0 0 0 0 0 0 0 0 0 0 0 0 0.4 0 0 0.2 0 0 0 0.4 0 0 0 0 0 0 0 0 0 0.2 0 0 0 0 0 0.2 0 0 0 0 0 4.2 0 0 0 2 0 0 0 0 0.4 0.2 0.8 0 0 0 7.2 3 0 2 2.8000000000000003 2.4000000000000004 8 1.6 6.800000000000001 3.2 2 7.2 1.4000000000000001 4.2 0 0 0 0 0 0 0 0 0 0 0 0 0 0 0 0 0 0 0 0 0 0 0 0 0 0 0 0 0 0 0 0 0 0 0 0.4 0 0 0 0 0 0 0 0 0 0 0 0 0 0 0 0 0 0 0 0 0 0 0 0 0 0 0 0 0 0 0 0.2 0.6000000000000001 2.8000000000000003 0 5.4 2.2 0 0 0 0 0 0 0 0 0 0 0 0 0 0 0 0 0 0 0 0 0 0 0.2 2.2 1.6 0 0 0 0 0 0 0 0 0 0.6000000000000001 0 0 
 24 17.2 31.6 7.800000000000001 15.200000000000001 13.4 17.8 36.6 60.800000000000004 38.6 19 17.8 54.800000000000004 27.8 54.400000000000006 0 49 22.6 6.4 39 0.4 0 0 0.6000000000000001 0.4 0 0.6000000000000001 0 0.2 0.2 0 0 0 0 0.4 0 0.4 0 0 0 0.6000000000000001 0 0 0.6000000000000001 0 0 0 0.6000000000000001 0.2 0 0 0.4 0.4 0 0 0 0.4 0.4 0.4 0 0 0.4 0 0 0 0 0 0 0.6000000000000001 0 0 0.6000000000000001 0 0.4 0 0 0 0 2 0 2.8000000000000003 0.4 2.8000000000000003 4.800000000000001 1.8 11 4.4 6.6000000000000005 3 5.2 4 0 2.8000000000000003 5.6000000000000005 1 1.8 5 5 0.2 3.2 0 0 0 0 0 0.6000000000000001 1.8 0.2 0 0 0 0 1.8 0 0.2 0 0 0.6000000000000001 0 2.2 0 0 0 0 0 0 0 0 0 0.4 0 0.4 0 0 0 0 0 0.8 0 0.2 0 0 0 0 0 0.2 0 0 0 0 0 1.2000000000000002 0 0 0 0 0 0 0 0.4 0.6000000000000001 3 8.4 3.8000000000000003 2.2 3.2 0.4 0 7.6000000000000005 2 0.6000000000000001 2 1.4000000000000001 0 4 4.2 3.4000000000000004 0 0 4.6000000000000005 0 0 0 0 0 0 0 0 0 0 0 0 0 2.4000000000000004 0 0 0 0 0.2 2 0 0 0 6 0 0 0 0 0 0 0 0 0 0.4 0 0.4 0 0 0 0 0 0 0.4 0 0 0 0 0 0 0 0 0 0 0 0 0 0.6000000000000001 0 0 0 0 2.2 0 0 0 0.2 0.2 0.4 18 0.4 0 2.4000000000000004 2.6 0 0 0 0 0 0 0 0 0 2 0 0 0 0 0 0 0 0 0 0 0 0 0 0 2 0 0 0 0 0 0 0 0 0 0 0 0 
 8.6 31.8 19.400000000000002 111.80000000000001 13.4 89.60000000000001 22.400000000000002 15 50.2 26 23.200000000000003 32.800000000000004 7.4 8 30 49 0 9 4.4 11.600000000000001 0.2 0 0 0.4 0 0 11.600000000000001 0 1 0.2 0 0 16.2 14.4 0.4 0 0.2 0.6000000000000001 5.2 14.4 0 0 0 0.6000000000000001 0 0 0 0.6000000000000001 0.2 0 0 0.4 0.4 0 0 0 0 0 0 0 0 0 0 0 0 0 0 0 0.6000000000000001 0 0 0.6000000000000001 0 0.4 0 10.600000000000001 0 0 0.6000000000000001 0 1 0 2.8000000000000003 1 5.2 3.2 0 5.6000000000000005 1.8 7.800000000000001 0 2.2 1.6 2.6 0.4 0.2 0.6000000000000001 9.4 0.2 0.2 0 0 0 0 0 0 0 2 0 0 0 0 0.2 0 0.6000000000000001 0 0 0 0 3.2 0 0 0 0 0 0 0 0 0 0 0 0 0 0 0 0 0 0 0 0 0 0 0.2 0 0 0 0 0 0 0 0 0 0 0 0 0 0 0 0 0 0.4 0 3.4000000000000004 0 0 4.4 0 0 2.2 8.4 3.2 3 0 0 3.8000000000000003 0 0.2 4 0 3.4000000000000004 0 0 0 0.2 0 0 0 2 0 0 0 0 0 2.2 0 0 0 0 6 0.8 0 0 0 0 0 0 0 0 0 0 0 0 2.4000000000000004 0 0 0 0 0 0 0 0 0 0 0 0.2 0 0 0 0 0 0 0 0 0 0 0 0 0 0 0.2 0 0 0 0 0 0.4 18.8 0.4 0.2 0.4 0 1 0 0 0 0 0 0 0 0 0 0 0 0 0 0 0 0 0 0 0 0 0 0 0 0 0 2 0 0 0 0 0 0 0 0 0 0 0 0 
 15.200000000000001 8.200000000000001 25 26 46.2 27 42.800000000000004 22.200000000000003 22 30.200000000000003 13.600000000000001 74.60000000000001 6.6000000000000005 14 39.400000000000006 22.6 9 0 8.6 7.4 0.4 0.2 0 0.6000000000000001 0 0 1 0.4 0.6000000000000001 13.4 0 0 0 0 0.6000000000000001 0 0 0.2 0.8 0 0 0 0 0.6000000000000001 0 0 0 2.4000000000000004 0.6000000000000001 0.4 0 0.8 0.4 0 0 0 0 0.2 0.4 0 0.6000000000000001 0 0 0 0 0 0 0 0.4 0 0.4 0.6000000000000001 0 0.6000000000000001 0 0 0 0.6000000000000001 0.6000000000000001 0 4.2 5 4.6000000000000005 2 4.800000000000001 3 4.800000000000001 3.8000000000000003 4.2 1.2000000000000002 7.2 2 3.2 2 1.8 1.6 2.8000000000000003 0.2 2 0 0 0 0 0 0 0 0 0 0 0 0 0 2.4000000000000004 0 0 0 0 0 3 0 0 0 0 0 0 0 0 0 0 0 0 0 0 0 0 0 0 0 0 0 0 0 0 0 0 0 0 2.6 0 0 0 0 0 0 0 0 0 0 0 0 0 0 11.8 5.800000000000001 0 3.2 4.800000000000001 0.8 0 5.800000000000001 1.8 0 6.2 1.6 4.4 1.6 2 4.4 0 4 2.6 0 0 0 0 0 0 0 0 0 0 0 0 0 0 0 0 0 0 0.2 0 0 0 0 0 0 0 0 0 0 0 0 0 0 0 0 0 0 0 0 0 0 0 0 3.6 0 0 0 0 0 0 0 0 0 0 0 0 0 0 0 0 2 0 0 0 0.6000000000000001 0.4 0 0 17.400000000000002 0.6000000000000001 2.6 2.2 0 0 0 0 0 0 0 0 0 1.4000000000000001 0 0 0.4 0 0 0 0 0 0 0 0 0 0 6.4 0 0 0 0 0 0 0 0 0 0 0 0 0 
 10.600000000000001 12.600000000000001 6.6000000000000005 10.200000000000001 6.6000000000000005 7.6000000000000005 7.800000000000001 10.600000000000001 6.6000000000000005 7.2 6.4 2.4000000000000004 13 12.8 8.4 6.4 4.4 8.6 0 37.6 0.4 0 0 0.6000000000000001 0 0 0.6000000000000001 0 0.2 0.2 0 0 0 0 0.4 0 0 0.2 0 0 0 0 0 0.6000000000000001 0 0 0 0.6000000000000001 0.6000000000000001 0.2 0 0.4 0.4 0 0 0 0.2 0 0 0 0.6000000000000001 0 0 0 0 0 0 0 0.4 0 0.2 0.6000000000000001 0 0.4 0 0 0 0 0.6000000000000001 0 2.4000000000000004 4.800000000000001 0 0 0 0 2.6 2 3.2 0.2 0 0 0.2 3.2 0 2.8000000000000003 0 0 4.6000000000000005 23.400000000000002 0 0 0 0 0 0 0 0 0 0 0 0 0 0 0 0 0 0 0 0 0 0 0 0 0 0 0 0 0 0 0 0 0 0 0 0 0 0 0 0 4 0 0 0 0 0 0 0 0 0 0 1.2000000000000002 0 0 1.2000000000000002 0 0 0 0 0 8.8 0.4 0 0 0 0 5 3.4000000000000004 4.2 0 0 0 0 2.4000000000000004 2.2 7.800000000000001 0 0.6000000000000001 2.4000000000000004 3 0 0 0 0 0 0 0 0 0 0 0 0 0 4.6000000000000005 0 0 0 0 0 0 0 0 0 0 0 0 0 0 0 0 0 0 0 2.8000000000000003 0 0 0 0 0 0 0 0 0 0 0 0 0 0 0 0 0 0 0 0 0 0 0 0 0 0 0 0 0 0 0 0 0 0 0 0 0 1.6 0 0 0 0 0 0 0 0 0 0 0 0 0 0 0 0 0 0 0 0 0 0 0 0 0 0 0 0 0 0 0 0 0 0 0 0 0 0 
 28.200000000000003 32 67.8 14.600000000000001 22.200000000000003 12.200000000000001 37 30 33.6 20.200000000000003 10.8 10.200000000000001 44.400000000000006 40.400000000000006 24.400000000000002 39 11.600000000000001 7.4 37.6 0 0.4 0 0 0.6000000000000001 0.2 0 0.6000000000000001 0 1.4000000000000001 8 0 40.400000000000006 0 0.2 0.4 0 0 0 0 0.8 0 0 0 0.6000000000000001 0 0 0 0.6000000000000001 0.2 0 0 0.4 0.4 0 0 0 0.2 0 0 0 0 0 0 0.2 0 0 0 0 0.6000000000000001 0 0.2 0.8 0 8.8 0 0 0.6000000000000001 0 0.6000000000000001 0 5.800000000000001 3.4000000000000004 0 4 0 3.8000000000000003 2 2 6 0 0.2 0 2 13 0 1 0 2 6.800000000000001 3 0 0 0 0 0 0 0 0 0 0 0 0 0 0.4 0.2 0 0.2 0 0 0 0 0 0 0 0 0 0 0 0.2 0 0 0 0 0 0 0 0 0 0 0.2 3 0 0 0 0 0 0 0.4 0 0 0 0 0 0 6.4 0 0 0 0 0 14.4 9 4.4 7.6000000000000005 2 0 7.4 7.6000000000000005 2.4000000000000004 0 0 0 0.2 3.6 0.4 1.8 0.2 2.4000000000000004 3.6 3.2 0 0 0 0 0 0 0 0 0 0 0 0 0 11.200000000000001 0 0 0 0 0 0 0 0 0 4.4 0 0 0 0 0 0 0 0 0 0 0 0 0 0 0 0 0 0 0 0 0 0 0 0 0 0 0 0 0 0 0 0 0 0 0 0 0 2 0 0 0 1 0.4 0.4 0.4 0 0 0 0 0 0 0 0 0 0 0 0 0 2 0 0 0 0 0 0 0 0 0 0 0 0 0 0 0 0 0 0 0 0 0 0 0 0 0 0 0 
 0.2 0.4 0.6000000000000001 0.4 14.600000000000001 0.4 0.4 0.6000000000000001 0.4 0.8 0.2 15.8 0.6000000000000001 0.6000000000000001 0.4 0.4 0.2 0.4 0.4 0.4 0 53 31.200000000000003 112.4 14 5.800000000000001 11 14.4 31 10.8 12 8.200000000000001 7.6000000000000005 26.6 30 25.8 22.400000000000002 22.400000000000002 45 6.4 0 12.4 0.6000000000000001 0.4 0 0.8 0 0.6000000000000001 0 1.6 0.6000000000000001 0 0.6000000000000001 0 0 0 0.4 0.4 12.600000000000001 0.4 0 0 0.6000000000000001 0 0 0.6000000000000001 0 0 0.4 1.2000000000000002 0.4 0 0.2 0 0 2.6 2.6 0 1 0.4 0 0 0 0 0 5.2 0 0 0 0 0 0 0 0 0 0 3 0 0 0 0 4.2 0.2 2.6 0 0 4.2 4.4 2.6 0 6.800000000000001 2.6 2 0 3.6 6 3.8000000000000003 1.6 4.4 0 0 0 0 0 0 0 0 0 0 0.4 2.8000000000000003 0 0 0 0 0 0 0 3.2 0 0 0.2 0 0 0 0 0 0.4 0 2.4000000000000004 1.6 0 0 0 0 0 0 0.8 3 0 0 0 0 0 2.6 0 0 0 0 0 0.8 0 0 0 0 0 0 0 2.2 0 5.4 2.4000000000000004 0 0.4 0 0 1.2000000000000002 0 1.6 6.4 0 4.4 6.2 9.8 0 3 9.4 2.6 5 2.6 0.2 0 0 0 0 0 2 0 0 0 0 0 1.4000000000000001 0 0 0 0 0 0.2 0 0 0 0 0 0 0 0 0 0 0 0 0 0 0 0 0 0 0 0 0 0 0 2.6 0 0 0 0.2 0 0 0 0 0 0 0 0 0 0 0 0 0 0 0 0 0 0 0 0 0 0 0 0 0 0 0 0 0.2 0 0 0 0 0 0 0 0 0 0 0 0 0 0 
 0 0.4 0 0 0 0 0 0 0 0 0 0.4 0 0 0 0 0 0.2 0 0 53 0 34.2 34.4 7 8 67 23.200000000000003 29.400000000000002 7.2 17.6 22 10.4 24.6 56.400000000000006 6.800000000000001 21.400000000000002 43.2 32.6 10.200000000000001 0 0.2 0.6000000000000001 0.4 0 0.8 0 13.4 0 1 0.4 0 12.600000000000001 0.4 0 0 0.4 0.8 0 5.800000000000001 0 0 0 1.8 0 0 0 0.6000000000000001 0 0.8 0 0.4 0 0.6000000000000001 0 0.6000000000000001 0.6000000000000001 0 0.6000000000000001 0 0 0 0 0 0 0.2 0 0 0 0 0 0 2.8000000000000003 0 0 0 0 0 0 0 0.2 4 1.6 5.4 1.8 0 2.4000000000000004 8.6 5.800000000000001 1.8 7.4 9.200000000000001 0.2 2 0 5.6000000000000005 0 0.2 0 0.2 2 0 0 0 0 0 3.8000000000000003 0 0 1.8 0.2 0 0 1.4000000000000001 0 0 0 0 0 1.8 0 0 0 0 0 0 0 0 0 2 0.2 3.8000000000000003 0 0 0 0 0 0 0 0 0.4 0 0 0 2.2 0 0 0 0 0 0 2 0 0 0 0 0 0 0.4 0 4.4 7.6000000000000005 2.2 0 0 4.6000000000000005 2.2 2.2 4.2 0 0 2.8000000000000003 4 3.2 2.2 2.8000000000000003 2.2 6.4 5 2.6 0.4 0 0 0 0 0 3.8000000000000003 0 0 0 0 0 0.2 4.800000000000001 0 2.2 0 0 0 0 0 0.4 1.6 0 0 0 0 0 0 0 0 0 0 0 0 0 0 0 0 0 0 0 2.6 0 0 0 0 0 0 0 0 0.2 0 0 0.4 0 0 0 15.4 0 0 0 0 0 0 0 0 0 0 0 0 0 0 0 0 0 0 0 0 0 0 0.2 0 0 0 0.8 0 0 0 0 
 0 0.2 0 0 0 0 0 0 0 0 0 0 0 0.4 0.6000000000000001 0 0 0 0 0 31.200000000000003 34.2 0 28.200000000000003 31.200000000000003 20.8 44.6 19.200000000000003 32.6 23.400000000000002 24 24.400000000000002 10 9.4 58.800000000000004 40.6 4.6000000000000005 115 18.8 18 0 0 0.6000000000000001 0.4 0 0.4 0.4 0.6000000000000001 0 0.8 0 0 11.4 0.2 0.2 0 0.4 0.4 12.4 12.600000000000001 0.6000000000000001 0 0 0 0 0 0 0 0 0.4 0 0 10 0 10.600000000000001 1 0.6000000000000001 0 0.6000000000000001 0 0 0 0 0 0 0 0 0 0 0 0 0 0 0 0 0 0 0 0 0 0.8 1.6 2.4000000000000004 6.6000000000000005 2.6 0 1.8 4.800000000000001 0 8.4 1.8 9.200000000000001 0 2 0 0 0 1.6 0 0 3.2 3 0 0.4 0 0 3 1.8 0 0 1.8 0 2 1 0 0.2 0.2 0 5 3.4000000000000004 0 0 0 0 0 0 0.4 0 0 0 0 0 0 0 0 0 0 0 0.2 0 0 0 0 0 2.2 0.4 0.4 0 0 0 0 1.6 0 0 0 0 0 0 0 0 0.2 2.6 0 7 3.2 4.4 0.6000000000000001 0 0 2.6 3.2 0 2.2 0.2 0 3.6 2.8000000000000003 0 2.6 0 1.4000000000000001 0.4 0 0 0 0 0 0 0 0 0 0 7.4 9.4 0 0 0 0 1.4000000000000001 8 0.2 0 0 0 0 0 0 0 0 0 0 0 0 0 0 0 0 0 0 0 0 0 0 0 0 0 0 0 0 0 0 0 0 0 0.8 0 0.2 17.2 9 0 0.2 0.2 0 0 0 0 0 0 0 0 0 0 0 0 0 0 0 0 0 0 0 4.2 0 0 0 0 0 0 0 0 
 0.4 1.2000000000000002 0.6000000000000001 1 0 0.6000000000000001 0.6000000000000001 15.4 0.6000000000000001 0.6000000000000001 0.4 0.6000000000000001 0.6000000000000001 0.6000000000000001 1.2000000000000002 0.6000000000000001 0.4 0.6000000000000001 0.6000000000000001 0.6000000000000001 112.4 34.4 28.200000000000003 0 36 10.8 34.6 44.2 32.2 43 25.400000000000002 42.800000000000004 12.600000000000001 36.4 59.2 22.400000000000002 49.800000000000004 42.800000000000004 25.8 13.4 0 0.4 0.6000000000000001 0.4 0 0.4 13.8 11 0 0.8 0.6000000000000001 0 0 0 12.8 0 0.2 0.4 12.600000000000001 0 0 0 0 0 0 0 0 0 0 0.4 4.2 0 0 0 0.2 0.6000000000000001 0.6000000000000001 1 0.6000000000000001 0 0 0 0 0 0 0 0 0 0 0 0 0 0 0 0 0 0 0 0 0 0 0 3.6 6.4 0.4 0 1.6 2.2 8.200000000000001 2.4000000000000004 1.8 7.6000000000000005 0 0.2 0 21.200000000000003 5.4 1.8 0 0 0 2.8000000000000003 0 0 0 0 2.6 3.6 0 0.2 0 0 0.6000000000000001 0 0 0 0.2 0 2 3.4000000000000004 0 0 0 0 0 0 0 0 0 0 0 0 0 0 0 0 0 0 0.2 0 0.2 0 0 0 5 1.2000000000000002 0 0 0 0 0 0 0 0 0 0 0 0 0 4.2 5.2 0 0 3.2 4.2 5.2 5.2 2.8000000000000003 4.6000000000000005 2.4000000000000004 3 0 0 4.4 4 3.8000000000000003 0 4.4 0 2.8000000000000003 0 0.4 0.2 0 0 0 1.4000000000000001 0 0 0.2 0 0 8 4.2 0 0 0 0 0 10 0 0 0 0 0 0 0 0 0 0 0 0 0 0 0 0 0 0 0 0 0 0 4 0 0 0 0 0 0 0 0 0 0 0 0.8 0 0 15 0.2 0 0.4 0 0 0 0 0 2.2 0 0 0 0 0 0 0 0 0 0 0 0 0 0 0 0 0 0 2.4000000000000004 2 0 0 0 
 0.4 0 0 0 0 0 0 0 0.4 0 0 0 0 0 0 0.4 0 0 0 0.2 14 7 31.200000000000003 36 0 30.200000000000003 13.600000000000001 13.8 30.8 16.2 30.200000000000003 9 16.2 27.400000000000002 40 30 26 7.6000000000000005 11.4 57 6.4 0 13.8 0.4 0 0.4 12.8 0.6000000000000001 0 1 16.2 0 19.8 0 5.800000000000001 0.4 0 0.4 24.6 21 0 0 0 0 0 0 0 0 0 0.4 0 0.6000000000000001 0 0 0 0.6000000000000001 0.6000000000000001 0 0.6000000000000001 1 0 0 0 0.2 0 0 0 3.2 0 0 0 0 0 0 0 0 0 0 0 0 0 0 0 2.4000000000000004 4.2 2.4000000000000004 0 7.800000000000001 0 4.800000000000001 2.4000000000000004 4.800000000000001 0 0 0 3.2 2.6 0 0 0 1.8 3 1.6 0 2 0 2.4000000000000004 0 2.2 5.800000000000001 0.2 0 1.4000000000000001 6.2 6.4 0 3.6 0 2 4 0 0.6000000000000001 0.2 2.8000000000000003 0 0 0 0 0 0 0 0 1.8 0 0 0 0 0 0.8 0 0.4 0 0 0 0 0 0 0 0 0 0 0 0.2 0.4 0 0 2.4000000000000004 0 0 0 0 2.4000000000000004 2 6.6000000000000005 0 2.2 0 0 3 2.2 0.2 0 0 0 0 2.6 2.8000000000000003 2.4000000000000004 0 0 2.8000000000000003 9 2.2 0 0 0 9 3.4000000000000004 0.4 0 2.6 0 8 4.2 7.2 2 0 0 7 2 0 0 0 0 0 0.4 0 0 0 0 0 0 0 0 0 0 0 0 0 0 0 0 0.4 0 0 0 0 0 0 0 0 0 0 0 1 0 1 0.4 14.8 0.4 0.6000000000000001 0.4 0 0 0 0 0 0 0 0 0 0 0 0 0 0 0 0 0 0 0 0 0 0 0 0.2 0 0 0 0 
 0.2 0.2 0 0 0 0 0.2 0 0 0 0 0 0 0.2 0.6000000000000001 0 0 0 0 0 5.800000000000001 8 20.8 10.8 30.200000000000003 0 5.2 8.200000000000001 6.800000000000001 68.4 24.200000000000003 67 8.6 6.6000000000000005 102.4 56.800000000000004 12.4 11.600000000000001 8 10 0 15.600000000000001 43 0.4 0 0.4 0 0.6000000000000001 0 0.8 0 0 18.8 0.2 0 0 0 0.4 0.2 4 0 0 0 0 0 0 0 0 0 0.4 0 0.6000000000000001 0 0 0 0.6000000000000001 0.6000000000000001 0 0.6000000000000001 1.2000000000000002 0 0 0 0 0 0 0 0 0 0 0 0 0 0 0 0 0 0 0 0 0 0 4.2 2.6 5.6000000000000005 5.4 0 2.4000000000000004 0 2.6 1.6 0 0 0.2 0 2.4000000000000004 1.6 1.2000000000000002 0 0 0 0.2 0.2 0 2 0 2.2 0 1.8 4.4 0.2 0 9.600000000000001 0 11.600000000000001 0 2.8000000000000003 1.6 1.6 2.4000000000000004 0 0 0 0 0.2 0 0 0 0 0 0 0 0 0 0 0 0 0 0 0 0.4 0 0 0 0.2 0.2 0 0 0 0 0 0 0 0 0 0 0 0 0 0 0 8.8 2 2.6 0.2 0 0 0 0 0 3.2 0 0 0 2.8000000000000003 0 0 0 0 0 9.200000000000001 2 3.4000000000000004 1.8 0 0 3.4000000000000004 5 3.4000000000000004 7.800000000000001 0 0 4.2 1.4000000000000001 2.6 1.8 0.2 6 7 4.2 0 0 0 0 0 0 0 0 0 0 0 0 0 0 0 0 0 0 0 0 0 0 0 0 0 0 0 0 0 0 0 0 0 0 1.2000000000000002 1.8 0.2 0.6000000000000001 0 0.6000000000000001 0.2 2 0 0 0 4.2 0 0 0 0 0 0 0 0 0 0 0 0 0 0 0 0 0 0 0 0 0 0 0 0.6000000000000001 
 1 0.6000000000000001 5.4 0.6000000000000001 0.2 27.400000000000002 0.6000000000000001 0.6000000000000001 0.6000000000000001 1 0.6000000000000001 0.6000000000000001 0.6000000000000001 0.6000000000000001 0.6000000000000001 0.6000000000000001 11.600000000000001 1 0.6000000000000001 0.6000000000000001 11 67 44.6 34.6 13.600000000000001 5.2 0 29.200000000000003 13.8 4.800000000000001 4.2 15.4 37 34.2 44 7.4 27.400000000000002 22.200000000000003 102 63.6 0.6000000000000001 0.4 1 0.4 0 0.4 0 0.6000000000000001 0.4 0.8 0 0 0 12.8 0.6000000000000001 0.6000000000000001 0.2 0.4 0 0 0 1 7 0.2 0.4 0 0 0 0 0.4 0.6000000000000001 0.4 0 0 0 1.2000000000000002 1 0.6000000000000001 0.6000000000000001 0 0 0 0 0 1.8 2.8000000000000003 0 0 0 2.8000000000000003 0 0.2 0 0 0 0 0 3.6 0 0 10.200000000000001 2.4000000000000004 2.6 0 0 0 3 2 3 6.2 2.2 0 0.2 9.200000000000001 0.4 0 0 1.6 0 0.4 0.2 0 0 0 0 0 0 0 0 0 0 0 0 0 0 0 0 0 0 0 0 0 0 0 0 0 0 0 0 0 0.2 0 0 0 0 0 0 0 0.4 0 0.4 0 2.6 0 1.4000000000000001 0 0 0 0 0 3.2 0.2 0 0 0 0 0 0 0.2 0 0 5 0 0 0 0 5.6000000000000005 1.8 0 5.2 2.2 2.4000000000000004 0 1.8 5.2 5.800000000000001 2.6 2 4.6000000000000005 0 0.2 0 0 0 0 0 0 0 0 0 0 0 0 0 0 0 0 1.8 0 2.4000000000000004 0 0.2 0 0 0 0 0 0 0 0 0 0 0 0 1.8 0 0 0 0 0 0 0 0 0 0 0 0 0 0.2 0 0 0 0 0 0.4 0.2 0.4 0 0 0.4 3 0 0 0 0 0 0 0 0 0 0 0 0.2 0 0 0 0 0 0 0 0 3.8000000000000003 0 0 0 0 0 0 0 0 
 0 0 0.4 14.600000000000001 0 0 0 0 0 0 4.4 17.400000000000002 18.2 0 1 0 0 0.4 0 0 14.4 23.200000000000003 19.200000000000003 44.2 13.8 8.200000000000001 29.200000000000003 0 16.8 7 16.8 21.8 20.200000000000003 46.800000000000004 32.6 45.2 6 22.200000000000003 16.8 23.6 0 14.4 0.6000000000000001 0.4 0.2 0.4 0 0.6000000000000001 0.4 1 0.8 0.6000000000000001 12.4 0.2 0 1 0.4 0.4 0 0.4 0 0.6000000000000001 0 0 0 0 0.6000000000000001 0 0 0.6000000000000001 0 0 0.2 0 0.6000000000000001 1 1 1 0.6000000000000001 0.2 0 0 0 0 0 0 0 0 0 0 0.4 0.2 0 0 0 0 0 0 0 0 1.8 0 3.8000000000000003 5 2.4000000000000004 0 0 12.4 9.600000000000001 0.4 15 2 0 5.800000000000001 0 6.4 6.800000000000001 1.4000000000000001 0 4.4 0 0 0 0 0 0 3.8000000000000003 0 0 0 0 0 0 0 0 0 0.6000000000000001 0 2.4000000000000004 4 0 0 0 0 0.8 0 0 0 0 0 0 0 0 0 0 0 0 0 0 0 0.4 0 0 0 0 0 1.6 0 0 0 0 0 0.6000000000000001 0 0 0 0 0 0 0 2 6.800000000000001 0 2 1.8 1.8 0 6.2 2 9.600000000000001 0.4 0.6000000000000001 6.800000000000001 1.6 0 6.4 2 10.200000000000001 5.2 0 0 0 0 0 0 0 4 0 0 0 0.4 0 0 0 0 0 0 0 0.2 2.2 0 0 0 0 0 0 0 0 0 0 0 0 0 4 0 0 0 0 0 0 0 0 0 0 0 0 0.4 0 0 0 0 0 0 0 0 0 0.4 8 0 0.8 0.2 0.4 0 0 0 0 0 0 0 0 0 0 0 0 0 0 0 0 0 0 0 3.4000000000000004 0 0 0 1 2.8000000000000003 0 0 0.4 
 1.6 0.2 0 0.6000000000000001 0.4 0.2 0.2 0 1 0.2 0.4 2.6 0 0 1.2000000000000002 0.2 1 0.6000000000000001 0.2 1.4000000000000001 31 29.400000000000002 32.6 32.2 30.8 6.800000000000001 13.8 16.8 0 30.8 16.8 23.200000000000003 18.400000000000002 20.200000000000003 37.6 37.2 62.800000000000004 27 19.200000000000003 27.200000000000003 1.2000000000000002 0 0.6000000000000001 0.4 0 0.4 0 0.6000000000000001 0 1 0 0 13.4 0.2 0 0 0.8 0.4 12.4 5.2 0 1.2000000000000002 0 0 0 0 0 0.8 0 0.4 0 0 0 0 0 0.6000000000000001 1.4000000000000001 1 0.6000000000000001 0 0 0 0 0 0 0 0 0 0 0 0 0 0 0 0.2 0 0 0 0 0 3.2 4 0 4 6.2 0 0 10.200000000000001 1.6 17.6 2.6 6 0 0.4 3.6 7 2.4000000000000004 1.6 0 0.2 4 0 7.4 0 0.4 0 5.4 0 8.8 0 0 0 0 6.800000000000001 0 0 0 0 0.2 2 0 0 0 0 0 0 0 0 0 0.2 0 0 0.2 0.2 0 0.4 0 0 0 0 0.4 0 0 0 2.2 3 0 0 0 0 0 0 0 0 0 0 0 0 0 0 2 2.6 2 2.4000000000000004 4.4 1.8 3 0.6000000000000001 11.200000000000001 4 13.8 5.800000000000001 0.4 0 2.8000000000000003 3 10 6.2 3.8000000000000003 0 0 0 0 0 0 0 7.2 0 0 3.2 0 0 2.8000000000000003 3.8000000000000003 0 0 0 3.4000000000000004 0 0.2 0 0 0 0 0 0 0 0 0 0 0 0 0 0 0 7.4 0 0 0 0 0 0 0 0 0 0 0 0 0 0 0 0 0 0 0.6000000000000001 0 0 0 15.8 0.4 0.4 0.4 0 0 0 0 2 0 0 0 0 0 11.200000000000001 0 0 0 0 0 0 0 0 0 0 0 0 0 0 0 0 0 
 0.2 0.2 0 0.4 0 0.2 0.6000000000000001 0.4 0.4 0.2 0.2 0.2 0.4 0.2 0.4 0.2 0.2 13.4 0.2 8 10.8 7.2 23.400000000000002 43 16.2 68.4 4.800000000000001 7 30.8 0 42.400000000000006 7.800000000000001 9.600000000000001 19.8 26.6 43 35 10.600000000000001 14.8 20 0 0.2 0.6000000000000001 0.4 0 0.4 12.4 13.200000000000001 0 0.6000000000000001 0 0 23.200000000000003 0.2 0 0 0 0.4 0 1.4000000000000001 0 0 0 0 0 0 0 0 0 0.4 0 0.2 0 0 0 0.6000000000000001 0.6000000000000001 0 0.6000000000000001 0 0 0 0 0 0 0 0 0 0 0 0 0 0 0 0 0 0 0 0 0 0 0 0 6 3 3.8000000000000003 0 0 0 2 0 8 0 0.6000000000000001 0 0 2.4000000000000004 0.6000000000000001 0 1.2000000000000002 10.200000000000001 2.4000000000000004 2.4000000000000004 0 1.8 0 9.200000000000001 0 4.2 0 0 0 5 5 0.2 0 0 0 0 0 0 0 0 0 0 0 0 0 0 0 0 0 0 0 0 0 0 0 0 0 0.4 0 0 0 0.8 1 0 0 0 0 0 0 0 0 0 0 0 0 0 1.2000000000000002 0 0 5.6000000000000005 0.4 4.4 0.2 0 0 1.2000000000000002 0.2 7.800000000000001 5.2 0 0 0 0 2.2 0 0 0 2 1.6 0.6000000000000001 0 0 0 5.2 0.2 0 0 0 0 6.800000000000001 3.8000000000000003 1.2000000000000002 1.8 0 0 1.8 7 0 0 0 0 0 0 0 0 0 0 0 0 0 0 0 0 0 0 0 0 0 0 0 0 0 0 0 0 0 0 0 0 0 0 0.2 0.2 0.4 15.600000000000001 30.400000000000002 0 0 0 0 0 0 0 0 0 0 0 0 0 0 0 0 0 0 0 0 0 0 0.4 0 0 0 0 0 12.4 0 0 
 0.8 0 0 14.600000000000001 0 0 0 0 0 15 0 0 0 0 0 0 0 0 0 0 12 17.6 24 25.400000000000002 30.200000000000003 24.200000000000003 4.2 16.8 16.8 42.400000000000006 0 7.800000000000001 6.800000000000001 21.400000000000002 33.4 19.200000000000003 19 19.6 7.4 57.6 1.2000000000000002 0.2 0.6000000000000001 0.4 0 0.4 0.4 0.6000000000000001 0 1 0 0 25.400000000000002 0 0 0 0.4 1 12.4 22.200000000000003 0 0 0 0 0 0 0 1.2000000000000002 0 0.4 0 0.4 0 0 0 0.6000000000000001 1.4000000000000001 0 0.6000000000000001 0 0 0 0 0 0 0 0 0 0 0 0 1.6 0 0 0 0 0 0 0 0 0.2 0.2 0 8.6 4 1.8 0 4.2 1.4000000000000001 9.8 5.2 9.200000000000001 0 4.6000000000000005 0 7.800000000000001 3.8000000000000003 0 0 0.2 4 2.8000000000000003 0 0 2.8000000000000003 0 13.200000000000001 1.4000000000000001 0 2.4000000000000004 0 0 0 1.4000000000000001 0 0 2.2 0 0 4.2 0 0 0 4.4 3.6 0 0 0 0 0 4 0 0 0 0 0 0 0 0.8 0 0.4 0 0 0 0 0 0 0 0 0 0 0 0 0 7.2 0 0 0 0 0 0.4 7.800000000000001 2.4000000000000004 4.2 6.800000000000001 7.2 0 1.6 2.8000000000000003 0 5 0 2.6 0 0 2.2 4.4 6.2 0 0.2 0 1.8 2.2 0 0 0 9 2.2 0.2 0 0 0 2.2 5.800000000000001 4.800000000000001 2.8000000000000003 0 0 0 0 0 0 0 0 0 0 0 0 0 0 0 0 0 0 0 0 0 0 0 0 0 0 0 0 0 0 0 0 0 0 0 0 0 0 0.4 0 0 0.2 24.400000000000002 0 0 0 0 0 0 0 0 0 0 0 0 0 0 0 0 0 0 0 0 0 0 3.8000000000000003 0 0 0 2.2 0 0 0 1 
 0 0.4 0 0 0 0 0 0 0 0 0 0 0 0 15 0 0 0 0 40.400000000000006 8.200000000000001 22 24.400000000000002 42.800000000000004 9 67 15.4 21.8 23.200000000000003 7.800000000000001 7.800000000000001 0 21.200000000000003 48 84.2 43.2 30.200000000000003 16.6 68.8 20 0 0.2 0.8 0.4 0 0.4 0 0.6000000000000001 0 0.8 0 0 0 0.2 0 0 0.4 0.4 13 0 0 0.4 0 0 0 0 0 0 0 0.4 0 0 0 0 0 0.6000000000000001 0.6000000000000001 1 0.6000000000000001 0 0 0 0 0 0 0 0 0 2 0 0 0 0 0 0 0 0 0 0 0 1.8 0 6.6000000000000005 5.800000000000001 6.800000000000001 0 1.8 0 0.4 2.2 0.4 1 0 0.2 2.8000000000000003 7.4 7.6000000000000005 0 0 0 0 0 0 0 0 0 0 1.6 0 0 0 0.4 0 0 0 0 0 0 3.6 3 0 0 0 0 0 0 0 0 0.4 0 0 0 0 0 0 0 0.4 0 0 0.2 0.2 0 0 0.4 0 0 0 0 0 0 0 0 5.2 0 2.4000000000000004 0 0 2 0 0 0 0 0 0 4.6000000000000005 0.2 4.4 2.2 3.4000000000000004 3.2 0 0 0 2.6 5.2 1.8 4 4.6000000000000005 0 0 1.4000000000000001 1.4000000000000001 0.2 0 0 0 0 0 0 0 0 0 9.8 3.8000000000000003 1 0 0 0.4 5.4 6.2 0 0 0 0 0 0 0 0 0 0 0 0 0 0 0 0 0 0 0 0 0 0 0 0 0 0.2 0 0 0 0 0 0 0 0 1.6 0 0.4 14.600000000000001 0.4 0.6000000000000001 0.2 0.4 0 0 0 0 0.4 0 0 0 0 0.4 0 0 0 0 0 0 0 0 0 1.6 0 0 0 0 3.8000000000000003 0 0 0 
