 0 37.800000000000004 15.600000000000001 19.200000000000003 5.2 27.400000000000002 78.4 78 8.8 26 6.2 66 27.6 9.200000000000001 47.6 11 4.6000000000000005 23 11 23.400000000000002 0 0 0 0.6000000000000001 0 0 0 0 0.4 0.6000000000000001 0 0 0 0 0.8 0 0 0 0 0 0 0 0.6000000000000001 0 0.4 0 0 0 0.6000000000000001 0 0 0.2 0 0 0.2 0 0 0 0.4 0 0 0 0 0 0 0 0.4 0 0 0.6000000000000001 0 0 0 0.6000000000000001 0.4 0 0 0 0.6000000000000001 0 3.2 3 7.800000000000001 0.2 0 0 0 3.2 0.4 3.8000000000000003 0 7.2 0 0 0 2 0 4 2.6 5 0 0.4 0 0 0 0 0 0 0 0 0 0 0 0 0 0 0.4 0 0 0 0 0 0 0 0.6000000000000001 0 0 0.2 0 0 0 0 0 0 0 0 0 0 0.4 0 0 0 0 0 0 0 0 0 0 2.6 0 0 0 0.4 0 0 0 0 0 0.4 0.2 3.2 0 0 2.6 0 0 0 3 0 0 0 7 0.6000000000000001 15 0 2 0 0 1.8 0 0 0 0 0 0 0 0 0 0 0 0 0 0 0 0 0 0 0 0 0 0 0 0 0 0 0 0 0 0 2.6 0 0 0 0 0 0 0 0 0 0 0 0 0 0 0 0 0 0.2 0 0 0 0 0 0 2 0 0 0 0 0 0 0 0 0 0 0 0 0.2 0 0 16.8 0 0 0 0 0 0 0 0 0 0 0 0 0 0 0 0 0 0 0 0 0 0.2 0 0 0 0 0 0 0 0 0 0 0 0 0 0 0 0 
 37.800000000000004 0 14 29.8 58.2 27.8 23.200000000000003 31.6 24.6 19.200000000000003 7.4 51.6 31.6 14.4 14.8 25.6 37.4 5.800000000000001 22.200000000000003 23.6 0 0 0 0.6000000000000001 0 11.4 0.4 0 0.4 0.6000000000000001 0 0 0 0 0.2 0 0 0 15 0 0 0 1 0 0.4 0 0 0 25.400000000000002 0 0.2 0 12.8 0 0.8 0 0 0 0.4 0 0 0 0 0 0 11 0.4 0 0 0.6000000000000001 1 0 0 0.6000000000000001 0.4 0 0.2 0 0.6000000000000001 0 2.2 0 6.800000000000001 1 0 0 5.800000000000001 0 7.2 13.8 0 3.2 0 3.2 4.4 4.800000000000001 6.4 3 0 6 0 0 0 0 0 0 0 2.8000000000000003 0 0 0 0 0 0 6.6000000000000005 1.8 0 1.6 6.2 0.2 0 0 0 0 2.4000000000000004 0 0 0 0 0 0 0 0 0 0 0 0 0 0 0 0 0 0 0 0 0 0 0 5.800000000000001 1.8 0 0 0 0 0 0 0 0 0 0 7 2.8000000000000003 0 0 0.2 0 0.8 2 4 0.2 3.2 0 4.6000000000000005 6 6.6000000000000005 0 2.2 10.600000000000001 0 2.2 0 0 0 0 0 0 0 0 0 0 0 0 0 2.2 0.2 0 0 0 0 1 0 0 0 0 0 0 0 0 0 0 0 0 0 0 0 0 0 0 0 0 0 0 0 0 0 0 0 0 0 0 0 0 0 0 0 0 0 0 0 0 0 0 0 0 0 0.2 0 0 0 0 0 0.6000000000000001 0 0 0 0 0 0 0 0 0 0 0 0 0 0 0 0 0 0 0 0 0 0 0 0 3.4000000000000004 5.2 0 0 0 0 0 0 0 0 0 0 0 0 
 15.600000000000001 14 0 52 29.6 26.400000000000002 30.6 20.8 73.60000000000001 48.800000000000004 10.600000000000001 42.400000000000006 50.800000000000004 86.80000000000001 83.80000000000001 20.6 14.4 7.6000000000000005 7 28.6 0 0 0 0.6000000000000001 0.4 0.6000000000000001 0 0.4 0.4 0.6000000000000001 0.2 14.8 0 0 0 0 0 0.2 14.8 0 0 0 0.6000000000000001 0 0.4 0.2 0 0 0 0 0.4 0 0 0 0 3 0 0.2 0.6000000000000001 0 0 0 0 0.2 0.2 0.4 0.4 0 0.2 0.6000000000000001 0 0 0 0.4 0.6000000000000001 0 0.6000000000000001 0 0.8 0.2 3 5.6000000000000005 0 1.4000000000000001 2 5.2 2.8000000000000003 0 3.6 0 0 0 0 2 4.4 5.800000000000001 3.6 3 1.4000000000000001 0 0 0 0.4 0 0 0 0 0 0 0 0 0 2.2 2.2 0 0 0.4 0 0 3.8000000000000003 0 0 0 0 0 0 0 0.2 0 0 0 0 0 0 0 0 0 0 0 0 0 0.4 0 0 0 0 0 0 0 0 0 0.4 2 0 0 0 0 0 0 0.4 5.4 0 2.8000000000000003 3 5 0 4.800000000000001 0 2.2 3 5.6000000000000005 1.4000000000000001 0 0 1.4000000000000001 8.8 6 1.2000000000000002 0 0 0 0 0 0 0 0 0 4.2 0 0 0 0 11.600000000000001 0 0 0.4 0 0 0.2 0.2 0 0 0 0 0 0 0 0 0 0 0 0 0 0 0 0 0 0 0 0 0 0 0 0 0 0.4 0 0 0 0 0 0 0 0 0 0 0 0 0 0 0 0 0 0 0 0 1.2000000000000002 0 0 0 0 2.4000000000000004 0 0 0 0 0 0 0 0 0.4 0 2.6 0 0 0 0 0 0 0 0 0 0 0 0 0 0 0 0 0 0 0 0 0 0 0 0 0 0 0 
 19.200000000000003 29.8 52 0 36 56.800000000000004 25.6 61.800000000000004 37 84.60000000000001 110.60000000000001 37.4 15.600000000000001 24.8 11.8 24.400000000000002 59.400000000000006 35 17.2 12.8 0 0 0 1.2000000000000002 0 0.4 16 0 0.4 0.6000000000000001 0.6000000000000001 0 0.6000000000000001 0 18.8 0 0 0.4 0 14.8 0 0 0.6000000000000001 0 0.6000000000000001 0 6.2 0 0.2 0 0 0.4 0 0.2 0 0 0 0 1.2000000000000002 0 0 0.6000000000000001 0.6000000000000001 0 0.4 0.2 0.4 0 0 0.8 0 0 0 2.2 0.6000000000000001 0.4 0.8 0.2 0.6000000000000001 0 0 5.4 5.4 1 3 0 2 3.4000000000000004 7.2 6.2 6 11 3.4000000000000004 2.8000000000000003 10.4 0.4 1 13 0 0 6.800000000000001 0 0 3.4000000000000004 0 0 5.4 0 0 0 0 0 6.800000000000001 6.4 0 0 0 2 3.4000000000000004 2.2 0 2.2 0 0.4 2.6 0 0 0 0 0 0 0 0 0 0 0 0 0 0 0 0 0 0 0 0 0 0 0 0.4 0.4 0 0 1.6 0 0 0 0 0 0 0 0 5.800000000000001 3.6 11.8 5 4.4 0 0 2 3.4000000000000004 1.4000000000000001 2 0 2 0 0 0 2.4000000000000004 0 0 0 5.2 0 0 2.6 0 2 1.8 0 0 0 0 1.8 1.8 0 0 1 0 5.800000000000001 3 0.4 0 0 0 0 0 0 0 0 0 0 0 0 0 0 0 0 0 0 0.4 0 0 0 0 0 0 0.2 0.2 0 0 0 0 0 0 0 0 0 0 0 2.8000000000000003 0 3 0 0 0 0.4 18.400000000000002 0 11.200000000000001 0.8 0 1.8 0 0 0 0 0.4 0 0 0 0 0 0 0 0 0 0 0 0 0 0 0 0 0 0 5.2 0 0 0 0 0 0 0 0 0 0.2 0 0 0 0 
 5.2 58.2 29.6 36 0 16.400000000000002 26.8 10.600000000000001 58.400000000000006 50.800000000000004 24.8 37.4 16.6 33.800000000000004 54.6 47.2 25.8 27.6 13.600000000000001 18.400000000000002 0 19.6 0 15 0.2 0.2 15 13.600000000000001 0.4 0.6000000000000001 0 0 7.2 30.200000000000003 0.8 0 0 0.4 4.4 14.8 0.6000000000000001 0 13.8 0 1 0.6000000000000001 0 0 0.4 0 0 0 0 0 0.8 0 0.6000000000000001 0.4 0.4 0.4 0 0 1.2000000000000002 0 0 0 0.4 0 0 1 0 0 0.2 2.8000000000000003 0.4 0 0.4 0 0.6000000000000001 0 4 2 0 4.6000000000000005 0 5.6000000000000005 0 0 4.4 1.4000000000000001 2 1.4000000000000001 0 0 2.8000000000000003 0.4 3 2.4000000000000004 0 0 2.4000000000000004 0 1.6 0 0 0 1.6 0 5 0 0 0 7.2 3.2 0 0.2 3 0 0.2 6.2 0 0 0 0.4 0 0 0 0 0 0 0 0 0 0 0 0 0 0 0 0 0 0.2 0 0 0 0 0 0 0.4 0.4 0 0 0 0.8 0 0 0 0 1.6 0 0 0.8 7.4 4 4.6000000000000005 2.6 0 1.6 0 2.4000000000000004 2.2 7.800000000000001 3 0 4 3.4000000000000004 3 7 0 0 2.4000000000000004 2.8000000000000003 4.2 2.2 0 0 1.2000000000000002 3 7.4 0 4.2 0 4.800000000000001 3.6 2.6 5 0 0 3.6 1.4000000000000001 0.4 0 0 0 0 0 0 0 0 0 0 0 0 0 0 0 0 0 0 0.4 0 0 0 0 0 0 2.6 0.2 0 0 0 0 0 0 0 0 0 0 0 0 0 0 0 0 0 0.4 0.8 0 0.4 22.8 1.6 2.4000000000000004 2 0 0 0 0 0 0 0 0 0 0 0 0 0 0 0 0 0 0 0 0 0 0 4 6.6000000000000005 0 0 0 0 0 0 0 0 0 0 0 0 0 
 27.400000000000002 27.8 26.400000000000002 56.800000000000004 16.400000000000002 0 25.8 54.2 11.4 74.8 30 27.200000000000003 51 6.2 8.4 14 29.8 49.2 7.6000000000000005 11.8 1.2000000000000002 0 12.600000000000001 0.6000000000000001 0 0.4 17.6 0.4 0.8 0.6000000000000001 0.4 0.4 5.2 0 0.4 0 5.2 10.200000000000001 0 0.4 0.4 1 1 0.2 0.6000000000000001 0.4 0.2 0.2 13.4 0 0 0.6000000000000001 0.4 0 0 1 7.2 0 1 0.4 1.2000000000000002 0 2.8000000000000003 0 1 0 0.4 0 0.2 0.6000000000000001 0 0 0 2.4000000000000004 0.4 0.4 0.2 0.4 0.6000000000000001 0 0 0 0.6000000000000001 2.2 0 0 0 0 5.800000000000001 11.200000000000001 1.4000000000000001 3.6 0 0 1.2000000000000002 3.8000000000000003 0 4.6000000000000005 0 0 3.4000000000000004 3.4000000000000004 0 0 0 0 3.4000000000000004 0 2.4000000000000004 0 0 4.2 4 3.6 3.2 7 0 0 14 0 0 0.4 0 0 2.4000000000000004 0 0 0 0 0 0 0.4 0 0 0 0 0 0 0 0 2.2 0 0 2.4000000000000004 0 0 0 0 0 0 0 0.2 1.2000000000000002 0 0 0 0 0 0 0 2 0 8.6 3.2 0 8.4 1.6 1.2000000000000002 6.4 2.8000000000000003 0 5.800000000000001 2.4000000000000004 0.4 0 0 1.6 0.2 0 0 0 0.2 1.6 0 0 0 0.2 0.4 4 0 2.2 0 0 3.8000000000000003 2 2.6 0 2 7.2 0.2 0 0 0 0 0 0.4 0 0 0 0 0 0 0 0 0 0 0 0 0 0 0 0 0 0 0 0 0 0 0 0 0 0 0 0 0 0 0 0 0 0.4 0 0 0 0 0 1 0.6000000000000001 0 0.2 18.6 0.4 1.2000000000000002 2 0 0 0 0 0 0 0 0 0.2 2.2 0 0 0 0 0 0 0 0 0 0 0 0 2.6 0 0 0 0 0 0 0 0 0 3.4000000000000004 0 0 0 0 
 78.4 23.200000000000003 30.6 25.6 26.8 25.8 0 33.2 31.6 34 92.2 66.8 90.80000000000001 35.6 75.2 6.4 23.200000000000003 10 8.200000000000001 12.200000000000001 0 0 0 0.8 0 0 0 0 0.6000000000000001 0.6000000000000001 0 0 0.2 0 0.2 0 0.6000000000000001 0 15.4 0 0.2 0.4 0.6000000000000001 0 0.4 0 1 0 0.4 0 0 0 0 0 0 1.8 0 0 0.6000000000000001 0.4 0 0 0 0 0.6000000000000001 0.6000000000000001 0.4 0.4 0 0.6000000000000001 0 0 0.6000000000000001 0.4 0.6000000000000001 0 0.6000000000000001 0.4 0.6000000000000001 0 8.4 4 4.2 0 0 0 4.6000000000000005 9.600000000000001 2.2 8 0.2 0 0 3.2 3.6 3 6.800000000000001 3.4000000000000004 0 2 0 0 0 0 0 0 0 0 0 0 0 0.4 0 0 0.6000000000000001 0 0 0.2 0 0 0 0 0 0 0 0 0 0 0 0 0 0 0 0 0 0 0 0 0 0 0 0 0.2 0 0 0 0 0 0 0 0 0 0 0 0.6000000000000001 0 0 0.2 0 0 6 4.4 10 1.4000000000000001 0.2 0 3.4000000000000004 1.6 0.4 2 0 0 4 5 2.2 0 5 0 0 0 0 0 0 0 0 0 0 0 0 0 0 0 0 0.4 0 0 0 0 0 0.8 0 0 0 0 0 0 0 0 0 0 0 0 0 0 0 0.2 0 0 0 0 0 0 0 0 0 0 0 0 0 0 0 0 0 0 0 0 0 0 0 0 0 6.6000000000000005 0 0 0.4 0.6000000000000001 0 0.6000000000000001 0 0 0 4.6000000000000005 0 0 0 0 0 0 0 0 0 0 2 0 0 0 0 0 0 0 0 0 0 4.2 0 0 0 0 0 0 0 0 0 0 0 0 0 0 0 0 
 78 31.6 20.8 61.800000000000004 10.600000000000001 54.2 33.2 0 34.800000000000004 10.200000000000001 34 25.400000000000002 26.400000000000002 50.800000000000004 38.6 9.8 7.4 95 8.8 22.8 0.4 0 0 0.6000000000000001 0 0 0 0 0.4 15.200000000000001 0 0.4 0 0 0 0 0 0 15 6.2 0 0 0.6000000000000001 0 7 0 0 0 13.4 0 0 0 0 0 0 0 0 0 0.4 0 0 0 0 0 0 0 0.4 0 0 0.6000000000000001 0 0 0 0.6000000000000001 0.4 0 0.4 0 0.6000000000000001 0 2.2 4.2 3.2 1.8 0 0.2 6.800000000000001 3.8000000000000003 0 11 3.4000000000000004 7.2 0 9.200000000000001 0 3.6 4.4 5 0 2.6 0.4 0 0 0 0 0 0 0 0 0 0 0 0 0 0 0 0 0 2.6 0 0.4 0 0 0 2.4000000000000004 0 0 0 0.4 0 0 0 0 0 0 4 0 0 0 0 0.4 0 0 0 0.4 0 0 0 0 0 0 0.8 0 0 0 0 0 0 0 0 2.6 5 4.800000000000001 2 2.2 0 3.2 0.2 0 4.2 4.800000000000001 5.800000000000001 0 4.4 0 0 0 0.2 0 0 0 0 0 0 0 0 0 0 0 0 0 0 2.8000000000000003 0 0.2 3.6 0 0 4.2 0 0 0 0 1.8 0 0 0 0 0 0.4 0.2 0 0 0 0 0 0 2.4000000000000004 0 0 0 0 0 0 0.2 0 0 0 0 0 0 0 0 0 0 0 0 0 0 0 0 3.8000000000000003 0 0 0 0 0.6000000000000001 0 0 0 0 2 0 0 0 0 0 0 0 0 0 0 0 6.6000000000000005 0 0 0 0 0 0 0 0 0 0 0 0 0 0 0 0 0 0 0 0 0 0 0 0 0 0.2 
 8.8 24.6 73.60000000000001 37 58.400000000000006 11.4 31.6 34.800000000000004 0 38.6 68.4 7.800000000000001 16.8 127.60000000000001 52.800000000000004 30.400000000000002 30 27.8 81.2 38.2 0 0 1 1.2000000000000002 0 0 0 0 0.4 1 0 0 0.2 0 0.6000000000000001 41.400000000000006 0 0 0 0 0 0 0.6000000000000001 0.4 0.8 0 1 13 0 0 0.4 0 0 0 0 1.2000000000000002 0.4 0 0.6000000000000001 0.4 0 0 0 6 0.4 0.6000000000000001 0.4 0 0 0.6000000000000001 0 0.4 0 2 0.4 0 0.6000000000000001 0.4 0.6000000000000001 0 0.4 6.4 6 2.2 0.6000000000000001 5.4 2.8000000000000003 8.200000000000001 2 5.4 3.8000000000000003 1.2000000000000002 0 2.2 7.800000000000001 2 0.2 9.600000000000001 2.6 3 0 0 0 0 0 0 0 0 0 0 0 0 0 0 0 0 0 0 0 0 0 0 0 0 0 0 0 0 0 1.6 4.6000000000000005 0.2 0 0 0 0 0 0 0 0.2 0 0 0 0 0 0 0 0 0 1 0 0.4 0 0 0 0 0 0 0.4 0 0.2 9.8 1 0.2 5 0 3.4000000000000004 4.800000000000001 1.4000000000000001 1.6 0.2 1.8 0 4.2 5.2 0 2.8000000000000003 7.6000000000000005 0 1.8 0 0 0 0 0 0 0 2.4000000000000004 0 0 0 0 10 0 0 0 0 0 0 9.600000000000001 0 2.2 0 0 0 0.2 0 0 0 0 0 0 0 0 0.4 0 0 0 0 0 0 0 0 0 0 0 0 0 0 0 0 0 0 0 0 0 0.2 0 0 0.2 0 6.4 0 0 0 0.2 0 0.4 0.4 0.8 0.4 0.8 0 0 0 0 0 0.2 0 0 0 0 0 0 0 0 0 0 0 0 0 0 0 0 0 0 0 1.8 0 0 0 0 0 0 0 0.4 0 0 0 0 
 26 19.200000000000003 48.800000000000004 84.60000000000001 50.800000000000004 74.8 34 10.200000000000001 38.6 0 60 22.200000000000003 28 34 21.6 96.80000000000001 25.8 39.2 16.6 16.6 0.6000000000000001 0.8 0 0.6000000000000001 15 0 15.200000000000001 14.600000000000001 0.4 0.6000000000000001 0 0 0 0 15 0 0 0.2 27.8 0 0 0 0.6000000000000001 0 0.8 0 1.2000000000000002 0.6000000000000001 13 0 0.6000000000000001 0 0.4 0 0 3.2 0 0 0.6000000000000001 0 0 0 0.6000000000000001 0 1.2000000000000002 1 0.4 13.600000000000001 11.600000000000001 0.6000000000000001 0 0 1 2.2 0.4 0 0.6000000000000001 1.4000000000000001 0.6000000000000001 0 0 11.8 0.4 4 2.6 2.8000000000000003 0 0.4 1.2000000000000002 6 4.4 8 0.2 0 5 2.2 0 11.4 0 2.6 3 0 1.6 4.2 0 0 2.8000000000000003 2.6 0 0 0 0.4 7.800000000000001 3 0 0 0.6000000000000001 0.2 4.6000000000000005 2.2 0 0 0 0 2 3.8000000000000003 0 0 0 0 0 0 0 0 0 0 0 0 0 0 0 0 0 0 0 0 0 0 0 0 0 0 0.8 0 0 0 0 0.2 0 0 2 0 7 3.8000000000000003 0 2 1.6 5 6.4 6.4 2.6 4.800000000000001 0 0 0 6.6000000000000005 5.6000000000000005 2 0 0 0 0.2 0 0 0 0 2 5 1.6 0 0 0 3.6 1.4000000000000001 1.8 2.2 0 0 3 0 0 0 0 0 0 0 0 0 0 0 0 0 0 0.6000000000000001 0 0.2 0 0 0 0 0 0 0 2.4000000000000004 0 0 0 0 0 0 0 0 0 0 0 0 0.6000000000000001 0 0 0 0 0.6000000000000001 0 0 0.4 0 0.4 0.6000000000000001 0 0.2 0.6000000000000001 2.2 2.4000000000000004 0 0 0 0 0 0 0.4 0 0 0.8 0 0 0 0 0 0 0 0 0 0 0 0 2.2 0 0 0 0 0 0 0 0 0 0 0 0 0 0 
 6.2 7.4 10.600000000000001 110.60000000000001 24.8 30 92.2 34 68.4 60 0 67.60000000000001 7.4 27.200000000000003 31 71.2 76.4 81.60000000000001 15.4 16.2 14.8 0 0 0.8 0.2 0 19 0.4 0.4 0.6000000000000001 1.6 0 0.6000000000000001 14.8 15 0 14.8 0.4 0 14.8 0 0 0.6000000000000001 0 0.4 0 1 0 13.600000000000001 0 0 0.4 0 0 6.2 0.6000000000000001 0 0 1 0 0 0.6000000000000001 3.2 0 0.4 0.2 0.4 0 0 0.8 0 0 0 2.4000000000000004 0.4 0.4 0.4 0.2 0.6000000000000001 0 0 0.8 1 6.800000000000001 4.4 0.2 3.8000000000000003 3.2 3.6 5.2 9.600000000000001 7 0 2 2 0 0 2.8000000000000003 0 0 4.800000000000001 0 0 4.4 0 0 7.800000000000001 0 0.2 0 0 0 7 2 0 0 1.6 1.8 6 2 0 0 0 0 0 0 0 0 0 0 0.2 0 0 0 0 0 0 0 0 0 0 0 0 0 0 0 0 0 0 0 0 0 2.2 0 0.2 0 0 0 0 0 1 4 6.800000000000001 3.2 8.6 5.6000000000000005 0.4 1.8 1.8 5.2 0 5.6000000000000005 0 0.8 0.2 0 5 0.2 0 0 0 4 0 0 0 0 2.6 0.8 4 2 0 0 0 1.6 4 2 3.2 0 5 1.4000000000000001 0 0 0 0 0 0 0 0 0 0 0 0 0 0 0 0 0 0 0 0 0 0 0 0 0 0 0 0 0 0 0 0 0 0 0 0 0 0 0 0 0 3.2 0 0 0 1 0.6000000000000001 0 9.600000000000001 18 0 2.2 2.2 0 0 0 0.4 0 0 0 0 0 0.2 0 0 0 0 0 0 0 0 0 0 0 0 5.6000000000000005 2.8000000000000003 0 0 0 0 0 0 0 0 0.2 0 0 0 0 
 66 51.6 42.400000000000006 37.4 37.4 27.200000000000003 66.8 25.400000000000002 7.800000000000001 22.200000000000003 67.60000000000001 0 7.800000000000001 8.200000000000001 8.4 51.6 31.400000000000002 47.6 25.400000000000002 20.400000000000002 0 0 0 1.2000000000000002 0 0 15 0 0.4 0.6000000000000001 0 0 0 14.4 3.8000000000000003 0 0.2 0 0 7.4 0 0 0.6000000000000001 0 0.4 0 0.4 0 13.4 0 0 0 0 0 0 1 0 0.4 0.6000000000000001 0 0 0 1.2000000000000002 0 0 0 0.4 0 0 0.6000000000000001 0 0 0 3.8000000000000003 0.6000000000000001 0 0.6000000000000001 0 0.6000000000000001 0 0 0 4.2 4 2.8000000000000003 1.2000000000000002 2.4000000000000004 0 8.8 3.2 1.6 4.6000000000000005 0 0 9.200000000000001 3 0 4.800000000000001 0 0 0.8 0 0 4.800000000000001 0 0 2 0 1.8 0 0 0 5.4 0 0 0 1.6 2.4000000000000004 1.6 0.4 0 0 0 0.4 0 2.2 2 0 0 0 0 0 0 0 0 0 0 0 0 0 0 0 0 0 0 0 0 0 0.4 0.4 0 0 0 0 0 0 0 0 2 0 4.6000000000000005 3.8000000000000003 6 5 1 4.4 7.4 1.4000000000000001 1.4000000000000001 2 0.2 0.4 0 0.8 0 4.4 2 6 0 0 0 2 0 0 0 0 0 2 0 0 5.2 0 2.4000000000000004 1.4000000000000001 2.6 0 1.6 0 5.800000000000001 4.6000000000000005 0.4 0 0 0 0 0 0 0 0 0 0 3 0 0 0 0 0 0 0 0.4 0 0 0 0 0 0 0.2 0 0 0 0 0 0 0 0 0 0 0 0 0 0 0 0 0 0 0.6000000000000001 1.2000000000000002 0 17 8.8 0 0.6000000000000001 0 0 15.200000000000001 0 0 0 0 0 0 0 3.2 0 0 0 0 0 0 0 0 0 0 0 0 2.4000000000000004 2.8000000000000003 0 0 0 0 0 0 0 0 0 0 0 0 0 
 27.6 31.6 50.800000000000004 15.600000000000001 16.6 51 90.80000000000001 26.400000000000002 16.8 28 7.4 7.800000000000001 0 39.6 8.6 28.400000000000002 23.6 13.600000000000001 112.60000000000001 24.400000000000002 0 0.4 0 0.6000000000000001 0 0 0 0 40.800000000000004 0.6000000000000001 0.2 0 0 0.2 0 0 0 0 15.200000000000001 0 0 0 0.6000000000000001 0 0.4 0 0 0 0 0 2 0 0 0 0 0 0 0 0.6000000000000001 0 0 0 0 0 0 0 0.4 0 0 0.6000000000000001 0 0 0 0.4 0.4 0 0.6000000000000001 0 0.6000000000000001 0 4.4 1.4000000000000001 2.8000000000000003 0 0 6.2 16 2.6 0.2 1.4000000000000001 0 0 0.4 3.2 4.800000000000001 3.2 14 0 2.8000000000000003 7.4 0 0 0 0 0 0 0 0 0 0 0 0 0 0 0 0 0 0.4 0 0 0 0 0 0 0 0 0 0 0 0 0 2.2 0 0 0 0 0 0 0 0 0 0 0 0 0 0 0 0 0 0 0 0 0 0 0 0 0 0.4 0 0 9.200000000000001 0 0 1.8 0.2 0 3.2 0.2 0.4 0 0.4 0.2 2.4000000000000004 4.6000000000000005 2.4000000000000004 3.4000000000000004 0.2 2.8000000000000003 0.2 2 0 0 0 0 0 0 0 0 0 0 0.4 0 0 0 0 0 0 0 0 0 0 0 0 0 0 0 0 0 0 0 0 0 0 0 0 0 0 0 0 0 0 0 0 0 0 0 0 0 0 0 0 2 0 0 0 0 0 0 0 0 0 0.2 0 0 0.2 0 0.4 0 0.4 0.4 0 2.2 0 0 0 0 0 0 0 0 0 0 0 0 0 0 0 0 0 0 0 0 0 0 0 0 3.2 0.8 0 0 0 0 0 0 0 0 0 0 0 0 
 9.200000000000001 14.4 86.80000000000001 24.8 33.800000000000004 6.2 35.6 50.800000000000004 127.60000000000001 34 27.200000000000003 8.200000000000001 39.6 0 66.2 70.4 10.8 12.8 25.400000000000002 18.8 0 0 0 0.6000000000000001 0 0 16.400000000000002 0 0.4 0.6000000000000001 0 0 0 0 0 0 0 0 31.400000000000002 0 0 0 0.8 0 0.4 0 13.200000000000001 0 0.2 0 0 0 0 0 0 0 0 0 0.4 0 0 0 0 0 0 0 0.4 0 0 0.6000000000000001 0 0 0 0.6000000000000001 0.4 0 0.2 0 0.6000000000000001 0 6.6000000000000005 8 2.2 5.4 0 3 9.600000000000001 5 0 4.2 12 1.2000000000000002 0 6.6000000000000005 3.8000000000000003 2 3.8000000000000003 6.4 0 1.4000000000000001 0 0 0 0 0 0 0 0 0 0 0 0 2.2 0 0 0 0 0 2 0 0 0 0 0 0 0 0 1.4000000000000001 0 0 0 0.2 0 0 0 0 0 0 0 0.2 0 0 0 0 0 0 0 0 0 0 0 1 0 0 0 0 0 0 0.4 0 3 4.4 0 4 3.2 0 2.2 0.4 1.4000000000000001 4.800000000000001 6 0.6000000000000001 0 4.4 0 4.2 0 0.8 0 0.2 0 0 0 0 0 0 0 6.800000000000001 0 0 0 0 9.600000000000001 0 0 0 0 0 5 0.2 0 0 0 0 0 0 0 0 0 0 0 0 0 0 0.4 0 0 0 0 0 0 0 0 0 0 0 0 0 0 0 1.4000000000000001 0 0 0 0 0 0.2 0 0 0 0 7 0 0 0 0 17.8 0.4 0.2 0 0.2 0.8 0 0 0 0 0 0 0 2.6 0 0 0 0 0 0 0 0 0 0 0 0 0 0 0 0 0 0.2 0 0 0 0 0 0 0 0.4 0 0 0 0 
 47.6 14.8 83.80000000000001 11.8 54.6 8.4 75.2 38.6 52.800000000000004 21.6 31 8.4 8.6 66.2 0 47 24.6 26 37 17.6 0 0 0.4 0.6000000000000001 0 0 0 0 0.4 0.6000000000000001 0 0 0 0 0 0 0 0 4.6000000000000005 0.2 0 0 0.6000000000000001 0.4 12.8 0 0.8 12.4 0.4 0 0.4 0.2 0 0.2 0 0.6000000000000001 0.2 0 0.8 0 0 10.200000000000001 0 0 0.6000000000000001 0 0.4 0 1 0.6000000000000001 0 0.4 0 1 0.4 0 0 0 0.8 0 0.2 16.2 5 3.6 2.4000000000000004 8 2.8000000000000003 5.6000000000000005 0 4.2 6 1.6 0 2.4000000000000004 4.4 5.4 4.4 4.800000000000001 3 0 0 0 0 0 0 0 0 0 0 0 0 0 2.4000000000000004 0 0 0 0 0 2.2 0 0 0 0 0 0 0 0 0 0 0 2.2 0 2.6 0 0 0 0 0 0 0 0 0 0.4 0 0 0 0 0 0 0 0 1.2000000000000002 0 0 0 2.2 0 0 0 0 0 2.8000000000000003 2.2 2.2 2.6 0 1.2000000000000002 4.4 0.8 3.6 12.200000000000001 2.2 0 2 0 5.800000000000001 5 1.2000000000000002 0 0 0 0 0 0 0 2.8000000000000003 0 6.4 0 0 0 0 4.4 0 0 0 0 0 3 0 0 0 0 0 1.6 0 0 0 0 0 0 0 0 0 0 4.6000000000000005 0 0 0 0 0 0 0 0 0 0 0 0 0 0 2.2 0 0 0 0 0 0 0 0 0 0 10.600000000000001 0 0 0 0.4 18.400000000000002 0 0 0.4 0.4 0.6000000000000001 0 0 0 0 0 0 0 0 0 1.4000000000000001 0 0 0 0 0 0 0 0 0 0 0 0 0 0 0 0 0 0 0 0 0 0 0 0 0 0 0 0 
 11 25.6 20.6 24.400000000000002 47.2 14 6.4 9.8 30.400000000000002 96.80000000000001 71.2 51.6 28.400000000000002 70.4 47 0 33.2 29.200000000000003 7.800000000000001 38.6 0 0 0 0.6000000000000001 0 0 14.600000000000001 0 0.8 0.6000000000000001 0 0 0.8 15.200000000000001 0.4 0 0 0 14.8 0.4 0 0.4 0.6000000000000001 0 0.6000000000000001 0 0 0 12.4 0 0 0.2 0 0 1.2000000000000002 0.4 0 0.4 2 0.2 0 0 1.4000000000000001 0.6000000000000001 0 0 0.4 0 0 1 0 0.2 0 2.2 0.6000000000000001 0 1 0 0.6000000000000001 0 6.6000000000000005 2.8000000000000003 0 4.2 0 2.8000000000000003 3 0 3.6 4 3.6 0.6000000000000001 0 0 1.8 3 4.4 3 0 0 1.6 0 0 0 0 0 0.2 0 0.2 0 0 0 8.6 0 0 0 1 2.4000000000000004 2.6 0.6000000000000001 0 0 0 0 0 0 0 0 2.2 0.2 0 3 0 0 0 0 0 0 0 0 0 0 0 0 0 0 0 0 0 0 0 0.6000000000000001 0 0 0 0 0 0 0 0 3 0 3.8000000000000003 6 0 2.2 1.8 0 0 8.200000000000001 2.8000000000000003 4.2 4.800000000000001 0 3.6 7 0 3.4000000000000004 0 0.4 2 0 0 0 0 0 0 4.4 4.4 0 0 0 2.6 0 3 3.4000000000000004 0 0 4.2 1.8 0 0 0 0.2 0 0 0 0 0 0 0 0 0 0 0 0 0 0 0 0 0 0 0 0 0 0 0 0 0 0 0 0 0 0 0 0 0 0 0 0 0 0 0 0 0 0.4 0.6000000000000001 0.4 0 18 0 1.2000000000000002 3.8000000000000003 0 0 0 0 0 0 0.2 0 0 0 0 0 0 0 0 0 0 0 0 0 0.4 0 2.4000000000000004 3.2 0 0 0 0 0 0 0 0 0 0 0 0 0 
 4.6000000000000005 37.4 14.4 59.400000000000006 25.8 29.8 23.200000000000003 7.4 30 25.8 76.4 31.400000000000002 23.6 10.8 24.6 33.2 0 24.6 9.8 26.200000000000003 0 0.6000000000000001 0.2 0.8 1.2000000000000002 1 16.2 0.4 0.4 0.6000000000000001 1 0.6000000000000001 0 0 0 0 0.4 23.400000000000002 0 0 0 0 0.6000000000000001 0 0.8 0 0 0.4 0.4 1 0 0.2 0.4 0 0.6000000000000001 1 0.6000000000000001 0 1 0.8 0 0 7 0.2 0 0.6000000000000001 0.4 0 1.6 1.6 0 2.2 0 1.6 0.4 0.4 0.6000000000000001 1 0.6000000000000001 0 2.6 10.4 0 1.6 6.2 3.6 0 10.600000000000001 5 0 8 3.2 0 0.4 0 1.8 10.600000000000001 7.2 0 1.8 3.6 0 0 0 0 3.4000000000000004 0 0.2 0 0 0 0 3 3.8000000000000003 0 0 1 0 0 0 0 0 0 0 0 0 0 0.6000000000000001 0 0 0 0 0 0 0 0 0 0.4 0 0 0 0 0.4 0 0 0 0 0 0 0 0 0 1.2000000000000002 4.800000000000001 0 0 0 0 0 0 3 3.2 0 0.8 8.4 2 2.6 0 4.4 1.4000000000000001 5.4 0 2.2 0 2.8000000000000003 3 0.8 3 0 3.6 0 0.4 0 0 0 0 2 0 0 0 0 0 1.6 2.2 1 0 0 0 0 6.2 0 0 0 0 0 0 0 0 0 0 0 0 0 0 0 0 0 0 0 0 0 0.2 0 0 0 0 0 0 0 0 0.4 0 0 0 0 0 0 0 0 0 0 0 0 0 0 0.6000000000000001 0 0.4 0 0 0 0.8 0 0 0 0 0 0.4 0 0 0 0 0 0 0 0 0.4 0 0 0 0 0 9.200000000000001 0 0 2.4000000000000004 4 0 0 0 0 0 0 0 0 0 0 0 0 0 
 23 5.800000000000001 7.6000000000000005 35 27.6 49.2 10 95 27.8 39.2 81.60000000000001 47.6 13.600000000000001 12.8 26 29.200000000000003 24.6 0 11.600000000000001 8.4 0.2 0.6000000000000001 0 0.6000000000000001 0.4 0.2 20.200000000000003 0 0.4 16 0 0 0 5.4 0.6000000000000001 0 0.4 0 15.200000000000001 0.2 0 0 8.8 0 0.4 0 2.6 0 0.4 0 0.2 0 0 0 0 1.2000000000000002 0 0 0.4 0 0 0 0 0 5.4 0 0.4 0 0.4 0.6000000000000001 0.4 0 0 0.6000000000000001 0.4 0 0.2 0 0.6000000000000001 0 0 2 4.4 2.2 5.800000000000001 2.6 4.4 7.6000000000000005 2 3.8000000000000003 11.600000000000001 5 3.2 0 1.2000000000000002 3 2.6 8.200000000000001 0 0 7.6000000000000005 0 0 7.800000000000001 0 0 2.6 0 0 0 0 0 8 3.8000000000000003 0 0.4 2 0 0.8 4 0 0 0 0 0 0 0 0 0 0 0.2 0 0 0 0 0 0 0 0 0 0 0 0 0 0 0 0 0 0 0 0 0 1.2000000000000002 0 0.2 0 0 0 0 0 3.2 4.2 4.800000000000001 2.2 1.4000000000000001 2 2.4000000000000004 4.4 2.8000000000000003 3.8000000000000003 4 0 1 2.2 0 3.4000000000000004 4.2 0 0 0 2.2 1.6 0 0 0 0 2 0 0 0 0 0 0 2.2 3 0 2.4000000000000004 0 0 1.8 0 0.2 0 0 0 0 0 2.2 0 0 0 0 0 0 0 0 0 0 0 0 0 5.2 0 0 0 0 0 0 0 0 0 2.8000000000000003 0 0 0 0 0 0 0 0 0 4.4 0 0 0 0 0 0.4 17 17.400000000000002 3 1.8 0 0 0 0 0 0 0 0 0 0 1.8 0 0 0 0 0 0 0 0 2.2 0 0 0 2.4000000000000004 3 0 0 0 0 0 0 0 0 0 0 0 0 0 
 11 22.200000000000003 7 17.2 13.600000000000001 7.6000000000000005 8.200000000000001 8.8 81.2 16.6 15.4 25.400000000000002 112.60000000000001 25.400000000000002 37 7.800000000000001 9.8 11.600000000000001 0 86.80000000000001 0 0 1 0.6000000000000001 0 0 0 0.6000000000000001 0.4 0.6000000000000001 0 0.4 0 0 0.2 0 0 0.2 15 0 0 1 0.6000000000000001 12.600000000000001 0.4 0 0 0 0 0 1.2000000000000002 0 0.8 0 0 0 0 0 0.6000000000000001 0 0 0.4 0 0 0 0 0.4 0 0.2 0.6000000000000001 0 0 0 0.4 0.4 0.6000000000000001 0.6000000000000001 0 0.6000000000000001 0 1.8 0 2.2 0 1.8 2.4000000000000004 10.8 0.4 4.800000000000001 0 3.2 0 2.4000000000000004 1.6 1.2000000000000002 0 2 0 5.2 5.800000000000001 0 0 0 0 0 0 0 0 0 0 0 0 0 0 0 0 0 0 0 0 0 0 0 0 0 0 0 0 0 0 0 0 1.4000000000000001 0 0 0 0 0 0 0 0 0 0 0 0 0 0 0 0 0.4 0 0 0 0 0 0 0 0 0 0 3.2 0 0 0 0 0 0 5.6000000000000005 0 0 5.800000000000001 0 0 3.6 0 7.2 0.2 2 0.6000000000000001 2.4000000000000004 2.8000000000000003 0 0 0 0 0 0 0 0 0 0 0 0.2 0 0 0 0 0 0 2.4000000000000004 0 0 0 0 0 0 0 0 0 0 0 0 0 0 0 0 0 0 0 2 0 0 0 0 0 0 0 0 0 0 0 0 0 0 0 0 0 0 0 0 0 0 0 0 0 0.4 0 0 0 0.4 0 3.8000000000000003 0 0 0 0 0 0 0 0 0 0 0 0 0 0 0 0 0 0 0 0 0 0 0 0 0 2.2 0 0 0 0 0 0 0 0 0 0 0 0 
 23.400000000000002 23.6 28.6 12.8 18.400000000000002 11.8 12.200000000000001 22.8 38.2 16.6 16.2 20.400000000000002 24.400000000000002 18.8 17.6 38.6 26.200000000000003 8.4 86.80000000000001 0 0 0 0 0.6000000000000001 0 0 0.4 0 0.6000000000000001 0.6000000000000001 40.2 0 0 0 0.4 0 0 0 0 0 0 0.8 0.6000000000000001 0.8 0.4 0 0 0 0.2 0 0.2 0 0 0 0 0 0 0 0.4 0 0 0.6000000000000001 0 0 0 0 0.4 0 0 0.6000000000000001 0 0 0 0.6000000000000001 0.4 0 0.2 0 0.6000000000000001 0 2.8000000000000003 0 0 0.2 0 1.6 2.4000000000000004 3.6 5.6000000000000005 0 0 0 0.2 1.2000000000000002 1.6 5.800000000000001 0.8 0 2.8000000000000003 3.6 0 0 0 0 0 0 0 0 0 0 0 0 0.2 0 0 0 0 0 0 0 0 0.4 0 0 0 0 0 0 0 0 0 0 0 0 0 0 0 0 0 0 0 0 0 0 0 0 0 0 0 0 0 0 0 0 0 0 0 0 0 0 2.4000000000000004 2.2 0 0 0 0 4.800000000000001 0 14.600000000000001 0 0.2 0 0 0 3.2 3 0 4.800000000000001 0.2 2.2 0 0 0 0 0 0 0 0 0 0 0 0 0 0 0 0 0 0 0 0 0 0 0 0 0 0.4 0 0 0 0 0 0 0 0 0 0 0 0 0 0 0 0 0 0 0 0 0 0 0 0 0 0 0 0 0 0.6000000000000001 0 0 0 0.4 0 0 0 0 0 0 0.2 0 0 0.2 0 4 0 0 0 0 0 0 0 0 0 0 0 0 0 0 0 0 0 0 0 0 0 0 0 0 0 0 0 0 0 0 0 0 0 0 0 0 0 0 
 0 0 0 0 0 1.2000000000000002 0 0.4 0 0.6000000000000001 14.8 0 0 0 0 0 0 0.2 0 0 0 57.400000000000006 33.800000000000004 11.4 11 22 19.8 11 44 99.80000000000001 7.800000000000001 7 10.8 5.6000000000000005 23.8 42.6 22.8 7.6000000000000005 9 9.4 0.6000000000000001 0 0 0 0 0 0 0 0 0 0.4 0 0.6000000000000001 2 12.200000000000001 0.4 0 0.2 0 0.6000000000000001 0.6000000000000001 0 0 0 0.4 0 0 0 0 0 0 0 0 0.4 1.2000000000000002 0.4 0 0 0 0 0 0 0 0 0 0 0 0 0 0 0 0 0 0 0 0 0 1.8 0 0 4.4 3.8000000000000003 2.6 7.800000000000001 0 6.2 0 8 0 4 0.4 3.8000000000000003 0 4.2 6.6000000000000005 5.4 2 3.4000000000000004 2.6 0.4 10.600000000000001 0 0 0 0 0.2 0 0.2 0 0 0 0 3.8000000000000003 0 0 0 0.2 0 1.4000000000000001 3.6 0 0 0 0 0 1.4000000000000001 0 0 0 0 0 0 0 0 0 0 0 0 0 0.8 0 0 0.2 0 0 0 0.2 0 0 0 0 0 0 0 0 0 0 0.2 0 0 2.2 3.8000000000000003 3.4000000000000004 0 6.2 0 0.8 0.2 3.2 5.6000000000000005 0 2.8000000000000003 0 0.2 2.8000000000000003 1.8 0.2 4 0 2.2 0 0 0 0 0 0 4.4 0 0 0 0 0 0 0 0 0 0 0 0 0 0 0 0 0 0 0 0 0.4 0.2 0 0 0 0 0 0 0 0 0 0 0 0 0 0 0 0 0.4 0.2 0 0 0.4 0 0 0 0 2.8000000000000003 0 0.2 1.8 0 0 0.8 0 0 0 0 0 0.4 0 0 0 0 0 0 0 0 0 0.2 0 0 0 0 0 0 0 0 2.8000000000000003 0 0 0 0 
 0 0 0 0 19.6 0 0 0 0 0.8 0 0 0.4 0 0 0 0.6000000000000001 0.6000000000000001 0 0 57.400000000000006 0 22.6 14.600000000000001 96.80000000000001 24.6 12 37.4 88.60000000000001 25.6 64.8 11 29.6 21 43 41 20.400000000000002 11.4 48.800000000000004 21.200000000000003 0.4 0 0 0.6000000000000001 0 0 0 0.6000000000000001 0 0 1 0 13.600000000000001 0.8 0 0.4 0 12.4 0.2 0.6000000000000001 0.6000000000000001 0 10.4 0 1.2000000000000002 0.4 0 0.8 0 0 0 0 0.4 1.2000000000000002 0.6000000000000001 0.4 0 0.6000000000000001 0 0 2 0 0 0 0 0 0 0 0 0 0 0.4 3.6 0 0 0 0 0 0 0 0.2 4.2 8.6 0 0 9.200000000000001 0 6 0 0.4 0.2 3.8000000000000003 0 3.6 6.4 5.800000000000001 2.6 4.4 2.6 1.6 2.8000000000000003 0 0.2 0 0 0 0 0.2 0 0 0 0 0 0 0 0 0 0 1.8 0.2 2.8000000000000003 0.8 0 0 2.8000000000000003 0 0 0 0 0 0 0 0 0.2 0 0 0 0 0.6000000000000001 0 0 0 5 0 0 0 0.2 0 0 0 0.6000000000000001 0 0 0 0 0 0 0 0 0 7.4 2.2 2.6 1.8 0.2 3.4000000000000004 1.2000000000000002 0 0 3.8000000000000003 8 2.4000000000000004 0 0 3.2 6.800000000000001 2.8000000000000003 5.4 0 2.2 0 0 0 0 0 0 0 0.2 0 0 0 0 0 0 2.6 0 0.2 0 2.2 5 0 0 0 0 0 0 0 0 0 0 0 0 0.2 0 0 0 0 0 0 0 0 0 0 0 0 0 0 0 0 0 0 0.2 0 0 3.2 0 0 0.2 0.4 0 0.6000000000000001 0 0 0 0 0 3.8000000000000003 0 0 0 0 0.2 0 0 0 0 0 0 0 0 0 0 0 0 0 2.8000000000000003 0 0 0 0 
 0 0 0 0 0 12.600000000000001 0 0 1 0 0 0 0 0 0.4 0 0.2 0 1 0 33.800000000000004 22.6 0 18.6 13.200000000000001 6 22.8 38.800000000000004 32.6 28 23 23.6 22.6 44.800000000000004 26.6 24 38.2 79 6 11 0.6000000000000001 0 0 0 0.4 0 0 0 0 0 0.4 0 0.8 0.6000000000000001 0 0.8 0 0.2 0 1 0.6000000000000001 0 0 0 0.4 0 0 0 11.4 0 0 0 0 0.4 1.2000000000000002 0.4 0 0 0 0 0 0 0 0 1.4000000000000001 0 0 0.4 0 0 0.2 0 0 0 0 0 0 0 0 0 2 3.8000000000000003 2.2 14.8 3.4000000000000004 6 0.2 1.2000000000000002 4.800000000000001 12 2.8000000000000003 3 0 0 3.2 2.4000000000000004 2.6 1.4000000000000001 2.4000000000000004 0 2.6 0 0 0 0 0 1 0 0.2 0 0 0 12 0 0 0 0 0 2.4000000000000004 3.4000000000000004 0 0 0 0 0 2.2 0 0 0 0 0.2 0 0 0 0 0 0 0 0 1.4000000000000001 0 0 0 0 0 2.6 0.4 0 0 0 0.6000000000000001 0 0 0 0.2 0 0 0 0 0 3 0 3.8000000000000003 0 9.8 2.8000000000000003 0.2 0 8.200000000000001 4.800000000000001 1.8 0.2 0 1.2000000000000002 0 3 1.6 2.2 2.8000000000000003 0 0 0 0 0 0 0 3.8000000000000003 0 0 0.2 0 0 0 0 0 0 0 0 0 1.6 0 0 0 0 0 0 0 0 0 0.2 2 0 0 0 0 0 0 0 0 0 0 0 0 0 0 0 0 0 0 0 0 0 0 0 4 0 0 2 15.8 0 5.6000000000000005 0.2 0 0 0 0 0 0 0 0 0 0 0 0 0 0 0 4.2 0 0 0 0.6000000000000001 0 0 0 2.4000000000000004 0 0 0 0 
 0.6000000000000001 0.6000000000000001 0.6000000000000001 1.2000000000000002 15 0.6000000000000001 0.8 0.6000000000000001 1.2000000000000002 0.6000000000000001 0.8 1.2000000000000002 0.6000000000000001 0.6000000000000001 0.6000000000000001 0.6000000000000001 0.8 0.6000000000000001 0.6000000000000001 0.6000000000000001 11.4 14.600000000000001 18.6 0 18.6 39.800000000000004 24.8 71 44 16 25 45.2 11 12.600000000000001 14.8 39 12.4 46.2 30.8 9.600000000000001 13 0 0 0 0.6000000000000001 0.8 14.8 0 0 0 0.4 1 17.400000000000002 0 6 0.4 1 0.2 16.2 19.400000000000002 0.6000000000000001 0 0 1.8 1.2000000000000002 0 0 0 9.8 1 0.6000000000000001 0.4 0 1.4000000000000001 0 1 0 0 0 0.4 0.8 0 2.2 0 0 0.2 0 0 0 0 0 0 0 0 0 0 0 0.4 0 0.4 0 0 0 7.6000000000000005 6.6000000000000005 2.6 3 0.6000000000000001 0.2 13.200000000000001 0.2 1.8 0 0 0 0 4.6000000000000005 0 2.6 0 4.800000000000001 0 0 0 0 1.6 3.8000000000000003 2.8000000000000003 0 0.2 0 0 8 2 0 1.2000000000000002 0 0 9.200000000000001 1.6 0 0 0 0 0 1.2000000000000002 0 0 0 0 0 0 0 0 0 0 0 0 0 1.2000000000000002 0 3 0 0.6000000000000001 0 0 3.8000000000000003 0 0 0 0 0 0 0 0.2 0 0 0 0 0 0 0 0.2 0 4.2 3.2 3 2 5.4 3.8000000000000003 0 2.8000000000000003 0 0 0 2.4000000000000004 0 2.6 0 4 6.6000000000000005 3.8000000000000003 2.4000000000000004 0 0 0 6.4 4 0 0 0.2 0 0 6.800000000000001 2.6 5.6000000000000005 2.2 0 3.6 0 0 0 0 0 0 0 0 0 0 2 0 0 0 0 0 0 0 0 0 0 0 0 0 0 0 0 0 0 0 0 0 0 0 0 4 0.2 0 0.2 15.4 0.2 0.2 0 0 0 0 0 0 0 0 0 0 0 0 0 0 0 0 0 0 2.2 0 0 0 0 0.2 0 0 0 0 0 
 0 0 0.4 0 0.2 0 0 0 0 15 0.2 0 0 0 0 0 1.2000000000000002 0.4 0 0 11 96.80000000000001 13.200000000000001 18.6 0 49.400000000000006 8.6 18.6 17.2 59.6 31.200000000000003 49.400000000000006 12 11.8 17.8 25.8 57 10 55.400000000000006 12 30.200000000000003 14.8 0 0.4 0 0 13.4 23.8 0 0 0.4 0 0.6000000000000001 25.8 0.4 13.600000000000001 12.600000000000001 12.4 16.8 11.4 0.6000000000000001 0 0 0 0.4 0.2 0 0 0 0 0 0 0.6000000000000001 0.6000000000000001 6 0.4 0 0.4 0 0 0 0 3.6 0 0 0 0 0.2 0 0 0 0 0 0 0 2.4000000000000004 0 0 0 0 0 1.6 2.2 0 2.6 0 0 0 3.2 0 0 2.8000000000000003 0 0 2.4000000000000004 0.6000000000000001 0.2 0 0 0 0.8 3.6 1.4000000000000001 0 0 0 2 1.6 5.6000000000000005 5.2 0 0 5.4 1.8 8.6 0 1.4000000000000001 2 2.6 9.200000000000001 0 1.2000000000000002 0 0 0 0 0 0 0 0 0.4 0 0 0 0 0 0 0 0 0 0 0 0 0 0 0 0 0 0 0 0 0.2 0 0 1.2000000000000002 0 0 0 0 2.4000000000000004 0 0 0 2.8000000000000003 4 2.8000000000000003 0 2 0 0 2.8000000000000003 1.2000000000000002 0 0 0 0 0.4 2.2 0 0 2 0.2 5 0 0 0.4 4.6000000000000005 0.6000000000000001 3.8000000000000003 0.2 0.8 0 7.4 3 0.6000000000000001 4.2 11.8 0 2.8000000000000003 3 0 0 0 0 0 0 0 0 0 0 0 0 0 0 0 0 0 0 0 0 0 0 3.6 0 0 0 0 0 0 0 0 0 0 0 1.8 0 0 0.6000000000000001 11.200000000000001 0.8 2 0 0 0 0 0 0 0 0 0 0 0 0 0 0 0 0 0 0 0 0 0 0 0 2.4000000000000004 1.2000000000000002 0 0 0 0 
 0 11.4 0.6000000000000001 0.4 0.2 0.4 0 0 0 0 0 0 0 0 0 0 1 0.2 0 0 22 24.6 6 39.800000000000004 49.400000000000006 0 18.8 8.4 38.800000000000004 14.4 13.8 22.200000000000003 8.200000000000001 12 30.200000000000003 42.800000000000004 45 18.8 23.200000000000003 10.4 66.8 5.2 0.8 0 42.400000000000006 0 0.2 14.600000000000001 1 0 0.4 0 11.8 13.4 12.4 1.4000000000000001 0 0.2 19.6 25.200000000000003 0.6000000000000001 0 0 0 0.4 0 0 0 0 0 1.2000000000000002 0 0 0.8 0 0.4 0 0 0 0 0 0 0 0 0 0 0 0 0 0 0 0 0 0 0 0 0 0 0 0 0 0 0 4.6000000000000005 3.8000000000000003 4 0 0.8 0 6.4 0.2 4 0 0 0.2 1.4000000000000001 2 0 0 0 3 5.2 2.2 0 3.8000000000000003 0 4.4 5.6000000000000005 5 2.2 3.4000000000000004 0.2 10.8 2.2 6.800000000000001 0 0 0.8 4.2 2.2 0 0 0 0.4 0 1.6 0 0 0 0 0.4 0 0 0 0 0 0 0 0 1 0 0 0 0 0 0 0 0 0 0 0 0 0 0.2 0.2 0 0 0 0 2 0.2 0 0 0.2 9.4 2.2 0 0 3.6 0.2 0 0.2 0 0 0 0 0.4 0 0 0 4.6000000000000005 3.8000000000000003 4.6000000000000005 3 0 5.2 16.2 8 7.4 0.2 6.800000000000001 0 3.8000000000000003 9.4 6 2.8000000000000003 15.8 0 4.2 0 0 0 0 0 0 0 0 0 0 5.4 0 0 0 0 0 0 0 0 0 0 0 0 0 0 0 0 0 0 0 0 0 0 0 0 1.4000000000000001 0.4 0 1.8 0 1.6 0 0 0 0 0 4.6000000000000005 0 0 0 0 0 0 0 0 0 0 0 0 0 6.4 0 0 1.6 0 2 4 0 0 0 0 
 0 0.4 0 16 15 17.6 0 0 0 15.200000000000001 19 15 0 16.400000000000002 0 14.600000000000001 16.2 20.200000000000003 0 0.4 19.8 12 22.8 24.8 8.6 18.8 0 18.8 8.4 6 53.2 47.400000000000006 47 29.6 21.6 18.400000000000002 9.8 65.60000000000001 9 21 1 0 0 0 0.4 0 0 0 0 0 0.4 0 0.6000000000000001 0 0.6000000000000001 0.4 0 0 0 0.6000000000000001 3.2 0 0.2 0 0.6000000000000001 0 0 0.6000000000000001 0 0 0 0 0 0.6000000000000001 0 0.4 0 0 0 0 0 0 0 3.4000000000000004 0.2 2.6 0 0 0 0.4 4.2 0 0 0 0.2 0 0 0 0 0 8.4 10.8 0 2.8000000000000003 0.4 0 4 0 2 0.2 2.4000000000000004 12.600000000000001 4.4 1.6 13 5.2 2.8000000000000003 0 5.6000000000000005 2.2 0 0.4 0 0 0 0 0 0 0 0 0 0 0 0 0 0 0 0 0 0 0.2 0 0 0 0 0 0 0 0 0 0 0 0.8 0 0 0 0 0 0 0 0 0.4 2.4000000000000004 0 0 6.6000000000000005 0 0 2 2.4000000000000004 0 2.4000000000000004 0 0 0 0 0 0 0.4 0 2.6 0.2 3.4000000000000004 0 3.4000000000000004 0 10.200000000000001 1.8 5.4 3.2 2.6 2 1.8 7.2 3.2 2.4000000000000004 0.8 1.8 2.4000000000000004 6.800000000000001 0 0 0 0 0 0 0 0 0 0 0 0 0 0 0 0 0 0 0 0 0 0 0 0 0 0 0 0 0 0 0 0 0 0.4 0 0 0 0 0 0 0 0 0 0 0 0 0 0 0 15.200000000000001 0 0 0 0 2.8000000000000003 0 0.6000000000000001 0 0.2 0.2 0 0.4 0 0 0 0 0 0 0 0 0 0 0 0 0 2.6 2.4000000000000004 0 0 0 0 0 0 0 0 3.2 0.2 0 0 1.4000000000000001 
 0 0 0.4 0 13.600000000000001 0.4 0 0 0 14.600000000000001 0.4 0 0 0 0 0 0.4 0 0.6000000000000001 0 11 37.4 38.800000000000004 71 18.6 8.4 18.8 0 15.600000000000001 23.6 5.6000000000000005 26 37.800000000000004 45.400000000000006 59 26.6 79.2 78.2 23.6 8.8 0.6000000000000001 0 0.4 0 0 0 0 0 0 0 0.4 0 0.6000000000000001 0 0 0.8 0 0.2 1 0.6000000000000001 0.6000000000000001 0 0.2 0 0.4 0 0 0 0 0 0.6000000000000001 0 0 1.4000000000000001 0 0.4 10 0 0 0 0 0 0 3.4000000000000004 0 0 0 0.2 0 0 0 0 0 0 0 0 0 0 0 0 2 0 1.8 2 2.6 2.2 3.2 3.6 16.2 3.8000000000000003 4.800000000000001 0 0.2 0 0.2 0 2.8000000000000003 0.2 1.8 5 3.6 0 0 0 0 0 0 3.4000000000000004 0.4 0 0 0 1.6 0 0 0 0 0 2.2 0 0 0.4 0 0 0 0 0 0 0 4.6000000000000005 0.4 0 0 0 0 0 0 0.2 1 0 0 0 0 0.2 3.8000000000000003 0 0.2 0 0 0 0 2.4000000000000004 0 0 1.4000000000000001 0 1.6 14 0 0 0 4.2 5.2 3.8000000000000003 0.4 2.4000000000000004 0.2 0 4.2 4 3.8000000000000003 1.8 0 0 4.6000000000000005 8.200000000000001 1.8 0 0.2 0.2 0 0 0 0 0 0 0 0 0 0.2 0 0 0 0 0 0 0 0 0 2.6 0 0 0 0 0 0.2 0 0 0 0 0 0 0 0 0 0 0 0 0 0 0 0 0 0 0 0 0 0 0 0 0 0 2.2 0 2.2 0.4 0.4 8.4 15.8 0 2.8000000000000003 0 0 0 0 0 0 0 0 0 0 0 0 0 0 0 0 0 0 0 0 2.2 0 0 0 0 0 0 0 0 
 0.4 0.4 0.4 0.4 0.4 0.8 0.6000000000000001 0.4 0.4 0.4 0.4 0.4 40.800000000000004 0.4 0.4 0.8 0.4 0.4 0.4 0.6000000000000001 44 88.60000000000001 32.6 44 17.2 38.800000000000004 8.4 15.600000000000001 0 126.80000000000001 24.200000000000003 9.200000000000001 59.6 92.2 16.2 45 44.800000000000004 55 23.400000000000002 17.400000000000002 0.6000000000000001 0 0 2.4000000000000004 0 0 12.600000000000001 0.4 0.2 0 0.4 0 16 0 0 0.4 0 0.4 0 21.400000000000002 0.6000000000000001 0 0 0.6000000000000001 0.4 0 0 0 0 0 0 5.6000000000000005 0 0.6000000000000001 0 0.4 0 0 0 0 0 0 0 0 0 0 0 0 0 0 0 0 0 0 0 0 0 0 0 0 0 3.2 2.2 2.2 6.4 3.2 0 1.8 2.6 2.2 0.2 2 0 0 2.8000000000000003 1.8 2.2 0 0 0 0 0 0 0.4 0 0 1.4000000000000001 2.4000000000000004 0 0.2 0 0.2 5.6000000000000005 2 0 0 0 0 4.2 0 0 0 0 0 0 1.8 0 0 0 0 0 0 5 0 0 0 0 0 0 1.4000000000000001 0 0 0 0 0 0 0 0 0 0 0 0 0.4 0 0.2 0 0.4 0 0 0 0 0 0 0 0 2.6 0 0 4.4 7 2.2 0 0 0 0 0 2 13.4 0 0 3.6 3.2 0 0 0 0 14.600000000000001 2.2 3.2 0 0.2 0 0 0 4.800000000000001 0 1.6 0 7.4 6.2 0 0 0 0 0 0 0 0 0 0.4 0 0 0 0 0 0 0 0 0 0 0 0 1.4000000000000001 0 2 0 0 0 0 0 0 0 0 0 2.8000000000000003 0.4 0.2 0.2 11.600000000000001 0 4 0 0.2 0 0 0 2.8000000000000003 0 0 0 0 0 0 0 0 0 0 0 0 1.6 0 2.6 0 0 0 0 0 0 0 0 
 0.6000000000000001 0.6000000000000001 0.6000000000000001 0.6000000000000001 0.6000000000000001 0.6000000000000001 0.6000000000000001 15.200000000000001 1 0.6000000000000001 0.6000000000000001 0.6000000000000001 0.6000000000000001 0.6000000000000001 0.6000000000000001 0.6000000000000001 0.6000000000000001 16 0.6000000000000001 0.6000000000000001 99.80000000000001 25.6 28 16 59.6 14.4 6 23.6 126.80000000000001 0 33.4 23.8 66 22.6 33.6 59.6 28 63.2 22.200000000000003 78.80000000000001 0.6000000000000001 0 0 0 0 0 0 0 0 0 0.4 0.4 0.6000000000000001 3.2 0 0.4 0 12.8 0 0.6000000000000001 0.6000000000000001 0 0 0 0.4 0 0 0 0 0 10 0 0 0.4 1.2000000000000002 0.4 0 0 0 0 0 0 0 0 0 0 0 0 0 0 0 0 0 0 0 0 0 0 0 0 9.8 2.2 3.8000000000000003 3.4000000000000004 0 7.4 3 4 0 0 4.4 0 0 5.800000000000001 2 2.4000000000000004 2.6 7.800000000000001 0 0 0.4 0 0 0 0 0 0 0.2 0 0 0 0 4.2 0 0 0 0 0 0 1.2000000000000002 0 0.6000000000000001 0 0 0 1.8 0 0 0 0 0 0 0 0 0 0 0 0 0 0.2 0 0 0 0 0 0 0 0 0 0 0.4 0 0 0 0 0 0.2 0 0 0 10.4 1.2000000000000002 0.2 6.2 1.8 0 3.4000000000000004 0.6000000000000001 9 6.6000000000000005 0 1.6 0.2 0.2 3.4000000000000004 2.2 4.6000000000000005 0 0 0.2 0 0 0 0 0 0 0 0 0 0 0 0 0 0 0 0 0 0 0 0 0 2.6 0 0 0 0 0 0 0 0 0 0 0 0 0 0 0 0 0 0 0 3.6 0 0 0 0 0 0 0 0 0 0 0 0 0.4 0.4 0 30.400000000000002 0 0 1 0.6000000000000001 0 0 0 0 0 0 0 0 0 2.6 0 0 0 0 0 0 0 0 0 1.2000000000000002 0 0 0 0 3.8000000000000003 0 0 0 
 0 0 0.2 0.6000000000000001 0 0.4 0 0 0 0 1.6 0 0.2 0 0 0 1 0 0 40.2 7.800000000000001 64.8 23 25 31.200000000000003 13.8 53.2 5.6000000000000005 24.200000000000003 33.4 0 11.200000000000001 6.800000000000001 2.8000000000000003 12 9.4 97.2 10.8 21.200000000000003 26.400000000000002 0.6000000000000001 0.2 0 0 0 0 12.4 0 0 0 0.4 0.4 26 6.2 0 0.4 0.2 0.2 12.8 1.6 0.6000000000000001 0.8 0.6000000000000001 0.4 0.4 0 0 0.2 0.4 0 0.2 0.2 0.2 0.6000000000000001 1 0.4 0.2 0.2 0.2 0 0 0 0 0 0 0 0 0 0 0 0 0 0 0 0 0 0 0 0 0 0 2 0.2 0 0 2 0 0 0.2 3.6 3.6 3 0 0.2 0 0 3.8000000000000003 2 0 0.4 2.4000000000000004 2.4000000000000004 0 0 0 0.4 2 6 0 1.6 0 0 3.8000000000000003 0.4 0.2 8.8 0.2 3.8000000000000003 2.2 10.600000000000001 0 0 0 0 0 0 0 0 0 0 0 0 0 0 0 0 0 2.2 0 0 0 0 0 0 0 0 0 0 0 0 0 0 0 0 1.8 0 0 0.4 0 0 6 0 0 0.2 8.8 5.6000000000000005 0 0 0 0 0 2 0 0 0 0 0 0 0 0 2 3.8000000000000003 0 0 0 0 0 0 2.2 0 3.4000000000000004 0 6.2 2 2.4000000000000004 3 0 0 6.800000000000001 3.6 0 0 0 0 4.6000000000000005 0 0 0.4 0 0 0 4.2 0 0 0 0 0 0 0 0 0 0 0 0 0 0.4 0.2 0 0 0 0 0 0 0 2 0 0.2 16.2 0.2 0 0 3 0 0 0 0 3 0 0 0 0 0 0 0 0 0 0.2 0 0 0 0 0 0 0 0.2 0 0.2 0 0 0 
