 0 35.800000000000004 53 47.400000000000006 29.400000000000002 6.800000000000001 38.400000000000006 9.8 5.800000000000001 11.4 16.6 11.8 10.600000000000001 47.6 34.2 6.4 24 5 25 47.2 0.2 0.4 0 0.6000000000000001 0 0.4 0 0 0 0 0 1.4000000000000001 0.6000000000000001 0.6000000000000001 0.2 0 0 0 0 0 0 0 0.6000000000000001 0 0.4 0 0.2 0 0 0 0 0.2 0 0.4 0.6000000000000001 0 0 0 0 0.4 0 0 9.8 0 0 7.6000000000000005 0 0.2 0.4 0.6000000000000001 0.6000000000000001 0 0 2.6 0 0.6000000000000001 0 0.4 0 0.2 8 3.4000000000000004 0 0 0 0 0 6.800000000000001 1.2000000000000002 3.2 2.8000000000000003 0.6000000000000001 0 0 3 0.2 6.6000000000000005 0 4.2 2.4000000000000004 0.2 0 0 0 0 0 0 0 0 0 0 0 0 0 0 0 0 0 0.2 0 0 0 0 0 0 0 0 0.2 0 0 1.4000000000000001 0 0.2 0 0 0 0 0 0 0 0 0 0 0 0 0 0 0 0.2 0 0 0 0 0 0 0 0 0 0 0 3 0 0.2 0 0 0 0 2.2 5.4 8.6 0 0 0 3.2 1.2000000000000002 5.4 2.2 0.2 0 6.4 0 0 0 0 0 0 0 0 0 0 0 0 0 0 0 0 0 0 6.2 5.2 0 0 0 1.4000000000000001 0 0 0 0.4 0 0 0.4 0 0 0 0 0 0 0 0 0 0 0 0 0 0 0 0 0 0 0 0 0 0 0.4 0 0 0 0 0 0 0 0 0 0 0 0.4 0.2 0 0.4 17.8 0.2 2 0 0.2 0 0 0 0 0 0 0.4 0 0 0 0 0 0 0 0 0 0 0 0 0 0 0 0 0 0 0 0 0 0 0 0 0 0 0 0 0 
 35.800000000000004 0 58 60.400000000000006 40 23.6 17.8 17 54.2 9.8 26.6 6.2 4.6000000000000005 38.400000000000006 79.4 27.400000000000002 19.6 41 4.6000000000000005 9.200000000000001 0 0.4 0 0.6000000000000001 0 0 0 0 0 0 0.2 0.4 16 0.2 0.6000000000000001 0 0.4 0 7 0 0 0 0.6000000000000001 0 0.4 0 0.4 0.4 0 0 0 0 0 0 0.6000000000000001 0.4 0 0 0 0 5.6000000000000005 0 0 0 0 0.2 10.200000000000001 0 0.6000000000000001 0.4 0.6000000000000001 0.6000000000000001 0 0.6000000000000001 0 0.4 0 0.4 0.2 0 2.6 2.6 7.4 0 0 0 6 0 9.4 14.200000000000001 8.8 2.4000000000000004 1.8 5.2 4.800000000000001 2.4000000000000004 3.2 0 0 0 1.8 0 0 0 0 0 3.6 0 0 0 0 0 0 0 0 0 0 0 0.2 2.2 0 0 0 0 0 0 4.2 0 0 0 0 0 0 0 0 0 0 0 0 0 0 0 0 0 0 0 0 0 0 0 0 0 0 0 0 0 0 0 0 0 2 4 2.8000000000000003 2.8000000000000003 4.800000000000001 0 7.6000000000000005 4.4 5.2 5 1 1.8 0 0 2.6 6 1.4000000000000001 4.4 5.800000000000001 9.4 0 0 0 0 1.8 0 0 0 0 0 0 0 3.6 0 0 0 0 0 2.8000000000000003 2.8000000000000003 0 0 0 0 0 0 0 0 0 0 0 0 0 0 0 0 0 0 0 0 0 0 0 0 0 0 0 0 0 0 0 0 0 0 0 0 0 0 0 0 0 0 0 0 0 0.8 9.600000000000001 0 0 36.2 1.8 2 0 0 0 0 0 0 0 0 0 0 0 0 0 0 0 0 0 0 0 0 0 0 0 1.8 0 0 0 0 0 0 0 0 0 0 0 0 0 0 
 53 58 0 46.800000000000004 12.200000000000001 6.4 11.8 25.400000000000002 84.4 28.200000000000003 7.800000000000001 7.4 58.800000000000004 38 35 96.60000000000001 46.400000000000006 49.2 71.8 9 0 0.4 0 1 0 0.8 0 0 0 0 0.2 0.6000000000000001 0.6000000000000001 0.4 4.2 0 0.4 0.6000000000000001 0 0 0.2 3.6 0.6000000000000001 0 0.4 0.6000000000000001 0.4 0.2 0.2 0.2 0 0 0 0 1.2000000000000002 0.4 0.6000000000000001 0.4 0 0 0 0 10 0 0 0.6000000000000001 0 0 0.4 0.6000000000000001 0.6000000000000001 0.8 0 0.6000000000000001 0 0.4 0 0.6000000000000001 0 0 0 3.2 6.800000000000001 0.6000000000000001 0 0.2 5.4 0.2 6.4 19.400000000000002 12 0 2.2 5.6000000000000005 5.4 3 2.2 0.2 0 3.4000000000000004 2.2 0 0 0 0 0 0 0 0 0 0 0 0 0.4 0 0 0 0 0 2.2 0 0 0 0 0.4 0 0 0 0 0 0 0 0 0.4 0 0 0 0 0 0 0 0 0 0 0 0 0 0 0 0 0 0 0 0 0.2 0 0 0 0 0 6.2 4 2.8000000000000003 2.8000000000000003 4.4 0.4 2 0 2.6 3.2 0 1.8 0 2.8000000000000003 2.6 2.4000000000000004 0.4 1.6 2.8000000000000003 2.6 0 0 0 0 0 0 0 0 0 0 0 0 5 0 0 0 0 0 0.4 3.6 0 0 0 0 0 0 0 0 0 0 0 0 0 0 0 0 0 0 0 0 0 0 0 0 0 0 0 0 0 0 0 0 0 0 0 0 0 0 0 0 0 0 0 0 0 0.2 18 0 0 20.6 0 0.8 0 0 0 0 0 0 0 0 0 0 0 0 0 0 0 0 0 0 0.2 0 0 0 0 2 0 0 0 0 0 0 0 0 0 0 0 0 0 0 
 47.400000000000006 60.400000000000006 46.800000000000004 0 38.400000000000006 5.6000000000000005 43.2 73.4 52.800000000000004 32.800000000000004 39 15.4 10.8 77.80000000000001 53.800000000000004 30 23.200000000000003 36.6 11.600000000000001 13.4 0 0.4 0 0.6000000000000001 0 0.4 0.4 0 0 0 0 0.8 0.6000000000000001 1.2000000000000002 0.4 0 0 0 0 0 0 0 0.6000000000000001 0 0.4 0 0 0.2 0 0 0 1.2000000000000002 0 0 0.6000000000000001 0 0 0 0 0 0 0 0 1.4000000000000001 0 0 0 0 0.4 0.6000000000000001 0.6000000000000001 0.2 0 0.6000000000000001 0 0.4 8.8 0.4 0 0 3.4000000000000004 2.4000000000000004 3.6 4.6000000000000005 2.4000000000000004 0 0 0 6 7.4 1.8 2.2 0 0 5.2 5.2 4 2 0 0 2.2 0 0 0 0 0 2.2 0 0 0 0 0 0 0 0 0 0 0 2.6 3.8000000000000003 0 0.2 0 0 0 0 0 0 0 0 0.4 0 0 0 0 0 0 0 0 0 0 0 0 0 0 0 0 0 0 0 1.6 0 0 0 0 0 0 0 0 0 2 0.6000000000000001 2.6 2 6.2 0 3.8000000000000003 5.6000000000000005 4.4 3.6 5.2 2.2 0 0 2.2 3.8000000000000003 3.8000000000000003 9.200000000000001 0 0 0 0 0 0 0 0 0 0.2 0 0 0 0 3.4000000000000004 0 0 0 0.4 0 4 3.4000000000000004 0 0 0 0 0 0 0 0 0 0 0 0 0 0 0 0 0 0 0 0 0.2 0 0 0 0 0 0 0 0 0 0 0.2 0 0 0 0 0 0 0 0 0 0 0 0 0 0.2 19 0 0.2 2.6 2 2.4000000000000004 0 0 0 0 0 0 0 0 0 0 2.8000000000000003 0 0 0 0 0 0 0 0 0 0 0 0 0 0 0 0 0 0 0 0 0 0 0 0 0 0 0 
 29.400000000000002 40 12.200000000000001 38.400000000000006 0 18.400000000000002 45 17.2 26.400000000000002 15.4 36.6 24.6 14.200000000000001 13.200000000000001 32.4 72 50.2 25 59.2 31.200000000000003 0.2 0.8 0 1.6 0.8 1.6 17.400000000000002 15.8 0.2 15.200000000000001 0 1.2000000000000002 1 22.400000000000002 0.8 15.600000000000001 15.200000000000001 15.4 15 12.4 1.2000000000000002 0 0.6000000000000001 0.8 0.4 0 0.6000000000000001 0.4 0 1.2000000000000002 0 0.2 0 0 0.6000000000000001 0.4 0.4 1.6 0 0 8.8 5.800000000000001 0 0.2 0 0 15.200000000000001 0 0.4 0.6000000000000001 1 0.2 0 0.8 0 0.8 0.6000000000000001 0.6000000000000001 0.8 0.6000000000000001 2.8000000000000003 3 3.6 6 0.2 4 0 0 0 1.6 3.6 2.2 2.8000000000000003 0 2.6 0 0 0.4 0 0 0 0.6000000000000001 0.4 0.8 0 0 0 3.2 2.2 4 0 0 2.4000000000000004 5.6000000000000005 0 7.4 0 0 0 4 0 0 0 0 0 1.4000000000000001 0 0 0 0 0 4.2 0 0 0 0 0 0 0 0 0 0 0 0 0 0 0 0 0 0 0 0 0 0 0 0 0 0 1 0 0 0 0 6.800000000000001 0 4 0 3 4.2 3.2 4.6000000000000005 0.2 0 0.2 2.2 1 4.6000000000000005 0.8 0 0 1.8 0 0.2 0 3.8000000000000003 0 8.4 0 2.2 3.6 0 0 0 0 0.8 2.2 0.2 7.800000000000001 4 0 0 0 0 0 2.2 0 0 1.2000000000000002 0 0 0 0 0 0 0 0 0 0 0 0 0 0 0 0 0 0 0 0 0 0 0 0 0 0 0 0 0 0 0 1.8 0 0 0 0 0 0.8 9.600000000000001 0.2 0.2 0 2.4000000000000004 0.6000000000000001 0 0 0 0 0 0.2 0 0 0 2.6 0.6000000000000001 0 0 0 0 0 0 0 0 0 0 0 0 0 0 2.2 0 0 0 0 0 0 0 0 0 0 0 0 
 6.800000000000001 23.6 6.4 5.6000000000000005 18.400000000000002 0 8 26 26.6 44 17.8 13.600000000000001 7.6000000000000005 5.6000000000000005 12.4 27 15 28.200000000000003 6.2 16 15 15.4 0 1 0.4 0.8 0 0.2 15.4 15 0.6000000000000001 1 26.6 15.200000000000001 13.600000000000001 14.8 24.400000000000002 0.8 14.8 0.6000000000000001 0 0.8 1 0 3.2 0 0.4 2.8000000000000003 2.6 0 0 0 0 0 3.4000000000000004 0.4 3 0 0 0.4 0 10.200000000000001 0 0 0 0 0 0 0.4 0.8 0.6000000000000001 0.2 0 0.6000000000000001 0 0.4 0 0.4 0 0 0.2 0.2 3.8000000000000003 1.8 6 5.2 0 0 2.6 4 0 6.6000000000000005 0 0 0 5.2 0 2.4000000000000004 0.4 0 2.2 5.6000000000000005 0 0.4 0 0 2.8000000000000003 0.2 0 0 0 15.8 8.4 3.8000000000000003 14 4 4.800000000000001 0.2 4.4 0.2 0 0 0 0 0 0 0 0 0 0.4 0 0 0 0 0 0 0 0 0 0 0 0 0 0 0 0 0 0.2 0 0 0 0 0 0.4 0 0 0 0 0 0 0 2.6 3 2.4000000000000004 1.2000000000000002 8.6 0 0 6 3 0 0 0 0 0 0 1 0 0.2 0 0 0.2 9.200000000000001 2 0 0 4.6000000000000005 4 0.4 3 0.2 0 4.4 0 2.4000000000000004 7.2 2.4000000000000004 0 1.6 0 0 0 0 0 0 0 0 0 0 0 0 0 0 0 0.2 0 0 0 0 0 0 0 0 0 0 0 0 0 0 0 0 0 0 0 0 0 0 0 0 0.2 0 0.4 2.2 0 0 1 0 0 17.6 0.6000000000000001 0 0.8 0 0.2 0 0 0 0.2 0 0 0 0 0 0 0 0 0 0 0 0 0 0 0 0 2 0 0 0 0 0 0 0 0 0 0 0 2.2 0 0 0 
 38.400000000000006 17.8 11.8 43.2 45 8 0 19.400000000000002 56.6 52.400000000000006 72 51.2 31 66.8 41.6 26 24.8 7.6000000000000005 28.400000000000002 43.6 0 0.8 0.6000000000000001 0.6000000000000001 15.600000000000001 0.8 0 0.2 0.6000000000000001 0.4 0 0.8 0.6000000000000001 0.4 0.4 0 0 0 0 0.4 0 0.4 1 0 0.4 0.4 0 0.2 0 0 0 0.4 0 0 0.6000000000000001 0.6000000000000001 0 0 0.4 0.6000000000000001 0 0 0 1.4000000000000001 0.6000000000000001 0 0.4 0.4 0.4 1.2000000000000002 0.6000000000000001 0.2 0 6.6000000000000005 0 0.4 0 0.4 0 0 7.800000000000001 0.2 14.600000000000001 2.6 2.2 0.2 0 0 14.200000000000001 7 3 2.4000000000000004 2 0.6000000000000001 4 2.4000000000000004 0.2 4 0 0 0 0 0 0 0.2 0 0.2 0 0 0 0 0 0 0 0 0 0 0 2 2.2 0 0 0 0 0 0 0 0 0 0 0 0 0 0 0 0 0 0 0 0 0 0 0 0 0 0 0 0 0 0 4 0 0 0 0 0 0 0 0.8 0 5.6000000000000005 1.4000000000000001 6.2 3.4000000000000004 5.4 0 5.2 4.4 3.2 4.6000000000000005 8.4 1.4000000000000001 0 0 2 14.4 4.800000000000001 3.6 0 0.2 0 0 0 0 0 0 0 0 0 0 0 0 0 0 0 0 0 0 2.6 0 0 0.4 0 0 0 0 0 1.8 0 0 0 0 0 0 0 0 0 0 0 0.4 0 0 0 0 0 0 0 0 0 0 0 0 0 0 0 0 0 0 0 0 0 0 0 0 0 0 18.2 0 0.4 18.2 2.4000000000000004 1.2000000000000002 0 0 0 0 0 0 0 0 0 0 2 0 0 0 0 0 0 0 0 0 9.200000000000001 0 0 1.4000000000000001 0 0 0 0 0 0 0 0 0 0 0 0 0 0 
 9.8 17 25.400000000000002 73.4 17.2 26 19.400000000000002 0 20.6 8.8 7.6000000000000005 23.6 57.800000000000004 31.8 13.8 27.200000000000003 43.800000000000004 24.200000000000003 25.400000000000002 26.8 0 0.4 0 1.2000000000000002 0 0.6000000000000001 0 0 0 0 0 1.4000000000000001 1 0.4 0.6000000000000001 0 0 0 0 0.2 0 0.6000000000000001 1 0 0.4 0 0 0.2 0 0.6000000000000001 0.6000000000000001 0.6000000000000001 0.4 0 0.6000000000000001 0.2 0 0 0 0 0 0 0 3.2 0.4 0 0 0 0.4 0.6000000000000001 1 0.2 0 1 0.6000000000000001 0.4 0 0.4 9.200000000000001 0 4.6000000000000005 2.6 4 6.6000000000000005 3.6 3 1.8 7.6000000000000005 0 3.4000000000000004 0 3.4000000000000004 2 2.8000000000000003 3.4000000000000004 8.200000000000001 1 5.6000000000000005 0 0 0 0 0 0 0 0 0 0 0 0 0 0 0 0 0 0 0 0 8.4 0 0 0 0 0 0 0 0 0 0 0 0 0 0 0 0 0 0 0 0 0 0 0 0 0 0 0 0 0 0 0 1 2.6 0 0 0 0 0 0 0 0 6.6000000000000005 3 9.4 12 4.800000000000001 0 0.6000000000000001 5 2.2 5.800000000000001 0.4 2 6.2 2.4000000000000004 0 3.6 0 0 2.8000000000000003 0 0 0 0 0 0 0 0 0 0.4 0 0.4 0 6.6000000000000005 0 0 0 0 0 2 0 0 0 0 0 0 0 0 0 0 0 0 0 0 0 0 0 0 0 0 0 0 0 0 0 0 0 0 0 0 0 0 0 0 0 0 0 0 0 0 0.6000000000000001 0 0 0 0 0 0.4 0.4 0 0.4 0.4 0 2.2 0 0 0 0 0 0 0 0 0 0 0 0 0 0 0 0 0 0 0 0 0 0 0 0 0.4 0 0 0 0 0 0 0 0 0 0 0 0 0 
 5.800000000000001 54.2 84.4 52.800000000000004 26.400000000000002 26.6 56.6 20.6 0 69.2 10.600000000000001 7.6000000000000005 12.8 45 53 63.6 69.2 26.6 19 77 0.6000000000000001 0.4 0.4 0.6000000000000001 0.4 0.4 0 0 0 0 0.2 0.6000000000000001 15.200000000000001 0.4 0.4 0.4 0.4 0 0 0 0.2 0 0.6000000000000001 0 0.4 0 1.6 0.2 0 0.2 0 0 0 0 1.2000000000000002 0.6000000000000001 0.2 0 0.8 0 0 0 0 0 0 0 0 4.800000000000001 0.4 0.6000000000000001 0.6000000000000001 0.2 0 0.6000000000000001 0.6000000000000001 0.4 0 0.4 0 0 0 3 7 4.4 0 0 3.4000000000000004 0 6 6.800000000000001 10.600000000000001 0 5.2 5.2 5 2 0 2.2 0 0 2.4000000000000004 0 0 0 0 0 0 0 0 0 0 0 0 0 0 0 0 0 0 2 0 0 0 0 0 0 0 0 0 0 0 0 0 0 0 0 0 0 0 0 0 0 0 0 0 0 0 0 0 0 0 0 0 0 3.4000000000000004 0 0 0 0 0 1.6 0 0.6000000000000001 5.800000000000001 0 0 6.2 2 0.2 7.2 3.2 0 0 0 5 5.6000000000000005 7.6000000000000005 6.4 5.800000000000001 4.800000000000001 0 0 0 0 0 0 0 0 0 0 0 0 0 0 2.8000000000000003 0 0 0 0 5.800000000000001 0 0 0 0 0 0 0 0 0 0 0 0 0 0 0 0 0 0 0 0 0 0 0 0 0 0 0 0 0 0 0 0 0 0 0 0 0 1.8 0 0 0 0 0 0 0 0 4.2 0.4 0.4 33.6 0 0.6000000000000001 0 0 0 0 0 0 0.2 0 0 0 2.2 0 0 0 0 0 0 0 0.2 0 0 0 0 2 0 0 0 0 0 0 0 0 0 0 0 0 0 0 
 11.4 9.8 28.200000000000003 32.800000000000004 15.4 44 52.400000000000006 8.8 69.2 0 77.80000000000001 7.6000000000000005 53 78.2 53 54 24.400000000000002 26.8 22.8 38.800000000000004 14.600000000000001 0.4 0.2 1 0 0.4 0 0 0 0 0 0.4 16 7.4 0.4 0 0 0 27.8 15.4 0 0 1.6 0 0.4 0 0 0.2 0 0 0 0 0 0 0.6000000000000001 0.4 0 0 0 0 0 0 0 0 0.4 0 0 0 0.4 0.6000000000000001 0.6000000000000001 0.2 0 0.6000000000000001 0 0.4 0 0.4 0 0 0 0 7.2 7.2 0.2 4.4 0 0 0.2 9.4 8.6 0 0 14 2.8000000000000003 5.2 0 8.200000000000001 0 0.4 4.4 4 0 0 0 0 2.2 2 0 0 0 0 0 0 0 0 0 0 0.6000000000000001 2 0 0 0 0 0 0 0 0.2 0 0 0 0 0.4 2.2 0 0 0 0.6000000000000001 0 0 0 0 0 0 0 0 2 0 0.2 0 0 0 0 0 0 0 0 0 0 0 0.6000000000000001 2.6 9.200000000000001 6 0 6.6000000000000005 0 0 4.4 4.6000000000000005 2.6 4.6000000000000005 0 0.2 0 0 5.6000000000000005 0 0 2.2 5.4 0 0 0 0 0 0 0 0 0 0 0 8 0 0 0 0 0 7.4 6.2 0 0 0 0 0 0 0 0.4 0 0 0.4 0 0 0 0 0 0 0 0 0 0 0 0 0 0 0 0 0 0 0 0 0 0 0.4 0 0 3.2 0 0 0 0 3.2 0 0 0 0.2 0.2 0 0.4 17.8 0 1.2000000000000002 2.2 0.2 0 0 0 0 0 0 0.4 0 0 0 0 0 0 0 0 0 0 0 0 0 0 0 0 0 0 0 0 0 0 0 0 0 0 0 0 0 
 16.6 26.6 7.800000000000001 39 36.6 17.8 72 7.6000000000000005 10.600000000000001 77.80000000000001 0 75.2 15 25.200000000000003 73.2 18 19.400000000000002 12.200000000000001 7.6000000000000005 51.2 15.8 0.8 0 0.6000000000000001 0 0.8 0 0 0 0 0 0.6000000000000001 1 5.800000000000001 10.600000000000001 0 0.4 0 31.400000000000002 15 0 0 1.2000000000000002 0 0.6000000000000001 0.4 0 0 0 0.2 0 0.2 0.2 0 5.2 0.2 0 0 0 0 0 0 0 0 1 0 0 0 0.4 0.6000000000000001 0.6000000000000001 0 0 0.6000000000000001 0 10.600000000000001 0 0.4 0 0 2.4000000000000004 0 2.4000000000000004 0 2.4000000000000004 3.4000000000000004 0 0 3 5.4 4.4 9.200000000000001 0 0.4 0 0 2.4000000000000004 0 0 0 0 1.6 2.6 0 0 0 2.8000000000000003 2 0 0 0 0 0 2.6 0 0 0 0 4.6000000000000005 1.8 0 0 0 0 0 0 0 0.2 0 0 0 0 0 0 0 0 0 0 0 0 0 0 0 0 0 0 0 0 0.2 0 0.8 0 0 0 0 0 0 0 0 0 1.4000000000000001 0 0.2 0.2 3.4000000000000004 5 3.4000000000000004 4.2 4.800000000000001 4.800000000000001 7.2 0 0 0 7 4.4 6.6000000000000005 4.4 0 0 4.4 0 0 0 0 0 1.6 0 0 0 0 0 1.6 0 2 0 0 0 5.2 2.2 0 2.4000000000000004 0 0 0 0 0 0 0 0 0 0 0 0 0 0 0 0 0 0 0 0 0 4 0 0 0 0 0 0 0 0 0.2 0.4 0 0 0 0 0 0 0 0.4 0 0 0 0.2 0.2 0.4 0.4 0 2.2 0.4 0.4 0 0 0 0 0 0.4 0 0 0 0 0 0 0 0 0 0 0 0 0 0 0 0 0 0 0 0 0 0 0 0 0 0 0 0 0 0 0 
 11.8 6.2 7.4 15.4 24.6 13.600000000000001 51.2 23.6 7.6000000000000005 7.6000000000000005 75.2 0 6.4 27.8 33 54.400000000000006 14.200000000000001 34.4 5.6000000000000005 6.6000000000000005 0 0.4 0 0.8 0 0.4 0 15.8 14.8 0 0 0.4 1 7.4 1.8 5.800000000000001 0 0 14.8 15 0 0 1.8 0 0.8 10.4 0 0.2 0 0 0 0 0 14 0.8 0.4 0 0 0 0 0 0 0 0.8 0 0 0 0 0.6000000000000001 0.6000000000000001 0.6000000000000001 0.4 0 0.6000000000000001 0 0.4 0 0.4 0 0 0 0.6000000000000001 2.4000000000000004 2 16.8 2.6 0.2 0 6.2 2.2 4.800000000000001 0 0 0.4 0.2 0.2 2.4000000000000004 2.2 0 0 0 7.6000000000000005 3.2 2 0 0 6.2 4 0 0 0 0 2 7 0.4 0.4 0 0 8.200000000000001 5.6000000000000005 0 0 0 0 0 0 0 0 0 0 0 0.4 0 0 0 0 0 0 0.6000000000000001 0 0 0 2.8000000000000003 0 0 0 0 0 0 0 0.8 0 0 0 0 0 0 0 0 0 1.4000000000000001 1.8 0 1.4000000000000001 5.4 3.6 3.6 2.2 0 6.4 7.800000000000001 1.2000000000000002 0 0 0.2 3 0 5.4 0 0 8.6 0 0 0 0 0 6.2 0.2 0.4 0 0 0 2 0.2 2.4000000000000004 5.4 0 0.4 3.2 2 0.4 0 0 0 0 0 0 0 0 0 0 0 0 0 0 0 0 0 0 0 0 0 0 0 0 0 0 0 0 0 0.4 0 0 0 0 0 0 0 0 0 0 0.2 0 0 0 0.4 0.2 0.4 17.6 0 0 1.4000000000000001 0 0 0 0 0 0 0 0 14.8 0 0 0.4 0 0.2 0.4 0 0 0 0 0 0 0.2 0 0 0.6000000000000001 0 0 0 0 0 0 0 0 0 0 0 0 2.6 
 10.600000000000001 4.6000000000000005 58.800000000000004 10.8 14.200000000000001 7.6000000000000005 31 57.800000000000004 12.8 53 15 6.4 0 9 25.8 18.400000000000002 26.400000000000002 5.2 34.6 85.80000000000001 0 0.4 0 0.6000000000000001 0.2 0.4 0 0 0 0 0 0.6000000000000001 1 0.4 0.4 0 0 0 0 0 0 0 0.6000000000000001 0 0.4 0 0 0.2 0 0 0 0 0 0 0.6000000000000001 2.2 0.6000000000000001 0 0 0 0 0 0 0 0 0.6000000000000001 0 0 0.4 0.6000000000000001 1.2000000000000002 7.4 0 2.2 0 0.4 0 0.4 0 0 4.6000000000000005 1.4000000000000001 0 0 0 0 0 3 0 0 0 0 2.4000000000000004 0 0 0 2 0 6.4 0.2 0 0 0 0 0 0 0 0 0 0 0 0 0 0 0 0 0 0 0 0 0 0 0 0 0 0 0 0.2 0 0 0 0 0 1 0 0 0 0 0 0 0 0 0 0 0 0 0 0 0.2 0 0 0 0 0 0 0 0 0 0 0 3 4.800000000000001 0 0 0 0 0 0 0 0 0 0 5.800000000000001 3.6 0 0 0 0 7.4 0.2 0 0 0 0 0 4 0.2 0 0 0 0 0 0 0 0 0 0 0 0 2 0 0 0 0 0 0 0 0.2 0 0 0 0 0 0 0 0 0 0 0 0 0 0 0 0 0 0 0 0 0 0 0 0 0.2 0.4 0 0 0 0 2 0 0 0 0 0 0 0.2 0.4 0 0.4 0 0 0.4 0 0 0 0 0 0 0 0 0 0 0 0 0 0 0 0 0 0 0 0 0 0 0 0 0 0 0 0 0 0 0 0 0 0 0 0 0 0 
 47.6 38.400000000000006 38 77.80000000000001 13.200000000000001 5.6000000000000005 66.8 31.8 45 78.2 25.200000000000003 27.8 9 0 68.8 54.2 43.800000000000004 27 14 16 0 0.4 0 0.6000000000000001 0 0.4 0 0 0 0 0.4 0.8 0.6000000000000001 0.4 0.4 0 0 0 0 0 0 0 0.6000000000000001 0 0.4 0 8.200000000000001 0.4 0 0 0 0.4 0 0 0.6000000000000001 0.4 0 0 0 6.2 0 0 0 1.6 0 0.2 0 0 0.6000000000000001 0.6000000000000001 10.8 0.6000000000000001 0 0.6000000000000001 0 0.4 0 0.4 0 0 0.4 6.6000000000000005 2 3.2 3 0 3.6 0 11.200000000000001 0.6000000000000001 5.4 0 2.8000000000000003 2.2 11.600000000000001 0.6000000000000001 3 2.4000000000000004 6 4.6000000000000005 0.2 0 0 0 0 0 0 0 0 0 0 0 0 0 0 0 0.6000000000000001 0 2.4000000000000004 13.8 0 0 0 0 0 0 0 0.4 0 0 0 0 0.2 0 0 0 0 0 0 0 0 0 0 0 0 0 0 0 0.4 0 0.6000000000000001 0 0 0 0 0 0 0 0 0 3.2 0 7.2 3.6 2.4000000000000004 0 3.6 0.6000000000000001 2.2 2 8.200000000000001 1.4000000000000001 0 0 2.2 3.2 6 5.4 0 0 0 0 0 0 0 0 0.4 0 0 0 0 0 2.2 0 0 0 0 0 0 4.2 0 0 0 0 0 0 0 0.2 0 0 0.2 0 0 0 0 0 0 0 0 0 0 0 0 0 0 0 0 0 0 0 0 0 0 8.200000000000001 0 0 0 0 0 0 0 0 0 0 0 0.4 27.400000000000002 0 0 18.6 0 2.8000000000000003 0 0.4 0 0 0 0 0 0 0.2 0 1.8 0 0 0 0 0 0 0 0 0 0 0 0 0 0 0 0 0 0 0 0 0 0 0 0 0 0 0 
 34.2 79.4 35 53.800000000000004 32.4 12.4 41.6 13.8 53 53 73.2 33 25.8 68.8 0 38.2 45.6 23.200000000000003 82 60.6 0 0.4 0 0.6000000000000001 0 0.4 0 0 0 0 0.2 0.8 0.8 0.6000000000000001 0.6000000000000001 0 0 0 0 0.4 0 0 0.6000000000000001 0 0.4 0 0 0 0 0 0 0.2 0 0 0.6000000000000001 0.4 0 0 0 0 0 0 0 1.2000000000000002 0.8 0 0 0 0.4 0.6000000000000001 0.6000000000000001 0 0 0.6000000000000001 0 0.6000000000000001 7.800000000000001 0.4 0 0 0 2.6 6.4 4.4 5.4 0 0 0 4.2 10.8 9.8 0.4 0 2.2 7.4 5 1.2000000000000002 3.2 0 0.2 5.6000000000000005 0 0 1.8 0 0 0 0 0 0 0 2.2 0 0 0 0 0 0 5 0 0 0 0 0 0 0 0 0 0 0 0 0 0 0 0 0 0 0 0 0 0 0 8.200000000000001 0 2.6 0 0 0 0 0 2 0 0 0 0 0 0 0 0 0 2.2 8 2.4000000000000004 8 12.600000000000001 0 6.2 2 0.4 6.800000000000001 4.800000000000001 4 0 0 0 5.6000000000000005 1.2000000000000002 0 0 2.6 0 0 0 0 0 0.2 0 0 0 0 0 0 3.6 0 0 0.6000000000000001 0 0 0.2 2.4000000000000004 0 0 0 0 0 0 0 0 0 0 0 0 0 0 0 0 0 0 0 0.2 0 0 0 0 0 0 0 0 0 0 0 0 0 0 0 0 0 0.4 0 0 0 0 0 0 0 1 0.4 0 0.8 1.2000000000000002 0.2 2.6 0 0 0 0 0 0 0 0 0 0 0 0 0 0 0 0 0 0 0 0 0 0 0 0.2 0 0 0 0 0 0 0 0 0 0 0 0 0 0 
 6.4 27.400000000000002 96.60000000000001 30 72 27 26 27.200000000000003 63.6 54 18 54.400000000000006 18.400000000000002 54.2 38.2 0 34.800000000000004 23 23.400000000000002 13.8 0.4 0.4 0 0.6000000000000001 0.2 0.8 0 0 0 0 0 0.8 3.4000000000000004 0.6000000000000001 0.2 0 0 0 15 0 0 0 0.6000000000000001 0 0.4 0 0.2 0 0 0 0 0.2 0 6.800000000000001 0.6000000000000001 0.4 0 0 0 0 0 0 0.6000000000000001 0.6000000000000001 0 0 0 0 0.4 0.6000000000000001 0.6000000000000001 10.4 0 0.6000000000000001 0 0.4 0 0.4 0 0 0.2 2.8000000000000003 4.2 9 3.2 0 4 0 12 3.6 12.600000000000001 4 2.8000000000000003 3.8000000000000003 4 2.6 3 4.6000000000000005 0 4.4 4.6000000000000005 0.4 0 0 0 0 0 0 0 0 0 0 0 0 0 0 0 0 2.6 0 0 0 0 0 0 0 0 0 0 0.4 0 0 0 0 0 0 0 0 0 0 0 3 0 0 0 0 0 0 0 0 0 0 0 0 0 0 0.2 0 0 4.800000000000001 9.200000000000001 2 0.6000000000000001 5.4 2 0.2 4.2 1.8 0 4.6000000000000005 7.6000000000000005 0.4 0 0 1 7.800000000000001 2.2 3.4000000000000004 0.2 6.6000000000000005 2.4000000000000004 0 0 0 0 3.2 0 0 0 0 0 0.2 0 0 0.4 0 0 0 3.4000000000000004 3.2 0 0 0 0 0 0.4 0 0 2.4000000000000004 0 0 0 0 0.2 0 0 0 0 0 0 0 0 0 0 0 0 0 0 0 0 0 0 0 0 0 0 0 0 0 0 0 0.4 0 0 0 0.8 10.200000000000001 0 0.8 0.2 0 0.4 0 0 0 0 0 0 0 0 19.400000000000002 0 2.2 0 0 0.4 0 0 0 0 0 0 0 0 0 0 0 0 0 0 0 0 0 0 0 0 0 0 0 0 
 24 19.6 46.400000000000006 23.200000000000003 50.2 15 24.8 43.800000000000004 69.2 24.400000000000002 19.400000000000002 14.200000000000001 26.400000000000002 43.800000000000004 45.6 34.800000000000004 0 30.6 6 10.200000000000001 0.6000000000000001 0.4 0.4 0.6000000000000001 0 0.4 0 0.6000000000000001 0 0.4 0.6000000000000001 1.2000000000000002 0.6000000000000001 0.4 0.4 0.4 0 0 0.2 0 0 0.4 1 0 0.4 0.8 0.6000000000000001 0.2 0 0.4 0.2 0 0 0 1 5.2 0.4 0 0.6000000000000001 0 0 0 0 7.2 0 0 0 0 0.6000000000000001 1 0.6000000000000001 0.2 0 0.6000000000000001 0 0.4 0 0.4 0.6000000000000001 5.4 0 2.6 0 5.800000000000001 3.6 2.8000000000000003 0 3.8000000000000003 3.2 0.2 0 3.2 0 0 4 3.2 2 7.4 4.2 2.2 0 0 0 0 0 0 0 0 0 0 0 0 0 0 0 0 0 0 0 2 0 0 0 0 0 0 0 0 2.4000000000000004 0 0 0 0 0 0 0 0 0 0 0 0 0 0 0.4 0 0 0 0 0 0.4 0.4 0.2 0 0 0 0 0 0 0 0 0 6.2 2.8000000000000003 6 2.8000000000000003 0 0.4 0 2.2 5.6000000000000005 1.8 1 0.2 0 0 0 3.8000000000000003 5.6000000000000005 2.6 0 0 0 0 0 0 0 0 0 0 0 0 0 4.800000000000001 0 0 0 0 0 10.200000000000001 0 0 0 0 0 0 0 0 0 0 0 0 0 0 0 0 0 0 0 0 0 0 0 0 0 0 0 0 0 0 0 0 0 0 0 0 0 0.4 0.2 0 0 0 0 0 0 0 0 19 0.2 0.2 0.2 0 1.6 0 0 0 0 0 0 0 0 0 0 3.2 0 0 0 0 0 0 0 0 0 0 0.4 0 0 3 0 0 0 0 0 0 0 0 0 0 0 0 0 
 5 41 49.2 36.6 25 28.200000000000003 7.6000000000000005 24.200000000000003 26.6 26.8 12.200000000000001 34.4 5.2 27 23.200000000000003 23 30.6 0 48.800000000000004 49 0 0.4 0 0.6000000000000001 0 0.4 0 0 0 0 0 1.2000000000000002 1.2000000000000002 0.4 15.4 0 0 0.4 7.2 12.200000000000001 0 0 0.6000000000000001 0 0.4 0 0.4 0.2 0 0 0 0 0 0 0.6000000000000001 0 1 0 0 0 0 0 0 0 0 0 0 0 0.4 0.6000000000000001 0.8 0.2 7.2 0.6000000000000001 0 0.4 0 0.4 0 0 0 7.2 0 4.2 3.4000000000000004 2.6 0.6000000000000001 4.4 10 0.8 0 3.2 3 8.6 0.6000000000000001 2.8000000000000003 0 4.6000000000000005 3.2 3.6 0 0 0 0 0 5.4 6.4 0 0 0 2.6 0 1.6 0 0 0 0 0 7.4 0.2 0 0 0 0 0 0 0 0 0 0 0 0 0 0 0 0 0 0 0 0 0 0 0 0 0 0 0 0 0 0 0 0 0 0 0 0.2 0.4 0 0 0 0 4.6000000000000005 1.8 3.8000000000000003 1.8 2.2 0 5 2.8000000000000003 4.4 0.2 5 0 0 2.2 0 0 2.6 4.2 0.2 0 0 0.2 0 0 0 2.2 3 0 0 0 0.4 6.4 0 0 0 0 0 6 0 0 0 0 0 0 0 0 0 0 0 0 0 7 0 0 0 0 0 0 0 0 0 0 0 0 0 0 0 0 0 0 0 0.8 0 0 0 0 0 0 0 0 0 0.2 0 0 0 17.400000000000002 0.2 0.8 0 0 1 0 0 0.4 0 0 0 0 0 0 0 2.8000000000000003 0 0 0 0 0.2 0 0 0 0 0 0 0.4 0 4.6000000000000005 0 0 0 0 0 0 0 0 0 0 0 0 0 
 25 4.6000000000000005 71.8 11.600000000000001 59.2 6.2 28.400000000000002 25.400000000000002 19 22.8 7.6000000000000005 5.6000000000000005 34.6 14 82 23.400000000000002 6 48.800000000000004 0 56 0 0.4 0.4 0.6000000000000001 0 0.4 0 0 0 0 0 0.8 0.6000000000000001 0.4 0.4 0 0 0 0 0.4 0 0 0.6000000000000001 0 0.4 0 0 0.2 0 0 0 0 0 0 0.6000000000000001 14.4 0 0 0 0 0.4 0 0 0 0 0 0 0 0.4 0.6000000000000001 0.6000000000000001 0.2 0 1.6 0 0.4 0 0.4 0 0 3.8000000000000003 0 3.8000000000000003 5.2 0 0 2.6 0.2 0 0.2 4.2 0 1.8 2.6 0 4.4 12.8 1 5.6000000000000005 6.4 0.2 0 0 0 0 0 0 0.4 0 0.2 0 0 0 0 0 0 0 0 0 0 0 0 0 0 0 0 0 0 0 0 0 0 0 0 0 0 0 0 0 0 0.4 0 0 1.4000000000000001 0 0 0.4 0 0 0 0 0 0 0 0 0 0 0 0 0 1.6 0.6000000000000001 0.2 3.8000000000000003 0 0 0.8 2.4000000000000004 0 0 1.8 0 0 2.8000000000000003 3 4 2 0 6.800000000000001 4.6000000000000005 0 0 0 0 0 0 0 0 0 0 0 0 0 0 0 0 0 0 0 0 0 0 0 0 0 0 0 0 0 0 0.2 0 0 0 0 0 0 0 0 0 0 0 0 0 0 0 0 0 0 0 0 0 0 0 0 0 0 0 0 0 0 0 0 0 0 0 0 0 0.4 0 0.4 1.4000000000000001 0 0 0 0 0 0 0 0 0 0 0 0 0 0 0 0 0 0.4 0 0 0 0 0 0 0 0 0 0 0 0 0 0 0 0 0 0 0 0 
 47.2 9.200000000000001 9 13.4 31.200000000000003 16 43.6 26.8 77 38.800000000000004 51.2 6.6000000000000005 85.80000000000001 16 60.6 13.8 10.200000000000001 49 56 0 0 0.4 0 0.6000000000000001 0 0.4 0.2 0.2 0 0 0 0.6000000000000001 0.6000000000000001 0.4 0.4 0 0 0.2 0 0 0 0 0.6000000000000001 0 0.4 0 0 0.2 0 0 0 0 0 0 0.6000000000000001 0 0 0 0 0.6000000000000001 0 0 0 0.6000000000000001 0 0 0.4 0 0.8 0.6000000000000001 0.6000000000000001 0.4 10.8 2 0.2 1.2000000000000002 1.6 1.2000000000000002 0.8 0.8 2.8000000000000003 0 5.800000000000001 7.2 0 0 4 0 0 0 3.8000000000000003 0 2.4000000000000004 4 0 0 4.800000000000001 2.2 4 5.800000000000001 0 0 0 0 0 0 0 0 0 0 0 0 1.2000000000000002 0 0 0 0 0 0 0 0 0 0 0 0 0 0 0 0 0 0 0 0 0 0 0 0 3.8000000000000003 1.8 0 0 0 0 0.2 0 0 0 0 0 0 0 0 0 0 0 0 0 0 0 0 3.2 0.6000000000000001 0 9.200000000000001 0 0 0.8 0 0.8 2.4000000000000004 4 0 1.2000000000000002 4.6000000000000005 0 2.4000000000000004 1.6 0 3.2 6.4 0.2 0 0 0 0 0 0 0 0 0 0 0 0 0 0 0 0 0 0 0 0 0.4 0 0 0 0 0 0 0 0 0 0 0 0 0 0 0 0 0 0 0 0 0 3.6 0.2 0 0 0 0 0 0 0 0 0 0 0 0 0 0 0 0 0 0 0 0 0.6000000000000001 0 0.4 0.6000000000000001 0 0.2 1.6 0 0 0 0 0 0 0 0 0 0 0 0 0 0 0 0 0 0 0 0 0 0 0 0 0 0 0 0 0 0 0 0 0 0 0 0 0 0 
 0.2 0 0 0 0.2 15 0 0 0.6000000000000001 14.600000000000001 15.8 0 0 0 0 0.4 0.6000000000000001 0 0 0 0 22.200000000000003 29.8 10.200000000000001 4.2 53.6 46.2 30.6 68.2 43.400000000000006 20.6 9.4 59.800000000000004 68.60000000000001 60.400000000000006 5.800000000000001 11.4 36.800000000000004 11.8 24.8 0.2 0.4 0 0 0 0 0.8 0 0 0 0 1.2000000000000002 0 0.6000000000000001 1.6 0.4 0 0 0 1.2000000000000002 0 0 0.6000000000000001 0 2.8000000000000003 0 0 0.6000000000000001 0 0 0 0 0 0 0 0 0.6000000000000001 0 0.2 2.2 0 0.2 0 0 0 7 0 0 0 0 0 3.2 0.4 0 0 0 0 0 0 0 8.4 0 4.4 1.4000000000000001 0 0 4.800000000000001 7.2 3.6 3.4000000000000004 4.4 0 0 4 4.4 4.800000000000001 0 0.4 0 0 0 0 0 0 0 0 0 0 0 0 0 6.6000000000000005 2.4000000000000004 0 0 0 0 0 0 0 0 0 0 0 0 0 0 0 0 0 0 0 0 4.2 0 0 0 0 0 0 0 0 0 0 2 2.2 0 0 0 0 0 0 0 1.4000000000000001 0.4 0 3 0 0 0 0 6.6000000000000005 9.4 2.6 0 0 0 9.600000000000001 7.6000000000000005 0 0 1.4000000000000001 5.2 4 4 0 1.6 7.800000000000001 0 2.4000000000000004 0 0 0 0 0 0 0.6000000000000001 0 0 0 0 0 0 0 0 0 0 0 0 0 0 0 0 0 0 0 0 0 0 0 0 2.4000000000000004 0 0 0 0 0 0 0 0 0 0 0 0 0 0 0 0 0 0 0 0 3.2 0 2.2 0.4 0 0.4 0.2 0.4 3.8000000000000003 1.6 0 0 0 0 0 0 0 0 0 0 0 0 0 0 0 0 0 0 0 2 0 0.2 0 0 0 0 0 0 
 0.4 0.4 0.4 0.4 0.8 15.4 0.8 0.4 0.4 0.4 0.8 0.4 0.4 0.4 0.4 0.4 0.4 0.4 0.4 0.4 22.200000000000003 0 52.6 72.4 7.800000000000001 48.400000000000006 57.400000000000006 58 32 42.6 52.2 48.6 8.200000000000001 24.200000000000003 74.2 12 47 23.400000000000002 9.200000000000001 10 0.2 0.4 0.4 0 0 0 1 0 0 0 0 1 12.4 0.8 13 0.4 0 0 0 0 0 0 0.6000000000000001 0 0.6000000000000001 0 0 0.2 0 0 0 0 0 0 0 0 0.6000000000000001 0 0.6000000000000001 0 0 0 0.2 0 0 0.4 0 0 0 0 0 0 0 0 0 0 0 0 0 0 2.8000000000000003 2.2 2.4000000000000004 5.800000000000001 2.8000000000000003 3.2 4.2 3 6.2 0 5.4 3.2 2.4000000000000004 4.6000000000000005 6.4 6.4 0.2 0 0 0 2.8000000000000003 0 3.8000000000000003 0 0 0 0 0.2 0.4 2.2 0 0 3.6 0 0 0 1.8 0 3.8000000000000003 0.4 0 0 0 0 0 0 0 0 0 0 0.4 3.8000000000000003 0 0 0.4 0 0 0 0 0 0 0 0 2.8000000000000003 0 0 0 0 0 0.2 0 0 0 1 0 0 0 0 0 0 0 6.800000000000001 5.4 6 0 2.4000000000000004 2.4000000000000004 6.6000000000000005 0.6000000000000001 0 7.2 3.2 1.8 10.600000000000001 8 16.2 0.2 3.8000000000000003 0 0 0 0 1.8 0 0 0 0 0 0 0 0 0 0 0 0 0 0 0 5.4 3.2 0 4 0.2 0 0 0 0 0 0 0 0 0 0 0 0 0 0 0 0 0 0 0 0 0 0 0 0 0 0 0 0 0 0 0 4.800000000000001 0 0.2 16.400000000000002 0.2 0.4 2.4000000000000004 0 0 9.600000000000001 0 0 0 0 0 0 0 0.2 0 0 0 0 0 0.4 0 0 0 0.2 0 0 0 3.4000000000000004 2.6 0 0 0 
 0 0 0 0 0 0 0.6000000000000001 0 0.4 0.2 0 0 0 0 0 0 0.4 0 0.4 0 29.8 52.6 0 64 10.4 9.4 32.800000000000004 36.4 33.6 35.6 26 10.4 13 16.6 30.6 23.400000000000002 21.6 10.600000000000001 48 13.4 0.8 2.4000000000000004 0 0.4 0 0 0.8 21.400000000000002 0 0 1 1.2000000000000002 12.600000000000001 0.6000000000000001 0.6000000000000001 0.4 0 0 27.200000000000003 0 0 0 0.6000000000000001 0 0.6000000000000001 0 0 0.6000000000000001 4.6000000000000005 0 0.4 0 0 0 0 0 0.6000000000000001 0 0.4 0 0 0 0 0 0 0 0 0 0 0 0 0 0 0 0 0 0 0.6000000000000001 0.2 0 2.8000000000000003 0 0 2.2 0 0.2 0 3.6 13.4 4 4.4 2.2 0 3.2 0 3.6 8 2.6 0 0 1.8 0 3.6 0 0 0 3 7.4 0 0 0 0 3.4000000000000004 0 0 0 0 0 7.6000000000000005 4 0 0 0 0 0 0 0 0 0 0 0 0 0 0 0 0 0 1.2000000000000002 0 0 0 0 0 0 0 0 0 0 0 0 2.4000000000000004 0 0 1.6 0 0 0 0 0 0 0.4 2.4000000000000004 0 11.600000000000001 3.8000000000000003 5.2 0 0 2.2 4.4 2.2 5.6000000000000005 11.8 5.800000000000001 0 0.2 0.2 2 0 0 1.2000000000000002 0 4.6000000000000005 0.4 0 0.2 0 0 0 0 0 0 0 0.2 0 0 0.2 0 4 0 0 0 0 0 0 0 0.4 0 0 0 0 0 0 0 0 0 0 0 0 0 0 0 0 0 0 0 0 0 0 0 0 0 0 0 1 0.4 0.8 0.2 15.200000000000001 0.4 3.2 0 0 0 0 0 4 0 0 0 0 0 0 0 0 0 0 0 0 0.2 0 2.2 0 0 0 2.2 0 0 0 0 
 0.6000000000000001 0.6000000000000001 1 0.6000000000000001 1.6 1 0.6000000000000001 1.2000000000000002 0.6000000000000001 1 0.6000000000000001 0.8 0.6000000000000001 0.6000000000000001 0.6000000000000001 0.6000000000000001 0.6000000000000001 0.6000000000000001 0.6000000000000001 0.6000000000000001 10.200000000000001 72.4 64 0 59.800000000000004 49.400000000000006 35.6 18.2 60.800000000000004 12.8 18.8 41.6 31 13.200000000000001 15.200000000000001 67.8 19 7.4 31.200000000000003 13.8 13 0.4 0 0 0 0 13.4 6.2 0.2 0 0.6000000000000001 0.8 0 24.200000000000003 2.4000000000000004 0.2 0 0 12.600000000000001 19.8 0 0 0.6000000000000001 0 0.6000000000000001 0 0 1.8 0 0 0 0 1.4000000000000001 0 0.8 0 0.6000000000000001 0 0.4 0 0 0 0 0 0 0 0 0 0 0 0 0 0 0 0 0 0 0 0 0 0 1.6 0.2 0 2.8000000000000003 4.2 0 4.800000000000001 2.6 6.800000000000001 0 4.4 0.2 4.800000000000001 2.6 2 6.800000000000001 6 0 0.2 3.4000000000000004 1 3 0 0 0 0 0 0 0 0 0 6.4 0 0 3 0 3 4 20.400000000000002 0 0 0 0 0 0 4.800000000000001 0 0 3 0 0 0 0 0 0 0 0 0.2 0 0 0 0 0.4 0.2 1 0 0 0 0 0 0.6000000000000001 0 0 0 0 0 0 0.4 0 0 0 0 6.4 11.600000000000001 7.6000000000000005 0 0 0 2.6 4 11.8 0 2 0 2.2 4.2 2.2 0 0 5.4 4 0.2 0 0 0 0.2 1.2000000000000002 0 0 0 0 7 6 2 2.2 4.4 0 10.200000000000001 6.4 0 0 1.8 0 0 0 0 0 0 0 0 0 0 0.4 0.4 0 0 0 0 0 0 0 0.4 0 0 0 0 0 0 0 0 0 0 0 1 0 0.6000000000000001 0.6000000000000001 7.4 0 0.8 0 0 0 0 0 0 0 0 0 0 0 0 0 0 0 0 0 0 0 0 0 0 0 0 0.4 0 0 0 0 
 0 0 0 0 0.8 0.4 15.600000000000001 0 0.4 0 0 0 0.2 0 0 0.2 0 0 0 0 4.2 7.800000000000001 10.4 59.800000000000004 0 44 24.400000000000002 11.8 19.6 17.2 12.8 39 52.400000000000006 14 57 37.2 11.200000000000001 70.4 13.600000000000001 62.2 14.600000000000001 1 0.6000000000000001 0.2 0 0 0.6000000000000001 1.8 0 0.6000000000000001 1.4000000000000001 1.2000000000000002 13.4 13.200000000000001 12.8 0.4 0 0.4 13.600000000000001 13.600000000000001 0 0 1 0 0.6000000000000001 0 0 1.2000000000000002 0 0 0 0 0 0 0 0 0.6000000000000001 0 0 0 0 0 0 0 0 1.4000000000000001 0 0 0.4 0 0 0 0 0 0 1.6 0 0 0 0 0 1.8 6.2 0 5 3.4000000000000004 0 4.6000000000000005 0 7.6000000000000005 1 0 0 2 0 2 6 9.4 0 2 2 0 0 0 0 0 1.8 0 0 0 0.2 0 5 0.2 0.4 1.8 0 0 5.6000000000000005 9.600000000000001 0 0 0 0 0 0 0.6000000000000001 0 0 0 0 0 0 0 0.2 0 0 0 0 0.4 0 0 2 0.6000000000000001 0 3 0 0.2 0 0 0 1 0.2 0 0 0 0.2 0 1 0 0.2 1.8 0 6.2 10.600000000000001 5.6000000000000005 0 3.6 5.800000000000001 2.8000000000000003 4.800000000000001 8.200000000000001 0 2.4000000000000004 0.2 0.6000000000000001 5 2.6 0 1 3.2 5.4 0 0 0 0 0 0 0 0.4 0 0 9.4 4.6000000000000005 0 2.6 5 0 5.800000000000001 4 0 0 3 0 0 0 0 0 0 1.8 0 0 0 0 0 0 0 0 0 0 0 0 0 0 0 0.2 0 0 0 0.2 0 0 0 0 0.8 0.2 0.6000000000000001 2.6 9.600000000000001 0 0.4 0 0 0 0 0 0 0 0 0 0 0.2 0 0 0.6000000000000001 0 0 0 0 0 0 3.2 0 0 0 0 0 0 0 0 
 0.4 0 0.8 0.4 1.6 0.8 0.8 0.6000000000000001 0.4 0.4 0.8 0.4 0.4 0.4 0.4 0.8 0.4 0.4 0.4 0.4 53.6 48.400000000000006 9.4 49.400000000000006 44 0 8.200000000000001 9.4 17.8 67.60000000000001 14.8 39 7.800000000000001 10.8 26.200000000000003 15 19.400000000000002 42 7.6000000000000005 9.200000000000001 42.800000000000004 0.4 0.4 0 12.4 0 1 1.6 0 11.600000000000001 0 0.6000000000000001 39.6 3.2 0.6000000000000001 0 0 0 14.200000000000001 0.4 1.6 0 2.2 0.4 0.6000000000000001 0.4 0 9.8 0 0 0 0.6000000000000001 0 0 5.6000000000000005 0 0.6000000000000001 0 0.4 0.2 0 0 0 2.8000000000000003 0 0 0 0 0 0 0 0 0 0 0 0 0 0 0 0 0 0 0 6.4 3.4000000000000004 2.2 0 0 2.8000000000000003 0.8 3.4000000000000004 1.2000000000000002 0 0 6.6000000000000005 0 0 0 0 0 5 2 3.8000000000000003 2 0 0 6.2 3 0 3 0 0 8.6 3.6 0 5.6000000000000005 2.6 0 14.8 0 0 0 0 0 0 0 0 0 0 0 0 0 0 0 0 0 0.4 0 0 0 0 0 0 0 0 0 0 0 0.2 0 0 0 0 0 0 0 0 0 0 0 0 0 0 0 4.4 4 1.6 0 0 0.2 0.2 0.2 0 0 0 0.2 0 3.4000000000000004 0.2 0 2 5.800000000000001 6 1 0 0.2 2.4000000000000004 0 0 2 0 0 1.8 8 2.4000000000000004 2.6 8.8 0 2 3.6 0 0 0.6000000000000001 0.4 0 0 0 0 0 2.6 0 0 0 0 0.8 0 0 0 0 0 0 0 0 0 0 0 0 0 0.2 0 0 0 0 0.2 0.6000000000000001 1.8 0 0.8 20.6 5.800000000000001 1.2000000000000002 0 0 0 0 1.6 0 0 0 0 0 0 0 0 0 0 0 0 0 0.2 0 0 0 0 0 0 0 0 0 0 
 0 0 0 0.4 17.400000000000002 0 0 0 0 0 0 0 0 0 0 0 0 0 0 0.2 46.2 57.400000000000006 32.800000000000004 35.6 24.400000000000002 8.200000000000001 0 26.400000000000002 15.200000000000001 25.200000000000003 23.400000000000002 19.200000000000003 24.200000000000003 37.4 12.4 22.400000000000002 20.400000000000002 31 28 55.6 0.2 0.4 0 0 0.4 0 1 0 0 0 0 1.8 0.4 1 1 0.2 0 0.8 0 1 0 0 0.6000000000000001 0.4 1 0 0.2 0.6000000000000001 1 0.4 0 0 12.4 0 0 0 1 0 0.2 0 0 0 0 0 0.4 5.4 0 0 0 0 0.4 0 0 0 0 0 0 0 0 0 5.4 3.8000000000000003 5.4 4.800000000000001 0 0 2.2 1.6 3.6 2.2 1.4000000000000001 0 4 0.2 0.2 5.800000000000001 3.6 2.4000000000000004 0 0 0 0 0 0 0 0 0 3.2 0 0 0 0.2 0.2 0 0 0 0 0 1.4000000000000001 0 0 2 0 0 0 0 0 0 0 0 0 0 0 0 0 0 0 0 1.6 0 0 0 0 0 0 4 0 0 0 0 0 0 0 0.8 0 0 0 0.4 0 0 6.4 5 0.4 6.6000000000000005 0 0 5.4 7.4 9.8 4.2 4.6000000000000005 7.4 1.8 8.4 9.4 3.4000000000000004 3.2 8 0 0.4 0 0 0 0 0 0 0 0.4 0 0 0 0 1.4000000000000001 2.6 0.2 0 0 0 0 0 0 0 0 0 0 0 0 0.4 0 0 0 0 0 0 0 0 0 0 0 0 0 2.6 0 0 0 0 0 0 0 0 0 0.6000000000000001 0 0 0.4 0 0 37 0 0 0 0.2 0 0 0 0 0 0 0 0 0 0 0 0 0 2.8000000000000003 0 0.2 0 0 0 0 0 0 0 0 0 0 0 0 
 0 0 0 0 15.8 0.2 0.2 0 0 0 0 15.8 0 0 0 0 0.6000000000000001 0 0 0.2 30.6 58 36.4 18.2 11.8 9.4 26.400000000000002 0 76 40.400000000000006 8.200000000000001 14.600000000000001 29.6 54 34.2 32.800000000000004 17.8 40.400000000000006 16.2 40.800000000000004 0 0.4 0 0 10.200000000000001 0 1 0 0 0 0 0.8 13.200000000000001 0.8 0.6000000000000001 0.2 0 0 4.6000000000000005 0 0 0 1.4000000000000001 0 9.4 0 0 0.4 0 0 0 0 0 0 0 0 0.6000000000000001 0 0.4 0 0 0 0 0 0.4 0 0 0 0 0 0 3.6 0 0 0 0 2.4000000000000004 0 0 0 2 12.600000000000001 0.2 2.8000000000000003 0 0.2 0 5 3.6 4 1.4000000000000001 0 4 3.6 0 0.2 0 2.4000000000000004 1.8 4.2 0 0 0 0 0 0 2.8000000000000003 2.2 0 0 0 0.6000000000000001 0 0 0 0 0 0 1.2000000000000002 3.6 0 0 0 0 0 0 0 0 0 0 0 0 0 0 0 0 0.2 0 1.4000000000000001 0 0 0 0.4 0 0 9 1.8 0 0.2 0 0 0 0 0 0 0 0 0 0 0 0 1.4000000000000001 0 0 3.8000000000000003 0 6.6000000000000005 2.6 2.6 8 2.4000000000000004 0 0 0.2 0 2.2 0.2 9.8 0.4 0 0 0 0 0 0 0.4 0 0 0 0 0 0 0 0 0 0 0 0 3.6 0 0 0 0 0 0 0 0 0.2 0 0.2 0 0 0 0 0 0 0 0 0 0.4 0 0 0 0 0 0 0 0 0 0 0 0 0 0.2 1.8 0 0 0 0 0.4 0 0 0 0 0 0 1.2000000000000002 0 0 0 0 0 0 0 7.800000000000001 2.8000000000000003 0 0.4 0 0.2 0 0 0 0 0 2.2 0 0 0 0 
 0 0 0 0 0.2 15.4 0.6000000000000001 0 0 0 0 14.8 0 0 0 0 0 0 0 0 68.2 32 33.6 60.800000000000004 19.6 17.8 15.200000000000001 76 0 62.2 50.6 66.2 44.2 21.8 47.2 37.2 41.6 26.8 33.4 55.400000000000006 0.2 2 1.2000000000000002 0 1.6 0 12.200000000000001 0 0 0 9 0.6000000000000001 13.4 0 0.6000000000000001 0 0 13.200000000000001 11.600000000000001 41.2 0 0 2.4000000000000004 0 0.6000000000000001 0 0.2 0.4 10.200000000000001 10.200000000000001 0 0 0 0 0 0 0.6000000000000001 0.4 0.6000000000000001 0 0 0 0 0 3.4000000000000004 5.4 0 0 0 0 0 0 0 0 0 0.2 0 0.2 0 0 3 0 11.4 0 2.4000000000000004 1.6 3.2 7.800000000000001 0 2.8000000000000003 0 2 2 4.6000000000000005 5.6000000000000005 0.4 4.800000000000001 12.600000000000001 2.8000000000000003 2.2 0 0.4 0 0 0 0 1.8 3.8000000000000003 0 0 0 0 0 0 0 0 2.4000000000000004 0 2.4000000000000004 0 3.6 0 0 0 0.4 0 0.6000000000000001 0 0 0 0 0 0 0 0 0 0 0 0 0 0 0 0 0 0.2 0 0 0 0 0 0.4 0 0 0.8 0 0 0 0 0 0 3.2 9.200000000000001 4.6000000000000005 6.6000000000000005 0 0.2 2 5.4 8.8 4.2 0.2 3 1.8 1.6 6.6000000000000005 6 1.6 0.2 0 2.2 0 0 0 0 0 0 0 0 0 0 0 0.4 0.2 0 0 0 0 0 0 0.2 0 0 0 0 0 0 0 0.4 0 0 0 0 0 0 0 0 0 0.4 0 0 0 0 1.8 0 0 0 0 0 0 0 0 0 0 0.2 0.8 0 0.2 17.6 0 0.4 0.6000000000000001 0.8 0 0 0 0 3.6 0 0 0 0 0 0 0 0 0 0 0 0 0 0 1.6 0 0 0 0 0 0 0 0 
 0 0 0 0 15.200000000000001 15 0.4 0 0 0 0 0 0 0 0 0 0.4 0 0 0 43.400000000000006 42.6 35.6 12.8 17.2 67.60000000000001 25.200000000000003 40.400000000000006 62.2 0 42.6 8.6 12.600000000000001 47.6 45.400000000000006 14.4 28.200000000000003 16.2 34.2 78.60000000000001 2.4000000000000004 0.4 0 0 0 0 1 0 0 0 0 0.8 0 1.6 0.6000000000000001 0.4 0 0 0 0 0 0 0.6000000000000001 0 0.6000000000000001 0 0 0.2 0 0 0 0 0 0 0 0 0.6000000000000001 0 0.6000000000000001 0 0 0.2 0 0 0 0 0 0 0 0 0 0 0 0 0 0 0 0 0 0 0.8 2 0 6 2.8000000000000003 3.2 0 3.8000000000000003 9.8 3.8000000000000003 17.6 4.800000000000001 2.6 5.2 0.2 9.8 0 0 0 0 15.200000000000001 0 0 0 0 0 0.4 0 0 0 0 3.6 4.6000000000000005 0 0 0 0 0 3.2 0.2 0 0 0 0 0 0 0 0 0 0 0 0 0 1.2000000000000002 0 0 0 0 1.6 0 0 0 0 0 0 0 0 0 0 0 0.4 0 0 0.6000000000000001 0 0 0 0 0 0 0 7.2 5.4 4.800000000000001 0 0 0.2 8.200000000000001 1.4000000000000001 0 2.2 3.4000000000000004 1.2000000000000002 14.200000000000001 4.6000000000000005 1.8 2.2 8 0 0 0 0 0 0 0 0 0 0 0 0 0 0 0 0 0 0 0 0 2.6 0 0 0 0 0 0 0 0 0 0 0 0 0 0 0 0 0 0 0 0 0 0 0 0 0 0 0 0 0 0 0 0 0 0 0 0 0 0.4 17.8 20.200000000000003 0.2 2 4.4 0 0 0 0 0 0 0 0 0 0 0 0 0 0 0 0 0 0 0 1 0 0 0 2.6 2.6 0 0 0 
 0 0.2 0.2 0 0 0.6000000000000001 0 0 0.2 0 0 0 0 0.4 0.2 0 0.6000000000000001 0 0 0 20.6 52.2 26 18.8 12.8 14.8 23.400000000000002 8.200000000000001 50.6 42.6 0 28 24.6 12.600000000000001 22.400000000000002 33 30 42.400000000000006 4.2 27.200000000000003 16.400000000000002 12.8 0 0 0 0 1.8 0.6000000000000001 0 0 0.2 0.6000000000000001 0.2 0.8 1 0.2 0.6000000000000001 0.6000000000000001 13.200000000000001 12.600000000000001 0 0 0.8 0.4 0.8 0 0.2 0.4 1.2000000000000002 0.4 0 0 0.4 0 0 9.8 0.8 0 0.8 0 0 0 4.2 0 0 0 0 0 0 0 0 0 0 0 0 0 0 0 0 0 3 0 0 7.800000000000001 10.200000000000001 6.4 0 2.4000000000000004 4.4 3 3.4000000000000004 16 2.4000000000000004 0.6000000000000001 3 5.4 5.800000000000001 4.6000000000000005 0 2 2.4000000000000004 0 0 0 0 0 2.2 5.2 0 0 0 0 5.6000000000000005 2 0 2.8000000000000003 0 0 8.200000000000001 2 0 0 0 0 0 0 1 0 0 0 0 0 0 0 2 0 0 0 0 0 0 0 0 0 0 0 0 0 0 0 1.2000000000000002 0.2 0 0 0.6000000000000001 0 0 0 0 0 0 3.8000000000000003 1.6 6.6000000000000005 2.6 0 0 2.6 4.800000000000001 0 5.2 6.2 0 3.6 0.4 0.2 2.6 4.800000000000001 0 0 0 0 0.2 0 0 0 0.2 0 0 0 0 0 0.2 0 0 0.2 0 0 0.6000000000000001 4.6000000000000005 0 0.4 0 0 0 0.2 0 0 0 0 0 0 0 0 0 0 0 0 0 0 0 0 0 0 0 0.4 0 0 0 0 0 0 0 0 2.6 0.8 0.8 16.2 15 0 0.4 0 0 0 0 0 0 0 0.4 0 0.4 0 0 0 0 0 0 0 0 0.2 0 0 0 0 0 0.2 0 0 0 0 
 1.4000000000000001 0.4 0.6000000000000001 0.8 1.2000000000000002 1 0.8 1.4000000000000001 0.6000000000000001 0.4 0.6000000000000001 0.4 0.6000000000000001 0.8 0.8 0.8 1.2000000000000002 1.2000000000000002 0.8 0.6000000000000001 9.4 48.6 10.4 41.6 39 39 19.200000000000003 14.600000000000001 66.2 8.6 28 0 19.400000000000002 7 23 31 44.400000000000006 29.8 4.800000000000001 25 12.4 0.4 0 0 0 0 1 0 0 0 0 0.6000000000000001 17.8 12.600000000000001 0.6000000000000001 0 0 0.4 0.2 0 0 0 1 0 0.6000000000000001 0 0 1 0 0 0 0 0 0 3 0 0.6000000000000001 0 0.6000000000000001 0 0 0 0 0 0 0 0 0 0 0 0 0.2 0 0 0 0 0.2 0 0 0 0 2.2 4.2 0 3.4000000000000004 2.4000000000000004 0 0 0 2 1.4000000000000001 0 0 0 0 0 6.800000000000001 5.2 0 1.2000000000000002 2 0 0 2.4000000000000004 0 0 1.8 0 0 0 0 0 2.8000000000000003 1.4000000000000001 0 4 0 0 0 0 0 0 0 0 0 0 0.6000000000000001 0 0 0 0 0 0 0 0 0 0 0.4 0 0 0 0 0 0.2 0 0 0.4 0 0 0 0 0.6000000000000001 0 0 0 0 0.2 0 0.4 0 3 1.2000000000000002 0.2 1.6 2.6 5.6000000000000005 0 0.4 0 5.2 3.6 2.4000000000000004 0 0.2 4.4 4.6000000000000005 0.2 3.2 0 0 0 0 1.6 0 0 0 8 0 0 0 0 0 1.6 2.8000000000000003 2 0.2 4.4 0 3.8000000000000003 2.4000000000000004 0 0.4 0 0 0 0 0 0 0 2 0 0 0 0 0 0 0 0 0 0 0 0 0 0 0 0 0.2 0 0 0 0 0 0 0 1.4000000000000001 0.2 0.4 30 0 1 0.6000000000000001 0.4 0 0 0 0.4 0 0 0 0 0 0 0 0 0 0 0 0 0 0 0 0 0 0 0 0 0 0 0 0 
