 0 35.800000000000004 25.8 43.2 7.2 5.2 35.800000000000004 41.6 103.4 9.200000000000001 25.6 9.200000000000001 10.4 29 25.8 23.200000000000003 22.8 24.6 105.2 88.60000000000001 1.2000000000000002 0.2 0 0 0 0.8 0.4 0.6000000000000001 0 0 0 0 0 0.4 0.8 0.8 0 0 0.6000000000000001 0 0 0 0 0 0.6000000000000001 0 0.2 0 0 0.6000000000000001 0 0.6000000000000001 0.4 0 0 0 0.6000000000000001 0 0.4 0.4 0.6000000000000001 0 0 8.200000000000001 0.4 0 0.4 0 0 0.6000000000000001 0 0.2 0 0 1.4000000000000001 0 0 0.6000000000000001 0.4 0 5.6000000000000005 5 5 10.4 5.800000000000001 0 0 8.4 5.4 14.600000000000001 4.6000000000000005 2.2 7 0 7.800000000000001 11 4 2.6 4.2 2.4000000000000004 0 0 0 0 0 0 1 0 0 0 0 0 10 0 0 0 0 0 0.2 0 0 0 0 0 0 0 0 0 0 0 0 0 0 0 0 0 0 0 0 0 0 0 0 0 0 0 0 0 0 0 0 0 0 0 0 0 0 0 0 0 3 0.8 0 2.6 0 5.4 0.6000000000000001 0 14 2.2 0 0.2 5 5.2 0.8 2.2 7.2 1.2000000000000002 2.8000000000000003 7.800000000000001 0 0 0 0 0 0 0 0 0 0 0 0 3.6 0 0 0 0 0 3 0 0 0 0 0 0 0 0 0 0 0 0 0 0 0 0 0 0 0 0 0 0 0 0 0 0 0 0 0 0 0 0 0 0 0 0 0 0 0 0 0 0 0 0 0 0 0.2 1.4000000000000001 0 0.4 0.2 0 1.8 0 0 0 0 0 0 0 0 0 0 0 0 0 0 0 0 0 0 0 0 0 0 0 0.2 0 0 0 0 0 0 0 0 0 0 0 0 0 0 
 35.800000000000004 0 83.4 10 9.8 6.6000000000000005 56.800000000000004 18.8 16.400000000000002 7 55.800000000000004 23.6 84.4 31.200000000000003 17.8 8 27.6 34.2 67.8 65.4 0 0 0 0.4 0 0 0.4 0.6000000000000001 0 0 0 0 0 18.6 0.8 0.6000000000000001 0 0 0.6000000000000001 0 0 0 0 0 0 0 0.8 0 0 0.6000000000000001 0 0.4 0 0 0 0 0.6000000000000001 0 0.4 0 0 0.2 9.200000000000001 0 0.4 0 0 0 0 0.4 0.2 0 0 5.800000000000001 0.8 0 0 0.6000000000000001 0.4 0 4 3 0.6000000000000001 4.6000000000000005 0.4 5 5.4 7.800000000000001 4.6000000000000005 4 0.2 1.6 5.800000000000001 1.8 5.6000000000000005 1.4000000000000001 3.4000000000000004 4 1.6 4.800000000000001 0 0 0 0 0 0 0 0.2 0 0 0 0 0.2 0 4.800000000000001 0 0 0 0 0 0 0 0 0 0 0 0 0 0 0 0 0 0 0 0 0 0 0 0 0 0 0 0 0 1 0 0 2.2 0 0 0 0 0 0 0 0 0 0 4.4 0 3 1.6 0 0 0 0.6000000000000001 0 0 2 2.8000000000000003 3 2.2 2.6 6.800000000000001 6.2 1.4000000000000001 6.6000000000000005 0 0 1.4000000000000001 0.2 0 0 0 0 0 0 0 0 0 0 0 0.2 0 0 0 0.4 0 1.8 0 0 0 0 0 0 0 0 0 0 0 0 0 0 0 0 0 0 0 0.4 0 0 0 0 0 0 0 0 0 0 0 0 0 0 0 0 0 0 0 0 0 0 0 0 0 0 0.6000000000000001 0 0.2 0.4 0.4 0 0.8 0 0 0 0 0 0 0 0 0 0 0 0 0 0 0 0 0 0 0 0 0 0 0 0 0 0 0 0 0 0 0 0 0 0 0 0 0 0 
 25.8 83.4 0 81 34.2 24.8 15 66.4 38.2 11.200000000000001 122.4 26.200000000000003 32 34.800000000000004 35.4 11.4 28.6 58.2 7.6000000000000005 6.4 0 0.2 0 0 0 0 0.4 0.6000000000000001 0 0 0 0 16 1.8 0.6000000000000001 0.6000000000000001 0.6000000000000001 0 16 1.8 0 0.6000000000000001 0 0.2 0 0 0 0 0 0.6000000000000001 0 0.2 0 0 0 0 0.6000000000000001 13 0.8 0 0 1 6.800000000000001 0.4 0.4 0 0.4 0 0 0.4 0.6000000000000001 0.2 0 0 1.6 0 0 1 0.6000000000000001 0 2.2 0 6.2 3.4000000000000004 3.4000000000000004 9.8 2.2 9.600000000000001 3.2 3.2 3 2.6 0 3.8000000000000003 0 3.4000000000000004 0 0.4 0 0 1.4000000000000001 0 0 0 0 0 0.2 0.2 0 0 0 0 2.6 0 0 0 0 0 0 0 0 0.2 0 0 0 0 0 0 0 0 0 0 0 1.6 0 0 0 0 0 0 0 0.4 0 0 0.8 0 0 0 0 0 0 0 0 0 0 0 0.6000000000000001 0 0 0 4.6000000000000005 0 2 4.4 3.8000000000000003 2.2 5 0.2 4.6000000000000005 6.800000000000001 4.4 0.2 0 0.8 1.2000000000000002 2.2 8.4 0 0 0 0 0 0 0 0 0 2.8000000000000003 0.2 0.6000000000000001 0 0 0 2 0 0 0 0 0 7.6000000000000005 0 0 0 0 0 0 0 0 0 0 0 0 0 0 0 0 0 0.4 0 0 0 0 0 0 0.2 0 0 0 0 0 0 0 0 0 0 0 0 0 0 0 0 0 2.8000000000000003 0 0 0 0.8 0.4 0 0 0 0.4 1.2000000000000002 0 0 0 0 0 0 0 0 0 0 0 0 0 0 0 0 0 0 0 0 0 0 0 0 2 0 0 0 0 0 0 0 0 0 0 0 0 0 
 43.2 10 81 0 16.8 16.2 84.2 101.2 100 18.8 16.2 73.2 18 34.2 93.60000000000001 19.400000000000002 16.2 48.6 15.200000000000001 14.200000000000001 0.8 14.8 0 0 0 0.4 0.4 15.600000000000001 0.2 0 0 0 0.2 17 15.600000000000001 1.8 0 0 0.6000000000000001 0 0 0 0 0 0.6000000000000001 0 0 0 0 0.6000000000000001 0 0.6000000000000001 0.4 0 0 0 0.6000000000000001 0 0.4 1.6 0 5.800000000000001 2.2 0.6000000000000001 0.4 0 0.4 0 0 0.6000000000000001 0 0.2 0 0 1.4000000000000001 0 1.2000000000000002 0.6000000000000001 0.4 0 4.6000000000000005 4 7.4 10.200000000000001 3.6 0 0 7.800000000000001 0 10.200000000000001 5.6000000000000005 0 4 0 5.6000000000000005 4.2 2.4000000000000004 10.4 0.2 0.6000000000000001 2.6 0.2 0.2 0 0 0 0.2 0 0 0.2 0 0 2 0 3.4000000000000004 0 0 0 0 1.6 0 0 0 0 0 1 0 0 0 0 0 0 0 0 0 0 0 0 0 0 0 0 2.4000000000000004 0 0 0 0 0 0 0 0.4 0 0 0.4 0 0 0 0 0 0 5.6000000000000005 6.6000000000000005 3.2 1.6 0.2 5.6000000000000005 0.6000000000000001 6.4 0.4 2.2 2.4000000000000004 3 4 0.4 4.2 3 7.6000000000000005 4.6000000000000005 0 2.6 0.4 0 0 0 0 0 4.4 0 0 0 0 0.2 2 0 0 0 0 3 0 5.4 0 0 0.4 0 0 0 0 0 0 0.2 0 0 0 0 0 0 0 0 0 0 0 0 0 0 0 0 0 0 0.4 0 0 0 0 0 0 0 0 0 0 0 0 0 0 0 0 0.6000000000000001 17.2 0 18.8 18 2.8000000000000003 4 0 0 0 0 0 0 0 0 0 0 0 0 0 0 0 0 0 0 0 0 0 0 0 2.8000000000000003 0 0 0 0 0 0 0 0 0 0 0 0 0 0 
 7.2 9.8 34.2 16.8 0 42.2 57 10.600000000000001 25.200000000000003 11.4 36.4 55.2 14 16 12.8 15.200000000000001 21.400000000000002 7.4 10.4 16 0.8 0.4 1 1.6 0 0 1.4000000000000001 0.6000000000000001 0.6000000000000001 0.8 0 1 30 1 17.2 15.600000000000001 15.4 0.2 16.400000000000002 8.8 0.6000000000000001 1.2000000000000002 0 0.8 0 0 0 0.4 0 0.6000000000000001 0 0.2 0 0 0.6000000000000001 0 1.6 0.8 1 0 0 0.6000000000000001 0.4 1 0.4 0 0.2 0.6000000000000001 0 0.6000000000000001 0 0.6000000000000001 0.6000000000000001 0.8 1.2000000000000002 0 0 1 0.6000000000000001 0.4 0 0 0 0 6.4 7.800000000000001 0 4.2 2.6 0 0 4.800000000000001 0 0 0 0 0 0 0 0.4 2.6 2.2 0 0 0 0 0 0.2 7.2 0 1.6 0 0 2 0.8 2.2 1.6 3 0 3.6 0 0 0 0 0 0 0 0 0 0 0 0 0 0 0 0 0 0 0 0 0 0.2 0 0 0 0 0 0 0 0 0 0 0 0 0 0 0 0 0 0 0 0 0 4.2 3.2 14.600000000000001 0 0.4 2 5 0.4 3 0 0.2 0 0 0 0 4 0 0 2 1.6 0 0 0 4.4 2 9.200000000000001 1.6 0 7 5.6000000000000005 5.2 1.4000000000000001 0 7 1.8 5.800000000000001 4.2 0 0 0 0 0 0 0 0 0 0 0 0 0 0 0 0 0.2 0 0 0 0 0 0 0.4 0 0 0 0 0 0 0 0 0 0 0 0 0 0 0 0 0 0 0 0 0 0 0.2 0 0 17.8 0.2 1 17 0 0 0 0.2 0 0 0 0 0 0.4 4 0 0 0 0 0 0.8 0 0 0 0.4 0 0 2 0 0 1 0 3.6 0 0 0 0 0 0 0 0 
 5.2 6.6000000000000005 24.8 16.2 42.2 0 51.2 13.4 10.8 29 42.6 12.4 48.800000000000004 8.4 26.8 11 24.200000000000003 25 11.4 19.8 0.4 2.4000000000000004 0 1.4000000000000001 0 0 15.4 15.600000000000001 0 0 0 1 0.2 1.8 0.6000000000000001 0.8 1 0 15.4 15 0 0 0 0 0 0 0 0 0 0.8 0.4 0.8 0 0 0 0 0.6000000000000001 0.4 0.4 0 0 0.4 8.4 0 0.4 0 0.4 0 0 0.4 0.6000000000000001 1.4000000000000001 0 0.6000000000000001 0.8 10.200000000000001 0 0.4 1.4000000000000001 1 0 3.8000000000000003 0 2.8000000000000003 2.4000000000000004 3.4000000000000004 0 9.600000000000001 0 0 3 0 0.2 2 0 2.8000000000000003 0 2 0 0 2.6 0 0 0 0 0 3.4000000000000004 0.4 0 0 0 0 0.4 4.4 0.2 0 3.6 0 7.6000000000000005 1.2000000000000002 0 0 0 0 0 0 0 0 0 0 0 0 0 0 0 0 0 0 0 0 0 0 0 0 0 0 0 0 0 0 0 0 0 0 0 0 0 0 0 0.2 0 0 11.200000000000001 0.2 0.8 3.4000000000000004 0 0 0 0 11.200000000000001 0.2 0 0.4 0 0 2.8000000000000003 0 0 0.4 0.4 2.4000000000000004 0 0 4.800000000000001 0 2 0.8 2.4000000000000004 0 3.2 2 1.2000000000000002 0 2.2 0 9.600000000000001 3 1.2000000000000002 4 0 0 0 0 0 0 0 0 0 0 0 0 0 0 0 0 0 0 0 0 0 0 0 0 0 0 0 0 0 0 0 0 0 0 0 0 0 0 0 0 0 0 0 0 0 1.6 1.8 0 0 2 1 5 0.4 0.8 0 0 0 0 0 0 0 0 0 0 0 0 0 0 0 0 0 0 0 0 0 1.6 0 0 0 0 0 2 0 0 0 0 0 0 0 0 
 35.800000000000004 56.800000000000004 15 84.2 57 51.2 0 67.60000000000001 23 9.4 8.8 13.8 82.2 53.2 73 30 68.4 8.4 14.200000000000001 36.800000000000004 0.4 0.4 0 0 0 0 0 1 0 0 0 0 0 0.6000000000000001 0.6000000000000001 0.6000000000000001 0 0 0.6000000000000001 0 0 0 0 0 0 0 0.2 0 0 0.6000000000000001 0 0.4 0 0 0 0 0.6000000000000001 0 0.4 0 0 0.4 0 0 0.4 0 0 0 0 0.4 0.6000000000000001 0 0 0 0.6000000000000001 0 0 0.4 0.4 0 0 0 6.6000000000000005 10 1.6 0 6.4 3.2 0 14.200000000000001 6.800000000000001 0 3 4.4 8.8 1.2000000000000002 2.4000000000000004 3.2 2.6 4 0 0 0 0 0 0 0 0 0 0 0 0 2 0 0 0 0 0 0 8.8 0 0 0.2 0 0 0 0 0 0 0 0.2 0 0 0 0 0 0 0 0 0 0 0 0.4 0 0 0 0 0 0 0 0 0 0 0 0 0 1.6 0 0 0 0.2 4.2 3.2 1.4000000000000001 0 1.6 1.4000000000000001 0 2 0 0.6000000000000001 5.6000000000000005 3 0.2 0 10.200000000000001 0 0 3.8000000000000003 2.4000000000000004 0 0 0 0 0 0 0 0 0 0 0 0 2 0 0 0 0 0 0 0 0 0 0 0 0 0 0.4 0 0 0 0 0.4 2 0 0 0 0 0 0 0 0 0 0.2 0 0.4 0 0 0 0 0 0 0 0 0 0 0 0 0.4 0 0 0 0 0 0 0 0 17.400000000000002 0 0.8 0 4.6000000000000005 1.4000000000000001 0 0 0 0 0 0 0 0 0.6000000000000001 0 0 0 0 0 0 0 0 0 0 0 0 0 0 2.8000000000000003 0 0 0 0 0 0 0 0 0 0 0 0 0 0 
 41.6 18.8 66.4 101.2 10.600000000000001 13.4 67.60000000000001 0 17.6 95.2 22.6 8.8 22.8 59.2 44.800000000000004 35.4 51.400000000000006 39.400000000000006 50.800000000000004 34.4 0 0.4 0 0 0 0 0.6000000000000001 0.6000000000000001 0 0 0.2 0 0 0.6000000000000001 0.6000000000000001 0.6000000000000001 0 0 1 0 0 0 0 0 0 0 0.4 0 0 0.8 0 0.4 0 0 0 0 0.6000000000000001 2.6 0.4 0 0 0.2 0 0 0.4 0 0 0 0 0.4 0.2 0.2 0 0 0.6000000000000001 0 0 0.6000000000000001 0.4 0 5.800000000000001 11.600000000000001 0 3.4000000000000004 2.8000000000000003 0 0 5.800000000000001 8.200000000000001 5.4 2.8000000000000003 0.2 0.4 0 1.8 11.8 11.4 4.2 4.4 0.2 0 0 0 0 0 0 1.6 0 0 0 0 0 0.2 0 0 0 0 0 4 0 0 0 0 0 0 0 0 0 0 0 0 0 0 0 0 0 0 0 0 0 0 0 0 0 0 0 0 0 0 0 0 0 0 0 0 0 0 0 0 0 0 5.2 1.4000000000000001 1.4000000000000001 2 2 0 3 2.4000000000000004 2 4 5.2 0 2.2 2 0 5.2 1.8 5.6000000000000005 6.6000000000000005 1.6 0 0 0 0 0 9.600000000000001 0 0 0 0 0 0.2 0 0 0 0.4 0 0.6000000000000001 7.800000000000001 0 0 0 0 0 2 0 0 0 0 0 0 0 0 0 0 0.4 0 0 0 0 0 0 0.2 0 0 0 0 0 0 0 0 0 0 0 0 0 0 3.8000000000000003 0 0 0 0 0 0 0.2 18 0 0 0 0 0.8 0 0 0 0 0 0 0 0 0 0 0 0 0 0 0 0 0 0.4 0 0 0 0 0 4 0 0 0 0 0 0 0 0 0 0 0 0 0 0 
 103.4 16.400000000000002 38.2 100 25.200000000000003 10.8 23 17.6 0 16.8 57.800000000000004 10.8 40.2 93.80000000000001 21.8 66.4 31.200000000000003 16.400000000000002 16 13.4 0.2 0.4 0 0 0 0 0.2 1.2000000000000002 0 0 0 0 0.2 15.4 1.2000000000000002 1.2000000000000002 0 0 0.6000000000000001 0 0 0.6000000000000001 0 0 6.2 0 2.4000000000000004 0.4 0 0.6000000000000001 0 0.6000000000000001 0 0 0 0 1.2000000000000002 0 0.4 1.4000000000000001 0 0.8 0 0 0.4 0 0 0 0 0.4 0.6000000000000001 0.6000000000000001 0.6000000000000001 0.2 1.8 0 0 0.4 0.4 0.4 1.8 7.2 14.4 8.200000000000001 1.6 0 0 5.4 3.8000000000000003 9.600000000000001 10.200000000000001 1.8 3.2 0 5.800000000000001 1.8 4.800000000000001 2.6 2.8000000000000003 1.8 0.4 5.800000000000001 0 0 0 0 0 1.4000000000000001 0 0 0.2 0 1.8 0 0 0 0 0 0 0 0 0 0 0 0 0 0 0 0 0 0 0 0 0 0 0 0 0 0 0 0 0 0 0 0 0 0 0 0 0 0 0.4 0 2.6 0 0 0 0 0 0 2.2 2.8000000000000003 0.4 1.4000000000000001 2.6 1.6 2.2 3.4000000000000004 0.2 1.2000000000000002 0 5.4 8.8 5.800000000000001 3.2 3.6 2.6 5 0 2 0.4 0.4 0.4 0 0 0 0 0.2 0 0 0 0 2 0 0 0 0 0 0 0 0 0 0 0 0 0 0 0 0 0 0 0 0 0 0 0 0 0 0 0 0 0 0 0 0 3.4000000000000004 0 0 0 0 0 0.2 0 0 0 0 0 0 0 0 0 0 0 0 0.2 0.2 17.2 0 0.8 0 0 0.8 0 0 0 0 0 0 0 0 0 0 0 10 0 0 0 0 0 0 0 0 0 0 0 2.8000000000000003 0 0 0 0 0 0 0 0 0 0.4 0 0 0 0 
 9.200000000000001 7 11.200000000000001 18.8 11.4 29 9.4 95.2 16.8 0 44.2 8.200000000000001 13.200000000000001 15.600000000000001 71.2 48.400000000000006 26 26.200000000000003 13.200000000000001 19 0.2 0.4 0 0 0 0 14.8 0.6000000000000001 0 0 0 0 6.4 0.8 0.6000000000000001 0.6000000000000001 0 0 0.6000000000000001 14.600000000000001 0 0 0 0 0 0 0 0 0 0.6000000000000001 0 0 0 0 0 0 0.8 2 0.4 0 0 0.4 0 1 0.4 0 0 0 0 2.6 0 0.4 0 0 0.6000000000000001 10.200000000000001 2.2 8 0.4 0 2.8000000000000003 6.2 0 0 5.6000000000000005 0.2 0 0.2 1.4000000000000001 5.6000000000000005 3 0 0 0 2.4000000000000004 1.8 0 4.4 0 0 4.2 0 0 0 0 0 6.2 3.4000000000000004 0 0 0 0 1.8 0 4.2 0 0 0 3.6 0 0 0 0 0 0 0 0 0 0 0 0 0 0 0 0 0 0 0 0 0 0 0 0 0 0 0 0 0 0 0 0 0 0 0 0 0 0 0 0 0 0 1.2000000000000002 6.2 0 2 3.6 0 3.6 0.2 2.6 5.4 4.6000000000000005 0 1.2000000000000002 0.6000000000000001 0 3.6 5.4 0 2.2 4.800000000000001 0 0 0 0 0 5.4 0 0 0 0 0 2 0 0 0 0 0 0 11.600000000000001 0 0 0 0 0 0 0 0 0 0 0 0 0 0 0 0 0 0 0 0 0 0 0 0 0 0 0 0 2.8000000000000003 0 0 0 0 0 0 0 0 0 0 0 0 0 0 0 0 0.4 0.2 0 0.4 17.400000000000002 0 2.2 2.6 0 0 0 0 0 0 0 0 0 0 0 0 0 0 0 0 0 0 0 0 0 0 2.8000000000000003 2.6 1.8 0 0 0 0 0 0 0 0 0 0 0 0 
 25.6 55.800000000000004 122.4 16.2 36.4 42.6 8.8 22.6 57.800000000000004 44.2 0 10 6.4 8.4 15.200000000000001 11 44.6 27.200000000000003 54.2 10.600000000000001 0.4 0.4 0 0 0 0.8 0.2 0.6000000000000001 0 0.4 0.4 0.6000000000000001 29 0.4 1 1 0 0.2 29 12.200000000000001 0 0 0 0.4 0.8 0 0 0 0.6000000000000001 0.6000000000000001 1 1 0.4 0 0 0.8 13.4 0 0.4 0 0 0 1 0.6000000000000001 0.4 0 0.4 0.4 1.2000000000000002 0.6000000000000001 1 1.6 0 0.6000000000000001 0.6000000000000001 0.6000000000000001 0 0.6000000000000001 0.4 0.2 0.4 3.2 1.8 2.8000000000000003 0.8 4.800000000000001 1.4000000000000001 0 5.6000000000000005 4 2 6.6000000000000005 2.2 0 0 1.4000000000000001 5 5.6000000000000005 0 0 1.4000000000000001 0 0 0 0 0 3.4000000000000004 2 0.4 0 0 0 3.2 2.8000000000000003 8 3.2 0 0 3.8000000000000003 0 0 0 0 0 0 0 0 0 0 0 0 0 0 0 0 0 0 0 0 0 0 0 0 0 0.4 0 0 0 0 0 0 0 0 0 0 0 0 0 0 0 1.4000000000000001 0 4.4 0 0 6.2 0 0 0.4 6.2 7 4 2.8000000000000003 2.2 0 0 3.2 4.6000000000000005 0 0 0 0 2.2 0 0 0 7.2 5.2 0 0 0.2 0 5.4 3.4000000000000004 2.8000000000000003 0 0.2 0 2.8000000000000003 3.4000000000000004 0 0 0 0 0 0 0 0 0 0 0 0 0 0 0.4 0 0 0 0 0 0 0 0 0 0 0 0 0 0 0 0 0 0 0 0 0 0 0 0 0 0 5 0 0 0 0.6000000000000001 18 0 0.2 0.2 0 2.2 5.2 0 0 0 0 0 0 0 0 0 5.4 0 0 0 0 0 0 0 0 0 0 0.6000000000000001 0 5 2.2 0 0 0 0 0 0 0 0 0 0 0 0 0 
 9.200000000000001 23.6 26.200000000000003 73.2 55.2 12.4 13.8 8.8 10.8 8.200000000000001 10 0 5.800000000000001 9.600000000000001 32 8.6 17.6 12.600000000000001 49.2 6.800000000000001 15.200000000000001 3.6 0 0.4 0 0.4 15 8.200000000000001 9.600000000000001 0 0 0.2 27.200000000000003 5 22.8 15.600000000000001 0.4 0.4 27.8 0.2 0 0 0 0 0.2 0 0 0 0 0.4 0 1 0.4 11.8 0 0 0.6000000000000001 0.2 0.4 0 0 0.6000000000000001 0 1.6 0.4 0 0.4 0 0 0.6000000000000001 0 0 0 10.8 0.6000000000000001 0 0 0.6000000000000001 0.4 0 0 0 3.4000000000000004 0 2.8000000000000003 15.200000000000001 0 2.8000000000000003 0 0 0 6.6000000000000005 0.2 0 0 0 1 3.4000000000000004 0 0 3 2.4000000000000004 10 0 0 0 0 3.4000000000000004 0.2 0 3.2 0 1.2000000000000002 8 4.4 0.4 0 0 0.2 5.800000000000001 0 0 0 0 0 0 0 0 3.2 0 0 0 0 0 0 0 0 0 0 0 0 0 0 0 0 0 0 0 0 0 0 0 0 0 0 0 0 0 0 0 0 0 4 2 4.800000000000001 10.600000000000001 0 0 2.6 5.2 0 1 0 0.2 0 0 0 0 0 0.4 0.4 0.2 5.2 0 0 0 11.8 5.4 3.6 3 0 0 5.800000000000001 6 3 0.2 2.2 1.8 2 0.2 0 0 0 0 0 0 0 0 0 0 0 0 0 0 0 0 0 0 0.8 0 0 0 0 0 0 0 2 0 0 0 0 0 0 0 0 0 0 0 0 0 0 3 0 0 0 0 0.4 0 0.4 20.6 0.4 1.2000000000000002 0 0 0 0 0 0 0 0 0 0 0 0 0 0 0 0 0 0 0 0 0 0 0 0 0.6000000000000001 2.2 0 0.4 0 0 0 0 0 0 0 0 0 0 
 10.4 84.4 32 18 14 48.800000000000004 82.2 22.8 40.2 13.200000000000001 6.4 5.800000000000001 0 76 36.6 25 57 27 34.6 60.6 15 0.2 0 0.4 0 0 0.4 0.6000000000000001 0 0 0 0 0 0.4 0.6000000000000001 0.6000000000000001 0 0 0.6000000000000001 0 0 0 0 0 0 0 0.2 0 0 0.6000000000000001 0 0.4 0 0 0 0 0.6000000000000001 0 0.4 0 0.4 0 0.4 0 0.4 0 0 0 0 0.6000000000000001 0 0 0 0 0.6000000000000001 0 0 8.8 0.4 0 7.800000000000001 1.8 5.2 0.8 0 0 5.2 0 0 8.6 2.8000000000000003 1.8 4 2 0 0 4 2.2 9.8 7.800000000000001 0 0 0 0 0 0.2 0 0 0 0 0 0 0 0 0 0 0.4 0 0 0 0 0 0.4 0 0 1.6 0.4 0 0 0 0 0 0 0 0 0 0 0 0 0 0 0 0 0 0.2 0 0 0 0 0 0 0 0 0 0.4 0 0 0 0 0 0 1.8 0.2 0 0 0 2.2 1.8 2.2 0 2.4000000000000004 5.6000000000000005 0 3.4000000000000004 0.2 7 10.600000000000001 0 2.6 2.2 0 0 0 0 0.4 0 0 0 0 0 0.2 0 0 0 0 0 0 0 0 0 0 0 0 0 0 0 0 0 0 0 0 0 0 0 0 0 0 0 0 0 0 0 0 0 0 0 0 0 0 0 0 0 0 0 0.4 0 0 0 0.2 0 0 0 0 0 0 0.4 0.4 0 17.6 0 0.4 2 0 0 0 0 0 0 0 0 0 0 0 0 0 0 0 0 0 0 0 0 0 10.8 0 0 0 0 0 0 0 0 0 0 0 0 0 0 0 0 
 29 31.200000000000003 34.800000000000004 34.2 16 8.4 53.2 59.2 93.80000000000001 15.600000000000001 8.4 9.600000000000001 76 0 83 69.4 5.6000000000000005 18.8 23.200000000000003 62 0 0.4 20.8 0 1 0 0.2 0.6000000000000001 1.2000000000000002 0.4 0.4 0 0.6000000000000001 15.4 1.4000000000000001 1.8 0.4 0.8 1 0 0 0.6000000000000001 0 0.6000000000000001 1.4000000000000001 0.6000000000000001 0 0 0 1.2000000000000002 0.6000000000000001 0.4 0 0 0 0.8 1.8 0 0.4 0 0 0.2 0.6000000000000001 0.6000000000000001 1.2000000000000002 0.6000000000000001 0 9.600000000000001 0 0.6000000000000001 0.8 0.4 0 0 3 0 0 1 0.4 0 3 2.8000000000000003 6.4 5.6000000000000005 2 0 2.2 3.2 0 6.4 1.8 1.2000000000000002 0 2.6 4 0 0 0.4 0.8 2 0 0.4 0 0 0 0 0 0 0 0.4 0 0 0 0 0 0 0 0 0 0 0 0 0.2 2.6 0 0 0 0.4 0 0 0 0 0 0 0 0 0 0 0 0 0 0 0 0 0 0 0 0 0.4 0 0.2 0 0 0.2 0 0 0 0 0 0.4 3.8000000000000003 0 0 0 0 0 3.6 2.8000000000000003 0.4 2.2 0 2.6 0 12.200000000000001 1.6 6.2 2.6 0 1.6 0 0 0 0 0 0 1.8 0 0 0 0 0 0 0 0 0 0 0 0 0 0 0 0 0.2 0 0 0 0 0 0 0 0 0 0 0 0 0 0 0 0 0 0 0 0 0 0 0.4 0 3.6 0 0 0 0 0 0 0 0 0 0 0 0 0 0 0 0 0 0.2 0.4 0.4 0.6000000000000001 0 0 0 0 0 0 0 0 0 0 0 0 0 0 0 0 0 0 0 0 0 0.2 0 0 0 0 0 0 0 0 0 0 0 0 0 0 0 0 0 0 0.4 
 25.8 17.8 35.4 93.60000000000001 12.8 26.8 73 44.800000000000004 21.8 71.2 15.200000000000001 32 36.6 83 0 55.6 60.6 6.4 11 11.600000000000001 0 0.4 0.2 0.4 6.4 0 0.2 0.6000000000000001 0.2 0 3.4000000000000004 6.4 0 0.4 0.6000000000000001 0.6000000000000001 0 5.2 0.6000000000000001 15 0 0 0 0 0 0 1.2000000000000002 0 0 0.6000000000000001 0 0.4 2.4000000000000004 4.2 3 0 0.6000000000000001 0.2 0.4 5.800000000000001 0 0.2 9.600000000000001 0 0.4 0 0 0 0 0.4 0.2 1 0 0 0.6000000000000001 0 0 0.6000000000000001 0.4 0 0 5.2 0 11.8 0.4 7.4 0 3.8000000000000003 10.600000000000001 7.4 4.2 0.2 6 1.8 3.8000000000000003 0 0 2.8000000000000003 0 4.6000000000000005 0 0 0 0 0 0 0 0.2 0 0 0 0 0.4 0 0.2 0 0 0 1 4.4 0 0 0 0 0 0 0 0 0 0 0 0 0 0 0 0 0 0 0 0 3 0 0 0 0 0 0.2 0 0 0 0 0 0 0 0 0 0 0 0 0 0.2 0 4.4 0 0 5.2 0 0 0 0 2 6.2 1.8 0.4 0 2.2 0 9.600000000000001 0 0.4 0.2 0 0 0 0 0 6 0 3 0 2 0 0 0 0 0 0 0 0 4.4 0 0 0 1.2000000000000002 0 0 0 0 0 0 0 0 0 0 0 0 0 0 0.2 0 0 0 0 0 0 0 0 0 0 0 0 0 0 0 0 0 0 0 0 0 0 0 0 0 0 0.6000000000000001 0 0.2 0.8 0 4.800000000000001 1 3.2 0 0 0 0 4.4 0 0 0 0 0 0 0 0 0 0 0 0 0 0 0 0 0 3.2 0 0 0 0 0 0 0 0 0 0 0 0 0 0 
 23.200000000000003 8 11.4 19.400000000000002 15.200000000000001 11 30 35.4 66.4 48.400000000000006 11 8.6 25 69.4 55.6 0 14.8 15.4 20.400000000000002 11.200000000000001 1 0.2 0 0 0 0.2 0.4 0.8 0.2 0 0 0.4 0 15 0.6000000000000001 0.6000000000000001 0 0 0.6000000000000001 0 0 0 0 0 0 0 0 0 0.6000000000000001 0.8 0 0.2 0.2 0 0 0 0.6000000000000001 0 0.4 10.200000000000001 0 0 0 0 0.4 0 0 0.4 0 0.6000000000000001 0 0 0 0 2.2 6 0 0.6000000000000001 0.4 0 5.2 10 4.2 2.8000000000000003 3.6 0 0.6000000000000001 6.2 0 2.8000000000000003 4.4 1.2000000000000002 3 0 5.6000000000000005 2 0 0.2 1.4000000000000001 5.4 0 0 0 0 0 0 3.6 0 0 0 0 0 0 0 0.2 0 0 0 0.2 0 0 0 0 0 0 0 0 0 0 0 0 0 0 0 0 0 0 0 0 0 0 2.6 0 0 0 0 0 0 0 0 0 0 0 0 0 0 0.2 0 0.4 0.2 2.8000000000000003 3.8000000000000003 1.6 2.2 0 0 0 2 1.8 2.8000000000000003 0 3.2 1.8 5 2.8000000000000003 1.4000000000000001 3 3.4000000000000004 0 1.6 4.2 0 0 0 0 0 0 0 0 0 0 0 0 0 0 0 0 0 0 1 0 0 0 0 0 0 0 0 0 0 0 0 0 0 0 0 0 0 0.2 0 0 0 0 0 0 0.2 0 0 0 0 0 0 0 0 0 0 0 0 0 0 0 0 0 0 0 0 17.6 0 0.4 0 0 1.6 0 0 0 0 0 0 0 0 0 0 0 0 0 0 0 0 0 0 0 0 0 0 0 2.8000000000000003 0 0 0 0 0 0 0 0 0 0 0 0 0 0 
 22.8 27.6 28.6 16.2 21.400000000000002 24.200000000000003 68.4 51.400000000000006 31.200000000000003 26 44.6 17.6 57 5.6000000000000005 60.6 14.8 0 33.800000000000004 24.8 7.2 0 0.2 0 0 0 0 0.4 0.6000000000000001 0 0 0 0 0 0.4 0.6000000000000001 0.6000000000000001 0.8 0 1 0.4 0 0 0 0 0 0 3.4000000000000004 0 0 0.6000000000000001 0 0 0 0 0 0 0.6000000000000001 0 0.4 0.8 0.2 0 0 0 1.4000000000000001 0 0 8 0 0.6000000000000001 0.2 0.6000000000000001 0 0 0.6000000000000001 0 0 0.6000000000000001 0.4 0 0 2.6 4.800000000000001 8.4 1.6 0 0 6.4 1.6 3.2 10.8 0.4 2.6 0 2.8000000000000003 4 2.4000000000000004 8.200000000000001 0 0 0 0 0 0 0 0 0 0 0 0 0 0 1.6 0 0 0 0 0 1.4000000000000001 1.8 0 0 0 0 0 0 0 0 0 0 0 0 0 0 0 0 0 0 0 0 0 0 0 0 0 0 0 0 0 0 0 0 0 0 0 0 0 0 0 0 4 4.2 4.800000000000001 1.4000000000000001 0 3.2 0 0 0 0 6 2.6 3 0 4 0 3 5.2 0 2 0.4 0 0 0 0.2 0 1.4000000000000001 0 0 0 0 0.2 2 0 0 0 0 0 2 5.2 0 0 0 0.4 0 0 0 0 0 0 0 0 0 0 0 0 0 1.8 0 0 0 0 0 0 0 0 0 0 0 0 0 0 0 0 0 0 0 0 0 0 0 0 0 0 0 0 17 0.2 18.6 0.4 1.4000000000000001 2.4000000000000004 0 0 0 0 0 0 0 0 0 0 0 4.2 0 0 0 0 0 0 0 0 0 0 0 3.6 0 0 0 0 0 0 0 0 0 0 0 0 0 0 
 24.6 34.2 58.2 48.6 7.4 25 8.4 39.400000000000006 16.400000000000002 26.200000000000003 27.200000000000003 12.600000000000001 27 18.8 6.4 15.4 33.800000000000004 0 27.200000000000003 7.800000000000001 0.6000000000000001 0.4 0.4 0.8 0.6000000000000001 0 0.6000000000000001 0.8 0.6000000000000001 0 0 0.6000000000000001 14.8 15.200000000000001 1 0.6000000000000001 0 0.2 0.6000000000000001 1.2000000000000002 0 1 0 0.6000000000000001 0.4 0 0 0 0.6000000000000001 1.4000000000000001 0.6000000000000001 0.4 0.4 0 0.4 0 1.2000000000000002 2.2 0.4 0.6000000000000001 0.8 0.4 0 0.6000000000000001 1 0 0 0 0 0.6000000000000001 0 0 0 0 0.6000000000000001 0.4 0 0.6000000000000001 0.4 0 10 6.2 0 9.8 2.8000000000000003 0.2 3.2 4.4 3 9.200000000000001 0.4 2.8000000000000003 4 0 4.4 5.2 0.2 5.4 0 2.2 2.2 0.2 0.2 0 0 0 2.6 0 0 0 0 0 2.4000000000000004 0 1.6 0 0 2.2 0 0 0 0 0 0 0 0 0 0 0 0 0 0 0 0 0 0 0 0 0 0 0 0 0 0 0.6000000000000001 0 0 0 0 0 0.2 0 0 0.2 0 0 0 0 0 0 1.6 1 0 0 1.8 11.600000000000001 5 5.2 2.8000000000000003 5.6000000000000005 4 5.6000000000000005 1.2000000000000002 6 1.4000000000000001 2 12.200000000000001 0 0 4.800000000000001 0 0 0 0 0 0 2 0 0 0 0 0 0 0 0 0 0 0 1.4000000000000001 7 0 3.8000000000000003 0.4 0 9.4 0 0 0 0 0.4 0 0 0 0 0 0 0 0 0 0 0 0 0 0 0 0 0 0 0 0 0 0 0 0 0 0 0 0 0 3.4000000000000004 0 0 0 0 0 0 0.8 0 0 1.6 0 0.8 0 0 0 0 0 0 0 0 0 0 0 0 0 0 0 0 0 0 0 0 0 0 0 0 0.4 0 0 0 0 0 0 0 2 0 0 0 0 5 
 105.2 67.8 7.6000000000000005 15.200000000000001 10.4 11.4 14.200000000000001 50.800000000000004 16 13.200000000000001 54.2 49.2 34.6 23.200000000000003 11 20.400000000000002 24.8 27.200000000000003 0 30.200000000000003 0 0.2 0.4 0 1.2000000000000002 0.4 0 0.6000000000000001 0 0 0 0 0.2 17.2 0.6000000000000001 0.6000000000000001 0.4 0 1.8 1.2000000000000002 0 0 1.2000000000000002 0 0 0 2.8000000000000003 0 0 0.6000000000000001 0 1.4000000000000001 0 0.8 0 0.8 0.6000000000000001 0.8 0.4 0 0 0.4 0 0 0.4 0 0 8.4 0 0.4 0.4 0 0 0 0.6000000000000001 0 0 1.8 0.4 0 2 7.2 0 2.6 0 0 1.4000000000000001 5.4 5.4 2.6 1 1.8 2 0.2 2.2 5 8.6 3.4000000000000004 2.8000000000000003 1 0 0 0 0 0 0 0 0 0 0 0 0 0 0 0 0 0 0 1.8 0 0 0.4 0 0 0 0 0 0 0 0 0 0 0 0 0 0 1 0 0 0 0 0.2 0 0 0.8 0 0 0 0 0 0 0 0 0 0 0 0.4 0 0 0 4.6000000000000005 0 0 0 2 0.6000000000000001 0.2 0.4 2.4000000000000004 2.8000000000000003 3 0.4 5.800000000000001 1.8 0.4 0 3.2 0 0 0 0 0 0 0 0 0 0 0 0 0 0 0 0.2 0 0 0 0 0 2.4000000000000004 0 0 0 0 0 0 2.8000000000000003 0 0 0 0 0 0 0 0 0 0 0.2 0 0 0 0 0 0 0.4 0 0 0 0 0 0 0 0 0 0 0 0 0 0 0 0 0 0 0 0 0 0 0 0.4 0 0.4 0.2 3.4000000000000004 0 0 0.4 0 0 0 0 0 0 0 0 0 0 0 0 0 0 0 0 0 0 0 0 0 0 0 0 0 0 0 0 0 0 0 0 0 0 0 
 88.60000000000001 65.4 6.4 14.200000000000001 16 19.8 36.800000000000004 34.4 13.4 19 10.600000000000001 6.800000000000001 60.6 62 11.600000000000001 11.200000000000001 7.2 7.800000000000001 30.200000000000003 0 0 0.4 0 0.2 0 0 0.2 0.6000000000000001 0.4 0 0 0 0.2 0.4 0.6000000000000001 0.6000000000000001 0 0 0.6000000000000001 0 0 0 0 0 0 0 0.4 0 0 0.6000000000000001 0 0.4 0 0 0 0 0.6000000000000001 0 0.4 0 0 0 0 0 0.4 0 0 0 0 0.4 0.2 0 0 0 0.6000000000000001 0 0 0.6000000000000001 0.4 0 6.800000000000001 1.8 0 0.4 0 0 3 0.2 5.6000000000000005 0 4.2 0.4 5.6000000000000005 12.600000000000001 2.6 2 3.2 0 7.6000000000000005 3.4000000000000004 0.4 0 0 0 0 0 0 0 0 0 0.2 0 0 0 0 0 0 0 0 0 0 0 0 0 0 0 0 0 0 0 0 1 2.4000000000000004 0 0.4 0 0 0 0 0 0 0 0 0 0.6000000000000001 0 0 0 0 0 0 0.4 0 0 0 0 1 0 0 0 2.6 1.8 0.4 0 0 0 5.4 7.4 8.6 0 0 0 2.6 0 0 3.2 0.2 0 4.4 0 0 0 0.2 0 0 0 0 0.4 0 0 0 0 0 0 0 0 0 0 0 0 0 0 0 0 0 0 0 0 0 0 0 0 0 0 0 0 0 0 0 0 0 0 0 0 0 0 0 0 12.8 0 0 0.2 0 0 0 0 0 0 0.2 0 0 0 0 0 0.2 0.4 0 0.4 0 0 0 2.2 0 0 0 0 0 0 0 0 0 0 0 0 0 0 0 0 0 0 0 0 0 0 0 0 0 0 0 0 0 0 0 0 0 0.4 0 0 0 0 
 1.2000000000000002 0 0 0.8 0.8 0.4 0.4 0 0.2 0.2 0.4 15.200000000000001 15 0 0 1 0 0.6000000000000001 0 0 0 32.6 48.6 9 6 8.4 31.6 43 51.400000000000006 38.800000000000004 5.4 21.400000000000002 14.600000000000001 54.6 49.6 40.800000000000004 30 7 5.800000000000001 39.6 0 0.4 0 12.8 2 0 0 0 0 0.6000000000000001 0.4 1 1 0 0.6000000000000001 1 0 0 0.2 0 0 0 0 0.4 0 0 0.4 0 0.6000000000000001 0.4 0 10.8 0 0.6000000000000001 0.6000000000000001 0.2 0.4 0 0 0 0 0 0 0 3 0 0 0 0 0 0 3.4000000000000004 0 0 0 0 0 0 0 2.2 4.800000000000001 6 0.6000000000000001 2 0 1.4000000000000001 4.4 4 2.8000000000000003 14.200000000000001 2 0 5 0 7.4 0 5.2 3.4000000000000004 0 1.6 0.4 0 0 0 0 0 0 0 0 0 0 0 0 0 0 0 0 0.4 0 0.2 0 0 0 0 0 0 0 1.8 0 0 0 0 0 0 0 0 0 0 0 1 0 0 0 0 3 0 0 0 0 2.8000000000000003 0 2.2 0 0.4 0 0 0 0.2 0 0 6.4 8.4 1.2000000000000002 2 0 3.6 0.6000000000000001 7.800000000000001 2.8000000000000003 2 0 0 0.4 5.6000000000000005 2.8000000000000003 5.800000000000001 2.4000000000000004 1.6 0 0 0 0 0 0 0 0 0.6000000000000001 0 0 0 0 0.6000000000000001 0 0.4 0 0 0 0 0 0 0 0 0 0 0 0.2 0 0 0 0 0 0 0 0 0 0 0 0 0.4 0 0 0 4.6000000000000005 0 0 0 0 0 0 0 0 0.2 0 0 2.2 0 0 0 0 0 0.4 0 0 0 0 0 3.8000000000000003 0 0 0 0 0 0 0 0 0 0 0 0 1.6 0 1.4000000000000001 0 0 0 0 2 0 0 0 
 0.2 0 0.2 14.8 0.4 2.4000000000000004 0.4 0.4 0.4 0.4 0.4 3.6 0.2 0.4 0.4 0.2 0.2 0.4 0.2 0.4 32.6 0 46.400000000000006 81 4.2 7.4 61.400000000000006 40.6 38.400000000000006 21.6 87.2 23.8 21.400000000000002 54 17 26.400000000000002 63 11 6 15.4 13.600000000000001 0.8 0.6000000000000001 0.2 0.8 0 0.4 0.4 1.2000000000000002 1 0.6000000000000001 1.2000000000000002 0 0.4 1 1 0 0 33.4 0.4 0 0 0 0 0 0 0 0 0.6000000000000001 0 1 0 0 0.6000000000000001 0.6000000000000001 0 0.4 0 0 0 1.8 0 0 0 0 0 0 0 0 0 0 0 0 0 0 0 0 0 0 0 0 0 1.8 3.8000000000000003 3.8000000000000003 0 3.2 0 3.6 16 2 1.8 0 0 0.4 4.4 2.8000000000000003 0.4 0 7.6000000000000005 0 0 0 0 0 0 0 0 0 0 0 0 2.2 0 0 0 0 0 3 0.4 0 0 0 0 0 0 0 0 0 0.8 2.2 0 0 0 0 1 0 0 0 0.2 0 0 0 0 0 0 0 0 0 0 0 0.6000000000000001 0 0.2 0 0 0 0 0 0 2.4000000000000004 0 4.800000000000001 2.4000000000000004 9.8 2.6 1.8 2 9.4 1.8 0 0 0 0 0 5.2 0 4.6000000000000005 0 0 0 0 0.2 0 0 0 3.6 0.4 0 0 0 0 0 0 0 0 2.6 0 0 0 0 0 0 0 0 0 0 0 0 0 0 0 0 0 0 0 0 0.4 0 0 0 0 0 0 0 0 0 0 0 0.4 0 0 0 0 1.2000000000000002 0 0.4 15.8 0 0.4 0 1 0 0 0 0 0 0 0 0 0 0 0 0 0.2 0 0 0 0 0 0 0 0 0.4 0 0 0 0 0 0 
 0 0 0 0 1 0 0 0 0 0 0 0 0 20.8 0.2 0 0 0.4 0.4 0 48.6 46.400000000000006 0 77.80000000000001 9 22 58.2 53.800000000000004 95.4 48.800000000000004 69 38.400000000000006 82.4 25.200000000000003 23.8 25.6 54 76.2 56.400000000000006 26.6 0 0.4 0 0 0.6000000000000001 0 0 0 0.8 0 0.4 0.6000000000000001 12.4 17.8 0.6000000000000001 0.6000000000000001 0 0 0.6000000000000001 0 0 0 0 0 0 0 0 0 0.6000000000000001 0 0 0 0 0.6000000000000001 0.6000000000000001 0 0.6000000000000001 0 0 0 0 0 0 0 0 0 0 0 0 0 0 0 0 0 0 0 0 0 0 0 5.800000000000001 2.2 4.4 0.6000000000000001 3.2 3.6 1.2000000000000002 0.2 0 4 0.6000000000000001 4.2 5.6000000000000005 1.8 5.2 2.4000000000000004 10.4 1.8 3.6 2.2 2 0 0 0 0 0 5.4 0 0 0 0 0 7 2 0 0 0 0 0 0 0 0 0 0 0 0 0 0 0 0.6000000000000001 0.6000000000000001 0 0 0 0 0 0 0 0 3.8000000000000003 0 0 0 0 4.2 0 0 1.4000000000000001 0 0 0 0 0 0 0.2 0 0 0 0 0 6 1.6 0.4 2.8000000000000003 7 6.4 0 0 1.6 2.6 3.8000000000000003 4.2 0 4.6000000000000005 2.2 4 0 0 0 1.2000000000000002 6 2.6 0 0 0 0 3.8000000000000003 1.2000000000000002 0 0 0 3 0 1.8 3 1.8 0 0 0 5.4 0 0 0 0 0 0 0 0 0 0 0 0 0 0 0 0 0 0 0 0 0 0 0 0 0 0.4 0 0 0 0 0 0 0 0 0.8 0 0 0.8 0 0.4 3.6 0.6000000000000001 0 0 0 0 0 0 0 0 0 0 0 0 0 0 0 0 0 0 0 0 0 0 0 0.8 2.2 0 0 0 
 0 0.4 0 0 1.6 1.4000000000000001 0 0 0 0 0 0.4 0.4 0 0.4 0 0 0.8 0 0.2 9 81 77.80000000000001 0 36.4 43.400000000000006 20.8 31.400000000000002 31.400000000000002 24.400000000000002 29 17.2 9.4 74.2 56.6 24 52.400000000000006 71 37.6 13.4 0 0.4 0 0 0.6000000000000001 0 0 0 0 1 0.8 0.8 1 0 0.6000000000000001 0.6000000000000001 0 0 14.8 0 0 0 0 0 0 0 0 0 0.6000000000000001 0 0 0 0 0.6000000000000001 0.6000000000000001 6 0.4 0 0 0 0 0 0 0 0 0 0 0 0 0 0 0 0 0 0 0 0 0 0 0 0 1.6 6.800000000000001 7.800000000000001 3.8000000000000003 1.8 2.8000000000000003 2 10 10.600000000000001 1.8 5.6000000000000005 0 1.6 0 8.6 0.4 4.2 0 0.4 5.2 0 0 0 0 0 2 0 0 0 0 0 9 1.8 0 0 0 0 0 3 0 0 0 0 0 0 0 0 0 0.8 6.2 0 0 0 0 0 0 0 0 0 0 5.4 0 0.4 0 0 0 0 0 0 0 0 0 0 0 0 0 0 0 0 0.2 2.6 2 3.8000000000000003 14 6.6000000000000005 0 0 2 4.4 0 4.800000000000001 0 0 0 2.2 2.6 3.2 0 0 1.8 0.6000000000000001 0.2 0 0 0 3.6 0.4 4 0 0 0 0 0 0 0 0 0 2.4000000000000004 8.8 0 0 0 0 0 0 0 0 0 0 0 0 0 0 0 0 0 0 0 0 0 0 0 0 0 0 0 0 0 0 0 0 0 0 1 0 0.8 2.2 8.4 0.2 3.4000000000000004 0.2 0 0 0 0 0 0 0 0 0 0 0 0 0 0 0 0 0 0 0 0 0 0 0 1.8 0 0 0 0 
 0 0 0 0 0 0 0 0 0 0 0 0 0 1 6.4 0 0 0.6000000000000001 1.2000000000000002 0 6 4.2 9 36.4 0 22.200000000000003 10 29 31.200000000000003 19.6 39.800000000000004 57.400000000000006 13.4 35.6 12.600000000000001 17 25.200000000000003 12.4 14 74.2 25.200000000000003 0.4 0 0 0.6000000000000001 0 12.4 12.600000000000001 0 12.8 0.4 0.4 12.4 4 26.200000000000003 0.6000000000000001 12.4 0 13.8 2 0 0 0.2 0 0 0 0 0 0.6000000000000001 0 0 0 0 0.6000000000000001 0.6000000000000001 0 0.6000000000000001 0 0 0 6.800000000000001 0 0 0 3 0 0 0 0 0 0 0 0 0 0 0 0 0 0 0 0.2 0.2 3 0 2.6 8.4 3 2.2 3.8000000000000003 2.2 2.4000000000000004 3.4000000000000004 0 0 0 0 0 0 0 0 0.2 4.6000000000000005 3 2.8000000000000003 0 0 5.2 4.2 2 0 3 2.4000000000000004 2 2.4000000000000004 0.4 1.6 0 6.2 13.8 0 0 0 0 2.8000000000000003 0 0 0 0 0 0 0 0 0 0 0 0 0 0 0 0 0 0 0 0 0 0 0 0 0 0 0 0 0 0 0 1.4000000000000001 0 0 0 0 0 0 0 0 3.8000000000000003 0 0 3 0 0 2 4.2 0 0.2 0 0 0 0 0 0 3 0 5 6.4 0 0 3 13.8 8.6 0.2 2.2 1 5.6000000000000005 3.4000000000000004 0.2 0 0 0 0 2.2 0 0 0 0 0 0 0 0 0 0 0 0 0 0 0 0 0 0 0 0 0 0 0 0 0 0 0 0 0 0 0 0 0 0 0.6000000000000001 0.4 0.8 30.6 0 0.6000000000000001 1 0.4 0 0 0 2.6 2.6 0 0 0 0 0 0 0 0 0 0 0 0 0 0 0 0 0 1.4000000000000001 0 0.2 0 0 0 
 0.8 0 0 0.4 0 0 0 0 0 0 0.8 0.4 0 0 0 0.2 0 0 0.4 0 8.4 7.4 22 43.400000000000006 22.200000000000003 0 8.4 50.6 37.800000000000004 21 47.400000000000006 13.600000000000001 7.800000000000001 13 8.200000000000001 13.4 14.200000000000001 71.8 25.200000000000003 7.6000000000000005 14.600000000000001 0.4 0 0 0.6000000000000001 0 12.4 12.4 0 0.8 0.4 0.6000000000000001 0 0 0.6000000000000001 0.6000000000000001 0 0 12.200000000000001 0 0 0 0 0 0 0 0.6000000000000001 0 8.4 0.2 11.4 0 0 0.6000000000000001 0.6000000000000001 0 0.4 0 0 0 0 0 0 0 0 0 0 0 0 0 0 0 0 0 0 0 0 0 0 0 0 1 2.4000000000000004 3.8000000000000003 6.2 2.6 0 0 6.6000000000000005 13.4 2.4000000000000004 10.600000000000001 0 2.4000000000000004 0 5.800000000000001 0 4.800000000000001 0 0 5 0 0 0 0 0 5.4 0 0 0.4 0 0 5 1.2000000000000002 0 0 0 0 1.6 0 0 0 3.2 0 0 0 0 0 0 0.6000000000000001 3.6 0 0 0 0 0 0 0 0 0 0 2.2 0 0 0.2 0 0 0 0 0 3.2 0 0 0.4 0.2 0 0 0 0 0 0 3.8000000000000003 0 5.6000000000000005 2.2 0 0.4 0 0 0.4 2.4000000000000004 6 0 0 0 0 0 2.8000000000000003 0 0 5.2 0 0.2 0 0.2 0 5.6000000000000005 2.6 1.6 0 0 0 2.8000000000000003 1.4000000000000001 2.4000000000000004 0.2 0 2.2 7.2 2.6 0 0 0 0 0 0 0 0 0 0 0 0 0 0 0 0 0 0 0 3.6 0 0 0.2 0 0 0.4 0 0 0 0 0 0 0 0 1.2000000000000002 0 0.2 0 29.400000000000002 0.2 5.4 0 0 0 0 0 0 0 0 0 0 0 0 0 0 0 0 0 0 0 0 0 0 0 0 0 0 0 0 0 
 0.4 0.4 0.4 0.4 1.4000000000000001 15.4 0 0.6000000000000001 0.2 14.8 0.2 15 0.4 0.2 0.2 0.4 0.4 0.6000000000000001 0 0.2 31.6 61.400000000000006 58.2 20.8 10 8.4 0 26 15.8 6.4 25.200000000000003 7.4 21 14.8 51.800000000000004 78.60000000000001 20.8 14.600000000000001 89.80000000000001 28.400000000000002 0 0.4 0 0 1 0.4 0 0 0 0.6000000000000001 0.8 0.8 0.4 0 0.6000000000000001 0.6000000000000001 0.4 0.4 0.4 0 0 0 0 0 0 5.800000000000001 0 0 0.6000000000000001 0 0 0 0 0.6000000000000001 0.6000000000000001 0 0.6000000000000001 10 0 0 0.2 2 0 0 3.8000000000000003 2.4000000000000004 0.4 0 0 0 0 11.4 0 0.4 0 0 0 0 2.6 0 2.4000000000000004 1.8 2.2 0 0 0 0.2 7.800000000000001 7.6000000000000005 0 0 0 0 4.800000000000001 2 3.2 0 2.6 4 2.8000000000000003 0 0 0 0 0 0 0.2 0 0 0 0 0 0.2 0 0 0 0 0 0 0 0 0 0 0 0 0 0 0 0.2 0 0 0 0.4 0 0 0 0 0 0 0 0 0 1.6 0 0 0.2 1 0 0.8 0 0 1.2000000000000002 0 0 2 0 0.2 0.2 0 0 2.2 3.4000000000000004 6 0 0 0 4.6000000000000005 4 3 0 3.8000000000000003 0 2 1.8 8 0 3.4000000000000004 2.2 0 0 0 0 0 0 0 1 0 0 0 0 0 0 0 0 0.4 0 0 0 0.4 0 0.4 0 0 0 0 0 0 0 0.4 0 0 0 0 0 0 0 2.2 0 0 0.2 0 0 0 0 0 0 19.400000000000002 0 0 0.2 0 0 0 0 1.8 0 0 0.4 0 0 0.6000000000000001 0 4.4 0 0 0 0 0.4 0 0 0 0 0 0 0 0 0 2 0 1.8 0 0.8 0 3.2 0 0 0 0 0 0 
 0.6000000000000001 0.6000000000000001 0.6000000000000001 15.600000000000001 0.6000000000000001 15.600000000000001 1 0.6000000000000001 1.2000000000000002 0.6000000000000001 0.6000000000000001 8.200000000000001 0.6000000000000001 0.6000000000000001 0.6000000000000001 0.8 0.6000000000000001 0.8 0.6000000000000001 0.6000000000000001 43 40.6 53.800000000000004 31.400000000000002 29 50.6 26 0 32.800000000000004 34.4 24.400000000000002 22.6 34.4 48 21.6 103.2 60.400000000000006 98.80000000000001 12.4 40.800000000000004 0 0.4 0 0 0.6000000000000001 0 0 0 5.800000000000001 0.6000000000000001 0.4 0.8 0.4 0 0.6000000000000001 0.6000000000000001 0 0 0.4 0 0 0 0 0 0 0 0 0 0.6000000000000001 0 0 0 0 0.6000000000000001 0.6000000000000001 0 0.4 0 0 0 0 0 0 0 0 0 0 0 0 0 0 0 0 0 0 0 0 0 0 0 1.2000000000000002 0 4.4 0 0 0 6.4 0.2 0.2 1.6 0 0 2.4000000000000004 1.8 2.6 0 0.2 0.2 3.6 5.2 0.2 0 0 0 0 0 0 0 0 0 0 0 0 0 0 0 0 0 0 0.2 0 0 0 0 0 0 0 0 0 0 0 0 0 0 0 0 0 0 0 6.6000000000000005 0 0 0 0 2.4000000000000004 0 0 0 0 0 0 0.4 0 0 0 0 0 0 0 0 2.8000000000000003 4 8.4 0 5 2.4000000000000004 1.8 8.200000000000001 4.2 4.4 3.6 3.2 2 3 8.8 3 0 3 0 0 0 0 0 0 0 0 0 0 0 0 0.4 0 0 0 0 0 0 0 0 3.6 0 2.4000000000000004 0 0 0 0.4 0 0 0 0 0 0 0 0 0 0 0 0 0 0 0 0 0 0 0 0 0 0 0 0 0 0.2 0 0 1.2000000000000002 0.4 0 0 0 0 0.4 0 0 0 0 0 2.6 0.4 0 0 0 0 0 0 0 0 0 0 0 0 0 2 0 0 0 0.8 2.2 0 0 0 
 0 0 0 0.2 0.6000000000000001 0 0 0 0 0 0 9.600000000000001 0 1.2000000000000002 0.2 0.2 0 0.6000000000000001 0 0.4 51.400000000000006 38.400000000000006 95.4 31.400000000000002 31.200000000000003 37.800000000000004 15.8 32.800000000000004 0 81.2 53 25.8 49.2 23.200000000000003 16.2 73 71 31.200000000000003 40 38.2 0 0.4 1.2000000000000002 0.8 0.6000000000000001 0 8.200000000000001 0.4 0.6000000000000001 1.2000000000000002 1 1.2000000000000002 0.6000000000000001 0 0.6000000000000001 0.6000000000000001 0 0.6000000000000001 0.8 0.2 1.4000000000000001 0 0 0 0.2 0 0 0 0.8 0 0 0.2 0.4 0.6000000000000001 0.6000000000000001 0 1 0 0 0 0 0 0 0 0 0 0 0 0 0 0 0 0 0 0 0 0 0 0 0 7 2.4000000000000004 2.8000000000000003 3.8000000000000003 4.2 9.4 0.2 0.4 0.6000000000000001 0 5 4.2 4 0 4.6000000000000005 0.2 3 0.2 0 7.2 2 0.2 0 0 0.2 0 0 0 0 0 0 0 0.2 0 0 0 0 0 0.2 0 0 0 0 0 0 0 0.4 0 0 0 0 0 0 0 0 0 0 0 0 0 0 0 0.4 0 7.800000000000001 0 1.2000000000000002 0 5.800000000000001 0 0 0.8 0 0 0 0 0 0 0 0.6000000000000001 4.2 2.4000000000000004 4 0.2 0 8.200000000000001 0 1.8 2.8000000000000003 1.6 5.4 0 0.2 4 2.4000000000000004 4 0 2.2 0 0 2.6 0 0 0 0 0 2.8000000000000003 5.6000000000000005 2.6 0 0 0 0 2.6 0 3 0 0 0 0.2 0 0 0 0 2.4000000000000004 0 0 0 0 0 0 3.6 0 2.2 0 0.4 0 0 0 0 0 0 0.2 0 0 0 0 0 0 0 0 0 0 0 3 0.4 0.2 2.6 0 0.4 0.2 0.4 0 0 0 14 0 0 0 0 0 0 0.4 0 0 0 0 0.4 0 0 0 0 0 0 0 0 2.2 0 0 0 
 0 0 0 0 0.8 0 0 0 0 0 0.4 0 0 0.4 0 0 0 0 0 0 38.800000000000004 21.6 48.800000000000004 24.400000000000002 19.6 21 6.4 34.4 81.2 0 31.400000000000002 27.8 42.2 21.6 28.200000000000003 48.400000000000006 54.800000000000004 23.400000000000002 61.2 33.2 12.600000000000001 0.4 0 41.400000000000006 0.6000000000000001 0 16.8 14 1.2000000000000002 0.6000000000000001 0.4 0.8 0 0 0.6000000000000001 0.6000000000000001 0 0 0.2 0 0 0 0 0 0 0 0 0 0.6000000000000001 0 0 0 0 0.6000000000000001 0.6000000000000001 0 0.4 0 0 0 0 0 0.2 0 0 0 0 0 0 0 0 0 0 0 0.4 0 0 0.2 0.4 0 2.4000000000000004 3.8000000000000003 5 0 2.4000000000000004 6 0.2 0 0 0.2 1 5.800000000000001 3.4000000000000004 0 5.4 2 2.4000000000000004 0.2 3.4000000000000004 2 2.8000000000000003 0 0 0.2 0 0 2.6 0 0 0 0 0 2.4000000000000004 1.8 0.2 0.2 0 0 0 0.2 0 0 0 0 0 0 0 0 0 0 0 0 0 0 0 0 0 0 0 0.6000000000000001 0 1.6 0 0 2 0 0 0 0 0 0 1.6 0 0.2 0 0 0 0 0 0 3 7.6000000000000005 0.4 3.8000000000000003 0 3 0 2.4000000000000004 5.4 1.8 1.8 3.6 0 6.4 1.6 5.800000000000001 0 0 0.2 0 3.2 4 0 0 0 0 0 2.4000000000000004 1.4000000000000001 0 0 0 0.2 0 0 0 0 0.2 0.2 4 0 0 0.4 0 0 0 0 0.2 0 0 0 0 0 0 3.2 0 0.4 0 0 0 0 0 0 0 0 0 0 0 0 0 0 0 0 0 1.6 0.6000000000000001 0 0.2 0.2 0.2 2.2 0 0 0 0 0 0 0 0 0 0 0 0 0 0 0 0 0 0 0 0 3.8000000000000003 0 0 0 0 2 0 0 0 
 0 0 0 0 0 0 0 0.2 0 0 0.4 0 0 0.4 3.4000000000000004 0 0 0 0 0 5.4 87.2 69 29 39.800000000000004 47.400000000000006 25.200000000000003 24.400000000000002 53 31.400000000000002 0 30 9.8 8.8 15.200000000000001 17.2 25.200000000000003 113.2 6.6000000000000005 12 4.4 0.4 0 0 0.8 0 0.2 5 0 1.8 0.4 0.8 16.6 17.6 5 0.6000000000000001 0 0 0.2 12.600000000000001 0 0 0 0 0 0 1.2000000000000002 0 0.6000000000000001 0.2 0 0 0 0.6000000000000001 0.6000000000000001 0 0.4 0 0.2 0 0 0 0 0 0 0 0 0 0 0 0 0 0 0 0 0 0 0 0 0 0 0 0 4 2.6 1.8 0 1.8 2.4000000000000004 1 0.2 6 0 0 0 0 0 3.2 0 0 7.800000000000001 0 0.2 0 0 0 5.800000000000001 2.2 0 0 0 0 2.6 6.2 4 0 0 0 8.8 4.800000000000001 0 0 0 0 0 0 0 0 0 0 0 0 0 0 0 0 1.8 0 0 0.2 0 0 0 0 1.4000000000000001 0 0 0 0 0 0 0.4 0 0 0 0 0 0 0 0 0 0 0 0.2 3.8000000000000003 2.6 0 0 0 0 3.6 1.8 0 0 0 0 0 2.4000000000000004 0 0 7 5 3.2 0 0 0 12.200000000000001 6 3.8000000000000003 0 0 0 4 7 7.4 1.8 0.4 3.6 10.200000000000001 9.4 0 0 0 0 0 0 0 0 0 0 0 0 0 0 0 0 0 0.4 0 0 0 0 0 0 0 0 0 0 0 0 0 0 0 0 0.6000000000000001 0.4 0.8 7.6000000000000005 14.8 0 0.4 0.4 0 10 0 0.2 0 0 0 0 0 0 0 0 0 0 0 0 0 0 0 0 0 0.2 0 0.8 0 0 0 0 
 0 0 0 0 1 1 0 0 0 0 0.6000000000000001 0.2 0 0 6.4 0.4 0 0.6000000000000001 0 0 21.400000000000002 23.8 38.400000000000006 17.2 57.400000000000006 13.600000000000001 7.4 22.6 25.8 27.8 30 0 6.800000000000001 24 39.800000000000004 52 30.400000000000002 49.800000000000004 6.4 48.6 0 0.4 0 0 0.6000000000000001 0 0 0 0 0.6000000000000001 0.4 0.6000000000000001 25.6 4.800000000000001 21.6 0.8 0 0 1.6 3.2 0 0 0 0 0 0 0 0 0.6000000000000001 21.6 0 0 0 0.6000000000000001 0.6000000000000001 0 0.6000000000000001 0 0 0 0 0 0 0 0 0 0 0 0 0 0 0 0 0 0 0 0 0 0 0 0 2.8000000000000003 3.4000000000000004 3.2 2.2 8 4.6000000000000005 0 4.2 8 2.2 0 0.2 5.4 2.6 10.600000000000001 9.4 10.600000000000001 0 0 0.4 2 0 0 0 0 2.4000000000000004 2.2 2.4000000000000004 0 0 0 5.800000000000001 0.2 0 0 0 0.4 0 0 0 0 0 1.6 0 0 0 0 0 0 0 0 0 1.8 0 0 0 0 0 0 0 0 0 0 0 0 0 0 0.2 0 0 0 0 0 0 0 0 0 0 0 6.2 2.6 2 6.2 1.6 8.200000000000001 0 0 2 4.4 7 1.4000000000000001 0.4 5.6000000000000005 2.6 11.200000000000001 7.2 2.2 2.8000000000000003 0 0 0 1.8 0 0 0 0 2.6 0.4 0 0.4 0 7 0.4 0 0 0 0 2 7.6000000000000005 0 0 0 0 0 0.4 0 0 0 0 0 0 0 0 2.4000000000000004 0 0 0 0.4 0 0 0 4.4 0 0 0 0 0 0 0 0 0 0 0 2.8000000000000003 0.8 0 15.200000000000001 15.8 0 0.6000000000000001 0.2 0 0 0 0 0 0 0 0 0 0 0 0 0 0 0 0 0 0 0 0 0 0 0 1.8 0 0 0 0 
