 0 78.2 19.8 74.2 44.800000000000004 24 85.2 126.2 90.4 32.4 69.8 49.6 11 46.6 30 55.2 9 30.6 7.4 83 0.4 0.6000000000000001 0 0.6000000000000001 0.6000000000000001 0 0 0.4 0.2 0.6000000000000001 0.4 0 0 0 0 0.6000000000000001 0 0 0 0 0.4 0 0 0.6000000000000001 0.6000000000000001 0 0 0.4 0 0 0 0.4 0 0 0 0.4 0 0 0 0.6000000000000001 0 0.2 0 0 0 0 0 0 0.2 0 0.2 0 0.8 0 0 0 0 0 0 0 5.4 2.6 4.2 5.4 0 0.2 1 1.8 0 1.6 0 0 0 6.6000000000000005 2 0 2.8000000000000003 1.2000000000000002 4.4 9.4 0 0 0 0 0 0 0.2 0 0 0.2 0 0 5 0 0 0 0 0 0 0 0 0 0 0 0 0 0 0 0 0 0 0 0 0 0 0 1.8 0.2 0 0 0 0.2 0.2 0 0 0 0 0 0 0 0.4 0 0 0 0 0 0.2 0 0 0 0 12.600000000000001 4.2 2.4000000000000004 0.4 0.2 3.2 0.4 0 0.8 5.2 2 3 0 2.8000000000000003 6.6000000000000005 0 0 4.2 1.8 0 0 0.2 0 0 0 0 0 0 0 0 0.2 0 0 0 0 0 0 0.2 0.2 0 0 0 0 0 0 0 0 0.4 0 0 0 0 0 0 0 0 0 0 0 0 0 0 0.2 0 0.4 0 0 0 0 0 0 0 0 0 0 0 0 0 0 0 3 0 0 0 0.4 0 0 1 0 0.4 1.4000000000000001 0 0 0 0 0 0 0 0 0 0 0 0 0 4.4 0.4 0 0 0 4 0 0 0 0 0.2 0 0 0 0 0 0 0 0 0 0 0 0 0 0 
 78.2 0 33.2 12 11 45.2 23.200000000000003 54.6 29.200000000000003 11 17.2 5.4 9.8 8.200000000000001 61.2 9.4 25.8 79.4 10 29 0.4 7 0 0.4 0 0 0 0.2 0.4 0.6000000000000001 0.4 0 14.600000000000001 0.4 0 0.8 0 0 22.6 0 0.6000000000000001 0 0 0 0.6000000000000001 0 0 0.4 0 6.2 0 0.4 0.4 0 0 0.4 0 0 0 0.6000000000000001 0 0.4 0 0 0 0 0 0.4 0 0 0 0 0 0 0 0 0 0 0 1 2.8000000000000003 0 0.2 2.6 0 8.200000000000001 0 2.2 0.2 4.2 10 4 3.6 4.6000000000000005 0 5.2 0 0 0.2 0 0 0 0.4 0 0 0 4.800000000000001 0 0 0 0 0 0 0 0 0 0 0 0 0 0 0 0 0 0 0 0 0 2.8000000000000003 0 0 0 0 0 0 0 0 0 0 0 0 0.4 0 0 0 0.6000000000000001 0.2 0 0 0 0 0 3 0 0 0 0 0 0 0 0 6 2.2 3.2 0 2.6 0.2 1.4000000000000001 5.800000000000001 6.800000000000001 3.4000000000000004 10.4 0 3.2 6 12.4 3 2 3.8000000000000003 0 0 0.2 0 0 0 0 0 0 0 0 0 0 3.4000000000000004 0 0.2 0 0.2 0 10 0 0 0 0 0 0 0 0 0 0 0 0 0 0 0 0 0 0 0 0 0 0 0 0 0 0 0 0 0 0 0 0 0 0 0 0 0 0 0 0 0 0 0 0 0 0 0.2 0 0 0.2 0.2 3 2 0.6000000000000001 0 0 0 0 0 0 0 0 0 0 0 0 0 0 0 0 0 0 0 0 0 0 0.2 2.4000000000000004 0 0 0 0 0 0 0 0 0 0 0 0 0 
 19.8 33.2 0 39 78.60000000000001 24.200000000000003 13.600000000000001 43.800000000000004 84.2 45.2 43 18 30.8 11.4 59.2 28.200000000000003 47.400000000000006 39.800000000000004 24.8 52.2 0.4 1.4000000000000001 0 0.4 0 0 0 0.2 0 1.8 1.6 1 0 0.2 0.6000000000000001 0.6000000000000001 1 0 8 0.2 0.6000000000000001 0 0 1 1.6 0 0.8 2.2 0 2.2 0 0.4 0.2 0 0 1 0 1.2000000000000002 0 0.6000000000000001 0 0.6000000000000001 0 0 1.2000000000000002 0 0 0 1.2000000000000002 0 0 0 0 1.2000000000000002 0 0 0 0 1.2000000000000002 0.2 0 3.2 3.2 2.2 0 3.6 1.2000000000000002 3 10 2.2 0 1.2000000000000002 0 3.4000000000000004 7.6000000000000005 3 5.4 5.800000000000001 3.2 0 0 0.2 0 0 0 0 4.4 0 0 0 0 0 2.4000000000000004 4.2 0 1.6 0 0.2 0 0 0 0 0 0.2 0 0 0 0 2.2 0 0 0 0 0 0 0 0 0 0 0 0 0.2 0 0 0 0 0 0 0 0 0 0.4 0 0 1.2000000000000002 0 0 0 0 1.6 2.8000000000000003 10 2.8000000000000003 2.2 0 0.2 0 0 2.4000000000000004 5 2.4000000000000004 9.600000000000001 0 0.2 1.8 3.2 1.4000000000000001 0.2 0 0.2 0.2 0 0 0 0 0 0 2.8000000000000003 0 0 0 0 0 4.800000000000001 0 0 0.2 0 0.4 0 0 0 0 0 0 0 0 0 3.4000000000000004 0 0 0 0 0 0 0 0 0 0 0 0 0 0 0 0 0 0 0 0 0 0 0 0 0 0 0 0 0 0 0 0 0 0 0 0 0.2 0.2 0 0.2 19 0 1 1.8 2.6 0 0 0 0 0 0 0.4 0 0 0 0 0 0 0 0 0 0 0 0 0 0 4.2 0 0 0 0 0 0 0 0 0 0 0 0 0 0 
 74.2 12 39 0 67.4 73.60000000000001 20.400000000000002 80 106 38 36 21.200000000000003 7.6000000000000005 15.600000000000001 36.4 29.8 31.400000000000002 50.6 16.400000000000002 74.2 0.4 15.600000000000001 0 0.4 0 0 0.4 0.2 0.2 0.6000000000000001 16.6 0 0.2 4.6000000000000005 27.400000000000002 0.6000000000000001 0 6.800000000000001 0.2 25.6 0.6000000000000001 0 0.6000000000000001 0.4 12.600000000000001 0 0 0.4 0.6000000000000001 0 0 0.4 0.4 7.6000000000000005 0.6000000000000001 0.4 0.4 0 0 1.2000000000000002 10.8 0.6000000000000001 0 0 0 0 0 0 0 0 0 0.2 0 0 0 3 0.4 0 0 0 0 0 0 6.6000000000000005 4.6000000000000005 6.6000000000000005 0 2.2 5.6000000000000005 3.6 3 0.2 0 4 3 3 4.2 4.800000000000001 0 0 3.2 2.6 0 0 0 0.2 4 2.2 9 0 0 0 2.2 1.6 2.6 0 0 0 4.6000000000000005 3.2 0 0 0 0 0 0 0 0.2 12.200000000000001 0 0 0 2 0 0 0 0 0 0 1.8 0 0.4 0 0 0.6000000000000001 0 0 0 0 0 1 0 0.6000000000000001 0 0 0 0 0 0 0 0.4 4 7.800000000000001 0 4.2 0.4 2.6 0 3.6 5.6000000000000005 5.4 7.2 0 0 0 7.2 0 0.2 0 0 0 0 2.8000000000000003 0 0 0 3 0 0 0 0 0 7.2 0 2 0 0 3.6 8.200000000000001 3.8000000000000003 0 0 0 0.4 0 0 0 0 0 0 0 0 0 0 0 0 0 0 0 0 0 0 0.4 0 0 0 0 0 0 0 0 0 0 0 0 0 0 0 0 0 0 2.8000000000000003 0 0 0 0 17.8 0.4 0.2 0 0 1.2000000000000002 0 0 0 0 0 0 0 0 0 0 0 0 0 0 0 0 0 0 0 0 0 0 0 0 0 0 0 0 0 0 0 0 0 0 0 0 0 0 
 44.800000000000004 11 78.60000000000001 67.4 0 58.2 12.600000000000001 86.60000000000001 37 87.4 32.2 13.600000000000001 11.200000000000001 66.60000000000001 61.800000000000004 54.400000000000006 54.6 24.8 41 53.6 0.6000000000000001 1.2000000000000002 0 0.4 0 0 0 0.2 14 0.6000000000000001 0.4 0 14.4 0 0.6000000000000001 16 0 0 0 0.6000000000000001 0.6000000000000001 0 0 0 10.4 0 0 0.4 0 0 0 0.4 0.4 0 12.8 0.4 0 0.4 0 1.4000000000000001 0 0.4 0 0 0 0 0 0 0 0 0 0 0 0 0 7.800000000000001 0 0 0 0 0 0 0 3 5.800000000000001 0 1.6 7.800000000000001 5 9.600000000000001 3.8000000000000003 1.4000000000000001 0 3 5.6000000000000005 5 6.6000000000000005 6.4 0 0 0 0 0 0 0 0 0 0 3.2 0 5.6000000000000005 0.4 5.6000000000000005 0 3.6 0 0 0 2.4000000000000004 1.6 0 0 0 0 0 0 0 0 2.8000000000000003 0 0 0 0 0 0 0.4 0 0 0.2 0 0 0.2 0 0 0 0 0.2 0 0 0.2 0.2 0 0.2 0 0 0 0 0 1 0 0 7 3.8000000000000003 0 3 4.6000000000000005 2.2 0 3.8000000000000003 2 4 2.4000000000000004 0 0.4 0 2.6 1.6 0 0 0.4 1.8 0 0 0 0 0 4.6000000000000005 5.800000000000001 9.600000000000001 0 0 0 0 0 8.6 0 0 0 4.2 0 0 0.4 0 0 0 0 0 0 0 0 0 0 0 0 0 0 0 0 0 0 0 0 0 0 0 0 0 0 0 0 0 0 0 0 0 0 0 0 0 0.2 0 0.8 0 0 0 0.8 0.2 0 17.8 2.4000000000000004 0.4 1.2000000000000002 0.4 0.6000000000000001 0 0 0 0 0 0 0 0 0 0 0 0 0 0 0 0 0 0 0 0 0 0 0 1.8 0 0 0 0 0 0 0 0 0 0 0 0 
 24 45.2 24.200000000000003 73.60000000000001 58.2 0 48.400000000000006 60.6 13.8 96.4 57.400000000000006 15.4 21.200000000000003 6.2 76.2 33 17 33.6 13.200000000000001 9.8 0.4 15.600000000000001 0 0.4 0 0 0 0.2 7.6000000000000005 0.6000000000000001 0.6000000000000001 0 14.8 0.2 0.6000000000000001 0.6000000000000001 0 9 15.200000000000001 16.2 0.6000000000000001 0 0 0 0.6000000000000001 0 0.4 0.4 0 0 0 0.4 0.4 0 0 0.6000000000000001 0 0 0 14 0.2 0.6000000000000001 0 0 0 1.2000000000000002 0 0 0 0 0 0 0 0 0 0 0 0 0 0 0 2.2 3 0 0 8.8 0 0 5.6000000000000005 0.2 15.200000000000001 1.6 0 2.8000000000000003 0 6.800000000000001 2.2 1.2000000000000002 0 0 0.4 2.6 0.4 2.6 0 3.4000000000000004 7.2 0 11.8 0.2 0 0.2 3.6 3.4000000000000004 0.8 0 0 0 2.8000000000000003 0.4 0 0 0 0 2 0 0 0 2.8000000000000003 0 0 0 0 0 0 0 0 0 0 0 0 0 0.4 0 0 0.6000000000000001 0 0.4 0 0 0 0 4 0 0 0 0 0 0 0 0 0 0 0.6000000000000001 3.8000000000000003 2.8000000000000003 0 0 0.6000000000000001 5.800000000000001 4.800000000000001 2.4000000000000004 0 5 0 4.800000000000001 0.2 14.4 0 0 0 3.2 0 0.2 0 0 0 0 0 2.4000000000000004 0 0 3 6.2 0 0.4 0 0 9.200000000000001 2.8000000000000003 0 0 0 0 0 0.4 0 0 0 1.4000000000000001 0 0 0 0 0 0 0 0 0 0 2.6 0 0 0 0.4 0 0.2 0 0 0 0 0.2 0.2 0 4.800000000000001 0 0 0 0 0 0 0.2 0 0 0 0.4 0.4 0 0 0.2 0.2 2 0 0 0 0 0 0 0 0 0 0 0 0 0 0 0 0 0 0 0 0 0 0 0 0 2 0 0 0 0 0 0 0 0 0 0 0 0 0 
 85.2 23.200000000000003 13.600000000000001 20.400000000000002 12.600000000000001 48.400000000000006 0 63.6 12.8 41.2 8.200000000000001 9.4 52.800000000000004 27 15.600000000000001 23.8 25.400000000000002 52.800000000000004 57.400000000000006 83.80000000000001 0.4 0.6000000000000001 0 0.6000000000000001 0 0.2 0.2 0.4 0.4 0.6000000000000001 0.4 0.4 0 0.2 0 0.6000000000000001 0.6000000000000001 0 0 0.4 0.4 0 0 0 13.4 0 0 0.4 0 0 0 0.4 0.2 0 0 0.4 0 0 0 0.6000000000000001 0 0.6000000000000001 0 0 0.6000000000000001 0 0.2 0 0.4 0 1.2000000000000002 0 0 0.6000000000000001 0 0 0 0 0 0 0 2 0.4 0 0 0 10.600000000000001 0 0 0 0 4.2 0.4 0.2 5.4 0 4.2 0 0 8 0 0 0 0 0 0 1.8 0 0 0 1.2000000000000002 0 0 0 0.4 0 0 0 0 0 0 0 0 0.4 0 0 0 0 0 0 0 0 0.4 0 0 0.4 0 0 0 0 0 0.4 1.2000000000000002 0 0 0 0 0 0 0 1.6 0 0 0.2 0 0 0 0 0 0 1.8 1 2 0.6000000000000001 0 0 0.4 5.2 4.6000000000000005 0 1 0 16.8 0.2 0 0 0 0 5.2 3.8000000000000003 0 0 0 0 0 0 0 0 0 0 0 0 0 0 0 0 0 0 0 0 0 0 0 0 0 0 0 0 0 0 0 0 0 1 0 0 0 0 0 0 0 0 0 0.2 0 0 0 0 0 0 0 0 0 0 0 0.4 0.4 0 0 0 0 0 0 0 0 0 0.6000000000000001 0.4 0.8 0 0 2.2 0 0 0 0 0 0 0 0 0 0 1.8 0 0 0 0 0 0 0 0 0 0 0 0 0 0 0 0 0 0 0 0 0 0 0 0 0 0 0 
 126.2 54.6 43.800000000000004 80 86.60000000000001 60.6 63.6 0 94.2 50.2 11.200000000000001 49.6 36.6 81.60000000000001 17.6 67.2 28.8 15.8 32.2 45.400000000000006 0.4 0.6000000000000001 0 0.6000000000000001 0 0 0.4 0.4 0.6000000000000001 0.6000000000000001 0.4 0 0.2 0 0 1 0.4 0 0 0 0.4 0 0 0 0.6000000000000001 0 0 0.4 0 0 0 0.4 0.2 0 0 0.4 0 0 0 0.6000000000000001 0 0.2 0 0 0 0 0 0 0 0 0.2 0 1 0 0 0 0 0 0 0 2.8000000000000003 6 3.6 4.4 0.2 0 2 6.2 0 5.2 4.4 9.8 0 3.8000000000000003 0 2 0.6000000000000001 2 5 4 0.2 0 0 0 0.2 0 0 0 0 0 0 0 3 0 0 0 0 0 0 0 0 0 0 0 0 0 0 0 0 0 0 0 0 0 0 0 0 0 0 0 0 0.2 0 0 0 2.2 0 0 0 0 0 0 0 0 0 0 0 0 0 0 0.4 6.4 3.6 3.4000000000000004 0 0 8 0 0.2 0 3.4000000000000004 0.2 0 1.8 3 8.4 0 3.4000000000000004 0.2 0 0 0 0 0 0 0 0.4 0 0 0 0 0 0 3.4000000000000004 0 0 0 0 0 3 0 0 0 0.4 0 0 0 0 0 0 0 0 0 0 0 0 0 0 0 0 0 0 0.4 0 0 0 0 0 0 0 0 0 0 0 0 0 0 0 3.4000000000000004 0 0 2 0 0 0.4 0.4 0 0 17.6 0 0.4 1.4000000000000001 0 0 0 0 0 0 0 0 0 0 0 0 0 0 0 0 0 0 0 0 0 0 0 0 0 0 0 0 0 0 0 0 0 0 0 0 0 0 
 90.4 29.200000000000003 84.2 106 37 13.8 12.8 94.2 0 29.400000000000002 39 6.4 29.200000000000003 17 52.6 63.6 42.2 31.400000000000002 85 86.4 0.4 0.6000000000000001 0 0.6000000000000001 0 0 0 0.4 0.2 0.6000000000000001 0.4 0 0.2 0 0 0.6000000000000001 0.2 0 0 0 0.4 0 0 0 0.6000000000000001 0 0 0.4 0 0 0 0.4 0.2 0 0 0.4 0 0 0 0.6000000000000001 0 0.2 0 0 0 1.2000000000000002 0 0.6000000000000001 0 0 0 0 0 0 0 0 0 0 0 1.2000000000000002 4 5.800000000000001 0 6.800000000000001 0 2.4000000000000004 5 9.200000000000001 1.8 4 2.8000000000000003 0 0 2.2 0.8 0.2 3.2 2.6 9.600000000000001 0 0 0 0 0 0.2 0 0 0 0 0 1.4000000000000001 0 2.4000000000000004 0 0 0 0 0 0 0 0 0 0 0 0 0 0 0 0 3 0 0 0 0 0 0 0 0 0 0 0 0.4 0 0 0 0 0 0 0 0 0 0 0 0 2 0 0 0 0 0.8 0 7.2 7.6000000000000005 0.2 0 0 2.2 2 5.2 5.800000000000001 4.6000000000000005 11.200000000000001 0 0 18.6 3.4000000000000004 5.2 0.2 3 0.2 0 0 0 0 0 2.8000000000000003 0 0 0 0 0 0 0 0 0 0 0 0 5.2 0 0 0 0 0 0 0 0 0 0 0 0 0 0 0 0 0 0 0 0 0 0 0 0 0 0.2 0 0 0 0 0.2 0 0 0.4 0 0 0 0 0 0 0 0 0.2 0 0 0 0.8 0 0 17.2 0.2 0 2 2.4000000000000004 0 0 0 0 0 0 0 0 0 0 0 0 0 0 0 0 0 0 0 0 0 0 0 0 0 0 0 0 0 0 0 0 0 0 0 0 0 
 32.4 11 45.2 38 87.4 96.4 41.2 50.2 29.400000000000002 0 24.8 26 8.6 55 65 55 91.60000000000001 46.6 20.200000000000003 22.400000000000002 0.4 0.6000000000000001 0 0.4 0 0 4.6000000000000005 0.2 0.6000000000000001 0.6000000000000001 0.6000000000000001 0 0.2 15.4 14.600000000000001 0.8 0 0 15.600000000000001 7 1 0 0 0 0.6000000000000001 0.6000000000000001 0 1 0.8 0.6000000000000001 0.2 0.4 0.4 0 0 0.4 0 0.6000000000000001 0 0.6000000000000001 0.4 0.4 0.6000000000000001 0 0 0 0 0 0.6000000000000001 0 0 0 0.6000000000000001 0 0 0.6000000000000001 0 0 0 0 1.8 0 1.2000000000000002 11.200000000000001 8.4 0 0 3.8000000000000003 1.2000000000000002 0.2 4.2 4.2 0 0.4 0 3.6 0 3.6 0 0 5.2 4.2 0 0 0 0 5.6000000000000005 0 0 0 0 0 4.6000000000000005 5.4 0 2 0 0 3.2 2 0 0.4 0 0 0 0.4 0 0 0 0 0 0 0.4 0 0 0 0 0.2 3 0 0 0.4 0 0 0.6000000000000001 0 0 0 0 0 0.4 0 0 0 0 0 0 0 0 0.2 2.8000000000000003 3.4000000000000004 9.200000000000001 2.2 2 0 2 0 0 2.4000000000000004 11.200000000000001 0 0 2.6 0 0 0 4.4 0 0.2 1.8 0 2.8000000000000003 0 0 0 0.2 0 0 0.4 0 0 5.2 0 0 0 0 3.6 5.2 0.2 0 0.2 0 0 0 0 0 0 0 0 0 0 0 0 0 0.2 0 0 0 0 0 0 0 0 0 0 0 0 0 0.2 0 0 0 0 0 0 0 0 0 0 0 0 0 0 0 0 39.400000000000006 0.4 18.2 17.400000000000002 0 1.6 0 0 0 0 0 0 0 0 0 0 0 0 0 0.4 0 0 0 0 0 0 0 0.6000000000000001 0 2.2 0.2 0 0 0 0 0 0 0 0 0 0 0 0 0 
 69.8 17.2 43 36 32.2 57.400000000000006 8.200000000000001 11.200000000000001 39 24.8 0 30.200000000000003 6.800000000000001 12.8 31 41.2 25.6 29 6.4 15.200000000000001 0.4 15 0.2 0.4 0 0.2 0.2 0.2 0 0.6000000000000001 0.8 0 15 14.4 15.600000000000001 0.6000000000000001 0 0 0 6.6000000000000005 0.6000000000000001 0 0 0 0.6000000000000001 0 7.2 0.4 0 0 0 0.4 0.4 0 0 0.6000000000000001 0 0.2 0 2.2 0 0.6000000000000001 0 0 0 0 0 0 0 0 0 0 0 0 0 0 0 0 0 1.6 0 2.6 0 8.200000000000001 2.4000000000000004 2.2 0 2.8000000000000003 2.4000000000000004 0.2 5.800000000000001 1.6 0 0 0 2.6 9.4 4.4 0 0 3 3.4000000000000004 0 0 0 0 6.800000000000001 2 3.4000000000000004 0 0 0 3 8 3.6 0 0 0 8.4 3 0 0.2 0 0 0 0 0 3.8000000000000003 0 0 0 0 0.2 0 0 0.2 0 0 0.4 0 0 0.4 0 0 0.8 0 0 0 0 0.4 0.8 0.2 0 0 0 0 0 0 0 0.4 0 6.800000000000001 9.600000000000001 0 4.2 0.4 2.2 0 4.800000000000001 4.4 9.8 0 0 0 1.6 0 0 2 2.8000000000000003 0 0 0 2.8000000000000003 3.6 0 0 0 0.4 0 0.2 1.8 0 2.8000000000000003 3 0.2 2.2 0 3.8000000000000003 9.4 3 0 0.2 0 0 0 0 0 0 0 0 0 0 0 0 0 0 0 0 0 0 0 0 0 0 0 0 0 0 0 0 0 0 0 0 0 0 0 0 0 0.4 0 0.4 0 0 0 0 17.6 0 18 21.400000000000002 0.2 1.2000000000000002 3.6 0 0 0 0 0 0 0 0 0 0 0 0 0 0 0 0 0 0 0 0 0.4 0 0 0 0 0 0 0 0 0 0 0 0 0 0 0 0 
 49.6 5.4 18 21.200000000000003 13.600000000000001 15.4 9.4 49.6 6.4 26 30.200000000000003 0 25.400000000000002 49.400000000000006 12.8 22.400000000000002 21 23.400000000000002 9.200000000000001 7 15.200000000000001 27.6 0 0.4 4.800000000000001 0 14.600000000000001 0.8 0.4 0.6000000000000001 1 0.6000000000000001 6.2 11 5 0.6000000000000001 0 7.4 22.200000000000003 15.200000000000001 0.6000000000000001 0 0 0 12.4 0.6000000000000001 15.8 0.4 0 1 0 0.4 0 0 0.4 0.4 0 0 0 0.6000000000000001 0.6000000000000001 0.4 0.6000000000000001 0 0 0 0 0 0 0 0 0 0 0 1.2000000000000002 0 0 0 0 0 0 1.4000000000000001 2 0 0.2 6.6000000000000005 0 0 0.2 0.2 1.4000000000000001 4 3.8000000000000003 0 0 3.4000000000000004 2.4000000000000004 0 0 0 2 0 0 0.2 0 0 6.6000000000000005 5.4 15 0 0 0 0 3 5.6000000000000005 0 0.2 0 3.2 4 0 0.4 0 0 0 0 0 0 0 0 0 0 0.4 2 0 0.4 0 0 0 0 0 0.2 0 0 0 0 0 0 0 0 0 0 1.4000000000000001 0 0 0 0 0 0 0.2 0 0 0 0.2 0 0.2 2.4000000000000004 0 0 0 0.2 0.2 0 0 4.2 0.2 2.4000000000000004 2.8000000000000003 0 0 2.6 5.800000000000001 1.4000000000000001 0 0 0 3.6 2.6 3 0.4 0 0 12.8 2.8000000000000003 4.4 2.2 2.4000000000000004 0 0 6.2 0 0.4 0 0 0 0 0 0 0 0 0 0 0 0 0 0 0 0 0 0 0 0 0 0 0 0 0 0 0 0.2 0 0 0 0 0 0 0 0 0 0.4 0 0 0 0 0 0.2 0.6000000000000001 0 0 0.2 0.4 0 0.8 0 0 0 0 0 0 0 2.4000000000000004 0 0 0.2 0 0 0 0 0 0 0 0 0 0.2 0 0 0 0 0 0 0 0 0 0 0 0 0 0 0 0 
 11 9.8 30.8 7.6000000000000005 11.200000000000001 21.200000000000003 52.800000000000004 36.6 29.200000000000003 8.6 6.800000000000001 25.400000000000002 0 25.400000000000002 8.6 6.4 6.4 65.2 78.4 29 3.8000000000000003 1 0 0.4 0 0 0 0.2 0.2 0.6000000000000001 0.4 0 0 0 0.2 1 0.2 12 0 0.2 0.6000000000000001 0 0 0 14.4 0.8 0 0.4 0 0 0 0.4 0.4 0 0 0.6000000000000001 0 0 0 0.6000000000000001 0 0.6000000000000001 0 0 0 0 0 0 0.2 0 0.2 0 0.8 0 0 0 1 0 0 0 1.6 9.200000000000001 1.8 0 0 0 3.8000000000000003 2.6 3.6 2 0 0 3 0.2 15.200000000000001 0 3.4000000000000004 1.8 4 6.4 0.2 0 0 0 0 0 0 0 0 0 0 0 0 0 0 0 0 1.6 0 0 2.4000000000000004 0 0 0 0 0 0 0 0 0 0 0 0 0 0 0 0 0 0 0 0 0.4 0 0 0 0 0 0.2 0 0 0 0 0 0 0 0 0 0 0 0 1 0 0 2 0 0 4.4 5.6000000000000005 0 0 1.2000000000000002 0 0 0 1.2000000000000002 1.8 4.4 0 1.4000000000000001 2.8000000000000003 0 0 0 0 0 0 0 0 0 0 0 0 0.8 0 0 0 0 0 0 0 0 0 0 0 0 0 0.2 0 0 0 0 0 0 0 0 0 0 0.4 0 0 0 0 0 0 0 0 0.4 0 0 0 0 0 0.4 0 3 0 0 0 0 0 0 0.4 0 0 0 0.4 0.4 0 0 0 0 1.4000000000000001 0 0 0 0 0 0 0 0 0 0 5 0 0 0 0 0 0 0 0 0 0 0 0 0 0 0 0 0 0 0 0 0 0 0 0 0 0 0 
 46.6 8.200000000000001 11.4 15.600000000000001 66.60000000000001 6.2 27 81.60000000000001 17 55 12.8 49.400000000000006 25.400000000000002 0 17.400000000000002 6.800000000000001 5.4 5.6000000000000005 26.6 62 0.4 1 0 0.6000000000000001 0.2 0.4 0 0.4 0.4 0.6000000000000001 0.4 0 0 0 0 0.6000000000000001 0 0 0.2 0 0.2 0 0 0 0.6000000000000001 0 0 0.4 0 0 0.2 0.4 0 12.600000000000001 0 0.4 0 0 0 1.2000000000000002 0.6000000000000001 0 0 0 0 0 0 0 0 0 0.8 0 0 0 0 0 0 0 0 0 2.6 4.6000000000000005 0 0.8 0 0 3.8000000000000003 2.6 0 1.2000000000000002 2.8000000000000003 0 0.2 0.2 2.4000000000000004 2.6 0 0 3 0.2 0 0 0 0 0 0 0 0 0 0 0.2 0 0 0 0 0 0 0 2.2 0 0 0 0 1.6 0 0 0 0 0 0 0 0 0 0 0 0 0 0 0 0 0 0.4 0 0 0 0 0 0 0 0 0 0 0 0 0 0 0 0 0 0 0 0 2.6 0 2.8000000000000003 0 0 15.600000000000001 0 2.6 2 0 1.4000000000000001 0.2 0 2.8000000000000003 0 0 12 0 0 0 0 0 0 0 0 0 0 2.6 0 0 0 0 0 0 0 0 0 0 0 0 0 0 0 0 0 0 0 0 0 0 0 0 0 0 0 0 0 0 0 0 0 0 0 0 0 0 5.800000000000001 0 0 0 0 0 0 0 0 0 0 0 0 2.8000000000000003 0 0 0 0 0.2 0 0.4 0.2 0 2.6 0 0 0 0 0 0 0 0 0 0 0 0 0 0 0 0 0 0 0 0 0 0 0 0 0 0 0 0 0 0 0 0 0 0 0 0 0 0 
 30 61.2 59.2 36.4 61.800000000000004 76.2 15.600000000000001 17.6 52.6 65 31 12.8 8.6 17.400000000000002 0 35.800000000000004 37 54 19.400000000000002 21.200000000000003 0.4 15.200000000000001 0 1 0 0 0 0.4 0 1 0.4 0 0 0 0 0.6000000000000001 0 0 15.4 0 0.2 0 0 0 0.6000000000000001 0 0 0.4 0 0 0 0.4 0.4 0 0 0.4 0 0 0 0.6000000000000001 0 0 0 0 0 0 0 0 0 0 0 0 0 0 0 0 0 0 0 0.6000000000000001 0.2 0 0 0 0.2 3.2 0 6.6000000000000005 5.2 4.800000000000001 15.600000000000001 3.8000000000000003 0 4.2 2.4000000000000004 5.4 9.600000000000001 7 0 0 0.2 0.2 0 0 0 0 0 0 0 0 0 0 4.800000000000001 0 0 0 0 0 0 0 0.4 0 0.4 0 1.4000000000000001 0 3.4000000000000004 0 3.2 0 0 0 0 0 0 0 0 0 0 0.2 0 0.2 0 0 0 2 0 0 0 0 0 0.2 1 0 0 0 0 0 0.4 0 0 3.6 0 0.2 0.2 3.4000000000000004 0 2.6 1.6 3.2 13.8 3.4000000000000004 0 1.8 5.4 4 2.4000000000000004 6.2 0 0 3.4000000000000004 0.2 0 0 0 0.2 0 4 0 0 0 0 0 5.800000000000001 0 0 0 0 8.6 3.4000000000000004 0 0 0 0 0.2 0 0 0 0 0 0 0 0 0 0 0 0 0 0 0 0 0 0 0 0 0 0 0 0 0 0 3 0 0 0 0 0 0.4 0 0 0 0 0 0 0 0.6000000000000001 0 0 0 17.400000000000002 0.2 4.2 2 0 0 0 0 0 0 0 0 0 0 0 0 0 0 0 0 0 0 0 0 0 0 0 2 0 0 0 0 0 0 0 0 0 0 0 0 0 
 55.2 9.4 28.200000000000003 29.8 54.400000000000006 33 23.8 67.2 63.6 55 41.2 22.400000000000002 6.4 6.800000000000001 35.800000000000004 0 28.400000000000002 36.2 17.8 15.600000000000001 0.4 0.6000000000000001 0 0.4 0 0 5.800000000000001 0.2 0.4 0.6000000000000001 0.4 0.2 0 0.2 0 0.6000000000000001 0 0 4.800000000000001 0.2 0.4 0 0 3.6 0.6000000000000001 0.4 1 0.4 0 0.8 0 0.4 0.4 0.2 0 0.4 0 0 0 0.6000000000000001 0 0.2 0 0 0 0 0 0 0 0 0 0 0 0 0 0 0 0 0 0 0 3 0.8 5 2.2 4.800000000000001 1.6 2.2 7.800000000000001 5.2 3.8000000000000003 6.4 0 0 2 2.8000000000000003 6.6000000000000005 4.6000000000000005 0 0 0 0 0 0 0 0 8 2.2 0 0.4 0 0 4 6 0.4 0 0 0 0 0 0 0 0 0 0 0.2 0 0 0 0 0 0 0 0 0 0 0 0 0 0 0 0.4 0 0 1.4000000000000001 1.2000000000000002 0 0 0 0 0 0 0 0 0 0 0.4 0 0 0 7 4.4 2.2 0 2 1 1.2000000000000002 0 0 0 4.6000000000000005 2.8000000000000003 0 2.6 0 0 2 2.2 0 9 0.6000000000000001 0 3 0 0 0 3.8000000000000003 3.8000000000000003 0 0 0 0.4 10.8 4.4 0 0 0 0.2 0.2 7 0.4 0 0 0 0 0 0 0 0 0 0 0 0.4 0 0 0 0 0 0 0 0 0 0 0 0 0.2 0 0 0 0 0 0 0 0 0 0 0 0.8 0 0 0 0 0 0 0 0.4 0.2 0 8.200000000000001 17.400000000000002 0.2 0.8 0 0 0 0 0 0 0 0 0 0 0 0 0 0 0 0 0 0 0 0 0 0 5.800000000000001 0 0 0 0 0 0 0 0 0 0 0 0 0 0 0 
 9 25.8 47.400000000000006 31.400000000000002 54.6 17 25.400000000000002 28.8 42.2 91.60000000000001 25.6 21 6.4 5.4 37 28.400000000000002 0 37.4 18 27 1.2000000000000002 0.6000000000000001 0 0.4 0 0 17.8 0.2 0 0.6000000000000001 0.4 0 3.6 0.6000000000000001 0 0.6000000000000001 0 0.6000000000000001 22.400000000000002 0.2 0.6000000000000001 0 0 0 0.6000000000000001 0.6000000000000001 3.6 0.4 0 1.4000000000000001 0 0.4 0.4 0 0.6000000000000001 0.4 0.6000000000000001 0 0.6000000000000001 0.6000000000000001 0 0.6000000000000001 0 0 0 0 6 0 0 0 0.8 0 1.4000000000000001 0 0 0 0 0 0.4 0.6000000000000001 0 8 6.800000000000001 0 0 5 1.8 0 4.2 3.8000000000000003 5.2 1.8 0 2.8000000000000003 2.8000000000000003 3 9.4 2.6 10.200000000000001 6.2 0 0 0 0 0 0 4.4 0 0 0 0 0 0 3.2 0 0 0.2 0 0.2 0.4 0 0.4 0 0 0 0 0 0 0 0 0 0 0.4 0 0 0 0 0 0 0 0 0 0 0 0 0 0 0 0 0 0 0 0 0 0.8 0 0 0 0 0.8 2.8000000000000003 0 0.4 5 0 2.6 3.8000000000000003 0 0.2 9.600000000000001 0.6000000000000001 1.8 0 0 2.4000000000000004 3.4000000000000004 1.4000000000000001 3.4000000000000004 0.2 0 3.2 0 0 0 0 0 0 0 0 0 0 0 2.8000000000000003 3 2.8000000000000003 0 0 0 2.8000000000000003 0 0 0 0 0 0 0 0 0 0 5 0 0 0 0 4.4 0.4 0 0 0 0 0 0 0 0 0 4.2 0 0 0 0.2 0 0 0 0 0 0 0 0 0 0 0 0 0 0 0 0.2 0 0.2 0 0 2.2 5.2 0 0 0 0 0 0 0 0 0 0 0.2 0 0 0 0 0 0 0 0 0 0 0.2 0 1.2000000000000002 1.8 0 0 0 0 0 0 0 0 0 0 0 0 0 
 30.6 79.4 39.800000000000004 50.6 24.8 33.6 52.800000000000004 15.8 31.400000000000002 46.6 29 23.400000000000002 65.2 5.6000000000000005 54 36.2 37.4 0 9 9 0.4 0.8 0 0.2 0 0 0.4 0 0 0.4 0.4 0.2 0.2 0 0.2 0.6000000000000001 0 0 22.8 0 0.6000000000000001 0 0 0 0.6000000000000001 0 0.2 0.4 0 0.4 0 8.200000000000001 0 0 0 15.8 0 0 0 0.6000000000000001 0 0.6000000000000001 0 0 0 0 0 0 0 0 0 0 0 0 0 0 0 0 0 0.8 1.6 0 1.8 3.6 0 10.600000000000001 0 5 0.2 0.4 6 2.6 0 3.4000000000000004 0.2 1.4000000000000001 0.8 1.2000000000000002 0 0 0.4 0 0 0 0 0 6.2 0 0 0 0 2.2 2.8000000000000003 3 0 0 0 0 0 0 0 0 0 0 0 0 0 0 2.4000000000000004 0 0 0 0 0 0 0 0 0 0 0 0 0 2.6 0 0 1.2000000000000002 0 0.4 0 0 0 0 5.4 0 0 0 0 0 0 0 0.2 0 4.2 0.8 2 3.4000000000000004 0 3.2 0.6000000000000001 10.8 2.8000000000000003 6.4 0 2.6 1.4000000000000001 16.6 0.6000000000000001 6 0 0 2.4000000000000004 0.2 0 0 0 0 0 0 0 0 0 0 0.2 11.8 0 0.4 0 0 10 3.4000000000000004 0 0 0 0 0 0.4 0 0 0 0 0 0 0 0 0 0 0 0 0 0 0 6.2 0 0 0.4 0 0.2 0 0 0 0 0 0.2 0 0 0 0 0 0 0 0 0.2 0 0 0 0.6000000000000001 1.4000000000000001 0.2 0.6000000000000001 0.8 0.4 4 2.4000000000000004 0 0 0 0 0 0 0 0 0 0 0 0 0 0 0 0 0 0 0 0 0 0 2.8000000000000003 2.2 0 0 0 0 0 0 0 0 0 0 0 0 0 
 7.4 10 24.8 16.400000000000002 41 13.200000000000001 57.400000000000006 32.2 85 20.200000000000003 6.4 9.200000000000001 78.4 26.6 19.400000000000002 17.8 18 9 0 57.6 0.4 0.6000000000000001 0 1.4000000000000001 0 0 0.4 0.2 0.4 0.6000000000000001 0.4 0.4 0 0 0 0.6000000000000001 0 0 4.2 0 0.6000000000000001 1.2000000000000002 0 0 1.8 0.4 0 1.2000000000000002 0 0 0 1.6 0.4 0 0 1.6 0.4 0 0 0.6000000000000001 0 2.4000000000000004 0.4 0 0 0 6.6000000000000005 0.8 1.4000000000000001 0 10.4 0 0 0 0 0 0 0.4 0 0 0 2.8000000000000003 1.4000000000000001 0 0 0.2 2.6 0 2 2.6 0 0 5 2.8000000000000003 2.2 0 6.800000000000001 1.8 0 9.8 0 0 0 0 0 0 0 0.2 0 0 0 0 0 0 0 0 0 0 0 0 0 2 0 0 0 0 0 0 0 0 0 0 0 0 0 0 0 0 0 0 0 0.2 1.4000000000000001 0 0 0 0 0 0 0 0 0 0 0 0 0.4 0 0 0 0.2 3.4000000000000004 2.2 1.6 7.800000000000001 0 0 0 2 3.2 0.2 1.4000000000000001 0 6.2 0 0 0 0 0 0 3.6 0 0 0 0 0 0 0 0 0 0 0 0 0 0 0 0 0 0 0 0 0 0 0 0.4 0 0 0 0 0 0 0.2 0 0 0 0 0 0 0 0 0.4 0 1 0 0 0 0 0 0 0 0 0 0 0 0 0 0 0 0 0 0 0 0 0 0 0 0 0 0 0.4 0.2 0 3 0 0 0 0.4 0 0 0 0 0 0 0 0 0 0 0 0 0 0 0 0 0 0 0 3.2 0 0 0 0 0 0 0 0 0 0 0 0 0 0 
 83 29 52.2 74.2 53.6 9.8 83.80000000000001 45.400000000000006 86.4 22.400000000000002 15.200000000000001 7 29 62 21.200000000000003 15.600000000000001 27 9 57.6 0 0.6000000000000001 0.6000000000000001 0 0.2 0 0 0 0 0 0.4 0.4 0.4 0.2 0 0 0.6000000000000001 0 0 0 0 0.6000000000000001 0 0 0 0.6000000000000001 0 0 0.4 7 0 0 0.4 0.2 0 0 0.6000000000000001 0 0 0 0.8 0 2.4000000000000004 0 0 0 0 4.2 0 1.4000000000000001 0 0 0 0 0 0 0 0 0 0 0 10.200000000000001 6.800000000000001 6 4 0 0 5.2 2.8000000000000003 0 1 0.2 0 4.2 7 3.8000000000000003 0 0 0 0 2.6 0 0 0 0 0 0 0 0 0 0 0 0 0 0 0 0 0 0 2.6 0 0 0 0 0 0 0 0 0 0 0 0 0 0 0 0 0 0 0 0 0 0 0.2 0 0 0 0 0 0 0 0 0 0 0 0 0 0 0 0 0 0 0.4 4 2 1 12.600000000000001 0 0 0 13.4 0 0.2 0 0 0.8 4.800000000000001 3.6 0 0 13.600000000000001 4.800000000000001 0 0 0 0 0 0 0.4 0 0 2.8000000000000003 0 0 0 0 0 0 0 0 0 0 0 0 0 0.4 0 0 0 0 0 0 0 0 0 0 3 0 0 0 0 0 2 0 0.4 0 0 0 0 0 0 0 0 0 0 0 0 0 0 0 0 0 0 2.4000000000000004 0 0 0 0.2 0 0.4 1.2000000000000002 0.4 0.6000000000000001 2.2 0 0 0 0 0 0 0 0 0 0 0 0 0 0 0 0 0 0 0 0 0 0.4 0 0 0 0 0 0 0 0 0 0 0 0 0 0 0 0 
 0.4 0.4 0.4 0.4 0.6000000000000001 0.4 0.4 0.4 0.4 0.4 0.4 15.200000000000001 3.8000000000000003 0.4 0.4 0.4 1.2000000000000002 0.4 0.4 0.6000000000000001 0 51.800000000000004 43.800000000000004 31.200000000000003 7 51 30.6 29.400000000000002 11 8.8 22 62.6 132.8 9.600000000000001 8.8 19.400000000000002 29 41.400000000000006 104 23.6 0.2 0 0 12.4 0 0.4 0.2 0 0 0 0 0 0.4 0 0.6000000000000001 0 0 0 0.4 0 0 0 0 0.6000000000000001 0.6000000000000001 0 0.6000000000000001 0.4 0.2 0 0.6000000000000001 0.6000000000000001 0 0 0 0 0 0 0 0.6000000000000001 0 0 0 0 0.4 0.2 0 0 0 0 0 0 0 0 0 0 0 0.4 0 0 2.6 0.2 0 2.6 5.4 0 0 1 6.6000000000000005 3.8000000000000003 6.4 5.6000000000000005 1.8 2.4000000000000004 1.4000000000000001 14.200000000000001 3 5.2 4.6000000000000005 4.6000000000000005 4.4 0 0 0 0 0 0 0 0 0 2 0 0 0.2 0 0 0 0 1.2000000000000002 2.4000000000000004 0 0.2 6.4 0 0 0 0 1.8 0 0 0.4 0 0 0 0 0 0 0 0.2 0 0 0 0 0 0 0 0.4 0 0 0 0 4 0 0 0 0 0 0 0 0 2 3.4000000000000004 2.2 0 0 2.2 1.4000000000000001 4.800000000000001 3 5.2 1.4000000000000001 0 1.2000000000000002 2 0.2 4.6000000000000005 4.800000000000001 5.2 0 3.6 0 0 0 0 0 0 0 0 0 0 0 0 2.4000000000000004 0 0 0 0 0 2.4000000000000004 0.2 0 0.4 0 0 0 0 0 0 0 0 0 0 0 0 0 0 2 0 2.4000000000000004 0 0 0 0 0 0 0 0 0 0 0 0 0 0 0 1.2000000000000002 0 0 0 15.600000000000001 0 1 0 0 0 0 0 0 0 0 0 0.2 0 0 0 0 0 0 0 0 1.6 0 0 0 0 0 3 0 0 0 0 
 0.6000000000000001 7 1.4000000000000001 15.600000000000001 1.2000000000000002 15.600000000000001 0.6000000000000001 0.6000000000000001 0.6000000000000001 0.6000000000000001 15 27.6 1 1 15.200000000000001 0.6000000000000001 0.6000000000000001 0.8 0.6000000000000001 0.6000000000000001 51.800000000000004 0 104.4 15.200000000000001 86.60000000000001 22.8 50 54.6 24.6 70.2 58.2 12.8 21.400000000000002 24.400000000000002 44.6 37.6 5.4 68.4 23.8 32.4 0 0 0 0 0 0.4 12.4 1.2000000000000002 0 0 0 0 0 0 0.6000000000000001 0 0 0 0.4 15.200000000000001 0.8 0 0 0.4 0.6000000000000001 0 0.4 0.6000000000000001 0 0 0.6000000000000001 0.6000000000000001 0 0 0 1 0 0 0 0.6000000000000001 0 0 0 0.4 0.2 2 0 0 0 0 0 2.4000000000000004 0 0 0 0.2 0 0 0 0 0.8 1.4000000000000001 2.2 1.4000000000000001 0 1.6 1.8 3.6 10.8 2.2 0 3.6 0.4 0 7.2 0 0 2.8000000000000003 4.2 4.4 0 0 0.4 0 9 0 0 0 0 0 0 0 0 4 0 0.2 0 0 2 0.2 0 0.2 0 0 0.2 0 0 2.4000000000000004 2.4000000000000004 0 0 0 0 0 0 0 0 0.4 0 0 0.2 0 0 0 0 0 0 0 0 0 0 0 0 0 0 0 0 0 0 0 0 4.4 3.4000000000000004 0 0 5 0.8 0 2.8000000000000003 6.2 2.2 5.6000000000000005 1.2000000000000002 0 0 2.4000000000000004 8.6 0 0 2 0 0.4 0 0 0 0 0 0 0 0 0.2 0 0 0 0 2.2 0 0 2 1.2000000000000002 0 0 0 0 0 0 0 0 0 0 0 0 0 0 0 0 0 0 0 0 0 0 0 0 0 0 0 0 0 0 0 0 0 0 2.8000000000000003 0 0 0.2 0.2 0.4 1.4000000000000001 0 0 0 0 0 0 0 0 0 0 0 0 0 0 0 0 0 0 0 0 3.8000000000000003 0 0 0 0 0 0 0 0 
 0 0 0 0 0 0 0 0 0 0 0.2 0 0 0 0 0 0 0 0 0 43.800000000000004 104.4 0 19.6 61.400000000000006 22 15.200000000000001 24 15 19.8 89.60000000000001 16.8 35.6 43.800000000000004 45.6 32.2 9.200000000000001 62 8.8 22.6 0 0 0 0.2 0.4 0.6000000000000001 0.2 8.4 0 0 41 0 0.2 0.4 0.6000000000000001 0 0 0 0.6000000000000001 0 0 0 0 0.4 0.4 0 0.6000000000000001 0.6000000000000001 0 0 0.6000000000000001 0.6000000000000001 0 0 0 0 0 0 0 0.4 0.2 0 0 0 4 0 0 0 0 0 0 0 0 0 0 0 0 0 0 0 6.2 0 6.800000000000001 1.2000000000000002 4.2 6 0 4.6000000000000005 0 11 0 2.8000000000000003 2.2 3.4000000000000004 3.8000000000000003 0 2 2.4000000000000004 3.2 2.2 0 0 0 0 0 0 0 0 0 0 0 0 0 3 0 0 0 0 8.200000000000001 0.4 0 0.2 0 0.4 0 0 0.4 1 0 0.2 1 0 0 0 0 0 0 0 0 0 0 0 0 0 0 0 0 0 0 0 0.2 0 0 0.4 0 0 0 0 0 0 4.4 1.6 2.6 4.800000000000001 0.4 4.800000000000001 4.6000000000000005 1.8 5.800000000000001 3 1.4000000000000001 4 1.4000000000000001 9.200000000000001 0.4 2.8000000000000003 21.200000000000003 6 3 5.6000000000000005 2.4000000000000004 0 0.4 0 0 0 0 0 0 0 0 0 2.8000000000000003 0 0 0 0 0 1.6 0 0 0 0 0 0 0 3.2 0 0 0 0 0 2.2 0 0 0 0 0 0 0 0 0 0 0 0 0 0 0 0 0 0 0 0 0 1 0 0 0 15.4 0 0.6000000000000001 0.2 0 0 0 0 0 0 0 0 0 0 0 0 0 0 0 0 0 0 0 0 0 0 0.4 0 0.4 0 0 0 
 0.6000000000000001 0.4 0.4 0.4 0.4 0.4 0.6000000000000001 0.6000000000000001 0.6000000000000001 0.4 0.4 0.4 0.4 0.6000000000000001 1 0.4 0.4 0.2 1.4000000000000001 0.2 31.200000000000003 15.200000000000001 19.6 0 22.8 67 13.8 60.400000000000006 72.4 81.2 41 49.400000000000006 55.6 15.600000000000001 14.600000000000001 11.8 37.6 37.4 54 14.200000000000001 0 0 0 0 0 2 4.4 0 0.2 0 0 0.2 1.4000000000000001 12.4 0.6000000000000001 0 0 0 21.6 18 0 0 0 0.4 0.6000000000000001 0 0.4 0.6000000000000001 0 0 0.6000000000000001 0.6000000000000001 0 6.4 0 0 0 0.4 0 0.6000000000000001 0 0 0.2 0 0 0 0 0.4 0 0 0 0 0 0 0 0 0 0 0 0 0 0 2.8000000000000003 3.2 1.4000000000000001 4.800000000000001 0 0 0 0 5.800000000000001 7 0 0 0 0 4.800000000000001 3.2 0 0 4.6000000000000005 2.2 2 0 0 0 4.2 3.2 0 0.2 0 0 0.2 0 3 4.2 0 0 5.2 2.2 0 0.2 0 0 0 0 0 0.6000000000000001 0 0 0 0 0 1.2000000000000002 0 0 0 5.800000000000001 0 0 0 0 0 0 0 0.4 0 0.4 0 0 0 0 0 0 0 0 0 0 0 0 2.6 2.6 2 0 1.8 1.8 0.2 0 0.2 0 0.2 3 0 2.6 2.4000000000000004 7 3.8000000000000003 5.4 0.2 0 4.800000000000001 0 3.8000000000000003 0 0.4 0 0.4 9 0 0 0 0 6.800000000000001 0.2 0 3.8000000000000003 0.4 0 2.6 2.2 0 0 0 0 0.2 0 0 0 0 0 0 0 0 0 0 0 0 0 0 0 0 0 11.8 0 0 0 0 0 0 0 0 0 0 0 2.8000000000000003 0 0.4 15.8 0.2 0.4 0 2 0 0 0 0 0 0 0 0 0 0 0 0 0 0 0 0.4 0 0 0 4.4 0 0 0 0 3.4000000000000004 0 0 0 
 0.6000000000000001 0 0 0 0 0 0 0 0 0 0 4.800000000000001 0 0.2 0 0 0 0 0 0 7 86.60000000000001 61.400000000000006 22.8 0 52 10.4 17.2 37.800000000000004 41.800000000000004 63.2 12.4 11.8 17.6 34.800000000000004 16.2 13 11.600000000000001 10.8 19.200000000000003 0 0 3 0.6000000000000001 0.2 2 14 3.2 0 0 0 0 6.4 0 0.6000000000000001 0 0 0 0.6000000000000001 0.2 0 0 0 0.4 0.6000000000000001 0 0.4 0.6000000000000001 0 0 0.6000000000000001 0.6000000000000001 16.2 0 0 0 0 0.4 0 0.6000000000000001 0 2.2 0 0.2 0 0 0 0 0 0 0 0 0 0 0 0 0 0 0 0 0 3.6 2.4000000000000004 0 8.4 3.2 0 2 3.8000000000000003 0 0 0 0 0 0 0 0 4.6000000000000005 0 0 4.4 4.4 2.4000000000000004 3.4000000000000004 0.4 0 1 2.8000000000000003 0 2 3.8000000000000003 2.8000000000000003 1.6 1.8 5.4 2 1.8 0 0 4.800000000000001 0 0 0 0 0 0 0 0 0 0 0 0.4 0 0 0 0 0 0 1.6 0 0.4 0 0 0 0 0 0 0 0 0 0 0 0 1.8 0 0 0 0 0 0 2.4000000000000004 0 0 10.200000000000001 5 2.8000000000000003 0 0 4 0 1.6 4.2 0 0 0 0 0 2.4000000000000004 0 0 0 0.2 2.6 0.4 0.2 0 1.4000000000000001 6 0 2 2.4000000000000004 0.4 4.800000000000001 2.8000000000000003 2 2.6 0.2 2 3 4.2 0 0 0 0 0 0 0 0 0 0 0 0.2 0 0.4 0 0 0 0 0 2.4000000000000004 0 0 0 0 0 0 0 0 0 0 0 0 0 0 1.2000000000000002 0 0 16.2 15.4 0 0 0 0 0 0 0 0 0 0 0 0 0 0 0 0 0 0 0 0 0 0 0 0 0.4 0 0 0 0 0 0 
 0 0 0 0 0 0 0.2 0 0 0 0.2 0 0 0.4 0 0 0 0 0 0 51 22.8 22 67 52 0 4.800000000000001 29.8 23.6 37.800000000000004 18.2 57 52 13.200000000000001 12 29 55.800000000000004 6.800000000000001 71.60000000000001 14.8 12.4 0 0.4 0.2 0 2.4000000000000004 0 13.200000000000001 0 13 0 3.2 12.600000000000001 0 18 0 0.4 0 0.6000000000000001 0.4 0 0 5.2 0.4 0.6000000000000001 0 0.6000000000000001 0.6000000000000001 0 0 0.6000000000000001 0.8 0 0 0 0 0 0 0 0.4 0 0 0 0 0 0 0 0 0 0 0 0.4 0 0 0 0 0 0 0 0 0 3.4000000000000004 0 0 14 0 0 1.8 3.6 1.8 5.4 0 0 0 0 0 2 7 0 0 2.4000000000000004 4.4 2.4000000000000004 2.8000000000000003 2.6 0 0 0.2 0 2 2.8000000000000003 5.800000000000001 3.6 1.4000000000000001 1.2000000000000002 2.2 0 0 1.8 6.2 0 0 0 0 0.2 0 0 0 0 0 0 0 0 0 0 0 0 0.4 0 0 0 0 0 0 0.2 0 0 1 0 3.6 0 0 0 0 0 1 0 0 0 0 2.4000000000000004 0 5.4 4.6000000000000005 0 3.6 0 0 2.2 0 8.4 5.2 0 2 0 2.2 4.4 4 0 0 0 0.4 0.4 0 0 0 3.6 3.2 2.4000000000000004 0 0 1.4000000000000001 20.400000000000002 4.800000000000001 4 2.6 0 0.2 0 9.600000000000001 0 0 0.2 0 0 0 0 0 0 0 1.4000000000000001 0 0 0 0.4 0 0.4 0 0 0 0 0 0 0 0 0 0 0 0 0 0 0 0 0 1.6 0 0.2 1 0 1.6 0.4 0 0 0 0 2 0 0 0 0 0 0 0 0 0 0 0 0 0 0 0 0 0 0 0 0 0 0 0 0 
 0 0 0 0.4 0 0 0.2 0.4 0 4.6000000000000005 0.2 14.600000000000001 0 0 0 5.800000000000001 17.8 0.4 0.4 0 30.6 50 15.200000000000001 13.8 10.4 4.800000000000001 0 21.200000000000003 9.600000000000001 6.4 25.6 70.60000000000001 58.800000000000004 63 12 9.200000000000001 25.400000000000002 6.2 20.200000000000003 27.6 12.600000000000001 0 0 0 0 0.4 0.2 0 0 0.2 0 0 0.4 0 0.6000000000000001 0 0 0 0.4 0 0 0 0 0.4 0.8 1 0.4 0.6000000000000001 0 0 0.6000000000000001 0.6000000000000001 0 0 0 0 0 0 0 0.6000000000000001 0 0 0 3.2 3.6 0 0 0 0 2.4000000000000004 3 1.6 0 0 0 6.6000000000000005 2.8000000000000003 0 0 0 3.8000000000000003 2 5.800000000000001 5.6000000000000005 0 4.800000000000001 4.800000000000001 2.2 4.800000000000001 4.2 0 6.4 0 5.800000000000001 2.6 2.4000000000000004 1.6 2.6 0.6000000000000001 6.2 0 0 0 0 0 0 0 0 0 0 0 0 0 0 0 0 0 0 0.4 2.8000000000000003 0 0.4 0 0 0 0 0 0 0 0 0 0 0 0 0 0.4 0 0 0 0 0 0 0 2.4000000000000004 0 0 0 0 0 0 0 0 0 0 0 0 1.6 0 3.8000000000000003 0.4 0.4 7.2 2.6 1.2000000000000002 0 0 0 5.800000000000001 0.6000000000000001 1.4000000000000001 6.4 2.4000000000000004 5.4 0 3.6 4.4 0 0.4 0 0 2.6 0 0 0 0 0 0 0 0 0 0 0 0 0 0 0 0 6.2 0 0 0 0 0 0 0 0 0 0.2 0 0 1.8 0 0 0 0 0 0 0 0 0 0 0 0 0 0 0 0 0 0 14.8 2.4000000000000004 0 0 0 1.8 0 0.2 0.4 1.8 0.4 0.2 0 0 0 0 0 6.800000000000001 0 0 0 0 0 0 0 0 0 4.2 0 0 0 0 0.2 0 0 0 0 0 0 0 0 
 0.4 0.2 0.2 0.2 0.2 0.2 0.4 0.4 0.4 0.2 0.2 0.8 0.2 0.4 0.4 0.2 0.2 0 0.2 0 29.400000000000002 54.6 24 60.400000000000006 17.2 29.8 21.200000000000003 0 51 42 26.8 21.200000000000003 48.800000000000004 36 15.4 61.400000000000006 29.200000000000003 9.200000000000001 30 52.400000000000006 0 0 0 0 0 0.4 0.2 0 0 0 0 0.2 1 0 0.6000000000000001 0 0 0 0.4 0 0 0 0 0.4 0.6000000000000001 1.2000000000000002 0.4 0.6000000000000001 0 0 0.6000000000000001 0.8 0 0 0 0 0 0.4 0 0.6000000000000001 0 0 0 0 2.4000000000000004 2 0 0.2 0 0 0 2 0 0 0 0 0 0 0 0 0 2.6 7.800000000000001 10.4 0 8.6 0 3.6 2.6 1.8 4.2 3 6 1 2.2 0 4.6000000000000005 3.6 0 1.8 4 0 0 0 0 0 2.8000000000000003 0 0 0.4 0 0 0 3 0 0 0 0 1.8 6.800000000000001 0 0.2 0 0 0 0 0 0.8 0 0 0 0 0 0 0 0 0 0 0.2 0 0 0 0 0 0 0 0.2 0 0 0 0 0 0 0 0 0 0 0 0 0 0 5.4 0 4.4 2.6 4.6000000000000005 2.6 7 0 3.6 4.2 9.8 0 0 13.4 5.6000000000000005 3.8000000000000003 2.2 0.4 0 2.6 0 0 0 0 0 0 0 0 0 0 0 0 0 0 0 0 0 1.8 5 0 0 0 0 0 0 0 0 0 0 0 0 0 0 0 0 0 0 0 0 0 0 2.4000000000000004 0 0 0.2 0 0 0 0 0 0 0 0 2.4000000000000004 0 0.4 6.6000000000000005 0.8 0 1.8 0 0 0 0 0 2.8000000000000003 0 0 0 0 0 0 0 0 0 0 0 0 0 0 3.8000000000000003 0 0 0 0 0 0 0 0 
 0.2 0.4 0 0.2 14 7.6000000000000005 0.4 0.6000000000000001 0.2 0.6000000000000001 0 0.4 0.2 0.4 0 0.4 0 0 0.4 0 11 24.6 15 72.4 37.800000000000004 23.6 9.600000000000001 51 0 65 8 53 48.6 16.8 65.2 26.200000000000003 26 44.2 20.200000000000003 30.400000000000002 0.6000000000000001 0 4.6000000000000005 0 0.6000000000000001 0.4 0 1.2000000000000002 0 0 0.4 0.4 0.8 0.2 0.6000000000000001 0.6000000000000001 0 0.4 12.8 0.6000000000000001 1 0 0 0.6000000000000001 8.4 1 0.4 0.8 0.2 0 0.6000000000000001 0.6000000000000001 0 0 0 0.4 0 0.6000000000000001 0 0.6000000000000001 0 0 0 0 0 0.2 0 0.4 0 0 0 0 0 0 0 0 0 0 0 2.4000000000000004 0 4 0 3.2 2.8000000000000003 12 0 5.4 9.600000000000001 0 7.6000000000000005 1.4000000000000001 0 0 3 7.4 5.4 7.800000000000001 0 0.4 4.4 0.4 0 0 0 0 3.8000000000000003 0 0 0 0 0 0 0 12.600000000000001 0 0 0 6 3.8000000000000003 0 0.4 0 0 0 0 0 0 0 0 0 0 0 0 1.8 0 0 0 1 0 0 0 0 0 0 3.6 0 0 0 0 0 0 0 0.8 0 0 0 0 0 0 3.6 3.4000000000000004 1.6 2.6 0 2.4000000000000004 2.4000000000000004 0 9.200000000000001 10.600000000000001 1.4000000000000001 4.800000000000001 0.2 0 14.200000000000001 2.6 0 3.4000000000000004 0 0 0.2 0 0 0 0 0 0 0 0 0 0 0 0 0 0 0.2 0 0 3.6 1.8 3 0 0 0 0 0 0 0 0 0 0 0 0 0 0 0 0 0 0 0 0 0 1.8 0 0 0.4 0 0 0 0 0 0 0 0 3.2 0 0 0.2 0 0 0.4 0 0 0 0 0 0 0 0 0 0 0 0 0 0 0 0 2.6 0 0 0 3 0 0 0 2.6 0 0 0 0 
 0.6000000000000001 0.6000000000000001 1.8 0.6000000000000001 0.6000000000000001 0.6000000000000001 0.6000000000000001 0.6000000000000001 0.6000000000000001 0.6000000000000001 0.6000000000000001 0.6000000000000001 0.6000000000000001 0.6000000000000001 1 0.6000000000000001 0.6000000000000001 0.4 0.6000000000000001 0.4 8.8 70.2 19.8 81.2 41.800000000000004 37.800000000000004 6.4 42 65 0 19.200000000000003 33.4 11.600000000000001 61.800000000000004 27.400000000000002 26.8 12.600000000000001 69.2 17.8 22.400000000000002 17 0 0.2 0 0 0.4 12.8 0 0 0 0 1 0.4 0 0.6000000000000001 0 0 0 25.400000000000002 24.8 0 0 0 0.4 0.6000000000000001 0 0.4 0.6000000000000001 0 0 0.6000000000000001 0.6000000000000001 0 0 0 0 0 0 0 0.6000000000000001 0 0 0 0 0 0 0 2.4000000000000004 0 0 0 0 0 0 0 0 0 0 0 0 0 5.4 0 3.2 2 0 0 1.8 6.4 1.8 1 0.2 1 0 0.4 3.4000000000000004 0 6.2 0 1.8 7.2 7 2.4000000000000004 0 0 0 0.2 0 0 0 0 0 8.4 4 9 0 0 0 0 4.6000000000000005 0 0 0 0 0 0 0 1.6 0 0 0 0 0 1 0 0 0 0 0 0 0 0 0 0 0 0 0 0 0 0 0 0 0 0 0 0 0 0 0 0 0 0.4 0 1.8 7.6000000000000005 17.6 4.6000000000000005 2.8000000000000003 0 2.6 9.8 2.6 0 1.8 3.2 2.8000000000000003 0.2 2.2 0 0 0.8 0 2.4000000000000004 0 0 0 4 0.2 0 0 0 0 0 5 8 0 2.6 1.4000000000000001 4.800000000000001 2.4000000000000004 0 0 0 0.2 0 0 0 0 0 0 0 0 0 0 0 0 0 0 0 0 0 0 0 0 0 0 0 0 0 0 0 0 0 0 3.4000000000000004 0 0 0.8 0.8 0 0.4 2.2 0 0 0 0 0 0 0 0 0 0 0 0 0 0 0 0 0 0 0 2.6 0 0 0 2.8000000000000003 3.6 0 0 0 
 0.4 0.4 1.6 16.6 0.4 0.6000000000000001 0.4 0.4 0.4 0.6000000000000001 0.8 1 0.4 0.4 0.4 0.4 0.4 0.4 0.4 0.4 22 58.2 89.60000000000001 41 63.2 18.2 25.6 26.8 8 19.200000000000003 0 49.2 12 17.8 32.2 71 19 20.400000000000002 12.200000000000001 30.400000000000002 12.8 12.200000000000001 0.6000000000000001 0.2 0.4 0.8 0.4 0.8 0 0.2 0 0 0.4 12.600000000000001 13.200000000000001 16 0 0.6000000000000001 14.4 19 0 0 0 0.4 0.6000000000000001 0.2 0.6000000000000001 0.6000000000000001 0 0 0.6000000000000001 0.6000000000000001 0 0 0 12.4 0 0 0 0.6000000000000001 0 0.4 0 0 0.4 0 0 0 0 0 0 0 0 0 0 0 0 0 0 0 0.2 0 2.4000000000000004 1.4000000000000001 0 5 0 6.6000000000000005 2.6 0.2 2.4000000000000004 5.2 2.4000000000000004 0 2.6 1.4000000000000001 3.6 0 0 2 7.6000000000000005 3.8000000000000003 2.4000000000000004 0 0 0 0.2 0 0 0 0 0 4 0.4 3.6 1.6 0 0 2.2 4 0.4 0.2 0 0 0 0.4 0 0.4 6.4 0 0 0 0 0 0 0 0 0 0 0 0 0 0 0 0 0 3 1 0 0 0 0 0 0 0 0 0 4.6000000000000005 0 0 0 6.800000000000001 2.6 0 0 0.8 0.2 0.2 2.2 3.6 4.6000000000000005 5.6000000000000005 1.8 0 0.4 2.8000000000000003 12.8 0 1.4000000000000001 0.2 14 0 2.4000000000000004 0 0 0 9 7.800000000000001 0 0 0 0 3.8000000000000003 3 4.4 2.8000000000000003 0 0 5.800000000000001 2.2 0 0 0 0 0 0 0 2.8000000000000003 0.4 0 0 0 0 0 0 0 0 0.4 0.2 0 0 0 0 0 0 0 0 0 0 0 0 0 0 0 1.6 0 0 8.4 0.2 0.2 0.4 0.4 0 0 0 0 0 0 0 0 0 0 0 0 0 0 0 0 0 0 0 0 0 0 0 0 3.6 0 0 0 
