 0 25 36.4 33.2 11.8 8.200000000000001 12.4 11.4 49.2 46.800000000000004 26.200000000000003 10.200000000000001 9.600000000000001 49.6 67 52.6 5.6000000000000005 43.800000000000004 30.200000000000003 8.200000000000001 0 0.2 16.2 15 1.4000000000000001 0 0.8 0.4 0 0 0 0.8 0 0.4 0 0 0.4 0 0 0.4 0 0.2 6.6000000000000005 0.2 0.6000000000000001 0.6000000000000001 0 0 0 0.4 0 1 0 0.4 0.6000000000000001 0 0.2 0 1 0 0 0 0 0.6000000000000001 0 0.4 0 0.6000000000000001 1.6 0.6000000000000001 0 0 0 0 1 0.2 0 0 0 0 3 0 10 3.2 3.6 1.2000000000000002 0 2.2 8.4 2.4000000000000004 5 8.4 0 1.8 2.6 7.2 2.2 5.4 4 2 4.4 0 0 0 0 0 0 0 0 0 0 0 0 0 0 0 0 0 0 3 0 0 0 0 0 0 0 0 0 0 0.4 0 0 0 0 0 0 0 0 0 0 0 0 0 0 0 0 0 0 1.8 0 0 0 0 0 0 0.4 0 0 0 2.4000000000000004 0.2 11.200000000000001 0 0 3.4000000000000004 0 6.6000000000000005 0.4 2.4000000000000004 0 5.6000000000000005 2.6 6.6000000000000005 9.4 0 3 0 2.8000000000000003 0 0 0 0 0 0 0 0 0 0 0 0 0 4 0 0 0 0 0 0 0 0 0 0 0 0 0 0 0 0 0 0 0 0 0 0 0 0 0 0 0 0 0 0 0 0 0 4 0 0 0 0 0 0 0 0 0 0 0 0 0 0 2 0 0 0 0 17.8 0 0.4 0.2 2.8000000000000003 2 1.4000000000000001 0 0 0 0 0 0 0 0 0 0 0 0 0 0 0 0 0 0 0 0 0 0 6.2 0.2 0 0 0 0 0 0 0 0 0 0 0 0 0 
 25 0 19.200000000000003 59.800000000000004 72.4 7.800000000000001 19.6 88 40.6 66.2 44 36 43.6 7.4 51.800000000000004 34 38.800000000000004 23.200000000000003 6.2 72.8 0 0 0 0 0.8 0.4 0.4 0.4 0 0 0 0.4 15.200000000000001 0.2 0.2 0 0 0.6000000000000001 0.4 14.8 0 0 0 0 0.4 8.200000000000001 0 0 0.4 0.4 0 0.6000000000000001 0 0.6000000000000001 0.6000000000000001 0 0 0 0.6000000000000001 0 0 0 0 0.6000000000000001 0.8 0.2 0 0.4 0 0 7.6000000000000005 0 0 0 0.6000000000000001 0 0 0 0 0 0 7.6000000000000005 12.8 4.800000000000001 1.2000000000000002 2.4000000000000004 0 2 2.8000000000000003 6.6000000000000005 3 2 4.6000000000000005 0 0 9.8 5 7.800000000000001 0 5.6000000000000005 4.800000000000001 0 0 0 0 0 0 3.6 0 0 0 0.4 0 1 8.8 0 0 0 4.6000000000000005 4.800000000000001 0 0 0 0 0 0 0 0 0 0 0 0 0 0 2.4000000000000004 0 0 0 0 0 0 0 0 0.4 0 0 0 0 0 0 1 0 0 0 0 0 0 0 0 0 0 0 0 4 3.2 5 3.2 2.2 0.4 0 8.8 0 2.2 0 2 3.6 5.6000000000000005 1.2000000000000002 0 0 7.800000000000001 0 0 0 0 0 0 0 0 0 0 0 2.6 0 0 0 0 0 2.8000000000000003 8 0 0 0 0 0 0.6000000000000001 0 0.4 0 0.2 0 0 0 0 0 0 0.4 0 0 0 0 0 0 0 0 0 0 0 0 0 0 0 5 0 0 0 0 0 0 0 0 0 0 0 0.2 0 0.4 0 18 9.600000000000001 0 1.4000000000000001 0 0 0 0 0 0 0 0 0 0 1.8 0 0 0 0 0 0 0 0 0 0 0 0 0 2.4000000000000004 0 0 0 0 0 0 0 0 0 0 0 0 0 
 36.4 19.200000000000003 0 19.400000000000002 11 16.400000000000002 38.2 19.200000000000003 25.200000000000003 26.400000000000002 41.6 26.200000000000003 12 26 51.2 17 29.6 81.2 10.4 11.600000000000001 0 0 0 0 0.8 0 0.6000000000000001 0.4 0 0 0 0.4 0 0 0 0 0.2 0 0 0 0 0 0 0 0.4 0.6000000000000001 0 0 0 0.4 10.8 0.6000000000000001 0 0.6000000000000001 0.6000000000000001 0 0 0 0.6000000000000001 0 0 0 7.2 0.6000000000000001 0 0.2 0 0.4 0 0 0 0 0 0 0.6000000000000001 1.8 0 0 0 0 0 3.6 7.2 5.4 5.4 1.6 0 7.2 11 5 10 2.4000000000000004 0 0.2 0 7 10.8 17.400000000000002 0 0.6000000000000001 7.800000000000001 3.2 0 0 0 0 4 2.2 0 0 0 0 4.800000000000001 2.8000000000000003 3 0 0 0 0.6000000000000001 5.2 0.2 0 0 0 0 0 0 0 0 0 3.8000000000000003 0 0 0 2.4000000000000004 0.4 0 0 0 0 0 0 0 10.4 0 0 0 0 0 1.8 0 0 0 0 0 0 0 0 0 0 0 0 4.6000000000000005 0 3 11.600000000000001 0 4.6000000000000005 2 0.4 0.2 1.2000000000000002 0 0 9.600000000000001 0 3 0 0 0.4 0.4 0 0 0 0 0 0 0 0 0 0 0 2.8000000000000003 3.2 0 0 0 0 3.6 0 0 0 0 0 0.2 0 0 0 0 0 0.2 0 0 0 0.4 0 0 0.2 0 0 0 0 0 0 0 0 0 0 0 0.4 0 0 0 0 0 0 0 0 0 0 0 0 0 0 0 0.4 0 0.2 17.8 2.2 0 3.2 0 0 0 0 0 0 0 0 0 0 0 0 0 0 0 0 0 0 0 0 0 0 0 0 0.4 0 0 0 0 0 0 0 0 0 0 0 0 0 
 33.2 59.800000000000004 19.400000000000002 0 37.800000000000004 7.800000000000001 57.400000000000006 35.4 37 33.6 12.200000000000001 30.400000000000002 15.4 21.200000000000003 40 28.200000000000003 60.800000000000004 27 61.800000000000004 17 0 0 0 0 0.8 0 0.6000000000000001 0 0 0.2 0 0.4 0 19.8 0 0 0 0.2 0 14.600000000000001 0 0 0 0 0.6000000000000001 0.6000000000000001 0 0 0 0.4 0 0.6000000000000001 0 0.4 0.4 0 0 0 0.6000000000000001 0 0 0 0 0.6000000000000001 0 0.6000000000000001 0 0.6000000000000001 0 0 0 0 0 0 0.6000000000000001 0.8 0 0 0 0 2.4000000000000004 2.4000000000000004 2 3.4000000000000004 2.6 2.4000000000000004 0 2 0 0 4.6000000000000005 5.2 0.4 0 4.4 0 7.800000000000001 2.8000000000000003 0.2 0.4 1.6 0 0 0 0 0 0 0 1.8 0 0 0 0 0 0.2 0 0 0 3 0 0 0 0 0 0 0 0 0 0 0 3.6 0.2 0 0 1.8 0 0 0 0 0 0 0 0 0.2 0 0 0 0 0 0 0 0 0 0 0 0 0 0 0.4 0 0 0.2 0.6000000000000001 5 0.2 4.6000000000000005 0 2.2 0 4.800000000000001 9 3.4000000000000004 0.2 0.2 0 2.8000000000000003 0 3 0.2 0 1.8 0 0 0 0 0 0 0 0 0 0 0 7 6.2 0 2.8000000000000003 0 0 4.2 3.2 0 0 0 0 0 0 0 0 0.4 0 0 0 0 0 0 0 0 0 0 0 0 0 0 0 0 0 2.6 0 0 0 0 0 0 0 0 0 0 0 0 0 0 2.6 0 0 0 0.6000000000000001 0.6000000000000001 0.4 17.6 0.8 0 0.8 0 0.4 0 0 0 0 0 0 0 0 0 0 0 0 0 0 0 0 0 0 0 0 0 2.2 2.2 0 0 0 0 0 0 0 0 0 0 0 0 0 
 11.8 72.4 11 37.800000000000004 0 45.400000000000006 29.200000000000003 40.800000000000004 62.800000000000004 14.8 50.800000000000004 32.2 57.6 10 57.800000000000004 39.2 11 9 15 16.2 0.4 0 15.4 0 1 0.4 0.4 15 0 0 0 0.8 14.600000000000001 22 18.2 0 0 0 0 0.2 0 0 0 0 0.4 0.6000000000000001 0 0 0 0.4 0 1 0.2 0.6000000000000001 0.6000000000000001 0 0.6000000000000001 0.2 0.6000000000000001 0 0 0 0 0.6000000000000001 2.2 1.2000000000000002 0 0.4 0 0 0 0 0 0 12.200000000000001 0 0 0 0 0 0 2 6 3 2.2 0.4 0 0 0 1.8 6.2 0 0 0 0 1.8 0 0 0 0 2.4000000000000004 3.8000000000000003 2 0 0 0 2.6 8.8 1.8 2.2 3.6 0.6000000000000001 3.6 3.8000000000000003 7.2 0 0 0 6.6000000000000005 0 0 0 0 0 0 0 0 0 0 0 0 0 0 0 0 0 0 0 0 0 0 0 0 0 2 0 0 4.4 0 0 0 0 0 0 0 0 0 0 0 1.4000000000000001 0 2.4000000000000004 0 3.4000000000000004 0 0 0 2 1.8 0 0 2 0 0 2.2 4 2.2 2 0 0 4 0.8 0.2 0 0 0 3 4.2 12.200000000000001 0 0 0 5.6000000000000005 7.800000000000001 1.8 3.2 0 0 0.2 5.4 0 0 0 0 0 0.2 0 0.2 0 0.4 0 0 0 0 0 0 0.2 0 1.8 0 0 0 4 0 0 0 0 0 0 0 0 0 0 0 0 0 0.4 0 0 0 0 0 0 0 0.4 0 18 0 18.400000000000002 0.8 0 2.8000000000000003 0 0 0.4 0 0 0 0 0 0 0 0 0 0 0 0 0 0 0 0 0 0 0 0 0 0 1 0 0 0 0 0 0 0 0 0 0 0 0 
 8.200000000000001 7.800000000000001 16.400000000000002 7.800000000000001 45.400000000000006 0 6.4 24.6 58.400000000000006 26 74.4 31.6 6.6000000000000005 55.800000000000004 27 14.8 44.400000000000006 48.400000000000006 9.200000000000001 59.6 0 6.800000000000001 0 0 0.8 0 7.6000000000000005 15.4 0.4 0 0 0.4 14.8 33.4 0.2 34.800000000000004 18.8 0.4 0 32.2 0 0.4 0 0 1 0.6000000000000001 0 0 0 0.4 0 0.6000000000000001 0 0.4 0.4 0 0 12.600000000000001 0.6000000000000001 0 0 0 6.800000000000001 0.6000000000000001 0.8 0.6000000000000001 0 0.6000000000000001 0 0 0 0 0 0 0.6000000000000001 0 0 0 0 0 0 9.8 10.8 8.8 8.200000000000001 1.6 0 0 7.2 4.2 3.8000000000000003 2.4000000000000004 0 0 0 9.8 4.4 3 0 0 6.2 0 1.4000000000000001 0 0 0 0.2 0 2.4000000000000004 2 0 4.4 2.2 0.2 0 0 2.8000000000000003 0 5.2 3.4000000000000004 0 0 0 0 0 0 0 0 0 0 0 0 2.8000000000000003 0 2.4000000000000004 0 0 0 0 1.2000000000000002 0 0 0 0 0 0 0 0 0 2.2 0 0 0 0 0 0 0 0 0 0 0 0 3.6 4.4 5 7.4 0 6.6000000000000005 3.4000000000000004 0 0.2 1.6 0 0 9.600000000000001 0 3.2 2.6 0 0 0.4 0 0 0 0 0 10 0 0 0 4.2 0 0 5.6000000000000005 0 2.6 0 0 3.8000000000000003 7.6000000000000005 0 0 0 2 0 0 0 0 0 0 0 0 0 0 0 0 0 0 0 0 0 0 0 0 0 0 0 0 0 0 0.6000000000000001 0 0 0 0 0 0 0 0 0 0 0 0 0 0 0.8 0.4 0 0 1.2000000000000002 0.2 2.6 0 0.8 0 0 0 0 0 0 0 0 0 0 0 0 0 0 0 0 0 0 0 0 0 0.4 0 0 0 2 0 0 0 0 0 2.6 0 0 0 0 
 12.4 19.6 38.2 57.400000000000006 29.200000000000003 6.4 0 44 34.6 24.6 4.800000000000001 10 16.2 26.8 8.4 9.200000000000001 11.8 32.4 10.8 30.6 0 0 0 0 1.2000000000000002 0 0.6000000000000001 0.2 0 0.6000000000000001 0 0.6000000000000001 0 0 0 0 0 0.4 0.2 0 0 0.4 0 0 0.4 0.6000000000000001 0 0 0 0.4 0 1 0 0.6000000000000001 0.6000000000000001 0 0 0 0.6000000000000001 0 0 0 0 0.6000000000000001 0 0 0 0.4 0 0 0 0 0 0 0.6000000000000001 1 0 0 0 0.4 6.6000000000000005 0 0.2 0.4 0 0 4.2 7.6000000000000005 4.6000000000000005 3 0.6000000000000001 0.8 0 6.6000000000000005 2.6 0 5.6000000000000005 2.8000000000000003 0 1.8 0 0 0 0 0 0 0 0 0 0 0 0 0 0 0 2 6.2 0 0 0 0 0 0 0 0 0 0 0 0 0 1.6 0 0 0 0 0 0 0 0 0 0 0 0 0 4.4 0 0 4 0 0 0 0 0 0 0.4 0 0 0 0 0 6.2 1 2.8000000000000003 0 0 3.4000000000000004 3.2 3.6 0 7 0 0 1.4000000000000001 5.4 6 3.6 0 3.6 0.2 0 0 0 0 0 0 0 0 0 0 0 0 0 0 0 0 0 0 0 0.2 0 0 0 0 0 0 0 0 0 0 0.2 0 0 0 0 0 0.2 0.4 0 0 0 0 0 0 0 2.8000000000000003 0 0 0 0 0 0 0 0 0 0 0 0 0 0 0 0 0 0 0 0 0 0 0.4 0.4 18.2 0 3 0 0 0.4 0 0 0 0 0 0 0 0 0 0 0 0 0 0 0 0 0 0 0 0 5.4 0 0 0 0 0 0 0 0 0 0 0 0 0 0 
 11.4 88 19.200000000000003 35.4 40.800000000000004 24.6 44 0 37.6 68.8 60.2 7.4 41.2 15 14.8 24.400000000000002 7.6000000000000005 68.2 43.6 74 0.4 0 0.4 0 1 0 0.6000000000000001 0 0 0 0.4 0.6000000000000001 0 0.4 0 0 0 0.2 0 1.6 0 0.2 0 0 0.6000000000000001 1.6 0 0 0 0.4 0 1.4000000000000001 0 0.4 0.6000000000000001 0 0 0 0.6000000000000001 0 0 9 0 0.6000000000000001 1.4000000000000001 1.6 0 0.6000000000000001 0 0 0 0 0 0.4 1.2000000000000002 0 0 0.4 0 0 4 5.4 3.2 2.8000000000000003 0 0 2.6 4.800000000000001 2 7 6.800000000000001 3.4000000000000004 4.800000000000001 0 7.4 3.8000000000000003 2.4000000000000004 5 1.8 6 0 0 0 0 0 0 0 0 0 0 0 0 0 0 0.2 0.2 0 0.2 3.2 0 0 0 1.8 0 0 0.2 0 0 0 0 0 0.2 0.4 0 0 0 0 0 0 0 0 0 0 0 0 0 0 0 0 0 0.2 0 0 0 0 0 0 0 0 0 0 3.8000000000000003 4 5.2 0 5.6000000000000005 5.4 5.6000000000000005 3.4000000000000004 4 0.4 4.4 0 3 2.2 1.6 4.4 5 0.8 0 0 0 0 0 0 0 0 0.2 0.4 0 0 0 0 0 11.4 0 0 0 0 3.6 0 0 0 0 0 0 0 0 0 0 0 0 0 0 0 0 0 0 0 0 0 0 0 0.4 0 0 0 0 0 0 0 0 0 0 0 0 0 0 0 0 0 0 0 0 0 0.8 0.6000000000000001 0 0 0.4 0 3.2 0 0 0.2 0 0 0 0.4 0 0.2 0 1.8 0 0 0 0 0 0 0 0 0 0 0.2 0 3.8000000000000003 0 0 0 0 0 0 0 0 0 0 0 0 0 0 
 49.2 40.6 25.200000000000003 37 62.800000000000004 58.400000000000006 34.6 37.6 0 43 13.200000000000001 36.800000000000004 37.800000000000004 14.600000000000001 35.2 60.800000000000004 28.8 33 53.2 67 0 0.4 0 0 0.8 0 0.6000000000000001 0 0.4 0 0 0.4 0 0 0 0 0 0.6000000000000001 0 0 0 0 0 0 0.6000000000000001 2 0 0 0 0.4 0 1 0 0.4 0.2 0 0 0 0.6000000000000001 0 0.4 0 0 0.6000000000000001 0 0.6000000000000001 0 0.6000000000000001 0 0 0 0 0 0 0.8 1 0 0 0 0 4.6000000000000005 4.2 0 6.4 0.6000000000000001 2.4000000000000004 3.8000000000000003 4.6000000000000005 0 5.800000000000001 2.8000000000000003 2.6 3.8000000000000003 7.6000000000000005 3 0 10.8 6 0 6 1.6 0 0 0 0 0 0 0 0 0 0.6000000000000001 0 0 0 0.2 0 0 0 0.4 0 0 0 0 0 0 0 0 0 0 0 2.8000000000000003 0 0 0 4.2 0 0 1.4000000000000001 0 0 0 0 0 0 0 0 1.4000000000000001 0 0 0 0 0 0 0 0 0 0 0 0 0 2.6 2 0.2 2 0.2 4.4 0 0.2 1.2000000000000002 0.2 11.200000000000001 0 2.2 5.6000000000000005 0 0.2 2.4000000000000004 5.800000000000001 0.2 0 1.8 0 0 0 0 0 0 0 0 0 0 0 2.6 0 0 0 0 0 3 0 0 0 0 0 0 0 0 0 0 0.2 0 0 0 0 0 0.2 0.4 0 0 0 0 0 0 0 0 0 0 0 0 0 0 0 0 0 0 0 0.2 0 0 0 0 0 0 0 0.2 0.2 0 0 18.2 10 0 2.8000000000000003 0 0 0 0 0 0 0 0 0 0 0 0 0 0 0 0 0 0 0 0 0 0 0 0 2.2 0 0 0 0 0 0 0 0 0 0 0 0 0 
 46.800000000000004 66.2 26.400000000000002 33.6 14.8 26 24.6 68.8 43 0 31.200000000000003 16.2 7 31.8 85.4 56.400000000000006 65.4 26.6 21.8 38.800000000000004 0 0 0 0 1 0 0.6000000000000001 0 0 0 0 0.4 0 0 0 0 0 0.4 0 14.4 0 0.4 0 0 0.6000000000000001 0.6000000000000001 0 0 0 0.4 0 1 0 0.4 0.2 0 0 0 0.6000000000000001 0 0 0 0 0.6000000000000001 0 0.6000000000000001 0 0.6000000000000001 0 0 10 0 0 0 0.6000000000000001 0.4 0 0 0 0 3.4000000000000004 0.2 7.6000000000000005 2.8000000000000003 0 0 0.4 3 3.4000000000000004 0.2 1.6 13.4 0 0 0.2 5.6000000000000005 3 3 0.2 0 5.800000000000001 0 0 0 0 0 0 8.6 0 0 0 0 0 2 4 0 0 0 5.4 1 0.2 0 0 0 0 0 0 0 0 0 0 0 0 0 2.6 0.4 0 0 0 0 2 0 0 0 0 0 3.4000000000000004 0 0 0.4 1.4000000000000001 0 0 0 0 0 0 0 0 0.2 0.2 1.6 2 2.8000000000000003 4 1.8 2.8000000000000003 1.8 2 3.8000000000000003 0 2.2 0 3 0 7.4 3 2.4000000000000004 1.2000000000000002 0.4 4.4 0 0 0 0 0 0 0 2.8000000000000003 0 0 0 2.8000000000000003 0 0 0 0 0 2 4.2 0 0 0 0 0 0 0 0 0 0 0 0 0 0 0.4 0 0 0.2 0 0 0 0 0 0 0 0 0 0 0 0.4 0 0 2.6 0 0 0 0 0 0 0 0 2.2 0 0 0 0.6000000000000001 0.6000000000000001 0 0 20.200000000000003 0 1.4000000000000001 0 0 0 0 0 0 0 0 0 0 0 0 0 0 0 0 0 0 0 0 0 0 0 0 0 0 0 0 0 0 0 0 0 0 0 0 0 0 
 26.200000000000003 44 41.6 12.200000000000001 50.800000000000004 74.4 4.800000000000001 60.2 13.200000000000001 31.200000000000003 0 53.6 8.4 79.2 31.6 58.400000000000006 19.200000000000003 28.400000000000002 7 15.4 0 0.8 0 0 1.6 0 1.2000000000000002 56.6 0 0.2 0 1 30 15 0.4 19.8 0 0 16.2 15.4 0 0.4 0 0 1.2000000000000002 1.2000000000000002 0 11.8 0 0.8 16.8 1 0 0.8 8.4 0 3.4000000000000004 0.4 0.6000000000000001 0 0 0.6000000000000001 0 1.4000000000000001 1.4000000000000001 2.2 0 0.8 0.4 0.4 0 0 1 0 0.6000000000000001 0.6000000000000001 0 0 0 0 0 2 5.6000000000000005 2.6 0 2 0 0 0.6000000000000001 4.4 2.8000000000000003 0.2 0 0 0 4.4 0 0 0 0 0 0 0.8 0 0 0 5.4 9.8 0 5 3 4.2 3.2 3.4000000000000004 6.6000000000000005 0 0 0 1.6 7.4 0 0 0 0 0 0 0 0 0 0 0 0 0 0 0.2 0 0 0 0 0 0 0 0 0 0 0 0 0 0 0 0.6000000000000001 0 0 0 0 0 0 0 0 0 3 4.2 1 2.2 1.8 0 0.8 2 1.8 0 2.8000000000000003 4.6000000000000005 0 0 2.2 2.6 2 13.200000000000001 0 0 2 9.200000000000001 0 0.2 0 0 0.6000000000000001 2.8000000000000003 0 0 0 0 0 0 0 0 0 0 4.2 4.4 0 0 0 0 0 0 0.4 0 0 0 0 0 0 0 0 0 0 0 0 0 0 0 0 0 0 0 0 0 0 0 0 0 0 0 0 0 0 0 0.2 0 0 0 0 0 0 0.4 20.200000000000003 0 0.6000000000000001 0 0.4 1.4000000000000001 0 0 0 0 0 0 0 0 0 0 0 0 0 0 0 0 0 0 0 0 0 0 0 0 2 0 0 0 0 0 0 0 0 0 0 0 0 0 
 10.200000000000001 36 26.200000000000003 30.400000000000002 32.2 31.6 10 7.4 36.800000000000004 16.2 53.6 0 8.200000000000001 9 15.4 90.80000000000001 43.6 49.400000000000006 55.400000000000006 25 24.8 0 0.4 0.8 1 0.8 1 0.4 16 0.6000000000000001 0 1 0.4 0.4 0 0.4 1.2000000000000002 0.6000000000000001 13.600000000000001 6 1 0 0 5.4 0.8 0.6000000000000001 0.4 0.6000000000000001 0 14.600000000000001 0.6000000000000001 1.6 0 0.8 0.8 0.6000000000000001 3 0 0.6000000000000001 0 0 1 0 1 0.4 0.6000000000000001 0.4 0.4 0 0 0 0 0 0 0.8 0.8 0 0.8 1 0 0 5.2 3.4000000000000004 8.4 3 0.2 3.8000000000000003 0 14 2.2 1.6 2.6 0 0 1.2000000000000002 2.4000000000000004 4.6000000000000005 0 0 2.8000000000000003 11.8 0 0.4 0 0 0 2.2 4.6000000000000005 2.6 0 0.6000000000000001 0 0 0.2 8.200000000000001 0.2 0 0 7.2 2.2 0 0 0 0 0 0 0 0 0.4 0 0 0 0 0 1 0 0 0.2 0 0 0 0 0 0 0 0 0 0 0 0.4 1.4000000000000001 0 0 0 0 0 0 0 0 0.2 0 0 0 3.6 4.800000000000001 5 0 0 4 0 6.2 0 0 0 0 2 3 8 0 0 10.600000000000001 1 0 0.4 0.2 0 6 0 0 0 0 0 2.2 2.8000000000000003 1.8 0 0.4 0 6 0.4 0 0 0 0 0 0 0 0 0 0 0 0.4 0 0 0 0 0 0 0.2 0.2 0 0 0.2 0 0 0 0 0 0 0 0 0.2 0 0 0 0 0 0 0 0.2 0 0 0 0 0 0.4 0.6000000000000001 0.2 0.2 18 0.2 1.8 0 0 0 0 0 0 0 0.4 0.4 0 0 0 0 0 0 0 0 0 0 0 0 0 0 0 3 0 0 0 0 0 0 0 0 0 0 0 0 0 
 9.600000000000001 43.6 12 15.4 57.6 6.6000000000000005 16.2 41.2 37.800000000000004 7 8.4 8.200000000000001 0 13.4 155 9.4 3.2 6.2 31.200000000000003 62.400000000000006 0.4 0.2 0 14.600000000000001 8.6 0 0.4 0 0 0 0 0.4 0 0.4 0 0 0 0 0 4.2 0 0 0 0 0.4 4.4 0 0 0 0.4 0 0.6000000000000001 0 0.6000000000000001 0.6000000000000001 0 0 0 0.6000000000000001 0 0 0 0 0.6000000000000001 0 0.2 0 0.8 0 0 0 0 0 0 0.6000000000000001 0 0 0 0 0 1.6 0 0.2 1.6 0 0 6 2.8000000000000003 0 2.8000000000000003 2 2.4000000000000004 6.800000000000001 7.2 0 3.2 1.6 5.4 1.8 7.6000000000000005 0 0 0 0 0 0 0 0 0 0 0 0 0 0 0 0 0 0 0 0.2 0 0 0 0 0 0 0 0 0 0 0 0 0 0 0 0 0 0 0 0 0 0 0 0 0 0.4 0 0 0 0 0 0 0 0 0 0 0 0 0 0 0 0 0 0 0 0 1 0 0.2 0 0 0 0 2 0 0 2.2 1.2000000000000002 0.2 8.6 0 0 0 0 0 4 0 0 0 2 0 0 0 0 0 0 0 0 4.2 0 0 0 0 0 0 0 0 0 0 0 0 0 0 0 0 0 0 0 0 0 0 0 0 0 0 0 0 0 0 0 0 0 0 0 0 0 0 0 0 0 0 0 0 0 0 0.4 0 0 0.2 0.4 0 3.8000000000000003 0 0 0.2 0 0 0 0 0 0 0 0 0 0 0 0 0 0 0 0 0 0 0 0 0 0 0 0 0 0 0 0 0 0 0 0 0 0 0.2 
 49.6 7.4 26 21.200000000000003 10 55.800000000000004 26.8 15 14.600000000000001 31.8 79.2 9 13.4 0 95 29.200000000000003 43.2 63.400000000000006 26.6 16.400000000000002 0 0.4 0 0 0.8 0 0.4 0 0 0 0 0.4 0 0 0 0 0 0 0 0 0 0.2 0 0 0.4 0.6000000000000001 12.4 0 0 0.4 0 0.6000000000000001 0 0.6000000000000001 0.6000000000000001 0 0 0 0.6000000000000001 0 0 0 0 0.6000000000000001 0 0.2 0 0.4 0 0 0 0 0 0 0.6000000000000001 0.6000000000000001 0 0 5.4 0 0 0 19.8 8 3.2 1.4000000000000001 0 2 7.6000000000000005 2.2 3.6 7.6000000000000005 0 1 0 2.8000000000000003 2.2 5.6000000000000005 0.2 0.8 3.2 0 0 0 0 0 0 0 0 0 0 0 0 0 0 0.4 0 0.4 0.4 3 0 0 0 0 0 0.4 0 0 0 0 3.8000000000000003 0 0.2 0 0 0 0 0 0 0 0 0 0 0 0 0 0 0 0 2.4000000000000004 0.4 0 0 1.8 0 0 0 0 0 0 5.4 0 7.6000000000000005 3.2 0 2.2 0 7.2 0 7 0 5.4 2.2 3.8000000000000003 6.6000000000000005 2.6 3 2.8000000000000003 3.2 0 0 0 0 0 0 0 0 0 0 0.2 0 0 7.6000000000000005 0 0 0 0 0.4 2 0 0 0 0 0 0 0 0 0 0 0 0 0 0 0 0 0 0 0 0 0 0 0 0 0 0 0 0 0 0 0 0 0 0 0 0 0 0 0 0 0 0 2.8000000000000003 0 0 0 0.2 0.4 0 0.4 0.8 3.2 2 0.2 0 0 0 0 0 0 0 0 0 0.6000000000000001 0 0 0 0 0 0 0 0 0 0 0.4 0 1.8 0 0 0 0 0 0 0 0 0 0 0 0 0 0 
 67 51.800000000000004 51.2 40 57.800000000000004 27 8.4 14.8 35.2 85.4 31.6 15.4 155 95 0 73.4 24 9.8 15.8 52.2 0 0 0.4 0 1 0 1.4000000000000001 0 0.6000000000000001 0.2 0 0.4 0 0.4 0.8 0.4 0 1 0 2.2 0 0 0 0 0.4 1 0 12.4 0 0.4 9.8 1 0.6000000000000001 0.6000000000000001 0.6000000000000001 0 0 0 0.6000000000000001 1 0 0 0.6000000000000001 0.6000000000000001 0 0 0 0.4 0 6 0 0 0 0 0.6000000000000001 1.6 0 0 0 0 0 1.6 4.800000000000001 2.8000000000000003 0 0 0.2 1.2000000000000002 0 10.8 3.4000000000000004 3.8000000000000003 7.6000000000000005 9.600000000000001 0 4.4 3 4.800000000000001 0.2 0 0.2 0 0 0 0 0 0 0 0 0 0 0 0 3.8000000000000003 0 0 0 0.2 1.8 1.8 0 0 0 0 0 0 0 0 0 0 0 0 0 0 2.2 0 0 0 0 0 0 0 0 0 0 0 5.4 0 0 0 0 0 0 0 0 0 0 0 0 0 5.6000000000000005 0 2.2 6.4 1.8 1.6 0.8 2 4.4 2.2 0 1.2000000000000002 3 0 0.4 4 0 2 4 0 0 0 0 0 0 0 0 0 0 0.6000000000000001 0 0 3.4000000000000004 0 0 0.4 0 0.2 2 0.2 0 0 0 0 0 0 0 0 0 0 0 0 0 0 0 0 0 0 0 0 0 0 0.2 0 0 0 0 0 0 0 0 0 0 0 0 0 0 0 5 0 0 1.2000000000000002 0 0 0 0.4 0.2 0 0.4 36 0.8 1.4000000000000001 0 0 0 0 0 0 0 0 0 0 0 0 0 0 0 0 0 0 0 0 0 0 0 0 0 0 0 0 0 0 0 0 0 0 0 0 0 0 
 52.6 34 17 28.200000000000003 39.2 14.8 9.200000000000001 24.400000000000002 60.800000000000004 56.400000000000006 58.400000000000006 90.80000000000001 9.4 29.200000000000003 73.4 0 26 43 8.4 10.600000000000001 0 0.4 0.4 41.2 1 0 0.6000000000000001 0.2 0 0 0 0.8 0.2 0.4 0 0 0 0.2 0 14.8 0 0 0 0 0.6000000000000001 0.6000000000000001 0 0 0.4 0.4 0 0.8 0 0.4 0.6000000000000001 0 0 0 0.8 0 0 0 0 0.6000000000000001 2.8000000000000003 2 0 0.6000000000000001 0 0 0 5.4 0 0 0.6000000000000001 0 0 0 0 0 0 5.4 8.8 3.4000000000000004 11.600000000000001 2.2 3.2 2 4.4 6.6000000000000005 6.2 8.8 0 0 4.6000000000000005 9.200000000000001 0 4.4 2.6 0 2.4000000000000004 0 0 0 0 0 0 2 0 0 0 0.6000000000000001 0 0 1.8 0 0 0 2.2 5 0 0 0 0 0 4.2 0 0 0 0 0 0 0 0 0 0 0.2 1.8 0 0 0 0 0 0 0 0 0 0 0 0 0.6000000000000001 0 0 0 0.2 0 0 0 0 0 0 1.2000000000000002 3.8000000000000003 3.2 4.4 2.8000000000000003 0 5.2 0 0 5.6000000000000005 3.2 0 0 2 4.800000000000001 0.2 2.4000000000000004 0 0 2.4000000000000004 0 0 0 0 4.6000000000000005 0 0 0 0 0 0 0.6000000000000001 0 3 0 0 0 0 3.8000000000000003 0 0 0 0 0 0 0 0 0 0 0.4 0 4.2 0 0 0 0 0 0 0 0 0 0 4.2 0 0 0 0 0 0 0 3.4000000000000004 0 0 0 0 0 0 0 0 0 2.6 0 0 0 0 36.2 0 0.4 0.2 0.4 0.8 0.2 0 0 0 0 0 0 0 0 0 0 0 0 0 0 0 0 0 0 0 0 0 0 0 3 0 0 0 0 0 0 0 0 0 0 0 0 0 
 5.6000000000000005 38.800000000000004 29.6 60.800000000000004 11 44.400000000000006 11.8 7.6000000000000005 28.8 65.4 19.200000000000003 43.6 3.2 43.2 24 26 0 35.6 6.800000000000001 22.6 0 0 0.6000000000000001 0 1 0 0.4 0 0 0.6000000000000001 0 1.4000000000000001 0.4 15.4 0 0 0.6000000000000001 0 0 13.8 0.6000000000000001 0 0 0 0.4 0.4 0.4 0 0 0.4 0 1 0 0.6000000000000001 0.6000000000000001 0 0 13.200000000000001 0.8 0 0 0 0.2 0.6000000000000001 0 1.2000000000000002 0 1 0 0 0 0 0.2 1.2000000000000002 0.6000000000000001 1 0 0 1.2000000000000002 0 2.8000000000000003 0 4.800000000000001 1.8 0 0.4 0 0.2 3.2 0 4.6000000000000005 0 0 3.4000000000000004 0 14.4 5.2 5.2 0 8.6 2.2 0 0 0 0 0 0 1.6 0 0 0 0 3.2 2.4000000000000004 1.6 0 0 0 2 2.4000000000000004 0 0 0 0.4 0 3.4000000000000004 0 0 0 0 2 0 1.8 0 0 0 3.8000000000000003 0 0 0 0 0 0 0 0 0 0 0 0 0 0.8 0 0 0 0 0 0 0 0 0 2.6 0 0 3.8000000000000003 7.4 1.8 0 3.8000000000000003 0 2.8000000000000003 0 2.2 0.4 0 0 9.8 0.2 0 0.6000000000000001 0 1.6 0 0 0.2 0 0 0 0 0 0.4 0 0 2.2 0.2 0 6.2 0 0.2 0.2 2.2 0 0 0 0 0 0 0 0 4.2 0 0 0.2 0 0.4 0 0 0 0 0 0 0 0 0.4 0 0 0 0 0 0 0 0 0 0 0 0 0 0 0 0 0.2 0 2.4000000000000004 0 0 0 0 16.8 0 0.2 35.2 0.4 1 0 0 0 0 0 0 0 0 0 0 0 0 0 0 0 0 0 0 0 0 0 0 0 3 0 0 0 0 0 0 0 0 0 0 0 0 0 0 
 43.800000000000004 23.200000000000003 81.2 27 9 48.400000000000006 32.4 68.2 33 26.6 28.400000000000002 49.400000000000006 6.2 63.400000000000006 9.8 43 35.6 0 9.200000000000001 29 0 0 0 0 1 0 0.6000000000000001 0 0 0 0.4 0.4 0 0.8 0.2 0 0 0 0 0 0 0.4 0 0 0.6000000000000001 0.6000000000000001 0 0 0 0.4 0 1 0 0.4 0.4 0 0 0 0.6000000000000001 0 0 0 10.4 0.6000000000000001 0 0.6000000000000001 0 0.6000000000000001 0 0 0 0 0 0 0.6000000000000001 1.6 0 0 0 0 5.6000000000000005 2.8000000000000003 6.6000000000000005 5.6000000000000005 9.600000000000001 1.2000000000000002 4.2 0 12.600000000000001 2.4000000000000004 3 4.6000000000000005 0 2.2 2 3.6 6.2 0.2 0.2 2 3.6 0 0 0 0 0 0 0 0 0 0 0 2.8000000000000003 0 0 0 0 0 3.2 4.4 0 0 0 0 0 0 0 0 0 0 3.4000000000000004 0 0 0.2 0 0 0 0 0 0 0 0 0 0 0 0 0 0 0 1.4000000000000001 0.6000000000000001 0 0 0 0 0 0 0 0 0 2.6 5.2 3.4000000000000004 3.6 4.4 4.800000000000001 4 0.2 1.4000000000000001 5.2 0.6000000000000001 1.4000000000000001 0 0 0.8 10.200000000000001 2.2 0.8 0 0 0.2 0 0.4 0 0 0.4 0 0 0 0 0 0 5.800000000000001 5.4 0 0 0 0 0.2 0 0 0 0 0 0 0 0 0 0 0 0 0 0 0 0 0 0 0 0 0 4.6000000000000005 2.8000000000000003 0 0.2 0 0 0 0 0 0 0 0 0 0 0 0 0 0 0 0 0 0.2 0 0 0 1 0 0 1 17.6 0 1.2000000000000002 0.2 0.2 14.4 0 0 0 0 0 0 0 0 0 0 0 0 0 0 0 0 0 0 0 0 2.6 2.2 0 0 0 0 0 0 0 0 0 0 0 0 0 
 30.200000000000003 6.2 10.4 61.800000000000004 15 9.200000000000001 10.8 43.6 53.2 21.8 7 55.400000000000006 31.200000000000003 26.6 15.8 8.4 6.800000000000001 9.200000000000001 0 17.2 0 0 0.8 1.2000000000000002 0.8 0 0.6000000000000001 0 0 2.8000000000000003 9 0.4 0 0 0 0.8 0 0.8 0 4.800000000000001 0 0 0 0 0.6000000000000001 0.6000000000000001 0 0 0 1.2000000000000002 0 0.8 0 0.8 0.6000000000000001 0 0 0 0.6000000000000001 1.2000000000000002 0 0 0 0.8 0 0.4 0.4 1.2000000000000002 0 0 0 0 0 0 0.6000000000000001 1.2000000000000002 5.800000000000001 0 0.8 0 2.2 1.8 0 0.4 0 0 6 12.600000000000001 0 0 0 0.4 0 3.8000000000000003 3.4000000000000004 3 0 0 5.4 8.4 0 0 0 0 0 0 0 0 0 0 0 0 0 0 0 0.4 0 0.4 0.4 0 0 0 0 0 0 0.4 0 0 0 0 0 0 0 0 0 0 0 0.8 0 0 0 0 0 0 0 0 0 0 0 0 0.4 0 0 0 0 0 0 0 0 0 2.4000000000000004 0 0 0.2 0 0 0 7.800000000000001 1.4000000000000001 7.4 0 0 2.4000000000000004 3.8000000000000003 4.6000000000000005 0 0 1.8 5.2 8.4 0 0 0 0 0 0 0 0 0.2 0 0 0 0 0 0 0 0 0.4 0 0 0 0 0 1.8 0 0 0 0 0 0 0 0 0 0 0 0 0 0 0 0 0.2 0 0 0 0 0 0 0 0 0 0 0 0 0 0 0 0 0 0 0 0 0 0 0 0 0.4 0.4 0 0 0.4 0.4 2.6 1 0 0 0.2 0 0.2 0 0 0 0 0 0 0 0 0 0 0 0 0 0 0 0.4 0 0.2 0 0 0 0 0 0 0 0 0 0 0 0 0 0 
 8.200000000000001 72.8 11.600000000000001 17 16.2 59.6 30.6 74 67 38.800000000000004 15.4 25 62.400000000000006 16.400000000000002 52.2 10.600000000000001 22.6 29 17.2 0 0 16.8 0.4 0 16.400000000000002 0 0.6000000000000001 0.4 0.4 0.6000000000000001 0.6000000000000001 0.4 0.2 0 0 0 0 0 0 0 0 0 0.4 0 13.200000000000001 1.2000000000000002 0.2 0 0.6000000000000001 0.4 0 0.6000000000000001 0 0.4 0.6000000000000001 0 0.2 0 1 0 0.2 0 0 0.6000000000000001 0 0.6000000000000001 0 1.8 1.8 0.6000000000000001 0 0 0 0 1.4000000000000001 1.2000000000000002 0 0 0.4 0 1.2000000000000002 2.8000000000000003 3.2 3.8000000000000003 0 0 0.2 2.6 0 6.4 0.4 3 13.600000000000001 9 0 0 5.800000000000001 3 1.8 5.6000000000000005 0 0 0 0 0 0 0 0 0 0 0 0 0.4 0 0 0 0 0 0 0 0 0 0 0 0 0 0 0 9.8 0 3.6 0 0 0 2.8000000000000003 0 0 0 0 0 0 0 0 0 0 0 1.4000000000000001 0 0 0 0 0 0 0 0 0 0 0 0 0 6.6000000000000005 0 0.6000000000000001 0 0 2.2 4.6000000000000005 0 12 0 0 0.6000000000000001 1.4000000000000001 2.6 1.8 0 2.2 1.2000000000000002 2.8000000000000003 0 0 0 0 0 0 0 3 0 0 0 0 0 0 0 0 0 0 0 6.4 0 0 0 0 0 0 0 0 0 0 0 0 0 0 0 0 0 0 0 0 0 0 0 0 0 0 0 0 0 0 0 0 0 0 0 0 0 0 0 0 0 0 0 0 0 0 0 0.6000000000000001 0 0.2 1 0.2 0.8 0.4 0.4 0 0.4 0 0 0.2 0 0 0 0 0 0 0 0 0 0 0 0 0 0 0 0 0 2.2 0 0 0 0 0 0 0 0 0 0 0 0 0 
 0 0 0 0 0.4 0 0 0.4 0 0 0 24.8 0.4 0 0 0 0 0 0 0 0 17.6 35.6 42.800000000000004 12.600000000000001 5.4 14.8 26.8 21.6 27.8 45.2 42 21 45.2 24.400000000000002 15 20.400000000000002 22 22.200000000000003 8.4 0 0.8 0.4 0 0 0.6000000000000001 2.2 0 0.4 3 0 0.6000000000000001 0 0 0 0.6000000000000001 0 0 0 0 0 0 0.6000000000000001 0 0 0 0.4 0.6000000000000001 0 16.400000000000002 0.6000000000000001 0.6000000000000001 0.2 0 0.4 0 0 0 0 0 0 0 0.2 0 0 2 0 0 0 0 0 0 0 0 0 0 0 0 0 0 4.800000000000001 5.6000000000000005 4.4 0.4 8.6 4.6000000000000005 4.800000000000001 0 0.2 0 4.4 2.8000000000000003 0.2 0 1.4000000000000001 12 3.8000000000000003 2.2 0 0 0 0 0 0 0 2.2 0 0 0 0 0 0.2 0 0 0 0 0 0.4 0 4.2 0 0 1.2000000000000002 0 0 0.2 0 0 0 0 0 0 0 0 0 0.6000000000000001 0.2 0 0 0 0 0 2.2 7 0 0 0 0 0 0 0 0 0 0 0 0 0.4 0 0 0.4 7.6000000000000005 8.200000000000001 2.8000000000000003 1.4000000000000001 2.4000000000000004 0.4 2 9.4 5.4 2.4000000000000004 0 3.8000000000000003 3 2.6 4.6000000000000005 0 14.4 2.8000000000000003 0 0 0 0 0 0 0 0 1.2000000000000002 0 0 0 0 0 0 0 0 0 0.8 0 2.6 0 1.2000000000000002 0 0 0 0 0 0 0 0 0 0 0 0 0 0 0 1.6 0 0 0 0 0 0 0 0 0 0 0 0 0 0 0 0 0 1 0 0 0 15.4 0 2.6 0 0 0 0 0 0 0 0 0 0 0 0 0 0 0 0 0 0 0 0 1.6 0 0 0 0 0 0 0 0 
 0.2 0 0 0 0 6.800000000000001 0 0 0.4 0 0.8 0 0.2 0.4 0 0.4 0 0 0 16.8 17.6 0 34.6 92 11.8 45.6 15 42.800000000000004 31.200000000000003 49.2 22.200000000000003 35.6 24.8 28.200000000000003 58.2 29 22.400000000000002 17.2 22.400000000000002 37 0 1 0.4 0 0 0.6000000000000001 0 0 0.4 1 0 0.6000000000000001 0 0 0 0.6000000000000001 0 0 0 0 0 0 0.4 0 0 0 10.200000000000001 0.6000000000000001 0 0.6000000000000001 0.6000000000000001 0.6000000000000001 0.4 0 12.8 0 0 0.2 0 0 0 0 0 0 0 0 0 0 0 0 0 0 0 0 0 0 0 0 0 0 0 4.4 12.4 1.8 1.2000000000000002 2.8000000000000003 0.2 2.8000000000000003 0 12.200000000000001 0.6000000000000001 2.8000000000000003 1.4000000000000001 0 0 2.2 16.2 0 0.4 1.8 13.200000000000001 0 0 0 0 0 0 0 0 0 0 0 3.2 1.2000000000000002 0 0 0.4 3.6 0 0 4.6000000000000005 0 1.8 0 0 0 0 0 0 0 0 0 0 0 0 1.2000000000000002 0 0 0 0 0 0 0 0 0 0 0 0 0 0 0 1.8 0 0 0 0.4 0 0.2 0 0 4 2.2 0 5.4 1.4000000000000001 0 6.2 0 0 5 3 1.8 0.8 4.2 0 0.4 4.4 1.4000000000000001 0 0 0.2 0 0 0 0 0 0 0 0 0 0 0 4.6000000000000005 2 0 0 0 0 3 0 0 0 0 0 0 0 0 0 0 0 0 0 0 0 0 0 0 0 0 0 0 0 0.2 0 0 0 0.4 0 0 0 0 0 0 0 1.2000000000000002 0 0 0 15.8 0.4 0.4 0.2 0 0 0 0 0.2 0 0 0 0 0 0 0 0 0 0 0 0 3.6 0 3 0 0 0 0.2 0 0 0 0 
 16.2 0 0 0 15.4 0 0 0.4 0 0 0 0.4 0 0 0.4 0.4 0.6000000000000001 0 0.8 0.4 35.6 34.6 0 66 26 6.800000000000001 60 38.800000000000004 31.200000000000003 28.200000000000003 20.6 9.8 46.2 41.800000000000004 104.4 28.200000000000003 43.400000000000006 6.4 68 4.800000000000001 0 1 0.4 0 0.4 41.800000000000004 0 0 0.4 0 0 0.8 4.6000000000000005 0 0 0.6000000000000001 0 0 0 17.2 0 0 0.6000000000000001 0 0 0 0.4 0.6000000000000001 0 2 0.6000000000000001 0.6000000000000001 0.2 0 0.4 0 0 0 0 0 0 0 0 0 0 3.6 0 0 0 0 0 0 0.2 0 0 0 0 0 0 0 0 3.6 3 0.2 0 6.6000000000000005 7 8.6 2.2 9 5.2 1.4000000000000001 2.4000000000000004 5.4 1.8 6.800000000000001 0 1.2000000000000002 3 0 0 0 0 0 0 0 0 0 0 0 0 0 0.2 2.2 0 0 0 0 0 0 0 0 0 0 0 0 0 0 0 0 0 0 0.6000000000000001 0 0.4 0 0 0 0 3.4000000000000004 0 0 0 5.6000000000000005 0 0 0 0 0 0 0 2.4000000000000004 0 0 0 0 0.6000000000000001 0.8 0 0.6000000000000001 4.2 11.600000000000001 1.6 1.6 0 2.4000000000000004 2.2 15 8.200000000000001 0 5.4 0 5.6000000000000005 0.2 5.800000000000001 3.6 3.6 0 0.2 4.4 3 3.2 0 0 0 0 2.4000000000000004 1.4000000000000001 0 0 0 0 0.4 0 0.4 0 0 0.4 6.800000000000001 0 0 0 0 0 0 0 0 0 0.4 0 0 0 0 0 0 0 0 0 0 0 0 0 0 0 0 0 0 0 0 0 0 0 0 0 2.2 0.4 0.2 0.2 15.4 0.4 3.2 0 0 0.4 0 0 1.8 0 0 0 0 0 0 0 0 0 0 0 0 0 0 0 0 0 0 0 0 0 0 0 
 15 0 0 0 0 0 0 0 0 0 0 0.8 14.600000000000001 0 0 41.2 0 0 1.2000000000000002 0 42.800000000000004 92 66 0 39.800000000000004 16.400000000000002 19.8 35.6 29.200000000000003 36.2 13.200000000000001 42.800000000000004 13.600000000000001 33.4 32.6 27.400000000000002 41.400000000000006 34.6 16.2 14 4.6000000000000005 1 0.4 0 0 0.6000000000000001 2 0 0.4 0.8 0 0.8 0.2 0 0 0.6000000000000001 0.4 0.2 12.8 15.8 0 0 0.4 0 0 0 0.4 0.6000000000000001 0 0.6000000000000001 0.6000000000000001 0.6000000000000001 0.4 0 0.2 0 0 0.2 0 0 0 0 0 0 0.4 0 0 0 0.4 0 0 0 0 0 0 0 0 0 0 0 4.2 3.8000000000000003 6.800000000000001 8.4 0 7.4 0.2 2.4000000000000004 0 0 2 10.600000000000001 2.6 2.4000000000000004 0 1.8 0 6.2 0.4 0.2 0 0 0 0 0.4 0 2.8000000000000003 0 0 3.6 0 0 3.8000000000000003 0.2 2.2 0 0 5.2 5.800000000000001 1.8 0 0 1.6 0 0 0 0 0 0 0 0 0 0 0.4 0 1.2000000000000002 0 0 0 0 0 0.2 0 0 0.2 0 0 0 0.2 0 0 0 0 0 0 0 0 4.4 0 0 3.8000000000000003 3.2 10 5.800000000000001 0 0.2 0 2.4000000000000004 3 7.6000000000000005 2.8000000000000003 1.6 0 0 0 0 6.2 4 1.4000000000000001 0 0 1 0 0 0 2 0 1.4000000000000001 0 0 0 0 0.6000000000000001 0.2 0 0 0 2.8000000000000003 6.4 2.6 0.4 0.4 0 0 0 0 0 0 0 0 0.2 0 0 0 0 0 0 0 0 0 0 0 0 0 0 0 0 0 0 0 0 0 0 0 0 0.8 0 1.2000000000000002 30.400000000000002 0.2 0.4 0.4 0 0 0 0 0 0 0 0 0 0 0 0 0 0 0 0 0 0 0 1 0 0 0 0 0 0 0 0 
 1.4000000000000001 0.8 0.8 0.8 1 0.8 1.2000000000000002 1 0.8 1 1.6 1 8.6 0.8 1 1 1 1 0.8 16.400000000000002 12.600000000000001 11.8 26 39.800000000000004 0 12.4 8.200000000000001 17 49.6 21.200000000000003 58.400000000000006 116.60000000000001 18.400000000000002 27 26.200000000000003 41 26 19.400000000000002 23.6 23.8 13 13.4 0.6000000000000001 0 0 0.6000000000000001 0 0 0.4 0 0 0.4 24.6 0 0 0.6000000000000001 42.2 0 0.2 0 0 0 0.6000000000000001 0 0 0 0.4 0.6000000000000001 0 0.6000000000000001 0.6000000000000001 0.4 0 0 0.6000000000000001 7.2 0 0 0 0 0 0 0 0 0 0 0 0 0 0 0.2 0 4.2 0 0 0 0 0 0 0 0 3.6 3.8000000000000003 2 10.8 8.200000000000001 0 0 0.4 0 0 0 3.6 0 0 7.800000000000001 3.8000000000000003 0.2 0 0 3.8000000000000003 0 1 2.2 0 0 0 0 1.8 3 0 0 0 2.4000000000000004 1.8 5 0 0.4 0 2 0.4 0 1.2000000000000002 0 0 0 0 0 0 0 0 0 0 0 0 0.6000000000000001 0.2 0 0 0 0 0 0 0 1.2000000000000002 0 0 0 0 0 0 0 0 0 1.4000000000000001 0 0 0 0 0 0 0 0 1.6 2.4000000000000004 8 0 0 0.2 0 0 6 0 0 0.2 1.8 4 0 0 0 2.4000000000000004 2.4000000000000004 2.2 0 0 0 7.6000000000000005 0 0 0 0 0 0 4.2 2.6 0.2 7.6000000000000005 0 7.800000000000001 0.4 0 0 0 0 0 0 0 0.4 0 0 0 0 0 0 0 0 0 0 0 0 0 0 2.6 0 0 0 0 0 0 0.2 0 0 0 0 3.2 1 0.6000000000000001 0.6000000000000001 0.4 0.4 0 0 0 0 0 0 0 0 0 0 0 0 0 0 0 0 0 0 0 0 0 2 0.2 0 0 0 0 0 0 0 
 0 0.4 0 0 0.4 0 0 0 0 0 0 0.8 0 0 0 0 0 0 0 0 5.4 45.6 6.800000000000001 16.400000000000002 12.4 0 4.4 50.800000000000004 7.2 10.8 42.6 23.400000000000002 5.800000000000001 10.600000000000001 9 14 26.8 14.200000000000001 10.600000000000001 10.8 4 19.6 1.2000000000000002 0 12.200000000000001 0.6000000000000001 13 0 0.4 0 0 0.4 12.600000000000001 12.4 6.2 13.200000000000001 13.200000000000001 0 31.8 14.4 0 0.6000000000000001 0.4 0 0 0.6000000000000001 0.4 0.6000000000000001 0 0.6000000000000001 0.6000000000000001 1.2000000000000002 0.4 0.6000000000000001 0.2 0 0 0 0.6000000000000001 0 0 0 0 0 0 0 0 0 0 0 0 0 0 0 0 0 0 0 0 0 0 0 0 5.4 9.4 0.2 0 0 0 6 0 5.2 0 0 0 0 0 0 0 0 0 0 5.4 0.2 0 0 5.2 14.600000000000001 0.2 5 0 0 8.200000000000001 7.2 12.200000000000001 0 7.6000000000000005 3.6 6.2 4.800000000000001 0 0 0 0 0 0 0 0 0 0 0.2 0 0 0 0 0 0 0.6000000000000001 2 0 0 0 0 0 0 0 0 0 0 0 0 0 0.6000000000000001 0 2.2 0 0 0 0 0 0 2.6 0 0 0 7.6000000000000005 0 0 0 0 0 2.6 0 0 0 0 0 0 0 0 0 8.6 0.2 1.6 0 0 13.600000000000001 2.8000000000000003 4.2 0 2.8000000000000003 1.2000000000000002 2 4.2 0.2 7 0 2.8000000000000003 1.2000000000000002 5.4 0 0 0 0 0 0 0 0 0 0 0 0 2.8000000000000003 0 0.2 0 0 0 2.2 0 0 0 0 0 0 0 0 0 0 0 0 0.2 0 0 1 0.2 0 15.600000000000001 0 0.4 0 0 0 0 0 0 0 0 0 0 0 0 0 0 0 0 0 0 0 0 0 0 2.6 0 0 0 3.2 0 0 0 
 0.8 0.4 0.6000000000000001 0.6000000000000001 0.4 7.6000000000000005 0.6000000000000001 0.6000000000000001 0.6000000000000001 0.6000000000000001 1.2000000000000002 1 0.4 0.4 1.4000000000000001 0.6000000000000001 0.4 0.6000000000000001 0.6000000000000001 0.6000000000000001 14.8 15 60 19.8 8.200000000000001 4.4 0 31 12 27 62.800000000000004 7.6000000000000005 54.2 101.80000000000001 32.4 38 62 20.6 37.800000000000004 42.2 0 1 0.4 0 0 0.6000000000000001 0 0 0.4 0 0 0.4 0 0 0 0.6000000000000001 0 0 0 2.4000000000000004 0 0 0.6000000000000001 0 0 0 0.4 0.6000000000000001 0 2.8000000000000003 0.6000000000000001 0.4 0 0 0.6000000000000001 0 0 0 0 0.6000000000000001 0 0 0 0 3 6.4 0 0 0 0 0 2.6 0 0 0 0 0 1.4000000000000001 0 0 0 0 2.4000000000000004 0.2 0 3.4000000000000004 10.600000000000001 4.6000000000000005 2.8000000000000003 2.2 13.8 3 3.4000000000000004 0.2 1.6 4.6000000000000005 5.4 1.2000000000000002 0 1.4000000000000001 0 0 0 0 0 0 0 0 0 0 0 0 0 0.2 0 4.6000000000000005 0 2.2 0.2 0 0 0 0 0 0 0 0 0 0 0 0 3.2 0.6000000000000001 0 0 0 0 0 0 0 0 0 2 0 0 0 0 0 0 0 9 3.4000000000000004 0 0 0 2.6 0.6000000000000001 0 0 0.6000000000000001 0 3.6 0.6000000000000001 1.2000000000000002 0 0 4.4 2.8000000000000003 13.4 0 11.600000000000001 0 1.4000000000000001 3.6 7.800000000000001 1.4000000000000001 3 2.4000000000000004 2.4000000000000004 5.2 0 0 0 0 0 0 0 0 0 0 0 0 0 0 0 0 0 0 4.800000000000001 0 0 0 0 0 0 0 0 0 0 0 0 0 0 0 0 0 0 0 0 0 0 0 0 0 0 0 0 0 0 0 0 0 0 0 0.4 0 0.2 0 15.200000000000001 0 4.800000000000001 4.6000000000000005 0 0 0 0 0 0 0 0 0 0 0 0 0 0 0 0 0 3.6 0 5 0 0 0 0.2 0 0 0 0 
 0.4 0.4 0.4 0 15 15.4 0.2 0 0 0 56.6 0.4 0 0 0 0.2 0 0 0 0.4 26.8 42.800000000000004 38.800000000000004 35.6 17 50.800000000000004 31 0 16 40.6 21.400000000000002 25.8 36.800000000000004 16.400000000000002 38.400000000000006 7 22.400000000000002 14.8 73.8 50.800000000000004 0 0.6000000000000001 0.4 0 0.2 0.6000000000000001 2.6 0 0.4 4.800000000000001 0 0.6000000000000001 0 0 0 0.6000000000000001 0 0 0 0 0 0 0.6000000000000001 0 0 0 0.4 0.6000000000000001 0 0.6000000000000001 0.6000000000000001 0.6000000000000001 0.2 0 0.4 0 0 1 0 0 0 0 12.8 0.2 0 0 0 0 0 0 0.2 0 0.4 0 0 0 0 0 0 0 2.2 1.8 3.8000000000000003 2 2 0 5.6000000000000005 6 2.6 2.6 0 5 0.4 6 3.4000000000000004 4.2 2.8000000000000003 2.2 0.8 7.800000000000001 0 0.2 0 2.2 0 0 0 0 0.6000000000000001 0 0 0 2 0.4 0 0 0 0.2 1.8 0.2 0.4 0 0 0.2 0 0 0 0 0 0 0 0 0 0 0 0 0 0 0 1 0 0 0 1.8 0 0 0 0 0 0 0 5 0 0 0.4 0 0 0.6000000000000001 0 3.8000000000000003 0.2 1.4000000000000001 7.800000000000001 4.4 0 0 9.200000000000001 2.4000000000000004 6.4 4 5.6000000000000005 1.6 0 5.6000000000000005 0.4 2 8 1.4000000000000001 0 0 0 0 0 0 0 0 0 0 0 0 0 0 0.2 0 0 0 0 0 2.6 1.4000000000000001 0 0 0 0 0 0 0 0.4 0 0 0 0 0 0 0 0 0 0 0 0 0 0 0 0 0 0 0.8 0 0 0 0 0 0 0 1.6 0.4 0.6000000000000001 0 24.8 0 0 0.2 0 0 0 0 6 0 0 0 0 0 0 0 0 0 0 1.8 0 2.4000000000000004 0 0 0 0 0 2.2 0 0 0 0 
 0 0 0 0 0 0.4 0 0 0.4 0 0 16 0 0 0.6000000000000001 0 0 0 0 0.4 21.6 31.200000000000003 31.200000000000003 29.200000000000003 49.6 7.2 12 16 0 31.400000000000002 64 55 32.2 43.800000000000004 15.200000000000001 11.4 53.6 97 45.400000000000006 27.400000000000002 3.8000000000000003 1 0.4 0 0 0.6000000000000001 14.600000000000001 0 0.6000000000000001 1.4000000000000001 0 0.6000000000000001 0 12.600000000000001 0 0.6000000000000001 0 12.4 0 0.6000000000000001 9.8 0 0.4 0 0 0 0.6000000000000001 0.6000000000000001 0 1 1.6 0.6000000000000001 0.6000000000000001 0 0.4 0 0 0 0 0 0 0 0 0 0 2.2 0 0 0 0 0 0 0 0 0 0 0 0 0 0 3.8000000000000003 3.8000000000000003 6.6000000000000005 2.2 5 5.6000000000000005 0 0 4.4 2 3.2 7.6000000000000005 0 0.2 3.6 3.6 5.2 0 0 0.2 2.4000000000000004 0 0 0 0 0 0 0 0 0 0 3 1.4000000000000001 2.4000000000000004 0 2.6 0 2.4000000000000004 0 0.2 0 0 0.8 0 0 0 0.2 0 0 0.2 0 0 0 0 0 0.8 0.4 0 0 0 0 0 0 0.8 0 0 0 0 8.6 0 0 0 0.4 0 0 0 1.2000000000000002 0 0.4 0 3 0 3.8000000000000003 1.6 5 2.6 8.6 0 0 0 3 3.8000000000000003 2.8000000000000003 6.2 2.2 0 7.4 0.2 3.4000000000000004 0.6000000000000001 0 0 0.2 0 0 0 2 0 0 0 0 0 1.6 2.6 0 0 0 0 2.8000000000000003 0 0 0 0 0 0 0 0 0 0 0 0 0 0.2 0 0 0 0 0 0 0 0 0 2.4000000000000004 0 0 0 0 0 0 0 0 0.2 0 0 1.8 0.6000000000000001 0 20.400000000000002 16.2 0.2 3.8000000000000003 0 0 0 0 0 0 0 0 0 0 0 0 0 0 0 0 0 0 0 0 1.4000000000000001 0 0 0 0.2 1.4000000000000001 0 0 0 
 0 0 0 0.2 0 0 0.6000000000000001 0 0 0 0.2 0.6000000000000001 0 0 0.2 0 0.6000000000000001 0 2.8000000000000003 0.6000000000000001 27.8 49.2 28.200000000000003 36.2 21.200000000000003 10.8 27 40.6 31.400000000000002 0 20 34.6 9.600000000000001 27 50.6 58.400000000000006 60.400000000000006 39.400000000000006 29.400000000000002 64.4 0 3 0.4 0 0 1 6.6000000000000005 0 0.4 0 41.2 1 0 0 0 0.6000000000000001 41.2 0 11.8 1 0 0 0.6000000000000001 0 0 0 0.4 0.6000000000000001 0 0.6000000000000001 0.6000000000000001 0.4 0 0 0.6000000000000001 0 0 0 0 0 0 0 0 0.4 0 0 0 0.4 0 0 0 0 0 0 0 0 0 0 0 0 0.2 14.200000000000001 5.4 0.2 4.2 0 0 3 2.6 7.6000000000000005 1.8 8 2.2 0 0 10 4.2 1.6 1.8 4.4 4.800000000000001 0 0 0 0 0 3.8000000000000003 0 0.4 0.2 0 0 4.6000000000000005 4.2 0 0 0.2 0 4 3.2 0.4 2.6 0 0.2 0 2 0 0 0 0 0 0 0 0 0 0 0.6000000000000001 0 0 0 0 0 0 0 0 0 0.2 3.6 0 0 0 0 0 0 0 0 0 1.6 0 0 3.8000000000000003 0 5.6000000000000005 6.800000000000001 1.2000000000000002 4.2 5.4 5.6000000000000005 8.200000000000001 11.600000000000001 1.8 3.2 12 4 4.4 10.4 4 3.4000000000000004 3.6 0 0 2.6 0 0 0 0 0 1.6 0 0 0 0 2 1.8 1.6 0 0 0 0 0 0 0 0 0 0 0 0 0 0 0 0 0 0 0 0 0 0 0 0 3 0 0 0 0 0 0 0 0 0 0 0 0 0 0 2 0.2 0 15.4 0.2 0.4 0.6000000000000001 0 0 0 0 0 1.8 0 0 0 0 0 0 0 0 0 0 0 0 0 0 0 0 0 0 0 0 0 0 0 
 0 0 0 0 0 0 0 0.4 0 0 0 0 0 0 0 0 0 0.4 9 0.6000000000000001 45.2 22.200000000000003 20.6 13.200000000000001 58.400000000000006 42.6 62.800000000000004 21.400000000000002 64 20 0 25.6 9 110.2 31.200000000000003 74.4 37 28.6 26.6 15.600000000000001 0.4 1 12.8 0 0 0.6000000000000001 12.8 0 0.4 0.6000000000000001 0 0.4 0 11 13.200000000000001 0.6000000000000001 0 0 25.200000000000003 0 0 0 0.6000000000000001 0 16.8 0.2 0.6000000000000001 0.6000000000000001 0 0.6000000000000001 2 0.6000000000000001 0.2 0 0.4 0 0 0 0 0 0 0 0 0 0 2 0 0 0 0.2 0 0 0 0 0.4 0 0 0 0 0 0 7.6000000000000005 0.2 3.2 8.8 0.2 2.4000000000000004 2.6 4.6000000000000005 0 7.4 7 2.8000000000000003 0 0 8.6 1.4000000000000001 10.4 0 0 0 0 4 0 0 0 0 2.2 0 0.2 0 0 1.2000000000000002 3.8000000000000003 0 0 2.4000000000000004 2.2 3.4000000000000004 3.2 0 0 0.4 0 0 0 0 0 0 0 0 0 0 0 0 0.2 0 0 0 0 0.4 0 0 0 0 0 0 0 0 2.8000000000000003 0.2 0 0 0 0 0 0.2 1 0 0.8 0.2 1.6 0.2 1.8 6.6000000000000005 4 0.4 2.2 5.6000000000000005 3.4000000000000004 2.4000000000000004 8 0 0 2 3.6 12.200000000000001 2.4000000000000004 0 0 0 0 0 0 0 0 4.6000000000000005 0 0 0.2 0 0 2.6 0 0 0 0 0 5 0 0 0 0 0 0 0 0.2 0 0 2.2 0 0 0 0 0 0 0 0 0 0 0 0 0.2 0 0 0 0 0 0 0 0 0 0 0 1.8 0 1.4000000000000001 5.6000000000000005 30 0 3 0.2 0 0 0 0 0 0 0 0 0 0 0 0 0 0 0 0 0 0 0 0.2 0 0 0.2 0 1 0 0 0 
