 0 18.2 16 11.600000000000001 8.200000000000001 47.2 23.8 9.600000000000001 24.6 11.200000000000001 27.8 5 69.2 9.4 27.400000000000002 135.20000000000002 23 27.200000000000003 26.200000000000003 10.4 0 0.2 0 0 0.4 0 0 0 0 0.8 0.4 0 0 0 0.8 0 0 0.6000000000000001 0.2 0 0.4 0 0.4 0 0 0 0 0.4 0.6000000000000001 6 0 0 0 0.6000000000000001 0 0 3.6 0 0 0 0 0 0 0.6000000000000001 1 0 0.4 0 0 0.8 0 0.4 0 0 0 0 0 0 0 0 0.2 5 3.6 0 0 0 4.4 4.4 9.4 0 2.8000000000000003 0 16.8 3.2 0 1.6 3 0 0 8.6 0 0 0 0 0 0 0 0 0 0 0 0 0 0.8 0 0 0 0 0 0 0 0 0 2.8000000000000003 0 0 0 0 0 0 0 0 0 0 0 0 0 0 0 0 0 0 0 0 0 0 0 0 0 0 0 0 0 0 0 0 0 0 0 0 3.8000000000000003 13 1.4000000000000001 0 0 0 1 7 8.8 0 3.8000000000000003 0 0.4 5 2 3.8000000000000003 1.6 4.2 2 6.2 0 0 0 0 0 0 0 0 0 0 0 0 0 0 0 0 0 0 0 0 0 0 0 0 0 0 0 0 0 0 0 0 0 0 0 0 0 0 0 0 0 3.6 0 0 0 0 0 0 0 0 0 0 0 0 0 0 0 0 0 0 0 0 0 0 0 0.6000000000000001 0 0.4 0 0 0 2.6 0 0 0 0 0 0 0 0 0 0 0 0 0 0 0 0 0 0 0 0 0 0 0 0 0 0 0 0 0 0 0 0 0 0 0 0 0 0 
 18.2 0 19.200000000000003 13.200000000000001 20.400000000000002 11 23 54 56.6 35 44.800000000000004 12.4 29.6 27.200000000000003 45.2 68.8 70 28.200000000000003 43.400000000000006 60.2 4 0.6000000000000001 0.6000000000000001 0.6000000000000001 0 0 0 0 1.2000000000000002 0.8 0.4 1.2000000000000002 0 0 1.4000000000000001 0.6000000000000001 0 0.2 0 0.2 0.6000000000000001 0.2 0 1.8 0.8 0 0 0.4 0.6000000000000001 0.4 0.6000000000000001 0 0 0.6000000000000001 1 0 1.4000000000000001 0 0 0.8 0 0 0 0.6000000000000001 1 0.6000000000000001 0.6000000000000001 0 0 0 0 0.8 0 0.8 0 0 0 0.4 0.4 0 5.800000000000001 6.2 2 7.4 5 7.6000000000000005 1.6 0 4.800000000000001 1 0 2 0.8 2.6 1.8 3.6 2.4000000000000004 6.800000000000001 2.4000000000000004 0 3.8000000000000003 0.2 0 0 0 0 3.6 0 4.4 0 0.4 0 0 3.8000000000000003 4.800000000000001 0 0 0 4 0 0 0 0.4 0 0 0 0 0 0 0 0 0 0 0 0 0 0 0 0.8 0.4 0 0 0 0.2 0 0 0 0 0 0 2.6 0 0 0.2 0 0 0 0 0 0 2.4000000000000004 0 0 3 3.6 0 0 1 0 6 0 0 11.200000000000001 4.6000000000000005 3.2 2.8000000000000003 3.8000000000000003 0 0 1.6 0 0 0 0 0 0 0.2 0 0 0 0 0 0 0 0 0 0 0 0 0 0 0 0 0 0 0 0 0 0 0 0 0 0 0 1.8 0 0 0 0 0 0 1.6 0 0 0 0 0 0 0 0 0 0 0 0 0 0 0 0.8 0 0 0 0.2 0 0 0 0.4 0.2 0 0.4 11.8 0 3.8000000000000003 0 0 0 0 0 0 0 0 0.4 0 0 0 0 0.4 0 0 0 0 0 0 0 0 0 2.8000000000000003 0 0 0 0 0 0 0 0 0 0 0 0 0 0 
 16 19.200000000000003 0 22.400000000000002 35 7.4 39 21 55.400000000000006 34.4 28.8 40.6 47.800000000000004 27.400000000000002 21.6 17.2 45.800000000000004 70 28.8 28 0 0.2 0 0 0.4 0.6000000000000001 0 0 0 1 1 1 0.6000000000000001 0.2 1.2000000000000002 0 0 0.6000000000000001 0.4 0.2 0.4 0.6000000000000001 0.6000000000000001 0.4 1 0.6000000000000001 0.2 0.4 1.8 0.4 0.6000000000000001 0.4 0.6000000000000001 1.2000000000000002 0 1 10.8 0 0.6000000000000001 0.6000000000000001 0 1.6 0.4 0.6000000000000001 1 0 0.4 0.6000000000000001 0 0.8 0 0.6000000000000001 1.4000000000000001 0 0 0.6000000000000001 0.2 0.6000000000000001 0 0 3 0 4.2 8.200000000000001 4 9.4 0 6 4.800000000000001 4.2 7.800000000000001 1.6 2 3 2.8000000000000003 3.8000000000000003 1 9.200000000000001 3 0 0 6 0 0 0 0 6.2 2.2 0.2 4 0 0 0 0 2.6 0 0 0 0.2 3.6 0 0 0 2.8000000000000003 0 0 0 0 0 0 0 0 0 0 0 0 0 0 0.8 0 0 0 0 0 0 3 0 0 0 0 0 0 0 0 0 0 0 0 0 0 4.2 6.2 3.6 0 0.6000000000000001 13 0 4 5.800000000000001 2.2 3 0 0 4.800000000000001 3 0 8 9.8 3.8000000000000003 0 0 0 0 0 0 0 2.6 0 0 0 7 0 0 0 0 0 0 0 0 0 0 0 2 0 0 3.4000000000000004 0 0 0 5.4 0 0 0 0 0 0 0 0 0 0 0 0 0 0 0 0 0 0 0 0 0 0 0 0 0 0 0 0 0 0 0 0 0 0 0 0 19 0.4 0.2 9.4 0 1.2000000000000002 0 0.4 0 0 0 0 18.2 0 0 0 0 0 0 0 0 0 0 0 0 0 0 0 0 0.8 0 0 0 0 0 0 0 0 0 0 0 0 0 0 
 11.600000000000001 13.200000000000001 22.400000000000002 0 20.6 26.6 40 27.6 58.2 27.200000000000003 26.8 45.400000000000006 19.200000000000003 32.4 30.200000000000003 16 44.400000000000006 43.6 65 14 14.4 0.4 0 0 0 0.2 0 16 0 0.4 0.4 0 14.8 0 15.200000000000001 0 0 0.4 0 3.2 0.6000000000000001 0 0 0 0 0 0 0.4 0.6000000000000001 0 0 0 0 0.6000000000000001 0 0 0.8 0 0 0 0 0 0 1 0.6000000000000001 0 0.4 0 0 0 0 0.4 0 0 0 0 0 0 0 0 0 5.2 7.4 3.4000000000000004 7.800000000000001 0 0 0 2.4000000000000004 0 3.8000000000000003 3.6 0 0 3.2 4.2 2.2 0.2 0 0 0 2.8000000000000003 0 0 0 0 0 0 0 0 0 0 0 0 0 0 0 3.2 4 2 0 0 0 0 0 0 0 0 0 4.6000000000000005 0 0 0 0 0 0 0 0 0 0 0 0 0 0 0 0 0 0 0 0 0 0 0 0 0 0 0 0 0 0 0 0.4 7.2 4.2 3.2 6.4 0 0 0 2.4000000000000004 8.6 1.8 2.8000000000000003 0.4 2.6 0 2.2 0 0.2 0.4 0 0 0.4 0 0 0 3.2 1.4000000000000001 0 0.4 0 0 2.4000000000000004 0 5.6000000000000005 0 2 0 10.8 0 0 0 0 0 2 0 0 0 0 2 0 0 0 0 0 0 0 0 0 0 0 0.4 0 0 0 0 0 0 0 0 0 0 0 0 0 0 0.2 0 0 0 0 2 0 0 0 0.4 17.8 0.2 0 0.2 0 2.6 1.8 0.4 0 0 0 0 0 0 0 0 2 0 0 0 0 0 0 0 0 0 0 0.2 0 0 0 1.8 0 0 0 0 0 0 0 0.4 0 0 0 0 
 8.200000000000001 20.400000000000002 35 20.6 0 77.2 11.8 31.400000000000002 14.8 23.200000000000003 25 16.2 14.4 11.200000000000001 77.2 26 7.6000000000000005 11.8 17.2 17.8 0.6000000000000001 0.2 4.4 0 0.8 0.2 25.200000000000003 14.600000000000001 0 0.8 0.4 0 15.200000000000001 0 0.6000000000000001 0 0.2 15.200000000000001 11.8 20 1.2000000000000002 0 0 0.4 0 0.6000000000000001 0 0.4 0.6000000000000001 0.6000000000000001 0 0 0 0.6000000000000001 0 0.4 0.6000000000000001 0 0 0.6000000000000001 0 0 0.4 1.6 1 0.6000000000000001 0.6000000000000001 0 0 0 0 0.4 0 0 0.4 0 0 0.2 0 0 0 1.6 0 2.2 0 7 0 1.8 0 9 0.4 4.4 0 6 1.8 3.6 1 6.4 0 0 3 0 0 0 0 0 0 0.2 3 0 0 0 4 3.6 9 3.4000000000000004 3.8000000000000003 0 7.2 6.2 0 0 0 0 0 0 0 0 0 0 0 0 0 0 0 0 0.4 0 0 0 0 0 0 0 0 0 0.2 0 0 0 2.8000000000000003 0 0.4 0 0 0 0 0 0 0 2.6 0 0.4 1.6 9 0 0 0 0 0 0.2 4.6000000000000005 0 0 0.4 4.4 0 2.2 0 0 0 1 2.2 1.4000000000000001 0.4 0 3 2.6 0.4 0 2.2 8.4 6.2 3.8000000000000003 0.2 2 0 0 0 0.8 0 0 0 0 0 0 0 0 0 0 0 0 0 0 0 0 0.2 0 0 0 0 0 0 0 0 0 0 0 0 0 0 0 0 0 0 0 0 0 0 0 0 0 0 0 0 0.8 0.6000000000000001 0 0.6000000000000001 1.6 0.2 1.4000000000000001 0.8 0 0 0 0 0 0 0 0 0 0 0 0 0.4 0 0 0 0 0 0 0 0.4 0 0 2 0 0 0 0 0 0 0 0 0 0 0 0 0 
 47.2 11 7.4 26.6 77.2 0 59.2 6 7.2 14.600000000000001 19.400000000000002 41.400000000000006 96 9 10 58.400000000000006 10.8 13 11.8 9.8 23 22.400000000000002 15 0 0 1 30 48.2 33.4 0.6000000000000001 0.6000000000000001 0 23.6 28.200000000000003 0.6000000000000001 0 0.8 0.6000000000000001 28.400000000000002 14.8 0.4 0 0 0 0 0 0 0.4 0.6000000000000001 0 0 0 0 0.6000000000000001 0 0 1.4000000000000001 0 0 0 0.8 0 0 1.2000000000000002 0.8 0.6000000000000001 0.4 0.4 0 0 0 0.4 0 0 0 0.6000000000000001 0.6000000000000001 0 0 0 0 0 0 7.800000000000001 9.200000000000001 5.6000000000000005 0 0 0 1.2000000000000002 6 3 0 0 0 0 3.6 4.4 0 0 2.8000000000000003 2 3.4000000000000004 3.4000000000000004 0 0 5.6000000000000005 6 7.800000000000001 0 0 0 6.4 0.2 2.4000000000000004 2.8000000000000003 3.4000000000000004 7 4 4 0.4 0 0 0 0 0 0 0 0 0 0 0 0 0 0 0 0 0 0 0 0 0 0 0 0 0 0 0 0.4 0 1.6 0 0 0 0 0 0 0 0 0 0 0 0 4.4 0.2 4 0 0 0.4 0 0 9.200000000000001 0 0 0 0 0 3.6 0 0 4 0.4 6 1.6 0 0 5.6000000000000005 5.2 4.6000000000000005 0 2.8000000000000003 0.2 12 9.8 10.600000000000001 1.8 0.2 0 4 6.6000000000000005 0 0.4 0 0 0.4 0 0 0.2 0 0 0 0 0.4 0 0 0 0 0 0 0 0 0 0 0 0 0 0 0 0 0 0 0 0 0 0 0 0 0 0 0 0 0 1.2000000000000002 0 0 1 1.6 0 6.4 1.2000000000000002 1 1.8 0 0 0 0 0 0 0 0 0 0 0 0 0 0 0 0 0 0 0 0 7.6000000000000005 0 0 0 2 3 0 0 0 5.4 0 0 0 0 0 0 0 0 
 23.8 23 39 40 11.8 59.2 0 40 30.6 19.400000000000002 28.200000000000003 50.2 105.4 28.200000000000003 16.400000000000002 26.8 46.800000000000004 39.2 21.6 11 0 0.2 0 0 0.4 0 0 0 0 0.4 0.8 0 0.8 0.4 1.2000000000000002 0 0 1.4000000000000001 1 0.2 0.6000000000000001 0 0 0 0 0 0 0.4 0.6000000000000001 0.4 0.6000000000000001 0.8 0.4 0.6000000000000001 0 0 12.8 0 0 0 0 0 0 1.4000000000000001 1.8 0 0.4 0.4 0.4 0.8 0.2 0.4 0 0 0 0 0.6000000000000001 0.4 0 0.6000000000000001 2.8000000000000003 0.2 5.800000000000001 0 0 0 3.2 8.200000000000001 4 1.4000000000000001 4.800000000000001 0 2 2.6 2.8000000000000003 6.2 0.2 2.6 5.6000000000000005 5.6000000000000005 0.4 0 0.4 0 0 0 0 0 0.2 0 0 0 0 0 0 0 0 0 0.4 0 0 0 0.2 2.8000000000000003 0 0 0 0 0 0 0 0 0 0 0 0 0 0 0 0 0 0 0 0.4 0 1.8 0 0 0 0 0 0 0 0.4 0 0 0 0 0 0 3.4000000000000004 8.8 2.2 0 0 0 3.2 13.4 6.800000000000001 5.6000000000000005 3.8000000000000003 0 0.2 6 0 2 4 2.2 3 0 0 0 0 0 0 0 0 0 0 0 0 0 0 0.2 0 0 0 0 0 0 0 0 0 0 0 0 0 0 0 0 0 0 0 0 0 0.2 0 0 0 0 0.8 0 0 0 0.4 0 0 0 0.2 0 0 2.6 0 0 0 0 0 0 0 0 0 0.4 0 0 0 0.6000000000000001 0.2 0 0 0 8.6 0.8 0 0 0 0 0.2 0 0 0 0 0 0 0 0 0 0.2 0 0 0 0 0 0 0.2 0 1 0 0 0 0 0 0 0 0 0 0 0 0 0 0 
 9.600000000000001 54 21 27.6 31.400000000000002 6 40 0 73.60000000000001 4.6000000000000005 22.6 9.600000000000001 48 28.8 59.800000000000004 18.6 54.6 41.6 33 35.2 0 0.4 0 0.2 0 0.4 0 0.2 0.4 0.6000000000000001 16.8 0 0.4 0.6000000000000001 1.2000000000000002 0.4 0 0.6000000000000001 0.6000000000000001 0.4 0.4 0.2 0 0 0 0 0 0.4 0.6000000000000001 0.4 0 0 0 0.6000000000000001 0 0 1 0 0 0.2 0 0 0.2 0.6000000000000001 0.6000000000000001 0 0.4 0 0 0 0 0.4 0 0 0 0.4 0 0 0 0 5.2 2.4000000000000004 8.200000000000001 2.8000000000000003 9.200000000000001 11.600000000000001 0.6000000000000001 0 0.2 4.6000000000000005 0 1.8 4 3 7.2 5.800000000000001 3.2 5.2 0.2 0 0.2 0 0 0 0 0 0 0 0.2 0 0 0 0 3.2 0 0 0 0 3 0 0 0 0 0 4.800000000000001 0 0 0 0 0 0 0 0 0 0 0 0 0 0.8 0 0 0 0 0 3 0 0 0 0 2.6 1.4000000000000001 0 0 0 0 0 0 0 0 0 2.2 0 2.4000000000000004 0.2 1.8 1.4000000000000001 0 4.4 0.8 3.6 1.4000000000000001 0 3 4.800000000000001 0 1.8 2.8000000000000003 1.6 0 1.6 0 0 0 0 0 0 0 0 0 0 0 0 0 0 0 0 0 0 2.8000000000000003 0 0 0 0 0 0 0 0 0 0 0 0 0 0 0 0 0 0 0 0 0.2 0 0 0 0 0 0 0 0 0 0 0 0 0 0 0 0 0 0 0 0 0 1.4000000000000001 0 0 0 0 0.2 0 0 9.600000000000001 0 1 0 0 0.4 0 0 0.2 0 0 0 0 2 0 0 0 0 0 0 0 0 0 0 0 0 2.8000000000000003 0 0 0 0 0 0 0 0 0 3.4000000000000004 0 0 0 0 
 24.6 56.6 55.400000000000006 58.2 14.8 7.2 30.6 73.60000000000001 0 95.80000000000001 45.2 28.6 71.2 31.200000000000003 51 29.400000000000002 42.800000000000004 10.200000000000001 95.60000000000001 13.4 0 0.2 0.2 0.2 0.4 0 0 0 0 0.4 1 0 0.4 0 0.6000000000000001 0 0 0 0.2 0 0 0 0.2 0 0 0 0.4 0 0.8 0.6000000000000001 0 1.2000000000000002 0 0 0.6000000000000001 0.4 0.4 0.6000000000000001 0 0.4 0 0.4 0.2 0 0.8 0.4 0 0.4 0 0 0.6000000000000001 0.6000000000000001 0.6000000000000001 0.4 9 0.6000000000000001 0.6000000000000001 0.2 0.4 0.4 2 0 5.4 1.8 0.2 0 1.6 0 4.2 0 4.4 0 2 0.4 4.2 9.200000000000001 3.2 1.2000000000000002 0.2 0 0 0 0 0 0 0 0 0 0.4 0 0 0.2 0 4 0.2 0 0 0 0 0 0 0 0 0.4 0 0.2 0 0 0 0 0.4 0 0.2 0 0 0 0 0 2.4000000000000004 0 0 0 0 0 0 0 0 0 0 0 0 0 1 0 0 0 0 0 0 0 3.6 6.800000000000001 5.800000000000001 4.4 6.2 1.8 0 3.2 3.8000000000000003 5.4 6.4 0 2.8000000000000003 8.6 5.4 0 2.4000000000000004 1 5.6000000000000005 2.8000000000000003 0 0 0 0 0 0 0 0.2 0 0 0 0 0 0.2 2.2 0 0 0 4 0 0 0 0 0 0 0 0 0 0 0 0 0 0 0 0 0 0 1.4000000000000001 0 0 0 0 0.4 0 0 0 0 0 0 0 0 0 0 0 0 0 0 0 0 0 0 0 0 0 0 0.2 0 0 0.2 17.400000000000002 0.2 0.2 3 0 0 0 0 0 0 0 0 0 0 0 0 9.600000000000001 0.6000000000000001 0 0 0 0 0 0 0 0 0.2 0 0 0 0 0 0 0 0 0 0 0 0 0 0 
 11.200000000000001 35 34.4 27.200000000000003 23.200000000000003 14.600000000000001 19.400000000000002 4.6000000000000005 95.80000000000001 0 69.60000000000001 10.200000000000001 87 54.800000000000004 20 89.80000000000001 68.8 69.60000000000001 27.6 41.2 0 0.2 4.6000000000000005 0 0 0.2 0 0 0.6000000000000001 1.8 0.4 0 0 0 1 0 0 0.6000000000000001 0 0 0.4 0 0 0 0 0 0 0.4 0.6000000000000001 0 0 0 7.4 0.6000000000000001 0 0 0.8 0 0 0.2 0 0 0 1.8 0.6000000000000001 0 0.4 0 0 0 0 0.4 0.8 0 0 0 0 0 0.4 0 0 4.2 7 4.2 0 3 0 2.6 17.6 8 5 2.2 0 4.2 0 2.8000000000000003 0.8 3.2 0.2 0 0 0.2 0 0.4 0 0 3.2 0.2 0 0.2 0 0 0 0.2 4.4 0 0 0 0.2 5 0 0 0 2.8000000000000003 0 0 0 0 0 0 0 0 0 0 0.4 0 0 0 0 0 0 0 0 0 0 0 0 0 0 0 0 0.2 0 0 0 0 0 0 0 0 2 1.6 6 0 7.6000000000000005 1.8 0 12.200000000000001 2.4000000000000004 0.4 6.800000000000001 0 0 5.4 5.2 0 4.6000000000000005 2.6 0 0 0 0.2 0.8 0 0 0 4.6000000000000005 0 0 0 3.4000000000000004 0 0.2 0 2.2 0.4 0 0 2 0 0 0 0 0 0 0 0 0 0 0 0.4 0 0 0 0 0 0 0 0 0 0 0.2 0 0 3.2 0 0 0 0 0 0 0 0 0.4 0 0.4 0 0 0 0 0 0 0 0 0 6 2.4000000000000004 0 0.4 0.6000000000000001 0.4 5.800000000000001 1.6 0 0 0 0 0 0.4 0 0.2 0 0 7 0 0 0 0 0 0 0 0 0 0 0 0 0 0 0 0 0 0 0 0 0 0 0 0 0 0 
 27.8 44.800000000000004 28.8 26.8 25 19.400000000000002 28.200000000000003 22.6 45.2 69.60000000000001 0 33 28.8 22.8 12.8 25 55.2 60.800000000000004 26.8 25.400000000000002 0 0.6000000000000001 0.6000000000000001 0.4 0 0 30.8 0 0.6000000000000001 0.6000000000000001 1 0 0.4 0.4 0.6000000000000001 0 0.6000000000000001 0.8 0.2 18.2 1.2000000000000002 0 0 0 0 0 0 0.8 0.6000000000000001 1 0 0 0.4 0.6000000000000001 0 0 1 0 0 0 0 0 0 1.4000000000000001 6.6000000000000005 1.2000000000000002 0.6000000000000001 0 0 0.4 0 0.4 0 0.8 0.4 1.2000000000000002 0 0 10.200000000000001 0.4 0 7 4 2.6 5 2.6 2.2 2 5.800000000000001 3 3.4000000000000004 8.200000000000001 0 3.8000000000000003 5.4 2 2.2 0 0 0 0 0.4 0 0 0 0 0 0 0 0 0 0 0 0 0 0.4 0 0 11 1.6 0 0 0 9 0 0 0 0 0 0 0 0 0 0 0 0 0 3 0 0 0 0 0.4 0 0 0 0 0 0 0 0 0 0 0 0 0 0 0 0 0 4 2 0 2 0 0.2 0 0.6000000000000001 4.2 6.2 4.2 4.4 2.6 19.400000000000002 3.6 0 2.6 2 0 0 0 0 0 0 0 0 0 0 0 0 0 0 3.2 0 0 0 0 0.4 5.800000000000001 0 0 0 0 0 0 0 0 0 0 0 0 0 0 0 0 0 0 0 0 0.4 0 0 0 0 0 0 0 0 0 0 0 0 2.8000000000000003 0 0 0 0 0 0 0 0 0.2 0 0 0 0 0.4 0 0.4 9 0 0.4 0 0 0 0 0 0 0 0 0 0 0 0 0 0 0 0 0 0 0 0 0 0 0 2 0 0 0 0 0 0 0 0 0 0 0 0 0 0 
 5 12.4 40.6 45.400000000000006 16.2 41.400000000000006 50.2 9.600000000000001 28.6 10.200000000000001 33 0 7.2 26.400000000000002 7 25.8 31.200000000000003 31.400000000000002 9.200000000000001 7.6000000000000005 4 1 15.600000000000001 0 0.2 0 15.4 0.2 0.4 0.8 1 0.8 15.4 15.200000000000001 13.200000000000001 0 0 1 14.600000000000001 15.200000000000001 0.8 0 0 0.6000000000000001 0.4 0.6000000000000001 1 0.4 0.6000000000000001 0.6000000000000001 0.6000000000000001 0 0.4 0.6000000000000001 0.4 0 1.4000000000000001 0 0 0 0 0 0 1.8 2 1 0.4 0.2 0.4 0 0 1 0 0.4 0 0 1.2000000000000002 0 0 0 0 0 4.800000000000001 10.4 14.600000000000001 4.800000000000001 0 0 0 2.2 7 0.2 0 0.2 0 0.4 6.800000000000001 0 0 0 3 2.6 0.8 0 0 0 1.8 3 6.6000000000000005 0 0 0 0.2 0 3 0 0 3.2 0.2 10 0 0 0 0 0 0 0 0 0 0 0 0 0 0 0 0 0 0 0 0 0 0 0 0 0 0.2 0 0.2 0 0 0.8 0 0 0 0 0 0.2 0 0 0 0 0 7.2 3.6 3.4000000000000004 9.4 0 0 0 0 16 8 0 0 7.6000000000000005 0 2.2 3.4000000000000004 0 0 2.4000000000000004 0 0 0 0 0 3.6 5.6000000000000005 0 0 0 0 9.200000000000001 0 16.400000000000002 0 2.8000000000000003 0 12 2 0 2 0 0 2.2 0 0 0 0 0 0 0 0 0 0.4 0 0 0 0 0 0 0 0 0 0 0 0 0 0 0 0 0 0 0 0 0 0 0 0 0 0 2 0 0 0 0.4 10 0 19.6 0 0 0.8 2.2 0 0 0.4 0 0 0 0 0 0 3.6 0 0 0 0 0 0 0 0 0 0 0 0 0 0 2.8000000000000003 0 0 0 0 0 0 0 0 0 0 0 0 
 69.2 29.6 47.800000000000004 19.200000000000003 14.4 96 105.4 48 71.2 87 28.8 7.2 0 14.200000000000001 52 25.200000000000003 23 12 133.8 47 0 0.8 0.6000000000000001 0 0.2 0 0 0 0 1 1 40.400000000000006 0 40.400000000000006 41.6 0 0.4 0.4 0.4 0 1 0 0 0 0.4 0.6000000000000001 0 0.4 0.6000000000000001 0 0 0.4 0 1.2000000000000002 0 0 1.2000000000000002 0 0 0 0 0 0 1 0.6000000000000001 0.6000000000000001 0.4 0 0 0 0 0.4 0 0 0 0 0 0 0 0 3.4000000000000004 0 3 0 0.2 0 2.4000000000000004 7.6000000000000005 8.6 1 4.4 0 15 11.4 5 2 5.800000000000001 5.800000000000001 7 3.6 0 0 0 0 0.2 0 0 0 0 0 0 0 0 0.4 0 0 0 0 3.8000000000000003 0 0 0 0 2 0 0 0 0 0 0 2.8000000000000003 0.4 0 0 0 0 0 0 0 0 0 0 0 0 0 3.8000000000000003 0 0 0 0 0 0 0 0 0 0 0 0.4 0 0 10.8 9 0 1.6 0 0 0 0 9 7.6000000000000005 3.4000000000000004 0 2.2 11.600000000000001 0 4.4 4.6000000000000005 0 2.4000000000000004 4 0 0 0 0 0 0.2 0 0 0 0 0 0 0 0 0 0 0 0 0 0 0 0 0 0 0 0 0 0 0 0 0 0 0 0 0 0 0 0.2 0 0 0 0 0 0 0 0.2 0.2 0 0 0 0 0 0 0 9.600000000000001 0 0 0 0 0 0 0.2 0 0 0 0.6000000000000001 0.4 0 0.2 0.4 0.4 2.6 0 0 0 0 0 0 0 0 0 0 0 0 0 0.2 0 0 0 0 0 0 0 0 0 6 0 0 0 0 0 0 0 0 0 0 0 0 0 0 
 9.4 27.200000000000003 27.400000000000002 32.4 11.200000000000001 9 28.200000000000003 28.8 31.200000000000003 54.800000000000004 22.8 26.400000000000002 14.200000000000001 0 140.6 10.200000000000001 13.4 7 22.400000000000002 19.6 0 0 0 0 0 0 0.2 0 0 0.4 0.6000000000000001 0 0 0 0.4 0 0.4 0.6000000000000001 0 0 13.200000000000001 0 0 0 0 0 0 0.4 0.6000000000000001 0 0 0 0 0.6000000000000001 0 0 0.6000000000000001 0 0 0 0 0 0 0.6000000000000001 0.6000000000000001 0.2 0.4 0 0 0 0 0.4 0 9 9.8 0 0 0 0 0 0 0 2.4000000000000004 4.2 0 2.2 2.6 0 0 0 4.800000000000001 0 0 0 2.2 4.800000000000001 1.8 0 2.6 2.6 0 0 0 0 0 0 0 0 0 0 0 0 0 0 0.2 0 0 0 0 0 0 0 0 0 0 0 0 2.4000000000000004 0 0 0 0 1.2000000000000002 0 0 0 0 0 2 0.2 0 0 0 0 0 0 0 0 0 0 0 0 0 0 0 0 0 0 0 0 0 0 5.4 3.2 2.2 4 4.800000000000001 3.4000000000000004 0.6000000000000001 0 3.8000000000000003 0.4 0 0 1.8 2.8000000000000003 0 2.4000000000000004 4.6000000000000005 0 0 0 0 0 0 0 0 0 0 0 0 0 0 0 2.2 0 0 0.2 5 0 0 0 0 0 0 0 0 0 0 0 0 0 0 0 0 0 0 0 0 0 0 0 0 0 0 0 0 0 0 0 0.4 0 0 0 0.4 0 0 0 0 0 0 0 0 0 0 0.2 0 0 0 17.6 0 3.2 4.2 0 0 0 0 0 0 0 0 0 0 0 0 0 0 0 0 0.4 0 0 0 0 0 0 0 0 0 0 0 0 0 0 0 0 0 0 0 0 
 27.400000000000002 45.2 21.6 30.200000000000003 77.2 10 16.400000000000002 59.800000000000004 51 20 12.8 7 52 140.6 0 30.6 60 8.6 32.6 70.2 0 0.2 0 0.4 0.4 0 0.4 0.2 0 0.4 0.4 0.6000000000000001 0.6000000000000001 0 1 0 0.6000000000000001 0.6000000000000001 0.6000000000000001 0.6000000000000001 0.6000000000000001 0 0 0 0.6000000000000001 0 0 0.8 1 0 0 0 0.6000000000000001 0.6000000000000001 0 0 0.8 0 0 0.6000000000000001 0.2 0 0 0.6000000000000001 0.6000000000000001 0 0.4 0 0 0 0 0.4 0 0 0 0.4 0 0 0 0 5.800000000000001 0 5.2 3.2 0 3.8000000000000003 0 10 0 2.2 0 3 1.8 0 0.2 6.2 2.4000000000000004 2.2 3.2 4.6000000000000005 0.2 0 0 0 0 0 0 0 0.2 0 0 0 0 2.6 0 0 0 0 0 0 0 0 0 0 0 0 0 0 0 0 0 0 0 0 0 0 0 0 1.6 0 0 0 0 0 0 0 0 0 0 0 0.2 0 0 0 0 0 0 0 0 0 1.8 5.6000000000000005 2 3.6 2 0 4.2 11.8 2.8000000000000003 4.4 3.2 0 0.2 0.6000000000000001 0 6.4 0 3.6 2.6 2.6 0 0 0 0 0 0 0 0 0 0 0 0 0 0 0 0 0 0 6.4 0 0 0 0 0 1.8 0 3.2 0 0 0 0 0 0 0 0 0 0 0 0 0 0 0 0 0 0 0 0 0 0 0 0 0 0 4.2 0 0 0 0 0 0 0 0 0 0 0 0.4 0.2 0 0 1.4000000000000001 1.8 1.8 0 0 0 0 0 0 0 0 0 0 0 0 0 0 0 0 0 0 0 0 0 0 0 3 0 0 0 0 0 0 0 0 0 0 0 0 0 0 
 135.20000000000002 68.8 17.2 16 26 58.400000000000006 26.8 18.6 29.400000000000002 89.80000000000001 25 25.8 25.200000000000003 10.200000000000001 30.6 0 15.8 9.8 9.8 22.8 0 0.4 0 0 0.2 0 15 0 0 0.4 1 0 0.4 0 0.4 0.4 0 0.4 15.200000000000001 18.2 0.6000000000000001 0 0 0 0 0 0 1.6 0.6000000000000001 0 0 0 0 0.6000000000000001 0 0 0.8 0 0 0 0 0 0 1.4000000000000001 3.2 0 0.4 0 0 0 1.4000000000000001 0.4 0 0 0 0 0 0 0 0 0 3.2 3.2 2 0 0.6000000000000001 0 2.4000000000000004 0 8.8 1.8 6.800000000000001 0.6000000000000001 3 7.4 9.8 0 3 0.2 3.6 0 0 0 0 0 0 0 0 0 0 0 0 0 0 2.2 0 0 0 2.2 5 0 0 0 0 0 0 0 0 0 0 0 0 0 0 2 0 0 0 0 0 0 0 0 0 0 0.4 0 0 0 0 0 0 0 0 0 0 0.4 0 0 0 3.4000000000000004 0 5.6000000000000005 0.8 0 3.6 0.2 0.2 0 1.4000000000000001 0 4 4.4 0.2 2.8000000000000003 2.6 0 2 0 0 0 0 0 0 0 0.4 0 0 0 0 4 0 3 0 0 0 0 0.2 0.2 0 0 0 0 0 0 0 0 0 0 0 0 0 0 0 0 0 0 0 0 0 0 0 0 0 0 0.2 0 0 0 0 0 0 0 0 0 0 2.6 0 0 0 0.2 0 0 0 2 0.2 17.2 0 0.2 9.200000000000001 0.6000000000000001 4.4 0 0 0.4 0 0 0 0 0 0 0 0 0 0 0 0 0 0 0 0 0 0 0 0 0 0 0 0 0 0 0 0 0 0 0 0 0 0 0 
 23 70 45.800000000000004 44.400000000000006 7.6000000000000005 10.8 46.800000000000004 54.6 42.800000000000004 68.8 55.2 31.200000000000003 23 13.4 60 15.8 0 25.6 54.800000000000004 11.4 0 1.6 0 0 0 0 0 0 0 0.4 0.4 0 0 0 1.4000000000000001 0 0 0.8 0 0 0.6000000000000001 0 0 0 0 0 0 0.4 0.6000000000000001 0 0 0 0 0.6000000000000001 0 0 0.8 0 0 0 0 0 0 0.6000000000000001 0.6000000000000001 0 0.4 0 0 0 0 0.4 1.6 0 0 0 0 0 0 0 0 5 10.200000000000001 4.2 3.4000000000000004 2.2 0 0.6000000000000001 0.6000000000000001 0 5 2.8000000000000003 0 0.4 3 10.200000000000001 1.8 0 0.8 0 0 0 0 0 0 1.8 0 0 0 0 0 0 0 2.6 0.2 0 0 0 2.8000000000000003 0.2 0 0 2.4000000000000004 0.2 0 0 0.4 0 0 0 0 0 0 0 0 0 0 0 2 0 0 0 0 0 0 0 0 0 0 0 0 0 0 0 0 0 0 0 0 0 3.6 2 7.4 3.2 4.800000000000001 4.4 0 3.4000000000000004 3.4000000000000004 1.6 6.4 0 2.8000000000000003 6.4 2 0.2 1.6 1.6 0 0 0 0 0 0 0 0 0.2 0 1.2000000000000002 0 0 0 0 0 2.2 0 0.4 0 14.200000000000001 0 0 0.4 3.6 0 0 0 0 0.4 0 0 0 0 0 0 2.2 0 0 2 0 0 0 0 0 0.2 0 0 0 0 0 0 0 0 0 0 0 0 0 0 0 0 0 1.4000000000000001 0 0 0 0 0.8 0 0.4 17.400000000000002 0.4 0.4 21.8 0 0 0 0 0 0 0 0 0 2.4000000000000004 0 0 0 0 0 0 0 0 0 0 0 0 0 0 0 0 0 0 0 0 0 0 0 0 0.2 0 0 
 27.200000000000003 28.200000000000003 70 43.6 11.8 13 39.2 41.6 10.200000000000001 69.60000000000001 60.800000000000004 31.400000000000002 12 7 8.6 9.8 25.6 0 26.8 26.400000000000002 0.2 2.6 0 0 0.4 0 0 0.4 0 1.4000000000000001 16.400000000000002 0 0 0 0.8 0 0 0.4 0 16 0.4 0 0 0.4 0 0.6000000000000001 0 0.4 1 0.4 0 0 0 0.6000000000000001 0 0.4 1.2000000000000002 0 0 0.6000000000000001 0 0.6000000000000001 0 0.6000000000000001 0.6000000000000001 0 1 0 0 0 0 0.6000000000000001 0.4 0 0 0.6000000000000001 0.2 0 0 0 3 2 3.2 5.6000000000000005 4.2 1.6 2.8000000000000003 3.6 5.800000000000001 0.2 11.600000000000001 5.4 0.4 0.2 2.4000000000000004 5.6000000000000005 2.6 3.2 2 0 0 2 0 0 0 0 3.2 0 0 0 0 0 0 0 2.6 0 0 0 5.4 0 0 0 0 2 0 0 0 0 0 0 0 0 0 0 0 0 0 1.4000000000000001 0 0 0 0 0 0 0 0 0 0 0 0 0 0 0 0 0 0 0 0 0 0 6.6000000000000005 7.2 0 3.6 0.8 3.2 0.2 0 4.800000000000001 8.8 3.4000000000000004 0 0.2 5.800000000000001 0 3.2 1.8 9 0 1.6 0 0 0 0 0 0 3.2 0 0 0 0 0 0.2 0 0 0 6.800000000000001 0 0 0 0 0 0 0 0 0 0 0 0 0 0 0 0 0 0 0 0 0 0 0 0 0 0 0 0 0 0 0 0 0 0 0 0 0 0 0 0 0 0 0 0 0 0 0 0 0 0.4 0 1 0 0 1.2000000000000002 0 0 0 0 0 0 0 0 0 0 0 0 0 0 0 0 0 0 0 0 0 0 0 8 2.2 0 0 0 0 0 0 0 0 0 0 0 0 0 
 26.200000000000003 43.400000000000006 28.8 65 17.2 11.8 21.6 33 95.60000000000001 27.6 26.8 9.200000000000001 133.8 22.400000000000002 32.6 9.8 54.800000000000004 26.8 0 32.4 0 0.2 0.2 0 0 0 2.2 0 0 0.4 0.4 0 0 0 0.8 0 0 0.4 15.200000000000001 0 0.6000000000000001 0 0 0 0 0 0 0.4 0.6000000000000001 0 0 0 0 0.6000000000000001 0 0 12.8 0 0 0 0 0 0 0.6000000000000001 0.6000000000000001 0 0.4 0 0 0.8 0 0.4 0 0 0 0 0 0 0 0 3.4000000000000004 2.2 2.8000000000000003 0 5 0.2 4.6000000000000005 2.4000000000000004 9.600000000000001 2.4000000000000004 0 0 4.4 5.2 4.800000000000001 0 0 5.2 8 2.8000000000000003 0 0 0 0 0 0 0 0 0.2 0 0 0.4 0 0 0 0 0 0 4 0 0 0 0 0.2 0 0.4 0 0 0 0 0 0 0 0 0 0 0 1.2000000000000002 1.4000000000000001 0 0 0 0 0 0 4.6000000000000005 0 0 0 0 0 0 0 0 0 0 0 0 1.8 0 2.4000000000000004 10.200000000000001 0 0.8 0 0 3.2 0 6.4 5.2 0 0 2.6 5.4 0 0 2 0 3.8000000000000003 0 0 0.2 0 1.4000000000000001 0 0 0 0.4 0 0 0 0 0 0.4 0 0 0 0 0 0 0 0 0 0 0 0 0 0 0 0 0 0 0 0 0 0 0 0 0.2 0 0 0 0.2 0 0 0 0 0 0 0 0 0 0 0 0 0 0 0 0 0 0 0 0 0 0 0.2 0 0.4 0.2 17.6 0.4 1 0 0 0 0 0 0 0 0 0 0 0 0 0 0 0.4 0 0 0 0 0 0 0 0 0 0 0 0 0 0 0 0 0 0 0 0 0 0 0 
 10.4 60.2 28 14 17.8 9.8 11 35.2 13.4 41.2 25.400000000000002 7.6000000000000005 47 19.6 70.2 22.8 11.4 26.400000000000002 32.4 0 0 0.4 0 0 0.4 0 0 0 0 0.6000000000000001 0.4 0 0.6000000000000001 0 1 0 0 1.2000000000000002 0 0.2 0.4 0 0.4 0 0 0 0 0.4 0.6000000000000001 0.4 0.2 0 0 0.6000000000000001 0 0 1 0 0.6000000000000001 0 0 0.2 1.2000000000000002 1.2000000000000002 0.6000000000000001 0 0.4 1.6 0 0 0 0.8 0 0 1.6 0 1.4000000000000001 0 0 0 4.2 7.4 0 2.6 0 2.2 0.2 5 0 2 0.2 0 4.2 3 2.6 0.2 7.6000000000000005 2.6 0 3.6 0 0 0.2 0 0 0 0 1.8 0 0 0 0 0 2 0.2 0 0 0 3.6 0 0 0 2.6 0 0 0 0 0 0 0 0 0 0 3.6 0.2 0 0 0 2 0 0 0 0 0 0 0 0 0 0 0 0 0 0 0 0 0 0 0 0 0 2.6 4.4 3 0.2 0 0 0.8 1.8 2.2 11 0 0 0 2.8000000000000003 0 8.6 4.6000000000000005 2 2.2 12 0 0 0 0 0 0 0 0 0 0 0 0 0 0 0 0 0 0 0 0 0 0 0 0 0 0 0 0 0 0 0 0 0 0 0 0 0 0 0 0 0 0 0 0 0.2 0 0 0 0.4 0 0 0 0 0 0 0 0 0 0 0 0 0 0 0 0 0 0 0.6000000000000001 0.4 17.8 0 6.2 0.2 0 0 0 0 0 0 0 0 0 0 0 0 0 0 0 0 0 0 0 0 0 0 3.4000000000000004 0 0 0 0 0 0 0 0 0 0 0 0 0 0 
 0 4 0 14.4 0.6000000000000001 23 0 0 0 0 0 4 0 0 0 0 0 0.2 0 0 0 16.2 71.8 9.200000000000001 21 4.4 42.800000000000004 34.6 26.400000000000002 30.6 4.800000000000001 22 13.4 43 17.2 20.8 18.8 9.600000000000001 46.2 6.6000000000000005 0.6000000000000001 0 0.4 0.6000000000000001 0.4 0.6000000000000001 0.6000000000000001 0 0.4 0.8 0.6000000000000001 0.4 0 0.4 0.2 0.4 0.6000000000000001 0 0.6000000000000001 1.2000000000000002 6.4 0 0.6000000000000001 2 0 0.2 0.2 0 0.6000000000000001 0.6000000000000001 0 0 0 0 0 6.800000000000001 0 2.2 1.2000000000000002 1.2000000000000002 0 0 0 1.4000000000000001 7.6000000000000005 6.6000000000000005 0 0 0 0.4 0 0 0 0 0 0 3 0.2 0 0 2.6 2.4000000000000004 4 5.4 3.4000000000000004 0 1.8 6.800000000000001 6.2 2.6 0 1.8 1.8 0.2 3.8000000000000003 2.4000000000000004 6.800000000000001 10.4 0.8 3.6 0 0 0 0 0 0 0 0 0 0 0 0 0 0 0 0 0 0 0 2.8000000000000003 0 0 0 0 0 0 0 0 0 0 1 0 0 0 0 0 0 0 0 0 0 0 0 1.6 0 0.2 0 0 0 0 0 3.4000000000000004 0 0 0 0 0 0 0 0 0 1.4000000000000001 3.6 4 0 0 13.8 8.8 5.4 2.6 2.8000000000000003 0 7.800000000000001 0.2 4.6000000000000005 2 0.2 1.6 6.2 8.8 0 0 0 0 2.8000000000000003 0 0 0 0 0 0 0 0 0 0 0 0 0 4.4 0 0 0 0 0 0 0 0 0 0 0 0 0 0 0 0 0 0 0 0 0 0 0 0 0 0 0 12.4 0 0 0 0 0 0 0 0.4 0 0.2 0 0 0 0 0 0 0 0 0 0 0 0 0 0 0 0 0 0 0 0 2.6 0 0.6000000000000001 0 0 0 0 0 0 0 0 0 0 
 0.2 0.6000000000000001 0.2 0.4 0.2 22.400000000000002 0.2 0.4 0.2 0.2 0.6000000000000001 1 0.8 0 0.2 0.4 1.6 2.6 0.2 0.4 16.2 0 74.2 12.600000000000001 9.600000000000001 5.800000000000001 31 57.800000000000004 7.6000000000000005 6.2 9 52 45.2 44.2 30.8 67.2 68.60000000000001 16.6 58.400000000000006 7.2 0.4 0.6000000000000001 0.8 0.4 0.4 1 0.4 0 1.6 0.8 1 0.2 0.4 12.4 0 0.4 0.4 0.6000000000000001 0 1.2000000000000002 0 9.8 1.4000000000000001 0.4 0.4 0 0 0 1 1 1.4000000000000001 0.4 1.8 0.4 10.600000000000001 0.4 0 0.4 0 1 0 0 0 0 2 0.4 0 0 0 0 0 9 0 0 0 0 0 0 0 0 0 2.8000000000000003 3.6 1.2000000000000002 0 0 5.800000000000001 3.6 2.2 0 4.6000000000000005 0 1.2000000000000002 0.4 2 0 3.6 3.8000000000000003 3.6 7.4 0 0 0 0 0 0 0 0 0 0 0 0 0 0 0 0 0 0 0 0 0 0 1.6 0 0 0 0 0 0 3 0 0 0 0 0 0 0 0 0 0.2 0 0 0 0 0 6.4 0 0 0 0 0 2.2 0 0 0 1.4000000000000001 0 0 0 0 0 1.8 3.6 2.2 0.6000000000000001 2.8000000000000003 2.4000000000000004 5 0 2.2 0.2 0 2 1.4000000000000001 0 2.6 1.6 2.8000000000000003 8.4 6.2 0 0 0 0 0 0 0 0 0 0 0 0 0 0 0 0 0 0 0 0 0 0 0 0 0 0 0 0 0 0 0 0 0 0 0 0 0 0 0 0 0 0 4.6000000000000005 0 0 0 0 0 0 0 0 0.2 0 0 1 0.4 0 0.4 0 0 0.8 0 0 0 0 0 0 0 0 0 0 0 0 0 0 0 0 0 0 0 0 4.2 0 0 0 0 0 0 0 0 
 0 0.6000000000000001 0 0 4.4 15 0 0 0.2 4.6000000000000005 0.6000000000000001 15.600000000000001 0.6000000000000001 0 0 0 0 0 0.2 0 71.8 74.2 0 25 8.6 4.800000000000001 97.60000000000001 49.800000000000004 64.4 26 22.6 9.200000000000001 10.600000000000001 41 57.800000000000004 21.8 28.6 85.4 62.2 24.400000000000002 0.6000000000000001 0 0.4 0.4 0 0.6000000000000001 0 0 1.2000000000000002 0 0.6000000000000001 0 0.8 0 0.2 1.8 0.4 0 0 0.8 0 0 1 0 10.4 0 0 0 0.6000000000000001 0.6000000000000001 1 0.2 0 0 0 0 0 0.2 0 2.8000000000000003 0 0 0 1.6 2.4000000000000004 0 0 0 0 0 0 0.2 0 0 0 0 0 0 0 0 3.2 1.8 2.6 1.2000000000000002 0 0 6.800000000000001 2.4000000000000004 2.6 0 2.6 0 6.4 5.6000000000000005 0 6 12.4 0 4.6000000000000005 6.2 0 0 0 0 0 0 0 0 0 0 0 0 0 0 0 0 0 0 0 0 0 0 0 0 0 0 0 0 0 0 0 0 0 0 0 0.4 0 0.8 0 0.6000000000000001 0 0 0 0 3 0 0 0 0 0 0 0 0 0 0 0 0 0 0 0.4 3.8000000000000003 3.2 3 0 4 5.800000000000001 3.6 5.4 1.2000000000000002 0.2 4.800000000000001 1.8 2.2 9.4 0 1.4000000000000001 0 2.6 1.2000000000000002 7.2 0 0 0 0 0 0 0 0 0 0 0 0 0 0 0 0 0 0 2.2 0 0 0 0 0 0 0 0 0 0 0 0 0 0 0 0 0 0.2 0 0 0 0 0 1.6 0 0 0 0 0 0 0 0 0 0 0 1.8 0 0.6000000000000001 15.200000000000001 0 0 0.2 0 0 0 0 0 0 0 0 0 0 0 0 0 0 0 2.2 0 0 0 0 3 0 0 0 0 0 0 0 0 
 0 0.6000000000000001 0 0 0 0 0 0.2 0.2 0 0.4 0 0 0 0.4 0 0 0 0 0 9.200000000000001 12.600000000000001 25 0 26 20.400000000000002 46 13 16.2 23.8 28.400000000000002 11.200000000000001 10 17.400000000000002 23.200000000000003 26.8 122.60000000000001 22.8 20.400000000000002 11.4 0 0.2 0.4 0.4 0 0.8 0 0 1.2000000000000002 0 0.8 0.2 0 0 1.2000000000000002 0 0.4 0 0 0.6000000000000001 10 0 0.6000000000000001 0 0 0.4 0 4.2 0.6000000000000001 0.6000000000000001 0 1.6 0 0 0 0.2 0 1.6 0 2 0 0 0 0 0 0 0 0 0 0 0 0 0 0 0 0.4 0 0 0.4 0 3 3.6 1.8 5.4 5.2 0.4 0 6.4 0.8 5.4 0 7.6000000000000005 0.2 0 0 5.6000000000000005 0 0 0 0 0 0.2 0 0 0 0 0.2 0 1.8 0 0 0 0 0 1.8 0 0 4 1.4000000000000001 8 0 0.2 0 0 0 0 0 0 1.6 0 3.6 0.4 0 0 0 0 0 0 0 0.2 1.2000000000000002 0 0 0 0 0 0 0 0 0 0 0 0 0.2 0 0 0.2 0 0 0 4.800000000000001 3.2 2 6.800000000000001 1 3.8000000000000003 0 2 9 8.8 2 7 4.2 1 0.4 9.600000000000001 3 9.600000000000001 4.2 2.8000000000000003 2 4 0 0 0 0 4 0 0 0 0 0.4 5.6000000000000005 0 0.4 0 0 0 4.2 1 0 0.2 0 0 0 0 0 0 0 0 0 0 0.6000000000000001 0 0 0 0 0 0 0 0 0 0 0 0 0 0 0 0 0 0 0 0 0 5 0 0 15.200000000000001 0.4 0.4 3.2 0.2 0 0 0 0 0.4 0 0 0 0 0 0 0 0 0 0 0 0 0.2 0 3 0 0 0 0 0.8 0 0 0 
 0.4 0 0.4 0 0.8 0 0.4 0 0.4 0 0 0.2 0.2 0 0.4 0.2 0 0.4 0 0.4 21 9.600000000000001 8.6 26 0 30.8 9.200000000000001 7.800000000000001 12.8 75.4 78.4 34.800000000000004 11 17.6 19.8 26.400000000000002 11.8 7 72.60000000000001 68.60000000000001 0 12.4 1 0.4 0 0.6000000000000001 0.2 0 4.4 0 0.6000000000000001 0.4 0.2 0 0 0 0.4 0 0.2 13 0.2 0 0.6000000000000001 0 0 0 0 0 0.6000000000000001 0.6000000000000001 0 0.2 0 0 0 0 0 1 0 0.6000000000000001 0 0 0 0 0.2 0 0 0 3.6 0 0 0 0 0 0 0 0 0 0 0.4 0 2.6 14.200000000000001 0 4.4 1.4000000000000001 0 0 2.2 3.8000000000000003 7.4 3.8000000000000003 0 0.2 2.4000000000000004 7.6000000000000005 1 0.2 0 0 2.8000000000000003 0 0 0 0 0 0 0 2.2 0 0 0 3 0 3.8000000000000003 0 1.4000000000000001 3 3.8000000000000003 2.2 0 0 0 0 0 0 0 0 0 0 0 0 0 0 0 0 0.4 0 0 0 3 0 0 0 0 0 0 0 0 0 0 0 0 0 0 0 0 0 0 0 4 5.6000000000000005 0 2 0 0.2 0 0 5.6000000000000005 2 1.2000000000000002 3.8000000000000003 0 0 0 5.2 0.4 8.200000000000001 0 0 0 1.6 2.2 0 0 4.800000000000001 4.800000000000001 0 4.800000000000001 0 0 0 6 0.4 0 0 0.4 0 1.6 2.2 0 6.4 0 0 0.2 0 0.2 0 0 0 0 0 0 0 0 0 0 0 0 0 0 0 0 0 0 0 0 0 0 0 0 0 0 0 1 0.6000000000000001 1 9.600000000000001 0.8 0.4 3 0.4 0 0 0 0 3.6 0 0 0 0 0 0 0 0 0 0.2 0 0 0 0 0 0 0 0 0 0 2 0 0 
 0 0 0.6000000000000001 0.2 0.2 1 0 0.4 0 0.2 0 0 0 0 0 0 0 0 0 0 4.4 5.800000000000001 4.800000000000001 20.400000000000002 30.8 0 10.200000000000001 5.6000000000000005 28.400000000000002 15.4 107.2 42.800000000000004 9.600000000000001 11 10.4 10.4 13.600000000000001 23 54.800000000000004 5 23.400000000000002 0.8 0.4 0.4 0.6000000000000001 0.6000000000000001 23.400000000000002 12.4 0.4 0 0.6000000000000001 0.2 14 0 0.8 4.6000000000000005 0.4 0 29.400000000000002 0.6000000000000001 0 1.4000000000000001 0.4 0 0 0 0.6000000000000001 0 0.6000000000000001 0.4 0.6000000000000001 0 0 0 0 0 0 0 0 0.4 0 0 0 0 0 0 0 0 2.8000000000000003 0 0 0 0 0 0 0 0 0 0 0 2.4000000000000004 1.2000000000000002 2 0.4 1.8 8.200000000000001 0 0 0 2.2 3.2 0 0.2 2.8000000000000003 0 0 0 0 0.2 0 2.8000000000000003 15.600000000000001 0 0 0.2 0 5 3.6 3 0 0 0 7.4 3.2 3.4000000000000004 4.2 2 0 3.6 5 0.4 0 0 0 0 0 0 0 1.8 0 2.8000000000000003 1.4000000000000001 0 0 0 0 0 0 0 0 0.4 0 0 0 0 0 0 0 0 0 0 0 0.2 0 0.4 0 0 0 0 0.2 2.2 0.2 0 4.800000000000001 0 0 0 0 6.800000000000001 2.6 4.2 6 0 0.4 1.8 1.8 2.4000000000000004 2.2 0 0 3.6 0.6000000000000001 0.2 2 0 0 2.2 4.6000000000000005 1.6 5.2 5.2 0 0 5.2 0 3.6 0.2 2 0 4.2 5.6000000000000005 0 0.4 0.2 0 0 0 0 0 0 0 0 0 0 0 0 0 0 0 0 0 0 0 0 0 0 0 0 0 0 0 0 0 0 0 0.2 0.2 0.2 0.2 0.2 2.2 2 0 0 0 0 0 0 0 0 0 0 0 0 0 0 0 0 0 0 0 2.4000000000000004 3 0 4 0 0 0 0 0 
 0 0 0 0 25.200000000000003 30 0 0 0 0 30.8 15.4 0 0.2 0.4 15 0 0 2.2 0 42.800000000000004 31 97.60000000000001 46 9.200000000000001 10.200000000000001 0 20.200000000000003 70.60000000000001 48.6 80.4 24.8 33.4 40.800000000000004 59.6 20.400000000000002 23.6 49.400000000000006 36 9.4 0.4 0 0.4 0.4 0 0.6000000000000001 13.8 0 1.2000000000000002 0 0.6000000000000001 0 0.6000000000000001 0 0.6000000000000001 0.8 0 0 0 0.6000000000000001 0.6000000000000001 0 0.6000000000000001 0.8 1.4000000000000001 0 0 0 0.6000000000000001 0.6000000000000001 0 0 0 0 0 0 0 0 0 0.6000000000000001 0 0 0 0 2.6 0 0 0 0 0 0 3.6 0 0 0 0.2 0 0 0.4 0 1.8 0.2 4.2 7.2 2 0 7.6000000000000005 2 3.2 0.2 2.6 8.6 10.4 2.2 0 7 15 0 4.6000000000000005 13.600000000000001 0 0 0 0 0 0 0.2 0 0 0 0 0 0 0 0 0 0 0.2 0 0 0 0.2 0 0 0 0 0 0 0 0 0 0 0 0 0 9 0 0.4 0 0.6000000000000001 0 0 0 0 4.6000000000000005 0 0 0 1.4000000000000001 0 0 3.8000000000000003 0 0 0 0 0.2 2.8000000000000003 0 0 6.6000000000000005 3.8000000000000003 4.6000000000000005 0 3.4000000000000004 3.4000000000000004 0 2.8000000000000003 0.2 3.4000000000000004 0 2 6.4 8.8 2.4000000000000004 10.200000000000001 0 4 4 4.2 0 0 0 0 0 0 0 0 0 0 0 0.4 0 0 0 0 0 0 5.6000000000000005 0 0 0 0 0 0 0 0 0 0 0 0 0 0 0 0 0 0 0 0 0.4 0 0 3.4000000000000004 0 0 0 0 0 0 14.8 0 0 0 0 2.4000000000000004 0 0 0 0 0 0 0 0 0 0 0 0 0 0 0 0 0 0 0 0 0 0 0 0 2 0 0.2 0 0 0 0 0 0 0 0 
 0 0 0 16 14.600000000000001 48.2 0 0.2 0 0 0 0.2 0 0 0.2 0 0 0.4 0 0 34.6 57.800000000000004 49.800000000000004 13 7.800000000000001 5.6000000000000005 20.200000000000003 0 46.2 8.6 5.4 8.6 117.80000000000001 46.800000000000004 31.200000000000003 8 23.200000000000003 13.4 68.2 26.400000000000002 0.4 0 41.2 0.4 0 0.6000000000000001 0 0 0.8 0 0.6000000000000001 0 0.2 0 0 0 0 0 0.4 0.6000000000000001 0.8 9.600000000000001 0.6000000000000001 0 0 0 0 0 0.6000000000000001 0.4 0 0 0 0 0 0 0.2 0 0.4 0.8 0 0 0 0 6.4 2.2 0 0 0 6.800000000000001 0 2.4000000000000004 0 0 0 0 2.4000000000000004 0 0 0 0 6.800000000000001 5.6000000000000005 10.4 0 1.6 4 7.4 6.4 0 0.4 0 2 1 0 2.8000000000000003 2.2 1.8 3.8000000000000003 2.6 0 0 0.2 0 0.4 0.4 0 0 0 0 0 0 0 0 0 0 0 0 0 0 0 0 0.2 0 0 0 0 0 0 0 0 0 0 3.6 0 0 0 0 0 0 0 0 0 0.2 0 2 0 0 0 0 0 10 0 0 0 0 0 0 0 0 2 1.4000000000000001 4.2 7 0.2 0 2.6 5.6000000000000005 4.4 2.2 5 0.4 2 3.2 5.2 2.6 0 0 3 7.6000000000000005 0 0 0 0.2 1.4000000000000001 0 0 0 0 0 0 0 0 0 0 0 0 0 2.4000000000000004 0 0 0 0 0 0 0 0 0 0 0 0 0 0 0 0 0 0 0 0 0 0 0 3.6 0 0 0 0 0 15 0 0 0 0 0 2.6 0 0 0 0 0.2 0.4 0 0 0 0 0 0 0 0 0 0 0 0 0 0 0 2 11.200000000000001 0 0 0 3 0 0 0 0 0 0 0 0 
 0 1.2000000000000002 0 0 0 33.4 0 0.4 0 0.6000000000000001 0.6000000000000001 0.4 0 0 0 0 0 0 0 0 26.400000000000002 7.6000000000000005 64.4 16.2 12.8 28.400000000000002 70.60000000000001 46.2 0 32.800000000000004 23.6 30.6 43.800000000000004 59 18.2 15.4 53.400000000000006 30.6 84.2 28 0 0 0.4 0.8 0 0.6000000000000001 0 0 0.4 0 0.6000000000000001 0 0 0 0 0 0.4 0.2 0 0.6000000000000001 2.2 0 0.6000000000000001 0 0 0 0 0 0.6000000000000001 0.6000000000000001 0 0.2 0 0.4 0 0 0 0 0 0.6000000000000001 0 0 0 0 2.4000000000000004 0 0 0 0 0 0 0 0 0 0 0 0 0 0 0 2.4000000000000004 12.200000000000001 3.2 9.600000000000001 2.8000000000000003 4.800000000000001 7.4 0.8 0.2 2.2 2.6 0 6.800000000000001 3 0.2 4.4 0 3 0.6000000000000001 0 2.4000000000000004 0 0 0 0 0 0 1.6 0 0 0 0 0 2 2 0 0 0 0 2.2 0 0 0.4 0 0 0 0 0 0 0 0 0 0 0 0 1.8 0 1 0 1.2000000000000002 0 0 0 0 0 0 0 0 0 0 0 0 0 0 0 0 0 0 0 0 1.4000000000000001 4.6000000000000005 2.4000000000000004 0 3.6 0 0 0 5.6000000000000005 2.2 6.2 0 0 2.4000000000000004 1.6 10.200000000000001 2.4000000000000004 2.8000000000000003 0 2.6 0 0 0 0 0 0 6.4 6.6000000000000005 2 0 0 0 0 0 2.6 0 0 0 10.600000000000001 1.8 0 0 0 0 0 0 0 0 0 0 0 0 0 0 0 0 0 0 0 0 0 0 0 0 0 0 0 0 0 0 0 0 0 0 1.2000000000000002 0 0.2 0.2 16 0.2 0 0 0 0 0 0 0 0 0 0 0 0 9.4 0 0 0 0 0 0 0 0 0.2 0 0 0 2.6 0 0 0 0 
 0.8 0.8 1 0.4 0.8 0.6000000000000001 0.4 0.6000000000000001 0.4 1.8 0.6000000000000001 0.8 1 0.4 0.4 0.4 0.4 1.4000000000000001 0.4 0.6000000000000001 30.6 6.2 26 23.8 75.4 15.4 48.6 8.6 32.800000000000004 0 46.400000000000006 21.8 49.800000000000004 18.400000000000002 40.6 62.6 78.4 18.8 31.400000000000002 37 0 0.8 42 0.4 0 0.6000000000000001 12.4 0 0.4 0.4 0 0 14 0 0.6000000000000001 43.2 0.4 0.2 0 0.8 0 0.6000000000000001 0 0 10.600000000000001 0 1.2000000000000002 0 0 0 0 0.2 2.8000000000000003 0 0 0.6000000000000001 1.2000000000000002 0 0 0.4 0 0 0 0 0 0 0 0 0 0 0 0 0 0 0 0 0 0 0 0 2.8000000000000003 0 2.2 4 7 0.2 0 3.8000000000000003 0 9 6.800000000000001 14 0.8 2.2 1.8 3 12.600000000000001 0 4 0 0 0 0 0 0 0 1.4000000000000001 0 0 0 0 0 1.8 0.2 1.4000000000000001 0 0 0 0 0 0 0 0 0 0 0 0 0 0 0 0 0 0 0 0 0.8 0 0 0 0.2 0 1.6 0 0 0.2 0 0 0 0 0 0 0 0 0 0.8 0 0 0 0 0 1.2000000000000002 1.4000000000000001 0 2.2 7.6000000000000005 6.4 0 2.4000000000000004 3.2 5.2 0 4.6000000000000005 2.6 0 0.6000000000000001 5 0 6.2 2.2 2.4000000000000004 0 2.4000000000000004 0 0 0 0 0 0 0 0 0 0 0.4 0 0 0 0 0.2 4.4 0 0 3.8000000000000003 0 0 0 0 0 0 0 0 0 0 0 0 0 0 0 0 0 0 0 0 0 0 0 0 0 0 0 0 0 0.2 0 0 0.6000000000000001 0 0.8 0.2 8.4 0.4 0 0.2 0 0 0 0 2.6 0 0 0 0 0 0 0 0 0 0 0 0 2.6 0 0 0 0 0 0 0 0 0 0 
 0.4 0.4 1 0.4 0.4 0.6000000000000001 0.8 16.8 1 0.4 1 1 1 0.6000000000000001 0.4 1 0.4 16.400000000000002 0.4 0.4 4.800000000000001 9 22.6 28.400000000000002 78.4 107.2 80.4 5.4 23.6 46.400000000000006 0 64.2 8.4 25.400000000000002 68.2 34.6 41 7 13.200000000000001 10.200000000000001 0.2 0.2 0.4 0.4 0 0.6000000000000001 25.6 0.4 1.4000000000000001 0.4 1.2000000000000002 0 27.400000000000002 0 1 0.8 0 0 12.4 0.6000000000000001 0 0.4 0.6000000000000001 0.4 0.6000000000000001 0 1.4000000000000001 0 0.6000000000000001 1 0.6000000000000001 0 0 0 0 0 0 0 0 0.6000000000000001 0.4 0 0 0 0 0 0 0 0 0 0 0 0 0 0 0 0 0 0 0 2.2 0 10.4 0 0.8 7.800000000000001 2.8000000000000003 0 0.2 4.4 9.8 0 0 0.2 0 2.4000000000000004 3.8000000000000003 3.8000000000000003 0 0.4 0.8 10.600000000000001 0.4 0 2.6 0.4 0.8 3.4000000000000004 4.2 0.4 0 0 4.2 6.2 3.4000000000000004 4.4 0.2 0.2 0.2 2.4000000000000004 0 0 0 0 2.4000000000000004 0 0 0 0 0 0 0.4 1.4000000000000001 0.4 0 0 0 0 0 0.2 1.4000000000000001 0 0 0 3.8000000000000003 0 0 0 0 0 0 0.2 0 0 0 0 0 0 0 0 0.6000000000000001 2.2 1.8 2.8000000000000003 4 11 0 0 5.2 7.800000000000001 0 2 0 2.4000000000000004 1.8 0.2 3.4000000000000004 5 0.4 0 0 4.2 0 0 0 0 9.8 4.2 4 4.4 0 0 3.2 2.8000000000000003 0 0 0 0 0.2 9.8 0 2.6 0 0 0 0 0 0 0 0 0 0 0 0 0 0 0 0 0 0 0 0 3.6 0 0 0 0 0 0 0 0 0 0 0 1.4000000000000001 0.2 0 0.8 0.2 0.2 3.4000000000000004 0 0 0 0 0 0 0 0 0 0 0 0 0 0 0 0 0 0 0 0 0 0 0 0.2 3.2 0 0 0 0 
 0 1.2000000000000002 1 0 0 0 0 0 0 0 0 0.8 40.400000000000006 0 0.6000000000000001 0 0 0 0 0 22 52 9.200000000000001 11.200000000000001 34.800000000000004 42.800000000000004 24.8 8.6 30.6 21.8 64.2 0 5 91 64 50.400000000000006 28.400000000000002 57.800000000000004 30.6 20.400000000000002 0 0.2 0.4 0.4 0 0.6000000000000001 4.6000000000000005 0 25 0.4 4.2 0 1.4000000000000001 0 0.8 0.8 0.4 0 6 13 0 2.6 0.6000000000000001 0 0 0 1 0 0.6000000000000001 1.2000000000000002 0.6000000000000001 0 0 0 0 0 0 0 0 0.6000000000000001 0 0 0 0 0 0 0 0 0 0 0 0 0 0 0 0 0 0 0 0 2.8000000000000003 0.2 0.6000000000000001 0 5 2.8000000000000003 0 0 0 0.2 4.2 13.200000000000001 0 1.8 4.4 0.6000000000000001 3.4000000000000004 0 0 0 7.6000000000000005 3.4000000000000004 0 0 0 0 4 0 2.2 0 0 0 4.800000000000001 4.800000000000001 13 0 4.2 0 4.2 0 0 0 0 0 0 0 0 0 0 0 0 0 1.4000000000000001 0 0 0 0 0 0 0 0 0 0 0 0 0 0 0 0 0 0 0 0.4 0 2.6 0 0 0 0 0.4 0 0 0 0 5.800000000000001 4.800000000000001 0 0 3 3.8000000000000003 0 0 0 0.2 0.2 0 0 5.2 0 0 0 2.8000000000000003 2.2 0 0 0 5.6000000000000005 2 3 0.2 0 0 7.4 2.8000000000000003 1.4000000000000001 0 2.4000000000000004 2.4000000000000004 2.4000000000000004 0 0 0 4 0 0 0 0 0 0 0 0 0 0 0 0 0 0 0 0 0 0 0 0 0 0 0 0 0 0 0 0 0 0 0 0.8 0 0.8 30.200000000000003 15.200000000000001 0.4 0 0 0 0 0 0 0 0 0 0 0 0 0 0 0 0 0 0 0 0 0 0 0 0 0 0 0 0.2 0 0 
