 0 15 13.4 20.6 3.4000000000000004 6.6000000000000005 56.2 78.80000000000001 27 6.2 31.200000000000003 51.6 74.2 10.600000000000001 23.200000000000003 29.6 6 4.4 7.2 124 0 0 0.4 0 0 0.4 0.4 0 0.6000000000000001 0 0.2 1 2.4000000000000004 0 0.8 0.6000000000000001 0.6000000000000001 0 0 0.2 0.4 0 0 0 0.4 0 0.4 0.4 0 0 0 0 0 0 0 14.8 0 0.6000000000000001 0 0 0.2 0.2 0.6000000000000001 0 0 23.400000000000002 0 0 1.6 0 0 0 0 0 0 0 0 0.4 0.4 0 6 5.6000000000000005 3.2 7.2 2.2 8.200000000000001 0 0.6000000000000001 3.8000000000000003 5 6.4 2 6.800000000000001 3.6 6.4 8.6 6.4 1 4.800000000000001 4 0 0 0 0 0 0 0 0 0 0 0 0 0 0 0 0 0 0 0 0 0 0 0 0 0 0 0 3.2 0 0 0 0 0 0 0 0 0 0 0 0 0 0 0 0 0 0 0 0.8 0 0 0 1.2000000000000002 0 0 0 0 0 0 0.6000000000000001 0 0 3.4000000000000004 9.8 0 0 4 0 2.8000000000000003 0.6000000000000001 0 0 0 2.6 3 2 0 4.6000000000000005 8.200000000000001 3.2 2.4000000000000004 0 0 0 0 0 0 0 0 0 0 0 0 0 0 0 0 0 0 0 0 0 0 0 0 0 0 0 0 0 0 0 0 0 0 0 0 0 0 0 0 0 0 0 0 0 4.6000000000000005 0 0 0 0 0 0 0 0 0 0 0 0 0 0 0 0 0 0 0 0.2 0 0 0.4 17.6 0 0.2 2 0 0 0 0 0 0 0 0 0 0 0 0 0 0 0 0 0 0 0 0 0 0 0 0 0 0 0 0 0 0 0 0 0 0 0 0 0 
 15 0 33.4 56.800000000000004 22.400000000000002 43.6 64.60000000000001 24.200000000000003 38 75.8 25.200000000000003 7.4 7.2 73 54.6 10.600000000000001 35.6 32.2 8.8 42.6 0.2 13 0 0 0.4 0.6000000000000001 0.4 0 0.6000000000000001 0 0.2 0.4 0.4 0 0.6000000000000001 13.600000000000001 0.8 0 1 0 0.6000000000000001 0.8 0 0 0.4 0 0.4 0 0 0 0 0 0 0 0 13 13.8 0.6000000000000001 0.4 0 0.4 0.6000000000000001 0.6000000000000001 0 0 0.6000000000000001 10.200000000000001 0 0.6000000000000001 0 0.2 0 0 0.4 0 0 0 7 0.4 0 9 0 2.2 0.2 0 3.8000000000000003 1 2.6 5 12.8 3.2 3.4000000000000004 0.6000000000000001 0 12 3.4000000000000004 0.8 4.6000000000000005 0 0 0.2 0 0 0 0 0 1.6 0 0 0 0 0 0 0 0 0 0 0 6.4 0 0 0 0 0 0 0 0 0 0 0 0 0.4 0 0 0 0 0 0 0 0 0 2.2 0 0 7.2 0 0 0 0 0 0 0 0 0 0 0 0 0 0 0 0.2 3.6 0 2.2 2.8000000000000003 4.6000000000000005 0.2 0 0.4 9.200000000000001 2.8000000000000003 0 0.2 4 2 3 4.2 5 0 0 0 1.4000000000000001 0 0 0 0 0 3.4000000000000004 4 0 0 0 2.8000000000000003 0.2 0 0 0 2.2 6 0 0 0 0 0 0 0 0 0 0 0 0 0 0 0 0 0 0.4 0 0 0 1.4000000000000001 0 0 0 0 0 0 0 0 0.2 0 0 0 0 0 0.2 0 0.2 0 0 0 0 0 0 0 0.4 17.2 0.4 0.4 17.6 2.6 1 2 0 0 0 0 0 0 0 0 0 0 0 0 0 0 0 0 0 0 0 0 0 0 0 2.6 0 0 0 0 0 0 0 0 0 0 0 0 0 
 13.4 33.4 0 33 15.600000000000001 93.2 12.600000000000001 26 62.800000000000004 28.8 8.8 59.800000000000004 81.80000000000001 28.200000000000003 33.6 50.400000000000006 31 45 66.8 53.6 0 0 0 0 0 0.4 14.8 0 0.8 0 0.4 0.6000000000000001 18.8 0 0.6000000000000001 0 0.4 0 14.600000000000001 15 0.6000000000000001 0 0 0 0.4 0 0.6000000000000001 0 0 0 0 0 0 0 0 0 0 0.6000000000000001 0 0 0 0.6000000000000001 0.6000000000000001 0 8.4 0.6000000000000001 0 8.6 0.6000000000000001 0 0.4 0 0 0 9 0 0 8.8 0.6000000000000001 0 0 2.2 0 5.6000000000000005 12.4 0 4.2 0 0 0 0 3 0 2.8000000000000003 6.4 6.800000000000001 3.4000000000000004 4.2 0 2 0 0 0 0 0 0 0 0 2.6 0 0 0 0 0 0 0 0.2 0 2 5.6000000000000005 0 0 0 0 0 0 0 0 0 0 0 0 0 0 0 0 0 0 0 1.6 0 4 0 0 0 0 0 0 0 0 0.6000000000000001 0 0 0 0 0 0 0 0 0 0 3 0 2.4000000000000004 0 2.8000000000000003 2.4000000000000004 0 1.8 3.4000000000000004 6.4 3.6 0 1.8 2.4000000000000004 2.8000000000000003 0 2.6 0 0.4 3 0 0 0 0 0 0 2.8000000000000003 0 0 0 0 2.8000000000000003 2.4000000000000004 0 0 0 0 6 2.6 0 0 0 0 0 0.2 0 0 0 0 0.4 0 0 0 0 0 0 0 0 0 0 0.8 0 0 0 0 0 0 0 0.2 0 0 0 0 0 0 0 0 0 0 0 1.6 0 0 0 0.2 0.4 0 17.6 19.8 2.4000000000000004 0.8 0 0 0.4 0 0 0 0 0 0 0 3 0 0 0 0 0 0 0 0 0 0 0 0 0 3.2 0 0 0 0 0 0 0 0 0 0 0 0 0 
 20.6 56.800000000000004 33 0 53 6 14 24.200000000000003 20 45 11.200000000000001 58.400000000000006 78 34.6 14.8 68.60000000000001 11.4 28.400000000000002 16.2 79.4 5.4 14.8 0 0 0 0.4 19.400000000000002 0 1.6 0.4 0.2 0.4 15 0 15.4 0 0.4 0.2 20.400000000000002 0 0.6000000000000001 0.8 0.2 0 1 0.6000000000000001 0.4 0.2 0 0 0.2 0 0 0 0 0.4 0.8 0.6000000000000001 0 0.2 0 0.6000000000000001 0.6000000000000001 0 0 0.6000000000000001 0 0 2 0 0.2 0.2 0 0 0 0 0 0 0.4 0 2.6 3.2 0 4.800000000000001 1.6 5.2 0 0 3.6 5.800000000000001 2.8000000000000003 0.4 5.6000000000000005 0 0 0 10.600000000000001 0 0 0 2.4000000000000004 0 1.8 0 0 0 0 0 2.8000000000000003 1.4000000000000001 2.8000000000000003 0 0 6 1.6 6.4 0 0 0 5.800000000000001 0 0 3.4000000000000004 0 0 0 0 0 0 0 0 0 0.4 0 0 0 0 0 0 0 0 0 0 0 0 0 0 0 0 0 0 0 0 1.2000000000000002 0 0 0 0 0 0 0 0.6000000000000001 0 5.800000000000001 2.4000000000000004 5.6000000000000005 0.8 0 0 0.2 0 3 3.8000000000000003 3 0 0 0 2.4000000000000004 0 0.4 5 0.4 0.2 0 0 0 2.2 7.6000000000000005 2.4000000000000004 0 0.4 0 4 5 0 1.2000000000000002 4.6000000000000005 0 3.8000000000000003 3.4000000000000004 0 0 0 0 0 0 0 0 0 0 0 0.4 0 0 0 0 0 4.6000000000000005 0 0 0 0 0 0 0 0 0 0 0 0 0 0 2.2 0 0 0 0 0 0 0.4 0 1.8 0 0 0 1.4000000000000001 0.2 0.2 0.6000000000000001 0 0 0.8 0 0 0 0 0.4 0 0 0 0 0 2.6 0 0 0 0 0 0 0 0 0 0 0 0 3.6 3.2 0 0 0 0 0 0 0 0 0 0 0 0 0 
 3.4000000000000004 22.400000000000002 15.600000000000001 53 0 70.8 7.6000000000000005 11.8 74.4 51.400000000000006 39.6 62 73 40.6 11.600000000000001 33.4 26.200000000000003 26.6 12.200000000000001 18 73.2 4.6000000000000005 0.8 0 0 0.4 53.6 15.200000000000001 15.8 0 0 0.2 2.6 29.400000000000002 0.6000000000000001 11.8 1 12.8 16 15.200000000000001 0.6000000000000001 0 0 0.6000000000000001 0.4 0 0.4 0 0 0 0 0.6000000000000001 0 0.6000000000000001 0 0.2 0 0.6000000000000001 0 0 0 0.6000000000000001 0.6000000000000001 0 0 1 0 0.6000000000000001 1.8 0.6000000000000001 0.4 0 0 0 0 0.2 0 0 0.4 0 0 0 0 1.6 0 0 0 0 3.4000000000000004 3.8000000000000003 0 3 0 0 0 2.4000000000000004 2.2 2 0 0 0 1.8 0 0 0 0 2 0.4 9 2 2 0 7.4 2 0.2 0.4 0 0 2 1.4000000000000001 0 0 0 0 0 0 0.2 0 0 0 0 0 0 0 0 2 0 0 0 0 0 0 0 0 0 0 0.4 0 0 0.2 0 0 0 0 0 0 0 0 0 0 0 2.2 0 3.6 3.8000000000000003 3.2 0.2 0 6 0.4 5.2 2.6 0 0 0 0 2.6 10.4 0.4 0 8.6 0 1.8 0 0 0 0.2 7 0 0 0 0.2 0.2 5.2 0.2 4.4 1.6 0 3.6 3.6 0 1.6 0 0 0 0 0 0 0 0 0 0 0.8 0 0 0.4 0 0 0 0 0 0 2.2 0 0 0 0.2 0.4 0 0 0 0 0 0 0 0 0 0.2 0 0 0 3 0 0 0 0.4 8.8 0 0.4 1 0.4 2 0 0 0 0 0 0 0.4 0 0 0 2 0 0 0 0 0.4 0 0 0 0 0 0 0 2.8000000000000003 0 0 0 0 0 0 0 0 0 9 0 1.2000000000000002 0 0 
 6.6000000000000005 43.6 93.2 6 70.8 0 7.2 29.400000000000002 44.400000000000006 30.8 16.2 34.2 8.8 7.800000000000001 12.200000000000001 24.400000000000002 75.8 33.4 10.8 23.6 0.2 0.2 0 0 0 0.4 20 0 0.6000000000000001 8.200000000000001 0.2 0.6000000000000001 44 0 0.6000000000000001 0.2 0.6000000000000001 0 15.8 29.400000000000002 0.4 0 0 0 0.4 0 0.4 1.8 0 0 0 0 0 0 0 12.4 0 0.6000000000000001 0 0 0.4 0.2 0.6000000000000001 0 0 0.4 0 0 0.6000000000000001 0 1.4000000000000001 0 0 0.4 0 0 0 8.200000000000001 0.4 0 0 0 0 2.4000000000000004 7 9 0 0 6.800000000000001 0 6.800000000000001 6.2 0.2 0 0 4.4 6.2 2.4000000000000004 0 0 2.8000000000000003 0 2.4000000000000004 0 0 0 1.2000000000000002 0 8.4 0 0 0 2 2.2 2.8000000000000003 0.2 3 0 2.2 8.4 0 0 0 0 0 0 0 0 0 0.4 0 0 0 0 0 0 0 0 0 0 0 0 0 0 2.4000000000000004 0 4.4 0 0 0 0 0 0 2.4000000000000004 0 0 0.2 0 0 0 0 7 0 0.8 2.4000000000000004 4 0 0 0.6000000000000001 9.200000000000001 10.200000000000001 1.4000000000000001 0 0 0 0 3.8000000000000003 5 0.4 0 6.2 3.8000000000000003 0 0 0 0 0.2 3.8000000000000003 0 0 0 2.8000000000000003 7 5.6000000000000005 0 0 3.4000000000000004 0.4 5.4 3.6 0 0 0 0 0 0 0 0 0 0.2 0 0 0 0 0 0 0 0 0 0 0 0 0.4 0 3.2 0 0 0 0 0 0 0 0 0 0 0 0 0 0 0 0 3.4000000000000004 0 0 0 0.8 1.2000000000000002 0.2 17.2 0 2.2 0.4 0 0 0 0 0 0 0 0 0 0.4 2.8000000000000003 0 0 0 0 0 0 0 0 0 0 0 0 0.4 4 0 0 0 0 0 0 0 0 0 0 0 0 0 
 56.2 64.60000000000001 12.600000000000001 14 7.6000000000000005 7.2 0 47.6 12.600000000000001 3.8000000000000003 75 12.200000000000001 48.800000000000004 12.4 59.2 6.4 6.6000000000000005 23 7.6000000000000005 38.800000000000004 0 0.2 0 0 6 0.4 0.8 4.6000000000000005 0.6000000000000001 0 0.4 0.6000000000000001 0.6000000000000001 14.8 0.6000000000000001 0 0.4 0.2 0 0.2 0.6000000000000001 0 0 0 0.4 0 0.4 0 0.4 0 0 0 0 0 0 0 0 0.6000000000000001 0 0 0 0.6000000000000001 0.6000000000000001 0 0 0.6000000000000001 0 0 0.6000000000000001 0 0.2 0 0 0 0 0 9.4 10.8 0.4 0 1.8 3.6 0 4.6000000000000005 7.6000000000000005 6.4 0.2 0.8 2 17.8 3.4000000000000004 0 4.6000000000000005 5.2 4.6000000000000005 4 4.4 7.6000000000000005 3.8000000000000003 2 0.2 0 0 0 0 0 0 0 0 0 0 0 0 1.8 0 0 0 0 4.6000000000000005 0 0 0 0 0 0 0 0 0.2 0 0 0 0 0 0 0.4 0 0 0.2 0 0 0 0 0 0 0 0 0 1 0 0 1 1.2000000000000002 0 0 0 0 0 0.4 0 0 0 3.2 1 2 0 0 3 2.2 4 0.2 0 0 2.8000000000000003 2.4000000000000004 6 2.8000000000000003 3 6.4 2.4000000000000004 0.2 0 0 0 0 0.4 0 0 0.4 0 0.4 0 0 3.2 0 0 0 0 0 0.2 0 0 0 0 0 0 0 0 0 0 0 0 0 0 0 0 0 0 0 0 0 0 0.4 0 0 0 0 0 0 0 0 0 0 0 0 0 0 0 0 0 0.2 0 0.4 0 0 0 0.4 17.8 0 0 1 0 0.8 1.2000000000000002 0 0 0 0 0 0 0 0 0 0 0 0 0 0 0 0.2 0 0 0 0 0 0 0 4.2 0 0 0 0 0 0 0 0 0 0 0 0 0 
 78.80000000000001 24.200000000000003 26 24.200000000000003 11.8 29.400000000000002 47.6 0 34.6 8.8 6.2 52 36 39.400000000000006 33.800000000000004 49.400000000000006 26.200000000000003 10.8 13 105.60000000000001 0.4 0.2 0 0 0.4 1 0.4 15.200000000000001 0.6000000000000001 0 0.2 1.4000000000000001 0.6000000000000001 0 0.6000000000000001 0.2 1 0.2 0 0 13.200000000000001 0.8 0 0 0.4 0 0.4 0.4 0 0 0.6000000000000001 1 0.2 0.2 0 13.600000000000001 0 1.6 0.4 0 0.6000000000000001 0.4 0.6000000000000001 0 1 1.8 0 0 0.6000000000000001 0 1.2000000000000002 0 0 0.6000000000000001 0 0 1 0 0.4 0 10.8 0.8 2.2 5.6000000000000005 0 4 1.4000000000000001 2.6 2.8000000000000003 12.8 4.4 0 6.6000000000000005 4 17.400000000000002 3.4000000000000004 12.600000000000001 2 3.8000000000000003 2 0 0 0 0 0 0 0.2 0 0 0 0 0.2 0 0 0 0 0 0 0 0 0 0 0 0 0 0 0 0.4 0 0 0 0 0 0 0.4 0 0 0 2.2 0 0 0 0 0 0 0.4 0 3 0 0 4.2 1.2000000000000002 0 0 0 0 0 0 0 0 0 0.6000000000000001 1.2000000000000002 0 0 4.6000000000000005 0.4 0 0.4 0.4 0 0 2.8000000000000003 8 3.8000000000000003 3 4.2 3.6 2.2 3 0 0 0 0 0.2 0 0 0 0 0 0 0 0 0 0 0 0 0 0 0 0 0 0 0 0 0 0 0 0 0 0 0 0 4.6000000000000005 0 0 0 0 0.4 0 1.8 0 0 0 0 0 0 0 0 0 0 0 0 0 0 0 0 0 0 0 0 0 0 0 0 0.4 0.2 0.2 0.2 17.400000000000002 0 0.8 2 0 0 0 0 0 0 0 0.4 0 0 0 0 0 0 0 0 0 0 0 0 0 0 0 2.6 0 0 0 0 0 0 0 0 0 0 0 0 0 
 27 38 62.800000000000004 20 74.4 44.400000000000006 12.600000000000001 34.6 0 30.8 67 54.6 17.400000000000002 45.6 28.400000000000002 25.8 8 5.6000000000000005 15.8 16.2 0 0 0 0 0 0.4 0.6000000000000001 0 16.6 0 0.6000000000000001 0.6000000000000001 34.800000000000004 0.2 0.6000000000000001 12.4 0.8 0 15.600000000000001 5.4 0.6000000000000001 0 0 0 0.4 0 0.4 0.8 0 0 0 0 0 0 0 6.6000000000000005 0 0.6000000000000001 0 0 0 0.4 0.6000000000000001 0 0.4 0.6000000000000001 10.600000000000001 0 0.6000000000000001 0 0 0 0 0 0 0 0 0.2 0.4 0.4 0 0 1.4000000000000001 6 1.2000000000000002 3.2 0 1.4000000000000001 2 0.2 2.8000000000000003 7 0 1.8 0 10.200000000000001 7.6000000000000005 0 0 0 0 0 0 0 0 0 0 0.2 0.2 0 0.2 2.4000000000000004 0 0 0 0 0 0 0 8 0 0 0.4 0 0 0 0 0 0 0 0 0 0.4 0 0 0 0 0 0 0 0 1.4000000000000001 0 0 0 0 0 0 0 0 0 0 0 0 0 0 0 0 0 0 2 0 0 2.8000000000000003 0 6 2.8000000000000003 2.6 4.800000000000001 5 6.6000000000000005 1.8 9.600000000000001 0 0 3.2 2 3.2 0 15.200000000000001 0 0 0 0 0 0 0 0 2.8000000000000003 1.4000000000000001 0.4 0 0 3.2 0 0 0 0 8.200000000000001 2.2 0 0 0 0 0 0 0 0 0 0 0 0.4 0 0 0 0 0 0 0 0 0 0 0 0 0 0 0 0 0 0 0 0 0 0 3.2 0 0 3.4000000000000004 0 0.4 0 2 0 0 0 0 0 0 10.4 18 3 1 0 0 0 0 0 0 0 0 0 0 3 0 0 0 0 0 0 0 0 0 0 0 0 0 3.6 3 0 0 0 0 0 0 0 0 0 0 0 0 
 6.2 75.8 28.8 45 51.400000000000006 30.8 3.8000000000000003 8.8 30.8 0 84 24.6 12 72 66.60000000000001 36.4 58.6 30.6 14.4 40.6 14.8 0.2 0 0 0 0.4 0.8 0.2 0.6000000000000001 0.4 0 0.6000000000000001 29.8 0 0.6000000000000001 0.6000000000000001 0.6000000000000001 0 0.2 14.600000000000001 0.4 7.4 0 0.6000000000000001 0.4 0 0.4 1 0 0 0 1.2000000000000002 0 0 0 0.2 0 0.6000000000000001 0 0 0.2 0.2 0.6000000000000001 0 0 0.4 0 0 1.8 0 0.8 0 0 0 0 0 0 0 0.4 0 0 0.6000000000000001 0 0 5.800000000000001 2.4000000000000004 0 0 12.8 2.6 3.6 8.200000000000001 0 0 0 4.2 4.4 0 0 0 0.4 0 0 0 0 0 5.4 0 0.4 0 2.2 0 0 6.2 0 0.2 0 0 1 12.8 0 0 0 0 0 0 0 0 0 0 0 0 0 0.4 0 0 0 0 0 0 0 0 0 0 1 0 0 0 1 0 0 0 0 0 0 0 0 0 0 0 0 2.2 0 4 6 2.4000000000000004 1 0 5.6000000000000005 2 11.200000000000001 0 0 0 0 0 2.4000000000000004 1.6 0 0 0 2.2 0 0 0 0 0.2 3.4000000000000004 0 0 0 0 2 3.6 0 3.4000000000000004 0 0 10 4.4 0 0 0 0 0 0 0 0 0 0 0 0 0 0 0 0 0 0 0 0 0 0 0 0 0 0 0 0 0 0 0 0 0 0 0 0 0 0 0 0 0 2.4000000000000004 0 0 0 0.4 18.2 0.2 18.400000000000002 0.2 0 2 0 0 0 0 0 0 0 0 0 0 2.8000000000000003 0 0 0 0 0 0 0 0 0 0 0 0 4 9 0 0 0 0 0 0 0 0 0 0 0 0 0 
 31.200000000000003 25.200000000000003 8.8 11.200000000000001 39.6 16.2 75 6.2 67 84 0 91.4 44.400000000000006 64.60000000000001 57.400000000000006 103.80000000000001 23.6 48.800000000000004 5.800000000000001 11.4 20.200000000000003 15.4 41.400000000000006 0 0 0.4 0.6000000000000001 0 4.800000000000001 0 0 0.8 4 0 0.6000000000000001 0.4 0.6000000000000001 0 1.2000000000000002 0.6000000000000001 0.4 0 0 0 0.4 0 2.4000000000000004 0 0 0 0 0 0 0 0 0.4 0 0.6000000000000001 0 0 0 0.4 0.6000000000000001 0 0 0.6000000000000001 0 0 1.8 0 0 0 0 0 0 0 0 8.8 0.4 0.2 0 1.4000000000000001 1.8 2.4000000000000004 1.6 3.2 0 0 2.4000000000000004 5.6000000000000005 10.600000000000001 1.8 3.8000000000000003 1.2000000000000002 0 0 5.6000000000000005 3.8000000000000003 0 0 0 0.4 0 0 0 0 0 0 0 0 1.6 0 0 11 0 2.2 0 0 0 0 0 0 0 0 0 0 0 0 0 1.8 0 0 0 0 0 0 0 0 0 0 0 0 0 0 0 0 0 0 0 0 0 0 0 0 0 0 0 0 0 0 2.6 2.2 2.6 6 0.6000000000000001 3.8000000000000003 2.4000000000000004 2.2 3 0 0 2.8000000000000003 6.800000000000001 4 0 2.8000000000000003 4.2 0 0 0.8 0 0 0.2 0 0 0 0 4.2 0 0 0 0 5.800000000000001 2.4000000000000004 0 1.8 2.2 0.2 5 5 0 0 0 0 0 0 0 0 0 0 0 0 0 0 0 0 0 0 0 0 0 0 0 0 0 0 0 0.6000000000000001 0 0 0 0 0 0 0 0 0 2.4000000000000004 0 0 0 0 0 0 0 0 1 0 0.2 17.8 0 0.6000000000000001 0 0.4 0 0 0 0.2 0 0 0 0 0 0 0 0 0.4 0 0 0 0 0 0 0 0 7 0 0 0 0 0 0 0 0 0 0 0 0 0 0 
 51.6 7.4 59.800000000000004 58.400000000000006 62 34.2 12.200000000000001 52 54.6 24.6 91.4 0 8.4 9.4 10 25 15.8 30.400000000000002 10.600000000000001 50.800000000000004 47 7.4 0 0.6000000000000001 3 1.6 32.800000000000004 4.800000000000001 30 0.4 0.6000000000000001 0.8 28.400000000000002 26.8 9 21.400000000000002 1 0.4 18.8 29.8 0.4 0 0.6000000000000001 0.6000000000000001 0.4 0 0.8 0 0.4 1.2000000000000002 0 0.2 0.4 0.8 0.4 0.2 0 1 0.4 0 0 0.8 0.6000000000000001 0.2 0.4 1.4000000000000001 0 1 2 0.2 0 0.8 0 1 0.6000000000000001 0.2 0.4 0 0.8 0.8 0 0 0 0.8 3 0.2 0 0 0 0 2.8000000000000003 3.6 0 0 0 0 0 1.2000000000000002 0 0 0.2 2 2.6 0 0 0 0.2 0.2 6 2.2 2.2 0 0.2 3.6 2.8000000000000003 11.4 0 0 4.6000000000000005 7.800000000000001 0 0 0 0 0 0 0 0 0 0 0 0 0 0 0 0 0 0 0 0 0 0.2 0 0 0 0 0 0 0 0 0 0 0 0.4 0 0 0 0 0 0 0 0.2 0.2 4.6000000000000005 14.4 3.4000000000000004 0 0 2.6 0.4 2.4000000000000004 4.4 0.4 0 0 0 0 5.2 0.2 0 4.800000000000001 0 1.4000000000000001 0 0 0 3.2 2 2.6 0 0 0 2.8000000000000003 11.8 0 2 2.4000000000000004 0 3 5 3 0 0 0.2 0 0 0 0 0 0 0 0 0.2 0.4 0 0 0 0 0 0 0 0 0 0 0 0 0 0 0 0.2 0 0 0 0 0 0 0 0 0 0 0 1.2000000000000002 0 0 0 0.4 0.4 0 0.6000000000000001 0.2 0.4 3.2 0 0 0 0 0 0 0 0.4 0 0 2 0 0 0 0 0 0 0 0 0 0 0 0 0 0 0 0 0 0 0 0 0 0 1.2000000000000002 0 0 0 0 
 74.2 7.2 81.80000000000001 78 73 8.8 48.800000000000004 36 17.400000000000002 12 44.400000000000006 8.4 0 59 85.80000000000001 10.200000000000001 8.6 6.4 89.80000000000001 109.4 0 0 0 0.4 0.4 0.4 0.4 0 0.6000000000000001 0 0.2 0.6000000000000001 0.4 0 0.6000000000000001 0 0.4 0.2 0 0 0.6000000000000001 0 0 0 0.4 0 0.4 0 0 0 0 0 0 0 0 0 0 0.6000000000000001 0 0 6.4 0.6000000000000001 0.6000000000000001 0 0 0.6000000000000001 0 0 0.6000000000000001 0 0.2 0 0 0 0 0 0 0 0.4 0 0 0 0 4.6000000000000005 2.6 2 6.6000000000000005 0 1.2000000000000002 4.6000000000000005 2.4000000000000004 0 3.4000000000000004 5.6000000000000005 0 7.4 0.8 0 2.4000000000000004 3.4000000000000004 0 0 0 0 0 0 0 0 0 0 0 0.4 0 0 0 0 0 0 0 0 0 0.4 1 0 0 0 0 0 0 0 0 0 0 0 0 0 0 0 0 0 0 0 0 0 0 0 0 0 0 0 0.2 0 0 0 0 0 0 2.2 0 0 0 7.4 0.6000000000000001 4.800000000000001 0 0 4 2.6 2 0.2 0 0 4.6000000000000005 2.4000000000000004 2.2 0 4.4 0 0 3.2 0 0 0 0 0 0 0 0 0 0 0 0 8 0 0 0 0 0 0 0 0 0 0 0 0 0 0 0 0 0 0 0 1.8 0 0 0 0 0 0 0 0 0 0 0 0 0 0 0 0 0 0.2 0 0 0 0.2 0 0 0 0 0 0 0 0 0 0 0 17.8 0 0.2 0.4 0.4 0.8 0 0 0 0 0 0 0 0 0 0 0 0 0 0 0 0 0 0 0 0 0 0 0 0 0 0 0 0 0 0 0 0 0 0 0 0 0 0 
 10.600000000000001 73 28.200000000000003 34.6 40.6 7.800000000000001 12.4 39.400000000000006 45.6 72 64.60000000000001 9.4 59 0 55.6 14 26.200000000000003 7.2 66 39.2 0.6000000000000001 0 0 0 0 0.4 1 0 0.6000000000000001 0.4 0.2 0.8 0 0 0.6000000000000001 0.4 0.8 0 0 0 1.2000000000000002 0.8 0 0.4 0.8 0 1.2000000000000002 5 0 0 0 0 0 0 0 0.2 0 0.6000000000000001 0 0 0.4 1.2000000000000002 0.6000000000000001 0.2 0.6000000000000001 0.6000000000000001 0 0 0.4 0 1.2000000000000002 0 0 0 0 0 0 0 1 0.2 2.6 3.4000000000000004 7 0.2 0 0 6 0.2 9 8 0 0 0.2 1.4000000000000001 2.2 4.2 3.2 3.8000000000000003 1.8 2 0.2 0 0 0 0 0 0 0 0 0 0 0 0 0 0 0 0 0 1.2000000000000002 5.6000000000000005 0 0 0 0 0 2.2 0 0 0 0 0 0 0 0 0 0 0 0 0 0 0 0 0 0 0 0 0 0 0 0 0 0 0 0 0 0 0 2.8000000000000003 0 0 3 2 2 1.8 0 0 8 2.6 3.2 2.2 0 0 0.6000000000000001 0 1.6 5.6000000000000005 1.4000000000000001 1.4000000000000001 7 0.2 0 0.2 0 0 0 0 0 0 0 0 0 0 0 0 0 0 0 0 3.4000000000000004 0 0 0 0 0 0 0 0 0 0 0 0 0 0 0 0 0 0 0 4 0 0 6.800000000000001 0 0 0 0 0 3.2 0 0 0 0 0 0 0 0 0 0 0 3.8000000000000003 0 0 0 0 0 0.2 35.800000000000004 0.4 0.4 1.2000000000000002 0.4 2.6 0 0 0 0 0 0 0 0 0 0 0 0 0 0 0 0 0 0 0 0 0 0 0 2 0 0 0 0 0 0 0 0 0 0 0 0 0 0 
 23.200000000000003 54.6 33.6 14.8 11.600000000000001 12.200000000000001 59.2 33.800000000000004 28.400000000000002 66.60000000000001 57.400000000000006 10 85.80000000000001 55.6 0 25.6 9.600000000000001 9 14.200000000000001 43.2 0 0 0.6000000000000001 0.6000000000000001 0 17.400000000000002 0.4 0 0.8 0.4 0.4 0.6000000000000001 0 0 0.6000000000000001 0.8 1 0 0 0 0.6000000000000001 0 0 0 0.4 0 0.8 0 0 0 0 0.4 0 0 0 0 0 0.6000000000000001 0 0 0 0.6000000000000001 0.6000000000000001 0 0 7.2 0 0 0.6000000000000001 0 0.2 0.4 0 0 0 0 0 0.4 0.4 0 2.8000000000000003 3.4000000000000004 1.8 4.800000000000001 2 2.4000000000000004 2.2 3.4000000000000004 0 0 2.6 0.4 2.4000000000000004 6.6000000000000005 7.2 4.800000000000001 7 0.4 2.6 5 0 0 0 0 0 0 0 0 0 0 0 0 0 0 0 0 0 0 0 3 0 0 0 0 0 0 0.2 0 0 0 0 0 0 0 0 0 0 0 0 0 0 0 0 0.4 0 0 0 0.6000000000000001 0 0.2 0.8 0 0 0 0 0 0 0.6000000000000001 0 0 4 2.8000000000000003 12.200000000000001 3.4000000000000004 0 2 0.2 5.6000000000000005 0 0 0 0.2 0 0 4.6000000000000005 0 2.8000000000000003 3.8000000000000003 7.800000000000001 2 0 0 0 0 0 0 0 0 0 0 0 0.2 0 0.2 0 0 0 0 2 0 0 0 0 0 0 0 0 0 0 0 0 0 0.4 0 0 0 0 0.2 0 0 0 0 0 0 0 0 0 0.4 0 0 0 0 0 0 0 2 0 0 0 0 0 0 0 0 0 0 0.2 0 0.8 17.8 0 2.2 0 0.4 0 0 0 0 0.2 0 0 0 0 0 0 0 0 0 0 0 0 0 0 0 0 0 0 0 0 0 0 0 0 0 0 0 0 0 0 0 
 29.6 10.600000000000001 50.400000000000006 68.60000000000001 33.4 24.400000000000002 6.4 49.400000000000006 25.8 36.4 103.80000000000001 25 10.200000000000001 14 25.6 0 10.600000000000001 6.800000000000001 8.6 56.2 0 0.2 0 0 0 0.8 0.4 0 0.6000000000000001 0 0.2 0.6000000000000001 14.8 0 0.6000000000000001 0 0.4 1.2000000000000002 0.4 0 0.6000000000000001 0 3.4000000000000004 0 0.4 0 3 0.2 4.2 0 0 4.4 0 0 0.2 8 4.2 0.6000000000000001 0 0.2 0 0.6000000000000001 0.6000000000000001 0 0 0.6000000000000001 0 0 0.6000000000000001 0 0.2 0.6000000000000001 0 0 0 0 0 0 0.4 0 1.4000000000000001 2 5.800000000000001 1.8 0 0 2.2 0.6000000000000001 1.2000000000000002 0.2 1.8 15.200000000000001 3 4.4 6.4 3.6 0 1 0.2 7 0 0 0 0 0.2 0 0 0 0 0 0 0 0 0 0 0 0 0 3 3 0 0 0 0 0 0 0 0 0 0 0 0.4 0 0 0 0 0 0 0 0 0 0 0 0 0 0 0 0 0 0 0 0 0 0 0 0 0 0 0 0 0.2 3.2 2.2 0 0 0.2 2.2 0 4 3.8000000000000003 2.2 4 0 4.800000000000001 1 0.6000000000000001 0 2.2 0 1.8 0 0 0 0.8 0 0 0 0 0 0 0 0 0 3.2 0 0 0 2.2 0.2 2.4000000000000004 0 0 0 0 0 0 0 0 0 0 0 0 0 0 0 0 0.4 0 0 0 0 0 0 0 0 0 0 0 0 0.2 0 0 0 0 0 0 0 0.2 0 0 0 1.4000000000000001 0 0 0 0 0 0 0.6000000000000001 0.4 0 1.6 0.2 0 0 0 0 0 0 0 0 0 3 0 0 0 0 0 0 0 0 0 0 0 0 0 0 0 0 0 0 0 0 0 0 0 0 0 0 0 
 6 35.6 31 11.4 26.200000000000003 75.8 6.6000000000000005 26.200000000000003 8 58.6 23.6 15.8 8.6 26.200000000000003 9.600000000000001 10.600000000000001 0 90.60000000000001 21.400000000000002 22.400000000000002 0 0 0 0 0 0.4 0.4 0 0.6000000000000001 0 0.2 0.6000000000000001 19.200000000000003 0.2 0.6000000000000001 0.6000000000000001 0.6000000000000001 0 0 4.6000000000000005 2.2 0.8 0 0 0.4 0 0.4 12.200000000000001 0 0 0 0.2 0 0 0 0.2 0 0.6000000000000001 0 0 0 0.4 0.6000000000000001 0 0 0.6000000000000001 0 0 0.6000000000000001 0 1.6 0 0 0 10.4 0 0 0 0.4 0 0 2.2 0.6000000000000001 2.6 2.4000000000000004 0 2.4000000000000004 0 8.200000000000001 7.4 8.6 6.4 0 0 0 0 7 3 0 0 0 0 0 0 0 3.2 5.800000000000001 0 0 0 0 0 0 1.4000000000000001 0 0 0 0 1.4000000000000001 5.4 0 0 0 0 0 0 0 2.8000000000000003 0 0 0 0 0 0 0 0 0 0 0 0 0 0 0 3.2 1.2000000000000002 0 0 0 0 0 0 0 0 0 0 0 0 0 0 0 0 2.2 0 2.6 8.6 2 5.2 0 2 9 8.8 0 0 0 0 2 0 1.2000000000000002 0 0 0 1.8 0 0 0 0 0.2 3.2 0 0 0 0 2.6 0 0 0 0 0 10.4 4 0 0 0 0 0 0 0 0 0 0 0 0 0 0 0 0 0 0 0 0 0 0 0 0 0 0 0 0 0 0 2.4000000000000004 0 0 0 0 0 0 0 0 0 0 0 0 0 0 0.2 34.800000000000004 0 8.200000000000001 0.2 3 2 0 0 0 0 0 0 0 0 0 0 0 0 0 0 0 0 0 0 0 0 0 0 0 3 6.800000000000001 0 0 0 0 0 0 0 0 0 0 0 0 0 
 4.4 32.2 45 28.400000000000002 26.6 33.4 23 10.8 5.6000000000000005 30.6 48.800000000000004 30.400000000000002 6.4 7.2 9 6.800000000000001 90.60000000000001 0 5.2 7.4 15.600000000000001 0 0 0.4 0 1.2000000000000002 19.400000000000002 0.4 0.6000000000000001 0.2 0 1.6 14.4 0 0.8 0.2 0.6000000000000001 0.6000000000000001 19 0 1.6 0 0 0 0.4 0 0.4 0 0 0 0 0 0 0 0.6000000000000001 0.2 0 0.6000000000000001 0 0 0 0.4 0.6000000000000001 0 0 0.6000000000000001 0 0 1.8 0.4 5 0 0 0 0 0 0 6.2 0.4 0 0 0 0 2.8000000000000003 3.8000000000000003 2 0 0 5.800000000000001 0.2 2.8000000000000003 3.2 0 0 0 0 0 1 0.2 0 2.8000000000000003 0 0.2 0 0 0 1.6 0 2.2 0 4.4 0 0 1.2000000000000002 1.4000000000000001 0 0 0 1.2000000000000002 6.6000000000000005 0 0 0 0 0 0 0 0 0.2 0 0.2 0 0 0 0.8 0 0 0 0 0 0 0 0 0 1.6 0 0 0 0 0 0 0 0 2.6 0 0 0 0 0 0 0 3.4000000000000004 0 6.4 16.400000000000002 2 0 0 0 7 13.4 2.8000000000000003 0 0 0 0 0 3 0 0 7.4 1.6 0 0 0 0.4 0 12.200000000000001 2 0 0 0 4.800000000000001 2.6 0 2.2 0 0 10.8 11.600000000000001 0 0 0 3.4000000000000004 0 0 0 0 0 0 0 0 0 0 0 0 0 0 0 0 0.4 0 0 0 0 0 0 0 0 0 0 0 0 0 1 0 0 0 0 0 0 1.2000000000000002 0 0 0 0.2 0.2 0 1.2000000000000002 1.2000000000000002 3 1.6 0 0 0 0 0 0.4 0.4 0 0 0 3.6 0 0 0 0 0 0 0 0 0 0 0 0 3.6 0.4 0 0 0 0 0 0 0 0 0 0 0 0 0 
 7.2 8.8 66.8 16.2 12.200000000000001 10.8 7.6000000000000005 13 15.8 14.4 5.800000000000001 10.600000000000001 89.80000000000001 66 14.200000000000001 8.6 21.400000000000002 5.2 0 13 0 0.4 0 0 0 0.4 0.4 0 0.6000000000000001 0.2 0.4 0.2 0 0 0.6000000000000001 0 0.2 0 0.4 0 0.6000000000000001 0 0 0.2 0.4 0 13.8 0 0 0 0 0 0 0 0 0 0 0.6000000000000001 0 0 0 0.6000000000000001 0.6000000000000001 0 0 0.6000000000000001 0 0 0.4 0.4 6.800000000000001 0 0 0 0 0 0 0 0.6000000000000001 0 0 0 0 0 0 0 3.6 1.4000000000000001 0 0 0 0 0 0.4 0 1.6 0 0.4 2 3.6 0 0 0 0 0 0 0 0 0 0 0 0 0 0 0 0 0 0 0 0 0 0 0 0 0 0 0.2 0 0 0 0 0 0 0 0 0 0 0 0 0 0 0.2 2.8000000000000003 0.4 0 0 0 0 0 0.2 0 0 0 0 0 0 0 0 0 0 1.8 0 0 0 0 0 0 3.6 0 0 0 0.2 7 0 4.6000000000000005 0 0.2 0 0 3 0 0 0 0 0 0 0 0 0 0 0 0.2 0 0 0.2 0 0 0 0 0 0 0 0 0 0 0 0 0 0 0 0 0 0.4 0 0 0.2 0 0.2 0 0 0 0 0 0 0 0 0 0.4 0 0 0 0.2 0 0 0 0 0 0 0 0 0 0 0 0 0 0.8 0 0 0.4 0.4 0.2 1 0 0 0 0 0 0 0.4 0 0 0 0 0 0 0 0 0.4 0 0 0 0 0 0 0 0 0 6 0 0 0 0 0 0 0 0 0 0 0 0 
 124 42.6 53.6 79.4 18 23.6 38.800000000000004 105.60000000000001 16.2 40.6 11.4 50.800000000000004 109.4 39.2 43.2 56.2 22.400000000000002 7.4 13 0 0 0 0 0 0 1.2000000000000002 0.4 0 0.6000000000000001 0 0.4 1.2000000000000002 0 0 0.6000000000000001 0.4 0.4 0 0.4 0 0.6000000000000001 0 0 0 0.4 0 0.4 0 0 0 0 0 0 0 0 0 0 13 1 0 0 0.6000000000000001 0.6000000000000001 0 0 0.6000000000000001 0 0 0.6000000000000001 0.8 0.2 0 0 0 0 0 0 0 0.4 0 12.8 2.4000000000000004 0 4.4 0 0 1.6 14.200000000000001 5.800000000000001 4.2 2.6 0 8.4 3.6 6.800000000000001 0 2 3.6 3 6.2 0 0 0 0 0 0 0 0 0 0 0 0 0 0 0 1.4000000000000001 0 0 0 0 0 0 0 0 0 0 0 0 0 0 0 0 0 0 0 0 0 0 0 0 0 0.4 0 0 0 0 0 0.6000000000000001 0 0 0.4 0.4 0 0.2 0 0 0 0 0 0 2 1.4000000000000001 6 0 0 0 1 2.8000000000000003 0 2 0 0 4.4 5.4 0 0 0 0.2 11.4 2.4000000000000004 0 0 0 0 0 0 0 0 0 0 0 0 0 0 0 0 0 0 0 0 0 0 0 0.2 0 0 0 0 0 0 0 0 0 0.2 0 0 0 0 0 0 0 0 0 0 0 0 0 0 0 0 0 0 0 0 0 0 0 0 0 0 0 0 0 0 0 0.8 0.6000000000000001 0 0.2 0 0 0.8 0 0 0 0 0 0 0 0 0 0 0 0 0 0 0 0 0 0 0 0 0 0 0 0 3.4000000000000004 0 0 0 0 0 0 0 0 0 0 0 0 0 
 0 0.2 0 5.4 73.2 0.2 0 0.4 0 14.8 20.200000000000003 47 0 0.6000000000000001 0 0 0 15.600000000000001 0 0 0 36.4 37.4 11.4 7.2 52 34.800000000000004 42.6 31.400000000000002 12.200000000000001 24.6 18 28.200000000000003 43.6 9.600000000000001 12.8 3.8000000000000003 10.4 5.2 7.800000000000001 1 0 0 40.800000000000004 0 0 0 0.6000000000000001 1.2000000000000002 0 1 0.6000000000000001 0 0 12.600000000000001 0.4 1 0 1 0 0 0.4 0 0 0.4 0 0.8 0 3 1 0 0 0.6000000000000001 0 1 0 0.2 0.8 0 0.8 0 0 0 0 0 0 0 0 0 0 1.8 2.4000000000000004 0 0 0 0 0 0 0 0 1.4000000000000001 7.4 0.2 0 9.200000000000001 2.6 3.6 0.2 3.4000000000000004 1.8 2.8000000000000003 0 4.6000000000000005 3.6 0 3.4000000000000004 10.4 0.4 1.6 0 0.2 0 0 0 0 0 1.2000000000000002 0 0 0 0 8 7 0 0 0 0 0 0 0.2 0 0 0 0 0 0 0 0 0 0 0 0 0 0 0 3 1.4000000000000001 0 0 0 0 0 0 3.6 3.6 0 0 0 0 0 0 0.2 0 0 0 0 0 0 0 0 2.4000000000000004 0 3.2 1.8 7.800000000000001 6 0 4 0 2.6 0 0 5 2 0 4.4 2 0.6000000000000001 3.6 5.4 5 0 0 0 0 0 4.4 0 0 0 0 0 0 0 0 0 0.4 0 4.4 0 0 0.4 0 0 0 0 0 0 0 0 0 0 0 2.8000000000000003 0 0 0 0 0 0 0 0 0 0 0 0.4 0 0 0 0 0 0 0 0 2.6 0 0 21.200000000000003 0 0.2 0.4 0 0.4 0 0 0 0 0 0 0 0 0 0 0 0 3.6 0 0 0 0 0 0 0 0 0 2.8000000000000003 0 0 0 0 
 0 13 0 14.8 4.6000000000000005 0.2 0.2 0.2 0 0.2 15.4 7.4 0 0 0 0.2 0 0 0.4 0 36.4 0 20.400000000000002 46.2 6.4 49.400000000000006 31.8 36.2 30 47.2 7.800000000000001 5.2 25.8 69 20.6 26.400000000000002 7 9 24.6 34 0.6000000000000001 12.600000000000001 0 0.6000000000000001 0 0.2 0 13.4 0.6000000000000001 0 0.6000000000000001 0 11.8 0 0 0.2 0.6000000000000001 0 13.600000000000001 0 0 0.4 0 0 0 0 0.4 0 1.2000000000000002 6 0 1 0 0 3.8000000000000003 0 0 0.6000000000000001 0 0.6000000000000001 0 0 0 0 0 2.6 0 0 0 0 0 0 3.2 0 0 3.4000000000000004 0 0 4.4 0 2 4.2 7 2 3.2 3 2.4000000000000004 2.4000000000000004 2.6 0 5 4.2 4.2 0.2 7.6000000000000005 0.2 8 4.6000000000000005 0 0 0 0.4 0.4 0 0 0 0 2.8000000000000003 2 0 0 0 0 0 0 0.4 0 0 0 2 0 0 0 0.2 0 0 0 0 0 0 0 0 0 0 0 0 3 0 0 0 0.2 0 0 4.800000000000001 1.8 0 0 0 0 0.4 0 0.4 0 0.2 1 4.2 0 0 0.4 2.6 0.2 2 5 3.4000000000000004 7 11.600000000000001 2.8000000000000003 6 2.4000000000000004 6.800000000000001 1.4000000000000001 4.4 2.6 1.8 5.6000000000000005 2.2 3.4000000000000004 8.4 3.6 2.8000000000000003 0 0.4 0 0.4 0 0 0 0 0 0 0 0 0.2 0 0 0 0 0 0.2 0 0 0 0 0 0 0 0 0 0 0 0 0 0 0 0 0 0 0 0 0 0 0 0 0 0 0 0 0 0 0 0 0 0 0 0.6000000000000001 0.2 0 0 0.4 0 0.6000000000000001 0.4 0 0 0 0 0 0 0 0 0 0.4 0 0 0 0 0 0 0 0 0 0 0 0 0 0 0 0 0 1 
 0.4 0 0 0 0.8 0 0 0 0 0 41.400000000000006 0 0 0 0.6000000000000001 0 0 0 0 0 37.4 20.400000000000002 0 35.6 32.2 99.4 82.2 48.400000000000006 27.400000000000002 24 24.6 24.6 9.200000000000001 45 17.8 28.8 47.6 71.60000000000001 6.2 50.2 0.6000000000000001 0 0 0 4.2 0 0 0.6000000000000001 0.6000000000000001 0 0.6000000000000001 0 12.4 0 0 0 0.8 4.2 13.200000000000001 0 0 0.4 0 0 0 0 0.6000000000000001 0 0 0.6000000000000001 0 0 0 0 0.6000000000000001 0 0 0.4 0 0.4 0 0 0 0 1 0 0 0 0 0 0 0 0 0 0 0 0 0 0 0 1.2000000000000002 0.2 2.2 3.4000000000000004 1.6 0 0 4.800000000000001 0.2 6.6000000000000005 4.800000000000001 4.4 2.4000000000000004 3.8000000000000003 0 0 2.4000000000000004 0 0 0 2.4000000000000004 0 0 0 0 0 0 0 0 0 0 0 4.800000000000001 1.6 0 0 0 0 4.6000000000000005 1.6 0 0 0 1.2000000000000002 0 0.8 0 0 0 0 0 0 0.6000000000000001 0 0 0 0 1.4000000000000001 0 0 0.6000000000000001 0 0 0 0 0 0 0 0 0.4 0 0 0 0 0 0 0 0 0.4 0 0 4 1.6 4.800000000000001 2.4000000000000004 6 1 6.6000000000000005 2.2 0 2.6 2 0 2.2 1.6 2.4000000000000004 0 1.4000000000000001 0 1 1.6 2.8000000000000003 0 0 0 0 1.4000000000000001 0 0 0 0 0 2.6 2 0 0 0 0 4.800000000000001 0 0 0 0 0 0 0 0 0 0 0 0 0 0 0 0 0 0 0 0 0 0 0 0 0 0 0 0 0 0 0 0 0 0 0 1.6 0 0.4 16 0.2 0.4 0.4 2.8000000000000003 0 0 0 0 0 0 0 0 0 0 0 0 0 0 0 0 0 0 0 2.8000000000000003 0 0 0 2.4000000000000004 0 0 0 0 
 0 0 0 0 0 0 0 0 0 0 0 0.6000000000000001 0.4 0 0.6000000000000001 0 0 0.4 0 0 11.4 46.2 35.6 0 31 39 17 18 14 79.80000000000001 9.200000000000001 105 26.6 12.600000000000001 36.2 29.400000000000002 47 46.2 14.4 10.4 17 0 0 0 0 0 12.8 0.6000000000000001 0.6000000000000001 0 0.6000000000000001 0 41.6 0 0 0 2 0 21.200000000000003 15.8 0 0.4 0 1.4000000000000001 0 0 0.4 0 0 0.8 0 0 0 0 0.4 0 0 2.4000000000000004 0 0.6000000000000001 0 0 0 0 0.4 0 0 0 0 0 0 0 0 0 0 0 0 0 0 0 0.2 1 0 9 5.6000000000000005 4.6000000000000005 0 2.6 0 0 2.6 0 0 8.200000000000001 0.2 0 3.8000000000000003 2 3.2 0 7.4 0.6000000000000001 0.4 0 0 0 0.2 2.8000000000000003 0.6000000000000001 2.8000000000000003 0.2 0 0 3.8000000000000003 0 0.2 0 0 0 6.800000000000001 0 0 0 0 0 0.8 0 0 0 0 0 0 3 0 0 0 0 0 0 0 0 0 0 0 0 0 0 0 0 0 0 0.4 0 0 2.4000000000000004 0 0 0 0 0 0 0 2 1.8 4.4 4.2 2.4000000000000004 0 0 3 6.4 4 0 0 3 0.2 2 3 0 0 0 4 0 3.4000000000000004 0 0 0 0 4.2 7.2 0 0 6.4 1.8 0 0 0.2 0 1.8 2.6 0 0.2 0 0 0 0 0 0 0 0 0 0 0 0 0 0 0 0 0 0 0 0 1.4000000000000001 0 0 0 0 0 0 0 0 0 0 0 2.6 0.4 0 0.4 2.8000000000000003 0 4.6000000000000005 3.4000000000000004 0 0 0 0 0 0 0 0 0 0 0 0 0 0 0 0 0 0 0 0.4 0 0 0 0 0 0 0 0 
 0 0.4 0 0 0 0 6 0.4 0 0 0 3 0.4 0 0 0 0 0 0 0 7.2 6.4 32.2 31 0 70.8 64.8 29 45.400000000000006 58 29.6 15.8 17 12.200000000000001 12.200000000000001 33.800000000000004 47.2 19.200000000000003 13.200000000000001 37.4 0.8 0 0 0 12.4 0.2 0 0.4 0.6000000000000001 0 1 5.6000000000000005 12.4 0 1.2000000000000002 0 1 0 14.600000000000001 3.4000000000000004 1 0.4 0 0 0 0 2.2 0 0 0.6000000000000001 0 0 0 1.2000000000000002 0.4 0 0 1 0 1 0 0 0 0 0 0 0 0 0 0 0 0 0 0 0 0 0 0 0 0 3.6 0 0 3 5.6000000000000005 0 0 2.8000000000000003 5 0 0.2 6.6000000000000005 0.2 0.4 0 1.6 0.2 1.4000000000000001 0 0 3.2 0 0 0 0 0 2.4000000000000004 14 3 0.2 0 0 3.8000000000000003 10.8 7.6000000000000005 0 0 1.6 10.200000000000001 2 0 0.4 0 1.6 0 1.8 0 0 0 0 0 0 0.8 0 0 0 0 0 0 0 0 0 0 0 0 0 0 0 0 0.2 0 0 0 0 0 0 0 0 0.4 0.2 0 0.2 6.800000000000001 0 0.2 1.2000000000000002 0 0 4.2 0.2 1.2000000000000002 6.2 0 0 0 2.2 1.8 2 0 0 2.2 3.6 0 0 0 0 0.2 1.8 0.4 0 2.6 0 7.2 0.2 2.4000000000000004 0 0 0 7.4 0 0.4 0 0 0 0 0 0 0 0 0.4 0 0 0 0 0 0 0 0 0 0 0 0 0 0 0 0 0 0 0 0 0 0 0 0 2 0.4 0.2 16.6 0.2 0.2 0.4 3.8000000000000003 0 0 0 0 0 0 0 0 0.6000000000000001 0 0 0 0 0 0 0 0 1.8 3.2 1.8 0 0 0 0 0 0 0 0 
 0.4 0.6000000000000001 0.4 0.4 0.4 0.4 0.4 1 0.4 0.4 0.4 1.6 0.4 0.4 17.400000000000002 0.8 0.4 1.2000000000000002 0.4 1.2000000000000002 52 49.400000000000006 99.4 39 70.8 0 8 19 6.4 42.6 13.4 12.4 11 7.4 7.2 80.80000000000001 43.800000000000004 27.8 8.4 10 0.6000000000000001 0 0.2 54.6 42.2 0 42.400000000000006 0.4 0.8 0 13 1 35.4 0 0 0 0.6000000000000001 0 25.6 12.8 0 0.4 0 0 0 4.2 1.2000000000000002 0.2 0 0.6000000000000001 0 0 0.6000000000000001 0.6000000000000001 0.6000000000000001 0 0 0.6000000000000001 0 0.6000000000000001 0 0 0 0 0 2 0 0.2 0 0 0 0 0 0 0 0 0 0 0 0 1.2000000000000002 0 0 2.8000000000000003 3.4000000000000004 1 0 2.8000000000000003 1.8 0 0 5 0 0 2 0 5.4 2 0 0 4 3.4000000000000004 1.6 0 0 0 2.4000000000000004 0 2.4000000000000004 5.4 0 0 6.800000000000001 2.4000000000000004 0.6000000000000001 2.6 0.2 0 5.2 7.6000000000000005 0 0 0 1.2000000000000002 0 10.600000000000001 0 0 0 1.6 0 0 0.8 0 0 0 0 0 0 2.6 0 0 0 0 0 0.6000000000000001 0 0 1 0 0 0 0 0 0 0 0 0 0 0 0 0 2.6 0.8 3.4000000000000004 3.6 0 0 0 3 0 8.200000000000001 0 0 0 0 0.6000000000000001 2 0.4 0 3.6 3.6 8 0 0 0 13.4 5.2 1.4000000000000001 0 2.6 2.8000000000000003 6.6000000000000005 0 2.6 0 0 5.4 4.6000000000000005 4.4 0 0 0 0 0 0 0.4 0 0 0 0 0 0.4 0 0 0 0 0 0 0 0 0 0 0 0 0 0 0 0 0 0 0.2 0 0 3.4000000000000004 0.6000000000000001 1.6 14.8 0.2 0 0.4 5.800000000000001 0 0 0 0 0 0 0 0 0 0 0 0 0 0 0 0 0 0 0 1.8 0 0 0 0 0 0 0 0 
 0.4 0.4 14.8 19.400000000000002 53.6 20 0.8 0.4 0.6000000000000001 0.8 0.6000000000000001 32.800000000000004 0.4 1 0.4 0.4 0.4 19.400000000000002 0.4 0.4 34.800000000000004 31.8 82.2 17 64.8 8 0 37.4 25 7.6000000000000005 52.2 3.8000000000000003 32 81.60000000000001 26.200000000000003 27.200000000000003 23 38.2 36.800000000000004 15.8 0.6000000000000001 0 0.2 0 0 0 0 0.6000000000000001 0.6000000000000001 0 0.6000000000000001 0 0 0 0 0.2 0.6000000000000001 0 0.6000000000000001 0 0 0.4 0 0 0 0 0.2 0 0.2 0.6000000000000001 0 0 0 0 0.4 0 0.2 0.8 0 0.6000000000000001 0 0.4 0 10.600000000000001 2.6 2.2 0 0 0 0 2.6 0 0 0 0 0 0 0 0 0 1.6 12.200000000000001 3.6 0 0 0 0 6.2 5.800000000000001 3 6.6000000000000005 1.8 2 4.4 2.6 4.2 0 0 0 2.4000000000000004 0 0 0 0 0 0 0 0 0 0 0 0 0 0 0 0 0 0 3.4000000000000004 0 0 0 0 0 7.2 0 0 0 0 0 0 0 0 0.8 0 0 0 0 0 0 1 0 0 0.2 9.600000000000001 2.2 0 0 0.4 6.4 3 4 0.2 0 0 0 0 3.6 0 0 9.600000000000001 1.2000000000000002 1.8 0 0 5 4 14.200000000000001 2.6 0 3.8000000000000003 0 0 8.200000000000001 0 0.8 2.2 2.6 3 2 0 0 0 0 0 0 0 0 0 0 0 0.2 3.2 0 0 0 0 0 0 0 0 0 0 0 0 0 0 0 0 0 2 0 0 0 0 0 0 0 0 0 0 2 0 0 0 0 0 0 0 0 0 0 0 0 0.8 0.2 0 0.2 0 0 0.8 0.4 2.6 0 0 0 0 0 0 0 0 0 0 0 0 0 0 0 0 0 0 0 0 0 0 4.800000000000001 0 0 0 0 
 0 0 0 0 15.200000000000001 0 4.6000000000000005 15.200000000000001 0 0.2 0 4.800000000000001 0 0 0 0 0 0.4 0 0 42.6 36.2 48.400000000000006 18 29 19 37.4 0 65.2 23.400000000000002 23.400000000000002 11.8 16.2 40.400000000000006 10 38.400000000000006 15.4 15.200000000000001 9.4 22 0.6000000000000001 0 0.2 0 0 0 0 0.6000000000000001 0.6000000000000001 0 0.6000000000000001 0 0 0 0 0 1.2000000000000002 0 0.6000000000000001 0 0 0.4 0 0 0.4 0.4 0.8 0 0.4 1 0 0 0 1.2000000000000002 0.4 0 0.2 1 0 0.6000000000000001 0 0.4 0 0 0 0 0 0 0 0 0 0 0 0 0 0 0 0 0 0 3.8000000000000003 4.2 4 0 3 0 2.4000000000000004 6 4.800000000000001 0.2 0.2 5 4 0.4 3.6 5.2 6.2 4.800000000000001 1.8 2.4000000000000004 2.2 0 0 0 0 0 0 0 0 0 0 0 3.6 0 0 0 0 0 3.6 0 0 0 0 0 0 0 0 0 0 0 0 0 0 0 0 0 0 0 0 0 0 0 0 0 1.8 0.2 0 0 0.2 0.2 0 2.6 0 0 0 0 0.8 0 0.4 0 0.2 0 4.800000000000001 3.4000000000000004 3 3.2 0.2 0 3.4000000000000004 7.2 7 2.2 3 0 5.4 2.6 0 0.8 0 2.2 5.6000000000000005 4 0 0 0 0 2.4000000000000004 0.2 0 0 0 0.2 1.6 0 0 0 0 0 5.800000000000001 0 1 0 2 0 0 0 0 0 0 0 0 0 0 6.6000000000000005 0 0 0 0 0 0.4 0 0 0 0 0 0 0 0 0 0 0 0 0 0 0.2 0 0.4 1.2000000000000002 0 0.2 0 0 0 0 0 0 0 0 0 0 0 0 0 0 0 0 0 0 0 0 0 0 0 0 0 0 0 0 0 0 
 0.6000000000000001 0.6000000000000001 0.8 1.6 15.8 0.6000000000000001 0.6000000000000001 0.6000000000000001 16.6 0.6000000000000001 4.800000000000001 30 0.6000000000000001 0.6000000000000001 0.8 0.6000000000000001 0.6000000000000001 0.6000000000000001 0.6000000000000001 0.6000000000000001 31.400000000000002 30 27.400000000000002 14 45.400000000000006 6.4 25 65.2 0 26.200000000000003 86.4 36.6 12.8 51.400000000000006 39 14.200000000000001 27 36.800000000000004 68.4 19 0.6000000000000001 0 0 0 0 0 0 0.4 0.6000000000000001 0 0.6000000000000001 0 0 0 0 0.2 2 0 0.6000000000000001 0.2 0 0.4 0 0 0 0 0.4 0 0.2 0.6000000000000001 0 0 0 0 0.4 0 0 0.6000000000000001 0 0.6000000000000001 0 0 0 0 0.2 0 0 0 0 0 0 0 0 0 0 0 0 0 0 0 5.4 9.600000000000001 4.800000000000001 0 0.6000000000000001 0 4 8.6 0 5.800000000000001 4.800000000000001 4 2.6 9.200000000000001 5.4 3.2 7.6000000000000005 5 0 5.4 0 0 0 0 0 0 0 0 0 0 0 0 6.6000000000000005 0 0 0 0 0 5.800000000000001 0 0 0 0 0 0 0 0 0 0 0 0 0 0 0 0 0 0 0 0 0 1 0 0 2.8000000000000003 0 0 0 0 0 0 0 0 0.2 1.8 0 0 0 0 0 0 4 4.2 2 3 0.2 5.4 2.8000000000000003 3.6 3 2.2 5.4 0 0 3.2 9.200000000000001 0.4 5 8.8 0 4 0.4 0 0 0 0 0 0 0 0 0 0 0 3.2 0 0 0 0 0 4.6000000000000005 0 0 0 0.2 0 0 0 0 0 0 0 0 0 0 2.4000000000000004 0 0 0.4 0 0 0 0 0 1.8 0 0 0.2 0 0 0 0 0 0 0 0 0.4 0 0 15.4 0 0 1.2000000000000002 0 2.8000000000000003 0 0 0 0 0 0 0 0 0 0 0 0 0 0.4 0 0 2.6 0 0 0 0 0 0 0 0 0 0 
 0 0 0 0.4 0 8.200000000000001 0 0 0 0.4 0 0.4 0 0.4 0.4 0 0 0.2 0.2 0 12.200000000000001 47.2 24 79.80000000000001 58 42.6 7.6000000000000005 23.400000000000002 26.200000000000003 0 64.4 24.8 90 57.800000000000004 61 65.2 44.2 38.800000000000004 30.400000000000002 30 0.6000000000000001 0 12.600000000000001 0.2 0.4 0.4 0 0.4 0.6000000000000001 0 0.6000000000000001 2.8000000000000003 12.600000000000001 0 0.6000000000000001 0 0.6000000000000001 0 6.6000000000000005 0 0 0.4 0 0 0 0.6000000000000001 1 0 0 0.8 0 0.4 0 0.4 0.6000000000000001 10 0 1.2000000000000002 0 0.6000000000000001 0 0 0 0 0 2.8000000000000003 0 0 0 0 0 0 0 0 0 0 0 0.8 0.4 0 1 2.4000000000000004 8 2.4000000000000004 4.4 4.2 3.8000000000000003 6.4 3 0 0.2 3.6 5 0 7.4 0 8.4 4.6000000000000005 0 0.4 0 1.8 0 0 0 0.4 4 9.200000000000001 7.2 0 0.2 0 0 0 9.8 0 0 1.4000000000000001 1.6 0.4 0 0.8 0 0.4 0 0 0.4 0 0 0 0 0 0 0 0 0 1.4000000000000001 0 0 0 0.2 0 0 1.4000000000000001 0 0 0 0 0 0.4 1 0.6000000000000001 0 0 1.2000000000000002 0 0 0 0.4 0 0 2 0 5 2 6.800000000000001 2.8000000000000003 2 0.6000000000000001 10.200000000000001 4.800000000000001 5.6000000000000005 3.6 0 5.2 2 2.8000000000000003 0 0 2.8000000000000003 2.4000000000000004 0 0 0 0 0 0 4.6000000000000005 3.8000000000000003 0 0 0 5 0 0.2 0 0 0 0 1.4000000000000001 1.6 0 0 0 0 0 0 0 0 0 0 0 0 0 0 0 0 0 0 0 0 0 0 0 0 0.2 0 0 0 0 0 0 0 0 3.8000000000000003 0.4 0.8 0.4 15.600000000000001 0.6000000000000001 1.6 0 0 0 0 0 0 0 0 0 0 0 0 0 0 0 0 0 0 0 0 0 0 0 0 0 0 0 0 0 
 0.2 0.2 0.4 0.2 0 0.2 0.4 0.2 0.6000000000000001 0 0 0.6000000000000001 0.2 0.2 0.4 0.2 0.2 0 0.4 0.4 24.6 7.800000000000001 24.6 9.200000000000001 29.6 13.4 52.2 23.400000000000002 86.4 64.4 0 53.800000000000004 8.8 28.6 9.200000000000001 17.400000000000002 32.2 54.400000000000006 50.2 12.8 3.6 0 0 0.4 0 0 0 0.6000000000000001 15.600000000000001 0 0.6000000000000001 0.8 0 0 6 0.4 0.6000000000000001 0 13.200000000000001 0 0 0.4 0 0 0 0 0.4 0.2 0 0.6000000000000001 0 0 0 0 0.4 0 0 11.200000000000001 0 0.6000000000000001 0 0 0 0 0 0 0 0 0 0 0 0 0 0 0 0 0 0 0 0 1.6 7.2 0 0 5.4 0 2.8000000000000003 2.4000000000000004 1 2 2 0 0 0 0 1.8 5.800000000000001 6.800000000000001 0 0 0 3.4000000000000004 0 0 0 0 0 2.2 0 0 0 0 3 0.4 0 0 0 2 2.4000000000000004 0 0 0 0 0 0 0 0 0 0 0 0.4 0 0 0 0 0 0.6000000000000001 0 0 0 0 0 0 0 0 0 0 0 0 0.2 0 0 1.6 0 0 0 0 0 0.2 0 0 0 5 2.2 6.800000000000001 8.8 0.4 0 0.4 2.4000000000000004 2.6 4.800000000000001 0 0 0 3.4000000000000004 0 6.6000000000000005 0 0 7.2 1.8 2.2 0 0 0 5.800000000000001 2.2 3 1.8 0 0 2.6 2.4000000000000004 0.2 1.6 0 0 6.4 5.6000000000000005 0 0 0 0 0 0 0 0 0 1.4000000000000001 0 0 0 1.6 0 0 0 0 0 0 0 0 0 0 0 0 0 0 0 0.4 0 0 0 0 0.4 0 0 14.8 0 0.4 0.2 0 0.6000000000000001 0 0 0 0 0 0 0 0 0 6.2 0 0 0 0 0 0 0 0 0.2 0 0 2.2 0 0 0 0 0 
