 0 31.200000000000003 90.4 7.2 46 4.4 42.2 6.6000000000000005 51.800000000000004 7.6000000000000005 58.2 5.4 12.600000000000001 25.200000000000003 60 48 48.2 9 25.400000000000002 5 0 0.4 0.4 0.4 0 0 0 0 0 0 0.6000000000000001 0.4 0.4 0.2 5.4 0.2 0 0 0.2 0 0 0 0 0.4 0 0 0 0 0 0.4 0 0 0 0 0.6000000000000001 0 0 0 0 12.4 0 0 0 0.6000000000000001 0 0 0 0 0.6000000000000001 0.6000000000000001 0.8 0 0 0 0 0.4 0 0 0 0 5.4 0 0 4.4 6.4 0 3.6 11.200000000000001 4.4 3.8000000000000003 3.8000000000000003 5 4.2 1 2.8000000000000003 5.4 8.6 0.4 10.600000000000001 6.2 0 0 0 0 0 0 0 0 0 0 0 0 0 0 0.4 0 0 0 0 0 1.8 0 0 0 0 0 0 0 0 0 0 0 0 0 0 0 0 0 0 0 0 0 0 0.2 0 0.8 0 0 0 0 0 0 0 0 0 0 0 0 0 0 0.2 0.6000000000000001 8 0 1.8 6 3.8000000000000003 6.4 14.4 3.8000000000000003 0 4.6000000000000005 2 7.800000000000001 3.6 0 2.4000000000000004 3.2 0 0.2 0 0 0 0 0 0 4 0 0 0 0 0 3.6 0 0 0.2 0 0 3.8000000000000003 3.4000000000000004 0 0 0 0 0 0 0 0 0 0 4.800000000000001 0 0 0 0 0 0 0 0 0 0 0 0 0 0 0 0 0 0 0 0 0 0 0 0 0 0 0 0 0 0 0 0 0 2.2 0.4 19.400000000000002 0 0 0 0 0 0 0 0 0 0 0 0 0 0 0 0 0 0 0 0 0 0 0 0 0 0 0 0 2.2 0.2 0 0 0 0 0 0 0 0 0 0 0 0 0 
 31.200000000000003 0 33.2 49.400000000000006 84.2 66.8 51.2 46 44 25.200000000000003 26.400000000000002 10 6.2 27.400000000000002 27.6 18.6 40.2 12.600000000000001 10.200000000000001 27.6 0.2 0.2 0 0.4 0 0.2 16.8 0 0.2 0 1.4000000000000001 0.4 5.2 0 0.4 0.2 0 0.2 0 15 0.2 0.6000000000000001 0.6000000000000001 0.4 0 0 0 0 0.2 0.4 14.4 0 0 0 0.6000000000000001 0.2 0 0 0 0 0 0.2 0 1.4000000000000001 0 0 0 0 0.6000000000000001 0.6000000000000001 0.2 0 0 0 0 0.4 0 0 0 0 0 0.2 3.6 4.2 3 2 6.800000000000001 4 2.4000000000000004 13.4 14 3.4000000000000004 1.6 0 4.6000000000000005 3 6.4 0.2 0 5.800000000000001 0.2 0 0 0 0 0 0 0 0 0 0 0 0 3 2.6 0 0 0 5.4 0 0 0 0 0 0 0 0 0 0 0 0 0 0 0 0 0 0 0 0.4 0 0 0 0 0 0 0.6000000000000001 0 0 0 0.2 0 0 2.2 0 0 0 0.2 0 0 0.2 0 4 2.6 1.2000000000000002 0 6.4 0 2.8000000000000003 1.8 2.2 0.2 0.2 0 2 5.6000000000000005 0 0.6000000000000001 4 2.4000000000000004 0 5.2 0 0 0 0 0 2.6 3.6 0 0 0 0 5 0 1 0 0 0 2.8000000000000003 0.4 1 0 0 0 0 0 0 0 0 0 0 0 0 0 0 0 0 0 0 0 0 0 0 0 0 0 0 0 0 0 0 0 0 0 0 3.2 0 0 0 0.2 0 0 0 0 0 0.2 18.2 0 18.400000000000002 0 3.2 3.8000000000000003 2.6 0 0 0 0.4 0 0 0 0 0 0 0 0 0 0 0 0 0.2 0 0 0 0 0 2.8000000000000003 0 0 0 0 0 0 0 0 0 0 0 0 0 0 
 90.4 33.2 0 25.200000000000003 31.200000000000003 24.8 18.400000000000002 21.8 52.2 46 68.2 23.6 14.600000000000001 9.200000000000001 103.4 30.6 11.8 53.400000000000006 30.400000000000002 27.8 0.2 0.2 0 0.4 0 0 0 0 0 0 1.2000000000000002 0.8 0.2 0.2 0 0.6000000000000001 0.4 0.4 14.600000000000001 0 0 0 0 0 0 0 0 0 0 0.8 0.4 0.2 0.4 0.6000000000000001 1 0 0 0 0 0 0 0.2 0.6000000000000001 0.8 0 0.4 0 0 0.6000000000000001 0.6000000000000001 9.600000000000001 0 0 0 0 0.4 0 0 0.2 0 2.2 2.2 3.4000000000000004 10.200000000000001 6.4 1.8 7.800000000000001 7 10.200000000000001 2.8000000000000003 0 1.6 0 5 6.2 1.6 2 2.8000000000000003 0 4 1.6 0 0 0 0 0 0 0 0 0 0 0 0 0 0 0 0 0 2 0 0 0 0 0 0 0 0 0 0 0 0 0 0.2 0 0 0 0 0 0 0 0 0 0 0 0 0.4 0 1 0 0 0 0.2 0 0 0 1.2000000000000002 0 0 0 2.4000000000000004 1.8 0.2 4 4.6000000000000005 2 0 2.6 3.8000000000000003 2.6 2.4000000000000004 3 3.8000000000000003 2.6 2.8000000000000003 0.2 2.2 2.6 2.2 0 0 0 0 0 0 0 0 0 0 0 0 0 1.2000000000000002 0 0 0 0 0 0 3.6 0.4 0 0 0 0 0 0.2 0 0 0 0 3.8000000000000003 0 0 0 0 4.6000000000000005 0 0 0 0 0 0 0 0 0 0 0 0 0 0 0 0 0 0 0 1.2000000000000002 0 0 0 0 0 0 0 0 0 0.4 1.8 0 0.4 0.2 0.4 4 0 0 0 0 0 0 0 0 0 0 0 0 0 0 0 0 0 2 0 0 0 0.4 0 0 0 3.4000000000000004 0 0 0 0 0 0 0 0 0 0 0 0 
 7.2 49.400000000000006 25.200000000000003 0 15.600000000000001 29.200000000000003 13.8 14.4 16.2 45.400000000000006 28.200000000000003 36.4 14 17.6 57 32.800000000000004 28.200000000000003 27.400000000000002 22.400000000000002 11.8 0 0.4 0 0.6000000000000001 0 0 0 12.4 0 0 0.6000000000000001 0.4 0.2 0 7 0.6000000000000001 0 0 0 0.4 0 0 0 1 0.4 0 0 0 0 0.4 0 0 0 0 0.6000000000000001 0 0 0 0 0 0 0.2 0 0.8 0 0 0 0 0.6000000000000001 0.6000000000000001 0 0 0 0 0 0.4 0 0 0 0 0 0 0 0 1.8 4.4 3.2 0 0 2.4000000000000004 4.2 2.4000000000000004 0 0 0 0 0 2.8000000000000003 0 0 3 0 0 0 0 0 0 2.6 0 2.8000000000000003 0 0 3 0 2.8000000000000003 4.4 0 0 8.200000000000001 2.6 1.2000000000000002 0 0 0 0 0 0 3.8000000000000003 0 0 0 0 0 0.6000000000000001 0 0 0 0 0 0 0 1.6 0 0 0 0.2 0 7 0 0 0 0.8 0.4 0 0 0 0 0 0 0 0 0 0 3.6 0.8 1.6 0 1.8 2.8000000000000003 0 2.4000000000000004 0 2.4000000000000004 0.4 0.2 0 0 3.6 0.2 0 4.6000000000000005 5.800000000000001 0 0 0 0 5.4 2.4000000000000004 0 0 0 0 0.2 0 0 1.4000000000000001 0 0 1.2000000000000002 5.2 0 0 0 0 0 0 0 0 0 0 0 0 0.4 0 0.2 0 1.8 0 0 0 0 0 0 0 0 0 0 2.2 0 0 0 0.6000000000000001 0 0 0 0.2 0 0 0 0 0 0 1.8 0 0 0 0 0.4 0.2 18 0 2.6 3 0 0 0 0 0 0 0 0 0 0 0 0 0 0 0 0 0 0 0 0 0 0 0 0 0.4 0 0 0 0 0 0 0 0.4 0 0 0 0.8 
 46 84.2 31.200000000000003 15.600000000000001 0 37 8.8 14.600000000000001 14.8 16.8 19.200000000000003 6.6000000000000005 31.6 11.8 61.6 19.6 97.4 27.6 60 15 0 0.4 12.4 0.4 0 0 3.6 0.2 0 14.8 0.8 0.4 47.400000000000006 31.200000000000003 0 0 6 0 0 21 0 0 0 0 0 0 0 2.4000000000000004 0 0.4 7 0 0 0 0.6000000000000001 0 0 0 0 0 0 10 0 0.6000000000000001 0 0 0 0 0.6000000000000001 0.6000000000000001 0 0 0 0 0 0.4 0 0 0 0 0 0 0 4.2 3.4000000000000004 3.4000000000000004 0 0 3.2 2.4000000000000004 1.8 1.6 0 0 1.2000000000000002 0 0 0 0 0 1.4000000000000001 4.2 1.8 4.6000000000000005 0.2 0 11.600000000000001 0 0 1.2000000000000002 0 0 5.800000000000001 7.4 4 0.4 0 0.4 3.2 1 0 0.4 0 0 0 0 0 0 0 0 0 0 0 6.4 0 0 0 0 0 0 0 0 0 0 0 0 0 0 0 0 0.4 0 0 0 0 0 0 0 0 0 0 0 3.2 2.6 0 3.2 0 0 1.2000000000000002 0 0 9 0 0 0 0 0 5.4 0 0 3.6 8.6 0 0 0 0 0 9 0 0 3.4000000000000004 10.200000000000001 0 4.2 6.6000000000000005 11.8 0 0 3.6 0 0.2 0 0 0 0 0 0 0 0 0 0 0 0 0 0 0 0 0 0 0.4 0 0 0 0 0 0 0 0 0 0 0 0 0 0 0 0 0 0 0 0 0 0 0 0 0.2 0 0.4 0.2 0.4 0 0 3 0 0 0 0 0 0 0 0 3 0 3 0 0 0 0 0 0 0 0 0 0 0 0 0.6000000000000001 0 0 0 0 0 0 0 4.2 0 0 0 0 0 0 
 4.4 66.8 24.8 29.200000000000003 37 0 5.4 8.4 12 7.2 32.4 7.800000000000001 22.200000000000003 6.800000000000001 10.600000000000001 16.2 31 72.60000000000001 12 14.4 0 0.4 0 0.4 0 0 12.600000000000001 0.6000000000000001 0 0 0.6000000000000001 0.2 30 14.8 14.8 0 0.2 0 13 14.200000000000001 0 0.6000000000000001 0 0.4 0 0 0 0 0 0.4 7.4 0 0 0 0.6000000000000001 1 0 0 0 0.6000000000000001 0 0.4 0 0.6000000000000001 0 0 0 0 0.6000000000000001 0.6000000000000001 0 0 0 10.4 0 0.4 0 0 0 0 0 0 0 4 1.2000000000000002 0.4 0 0 0 0 3.4000000000000004 0 0 0 0 0 0 2.2 0 0 1 6.800000000000001 0 0 2.4000000000000004 0 3 0.6000000000000001 0 0 0 0 2.6 1 0 0 0 0 9 3.2 0 0 0 0 0 0 0 0 0 0 0 0 0 0 0 0 0 2 0 0 0 0 0 0 0.2 1.4000000000000001 0 0.8 0 0 0 0.2 0.2 0 0 1.2000000000000002 0 0 0 0 0 0 0 4.4 2.2 3.8000000000000003 0 0 0 2.6 0.2 0 0 0 0.4 0 2.6 0.2 0.4 0 2.6 1.8 0 0 0 0 11.4 5.6000000000000005 0.8 0 0 2 2.8000000000000003 1.6 3.8000000000000003 0 0.6000000000000001 0 5 2.4000000000000004 0 0 0 0 0 0 0 0 0 0 0 0 0 0 0 0 0 0 0 0 0 0 0 0 0.2 0.4 0 0 0 0 0.2 0 0 0 0 0.4 0 0 0 0 0 0 0 0 0 1.2000000000000002 17.2 0 5 0.8 0 1.8 4.4 0 0 0 0 0 0 0 5.800000000000001 0 0 0 0 0 0 0 0 0 0 0 0 0 0 0 0 8.6 0 0 0 0 0 0 0 0.2 0 0 0 0.2 
 42.2 51.2 18.400000000000002 13.8 8.8 5.4 0 12.200000000000001 9.8 4.2 29.8 6.2 50.800000000000004 48.6 27.6 43.6 6.800000000000001 6.2 31.400000000000002 11 0 1.2000000000000002 0 0.4 0 0 0 0 0 0 1.2000000000000002 0.4 0.4 0 0 0.2 0.4 0 0 0.4 0 0 0 0.4 0 0 0 0 0 0.8 0.8 0 0.4 0.6000000000000001 0.6000000000000001 0 0 0.2 0 0 0.2 0.4 0.4 1 0.4 0.4 0 0 0.6000000000000001 0.6000000000000001 0 0 0 0 0 0.4 0 0 0.4 0.2 4 5.4 2 0 0 0 8.6 0 4.2 0.2 3.6 2.6 3.2 9.200000000000001 1.8 9 3.2 0 5 4 0 0 0 0 0 0 0 0 2.4000000000000004 0 0 0 0.4 0 0 0 0 0 0 0 0 0.2 0 0 0 0 0 0 0 0 0 3.2 0 0 0 0 0 0 0 0 0 0 0 3.8000000000000003 0 0 0 0 0 0 0.4 0 0 0 0 0 0 0 0 0 3.2 2 3.4000000000000004 1.4000000000000001 0 0.6000000000000001 2.8000000000000003 3.8000000000000003 2.6 5 0 3.8000000000000003 4.800000000000001 2.8000000000000003 10.600000000000001 3.2 2.8000000000000003 7.2 0 6.2 0.4 0 0 0 0 0 6.4 0 0 0 0 0 0 3.2 0 0 0 0 0 0 0 0 0 0 0 0 0 0 0 0 0 2.2 0 0 0 0 0 0 0 0.4 0 0 0 0 0 0 0 0 0 0 0 0 0 0 0 0 0 0 0 0 0 0 0 0 0.2 0 0.2 0 0 0 0 1.4000000000000001 0 0 0 0 0 0 0 0 0 0 0 0 0 0 0 0 0 0 0 0 0 0 0 0 3.6 0 0 0 0 0 0 0 0 0 0 0 0 0 
 6.6000000000000005 46 21.8 14.4 14.600000000000001 8.4 12.200000000000001 0 57.6 92.60000000000001 13.600000000000001 47.2 14.4 14 37.2 28 40.6 22.6 36.4 64.2 14.4 0.2 0 13 0 0 0.4 0.4 0.4 0 0.4 0.8 17.8 0 0 0.4 0 9.8 0 0 0 0 0 0.4 0 0 0 0 0 0.4 0 0 0 0 0.6000000000000001 0 0 0 0 0 0 0.6000000000000001 0 0.6000000000000001 0 0 1 0 0.6000000000000001 0.6000000000000001 0 0 0.2 0 0 0.4 0 0 0 0 0.4 2.8000000000000003 7 6.6000000000000005 4.4 0 18.2 2 4 8.4 3 0.4 4.4 1.2000000000000002 3 3.2 1.8 1 0 0.4 0 0 0 0.4 0 0 0 0 0.2 0 0 0 0 0 2.6 0 0 0 0 0 0 0 0 0 0 0 0 0 0 0 0 0 0 0 0 0 0 0.4 0 0 0 0 0 3.2 0 0 0 0 2 0 0 0 0 0 0 0 0 0 0 0 3.4000000000000004 2 3 7 3.4000000000000004 3 4 0 2.2 0 4.800000000000001 3.8000000000000003 0 1.8 0 4.4 3 0.2 0 11.4 0 0 0 0 0 0 0 0.2 0 0 0 0 0 0 0 0 0 0 4.800000000000001 0 0 0.2 0 0 0 0 0 0 0 0 0 0 0 0 0 0 0 0 0 0 0 0 0 0.4 0 0 0 0.8 0 0 0 0 0 0 0 0 0 0 0 0 0 0 0 0 0 0 0 0 9.8 19.200000000000003 1.8 1 0 0 0 0 0.2 0 0 0 0 0 0 0 0 0 0 0 0 0 0 0 0 0 0 5.4 0 0 0 0 0 0 0 0 0 0 0 0 0 0 
 51.800000000000004 44 52.2 16.2 14.8 12 9.8 57.6 0 123.60000000000001 25 26.200000000000003 19.6 19.200000000000003 49 35.4 25.200000000000003 46.800000000000004 36.2 21.200000000000003 0 15 0 0.4 0 0 0 0 0 0 0.6000000000000001 0.4 15.600000000000001 0 0 0.2 0 0 16.2 0.4 0.2 0 0 0 0 0 0 0 0 0.4 0 0 0 0 0.6000000000000001 0 0 0 0 0.4 0 0.4 0 0.6000000000000001 0 0 0 0 0.6000000000000001 0.6000000000000001 0 0 0 0 0 0.4 0 0 0 0 0 0 2.6 6.6000000000000005 10.600000000000001 0 4.800000000000001 16.2 4.800000000000001 2 6 0 4.4 22.8 3.4000000000000004 3.6 6.6000000000000005 6 0 4.2 0 0 0 0 0 0.4 0 0.6000000000000001 0 0 0 0 0 0 0 0 1.8 0 2.2 0 0.2 0 0 0 0 0 0 0 0.2 0 0 0 0 0 0 0 0 0 0 0 0 0 0 0 0 1.4000000000000001 0 0.2 0 0 0 0.2 0.2 0 0 5.800000000000001 0 0 0 3 2.2 6 0 2.2 3.2 2.8000000000000003 12 2.4000000000000004 0 3.8000000000000003 2.8000000000000003 0 0 2.2 0.4 0.2 2.2 0 2 2 0 0 0 0 0 0 4.4 0.2 0 0 0 0 2.8000000000000003 0 0 0 1.4000000000000001 0 10 3.2 0 2.2 0 0 0 0 0 0 0 0 0 0 0 2.4000000000000004 0 0 0.2 0 0 0 0 0 1.6 0 0 0 0 0.4 0 0 0 0 0 0 0 0.4 0 0 0 0 0 2.2 0 0 0 0 17.6 0 9.600000000000001 4.6000000000000005 1.8 4.4 0 0 0.2 0 0 0 0 0 0 0 0 0 0 0 0 0 0 0 0 0 0 0 0 0 0 4.4 0 0 0 0 0 0 0 0 0 0 0 0 
 7.6000000000000005 25.200000000000003 46 45.400000000000006 16.8 7.2 4.2 92.60000000000001 123.60000000000001 0 28.8 10.4 26.8 23.400000000000002 63.2 87 47.400000000000006 54 62.2 97.60000000000001 0 0.4 0 7.800000000000001 0 0.4 0 15.4 0 0 0.6000000000000001 9.200000000000001 0.4 0 14.8 0.2 0 0 0 0 0 0 0 0.8 0 0 0 0 0 0.4 0 0 0 0 0.6000000000000001 0 0 0 0 0 0 0.4 0 0.6000000000000001 0 0 0 0 5.4 0.6000000000000001 0 0 8.6 0 15 0.4 0 2.6 0 0 0 4.800000000000001 5 2.4000000000000004 1.8 0 4.6000000000000005 1.8 15.200000000000001 0.4 0.8 4.2 7 0.2 0.4 10.200000000000001 0 8.4 0 1.6 0.2 0.4 0 0 0 0 2.6 0 0 0 0 0 0 0 0 3.2 0 0 0 0 0 0 0 0 0 1.6 0 0 0.4 0 0 0 0 3.6 0.4 0.4 0 0 0 0 0.2 0 0 0.8 0 0 0 0 0 0 0 0 0 0 0 0 0 0 0 0 0.4 10.4 0.4 0 3 0 6.2 0 2 0 1.6 7.6000000000000005 0 3.6 0 2.8000000000000003 4.4 2.2 0 7.4 0 3.8000000000000003 0 0 0 0 0 0.4 0.2 0 0 0 0 0.4 0 2.8000000000000003 0 0 0 0 0 0 0 0 0 0 0 0 0 0 0 0 0 0 0 0 0.4 0.4 0 0 0 0 0 0 0 0 0 0.2 0 0 0 0 0 0 0 0 0 0 0 0 0 0 0 0 0 0 0.4 0 0.2 17.8 0.2 16.8 0 0 0 0 0 0 0 0 0 0 2.6 0 0 0 0 0 0 0 0 0 0 3.2 0 2 1.8 0 0 0 0 0 0 0 0 0 0 0 0 0 
 58.2 26.400000000000002 68.2 28.200000000000003 19.200000000000003 32.4 29.8 13.600000000000001 25 28.8 0 8.4 24.400000000000002 45.6 16.8 58.2 36 45 19 14.200000000000001 0.2 0.4 0 0.4 0.6000000000000001 0.6000000000000001 0 0.2 0 0 0.6000000000000001 0.2 0.2 0 6.800000000000001 0 0 0 0 14.8 0 0 0 0 0 0 0 0 0 1 0 0 0 12.4 6 1 0 0 0 0 0.6000000000000001 0.2 5.800000000000001 1.4000000000000001 0.6000000000000001 0 0 0 0.4 0.6000000000000001 0.4 0 0 10.4 0 2.4000000000000004 0 0.4 0 0 0 3.6 0.6000000000000001 0.6000000000000001 0 4.2 5.800000000000001 0 1.8 3.8000000000000003 11.600000000000001 4.4 2.6 6.2 2.6 1.4000000000000001 10.600000000000001 0 0 1.6 1.4000000000000001 2 0 0 3.2 0 0 0 0 0 0 0 3.2 0 0 0 0 0 4 5.4 3.4000000000000004 0 0 0 0 0 0 0 0 0 0 0 3 0 0 0 0 4.2 0.4 0 0 0 0 0.4 0 0 0 0 0 0.2 0 0 0 0 0 0 0.2 0 0 0.2 0 5.800000000000001 3 2 4.6000000000000005 4 3.8000000000000003 0 0.2 9 0 3.8000000000000003 5.800000000000001 0.2 0 0 1.4000000000000001 6.6000000000000005 0 12.200000000000001 0 0 0 0 0 0 1.6 0 2.8000000000000003 0 0 0.6000000000000001 0 0 0 0.2 2.8000000000000003 0 2 1.8 0 0 0 0 0 0 0 0 0 0 0 0 0 0 0 0 0 0 0 2.4000000000000004 0 0 0 0 0 0 0 0 0 0 0 0 0 0 0 0 0 0 0 0.2 0 1.2000000000000002 0 0 0 0.2 17.8 0 0.4 0.2 0 1.8 0 0 0 0 0 0 0 0 0 0 0 0 0 0 0 0 0 0.2 0 0 0 0 0 0 3.6 0 0 0 0 0 0 0 0 0 0 0 0 0 
 5.4 10 23.6 36.4 6.6000000000000005 7.800000000000001 6.2 47.2 26.200000000000003 10.4 8.4 0 7.6000000000000005 5 22.6 6.2 12.4 56.6 29 22.200000000000003 21.400000000000002 1.4000000000000001 0 0.4 0 0.6000000000000001 12 26.6 0 0 0.6000000000000001 0.2 0.6000000000000001 0 15.200000000000001 0 0 0 5.800000000000001 0 0 0 0 1.4000000000000001 0 0 0 0 1 0.4 0 0 0 0 0.6000000000000001 0 0 0.6000000000000001 0 0 0 0 0 0.6000000000000001 0 0 0 0 0.6000000000000001 0.6000000000000001 0 0 0 0 0 0.4 0 0 8.200000000000001 0 9.600000000000001 2.2 4.800000000000001 4.6000000000000005 8.200000000000001 2.2 0 17.6 0 0 0.2 2 2 2.4000000000000004 0 0 5 0 0 2.2 3.6 3.8000000000000003 0.2 0 0 0 0 1.2000000000000002 0 0 0 0 0.4 0.6000000000000001 3.8000000000000003 0 0.4 0 0 0.6000000000000001 0 0 0 0 0 0 0 0 0 0 0 0 0 0 0 0 0 0 0 0 0 0 0 0 0 0 0 5.800000000000001 0 0 0 1.4000000000000001 0 0 0 0.6000000000000001 0 0 0 0 3 2.2 0 2.2 3.4000000000000004 0 4 2.6 0 0 1 0 0 0 2.6 3.8000000000000003 0 0.2 2.8000000000000003 0 0 8.4 2 0 0 0 4.6000000000000005 0 1.8 0 0 3 6.800000000000001 2 5.6000000000000005 0 0 0 0.4 2.6 0 0 2.4000000000000004 0 0 0 0 0 0 0 3.2 0 0 0 0 0 0 0 0 0 0 0 0 0 0 0 0 0 0 0 0 0 0 0 0 0 0 0 0 0 0 0 0.4 0 0 0.2 0 0 0.6000000000000001 18.6 0.2 1.4000000000000001 0 0 0 0 0 0 0 0 0 0 0 0 0 0 0 0 0 0 0 0 0 0 0 0 2.6 0 0 0 0 0 0 0 0 0 0 0 0 0 
 12.600000000000001 6.2 14.600000000000001 14 31.6 22.200000000000003 50.800000000000004 14.4 19.6 26.8 24.400000000000002 7.6000000000000005 0 17.2 43 53.2 48.2 89.4 24.200000000000003 10.200000000000001 0 0 0 0.6000000000000001 0 0 0 0 17.8 0.2 0.6000000000000001 0.4 0.2 0 0 0.2 0.2 0 0 0 0 0.2 0 0.2 12.600000000000001 0 0 0 0 0.4 0 0 0 0 0.6000000000000001 0 0 0 0 0 0 0.4 0 0.6000000000000001 0 0 0 0 0.6000000000000001 0.6000000000000001 11.200000000000001 0 0 0 0 0.4 0 0 0 0 2 2.4000000000000004 6.6000000000000005 0 0 0 4.6000000000000005 2.8000000000000003 0 0 0 0 2.4000000000000004 5.2 0 3.8000000000000003 3 0.2 6.6000000000000005 0 0 0 0 0 0 0 0 0 0 0 0 0 0 0 0 0 0 0 0 0 0 0 0 0 0 0 0 0 0.2 0 0 2.4000000000000004 0 0 0 0 0 0 0 0 2.8000000000000003 0 0 0 0 0 0 0 0 0 0 0.2 0 0 0 0 0 0 0 0 0 3.6 0 0.2 1.6 0 0.4 0 0 3.6 0 0 4.6000000000000005 3 4.4 0.4 0.2 0 0.4 2.2 0 0 0 0 0 0 0 0 0 0 0 0 0 0 0 0 0 0 0 0 0 0 0 0 0 0 0 0 0 0 0 0.2 0 0 0 0 0 0 0 0 0 0 0 0 0 0 0 0 0 0 0 0 0 0 0 0 0.2 0 0 0 0 5.4 0 0 0 0.2 0.4 0 0.4 0 0 3.6 0 0 0 0 0 0 0 0 0 0 0 0 0 0 0 0 0 0 0 0 0 0 0 0 0 0 0 0 0 0 0 0 0 0 0 0 0 0 
 25.200000000000003 27.400000000000002 9.200000000000001 17.6 11.8 6.800000000000001 48.6 14 19.200000000000003 23.400000000000002 45.6 5 17.2 0 97.60000000000001 51.400000000000006 17 15.8 66 13.200000000000001 0 0.4 0 0.4 0 0.2 0 0 0 0 0.6000000000000001 0.4 0 0 0.8 0.2 0 0 0 0 0.2 0 0.2 0.4 0.4 0 0 0.2 0.2 0.4 0.2 0.2 0.4 0.4 0.6000000000000001 0.2 0 0 0.4 0 0 0.2 0 0.6000000000000001 0 0 0 6.4 0.6000000000000001 0.6000000000000001 0 0 0 0 0 0.4 0 0 0 0 0 10.600000000000001 5.4 5 0 0 4.800000000000001 0 4.4 3.4000000000000004 3.6 7.4 8.4 4.800000000000001 0.2 2 6.4 2.8000000000000003 2 1 0 0 0 0 0 0 0 0 0 0 0 0 0 0 0 0 0 0 0 0 0 0 0 0 0.4 0 0 0.4 0 0 0 0 0 0 0 0 0 0 0 0 0 0 0 7 0 0 0 0 0 0 0 0 0 0 0 0 0 0 0 0 0 7.2 0 3.2 12.200000000000001 0.6000000000000001 5.6000000000000005 0 0 5.2 0.2 3.8000000000000003 3 0.4 1.8 0.2 1.4000000000000001 4.2 0.6000000000000001 6.6000000000000005 0 0 0 0 0 0 3.4000000000000004 0 0 0 0 0 0 0 0 0 0 0 0 0 0 0 0 0 0 0 0 0 0 0 0 0 0 0 0 0 0 0 0 0 0 0 0 4.6000000000000005 0 0 0 0 0 0 0 0 0 0 0 0 0 0 0 0 0 2.6 0 0 0 0 11 0 1 0.2 0 3 0 0 0 0 0 0 0 0 0 0.2 0 0 0 0 0 0 0 0 0 0.2 0 0 0 0 3.2 0 0 0 0 0 0 0 0 0 0 2.6 0 0 
 60 27.6 103.4 57 61.6 10.600000000000001 27.6 37.2 49 63.2 16.8 22.6 43 97.60000000000001 0 67.60000000000001 71.4 82.60000000000001 31.6 48.2 0 0.2 14.8 0.8 0 0 0 0 0 0.8 0.6000000000000001 0.8 0.2 0 0 0.2 0 0.2 0 0.2 0.4 0 0 0 0 0 0.2 0.2 0.2 0.6000000000000001 0 0 12.600000000000001 0 0.8 0 12.8 0 0 0 0 0 0 0.6000000000000001 0 0 0 0 0.6000000000000001 0.6000000000000001 0 0 0 0 0 0.4 0 0 0 0 0 4.2 0 6.6000000000000005 2 0 6.6000000000000005 0 4.4 3.2 3.8000000000000003 2.6 3 6 6.800000000000001 1.2000000000000002 13.8 2.2 0 6.2 0.4 0 0 0 0 0 0 0 0 0 0 0 0 0 0 0 0 0 0 0 0.4 0 0 0 0 0 0.6000000000000001 0 0 0 0 0 0 0 0 0 2.6 0 2.2 0 0 0 0 0.4 0 0 0 0 0 0.4 0.4 0 0 0 0 0 0 0 0 0.4 2.2 2.6 4.800000000000001 2.2 4.6000000000000005 1.8 9.8 2.8000000000000003 0 4.6000000000000005 6.6000000000000005 3.8000000000000003 0 0 0 3.2 1.4000000000000001 4.6000000000000005 0 6.2 0 0 0 0 0 0 0.4 0 0 0 0 0 0 0 0 0 0 0 1.6 0 0 0 0 0 0 0 0 0 0 0 0 0 0 0 0 0 4.800000000000001 0 0 0 0 0 0 0 0 0 0 0 0 0 0 0 0 0 0 0 0 0 0 0 0 0 0 0 0.2 0 17.8 0.2 0.6000000000000001 10 0.2 2.6 0 0 0 0 0 0 0 0 2.8000000000000003 0 0 0 0 1 0 0 0 0.4 0 0 0 0 0 0 2.6 0 0 0 0 0 0 0 0 0 0 0 0 0 
 48 18.6 30.6 32.800000000000004 19.6 16.2 43.6 28 35.4 87 58.2 6.2 53.2 51.400000000000006 67.60000000000001 0 33.4 25.400000000000002 31 55 21.6 0.4 0 0.4 0 0 0 0.4 0 0 0.6000000000000001 0.2 0.2 0 0 0 0.2 0 0 0 0 0 0 0.2 0 0 0 0 0 0.4 0 0.2 0 0.4 0.6000000000000001 0 0 0 0 0 0 0 0 0.6000000000000001 0 0 0 0 0.6000000000000001 0.6000000000000001 0 0 0 0 0 0.4 0 0 0 0 0 2.4000000000000004 9.600000000000001 3.2 2.2 2.8000000000000003 0 0 5.800000000000001 6 5.800000000000001 11.4 2.2 0.2 0 1.4000000000000001 3.6 13 0 1.6 3.8000000000000003 0 0 0 0 0 0 0 0 0 0 0 0 0 6.6000000000000005 0 0 0 4.800000000000001 3 0 0 0 0 0 0 0 5.800000000000001 0 0 0 0 0 0 0 0 0 0 0 0 0 0 0 0 0 3.4000000000000004 0 0 0 0 0 0 0 0 0 0 0 0 0 0 0 12.200000000000001 2.2 3.8000000000000003 5.800000000000001 3.4000000000000004 16.8 1.2000000000000002 0 1.4000000000000001 8.6 0 2.8000000000000003 0 0 6.2 5.6000000000000005 2.2 0 5.800000000000001 4.4 0 0 0 0 0 4.4 0 0 0 0 0 7.2 0 0.2 1 0 0 0 0 0 0 0 0 0 0.2 0 0 0 0 0 0.2 0 0 0 0 0 0 4.2 0 0 0 0 4.6000000000000005 0 0 0 0 0 0 0 0 0 2.6 0 0 0 0 0 0 0 1.2000000000000002 0 0 0 0.4 35.6 0 0 1.6 0 2.8000000000000003 0 0 0 0 0 0 0 0 0 0 0 0 0 0 0 0 0 0 0 0 0 0 0 0 3.6 0 0 0 0 0 0 0 0 0 0 0 0 0 
 48.2 40.2 11.8 28.200000000000003 97.4 31 6.800000000000001 40.6 25.200000000000003 47.400000000000006 36 12.4 48.2 17 71.4 33.4 0 24.6 26.6 11.600000000000001 3.2 0.2 0 1 0 0 15 0 0 0 0.6000000000000001 0.4 7.800000000000001 0 0.4 0.2 0 0 0 15 0 0 0 0.4 0 0 0 0 0 0.4 13.200000000000001 0 0 0 0.6000000000000001 4.800000000000001 0 0 0 0 0 0 0 0.6000000000000001 0 0 0 0 0.4 0.6000000000000001 0 0 0 0 0 0.4 0 0.2 0 0 0 4 10 6.6000000000000005 0 2.8000000000000003 0 0 0.2 12.8 15.8 0 2.4000000000000004 7.2 1.4000000000000001 2 5.800000000000001 0.8 0.4 1.2000000000000002 0 0 0 0 0 0 0 0 0 0 0 0 0 2 2 0 0 0 9 0 0 0 0 0 0 0 0 0 0 0 0 0 0 0 0 0 0 0 0 0 0 0 0 0.4 0 0 0 0 0 0 0 0 0 0 0 0 1.6 0 0 0 2.2 0 7 7.6000000000000005 3.8000000000000003 4.4 1.4000000000000001 0 16 3.2 0 0.2 0 3 0 0.4 0.8 3.2 0 2 6.800000000000001 0 0 0 0 0 0.2 4.4 0 2.8000000000000003 0 0 0 0 0 0 0 0 3.2 0 0 0 0 0 0 0 0 0 0 2.4000000000000004 0 0 0 0 0 0 0 0 0 0 0 0 0 0 0 0 0 0 0 0 0 0 0 0 0 0 0 0 0 0 0 2.2 0 0 0 0 1 0 17.400000000000002 0.6000000000000001 3.2 1.8 4.2 0 0 0 0 0 0 0 0 0 0 0 0 0 0 0 0 0 0 0 0 0 0 4.4 0 0 0 0 0 0 0 0 0 0 0 0 0 0 
 9 12.600000000000001 53.400000000000006 27.400000000000002 27.6 72.60000000000001 6.2 22.6 46.800000000000004 54 45 56.6 89.4 15.8 82.60000000000001 25.400000000000002 24.6 0 8.4 47.6 0.4 0.4 0 0.6000000000000001 0 0 0 0 0 1.2000000000000002 0.6000000000000001 1.2000000000000002 0.4 0.4 0 0.2 0 0 14.600000000000001 1.2000000000000002 0 0.8 0 0.4 0 0.8 0 1.2000000000000002 0 0.4 0 0 0 0 0.6000000000000001 0.4 0 0 0 0 0 0.2 1.2000000000000002 1.8 0 0 0 0 1.4000000000000001 0.6000000000000001 0 0 0 0 0 0.4 0 0 0 0 0 1.8 6 6 8.6 3 0 0 0 10.600000000000001 6.2 4.4 0.8 3.8000000000000003 0.2 0 8.200000000000001 6 0 4.4 0 0 0 0 0 0 0 3.2 0 0 0 0 0 0 2.2 0 0 0 5.800000000000001 0 2 0 0 0 0 0 0 0 0 0 0 0 0 0 0 0 0 0 0 0 0 0 0 0 0 0.4 0 3.6 0 0 0 0 0 0 0 1.2000000000000002 0 0 0 0 0 3.4000000000000004 3 6 8.6 2.2 1 0 1.4000000000000001 3.4000000000000004 0 0 0 0.2 0 0.6000000000000001 5.4 8.8 0 2 2 0 0 0 0 0 0 2.8000000000000003 0 0 0 0 0.2 0 0 0.2 0 0 16 4.6000000000000005 0 0 0 0 0 0 0 0.6000000000000001 0 0 0 0 0 0 0 0 0 0 0 0 0 0 0 0 0 0 0 0 0 0 0 0 0 0 0 0 0 0 0 0 0 5.800000000000001 0 0 0 0 0.6000000000000001 0.6000000000000001 17.400000000000002 0.6000000000000001 2 1.6 4 0 0 0 0 0 0 0 0 0 0 0 0 0 0 0 0 0 0 0 0 0 0 2 0 4.4 0 0 0 0 0 0 0 0 0 0 0 0 
 25.400000000000002 10.200000000000001 30.400000000000002 22.400000000000002 60 12 31.400000000000002 36.4 36.2 62.2 19 29 24.200000000000003 66 31.6 31 26.6 8.4 0 67 0 0.6000000000000001 0 0.8 0 0 0 0 0 0.2 0.6000000000000001 0.2 0.2 0.4 0 0 0 33.800000000000004 0 0 0 0 0 0 0 0 0 0 0 0.4 0.2 0 0 0 0.6000000000000001 0 0 0.4 0 0 0 0 0 0.6000000000000001 0 0 0 0 0.6000000000000001 0.6000000000000001 0 0 0 0 0 0.4 0 0 0 0 0 1.6 0 1.6 0 0 2.2 0 8.4 6.2 0 0 9.8 9.4 2.6 5.2 1.8 3.8000000000000003 4.800000000000001 6.2 0 0 0 0 0 0 0 0 0 0 0 0 0 0 0 0 0 0 0 0 0 0 0 0 0 0 0 0.4 0 0 0 0 0 0 0 0 0 0 0 0 0 0 0 0.4 0 0 0 0.2 0 0 0 0 0 0 0 0 0 0 0 0 2.2 0.8 4 0.2 0.4 6.4 8.8 4.2 0 2.8000000000000003 3.6 0 0.8 0 0 0 1.8 2 0 3.6 0 0 0 0 0.4 0 0 0 0 0 0 0 0 0 2.2 0 0 0 0 0 0 0 0 0 0 0 1 0 0 0 0 0 0 0 0 0 0 0 0 0 1.2000000000000002 0 0 0 0 0 0 0 0 0 0 0 0 0 0 0 0 0 0 0 0 0 0 0 0 0 0.4 0 0.6000000000000001 9.600000000000001 0 2.6 0 0 0 0 0 0 0 0 0 0 0 0 0 0 0 0 0 0 0 0 0 0 0 0 4.4 0 0 0 0 0 0 0 0 0 0 0 0 0.4 
 5 27.6 27.8 11.8 15 14.4 11 64.2 21.200000000000003 97.60000000000001 14.200000000000001 22.200000000000003 10.200000000000001 13.200000000000001 48.2 55 11.600000000000001 47.6 67 0 0.4 0.6000000000000001 1 1.4000000000000001 0 0.4 0 0 0.2 0 1.8 1.6 0.6000000000000001 0 0.8 0.2 1.4000000000000001 0.2 0.2 0 0 0.6000000000000001 0.6000000000000001 0 0 0 0 0 0 0.4 0 0 0 0 0.6000000000000001 0 0 0 0 0 0 0 0 0.6000000000000001 0 0 0 0 0.6000000000000001 0.6000000000000001 0 0 0 0 0.4 0.4 0 0.8 0 0 4.2 0.6000000000000001 5.2 2.2 4.4 0 2.8000000000000003 2.4000000000000004 7.6000000000000005 2 0 1.6 7.6000000000000005 5.6000000000000005 4.6000000000000005 1.8 0 2 2.4000000000000004 6.2 0 0 0 0 0 0 0 0 0 0 2.8000000000000003 0 0 0 0 0 0 0 0 0 0.2 0 0 0 0 0 0 0.2 0 0 0 0 0 0 0 0 0 0 0 0 0 0 0 0.4 0 0 0 3 0 0 0 0 0 0 0 2.6 0 0 0 0 16.8 2.4000000000000004 3.4000000000000004 0.4 2.2 0 1.6 1.6 4.800000000000001 0 3 0.2 0.4 2.8000000000000003 2 2.4000000000000004 0.2 0 6.4 0.2 0 0 0 0 0 0 0 0 0 0 0 0 0 0 0 0 0 0 4.6000000000000005 0 0 0 0 0 0 0 0 0 0 0 0 0 0 0 0 0 0 0 0 0 2 0 0 0 0 0 0 0 0 0 0 2.8000000000000003 0 0 0 0 0 0 0.6000000000000001 0 0 0 0 0 0 0.4 0 0 0.8 0.6000000000000001 0 0.4 0 0 0 0 0 0 0 0 0 0 0 0 0 0 0 0 0 0 0 0 0 0 0 1.8 0 0 0 0 0 0 0 0 0 0 0 0 0 0 
 0 0.2 0.2 0 0 0 0 14.4 0 0 0.2 21.400000000000002 0 0 0 21.6 3.2 0.4 0 0.4 0 41.800000000000004 58.800000000000004 72.4 6.4 56 23.8 16.400000000000002 40.2 100.60000000000001 52.6 64.4 84.2 40.800000000000004 44 84.60000000000001 22.6 11.600000000000001 27.400000000000002 43.400000000000006 0 0.8 0.2 0.2 0 0.4 0 1 0 0 0.6000000000000001 0 1.6 0 0 5.2 0 0 0.6000000000000001 41 0 0 0.6000000000000001 0.8 0 0 0.6000000000000001 0 0.4 0 0 0.4 0 0.6000000000000001 0 0 0.2 0.2 0 0 0 0 0 0 0 1.8 0.2 0 0 0 0 0 0 0 0 0 0 0 0 0 0 7.6000000000000005 4 10 3.8000000000000003 2.6 0 2 5.6000000000000005 0 6.6000000000000005 2.6 4.800000000000001 4 3.4000000000000004 1.6 6.2 2 0.2 0.4 0 0.2 0 0.2 0.2 0 0 0 0 0 0.2 0 0 0 0 0 0 0 1.6 0 0 0 0 0 0 0 0 0 0 0 0 0 0 0 0 0 0 0 0 0 0 0 0 0 0 0.4 0 0 0 0 0 0 0 0 0 0 0 0.8 0 0 5.4 0 2.2 0 2.2 0 0 3.8000000000000003 3 11.600000000000001 3.4000000000000004 3.2 0.4 1.8 6 5.2 5.800000000000001 2 2 2 0 0.4 0 0 0 0 0.6000000000000001 0.2 0 0 0 0 1.4000000000000001 0 0 0.4 0 0 0 4.2 0 0 0 0 0 0 0.4 0 0 0 0 0 0 0 0 0 0.2 0 0 0.2 0 0 0 0 0 0 0 0 0 0 0 0 0 0 1.2000000000000002 0.2 0 0 0 0 0.6000000000000001 0 0 0 0 0 0 0 0 0 0 0 0 0 0 0 0 0.4 0 2.2 0 2 0 0 0 2.2 0 0 0 0 
 0.4 0.2 0.2 0.4 0.4 0.4 1.2000000000000002 0.2 15 0.4 0.4 1.4000000000000001 0 0.4 0.2 0.4 0.2 0.4 0.6000000000000001 0.6000000000000001 41.800000000000004 0 53.400000000000006 14.600000000000001 52.2 7.6000000000000005 11.600000000000001 14.4 20 6.6000000000000005 6.800000000000001 7.6000000000000005 8.6 25.8 27.8 11.8 37.800000000000004 9 9.8 7.2 0 0.4 0 0.2 0 0 0 0.4 0.2 0.2 0.6000000000000001 0.4 0.6000000000000001 0 0 0.4 0 0 0.6000000000000001 0.6000000000000001 0 0 0 0 0 0 0.6000000000000001 0 0 0 0.6000000000000001 0.4 0 0.8 0 0 0.2 0 0 0 0 0 0 0 0 0 0 0 0 0 0 0 0 0 0 0.2 0 0 0 0 0 5 0.4 3.8000000000000003 3.4000000000000004 5 0 8.8 3.8000000000000003 0 17.8 1.8 0 0 4.4 0 3 4.6000000000000005 0 0 2.6 0 3.2 0 0 0 0 0 0 0 0 0 0 0 0 0 2.8000000000000003 0.4 0 0 0 0 0.2 0 0 0 0 0 0 0 0 2.4000000000000004 0 0 0 0 0 0 0 0 5.2 0 0 0 0 0 0 0.2 0 0 0 0 0 0 0 0 0 0 0 0.2 3.8000000000000003 2.2 8.200000000000001 0.2 2 1.8 0 3.6 0 12 2.4000000000000004 0 0 0 2.4000000000000004 2.8000000000000003 1.4000000000000001 0.4 0 0 0 4.800000000000001 0 0 0 0 0 0 0 0 0 0 4.800000000000001 3.2 0.4 0 0 0 0 0.6000000000000001 0 0 1.8 0 0 0 4.2 0 0 0 0 0 0 0 0 0 3.2 0.2 0 0 0 0 0 0 0 0 0.4 0 0 0.2 0 0 0 0 1.4000000000000001 0 0.4 15.4 0.4 0 0.4 0 0 0 0 0 0 0 0 0 0 0 0 0 0 0 0 0 0 0 0 0.2 0 0 0 0 4.2 7.2 0 0 
 0.4 0 0 0 12.4 0 0 0 0 0 0 0 0 0 14.8 0 0 0 0 1 58.800000000000004 53.400000000000006 0 20.6 12.200000000000001 98.2 45.400000000000006 21.8 58.800000000000004 32 8.6 23.6 50.6 78.80000000000001 23 12.200000000000001 16.6 40.800000000000004 9.8 23.200000000000003 0 0.4 0.4 0.4 0 0 0 0.4 0 0 0.6000000000000001 0 1.8 0 0 0.4 12.600000000000001 1.4000000000000001 0.6000000000000001 0.4 0 0 0 0 0 0 0.6000000000000001 0 0 5.6000000000000005 0 0.4 0 0.6000000000000001 0 0 0.8 0 0.4 0 0 0 0 0 0 1.8 0 0 0 0 0 0 0 0 2.4000000000000004 0 0 0 0 0 0 11 1.4000000000000001 15.200000000000001 9.600000000000001 7 10.8 1.2000000000000002 2.2 1.6 1.6 2.4000000000000004 6 10 0 0 4.2 3.6 2.4000000000000004 5 0 0 1.4000000000000001 0 0 0 0 0 0.4 0 0 0 0.2 0.2 0 0 0.2 0 0.2 0 0 0 0 0 0 0 0 0 0 0 0 0 0 0 0 0 0 0 0 0 0 0 0 0 0 4.6000000000000005 0 0 0 0.4 0 0 0 0 0 4.2 2.6 0 0 0 11.600000000000001 5.800000000000001 5 0.2 1 1.8 0 4.6000000000000005 0 4.800000000000001 8 2.6 0 4.6000000000000005 2.2 2.8000000000000003 2.4000000000000004 3.8000000000000003 0 0 0 3.4000000000000004 0 0 0 0 0 0 0 0.2 0 0 4.2 0 0.4 0 0 0 0 0 0 0 0 0 0 0 0 0 0 0.4 0 0 0 0 0 0 0 0 0 0 0 0 0 0 0 0 0 0 0 0 0 0 0 0 2.2 0 0.4 16 0 0 3 0.4 0 0 0 0 0 0 0 0 0 0 0 0 0 0 0 0 0 0 0 0.2 0 0 0 0 4.4 0 0 0 
 0.4 0.4 0.4 0.6000000000000001 0.4 0.4 0.4 13 0.4 7.800000000000001 0.4 0.4 0.6000000000000001 0.4 0.8 0.4 1 0.6000000000000001 0.8 1.4000000000000001 72.4 14.600000000000001 20.6 0 19.400000000000002 24.200000000000003 22 73.4 15.8 109.2 16.6 81.60000000000001 14.600000000000001 17.6 17 88 13.600000000000001 65.2 25.6 12.200000000000001 13.200000000000001 0.4 0 0.2 0 0 12.600000000000001 0.4 0.2 0 13 0 14 0 12.8 0.4 0 41.800000000000004 13 1.6 0 0 0 0 0 0 0.6000000000000001 0 0 0 0 0.4 0 0.6000000000000001 0 0 0.2 0.2 0.4 0 0 2.4000000000000004 0 0 0 0 0 0 0 0 0 0 0 2 0 0 0 0 0 0 2 0.2 0.2 2.4000000000000004 5 2.2 0 0 4 9.4 0 0.2 0.2 0 0 3 0.2 2.2 0 0 2.4000000000000004 0 0 0 0 0.2 3.6 0 3.4000000000000004 3 2.6 0 8 0 0 0 0 3.4000000000000004 2.2 3.8000000000000003 0 0 0 0 0 0 0 0 0 0 0.6000000000000001 0 0 0 0.2 0 0 0 0 0 0 3.8000000000000003 0 0 0 0 0 0 0 0 0.4 0.2 0 2.2 0 0 1.6 0 0 2 2 0 0 3.8000000000000003 0 4.4 0 0 2 0 2 2 0 2.8000000000000003 0 0.4 1.6 1.4000000000000001 0.2 1.8 2.6 1.8 0 0 0 0.2 4.800000000000001 0 2 0 0 0 0 1.2000000000000002 2.8000000000000003 0 0 0.2 5.4 1.8 0 0 0 0 0.4 0 0 2.6 0 0 0 0 0 0 0 0 0 0 0 0 0 0 0 0 0 0 0 0 0 0 0 0 0 0 1.4000000000000001 0.2 0 20.400000000000002 16.400000000000002 0.4 1.2000000000000002 0 0 0 0 0 0 0 0 0 0 0 0 0 0 0 0 0 0 2.2 0 0 0 0 0 2.2 0 0 0 0 
 0 0 0 0 0 0 0 0 0 0 0.6000000000000001 0 0 0 0 0 0 0 0 0 6.4 52.2 12.200000000000001 19.400000000000002 0 32.4 6.800000000000001 30 62.2 16.8 63.6 12.200000000000001 32.4 26 36.2 18.8 21.6 27.8 12.4 14.4 0 0.4 0 0.4 0 0 14.4 0.4 0.6000000000000001 0 0.6000000000000001 0 15.200000000000001 0 0 0.8 0 0 0.6000000000000001 0.4 0 0 0 0 0 0 0.6000000000000001 0 0 0 0 0.4 0 0.6000000000000001 0 0 0 0 0.2 0 0.4 0 0 0 0 0 0 0 0 3.4000000000000004 0 11.600000000000001 0 0 0 0 0 0 0 0 1.4000000000000001 2.8000000000000003 4 3.6 1 6.800000000000001 0.2 15.600000000000001 3.8000000000000003 0 15.600000000000001 4.800000000000001 0 0.2 2.6 2 3 3.2 0 0 1.4000000000000001 2 1.6 0 0 0 3.8000000000000003 0.2 0 0 0 3 0 0 0 0 1.2000000000000002 0 1.6 5.2 0 0 0 2.6 0 0 0 0 0 0 0 0 0 0 0 0 0 0 0 0.6000000000000001 0 0 0 0 0 0 0 0 0 0 0 0 0 0 0 0.2 0 0.4 0 0 0 0 5.4 4.4 4.6000000000000005 1.2000000000000002 0 3.6 5.800000000000001 9.4 8.6 1.6 0 0 2.8000000000000003 0 3 2.2 0 0.4 0 2.4000000000000004 0 1 0 0 0.6000000000000001 0.4 0 0 0.4 0 6.2 7 7 0 0 0 2.8000000000000003 11.4 0 0 0 0 0 0 2.8000000000000003 0 0.2 0 0 0 0 0 0 0 0 0 0 0 0 0 0 0 0 0 0 0 0 0 0 0 0 0 2.2 0.4 0.2 1.8 0.8 0 0.8 1.4000000000000001 0 0 0 0 1.4000000000000001 0 0 0 0 0 0 0 0 0 0 0 0 0 0 5 0 0 0.2 0 2.6 0 0 0 
 0 0.2 0 0 0 0 0 0 0 0.4 0.6000000000000001 0.6000000000000001 0 0.2 0 0 0 0 0 0.4 56 7.6000000000000005 98.2 24.200000000000003 32.4 0 7.2 22.6 38.800000000000004 9.8 33.4 14.4 12.8 103.4 22.8 38 99.4 44 10.200000000000001 14.8 0 0.4 10.8 0 0 0 8.4 0.4 12.600000000000001 0 42.800000000000004 0 16 0 0 14.600000000000001 0 0 36.6 52.800000000000004 0 0 0 0 0 1.6 0.6000000000000001 0 0 0 0 0.4 0 0.6000000000000001 0 0 0 0 0 0 0 0 0 0 0 0 0 0 0 0 0 0 0 0 0 0 0 0 0 0 0 0 2.4000000000000004 3.8000000000000003 1.2000000000000002 2 0 1.4000000000000001 0 1.8 10.4 0 0 1.8 0 6.2 1.2000000000000002 1.8 0 0 7 0 2.6 0 0 2.6 6 0.2 0 0 0 0 0.2 0 2.4000000000000004 0 2.8000000000000003 0.4 3.4000000000000004 10.8 0 0 0 0 0 0 0 0 0 0 0 0 0 2.4000000000000004 0.6000000000000001 0 0 0 0 2 0 0 0 0 0 0 0 0.2 0 0 0 0 0 0 0 0 0 1 0 0.2 0 0 8 1.2000000000000002 4.800000000000001 1.8 0 0 0.2 14.200000000000001 3 4.2 0 0 0 2.4000000000000004 5 7.4 0 0 6.4 2.2 0 0 0 0 3 2.2 0 7.2 0 0 5.4 6.800000000000001 7.2 1.6 0 0 3.4000000000000004 5.4 0 0 0 0 0 0 0 0 0 0 0 0 0 0 0 0 0 0.2 0 0 0 0 0 0 0 0 0 0 0 0 0 0 0 0 1.4000000000000001 0 0.2 15 20.8 0.2 1.2000000000000002 0.2 0 0 0 0 0 0 0 0 0 0 0 0 0 0 0 0 0 0 0 0 0 0 0 0 0 0 0 0 
 0 16.8 0 0 3.6 12.600000000000001 0 0.4 0 0 0 12 0 0 0 0 15 0 0 0 23.8 11.600000000000001 45.400000000000006 22 6.800000000000001 7.2 0 52.2 65 24.200000000000003 24.8 20.8 52.800000000000004 24.400000000000002 10.8 21.400000000000002 8.4 20 46.2 65 0 0.4 0 0.2 0 40.2 0 0.4 0 0.6000000000000001 8 0.2 3.6 0 0.4 0.8 1 0 12.8 0.4 0 0.4 0.4 0.4 0 0 0.6000000000000001 0.2 0.4 0.6000000000000001 0 0.4 0 1.2000000000000002 0.6000000000000001 0.6000000000000001 0.4 0.4 0.6000000000000001 0 0 0 0 2.6 0 4.800000000000001 0 0 0 0.2 0.2 0 0 0 0 0 0.8 0 0 0 2.6 5.6000000000000005 0 0 0 0.2 0.2 1.6 4.800000000000001 0 2.2 1.4000000000000001 1.6 9.8 4.6000000000000005 0.2 3.6 0 4 1.6 0 0 0 0 0 0 0 0 0 0 0 0 0 0 0 0 0 0 0.2 0 0 0 0 0 0 0 0 0 0 0 0 0 0 0 0 0 0 0 0 0 0 0 0 1.6 0 5.2 0 2 0 0 0 0 0 0 0 0 0 0 0 0 0.2 2 5 0 4.2 7.2 2 2.4000000000000004 1.8 2.2 2 2.2 4.800000000000001 8 2 0 0 0 0 0.2 1 0 0 0 3.8000000000000003 0 0 0 0 0 0 0 0 0 0 0 0 0 0 0 0 0 0 0 0 0 0 0 0 0 0 0 0 0 0 0 0 0 0 0 0 0 0 0 0 0 0.2 0 0 1.4000000000000001 0.6000000000000001 0 0.2 0 1 0 0.4 12.4 0 0 0.2 0.4 0 0 0 0 0 0 0 0 0 0 12.200000000000001 0 0 0 1.8 0 0 0 0 1.2000000000000002 0 0 0 0 0 0 0 0 
 0 0 0 12.4 0.2 0.6000000000000001 0 0.4 0 15.4 0.2 26.6 0 0 0 0.4 0 0 0 0 16.400000000000002 14.4 21.8 73.4 30 22.6 52.2 0 65 12 5.800000000000001 40.400000000000006 24.400000000000002 15.600000000000001 34 15.200000000000001 65.2 13 119 43.6 0 0.6000000000000001 0 1 0 40.6 0 0.4 0 0 1 0 0.4 0 0 0.4 0 0 0.6000000000000001 0.4 0 0 0 0 0 0 0.6000000000000001 0 0 0 0 0.4 1.4000000000000001 1 0 0 0 0 1.4000000000000001 0 0 0 0 0 2.2 0.2 0.2 0 0 0 0.6000000000000001 0 0 0.4 0.2 0 0 2 0 0 5.6000000000000005 4.800000000000001 1.8 0 0 0 4.800000000000001 0 4.4 0.2 4.800000000000001 1.8 2.6 0 5.4 2.8000000000000003 6 0 0 0.2 0 0 0.2 0 0 0 0 0 0 0 0 2.8000000000000003 0 0.2 0 0 0.2 0 3.6 0 0 0 0 0 0 0 0 0.2 0 0 0 0 0.4 0 0 0 8.200000000000001 0 0 0 0 0 0 0 0 0.4 0 1.4000000000000001 1.4000000000000001 0 0 1 0 0 0.4 0 0 0 0 0 0 3.8000000000000003 9.200000000000001 0 10 0 4.2 0 2.2 1.8 2.8000000000000003 2.2 8.6 7.2 0.2 0.2 0 1.4000000000000001 0 7.4 0.2 0 0 0 0 0 0 0 0 0 0 0 2.2 0 0.2 0 0 0 0 0.2 0 0 1 0 0 0 0 0 0 0 0 0 0 0 0 0 0 0 0 0.4 0 0 2 0 0 0 0 0 0 1.6 0 0.4 0 0 1.4000000000000001 0.2 0 15.600000000000001 0.4 0 0 5 0.2 0 0 0 0 0 0 0 0 0 0 0 0 0 2 0 0 0 0 0 0 0 0 0 0.2 0 0 0 
 0 0.2 0 0 0 0 0 0.4 0 0 0 0 17.8 0 0 0 0 0 0 0.2 40.2 20 58.800000000000004 15.8 62.2 38.800000000000004 65 65 0 29.6 33.800000000000004 20.8 25.6 63.6 31.200000000000003 31.400000000000002 32.6 9.200000000000001 17 40.6 12.600000000000001 0.6000000000000001 0 0.2 0.4 41.6 14 0.4 1.8 0 0.8 0 0.6000000000000001 0 0 0.4 0 0 0.6000000000000001 0.6000000000000001 0 0 0 0.4 0 0 0.6000000000000001 0 0 0 0 0.8 0 0.8 0 0 0 0 0 0 0 0 0 0 0 0 0 0 0 0 0 0 0 0 0 0 0 0 0 0 7.6000000000000005 2.2 6.800000000000001 2 5 2.2 0 2.8000000000000003 5.800000000000001 2.4000000000000004 5.800000000000001 7 0 2.4000000000000004 4.6000000000000005 2.4000000000000004 10.200000000000001 9.4 0 0.2 0 0 0 0 0 0 0.2 0 2 0 0 0 7.6000000000000005 0.2 0 0 0 0 7.2 0 1.6 0 0 0 0 0 0 0 0 0 0 0 0 0 0 0 0 0 0 0.4 0 0 0 0 0 1.8 0 0 0 0 0 0.6000000000000001 0.4 0 0 0 0 0.4 0 0 2.4000000000000004 1.4000000000000001 4.800000000000001 2.2 4.2 2.2 0 8.4 6.4 5 0 1.8 0 0 1.8 0 2.6 8.4 0.2 0 0.2 0 3.6 0 0 0 4.6000000000000005 0 0 0 0 1.2000000000000002 6.2 0 2.8000000000000003 0 0 2.4000000000000004 1.8 6 0 0 0 0 0 0 0 4 0 0 0 0 0 0 0 0.4 0 0 0 0 0 0 0 0 0 0 0 0 0 0 0 0 0 0 1 0 0 0 0 0 0 2.4000000000000004 0 0 0 0 8 0 0 0 0 0 0 0 0 0 0 0 0 0 0 0 0 0 0 0 0 0 0 0 
 0 0 0 0 14.8 0 0 0 0 0 0 0 0.2 0 0.8 0 0 1.2000000000000002 0.2 0 100.60000000000001 6.6000000000000005 32 109.2 16.8 9.8 24.200000000000003 12 29.6 0 30.8 10.4 23.6 37 21 32.4 31.200000000000003 9.600000000000001 13.200000000000001 34.800000000000004 0 0.4 0 3.6 0 0 0 0.4 0 0 13.4 0 1.8 0.4 0 0.4 0 0 5 0.4 0 0 0 0 0 0 0.6000000000000001 0 0 0 0 0.4 0 0.6000000000000001 0 0 0.2 0 0 0 0 0 0.2 0 0 3.8000000000000003 0 0 0.2 0 0 0 0 0 0 0 0 0 0 0 3.2 2.2 1.6 6.4 0.2 2 2.8000000000000003 2.2 5.2 3.6 0 2.6 3 4.6000000000000005 0 0 3 1.8 1.8 7 0 1.8 0 0 0 0 4.6000000000000005 0 0 0 0 0 4 0 0 0 0 4.4 0 5.4 0 0 0 0 0 0 0 0 0 0 0 0 0 0 0 0.2 0 0 0 0 0 0 0 0 0 3.8000000000000003 0 0 0 0 0.2 0.2 0 0.2 0 0 1 0 0 0 4.800000000000001 0 13.200000000000001 1 0 5.2 0.2 2.4000000000000004 0.4 0.2 5.4 1.8 0 13.4 4.800000000000001 4.2 3 0 0.8 0.8 0 0 0 0 0.2 0 0 0 0 0 0 0 0 0 5.2 0 0 0 6.2 0 0 0 0 0 0 0 0 0 0 0 0 0 0 0 0 0 0 0 0 0 0 0 0 0 0 0 0 0 0 0 0 0 0 0 2.6 0.4 0.4 0.2 0.8 0.4 0 0 0 0 0 0 0 0 0 0 0 0 0 0 0 0 0 0 0 2 0 2.2 0 0 0 2 0 0 0 0 
 0.6000000000000001 1.4000000000000001 1.2000000000000002 0.6000000000000001 0.8 0.6000000000000001 1.2000000000000002 0.4 0.6000000000000001 0.6000000000000001 0.6000000000000001 0.6000000000000001 0.6000000000000001 0.6000000000000001 0.6000000000000001 0.6000000000000001 0.6000000000000001 0.6000000000000001 0.6000000000000001 1.8 52.6 6.800000000000001 8.6 16.6 63.6 33.4 24.8 5.800000000000001 33.800000000000004 30.8 0 25.200000000000003 4.6000000000000005 40 46.2 88.2 17.400000000000002 31 9.200000000000001 25 4.2 0.4 0 0.4 0.6000000000000001 0 5.4 12.8 0.2 0.6000000000000001 0.6000000000000001 0 0.6000000000000001 0 0 1.2000000000000002 0.4 0.6000000000000001 0.6000000000000001 0.8 0 0 0 0 0 0.2 0.8 0.2 0 0.6000000000000001 0 1 0.4 0.6000000000000001 0 0 1.2000000000000002 0 0.4 0 0 0 1.4000000000000001 0 0 0 0 0 0 0 0.4 0 0 0 0 0 0 0 0 0 5.2 3.4000000000000004 4.2 6.2 8.4 3 0 1.8 5.4 4.800000000000001 10.600000000000001 3.4000000000000004 0 1.2000000000000002 5.800000000000001 3 2.6 0.6000000000000001 0 0 0 0 0 0 0 0 0.2 0 0 0 0 0 2 1.6 0 0 0 0 7.800000000000001 0 0 0 0 0 0 0 0 0 0 0 0 0 0 0 0 0.4 0 0 0 0 0.2 0 0 0 0 0 0 0 0 0 0 0 0 0 0 0 0 1.2000000000000002 0 0 6 0.2 10.600000000000001 8.200000000000001 4.4 3.8000000000000003 1 4.6000000000000005 7.4 4.2 0.2 4.800000000000001 0 0 2.6 0 2.2 10.8 0 0 0.2 0 3.8000000000000003 0 0 0 5.2 0 0 0 0 0 7.2 0.4 4 0 0 0.4 2 4.6000000000000005 0 0 0 0 0 0.2 0 0 0 0 0 0 0 0 0 0 0 0 0 0 0 0 0.2 0 0 0.4 0 0 0 0 0 0 0 0 2 0 0.4 0.2 0 0 0.8 2.4000000000000004 0 0 0 0 1.8 0 0 0 0 0 0 0 0.4 0 0 0 0 0.2 0 0.4 0 0 0 0.2 0 0 0 0 
 0.4 0.4 0.8 0.4 0.4 0.2 0.4 0.8 0.4 9.200000000000001 0.2 0.2 0.4 0.4 0.8 0.2 0.4 1.2000000000000002 0.2 1.6 64.4 7.6000000000000005 23.6 81.60000000000001 12.200000000000001 14.4 20.8 40.400000000000006 20.8 10.4 25.200000000000003 0 49.6 6 51.6 67.8 17.8 80 22.400000000000002 15.4 0 12.8 0 0.6000000000000001 0 0 0.2 0.4 0.2 0 0.6000000000000001 0 0.6000000000000001 0 4 15.200000000000001 0 0 22.8 14.600000000000001 0 0 0 0 0 0 1 0 0 0 0 0.4 0 0.6000000000000001 0 0 0 0.2 2 0 0 0.2 0 0 0 0 0 0 0 0 0 0 0 0 0 0 0 0 0 0 0.2 0 0 0 0 2.6 2.4000000000000004 5 5.2 0.2 3 1.8 0 0 2.2 0 4.6000000000000005 0 0 0.2 0 1.8 0 0 0 0 8.4 0 0 1 0 0 4.2 0 0 0 0 4 3.2 6 0.2 0 0 0 0 0 0 0 0 0 0 0 0 0 0 0 0 0 0 0 0 0 0 0 0 0 0 0 0 0 0.2 0 0 0.2 0 0 1 0 0 0 0 4.2 3.2 7 5 4 0 0 0 1.8 5.800000000000001 0.2 0 3.2 0 0 0 0.2 0 0 0 0 0 0 0 0 0.2 0 1.2000000000000002 0 0 0 0 0 7.800000000000001 0 0 1.6 7.4 0 0.2 0.2 0 0 0 0 0.2 0 0 0 0 0 0 0 0 0 0 0 0 0 0 0 0 0 0 0 0 0 0 0 0 0 0 0 1.2000000000000002 0.4 0.8 0.6000000000000001 0.4 0.4 1 2.8000000000000003 0 0 0 0 0 0 0 0 0 0.2 0 0 0 0 0 0 0 0 0 1.8 0 0 0 0 0 0 0 0 
