 0 29.200000000000003 14.8 31.8 23.8 58.6 35.4 28.6 13.200000000000001 23 16.8 43.2 50.6 36.6 46.6 52 22.6 30.200000000000003 9.8 13.8 1.2000000000000002 1.2000000000000002 1.2000000000000002 0 0 0 0.2 1.2000000000000002 0.6000000000000001 0 0 0 0.4 0.4 0.4 0 0.4 0.4 0 0.2 0.4 0.6000000000000001 0.8 0.4 0 0 15.200000000000001 0.6000000000000001 0.8 0.4 0 0 0.6000000000000001 0.6000000000000001 0.6000000000000001 0.4 0.2 0.4 0.4 1.2000000000000002 0.4 0 0.4 0 1.2000000000000002 0.2 0 0 0.4 0 1.4000000000000001 1 0.4 0 2 0 0.4 0.6000000000000001 0 0 2 6.2 4 3.4000000000000004 0 0 3.2 0 0.2 0 5.2 8.6 2.2 8.8 2 6.6000000000000005 6 0 1.2000000000000002 4.800000000000001 0 0 0 0 0.4 0 2 0 0 0 0 0 2.6 2 0 0 0 0 7.800000000000001 10 0 0 0 0 0 0 0 1.8 0 2.2 0 0 3.2 0 0 0 0 0 0 0 3.4000000000000004 0 0 0 0 0 0 0 0 0 0.2 0.4 0 0 0 0 0 0 0 0 0.2 0 8 2 0 0 7.4 4.6000000000000005 0 1.4000000000000001 0 0 0 2.8000000000000003 0 2.8000000000000003 3.6 7.4 2.4000000000000004 3.4000000000000004 0 0 0 0 0 0 0 0 0 0 0 0 0 0 0 0 0 0 0.6000000000000001 2.4000000000000004 0 0 0 0 0 0 0 0 0 0.2 0 0 0 0 0 0 0 0 0.4 0 0 0 0 0 0 0.2 0 0 0.4 0 0 0.4 0 0 0 0 0 0 0 0 0 0 0 0 0 0.4 0.2 0.4 0.6000000000000001 0.4 0 3.8000000000000003 0.4 0.6000000000000001 0 0 0 0 0 0 0 0 2 0 0.2 0 0 0 0 0.4 0 0 0 0.4 0 0 2.6 0 0 0 0 0 0 0 0 0 0 0 0 0 
 29.200000000000003 0 59.800000000000004 64.8 49.400000000000006 39.6 13.8 38.2 62 11.200000000000001 16.2 24.400000000000002 19 13.200000000000001 21 25.400000000000002 23.6 62 11 25.400000000000002 0.6000000000000001 0 0.6000000000000001 0 4.800000000000001 0 0.2 0 0 0 0 0 0 0 0 0 0.4 0 30.6 0 3.6 0 0 0 0 0 1 0 0 0 0.6000000000000001 0 0.6000000000000001 0 0 0 0 0.6000000000000001 0.4 0.6000000000000001 0.4 0 0 0 0.6000000000000001 0 0 0 0 0 0.6000000000000001 0.4 1.6 0 0 0 0 0 0 0 0 1.8 0 6 5.4 0 0.2 6 8.8 0 6.800000000000001 0 0 0.2 5.6000000000000005 6.6000000000000005 4.4 8.4 0 0 2.6 0 0 0 0.4 0 7.2 0 0 0 0 0 2.8000000000000003 3.8000000000000003 2.2 9 0 0 5.800000000000001 4.2 0 0 0 0 0 0 0 1.4000000000000001 0 0 0 0 0 0 0 0 0.2 0 0 0 1.8 0 0 0 0 0 0 0 0 0 0 0 0 0 0 0 0 0 0.8 0 1.6 2 0 5.4 1.8 3.2 0 3.2 0 0 6.6000000000000005 3.8000000000000003 0 6.4 0 2 3.8000000000000003 9 0 0 3.2 0 0 0 0 0 4.800000000000001 0 0 0 0.4 0 2.4000000000000004 0 0 0 0 0 2.6 2.4000000000000004 0 0 0 0 0 0 0 0 0 0 0 0 0 0 0 0 0 0 0.4 0 0 0 0 0 0 0.2 0 0 0.4 0 0 0.4 0 0 0 0 0 0 0 0 0 0 0 0 0 0 0.2 0.4 0.4 18 0 1.4000000000000001 0 0 0 0 0 0 0 0 0 0 3.8000000000000003 0 0 0 0 0 0 0 0 0 0 0 0 0.8 0 3.4000000000000004 0 0 0 0 0 0 0 0 0 0 0 0 
 14.8 59.800000000000004 0 111.60000000000001 19.8 4.4 33.800000000000004 47.400000000000006 25.400000000000002 33.4 33.6 91.2 18 8.200000000000001 11.600000000000001 11.4 71 45.400000000000006 9.200000000000001 9 0.8 0 0.6000000000000001 0 15.4 0 16.6 0 0 0 0 0 30.400000000000002 14.8 0.2 0 0.8 0 29.400000000000002 0 0.4 0 0 0.4 0 0 0.2 0 0 0 0 0 1.4000000000000001 0 0 0 0 0 0.4 0.4 0.4 0 0 0 0.6000000000000001 0 6.2 0 0 0 0.6000000000000001 0.2 0.4 0 0 0 0 0.4 0 0 0 0 4.6000000000000005 0 7 0 2.8000000000000003 13 4 2.4000000000000004 2 2 0 0 0.2 4.2 0 1.2000000000000002 0 1.8 6.800000000000001 0 0 0 0 0 0.6000000000000001 0 0 0 0 0 2.2 2.4000000000000004 2.8000000000000003 3.8000000000000003 0 0 2.2 0.8 0 0 0 0 0 0 0 0 0 0 0 0 0 1.4000000000000001 0 0 0 0 0 0 0 0 0 0 0 0 0 0 0 0 3.2 3.4000000000000004 0 0 0 0 0 0 1.2000000000000002 0 2.2 4.4 9.600000000000001 5 0 0 0 5.4 10 2.2 1 14.8 0.2 3 0.4 1 0 2.6 0.2 0.6000000000000001 2.8000000000000003 0 0 0 0 0 2.8000000000000003 3.8000000000000003 0 0 0 0 0.6000000000000001 3.8000000000000003 0 0 0 3.4000000000000004 5.2 0 0 0 0 0 0 0 0 0.2 0 0 0 0 0 0 0 0 0 0 0 0 0 0 0 0 0 0 0 0 0 0 0 0 0 0 0 0 0 0 0 0 0 0 0 0 0 17.6 0.4 0 0.2 18 4.2 0.8 0 0 0.2 0 0 0 0 0 0 0 0.8 0 0 0 0 0 11.200000000000001 0 0 0 0 0 0 4.6000000000000005 0 0 0 0 0 0 0 0 0 0 0 0 0 0 
 31.8 64.8 111.60000000000001 0 56 8 20.200000000000003 18.400000000000002 26 67.60000000000001 46.2 8 45 16.6 54.400000000000006 56.400000000000006 7.2 28.8 40.2 13.600000000000001 0.6000000000000001 0 0.6000000000000001 0 0 0 0 0 0.2 0 0 0 0 0.2 0.2 0 0.4 0 5.800000000000001 0.4 0.4 0 0 0 0 0 0.2 0 0 0 0 0 0.6000000000000001 0 0 0 0 0 0.4 0 0.4 0 0 0 0.6000000000000001 0 0 0 0 0 0.6000000000000001 0 0.6000000000000001 0 0 0 0 0 0 0 2.2 0.4 0 1 9.4 0 2.2 10.200000000000001 12.200000000000001 3 4.4 6.4 0 0.2 2.4000000000000004 10.8 5.2 2 2.2 4 0.2 0 0 0 0.4 0 0.6000000000000001 0 0 0 0 0 0.4 0 0 0.2 0 0 1 0 0 0 0 0 1.4000000000000001 0 0 0 0 0 0 0 0 0 0 0 0 0 0 0 0 0 0 0 0 0 0 0 0 0 0.2 0 0 0 0 0 0 0 2.8000000000000003 0 1.8 5.2 0 2.2 0 5.4 3.2 2.8000000000000003 0 2.2 2 3.2 1.6 8.6 0 2 0.6000000000000001 4.800000000000001 0 0 2.2 0 0 0 0 0 0 0.2 0.4 0 0 0.2 2 0.2 0 0 0 0 0 0 0 0 0 0 0 0 0 0.4 0 0.2 0 0 0.2 0 0 0 0 0 3.2 0 0 0 0 0 0 0.2 0 0 1 0 0 0.4 0 0 0 0 0 0 0 0 0 0 0 0 0 0.6000000000000001 17.8 0 0 0.4 0.4 1 0 0.4 0 0 0 0 0 0 0 0 0 0 0 0 0 0 0 0 0 0 0 0 0 3.8000000000000003 2.4000000000000004 0 0 0 0 0 0 0 0 0 0 0 0 0 
 23.8 49.400000000000006 19.8 56 0 13.8 50.6 33.4 16 63.800000000000004 38.800000000000004 42.2 30.8 69.8 27.6 85 20.400000000000002 11.200000000000001 55.800000000000004 37.4 0.6000000000000001 18.6 0.6000000000000001 0 0.2 15 14.8 10 0 0 0 0.2 15 0 14.600000000000001 0 0.6000000000000001 0 0 0.4 0.4 0 0 0.4 0 0 0 0 0 0 0 0 0.6000000000000001 0 0 0 0 0 0.4 0.4 0.4 0 0 0 0.6000000000000001 0 0 0 0 0 0.6000000000000001 0.4 0.4 0 0 0 0 0 0 0 0 0 0 3.4000000000000004 2.6 3 0 3.4000000000000004 4 2 4.6000000000000005 5.4 0 0.2 0.2 5.4 2.8000000000000003 0 0 0 0 1.6 0 7.2 0 3.6 5.2 0 0 3.2 0 0 2.4000000000000004 0 0 0 0 2.6 0.2 0.8 0.2 0 0 0 0 0 6.4 0 0 0.4 0 0 0 0 0 0 2.8000000000000003 0 0 0 0 0 0 0 0 0 0 0 0 0 0 0 0 0 0 0 0 0 1 0 1.4000000000000001 5 5.6000000000000005 0.8 0 0 2.4000000000000004 1.8 2 1.4000000000000001 9.4 3.6 0 8.200000000000001 1.6 3.4000000000000004 3.8000000000000003 6.2 0 0 3.2 2.6 0 0 0 0 2.8000000000000003 0 0 0 0 0 0 2 0 3 2.2 2.8000000000000003 0 5.4 0 0 0 0 0 0 0 0 2 0 0.4 4 0 0 0 0 0 0 0 0 0 0 0 0.4 0 0 0 0 0 0 0 0 0 0 0 0 5.2 0 0 0 0 0 0 0 0.2 0.4 17.8 0.4 0.4 0 0 1 0 0 0 0 0 0 0 0 0 0 0 0 0 0 0 0 0 0 0 0 0 0.4 0 2.2 0 0 0 3.6 0 0 0 0 0 0 0 0 0 0 
 58.6 39.6 4.4 8 13.8 0 3.6 4.800000000000001 30 11 34 28 9.4 10.8 16.400000000000002 36 35 10.8 6.800000000000001 9.200000000000001 24.400000000000002 4.2 0 0.6000000000000001 14.8 0.4 0 9 15 0 0 0 29.8 12.200000000000001 14.8 15.4 1.4000000000000001 0 22 0 0 0 0 0.8 0.4 0 0 0 0 0 0 0.2 0 0 0 0 0 0.2 0 4.800000000000001 0 0.4 0 0 0 0 0.4 0 0 1.2000000000000002 0.4 0.4 0 0 0.6000000000000001 0 0 1 0 0 0.2 5.2 0 3.2 7.6000000000000005 2.8000000000000003 0 0.2 0 0.2 4.800000000000001 0.2 0 0 0 0.2 2.6 5.2 0 0 2.6 1.8 0.4 0 0 0 7.2 5 4.2 0 4.800000000000001 0 2.2 1 2.8000000000000003 4 0.2 2.6 3.8000000000000003 0 0 0 0 0.4 0 0 0 0.2 0 0 3.6 0 0 0 0 0 0 0 0 0 0.4 0 0 0.2 0 0 0 0.6000000000000001 0 0 0 0 0 0 0 0.2 7.6000000000000005 0 0 0 0 0 0 0 0.2 6.6000000000000005 0 0 0 6.2 2.8000000000000003 3 0 0 0 0 0 0 0 0 3.6 0.4 6.4 0.8 0 0 4.6000000000000005 1.4000000000000001 3 0 0 0 5.2 2 4.800000000000001 0 10.8 0 2.6 3 0 0 0 0.2 0 0 0 0 0 0 0 0 0 0 0 0 0 0 0 0.4 0 1.8 0 0 0 0 0 0 0 0 0 0 0 0 0.2 0 0 4.4 0 0 0 0 0 0 0 1.2000000000000002 0.2 0 0.2 16.6 3.6 1.2000000000000002 0 0 0 0 0 5.4 0.4 0 0 0 1.8 0 0 0 4.2 0.2 0 0 0 3.6 0 0 0 0 0 0 0 0 0 0 0 0 0 0 0 0 0 0 
 35.4 13.8 33.800000000000004 20.200000000000003 50.6 3.6 0 79.60000000000001 51.800000000000004 5.800000000000001 9.200000000000001 47.6 108.4 34 45.6 26.6 6.4 9 9 13.600000000000001 41.2 0 0.6000000000000001 0 16 0 0 0 0 1 0 0 0.2 0 40.6 0 0.8 0 0 41 0.4 0 0 0.8 0 0 0 0 0 0 0 0 0.6000000000000001 0 0 0 0 0 0.4 0.4 0.4 0 0 0 0.6000000000000001 0 0 0 10 0 0.6000000000000001 0.6000000000000001 0.4 0 0.6000000000000001 5.800000000000001 0 0 9 0 2.8000000000000003 6.2 0 2 0 0 7.6000000000000005 2.6 1.8 2 1 2 6.4 1 0.2 0 0 0 8.4 10 0 0 3 0 0 0.2 0 0 0 0 0 0 0 0 0 0 0 0 0 0.2 0.4 0 0 0 0 0 0.4 0 0 0 0 0 0 0 0 0 0.2 0 0 2 0 0 0 0 0.2 0 0 0 0 0 0 0.2 0.6000000000000001 0 0 0 0 0 0 0 5.6000000000000005 0.4 6.4 0 0 1 6.800000000000001 3.2 0.8 2.2 0 0 1.2000000000000002 0 3.8000000000000003 0 0 0 0.2 4.800000000000001 0 0 0 0 0 0 0 0 0 0 0 0 0 0 0 0.2 0 0 0 0 0 0 0.2 0 0 0 0 0.2 0 0 0 0 0 0 0 0 0 0 0 0 0 0 0 0 0 0 0 0 0 0.2 0 0 0 0 0 0 0 0 0 0 0 0 0 0 0 0 0.4 0.4 0.4 0 0 0.2 0 0 0 0 0 0 0 0 0 0 0 0 0 0 0 0 0 0 0 0 0 0 0 0 2 0 0 0 0 0 0 0 0 0 0 0 0 0 
 28.6 38.2 47.400000000000006 18.400000000000002 33.4 4.800000000000001 79.60000000000001 0 15.200000000000001 30.200000000000003 23.6 11.200000000000001 41.800000000000004 34 12.600000000000001 26.8 33.4 93.4 30.8 11.8 0.6000000000000001 0 0.6000000000000001 0 0 0 0 0 0 0 0 0 0.2 0 0 0 0.6000000000000001 0.2 0.2 0 0.4 0 0 0 0 0 6.4 0 0 0 0 0 0.6000000000000001 0 0 0 0 0 0.4 0 0.4 0 0 0 0.6000000000000001 0 0 0 0 0 0.6000000000000001 0.2 0.4 0 0 0 0 1 0 0 0 0 8.6 4.2 0 0 2.8000000000000003 12 4.6000000000000005 5.4 2.6 4.2 2.4000000000000004 2.6 7.6000000000000005 8 6 0.6000000000000001 0 1 0 0 0 0 0 0.2 0 0 0 0 0.2 0 0 0 0 0 2.4000000000000004 0 0 3 0.4 0 0 0 0 0 0 0 0 0 0 0 0 0 0 0 4.2 0 0 0 0 0 0 0 0.2 0 0 0 0 0 0 0 0 0 0 0 0 0 0.4 0 1.4000000000000001 14.600000000000001 6.4 11 7.4 0 0 4.800000000000001 11.8 1.2000000000000002 7.4 3 2.8000000000000003 2.4000000000000004 3.4000000000000004 2.6 1.4000000000000001 5.6000000000000005 5 1.2000000000000002 0 0 0 0 0 0 0 0 0 0 0 0 0 0 0 13.600000000000001 0 0 0 0 2.4000000000000004 0 0.2 0 0 0 0 0 0 0 0 0 0 0 0 0 0 0 0 0 0 0 0 0 0 0 0 0 0 0 0 0 0 0 0 0 0 0 0 0 0 0 0 0 0 0 0 0.4 17.8 0 0.4 1 0 0 0 0 0 0 0 0 0 0 0 0 0 0 0 0 0 0 0 0 0 0 0 0.2 0.2 1.6 0 0 0 0 0 0 0 0 0 0 0 0 
 13.200000000000001 62 25.400000000000002 26 16 30 51.800000000000004 15.200000000000001 0 80.80000000000001 26 50.800000000000004 14.200000000000001 15.4 27.200000000000003 35 7 27.200000000000003 15.600000000000001 12 0.6000000000000001 0 1 0.6000000000000001 1.2000000000000002 0.4 0 0.6000000000000001 0.6000000000000001 0 0 0 15 0.4 16 0 0.8 0.4 0 0.4 0.4 5.4 0.8 0.2 0.4 0 11 0 0 0 0.4 0 0.6000000000000001 0 0 0 0 0.6000000000000001 0.4 3.2 0.4 0 0 1 0.6000000000000001 0 0 0 0 0 0.6000000000000001 0.6000000000000001 0.6000000000000001 0 0 0 0 0 0 0 0 6 5.2 5 12.4 3 10.600000000000001 0 6.4 0 5.6000000000000005 2.6 0 1.8 3 0.2 0 2.6 0 0 3.6 0 0 0 0 0 2.6 0 0 0 0 0 2 4.4 0 1.4000000000000001 0 0 6.2 4.4 0 0 0 0 0 0 0 0 0 0 0 0 0 0 0 0 0 0 0.4 0 0 0 0 0 0 0 0 0 0 0 0 0 1.8 0 0 0 0 0 0 0 0 1.8 0 2.4000000000000004 2.6 0.6000000000000001 2.6 2.4000000000000004 0 0.2 2 0 3.6 3 0 4.2 8 6 0 0 0 0 0 0 0 0 0 0.2 0 0 0 0 4.4 2.6 0 0 0 0 1.4000000000000001 2.8000000000000003 0 0 0 0 0 0 0 2.2 0 0 0 0 0 0 0 0 0 0 0 0 0.2 0 0 0 0 0 0 0 0 0 0 0 0 0 0 2 0 0 0 0 0 0 0 0 0 0.4 8.6 0 0.6000000000000001 0.2 0.4 1.2000000000000002 0 0 0 0 0 0 0 0 0 0 1.6 0 0 0 0 0 0 0 0 0 0 0 0 0.4 3.4000000000000004 0 0 0 0 0 0 0 2 0 0 0 0 0 
 23 11.200000000000001 33.4 67.60000000000001 63.800000000000004 11 5.800000000000001 30.200000000000003 80.80000000000001 0 83.60000000000001 54 32.800000000000004 18.6 59.400000000000006 61.2 26 49.2 30.400000000000002 39.6 1.4000000000000001 0 0.6000000000000001 0.2 1 0.4 12.8 16.2 0 0 0 0.4 23.6 0 0 1 0.6000000000000001 0 15.200000000000001 14.8 0.4 0 0 0.4 0 0 5.800000000000001 0 0 0 0 11.8 0.6000000000000001 0 0 0 0 0 0.4 0.4 0.4 0 7 0 0.6000000000000001 8.8 0 0 0 0 0.6000000000000001 0.4 0.4 0 0 0 0 0 0 0 0.4 0 2.4000000000000004 2.8000000000000003 2 1.8 0 0 0 5.6000000000000005 2 12.600000000000001 0 2 0 3.2 10.200000000000001 0 0 0.4 1.8 0 0 2 0 0 0.2 0.2 0 0 0 0 0 0 3 2.6 0 0 5.6000000000000005 14.200000000000001 0 0 0 0 0 0 0 0 0 0 0 0 0 0 0 0 0 0 0 0 0 0 0 0 0 0 0 0.2 0 0 0 0 0 0 0 0 0 0 0 0 0 6 2 2.2 3.4000000000000004 0.2 3.8000000000000003 2 2 0 0 0 0 5 1.6 6.800000000000001 3.4000000000000004 6.4 0 0.2 0 0 0 0 0 0 8 0.2 0 0 0 0 0.2 4.2 0 0 0.2 3.4000000000000004 2.6 2.2 0 0 0 0 0 0 0 1.4000000000000001 0 0 0 8.200000000000001 0 0 0 0 0 0 0 0 0 0 0 0 0 0 0 0 0 0 0 0 0 0 0 0 0 0 0.4 0 0 0 0 0 0 0.4 9.200000000000001 0 0.2 0.2 0.4 2.6 0 0 0 0 0 0 0 0 0 0 0 0 0 0 0 0 0 0.4 0 0 0 0 0 0.2 2 1 0 0 0 0 0 0 0 0 0 0 0 0.4 
 16.8 16.2 33.6 46.2 38.800000000000004 34 9.200000000000001 23.6 26 83.60000000000001 0 47 54 6.4 29.6 34.4 95.60000000000001 50 48.400000000000006 15 0.6000000000000001 0 0.6000000000000001 0 9 0 0 0.2 0 0 0 0 17.2 0 0 1.2000000000000002 0.4 0.4 34.6 31.6 0.4 1.8 0 1 0.6000000000000001 0 0.2 0 0 0 8.8 12.4 0.6000000000000001 0 0 0 0.6000000000000001 0 0.4 0.4 1.2000000000000002 0.4 0 0.6000000000000001 0.8 0 0 0 0 0.6000000000000001 0.6000000000000001 0.6000000000000001 0.4 0 0.6000000000000001 0 0.6000000000000001 0.6000000000000001 0 0 0 0 0 1.4000000000000001 6.800000000000001 2.2 0 0 2.4000000000000004 2.4000000000000004 6.2 2.4000000000000004 0 2.8000000000000003 0 3.4000000000000004 2.8000000000000003 9.8 0 0 3.6 0 0 0 0 0 3.6 0 0 1.2000000000000002 0 0 0 3.6 12.4 6.4 0 0 2.8000000000000003 11.4 0 0 0 0 0 0 0 0 0 0 0.4 0 0 0 0 0 0 0 3.6 0 0 0 0 0 0 3.6 0 0 0 0 0 0 0 0 0 0 0 0 0 0 0 6 5.6000000000000005 0 6.2 3.2 0 0 2.6 1.8 0 6.6000000000000005 0 0 0 1.4000000000000001 5.2 0 0 0 2.8000000000000003 0 0.4 0 0 0 3.4000000000000004 4 0 0 0 0 3.8000000000000003 0 0 0 0 0.2 3.6 2 0 0 0 0 0 0 0 4.800000000000001 0 0 0 0 0 0 0 0 0 0 0 0 0 0 0 0 0 0 0 0 0 0 0 0 0 0 0 0 0 0 0 3.8000000000000003 0 2.8000000000000003 0 0 0 0 0.4 0 0.8 1 4.4 1.2000000000000002 0 0 0 0 0 0 0 0 0 0 0 0 0 0 0.2 0 0 0 0 0 0 0 0 0 0 3.4000000000000004 0 0 0 0 0 0 0 0 0 0 0 0 
 43.2 24.400000000000002 91.2 8 42.2 28 47.6 11.200000000000001 50.800000000000004 54 47 0 6.6000000000000005 6.2 8 5.800000000000001 34.4 69.2 7.800000000000001 7.4 0.6000000000000001 0 0.6000000000000001 0 1 0 8 16 16.8 0 0 0 15.200000000000001 0 0 0 14 0 0.4 0 0.4 1 0 0 0 0.2 12.8 0 0 12.200000000000001 0 0 0.6000000000000001 0 0 0 0 0 0.4 3.6 0.4 0 0 0 0.6000000000000001 0 0 0 0 0 0.6000000000000001 0.2 0.4 0 0 0 0 0 0 0 0 1.2000000000000002 0.6000000000000001 0.8 5.2 0 0.2 3 0 2.4000000000000004 6.4 4.800000000000001 0 2.6 0 4.2 0 0 0 0 2.6 0 0 0.2 0 0 2.4000000000000004 0 2.4000000000000004 0 0 0 2.6 3.4000000000000004 0.2 4.2 0.4 0 10.4 4.6000000000000005 0 0 0 0 0.4 0 0 0 0 0 0 1.4000000000000001 0 0 0 0 0.2 0 0 0.2 0 0 0 0 0 0 0 0 0 0 0 0 0 0 0 0 0 0 0.4 0 1.4000000000000001 2.8000000000000003 2.4000000000000004 3.8000000000000003 7.800000000000001 0 0 6.2 2.8000000000000003 0 11.200000000000001 3.6 0.4 2.2 5 5.6000000000000005 17.2 3.6 0 0 0.2 0 0 0 0 0 3.2 0.2 0 2.8000000000000003 0 0 7.2 4.4 0 0 0 1.6 3.4000000000000004 0.6000000000000001 0 0 0 0 0 0 0 0.4 0 0 0 1.8 0 0 0.2 0 0 0 0 0 0 0 0 0 0.4 0 0 0 0 0 0 0 0 0 0 0 0 0.2 0 0 0 0 0 0 0 0.2 0.4 0.4 19 0.6000000000000001 0 1.8 0.4 0 0 0 0 0 0 0 0 0 2.4000000000000004 0 0 0 0 0 0 0 0 0 0 0 0 0 2.8000000000000003 1.4000000000000001 0 0 0 0 0 0 0 0 0 0 0 0 
 50.6 19 18 45 30.8 9.4 108.4 41.800000000000004 14.200000000000001 32.800000000000004 54 6.6000000000000005 0 83.4 27.200000000000003 85.4 49.400000000000006 25.200000000000003 24 55.400000000000006 0.6000000000000001 0 17.400000000000002 0.2 0 7 0.4 0 0 0 0 0 0.2 0 0 0 0.4 0 0 0 0.4 0 0 0 0 0 0 0 0 0 0 0 0.6000000000000001 0.6000000000000001 0 0 0 0 0.4 0 0.4 0 0 0 0.6000000000000001 0 0 9.8 0 0 0.6000000000000001 0 0.6000000000000001 0 0 0 0 0 0 0 9 3.8000000000000003 1.6 1.4000000000000001 0 0 5.800000000000001 9.600000000000001 8 5.2 5 5.2 0 4.4 2.2 1.6 3 0 8.6 3 0 0 0 0 0 0 2 0 0 0 0 0 0 0 0 0 0 0 0 0 0 0 0 0.4 0 0 0 0.2 0 0 0 0 0 0 2.6 0 0 0 0 0 0.4 0 3.2 0 0 0 0 0 0 0 0 0.2 0 0 0 0 0 0 0 0 0 3.2 3 3.2 0 1.2000000000000002 3.6 0.2 0 0 1.6 0 1 5 0 2 2.2 0 2.6 7.6000000000000005 0 0 0 3.8000000000000003 0 0 0 0 0 0 0 0 0 0 0 0 0 0 0 0 0 0.4 0 0.2 0 0 0 0 0 0 0 0 0 0 0 0 0 0 0 0.2 0 0 0 0 0 0 0 0 0 3.8000000000000003 0 0 0 0 0 0 0 0 0 0 0 0 0 0 0 0 17.400000000000002 0 0.4 0 0.4 1 0 7.2 0.4 0 0 0 0 0 0 0 0 0 0 0 0 0 0 0 0 0 0 0 0 0 2 0 0 0 0 0 0 0 0 0 0 0 0 0 
 36.6 13.200000000000001 8.200000000000001 16.6 69.8 10.8 34 34 15.4 18.6 6.4 6.2 83.4 0 20.200000000000003 6.4 28 9.600000000000001 20.200000000000003 79.2 0.6000000000000001 0 0.6000000000000001 0 0 0 0 0.6000000000000001 0 0 0 0 0 0 0 0 0.8 0 0 0.2 0.4 0 0 0 0 0 0 0 0.6000000000000001 0 0 0 0.6000000000000001 0 0 0 0 0 0.4 0.2 0.4 0 0 0 0.6000000000000001 0 0 0 17 0 0.6000000000000001 0 0.6000000000000001 0 0 0 0 0 0 0 2.6 3.2 3.8000000000000003 2.8000000000000003 0 0 0 4 0 2.8000000000000003 0 0 4.2 6.4 1.8 0 5 2.2 1 10.4 0 0 0.2 0 0 0 0 0 0 0.2 0 0 0 0 0 0 0 0 0 0 0 0 0 0 0 0 0 0 0 0 0 0 0 0 0 0 0 0 0 0 0 0 0 0 0 0 0 3 0 0 0 0.4 0 0 0 0 0.4 0 0 0.2 5.2 0 10.8 2 0.8 0 3.8000000000000003 0.6000000000000001 7 1.2000000000000002 1.8 0 7 0 2.4000000000000004 0 0 4 4.6000000000000005 3.2 0 0 0 0 0 0 0 0 0 0 0 0 0 0 0 0 0 0 0 0 0 0 0 0 0 0 0 0 0 0 0 0 0 0 0 0 0 0 0 0 0 0 0 0 0 0 0 0 0 0 0 0 0 0 0 0 0.2 0 0 0 0 0 0 0 0 0.2 0.4 0.2 0.6000000000000001 0 0.2 1.8 0 0 0 0 0 0 0 0 0 0 0 0 0 0 0 0 0 0 0 0 0 3.2 0 0 0 0 0 0 0 0 0 0 0 0 0 0 0 0 
 46.6 21 11.600000000000001 54.400000000000006 27.6 16.400000000000002 45.6 12.600000000000001 27.200000000000003 59.400000000000006 29.6 8 27.200000000000003 20.200000000000003 0 31.8 10.600000000000001 37.2 17 22.8 0.6000000000000001 0 0.6000000000000001 0 0 0.2 0 0.6000000000000001 0 0 0 0.2 14.8 0 0 0 0.4 0.4 15.200000000000001 0 0.4 0 0 0 0 0 0.2 0.6000000000000001 12 0 0 0.2 0.6000000000000001 0 0 0 0 12.4 0.4 0 0.4 0 0 0 9.600000000000001 0 0 0 0 0 0.6000000000000001 0.4 0.4 0 0 0 0 0 0 0 4.4 0.2 0 3 0 0 2 4.4 2 2.8000000000000003 6.2 5.6000000000000005 0 4 0 4.800000000000001 6.6000000000000005 0.2 4.4 5.6000000000000005 1.8 0 0 0 0 0 0.6000000000000001 0.2 0 0 0 0 0 0 0 0 0 0 0.4 5.800000000000001 0 0.4 0 0 0 0 0 0 0 0 0 1.2000000000000002 0 0 0 0 0 0 0.4 0 0 0 0 0 0 0 0 0 0 0 0 0.2 0 0 0 0 0 0.4 0 0 0 2.4000000000000004 0 2.4000000000000004 0 4 3.2 0 0 2 0 0 1.6 2.6 0 0.8 0.2 7.800000000000001 2.4000000000000004 0.2 3.2 0 0 0 0 0 0 0 0 0 0 0 0 3.8000000000000003 0 0 0.4 0 0 2.6 0 0 0 0 0 0 0 0.2 0 0 0 0 0 0 0 0 0 0 0 0 0 0 0 0 0 0 0 0 0 0 0 0 0 0 0 0 0 0 0 0 0 0 0 0 0 0.4 17.6 0.4 0.2 0.6000000000000001 0 0.8 0 0 0 0 0 0 0 0 0.4 0 0 0 0 0 0 0 0 0.2 0 0 0 0 0 0 2.4000000000000004 0 0 0 0 0 0 0 0 0 0 0 0 0 
 52 25.400000000000002 11.4 56.400000000000006 85 36 26.6 26.8 35 61.2 34.4 5.800000000000001 85.4 6.4 31.8 0 35.6 10.4 7.4 16.6 0.6000000000000001 0 0.6000000000000001 0 0 0.4 0 0 5.4 0 0 0 0 0 1 0.4 0.4 0 0 0.4 0.4 0 0.6000000000000001 0.6000000000000001 0 0 0 0 0 0 0 0 0.6000000000000001 0 0 0.6000000000000001 0 0.6000000000000001 0.4 2.8000000000000003 0.8 0 0.2 0 0.6000000000000001 0 0.2 0 10 0 0.8 0.6000000000000001 0.4 0.2 0.8 0 0.6000000000000001 0 0 0.4 1.8 0 2 3.8000000000000003 0 2.6 0 2 6.800000000000001 5.4 14 3.2 0 0.2 2.8000000000000003 5.2 2.4000000000000004 0 0 1.2000000000000002 0 0 0 0 0 0 2.4000000000000004 0 5.800000000000001 0 1.6 0 2.4000000000000004 0 0 0 0 0 4.800000000000001 0 0 0 0 0 0 0 0 0 0 0 0 0 0 0 0 0 0 0 0 0 0 0 0 0 0 0 0 0 0 0 0 0 0 0 0 0 0 0 0 0 0 5.4 0 0 0.2 4.6000000000000005 3.6 0 2.8000000000000003 2.4000000000000004 0 0 2.2 2.8000000000000003 2.2 0 4 2.6 2.4000000000000004 0 0 0 0 0 0 0 0 0 0 0 0 0 0 0 0 0 0 0 0 0 2.6 0 1.4000000000000001 0 0 0 0 0 0 0 0 0 0 0 0 0 0 0 0 0 0.8 0 0 0 0 0 0 0 2.4000000000000004 0 0 0 0 0 0 0 0 0 0 0 0 0 0 0 0 0.8 0.2 0 0.4 0.2 0 0.4 0 0 0 0 0 0 0 0 0 0 2 0 0 0 0 0 0 0 0 0 0 0 0 0 0 0 0 0 0 0 0 0 0 0 0 0 0 0 
 22.6 23.6 71 7.2 20.400000000000002 35 6.4 33.4 7 26 95.60000000000001 34.4 49.400000000000006 28 10.600000000000001 35.6 0 18.2 47.2 10.200000000000001 0.6000000000000001 0 0.6000000000000001 0 14.8 0 0 14.600000000000001 0 0 0 0 4.6000000000000005 0 0 0 0.4 0 30.8 15.4 0.4 0 11.4 0.4 0 0 0 0 0 0 0 0 0.6000000000000001 0 0 0.2 0 0 0.4 0.4 0.6000000000000001 0 0 0 0.6000000000000001 0 0 0 0 0 0.6000000000000001 0.6000000000000001 0.4 0 0 0 0 0 0 0 0 2.8000000000000003 0 2.2 3.6 1.8 0 0 0.2 4.2 3 10.8 2.4000000000000004 4.4 0 7.6000000000000005 6.800000000000001 10.200000000000001 0.2 3.6 3.4000000000000004 0.4 0 0 0 0 1.6 0 0 0 0 0 0.2 0 6 6.6000000000000005 0.4 0 0 3.4000000000000004 0 0 0 0 0.4 0 0 0 0 0 0 0 0 0 0 0 0 0 0 0.2 0 0 0 0 0 0 0 0 0 0 0 0 0 3.4000000000000004 0 0 0 0 0 0 0.4 0 6.4 3.2 5.6000000000000005 0 9 3.8000000000000003 3.8000000000000003 5 0 3.2 0.2 2.8000000000000003 4 0 1.4000000000000001 9.200000000000001 2.4000000000000004 0 0 0 6 0 0 0 0 2.6 0.2 0.4 0 0.2 2.4000000000000004 0.4 0 0 0 0 3.4000000000000004 0 0 0 0 0 0 0 0 0 0 0 0 0 0.4 0 0 0 0 0 0 0 0 0 0 2.6 0.4 0 0 0 0 0 0 0 0 0 0 0 0 0 0 0 0 0 0 0 0 0 17.6 0 0 17 11.4 2.4000000000000004 5.4 0 0 0 0 0 0 0 0 0 0 0 0 0 0 0 0 0 0 0 0 0 0 0 0 1.2000000000000002 0 0 0 0 0 0 0 0 0 0 0 0 
 30.200000000000003 62 45.400000000000006 28.8 11.200000000000001 10.8 9 93.4 27.200000000000003 49.2 50 69.2 25.200000000000003 9.600000000000001 37.2 10.4 18.2 0 22.400000000000002 24.200000000000003 0.6000000000000001 0 0.8 0 15 0.4 19.6 0 0 0 0 0 15 0 0 0 1 0 15.4 0 0.4 0 0 0.4 0 0 12.4 0 0 0 0 0.2 0.6000000000000001 0 0 0 0 0 0.4 0.4 0.6000000000000001 0 0 0 0.4 0 0 0 0 0 0.6000000000000001 0.6000000000000001 0.4 0 0 0 0 0 0 0 0 0 1.8 2.6 3.2 0.2 1.8 12 1 5.6000000000000005 0.2 3.8000000000000003 0 2.6 0 1.8 0 0 0 2.4000000000000004 9.200000000000001 0 0 0 0 0 2.2 0 0 0 0 0.4 0 0 2.8000000000000003 1.2000000000000002 0 0 4.800000000000001 4.4 0 1 0 0 0 0.4 0 0 0 0 0.4 0 0 0 0 0 0 0 0 0 0 0 0 0 0 0 0 0 0 0 0 0 0 0.2 0 1.4000000000000001 0 0 0.8 0 1 6.4 1.8 10 0 3 0 13.8 0.6000000000000001 0 0.4 3.2 0 4 3.8000000000000003 8.200000000000001 15.8 4.6000000000000005 0 2 0.2 0 0 5.800000000000001 0 0 3.2 0.6000000000000001 0 0 0 0 0 2.6 0 0 0 4.2 13.8 8.200000000000001 0 0 0 0 0 0 1.8 2.2 0 0 0 0 0 0 0 1.6 0.2 0 0 0 0 0 0 0 0 0 0 0 0 0 0 0 0.4 0 0 0 0 0.4 0 0 0 0 0 0 0 0.2 2.2 0 0 18 0 0.4 0 0 0 0 0 0 0 0 0 0 0 0 0 0 0 0 0 0 0 4.2 0 0 0 2 2 0 0 0 0 0 0 0 0 0 0 0 0 0 
 9.8 11 9.200000000000001 40.2 55.800000000000004 6.800000000000001 9 30.8 15.600000000000001 30.400000000000002 48.400000000000006 7.800000000000001 24 20.200000000000003 17 7.4 47.2 22.400000000000002 0 65.60000000000001 40.800000000000004 0 0.6000000000000001 0.4 0 0 0.2 0 0 0 0 0.4 0 0 0 0.6000000000000001 0.4 0 0 0 0.4 0.6000000000000001 0 0 0 0 0 0 0 0 0 0 0.6000000000000001 0 0 0 0 0 0.4 0.2 0.6000000000000001 0 9.8 0 0.4 0 0 0 10 0 0.6000000000000001 0.6000000000000001 0.4 0 0.2 0 0 0 0 0 0 0 4.2 0.2 0 0 4.2 3 1.8 3.8000000000000003 0 3 0 0.6000000000000001 3 0 0 0 0 1.2000000000000002 0 0.4 0 0 0.2 0 0 0 0 0 0 0 0.2 0 0 0.4 0.4 0 0 0 0 0 0 0 0 0 0 0 0 0 0 0 0 0 0 0 0 0 0 0.2 0 0 0 0 0 0 0 0 0 0 0 0 0 0 0 0 0 0 0 0 0 5.4 0 3.2 0.2 0 5.6000000000000005 0 3.4000000000000004 0 0.4 0 4.4 2.8000000000000003 6.2 2.4000000000000004 0 0 8.6 6.800000000000001 0 0 0 0 0 0 0 0 0 0.4 0 0 0 0.4 0 0 0 0 0 0.4 3.8000000000000003 0 0 0 0 0 0 0 0 0.4 0 0 0.4 5 0 0 0 0 2 0 0 0 0 0 0 0.4 0 0 0.2 0 0 0.2 0 0 0 0 0 0 0 0 0 0 0 0 0 0.2 17.400000000000002 0 1 0 0 0.4 0 0 0.2 0 0 0 0 0 0 0 0 0 0 0 0 0 0 0 0 0 0 0 0 0 0 0 0 0 0 0 0 0 0 0 0 0 0 0 
 13.8 25.400000000000002 9 13.600000000000001 37.4 9.200000000000001 13.600000000000001 11.8 12 39.6 15 7.4 55.400000000000006 79.2 22.8 16.6 10.200000000000001 24.200000000000003 65.60000000000001 0 0.6000000000000001 0.4 0.6000000000000001 0.2 0.4 0 0 0 0 0 1.8 0 0 0 0 0 1.2000000000000002 0.8 0.2 0 0.8 0 0 0 0.6000000000000001 0 0 0 0 0 0 0 1.2000000000000002 0 0 0.4 1.2000000000000002 0 0.4 0.4 1.2000000000000002 0 0 0 1 0 0 0 8.8 0 0.6000000000000001 0 1 0 0 0 0.2 0 0 0 0 4.800000000000001 2.2 0 0 0 3 6.6000000000000005 4.800000000000001 3.4000000000000004 0 3.2 0 0.8 2.2 3.6 1.8 0.2 3.4000000000000004 2.6 0 0 0 0 0 0 0 1.2000000000000002 0 0 2.8000000000000003 0 0 0 0 0 0 0 0 0 0.2 0 0 0.4 0 0 0 6 0 0 0 0 0 0 0 0 0 0 0 0 0.4 0 0 0 0 0 0 0 0 0 0 1.2000000000000002 0 0 0 0 0 0 0 0 0 2.8000000000000003 3 6.2 2 0 4.6000000000000005 0.2 0 1.2000000000000002 1.6 0 0 5.800000000000001 1.2000000000000002 2.2 0 0.2 3.2 1.8 0 0 0 0 0 0 0 0 0 0 0 0 0 0 0 0 0 0 0 2.2 0 0.4 0 0.2 0 0 0 0 2.6 0 0 0 0 0 0 0 0 0 0 0.4 0 0 0 0 0 0 0 0 0 0 0 0 0 0 0 0 0 0 0 0 0 0 0 0 0 0.4 17.8 0 0.8 0.2 0 0 0 2.8000000000000003 0 0 0 0 0 0 0.2 0 0 0 0 0 0 0 0 0 0 0 0 0 0 0 0 0 0 0 0 0 0 0 0 0 0 0 0 0 
 1.2000000000000002 0.6000000000000001 0.8 0.6000000000000001 0.6000000000000001 24.400000000000002 41.2 0.6000000000000001 0.6000000000000001 1.4000000000000001 0.6000000000000001 0.6000000000000001 0.6000000000000001 0.6000000000000001 0.6000000000000001 0.6000000000000001 0.6000000000000001 0.6000000000000001 40.800000000000004 0.6000000000000001 0 21.6 16 25.8 15.600000000000001 9.600000000000001 30.6 26 63.800000000000004 11.4 7 27.200000000000003 21.200000000000003 52.6 39 44.800000000000004 10 23 11.8 24.200000000000003 0 0.2 0 0 0.6000000000000001 0 0 0 0 0 0 0.6000000000000001 0 0.6000000000000001 0 0 0 0.6000000000000001 0 0.2 0 0 0.4 0 0 0 0 0 0 0 0 0 0 0 0 0 0 0 0 0 0 0 0 1.2000000000000002 3.6 1.4000000000000001 0 0 1.6 0 0 0 0 0 0 1.2000000000000002 0 2.6 0 0 1.8 0 1.8 0 0 0 0 0 11.4 1.8 6.2 3 0 4.6000000000000005 7.6000000000000005 0 0.2 5 1.6 0 1.8 0 0 0 0 0 0 0.2 0 0 0 0 0 0 0 5 0 0 2.6 0 0 0 0.4 0.2 0 0.2 0 0 0 0 0 0 0 0 0 0 0 0 0 0 0 0 0 0 0 9 0 0 0 0 0 0 0 0 0 0 0 1.6 0 0 0 0 3.6 2.6 2.4000000000000004 1.4000000000000001 5.6000000000000005 0.2 3.2 2.2 3.2 3 2 2.2 1.4000000000000001 1.8 8 3.8000000000000003 3.6 10.200000000000001 0.4 0 0 0 0 0 0 0 2.8000000000000003 0 0 0 0 0 0 0 0 0 1 0.2 0 0 0 0 0 0 0.2 1.6 0 0 0 0 0 0 0 2 0 0 0 0 0 2.4000000000000004 0 0 0 0 0 0 0 0 0 0 0 0 1.2000000000000002 0.4 0.4 0.2 0 0.2 0.6000000000000001 0 0 0 0 0 5 0 0 0 0 0 0 0 0 0.4 0 0 0 0 0 0 0 0.2 0 2.2 0.4 0 0 0 
 1.2000000000000002 0 0 0 18.6 4.2 0 0 0 0 0 0 0 0 0 0 0 0 0 0.4 21.6 0 56 91.2 25.200000000000003 7.800000000000001 26 26.400000000000002 59 7.2 16.8 80 7.6000000000000005 14 104.4 32.4 26.200000000000003 5.6000000000000005 16 22 0 0 0 0.2 0.4 0 0 0 0 0 0 0.8 0 0.6000000000000001 0 41 0 1.4000000000000001 0 0.2 0 5.6000000000000005 0 0 0 0 0 0.2 0 0 0 0 0 0 0 0 0 0 0 0 0 0 0 0 0 0 0 0 0 0 0 0 0 0 0 0 0 0 0 0 2.6 3.2 12.600000000000001 4.6000000000000005 0 0 2.2 5.800000000000001 4 5.2 2.6 0 1.8 5.2 0 0.2 4 8.6 2.4000000000000004 0 0.2 0 0 0 0 0 0 0.2 0 0 0 0 0 2 0 0 0 0 4.6000000000000005 2.4000000000000004 0 0 0 0 0 0 0 0 0 0 0 0 0 0 0 0 0 0 0 0 0.4 0 0 0 0 4 0 0 0 0 0 0 0 0 0 0 0 0 0 0 0 7.800000000000001 5.800000000000001 1.8 3.6 0.2 2.2 6.6000000000000005 7.2 5.6000000000000005 3.8000000000000003 2.6 1.2000000000000002 4 3 6.6000000000000005 5.800000000000001 2 0 2.4000000000000004 0 0 0 0 0 0 2 0 0 0 0 0 0 0 0 0 0 0 0 4 0 0 0 0 0 0 0 0 0 0 0 0 0 0 0 0 0 0 0 0 0 0 3.4000000000000004 0 0 0 0 0 0 0 0 0 0 0 3.4000000000000004 0.2 0.4 0.2 0 0.2 0.2 2.2 0 0 0 0 2 0 0 0 0 0 0 0 0 0 0 0 0 2.6 0 0 0 0 0 0 0 0 0 0 
 1.2000000000000002 0.6000000000000001 0.6000000000000001 0.6000000000000001 0.6000000000000001 0 0.6000000000000001 0.6000000000000001 1 0.6000000000000001 0.6000000000000001 0.6000000000000001 17.400000000000002 0.6000000000000001 0.6000000000000001 0.6000000000000001 0.6000000000000001 0.8 0.6000000000000001 0.6000000000000001 16 56 0 30.400000000000002 25.400000000000002 22.200000000000003 54 19.400000000000002 43.2 22.200000000000003 24 16.8 22.200000000000003 38 9.600000000000001 26.400000000000002 66.60000000000001 53.2 8 7.4 0 0 0 0.2 0.6000000000000001 0 12.600000000000001 0.2 0 0 0.8 0.6000000000000001 12.8 0.6000000000000001 13 0 0 3 12.8 0 1 0 0.2 0.2 0 0 0 0.2 0 0 0.4 0.2 0 0 0 0 0 0 1 0 0 0 0 0 0.4 0 0 0 0 0.2 0 0 0 0 0 0 0.4 0 0 0.2 2.8000000000000003 2.4000000000000004 4.4 3.8000000000000003 2.8000000000000003 6.800000000000001 0 5.4 0 0 1.4000000000000001 4 2.4000000000000004 4.4 2.4000000000000004 0.2 7 2.4000000000000004 0 2.4000000000000004 0 0 0 0 0 0 0 3 0 0 0 0 0 8.200000000000001 0 0 0 2 0 1.2000000000000002 0 0 0 0 0 0 0.8 0 0 0 0.8 0 0 0 0.6000000000000001 0 0 0.4 0 0 0.8 0 0 0.2 0 0 0 0 0 0 0 3 0 0 0 0 0 0 0 0 0 0 2 5 3.6 8.6 0 1.6 5.4 0 2.6 8 2.2 2.2 0 2 0 3.8000000000000003 0 0 0 6.4 0 0 0 0 6.2 0 0.4 0 0 0 2.8000000000000003 0.2 2.2 0 7.2 0 0.2 4.2 0.4 0 0 0 0 0 0 0 0 0 0 0 0 0 0 0 0 0 0 0 0 0 2 0 0 0 0 0 0 0 0 0 0 0 1.2000000000000002 0 0 8.6 0 0 0.4 0.2 0 0 0 0 0 0 0 0 0 0 0 0 0 0 0 0 0 0 0 0 0 0 0 1.4000000000000001 0 0 0 0 
 0 0 0 0 0 0.6000000000000001 0 0 0.6000000000000001 0.2 0 0 0.2 0 0 0 0 0 0.4 0.2 25.8 91.2 30.400000000000002 0 44.6 52 80.60000000000001 18.8 20 60 34.800000000000004 79.80000000000001 9.8 44.800000000000004 17.8 43 65.60000000000001 46.6 8.6 34.4 0 0 0 0.4 0.6000000000000001 1.2000000000000002 0 0.6000000000000001 0 0 0 0.6000000000000001 4.800000000000001 0.6000000000000001 0 0.8 0 17.400000000000002 17.2 0.6000000000000001 1 0 0.2 0.8 0 0 0 0 0.2 0 0 0 0 0 0 0 0 0 0.6000000000000001 0 0.4 0 0 0 0 0 0 0 0 0 0 0 0 0 1.4000000000000001 0 0 0 0 0 0 1.8 1.8 0 2.4000000000000004 9.600000000000001 0 1.6 4 3.8000000000000003 1.8 3.8000000000000003 0 1 0 1.8 10.4 0.2 0 0 3.4000000000000004 0 0 0 0 0 0 4.2 0 0 0 0 3 4.4 0 0 0 0.2 4.4 5 0.4 0.2 0 0 0 0 0.2 0 0 0 2 0 0 0 3 0 0 0 0 0 0 0 0 0 0 0 0 0 0 0 0 0 0 0 0 0 0 0 0 0 0.4 1.2000000000000002 5 6.800000000000001 8.200000000000001 12.600000000000001 0 2.6 6 6.800000000000001 8 4.2 0 0 4.800000000000001 10.4 0 1.6 0 0 0 0 0 0 0 0 5.800000000000001 0 0 0 0 0 5.800000000000001 2.4000000000000004 0 0 0 0 0 7.2 0 0 0 0 0 0 0 0 0 0 0 0 0.2 0 0 0 0.2 0 0 0 0 0 2 0 0 0 0 0 0 0 0 0 0 0 1 0.4 0.4 16.8 0 0.6000000000000001 0 0.2 0 0 0 0 0 0 0 0 0 0 0 0 0 0 0 0.4 0 0 0 0 0 0 0 0 0 0 0 0 
 0 4.800000000000001 15.4 0 0.2 14.8 16 0 1.2000000000000002 1 9 1 0 0 0 0 14.8 15 0 0.4 15.600000000000001 25.200000000000003 25.400000000000002 44.6 0 15.8 74.4 33 20.200000000000003 9.8 104.80000000000001 33.800000000000004 61.400000000000006 22 61.2 79.2 8.4 55.2 21.400000000000002 10.600000000000001 25.8 0 0 0.6000000000000001 0.4 0 5.800000000000001 15.200000000000001 0 0 0 0.6000000000000001 0.4 0.6000000000000001 12.600000000000001 0 0 2.2 0 1.2000000000000002 0 0 0 1 0 0.4 0 1.2000000000000002 0.2 0 0 0 0 0 0.6000000000000001 0 0 0 0 0 0 0 0 0 0 0 0 0 0 0 0 0 0 0 0 0 0 4 0 0 3 4.800000000000001 3.2 4 0 7 2 3.2 0 0 0 0 0 0 2.4000000000000004 4.2 4 0 3 0 0 2.4000000000000004 0 0 0 0 1.4000000000000001 2.6 0 2.6 1.8 0 2.4000000000000004 8 2.4000000000000004 1.8 0.2 2.8000000000000003 7.800000000000001 3.2 0 0 0.4 0 0 0.2 0 0 0 0 0 0 0 0 0 0 0 0 0 0 0 0 0 0 0 0 0 0 0 0 0 0 0 0 0 0 0 0 0 0 0 6.4 0 4.800000000000001 4.800000000000001 1.8 11.600000000000001 2.6 2.2 3.8000000000000003 0 0 0 0 0 1.8 0 0 3 0 0.4 5.6000000000000005 0 2.4000000000000004 0 0 2.6 0 0 0 0 0.2 0 2.8000000000000003 8.8 2.2 2.2 2.2 2.4000000000000004 2 0 0 0 0 3 0 0.2 0 0 0 3.6 0 2.6 0 0 0 0 0 0 0 0 0 0 0 0 0 0 0 0 7.4 0 0 0 0 3 0.4 0 1.4000000000000001 0.6000000000000001 0 0.4 0 0 0 0 0 0 0 0 0 0 0 0 0 0 0 0 0 0 0 0 0 0 0.2 0 0 0 0 0 0 
 0 0 0 0 15 0.4 0 0 0.4 0.4 0 0 7 0 0.2 0.4 0 0.4 0 0 9.600000000000001 7.800000000000001 22.200000000000003 52 15.8 0 13 11.4 23.200000000000003 12.600000000000001 27 71.2 7.2 6.2 11.8 19.200000000000003 30.6 72.8 7.4 7.800000000000001 13.600000000000001 13.200000000000001 5 13 1 0 0.2 0.2 0.4 4.800000000000001 0 0.6000000000000001 0 1.8 15.8 0 0 0.6000000000000001 20.6 11.200000000000001 0 0 0.4 0.4 0.4 0 0 0.2 0.2 0 0 0 0 0 0 0 0 0 0.4 0 0 0 0 0 0 0 0 0 0 0 0 0 0 0 0 0 0 0 0 0 0 0.2 0 1.6 2.6 7.800000000000001 0.2 0 2 0.2 0 0.2 0 0 0 1.8 7 0 0 0 3.2 0 3.8000000000000003 1.6 0 2.6 3 4 0 8.4 2.6 0.4 2.2 4.6000000000000005 9.4 0 0 2.4000000000000004 0 0.2 0 0 0 0 0 0 1.4000000000000001 0 0 1.8 1 0 0.2 0.2 0.8 0 0 0 0 0 0 0 0 0 0 0 0.2 0 0 0 0 0 0 0 0 0.4 0 0 0 0 0 0 0 2.6 2.2 0 0 0 0 1.8 2.4000000000000004 2.8000000000000003 0 0 2 0 0 1.4000000000000001 0 0 4.2 9.4 2.4000000000000004 0.2 0 0 5.6000000000000005 0.2 0 2.4000000000000004 0.2 2.2 4.4 5 6.2 5.800000000000001 3.8000000000000003 4.4 4.6000000000000005 1.8 0 0.4 0 0 0 0 0 0 0 0 0 0 2.6 0 0 0 0 0 0 0 0 0 2.2 0 0 0 0 0 0.4 0 0 0.4 0 0 1.4000000000000001 0.2 0.4 1.8 0 0.2 0.4 0 0 0 0 0.4 0 0 0 0 0 0 0 0 0 0 0 0 0 0 0 0 7.4 0 2 0 0 0 0 0 
 0.2 0.2 16.6 0 14.8 0 0 0 0 12.8 0 8 0.4 0 0 0 0 19.6 0.2 0 30.6 26 54 80.60000000000001 74.4 13 0 40 32.800000000000004 46.6 24.8 22.8 80.60000000000001 16.6 25.400000000000002 23.400000000000002 32.4 23.6 13 80.2 0 2.4000000000000004 0 0.2 0.6000000000000001 0 0 0 0 0 0 0.6000000000000001 0 0.6000000000000001 0 0 0 0.6000000000000001 0 0.2 0 0 0 0 1 0 0 0.2 0 0 0 1.4000000000000001 0 0 0 0 0 6.4 0 0 0.2 0 0 0 1.8 0 0 0 0 0 0 2.2 0 0 0 0 0 0 0 0 5.2 0.2 3.8000000000000003 0.8 6.2 0 0 0.2 3.4000000000000004 4 10 2.6 0 0.2 1.6 1.4000000000000001 4 8.4 5.4 0 0.6000000000000001 0 0 0 0 0 0 0 0 0 0 0 0 0 0 0 0.2 0 16.6 2.8000000000000003 0 0.4 0 0 0 0 0 0 0 0 0 0 0 0 0 0 0 0 0 0 0 0 0 0 0 0 0 0 0 0 0 0 0 0.2 6.6000000000000005 0 0 0 0 0 1.4000000000000001 5 0 3.8000000000000003 0 2.2 4.6000000000000005 7 4.4 3 0 0 0 1.2000000000000002 0.6000000000000001 3.6 0 8.200000000000001 1.2000000000000002 3.6 0 0 0 0 4.6000000000000005 0 0.4 0 0 0 0 1.6 0 0 0 0 3.6 0 1.4000000000000001 0 0 0 0 0 0 0 0 0 0 0 0.4 0 0 0 0 0 0 0 0.6000000000000001 0 0 0 0 0 0 0 0 0 0 0 0 0 0 0 1.4000000000000001 0 0.2 0.2 15.4 0.4 0.4 3.2 0 0 0 0 2.2 0 0 0 0 0 0 0 0 0 0 0 0 0 0 1.8 0 0 0 2.4000000000000004 1 0 0 0 
 1.2000000000000002 0 0 0 10 9 0 0 0.6000000000000001 16.2 0.2 16 0 0.6000000000000001 0.6000000000000001 0 14.600000000000001 0 0 0 26 26.400000000000002 19.400000000000002 18.8 33 11.4 40 0 16.6 21.200000000000003 83.60000000000001 8.8 70.4 130 56.400000000000006 9 9.4 22.400000000000002 17.6 53.2 0 40.6 0 0.4 0.6000000000000001 0 0 13 0 41 0 0.6000000000000001 0 0.6000000000000001 0 0 0 0.6000000000000001 0 0.4 0 0 0.2 0 0 0 11 0 0 0 0 0 0 0 0 0 0 0 0.8 0 0 0 0 2 5.2 3.6 0 0 0 0 0 0 0 0 0 0 0 0 0 0 2.2 2.8000000000000003 0.4 13.200000000000001 4 3.4000000000000004 2.6 12 4.2 9.8 2.2 0 0 0 0 4.6000000000000005 0 2.8000000000000003 0 0.8 3.2 0 0 0 0 0 2.6 0 0 0.2 0 0 4.2 0 0 0 3.4000000000000004 0 4.6000000000000005 2.2 0 0 0 0.4 0 0 0 1 0 0 0 0 0 0 0 0.2 0 0 0.2 0 0 0.2 0 0 0 4.6000000000000005 0 0 1 1.8 0 3 0 0 2.6 0 0 0 0 0 7 2 1.6 2.8000000000000003 0 3.4000000000000004 2.4000000000000004 4.4 0 5.800000000000001 1.4000000000000001 0.2 0 1.8 13.600000000000001 6.2 3 3.8000000000000003 0 5 0 0 0 0 0 0 0 0 0 0 0 2.6 0 0 0 0 0 0 0 5 0 0 0 0 0 0 0 0 0 0 0 0 0 0 0 0 0 0 0 0 0 0 0 0 0 0 0 0 0 0 2.6 0.4 0 0 4.6000000000000005 0 0.6000000000000001 0.2 14.8 0.2 0.6000000000000001 0 0 0 0 0 0 0 0 0 0 0 0 0 0 0 0.4 0 0 0 0 1.8 0 0 0 0 0 0 0 0 
 0.6000000000000001 0 0 0.2 0 15 0 0 0.6000000000000001 0 0 16.8 0 0 0 5.4 0 0 0 0 63.800000000000004 59 43.2 20 20.200000000000003 23.200000000000003 32.800000000000004 16.6 0 46.400000000000006 67.2 6 11.600000000000001 34 78.4 87.80000000000001 25.8 24.6 31.8 43.800000000000004 0 0 0.4 0.6000000000000001 0.4 0 12.4 0 0 0 0 0.6000000000000001 0 0.6000000000000001 0 41.800000000000004 0.6000000000000001 1.2000000000000002 0 0 0 0 0 0.6000000000000001 0 0 0.4 0.2 0 0 0 0 0 0 0 0 0.2 0 0 0.2 0 0 0 0 0 0 0 0 0 0 0 0 0 0 0 0 0 0 0 0 0 0 3.4000000000000004 0.6000000000000001 11.8 0 0 0.2 7 2.4000000000000004 8 8.6 0 0 2.4000000000000004 0.2 6.800000000000001 5.2 0.6000000000000001 0 2.6 0 0 0 0 0 0.2 2.6 0 0 0 0 0 6.6000000000000005 0 0 0 0 1.2000000000000002 0 0 0 0 0 0 0 1.2000000000000002 0 0 0 1.6 0 0 0 1.6 0 0 0 0 0 0 0 0 0 0 0 0 0 4 0 0 0 0 0 0 0 2.2 0 0 0 0 0 5.6000000000000005 4.6000000000000005 3.8000000000000003 2.2 3.8000000000000003 0 6.4 0.4 2.6 4.800000000000001 0 0 0 2.6 14.600000000000001 0.6000000000000001 0 3.6 0 14.200000000000001 0 0 0 0 2 0 0 0 0 0 3.4000000000000004 2.8000000000000003 2 0 1.8 0 4.800000000000001 2 0 0 0 0 0 0 0 0 0 0 0 0 0 0.4 0 0 0 0 0 0 0 0 3 0 0 0 0 0 0 0 0 0 0 0 1.6 0.2 0 0 0 0 3.6 0.2 0.4 0 0 0 0.8 0 0 0 0 0 0 0 0 0 0 0 0 0 0 0 0 0 0 0.8 2 0 0 0 
 0 0 0 0 0 0 1 0 0 0 0 0 0 0 0 0 0 0 0 0 11.4 7.2 22.200000000000003 60 9.8 12.600000000000001 46.6 21.200000000000003 46.400000000000006 0 29.200000000000003 53.800000000000004 15.200000000000001 15.8 54 42 35.800000000000004 21.8 11.4 13.4 0 0 0 0.2 0.4 0 0 0 0 0 0 0.6000000000000001 12.4 0.6000000000000001 0 0 0 1 25 0.2 0 0 0 0 0 0 0 0.2 0.2 0 0 0 0 0 0 0 0 0 0 0 0 0 0 0 0 0 0 0 0 0 0 0 0 0 0 0 0 0 0 0 0 0 2.4000000000000004 0.4 6.6000000000000005 1.2000000000000002 0 2.4000000000000004 2.6 8.200000000000001 0.8 0 0.4 0 0 0 4.2 6.4 3 0 2 0 0 0 0 0 2.8000000000000003 1.8 0 0 0 0 2.6 2 0 0 0 0 11.200000000000001 2.6 0 0 0 0.8 0 0 0 4.800000000000001 0 0 0 0 0 0 0 1.6 0 0 0 0 0 0 0 0 0 0 0 0 0 0 0 0 0 0 0 0 0 0 0 0 0 4.4 4.4 5.4 4.4 1.8 4.800000000000001 0 2.4000000000000004 6.6000000000000005 6.800000000000001 3.2 2.6 0 1.2000000000000002 4.2 1.4000000000000001 3.8000000000000003 0 0 0 0 0 0.2 0 0 0 0 0 0 0 0 3.6 2.4000000000000004 0 0 0 0 10.200000000000001 9.600000000000001 0 0 0 0 0 0 0 0 0 0 0 0 0 0.2 0 0 0 0 0 0 0 0 2.4000000000000004 0 0 0 0 0 0 0 0 0 0 0 0.4 0 0 3 0 0 0 3.8000000000000003 0 0 0 0 0 0 0 0 0 0 0 0 0 0 0 0 0 0 0 1.2000000000000002 0 9.4 0 0 0.2 0 0 0 
 0 0 0 0 0 0 0 0 0 0 0 0 0 0 0 0 0 0 0 1.8 7 16.8 24 34.800000000000004 104.80000000000001 27 24.8 83.60000000000001 67.2 29.200000000000003 0 46.6 6.2 47 12 20.8 77.60000000000001 23.8 62.800000000000004 7 0 0 1 0.8 0.6000000000000001 0 17.2 12.600000000000001 0 0 0 0.6000000000000001 14.8 5.800000000000001 0 0 0 0.6000000000000001 26.400000000000002 12.4 0.2 0 0.2 0.2 0 0 0 0 0.2 6.2 0 0 0 0 0 0 0 3 0 0 0 0 0 0 0 0 0 0 0 0 0 0 0 0 0 0 0 0 0 0 2.6 1.8 0 5.800000000000001 10 6.4 0 0 1.8 9.200000000000001 3.6 0.2 0 0 0 0 2 0 0 0 1.8 3.2 0 0 0 0 3 6.2 0 0.2 0 0 4.4 5.2 0 0 0 0 2 3.4000000000000004 0 0 0 0 0 0 0.2 0 0 0 1.2000000000000002 0 0 0 1 0 0 0 0 0 0 1.2000000000000002 0 0 0 3.4000000000000004 1.2000000000000002 0 0 0 0 0 0 0 0 0 0 0 0 0 1.8 3.8000000000000003 0 3.2 0 0 0 0.4 0.2 7.800000000000001 4.800000000000001 6 0 0 3.6 5.800000000000001 0 3.6 0 0 1.6 5 0 0.6000000000000001 0 0 0.2 2 1.6 0 0 0 10 9.4 0.6000000000000001 3.8000000000000003 2.6 0 0 7.2 0 0 0 0 0 0 0 0 0 0 0 0 0 0 0 2.4000000000000004 0 0 0 0 0 2.2 0 0 0 0 0 0 0 0 0 0 0 0 1.2000000000000002 0 0 7.6000000000000005 29.6 2 1.6 0 0 0 0 0 0 0 0 0 0 0 0 0 0 0 0 0 0 0 0 2 0 0 0 0 0 0 0 0 
 0 0 0 0 0.2 0 0 0 0 0.4 0 0 0 0 0.2 0 0 0 0.4 0 27.200000000000003 80 16.8 79.80000000000001 33.800000000000004 71.2 22.8 8.8 6 53.800000000000004 46.6 0 4.4 18 16.6 92.4 22.400000000000002 44.6 7.2 7.4 12.4 0 0 0.4 0.6000000000000001 0 6 3.6 0 0 0 0.6000000000000001 12.4 13.200000000000001 12.600000000000001 7.2 0 1.4000000000000001 0.4 10.8 0 0 0 0.4 0 0 0 0.6000000000000001 0 0 0 0.4 0.4 0 0 0 10.200000000000001 0 0 0 0 0.2 0 0 0 0 0 0 0 0 0 0 0.4 0 0 0 0 0 0 0 0 2 2.4000000000000004 0 2.2 7 0 2.4000000000000004 7.4 2.8000000000000003 0 3.8000000000000003 2 0 0.4 0 3.2 8.4 3 0 3.2 0 0 0.2 0 0.2 3.2 5.6000000000000005 0 2.4000000000000004 0.2 0 0 4.6000000000000005 2.4000000000000004 0 0 1.8 0 6.6000000000000005 0 0 0 0 0 0 0 0 0 0 0 0 0 0 0 0 0 0 0 0 0 1.4000000000000001 0 0 0 0 0.2 0 0 0 0 0 0.4 0 0 0 0 0 0 0.2 0 1.2000000000000002 4 3.8000000000000003 1.6 3 4.6000000000000005 0.2 9 2.4000000000000004 6.800000000000001 0 0.2 0 2.4000000000000004 8.4 0 2.8000000000000003 0 0 0 4.4 0 1.6 0 0 7.800000000000001 0 0 0 0 0 2.8000000000000003 5.6000000000000005 7.800000000000001 7 5.6000000000000005 2.8000000000000003 9.200000000000001 5.4 0 0 0 0 0 0 0 0 0 0 0 0 2.4000000000000004 0 0 0.2 0 0 0 0 0 0 1.8 0 0 0 0 0 0 0 0 0 0 0 3.2 0 0.4 32.4 0.2 0.2 0 3.2 0 0 0 0 0 0 0 0 0 0 0 0 0 0 0 0 0 0 0 1.6 0 0 0.4 0 0 0 0 0.2 
