 0 40.800000000000004 58 7.6000000000000005 52.800000000000004 7.4 106.2 26.6 113.2 48.6 13.8 37.6 11.8 59 75.8 94.2 6.800000000000001 22.8 8.8 9.4 0 0 0 0.8 0.4 40.6 0.4 0 0.6000000000000001 0 0 0 0.4 0 0 0 0 0 0 0 15.4 0.6000000000000001 0 0.6000000000000001 0.6000000000000001 0.4 0 0.2 0.4 0 0 0 1 0.4 0 0 0 0 0 2.6 0 0 0 0.6000000000000001 0 0.6000000000000001 0.2 1 0.2 0.6000000000000001 0 0.4 0 0.6000000000000001 0 0 0 0.4 0 0 6.4 1.8 2.6 4.800000000000001 0.2 0 5.800000000000001 8 4.2 10.8 1.8 0.4 2.8000000000000003 9 5.6000000000000005 8.6 4.800000000000001 4.800000000000001 1.4000000000000001 0.4 0.2 0 0 0 0 0 0 0 0 0 0 0 0 0 0 0 0 0 2 0 0 0 0 0.2 0 0 0 0 0 3 0 0 0 0 0 0 0 0.2 0 0 0 0 0 0 0 2.8000000000000003 0 0 0 0 0 0 0 0 0 0 0 0 0 0 0 0.2 3.6 0 4 3 7 4.4 0 8.4 4.4 0 2.6 5 2.8000000000000003 3 5 4.4 4.4 3 0 0 3 0 0 0 0 0 0 0 0 0 2.6 0 0 0 3 0 6.4 0 0 0 0 0.4 0 0 0 0 0 0 0 0 0 0 0 0 0 0 0 0 0 0 0 0 0 0 0 0 0 0 0 0.4 0 0 0.6000000000000001 0 0 0 0 0 0 0 0 0 0 0 0.4 0 10.200000000000001 0.2 0 21.200000000000003 0 0 0 0 0 0 0 0 0 0 0 0 0 0 0 0 0 0 0 0 0 0 0 2.4000000000000004 6.6000000000000005 0 0 0 0 0 0 0 0 0 0 0 0 0 
 40.800000000000004 0 53.2 13.200000000000001 25 59.400000000000006 91 59 47.800000000000004 12.4 59 6.2 25.6 89.2 33.800000000000004 25.200000000000003 54.800000000000004 13 11.4 18.6 0 0 0 0.6000000000000001 0.4 0 0.4 0 0.6000000000000001 0 0 0.4 0.6000000000000001 0 0 0 0 0 0.2 0 0 0.4 0 0.6000000000000001 0.2 0.8 0 0 0.6000000000000001 0 0 0 0.6000000000000001 0 0 0 0 1.8 0 0.4 0 1.4000000000000001 0 0.2 0 1.2000000000000002 0.6000000000000001 4.4 0 0.2 0.4 0.6000000000000001 0 0.6000000000000001 0 0 0 0.4 0 0 6.2 3.8000000000000003 3.4000000000000004 0 2 3.4000000000000004 3.2 3 4.4 9.8 2.2 7.6000000000000005 2.8000000000000003 6.2 1.4000000000000001 4.800000000000001 0 5.800000000000001 0 0.2 0 0 0 0 0 0 0 2.8000000000000003 0 0 0 0 0 0 0 0 0 0 3 0 0 0 2.6 0.4 0 0 0 0 0 0.2 0 0 0 0 0 0 0 0 0 0 0 0 0 0 0 0 0 4 0 0 0 0 0.4 0 0 0 0 0 0 0 0 0.8 0 0 1.6 2.6 7 0 0 3.2 4 1 2.8000000000000003 5.800000000000001 6 5.800000000000001 5.6000000000000005 3.4000000000000004 3 3.4000000000000004 0 0 0 0 0 0 4.2 0 0 0 0 0 9.200000000000001 0 0 0 0 0 4.4 0 0 0 0 0.2 0 0 0 4.6000000000000005 0 0 0 0 0 0 0 0 0 0 0 0 0 0 0 0 0 0 0 0 0 0 0 0.2 0 0 0 0 0 0 0 0 0 8.200000000000001 0 0 0 0.4 0.2 0.4 0.4 1 0 2.8000000000000003 0 0 0 0 0 0 0 0 0 0 3.8000000000000003 0 0 0 2.8000000000000003 0 0 0 0 0 0 0 0 3.4000000000000004 0 0 0 0 0 0 0 0 0 2 0 0 0 0 
 58 53.2 0 20.6 35 17.6 18.6 29.400000000000002 38.6 74 69.2 7.2 51.2 51.400000000000006 25.400000000000002 11 16.400000000000002 55 24 21.400000000000002 0 0 0 0.4 0.4 0 0.4 0 0.6000000000000001 0 0 1.4000000000000001 0.4 0 0 0 0 0.4 0 0 0 0.4 0 0.6000000000000001 0 0.4 0 0.2 0.6000000000000001 0 0 0 0.6000000000000001 0 0 0 0 1.2000000000000002 0 0.6000000000000001 0 1.8 0 0 0 2.6 0.6000000000000001 1.2000000000000002 0 0 1.2000000000000002 1 0.6000000000000001 0.6000000000000001 0 0 0 0.4 0 0 2.2 3.4000000000000004 3.4000000000000004 0 2 3.8000000000000003 2.8000000000000003 2 2.2 5.6000000000000005 0.6000000000000001 3.6 0.2 0 0 3.2 3 2.2 0 0 0 0.4 0 0 0 0 0 0 0 0 0 0 0 0 0 0 0 0 3.8000000000000003 0 0 0 0 0 0 0 0 0 0 0.2 0 0 0 0 0.2 0 0 0 0 0 0 0 0 0 0 0 0 0 0 0 0 0 0 0 1.4000000000000001 0 0.2 0 0 0 0 0 0 0 2.2 1.8 4.2 0 0 5 6.4 1.8 0 3.8000000000000003 6.2 12.200000000000001 2.2 1.4000000000000001 2 3 0 0 0 0 0 0 4.4 0 0 0 0 0 2.4000000000000004 0 0 0 0 0 8 0 0 0 0 0 0 0 0 0 0 0 0.2 0 0 0 0 0 0.2 0.2 0 0 0 0 0 0 0 0 0 0 0 0 0 0 0 0 0 0 0 0 0 2.8000000000000003 0 2 0 0 0 0.8 0.2 0 0 0.6000000000000001 0 1 0 0 0 0 0 0 0 0 0 0 2.6 0 0 0 0 0.2 0 0 0 0 0 0 0 3 0 0 0 0 0 0 0 0 0 0 0 0 0 0 
 7.6000000000000005 13.200000000000001 20.6 0 17.8 10.4 24.6 13.8 30.200000000000003 70.2 58.800000000000004 44.800000000000004 33.4 18.2 72 7.6000000000000005 11.4 7.800000000000001 18.8 10.8 14.4 0 0.2 0.6000000000000001 0.4 0.2 47.400000000000006 0 0.6000000000000001 0 0 0 14.8 13 0 0.4 0 0 15.600000000000001 21.400000000000002 0 0.6000000000000001 0 0.6000000000000001 0.6000000000000001 0.8 0 0 0.4 0 0 0 0.6000000000000001 0.4 0 0 0 0 0 0 0 1.6 0 0.6000000000000001 0 0.6000000000000001 1 0 0.2 0.6000000000000001 0 0.4 0 0.6000000000000001 0 0 0 0.4 0 0 0 5 6.4 3.2 6.4 4.800000000000001 0 0 5.4 9.600000000000001 3.8000000000000003 4 0 0 2.2 2 3.8000000000000003 0 0 0.4 0 0 0 0 0 0 5.4 3.4000000000000004 6.2 0 0 0.2 3.4000000000000004 5 1.6 0.4 0 0 3.2 0 0 0 0 0 0 0 0 0 0 0.2 0 0 0 0 0 0 0.8 0 0 0 0 0 0 0 0 0 0 0 0 0 0 0 0 0 0 0 0 0 0 0 0 4 0.4 3 6 2 0 0 0 0 3.8000000000000003 14.200000000000001 4.4 0.6000000000000001 0 0.4 0 0 0 0.6000000000000001 3 2.8000000000000003 0 0 0 0 17.2 1.4000000000000001 3.8000000000000003 2.2 0 0 9.200000000000001 0 0 0 2.4000000000000004 0 9.600000000000001 5.800000000000001 0 0 1.8 0 0 0 0 0 0 0 0 0 0.2 0 0 0 0 0 0 0 0 0 0 0 0 0 0 0 0 0 0 0 0 0 0 0 0 0 0 0 0 0 0 0 0 0 18.400000000000002 0 0 0.6000000000000001 5.6000000000000005 0.4 0.6000000000000001 0.4 0 0 0 0 0 0 0 0 0 0 0 0 0 0 0 0 0 0 0 0 0 3.2 0 0 0 0 0 0 0 0 0 0 0 0 0 0 
 52.800000000000004 25 35 17.8 0 61.2 30.200000000000003 12.200000000000001 47 87.2 59.800000000000004 61 56.6 21.200000000000003 37.4 15.8 79.60000000000001 130 16 10 14.8 18.2 12.600000000000001 0.8 0.4 0 28.200000000000003 0 0.8 0 0.2 0 30.400000000000002 23.6 17.8 0 0 0 26.8 16.2 0 0.6000000000000001 0 0.6000000000000001 0.6000000000000001 0 0 0.2 0.4 0 0 12 0.6000000000000001 0 0 0 0 0 0 0 0 0 0 0.6000000000000001 0 0.4 0 1.2000000000000002 0.4 0.6000000000000001 0 0.4 0 0.6000000000000001 0 0 1.8 0.4 0 0 0 4.6000000000000005 12 9.600000000000001 4 0 0 2.8000000000000003 0 5 4.2 17.2 0 0 0 0.4 9 8.4 0 2.6 0 0 0 0 0 1 3.6 0 3.6 0 0 0 3.6 3.8000000000000003 2.6 2.6 0 0 2.4000000000000004 0.2 0 1.2000000000000002 0 0 0 0 0 0 0 3 0.4 0 0 0 0 0 0 0 0 0 0 0 0 0 0 0 0 0 0 0 0 0 0 0 0 0 0 0.8 0 0 0 3.4000000000000004 3.4000000000000004 0 6.6000000000000005 0 3 0 0 3.2 1.4000000000000001 3 0 4.2 0 5.2 0 4 0 1.2000000000000002 6.2 2.8000000000000003 0 0.2 3 0 11.4 0.2 2.8000000000000003 0 0 0 6.4 3.8000000000000003 0.2 0.2 1.8 0 9.600000000000001 5.6000000000000005 0 0 0 0 0 0 0 0.8 0 0 0 0 0.8 0 0 0 0 0 0 0 0 0.4 0 0 0 0.4 0 0 8 0.4 0 0 4 0 0 0.6000000000000001 0 0 0 0 0 0 0 0 0 0 0.8 0 1 2.6 0 2 0 0 0 0 0 0 0 0 0 0 0 0 0 0 0 0 0 0 0 0 0 0 0 2.4000000000000004 0 0 0 0 0 0 0 0 0 0 0 0 0 0 
 7.4 59.400000000000006 17.6 10.4 61.2 0 9.200000000000001 7.4 31.6 39.400000000000006 86.80000000000001 99.4 9 110.2 11 37 41.6 32.800000000000004 10 9.200000000000001 0 1 0 0.6000000000000001 0.4 0 0.8 0 15.8 0 0.8 0 0.4 4.2 0.2 4 0 0 18.400000000000002 0 0 0.6000000000000001 0 1 0.6000000000000001 0.4 0.6000000000000001 12.4 0.4 0 0 0 1.2000000000000002 0 0.6000000000000001 0.6000000000000001 0 1 0.4 12.600000000000001 0 0 0 12.200000000000001 0.4 0.6000000000000001 0.2 1.2000000000000002 0.2 0.6000000000000001 0 0.4 0 1 0 0 0 0.8 0.2 0 0 2.4000000000000004 4.2 0 0.4 0 0 4.4 0.2 0.6000000000000001 0 2 0 0 0 2 3.8000000000000003 0 0 0 2.8000000000000003 5.2 3.6 0 0 0 2 4 3.2 2 2 5.6000000000000005 7 0 1.4000000000000001 0 0 5.800000000000001 8.200000000000001 5.2 0 0 0 0.2 0 0 0 0 0 2.6 0 0 0 0 0 0 0 0.4 0 0 0 0 0 0 0 0 0 0 0 0 0 0 0.2 0 0 0 0 0 0 0 0 0 0 0 0 5.4 0.4 0 4 0 0 1.6 0 0.4 1.6 2 0.6000000000000001 0 0 0 5.800000000000001 5.2 8.4 2.4000000000000004 0 0 1.8 1.8 2 7 0 0 4.800000000000001 0 8.4 0 2.4000000000000004 0 0 3 0 0 0 0 0 0 0 0 0 2.4000000000000004 0 0 0 0 0 0 0 0 0 0 0 0 0 0 0 0 0 0 0 0 0 0.2 0 0 0 0 0 0 0 0 0 2.2 0 0 0 1 17.2 0 1 17.6 0 1.2000000000000002 0 0 0 0 0 0 0 0 0 0 4 0 0 0 0 0 0 0 0 0 0 0 0 0.2 0 0 0 0 0 0 0 0 0 0 0 0 0 0 
 106.2 91 18.6 24.6 30.200000000000003 9.200000000000001 0 56 12.8 7 67.8 51.400000000000006 36 64 28.400000000000002 73.4 5.4 9.8 26.6 28.200000000000003 0 0 0 0.6000000000000001 6 40.2 0.4 0 1 0.4 0 0 4.800000000000001 0 0 40.2 0 0 0 0 0 0.6000000000000001 0 0.6000000000000001 0.6000000000000001 0.4 0 0 0.4 0.8 0 0 0.6000000000000001 0 0 0 0 0 0 0 0 1.4000000000000001 0 0.6000000000000001 0 0.4 0 4 0.4 0.6000000000000001 0 0.4 0 0.6000000000000001 0 0 0 0.4 0 0 7.2 0 0 0 0 4.4 2 7 0 3 0.4 2 3.8000000000000003 2.4000000000000004 2.2 2 0.4 2 1.4000000000000001 4 0 0 0 0 0 0 0 0 0 0 0 0 0 0 0 0 0 0 3.2 0 0 0 0 4.4 0 0 0 0 0 0 0 0 0 0 0 2.8000000000000003 0 0 0 0 0.2 0 0 0 0.2 0 0 0 0 0.4 0 0 0 0 0 0 0 0 0 0 4.4 0.8 1.8 0.4 2.6 0 5 0 0 3.6 2.4000000000000004 0 0 5.6000000000000005 3.4000000000000004 2 2.4000000000000004 6.6000000000000005 2.2 2.6 0 0 0 0 0.4 0 0 0 0 0 0 0 1.8 0 0 0 0 0 2 0 0 0 0 0 0 0 0.4 0 0 0 0 0 0 0 2.4000000000000004 0 0 0 0 0 0 0 0 0 0 0 0 0 0 0 0 0 0 0 0 0 0 0 0.4 0 0 0 0 0 0.4 0.4 0.2 0.4 0.2 0 0 3.4000000000000004 0 0 0 0 0 0 0 0 0 0 0 0 0 0 0 0 0 0 0 0 0 0 0 4.800000000000001 0 0 0 0 0 0 0 0 0 0 0 0 0 0 
 26.6 59 29.400000000000002 13.8 12.200000000000001 7.4 56 0 77.4 9 39.400000000000006 6.2 85.80000000000001 13.4 31.200000000000003 10.200000000000001 18.6 32.800000000000004 38.2 44.6 0.4 0 0 0.8 0.6000000000000001 0 0.4 0 1 0 0.2 0 0.4 15 0 0.4 0 0 0.4 0 0 0.6000000000000001 0 8.4 0.4 0.4 0.8 0 0.6000000000000001 0 0 0 0.6000000000000001 0.4 0 0 0 1.4000000000000001 0 0.2 0 0.4 0 0.2 0 0.6000000000000001 0.6000000000000001 0 0 0.4 0 0.4 0 0.6000000000000001 0 0 0 0.4 1.4000000000000001 0 8.200000000000001 6.2 3.6 4.800000000000001 0 0 0 0 2 2.2 0 6.6000000000000005 2.2 5.6000000000000005 4.6000000000000005 2.6 0 3.8000000000000003 0 4.4 0 0 0 0 0 0 0 0 0 0 0 0 0 0 0 0 0 0 0 0 0 0 0 0 0 0 0 0 0 0 0 0 0 0 0 0 0 0 0 0 0 0 0 0 2 0 0 0 0 0 0 0 0 0 0 0 0 0 2.6 0 1.8 7 5.2 0 0 2.6 0 2.8000000000000003 0.6000000000000001 0 0 1.8 0 1.2000000000000002 10.8 2 4.4 0.2 0.2 3.4000000000000004 0 0 0 0 0 0 0 0 0 0 0 0 0 0 0 0 0 0 0.6000000000000001 0 0 0 0 0 0 0 0 0 2.6 0 0 0 0 0 3.8000000000000003 0 0 0 0 0 0 3.2 0 0 0 0 0 0 0 0 0 0 0 0 3.2 0 0 0 0 0 0 2 0 0 0 0 0 0 0.8 0.8 0 1.6 0 0 0 0 0 0 0 0 0 0 2.6 0 0 0 0 0 0 0 0 0 0 0 0 0 0 0 0 0 0 0 0 0 0 0 0 0 0 0 
 113.2 47.800000000000004 38.6 30.200000000000003 47 31.6 12.8 77.4 0 14.8 4.800000000000001 17.2 15.600000000000001 48.800000000000004 67.8 53.400000000000006 68.2 25.8 99.60000000000001 29.8 0.4 0 14.600000000000001 1.2000000000000002 0.4 0 0.4 0.4 0.6000000000000001 0 0 0.2 0.8 0 0 0.2 0.4 0 0.2 0 0 0.6000000000000001 0 0.6000000000000001 0.4 0.8 0 11.4 0.6000000000000001 0 0 0 0.6000000000000001 0 0 0 0 0 0 12.200000000000001 0.2 0.6000000000000001 0 0.2 0 0.6000000000000001 0.6000000000000001 2 0 0.4 0.8 0.4 0 0.6000000000000001 0 0.2 0 0.4 0 0 5.2 2 5.4 0 2.8000000000000003 0 4 5.6000000000000005 0.4 6 0 3.8000000000000003 2 7 6.6000000000000005 9.8 3.2 0 3.6 1.8 0 0 0 0 0 0 0 0 0 0 0 0 0 0 0 0 0 0 2.8000000000000003 0 0 0 0 0 0 0 0 0 0 1.6 0 0 0 0 0 0 0 0 0 0 0 0 0 0 0 3.8000000000000003 0 0 0 0 0 0 2.8000000000000003 0 0 0 0 2.6 0 0 0.2 4.6000000000000005 2 0 2.4000000000000004 0 3.6 7.2 4.6000000000000005 3.2 2.8000000000000003 0 2.8000000000000003 3 6.6000000000000005 2.2 2.4000000000000004 4.4 5 6.2 0 0 0 0 0 0 0 0 0 0 0 3 2.2 0 0 0 0 0 7.800000000000001 0 0 2.6 0 0 0 0 0 0 0 0 0 0 0 0 0 0 0 0 0 0 0 0 0 0 0 0 0 0 0 0 0 0 0 0 0 0 0 0 0 0 0 0 0 0 0 0 0 0 19 18 0 3.6 0 0 0 0 0 0 0 0 0 2.2 0 0 0 0 0 0 0 0 0 0 0 0 0 4.2 1.6 0 0 0 0 0 0 0 0 0 0 0 0 0 
 48.6 12.4 74 70.2 87.2 39.400000000000006 7 9 14.8 0 55.2 19.8 27 15.600000000000001 36 14.200000000000001 30.200000000000003 49.400000000000006 55.2 58 0 0.2 0 0.8 0.4 0 4.800000000000001 0.4 0.6000000000000001 0 0 0 15.600000000000001 15.600000000000001 0 0 0 0 7.2 26.6 0 0.4 0 0.6000000000000001 0.2 0.4 0 0 0.6000000000000001 0 0 0 0.6000000000000001 0 0 0 0 0 0 0.4 6 1.4000000000000001 0 0 0 0.6000000000000001 0.6000000000000001 0 0 0.6000000000000001 0 0.6000000000000001 0 0.6000000000000001 0 0 0 0.4 0 0 0 2.8000000000000003 5.6000000000000005 9.200000000000001 3.2 15.600000000000001 0 0 2 2 5.800000000000001 0 0 0 1.6 1.4000000000000001 7 6 0 3.8000000000000003 2.4000000000000004 4.6000000000000005 0 0 0 0 0.2 1.8 0 0 0 3.6 7.2 0 0 0 0 0.4 4.800000000000001 0 0 0 0 0 0 0 0 0 0 0 0 0 0 0 0 0 2.2 0 0 0 0.2 0 0 0 0 0 0 0 0 0.4 0 0 0 0 0 0 0 0.2 0 0 0 6.2 3 6.2 5.4 0 0 0.2 2.2 0 4.2 4 1.8 0 0 3.6 0.6000000000000001 2.4000000000000004 0 0 1.8 0 0 0 0.4 0 6.4 0 0 2.8000000000000003 0 0 0 0 2.2 0 0 0 0.2 0.2 0 0 0 0 0 0 0 0 0 0 0 0 0 0 0 0 0 0 0 0 0 0 0 0.2 0 0 0 0 0 0 0 0 0 0 0 0 0 0 0.4 0 0 0 0 0 0.4 0.4 17 0 0.8 0 3.2 1.4000000000000001 2.2 0 0 0 0 0 0 0 0 0 0 0 0 0 0 0 0 0 0 0 0 0 7.800000000000001 0 0 2 0 0 0 0 0 0 0 0 0 0 0 0 
 13.8 59 69.2 58.800000000000004 59.800000000000004 86.80000000000001 67.8 39.400000000000006 4.800000000000001 55.2 0 15 9 29.400000000000002 12.600000000000001 59.400000000000006 59.800000000000004 94.80000000000001 6 9 12.200000000000001 0.4 0.4 0.8 0.4 0 1.2000000000000002 0.4 1 0.8 0 0 28.8 17.2 0 0 0 0 0.2 0 0.6000000000000001 0.4 0 0.6000000000000001 0 0.4 0 0 0.6000000000000001 0 0 0 1 0.2 0 0.4 0.6000000000000001 0.6000000000000001 0.6000000000000001 0.6000000000000001 0 1.8 0 0 0 0.6000000000000001 0.6000000000000001 0 0 0.2 0 0.6000000000000001 0.4 0.6000000000000001 0.6000000000000001 0.4 0 0.4 0.4 0 0 7.2 4.800000000000001 14.4 14.200000000000001 11.200000000000001 0 0 3.4000000000000004 7 5.2 3.2 0 0.2 0.2 3.4000000000000004 5.4 7 0 2.8000000000000003 0 2.2 0 0 0 0 0 0.2 0 0 0 2 4 4 0 0 0 0 0.4 0 0 0 0 0 0 0 0 0 0 0 0 0 0 0 0 3 0 0 0 0 0 0 0 0 0 0.2 0 0 0 0 0 0 0 0 0 0 0.2 0.6000000000000001 0 0 0 3 2.4000000000000004 8 2.2 2.2 0.6000000000000001 0 0.4 1.8 1.6 1.2000000000000002 2.6 6 2.8000000000000003 4.800000000000001 4.800000000000001 2 0 1.2000000000000002 6.6000000000000005 0.4 0 0.2 0 0 4.2 0 0 0 0 0 1.2000000000000002 0 0 0 0 0 2.8000000000000003 0 0 0 3.2 2.6 0 0 0 0 0 0 0.2 0 1.8 0 0 0 0 0.2 0 0 0 0 0 0 0 0 0 0 0 0 0 0 0 0 0 0 0 0 0 0 0 0 0 0 0 1.2000000000000002 0.4 0 0.2 17.6 0 1 2 0 0 0 0 0 0 0 0 0 0 0 0 0 0 0 0 0 0 0 0 0 0 0 0 2 0 0 0 0 0 0 0 0 0 0 0 0 
 37.6 6.2 7.2 44.800000000000004 61 99.4 51.400000000000006 6.2 17.2 19.8 15 0 9.200000000000001 68.2 50.400000000000006 24.400000000000002 15.4 60.2 7.6000000000000005 14.4 12 0 0 0.8 0.4 0 0.6000000000000001 0.4 1 0 0 0 12.4 29.6 0 0 0 0 0.2 19.6 0 0.6000000000000001 0 0.6000000000000001 0.6000000000000001 0.8 0 12.600000000000001 0.4 0.6000000000000001 0 0 0.6000000000000001 0 6.800000000000001 0 0 0 0 0 0 0 0 10.4 0 0.6000000000000001 0.2 1 0.2 0.6000000000000001 0 0.4 0.6000000000000001 0.6000000000000001 0 0 0 0.4 0 0 0 0 3.8000000000000003 3 4.6000000000000005 2.8000000000000003 0 2.2 0 3 1.4000000000000001 0.2 0 1.4000000000000001 2 2.8000000000000003 5.6000000000000005 7.800000000000001 0 0 2.8000000000000003 1.8 0 0 0 0 0 1.8 3.6 0 0 2 0.4 4 4 0 0 0.6000000000000001 7.6000000000000005 7.4 0 0 0 0 0 0 0 0 0 1.8 0.2 0 0 0 0 0 0 3.8000000000000003 0 0 0 0 0 0 0 0 0 0 0 0 0 0 0.2 0 0 0 0 0 0 0 0.6000000000000001 0 0 0 7.4 2 2 0 5 7.800000000000001 3.6 0 0 0 0 1.8 0 0.2 0 0 11 0.4 1.4000000000000001 0.6000000000000001 0 0 0 3.4000000000000004 2.2 3.8000000000000003 0 0 2.2 0 3 0.4 0.2 0 1.8 2.6 0 0 0 0 0 0 0 0 0 0 0 0 0 0 0 0 0 0 0 0 0 0 0 0 0 0.2 0 0 0 0.2 0 0 0 0 0 0 0 0 0 0 0 0 0 0 0 0 36.2 0 0 0.4 0.2 1.2000000000000002 0 0 0 0 0 0 0 0 0 0 0 0 0 0 0 0 0 0 0 0 0 0 0 3 2.6 0 0 0 0 0 0 0 0 0 0 0 0 2.8000000000000003 
 11.8 25.6 51.2 33.4 56.6 9 36 85.80000000000001 15.600000000000001 27 9 9.200000000000001 0 31.8 91.80000000000001 23.6 6.800000000000001 8.8 34.2 52.400000000000006 0 0 0 1 0.4 0 0.4 0.2 15.4 0 0 0 0.4 0 0 0 0 0 0 0 0 0.6000000000000001 0 0.6000000000000001 0.6000000000000001 0.4 0 0 0.4 0 0 0 0.6000000000000001 0 0 0 0 0 0 0 0 0 0 0.6000000000000001 0 0.4 0 0 0.4 0.6000000000000001 0 0.4 0 0.6000000000000001 0 0 0 0.6000000000000001 0.2 0 0 2.8000000000000003 0 3.8000000000000003 0 0 9.8 3.2 0 0 3.2 0 0.8 3 1.8 0 0 0.6000000000000001 0 2 0 0 0 0 0 0 0 0 0 0 0 0 0 4 0 0 0 0 0 0 0 0 0 0 0 0 0 0 0 0 0 0 0 0 0 0 0 0 0 0 0 0 0 0 0 4.6000000000000005 0 0 0 0 0 0 0 0 6.2 0 0 0 0 0 2.6 5.4 5 1.4000000000000001 0 0 3 6.4 6 0 0 0 11 2.8000000000000003 0.2 0.2 4 2.6 4.800000000000001 0 0 0 0 0 0 0 0 0 0 0 0 0 0 0 0 0 0 0 0 0 0 0 0 0 0 0 0 0 0 0 0 0 0 0 0 0 0 0 0 0 0 0 0 0 0 0 0 0 0 0 0 0 0 0 0 0 0 0 0 0 0 5 0 0 0 0 0 0 0 0.4 0 2 6.4 0 0 0 0 0 0 0 0 0 6.2 0 0 0 0 0 0 0 0 0 0 0 0 0 0 0 0 0 0 0 0 0 0 0 0 0 0 0 
 59 89.2 51.400000000000006 18.2 21.200000000000003 110.2 64 13.4 48.800000000000004 15.600000000000001 29.400000000000002 68.2 31.8 0 82.4 45 8 4.4 35.800000000000004 49.400000000000006 0 1 0 1.6 0.4 0 16 0 0.6000000000000001 0 0 0.2 2 0 0.2 0 0 0 0.4 0.2 0 0.8 0 0.6000000000000001 0.6000000000000001 0 0.8 0.2 0.6000000000000001 0.6000000000000001 0 0 1.2000000000000002 0.6000000000000001 0 1 0.4 0.6000000000000001 0 1 0.8 1 0 0 0.2 1 0.8 1 0 0.2 0 1 0.2 1 0.4 0.4 0 0.6000000000000001 1 0.4 5.4 0 2.6 0 0 0 6 13 0 3.8000000000000003 1.8 4 0 1.8 0.4 0.6000000000000001 5 2.6 2 8.4 0 0 0 0 0 5.6000000000000005 0 0 0 0 0 0 0 0 0 0 0 0 2.2 0 0 0 0 0 0 0 0.4 0 0 3 0 0 0 0 0 0 0.2 0 0 0 0 0 0 0 0 0.2 0 0 0 0 0 0 0 0 1.6 0 0 0 0.2 0 2.4000000000000004 0.8 1.8 0 3 0 11.4 0.6000000000000001 0 5.2 3.6 0 0 10 4.2 3.6 2.4000000000000004 1.8 5.2 2.6 0.2 0 0 0 0 0 0 0 0 0 0 0 2.6 0 0 0 0 0 3.8000000000000003 0 0 0 0.4 0 0 0 0 0 0 0 0 0 0 0 0 0 0 0 0 0.2 0 0 0 0 0 0 0 0 0 0 0 0.2 0 0 0.6000000000000001 0 0 0 0 0 0 0 0 0 0 0.6000000000000001 0 0.4 0 0.4 0.2 0.8 0 0 0 0 0 0 0 0 0 0 0 0 0 0 0 0 0 0 0 0 0 0 0 2.4000000000000004 0 0 0 0 0 0 0 0 0 0 0 0 0 0 
 75.8 33.800000000000004 25.400000000000002 72 37.4 11 28.400000000000002 31.200000000000003 67.8 36 12.600000000000001 50.400000000000006 91.80000000000001 82.4 0 65.4 8.6 8 139.4 97.60000000000001 0 0 0 0.6000000000000001 0.4 0 0.4 0 1 0.4 0.4 0 0.4 0 0.2 0 0 0 0 0 0 0.6000000000000001 0 0.6000000000000001 0.4 0 0 0 13.8 0 0 6.4 0.6000000000000001 0 0 0.2 0 0 0 0.2 0 0.4 0 0.2 0 0.6000000000000001 0.6000000000000001 0 0 0.4 0 0.4 0 0.6000000000000001 0 0 0 0.6000000000000001 0.6000000000000001 0 2.6 3.4000000000000004 0 3 0 0 9.200000000000001 5.2 0 0 3.6 0 2.8000000000000003 1.4000000000000001 4.4 0 0 2 2.8000000000000003 2 0 0 0 0 0 0 0 0 0 0 0 0 0 0.2 0 0 0 0 0 0 0 0 0 0 0 0 0 0 0 0 0 0 0 0 0 0 0 0 0 0 0 0 0 0 0 0 0 0 0 0 0 0 0 0 3.8000000000000003 0 0 0.2 0 0 2.6 6.800000000000001 6.6000000000000005 1.4000000000000001 0 0 6.4 6.2 4.2 0 0 0 5 11.8 4.800000000000001 11.600000000000001 13.600000000000001 0.2 3.6 2 0 0 0 0 0 0.6000000000000001 0 0 0 0 0 0 0 0 0 0 0 0 0 0 0 0 0 0 0 0 0 0 0 0 0 0 0.4 0 0 0 0 0 0 0 0 0 0 0 0 0 0 0 0 0 3.2 0 0 0 0 0 0 0 0 0 0 0 0 0 0 0 0 0 0.6000000000000001 0.4 0 3.4000000000000004 2.2 0 0 0 0 0 0 0 0 0 0 0 0 0 0 0 0 0 0 0 0 0 0 0 3 0 0 0 0 0 0 0 0 0 0 0 0 0 
 94.2 25.200000000000003 11 7.6000000000000005 15.8 37 73.4 10.200000000000001 53.400000000000006 14.200000000000001 59.400000000000006 24.400000000000002 23.6 45 65.4 0 15.600000000000001 47.6 33.800000000000004 28.400000000000002 15 0.6000000000000001 0 0.8 0.4 0 0.4 0 0.6000000000000001 0 0 0 0.4 0 0 0.2 0 0.4 5.6000000000000005 0 0 1.2000000000000002 0 0.6000000000000001 0.4 0.4 0 26.200000000000003 0.6000000000000001 0.2 0 0 1.2000000000000002 0 0.4 0.8 0.4 0 0 0.2 0.4 0.2 0 0.4 0 0.6000000000000001 0.4 0 0 0.4 0 0.4 0 0.6000000000000001 0 0 0 0.4 0.6000000000000001 1 4.800000000000001 0 0 2.6 3.2 0 5.4 8.8 0 0 0 5.6000000000000005 0.2 2.8000000000000003 8.8 4.2 2.2 4.2 3.8000000000000003 0 0 0 0 0 0 0 0 1.8 0.2 0 0 0 0 0 0 2.4000000000000004 0 0 0 0 0 0 0 0 0 0 0 0 0 0 0 0 0 0 0 0 0 0 0 0 0 0 0 0 0 0 0 0.4 0 0 0 0 0 0 0.6000000000000001 0 0 0 0 0 0 5.6000000000000005 5.4 0 0 0 4.4 2.8000000000000003 6.800000000000001 0 0 0 0.4 2.8000000000000003 3.6 0 3.2 0 3 2.8000000000000003 0 0 0.4 0 0 2 1.4000000000000001 0 0 0.2 0 0 0 0 0 0 0.4 0 0 0.2 0 2 0 0 0 0.2 0 0 0 1.2000000000000002 0 0.4 0 0 0 0 0 0 0 0 0 0 0 0 0 0 0 0 0 0 0 0 4.6000000000000005 0 0 0 0 0.2 0 0.4 0 0.4 0 0 0 0.4 0 0.4 0.6000000000000001 8.8 0 0.8 0 0 0 0 0 0 0 0.4 0 0 0 0 0 0 0.2 0 0 0 0 0 0 0 0 0 5.2 0 0 0 0 0 0 0 0 0.4 0 0 0 0 
 6.800000000000001 54.800000000000004 16.400000000000002 11.4 79.60000000000001 41.6 5.4 18.6 68.2 30.200000000000003 59.800000000000004 15.4 6.800000000000001 8 8.6 15.600000000000001 0 77.60000000000001 17 9 14.8 0 0 0.6000000000000001 0.4 0.2 15.4 0 0.6000000000000001 0 0 0 0.4 0 0 0.2 0.4 0 20 16 0 0.4 0 0.6000000000000001 0.2 0.4 0 11.4 1 0 0 0 0.6000000000000001 0 0 0.8 0.2 1.8 0 0.4 0 0.6000000000000001 0 0 0 0.6000000000000001 0.6000000000000001 0 0 0 0 0.6000000000000001 0 0.6000000000000001 0 0 0 0.4 0 0 0 4.4 9.600000000000001 7 6.6000000000000005 2.4000000000000004 0 0 0 3 2 13.600000000000001 0.8 0 0 2.8000000000000003 3 5.800000000000001 0 4.800000000000001 2.2 0 0.4 0 0 0 0 0.6000000000000001 0 0 0 0 3.2 0 0 0 0 0 2.8000000000000003 3.4000000000000004 0 0 0 0 0 0 0 0 0 0 0 0 0 0 0 0 6.2 0 0 0.4 0 0 0 0 0 0 0 2.2 0 0 0 0 0 0 0 0 0 2 0 0 0 2.8000000000000003 2 2.2 4.4 2.8000000000000003 0 0 5 0 0 3.8000000000000003 0.8 1.2000000000000002 3.2 5.800000000000001 0 4.6000000000000005 0 1.4000000000000001 0 0 0 0 0 0 3 0 0 0 0.4 0 0 0 0 0 0 0 1 3 0 0.4 0 0 0.4 0 0 0 0 1.2000000000000002 0 0 0 0 0 0 0 0 0 0 0 0 0 0 0 0 0.2 0 0 0 0 0 0.4 6.800000000000001 0 0 0 0 0 1.8 0 2.4000000000000004 0 0 0 0 0 0 0.2 15.4 1.6 3.4000000000000004 0 0 0 0 0 0 0 0 0 0 3.4000000000000004 0 0 0 0 0 0 0 0 0 0 0 0 0 0 0 0 0 0 0 0 0 0 0 0 0 0 0 
 22.8 13 55 7.800000000000001 130 32.800000000000004 9.8 32.800000000000004 25.8 49.400000000000006 94.80000000000001 60.2 8.8 4.4 8 47.6 77.60000000000001 0 9.200000000000001 7 0 0.6000000000000001 0.6000000000000001 0.8 15.4 0.6000000000000001 16.8 42 1.2000000000000002 0 1 0.4 3.6 0 0 0 0.2 0 31.200000000000003 14.8 0 0 0.6000000000000001 0 0 1.2000000000000002 0 5.800000000000001 0 0.6000000000000001 0.6000000000000001 0.4 0 0.6000000000000001 0 0.6000000000000001 0.2 2.8000000000000003 0.2 0 0 0 0.6000000000000001 0 1.4000000000000001 0 0 0.4 0 0 1 0 0 1 0.6000000000000001 0.6000000000000001 1.2000000000000002 0 0 0 0 1.4000000000000001 9.8 7.6000000000000005 3.4000000000000004 1.8 0 3.6 0 3 12.8 5.6000000000000005 0 0 0 2 10.200000000000001 4.6000000000000005 0 0 0.8 0 0 0 0 0 0 2.2 0 0 0 0 3.8000000000000003 0.2 0 0 0 0 5.800000000000001 3.8000000000000003 0 0 0 0 0 0 0 0.2 0 2.4000000000000004 0 0 0.2 0 0 0 1 0 0 0 0 0 0 0 0 0 0.4 0 0 0 0 0 0 0 3.8000000000000003 0 0 1.2000000000000002 0 0 0.4 5 0.6000000000000001 1.6 4.800000000000001 2.8000000000000003 0 0 8.200000000000001 0 0 7 0 3.4000000000000004 3.6 3.6 0 6 0 0 0 0.2 0 0 0 0 3.4000000000000004 0 0 0 0 0 0 0 0 0 0 0 0 2.2 0 0 0 0 0 0 0 0 0 2.2 0 0 0.4 0 0 0 0 0 0 0 0 0 0.2 0 0 0 0 0 0 0 0 3.6 0 0 0 0 0.2 0.4 0 0 0 7.6000000000000005 0 0 0 0.6000000000000001 0.2 0 0.4 34.6 5 0.8 0 0 0 0 0 0 0 0 0 0 4 0 0 0 0 0 0 0 0 0 0 0.4 0 0 0 1.6 0 0 0 0 0 0 0 0 0 0 0 0 
 8.8 11.4 24 18.8 16 10 26.6 38.2 99.60000000000001 55.2 6 7.6000000000000005 34.2 35.800000000000004 139.4 33.800000000000004 17 9.200000000000001 0 17.8 1 0.8 0 0.8 15 0 0.8 0 0.8 0.4 0 0 0.6000000000000001 0.2 0 0 0 0 0 0 0 0.6000000000000001 0.8 0.6000000000000001 0.6000000000000001 2 1.2000000000000002 0.4 0.4 0 0 0 0.6000000000000001 0 0.8 0.8 1.6 0 0.8 0 0.8 0 0 0.6000000000000001 0.4 0.4 0 0.2 0.6000000000000001 0.6000000000000001 0 0.4 0.2 0.6000000000000001 0 0 0 1.4000000000000001 0.8 0.8 9.4 0.2 0 0.2 0 0 10.8 6.6000000000000005 1.8 3.4000000000000004 0.2 0 3 3.2 7.800000000000001 0 0 0 3.6 6 0 0 0 0 0 0 2.8000000000000003 0 0 0 0 0 0 0.2 0 0 0 0 0 0 0 0 0 0 0 0 0 2.2 0 0 0 0 0 0 0 0 0 0.4 0 0 0 0 0 2.2 0 0 0 0 0 0 0 0 0.2 0 0 0 0 0 0 0 0 5.6000000000000005 6.2 0 0 0 4.800000000000001 6 8.4 0 0 0 0.2 0.4 5.4 0 4.800000000000001 2.8000000000000003 4.4 5.800000000000001 0 0 0 0 0 0 0 0 0 0.6000000000000001 0 0 0 0 0 0 0 0 0 0 0 0 0 0.2 0 5.2 0 0 0 0 0 0 0 0 0 0 0 0 0 0 0 0 0 0 0 0 0 0 0 0 0 0.2 0 0 0 0 0 0 0 0 0 0 0 0 0 0.4 0 0.2 0.6000000000000001 0 0 1.8 0 0 0 0 0 0 0 0 0 0 0 0 0 0 0 0 0 0 0 0 0 0 0 0 4 0 0 0 0 0 0 0 0 0 0 0 0 0 
 9.4 18.6 21.400000000000002 10.8 10 9.200000000000001 28.200000000000003 44.6 29.8 58 9 14.4 52.400000000000006 49.400000000000006 97.60000000000001 28.400000000000002 9 7 17.8 0 0 0 0 0.6000000000000001 0.4 0 0.4 0 0.6000000000000001 0 0 0.4 0.4 0 0 0 0 0 0 0 0 0.4 0.4 0.6000000000000001 0.2 0.8 0 0 0.6000000000000001 0 0 0 0.6000000000000001 0 0 0.6000000000000001 0 0 0 0.4 0 0.6000000000000001 0 0 0 0.6000000000000001 0.6000000000000001 0 0 0 0 0.6000000000000001 0 0.6000000000000001 0 0 0 0.4 0 0 5 0 0 0 0 0 4.6000000000000005 8.4 0 2.6 0 0 6.800000000000001 4.4 1.4000000000000001 2.2 0 2.4000000000000004 2.2 0 0 0 0 0 0 0 0 0 0 0 0 0 3 0 0 0 0 0 0 0 0 0 0 0 0 0 0 0 0 0 0 0 0 0 0 0 0 0 0 0.2 0 0 0.2 0 0 0 0 0 0 0 0 0 0 0 0.2 0 0 4.2 0 0 5.800000000000001 0.4 0.2 0 0 0 10.600000000000001 0.2 0 0 0 0 2 3.2 2.2 0 3.8000000000000003 0 5.6000000000000005 2.2 0 0 0 0 0 0 0 0 0 0 0 0 0 0 0 0 0 0 0 2 0 0 0 0 0 4.2 0 0 0 0 0 0 0 0 0 0 0 0 0 0 1.4000000000000001 0 0 0 0 0 0 0 0 0 0 0 0 0 0 0 0 0 0 0 0 0 1 0 0 0 0 0 0 0 0 1.4000000000000001 0 0 0 0 0 0 0 0 0 0 0 0 0 0 0 0 0 0 0 0 0 0 0 0 0 0 0 0 0 0 0 0 0 0 0 0 0 0 
 0 0 0 14.4 14.8 0 0 0.4 0.4 0 12.200000000000001 12 0 0 0 15 14.8 0 1 0 0 24.6 68.60000000000001 7.2 9.200000000000001 49.6 22.8 9 6.6000000000000005 108.80000000000001 1.4000000000000001 7.6000000000000005 34.6 29.400000000000002 19 74 7.4 65.8 38 106.80000000000001 0 0.4 0.4 0 0 1.4000000000000001 0.8 0.4 1.2000000000000002 0 1.6 0.8 0 0 0 0 4.800000000000001 0 0.4 0 0 0 0 0 0 0 0 0 0.6000000000000001 0 0 0.4 0.6000000000000001 0.6000000000000001 0 0 0.6000000000000001 0 0.8 0.4 0 0 0 0 4 3.4000000000000004 0 0 0 0 0 1.2000000000000002 0 0 0 0 0 0 0 0 4 3.6 2 3.8000000000000003 0 3.8000000000000003 3.8000000000000003 2.2 0.4 4 0 2 0 5.2 1.8 3.2 5.4 0 0 0.2 0 0 0 0 0 0 4 0 0 0 0 0 0 1.6 0 0 0 0 3.8000000000000003 0 0 0 0 0 0 0 0 0 0 0 0 0 0 0 0 0 0 0 0 0 0 0.6000000000000001 0 0 0 0.4 0 0 0 0 0 0 0 0 0 0 0.2 0.2 0 0 1.6 0 1.4000000000000001 0 0 0 1.4000000000000001 1.4000000000000001 0 0 2.2 2.2 0 5 0.2 3.2 0 0.2 0 9 2.6 0 0 0 0 0 0 0 0 1.2000000000000002 0 0 1.8 0 0 0 0 0 2.4000000000000004 3.4000000000000004 0 0 0 0 0 0 0 0 0 0 0 0 0 0 0 0 0 0 0 0 0 0 0.2 0 0 0 0 0 0 15.200000000000001 0 0 0 0 1.6 0 0.2 0.4 15.4 0.2 0 0.4 0 0 0 0 0 0 0 0 0 0 0 0 0 0 0 0 0 0 0 2 0 0 0 0 0 0 0 0 
 0 0 0 0 18.2 1 0 0 0 0.2 0.4 0 0 1 0 0.6000000000000001 0 0.6000000000000001 0.8 0 24.6 0 93.60000000000001 90.60000000000001 22.6 24.200000000000003 17.400000000000002 60.6 45.6 77.2 36.4 12.200000000000001 10.4 12.8 33.2 28.8 29.6 55.400000000000006 27.400000000000002 9 0 5.4 0.4 0.8 0 1.4000000000000001 0.6000000000000001 0.2 0 0 0.6000000000000001 0.2 12.8 0 0 0 0.8 0 13 0 0 0 0 0 0 0 0 0 0.6000000000000001 0.2 0 0.4 0 0 0 0 6.6000000000000005 0 0 0 0 0 0 0 0 0.2 0 0 0 0 0 0 0 0 0 3 0 0 0 0 1.6 15.200000000000001 4.2 5 1.8 3.6 0.4 0 3.2 2 11.4 0 0 4.4 0 1.4000000000000001 8 3.8000000000000003 0 0 1.6 2 0 0 0 0 4.800000000000001 0 0 0 0 0 0 0 0 0 0.4 0 3.8000000000000003 0 2.4000000000000004 0 0 0 0 0 3.4000000000000004 0 0 0 0 0 1 0 0 0 0 0 0 0 0 0 0 0 0 0 0 0 0 0.2 0 0 0.4 0 0 0 1.4000000000000001 0 0 0 0 2.4000000000000004 9 0 0 5.4 1.2000000000000002 2.8000000000000003 3.8000000000000003 11.4 4.800000000000001 6.4 2 4.2 0 15.8 6.4 0 0 2.6 0 0 0 0 0.2 0 0 0 0 0 0 0 0 1.8 0 0 0 0 3 2.8000000000000003 0 0 0 0 0 0 0.2 0 0 0 0 0 0 0 0 0 0 0 0 0 0 0 0 0 0 0 0 0 0 0 0 0 0 0 1.8 0.4 0.2 0.2 30.400000000000002 0 0.4 0.6000000000000001 0 0 0 0 0 0 0 0 0 0.4 0 0 0 0 0 0 0 0.2 0 5.4 0 0 0 0.2 2.2 0 0 0 
 0 0 0 0.2 12.600000000000001 0 0 0 14.600000000000001 0 0.4 0 0 0 0 0 0 0.6000000000000001 0 0 68.60000000000001 93.60000000000001 0 40.6 12.8 24.400000000000002 15 35.6 22.6 105.4 20.400000000000002 22.200000000000003 45.400000000000006 69.4 43 35.4 8.200000000000001 34.4 38.2 77.2 12.200000000000001 0 0.4 0 0 0.8 0.6000000000000001 0 0 0 0.4 0 3.6 12.4 0 0 6.800000000000001 0 0.6000000000000001 0 0 0 0 0 0 0 0 0 0.4 0 0 0.4 0 0 0 0 1.4000000000000001 0 0 0 0 0 0 0 0 2.2 0 0 0 0 0 0 0 0 0 0 0 0 0 0 1.6 1.6 2.2 1.8 9.600000000000001 0 7 2.6 3 0 4.800000000000001 0.4 0 5.6000000000000005 3 5 3.8000000000000003 0 0 1.6 2.2 0.2 0 0 0 0.6000000000000001 5.6000000000000005 0.4 0 0 1.4000000000000001 0 0 0 0 0 0 0 7.800000000000001 0 0.8 0 0 0 0 0 0 0 0 0 0 0 1.4000000000000001 0 0 0.2 0 0 0 0 0 1 0 0 0.2 0 0 0 0 0 0 0 0 0.2 0 0 0.2 0 0 0 0 2 0 0 4.4 4.800000000000001 2.4000000000000004 0 2 7.800000000000001 11 3.6 2.6 6.6000000000000005 0 2.2 4.2 2.2 4.800000000000001 7.6000000000000005 0.4 5 0 0 0 0 0 4.4 0 0 0.2 0 1 3.2 0 2.4000000000000004 0 0 2.6 0 0 0 0 0 0 0 0 0 0 0 0 0 0 0 0 0 0 0 0.2 0 0 0 0 0 0 0.2 0 0 0 0 0 0 0 0 1.8 0 0 0.2 0 0.4 0 0.2 0 0 0 0 0 0 0 0 0 0 0 0 0 0 0 0 0 0 0 2.6 0 0 0 2.4000000000000004 1.8 0 0 0.2 
 0.8 0.6000000000000001 0.4 0.6000000000000001 0.8 0.6000000000000001 0.6000000000000001 0.8 1.2000000000000002 0.8 0.8 0.8 1 1.6 0.6000000000000001 0.8 0.6000000000000001 0.8 0.8 0.6000000000000001 7.2 90.60000000000001 40.6 0 30.6 14.600000000000001 13.200000000000001 23.8 55.2 18.2 79.60000000000001 21.8 70.4 51.6 42.800000000000004 27.8 58.800000000000004 32.6 19.400000000000002 28.6 0 0.2 0.4 0.2 0 1.2000000000000002 2.2 1.2000000000000002 0 0 0.6000000000000001 0.2 6.800000000000001 12.200000000000001 0 0 0.4 0 8.8 0.2 0 6.2 0 0 0 0.4 1.4000000000000001 0 1.4000000000000001 0.6000000000000001 0 0.4 0.2 0 0.6000000000000001 0 2.6 1.2000000000000002 10.600000000000001 0 0 0 0 0 0 0 0 0 0 0 0 0 0 0 0 0 0 0 0 0 0.2 6.4 0 1.6 1.4000000000000001 0 0 0 5.4 1.8 6 0 0 1.6 0 2.4000000000000004 2.4000000000000004 3.4000000000000004 0 1.6 0 0 2 0 0 0 1.8 0.2 2.8000000000000003 0 0 0 2.4000000000000004 0 0 0 0 0 6.4 0 1 0 0 0 0 0 0 0 0 0 0 0 0.6000000000000001 0 0.2 0 0 0 0 0.2 0 0 0 0 1.4000000000000001 0 0 0 0 0 0 1 0 0 0 0 0 0.4 0 0 13.200000000000001 0 2.2 0 6 0.6000000000000001 4.6000000000000005 1.6 5.2 4.6000000000000005 2.6 2.4000000000000004 0 0.2 1.6 1.2000000000000002 3.6 2 0 0 0 3.8000000000000003 0 0 0 0 1.8 0 0 0 2 0 0.2 0 0 0 0 0 0 0 0 0 0 0 0 0 0 0 0 0 0 0 0 0 0 0 0.4 0.2 0 0 0 0 4 0 0 0 0 0 0.4 0.2 0 0 0 0.6000000000000001 2.8000000000000003 0.4 0 0.4 15.200000000000001 0.4 5.2 0 0 0 0 0 0.4 0 0 0 0 0 11.8 0 0 0 0 0 0 0 0 8 0 0 0 0 0 0 0 0 
 0.4 0.4 0.4 0.4 0.4 0.4 6 0.6000000000000001 0.4 0.4 0.4 0.4 0.4 0.4 0.4 0.4 0.4 15.4 15 0.4 9.200000000000001 22.6 12.8 30.6 0 63.800000000000004 13.4 28.6 13 10.600000000000001 35.2 31 56 27 13.600000000000001 10.600000000000001 100.2 12.8 10.600000000000001 11.200000000000001 0 54.2 0.4 0.6000000000000001 0.4 1.2000000000000002 0.6000000000000001 0.2 0 0 0.6000000000000001 0 6.4 23.400000000000002 13.600000000000001 0 1 0.6000000000000001 26.200000000000003 0.8 0.2 1.4000000000000001 0 0 0 0.4 1 0 0.6000000000000001 2.8000000000000003 0 0.4 0 0 0.4 1.2000000000000002 2 0 0 0 0 0 0 0 0 0 0 0 0 0 0 0 0.4 0 0 0 0 0 0 0 0 0.2 0 3 4.4 2.8000000000000003 0 0 0.6000000000000001 2.6 6.800000000000001 0 0 2.4000000000000004 0 1 0 0.8 0 0 10.4 3.8000000000000003 1.8 0 0 0 2.4000000000000004 0 2 0.2 0 1.8 3.2 0.2 6.4 1.2000000000000002 4 2.8000000000000003 8.6 4.2 0 0 0 0 1.4000000000000001 0 0 2.4000000000000004 0 0 0 0 0 0 0 0 2.8000000000000003 0 0 0 0 0 0 0 0.4 0 0 0 0 0 0 0 0 0 0 0 0.6000000000000001 1.8 0 0 0 3.2 2.8000000000000003 0 1.2000000000000002 1 0 0.2 2 6.4 3.4000000000000004 16 0 0 0 1.8 4 0 0 0 5.2 1.6 0 2.2 0 4.4 3 6 0.2 0 0.6000000000000001 0 0 0 7.6000000000000005 2 5.2 0.4 5.4 0 0 0 3.6 0 0 0.4 0 0 0 0 0 0 0 0 0 0 0 0 0 0 0 0 0 0 0 0 0 0 0 0 0 0 0 0 0.8 0 0.4 0 14.8 0 0.8 0.4 0 0 0 0 0 0 0 0 0 0 0 0 0 0 0 0 0 0 0 0 0.2 0 0 0 0 0 0 0 
 40.6 0 0 0.2 0 0 40.2 0 0 0 0 0 0 0 0 0 0.2 0.6000000000000001 0 0 49.6 24.200000000000003 24.400000000000002 14.600000000000001 63.800000000000004 0 8.6 23.6 6.6000000000000005 7.4 14 12.4 5.6000000000000005 69.4 48.2 10.200000000000001 18 9.200000000000001 14 10.600000000000001 0.4 18.6 0.4 0 0 0.8 5.4 0.2 0.4 13 0.4 0 12.8 28.8 13.600000000000001 11 0.8 16.8 0.4 0 0 0 0 0 0 0 0 0 0.4 8.4 0 0.4 0.4 0 0 0 0.6000000000000001 0 0 0 0 0 0 0 0 0 0 0 0 0 0 0 0 0 0 0 0 0 0 0 0.4 0 0 2 0 1.4000000000000001 0 0 0.4 0 0 0 0 0 0 0 0 0 0 0 5.6000000000000005 2.2 0.8 3.2 0.4 4 7.2 5.800000000000001 4.800000000000001 4.2 0.2 0.6000000000000001 3.4000000000000004 0 6.6000000000000005 8.8 9 7 6 3.8000000000000003 0 0 0 0.2 0.8 0 0 0.2 0 0.4 0 0 0 0 0 0 3.6 0 0 0 0 0 0 0 0 0 0 0 0 0 0 0.4 0 0 0 0 0 0 0 9.600000000000001 0 0 0 0 3.6 2 0 0 0 0 3.2 1.8 0 0 0 0 0 0 0 0 12.600000000000001 5.2 3 10.200000000000001 0 3.8000000000000003 5.800000000000001 3.8000000000000003 7.4 0 7.6000000000000005 4 0.4 2.4000000000000004 2.8000000000000003 3.8000000000000003 5.2 3.8000000000000003 2.8000000000000003 6.4 0.2 0 0 0 0 0 0 0 0 0 0 0 0 0 0 0 0 0 0 0 0 0 0.6000000000000001 0 0 0 0 0 0 0 0 0 0 0 0.4 0.2 1 0 0 0 2.2 0.4 0 1 0 0 0 0 0 0 0 0 0 0 0 0 0 0 0 0 0 0 0 0 0 0 0 0 0 0 
 0.4 0.4 0.4 47.400000000000006 28.200000000000003 0.8 0.4 0.4 0.4 4.800000000000001 1.2000000000000002 0.6000000000000001 0.4 16 0.4 0.4 15.4 16.8 0.8 0.4 22.8 17.400000000000002 15 13.200000000000001 13.4 8.6 0 10.600000000000001 52.6 7.2 20.400000000000002 7.800000000000001 135.6 93 38.400000000000006 23.200000000000003 8.8 16.6 29.6 48.6 0.4 0 0.8 40.2 0 1.2000000000000002 1 0.4 0.4 0 0.6000000000000001 0 0 0 0 1.2000000000000002 6.4 0.6000000000000001 0.6000000000000001 0 0 0.2 0 0 0 0 0 0 1 0.6000000000000001 0 0.4 0.4 0 0 0 0.6000000000000001 0 0 0 0 0 0.8 0 0 7.2 0 0.4 1.4000000000000001 2.2 1 0 0 0 0 1.4000000000000001 10.8 0 0 0 5.2 0.2 0 6 0 0 7.2 5.2 2.6 2 0 2.2 12.200000000000001 9.8 13.600000000000001 4 2.4000000000000004 0 3.4000000000000004 0.2 2.6 0 0 0 0 0 0.2 0 0 0 0 0 0 0 0 0 3 0 3.6 0 0 0 0 0 2.4000000000000004 0 0 0 0 0 0 0 0 0 0 0 0 0 0 0 0 1 0 5.4 2 0 0 0 0.2 0 2.6 7.4 0.2 0 0 4.6000000000000005 0.2 1.8 0 0 0 3.6 0 0 2 0 8.200000000000001 0 2.2 0.2 1.8 0 4.6000000000000005 5.2 0 1.4000000000000001 4 0 4 5.4 0 0 3.2 0 0 0 0 0 0 0 0 0 0.4 0 0 0 0 0 2 0 0 0 0 0 0 0 0.4 0 0 0 0 0 0 0 0 0 0 0 0 0.2 0 0 0 0 0 0 0 0 0 0 3 0 0 0 2.2 0.2 0 0 0 0 0 0 0 0 0 0 0 0 0 0 0 0.4 0 0 0 2 0 4.800000000000001 0 0 0 0 0 0 0 0 0 0 0 0 
 0 0 0 0 0 0 0 0 0.4 0.4 0.4 0.4 0.2 0 0 0 0 42 0 0 9 60.6 35.6 23.8 28.6 23.6 10.600000000000001 0 29.6 53.400000000000006 15.600000000000001 12.200000000000001 22.400000000000002 19 60 60.800000000000004 21.8 29.8 11.8 23.6 0 0.6000000000000001 0.8 0 0.2 1.8 0.6000000000000001 12.600000000000001 0 0.2 0.4 0.8 0.6000000000000001 0.6000000000000001 0 0.6000000000000001 1 0.6000000000000001 0.4 0 0.4 0 0 0 0.4 0 0 0.2 10.4 0.8 0.2 0.4 0.4 0.4 0.2 0 1 0 0.8 0.4 2.8000000000000003 0 0 0 0 0 0 0 0.4 0 0 0 0 0 0 0 0.4 0 0 0 3.6 6 1.6 3.8000000000000003 0 5.4 5.6000000000000005 0 0.2 1.2000000000000002 0.8 0 2.2 5.2 2.4000000000000004 3 4.4 1 0 2.2 0 0 0 0 0 0 4.2 0 0 0 0 0 0 0 0 0 0 0 6.2 0 1.2000000000000002 0 0 0 0 0 0 0 0.2 0 0 0 0.8 0 0 0 0 0 0 0 0 0 0 0 0 0 0 0 0 0 0 0 0 0 0 0.4 0.6000000000000001 0.4 0 0 6.800000000000001 4.2 9.8 1.8 0 0.6000000000000001 0 2.4000000000000004 4.2 2 0 7.800000000000001 0 5.6000000000000005 0.2 10.8 1.2000000000000002 2.6 0 2.8000000000000003 0 0.2 0 0 0 0 0.4 0 0 0 0 0 4.4 0 0 0 0 0 5.2 3.6 0 0 0 0 0 0 0 0 0 0 0 0 0 0 0 0.2 0 0.2 2.6 0 0 0 0.4 0 0 0 0 0 0 0 0 0 0 0 1.6 0.4 0 12.200000000000001 15.200000000000001 0 1.4000000000000001 0 0 0 0 0 1.6 0 0 0 0 0 0 0 0 0 0 2.8000000000000003 0 3.6 0 6.6000000000000005 0 0 0 0.2 0 0 0 0 
 0.6000000000000001 0.6000000000000001 0.6000000000000001 0.6000000000000001 0.8 15.8 1 1 0.6000000000000001 0.6000000000000001 1 1 15.4 0.6000000000000001 1 0.6000000000000001 0.6000000000000001 1.2000000000000002 0.8 0.6000000000000001 6.6000000000000005 45.6 22.6 55.2 13 6.6000000000000005 52.6 29.6 0 31.8 54 79.4 23.8 18 30.400000000000002 29.400000000000002 34.6 44.6 30 20.6 0 0 0.4 0 0 1.8 0.6000000000000001 0 0 0.6000000000000001 0.4 0 11 12.8 0 0 1 0 14.200000000000001 5.4 0 0 0 0 0 0 0 0 0.4 0 0 0.4 0 0 0 0 2.6 0 0 0 0 0 0 1.8 0 0 0 0 0 0 0 0 0 0 0 0 0 0 0.4 0 2.4000000000000004 1.4000000000000001 7.800000000000001 0 2 5.6000000000000005 2 0 1.8 2.4000000000000004 10.600000000000001 2.8000000000000003 0 2.6 1.4000000000000001 0.2 3.2 0.8 0 2 0.6000000000000001 1.8 0 0 0 0 3.2 0 0.2 0 0 0 0 2 0 0 0 0 2.8000000000000003 3.2 0 0 0 0 0 1.6 0 0 0 0 0 0 0.6000000000000001 0 0 0 0 0 0 0 0 0 0 0 0.6000000000000001 0.2 0 0 0 0.6000000000000001 0 0.4 0.8 0 0 0 0 0 0 0 2.2 0.2 4.800000000000001 11.4 2.6 4.2 0 3 4.800000000000001 6.4 3 0.2 1 0.2 5.4 6.4 4 4 0 0.4 0 0 0 0 0 0.4 0 4 0 0 0.2 0 0 9.600000000000001 0 0 0 0 0.6000000000000001 1.8 0 0 0 0 0 0 0 0 0 0 0 0 0 0 0.4 0 0 0 0 0 0 0 0 0 0 0 0 0 0 0 0 0 0 0 1.8 0 0 0.2 16 0 6.2 0 0 0 0 0 0 0 0 0 0 0 0 0 0 0 0 0 0 0 0 2.4000000000000004 0 0 0 0 3.4000000000000004 0 0 0 
 0 0 0 0 0 0 0.4 0 0 0 0.8 0 0 0 0.4 0 0 0 0.4 0 108.80000000000001 77.2 105.4 18.2 10.600000000000001 7.4 7.2 53.400000000000006 31.8 0 43.2 9.600000000000001 29.200000000000003 23.200000000000003 76.4 74.4 70.4 19.400000000000002 15.200000000000001 35.800000000000004 0 0 0.4 0 0 1 1.2000000000000002 0.2 0 0 0.6000000000000001 0.8 0 0 0 0 0.8 0 12.8 0 0 0 0 0 0 0 0 0 0.6000000000000001 0 0 0.4 0 0 0 7.800000000000001 0.6000000000000001 0 0 0 0 0 0 0 0 0 0 0 0 0 0 0 0 0 0 0 0 0 0 0 3.8000000000000003 0 5.800000000000001 6.2 0 0.6000000000000001 1.8 0 1.4000000000000001 1.8 4.800000000000001 2.6 2 1.6 3.2 2.2 3 2 0 3.2 2 0 0 0.2 0 0 0 0 0 0 0 0 0 0.2 0 0 0 0 1.8 0 0.4 0 0 0 0 0 0 0 2.2 0 0 0 0 0 0 0 0 0 0 0 0 0 0 0 0 0.2 0 0 0 0.2 4.4 0.4 0 0 0 0 0.6000000000000001 0 0 0 5.800000000000001 3.8000000000000003 8.200000000000001 1.2000000000000002 0 2.4000000000000004 0 5 1.2000000000000002 2.4000000000000004 2.2 11.4 2.4000000000000004 4.800000000000001 3.4000000000000004 8.6 0 1.8 0 0.6000000000000001 0 0 0 0 0 0 0.4 0 0 0 0 0 0 0 0 4.4 0 0 1.8 2.2 0.2 0 0 0 0 0 0 0 0 0 0 0 0 6 0 0 0 0 0 0 0 0 4.4 0 0 0 0 0 0 0 0 0 0 0 2.6 0 0.8 0.4 15.200000000000001 1 0 1.4000000000000001 0 0 0 0 1.6 0 0 0 0 0 0 0 0 0 0 0 0 0.2 0 2.2 0 0.2 0 0.2 0 0 0 0 
 0 0 0 0 0.2 0.8 0 0.2 0 0 0 0 0 0 0.4 0 0 1 0 0 1.4000000000000001 36.4 20.400000000000002 79.60000000000001 35.2 14 20.400000000000002 15.600000000000001 54 43.2 0 10.4 15.200000000000001 22.8 26.400000000000002 30.6 56.800000000000004 51.6 12.200000000000001 28.6 0 0 0.4 0 0 1 1.4000000000000001 0.2 0 0 0.6000000000000001 0.8 12.600000000000001 11 0 0 0.8 0 14.8 12.600000000000001 0 0 0 0 0 0 0 0 0.6000000000000001 0.4 0 0.4 0 0 0 0 0.6000000000000001 0 0 0 0 0 0 0 0 0 0 0 0 0 0.2 0 0 0 0 0 0 0 0 0 0 6.6000000000000005 0 4.2 0 0 0 0 3.8000000000000003 4.800000000000001 4.2 0 0 1.6 0 3 4.2 4 0 3 0 4.800000000000001 0 0 0 0 2.6 0 3.2 0 0 0 2 4.2 0 0 0 0 0.8 2.6 1.8 0 0.4 2 0 0 0 0 0 0 0 0 0.6000000000000001 0 0 0 0 0 0 0.4 0 0 0 0 0.8 0 0.2 0 0 0 0 0.2 0.6000000000000001 0 0 0 0 0 0 0 7.4 0.4 4 0 2.2 2.4000000000000004 0 2.6 1.4000000000000001 4.2 0.2 4.2 3.8000000000000003 2.2 1.4000000000000001 7.2 0.2 3 0 0 0 4.2 0 0 0 0 4 0 0 0 0 0 0.2 0 0 0.8 0 0 1.4000000000000001 0 0 0 4.2 0 0 0 0 0 0 0 0 0 0 0 0 0 0 0 0 4.4 0 0 0.2 0 0 0 0 0 0 0 0 0 0 0 3.6 0.2 0 0.2 0.6000000000000001 0 3.2 0 0 0 0 0 0 0 0 0 0 0 0 0 0 0 0 0 0 0 0 1.8 0 0 0 0 0 0 0 0 
