 0 80.80000000000001 80 36.800000000000004 7.2 3 112 19.8 36.4 16.400000000000002 70.60000000000001 5.800000000000001 26.6 49 8 65.8 10.8 6.800000000000001 19.8 25.8 0.8 0.6000000000000001 0 0 0 0 0 0.6000000000000001 0 0 0.6000000000000001 0.2 0.4 0 0.4 0 0 0.4 0 0.2 0 6.800000000000001 0.6000000000000001 0.6000000000000001 0 0.6000000000000001 0 0.6000000000000001 0 1 1.4000000000000001 0 0 0.4 0 0 0.6000000000000001 0 0 0.6000000000000001 0.2 0 0 0 0.6000000000000001 0.6000000000000001 0 0 0.2 0 0.6000000000000001 0.6000000000000001 0 0.6000000000000001 0 0 0 0.4 0.4 0 4.2 3.6 8.4 3.6 0.2 0 4 1.8 7 0 0.2 3.8000000000000003 2.4000000000000004 3 1.6 0 2 5.800000000000001 0 4.6000000000000005 0 0 0 0 0 0 0 0 0 0 0 0 0 0 0 0 0 0 0 0 0 0 0 0 0 0 0 0 0 0 0 0 0 0 0 0 0 0 0 0 0 0 0 1.6 0 0 0 0 0 0 0 0 0.6000000000000001 0.2 0 0 0 0.2 0 0 2.2 4 0.4 3.6 3.2 1.8 5.6000000000000005 2.8000000000000003 5.4 0 0.4 0 0 0 3.4000000000000004 0.4 2.8000000000000003 3.4000000000000004 5.2 3 0 0 0 0 0 0 0.2 0 0 0 0 0 4.2 0 0 0 0 0 0.2 0 0 0 0 0 0 0 0 0 0 0 0 0 0 0 0 0 0 0 0 0 0 0 0 0 0 0 0 0 3 0 0 0 0 0 0 0 0 0 0 0 0 2.2 0 0 0 0 0 0 0.4 0.4 0.4 0.6000000000000001 0.2 2.8000000000000003 0.4 0 0 0 0 0 0 0 2 0 0 0 0 0 0 0.2 0 0 0 0 0 1.4000000000000001 0 0 0 0 0 0 0 0 0 0 0 0 0 0 
 80.80000000000001 0 24.8 74.2 5.800000000000001 8.4 65.2 33.2 55 20.400000000000002 28.400000000000002 21.6 51 31 23 78 26 42 12.8 11.600000000000001 0 0 0 0 0.2 0 0 0.8 0 0 0.6000000000000001 0.2 0.4 0 0.2 0 0 0 0 0.6000000000000001 0 0 0.6000000000000001 0 0 0.6000000000000001 0 0.6000000000000001 0 0.4 0 0 0 0 12.600000000000001 0.6000000000000001 0 0 0 0.6000000000000001 0.8 0 0 0 0 0 0 1.6 0.4 0 0 0 1.6 1 0 0 0 0 0.4 0 6.6000000000000005 7 2 7.2 4 0 0 4.4 1.4000000000000001 4.2 0.4 0 4 0 3.8000000000000003 3 0.4 0 0 0 0 0 0 0 0 0 2.8000000000000003 0 0 0 0 0 2.4000000000000004 0 0 0 0 0 4 2.6 0.4 0 0 2.2 0 0 0 0 0 0 0 0.2 0 0 0 2.4000000000000004 0 0 0 2 0.4 0 0 0 0 0 0 0 0 0 0 0 0 0 0 0.2 0 0 0 0 9.600000000000001 6.4 2.8000000000000003 0.4 2.8000000000000003 0 4 0.2 0.2 2.8000000000000003 6.6000000000000005 0 5.6000000000000005 2.6 0 0 0 2 1.4000000000000001 8.200000000000001 0 0.2 0 0 0 0.2 0 0 0 0 0 0 2.2 0 0 0 0 0 2.6 1.8 0 0 0 0 0 0 0 0.2 0 0 0 0 0 0 0 0 0 0 0 0.2 0 0.4 0 0 0 0 0 0 0 0 0 0 0 0.2 0 0 0 0 0 0 0 0 0 0 0 0 0.2 0 0.4 20.200000000000003 0 1.4000000000000001 2.4000000000000004 0 0.2 0 0 0 0 0 0 0 0 0 0 0 0 0 0 0 0 0 0 0 0 0 0 5 0 0 0 0 0 0 0 0 0 0 0 0 
 80 24.8 0 51.400000000000006 40.2 4.6000000000000005 110 39.400000000000006 45.400000000000006 33.2 10.4 22 75.2 17.8 48.6 35 61.800000000000004 68 8.8 14.600000000000001 0.2 0 0.2 0 0.2 0 0 0.6000000000000001 0 0 0.6000000000000001 0.2 0.6000000000000001 0.4 0 0.2 0 0 14.600000000000001 0.2 0 0 0.6000000000000001 0.2 0 0.6000000000000001 0 0.6000000000000001 0 0.4 0 0 0 0.2 0 0 0 0 0 0.6000000000000001 0.2 0 0 0 0 0 0 6 0.2 0 0 0.6000000000000001 2.4000000000000004 0.6000000000000001 0 0 0 0 0.4 0 5 2 0 0.6000000000000001 3.4000000000000004 3.2 6.6000000000000005 2.2 4.800000000000001 12.600000000000001 3.4000000000000004 14.200000000000001 0 0 2.2 3.8000000000000003 4.2 7 1.8 0 0 3.2 0 0 0 0 6 0 0 0 0 0 0 0 0 0.4 0 0 2.6 0 0.6000000000000001 0 0 0 0 0 0 0 0 0 0 0 0 0 0 0 0 0 0 0 0 0 0 0 0 0 0 0 0 0 0 0 0.2 0.2 0 0 0 0 0 0.2 0 0 0 4.800000000000001 3.8000000000000003 5.6000000000000005 0 4.4 3.2 2 0 4.6000000000000005 0 0 0 3.8000000000000003 2 0 0 0 0 0 0 0 0 0 0.2 0 0 0 0 0 2 0 0.2 0 1.4000000000000001 0 0 0.2 0 2.6 0 0 0 0 2.8000000000000003 0 0 0 0 0 0 0 0 0 0 0 0 0 0.4 0 0 0 0.4 0 0 0 0 0 0 0 0 0 0 0 0 0 0 0 0 2.8000000000000003 0 0 0 0.2 18.2 0.4 1.6 1.2000000000000002 0 3.4000000000000004 0 0 0 0.4 0 0 0 0 0 0 1.8 0.4 0 0 0 0 0 0 0 0 0 0 0 0 5.800000000000001 0 0 0 0 0 0 0 1.8 0 0 0 0 0 
 36.800000000000004 74.2 51.400000000000006 0 38 7.6000000000000005 42.6 73 23.6 88 29.8 13.200000000000001 24.6 36.6 32.800000000000004 107.2 10.8 28.8 34.6 14.8 0 0 0 0 0 0 13.200000000000001 0.6000000000000001 0 0 0.6000000000000001 0.2 0.4 0 0 0 0 0 0 15.4 0 0 0.6000000000000001 0.2 0 0.6000000000000001 0 0.6000000000000001 0 0.4 0 0.2 0 0 7.4 0 12.200000000000001 0 7.4 13.600000000000001 0.2 0 1.2000000000000002 0 0 0 0 0 0.2 0 2.6 0 0 0.6000000000000001 0 0 0 0.6000000000000001 0.4 0 7 6.2 0 7 2.4000000000000004 0.4 3.2 3 3.4000000000000004 2.6 0 2.6 0.2 0 0 9.4 6.2 8.200000000000001 0 3 0 0.6000000000000001 0 0 0 0 0 0 0 0.2 0 0 2.6 0 0 0 0 0 2.4000000000000004 0.2 0.2 0 0 0 0.2 0 0.4 0 0 0 0 0.4 0 0 0 3 0 0 0 0 0 0 0 0 0 0 0 0 0 0.2 0 0 0.4 0 0 0 0 0 0 0 0 0 0 8.6 2.8000000000000003 9.4 0 0 2.6 0 6.800000000000001 0 0 0.4 0 0 8.6 0 0 0 2 0.4 3.4000000000000004 0 6.800000000000001 0 4.4 0 0 0 0 0 2.4000000000000004 5.6000000000000005 0 0 0 0 2.4000000000000004 0 0 0 0 0 0 2.8000000000000003 0 0.4 0 0 0 0 0 0 0 0 0 0 0 0.4 0 0 0 0.2 0 0 0 0 1.8 0 0 0 0 0.4 0 0 0 0 0 0 0 4.2 0 0 0 0 1 0 0.2 0.8 2 4.2 0 0 0 0 0 0 0 0 0 0 2 0 0 0 0 0 0 0 0 0 0 0 0 8.4 2.4000000000000004 0 0 0 0 0 0 0 0 0 0 0 0 0 
 7.2 5.800000000000001 40.2 38 0 15.4 16.6 12.200000000000001 74.4 35.4 51.800000000000004 45.2 37.6 19.8 33.2 60 11.4 21 14.4 18.2 1.8 0 0 0 1.2000000000000002 0 0.4 0.6000000000000001 0 14.4 0.6000000000000001 1 17.8 5.2 0 7 0 0 3.2 15 0 0.6000000000000001 0.6000000000000001 0.2 0.4 1 0 0.6000000000000001 0.6000000000000001 0.6000000000000001 0 0 0.4 0 0.4 0 0 0.6000000000000001 0 0.6000000000000001 0.2 0 0 0 0.4 0 0 0 0.2 0 0 0.8 1.2000000000000002 3.4000000000000004 0 1.2000000000000002 0 9.4 1.6 0.4 0 0 1.8 2.4000000000000004 5.2 2.8000000000000003 0 0 4.800000000000001 3.6 4.800000000000001 0.2 0 0 0 2.6 4.2 2.8000000000000003 0 0 2.4000000000000004 0 0 0 0 0 4.4 0.2 7.2 0 0 0 5.2 1.4000000000000001 2 0 0 0 6 6.800000000000001 0 0 0 0 0 0 0 0 0 0 0 0 0 0 3.6 0 0 3.6 0 0 0 0 2 0 0 0.4 0 0 0 0 0 0 5.6000000000000005 0 0 0 4.4 0 0 0 0 0 0 0 6 4.2 0 0 1.6 13 2.8000000000000003 6.4 0 0 0 0 3.8000000000000003 5 0 0 0 0 0 0 0 0 1.8 0 0 0 0 0 1.4000000000000001 0.2 3 0 2 0 3.8000000000000003 6.6000000000000005 0 0 0 0 0 3.2 0 0 0 0 4.2 0 0 0 0 0.4 0 0 0 0 0 0 0 0 0 0 0 0 0 0 0 0 0 0 0 0 0 0 0 0 0 0 0 0 0 0.8 36.2 0 20 2.8000000000000003 0 1.2000000000000002 0.4 0 0 0 0.4 0 0 0 0 0 0 0 0.2 0 0 0 0 0 0 0 0 0 0 2.2 0 0 0 0 0 0 0 0 0 0 0 0 0 0 
 3 8.4 4.6000000000000005 7.6000000000000005 15.4 0 5.6000000000000005 3.8000000000000003 10 7.800000000000001 28 67.8 55 55 7.6000000000000005 34.2 32.800000000000004 26.400000000000002 12.4 56 0 15 29.200000000000003 0 0 0.2 18.400000000000002 15.600000000000001 36.800000000000004 0 0.6000000000000001 0.4 0.4 14.8 0.4 0 0 0 10.4 16.400000000000002 0 0 0.6000000000000001 0.2 0 1.4000000000000001 0 0.6000000000000001 6.6000000000000005 0.4 0 0 0 0.8 0.2 0 0 0 0 2.2 0.2 0 0 0 0 7.4 0.2 0 0.2 0 0 0 0 8.6 0 0 0 0 0.4 0 0 2.4000000000000004 0 0 7.6000000000000005 1.6 0 0 0 0 2.6 0 0 0 0 0 0 2.8000000000000003 0 0 2.6 5.800000000000001 1.8 2.6 0 0 6.6000000000000005 5.800000000000001 1.8 6 7.6000000000000005 0 5.2 5.4 3.4000000000000004 0 2 4 2.8000000000000003 4.800000000000001 0 0 0 0 0 0 0 0.2 0 0 0 0 0 0 7.4 0 0 0 0 0 1.4000000000000001 0 0 0 0 0 0 0 0 0 0 0 0 0 0 0 0 0 0 0 0 0 0 0 0 0.2 0 0 0 4 1 0 0 0 0 0 0 2.2 0 0 8.6 2.4000000000000004 0 0.2 0 0 0 2 3.8000000000000003 0.4 0 9 2.4000000000000004 0 5.2 2.4000000000000004 6.4 1.6 6.2 2.4000000000000004 0 0 0 0.4 0 0 0.2 0 0 0 0 0 0.2 0 0 2.8000000000000003 0 0.2 0 0.2 0 0 0 0 0 0 0.4 0 0 0 0 0 0.2 0 4.4 0 13.4 0 0 0 0 0 0 0 0 1.2000000000000002 1.4000000000000001 0.2 0.4 0.8 0 3.8000000000000003 0 0 0 0 0 0 0 0 0 0 0 0 0 0 0 0 0 0 0 0 0 0 0 0 0 2.8000000000000003 0 0 0 0 0 0 0 0 0 0 0 0 
 112 65.2 110 42.6 16.6 5.6000000000000005 0 25.200000000000003 73 69.8 128.8 22 65.60000000000001 71.60000000000001 43.400000000000006 45.400000000000006 24.400000000000002 28.400000000000002 13.200000000000001 8.8 39.6 0 0 34.6 0 0 0 0.6000000000000001 0 0 0.6000000000000001 0.6000000000000001 0.4 0 0 9.600000000000001 0 0 0 0.2 0 0 0.4 0.4 0 0.8 0 0.6000000000000001 0 0.4 0 0 0 0.4 0 0 0 0 5.2 0.6000000000000001 0 0 0 1.2000000000000002 0 0 0 0 0.4 0 0.4 0 0.2 0.6000000000000001 0 0 0 0 0.4 0 7 8.200000000000001 9.8 10 3.2 2 0 5.6000000000000005 2.4000000000000004 6.6000000000000005 3.6 3.2 0 0 5 6.6000000000000005 2.2 0 0 0.4 0 0 0 0 0 0 0 0 0 0 0 0 0 0 0.4 0 0 0 0 0 2.2 0 0 0 0 0 0 0 0 0 0 0 0 0.2 0 0 0 2.2 0 0 0 0 0 0 0 3 0 0 0.4 0 0 3.2 0 0.2 0 0 0 0 0 0 1.8 3.6 2.8000000000000003 2.6 3.4000000000000004 2.8000000000000003 9.600000000000001 7.800000000000001 3.8000000000000003 0 2.6 0.2 7 0.2 0 0 0 4.2 4.800000000000001 2.8000000000000003 0 0 0 0 0 0 0 0 0 0 0 0 0.8 0.2 0 0 0 0 0 0 0 0 0 0 0 0 0 0 0 0 0 0 0 0 0 0 0 0 0 0 0 0 0 0 0 0 0 0 0 0 0 0 0 0 0 0 0 0 0.2 0 0 0 0 0 0 0.4 18.6 0.2 0.2 11.4 0 1.6 1.2000000000000002 0 0 0 0 0 0 0 0 0 0 0 0 0 0 0 0 0 0 0 0 0 0 0 0 0 0 0 0 0 0 0 0 0 0 0 0 0 
 19.8 33.2 39.400000000000006 73 12.200000000000001 3.8000000000000003 25.200000000000003 0 51 52.2 10 7.4 43 45.400000000000006 6.6000000000000005 6 8 21.8 69.60000000000001 40.6 0 0.4 0.4 0 0 0 0 0.6000000000000001 0 0 1 0.4 0.4 0 0 0 0 0 0 1.4000000000000001 0 0 0.4 0.6000000000000001 0.4 0.6000000000000001 0 0.6000000000000001 0 1.2000000000000002 0 0.4 0 0 0 0 0 0 0 0.6000000000000001 0 0 0 0 0 0 0 6.4 0 0.6000000000000001 0 0 0 0.6000000000000001 0 0 0 0 0.4 0 8.4 2 3 0 0 0 7.2 0.8 8.4 2.8000000000000003 0 0 3.8000000000000003 3 2.6 2 3.6 2 6.4 13.4 0 0 0 0 0 0 0 0 0 0 0 0 0 0 2.2 0 0 0 0 0 0 0 0 0 0 0 0 0 0 1.2000000000000002 0 0 0 0 0 2.8000000000000003 0 0 2.4000000000000004 0 0 0 0 0 0 0 0 0 0 0 0 0 2.8000000000000003 0 0 0 0 0 0 0 2.4000000000000004 1.6 4.6000000000000005 0 0 0 0 5.800000000000001 0.2 0 0 0 2 2.6 3.8000000000000003 3.2 3 0 2.2 1.8 0 0 0 0 0 0 0 0 0 0 0 0 0 0 3.8000000000000003 0 0 0 0 0 0 0 0 0 0 0.8 0 0 0 0 0 0 0 0 0 0 0 0 0 0 0 0 0 0 0 0 0 0 2.2 0 0 0 0 0 0 0 0.6000000000000001 0 0 0 0 0 0 0 0 0 0 0 0.4 0 0 2.6 0 0 0 0 0 0 0 0 0 0 0 0 0 0 0 0 0 0 0 0 0 0 0 2 2.6 0 0 0 0 0 0 0 0 0 0 0 0 0.2 
 36.4 55 45.400000000000006 23.6 74.4 10 73 51 0 28.200000000000003 8 8.6 33.6 61.6 54 57.2 47 9.4 40.6 22.200000000000003 0 0 0 0 0 0.4 0 0.6000000000000001 0 0 0.6000000000000001 0.4 0.6000000000000001 0 0 0 0.4 0 0 0.4 0 0 0.6000000000000001 0.2 0 0.6000000000000001 0 0.6000000000000001 0 0.4 0 0 0 0.4 0 0 0 0 0 0.6000000000000001 0.2 0 0 0 0 0 0 9.4 0.2 0 0.6000000000000001 0 1.4000000000000001 0.6000000000000001 0 0 0 0 7 0 0 2 6 9.600000000000001 0 0.6000000000000001 0 4.2 0 13.4 0.4 2.2 7.4 0 7.800000000000001 3.2 2.4000000000000004 9 1.8 3.2 0 0 0 0 0 0 0 0 0 0.4 0 0 0 0 3.2 0 0.2 3.6 0 0 0.4 0 0 0.2 0 0 0 0 0 3.2 0 0 0 0 0 0 0 0 0.2 0 2 4.6000000000000005 0 0 0 0 0 0 0 0 0 0 0.8 0 0 0 0 0 2.6 0 0 3.8000000000000003 0 0.6000000000000001 0 3 8.4 5.2 11.200000000000001 0 0 4.2 0 0.2 0 3.8000000000000003 4 4.4 5.2 2.2 0 0 0 0 0 3.4000000000000004 0 0 0 0 0 0 0 0 0 0 0 0 0 0 0 0 0 0 0 0 0 0 0 0 0 0 0 0 2.8000000000000003 1.6 0 0 0.4 0 0 0 0 2 0 0 0 0 2 0 0 0 0 0 0 0 0 0 0 0 0 0 0 0 0 0 0.4 0 0 0.4 0 0 0.2 0 0 0 0 0 0 0 0 0 0 0 0 0 0 0 0 0 0 0 0 0 0 6.4 2.2 0 0 0 0 0 0 0 0 0 0 0 0 0 
 16.400000000000002 20.400000000000002 33.2 88 35.4 7.800000000000001 69.8 52.2 28.200000000000003 0 25.400000000000002 8.8 46.6 58.6 37.800000000000004 51 31 47.800000000000004 19.6 38 0 0 0 0 0 0 14.200000000000001 0.6000000000000001 0 15.600000000000001 0.6000000000000001 0.2 15 0 0 0 0 0 0 0.2 0 0 0.6000000000000001 0 0 0.6000000000000001 0 1 0 0.4 0.4 0 0 0 12.8 0 0 0 0 0.4 0.6000000000000001 0 0.4 0 0 0 0 0 0.6000000000000001 0 6.4 0 0 0.4 0 0 0 0.6000000000000001 0.6000000000000001 0 6 6.2 0.4 6.6000000000000005 4.2 0 5.4 3.6 2.8000000000000003 2.6 5.2 3 0 0 0 7 8.8 6.800000000000001 0 3.4000000000000004 0 0 0 0 0 0 0.2 0 0 0 0 0 0 0.2 0 0 0 0 3 0 0 0 0 0 0 0 0 0 0 0 0 0 0 0 0 0 0 0 0 0 0 0 0 0 0 0 0 1.6 0 0 0 0 2.6 0 0 0 0 0 0 0 0 0 6.4 6.6000000000000005 6.4 9.4 0.4 0 1.6 1.8 3.4000000000000004 0.2 0 3.6 3.8000000000000003 0.2 2 0.4 0 0 0 0 0 0 0 0 0 0 0 0 0 0 2 2.2 0 0 0 0 0.2 2.4000000000000004 0 0 0 0 0 4.4 0 0 0 0 0 0 0 0 0 0 0 0 0 0 0 0 0 0 0 0 0 0 0 0 0 0 0 0 0 0 0 0 0 0 0 1.4000000000000001 0 0 0 0.4 18.2 0 0.2 34.2 0 2.2 0 0 0 0 0 0 0 0 0 0 2.2 0 0 0 0 0 0 0 0 0 0 0 0 2.2 2.4000000000000004 0 0 0 0 0 0 0 0 0 0 0 0 0 
 70.60000000000001 28.400000000000002 10.4 29.8 51.800000000000004 28 128.8 10 8 25.400000000000002 0 15.4 116.4 7.4 36 14 40.6 53.2 5.6000000000000005 37.6 0.2 0 0 0 0 0 0 0.6000000000000001 0 0 0.6000000000000001 0.4 15 0 0 0 0 0 14.600000000000001 0.2 0 0 0.4 0.4 0 0.6000000000000001 0 0.6000000000000001 0 1.8 0 0 0 0 12.600000000000001 0 0 0.6000000000000001 0 0.6000000000000001 2 0 0 0 0 0 0 0 2 2.2 0 2.2 0 0.6000000000000001 0 0 0 2 0.8 0.2 5.4 4 0 5 4.6000000000000005 0 0.4 4.6000000000000005 1.8 3 0 5.4 0 0 2 3 1.8 0 0 0 3 0 0 0 0 0 2.8000000000000003 0 1.8 0 0.4 0 4.800000000000001 0.4 4.4 0 0 0.2 19 2.8000000000000003 0 0 0 0 0 0 0 0 0 0.4 0.4 0 4 0 0 0 0 0 0 0 0 0 0 0 0 0 0 0 0 0.4 0 0 0 0 0 0 0 0 4.4 0 0.8 0 5.6000000000000005 0 1.6 0.4 0.8 0.4 0 7.6000000000000005 6.4 6.6000000000000005 0 2.2 1.8 0 0 2.4000000000000004 0 0 0 0 0 0 0 0 2.2 0 0 0 0 0 2 3.2 2 0 2 0 5.800000000000001 3 0 0 0 0 0 0 0 0 0 0 0 0 0 0 2.4000000000000004 0 0 0 2.2 0 0.2 0 0 0 0 0 0 0 0 0 0 0 0 0 0 0 0 0 0 0 0 0.2 0 0 0 0.2 0.2 0 0.6000000000000001 17.8 0 2.2 3 0.2 0 0 0 0 0 0 0 0 0 0 0 0 2.8000000000000003 0 0 0 0 0 0 0 0 0 0 0 0 0 0 0 0 0 0 0 0 0 0 0 
 5.800000000000001 21.6 22 13.200000000000001 45.2 67.8 22 7.4 8.6 8.8 15.4 0 10.200000000000001 8.200000000000001 8.8 93.2 34.2 15.200000000000001 23.6 7.2 0 0 0 0 0 0 0 0.6000000000000001 14.8 0 0.6000000000000001 0 0.6000000000000001 0 14.8 15.600000000000001 0 0 31 24.400000000000002 0 0 0.4 0.6000000000000001 0 1 0 0.6000000000000001 0 1 0 0 0 1.2000000000000002 0.6000000000000001 0 0.2 0 0 2.8000000000000003 0 0 0 0 0 0 0 0 0 0 0 0 3.2 0.6000000000000001 0 0 0 0 0.4 0 0 14 2.8000000000000003 0 6.4 5.2 0 2.2 3 5.2 6.2 6.6000000000000005 0 0 0 3.6 0 7 0 0 0 9 0 0.2 0 0 1.8 0 0 9 4.4 0 0.2 2 2.2 0 0 0 5.6000000000000005 2.8000000000000003 0.4 0 0 0 0 0 0 0 0 0 0 0 0 0 3.8000000000000003 0 0 0 0 0 1.8 0 0.4 0 0 0 0 0 2 0 0 0 0 0 0 0 0 0 0 0 0 0 0 3.6 3.6 0.8 0 6.4 0 2.8000000000000003 4.2 4.4 0 0 0 4 0.4 3 0 0 0 2.2 0 0 0 0 0 2.6 0 0 0 0 0 2.8000000000000003 3 0 4.6000000000000005 0 2.6 3.6 0 0 0 0 0 0 0 0 0 0 0 0 0 0 0 3.2 0 0 2.6 0 0 0 3.2 0 0 0 0 0 0 0 0 0 0 0 0 0 0 0 0 0 0 0 0 0 0 0 21 0 9.200000000000001 0.8 0 1.8 0 0 0 0 0 0 0 0 0 0 0 0 0 0.2 0 0 0 0 0 0 0 0 0 0 0.2 2.2 0 0 0 0 0 0 0 0 0 0 0 0 
 26.6 51 75.2 24.6 37.6 55 65.60000000000001 43 33.6 46.6 116.4 10.200000000000001 0 55.400000000000006 130.4 23.8 63.6 10.4 60.2 25 0 0 0 0.2 0 0 0 0.6000000000000001 0 0 0.6000000000000001 0.4 0.4 0.4 0 0 0 0 0 0.4 0 0 0.6000000000000001 0.2 0 0.6000000000000001 0 0.6000000000000001 0 0.4 0 0 0 0 0 0 0 0 0 0.6000000000000001 0 0 0 0 0 0 0 0 0 0.2 10.200000000000001 0 0 0.6000000000000001 0 0 5.2 0 0.4 0 4 4.4 3.6 6.6000000000000005 1.2000000000000002 0 5.4 5 0.4 9.8 0 0 3.8000000000000003 0 2.4000000000000004 5.800000000000001 0.2 3 0 2.8000000000000003 0 0 0 0 0 0 0 0 0 0 0 0 0 0 0 0 0 0 0 0 0 0 0 0 0 0 0 3.8000000000000003 0 0 0 0 0 0 0 0 0 0 0 0 0 0 0 0 0 0 2 0 0 0 0 0 0.8 0 0 0 0 0 0 0 1.8 3 0 0.4 3.6 3 5.2 0.8 6.800000000000001 0 0 0 0.2 0 2.2 0 3.8000000000000003 0 8.200000000000001 5.2 0 0 0 0 0 0 0 0 0 0 0 0 0 0 0 0 0 0 0 0 0 0 0 0 0 0 0 0 0 0 0 0 0 0 0 0 0 0 0 0 0 0 0 0 0 0 0 0 2.8000000000000003 0 0 1 0 0 0 0 0 0 0 0 0 0 0 0 0 0 0.2 0 0.2 1.2000000000000002 0 2.4000000000000004 0 0 0 0 0 0 0 0 0 0 0 0 0 0 0 0 0 0 0 0 0.2 0 0 3.6 0 0 0 0 0 0 0 0 0 0 0 0 0 0 
 49 31 17.8 36.6 19.8 55 71.60000000000001 45.400000000000006 61.6 58.6 7.4 8.200000000000001 55.400000000000006 0 19.8 49.6 8.6 9.8 23.400000000000002 52.800000000000004 0.4 0 0 0 0 0 0 0.6000000000000001 22 0 0.6000000000000001 0.2 0.4 0.2 0 0 0 0 1 0.4 0 0 0.6000000000000001 0 0 0.6000000000000001 0 0.6000000000000001 0 0.4 0 0 0 0 0 0 0 0 0 0.6000000000000001 0.6000000000000001 0 0 0 0 0 0 8 13.600000000000001 1 0 0 0 0.4 0 0 0 0 0.6000000000000001 0 3.4000000000000004 2.8000000000000003 9.8 5.2 0 0 6 0.8 0.2 13.600000000000001 1.2000000000000002 0 4.6000000000000005 0 7.800000000000001 0.2 1.8 2.6 0.2 7.2 0 0.4 0 0 0 0 0 0.2 0 0 0 0 0 0 0 0 0 0 0.4 0 0 0 0 0 0 0 0 0 0 0 0 2.2 0 0 0 0 0 0 0 0 0.2 0.4 0 0 0 0 0 0 0 0 0 0 1.4000000000000001 0 0 0 0 0 0 0 2.4000000000000004 4.4 0.4 0 0.2 0 6 2.4000000000000004 3 0 0 0 3.8000000000000003 0 2.6 0 6 3 4.2 4 0 1.2000000000000002 0 0 0.4 0 0 0 0 0 0 0 0 0 0 0 0 0 0 0 0 0 0 0 0 0 0 0 0 0 0 2.6 0 0 0 0 0 0 0 0 0 0 0 0 3 0.4 0 0 1 2.4000000000000004 0.4 0.2 0 0 0 0 0 0 0 0 0 0 0 0 0 0.2 0 0.2 0.2 0 0 4.2 0 0 0 0 0 0 0 0 0 0 0 0 0 0 0 0 0 0 0 0 0 0 0 3.2 0 0 0 0 0 0 0 0 0 0 0 0 0 0 
 8 23 48.6 32.800000000000004 33.2 7.6000000000000005 43.400000000000006 6.6000000000000005 54 37.800000000000004 36 8.8 130.4 19.8 0 44 53.800000000000004 44.800000000000004 15.200000000000001 39.2 0 0 0 0.4 0 0 0.4 0.6000000000000001 0.4 0 0.6000000000000001 0.2 0.4 0 0 0 0 0 0 0.2 0 0.4 0.4 0.4 0 0.6000000000000001 0 1.2000000000000002 0 0.4 0 0 0 0.2 0 0 0 0 0 0.6000000000000001 0 0 0 0 0 0 0 0 0 0 8.4 0 0 0.6000000000000001 0 0 0 0 0.4 0 12.4 6 2 11.8 3 0.2 2 1.8 1.8 11.8 5 0 2.2 0 4.6000000000000005 9.8 9.600000000000001 7.4 2.6 2.6 0 0.2 0 0 0 0 4.6000000000000005 0 0 0 0 0 2 0 0 0 0 0 0 0 0 0 0.2 0 0 0 0 0 0 0 0 0 0 0 0 0 0.2 0 0 0 0 0 0 0 0 0 0 0 0 0 0 0 0 0 0 0 0 0 0 0 2.6 4.4 9.8 7.2 9.4 2.8000000000000003 3.8000000000000003 1 3.6 14 9.200000000000001 0 0 6.4 4 0 0.4 0 0 6.6000000000000005 4.4 0 0 0 0 0 0 0 0 0 0 0 2.4000000000000004 4.4 0 0 0 0 0 0 0 0 0 0.4 0 0 0 0 0 0 0 0.4 0 0 0 0 0 0 0 0 0 0 0 0 0 0 0 0.4 0 0 0 0 0 0 0 0 0 0 0 2.6 0 0 0 0 0 0 2.4000000000000004 0 0 19.200000000000003 0 4 0.6000000000000001 0 0 0 0 0 0 0 0 0 0 0 0 0 0 0 0 0 0 0 0 0.4 0 0 5.6000000000000005 0 0 0 0 0 0 0 0 0 0 0 0 0 
 65.8 78 35 107.2 60 34.2 45.400000000000006 6 57.2 51 14 93.2 23.8 49.6 44 0 72 46.6 7.6000000000000005 31.6 0 0 0 15.600000000000001 0.4 0.2 0.6000000000000001 1 0 0.4 0.6000000000000001 0.4 0.6000000000000001 0 0 0 0 0 0 0.4 0 0 0.4 0.4 0 0.6000000000000001 0 0.6000000000000001 0 0.4 0 0 0 0 26.6 0 0 0 0 0.6000000000000001 0 0 0 0 0 0 0.6000000000000001 0 0 0 6.4 0 1.4000000000000001 0.6000000000000001 0 0 0 0 0.4 0 7.2 4.4 0.2 5.4 5.800000000000001 0.8 8.200000000000001 5.800000000000001 0.2 3.6 4.2 2.2 3.4000000000000004 0 0.2 4 4.6000000000000005 8 0 4.6000000000000005 0 0 0 0 0 0 3 0 0 0 0 0 1.2000000000000002 0 0 2.4000000000000004 0 0 2.6 10 0.4 0 0.4 0 3.8000000000000003 0 0 0.4 0 0 0 1.6 0 0 0 0 0 0 0 0 7.800000000000001 0 0 0 0 0 0 0 0 0 0 0 0 0 0 0 0 0 0 0 0 0.2 4 8.4 4.800000000000001 0.4 0 2 0 4 3.6 4.6000000000000005 0 4.800000000000001 3.8000000000000003 3.8000000000000003 1.8 3.8000000000000003 0 0 0 6.800000000000001 0 0 0 0 0 0 0 0 0 0 2.8000000000000003 0 0 0 0 0 2.4000000000000004 2.2 0 0 0 0.2 0 0 0 0 0 0 0 0 0 0 0 0 0 0 0 0 0 0 0 0 0 0 0.2 0 0 0 0 0 0 0 0 0 0 0 0 0 0 0 0 0 0 0.4 0.6000000000000001 0.2 0.4 17.6 0 4.6000000000000005 0.2 0 0 0 0 0 0 0 0 0 2.4000000000000004 0 0 0 0 0 0 0 0 0 0 0 0 0 2.6 2.6 0 0 0 0 0 0 0 0 0 0 0 0 
 10.8 26 61.800000000000004 10.8 11.4 32.800000000000004 24.400000000000002 8 47 31 40.6 34.2 63.6 8.6 53.800000000000004 72 0 37 8 18.8 0 0 0 0 0 0 0 0.6000000000000001 0 0 0.6000000000000001 0.2 0.4 0 0 0 0 0.2 0 0.2 0 0 0.4 0.6000000000000001 0 0.6000000000000001 16 0.6000000000000001 0 0.6000000000000001 0 0 0 0 0 0 0 0 0 0.6000000000000001 0 0 10.200000000000001 0 0 0 0 0 0 0 6.800000000000001 5.6000000000000005 0.8 0.6000000000000001 0 0 0 0 0.4 0 6.800000000000001 7 2.8000000000000003 3.8000000000000003 5.4 3.2 0 0.6000000000000001 3.8000000000000003 3.2 7.800000000000001 3.4000000000000004 0 0.4 4.2 18.8 3.8000000000000003 8.8 6.800000000000001 1.8 0 0 0 0 0 0 2.6 0 1.8 0 0 0 3.4000000000000004 0 0 0 0 0 0 3.4000000000000004 2 0 0 0 0 0 0 0 0 0 0 0 0 0 0 0 0 0 0 0 0 0 0 0 0 0 0 0 0 0 0 0 0 0 0 0 0 0 0 0 0 0.2 3.4000000000000004 2.4000000000000004 5.2 2 6.800000000000001 5 2 2.4000000000000004 6.800000000000001 6.6000000000000005 0 0.6000000000000001 4.4 1.6 3.4000000000000004 10.600000000000001 0.2 3.6 0 0 0 0 0 0 2 0 0 0 0 0 5.2 0 0 0 0 0 1.8 2.2 0 0 0 4.4 0 0 0 0 0 0 0 0 0 0 0 0 0 0 0 0 0 0 0 0 0 0 0 0 0 0 0 0 0 0 0 0 0 0 0 0 0 3.4000000000000004 0 0 0 0 17.6 0.2 0.8 18.400000000000002 0 1.8 0.2 0 0 0 0 0 0 0 0 0 0.2 0 0 0 0 0 0 0 0 0 0 0 0 0 3 0 0 0 0 0 0 0 0 0 0 0 0 0 
 6.800000000000001 42 68 28.8 21 26.400000000000002 28.400000000000002 21.8 9.4 47.800000000000004 53.2 15.200000000000001 10.4 9.8 44.800000000000004 46.6 37 0 7 9.600000000000001 0 0 0 0 0 0 0.6000000000000001 0.8 0.2 0.6000000000000001 1.2000000000000002 0.8 20.6 0.4 0 15.200000000000001 0 0 0 14.8 0.4 0.4 0.8 0.4 0 1.6 0.8 0.8 0.2 1 0.4 0.4 0 0.4 0.4 0.4 0.2 0.4 14.600000000000001 0.6000000000000001 0.2 0 0 0 0 0 0 9.8 0.2 0 0 0 0.2 0.6000000000000001 0 0.6000000000000001 0 0.4 0.4 0 0 3.8000000000000003 0 0 2.8000000000000003 0.4 0 0 0 1.6 3.4000000000000004 0.2 0.2 0 2.6 1.8 7.2 0.4 3.4000000000000004 0 3.2 3.2 0 0 0 0 0 0 2 0 0 0 3.8000000000000003 2.4000000000000004 2.2 0 0 0 2.2 4.800000000000001 0 0 0 0 0.2 0 0 0 0 0 0 0.4 0 0 0 0 0 0 0 0 1 0 0 0 0 0 0 0 0 0 0.4 3.4000000000000004 0 0 0 0 0 0 0 0 0 0 0 5.6000000000000005 9.8 0.2 0 6 0 4.6000000000000005 8.6 3.2 0 0.4 0 3.4000000000000004 7.6000000000000005 6.6000000000000005 0 0 0.2 0.4 0 0 0 0 9.600000000000001 0 0 0 0 0 2 1.8 0 0 0 0 3.2 7.6000000000000005 0 0 0 0 0 4 0 0.4 0 0 1.4000000000000001 0 0 0.2 0 0 0 0 0 0 0 0.2 0 0.2 0 0 0 0 0 0.4 0 0 0 4.6000000000000005 0 0 0 0 0 0 0 0.2 0 0 0 1.2000000000000002 17.6 0.6000000000000001 0 2.2 3 0.2 0.8 0 0 0 0 0 0.4 0 0 0.2 0 0 0 0 0 0.4 0 0 0 0 0 0 0 2.2 4.6000000000000005 5.2 0 0 0 0 0 0 0 0 0 0 0 0 
 19.8 12.8 8.8 34.6 14.4 12.4 13.200000000000001 69.60000000000001 40.6 19.6 5.6000000000000005 23.6 60.2 23.400000000000002 15.200000000000001 7.6000000000000005 8 7 0 61.400000000000006 0 0 0 0 0 0 0 0.6000000000000001 16.8 0 1 0.2 0.4 0 6.6000000000000005 0 0 0.4 0 0.2 0 0.4 0.4 0.4 0 0.6000000000000001 0 0.6000000000000001 0 0.4 0 0 0 0 0 0 0 0 0 0.6000000000000001 0 0 0 0 0 0 0 0 0 0 5.4 0 0 0.6000000000000001 0 0 0 0 0.4 0 5.800000000000001 0 3.6 0.4 0 0 12.200000000000001 0 0.6000000000000001 1 0.2 0 4.4 14.8 0 0 2 2 1.6 14 0 0 0 0.2 0 0 0 0 0 0 0 0 0 0 0 0 0 0 0 0 0 0 0 0 0 0 0 0 0 0 0 0 0 0 0 0 0 0 0 0 0 0 0 0 0 0 0 0 0 0 0 0 2 0 0 0 0 0 0 0 2.8000000000000003 0 0.2 0 0 0 0 3.4000000000000004 0 0 0 0 3.4000000000000004 0 3.8000000000000003 3.2 4.6000000000000005 0 0 1.8 0 0 0 0 0 0 0 0 0 0 0 0 0 0 0 0 0 0 0 0 0 0 0 0 0 0 0 0 0 0 0 0 0 0 0 0 0 0 2.4000000000000004 0 0 0 0 0 0 0 0 0 3.4000000000000004 0 0 1 0 0 0 0 0 0 0 0 0 0 0 0 0 0 0 0.2 0 0 0.2 0.8 0 0 0 0 0 0 0 0 0 0 0 0 0 0 0 0 0 0 0 0 0 0 0 3.4000000000000004 0 0 0 0 0 0 0 0 0 0 0 0 0 0 
 25.8 11.600000000000001 14.600000000000001 14.8 18.2 56 8.8 40.6 22.200000000000003 38 37.6 7.2 25 52.800000000000004 39.2 31.6 18.8 9.600000000000001 61.400000000000006 0 0 0 0 0 0.4 0 0.2 0.6000000000000001 0.2 40.400000000000006 0.6000000000000001 0.4 0.4 0.6000000000000001 0 0 0 0 0 0.4 0 0 4.2 0.6000000000000001 0 0.6000000000000001 0.6000000000000001 0.6000000000000001 0.6000000000000001 0.6000000000000001 0 0 0 0.6000000000000001 0 0.6000000000000001 0.2 0 11 0.6000000000000001 1 0 0.4 0 0.4 0 0 11 0 9.4 6.6000000000000005 0.2 0 0.6000000000000001 0.4 0.2 0 0.2 0.4 0 0 0 3.4000000000000004 3.4000000000000004 0 0 1.2000000000000002 0 0 0 1.8 0 4.6000000000000005 5.800000000000001 3.2 3.8000000000000003 0.6000000000000001 1.6 4.6000000000000005 4 0 0 0 0 0 0 0 0 0 0 0 0 0 0 0 0 0 0 0 0 3.4000000000000004 0 0 0 0 0 0 0 0 0 0 0 0 0 0 0 0 0 0 0 0 0 0 0 0 0 0 0 0 0 0 0 0 0 0 0 0 0 0 0 0.2 0 3.8000000000000003 0 0 0 3.8000000000000003 0.2 4 0 3 0 2 6.2 8 0.8 0 3.6 0.6000000000000001 0 0 0 0 0 0 3.4000000000000004 0 0 0 0 3.6 0 0 0 0 0 0 0 0 0 0 0 0 0 0 0 0 0 0 0 0 0 0 0 0 0 0 0 0 0 0 0 0 0 0 0 2.2 4.6000000000000005 0 0 0 0 0 0 0 0 0 0 0 0 0 0 0 0 0 0.4 0.6000000000000001 0.6000000000000001 0.4 0.4 0 0.6000000000000001 0 0 0 0 0 0 0 0 0 0 0 0 0 0 0 0 0 0 0 0 0 0 0 0 0 0 0 0 0 0 0 0 0 0 0 0 0 0 
 0.8 0 0.2 0 1.8 0 39.6 0 0 0 0.2 0 0 0.4 0 0 0 0 0 0 0 31.6 16.400000000000002 50.800000000000004 63.2 7.2 32.2 83.80000000000001 13 23 7.800000000000001 24.8 44 37.800000000000004 37.4 7 15.4 8 32.800000000000004 64.60000000000001 0 0.6000000000000001 0 0 0 2.2 0 0 0 12.600000000000001 1 0 0 0.2 0 0 0.2 0.6000000000000001 12.600000000000001 0 10.4 10.4 1 0 0.6000000000000001 0.6000000000000001 0.6000000000000001 0 0.8 0.4 0.2 0 11.600000000000001 0 0 0 0 0 0 0 0 0 0 0 0 5 0 0 0 0 0 2.2 0 0 0 0 0 0 0 0 3 8 8.8 2 0 3.6 2.6 7.4 2.2 0.4 0 8.4 0 0 7 4.6000000000000005 3 3.2 0 1.6 0 0 0 0 0 0 0 0 0 0 0 0 8 0 0 0 0 0 2 8.8 0 3 0 0 0 0 0 0 0 0 0.8 0.4 0 3 0 0 0 0 0 0.4 0 0 0 0 0 0 0 0 0.2 0 0 0 0 0 0 0 0 0 0 0 4.4 8.200000000000001 0.8 4 0 6.800000000000001 2.4000000000000004 9.4 6.4 5.800000000000001 10 2.8000000000000003 3 5.4 1.4000000000000001 6.6000000000000005 4 6.4 0 2.8000000000000003 0 0 0 0 0 0 2 0 0 0 0 0 2.4000000000000004 0 0 0 0 0 2.6 0 0 0.4 0 0 2.2 0 0 0 0 0 0 0 0 0 0 0 0 0 0 0.2 0 0 0 0 0 0 0.2 0 0 0 0 0 0 0 3.4000000000000004 0 0.4 0.4 0 0.4 0.4 2.4000000000000004 0 0 0 0 0 0 0 0 0 0 0 0 0 0 0 0 0 1.4000000000000001 0 5.2 0 0 0 0 0 0 0 0 
 0.6000000000000001 0 0 0 0 15 0 0.4 0 0 0 0 0 0 0 0 0 0 0 0 31.6 0 70.8 16.6 9.4 54.6 24.400000000000002 20.6 97 54.800000000000004 20.200000000000003 38 51.2 8.6 42.800000000000004 32 53.2 15.8 66.60000000000001 26.400000000000002 0.2 0.6000000000000001 0 0 0 1.6 0 0 0 0 0.8 0 12.4 1.6 0 0 0 0.6000000000000001 12.600000000000001 0.4 0 0 0 3.6 0.2 0.6000000000000001 0 0 0 8.6 0 0 0.6000000000000001 0 0.2 0 0 0 0 0 0 0.4 0.2 0.2 0 4.2 0 0 0 0 0 4.4 0 0 0 0 0 0 0 0 2.4000000000000004 0 12.600000000000001 5.6000000000000005 0 0.2 5 0.2 5.800000000000001 5.2 0 4 0 1.6 0.2 8.6 2.6 7.2 1.8 1.6 0 0 0 0 0 0 3.6 0 0 0 0 0 3.6 4.2 0 0 0 0 0 5 0 0 0 0 0 0 0 0 0 0 0.2 0 0 0 0 0 0 0 0 0.2 0 0 0 1.4000000000000001 0 0 0 0 1.4000000000000001 0 0 0 0 0 0 0 0 0 1.6 0 0.2 5.800000000000001 3.2 5.4 0.2 3.6 3.8000000000000003 6.4 3 7.4 0.6000000000000001 7.6000000000000005 0 4 0 8.6 2.4000000000000004 2.6 0 0.2 0 0 0 0 0 0 2 0 0 0 0 0 3.8000000000000003 4 0 3.4000000000000004 0 0 0 3.8000000000000003 0 0 0 0 7.2 0 0 0 0 0.2 0 0 0 0 0 0 0 0 0 0 0 0 0 0 0 0 0 0 0 0 0 0 0 0 1.4000000000000001 0 0 0 0 0.2 0 0.2 0 0 0 0 3.2 0 0 0 0 0 0 0 0 0 0 0 0 3.6 0 0 0 0 0 2.8000000000000003 2 0 0 0 
 0 0 0.2 0 0 29.200000000000003 0 0.4 0 0 0 0 0 0 0 0 0 0 0 0 16.400000000000002 70.8 0 33.800000000000004 11.200000000000001 6.800000000000001 32 50.6 34.6 72.4 53.6 8.4 45.800000000000004 28.6 10.600000000000001 80.60000000000001 37.800000000000004 12 14.200000000000001 38.400000000000006 0.4 0.6000000000000001 0 0 0 0.4 1.6 0 0 0 0.2 0 0.2 12.4 0 1.2000000000000002 0 0.6000000000000001 1.6 12.4 0 0 0.6000000000000001 0 0.4 0.6000000000000001 0 0 0 0.4 0 0.2 0.6000000000000001 0 0 0 0 0.2 0 8.200000000000001 0 0 0.2 0 3.6 0 0 0 0 0 0 0 0 0 0 0.2 0 0 0 0 2.6 5 4.6000000000000005 7 0 0.4 0.6000000000000001 0.8 0 2.2 2.8000000000000003 0 3.8000000000000003 3.4000000000000004 8.200000000000001 2.6 4.4 2.6 4.6000000000000005 3 0 3.8000000000000003 0.6000000000000001 0 0 0 4 0 0 0 0 0 1.6 2 0 0 0 0 0 5.2 0 0 0 0 0 0 0 0 0 0 2 0 0 0 0 0 0 0 0 0.2 1.4000000000000001 0 0 0 0 3.8000000000000003 0 0 0 0 0 0 0 0 0 0 5.2 0 0.4 0 3.4000000000000004 5.6000000000000005 10 6.800000000000001 0.2 0 8.4 2.4000000000000004 2.8000000000000003 7.800000000000001 13.600000000000001 3.6 0 0 1.8 0 8 2.2 3.4000000000000004 6.6000000000000005 0 0 0 0 0 0 0.2 0 0.2 0.2 0 0 0 4 0 0.2 0 0 3 2 0 0 0 0 0 0 0 0 0 0 0 0 0 0 0 0 0 0 0 0 0 0 0 0 0 0 0 0 0 0 0 0 0 0 0.4 0.4 0 0 16.400000000000002 0.4 0 3 0 0 0 0 0 0 0 0 0 0 0 0 0 0.2 0 0 0 0 0 3.4000000000000004 0 0 0 0 0 0 0 0 
 0 0 0 0 0 0 34.6 0 0 0 0 0 0.2 0 0.4 15.600000000000001 0 0 0 0 50.800000000000004 16.6 33.800000000000004 0 19.200000000000003 8 23.200000000000003 69 19.400000000000002 32.800000000000004 69.8 71 13.4 65.60000000000001 16.2 54.800000000000004 41.400000000000006 24.8 55.6 14 0 0.6000000000000001 0 0 0.4 0.4 12.600000000000001 12.8 0 0 0.4 0 0 0 0 0.2 0.4 0.6000000000000001 6.2 30 0.4 0.4 0 0 0.8 1 0.6000000000000001 1 0 0.4 0 0.4 0.8 0.4 0 0 0 0.4 0 0 0 0 0 0 0 0 0 0.4 0 0 0 0 0 0 0 0 0 0 0 0 0.2 0 4 2 2.2 4.800000000000001 0 0.2 0 0 17 2.8000000000000003 0 0.2 0.2 4.6000000000000005 12.4 0 0 0 0 0 0 0 0 0 9.200000000000001 0 0 0 0 0 0 3.6 0.8 0 0.4 0 6.800000000000001 5.4 0 0 0 0 0 0 0 0 0.2 0 0 0 0 0 0 0 0 0 0 0 0 0 0 0 0 0 0.2 0 0 0 0 0 0 0 0 0 0.2 0 1.4000000000000001 0 0 0.2 6.6000000000000005 0 7.4 5.6000000000000005 0 0.2 0 5.2 5 8.8 0 0 0 1.6 0 0 3.2 0 0.2 0 1.2000000000000002 0 0 0 0 3.6 1.6 0 0 0 3.6 0 0 4.800000000000001 0.8 0 0 2.2 0 0 0 0.4 0 0 0 0 0 0 0 0 0 0.2 0 0 0 0 0 0 0 0 0 0 0 0.2 0 0 0 0 0 0 0 0 2 0.2 0.4 9.600000000000001 0 0.4 0.2 0 0 0 0 0 2.8000000000000003 0 0 0 0 0 0 0 0 0 0 0 0 0 0 0 0 0 0 0 1.8 0 0 0 
 0 0.2 0.2 0 1.2000000000000002 0 0 0 0 0 0 0 0 0 0 0.4 0 0 0 0.4 63.2 9.4 11.200000000000001 19.200000000000003 0 26.6 7.800000000000001 14.8 18.2 86.4 32.4 28.8 14.4 64.60000000000001 29.6 62.2 24.8 37.800000000000004 20.400000000000002 17.6 12.8 12.8 0 0 0 0.6000000000000001 0.2 24.8 0 0 0 0 12.4 0 0 0 0 0.6000000000000001 29 10.8 0 0.2 0 0 0.4 0.6000000000000001 0.8 0.2 0 0.4 0 0 0.6000000000000001 0 0 0 0 0 0 0 0 0 0 0 0 0 0 0 0 0 0 0 0 0 0 0 0 0 0 0 0 0 0 0 7 0 0 0 0 0 0 3.8000000000000003 0 0 0 0 0 11.8 0 0 7.2 3.2 6.2 0 0 0 4.2 0 2.4000000000000004 0 0 4.800000000000001 0 0 2.2 0 0 3 5 2 0 0 0 0 0 0 0 0 0 0 0 0 0 0 1.8 0 2.2 2.8000000000000003 0.2 0 0 2.2 0 0.4 0 0 1.8 0 0 4.2 0 0 0 1.8 0 0 0 0 0 0.4 0 0.4 0 3.4000000000000004 0 1 0 0 1.4000000000000001 2.4000000000000004 2.2 0 0.4 0 0 0.4 3.2 10.600000000000001 0 0 0.2 0 7 3.6 0 0 4.6000000000000005 1.8 3.4000000000000004 0 0.2 2.8000000000000003 0 12 11.8 3.4000000000000004 0 4 8 7.4 0 0 0 0 0 0 0 0 0 0 0 0 0 0 0 0 0 0 0.4 0 0 0 4.4 0 0 0 0 0 0 0 0 0 0 0 1 0 0 28 16.400000000000002 4.6000000000000005 0.4 0.2 0 0 0 3 0 0 0 0 0 0 0 0 0 0 0 0 0 0 0 0 0 0 0 0 0 0 0 0 
 0 0 0 0 0 0.2 0 0 0.4 0 0 0 0 0 0 0.2 0 0 0 0 7.2 54.6 6.800000000000001 8 26.6 0 7 9.4 56.800000000000004 138.6 59.2 46.400000000000006 9.600000000000001 11.8 10.4 14.200000000000001 25.6 33.800000000000004 50.2 53 37.2 12.8 5.800000000000001 12.600000000000001 0 0.4 13.8 10.4 12.4 0.4 0 0 25.8 0 0 0 0 0.6000000000000001 12.8 12.4 0 0 0 0 11 0.6000000000000001 0 0.2 0 0.4 0.2 0 0.8 0 0 0 0 13.8 0 0 0 0 0 0 0 0 0 0 0 0 1.2000000000000002 0 0 0 0 0 0 0 0 0 0 0 0 0 2.6 0.6000000000000001 0 0 1.8 3.2 0 0 0 0 0 0.8 0 3 0.4 0 0.6000000000000001 5.6000000000000005 2.2 0 0 0 1.8 0.2 1.6 0 5 0 10.200000000000001 1.8 7.800000000000001 3.8000000000000003 5.4 8.6 0 2.8000000000000003 0 0 0 0 0 0 0 0 0.8 0 0 0 0 0 0.4 0 6.4 1.8 0 0 0 0.6000000000000001 0.2 0 0 0 1 0 0 0.8 0.4 0 0 1 0.2 0 0 0 0 0 0 0 2.2 2.8000000000000003 3.6 2 0 0 0 3.6 0 0 0 0 0 4.4 0 0 0 0 0.4 0 3 4.2 0.2 0 8.8 0.2 0 0 5.800000000000001 2.6 7 8.6 0.6000000000000001 0 0.2 2.2 0.2 9.4 0 3.4000000000000004 0 0 0 0 0 0 0 0 0 0.4 0 0 0 0 0 0 0 0 0 0 0 0 0 0 0 0 0 0 0 0 0 2 0.8 0 2 1.2000000000000002 0.8 2.2 1.8 0 0 0 0 2.2 0 0 0 0 0 0 0 0 0 0 0 0 0 2 0 0 0 0 0 3 0 0 0 0 
 0 0 0 13.200000000000001 0.4 18.400000000000002 0 0 0 14.200000000000001 0 0 0 0 0.4 0.6000000000000001 0 0.6000000000000001 0 0.2 32.2 24.400000000000002 32 23.200000000000003 7.800000000000001 7 0 41 49.2 8.6 24.8 9.200000000000001 36.2 88 62.2 5.6000000000000005 20.6 12 26.200000000000003 24.8 0 0.6000000000000001 0 0 0 1.6 0 0 0 0 4.6000000000000005 0 0 2.2 0 0 0 0.6000000000000001 0 0.4 0 10 1.6 0 0.4 0.6000000000000001 0.6000000000000001 0 0 0.4 0 0 11.200000000000001 0 0 0 0 0.4 0 0 0.4 0.2 0 0 0.8 2.4000000000000004 0 0 0 0 0 0 0 0 0 0 0 0 0 5 7 0 6 4.800000000000001 0 2 6.4 3.2 0 5.4 0 3.8000000000000003 0 5.800000000000001 2.8000000000000003 0.4 4.4 21.400000000000002 0.2 1.2000000000000002 0 0 0 0 0 0 0 0 0 0 0 0 0.8 0 0 0 0 0 0 3 0 2.8000000000000003 0 0 0 0 0 0 0 0 2 0 0 0.2 0 0 0 0 0 0.4 0 0 0 0 0 3.6 0 0 1.2000000000000002 0.6000000000000001 0 1.4000000000000001 0 0 0 0 0 0 0 2.2 5.6000000000000005 2 4 4.4 0 0 6 2.2 2.2 5.4 4.2 11.4 1.6 5.800000000000001 1.4000000000000001 3.4000000000000004 4.800000000000001 5.6000000000000005 0 0.2 0 0 0 0 0 2.6 0.2 0 0 0 0 0 0 0 0 0 0 0 0.2 0.2 0 0 0 0 0 0 0 0 0 0 0 0 0 0 0 0 0 0 0 0 0 0 0 0 0 0 0 0 0 0 0 0 0 0 1.6 0 0 0 0 0 0 2.4000000000000004 0 0 0 0 0 0 0 0 0 0.4 0 0 0 2 0 0 0 0 0 2.8000000000000003 0 0 0 0 0 0 0 0 
 0.6000000000000001 0.8 0.6000000000000001 0.6000000000000001 0.6000000000000001 15.600000000000001 0.6000000000000001 0.6000000000000001 0.6000000000000001 0.6000000000000001 0.6000000000000001 0.6000000000000001 0.6000000000000001 0.6000000000000001 0.6000000000000001 1 0.6000000000000001 0.8 0.6000000000000001 0.6000000000000001 83.80000000000001 20.6 50.6 69 14.8 9.4 41 0 26 58.6 38.400000000000006 37.2 77.4 59.400000000000006 18.8 92.80000000000001 11 40.400000000000006 26 24.6 0 0.6000000000000001 0 0 0 0.4 0 0 0 0 0.4 0 0.4 0 15.4 0 0 1 0 0 0 1 0 0 0.6000000000000001 0.6000000000000001 1 0 0.2 0.4 0.2 0 0.6000000000000001 8.8 0 0 0 0 0 0 0 0 0 0 0 0 0 0 0 0 0 0 0 0 0 0 2.6 0 0 0 2 4 5.4 5.6000000000000005 0.2 1.6 0.6000000000000001 0.6000000000000001 1.8 7.2 4.6000000000000005 4.6000000000000005 3.6 1 3 1.8 2.2 4.6000000000000005 0 2 0 0 0 0 0 0 0 0 0 0 0 0 11.8 0 0 0 0 0 0 7.4 0 0 0 0 0 0 0 0 0 0 3.4000000000000004 0 0 0 0 0 0 0 0 1.2000000000000002 0 0 0 0 0.2 0 0 0 0.6000000000000001 0 0.2 3.2 0 0 0 0 0 0 0 0.4 0 6.4 8.4 3.2 1.4000000000000001 2.4000000000000004 3.6 3.8000000000000003 4.2 7.800000000000001 7.6000000000000005 0.8 0 0 1.6 0 7.800000000000001 0 0 2.6 0 0 0 0 0 0 2 0 0 0 0 0 4 0.2 0 0 0 0 0 0 0 0 0 0 0 0 0 0 0 0 0 0.2 0 0 0 0 0 0 0 0 0 0 0 0 0 0.6000000000000001 0 0 0 0 0 0 0 3.2 0.8 0 0.4 15.200000000000001 0 0 0.2 2.4000000000000004 0 0 0 0.2 0 0 0 0 0 0 0 0 0 0 0 0 0 2.2 0 2.2 0 0 0 0 0 0 0 0 
 0 0 0 0 0 36.800000000000004 0 0 0 0 0 14.8 0 22 0.4 0 0 0.2 16.8 0.2 13 97 34.6 19.400000000000002 18.2 56.800000000000004 49.2 26 0 22.400000000000002 8 50 38.6 27.400000000000002 25.200000000000003 37.6 9.200000000000001 72.2 81.60000000000001 56.800000000000004 0 0.6000000000000001 0.4 0.6000000000000001 0 2.2 0 0.8 0.4 0 1.6 0 0.8 9 0 0 0.4 0.6000000000000001 0 1.6 0 0 0 0 2 1 0.4 0 0 0.4 1 0 0.6000000000000001 0.2 0 0 0 0 0 0.4 0 0 0 0 0 4.6000000000000005 0 0 0 0 0 2 0 0 0 1 0 0.2 0 0 3.8000000000000003 3.8000000000000003 4 0 0 0 3.4000000000000004 8.4 0 0.2 2 0 2.8000000000000003 1.6 7.4 1.2000000000000002 2.2 4.2 1.8 3.4000000000000004 0 0 0 0 0 0 0 0 0 0 0 0 0 0 0 0 0.4 0 0 0 0 0 0 0 0 0 0 0 0 0 0 0 0 0 0 0 0 0 0 0 0 0 0 1.8 0 0.2 0.2 0 0 0.2 0 6.6000000000000005 0 0 0 0 0 0 0 0 3.2 5.4 4.2 0 0 0 0.4 5 6 0.2 0 9.200000000000001 5.4 4.6000000000000005 3 0 3 3.2 3.8000000000000003 2.4000000000000004 0 0 0 0 0 0 0 0 0 0 0 0 0 0 0 2.8000000000000003 0 0 0 0 0 0 0 0.4 0 0 0 0 2.2 0 0 0 0 0 0 0 0 0 0 0 0 0 0 0 0 0 0 0 0 0 0 0.2 0.4 0 1.2000000000000002 0 0 16.2 0 0.4 3.2 0 0 0 0 0 0 0 0 0 0 0 0 0 0 0 0 0 0 0 0 0 0 0 0 0 0 0 0 0 
 0 0 0 0 14.4 0 0 0 0 15.600000000000001 0 0 0 0 0 0.4 0 0.6000000000000001 0 40.400000000000006 23 54.800000000000004 72.4 32.800000000000004 86.4 138.6 8.6 58.6 22.400000000000002 0 20.6 67.4 61.800000000000004 34.800000000000004 32.2 87.2 11.600000000000001 34 20.6 19.8 0 1 0 0 0 0.6000000000000001 0 0 0 0 0 0 11 0 0 0 0 0.6000000000000001 16.2 0 0.2 10 0 0 0.2 0.6000000000000001 0 0 0 0.4 0 0 10.8 0 0 0 0 0 0 0 0 0 0 0 0 0 0 0 1 0 0 0 0 0 0 0 0 0 0 0 2.2 0 6 8.8 1.4000000000000001 3.2 0 0.4 5.6000000000000005 4.4 0.2 9.600000000000001 0 0 1.6 4.6000000000000005 2.2 4.6000000000000005 0 0 2.4000000000000004 0 2.4000000000000004 0 0.4 0 7.2 0 0 0 0.4 0 2 8 0 0 0 0 2 2 0 0.4 0 0 0 0 0 0 0 0 0.8 0 0 0 0 0 0 0 0 1.4000000000000001 0 0 0 0 0 0 0 0 0 0.2 0 0 0 0 0 0 0 0 0.6000000000000001 0 1.4000000000000001 4.2 1.8 10.200000000000001 1.8 5.800000000000001 4 3.2 2.4000000000000004 3.6 4.2 9.8 0 0 1.2000000000000002 8.200000000000001 2.8000000000000003 4.4 0 5.2 0 0 5 0.2 6.4 0 0 0 2.2 0 0 0 0 0 2.4000000000000004 2.2 0 0 1.6 3.8000000000000003 0 0 0 0 0 0 0 0 0 0 0.4 0 0 0 0 0 0 0 0 0 0 0 2.8000000000000003 0 0 0 0 0 0 0 0 0 0 0 4.6000000000000005 0 0 0 15.8 0.4 0.2 3 0 0 0 0 6.800000000000001 0 0 0 0 0 0 0 0 0 0.2 0 0 0 0 2.4000000000000004 0 0 0 0 2.6 0 0 0 
 0.6000000000000001 0.6000000000000001 0.6000000000000001 0.6000000000000001 0.6000000000000001 0.6000000000000001 0.6000000000000001 1 0.6000000000000001 0.6000000000000001 0.6000000000000001 0.6000000000000001 0.6000000000000001 0.6000000000000001 0.6000000000000001 0.6000000000000001 0.6000000000000001 1.2000000000000002 1 0.6000000000000001 7.800000000000001 20.200000000000003 53.6 69.8 32.4 59.2 24.8 38.400000000000006 8 20.6 0 59.6 53 26.200000000000003 13.600000000000001 109.4 23.200000000000003 25.400000000000002 5.6000000000000005 58.400000000000006 0.4 0.6000000000000001 0 0 41.800000000000004 0.4 0.4 0 0 0.2 1.2000000000000002 0 18.6 0 0 0.2 0 0.6000000000000001 12.4 12.4 0.4 0.2 0.6000000000000001 0 1.4000000000000001 0.8 1 1.2000000000000002 0.4 0.8 0.4 0.4 0.8 0.4 0 0 0 0.6000000000000001 0 0.4 0 0 0.2 0 0 0.8 0 0 0 0 0 0 0 0 0 0.2 0 0 0 1.6 2.6 2.6 0.2 0.8 5 8 6 1.8 0 4.6000000000000005 5.800000000000001 0 0 2 0 6.4 3.4000000000000004 3.8000000000000003 3.4000000000000004 0 0 0 0.2 0 0 0 3 1.2000000000000002 0 0 0 0 4.2 0 1.6 0 0.2 0 1.2000000000000002 0 0 0.4 0 0 0.2 0 0 0 0 0 0 0 0 0 0 0 0 0 0 0 0 0 0 0 0 0 0 0 1.6 0 0 0 0 0.2 0 0 0 0 0 0 0.2 0 4 3 9.4 4.2 3.6 0 2 3.6 8.4 4 0 0 0 0.2 0 0 0 0 4.2 0 4.2 0 0 0 0 2.4000000000000004 2.2 0 0 0 3 0.2 0 0.2 1.8 0 1.8 1.8 0 0 0 0 0 0 0 0 0 0 0 0 0 0 0 0 0 0 0 0 0 0 0 0 0 0 0 0 0.2 0 0 0 0 0 1.2000000000000002 0 0.4 17.400000000000002 0.2 0.4 0.4 0.4 0 0 0 0 0 0 0 0 0 0 0 0 0 0 0 0 0 0 0 3.8000000000000003 0 0 0 0 0 0 0 0 
 0.2 0.2 0.2 0.2 1 0.4 0.6000000000000001 0.4 0.4 0.2 0.4 0 0.4 0.2 0.2 0.4 0.2 0.8 0.2 0.4 24.8 38 8.4 71 28.8 46.400000000000006 9.200000000000001 37.2 50 67.4 59.6 0 6.4 27 65 53.6 11.600000000000001 80.4 11.4 11.8 0 0.6000000000000001 0 0 0 0.4 0 12.8 0 0 0 0 5.800000000000001 0.2 0 0 0 0.6000000000000001 6.800000000000001 0 0 10.8 0.4 7.4 0.6000000000000001 0.6000000000000001 0.8 0.4 0.2 0.4 0.2 0.2 11.600000000000001 0 0.2 0 2 0 0 0.6000000000000001 0 0 0 0 0 0 0 0 2.6 0 0 0 0.4 0 0 0 0 0 0 3.8000000000000003 2.4000000000000004 0 3.2 5.4 1.8 3.8000000000000003 0 0 3.4000000000000004 0 0 16.6 0 0 6.6000000000000005 4.2 0 0 0 0 0 0.2 0 0 0.2 0 9.200000000000001 0 0 0 0 0 4.2 1.2000000000000002 0 0 0 0 4.2 9.8 0 0.8 0 0 0 0 0 0.2 0 0 3.6 0 0 0 0 0 0 6.800000000000001 0 0.6000000000000001 0 0 0 2.4000000000000004 0 0 0 0 0 0.8 0 0 0 0.4 0 0 0 0 0 0 1.6 0.6000000000000001 3.2 6 2.2 3.6 2.4000000000000004 0 0.2 6.800000000000001 11.600000000000001 1.2000000000000002 0 3 1.4000000000000001 6 3 1.8 0 0 2 0 3 1.6 0 0 2.4000000000000004 6.800000000000001 0 0 0 2.6 6.6000000000000005 0.2 3 1.8 4.4 0 2.8000000000000003 2 0 0 0 0 0 0 0 0 0 2.4000000000000004 0 0 0 0 0 0 0 0 0 0 0 0 0 0 0 0 0.2 0 0 0 0 0 0 0 1.6 0 0 0 0.2 0.2 0.2 2.4000000000000004 0 0 0 0 1.6 0 0 0 0 0 0 0 0 0 0 0 0 0.8 0 4 0 0 0 0 2.2 0 0 2.4000000000000004 
