 0 27.200000000000003 39.6 9.200000000000001 12.8 8.200000000000001 62.800000000000004 32.2 26.200000000000003 64.4 25.8 6 53 31.400000000000002 55.2 8.8 10.600000000000001 28.6 23.8 24 0 0 0 0 0.4 0 0 0 0 0.8 0.4 0 0.2 0 0 0 0 0 40.800000000000004 0.6000000000000001 0 0 0 0 0 0 0 0 0.4 0 0 0 13.200000000000001 0 0 0 0 0 0 0 0 0.4 0 0 0 1.4000000000000001 0 0 0 0 0 0.4 0 0 0.6000000000000001 0 0 0 0 0.4 1.2000000000000002 4.2 5.2 3.8000000000000003 0.4 0 8.4 0.2 0.4 1.2000000000000002 2.2 3.8000000000000003 15.600000000000001 2 2.6 9.8 6.6000000000000005 9.8 4.2 4.800000000000001 0 0 0 0.4 0.4 0 0 0.4 0 0 0 0.2 0 0 0 0 0.6000000000000001 0 1.8 0 0 0 0 0 0 0.2 0 0 0 0 0 0 0 0 0 0 0 0 0 0 2.4000000000000004 0 0 0 0 0 0 0 0 3.2 0 0 0 0 0 0 0 0 0 0 6.2 7.800000000000001 0 0.4 11 0 2.6 3 1.2000000000000002 0.2 0 0 0.6000000000000001 4.4 7 3.4000000000000004 0 0 0 4.2 0 0 0 0 0 0 0 0 2.2 0 0 0 0 0 0 0 0 0 0 4 0 0 0 0 0 0 0 0 0 0 0 0 0 2.6 0 0 0 0 0 0 0 0 0 0 0 0 1 0 0 0 0 0 0 0 0 0 0 0 0 0 0 0 0 0 0 0 0 0 0.6000000000000001 18.2 2.8000000000000003 2 0 0 0 0 0 0 0 0 0 0 0 0 0 0 0 0 0 0 0 0 0 0 0 0 0 0 0 0 0 0 0 0 0 0 0 0 0 0 
 27.200000000000003 0 43.6 52 27 9.8 19.6 108.2 89.2 8 34.2 22.200000000000003 25.6 10.4 33 55.800000000000004 24.200000000000003 25.200000000000003 11.4 25.6 0 0 0 0 0.4 0 22.6 0 0 0.4 0.4 0 0.6000000000000001 0.2 0 0 0 0 0.6000000000000001 0.4 0 0 0 0 0 0 0 0 0.4 0 0 0 0.6000000000000001 0 0 0 0 0 0 0 0 0.6000000000000001 0 0 0 0 0 0 0.2 0 0 0.4 0 0 0.6000000000000001 0 0 0 0.8 0.6000000000000001 2.8000000000000003 4.800000000000001 1.4000000000000001 7.800000000000001 7.800000000000001 2.8000000000000003 0 0.2 0 12.8 2 7.2 0 2.2 5.800000000000001 1.6 8.200000000000001 0.6000000000000001 3.2 0 0.4 0 0 0 0 0 0.2 0 0 0 0 0 0 5.4 0 0 3 0 2.2 6.2 0 0 0 0 0 0 0 0 0 0 0 0 0 0 0 0 0.6000000000000001 0 0 0 0 1 0 0 0 0 0 0 7.2 0 0 0 0 0 0 0 0.2 0 0 0 6.2 2.2 0 0.2 5.6000000000000005 0.2 0 1.4000000000000001 6.800000000000001 1.8 0.6000000000000001 1.4000000000000001 0 0 1.4000000000000001 3.2 2.8000000000000003 1 0 0 0.4 3.8000000000000003 0 0 0 0 4.6000000000000005 0 0 0 0 0 0.8 0 0.4 4 0 0.2 0 0.2 0 0 0 0 2 2.6 0 0 0 0 0 0.4 0 0 0 0 0 0 0 0 0 0 0 0 0 0 0 0 0 0 0 0 0 0 0 0 0 0.2 0 0 0 0 0 0 0 0.6000000000000001 21.6 0 0.6000000000000001 13 5.4 2.2 0 0 0 0 0 0 0 0 0 0 0 0 0 0 0 0 0 0 0 0 0 0.2 0 4 0 0.2 0 0 0 0 0 0 0 0 0 0 0 0 
 39.6 43.6 0 43 42 10.4 14.200000000000001 35.2 32.6 37.6 21.8 44.6 35.6 33.2 31.400000000000002 47.800000000000004 19 26.200000000000003 8 7.4 0.2 0 0.4 0.2 41.6 0 0 0 0 0.8 0.4 0 1.4000000000000001 0.8 0 0 0.4 0.2 14.4 0.4 0.8 0 0.8 7.2 1.2000000000000002 0 0 0 0.4 0 0.8 0 0.6000000000000001 0 0.8 0 0.8 0 1.2000000000000002 0.4 0.4 0.2 0 0 0 1 0 0 0 0 0.2 0.6000000000000001 0.4 0 0.6000000000000001 0 0 0 1.2000000000000002 9.600000000000001 2.8000000000000003 7.4 2.6 0 2.8000000000000003 0 0 3.2 2 1.2000000000000002 0 11.600000000000001 0 0 4 11.8 6 0.2 6.800000000000001 0 0 0 0 0 0 0 1.8 0 0 0 0 0 0 5.6000000000000005 3.6 0 3.2 0 0 6.6000000000000005 0 0 0 0 0 0 0 0 0 0 0 0 0 0 0 0 0 0 0 0 0 0.8 0 0 0 0 0 0.4 0.4 0 0 0 0.4 0 0 0 0 0 0 0 2.8000000000000003 5.6000000000000005 0.2 0 0 3.2 0 1.4000000000000001 3.8000000000000003 3.8000000000000003 3.6 0 0 0 1.4000000000000001 11 1.6 1.6 3 0 2.2 0 0 0 0 0 0 0 0 0 0 0 6.6000000000000005 0.8 0 0 0 0 0 2 0 0 0 0 0 3.8000000000000003 0 0 0 0 0 0 0 0 0 0 0 0 0 0 0 0 0 0 0 0 0.4 0 0 0 0 0 0 0.4 0 0 0 0 0 0 0 0 0 0 0 0.4 0.8 0 19.200000000000003 0.2 0.2 4.6000000000000005 0.4 0 0 0 0 0 0 0 0.2 0 0 0 0 0 0 0 0 0 0 0 0 0 0 0 0 0 0 0 0 0 0 0 0 0 0 0 0.4 0 
 9.200000000000001 52 43 0 14.600000000000001 68.8 55.400000000000006 53 51.2 55.400000000000006 42.800000000000004 45.6 14.200000000000001 64 38.800000000000004 53 7.2 39.400000000000006 14.600000000000001 29.8 15.600000000000001 0 0 0 0 0.6000000000000001 18.2 0 0 0.6000000000000001 0.6000000000000001 0.4 16 0 15.200000000000001 18.2 41.800000000000004 0 0 15.4 0 0 0 0 0 0 0 0 14 0 3 0 0.8 0 0 0 0 0 0 0 0 0 0 0 0 1 0 0 0 0 0.2 0.4 0 0 0.6000000000000001 0.4 0 0 0 0.6000000000000001 0 3.8000000000000003 10.600000000000001 0 9.200000000000001 12.600000000000001 0 5.6000000000000005 1 11.8 2.6 8 0 0 8 4.6000000000000005 7.2 0 0 0 2.2 0 0.2 0 0 0 4.2 2 0 0 0 0 9.4 3.4000000000000004 0 0.4 3.6 2.2 0 3 0 0.4 0 0 0 0 0 0 0.4 0 0 0 0.4 0 0 0 0 0 0 0 0.4 0 0 0 0 0 0 0 0.4 1.2000000000000002 0 0 0 0 0 0 0 0 0 0 0 1 2.8000000000000003 6.6000000000000005 2.4000000000000004 0 0 0 0.6000000000000001 0 3 4.800000000000001 0 0 0 0.4 0 13.8 0.2 0 0 0 0 0 0 0.2 5 1.4000000000000001 0.4 3.2 0.2 0 0 2 2.2 0 0 0 3.6 12.600000000000001 0 0 0 0 2.2 0.8 0 0 0 0 0 0 0 0 0 0 0.2 0 0 0.4 0 0 0 0 0 0 0 0 0 0.4 0 0 0.2 0 0 0 0 0 0 0 0 3 0 0 0 0.4 1 0 0 18.6 0.4 1.6 0 0 0 0 0 0 0 0 0 0 0.6000000000000001 0 0 0 0 0 0 0 0 0 0 0 0 2 2.8000000000000003 2.8000000000000003 0 0 0 0 0 0 0 0 0 0 0 0 
 12.8 27 42 14.600000000000001 0 12.4 14.8 14.4 20.6 24 52 10.200000000000001 20.200000000000003 24.8 76.80000000000001 10.600000000000001 45.400000000000006 28.400000000000002 17.400000000000002 9.600000000000001 0 0.6000000000000001 0.4 0.2 0.6000000000000001 0 1.2000000000000002 0.6000000000000001 15.4 1 2.2 0 0.2 0.8 0 0.6000000000000001 0 0.4 10.200000000000001 1 0.2 0 0 0 0 0 0.6000000000000001 0.6000000000000001 1 0 1.8 0.6000000000000001 0.6000000000000001 0.6000000000000001 0 0.6000000000000001 0 0 0 1.2000000000000002 0 0 0 0.2 0.8 0.6000000000000001 0.6000000000000001 0 0 0 0 0.6000000000000001 0 0.6000000000000001 1 0.4 0 0 0 0.8 0.4 0 0 2 3.2 0 0 2.2 1.8 0 1.8 0.4 0 0 5.2 2.8000000000000003 3 0 0 0 3.2 0 10.4 3 0 0 3.6 0 3.6 0 1.6 0 2.4000000000000004 0 0.6000000000000001 3.6 0 3.4000000000000004 11 10.600000000000001 0 0 0 0 0 0 0 0 0 0 0 0 0 0 0 0 0 0.4 0 0 0 0.8 0 0 0 0 4.4 0 2.6 0 0 0 0 0 0 0 0 0 0 0 0 3 0.4 2.6 0 9.8 0 0 4.2 2.4000000000000004 1.6 0 0.4 0 0 0 1.6 1.8 0 0 2.6 0 4.6000000000000005 0 0 0.4 2.6 0 0 3.2 0 0 6.2 3 3.6 5.2 2.8000000000000003 2 11.4 0.8 0 0 0 0 0 0 0 0 0 0 0 0 0 0 0 0 0 0 0 4 1.6 0 0 0 0 0 0 0 0 0.2 0 0 0 0 0 0 0 0 0 0 0 0 0 0 0 0.2 6 0 10 0 0 0.8 0 0 0 0 0 0 0 0 0 0 0 0 0 0 4 0 0 0 0 0 0 0 0 0 0 0 0 0 0 0 0 0 0 0 0 0 0 0 
 8.200000000000001 9.8 10.4 68.8 12.4 0 7.6000000000000005 3.8000000000000003 25 15.4 49.400000000000006 26.400000000000002 49.2 6 30 38.800000000000004 40 65.60000000000001 11 10.8 12 4.2 14.8 0 0 0 27.400000000000002 0.2 31.200000000000003 4.2 0.4 0 29.400000000000002 5 14.8 18.2 15 0 15 2 0 0 0 0 12 0 0 0 0.4 0 12.8 0 12.8 0 0 0 0 0 0 0 0 0 0 0 5.4 0 0 0 0 0 0 0.4 0 0 1 0 0 0 0 0.6000000000000001 0 3 0 0 0.2 5.2 0 0 0 7.4 2 2.4000000000000004 0 0 2 0 3 0 0 0 6.4 2 1.8 2.8000000000000003 0 0 2.2 6.800000000000001 3.6 1.8 0 1.6 11.4 3.6 4.800000000000001 4.6000000000000005 0 2.8000000000000003 2 11.200000000000001 0 0 0 0 0 0 0 0 0 0 0 0 0 0 0 0 0 0 0 0 0 0 0 0 0 0 0 0 0 0 0 0 0 0 0 0 1.2000000000000002 0 0 0 0 0 0 6 0 2.6 0 0 2.6 0 2.6 2 0 0 0 0 0 0 6.6000000000000005 0 0 1.8 0 0 0 0 0 2 3.4000000000000004 2.6 0.2 0 7.800000000000001 2.4000000000000004 3.2 0.6000000000000001 2.6 0 2.8000000000000003 2.6 0 0 0 0 0 3.4000000000000004 0 0 0 0 0 0 0 0 0 0.4 0 3.2 0 0 0 0 0 0 0 0 0 0 0 0 0 0 0 0 0 0 2.6 0 0 0.4 0 2.6 0 0 0 0.8 0.4 0.4 0 0 0 2.8000000000000003 0 0 0 0 0 0 0 0 0 0 3.8000000000000003 0 0 0 7.2 0 0 0.2 0 0 0 0 0 0 0.2 0 0 0 0 2.6 0 0 0 0 0 0 0 0 
 62.800000000000004 19.6 14.200000000000001 55.400000000000006 14.8 7.6000000000000005 0 40.400000000000006 63.6 56.2 7.2 6.6000000000000005 40.800000000000004 29 44.2 26.8 22.400000000000002 38.800000000000004 65 12 0 0 0 0 0 0 0 0 0 0.4 0.4 0 0.8 0 0 0.4 0 0 0.2 0.8 0 0.8 0 0 0 0 0 0 0.4 0 1.2000000000000002 0 0.6000000000000001 0 0 0 0 0 0 0 0 1.6 0 0 0 0 0 0 0.2 0 0 0.6000000000000001 0 0 0.6000000000000001 0 0 0 0 0.4 6.4 0.2 4.2 2.8000000000000003 0 2 0 4.2 6.4 0.4 4.800000000000001 4.800000000000001 5 0 0 2 2 1.8 0 3 0 0 0 0 0 0 0.2 0 0 0 0.4 0 0 0 0 0 0 0 0 0 0 2 0 0 3.2 0 0 0 0.6000000000000001 0 0 0 0 0 0 0 0.6000000000000001 0 0.4 0 0 0 0 0 0 0 0 0 0 0 0 0 0 0 0 4.6000000000000005 0 0 0 0 2 1.8 9.600000000000001 0 1 0 2 7 2 3.6 3.4000000000000004 0 0 2.2 11 7.6000000000000005 0 3 5.4 0 0 0.2 0 0 0 0 0 0 0 0 0 0 0 0 0 0 0 0 0 0 0 0 0 0.2 0 0 0 0 0 0 0 0 0 0 0 0 0 0 0 0 0 0 0 0 0 0 0 0 0 0 0 0 0 0 0.4 0 0 0 0 0 0 0 0 0 0 0.2 4.6000000000000005 0 0.8 18 0 2.4000000000000004 0 0 0 0 0 0 0 0 5.800000000000001 0 0 0 0 0 0 0 0 0 0 0 0 0 0 0 0 0 0 0 0 0 0 0 0 0 0 0 0 0 
 32.2 108.2 35.2 53 14.4 3.8000000000000003 40.400000000000006 0 95.80000000000001 8.6 6.4 9.200000000000001 24.200000000000003 46 79.2 11.8 23.6 41.6 19 54.400000000000006 0 0 0 0 0 0 0 0 0 0.4 0.4 0.8 0.2 0 0 0 0 0.4 0 0.6000000000000001 0 0 1.8 0 0 0 0 0 0.4 0.4 0 0 0.6000000000000001 0 0 0 0 0 0 0 0 0.8 0.2 0.4 0 0 0 0.2 0 0 0 0.4 0 0 0.6000000000000001 0 0 0 0 0.4 0 1.8 0 3 0 0 4.800000000000001 5 2 1.2000000000000002 2.2 0 0 2 3.2 2.8000000000000003 0 4.800000000000001 5.800000000000001 0.2 0 0 0 0 0 0 0.2 0 0 0 0 0 0 0 0.4 0 0 0 1 4.2 0 0 0.4 0 0 0 0 0 0 0 0 0 1.2000000000000002 0 0 0 0 0 0 0 0 0.8 0 0 0 0 0 0 1.2000000000000002 0 0 0 0 0 0 0 0 0 0.2 0 2 9 2.6 0 6.4 0 6.800000000000001 0.2 8 5.800000000000001 3.2 0 0 0.2 2.4000000000000004 5 2 2 1.4000000000000001 0 2.4000000000000004 0 0 0 0 0 0 0.4 0 0 0 0 2.4000000000000004 0 0 0 0 0 0 0 0 0 0 0 0 0 0 0 0 0 0 0 0 0.4 0 0 0 0 0 0 0 0 0 0 0 0 0 0 0.4 0 0 0 0 0 0 0 0 0 0.4 0 0 0 0 0 0 0.4 1.6 0 0 18.6 3.8000000000000003 1.4000000000000001 0 0 0 0 0 0 0 0 0 0 0 0 0 0 0 0 0 0 0 0 0 0 0 0 0 0 0 0 0 0 0 0 0 0 0 0 0 0 
 26.200000000000003 89.2 32.6 51.2 20.6 25 63.6 95.80000000000001 0 50.6 42.2 21.200000000000003 103.4 104 31.6 47.2 7 37.6 42.800000000000004 45.400000000000006 0 0.2 1 0.2 0 0 0 0 0 0.6000000000000001 0.4 0 0.4 11.600000000000001 0 0.4 0 0 0 0.6000000000000001 0 0 1 0 0 0 0 0.6000000000000001 7.2 0 1 0.2 0.6000000000000001 0 1.2000000000000002 0 0 0 0 0 0 0 0 0 0 8.4 0 0 4.2 0 0 1.4000000000000001 0 0 0.6000000000000001 0 0 0 0 0.4 4.6000000000000005 2.4000000000000004 4.4 3.8000000000000003 2.2 4.800000000000001 2 4.800000000000001 1.4000000000000001 7.800000000000001 5 9 3 0 5.4 9.4 9.600000000000001 4.2 0 0 0 0 0 0 0 0 0 0 0 0 0 0 0.2 0 0 0 7.2 0 2.4000000000000004 0 0 0 0 0 0 0 0 0 0 0 0 0 0 0 0 0 0 0 0 0 0 0 0 0 0 0 0 0 0 0 0 0 0 0 0 0 0 0 0 0 9 4.2 2 0 7.6000000000000005 0 0 4.800000000000001 2 0 0.2 0 0 2.4000000000000004 5.4 4.800000000000001 1.4000000000000001 2.4000000000000004 0.2 2.4000000000000004 0 0 0 0 0 0 0 0 0 0 0 0 0 0 0 0 0 0 0 2.6 0 0 0 0 5.2 0.6000000000000001 0 0 0 0 0 0 0 1.8 0 0 0 0 0 0 0 0 0 0 0 0 0 0 0 0 0 0 0 0 0 9.200000000000001 0 0 0 0 0 0 0 0 0 0 0.4 0 0.6000000000000001 17.400000000000002 3.8000000000000003 2.8000000000000003 0 0 0 0 0 0 0 0 0 0 0 0 0 0 0 0 0 0 0 0 0 0 0 2.2 0 0 0 0 0 0 0 0 0 0 0 0 0 0 
 64.4 8 37.6 55.400000000000006 24 15.4 56.2 8.6 50.6 0 41.400000000000006 28.200000000000003 28.400000000000002 77.2 91.80000000000001 72.4 14.200000000000001 29.6 15 14.200000000000001 0 0.4 0 0 0 0 0 0 0 0.4 0.4 0.4 14.600000000000001 0 0 0 0 0 11.200000000000001 0.6000000000000001 0 0 0 0 0 0 0 0 0.4 0 1.2000000000000002 0 0.6000000000000001 0 0 0 0.2 0 0 0 0 0 0.2 0 0 1.6 0 0 0 0 0 0.6000000000000001 0 0 0.6000000000000001 0 0 1.4000000000000001 0 0.4 3.8000000000000003 9.8 4.6000000000000005 0 2.8000000000000003 1 0 5.2 4 0.2 3.8000000000000003 4.2 0 0 7.4 12 8.200000000000001 0 0 0 0 0 0 0 0 0 1.6 0 0 0 0 0 0 2.8000000000000003 0 0 4 0 0 3.8000000000000003 0 0 0 0 0 0 3 0 0 0 0 0 0 0 0 0 0 0 0 0 0 0.6000000000000001 0 0 0 0 4.800000000000001 0 0 0 0 3.8000000000000003 0 0 0 0 0 0 0.2 0 2.2 9 3.2 0 0 4.2 0 2.4000000000000004 0 2.2 0.2 0 0 0 2.8000000000000003 3.8000000000000003 2 1.4000000000000001 0.6000000000000001 2.6 0 0 0 0 0 0 0 0 0 0 0 0 1.4000000000000001 0 0 0 0 0 0 2 0 0 0 0 0.2 2.6 0 0 0 0 0 0 0 0 0 0.2 0 0 0 0 0 0 0 0 0 0 0 0 0 0 0 0 0 5.2 0 0 0 0 0 0.2 0 0 0 0 0 0 0.2 0 2.2 0.8 0 3 0 0 0.4 0 0 0 0 0.2 0 0 0 0 0 0.4 0.4 0 0 0.4 0 0 0 0 0 0 0 0 0 0 0 0 0 0 0 0 0 0 0 0 
 25.8 34.2 21.8 42.800000000000004 52 49.400000000000006 7.2 6.4 42.2 41.400000000000006 0 60.800000000000004 5.800000000000001 6.2 15 36.6 43.6 46 7 16 0 0 0.6000000000000001 1.2000000000000002 0 0 0.6000000000000001 0.8 0.4 0.4 0.4 0 0.2 0 0.4 0.2 0 0 31 15.200000000000001 0 0 0 0 0 0 0 0 0.4 0 0.4 6.6000000000000005 0.8 0 0 0 0 0 0 0 0 1.2000000000000002 0 0 0 0.2 0 0 0 9.4 0 0.8 0 0 0.6000000000000001 0 0 0 0 0.4 0 3.6 0 5.800000000000001 6.800000000000001 7 0 2.8000000000000003 0.2 1.4000000000000001 5.2 5.4 0 0 6.2 2 2.8000000000000003 2.2 0 0 0 0 2.6 0 0 0 3.6 0 0 0 0 0 0 13.200000000000001 1.2000000000000002 0 3.8000000000000003 0 2 6.2 0 0 0 0 0 0 0 0 0 0 0 0 0 0 0 0 0 0 0 0 0 0 0 0 0 0 0 0 0 0.8 0 0 0 0 0 0 0 0 0 0 2 2.8000000000000003 0 2.6 2.2 3.2 0 0 4 0 0 3.4000000000000004 0 0 0 0 4 0 9 0 0 0 0.2 0 0 0 9.8 0 0 2.8000000000000003 0 0 5.2 0 0 0 0 0.2 2 8.4 0 0 0 0 3.8000000000000003 3.6 0 0 0 0 2.6 0 0 0 0 0 0 0 0 0 0 0 0 0 0 0 0 0 0 0 0 0 0 0 0 0 0 0 0 0 0 0 0 0 0 0 0.2 0 17 2.2 0.4 0.8 0.8 0 0 0 0 0 0 0 0 0 3.6 0 0 0 0 0 0 0 0 0 0 0 0 1.2000000000000002 0 1.8 0 0 0 0 0 0 0 0 0 0 0 0 
 6 22.200000000000003 44.6 45.6 10.200000000000001 26.400000000000002 6.6000000000000005 9.200000000000001 21.200000000000003 28.200000000000003 60.800000000000004 0 24 3.8000000000000003 3.8000000000000003 42 46.400000000000006 56.2 38.2 7.800000000000001 14.8 1.2000000000000002 0 0.4 0 0 29.8 0 0.4 0.4 0.4 0.4 1 15 0.4 0.2 0.6000000000000001 0.6000000000000001 31.200000000000003 12.600000000000001 0 0 0 0 0 9.600000000000001 0 1 0.4 0 2.4000000000000004 0.6000000000000001 13.600000000000001 0 0 0 0 0.2 0 0 0 0.4 6.6000000000000005 0 0 0.4 0 0 0 0.6000000000000001 0 1 0 0 0.6000000000000001 1 0.6000000000000001 0.4 0 0.8 6.800000000000001 0 2 3.4000000000000004 4.4 5.4 0 2 2 2.8000000000000003 0 18.400000000000002 0 0 2 0 0.6000000000000001 2 0 0 0 0 0 0 0 0 4 0 0 0 0 0 1.6 5.6000000000000005 4.4 0.2 0.2 0.2 0.2 0 0 0 0 0 0 0 0 0 0 0 0 0 0 0 0 0 0 0 0 0 0 0 2 0.2 0 0 0 0 0 1 0 0 0 0 0 0 4.800000000000001 0 0 0 2.2 0 2 6.6000000000000005 2.4000000000000004 10 0 3 1.2000000000000002 0 2.2 2.2 0 0 6.800000000000001 3.8000000000000003 4.6000000000000005 4.2 0.6000000000000001 0 0 0.2 0 0 0 0 4.2 0.6000000000000001 3 2.4000000000000004 0 0 3 4.800000000000001 0.2 0 9 0 2.2 5 0 0 0 0 2 0 0 0 0 0 0 0 0 0 0 0.4 0 0 0 0 0 0 0 0.2 0.2 0 0 0 0 0 0 0 0 0 0 0 0 0 0 0.4 0 0 0 0 0 0 0 0 0.2 17.8 0 2.8000000000000003 2.2 0 0.2 0 0 0.4 0 0 0 0 0.4 0 0 0 0.2 0 0 0.4 0 0 0 3.4000000000000004 0 1.8 3.2 0 0 0 0 0 0 0 0 0 0 0 0 0 
 53 25.6 35.6 14.200000000000001 20.200000000000003 49.2 40.800000000000004 24.200000000000003 103.4 28.400000000000002 5.800000000000001 24 0 59 11.200000000000001 90.60000000000001 7.2 11.4 110.4 115.2 0 0 0 0.2 0 0 0 0.2 0 0.4 0.8 0 0.4 0 0 0 0 0 0 0.4 0 0 0.2 0 0 0 0 0 0.4 0 3 0.4 0.6000000000000001 0 0 0 0 0 0 0 0 7.4 0 0 0 0 0 0 0 0 7 0.4 0 0 0.6000000000000001 0 0 0 0 0.6000000000000001 14 9 4.800000000000001 2.6 0 0 14 13.200000000000001 4 0.2 0.2 14.8 3.4000000000000004 2 0 3.4000000000000004 0 0 7.4 12 0 0 3.2 0 0 0 0 0 0 0 0 0 0 0 0 0.4 0 0 0.4 0 0 0 0 0 0 0 0 0 0 0 0 0 0 0 0 0 0 0 0 0 0 0.4 0 0 0 0 0 0 0 0 0 0 0 0 0.4 0 0 0 0 0 4.6000000000000005 0 7.6000000000000005 1.2000000000000002 4.6000000000000005 0 2 2.8000000000000003 0 11.4 0 0 4.2 4.2 4.4 16 0.2 2.4000000000000004 0 5.2 0 0 0 0 0 0 0 0 0 0 0 0.2 0 0 0 0 0 0 0 0 0 0 0 0 0.2 0 0 0 0 0 0 0 0 0 0 0 0 0 0 0 0 0 0 0 0 0 0 0.2 0 0 0 0 0 0 0 0.4 0 0 0 0 0 0 0 0 0 0.4 0 0 0 0.6000000000000001 0 1.6 0 0 0 0 0 0 0 0 0 0 0 0 0 0 0 0 0 0 0 0 0 0 0 0 1.8 0 0 0 0 0 0 0 0 0 0 0 0 0 
 31.400000000000002 10.4 33.2 64 24.8 6 29 46 104 77.2 6.2 3.8000000000000003 59 0 43 55.2 6.6000000000000005 24 88.4 20 0 0 0.6000000000000001 0.4 0 0 0 0 0.2 0.4 0.4 0 0.4 0 0 0 0 0 0 0.6000000000000001 12.200000000000001 0 0 0 0 0 0 1 0.4 0 0 0 0.6000000000000001 0 0 0 0 0 0 0 0 0.4 0 0 12.4 1.6 0 0 0 0 0 0.6000000000000001 0 0 0.6000000000000001 0 0 0 0 0.6000000000000001 0 7.4 5.800000000000001 0 0.6000000000000001 0 11.200000000000001 3.6 3.6 0 6.2 0.2 2.4000000000000004 0 0 10.8 4.6000000000000005 14.600000000000001 11.4 2.8000000000000003 0 0 0 0 0 0 0 0 0 0 0 0 0 0 0 0 0.4 0 0 0 0 0 0 0 0 0 0 0 0 0 0 0 0 0 0 0 0 0 0 0 0 0 0 0 0 0 0 0 0 0 0 0 0 0 0 0 0 0 0 0.2 4.2 3.6 2.6 0 4.2 0 1.8 1.4000000000000001 0 2.2 0 0 0 1.6 4.800000000000001 0.6000000000000001 5 0.4 0 2.4000000000000004 0 0 0 0 0 0 0 0 0 0 0 0 0 0 0 0 0 0 0 4 0 0 0 0 0 0 0 0 0 0 0 0 0 0 0 0 0 0 0 0 0 0 0 0 0 0 0 0 0 0 0.2 0 0 0 0 0 0 0 0.2 0 0 0 0 0 0 0.2 0.4 0 0 11.200000000000001 0 1 0 0.4 0 0 0 0 0 0 0 0 0 0 0 0 0 0 0 0 0 0 0 0 0 0 0 0 0 0 0 0 0 0 0 0 0 0 0 0 
 55.2 33 31.400000000000002 38.800000000000004 76.80000000000001 30 44.2 79.2 31.6 91.80000000000001 15 3.8000000000000003 11.200000000000001 43 0 35.800000000000004 13.8 80.60000000000001 45 67.60000000000001 0 1.2000000000000002 0 0 0.4 0 0 0 0 0.4 0.4 0 20.200000000000003 0 0 0 0 0 0 0.6000000000000001 0 0.2 0 0 0 0 6 0 0.4 0 0.2 0 0.6000000000000001 0 0 0 0.2 0 0 0 0 0 0 0 0 0 0 0 0 0 0 0.4 0 0 0.6000000000000001 0 0 0.4 0 0.4 0 2 0.2 0 0 5.2 2 3.2 6.2 10 10.8 0.2 0 0.2 3.4000000000000004 1 4.4 0 0 1.8 0 0 0 0.2 0 0 0 0 0 0 0 0 2 0 0.2 0 0 0 0 0.2 0 0 0.2 0 0 0 1.2000000000000002 0 2.8000000000000003 0 0 0 0 0 0 0 0 0 0 0 0 1 0 0 0 0 0 0 0 0.4 0 0 0 0 0 0 0 0 0.4 0 0 7.4 1.4000000000000001 0 2.2 0 2.4000000000000004 1.6 2.8000000000000003 5.2 5.800000000000001 0 0 4 9 0.6000000000000001 2 0 3.4000000000000004 3.2 0.4 0 1.6 0 0 0 0 0.2 0 0 0 0 0 0 0 0 0 0 0 0 0.2 0 0 0 0 0.8 0 0 0 0 0 0 0 0 0 0 0 0 0 0 0 0 0 0 0 0 0 0 0.2 0 0 0 0 0 0 0 0 0 0.2 0 0 1.8 0 0 0 0 0.8 0.6000000000000001 0.6000000000000001 0.6000000000000001 0 2.2 0 0 0 0 0 0 0 0 0 0 2.6 0 0 0 0 0 0 0 0 0 0 0 0 0 0 0 0 0 0 0 0 0 0 0.2 0 0 0 0 
 8.8 55.800000000000004 47.800000000000004 53 10.600000000000001 38.800000000000004 26.8 11.8 47.2 72.4 36.6 42 90.60000000000001 55.2 35.800000000000004 0 51.2 19.200000000000003 19.200000000000003 32 0 0 0.6000000000000001 0.4 0.4 0 0 0.4 0 0.4 0.4 15.200000000000001 1.2000000000000002 0 0 0 1 0.2 0.8 0.4 0.4 0 0 0.4 0 0 0.6000000000000001 0 0.4 0 3 0 0.8 0 0.4 0.6000000000000001 0 0 0.6000000000000001 0 0 1 1.2000000000000002 0 0 0.4 0 0 0.2 1.2000000000000002 0 0.8 0.8 0 0.6000000000000001 0 0.2 0 0 0.8 4.4 6 6.4 2 5 5.800000000000001 6.800000000000001 3 0 3.2 3.2 4.800000000000001 0.2 1.4000000000000001 4 4.4 2.2 2 1.4000000000000001 1.6 0 0 0 0 0 0 4.6000000000000005 0 0 0 0 0 0 5.2 0 0 4 0 0.8 2 0 0 0 0 0 0 0 0 0 0 0 0 0 0 0 0 0 0 0 0 0 0 0 0 0 0 0 0 0 0 0 0 0 0 0 0 0 0 0 0 4.6000000000000005 0 7 0 5.6000000000000005 0 2.2 2.8000000000000003 0 4.2 0 0 0 1.4000000000000001 6.2 6.2 6.6000000000000005 1.8 3.8000000000000003 4.4 0 0 0 0 0 0 5.2 0 0 0 0 0 0 0.2 0 0 0 0.2 0 0 0 0 0 0 1.4000000000000001 3.2 0 0 0 0 0 0 0 0 0 0 0 0 0 0 0 0 0 0.2 0 0 0 0 0 0 0 0 0 0 0 0 0 0 0 0 0 0 4 0 0 0 0 0 0 2 0.4 1 0 0 0 0.4 0 0 0 0 0 0 0 0 0 0 0 0 0 0 0 0 0 0 0 1.2000000000000002 0 0 0 0 0 0 0 0 0 0 0 0 0 0 
 10.600000000000001 24.200000000000003 19 7.2 45.400000000000006 40 22.400000000000002 23.6 7 14.200000000000001 43.6 46.400000000000006 7.2 6.6000000000000005 13.8 51.2 0 36.2 71.60000000000001 65 0 0 0 0.4 0 0 0 0 0.2 0.4 0.4 0 0.4 0 0 0 0 0 14.8 0.6000000000000001 0 0 0 0 0 0 0 0 0.4 0 0 0 0.6000000000000001 0 12.4 0 0 0 0 0 0 0 0.4 0 0 0 0 0 0 0 0 0.6000000000000001 0 0 0.6000000000000001 0 0 0 0 0.4 10.200000000000001 6.4 2.4000000000000004 0.4 7 2.8000000000000003 0 0 1.2000000000000002 5.4 5.2 2.8000000000000003 0 1.8 0 0 2.4000000000000004 2.6 1.8 4.4 0 0 0.2 0 0 0 2 0 0 0 0 0 0 16.6 0.2 0 0 0 4.4 10.8 0 0 0 0 0 0 0 0.4 0 0 0 0 0.2 0.2 0 0 0 0.4 0 0 0 0 0 0 0 0 0 0 1.8 0 0 0 0 0 0 0 0 0 0 0 0 0 2.8000000000000003 0.8 2.6 3 2.6 5.6000000000000005 8.8 4.6000000000000005 3.6 3.2 9.4 0 1.6 2 0 6.4 10.200000000000001 3.2 2.8000000000000003 2 0 0 0 0.4 3.2 0 0 0 0.4 0 6.800000000000001 0 0 2.6 0 0 3.4000000000000004 4.4 0 2.8000000000000003 0 0 0.8 4 0 0 0 0 0.2 0 0 0 0 0 0 0 0 0 0 0 0 0 0 0 0 0 0 0.2 0 3.2 0 0 0 0 0 0 0 0 0 0 0 0 0 0 1.2000000000000002 0 0.4 0 2.8000000000000003 1.6 0 0 0 0 0 0 0 0 0 0 3.6 0 0 0 0 0 0 0 0 0 0 0 0 1.6 0 7 0 0 0 0 0 0 0 0 0 0 0 0 
 28.6 25.200000000000003 26.200000000000003 39.400000000000006 28.400000000000002 65.60000000000001 38.800000000000004 41.6 37.6 29.6 46 56.2 11.4 24 80.60000000000001 19.200000000000003 36.2 0 8.4 22.200000000000003 0 1 6.800000000000001 0.2 0 0 0 0.6000000000000001 0 0.4 1 0 0.8 1.4000000000000001 0 0.6000000000000001 0 0 12.4 1 0 0 0 0 0 0 2 0 0.4 0 1.8 0.4 0.6000000000000001 0.6000000000000001 0.4 0 0.2 0.6000000000000001 0 0 0 1 0 0 0 0.6000000000000001 0 0 0.4 0 0 0.6000000000000001 0.6000000000000001 0 0.6000000000000001 0.4 0 0 0.4 0.4 0 0.2 2.8000000000000003 0 3 7.2 1.6 10.200000000000001 1.2000000000000002 6.4 4.4 0 0 0 5.2 2.2 20.6 1.6 0 0 0 0 0 0 0 0 0 0 0 0 0 0 5.2 2 0 0 0 0 0.2 0.2 0 0 0 0 1.4000000000000001 0 0 0 0 0 0 0 0 0 0 0 0 0 0 0 0 0 0 0 0 0 0 0 1 0.6000000000000001 0 0 0 0 0 0 0 0 0 0 0 3 2.8000000000000003 2.8000000000000003 0.8 3.6 2.2 0.2 3.8000000000000003 0 3 2 0 0.4 1.6 2.8000000000000003 2.2 3.8000000000000003 0 0 0 1.6 0 0 0 0 2.2 0 0 0.4 0 0 2.4000000000000004 0 0 3 0 0 0 2.2 0 0 0 0 0 0.6000000000000001 0 0 0 0 0 0 0 0 0 0 0 0 0 0 0 0 0 0 0 0 0 0 0 0 0 0 0 0 0 0 0 0 0 0 0 3 0 0 0 0.6000000000000001 17.6 0 0.4 1.6 0 1 0 0 0 0 0 0 0 0 0 0 1 0 0 0 0 0 0 0 0 0 0 0 0 2.2 0 1.8 0 0 0 0 0 0 0 0 0 0 0 0 
 23.8 11.4 8 14.600000000000001 17.400000000000002 11 65 19 42.800000000000004 15 7 38.2 110.4 88.4 45 19.200000000000003 71.60000000000001 8.4 0 41 0 0.4 0 0 0 0 0 0.2 0 0.4 0.4 0.2 0.2 0 0.4 15 0 0 1.8 0.4 0 0 0 0 0 0 0 0.6000000000000001 0.4 0 0 0 0.6000000000000001 0 0 0 0 1 0 0 0 0 0 0 0 0 0 1.2000000000000002 0 0 0 0.4 1 0 0.6000000000000001 0 0 6.6000000000000005 0 0.6000000000000001 0 1.6 1.2000000000000002 1 0 0 4.4 0.2 0 0.6000000000000001 0 0 4.4 6.4 0 0 0 3.4000000000000004 4.2 6.4 0 0 0 0 0 1.6 0 0 0 0 0 0 0 0 0 0 0 0 0 0 0 0 0 0 0 0 0 0 0 0 0 0 0 0 0 0 0 0 0 0 0 0 0 0.4 0 0 0 0 0 0 0 0 3.2 0 0.8 0 0 0 0 0 3.8000000000000003 1.6 0 0.4 0 0 8.6 2.6 0.2 1.8 0 0 2.4000000000000004 6.2 1.8 6.2 0 0 0 9.600000000000001 0 0 0 0 0 0 0 0 0 0 0 0 0 0 0 0 0.4 0 0 0 0.2 0 0 0 0 0 0 0 0 0 0 0 0 0 0 2.4000000000000004 0 0 0 0 0 0 0 0.4 0.4 0 0 0 0 0 0 0 0 0 0 0 0 0 0 0.2 0 0 0 0 0 0.4 0.4 0 0 17.8 9.200000000000001 1.8 0 0 3 0 0 0 0 0 0 0 0 0 0 0 0.4 0 0 0 0 0 0 0 0 0 0 0 0 0 0 0 0 0 0 0 0 0 0 0 
 24 25.6 7.4 29.8 9.600000000000001 10.8 12 54.400000000000006 45.400000000000006 14.200000000000001 16 7.800000000000001 115.2 20 67.60000000000001 32 65 22.200000000000003 41 0 0.4 14.8 0 0 0.2 0 0 0 0.2 0.4 0.4 0.2 0.2 0 0 0 0 0 0 0.6000000000000001 0 0 0 0 0 0 0 0 0.4 0 1.2000000000000002 0 0.6000000000000001 0 0.2 5.4 0 0 0 0 0 0 0 0 0 0 0 0 0 0 0 0.4 1.2000000000000002 0 0.6000000000000001 0 0 0 0 0.4 6.800000000000001 0.2 2 2.8000000000000003 0 0.2 1.4000000000000001 2 6.4 0.8 0.2 5.2 0 2.4000000000000004 1.8 0 0 2 2.8000000000000003 0.8 0 0 0 0 0 0 0 0 0 0 0 0 0 0 0 0 0 0 1.8 0 0 0 2.6 0 0 0 0 0 0 0 0 0 0 0 0 0 0 0 0 0 0 0 0 0 0 0 0 0 0 0 0 0 0 0 0.8 0 0 0 0 0 7.4 3.2 2 0 2.2 0 0 2.2 0.8 0.6000000000000001 5 0 0 0.2 6.2 7.6000000000000005 0 1 0 0 0 0 0 0 0 0 0 0 0 0 0 0 0 0 0 2.6 0 0 0 0 0 0 0 0 0 0 0 0 0 0 0 0 0 0 0 0 0 0 0 0 0 0 0 0 0 0 0 0 0 0 0 0 0 0 0 0 0 0 0 0 0 0 2.4000000000000004 0 0 0 0 0 0.2 0 3.6 2.8000000000000003 0 1.6 0 0 0 0 0 0 0 0 0 0 0 0 0 0 0 0 0 0 0 0 0 0 0 0 0 0 0 0 0 0 0 0 0 0 0 0 
 0 0 0.2 15.600000000000001 0 12 0 0 0 0 0 14.8 0 0 0 0 0 0 0 0.4 0 12.4 16.2 25.200000000000003 36.4 16.400000000000002 9.8 39.2 17.400000000000002 37.2 22.200000000000003 6.4 64.2 48 54.6 31 23.6 39.2 10.200000000000001 6.4 0 0 0 0.8 0 0 0 0 0 0 14.200000000000001 0 0 0 0 0 0 0 0 0 0.4 0 10 0 0 0.6000000000000001 0.4 0 0 10.200000000000001 0.6000000000000001 0 0 0 0.4 0.2 0 0 0.6000000000000001 0 0 0 0 0 0 0.2 0 0.2 0 0 0 0 0.4 0 0 0 0 0 0 0 5.4 3.8000000000000003 13.600000000000001 1.6 8.8 3.8000000000000003 5 6.2 0 0 2.8000000000000003 3 3.2 2.4000000000000004 6 4.800000000000001 0.2 6.6000000000000005 0 2.8000000000000003 0 0 0 0 0 0.2 0 0 0 1.6 0 0 2 8.8 0 0 0 0 0 4.6000000000000005 0 0 2.4000000000000004 0 0 0 0 0 0 0 0 0 0 0 0 0 0 0 0 0 0 0 1 2.6 0 0 0 0 0 0.2 0 1.8 0 0 0 0 0.8 0.4 0 0.4 0 7 11.600000000000001 1.8 0 16.8 1.6 10.4 7.800000000000001 1.8 5 3.2 0 2.8000000000000003 8.8 0 0.6000000000000001 4 0.2 3 0 0 0 0 0.4 0 0 3.6 0 0 0 0.2 0.2 0 0.2 0 0 3.2 6.4 0 0.4 0 0 0 0 0 0 0 0 1.6 0 0 0 0.4 0 0 0 0.4 0 0 0 0 1.8 0 0 0.4 0 0 0 0 0 0 0 0 0.2 0 0 1.4000000000000001 0 0 0.4 0 0 0 0 0 0 0 0 0 0 0 0 0 0 0 0 0 0 0 0 0 0 0 0 0.2 4.800000000000001 0 0 0 
 0 0 0 0 0.6000000000000001 4.2 0 0 0.2 0.4 0 1.2000000000000002 0 0 1.2000000000000002 0 0 1 0.4 14.8 12.4 0 37 13.8 23.200000000000003 21.400000000000002 29.200000000000003 65.60000000000001 60.6 19.6 35.6 36.800000000000004 10.4 15 10.4 26.8 53.400000000000006 53 27 11.200000000000001 0.2 0 0 0.4 0 0 0 0 0 1 0 0 16.6 0 0 13 0 0 14.600000000000001 17 0.4 0 0 0 0 0.6000000000000001 0.4 0.4 10 0 0.6000000000000001 0.6000000000000001 0 0.2 0.4 0.2 0 0 0.6000000000000001 10.600000000000001 0 0 0 0 0 0 0 0 0 0 0 0 0 0 0 0 0 0 0 0 0 0.4 0 8.200000000000001 0 3.2 0 6 0 7 2.4000000000000004 1.6 2 0 0 0.2 8.200000000000001 0.2 3.6 0 1.6 0 0 0 0 0 2 0 0 0 0 0 1.4000000000000001 11.600000000000001 0 0 2.2 0 1.4000000000000001 4.4 0.4 0 0 0 0 0 0 0 0 1 0.2 0 0 0 0 0 0.6000000000000001 0 0 0 0 0 0 0 0 3 0 0 2.4000000000000004 0 0 0 0 0 0 0 0.6000000000000001 0 0 4 0 0 0 5.6000000000000005 4.6000000000000005 3.8000000000000003 0 6 1.6 6.6000000000000005 3.2 6 0 0 2.2 0 2.4000000000000004 1.6 0 0 0 2.6 10 0 0 0 1.4000000000000001 3.4000000000000004 4 0 0 0 0 1.8 0 0 0.2 0 0.2 0 0 0 0 0 0 0 0 0 0 0 0.4 0 0 0 0 0 0 0 0 0 0 0 0 0 0 0 0 0 0 0 0 0 0 2.2 0.8 0 0 6.6000000000000005 0.4 0.2 0.8 0.4 0 0 0 0 0 0 0 0 0 0 0 0 0 0 0 0.4 0 0 0 7.4 0 0 0 0 0 0 0 0 
 0 0 0.4 0 0.4 14.8 0 0 1 0 0.6000000000000001 0 0 0.6000000000000001 0 0.6000000000000001 0 6.800000000000001 0 0 16.2 37 0 52.800000000000004 63.400000000000006 6.4 34.800000000000004 81.4 17.8 15 7.6000000000000005 66.8 35.6 22.8 25 10.4 44.800000000000004 37.6 6.4 22.200000000000003 16.400000000000002 0 0.8 0 0.6000000000000001 0 0 0 0 0 12.600000000000001 0 0 0.2 0.6000000000000001 0 0.6000000000000001 0 0.6000000000000001 0.6000000000000001 0.6000000000000001 0 1 0 1 1 0.4 0 0.6000000000000001 0 0.4 0 0 10.200000000000001 1.6 0 0 0 0.6000000000000001 0 0 0 0 0.2 0 0 0 0 0 0 0 0 0 0 0 0 0 0 0 0 4.2 3.6 1.8 0 0 4.2 1.8 0 4.4 0.8 5.4 7.6000000000000005 3.6 0 2.6 5 3.2 2.6 0 2.4000000000000004 2 0 0 0 1.8 0 3.2 0 0 0 0 0 0.2 6.800000000000001 2.2 0 2.2 0 0 0.4 0.2 0 1.8 0.2 0 0 0 0 0 0 0 0 0 1 0 0 0 0 0 0 0 0 0 0 2 0 0 0 0 0.4 0 4.6000000000000005 0 0 0 0 0 0 2 1.6 11 7.2 0.2 0.8 3.2 0 5.6000000000000005 0 0 0 6.4 0 1.8 3.8000000000000003 0 0 3 0 0.2 0 0 0 0 0 0 0 0 0.2 0 0 0 0 2.8000000000000003 2.6 0 2.2 0 3.6 0 1.2000000000000002 0.4 0 0 0 0 0 0 0 0 0 0 0 0 0 0 0 0 0.2 0 1.8 0 0 0 0 0 0.2 0.2 0 0 0 0 0 0.4 0 2 0 0 15.200000000000001 0.6000000000000001 0 0.8 2 0 0 0 0 0 0.2 0 0 0 0 0 0 0 0 0 3.4000000000000004 0 0 0 0 0 0 0 2.2 1.6 0 0 0 
 0 0 0.2 0 0.2 0 0 0 0.2 0 1.2000000000000002 0.4 0.2 0.4 0 0.4 0.4 0.2 0 0 25.200000000000003 13.8 52.800000000000004 0 24.200000000000003 9.200000000000001 11.4 45.800000000000004 67 28.200000000000003 15.600000000000001 24.200000000000003 26 81.2 14.4 77 82.4 39.400000000000006 13.4 24.400000000000002 0.4 0.4 0.4 7.4 0.6000000000000001 0 0 0 0 0.4 0.8 0 0 0.2 0.4 0 13.4 0 13.4 0.2 0.6000000000000001 0 0 1.2000000000000002 0 1.2000000000000002 0.4 0 0 0 0.4 0 0.4 0.2 1.6 0 0 0 0.6000000000000001 0 0 0 0 0 0 0 0.2 0 0 0 0 0 0 0 0 0 0 0 0 0 2.6 7.4 3.8000000000000003 2.6 0 9.8 0 11.8 7 10.8 4.800000000000001 17.8 0 10.200000000000001 2.6 2 6 0 0 0 0 0 0 0 0 0 0.4 0 0 1 0 0 0 1.4000000000000001 1.4000000000000001 2.6 0 0 0.2 0 0 0 2 0 0 0 0 0.4 0 0 0 0 0 2 0.2 0 0 0 0 0 0.6000000000000001 0 0 0 0 0.2 0 0 0.4 0 0 0 0 0 0 0 0 0 0 0 7.4 4.2 5.6000000000000005 4 4.4 10.200000000000001 0 0.2 2.4000000000000004 6.2 2.8000000000000003 0 0 0 4.4 9.600000000000001 2.6 1.8 0.2 3.6 0 0 0 0 0 0 0 0 0 0 0 0 2.4000000000000004 0 0 2.8000000000000003 0 1.2000000000000002 0.6000000000000001 5.2 0 0 0 0 0 0 0 0 0 0 0 0 0 0 0 0 0 0 0 2 0 0 0.2 0 0 0 0 0 0 0 0 0 0 0 4.4 0 0 15.8 0 0.4 2.6 3.4000000000000004 0 0 0 0 0 0 0 0 0 0 0 0 0 0 0 0 0 2.6 0 0 0 0 0 0 2.4000000000000004 0 0 0 
 0.4 0.4 41.6 0 0.6000000000000001 0 0 0 0 0 0 0 0 0 0.4 0.4 0 0 0 0.2 36.4 23.200000000000003 63.400000000000006 24.200000000000003 0 15.600000000000001 52.6 49.2 18.6 32.800000000000004 50.6 33.800000000000004 32.4 11.200000000000001 19 19.400000000000002 9 11 55 18.400000000000002 16.2 0 0 1.2000000000000002 0 0 6.4 12.8 0 0 0 0 0.2 0 12.8 0 0 0 16.2 0.2 0.4 0 0 1.2000000000000002 0 0.6000000000000001 0.4 0 0 5.4 0.6000000000000001 0 0 0 0.4 0.2 0.2 0 0.6000000000000001 0 0 0 0 0 0 0.2 0 0 0.4 0 0 0 0 0 0 0 0 0 0.2 3.6 2.8000000000000003 7.2 1.6 13 8 3.8000000000000003 2.6 2.8000000000000003 0.2 8.4 0 6 0.2 6.2 1.4000000000000001 14.600000000000001 4.4 9 0 0 1.8 0 0 0 0 0 3.4000000000000004 0 0 0 0 0 0.2 2.8000000000000003 7.4 0 4.4 0 0 1.8 0 0 0 0 0 0 0 0 0 0 0 0 0 0 0 0 0 0 1.8 0 0 0 0 0 0 0 0 0 0 0 0 3.6 0 0 0 0 0 0 0 1.2000000000000002 0 0 3.8000000000000003 0.4 8 4.2 0.6000000000000001 6 1.6 4.2 1.8 3.4000000000000004 0 0.2 6.4 3 0.2 2.4000000000000004 0 0 0 0 0.2 0 0 0 0.4 0 2.4000000000000004 0 2.8000000000000003 0 0.2 6 0 2.8000000000000003 0 0 0.2 2.2 0 0 0 0 0.4 0 0 0 0 0 2 0 0 0 0 0 0.4 0 0 0 0 0 0.4 0 0 0 0 0 0 0 0 0 0 0 0.4 0 0 0.8 0.4 1 0.8 0 0.2 0 0 0 0 0 0 0 0 0 0 0 0 0 0 0 0 2.4000000000000004 0 2.2 0 0 0 0 0 0 0 2.2 
 0 0 0 0.6000000000000001 0 0 0 0 0 0 0 0 0 0 0 0 0 0 0 0 16.400000000000002 21.400000000000002 6.4 9.200000000000001 15.600000000000001 0 21.400000000000002 25.400000000000002 29.400000000000002 26.200000000000003 82 44.6 12.8 8.4 20 23.8 56.2 34.2 9.8 15 0 0 0 0.6000000000000001 0.8 0 5 0 0 1.2000000000000002 0.4 0 1 4.6000000000000005 0.2 0 0 0.4 12.8 28 0.4 0 0 0 0 1.2000000000000002 12.200000000000001 0 1.2000000000000002 0.4 0.2 0 0 0 0.6000000000000001 0 0.2 0 0.6000000000000001 0 0 0 0 0 0 0 0 0 0 0 0 0 0 0 0 0 0 0 0 0 0 0 0 2.4000000000000004 1.6 4.800000000000001 0 1.2000000000000002 0 0 0 2.4000000000000004 0 0 0 0 5.2 0 0 0 2.8000000000000003 1.6 0 0 0 0.4 3 0 0 0 0 0 2.6 9.600000000000001 5.2 0 1.4000000000000001 0 6 4 0 0 1.2000000000000002 0 0 0 0 0 0 0 0 0 0 0 0 0 0 0 0 0 0 0 0.6000000000000001 0 0 0 0 0 0 0.4 0 0 0 0 0 0 4 0 0 0 0 1.8 0 7.800000000000001 3.8000000000000003 2.8000000000000003 0.2 3.2 2.4000000000000004 5.6000000000000005 2.2 9.4 0 0 2.4000000000000004 0 3 4.6000000000000005 0 0 2.4000000000000004 6.6000000000000005 4 0 0 0 2 5.6000000000000005 4.4 1.8 0 1.2000000000000002 2.2 5.4 1.8 0 0 0 0 0 0 0 0 0 0 0 0 0 0 0 0 0 2.8000000000000003 0 0 0 0 0 0 0 0 0 0.2 0 0 0 0 0 0 0 0 0 0 0 2.6 0.4 1 14.8 14.8 1 2 0 0 0 0 0 0 0 0 0 0 0 0 0 0 0 0 0 0 0 0 0 0 0 0 0 0 0 0 0 
 0 22.6 0 18.2 1.2000000000000002 27.400000000000002 0 0 0 0 0.6000000000000001 29.8 0 0 0 0 0 0 0 0 9.8 29.200000000000003 34.800000000000004 11.4 52.6 21.400000000000002 0 18.400000000000002 31.6 25.400000000000002 13.600000000000001 7.800000000000001 33.4 27 44.2 9.8 22.400000000000002 9.200000000000001 61 11 0.8 0 0 0.2 0 0 0 0 0 0 0 0 0 0 0 0 0 0 0 0 0.4 0 0 0 5.2 0.6000000000000001 0.4 0 0.6000000000000001 0 0.6000000000000001 0 0 0 1 0.2 0 0 0.6000000000000001 0 0 0 0 3.6 9 5.6000000000000005 0 0 0 0 0.2 2.6 0 0 0 0 0.4 1.4000000000000001 0 0 16.8 1.6 6 1.6 0 0 2.2 5.6000000000000005 6.4 2 0.6000000000000001 1.2000000000000002 12.200000000000001 4.6000000000000005 6 2 0 2.4000000000000004 10.600000000000001 0.8 0 0 0 0 0 0 0 0 0 0 0 0 0 0 0 0 0 0 0.4 0 0 0 0 0.2 0 0 0 0 0 0 0 0 0 0 0 0 1 0 0 0 0 0 0 3.8000000000000003 2 0 0 0 0 0 2 11.4 0 0 0.4 0.2 3.2 0.2 0 0 0.2 0.2 4 0 0 0 3.4000000000000004 1.8 3.8000000000000003 2.4000000000000004 0.2 0 7.4 8.6 9.600000000000001 0.6000000000000001 4.800000000000001 0 6 9.200000000000001 0 0 0 0 0 0 0 0 0 0.2 0 0 0 0.2 0 0 0 3.8000000000000003 0 3.8000000000000003 0 0 0 0.4 0 0 0 0 0 0 0 0 0 0 0 0 0 0 0 0.4 0 0 0 0 0 0 7.4 0 0 0 0 0 0 0.4 2 0 0 0 0 0 0 0 0 0 0 0 9 0 0 0 0 0 0 0 0 0 2.2 0.6000000000000001 0 0 0 1.4000000000000001 0 0 0 0 0 0 0 0 
 0 0 0 0 0.6000000000000001 0.2 0 0 0 0 0.8 0 0.2 0 0 0.4 0 0.6000000000000001 0.2 0 39.2 65.60000000000001 81.4 45.800000000000004 49.2 25.400000000000002 18.400000000000002 0 79.4 51.800000000000004 23.8 7.2 42.800000000000004 27.400000000000002 73.2 7 33.4 68 15 21.400000000000002 12.200000000000001 12.600000000000001 0 0.6000000000000001 0 14 0 0.6000000000000001 0 0 0 0 12.8 0 0 0 0 0 11 0 0.4 1.2000000000000002 0 0 0.2 0.8 0.4 0 0.6000000000000001 0 0.6000000000000001 0.4 0 0.2 1.2000000000000002 0.6000000000000001 0 0 0.6000000000000001 0.4 0 0 0 0 0 0 2.2 0 0 0 0 0 0 0 0 0 0 0 1.2000000000000002 0 8 2.8000000000000003 5.4 1.4000000000000001 12.600000000000001 4.4 3 3.6 2.2 5.4 5.800000000000001 1.4000000000000001 0.2 4.4 1.4000000000000001 1.8 4.6000000000000005 5.2 0 0 2 0 0 0 0 0 10 0 0 0 0 0 0 2.2 0 0 0 0 0 2.6 0 0 0 0 0 0 0 0 0 0 0 0 0 0 0 0 0 0 0 0 0.4 0 1.6 0.4 0 0.2 0 0 0 0 0 0 0 0 0 0 1 0 0.4 0.2 1.2000000000000002 3.8000000000000003 4.4 3 1.8 0 1.6 6.6000000000000005 0.2 5.6000000000000005 2.2 4.4 0 0 6.4 0 2.8000000000000003 3.6 0 0 0 0 3.8000000000000003 0 0 0 2.2 1.8 0 0 0 0 0 0 0 0 2.6 0 0.2 2.4000000000000004 0 0 0 0 0 0 0 0 0 0 0 0 0 0 0 0 0.2 0 0 1.8 0 0 1.2000000000000002 0 0 0 0 0 0 0 0 0 0 0 1.6 0 0 15.600000000000001 0 0 0 0 0 0 0 0 0 0 0 0 0 0 0 0 0 0 0 0 0 0 0 2.8000000000000003 0 0 0 0 2.8000000000000003 0 0 0 
 0 0 0 0 15.4 31.200000000000003 0 0 0 0 0.4 0.4 0 0.2 0 0 0.2 0 0 0.2 17.400000000000002 60.6 17.8 67 18.6 29.400000000000002 31.6 79.4 0 93.60000000000001 10.200000000000001 9 37.4 72.8 26 11 41.2 21.8 32.6 15.600000000000001 0 0 0 0.4 0 0 12.600000000000001 0 0 1.2000000000000002 0 0 17.6 0 13 0 0.4 0 0.2 5.800000000000001 0.4 0 0 1.2000000000000002 1.4000000000000001 0.6000000000000001 0.4 0 0 0 0.6000000000000001 0 0 0.4 0.4 0.4 0 0 0.6000000000000001 0 0 0 0 0 0.2 0 0 0 0 0.4 0 0 0 0 0 0 0 0.2 0 0 2.6 2.4000000000000004 0 6.2 1.6 0 2.6 10.600000000000001 0 0.2 2.6 3 15.8 1.4000000000000001 2.4000000000000004 2.2 2.6 2.2 6 1.8 0 2 0 0 0 0 0 0 0.2 0 0 0 6.4 0 2.2 0 0.2 0 1.8 5 0 0 0 0 0 0 0 0 0 0 0.2 0 0 0 0 0 0.6000000000000001 0 0 0 0 0 0.8 0 0 0 0 0 0 0 0 0 0 0 0 0 2.6 0 0 0 4 1.8 0 8 6.4 3.6 0 1.4000000000000001 1.8 7.6000000000000005 2.4000000000000004 4.800000000000001 2.2 1.8 4.4 2.2 4.6000000000000005 5.4 3.6 0 0 2.2 5.2 0 0 0 7.2 1.4000000000000001 1.6 0 0 0 0 0.4 0 0 0.2 0 0 0.4 0 0 0.4 0 0 0 0 0 0 0 0 2 0 0 0 2.8000000000000003 0 0 0 0 0 0 0 0 0 0 0 0 0 0 0 0 0 0 0.4 0 0 15.4 15.200000000000001 0 0 0 0 0 0 0 3.8000000000000003 0 0 0 0 0 0 0 0 0 0 0.2 0 0 0 3 0 0 0 0 0 0 0 0 
 0.8 0.4 0.8 0.6000000000000001 1 4.2 0.4 0.4 0.6000000000000001 0.4 0.4 0.4 0.4 0.4 0.4 0.4 0.4 0.4 0.4 0.4 37.2 19.6 15 28.200000000000003 32.800000000000004 26.200000000000003 25.400000000000002 51.800000000000004 93.60000000000001 0 85.60000000000001 39.800000000000004 10.8 20 67.8 40.400000000000006 25 20.6 35.2 21.400000000000002 0 0 0 9 0.4 0 0 0.2 0 0 0.4 0 13.200000000000001 0 0 0.2 0.4 0 25.8 0.2 0.4 0 0 0.4 0.2 1 0.4 0 0.6000000000000001 0 0.2 0.4 0 0 0.6000000000000001 0 0 0.4 0.6000000000000001 0 0 0 0 0 0 0 0 0 0 0 0 0 0 0 0 0.4 0 0 0 0 0 4 0 14.200000000000001 3.8000000000000003 7 0 9.200000000000001 0.4 4.4 0 4.6000000000000005 8.4 3 3 2.6 1.8 1.2000000000000002 2.6 0 0 0 0 0 0 0 5.4 0 0 0 0 0 2.6 10.8 0 0 0 0 0.2 3.2 0 0 0 0 0 0 0 0.4 0 0 1.6 0 0 0 0 0 0.6000000000000001 0.2 0 0 0 0 1.2000000000000002 0 0 2.6 0 0 0 0 0 0 0 0 0 0 2 0 0 0 0 1.8 4 10.600000000000001 1.2000000000000002 7 2.8000000000000003 5.4 7.6000000000000005 9.4 0 0.8 0 0 8.200000000000001 3 0.2 4.2 0 0 0.6000000000000001 0 0.4 0 0 0 0.4 6.800000000000001 0 0 0 0 0 0 2.2 0 0 0 4.800000000000001 0.2 0 0 0 0 0 0.2 0 0 0 0 0 0 0 0 0 0.2 0 0 0 0 0 0 1.6 0 0 0 0 0 0 0.4 0 0 0 0 2.6 2.4000000000000004 0 17.8 0 0 0 0 0 0 0 0 0.4 0 0 0 0 0 0 0 0 0 0 0 0 3.6 0 5.4 0 0.2 0 0 0 0 0 0 
 0.4 0.4 0.4 0.6000000000000001 2.2 0.4 0.4 0.4 0.4 0.4 0.4 0.4 0.8 0.4 0.4 0.4 0.4 1 0.4 0.4 22.200000000000003 35.6 7.6000000000000005 15.600000000000001 50.6 82 13.600000000000001 23.8 10.200000000000001 85.60000000000001 0 45.800000000000004 8.6 11 25.200000000000003 15.8 51 111.60000000000001 6.6000000000000005 50.400000000000006 26.400000000000002 0 0 0 0 0 38.400000000000006 0 0 0 0 0 26 29.400000000000002 0 0 0 0 21.400000000000002 17.8 0 0 0 0.4 0 0 0 0 0 1.4000000000000001 0 0.2 0 0.4 0 0 0 0.4 0 0.8 0 0 0 0 0 0 0 0 0 1.4000000000000001 0 0 0 0 0 0 0 0.2 0 0 0 11.4 0 1.2000000000000002 6.6000000000000005 0.2 0 1.8 2.2 2.2 8.4 0.2 0 0.2 1.8 2.8000000000000003 4 3.2 0 0 0 0.6000000000000001 0 0 0 0 0 0 0 0 0 0 5.2 2.2 13.600000000000001 2 2.2 0 7.6000000000000005 8.4 0 0 0 0 0 0 0 0 0 0 0 0 0 0 0 0 0 0 0 0 0.2 0 0 0.2 0 0.4 0 0 0 0 0.2 1.2000000000000002 0 0 0 0 0 0 0.2 0 0 0 0.4 0.4 5.800000000000001 3.6 2 2.8000000000000003 0.2 5.2 5.800000000000001 8.6 0 20.200000000000003 5.800000000000001 0 6.4 2 0 0 0 7.2 0 0 0 0 1.4000000000000001 0 6.4 0 1.8 0 6.4 6.4 2.4000000000000004 6.800000000000001 2.4000000000000004 0 2.2 0 0 0 0 0 0 0 0 0 0 0 0 0 0 0 0 0 0 0 0 0 0 0 1.2000000000000002 0 0 0 0 0 0 0 0 0 0 0 1 0.4 0.4 30 0.6000000000000001 0.2 0 2 0 0 0 0 0 0 0 0 0 0 0 0 0 0 0 0 0 0 0 3.6 0 0 0 0 0 0 0 0 
 0 0 0 0.4 0 0 0 0.8 0 0.4 0 0.4 0 0 0 15.200000000000001 0 0 0.2 0.2 6.4 36.800000000000004 66.8 24.200000000000003 33.800000000000004 44.6 7.800000000000001 7.2 9 39.800000000000004 45.800000000000004 0 19.6 6.800000000000001 26 23.8 31.200000000000003 39.400000000000006 88.4 9.8 12.8 14.600000000000001 0.4 0.2 0 0 1.4000000000000001 0 7 0 0 0 0 12.8 0 0 0 0 0.2 13.600000000000001 0.4 0 0 1.2000000000000002 0 0.6000000000000001 2 0.4 0 0 0.6000000000000001 0 0 0 0.4 0.4 1.4000000000000001 0 0.6000000000000001 0 0 0.4 0 0 0 0 0 0 0 0 0 0.4 0 0 0 0 0 0 0 0 0 0.6000000000000001 0 5 2.4000000000000004 2 0 2 0.8 2.2 4 3.2 0 0 0 2.2 8.6 4.4 0 0 3.2 0.2 0 0 0 0 6.6000000000000005 0 0 0.6000000000000001 0 0 0 7 1.2000000000000002 0 2.6 0 8.8 0 0 0 5.2 0 0 0.2 0 0 0 0 0 0 0 1 0 0 0 0 0 0 0 0 0 0 0.2 0 0 0.2 0.4 0 0 0.6000000000000001 0 0 0 0 0 0 1.2000000000000002 1 0 0.2 0 2.2 6.2 3.4000000000000004 2.8000000000000003 3 3.6 6 2 0 0 0 5.4 0 2.4000000000000004 0 0 0 5 0.2 0 0 0 0 1.4000000000000001 6.2 0 4.4 0 0 7 4.2 0.6000000000000001 6.6000000000000005 0 0.4 1.6 4.6000000000000005 0 0 0 0 0 0 0 0 0 0 0 0 0 0 0 0 0 0 0 0 0 0 1.2000000000000002 0 0 0 0 0 0 0 0 0 0 0 2.4000000000000004 0 0.2 7.800000000000001 0.8 0 0.4 0 0 0 0 0 0 0 0 0 0 0 0 0 0 0 0.2 0 0 0 0 4.2 0 0 0 0 0 4.4 0 0 
