 0 35.800000000000004 18.8 11.600000000000001 4.6000000000000005 3.6 46.6 28.8 11.4 11.4 3.8000000000000003 9.4 8.4 29 26.200000000000003 6.6000000000000005 31.6 22.200000000000003 10.8 26 0 0.8 0.2 0.4 0 0.4 0 0 1.8 0 0.4 1.2000000000000002 0.6000000000000001 1.4000000000000001 1.2000000000000002 0.4 13 0 0 0.8 0.6000000000000001 0.2 1 0.6000000000000001 0.2 0.4 0.6000000000000001 0.6000000000000001 1.4000000000000001 1.4000000000000001 0 0.2 0 0.4 1 2 0.8 0 1.2000000000000002 0 0.2 0 0 1.2000000000000002 1 0 0.6000000000000001 0 0 1.2000000000000002 1.4000000000000001 0.4 0.2 1 0.4 1.2000000000000002 1 0 0 0 3.4000000000000004 3 7.4 2.8000000000000003 1.8 0 2.6 3.4000000000000004 1.6 0 0.2 0.2 8.200000000000001 3.8000000000000003 1.8 0 4.2 0 0 2 0 0 0 0 0 0 0 0.2 0 0 0.2 0 2.8000000000000003 0 0 0 0.2 0 0 2.8000000000000003 0 0 0 0 0 0 0 0 0 0 0 0 0 0 0 0 0 0 0 0 0 0 0 0 0.4 0 0 0 0 0 0 0 0 0 0 0 0 0 0 0 0 0.8 2.6 2.8000000000000003 0.2 0 7.800000000000001 4.800000000000001 2 0.6000000000000001 0 0 2 4.2 2.4000000000000004 0 4.800000000000001 0 2.2 5.6000000000000005 0 0 0 0 0.2 0 0 0 0 0 0 0 0 0.4 0 0 0 0 0 0 0 0 0 0 0 0 0 0 0 0 0 0 0 0 0 0 0 0 0 0 0 0 0 0 0 0 0 0 0 0 0 0 0 0 0 0 0 0 0 0 0 0 0 0 0.4 0 0 0 19.400000000000002 0.6000000000000001 0 1.8 0 0.2 0 0 0 0 0 0 0 0.2 0 0 0 0.8 0 0 0 0 0 0.2 0 0 0 0 0 0 0 0 0 0 0 0 0 0 0 0 0 0 
 35.800000000000004 0 14.8 16.400000000000002 9 20 16.400000000000002 41.400000000000006 27 7 12.4 6.4 49.800000000000004 20.8 11.600000000000001 56.2 41.800000000000004 7 25.6 58.6 21.200000000000003 0.2 0.4 0.4 0.2 0.4 0 0.2 0.6000000000000001 0 0.4 1.4000000000000001 0.4 0.4 0.8 0.2 0.2 0.4 0.4 0.4 1.8 1.2000000000000002 0 0 0 0.4 0 0 0.4 2.2 0 0.2 0 0 0 0 0 0 0.4 0 1.2000000000000002 0 0 0 0 0 0.6000000000000001 0 0.8 0 0 0 0.2 0.6000000000000001 0 0 0 0 0 0 2.8000000000000003 0.2 2.8000000000000003 2 3.8000000000000003 0 2.2 6.4 0 7.2 0 1.8 3.8000000000000003 4 2 0 4.4 0 3 2.2 0 0 0 0 4 0 0.4 0 0 0 0 0 0 0 0 0 3.2 0 0 0 0 0 0 0 0 0 0 0 0 0 0 0 0 0 0 0.2 0 0 0 0 0 0 0 0 0 0 0 0 0 0 0 0 0 0 0 0 0 0 0 0 3.8000000000000003 4.6000000000000005 0.4 2.8000000000000003 0 0 0.4 4.4 5.800000000000001 3 0.2 0 0 2 2.6 0 4 3 1.4000000000000001 3.2 0 0 2.4000000000000004 0 0 0 0 0 0 0 0.2 0 11 0 0 0 0 0 0 0 0 0 0 0 0 0 0 0 0 0 0 0.4 0 0 0 0 0 0 0 0 0 0 0 0 0 0 0 0 0 0 0 0 0 0 0 0 0 0 0 0 0 0 0 0 0 0 9.200000000000001 0 0.4 0 0 0 10 0 0 0 0 0 0 0 0 0 2.2 0 0 0 0 0 0 0 0 0 0 0 0 0 3 0 0 0 0 0 0 0 0 0 0 0 0 0 
 18.8 14.8 0 35 25.8 6.800000000000001 28.8 17.400000000000002 55 30 15 4.4 11.8 29.400000000000002 45.2 46.6 46.400000000000006 75 23.6 7.800000000000001 0.2 0.4 0.4 0 0 0.4 16.2 0 0.8 0.4 0 0.6000000000000001 0.4 0 0 0 0.2 0 0.2 0 0.6000000000000001 0 0 0 0 0 0 0 0 0 0 0.2 0 0 0 0 0.2 0 0.4 0 0 0 0 0 0.2 0 0.6000000000000001 0 0 0 0 0 0 0.6000000000000001 0 0 0 0 0 0 0.2 0 3.4000000000000004 12 0.8 7 3.2 0.4 5.4 0 1.2000000000000002 7.800000000000001 2.2 2.2 0.2 5.4 1 3.2 0 0 0 0 0 0 0 0 0 0 1 0 0 0 0 5.6000000000000005 0 0 0 0 4.2 0 0 0 0 0 0 0 2.6 0 0.2 0 0 0 0 0 0 0 0 0 1.8 0 0 0 0 0 0 0.2 0 0 0 0 0 0.2 0 0 0 0 0 0.4 0 0 1.2000000000000002 0 0 7.4 4.2 2.4000000000000004 0 3.8000000000000003 5.6000000000000005 0.4 0 2.8000000000000003 0 13.8 7.6000000000000005 0.6000000000000001 4.6000000000000005 1.4000000000000001 0 2.8000000000000003 0 3.6 0 0 0 0 0 0.4 0 0 0 0 0 5.2 0.2 4.800000000000001 0 0 0.2 4.800000000000001 2 0 0 0 4.6000000000000005 0 0 0 0 0 0 0 0 0 0 2.8000000000000003 0 0 0 0 0 0 0 0 0 0 0 0 0 0 0 0 0 0 0 0 0 0 0 0 0 1 0 0 0 0 0.2 0 0.4 0 0 1.2000000000000002 0 0 0 0 0 0 0 0 0 0 0 0 0 0 0 0 0 0 0 0 0 0 0 3.2 4.4 0 0 0 0 0 0 0 0 0 0 0 0 0 
 11.600000000000001 16.400000000000002 35 0 55.6 25 42.2 13.4 41.400000000000006 32.2 49.800000000000004 12.200000000000001 14 23.8 46 52.6 8.6 62 18.2 19.6 0 0 0 0 0 1 16.2 0 0.4 0.2 0.2 0.6000000000000001 15.8 0 0 0 0 0 31.400000000000002 0 0.6000000000000001 0 0 1 0 0 0 0.4 0 0 0 0.2 0 0 0 0 0.8 0.2 1 0 0 0.4 0.4 0 0 0.2 0.6000000000000001 0 0 0 0 0 0 0.6000000000000001 0 0.6000000000000001 2 0.6000000000000001 0 0 0 1.8 3.2 2.6 8 13.200000000000001 0 1.4000000000000001 2.6 3.4000000000000004 2.4000000000000004 7 0 0.2 0 6 5.6000000000000005 2.6 0.4 0 0 0 0 0 0 0 5.800000000000001 4 3 0 0.2 0.6000000000000001 13.4 4.2 3.8000000000000003 0 0 0 4.2 3.6 0 1.2000000000000002 0 0 0 0 0 0 0 0 0 0 0 0 0 0.4 0 0 0 0 0 0 0 0 0 0 0 0 0 0 0 0 0 0 0 0 0 0 0 0 0 0.4 0 0.2 4.4 6.6000000000000005 0 0 7.6000000000000005 7.2 0 2.4000000000000004 0 3.6 6.6000000000000005 0.4 5.6000000000000005 3.8000000000000003 0.8 0.2 0 0 2.4000000000000004 0 0 0 0.2 0 0 0 0.4 0 0 3.2 2.6 3.4000000000000004 3.4000000000000004 0 5 2.8000000000000003 0 2 0 0 0 0 0 0 0 0.4 0 0 0 0 2.6 0 0 0 0 0 0 0 0 0 0 0 0 0 2.8000000000000003 0 0 0 0 0 0 0 0 0.4 0 0 0 2.6 0 0 0 0.4 17.6 0 0.2 18.8 0 0 0 0 0 0 0 0 0 0 0 0 0 0 0 0 0 0 0 0 0 0 0 0 0 0.2 3.8000000000000003 2.8000000000000003 0 0 0 0 0 0 0 0 0 0 0 0 
 4.6000000000000005 9 25.8 55.6 0 76.80000000000001 66.4 11.4 16 78.2 28.6 29.8 8.8 36.6 35.4 16.6 13.600000000000001 45 16 16.400000000000002 0 0 0.8 0 0 0.4 3.8000000000000003 15.200000000000001 0.4 14.8 0 0.6000000000000001 0.4 0 0.2 0 0 14.8 0 0 0.6000000000000001 0 0 0 0 0 0 0 0 0 0 0.4 0 0 0 0 0.2 0 0.4 0 0.6000000000000001 0 0 0 0.2 0 0.6000000000000001 0 0 0 0 0 0 0.6000000000000001 0 0 0 0.2 0 0 0 0 3.4000000000000004 2 7.4 3 0 8.4 5.6000000000000005 4 13.4 0.6000000000000001 0 0 4 0 0.2 9.200000000000001 0 0 5.6000000000000005 0.2 0 0.2 0 0 4 2.4000000000000004 6 0 4.4 0 0 2.6 6.800000000000001 2.2 0 0 0 2.8000000000000003 0 0 0 0 0 0 0 0 0 0 0 0 0 0 0 0 0 0.4 0 0 0 0.2 0 0 0 0 0.8 0 0 0 0 0 0 0 0 0.8 0 0 0 0 3.6 2.8000000000000003 0 3.8000000000000003 0 0.2 0 0 3.6 0 3.2 7.4 0 0 7.800000000000001 7.800000000000001 0.2 0 0 0 5.4 0 2.2 0 0 3.4000000000000004 4 0 0 2 3.8000000000000003 0 4 4.4 0 0 3 13.4 0 3.6 0 0 0 0 0 0 0 0 0 0 0 0 0 0 0 0 0 0 0 0 0 0 0 0 0 0 0 0 0 0 0 0 0 0 0 0 0 0 0 0 0 3 0 0 0 1.4000000000000001 0.4 0 0.6000000000000001 1.6 3 2.2 0 0 0 0 0 0 0 0 1.2000000000000002 0 0 0 0 0 0 0 0 0 0 0 0 0 0 0 0.4 0 0 0 0 0 0 0 0 0 0 0 0 0 
 3.6 20 6.800000000000001 25 76.80000000000001 0 6 48 11.8 55.6 47.6 36 11.200000000000001 52.800000000000004 17.2 33.4 30.6 53 51.6 9.4 4.6000000000000005 7.4 15 0 0.2 0.4 14.8 5.6000000000000005 31.400000000000002 8.8 0 0.6000000000000001 31 0 14.8 14.600000000000001 14.8 0.4 19.6 24.6 0.6000000000000001 1.8 0 0 0 0 0 0 0 0 0 0.2 0 0.2 0 0 0 0 0.4 0 0 0 0 0 0 0 1.6 0 0 0 0 0 0 0.6000000000000001 0 0 0 0 0 0 0 3 0 0 2.2 1.8 3.8000000000000003 0 0 0 6.2 0 0 0 0 0 0 2.2 0 0 2.2 2.4000000000000004 4.800000000000001 0 0 0 4 6 5 0 1.2000000000000002 4.6000000000000005 0.2 0 2 2.6 2 2.2 4.4 2.8000000000000003 0 0 0 0 0 0 0 0 0 1.8 0 0 0 0 0 0 0 0 0 0 1.6 0 0 0 0 0 0 0 0 0 0 0 0 0 0 1.4000000000000001 0 0 0 0 0 0 0 0 3.8000000000000003 2.2 3.2 0 0 0.6000000000000001 0 0 0.2 0.2 0 0.6000000000000001 0 0 1 0 7.2 6.800000000000001 0 0 0 3.4000000000000004 4.2 2.6 6.2 2.2 0.2 3 3.2 7.2 0 0 0 3 3.4000000000000004 4.2 0 0 0 0 0 0 0 0 0 0 0 0 0 0 0 0 0 0 0 0 0 0 0.2 0 0 0 0 0 0 0 0 0 0 0 0 0 0 0 0 0 0 0 0 0 0 1 0.6000000000000001 0 1 0 0 0 0 0 0 0 0 30.200000000000003 0 0 0 0 0 0 0 0 1.6 0 0 0 0 0 0 0 0 0 0 0 0 0 0 0 0 0 0 0 0 0 0 0 
 46.6 16.400000000000002 28.8 42.2 66.4 6 0 31.400000000000002 26.6 4 10.4 6 12.200000000000001 35.6 7.2 5.4 45.2 7.4 11.600000000000001 11 0 0 15 0 0 0.4 0 0.2 0.6000000000000001 0 0 0.6000000000000001 0.4 0 0 0 0 0.4 0 0 0.6000000000000001 0 0 0 0 0 0 0 0 0 0 0 0 0.4 0 0 0 0 0.4 0 0 0 0 0 9.4 0 0.6000000000000001 0 0 0 0 0 0.2 0.6000000000000001 15.200000000000001 0 0 0 0 0 3.4000000000000004 1.4000000000000001 17.400000000000002 0 0 0 7 1.8 4.6000000000000005 4.2 0 0 5.4 4.800000000000001 3.6 0 0 0 4.4 4.2 0 0 0 0 2 0 4.2 0 0 0 0 0 0 0 0 0 0 0 0 0 0 0 0 0 0 0 0 0 0 0 0 0 0 0 0 0 0 0 0 0 0 0 0 0 0 0 0 0 0 0 0 0 0 0.6000000000000001 0 0 0.2 0 0 0 3.8000000000000003 0 5.800000000000001 0 0 0 4.4 8.4 4.6000000000000005 0 4.4 0 4 4.6000000000000005 4 0 9.8 0 2.8000000000000003 1 0 0 0 0 0 0 0 0 0 0 0 0 0 0 0 0.2 0 0 0 0 0 0 0 0 0 0 0 5.2 0 0 0 0 0 0 0 0 0 0 0 0 0 0 3.8000000000000003 0 0 0 0 0 0 0 0 0 0 0 0 0 0 0 0 0 0 0 0 0 0 0.4 0 0.4 17.8 0 2.4000000000000004 0.8 0 0 0 0 0 0 0 0 10 0 0 0 0 0 0 0 0 0 0 0 0 0 0 0 0 0 0 0 0 0 0 0 0 0 0 0 0 0 
 28.8 41.400000000000006 17.400000000000002 13.4 11.4 48 31.400000000000002 0 62.2 30.6 5.800000000000001 6.800000000000001 50.800000000000004 81.60000000000001 4.6000000000000005 68.60000000000001 9.200000000000001 4.800000000000001 49.400000000000006 37.4 15 0 14.600000000000001 0 0 0.8 40.6 0 0.4 0.4 0 0.6000000000000001 0.2 0 0 0 0 0 0 0.2 0.6000000000000001 0 0 0 0 0 0 0.8 0 0 0 0.4 0 0 0 0 0 0 0.4 0 0 0 0 0 0 0 0.6000000000000001 0 0 0 0 0 0 0.6000000000000001 0 0 0 0.4 0 0 0.2 0 0 2.4000000000000004 0.4 0 2.4000000000000004 5 3.6 3.8000000000000003 0 0 3.4000000000000004 0 5 2.2 4.6000000000000005 3 0 3 0 0 0 0 0 0 0 0 0 0 0 0 0.2 0 0 0 0 0 0 0 0 0 0 0 0 0 0 0 0 0 0.2 0 0 0.2 0 0 0.4 0 0 0 0 0 0 0 0 0 0 0 0 0 0 0 0 0 0 0 3.8000000000000003 0 0.4 0 4.4 0 2.6 2.6 0 0 10.4 8 3.4000000000000004 0 0 0 8.4 0.2 0 4 0.2 0 2.6 2 0 0.2 0 0 0 0 0 0 0 0 0 0 11.600000000000001 0 0 0 0 0 0 0 0 0.4 0 0 0.2 0.4 0 0 0.4 0 0 0 0 0 0 0 0 0 0 0.2 0 0 0 0 0 0 0 0 0 0 2 0 0.2 0 0 0 0 0 0 0 0 0.4 0 0 0 0.4 0 0.2 0.2 0 0 0 0 0 0 0 0 0 0 0 0 0 0 0 0 0 0 0 0 0 0 0 0 0 0 0 2.8000000000000003 0 0 0 0 0 0 0 0 0 0 0 0 0 
 11.4 27 55 41.400000000000006 16 11.8 26.6 62.2 0 38.400000000000006 26.400000000000002 11.8 59.400000000000006 18 51 28.200000000000003 31 46.2 17.400000000000002 16.2 0 0 0 0.2 0 0.4 0 0 0.6000000000000001 0 0 1 0.4 0 0.6000000000000001 0 0 0.4 0.4 2.4000000000000004 1.2000000000000002 0.6000000000000001 0 0 0 0 0 0 0 0.8 0 0.2 0 0 0 0 0.6000000000000001 0 0.4 0.4 0.6000000000000001 0 0 0.2 0 0 0.6000000000000001 0 0.4 0 0 0 0.2 0.6000000000000001 0 0 0 0 0 0 0.4 0 9.8 2.2 5.4 5.800000000000001 4.800000000000001 0 1.4000000000000001 3.4000000000000004 2 0 3.8000000000000003 5 0 5.4 0 2 0 0 0 0 0 0 0 0 0 0 0 0.4 0 0 0 2.4000000000000004 0 0 0 0 4.4 0 0 0 0 0 0 0 1.2000000000000002 0 0 0 0 2.8000000000000003 0 0 0 0 0 0 0 0 0 0 0 0 0 0 0 0 0 0 0 0 0 0 0 0 0 3 0 0 1 0.6000000000000001 0 0.4 0 0 0 4.6000000000000005 5.2 5.2 2.2 2.6 0.6000000000000001 8.200000000000001 2.4000000000000004 2 7.2 4.800000000000001 0 3.4000000000000004 0 0 0 0 0.2 0 0 0 0 0 0 0.2 0 0 0 0 0 0 3.6 2 0 3 0.2 0.4 0 0 0 0 0 0 0 0 0 0 0 0 0 0 0 0 0 0 0 1.6 0 0 0 0 0 0 0 1 0 0 0 0 0 0 0 0 0 0 0 0 0 0 35.800000000000004 0 0.4 0.4 0 0.6000000000000001 0 0 0 0 0 0 0 0 0 0 0 0 0 0 0 0 0 0 0 0 0 0 0 0 3.4000000000000004 2.8000000000000003 0 0 0 0 0 0 0 0 0 0 0 0 
 11.4 7 30 32.2 78.2 55.6 4 30.6 38.400000000000006 0 35.2 72 11.600000000000001 52.2 41.2 23.8 78.2 12.8 22.400000000000002 78 0 0 0 0 0 0.4 0.2 0.4 0.4 14.8 0.2 0.6000000000000001 16.8 0 0 0.2 0 0 16.400000000000002 0.4 0.6000000000000001 0 0 0 0 0 0.2 0.4 0 0 0 0 0.2 0 0 0 0.6000000000000001 0 0.6000000000000001 0 0 0 9.4 0 0 0.2 0.6000000000000001 0 0 0 0 10.600000000000001 0 0.6000000000000001 0 0.6000000000000001 0.4 0.6000000000000001 0 0 2.4000000000000004 2.8000000000000003 4.800000000000001 0.4 4.2 4 2.6 2.4000000000000004 12.200000000000001 13.600000000000001 11.8 14 2.8000000000000003 0 4.800000000000001 3.8000000000000003 0.2 5.800000000000001 0 0 0 0 0 0 0 0 9.600000000000001 0 3.8000000000000003 0 0 0 1.8 1.8 3 0 0 0 4.6000000000000005 0 2 0 0 0 0 0 0 0 0 0 0.4 0 2.2 0.4 0 0 3.4000000000000004 0 0 0 0 0 0.4 0 0 0 0 0 0 0 0 0 0 0 0 0 0 0 0 0 0 0 1 0.2 4.2 4.6000000000000005 0 0 6 4 0.8 5.4 0 0 5.6000000000000005 3.4000000000000004 0 5 0 0 0 0.4 2.2 0 0 0.4 0 0 0 0 0 0 0 0 1.6 0 2.6 0 0 4 0 1.4000000000000001 0 0 0.4 0 0.2 0 0.2 0 0.4 0 0.4 0 0 0 0 0 0 0 0 0 0 0 0 0 0 0 0 0 0 0 0 0 0 0 0 0 0 0 0 2.6 0 0 0 0.4 0 0 0.4 17.6 0.4 0.8 0 0 0 0 0 0 0 0 0 0 0 0 0 0 0 0 0 0 0 0 0 0 0 4 6 0 0 0 0 0 0 0 0 0 0 0 0 0 
 3.8000000000000003 12.4 15 49.800000000000004 28.6 47.6 10.4 5.800000000000001 26.400000000000002 35.2 0 56.800000000000004 23.8 10.4 48 39.800000000000004 85 86.2 11.4 11.8 0 0 0 0 0 0.4 14.600000000000001 0.2 0.6000000000000001 0 0 0.6000000000000001 0.4 0 2.8000000000000003 0 11.4 0 45.400000000000006 0 0.6000000000000001 0.4 0 0 0 0 0 0.6000000000000001 0 0 0 0.2 0 0 0 0 0 0 1 0 0 0 0 0 0.2 0 0.6000000000000001 0 0 0 0 0 0 0.6000000000000001 0 1.8 0 0 0 7.4 0 1.8 3.2 6.4 3.2 2.8000000000000003 0 0 0 0 5.2 5.2 0 0.4 0 2.6 5 4.800000000000001 0 0 2.6 0 0.4 0 0 0 0 0 3 0 0 0 6.6000000000000005 3.2 9.4 2.8000000000000003 0 0 0.2 6.4 0 0 0 0 0.2 0 0 0 0 1.8 0 0 0 0 0 0 0 0.2 0 0 0.4 0 0 0 0 0 0 0 0 0 0 0 0 0 0 0.4 0 0 0 0 0 2.8000000000000003 0.4 3.4000000000000004 4.800000000000001 19.6 0 0 0 5.4 0 9.200000000000001 0 2.4000000000000004 0 0.4 1.2000000000000002 0 1 0 4.4 3.4000000000000004 7 1.2000000000000002 0 0 0 4.4 5 0 0 0 0 3.8000000000000003 1.8 2.8000000000000003 0 0.4 10.600000000000001 2.4000000000000004 0 0 0 0 0 0 0 0 0 0 0 0 0 0 0 0 0 0 0 0 0 0 0 0 0 0 0 0 0 0 0 0 0 0 0 0 0 0 0 0 0 0 0 0 0 0.2 0.2 0 0 9.200000000000001 0.4 0.8 0 0.8 0 0 0 0 0 0 0 0 0 0 0 0 0.4 0 0 0 0 0 0 0 0 2.4000000000000004 0 0.4 0 0 0 0 0 0 0 0 0 0 0 0 
 9.4 6.4 4.4 12.200000000000001 29.8 36 6 6.800000000000001 11.8 72 56.800000000000004 0 6.4 36.800000000000004 42.800000000000004 42.6 90.4 18.2 8.200000000000001 24 7.4 0 0 0 0 0.4 0 7.4 0.4 0 0.2 0.6000000000000001 0.2 0 15.200000000000001 23.6 0 0 30.8 7 0.6000000000000001 0.6000000000000001 0 1.4000000000000001 0 0 0 0 0 0 0 0 0 0 12.8 0 0 0 0.4 0 0 0 6.4 0 0 0 0.6000000000000001 0 0 0 0 0 0 0.6000000000000001 0 0 0 0 0 0 3 0.4 5 0.2 0.2 4.4 3.6 0.4 3.6 8.4 5.4 0.6000000000000001 0 0 6.2 2.2 0.4 3.4000000000000004 0 0 0 2.4000000000000004 0 0 0 0 5 1.6 1.8 0 0.2 0 0 0.4 0 3.4000000000000004 0 0 3.8000000000000003 0 0 0 0 0.4 0 0 0 0 0 0 0 0 0 0 0 0 0 0 0 1.4000000000000001 0 0 0 0 0 0 0 0 0 0 0.2 0 0 0 0 0 0 2.6 0 0 3.2 0 4 1.6 4.6000000000000005 6.800000000000001 3 0 0 2.2 3.8000000000000003 1 0.4 2.2 4.6000000000000005 2.2 2.2 3.6 0 0 0.2 0 3.4000000000000004 0 0 0 0 4.4 4.6000000000000005 0.2 0 0.4 2.4000000000000004 3.6 2.2 0 0 0 3.6 1.4000000000000001 0 0 0 0 0 0 0 0 0 0 0 0 0 0 0 0 0 0 0 0 0 0 0 0 0 0 0 0 0 0 0 0 0 0 0 0 0 0 0 1.6 0 0 0 0 0 0 0.8 0 18.6 19 2.4000000000000004 0.4 0 0 0 0 0 0 0 0 0 0 0 0 0 0 0 0 0 0 0 0 0 0 0 2 0 0 0 0 0 0 0 0 0 0 0 0 0 0 
 8.4 49.800000000000004 11.8 14 8.8 11.200000000000001 12.200000000000001 50.800000000000004 59.400000000000006 11.600000000000001 23.8 6.4 0 46.6 8.200000000000001 24.8 7 8.200000000000001 68.60000000000001 21.8 0.2 0 0 0 0 0.4 0.2 0 0.6000000000000001 0 0.4 1.2000000000000002 0.4 0.6000000000000001 0 9.200000000000001 0.4 0 0 0 0.6000000000000001 0 0 0 0 0 0 1.6 0.6000000000000001 0.8 0 0.2 0 0 0.6000000000000001 0 0.4 0 0.4 0.4 0 0 0 0 0 0 1 0 0.6000000000000001 0 6.4 0 0 0.6000000000000001 0 0.2 1 0 0 0 0 0 0 0 0 0 0 0.6000000000000001 0 0 0 0 10.4 2 2.6 2.6 2.6 0 6 0 0 0 0 0 0 0 0 0 0 0 0 0 0 0 0 0 0 0 0 0 0 0 0 0 0 0 0 0 0.2 0 0 0 0 0 0 0 0 0 0 0 0 0 0 0 0 0 0 0 0 0 0 0.2 0 0 0.4 2.4000000000000004 0 0.4 0 0 0.4 0 2.8000000000000003 0 0 0 6.2 3.4000000000000004 0.6000000000000001 0 0 0 5.800000000000001 0 0.8 2 0 0 12.600000000000001 2 0 0 0 0 0 0 0 0 0.2 0 0 0 3 0 0 0 0 0 0.2 0 0 0 0 0 0 0 0 0 0 0 0 0 0 0 0 0.4 0 0 0 0 0 0 0 0 0 0 0 0 1.8 0 0 0 0 0 0 0 0 0 0 0 0 0 0 0 0 0.2 1.4000000000000001 0 0.4 0 0 1.8 0 0 0.4 0 0 0 0 0 0 0 3.2 0 0 0.2 0 0 0 2.4000000000000004 0 0 0 0 0 0 0 0 0 0 0 0 0 0 0 0 0 0 0 0 
 29 20.8 29.400000000000002 23.8 36.6 52.800000000000004 35.6 81.60000000000001 18 52.2 10.4 36.800000000000004 46.6 0 75.2 31.200000000000003 31 7.6000000000000005 44 24.6 0.4 0 0 0.6000000000000001 0 15.4 0 0 0.6000000000000001 0 0 0.6000000000000001 0.4 0 0 0 0 0 0.2 0 0.6000000000000001 0 0 0 0 0 0 0 0 0 0 0.2 0 0 0.4 0 0.8 0 0.4 0 0 0 0 0 0 0 0.6000000000000001 0 0 0 9 0 0.4 0.6000000000000001 0 0 0 0 0 0 0 6.800000000000001 4.2 0.2 3.2 2 0 3.4000000000000004 6 6.6000000000000005 3.2 5 1 4.2 5.2 2 2.4000000000000004 1.8 0 0 0 0 0 0 0 0 3.8000000000000003 0 0 0 0 0.4 0.6000000000000001 0 0 0 0 0 0 1 0 0 0 0 0 0.4 0 0 0 0 0 0 0 0 0 0 0 0 0 0 0 0 0 0 0 0 0 3 0.2 0 0 0 0 0 0 0 0 0 0 0 6.6000000000000005 4.4 0.2 0 0 0.2 0 4.2 5.4 2 2.8000000000000003 3.8000000000000003 0 0 13.200000000000001 1.8 0 5.4 0 2.8000000000000003 0.2 0 0 0.2 0 0 0 0 0 0 0 0 2.4000000000000004 0.2 0 0 0 0 0 1.6 0 2 0 0 0 0 0 0 0 0 0 0 0 0 0 0 0 0 0 0 0.4 2 0 0 0 0 0 0 0 0 0 0 0 0 0 0 0 0 0 0 0 5 0 0 0 0.2 0.4 0.4 0.2 0 3 1.8 2 0 0 0 0 0 0 0 0 0 0 0 0 0 0 0 0 0 0 0 0 0 0 0 0 0 0 0 0 0 0 0 0 0.2 0 0 0 0.4 
 26.200000000000003 11.600000000000001 45.2 46 35.4 17.2 7.2 4.6000000000000005 51 41.2 48 42.800000000000004 8.200000000000001 75.2 0 63.6 27.400000000000002 15.4 30 38.400000000000006 0 0 0 0 0 0.4 0 0 0.4 0 0 0.6000000000000001 0.2 0 0 0 0 0 0 0 0.6000000000000001 0 0 0 0 0 0 0 0 0 0 0.2 0 0 0 0 3 0 0.4 0 0 0 0 0 0 0 0.6000000000000001 0 0 0 0 0 0 0.8 0 0 0 1 0 0 0.2 4.800000000000001 5.4 3.2 6.2 8.200000000000001 0 2 5.6000000000000005 7.800000000000001 8.4 0 0 6.800000000000001 2.2 7 3.4000000000000004 12.8 0.2 0 0 0 0 0 0 0 4 0 0 0 0.4 0 1.8 2.6 0 0 0 0 0.2 1.8 0 0 0 3.2 0 0 0 0 0 0 0 0 0 0 0 0.2 0 0 0 0 0 2.8000000000000003 0 0 0 0 0 0 0 0 0 0 0 0 0 0 0 0 0 0 1.8 1.8 1.8 4.800000000000001 1.6 2.2 0 0 6.6000000000000005 4.6000000000000005 0.2 5.4 0 5.4 3.6 2.4000000000000004 0 5.6000000000000005 1.2000000000000002 0 0.2 0 0 0 0.2 0 0 0 0 0 0 0 0 0 0 0 0 0 0 6 0 1.6 0 0 0 0 0 0 0 0 0 0 0 0 0 0 0 0 0 0 0 0 0 0 0 0 0 0 0 0 0 0 0 0 0 0 0 0 0 0 0 2 0 0 0 0 0.2 0 0 0.6000000000000001 0 1.2000000000000002 0.2 0 0 0 0 0 0 0 0 0 0 0 0 0 0 0 0 0 0 0 0 0 0 3.4000000000000004 4 0 0 0 0 0 0 0 0 0 0 0 0 0 
 6.6000000000000005 56.2 46.6 52.6 16.6 33.4 5.4 68.60000000000001 28.200000000000003 23.8 39.800000000000004 42.6 24.8 31.200000000000003 63.6 0 23 9.4 11.8 33.4 0 0 1.2000000000000002 0 0 0.4 41 5 0.6000000000000001 0 0 0.6000000000000001 0.4 0 0 0 0 0 0.4 0 0.6000000000000001 0 0 0 0 0 0 0 0 1.2000000000000002 0 0.2 0 0 0 0 0 0 0.4 0 0 0 0 0 0 0 0.6000000000000001 0 0 0 0 0.2 0.2 0.6000000000000001 0.4 0 0 0 0 0 0 1.4000000000000001 0.2 4.800000000000001 4 1.8 0 0 6.4 4.6000000000000005 5.2 1.8 0 0.4 1.4000000000000001 8.200000000000001 2.4000000000000004 4.800000000000001 2.6 0 0 0 0 0 0 0 0 0 0 0 0 0 2.8000000000000003 0 0 0 1.6 0 0 0 0 0 0 0 0 0.6000000000000001 0 0 0 0 0.4 0 0 0 0 0 0 0 0 0 0 2.6 0.6000000000000001 0 0 0.4 0 0.4 0 0 0.4 0.2 0.2 0.2 0 0 3 0 0 0 2 9.600000000000001 2 4 0 2.2 0 0 0.2 5.4 1.4000000000000001 0 0 10.4 0 0 0.4 2.6 0 0 0 0.4 0 0 0 0 0 0 0 0 0 0 0 2.2 0 0 0 0 0.2 2.6 0 2.8000000000000003 0 0 0.4 0 2.6 0 0 0 0.4 0 0.4 0 0 0 0 0 0 0 0.2 0 0.4 0.4 0.4 0.2 0 0 0 0.4 0.2 0.2 0.2 0 0.6000000000000001 2.6 0 0.2 0 0 0 0.2 0 0 0 0 15.600000000000001 0.2 0.4 0 0 0.4 0 0 0 0 0 0 0 0 0 0 16 0 0 0 0 0 0 0 0.4 0 0 0 0 1.8 0 0 0 0 0 0 0 0 0 0 0 0 0 0 
 31.6 41.800000000000004 46.400000000000006 8.6 13.600000000000001 30.6 45.2 9.200000000000001 31 78.2 85 90.4 7 31 27.400000000000002 23 0 31.8 7.800000000000001 22.8 0.2 0 6.4 0 0 0.4 0 0 0.6000000000000001 0.4 0.6000000000000001 1 0.4 0 14.600000000000001 0 0 0 14.8 0 0.6000000000000001 0 0 0 0 0 0 0.4 0 0 0 0.4 0 0 0 0 0.4 0 0.4 0 0 0 0 0 0 0.4 0.6000000000000001 0 0 0 0 0 8.6 0.6000000000000001 0.6000000000000001 0 0 0 6.800000000000001 0 5.2 4.2 6.4 1.2000000000000002 2.2 0.2 6.6000000000000005 0.6000000000000001 4 6.4 1.8 3.6 14.200000000000001 5.2 5.6000000000000005 0 4.4 2.6 0 0 0 1.4000000000000001 0 0 0 0 3.8000000000000003 0.2 0.2 0 0 0 0 0.2 2 3 0 0 4.6000000000000005 0 0 0 0.8 0 0 0.2 0 0 0 0 0 0 0.6000000000000001 0.2 0 0 0.4 0 0 0 0 0 0 0 0 0 0 0 0 0 0 0 0 0.2 0 0 0 0 0.4 0 3.6 3.4000000000000004 0 5.800000000000001 0.2 0 0.4 0 2.2 0 3 2.6 0 2.8000000000000003 4.6000000000000005 2.4000000000000004 5.4 0 0 9.200000000000001 3.2 2.6 1.4000000000000001 0 0 0.2 0 1.8 0 0 0 0 3 4.2 2 0 0 0 3.2 0 0 0.2 0 0 0 0.4 0 0 0.4 0 0 0 0 0 0.2 0 0 0 0 0.2 0 0 0 0 0 0 0 0 0 2.4000000000000004 0 0 0 0 0 0.4 0 0 0 0 0 0.6000000000000001 0 0 0 0.2 0.2 0.4 0.6000000000000001 17 2.8000000000000003 0.8 2 0 0 0 0 0 0.4 0 0 0 0 0 0 0 0 0 0 0 0 0 0 0 0 0 0 0 0 0 0 0 0 0 0 0 0 0 0 0 
 22.200000000000003 7 75 62 45 53 7.4 4.800000000000001 46.2 12.8 86.2 18.2 8.200000000000001 7.6000000000000005 15.4 9.4 31.8 0 6.2 7.6000000000000005 0 0 0 0 0 0.4 4.6000000000000005 0 0.6000000000000001 0 0 0.6000000000000001 16.400000000000002 0 14.600000000000001 0 0 0 31 15 0.6000000000000001 0 13 0 0 0 0 0 0 0 0 0.2 0 0 0 0 0 0 0.8 0 0 0 0 0 0 0 0.6000000000000001 0 0 0 0 0 0.4 0.6000000000000001 0 0.4 0 0 0 0 0 2.8000000000000003 8.8 3.4000000000000004 5 2.6 0.4 0 0.2 0 8.6 5.800000000000001 0 2 0 0 2.4000000000000004 4 0 0 1.2000000000000002 0 0 0 0 0 4.2 0 5.800000000000001 4 0 0 8 4 4.2 3.8000000000000003 0 0 7.6000000000000005 11.200000000000001 0 0 0 0 0 0 0 0 0 0 0 0.4 0 0 0 0 0 0 0 4.6000000000000005 0 0 0 0 0 0 0 0 0 0 0 0 0 0 0.4 0 0 0.4 1.6 1.6 0 0 0 0.4 2.6 2.6 0 1.8 0 3.4000000000000004 0 2.4000000000000004 0 0 5 0 3.4000000000000004 2 1 0 0 3.2 2.2 0 0 0 0 0.2 0.2 0 0 0 0 3.8000000000000003 3.2 2.4000000000000004 3.6 0 2.2 0 0 0 0 0 0 0 0 0 0 0 0 0 0 0 0 0.4 0 1.4000000000000001 0 0 0 0 0 0 0 0 0 0 0 0 0.4 0 0 0 0 0 0 0 0 0 0 0 0 0 0 0 1 0 0 17.8 0 1.6 0.4 0 0 0 0 0 0 0 0 0 0 0 0 0 0 0 0 2 0 0 0 0 0 0.2 0 2.2 0 0 0 0 0 0 0 0 0 0 0 0 
 10.8 25.6 23.6 18.2 16 51.6 11.600000000000001 49.400000000000006 17.400000000000002 22.400000000000002 11.4 8.200000000000001 68.60000000000001 44 30 11.8 7.800000000000001 6.2 0 72.4 0.2 0 0 0.8 0 0.6000000000000001 0.6000000000000001 0 0.6000000000000001 0 0 0.6000000000000001 0.4 0.6000000000000001 15 0.4 0.4 0.2 0 0.2 0.6000000000000001 0.6000000000000001 0.6000000000000001 0 0 0 0 1 0 1 0 0.8 0 12.8 0 0 0 0 0.4 0 0.2 0 0 0 0 0.4 1 0 0.4 0 0.4 0 0.4 0.6000000000000001 0 0 0 0.4 0 0 0 4.6000000000000005 0.2 0 0 0 2.4000000000000004 2.4000000000000004 4.2 4 0 3.4000000000000004 6.4 0 2.8000000000000003 3.4000000000000004 2.8000000000000003 0 3 0 0 0 0.2 0 0 0 0 0 0 0 0 0 0 0 0 0 0 0 0 0 0 0 0 0 0 0 0 0 0 0 0 0 0 0 0 0 0 0 0 0 0 0 0 0 0 0 0 0 0 0 0 0 0 0 0 2.2 0 0 0 0 2.2 1.4000000000000001 2.4000000000000004 0 0 0 4 1.6 2.4000000000000004 4.6000000000000005 0 0 4.6000000000000005 0 0 4.800000000000001 0 0 10.4 5.800000000000001 0 0 0.4 0 0 0 0 0 0 0 0 0 2.8000000000000003 0 0 0 0 0 0 0 0 0 0 0 0 0 0 0 0 0 0 0 0 0 0 0 0 0.4 0 0 0 0 0 0.2 0 0.4 0 3.8000000000000003 0 0.4 0 0 0 0 0 0 0 0 0 2.4000000000000004 0 0 0 0 0 0 0.8 0 0.4 0.2 0 1.8 0 0 0 0 0 0 0 0 0 0 4.800000000000001 0 0 0 0 0 0 0 0 0 0 0.2 0 0 0 0 0 0 0 0 0 0 0 0 0 0 0 0 
 26 58.6 7.800000000000001 19.6 16.400000000000002 9.4 11 37.4 16.2 78 11.8 24 21.8 24.6 38.400000000000006 33.4 22.8 7.6000000000000005 72.4 0 6.6000000000000005 0 0 0 0 0.6000000000000001 0 0 0.4 14.600000000000001 0 0.6000000000000001 0.2 0 0 0 0 0 0 0 1.2000000000000002 0.6000000000000001 0 0 0 0 0 0 0.4 0.8 0 0.2 12.8 0 0 0 0.6000000000000001 0 0.4 0 0.6000000000000001 0 0 0 0.2 0 0.6000000000000001 0 0.4 0 0 0 0 0.6000000000000001 7 0 0 0 0 0 4.6000000000000005 2.6 4.4 2 3.2 0 3.2 2 8.8 16 1.4000000000000001 1.8 4 2 5.4 0 1.4000000000000001 1.6 0 2.4000000000000004 0.4 0 0.2 0 0 0 0 0 0 0 0 0 0 0 0 0 0 0 0 0 2.8000000000000003 0 0 0 0 0 0 0 0 0 0 0 0 0 0 0 0 0 0 0 0 0 0 0 0 0 0 0 0 0 0 0 0 0 0 0 0 0 0 0 1 0.8 1.8 2.6 2.2 1.8 0 5.800000000000001 3.4000000000000004 4.800000000000001 4.4 0 0 1.4000000000000001 0.8 1.8 4.6000000000000005 7.2 0 0.2 0 0 0.2 0 0 0 0.4 0 0 0 0.4 0 0 0 0 0 0 0 0 0 0 5.800000000000001 0 0 0 0 0 0 0 0 0 0 0 0 0 0 0 0 0 0 0 0 0 0.4 0 0 0 0 0 0 0 0 0 0 0 0 0 0 0 0 0 0 0 0 0 0.2 17.8 0 0.4 0 0 3.6 11.4 0 0 0 0 0 0 0 0 0 0 0 0 0 0 0 0 0.4 0 0 0 0.2 0 0 2.4000000000000004 0 0 0 0 0 0 0 0 0 0 0 0 0 
 0 21.200000000000003 0.2 0 0 4.6000000000000005 0 15 0 0 0 7.4 0.2 0.4 0 0 0.2 0 0.2 6.6000000000000005 0 22.200000000000003 11.600000000000001 25 11 5.4 29.400000000000002 13.4 5.2 21.8 31.200000000000003 71 26.400000000000002 11 7.6000000000000005 72.4 30 21.200000000000003 42.2 23.8 0 1.8 13 0 0 0 0 0 0 0 0.6000000000000001 0.2 0 0.2 0 0.2 0.4 0 0.2 1 0 0 0 0 0 0 0 0 0 0 0 10.4 0 0 0 0.2 0 0 0 0 0 0 0 0 1.8 1.6 0 0.6000000000000001 3.2 6.4 2.6 0 0 0 0.6000000000000001 0 0 0 0 2.6 0.4 3.6 2.4000000000000004 6 4.6000000000000005 0 6.4 0.8 1.8 3.6 3.4000000000000004 3.2 4.2 0 2.8000000000000003 0 5.6000000000000005 0 4.6000000000000005 0 3.6 0 0 0 0 0 0 0.2 0 0 0 0 0 0 0 0 0 0 0.4 0 0 0.4 0 0 0 1.2000000000000002 0 0.6000000000000001 0 0 0 0 0 0.6000000000000001 0.4 0 0 0 0 0 0 0 0 0 6.4 2 0 0 0.8 0 0 1.2000000000000002 0.4 0 0 0 2.4000000000000004 0 0 0 0 2 7.6000000000000005 0.6000000000000001 2.8000000000000003 0 2 7 5.4 3.4000000000000004 7.2 6.2 4.6000000000000005 0 1.2000000000000002 0.2 7.800000000000001 3.8000000000000003 0 2.2 0 0 0 0 0 0 0 0 0 0 0 0 0 0 0 0 3 0 0 0 0 0 0 0 1.4000000000000001 0 0 0 0 0 0 0 0 0 0 0 0 0 0 0 0 0 0 0 0 0 0 0 0 0 0 0 0 0 3.2 0 0 15.600000000000001 0 0 0.2 3.6 0 0 0 0 0 0 0 0 0 0 0 0 0 1.6 3.8000000000000003 1 0 2.2 0 0.2 0 0 0 0.2 0 0 0 0 
 0.8 0.2 0.4 0 0 7.4 0 0 0 0 0 0 0 0 0 0 0 0 0 0 22.200000000000003 0 32.2 29.400000000000002 9 9 28 21.8 33.6 27 60 5.800000000000001 61.6 10.200000000000001 8.8 23.8 11 20.200000000000003 38.6 69 0.6000000000000001 0.6000000000000001 0 0 0.2 0 15.200000000000001 0 11.4 0.2 0 0 0 0.6000000000000001 0.4 0 0 0 10.8 0 0 0 0 0 0.6000000000000001 0 0 0 0 0 0 0 0 0.6000000000000001 0 1.6 0 7.2 0 0 0 0 0 0 0 0 0 0 0 3.8000000000000003 0 0 0 0 0 0 0 0 0 0 3.4000000000000004 3.6 8.4 0 1.8 2.4000000000000004 4.6000000000000005 4.4 0 6 6 9.4 7.2 0 8 2.4000000000000004 2.6 3.8000000000000003 5.800000000000001 5.2 4.6000000000000005 0 0 0 0 0 1.8 5.4 0 0 0 0 0 0 0 0 0 0 5.4 1 0 0 0 0 0 0.2 0 0 0 0 0 0.2 0.2 0 0 0 0 0 0 0 1 0 0 0 2.8000000000000003 0.6000000000000001 0 0 0 0 0 6.4 0 1 0 0 0 0 0 0 2.2 5.2 3.6 7 0.2 0.4 13.200000000000001 3.4000000000000004 0 3.6 2.6 2.8000000000000003 4.4 0 3.6 1.4000000000000001 5.2 3 1.4000000000000001 0 0.2 0 0.2 0 0 0 0.4 3.8000000000000003 0 0 3.2 0 2.6 0 0 0 0 0 2 0 0.2 0 0 0 0 0 0 0 0 0 0 0 0 0 0 0 0 0 0 0 0 0 0 0 0 0 0 0 0 0 0 0 0 0 2.6 0 0 15.200000000000001 9.200000000000001 0 0.4 0 0.4 0 0 0 0 0 0 0 0 0 0 0 0 2 0 0 0 0 0 3.6 0 0 0 0 0 0 0 0 
 0.2 0.4 0.4 0 0.8 15 15 14.600000000000001 0 0 0 0 0 0 0 1.2000000000000002 6.4 0 0 0 11.600000000000001 32.2 0 74.60000000000001 11.200000000000001 6.6000000000000005 33.800000000000004 112.60000000000001 53.6 25.8 11.200000000000001 40.400000000000006 90.60000000000001 26 38.2 17.8 99.2 11.8 6.800000000000001 26.400000000000002 0.6000000000000001 0.6000000000000001 0 0 0 0.2 0 0 0 0.2 0 0 12 17.8 0 0 0 0 0 12.4 0 0 0 7 0.8 0 0 0 0 0 0 3.2 0 0.6000000000000001 0 0.4 0 0.8 0 0 0 0 0 0 0 0 0 0 0 0 0.4 0 0 0 0 0 0 0.8 0 0 8.200000000000001 5.2 0 5.800000000000001 8.8 3 15.600000000000001 2 2.6 2.8000000000000003 2.6 0 0.2 5.4 2.2 3.4000000000000004 6.6000000000000005 0.2 0 0.2 0 0 0 0 0 0 0 2.2 0 0 0 0 3.4000000000000004 4.800000000000001 0 0.2 0 0 2.8000000000000003 2 0.6000000000000001 0 0 0 1.6 0 0.2 0.2 0 0 0 0 0 0 0 1 0 0.4 0 0 0 1.8 0 0.6000000000000001 0 0.2 0 0 0 0 0 0 0 0 0 1.6 1 0 0 0 0 0 0 0 0 5 2.2 2 1.2000000000000002 4.4 3.2 2.6 0 1.2000000000000002 2.6 3.6 2.6 4.2 1.8 3.4000000000000004 0 0 0 0 0 0 4.4 0 0 2.2 0 0 0 0.2 0 0 0 0 0.8 2.8000000000000003 0 0 2 0 0 0.4 0 0 0.2 0 0 0 0 0 0 0 0 0.2 0 0 0 0 0 0 0 0 0 0 0 0 0 0 0 0 0.6000000000000001 0 0 0.8 0.2 0 0 0.4 0 0 0 0 0 0 0 0 0 0 0 0 0 0 0 0 0 0 0 0 0 0 0 2 0 0 0 0 
 0.4 0.4 0 0 0 0 0 0 0.2 0 0 0 0 0.6000000000000001 0 0 0 0 0.8 0 25 29.400000000000002 74.60000000000001 0 54.400000000000006 26.200000000000003 33.800000000000004 37.4 130.8 31.400000000000002 62.800000000000004 61.2 111.80000000000001 48.6 26.400000000000002 37 36 27.8 14.600000000000001 81.4 0.6000000000000001 0.6000000000000001 0 0 0.8 0 1.2000000000000002 0 0 0 0 0 1 13.600000000000001 13 0 0 0 12.8 0 0 0 0 1.4000000000000001 0.6000000000000001 0 0 0 0 0 0 0.4 0 0.2 0 0.4 0 0.8 0 0 0 0 0 0 0 0 0 0 0 0 0 0 0 0 0 0 0 0 0 0 3.6 0.6000000000000001 0 9.200000000000001 0 0.4 8 0.2 0 0 2.8000000000000003 3 0 2.2 2.6 3.2 0.2 7.4 0 0 8.4 2.8000000000000003 0 0 0 0 1.6 2.4000000000000004 0 0 0 0.2 3 4.6000000000000005 0 5 0 0 2.6 6.6000000000000005 0 0 0 0 0.4 2 0 0.2 0 0 0 0 0.2 0 0 3 0 2.6 0 0 0 0 0 0.6000000000000001 0 0 0 0 0 0 0 0 0.4 0 0 0 2 0 0 0 0 0.2 6 2.2 8.4 7.4 2.6 5.6000000000000005 2.4000000000000004 2 0 1.4000000000000001 0.4 2 0 8.8 0.4 0 0 0 0 0 0 0 0 0 1.2000000000000002 4.4 2.6 0 0 2.6 5.4 0.2 4.2 0 0 3 4 7 0 0 0 0 0 0 0 0 1.6 0 0 0 0 0 0 0 0 0 0 0 0 0 2.4000000000000004 0 0 0 0 0 0 0 0 0 0 0 1 0.4 2.2 0.4 0 0 1 0.4 0 0 0 0 0 0 0 0 0 0 0 0 0 0 0 0 0 0 0 4 0 0 0 0 6 2.6 0 0 
 0 0.2 0 0 0 0.2 0 0 0 0 0 0 0 0 0 0 0 0 0 0 11 9 11.200000000000001 54.400000000000006 0 54 11.8 57.800000000000004 14.600000000000001 27.400000000000002 28.8 17.6 61 17 13.4 27.6 52.6 22.400000000000002 8.200000000000001 19 0.6000000000000001 0.6000000000000001 0 0 0.6000000000000001 42.2 13.200000000000001 17.400000000000002 0 0.2 0 0.2 1 0 6 0 12.4 0 0 19.6 0 0 0 0 0.6000000000000001 0 0 0 0 0 0 0.2 0 0.4 0 0.4 0 0 0 0 0 0.4 0 0 0 0 0 0 0 0 0 0 0 0 0.4 0 0.2 0 0 0 0 0 0 3.4000000000000004 2 3.6 1.6 0 0 3.6 0 0 0.2 0.4 0 0 1.8 0.2 0 0 2 4 4.800000000000001 0 0 0 2.6 0.2 2.8000000000000003 0 2.4000000000000004 4.2 6.6000000000000005 3 0 2 6.4 2 0 3.2 0 0 0 0 1 0 0 0.4 0 0 0 0 0 0 0 0 0 0 0.6000000000000001 0 0 0 0 0 0 0.4 0 0 0 0 0.2 0 0 0.2 0 0 0 0.6000000000000001 0 0 0 0 0.8 1.2000000000000002 2.6 2.4000000000000004 0 0 0 0 4.800000000000001 3.6 0.2 0 0 0 3.6 0 0.2 0 2.2 7.800000000000001 1.2000000000000002 0.4 0.4 0 5.4 4.6000000000000005 0 4 0 0 7.2 0 1 0 0.6000000000000001 3.8000000000000003 2.8000000000000003 13 0 0 0 0 0.2 0 0 0 0 0.2 0 0 0 0 0 0 0 0 0 0 0 0 0.8 0 0 0 0 0 0 0 0 0 0 0 3.8000000000000003 0 1 0.2 0 0 1.8 0 0 0 0 0 0 0 0 0 0 0 0 0 0 0 0 0.4 0 2.4000000000000004 0 0 0 0 2.2 0.2 0 0 0 0 
 0.4 0.4 0.4 1 0.4 0.4 0.4 0.8 0.4 0.4 0.4 0.4 0.4 15.4 0.4 0.4 0.4 0.4 0.6000000000000001 0.6000000000000001 5.4 9 6.6000000000000005 26.200000000000003 54 0 8.4 7.800000000000001 6.6000000000000005 11 26.200000000000003 12.8 4 6.2 7.800000000000001 33 15.200000000000001 10 8 11.8 5.800000000000001 0.6000000000000001 10.600000000000001 0 1.6 0 37.6 12.4 12.4 0 0 0 1.4000000000000001 0.2 0 12.600000000000001 12.4 12.4 12.600000000000001 6 0.4 0 0 0 0.6000000000000001 0 0 0 0 0 0 0.4 0 0.2 0 0.4 0 0 0 0 4.2 0 0 0 0 0 0 0 0 0 0 0 0 0 0 0 0 0 0 0 0 0.2 0 4.800000000000001 2 4.2 0.4 0 0 2 0 7.4 0 0 0.4 0 0.2 1.8 0 0 2.6 0.2 7.6000000000000005 0 0 0 4 2.6 3 0 3.8000000000000003 0 9.600000000000001 5.800000000000001 0 2.4000000000000004 1.8 0 2 3.8000000000000003 0 0 0 0 0.8 0 0 1.2000000000000002 0 0 0 0 0.2 0 0 0 0 0.2 0.2 0 0.2 0.4 0 0 0 2.2 0 0 0 3.2 0 0 0 1 0 0 0 0 0 0 0 0 0 2 6 0.2 0 0 0 0 0 0 0 0 0 0 0 0 0 0 4.4 11 2 0 0 0 2.2 5.2 0.2 0 0 0.2 3.4000000000000004 2.8000000000000003 2 6 2.2 8.4 0.2 6 0 0 0 0 0 0 0 0 0.4 2.8000000000000003 0 0 0 0 0 0 0 0.4 0 0 0 0 1.4000000000000001 0 0 0 0 0 0 0 0 0 0 0 0.6000000000000001 0 1 0 0.6000000000000001 0.2 0.4 0.2 0 0 0 0 0 0 0 0 0 0 0 0 0 0 0 0 0 0 0 0.2 0 0 1.8 0 0 0.2 0 0 
 0 0 16.2 16.2 3.8000000000000003 14.8 0 40.6 0 0.2 14.600000000000001 0 0.2 0 0 41 0 4.6000000000000005 0.6000000000000001 0 29.400000000000002 28 33.800000000000004 33.800000000000004 11.8 8.4 0 88.60000000000001 51 79 7.6000000000000005 10.600000000000001 80.80000000000001 23.8 38.2 19.400000000000002 22.400000000000002 9.600000000000001 27.6 41.2 0.6000000000000001 0.6000000000000001 0 0 0 0.4 0 1 0 0.2 0 0 0 0 0 0 0 0 0.6000000000000001 0 0 0 0 0 0.4 0 0 0 0 0 0 0 0 0.6000000000000001 0 1.8 0 0 0 0 0 0 0 0 3.2 0 0 0 0 0 0 2 0 0 0 0 0 0 0 0 2.6 0 1 1.6 0.2 0 4.6000000000000005 2.2 7.4 1.8 4 0 2.4000000000000004 1.4000000000000001 6 3.6 5 2.8000000000000003 9.8 0 0 0 0 0 0 0 0 0 0 0 0 0 0 0 0 0 0 0 0 0 0 0 0 0 0 0 9.8 0 0 0 0 0 0 0 0 1.2000000000000002 0 0 0 0 0 0 0 0.6000000000000001 3.2 3 0 0 0 0 0 0 0 0 0 0 1 1.4000000000000001 0 0 0 0 2.4000000000000004 0 0 2.2 6.800000000000001 8.4 0.8 1.8 2.4000000000000004 1.6 2 10.600000000000001 7.4 9.4 8.200000000000001 3.4000000000000004 3.6 0.2 0 0 0 0 0 0 0 0 0 0 0 0 0 0 0 0 0 0 0 0 0 0 0 0 0 0.4 0 0 0 0 0 0 0 0 0 0 0 0 0 0 0 0 0 0 0 0 0 0 0 0 0 0 0 0 15.600000000000001 0 0 0 0 0.4 0.2 0.4 0 0 0 0 0 0 0 0 0 0 0 0 0 2.6 0.2 0 0 0 0 0 0 0 0 0 0 0 0 0 
 0 0.2 0 0 15.200000000000001 5.6000000000000005 0.2 0 0 0.4 0.2 7.4 0 0 0 5 0 0 0 0 13.4 21.8 112.60000000000001 37.4 57.800000000000004 7.800000000000001 88.60000000000001 0 46 45.400000000000006 34.4 15.8 44.400000000000006 29 26.6 27.400000000000002 76.2 72.8 28.8 21 0.6000000000000001 2.4000000000000004 0 0 0 0 0.4 0 0 0 0 0.8 12.8 0.2 0 0 0.4 0.4 0.4 0 0 0 0 0.6000000000000001 0.6000000000000001 0.2 0 0 0 0 0 0.4 0 0.2 0 1 0 0.8 0 0 0 0 0 0 2.2 1.6 0 0 0 0 2.6 2.6 0 0 0 0 0 0 0 0 3.4000000000000004 0.2 0 2.8000000000000003 0.4 0 2.6 7.4 4 0.2 0.2 0 5.6000000000000005 1.6 4.4 5.4 0.2 1.4000000000000001 2 0 13.600000000000001 0 0 1.8 0 0 0 0 0 0 0 0 3.4000000000000004 0.2 0 0 0 0 1.8 6.6000000000000005 0.2 0 0 0 0 0 3.4000000000000004 1.8 0 3.4000000000000004 0 0.2 0 0 0 0.4 0 0 0 0 0.4 0 0 1.2000000000000002 4 2 0.4 0 0 0 0 0 0 0 0 0 0.8 0 0 1.8 3.6 0 0 3.4000000000000004 0 4.4 5.6000000000000005 2.2 6.2 1.4000000000000001 2.8000000000000003 6 2.2 5 5.6000000000000005 5 4.800000000000001 0.2 0 2.2 0 2.6 0 0 0 0 0.8 0 0 0 0 0.2 0 0 0 0 0 0 0.2 0.4 0 0 0 0 0 0 0 0 0 0 0 0 0 0 0 0 0 0 0 0 0 0 0 0 0 0 0 0 0 0 0 0 0 0 2.6 0 0.4 0.2 0 0 0 0.4 16.8 0.4 0 0 0 0 0 0 0 0 0 0 0 0 0 0 0 0 0 0 0 0 0 1.4000000000000001 5 0 0 7.800000000000001 
 1.8 0.6000000000000001 0.8 0.4 0.4 31.400000000000002 0.6000000000000001 0.4 0.6000000000000001 0.4 0.6000000000000001 0.4 0.6000000000000001 0.6000000000000001 0.4 0.6000000000000001 0.6000000000000001 0.6000000000000001 0.6000000000000001 0.4 5.2 33.6 53.6 130.8 14.600000000000001 6.6000000000000005 51 46 0 49.2 10.200000000000001 21.200000000000003 118 85.60000000000001 21.400000000000002 56.6 27.8 42.2 72.60000000000001 44 0.6000000000000001 0.6000000000000001 0 0 0 0 0 0 0 0.2 0 0.2 0 1.2000000000000002 0 0 13.600000000000001 0 0 0 0 0 0 0.4 0.6000000000000001 0 0 0 0 0 0 0.4 0 0.6000000000000001 0 0.4 0 2.8000000000000003 0 0 0 0 0 0 0 0 0 0.2 0 4 0 0 0 0 0 0 0 0 0 0 16.8 4.6000000000000005 14.200000000000001 0 3.4000000000000004 4.800000000000001 6 2.2 2.8000000000000003 4.2 0 0.4 8.200000000000001 2.4000000000000004 2.6 4.4 3 3.2 0 5.800000000000001 0 0 0 0 0 0 0 0 0 0 0.4 0 0 2.8000000000000003 0 0 0 0 7.2 2.6 0.8 0 0 0 0 0 0 0 0 0 0 0 0 0 0 1.4000000000000001 0 0 0 0.4 0 0 0 1.4000000000000001 0 0 0 0 0 0 0 0 0 0 0 0 1.2000000000000002 0 0 0 0 2.2 0.2 1.8 3.6 10.600000000000001 1.4000000000000001 4.6000000000000005 4.4 4.800000000000001 4 3.4000000000000004 1.6 1.8 2.2 2 2 2.6 2.6 1.2000000000000002 0 0 0 0 0 0 2.4000000000000004 0 0 0 0 0.2 0 0 0 0 0 0 0 0 0 3.2 0.4 0 0 0 0 0 0 0 0 0 0 0 0 0 0.4 0 0 0 0 0 0 0 0 0 0 0 0.2 0 0 0 0 0 0.4 0.8 0 0.4 0 0 0.4 0.2 0 0 0 0 0 0 0 0 0 0.4 0 0 0 0 0 0 0 0 0 0 0 0 0 0 0.2 0 0 0 
 0 0 0.4 0.2 14.8 8.8 0 0.4 0 14.8 0 0 0 0 0 0 0.4 0 0 14.600000000000001 21.8 27 25.8 31.400000000000002 27.400000000000002 11 79 45.400000000000006 49.2 0 44.6 12 103.2 54.400000000000006 47.800000000000004 34.800000000000004 59 23.8 16.400000000000002 72.4 0.6000000000000001 0.6000000000000001 0 0 0 0 0 0 0 0 0 0 0 0 0 0 0 0 0 0 0 0 0 0 0.6000000000000001 0 0.8 0 0 0 0 0.2 0 0.4 0 0.4 0 0 0 0 0 0 0.2 0 3.8000000000000003 0 0 0 0 0 0 0 0 0 0 0 0 0 0 0 3 0 1.8 0 3.2 0.6000000000000001 5.800000000000001 3.2 5.6000000000000005 10.200000000000001 1.4000000000000001 0 0 2 2 2.6 6 0.8 2.8000000000000003 0 3.8000000000000003 0 0 0 0 0 0 0 0 1.2000000000000002 0 0.2 0.4 0 0 0 0 0 0 0 1 0 0 0 0 0 0 0 0 0 0 0 0 0 0 3 0 0 0 0 0 0 0 1.6 0.2 0 0 0 0 2 0 0.2 0 0 3.8000000000000003 0 1 0 0 0 0 4.4 5 3.2 4.2 7.2 0.2 6.4 2.4000000000000004 1.6 3 4.4 0 2 1.8 1.8 1.8 1.4000000000000001 1.6 2 0 0 0 0 0 0 0 0 0 0 0 0 0 0 0 0 0 0.2 0 0 0 0 0 0 0 0 0 0 0 0 0 0 0 0 0 0 0.2 0 0 0 0 0 0 0 0 0 0 0 0 0 0 0 0 0 3 0 0.2 15 0.2 0.6000000000000001 0 0.6000000000000001 0 0 0 0 1.4000000000000001 0 0 0 0 0 0 0 0 0.2 0 0 0 0 0 0 0 0 0 0 0 0 0 0 
 0.4 0.4 0 0.2 0 0 0 0 0 0.2 0 0.2 0.4 0 0 0 0.6000000000000001 0 0 0 31.200000000000003 60 11.200000000000001 62.800000000000004 28.8 26.200000000000003 7.6000000000000005 34.4 10.200000000000001 44.6 0 43.800000000000004 48.800000000000004 54.800000000000004 52.6 44.400000000000006 23 73.4 51 12 0.6000000000000001 0.6000000000000001 0 0 0 1 0 0 0.8 0 0 0 12.4 12.8 0 0 0 0 15 12.4 0 0 0 0.4 0.6000000000000001 0 0 0 0 0 0 0.2 0 10.600000000000001 0 0.4 0 0 0 0 0 0 0 0 0 2.6 0 0 0 0 0 0 0 0 0 0 0 0 0 0 0 0 4 14.200000000000001 0 2.4000000000000004 0 3.4000000000000004 0 2 1.4000000000000001 8.6 0 2.8000000000000003 0 0 3.4000000000000004 5.800000000000001 0 0 3.8000000000000003 3 1.2000000000000002 0 0 0 0.6000000000000001 6.6000000000000005 0 0 0 0 5.800000000000001 2 0 0 0.2 0 2.8000000000000003 2.2 0 0 0 0 0 1.4000000000000001 0 0 0 0.4 0 0 0 0 0.2 0 0 0 0 0 1.6 0 0 0 0 0.2 0 0 0 3 0 0.8 0 0 0 0 0 0 0 0 0 6.2 3.6 6 12 1.8 0 3.4000000000000004 0 0 1.4000000000000001 0.2 0 0 0.2 1.8 2 0 0 0 0 1.8 0 2.6 11 0 0 5.6000000000000005 0 0 0 0 6.2 2.6 0.2 0.2 3 0 3.4000000000000004 5 0 0 0 0 0 0 0 0 0 0.2 0 0 0 0 0 0.2 0 0 0 0 0 0.2 0 0 0 0 0 0 0 0 0 0 0 0 4 0 0 0.6000000000000001 30.200000000000003 0 0 0 0 0 0 0 0 0 0 0 0 0 0 0 0 0 0 0 0 0 0 4.6000000000000005 0 0 0 4.6000000000000005 0 0 0 0 
 1.2000000000000002 1.4000000000000001 0.6000000000000001 0.6000000000000001 0.6000000000000001 0.6000000000000001 0.6000000000000001 0.6000000000000001 1 0.6000000000000001 0.6000000000000001 0.6000000000000001 1.2000000000000002 0.6000000000000001 0.6000000000000001 0.6000000000000001 1 0.6000000000000001 0.6000000000000001 0.6000000000000001 71 5.800000000000001 40.400000000000006 61.2 17.6 12.8 10.600000000000001 15.8 21.200000000000003 12 43.800000000000004 0 7 33.2 21.200000000000003 36 42 35.800000000000004 46.2 6.2 0.6000000000000001 0.6000000000000001 0.8 0.4 14.4 0 13 0 0 0 0 0 1 6 4.4 0 0.4 0 0 0 0 0.4 0 0.4 0.6000000000000001 0 0 0.2 0.2 0 0 0.4 0 0.6000000000000001 0.4 0.4 0 0.4 0 0 0 0 0 0 0 0 0 0 0 0 0 0 0 0 0 0 0.2 0 0 0 1.6 1.6 4.6000000000000005 5.800000000000001 2.2 7.2 0 4.6000000000000005 0.2 6.4 2.6 2.4000000000000004 0 1.6 0 2.6 4.800000000000001 0 0 0 2.8000000000000003 0 0 0 0 0 4.4 2.4000000000000004 0 0 0 3 0 2.8000000000000003 0 1.6 4.800000000000001 0 1.6 4.4 0 0 0 0 0 1.2000000000000002 0 0 0 0 0 0 0 0 0 3.2 0 0 0 0 3.4000000000000004 0 0 0 0 0.6000000000000001 0 0 0 0 0 2 0 5.4 0 0 0 3 0 0 0 0 0 1.6 1.6 6 0 3 2 2.6 2 2.4000000000000004 0 2.4000000000000004 0 5.800000000000001 1.4000000000000001 4 0 0.6000000000000001 0 0 0 0.4 0 0 2.4000000000000004 2.6 0 0 0 0 6.2 0 4.6000000000000005 0 2.2 7.6000000000000005 8 6.4 0 0 0 0 2.6 0 0 0 0 0 0 0 0 0 0 0 0 0 0 0 0 0 0.4 0 0 0 0 0 0 0 0 0 0 0 2.6 0 0.4 8.8 10.200000000000001 0 0.2 2.4000000000000004 0 0 0 0 0 0 0 0 0 0 0 0 0 0 0 4.4 0 0 0 0 0 0 0 0 3.4000000000000004 0 0 0 
