 0 35 103.4 45.800000000000004 10.8 48 57 86.60000000000001 67.2 84.60000000000001 6.4 23.200000000000003 19.200000000000003 85 20.200000000000003 26.200000000000003 12.8 4.800000000000001 45.2 32.6 0.6000000000000001 0.6000000000000001 0 0 0.4 0 0 9.8 0.4 0 0.4 0.4 0 0 0 0.6000000000000001 0 0.4 0.8 0 0 0.4 0 0 12.8 0.6000000000000001 0 0 0 0 0 1.2000000000000002 0 0 0.4 6.2 0.4 0 0.6000000000000001 0 0.6000000000000001 0 0 0 0 0 0 0 0.6000000000000001 0 0 0.6000000000000001 0 0 0 0 0 0 3.2 0 5.2 3.8000000000000003 5 8.8 8 0 2.4000000000000004 2.6 6 5.800000000000001 6.2 0 0.2 0 4 2.6 2 5 0 2 0 0 0.2 0 0 0 3.4000000000000004 0 0 0 0 0 0.2 0 0.4 0 0 0 2.4000000000000004 2.8000000000000003 0 0.2 0 0 0 0 0 0 0 0 0 0 0 0 0 0 0 0 0 0 0 0 0 0 0 0 0 0 0 2.6 2.6 0 0 0 0 0 0 0.2 0 0 3.8000000000000003 7 5 6 7.800000000000001 2.2 3 3.6 1.2000000000000002 0.8 2.2 0 2.4000000000000004 5.800000000000001 5.4 2.6 5.800000000000001 0 7.2 3.2 0 0 0 0 0 0 0 0 0 0 0 0 5.800000000000001 0 0.2 0 0 0 0 6.2 0 0 0 0 2.2 0 0 0 0 0 0 0 0 0 0 0 0 0 0 0 0 0 0 0 0 1.4000000000000001 0 0 0 0 0 0 0 0 0 0 0 0 0 0 0 1.2000000000000002 0 0 0 0.4 36.6 0 0 26.200000000000003 4.800000000000001 1.4000000000000001 0 0 0 0 0 0 0 0 0 0 5.2 0 0 0 0 0 0 0 0 0 0 0 0 6.2 2.8000000000000003 0 0 0 0 0 0 0 0 0 0 0 0 2.6 
 35 0 35.800000000000004 44 6 5.800000000000001 35 22.200000000000003 87 37.800000000000004 8.8 48.2 9.8 18.400000000000002 45.800000000000004 43.800000000000004 11 25.200000000000003 30.400000000000002 25.6 0.8 1.2000000000000002 0 0 0.2 0 0 0.6000000000000001 0 0.8 15.4 0.2 0 0.4 0 0.6000000000000001 0 41.2 1 5.2 0 0.4 0 0.4 0.4 1.4000000000000001 0.2 0.4 0.4 0.4 0.2 0.6000000000000001 0.8 0 0.4 0.4 0.4 0.4 1 0.2 0.6000000000000001 0.4 0 0.2 0 0 0 0 0.6000000000000001 0 0 0.6000000000000001 0.4 0 0 6 0 1 0.6000000000000001 1.8 0 0.4 5.4 5.6000000000000005 7 3.4000000000000004 0 4.6000000000000005 5 0 2.6 2.6 2.6 0.2 6 2.6 2.6 4.2 0 4 0.2 4.800000000000001 0 0 0 0 0 0 0 0 0 0 0 0 0 0 0 0 2.8000000000000003 4.6000000000000005 0 0 0 0 0 0 0 0 0 0.4 0 0 0 0 0 0 0 0 0 0 0 0 0.6000000000000001 0 0 0 0 0 0 0 0 0 0 0.4 0 0 0 0 0 0 2.4000000000000004 2 0.2 0 3.6 0.2 0 3.4000000000000004 4.6000000000000005 2.6 3 0 0 5 2.4000000000000004 6.6000000000000005 0 5.2 1.8 3.2 0 0 0.4 0 0 0 0 0 0 0 0 0 5.800000000000001 3 0 0 0 0 2 0.6000000000000001 0 0 0 0 0 0 0 0 0 0 0 1.4000000000000001 4.2 0 0 0 0 0 0 0 0 0 0 0 0 0 0 0 0 0 0 0 1 0 0 0 0 0 0 0 0 0 0 0 0 0.2 18.2 0 9 0.4 0 2.6 13.4 0 0 0 0 0 0 0 0 0.4 0 0 0 0 0 0 0 0 0 0.4 0 0 0 7.6000000000000005 0 0 0 0 0 0 0 0 0 0 0 0 0 0 
 103.4 35.800000000000004 0 69 31.6 25.8 94.60000000000001 59 41.400000000000006 45.800000000000004 24 10 56.6 31.6 51.2 25 44 6.4 27 48.400000000000006 0.8 0.6000000000000001 0 41.400000000000006 0.4 0 0 0 0.2 0 0.4 0 0 0 0.2 0.6000000000000001 0 0.4 15.4 17.8 0 0.4 0 0 11.8 0.6000000000000001 0 0 0 0 0 0 0.6000000000000001 0 0 0 0.4 0 0.6000000000000001 0 0.4 0 0 0 0 0 1.6 0 0.6000000000000001 0 1.4000000000000001 0.6000000000000001 0 0 0 0 0 0 1.4000000000000001 0 1.4000000000000001 6.4 7.6000000000000005 9.4 8 0 0.2 4 8 2 5.800000000000001 1.4000000000000001 0 1.2000000000000002 3 3 3.6 10.4 0 0 0 0 0 0 0 0 2.8000000000000003 0 0 0 0 0 0 0 0 0 0 0 7.6000000000000005 7.800000000000001 0 2.4000000000000004 0.4 0.4 0 0 0 0 0 0 0 0 0 0 0 0 0 0 0 0 0 0 0 0 3.2 0 0 0 0 0 0 0 0 0 0 0 0 0.4 0 0 0.4 7 0.2 0.4 5.2 0.4 2.4000000000000004 0.2 7.2 1 0 0 2.8000000000000003 0 1.8 1.2000000000000002 0.8 4.4 0.6000000000000001 2.8000000000000003 0.2 0 0 0 0 0 2.8000000000000003 0 0 0 0 0 4 0 0.2 0.4 0 0 3 6.6000000000000005 0 0.4 0 0 0 0 0 0 0 0 0 0 0.4 0 0 0 0 0 0 0 0 0 0 0 0 0 0 0 0 0.4 0 6.800000000000001 3.8000000000000003 0.4 0 0 0 0 0 0.4 0 2.4000000000000004 0 0 0 0 17.8 0.4 0.2 13.8 0 4 0 0 0 0 0 0 0 0 0 0 0 0 0 0 0 0 0 0 0 0 0 0 0 0 2.8000000000000003 0 0 0 0 0 0 0 0 0 0 0 0 0 
 45.800000000000004 44 69 0 108.2 26.400000000000002 24 105.60000000000001 40.6 38 41.400000000000006 17.6 95.4 32.2 30 16.6 84.4 52 28 25.400000000000002 0.6000000000000001 0.6000000000000001 0.4 0 0 0 14.600000000000001 0 0 0 0.4 0 1 0 12.8 0.6000000000000001 0 0.4 9 29.6 0 0.4 0 0 12.200000000000001 0.6000000000000001 1 0 0 0 0 1 0 0 0 0 0.4 0 0.6000000000000001 0 0.4 0 0 9 0 0 0 0 1 0 0 0.6000000000000001 0 0 0 0 0 0 1.4000000000000001 1.2000000000000002 0 0 7.4 7.800000000000001 1.8 4.4 0 3 2.8000000000000003 3 5 4.2 0 0 2.8000000000000003 0 2 4.800000000000001 0 2.6 10.600000000000001 0 0 0 0 0 6.2 0 0 0 0 0 6 0 0 0 0 0 3.2 3.8000000000000003 0 0 0 0 0 0.8 0 0 0 0 0 0 0 0 0 0 0 0 0 0 0 0 3.6 0 0 0 0 0 0 0 0 0 0 0 0 0 0 0 0 0 0 2.6 0 0 1.6 2.8000000000000003 2 0 1.4000000000000001 0.2 0 0 0 0 2.8000000000000003 1.6 0 2 0 0 0 3.6 0 0 0 0 4.800000000000001 8 0 0 0 0 8 0 8.200000000000001 0 0 0 3.6 6 0 0 0 0 1.2000000000000002 0 0 0 0 0 0 0 0 0 0 0 0 0 0 0 0 0 0 0 0 0 0 0 0 0 0 0 0 0 0 0 0 0 0 0 0 3 0 0 0 0 1.6 0 0 23 0.4 1.2000000000000002 0 0 0 0 0 0 0 0 0 0 0 0 0 0 0 0 0 0 0 0 0 0 0 2.8000000000000003 0 0 0 0 0 0 0 0 0 0 0 0 0 0 
 10.8 6 31.6 108.2 0 19.400000000000002 10.200000000000001 80.80000000000001 37.800000000000004 42 65.60000000000001 27.6 13 17.400000000000002 16.2 12.8 19.6 8 62.400000000000006 58.2 16.400000000000002 15.8 19 0 0 0 4.6000000000000005 0 0 16 0.6000000000000001 0.8 15 0.2 15 0.6000000000000001 33 1.4000000000000001 15.200000000000001 0.6000000000000001 0.4 0.4 0 0 0 0.6000000000000001 0 0 0 0.4 0.4 0 0 0 0 0 0.4 0 0.6000000000000001 0 0.4 7.2 0 0 0 0 0 0.6000000000000001 0.6000000000000001 0 0 0.6000000000000001 0 0 0 0 0 0 4.800000000000001 0 0 0 2.8000000000000003 4 0 7.800000000000001 2 0 1 6.2 0 6.800000000000001 0 0 0 0 0 3 0 0 1.2000000000000002 0 0 2.8000000000000003 0 0 16.2 0.4 0.2 0 0 0 5.800000000000001 4.6000000000000005 0 3.2 0 2.8000000000000003 1.4000000000000001 0 0 0 0 0 0.2 0 0 0 0 0 0 0 0 0 0 0 0.4 0 0 0 0 0 0 0 0.2 0 0 0.4 3.8000000000000003 0 0 0 0 0 0 0 0 0 0 0 0 2.2 2.8000000000000003 2.8000000000000003 0 2.2 0 2.8000000000000003 0 0 0 0 0 0 0 0 2.4000000000000004 0 0 0 2.8000000000000003 2.4000000000000004 0 0 0 0 6.2 11.600000000000001 2.4000000000000004 0 2 0 0.8 4.800000000000001 2.2 0 7.4 0 0 5.4 0 0 2.2 0 0 0 0 0 0 0 0 0 0 0 0 0 0 0 0 0 0 0 0 0 0 0.2 0 0 0 0 0 0 0 0 0 0 0 0 0 0 0 0 0 0 0.2 0.6000000000000001 0.4 0 0 18.2 0.2 1.2000000000000002 0.4 0 0 0 0 0 0 0 0 0 0 0 0 0 0 0 0 0.4 0 0 0 0.4 0 0 0 0 0 0 0 5.6000000000000005 0 0 0 0 0 0 0 0 
 48 5.800000000000001 25.8 26.400000000000002 19.400000000000002 0 15.200000000000001 13.200000000000001 15 15.4 124.2 26.8 6.800000000000001 5.6000000000000005 55.2 31.200000000000003 10.600000000000001 45 55 12.4 40.800000000000004 0.6000000000000001 0 0 0 0 44 0.2 0.2 0 0.8 0 29.400000000000002 0 29.200000000000003 0.6000000000000001 0 0.4 4.800000000000001 27.6 0 0.4 0 6.2 0.2 0.6000000000000001 0 0 0 0 0 0 0 0 0 0 0.4 0 0.6000000000000001 0 0.4 0 6.2 0 0 0.4 0 0 0.6000000000000001 0 0 0.4 0 0 0 0 0 0 0.6000000000000001 0 0 0 5.4 3.6 6.2 5.2 0 2 2 2.4000000000000004 2.8000000000000003 0.6000000000000001 0 0 0 2.6 2.2 5.2 0 0.4 4.800000000000001 0 0 0.2 0 0 0 4.2 0.2 2.2 0 0 2 3 2.2 3.4000000000000004 0 0 14 1.8 0 0 0 0 0 0 0 0 0 0 0 0 0 0 0 0 0 0 0 0 0.4 0 0 0 0 0 0 0 0 0 0 0 0 0 0 0 0 0 0.4 0 0 2 0 2 6.2 3 0 0 9.200000000000001 3 2 2.6 0 0 0 0.4 5.800000000000001 1.8 0 0 7.2 3 0 0 0 0 0.2 0 0 2 2.4000000000000004 0.2 5.6000000000000005 2 0 1.8 1.4000000000000001 1.4000000000000001 3.4000000000000004 2.6 0 0 0 0 0 0 0 0 0 0 0 0 0 0 0 0 0 0 3 0 0 1.6 0 0 0 0 0 0 0 0.4 0 0 0 0 0 0 0 0 0 0.4 0 0 0 0 0 1 1.6 0 0.2 0.4 0.2 2.8000000000000003 0 0 0 0 0 0 0 0 0.2 0 0 0 0 0 0 0 0 0 0 0 0 0 0 0 0 0 0 0 0 0 0 0 0 0 0 0 0 0 
 57 35 94.60000000000001 24 10.200000000000001 15.200000000000001 0 16.8 45.2 26.8 12.4 6.800000000000001 37.6 48.2 25.6 23 24.400000000000002 21.6 39.800000000000004 48.400000000000006 0.6000000000000001 0.6000000000000001 0 0 0.4 0 0 0 0 0 0.6000000000000001 0 0 0 0.4 0.6000000000000001 0 0.6000000000000001 0 0.2 0 0.4 0 0 0 0.6000000000000001 0 0 0.4 0 0 0.2 0 0 0 0 0.6000000000000001 0.4 0.6000000000000001 0 0.4 0 0 0 0 0 0 0.2 0.6000000000000001 0 0 0.4 0 0 0 0 0 0 0.4 0 1 5.4 0 7.2 0 0 0.8 2.2 0.6000000000000001 0 3.2 0 5.800000000000001 0 5 4.6000000000000005 4.6000000000000005 3.8000000000000003 1 2.8000000000000003 0 0 0.2 0.2 0 0 0 0 0 0 0 0 0.4 0 0 0 0 0 0 0 0 0 0 0 0 0 0 0 0 0 0 0 0 0 0 0 0 0 0 0 0 0.4 0 0 0 0 0.2 0 0 0 0 0 0 0 0 0 0.4 0 0 0 0 0 0 0.4 0 0 2.2 0 2.8000000000000003 0 3.2 0 6 0 4.6000000000000005 1 0 2 7.2 2.2 0 0 0 0 0 0 0 0 0 0.2 0 0 0 0 0 0 0 0 0 3.4000000000000004 2 0 0 0 0.4 0 0 0 0 0 0 0 0 3.2 0 5.800000000000001 0 0 0 0 0 0 0 4.2 0 0 0 1.6 4.6000000000000005 0 0 0 0 0 0 0 0 0.2 0 0 0 0 0 0 0 0 9.200000000000001 0 0 18.400000000000002 0 1.2000000000000002 0 0 0 0 0 0 0 0 0 0 0 0 0 0 0 0 0 0.2 0 0 0 0 0 3 3.4000000000000004 0 0 0 0 0 0 0 0 0 0 0 0 0 
 86.60000000000001 22.200000000000003 59 105.60000000000001 80.80000000000001 13.200000000000001 16.8 0 112 87.4 23.8 6.6000000000000005 61 72.8 18.2 47.2 87 6.4 56.400000000000006 71.8 0.6000000000000001 1 0.4 0 0.4 0.4 0 0 0 0 0.8 0 0 0 0 1 0 0.4 27 3.6 0 0.4 0 0 12.8 0.6000000000000001 0 0 0 10.4 0 0 0 0 0.4 0 0.4 0 0.6000000000000001 0 0.4 0 0 0 0 0.4 0 0 0.6000000000000001 0 0 0.6000000000000001 0 0 0 0 0 0 1.8 0 2.6 1.8 6.6000000000000005 7.6000000000000005 4.2 2.4000000000000004 0 10.8 4.800000000000001 1 3.8000000000000003 5.2 4 5.4 0.4 0.2 2 3.6 0 0.2 2 0 0 0 0 0 2 0 0 0 0 0 3 0 0 0.4 0 0 2.4000000000000004 0 0 0 0 0 0 0 0 0 0 0.2 0 0 0 2 0 0 0 0 0 0 0 0 0 0 0 0 0 0 0 0 0 0 0 0 0 0 0 0 0 0 0.8 5.6000000000000005 0 3.2 3.8000000000000003 3.4000000000000004 2.8000000000000003 2 1.2000000000000002 0.8 0 0 0 10.8 0 0 0 3.4000000000000004 1 3.6 0.2 0.2 0 0 0 0 7 0 0 0 0 0 7.6000000000000005 0.8 3 0 0 0 0 7.2 0.4 0 0 0 0 0 0 0.2 0 0 0 0 0 0 0 0 0 0 0 0 0 0 0 0 0 0 0 0 0 0 0 0.4 0 0 0 0 0 0 0.2 0 0 2 0 0 0 0.2 19.8 0 0.4 3.2 0.4 2.4000000000000004 0 0.2 0 0.2 0 0 0 0 0.4 0 4.2 0 0 0 0 0 0 0 0 0.2 0 0 0 0.4 0 0 0 0 0 0 0 0 0 0 0 0 0 0 
 67.2 87 41.400000000000006 40.6 37.800000000000004 15 45.2 112 0 96.4 30.8 10.200000000000001 41.400000000000006 15 60.6 29.200000000000003 103.60000000000001 90.4 33 28.200000000000003 0.6000000000000001 0.6000000000000001 0 0 0.8 0 16.400000000000002 0 15.200000000000001 0 0.4 0 0 0 0.6000000000000001 1 0 0.4 14 0.4 0 0.4 0 0.4 0 0.6000000000000001 0.6000000000000001 16 0 0 0 0 0 0 4.800000000000001 0 0.4 0 0.6000000000000001 0 0.6000000000000001 0 0 0 0 0 5.800000000000001 0 1.8 0 0 0.6000000000000001 0 0 0 0 0 0 4.6000000000000005 0 0 0 5.800000000000001 2.2 0 9.600000000000001 0 0.2 0 2 4.2 4.4 2.6 1.2000000000000002 7.4 8 0 0.2 0 6 8 0 0 0.4 0 0 0 0 0 0.8 0 0 2.8000000000000003 0 0 0 0 2.2 3 0 0 0 0 0 0 0 0 0 0 0 0.4 0 0 0 0 0 0 0 0 0 0 0 0 0 0 0 0 0 0 0 0 0 0 3.8000000000000003 0 0 0 0 0.2 0 5.4 0 0 0 0 0 2 0 11.4 2.8000000000000003 6 0 0 0.2 7 5.800000000000001 0 5 1.4000000000000001 2 0 2.2 0 0 0 0 1.6 0 0 0 0 0.2 8 0 2.8000000000000003 0.2 0 0 0 0.2 0 0 0 0 0 0 0 0 0 0 0 0 0 0 0 0 0 0 0 0 0 0 0 0 0 0 0 0 0 0.2 0 0 0 0 0 0 0 0 0 0 0 0 0 0 0 0 4.800000000000001 0 0.6000000000000001 0.2 0 6 2.8000000000000003 0 0 0 0 0 0 0 0 0 0.4 0 0 0 0 0 0 0 0 0 0 0 0 5.6000000000000005 0 0 0 0 0 0 0 0 0 0 0 0 0 0 
 84.60000000000001 37.800000000000004 45.800000000000004 38 42 15.4 26.8 87.4 96.4 0 14.4 11.8 72.60000000000001 35.4 55.2 28.6 37.800000000000004 46.800000000000004 37.2 36.6 0.6000000000000001 0.6000000000000001 0 0 0.2 0 0 0 0 0.4 0.4 0 0.2 0 0.4 0.6000000000000001 0.2 0.6000000000000001 0.8 0 0 0.4 0 0 0 0.6000000000000001 0 1 0 0 0 0.2 0.4 0 1.2000000000000002 0 0.4 0 0.6000000000000001 0 0.4 9.200000000000001 0 0 0 0 0 0 0.6000000000000001 0 0 0.4 0 0 0 0 0 0 1.8 10 0.4 1.4000000000000001 2.6 9.200000000000001 0.2 0 1.4000000000000001 2.2 1.8 4 2 2 0.2 2 11.8 12.8 3.2 0 0 2 0 12 0 0 0 0 4.4 0 0 0 0 0 0 0 0 0 0 0 0 0.2 0 0 0 0 0 0 0 0 0.4 0 0 0 0 0 0 0 0 0 0 0 0 0 0 0 0 0 0 0 0 0 0 0 0 0 0 0 0 0.2 0 0 7 4 2.6 3.8000000000000003 0.2 0 0 2.6 0 1.8 5.4 0.2 0 6.2 3.4000000000000004 7.4 8.6 3.6 9.4 2.8000000000000003 0 0 0 0 0 0 0.2 0 0 0 0 0 0 0 0 0 0 0 0 0 0 0 0 0 0 1.8 0 0 0 0 0 0 0 0 0 0.4 0 0 0 0 0 0 0 0 0 0 0 0 0 0 0 0 0 0 0 0 0 0 0 0 0 0 0 0 0 0.8 18.6 0 0.6000000000000001 18.2 3 1.6 0 0 0 0 0.2 0 0 0 0 0 0 0 0 0 0 0 0 0 0 0 0 0 0 6.2 2 0 0 0 0 0 0 0 0 0 0 0 0 0 
 6.4 8.8 24 41.400000000000006 65.60000000000001 124.2 12.4 23.8 30.8 14.4 0 74.2 3.4000000000000004 6.2 99.2 21 82.60000000000001 28.200000000000003 54 55.400000000000006 0.6000000000000001 0.6000000000000001 0 0 0 0 18.8 0.4 0 0 0.6000000000000001 0 22 0 33 0.6000000000000001 0 0.4 31.8 26.6 0 0.4 0 0 0 0.6000000000000001 0 0 0 1.4000000000000001 2.4000000000000004 0 0 0 0 0 0.6000000000000001 0.8 0.6000000000000001 0 0.6000000000000001 0 8 0 0 0 0 0.2 0.6000000000000001 0 0 0.4 0 0 0 0 0 0 6 0 0 0 2.6 3.8000000000000003 8.6 4.800000000000001 0 0 0 9.200000000000001 4 1 0 0 0 0 0 4 0.2 0 5.6000000000000005 0 0 0.4 0 0 7.6000000000000005 1.6 0 0 0 0 4.4 3.4000000000000004 0 12.8 0 0 4.2 0 0 0 0 0 0 0 0 0 0 0 0 0 0 0 0 0 0 0 0 0 0 3.6 0 5 0 0 0.4 0.2 0 0 0 0 0 0 0 0 0 0 0 0 0 0 0 2 0 4.2 0 0 0 0 1.2000000000000002 2.8000000000000003 0 0 0 0 5.2 0 0 0 3.2 3.6 0 0 0 0 6.2 0 0 0.4 0.2 0 2.8000000000000003 8.4 0.2 12.8 0 0 1.6 3 0 0 2 0 0.2 0 0 0 0 0 0 0 0 0 0 2 0 0 0 0 0 2 0 0 0 0 0 0 0 0 0 0 0 0 0 0 0.2 0.4 0 0 0 0 0 0 0 0 0.2 0 0 17.8 0 0.4 0 0.4 0 0 0 0 0 0 0.2 0 0 0 0 0 0 0 0 0.4 0 0 0 0 0 0 0 0 0 0 0 0.2 0 0 0 3.2 0 0 0 0 
 23.200000000000003 48.2 10 17.6 27.6 26.8 6.800000000000001 6.6000000000000005 10.200000000000001 11.8 74.2 0 92.2 11 9.4 10.200000000000001 16.2 77.60000000000001 48 8 15.600000000000001 0.6000000000000001 20.400000000000002 0.4 0.6000000000000001 0.4 29.200000000000003 0 0.8 0 0.4 0 5 6.4 20.6 1 0 1.2000000000000002 18.6 10.8 0.4 1 0 0.2 0.6000000000000001 0.6000000000000001 0 0 0.6000000000000001 0.8 0.8 0 0.2 0 0 0 0.4 0.2 0.6000000000000001 0 0.6000000000000001 0 0.2 0.8 0.4 0.2 0.4 3.2 0.6000000000000001 0.2 2.8000000000000003 0.8 0 0 0 0 0.2 0 0.6000000000000001 0 0 0 0.2 0 0 0 0 0 0 4.800000000000001 0 0 0 0 0 0.2 0.2 0.2 0 0 0 0 0 0 0 0 10.4 5.2 3.2 0.2 0 0.4 5 9.4 1 13.4 0.4 0 5 2 0 0 0 0 0 0.2 0.6000000000000001 0 0 0 0 0 0 0 0 0 0 0 0 0 0 0 0 3.8000000000000003 0 0 0 0 0 0 0 0.2 0.4 0 0 0 0 0.4 1.8 0 0 0 0.2 2 0 0.6000000000000001 0 0.2 0 0.2 2.6 2.6 2.8000000000000003 0 0 0 3.8000000000000003 2.4000000000000004 0 0 10.8 3.2 0 0 0 0 0 3.6 0 0 2.8000000000000003 0 0 3.8000000000000003 3.2 11 0 0 2.8000000000000003 0 0 0 2 0 0 0 0 0 0 0 0 0 0 0 0 0 0 0 0 0 0.2 3.2 0 0 0 0 0 0 0 0 0 0 0 0 0.4 0 0 0 0 0 0 0 0 0 0 0 0 0.4 0.4 1 0.2 2 0.2 0 18.400000000000002 0 0 0 0 0 0.2 0 0 0 0 0 0 0 0 0 0 0 0 0.6000000000000001 0 0 0 0.2 0 0 0 0 0 0 0 0 0 0 0 0.2 
 19.200000000000003 9.8 56.6 95.4 13 6.800000000000001 37.6 61 41.400000000000006 72.60000000000001 3.4000000000000004 92.2 0 19.400000000000002 10.4 68.2 9 17.400000000000002 22.400000000000002 35.4 1 0.6000000000000001 0 0 0.4 0 0 14.600000000000001 0 0 1.4000000000000001 0 0 0 0 0.6000000000000001 0 0.4 0 0 0 0.4 0 0 0.4 0.6000000000000001 0 0 0 0 0 0 0 0 1 0 0.4 0.2 0.6000000000000001 0 8.6 0 0 0 0 0 0 6.6000000000000005 0.6000000000000001 0 0 0.6000000000000001 0 0 0 0 0 0 0.6000000000000001 0 0.2 0 0.2 0.4 0 0 5 0 0 2.8000000000000003 0 1 7.6000000000000005 5.4 5.4 3.4000000000000004 0 0 0 0 0 0 0 0 0 0 2 0 0 0 0 0 0 0 0 0 0 0 0 0 0 0 0 0 0 0 0 0 0 0 0 0 0 0 0 0 0 0 0 0 0 0 0 0 0 0 0 0 0 0 0 0 0 0 0 0 0 0 0 0 6.4 0.4 3.4000000000000004 5.2 0 3.2 2.8000000000000003 3.2 0 0 2.4000000000000004 2.2 3.8000000000000003 1.2000000000000002 0.8 2.8000000000000003 2.8000000000000003 1.4000000000000001 5.4 6.6000000000000005 0 0 0 0 0 0 0 0 0 0 0 0 0 0 0 0 0 0 0 0 0 0 0 0 0 0 0 0 0 0 0 0 0 0 0 0 0 0 0 0 0 0 0 0 0 0 0 0 0 0 0 0 0 0 0 0 0 0 0 0 0 0 0 0 0 0 17.6 0 0 0 0.4 1.6 4 0 0 0 0 0 0 0 0 0 4 0 0 0 0 0 0 0 0 0 0 0 0 5.2 0 0 0 0 0 0 0 0 0 0 0 0 0 0 
 85 18.400000000000002 31.6 32.2 17.400000000000002 5.6000000000000005 48.2 72.8 15 35.4 6.2 11 19.400000000000002 0 36.6 45.2 10.200000000000001 6.4 44 44.400000000000006 0.6000000000000001 0.6000000000000001 0.4 0 0.4 0 0 0 0 0 0.4 0 0 0 0.4 0.6000000000000001 0 0.4 0 0 0 0.4 0 0 4.6000000000000005 0.6000000000000001 0 0 0 0 0 0 0 0 0.4 0 0.4 0 0.6000000000000001 5.4 0.4 0 0 6.2 6.2 0 0 0 0.6000000000000001 0 0 0.6000000000000001 0.4 0 0 0 0 0 0.6000000000000001 0 5 9.200000000000001 2.2 6.4 2.8000000000000003 0 2 9.4 2.2 0 6.4 0 0.4 1.8 0 6.4 5.6000000000000005 6.2 1.2000000000000002 3.4000000000000004 0 0 0 0 0 0 0 0 0 0.2 0 0 0 0 0 0 0 0 2 0 0 0 0 0 0 0 0 0 0 0 0 0 0 0 0 0 0 0 0 0 0 1.8 0 0 0 0 0 0 0 0 0 0 0 0 0 0 0 2.2 0 0 2.6 2 0 2.6 3 1.8 2.6 0 1.8 0 0 0 12.8 1.8 0 0 0 0 1.2000000000000002 2.6 0 0 0 0.6000000000000001 0 0 0 0 0.2 0 0 0 2.6 0 0 0 0 0 0 2.8000000000000003 0 0 0 0 0 0 0 0 0 0 0 0 0 2.2 0 0.4 0 0 0 0 0 0 0 0 0 0 0 1.4000000000000001 0 0 0 0 0 0 0 0 0 0 0 0 0 1.6 0 0 0 0.4 17.6 0 0.4 0.6000000000000001 0.2 2.4000000000000004 0 0 0 0 0 0 0 0.2 15.4 0 2.8000000000000003 0 0 0 0 0 0 0 0 0 0 0 0 0 0.2 0 0 0 0 0 0 0 0 0 0 0 0 0 
 20.200000000000003 45.800000000000004 51.2 30 16.2 55.2 25.6 18.2 60.6 55.2 99.2 9.4 10.4 36.6 0 36.4 31.200000000000003 10.8 95.80000000000001 112.2 0.8 0.6000000000000001 0.2 0 0.4 0 0.2 0 0 0 5.2 0 0.2 0 0 0.8 0.2 0.4 0.4 0 0 0.4 0 0 0.2 0.6000000000000001 0 0 0 0 0 0 0 0 1.6 0 0.4 0.6000000000000001 0.6000000000000001 0 0.6000000000000001 7 0 0.4 0.4 0.6000000000000001 0.4 0.6000000000000001 1 0 0 0.6000000000000001 0 0 0 0 0.4 0.4 0.6000000000000001 0 0 0 0 3.4000000000000004 3.2 2 0 4.4 4.4 2.8000000000000003 2 9.8 0.2 6 9.8 5.800000000000001 2.6 2.8000000000000003 0 4.4 0 0 0 0 0.2 0 0 0 0 0 0 0 0 0 0 0 0 0 6.800000000000001 1.6 0 0 0 0 0 0 0 0 0 0 0 0 0 0 0 0 0 0 0 0 0 0 0 0 0 0 0 0 0 0 0 0 0 0 0 3.6 0 0 0 0 0.6000000000000001 2.8000000000000003 4.800000000000001 12 0 2.6 2.8000000000000003 3 5 2.2 9.4 1.2000000000000002 4.2 3 2.4000000000000004 4.800000000000001 0 0.2 0 0 0 0 0 0 0 0 0 0 0 0 0 0 0 0 0 0 0 0 0 0 0 0 0 0 0 0 0 1 0 0 0 0 0 0 0 0 0 0 0 0 0 0 0 0 0 0 0 0 0 0 0 0 0 0 0 0 0 0 0 0.2 0 0 0 0 0 0.8 36.6 0.4 17.400000000000002 0 0 1.2000000000000002 0 0.2 0 0 0 0 0 0 0 0 4 0 0 0 0 0 0 0 0.2 0 0 0 0 2.2 0 0 0 0 0 0 0 0 0 0 0 0 0 0 
 26.200000000000003 43.800000000000004 25 16.6 12.8 31.200000000000003 23 47.2 29.200000000000003 28.6 21 10.200000000000001 68.2 45.2 36.4 0 27.200000000000003 100 6 30.8 0.6000000000000001 0.6000000000000001 0 0.2 0 0 0.8 0 0 0 0.6000000000000001 0 0 0 0 0.6000000000000001 0 0.4 12.8 15 0 0.4 0 0 12.8 0.6000000000000001 0 0 0 0 0 0 0 0 1.2000000000000002 0 0.4 2.6 0.6000000000000001 0 0.6000000000000001 0 0.6000000000000001 0 0 0 0 0 0.6000000000000001 0 0 0.6000000000000001 0 0 0 0 0 0 3.6 0 0 0 6.6000000000000005 9.200000000000001 0 7.800000000000001 2.8000000000000003 1.8 0.2 3.4000000000000004 8.4 8.200000000000001 0 0 2.8000000000000003 5.6000000000000005 6.800000000000001 9.8 0 0 8.200000000000001 0 0 0 0 4 5.4 0 0.2 0.4 0 0 1.8 0 1.8 0 0 0.2 9.4 2 0 0 0 0 0.2 0 0 0 0 0 0 0 0 0 0 0 0.4 0 0 0 0 0 0 0 0 0 0 0 0 0 0 0 0 0 0 0 0 0 0 0 2.2 0 1.6 2 0 7 1.8 2.2 4.2 2.2 5.2 0 0 0 2 3.8000000000000003 0 0 0 0 0 0 0 0 0 0 5 4.4 0 0 0 0 1.4000000000000001 0 0.2 0 0 0 0.8 9.8 0 0 0.2 0 0 0 0 0 0 0 0 0 0 0.4 0 0 0 0 0 0 0 0 0 0 0 0.4 0 0 0 0 0 0 0 0 0 0 0 0 0 3.2 0 2.6 0 0 0 0.4 2.2 0 17.6 17.6 0 1 0 0 0 0 0 0 0 0 0 0 3.4000000000000004 0 0 0 0 0 0 0 0 0 0 0 0 0 0 1.6 0 0 0 0 0 0 0 0 0 0 0 0 
 12.8 11 44 84.4 19.6 10.600000000000001 24.400000000000002 87 103.60000000000001 37.800000000000004 82.60000000000001 16.2 9 10.200000000000001 31.200000000000003 27.200000000000003 0 28.8 29 29.400000000000002 15.600000000000001 0.6000000000000001 0.2 0 15 0.2 0 0 0 0.4 0.6000000000000001 0 0 0 0 1 0 0.4 15 0 0 0.4 0 0 0 0.6000000000000001 0 0 0 0 0 0 0 10.8 0 0 0.4 12.200000000000001 0.6000000000000001 0 0.4 0 0 0 0 0 0 0 0.6000000000000001 0 0 0.4 8.4 0 0 0 0 0 7.6000000000000005 0 2.6 7.800000000000001 5.4 9.600000000000001 4.800000000000001 11.200000000000001 2.2 0 2.8000000000000003 8.200000000000001 10.600000000000001 4.6000000000000005 0 1.4000000000000001 3.6 2.6 0 2.6 0 0 1.6 0 0 2.8000000000000003 0 0 9.4 0 0 0 0 0 2.8000000000000003 0 0 0 0.6000000000000001 0 4 4.2 0 0 0.4 0.4 0 0 0 0 0 0 0 0 0 0 0 0 1.8 0 0 0 0 0 0 0 0 0 0 0 0 0 0 0 0 0 0 0 0 1.6 0 5 0 7.2 3.2 4.2 2.6 0 0.8 3.2 5.6000000000000005 5 0.6000000000000001 0.6000000000000001 7 3.4000000000000004 2.8000000000000003 6.6000000000000005 2.4000000000000004 1.2000000000000002 0 0 0 0 0 0 0 0 4 0 0 0 0 0 3 1.4000000000000001 0.2 0 0 2.6 0 0 0 0.4 2 0 0 0 0 0 0 0 0 0 0 0.4 0 0 0 0 0 0 4.2 0 0 0 0 0 0.2 1.8 0 0 0.2 14 0 0.4 0 0 0 2.2 0 0 0 0 0 0 0 0 17.2 0.2 8.6 17.400000000000002 0 1.4000000000000001 0 0 0 0 0 0 0 0 0 0 0 0 0 0 0 0 0 0 0 0 0 0 0 0 0.2 0.2 0 0 0 0 0 0 0 0 0 0 0 0 
 4.800000000000001 25.200000000000003 6.4 52 8 45 21.6 6.4 90.4 46.800000000000004 28.200000000000003 77.60000000000001 17.400000000000002 6.4 10.8 100 28.8 0 7.4 48.400000000000006 0.6000000000000001 0.6000000000000001 0 1 0.4 0 0.2 0 0 0.4 42 0 15.200000000000001 0 0 0.6000000000000001 0.2 1 15.4 15 0 0.6000000000000001 0 0 0 0.6000000000000001 0 0 0 0 0 0 0 0 1.6 0 0.4 1 0.6000000000000001 0 0.4 0 0 0.4 0.6000000000000001 0 0 0.4 0.6000000000000001 0 0 0.6000000000000001 0 0 0 0 0 0 0.6000000000000001 0 5.4 0 1.8 4.800000000000001 0.2 0.2 1.8 0 0.2 5.6000000000000005 5.800000000000001 2.8000000000000003 2.6 5.6000000000000005 6.4 7.2 1.8 6.800000000000001 0 0 3.4000000000000004 0 0 0 0 0 0 0 0 0 0 0 0 0 0 0 0 0 4.6000000000000005 0.2 0 0 0 0 0 0 0 0 0 0 0 0 0 0 0 0 0 0 0 0 0 0 0 0 0 0 0 0 0 0 0 0 0 0 0 0 0 0 0 0 1.8 0.2 3.2 8.200000000000001 0 4.4 5 3.2 1.6 0.2 4.6000000000000005 10.8 0 0 0.8 6.800000000000001 6.2 0 6 2.6 0 0 0 0 0 0 0 0 0 0 0 2 3.4000000000000004 0.2 0 2.8000000000000003 0 0 2.8000000000000003 0.2 0 0 0 0 0 0 0 0 0 0 0 0 0 0 0 0 0 0 0 0 0 3.8000000000000003 0 0 0 0 0 0 0 0 0 0 0 0 0 0 0 0 0 0 0 0.6000000000000001 0 0 0 0 28.400000000000002 0.2 18.2 0 0 2.4000000000000004 3.8000000000000003 0 0 0 0 0 0 0 0 0 4.2 0 0 0 0 0 0 0 0 0 0 0 0 3.8000000000000003 0 0 0 0 0 0 0 0 0 0 0 0 0 0 
 45.2 30.400000000000002 27 28 62.400000000000006 55 39.800000000000004 56.400000000000006 33 37.2 54 48 22.400000000000002 44 95.80000000000001 6 29 7.4 0 69 1 0.6000000000000001 1.2000000000000002 0 0.4 0 0 0 0 1.2000000000000002 0.4 0.4 0.2 0 0 40.400000000000006 0 0.4 0 0 0 0.4 0 0 0 0.6000000000000001 0 0.8 0.6000000000000001 0 0 0 0 0 0 0 0.4 0.4 0.6000000000000001 0 0.4 0 0 0 0 0 0 0 0.6000000000000001 0 0 0.6000000000000001 4.800000000000001 0.4 0 0 0 0 0.6000000000000001 0 0.6000000000000001 0.6000000000000001 0 3.4000000000000004 0 0 2.8000000000000003 1 1 2.2 0.4 0 2.4000000000000004 0.2 3.8000000000000003 0.4 4 0 1.2000000000000002 5.6000000000000005 0 0 0.4 0 0 0 0 0 0 0 0 0 0 0 0.2 0 0 0 0 0.4 0 0 0 0 0 0 0 0 0 0 0 2.8000000000000003 0 0 0 0 0 0 0 0 0 0.2 0 0 0 0 0 0 0 0 0 0 0 0 0 0 0 0 0 0 2.8000000000000003 5.2 5 3 3.4000000000000004 0 2.6 5.2 4 0 8 4.4 4 2.8000000000000003 7 2 2.4000000000000004 3 5.6000000000000005 4.4 0 0 0 0 0 0 0 0 0 0.4 0 0 0 0 0 0 0 0 0 0 0 0 0 0 0 0 0 0 0 0 0 0 3.2 0 0 0 0 0 0 0 0 0 0 0 0 0 0 0 0 0 0 0 0 0 0 0 0 0.4 0 0 0 0 0 0 0 0.4 9.200000000000001 0 0 0.4 3 2.6 0.4 0.4 0 0 0 0 0 0 0 0.6000000000000001 0 0 0 0 0 0 0 0.4 0 0 0 0 0 3 2.4000000000000004 0 0 0 3.2 0 0 0 0 2.6 0 0 0 0 
 32.6 25.6 48.400000000000006 25.400000000000002 58.2 12.4 48.400000000000006 71.8 28.200000000000003 36.6 55.400000000000006 8 35.4 44.400000000000006 112.2 30.8 29.400000000000002 48.400000000000006 69 0 2.4000000000000004 1 0 0 0.2 22 0.4 0 0 0 0.8 0 0 0 0 0.6000000000000001 0 0.4 0 0.2 0 0.4 0 0 0 0.8 0 12.600000000000001 25 0 0 0 0 0 0 0 0.4 1.2000000000000002 0.6000000000000001 0 0.6000000000000001 0.8 0 0 0.2 0.2 0 0 0.6000000000000001 0 0 0.6000000000000001 0 0 0 0 0 0 0.6000000000000001 0 0.2 3 0 3.8000000000000003 0 0 7.2 4 0 0 0 0 4.6000000000000005 3.4000000000000004 3.8000000000000003 2.4000000000000004 1.6 0 3 8.8 0 0 0 0 0 0 0 0 0 0 0 0 0 0 0 0 0 0 0 0 0 0 0 0 0 0.4 0 0 0 0 0 0 0 0 0 0 0 0 0.2 0 0 0 0 0 0 0 0 0 0 0 0 0 0 0 0 0 0 0 0 0 0 0.6000000000000001 2.8000000000000003 0 0.4 0 3 2.8000000000000003 0.8 0 1.4000000000000001 0 4 8.200000000000001 3.2 1 0 6 2 4.4 0 3 0 0 0 0 0 0 0 0 0 0 0 0 0 0 0 0 0.4 0 3 0 0 0 0 0 0 0 0 0 0 0 0 0 0 0 0 0 0 0 0.4 0 0 0 0 0 0 0 0 0 0 0 0 0 0 0 0 0 0 0 0 0 0 0 0 0 8.4 0 0 0 0 0.4 0 0 0 0 0 0 0 0 0 0 0 0.4 0 0 0 0 0 0 0 0 0 0 0 3 0 0 0 0 0.2 0 0 0 0 0 0 0 0 0 
 0.6000000000000001 0.8 0.8 0.6000000000000001 16.400000000000002 40.800000000000004 0.6000000000000001 0.6000000000000001 0.6000000000000001 0.6000000000000001 0.6000000000000001 15.600000000000001 1 0.6000000000000001 0.8 0.6000000000000001 15.600000000000001 0.6000000000000001 1 2.4000000000000004 0 23.400000000000002 52.6 53.400000000000006 10.4 8.6 21.200000000000003 57 57.6 44.6 6.800000000000001 28.6 41.800000000000004 129.4 20.400000000000002 35.6 10.600000000000001 11.200000000000001 13.600000000000001 10 0 0 0.4 13.600000000000001 0.6000000000000001 0 0 0 0 0.6000000000000001 0 0 0 0 0 0 0.6000000000000001 0.6000000000000001 12.4 0 0.6000000000000001 0 10.8 0.6000000000000001 0 0.6000000000000001 0.2 0 0 0 0.8 13.4 11 10 0 0.6000000000000001 0.4 0.2 0.4 0 0 0 0 0 2.8000000000000003 0.2 0 0 0 0 0 0 0 0 0 0 0 0 0 0 0.2 4.800000000000001 2.2 6.6000000000000005 0 5.2 4.4 22.200000000000003 8 8.200000000000001 3 6.6000000000000005 1.8 6.2 4.800000000000001 3.6 11.8 2.4000000000000004 1.6 0 0 0 0 0 0 0 0 0 0 0 0 2.6 0 0 0 0 0 0 0 3.8000000000000003 0 0 3 0 0.4 0 0 0 0 0 0.4 0 0 0 0 0 0 0 0 0 0 0 0.4 0 2.4000000000000004 3.2 0 0 0 6 0 0 0 0 0 0 0 0 0 0.2 4 1.8 2.4000000000000004 2.6 2.6 0.2 1.4000000000000001 10.600000000000001 0.8 4.4 7.4 0 0 0 6.4 2.8000000000000003 3 8.200000000000001 2 2.6 0.2 0 0 0 0 0 0 0 0 0 0 0 0.6000000000000001 0 0 0 0 0 0 0 0.2 0 1.8 0 0 0 0 0 0.2 0 0 0 0 0 0 0 0 0 0 0 0 0 0 0 0 0 0 0 0 0 0 0.2 0 0 1.4000000000000001 0 0.4 0 0.2 0.2 2.8000000000000003 0.2 0 0 0 0 0 0 0 0 0 0 0 0 0 0 0 0 0 0 0 0 0 0 0 0 0 0 0 0 
 0.6000000000000001 1.2000000000000002 0.6000000000000001 0.6000000000000001 15.8 0.6000000000000001 0.6000000000000001 1 0.6000000000000001 0.6000000000000001 0.6000000000000001 0.6000000000000001 0.6000000000000001 0.6000000000000001 0.6000000000000001 0.6000000000000001 0.6000000000000001 0.6000000000000001 0.6000000000000001 1 23.400000000000002 0 38.6 37 7.2 7.800000000000001 17.400000000000002 70.60000000000001 25.8 10.600000000000001 69 4.800000000000001 5.6000000000000005 10.8 27.8 11.600000000000001 73 22.6 27.8 73.4 0.8 0.6000000000000001 0 0.2 0.6000000000000001 0 0 0.4 0.4 0 0 0 1.6 0.4 0 0 0 14.4 0.6000000000000001 0 0.6000000000000001 0.4 0 0.6000000000000001 0 0.6000000000000001 2.2 0 0 0.4 0.8 0 0 0 0 0 0.4 0.2 1 0 0 0 0 0 0 0 0 0 0 0 0 2 0 0.4 0 0 0 0 0 0 0.2 20.200000000000003 7.4 8.4 2.8000000000000003 2.2 3 0 6.800000000000001 7 3.2 0 1.8 2.6 2.8000000000000003 1.8 2.6 21.200000000000003 0 0 0 0 0 0 0 0 0.2 0 0 0 0 0 1.6 0 0 0 0.4 0 5 0.2 0 0 0 0 0 0 0 0.4 0.6000000000000001 0 0 0 0 0 0.2 0 0 0 0 0 0 0 0 0 0 0.4 0.2 0 0 0 0 0 0 0 0 0 0 0 0 0 4.2 0.4 2.8000000000000003 13.4 3 0 2.8000000000000003 0 1.2000000000000002 5.6000000000000005 0 2.6 2.4000000000000004 2.4000000000000004 0 5.4 0 7.4 0 0 0 0 0 0 0 0 0 0 0 0 0 0 0 0 0.2 0 0 0.2 3 4.4 0 0 0 0 0.4 0 0 0 0 0.2 0 0 0 0 0 0 0 0 0 0 0 0 2.8000000000000003 0 0 0 0 0 0 0 0 0 0 0 1.2000000000000002 0 0.4 25.400000000000002 15 0 4 0 0 0 0 0 0.2 0 0 0 0 0 0 0 0 0 0 0 0 0 0 2.8000000000000003 0 0 0 2.4000000000000004 0 0 0 0 
 0 0 0 0.4 19 0 0 0.4 0 0 0 20.400000000000002 0 0.4 0.2 0 0.2 0 1.2000000000000002 0 52.6 38.6 0 38 17.6 24.400000000000002 29.200000000000003 21 15.200000000000001 15 23.200000000000003 59 45.800000000000004 41.400000000000006 27 21.200000000000003 10.200000000000001 28.6 10.8 13 0 0 0 0.2 0.6000000000000001 4.2 12.4 0.4 0.4 0 0 0 0 0 0 0 0 0.6000000000000001 0 0 0.6000000000000001 0 9 2.8000000000000003 0 0.6000000000000001 0 0 0 0 0.4 0 0 0 0 0.6000000000000001 0.4 0.2 0.4 0 0 0 0.4 0 0 0 0 0 0 0 0 0 0 0 0.2 0 0 0 0 0 0 4.2 4.6000000000000005 2 2.4000000000000004 2.6 3.6 2.6 5.800000000000001 8.4 5 10.8 1.8 4.2 1.2000000000000002 0 2.2 1.6 0 1.6 0 0 0 0 0 0 0.2 1.6 0 0 0 0 2.2 0 1.4000000000000001 0 0 0 0.2 3.4000000000000004 0 0 0.2 0 0 0.4 0 0 0 0 0 0 0 0 0 0 0 0 0 0 0 0.2 0 0 0 2 0 0 0.2 0 0 0 0 0 0 0 0 0 0 0 4.2 2.8000000000000003 6.4 3 0 3.4000000000000004 1.4000000000000001 8.200000000000001 0 4.6000000000000005 3.4000000000000004 3.8000000000000003 0 0 4.4 8.4 4.2 5.6000000000000005 1.8 5.6000000000000005 1.4000000000000001 0 0 0 0 0 0 0 0 0 0 0 3.4000000000000004 0 0 0 0 0 0 0 0 0 0 0 0 0 0 0 0 0 0 0 0 0 0 0 0 0 0.4 0 0 0 1.6 0 0 0 0 0 0 0 0 0 0 0 3.6 0.4 0 0.4 0 0 1.2000000000000002 2.4000000000000004 0 0 0 0 0 0 0 0 0 0 0 0 0 0 0 0 0 0 0 0 0 0 0 0 0 0 0 0 
 0 0 41.400000000000006 0 0 0 0 0 0 0 0 0.4 0 0 0 0.2 0 1 0 0 53.400000000000006 37 38 0 73 6 14.200000000000001 35.800000000000004 16.2 94.80000000000001 72.4 18.400000000000002 16.8 15 11.8 23.400000000000002 8.6 41.2 29.400000000000002 30.400000000000002 2.4000000000000004 0.2 0 0 0.6000000000000001 0 5.800000000000001 0 0 0 0 0.2 13.200000000000001 12.600000000000001 0 0 0 1.2000000000000002 25.400000000000002 0 0.6000000000000001 0 0 1 0.6000000000000001 0.6000000000000001 0 0.4 0 1 0.4 0 1.2000000000000002 0 0 0 0.4 2.2 0.4 0 0 0 0 0 0.2 0 0 0 0 0 0 0.2 0 0 0 0 0 0 0 0 0 0.2 6.800000000000001 0.2 3.6 0 0 0 0 2.2 7.2 0.4 0 0.4 3.6 2 0 0 0 0 0.2 2 4.2 0 0 0 5.4 3.2 8.6 0 0 0 6.2 0 4 0 0.2 0 7 0.2 0 0 0 2.2 0 0 0 0 0 0 0 3.8000000000000003 0 0 0.4 0.4 0 0 0 0 0 2 0 0 0 0 0 0 4.2 0 0 0 0 0 0.2 0 0 0 0 0 0 0.2 2.2 2.4000000000000004 2 6.800000000000001 0.2 0 6.2 4.4 2.4000000000000004 19.8 0 2.8000000000000003 0.4 4 0 1.8 0 0.2 7.6000000000000005 2.8000000000000003 0 0 0 0 9.200000000000001 0 3 0 0 0.4 8.8 0 5 4.800000000000001 2.4000000000000004 2.2 1.8 0 0 0 0 0 0.2 0 0 0 0 0.2 0 0 0 0 0 0 0 0 0 0 0 0 0.8 0 0 0 0 0 0 0 0 0 0 0 1.8 0 0.2 11.200000000000001 17.6 0 1 2.8000000000000003 0 0 0 0 0 0 0 0 0 0 0 0 0 0 0 0 0 0 0 0 0 0 0 2.4000000000000004 3.8000000000000003 0 0 0 
 0.4 0.2 0.4 0 0 0 0.4 0.4 0.8 0.2 0 0.6000000000000001 0.4 0.4 0.4 0 15 0.4 0.4 0.2 10.4 7.2 17.6 73 0 43.400000000000006 7.4 11.4 15.200000000000001 11.200000000000001 20.8 11.8 17.400000000000002 12.200000000000001 22.6 63.6 18 69.60000000000001 11.4 18.400000000000002 16.2 12.600000000000001 8.6 0 0.6000000000000001 0 12.600000000000001 0 22.6 0 0 0.2 0.4 10.8 0 7.800000000000001 0 13.600000000000001 0 3.8000000000000003 0.6000000000000001 0 0 0.6000000000000001 0 0.6000000000000001 0 0.2 0 0 0.4 0 0 0.2 0 0 0.4 1.6 0.4 0 0 0 0 0 2.4000000000000004 1.6 0 0 0 0 0 0 0 0 0 0 0 0 0 0 0 0 0 0 0 0 0 0 0 3.6 3 2.8000000000000003 0 0 0 0 0 0 0 0 0.6000000000000001 0 10.8 0 0 0 2 6 0 3.2 0 0 4 2 0 0 3 0.6000000000000001 3.2 0 0 1.8 0.4 0 0 0 0 0 0 3.2 1 0 1.6 0.2 0 0 0 0.2 0 0 0 0 0 0 0 0 0 1.6 0 0 0.4 0 0 0 1.2000000000000002 0 0 0 0 0 0 0 0 0 4.6000000000000005 0 0 0 0 3.4000000000000004 0 2.4000000000000004 0.4 0 0 3.6 0 1.8 0 0 3.8000000000000003 6 0 0 0 0 3 8.4 5 0 2.6 0 0 0 0 3.6 2.4000000000000004 0 4.2 0 2.8000000000000003 0 0 0 0 0 0 0 0 0 0 0 0 0 0 0 0 0 0 0 0 0 4.4 0 0 0.4 0 0 0.2 0 0 0 0 0 2.8000000000000003 0 0.4 0.2 0 0 0.6000000000000001 0 0 0 0 0 0 0.6000000000000001 0 0 0 0 0 0 0 0 0 0 0 0 0 0 0 0 4.2 0.2 3.6 0 0 0.2 
 0 0 0 0 0 0 0 0.4 0 0 0 0.4 0 0 0 0 0.2 0 0 22 8.6 7.800000000000001 24.400000000000002 6 43.400000000000006 0 5.800000000000001 24 26.6 32.6 19 7.6000000000000005 23.6 24 12.200000000000001 51.6 34.800000000000004 13.200000000000001 8.8 15.200000000000001 1 11 15.4 0.6000000000000001 22.200000000000003 0 0.4 3.8000000000000003 0 0 0 0 13.600000000000001 0 0 5.4 0 0.6000000000000001 13.200000000000001 13.600000000000001 0.4 0 0 0.4 0 0.6000000000000001 1.2000000000000002 0 0 0 0.4 0 0 0 0 0 0.4 0 0.4 0 0 0 0 0 0 0 0 0 0 0 0 0 0 0 0 0 0 0.2 0 0 0 10 4.2 10 8 4 0 2.2 0 7.4 1.4000000000000001 4 0 0 0 0 9.200000000000001 9.200000000000001 0 0 4.2 0 0 2.2 0 0 2.6 2.6 0 2.2 4 0 2.4000000000000004 0.4 0 0 0 0 6.2 8.200000000000001 2.4000000000000004 3.4000000000000004 0 0 0 0 0 0 0 0.8 1 0 0.6000000000000001 0 0 0 0 0 0 0.8 0 0 0 0 0 0 0 0 0 0 0 0 0 0 0 0 0 0 0 0 0 0 3 0.4 6 0.4 0 1 0 9.4 1.2000000000000002 3.2 0 0 0 0 0.4 4 0 0.4 2.6 4.2 3 2.4000000000000004 0 0 0 4.2 0.2 0 3.8000000000000003 0 0.4 0 0.2 0 0 0.2 8 1.8 0 0 0 0 0 0 0 0 0 0 0 0 0 0 0 0.2 0 0 0 0 0 0 0.2 0 0 0 0 0 0 0 0 0 0 0 2.2 0.4 0.2 18.8 0.8 0 1 0 0 0 0 0 0 0 0 0 0 0 0 0 0 0 0 0 0 2 0 0 0 0 3.8000000000000003 0 0 0 0 0 
 0 0 0 14.600000000000001 4.6000000000000005 44 0 0 16.400000000000002 0 18.8 29.200000000000003 0 0 0.2 0.8 0 0.2 0 0.4 21.200000000000003 17.400000000000002 29.200000000000003 14.200000000000001 7.4 5.800000000000001 0 61 33.2 24.6 47 20 51 22 68.2 24.400000000000002 38.800000000000004 6.2 52.2 42.2 0 0 0 0.2 0.6000000000000001 0.4 0 0 0 0.8 0.6000000000000001 0.2 1 0 0 0.6000000000000001 0 1.2000000000000002 0 0 0.4 0 0.6000000000000001 0.4 0 1 0.2 0.4 0 0 0.4 0.6000000000000001 0.2 0 0 0 0.4 0 0.4 0 0 0 0.2 0 0 2.4000000000000004 0 0 0 2.4000000000000004 0 0 0 0 0 0.2 0 0 0 0 5.2 1.8 2.8000000000000003 9.4 3.4000000000000004 0 0 4.800000000000001 5.2 2 0 0.2 0.2 2.4000000000000004 2.6 2.4000000000000004 2.8000000000000003 5 2.8000000000000003 0 0 0 0 0 0 0 0 0 0.4 0 0 0 1 0 0 0 0 0 5.2 0 0 0 0 0.2 0 0 0 0.4 0 0 0 0 0 0 0 0 0 0 0 0 0 0 0 0 0 0 0 0 0 0 0 0 0 0 3 0 0 0 0 0 3.2 4 0.4 0 2 0 2 0 5.6000000000000005 7 7 0 4.2 7.6000000000000005 0.2 2.6 8.6 1.6 0 0 0 0 0 0 0 0 0 0 0 0 0 0 0 0 0 0 0 0 0 0 0 5.4 0 0 0 0 0 0 0 0 0 0 0 0 0 0 0 0 0 0 0 0 0 0 0 0 0 0 0 0 0 0 0 0 2.2 0 0 15.200000000000001 0 0.4 2.6 2.8000000000000003 0 0 0 0 1.8 0 0 0 0 0 0 0 0 0 0 0 0 0 0 3.4000000000000004 0 0 0 0 0 0 0 0.4 
 9.8 0.6000000000000001 0 0 0 0.2 0 0 0 0 0.4 0 14.600000000000001 0 0 0 0 0 0 0 57 70.60000000000001 21 35.800000000000004 11.4 24 61 0 36.6 53.2 24.200000000000003 29.200000000000003 54.800000000000004 28.400000000000002 100.2 14.200000000000001 20.200000000000003 4.4 25.8 14.600000000000001 0 0 12.4 1 0.6000000000000001 0 0 0 0 0 0 0 0 0 0.4 12.4 0 1.2000000000000002 6.4 0.4 0.4 0 0 0.4 0 0.6000000000000001 10.600000000000001 0.6000000000000001 0 0 0.8 0 0 0 0 0 0.6000000000000001 0 0.4 0 0 0 0 0 0 0 0 0 0 0 0 0 0 0 0.4 0 0 0 0 0 0 6.6000000000000005 8.8 9.8 6.800000000000001 3.2 0 2.6 9.4 8.200000000000001 1.6 2.6 0 6.4 3.6 6.2 5.6000000000000005 8.200000000000001 0 0 0 0 0 0 0 0 0 0 0 0 0 0 1.6 0 1.4000000000000001 0.4 0 0 0 4 0 0 0.2 0 0 0.2 0.4 0 0 0 3.4000000000000004 0.2 0 0 0 0 0 0 0 0 0 0.4 4.4 0.2 0 0 0 0 0.4 0 0 0 0 0 0 0 0 0 0 0 3.6 6.4 2.6 5.6000000000000005 1.6 3.2 2 1.6 1 8.8 8.200000000000001 0.4 0 9.8 1.6 4.800000000000001 4 5.800000000000001 0 4 0 0 0 0 0 0 0 0 0 0 0 0 2.4000000000000004 0 1.8 0 0 0 0 0 0 0 0 0 0 0 0 0 0 0 0 0 0 0 0 0 0 0 0.2 0 0 0 0 0 0 0 0 0 0 0 0 0 0 0 1.6 0 0 24.200000000000003 0.2 0 2.8000000000000003 2.8000000000000003 0 0 0 0 0 0 0 0 0 0.2 0 0 0 0 0 0 0 0 0 0 0 0 0 2.4000000000000004 0 0 0 0 
 0.4 0 0.2 0 0 0.2 0 0 15.200000000000001 0 0 0.8 0 0 0 0 0 0 0 0 57.6 25.8 15.200000000000001 16.2 15.200000000000001 26.6 33.2 36.6 0 15 38.800000000000004 16.8 82.80000000000001 32.4 53 84.60000000000001 9.4 9.4 56.400000000000006 13.8 0 1.2000000000000002 0 0.2 0.6000000000000001 0 0 0 0 0 0 0 5.6000000000000005 0 0 0.2 0 0.6000000000000001 5.6000000000000005 0 0.6000000000000001 0 0 0.6000000000000001 0 0.6000000000000001 1 0 0 0 0.4 0 0 0 0 0 0.4 0.2 1.4000000000000001 0 0 0 0 0 0 0 0.4 0 0 0 0 0 0 0 0 0 0 0 0 0 0 6.800000000000001 8 12.8 11 5.6000000000000005 2.8000000000000003 9 6.800000000000001 14.8 4.2 1.8 0 2.8000000000000003 1.6 0 13.600000000000001 20.200000000000003 0 0 0 0 0 0 0 0 0 2 0 0 0 0 0 0 1.6 0 0 0 0 6.800000000000001 0 0 0 0 0 0 0 0 0 0 0 0 0 0 0 0 0 0 0 0 0 0 0 0 0 0 0 0 0 0 0 2.6 0 0 0 0 0 0 0 0 3.8000000000000003 3.2 2.6 5.800000000000001 0 2.6 0 0 0 9.4 4.6000000000000005 0 0 0 0.2 0 5.4 8.4 0 0 0.2 4.4 0 0 0 0 0 0 0 0 1.2000000000000002 0 4.4 0 0.4 0 0 0.2 5.800000000000001 3.6 0 0 0 0 0 0 0 0 0 0 0 0 0 0 0 0 0 0 0 0 0 0 0 0 0 0 0 0 0 0 0 0 0 0 1.6 0 0 16.2 14.8 0 1.4000000000000001 5.800000000000001 0 0 0 0 0 0 0 0 0 0 0 0 0 0 0 0 0 0 0 0 0 0 0 0 0 0 0 0 
 0 0.8 0 0 16 0 0 0 0 0.4 0 0 0 0 0 0 0.4 0.4 1.2000000000000002 0 44.6 10.600000000000001 15 94.80000000000001 11.200000000000001 32.6 24.6 53.2 15 0 65 24.8 14.4 30.200000000000003 21.6 20.200000000000003 58 51.400000000000006 36.4 44.800000000000004 12.8 0 0 0.2 0.6000000000000001 0 26 0 0 0 0 0 11 6.800000000000001 0 0 0 0.6000000000000001 4 0 0.4 0 0 0.4 0 0.6000000000000001 1 0 0 0 0.4 0 9.4 0 0 0 0.4 0 0.4 0 0 0 0 0 0 5.800000000000001 0 0 0 0 0 0 0 0 0 5 0 0 3.2 0 2 8 2.4000000000000004 8.6 3.4000000000000004 0 0 0.2 0.8 9.600000000000001 0.2 0 0.2 0 2.6 4.6000000000000005 3.8000000000000003 4.4 0 0.4 0 0.2 1.8 0 1.4000000000000001 0 4 2.2 2.8000000000000003 0 0 0 2 0 0.6000000000000001 0 0 0 0 0.4 0 0 0 1.4000000000000001 0 0 0 0 0 0 0 0 0 0 0.6000000000000001 0 0 0 0 0 0 0 0 0 0 0 0 0.2 0 0 0 0 0 0 0 0 0 0 0 0 0 2.4000000000000004 1.2000000000000002 2.6 1.6 0.2 0.6000000000000001 2.8000000000000003 7.4 3.8000000000000003 2.6 6 0 4 1.4000000000000001 0 3 6 0 0 0 0 0 0 0 0 4 0 0 0 0 0 3.2 0 3.4000000000000004 1.8 0 0.2 0.2 2.4000000000000004 0 0 4.4 0 0 0 0 0 0 0 0 0.4 0 0 0 0 0 0 0 0 0 0 0 0 0 0 0 0 0 0 0 0 0.2 0 2.4000000000000004 0.6000000000000001 0.2 41 0.2 0 0 0 0 0 0 0 0 0 0 0 0 0 0 0 0 0 0 0 0 0.2 0 2.6 0 0 0 3 0 0 0 0 
 0.4 15.4 0.4 0.4 0.6000000000000001 0.8 0.6000000000000001 0.8 0.4 0.4 0.6000000000000001 0.4 1.4000000000000001 0.4 5.2 0.6000000000000001 0.6000000000000001 42 0.4 0.8 6.800000000000001 69 23.200000000000003 72.4 20.8 19 47 24.200000000000003 38.800000000000004 65 0 30.8 10.8 7.6000000000000005 31.200000000000003 33.4 30.400000000000002 71.60000000000001 54.800000000000004 55.800000000000004 0 14.4 0 0.2 1.4000000000000001 0 31.8 0.4 0 0 0 0 0.4 0 0 0 0.4 0.6000000000000001 0 0 0.4 0 0.4 0.4 1 0.6000000000000001 5.800000000000001 0 0.4 0.8 0.8 0 1.4000000000000001 0 0 0 0.6000000000000001 0 0.4 0.4 0 0 0 0 0 0 0 2.4000000000000004 3.8000000000000003 0 0 0.4 0.6000000000000001 0.4 5.800000000000001 0 0 0 0 0.4 0 2.8000000000000003 4.2 0 1.4000000000000001 5.2 1.8 0 0 10 6.6000000000000005 3.8000000000000003 0 0 1 0.2 7.800000000000001 7.6000000000000005 0 0 0.2 0 0 0 0 0 10.8 0 0 0 0 0 1.2000000000000002 0 5.6000000000000005 0 0.4 0 5.6000000000000005 15.600000000000001 0 0 0 0.4 0 0 0 0.4 0 0 0 0 0 0 0.4 0 0 0 0 0 0 0 0 0 0 0.4 0 0 0 0 0 0 0 0 0 0 0 0 0 0 0 0.4 2 5 2.4000000000000004 7 0 0 1.4000000000000001 2 3.8000000000000003 3 0 0 0 0 0.2 2.4000000000000004 0 0 0 2.8000000000000003 0 3.8000000000000003 0 0 3.6 0 5.6000000000000005 0 0 0.2 1.2000000000000002 2 2 0 2.8000000000000003 0.2 3.6 7.800000000000001 0 0 0 0 0.4 0 0 0 0 0.8 0 0 0 0 0 0 0 0 0 0 0 0 0 0 0 0 0 0 0.4 0 0 0 0 0 1 0 0 0 1.8 0.4 1.4000000000000001 3 0 0 0 0.4 0 0 0 0 0 0 0 0.2 0 0 0 0 0 0 0 0 0 0 0 0 0 0 0 0 
