 0 59 13.4 10 10.8 12 10.200000000000001 30.400000000000002 26.400000000000002 12 7.6000000000000005 6 24.200000000000003 52.800000000000004 6 6.4 5.2 3.4000000000000004 58 26.400000000000002 0 0.6000000000000001 0 1 0.4 0.4 0 0 0 0 0 8 0 0 0 0.4 0 0 1.2000000000000002 0 0 0 1 0 0 0.6000000000000001 0 0 0 0 0 0 0 0.4 0 0 0 0 0 0 0 0.4 0.6000000000000001 0.4 0.4 0 0.6000000000000001 0.4 0 0 0.6000000000000001 0 0.6000000000000001 0 0.6000000000000001 0 0.6000000000000001 0 0.4 0 2.2 6.2 5.800000000000001 4.4 0 0.2 2 7.2 2.4000000000000004 0 3.2 2 2.4000000000000004 6.800000000000001 1.4000000000000001 0 0 4.2 7.4 3.2 0 0 0 0 0 0 0 0 0 0 0 0 0 0 0 0 0 0 0 0 0 0 0 0 0 2 0 0 0 0 0 0 0.4 0 0 2.6 0 0 0 0 0 0 0 2.6 0 0 0 1.4000000000000001 0 0 3.4000000000000004 0.4 0 0.4 0 0.8 0 0 0 2.2 0 1.8 3 1.8 0 1.6 6.800000000000001 0 5.800000000000001 0 0.2 0 0.2 0 4.6000000000000005 0.2 0 0 2.2 3.8000000000000003 0 0 0 0 0.4 0.2 0 0 0 0 0 0 0 0 0 0 0 0 0 0 0 0 0 0 0 0 0 0 0 0 0 0 0 0 0 0 0 0 0 0 0 0 0 0 0 0 0 0 0 0 0 0 0 0 0 0 0 0 0 0 0 3.2 0 0 0 0 0 0 0 0 0 1.4000000000000001 0 0 0 0 0 0 0 0 0.6000000000000001 0 2.6 0 0 0 0 0 0 0 3.2 0 0 0 0 2.2 0 0.6000000000000001 0 0 0 0 0 0 0 0 0 0 0 0 
 59 0 55 31.200000000000003 32.800000000000004 14.600000000000001 16 33.6 27.400000000000002 41 41 4.4 15.200000000000001 27.6 22.400000000000002 46 41 23.400000000000002 73.2 10 0.4 0.8 0.2 0.6000000000000001 1 0.6000000000000001 1.2000000000000002 0 0 0 0 0.6000000000000001 15 0.2 10.4 0.2 0.2 0.4 13.8 0.4 0 0 0.6000000000000001 0.6000000000000001 0.6000000000000001 0.4 0 0 0.4 0 1.4000000000000001 1.4000000000000001 0 1 0.4 0.4 0.6000000000000001 0 0.4 0.2 0.4 0.6000000000000001 0.8 0.8 0.2 0 0.8 0 1 0.4 1 2.4000000000000004 0.6000000000000001 0.4 1.6 1.6 1.4000000000000001 1 0.6000000000000001 0.8 2.4000000000000004 4.6000000000000005 0 7.800000000000001 0 3.2 2.4000000000000004 5.6000000000000005 2.8000000000000003 1.4000000000000001 0 1 0 0 2.8000000000000003 16.2 5.6000000000000005 4.6000000000000005 0 0 0 0 0 0 0 0 0.2 0 0 0 0 0 14.200000000000001 0 0 0 0 0 1.4000000000000001 0 0 0 0 0 0 0 0 0 0 0 0 0 0 0 0 0 0 0 0 0 0 0 0.2 0.4 0.2 0 0 0 0 0 1 0 0 0 0 0 0 0 2.4000000000000004 0 1.6 2 3.8000000000000003 4.6000000000000005 2 0 0 2.6 1.8 0.2 8 3.8000000000000003 0 2.4000000000000004 0 9 6.2 0 0 0.4 12.8 0 0 0 0 0 0.4 0 0 0 0 5.6000000000000005 2.2 3 0 0 0 0 0 2.6 0 0 0 0 0 0 0 0 0 0 0 0 1.8 0 0 0 0 0 0 0 0 0 0 0 0 0 0 0 0 0 0 0 0 0 0 0 0 0 0 0 0 0 0 0 5.2 0.4 0.4 0.2 0 0 0 5 0 0 0 0 0.2 0 0 0 0 0 0 0 0 0 0 0 0 0 0 0 0 0.4 0 0 0 0 0 0 0 0 0 0 0 0 0 0 0 0 
 13.4 55 0 20.8 12.200000000000001 26.400000000000002 16.400000000000002 62.2 43.6 49.2 43.800000000000004 11.8 17.6 23.8 30 36.2 37 7 22.8 42.2 0.2 0 0 0.6000000000000001 0.8 1.4000000000000001 0 0.6000000000000001 0.4 0 0.8 0 0 0 0 0.4 0 0 1 0.4 0 0 0.6000000000000001 0.4 0 6.800000000000001 0 0 0 2 0 0 0 0.6000000000000001 0 0 0 0 0 0 0 0.6000000000000001 0.4 0.4 0 0.2 0.4 0.6000000000000001 0 0.4 0.2 0 0.6000000000000001 10 0 0 0.6000000000000001 0.2 0.4 0 0 6.2 4.2 3.4000000000000004 0.8 7 2.4000000000000004 20.8 2 5 3.6 11.4 0 0.2 4.2 0 2 3.4000000000000004 0 0 0.2 0 0 0 1 0 0 0 0 0 0 0 4 0 0 0 0.8 0 3.8000000000000003 0 0 0 0 0 0 0 0 0.2 0 0 0 0 0 0 0.2 0 0 0 0 0 0 0 0 0 0 0 0 0 0.4 0 0 0 0 0 0 0 1.4000000000000001 0 0 0 0.2 2.8000000000000003 0.2 3.4000000000000004 0 5.6000000000000005 3 2.8000000000000003 0 0 1.8 2 0 2.8000000000000003 4.2 6.6000000000000005 1.8 2.2 0 0.2 3 0 0.2 0 0 0 3.4000000000000004 0 0 0 0 0 0 2 0 0 0 0 0 0 0.4 0 0 2.6 0 0 0 0 0 0 0 4.800000000000001 0 0 0 0 0 0.2 0 0 0 0 0 0 0 0 0 0 0 0 0 0 0 0 0 0 0 0.4 0 0 0 2.8000000000000003 0 0 0 0 0.2 0 0 19.400000000000002 0 2.2 3 0 0 0.2 0 0 0 0.4 0 0.4 2.6 0.2 0 0 0 0 12 0 0 0 0 0 0 1.4000000000000001 2 0 0 0 0 0 0 0 0 0 0 0 0 0 
 10 31.200000000000003 20.8 0 51.400000000000006 21.6 62.400000000000006 73 18.6 34.6 29.200000000000003 33.800000000000004 12.600000000000001 38.2 32.800000000000004 6.6000000000000005 16.8 22 17 12.200000000000001 0.4 0 0 0.6000000000000001 0.2 0.6000000000000001 29.6 0 0 0.4 0 0 31.200000000000003 15.4 0 0 0.4 0 22.400000000000002 0.4 0 0 0 0 0 0.4 0 0 0 0 0 0 0 0.4 0 0 0 0 0 0 0.2 0.6000000000000001 0.6000000000000001 0.4 0 0.2 0.4 0.6000000000000001 0 0.2 0.4 0 0.6000000000000001 0 0 0 0.6000000000000001 0 0.4 0 4.6000000000000005 0 4.2 6.2 5.2 2.4000000000000004 0 0 6 7.2 3.6 4 3 0 0 0 0.2 10.200000000000001 0 0 0 0 0 0 0 0 2.2 0 0 2.8000000000000003 0 0 2.2 0 0 0 0 0 9.4 2.4000000000000004 0 0 0 0 0 0 0 0 0 0 0 0 0 0 0 2.8000000000000003 0 0 0 0 0 0 0 0 0 0 0 0 0 0 0 0 0 0 0 1.2000000000000002 1 0 0 1.2000000000000002 0 0 6 3 0 2.2 0 2.6 1.8 6.4 3.2 4 0 0 5.6000000000000005 1.4000000000000001 3 1.2000000000000002 0 0 5.4 0 0 0 0 0 2 0 0 0 0 0 8.4 15.200000000000001 2.4000000000000004 0 0 0 0 10.8 0 0 0 0 1.8 0 0 0 0 0 0 0 0 0 0 0 0 0 0 0.2 0 0 0 0 0 0 0 0 0 0 0 0 0 0 0 0 0 0 0 0 0 0 0 0 0 0 19 0 0.2 0.2 1.8 2.2 0 0 0 0 0 0 0 0 0 0 0 0 0 0 0 0 0 0 0 0 0 0 0 0 0 0 0 0 0 0 0 0 0 0 0 0 0 0 
 10.8 32.800000000000004 12.200000000000001 51.400000000000006 0 14 27.6 71.8 19 39.400000000000006 96.80000000000001 15 16.2 26.400000000000002 51.800000000000004 78.4 37.2 27 16.2 17 16.2 14.8 0 0.6000000000000001 0.4 0.4 3.8000000000000003 0 0 0 0 0 12.4 12.200000000000001 2.8000000000000003 0 0 14.8 16.6 5.2 0 0 0 0 0 0.2 0 0 0 0 0 0 12.600000000000001 1.6 0 0 0 0 0 0 2.2 0 0.6000000000000001 0.6000000000000001 10.200000000000001 0 0.6000000000000001 0 0.4 0.4 0.6000000000000001 0.2 0.6000000000000001 0 0 0.8 0.6000000000000001 0 0.4 0 3.2 0.2 3.2 7.4 3.2 2.6 0 0 2.6 0.2 7 3.4000000000000004 0 0 0 3.2 0 3.8000000000000003 0 0 0 0 1.4000000000000001 0 0.2 0 0.4 1.6 0 2.6 3 0 8 0 0 0.2 0 0 0.4 3.4000000000000004 0 0 0 0 0 0 0 0 0 0 0 0 0.2 0 0 0 0 0 0 0 0 0 1.2000000000000002 0.4 0.2 0 0 0 0 0 1.8 0 0 0 0.2 0 0 0 0 0 0 0 0 0 0.2 3 0 0 0 2.2 5.2 6.800000000000001 0 0 4 3.4000000000000004 0.2 0 0 0 2.2 0 0 0 0 0 3 0 1.8 0 0 0 11.600000000000001 15.200000000000001 0.2 0 0 0 0 3.4000000000000004 0 0 0 0 0 0 0 0 0 0 0 0 0 0 0 0 0 0 0 0 0 0 0 0 0 0 0 0 0 0 0 0 0.8 0 0 0 0 0 0 0 0 0 0 0 0 0.2 10 0 0 0 0.6000000000000001 1 0 0 0 0 0 0 0 0 0 0 0 0 0 11.200000000000001 0 0 0 0 0 0 0 0 0 0 2.2 0 0 0 0 0 0 0 0 0 0 0 0 0 
 12 14.600000000000001 26.400000000000002 21.6 14 0 91 24 7.800000000000001 12 14.200000000000001 9.4 49 18.400000000000002 12.8 16.400000000000002 28.400000000000002 34.800000000000004 14.600000000000001 53.800000000000004 15.200000000000001 30 14.8 0.6000000000000001 0.4 15.600000000000001 0 29.400000000000002 31.6 15 15.8 0 0.2 21.8 30.6 0 8.200000000000001 33 26.8 11.8 0 0 0.6000000000000001 0 0 0.2 0 0 0.2 0 0.4 12.8 13.4 0.4 0 0 0 0 0 0 1.4000000000000001 0 0.6000000000000001 0.6000000000000001 7.4 0 0.6000000000000001 0 0.4 0 0.6000000000000001 0 0.6000000000000001 0 0 0.2 0.6000000000000001 1 0.4 0 2.4000000000000004 0.4 0 3.4000000000000004 2.8000000000000003 5.800000000000001 0 0 0 2 0.2 0 0.6000000000000001 0 0 3 1.2000000000000002 0 0 0 7.2 3.2 5.6000000000000005 0 0 0 11.600000000000001 0 3 2.6 3 0 7.800000000000001 2.6 0.2 2.4000000000000004 2 4 2 9 0 0 0 2.2 0 0 0.2 0.4 0 0 0 0 0 0 0.4 0 0 0 0.2 0 0 0 0 2.6 0 0 0 0 0.2 0 0 0 0 0 0 0 0 0 0 0 0 0 2 0 1.6 0 0 0 0 0.2 2.2 4 0 0 0 2 0 0.2 0 0 2.2 2.2 0.4 2.8000000000000003 0 0 2.8000000000000003 3.8000000000000003 3.2 2 4 0 10.8 7.800000000000001 4.6000000000000005 0.4 2 3.2 2 9.8 0 0 0 0 0 0 0 0 0 0 0 0 0 0 0 0 0 0 0.2 0 0 0 0 0 0 0 0 0 0 0 0 0 0 0 0 0 0 0.2 0 0 0 0 0 0 0 0 0 0 1.2000000000000002 0.2 0.2 1.8 0 0 0 0 0 0 0 0 0.2 0 0 0 0 0 0 0 0 0 0 0 0 0 0 0 0 0 0 0 0 0 0 0 0 3 0.4 2.2 0 0 
 10.200000000000001 16 16.400000000000002 62.400000000000006 27.6 91 0 38.2 14.200000000000001 9.200000000000001 6 7 58 34.2 14.4 108.4 12 15 30.400000000000002 48 0.2 0.4 0 0.6000000000000001 0.2 0.6000000000000001 0 0 0 0 0 0 0.4 0 0 0 0 0 1 0 0 0 0 0 0 0.2 0 0 0.4 0 1.6 0.4 1.2000000000000002 0.4 0 0 0 0 0.8 0 0 0.4 0.6000000000000001 0.4 0 0.2 0.6000000000000001 0.4 0 0.2 0.4 0 0.6000000000000001 0 0 1.2000000000000002 1.6 0 0.4 0 4 0.2 0 0 0 0 10.200000000000001 8.4 3.6 5.2 0 0 0 2.2 3 8.4 0 2.4000000000000004 0 5 0 0 0 0 0 0 0 0 0 0 3 0 2 0 0 0 0 0 0 0 0 0 0 0 0 0 0 0 0 1.6 0 0 0 5.800000000000001 0 0 0 0 0 0 0 0 0 0 0 0 0 0 0 0 0 0 0 0 0 0 0 1.6 0 0 2.4000000000000004 0.2 0 1.8 0 0 2 3.2 0.2 0 0 0.2 1.8 3 1.6 0 0 2 0 4.2 0 0 0 0 0 0 0 0 0 0 0 0 0 0 0 0 0 0 0 0 0 0 0 0 0 0 0 0 0 0 0 0 0 0 0 0 0 0 0 0 0 0 0 0 0 2.4000000000000004 0 0 0 0 0 0 3.2 0 0 0 0 0 0 0 0 0 0 0 0 0 0.4 0 0.6000000000000001 0 0 0.4 0 0 0 0 0 0 8.200000000000001 0 4.4 0 0 0 0 0 0 0 0 0 0 0 0 0 0 0 0 0 0 0 0 0 0 0 0 0 0 0 0 0 
 30.400000000000002 33.6 62.2 73 71.8 24 38.2 0 56.2 32.6 23 6.6000000000000005 64.8 36.6 28 23.6 4.2 66.8 54.6 12 0.8 0 0.6000000000000001 0.6000000000000001 0.6000000000000001 0.4 0 0.6000000000000001 0.4 0.6000000000000001 0 0 0.6000000000000001 0 0 0 0.4 0.4 15.4 0 0.4 0 1.6 0 0.4 0 0 0 0 0 0 1.2000000000000002 0.4 0.8 0.4 0.4 0 0 0 0 0 0.6000000000000001 0.6000000000000001 0.8 0 0 0.6000000000000001 0 0.8 0 0.6000000000000001 0 0.6000000000000001 0 0 0.6000000000000001 2.6 0.4 0.6000000000000001 0.2 2 7.6000000000000005 3.8000000000000003 6.2 0 0 3 7 9.8 8.4 0 0 1.6 3 0.2 3.8000000000000003 2.2 1.8 5 1.6 0 0 0 0.2 0 0 0 0.4 0 0 0 0 2.2 0 0 0 0 0 4.2 0 0 0 0 0 0 0 0 0 0 0 0 0 0 0 0 0 0 0 0 0 0.2 0 0 0 0 0 0 0 0 0.4 0 0 0 0 0 0.8 0.6000000000000001 0 0 1 0 0 8.4 0 3.8000000000000003 1 11.600000000000001 0 0.4 0 0.2 0 0 1.6 0.4 2.2 0 0 0.2 4.4 0 0 0 0 0 0 0 0 0 0 0 0 3.2 0.4 0 0 0 0 0 0.4 0 0 0 0 0 0 0 0 0 3 0 0 0 0 0 0 0 0 0 0 0.4 0 0 0 0.4 0 0 0 0 0 0 0 0 1.8 0 0 0 0 0 0 0 0 0 0 0 0.2 0 0 0 0 0 1.4000000000000001 0 0 0 0.2 0 0 0 0 0 0 0 0 0 0 0 0 0 0 0 0 0 0 0 2.8000000000000003 0 0 0 0 0 0 0 0 0 0.4 0 0 0 0.4 
 26.400000000000002 27.400000000000002 43.6 18.6 19 7.800000000000001 14.200000000000001 56.2 0 16 62.400000000000006 13.600000000000001 19.200000000000003 23.200000000000003 60 70.60000000000001 10.8 19.6 49.6 50.2 0 0 0 0.6000000000000001 0.4 0.6000000000000001 0 0 0 0 0 0 0.4 0 0 0 0 0 0.6000000000000001 0 0 0 3.4000000000000004 0 0 0 0 0 0 0 0 0 0 0.4 0 0 0 0 0 0 0 0.4 0.6000000000000001 0.4 0 0 0.6000000000000001 1.2000000000000002 0 0 0.6000000000000001 0 0.6000000000000001 0 0 0 2.8000000000000003 0.6000000000000001 0.4 0 3 3 4.6000000000000005 3.6 0.4 0.2 4 8 16.6 4.800000000000001 1.8 6.2 3.8000000000000003 0.2 5 1.4000000000000001 2 0.2 0.2 1.2000000000000002 0 0 0 0 0 0 0 0 0 0 0 0 0 0 0 0 0 0 5.6000000000000005 0 0 0 0 0 0 0 0 0 0 0 0 0 0 0 0 0 0 0 0 0 0 0 2.2 0 0 0 0 0 0 0 0 0 0 0 0 0.8 2.8000000000000003 0 0 4.4 0 1.2000000000000002 3 7 2.8000000000000003 14 3.2 2 2.4000000000000004 2.4000000000000004 0 0.2 0 0.8 5.4 0 3 1.4000000000000001 0.4 0.2 0 0 0 0 0 0 0 0 0 0 0 0 0 3.2 0 0 0 0 0 0 0 0 0 0 0 0 0 0 0 0 0 0 0 0 0 0 0 0 0 0 0 0 0 0 2.8000000000000003 0 0 0 0 0 0 0 0 0 2 0 0 0 0 0 0 1.8 0 0 0 0.4 0.2 0 0.2 0 1.6 0 0 0 0 0 0 0 0 0 0 0 2.2 0 0 0 0 0 0 0 0 0 0 0 0 0 0 0 0 0 0 0 0 0 0 0 0 0 0 0 
 12 41 49.2 34.6 39.400000000000006 12 9.200000000000001 32.6 16 0 48.400000000000006 6.6000000000000005 22 43.800000000000004 62.400000000000006 104.60000000000001 45.800000000000004 6.2 28.8 43.400000000000006 0.2 0 0 0.6000000000000001 0.2 0.6000000000000001 3.2 0 0 0 0 0 24 6.6000000000000005 0 0.4 0 0 1.6 0 0 0 0 0 0 0 0 0 0 0 0 0 0 0.6000000000000001 0 0 0 0 0 6.800000000000001 0 0.6000000000000001 0.4 0.4 0 0.2 0.4 0.6000000000000001 0 0.4 0.2 0 0.6000000000000001 0 0 0 0.6000000000000001 0 0.4 0 0 9.600000000000001 0 3.6 8.6 2.8000000000000003 0 7 4 2.2 3.2 4.6000000000000005 0 0 4 5 3.8000000000000003 0.4 0 0.2 0 0 0 0 0 0 0 1.6 0 0 0 0 6.800000000000001 0 0 3.2 0 0 0.2 2.8000000000000003 0 0 0 0 0 0 0 0 0 0 0 0 0 0 0 0 0 0 0 1.2000000000000002 0 0 1.4000000000000001 0 0 0 0 0 0 0 0.6000000000000001 0 0 0.4 4.4 0 0 0 0 0.4 1.4000000000000001 7.4 1.6 2.2 5.4 5 0 4.800000000000001 6 3.8000000000000003 2.4000000000000004 6.800000000000001 0 2 0 3.8000000000000003 3.2 2.2 0 0.2 2.2 0 0 0 0.4 2 3.6 0 2.6 0 0 0 3 6.2 3.2 0.4 0 0 0 3.4000000000000004 0 0 0 0 0 0 0 0 0 0 0 0 0 0 0 0 0.4 0 0 0 0 0 0.2 0 0 0 0 0 0 0 0 0 0 0 0 0 0 0 0 0 0 0 0 0 0 0.8 27.400000000000002 0 0.2 0.2 0 2.6 0 0 0 0 0 0 0 0 0.4 0 0 0 0 0 0 0 0 0 0 0 0 0 0 0 0.6000000000000001 3.6 0 0 0 0 0 0 0 0 0 0 0 0 
 7.6000000000000005 41 43.800000000000004 29.200000000000003 96.80000000000001 14.200000000000001 6 23 62.400000000000006 48.400000000000006 0 28.8 5.6000000000000005 4 20 40.400000000000006 68 37.2 8.4 78.80000000000001 0 0 0 0.2 0.4 0.6000000000000001 14.8 0 0 0 0 0 14.8 0 0 0 0.4 0 16.6 0.2 0 0 0.6000000000000001 0 0 12.8 0 0 0 0 0 0 0 0 0 0 0 0.4 7.6000000000000005 0 0 0 0 0 0 0 0 0 0.2 0 0 0 0 0 0 0 0 0 0 0.6000000000000001 2.6 2.8000000000000003 0 9.8 1 3 0 4.800000000000001 0 3.4000000000000004 0.2 3.6 0 0 0 6 6.6000000000000005 2.4000000000000004 0 0 0 0 0 0 0 0 2.6 0 0 0 0 0 5 0 0.4 0 0 0 7.4 1.6 0 5 0 0 0 0 0 0 0 0 0 0 0 1.4000000000000001 0 0 0.4 0 0 0 0.2 0 0.4 0 0 0 0 0 0 0.2 3.6 0 0.2 0 0 0 0 0 0 0 0 0.4 2 2 0 3.2 0.4 1.4000000000000001 0.2 0.2 9.200000000000001 1.8 0 0 3 8.200000000000001 2.2 3.8000000000000003 0 0 4.6000000000000005 0 0 0 0 0 4.2 0 0 0 0 0 5 14.200000000000001 2 0 0 0 0 11.4 0 0 0 0 0 0 0 0 0 0 0 2 0 0 0 0 0 0 0 0 0 0 0 0 0.2 0 0 0 2.2 0 0 0 0 0 0 0 0 0 0 0 0 0 0 0 0 0.2 0.4 0 0 0.6000000000000001 0.2 2.2 3.6 0 0 0 0 0 0 0 0 0 0 0 0 0 0 0 0 0 0 0 0 0 0 3 2.4000000000000004 0 0 0 0 0 0 0 0 0.2 0 0 0 0 
 6 4.4 11.8 33.800000000000004 15 9.4 7 6.6000000000000005 13.600000000000001 6.6000000000000005 28.8 0 6.6000000000000005 10.600000000000001 27 12.600000000000001 41.6 28.8 13 5.2 15 0 0 1 0.4 0.4 4.800000000000001 0 0 0 0 0.2 14.600000000000001 0 14.8 0 0 0 0.8 0.2 0.2 0 0 0 0 0.2 0 0 0.2 0 0 0 0 0.4 0 0 0 11.600000000000001 0 0 0 0.2 0.6000000000000001 0.6000000000000001 0 0 0.6000000000000001 0.2 0.2 0 0.6000000000000001 0 0.6000000000000001 0 0 0 0.6000000000000001 0 0.4 0 2.8000000000000003 0 0.2 2.2 2.8000000000000003 0 0 0 0 2 4 6.6000000000000005 2.2 0 0 0 1.8 3 0.4 5.2 3.8000000000000003 1 0 0 0 0 3 2.2 0 0 1.6 0 3.6 0 0 2.8000000000000003 0 0.2 3 1.2000000000000002 0 0 0 0 0 0 0 0 0.2 0 0 0 0 0 0 0 0 0 0 0 0 0 0 0 0 0 0 0 0 0 0 0 0 0 0.2 0 0 0 0 0 0.2 1 3.8000000000000003 2.6 0.2 0 0 2 2 5.6000000000000005 0.2 0 0 0 2 0 2.8000000000000003 2.2 0 0 7.6000000000000005 0.2 0 0 0 0.6000000000000001 3.2 0 0 0 0 0 0 4.4 1.4000000000000001 3.2 0.2 0 4.4 4.800000000000001 0 0 0 0 0 0 0 0 0 0 0 5 0 0 0 0 0.4 0 0 0 0 0 0.2 2.4000000000000004 0 0.2 0 0 2.8000000000000003 0 0.4 0 0 0 0 0 0 0 0 0 0 0 0 0 0 0.4 17.6 0 1.2000000000000002 17.2 1.2000000000000002 1.4000000000000001 4.800000000000001 0 0.4 0 0 0 0 0 0 0 0 0 0 0 0 0 0 0 0 0 0 0 0 2.8000000000000003 0 2.8000000000000003 0 0 0 0 0 0 0 0 0 0 0 0 
 24.200000000000003 15.200000000000001 17.6 12.600000000000001 16.2 49 58 64.8 19.200000000000003 22 5.6000000000000005 6.6000000000000005 0 31.400000000000002 5.6000000000000005 25.200000000000003 8.200000000000001 6.800000000000001 20.400000000000002 40.6 0 0 0 0.6000000000000001 0.4 0.4 0 0 0 0 0 0 0 0 0 0 0 0 0.6000000000000001 0 0 0.2 0 0 0 1.2000000000000002 0 0 0 0 0 0 0 0.4 0 0 0 0 0 0 0 0.2 0.6000000000000001 0.6000000000000001 0 6.2 0.6000000000000001 0.2 0.6000000000000001 0 0.6000000000000001 0 0.6000000000000001 0 0 0 0.6000000000000001 0 0.4 6.4 1.8 2.6 0.6000000000000001 0 0 0 4.4 3 3.4000000000000004 0 0 0 6.800000000000001 2.2 2.8000000000000003 1.2000000000000002 3 0 2.6 7.4 0.4 0 0 0 0 0 0.2 0 0 0 0 0 0 0 0 0 0 0 0 0 0 0 0 0 0 0 0 0 0 0 0 0 0.2 0 0 0 0 0 0 0 0 0 0 0.2 0 0 4.2 0.8 0 0 0 0 0 0.2 0 0 0 0.4 0 0.2 1.6 2 5.4 4.4 2 0 2.8000000000000003 0.2 3.2 0 0 1.6 0 2 0 0.4 1.8 0 2.2 3.2 0 0 0 0 0.2 0.4 0 0 0 0 0 0 0 0 0 0 0 0 0 0 0 0 0 0 0 0 0 0 0 0 0 0 0 0 0 0 0 0 0 0 0 0 0 0 0 0 0 0 0 0 0 0 0 0 0 0 0 0 0 0 0 0 0 0 0 0.4 0 0.4 0.2 0 0.4 2 0 0 0 0 0 0 0 0 0.2 0 0 0 0 0 0 0 0 0 0 0 0 0 0 0 0 0 0 0 0 0 0 0 0 0 0 0 0 0 
 52.800000000000004 27.6 23.8 38.2 26.400000000000002 18.400000000000002 34.2 36.6 23.200000000000003 43.800000000000004 4 10.600000000000001 31.400000000000002 0 38.800000000000004 30.6 10.8 6.2 25 34.2 0 0 0 0.6000000000000001 0.4 1 0.6000000000000001 7.4 0.4 0.4 0.6000000000000001 0.6000000000000001 0.2 0.4 0 0 0 0 0.6000000000000001 0 0 0 0 0 0 0 0.6000000000000001 0 0 0 0 0.2 0 0.4 0.2 0 0 0 0 1 0 0.8 0.6000000000000001 1.2000000000000002 0 0 0.6000000000000001 0.2 0.2 0 0.6000000000000001 0 0.6000000000000001 0 0 0 0.6000000000000001 0 0.4 0 2.4000000000000004 4.800000000000001 10.4 2 2 1.8 1.8 8.200000000000001 2 4.4 2.8000000000000003 0 2 1.8 2.8000000000000003 1.2000000000000002 3.6 6.6000000000000005 0 0 0 0 0 0 0 0 0 0 0 0 0 0 2.6 0 0 0 0 0 2.8000000000000003 0 0 0 0 0 0 0 0 0 0 0 0 0 0 0 0 0 0 0 0 0 0 0 0 0 0 0 0 0 0 0 0 0 0 0 0 0 1 0 0 0 4.2 10.200000000000001 2.6 2.2 4.4 12 5.6000000000000005 6 6.2 0 1.8 4.2 0.2 14.200000000000001 3.6 6.2 4.800000000000001 3.6 3.8000000000000003 0 0 0 0 0 0 0 0 0 0 0.8 0 0 0 0 0 0 0 0 0 0 0 0 0 0 0 0 0 0 0 0 0 0 0 0 0 0 0 0 0 0 0 0 1.4000000000000001 0 0 0 0 0 0 0 0 0 0 0 0 0 0 0 0 0 0 3.6 0 0 0 0 0 0 0 0.4 0.4 1 0 0 0 0 0 0 0 0.4 0 0 0 0 0 0.2 0 0 0 0 0 0 0 0 0 0 0 0 0 0 0 0 0 0 0 0 0 0 0 0 
 6 22.400000000000002 30 32.800000000000004 51.800000000000004 12.8 14.4 28 60 62.400000000000006 20 27 5.6000000000000005 38.800000000000004 0 80.2 29.8 78.80000000000001 19.8 20 0 0.2 0.8 1 0.4 0.4 0.2 0 0 0 0 0 29.6 0 0 14.600000000000001 0 0.6000000000000001 8 0 0 0 1.2000000000000002 0 0 12.600000000000001 0 0 0 0 0 0 0 0.4 0 0 0 0 0 0 0 0.2 0.6000000000000001 0.6000000000000001 0 0 0.6000000000000001 0.2 0.2 0 0.6000000000000001 0 0.6000000000000001 0 0 0 0.6000000000000001 0 0.4 0 5.800000000000001 0 7.800000000000001 2.2 5.2 1.6 0 2.4000000000000004 12.200000000000001 7.800000000000001 2.6 4.2 0.4 2.6 8.8 9.600000000000001 4.4 3.6 0 0 0 0 0 0 0 0 0 0 0 0 0 0 0 0 0 0 0 0 2.2 0 0.4 0 0 0 0 0 0 0 0 0 0 0 0 0 0 0 0 0 0 0 0 0 0.8 0 0 0 0 0 0 0 0.8 0 0 0 0 0 0 0 0 0 0 0.6000000000000001 3.4000000000000004 4.2 3.2 5.4 0 7.4 0.4 0.6000000000000001 5 2.4000000000000004 0 0 0.8 10.200000000000001 3.8000000000000003 3.8000000000000003 3.6 0 0.2 0 0 0 3 0 0 0 0 0 0 0 0.6000000000000001 2.2 0 0 0 0 0 0 0 0 0 0 0.2 0 0 0 0 0 0 0 0 0 0 0 0 0 0 0 0 0 2.4000000000000004 0 0 0 0 0 0 0 0 0 0 0 0 0 0 0 0 0.2 0 2.6 0 0 0 0.2 0 0 0 0.6000000000000001 2 3.6 0 0.4 0 0 0 0 0 0 0 0 4.800000000000001 0 0 0 0 0 0 0 0 0 0 0 0 0 0 0 0 0 0 0 0 0 0 0 0 0 0 0 
 6.4 46 36.2 6.6000000000000005 78.4 16.400000000000002 108.4 23.6 70.60000000000001 104.60000000000001 40.400000000000006 12.600000000000001 25.200000000000003 30.6 80.2 0 34.800000000000004 57 26.400000000000002 27.200000000000003 0 0.2 31.400000000000002 0.6000000000000001 0.4 0.4 0 0 0.4 0 0 0 15.600000000000001 0.4 0 0 0 0 10 0 0 0 1 1.2000000000000002 0 0 0 0 1 0 0.2 0.4 0 0.4 0 0.4 0 0 0 0 0 0 0.6000000000000001 0.6000000000000001 0 0 0.6000000000000001 0 0.4 0 0.6000000000000001 0 0.6000000000000001 0 0 0.2 0.6000000000000001 0.8 0.4 0 2.8000000000000003 2 1.8 6.4 0.4 0 1.8 4.800000000000001 10.600000000000001 0.4 2.8000000000000003 1.8 0 8.4 7 11.200000000000001 9.200000000000001 2.2 0 0 0 1.8 0 3.2 0 4 0 0 0 0 3 0 0 0 0.2 0 0 0 1.6 1.8 0 0.4 0 0 0 0 0 0 8.200000000000001 0 0 0 0 0 0 0 0.2 0 0 0 0.4 0 0.4 0 0 0 0 0 0 2.4000000000000004 0.4 0 0.4 0 0 0 0 0 0 0 3.6 14.200000000000001 2.8000000000000003 3.6 1.4000000000000001 2.8000000000000003 4.2 1.6 5.2 0 4.4 6.4 0 5.800000000000001 0 1.6 4.800000000000001 0 3.2 0 0 0 0 0 0 0 0 0 0 0 0 0 2 0.2 0 0 0 0 0 0 0 0 0 0 0 0 0 0 0 0 0 0 0 0 0 0 0 0 0 0 0 0 0 0 0.4 0 0 0 0 0 0 0 0 0 2.6 0 0 0 0 0 0 2.6 0 0 0 0 0.2 0.2 0.8 0.2 0.2 2 0 0 0 0 0 0.4 0 0 0 0 3.2 0 0 0 0.4 0 0 0.6000000000000001 0 0 0 0 0 0 0 0 0 0 0 0 0 0 0 0.4 0 0 0 0 
 5.2 41 37 16.8 37.2 28.400000000000002 12 4.2 10.8 45.800000000000004 68 41.6 8.200000000000001 10.8 29.8 34.800000000000004 0 61.400000000000006 10.200000000000001 7.2 14.8 0 0 0.6000000000000001 0.2 0.6000000000000001 29.8 0 0.8 0 0 0 43 15.200000000000001 0 0 0.4 0 33.4 0.2 0 0 0 0 0 12.200000000000001 0 0 0 0 0 0.8 0 1.2000000000000002 0 0.8 0 0 0 0.4 0 1.6 0.6000000000000001 0.4 0 0 0.6000000000000001 0.4 0.4 0 0.6000000000000001 0.6000000000000001 0.6000000000000001 0 0 0 0.6000000000000001 0 0.4 0.4 0.2 0.8 0.2 9.600000000000001 5.6000000000000005 2.4000000000000004 0 0 0.2 3 5.800000000000001 3.2 0 0 0 12.8 1.8 7.2 0 0 0 0 0 0 0 0 1.8 1.4000000000000001 0 0 0 0 4.4 0 0 0 0 0 6.800000000000001 2 0 0 0 0 0.2 0 1.6 0 0 0 0 0 0 0 0 0 0 0 1.4000000000000001 0 0 0 4.800000000000001 0 0 0 0 0 1 0 1.6 0 0 0 0.8 0 0 0 0 0 0 0.4 3.2 0 0 5.800000000000001 0 0 0 2.8000000000000003 9.4 4.4 0 0 2.4000000000000004 12.200000000000001 0 4.4 0 0 6.800000000000001 0 0 0 0 0 4.2 0 0 0 0 0 4.6000000000000005 13.4 5.800000000000001 0 0 0 2.6 4.800000000000001 0 0 0 0 0 0 0 0 3 0 0 1 0 4 0 0 0 0 0 0 0 0 0 0 0 0 0 0 0 0 0 0 0 0 0 0 0 0 0 0 0 0 0 0 0 0 19.8 0 0.2 15.200000000000001 0 1.2000000000000002 3.6 0 0 0 0 0 0 0 0 0 0 0 0 0 0 0 0 0 0 0 0 0 0 1 3.2 0 0 0 0 0 0 0 0 0 0 0 0 0 
 3.4000000000000004 23.400000000000002 7 22 27 34.800000000000004 15 66.8 19.6 6.2 37.2 28.8 6.800000000000001 6.2 78.80000000000001 57 61.400000000000006 0 29.6 23.200000000000003 0 0 0 15.4 0.6000000000000001 1 0 0.4 0 0.4 0 0 38.400000000000006 0.4 0.4 0 0.4 0 24.8 7.6000000000000005 0.2 0.6000000000000001 1.6 0 0 0 0.2 0 0.2 1.4000000000000001 1.2000000000000002 0 0.2 0.4 0 0 0 0 0.2 2.2 1 0.2 0.6000000000000001 0.6000000000000001 1.2000000000000002 0 1 0.2 0.2 0 0.6000000000000001 0 0.6000000000000001 0 0 0 1.8 0 0.4 0 2 2.4000000000000004 2.8000000000000003 8 8.200000000000001 0 3.6 7.2 6 4.4 1.6 0 0 0 4.4 12 11.200000000000001 5.800000000000001 0 2 1.8 0.8 0 0 0 0 0 0.4 0 0 0 0 0 0 3.8000000000000003 0 0 0 6.800000000000001 0 0 0 0 0 0 0 0 0 0 0 0 0 0 0 0 0 0 0 0 0 0 0 0.4 0 0 0 0 0 0 0 1 0 0 0 0 0 0 0 0 0 0 0.4 4.4 4 6.6000000000000005 0.4 1.6 2.4000000000000004 0.4 0 5.2 4 0 4.2 0.6000000000000001 6.6000000000000005 2 0 0 0 2.8000000000000003 2.8000000000000003 0 0 0 0 0 3.6 0 0 0 0 10.600000000000001 2 0 4.4 0 0 2.6 6.800000000000001 0 0 0 0 0 0 0 0 0 0 0 0 0 0 0 0 0 0 0 0 0.4 0 0 0 0 0 0 0 0 0 0 0 0 0 0 0 0 0 0 0 0 0 0 0 0 0.4 0.4 0.6000000000000001 19.400000000000002 0 0 2.2 0 0.2 0 0 0 0 0 0 0 0 0 0 0 0 0.4 0 0 0 0 0 0 0 0 0 0 0 0 0 0 0 0 0 0 0.4 0 0 0 0.4 
 58 73.2 22.8 17 16.2 14.600000000000001 30.400000000000002 54.6 49.6 28.8 8.4 13 20.400000000000002 25 19.8 26.400000000000002 10.200000000000001 29.6 0 48 0.2 0 0 0.6000000000000001 0.2 1.8 0 0.8 0.4 0.8 0 0 0 0 0.8 0.4 0 0 1 40.2 0 0 0 0 0 0.2 0 0 0 1.2000000000000002 4 0 0.6000000000000001 0.6000000000000001 0 0 0 0 0 1.8 0 1.2000000000000002 0.4 0.4 1.2000000000000002 0.8 0.4 0.6000000000000001 0 0.4 0.2 0 0.6000000000000001 0 0.6000000000000001 0 3.4000000000000004 0 0.4 0 0 6.4 2.6 1.6 0 0.2 6.6000000000000005 9.200000000000001 2 1.6 0 1.2000000000000002 0 7.4 0.2 0 0 0 4.800000000000001 5.4 0 0 0 0 0 0 0 0 0 0 0 0 0 0 0 0 0 0 0 1.6 0 0 0 0 0 0 0 0 0 0 0 0 0 0 0 0 0 0 0 0 0 0 0 0 0 0 0 1.4000000000000001 0 0 0 0 0 0 0 0.8 0 0 0 1.4000000000000001 0 0 2.6 0 0 0 5.800000000000001 4.6000000000000005 2.6 0 0 0 1.8 4 1.8 0 0 0.2 2.2 3.2 0 0 0 0 1.8 0 0 0 0 0 0 0 0 0 0 0 0 0 0 0 0 0 0 0 0 0 0 0 0 0 0 0 0 0 0 0 0 0 0 0 0 0 0 0 0 0 0 0 0 0 0 2.4000000000000004 0 0 0 0 0 0 0 0 0 0 0 0 0 0 0 0.2 0 0.2 0 0.8 0 0 0 0 0 0 0 0 0 0.4 0 0 0 0 0 0 0 0 0 0 0 0 0 2 0 0 0 0 0 0 0 0 0 0 0 0 0 0 
 26.400000000000002 10 42.2 12.200000000000001 17 53.800000000000004 48 12 50.2 43.400000000000006 78.80000000000001 5.2 40.6 34.2 20 27.200000000000003 7.2 23.200000000000003 48 0 0 0 0 0.6000000000000001 0.8 0.4 0 0 0.6000000000000001 0 0.4 0.2 0 0 0.4 0 0 0 0.6000000000000001 0.2 0 0 0.6000000000000001 0 0 0 0 0 0 0 0 12.4 0 0.4 0 0 0 0 0 0 0 0 7 0.6000000000000001 0 0 0.6000000000000001 0 0.4 0 0.6000000000000001 0 0.6000000000000001 0 0 0.2 1.4000000000000001 0 0.4 0 0.2 5 0 4 0 0 12.200000000000001 3.4000000000000004 0.2 0 2 3.6 0 5.6000000000000005 0.2 0 0 4.2 3.2 4.2 0 0 0 0 0 0 0 0 0 0 0 0 0 0 0 0 0.2 0.4 0 0 0 0 0.4 0 0 0 0.2 0 0 0 0 0.2 0 0 0 0 0 0 0 0.2 0 0.2 0 0 0 0 0 0 0 0.2 0.4 0 0 0 0 0 0 2.4000000000000004 0.4 0 3 1.4000000000000001 0 1.6 0 0 5.6000000000000005 0 3.6 0 0 0 3.8000000000000003 0 0 0 0 0.2 0.2 0.6000000000000001 0 0 0 0 0 0 0 0 0 0 0.4 0 0 0 0 0 0.2 0 0 0 0 0 0 0 0 0 0 0 0 0 0 0.2 0 0 0 0 0 0 0 0 0 0 0 0 0 0 0 0 0 0 0 0 0 0 0 0 0 0 0.4 0 0 0.4 0 0 0 0 0.2 0.4 0 0 0 1 0 0 0 0 0 0 0 0 0 0 0 0 0 0 0 0 0 0 0 0 0 0 0 0 0 0 0 0 0 0 0 0 0 1.2000000000000002 0 0 0 0 
 0 0.4 0.2 0.4 16.2 15.200000000000001 0.2 0.8 0 0.2 0 15 0 0 0 0 14.8 0 0.2 0 0 32.800000000000004 21.200000000000003 14.200000000000001 11.200000000000001 52.400000000000006 76.2 26.6 10.200000000000001 37.4 51.800000000000004 24.400000000000002 11.4 27.400000000000002 55 11.4 58.2 18 30 42.6 0 0 0 2 0 0.8 0 0 0.4 0 0 0 12.4 0 1.2000000000000002 0 0.2 0 0 0.6000000000000001 5.4 0 0 6.800000000000001 0.2 0.4 0 0 0 0 0 0 0 0 0.6000000000000001 0 0 0 0.6000000000000001 0 0 0 0 0 2.4000000000000004 1.6 0 0 0 0 1 0 0 0 1.2000000000000002 0 2.8000000000000003 0 0 0 1.8 4.4 10.200000000000001 3 0 2 2 3 10.8 2.2 8.6 2.6 3.4000000000000004 6.4 6.6000000000000005 0 2.2 7.4 2.6 0 0 0.2 0 0 0.2 0 0 0 0 0 0 0 0 0 0 0 0 0 2.2 0 0 0 0 0 0 0 0 0 0 0 0 0 0 0 0 0 0 0 0 0 0 1.2000000000000002 0 0 0 0 0 0 0 0 0 0 0 0 0 0 0 0 0 0 4.6000000000000005 3 2.4000000000000004 2.6 0.2 0 5.800000000000001 2 7.800000000000001 0 0.2 0 4.6000000000000005 3.8000000000000003 3.6 2.2 0 0 5.4 1.8 0 0 0 0 0 0 0 0 0 0 0 0 4.2 0 0 0 0 0 2.2 0 0 0 0 0 0 0 0 0.2 0 0 0 0 0 0 0 0 0 0 0 0 0 0 4.4 0 0 0 0 0 0 15 0 0 0 0 0.6000000000000001 0.4 0 3 0 0 0.8 0 0 0 0 12.8 0 0 0 0 0 0 0 0 0 0 1.8 0 0 1.2000000000000002 0 0 0 0 0 0 3.4000000000000004 0 0 0 
 0.6000000000000001 0.8 0 0 14.8 30 0.4 0 0 0 0 0 0 0 0.2 0.2 0 0 0 0 32.800000000000004 0 37.800000000000004 78.2 38.6 10.200000000000001 72.8 22.400000000000002 21.400000000000002 54.6 23.8 36.2 11.600000000000001 25.200000000000003 32.800000000000004 41.400000000000006 10.4 31.6 23.8 42.800000000000004 0 0 0.4 0 0 1.4000000000000001 0 0 0.4 0 0 10.600000000000001 12.4 0 0 0 0 0 12.600000000000001 13 0.6000000000000001 0 0 0 0.4 0.4 0 0 0 0 9.600000000000001 0 0 0 1 0 0 0 0.4 0 0.4 0 0 0 0 11.600000000000001 0 0 0.4 0 0 0 0 0 0 0 2.8000000000000003 0 0 0 6.6000000000000005 0 5.4 2.8000000000000003 1.8 0 2.4000000000000004 0 4.800000000000001 2.8000000000000003 5.6000000000000005 0 2.4000000000000004 15.4 10.8 0.8 5.6000000000000005 9.4 0 4.800000000000001 0 0 3.4000000000000004 0 0 0 0.6000000000000001 0 0 0 0 0 0.2 0 0 0 0 0 0.4 0 0.2 0 0 0 0 0 0 0 2.4000000000000004 0.2 0 0 0 0 0 0 0 0 0 0 0 0 0 0.4 0 0 0 0 0 3.6 0 0 0 0 0 0.4 0 1.6 0 0 0.2 0.2 0 4.6000000000000005 3.4000000000000004 6.2 0 5.2 6.4 0 4.6000000000000005 7.2 2.4000000000000004 6 4 1.8 5.2 11.8 2 14.200000000000001 0.2 0 0 0 0 0 4.4 0 0 0 0 0 0 0.2 0 0 0 0.2 2.6 11.200000000000001 0 0 0 0 0 0 0 0 0 0 0 0 0 0 0 0 0 0 0 0 0 0 0 0 0 0 0 0 0.2 0 0 0.2 0 0 1.6 0 0.4 0.4 16 0.6000000000000001 0.4 10 0 0 0 0 0 0 0 0 0 0 0 0 0 0 0 0 0 0 0 3.2 0 0.4 0 3.6 2.4000000000000004 0 0 0 
 0 0.2 0 0 0 14.8 0 0.6000000000000001 0 0 0 0 0 0 0.8 31.400000000000002 0 0 0 0 21.200000000000003 37.800000000000004 0 37.4 56 11.600000000000001 14 60.6 52 45.400000000000006 28.400000000000002 48.400000000000006 21.8 11.8 32.4 49 38.800000000000004 25 28.400000000000002 84.4 14.200000000000001 0.2 0.4 0 0 0.8 0 0 0.2 0 0 0.2 0.2 0 0 0 0 0 0 0.6000000000000001 0 0 0 0 0.2 0.4 0 0 0 0 0 0 0 0 0.6000000000000001 0 0 0 1 0 0.2 4.6000000000000005 0 0 0 2.4000000000000004 0 0 0 0 0 0 0 0 0 0.2 0 0 0 0 11 1.8 2.8000000000000003 6.2 5.6000000000000005 4.2 0.6000000000000001 1.2000000000000002 5.800000000000001 2.2 2.4000000000000004 3 2.8000000000000003 3.6 6 5.4 3.6 6.800000000000001 0 0 0 0 0.2 0 0 0 0 0.2 0 0 0.2 0 3.6 0 0 0 2 0 0 1.8 0 0 0 0 0 0 0 0 0 0 0 0 0 0 0 0 0 0 0 0 0 0 0 0 0 0 0 0 0 1 0 0 0 0 0 0 0 7.4 0 0 2 3.4000000000000004 5.800000000000001 5.2 0.2 0.2 0 0 5 3.8000000000000003 0.2 2 9.200000000000001 0.4 0.4 3.2 6.2 0 2.2 6.800000000000001 1.8 0 0 0 0 0 2.8000000000000003 0 0 0 0 0 4 0 0 0 0 0 3.4000000000000004 1.8 0 0 0.2 0 0 0 0 0 0 0 0 0 0 0 0 0 0 0 0 0 0 0 0 0 0 0 0 0 0 0 0 0 0 0 0.8 0 0.4 8.6 0.4 0 0 0.2 0 0 0 0 0 0 0 0 0 0 0 0 0 0 0 0 0 0 0 2.4000000000000004 0 0 0 0 2.8000000000000003 0 0 0 
 1 0.6000000000000001 0.6000000000000001 0.6000000000000001 0.6000000000000001 0.6000000000000001 0.6000000000000001 0.6000000000000001 0.6000000000000001 0.6000000000000001 0.2 1 0.6000000000000001 0.6000000000000001 1 0.6000000000000001 0.6000000000000001 15.4 0.6000000000000001 0.6000000000000001 14.200000000000001 78.2 37.4 0 73.2 83.60000000000001 16.400000000000002 19 15.200000000000001 68.8 26.8 10.4 33.2 17 10.8 10 17 11.600000000000001 15 25.6 12.4 0 0 0 41.400000000000006 0.4 14.8 0 13.600000000000001 0 0 0 0 25.6 4.800000000000001 0 0 0 12.600000000000001 13.4 0 0 1 0 0.2 12.600000000000001 0 0 0 0 0 0 0 0 0.6000000000000001 0 0 0 0.4 0 0 0 0 0 0 2.6 0 0 0 0 0 0 0 0 0 0 0 0 0 0 5.2 0 0 2.2 3.4000000000000004 3 0 0.6000000000000001 2.2 3.6 2 5.2 0 0 2.8000000000000003 0 4 5.4 0.2 1.8 2 4.2 0.2 0 0 0 0 3.6 4.2 0 0 0 2 0 0 1.6 0.6000000000000001 0 2.4000000000000004 0 0 0 0 0 0 0 0 0 0 0 0 0 0 0 0 0 0 0 0.4 0.4 0 0 0 0 0 0 0 0 0 0.8 0 0.4 0 0 0 0 0 1.8 0 0 0 0.4 3.8000000000000003 2.8000000000000003 0 3.6 0 2.2 0 4.6000000000000005 1.6 9.8 0 0 4.6000000000000005 1.8 3.6 7.6000000000000005 0 5 6.4 3.8000000000000003 0 0 0.4 0 6 3.8000000000000003 0 0.4 0 0 0 1.6 1.8 0 2.2 0 5.2 3 0 0 0 0 0 0.2 0 0 0 0 0 0 0 0 0 0 0 0 0 0 0 0 0 0 0 0 0 0 0 0 0 0 0 0 1.8 0.2 0 0 15.200000000000001 0.4 1 1 0 0 0 0 0 0 0 0 2.6 0 0 0 0 0 0 0 0 0 0 0 0 0 0.4 0 0 0 0 0 
 0.4 1 0.8 0.2 0.4 0.4 0.2 0.6000000000000001 0.4 0.2 0.4 0.4 0.4 0.4 0.4 0.4 0.2 0.6000000000000001 0.2 0.8 11.200000000000001 38.6 56 73.2 0 93.80000000000001 52 33.4 11.600000000000001 55.6 63 65.8 39.6 39.400000000000006 15.8 64.60000000000001 10.4 9 25.400000000000002 18.6 12.8 0.8 0.2 0 0.2 0.4 0 0 0.2 0 0 0.2 0 12.600000000000001 0 0 0 0 18.400000000000002 17.8 0 0 0.4 0 0 0.4 0 0 0 10 0 0 0 0 0.2 0 0 0 0.4 0 0 0 0 0 0 0 0 0 0 0 0 0.4 0 0 0.4 0 0 0 0 0 0 0 0 1.8 6.4 2.6 0 0 2.4000000000000004 6.4 0 2.4000000000000004 0 0 0 0 0.2 8 0 0 2 1.2000000000000002 3.4000000000000004 0 0 0 2.8000000000000003 2.4000000000000004 2.4000000000000004 0 0 0.4 2.2 0 1.8 0 0 0 5 1 0 0 0 0 0 0.2 0 0 0.4 0 0 0 0 0 0 0.4 0 0 0 0 0.4 0 0 0 0 0 0 0 0 0.2 0.2 0 0 0 0.2 0 0 2 0 0.2 0 2.2 2.2 0 5.6000000000000005 0 0 0 5.2 3.8000000000000003 7.6000000000000005 6.4 0 0 2.6 0 2.4000000000000004 5.4 0 0.4 6.6000000000000005 1.4000000000000001 2.4000000000000004 0 0 0.2 6 3 0 0 1.6 0 4.4 0.2 0.4 0 2.4000000000000004 0 2.2 1.2000000000000002 0 0 0 0 0 0 0 0 0 0 0 0 0 0 0.4 0 0 0.2 0 0 0 0 0 0 0 0 0 0 0 0 0 0 0 0.4 0 0.4 0 0.6000000000000001 14.8 0 0.8 3.4000000000000004 0 0 0 0 0 0 0 0 0 0 0 0 0 0 0 0 0 0 0 10.600000000000001 0 0 0 0 0 0 0 0 
 0.4 0.6000000000000001 1.4000000000000001 0.6000000000000001 0.4 15.600000000000001 0.6000000000000001 0.4 0.6000000000000001 0.6000000000000001 0.6000000000000001 0.4 0.4 1 0.4 0.4 0.6000000000000001 1 1.8 0.4 52.400000000000006 10.200000000000001 11.600000000000001 83.60000000000001 93.80000000000001 0 10.200000000000001 66.8 10.200000000000001 71 19 12.4 12 11.200000000000001 54.2 75.8 13.200000000000001 57 53.800000000000004 52.800000000000004 12.8 1.4000000000000001 0.4 0.4 0.2 0.6000000000000001 14.200000000000001 0 0.8 0 0 0.2 0 0 12.8 12.4 1 15.200000000000001 25 25.400000000000002 0 0 0 0 0 0.4 0 0 0 0 0 1.2000000000000002 0 0 8.4 10 0 0 0.8 0 0 0 0 0 0 0 0 0 0 0 0 0 2.8000000000000003 0 0 0 0 0 0 0 0.4 0 0 0 7.800000000000001 3.6 0 1.2000000000000002 0 0 0 0 0 0 0 0.2 3 0 0 0 9 7.800000000000001 3.2 1.8 0 0 0 1.8 2.6 3 0 2.2 1.6 0 0 4 7 0 6.800000000000001 1.4000000000000001 0 0 4.2 0 0 0 0 0 0 0 0 0 0 0 0 0 0 0 0 0 0 0 0 3.8000000000000003 1 0 0 0.2 0 0 1.2000000000000002 0 0.8 0 0 0.4 0 0 0 0 0 0.4 2 3.2 2 0.4 0 1.2000000000000002 2.2 2.4000000000000004 0 2.8000000000000003 0 0 0 0.2 2.8000000000000003 2.2 0 0 7.6000000000000005 3 0.4 0 0 0 5 2 0 0 4.800000000000001 0 6.6000000000000005 1.4000000000000001 2.4000000000000004 3.8000000000000003 0 0 5.800000000000001 2.6 0 0.4 0 0 0 0 0 0 0 0 0 0 0 0 0 0 0 0 0 0 0 0 0 0 0 0 0 0 0.2 0 0 0.2 0 0 1.6 0 0.2 0.2 0 0.2 0.2 3.8000000000000003 0 0 0 0.2 1.6 0 0 0 3.8000000000000003 0 0 0 0 0 0 0 0 0 0 2.4000000000000004 0 0 0 0 0 0 0 0 
 0 1.2000000000000002 0 29.6 3.8000000000000003 0 0 0 0 3.2 14.8 4.800000000000001 0 0.6000000000000001 0.2 0 29.8 0 0 0 76.2 72.8 14 16.400000000000002 52 10.200000000000001 0 34.4 23.8 91.2 33 9 74.60000000000001 13.200000000000001 14.4 7.800000000000001 15 14.200000000000001 17.400000000000002 26.6 0 0 0 0.2 0.2 2.8000000000000003 0 0 0.2 0 13.4 12.4 0 0 0 0 0 0 0 11.8 0 0 0 0 0 0.4 0 0 0 0 0 0 0 0 0.2 0 0 0 0.4 0 0 0 0.2 4.6000000000000005 0.8 7 0 0 0 3 3.8000000000000003 3.2 0 0 0 0 0 3 0 0 0 3.4000000000000004 2.2 2.6 0 0.2 1 5.6000000000000005 0 0.2 1.8 3.8000000000000003 3 1.8 3.6 2.6 2.6 8.4 1 6.2 0 0 0 0 0 0 0 0 0 0 0 0 0 0 0 0 0 0.2 3.2 0 0 0 0 0 0 0 0 0 0 0 0 0 0 0 0 0 0 0 0 0 0 0.8 0 0 0 0.4 0 0 0 4 1.8 1.8 0 0 0.2 0 0 0 0 0 7.6000000000000005 1.8 3.2 4.800000000000001 0.2 0 7.6000000000000005 0 0.2 3 0 0 0.6000000000000001 2.4000000000000004 1 3.6 2.6 2 6 2.4000000000000004 0 0 0 0 0 0 0 0 0 0 0 1.8 1.8 0 0 0 0 0 0 0 0 0 0 0 0 0 0 0 2 0 0 0 0 0 0 0 0 0 0 0 0 0.4 0 0 0 0 12.200000000000001 0 0 19.200000000000003 0 0 3.8000000000000003 0 0 0.4 0 0.6000000000000001 0 0 0.2 0 0 6.4 0 0 0 0 0 0 0 0 0 0 0 1.8 0.6000000000000001 0 0 0 0 0 0 0 0 3.8000000000000003 0 0 0 0 
 0 0 0.6000000000000001 0 0 29.400000000000002 0 0.6000000000000001 0 0 0 0 0 7.4 0 0 0 0.4 0.8 0 26.6 22.400000000000002 60.6 19 33.4 66.8 34.4 0 35.4 39.400000000000006 9.4 21.400000000000002 20.6 83.80000000000001 9.8 87.4 48.6 37.2 45 70.4 6.4 1.4000000000000001 0.8 0 0 0.6000000000000001 0 0 0.4 0 0 0.4 0 0.2 0 0 0 0 13 13 0 0 0 0 0.2 0.4 0 0 10.200000000000001 0 0 0 0 0 0.6000000000000001 0 0 0 0.8 0 0 0 0 0 0 0.2 0 0 0 0 0 0 0 0 0 0 0 0 0 0 4.800000000000001 7 3.4000000000000004 2.8000000000000003 3.4000000000000004 0 5 1.4000000000000001 0 0 3.8000000000000003 0.2 0 4.6000000000000005 0 7.2 3.4000000000000004 4.2 0 3 0 0 0 0 0 0 0 0 0 0 0 0 2.4000000000000004 0 0 0 0 0 2.2 2.4000000000000004 0 0 0 1.2000000000000002 0 0 0 0 0 0 0 0 0 0 0 0 0 0 0 0 0 0 0 0 0 0.6000000000000001 0 0 0 0 0 0 0 0 0 0 0 0 0 0 0.2 0.6000000000000001 11.4 2.8000000000000003 2.2 2.2 3.4000000000000004 4.4 3.6 5.4 3.2 2.2 4 0 0 3.4000000000000004 7.2 2.4000000000000004 1 0 0 0.2 0 0 0 0 4.800000000000001 0 0 0 0 0 2.2 0 0 0 0 0 2 0 0 0 0 0 0 0 0 0 0 0 1 0 0 0 0 0 0 0 0 0 0 0 0 0 0 0 0 0 0 0.2 0 0 0 0 0 0 0 15.200000000000001 15.200000000000001 0.4 0 0.4 0 0 0 0 1.4000000000000001 0 0 0 0 0 0 0 0 0 0.4 0 0 3.6 0 3.4000000000000004 0 0 0 0 0 0 0 0 
 0 0 0.4 0 0 31.6 0 0.4 0 0 0 0 0 0.4 0 0.4 0.8 0 0.4 0.6000000000000001 10.200000000000001 21.400000000000002 52 15.200000000000001 11.600000000000001 10.200000000000001 23.8 35.4 0 8.8 60.6 59.2 26 20.6 46.6 34.800000000000004 12.8 32 38 17.2 0 4.4 0 0 0.2 1.2000000000000002 0 0 0.4 0 0 3.6 13 0 0 0 0.4 0 0 0.6000000000000001 0.4 0.2 0 0.4 0 0.4 0.4 0 0 0 0 0 0 0 0.2 0.2 0 0.2 1.4000000000000001 0.2 0 0 0 0 0 2.6 1.2000000000000002 0 0 0 0 0 0 0 0 0 0 0 0 0 8 1.6 6.2 4.2 4.6000000000000005 2.4000000000000004 9.8 0 4.800000000000001 1.6 2.4000000000000004 8.4 3 4.800000000000001 2.2 6.6000000000000005 1.4000000000000001 4.6000000000000005 0 2.6 0 0.2 2.6 0 0 0 0 0 0 0 0 0 0 0 2.8000000000000003 0 0 0 2.4000000000000004 0.2 0 0 0 1.6 0 0.4 0 0 0.2 0 0 0 1.4000000000000001 0 0 0.2 3.2 0 0 1.4000000000000001 0 0 0 0 0 0 0 0 0 0.6000000000000001 0.4 0 0 0 0.4 0 0 0 0 0 0 8 2.4000000000000004 11 5.2 0.2 0 2.8000000000000003 5.2 2.2 2.4000000000000004 0.4 0 0 0.6000000000000001 2.4000000000000004 3.4000000000000004 4.4 5.4 4 0 0.4 2.2 0 0 0.4 3 0 0 0 0 0 1.8 0 4 0 2.4000000000000004 0 0.2 0.2 0 0 0 0 0 0 0 0 0 0 0 0 0 0 0 0 0 0 0 0 0 0 0 0 0 0 0 0 0 0 0 0 0 0.2 2.4000000000000004 0 0.4 7.6000000000000005 15.600000000000001 0.4 0.2 0 0 0 0 0 0 0 0 0 0 0 0 0 0 0 0 0 0 0.2 0 0 0 0 0 1.2000000000000002 3 0 0 0 
 0 0 0 0.4 0 15 0 0.6000000000000001 0 0 0 0 0 0.4 0 0 0 0.4 0.8 0 37.4 54.6 45.400000000000006 68.8 55.6 71 91.2 39.400000000000006 8.8 0 69.60000000000001 48.2 58.6 89.2 14.8 48.400000000000006 59.6 64.4 10.600000000000001 45.2 6.4 0 0.2 0 0.2 0.4 14.200000000000001 0.4 0.4 12.4 0 0.4 0 4.4 0 0 0.2 0.2 0 0.6000000000000001 0 0.4 1 0 0 0.4 0.6000000000000001 0.2 0 0 0 0 0 0.4 0.2 0 0 0 0.4 0 0 0 0 0 0 2.2 0 0 0 0 0 0 0 0 0 0 0 0 0 0 3.6 0 0 0 0 5.800000000000001 1.2000000000000002 0.2 1.4000000000000001 2.8000000000000003 3.4000000000000004 4.4 0 0 5.6000000000000005 4.2 1.4000000000000001 4 0 0 0 0 0.2 0 0 0 6.2 0 4.800000000000001 0 0 3.2 4 2 0.4 0 0 0 0 1.4000000000000001 0 0 0 0 0 0 0 0 0 0 0 0 0 0 0 0 0 0 0 0 0 0 0 0 0 0 0 0 0 1 0 0 0 0 0 0 0 3.4000000000000004 0 0 0.2 0.4 0.2 2.4000000000000004 5.6000000000000005 0.6000000000000001 0 2 2.6 3 4.4 1.2000000000000002 5.800000000000001 0 5.6000000000000005 1.6 8 6 0.2 3.4000000000000004 5.6000000000000005 3.8000000000000003 0.4 0 0 0 0.2 3.8000000000000003 0 0 0 0 2.6 0 0.2 0 0.2 0 6.6000000000000005 1.8 0 0.4 0 0 0 0 0 0 0 0 0 0 0 0 0 0 0 0 0 0 0 0 0 0 0 0 0 0 0 0 0 0 0 0 2.2 0.4 0.6000000000000001 30.8 1.6 0.2 0 0 0 0 0 0 0 0 0 0 0 0 0 0 0 0 0 0 0 2.4000000000000004 0 4 0 0 0 0 0 0 0 0 
 0 0 0.8 0 0 15.8 0 0 0 0 0 0 0 0.6000000000000001 0 0 0 0 0 0.4 51.800000000000004 23.8 28.400000000000002 26.8 63 19 33 9.4 60.6 69.60000000000001 0 12.200000000000001 9.4 14.600000000000001 57.800000000000004 35 47.6 22.400000000000002 8.4 55.400000000000006 5.6000000000000005 1.2000000000000002 5.2 0 0 0.4 15 0 0.2 12.8 0 12.200000000000001 0 4.4 0 0 0.2 0 0 0.6000000000000001 9.200000000000001 0 1 0 0.2 0.4 0 0 0 0 0 0 0 0 0.6000000000000001 0 0 0 0.4 0 0 0 0 0 0 1.2000000000000002 0 0 0 0 0 0.4 0 0 0.4 0 0 0 0 0 0 4.800000000000001 11.4 4.800000000000001 4.800000000000001 17.2 0 0.2 10.4 0 3.2 9.600000000000001 0 2 0 1.8 1.6 7.2 0 3 0 5 2.6 0 0 0 4.2 0 4.4 0 0 0.2 0.2 2 1.8 0 0 0 4.6000000000000005 0 0 0 0 1.8 0 0.2 0 0 0.4 0 0 0 0 0 0 0.4 0 0 0 0 0.4 0 0 0 0 0 0 0 0 0.2 0.2 0 0 2 0.2 0 0 0.6000000000000001 0 0 3.2 1.6 5.2 1.6 2.4000000000000004 0.2 2.8000000000000003 2.8000000000000003 5.800000000000001 5.4 3 1.8 0 0 2.8000000000000003 0 2.2 1.2000000000000002 1.4000000000000001 0.4 4.4 3.8000000000000003 2.4000000000000004 0 0 0.2 3 3.8000000000000003 0 0 0 0 2.6 0 0.2 0 2.4000000000000004 0 0 0 0 0 0 0 0 0 0 0 0 0 0 0 0 0 0.4 0 0 0 0 0 0 0 0 0 0 0 0 0 1.2000000000000002 0 0 0.4 0 0.4 0 0 0 0.4 7.800000000000001 0 1.6 0 0 0 0 0 0 0 0 0 0 0 0 0 0 0 0 0 0 0 0 0 0 0 0 2.4000000000000004 0 0 0 0 
