 0 62.800000000000004 15.8 20.200000000000003 29.200000000000003 25 18.400000000000002 43.2 71.2 6 60.800000000000004 44.6 25.400000000000002 30.400000000000002 11.200000000000001 66 42.400000000000006 25.200000000000003 69 46.6 0 1.8 0 0.4 0 0.4 0 0.6000000000000001 0 0 0 0 0 0 0 0.6000000000000001 0.4 0 0 0 1.4000000000000001 0 0.4 0 0 0 0 0.4 12.8 0.4 0.2 0.2 0 0 0 0.4 0 0 0.6000000000000001 0 0 0 0.6000000000000001 0 0.6000000000000001 0 0 0 0.8 0.4 0 0 0 1.6 0 1.2000000000000002 0.4 10.4 0.2 0.2 9.200000000000001 8.8 0 3.2 0 0 0.2 8.6 2.8000000000000003 0 0 2 3 6.6000000000000005 7.4 1.2000000000000002 8.200000000000001 1.8 0 1.4000000000000001 2.6 1.6 0 0 0 0 0 0 0 0 0 0 0 0 0 0 0 0 1.8 0 0 0 0 0 0 0 0 0 0 0 0 0 0 0 0 0 0 0 0 0 0 0 0 0 0 0 0 0 0 0 0 0 0 0 0 0 0 0 0 0 0 3.4000000000000004 0 3.2 3.2 2 0 2.2 0.4 3.2 2.2 3.6 4.2 2.2 4.2 0.4 2.8000000000000003 0 0 0.2 0 0 0 0 0 0 0 0 0 0 0 0 0 0 0 0 2.2 0 3.4000000000000004 0 0 0 0 0 0 0 0 0 0 0 0 0 0 0 0 0 0 0 0 0 0 0 0 0 0 0 0 0 0 0 0 0 0 0 0 0 0 0 0 0 0 3.4000000000000004 0 0 0 0 28.400000000000002 0.4 0 0 0 0.2 0 0 0 0 0 0 0 0 0 0 0 0 0 0 0 0 0 0 0 0 0 0 0 0 3.4000000000000004 0 0 0 0 0 0 0 0 0 0 0 0 0 
 62.800000000000004 0 19 10.600000000000001 9.600000000000001 11.600000000000001 29.400000000000002 53.800000000000004 59 29.400000000000002 29.200000000000003 15.4 101.4 66.2 28.200000000000003 70.4 5.2 50.6 25.400000000000002 61.800000000000004 0 0 0 0 0 0.2 0 0.6000000000000001 0 0 0 0 0 0 0 0.2 0 0 0 0.2 1.4000000000000001 0.2 0.4 0 0 0 0 13 0 0.4 0 0 0 0 0 0.4 0.4 0 0.2 0 0 0 0.6000000000000001 0 0.6000000000000001 0 0.6000000000000001 0 0 0.6000000000000001 0 0 0 2.6 0 1.2000000000000002 0.4 0 0.2 0 3.4000000000000004 6 0 3.6 1.8 0 0 1.4000000000000001 0 2.4000000000000004 0.4 2.4000000000000004 2.4000000000000004 3.6 2.6 0 7.2 0.2 0 6 0 0 0 0 0 0 0 0 0 0 0 0 0 0 0 0 0 0 9.600000000000001 0 0 0 0 0 0 0 0 0 0 0 0 0 0 0.4 0 0 0 0 0 0 0 0 0 0 0 0 0 2.4000000000000004 0 0 0 0 0.4 0 0 0 0 0 0 0 0.2 4 0 2.2 0.6000000000000001 1.8 8.4 3.2 0 3 5.800000000000001 2.2 3.6 0.2 4 2.4000000000000004 0 0 1.8 2.8000000000000003 0 0 0 0 0 0 0 0 0 0 0 0 2.8000000000000003 0 0 0 2.8000000000000003 0 0.2 0 0 0 0 0 0 0 3 0 0 0 0 0 0 0 0 0 0 0 0 0 0 0 0 0 0 0 0 0 0 2.2 0 0 0 0 0 0.4 0 0 0 0 0 2 0 0 0 0 20 0 0.6000000000000001 0 0.2 3.6 0 0 0 0 0 0 0 0 0 0 0 0 0 0 0 0 0 0 0 0 0 0 0 5.800000000000001 0 2 0 0 0 0 0 0 0 0 0 0 0 0 
 15.8 19 0 33.2 44 25.6 33 18.2 65.2 90.80000000000001 23 6.2 31.400000000000002 10.4 48 55.800000000000004 42.6 58.6 48.800000000000004 6.6000000000000005 0 0 0 0 0 0.6000000000000001 0 0.6000000000000001 0.4 0 0 0 19.8 0 0 0 0.6000000000000001 0.2 4.800000000000001 0 0 0 0.6000000000000001 0 0 6.6000000000000005 0 13.600000000000001 0 2 0 0 0 0 0 0.4 0.2 0 0.6000000000000001 0 0 0 0.6000000000000001 0 0.4 0 0 0 0 0.4 0 0 0 0 0 0.2 0.4 0 0.2 0 0 4.4 9.600000000000001 3.2 0.2 0 0 3.8000000000000003 0.4 7.6000000000000005 7.2 2 0.2 0 0 10.600000000000001 4.800000000000001 7 0 5.6000000000000005 2.8000000000000003 0 0.2 0.2 0 0 5.6000000000000005 3.6 0 0 0 0 4 0 1 0 12 0 0 0 0 0 0 0 0 1.8 0 0 0 0 0 2 0 0 0 0 0 0 0 0 0 0 0 1 0 1.4000000000000001 0 0 0 0 0 0 3.2 0 0 0 0 0 0 1.4000000000000001 2.6 0.2 3 3.6 4 1 4.2 0.2 1.8 3.8000000000000003 7 1.2000000000000002 2.4000000000000004 2.6 5 1.8 5 3 3.4000000000000004 0 3.4000000000000004 0 0 0 0 0 0 0 0 0 0.4 0 6.4 3.4000000000000004 9.200000000000001 0 0 0 6.2 4 0 0 0 0 0 0.2 0 0 0 0 0 0 0 1.6 0 0 2.4000000000000004 0 0 2 0 0 0 0 0 0 0 0 0 0 0.2 0 0 0 2.6 0 0 0 0 0.4 0 0 0 0 0 0 0 0.4 18 0.4 0 0.8 3.8000000000000003 0 0 0 0 0 0 0 0 0 0 0 0 0 0 0 0 0 0 0 0 0 0 2 0.2 0 0 0 0 0 0 0 0 0 0 0 0 0 
 20.200000000000003 10.600000000000001 33.2 0 35.2 10.600000000000001 24.6 34.2 37.6 41.400000000000006 13.8 60.800000000000004 8.200000000000001 24.6 22.8 49.400000000000006 7.800000000000001 75.4 12.8 14.8 16.2 14.8 0 0 0 0.2 10.8 0.6000000000000001 0 0 0 0 25.6 15.200000000000001 0.6000000000000001 0 0.2 0.2 71.2 0.2 1.6 0 0.4 0 0 0 0 0.6000000000000001 0 0.4 0 0 0 0 0 0.4 0 0 0.4 0 0 0 1.4000000000000001 0 0.6000000000000001 18.2 0.4 0 0 0.6000000000000001 0 0 0 10.200000000000001 0 0 0.4 0.4 0.4 0 0.2 0 6.6000000000000005 1.6 5.2 1 2.6 2.2 4.6000000000000005 5 3.6 6.6000000000000005 0 0.6000000000000001 0 2.8000000000000003 3.6 2 0 0 0 5.6000000000000005 0 0 0 0 3 0 0 0.4 0 0 1.8 2 1.4000000000000001 0 0 0 8 0.4 0 0 0 0 0 0 0 0 0 0 0 0.2 0 0 0.6000000000000001 0 0 0 0 0 0 0 0 0 0 0 0 0 0.2 1.2000000000000002 0 0 0 0 0 0 0 0 0 0 1.8 0 0 5.6000000000000005 6.4 4 0 0.2 4 3.2 3.4000000000000004 3 0 0 3.6 2.4000000000000004 3.6 17.6 0.4 2.6 1.4000000000000001 0 2 0 0.2 0 0 5.4 2 0 0 0 5 2.8000000000000003 5.4 0 0 0 4.2 4.6000000000000005 0 0 0 0 0 1.6 0 0 0 0 0 0.2 0 0 0 0 0 0 0.4 0 0 0 0 0 0 0 0 0 0 0 0 0 0 0 0 0 0 0 0 0 0 0 0 0 0 0.2 0.6000000000000001 0 1.8 9.200000000000001 0.2 1 0 0 0 0 0 0 0 0 0 0 0 0 0 0 0 0 0 0 0.2 0 0 0 0 0 1.8 0 0 0 0 0 0 0 0 0.2 0 0 0 0 
 29.200000000000003 9.600000000000001 44 35.2 0 75.8 15.200000000000001 47 39.2 14.200000000000001 14.200000000000001 51.6 14 36.800000000000004 25.400000000000002 63.2 22 112.60000000000001 10.8 39 14.600000000000001 15.8 0 0 0 0.4 0.4 16 0 0 0 0 19.400000000000002 0.2 0.2 0 0 0 0 0 1.2000000000000002 0 0.4 0 0 0 0 0.4 0 0.4 0 0 0 0 0 0.4 0.6000000000000001 0 0.6000000000000001 0 0 0 1.2000000000000002 0 0.6000000000000001 0 0 0.2 0 0.4 0 0 0 0.2 0 0 0.4 0.4 0.4 0 0 2.4000000000000004 7 0 9 1 2 5.2 6.4 0.2 3.6 7.6000000000000005 0 0.2 1.8 3 8.6 0 0 0 0 6.6000000000000005 0.6000000000000001 0 0 0 2.2 0 2 0 0 0 4.2 0 6.2 2 0 0 0 1.4000000000000001 0 0 0 0 0 0 0 0 0 0 0 0.2 0 0 0 0 0 2.8000000000000003 0.6000000000000001 0 0 0 0 0 0 0 0 0 0 0 0 0 3.8000000000000003 0 0 0 0 0 0 0 1.2000000000000002 1.8 0 8 5.6000000000000005 3.2 0 0.8 0.2 5.6000000000000005 3.2 8.200000000000001 0.4 0.2 3 5.2 6.2 6.2 0 4 1 0 1.8 0 0 0 0 5.800000000000001 2 0 0 0 8.8 0 3.2 0 2.2 0 6.2 2.8000000000000003 0 0 0 0 0 0 0 0 8.200000000000001 0 0 0 0 0 0 0 0 0 0 0 0 0 0 0 0 0 0 0 0 0 0 3.2 0 0 0 0 0 0 0 0 0 0 0 0 0 1.4000000000000001 3.2 0.4 4.2 1.2000000000000002 0 1.2000000000000002 3 0.6000000000000001 0 0 0 0.2 0 0 0 0 0.2 0 0 0 0 0 0 0 0 0 0 0 0 2 1.8 2.4000000000000004 0 0 0 0 0 0 0 0 0 0 0 0 
 25 11.600000000000001 25.6 10.600000000000001 75.8 0 9.8 29.200000000000003 26.6 9 14.600000000000001 29 6.4 37.2 23.400000000000002 40.800000000000004 10.600000000000001 27.200000000000003 8.8 27.8 0 0.6000000000000001 3.6 0 1.2000000000000002 0.6000000000000001 16.2 5.2 0.2 0 15.600000000000001 0 1.2000000000000002 0.2 0 0 14.4 16.400000000000002 15.200000000000001 0 0 0 0.6000000000000001 0 0 0 1.2000000000000002 0.4 0 0.4 12 0 0 0 0 0.4 1 0.4 0.6000000000000001 0 0 0 1.4000000000000001 0 0.2 0 0 0 0 0.4 0 0 0 0 0 0.4 0.4 0.4 0.4 0 0 1.6 1.2000000000000002 0 0 2.4000000000000004 0 0 0 3.6 0 0 0 0 1.6 7.2 1.4000000000000001 1.6 0 0 3.8000000000000003 3 2.8000000000000003 0 0 0 4.2 3.2 3.4000000000000004 0 7.800000000000001 0 4.6000000000000005 2.8000000000000003 9.8 4 1.6 2 3.2 8 0 0 0 0 0 0 0 0 0 0 0 6 0 0 0 0 0 0 0 1.6 0 0 0 0 0 0 0 0 0 0 0 0 0.4 0 0 0 0 0 0 0 0 2 0 3.8000000000000003 1.8 1.4000000000000001 0 1.2000000000000002 0 3 1.4000000000000001 3.8000000000000003 0 0 2 0 1.4000000000000001 0 0 0 4.6000000000000005 1.4000000000000001 0 0 0 0 0.4 2 2 3 0 0 2.4000000000000004 5 0 3 3.4000000000000004 0 0 8.8 0 0 0 0 0 0 0 0 0 0 0 0 0 0 0 0 0 0 0.2 0 0 0 0 0 0 0 0 0 0 0 0 0 0 0 0 0 0 0 0 0 0 0 3.8000000000000003 0 0 0.2 2.4000000000000004 0 0.2 1.8 11 2 0 0 0 0 0 0 17 0 0 0 0 0 0 0 0 0 0 0 0 0 0 0 0 4.2 2.2 2 0 0 0 0 0 0 0 0 0 0 0 0 
 18.400000000000002 29.400000000000002 33 24.6 15.200000000000001 9.8 0 18.8 8.8 7.800000000000001 23.8 47 60 52.2 48.800000000000004 31.6 4.6000000000000005 48.800000000000004 48.6 51.400000000000006 0 0.4 6.2 0.4 0 0.2 0.2 0.6000000000000001 6.2 0 0 0.4 0 0 0 0 0.2 0 0 0.4 0.8 0 0.4 0.2 0 0 0 0.4 0 0.4 0 0 0 0 0 0.8 0 0 0.4 0 0 0 0.6000000000000001 0 0.6000000000000001 0 0.4 0 0 0.6000000000000001 0 0 0 1.6 0 1.8 0.4 0 0.2 0 10 5.4 0 0 0 0 0 2.4000000000000004 12.200000000000001 0 0 0 4.4 0 0 1.8 4.4 2.2 0 4 0 3.2 0 0 0 0 0 0 0 0 0 0 0 0 0 0 0 0 0 0 0 0 0 0 0 0 0 0 0 0 0 0 0 0 0 0 0 0 0 0 0 1 0 1.4000000000000001 0 0.8 0 0 0 0 0 0 0 0 0 0 0 0.6000000000000001 0 0 0 1.4000000000000001 4.6000000000000005 0 0 0 13 0 0 7.4 2.4000000000000004 3.6 0 3.4000000000000004 2.2 5.4 0 0 9.600000000000001 3.6 0 0 0 0 0 0 0 0 0 0 0 0 0 0 0 0 0 0 0 0 0 0 0 0 0 0 0 0 0 0 0 0 0 0 0 0 0 0 0 0.4 0 0 0 0 0 0 0 0 0 0 0 0 0 0 0 0 0 0 0 0 0 0 0 0 0 0.4 0.4 0 0.8 0.4 0 2 0 0 0 0 0 0 0 0 0 0 0 0 0 0 0 0 0 0 0 0 0 0 0 0 0 0 0 0 0 0 0 0 0 0 0 0 0 0 
 43.2 53.800000000000004 18.2 34.2 47 29.200000000000003 18.8 0 124 28.400000000000002 58.6 25 19.6 88.60000000000001 54 67.8 45 23.200000000000003 17.6 50.400000000000006 0 13 0.6000000000000001 17.8 0 0.4 0.8 0.6000000000000001 1.2000000000000002 0.6000000000000001 0 0.6000000000000001 1 0 0.6000000000000001 0 0 0.8 0 0.6000000000000001 1.8 0 1.8 0 0.4 0 0 0.4 0.4 1.4000000000000001 0.6000000000000001 0 0 0 0 1 0.8 13.200000000000001 1.2000000000000002 0 0.8 0 0.6000000000000001 0 1.2000000000000002 0.4 0.6000000000000001 0 0.4 0.6000000000000001 1 0.8 0 0.4 0.8 0 0.4 9.4 0.8 0.2 2.8000000000000003 8 2.2 0.2 3 0.2 3 9.600000000000001 2.6 2.2 0 3.8000000000000003 0.6000000000000001 16.8 11 2 5 0.8 1.4000000000000001 0 0 0 0 0 0 0 0 0 0 0 0 0 0 0 0 0 0 0 5.4 0 0 0 0 0 0 0 0.2 0.4 0 0 0 0 0 0 0 0.4 0 0 0 0 0 0 0 0 0 0.4 0 0 0.4 0 0 0 0.4 0 0 0 0 0 0 0 1.6 8.6 3.8000000000000003 0.2 2.4000000000000004 1.4000000000000001 0 5.6000000000000005 3.6 0 0 4.4 9 3.4000000000000004 10 4.6000000000000005 3.6 1.8 0 5.800000000000001 0 0.4 0 0 0.4 0 0 0 0 0 0 0 0.4 0 0 0 1.8 0 3.2 0 0 0 0 0 0 0 0 0 0 0 0 0 0 0 0 0 0 0.4 0 0 0 0 0 0 0 0 0 0 0 0 0 0 0 0 0 0 0 0 0 0 0 0.6000000000000001 0 0 0 0.4 43.2 0 0 0 0 2 0 0 0.2 0 0 0 4.4 1.8 0 0 0 0 0 0 0 0 0.4 0 0 0 0 0 0 0 0 0 0 0 0 0 0 0 0 0 0 0 0 2 
 71.2 59 65.2 37.6 39.2 26.6 8.8 124 0 119.2 20 25 14.200000000000001 59.6 20 124 43.800000000000004 39.6 15.200000000000001 34.6 0 12.600000000000001 0 0 0 0.4 3 0.8 0 0.2 0 0 35.6 0 0 0.2 0.2 0 18.6 0 0 0 0.4 0 0.6000000000000001 0 0 0.4 0 3.2 0 0 0 0 0.2 0.4 0.4 0 13.8 0 0 0 1.6 0 0.6000000000000001 0 0.2 0 0.6000000000000001 0.4 0 0 0 0 0 0 0.4 0 13.8 0 3.4000000000000004 0 2.8000000000000003 1.8 4.800000000000001 0 0 15.600000000000001 6 9.8 2.6 5.6000000000000005 0 0 0 4.4 3 5.4 0 0 2.8000000000000003 0 0 0 0 0 1.8 3.4000000000000004 0 0 0 0 5.800000000000001 0 0.8 0 0 0 3.2 0 0 0 0 0 0 0 0 0 0 0 0 2.2 0 0 0 0 0 0 0 0 0 0 0 0 0 0 0 0 0 1.2000000000000002 0 0 0 0 0 0 0 0 0 0 0 0 0 5.6000000000000005 0.8 4.2 0 0 8.4 3.2 7.4 0.8 0.2 0 0 2.4000000000000004 3.6 6 0 0 3 0 0 0 0 0 0 0.4 0 0 0 0 7.4 4.2 0 0 0.2 0 4 1.8 0 0 0 0 0 0 0 0 0 0 0 0 0 0 0 0 0 0 0 0 0 0 1.4000000000000001 0 0 1.8 0 0 0 0 0 0 0 0 0 0 0 0 0 0 0 0 0 0 0 0.2 0 0 18.2 1 0.2 1.4000000000000001 1.6 0 0 3.8000000000000003 0 0 0.4 0 0 0 0 0 0 0 0 0 0 0 0 0 0 0 0 0.2 4.6000000000000005 0 0 0 0 0 0 0 0 0 0 0 0 0 
 6 29.400000000000002 90.80000000000001 41.400000000000006 14.200000000000001 9 7.800000000000001 28.400000000000002 119.2 0 53.800000000000004 28 9.200000000000001 17.2 35.6 69.60000000000001 37.6 101.2 13.600000000000001 30.400000000000002 0.2 0 0 0.4 0 0.4 0 16 0 0 0 0 52.6 15 0 0 41.2 0 28 0 0 0 0.4 0 0 0 0 0.6000000000000001 0 1 0 0 0 0 0 0.4 0.6000000000000001 0 0.6000000000000001 0 0 0 1.6 0 0.6000000000000001 0 0 0 0 0.4 0 0 0 0 0 0 0.4 0.2 0.4 0 4 0.6000000000000001 2.4000000000000004 4.4 12.4 5.4 0 3.2 6.4 6 1.8 5.4 0 13 1.6 2.6 0.4 0 0 0 0 1.6 0 0.4 0 0 0 5.4 1.6 0 0 0 2.2 0 0 0 0 0 6.2 0 0 0 0 0 0 0 0 0 0 0 0 0 0 0 0.4 0 0 0 0 0 0 0 0 0 0 0 0 2 0 0.2 0 0 0 0 0 0 0 0 0.8 0 0 2.8000000000000003 1.8 3.2 0 9.8 0 2.2 6 0 1.6 0 3.4000000000000004 0 0 2.4000000000000004 3.2 4.800000000000001 0 0 2.4000000000000004 0 0 0 0 0 0 2.8000000000000003 1.6 0 0 0 2.6 1.4000000000000001 0 0 0 0 0 0 0 0 0 0.4 0 0.4 0 0 0 0 0 0 0 0 0 0 0 0 0.4 0 0 2.4000000000000004 0 0 0 0 0 0 4 0 0.4 0 0 0 0 0 0 0 0 0 0 0 0 0 0 0 0.4 0 0.6000000000000001 0.4 2 3.4000000000000004 1.8 0 0.2 0 0 0 0 0 0 0 0 0 0 0 0 0 0 0 0.4 0 0 0 0 0 0 0 0 0 0 0 0 0 0 0 0 0 0 0 
 60.800000000000004 29.200000000000003 23 13.8 14.200000000000001 14.600000000000001 23.8 58.6 20 53.800000000000004 0 38.2 13.8 26.8 29.8 23.8 69 37.2 16 112.60000000000001 0 0 0 0 0 0.8 0 0.6000000000000001 0 0 0 0 17.6 4.2 0.2 0 0 0.4 13 0 0 0 0.6000000000000001 0 0 0 0 13.4 0 1 0 0 0 0 0 0.4 0.8 0 0.6000000000000001 0 0 0 0.6000000000000001 0 0.4 0 0 0 0 0.4 0 0 0 0.6000000000000001 1 5.2 0.4 6.6000000000000005 0.2 0 5.4 5.4 0 0 5.2 7.6000000000000005 0 4.2 3.2 2.8000000000000003 0.2 3 2.6 4.2 0 1.6 19.6 0.4 0 0 0 5.6000000000000005 0 0 0 0 0 0 2.2 0 0 0 3.4000000000000004 0 0 0 0 0 2.2 0 0 2.4000000000000004 0 0 0 0 0 0 0 0 0 0 0 0 0 0 0 0 0 0 0 0 0 0 0 0 0 0 0 0 0 0 0 0 0 0 0 0 0 0 0 0.2 0 0 0 0 0 0 7 3.2 0 3.8000000000000003 6 4 0.2 2 4.4 0 0 0 7.2 0.2 0 0 0 0 6.800000000000001 4.4 0 0 0 0.4 0 3.6 0.4 1 0 0 2.6 0 0 0 0 0 0 0 0 0 0 0 0 0.2 0 0 0 0 0 0 0.2 1.4000000000000001 2.4000000000000004 0 0 0 0 0 0 0 0 0 0 0 0 0 0 0 0 0 0 0 0 0 0 0 0 0 0.2 0 0.6000000000000001 0 0.4 3.2 0 0 0 0 0 0 0 0 0.2 0 0 0 0 0 0 0 0 0 0 0 0 0 0 0 0 0 0 0 0 0 0 0 0 0 0 0 0 0 
 44.6 15.4 6.2 60.800000000000004 51.6 29 47 25 25 28 38.2 0 8.6 28.400000000000002 46 115.4 92.4 44.400000000000006 6 30 0.2 0 0 0.2 0 0.4 0 0.6000000000000001 0 0 0 0 29.8 0 0 0 0 0 0 0 0 0 0.4 0 0 0 0 13 0.2 0.4 0 0 0 0 0 0.4 0.6000000000000001 0.2 0.6000000000000001 0 0 0 0.6000000000000001 0 0.6000000000000001 0 0.2 0 0 0.4 0 0 0 0 0 0 0.4 0 0.2 0 0.8 2 7.800000000000001 5.2 10.200000000000001 0 2.4000000000000004 0 1.8 12.4 3.8000000000000003 3.8000000000000003 0 4 0 5.2 6 4.4 0 0 0.2 0.2 0 0 0 0 2 0 0 0 0 0 4.2 0 2.6 0 0 0 2.2 0 0 0 0 0 0 0 0 0 0 0.2 0 2.8000000000000003 0.4 0 0 0 0.2 0 0 0.2 0 0 0 0 0 0 2.2 0 0 1.8 0 0 0.2 0 0 0.2 0 0 0 0 4.2 0.2 0 6.6000000000000005 3 1 0 3 2.8000000000000003 3.8000000000000003 5.2 3.6 0 2.8000000000000003 5.4 2.8000000000000003 3.4000000000000004 3.6 0 2.8000000000000003 0 0 0 0 0 0 0 0.2 0 0 0 0 1.2000000000000002 4.4 0 0 0 0.2 8.8 8.8 0 0 0 0 2.6 0 0 0 0 0 0 0 0 0 0 0 0 0 0 0 0 0 0 0 0 0 0 0 0 0 0 0 1.2000000000000002 0 0 0 0 0 0 0 0 0 0 0 0 0 1 0.8 17.6 0 0.8 0.4 0 0 0.2 0 0 0 0 0 0 0 2.8000000000000003 0 0 0 0 0 0 0 0 0 0 0 0 4.6000000000000005 0.4 1.8 0 0 0 0 0 0 0 0 0 0 0 0 
 25.400000000000002 101.4 31.400000000000002 8.200000000000001 14 6.4 60 19.6 14.200000000000001 9.200000000000001 13.8 8.6 0 57.2 31.400000000000002 52.6 6.800000000000001 23.400000000000002 38.400000000000006 12.4 0 0 0 7.4 0.4 0.6000000000000001 0 0.6000000000000001 0.4 0.6000000000000001 0.4 1.4000000000000001 0 0 0 0 0 0.2 0 0 0.4 0 0.6000000000000001 0 0 0 0.4 0.4 0 0.4 0 0 0 0 0.4 0.4 0.4 6.800000000000001 0.6000000000000001 0.2 0 0 0.6000000000000001 0 0.2 0 0 0 0 0.4 0 0 0 1.4000000000000001 0 1.6 0.4 0 0.2 0.6000000000000001 3.8000000000000003 0.4 0 0.8 0 0 0 2.2 0 0 0 0 3.2 0 0 0.2 4.4 2.8000000000000003 4.6000000000000005 6 0 0 0 0 0 0 0 0 0 0 0 0.2 0 0 0 0 0 0 3.2 0 0 0 0 0 0 0 0 0 0 0 0 0 0 0 0 0 0 0 0 0 0 0 0 1.2000000000000002 0.4 4.2 0 0 0 0 0 0 0 0 0 0 0 0 0 0 0 0 4 0 0 0 4.6000000000000005 0.4 0 8.4 0 2.2 0 4 2 4.6000000000000005 0 0 5.800000000000001 3.8000000000000003 0 0 0 0 0 0 0 0 0 0 0 0 0 0 0 0 0 0 0 0 0 0 0 0 0 0 0 0 0 0 0 0 0 0 0 0 0 0 0 4.4 0 0 0 0 0 0 0 0 0 2.2 0 0 0 0 0 0.2 0 0.4 0 0 0 0 0 0 0 0.4 0 0.4 0.4 0 0.2 2 0 0 0 0 0 0 0 0 0 0 0 0 0 0 0 0 0 0 0 0 0 0 0 0 0 0 0 0 0 0 0 0 0 0 0 0 0 0 
 30.400000000000002 66.2 10.4 24.6 36.800000000000004 37.2 52.2 88.60000000000001 59.6 17.2 26.8 28.400000000000002 57.2 0 32 52.2 30.6 84.2 19.8 22.6 0 0 0 0 40.800000000000004 0.6000000000000001 0 0.6000000000000001 0 0 0 40.800000000000004 0 0 0 0 0 0 0 0 1.2000000000000002 0 0.6000000000000001 0 0 0 0 0.4 0 0.4 0 0 0 0 0 0.4 0.6000000000000001 0 0.6000000000000001 0 0 0 0.6000000000000001 0 0.4 0 0 0 0 0.4 0 0 0 0.8 0 0.8 0.4 0 0 0 0 5 4 0 0.2 0 1.8 8.200000000000001 6.4 0 0 0 3 2.4000000000000004 4.2 0 7.2 0 0.2 4.6000000000000005 0 0.2 0 0 0 0 0 0 0 0 0 0 0 0 0 0 0 0 0 0 0 0 0 0 0 0 0 0 0 0 0 0.4 0 0 0 0 0 0 0 0 0 0.4 0 0 0 0 0 0 0 0 0 0 0 0 0 0 0 0 0 0 5.4 5.800000000000001 2.2 0 3.2 0 2 4.800000000000001 2.8000000000000003 2.8000000000000003 5.6000000000000005 7.2 2 0 5 2.4000000000000004 5.4 2 2.8000000000000003 7.4 0 0 0 0 0 0.4 0 0 0 0 0 0.2 2 0 0 0 3.6 0 4.6000000000000005 0 0 0 0 0 0 0 0 0 0 0 0 0 0 0 0 0 0 0 0 0 0 0 0 0 0 0 0 0 0 0 0 0 0.4 0 0 0 0 0 0 0 0 0 0 0 0 0 18.2 0 0.4 0.4 0 0.6000000000000001 0 0 0 0 0 0 0 0 0 0 0.4 0 0 0 1.2000000000000002 0 0 0 0 0 0 0 0 0.6000000000000001 0 0 0 0 0 0 0 0 0 0 0 0 0 0 
 11.200000000000001 28.200000000000003 48 22.8 25.400000000000002 23.400000000000002 48.800000000000004 54 20 35.6 29.8 46 31.400000000000002 32 0 14 24 74.8 81.60000000000001 63.400000000000006 0 0.6000000000000001 0 0 0.4 0.4 0 1 0.6000000000000001 0 0 5.2 17.6 0 0 23 0 0 17 0 1.6 0 0.4 0 0 0 0 8.200000000000001 0 0.4 0 0 0.6000000000000001 0 0 0.8 1.2000000000000002 0.4 0.6000000000000001 0 0 0 1 0 0.6000000000000001 0 0 0 0 10.4 0 0 0 0 0.4 0 0.4 0.2 0 0 4 1.2000000000000002 8 2.4000000000000004 4.2 0 6.2 2 2.8000000000000003 5.4 3.2 2.8000000000000003 0 11.4 6 0 5 8.8 3 3 0 0.2 0 0 0 0 0 0 0 0 0 0 4 0 0 0 0.4 0 4 0 0.4 0 0 0 0 0 0 0 0 0 0 2.4000000000000004 2.8000000000000003 0 0 0 0 0 0 0 0 0 0 0 0 0.8 0 0 0 0 0 0 0 0 0 0 0 0.2 0 0.2 1.6 6.800000000000001 9.600000000000001 0.2 3.6 0 0.4 8.200000000000001 3.6 2.2 0.2 1.4000000000000001 2.8000000000000003 0 1.6 2.2 2 1.4000000000000001 4 5.2 0 0 0 1.6 0 0 0 0 0 0 0 0 0 2 0 0 0 0 5.2 0 0 0 0 0 0 0 0 0 0 0 0 0 0 0 0 0 0 0 0 0 0 0 0 0 0 0 0 0 0 0 0 0 0 0 0 0 0 0 0 0 0 0 0 0 0 0.4 0.8 0 0.2 0 2.8000000000000003 3.2 0 0 0.4 0 0 0 0 0 0 0 0 0 0 0 0 0 0 0 0 0 0 0 0 0 0 0 0 0 0 0 0 0 0 0 0 0 0 0 
 66 70.4 55.800000000000004 49.400000000000006 63.2 40.800000000000004 31.6 67.8 124 69.60000000000001 23.8 115.4 52.6 52.2 14 0 52.2 8.200000000000001 50.2 49 0.4 0 0 0 1.6 0.4 15.4 0.6000000000000001 0 0 0.8 0 26 18.8 0 0 0 14.600000000000001 15.8 0.4 0.4 0 0.6000000000000001 0 0 0 0 0.4 0.6000000000000001 0.4 0 0 0 13.4 0 0.4 0.6000000000000001 0 0.6000000000000001 0 0 0 1.8 0 0.4 0 0 0 0 0.4 0 0 0 0 0 0 0.4 0 0.2 0.6000000000000001 3.4000000000000004 3 2.2 5.2 5.6000000000000005 0 0 2.2 0 6.800000000000001 2 14 0.2 0 1.4000000000000001 2.2 1 7.2 0 1.4000000000000001 0 2.2 0 0 0 0 11.4 0 0 0 0.4 0 4.4 0.2 1.2000000000000002 0 0 0 4.4 0.4 0 0 0 0 0.2 0 0 0 0.4 0 0 2.4000000000000004 0 0 0 0 0 0 0 0 0 0 0 0 0 0 0.2 0 0 0.4 0 0 1.2000000000000002 0 0 0 0 0 0 0 0 2 2.8000000000000003 12.4 1.4000000000000001 1.8 3.2 0 5 10.600000000000001 2.8000000000000003 2.6 2.8000000000000003 0 0 3 1 3.8000000000000003 0 0.2 0 0 0 0 0 0 0 0.6000000000000001 0.4 0 0 0 5.2 3.6 0 1.4000000000000001 0 0 4.2 2 0 0 0 0 0 0 0 0 0 0 0.2 0 0.4 0 0 0 0 0 0 0 0 0 0 0 0 0.2 0.2 0 0 0 0 0 0 0 0 0 0 0 0 0 0 2.8000000000000003 0 0 0 0 0.2 0 18.6 17.6 0.4 2.2 2.6 0 0 0 0 0 0 0 0 0 0 0 0 0 0 0 0 0 0 0 0 0 0 0 3.8000000000000003 6.6000000000000005 0 0 0 0 0 0 0 0 0 0 0 0 
 42.400000000000006 5.2 42.6 7.800000000000001 22 10.600000000000001 4.6000000000000005 45 43.800000000000004 37.6 69 92.4 6.800000000000001 30.6 24 52.2 0 64.8 8.8 45.6 0 0 0 0 0 0.4 0.4 0.6000000000000001 0 0 0 0 16 0 0 0 0 0 0 0 0 0 0.4 0 0 0 0 0.4 0 0.4 0 0 0 0 0 0.4 0.4 0.4 0.6000000000000001 0.4 0 0 1.4000000000000001 0 0.6000000000000001 0 0 0 0 0.4 0 0 0 0 0 0 0.4 0.4 0.4 0 3.4000000000000004 0.2 4.6000000000000005 0 8.8 0 0.2 14.8 7.2 2.2 0 1.4000000000000001 1.2000000000000002 0.2 0 4.6000000000000005 3.6 4.800000000000001 0 0 3.2 0 0 0 0 0 0.2 0 0 0 0 0 13 0 2.2 0 0 0 0 4 0 0 0 0 0 0 0 0 0 0 0.2 2.8000000000000003 0 0 0 0 0.4 0 0 0 0 0 0 0 0 0 0.4 0.4 0 0 0 0 0 0 0 0 0 0 0 0 0 0.2 0 5.6000000000000005 2.8000000000000003 3.6 0 0 0 4.6000000000000005 2.6 2.8000000000000003 0 2.8000000000000003 0 3.6 11 9 0 0.2 0 0 0 0 0 0 0 0 0 0 0 0.2 9.8 2.6 0 0 1.8 0 4.4 2.8000000000000003 0.2 0 0 0 0 0 0 0 0 0 0 0 0 0 0 0 0 0 0 0 0 0 0 0 0 0 0 0 0 0 0 0 0 0 0 0 0 0 0 0 0 0 0 0 0 0 0.2 0 0.4 0.8 3.6 2.4000000000000004 2 0 0 0 0 0 0 0 0 0 2.2 0 0 0 0 0 0 0 0 0 0 0 0 0 5.800000000000001 0 0 0 0 0 0 0 0 0 0 0 0 0 
 25.200000000000003 50.6 58.6 75.4 112.60000000000001 27.200000000000003 48.800000000000004 23.200000000000003 39.6 101.2 37.2 44.400000000000006 23.400000000000002 84.2 74.8 8.200000000000001 64.8 0 23.200000000000003 48.2 0.2 0.6000000000000001 0 0.4 0.6000000000000001 0.8 0.6000000000000001 0.6000000000000001 1 0.6000000000000001 0 0.2 7 0.4 0 0 41.400000000000006 1 7 0 0 0.4 0.8 0 0 0 0.4 13.200000000000001 0.6000000000000001 1 0 0 0 0 0.4 0.4 0.4 14.600000000000001 0.4 0 0 0.4 1 0 1.2000000000000002 0 0.8 0.6000000000000001 0 2 0 0 6.6000000000000005 0 0.6000000000000001 0 0.8 1 0.4 0 3.2 2 10.8 7.6000000000000005 3.4000000000000004 0 2.6 5 5.2 3 2.8000000000000003 0.2 9.200000000000001 0.4 3.2 5.4 6.800000000000001 4.6000000000000005 0 0 0.8 0 0 0 0 0 2.6 0 0 0 0.2 0 4.800000000000001 0 0 0 2.6 0 0.2 0 0 0 0 0 0.2 0.4 0 0 3 0 0 2.8000000000000003 0 0 0 0 0 0 0 0 0 0 0 0.4 0 0 0 0 0 0 0 0 0.2 0 0 0 0 0 0 0 2 5 3 0.8 0.4 0.2 0 2 0 1.4000000000000001 0 2.2 0.8 2.8000000000000003 4.4 5 4.2 1.2000000000000002 0 3.6 0 0 0 0 0 0 0 0 0.2 0 0 0 0 2 0 0.4 0 0 7.6000000000000005 1.6 0 0 0 0 0 0 0 0 0 0 0 0 0 0 0 0 0 0 0 0.2 0 0 0.4 0 0 0.4 0 0 0 0 0 0 0.4 0 0 0 0 0 0 0 0 0 0 0 0 1 1 0 0.2 0.6000000000000001 2.8000000000000003 0 0 0 0 0 0 0 0 0 0 0 3.2 0 0 0 0 0 0 0 0 0 0 0 0 0 0 0.2 0 0 0 0 0 0 0 0 0 0 0 0 
 69 25.400000000000002 48.800000000000004 12.8 10.8 8.8 48.6 17.6 15.200000000000001 13.600000000000001 16 6 38.400000000000006 19.8 81.60000000000001 50.2 8.8 23.200000000000003 0 14 0.4 0 0.2 0 0 0.4 0 0.8 0 0 0 0.2 0 0.2 0 0.2 0.6000000000000001 0 0 0 0 0.6000000000000001 0.4 0 0.2 0 0 0.4 0 0.4 0 0 0 0 0 0.4 0.6000000000000001 0 0.6000000000000001 0 0 0 0.8 0 0.6000000000000001 0 6.4 0 0 0.4 0 0 0 1.2000000000000002 0 1.2000000000000002 0.4 0 0.2 0 2.2 0 0 0 0 0 0 0.6000000000000001 0 0 0 0 3.8000000000000003 0 0 0.6000000000000001 3.6 3.2 7.6000000000000005 4 0 0 0 0 0 0 0 0 0 0 0 0 0 0 0 0 0 0 0 0 0 0 0 0 0 0 0 0.4 0 0 0 0 0 0 0 0 0 0 0 0 0 0 0.4 1 0 2.4000000000000004 0 0 0.4 2 0 0.4 0 0 0 0 0 2.4000000000000004 0 0 0 0 12.200000000000001 0 0 0 10 0 0 4.2 0 1.8 0.2 0 3 0 0 0 5.800000000000001 0 0 0.4 0 0 0.4 0 0 0 0 3.4000000000000004 0 0 0.4 0 0 0 0 0 0.2 0 0 0.2 2.4000000000000004 0 0 0 0 0 0 0 0 0 0 0 0 1.2000000000000002 0 0.4 0 2.2 0 0 0 2.6 0 0 0 0 0 0 0 0 0.8 0 0 0 0 0 0 0 0 0 0 0 0 0.4 0 0 0.2 0 0 1.6 0 0 0 0 0 0 0 0 0 0 0 0 0 0 0 0 0 0 0 0 0 0 0 0 0 0 0 0 0 0 0 0 0 0 0 0 0 0 
 46.6 61.800000000000004 6.6000000000000005 14.8 39 27.8 51.400000000000006 50.400000000000006 34.6 30.400000000000002 112.60000000000001 30 12.4 22.6 63.400000000000006 49 45.6 48.2 14 0 0 0 0 0 0 0.4 0.4 0.6000000000000001 0 0 0 0 0 0 0 0 0 0 0 0 1.6 0 0.4 0 0 0 0 0.4 0 0.4 0 0.4 0 0 0 0.4 0.6000000000000001 0 0.8 0 0 0 0.6000000000000001 0 0.6000000000000001 0 0 0 0 0.4 0 0 0 0 0 0 0.4 10.4 0.2 0.2 3.8000000000000003 5.800000000000001 3.4000000000000004 10.4 4.6000000000000005 0 0.2 5.800000000000001 2.4000000000000004 7.6000000000000005 2.4000000000000004 5 8.6 9.200000000000001 9.200000000000001 2.6 3.4000000000000004 2.8000000000000003 0 2 0 3.6 0 0 0 0 0 0 0 0.2 0 0 0 0 0 0 0 0 7.4 0 0 0 0 0 0 0 0 0.2 0 0 0 0 0 0 0 0 0 0 0 0 0 0 0 0 0 0 0 0 0.2 0 0 0 0 0 0 0 0 0 0 0 2.8000000000000003 4 0 3.4000000000000004 5.6000000000000005 1.2000000000000002 0 2 2.2 0 0 6.4 5 4.6000000000000005 11.4 7.2 3.8000000000000003 0 0.4 0.2 0 0 0 0 3 0 0 0 0 0 0 0 0.2 0 0 0 2.2 0 3 0 0 0 0 0 0 0 0 0 0 0 0 0 0 0 0 0 0 0 0 0 0 0 0 0 0 0 0 0 0 0 0 0 0 0 0 0 0 0 0 0 0 4.800000000000001 0 0 0 0 20.200000000000003 0 0.2 0 0 0.6000000000000001 0 0 0 0 0 0 0 0 0 0 0 0 0 0 0 0 0 0 0 0 0 0 0 2.2 0 0 0 0 0 0 0 0 0 0.2 0 0 0 0 
 0 0 0 16.2 14.600000000000001 0 0 0 0 0.2 0 0.2 0 0 0 0.4 0 0.2 0.4 0 0 16.400000000000002 17 68.8 20.6 9 66.60000000000001 13.4 28.400000000000002 17.8 42.2 29.8 41.6 86.2 66 48.6 39.6 41.800000000000004 5.800000000000001 43.6 0.4 0.2 0 1.4000000000000001 0.2 1.6 0 0 0 12.600000000000001 13 0.6000000000000001 0 0 0 1.8 0 0 0 0 0 0 0 1.2000000000000002 0 10.600000000000001 0 0 0 0 0.6000000000000001 0 0.2 0 0 0 0 0.2 0 0.6000000000000001 0 0 0 0 0 4 0 0 0 0 5.6000000000000005 3.2 0 0 0 0 0 0.2 0 0 5.2 2.2 4.6000000000000005 8.8 0 3.6 1.8 2 0 0 4.4 0.2 4 18.6 2.6 5.6000000000000005 5.2 1.8 3.2 3.6 0 0 0 0 0 0 0.2 0 0 0 0 0 3.6 0 0 0 0 0 0 2 0 0.4 0 0 0 0 0 0 0 0 0 0 0 0 0 0 0 0 0 0 0 0 0 0.4 8 1 0 0.8 0 2.2 2.4000000000000004 0.8 0 0 0 0 0 3 0 0 3 4 4.4 2.8000000000000003 0 6.2 7 5.6000000000000005 1.6 7.4 1.4000000000000001 0 2.8000000000000003 5 8 7.800000000000001 6 0.6000000000000001 4.800000000000001 1.8 0 0 0 0 0 0 0 0.4 0 3.6 0 0 0 0 0 0 0 0 0 0 0 0 0 0 0 0 0 0 0 0 0 0 0 0 0 0 0 0 0 0 0 0 0 0 0 0 0 0 14.600000000000001 0 0 0 0 0.4 1.8 0 0.4 0 15.4 0.4 0.8 0 0 0 0 4.2 0 0 0 0 0 0 0 0 0 0 0 0 0 0 0 4.2 0 0 0 0 0 0 0 0 
 1.8 0 0 14.8 15.8 0.6000000000000001 0.4 13 12.600000000000001 0 0 0 0 0 0.6000000000000001 0 0 0.6000000000000001 0 0 16.400000000000002 0 66.60000000000001 33.4 51 5.800000000000001 96.80000000000001 35.4 51 19 7 41 54.400000000000006 21.8 28.400000000000002 58.6 70.8 12 6.6000000000000005 12.600000000000001 0.6000000000000001 0.4 0.4 0 0 0.4 0.2 1 0 0.4 0.6000000000000001 13.200000000000001 0 0 0.4 0.4 0.6000000000000001 0 25.8 0 0 0 0.4 0 0 0 0 0 0 0.4 0.4 9.4 0 0 0 0.4 0.6000000000000001 0.6000000000000001 0.4 0.8 0 0 0 0 0 2.4000000000000004 0 0 0 0 0 0 0 0 0 0 0 0 0 0 1.6 1 7.4 10.4 3.8000000000000003 2.2 0 0 6.800000000000001 3.8000000000000003 3 3.2 0 2.2 6.2 3.8000000000000003 2 10.4 0 3.8000000000000003 0 0 0 0 0 0 0.4 0 0 0 0 0 7.4 0 2.2 0 0 0 0 0 0 0 0 0 0 0 0 0 0.8 0 0 0 0 0 0 0 0 0 0 0 0 0 0 0 0 0 0 0 0 0 0 0 0 0 0 0 0 0 0 0 2.6 3.6 2.4000000000000004 2.8000000000000003 2.4000000000000004 0 0 0.2 2 9.8 2.8000000000000003 5.2 0 0 0 0 2.6 3.8000000000000003 0 0 2.8000000000000003 0 0 0 1 0 0.4 3.2 0 0 0 0 5.4 5 0 0 0 0 3.4000000000000004 2.8000000000000003 0 0 0 0 0 0 0 0 0 0 0 0 0 0 0 0 0 0 0 0 0 0 0 0 0 0 0 0 0 14.8 0 0 0 0 0.6000000000000001 0 0.4 0 0 0.4 0 2.2 0 0 0 0.2 2.2 0 0 0 0 0 0 0 0 0 0 0 0 0 0 0 0 0 0 4 0 0 0 0 
 0 0 0 0 0 3.6 6.2 0.6000000000000001 0 0 0 0 0 0 0 0 0 0 0.2 0 17 66.60000000000001 0 52.400000000000006 43 15.200000000000001 48.6 15.600000000000001 45 15.4 28.400000000000002 24 14.600000000000001 7.2 14.8 22.6 20.6 14.200000000000001 5.2 7.800000000000001 1.2000000000000002 0.4 0.4 0 0 0.4 0 0.4 0 0 1 0.6000000000000001 6.6000000000000005 14.600000000000001 0 0 0.6000000000000001 0 25.400000000000002 13.600000000000001 0 0 0 0 0 0 0 0 0 0 0.4 0 0 0 0 0 0 0 0 0.6000000000000001 0 0.2 0 0 0 0 0 0 0 0 0 0 0 0 0 0 0 0 0 0 1.8 1.2000000000000002 0 7 3.8000000000000003 12.200000000000001 1.2000000000000002 0 0 5.4 4.4 7 0 0.4 8.4 1.8 4 15 0 2.4000000000000004 0 0.4 0 0 0 0 0 2.2 0 0 0 0 3.8000000000000003 0 4.6000000000000005 0 0 0 1.8 1.6 0 0 0 0 0 0 0 0 0.6000000000000001 0 0 0 0 0 0 0 0 0 0 0 0 0 0 0 2.2 0 0 0 0 0 0 0.2 0 0 0 0 0 0 0 0 3.4000000000000004 4.2 2.2 0 1.8 0.4 0 0 2.4000000000000004 4.4 1.8 3.6 0 0 0 2.6 0 2.4000000000000004 0 1.2000000000000002 0.2 0.6000000000000001 0 0 0 0 9.8 0 0.4 0 0 0 0.2 0.2 0 0 0 8.6 2.8000000000000003 0.2 0 0 0 0 0 0 0 0 0 0 0 0 0 0 0 0 0 0 0 0 0 0 0 0 0 0 0 0 0 0 0 0 0 0 1.6 0 0 19 15 0 2 3.2 0 0 0 0 0 0 0 0 0 0 0 0 0 0 0 0 0 0 0 0.2 0 0 0 0 1.8 0 0 0 
 0.4 0 0 0 0 0 0.4 17.8 0 0.4 0 0.2 7.4 0 0 0 0 0.4 0 0 68.8 33.4 52.400000000000006 0 24 39.6 84.80000000000001 35.6 67.60000000000001 66.60000000000001 64.2 128.4 94.60000000000001 31.8 72.8 68 10 64.8 32.6 92.2 0.6000000000000001 0.2 41.400000000000006 0.2 0 0.4 0 15 0.2 0 0.6000000000000001 0.6000000000000001 13 0 0.6000000000000001 12.8 0 0.2 11.4 0 0 0 0.6000000000000001 0 0 0.2 0 0 0 0 0.6000000000000001 0 0 0 0 0 0 0 0 0.6000000000000001 0 0 0 0 0 0.4 0 0 0 0 0 0 0 0 0 0 0 0 0 0 6.800000000000001 1.2000000000000002 0 4.6000000000000005 4 2 0 2.4000000000000004 4 8.200000000000001 3.8000000000000003 1.2000000000000002 0 2.8000000000000003 2 1.6 2.2 1.6 0 6.4 1.8 0 0 0 0 0 0 0 0 0 0 0 0 4.4 3.6 0 0 0 4 0 0 0 0 0 0 0 0 0 0 0 0 0 0 0 0 0 0 0 0 0 0 0 0 0 0 0 0 0 0 4.4 0 0.6000000000000001 2.8000000000000003 0 0 0 0 0 0.4 1.2000000000000002 7.4 0 0 1.4000000000000001 4.4 4.4 1.8 4.800000000000001 7.800000000000001 2.6 0.2 2.2 2.6 0 2.2 1.2000000000000002 0.6000000000000001 5.800000000000001 2.6 0 3.8000000000000003 0.2 0 0 0 0 0 0.2 0 0 0 0 0 0 0 0 0 0 2.8000000000000003 0 0 0 0 0 0 0 0 0.2 0 0 0 0 0 0 0 0 0 0 0 0.2 0 0 0 0 0 0 0 0 0 0 0 0 0 0 2.8000000000000003 0.2 0.2 0 0.4 0 3.4000000000000004 2 0 0 0 0 0 0 0 0 0 0 0 0 0 0 0 0 0 0 0 4.6000000000000005 0 0 0.4 0.2 0 0 0 0 
 0 0 0 0 0 1.2000000000000002 0 0 0 0 0 0 0.4 40.800000000000004 0.4 1.6 0 0.6000000000000001 0 0 20.6 51 43 24 0 28.400000000000002 14 17.400000000000002 17 120.2 36 70.8 14.4 16.400000000000002 25.400000000000002 18.400000000000002 12.200000000000001 38.400000000000006 15 56.800000000000004 13.600000000000001 0.4 12.8 0 0 0.4 0.4 0 0 0 0.6000000000000001 0.6000000000000001 0 5.800000000000001 12.600000000000001 1.6 0 0 4 5.4 0 0 0 0 8.8 0 0 0 0 0 0.4 0 0 0 0 0 0 0.6000000000000001 0.4 2.2 0 0 0 0 0 0 0.4 0 0 0 0 0.4 0 0 0 0 0 0 0 0 1.4000000000000001 1.2000000000000002 3.6 3.8000000000000003 0.2 14.4 0 0.2 0 5 3.4000000000000004 0.2 0 4.4 4 0 2.2 7.2 0 0 0 12.4 2.6 0 0 0 2.4000000000000004 0.2 0 4 0 0 4.6000000000000005 5.6000000000000005 0.2 3.8000000000000003 0 0 4.4 10 0 0 0 0 0.4 0 0 0 0 0 0 0.2 0 0 0.4 0 0 0.2 0 0 0 0 0 0 0 0 0 0 0 1 4 0 0 0 0 0.4 0 0 0 0 2 1.6 3.4000000000000004 0 8.200000000000001 0 0 1.8 0 8.6 0 6 0 0 4.2 0 3 1.6 0 0 3.2 2.4000000000000004 0 0 2.4000000000000004 0 0 0 0 0.8 0 1.6 0 2.8000000000000003 0 4.2 14.8 0 11 0 0 0 0 0.4 0 0 0 0 0 0 0 0 0 0 0 0 0 0 0 0 0 0 3 0 0 0 0 0 0 0 0 0 0 0 2 0.6000000000000001 0.2 0.4 15 0.4 0.4 2.2 0 0 0 0 0 0 0 0 0 0 0 0 0 0 0.2 0 0 0 0 7.2 0 0 0 0.2 0 0 0 0 
 0.4 0.2 0.6000000000000001 0.2 0.4 0.6000000000000001 0.2 0.4 0.4 0.4 0.8 0.4 0.6000000000000001 0.6000000000000001 0.4 0.4 0.4 0.8 0.4 0.4 9 5.800000000000001 15.200000000000001 39.6 28.400000000000002 0 21.200000000000003 12.4 28.400000000000002 38 13.4 33.2 47.6 15 10.600000000000001 59.800000000000004 73.2 18.2 9.4 10.4 0.8 0.4 0 0 0.2 0.4 18.400000000000002 0.6000000000000001 12.600000000000001 17.2 1 0.6000000000000001 0 0 0.4 0 0 12.200000000000001 0 0 0 0.6000000000000001 0 0 0 0 0.4 0 0.4 0 0.6000000000000001 0 8.200000000000001 0 0 0 0.2 0.4 0.2 0.6000000000000001 0 0 0 0 0 0 0 0 0 0 0 0 0 0 0 0 0 0.2 0 0 1.6 0.2 0 0 4.6000000000000005 10 2.4000000000000004 0 0 5 4 0 0 0.8 2.4000000000000004 0 0 1.6 0 0 6.6000000000000005 0 3.6 1.8 0 0 5.6000000000000005 13.600000000000001 0 2 1.8 0.6000000000000001 1.2000000000000002 3 5 3 2 0 0 2.8000000000000003 0 0 0 0 0 0 0 0 0.8 0 0 0 0 0 0 0 0 0 0 0 0 0.6000000000000001 0 0 0 0 0 0 0 0.4 0 0 0 0.2 0 0 0 0 0 0 3.6 0 5 1.2000000000000002 0 1.6 0 0 0 2 0 5.800000000000001 0 0 0 0 0 0 0 0 0.2 3.6 3.4000000000000004 0 0 2.4000000000000004 8.4 0 8 0 4.2 0 2.4000000000000004 4.800000000000001 2 5.2 3.8000000000000003 0 0 1.2000000000000002 0 0 0 0 0 0 0 0 0 0 0 0 0 0 0 0 0 0 0 0 0 0 0 0 0 0.2 0 0 0 0 0 0 0 0 2 0 0.2 15.600000000000001 0 0 0.4 2.2 0 0 0 1.8 0 0 0 0 0 0.4 0 0.6000000000000001 0 0 0 0 0 0 0 0.2 0 0 0.2 0 4.800000000000001 1.6 0 0 
 0 0 0 10.8 0.4 16.2 0.2 0.8 3 0 0 0 0 0 0 15.4 0.4 0.6000000000000001 0 0.4 66.60000000000001 96.80000000000001 48.6 84.80000000000001 14 21.200000000000003 0 72 34.4 23.8 65.8 18.400000000000002 38.2 32.6 12.4 16.6 11.600000000000001 29.200000000000003 36.2 44.2 0.4 0.2 40.6 0.2 0 0.4 0 0.2 0.2 0 0.6000000000000001 0.6000000000000001 2.4000000000000004 0 0 0 0.4 0 0 0 0 0 1 0 0 0 0 0 0 0.2 0.6000000000000001 0 0 0 0 0 0 2 0.4 0.6000000000000001 2.8000000000000003 0 0 0 4 3.6 0 0 10 0 0 0.4 0 0 0 0 0 0 0 0 4 4.4 1 2.6 0 2 1.8 0 2 1.8 3.2 0 3.8000000000000003 9.4 2 2.4000000000000004 0 1.8 7 2.2 0 0 0 0 0 0 0 0 0 0 0.2 0 0 0 0 2.2 0 0 0 0 0.2 0 0 0 0 0 0 0 0 0 0 0 0 0 0 0 0 0 0 0 0 0 0 0.4 0 2 0 0 0 0 0 0 0 0 0 1.8 0 0 0 0 6.4 0 2.8000000000000003 0 2 0 3.6 1.8 5.6000000000000005 3 0 5 0 2.4000000000000004 3.4000000000000004 2.2 0 0 0 5.2 0 0 0 0 0 0 0 0 0 1.6 0 0 0 0 0 0 0 0 0 0 0 0 1.2000000000000002 0 0 1.6 0 1.6 0 0 0 0 0 0 0 0 0 0 0 0 0 0 0 0 0 0 0 0 0 16.8 0 0 0 0 3.4000000000000004 0.4 0.4 0 0.2 0.4 0.4 2 0 0 0 0 0 0 0 0 0 0 0 0 0 0 0 0 0 0 0 2.2 0 0 0 0 0 0 0 0 
 0.6000000000000001 0.6000000000000001 0.6000000000000001 0.6000000000000001 16 5.2 0.6000000000000001 0.6000000000000001 0.8 16 0.6000000000000001 0.6000000000000001 0.6000000000000001 0.6000000000000001 1 0.6000000000000001 0.6000000000000001 0.6000000000000001 0.8 0.6000000000000001 13.4 35.4 15.600000000000001 35.6 17.400000000000002 12.4 72 0 34.6 7.800000000000001 53.800000000000004 7.6000000000000005 20 17 33 10.4 7.4 57 27.8 26 0.6000000000000001 0.4 0 0 0.2 0.4 0 12.8 0.2 0.2 0.6000000000000001 1 0 0 0 2 4.4 4.4 0 0 0 0 0 0 0 0 0 0 0 0 0.6000000000000001 0 0 0 0 0 9 0 0 0.6000000000000001 0 0 0 0 0 4 0 0 0 0 0 0.2 0 0 0 0 0 0 0 0 5.800000000000001 0 5.6000000000000005 0 0 0 0 1 5.6000000000000005 0 0.4 3.2 2.4000000000000004 2.8000000000000003 2.2 0.4 0 5.4 3.8000000000000003 9.4 0 0 0 0.4 0 0 0 0 0 0 0.2 0 1.8 0.2 0 0 0 0 0 3.2 0 0 0 0 0 0 0 2.6 0 0 0 0 0 0 0 0 0 0 1.4000000000000001 0 0 0 0.4 1.6 0 5 0 1.6 0 0 0 0 0 0 0 0 0 4.800000000000001 0 0 7 0 0.6000000000000001 0 0 0 1.6 2.8000000000000003 4.800000000000001 0.6000000000000001 0 3.6 6.6000000000000005 0 3.6 0 1 0 11.4 0 0 0 0 0 0 0 0 0 0 0 0 0 0 0 0 0 0 0.2 2.2 0 0.4 0 0 0 0 0 0 0 0 0.4 0 0 0 0 0 0 0 0 0 0 0 0 2.8000000000000003 0 0 0 0 0 0 0 0 0 0 0 1 0.4 0 0 0 0.6000000000000001 0.2 0 0 0 0 0 0 0.2 0 0 0 0 0 0 0 0 0 0 0 0 0 0 0 0 0 0 0 0 0 0 
 0 0 0.4 0 0 0.2 6.2 1.2000000000000002 0 0 0 0 0.4 0 0.6000000000000001 0 0 1 0 0 28.400000000000002 51 45 67.60000000000001 17 28.400000000000002 34.4 34.6 0 66.8 41.800000000000004 43.800000000000004 19 20.200000000000003 16.6 29.200000000000003 15.4 38.800000000000004 49 45 0.8 0.6000000000000001 0.2 0.8 0.4 0.4 0.2 1.2000000000000002 0 0 0.8 1 13.8 0 0.8 0.4 0.4 0 0.2 0 0.4 1.2000000000000002 0 0 0 0 0.4 0.6000000000000001 0.6000000000000001 0 0.6000000000000001 0 0.2 0 0 0 1 0.4 0.8 1 0 0 0.2 0 0 4.4 0 0 0 0 0.2 0 0 0 0 0 0.4 0 0 0 3.8000000000000003 3.6 0 2.8000000000000003 0 2 2.2 3.4000000000000004 0 6.800000000000001 4 6.4 0 11.600000000000001 4.800000000000001 0 0.2 1.8 2 3 0 0 0 0 1.4000000000000001 0 0 0 0 0 0 0 0 1.4000000000000001 1.8 0 0 0.4 0.6000000000000001 0 0 0 0 0 0 0 0 0 0 0 0 0 0 0 0 0 0 0 0 0 0.2 0 0.8 0 0 0 0 0 0 0 0 0 0 0 0 0 0.2 0.2 0 0 6.2 0 0 1.4000000000000001 3.4000000000000004 0 3 3.6 0 7.6000000000000005 0 2.2 0 2.6 0.2 1.8 0 1.6 1.6 0 5.6000000000000005 0.2 0 0 0 0 0 1.4000000000000001 0 0 0 0 0 0 0 0 0 0 0 3.6 0 0 0 0 0 0 0 0 0 0 0 0 0 0 0 0.4 0.4 0 0 0 0 0 0 0 0 0 0 0 0 0 0 0 0 0 1 0 0 0 0.2 0.4 7.6000000000000005 2 0 0 0 0 0 0 0 0 0.4 0 0 3.6 0 0 0 0 0 0 0 3 0 0 0 0 0 0 0 0 
 0 0 0 0 0 0 0 0.6000000000000001 0.2 0 0 0 0.6000000000000001 0 0 0 0 0.6000000000000001 0 0 17.8 19 15.4 66.60000000000001 120.2 38 23.8 7.800000000000001 66.8 0 41.800000000000004 53.2 10.600000000000001 15.4 35.2 29.200000000000003 10.200000000000001 21.8 11.8 81.2 41.800000000000004 0.6000000000000001 0 0.6000000000000001 0 0.4 0 2.6 41.2 0.6000000000000001 0.6000000000000001 0.6000000000000001 0.4 0.6000000000000001 0.2 10 0 0 26.400000000000002 0 0 0.2 0 0 0 0 0 0 0 0 0.4 0.6000000000000001 0 0 0 0 0 0.6000000000000001 0 0.6000000000000001 0 0 0 0 0 0 0.2 0 0 0 0 0.2 0 0 0 0 0 0 0 0 4.4 0 4.2 12.8 7.800000000000001 0.6000000000000001 0 1.8 0 12.200000000000001 3.8000000000000003 0 0 0 1 2.6 12.8 4.2 0 0.2 0 0 0 0 0 0 0 0 0 0.4 0 0 3.8000000000000003 0.8 4.6000000000000005 0 0 0 0 0 0 0 0 0 0 0 0 1 1.2000000000000002 0 0 0.4 2.2 0 0.2 0 0 2.4000000000000004 0 0 0 1.8 0 0 0 0 0 0 0 0 0 0.8 0 0 0 0 0 0 0 0 3.4000000000000004 2.6 3.6 2.6 2.6 5.6000000000000005 2.2 0.8 0 4.4 0.4 7.4 2.8000000000000003 1.8 6.2 2.8000000000000003 2.8000000000000003 3.8000000000000003 3.6 0 2.2 0.2 0 0 0 0 0.8 0 0 0 0 0 0 2 0 0 0 0 5.6000000000000005 0 0 0 0 0 0 0 0 0 0 0 0 0 0 0 0 0 0 0 0 0 0 0 0 0 0 0 0 0 0 0 0 0 0 0 2.4000000000000004 0.2 0.4 0 0 0.4 0 0.8 0 0 0 0 0 0 0 0 0 0 0 0 0 0 0.4 0 0 0 0 0 0 0 0 3.2 0 0 0 0 
 0 0 0 0 0 15.600000000000001 0 0 0 0 0 0 0.4 0 0 0.8 0 0 0 0 42.2 7 28.400000000000002 64.2 36 13.4 65.8 53.800000000000004 41.800000000000004 41.800000000000004 0 32.800000000000004 8.200000000000001 8 15.600000000000001 35.800000000000004 65.60000000000001 18.400000000000002 9 49.400000000000006 0.6000000000000001 0.6000000000000001 0 0.8 0.4 0.4 0 13 0 0.2 0.6000000000000001 0.6000000000000001 17 13 0 11.600000000000001 0.2 11.200000000000001 13 13.8 0 0 0 0.4 0 0 0.2 0.6000000000000001 0 0 0.4 0 0 0 0.4 0 0.2 0.6000000000000001 6.800000000000001 0.6000000000000001 0 0 0.2 0 0 0 1.6 0 0 0 0 0 0 0 0 0 0.4 0 0 0 4.4 0.8 0 1.6 0 2.6 0.2 0 0 2.4000000000000004 3 4.800000000000001 0 9.600000000000001 6.2 4.6000000000000005 3.8000000000000003 6.2 0 1.8 0 0 0 0 0.2 0 0.4 3.6 0 0 0 0 0 0 1.4000000000000001 0 0 0.4 2 2.2 0 0 0 0 0 0 0 0 0.6000000000000001 0 0 0 0 0 0 0 0 0 0 0 0.2 0 0 0.2 0 0 0 0 0 0 0 0 0 0 0 0 0.2 0 0 0 3.2 1.6 4.800000000000001 0 7.2 6.800000000000001 3 2 2.4000000000000004 4.6000000000000005 2 1.6 2.2 0 1.6 0.8 0 2.6 0 11.8 0 4.6000000000000005 0 0 0 0 0 0 0 3 0 0 1.8 2.6 0 0 0 4.2 0.2 0.2 0 0 0 0 0 0 0 0 0 0 0 0 0 0 0 0.4 0.4 0 0 0 0 0 2.2 0 0 0 0 0 0 0 0 0 0 0 5 1.2000000000000002 0.4 1 1.2000000000000002 0 1.6 3.6 0 0 0 0 0 0 0 0 0 0 0 0 0 0 0 0 0 0 0 0.4 0 0 0 0 0 0 0 0 
 0 0 0 0 0 0 0.4 0.6000000000000001 0 0 0 0 1.4000000000000001 40.800000000000004 5.2 0 0 0.2 0.2 0 29.8 41 24 128.4 70.8 33.2 18.400000000000002 7.6000000000000005 43.800000000000004 53.2 32.800000000000004 0 50.6 10.200000000000001 8.200000000000001 7.800000000000001 34 31 7 56.2 0.8 1.2000000000000002 0 0 0 0.6000000000000001 0 5 0 0 0.6000000000000001 0.6000000000000001 6.2 0 0 0 0 0.6000000000000001 12.600000000000001 0 0 0 0 0 0.2 0 0 0 0 0.4 0.4 0 0 0 0.2 0 0.2 0 0.4 0.6000000000000001 0 0 0 0 0 0 0 0 0 0 0 0 0 0 0 0 0.4 0 0 0 8 2.2 0.8 6.2 0.2 1.8 0 2.6 1.6 2.8000000000000003 14.200000000000001 5.2 0 5 2 2.8000000000000003 2.4000000000000004 1 0 0.2 0 0 0 0 0 0 0 0 0 0 0 0 5.4 1.6 4.4 0 0 0.4 0 0 0 0 0 0 0 0 0 0 0 0 0 0 0 0 1.6 0 0 0 0 0 0.2 0 0 0 0 0 0 0 0.4 0 0 0 0 0 0 0 0 0 0 0 2.8000000000000003 0 7.800000000000001 8.6 4.2 4.6000000000000005 5.4 3.8000000000000003 9.600000000000001 6 0 3.2 2.4000000000000004 0 2.2 3.2 4.4 6 0 0 0.4 0 0 0 0 0 0 0 0 0 0 0 0 0 0 0 0 0 0 0.4 0 0 0 0 0 0 0 0 0 0 0 0 0 0 0 0 0.4 0 0 0 0 0 0 0 0 0 0 0 0 0 0 0 0 0 3.4000000000000004 6 0 0 0 0.4 3.8000000000000003 1.8 0 0 0 0 0 0 0 0 0.2 0 0 0 0 0 0 0 0 0 0 3.2 0 0 0 1.6 0 0 0 0 
