 0 35.6 53.6 27.6 8.4 8.200000000000001 126.4 34.4 49.6 105.80000000000001 83.80000000000001 11.4 57.2 62 47.6 69.4 41.800000000000004 6.4 14.8 44.800000000000004 0 0.4 41 0 0 0.4 0 0 0 0.6000000000000001 0.6000000000000001 0 0 0.4 0 0.6000000000000001 0.6000000000000001 0 0.6000000000000001 0 0 0 0 0.4 0 0.2 0 0 1.8 0.4 0 0.4 0 0 0 0 0 0 0.4 0 0.4 0 0 0 0 0 0 0 0.6000000000000001 0.6000000000000001 0.4 0 0 0.4 10 0 0 0.6000000000000001 0 0 5.2 0 11.8 0 3 0 6.800000000000001 4.6000000000000005 3 6.2 3.6 0.2 6 17.400000000000002 5 4 0 5.2 0 0 0 0 0 0 0 0 0 0.2 0 0 0 0 0 0 0 0 0 0 3.8000000000000003 0 0 0 0 0 0 0 0 0 0 0 0 0 0 0 0.2 0 0 0 0 0.2 0 0.4 0 0.2 0 0 0 0 0 0 0.4 0 0 1.6 0 0 0 0 0 0 6 0.2 0.4 3.6 0 1.4000000000000001 3 10.600000000000001 4.800000000000001 3.4000000000000004 0.2 0 0 0 10 3.4000000000000004 0 7.6000000000000005 4.6000000000000005 0.2 0 0 0 13 0 0 0 0 0 0 0 0 0 0 0 0 0 0.2 2 0 0 0 0 0 0 0 0 0 2 0 0 0 0 0 0 0.2 0 0.4 0 0 0 0 0 0 0 0 0 0 0 0 0 0 0 0 0 0 0 0 2.8000000000000003 0 0 0 0 0 0 0 18 0.4 0.6000000000000001 0 0 1.8 0 0 0 0 0 0 0 0 0 0 0 0 0 0 0 0 0 0 0 0 0 0.2 0 1.8 0 0 0 0 0 0 0 0 0 0 0 0 0 0 
 35.6 0 27 38 69 8.8 81 22.400000000000002 49.6 23.400000000000002 8.8 26.6 37 30 53.2 42 27.8 51 48.2 10.4 0.4 1 1 1 0.4 0.8 0.4 0.4 0.4 0.6000000000000001 1 0.4 0 1.2000000000000002 1.4000000000000001 0.8 1.2000000000000002 0 0.8 0.8 1.2000000000000002 0 0.4 14 0 0.2 0.4 0.8 1.2000000000000002 0.2 0 1.2000000000000002 0 0.6000000000000001 0 0 0.4 0 0 1.2000000000000002 2 0 0.6000000000000001 0 0 1.2000000000000002 0.2 0 0.6000000000000001 0.6000000000000001 0 0.4 0 1.4000000000000001 10 0 0 0.6000000000000001 0 0.2 3.6 0 0.2 0 0.2 0 1.6 3 4.4 3.2 3.6 0 4.2 1.8 6.6000000000000005 5.4 0 6.6000000000000005 0 4.2 0 0 0 0 0 0 0 0.2 0 0 0 0 0 0 0 0 0 0 0 0 0 0 0 0 0 0 0 0 0 0 0 0 0 0 0.2 0 0 0 0 0.2 0 0 0 0.2 0 0 0 0 0 0 0.4 0 0 0 0 0 0 0 0 0 0.4 2.8000000000000003 2 0 0 0 0 0 1.4000000000000001 1.6 4.6000000000000005 0 2 0 5.6000000000000005 3.4000000000000004 2 0.4 7.4 0 0 0 0 0.2 0.6000000000000001 0 0 0 0 0 0 0 0 0 0 0 0 0.2 0 0 0 0.2 0 0 0 0 0 0 0 1.2000000000000002 0 0 0 0 0 0.2 0 0.4 0 0 0 0 0 0 0 0 0 0 0 0 0 0 0 0 0 0 0 0 0 0 0 0 0 0 0 0 0 0.4 0.4 0 3.2 2.4000000000000004 0 0 0 0 0 0 0 0 0 0 0 0 0 0 0 0 0 0 0 0 0 0.2 0 0 0 0 0 0 0 0 0 0 0 0 0 0 0 0 
 53.6 27 0 67.60000000000001 11.4 54.800000000000004 39.2 58.6 39 31 32.4 28.200000000000003 12.600000000000001 83.80000000000001 25.6 7.2 61 44.6 25.400000000000002 43.6 0 0.4 1 0.8 0 0 0 0 0 0.6000000000000001 0.6000000000000001 0 14.4 0.4 0 0.6000000000000001 0.6000000000000001 0 0.6000000000000001 0.2 0 0 0 0 0 0.2 0.4 0 0.6000000000000001 0 0 0.4 0 0 0 0 0 0 0 0 0.4 0 0 0 0 0 0 0 0.6000000000000001 0.6000000000000001 0 0 0 0.4 0 0 0 0.6000000000000001 0 0 3.8000000000000003 9.4 9.4 2 8.6 5.2 3.6 11.8 3.4000000000000004 3 2.8000000000000003 3.4000000000000004 6.2 3 1.2000000000000002 13.200000000000001 4.2 4.2 0 2 0 0 0 0.8 0 0 0 2.8000000000000003 0 0 1.2000000000000002 0 3 0 0 0 0 0 7.800000000000001 0 0 0 0 0 0 0 0 0 0 0 0 0 0 0 0 0 0 0 0 0 0 0.4 0 0 0 0 0 0 0 0 0 0 0 0 0 0 0 0 0 0 9.8 0.2 7 4 2.8000000000000003 4.6000000000000005 3.2 9 5.2 0.2 0 4 0 2 3.8000000000000003 11.8 2.2 6.4 2 0 1.6 0 3.6 1.2000000000000002 0 0 0 0 0.2 0 0 0 0 0 0 0 0 2 0.8 0.2 0 0 0.2 0 0 0 0 0 0 0 0 0 0 0 0 0 0 0 0.2 2.2 0 0 0 0 0 0 0 0 0 0 0 0 0 0 0 0 0 0 0.6000000000000001 0 0 0 0 0 0 0 18 0.2 17.2 0.8 0 1.4000000000000001 0.4 0 0 0 0 0 0 0 0 0 0 0 0 0 0 0 0 0 0 0 0 0 0 6.800000000000001 6.4 0 0 0 0 0 0 0 0 0 0 0 0 0 
 27.6 38 67.60000000000001 0 34.2 11 34 30 17.2 66 58.800000000000004 74 48.6 13 35 21.6 8.200000000000001 10.600000000000001 16.6 14.4 0 0.4 0.4 6.800000000000001 0 0.6000000000000001 0.6000000000000001 12.600000000000001 0.6000000000000001 0.6000000000000001 0.6000000000000001 0 0 20.200000000000003 13 0.6000000000000001 0.6000000000000001 0 0.6000000000000001 13.200000000000001 0 0 1.4000000000000001 0 0 0 0.4 0 0 0 0.4 1 0 12.8 0.4 0 0 0 0 0 0.6000000000000001 0 0 0 0 0 0 0 0.6000000000000001 0.6000000000000001 1 0 0 0.8 0 0 0 0.6000000000000001 0 0 7.6000000000000005 0.2 2 0 3 3.2 0 5.4 2 4.800000000000001 0 0 0 0.8 2.6 3.2 0 7.2 1 4.2 3.4000000000000004 3 0 0 0 0 7.6000000000000005 0 2.6 0 0 0 2.6 0 1.8 4.2 6.800000000000001 0 3.8000000000000003 3 0 0 0 0 0 0 0 0 0 0 0 0 0 0 0 0 0 0 0 0 0 1 0 0 0 1.2000000000000002 0 0 2.6 0 0 0 0 0 0 0 2 0 0 0 0 2.2 4.6000000000000005 4 2.8000000000000003 0.2 3 0 4.6000000000000005 0 8.8 5.6000000000000005 2.8000000000000003 0 0.2 3 4.6000000000000005 2 4.2 0 3 0 0 0.2 0 0.2 2.8000000000000003 0.2 0.2 0 0 0 0 4.2 0 0 1.8 0 0 3.8000000000000003 0.4 0 0 0 0 0 0 0 0 0 0 0 0 0.4 0 0 0 0 0 3.8000000000000003 0 0 0.2 0 0 0 0 0 0 0 0 0 0 0 0 0 0 2.8000000000000003 0 0 0 0 0.6000000000000001 0 0 0 0.2 0 0.8 0.2 2.6 2.2 0 0 0 0 0 0 0 0 0 0.6000000000000001 0 0 0 0 0 0 0 0 0 0 0 0 0 0 0 0 0 0 0 0 0 0 0 0 0 0 0 0 
 8.4 69 11.4 34.2 0 51.6 33 23.6 15 52.800000000000004 53.2 47.2 13.8 14.8 63.6 32.2 10 45 14.600000000000001 19.8 0 14.8 0.4 0 0 0 33 11 14.8 16.6 4.2 0 15 15.200000000000001 29.8 13.8 0.6000000000000001 0.2 30 17.8 0 0 0 0 1.8 0 0.4 0 0 0 0 0.4 0 0 0 0 0.6000000000000001 0 0 0 0.6000000000000001 0 10.200000000000001 0 0 0 0 0 0.6000000000000001 0.6000000000000001 10.4 0 0 0.6000000000000001 0 0 0 0.6000000000000001 0 0 0 0 0 2.6 4 10.600000000000001 0 3 3.6 0 2.4000000000000004 4.2 0 0 0 0 3 0 0 0 3 1.8 4.4 0 0 0 3.8000000000000003 4.6000000000000005 0 3 3.6 0 5 1.8 0 0 3.8000000000000003 0 5.2 1.2000000000000002 0 0 0 0 0.4 0 0 0 0 0 0 0 0 0 0 0 0.2 0 0 0 0 0 0 0 0 0 0 0 0 0 0 0 0 0 0 0 0 0 0 0 0 0 0 1.4000000000000001 2.4000000000000004 3 0 0 0.4 2.6 2 2.8000000000000003 1.8 2.4000000000000004 0 5.2 4 0 0 0 0 1.8 2 0 0 0 4 0.2 5.4 0 1.8 0 7.2 0.6000000000000001 5.2 0 0 0 6.4 6.4 0 0 0 0 0 0 0 0 0 0.4 0 0 0 0 0 0 0 0 0 0 0 0 0 0 0 0 0 0 0 0 0 3.8000000000000003 0 0 0 0 0 0 0.2 0 0 2.8000000000000003 0 0 3.8000000000000003 1 0 0 0.6000000000000001 1.2000000000000002 0.6000000000000001 1 4.4 0 0 0 0 0 0 0 1 0 3.4000000000000004 10 0 0 0 0 0 0 0 0 0 0 0 2.8000000000000003 0 0.8 0 0 0 0 0 0 0 0 0 0 0 0 
 8.200000000000001 8.8 54.800000000000004 11 51.6 0 7.4 12 11 10.8 17.6 54.6 8 12.600000000000001 12.8 59.800000000000004 16.8 11 11.200000000000001 14 0.4 1.4000000000000001 0.6000000000000001 0 0 0 14.600000000000001 29.6 0.2 0.6000000000000001 0.6000000000000001 0 0 16 31.8 22.8 0.6000000000000001 57 14 18 0 0 0 0 0 0.2 0.4 0 0 0.2 0 0.4 0 0.4 0 0 0 0 0 0 0.2 0.4 0 4 0 0 0 0 0.6000000000000001 0.4 0 0.6000000000000001 0 0.2 0 0 0 0.4 0 0 0 0 0 0 0 9.600000000000001 0 0 0.2 0 0 0 0 0 0 0 0 0 0 0 3 0.6000000000000001 2.6 0 0 0.2 9.8 0 0 0 5.2 0 3.6 4.4 0.4 0 6 3.6 4.800000000000001 5 0 0.4 0 0 0 0 0 0 0 0 0 0 0 0 0 0 0 0 0.4 0 0 0 0.4 0 0 0 0 0 0 0 0 0 0 0 0 0 0 0 0 0 0 1.8 0 0.2 2 0 0 0 0 0 0 0 0 0 0 0 5 0 0 0 3.2 5.6000000000000005 3.8000000000000003 1.8 2.4000000000000004 0 2.6 0.2 4.800000000000001 0 4 4.4 2.6 4.6000000000000005 7.2 2.2 2.6 0.2 8.200000000000001 3 0 0 2.6 0 0 0 0.2 0 0 0 0 0 0 0 0 0 1.2000000000000002 0 0 0 0 0 0 0 0 0 0 0 0 0 0 0 0.4 0 0 0 0 0.2 1.4000000000000001 0.4 0 0 0 0 0 2 0.8 0.4 0 0 0 0.4 0 0 0 0 0 0.2 15 0 0 0 0 0 0 0 0 0 0 0 0 0 0 0 0 0 0 2.2 0 0.8 0 0 0 0 0 0 0 0 0 0 
 126.4 81 39.2 34 33 7.4 0 30.8 28.200000000000003 7.6000000000000005 54.400000000000006 9.4 67 62 28.6 22.400000000000002 25.8 4.800000000000001 24.200000000000003 11.600000000000001 0 0.8 0.4 0.6000000000000001 0 0 0.2 0 0 0.6000000000000001 0.6000000000000001 0 0 0.4 0 0.6000000000000001 0.6000000000000001 0 0.6000000000000001 0 0 0 0 0 0 0 0.4 0 1 0 0 0.4 0 0 12.4 0 0.4 0 0 0 0.4 0 0 0 0 0 0 0 0.6000000000000001 0.6000000000000001 1.2000000000000002 0 0 0.6000000000000001 13 0 5 0.6000000000000001 0 0 7.4 4 7 0 0 0 0 7.800000000000001 3.2 1.8 1.6 0 10.4 8.4 0.4 0 0 5.6000000000000005 0 2 0 0 0 0 0 0 0 0 0 0 0 0 0 0 0 0 1.2000000000000002 0 0 0 0 0 0 0 0 0 0 0 0 0 0.4 0 0 0 0.2 0 0 0 0 0 0 0.8 0 0 0 0.8 0 0 0 0 0.2 0 0 0 0 0 0 0 0 0 4.6000000000000005 0 3 3.6 0 0 2.8000000000000003 2.8000000000000003 7 1.2000000000000002 0 0.2 0 0 6.6000000000000005 1.6 2.2 2 6 0 0 0 0 0 0 0 0 0 0 0 0 0 0 0 0 0 0 0 0 0 0 0 0 0 0 0 0 0 0 0 0 0 0 0 0 0.4 0 0.2 0 0 0 0 0 0 0 0 0 0.2 0 0 0 0 0 0 0 0 0 0 0 0 0 0 0 0 0 1 0.2 0 0.2 0.4 0 2.6 0 0 0 0 0 0 0 0 0 0 0 0 0 0 0 0 0 0 0 0 0 0 0 0 0 0 0 0 0 0 0 0 0 0 0 0 0 0 
 34.4 22.400000000000002 58.6 30 23.6 12 30.8 0 14.200000000000001 23.400000000000002 50.2 24.400000000000002 21 42.2 72.60000000000001 31.200000000000003 41.2 40.400000000000006 72.60000000000001 30.6 0.4 1 1.4000000000000001 0 0 0 0 0 0 0.6000000000000001 0.6000000000000001 0 0 0.4 0 0.6000000000000001 0.6000000000000001 0 0.6000000000000001 14.8 0 0 0 0 0 0.4 0.4 0 3 0 0.4 0.6000000000000001 0 0 0 0 0.4 0 0 0 0 7.800000000000001 0 0 0 0 0 0 0.4 0.4 0 0.2 0 0 6.6000000000000005 0 0 7.800000000000001 0 0 8.200000000000001 3.6 5.2 4 5.2 2.8000000000000003 3.6 7.4 6.6000000000000005 6.6000000000000005 1.8 1.8 5.2 9.4 4 0 5.6000000000000005 3 4.4 2.8000000000000003 0 3.4000000000000004 0 0 0 0.2 0 0 0 0 0 0 0 0 0.4 0 0 0 2 0 0 2 0 0 0 0 0 0 0 0.2 0 0 0 0 0 0 0 0 0.4 0 0 0 0.4 0 0 0 0 0 2.2 0 0 0 0 0 0 0 0 0 0 0 0 0 3 0.2 1.4000000000000001 2 2.4000000000000004 4.4 4.800000000000001 0 0 11 3 6.2 7 1.4000000000000001 0.2 0.2 5.800000000000001 2.8000000000000003 8.8 0 0 1.8 0 0 0 0 0 0 0 0 3.6 0 0 0 0 0 2 0 0 0 0 0 0 0 0 0 0 0 0 0 2.6 0 0 0 0.4 0 0 0 0 0 0 0 0 0 0 0 0.2 0 0 0 0.4 0 0 0 0 0 0 0.2 0 0 0 0 0 0 0 0 3.6 0.2 0.4 2.6 2.2 0 0 0 0 0 0 0 0 0 0 0 0 0 0 0 0 0 0 0 0 0 0 2.8000000000000003 1.2000000000000002 0 0 0 0 0 0 0 0 0 0 0 0 0 
 49.6 49.6 39 17.2 15 11 28.200000000000003 14.200000000000001 0 19.400000000000002 12.200000000000001 32.2 56.6 42.400000000000006 37.4 11.4 5.6000000000000005 7.6000000000000005 19.200000000000003 108.2 0.6000000000000001 0.4 12.4 0.8 0 0 0 0 0.4 1 0.8 0 0 1.2000000000000002 0 1.4000000000000001 1.2000000000000002 0 0.6000000000000001 0 0 1.2000000000000002 0.4 0 0.4 0.6000000000000001 0.4 0 0.4 0.2 0.4 0.4 0 0 0 0 0.4 0.2 0 0 0.6000000000000001 0.4 0 0 0 0.4 0 0.4 0.6000000000000001 0.6000000000000001 0 0.4 0 2.4000000000000004 0.6000000000000001 0.2 0 1 0 10.600000000000001 4.2 3.8000000000000003 2.2 0 0 0 1.2000000000000002 2.2 1.8 3 3.8000000000000003 0 5.4 2.2 3.4000000000000004 7.4 0 4 0.2 2.2 0 0 0 0 0 0 0 0 0 0 0 0 0 0 0 0 0 0 8.200000000000001 0 0 0 0 0 2.6 0 0 0 0 0 2.2 0.4 0 0 0 0 0 0 0 0 0 1.2000000000000002 0 0 0 0.4 0 0 0 0 0 0 0 0 0 0 0 0 0 0 1.4000000000000001 2.2 2 4 0 3 0 0 1 1 5.4 0.2 2.2 0 3.8000000000000003 5.800000000000001 4.800000000000001 0 6.2 0 0 0 0 0 0 0 0 0 0 0 0 0 0 0 0 0 0 0 0 0 0 0 0 0 0 0 0 0 0 0 0 0 0 0 0 0 0 0 0 0 0 0 0 0 0 0 0 0 0 0 0 0 0 0 0 0 0 0 0 0 0 0 0 0 0 0.4 0.4 0.4 0 0 2.2 2.4000000000000004 0 0 0 0 0 0 0 0 0.4 0 0 0 0 0 0 0 0.4 0 0 0 0 0 0.6000000000000001 0 0 0 0 0 0 0 0 0 0 0 0 0 0 0 
 105.80000000000001 23.400000000000002 31 66 52.800000000000004 10.8 7.6000000000000005 23.400000000000002 19.400000000000002 0 66 22.8 28.200000000000003 34 83.4 32.4 33 51.2 11.600000000000001 33.2 0 0.4 42 0 0 0 18.400000000000002 0 0 0.6000000000000001 0.6000000000000001 0 0 0.4 0 0.6000000000000001 0.6000000000000001 0 13 15 0 0 1 1.2000000000000002 0.6000000000000001 0 0 0 0 0.4 0 0.6000000000000001 0.2 0 0 0 0 0 0 0 0.6000000000000001 0 0 0 0 0 0.4 0 0.6000000000000001 0.6000000000000001 0 0 0.2 8.6 0 0 0.4 0.6000000000000001 0 0 2.8000000000000003 8.4 0 12.600000000000001 18.400000000000002 6.2 0 1.6 7 0 0.2 7.800000000000001 0 0 0.4 0 3.4000000000000004 0.4 0 5.2 0 5.4 0 0 0 0 4.4 5 0 0 0 0 10.200000000000001 2.2 0 0 0 0 2.4000000000000004 0.2 0 0 0 0 0 0 0 0 0 0 0 0 0 0 0 0 0 0 0 0 0 0 0 0 0 0 0 0 0 0 0 0 0 0 0 0 0 0 0 0 2.8000000000000003 1.2000000000000002 0.2 1.2000000000000002 2.4000000000000004 0.2 0.4 3 3 4.800000000000001 2 7 0 6.4 0 1.6 0.6000000000000001 0 0 0 0.2 0 1.8 0 7.4 0 3 0 0.2 0 0 0 8.200000000000001 1.2000000000000002 0 0 0 0 0.2 2.8000000000000003 0 0 0 0 0 0 0 0 0 0 0 0 0 0 0 0 0 0 0 0 0 0 0 0 0 0 0 0 0 0 0 0 0 0 0 0 0 0 0 0 0 2 0 0 0 0 0.6000000000000001 0.4 1.2000000000000002 0.6000000000000001 0.8 1.6 2.8000000000000003 0 0 0 0 0 0 0 0 0 0 0 0 0 0 0 0 0 0 0 0 0 0 2 0 0 0 0 0 0 0 0 0 0 0 0 0 0 
 83.80000000000001 8.8 32.4 58.800000000000004 53.2 17.6 54.400000000000006 50.2 12.200000000000001 66 0 121.4 12 59 36.2 17.8 66 17 8.6 25.200000000000003 0 0.4 0.4 0 0 0 0.8 0 0 0.6000000000000001 0.6000000000000001 0 0 0.4 0 0.6000000000000001 0.6000000000000001 0 0.8 19.200000000000003 0 0 0 0 0.8 0 0 0 14 0.4 0 0.4 0 0 0 0 0 0 0 0 0.6000000000000001 0 0.6000000000000001 0 0 0 0 0 0.6000000000000001 0.6000000000000001 0 0 0 0.6000000000000001 0 0 0 0.6000000000000001 0 0 0.2 0 6.2 7.2 7.6000000000000005 0 3.6 0.2 0.4 3.2 2.8000000000000003 8.6 0 0 3.4000000000000004 2.6 0.2 2 0 0 0.4 0 0 0 0 0 2.4000000000000004 3.8000000000000003 0 0 0 0 0 0 0 0 0 0 6.6000000000000005 4.2 0.2 0 0 0 0 0 0 0 0 0.4 0 0 0 0 0 0 0 0 0 0 0 0 0 0 0 0 0 0 0 0 0 0 0 3 0 0 0 0 0 0 1.6 0 1.2000000000000002 0 0 4.4 0 2.2 0 0 4 0 0 0 3 2.2 0 5.6000000000000005 0 0 2.2 0 0 1 0 0 2.2 0 0 0 0 0 0.2 0.2 0 0 0 0 1.2000000000000002 0 0 0 0 0 0 0 0 0 0 0 0 0 0 0 0 0 1.4000000000000001 0 0 0 1.8 0 0 0 0 0 0 0 0.4 0 0 0 0 0 0 0 0 0 0 0 0 7.4 0 0 0 0.2 9 0.4 0.2 18.6 0.2 2.4000000000000004 3 0 0 0 0 0 0 0 0 0 3.2 0 0 0 0 0 0 0 0 0 0 0 0 3.8000000000000003 3.6 0 0 0 0 0 0 0 2.6 0 0 0 0 0 
 11.4 26.6 28.200000000000003 74 47.2 54.6 9.4 24.400000000000002 32.2 22.8 121.4 0 47 112.2 6.800000000000001 23.200000000000003 42.400000000000006 49.2 6.6000000000000005 78.2 0 0.4 0.4 0 0 0 0.2 0 0 0.6000000000000001 0.6000000000000001 0 0.2 13 0 0.6000000000000001 0.6000000000000001 0 15.8 15.600000000000001 0 0 0 0 0 0 0 0 0 0.4 0 0.6000000000000001 0.2 0 0 0 0 0 0 0 0.6000000000000001 0.6000000000000001 0 0 0 0 0 0 0.6000000000000001 0.6000000000000001 0 0 0.4 0.6000000000000001 0 0 0 0.6000000000000001 0 0 0 3.4000000000000004 4.800000000000001 2.6 2.4000000000000004 2.8000000000000003 0 1.2000000000000002 0 2.4000000000000004 3.8000000000000003 5.800000000000001 0 0 9.8 2.2 8 0 0 0 2 0 0 0 0 0 3.2 0 0 0 0 0 2.4000000000000004 0 0 0.2 3.6 0 7.4 10 0 0 0 0 0 0 0 0 0 0 0 0 0 2.8000000000000003 0 0 0 0 0 0 0 0.4 0 0 0 0 0 0.4 0 0 0 0 0 0 0 0.4 0.2 0 0 0 2.2 3.2 2.6 4.2 4.800000000000001 6.2 2.6 3 0.2 2.2 2.8000000000000003 3 1 2 3.8000000000000003 7.4 2.2 9.8 0 0 6.800000000000001 0 0 0 0 0 4 5.4 0 0 0 0 2.2 1.6 2 0 0 0 3 2 0 0 0 0 0 0 0 0 0 0 0 0 0 0 0 0 0 0 0 0 0.4 0 0 0 0 0 0 0 0 0.2 0 0 0 0 0.2 0 0 0 0 0 0 0 0 0 0 1.2000000000000002 23.6 0.2 0.4 17.400000000000002 0.2 3.2 0 0 0 0 0 0 0 0 0 0 0 0 0 0 0.2 0 0 0 0 0 0 0 0 1.8 3.2 0 0 0 0 0 0 0 0 0 0 0 0 0 
 57.2 37 12.600000000000001 48.6 13.8 8 67 21 56.6 28.200000000000003 12 47 0 31.200000000000003 8 23.200000000000003 5.800000000000001 9.8 50 37 0 0.8 40.800000000000004 0 0 0 0 0 0.2 0.6000000000000001 0.6000000000000001 0 0 0.4 0 0.6000000000000001 0.6000000000000001 0.2 0.6000000000000001 0 0 0 0 0 0 0.2 0.2 0 0 0.2 0 0.4 0 0 0.6000000000000001 0 0 13.4 0 0 0.4 0 0 0 1.8 0 0 0 0.6000000000000001 0.6000000000000001 0 0 0 2.8000000000000003 0 0 0 0.6000000000000001 0 0 2 2 3 0 0 0 6.6000000000000005 5.6000000000000005 1.4000000000000001 2.8000000000000003 0 0 4 0.2 0 6.4 2.8000000000000003 8.6 5 1.8 0 0 0 0 0 0 0 3.8000000000000003 0 0.2 0 0.4 0 0 0 0 0 0 0 0 0 0 0 0 0 0 0 0 0 0 0 0 0 0 0 0 0 0 0 0 0 0 0 0.2 0 0 0 0.6000000000000001 0 0.4 0 0 0 0 0 0 0 0 0 0 8.6 4.6000000000000005 3 0 0 0 2 0 0 2.6 0.2 0 2.8000000000000003 2.8000000000000003 0.4 3.2 0 0 3 2.4000000000000004 0 0 0 0 0 0 0 0 0 0 0 0 0 0 0 0 0 1 0 0 0 0 2.2 0 0 0 0 0 0 0.2 0 0 0 0 0 0 0 0 0 0 0 0 0 0 0 0 0 0 0 0 0 0 0 0 0 0 0 0 0 0 0 0 0 0 0 0 0 0 0.8 0 0 0 0 0 0 0 0 0 0 0 0 0 0 0 0 0 0 0 0 0 0 0 0 0 0 0 0 0 0 0 0 0 0 0 0 0 0 0 0 0 
 62 30 83.80000000000001 13 14.8 12.600000000000001 62 42.2 42.400000000000006 34 59 112.2 31.200000000000003 0 71.2 6.4 16.400000000000002 25.400000000000002 82.80000000000001 52.400000000000006 0 0.4 0.4 0 0 0.2 0 0 0 0.6000000000000001 0.6000000000000001 0 40.800000000000004 0.6000000000000001 0 0.6000000000000001 0.6000000000000001 0 0.8 0 0 0 0 0 0 0 0.4 0 0.4 0 0 2.8000000000000003 0.2 0 0 0 0 0 0 0 0.6000000000000001 0.4 0 0 0 0 0 0 0.6000000000000001 0.6000000000000001 0 0 0.4 0.6000000000000001 6.4 0 0 0.6000000000000001 0 0 7.4 5.4 3.4000000000000004 2 0.2 3.8000000000000003 0 7.800000000000001 6.4 0 0 0 4.800000000000001 14.8 0 2.6 2.8000000000000003 4.800000000000001 0 4.4 0 0 0 0 0 0 0 0 3.2 0 0 0 0 0 0 0 0 0 5 0 0 0 0 0.4 0 0 0 0 0.2 0 0 0 0 0 0 0 0.2 0 0 0 0 0 0 0 0 0 0 0 0 0 0 0 0 0 0 0 0 0 4.4 0 9 0 2.8000000000000003 1.8 0 1.2000000000000002 0 4.6000000000000005 0.6000000000000001 2.4000000000000004 0 2.6 0 1.8 7.6000000000000005 0 2.4000000000000004 3 6.4 0.2 0 0 0 0 0 0 0 0 0 0 0 0 0 0 0 0 0 0 0 0 0 0 0 0 0 0 0 0 0 0 0 0 0 0 0 0 0.2 0 0 0 0 0 0 0 0 0 0 2 4.4 0 0 0.4 0 0 0 0 0 0 0 0 0 0 0 0 0.4 0.4 8.6 0 0 0.4 0 1.2000000000000002 1 0 0 0 0 0 0 0 0 0 0 0 0 0 0 0 0 0 0 0 0 0 0 6.2 0 0 0 0 0 0 0 0 0 0.2 0 0 0 0 
 47.6 53.2 25.6 35 63.6 12.8 28.6 72.60000000000001 37.4 83.4 36.2 6.800000000000001 8 71.2 0 38 65.60000000000001 28.200000000000003 31.6 42.6 0 1.6 0.6000000000000001 0.6000000000000001 0 0 0 0 0 0.6000000000000001 0.6000000000000001 0 41.2 0.4 0 0.6000000000000001 0.8 0.4 0.6000000000000001 0.2 0 0 0 0 0 0.2 0.4 0 0.8 0.4 0 1 0.4 0 0 0 0 0 0 0 0.4 0 0 0 0 0 0 0 0.6000000000000001 0.6000000000000001 4.6000000000000005 0 0 0.4 12.8 0 0.4 0.4 0.4 0 8.200000000000001 4.6000000000000005 3.4000000000000004 2.4000000000000004 3.4000000000000004 2.8000000000000003 4.4 4.800000000000001 6.800000000000001 7.4 6.4 3 6.6000000000000005 3 6.2 4.2 2.6 9.8 3.4000000000000004 7.800000000000001 0 0 0 0 0 0 0 0 0 0 0 0 0 0 0 0 0 0 2 0 0 0 0 0.4 0 0.2 0 0 0 0 0 0 0 0 0 0 0.2 0 0 0 0 0 0 0 0 1 0 0 1.2000000000000002 0 0 0 0 0 0 0 0 0 0 0 2 2 7.2 5 0.2 0 0.2 1.8 6.800000000000001 0.2 7 5 6.800000000000001 13.600000000000001 3.4000000000000004 8.8 3 0.2 3.2 0.2 0 0 0 2.2 0 0 0 0 0 0 0 0 0.4 0.8 0 0 0 0 0.8 0 0 0 0 0 0 0.4 0 0 0 0 0 0 0 0 0 0 0 0 0 0 0 0 0 0 0 0 0 0 0 0 0 0.4 0 0 0 0 0 0 0 0 0 0 0 0 0.4 0.2 0.4 0 0.4 0.4 1 0.6000000000000001 0 0 0.2 0 0 0 0 0 0 0 0 0 0 0 0 0 0 0 0 0 0 0 0 2.6 1.8 0 0 0 0 0 0 0 0 0.4 0 0 0 0 
 69.4 42 7.2 21.6 32.2 59.800000000000004 22.400000000000002 31.200000000000003 11.4 32.4 17.8 23.200000000000003 23.200000000000003 6.4 38 0 29.400000000000002 10.4 9.200000000000001 13.600000000000001 0 0.4 0.6000000000000001 0 0 0 3.4000000000000004 0 0.2 0.6000000000000001 0.6000000000000001 0 0 0.4 0 0.6000000000000001 1 0 7.6000000000000005 14.8 0 0 0.8 0 0.6000000000000001 0.2 0.4 0 0 0.2 0 0.4 0 0 0 0 0 0.4 0 0 0.2 0 0 0 0 0 0 0 0.6000000000000001 0.4 0 0 0 1.4000000000000001 0 0 0 0.4 0 0 0.6000000000000001 0.2 0.2 3.6 2.6 0.2 2.8000000000000003 2.4000000000000004 0 0.2 5 0 3.6 6.4 5.2 0 2.2 0.2 4.4 0.2 0.2 2.6 0 0 0 0.2 0 3.2 0 0 0 0 2.4000000000000004 0 0 0 0.4 0 0 0 0.4 0 0 0 0 0 0 0 0 0.2 0 0 0 0 0 0 0 0 0 0 0 2.2 0 0 0 1 0 0 4 0 0 0 0 0.2 0 0 0 0 0 0 0 0.2 0 5.4 5.2 3.2 0 0 6.2 1.2000000000000002 0 9.200000000000001 5.800000000000001 0 3.8000000000000003 0 0.2 0 5.6000000000000005 0 0 0 0 0 0 0 3.4000000000000004 0 0.2 0 0 0 4 0.2 0 0 0 0 0 2.6 0 0 0 0 0 0 0 0 0 0 0 0 0 0 0 0 0.4 0 0 0 0 0 0 0 1.4000000000000001 0 0 0 0 0 0 0 0 0 0 0.4 0 0 0 0 0 2.2 0 0 0 0 0.4 0.4 17.6 0.2 0.2 1.8 0 0 0 0 0 0 0 0 0 0 0.2 0 0 0 0 0 0 0 0 0 0 0 0 0 1.6 0 0 0 0 0 0 0 0 0 0 0 0 0 
 41.800000000000004 27.8 61 8.200000000000001 10 16.8 25.8 41.2 5.6000000000000005 33 66 42.400000000000006 5.800000000000001 16.400000000000002 65.60000000000001 29.400000000000002 0 51 24.200000000000003 14 0 0.4 0.4 0 0 0 15 0 0 0.6000000000000001 0.6000000000000001 0.4 14.4 0.4 1.2000000000000002 9 1 0.4 5 0 0 0 0 0 0 0 0.4 0 1 0 0 1.4000000000000001 0 0 0 0 0 0 0 0 0.6000000000000001 0 0 0 0 0 0 0 0.6000000000000001 0.6000000000000001 0 1.4000000000000001 0 0.6000000000000001 7 0 0 0.6000000000000001 0 0 2 2.8000000000000003 0.2 2.2 6 5.800000000000001 4.2 2.6 9 0.2 2.8000000000000003 4.2 1.8 12.600000000000001 0.2 0 3 5 0.4 8.8 0 0 0 0 0 0 1.4000000000000001 4.6000000000000005 0 0 0 0 7.4 0.2 0 0 0 0 2 0.2 0 0 0 0 0 0 0 0 0 0 0 0 0.2 0 0 0.4 0 0 0 0 0 0 0 0 0 0 0 0 0 0 0 0 2 0 0.4 0 0 0 0.4 0.4 2.4000000000000004 1.8 4.800000000000001 3.8000000000000003 2.8000000000000003 3 0.2 2.6 0 3 5 2.6 0 2.8000000000000003 3.6 0 3.6 2.8000000000000003 2 0 1.6 0 2 0 0 0 0 0 0 0 0 0 8.6 4.2 0 0 0 0 0.2 0 0 0 0 0 0.4 0 0 0.4 0 0 0 0.2 0 0 0 0 3.6 0 0 0 0 0 0 0 0 0 0 0 0 0 0 0 0 0 0 0 0 0 0 0 0 0 0 0 0 0 0.6000000000000001 0.2 21.6 0.4 0 3.4000000000000004 0 0 0 0 0 0 0 0 0 0 0 0 0 0 0 0 0 0 0 0 0 0 0 2.6 1.6 3 0 0 0 0 0 0 0 0 0 0 0 0 
 6.4 51 44.6 10.600000000000001 45 11 4.800000000000001 40.400000000000006 7.6000000000000005 51.2 17 49.2 9.8 25.400000000000002 28.200000000000003 10.4 51 0 9.600000000000001 38.400000000000006 0 0.4 0.6000000000000001 0.4 0 0 5.2 0 0 0.8 0.6000000000000001 0 0 0 3.8000000000000003 0 0.6000000000000001 0.2 14.8 0 0 0 0.6000000000000001 0.6000000000000001 0.2 0 0 0 11.4 1 0 0.2 0 0 0.4 12.600000000000001 0 0.4 0.2 0 0 0 0.6000000000000001 0 0.2 0.4 0 0.6000000000000001 0 0 1.4000000000000001 0.4 0 0 0 0.2 0.4 0 0.2 0.4 6 6.2 2.6 11.4 4 9 0 5.6000000000000005 4.4 1.4000000000000001 3.6 4.800000000000001 0 0.2 0.4 0 10 0 0 0 0 0 0 0 0 0 0.2 0.4 0 0 0 0 2.6 5.6000000000000005 0 0 0 0 3.6 0.4 0 0 0 0 4.6000000000000005 0 0 0 0 0 0 0 0 0 0 0 0 0 0 2.8000000000000003 1.8 0 0 0 0 0 0 0 0 0 0 0 0 0 0 0 0.8 0 0 0 3 5.800000000000001 3.6 2 5 3.4000000000000004 2.6 8 2.4000000000000004 3.8000000000000003 1 5.6000000000000005 0 4.800000000000001 0 4 2.2 0.2 0.2 0 0.2 0 1.6 0 0 0 0 0 0 0 0 0.2 5.6000000000000005 7.6000000000000005 0 0 0 0 0 0 0 0 0 0 0 0 0 0 0 0 0 0 0 0 0 0 0 0 0 0 0 0 0 0 0 0 0 0 0 0 0 0 0 0 0 0 0 0 0 0 0 0 0 0 0 0.2 16.8 0.6000000000000001 17.400000000000002 0 0.2 3 4 0 0 0 0 0 0 0 0.2 0 0 0 0 0 0 0 0.4 0 0 0 0 0 0 2.6 3.6 2.2 0 0 0 0 0 0 0 0 0 0 0 0 
 14.8 48.2 25.400000000000002 16.6 14.600000000000001 11.200000000000001 24.200000000000003 72.60000000000001 19.200000000000003 11.600000000000001 8.6 6.6000000000000005 50 82.80000000000001 31.6 9.200000000000001 24.200000000000003 9.600000000000001 0 35.800000000000004 0 0.4 0.8 0 0 0.4 0 0 0 0.8 0.6000000000000001 0 0 0.4 0.4 0.6000000000000001 0.6000000000000001 0.4 0.6000000000000001 0 0 0.6000000000000001 0 0.4 0 0.6000000000000001 0.4 0 0.6000000000000001 0.2 0 0.8 0 0 0 0 0 0.2 0 0 0.4 0 0 0 1 0.4 0 0 0.6000000000000001 0.6000000000000001 0 0.4 0 1.6 10 0 0 0.4 0 0 4.800000000000001 4.4 4.2 0 0 0 0 3.2 11 0 0 0 2.8000000000000003 9.4 0.4 0 0 0 2.6 0 0 0 0 0 0 0 0 0.6000000000000001 0 0 0 0 0 3.8000000000000003 0 0 0 0 0 0 0 0 0 0 0 2.2 0 0 0 0 0.4 0 0 0 0.4 0 0 0 0 0.4 0 0 0 0.2 0 0 0 0.6000000000000001 0 0 0 0 0.4 0 0 0 0 0 0 0 4.2 2.4000000000000004 0.2 0 0 0 0.2 5 2 2 0.2 0 0 0 8.6 0 0 0.4 12.600000000000001 2.8000000000000003 0 0 0 0 0 0 0 0 0 0 0 0.2 0 0 0 0 0 0.4 0 0 0 0 0 0 0 0 0 0 0 0 0 0 0.2 0 0 0.4 0 0.2 0 0 0 0 2.6 0 0 0 0 0 0 0 0 0 0 0 0 0 0 0 0 0 0 0 0 0 0 0 0 0 0.2 0.2 0 3.8000000000000003 0 0 0 0 0 0 0 0 0 0 0 0 0 0 0 0 0 0 0 0 0 0 0 0 0 0 0 0 0 0 0 0 0 0 0 0 0 0 
 44.800000000000004 10.4 43.6 14.4 19.8 14 11.600000000000001 30.6 108.2 33.2 25.200000000000003 78.2 37 52.400000000000006 42.6 13.600000000000001 14 38.400000000000006 35.800000000000004 0 0 0.4 0.4 0 0 0 0 0.2 0 0.6000000000000001 0.6000000000000001 0 0.4 0.4 0 0.6000000000000001 0.6000000000000001 0 0.6000000000000001 0.4 0 0 0 0 0 0.2 0.4 0 0 0 0 0.4 0 0 0 0 0 0 0 0 0.4 0 0 0 0 0 0 0 0.6000000000000001 0.6000000000000001 0 0 0 0.4 0 0 0 0.4 0 0 5.800000000000001 8.6 3.8000000000000003 1.6 5 3.6 7.6000000000000005 8.4 3.4000000000000004 6.800000000000001 2.2 6.2 3.6 6.800000000000001 1.6 0 7.6000000000000005 3.4000000000000004 5 4 0 0 3 0 0 0 0 0 0 0 0 0 0 0 0 0 0 0 7.6000000000000005 0 0 0 0 0 0 0.4 0 0 0 0 0 0 0 0 0 0 0 0 0 0 0 0 0 0 0 0 0 4 0 7 0 0 0 0 0 0 0 0 0 0 5.4 3.4000000000000004 9.4 2.2 0 0 5.800000000000001 9.4 3.2 6.2 0 4 0 15 2.6 3.8000000000000003 5.2 0.2 0.4 5.4 0.4 0 0 1.6 0 0 0.4 0 0 0 0 0 0 0 0 0 0 0 2.4000000000000004 0 0 0 0 0 0 0.2 0.4 0 0 0 0 0 0 0 1.6 0 0 0 0 0 0 0 0 0.2 0 0 0 0 0 0 0 0 0 0 0 0 0 0 0 0 0 0 0 0 0 0 17.8 0.2 0.4 0.4 0.2 1 0.8 0 0 0 0 0 0 0 0 0 0 0 0 0 0 0 0 0 0 0 0 0 0 3.6 1.8 0 0 0 0 0 0 0 0 0.2 0 0 0 0 
 0 0.4 0 0 0 0.4 0 0.4 0.6000000000000001 0 0 0 0 0 0 0 0 0 0 0 0 69.4 16.400000000000002 41.400000000000006 5.800000000000001 36.800000000000004 34.4 10.4 8.200000000000001 17.8 20.400000000000002 70.60000000000001 7.2 8.200000000000001 37.6 12.8 45.6 24 10 10.4 0 0 0.6000000000000001 0 0.6000000000000001 0 0.6000000000000001 0.6000000000000001 0 0.4 0 1 0.4 0 0 0 0 0.6000000000000001 0 0.6000000000000001 0 1.2000000000000002 0 0.8 1.2000000000000002 0.4 1.2000000000000002 0.6000000000000001 0.6000000000000001 6.4 0 0.4 0.4 0 0 3.2 0 0 0.6000000000000001 0 0 0 0 0 0 0.4 0 0 0 0 0 0 0 0 0 0 0 0 0 0 8.8 6.800000000000001 2 3.2 3.2 3.2 0 2.4000000000000004 10.200000000000001 5 0.4 3.4000000000000004 0 1.8 2.4000000000000004 9.600000000000001 3 2.2 0 0 2.2 0 0 0 0 0 0.2 0 0 0 0 0 0 0 0.4 0 0 0 4.4 2.6 0 0 0 0 0.2 0 0 0 0 0 0 0 0 0 1 2 0 0 0 0 0 2.4000000000000004 0 0 0 0 0 0 0 0 0 0 0 0 0 0 3 0 0 0 8 0 6.2 2.2 6.2 0 0 6 0 5.2 2.2 6.2 1.8 2.8000000000000003 2.6 7 5 10 0 0 0 0 0 0 0 0 0 0 0 0 0 0 0.4 2.2 0 0 0 0 0.2 0 0 0 0 0 0 0 0 0 0 0 0 0 0 0 0 0 0 0 2.2 0 0 0 0 0 0 0 0 0 0 0 0 0.2 0 0 1.8 0 0 30.6 16 0 0 0 0 0 0 0 0 0 0 0 0 0 0 0 0 0 0 0 0 0 0 3.4000000000000004 0 0 0 0 2.2 0 0 0 
 0.4 1 0.4 0.4 14.8 1.4000000000000001 0.8 1 0.4 0.4 0.4 0.4 0.8 0.4 1.6 0.4 0.4 0.4 0.4 0.4 69.4 0 37.6 48 22 6.800000000000001 39.800000000000004 31 36.2 55.800000000000004 65.8 65.2 27.8 8.200000000000001 13 38.2 66.4 9.8 8.8 4.6000000000000005 41.2 0 0.6000000000000001 41.2 0.6000000000000001 0 0.4 0 0 0.6000000000000001 0 0.6000000000000001 0.4 0 0 12.4 0 0.6000000000000001 0 0.6000000000000001 0 0 0 0 0 0 0.2 0.6000000000000001 0.6000000000000001 0 11.4 0.4 0.6000000000000001 0 0 0.8 0 0 0.6000000000000001 0 0 0 0 0 0 0 0 0 0 0 0 0 0 0 0.4 0 0 0 0 0 6.6000000000000005 2.8000000000000003 3 1.6 0 5.6000000000000005 4.6000000000000005 0.4 0 2.8000000000000003 0.2 4.4 0 4.800000000000001 1.4000000000000001 4.6000000000000005 0 7.2 7.800000000000001 0 0 2.6 0 0 0 0 0.2 0 0 0 0 0 0 0 3 1.4000000000000001 0 0 0 3.8000000000000003 0 0 0 0 0 0 0 0 0 0 1 0 0 0 0.4 2.6 0 0 0 0.6000000000000001 0 0 0 0 0 0 0 0 0 0 0 0 0 0 0 0 0 0 0.8 0 6.2 1.6 0.4 2.2 2.2 2 3 3.6 0.2 2.6 10.600000000000001 2.2 0 1.8 8.4 2.8000000000000003 0 6.800000000000001 0.4 3.8000000000000003 0 0 0 0 0 0.4 0.8 0 0 0 0.4 0 0 0 0 0 0.4 0 0 0 0 0 0 0 0 0 0 0.8 0 0 0 0 1.4000000000000001 0 0 0 0 0 0 0 0 0 0 0 0 0 0 0 0 0 0 0 0 0 3.6 0 0 9.600000000000001 2.2 0.8 0.6000000000000001 0 0 0 0 0 0.6000000000000001 0 0 0 0 0 0 0 0 0 0 0 0 0.2 0 1.6 0 0 0.4 0 1.2000000000000002 0 0 0 
 41 1 1 0.4 0.4 0.6000000000000001 0.4 1.4000000000000001 12.4 42 0.4 0.4 40.800000000000004 0.4 0.6000000000000001 0.6000000000000001 0.4 0.6000000000000001 0.8 0.4 16.400000000000002 37.6 0 45.800000000000004 36.800000000000004 28.6 21.8 16.400000000000002 30.8 35.2 30.200000000000003 8.4 9.200000000000001 42.6 56.6 28.6 84.2 9.200000000000001 12.200000000000001 20.200000000000003 0 0 0.6000000000000001 13 0.4 0 0.8 0 0 0.2 0 1.2000000000000002 14 13.4 0.2 0.2 0 1 27.200000000000003 0.6000000000000001 0 0 0 0 0 0 0 0.6000000000000001 1 0.4 0.2 0.4 0.4 0 2.2 0 0 0.2 2.2 0 0 4 0 0 0 0 0 0.2 0 0 0 0 0 0 0 0 0 0 0 0 0 0 0.2 13.8 12.4 2.6 0 0 1.6 2 0 10.8 0 0 0.2 1.8 3.8000000000000003 10.8 0 0 6.6000000000000005 3 0 0 2.2 0 2.8000000000000003 0 0 0 0 0 2 0 6.6000000000000005 1.6 0 0 2 6.800000000000001 0 0 0 0 0 0 0 0 0 0.2 1.4000000000000001 0 0.2 0 0 0 0.2 0 0 1.8 0 0 0 0 0 0 0 0 0 0 4 0 0 0 0 0.2 0 0 0.8 0 0 2 1 0 0 2.2 0 0 0 3.6 4 6.800000000000001 0 0 0.2 0 0.2 12.600000000000001 0 0 0 0.2 0 0 0 0 17.2 0.2 3.4000000000000004 0.2 1.6 0 5.4 2.4000000000000004 3.8000000000000003 0 0 0 2.2 4.6000000000000005 0.4 0 0 0.2 0 0.6000000000000001 0 0 0 0 0 0 0 0 0 0 0 0 2.4000000000000004 0 0 0 3.4000000000000004 0 0 0 0 0 0 0 0 0 0 0 1 0 0.4 8.200000000000001 0 0.4 1 0 0 0 0 0 0 0 0 0 0 0.2 0 0.2 0 0 0 0 0 0 0 3 0 0 0 0 0 0 0 1.4000000000000001 
 0 1 0.8 6.800000000000001 0 0 0.6000000000000001 0 0.8 0 0 0 0 0 0.6000000000000001 0 0 0.4 0 0 41.400000000000006 48 45.800000000000004 0 51.6 17.2 13.4 14.8 56.400000000000006 51.800000000000004 14.600000000000001 142.20000000000002 13.600000000000001 19.6 16.2 10.600000000000001 17 59.6 16.400000000000002 10.8 0 0 0.6000000000000001 0 0.6000000000000001 0 14.600000000000001 0 0 0.2 0.4 0.6000000000000001 3.6 13.200000000000001 4.2 1.2000000000000002 0 0.6000000000000001 16.8 13.4 0 1.2000000000000002 0 0 0 0 0 0.6000000000000001 0.6000000000000001 0 9.200000000000001 1.6 0.4 0 0 1 0 5.6000000000000005 0.6000000000000001 0 0 0 0 0 0 0.4 0 0 0 0 0 0 0 0 0 0 0 0 0 0 2 6.2 0 4.2 4.800000000000001 9.600000000000001 0 2 3.6 3.8000000000000003 3.2 6.4 0 1.8 1.8 5 3.8000000000000003 0 0 0 0 0.2 0 0 0 0 3.8000000000000003 0 0 0 0 0 0 3.8000000000000003 6.2 0 0 4.2 1.6 3.2 0 0 0 0 0 0 0 0 0 0 0 0 1 2 0 0 0 0 0 0 0 2.2 0 0 0 0 0 0 0 0 0 0 0 0 0 0 0 0 0 0 2.8000000000000003 0 1.8 0 5.2 2 0 1.8 1.8 4 0.2 3.6 0.2 2.6 1.6 3.4000000000000004 2.2 7.2 0 0 0 4 2.6 0 0 0 2 0.2 0 0 0 0 8 0 2.2 0 0 0 2 3.6 0 0 0 0 0 0 0 0 0.2 0 0 0 0 0 0 0 0 0 2.6 0 0 0 0.6000000000000001 0 0 0 0 0 0 0 0 0 0 0 0.6000000000000001 0 0 0.6000000000000001 16.2 0.4 0.8 0 0 0 0 0 0.4 0 0 0 0 0 0 0 0 0 0 0 0 0 0 7.2 0 0 0 0 0 0 0 0 
 0 0.4 0 0 0 0 0 0 0 0 0 0 0 0 0 0 0 0 0 0 5.800000000000001 22 36.800000000000004 51.6 0 41.6 11 12.4 21.200000000000003 23.8 13 28.6 15.200000000000001 24.6 20.8 19 23.8 23.6 58 13.600000000000001 5.6000000000000005 0 0.6000000000000001 0 0.6000000000000001 4.6000000000000005 0.4 0.2 0 0.4 0 0.6000000000000001 13 12.4 2 0 3.8000000000000003 0.6000000000000001 37.6 1 0 0 0 0 0 0 0.2 0.6000000000000001 0.6000000000000001 9.8 0 0.4 0.4 0 0 0 0 0 1 0 0 0 0 0 0 0 0 0 0 0 0 0 0 0 0 0 0 0 0 0 3.8000000000000003 7.800000000000001 2.8000000000000003 5.2 4 3 0 1.8 8.200000000000001 4 0 2 0.2 0 0 2.4000000000000004 4.6000000000000005 0 1.6 0 9.200000000000001 3.8000000000000003 0 0.4 0 0 3.2 0.2 6.800000000000001 0 0 0 0.2 2.4000000000000004 7.2 2 0 4.6000000000000005 6.2 2.6 0 0 0 0 0 0 0.2 0 0 0 0.6000000000000001 0 0 0 2.2 2.2 0 0 0 0 0 0 0 0 0 0 0 0 0 0 0 0 0 0 0 1.6 0 0 0 0 1 0 0 0 0 2.8000000000000003 0 2.2 0 7 2.4000000000000004 3 0 0 0 0 0 3.8000000000000003 0.4 0 2.2 0 2.2 0 0 0 3.2 2.8000000000000003 3.2 0.2 0 0 12.600000000000001 1.8 4 2.4000000000000004 3 4.4 0.6000000000000001 7 0 0 0 0 0 1.8 0 0 1.4000000000000001 0 0.2 0 0 0 0 0 0 0 0 0.6000000000000001 0 0 0 0 0 0 0 0 0 0 0 0 0 0 1 0 0.6000000000000001 0.2 0.2 0 0.4 0 0 0 0 1 0 0 0 0 0 0 0 0 0 0 0 0 0 0 0 0 0 0 1.8 0 0 0 0 0 
 0.4 0.8 0 0.6000000000000001 0 0 0 0 0 0 0 0 0 0.2 0 0 0 0 0.4 0 36.800000000000004 6.800000000000001 28.6 17.2 41.6 0 5.800000000000001 8.6 107.4 37.6 31.6 58.2 6 9 28.200000000000003 26.8 54.2 12 8.8 52.800000000000004 17.6 0 0.6000000000000001 0.6000000000000001 0.6000000000000001 0 13 5.2 0 0.4 1 1 0.6000000000000001 20.8 0.6000000000000001 4.800000000000001 0.4 0.6000000000000001 12.8 13.200000000000001 0 0 0.2 0.4 0.4 0 0 0.6000000000000001 0.6000000000000001 0 0.8 0.8 0.6000000000000001 0 0 0.8 0 0 0.8 0.2 0 0 0 0 0 0 0 0 0 2.8000000000000003 0 0 0 0 0 0 0 0 0.4 0 0 2 1.8 8.4 5.2 8.8 0 0.2 0 2.2 2.4000000000000004 0.2 0 0 0 0 2.2 0 0 0 0 0 0 0 0 0 7.800000000000001 0.4 0 0 5 0 0 3 2.2 0 1.8 9.4 5 2.8000000000000003 0 0 0 0 0 0 0 0 0 0 0 0.2 0 1 0 0 0 0 0 0 0 0 0 0 0 0 0 0 0 0 0 0 0 0 0 0 0 0 3 0 2.6 0 6.6000000000000005 0.2 2.6 2.2 1.4000000000000001 0 0 4 0 5.4 0 0 0 0.2 0 2.2 0 0 5.800000000000001 3.6 2.2 0 0 0 3.2 0 0 2.4000000000000004 0 0 5 9 3.2 0.6000000000000001 0 0 14.8 5 0 0 0 0 0 0 0 0 0 0 0 0 0 0 0 0 0 0 0 0 0 0 0 0 0 0 0.2 0 0 0 0 0 0 0 3.4000000000000004 0 4.2 0.2 0.2 0.2 0.2 0 0 0 0 0 0.2 0 0 0 2.6 0 0 0 0 0 0 0 0 0 0 0 0 0 2.4000000000000004 0 0.2 0 0 0 
 0 0.4 0 0.6000000000000001 33 14.600000000000001 0.2 0 0 18.400000000000002 0.8 0.2 0 0 0 3.4000000000000004 15 5.2 0 0 34.4 39.800000000000004 21.8 13.4 11 5.800000000000001 0 37.6 71.8 10.200000000000001 15.8 35.4 32.4 10.200000000000001 21.8 17 10 19.6 58.800000000000004 25.400000000000002 0 0 13.8 0 1.4000000000000001 0 0.8 0 0 0.2 0 0.6000000000000001 0.4 0 0 0.4 0 0.6000000000000001 0 0.8 0 0.6000000000000001 0 0 0 0 0 0.6000000000000001 0.6000000000000001 10.8 0 1 0.4 0 0 2 0 0.6000000000000001 0.6000000000000001 0 0 0 0 2.8000000000000003 8.200000000000001 4.2 0 0 1.8 0.2 0.2 0.2 0 0 0 0 0 0 0 0 0 6.800000000000001 2.6 0 0 8.4 4.800000000000001 5 0.2 5.6000000000000005 6.6000000000000005 0 4.800000000000001 4.800000000000001 0.2 0 2.6 0 0.8 0 0 0 0 0 0 0 0.4 0 0 0 0 0 0 0 0.2 0 0 0.4 0 0 0 0 0 0 0 0 0 0 0 0 0 0 0 0 0 0 0 0 0 0 0.2 3.6 0 0.8 3.6 0 0 1.8 0 2.2 0.2 1.4000000000000001 0.4 0 0 0 0.2 0 0 0 4 4.2 2.4000000000000004 2.2 6 0 5.800000000000001 0 9.200000000000001 0.2 6.2 0.2 2.8000000000000003 2.2 7 0.4 0.2 0 1.8 6 0 0 0 0 0 0 0 0 0 0 0 0 0 0.2 0 0 0 0 0 0 1.6 0.4 0 0 3 0 0 0 0 0 0 0 0 0 0 0 0 0 0 0 0 1.8 0.2 0 0 0 0.2 0 0 0 0 0 0 0 2.6 0.4 0 2 0 0 2.2 0 0.2 0 0 0 0 0 0 0 0 0 0 0 0 0.2 0 1.8 0 0 0 0 0 0 0 0 3.4000000000000004 0 0 0 
 0 0.4 0 12.600000000000001 11 29.6 0 0 0 0 0 0 0 0 0 0 0 0 0 0.2 10.4 31 16.400000000000002 14.8 12.4 8.6 37.6 0 50.6 53.400000000000006 5.6000000000000005 53 66.4 59.400000000000006 41 49 52.400000000000006 5.800000000000001 33.2 6.2 0 0 1.4000000000000001 1.4000000000000001 0.6000000000000001 0 0.2 0 0.6000000000000001 0.8 0.4 1.6 0.4 0.8 0.4 0.4 1 1 0 1 0 0 0 0.8 0 0 0.8 0.6000000000000001 1.2000000000000002 0.4 0.4 2 0.4 0 0.4 0 0.2 0.2 0.6000000000000001 0 0 0 0 0 3 0 3 0 0 0 0 0 0 0 0 0 0 0 0 0 6.6000000000000005 8.200000000000001 3 0 4.6000000000000005 2.2 7.6000000000000005 3.4000000000000004 5.2 4.6000000000000005 11.8 1.8 0 0 3.2 11.8 1.8 7.800000000000001 2.4000000000000004 2.6 0 0 2.6 0 0 0 0 0 0 0 0 0 0 0 0 0 0 0 0 0 0.6000000000000001 2 0 0 0 0 0 0 0 0 0 0 0 0 0 0 0 0 0 0 0 0 0 2.8000000000000003 2 2.6 0 0 0 0 2 1.6 0 0 0 0 0 0 0 0 0 12.8 2.6 3 0 1.8 6.2 0 6.4 2.2 2.6 0 2.4000000000000004 3 6.6000000000000005 2.6 8.200000000000001 0 2.2 12.4 0 0 0 0 0 0 0 0 0 0 0 0 0 0 0 0 0 0 0 0 0 0 0 0 0 0 0 0 0 0 0 0 0 0 0 0 0 0 0 0 0 0 0 0 0 0 0 0.2 0 0 0 0 0 0 3.6 0.2 0 0 0 0 2.4000000000000004 5.2 0 0 0 0 2.2 0 0 0 0 0 0 0.4 0 0 0 0 0 0 0 0 0 0 0 0 0 0 0 0 
 0 0.4 0 0.6000000000000001 14.8 0.2 0 0 0.4 0 0 0 0.2 0 0 0.2 0 0 0 0 8.200000000000001 36.2 30.8 56.400000000000006 21.200000000000003 107.4 71.8 50.6 0 30.200000000000003 70.2 5 26.8 33.6 126 35 98.4 21 19.200000000000003 30.6 0 0 0.6000000000000001 0 0.4 0 11.600000000000001 1.6 0 0.8 0 0.6000000000000001 0.4 0 0 0.2 0 0.6000000000000001 14 0.6000000000000001 0 0 0 2.2 0 0 0 0.6000000000000001 0.6000000000000001 0 0 0.4 0.4 0 0 0 0.2 0 0.6000000000000001 0 0 0 0 0 3 0 0 0 0 0 0 0 0 0 0 0 0 0 0 0 0.8 6.6000000000000005 6 2 7.800000000000001 0.2 2 0.2 5 6.2 5.6000000000000005 0 0 4.2 7.4 2 3.6 4 2.8000000000000003 0 0.2 0 0 0 0 0 4 0 0 0 0.2 0 0.2 0 2.4000000000000004 0 0 0 5.2 2 0.8 0 0 0 0.4 0 0 0 0 0 0 0 0 0 0 0 0 0.2 0 0 0 1 0 0 0 0 0 0 0 0 0 0 0 0 0 0.4 0.4 0 0 0.2 0 0 3.8000000000000003 1.6 1.4000000000000001 0.2 4.800000000000001 0 5.800000000000001 7 0 6 0.4 2.4000000000000004 8.8 3.6 6.2 7.2 2.2 1.8 0 0 0 0 0 0 3.4000000000000004 0 0 0 0 0.6000000000000001 3.6 1.8 0 0 0 0.4 2.2 0.4 0 0 0 0 0 7 0 0 0.2 0 0 0.2 0 0 0 0 0 0 0 0 0 0 2 0 0 0 0 0 0 0 0 0 0 0 0 0 0 0.2 0 0.2 0.2 2.4000000000000004 0 0 0 0 0 0 0 0 0 0 0 0 0 0 0 0 0 0 0 0 0 0 0.2 0 0 0 0 0.4 
 0.6000000000000001 0.6000000000000001 0.6000000000000001 0.6000000000000001 16.6 0.6000000000000001 0.6000000000000001 0.6000000000000001 1 0.6000000000000001 0.6000000000000001 0.6000000000000001 0.6000000000000001 0.6000000000000001 0.6000000000000001 0.6000000000000001 0.6000000000000001 0.8 0.8 0.6000000000000001 17.8 55.800000000000004 35.2 51.800000000000004 23.8 37.6 10.200000000000001 53.400000000000006 30.200000000000003 0 50 112.2 6 18 15.600000000000001 46.400000000000006 59 28.400000000000002 19.200000000000003 13.4 0 0.6000000000000001 1.2000000000000002 0.4 1.2000000000000002 0 0.2 1 0 0.4 0 1 0.8 0 12.4 0.4 0.8 0.8 25 1.2000000000000002 0 0.4 0 0 0.2 0.4 0.4 0.6000000000000001 0.6000000000000001 0 0 0.4 0.6000000000000001 0.6000000000000001 0.4 0.4 0 0.4 0.6000000000000001 0 0 0 0 0 0 0 0 3.8000000000000003 0 0 0 0 0 0 0 0 0 0 0 0 2 0 7.6000000000000005 3.2 2.8000000000000003 0 0 0 4.2 4.4 2 4 0 0 0.6000000000000001 2.8000000000000003 6.2 1.8 0 0 4.4 2.6 0 0 0 0 4.2 0 0 0 0 0 2 0 6.4 1.8 0 0 3.6 1.8 0 0 0 0 1.6 0 0 0 0 0 0 0 0.6000000000000001 0.2 0 0 0 0 0 0 0 0 0 0 0 0 0 0 0 0 0 0 0 0 0 0 0 0 1.4000000000000001 0 0 0 4 0.4 4.800000000000001 4.4 0 2.2 0 8.8 3.2 9.600000000000001 0 0 0 3.4000000000000004 11 8 0 0 0 0.2 0 0 0 0 1.4000000000000001 2 2.6 0 0 0 9 3 4.6000000000000005 0 0 0 2.2 0.2 0 0 0 0 0 2 0 0 0 0 0 0 0 0 0 0 0 0 0 0 0 0 1.8 0 0 0.4 0 0 0 0 0 0 0 0 1 0.2 0 15.200000000000001 0.4 0.2 0.6000000000000001 0 0.4 6 0 0 0 0 0 0 0 0 0 0 0 0 0 0.4 0 0 0 2.6 0 0 0 0 0 0 0 0 
 0.6000000000000001 1 0.6000000000000001 0.6000000000000001 4.2 0.6000000000000001 0.6000000000000001 0.6000000000000001 0.8 0.6000000000000001 0.6000000000000001 0.6000000000000001 0.6000000000000001 0.6000000000000001 0.6000000000000001 0.6000000000000001 0.6000000000000001 0.6000000000000001 0.6000000000000001 0.6000000000000001 20.400000000000002 65.8 30.200000000000003 14.600000000000001 13 31.6 15.8 5.6000000000000005 70.2 50 0 41.2 5 18.6 12.8 38 72.8 7 6.800000000000001 17.8 5.6000000000000005 0 1.2000000000000002 0 1 0 0.4 4.2 0 0.2 10.600000000000001 0.6000000000000001 0.4 15 0 0 0 0.6000000000000001 0 13 0 0 0 0 0 0 0.4 0.6000000000000001 0.8 0 15.8 0.4 0.4 0 0.4 1.8 0 0 0.6000000000000001 0 0 0 0 0 0 0 0 0 0 0 0 0 0 0.8 0.2 0.4 0 0 0 0 0 2 2.4000000000000004 5 8.6 7.2 0 0 0 0 2.2 3.6 0 0 0 2.4000000000000004 0 3.2 0 0 2.4000000000000004 4.2 0.2 0 0 0 7.6000000000000005 0 2 0 0 0 2.4000000000000004 0 0 1.8 0 0 2.2 1.8 0 0 0.2 0 0 0 0 0 0 0 0.2 0 0 0 0 0 0 0 0 0.2 0 0 0 0 0 0 0 0 0 0 0 0 0 0 0 0 0 0 0.6000000000000001 0 2.8000000000000003 1.4000000000000001 3 1.6 9.8 4.6000000000000005 0 0 0 3 4.4 5.800000000000001 0 0 0 2.2 0 2.6 0 0 0 2.4000000000000004 0 0.4 0 0 4.4 0 2.4000000000000004 1.2000000000000002 0 0 1.4000000000000001 3 5.4 2.2 0 0 6.4 4.800000000000001 0 0 0 0 0 0 0 0 0 0 0 0 0 0 0 0 0 0 0 0 0 0 0 0 0 0 0 0 0 0 0 0 0 0 1.8 0.2 0 10.600000000000001 0 0 0.2 0.2 0 0 0 0 0 0 0 0 0 0 0 0 0 0 0 0 0 0 0 2.6 0 0 0 0 1.4000000000000001 0 0 0 
 0 0.4 0 0 0 0 0 0 0 0 0 0 0 0 0 0 0.4 0 0 0 70.60000000000001 65.2 8.4 142.20000000000002 28.6 58.2 35.4 53 5 112.2 41.2 0 4.6000000000000005 8 5.800000000000001 4.6000000000000005 44 23.200000000000003 18.2 4.2 13.4 0 0.6000000000000001 0 0.8 0 0.2 12.600000000000001 0 0.4 0 0.6000000000000001 12.600000000000001 0 13.4 0 17.2 0.6000000000000001 31 0.6000000000000001 0 0.4 0 0 0 0.4 0.4 0.6000000000000001 0.6000000000000001 0 0 0.4 0.4 0 0 11 0 0 0.6000000000000001 0 0 0 0 0 0 0 0 0 0 0 0 0 0 0 0 0 0 0 0 0 0 2.6 2.6 0 0 4.4 0 0 3 3.2 2.2 2.2 0 0 0.2 1.6 3.6 0 0 0 7 5.2 0.2 0 0 0 5.2 0 0 0 4 0 4.4 0 3 0 0 0 6.6000000000000005 0 0 0 0 0 0 0 0 0 0 0 0 0 0.8 0.4 0 0 0 0 0 0.2 0 0 0 0 0 0 0 0 0 0 0 0 0 0 0 1 0 0 0 0 7.6000000000000005 0 1 2.4000000000000004 4.800000000000001 2.6 0 1.6 0 2 0 3.4000000000000004 0 0 0 3.6 0.6000000000000001 5.2 0 5.4 2.2 0.2 0 0 0 0 4.4 5.2 3 0 0 0 7 8.4 8.8 0 0 0 0 2 0 0.2 0 0 0.4 0 0 0 0 0 0 0 0 0 0 0 0 0 0 0 0 0 0.4 0 0 0 0 0 0 0 0 0 0 0 1.6 0 0.4 15.8 14.8 0.6000000000000001 1.6 0 0 0 0 1.4000000000000001 0 0 0 0 0 0 0 0 0 0 0 0 0 0 0 2.6 0 0 2 0 2.4000000000000004 0 0 0 
