 0 19.200000000000003 56.6 45.2 60.400000000000006 20.6 30.6 28.200000000000003 11.4 28.6 7.4 25.200000000000003 12.600000000000001 62 25.6 26.200000000000003 24.400000000000002 39.2 46.800000000000004 118.2 0 0.2 0.4 0 0 0 0 0.4 0 0 0 0 0 0 0.2 0.6000000000000001 0 0 0.2 0.4 0 0 0.4 0 0 0.6000000000000001 0.4 1.2000000000000002 0 0 0 0 0.8 0.4 0 0 0.2 0 0 0 0 0 0 0 10.4 0 0 0 0 0 0 1.4000000000000001 1.8 0.6000000000000001 0 0.2 0 0 0 0 3.4000000000000004 2 0.2 0 0 0 8.6 6 0.2 2 0 1 2.8000000000000003 7.6000000000000005 1.8 0 5.6000000000000005 1.8 0 3.6 0 0 0 1.6 0 0 0 0 0 0 0 0 0 0 0 0 0 0 0.2 0 0 0 0 0 0 0 0 0 0 0 0 0 0 0 0 0 0 0 0 0 0 0 0 0 0 0.8 0 0 0 0 0 0 0 0 0 0 0 0 2 0 6.4 5.6000000000000005 2 2.4000000000000004 0 2 2.4000000000000004 2 2 0 0 0 3.8000000000000003 2.8000000000000003 0 2.2 4.2 1.8 0 3.2 0 0 0 0 0 0 0 0 0 0 0 0 0 0 0 0 0 0 0 0 0 0 0 0 0 0 0 0 0 0 0 0 0 0 0 0 0 0 0 0 0 0 0 0 0 0 0 0 0 0 0 1 0 0 0 0 7.800000000000001 0 0 0 0 0 0 0 0 1 0 0 0.2 0.4 0 3.4000000000000004 0 0 0 0 0 0 0 0 0 0 0 0 0 0 0 0 0 0 0 0 0 0 0 0 2.8000000000000003 0 0 0 0 0 0 0 0 0 0 0 0 0 
 19.200000000000003 0 46.6 42.800000000000004 41.2 10.8 74.60000000000001 117.4 72.8 42 42.400000000000006 66.60000000000001 23.200000000000003 9 29.200000000000003 47.2 110.80000000000001 42.800000000000004 6.6000000000000005 31.200000000000003 0 0 0 0 0 0 0 0 0 0 0 0 5.2 0 0 0.6000000000000001 0 0 15 17 0.6000000000000001 0.2 0.6000000000000001 0 0.6000000000000001 0.4 0.2 0 0 0 0 0 0 0.4 0 0 0 0 0 0 0 0 0 0 0 0 0 0.4 0 0 0 0.6000000000000001 0.6000000000000001 0.2 0 0 0 0 0.2 0 0 1.6 12.4 2.6 6.4 4.4 1.6 2.2 0.8 1.8 2.2 3.6 0 0 1.4000000000000001 0 5.2 6.6000000000000005 0 0 3.2 0 0 0 0 0 6.6000000000000005 2.2 0 0 0 0 3 0 0 0 0 4.2 0 0 0 0 2 0 0 0 0 0 0 0 1.6 2.6 0 0 0 0 0 0 0.2 0 0 0 0 0 0 0 0 4 0 0.8 1.6 0 0 0 0 0 0 0 0 0 0.4 0 4.6000000000000005 2.6 5.2 5.2 0 1.4000000000000001 0 2.8000000000000003 5 0.2 11 0 3.4000000000000004 3.4000000000000004 2 4.4 1.4000000000000001 0 0 2.4000000000000004 0 0 0 0 0 0 0 0 0 0 0 2 0 0 0 0 0.2 0 0 0 0 0.4 0 0.2 0 0 0 0 2.8000000000000003 0 0 0 0 0 0 0 0 0 0 0 0 0 0 0 0 0 0 0.4 0 0 0 0 0 0 0.4 0 0.4 0 0 0 0 0 0.4 0 9.8 0 0.4 0 0.4 1.4000000000000001 3.8000000000000003 0 0 0 0 0.4 0 0 0 0 3.4000000000000004 0 0 0 0 0 0 0 0 0 0 0 0 2 0 4.6000000000000005 0 0 0 0 0 0 0 0.4 0 0 0 0 
 56.6 46.6 0 17.2 32.2 23.6 13.200000000000001 23.8 14.200000000000001 10.600000000000001 51.6 23.8 18.2 7.800000000000001 9.8 49.800000000000004 52.800000000000004 8.6 6.6000000000000005 23.6 0 0.4 0.4 0 0 0 0.2 14.8 0.2 0 0 0 7.6000000000000005 0 0.2 0.6000000000000001 0 0 0.2 4.4 0 0 0.4 0 0 0.4 0.4 0 0 0 0 0 0 0.8 0 0 0 0 0 0 0 0 0 0 0 0 0 0 0 0 1.2000000000000002 1.6 2.6 0.6000000000000001 0 0 0 0 0 0 3 6.2 2 6.4 3.6 6.6000000000000005 2.4000000000000004 10.8 7.800000000000001 1.6 0 2 4.4 2 0.6000000000000001 0 12.600000000000001 4.800000000000001 0 0 3.2 0 0 0 0 0 8.6 0 0 0 0 0 7 0 0 0 0 0 2 0 0 0 0 0 0 0 0 0 0 0 0 0 0 0 0 0 0 0 0 0 0 0 0 0 0 0 0 0 0 0.8 0 0 0 0 0 0 0 0 0 0 2.4000000000000004 0 3.4000000000000004 4.2 11.4 3.4000000000000004 1 1.8 6.4 3.8000000000000003 2.2 0.2 0 0 1.6 2.8000000000000003 7.2 6.2 0 0 0 2.6 0 0 0 0 0 0 0 0 0 0 0 2 0 0 0 2.4000000000000004 4.2 0 0 0 0 0 0 0 0 0 0 0 4 0 0 0 0 0 3.8000000000000003 0 0 0 0 0 0 0 0 0 0 0 0 0 1 0 0 0 0 0 0 0 0 0 0 0 0 0 0 0 18.400000000000002 0 1.4000000000000001 0.2 0 4.2 0 0 0 0 0 0 0 0 0 0 5.4 0 0 0 0 0 0 0 0 0 0 0 0 0 5 0.8 0 0 0 0 0 0 0 0 0 0 0 0 
 45.2 42.800000000000004 17.2 0 30 4.6000000000000005 95.60000000000001 15.8 18.2 56.800000000000004 79.2 11.4 40.400000000000006 46.6 33 14.8 8.4 39.2 15 107.80000000000001 0 0 0.4 0 0 0.2 0 14.8 41.800000000000004 0 0 15 0 0 0 0.6000000000000001 0 0 0.2 16.8 0 8.8 0.2 0 0 1 0.6000000000000001 0 0 0 0 0 0 0.4 0 0.2 0 0 0 0 0.2 0 0 0 0 0 0 0 0 0 0 0.6000000000000001 0.6000000000000001 0.6000000000000001 0.4 0 0 0 0 0 6.2 2.2 0.4 16.400000000000002 2.6 0.2 1.8 2.8000000000000003 3 3.4000000000000004 1.8 3.8000000000000003 0.2 2.4000000000000004 0 1.2000000000000002 2.2 5.4 0 2.4000000000000004 0.2 0 0 0 0 0 0 0.4 3 0 0 0 0 2.2 0 5.800000000000001 0 0 7 4.6000000000000005 0 0 0 0 0 0 3 0 0 0 0 0 0 0 0 0 0 0 2.8000000000000003 0 0 0 0 0 0 0 0 0 0 0 0 0 0 0.2 0 0 0 0 0 0 6.800000000000001 0.2 3.4000000000000004 7.6000000000000005 2 1.8 5.6000000000000005 3 6.2 0 0 1.4000000000000001 3.8000000000000003 5.4 1 0 1.4000000000000001 1.2000000000000002 0.2 2.2 0.2 5.2 0 0 0 0 0 3 0 0 0 0 0.4 0 0 0 0 0 1.4000000000000001 0 0 0 0 0 0 0 0 0 0 0 0 0 0 0 0 0 0 0 0 0 0 0 0 0 0 0 0 0 0 0 0 0 0 0 0 0 0 0 0 0 0 1.4000000000000001 0 0 0 0.4 0 0.4 0 1.6 2 3.2 0 0 0.4 0 0 0 0 0 0 0 0 0 0 0 0 0 0 0.2 0 0 0 0 0 3.6 0 0 0 0 0 0 0 0 0 0 0 0 0 0 
 60.400000000000006 41.2 32.2 30 0 33 25.8 12.8 31.8 64.60000000000001 24 34.6 58.6 72.8 17.2 15.8 41.2 10.200000000000001 9.4 13.600000000000001 0 0.6000000000000001 1 0 0.4 0 0.6000000000000001 27.400000000000002 15 0.6000000000000001 0 0 14.600000000000001 0 16 0.6000000000000001 0 0.2 15 17.2 0 0 0.2 0.6000000000000001 0 0.4 2 0 0 0 0.4 0.4 0 0.4 0 0.2 0.6000000000000001 0.8 12 0.4 0 0.4 0 0 0 0 0 0.6000000000000001 0.2 0 0 0.6000000000000001 0.6000000000000001 0.6000000000000001 0 0 0 0 0 0 1.6 2.6 2 5.800000000000001 2.8000000000000003 1 0 2.6 2.6 8 2.8000000000000003 19.6 0 2.2 1.8 3.4000000000000004 0 4.800000000000001 0 0 0 2.2 2 0 0.4 0 2.6 2.2 5.800000000000001 0 0 0 2.6 1.8 0 1.2000000000000002 0 0 2.6 4 0 0 0 0 0 0 0 0 0 0 0 0 0 0 0 0 0 0 3.6 0 0 0 0 0 0 0 0 0 0 0.8 0 0 0 0 0.4 0 0 0 2.8000000000000003 0 0.2 0 2.4000000000000004 9.600000000000001 4.800000000000001 2.2 1 0.2 0.2 2.2 2.2 0 1.8 3.4000000000000004 5.4 2.4000000000000004 3.8000000000000003 0 0 0 0 7.2 0 2.8000000000000003 0 0 0 3.4000000000000004 0 0.8 0 0 0 7.6000000000000005 3.6 0 5.4 3 2.2 0 0 0 0 0 0 0 0 0 0 0 0 0 0 0 0 0 0 0 0 0 0 0 0 0 3 0 0 0 0 0 0 0 0 0 0 0 0 0 0 0 0 0 0 0 0 1 17.400000000000002 1 0.4 9.200000000000001 0.2 2.6 0 0 0.4 0 0 0 0 0 0 0 0 0 0 0 0 0 0 0 0 0 0 0 0 0.2 2.6 0 0 0 0 0 0 0 0 0 0 0 0 0 
 20.6 10.8 23.6 4.6000000000000005 33 0 28.400000000000002 8.200000000000001 29 36.800000000000004 85 55.6 9.600000000000001 13.200000000000001 12.600000000000001 17.2 63.6 9.8 9.200000000000001 50.400000000000006 14.8 0 0.4 0.6000000000000001 0 0 0 17.2 0 0 0.4 0 0.4 15.600000000000001 0.2 0.6000000000000001 14.8 0 0 16 0 0 0.4 0 0 3.6 1.6 0.4 0 0 0 0 0 0.4 0.6000000000000001 0 0 0 0 0 0 0.6000000000000001 0 0 0 0 0 0 0 0 1.6 0.6000000000000001 0.6000000000000001 1.2000000000000002 0 0 0.6000000000000001 0 0 0 6.2 1.4000000000000001 4.4 3.2 4.2 9.600000000000001 0 0 3.4000000000000004 0.8 0 6.6000000000000005 0 0 0 3.2 4.800000000000001 0 0 0 3.2 4.2 2.6 0 0 0 9.4 1.6 0 0 0 0 4.4 0 3.2 0 0 7.2 1.8 0 0 0 0 0 0 0 0 0 0 0 0 0 0 0 0 2.6 0.4 0 0 0 0 0 0 0.2 0 0 0 0 0 0 0 0 0 0 0 0 0.4 0 0 0 0 0 6 0 6.2 5.6000000000000005 0 3 9.4 3.4000000000000004 0 4.6000000000000005 0 0 0 2.2 3.2 2.8000000000000003 0 0 0 1 0 3 0 0.2 3.8000000000000003 0 4.6000000000000005 3.6 0 0 6 4 6.4 0 0 5.4 5.6000000000000005 8.4 0 0 0 0 0 0 0.4 0 0 1.8 0 2.2 0 0 1.2000000000000002 0 0 0 0 0 0 0 0 0 0.2 0 0 0 2.2 0 0 0 0 0 0 0 0 0 0 0 0 0 0 0 0 0.4 0.2 0 2.4000000000000004 0 0 4.2 0 0 0 0 0 0 0 0 15 0 2.2 0 0 0 0 0 0 0 0 0 0 0 0 0 2.6 2.6 0 0 0 0 0 0 0 0 2.8000000000000003 0 0 0 
 30.6 74.60000000000001 13.200000000000001 95.60000000000001 25.8 28.400000000000002 0 14.4 9 39.400000000000006 11 11 67.4 45.400000000000006 43.800000000000004 21.6 4.800000000000001 12.4 28.8 56.2 0 0 0.4 0 0 0.2 0 0 0 0 0 0 0 0 0.4 0.6000000000000001 0 0 0 0 0 0 0.4 0 0 2.4000000000000004 0.8 0 0 0 0 0 0 0.4 0 0 0 0 0 0 0 0 0 0 0 0 0 0 0 0 0 0.6000000000000001 0.6000000000000001 0.4 0 0 1 0.2 0 0 11 3 3.2 0.4 2.6 0 5.4 0.4 0.6000000000000001 0 0 0 0 3 2 0.2 5 3.2 6.2 4 0 0 0 0 0 0 0 0 0 0 0 0 0 0 0 0 0 0 0 0 0.2 0 0.4 0.4 0 0 0 0 0 0 0 0 0 0 0 0 0 0 0 0 0 0 3.6 0 0 0.4 0 0 0 0 2.6 0 0 0 0 0 0 0 0.6000000000000001 0 10.600000000000001 2 2.2 3.8000000000000003 0 0 1.6 0 2.4000000000000004 0 0 3 0 11.600000000000001 1 0 0 1 1.8 5.2 0.2 0 0 0 0 0 4 0 0 0 0 0 0 0 0 0 0 0 2 0 0 0 0 0 0 0 0 0 0.2 0.2 0 0 0 3.6 0 0 0 0 0 0 0 0 0 0 0 0 0 0 0 0 0 0.2 0 0 0 0 0 0 0 0 0 0 0 0 0 0 0.2 0 0.4 0 2.4000000000000004 1.6 0 0 0 0 0 0 0 0 0 0 2 0 0 0 0 0 0 0 0 0 0 0 0 0 0 0 0 0 0 0 0 0 0 0 0 0 0 0 
 28.200000000000003 117.4 23.8 15.8 12.8 8.200000000000001 14.4 0 29.6 23.200000000000003 24.6 7.4 91.60000000000001 54.2 105.4 7.4 5.6000000000000005 7.4 9.8 9.8 0 0 0.2 0 0 0 0 0 0 0 0 0 16.8 0 0.4 0.6000000000000001 0 0 0.2 0 0 0 0.4 0 0 0.4 0.4 0 0 20 0 0 0 0.4 0 0 0 0 0 0 0 0 0 0 0 0 0 0 0 0 0 0.6000000000000001 0.6000000000000001 0.6000000000000001 0 0 0 0 0 0 0.2 0 10.8 3 4 1.6 0.2 7.800000000000001 3.4000000000000004 2.6 6.6000000000000005 0.2 1.6 5 3.6 0 1.2000000000000002 4 0 0 0 0.8 0 0 0 0 0 2 0 0 0 0 2 0 0 0 0 1.8 0 3 0 0 2 0 0 0 0 0 0 0 2 0 0 0 0 0 0 0 0 0 0.2 0 0 0 0 0 0 0 0 1.6 0 0 0 0 0 0 2.4000000000000004 0 0 0 0.4 2.2 0 2.8000000000000003 0.2 0.2 0 2.6 0 5.2 5 0 5 0 0 1.4000000000000001 0 1.6 3.6 0 0 0 0 0 0 0 0 0 0 0 0 0 0 0 0 0 0 0 0 0 0 0 0 0.4 0 0.2 0 0 0 0 0 0 0 0 1.2000000000000002 0 0 0 0 0 0 0 0 0 0 0 0 0 0 0.4 0 0 0 0 0 0 0.4 0 3.6 0 0 0 0.6000000000000001 0 0.4 0.2 18.6 0.4 0 0 0.4 0 3.2 0 0 0 0 0 0 0 0 0 0 0 0 0 0 0 0 0 0 0 0 0 0 3.8000000000000003 2.6 0 0 0 0 0 0 0 0 0.4 0 0 0 0 
 11.4 72.8 14.200000000000001 18.2 31.8 29 9 29.6 0 14 30.6 25.200000000000003 87.2 54.400000000000006 23.400000000000002 40.2 44.400000000000006 29.8 9.8 31.400000000000002 0 0 0.8 0 0 0 0 0 0 0 15 0 18 0 0.2 0.6000000000000001 0 0.2 0.2 3.6 12.600000000000001 0 0.2 0 0 0.4 0.6000000000000001 0 0 0 0 0.2 0 0.4 0 0.2 0 0 0 0 0 0 0 0 0 0 0 0 0 0.4 0 0.6000000000000001 0.6000000000000001 0.6000000000000001 0 0 0 0 0 0 0 1.6 7.4 2.6 7.6000000000000005 7.2 0 2.6 3.6 7.6000000000000005 3.8000000000000003 7.4 0 2.6 1.6 1.6 4.6000000000000005 1.6 0 0 2.6 0 0 0 0 0 10.200000000000001 2.4000000000000004 0.2 0 0 0 6.800000000000001 0.2 0 0.4 0.2 0 2 0 0 0 1.6 0 0 0 0 0 0 0 3 0 0 0 0 0 0 0 0 0 0 0 0 0 0.2 0 0 0 0 5.2 0 0 0 2.8000000000000003 0 0 0 0 0 0 2 0 4.2 3.4000000000000004 7.6000000000000005 4 0.4 1.8 0.2 9.4 2.4000000000000004 1.6 0 0 1.8 7.4 7.800000000000001 2.2 0.6000000000000001 0 0 2.6 0 0 0 0 0.6000000000000001 0 0 0 0 0 3 2.8000000000000003 0 0 0 0 6 0 0 0 0 0 0 0 0 0 0 0 0 0 0 2.4000000000000004 0 0 0 0 0 0 0 3 0 0 0 0 0 0 0 0 0 0 0 0 0 0 0 0 0 0 0 0 0 0 0 0.2 17.400000000000002 0 0.6000000000000001 0 0 2 5 0 0 0 0 0 0 0 0 0 0 0 0 0 0 0 0 0 0 0 0 0 0 3 3.4000000000000004 0.8 0 0 0 0 0 0 0 0 0 0 0 0 
 28.6 42 10.600000000000001 56.800000000000004 64.60000000000001 36.800000000000004 39.400000000000006 23.200000000000003 14 0 29.6 9.8 28.6 16.400000000000002 35.4 11.4 13.4 20.8 13.8 16.2 0.4 4.4 0.2 0.6000000000000001 0 0 0 0 0.4 0 0.4 0 15.600000000000001 0.2 0.2 0.6000000000000001 0.4 0 16.6 15.4 0 0.2 0.6000000000000001 0 0 3 0.2 0 0 0.2 0 0 12.600000000000001 0.4 0 0 0 0 0 0 0 0.2 0 5.2 0 0 10 0 0 0 0 0.6000000000000001 0.6000000000000001 0.2 0 9.600000000000001 0 0 0 0 3 7.6000000000000005 8.200000000000001 11 12.8 0.2 0 2.8000000000000003 2.4000000000000004 3.2 2.4000000000000004 4.4 0 3.6 2.6 4 0 2.4000000000000004 0 0 0.4 0 0 0 0 0 0.8 2.2 0 0 0 0 2 0.2 6.4 0 0 2.2 1.8 5.800000000000001 0 0 0 0 0 0 0 0 0 0 0 0 0 0 0 0 0 2 4 0 0 0 0 0 0 0 0 0 0 1 0 0 0 0 0 0 0 0 0 0 3.2 0.6000000000000001 1.8 4 0.6000000000000001 2.4000000000000004 5.4 0 2.6 3.6 4 4.800000000000001 5.800000000000001 7.800000000000001 3.4000000000000004 0 0 2.8000000000000003 0 0 2 0 0 0 0 0 6.6000000000000005 0 0 0 0 0 0 0 0 0 0 0 7.800000000000001 2.2 0 0 0 0 0 0 0 0 0 0 0 0 0 0 0 0 0 0 0 0 0 0 0 0 0 0 0 0 0 4.800000000000001 0 0 0 0 0 0 0.6000000000000001 0 0 0 0 0 0 0 0 0.4 17.8 0 0.2 8.8 2.8000000000000003 1.2000000000000002 2 0 0 0 0 0 0 0 0 0 1.8 0 0 0 1.8 0 0 0 0 0 0 0 0 3.6 0 0.2 0 0 0 0 1.6 0 0 0 0 0 0 0 
 7.4 42.400000000000006 51.6 79.2 24 85 11 24.6 30.6 29.6 0 30.200000000000003 23.6 11.200000000000001 17.8 18.8 77 30.6 24.400000000000002 96 1 0 0.4 0.2 0.8 0.6000000000000001 0 0.4 0 0 0.6000000000000001 1.4000000000000001 18.8 0 0.2 1 1 0.6000000000000001 16.2 15.4 0 0.2 0.8 0 1.6 1.8 1.4000000000000001 1.2000000000000002 0 0 1 0.4 0 0.8 0.4 2.2 2.8000000000000003 0.6000000000000001 0.4 0 0 0 0.4 0.4 0.6000000000000001 1 0 0 0.4 1.2000000000000002 0.2 0.8 0.6000000000000001 1.2000000000000002 0.8 0.4 0.6000000000000001 0 0 0.6000000000000001 0 4.2 2.2 2 5.4 1.6 0 0 1 7.6000000000000005 3 2.8000000000000003 0 1.6 2 1.8 0 0 0.2 0 5.800000000000001 0 0 0 0 0 0 1.8 3 0 0 0 0.2 1 0 0 0 0 2 4 0 0.2 2.2 0 0 0 0 0 0 0 2.8000000000000003 0 0 0 0 0 0 0 2.8000000000000003 0 0 0 0 0 0 0 2 0 0 0 0 0 0 0 0 0 0 0 0 0 0 1.2000000000000002 0 0 0.2 2.4000000000000004 1.8 0 3 14.600000000000001 2.2 7.2 0 0 4 0 1.8 0 0.6000000000000001 0 2 2.2 0 0 0 0 0.2 0 0 0 0 0 2.2 0 0 0 0 0 1.8 4.6000000000000005 3 0 0 0 0 0 0 0 0 0 0 0 0 0 0 0 0 0 0 0 0 0 0 0 0 0 0 0 0.4 0 0 0 0 0 0 0 0 0 0 0 0 0.4 0 0 0 1.2000000000000002 1 0 0.4 0.8 0 3 1.2000000000000002 0.8 0 0 0 0 0 0 0.2 0 0.2 0 0 0 0 0 0 0 0 0 0 0.4 0 7.2 0.4 0 0 0 0 0 0 0 0 0 0 0 0 0.2 
 25.200000000000003 66.60000000000001 23.8 11.4 34.6 55.6 11 7.4 25.200000000000003 9.8 30.200000000000003 0 10 23.6 9.200000000000001 49.6 58.2 70 11.200000000000001 28.8 1 0.6000000000000001 0.6000000000000001 0.6000000000000001 0 0 0 15.200000000000001 0.4 0 0 0 14.8 0.4 5.2 15.4 0 0 29.6 0 0 0.2 0.6000000000000001 0 0 0.6000000000000001 0.2 0 0 0 0 0.2 0.4 0.4 0 0 0 0 0 0 0 0 0 0 0.2 0.6000000000000001 0 2.6 0 0 0 0.8 0.6000000000000001 0.2 0 0 0 0.2 0 0 0 1.6 2.8000000000000003 2.4000000000000004 0 0 0 4.2 0 7.2 0 5.4 0 4 0 0 1.8 2.6 0 0 0 1.8 2.4000000000000004 0 0 0 3.8000000000000003 5.2 0 0 0 0 8.8 1.8 3.6 0 0 4.800000000000001 0.4 2.2 0 8.200000000000001 0 0 0 0 0 0 0 0 0 0 0 0 0 0 0 0 0 0 0 0 0 0 0 0 0 9.200000000000001 5.2 0 2 0 0 0 0 0 0 0 0 0 2.2 0 6.2 1.8 0 1.8 0.8 2.4000000000000004 4 2.8000000000000003 0 5.4 0 0 2.8000000000000003 2.6 3.6 0 0 0 1.6 8.200000000000001 0 0 0 0 7.800000000000001 0 2.8000000000000003 2.2 0 0.2 2.8000000000000003 8.200000000000001 2.2 0 0.4 0.4 2.2 11.4 0 0 0 0 0.2 0 0 0 0 0 0 0 0 0 0 0 0 0 0 0 0 0.2 0 0.2 0 0 0 0 0 0 0 0 0 0 0 0 0 0 0 0 0 0 0 0 0 0.2 1.2000000000000002 0.2 0.2 0.4 0 2.8000000000000003 0 0 0 0 0 0 0 0 0 0 1.8 0 0.4 0 0 0 0 0 0.2 0 0 0 0 0 0 0 0 0 0 0 0 0 0 0 0 0 0 0 
 12.600000000000001 23.200000000000003 18.2 40.400000000000006 58.6 9.600000000000001 67.4 91.60000000000001 87.2 28.6 23.6 10 0 113.2 24.400000000000002 22.6 50 24.8 20.400000000000002 27.8 0 0 0.4 7.4 0 0 0 0.2 0 0 0 0 0.4 0 0 0.6000000000000001 0 0 0 0 0 0 0.4 0 6 0.4 0.4 0 0 0 0 0 0.4 0.4 0 0 0 0 12.600000000000001 0 0 0 0 0 0 0 0.4 0 1.4000000000000001 0 0 0.6000000000000001 0.6000000000000001 0.6000000000000001 0 0 0 1.2000000000000002 0 0 9.200000000000001 0 1.8 1.8 0 0 12.4 0 0 0.4 7 0 0 2.4000000000000004 1.8 0 0.8 0 0 9 0 0 0 0 0.2 0 0 0 0 2.8000000000000003 0 0 0 0 0 0 0 0 0 0 0 0 2 0 0 0 0 0 0.4 0 5 0 0 0 0 0 0 0 0 0 0.4 0 0 0 0 0 0 0 0 0.4 0 0 0 0 0.4 0 0 0 0 0 5.4 2 2.6 4 0 0 6.2 0.6000000000000001 0 0 0 0 1.4000000000000001 3.8000000000000003 2.6 0 0 1.8 1 8.200000000000001 0 0 0 0 0 0 0 0 0 0 0 0 0 0 0 0 0 0 0 0 0 0 0 0 1.4000000000000001 0 0 0 0 0 0 0 0 0 0 0 0 0 0 0 0 0 0 0 0 0 0 0 0 0.2 0 0 0 0 0 0 0.4 0 0 0 0 0 0 0 0 0 0.4 0 0 0.2 2 1.4000000000000001 0 0 0 0 0 0 0 0 0 0 0 0 0 0 0 0 0 0 0 0 0 0 0 0 1 0 0 0 0 0 0 0 0 0 0 0 0 0 
 62 9 7.800000000000001 46.6 72.8 13.200000000000001 45.400000000000006 54.2 54.400000000000006 16.400000000000002 11.200000000000001 23.6 113.2 0 55.400000000000006 51.2 6 44 33.4 66.4 0 0 0 14.8 0 0 0 4.800000000000001 0 0 0.4 0 0 0 0.2 0.6000000000000001 0 0 0 0.4 0 0.4 0.6000000000000001 0 0 0.4 0 0 0 0 0 0 0 0.4 0 0 0 0 0 0 0 0 0 0 0 0 0 0 0 0 0 0.6000000000000001 0.6000000000000001 0.8 0 0 0 0 0 0 7.4 3.4000000000000004 6.6000000000000005 1.8 0 0 1.6 0 0.4 1.6 2.6 1.8 4.4 5.4 7.2 0 1.4000000000000001 0 0 1.6 0 0 0 0 0 0 0 0 0 0 0 0 2.2 0 0 0 0 0 0 0 0 0 1.4000000000000001 0 0 0 0 0 0 0 2 0 0 0 0 0 0 0 0 0 0 0 0 0 0 5.800000000000001 0 0 0 0 0 0 0 0 0 0 0 0 0 0 0 2.8000000000000003 1.8 0 3.2 0 1.2000000000000002 7.6000000000000005 0 0 0 0 0 1.8 1.8 7 2.8000000000000003 5.2 5.800000000000001 0 0 0 0 0 0 0 0 0 0 0 0 0 1.8 0 0 0 0 0 0 0 0 0 0 0 0 0 0 0 0 0 0 0 0 3 0 0 0 0 0 0 0 0 0 0 0 0 0 0 0 0 0 0 0 0 0 0 0 0 0 0 0 0 0 0 0 0 0 0 0 0 8 1.6 0 0 0 0 0 0 0 0 0 0 0 0 0 0 0 0 0 0 0 0 0 0 0 0 0.6000000000000001 0 0 0 0 0 0 0 0 0 0 0 0 0 
 25.6 29.200000000000003 9.8 33 17.2 12.600000000000001 43.800000000000004 105.4 23.400000000000002 35.4 17.8 9.200000000000001 24.400000000000002 55.400000000000006 0 77.80000000000001 50.6 85.80000000000001 56 55.800000000000004 0 41 0.2 0 0 0.4 0 0 41 0 0 0 16.400000000000002 0 0.8 0.6000000000000001 0 0 0 0.4 0 0.4 0.6000000000000001 0 0 0.6000000000000001 0 0.2 0 0 0 0 0.2 0.4 0 0 0 0 0 0 0 0 0 0 0 0 0 0 0 0 0 0.6000000000000001 0.6000000000000001 0 0 0 0 0 0 0 16.2 0 1.6 2.4000000000000004 0 0 2.6 1.6 2.6 0 0 0.2 2 7.6000000000000005 7.2 0 11 0.2 1.2000000000000002 2.2 0 0 0 0 0 0 0.4 2 0 0 0 0 1.8 0 0.4 0 0 0 0 0 2.8000000000000003 0 0 0 0.2 0 0 0 0 0 0 0 0 0 0 0 0.4 0 0 0 0 0 0 0.2 0 1.4000000000000001 0 0 0 0 0 0 0 0 0 0 0 0 1.4000000000000001 0 5.2 4.2 0.2 2.4000000000000004 0 0 1.4000000000000001 6.4 0.2 3.2 0 0 2.6 0.8 6 5.2 0 1.6 1.8 2 0 0 0 0 0 0 0 0 0 0 0 0 0 0 0.2 0 0 0 0 0 0 0 0 0 0 0 0.4 0 0 0 0 0 0 0 0 0 0 0 0 0 0 0 2.8000000000000003 0 0 0 0 0 0 0 0 0 0 0 0 0 0 0 0 0 0 1.6 0 0 0 0.4 0.4 0 0 0 3.2 2.2 1.6 0 0 0 0 0 0 0 0 0 0 0 0 0 0 0 0 0 0 0 0 0 0 3.4000000000000004 0 0 0 0 0 0 0 0 0 0 0 0 0 0 
 26.200000000000003 47.2 49.800000000000004 14.8 15.8 17.2 21.6 7.4 40.2 11.4 18.8 49.6 22.6 51.2 77.80000000000001 0 15.600000000000001 42.2 6 65 0.2 0 0.4 0 0 0 0 0 0 0.4 0 0 14.4 0 0.2 1 0 0.6000000000000001 15.4 0 0 0 0.4 0 0 0.4 0.4 0 0 0 0 0.4 0 0.4 12.4 0 0 0 0 0 0 0 0 0.4 0 0 0 0 0.2 0 0 2.4000000000000004 2 0.4 0 0 0 0 0 0 6.6000000000000005 3.6 2 0.2 2.4000000000000004 2.6 3 0.2 2.8000000000000003 3.4000000000000004 3 3.2 2.6 0 5.2 3.8000000000000003 6.4 10.8 0.4 2.8000000000000003 2.8000000000000003 0.4 0 0 0 0 10.200000000000001 0 0 0.2 0 0 7.800000000000001 0 0 0 0 0 2 0 0 0.4 0.2 0 0 0 0 0 0 0 0 0 0 0.2 0 0 0 0 0 0 0 0 0 0 0 2.6 0 0 0 0 0 0 0 0 0 0 0 0.2 0.2 0 2.8000000000000003 2.2 0 5.4 6.6000000000000005 0.4 3.6 8.8 0.8 2.4000000000000004 0.2 0 0 0 3 5.4 8.6 2.2 4 0 0.2 1.6 0 0 0 0 0 0 0 0 0 0 8 3.2 0 0 0 2.2 0 0 0 0 0 0 0 0 0 0 0 0 0 0 0 0 0 0 0 0.2 0 0 0 0 0 0 0 0 0 0.4 0 0 0 0 2.2 0 0 0 0 0 0 0 0 0 0 0 0 0 0.2 0 0.6000000000000001 0.2 0 1.6 0 0 0 0 0 0 0 0 0 0 0 0 0 0 0.4 0 0 0 0 0 0 0 0 0 0 0 0 0 0 0 0 0 0 0 0 0 0 0 
 24.400000000000002 110.80000000000001 52.800000000000004 8.4 41.2 63.6 4.800000000000001 5.6000000000000005 44.400000000000006 13.4 77 58.2 50 6 50.6 15.600000000000001 0 58.2 8.4 9.600000000000001 0 0.4 0.4 0 0 0 0 0 0 0 0 0 17.400000000000002 0 0.2 0.6000000000000001 0 0 12.8 25.400000000000002 0 0.2 0.6000000000000001 0 0 0.6000000000000001 0.2 0 0 0 0 0 0 0.4 0 0 0 0 0 0 0 0 0 0 0 0 0 0 0 0 0 0.6000000000000001 0.6000000000000001 0.2 0 0 0 0 0 0 2.8000000000000003 1.6 4.4 6.4 5 4.4 0 4.4 3.6 1.4000000000000001 0 9.200000000000001 3.8000000000000003 2.4000000000000004 0 0 5 7.6000000000000005 0.2 0 11 0 0 0 0 0 8 2.4000000000000004 0 0 1 0.2 5.6000000000000005 0.2 0 0 0 0.2 7.4 0 0 0 0 0 0 0 0 0 0 0 0 0 0 0 0 0 0 0 4 0 0 0 0 0.4 4.2 0 0 0 0 0.4 0 0 0 0 0 0 0.2 0 0 0 0 0 4.2 0.2 4.800000000000001 4.6000000000000005 0 1.8 2 9.200000000000001 8.200000000000001 2.8000000000000003 2.2 0 6.4 5.800000000000001 8.4 4.4 0 0 0 0.2 0 0 0 0 1.2000000000000002 0 0 0 0 0 0 4 1.2000000000000002 0 0 2 4 0 0 0 0 0 0 0 0 0 0 0 0 0 0 0 0 0 0 0 0 0 0 0 0 0 0 0 0 0 0 0 0 3.2 0 0 0 1.2000000000000002 0 0 0 0 0 0 0 0 0 0.2 18 0 9 0.2 0.2 2 8.200000000000001 0 0 0 0 0 0 0 0 0 1.8 0 0 0 0 0 0 0 0 0 0 0 0 3.8000000000000003 2.8000000000000003 5.4 0 0 0 0 0 0 0 0 0 0 0 0 
 39.2 42.800000000000004 8.6 39.2 10.200000000000001 9.8 12.4 7.4 29.8 20.8 30.6 70 24.8 44 85.80000000000001 42.2 58.2 0 49.6 25.400000000000002 0 0 0.2 0 0 0 0 0.2 0.2 0 0 0 16.2 0 0.4 0.6000000000000001 0.2 0 16.2 0.6000000000000001 0 0 0.4 0 0 0.4 0.4 0 0 0 0 0 0 0.4 0 0 0 0 0.4 0 0 0 0 0 0 0 0 0 0 0 0 0.6000000000000001 1 0.6000000000000001 0 0 0 0 0 0 1.8 0 2 2.8000000000000003 4.2 0.2 1.2000000000000002 7 9.200000000000001 5.800000000000001 2 0 5 5.800000000000001 4.2 3.4000000000000004 2.2 4.6000000000000005 0 0 0 0 0 0 0 0 0.2 0 0 0 0 0 1.8 2 0 0 0 0 0 2.8000000000000003 0.4 0 1.2000000000000002 0.4 0 0 0.4 0 0 0 0 0 0 0 0 0 0 0 0 0 0 0 0 0 0 0 0 0 0 0.4 0 0 0 0 0 0 0 0 0 0 5.6000000000000005 0 0 3 0.2 1.8 0 0 8.6 3.8000000000000003 2.2 0.2 1.6 3 0 1 4.800000000000001 0.4 9.4 0 0 7.6000000000000005 0 0 0 0 0 0 0 0 0 0 2.6 0 0 0 4.2 0 0 0 0 0 0 0 0 0 0 0.2 0 0 0 0 0 0 0 0 0 0 0 0 0 0 0 0 0 0 0 0 0 0 0 0.2 0 0 0 0.2 0 0 0 0 0 1.8 0 0 0 0.6000000000000001 17 0.6000000000000001 1.2000000000000002 0.4 0.6000000000000001 0.8 0 0 0 0 0 0 0 0 0 0 0 0 0 0 0 0 0 0 0 0 0 0 0 0.2 0 0 0 0 0 0 0 0 0 0 0 0 0 0 
 46.800000000000004 6.6000000000000005 6.6000000000000005 15 9.4 9.200000000000001 28.8 9.8 9.8 13.8 24.400000000000002 11.200000000000001 20.400000000000002 33.4 56 6 8.4 49.6 0 26.8 0 0 0 0 0 0 0 0 0 0 0 0 0 0 0.4 0.6000000000000001 0 0 0 0 0 0.2 0.6000000000000001 0 0 0.4 0.2 0 0 0 0 0 0.2 0.4 0 0 0 0 0 0 0 0 0 0 0 0 0 0 0 0 0 0.6000000000000001 0.6000000000000001 0.4 9.8 0 0 0 0 0 3.2 0 0 0 0 0 8.8 4.2 0 0 0 0 2.6 2.2 0 0 0 0 9.4 8.8 0 0 0 0 0 0.4 0 0 0 0 0 0 0 0 0 0 0 0 0 0 0 0 0 0 0 0 0 0 0 0 0 0 0 0 0 0 0 0 0 0 0 0 0 0 0 0 0 0 0 0 0 0 0 0 0 0 0 0 0.4 0 0 8.8 0 0 0.4 0 3.4000000000000004 0 0 0 0 0 3 0.2 0 0 0 0 0 0 0 0 0 0.2 0 0 0 0 0 0 0 0 0 0 0 0 0.4 0 0 0 0.2 0 0.2 0 0 0 0 0 0 0 0 0 0 0 0 0 0 0 0 0 9.600000000000001 0 0 0 0 0 0 0 0 0 0 0 0.4 0 0 0 0 0 0 0 0 0 0 0 0 0.4 0 0 0 0 0 1 0 0 0 0 0 0 0 0 0 0 0 0 0 0 0 0 0 0 0 0 0 0 0 0 0 0 0 0 0 0 0 0 0 0 0 0 0 0 
 118.2 31.200000000000003 23.6 107.80000000000001 13.600000000000001 50.400000000000006 56.2 9.8 31.400000000000002 16.2 96 28.8 27.8 66.4 55.800000000000004 65 9.600000000000001 25.400000000000002 26.8 0 0 0.2 0.2 0 0 0 0 0 0 0 0 0 0 0 0.4 0.6000000000000001 0 0 0 0 0 0 0.2 0 0 0.4 0.6000000000000001 0 0 0 0.2 0 0 13 0 0.2 0 0 0 0 0 0 0 0 0 0 0 0 0 6.4 0 1.4000000000000001 1.8 0.6000000000000001 0 0 0 0 0 0 3 0 0.2 0 0.2 0 6 6 0.8 2 0 0 7.800000000000001 2.8000000000000003 6.4 0 5 2.8000000000000003 2.4000000000000004 5.4 0 0 0 0 0 0 0 0 0 0 0 0 0.4 0 0 2.2 0 0 0 0 0 0 0.2 0 0.4 0 0 0 0 0 0 0 0 0 0 0 0 0.2 0.4 0.2 0 0 0 0 0 0.8 0 0 0 0 0 0 0 0 0 0 0 0 0.8 0 6.4 5.6000000000000005 0 2.6 0 0 2.2 3.4000000000000004 2 0 0.8 0 0 0 0 1.8 8.200000000000001 1.8 9.600000000000001 0 0 0 0 0 0 0.2 0 0 0 0.4 0 0 0 0 0 0 0 3.6 0 0.2 0 0 0 0 0 0 0 0 0 0 0 0 0 0 0 0.2 0 0 0 0 0 2.4000000000000004 3.2 0 0 0 0 0 0 0 0 0 0 0 0 0 0 0 0 0 0 0 0 0 0 0.4 0 0 0 0 0 1 0 0 0.2 0 0 0 0 0 0 0 0 0 0 0 0 0 0 0 0 0 0 0 0 0 0 0 0 0 0 0 0 0 0 0 0 0 0 0 
 0 0 0 0 0 14.8 0 0 0 0.4 1 1 0 0 0 0.2 0 0 0 0 0 32.2 23 8.6 7 13 13.4 79.60000000000001 71 32.2 46 15.8 25.8 37.6 38.6 6 37.6 21.8 23.6 39 0.4 0.6000000000000001 0 0 0 0 0 0 0 13 12.200000000000001 0 0 0.4 0 0 0 0 0 0 0 0.6000000000000001 0.4 0.4 0.4 0 0 4.800000000000001 0 0 1.2000000000000002 0 0 1.2000000000000002 0.2 8.8 0 0 0.6000000000000001 0.6000000000000001 0 0 0 0.2 0 0 0 0 0 0 0 0.2 0 0 0 0 0 0 0 0 0.2 3.8000000000000003 0 3 0 0 1 1.2000000000000002 8.6 0 4.800000000000001 1.4000000000000001 2.6 0 2.2 0 4 8.8 2 2 0 0 0 0 0 0 0 0 0 0 0 0 0 0 0 0 0 0 4.4 0 0 0 0.8 0 0.4 0 0 0 1 0 0.8 0 0 0 0 0 0 2 0 0.8 0 0.4 0 0 0 0 0.4 0 0 0 0 0.4 0 0 0 0 0 0 0 0 7.800000000000001 2.8000000000000003 2.6 1.6 0 4.2 0 7 0 2.2 0 0.4 0.2 1.2000000000000002 5.800000000000001 3.8000000000000003 8.4 10.4 2.4000000000000004 3.4000000000000004 0 0 0 0 0 0 0 0 0 0 0.2 0 1 0 0 0 0 0 2.6 0 0 0 0 0 0 0 0 0 0 0 0.4 0.2 0 0 0 0 0 0 0 0 0 0 0 0 0 0 0 0 0 0 0 0 0 0 1 0.2 0.4 0.2 15.4 0 0 0 0 0 0 0 1.8 0 0 0 0 0 0 0 0 0 0 0 0 0 0 3 0 0 0 0.8 3.4000000000000004 0 0 0 
 0.2 0 0.4 0 0.6000000000000001 0 0 0 0 4.4 0 0.6000000000000001 0 0 41 0 0.4 0 0 0.2 32.2 0 32.800000000000004 30 38 21.200000000000003 58.400000000000006 20.200000000000003 60 39.400000000000006 6.2 19.400000000000002 18.400000000000002 46.400000000000006 31.6 24.400000000000002 10.8 65.4 5.6000000000000005 29.200000000000003 0.6000000000000001 0.4 0.4 0.6000000000000001 0.4 0 0 0 0 0.4 0.4 0 16.8 0 0 4.6000000000000005 0.6000000000000001 0.4 0.4 0.6000000000000001 0.4 4.2 0.6000000000000001 0.4 0.6000000000000001 9.600000000000001 0 0.4 0 0 0.6000000000000001 0 0 0 4.6000000000000005 0 0.4 0.4 0.8 0.6000000000000001 0 0 0 0 2.4000000000000004 0 0 0 0 0 0 0 0 0 0 0 0 0 0 0 3.6 4.2 5 5.6000000000000005 0 5.4 3.2 6.4 1.2000000000000002 5.800000000000001 0.4 11.200000000000001 0 0.4 2.4000000000000004 6.2 6.800000000000001 5.6000000000000005 3.6 0 0 0 0 0 0 0 2.2 0 0 0 0 0 2.8000000000000003 0 0 0 0 0 5.6000000000000005 2 0 0 0 0 0 0 0 0.6000000000000001 0 0 0 0 1 0 0.2 0 0 0 0 0 0 0 0 0 0 0 0 0 0 0 0 0 0 0 0 0 0 0 0 0 10.200000000000001 0 4.4 15.200000000000001 3.8000000000000003 0 0 6 0.2 0 4.2 3.8000000000000003 0.2 3.2 2.8000000000000003 10.8 1 3 0 0 0 0.2 0 0 0 0 0 0.2 0 0 0 0 2.8000000000000003 0 0.2 0 0 0 2.6 1.8 0 0 0 0.2 0 0 0 0 0 0 0 0 0 0 0 0.2 0 0 0 0 0 0 3.4000000000000004 0 0 0 0 0 0 0 0 0 0 0 0.6000000000000001 0.4 0 8.8 23.8 0.6000000000000001 0.4 0 0.4 0 0 0 0 0 0 0 0 0 0 0 0 0 0 0 0 0 0 3.2 0 0 0 8.6 0 0 0 0 
 0.4 0 0.4 0.4 1 0.4 0.4 0.2 0.8 0.2 0.4 0.6000000000000001 0.4 0 0.2 0.4 0.4 0.2 0 0.2 23 32.800000000000004 0 41.6 26.400000000000002 4.800000000000001 73.4 30 34.4 47.800000000000004 9.8 21.200000000000003 13.600000000000001 14 43.800000000000004 23.8 13 35 11.600000000000001 24.6 0.4 0.6000000000000001 0 0 0 0 0 0 12.8 0.4 0 0 12.4 0.2 0 0 0 0.2 0 12.4 2 1 0.8 0.4 0.6000000000000001 0 5.800000000000001 0.6000000000000001 0.8 0 11 0 0 0.2 0.2 0 0.2 0.2 0.4 1.2000000000000002 0 0 0 0 0 0.2 0 0 0 0 2 0.4 0 0 0 0 0 0 0 0 0.4 0 0 0 0 3.2 0 3 3 6.4 4.4 1.8 0 2.2 0 0 7.6000000000000005 2.2 4 5 0.2 0 0.2 0 0 0 2.8000000000000003 0 0 0 0 1.6 1.2000000000000002 5.4 0.2 0 0.8 0 0.2 0 0 0 0 0 0 0 0 0.6000000000000001 0 0 0 0 0.2 0 0.4 0 0 0.6000000000000001 0 0 0 0 0 0 0 0 0 0 0 0 0 0 0 0 0 0 2 0 0 0 0 0 0.4 0 2 0 0 0 2.4000000000000004 2.6 0.4 2.4000000000000004 1 6.4 0 2.4000000000000004 3 2 0 5.6000000000000005 0 0.8 0 0 0 0 3.6 0.2 0 1.8 0 0 0 0 2 0 0 0 0 1.8 0 0 0 0 0.2 0 0 0 0 0 3.8000000000000003 0 0 0 0 0 0 0 0 0 0 0 0 0 0 0 0 0 0.4 0 0 0 0 0.2 0.4 0 0.4 0 15.4 0.4 0 0.2 0 0 0 0 0 0 0 0 0 0 0 0 0 0 0 0 0 0 0 5 0 0 0 0 0 0 0 0 
 0 0 0 0 0 0.6000000000000001 0 0 0 0.6000000000000001 0.2 0.6000000000000001 7.4 14.8 0 0 0 0 0 0 8.6 30 41.6 0 19.400000000000002 30 46.6 17.8 45.2 79.60000000000001 30.200000000000003 23.400000000000002 11.600000000000001 17.8 10 70 44.800000000000004 78 14.4 14 4.6000000000000005 13.200000000000001 0 0 0 0 12.4 0 0.4 0.4 0 0 12.8 25.6 0.2 0.8 1.2000000000000002 0.2 6.4 5.800000000000001 0 0.6000000000000001 0.8 0.4 0.6000000000000001 0.2 0 10 0 1.2000000000000002 0 0 0 1.2000000000000002 0.8 0.8 0 0 1 0.6000000000000001 0 0 0 3.6 0 0 0 0 0 0 0 0 0 0 0 0.4 0 0 0 0 0.2 1.4000000000000001 2.6 1.6 3 3.4000000000000004 0 0 2.2 4.2 2.8000000000000003 0 0 0.2 0 2.2 0 0 0 0 3.6 7.800000000000001 3.6 0 0 0 9.600000000000001 3.4000000000000004 0 2.6 0 0 8 12.4 2.2 0 2.6 0 1.4000000000000001 2.6 0 0 0 0 0 0 1.2000000000000002 0.8 0 0 0 0 1 0 0 0 0 0 0 0 0 0 0 0 0 0 0.2 0 0 0.8 0 2 0 0 0 0 0 0 0 0 0 0 0 0 4.800000000000001 3 0 0 0 0 2 2.4000000000000004 0.8 0 0 2.4000000000000004 0 0 0 0 1.2000000000000002 4.2 4.6000000000000005 0 0 0 4.2 0 1.8 1.8 3.6 0 2 2.4000000000000004 4.2 0 8.8 0 1.8 5.4 0 0 0 0 0 0 0 0 0 0 0 0 0 0 0 0 0.4 0 0 0 0 0 0 0 0 0 0 0 0 0 0 0 0 0.2 1.6 0 0 0.2 0 0.4 2.2 0 0 0 0 0 0 0 0 0 0 0 0 0 0 0 0 0 0 0 0 0.6000000000000001 0 0 0 0 0 0 0 0 
 0 0 0 0 0.4 0 0 0 0 0 0.8 0 0 0 0 0 0 0 0 0 7 38 26.400000000000002 19.400000000000002 0 30.8 9 26.200000000000003 22.8 55.2 17.2 59.6 30.400000000000002 15.4 31.400000000000002 42.6 23.400000000000002 80.60000000000001 12 12.8 14.8 13.200000000000001 0 0 0 0 12.8 0.2 0.2 0.4 0.2 0 12.600000000000001 27.8 0 15.200000000000001 0 0.2 0 18.2 0 0.6000000000000001 0.4 0.4 0.2 0.4 0 10.4 0 0 0 0 0 0 0 0.2 0 0.4 0.2 0.6000000000000001 0 0 0 0 0 0 0 0 0 0 0 0 0 0 0 0 0 0 0 0 0 4.6000000000000005 5.4 0.4 3.8000000000000003 11.8 0 0.6000000000000001 1.8 18 6 0 0 0 0 2.6 3.2 0.2 0 0 0 7 0 0 0 0 9 0.2 0.2 3.8000000000000003 0 0 4.4 2.2 0 0 2.6 0 7 0 0 0 0 0 1 1.6 0 0.2 0 0 0 0 0.8 0 0.8 0 0 0.6000000000000001 0 0 0 0 0 1.6 0 0 0 0 0 0 0 0.8 0 0 0 0 0 0 0 0 0 0 3.8000000000000003 6.2 4.6000000000000005 7.6000000000000005 0 1.8 0 0 4.800000000000001 4 0 0 0 2.6 2.6 3.8000000000000003 0 0 1.2000000000000002 2 1.8 0 0 2.6 0 3 0 0 0.4 0 12.200000000000001 2.8000000000000003 4 0 6.2 0 4 0 0 0 0 0 0 0 0 3.2 0 0 0 0 0 0 0 0 0 0 0 0 0 0 1.2000000000000002 0 0 0 0 0 0 0 0 0 0 0 1.2000000000000002 0.4 0.4 0.4 0.4 0.4 0.6000000000000001 0 0 0 0 0 0 0 0 0 0 0 0 0 0 0 0 0 0 0 0 2.8000000000000003 0 0 0 0 0 0 0 0 
 0 0 0 0.2 0 0 0.2 0 0 0 0.6000000000000001 0 0 0 0.4 0 0 0 0 0 13 21.200000000000003 4.800000000000001 30 30.8 0 7.6000000000000005 50.400000000000006 11.200000000000001 11.200000000000001 35.2 47 6.800000000000001 6.800000000000001 31 31 57 17 13.600000000000001 9.200000000000001 0.8 0.4 0 0 0 0 12.200000000000001 0.8 19.6 13.4 0 0 24.8 12.4 0 12.600000000000001 25.400000000000002 0.6000000000000001 27.400000000000002 15.8 0 0.6000000000000001 0.6000000000000001 0.4 0.6000000000000001 9 0 0.4 0 0 0 0 0 0 0 1.2000000000000002 0 0 0.4 0.6000000000000001 0 0.4 0 0 0 0 0 0 0 0 0 0 0 0 0 0 0 0 0 0 0 0 2.4000000000000004 4 0.4 0.6000000000000001 0 0.6000000000000001 0 9.200000000000001 0.2 3.6 0 0 0 0 2.6 1.8 0 0 0 0 4 3.8000000000000003 0 4.6000000000000005 3.4000000000000004 2.2 0.2 1.6 0.6000000000000001 0 0.8 5.800000000000001 8 0 0 0 0 5.6000000000000005 1.4000000000000001 0 0 0 0 0 0 0 0 0 0 0.8 0 2.6 0 0 0 0 0 0 0 0 0 0 0 0 0 0 0 2.4000000000000004 0 0 0 0 0 0 0 0 0 0.2 0 0 0 2.4000000000000004 7.6000000000000005 3.8000000000000003 0 0 0 0 0 5.2 0 0 6 2.8000000000000003 0 0 0 0 2.8000000000000003 3 1.8 0 0 0 1.8 3.6 0.2 1.8 2.8000000000000003 0 5.2 1.6 1.8 0 0 0 2.6 0 0 0 0 0 0 0 0 0 0.4 0 0 0 0.4 0 0 0 0 0 0 0 0 0 0.2 0 0 0 0 0 0 0 0 0 0 0 14.600000000000001 0.8 0.4 16.8 1.2000000000000002 0 3.6 0 0 0 0 0 0 0 0 0 0 0 0 0 0.4 0 0 0 0 0 0 0 0 0 0 0 0 2.8000000000000003 0 0 
 0 0 0.2 0 0.6000000000000001 0 0 0 0 0 0 0 0 0 0 0 0 0 0 0 13.4 58.400000000000006 73.4 46.6 9 7.6000000000000005 0 35.2 29.8 48.800000000000004 23 51.2 69 109 7.4 28.6 43.400000000000006 53.800000000000004 7.2 57.6 0.4 0.6000000000000001 0 0 0 4.2 0 0 0 0.4 0 0 0 0.2 0 0 0 0.2 0 0 0 2.2 0.4 0.4 0.6000000000000001 0 0 0.4 0 9.600000000000001 0 0 0 0 1.4000000000000001 0 7.2 0 0.4 0.6000000000000001 0 0 0 0 0 0 0 0 0 0 2 0.4 0 0 0 0 0 0 0 0 7.2 1.4000000000000001 7.2 9 0 3.6 3.2 4.4 0 0 13.8 6.4 0 6.4 5.4 3.4000000000000004 6.6000000000000005 3.2 2.8000000000000003 0 3.2 0 0 0.4 0 0 0 0.4 0 0 0 0 0.6000000000000001 0 0 0 0 0 2.8000000000000003 0 0 0 0 8.6 0 0 0.4 0 0 0 0 0 0 0 0 0 0 0 0 0 0 0 0 0 0 3.8000000000000003 0 0 0 0.6000000000000001 2.4000000000000004 0 0.2 0 0 0 0 0 0 0 2.6 0 0 8 12.4 3.6 3.2 2 10 2 5 4.800000000000001 3.2 0.6000000000000001 4.4 2.4000000000000004 3.8000000000000003 0 0 2.6 0 0 0 0 0 0 0 0 0 0 0 0 3.6 0 0.2 0 3.8000000000000003 0 5.6000000000000005 0 0 0 0 0 0.4 0 0 0 0 0.4 0 0 0 0 0 0 0 0 0 0 0 0 0 0 0 0 15.200000000000001 0 0 0 0 0 0 0 0.6000000000000001 0 0.8 31.6 15.4 0 0 1.8 0 0 0 0 2 0 0 0 0 0 0 0 0 0 0 0 0 0 0 0.2 0 0 0 0 0 0 0 0 
 0.4 0 14.8 14.8 27.400000000000002 17.2 0 0 0 0 0.4 15.200000000000001 0.2 4.800000000000001 0 0 0 0.2 0 0 79.60000000000001 20.200000000000003 30 17.8 26.200000000000003 50.400000000000006 35.2 0 73.8 13.4 5.2 9.8 62.400000000000006 13.4 24.6 66.2 8 8.8 44.400000000000006 24 0.6000000000000001 0.4 0 0 0.4 0 0 0 0 0.4 0.4 0 0 0 0 0 0 0.6000000000000001 0.4 0.6000000000000001 0.6000000000000001 1.8 0.6000000000000001 0.4 0.6000000000000001 0 0 0.4 0 0 0 0 0.2 0.8 0 0 0 0 0 1.2000000000000002 0 0 0 0.8 0.2 4.800000000000001 0 0 0 1.6 1.4000000000000001 2.8000000000000003 0 0 0 0 0 0 0 0 4.800000000000001 4.4 1.8 0.6000000000000001 0 0 0 2.2 3.2 0 1 0 3.6 4.4 1.6 2 0.8 0.2 0.6000000000000001 5 0 0 0 0 0 0 0 0 0 0 0 0 0 0 0 0 0 0 0 0 0 0 1 0 0 0 0 0 1.6 0 1.4000000000000001 0 0 0 0 0 0 0 0 1.4000000000000001 0 0 0 0 2.2 2.2 0 0 0 6 1.6 2.2 0 0 0 0 0 0 0 0 3.6 18.400000000000002 3.2 0 0 0 1.8 6.800000000000001 1.6 8.4 0 0 0.2 3.4000000000000004 8 2.2 4.6000000000000005 3.6 9.200000000000001 10 0 0 0 0 0 0 0 0 0 0 0 0 0 0 0 0 0 0 0 0 0 0 0 0 0 0 0 0 0 0 0 0 0 0 0 0 0 0 0 0 0 0 0 0 0 0 12.8 0 0 15 0 0 0 0 0 0.4 0 0.2 0 0.4 0 0 0.4 0 0 0 0 0 0 0 0 0 0 0 0 0 0 0 0 0 0 0 0 0 0 2 0 0 0 0 
 0 0 0.2 41.800000000000004 15 0 0 0 0 0.4 0 0.4 0 0 41 0 0 0.2 0 0 71 60 34.4 45.2 22.8 11.200000000000001 29.8 73.8 0 12 56 61 19.6 34 39.800000000000004 18.6 42.6 71.4 12.8 40.6 0.6000000000000001 0.4 0 0 0 0 0 0 0 0.4 0 0 0 0 0 0 0 0.4 0 0 0 0.6000000000000001 0.4 0.4 0.6000000000000001 0 0 0.4 0 0 0 0 0 0 0 0 0 0 0.4 9.600000000000001 0 0 0.2 0.2 0 0 0 0 0 0 0 0 0 0 0 0 0 0 0 0 0.6000000000000001 2 5.6000000000000005 0.2 0 4.2 0 0 9.8 10.200000000000001 2.4000000000000004 2.2 0 1.4000000000000001 3.6 12.8 4.4 6.4 0 2.4000000000000004 0 0 0 0 0 0.2 0 0 0 0 0 0 6.2 0.8 2 0 0.6000000000000001 0 8.200000000000001 0 0 0 0 0 0 0 1.4000000000000001 0.2 0 0 0 3.8000000000000003 0 0 0 0 0 0 0 0 0 0 0 0 0 0 0.4 0 0 0 0 0.2 0 0 0 0 0 0 0 0 3.2 0 3.4000000000000004 2.4000000000000004 0.2 0 0 0 2 13.600000000000001 2.6 0 1.8 1.2000000000000002 0.4 3.8000000000000003 2.6 0.6000000000000001 0 0 0.2 1.4000000000000001 0 0 0 0 2.8000000000000003 0 0 3 0.2 0 0 0 0 0 0 0 0 3.6 0 0 0 0 0 0 0 0.4 0 0 0 1.6 0 0 0 0 0 0 0 0 0 0 0 0 0 0 0 0 0 0 0 0 0 0 0 0 0.2 0.6000000000000001 0.2 0.2 0 2.2 0 0 0 0 0 0 0 0 0 0 0 0 0 0 0 0 0 3.2 0 3.4000000000000004 0 0 0 0 0 0 0 0.6000000000000001 
 0 0 0 0 0.6000000000000001 0 0 0 0 0 0 0 0 0 0 0.4 0 0 0 0 32.2 39.400000000000006 47.800000000000004 79.60000000000001 55.2 11.200000000000001 48.800000000000004 13.4 12 0 62.800000000000004 26 13.8 46.6 18.400000000000002 69.4 65.8 27.200000000000003 18.6 20.8 13.4 0.6000000000000001 0 0.6000000000000001 0 0 6.2 0 0 1.2000000000000002 0.4 0.8 12.200000000000001 6.6000000000000005 0.8 0 0.6000000000000001 0.8 0 29.400000000000002 0 2.2 0.4 0.4 0.6000000000000001 0 0 7.2 0.4 0 0.4 0 0 0.4 1.2000000000000002 1 0 0 0.4 0.6000000000000001 0 0 0 0 0 0 0 0.4 0 0 0 0 0 0 0 0 0 0 0 4 0.4 3 2.4000000000000004 0.4 8.200000000000001 4 4.4 2.2 1.8 6.4 2.6 2 0 2.2 2.8000000000000003 1.2000000000000002 0 5 0 0 1.2000000000000002 3.2 0.4 0 0 0 2.8000000000000003 1.8 0 0 0 0 2.8000000000000003 0.2 0 0 0 0 2.4000000000000004 0.2 0 0 0 0 0 0 0.2 4.800000000000001 0 0 0 0 0.6000000000000001 0 1.2000000000000002 0 0 0.8 0 0 0 0 0 0 1.6 0 0 0 0 0 0 0 0 5.4 0 0 0 0 0.2 0 2.6 0 5.2 4.2 8 8.4 0 2 0 0 4.4 4.4 1.8 2 0 6.2 0.8 0.6000000000000001 0 3.6 1.6 0 0 0 0 0 1.2000000000000002 0.2 0 0 0 0 8.200000000000001 0 2 0 0 0 4.4 3.6 0 0 0 0 0 0 0 0 0 0 0 0 0 0 0 0 0 0 0 0 0 0 2 0 0 0 0 0 0 0 0 0 0 0 0 0 0.4 15 15.8 0 0.2 0 0 0 0 0 0.8 0 0 0 0 0 0 0 0 0 0 0 0 0 0 2 0 0 0 0 3.6 0 0 0 
 0 0 0 0 0 0.4 0 0 15 0.4 0.6000000000000001 0 0 0.4 0 0 0 0 0 0 46 6.2 9.8 30.200000000000003 17.2 35.2 23 5.2 56 62.800000000000004 0 119.60000000000001 69.4 14.600000000000001 10.600000000000001 31.200000000000003 41.400000000000006 66 51.800000000000004 10.8 0.4 13 0 0 0 0 0.2 0 0 0.4 0 0 13.8 0.2 0 0 0 0.2 12.600000000000001 0 0 0.6000000000000001 0.4 0.4 0.6000000000000001 0 0 0.4 0 0.6000000000000001 0 0 0 0 0 0 0 0 0.8 0.6000000000000001 0 0 0 0 0 0 0 0 0 0 0 0 0 0 0 0 0 0 0 0 7.4 2.2 9.200000000000001 4.4 6.4 5.6000000000000005 0 0.2 3.8000000000000003 6.2 1.6 4.6000000000000005 0 2.4000000000000004 3.6 3.8000000000000003 20.400000000000002 1.8 0 0 2 0 2.4000000000000004 0 0 0 2.4000000000000004 0.4 0 0 1.8 0 0 3.2 0 0 1.6 0 2 4.2 0 0 5.4 0 0 0 0 0 0 0 0 0 0 0 0 0 0 0 0 0.4 0 0 0 0 1 0 0 0 0 0 0 0 0 0 0 0 0 0 0.4 0 1.6 0 6.800000000000001 3.2 4 2 1.4000000000000001 1.6 3.6 5.800000000000001 4.4 4.6000000000000005 1.6 0 2 0 1.6 2.6 2.6 0 4.4 0 0 0 0 0 2 2.2 0 1.2000000000000002 0 0 2.6 2.6 0 0 0 0 3.2 3.8000000000000003 0 0 0 0 0 0 0 0 0 0 0 2.8000000000000003 0 0 0 0 0 0 0 0 0 0 1.2000000000000002 0 0 0 0 0 0 0 0 0.4 0 0 0.4 0 0 9.4 0.4 0.2 0.6000000000000001 2.4000000000000004 0 0 0 0 0 0 0 0 0 0 0 0 0 0 0 0 0 3.2 0 0 0 0 0 0 0 0 0 0 
 0 0 0 15 0 0 0 0 0 0 1.4000000000000001 0 0 0 0 0 0 0 0 0 15.8 19.400000000000002 21.200000000000003 23.400000000000002 59.6 47 51.2 9.8 61 26 119.60000000000001 0 53.400000000000006 27.8 69 60.800000000000004 60.800000000000004 104 9 9 24.8 13.200000000000001 0 0 0 0 24.8 0 0 0.4 0 0 4.2 25.8 0 0 0.4 0.2 17.8 0 0 0.6000000000000001 0.4 0.4 0.4 0 0 7.2 0 0 0 0 0 0 0 0 0 0 0.6000000000000001 0.6000000000000001 0 2.6 0 2.6 0 0 0 0 0 0 0 3.2 0.2 0 0 0 0 0 0.4 0 0 0 0 0 4.6000000000000005 2.8000000000000003 0 1.8 0 10 5 0 0 1.4000000000000001 0 0 3 0.2 0 0 0 2.8000000000000003 0.2 0 0.4 0.2 4.4 1.4000000000000001 0 0 0 0 2 4.800000000000001 3.4000000000000004 0 0.8 0 3 8.6 0 0 0.2 0 0 0 0 0.4 0 0 0 0 0 0 0 0 0 0.8 0 0 0 0 0 0 0.8 0.4 0 0 0 0.6000000000000001 0 0 0 0.4 0 0 0 0 0 0 2 0 3.8000000000000003 4.800000000000001 3 20.8 0 0.6000000000000001 0 0 4.6000000000000005 2.4000000000000004 0 0 0 0.2 0 2.2 0 0 3.8000000000000003 4.4 0 0 0 0 4.2 2.8000000000000003 2 0 0.4 0 2.6 3.2 0 0 7.800000000000001 0 5.800000000000001 1.4000000000000001 0 0 0 0 0 0 0 0 0 0 0 0 0 0 0 0 0 0 0 0 0 0 1.6 0 0 0 0 0 0 0 0 0 0 0 0.4 0.4 0 0.4 14.600000000000001 0 1.2000000000000002 0 0 0 0 0 0 0 0 0 0 0 0 0 0 0 0 0 0 0 0 0 0 0 0 0 0 0 0 0 
 0 5.2 7.6000000000000005 0 14.600000000000001 0.4 0 16.8 18 15.600000000000001 18.8 14.8 0.4 0 16.400000000000002 14.4 17.400000000000002 16.2 0 0 25.8 18.400000000000002 13.600000000000001 11.600000000000001 30.400000000000002 6.800000000000001 69 62.400000000000006 19.6 13.8 69.4 53.400000000000006 0 47.400000000000006 9.4 30 6.6000000000000005 49.2 47.6 12.600000000000001 0.6000000000000001 0.4 0.4 0 0 0.6000000000000001 0 0 0 0.6000000000000001 0 0.4 0.4 0 0 0.4 0 0.4 0.6000000000000001 0 0 0.8 0.6000000000000001 0.6000000000000001 0.6000000000000001 0 0.6000000000000001 0.4 0.4 0 0 0 5.6000000000000005 0 0 0 0 0.2 0 0.4 0 0 4.4 0 4.6000000000000005 0 0 0.2 0 2.2 0 0 0 0 0 0 1.2000000000000002 0 0 0 9.4 0.2 0 2 0 0 2.2 2.2 0 0 1.8 1.4000000000000001 0 1.4000000000000001 1.4000000000000001 2 6.4 0.4 2.4000000000000004 6.6000000000000005 0 0 0.6000000000000001 0 0 0 0 0 0 0 0 0 0 0 0 0 0 0 0.2 0 0 0 0.8 0 0 0 0 0 0 0 0.4 0 0 0 0 0 0 0 0 1.2000000000000002 0 0 0 2.4000000000000004 1.8 2.6 0 0 0 9 4.4 3.2 0 0 2 1.8 1.8 0 0 0 1.8 9 3.4000000000000004 2.8000000000000003 0 0 5.2 4 4.800000000000001 0 1.8 0 4.800000000000001 0 6.6000000000000005 0.2 1.8 1.8 6.800000000000001 4.800000000000001 0 0 0 0 0 0 0 0 0 0 0 0 0 0 0 0 0 0 0 0 0 0 0 0 0 0 0 0 0 0 2.4000000000000004 0 0 0 0 0 0 0 0 0 0 0 0 0 0 0 22 0 0 0 0 0 4 0 0.4 0 0 15.200000000000001 15.600000000000001 0.4 0 0 0 0 0 0 0 0 0 0 0 0 0 0 0 1.6 0 0 0 0 0 0 0 0 0 0 0 0 0 0 
