 0 93.2 10.8 7.2 10.600000000000001 23 11.600000000000001 20.400000000000002 22.8 6.2 7.800000000000001 9.600000000000001 9.4 6.2 37.2 6 24.6 37 24.6 49.2 0.2 0 0.6000000000000001 0.8 0 14.8 0 0.2 0 0.2 0 0 0 0 0 0 0 0 0 0 0 1.2000000000000002 0 0 0 0 0.8 0 0 0 0 0 0 0 0 0 0 0 0 0 0 0 0 0 0 0 1 0 0 0 0 0 0 0 0 0 0.4 0.6000000000000001 1.2000000000000002 0.4 2 3 0.2 12 0 0 5.4 1.8 0 0 0 2.8000000000000003 2.2 3.6 6.800000000000001 2.6 4.2 3 13.600000000000001 3.2 0 0 0 0 0 0 0 0 0 0 0 0 0 5.2 0 0 0 0 0 0 0 0 0.2 0 0 0 0 0 0 1.4000000000000001 0 0 0 0 0 0 0 0 0 0 0.6000000000000001 0 0 0 0 0 0 0 0 0 0 0 0 0 0 0 0 0 0 0 0.2 5 0 0.2 0 0 0 0 4 0 3.6 6.6000000000000005 6 1 6.4 2.8000000000000003 3.4000000000000004 3.4000000000000004 0 3 0 0 0 0 0 0 0 0 0 0 0 0 0 0 0 0 0 0 0 1.8 0 0 0 0 0 0.4 0 0 0 0 0 0 0 0 0 0 0 0 0 0 0 0 0 0 0 0 0 0.4 0 0.4 0 0.4 0 0 0 0 0 0 0 3 0 0 0 0 0 0 0.4 0 0.2 0 0 0.2 0 3 0 0 0 0 0 0 0 0 0 0 0 0 0 0 0 0 0 0 0 0 0 0 0 0 0 0 0 0 0 0 0 0 0 1.4000000000000001 0 0 
 93.2 0 64.60000000000001 37.2 16.6 34 14.600000000000001 12.600000000000001 55.800000000000004 28.6 49 38 20 14.8 112.4 120.60000000000001 87.2 10.200000000000001 5.4 61.6 0.6000000000000001 0.6000000000000001 5 0 0 0 0 0 0 0.4 0.4 0.4 30.400000000000002 0 0 0.2 0 0 14.8 0.2 0.6000000000000001 13.200000000000001 1.2000000000000002 0 0.4 0 0 0 0 0 0 0 0 0.4 0.4 0 5.800000000000001 0 0.6000000000000001 0 0 0 0 0 0 0 0 0 0.6000000000000001 0 0 0 0 0 0.4 0 0 0 0 0 1.8 2.6 0.8 1.2000000000000002 3.6 5.6000000000000005 0 0.4 0.2 10.200000000000001 4.4 3 0 0.2 2.6 7.2 0 0 2.8000000000000003 0 0 0 0 0 0 0 0 0 0 0 0 0 0 0 4 0 0 0 6 8.200000000000001 0 2.8000000000000003 0 0 0 0 0 0 0 1.4000000000000001 0 0 0 0 3 0 0 0 0 0 0 0 0 0 0 0 5 0 0 0 0 0 0 0 0 0 0 0 0 0 0 4.4 6.6000000000000005 6 2.8000000000000003 0 0 3.6 0 7.6000000000000005 2 5.4 0 0.4 0 0 2.2 0 0 0 5 0 0 0 0 0 0 2 0 0 0 0 1.8 0 3 0 0 0 13.200000000000001 3.4000000000000004 0 0 0 0 0 0 0 0 0 0 0 0 0 0 0 0 0 0 0 0 0 0 0 0 0 0 0 0 0 0 1.6 0 0 0 0 0 0 0 0 0 0 1.8 0 0 0 0.4 10 0 0.4 0.6000000000000001 0.4 0.6000000000000001 0 0 0 0 0 0 0 0 0 0 0 0 0 0 0 0 0 0 0 0 0 0 0 0 0.2 0 0 0 0 0 0 0 0 0 0 0 0 0 
 10.8 64.60000000000001 0 53.6 26.6 83.80000000000001 14.4 35 29.200000000000003 29 33 26 53.2 24.200000000000003 53.400000000000006 43.400000000000006 44.800000000000004 43.6 9.200000000000001 6.4 0 0.8 0.6000000000000001 0 0 0 0.4 0 0 0 0.2 0 0.4 0 0 0 0 0 7.4 5 0.6000000000000001 0.6000000000000001 1.4000000000000001 0 0.4 0 0 0.4 0.4 0 12 0 0 0.8 0.4 0 0.4 0 0.6000000000000001 0 8 0.6000000000000001 0 0 0 0 0 0 0.6000000000000001 0 0 0 0 0 0 0 0 0 0 0 7 3.2 8 0.2 0.2 5.6000000000000005 0 0 0 4.2 3.4000000000000004 14.200000000000001 0 0.2 0.2 11.8 6.2 1.6 0.4 0 0 0 0 0 0 0 3 0 0 0.4 0 0 0 2 2 0 0 0 2.6 7.6000000000000005 0 0 0 0 0 0 0.2 0 0 0.2 0 0 0 0 0 0 0 0 0 0 0 0 0 0 2.6 0 0 0 0 0 0 0 0 0 2.8000000000000003 0 0 0 0 0 4.2 2.6 4.800000000000001 2.8000000000000003 2.8000000000000003 0 4 4.2 2 6.2 0.8 2.4000000000000004 0.2 3.6 9.8 2 5.6000000000000005 0 0.4 0 2 0.4 0 0 0 0 2.2 0.4 0 0 0 0 5.6000000000000005 0 3.4000000000000004 0 0.4 0 3.8000000000000003 3 0 0 0 0 0 0 0 0 0 0 0 0 0 0 0 0 2.8000000000000003 0 0 0 0 0 0 0 0 0 0 0 0 0 0.2 0 0 0 0 0 0 0 0 0 0 0 0 0 0 0 17.6 0 1 1.4000000000000001 0.4 2.6 0 0 0 0 0 0.4 0 0 0 0 4.800000000000001 0 0 0 0 0 0 0 0 0 0 0 0 0 0 0 0 0 0 0 0 0 0 0 0 0 0 0 
 7.2 37.2 53.6 0 25.200000000000003 39.400000000000006 19.200000000000003 31.200000000000003 63.6 49.800000000000004 16 83.60000000000001 11.4 20.400000000000002 83 77.2 28 49 14.8 16.2 0.4 0 0.6000000000000001 0 0 0 0 0 0 0.2 0 0.4 29.8 0 14.8 0.6000000000000001 0.6000000000000001 0.6000000000000001 14.8 0.2 0.6000000000000001 0.6000000000000001 0.4 0.4 0.4 0 0.4 0 0 0 0.4 0.2 0 0.4 0.4 0 0.6000000000000001 11.200000000000001 0.6000000000000001 0 0.4 0.2 0 0 0.6000000000000001 0 0 0 0.6000000000000001 0.6000000000000001 0 0 0 0 0.2 0 0 0 0 0.2 0.2 2.2 1.8 1.2000000000000002 2 3.6 0 0 5.6000000000000005 11.600000000000001 4.2 5 0 0.4 4.2 6.800000000000001 0 0 3.6 0 0 0 0 0 0 0 0 0.4 0 0 0 0 0 0 4.6000000000000005 0 0 0 5.6000000000000005 7.6000000000000005 0 0 0 0 0 0 0 0 0 1.2000000000000002 0.4 0 0 2.8000000000000003 0 0 0 0 0 0 0 0 0 0 0.2 0 0 0 0 0 0 0 0 0 0 0.4 0 0 0 0 0 3 4.6000000000000005 4.6000000000000005 0 0 0.6000000000000001 5.2 0 3.8000000000000003 6 6.6000000000000005 0 1.4000000000000001 0.4 0 2.4000000000000004 0 0 0 2.8000000000000003 0 0.4 0 0 0 0 2 0 0 0.4 0 0.2 0 0 0 0 0 4 2.8000000000000003 0 0 0 0.4 0 0 0 0 0 0 0 0 0 0 0 0 0 0 0 0 0 0 0 0 0 0 0 0 0 0 0 0 0 0 0 0 0 0 0 0 0 1.4000000000000001 0 0 0 0.2 2.2 0 0 1.6 0 0.6000000000000001 0 0 0 0 0 0 0 0.4 0 0 0 0 0 0 0 0 0 0 0 0 0 0 0 0 0 0.2 0 0 0 0 0 0 0 0 0 0 0 0 
 10.600000000000001 16.6 26.6 25.200000000000003 0 33 10.4 11.200000000000001 12.200000000000001 17.6 35.4 19.8 13.8 15.4 15 39.6 10 17 11.600000000000001 19.6 13 31.6 57.800000000000004 0 0.4 0.4 0 16 6.4 0 0 0.6000000000000001 30 14.8 0 57.400000000000006 1.6 0 35 15.8 0.6000000000000001 0.6000000000000001 0 0 0.4 0 0 0 0 0 0 0 0 0.4 0.4 0 1 0.2 8.4 0 0 0 0.2 0 0 0 0 0 0.6000000000000001 0 0 0 0 0 0 0 0 0 0 0 0 0 0.4 0 4.4 3 0 0 0 2.6 0 2.4000000000000004 0 0 0 6.6000000000000005 0.2 0 0 0 4.6000000000000005 0.4 0 2.8000000000000003 0 0 0.2 5.4 2.8000000000000003 2 0 0.2 7.4 4.4 1.2000000000000002 1.8 2.8000000000000003 0 6.6000000000000005 3.8000000000000003 0 0 0 0 0 0 0 0 0 0 0 0 0 0 0 0 0 0 0 0 0 0 0 0 0 0 0 0 0 0 0 0 0 0 0 0 0 0 0 0 0 0 2.8000000000000003 0.2 2.2 0 1.2000000000000002 0 0 2.2 0 0 0 0 0 0 3.2 0 0 0 2.6 3.6 0 0 0 0 0 1.8 2.2 0 0 5.4 5.4 3.2 2.2 0 2.4000000000000004 0 6 2.8000000000000003 0 0 0 0 0 0 0 0 0 0 0 0 0 0 0 0 0 0 0 0 0 0 0 0 0 0 0 0 0 0 0 0 0 0 0 0 0 0 0 0 0 0 0 0 0 0 0.8 0 1.2000000000000002 1.2000000000000002 0.6000000000000001 0 0 0 0 0 0 0.2 0 0 0 0 0 0 0 0 0 0 0 0 0 0 0 0 0 0 0.2 0 0 0 0 0 0 0 0 0 0 0 0 0 
 23 34 83.80000000000001 39.400000000000006 33 0 9.8 7.2 10.600000000000001 43.800000000000004 78 36.800000000000004 48.2 10.200000000000001 12 51.800000000000004 28.400000000000002 105.4 23.400000000000002 14.600000000000001 17.2 4 0.6000000000000001 0 0 0.2 0.2 0.2 17 0 0 0 14.8 15.8 0 0.4 0.4 0 44.6 22.400000000000002 0.4 1 0 0 0.4 0.2 0 0 0 0 0 0 0 0.4 0.6000000000000001 0 0.4 0 0.6000000000000001 0 0 0.8 0 0 0 0 0 0 0.6000000000000001 0 0 0 0 0 0 0 0 0 1.8 0 0 0 4.2 2 7.800000000000001 7 0 0 0 6 5.2 7.800000000000001 0.2 2.8000000000000003 0 3.2 3 3.8000000000000003 0 0 1.6 0 0 0 0 0 2.6 3.4000000000000004 2.4000000000000004 0 0 0 1.8 7.4 2.6 0 2.8000000000000003 0 2.8000000000000003 5 0 0 0 0 0 0 0 0 0 4 0 0 0 0 2 0 0 0.2 0 0 0 0 0 0.4 0 0 0 0 0 0 0 0 0 0 0 0 0 0.4 0 0 1 0 2.8000000000000003 7.6000000000000005 0 3 0 0 2.6 4.800000000000001 5.800000000000001 2.2 0 0 1.2000000000000002 0 1.6 0 0 0 3.4000000000000004 0 1.4000000000000001 0 3 0 2 0 0 0 0 0 0 1.4000000000000001 2.8000000000000003 0.2 0 0 3.2 3 0 0 0 0 0 0 0 0 0 0 0 0 0 0 0 0 0 0 0 0 0 2 0 0 0 0 0 0.2 0 0.2 0 0 0 0 0 0 0 0 0 0 0 0 0 0 0 0 0.4 0.2 1 0.2 0 2.2 0 0 0 0 0 0 0 0 0 0 0 0 0 0 0 0 0 0 0 0 0 0 0 0 2.8000000000000003 0 0 0 0 0 0 0 0 0 0 0 0 0 
 11.600000000000001 14.600000000000001 14.4 19.200000000000003 10.4 9.8 0 19.200000000000003 12.600000000000001 7 9 8.4 53.2 93.80000000000001 9 6.6000000000000005 8.4 10 7.6000000000000005 92.4 0 0.4 0.6000000000000001 0 0 0 0 0 0 0.8 0 0 0 0 0 0 0 0 0.2 0 0.4 0.6000000000000001 0 0 0.4 0.4 0 0 0 0 11.200000000000001 0 0 0.4 0.6000000000000001 0 0.4 0 0.6000000000000001 0.6000000000000001 0 0 0.2 0 0.2 0 0 0 0.8 0 0 0 0 0 0.2 0 0 0.4 0 0 15.600000000000001 3.4000000000000004 10.600000000000001 0 0 0 1.4000000000000001 5 3.4000000000000004 0 3.2 0 5.6000000000000005 6.2 3.2 2.2 3 7.4 2 0.4 0 0 0 0 0 0 3 0 0 0 0 0 0 0 0 2.8000000000000003 0 0 0 0 0 0 0 0 0 0 0 0 0 0 0 0 0 0 0 0 0 0 0 0 0 0.4 0 0 0 0 0 0 0.2 0 0 0 0.2 0 0 0 0 0 0 0 1.2000000000000002 0 0.4 0 0 0 8.8 5.6000000000000005 2.8000000000000003 1.8 7.800000000000001 0 2 0 4.800000000000001 4.800000000000001 2.4000000000000004 16 0.4 0 0 0 2.4000000000000004 0 0 0 0 0 0 0.2 0 0 0 0 0 0 0 0 0 0 0.2 0 0 0 0.2 0 0 0 0 0 0 0 0 0 0 0 0 0 0 0 0 0 0.2 0 0 0 0 0 2.8000000000000003 0 0 0 0 0 0 0 0 0 2.4000000000000004 0 0 0 0 0 0 0 0.4 0 1 0 0 1.4000000000000001 3.4000000000000004 0 0 0 0 0 0 0 0 0 0 0 0 0 0 0 0 0 0 0 0 0 0 3 0 2 0 0 0 0 0 0 0 0 0 0 0 0 
 20.400000000000002 12.600000000000001 35 31.200000000000003 11.200000000000001 7.2 19.200000000000003 0 16 10 22.400000000000002 44.400000000000006 39 43.800000000000004 26.8 7.2 42 24.400000000000002 22.400000000000002 57 0 0 0.4 0 0 0 0 0.2 0 0.4 0 0.4 0 0 0 0 1.2000000000000002 0.2 0 0 0.6000000000000001 0.6000000000000001 0.8 0 0.4 0 0 0 0 0 0 0 0 0.4 0.4 0 0.4 0 0.6000000000000001 0 0 0 0 0 0 0 0 0 0.6000000000000001 0 0 0 0 0 0 0 0 0 0 0 3 3.4000000000000004 0 3.6 0 2.2 2.2 0 7.4 0.4 0 4.800000000000001 3.8000000000000003 6.6000000000000005 1.4000000000000001 9 2.6 0.4 2.2 4.800000000000001 0.4 0 0 0 0 0 0.2 0 0 0 0 2.8000000000000003 0 0.4 0.2 0 0 0 0 0 0 0 0 0 0 0 0 0 0 0.2 0 0 0.2 0 0 0 0 0 0 0 1 0 0 0 0 0 2.8000000000000003 0 0 2.8000000000000003 0 0 0 0 0 0 0 0 0 0 5.2 2.2 0.4 3.4000000000000004 0 0 0 0 0.2 0 0 0 3 4.800000000000001 5.4 2.4000000000000004 2.2 0 1.4000000000000001 3 0 0 0 0 0 0 0.4 0 0 0 0 0 0 0.4 0 0.2 0 0 0 2.2 0 0 0 0 0 0 0 0 0 0 0 0 0 0 0 0 0 0 0.4 0 0 0 0 0 0 0 0 0 0.2 0 0 0 0 0 0 0.4 0 0 0 0 0 0 0 0 0 0 0.2 0 1.4000000000000001 17.6 0.2 0.6000000000000001 0 0.2 0 0 0 0 0 0 0 0 3.6 0 0 0 3.2 0 0 0 0 0 0 0 0 2.8000000000000003 0 0 0 0 0 0 0 0 0 0 0 0 0 0 
 22.8 55.800000000000004 29.200000000000003 63.6 12.200000000000001 10.600000000000001 12.600000000000001 16 0 15.600000000000001 25.400000000000002 52 42.6 17.400000000000002 43.800000000000004 97.4 24 26.400000000000002 11.200000000000001 25.200000000000003 0.6000000000000001 0 0.6000000000000001 0 0 0.4 0 0.4 0 1.6 0 0 15 14.8 0 0 0.6000000000000001 0 15 0 0.4 0.6000000000000001 0 13.600000000000001 0.4 9.600000000000001 0 0 0 0.4 0 0 0 0.4 0.6000000000000001 0 1.8 0 0.6000000000000001 1.2000000000000002 0 0.2 0 0 0 0.6000000000000001 0 0 0.6000000000000001 0 0 0.4 0.6000000000000001 0 0.2 0.2 0 0 0.2 0.2 0 7.2 0.2 3.6 3.4000000000000004 4.800000000000001 1.8 0 0 7 2.8000000000000003 10 0 4.800000000000001 5.4 6.800000000000001 5.800000000000001 1.8 3.6 3.2 0 0 3.2 0 0 0 3.6 0.4 0 0 0 0 0 1.6 3.8000000000000003 0 0.2 0 6.800000000000001 1.6 0 0 0 0 0 0 0 0 0 1.6 0 0 0 0 0 0 0 0 0 0 0 0 0 0 0 0 0 0 0.4 0 0 0 0 0 0 0 0 0 0 0 1.8 0 7.2 2.8000000000000003 3 2 0 0 3.8000000000000003 7.6000000000000005 2 2.2 2.4000000000000004 2.8000000000000003 0 0 3.2 2 0 0 2 3.4000000000000004 0 0 0 0 8.6 0 0 0 0 0 0 0 0 2.4000000000000004 0 0 5 3 0 0 0 0 0.4 0.2 0 0 0 0 0 0 0 0 0 0 0 0 0 0 0 0 0.4 0 0 0 0 0 0 0 0 0.4 0 0 0 0 0 2.6 0 0 0 2 0 0 0 0.4 1.2000000000000002 0.8 0.2 0 0 4 0 0 0.2 0 0 0 0 0 0 0 0 0 0 0 0.2 0 0 0 0 0 0 0 0 3.6 0 0 0 0 0 0 0 0 0 0 0 0 0 1.4000000000000001 
 6.2 28.6 29 49.800000000000004 17.6 43.800000000000004 7 10 15.600000000000001 0 48 46.2 30.200000000000003 35.800000000000004 125.80000000000001 105.2 48 45.2 16.400000000000002 70.60000000000001 15 0 0.4 0 0 0 0 0 0 0 0 0 4.4 0 0 0 0 0.2 5.800000000000001 3.8000000000000003 0.6000000000000001 0.6000000000000001 1.2000000000000002 0 0.4 0 0 0 0 0 0 0 0 0.4 0.4 0 0.6000000000000001 0 0.6000000000000001 0 1 0 0 0 0 0 0 0 0.6000000000000001 0 0 0 0 0 0 0 0 0 0 0 0 0 5.2 0 0 2 2.6 1.4000000000000001 0 6.800000000000001 6.800000000000001 3 0 0 0 0 4.800000000000001 0.2 0 0 6.2 0.4 0 0.2 0 0 8.200000000000001 0.4 2.2 0 0 0 2.2 4.6000000000000005 5.6000000000000005 0 0 0 0 1.6 0 0 0 0 0 0.2 0 0.2 0 0 0 0 0 0 0 0.2 0 0 0 0 0 0 0 0 0 0 0 0 0 0 0 0.2 0 0 0 0 0 0 0 0 1.8 0 1.2000000000000002 2.8000000000000003 5 4 0 1 7.800000000000001 2 0.4 0 0 0 3.2 2.8000000000000003 0 3.8000000000000003 0 3.8000000000000003 4 0.2 0 0 0 0.4 3.2 2.8000000000000003 0 0 0 0 3 0 3.6 0 0 0 6.4 4 0.4 1.2000000000000002 5.4 0 0 0 0 0 0 0.2 0 0 0 0 0 0 0 0 0 0 1.8 0 0 0 0 0.4 0 0 0 0 0 0 0 0 0.2 0 0 0 0 0 0 1.8 0 0 0 0.4 9.8 0.2 0 0.4 1.4000000000000001 1.8 0 0 0.4 0 0 0 0 0 0 0 0.4 0 0 0 0 0 0 0.2 0 0 0 0 0 3.2 3.4000000000000004 0 0 0 0 0 0 0 0 0 0 0 0 0 
 7.800000000000001 49 33 16 35.4 78 9 22.400000000000002 25.400000000000002 48 0 14.200000000000001 24.8 27.200000000000003 58 32.6 36 45 4 35.2 15.200000000000001 29.8 0.6000000000000001 0 0 0.2 0 0 0 0.2 0 0 0 14.8 0.4 0.2 0 0 30.6 43.400000000000006 0.4 0.6000000000000001 0 0 0.4 0.2 0 0 0 0 0 0 0 0.6000000000000001 0.6000000000000001 0 0.4 0 1 0 0 0 0 0 9.4 0 0 0 0.6000000000000001 10.600000000000001 0.8 0 0 0 0.6000000000000001 0 0 0 0 0 0 2 4.4 4 17.8 5.800000000000001 3 5.4 2 1.8 4.6000000000000005 4.4 4 3.4000000000000004 2.4000000000000004 0 0.6000000000000001 4.2 0 0 3.8000000000000003 0.8 2.8000000000000003 0 0 0 7.2 2 0 0 0 0 0.2 4 2 0 4.6000000000000005 0 3 9 0 0 0 0 0 0 0 0 0 0 0 0.6000000000000001 0 0 0 0 0 0 0 0 0 0 0 0 0 0 0 0 0 0 0 0 0 0 0 0 0 0 0 0 3 0.2 3 0 0 3.2 0 3 3 3.6 2.2 0.2 2.2 1.4000000000000001 9 1.8 0 5.4 0 2.6 3.2 6.4 1.8 0 0 0 2.8000000000000003 0.2 1.8 0 0 0.2 0 0 0 2 0 0 3.6 0.2 0 0 0 0 0 0 0 0 0 0 0 0 0 0 0 0 0 0 0 0 0 0 0 3.2 0 0 0 0 0 0 0 0 0 0 0 0 3 0 0 0 0 0 0 0 0 0 0.8 0 0 0 2.2 3.2 0 0 0 0 0 0 0 0 17 0 0 0 0 0 0 0 0 0 0 0 0 0 0 6 5 0 0 0 0 0 0 0 0 0 0 0 0 0 
 9.600000000000001 38 26 83.60000000000001 19.8 36.800000000000004 8.4 44.400000000000006 52 46.2 14.200000000000001 0 4.4 4.800000000000001 41.400000000000006 45.800000000000004 37.800000000000004 78 5.6000000000000005 25.200000000000003 0.4 0 0.6000000000000001 0 0.8 0.8 0 0 0 0.2 0.4 0 31 0 0 0 0 0 14.8 0.4 0.4 0.6000000000000001 3.4000000000000004 0 0.4 1 0 0 0.4 0 0 0 0 0.4 13.200000000000001 0 0.4 0.4 0.6000000000000001 0 0.4 0.2 0.4 0 8.6 0 0.6000000000000001 0.4 1.4000000000000001 1 0 0 0 0 0 0.2 0.2 0 0 0 0 4.800000000000001 2 5.800000000000001 8.8 6.800000000000001 0 2.2 4.2 16.400000000000002 3.4000000000000004 3.4000000000000004 0 0.8 3 10.4 0.4 3.2 0.2 0 3.4000000000000004 0 0 0 0 0 2.2 0 0 0 0 0 3.2 0.4 0 0 0 0 4 7.4 0 0 0 0 0 0 0 0 0 2.6 0 0 0 0 0 0 0 0 0 0 0 0 0 0 0 0 0 0 0 0 0 0 0 0 0 0 0 0 0 0 1 0.2 2.8000000000000003 4 0 0 0 0 2 12.200000000000001 2.2 2.8000000000000003 2 8.200000000000001 2.4000000000000004 0 2.6 2.8000000000000003 0 0.2 3.4000000000000004 0 0 0 0 0 0.4 2.2 0 0 0 0 0 0.4 0 0.2 0 0 3.6 0.2 0 0 0 0 0 0 0 0 0 0 0 0.2 0 0 0 0 0 0 0.4 0 0 0 0 0 0 0 0 0 0.2 0 0 0 0 0 2.8000000000000003 0.4 0 0 0 0 0 0.2 0 0 0 0 21.6 0 0.4 0.8 0 0 0 0 0 0 0 0 5.2 0 0 0 2.4000000000000004 0 0 0 0 0 0 0 0 0 0 0 0 2 2.6 0 0 0 0 0 0 0 0 0 0 0 0 0 
 9.4 20 53.2 11.4 13.8 48.2 53.2 39 42.6 30.200000000000003 24.8 4.4 0 26.6 25.400000000000002 8.200000000000001 7.6000000000000005 4.6000000000000005 12.4 30.200000000000003 0.4 0 0.6000000000000001 0 0 0 0.2 0 0 0.2 0 0 0 0 0.6000000000000001 0.6000000000000001 0 0 0 0 0.4 0.6000000000000001 0 0 0.4 1.2000000000000002 0.8 0 0 0 0 0 0 0.4 0.6000000000000001 0 1.6 0.2 0.6000000000000001 0 0 0.2 0 0 0 0 0.4 0 0.6000000000000001 0 0 0 0 0 0 0.2 0 0 0 0 0 5.2 1 4.800000000000001 0 0 3 2 7.6000000000000005 2.6 1.8 3.2 0 0.6000000000000001 7.6000000000000005 10 2.6 4.2 6.6000000000000005 2.4000000000000004 0 0 0 0 0 0 0 0 0 0 0 0 0 0 0 0 0 0 0 0.4 0 0 0 0 0 0 0 2.2 2.8000000000000003 0 0 0 0 0 0 0 0 0 0 0 0 0 0 0 0 0 0 0 0 0 0 0 0 0 0 0 0 0 0 0 5.2 5.4 0 0 0 2.2 1.4000000000000001 6.800000000000001 3.6 9 3.2 0 2.8000000000000003 5.2 0 2.8000000000000003 0.2 6 4.4 0 0 0 0 0 0 0 0 0 0 0 0 0 0 0 0 0 0 0 0 0 0 0 4.4 0 0 0 0 0 5.6000000000000005 0 0 0 0 0.2 0 0 0 0 0 0 0 0 0 0 0 0 0 1 0 0 0 0 0 0 0 0 0 0 0 0 0 0 0 0 0 0.4 0.4 0 0 0.2 0.4 1.8 0 0 0 0 0 0.2 0 0 0 0 0 0 0 0 0 0 0 0 0 0 0 0 0 5.800000000000001 0 1.8 0 0 0 0 0 0 0 0 0 0 0 0 
 6.2 14.8 24.200000000000003 20.400000000000002 15.4 10.200000000000001 93.80000000000001 43.800000000000004 17.400000000000002 35.800000000000004 27.200000000000003 4.800000000000001 26.6 0 19.400000000000002 26 8.4 7 17.8 54 0.4 0 0.6000000000000001 0.4 0 0 0.4 0.6000000000000001 0 0.2 0 0 0 0.4 0 0 0 0 0.2 0 0.4 0.6000000000000001 0 0 0.4 1.4000000000000001 0 0 0 0 0 0 0 0.4 0.6000000000000001 0 0.4 0 0.6000000000000001 0 0 0 0 0 0 0 0 0 0.6000000000000001 0 0 0 0 0 0 1 0 0 0 0 4.2 0.4 2.8000000000000003 0 0 0 3.4000000000000004 2.2 5.800000000000001 2 1.4000000000000001 0.2 1.2000000000000002 0 4 0 0.2 6.800000000000001 0 2.4000000000000004 0 0 0 0 0 0 0 0 0 0 0 0 0 0 0 0 0.4 0 5.800000000000001 0.4 0 0 0 0 0 0 0 0 0 0 0 3 0 0 0 0 0 3.8000000000000003 0 0 0 0 0 0 0 0 0 0 0 0 0 0 0 0 0.4 0 0 0 2 0 2.4000000000000004 3 0 2.8000000000000003 0 2 2.2 9.200000000000001 2 0.8 5.6000000000000005 4.800000000000001 2 0 4.2 2 4 6.2 1.4000000000000001 0 0 0 0 0 0 0 0 0 0 0 0 0 0 0 0 0 0 0 0 0 0 4.4 0 0 0 0 0 0 0 0 3 0 0 0 0 0 0 0 0 0 0 0 0 0 0.8 1 0 0 0 0 0 0 0 0 0 0 0 0 0 0 0 0 0 0 0 0 0 0.4 0 2.4000000000000004 0 0.4 0 0 0 0 0 0 0 0 0 0 0 0 0 0 0 0 0 0 0 0 0 0 0 3.2 0 1.4000000000000001 0 0 0 0 0 0 0 0 0 0 0 0 
 37.2 112.4 53.400000000000006 83 15 12 9 26.8 43.800000000000004 125.80000000000001 58 41.400000000000006 25.400000000000002 19.400000000000002 0 23.400000000000002 28.400000000000002 61 12 34.6 0 0 2.4000000000000004 0 0 0 0.6000000000000001 0 0 0.4 0.4 0 0.4 0 0 0 0 0 0 0 0.4 0.6000000000000001 1.2000000000000002 0.2 0.4 0.2 0 0 0 0 0 0 0.2 0.4 0.6000000000000001 0 0.4 0 0.6000000000000001 0 0 0.2 0 0 0 0 0 0 0.6000000000000001 0 0 0 0 0 0 0 0 0 0 0 0 0.2 1.8 5.2 6.4 2 0.2 2 2.2 12 0.8 1.6 4.800000000000001 4.800000000000001 4.800000000000001 6.2 1.4000000000000001 0 2.4000000000000004 2 0 0 0 0.2 0 0 0 0.4 0 0 0 0 0 1.4000000000000001 0 0 0 0 0 0 0.6000000000000001 0 0 0 0.4 0.2 1.8 0 0 4 1.6 0 0 0 0 1.2000000000000002 0 1.2000000000000002 1.4000000000000001 0.6000000000000001 1 0 0 0 0 0 2.4000000000000004 0 0 0 1.2000000000000002 0.2 0 0.2 0 0 0 0 0 0 0 2 0 3.2 0 0 0 0 2.4000000000000004 3 2 2.6 2.8000000000000003 4 4.2 0 1 0 0 2.8000000000000003 0.2 0 0 0 0 0.4 0 0 0 0 0 0 0 0 0 0 0 0 0 0 0.4 0 0 0 0 2 0 0 1.8 0 1.8 0 0 0.8 0 1.2000000000000002 0 0 0 0 0 0 0 0 0.2 0 0 0 0 0 0 0 0 0 0 0.4 0 0 2.6 0 0 0 1.8 0 0 0 17.400000000000002 0 0.2 0 0 0.8 0 0 0 0 0 0 0 0 0 0 2 0 0 0 0 0 0 0.2 0 0 0 0 0 0 0 0 0 0 0 0 0 0 0 0.6000000000000001 0 0 0 0 
 6 120.60000000000001 43.400000000000006 77.2 39.6 51.800000000000004 6.6000000000000005 7.2 97.4 105.2 32.6 45.800000000000004 8.200000000000001 26 23.400000000000002 0 56.2 24.400000000000002 6 64.2 14.8 0 0.6000000000000001 0 0 0 0 14.8 0 0.2 0 0 16.400000000000002 0.8 0 0 0 0 15 15 0.4 0.6000000000000001 0 0 0.4 0.4 0 0 0 0 1.6 0 0 0.4 1 0 1.2000000000000002 0.4 1.4000000000000001 0 0 0.2 0 0 0 0 0 4 0.6000000000000001 0 0 0 0 0 0 0 0 0 0 0 0 0 4.2 0.2 4 2.8000000000000003 0 0 0 10.8 6.800000000000001 5.6000000000000005 0 0 0 0 0.2 3 0 0 2.6 2.2 0 0 0 0 2 4.4 0 0 0 0 2.2 2.8000000000000003 3.2 0 0 0 4.800000000000001 8.4 0 0 0 0 0 0 0 0 0 2.2 0.6000000000000001 0 0 0 0 0 0 0 0 0 0 0 0 0 0 0 0 0 0 0 0 0 0 0 0 0 0 0 0 0 0.6000000000000001 2.2 0 15.4 6.6000000000000005 2 0 7.4 0.2 7 0 1.2000000000000002 0 0 0.8 0 0 0 0 0 2.6 0.2 0 0 0 0 4.4 1.8 0.4 0 0 0 2.6 0 0 0 0 0 13.600000000000001 2.4000000000000004 0 0 0 0 0 0 0 0 0 0 0 0 0 0 0 0 0 0 0 0 0 0 0 0 0 0 0 0 0 0 0 0 0 0 0 0 0.8 0 0 0 0 2.8000000000000003 0 0 0 0.2 37.4 0.4 0 17.6 2 2 0 0 0 0 0 0 0 2.8000000000000003 0 0 0 0 0 0 0 0 0 0 0 0 0 10.8 0 0 4.6000000000000005 0 0 0 0 0 0 0 0 0 0 0 0 0 
 24.6 87.2 44.800000000000004 28 10 28.400000000000002 8.4 42 24 48 36 37.800000000000004 7.6000000000000005 8.4 28.400000000000002 56.2 0 84.4 4.4 13.4 0 15.600000000000001 0.4 0 0 0.2 0 0 0 0 0 0 20.8 0.2 0 0 5.2 0 0.2 0 0.6000000000000001 0.6000000000000001 1.2000000000000002 0 0.4 0 0 0 0 0 0 0 0 0.4 0.4 0 0.4 0 0.6000000000000001 0 0 0 0 0 0 0 0 0 0.6000000000000001 0 0 0 0 0 0 0 0 0 0 0 0 2.2 1.8 0 4 2 0 1.4000000000000001 1.8 10 5.4 2.8000000000000003 0 3.8000000000000003 0 4.6000000000000005 2 2.2 0 0 0 3.2 0 0.4 0 1 2 1.8 0 0 0 0 6.2 1.8 0 0 0 0 5.6000000000000005 2.4000000000000004 0 0 0 3.6 0 0.4 0 0.4 0 0 0 0 0 0 0 0 0 0 0 0 0 0 0 0 0 0 0 0 0 0 0 0.4 0 0 0 0 0 0 0 0 3 0 3.8000000000000003 2.2 4 0 0 0.6000000000000001 1.6 3 0 4.800000000000001 0 3.6 2.6 2.8000000000000003 2.4000000000000004 0 0 0 7.4 0.2 0 0 0 0.2 0 0 0 0 0 0 5.4 0 2.4000000000000004 0 0 0 5.2 4.6000000000000005 0.2 0 0 0 0 0 0 0 0 0.4 0 0 0 0 0 0 0 0 0 0 0 0 0 0 0 0 0 0 0 0 0 0 0 0 0 0 0 0 0 0 0 0 0 0 0 0.4 27.8 0.2 17.8 0.4 0 2 0 0 0 0 0 0 0 0 0 0 2.2 0 0 0 0 0 0 0.4 0 0 0 0 0 0 2.2 0 0 0 0 0 0 0 0 0 0 0 0 0 
 37 10.200000000000001 43.6 49 17 105.4 10 24.400000000000002 26.400000000000002 45.2 45 78 4.6000000000000005 7 61 24.400000000000002 84.4 0 21.400000000000002 10.4 0 0 0.8 0 0 0 0 0 43.800000000000004 0 0 0 0 0 0 0 0.4 0 15.600000000000001 14.4 0.6000000000000001 0.6000000000000001 1.2000000000000002 0 0.4 0 0 0 0 0 0 0 0 0.4 0.4 0 0.8 0 0.6000000000000001 0 0 0 0 0 0 0 0 0 0.6000000000000001 0 0 0 0 0 0 0 0 0 0 0 0.2 0.2 4.6000000000000005 6.2 9.200000000000001 2.6 0 2 0 3.4000000000000004 8 5.4 4 4 8 3.8000000000000003 2 3 0.6000000000000001 0 0 0 0 0 0 0 2.6 0 2 0 0 0 2.2 6.800000000000001 5.800000000000001 0 0 0 0 0 0 0 0 0 0 0 0 4 0 2.6 0.4 0 0 0 0 0 0 0 0 0 0.4 0 0 0 0.2 0 0 0 0 0 0 0 0 0 0 0.4 0 0 0 0 1.6 3 1.2000000000000002 1.2000000000000002 6.2 5.4 0.4 4.2 1.4000000000000001 2 2 3.4000000000000004 0 0 4.4 0 2 0 0 1.8 1.8 0 0.4 0 0 0 2.8000000000000003 0 0 0 0.4 0 1.6 0 4 0 0 0 3 8.4 0 0 0 0.2 0 0 0 0 0 0 0 0 0 0 0 0 0 0 0 0 0 0 1.8 0 0 0 0 0 0 0 0 0 0 0 0 0 0 0 4.2 0 0 1.8 0 0 0 0.6000000000000001 9 0 0.2 0.4 0 2.2 0 0 0 0 0 0 0 0 0 0 0 0 0 4.6000000000000005 0 0 0 0 0 0 0 0 0 0.6000000000000001 2.6 0.2 0 0 0 0 0 0 0 0 0 0 0 0 
 24.6 5.4 9.200000000000001 14.8 11.600000000000001 23.400000000000002 7.6000000000000005 22.400000000000002 11.200000000000001 16.400000000000002 4 5.6000000000000005 12.4 17.8 12 6 4.4 21.400000000000002 0 77 0 1.8 0.4 0 0 0.4 0.6000000000000001 16 0.6000000000000001 0.4 0 0.6000000000000001 6 0 0 0 0.6000000000000001 0.6000000000000001 0 0 0.8 0.6000000000000001 0.6000000000000001 0 0.4 0.4 5.4 0.6000000000000001 0 0 0 0 0 0.4 0.4 0 1 0 0.6000000000000001 0 2 0 0 0.2 0 0.2 0.2 0 5 0 0.4 0 0 0 0 0 0 0.4 0.4 0 0.2 3.4000000000000004 0 2.8000000000000003 0 0 2.6 1.8 2.4000000000000004 0 0 0.4 2.6 9 0.2 0 0 3.2 8.6 7.6000000000000005 0 1.6 0 0 0 0 0 0 0 0 0 0 0 0 0 0 0 0 0 0 0 0 0 0 0 0 0 0 0 0 3 0 0 0 0 0 0 0 0 0 2.2 0 0 0.8 0 0 0 0 0 0 0 0 0 0 0 0 0 0 0 0 0.2 2.2 0 1.4000000000000001 0 0 0 0 3.4000000000000004 0 0.2 0.6000000000000001 7.2 6.4 0 0.2 0 3.4000000000000004 7.6000000000000005 3 0 0.2 0.2 0 0 0 0 0.2 0 0 0 0.4 0 0 0 0 0 0 0 0 0 0 0 0 0 0 0 0 0 0 0 0 0 0 0 0 0 0.2 0 0 0 0 0 0 0 0 0 0 0 0 0.2 3 0 0 0 0 0 0 0 0.2 0 0 0 0 0 0 0.2 0 0 0.4 0 2.8000000000000003 0 0 0 0 0 0 0 0 0 0 0 0 0 0 0 0 0 0 0 0 0 0 0 0 0 0 0 0 0 0 0 0 0 0 0 0 0 0 
 49.2 61.6 6.4 16.2 19.6 14.600000000000001 92.4 57 25.200000000000003 70.60000000000001 35.2 25.200000000000003 30.200000000000003 54 34.6 64.2 13.4 10.4 77 0 0 0 0.6000000000000001 0 0 0.2 0 0 0 0.4 0 0 7.4 0 0 0 0 0 0.4 0 0.4 0.6000000000000001 0 0 0.4 0.2 0 0 12.8 0 0 0 0 0.4 2.6 0 0.4 0 1 0 0 0 0 0 0 0 0 0 0.6000000000000001 0.6000000000000001 0 0 0 0 0 0 0 0 0 0 0 3 2.8000000000000003 3.6 0 0 3.4000000000000004 1.4000000000000001 3.8000000000000003 0 0 2 1.8 10.8 3.6 0.2 2 5.800000000000001 0.8 4.4 0 0 0 0 0 0 0 0 0 0.2 0 0 0 0 0 0 0 0 0 0 0 0 0 0 0 0 0 0 0 0 0 0 0 0 0 0 0 0 0 0 0 0 0 4.800000000000001 0 0.2 0 0 0 0 0 0 0 0 0 0 0 0 0 0 3.4000000000000004 2 0 0.2 0 0 0 2.4000000000000004 2.8000000000000003 5.800000000000001 0 0 1 6.4 0 0 0 2.4000000000000004 3.8000000000000003 0 0 0 0 0 0 0 0 0 0 0 0 0 0 0 0 0 0 0 2 0 0 0 0 0 0 0 0 0 0 0 0 0 0 0 0 0 0 0 0 0 0 0 0 0 0 0 0 0 0 2.4000000000000004 0 0 0 0 0 0 0 0 0 0 0 0 0 0 0 0 0 0.4 0.2 0.6000000000000001 0.4 0.4 0 0 0 0 0 0 0 0 0 0 0 0 0 0 0 0 0 0 0 0 0 0 0 3 0 0 0 0 0 0 0 0 0 0 0 0 0 0 
 0.2 0.6000000000000001 0 0.4 13 17.2 0 0 0.6000000000000001 15 15.200000000000001 0.4 0.4 0.4 0 14.8 0 0 0 0 0 123.80000000000001 48.2 16.2 23.200000000000003 62.2 6.2 75.4 4.800000000000001 9.200000000000001 22.400000000000002 6.6000000000000005 38.6 30.8 6.4 25.200000000000003 26.8 24.200000000000003 22.200000000000003 105 0.2 0.4 0 0.4 0.2 0 0 0.2 0 0 0 0 0.6000000000000001 0 0 0 0 0 0 0 0 0 0 0 0.8 0 0.6000000000000001 0 0 0 0.6000000000000001 0 0 0.6000000000000001 0.8 0 0 0.8 0 1.4000000000000001 0 0 0.6000000000000001 0.2 2 4.2 0 0 0 0 2.6 0.2 0 0 0 0 2.8000000000000003 0 0 0 8.4 3.2 2.6 2 0 0 4.6000000000000005 4.2 3.6 0.4 6.4 2 3.2 3.2 1.8 8.8 8 1.6 0 6.6000000000000005 0 0 0 0 0 0 0 0 0 0.4 0 0 0 0 0.4 0 0 0 0 0 0 0 0 0 0 0 0 0 0 0 0 0 1.2000000000000002 1 0 0 0 0.2 0 0.8 0 0.2 0 0 0.2 1.8 0 0 0 0 3.2 0 0.4 0 0 0 0 0 0 0 3.6 7.2 3.4000000000000004 0 0 0 5.2 2.2 2.8000000000000003 0 0 0 2.8000000000000003 2 5.6000000000000005 0 0.6000000000000001 0 3.8000000000000003 6.6000000000000005 0.4 0 0 0 0 0 0.2 0 0 0 0 0 0 0 0 0 0 0 0 0 3.8000000000000003 0.4 0.2 0 0.6000000000000001 0 0.2 0 0 0 0 0 0 0 0 0 0 0 0.2 0 0 0 0 0 0 0.4 0 0 0 7.2 2 0 0 0 0.8 0 0 0.2 0 0.4 0.4 4.2 0 0 0 0 0 0 0 0 0 0 0 0 0 0 0.2 0 0 0 0 0 0 0 0 0 2.6 0 0 0 
 0 0.6000000000000001 0.8 0 31.6 4 0.4 0 0 0 29.8 0 0 0 0 0 15.600000000000001 0 1.8 0 123.80000000000001 0 48 13.4 25.400000000000002 8.6 16.400000000000002 15.8 30 10.4 27 67.2 12.200000000000001 42 37.4 28.400000000000002 33.2 21.200000000000003 93.60000000000001 30 0 0.4 0 0.2 0 0 0 0 0 0 0 0 0 0.2 0 0 40.800000000000004 0 0 0 0 0 0 0 1.8 0 0.6000000000000001 0 0 0 0.6000000000000001 0 0 0.6000000000000001 0 0 0 0.8 0 0 0.4 0 0 0 3.8000000000000003 3 0 0 0 0 0.2 0.2 0 0 0 0 0 0.4 0 0 10.4 6 9.200000000000001 2.2 0.2 0 4.2 7.4 3.6 0 12 1 0 0 4 4 3.8000000000000003 9.600000000000001 4.6000000000000005 2 0 0 0 0 0 0 2.2 0 0 0 0 0 0 0 0 0 0 0 0.4 0 1 0 0 0 0 0 0 0 0 0 0 0 1.8 1.2000000000000002 0 0 0 0.2 0 0.6000000000000001 0 2.4000000000000004 0 0 6 1.6 0 0 1.2000000000000002 0 0 0 0 0 0 0 0 0 0 0 12 5 6.6000000000000005 0 3 0.6000000000000001 11.4 0.4 5.6000000000000005 2.2 0.2 0 3.4000000000000004 2 6.6000000000000005 7.4 4 0.2 0 2.6 0 0 0 0 0 0 0 0 0 0 0.2 0 0.2 0 0 0 0 0 0 0 0 0 0 0 1 0 0 0 0 0 0 0 0 0.2 0 0 0 0 0 0 0 0 0 0 0 0 0 0 0 0 0.2 0 0 0 0.2 0.4 0 0.2 0 0.8 2.6 3.8000000000000003 0 0 0 0 0 0 0 0 0 0 0 0 0 0 0 0 0 0 0 0 0 0.4 0 0 2.4000000000000004 0 0 0 
 0.6000000000000001 5 0.6000000000000001 0.6000000000000001 57.800000000000004 0.6000000000000001 0.6000000000000001 0.4 0.6000000000000001 0.4 0.6000000000000001 0.6000000000000001 0.6000000000000001 0.6000000000000001 2.4000000000000004 0.6000000000000001 0.4 0.8 0.4 0.6000000000000001 48.2 48 0 86.80000000000001 8.6 51.6 12.600000000000001 27 16.6 27 79.4 105.4 17 9.600000000000001 13 55.6 32.2 26.200000000000003 20.8 7.4 0 0.4 0 0 12.4 0 0 0 0 0 0 0 20.400000000000002 0.2 0 0 0 0 0 10.600000000000001 0 0 0 9.8 0 0 0.6000000000000001 0 0 0 0.6000000000000001 0 3.2 0.6000000000000001 0 0 0 1.6 0 0.6000000000000001 0 0 0 0 0 0 0 0 0 0 0 0 0 0 0 0 0 0 0 0.4 4.4 5.6000000000000005 4.4 3.8000000000000003 0 0 0 2.8000000000000003 1.4000000000000001 12.600000000000001 3 0.6000000000000001 2.2 2.2 1.8 5.800000000000001 2.8000000000000003 5.4 0 0 0 0 0 0 0 0 0 0 0 0 0 0 2.2 0 0 0 0 0 0 4.4 0 0 0 0 0 0 1.8 0 0 0 1 0 0.8 0.4 0 0 0 0 0 0 0 0 0 0 4.800000000000001 0 0 0 0 0 0.4 0 0 0 0 0 0 0.6000000000000001 0.4 0 1.6 0 11 4 1.8 0.8 0.6000000000000001 0.4 0 0 1.8 0 2.4000000000000004 1.4000000000000001 6.4 0 4.800000000000001 4 0 3 0 1.8 0 0 0.2 0 2.2 0 0 0 0 0 3.4000000000000004 0 4 0 0 0 2.2 0 0 0 0 0 0 0 0 0 0 0 0.2 0 0 0 0 0 0 0 0 0 0 0 0 0 0 0 0 0 0 0 0 0 0 0 2 0 0 0.2 15.200000000000001 0.2 0.4 1.8 0 0 0 0 0 0 0 0 0 0 0 0 0 0 0 0 0 2 0 0 0 0 0 2 0 0 0 0 
 0.8 0 0 0 0 0 0 0 0 0 0 0 0 0.4 0 0 0 0 0 0 16.2 13.4 86.80000000000001 0 29.200000000000003 26.8 23 33.4 29.8 28.200000000000003 84.80000000000001 94.4 10.600000000000001 22.200000000000003 43 24.6 8 24.6 38.400000000000006 11.200000000000001 0 0.4 0 0 0 0 0 0 0.4 0 0 2.4000000000000004 1.2000000000000002 0 0.6000000000000001 13.600000000000001 0 0 0 14 0 0 0 0 2.4000000000000004 0 0.6000000000000001 10.600000000000001 0 0 0.6000000000000001 0 0 0.6000000000000001 0 0 0 0.6000000000000001 0 0 0 0 0 2.6 0 0.4 0 0 1.8 0 0 0 0 0 0 0 0 0 0 0 2 5.800000000000001 2.2 3.4000000000000004 10.600000000000001 2.4000000000000004 0 0 5.6000000000000005 0.2 3.4000000000000004 3.6 0 0 0 3.6 1.6 2.8000000000000003 0 0 11.200000000000001 0 0 0 0 0 14.8 1.2000000000000002 0 0 0 0 2.4000000000000004 0 0 0 0 0 3.4000000000000004 3.2 0 0 0.2 0 0 0 0 0 0.8 0.2 0 0 0 0 0 0 0 0 0 0 0.2 0 0 0 0.8 0 0 0 0 0 0 0 0 0 0 0 0 1 0 0 0 0 2 7.2 5.800000000000001 3.8000000000000003 0 1.8 1 7.2 5.800000000000001 2.8000000000000003 0 3.4000000000000004 0 5.800000000000001 4.800000000000001 7.2 0 0 3.6 0 0.4 0 0 0 3.4000000000000004 0 0 0.4 0 0 8.8 0 2.8000000000000003 0 0 0 0 0 0 0 0 0 10.8 0 0 0 0 0 0 0 0 0 0 0.2 0 0 0 0 0 0 1.8 0 0 0 0 0 0 0 0 0 0 0 3.8000000000000003 0 0 0 8 0 0.4 0 0 0 0 0 0 0 0 3.6 0 0 0 0 0 0 0 0 0 0 0 0 0 0 0 0.2 0.4 0 0 0 
 0 0 0 0 0.4 0 0 0 0 0 0 0.8 0 0 0 0 0 0 0 0 23.200000000000003 25.400000000000002 8.6 29.200000000000003 0 49 8.200000000000001 15.4 16.2 60.800000000000004 55.2 8.200000000000001 15.600000000000001 31.8 14.600000000000001 13.200000000000001 26 28 16.400000000000002 15.600000000000001 12.600000000000001 66.2 0 0 0 0 18.8 12.4 0 0 0 2.4000000000000004 0.2 13.4 0 0.2 0.4 12.4 3.6 13.600000000000001 0 0 0 0 0 0 0.6000000000000001 0 0 0 0.6000000000000001 0 0 0.6000000000000001 0 0 0 0.4 0 0 0 0 0 0 0 0 0 0 0 0 0 2.8000000000000003 0 0 0 0 0 0 0 0 0 0 0 0 2.6 5.2 0 0 4 0 2 2 0 0 0 3.4000000000000004 0 0 0 0 3.6 1.8 5 0 0 0 0 3.8000000000000003 7 0 6.4 1.8 15.600000000000001 7.4 0 5.800000000000001 2.2 3.2 6.4 0.2 0 0 0.2 0 1.4000000000000001 0 0 0 0 0.2 0 0.2 0.4 0 0 0 0 0 0.8 0 0 0 0 0 0 0 0 0 0 0 0 0 0 0.2 0 0 0 0 0 0 0 0.2 0 7.2 0 4.4 0 0 0 2.4000000000000004 0 0.2 0 0 0 0 0 1.8 0 0 11.200000000000001 7.800000000000001 12.8 0.6000000000000001 2.6 0 5.6000000000000005 5.800000000000001 3.8000000000000003 0 0.4 0 4.4 6 19.200000000000003 6.2 7 3.6 12.200000000000001 11.600000000000001 0 0 0 0 0 0 0 0 0 0 0 0 0 0.4 0 0 0 0 0 0 0 0 2.2 0 0 0 0 0 0 0 0 0 0 0 2.2 0 0.4 16.400000000000002 0 0 0.2 0 0 0 0 0 0 0 0 0 3 0 0 0 11 0 0 0 0 0 0 0.2 0 0.2 2 0 0 2 0 0 
 14.8 0 0 0 0.4 0.2 0 0 0.4 0 0.2 0.8 0 0 0 0 0.2 0 0.4 0.2 62.2 8.6 51.6 26.8 49 0 10.600000000000001 51.2 96.2 11.200000000000001 53.2 37.4 9 14 10.600000000000001 9.200000000000001 23.8 43 9 82.4 5 1 0 0 0.6000000000000001 0 13.200000000000001 0.2 0 0 0 0.8 18.6 14 0.4 12.600000000000001 0.6000000000000001 4.6000000000000005 20.200000000000003 13.8 0 10.600000000000001 0 0 0 0 1 0 0 0 0.6000000000000001 0 0.8 0.6000000000000001 0 0 0 2.8000000000000003 0 2.6 0 0 0.4 0 0 0 0 0 0 0 0 0 0 0 0 0 3.2 0 0 0 0 2.6 0 0 1.6 8 0 0 2.6 2.6 2.4000000000000004 2 0 0 0 5 12.200000000000001 3 0 0 2 0 3.6 2.4000000000000004 0 0 0 0 2.2 0.2 0 2.8000000000000003 9.8 4.2 2.2 0 1.8 11.8 2 0 0 0 0.2 0 0.2 0 0 0 0 0.2 0 0 0 0 0 0 0 0 0 0 0 0 0 0 1.2000000000000002 0 0 0 0 0 0 0 0.4 0.2 0 0 0 0.6000000000000001 0 0 0 0.2 0 12 1.4000000000000001 0.8 0 0 0.2 2.6 1.8 1.2000000000000002 0 0 0 0 0 4.6000000000000005 0.2 0 4 7.2 2.6 2.2 0.2 0 13.600000000000001 6.2 0 0 0 0 1.2000000000000002 6.800000000000001 15.4 4.2 0 0 6 5.800000000000001 0 0 0 0 2 0 0 0 0 0 0 0 0 0 0 0 0 2.4000000000000004 0 0 0 0 6.2 0 0 0 0 0 0 0 0 0 0 0 1.6 0.2 0 0 15.4 1.2000000000000002 0.6000000000000001 0 0 0 0 0 0 0 0.2 0 2 0 0 0 0 0 0 0.2 0 0 0 1.8 0 0 0.4 0 0 0.2 0 0 
 0 0 0.4 0 0 0.2 0 0 0 0 0 0 0.2 0.4 0.6000000000000001 0 0 0 0.6000000000000001 0 6.2 16.400000000000002 12.600000000000001 23 8.200000000000001 10.600000000000001 0 22.8 15.4 37.2 5.4 30.400000000000002 45.6 22.8 8.4 28.200000000000003 46.2 19.8 25.6 8.6 12.4 0.4 0 1.4000000000000001 0 0 0 0 0 0 0 0 0.2 0 0 0 0 0.2 3.6 0 0 0 0 0 0 0 1.4000000000000001 0 0 0 0.6000000000000001 0 0 0.6000000000000001 0 0 0 1.8 0 0.8 0 0 0 0 0 2 0 0 0 0 0 0 0 0 0 0 0 0 0 0 1.2000000000000002 0 3.4000000000000004 0.4 6 0 0 2.4000000000000004 0 3.4000000000000004 3.4000000000000004 0.4 0 2.4000000000000004 2.6 0 2.4000000000000004 2 0 0 0 0 0 0 0 0 2.2 0 0 0 0 0 0 0 0.4 0 0 0 1.8 4.800000000000001 0 0 0 0 0 0 0 0 0.2 0 0 0 0 0 0 0.4 0 1 0 0 0 0 1.4000000000000001 0 0 0.2 0 0.4 0.6000000000000001 0 0 0 0 0 0 0 2.6 0 0 0 0 0.2 0 1.6 5.2 4 0 5.4 2.2 7.2 5.6000000000000005 6 0 4.6000000000000005 0 5.4 2.4000000000000004 2 0 0 0 0 0 0 0 0 0 0 0 0 0 0 0 0 0 0 0 0 0 0 0 0 0 0 0 0 0 0 0 0 0 0 0 0 0 0 0 0 0 0 0 0 0.2 0 0 0.4 0 0 0 0 0 0 0 0 3 0 0.2 15.600000000000001 15.600000000000001 0.2 16.6 0 0 0 0 0 2.6 0 0 0 0 0 0 0 0 0 0 0 0 0 0 0.2 0 0 0 0 0.2 0 0 1.6 
 0.2 0 0 0 16 0.2 0 0.2 0.4 0 0 0 0 0.6000000000000001 0 14.8 0 0 16 0 75.4 15.8 27 33.4 15.4 51.2 22.8 0 20.6 53 60 10.8 38.800000000000004 31 32.6 24.6 37.6 24.8 93.2 24.6 0 0.4 0 0 0 0 0 0 0 0 0 0 0.8 0 0 0 0 0 0 0 0 0.4 0 0 0 0 0.6000000000000001 0 0 0 0.6000000000000001 0 0 0.6000000000000001 0 0 0 0.4 0 0 0 0 0 0 0 1.6 0 0 0 0.2 0 0 0 0 0 0 0 0 0 0 12.600000000000001 9.200000000000001 10.8 7.6000000000000005 3 0 2.8000000000000003 4.800000000000001 4 3.2 0.2 1.6 2.8000000000000003 1.6 4.800000000000001 5.4 0.2 2.2 0 2.6 0 0 0 0 0 0 0 0 0 0 0 0 0.2 0 1 0 0 0 0 0 0 0 0 0 0 0 0 0 0 0 0 0 0.2 0.2 0 0 0 0 0 1.2000000000000002 0 0 0 0 1.2000000000000002 0 0.8 0 2.6 0 0 2.4000000000000004 0 0 0 0 0 0 0 0 3.4000000000000004 4.800000000000001 2.8000000000000003 4.4 0 0 2.8000000000000003 4 10.200000000000001 2.8000000000000003 4 4.6000000000000005 5.6000000000000005 7 6.800000000000001 2.2 6.6000000000000005 0.4 0 2.8000000000000003 5 0 0 0 0 0 0 0 0 0 0 0 0 0 0 0 0 0 0 0 0 0 0.2 0 0 0 0 0 0 0 0 0 0 0 0 0 0 0 0 0 0 0 0 0 0 0 0 0 0 0 0 0 0 0 3.2 0 0 16.6 0 0.4 0.4 0 0 0 0 3.8000000000000003 2.6 0 0 0 0 0 0 0 0 0 0 0 0 0 0 0 0 0 0 0 0 0 0 0 
 0 0 0 0 6.4 17 0 0 0 0 0 0 0 0 0 0 0 43.800000000000004 0.6000000000000001 0 4.800000000000001 30 16.6 29.8 16.2 96.2 15.4 20.6 0 93.4 6.2 30.200000000000003 31.200000000000003 52.6 31.8 28.6 35 10 35.6 55 0 0.4 0 1.4000000000000001 0 0 0 0 0 0 0 0 0.2 0.2 0 0 0 0 0 0 0 1 0 0 0 0 0.6000000000000001 0 0 0 0.6000000000000001 0 0 0.6000000000000001 0 0 0 0.4 0 0 0 0 0 0 2.6 1.4000000000000001 0 0 0 0 0 0 0 0 0 0 0 0 0 0.2 0.2 4.800000000000001 0 0.6000000000000001 5.2 0 2 2 2 3.4000000000000004 1 0 3.4000000000000004 4.800000000000001 4.2 0 0 5.2 3.8000000000000003 0 1.2000000000000002 0 0 0 0 0 3.4000000000000004 0 0 0 0 0 0 0 2.2 0 0 0 1.6 8.8 0 0 0 0 0 0 0 0 0 0 0 0 0 0 0 0 0.4 1 0 0 0 0 0 0 3.4000000000000004 3.8000000000000003 0.4 0 0 0 0 2.6 0 0 0.4 0 0 1.4000000000000001 0 0 0 0 0.8 0.2 5.6000000000000005 3.4000000000000004 0.2 3 5.6000000000000005 6.4 7.800000000000001 6.2 2.4000000000000004 4 0 2.2 1.2000000000000002 4.4 0 1.6 0 0 0 0 0.4 0 0 0 0 0 0 0 0 0 0 0 0.2 0 0 0.2 0 0 0 0 0 0 0 0 0 0 0 0 0 0 0 0 0 0 0 0 0 0 0.2 0 0 0 0 0 0 0 0.2 0 0 0 2 2.8000000000000003 0.8 16.2 30.6 0 2.4000000000000004 0 0 0 0 0 3.6 0 0 0 0 0 0 0 0 0 0.2 0 0 0 0 0.2 0 0 0 0 0 0 0 0 
 0.2 0.4 0 0.2 0 0 0.8 0.4 1.6 0 0.2 0.2 0.2 0.2 0.4 0.2 0 0 0.4 0.4 9.200000000000001 10.4 27 28.200000000000003 60.800000000000004 11.200000000000001 37.2 53 93.4 0 23.200000000000003 54.800000000000004 12 32 37.2 22.8 114.2 22 13 38.400000000000006 0 0.4 0 1.2000000000000002 0.2 0 0 0 0 0 0 0 6.2 0 0 0 0 0 0 0 0 0 0 0 0 0 0.6000000000000001 11 0 0 0.8 0 0 0.6000000000000001 0 0 0 0.6000000000000001 0 0 0.2 0 0 0 0 0 0 0 0 0 0 0 0 0 0 0 0 0 0 0 0 5.6000000000000005 0.2 3.2 7 0.2 0 0 1.8 8.200000000000001 6.2 0 0 4.4 0 0 0.2 3.6 0 0 0 0 0 0 0 0 2.4000000000000004 0.2 0 0 0 0 0 0 0 0 0 0 2.4000000000000004 12 0 0 0 0 0 0 3.2 0 0 0 0 0 0 0 0 0 0 0.2 0 0 0 0 0 0 1 0 0 0 0 0 0 0 0 0 0 0 0 1.2000000000000002 0 0 0 0 4 2.8000000000000003 7.4 0 0 1 2 4.6000000000000005 4.800000000000001 4.2 0 0 0 4.4 10.200000000000001 7.4 0 0 0 0 0 0 0 0 0 0 0 0 0 0 3.4000000000000004 0 0 0 0 0 0 0 0 0 0 0 0 0 0 0 0 0 0 0 0 0 0 0 0 0 0 0 0 0 0 0 2.6 0 0 0 0 0.2 0 0 0 0 1 0.6000000000000001 0 0.2 15.600000000000001 0.4 2 0.4 0 0 0 0 0 0 0 0 0 0 0 0 0 0 0 0 0 0.8 0 4.2 0 0 0 0.6000000000000001 0 0 0 0 
 0 0.4 0.2 0 0 0 0 0 0 0 0 0.4 0 0 0.4 0 0 0 0 0 22.400000000000002 27 79.4 84.80000000000001 55.2 53.2 5.4 60 6.2 23.200000000000003 0 63 10.4 28.8 65.4 16.400000000000002 65.2 52.800000000000004 25.8 12.4 0 0.8 13 0 0 0 4.6000000000000005 0 0 0 0 0.8 4.800000000000001 0 0 0 0 0.4 0 0 0.2 0 0 0 0 0 0.6000000000000001 0 0 0 0.6000000000000001 0 7.4 0.6000000000000001 0 0 9.4 1.6 0 0.6000000000000001 0 0.2 0 0 0 0 0 0 0 0 0 0 0 0 0 0 0 0 0 0 1.2000000000000002 0 3.2 8 5.6000000000000005 5.6000000000000005 0 4.2 6.800000000000001 0.4 2.6 8.4 0 0 0.6000000000000001 4 3.8000000000000003 1.6 0 12.200000000000001 2.8000000000000003 0 0 0 0 0 6.4 0 4 0 0 0 3.8000000000000003 0 0 5 0 0 3.6 0 1 0 0 0 0 0 0 0 0 0 0 0 2.4000000000000004 2 0 0 0 0.4 0 0 0 0 0 0 0 0 0 0 2.4000000000000004 0 0 0 0 0 0 0 0 1.8 0 0 4.6000000000000005 3.4000000000000004 0 0 1.8 13 0.2 2.6 0 5.4 0 4.4 0 6.2 0 0.2 2 0 0 0 4.4 0 0 0 0 0.2 2 0 6 0 0 0 0 0 3.6 0 3.8000000000000003 4.6000000000000005 6.6000000000000005 0 0 0 0 0 0 0 0 0 0 0 0 0 0 0 0 0 0 0 0 0 0 0 2.4000000000000004 0 0 0 0 0 0 0 0 0 0 0 2.8000000000000003 0.2 0 15.4 0 0 1 4 0 0 0 0 0 0 0 0 0 0 0 0 0 0 0 0.4 0 0 0 0 0 0 0 0 0 0 0 0 
 0 0.4 0 0.4 0.6000000000000001 0 0 0.4 0 0 0 0 0 0 0 0 0 0 0.6000000000000001 0 6.6000000000000005 67.2 105.4 94.4 8.200000000000001 37.4 30.400000000000002 10.8 30.200000000000003 54.800000000000004 63 0 9.8 15.8 23.200000000000003 49.6 36.800000000000004 54.800000000000004 8.6 8.200000000000001 0 0.4 0 0.8 0 0 12.4 0 0 0 0 0 22.6 12.4 0 0 0 0 13 0 0 0 0 0 0 0 0.6000000000000001 5.800000000000001 0 0 0.6000000000000001 0 0.8 0.6000000000000001 0 0 0 1.8 1.2000000000000002 2.4000000000000004 0 0 0 0 0 0 0 0 0 0 0 0 0 0 0 0 0 0 0 0 0.2 0.4 5.2 3.4000000000000004 3.2 3.4000000000000004 0 0 0 10.4 6.800000000000001 5.2 0 0 0 2.4000000000000004 10.8 13.200000000000001 0 0 2 0 0 0 0 0 2.4000000000000004 0 2 0 0 0 2.8000000000000003 1.4000000000000001 0 0 0 0 0 8.8 0 0 1 0 0 0 0 0 0 0.6000000000000001 0 0 0 0 0 0 0 0 0 0 0 0 0 0 0 0 0 0 0 0 0 0 0 0 0 0.8 0 1.2000000000000002 0 0 0 0 6 0 7.4 0 0 1.2000000000000002 4.4 2.8000000000000003 2.2 2.8000000000000003 0 0.2 0 2 4 0.6000000000000001 0 0 2.6 0 0.4 0 0 0 2.2 2.2 4.6000000000000005 0.2 0 0 3.8000000000000003 0 2.2 2.8000000000000003 0 0 4.2 2.8000000000000003 4.2 0 0 0 0 0.2 0 0 0 0 0 0 0 0 0 0 0 0 0 0 0 0 0 0 0 0 0 0 0 0 0 0 0 0.6000000000000001 2.6 0 0.8 0 14.4 0.4 2.4000000000000004 0.4 0 0 0 0 0 0 0 0 3 0 0 0 11 0 0 0 0 3 0 4.4 0 0 0 2.4000000000000004 0 0 0.2 0 
