 0 106.60000000000001 53.6 59.400000000000006 33 7.6000000000000005 116.60000000000001 72.60000000000001 49.2 37 16 65.8 31 16.8 91.60000000000001 64.60000000000001 28 14.8 71 48.2 0 0.4 0 0 0 0.4 0 0.4 0 0 0 0 0 0 0.6000000000000001 0.6000000000000001 0 0 0 0 0 0 0 0 0 0 0.4 0 0 0 0 0.2 0 0.6000000000000001 0 0 0.6000000000000001 0 0 0 0.4 0 0.6000000000000001 0 0 0 0 0 0 0 0 0 0.6000000000000001 0 0.6000000000000001 0 0 0 0 0 2 6 3.4000000000000004 6.800000000000001 6.2 0 5.800000000000001 4 13.8 2.2 4.2 2.6 2 2.8000000000000003 0 4.2 13.600000000000001 7.2 0 9.4 0 0 0 0 0 0 1.8 0 0 7.4 2.6 0 0 0 0 0 0 0 0 6.6000000000000005 0 0 2.4000000000000004 6.800000000000001 0 0 0 0 0 0 0 0 0 0 0 0 0 0 0.8 0 0 0 0.6000000000000001 0 0 0 0 0 0.2 0 0 0 0 0 0 0 0 0 0 1.6 2 2.8000000000000003 3.2 11.600000000000001 0.2 0.4 2.6 7.4 0 2.6 2.2 2.4000000000000004 0 3.8000000000000003 3.4000000000000004 0 13 2 0 0 0 0 0 0 0 0 0 0.4 0 0 0 0 0 0 0 0 0 0 2.2 0 0 0 0 0 0 0 0 0 0 0 0 0 0 2 0 0 0 0 0 0 0 0 0 0 0 0 0 0 0 0 0 0 0 0 0 0 0 0 0 0 0 0 0 0 0 0.4 2.2 0 0 3 2.2 1.4000000000000001 0 0 0 0 0 0 0 0 0.8 0 2 0 0 0 0 0 0 0 0 0 0 0 0 0.4 3 0 0 0 0 0 0 0 0 0 0 0 0 0 
 106.60000000000001 0 43.400000000000006 50.400000000000006 34.4 8 54.400000000000006 15.600000000000001 10.600000000000001 26 9.8 7.6000000000000005 69.2 23.400000000000002 138.6 102.4 71.8 22.8 20.400000000000002 28 0 0.4 0.4 0 0.4 0.4 0 0.6000000000000001 0 0 0 0.4 0 0 0.6000000000000001 1 0 0 0.2 0 0 0 0 0 0 0 0.6000000000000001 11 1.2000000000000002 0 0 0 0 0.6000000000000001 0 0 0.6000000000000001 0 0 0 0.6000000000000001 0 0.6000000000000001 0 0 0 0 0 0 0 0 0 0.2 0 0.6000000000000001 0 0.8 0 0 0 1.8 5.2 0.2 7.800000000000001 7 3 12 8.6 5.800000000000001 1.8 0.2 2.2 2.2 1.2000000000000002 0 3.4000000000000004 4.4 5.4 8.200000000000001 9 0 0 0 0 0 0 2 0 2.8000000000000003 0 0 0.2 2.2 0 0.4 0 0 0 0 0 0 0 2.2 0 0 0 0 0.2 0 0 0 0 0 0 0 0 0 0 0 0 0 0 0.8 0 0 1 0 0 0 0 0 0 0 0 0 0 0 0 0 2.8000000000000003 1.8 4.6000000000000005 0.2 4.4 3.2 3.6 2.8000000000000003 7.800000000000001 1.8 2.4000000000000004 1 4.2 0 8.4 3.4000000000000004 1.4000000000000001 0.2 3.2 0.4 0.2 0 0 0 0 0 0 4.4 3 0 0 0 0 3 0 0 0 0 4.6000000000000005 0 0 0 0 0 0 0 0 0 0 0.2 0 0 0.2 0 0 0 0 0 0 0 0 0 0 0 0 0.4 0 0 0 0 0 0 0 0 0 0 0 0 0 0 0 0 0 0 0 0 0 18.8 0.4 17.8 9.4 0 3.8000000000000003 0 0 0 0 0 0 0 0 0 0 2 0 0 0 0 0 0 0 0 0 0 0 0 0 10 0 0 0 0 0 0 0 0 0 0 0 0 0 
 53.6 43.400000000000006 0 17.8 88 22.6 15.200000000000001 49.400000000000006 32.6 11.200000000000001 74.2 3.8000000000000003 28.200000000000003 35.6 76.4 36.800000000000004 38.2 40 40.800000000000004 24 0 0.4 0 0 1 0.8 0 0.6000000000000001 0 0 0 0.6000000000000001 0 15.600000000000001 0.6000000000000001 1 0.2 0 14.8 0.4 0.2 0 0 0 0 0 0.6000000000000001 0 0 0 0.6000000000000001 0.6000000000000001 0 0.6000000000000001 0 0 0.6000000000000001 0 0 0 0.8 0 0.6000000000000001 0 0 0.6000000000000001 0 0 0 0.6000000000000001 0 0 0.6000000000000001 0 0.6000000000000001 0 0 0 0 0 3.4000000000000004 0 9.200000000000001 4.6000000000000005 0.4 0 0 4.6000000000000005 3.8000000000000003 2.6 1.2000000000000002 7.6000000000000005 2.6 4.2 3 3 3.4000000000000004 4 0 0.2 0.2 2 0 0 3.2 0 0 1.8 0 0.4 0 0 0 0.2 0 0 0 0 2.4000000000000004 0.4 0.2 0 0 0 0 0 1 0 0 0 0 0 0 0 0 0 0 0 0 0 0 0 0 0 2.6 0 0 0 0 0 0 0 0 0 0 0 0 0 0 0 9.8 2.2 2.4000000000000004 2.6 0 0.2 0.4 3.8000000000000003 0.8 3.4000000000000004 2.2 0 0 2.8000000000000003 2.4000000000000004 0 2.6 2.4000000000000004 4 0 4.800000000000001 0 0 0 0 0 0.2 0 0 0 0 0 0.4 2.8000000000000003 3 0 0 0 0.4 2.4000000000000004 0.2 0 0 0 0 0 0 0 0 0 0 0 0 0 0 0.4 0.2 0 0 0 0 0 0 0 0 0.4 0 0 0 0 0 0 2.6 0.4 0 0 0 0 0 0 0 2 0 0 0 0 0 0 0 0.4 2.2 0.8 0 0 0 0 0 0 0 0 0 0 0 0 0 0 0 0 0 0 0 0 0 0 0 0 0 0 0 0 0 0 0 0 0 0 0 0 0 2 
 59.400000000000006 50.400000000000006 17.8 0 40.6 8.8 58.2 32 52 127.80000000000001 66.4 68.2 27.8 36.800000000000004 24.200000000000003 88.60000000000001 12.4 85 37.800000000000004 25.200000000000003 0 0.4 0.4 0 0 0 0 0.4 0 0 0 0 0 0 0.6000000000000001 0.6000000000000001 0 0 0 0 0 0 0 0 0 0 0.6000000000000001 0 0 0 0 0 0 0.6000000000000001 0 0 0.6000000000000001 0 0 0 0.4 0 0.6000000000000001 0 0 0 0 0 0 0 0 0 0.4 0 0.6000000000000001 0 0 0 0 0 2 2.6 3.8000000000000003 4.2 9 5.800000000000001 3.4000000000000004 0 3 0 1.6 11 2 3.6 0 0.2 6.6000000000000005 1.8 0 0 0 3 0 0 0 0 3 0 0 0 3.4000000000000004 0 0 0 0 0 0 0 0 0 0 0 2.4000000000000004 0 0 0 0 0 0 0 0 0 0 0 0 0 0 0 0 0 0 0 0.6000000000000001 0 0 2.8000000000000003 0 0 0 0 0 0 0 0 0 0 0 0 0 1.6 1.4000000000000001 0 0.2 4.2 0 0 0 4.4 0 2.6 5.800000000000001 2.4000000000000004 0 4 2.6 0 0 0 0 0 0 0 0 0 0 0 2 0 3.8000000000000003 0 0 0 0 1 0 0 0 0 4.6000000000000005 0 0 0 0 0 0 0 0 0 0 0 0 0 0 0 0 0 0 0 0 0 0 0 0 0 0 0 0 2.2 0 0 0 0 0 0 0 0 0 0 0 0 0 0 0 0 0 0 1.6 0.2 0 18.6 3 2.8000000000000003 0 0 0 0 0 0 0 0 0 0 0 0 0 0 0 0 0 0 0 0 0 0 0 0.4 0.2 0 0 0 0 0 0 0 0 0 0 0 0 0 
 33 34.4 88 40.6 0 13.4 18 14 13.8 40.2 41.2 6.6000000000000005 20.200000000000003 31.8 47.6 22.400000000000002 52.6 16 13 17 0 0.4 0 0 0 0 17.400000000000002 15.600000000000001 0 1.8 0 0 15.200000000000001 0.8 4.4 0.6000000000000001 0 0 19 0 0 0 0 0 0 0 0.8 0.6000000000000001 0 0 0 0 0.4 0.6000000000000001 0 0.4 0.6000000000000001 0.4 0.4 0 0.4 0 0.6000000000000001 0 0 0 0 0.4 0 0 0 0 0.4 0 0.6000000000000001 0 0 0 0 0 0 6 0 3.8000000000000003 1.6 0 0.8 0 4 0.8 2.4000000000000004 11 0 0 0 0 1.2000000000000002 4.800000000000001 0 3.6 1.4000000000000001 0 0 0 2.2 0 0.2 4.2 0 0 0 0 1.8 0.2 0 1.8 0 0 5.4 0 0 0 0 0 0 0 0 0 0 0 0 0 0 0 0 0 0 0 0 0 0 0 0 0 0 1.6 0 0 0 0.2 0 0 0 0 0 0 0 0 0 0 2 3.6 0 1 0 4.2 0 10.600000000000001 3.8000000000000003 0 0 0 0 0 2.6 0 2.4000000000000004 2 0 0.4 8 0 0 1 0 0 4.2 0 0 0 0 0 0 5.800000000000001 7.800000000000001 0.2 0 2.6 0 3 0 0 0 0 0 0 0 0 0 0 0 0 0 0 0 0 0 0 0 0 0 0 0 0 0 0 0 0 0 0 0 0 0 0 0 0 0 0 0 0 0 0 0 0 0 0.6000000000000001 0.4 0 0 0.4 0 1.6 0 0 0 0 0 0 0 0 0 0 0 0 0 0 0 0 0 0 0 0 0 0 0 0 0 0 0 0 0 0 0 0 0 0 0 0 0 0 
 7.6000000000000005 8 22.6 8.8 13.4 0 9 9.8 8.6 31.200000000000003 36.2 34.2 9 7.800000000000001 9.200000000000001 19.8 44.2 9.8 10 12.200000000000001 0.2 0.8 16 0 0 0 15.8 1.4000000000000001 0.6000000000000001 0 0 0 15.8 30.200000000000003 15.4 0.8 0 0 0 27.6 0 0 0 0 0 0 0.6000000000000001 0 0 0 13.600000000000001 0.2 1.8 0.6000000000000001 0 0 0.6000000000000001 0 0 0 0.6000000000000001 0 0.6000000000000001 0 0 0 0 0 0 0 2.4000000000000004 0 0.2 0 1 0 0.2 0 0.8 0 0 0 0 0 0.2 2 0 0 0 3.6 0 7.800000000000001 0 0 0 0 0 0 0 0 0 0.8 0 10.4 0 0 0 5.4 3.8000000000000003 3 0 0 5.2 3.2 17.8 2.6 0 20.200000000000003 13 7.4 0 0 0 0 0 0 0 0 0 0 0 0 0 0 0 0 0 0 0 0 0 0 3.8000000000000003 0 0 0 0 0.6000000000000001 0 1 0 0 0 0 0 0 0 0 0 0 0 0 0 0 6 4.800000000000001 1.8 0 0 4 2.6 2.2 0 0 0 0 2.2 2.2 0 0 7 1.6 0.2 2.2 0 0 4.800000000000001 4.800000000000001 0 4 0 0 6.6000000000000005 3.4000000000000004 0.2 6.800000000000001 0.2 0 6.6000000000000005 14 0 0 0 0 0 0 0 0 0 0 0 0 0 0 0 0 0 0 0 0 0 0 0 0 0 0 0 0 0 0 0 0 0 0 0 0 0 0 0 0 0 0.2 0 0 0 0.4 0.8 0 18.2 0.2 0 0.8 3.4000000000000004 0 0 0 0 0 17 0 0 0 0 0 0 0 0 0 0 0 0 0 0 0 0 3.6 0.2 0 0 0 0 0.6000000000000001 0 0 0 0 0 0 0 0 
 116.60000000000001 54.400000000000006 15.200000000000001 58.2 18 9 0 23.200000000000003 14.200000000000001 48.2 5.2 15 108 100.2 28 16.400000000000002 15.600000000000001 8.6 64.8 82.4 0 0.8 0 0 0 0 0 0.4 0 0 0 0.4 0 0 0.6000000000000001 0.6000000000000001 0 0.4 0 0.4 0 0 0 0 0 0 0.6000000000000001 0 0 0 0 0 0 0.6000000000000001 0 0 0.6000000000000001 0 0 0 0.6000000000000001 0 0.6000000000000001 0 0 0 0 0 0 0 0 0 4.4 0 0.6000000000000001 0 0.2 0 0 0 1.8 2.8000000000000003 0.2 1.4000000000000001 0 0.2 5.2 7.800000000000001 0.6000000000000001 4 2.8000000000000003 0 1.6 0 0 3.2 3.8000000000000003 4.6000000000000005 2 3 0 0 0 0 0 0 9.4 0 0 0.2 0 0 0 0 0 0 0 0 0 0 0.2 0 0 0 0 0 0 0 0 0.4 0 0 0 0 0 0 0 0 0 0 0 0 0.8 0 0 0 0 0 0 0 0 0 0.8 0 0 0 0 0 0 0 0 5.800000000000001 0 0.4 0 4.4 12.200000000000001 0.2 0 0.6000000000000001 0 0 0.2 0 6 11.600000000000001 0 0 2.2 0 0 0.2 0 0.2 0 0 1.4000000000000001 0 0 0 0 0 0 0 0 0 0 0 0 0 0 0 0 0 0 0 0 0 0 0 0 0 0 0.4 0 0 0 0 0 0 0 0 0 0 0 0 0 0 0 0 0 0 0 0 0 0.2 0 0 0 0 0 0 0 0 0 0 0.2 0.4 0.4 17.8 0.4 2.2 0 0.4 0 0 0 0 0 0 0 0 0.2 0 0 0 0 0 0 0 0 0 0 0 0 0 4.4 0 0 0 0 0 0 0 0 0 0 0 0 0 
 72.60000000000001 15.600000000000001 49.400000000000006 32 14 9.8 23.200000000000003 0 16.400000000000002 5 11.4 8.6 34.4 55.6 30.8 28 25.200000000000003 35.4 33.800000000000004 21.8 0 0.4 0 0 0 1 0 0.6000000000000001 0 0 0 0 0 0 0.6000000000000001 0.6000000000000001 0 0 0 0 0 0.2 0 0 0 0 0.6000000000000001 0 0 0 0 0 0 0.6000000000000001 0 0 0.4 0.2 0 0 0.6000000000000001 0 0.6000000000000001 0 0 0 0 0.4 0 0 0 0 0 0 0.4 0 0.4 0.4 0 0 1.6 0 7.4 1.8 0 1.8 0 0.2 0.2 0 3.8000000000000003 2.8000000000000003 3.4000000000000004 4.4 2.6 0 1.4000000000000001 1.6 0 0 0 0 0 0 0 0 0 0 0 0 0 0 0 0 0 0 0 0 0 0 0 0 0 0 0 0 0 0 0 0.4 0 0 0 0 0 0 0 0 0 0 0 1.4000000000000001 0 0 0 0 0 0 0 0 0 0 0 0 0 0 0 0 0 0 1.4000000000000001 0 0.2 0 0 3.2 1.8 0 0 0 2.4000000000000004 0 0.2 1.6 5 4.800000000000001 0 0.2 10.600000000000001 0 0 0.2 0 0.2 0 0 1.4000000000000001 0 0 0 0 0 0 1.4000000000000001 0 0 0 0 1.6 0 0 0 0 0 0 0 0 0 0 0 0 0 0 0 0 0 0 0 0 0 0 0 0 0 0 0 0 0 0 0 0 0 0 0 0 0 0 0 0 0 0 0 0 0 0 0 0 0 0 0 2.2 1.4000000000000001 0 0.4 0 0 0 0 0 0 0 0 0.2 0 0 0 0 0 0 0 0 0 0 0 0 0 0 0 0 0 0 0 0 0 0 0 0 0 0 0 
 49.2 10.600000000000001 32.6 52 13.8 8.6 14.200000000000001 16.400000000000002 0 42.400000000000006 26.6 9.200000000000001 38.400000000000006 23.200000000000003 21.8 10.8 28.6 36.6 76 30.8 0 0.4 0 0 0 0 15 0.8 0 0 0 0 0 0 0.6000000000000001 0.6000000000000001 0 0 0 1.2000000000000002 0 0 0 0 0 0 0.6000000000000001 0 0 0 0 0 0 0.6000000000000001 0 0 0.6000000000000001 0.4 0 0 0.4 0 0.6000000000000001 0 0 0.8 0 0 0 0 0 1.2000000000000002 0.6000000000000001 0 0.6000000000000001 0 0.2 0 0 0 4.4 2.8000000000000003 2.6 3.4000000000000004 7.6000000000000005 1.4000000000000001 3 2.4000000000000004 6.6000000000000005 3.4000000000000004 5.4 0 2.2 1.6 0 5.4 2 2 2.4000000000000004 5 0 0 0 0 0 0 0 0 0 0 0 0 1.8 0 0 0 0 0 4.4 3.4000000000000004 0 0 2.6 0 0 0 0 0 0 0 0 0 0 0 0 0 0 0 0 0 0 0.4 1 0 0 2.2 0 0 0 0 0.4 0 0 0 0 0 0 0 0 7 2 0 8.4 0 6 1.6 2.4000000000000004 4.2 2 3.2 2.8000000000000003 6.6000000000000005 0 2.4000000000000004 0 1.2000000000000002 2.6 3.6 3.4000000000000004 2.4000000000000004 0 0 0 0 0 0 7.6000000000000005 0 0 0 0 0 7 0 0 0.4 0 0 0 0 0 0 0 0 0 0 0 0 0 0 0 0 0 0 0 0 0 0.2 0 0 0.2 0 0 0 0 0 0 0 0 0 0 0 0 0 0 0 0 0 0.2 0 0 2 0 0 0.2 0 19.200000000000003 0 0 9.200000000000001 0 3.4000000000000004 0 0 0 0 0 0 0 0 0 0 2.2 0 0 0 0 0 0 0.4 0 0 0 0 0 0.2 2.4000000000000004 0 0 0 0 0 0 0 0 0 0 0 0 0 
 37 26 11.200000000000001 127.80000000000001 40.2 31.200000000000003 48.2 5 42.400000000000006 0 40.6 55.2 9 28 67.8 27.6 34.6 49.400000000000006 31.200000000000003 39 0 0.4 0 0 41.6 0.4 0 0.6000000000000001 0 0 0 0 0 14.8 0.6000000000000001 1 0.6000000000000001 0 15 0 0 0 0 0 0 0 0.6000000000000001 0.6000000000000001 0 0.4 0 0 0 0.6000000000000001 0 0 0.6000000000000001 0 0 0 0.4 0 0.6000000000000001 0 0 0 0 0.4 7.800000000000001 0 0 0.6000000000000001 0.6000000000000001 0 1.8 0 0 0.6000000000000001 1.4000000000000001 6.4 2.6 3.2 4.6000000000000005 2.8000000000000003 0 0 2.4000000000000004 1.6 3.4000000000000004 3 0 2 0 1.8 0 12.600000000000001 0.2 5.4 0 3.2 0.2 2 0 0 0 0 2.2 9.4 4 0 0 0 0 17.2 0 0 0 0 5.4 0 0 0 0 0 0 0.2 0 0 0 0 0 0 0 0 0.2 0 0 0 0 0 0 0 0 0 0 0 0 0 0 0 0 0 0 0 0.2 0 0 0 0 0 6 0 7.6000000000000005 0.2 0 3.4000000000000004 2.2 0 1.2000000000000002 3.6 2.6 9.8 0 0 0.2 0 4.800000000000001 5.6000000000000005 0 0.6000000000000001 2.8000000000000003 0 0 0 0 0 0.2 2.8000000000000003 0 0 0 0 10 5 1.2000000000000002 0 0 0 2.2 2.8000000000000003 0 0 0 0 3.4000000000000004 0 0.4 0 0 0 0 0 0 0 0 0 0 0 0 0 0 0 0 0 0 0 0 0 0 3.2 0 0 0 0 0 0 0 0 0 0 0 1.2000000000000002 0 0 0 0.8 0 0 17.8 9.600000000000001 0.4 2.2 0 0 0 0 0 0 0 0 0 0 5.4 0 0 0 0 0 0 0 0 0 0 0 0 0 4.6000000000000005 0 0 0 0 0 0 1.2000000000000002 0 0 0 0 0 0 
 16 9.8 74.2 66.4 41.2 36.2 5.2 11.4 26.6 40.6 0 55.400000000000006 6.6000000000000005 8.6 12.8 36.800000000000004 82.2 8 21.8 13.8 0 1 1.6 0 0 0 15.600000000000001 15.200000000000001 0 0 0 0 20.6 20.8 45 15.8 14.8 0 19.6 36.4 0 0 0 0 0 0.2 0.6000000000000001 0 12.600000000000001 0 0 0 0 0.6000000000000001 0 1.2000000000000002 0.6000000000000001 0 0 0 0.4 0 0.6000000000000001 0 0 0 0 0.4 0 0 0.6000000000000001 0 0.6000000000000001 0 14.8 0 0 0 0 0 0 2 0 2 2 3.6 0 0 0 1.4000000000000001 0.2 9 0 0 0 0 0 1.8 0 0 4 0 0 0 0 0 2.4000000000000004 6.2 1.4000000000000001 0 0 1.6 4.4 2.8000000000000003 2.2 3 0 2.8000000000000003 10.200000000000001 11.4 0.2 0 0 0 0 0 0 0 0 0 0 0 0 0 0 0 0 0 0 0 0 0 0 0 0 0 0 0 0.4 0.2 0 0 0 0 0 0 0 0 0 0 0 0 0 0.8 6.6000000000000005 0.2 0.6000000000000001 0 2.8000000000000003 2.2 0.2 6 0 0 0 0 3.2 2 0 0 1.8 1.6 0 2.4000000000000004 0.4 0 4.800000000000001 2 1.6 1.2000000000000002 0.2 0 7.800000000000001 11.200000000000001 7.6000000000000005 4.6000000000000005 4.4 2.4000000000000004 4.2 10.600000000000001 3.2 0 0 0 0 0 0 0 0 0 0 0 0 0 0 0 0.2 0 0 0 0 0 0 0 0 0 0 0.2 0.2 0 0 0 5 0 0 0 0 0 0 0 0 0 0 0 0 0.4 1.4000000000000001 0.4 0 0.4 0.2 3.4000000000000004 3.2 0 0 0 0 0 0 0 0 0 0 0 0 0 0 0 0 0 0 0 0 0 0 6.6000000000000005 0 0 0 0 0 0 0 0 0 0.4 0 0 0 0 
 65.8 7.6000000000000005 3.8000000000000003 68.2 6.6000000000000005 34.2 15 8.6 9.200000000000001 55.2 55.400000000000006 0 7 92.4 7.2 60.6 22 16.2 8.6 9 0 0.4 15.600000000000001 0 0.4 0.6000000000000001 0.4 0.6000000000000001 0 0.6000000000000001 0.6000000000000001 0.6000000000000001 12.600000000000001 11 15.8 15.600000000000001 1 0 15.200000000000001 1.2000000000000002 0 0 0 0.2 0.8 0.2 0.6000000000000001 0 0 4.800000000000001 0.2 0.8 0 0.6000000000000001 0 2.6 12.8 0 0 0 0.4 0 1 0 0 0 0 0 0 0.6000000000000001 0.6000000000000001 1.2000000000000002 0.6000000000000001 1.2000000000000002 1.4000000000000001 0.6000000000000001 0.8 0 0 0 0 0 0 3.2 2.2 4 2 0 2.8000000000000003 1.6 2.8000000000000003 8.200000000000001 7.800000000000001 0 0 0 1.8 0 0 0 5.2 0 0 0 0 0 2.4000000000000004 3.6 0 0 0 0 2.4000000000000004 0 0.2 0 1.6 3 5.800000000000001 5.800000000000001 0 0 0.4 0 0 0 0 0 0 0 0 0 0 0 0 0 0 0 0 0 0 0 0 0 0 0 0 0 0 0 0 0 0 0 0 0 0 0 0 0.6000000000000001 4.2 1.4000000000000001 0 2 7.6000000000000005 0.4 0 3 0 2.6 2.6 4.800000000000001 0 0.6000000000000001 0 0 5.4 0 0 0 0 4.2 0 9.8 0 0 3.8000000000000003 0 2.4000000000000004 5.2 0 0 13.4 3 2.2 3 3 0 5.2 5 2.2 0 0 0 0 0 0 0 0 0 0 0 0 0 0 0 0 0 0 0 0 0 1.2000000000000002 0 0 0 0 0 0 0 0 0 0 0.2 0 0 0 0 0 0 0 0 0 0 0 10.4 18 0 0 0.4 0.4 1 3.2 0 0 0 0 0 0 0 0 0 0 0 0 0 0 0 0 0 0 0 0 0 0.4 9.200000000000001 0 2.6 0 0 0 0 0 0 0 0 0 0 0 0 
 31 69.2 28.200000000000003 27.8 20.200000000000003 9 108 34.4 38.400000000000006 9 6.6000000000000005 7 0 37.2 55 15.600000000000001 8.6 5.800000000000001 63.6 27.400000000000002 0 0.4 0 0.8 0 0 0 13.200000000000001 0 1.4000000000000001 0 0.4 0 0 0.6000000000000001 1 0.4 0 0 0 0 0 0 0 0 0 0.6000000000000001 0 0 0 0 0 0 0.6000000000000001 0 0 0.6000000000000001 0 13 0 0.4 0 0.6000000000000001 0 0 0 0 0 0 0 8.200000000000001 0 2.6 0 0.6000000000000001 0 4.6000000000000005 0 0 0 3.8000000000000003 0 2.6 3.6 3.4000000000000004 0 0 1.6 0 0 0.4 3.2 2 7.4 3.8000000000000003 2 2.2 1.8 4.6000000000000005 1 0.2 0 0 0 0 0 0 0 0 0 0 0 0.2 0 0 0 0 0 0 0 0 0 2 0 0 0 0 0 0 0 0 0 0 0 0.4 0 0 0 0 0 0 0 1.2000000000000002 0 0 0 0 0 0 0 0 0 0 0 0.4 0 0.2 0 0 0 3 0 0 0 0 0 0 0 0 2 0.6000000000000001 0 9.600000000000001 3 3 1.6 0 0 0 3 0 0 0 0 0 0 0 0 0 0 0 0 0 1.2000000000000002 0 0 0 0 0 0 0 0 0 0 0 0 0.2 0 0 0 0 0 0 0 0 0 0 0 0 0 0 0 0 0 0 0 0.4 0 0 0 0 0 0 0 0 0 0 0 0 0 0 0 0 0 0 0.2 0.4 0 0.2 0 0.8 3.4000000000000004 0 0 2 0 0.2 0 0 0 0 0 0 0 0 0 0 0 0 0 0 0 0 0 0 0 0 0 0 0 0 0 0 0 0 0 0 0 0 0 
 16.8 23.400000000000002 35.6 36.800000000000004 31.8 7.800000000000001 100.2 55.6 23.200000000000003 28 8.6 92.4 37.2 0 74.8 75.2 36.4 45.800000000000004 55.6 38.400000000000006 0 0.8 0 0 0 0.4 0 0.4 0 0 0.8 0.4 0 0 0.6000000000000001 0.8 0 0 0 0 0 0 0 0 0 0 0.6000000000000001 0 0 0 0 0 0 0.6000000000000001 0 0 0.6000000000000001 0.4 0 0 0.4 0 0.6000000000000001 0 0 0 0 0.2 0 0 0 0 0.6000000000000001 0 0.6000000000000001 0 0 0 0 0 0.2 6.2 2.2 9.8 0 1.8 7.2 0.2 0 4 3.2 4.2 1.2000000000000002 6.2 4.4 6.6000000000000005 2.2 5.4 4.6000000000000005 0 0 0 0 0 0 0.4 2.4000000000000004 0 0 0 0 0 0 0 0 0 0 0 0 0 0 0 1.8 0 0 0 0 0 0 0 2.8000000000000003 2.8000000000000003 0 0 0 0 0 0 0 0 0 3.6 2.6 0 0.4 0 0 0 0 0 0 0 5.2 0.4 0 0 0 0 0 0 3.8000000000000003 4.800000000000001 0.4 0.8 0 3.4000000000000004 3.6 3.4000000000000004 0 0.2 0 0 0 4 9.600000000000001 2 0 0.2 0 0 0 0 0 0 0 0 1 0.2 0 0 0 0 0 0 0 0 0 0 1.8 0 0 0 0 0 0 0 0 0 0 0 0 0 0 0 0 0 0 0.4 0 0.4 0.4 0 0 0 0 0 0 0 0 0 0 0 0 0 0.4 0 0 0 0.4 0 0 0 0 0 0.2 0 0.2 0 0 1 0.2 2.4000000000000004 0 0 0 0 0 0 0 0.4 0 0 0.2 0 0 0 3.4000000000000004 0 0 0.2 0 0 0 0 0 0 4 0 0 0 0 0 0 0 0 0 0 0 0 0 
 91.60000000000001 138.6 76.4 24.200000000000003 47.6 9.200000000000001 28 30.8 21.8 67.8 12.8 7.2 55 74.8 0 45.800000000000004 35.800000000000004 31.200000000000003 61.800000000000004 69.8 0 0.4 0.2 0 0 0 0 0.4 0 0 0.4 0.2 0.4 0 0.6000000000000001 0.8 0 0 0.4 0 0 0 0 0 0 0 0.6000000000000001 0 0 0 0 0 0 0.8 0 0 0.6000000000000001 0 0 0 0.4 0 0.6000000000000001 0 0 0 8.200000000000001 0 0 0 0 0.6000000000000001 0.6000000000000001 0 0.6000000000000001 0 0 0 0 0 3 3.4000000000000004 8.6 2.8000000000000003 0 0 6 4 0 0 0 14.200000000000001 4.4 7.800000000000001 5.2 4.800000000000001 5.6000000000000005 2.6 3.4000000000000004 3.8000000000000003 0 0 0 0 0 0 0 0 0 0 0 0.4 0 0 0 0 0 0 0 0 0 0 0 0 0 0 0 0.4 0 0 0 0 0 0 0 0 0 0 0 0 0 0 0 0 0 0 0 0 0 0 0 0 1 0 0 0 0 0 0 3.4000000000000004 2.6 5.6000000000000005 0 3 0 6 3.2 5.2 0 0 0.2 0.2 1.2000000000000002 0.4 8.8 2.4000000000000004 0 0 0 0 0 0 0 0 0 0 1.8 0 0 0.2 0 0 0 0 0 0 0 0 0 0 0 0 0 0 0 0 0 0 0 0 0 0.4 0 0 0 0 0 0 0 0 0 0 0 0.4 0 0 0 0 0 0 0 0 0 0 0 0 0 0 0 0 0 0 0 0 0 0 0.2 0.2 0.4 0 0 1.4000000000000001 0 0 0 0 0 0 0 0 0 0 0.2 0 0 0 0 0 0 0 0 0 0 0 0 0 0 0 0 0 0 0 0 0 0 0 0 0 0 0 
 64.60000000000001 102.4 36.800000000000004 88.60000000000001 22.400000000000002 19.8 16.400000000000002 28 10.8 27.6 36.800000000000004 60.6 15.600000000000001 75.2 45.800000000000004 0 60.6 7 9.600000000000001 13.8 1 0.4 0 0 0 0 0 0.4 0 0 0.2 0.6000000000000001 0 4.800000000000001 2 43.2 0.6000000000000001 0 0.4 0 0.2 0 0 0 0 0 0.6000000000000001 0 0 0 0 0 0 0.6000000000000001 0 0 1.2000000000000002 0 0 0 0.4 0 0.6000000000000001 0 0 0 0 0 0 0 0 1.2000000000000002 0.6000000000000001 0 0.6000000000000001 0 0 0 0 0 2 0 6.2 2.2 0 0 2.4000000000000004 0 2.2 1.8 4 3.2 2.4000000000000004 4.4 4.2 0 3.6 3.8000000000000003 0.2 3.8000000000000003 0 0 0 0 0 0 0 0.2 2.2 0 0 0.4 0.2 0 0 1 0 0 4.2 0 0 0 0 0 0 0 0 0.4 0 0 0 3.6 0 0 0 0 0 0 0 0 0 0 0 0 0 0 0 0 0 0 0 0 0 0 0 0 0 0 0 6.4 8.4 0 3.8000000000000003 2 0 5.800000000000001 0 3.8000000000000003 2 0 3.4000000000000004 4.6000000000000005 0 0 5.6000000000000005 0.6000000000000001 1.2000000000000002 2.4000000000000004 0 0 0 0 0 0.4 0 0 2.8000000000000003 0 0 0 0 0 4.6000000000000005 0 0 0 0 0 0.6000000000000001 0 0 0 0 0 3 0 0 0 0 0 0 0.4 0 0 0 0 0 0 0 0 0 0 0 0.4 0 0 0 0 0 0 0 0 1.6 0 0 0 0 0 0 0 0 0.2 0.4 0 0 0.4 17.8 0.4 0 9.4 0.4 3.6 0 0 0 0 0 0 0 0 0.4 0 0.4 0 0 0 0 0 0 0 0 0 0 0 0 4 0 4 0 0 0 0 0 0 0 0 0 0 0 0 
 28 71.8 38.2 12.4 52.6 44.2 15.600000000000001 25.200000000000003 28.6 34.6 82.2 22 8.6 36.4 35.800000000000004 60.6 0 43.800000000000004 9.600000000000001 9.4 0 0.4 0 0 0 0.6000000000000001 7.4 1 0 0.6000000000000001 0 0.6000000000000001 0.4 17.6 0.6000000000000001 0.6000000000000001 0 0 14.8 14.600000000000001 0 0 0 0 0.6000000000000001 0 0.6000000000000001 13.200000000000001 0 0.6000000000000001 0 0 0 0.6000000000000001 0.4 0 0.6000000000000001 0 0 0 0.6000000000000001 0 0.6000000000000001 0 0 0 0 0 0 0 0 0 0.8 0 7.800000000000001 0.2 0.6000000000000001 0 0 0 0 0.2 3.8000000000000003 0.2 3.2 0 0.4 0 0.2 4 3.8000000000000003 4.800000000000001 0 1.2000000000000002 2 0 0.6000000000000001 4.6000000000000005 0 3.6 0 2 0 0 0 0 0 5.4 3.4000000000000004 0 0 0 1.6 3 1.6 0 0 0 2 0 0 0 0 0 0 0 0 0 0 0 0 0 0 0 0 0 0 0.2 0.2 0 0 0 0 0 0 3.2 0 2.6 0 0.2 0 0 0 0 0 0 0 0 0 0 9 3.8000000000000003 0.2 0 0 4.800000000000001 2.6 4 0 1.6 0 1.2000000000000002 0 3.8000000000000003 4 0 0.8 0.6000000000000001 0 6 5.6000000000000005 0.2 0 0 0 0 5.4 4 0 0 0 0 0 3 2.2 4 0 0 6 4.2 5.2 0 0 0 0 0 0 0 0 0 0 0 0 0 0 0 0 2.4000000000000004 0 0 0 0.4 0 0 0 0 0 0 0 0 0 0 0 0 0 0 0 0 0 0 0 0.2 0 0 0 0.6000000000000001 0.2 0 17.8 0 0 1.8 0 0 0 0 0 0 0 0 0 0 0 0 0 0 0 0 0 0 0 0 0 0 0 0 0 0 0 0 0 0 0 0 0 0 0 0 0 0 
 14.8 22.8 40 85 16 9.8 8.6 35.4 36.6 49.400000000000006 8 16.2 5.800000000000001 45.800000000000004 31.200000000000003 7 43.800000000000004 0 15.200000000000001 10.600000000000001 0.6000000000000001 0.4 0 0 0.8 0.4 15 0.8 41.2 0 0.8 0 0 0 0.6000000000000001 1.2000000000000002 42.2 0 0 0 0 0 0.2 0.8 0 0 0.6000000000000001 0 1.2000000000000002 1.4000000000000001 0 0 0 0.6000000000000001 1.2000000000000002 1 0.6000000000000001 0 0 0 0.4 1.2000000000000002 1.8 0 0 0 0 1.2000000000000002 1 0.8 0 0.8 0.4 0.8 0.8 0 0 0 0 0.4 0 3 3 2.2 4 5.4 0.2 2 7 2.4000000000000004 9.200000000000001 0 1.2000000000000002 4.2 2 2.6 0.6000000000000001 0.6000000000000001 0 2.4000000000000004 0 0 0 0 0 0 0 0.2 0.6000000000000001 0 0 0 0.4 0.2 0 0 0 0 0 4.2 0 0 0 0 0.4 0 0 0 0 0 0 0 0 0 0.6000000000000001 0 0 0 0 0 0 0 0 0 2.2 3.4000000000000004 0.2 0 0 0 0 0.2 0 0 0 0 0 0 0 0 3.4000000000000004 2.6 2.8000000000000003 0 3.4000000000000004 6.2 3 17 4 0 0 0.2 0 3.6 2.2 0 2.8000000000000003 9 0 7.2 0 0 0 0 0 0 11 0.2 0 0 0 0 4.6000000000000005 2 0 1.2000000000000002 0 0 1.2000000000000002 0.2 0 0 0.2 0 0 0 0 0 0 7.4 0.2 0 0 0 0 0 0 0 0.2 0 0 0 0 0 0 0 0 0 0 0 0 0 0 0 0 0 1.6 0 0 0 0 0 0 0 0 0.8 0.4 0 0.2 0.6000000000000001 0.6000000000000001 1.8 0 0 0 0 0 0 0 0 0 0 0 0 0 0 0 0 0 0 0 0 0 0 0 0 1.2000000000000002 0 0 0 0 0 0 0 0 0 0 0 0 0 
 71 20.400000000000002 40.800000000000004 37.800000000000004 13 10 64.8 33.800000000000004 76 31.200000000000003 21.8 8.6 63.6 55.6 61.800000000000004 9.600000000000001 9.600000000000001 15.200000000000001 0 65.8 1.2000000000000002 0.4 0 0 0 0 1 2.2 0.2 0 0 0 0.6000000000000001 0.6000000000000001 1.2000000000000002 1.4000000000000001 0 0.6000000000000001 0 0.2 0 1.2000000000000002 0 0 0.4 0.2 1.8 2.4000000000000004 0 0 0 0 0 14.8 0 0 1.2000000000000002 0 0 0.6000000000000001 0.4 0 1.4000000000000001 0.2 0.8 0 0.4 0 1.4000000000000001 0.4 0.4 0.8 0.6000000000000001 0.4 0.6000000000000001 10.200000000000001 1 1.4000000000000001 0 0 0.8 3 6.6000000000000005 2.4000000000000004 2.2 0 6.800000000000001 2 3 1.4000000000000001 6.800000000000001 0.2 4.6000000000000005 1.4000000000000001 3.8000000000000003 0 0 0.2 5.2 0 0 0 0 0 0 0 0 0 0 0 0 0 0 0 0 0 2 0 0 0 0 0 1.2000000000000002 0 0.4 0 2.4000000000000004 0 0 0 0 0 0 0 0 0 0.4 0 0 0 0 0 1.8 0 0 0 0 0 0 0 0 0 0 0 0 0.4 0 0 0 3.4000000000000004 2.8000000000000003 6.6000000000000005 0 2.4000000000000004 0 0 6.4 11.600000000000001 0 2 0 3.6 2.8000000000000003 13 15.600000000000001 2 0 0 0 3.4000000000000004 0 0 0 0 0 0 0 0 1.4000000000000001 0 0 0 0 0 0 0 0 0 0.8 0 0 0.4 0 0 0 0 0 0 0 0 0 0 0 0 0 0 0 0 0 0 0 0 0 0 0 0 0 0 0 0 0 0.2 0 0 0 0 0 0 0 0 0 0 0 0 0 0.2 18 0.2 0 0 0.2 7 0 0 0 0 0 0 0 0 0 0 0 0 0 0 0 0 0 0 0 0 0 0 0 0 0 0 0 0 0 0 0 0 0 0 0 0 0 0 
 48.2 28 24 25.200000000000003 17 12.200000000000001 82.4 21.8 30.8 39 13.8 9 27.400000000000002 38.400000000000006 69.8 13.8 9.4 10.600000000000001 65.8 0 0 0.4 0 0 0 0.2 0 0.6000000000000001 0 0 0 0 0 0 0.6000000000000001 0.6000000000000001 0 0 0 0.2 0 0 0 0 0 0.2 11 0 0 0 0 0 0 0.6000000000000001 0 0 0.6000000000000001 0 0 0 0.4 0 0.6000000000000001 0 0 0 0 0 0 0 0 0 3.6 0 0.6000000000000001 0 0 0 0 0 4.800000000000001 0.2 7.800000000000001 2 0.2 0 1.6 2.8000000000000003 0.6000000000000001 10.200000000000001 4 3.2 0 5 0 8 1.8 9.4 0 0 0 0 0 0 0 0 2.6 0 0.2 0 0 0 0.2 0 0 0 0 0 0 0 0 0 0 0 0 0 0 0 0 0 0 0 0 0 0 0 0 0.2 0 0 0 5.2 0 0 0 0 0 0 0 0 0 4 0 0 0 0 0 0 0 0 7.2 0 4 0 0 0 0 5.6000000000000005 0 0.2 0.8 0 1.6 2.6 2.8000000000000003 0.2 0 0 2.4000000000000004 0.2 0 0.2 0 0 0 0 0 0 0 0 0 0 0 0 0 0 0 0 0 0 0 0 0 0 0 0 0 0 0 0 0 0 0 0 0 0 0 0 0 0 0 0 0 0 0 0 0 0 0 0 0 0 0 0 0 0 5 0 0 0 0 1.8 0 0 0 0.4 0.4 0 0 18.400000000000002 0.6000000000000001 1 0 0.4 0 0 0 0 0 0 0 0 0.2 0 0 0 0 0 0 0 0 0 0 4 0 0 2.2 0 0 0 0 0 0 0 0 0 0 0 0 0 
 0 0 0 0 0 0.2 0 0 0 0 0 0 0 0 0 1 0 0.6000000000000001 1.2000000000000002 0 0 41.800000000000004 49.400000000000006 43.800000000000004 10.4 13.600000000000001 45 22.400000000000002 37.800000000000004 39.2 5.800000000000001 64.4 37.6 27.6 22.200000000000003 5.2 3.4000000000000004 23.400000000000002 23.8 24.200000000000003 0 0.6000000000000001 0.4 0.4 0 0 0 0 0 0.8 0.4 0 0.4 0 0 0.2 0 0.4 0.4 0 0 0.4 0 0 0 0 0.4 0 0 1 0.6000000000000001 0.6000000000000001 0 0 0 0 0.6000000000000001 0 0 0 0 0 0 0 0 4.6000000000000005 0 0 0.4 0.2 0 0 0 0 1.8 0 0 0 0.2 0 0.2 7 9.600000000000001 5.800000000000001 3.8000000000000003 0 2 0.2 0 5.2 0 4.4 2.4000000000000004 3.2 5.2 2.4000000000000004 0 7.4 0 0 0 0 0 0 0 0 0.2 0 0 0 0 0 2.4000000000000004 0 0 0.4 0 0 0 0 0 0 0 0 0 0 0 1.4000000000000001 0.4 0.2 0 0 0 0 0 0 0 0 0 0 0 0 0.2 0 2 2.8000000000000003 0 0 0 0 2.4000000000000004 0 0 0 0 0 0.2 0.6000000000000001 0 0 5.2 2.2 2.4000000000000004 2.4000000000000004 0.4 0 0 6.4 3.2 3.4000000000000004 0 2.4000000000000004 0 0 3 3.6 5.2 8.8 0 0 0 0 0 0 0 0 2.4000000000000004 0 0 0 0 0 0 0.2 0 0 0 0 0 0 0 0.6000000000000001 0 0 0 0 0 0 0 0 0.2 0 0 0 0 0 0 0 0 0 0 0 0 0 0 0 0 0 0 0 0 0 0.2 0 3.6 0 0 0 28.6 0.2 0.6000000000000001 0.2 0 0 0 0 0 0 0 0 0 0 0 0 0 0 0 0 0 0 0 3.6 0 0 0 0 0 0 0 0 
 0.4 0.4 0.4 0.4 0.4 0.8 0.8 0.4 0.4 0.4 1 0.4 0.4 0.8 0.4 0.4 0.4 0.4 0.4 0.4 41.800000000000004 0 33.800000000000004 16.6 10.8 21.400000000000002 16.2 35.6 44.400000000000006 27.8 35.800000000000004 7.800000000000001 78 21.400000000000002 11.4 26.200000000000003 9.600000000000001 24.6 32.4 19.8 0 0.6000000000000001 0.4 0.4 0 0 0.6000000000000001 0 0 0.4 0.4 0 12.8 0 0 0 0 0 0.4 1 0 0.4 8.4 0 0 0 0.4 0 0.6000000000000001 0 0 0.6000000000000001 0 0 0 0 0.6000000000000001 5.800000000000001 0 0 0 0 0 0 0 1.6 0 0 0 0 0 0 0 0 0 0 0 0 0 0 1.4000000000000001 2.8000000000000003 7.2 2.8000000000000003 0 1.8 2 2.2 5.2 1.6 0 5.2 1.8 0 4.2 3 10 2.4000000000000004 0 2.8000000000000003 4.4 5.2 0 0 0 0 1.8 0 0 0 0 0 4.2 0 3 0.2 0 0 5.800000000000001 0 0 0 0 0 0 0.4 0 0 0 0 0 0 0 0 0 0 0 0 0 0 0 0 0 0 5.800000000000001 0 0.2 0 0 0 3.8000000000000003 0 0.2 0.8 0 0 0 0 0 0 1.4000000000000001 1.6 5.800000000000001 1.4000000000000001 1.2000000000000002 0 3.2 1.4000000000000001 3.4000000000000004 2.8000000000000003 2 3.8000000000000003 2 0 0 6.2 2.2 1.8 0 0 4.6000000000000005 0 0 0 0 0 1.6 2.4000000000000004 0 0 0 0 0 0 0 0.2 0 0 1.4000000000000001 0 0 0 0.4 0 0 0 0 0 3.2 0 0 0 0 0 0 0 0 0 0 0.4 0 0 0 0 0 0 0 0 0 0 0 0 0 0 1.4000000000000001 0 0.8 3 0 0 2 0 0 0 0 0 0 0 0 0 0 0 0 0 0 0 0 0 0 0 0 2.2 0 0 0 0 0 0 0 0 
 0 0.4 0 0.4 0 16 0 0 0 0 1.6 15.600000000000001 0 0 0.2 0 0 0 0 0 49.400000000000006 33.800000000000004 0 26 8.6 5.6000000000000005 19.6 32.4 14.8 15.4 7 51.2 69.4 96.4 27 7.4 7.6000000000000005 9.8 26.8 39 0 0.6000000000000001 0.4 0.4 0 0 0 0 0 0.4 1 0 0.4 14.200000000000001 0.4 0 0 0 0.4 0 0 0.4 0 0 0 0 0.6000000000000001 0 0 11.8 0 0.4 0 0 0 0 0.4 0 0 0 0 0 0 0 0 7.4 0 0 0 0.2 0 0 0 0 0 0 0 0 0 0 4.6000000000000005 7.6000000000000005 0.4 2.4000000000000004 1.8 1.4000000000000001 1.4000000000000001 4.6000000000000005 1.6 6.2 2.4000000000000004 1.4000000000000001 1.2000000000000002 1.4000000000000001 3.4000000000000004 2.8000000000000003 1.8 2.6 2.4000000000000004 16.2 2.4000000000000004 0 0 0 0 0 2.2 0 3.2 4.2 0 0.2 0 2.8000000000000003 0 0 0 2.2 0 0 0 0 0 0 0 0 0 0 0 0.4 0 0 0 0 0 0 0 0 0 0.2 0 1.8 0 0 0 0 0 0 0 0.2 0 0 0 2.4000000000000004 0 0 0 0 0.2 0 10.200000000000001 5.6000000000000005 0 5.800000000000001 4.2 0 0 2.4000000000000004 7.6000000000000005 7.800000000000001 4.800000000000001 2.4000000000000004 11.600000000000001 0 0.2 0 2.4000000000000004 4.4 0 3 3.4000000000000004 1.4000000000000001 0 0.2 0.2 0 0 0 0 0 0 0 0 0 0 0 0 1.4000000000000001 2.8000000000000003 0 0 0 0 0.2 0 0 0 0 0 0 0 0 0 0.2 0 0 0 0 0 0 0 0 0 0 0 0 0 0 0 0 0 0 0 0 1.6 0.4 0 0.2 3 0 0.4 0 0 0 0 0 0 0 0 0 0 0 0 0 0 0 0 0 0 4 0 2.6 0 0 0 0.2 2.4000000000000004 0 0 0 
 0 0 0 0 0 0 0 0 0 0 0 0 0.8 0 0 0 0 0 0 0 43.800000000000004 16.6 26 0 21.8 22.400000000000002 19.400000000000002 25 31 52.800000000000004 23.8 47.800000000000004 27 17.8 12.600000000000001 14.200000000000001 6.4 24.400000000000002 21.400000000000002 27.200000000000003 6.2 0.6000000000000001 0.4 0.4 0 0 12.8 0 0 0.4 0.8 0 14 12.200000000000001 0 0 0 0 12.8 0 0 0.4 0 0 0 0 0.4 0 0 0.6000000000000001 0 0.6000000000000001 0 0 0 0 1.2000000000000002 5 0 0 0 0 0 0 0 0 0 0.2 0 0 0 0 0 0 0 0 0 0 0 0 1.4000000000000001 5.4 0.4 0.4 3.8000000000000003 0 0.2 2 0 3.4000000000000004 0.6000000000000001 0.2 0 1.8 5.2 0 0 9 0 0 6.6000000000000005 0 0 0 0 0 1.4000000000000001 0.4 1.8 2.2 0 0 7 0 2.8000000000000003 0 0 0 2.2 0 0 0 0 0 0 0 0 0 0 0 0 0.2 0 0 0 0 0 0 0 0 0 1.4000000000000001 0 0 0 0 0 0 0 0 0.4 0 0 0 0 0 0 0 0 0 5.2 2.2 0 0 8.4 3 0 4.6000000000000005 2 14.200000000000001 6.2 10.4 0 0 0 2.2 6.800000000000001 2.4000000000000004 0 0 0 9.200000000000001 0 0 0 0 7.4 4 7.4 1.4000000000000001 0 0 0 0 0 3.6 0.2 2 3.8000000000000003 3.8000000000000003 0.2 0 0 0 0 0 0 0 0 0 0 0 0 0 0 0 0.2 0 0 0 0 0 0 0 0 0 0 0 0 0.2 0 0 0.2 0 3.8000000000000003 0 0.4 0 0.6000000000000001 0 0 0 0 0 0 0 0 0 0 0 0 0 0 0 0 0 0 0 0 3.8000000000000003 0 4 0 0 0 4.6000000000000005 2 1 0 0 
 0 0.4 1 0 0 0 0 0 0 41.6 0 0.4 0 0 0 0 0 0.8 0 0 10.4 10.8 8.6 21.8 0 16.400000000000002 9 60.800000000000004 37.800000000000004 30.6 28 26.8 20.200000000000003 17.6 12.200000000000001 18 32.4 26 59 60.400000000000006 22.400000000000002 13.4 0.4 0.4 0.2 0 0.4 0 0 0.4 1 0 12.600000000000001 12.600000000000001 3.8000000000000003 0 0 0.8 4 10.8 0 0.4 0 0 1.2000000000000002 0 0.6000000000000001 0 0 0 0 0.8 0 0 0 0 0.4 0.8 0 0 0 0 0 0 0 0 0 0 0 0 0 0 0 0 0 0 0 0 0 0 0 2.4000000000000004 1.6 5.800000000000001 0 1.6 0 0 0.2 0 0.2 0.2 0 7.4 0 3 1.8 0 0 0 7.4 4.6000000000000005 2 1.6 0 0 0.2 0.2 5 1.6 3.6 0 2.2 4.6000000000000005 1.8 0 0.2 2 2.8000000000000003 6.2 0 0 0 0 0 0 0 5 0 0 0 0 0 0.2 0.2 0 0 0 0 0 0 0 0 0 0.2 0 0 0 0 0 0 0 0 0 0 0 0 1 0 0 0 0 1.4000000000000001 1.8 0 4.6000000000000005 0 0.2 0 0 2.4000000000000004 6 0 0 2.6 2.2 0 0 0 0 2.6 1.8 1.6 0 0 0 2.4000000000000004 2.2 2.2 2.6 0 0 2 0.2 4 4.4 2.2 3.6 5.2 2.2 0 0 0 0 0 0.4 0.4 0 0 0 0 0 0 0 0 0 0 0 0 0 0 0 4.6000000000000005 0 0 0 0 0 0 0 0 0 0 0 3.2 0.4 0.8 7 9.600000000000001 0.6000000000000001 0.4 0.6000000000000001 0 0 0 0 0.2 0 0 0 0 0 12.600000000000001 0 0 0 0 0 0 0 0 0 0 0 0 0 0 0 0 0 
 0.4 0.4 0.8 0 0 0 0 1 0 0.4 0 0.6000000000000001 0 0.4 0 0 0.6000000000000001 0.4 0 0.2 13.600000000000001 21.400000000000002 5.6000000000000005 22.400000000000002 16.400000000000002 0 6.800000000000001 6.800000000000001 14.200000000000001 80.60000000000001 16 28.8 8.8 51.400000000000006 6.4 21.400000000000002 25.200000000000003 12.8 5.800000000000001 19.6 0.4 18.6 0.4 0.4 0.4 0 0.4 0 4.6000000000000005 0.4 0.6000000000000001 0 0.4 13 0 0 7.2 0.2 0.4 0.2 0 0.4 0 0 0 0 0.6000000000000001 1 0 0 0 0.6000000000000001 0 0 0 0 0.4 0.2 0 0 0 0 0 0 0 0.4 0 0 0 0 0 0 0 0 0 0 0 0 0 0 0.2 3.4000000000000004 5.4 3.6 5.4 2.8000000000000003 3.6 0 3 2.4000000000000004 0 2 0.2 0 0 0 11.600000000000001 0 0 0 0.2 0 5.4 4.4 0 0 0 2.4000000000000004 2.6 1.4000000000000001 0 2.6 2.4000000000000004 0 3.6 0 0 7.4 2.2 1.8 0 0 0 0 0 0 0 0 0 0 0 0 0 0.6000000000000001 0 0 0.8 0 0 0 0 2.2 0 0 0 0 0 0 0 0 0 0 0 0 0 0 0 0 0 0 0 2 0.8 9 0.8 1.6 0 2.8000000000000003 5 2.6 0 0.8 0 5.800000000000001 2.2 3.8000000000000003 0 3.8000000000000003 0 0 1.8 0 0 0 0 0 0 2.4000000000000004 2.4000000000000004 2 2.4000000000000004 9.8 0 4.800000000000001 4.2 1.8 0 0 1.6 0 0 0 0 0 0 0 0 0 0 0 0 0 0 0 0 0 0 0 0 0 0 0 0 0 0 0 0 0 0 0.2 0 0 0 0 2.8000000000000003 0 0 14.8 0 0 16 0.2 0 0 0 0 0.4 0 0 0 0 0 1 0 0 0 0 0 0 0 0 0 0 0 0 0 0 0 0 0 
 0 0 0 0 17.400000000000002 15.8 0 0 15 0 15.600000000000001 0.4 0 0 0 0 7.4 15 1 0 45 16.2 19.6 19.400000000000002 9 6.800000000000001 0 51.800000000000004 35 10.600000000000001 9.200000000000001 96 60.400000000000006 10.4 23.200000000000003 59.2 37.4 20.200000000000003 31 58.2 0 0.6000000000000001 0.4 0.4 0.6000000000000001 1 0 0 0 0.8 2.2 0.4 0.8 0 0 0 0 0.2 0.4 0 0 0.4 0 0 0 10.8 0.6000000000000001 0 0 1.2000000000000002 2 0.6000000000000001 0 0 0 0.6000000000000001 0.4 0 0 0 0 0 0 0 4.4 1.8 0 0 0 0.2 0 0.4 0 0 0 0 0 0 0 0 2.2 0 0 2.2 0 0 0 2.2 1.4000000000000001 2.2 0 1.8 7.800000000000001 6 9 6 2 3 5.6000000000000005 4 0 3.6 0 0 0 0 0 0 0 0 0.2 3 0 0 0 0 0 0 0 0 0 0 0 0 0.4 4.800000000000001 0 0 0 0 0 0 0 0 0 0 0 0 0 0 0 0 0 0.2 0 0 0.4 0 0 0 0 0 0 0 0 0 0 0 0 1 5 3 0 0 2.6 0 5.4 6.800000000000001 0 3.8000000000000003 2.6 0 2 3.8000000000000003 1.6 3.6 1.6 4.800000000000001 4.800000000000001 0 0 0 0 0 0 0 0 0 0 0 0 0 0 0 0.4 0 0 0 0 0 0 0 0 0 0 0 0 0.2 0.4 0.2 0 0 0 0 0 0 0 0 0 0 0 0 0 0 0 0 0 0 4.800000000000001 0 0 0 0.2 0 1.8 0 0 0 8.6 0 0 0 0 0 0 0 0 0 0 0 0 0 0 0 0 0.2 0 0 0 0 0 5.4 0 0 0 0 0 0 0 0 
 0.4 0.6000000000000001 0.6000000000000001 0.4 15.600000000000001 1.4000000000000001 0.4 0.6000000000000001 0.8 0.6000000000000001 15.200000000000001 0.6000000000000001 13.200000000000001 0.4 0.4 0.4 1 0.8 2.2 0.6000000000000001 22.400000000000002 35.6 32.4 25 60.800000000000004 6.800000000000001 51.800000000000004 0 49.800000000000004 68.8 6.800000000000001 8 40.6 67 49 14.200000000000001 3.6 8.6 14.600000000000001 34 0 0.6000000000000001 0.4 0.4 0 0 0 0 0 0.4 0.4 0 0.4 0 0 0 0 0 0.4 0 0 0.4 0 0 0 0 0.4 0 0 0 0.8 0.6000000000000001 0 0 0 0 0.6000000000000001 8 0 0 0 0 0 0 8.4 4.2 0 0 0.4 0.6000000000000001 0 0 0 0 0 0 0 0 0 0 4 7.800000000000001 3.2 4.6000000000000005 0 0 3.2 0 3 1.4000000000000001 0.2 0 0 3.2 0 11.200000000000001 0 4.2 0 0 0 0 0 0 0 0 0.2 0 0 0 0 0 0 0 0 0 0 0 0 0 0 0 0.4 0.2 0.2 0 0 0.6000000000000001 0.4 1.4000000000000001 0 0.2 0 0 0 0 0 0 0 0 0 0.2 0.2 0 1.4000000000000001 4.800000000000001 0 0 0 0 2 0 2.2 0 0 0 0.4 1 0 0 3.4000000000000004 2 4.6000000000000005 6.6000000000000005 0 0.2 0 0 4.800000000000001 0 1.6 0 0 0 5.6000000000000005 4.4 2.4000000000000004 4.2 2.2 0 0 0 0 0 0 0 0 0 0 0 0 0 0 0.2 0 0 0 0 0 0 0 0 0 0.2 0.4 0 0 0 0 0 0.6000000000000001 0 0 0 0 0 0 0 0 0 0 0 0 0 0 0 0.2 0 0 0 0 0 1.8 0 3 0 0 0 8 0 1.2000000000000002 0.4 0 0 0 0 0 0 0 0 0.4 0 0 0 0 2.4000000000000004 0 0 0 0 0 2 0 0 0 0 0 0 0 0.2 
 0 0 0 0 0 0.6000000000000001 0 0 0 0 0 0 0 0 0 0 0 41.2 0.2 0 37.800000000000004 44.400000000000006 14.8 31 37.800000000000004 14.200000000000001 35 49.800000000000004 0 40.800000000000004 23.200000000000003 22 50.800000000000004 38.400000000000006 50.800000000000004 41.800000000000004 19.6 9.4 17.2 48.800000000000004 0 0.6000000000000001 0.4 0.4 0 0 0 0 0 0.4 0.4 0 12.8 0 0 0 0 0 0.4 0 0 0.4 0 0 0 0 0.4 0 0 0.8 5.4 0.6000000000000001 0 0 0 0 0.6000000000000001 0 0 0 0 0 0 0 0 8.8 0 0 0 0 0 0 0 0.4 0 0 0 0 0 0 2 1.6 5.800000000000001 7.4 6.2 4.800000000000001 1.8 2.2 6.4 1.2000000000000002 0 2.8000000000000003 1.8 9.200000000000001 1.8 2 6.4 1.8 0 2.4000000000000004 1.4000000000000001 0 0 0 0 0 0 1.8 0 0 0 0 4 0 0 2.4000000000000004 0 0 2.2 0.2 0 0 0 1.8 0 7 0 0 0 0 0 0 0 0 7 0 0.2 0 0 0 0 0 0 0 1.6 0 0 0 0 0 2 0 0 0 0 0 0 2 0 0 3.2 0.2 2.4000000000000004 2.6 3.6 2.2 1.4000000000000001 7 2.4000000000000004 0 0 3.4000000000000004 2.6 0 2.6 0 2.8000000000000003 3 2 0 0 0.4 0 0 0 0 0 0 0 0 0 0 1.8 0 0 0 0 0 0.2 1.8 0 0 0 0 0 0 0 0 0 0 0 0 0 0 0 0 0 0.2 0 0 0 0 0 0 0 0 0 0 0 0 0 0 3.6 0 1 0.4 0.4 0.2 15.4 0 0.2 0.4 0 0 0 0 0 0 0 0 0 0 0 0 0 0 0 0 0 0 0 2 0 0 0 0 0 0 0 0 
 0 0 0 0 1.8 0 0 0 0 0 0 0.6000000000000001 1.4000000000000001 0 0 0 0.6000000000000001 0 0 0 39.2 27.8 15.4 52.800000000000004 30.6 80.60000000000001 10.600000000000001 68.8 40.800000000000004 0 33.6 24.400000000000002 26 87.2 17.8 33.800000000000004 22.8 23.6 35 31 0 0.4 0.4 0.4 0 0 0 0 0 0.2 0.6000000000000001 0 0.6000000000000001 10.4 0 0 0 0 0.2 0 0 0.4 9.8 0 0 0 0.4 0 0 1 0 0.6000000000000001 0 0 0 0 0.6000000000000001 0 0 0 0 0 0 0 0 0 0 0 0 0 0 0 0 0 0 0 0 0 0 0 4.6000000000000005 10.600000000000001 5.800000000000001 10.600000000000001 5.2 1.6 1.2000000000000002 2 8.4 3.6 2.2 1 0 0 5.4 3.6 6 7.4 0 0 0 0 0 0 0 0 0 2.6 0 0 0 0 4.6000000000000005 0 1.4000000000000001 0 0 0 2 0 0 0 0 0 0.6000000000000001 0 0 0.4 0 0 0 0 0 0 0.2 0 6.800000000000001 0 0 0 0 0 0 0 0 0 0 0 0 0 0 0.2 0 0 0.4 0.2 0 0 0 0 6.4 0.4 0 0 9.8 0 0 4.800000000000001 2 5.4 6.4 1 0 0 2.4000000000000004 7.2 2.2 0.2 0 0 0 0 0 0 0 0 1.8 0 0 0.4 0 0 0 0 0 0 0 0 0 0 0 0 0 0 0 0.4 0 0 0 0 0 0 0 0 0 0 0 0 0 0 0 0 0 0 0 0.2 0 0 0 0 0 0.2 0 0 2.4000000000000004 0 0 0.4 15.4 0.4 3.8000000000000003 6.6000000000000005 0 0 0 0 0 0 0 0 0 0 0 0 0 0 0 0 0 2.4000000000000004 0 0 0 0 0 2 5.6000000000000005 0 0 0 
 0 0 0 0 0 0 0 0 0 0 0 0.6000000000000001 0 0.8 0.4 0.2 0 0.8 0 0 5.800000000000001 35.800000000000004 7 23.8 28 16 9.200000000000001 6.800000000000001 23.200000000000003 33.6 0 42.400000000000006 7.800000000000001 25.400000000000002 10 20.200000000000003 27.400000000000002 10.4 9.8 11.4 12.600000000000001 0.4 0.4 0.4 0 0 6.4 0 0 0.2 14.4 0 28.400000000000002 24.8 1.8 0 0.8 0 1 0 0 0.4 0 0 0 5.2 0.4 0 0 0 0 0.6000000000000001 0 0 0 0 0.6000000000000001 0.4 0 0 0 0 0 0 0 0.2 0 0 0 0.4 0 0 0 0 0 0.4 0 0 0 0 0.8 7.6000000000000005 1.8 0 7.2 3.8000000000000003 0 2.6 11.8 0 2.2 2.4000000000000004 0 0.2 0 3.8000000000000003 7.2 0 0.2 0 5.2 0 2 0 0 0 0 2 2 2.4000000000000004 0.2 0 3 0 2.8000000000000003 3.8000000000000003 0 0 3 0.2 0 0 0 0 0 0 0 0 0 0 0 0 0.2 0.2 0 0 0 0 0.2 0 0 0 0 0 0 0 0 0 0 0 0 0 0 0.6000000000000001 0 0 0 0 0 0 1 0 2.4000000000000004 0.2 2.6 8.8 0 2.8000000000000003 0 3 0 8.200000000000001 0 0 0 0 0 0 0 0 0 6.6000000000000005 0 0 0 0 3.4000000000000004 5.800000000000001 4.6000000000000005 4.4 0 0 2.6 0 0.8 3 0.2 2.6 7.4 8.4 0 0 0 0 0 0 0 0 0 0 0 0 0 0.4 0 0 0 0 0 0 0 0 0 0 0 0 0 0 0 0 0 0 0 0 2.6 0.4 0 0.2 0.6000000000000001 0 0.8 0 0 0 0 0 4.4 0 0 0 0 0 0 0 0 0 0 0 0 0 0 0 0 0 0 0 0 0 0 0 
 0 0.4 0.6000000000000001 0 0 0 0.4 0 0 0 0 0.6000000000000001 0.4 0.4 0.2 0.6000000000000001 0.6000000000000001 0 0 0 64.4 7.800000000000001 51.2 47.800000000000004 26.8 28.8 96 8 22 24.400000000000002 42.400000000000006 0 19.400000000000002 7.2 6.800000000000001 26.200000000000003 24.400000000000002 18.6 10.200000000000001 10.200000000000001 13 15.4 0.4 0.4 0 0 16.6 13.200000000000001 0 0.4 0.8 0 37 0 0 0 0 0 14.4 0 0 0.4 0 0 0 0 0.4 0 1.4000000000000001 10 0 5.800000000000001 0 0 0 0 0.6000000000000001 0 10.600000000000001 0 0 0 0 0 0 0 0 0 0 0 0 0 0 0 0 0 0 0 0 0 0 2.2 3.6 2.6 7.800000000000001 0 0 0 0.2 0.2 0 1.8 0 1.8 0.2 3.2 6.2 0.2 0 0 6.2 1.4000000000000001 0 0 0 0 3.2 6 0 4 0 0 2.2 0 7.6000000000000005 2.4000000000000004 1.8 3.4000000000000004 10 1.8 0 0 0.4 0 0 0 0 0 0 0 0 0 0 0 0 0 0 1.6 0.6000000000000001 0 0 0.4 0.8 0 0 0 0 0 0 0 0 0 0 0 0 0.4 1 0 0 0 3.4000000000000004 1.4000000000000001 4 0 7.800000000000001 3 0 1.6 0 0.2 0 1.4000000000000001 0 0.2 0 0 2.4000000000000004 2 0 0 1.8 1.6 0.8 0 0 0 3.8000000000000003 5 3.8000000000000003 5.4 0.2 0 5.2 0 0 4.4 0 0 2.6 4 0 0 0 0 0 0 0 0 0 0 0 0 4.2 0 0 0 0 0 0 0 0 0 0 0 0 0 0 0 0 0 0 0 0 0 2.4000000000000004 0.4 0.4 0.2 0.8 0.4 0 0 0 0 0 0 0 0 0 0 0 0 0 5.6000000000000005 0 0 0 0 0 0 0 2.8000000000000003 0 0 0 0 0 0 0 0 
