 0 44 121 52.800000000000004 4.2 50.6 100 93.2 18 73.4 28.8 6.800000000000001 48 68 37 68.8 7.6000000000000005 29.8 60.6 61.800000000000004 0 0 0 0 0 0 0.4 0.2 0 0.6000000000000001 0 0 0 0 0 0 0.4 0 0 0 0 0.6000000000000001 0 0 0 0 0.4 0 0 0 0.6000000000000001 0.6000000000000001 0.6000000000000001 0 0 0 0 0 0.4 0.4 0.4 0 0 0 0.2 0.4 0 6.2 0 0 0 0 0.4 0 0.6000000000000001 0 0 0 0 0 0 7 2 1.8 2.2 0.4 7.6000000000000005 8 11.4 2.8000000000000003 0 0 1.8 2.6 0.2 0 2.2 5.2 5 4.2 0 0 0 0 0 0 0 0 0 0 0 0 0.4 0.8 0 0 0 0 2.4000000000000004 0 0 0 0 0 0 0 0 0.4 0 0 0 0 0 0 0 0 0 0 0 0 0 0 0 0 0 0 0.6000000000000001 0 3.4000000000000004 0 0 0 0 0 0 0 0 0 0 0 2.8000000000000003 6.4 4 0 0.8 0 2.6 5.6000000000000005 4.800000000000001 2 0 0 0 5.4 14.600000000000001 5.2 2.8000000000000003 0 0 7.4 0 0 0 0 0 0 0 0 0 0 0 0 1.8 0 0 0.4 0 0 0 0 0 0 0 0 0.2 0 0 0 0 0 0 0 0 0 0 0 0 0 0 0 0 0.4 0 0 0 0 0 0 0 0 0 0 0.4 2 0 0 0 0 0 0 0 0.2 0 0 0 0.4 0 0 0 0 0.4 0.8 0 0 0 0 0 0 0 0 0 0 0 0 0 0 0 0 0 0 0 0 0 0 0 0 0 1 0 0 0 0 0 0 0 0 0 0 0 0 
 44 0 35.6 28.8 7.6000000000000005 7.2 53.2 70.8 64.8 6.6000000000000005 10.200000000000001 6.2 19.200000000000003 26.200000000000003 168.8 28.400000000000002 65.8 41.6 28 54 0.2 0 0 0.2 0 0 0 0.2 0 0.6000000000000001 0 0 0 0.4 0 0.4 0.4 0.2 0 0 0 0.6000000000000001 0 0.4 0.6000000000000001 0 0.4 0 0 0 0.6000000000000001 0.6000000000000001 0.6000000000000001 0 0 0 0.8 0 0.4 0.4 1.2000000000000002 0 0 0 0 0.4 0 0 0 0 0 0 0.2 0 0.6000000000000001 0 0 0 0 0 16.400000000000002 3 7.800000000000001 4.800000000000001 2 0 0 5 0.4 3.4000000000000004 0.2 0 2.4000000000000004 4 4.2 2.6 3.4000000000000004 0 0 0 2.8000000000000003 0 1.6 0 0 8.6 0 0 0 0 0 0 0.2 0 0 0 0 0 0 0 0 0 0 0 0 0 0 0 0 0 0 0 0 0 0 0 0 0 0 0 0 0 0 0 0 0 0 0 0 0 0 1.8 3 0.2 0 0 0 2 0 0 2 2.4000000000000004 3.6 2.4000000000000004 0.6000000000000001 0 0 2.6 0 3.8000000000000003 8.200000000000001 0 0 3 0.4 3.4000000000000004 0 0 1.6 7.800000000000001 0 0 0 0 0 0 0 0 0 0 0 0 2.6 0 0 0.2 0 0 0 0 0 0 0 0 0.4 0.4 0 0 0 0 0 0 0 0 0 0 0 0 0.4 0 0 0 0 0 0 0 0 0 0 0 0.2 0 0.2 0 0 0 0 0.2 0 0 0 0.4 0 0 0 0 0.4 0 0 0.2 0 1.2000000000000002 2.6 0 0 0 0 0 0 0 0 0 0 0 0 0 0 0 0 0 0 0 0 0 0 3 0 0.4 0 0 0 0 0 0 0 0 0 0 0 0 
 121 35.6 0 40.2 7.2 21 44.800000000000004 19.8 98.80000000000001 26.6 36.2 8.4 78.60000000000001 93.60000000000001 40 128.4 17 10.4 36.2 76.60000000000001 0 0 0 0.2 0 0 0 0 14.8 0.6000000000000001 0 0 0 0.2 0 0 0.4 0 0 0 0 0.6000000000000001 0 0.4 0 0 0.6000000000000001 0 0 0 0.6000000000000001 0.6000000000000001 0.6000000000000001 0.2 0 0 1.6 0 0.6000000000000001 0 0.2 0 0 0 0 0.6000000000000001 0 0 0 0.2 0 0 0 0 0.4 0 0 0.4 0 0 0 7.6000000000000005 0 6.2 2.8000000000000003 0 3 3.8000000000000003 2.2 1 6.4 0.2 0.4 3.2 0 6.4 0 3 0.2 3.6 0 0 0 0 0 0 2.8000000000000003 0 0 0 0 0 1.8 2.8000000000000003 0 0 0 0 2 0 0 0 0 0 0 0 0 0 0 0 0 0 0 0 0 0 0 0 0 0 0 0 0 0 0 0 0 0 0 0 0 0 0 0 0 0 0 0 0 0 3.2 0.4 0 4.2 1.6 0 2.8000000000000003 1 0.4 2.6 2 0 0 0 0 3.8000000000000003 1.8 5.6000000000000005 0 2 3 0 0 0 0 0 2.2 0 0 0 0 0 2.6 3.2 0 0 0 0.2 0 0 0 0 0 0 0 0 0.4 0 0 0 0 0 0 0 0 0 0 0 0 0 0 0 0 0.4 0 0 0 0 0 0.2 0 0 0 0 0 0 0 0 0 0 0 2.4000000000000004 0 0 0 0.4 19.6 0 0 18.6 1.4000000000000001 3.8000000000000003 0 0 0 0 0 0 0 0 0 0 0 0 0 0 0 0 0 0 0 0 0 0 0 3 0 2 0 0 0 0 0 0 0 0 0 0 0 0 
 52.800000000000004 28.8 40.2 0 29.6 23.400000000000002 31 17.400000000000002 35.4 50.400000000000006 69.4 32 12.600000000000001 34.800000000000004 16.6 8.8 33.6 59.6 21.400000000000002 13.600000000000001 0 15 0.4 0 1.2000000000000002 0 0 0.2 0 0.6000000000000001 0 0 15 0 0 0 0.4 0 0 19.8 0 0.6000000000000001 0 0.6000000000000001 1.2000000000000002 0 0.4 0 0 0 0.6000000000000001 0.8 1.6 0 0 0 0 0 0.4 0 0 0 1.2000000000000002 0 0 0.4 0 0 1.6 0 0 0 0.8 0 0.6000000000000001 0 0 0 0 0 4 0.4 3.2 4 1.8 0 0 0 1.6 0 3 2.6 0 2.4000000000000004 5.2 0.8 2 0.2 0 0 0 2.8000000000000003 0 0 0 0 5.6000000000000005 4.2 4 0 0 0 1 3.2 0 0 0 0 0 1.8 0 0 0 0 0 0 0.2 0 0 0.4 0 0 0 0 0 0 0 0 0 0 0.4 0 0 0 0 1.2000000000000002 0 0.6000000000000001 0 0 2.4000000000000004 0 0 0 0 0 0 0 0.8 0 2.8000000000000003 0.2 6.6000000000000005 0.2 0 0 0.4 2.8000000000000003 3 0.2 7 2.6 0 0.2 0 3.8000000000000003 0 4.2 0 0 4.4 2.2 0 3.2 0 0 0.8 6.2 0 0 0 0 4.4 2 0 2 0 0 0 0 0 0 0.4 0.4 0 0 0 0 0 0 0 0 0 0 0 0 0 0 0 0 0.4 0 0 0 0 0.4 0 0 0 0 0 0 0 0 0 0 0 0 0 0 0 0 0 0 0 3 0 0 0.2 0.2 0.4 1.6 0 0 0 0 0 0 0 0 0 0 0 0 0 0 0 0 0 0 0 0 0 0 0 0 4.4 0 0 0 0 0 0 0 0 0 0 0 0 0 
 4.2 7.6000000000000005 7.2 29.6 0 31.200000000000003 9.4 13 35 35.4 20.8 8.8 12.4 34.6 11.4 59.6 31.400000000000002 27.400000000000002 13.600000000000001 13.200000000000001 0.2 14.600000000000001 0.2 0.2 0 0 14.600000000000001 17.6 0 0.6000000000000001 7.800000000000001 0 21.200000000000003 13.8 5.800000000000001 0 16.8 0.4 18.6 16 0 0.6000000000000001 0 0 0 0 0.4 0 0.2 0 0.6000000000000001 0.6000000000000001 0.6000000000000001 0 0 0 0 0 0.4 1 0.8 0 0 0 0.4 0.6000000000000001 0 0 0 0 0 0 0 0 0.6000000000000001 0 0 0 0 0 0 0 1.6 0 0 3.6 0 0 0 0 5.2 13.8 0 0 2 2.2 3 3.4000000000000004 0 0 5.4 0 5.800000000000001 1.4000000000000001 0 0 7 6.800000000000001 0 0 0 0 7.2 0.2 0 3.8000000000000003 0 7.4 0 0.2 0 0 0 0 0 0 0 0 0 0 0 2.2 0 0 1.4000000000000001 0 1.6 0 0 0 0 0 0 0 0.4 0 0 0 0 0 0 0 0 0 0 0 0.4 0 0 0 0 0.4 5.2 0 2.4000000000000004 3.8000000000000003 1.4000000000000001 0 0 2 4 4.4 0 2.8000000000000003 0 0 2.6 0 0.2 0 4.2 0 0 3.4000000000000004 0 0.2 1.4000000000000001 0.8 4.6000000000000005 0 2.2 0 4.800000000000001 6.2 2.2 0.2 1.2000000000000002 0 6.4 7.4 2 0 0 0.4 0 0 0 0 0 0 0 0 0 0 0 0 0 0 0 0 0 0 0 0 0 0.2 0 0.2 0 0 0 0 0 0 0 0 0 0 0 0 0 0 0 0 0 1.2000000000000002 1 0 1 17.8 0 1.4000000000000001 0 0 2.6 0 0 0 0 0 0 0 0 0 0 0 2.6 0 0 0 0 0 0 0 0 3.4000000000000004 8.4 0 0 0 0 0 0 0 0 0 0 0 0 0 
 50.6 7.2 21 23.400000000000002 31.200000000000003 0 93.4 27.200000000000003 8 31 16.2 12.200000000000001 9.8 13.8 9.8 39.2 12.8 11.600000000000001 12.600000000000001 23.6 0 0 0 0 0 0 12.4 0 0 0.6000000000000001 0 0.4 17.2 0 0 0 0.6000000000000001 0 15.4 0.4 0 1.4000000000000001 0 0.4 3.8000000000000003 0 0.6000000000000001 0.2 0 0 0.4 1.4000000000000001 0.6000000000000001 0.4 0 0 0 0 0.6000000000000001 0.2 0.2 0 0 0 0 0.6000000000000001 8.200000000000001 0 0 0 0 0 0 0 0.4 0 0.2 0 0 0 0 0 0 1.8 1.8 5.2 0 0 0 3.6 11.200000000000001 7.800000000000001 0.6000000000000001 0 0 2.6 2.4000000000000004 4.2 0 0 2 0 0.2 0 0 0 3.4000000000000004 5 0 0 0 0 4.6000000000000005 3.2 0 0 0 0 6.800000000000001 4.6000000000000005 0 0 0 0 0 0 0 0 0 0 0.2 0 0 0 0 0 0 0 0 0 1 0 0.2 0 0 0.8 0 0 3 0 0 0 0.4 0 0 0 0 0 0 0 2.2 0 0 2.2 2.4000000000000004 0 0.2 1.6 1.6 9 2.2 4.6000000000000005 0 0 2.8000000000000003 0 5.2 6.4 0 0 5.4 4 0 0 0 0 4.6000000000000005 0.2 0 0 0.2 0 9.8 6.6000000000000005 0 0 0 0.8 0 6.6000000000000005 0 0 0 0 0 0 0 0 0 0 0 0 0 0 0 0 0 0 0 0 0 0 0 0 0 0 0 0 0 0 0 0 0 0 0 0 0 0 0 0 0 0 0 0 0 0.2 0 0 0.6000000000000001 19 1.4000000000000001 1.6 0 0 14.8 0 0 0 0 0 0.4 0 0 0 0 0 0 0 0 0 0 0 0 0 0 0 2.8000000000000003 0 0 0 0 0 0 0 0 0 0 0 0 0 
 100 53.2 44.800000000000004 31 9.4 93.4 0 33.6 95.4 23 27.6 23 16.8 27.6 9.8 10.8 25.6 18.6 26.400000000000002 18 0 0 0 0 0 0 0 0 0 0.6000000000000001 0 0 0 0.4 0 0.6000000000000001 0.4 0 0 0 0 1.2000000000000002 0 0.4 0.6000000000000001 8.6 0.4 0 0 1.2000000000000002 0.6000000000000001 0.6000000000000001 0.6000000000000001 0 0 0 1.6 0 0.4 0 0 0 0 0 0 0.6000000000000001 0 0 0 0 0 0 0.2 0 0.8 0 0 0 0 0 3.8000000000000003 0 4.6000000000000005 3.6 13.4 0 2.8000000000000003 4.2 1.4000000000000001 3.6 0 0 0 4 5.4 2.6 1 4 4.2 7.800000000000001 0.2 0 0 0 0 0 0 0 0 0 0 0 0 6.4 0 0 0 0 3.4000000000000004 0 0 0 0 0 0 0 0 0 0 0 0 0 0 0 0 0 0 0 0 0 0 0 0 0 0 0 0 0 1 0 0 0 0 0 1 0 0 0 0 0 0.4 0 2 1 17.2 0 12 0.2 2 6.2 4.4 0.2 2.4000000000000004 0 2.2 1.4000000000000001 1.4000000000000001 0 0 3.4000000000000004 0 0 0 0 0 0 0 0.2 0 0 0 0 0.4 0 0 0 0 0 0 0 0 0 0 0 0 0 0 0 0 0 0 0 0 0 0 0 0 0 0 0 0 0 0 0 0 0 0 0 3 0 0 0 0 0 0 0 0 0 0 0 0 3.4000000000000004 0 0 0 0.4 0.2 0 0.4 0 2.6 0.4 0 0 0 0 0 0 0 0 0 0 0 0 0 0 0 0 0 0 0 0 0 0 0 0 0 0 0 0 0 0 0 0 0 0 0 0 0 0 
 93.2 70.8 19.8 17.400000000000002 13 27.200000000000003 33.6 0 55.400000000000006 23.400000000000002 10 25.6 17.6 51.6 91.2 6.6000000000000005 21.6 9.200000000000001 76.80000000000001 74 0 0 0.4 0 0 0 0.4 0 0.6000000000000001 1.4000000000000001 0 0 15.4 0 0.8 0.6000000000000001 0.4 0 15 0 5.800000000000001 0.6000000000000001 0 1 0.6000000000000001 0 0.4 0 0 0.6000000000000001 1.2000000000000002 0.6000000000000001 1.4000000000000001 0 0 0.2 0.4 0 0.4 0 8 0 0 0 0.6000000000000001 1.2000000000000002 0 0 0 0 0.2 0.4 0 0 0.6000000000000001 0 0 0.4 0 0 2.2 4 7.4 0.2 3 0.2 3.6 4.2 3 3.4000000000000004 6.6000000000000005 3.2 0 5.800000000000001 2.2 2.6 2.8000000000000003 4.800000000000001 2.2 1.4000000000000001 0 0 0 0 0 0 0 5 0 0.2 0.4 0 0 0 0 0 0 0 2 0 0 0 0 0 1.2000000000000002 0 0 0 0 0 0 0 0 0.4 0 0 1.8 0 0 0 0.2 0.4 0 0 0 0 0 0 0.2 0 0 0 0 0 0 0 0 0 0 0 0 11.4 11.8 2 7.2 1.8 0.8 3.6 0 5.800000000000001 1.2000000000000002 0 4 10.600000000000001 2.8000000000000003 0 2.8000000000000003 2 0 4.2 0 0 0 0.2 0 0 1.8 0.2 0 0 2.4000000000000004 0 0 0 0 0 0 0 3.8000000000000003 4 0 0 0 0 0 0 0 0 0 0 0 0 0.2 0 0 0 0 0.2 0 0 0 0 0.2 0 0 0 0 0 0 0 0 0 0 0 0 0 0 0 0 0 0 0 0 0 0 0 0.2 0 0 17.8 0 1.8 4 0.4 0 0 0 0 0 0 0 0 4.2 0 0 0 3 0 0 0.4 0 0 0 0.2 0 0 0.2 0 0 0 0 0 0 0 0 0 0 0 0 0 
 18 64.8 98.80000000000001 35.4 35 8 95.4 55.400000000000006 0 83.60000000000001 26.6 6.800000000000001 29.6 40.2 73.60000000000001 49.2 9.200000000000001 101.60000000000001 61 57.400000000000006 1 0 0 0 0 0.4 0.6000000000000001 0.4 0.4 1 0.6000000000000001 0.2 2.8000000000000003 0.2 0.4 0 0.4 1 0.4 1.4000000000000001 0.6000000000000001 0.6000000000000001 0 0 2 0.2 8.6 1 0.4 1 1.2000000000000002 1.6 0.6000000000000001 0 0 0.8 7.6000000000000005 0 0.4 1.2000000000000002 1 0 0 0 0 0.6000000000000001 1.2000000000000002 0 1 0 0 0 0 0 0.4 1.2000000000000002 0 0 0 0 9.600000000000001 2.6 5.2 4.6000000000000005 5 0 2.4000000000000004 0.2 0 4 4.6000000000000005 0 9.600000000000001 7.800000000000001 6.4 2.6 7.4 5.6000000000000005 0 8.6 2 0 0 0 0 0 1.8 2.2 0 0 0 0 4 0.4 0 0 0 0 2 0 0.8 0 0 0 1 0 0 0 0 0 0 1.2000000000000002 0 0 0 4 0 0.4 0 0 0 0 0 2.8000000000000003 0 0 0 0 0 0 0 0 0 0 0 0 0 0 0 0 6 2.4000000000000004 1 5.4 2.4000000000000004 0 3.2 0 0 0 10 0 0.2 0 0.4 2.4000000000000004 8.4 0 0 3.2 0 0 0 0 0 0 0 0 0.2 0 0 0 6 0 0 0 0 0 0 2.4000000000000004 0 0 0 0 0 0 0 0 0 0 0 0 0 0 0 0 0 0 0 0 0 0 0 0 0 0 0 0 0 0 0 0 0 0 0 0 0 0 0 0 0 5.800000000000001 0 0 0 0.2 0.6000000000000001 0 0.2 18.2 0 0.6000000000000001 2.6 0 0 0 0 0 0 0 0 0 0 0 0 0 0 0 0 0 0 0 0 0 0 4 3.8000000000000003 3.8000000000000003 0 0 0 0 0 0 0 0 0 0 0 0 
 73.4 6.6000000000000005 26.6 50.400000000000006 35.4 31 23 23.400000000000002 83.60000000000001 0 51 13.200000000000001 7.2 38.800000000000004 17.8 92.4 12 8.200000000000001 36.2 18.6 0 0 0.4 14.8 0 0 0 0.2 0 0.6000000000000001 0.4 0 14.8 0 0 0 0.8 0 7 0 0 0.6000000000000001 0 0.4 0 0 0.6000000000000001 0 0 0 0.6000000000000001 0.6000000000000001 0.6000000000000001 0.2 0 0 0 0 0.6000000000000001 0 0.4 0 0 0 0 0.6000000000000001 0 0 0 0 0 0 0 0 0.4 0 0 0 0 0 0 0 1.4000000000000001 3.6 2.6 2 3.6 0 0 0.2 7.6000000000000005 2.4000000000000004 0 0.4 3.2 11.8 0 2.6 0 1.2000000000000002 0 0 0 0 0 0 5.2 0 0 0 0 0 1.4000000000000001 4 0 0 0 0 3.6 0 0 0 0 4 0 0 0 0 0 0 0.2 0 0 0 1.8 0 4.6000000000000005 0 0 0 1 0 0.2 0 0.2 0 0 0 0 0 0 0 0 0 0 0 0 0 0 0.2 7.2 0.8 2.6 0 3.2 1.4000000000000001 2.4000000000000004 0 0 12.200000000000001 1.4000000000000001 3 0 0 0 0 5.2 5.2 0 0 13.600000000000001 3 0 0 0 0 13.200000000000001 2.8000000000000003 2.4000000000000004 0 0 0 4.2 4.800000000000001 0 0 0 0 0 0 0 0 0 0 0 0.4 0 0 0 0 0 0 0 0 0 0 0 0 0 0 0 0 0 0 0 0.4 0 4.800000000000001 0 0 0 0 0 0 0 0 0 0 2 0.4 0 0 0 0 0 0.4 18 0 0 18 5.2 2 0 0 0 0 0 0 0 0 0 0 0 0 0 0 0 0 0 0 0 0 0 0 0 0 0 0 0 0 0 0 0 0 0 0 0 0 0 0.2 
 28.8 10.200000000000001 36.2 69.4 20.8 16.2 27.6 10 26.6 51 0 55.6 5.2 40 13.4 12.8 79.80000000000001 75.2 50.800000000000004 12.4 0.2 14.4 0 0.4 0.4 0 15.4 0 0 0.6000000000000001 0 1.2000000000000002 0 0.6000000000000001 4.2 0.4 0.4 0 14.8 0 0 0.6000000000000001 0 0.4 0 0 0.6000000000000001 0 0 0 0.6000000000000001 0.6000000000000001 0.6000000000000001 0.2 0 0 0.4 0 0.6000000000000001 0 0.2 0 0 0 0 0.6000000000000001 0 0 0.8 0 0 0 0.6000000000000001 0 0.4 0 0 0 0 0 6.6000000000000005 0 0 4.4 4.6000000000000005 1.2000000000000002 4.6000000000000005 0 0 0.6000000000000001 0 2.8000000000000003 0 2.6 0 2.2 2.8000000000000003 6 0 2 0 2.6 1.6 0 0 0 0.6000000000000001 0 0 0 0 0.4 2.4000000000000004 7 0 1.8 2 1.4000000000000001 3.6 0.4 0 0 0 0 0 0 0 0 0 0 0 2 0 0 0 0 0 0 0 0 0 0 0 0 0 0 0 0 0 0 0 2.8000000000000003 0 0 0 0 0 2.2 0 0 0.2 1.6 0.2 2 2.6 0.6000000000000001 1 0 2 3.8000000000000003 5.2 0.4 0 3.8000000000000003 0 1.8 2 3.8000000000000003 6 0 0 2.8000000000000003 2.8000000000000003 0 0 0 7.4 2 1.6 0 0 0 12.600000000000001 9.600000000000001 0 0 0 0 6.4 0 0 0 0 0 0 0 0 0 0 0 0 0 0 0 0 0 0 0 0 0 0 0 0 0 0 0 0 1.2000000000000002 0 0 0 0 0 0 0 0 0 0 0 0 0 2.6 0 0 0 0 11.4 0 0.8 0 8.6 0.4 0 0.2 0 0 0 0 0 0 0 0 0 0 0 0 0 0 0 0 0 0 0 0 0 0.8 0 0 0 0 0 0 0 0 0 0 0 0 0 0 
 6.800000000000001 6.2 8.4 32 8.8 12.200000000000001 23 25.6 6.800000000000001 13.200000000000001 55.6 0 10 5.800000000000001 8.6 4.4 18.6 54.2 45.6 57.800000000000004 0 15 0 0.4 0 0 16 0.2 0.4 0.6000000000000001 0 0 15.600000000000001 15.600000000000001 0 0.6000000000000001 0.4 0 25.200000000000003 7.800000000000001 0 0.6000000000000001 0 3 0 2.4000000000000004 0.4 0 0 0 4.4 0.6000000000000001 0.6000000000000001 0 0 4.2 2.8000000000000003 0.2 0.4 0.4 0 0 0.4 0 0 0.6000000000000001 0 0.4 0.6000000000000001 0 0 0 0 0.4 0.6000000000000001 0.4 0 0 0 0 0 0 1.2000000000000002 0.2 2 4.800000000000001 0 0.4 2.2 2 2.6 2.6 0 2.2 2.2 0.4 0 0 0 0 0.4 3.8000000000000003 0 0 0 0.2 2.4000000000000004 4.6000000000000005 3.6 0 0 0 4.2 5.2 0 0 2.4000000000000004 0 3 5 0 0 0 0 0 0 0 0 0 0 0 0 0 0 0 0 0 0 0 0 1 0 0 0 0 2 0 0 0 0 0 0 0 0 0 0 0 0 1.6 0 0 0 0 0 0 2 1 0 0 0 0 2.2 0 0 0 3.2 0 0 0 0 9.600000000000001 15.200000000000001 0 3 0 0 0 2.6 2.8000000000000003 0 0 0 0 3.6 0 6 3 0 4 0 0 0 0 0 0 0 0 0 0 0 0 0 0 0 0 2.4000000000000004 0 0 0 0 0 0 0 0 0 0 0 0 0 0 0 0 0 0 0 0 0 0 0 0 0 0 0 0 0 0 0.4 0 17.400000000000002 0.4 0.4 0 0 0 0 0 0 0 0 0 0 0 0 0 0 0 0 0 0 0 0 0 0 0 0 0.6000000000000001 0 0 0 2 0 0 0 0 0 2.4000000000000004 0 0 0 0 
 48 19.200000000000003 78.60000000000001 12.600000000000001 12.4 9.8 16.8 17.6 29.6 7.2 5.2 10 0 13 77.4 22.200000000000003 6.4 23.400000000000002 29.200000000000003 95.4 0 0 0.2 0 0 0 0 0.2 0 0.6000000000000001 0 0 0 0 0.6000000000000001 0.6000000000000001 0.8 0 0 0 0 0.8 0 0 0 0 0.8 0 0 0 1.2000000000000002 1 1.4000000000000001 0 0 0 0 0 0.8 1.6 0.8 0 0 0 0.2 0.4 0 0 0 0 0 0 0.4 0.6000000000000001 1 0 0 0 0 0 10.200000000000001 8 0.4 0 2.6 0 1.6 8.8 0 2 3 0 11.4 1.2000000000000002 2 4.6000000000000005 5 3 0.2 6 0.2 0 0 0 0 0 1.8 0 0 0 0 0 0 0 0 0 0 0 0 0 0 0 0 0 0 0 0 0 0 0 0 0 0 0 0 0 0 0 0 0 0 0 0 0 0 0 0.2 0 0 0 0 0 0 0 0 0 0 0 0 0 0 0.4 0 4.4 3.4000000000000004 0 0 1 2.8000000000000003 0 2 0 0 0.2 4.2 1.6 3 0 1.8 7.4 0 0 0 0 0 0 0 0 0 0 0 0 3 0 0 2.2 0 0 0 0 1 0 0 0 0 0 0 0 0 0 0 0 0 0 0 0 0 0 0 2.2 0 0 0 0 0 0 0 0 0 0 0 0 0 0 0 0 0 0 0 0 0 2 0 0 0 0.8 0.2 0 0.4 19 0 1.6 3 0 0 0 0 0 0 0 0 0 0 0 0 0 0 0 0 0 0 0 0 0 0 2 0 0 0 0 0 0 0 0 0 0 0 0 0 0 
 68 26.200000000000003 93.60000000000001 34.800000000000004 34.6 13.8 27.6 51.6 40.2 38.800000000000004 40 5.800000000000001 13 0 24 118 23.6 38.6 16 15.600000000000001 14.600000000000001 0 16 0.6000000000000001 17.400000000000002 0.4 0 0.2 0 1 0 0 0 0 0 0 0.4 0 0 0.6000000000000001 0 0.6000000000000001 0 0 14 0 0.4 0 0 0 0.6000000000000001 0.6000000000000001 0.6000000000000001 0 0 0 0 0 0.4 0.4 0 0 0 0 0 0.4 0 0 0 0 0 0 0.2 0 0.6000000000000001 0 0 0 0 0 4 0 3.2 3.8000000000000003 5.6000000000000005 0 4.2 0.4 0.4 0 4.6000000000000005 0.2 6.2 4.6000000000000005 8.8 4.6000000000000005 13.200000000000001 2.4000000000000004 4.2 3.2 0 0 0 0 3.2 0 1.8 0 0 0 0 0 1.4000000000000001 0 0 0 0 0 0 0 0 0.2 0 0 0 0 0 0 0 0 0 0 0 0 0 0 9 0 0 0.4 0 0 0 0 0 0 0.2 0 0 0 0.4 0 0 0.2 0 0 0 0 0 0 1.8 5 4.6000000000000005 0 2.2 2.2 2 3.8000000000000003 0.4 0.4 6.6000000000000005 0 0 2 0 1 2 3 0.4 0 2.2 0 0.2 0 0 0 2.2 0 0 0 0 0 2.2 2.8000000000000003 0 0 0 0 1.8 0 0 0 0 0 0 0 0 0 0 0 0 0 0 0 0 0 4.4 0 0 0 0 0 0 3.6 0 0.2 0 0 0.4 0 0 0 3 0 0 0 0.2 0 1 0 0 0 0 0 0 0.2 17.6 0 0 18.2 0.2 1.4000000000000001 0 0 0 0 0 0 0 0 0 0 12.200000000000001 0 0 0 0 0 0 0 0 0 0 0 0 0 0 0 0 0 0 0 0 0 0 0.2 0 0 0 0 
 37 168.8 40 16.6 11.4 9.8 9.8 91.2 73.60000000000001 17.8 13.4 8.6 77.4 24 0 60.6 11 20.200000000000003 34.6 93 0.2 0 0 0 14.8 0.4 0 0.2 0 0.8 0 0 0 0 0 0 0.4 0 0 0 0 0.6000000000000001 0 0.2 1.6 0 0.4 0 0 0 0.6000000000000001 0.6000000000000001 0.6000000000000001 0 0 0 0.6000000000000001 0.8 0.4 0.2 1.2000000000000002 0 0 0 0.2 0.4 0 0 0 0 0 0 0.4 0 0.6000000000000001 0 0 0 0 0 8.200000000000001 9 6 2 2.2 0 2.8000000000000003 2 3.4000000000000004 1.6 0 0 5.2 1.6 8 2 9.200000000000001 0.2 0.2 0 0 0 0 0 0 0 0 0 0 0 0 0 0 0 0.2 0 0 0 0 0 0 0 0 0 0 0 0 0 0 0 0 0 0 0 0 0 0.2 0 0 0.4 0 0 0 0 0 0 0.2 0 0 0 0.4 0 0 0 0 0 0 0 0 0 0.4 2.4000000000000004 5.6000000000000005 4.800000000000001 3.4000000000000004 0 0 5.6000000000000005 0 0 5.800000000000001 0 0 2.8000000000000003 0 4.6000000000000005 4.800000000000001 0 1.4000000000000001 4.4 0 0 0.2 0 0 0 0 0 0 0 0 0 0 0.2 0 0 0 0 0 0 0 0 0 0 0 0 0 0 0 3.4000000000000004 0 0 0 0 0 0 0 0 0 0 0 0 0 0 0 0 0 0 0.4 0 0 0 0 0 0 0 0 0 1.2000000000000002 0 0 0 0 0 0 0 0.6000000000000001 0.6000000000000001 0 0.8 0 0.6000000000000001 3.2 0 0 0 0 0 0 0 0 0 0 0 0 0 0 0 0 0 0 0 0 0 0 2.6 0 1.4000000000000001 0 0 0 0 0 0 0 0.2 0 0 0 0 
 68.8 28.400000000000002 128.4 8.8 59.6 39.2 10.8 6.6000000000000005 49.2 92.4 12.8 4.4 22.200000000000003 118 60.6 0 33.6 17.6 17.8 13.4 0 0 0 0 0 0 0 0.4 0 0.6000000000000001 0 0 0 0 0 0 0.8 0 0 0 15 0.6000000000000001 0 0.4 0 0 0.4 0 0.2 0 0.6000000000000001 1 0.6000000000000001 0 0 0 0 0 0.4 0 0.6000000000000001 0 0 0 0 2.8000000000000003 0 0 0.8 0 0 0.2 1 0 0.6000000000000001 0 0 0 0.2 0 2.2 0.2 0 2.6 2.8000000000000003 0 3.2 0.2 0 0.2 3.4000000000000004 0 3.4000000000000004 0 0.2 1.8 3.4000000000000004 2.8000000000000003 5.800000000000001 4.4 6.800000000000001 2 0 0 1.2000000000000002 0 1.2000000000000002 0.2 0 0 0 0 0.2 4.2 0 0 0 0 2.2 0 0 0 0 0 0 0 0 0 0 0 0.2 0 0 0 0 0 0 0 0 0 0 0 0 0 0 0 0 0 1.8 0 0 0 0.4 0 1.4000000000000001 0 0 0 0 0.2 2.4000000000000004 0 0 0 4.6000000000000005 0 2.8000000000000003 1 2 5.2 1.4000000000000001 0 2.8000000000000003 0 0 0.2 7 0 3.4000000000000004 0 3.2 0 0 0 0 0 0 0 0 0.4 0 0 0.4 0.2 0 0 0 0 0 0 0 0 0 0 0 0 0 0 0 0 0 0 2 0 0 0 0 0 0 0 0 0 0 0 0 0 0 0 7.2 0 0 0.2 0.8 0 0 0 0 0 0 0 0 0 0 0 0 0.2 0 0.4 0.2 9.4 2.6 2.4000000000000004 0 0 0 0 0 0 0 0 0 0 0 0 0 0 0 0 0 0 0 0 0 0 0 0 0 0 0 0 0 0 0 0 0 0 0 0 0 0 
 7.6000000000000005 65.8 17 33.6 31.400000000000002 12.8 25.6 21.6 9.200000000000001 12 79.80000000000001 18.6 6.4 23.6 11 33.6 0 21.200000000000003 26.6 4.800000000000001 0 0 0 0 0 0 0.6000000000000001 0 0 1 0.2 0 15.600000000000001 0.4 0.4 0 1 0 0 30 0 0.6000000000000001 0 13.600000000000001 0 0 0.4 0 0 0.2 0.6000000000000001 0.6000000000000001 1 0 0 0 0 0 0.4 0 0.8 0 0 0 10.200000000000001 0.6000000000000001 0 0 0 0 0 0 0 0 0.4 0 0 0 0 0 3.8000000000000003 0 1.4000000000000001 4 4.800000000000001 0 0 0 1.4000000000000001 0 3.2 4.800000000000001 0 8.200000000000001 5 2.4000000000000004 2.8000000000000003 2.4000000000000004 0 0 0 0 0 0 0 0 3.2 0 0 0 0.2 0 2 1 0 0 0 0 0 0.2 0 0 0 0 0 0 0 0 3.2 0 0 0 0 0.2 0 0 3 0 0 0 0 0 0 0.4 0 0 0 0 0.4 0 0 0 0 0 0 1.4000000000000001 0 0 0 0 0 1.2000000000000002 6.6000000000000005 2.2 2 4.6000000000000005 0.4 0.2 3.2 3 3.4000000000000004 3 0.4 2.6 0 2.8000000000000003 0.6000000000000001 0.2 0 0 0.2 0 0 0 0 0 3.8000000000000003 4 0 0.4 0 0 5.2 2 0 1.8 0.2 0 2 0 0 0 0 0 0 0 0 0 0 0 0 0 0.4 0 0 0 0 0 0 0 0 0 0.4 0 0 0.2 0 0 0 0 0 0 0 0 0 0 0 0 0 0 0 0 0 0 0 0.6000000000000001 44.2 0.2 0.2 0.2 0 1.6 0 0 0 0 0 0 0.4 0 0 0 0 0 0 0 0 0 0 0 0 0 0 0 0 0 2 0 0 0 0 0 0 0 0 0 0 0 0 0 
 29.8 41.6 10.4 59.6 27.400000000000002 11.600000000000001 18.6 9.200000000000001 101.60000000000001 8.200000000000001 75.2 54.2 23.400000000000002 38.6 20.200000000000003 17.6 21.200000000000003 0 64.4 6.6000000000000005 0 0.2 0 0.2 0 0 0 0 4.800000000000001 0.6000000000000001 0.4 0.2 0.2 0 14.600000000000001 0 1 0 0 15.200000000000001 0 0.6000000000000001 0 0 1 0 0.6000000000000001 0 0 0 0.4 0.6000000000000001 0.6000000000000001 0.4 0 0 0 0 0.6000000000000001 0 0.2 0 0 0 0.2 0.6000000000000001 0 0 0 0 0 0 0 5.800000000000001 0.4 0 0 0 0 6.4 4.6000000000000005 0 2.4000000000000004 8 8.4 1.8 10.4 0 0 0.2 0 0.2 0 3 3.4000000000000004 0 2.4000000000000004 8.4 0.2 1.2000000000000002 5.800000000000001 3.2 1.4000000000000001 0 0 0 0 0.2 0 0 0 0 3 3.2 0 6 0 0 9.200000000000001 0 0 0 0 0 0 0 0 0 0 0 0 6.6000000000000005 4.4 0 0 0 0 0 0 0 0 0 0 0 0 0 0.2 0 0 0 0 0 0 0 0 0 0 0 0 0 0 1.6 1.4000000000000001 4.4 1.4000000000000001 2.6 2.6 2.8000000000000003 3 3.4000000000000004 6 0 6.4 0.2 0.2 5 2.4000000000000004 0 0.8 0.2 0 0 0 0 0 0 3.6 1.8 1.4000000000000001 0 0 0 9.600000000000001 2.6 0 0 0.2 0 2.6 0.4 0 0 0 0 0 0 0.4 0 0 0 0.8 0 0 0 0 0 0 0 0 2.4000000000000004 3.2 0 0 0.4 0 0 0 0 0 0 0 0 0 0 0 0 0 0 0 0 0 0 0 0 0 0 17.400000000000002 0 0.6000000000000001 0.8 3.2 0.6000000000000001 0 0 0 0 0 0 0 0 0 0 0.2 0 0 0 0 0 0 0 0 0 0 0 0 2.8000000000000003 3.2 0 0 0 0 0 0 0 0 0 0 0 0 0 
 60.6 28 36.2 21.400000000000002 13.600000000000001 12.600000000000001 26.400000000000002 76.80000000000001 61 36.2 50.800000000000004 45.6 29.200000000000003 16 34.6 17.8 26.6 64.4 0 41.400000000000006 0 0 0 0 0 0 0.4 0 0 0.6000000000000001 0 0 0 0 0 0 0.4 0 0 0 0 0.6000000000000001 0 0.2 0 0 0.6000000000000001 0 0 0 0.6000000000000001 0.6000000000000001 0.6000000000000001 0.2 0 0.8 0 12.600000000000001 0.6000000000000001 0 0.2 0 0 0 0 0.6000000000000001 0 0 0 0 0 0 0 0 0.4 0 0 0 0 0 5 0 2.2 2.2 2.8000000000000003 0 0 1.8 0 4.4 3.4000000000000004 0 2.2 0 0 0 0.4 2 7.4 2.8000000000000003 0 0 0 0 0 0 0 0 3.6 0 0 0 0 0 0 0 0 0.4 0 0 0 0 0 0 0 0 0 0 0 0 0 0 0 0 0 0 0 0 0 0 0 0 0 0 0.2 0 0 0 0.2 0.4 0 0.2 0 0 0 0 0 0 0 0 0.2 4.2 2.8000000000000003 6 0 0 0.2 5.4 0.2 2.8000000000000003 2 0 1.6 4.6000000000000005 3 0 0 2.8000000000000003 0 6.2 0 0 0 0 0 0 0 0.4 0 0.4 12 0.4 2.4000000000000004 0 0 0 0 0 0 0 0 0 0 0 0 0 0 0 0 0 0 0 0 0 0.4 0 0 0 0 0 0 0 0 0 0.2 0 0 0 0 0 0 0 0 0 0 0.2 0 0 0 0 0 0 0 0 0 0 0.2 0 0.2 0 0 2.6 0 0 0 0 0 0 0 0 0 0 3.8000000000000003 0 0 0 0 0 0 0 0 0 0 0 0 2.2 0 0 0 0 0 0 0 0 0 0 0 0 0 0.4 
 61.800000000000004 54 76.60000000000001 13.600000000000001 13.200000000000001 23.6 18 74 57.400000000000006 18.6 12.4 57.800000000000004 95.4 15.600000000000001 93 13.4 4.800000000000001 6.6000000000000005 41.400000000000006 0 0 0 0.2 0 0 0 0 0 0 0.6000000000000001 0 0 0 0 0 0.2 0.4 0 0 0 0 0.6000000000000001 0 0 0 0 0.4 0 0 0 0.6000000000000001 0.6000000000000001 0.6000000000000001 0 0 0 0 0 0.4 0.4 1 0 0 0 0 0.6000000000000001 0 0 0 0 0 0 0 0 0.4 0 0 0 0 0 6.800000000000001 9 2.4000000000000004 0 0 0 4.800000000000001 8.4 5 2.8000000000000003 0 0 7.4 1.6 10.600000000000001 2 6 0 0 0 0 0 0 0 0 0 0 0 0 0 0 0 0 0 0 0 0 0 0 0 0 2.6 0 0 0 0 0 0 0 0 0 0 0 0 0 0 0 0 0 0 0 0 0 0 0 0 0 0 0 0 0 0 0 2.2 0 0 0 0 0 0 0 1.8 3.4000000000000004 2.8000000000000003 8 0 0 2.6 3.8000000000000003 0.4 0 0 0.2 4.2 4 4.800000000000001 2 0 1.4000000000000001 5.6000000000000005 0 0 0 0 0 0 0 0 0 0 0 0 0 0 0 0 0 0 0 0 0 0 0 0 0 0 0 0 0 0 5.2 0 0 0 0 0 0 0 0 0 0 0 0 0 1.2000000000000002 0 0 0 0 0 0 0 0 0 0 1.6 0 0 0 0 0 0 0 0 0 0 0.2 0.6000000000000001 0 1.8 0 0.4 1.6 0 0 0 0 0 0 0 0 0 0 0 0 0 0 0 0 0 0 0 0 0 0 5 0 1.8 0 0 0 0 0 0 0 0 0 0 0 0 
 0 0.2 0 0 0.2 0 0 0 1 0 0.2 0 0 14.600000000000001 0.2 0 0 0 0 0 0 21.6 48.2 56.2 53.400000000000006 90.2 25.200000000000003 31.200000000000003 10 8 63 36.6 53.800000000000004 31.200000000000003 41.400000000000006 60.800000000000004 24.6 50.2 15 38.2 0.4 0 0 0 0.6000000000000001 0.2 0 0.6000000000000001 0.4 0.6000000000000001 0.4 0 0 0 13 0.4 0.6000000000000001 0 0 1 0.6000000000000001 0 0 0 0 0 0 0 0 0 0 0 0 0 0 0 0.6000000000000001 0.6000000000000001 0 0.6000000000000001 0 0 0 0 0 0 0 0 0 0 0 0 0 0 0 0 0 0 0 0 12.200000000000001 4.4 11 3.2 3.2 0 2.4000000000000004 2.2 2.4000000000000004 6.800000000000001 0.2 1.4000000000000001 0 4.2 10 5.800000000000001 3.8000000000000003 6.4 0 2.6 0 0 0 0 0 0 0 0 0 0 0 0 2.2 0 0 0 0 0 0 3.2 0 0 0 0 0 0 0 0 0 0 0 0 0 0 0 0 1.4000000000000001 0 0 0.4 0 0 2.2 0 0 0 0 0 0 0 0 0 0.2 0 0 0 0 0 0 0 1.4000000000000001 7.2 9.8 3.8000000000000003 3.6 0 1.2000000000000002 3 4 2 5.6000000000000005 0 0 0 7.2 4.800000000000001 3.8000000000000003 12 7 1.8 0 0 0 0 0.2 0 0 0 0 0 0 0 0 0 0 0 0 0 5.2 0.2 0 0.2 0 0 0 1.4000000000000001 0.2 0 0 0 0 0 0 0 0 0 0 0 0.4 0 0 0 0 0 0 0 0 0 0 0 0 0 0 0 2 0 0 16.2 0 0.4 0.4 1.8 12.600000000000001 0 0 0 0 0 0 0 0 0 0 0 0 0 0 0 0 0 0 0 0 0 0.2 0 0 0 0 0 
 0 0 0 15 14.600000000000001 0 0 0 0 0 14.4 15 0 0 0 0 0 0.2 0 0 21.6 0 29.8 12.200000000000001 6.800000000000001 6 42.2 52.400000000000006 24.200000000000003 8.200000000000001 22.200000000000003 6.800000000000001 69.2 35.800000000000004 24.6 11.600000000000001 9 20.400000000000002 29 42 0.4 0 0 0 0.6000000000000001 0 0 0.6000000000000001 0 0.6000000000000001 0.4 0 0 0 13 0.6000000000000001 0.4 0 0 0.8 0.6000000000000001 0 0 0 1 0 0 0 0 0 0 0 0 0 0 0 0.6000000000000001 0.4 0 0.6000000000000001 0 0 0 0 0 2 0 0 0 0 0 5.6000000000000005 0 0 0 0 0 0 0 0 2.8000000000000003 8.200000000000001 8.8 4.4 1.6 0 2.8000000000000003 2 3.8000000000000003 0 0 4.4 0.2 4.2 2.6 0.8 4.6000000000000005 9.4 4.6000000000000005 4.800000000000001 0 0 0 0 0 0 2 1.4000000000000001 0 0 0 0.4 0 0 0 0 0 0 0 1.4000000000000001 0 0 0 0 0 0 0 0 0 0 0 0 0 0 0 0 0 0 1.8 0 0 0 0 0 0 1.8 0 0 0 0 0 6.6000000000000005 0 0 0 0 0 0 0.6000000000000001 0 0 2.2 9.200000000000001 4.4 3.8000000000000003 0 3.8000000000000003 1.6 6 2.2 0.2 0 2.8000000000000003 3.2 0 2.4000000000000004 3.6 0 2.2 3.8000000000000003 0 2 0 0 0 0 0 0 0 0 0 0 0 0 0 0 0 0 7.800000000000001 2.2 0 0 0 0 0 0 0 0 0 0 0 0 0 0 0 0 0 0 0 0 0 0 2.8000000000000003 0 0 0 0 0 0 0 0 0 0 0 0.6000000000000001 0 0.2 0 0.2 0 0 0 0 0 0 0 0 0 0 0 0 0 0 0 0 1.8 0 0 0 0 0 1.4000000000000001 0 0 0 0.2 0 0 0 0 
 0 0 0 0.4 0.2 0 0 0.4 0 0.4 0 0 0.2 16 0 0 0 0 0 0.2 48.2 29.8 0 35.4 14.8 21.6 70.4 21.200000000000003 13.200000000000001 27 6 11.200000000000001 28.400000000000002 26 8.6 78 43 36 26 21.6 0.6000000000000001 0 0 0 0.6000000000000001 0 0 0.6000000000000001 0.2 0.6000000000000001 0.4 0 7.4 0 1 0.4 0.6000000000000001 0 13 0.6000000000000001 0.6000000000000001 0 0.4 0 0 0 0 0 0 0 0 0 0 0.2 0 0 0.6000000000000001 0.6000000000000001 0 0.6000000000000001 0 0 0 0 0 0 0 0 0 0 0 0 3.8000000000000003 0 0 0 0 0 2 2.2 0.2 0 0 3.4000000000000004 1 2.6 0 0 0 6.4 2.8000000000000003 4 2.4000000000000004 0.6000000000000001 2.2 0 4.6000000000000005 0 0 0 2 0 0 0 0 0 4.800000000000001 4 4.800000000000001 0 0 0 0.2 0 0 0 0 1.6 0 0.4 0 0 0 0 0 0 0 0 0 0 0 0 0 0 0 0 0 0 0.4 0 0 0 0 0 0 0 0 0 0 0 0 0 0 0 0 1 0 0 0 0 0 2.2 6.2 0 4.2 0 0 0 3.8000000000000003 3.8000000000000003 0 2 0 2 1 3.6 0 1.2000000000000002 0 5 9 0 0 0 0 0 2.2 0 0.4 0 0 0 0.6000000000000001 1.2000000000000002 5.4 0 0 0 0 2.8000000000000003 0 0 0 0 0 0 0 0 0 0 0 0 0 0 0 0 0 0 0 0 0 0 0 0 0 0 0 0 0 0 0 0 0 0 1.4000000000000001 0.4 0 1 0.4 0.2 0.2 0 0 0 0 0 3.4000000000000004 0 0 0 0 0 0 0 0 0 0 0 0 0 0 0 0 0 0 0 0 0 0 2 
 0 0.2 0.2 0 0.2 0 0 0 0 14.8 0.4 0.4 0 0.6000000000000001 0 0 0 0.2 0 0 56.2 12.200000000000001 35.4 0 35.6 5.4 25.8 58.400000000000006 50 36.4 26 10.4 16.400000000000002 36.800000000000004 25.200000000000003 40.6 14.200000000000001 24 29 30.200000000000003 6.4 0 0 0 0.6000000000000001 0 0 0.6000000000000001 0.2 0.6000000000000001 0.4 0 0 12.8 0.6000000000000001 0.4 0.6000000000000001 0 0 0.8 0.6000000000000001 0 0 0 0 0 0 0 0 0 0 0 0 0 0 0 0.6000000000000001 0.6000000000000001 0 1.8 0 0 0 0 0 0 0 0 0 0 0 0 0 0 0 0 0 0 0 0 2.6 3.6 1.6 0 1.8 0 0 1 2.4000000000000004 2.4000000000000004 1.8 4.6000000000000005 1.4000000000000001 0 7.2 0 1.8 6.4 0 2.4000000000000004 0 0 0 3.8000000000000003 0 0 0.2 1.2000000000000002 0 0 0 0 2 3 2.2 0 0 0 3 2 0 0 0 0 0 0 0 3.8000000000000003 0 0 2.2 4 0 0 0 0 0.2 0 0 0 0 0 0 0 0 0.2 0 0 0.2 0 0 0 0.2 0 0 0 0.4 0 0 0 0 5.800000000000001 3.2 3.4000000000000004 5.800000000000001 0.2 1.4000000000000001 0 2.2 0.2 1.4000000000000001 7 0 0 12.4 4.4 0 8.6 0.4 2 0.8 2.2 2.2 0 0.4 0 0 0 0 0 0 0 0.2 0 3 0 0 0 4.4 2.8000000000000003 0 0.4 0 0 0 0 0.4 0 0.2 0 0 0 0 0 0 3.8000000000000003 0 0 0.2 0 0 0 0 0 0 0 0 0 0 0 0 0 0 0 0.8 0 0 1.8 8.200000000000001 0.4 0.4 0 0 0 0 0 0 0 0 0 0 0 0 0 0 0 0 0 0 0 0 6.800000000000001 0 0 0.4 0 0.2 0 0 0 
 0 0 0 1.2000000000000002 0 0 0 0 0 0 0.4 0 0 17.400000000000002 14.8 0 0 0 0 0 53.400000000000006 6.800000000000001 14.8 35.6 0 12.600000000000001 12.8 55.400000000000006 30 37 49.2 25.400000000000002 14.8 43.2 15.200000000000001 16 16.6 11 49.800000000000004 17.6 30.200000000000003 0.2 0 0.8 0.6000000000000001 0.2 17.2 0.6000000000000001 13.600000000000001 0.8 0.4 0 12.200000000000001 6.4 5.6000000000000005 0.4 1.8 0.8 0.2 0.4 0.8 0.4 0 0 0 0 2.2 0 0.6000000000000001 0 0 0 0 1 1 0.2 0.6000000000000001 1 0.2 0.4 0.4 0 0 0 0 0 0 0 0 0 0 0 0 0 0 0 0 0 0 0 0 0 0 2.6 0 6.2 4.6000000000000005 0 0 0 3.2 0.8 0 0 0 0 0 1.8 0 0 3.2 1.6 0 0 0 0 0 4.2 0 0 0 1.8 0.6000000000000001 24.400000000000002 1.6 9 0.2 0 6.800000000000001 0 1.6 0 1.2000000000000002 0 0 0 0 0 0 0 0 0.4 0 0 0 0 0 0.4 1.8 0 0 0 0 0.4 0 0 0 0 4.2 0 0 0 0 0 0 0 0.6000000000000001 0 0 0 0 0 0 0 4.2 4.800000000000001 0 0 0 0 0 12.4 0 0 2.6 0 0 0 0 0 0.8 6.6000000000000005 3.6 0 0 0 0.2 3.6 6 0 0 0 1.6 10.8 2.6 0 2.2 0 3 5.2 0 0 0.4 0 0 0 0 0 0 0 0 0 0 0 0 0 1.8 0 1.2000000000000002 0 0 0 0 0 0 0.4 0 0 0 0.4 0 0 0 0 2.8000000000000003 0.2 0.4 0.8 30 0 0.4 0 0 0 0 0 0 0 0 0 0 0 0 0 0 0 0 2.8000000000000003 0 0 0 2.6 0 0 0 0 0 1.2000000000000002 0 0 
 0 0 0 0 0 0 0 0 0.4 0 0 0 0 0.4 0.4 0 0 0 0 0 90.2 6 21.6 5.4 12.600000000000001 0 5.800000000000001 9.200000000000001 31.8 24.200000000000003 34 34.4 8.6 8.6 12.600000000000001 76.4 27.8 51.400000000000006 9.200000000000001 17 24 0.6000000000000001 0 1 0.6000000000000001 0 0 0.6000000000000001 13.600000000000001 1.8 0.4 0.6000000000000001 13.8 0.2 0.8 0.4 0.6000000000000001 0 12.600000000000001 13.200000000000001 0.6000000000000001 0 0 0 0 0 0 0 0 0 0 0 0 10 0 0 0.6000000000000001 0.8 0 0.6000000000000001 0 0 0 0 0 0 0 0 0 0 0 0 0 0 0 0 0 0 0 0 0 0 0 2 3 0.2 0 0 0 0 4.6000000000000005 4 0 0 2 0 2.4000000000000004 0 2.8000000000000003 0 3 0 0 0 0 0 5.6000000000000005 3.8000000000000003 2 0 0.4 0 0.2 0 0 0 2.2 0 8 1.6 0 0 0 0 0 0 0 0 0 0 0 0.4 0 0.2 0 0.2 0 0 0 0 0 0 0 0 0 2 0 0 0 0 0 0 0 0 0 0 0 0 0 0 0 0 0 0 1.8 12.200000000000001 0 0 0 4.6000000000000005 0 4.2 0 0 0 0 0 11.8 0 0 2.2 0 5.2 0 0 0 4 3 1.4000000000000001 0 0 0 8.4 2.2 2 0 0 0.2 0 0.2 0 0 0 0 0 0 0 0.2 0 0 0 0 0 0 0 0 0 0 0 0 0 0 0 0 0 0 0 0 0 0 0 0 0 0 2.4000000000000004 0 0 16.2 0.4 0 2.2 0 0 0 0 0 2.6 0 0 0.2 0 0.2 0 0 0 0 0 2 0 0 0 0 1.8 0 0 0 0 0 0 0 
 0.4 0 0 0 14.600000000000001 12.4 0 0.4 0.6000000000000001 0 15.4 16 0 0 0 0 0.6000000000000001 0 0.4 0 25.200000000000003 42.2 70.4 25.8 12.8 5.800000000000001 0 61.2 13.4 4.800000000000001 5.800000000000001 8.8 76.4 30.400000000000002 24 21.400000000000002 23 6.6000000000000005 40.800000000000004 25.8 0.4 0 0 0 13.4 0 0 0.6000000000000001 0 0.6000000000000001 0.4 0.4 0 0 13.200000000000001 0.4 0.6000000000000001 0 0 0.6000000000000001 0.6000000000000001 0 0 0 2 0 0.8 0 0 10.200000000000001 0 0 0 0 0 0 0.6000000000000001 0.6000000000000001 0 0.6000000000000001 0 0 0 0 0.2 12 0 0 0 0 0 9.200000000000001 0 0 0 0 0 0 0 0 0.2 3.6 4.4 5.6000000000000005 0.2 0 0 0 2 0 0 1.6 3.2 1.4000000000000001 0 1.4000000000000001 4 3 4.800000000000001 6.800000000000001 0 0 0 0 0 0 0 0 0 0 0 0 0 0 0 0 0 0 0 0 0 0 0 0 0 0 0 0 0 0 0 0 0 0 0 0 0 0 0 0 0 0 0 0 4.4 1.8 0 0 0 1.8 0 5.2 0 0 0 0 1.8 0 0.8 0 3 3.2 4.2 0 0.2 0 3.6 0 6.800000000000001 0 2.2 0 1.6 6 2.2 0.2 5 0 4 6.800000000000001 0 0 0 0 0 0 0 0 0 0 0 0 2.4000000000000004 0 0 0 0 0 0 0 0 0 0 0 0 0 0 0 0 0 0 0 0 0 0 0 0 0 0 0 0 0 0 0 0 0 0 0 0 0 0 0 0 0 1.8 0 0.4 0 0 0.8 0.8 0 0 0 0 0 0 0 0 0 0 0 0 0 0 1.2000000000000002 0 0 0 2.6 0 0 0 0 0 2.4000000000000004 0 0 0 0 
 0.2 0.2 0 0.2 17.6 0 0 0 0.4 0.2 0 0.2 0.2 0.2 0.2 0.4 0 0 0 0 31.200000000000003 52.400000000000006 21.200000000000003 58.400000000000006 55.400000000000006 9.200000000000001 61.2 0 23.6 9 6.800000000000001 9 41.2 43.6 27 42.400000000000006 42.400000000000006 34.2 28.6 18.8 0.4 0 0 0 0.6000000000000001 0 0 1 14.600000000000001 0.6000000000000001 0.4 0 0 0 5.2 0.6000000000000001 0.4 0 18.400000000000002 1.4000000000000001 0.6000000000000001 0 0 0 0.6000000000000001 0 0 0 0.6000000000000001 0 0 0 0.4 0 0 0 1 0 0 0.6000000000000001 0 0 0 7.800000000000001 0 1.6 0 0.4 0 0 0 7.2 0 0 0 0 0 0 0 0 4.6000000000000005 0 7.800000000000001 11.600000000000001 0 1.4000000000000001 4.6000000000000005 6.6000000000000005 0.2 0.2 0.4 6.6000000000000005 2.8000000000000003 0.4 0 1.4000000000000001 8 10.4 0.6000000000000001 9.600000000000001 0 0 0 0 0 0 6.4 0 0 0 0 0 0.2 0 0 0 0 0 0 0 0 0 0 0 0 0 0 0 0 0 0 0 0 0 0 0.2 0 0 0 0 2.2 2.4000000000000004 1.2000000000000002 0 0 3.4000000000000004 0 0 0 0 0 5.4 0 0 0 0 0 0 0.4 0 4.2 1.8 4.6000000000000005 1.4000000000000001 0 3.8000000000000003 0 2.2 4.4 3.2 3.8000000000000003 7.2 0 1.8 1.4000000000000001 0.2 3.4000000000000004 3 3.4000000000000004 4.6000000000000005 0.2 0 0 0 0 0 0 0 0 0 0 0 0 0 0.2 0 0 0 1.6 0 0 0 0 0 0 0 0 0 0 0 0 0 0 0 0 0 0 0 0 0 0 0 0 0 0 0 0 0 0 0 0 0 0 0 1 0 0 0.2 0 0 0.4 0 0 0 0 0 0 0 0 0 0 0.2 0 0 0 3 0 0 0 0 0 0 0 0 0 0 0 0 0 0 
 0 0 14.8 0 0 0 0 0.6000000000000001 0.4 0 0 0.4 0 0 0 0 0 4.800000000000001 0 0 10 24.200000000000003 13.200000000000001 50 30 31.8 13.4 23.6 0 15 36 52.2 20.200000000000003 34 102.80000000000001 41.400000000000006 20.8 34.4 9.600000000000001 9.200000000000001 0.6000000000000001 0.6000000000000001 0 0 0.4 0.6000000000000001 0.6000000000000001 0.6000000000000001 0.4 0.6000000000000001 0.4 0.6000000000000001 0 0 0.8 0.4 0.8 0.6000000000000001 25.200000000000003 1.4000000000000001 0.4 0 0 0 0 0.6000000000000001 0 0.4 0 0 0 0.6000000000000001 0.4 0.6000000000000001 0 0.6000000000000001 0.6000000000000001 0.6000000000000001 0.4 1 0 0 0 0 0 0 0 0 0 0 0 0 0 0 0 0 0 0 0 0 0.2 0 1.8 5.6000000000000005 2 1.4000000000000001 0 0 7.6000000000000005 0.2 5.800000000000001 6.4 0 2.6 1.6 0.2 0 0 0 2.2 0 0 0 0 0 0 9 0 0 1.8 0 0 2.4000000000000004 0 0 0 0 0 0 3.6 0 0 0 0 0 0 0 0 0 0 0 0 0 0 0 0 0.8 0 0 0 0 0 0.6000000000000001 0 0 0 0 0 0 0 0 0 0 0 0 0.2 0 0 0 0 0 0.2 6.2 4.4 6 2.4000000000000004 0.2 0.4 0 1.8 4.2 6 0 0 1 13.8 4 7.800000000000001 0 0.2 1.4000000000000001 0 0.2 0 0 0 0 0 0 0 0 0 0.4 0 0 0 0 0 8.6 3.6 1.2000000000000002 0 0 0 0 0 0 0 0 0 0 0 0 0 0 0 0 0 0 0 0 0 4.4 0 0 0 0 0 0 0 0 0 0 0 1.6 0 0 0 0 0.4 2.8000000000000003 1.8 0 0 0 0 0 0 0 0 0 0 0 0 0 0 0 0 0 0 0 5.2 0 0 0 0 2.6 0 0 0 
 0.6000000000000001 0.6000000000000001 0.6000000000000001 0.6000000000000001 0.6000000000000001 0.6000000000000001 0.6000000000000001 1.4000000000000001 1 0.6000000000000001 0.6000000000000001 0.6000000000000001 0.6000000000000001 1 0.8 0.6000000000000001 1 0.6000000000000001 0.6000000000000001 0.6000000000000001 8 8.200000000000001 27 36.4 37 24.200000000000003 4.800000000000001 9 15 0 15.4 41.2 7 21.400000000000002 80.60000000000001 22.200000000000003 22 19.200000000000003 12.4 20.6 12.600000000000001 0 0 1.4000000000000001 0.6000000000000001 0 0 0.6000000000000001 0.6000000000000001 1 0.4 0 8.200000000000001 0 1.4000000000000001 0.6000000000000001 0.4 0 12.4 0.8 0.6000000000000001 5.6000000000000005 0 0 0 0 0 0 0 0 0 0 0 0 0 1.6 0.6000000000000001 0.2 1 1.2000000000000002 0 0 0 0 0 0 0 0 0 0 0 0 0 0 0 0 0 0 0 2.8000000000000003 0.2 0 0.2 0.2 2.6 8.8 0 0 1.6 3.4000000000000004 10.200000000000001 8.4 0 0 1.4000000000000001 0 0 1.4000000000000001 0 2.2 0 0 0 0 0 0 1.8 2 0 0 0 0 7.800000000000001 2.8000000000000003 1.4000000000000001 4.2 0 0 0 14.200000000000001 0 0 0 0 0 0 0 0 0 0 0 0.4 0 0 0 0 0.2 0.2 0.2 0 0 0 0 0.4 0 1.2000000000000002 0 0 1 0 0 6.4 0 0 0 0.6000000000000001 0 0 0 0 2.8000000000000003 0.2 0 2.4000000000000004 3.4000000000000004 6.4 0 0 3.6 4 1.6 4 0 0 2.2 4.6000000000000005 0 2.6 0 0 5 8.6 2.4000000000000004 0 0 0 6.800000000000001 1.2000000000000002 0 0 0 0 4.800000000000001 0 2 0 0 0 0 6 0 0 0.4 0 0 0 0 0 0 0 0 0 0 0 0 0 0 0 0 0 0 0 0 0 0 0.4 0 0 0 0 0 0 0 0 2 0.4 0.4 15.600000000000001 1.4000000000000001 0.4 0 0.6000000000000001 0 0 0 0 0 0 0 0 0 0 0 0 0 0 0 0 0 0 0 0.2 0 0 0 0 2.8000000000000003 0 0 0 
 0 0 0 0 7.800000000000001 0 0 0 0.6000000000000001 0.4 0 0 0 0 0 0 0.2 0.4 0 0 63 22.200000000000003 6 26 49.2 34 5.800000000000001 6.800000000000001 36 15.4 0 9.200000000000001 40.400000000000006 10.600000000000001 13.200000000000001 34.4 49.6 57.6 8.8 17.400000000000002 5.4 0 0 0 0.8 0.2 0 0.6000000000000001 0.2 1.2000000000000002 0.4 4.4 0 0 0.8 0.4 0.6000000000000001 0.6000000000000001 0.4 0.6000000000000001 2 0 0 0 0 0 0.8 0 0 0 0 0 0 6.6000000000000005 0 0 0.6000000000000001 0.6000000000000001 0 0.6000000000000001 0 0 0 0 0 0 0 0 0 0 0 0 0 0 0 0 0.2 0 0 0 3.6 1.8 1.2000000000000002 1.4000000000000001 3.2 0 1.8 0 3 0 2.2 2.2 0 1.6 4 6 1.8 1.8 0 0 0 0 0 0 0 1.2000000000000002 2.6 0.2 3.8000000000000003 0 0 0 2.2 0 0 0.2 0 0 3.2 3.4000000000000004 0 0 0.2 0.4 0 0 0 0 0 0 0 0 0 0 0 0.4 0.4 0 0 1 0 0 0.8 0 3.2 0.4 0 0 0 0 0 0 0 0 0 0 0 0 0 0.4 2.6 0 5.6000000000000005 3.6 6 6.2 0 1.8 0 6 2 2.4000000000000004 0 0 0 1.4000000000000001 17.6 4.6000000000000005 0 0 9 0 0 0 0 0 0 0 1 0.2 0 0 0 0 2.6 0 0 0 6.800000000000001 2.2 0 0 0 0 0 0 0 0 0 0 0 0 0 0 0 4.2 0 0 0 0 0 0 2.6 0 0 0 0 0 0 0 0 0 0 0 5.2 0 1.2000000000000002 0.8 0 0 0.4 0 0 0 0 0.8 0 0 0 0 0 0.4 0 0 5.2 0 0.2 0.4 0 0 0 1.4000000000000001 0 0 0 0 0 0 0 0 
 0 0 0 0 0 0.4 0 0 0.2 0 1.2000000000000002 0 0 0 0 0 0 0.2 0 0 36.6 6.800000000000001 11.200000000000001 10.4 25.400000000000002 34.4 8.8 9 52.2 41.2 9.200000000000001 0 4.2 62.400000000000006 30.200000000000003 30.8 39.800000000000004 47.6 5.2 8.200000000000001 13.200000000000001 1.8 23 0 0.6000000000000001 0 0.2 13 0.2 8 0.4 0.8 0 0.6000000000000001 0.8 1 0.6000000000000001 0 13.4 4.6000000000000005 0.6000000000000001 0.2 0 0 0 0.6000000000000001 0 0 0.6000000000000001 0.6000000000000001 0.4 0 0 2.6 0 0 1.2000000000000002 0.6000000000000001 0.4 4.800000000000001 0 0 7 0 0 0 0 0 0 0 0 0 0 0 0 0 0 0 0 0 0 0 0 1.8 8.4 5.4 0 0 2.4000000000000004 2.4000000000000004 13 6.4 0 0 4.2 0 0 0 0 6.800000000000001 2 0 0 0.2 0 0 2.4000000000000004 0.2 0 0 0 2.4000000000000004 7 1.2000000000000002 0 0.2 1.4000000000000001 0 3.6 3.6 0.6000000000000001 0 0 0 0 0 2 0 0 0 0 0.8 0 2.2 0 0.4 0 8.4 0 0 0 0 0 0 0 0 0 0 0 0 0 0 0 0 0 0 2 0 0 0 0 2.6 0 2 0.4 2.4000000000000004 0 0 0 0.4 1.2000000000000002 5 0 0 2.8000000000000003 2.4000000000000004 0 2 0 0 4.4 1.6 4.6000000000000005 0 0 0 4.6000000000000005 5.2 0 0 0 0 5.2 2.4000000000000004 4 0 0 0 0 0.2 0 0 0 0 0 0 0 0 0 0 0 0 0 0 0 0 0 0 0 0 0 0 0 0 0 0.2 0 0 0 0 0 0 0 0 2.6 0 0.2 0.6000000000000001 2.4000000000000004 0 6 0 0 0 0 0 1 0.2 0 0 0 0 0 0 0.4 0 0 0 0 0 0 0 0 0 0 0 0.2 0 0 0 
