 0 13.200000000000001 31.200000000000003 23.8 21.8 46.2 44.800000000000004 13.600000000000001 51 14.600000000000001 20.8 6.2 11.4 25.8 69.8 9 26.6 69.60000000000001 24 62.6 0 0 0 0 0.6000000000000001 0.8 0 0 0.4 0 0 0 0 0.4 0 0 0 0 0 0.6000000000000001 0.6000000000000001 12.8 0 0 0 0.4 0 0 0 0 0 0.2 0 0 0 0 0.4 0 0.4 0.4 9.4 0 0 0.4 0 0.4 0 0.6000000000000001 0 0 0.6000000000000001 0 0 0 0 0 0 0 0 0 8.200000000000001 2.2 2.2 4 5 0 7.2 9.200000000000001 9.4 7.800000000000001 3.8000000000000003 3.4000000000000004 2.6 2.2 3.2 0 8.8 8.6 0 0 0 0 0 0 0 0 0 0 0 0 0 3.4000000000000004 0 0 0 0 0 0 0.8 4.2 0 0 0 0 0 0 0 0 0 0 0 0 0 0 0 0 0 0 0 0 1 0 0 0 0 0 0 0 0 0 0 0 0 0 0 0 0 0 0 0 7.4 2.8000000000000003 4.2 2.6 4 0 4 4.800000000000001 0 5.800000000000001 2 0 2.2 0 5.800000000000001 8.4 1.8 1.4000000000000001 0 2.2 0 0 0 0 0 0 0 4.4 0 0 0 0 6 0 0 0 0 0 3 0 0 0 0 0 0 0 0 0 0 0 0 0 0 0 0 0 0 0 0 0 0 0 0 0 0 0 0 0 0 0 0 0 0 0 0 0 0 0 0 0 0 0 0 0 0 0 0 0 0 17.6 0.4 1.2000000000000002 2.2 0 0 0 0 0 0 0 0 0 0 0 0 0 0 0 0 0 0 0 0 0 0 1.2000000000000002 0 3.2 0 0 0 0 0 0 0 0 0 0 0 0 
 13.200000000000001 0 142.6 62.2 32.800000000000004 72.60000000000001 32 36.800000000000004 40.2 6.800000000000001 46.6 8.200000000000001 31 19.8 14 47.800000000000004 28.400000000000002 20.6 5.4 52.800000000000004 0.4 0 0 0 0.6000000000000001 0.4 0 0 0 0 0 0.4 0 0.6000000000000001 0 0 0 0 15.200000000000001 0.6000000000000001 0.6000000000000001 0 0 0 0 0.4 0 0 0 0 0 0 0 0 0 10.8 0.4 0.8 0.4 0.4 0 0 0 0.4 0 0.4 0 0.6000000000000001 0 0 0.6000000000000001 3.6 0 0 0 0 0 0 0.2 0 3.4000000000000004 2.4000000000000004 6.2 1.8 2.6 17.8 0.2 4.6000000000000005 0.2 8.4 0 4.6000000000000005 0 2 5.4 3.8000000000000003 2.8000000000000003 5.800000000000001 1.8 0 0 5.4 0 0 0 0 0 0 0 0 0 0.4 0 0 0 0 0 0 0 2.2 0 0 0 0.2 0 0 0 0 0 0 0 0 0 0 0 0 0 0 0 0 0 0 0 0 0 0 0 0 0.4 0 1.4000000000000001 0 0 0 0 0 0 1.6 0 0 0 5.4 5 0.8 0 0 0.4 0 4 0 3.2 0 0 0 0 0 0 0 0 0 4.2 0 0 0 0 0 0 3.2 0 0 0 0 2.8000000000000003 0.4 0 0 0 0 4.6000000000000005 2.6 0 0 0 0 0 0 0 0 0 0 0 0 0 0 0 0 0 0 0 0 0 0 0 0 0 0 0 0 0 0 0 0 0.2 0 0 0 0 0 1.8 0 0 4 0 0 0 0.2 18.2 0.4 0.4 0 0.4 1 0 0 0 0 0 0 0 0 0 0 3 0 0 0 0 0 0 0 0 0 0 0 0 6.4 3.4000000000000004 0 0 0 0 0 0 0 0 0 0 0 0 0 
 31.200000000000003 142.6 0 121 48.2 28.8 43.800000000000004 21.8 61.400000000000006 45.6 70.8 11.600000000000001 32.6 26.6 49.2 19.6 30 97.4 53.400000000000006 7 0 0.4 0 0 0.8 0.4 23.8 0.6000000000000001 0 0 0 0 15 15.4 0.4 0 0 0 15.200000000000001 0.6000000000000001 0.6000000000000001 0 0 0.4 0 0.6000000000000001 0 0 0 0 0 0 0 0 0 11.600000000000001 0.4 0 0.4 0.4 0 0.2 0 0.4 0.4 0.4 0 0.6000000000000001 7.6000000000000005 0 0.6000000000000001 0 0 0 0 0 0 0 0 0 0.2 2.4000000000000004 11 1.8 3.6 6.4 3 9 1.8 0 0 7.2 0 4 2 4.2 11.200000000000001 4.2 2.6 0 0 2.6 0 0 0 0 0.8 0 0 0 0 0 8.200000000000001 0 1.2000000000000002 0 0 0 4.800000000000001 2.8000000000000003 0 0 0 0 0 0 0 0 0 0.4 0.4 0 0 0 0 0 0 0 0 0 0.8 0 0 0 0 0 0 0 0 0 0 0.2 0 0 0 0 0 0 0 0 2.6 1 6.6000000000000005 2.2 3.2 0 0 0 0 0 3 3.4000000000000004 1.2000000000000002 0.2 6.2 3.4000000000000004 0 3.6 0 4.4 6.6000000000000005 0 0 0 0 0 0.8 0.4 2.2 0 0 0 6.4 9.600000000000001 0 0 0.2 0 10.200000000000001 0.4 0 0 0 0 0 0 0 0 0.2 0 0 0 0.4 0 0 0 0 0 0 0.2 0 0 0 1.2000000000000002 0 0 0 0 3.6 0 0 0 0 0.2 0 2 0 0.2 0 0 0 5.4 0 0 0 0.4 2.6 0 0.4 17.8 0.4 3 0 0 0 0 0 0 0 0 0 0 0 0 0 0 0 0 0 0 0 0 0 0 0 0 1.6 2 0 0 0 0 0 0 0 0 0 0 0 0 
 23.8 62.2 121 0 33.800000000000004 67.60000000000001 66.2 97.2 67.4 16.6 57.2 11 75.60000000000001 33.4 33 31.400000000000002 7.4 89.4 31.400000000000002 89.60000000000001 0 0 0 0 0.6000000000000001 0.4 0.2 0 0 0 41.800000000000004 0 0 0.8 0 0 0 0 29.200000000000003 0.6000000000000001 0.6000000000000001 0 0 0 0 0.6000000000000001 0 0 0 0 0 0 0 0 0 7.4 0.4 0.2 0.4 0.4 0 0 0 0.4 0 0.4 0 0.6000000000000001 0 0 0.6000000000000001 0 0 0 0 0 0 0 0 0 5.4 6.800000000000001 3.4000000000000004 2.8000000000000003 4 10.200000000000001 4.2 7.4 2.4000000000000004 3.8000000000000003 2.8000000000000003 2.2 0 12.600000000000001 1.4000000000000001 3.6 4.4 7 2 0 0 0.8 5 0 0 0 0 0 0 0 0 0.2 0 0 0 0 0 0 2.6 4.6000000000000005 0 0 0 0.2 0 0 0 0 0 0 0 0 0 1.6 0 0 0 0 0 0 1.6 0 0 0 0 0 0 0 0 0 0 0 0 0 0 0 0 0.4 0 0 0 0 5.2 0.4 0.2 3.6 0.2 0 0 2 6.4 3.4000000000000004 0 2.8000000000000003 3.8000000000000003 1.8 0.2 3.6 0 0 3.8000000000000003 0 0 0 0 0 0 0 0 0 0 0 5.4 0 0 0 0 0 9.8 6.6000000000000005 0 0 0 0 0 0 0 0.4 0 0 0 0 0 0 0 0 0 0 0 0 0 0 0 0 0 0 0 0 0 0.2 0 0 0 0 0 0 0 0 0 0 0 3.4000000000000004 0 0 0 0.4 18.2 0 0.6000000000000001 0.4 0 2.4000000000000004 2 0 0 0 0 0 0.4 0 0 0 2.8000000000000003 0 0 0 0 0 0 0 0 0 0 0 0 0 4.6000000000000005 1.8 0 0 0 0 0 0 0 0 0 0 0 0 
 21.8 32.800000000000004 48.2 33.800000000000004 0 36 74.2 32.4 19.6 24.400000000000002 54 88.4 17.2 42 32.2 13.4 24.6 28.6 10 44 0.2 6.800000000000001 0 0.4 1.2000000000000002 0.6000000000000001 32.6 29.200000000000003 0 0 0.6000000000000001 6.6000000000000005 0.2 0.8 14.8 1 14.8 0.2 24.200000000000003 0.8 0.6000000000000001 0 0 0 0 0.6000000000000001 0 0 0 0 0 0 0 0 0 0 0.4 0.6000000000000001 0.6000000000000001 0.4 0.4 0.2 0 0.4 0 0.4 0 0.6000000000000001 15.600000000000001 0 0.6000000000000001 0 0 0 0 0.2 0 0.2 0 0 2.8000000000000003 3.6 0 3.4000000000000004 0 4 4.2 2.6 4.800000000000001 0 2.6 0 0 0.2 1.6 0 0 2.6 0 0 4.2 2.8000000000000003 0 0 0 0 2.2 4.4 4.6000000000000005 0 0 1.4000000000000001 3.4000000000000004 2.2 3.8000000000000003 0 0 2 1.2000000000000002 4.6000000000000005 0 0 0 0 0 0 0.2 0 0 0 0 2.8000000000000003 0 0 0 0 0.2 0 0 0 0.4 0 0 0 0 0 0 0 0 0 0 0 0 0 0 0 0 0 0 0 0 3.2 0.2 1.2000000000000002 1.2000000000000002 1.6 0 2 0 3.6 0.2 0 1 0 0 0 3.6 2.8000000000000003 0 0 2 0 0 1.4000000000000001 0 0 1.8 0 0 0 0 0 9.8 1.2000000000000002 0.4 2.4000000000000004 0 0 2.4000000000000004 4 0 0 0.4 0 0 0 0 0 0 0 0.4 0 0 0 0 0 0 0 0 6.2 0 0 0 0 0 0 0 0 0 0 0 0 0 0 0.2 0 0 0 0 0 0 0 0 0 0 0.2 0.8 0 18.400000000000002 1.6 2.2 2 2.2 0 0 0 0 0 0 0 0.2 1.4000000000000001 4.800000000000001 0 0 0 0 0 0 0 0.8 0 0 0 0 0 0 0 0 0.2 0 0 0 0 0 4 0 0 0 0.2 
 46.2 72.60000000000001 28.8 67.60000000000001 36 0 6.4 10.600000000000001 39 41.800000000000004 30 37.4 4.6000000000000005 9.200000000000001 11.8 18.8 36.6 26.6 9.8 9 15.200000000000001 0.4 16.400000000000002 15.200000000000001 1.2000000000000002 0.4 19.8 1 0.4 0.6000000000000001 1.4000000000000001 0 38 30.400000000000002 0.2 1 0 0.4 30.400000000000002 33.800000000000004 0.8 0 0.2 0.6000000000000001 0.8 0.8 0 1 0.8 1.2000000000000002 0.2 1 0.4 0 0.8 13.8 1.2000000000000002 0.6000000000000001 0.6000000000000001 0.8 0 1.6 0.4 1.2000000000000002 1.4000000000000001 0.4 0 0.6000000000000001 8.8 0 0.8 0 0 1 0 0.4 0 0 0 0.6000000000000001 0 0 3 2.2 2.8000000000000003 2.8000000000000003 0 0 3 0 5.4 5.6000000000000005 0 0 0 0 14.4 3.8000000000000003 0 0 2.8000000000000003 2.6 0 0 0 0 4.6000000000000005 0 0 1.8 0 0 4.6000000000000005 8.4 7.2 2.4000000000000004 6.6000000000000005 0 1.6 1.8 0 0 0 0 0 0 0 0 0 0 0 0 0 0 0 0 0 0 0 0 0 0 0 4.2 0 0 6.6000000000000005 0.8 0 0 0 0 0 0 0 0 0 0 0 0 0 0 2 0 0.2 2.6 0 0.2 2.6 1.6 2.2 15.4 4.4 0 0 4.6000000000000005 0 1.8 0 0 3.6 2.4000000000000004 4.6000000000000005 0 0 0 5.800000000000001 0 9.4 2 0 0 6.2 4.2 1.2000000000000002 0 0 0 2.4000000000000004 0.6000000000000001 0 0 2 0 0 0 0 0 0 0 0 0 0 0 0 0 0 0 0 0 0 0 0 0 0 0 0 0 0 0 0 0 0 0 0 0 0 0 0 0 0 3 3 0 0 0.4 20.200000000000003 0.2 1.2000000000000002 17.400000000000002 0 1.8 0 8 0 0 0 0 0 0.4 0 0.2 0.2 0 0 0.4 0 0 0 0 0 0.8 0 0 0 0 0 0 0 1.6 0 0 0 0 0 0 0 0 0 0 
 44.800000000000004 32 43.800000000000004 66.2 74.2 6.4 0 71.4 45.400000000000006 46.2 7.2 4.2 33.4 61 44.2 34.2 8.6 24.6 27.400000000000002 23.400000000000002 0 0.8 0 0 0.6000000000000001 0.4 0 0 0 0 0 0 0 0.4 0 0 0 0 3.4000000000000004 0.6000000000000001 0.6000000000000001 0 0 0 0 13 0 0 0 0 0 0 0 0 0 0 0.4 0 0.4 0.4 0 0 0 0.4 0 0.4 0 0.6000000000000001 0 0 0.6000000000000001 0 0 0 0 0 0 0 0 0 5 4 2 4.2 4.2 0 12.600000000000001 2.4000000000000004 5 0 2.6 2.6 0 1.8 5.6000000000000005 4 2.2 4.4 0 1 0 0 0 0 0 0 0 0 0 0 0.2 0 0 0 0 0 0 0 0 0 0 0 0 0 0 0 0 0 0 0 0 0 0 0 0 0 0 0 0 0 0 0 0 0 0 0 0 0 0 0 0 0 0 0 0 0 0 0 0 0 0 7 0 8.4 4.6000000000000005 0 0 3 1.4000000000000001 3.6 0.2 0 0.4 0.2 5 2.2 4 4.800000000000001 2.4000000000000004 0 0 0 0 0 0 0 0 0 0 0 0 0 10.8 0 0 0 0 0 0 2.2 0 0 0 0 0 0.2 0 0 0 0.2 0 0 0 0 0 0 0 0 0 0 0 0 0 0 0.2 0 0 0.4 0 0 0 0 0 0 0 0 0 0 0 0 0 0 0 0 0 0.8 0 0 0.2 0.2 0 3.4000000000000004 1.8 0 0 0 0 0 0 0 0 0 4.6000000000000005 0 0 0 0 0 0 0 0 0 0 0 0 0 1.8 0 0 0 0 0 0 0 0 0 0 0 0 0 
 13.600000000000001 36.800000000000004 21.8 97.2 32.4 10.600000000000001 71.4 0 19.8 65 44.400000000000006 7 39.800000000000004 28.6 10 23.400000000000002 41.400000000000006 35.4 55.400000000000006 19.200000000000003 0.4 0 0 19.8 0.6000000000000001 0.4 0 0 0 0 0 0 0 0.4 0 0 0.6000000000000001 0 12.200000000000001 0.6000000000000001 9.600000000000001 0 0 0.4 0 0.4 0 0 0.4 0 0 0 0.6000000000000001 0 0 0 0.4 0 0.4 0.4 0 0 0 0.4 0 0.4 0 0.6000000000000001 0 0 0.6000000000000001 0 0 0.4 0 0 0 0 0 0 2.8000000000000003 1.6 0.4 11.8 0 7.2 4.6000000000000005 9.600000000000001 1 1.2000000000000002 2.4000000000000004 0.2 2.8000000000000003 0.4 4.4 6 0 3.2 1.8 7.2 0 0 0 0 0 0 0 1.8 0 3.8000000000000003 0 0 0 0 0 0 0 0 1.2000000000000002 0 0 0 0 0 0.4 0 0 0 0 0 0 0 0 0 0 0 0 0 0 0 0 0 0 0 0 0 0 0 0 0 0 0 0 0.4 0 0 0 0 0 0 0.2 3 0 5.4 0 4.2 2.6 4.2 4.2 1 3.6 4 0 0 0 2 0 1.6 1.2000000000000002 0 0 0 0 0 0 0 0 0.2 0 0 0 0 2.8000000000000003 0 0 0 0 0 8.6 0 2 1.4000000000000001 0 0 0 0 0 0 8.6 0 0 0 0 0 0 0 0 0 0 0 0 0 0 0 0 0 0 0 0 0 0 0 0.2 0 0 0 0 0 0 0 0 0 0 0 0 0 0 0 0 17.2 0.2 0.2 2.2 0 0 0 0 0.4 0 0 0 0 0 0 0 0 0 0 0 0 0 0 0 0 0 1.2000000000000002 6.2 0 0 0 0 0 0 0 0 0 0 0 0 0 
 51 40.2 61.400000000000006 67.4 19.6 39 45.400000000000006 19.8 0 16 43 23.200000000000003 58.400000000000006 58.6 38.800000000000004 87 30.200000000000003 86.4 29.200000000000003 21.6 0 0 0 0 0.6000000000000001 0.4 0 0 0.6000000000000001 0 0 0 0.2 0.4 0 0 0 0 15.200000000000001 0.6000000000000001 0.6000000000000001 0 0 0 0 0.4 0.2 0 0 0 0 0 0 0 0 7 0.4 0 0.4 0.4 0 0 0.6000000000000001 0.4 0 0.4 7.2 0.6000000000000001 0 0 0.6000000000000001 0 0 0 0 0 0 0 0 0 1.8 2.2 5.4 11.8 4 12.8 0 6 7.6000000000000005 3.6 0 3.4000000000000004 0 5 0 0 1.8 0 1.8 0 0.2 3.4000000000000004 0 0 0 0 0 0 2 0 0.4 0 0 0 0 0 0 0 0 8.8 0 0.2 0 0 0 0 0 0 0 0 0 0 0 7.4 0 0 0 0 0 0 0.6000000000000001 0 4.6000000000000005 0 0 0.4 0 0 0 0 0 0 0 0 0 0 0 1.2000000000000002 0 0 0 2.8000000000000003 3.4000000000000004 0 0.2 3.8000000000000003 0 0 8.6 0 3.2 6 0.2 2.2 0 0 0 0 0.2 0 3.4000000000000004 0 0 0.4 0 0 1.4000000000000001 0 0 0 0 0 1 0.2 0 0 0 0 4.6000000000000005 3.6 0 0 0 0 0 0.4 0 0 0 0.2 0 0 0 0 0 0 0 0 0 0 0 0 0 0.4 0 0 0 0 0 0 0 0 0 0 0 0 0.4 0 0 0.8 0 1.8 0 0 0 0.4 17.400000000000002 0 17.8 0 2.4000000000000004 1 0 0 0 0 0 0 0 0 0 0 2.8000000000000003 0 0 0 0 0 0 0 0 0 0 0 0 2.2 5.2 0 0 0 0 0 0 0 0 0 0 2.8000000000000003 0 0 
 14.600000000000001 6.800000000000001 45.6 16.6 24.400000000000002 41.800000000000004 46.2 65 16 0 46.6 35.6 11.4 12.8 82.2 37 9.8 54.6 11 14.600000000000001 14.8 0 0 0 0.6000000000000001 0.4 29.200000000000003 2.4000000000000004 0 0 0 0 15.200000000000001 8 15.8 0 0 0 46.2 12 0.6000000000000001 0 12.4 0 0 0.4 0 0 0 0 0.4 0 0 0 0 0 0.4 0 0.4 0.4 0 0 0 0.4 0 0.4 0 0.6000000000000001 6.800000000000001 12.4 0.6000000000000001 0 0 0 0.4 0 0 0 0 0 0 1.8 0 3.4000000000000004 8.200000000000001 0.2 4.4 0 2.4000000000000004 0 0.4 1.6 0 0.4 0 3.6 2 5.2 0 0 0 1.2000000000000002 0 0 0 0 6.2 0 0 0 0 0 7 2.2 4 0 0 0 11.4 0 0 0 0 0 0 0 0 0 0 0 0 0 0 0 0 0 0 0 0 0 0 0 0 0 0 0 0 0 0 0 0 0 0 0 0 0 0 0 0 0 1.2000000000000002 2.8000000000000003 2.8000000000000003 0 4 3.2 0 2.2 0 6.4 3.4000000000000004 5.2 0.8 0 2.2 4.4 0 6.800000000000001 0 2 1.8 0.2 0 0 0 0 3.8000000000000003 0 0 0 0 0 7.2 9 1.4000000000000001 4.800000000000001 0 0 0.2 0.4 0 0 0 0 0 0 0 0 0 0 0 0 0 0 0 0 0 0 0 0 0 0 0 0 0 0 0 0 0 0 0 0 5.4 0 0 0 0 0 0 0 0 0 0 0 0 0 18 0 0 9.4 0.6000000000000001 1.4000000000000001 0 0 0 0 0 0 0 0 0 0 0 0 0 0 0 0 0 0 0 0 0 0 0 0 2.8000000000000003 0 0 0 0 0 0 0 0 0 0 0 0 0 
 20.8 46.6 70.8 57.2 54 30 7.2 44.400000000000006 43 46.6 0 33.4 7.800000000000001 41.400000000000006 33 17.8 35.6 48.6 28.8 75.2 15 0 0 0 0.6000000000000001 0.4 0.2 15.600000000000001 0 0 0 0 15.600000000000001 5.2 7.2 0 0 0.2 45 20.8 1.8 0 0 0 0 0.6000000000000001 0 0 0 0 0 0 0 0 0 12.4 0.4 0 0.4 0.4 0 0 0 0.4 0 0.4 0 0.6000000000000001 0.2 0 0.6000000000000001 0 0 0 0 0 0 0 0 0 0 4.800000000000001 5.800000000000001 6.2 0 5.2 3 2.4000000000000004 0 0 2.6 3.2 0 2.2 1.8 0 0.2 5 0 0 0 2.8000000000000003 2.8000000000000003 0 0 0 4.4 1.6 0 0 0 0 3.2 3.6 7 0 0 0 2.4000000000000004 4 0 0 0 0 0 0 0.4 0 0 0 0 0 0.4 0 0 0 0.4 0 0 0 0.2 0 0 0 0 0 0 1.4000000000000001 0 0 0 0 0.2 0 0 0 0 0 0 0 0.4 4.2 0.4 3.6 3.6 4.4 0 0 0 1.2000000000000002 3.4000000000000004 8.8 0 0 0 0 3.8000000000000003 5.4 0 0 0.4 0 0 0 0 0 8.200000000000001 0.2 0 0 0 0 8.200000000000001 0.4 4 0.4 0 0 2.2 5.6000000000000005 0 6.4 0 0 0 0 0 0 0 0 0 0 0 0 0 0 0 0 0 0 0 0 0 0 0 0 0 0 0 0 0 0 0 0 0.4 0 0 0 0 0 0 4.4 0 0 0 0.6000000000000001 19.6 0.4 0.2 17.400000000000002 0 0 1.8 0 0.4 0 0 0 0 0 0.2 0 3.6 0 0 0 0 0 0 0 0 0 0 0 0 0 0 0 0 0 0 0 0 0 0 0 0 0 0 0 
 6.2 8.200000000000001 11.600000000000001 11 88.4 37.4 4.2 7 23.200000000000003 35.6 33.4 0 8.200000000000001 4.800000000000001 5.4 10.600000000000001 36.4 13 26.400000000000002 13.8 14.8 0 15.200000000000001 0.2 1.2000000000000002 0.8 0.4 15.600000000000001 0 0.4 0.2 0 14.8 5.6000000000000005 7 0 0 0.2 14.8 24.200000000000003 1 0 0 0 0.6000000000000001 0.4 0 0.2 0.2 12.600000000000001 0 0 0 0 0 0.2 0.4 0 0.4 0.4 0 0 0 0.6000000000000001 0 0.6000000000000001 0 0.6000000000000001 0 0 0.6000000000000001 0 0 0 0 0 0 0 0 0 0 0 0 0.2 0 0 0 0 0 0 3.6 2.2 0 0 0 0 0 0 0 0 3.8000000000000003 7 7.2 0 0 0.2 6.4 0 0.8 2.2 2.8000000000000003 0 3.2 7.800000000000001 4 0 0 0 1.4000000000000001 2.2 0 0 0 0 0 0 0 0 0 0 0 0.8 0 0 0 0 0 0 0 0 0 0 1 0 0 0 0 0 0 0 0 0 0 0 0 0 0 0 0 0 0.4 0 0 0 0 0.2 0 0 0 0 0.2 4.2 0 0 0 0 0.2 2.6 0 0 0 0 4.4 0 2 0 6 0.2 0.4 0 2 0 5.800000000000001 0.4 1.8 6.4 0 0 0.2 2.4000000000000004 0 0 0 0 0 0 0 0 0 0 0 0 0 0 2.2 0 0 0 0 0 0 0 0 0 0 0.2 0 0 0 0 0 0 0 0 0 0.2 0 0 0 0 0 0 0 0 0 0.2 17.400000000000002 0 9 18 1 1.8 0 0 0 0 0 0 0 0 0 0 0 0 0 0 0 0 0 0.8 0 0 0 0 0 0 0 0 0 0 0 0 0 0 0 0 0 0 0 0 
 11.4 31 32.6 75.60000000000001 17.2 4.6000000000000005 33.4 39.800000000000004 58.400000000000006 11.4 7.800000000000001 8.200000000000001 0 20.6 7.800000000000001 25.400000000000002 7.4 13.8 48.800000000000004 47.2 0 0 0 0 0.6000000000000001 0.4 0 0 0.4 0 0.2 0.4 0 0.4 0 0 0 0 0 0.6000000000000001 0.4 0 0 0 0 0.8 0 0 0 0.4 0 0 0 0.4 0 0 0.4 0 1.2000000000000002 0.4 0 0 0 1.2000000000000002 0.4 0.6000000000000001 0 0.6000000000000001 0 0 0.6000000000000001 0 1 0 0 18.6 0 0 0 0 5.6000000000000005 6 3.8000000000000003 0 0 1.2000000000000002 0 7.4 4.2 0 0 0 0 7.800000000000001 0 4 3.8000000000000003 1.8 16.400000000000002 0 0 0 0 0 0 0 0 0 0 0 0 0 0 0 0 0 0 0 0.2 0 0.4 0 0 0 0 0 0 0 0 0 0 0 0 0 0 0 0 0 0.4 2.8000000000000003 1.6 0 0 0 0 0 0.4 0 0 0 0 0 0 0 0 0 0 0.4 0 0 0 0 4.6000000000000005 0.2 4 1.4000000000000001 2.2 0 0.2 0.4 0 0 0 2.8000000000000003 3.8000000000000003 1.8 2.2 2 3.4000000000000004 2 0 0 0 0 0 3.8000000000000003 0 0.2 0 0 0 0 0 0 0 0 0 0 0 0 0 0 0 0 0 0 0 0 0 0 0 0 0 0 0 0 0 0 0 0 0 0 0 0 0 0 1.2000000000000002 0 0 0 0 0 0.2 0 0 0 0 0 0 0.4 0 0 0 0 0 0.4 0 0.4 0 0.4 0 0 0 0 0 0 0 0 0 0 0 0 0 0 0 0 0 0 0 0.2 0 0 0 0 0 0 3.2 2 0 0 0 0 0 0 0 0 0 0 0 0 
 25.8 19.8 26.6 33.4 42 9.200000000000001 61 28.6 58.6 12.8 41.400000000000006 4.800000000000001 20.6 0 43 29 29.6 37.4 52.800000000000004 15.4 0 0 0 0.6000000000000001 0.6000000000000001 0.4 0 0 0 0 0 0 0 0.4 0 0 0 0.8 14.8 0.6000000000000001 0.6000000000000001 0 0 0 0 0.4 0 0 0 0 0 0 0 0 0 0 0.4 0 0.4 0.4 0 0 0 10.600000000000001 0 0.4 8.8 0.6000000000000001 0 0 0.6000000000000001 0 0 0.2 0 0 0 0 0 0 2 3.4000000000000004 3.4000000000000004 3.4000000000000004 0 5.800000000000001 0.4 9 7.2 4.2 0 3 3.2 3.2 8.8 0.2 7.4 3.6 0 0 0 0 0 0 0 0 0 0 0 0 0 0.2 0 0 0 0 0 0 2.4000000000000004 4.2 0 0 2.4000000000000004 0 0 0 0 0 0.2 0 0 0 0 0 0 0 0 0 0 0 0.4 0 0 0 0 0 0 0.2 0.2 0 0.4 0 0 0 0 0 0 0 0 0 4.6000000000000005 2.4000000000000004 5 2.2 4.6000000000000005 0 1.4000000000000001 4.6000000000000005 0.8 5.4 3.2 0 1.4000000000000001 0 2.8000000000000003 1.4000000000000001 3.8000000000000003 0 0 0.2 0 2.8000000000000003 0 0 4.2 0 0.2 2.4000000000000004 3 0 0.4 0 6 0 0 0 0 0 0 1 0 0 0 0 0 0 0 0 0 0 0 0 0 0 0 0 0 0 0 0 0 0 0 0 0 0 0 0 0 0 0 0 0 0 0 0 0 0 0 0 0 0.8 0 0 0 0.4 0 0 0 0 0 0.6000000000000001 0 2.4000000000000004 0 0 0 0 0 0 0 0 3 0 0 0 0 0.4 0 0 0 0 0 0 0 0 0 1.2000000000000002 0 0 0 0 0 0 0 0 0 0 0 0 
 69.8 14 49.2 33 32.2 11.8 44.2 10 38.800000000000004 82.2 33 5.4 7.800000000000001 43 0 38.800000000000004 8.8 13.8 7.6000000000000005 25 0.2 0 0 0.4 0.6000000000000001 0.4 0 0 0.6000000000000001 0 0 0.4 0.4 0.4 0 0.4 0 0 0 0.6000000000000001 1 0 0 0 0 1.2000000000000002 0 0 0.6000000000000001 0 0.8 0 0 0 0 0 0.4 0 0.4 0.4 0 0 0 10.4 0 0.4 0.2 0.6000000000000001 0 0 0.6000000000000001 0 0 0 0 0 0 0 10.200000000000001 0 3.8000000000000003 2.2 3.8000000000000003 5.6000000000000005 10 2.8000000000000003 9 6.2 4.800000000000001 2.8000000000000003 0 8.6 0 0.2 2.6 4 11.600000000000001 5.6000000000000005 0.2 0 0 0.2 0 0 0 0 0 0 0 0 0 0 0 0 0 0 0 0 1.2000000000000002 4.4 0.4 0 0 0 0 0 0 0 0 0 0 0 0 0 0 0 0 0 0.4 0 1 0 0 0 0 0 0.2 0 0 0 0 0 0 0 0 0 0 0 0 0 4.4 2.8000000000000003 3 6 2.2 2.2 0 1.6 0.4 6.2 1.8 0.2 2.2 0 8.4 4.2 3 2.2 2.4000000000000004 3.8000000000000003 0 0 0 0 0 0 0 4.4 0 0 0 0 6 0 0 0 0 0 3.8000000000000003 2.8000000000000003 0 0 0 0 0 0 0 0 0 0 0 0 0 0 0 0 0 0 0 0 0 0 0 0 0 0 0 0 0 0 0 0 0.4 0 0 0 0 0 0 0.4 0 0 0 0 0 0.2 0.6000000000000001 0 1 0 0 1.2000000000000002 0.4 0 0 0 0 0 0 0 0 0 0 0 0 0 0 0 0 0.2 0 0 0 0 0 0 2 2.2 0 0 0 0 0 0 1.6 0 0 0 0 0 
 9 47.800000000000004 19.6 31.400000000000002 13.4 18.8 34.2 23.400000000000002 87 37 17.8 10.600000000000001 25.400000000000002 29 38.800000000000004 0 28.6 28 35.4 10 0 0 0 0 0.6000000000000001 0.4 0 0 0 0 0 0 15.8 15.200000000000001 0 1.8 0 0 0.2 0.6000000000000001 0.6000000000000001 0 0 0.4 0.4 0.6000000000000001 0 0.2 0 0 0 0 0 0 0 12.200000000000001 0.4 0 0.6000000000000001 0.4 0 0 0 0.4 0 0.4 0 0.6000000000000001 0 0 0.6000000000000001 0.4 0 0 0 0 0.4 1 0 0.2 4 4.4 5.6000000000000005 0.6000000000000001 4.6000000000000005 0 1.8 0.2 3.2 6.6000000000000005 0.6000000000000001 4.2 2.6 2.8000000000000003 3.6 8.200000000000001 4.2 0 3.8000000000000003 2 0 0 0 0 0 0 0 0 0 0 0 0 0 0 0 0 0 0 0 0 0 0 0.4 0 0 0 0 0 0 0 0 0 0 0 0 0 0 0 0 0 0 0 0 0 0 0 0 0 0 0 0 0 0 0 0.4 0 0 0.8 0 0 0 7.2 4.800000000000001 6.4 1.2000000000000002 0 1 2.2 2.4000000000000004 0 2.2 1.8 2.2 2.8000000000000003 3.2 1.2000000000000002 2 8.6 2.2 2 3.8000000000000003 0 0 0 0.2 0 0 0 2 0 0 0 0 4 0 0 0 0 4.6000000000000005 0 0 0 0.4 0 0 0 0 0 0 0 0 0.4 0 0 0 0 0 3.8000000000000003 0 0 0 0 0 0 0 0 0 0 0.4 0.4 0 0 0 0.4 0 0 0 0 0 0 0 3.8000000000000003 0 0 0 0.4 3.6 0 0.6000000000000001 0.8 0.4 1.6 0 0.2 0 0 0 0 0 0 0 0 0 0 0 0 0 0 0 0 0 0 0 0 0 3 5.6000000000000005 0 0 0 0 0 0 0 0 0 0 0 0 0 
 26.6 28.400000000000002 30 7.4 24.6 36.6 8.6 41.400000000000006 30.200000000000003 9.8 35.6 36.4 7.4 29.6 8.8 28.6 0 14 8.8 6.6000000000000005 0.4 0 0 0.2 0.6000000000000001 1.4000000000000001 14.600000000000001 0 0 0 0 0 0 0.4 15.200000000000001 1.2000000000000002 0 0.4 0.2 1 0.6000000000000001 1.4000000000000001 0 0 0 0.6000000000000001 0 0 0.4 0 0 0 0 0 0 0 0.4 0 0.4 0.4 0 0 0 0.4 0 0.4 0 0.6000000000000001 8.4 0 1 0.4 0 0 0 0 0 0 0.4 0 0.6000000000000001 0 0 0 0.2 1.8 0 6.4 3.6 8.6 0 0 4.800000000000001 2 9.200000000000001 3.6 0.4 0 0 0 0 0 0 0 0 0 2 0 0 0 0 0 3.8000000000000003 0 5.4 0 0 0.4 2.4000000000000004 0.2 0 0 0 0 0 0 0 0 0 0 0 0 0 0 0 0 0 0 0 0 0 0 0 0 0 0.4 0 0 0 0 0 0 0 0 0 0 0 3.6 0 0 2 4 5.2 2.6 0.2 0 2.2 2.8000000000000003 8.6 0 0 0.2 4.4 0.2 0.2 1.4000000000000001 0 3.6 0 0 0 0.2 0 0 1.8 0 2 0 0.4 0 0 3 3.6 2.4000000000000004 9.600000000000001 0 0 0 0 0.2 0 0 0 0 0 0 0 0 0 2.4000000000000004 0 0 0 0 0.2 0 0 0 0 0 0 0 0 1.8 0 0.2 0 0 0 0 0 0.4 0 0 0 0.2 0 0 0 0 0 0 0 0 0 0 0.4 0 0.2 9 0 0.6000000000000001 0 0 0 0 0 0 0 0 0 0 0 0 0 0 0 0 0 0 0 0 0 0 0 1.8 4 0 0 0 0 0 0 0 0 0 0 0 0 0.2 
 69.60000000000001 20.6 97.4 89.4 28.6 26.6 24.6 35.4 86.4 54.6 48.6 13 13.8 37.4 13.8 28 14 0 25 5.800000000000001 0 0 0 0 0.6000000000000001 0.6000000000000001 0 0 0 0 0 0.2 0.2 15.200000000000001 0 0 0 0 30 15.8 13.8 0 0 0 0.4 0.6000000000000001 0 0 0.4 0 0 0.2 0.2 0 0 7.2 0.4 0 0.6000000000000001 0.4 0 0 0 0.4 10.200000000000001 0.4 0 1.2000000000000002 0 0 0.6000000000000001 0 0 0 0 0 0 0 0 0 3.4000000000000004 2.8000000000000003 5.6000000000000005 0 0 8.4 3 8.8 5 4.800000000000001 1.8 4 3.6 3.8000000000000003 5.800000000000001 0 9.600000000000001 6.6000000000000005 0 0 0 2 0 0 0 0 0 0 0 0 0 0 0 0 0 0 0 0.2 0.2 23 0 0 0 0 0 0 0 0 0 0 0 0 0 0 0 0 0 0 0 0 0.8 0.2 0.2 0 0 0 0 0 0 0 0 0 0 0 0 0 0 0 0 0 2.2 0 9.4 0 0.2 0 2.2 3.4000000000000004 5 0 3.2 0 3.4000000000000004 2.6 2.8000000000000003 1.4000000000000001 0.2 0 0 0 5.6000000000000005 0 0 2.8000000000000003 0 0 0 0 0 0 0 0 4 0.2 0 0 0 0 2 4.4 0 0 0 0 0 0 0 0 0 0 0 0 0 0 0 0 0 0 0 0 0 0 0 0 0 0 0 0 0 0 0 0.2 0 0 0 0 0 0 0 0 0 4.6000000000000005 0 0 0 0 17.400000000000002 0 0.4 0 0 2.2 0 0 0 0 0 0 0 0 0 0 2.8000000000000003 0 0 0 0 0 0 0 0 0 0 0 0 0 0 1.4000000000000001 0 0 0 0 0 0 0 0 0 0 0 0 
 24 5.4 53.400000000000006 31.400000000000002 10 9.8 27.400000000000002 55.400000000000006 29.200000000000003 11 28.8 26.400000000000002 48.800000000000004 52.800000000000004 7.6000000000000005 35.4 8.8 25 0 36.6 0 0 0 0 0.6000000000000001 0.4 0 0 0 0 0 0 0 0.4 0 0 0 0 0 0.6000000000000001 0.6000000000000001 0 0 0 0 0.4 0 0 0 0 0 0 0 0 0 0 0.4 0 0.4 0.4 0 0 0 0.4 0 10.600000000000001 0.6000000000000001 0.6000000000000001 0 0 0.6000000000000001 0 0 0 0 0 0 0 0 0 6.4 0.2 1 0.2 0 2 0 5.800000000000001 4.6000000000000005 6 0 0 4 8 4.2 1.8 0 0 2 3.2 0 0 0 0.2 0 0 0 0 0 0.4 0 0 0 0 0 0 0 0 0 0 0 0 0 0 0.2 0 0 0 0 0 0 0 0 0 0 0 0 0 0 0 0.4 0 0 0 0 0 0 0 0 0 0 0 0 0 0 0 0.4 0.6000000000000001 0 0 2 2.8000000000000003 3.6 0 0.2 0 2.4000000000000004 1.6 11 0 0.4 0 2.6 3.6 0 0 0 0 0 0 0 0 0 0 0 0 0 1 0 0 0 0 0 0 0 0 0 0 0.2 0 0 0 0 0 0 0 0 0 0 0 0 0 0 0 1.4000000000000001 0 0 0 0 0 0 0.4 0 0 0.4 0 0.4 0.2 0 0 0 0 0 0 0 0 0 0 0 0 0 0 0 0 0.4 0 0 0 0 0 0 2 0 0 0 0 0 0 0 0 0 0 0 0 0 0 0 0 0 0 0 0 0 0 0 1.4000000000000001 4.2 0 0 0 0 0 0 0 0 0 0 0 0 0 
 62.6 52.800000000000004 7 89.60000000000001 44 9 23.400000000000002 19.200000000000003 21.6 14.600000000000001 75.2 13.8 47.2 15.4 25 10 6.6000000000000005 5.800000000000001 36.6 0 0 0 0 0.4 0.6000000000000001 0.4 0 0 0 0 0.4 0 0.2 0.4 0 0 0 0 0.2 0.6000000000000001 0.6000000000000001 0 0 0 0 0.4 0 0 0 0 12.4 0 0 0 0 0 0.4 0 0.4 0.4 0 0 0 0.4 0 0.4 0 0.6000000000000001 0 0 0.6000000000000001 0 0 0 0 0 0 0.2 0 0 8.6 0 0.4 0 0.2 0 6.2 4.2 0 6.800000000000001 1.8 0 3.4000000000000004 0.2 2.6 2.2 0 4.4 1.6 11.200000000000001 0 0 0 0 0 0 0 0 0 0 0 0 0 0 0 0 0 0 0 0 0 0 0 0 1.8 0 0 0.2 0 2.8000000000000003 0 0 0 0 0 0 0 0 0 0 0 0 0 0.2 0 0 0 0 0 0.2 0 0 0 0 0 0 0 0 0 0 0 3.6 0 3.8000000000000003 1.2000000000000002 0 4.6000000000000005 0.6000000000000001 0.2 0 0 0 4.6000000000000005 0.2 0 0 3 6.800000000000001 2.2 3.4000000000000004 0 0 0 0 0 0 0 0 0 0 0 0 3.6 0 0 0 0 0 0 0 0.2 0 0 0 0 0 0 0 0 0 0 0 0 0 0 0 0 0 1.2000000000000002 0.2 0 0 0 0 0 0 0 0 0 0 0.2 0 0 0 0 0 0.4 0 0 0 0 0 0 0 0 0 0 0.4 0 17.400000000000002 0 1.8 3.4000000000000004 0 0 0 0 0 0 0 0 0 0 0 0 0 0 0 0 0 0 0 0 0 0 2.2 0 0 0 0 0 0 0 0 0 0 0 0 0 0 
 0 0.4 0 0 0.2 15.200000000000001 0 0.4 0 14.8 15 14.8 0 0 0.2 0 0.4 0 0 0 0 36.4 67.8 37.800000000000004 67.2 23.200000000000003 28.8 71.60000000000001 33.6 6.2 44.800000000000004 5.800000000000001 26.8 55.6 21.400000000000002 6.2 30.400000000000002 26.200000000000003 21.200000000000003 43.400000000000006 0 0 0.6000000000000001 0 1.6 0 0 0 0 0 0.4 0 0.4 0.4 0 0.6000000000000001 0.4 0 0.2 0.4 4.2 0 0 0 0 0 0 0 0.8 0.4 0.2 0.6000000000000001 0 0 0 0 0 0.6000000000000001 0.2 0 0 0 0 0 0 0 0 0 0 0 0 0 0 0 4.6000000000000005 0 0 0 0 0 1.8 4.4 6 2.2 0.4 1.8 5.6000000000000005 4.800000000000001 0 1 0 0.4 11.200000000000001 5 4.6000000000000005 7 9.600000000000001 12.200000000000001 4.6000000000000005 0 0 0 0 0 0.2 0 0 0 1.6 0 0 0 0 0 0 0 0 1.6 3 0 0 0 0 0 0 0 0 0 0 0 0 0 0 0 0 0 0 0 0 0 0 0 0 0 0 0 0 0 0 0 4 0 0 0 0 0 0 0 0 0 0 5.2 0.8 4.2 0 1.8 2.2 0.2 2.6 0.4 2.8000000000000003 0 5.2 0 3.4000000000000004 0 8.6 4.800000000000001 0 2.2 0 0 0 0 0 0 2.2 0 0 0 0 0 6.800000000000001 0 0 0 0 0 0 0 0 0 0 0 0 0 0 0.4 0 0 0 0 0 0 0 0 0 0.2 0 0 0 0 0 0 0 0 0 0 0 0 0 0 0 0 0.8 0 0.4 0.2 16 0 1.6 0.6000000000000001 0 0 0 0 0 0 0 0 0 0 0 0 0 0 0 6.4 0 3.4000000000000004 0 0 0 0 0 0 0 0 0 0 
 0 0 0.4 0 6.800000000000001 0.4 0.8 0 0 0 0 0 0 0 0 0 0 0 0 0 36.4 0 18.8 25 15.4 6.800000000000001 14.8 37.6 29.400000000000002 13.600000000000001 20.200000000000003 8 12.4 9 14.200000000000001 39.400000000000006 35.4 23.400000000000002 10.200000000000001 8.8 0 0 0.6000000000000001 0 0.8 0 0 0 12.8 0 0.4 0 0.6000000000000001 0.4 0 0.6000000000000001 0.4 0 0 0.4 0 0 0.8 0 0 0 0 10.200000000000001 0 0.6000000000000001 0 0.6000000000000001 0 0 0 0.2 0 0.6000000000000001 0 0 0 0 0 0 0 3.4000000000000004 0 0 0 0 0 0 0 0 0 0 0 0 0 0 3 2 3 4.2 2.4000000000000004 3.4000000000000004 0 10 1 0.2 2.2 7.800000000000001 9 0 2 1.8 1.8 6.800000000000001 1.4000000000000001 0 0 0 0 0 0 0 0 0.4 0 0 0 0 0 0 0 0 0 0 1.4000000000000001 0 0 0 0 0 0 0 0 0 0 0 0 0 0 0 0 0 0 0 0 0 0.4 0 0 0 0 1.8 0 0 0 0 0 1 0 0 0 1.4000000000000001 0 0 0 0 6 4.2 4.6000000000000005 2 5.2 0 0 1.4000000000000001 0 4.4 0 3.4000000000000004 0 2.6 3.6 5.2 1.8 6 0.6000000000000001 10.200000000000001 0 0 0 0 0 0 0 0 0 0 0 0 5 1.8 0 0 0 0 0 2.6 0 0 0 0 0 0 0 0 0 0 0 0 0 0 0 0 0 0 0 0 0 0 0 0 0 8.200000000000001 0 0 0 0 0 0 0.4 0 1 0.4 0 2.2 0 0 0.2 1.8 0 0 0 0 2 0 0 0 0 0 0 0 0 0 0 0 0 0 0 0.2 0 0 0 0 2.6 0 0 0 
 0 0 0 0 0 16.400000000000002 0 0 0 0 0 15.200000000000001 0 0 0 0 0 0 0 0 67.8 18.8 0 20.200000000000003 58.400000000000006 8.4 34.800000000000004 33.800000000000004 124 38.800000000000004 24.400000000000002 23 30 27.6 13.600000000000001 48.2 8.4 39.6 3.2 42.400000000000006 12.600000000000001 0 0.6000000000000001 0 0 0.2 0 0 0 0 0.4 0 0.4 0.4 0 0.6000000000000001 0.4 0 12.600000000000001 0.4 0.8 0 0 0 0 0 0 0 0 0.4 0 0.6000000000000001 0 0 0 0 0 0.6000000000000001 10.200000000000001 0 0 0 0 0 0 0 0 0 0 0 0 0 0 0 0 0 0 0 0 0 3.6 2 4.4 2.8000000000000003 5.800000000000001 3.8000000000000003 3 0.2 0 10.4 4.800000000000001 0 2.6 5.2 0 2.2 3.8000000000000003 2.8000000000000003 0.8 0 1.4000000000000001 0 0 0 0 0 0 5 5.2 0 0 0 0.4 0 0 0 0 0 5.2 0 0 0 0 0 0 0 0 0 0 0 0 0 0 0 0 0 0 0 0 0 0 0 0 0 0 0 0 0 0 0 0 0 0 0 5 0 6 0 0 0 0.2 2.8000000000000003 9.4 2 2.4000000000000004 3.8000000000000003 5.4 0 4.4 5.6000000000000005 13 0.8 0 1.4000000000000001 8.8 5.2 0 8.200000000000001 0 1.4000000000000001 0 0 0 0 0 0 0 3.6 0 0.2 0 0 6.6000000000000005 8 0 0 0 0 4.800000000000001 1.6 0 0 0 0 0 0 0 0 0 0 0 0 0 0 0 0 0 0 0 0 0 0 0 0 0 0.4 0 0 0 0 0 0 0 0 3.2 0.4 0 19.8 0.2 0 1 0 2.2 0 0 0 0 0 0 0 0 0 0 0 0 0 0 0 0 1.2000000000000002 0 2.2 0 0 0 0 3 0 0 0 
 0 0 0 0 0.4 15.200000000000001 0 19.8 0 0 0 0.2 0 0.6000000000000001 0.4 0 0.2 0 0 0.4 37.800000000000004 25 20.200000000000003 0 27.400000000000002 12.8 22 17 94.80000000000001 64.4 62.400000000000006 38.6 29.200000000000003 76.60000000000001 10.200000000000001 8.200000000000001 8 26.8 63 18.2 0 0 0.8 0 0 0 1.4000000000000001 0 0.2 0 0.4 0 0.6000000000000001 0.4 0.2 0.6000000000000001 0.8 0 0 4.800000000000001 0 0 0 0 0 0 0 0 0 0.6000000000000001 0.4 1.2000000000000002 0 0 0 0.2 0 0.6000000000000001 0 0 0 0 0 0 0 0 0 0 0 0 0 0 0 0 0 0 0 0.2 0 0 0 2.2 1.4000000000000001 7.800000000000001 5 0 2.4000000000000004 2.8000000000000003 1.8 0 6 1.4000000000000001 1.2000000000000002 1.6 0.4 0.2 4.4 2.8000000000000003 0 0 0 0 0 0 0 0 4.6000000000000005 0 0.2 0 0.4 0 1.6 0 0 0 0.2 4.6000000000000005 3.4000000000000004 5.2 0 0 0 0 0 0 0 0 0 0 0 0 0 0 0 0 0 0 0 0 0 0 0 0 0.2 0.2 0 0 0 0 0.4 0 0 0 0 0.6000000000000001 0 0 0 0 0 3.6 1.8 5.800000000000001 3.8000000000000003 4.800000000000001 1.6 0 0 6.6000000000000005 0 2.4000000000000004 0 0 0.2 1.6 4.800000000000001 2 0 1.6 4 0 0 0 0 0 2.6 0 3.2 2.4000000000000004 0 2.2 3.4000000000000004 0 0.2 0 3 0 0 0 0 0 0 0 0 0 0 0 0 0 0 0 0 0.2 0 0 0 0 0 0 0 0 0 0 0 0 0 0 0 0 0.4 0 0 0 1.8 0 0 15.8 0.4 0 1.4000000000000001 0.2 0 0 0 2.8000000000000003 2.4000000000000004 0 0 0 0 0 0 0 0 0 0 0 0 1.2000000000000002 0 0 0 0 0 0 0 0 0 0 
 0.6000000000000001 0.6000000000000001 0.8 0.6000000000000001 1.2000000000000002 1.2000000000000002 0.6000000000000001 0.6000000000000001 0.6000000000000001 0.6000000000000001 0.6000000000000001 1.2000000000000002 0.6000000000000001 0.6000000000000001 0.6000000000000001 0.6000000000000001 0.6000000000000001 0.6000000000000001 0.6000000000000001 0.6000000000000001 67.2 15.4 58.400000000000006 27.400000000000002 0 72.2 9.200000000000001 18.2 73.2 62 21.400000000000002 24.400000000000002 19.400000000000002 61.2 62 64.8 9 27.200000000000003 13 14.600000000000001 13.4 1 0.6000000000000001 0 0.8 0 0 0 0 0 0.4 0 0.6000000000000001 0.4 0 0.6000000000000001 0.4 0.6000000000000001 18.2 0.4 0 0 0 0 0 0 0 0 0 0.6000000000000001 0 0.6000000000000001 0 0 0 0 0.2 0.6000000000000001 0 0 0 0 0 0 0 0 0 0 0 0 0 0.4 0.4 0 0 0 0 0 0 0 0 3 0 3.6 2.8000000000000003 6.2 0 2.4000000000000004 0.2 4 18.8 0 0.2 0 2 4 1.6 2.6 0 0 4.2 0 0 0 0 0 0 5.4 3.6 0 0 0 3.6 0 0 0 0 0 7.800000000000001 1.4000000000000001 0 0 0.2 0 0 0 0 0 0 0 0 0 0 0 0 0 0 0.2 0 0 0 0 0 0 0 0 0 0.2 0 0 0 0 0 0 2.4000000000000004 0 0.6000000000000001 0 0 0 0 1.6 3.2 2.4000000000000004 7.2 7.2 0 1.4000000000000001 3.6 0 8 9.4 0 0 7 0 0.2 4.6000000000000005 0 0 0 0 0 0 0 0 2.2 2.8000000000000003 0 0 0 0 12 3.8000000000000003 0 0 0 0 6.4 1.8 0 0 0 0 0 0 0 0 0 0 0 0 0 0 0 0 0 0 0 0 0 0 0 0 0 0 0 0 0 0 0 0 0 0 0.8 0 0.4 15.8 0.2 0 0.4 0.6000000000000001 0 0 0 0 2 0 0 0 0 0 0 0 0 0 0.4 0 0 0 0 2.8000000000000003 0 0 0.4 0 2.8000000000000003 0 0 0 
 0.8 0.4 0.4 0.4 0.6000000000000001 0.4 0.4 0.4 0.4 0.4 0.4 0.8 0.4 0.4 0.4 0.4 1.4000000000000001 0.6000000000000001 0.4 0.4 23.200000000000003 6.800000000000001 8.4 12.8 72.2 0 66.2 14.200000000000001 9 29.200000000000003 31.8 40.6 11.600000000000001 75 13.200000000000001 73.8 24 14.4 52.6 9.8 1.8 22.400000000000002 0.6000000000000001 13.200000000000001 0.4 1.2000000000000002 23.6 1 0.4 1 1.4000000000000001 0.6000000000000001 15.4 16.400000000000002 26 6.6000000000000005 1.4000000000000001 0.2 20.6 13.200000000000001 0 0 0 1.8 1 0.4 0.4 0 1.2000000000000002 1.4000000000000001 0.6000000000000001 0.8 0 0.6000000000000001 0.6000000000000001 1 1.6 0.6000000000000001 0.2 0 0 0 0 2.4000000000000004 0 0 0 0 0 0 0 0 0 0 0 0 0 0 0 0 2.6 0 0 0 4.800000000000001 2.2 0 0 0.2 0 4.4 4.800000000000001 0 0 0 1.4000000000000001 0 1.8 0 0 3.8000000000000003 2.6 5.800000000000001 2.4000000000000004 0 0 0 5.800000000000001 0 0.2 0.2 0 6 0.4 12.8 8.4 3.8000000000000003 0 2.8000000000000003 0 0 0.2 0 0 1 0 0 0 0 0 0 0 0 0 1.2000000000000002 0 0 0 0 0 0 0 0 0 0 0 0 0 0 0 0 0 0 0 0.2 0 0.4 0 0 0 0 0 0.2 0 0 2.4000000000000004 0 0.2 0 0 6 0 0 0 0 0 0 0 0 0 2 0 7.800000000000001 0 0 0 6.800000000000001 3.8000000000000003 3.6 0 2.4000000000000004 0 2.6 2.4000000000000004 0 4 0 1.2000000000000002 4.6000000000000005 1.4000000000000001 0 0 0 0 0 0 0 0 0 0 0 0 0 0 0 0 0 0 0 0 0 1.8 0 0 0 0.4 0 0 0.4 0 0.4 0 0 0 1 0.2 1.2000000000000002 0.4 2.8000000000000003 0.2 0.6000000000000001 0 13.8 0 0 0.4 0 0 0 0 5 0 0 0 0.2 0 0 1.8 0 0 0 0.4 2.6 0 3.2 0 0 0 0 0 
 0 0 23.8 0.2 32.6 19.8 0 0 0 29.200000000000003 0.2 0.4 0 0 0 0 14.600000000000001 0 0 0 28.8 14.8 34.800000000000004 22 9.200000000000001 66.2 0 34.6 25.8 14 51.400000000000006 7.800000000000001 30.8 99 7.4 4 8.6 7.4 37.800000000000004 56.2 0 0 0.6000000000000001 0 0 0 0 11 0 0 12.8 0 0.4 0.4 0 0.6000000000000001 0.4 0 0 0.4 0 0 1.4000000000000001 0 0 0 0 0 4.6000000000000005 0.4 0 0.6000000000000001 0 0 0 0 0 0.6000000000000001 0.2 0 0 0 5.800000000000001 3.2 3.2 0 0 0 2.4000000000000004 0 0 0 0 0 0 0 2.6 0 0 0 7.6000000000000005 1.8 5.4 0 0 4 5 0.8 2.8000000000000003 2 0 0 5.4 7 2.2 1.8 0 0 5.2 2 0 0 0 0 0 0 0 0 0 0 0 0 0 0 0 0 0 0 0 0 0 0 0 0 0 0 0 0 0 0 2.2 0 0 0 0 0 0 0 0 0 0 0 0 0 2.4000000000000004 5 0 0.2 7.6000000000000005 1.6 0 2.4000000000000004 0.8 0 0 2.4000000000000004 0 0 0 0 1.8 7.800000000000001 0 0.2 0 0 3.6 0 4.4 0 0 13 1.8 3.4000000000000004 2.2 8.6 0 0 0 1.6 0 0 0 0.8 0 0 0 0 0 0 0 0 0 0 0 0 0 0 0 0 0 0 0 3 0 0 0.4 0 0 0 0 0 0 0 0 0 0 0.2 0 0 0 0 0 0 0 0 0 0 0 14.4 0 0 0 0 1.4000000000000001 0 0 0 0 0.4 0 0.4 0 0 0 0 0 0 0 0 0 0 0 0 0 0 0 0 0 0 0 3 0 0 0 3.6 0 0 0 0 
 0 0 0.6000000000000001 0 29.200000000000003 1 0 0 0 2.4000000000000004 15.600000000000001 15.600000000000001 0 0 0 0 0 0 0 0 71.60000000000001 37.6 33.800000000000004 17 18.2 14.200000000000001 34.6 0 16.6 6.2 9 45 36.6 37.6 27 19.6 49.400000000000006 57.2 31.400000000000002 16.8 0 0 0.6000000000000001 0 0 1 0 0.6000000000000001 0 0 0.8 0 1.4000000000000001 0.6000000000000001 0.6000000000000001 1.2000000000000002 0.4 0 1 0.4 0 5.4 0 1.8 0 1.2000000000000002 0 0 0 0.2 0 0.6000000000000001 0 0 0 0 0 0.4 0.4 0 0 0 0 0 0 0 0 0 0 0 0 0 0 0 0 0 0 1.8 0 0 6.6000000000000005 0 6.4 4 0 0 6.6000000000000005 2.6 4.2 2 3 4.2 4.800000000000001 6.6000000000000005 5.4 4 3.4000000000000004 0 1.8 0 0 0 0 0 0 0 0 0.4 0 0 0 0 0 0 0 0 0 0 3.8000000000000003 0 0 0 0 0 0 0 0 0 0 0 0 0 0 0.4 0 0 0 0 0 0 2.6 0 0 0 3.4000000000000004 4.6000000000000005 0 0 0 0 0 0.2 0.2 0 0 0 0 0 0 0 6.4 0.6000000000000001 3 2.2 6 0.2 2 3.2 9.200000000000001 0 0.2 8.200000000000001 0.2 0.2 6.800000000000001 10 0 0 2 3.8000000000000003 0 0 0 0 0 0 0 0 0 0 0 0 2.8000000000000003 0 0 0 0 0 0 0 0 0 0 0 0 0 0 0.2 0 0 0 0 0 0 0 0 2 0.4 0 0 0 0 0 0 0 0 0 0 0 0 0 0 0 0 2.6 0 0.4 0.2 0 0 0.2 0 0 0 0 0 2.6 0 0 0 0 0 0 0 0 0 0 0 0 0 0 2.2 0 0 0 13.600000000000001 2.8000000000000003 0 0 0 
 0.4 0 0 0 0 0.4 0 0 0.6000000000000001 0 0 0 0.4 0 0.6000000000000001 0 0 0 0 0 33.6 29.400000000000002 124 94.80000000000001 73.2 9 25.8 16.6 0 23.8 92.2 53.400000000000006 37.4 49.800000000000004 96.4 25 16.2 30 17.400000000000002 46.2 0 0 1.2000000000000002 0.8 1 0 0.4 0 0.2 0 1 0 0.4 0.4 0 0.6000000000000001 0.4 0 0 0.4 6.4 1 0 0 0 0 0 0.4 0.8 0.4 0 0.6000000000000001 0 0 10.200000000000001 0 0 0.6000000000000001 0.2 0 0 0 0 0 0 3.6 0 0 0 0 0 0 0 0 0 0 0 0 0 0 2.4000000000000004 2.2 4.4 9.200000000000001 2 8.200000000000001 0 10 3.6 1 0 0.2 2.8000000000000003 4.6000000000000005 1.6 4.2 2.8000000000000003 2.6 5 0 0 0 0 0 0 0 0 0 0 0 0 0 0 0 0 0 0 0 0 0 0 0.2 0 0 0 0 0 0 0 0 1 0 0 0 0 0 0 0 0 0 0 0 0 0 0 2 0.2 0 0 0 0 0 0 0 0 1.2000000000000002 0 0 0 0 4.2 6.800000000000001 8.4 0.2 0.8 0 1.8 1.6 2.6 5.800000000000001 2.8000000000000003 5.6000000000000005 0 5.2 6.4 3.8000000000000003 3.8000000000000003 9 0 8.6 0 0 0 0 3 0 0 0 0 0 1.8 0 2.2 0.2 0 0 0 0 0 6 0 0 0 1.4000000000000001 0.2 0 0 0 0 0 0 0 0 0 0 0 0 0 0 0.6000000000000001 0 0 0 0 0 0.2 0 0 0 0 0 0 0 0 1.4000000000000001 0.2 0 0.4 0 0.2 1 0.2 0 0 0 0 0 0 0 0 0 0 0 0 0 0 0 0 0 0 0 4 0 0 0 0 0 0 0 0 
 0 0 0 0 0 0.6000000000000001 0 0 0 0 0 0.4 0 0 0 0 0 0 0 0 6.2 13.600000000000001 38.800000000000004 64.4 62 29.200000000000003 14 6.2 23.8 0 11 28.400000000000002 11.600000000000001 30.6 14.8 79.60000000000001 10.4 41.400000000000006 15.600000000000001 13.600000000000001 0.8 0 0.6000000000000001 0 1.2000000000000002 0 30.6 0.4 0.4 0 0.4 0 0.6000000000000001 2 0 0.6000000000000001 0.4 0.2 15.600000000000001 12.600000000000001 0 0 0 0 0 0 0 0 0 0.6000000000000001 0 7.4 0 0 0 0 0 0.6000000000000001 0.2 0 0 0 0 0 0 2.8000000000000003 0 0 0 0 0 0 0 0 0 0 0 0 0 1.6 4 0 2.6 3.4000000000000004 4 1 2 2.8000000000000003 5.2 0 6.4 1.6 2.6 3 0.8 2.8000000000000003 0 0 1.2000000000000002 0 4 0 5.2 0 0 0 5 2.8000000000000003 0 0 0 0 4.800000000000001 4.2 0 0.2 2 0 0.6000000000000001 0 0 0 0 0 0 0 0 0 0 0 0 0 0 0 0 0 0 0 0 0 0 0 0 0 0 2.6 0 0 0 0 0 0 0 0 0 0.6000000000000001 0 0 0 0 0 2.6 3 13 1.8 3 0 0 0 2.4000000000000004 3.6 2.4000000000000004 0 0 0 5.4 0.2 14 0 10 2.6 0 0 0 0 0 2.6 7 0 2 0 0 0.2 0 0 0 0 0 2.4000000000000004 2.8000000000000003 0 0 0 0 0 0 0 0 0 0 0 0 0 0 0 0 0 0 0 0 0 0 0 0 0 0 0 0 0 0 0 0 0 0 2.2 0.4 0.6000000000000001 11.200000000000001 0 0 0 0 0 0 0 0 0 0 0 0 0 0 0 0 0 0 0 0 0 0 0 6.2 0 0 0 0 0 0 0 1.4000000000000001 
 0 0 0 41.800000000000004 0.6000000000000001 1.4000000000000001 0 0 0 0 0 0.2 0.2 0 0 0 0 0 0 0.4 44.800000000000004 20.200000000000003 24.400000000000002 62.400000000000006 21.400000000000002 31.8 51.400000000000006 9 92.2 11 0 9.4 7.4 8.8 19 24.200000000000003 102 97 17.400000000000002 95 0 0 0.6000000000000001 0.4 0.2 0 0 0 0 0.4 0.4 0 0.6000000000000001 0.4 0 0.6000000000000001 0.4 0 0.2 0.4 6 0 0 0 0 0 0 0 0 0.6000000000000001 0 0.6000000000000001 0 0 0 0 0.4 0.6000000000000001 0.2 0 0.6000000000000001 0 0 0 0 0 0 0 0 0 0 0 0 0 0 0 0 0.2 0 0 1.6 3 2.4000000000000004 3.4000000000000004 3.4000000000000004 6.6000000000000005 0 2.6 0.2 2 0 2.4000000000000004 0 0.2 0.4 4 3.6 14.4 0 0 0 0 0 0 0 0 0 0 0 0 0.4 0 0.2 0 0 0 0.4 0 0.6000000000000001 0 0 0 0 0 3 0 0 0 0 0 0.8 0 0 0 0 0 0 0 0 0 0 0 0 0 0.2 0.2 0 0 0 0 0.4 0 0 0 0 0 0 0 0 0.2 6.4 3.6 0.2 2.2 5.800000000000001 4.4 1.8 0 2.4000000000000004 6.2 0 0.6000000000000001 0 3.6 0 0.4 12.600000000000001 3.2 0.2 4.2 2.2 0 0 0.2 0 0 3 0 0 0 0 0 8.200000000000001 7.6000000000000005 0 0 0 0 0 3.8000000000000003 0 0 0 0 0 0 0 0 0 0 0 0 0 0.2 0 0 0 0 0 0 0 0 0.2 0 0 0 0 0 0 0 0 0 0 0 1 0 0.2 22.6 14.4 0.6000000000000001 3.8000000000000003 0.4 0 0 0 0 0 0 0 0 0 0 0 0 0 0 0 0.2 0 0 0 0 0 0 0 0 0 0 0 0 
 0 0.4 0 0 6.6000000000000005 0 0 0 0 0 0 0 0.4 0 0.4 0 0 0.2 0 0 5.800000000000001 8 23 38.6 24.400000000000002 40.6 7.800000000000001 45 53.400000000000006 28.400000000000002 9.4 0 8.6 5.2 8.200000000000001 39 44.800000000000004 29.6 4.800000000000001 7.4 12.600000000000001 2.4000000000000004 1.6 0 0 1.2000000000000002 25.8 12.8 0 0 0.4 0 1.8 0.4 12.200000000000001 0.6000000000000001 1 0.2 1 8.200000000000001 0.2 10 0 1.6 0 1.2000000000000002 0 0 0 0.6000000000000001 0 7.800000000000001 0 0.4 0 0 0 1.2000000000000002 0.2 0 0 0 0 0 0 0 0 0 0 0 0 0 0 0 0 0 0 0 0 0 0 0 0 0 6.4 0.2 0 0 0 3.8000000000000003 16.400000000000002 4.2 0 0.4 0 0 0 0.4 0 0 2.2 0.4 2 1.2000000000000002 0 0 7.2 6 6.2 1.4000000000000001 0 0.4 7 1.4000000000000001 5.2 2 8 2.4000000000000004 1.8 0 0 0 0 0 0 0 0 0.4 0 0 0 0 0.4 0 0 0 0 0 0 0.2 0 0 0 0 0 0.2 0 0 0 0 0 0 0 0 3 0 2.6 0 0 0 0 3 0 2 3.2 8.4 0 0 4.2 0 3.6 0.2 0 0 0 0 0 0 0 0 3.6 0 1.8 0 0 0 5 2.6 3.4000000000000004 3.6 0 0 3.4000000000000004 0.2 0 0 2.6 0 11.8 0 0.4 0 0 0 0 0 0 0 0 0 0 0 0 0 0 0 0.4 0 0 0 0 0 1.2000000000000002 0 0 0 0 0 0 0.4 0 0 0 0 1.8 0.2 0.2 14.8 24.8 0 0.4 0.2 0 0 0 0 0 0 0 0 0 0 0 0 0 0 0 0 0 0 0 0.2 0 0 0 0 0 0 0 0 
