 0 44.2 25.8 24.8 73 4.6000000000000005 16.8 68.8 24.8 23.8 7 68.60000000000001 24.6 36.2 11.4 41.800000000000004 27 5.800000000000001 82.60000000000001 28.400000000000002 0 0 0.4 0 0.6000000000000001 40.800000000000004 0 0 15 0.4 40.400000000000006 0.2 0.2 0 0 0.6000000000000001 0 0 0 0 0 0 0 0.4 0 0.4 0 0 0 0 0 0 0 0 0 0 0 0 0 0.4 0 0.4 0 0 0 0.6000000000000001 0 0 1.6 0 0.2 0 0 0 0 0 0 0 0 0.6000000000000001 7.4 5.4 4.6000000000000005 5.6000000000000005 12.4 0 5.2 0 3.6 5.800000000000001 6.2 0 7.800000000000001 0 3.2 7.6000000000000005 0.2 5.6000000000000005 0 5.4 0 0 0 0 0 0 0.4 0 2 0 0 0 0 0 0.2 0 0 0 0 0 0.4 0 0 0 0 0 0 0 0 0 0 0 0 0 0 0 0 0 0 0 0 0 0 0 0 0 0 3.4000000000000004 0 0 0 0.4 0 0 0 0 0 0 0 0 5.4 0 1.8 4.6000000000000005 1 0 5.2 2.4000000000000004 12.4 0 3.4000000000000004 0.4 5.6000000000000005 3.8000000000000003 3.8000000000000003 2.8000000000000003 1.8 0 3.4000000000000004 3 0 0.4 0 0 0 0 0 0 0 0 0 0 0 0 0.4 0 0 0 0 0 0 0 0 0 0 0.4 0 0 0 0 0 0 0 0.2 0 0 0 0 0 0 0 0 0 0 0 0 0 0 0 0 0 0.4 0 0 0 0 0 0 0 0 0 2.6 3.6 0 0 0.4 0 0 0.2 18.400000000000002 0 2.4000000000000004 0 0 0 0 0 0 0 0 0 0 3.2 0 0 0 0 0 0 0 0 0 0 0 0 0 0 0 0 0 0 0 0 0 0 0 0 0 0 0 
 44.2 0 12.200000000000001 48.2 25 12 21.6 13.4 30.6 22.400000000000002 38.400000000000006 24 25.6 14.600000000000001 11.200000000000001 22.200000000000003 22.8 32 10.600000000000001 8.200000000000001 0 0.8 0.4 0 0.6000000000000001 0.4 0 0 0 0.4 0.6000000000000001 0.4 0.2 0 0 0.6000000000000001 0 0 0.2 0 0 0 0 0.6000000000000001 0 0.4 0 0 0 0 0 0 0 0 0 0 0 11.600000000000001 0 0.4 0 0 0 0 0 0 0.4 0 0.6000000000000001 0 0.6000000000000001 0 0.6000000000000001 0.8 0 0 0 0.6000000000000001 0.8 0.8 10.4 0 4.2 1.6 9.4 0 5.800000000000001 1.8 0 3 3.6 0 4.2 0.6000000000000001 5.800000000000001 5.800000000000001 0 4.800000000000001 0 2 0 2 0 0 0 0 0 2 0 0 0 0 1.6 0 0 0 0 0 0 0 0 0 0 0 0 0 0 0 0 0 0 0 5.2 0 0 0 0 0 0 0 0 0 0 0 0 0 0 0 0 0 0 0 0 0 0 0 0 0 0 0 1.2000000000000002 7.4 2 3.8000000000000003 1.8 2.6 0 2.6 11.600000000000001 0.8 6.2 3.2 2 2.2 6.6000000000000005 0 3.8000000000000003 0.8 3 0 0 0 0 0 0 0 0 0 0 0 0 0 0 0 0 0 0 0 0.4 3.8000000000000003 0 0 0 0 0 0 0 0 0 0 2.8000000000000003 0 0 0 0 0 0 0 3.6 0 0 0 0 0 0 0 4.2 0 0 0 0 0 0 0 0 0 0 0 0 0 0 3.2 0 0 0 0 0 0 0.4 0 1.8 3.2 0 0 0 0 0 0 0 0 0 0 1.6 0 0 0 0 0 0 0 0 0 0 0 0 1 3.2 0 0 0 0 0 0 0 0 0 0 1.2000000000000002 0 0 
 25.8 12.200000000000001 0 36.4 71.8 27.200000000000003 15.200000000000001 39.800000000000004 100.80000000000001 31 68.60000000000001 95.60000000000001 18.400000000000002 26.8 58 75.2 53.800000000000004 6.4 69.2 28.6 14.600000000000001 0 0.4 0 0.6000000000000001 0.4 0 0 0 0.4 0 0 28.400000000000002 0 0 0.6000000000000001 0 0.2 48.800000000000004 7 0 0 0 0.6000000000000001 0 0.6000000000000001 0 0 0 0 0 0 0 0 0 0 0 0 0 0.4 0 0 0 0 0 0 0 0 0 0 0.6000000000000001 0 0 0 0 0 0 0.8 0 0.4 5.2 6.2 4.4 3.2 0 2.8000000000000003 1.4000000000000001 3.8000000000000003 2.6 10.4 0.2 0 5.800000000000001 2.6 2.6 2 1.8 0 0.2 3.8000000000000003 0 0 0 0 0 0 0 0 0 0 0 0 0 0 0 0 0 0 0 3.2 0 0 0 3.4000000000000004 0 3.8000000000000003 0 0 0 0 0 0 0.4 0.2 0 0 0 0 0 0 0 0 0 0 0 0 1 0 0 0 0 0 0 0 0 0.6000000000000001 0 0 0.2 0 1.4000000000000001 0 2.4000000000000004 3.8000000000000003 2.6 0.2 0 0.6000000000000001 4.2 5.2 3.4000000000000004 0 0 0 0 0 3.6 8.8 0 2 0 0 0 0 0 0.2 2.2 0 0 0 1.4000000000000001 0 2.8000000000000003 0 0 0 0 0 0.2 0 0 0 0 0 0 0 0 0 0 0.2 0 0 0 0 0.2 0 0 0 0.4 0 0 0 0 0 0 0 0 0 0 0 0 0 0 0 0 0 0 0 0 0 0 2.8000000000000003 0 0 0 0.8 0.6000000000000001 0 9.8 35.4 0.2 2.6 3 0 0 0 0 0 0.4 0 0.4 0 0 0 0 0 0 0 0 0 0 0 0 0 0 0.4 0 2 0 0 0 0 0 0 0 0 0 0 0 0 
 24.8 48.2 36.4 0 24.6 24.8 10.200000000000001 49.2 27.200000000000003 38.800000000000004 35.4 40.800000000000004 85 29.6 104 71.2 43.6 61.2 54.6 8.6 0 0 0.2 0.6000000000000001 0.6000000000000001 0.4 15.4 0.2 0 0.4 0 0 0.6000000000000001 0 16.2 0.6000000000000001 0 0 4.4 15 0.6000000000000001 0 0.4 0.4 0.4 0.4 1.2000000000000002 0 0 0 0.6000000000000001 0 0 0.4 0 0 0 0 0.2 0.4 0.6000000000000001 0.2 0.2 0.2 0.4 1.2000000000000002 0.4 0.8 0.4 0.4 1 0 0.6000000000000001 0.8 0 0.6000000000000001 0 1 0.4 1.4000000000000001 12.200000000000001 0 2.4000000000000004 0 7.2 2.2 0 0 0 13.200000000000001 0.2 4.2 0 0 0 3.6 2.6 3 0 0.8 0 0 2.2 0 0 0 2.6 6 2.2 0 1 0 4.4 0 4 0 0 0 0 1.6 0 0 0 0 0 0 0 0 0 0 0 0 3.4000000000000004 0 0 0 0 0 0 0 0 0 0 0 0 0 0 0 0 0 0 0 0 0 0 0 0 0 0 0 1.2000000000000002 0 0.6000000000000001 2.8000000000000003 11.8 0 0 0 0 1.6 1.8 5 0 0 0 0 2.2 0 0 0 2.2 3.6 0 1.6 0 0 1.8 3 0 0 0 0 6.4 0 6.6000000000000005 0 0 0 3 0.4 0 0 0 0 0 0 0 0 0 0 0 0 0 0 0 0 0 0 0 0 0 0 0 0 0 0 0 0 0 0 0 0 0 0 0 0 0 0 0 3.8000000000000003 0 1.8 0 0 0 0 0.4 0 0 0.4 0 0 0 0 0 0 0.4 0 0 0 0 0 7.800000000000001 0 0 0 0 0 0 0 0 0 0 0.4 0 0 2.2 0 0 0 0 0 0 0 0 0 0 0 0 0 
 73 25 71.8 24.6 0 49.6 10.600000000000001 33.6 21.400000000000002 21.6 15.600000000000001 70.8 19.8 29 19 34.800000000000004 11.8 69.8 96.80000000000001 15 15.200000000000001 0 0 0 0.6000000000000001 0.4 0 4.4 0 18.2 0 0 13.200000000000001 19.8 0.6000000000000001 1 0 0 30 5.4 0 0 0 0.4 0 0.4 0 0 0 0 0 0 0 0 0.4 0 0 0 0 0.4 0 0.4 0 0 10.4 0.6000000000000001 0 0 0 0 0.4 0 0 0 0 0 0 0.6000000000000001 0 0.6000000000000001 1.8 0 0 0 0 0 0 0 0 3.2 0.6000000000000001 7 0.2 0 0 1.4000000000000001 4 7.6000000000000005 0 1 7 4.6000000000000005 1 0.2 0 0.2 0.4 10 2.2 0 2.6 4.4 6 3.4000000000000004 0.8 9 0 0 11 0 0.2 0 0 0 0 0 0 0 0 0 0.2 0 0 0 0 0 0 0 0 0 0 0 0 0 0 0 0 0 0 0 0 0 0 0 0 0 0 0 0 0 5.2 0 1.2000000000000002 0 5.800000000000001 0.6000000000000001 0 0 0 0 1.4000000000000001 0 0 2.8000000000000003 0 0 2.8000000000000003 3.6 0 0.2 2.6 14.600000000000001 1.2000000000000002 0 0 0 12.8 0 0 0 0 0 2 3.8000000000000003 0.2 0 0 3.4000000000000004 4 3.4000000000000004 0 0 0 0 0 0.2 0 1.2000000000000002 0 0 0 0 0 0.4 0 0 0 0 0 0 0 0 0 0 0 0 0 0 0 0 0 0 0 0 0 0.2 0 0 0 0 0 1.8 0 0 0 0.6000000000000001 0.2 0.6000000000000001 1.6 0.2 0 2.4000000000000004 0.4 0 0 0 0 0 0 0 0 2.4000000000000004 3.8000000000000003 0 0 0 0 0 0 0 0 0 0 0 0 0 0 0 0 0 0 0 0 0 0 0 0 0 0 0 
 4.6000000000000005 12 27.200000000000003 24.8 49.6 0 50 21 30.400000000000002 61.2 16.400000000000002 14.600000000000001 8.8 12 11.8 49.2 12.4 31.200000000000003 8.8 6.800000000000001 0 0 0.4 42.2 1.6 0.8 41.800000000000004 6 0 1 0 0 28.400000000000002 14.8 0 1.6 0 0.4 14.8 5.4 2.2 0 0 13 0 0.4 0.6000000000000001 0 0 0.4 0 0 5 10 0 0 0 0 0.4 0.4 0.4 0 0.4 0 9 0.6000000000000001 0 0 0.4 0 1.6 0 0 0 0 0 0 1.2000000000000002 0 0.6000000000000001 6.2 4.2 2 4.800000000000001 8.6 0 0 0 2.4000000000000004 5.2 1.8 7.800000000000001 0.4 0 0 6.4 5.6000000000000005 3.8000000000000003 0 2 3.8000000000000003 2 1 0 0 0 0.2 0 0 0.2 2.2 5.4 10.600000000000001 1 1 0 0 0 3 1.8 0 0 0 0 0.8 0 0 0 0 0 0 0 0 0 0 0.4 0 0 0 0 0 0 0 0 0 0 0 0 0 0 0 0 0 0.4 0 0 0 0 0 0 2 0 6 3.4000000000000004 8.8 6.2 0 0 0 0 2.2 4.4 0 0 0 0 0 2.2 0 0.4 2.4000000000000004 6 1.2000000000000002 0 0 2.4000000000000004 0.2 0 0 0 0 0 0 3.6 0.8 0 0.2 0 6.6000000000000005 5.6000000000000005 0 0 0 0 0 0 0 0 0 0 0 0 0 0 0 0 0.4 0 0 0 3.2 0 0 0.2 0 0 0 0 0 0 0 0 0 0 0 0 0 1.8 0 0 0 2.6 0 0 0.2 1 0.2 0 0.2 0.2 0 1.6 0 0 0 0 0 0 0 0 0 2.4000000000000004 6.800000000000001 0 0 0 0 0 0 0 0 0 0 0 0 0 0.6000000000000001 0 0 0 0 0 0 0 0 0 0 0 0 0 
 16.8 21.6 15.200000000000001 10.200000000000001 10.600000000000001 50 0 14.8 12.8 7.4 38.6 50.6 22.200000000000003 7.800000000000001 67.2 50.6 25.8 12 41.6 10 0 0 0.4 0.2 0.6000000000000001 0.4 0 0.2 0 0.4 0 0 0.6000000000000001 0 0 0.6000000000000001 0.4 0 0 0 0 0 0 0.6000000000000001 19.400000000000002 0.4 0 0 0 0 5.6000000000000005 0 12.4 0 0 0 0 0 0 0.4 0 5.800000000000001 0 0 0 0.2 0 0 2.8000000000000003 0 0.6000000000000001 0 0 0 0 0 0 0.6000000000000001 0 0.6000000000000001 2.4000000000000004 3.4000000000000004 3 0 0 2 10 11.600000000000001 3.2 0 4 3.4000000000000004 10.200000000000001 1 4.800000000000001 7.6000000000000005 2.8000000000000003 2.8000000000000003 2 0.2 0 0 0 0 0 0 0 0 0 0 0 0 0 0 0 0 0 0 0 0 0 0 0 0 0 0 0 0 0 0 0 0 0 0 0 0 0 0 0 0 0 0 0 0 0 0 0 0 0 0 0 0 0 0 0 0 0 0 0 0 13.600000000000001 5.6000000000000005 2 2.6 6 1.6 0.2 8.4 7.2 4.2 1.6 0 4 3.4000000000000004 11.200000000000001 4 4.800000000000001 0 10.4 2.2 0 0 0 2.8000000000000003 0 0 0 0 0 0 0 0 0 0 0 0 0 0 0 2.8000000000000003 0 0 0 0 0 0 0 0 0 0 0 0 0 0 0 0 0 0 0 0 2.8000000000000003 0 0 0 0 0 0 0 0 0 0 0 0 0 0 0 0 0 0 0 0 0 0 0 0 0 0 0.2 0.2 0 1.6 1.6 0 0 0 0 0 0.4 0 0 0 0 0 0 0 0 0 0 0 0 0 0 0 0 0 0 0 0 0 0 0 0 0 0 0 0 0 0 0 0 
 68.8 13.4 39.800000000000004 49.2 33.6 21 14.8 0 52.400000000000006 47.800000000000004 5.4 50.6 82.2 25.400000000000002 27.200000000000003 10.200000000000001 30.400000000000002 9.200000000000001 53.800000000000004 48.2 0 0 0.4 0 15.4 0.6000000000000001 0 0 0 0.4 0 7.6000000000000005 0.6000000000000001 0 0 0.6000000000000001 0 0.4 0.8 0.2 0 0 0 0.6000000000000001 0 0.4 0 0 0 0.2 0 0 0 0 0 0 0 0 0 0.4 0 0 0 0 0 0 0 0 0 0 0.6000000000000001 0 0 0 0 0 0 0.6000000000000001 0 0.6000000000000001 1.8 1.6 4 0 2.8000000000000003 0 0 4.4 6.800000000000001 3 1 0 0 5.2 2 5 4.6000000000000005 3 5 5.6000000000000005 0 0 0 0 0 0 0 0 0 0 0 0 0 0 0 0 0 0 0 0 0 0.2 0 0 0 0 0 0 0 0 0.2 0 0 0 0 0 0 0 0 0 0 0 0 0 0 0 0 4.2 0 0 0 0 0 0 0 0 0 0 3.2 0 1.2000000000000002 3 4.2 0 1.8 0 1.4000000000000001 0 0.8 2.2 4.6000000000000005 0.2 0 0 0 7.4 0 0 0 15.8 0 0 0 0 0 0 0 0 0 0 0 0 0.4 0 0 3.6 0 0 0 0 0 0 0 0 0 0 0 0 0 0 0 0 0 0 0 0 0 0 0 0 0.4 0 0 0 0 0 0 0 0 0 0 0 0 0 0 0.4 0 0 0.4 0 0 3.2 0 0 0 0.4 0.6000000000000001 0.4 0 0.2 0 1 1.2000000000000002 0 0 0.4 0 0 0 0 0 0 1.6 0.4 0 0 0 0 0 0 0 0.4 0 0.2 0 4 0 0 0 0 0 0 0 0 0 0 0 0 0 0 
 24.8 30.6 100.80000000000001 27.200000000000003 21.400000000000002 30.400000000000002 12.8 52.400000000000006 0 15.4 25.200000000000003 13.200000000000001 22 34.2 37.2 21.200000000000003 7 51 27.400000000000002 50.6 0 0 0 0 0.6000000000000001 0.4 0 0 0 0.4 0 14.600000000000001 14.8 0 0 0.6000000000000001 0 0 8.4 22.8 0 0 0 0.4 0 0.4 0 0 0 0 0.6000000000000001 0 0 0 0 0 0 0 0 0.4 0.6000000000000001 0.4 0 0 0 0.6000000000000001 0 0 0 0 0.2 0 0 0 0 0 0.2 0.2 0 0.6000000000000001 1.8 0 5 6 3 0 1.2000000000000002 0.2 0 2.2 1.4000000000000001 0 0 0.2 0 0 0 2.8000000000000003 0 0 0 0 0 0 0 0 0.4 0 0 0 0 0 0 2.6 0 0 0 0 0 3 1.6 0 0 0 0 0 0 0 0 0 0 0 0.2 0.4 0 0 0 0 0 0 0 0 0 0 0 0 0.6000000000000001 0 0 0 0 0 0 0 0 0.8 0 0 0 0 0.2 0 3.2 3.2 3.8000000000000003 3.4000000000000004 0 2.2 0 2 5.2 2.2 0.4 0 0.4 1.6 1.6 3 0 0 0 0 0 0 0 0 2.2 0 0 0 0 0 2.2 0 0 0 0 0 0 0 0 0 0 0 0 0 0 0 0 0 0 0 0 0 0.4 0 0 0 0 0 0 0 0 0 0 0 0 0 0 0 0 0 0 0 0 0 0.4 0 0 0 0 0 0 0 0 0.4 0.2 0 0.2 0 0 3.4000000000000004 0 0 0 0 0 0 0 0 0.4 0 3.2 0 0 0 0 0 0 0 0 0 0 0 0 0.2 0 2.4000000000000004 0 0 0 0 0 0 0 0 0 0 0 0.2 
 23.8 22.400000000000002 31 38.800000000000004 21.6 61.2 7.4 47.800000000000004 15.4 0 51.800000000000004 11 14 34.2 41 60.2 77.80000000000001 48.2 37.4 20 4.800000000000001 0 0.2 0 0.6000000000000001 0.8 21.400000000000002 0 0.2 0.4 0 0 4.4 0 0 0.6000000000000001 5 0 16.2 0.2 0 0 0 0.6000000000000001 0 0.4 0 0 0 0 0 0 0 0 0 0 0 0 0 0.4 0 0 0 0 0 0 0 0 0 0.4 1.6 0 0 0 0 0 0 0.6000000000000001 0 5.800000000000001 1.8 0 0 3.4000000000000004 6.2 1 0 0.2 8.200000000000001 7.6000000000000005 5.4 0.8 0.2 4.4 0.4 12.8 6.6000000000000005 5.4 0 0.6000000000000001 0 0 0 0 0 0 2 3.2 7 0.4 3.4000000000000004 0.4 2.8000000000000003 0 2.6 0 0 0 6.2 3.4000000000000004 0 0 0 0 2.6 0 0 0 0 0 0 0 0 0 0.2 0 0 0 0 0 0 0 0 0 0 0 0 0 0 0 0.2 0 0 0.2 0 0 0 0 0 0 3 0 2.2 3 6.4 0 0 0 0 0 1.8 4.6000000000000005 0 0 0 5 4 7.4 1.4000000000000001 1.4000000000000001 2.4000000000000004 0 0 2 0 0 2 0 0 0 0 0 5.2 0 0 0 0 0 16 0.4 0 0 0 0 2.8000000000000003 0 0 0 0 0 0 0 0 0 0 0 0.2 0 0 0 0 0 0 0 0 0 0 0 0 0 0.4 0 0 0 0 0 0 0 0 0 0 1.8 0 0 0.2 0.6000000000000001 0 0 0.2 0 0.2 0.8 0 0 0 0 0 0 0 0 0 0 3.8000000000000003 0 0 0 0 0 0 0 0 0 0 0 0 0 2.6 0 0 0 0 0 0 0 0 0 0.2 0 0 0 
 7 38.400000000000006 68.60000000000001 35.4 15.600000000000001 16.400000000000002 38.6 5.4 25.200000000000003 51.800000000000004 0 66.8 20.400000000000002 12.200000000000001 13.4 28 38.800000000000004 29 50 12.600000000000001 0.2 0 0.2 0 0.6000000000000001 0.6000000000000001 0 0 0 0.8 0 0 0.2 2.4000000000000004 4.800000000000001 0.6000000000000001 0 0 15.200000000000001 11.200000000000001 0 0 0 0.6000000000000001 0 0.4 0 0 0 0 7.800000000000001 0 0 0 0 0 0 0.2 0 0.4 0 0.2 0 0 0 0.4 0 0 0 0 0.4 0 0 0 0 0 0 0.4 0 0.6000000000000001 0 1.6 13.8 6.2 7.800000000000001 3 0 2.4000000000000004 0 2 4.4 0.2 0 0 11.4 0 2 8.200000000000001 0 0 2.6 0 0 0.2 0 0 0.4 0 0 0 0 0 0 1.4000000000000001 5.2 2.4000000000000004 0 3 3.8000000000000003 0.2 0 0 0 0 0 2 1.2000000000000002 0 0 0 0 0 2.8000000000000003 0 0 0 0 0 0 0 0 0 0 0 0 0 0 0 0 0 0 0.4 0 0 0 0.2 0 0 0 0 2 2.2 3.2 17.6 4.6000000000000005 7.6000000000000005 0 5.800000000000001 2.6 1.6 8.4 5.2 0 10.600000000000001 2.2 0 3.8000000000000003 0.4 0 0.2 0 2.8000000000000003 0 0 0 0 4 3.4000000000000004 0 0 0 0 8 0 3.6 0 0 0 2.4000000000000004 2.2 0 0 3.2 0 0 0 0 0 0 0 0 0 0 0 0 0 0 0 0 0 0 0 0 0 0 0 0 0 0 0 0 0 0.2 0 0 0 0 0 0 0 0 0 0 0 0 0.2 0.4 0 0.2 1.6 1.8 1.4000000000000001 0 0 0 0 0 0 0 0 0 0 0 0 0 0 0 0 0 0 0 0 0 0 0 3.4000000000000004 0 0 0 0 0 0 0 0 0 0 0 0 0 0 
 68.60000000000001 24 95.60000000000001 40.800000000000004 70.8 14.600000000000001 50.6 50.6 13.200000000000001 11 66.8 0 70.4 6.6000000000000005 8.4 25 32 47 11.200000000000001 6.4 0 0 15.4 0 0.4 0.4 15.200000000000001 6.800000000000001 0 0.4 0.2 0 14.600000000000001 30 15.200000000000001 15.200000000000001 0 0 24 30.400000000000002 0 0 0 0.6000000000000001 0 0.6000000000000001 0 0 0 0 0 0.2 0 0.2 0 0 0 0 0 0.4 0 0 0 0.2 0 0 0 0 0 0 0.6000000000000001 0 0 0 0 0 0 0.6000000000000001 0 0.4 0 0 2.4000000000000004 1.2000000000000002 13.600000000000001 5 2.8000000000000003 1.8 0 2.2 3.8000000000000003 3.2 0 0 6 0.2 0 4 0 0 0 3.6 3.2 0 0.2 0 2.8000000000000003 6.800000000000001 1.2000000000000002 0.2 2 0 4.4 0.2 2.2 5 0 0 4 6 0 0 0 0.2 0 0 0 0 0 0.2 0 0 1.8 0 0 0 0.2 0 0 0.2 0 0 0 0 0.2 0 0.4 0 0 0.4 0 0 0 0 0 0 0 0 0 0 0 1.2000000000000002 0 5.2 0 1.2000000000000002 0 1 1.2000000000000002 3.8000000000000003 3.4000000000000004 3.2 0 5.4 2.4000000000000004 0 2.2 2.8000000000000003 0 0.2 5.6000000000000005 5.2 0 3.8000000000000003 0.2 0 7.2 3 3.6 0.4 0 0 3.2 0.8 3.8000000000000003 4.2 0 0.4 3.4000000000000004 5.2 0 0 0 0 0 0 0 0 0 0 0 0 0 0 0 0 0 0 0 0 0 0 0 0 0 0 0 0 0 0 0 0 0 0 0 0 0 0 0 0 0 0 0 0 0 0 18.400000000000002 0 0 0 1.2000000000000002 3 0 0 0 0 0 0 0 0 0 0 0 0 0 0 0 0 0 0 0 0 0 0 0 0.8 4 0.2 0 0 0 0 0 0 0 0 3 0 0 0 
 24.6 25.6 18.400000000000002 85 19.8 8.8 22.200000000000003 82.2 22 14 20.400000000000002 70.4 0 41 29 17.8 29.200000000000003 6.2 38.400000000000006 62 0 0 1 0 0.6000000000000001 0.4 0.4 0 0 0.4 1.4000000000000001 0 0.8 0.6000000000000001 0 0.6000000000000001 0.6000000000000001 0.6000000000000001 0 0.4 1 0.6000000000000001 0.6000000000000001 0.6000000000000001 0 0.4 0 0 0.6000000000000001 0.2 4.4 0.4 0 0 0 0 0 0.4 0 0.4 0.6000000000000001 0.4 0 0 1 0 0.6000000000000001 0.4 0 0 0.6000000000000001 0.2 0 0 0.4 0 0.2 3.2 0 0.8 2.2 2.4000000000000004 5.2 7.4 2.4000000000000004 0 0.6000000000000001 10.200000000000001 4.2 0 3 0 2.8000000000000003 2.8000000000000003 3.4000000000000004 0 0.2 3 1.6 6.6000000000000005 0 0 0 0 0 0.4 2 0 0.2 0 0 0 0 0 0 0 0 0 0 0 0 0 0 0 0 0 0 0 0 0 0.4 0 0 0 0 0 0 0 0 0 0 0 0 0 0 0 0 0 0 0 0 0 0 0 0 0 0 0 0 0 3 4.6000000000000005 0 3.2 0 0 2.2 4.800000000000001 2.2 3.8000000000000003 0.2 2.6 3.2 5.800000000000001 0 0 0 0 4.6000000000000005 1.4000000000000001 0 0 0 0 0 0 0 0 0 0 0 0 0.2 0 0 0 0 0 2 0 0 0 0 0 0 0 0 0 0 0 0 0 0 0.4 0 0 0 0 0 0 0.2 0 0 0 0 0 0 0 0 0 0 0 0 0 2.2 0.2 0 0 0.2 0 0 0 0 0 0 0.8 0.4 0 0.4 17.6 0 1.2000000000000002 1.4000000000000001 0 0.2 0 0.2 0 0 0 0 0 0 0 0 0 0 0 0 0 0 0 0 0.4 0 4.800000000000001 0 0 0 0 0 0 0 0 0 0 0 0 0 0 
 36.2 14.600000000000001 26.8 29.6 29 12 7.800000000000001 25.400000000000002 34.2 34.2 12.200000000000001 6.6000000000000005 41 0 16.2 27 23.200000000000003 39 54 33 0 0 0.4 0.4 0.6000000000000001 0.4 0 0 0 0.4 0 0 0.4 0 0.4 0.6000000000000001 0 0 0 0.2 0 0 0.8 0.4 0 0.4 1.2000000000000002 0 0 0 0 0 0 0.8 13.8 0 0 0 0 0.4 0 0.4 0 0 0 1.8 0 0 0.8 9 0.2 0 0 0.8 0 0.8 0 0 0 0.6000000000000001 7 7.2 2 1.6 6 0 0 0.4 10.4 6.2 0.4 0 3.4000000000000004 4.2 3.6 10.4 15.200000000000001 1.8 0 5.800000000000001 0 0 0 0 0 0 0 0 0 0 0 0 2.4000000000000004 0.6000000000000001 0.2 0 0 0 0 0.2 0 0 0 0 0 0 0 0.2 0 0 0 0 0 0 0 1.4000000000000001 0 0 0 0 0 0.2 0 0 0 0 0 0 0.2 0 0 0 0.2 0 0 0 0 0.2 0 0 2.2 0 7 0 1.6 0.2 9.8 0 0.2 0.4 4.6000000000000005 0.2 4 0 2.6 2.4000000000000004 0 0 0 3.2 0 0.2 0 0 0 0 0 0 0 0 0 0 0 0 0 0 0 0 0 0 0 0 0 0 0 0 0 0 0 0 0 0 0.4 0 0 2.8000000000000003 0 0 0 0 0 0 0 0 0 0 0 0.2 0 0 0 0 0 0 0 0 0 0 0 0 0 2.6 0 0 0 0 0 0 0.6000000000000001 2.4000000000000004 0 0.6000000000000001 0 0 0 0 0 0 0 0 0 0 3.4000000000000004 0 0 0 0 0 0 0 0 0 0 0 0 0 0 0 0 0 0 0 0 0 0 0 0 0 0 0 
 11.4 11.200000000000001 58 104 19 11.8 67.2 27.200000000000003 37.2 41 13.4 8.4 29 16.2 0 37.6 19.400000000000002 6.800000000000001 43 13.200000000000001 0.4 0 0.4 0 0.6000000000000001 0.6000000000000001 1.4000000000000001 0.8 0 0.4 0 0 15.600000000000001 1.2000000000000002 0 0.6000000000000001 16.2 0 14.8 14.600000000000001 0.8 0 0 0.6000000000000001 0 1.4000000000000001 0 0.8 0 0 0 13 1.4000000000000001 0 0 0 0 0 0 0.4 0 0 12.200000000000001 0 0 0.6000000000000001 0 0 0 1.6 0.6000000000000001 0 1.2000000000000002 0 0 0 0 0.8 0 0.6000000000000001 2.4000000000000004 0 5.800000000000001 9.200000000000001 2.8000000000000003 0 5.4 4 8.8 5.4 3.2 3 2.2 0 3.4000000000000004 3.8000000000000003 9.8 2.2 0 2 0 0 0 0.4 0 0 0 0 0 0 0 0 2.4000000000000004 0 0 0 0 0 0.2 6.2 0 0 0 0 0.6000000000000001 0 0 0 0 0 0 0 0 0.6000000000000001 0 0.6000000000000001 0 0 0 0 0 0 0 2.8000000000000003 0 0 7.2 0 0 0 2.6 0 0 0 0 0 0 0 0 0 0.2 9 2 0 0 0 0 5.4 5.4 6.6000000000000005 2.8000000000000003 0 0.4 0 3.2 4.6000000000000005 4 3.2 3.8000000000000003 2.6 0 0 0.2 0 0 0 0.4 0 2.2 0 0.2 1 0.2 0 0 0 0 0 5.6000000000000005 2.4000000000000004 0 0 0 0 0 0 0 4 0 0 0 0.4 0 0 0 0 0 0 0 0 0 0 0 0 0.2 0 0 0 0 0 0 0 0 0 0 0 0.4 0 0 0 0 0 0 0 0 0 0.6000000000000001 0 4.800000000000001 0.6000000000000001 0.4 1.4000000000000001 1.8 0 0 0 0 0 0 0 0 0 0 0 0 0 0 0 0 0 0 0 0 0 0 17.400000000000002 0.6000000000000001 3.2 0 0 0 0 0 0 0 0 0 0 0 0 
 41.800000000000004 22.200000000000003 75.2 71.2 34.800000000000004 49.2 50.6 10.200000000000001 21.200000000000003 60.2 28 25 17.8 27 37.6 0 75 73.4 74.4 15.4 15 0 0.2 0 0.4 0.4 0 0 0 0.6000000000000001 0 0 15 0 0 0.6000000000000001 0 0 0 0 0 0 0 0.6000000000000001 13 6.800000000000001 0 0 0 0 0 0 0 0 0 0 0 0.4 0 0.4 0 0 0 0 0 0 0 0 0 0 1.2000000000000002 0 0 0 0 0 0 0.6000000000000001 0 0.4 0.8 6.6000000000000005 3 11.8 5.6000000000000005 13.600000000000001 6.6000000000000005 2 2 4.2 2.4000000000000004 8 5.2 3.2 1.8 0.2 4.6000000000000005 3.4000000000000004 0 0.2 0 0 0 0 0 0 0.6000000000000001 0 0 0 0 0 3.8000000000000003 0 4.4 0 0 0 2.6 2 0 0 0 0 0 0 0 0 0 0 0 0 3.8000000000000003 0 0 0 0 0 0 0 0 0 0 0 0 0 0 0 0 0 0 0 0 0 0 0 0 0 0 0 0.2 0 1.2000000000000002 4.4 1.6 1.8 0 9.200000000000001 2.8000000000000003 0 0 3.8000000000000003 3.8000000000000003 5 0.2 4 0 5 0 1 0 0 0 1.4000000000000001 0 0 0 0 0 0 0 0 0 0 4.2 0 0 0 4.2 3 0 0 0 0 0 0 0 0 0 0 0 0 0 0.4 0 0 0 0 0 0 0 0 0 0 0 0 4.4 0 0 0 0 0.2 0 0 0 0 0 0 0 0 0 0 0 0 0 0.6000000000000001 0 0.4 17.2 0.2 0.4 1.4000000000000001 0 0 0 0 0 0 0 0 0 0 0 0 0 0 0 0 0 0 0 0 0 0 0 3.8000000000000003 0 0 0 0 0 0 0 0 0 0 0 0 0 0 
 27 22.8 53.800000000000004 43.6 11.8 12.4 25.8 30.400000000000002 7 77.80000000000001 38.800000000000004 32 29.200000000000003 23.200000000000003 19.400000000000002 75 0 42.800000000000004 15.4 41.6 15.200000000000001 0 0.4 0 0.6000000000000001 0.4 0.4 0 0 0.4 0.2 0.4 15 0 0 1 0 0 0.2 0 0.6000000000000001 0 0.6000000000000001 0.4 0 0.4 0 0 0 0.2 0.2 0 0 0.4 0 0 0 0 0 0.4 0.4 0.6000000000000001 1.4000000000000001 0 0 0.6000000000000001 0 0 0.4 0 0.2 0 0 0 0 0 0 2.2 0 0.6000000000000001 0 3.4000000000000004 7 7.4 6 7 11.4 4 3.6 1.6 14 6.800000000000001 0.8 4 2.6 2.8000000000000003 6.800000000000001 2 0 2.2 0 0 0 0.4 0 0 0 0.2 0 0 0 0 1.4000000000000001 0 3.4000000000000004 0 0 0 0.2 1.2000000000000002 0 0 0 0 0 0 0 0 0 0 0.2 0 2.6 0 0 0 0 0 0 0 0 0 0 0 0 0 0 0 0 0 0 0 0 0 0 0 0 0 0 2 3.6 12.600000000000001 0 2.4000000000000004 0.2 1.6 0 6.4 0.4 1.8 3.4000000000000004 0 0 2.4000000000000004 2.8000000000000003 8.4 5.800000000000001 0 4.4 1.6 0 0 0 0 0 0 0 0 0 0 0 0 0.2 0 2.8000000000000003 0 0 0 0.2 6.4 0 0 0 0 0 0 0 0 0 0 0 0.4 0 0 0 0 0 0 1.4000000000000001 0 0 0 0 0 0.4 0.4 0 0 0 0 0 0 1.6 0 0 0 0 0 0 0 0 0 0 0 0 0.4 0 0.2 0.8 0.2 1.4000000000000001 2.2 0 0 0 0 0 0 0 0 0 0 0 0 0 0 0 0 0 0 0 0 0 0 0 10 2.8000000000000003 0 0 0 0 0 0 0 0 0 0 0 0 12 
 5.800000000000001 32 6.4 61.2 69.8 31.200000000000003 12 9.200000000000001 51 48.2 29 47 6.2 39 6.800000000000001 73.4 42.800000000000004 0 66.60000000000001 48.2 14.8 0 0.4 0 0.6000000000000001 0.4 0.2 0.4 0.4 0.4 0 0.4 14.600000000000001 0.6000000000000001 0 0.6000000000000001 0 0.4 0 0 0.6000000000000001 12.8 14.4 0.2 0 1.4000000000000001 0 0 0 0 0 0.6000000000000001 0 19.400000000000002 0 0 0.8 0 0 0.4 0 0.4 0.2 0 0 0.8 0 0.4 0.6000000000000001 0 0.6000000000000001 0 0.2 0 0 10.200000000000001 0 0.2 0 0.6000000000000001 0.2 2.6 2.2 5.4 5.6000000000000005 6.4 2.2 2 6.6000000000000005 4.800000000000001 5.6000000000000005 2.2 0 3 1.8 2.2 3.6 11.600000000000001 0 2.2 0 0 0 0 0 0 0 0 0 0 0 0 1.8 0.2 3.6 0 0 0 2.6 2.2 0 0 0 0 0 2.8000000000000003 0 0.4 0 0 0 0 2 0 0 0 0 0 0 0 0 0.4 0 0 0 0 0 0 0.4 0 0 0 0.4 0 0 0 0 0.2 0 0 1.4000000000000001 1.2000000000000002 1.2000000000000002 4.800000000000001 4 1.8 0 2 2.6 5 6.6000000000000005 0 0 9 2.4000000000000004 2.2 3.4000000000000004 3.8000000000000003 0 0.6000000000000001 4.6000000000000005 0 0 0 0 0 0 0 0 0 0 0 2.4000000000000004 0 4.800000000000001 0 0 0 4.2 5.4 0 0 0 0 0 0 0 0 0 0 0 0 0 0 0 0 0 0 0 0 0 0 0 0 0 0 0 0.4 0 0 0 0 0 0 1.2000000000000002 0 0 0 0 0 0 3 0 0 0 6.4 0 0 0 0.8 1.4000000000000001 2 0 0 0 0 0 0 0 0 0.4 0 0 0 0 0 0 0 0 0 0 0 0 0 0 0 3 0 0 0 0 0 0 0 0 0 0 0 0 0 
 82.60000000000001 10.600000000000001 69.2 54.6 96.80000000000001 8.8 41.6 53.800000000000004 27.400000000000002 37.4 50 11.200000000000001 38.400000000000006 54 43 74.4 15.4 66.60000000000001 0 44.400000000000006 15.200000000000001 0 0.4 0 0.6000000000000001 0.4 0.4 1 0 0.8 0.4 16.400000000000002 0.2 0 0 0.6000000000000001 0 0 0 0.2 0 0 0 0.4 0 0.4 0 0.2 0 0 0 0 0 12.600000000000001 0 0 0.6000000000000001 0 0.4 0.4 0 0.6000000000000001 0.2 0.6000000000000001 0 0.6000000000000001 0 0 0.4 0 0.4 0 0 0.2 0 0 0 1.6 0 2 2 6.4 6.4 2.4000000000000004 0 6.800000000000001 12 2 4 2.6 8 2.2 1.2000000000000002 4.2 0 3 3.8000000000000003 0 0 2.2 0 0 0.2 0 0 0.4 0 0 0 0 0 0 0 0 0 0 0 0 0 0 0 0.4 0.2 0 0 0 0 0 6 0 0.4 0 0 2 0 0 0 0 0 0 0 0 0 0 0 0 0 0 0 0 0 0 0 0 0 0 0 0 0 0 2.8000000000000003 3.2 0.4 0.4 0 0 2.4000000000000004 6.800000000000001 0 0 1.6 0 3.8000000000000003 2.4000000000000004 0 8.6 1.4000000000000001 0 3.2 3.6 0 0 0 0 0 0 0 0 0 0 0 1.6 0 0 0 0 0 0 0 0 0 0 0 0 0 0 0 0 0 0 0 0 0 3.2 0 0 0 0 0 0 0 0 0 0 0 0 0 0 0 0 0 0 0 0 0 0.2 0 0 0 0 0 0 0 0 0 1.2000000000000002 0 0 0.6000000000000001 0 0 1 0 0 0 0 0 0 0 0 0 0 0 0 0 0 0 0 0 0 0 2 0 0.4 0 3.4000000000000004 0 0 0 0 0 0 0 0 0 0 0 0 0 0 
 28.400000000000002 8.200000000000001 28.6 8.6 15 6.800000000000001 10 48.2 50.6 20 12.600000000000001 6.4 62 33 13.200000000000001 15.4 41.6 48.2 44.400000000000006 0 0 0 1.2000000000000002 0.2 1.2000000000000002 0.8 0 0 0 0.4 0 0 0.2 16 0 1.2000000000000002 0 0 0 14.4 0 0 0 1 0 0.6000000000000001 0 0 0 0 0 0 0 0 0 0 0 0 0 0.8 0 0.2 0 0 0.4 0.6000000000000001 0 0 0.4 0 1 0 0 0 0 0 0 0.2 0.6000000000000001 0.6000000000000001 3 4.6000000000000005 0 0.2 0 0 0 0.2 6.6000000000000005 0 1.4000000000000001 0 2 7.6000000000000005 3.2 6.4 16.400000000000002 0.2 1.6 7.800000000000001 0 0 0 0 0 0 0 0 0 0 1.2000000000000002 0 2.8000000000000003 0 0 0 0 0 0 0 0 0 0 0 0 0 0 0.4 0 0 0 0 0 0 0 0 0 0 0 0 0 0 0 0 0 0 0 0 0.4 0 0 0 0.4 0 0 0 0 0.4 0 0 0 0 2.2 0 0 0 5.2 0 0 0 0.2 0.2 3.6 2 2.6 7.800000000000001 0 0 0.2 0 0 0 0 0 0 0 0 0 0 0 0 0 0 0 0 0 0 0.4 0.2 0 0 0 0 0.2 0 0 0.4 0 0 0 0 0 0 0 0 0 0 0 0 0 0 0 0 0.2 4.800000000000001 0 0 0 0 0 0 0 0 0 0 0 0 0 0 0 0 0.4 0 0 0 0.6000000000000001 0 0 0 10.8 0.4 4 0 0 0 0 0 0 0 0 0 0 0 0 0 0 0 0 0 0 0 0 0 0 0 0 0 0 0 0 0 0 0 0 0 0 0 0 0 0 
 0 0 14.600000000000001 0 15.200000000000001 0 0 0 0 4.800000000000001 0.2 0 0 0 0.4 15 15.200000000000001 14.8 15.200000000000001 0 0 37.800000000000004 29 11.4 9 63 125 46.400000000000006 23.200000000000003 11.600000000000001 70.60000000000001 7.800000000000001 9 22.200000000000003 6.800000000000001 25 17.400000000000002 33.4 6 9 0.6000000000000001 0.6000000000000001 0 0.6000000000000001 0.6000000000000001 0 0 0 0 0 0 0.4 0 0 1.2000000000000002 0.8 1.2000000000000002 0 1 1 0.8 0.6000000000000001 0.2 0.8 0 4.2 0.6000000000000001 1.6 0 2.8000000000000003 0 1.2000000000000002 0 0.2 0.2 0 0.4 0.8 0 2.4000000000000004 0 2 0 0 0 2.4000000000000004 0 0 2.4000000000000004 0 0 2.4000000000000004 1.2000000000000002 1.6 0 2.6 4.4 0 0 0 1 1.8 0 10 2.8000000000000003 4.6000000000000005 0 7 7.6000000000000005 4.2 0 0 0 4 0.6000000000000001 3.2 0.6000000000000001 12.8 3.6 2 0 0 0 0 0 0 0 0 0 0 0 0 0 0 0 2.4000000000000004 0 0 0 11.4 0 1.6 0 0 0 0 0 0 2 0 0 0 0.2 0 0 2 11.8 0 0 0 0 0 0 2.6 0 0 0 0 0 0 0 7.2 0 7.2 0 0.2 1.4000000000000001 4 0 2.8000000000000003 6.2 2 5.4 2.2 3.4000000000000004 1.2000000000000002 2 11.4 6.2 3 7.4 0 3 3.8000000000000003 1.4000000000000001 4.4 4 2.4000000000000004 3.6 0 0 0 0 0 1.2000000000000002 0 0 0 3.2 0 0 0 2.4000000000000004 0 0 0 0 0 0 0 0 0 0 0 0.2 0 0 0 0 0 0.2 0 0 0 0 0 0 0 0 0 0 0 0 0 0 0.4 0 0 0 0 0 0 0 0 2 0 0 0.2 0.2 0 0 0 0 0 0 0 0 0 0 0 0 0 0 0 0 0 0 0 0 0 0 0 0 0 0 0 0 0 0 0.4 
 0 0.8 0 0 0 0 0 0 0 0 0 0 0 0 0 0 0 0 0 0 37.800000000000004 0 28.6 31.8 11.8 6.800000000000001 32.6 36.800000000000004 9 37.800000000000004 24 9.600000000000001 53 10.4 26.8 70.8 15.600000000000001 53.400000000000006 9.4 9.8 0.6000000000000001 0 0 0 0 0 0 0 0 0 0 0 0.6000000000000001 0 0.6000000000000001 0 0.6000000000000001 0.2 13 0 0.2 0 0.2 0.6000000000000001 0 0.6000000000000001 0 0.6000000000000001 0 0.8 0 0.4 0 0 0.4 0 0 0 0 1 0 0 0 0 0 0 0 0 0 0 0 0 0 0 0 0 0 0 0 0 5 1.6 4.6000000000000005 0.8 3 3.6 4.800000000000001 1.2000000000000002 0.2 1.4000000000000001 2.4000000000000004 11 1.6 2.6 0.4 4.4 19 5.800000000000001 2.2 0 3.6 0 0.4 0 0 0 0.2 0 0 0 0 0 0 0 0 0 0 0 0 3.6 0 0 0 0 2.8000000000000003 0.2 0 0.4 0.2 0 0 0 0 0.2 0 0 0 0 0.2 0 0 0 0.2 0 0 0 0 0 0 0 0 0 0 0 0 0 0 0.4 0 0 0.2 2.6 2 6 6.2 2.4000000000000004 2.8000000000000003 6.2 4.4 8 0 0 0 9.8 2.8000000000000003 2.8000000000000003 10.8 5.2 0 2.8000000000000003 2.4000000000000004 0 0 0 0 0 0 0 0 0 0 0 4.2 2.6 0 0 0 0 6.2 0 0 0.4 0 0 0 0 0 0 0 0 1.8 0 0 0 0 0 0 0 0 0 0 0 0 0 0 0 0 0 0 0 0 0 0 0 3.2 0 0.4 17 15.600000000000001 0 0.6000000000000001 0.2 0 0 0 0 0 0 0 0 0 0 0 0 0 0 0.2 0 0 0 0 2.2 0 0 0 1.6 0 0 0 0 
 0.4 0.4 0.4 0.2 0 0.4 0.4 0.4 0 0.2 0.2 15.4 1 0.4 0.4 0.2 0.4 0.4 0.4 1.2000000000000002 29 28.6 0 45.6 5.2 4.6000000000000005 20 16.400000000000002 26.200000000000003 58 30.8 21.6 56.2 52.6 11.4 59.2 51 31 17 12.4 0.6000000000000001 0 0 0 0.2 0 0 0.4 0 0 0.2 0 12.200000000000001 0 0.6000000000000001 0 0.6000000000000001 0 8.6 0 0.8 0 0.4 2.8000000000000003 0 0 0.4 0.6000000000000001 0 9.600000000000001 0.2 0.4 0.6000000000000001 0.6000000000000001 0.6000000000000001 0.2 0 0 0.8 1.4000000000000001 0 0 0 0 0 0.4 0 0 0 0 0 3.8000000000000003 0 0 0 0 0 0 0 0 0 3.2 9 4.6000000000000005 5.6000000000000005 10.600000000000001 2.2 3.8000000000000003 8 0.6000000000000001 4.800000000000001 0 0 0 0.8 2 2 3.6 0 3.6 3.2 0 0 0 0 0 0 0 0 0 0 0 5.2 0 0 0.2 3.6 0 0.6000000000000001 3.8000000000000003 0 1 0 0 0 0 0 0 0.8 0 0 0 0 0 0 0 0 0 0 0 0 0 0 0 0 3.2 0 0 0 0 0 0 0 0 0 2.6 0 0 0 0 1.6 5 5 0 1.2000000000000002 6.2 0 2.2 0 4.4 0 9 0 3.8000000000000003 6.2 0 6.2 2 0 0 1.8 0 0 0 0 0 0 0 0 0 0 0 2.6 2.2 0 0 0 0 0 4.6000000000000005 0 0 0 0 0 0 0 0 0 0 0 0 0 0 0 0 0 0 0 0 0 0 0 0 0 0 0 0 0.4 0 0 0 0 0 1.4000000000000001 0 0 0 3 0.8 0.4 0 0 0 0 0 0 0 0 0 0 0 0 0 0 0 0 0 0 0 0 15 0 0 0 0 1 0 0 0 
 0 0 0 0.6000000000000001 0 42.2 0.2 0 0 0 0 0 0 0.4 0 0 0 0 0 0.2 11.4 31.8 45.6 0 16.6 23.6 91.60000000000001 44 64 17.8 42.6 23.8 50.800000000000004 12.600000000000001 17.6 25.8 36.2 54.400000000000006 39.800000000000004 14.8 0.6000000000000001 0 0 0 0 0 0 0.2 0 12.8 0 0 0 0 0.6000000000000001 0 0.6000000000000001 0 0 0 0 0 0 0.6000000000000001 10.200000000000001 0 0 0.4 0 0 0 0.4 0 0 0 0 0 0 0 0.6000000000000001 0 0 0 0 0 0 0.2 0 0 0 0 0 0 0 5.6000000000000005 0 0 0 0 0 0 0.2 6.2 1 1.8 3 1.6 0 3.8000000000000003 4.4 0.6000000000000001 3.6 0 0 0 2.2 5.800000000000001 13 0 0 0 0 0 0 0 0 3.6 0.4 0 0 0 0 3.4000000000000004 0 0 2 0 0 0 6 0 0 0 0 0 0 0 0 1.6 0 0 0 0 2.8000000000000003 0.2 0 0 0 0 0 0 0 2 0 0 0 0 0 0 0 0 0 2.2 0 0 0 0 0 0 0 0 0 6.800000000000001 3.4000000000000004 0 0 0 9.600000000000001 6.6000000000000005 3 0.2 3 0 0 1.8 0 6.2 0 0 0 0 0 0 0 0 0 0 4 0 0.2 0.4 0 2 0 0 0 0 0 4.4 0 0 0 0 0 0 0 0 0 0 0 0 0 0 0 0 0 0 0 0 0 0 0 1.8 0 0 0 0 0 0 0 0 0 0 0 1.6 0 0.2 13 0.4 0.4 3.8000000000000003 0 0 0 0 0 0 0 0 0 0 0 0 0 0 0 0 0 0 0 0 2 0 0 0 0 0 0 0 0 
 0.6000000000000001 0.6000000000000001 0.6000000000000001 0.6000000000000001 0.6000000000000001 1.6 0.6000000000000001 15.4 0.6000000000000001 0.6000000000000001 0.6000000000000001 0.4 0.6000000000000001 0.6000000000000001 0.6000000000000001 0.4 0.6000000000000001 0.6000000000000001 0.6000000000000001 1.2000000000000002 9 11.8 5.2 16.6 0 20 51.6 11 13.4 36.2 31.6 43 13.600000000000001 15.200000000000001 19.400000000000002 11.4 28.8 60.400000000000006 16.8 19.200000000000003 14.200000000000001 42.2 0 11.4 0 0 18 26.6 0 0 0 0 0.2 0 0.6000000000000001 4 0.6000000000000001 0.4 0.6000000000000001 0 1.4000000000000001 0 0.8 0.6000000000000001 0 0 0 0.4 0 0 0 0.4 10.200000000000001 0 0.2 0 0 0 0 0.6000000000000001 0 0 0 0 0 0 0 0 0 0 0 0 0.4 0 0 0 0 0 0 0 0 0 0.2 4 4 0 0 0 0 12.200000000000001 0 15.600000000000001 0.2 0 0 0 0 0 0 0 1 6 5.2 2 0 0 0.2 2.8000000000000003 3 2 4.2 0 1.8 4.4 8.8 1.8 2.6 0 1.2000000000000002 3.8000000000000003 0 0 0 0.8 0 0 0 0 0 0 0 0 0 0 0 0 0.8 2.8000000000000003 0.2 0 0 0.4 0 0 0 0 0.2 2 0 0 0 0 0 0 0 0 0 0 0 0 0 2.6 0 0 2.4000000000000004 8.200000000000001 0 0.4 0 1 2.2 8 0.4 0 0 0 2 0 0 0 2.6 4.2 0 3.6 0 0 6.6000000000000005 0 2.4000000000000004 0.6000000000000001 3.6 0 0 2.4000000000000004 6.800000000000001 2.2 0 10.4 0 0.2 0 0 0 0 0 0 0 0 0 0 0 0 0 0 0 0 0 0 0 0 0 0 0 0 0 0 0 0 0 0 0 0 0 0 0.8 0.4 1.2000000000000002 0.4 0.4 0 0.2 0.6000000000000001 0 0 0 0 0.4 0 0 0 0 0 0 0 0 0 0 0 0 0 0 2 0 0 0 0 0 0 0 0 
 40.800000000000004 0.4 0.4 0.4 0.4 0.8 0.4 0.6000000000000001 0.4 0.8 0.6000000000000001 0.4 0.4 0.4 0.6000000000000001 0.4 0.4 0.4 0.4 0.8 63 6.800000000000001 4.6000000000000005 23.6 20 0 6.4 8.4 43.6 26 71.2 28.400000000000002 10.4 8.200000000000001 30.8 57.6 10.4 63 53.400000000000006 13 1.2000000000000002 17.2 9.200000000000001 0 0 0 14.200000000000001 17.8 7.2 0 0 0 6.800000000000001 5.4 16 4.2 13.4 0 19 25.200000000000003 0.2 0 0.4 0.4 0 0 0 0.4 0 0 0 0.4 0 0 1.2000000000000002 0 8.6 0 0 0.6000000000000001 0 0 0 0 0 0 0 0 0 0 0 0 0 0 0 0 0 0 0 0 0 0 0 0.2 0 0 0 0 0 2.8000000000000003 0 2.4000000000000004 0.2 0 0 0 0 2.8000000000000003 0.8 0 2.2 1.4000000000000001 0 0 0 0 4.800000000000001 1.4000000000000001 2.6 0 0 0 14.600000000000001 1 1.4000000000000001 1 0 5.6000000000000005 0 2.4000000000000004 0 0 0 0.2 0 0 0 0 0 0 0 0 0 0 0 0 0 0 1 0 0 0.4 0 0 0 0 0 0.4 0 0 0 0 0 0 0 0 0 0 0 0 0 0 0 0 1.6 0.6000000000000001 0 0.4 2.4000000000000004 3.8000000000000003 2 3.6 0.4 0 0 1.8 0.4 0 0 0 4.2 0 0 0 0 0 1.8 5.800000000000001 0 0.2 1.6 0 7.4 3.2 0.4 0.2 0.2 0 10.8 4.800000000000001 0.2 0 0 0 0 0 0 0 0 0 0 0 0 0 0 0 0 0 0 0 0 0 0.6000000000000001 0 0 0 0 0 0 0 0 0 0 0.2 1.8 0 0 32 0 0 0.8 0 0 0 0 0 0 0 0 0 0 0 0 0 0 0 0 0 0 0 0 0.4 0 0 0 0 0 0 0.4 0 
 0 0 0 15.4 0 41.800000000000004 0 0 0 21.400000000000002 0 15.200000000000001 0.4 0 1.4000000000000001 0 0.4 0.2 0.4 0 125 32.6 20 91.60000000000001 51.6 6.4 0 36.4 41.2 21.400000000000002 26.6 49.400000000000006 17.400000000000002 39.800000000000004 21.200000000000003 26.8 30.400000000000002 19 38 9.200000000000001 1.4000000000000001 0 0 0 0 0.6000000000000001 0 0.8 0 0 0 0 0 0 0.6000000000000001 0 0.6000000000000001 0 0 0 0 0 0 0.6000000000000001 0 0.2 0 1.4000000000000001 0 0.6000000000000001 0 0.4 0.2 0 0.4 0 0 0 0 0.8 0 0 0 0 2.8000000000000003 3.4000000000000004 0 0 0 0 0 0 0.2 0 0 3 1.4000000000000001 0.4 0 0 1.4000000000000001 1.4000000000000001 5.2 3 2.2 4 4.6000000000000005 5.6000000000000005 3.8000000000000003 4.2 0 0.2 2 4.2 1.8 1.8 4.6000000000000005 0.2 11.4 2 0 0 0 0 0.2 0 0 0 0.4 0 0 0 0 0 0 0 0 0 0 3.6 0 0.8 0 0.4 0 0 0 0 0.8 0 0 0 0 0 0 0 0 0 0 0 0 0 0 2.4000000000000004 0 0 2.4000000000000004 0 0 0 0 3.8000000000000003 0 0 0 0 0 0 0 0 4.4 0 0.2 0.4 12.4 0 0 2.4000000000000004 2.8000000000000003 5.800000000000001 4.2 0 4.800000000000001 18.2 2.6 9.600000000000001 0 2.4000000000000004 2.6 5 0 0 0 0 0 0 0 1.6 0 0 0 0 0 0 0 0 0 0 0 0 0 0 0 0 0 0 0 0 0 0 0 0 0 0 0 0 0 0 0 0 0 0 0 0 0 0 0 0 0 0 0 0 0 0 2.2 0 0 0 0 0.4 0.4 0.2 0 0 0 0 0 0 0 0 0 0 0 0 0 0 10.200000000000001 0 0 0 0 3.6 0 0 0 0 0 0 0 0 
 0 0 0 0.2 4.4 6 0.2 0 0 0 0 6.800000000000001 0 0 0.8 0 0 0.4 1 0 46.400000000000006 36.800000000000004 16.400000000000002 44 11 8.4 36.4 0 31 6.800000000000001 50.2 10.600000000000001 41 76.60000000000001 28.6 41.800000000000004 54.6 12.200000000000001 34.800000000000004 10.600000000000001 0.6000000000000001 0 0 0 0 0 0 0 0 0 0 0 12.4 0 0.6000000000000001 0 0.6000000000000001 0 0.4 0 0.2 0 0.2 0.6000000000000001 10 0.6000000000000001 0 10 0 0.8 0 0.4 0 0 0.2 0 0 0 0 1 0 0 0 0 0 0 0 0 0 0 0 3.4000000000000004 0 0 0 0 0 0.2 0 0 2.2 0 5.4 2 0.2 5.6000000000000005 0 1.6 2.6 0.2 2.4000000000000004 0 3 0 0 6.800000000000001 10 5.800000000000001 2.2 0.4 2.4000000000000004 0 0 0 0.4 0 0 0 0.2 0 0 0 0 3 0 0 0 1 0 0.4 0 1.6 0 0.2 0 0 0 0 0 0 0 0 0 0 0 0 0 0 0 0 0 0 2 0 0 0 0 0 0 0 0 0 0 0 0 0 0 2.6 3 0 4 0.8 4 3.2 3 2.4000000000000004 0.2 2 5.6000000000000005 2.8000000000000003 4 0 0 13.8 0 6 1.6 0 2 0.6000000000000001 2 0 0 0 0 0 0 0 0 0 0 0 7.4 2.2 0.4 0 0 0 3.8000000000000003 0 0 0 0 0 0 0 0 0 0 0 0 0 0 0 0.4 0 0 0 0 0 0 0 0 0 0 0 15 0 0 0 0 0 0 0 1.2000000000000002 0 0.6000000000000001 15.8 0.4 0 3.2 0 0 0 0 0 0 0 0 0 0 0 0 0 0 0 0 0 0 0 0 0 0 0 0 0 0 0 0 0 
 15 0 0 0 0 0 0 0 0 0.2 0 0 0 0 0 0 0 0.4 0 0 23.200000000000003 9 26.200000000000003 64 13.4 43.6 41.2 31 0 26.400000000000002 5.4 21.200000000000003 19.8 68.4 53.2 40.2 21.400000000000002 10.200000000000001 20.400000000000002 13.4 0.6000000000000001 0 0 0.2 0 0 0 0.2 0 0 0 0 0 0 0.6000000000000001 0 0.6000000000000001 0 0 1.8 0 0 0 2 0 0.2 0 0.4 0 0.6000000000000001 0 0.4 0 0 0.2 0 0 0 0 0.6000000000000001 0 0 0 0 0 0 0 0 0 0 0 0 0 0 0 0 0 0 0 0 0.2 0 3.4000000000000004 1.4000000000000001 8 3.8000000000000003 2.4000000000000004 0 0.2 2.8000000000000003 2 4 0 1.8 0 2.4000000000000004 1.2000000000000002 8.6 0 0 2 0 0 0 3.8000000000000003 0 1 0 0 0 0 1.4000000000000001 2.6 0 0 0 0.4 0 1.8 0 0 0 0 0 0 0 0 0 0 0 0 0 0.4 0 0 0 0 0 0.4 0.2 0 0 1.4000000000000001 0 0 0 0 0 0 0 0 0 0 0.2 0 0 0 0 0 0 0.2 0 6 2.2 0 0 0 0.6000000000000001 3 0 6.2 2.4000000000000004 0 0.2 4 6 6 8.200000000000001 0 3.6 0.2 0 0 0 0 0 0 2.2 0 0 0 0 3.6 1.6 0 0 1.6 0 6 0 0 0 0 0 0.4 0 0 0 0 0 0.4 0 0 0 0 0 0 0 0 0 0 0 0 0 0 0.2 0 0 0 0 0 0 0 0 0.8 0.4 0 15.200000000000001 15.4 0 4 0 0 0 0 3.2 0 0 0 0 0 0 0 0 0 0 0 0 0 0 0 0 0 0 0 0 0 0 0 0.2 
 0.4 0.4 0.4 0.4 18.2 1 0.4 0.4 0.4 0.4 0.8 0.4 0.4 0.4 0.4 0.6000000000000001 0.4 0.4 0.8 0.4 11.600000000000001 37.800000000000004 58 17.8 36.2 26 21.400000000000002 6.800000000000001 26.400000000000002 0 58.6 20.6 51.800000000000004 52 34 14 22.200000000000003 23 20.400000000000002 37.800000000000004 0.6000000000000001 0 0 0.2 0.4 0 14 0.4 0 0.4 2.2 0 0 0 0.6000000000000001 0.2 0.6000000000000001 0 9.200000000000001 13.8 2.4000000000000004 0 0.4 0.6000000000000001 0.6000000000000001 0 0 0.4 0.4 0 0 0.4 0 0 0.2 0 10.200000000000001 0.4 0 0.6000000000000001 0 0 0 0 0 0 0 1 0 0 0 0 0 0 0 0 0 0 0 0 4.6000000000000005 10.8 0 12.4 3.4000000000000004 5.4 2 6.4 0.4 7 2.2 5 0 5 0 2.8000000000000003 0 3.6 0 0 5.800000000000001 0 0.6000000000000001 0 0 0 1 0.6000000000000001 0 0 0 0 7.4 0 2.2 0 4.6000000000000005 0 4.800000000000001 0 0 0 0 1.6 0 0 0 0.2 0 0 0 0 0 0 0 0 0 0 2 0 0 0 0 0 0 0 0 0 0 0 0 0 0 0 0 0 0 0 0 0 4.6000000000000005 11.200000000000001 4.6000000000000005 4.2 4 8.8 9.200000000000001 3.4000000000000004 0.2 4.800000000000001 3.8000000000000003 12.600000000000001 0 2 1.8 8.6 6.4 5 0 0 0.6000000000000001 2.2 0 0 0 0 2.8000000000000003 0 0 0 0 1 0 0 2 0.8 0.4 0 0 0 0 0 0 0 0 0 0 0 0 0 0 0.4 0 0 0 0 0 0 0.2 0 0 0 0 0 0 0.4 0 0 0 0 0 0 0 0 1.6 0 0 4.4 1.6 0 0.8 0 0.4 0 0 0 3.2 0 0 0 0 0.2 0 0 0 0 0.4 0 0 1.6 0 4.6000000000000005 0 0 0.2 0 0 0 0 0 
 40.400000000000006 0.6000000000000001 0 0 0 0 0 0 0 0 0 0.2 1.4000000000000001 0 0 0 0.2 0 0.4 0 70.60000000000001 24 30.8 42.6 31.6 71.2 26.6 50.2 5.4 58.6 0 11.4 5.6000000000000005 9.8 26.200000000000003 29.6 38.800000000000004 22.400000000000002 12.600000000000001 11 0.6000000000000001 0 0 0 0 0 0 0 0 0 0 0 0 0 14 0 0.6000000000000001 0.4 1 0 0 0 0 0.6000000000000001 0 0.6000000000000001 0 0.6000000000000001 0 0.6000000000000001 0 0.4 0 0 0 0 0 0 0 1.4000000000000001 0 0 0 0 0 0 0 0 1.4000000000000001 0 0 0 0 0 0 0 0 0 0 0 0 0 4.4 0.2 0.8 0 1.2000000000000002 0 0 1.8 1.8 3.6 0 0 0 2.4000000000000004 2.8000000000000003 1.6 0 0 0.8 0 0 0 0 0 0 0.2 2 0 0 0.2 0 0.2 0 2.4000000000000004 0 2 0 10 0 0 0 0 0 0 0.4 0 2 0 0.4 0 0 0 0 0 0 0 0 0 0 0 0 0 0 0 0 0 1.6 0 0 0 1 0 0 0 0 0 0 0 0 0 1.6 0 3 2.4000000000000004 0 4.6000000000000005 3.4000000000000004 0.8 0.2 2.8000000000000003 0 1.8 2 0 7.4 0 0 0.2 0 0 0 0 0.4 0 1.8 2.8000000000000003 0 1.8 0 0 2.6 2.2 0 5 0 3.4000000000000004 3 7.6000000000000005 0 0 0 0 0 0 0 0 0 0 0 0 0 0 0 0 0 0 0 0 0 0 0 0 0 0 0 0 0 0 0 0 0 0 1.8 0 0 29.400000000000002 0 0.4 0.4 0 0 0 0 0 0 0 0 0 0 0 0 0 0 0 0 0 0 0 0 3.6 0 0 0 0 0 0 0 0 
 0.2 0.4 0 0 0 0 0 7.6000000000000005 14.600000000000001 0 0 0 0 0 0 0 0.4 0.4 16.400000000000002 0 7.800000000000001 9.600000000000001 21.6 23.8 43 28.400000000000002 49.400000000000006 10.600000000000001 21.200000000000003 20.6 11.4 0 5.6000000000000005 20.400000000000002 8.4 23.400000000000002 10.200000000000001 55.800000000000004 9 7 1 12.8 0 0 0 0 4.4 26 0 0.4 0 0 0.8 0.2 0.6000000000000001 0 0.6000000000000001 0 25.8 25 1 1.2000000000000002 0.4 0.6000000000000001 0.4 0 0.8 0.4 0.4 0 0.6000000000000001 0.4 0 0 0 0.4 10.200000000000001 0 0 0.6000000000000001 0 0 0 0 0 0 0 0 0 0 0 0 0 0 0 0 0 0 0 0 3.2 1.2000000000000002 0 0 7.4 0.2 0 0 1.4000000000000001 3.8000000000000003 0 0 0 0 0 4.6000000000000005 3.6 2.8000000000000003 0 0 3.2 5 3.4000000000000004 0.2 0 0 8.4 2.2 4.2 0 0 0 10.4 4.800000000000001 4.800000000000001 4.2 4.4 0.4 2 0 0 0 0 0.6000000000000001 0 0 0 0 0 0 0 0.2 0 0 0.6000000000000001 0 1 0 0.6000000000000001 0 0 0 0 0 0 0 0 0 0 0 0 0 0 0 0 0 0 0 0 0 0 0.4 0.4 9.200000000000001 5.6000000000000005 3.4000000000000004 0 4 2.6 5 3 2.6 0 0.2 0 0 0 3.2 0 0 1.8 1.4000000000000001 0 0 0 0 7.4 0.2 0 1 6.4 0 0.2 0.8 4.4 0 4 0.2 3.4000000000000004 6.2 0 0 0 0 0 0.6000000000000001 0 3.8000000000000003 0.4 0 0 0 0 0 0 0 0 1.6 0 0 0 0 1.8 0 0 0 0 0 0 0 0 0 0 0 2.8000000000000003 0.4 0 16.8 15.4 0 0 0.4 0 0 0 0 0 0 0 0 0 0 0 0 0 0 0 0 0 1.6 0 0 0 0 0 0 0 0 0 0 
