 0 18.2 31.8 26.8 7.2 4.2 19 26.6 32.4 7.2 4.800000000000001 7.800000000000001 61.400000000000006 29 11 25 5.6000000000000005 6.800000000000001 22.6 67.60000000000001 0 0 0.6000000000000001 0 0 0 0.2 0.6000000000000001 0 0 0.6000000000000001 0.6000000000000001 25.6 0 0 0 0 0 0 0.2 0 0.6000000000000001 0.4 0.6000000000000001 0 0 0 0 0 0 0.4 0 0 0 0.6000000000000001 0 0 0.2 2.4000000000000004 0 0.4 0 0 0 0.4 0 0 0 0 0 0 0.4 0 0 0 0 0.4 0 0 0 11.4 7.6000000000000005 1.4000000000000001 2.2 0 0 3.8000000000000003 0.8 1.4000000000000001 0 0 0 4.6000000000000005 5.2 1.8 2.8000000000000003 2.4000000000000004 2 3.6 4 0 0 0 0 0 0 0 0 0 0 0 0 0 0 0 0 0 0 0 0 0 0 0 0 0 0 0 0 0 0 0 0 0 0 0 0 0 0 0 0 0 0 0 0 0 0 0 0 0 0 0 0 0 0 3.2 0 0 0 0 0 4.4 0.2 8.4 0 0 0 5.2 6.800000000000001 2.6 0 0 0 2.8000000000000003 2 8.4 1.8 1.8 4.6000000000000005 1.8 0 0 0 0 0 0 0 0 0 0 0 0 0 0 0 0 0 0 0 0 0 0 0 0 0 4.6000000000000005 0 0 0 0 0 0 0 0 0 0 0 0 0 0 0 0 0 0 0 0 0 0 0 0 0 0 0 0 0 0 0 0 0 0 0 0 0 0 0 0 0.4 0 0 0.4 0 0 1 0 0 0 0 0 0 0 0 0 0 0 0 0 0 0 0 0 0 0 0 0 0 0 0 0 3.2 0 0 0 0 0 0 0 0 0 0 0 0 
 18.2 0 28.8 12.8 53.800000000000004 25.200000000000003 90.60000000000001 23.200000000000003 50.800000000000004 15.600000000000001 29.6 50 50.400000000000006 10.200000000000001 25.400000000000002 24.6 77.4 52.2 10.600000000000001 69.8 0 0 0.6000000000000001 0 0 0 0 0.6000000000000001 0 0 0.6000000000000001 0.4 14.8 0 0 0 0 0 0.2 0.4 0 0.6000000000000001 0.4 0.6000000000000001 0 0 0 6.4 0 0 0.4 0 0 0 0.6000000000000001 0 0 0 0 0 0.4 0 0 0 0.4 0 0 0 0 0 0 0.4 0 0 0 0 0.4 0 0 0 0.2 3.6 11.600000000000001 7.2 0 5.4 3.4000000000000004 6.4 1.8 1.6 5 3.8000000000000003 4.2 0.4 13.200000000000001 1.8 7.4 1.6 0 0 2.4000000000000004 0 0 0 0 0 0 0 0 0 0 0 1.4000000000000001 0 0 0 0 0 0 0 0 0 0 0 0 0 0 0 0 0 0 0 0 0 0 0 0 0 0 0 0 0 0 0 0 0 0 0 0 0 0 0 0 0 0 0 0 0 0 0 4 1.8 1.8 2.2 2.2 0 1.2000000000000002 1.8 3.8000000000000003 0.2 0 2.8000000000000003 13 4 5.4 4.4 6.6000000000000005 13.200000000000001 0 3.8000000000000003 0 0 0 0 0 0 0 0 0 0 0 0 6.800000000000001 0 0 0 0 0 0 2.4000000000000004 0 0 0 0 0 0 0 0 0 0.2 0 0 0 0 0 0 0 0 0 0 0.4 0 0 0 0 0 0 0 0.4 0 0.2 0 0 0 0 0 0 0 0 0 0 0 0 0 0 0 0.4 0 2.6 31.200000000000003 0.4 1.6 4.800000000000001 0.2 4.4 0 0 0 0 0 0 0 0 0 0 0 0 0 0 0 0 0 0 0 0 0 0 0 0 0 0 0 0 0 0 2.2 0 0 0 0 
 31.8 28.8 0 62.800000000000004 27.400000000000002 22.8 13.200000000000001 48.6 56.800000000000004 33.4 30.6 15.8 8.200000000000001 19.200000000000003 10 11.600000000000001 88.80000000000001 23.6 49.6 60 0 0 0.6000000000000001 0 0 0 0.2 0.4 0 0 0.6000000000000001 0.4 0.6000000000000001 0 0.2 0 0 0 0.8 24 0 0.6000000000000001 0.4 0.6000000000000001 0 0 0 18.6 0 0 0.2 0 0 0 0.6000000000000001 0 0 0 0 0 0.6000000000000001 0 0 0 0.6000000000000001 0 0 0 0 0 0 0.4 0 0 0 0 7.4 0 0 0 2 2.4000000000000004 14.8 5 2.2 3 1.8 7 2.2 4.800000000000001 8 4 0 0 0 12 2 1 14.4 2.8000000000000003 6 0 0 0 0 0 0.6000000000000001 0 0.2 0 0 0.4 3.6 0 0 0 0 0 0 0 0 0 0 0 0.4 0 0 0 0 0 0 0 0 0 0 0 0 0 0 0 0 0 0 0 0 0 0 0 0 0 0 1.2000000000000002 0 0 0 0 0 0 0 0 0 2.8000000000000003 0 4.4 2.4000000000000004 11 0 0 6.2 2.4000000000000004 2 2.8000000000000003 0 0 0 0.4 1.8 2.4000000000000004 0 0 0 0 0 0 0 0 4.4 0 0 0.2 0 0 7.4 0 3.2 0 0 0 5.800000000000001 5.6000000000000005 0 0 0 0 0 0.4 0 0 0 0 0 0.4 0 0 0 0 0 0 0 0 0 0 0.2 0 0 0 0 0 0 0 0 0 0 0 1 0 0 0 0 0 0 0 0 0 2.6 0 0.4 0 3.8000000000000003 0 0 1.4000000000000001 0 0 0 0 0 0 0 0 0 0 0 0 0 0 0 0 0 0 0 0 0 0 0 1.6 6.6000000000000005 2.8000000000000003 0 0 0 0 0 0 0 0 0 0 0 0 
 26.8 12.8 62.800000000000004 0 19.6 5.2 29.400000000000002 35.2 23.8 44 90.2 24.6 73 18 32.800000000000004 22.8 69.8 39.800000000000004 14.8 63 0 15.4 0 0 0 0 14.200000000000001 0.2 15.600000000000001 0 0 0 4.800000000000001 0 0 0.4 0 0 13.4 14.600000000000001 0 0 0 0 0 0 0 0.2 0 0 0 0 0 0.6000000000000001 1.2000000000000002 0 0 0 0 0 0 0 0 0 0 0.2 0 0 0 0 0.8 0 0 0 0 0 0 0 0 0 3.8000000000000003 0 2.4000000000000004 4 4.4 0 1.8 5.800000000000001 0 6.2 7 0.2 0 0 2.4000000000000004 9.8 0.4 5.4 2.4000000000000004 6.6000000000000005 0 1 0 0 0 0 1 0 0 0 0 0 0 0 0 0 0 0 4 0 0 0 0 0 0 0 0 0 0 0 0 0 0 0 0 0 0 0 0 0 0 0 0 0 0 0 0 0.2 0 0 0 0.6000000000000001 0 0 0 0 0 0 0 0 2.8000000000000003 0 0.2 0.2 3.4000000000000004 0 2.8000000000000003 0 1.6 4.4 10 2.2 0 0 4 7.2 0 2.8000000000000003 5 0.2 0 0 0 0 0 0 5.800000000000001 1.8 0 0 0 0 8.8 0 0 0 1.8 0 8.200000000000001 0 0 0 0 0 0 0 0 0 0 0 0 0 0 0 0.4 0 0 0 0 0 0.4 0 0 0 0 0 0 0 0.4 0 0 0 0 3 0 0 0 0 0 0 0 0.4 0 0 0 0.4 0.2 0.4 0 0.2 0.4 0.8 0 0 0 0 0 0 0 0 0 0 0 0 0 0 0 0 0 0 0 0 0 0 0 0 12.4 1.8 0 0 0 0 0 0 0 0 0 0 0 0 
 7.2 53.800000000000004 27.400000000000002 19.6 0 26.400000000000002 7.4 18.400000000000002 39.6 17.2 38.400000000000006 29 16.400000000000002 41.400000000000006 59 21.8 38.800000000000004 30.200000000000003 12.200000000000001 16.8 0 29.200000000000003 0.6000000000000001 0.4 0 0 15 15.8 0 0 0.6000000000000001 0.8 0.2 15.200000000000001 0 0 0 0.2 0.4 15 0 0.4 0.4 0.4 0.6000000000000001 0 12.200000000000001 6.6000000000000005 13.200000000000001 0.4 0.6000000000000001 17.6 0 0 0.2 0 0.2 0 0 0 0 0 0.6000000000000001 0 0.4 0 9.4 0 0 0 0 0.4 0 0 0 0 0.4 0 0 0 0 0.2 5 0 2.6 6.6000000000000005 0 3.4000000000000004 8.200000000000001 3.8000000000000003 7 1.8 0 0.2 0 1.6 4.800000000000001 3.6 0 0 0.2 0 3.2 0 0 0 0.4 6.2 0 3.4000000000000004 0 0 3.8000000000000003 2 0.6000000000000001 2.6 0.4 0 1.6 0.4 0 0 0 0 0.2 0 0 0 0 0 0.2 0 0 0 0 0.2 0 0 0 0 0 0 0 0 0 0 0 0 0 0 0 0 0 0 0.6000000000000001 0 0 0.4 3.8000000000000003 0 0 0 0 9.200000000000001 7.800000000000001 4.6000000000000005 0 0 3.6 4.6000000000000005 0 2 0 0 1.8 0.8 0 2 0 0 6.2 5.800000000000001 0.8 0 0 0 1 6.800000000000001 0 3.6 0 0 8 3.6 6.2 0 3.4000000000000004 4.800000000000001 0 0 0 0 0 0 0 0 0 0 0 0 0 0 0 0 0 0 0 0 0 0 0 0 0 0 0 0 0 0 0 0 0 0 0 0 0 0 0 0 0 0 0 0 0 0 0 0.4 1.2000000000000002 0 0.4 0.4 0.6000000000000001 1.6 0 0 0 0 0 0 0 0 0 0 0.2 0 0 0 0 0 0 0 0 0 0 0.4 0 0 0 0 0 0 0 0 0 0 0 0 0 0 0 0 
 4.2 25.200000000000003 22.8 5.2 26.400000000000002 0 4.2 13.8 13.200000000000001 6.6000000000000005 76.80000000000001 66 5.2 6 57.6 15.600000000000001 17.2 8.8 7.2 7.2 0 15 19.400000000000002 8.4 0 0 20 0 0 0 0 0 0 31.8 0.4 15 14.600000000000001 0 15.4 15.4 3.2 0 0 0 0.2 0 0 0 0 0 0 0 0 0 0 0 1.6 0 0.8 0 0 0 0 0 0 0 0 0 2.6 0 0 0 0 0 0.2 0 0 0 0 0 0 4 3.8000000000000003 4 0.2 6.800000000000001 0 2.2 2.2 2.8000000000000003 6.6000000000000005 4.800000000000001 0 0.4 0 1.6 6.800000000000001 2.6 0 0 2.8000000000000003 0.6000000000000001 0 2 0.2 0.8 0 2.6 0 0 3.6 0 7 6 0 0 0 0 0.2 2 0 0 0 0 0 0 0 0 0 0 0 0 0 0 0 0 0 0 0 0.2 0 0 0 0 0 0 0 0.2 0 0 0 0 0 0 0.4 0.4 0 0 0.8 0 0 1.6 0.2 0 0 0 0 0 2.4000000000000004 1.4000000000000001 0 6.4 0 0 0 4.800000000000001 1.8 0 0 0 4.6000000000000005 10 0 4.800000000000001 0 0 0 3 1 1 0 0 7.4 7.4 7.6000000000000005 0.4 3.2 0 0 9.4 0 0 0 0 0 0 0 0.2 0 0 0 0 0 0 0 0 0 0 0 0 0 0 0 0 0 0 0 0 0 0 0 0 0 0 0 0 0 0 0 0 0 0 0 0 0.4 1.2000000000000002 10.8 0 18 0.4 0.2 1.4000000000000001 0 1.2000000000000002 0 0 0 0.2 16 0 0 0 0.2 0 0 0 0 0 0 0 0 0 0 0 0 0 0 0 0 0 0 0 0 0 0 0 2.2 0 0 0 
 19 90.60000000000001 13.200000000000001 29.400000000000002 7.4 4.2 0 17 52.6 70.4 5.6000000000000005 27.400000000000002 30.6 22.8 14.600000000000001 59 10.4 66.8 28.8 25.400000000000002 0 0 0.6000000000000001 0.2 0.4 0 0 0.4 7.6000000000000005 0 0.6000000000000001 0.4 0 0 0.6000000000000001 0 0 0 4 0 0 0.6000000000000001 0.4 0.6000000000000001 0 0 0 0.6000000000000001 0 0 0.4 2 0 0 0.6000000000000001 0 0 0 0 0 0.4 0 0 0.4 0.4 0 0 0 0 0 0 0.4 0 0 9.200000000000001 0 0.4 0 0.6000000000000001 0 2.6 0 0 7.6000000000000005 0.6000000000000001 2 0 0.2 6.2 0 4 0 1.6 4.6000000000000005 1.2000000000000002 0 5.6000000000000005 3.2 0 3 0 0 0 0.4 0 0 0 0 0 0 0 0 0 0 0 0 0 0 0 0 0 0 0 0 0 0 0 0 0 0 0 0 1.8 0 0 0 0 0 0 0 0 0 0 0 0 0 0 0 0 0 4.4 2.8000000000000003 0 0 0 0 0 0 0 0 0 4 2.8000000000000003 0 0.2 0 4 5.4 0 0 2 0 5.2 0 3.2 0 0.8 0 1.8 4 0 0 0 0 0 0 0 0 1.8 0 0 0 0 0 0 0 0 0 0 0 0 0 0 0 0 0 0 0 0 0 0 0 0 1.8 0 0 0 0.2 0 0 0.2 0 0 0 0.6000000000000001 0 0 0 0 0 0 0 0 0 0.2 0 0 0 0 0 0 0 0 0 0 0.4 0 0 0 2.2 0.4 4 0 0 0 0 0 0 0 0 0 0 0 0 0 0 0 0 0 0 0 0 0 0 0 6.6000000000000005 0 0 0 0 0 0 0 0 0 0 0 0 0 0 
 26.6 23.200000000000003 48.6 35.2 18.400000000000002 13.8 17 0 56.6 27.400000000000002 41.400000000000006 70.8 83.2 13.200000000000001 18 33.4 43.800000000000004 43.2 16 88.2 0 0 0.6000000000000001 0 0.2 0 0 0.4 0.4 0 0.6000000000000001 0.4 15.8 0 0.6000000000000001 0 0.4 0 0.2 0 0 0.6000000000000001 0.4 0.6000000000000001 0 8.200000000000001 0 6.6000000000000005 0 0 0.4 0 0 0 0.6000000000000001 0.6000000000000001 0 0 0 0 0.2 0 0.6000000000000001 0 0.4 0 0 0 0 0 0 0.4 0 0 0 0 0.4 0 0 0 12 3.8000000000000003 13.600000000000001 5.2 0 3.2 5.800000000000001 4.4 1.2000000000000002 1.6 3.2 0 6.6000000000000005 2 4.6000000000000005 3 6.2 2.2 8 2 0 0 0 0 0.4 0 0 0 0 0 0 0 0 0 0 0 0 0 0 0 0 0 0 0 2.6 0 0 0 0 0.4 0 0 0 0 0 0 0 0.2 0 0 0 0 0 0 0 0 0 0 0 0 0 0 0 0 0 0 0 0 0 0 1.6 0 1.6 2.2 2.4000000000000004 0 1.2000000000000002 3 4.800000000000001 0.2 0 0 6.6000000000000005 0.4 2.2 3.6 7 9.600000000000001 0.4 3 0 0 0 0 0 0.4 0 0 0 0 0 0 13.4 0 0 0 0 0 0.4 0 0 0 0 0 0 0 0 0 0 0 0 0 0 0 0 0 0 0 0 0 0 0 0 0 0 0 0 0.2 0 0 0 0 0 0 0 0 0 0 0 0 0 0 0 0 0 0.4 0 0.2 0 17.2 0 3.2 4.4 0 0 0 0 0 0 0 0 0 0 0 0 0 0 0 0 0.4 0 0 0 0 0 0 0 2.4000000000000004 0 0 0 0 0 0 0 0 0 0 0 0 
 32.4 50.800000000000004 56.800000000000004 23.8 39.6 13.200000000000001 52.6 56.6 0 81.4 30 28.400000000000002 16.2 63.800000000000004 18.8 138 18 27 20.200000000000003 40.400000000000006 0 0 0.6000000000000001 0.2 0.4 0 1.8 0.4 0 0 1 0.4 0.2 0 0.4 0.4 0 0.2 0.4 15.200000000000001 0 0.6000000000000001 0.4 0.6000000000000001 0 0 0 10.4 0 0 0 0 0.4 0 0.6000000000000001 0 0 0.2 0 0 0.6000000000000001 0 0 0 0.6000000000000001 0 10.200000000000001 0 0 0 0 0.6000000000000001 0 0 0 0 0.6000000000000001 0 0 0 2.6 13.4 8.8 3 0 3.4000000000000004 1.6 6.4 0 2.2 0.2 0 3 2 0 8.4 3.4000000000000004 0 6.800000000000001 3.4000000000000004 0 0 0 0 0 0 2.4000000000000004 0 0 0 0 0 5 0 0 0 0.2 0 0 0 3.6 0 2 0 0 0 0 0 0 0 0 0 0.2 0.2 0 0 0 0 2.6 0 3.4000000000000004 0 0 0 0 0 0 0 0 0 0 0.6000000000000001 0.4 0 0.2 0 0 0 0 1.8 2 1.6 0 4.2 4.4 0 0.4 0 0 1.6 2 2.2 3 2 7.800000000000001 0 4.800000000000001 3 0 2.6 0 0 0 0 0 0 2 0 0 0 0.4 0.2 3.2 0 0 0 0 0 3 3.2 0 0 0 0 0 0 0 0 0 0 0.2 0 0.2 0 0 0 0 0 0 0 0 0 0 0 0 0 0 0 0 0 0 0 0.2 0 0 0.4 0 0 0 0 0 0 0 0 0 0.2 0.2 0.4 17.6 0 0 1.8 0 0 0 0 0 0 0 0 0 0 0 0 0 0 0 0 0 0 0 0 0 0 0 0 3 1.6 0 0 0 0 0 0 0 0 0 0 0 0 
 7.2 15.600000000000001 33.4 44 17.2 6.6000000000000005 70.4 27.400000000000002 81.4 0 52.2 27.400000000000002 9.600000000000001 19.8 28.400000000000002 61.800000000000004 46.400000000000006 24.8 13 92 0.4 0 5.6000000000000005 0 0 0.2 4.800000000000001 0.6000000000000001 0.2 14.4 0.6000000000000001 0.4 11.4 0.4 0 0 0 0 9.4 16.400000000000002 0 0.6000000000000001 0.4 0.6000000000000001 0 0 0 0.8 0 0 0.2 0 0 0 0.6000000000000001 0 0 0 0.2 0 0.6000000000000001 0 0 0 0.6000000000000001 5.800000000000001 0 0 0 0 0 0.6000000000000001 0 0 0 0 0.6000000000000001 0 0.6000000000000001 0 5.6000000000000005 1.8 2.8000000000000003 4.6000000000000005 4.6000000000000005 0 5.800000000000001 0 0 2.4000000000000004 0 1.8 5.800000000000001 0 3 15.600000000000001 2 0 0 2.2 5.6000000000000005 2 0 0 0 0 0.6000000000000001 0 0 0 0 0 0 0 1.2000000000000002 2.8000000000000003 0 0 2.2 0.2 0.4 0 0 0 0 0 1.6 0 0 0 0 0 0 0 0 0 0 0 0.6000000000000001 0 0 0 0 1.4000000000000001 0 0 0 0 0 0 4 1.6 0 0 0 0 0 0 0 0 0 3 0 0 0 1.2000000000000002 1.4000000000000001 4.4 0 0.4 2.2 2 2.8000000000000003 2.2 0 3 8.200000000000001 2.8000000000000003 0 5.6000000000000005 0 0.4 3 0 0 0 2.2 2 0 0.4 0 0 3.8000000000000003 0 0 0 1.4000000000000001 0 2.8000000000000003 0 0 0 0 0 0 0 0 2.4000000000000004 0 0 0 0.2 0 0 0 0 0 0 0 0 0 0 0.2 0 0 0 2.6 0 0 0 0 0 0 0 0 0 0 0 0 0 0 1.6 0 0 0 0.2 0.2 0.4 0.2 17.400000000000002 2.6 0 2.8000000000000003 0 0 0 0 0 0 0 0 0 0 0 0 0 0 0 0 0 0 0 0 0 0 0 2.8000000000000003 9.8 0 0 0 0 0 0 0 0 0 0 0 0 
 4.800000000000001 29.6 30.6 90.2 38.400000000000006 76.80000000000001 5.6000000000000005 41.400000000000006 30 52.2 0 10 45.800000000000004 7 12.8 76.80000000000001 33.6 58 5.6000000000000005 54.800000000000004 0 0.2 0.6000000000000001 0 0 0 27.6 0.4 0 0 1.2000000000000002 0.4 15.600000000000001 32.6 5 0 0 0 15.4 0.8 0 1.2000000000000002 0.8 1.2000000000000002 0 0 0 0.2 0 0 0.2 13.200000000000001 0 0.6000000000000001 1.2000000000000002 0 0 0 0.2 0 0.6000000000000001 0 0 0.6000000000000001 0.6000000000000001 0 0 0 7.4 0 0 1 0.2 0 0 0 1 0 0 0 0 4.4 3.8000000000000003 0 7.2 10.200000000000001 0 2.2 0 1.8 6.800000000000001 2.2 0 0 0 0 8.200000000000001 10.600000000000001 0 0 6 3.6 0.4 0 0 3.4000000000000004 3.8000000000000003 4.800000000000001 2.6 0 0 2.4000000000000004 2.4000000000000004 0 0 0 0 0 2 1.2000000000000002 0 0 0 0 0 0 0 0 0 0 0 0 0 0 0 0 0 0 0 0 0 0 0 0 0 0 0 0 0.2 0 0 0 0 0 0 0 0.2 0 0 0 0 5.2 1.8 5.4 6 0 0 4.2 6.4 5.800000000000001 3.2 2.6 0.4 0 0.2 0.2 2.6 2.4000000000000004 0 0 7.6000000000000005 9.200000000000001 0 0 2.4000000000000004 0 8.200000000000001 0.8 0 0 0 0 9.200000000000001 4.6000000000000005 6.800000000000001 0 1.2000000000000002 0 7.4 0 0 0 0 0 0 0 0 0 0 0 0 0 0 0 0 0 0.2 0 0 0 0 0 0 0 0 0 0 0 0 0 0 0 0 0 0 0 0 0 0 0 0 0 0 0 0 0.4 1 0 0.8 0 0 0.4 0 0 0 0 0 0 0 0 0 0 0 0 0 0 0 0 0 0 0 0 0 0 0 5.800000000000001 0 0 0 0 0 0 0 0 0 0 2 0 0 0 
 7.800000000000001 50 15.8 24.6 29 66 27.400000000000002 70.8 28.400000000000002 27.400000000000002 10 0 6 6.4 26.6 23 77.60000000000001 11.200000000000001 7.4 7.2 0 0.2 0.6000000000000001 0 0 0 12.4 0.6000000000000001 0 0 0.6000000000000001 0.8 0 0 0 0 0 0 0 0 0.4 0.6000000000000001 13 1.2000000000000002 0 0 0 0.4 0 0 0.2 0 0 0 0.6000000000000001 0 0 0 0 0 0.6000000000000001 0 0 0.4 0.6000000000000001 0 0 0 0.2 0 0.6000000000000001 0.4 0 0 0 0 0.4 0 6.4 0 0 6.2 3.8000000000000003 9.600000000000001 4.6000000000000005 2.8000000000000003 1.2000000000000002 2 3.6 8.8 5.2 8.4 0 0 5.2 2.2 2.2 8.200000000000001 0 1.8 5.800000000000001 0 0 0.2 0 0 0 0 7.6000000000000005 0 0 0 3.4000000000000004 0.8 0 0 0 0 5 0 0 0 0 0 0 0 0 0 0 0 0 0 0 0 0 0 5.800000000000001 0 0 0 0 0 0 0 0 0 0 0 0 0 0 0 0.2 0 1.8 0 0 0 1.4000000000000001 0 0 2.4000000000000004 0 0 0 0.8 0 0.4 3.8000000000000003 3.8000000000000003 0 17 0 2 0 4.800000000000001 2.8000000000000003 0 0 3.4000000000000004 1 1.4000000000000001 0 0 0 0 2 3.4000000000000004 0 0 0 0 0.2 1.8 0 0 0 0.4 3.6 1.8 0 0 0 0 0 0 0 0 0 0 0 0 0 0 0 0 0 0 0 0 0 0 0 0 0 0 1.8 1.8 0 0 0 0 0 0 0 0 0 0 0 0 0 0 0 0 0 0 40.400000000000006 0 8.8 18 0 0 4.800000000000001 0 0.2 0 0.4 0 0 0 0.2 0 0 0 0 0 0.4 0 0 0 0 0 0 0 0 0 0 0 0 0 0 0 0 0 0 0 0 0 0 0 
 61.400000000000006 50.400000000000006 8.200000000000001 73 16.400000000000002 5.2 30.6 83.2 16.2 9.600000000000001 45.800000000000004 6 0 41.2 21.200000000000003 60.6 8.4 22.8 41.400000000000006 20.200000000000003 0.6000000000000001 0.4 0.6000000000000001 0.4 0.6000000000000001 0 0.6000000000000001 0.6000000000000001 0.4 0 1 0.4 15 0 0 0.2 0.4 0.4 0.2 0.6000000000000001 0 0.6000000000000001 0.4 0.6000000000000001 0 0 0 0.2 0 0.4 0.2 0 0 0 0.6000000000000001 0.4 0.2 0 0.6000000000000001 0 1 0 0 5 0.6000000000000001 0.4 0 0.6000000000000001 0 0 0 0.4 0 0 0 0 0.4 0.4 0 0.4 6.6000000000000005 1.2000000000000002 4.2 0 2.8000000000000003 3.2 0 2.2 0 3.2 3.6 0 0 7 3.2 0 0 0 2 1.8 0 0 0 0 0 0 0 0 0 0 0 0 0 0 0 0 4.6000000000000005 0 0 0 0 0 0 0 0 0 0 0 0 0 0 0 0 0 0 0 0 0 0 0 0 0 0 0 0 0 0 0 0 0 0 0 0 0 0 0 0 0 0 0 5.800000000000001 0 10 2.4000000000000004 0 0 4.800000000000001 0 0 0 5.800000000000001 0 4.6000000000000005 3.4000000000000004 12 1.6 2.6 2.8000000000000003 2.6 2.2 0 0 0 0 0 0 7.2 0 0 0 0 0 0 0 0 0 0.4 0 6.800000000000001 0 0 0 0 0 0 0 0 0 0 0 0 0 0 0 0 0 0 0 0 0 0 0 0 0 0 0 0 0 0 0 0 0 0 0 0 0 0 0 0 0 0 0 0 0 0 0.4 0 0 0.2 0.2 0 1.6 0 0 0 0 0 0 0 0 0 0 0 0 0 0 0 0 0.4 0 0 0 0 0 0 0 0.4 0 0 0 0 0 0 0 0 0 0 0 0 0 
 29 10.200000000000001 19.200000000000003 18 41.400000000000006 6 22.8 13.200000000000001 63.800000000000004 19.8 7 6.4 41.2 0 17.8 15.8 3.6 6.2 28.200000000000003 37.4 0 0.4 0.6000000000000001 0.2 0 0 0 0.4 0 0 0.6000000000000001 0.4 0 0 0.2 0 0 0 1.2000000000000002 14.8 0.4 0.6000000000000001 0.4 0.4 0 0 0 0 0 0.4 0.6000000000000001 0 0 0 0.4 0 0.2 0 1.4000000000000001 0 0 0 0 0 0.4 0 0 0 0 0 0 0.4 0 0 0 0 0.4 0 0.2 0 2.6 0.4 0 0 0.2 0 0 0 1.8 0 0 0 3.4000000000000004 6.4 1.2000000000000002 0 0 0.4 0 0 0 0 0 0 0 0 0.2 0 0 0 0 0 0 0 0 0 0 0 0 0.4 0 0 0 0 0.4 0 0 1.8 0 0 0.4 0 0 0 0 0.2 0 0 0 0 0 0 0 0 0 0 0 0 0 0 0 2.6 0 0 0 0 0 0.2 0 0 0 0 4.6000000000000005 0 0 0 3.6 3.2 0 0.2 0 0 3.4000000000000004 0 6 6.2 1 0 1.8 2.2 0 0 0 0 0 0 0 0 0 0 0 0 0 0 0.4 0 0 0 0 0 0 0 0 0 0 0 0 0 0 0 0 0 0 0 0 0 0 0 0 0 0 0.4 0 0 0 0 0 0 0 0 0 0 0 0 0 0 2.8000000000000003 0 0 0 0 0 0 0 0 0.2 0.4 0 0 0.4 0.2 2.8000000000000003 0 0 0 0 0 0 0 0 0 0 12.200000000000001 0 0 0 0 0 0 0 0 0 0 0.2 0 0 0 0 0 0 0 0 0 0 0 0 0 0 0 0 
 11 25.400000000000002 10 32.800000000000004 59 57.6 14.600000000000001 18 18.8 28.400000000000002 12.8 26.6 21.200000000000003 17.8 0 58 9.4 42.400000000000006 71 104.80000000000001 0.4 0 0.6000000000000001 0 0 0 0 15 0 0.2 5.2 0.8 0 0.4 0 0.6000000000000001 0 0 0 0 0.4 0.6000000000000001 0.8 0.4 0 0 0 0.4 0 0 1 0.4 0 0 0.4 0 0.4 0.6000000000000001 0 0 0 0 0 0 0.4 0 0 0 0 0 0 0.4 0 0 0 0.4 0.4 5.800000000000001 0.4 0 3.6 0.2 2.6 4 2.8000000000000003 5 5.6000000000000005 0.2 1.2000000000000002 0 5.6000000000000005 0 5.4 0.2 1.8 3.6 4.4 6.2 1.6 0 0 0 0.2 1 0 0 4 0 0 0 0 0 0 0 0.2 0 0 0 0 2.2 0 0 0 0.4 0 0 0 0 0 0 0 0 0 0 0 0 0 0 1 0 0 0 0 0 0 0 0 0 0 0 0 0 0 0 0 0.2 0 0 0 0 4.800000000000001 4 2.2 2.6 0 0 4.2 6.4 0 0.4 15 2 2.8000000000000003 0 2.6 0 2.6 2.8000000000000003 1.2000000000000002 2.4000000000000004 0 0 0 0 0 0 4.2 0 0 0 0 0 0 0.2 0 0.2 0 0 13.600000000000001 0 0 0 0 0 0 0 0 0 0 0 0 0 0 0 0 0 0 0 0 0 0 0 0 0 0 0 0 0 0 0 0 0 0 0 0.2 0 0 0 0 0 0 3.2 0 0 0 0 0 0 1 1.2000000000000002 0 1 0 0 0 0 0 0 0 0 0 0 0 0 0 0 0 0 0 0 0 0 0 0 0 0 0.6000000000000001 0 0 0 0 0 0 0 0 0 0 0 0 0 
 25 24.6 11.600000000000001 22.8 21.8 15.600000000000001 59 33.4 138 61.800000000000004 76.80000000000001 23 60.6 15.8 58 0 59.800000000000004 81.2 64.8 17 0.2 0.6000000000000001 1 0 0.4 0 0 0.6000000000000001 0.2 0 0.6000000000000001 0.4 5.4 0 0.6000000000000001 0.6000000000000001 0.2 0 0.2 0 0.4 0.6000000000000001 0.4 0.6000000000000001 0 0 0.6000000000000001 1.8 0 0 0 0.4 0 0 1 0 0.6000000000000001 0 0 0 0.6000000000000001 0.6000000000000001 6.2 0.6000000000000001 0.6000000000000001 0 0 0 0 0.6000000000000001 1.2000000000000002 0.6000000000000001 0 0.6000000000000001 0.6000000000000001 0 1.2000000000000002 0 0 0 0.4 0 12.600000000000001 5.4 0 0 3.2 8.4 1.2000000000000002 2.6 4.6000000000000005 0.4 0.2 3.2 1.2000000000000002 0 0.2 2.2 7 0 0 0 0 0 0 1.8 0 0 0 0 0 0 0 0 0 0 0 0 0 0 0 0 0 0 0 0 0 0 0 0 0 0 0 0 0 0 0 0 0 0 0 0 0 0 0 0 0 0.4 0 0 0 0 0 0 0 0 0 0 0 0 6.800000000000001 0 4.6000000000000005 1 0.2 0 9 0 1.6 2.2 0 0 0.4 0.2 8.8 6.4 0 3.4000000000000004 2 3.2 0 0 1.2000000000000002 0 0 0 4 0 0 0 0 0 3 0 0 0 2.8000000000000003 0 4.6000000000000005 0 0 0 0 0 0 0 0 0 0 0 0 0 0 0 0.2 0 0 0 0 0 0 0 0.8 0 3.4000000000000004 0 0 0 0 0 0 0 0 0 0 0 0 0 0 0 0 0.2 0 0 0 0.6000000000000001 0.2 0 0 0.6000000000000001 0 2.6 0 1.8 0 0 0 0 0 0.4 0 0 0 0 0 0 0.4 0 8.4 0 0 0 0 0 0.2 0 3.6 0 0 0 0 0 0 0 0 0 0 0 0 0 
 5.6000000000000005 77.4 88.80000000000001 69.8 38.800000000000004 17.2 10.4 43.800000000000004 18 46.400000000000006 33.6 77.60000000000001 8.4 3.6 9.4 59.800000000000004 0 28.400000000000002 11 53.2 0 0 0.6000000000000001 1.2000000000000002 0.4 0.2 14.8 0.4 0.6000000000000001 0 0.6000000000000001 0.4 14.8 0.4 0 0 1 0 17.8 0 0.4 0.4 0.4 0.4 0 1.2000000000000002 0 1 0 0 1.8 6.2 0 0 0.2 0 0 0 0.2 0 0 0 10.200000000000001 0 0.4 0.8 0 0 0 0.6000000000000001 0 1 0.8 0 0 0 0.4 0 0 0 0 6.6000000000000005 3.6 13.200000000000001 0 5.2 1.8 0.2 6.800000000000001 15.4 12.600000000000001 2.2 0 0 6.4 3 11.600000000000001 17.2 0 3.2 2.6 0 0 0 0 0 0 0 0 0 0 0 3.8000000000000003 0 0.2 0 0 0 0.2 0 0 0 0 0 0 0 0 0 0 0 0 0 0 0 0 0 0 0 0 0 0 0 0 0 0 0 0 0.2 0 0 0 0 0 0 1 0 0 0 2 0 0 0 0 1.8 3 0 0 0.4 4 2.8000000000000003 0 2.8000000000000003 0 2 0 4 0 6 0 3.8000000000000003 1.4000000000000001 7.4 0 0 0 0 0.2 4.2 0 0 0 0 4.4 1.4000000000000001 0 0 0 0 3.8000000000000003 3 0 0 0 0 0 0 0 0 0 0.2 0 0 0 0 0.4 4 0 0 0 0 0 0 0 0 0 0 0 0 2.8000000000000003 0 0 0.4 0 0 0 0 0 0 0 0 0 0.4 0 0 0 0.2 9.8 0 17.400000000000002 3.2 6.800000000000001 2.2 3.6 0 0 0 0 0 0 0 0 0 0 0 0 0 0 0 0 0 0 0 0 0 0 0 0 0 0 0 0 0 0 0 0 0 0 0 0 0 
 6.800000000000001 52.2 23.6 39.800000000000004 30.200000000000003 8.8 66.8 43.2 27 24.8 58 11.200000000000001 22.8 6.2 42.400000000000006 81.2 28.400000000000002 0 11.4 14.200000000000001 0 0 1 0.2 0 0 3.4000000000000004 0.4 0 0 0.6000000000000001 0.4 7 0 0.4 21.200000000000003 0 0 3.8000000000000003 14.4 0 0.4 0.4 0.4 0 0.6000000000000001 0 0.2 0 0 0.6000000000000001 0 0 0 0.2 0 0 0 0 0 0 0 0 0 0.4 0 0 0 0 0 0 0.4 0 0 0 0 0.4 0 0 0 0 7.6000000000000005 0.2 0 4.6000000000000005 2.8000000000000003 0.4 0 0 2 11.600000000000001 0 3.8000000000000003 0 2.2 1.8 3.2 3.4000000000000004 2.8000000000000003 0.2 0 1.6 0 0 0 0 0 0 0 2.6 0 0 0 0 0 0 0 0 3.2 0 0.4 0 0 0 0.2 0 0 0 0 0 0 0 0 0 0 0.4 0 3.8000000000000003 0 0 0 0 0 0 0 0 0 0 0 0 0 0.4 0 0 0 0 0 0 0 0 4.800000000000001 3.2 0.2 2 7.800000000000001 0 2.8000000000000003 5.4 2.2 4.800000000000001 0.4 0 3.6 1.8 3.6 5.4 8.200000000000001 3.2 7.6000000000000005 2.6 0 0.4 0 0 0 0 2.4000000000000004 2 0 0.4 0 0 5.6000000000000005 0 0 0 1.4000000000000001 0 16.400000000000002 0 0 0 0 0 0 0.2 0 0 0 0 0 0.2 0 2.2 0 0 0 0 0 0 0 0.2 0.4 0 0 0 0 0 0 0 0 0 0 0 0 0 0 0 0 0 0 0 0 0 0 0.2 0 0 0.2 0.4 0 3.8000000000000003 0.4 0 0 0 0 0 0 0 0 0 0 0 0 0 0 0 0 0 0 0 0 0 0 2 13 0 0 0 0 0 0 0 0 0 0 0 0 0 
 22.6 10.600000000000001 49.6 14.8 12.200000000000001 7.2 28.8 16 20.200000000000003 13 5.6000000000000005 7.4 41.400000000000006 28.200000000000003 71 64.8 11 11.4 0 56.800000000000004 0 0 0.6000000000000001 0 0.4 0 0 0.4 15.200000000000001 0 0.6000000000000001 0.4 0 0 0 0 0 0 0.2 0 0 0.6000000000000001 0.4 0.6000000000000001 0 0 0 0 0 0 0.4 0 0 0 0.6000000000000001 0 0 0 1 0 0.4 0 0 0 0.4 0 0 0 0 0 0 0.4 0 0 0 0 0.4 0 0 0 0 0.2 0 0 0 0 0 0 0 0 3.2 0 2 1.8 7.6000000000000005 0 0 0.2 0.2 0.2 0 0.4 0 4.4 0 0 0 0 0 4 0 0 0.4 0 0 0 0.4 0 0 0 0 0 0 0 0 0 0 0 0 0 0 0 0 0 0 0 0 0 0 0 0 0 0 0 0 0 0 0 0 1.8 1 2.6 0 0 0.2 0 0 0 0 0 1.8 0 2.4000000000000004 3 0 0 2.8000000000000003 0 0 0 0.2 0 0 0 6 4.4 2.2 0 4.2 0 0 0 0 0 0 3 0.2 0 0 0 0 0 0 0 0 0 0 0 3.8000000000000003 0 0 0 0 0 0 0 0 0 0 0 0 0 0 0 0 0 0 0 0 0 0 0 0 0 0 0 0 0 0 0 0 0 0 0 0 0 0 0 0 0 0 0 0 0 0 0.4 0.4 0 0 0 0 4.6000000000000005 0 0 0 0 0 0 0 0 0 0 0 0 0 0 0 0 0 0 0 0 0 0 0 0 2 0 0 0 0 0 0 0 0 0 0 0 0 0 
 67.60000000000001 69.8 60 63 16.8 7.2 25.400000000000002 88.2 40.400000000000006 92 54.800000000000004 7.2 20.200000000000003 37.4 104.80000000000001 17 53.2 14.200000000000001 56.800000000000004 0 0 0 0.6000000000000001 0.4 0 1.4000000000000001 0.6000000000000001 0.8 0.4 3.8000000000000003 0.6000000000000001 0.8 0 0.2 0.2 0.6000000000000001 0.2 0.6000000000000001 0.2 0 0 0.6000000000000001 0.4 0.4 0 0 0 6.800000000000001 0.6000000000000001 0 0.6000000000000001 0 0 3 0.4 0 0 0 0.8 0 0 0 0 0 0.4 10.600000000000001 0 0 0.6000000000000001 0 0 0.4 0 0 0 0 0.4 0.2 0 0 10 5.6000000000000005 3.4000000000000004 3.4000000000000004 0 0 8.200000000000001 5 1 2 0 0 11.4 1.6 0 5.800000000000001 3.2 0 6.4 5.800000000000001 0 0 0 0 0 0 0 0 0 0 0 0 0 0 0 0 0 0 0 0 0 0 0 0 0 0 0 0 0 0 0 0 0 1.8 1.6 0 0 0 0 0 0 0 0 2.4000000000000004 0 0 0 0 0 0 1.4000000000000001 3 0 0 0 0 0 0 0 0 2.4000000000000004 2.2 0 0 0 1.2000000000000002 5.4 4.2 0 0 4 3.2 6.4 2 0 0 2.6 6.800000000000001 0 5.800000000000001 0 0 0 0 0 0 0 0 0 0 0 0.4 0 0 0 0 0 0 0 0 0 0 0 0 0 0 0 0 0 0 0 0 0 0 0 0 0 0.4 0 0 0 0 0 0 0 0 2.8000000000000003 0 0 0 0 0 0 0 0 0 0 0 0 0 0 3 0 0 0 0 0 0.4 0.6000000000000001 0.4 0 3 1.2000000000000002 0 0 0 0 0 0 0 0 0.2 0 0 0 0 0 0 0 0 0 0 0 0 0 0 0 2 0 0 0 0 0 0 0 0 0 0 0 0 
 0 0 0 0 0 0 0 0 0 0.4 0 0 0.6000000000000001 0 0.4 0.2 0 0 0 0 0 39.2 54.800000000000004 57.2 46.800000000000004 22 28.8 35.800000000000004 52.6 7.2 13.8 62.6 11.4 8.4 24.400000000000002 16.2 53.2 9.8 15.600000000000001 17.6 0 0 0 0.2 0.4 0 0.8 0.6000000000000001 0.4 0 3.4000000000000004 0 0 0 0 0.6000000000000001 0 0.6000000000000001 0.6000000000000001 0.6000000000000001 0 0.2 0 0.6000000000000001 0 0.2 0.6000000000000001 0 0 0 0 0.2 0 0 0 0.4 0 0.2 0 0.2 0 0 0 0 0 0.4 0 0 0 0 0 0 0 0 0 0 0 0.2 0 0 1.4000000000000001 7.4 14 7.2 0 0 5.2 2.8000000000000003 1.8 7.6000000000000005 0 2 0 6.800000000000001 5.4 2.8000000000000003 12.4 3.6 0 5.4 0 0 0 0 0 0.2 0.4 0 1.6 0 0 0 0 0.2 0 0 0 0 8 0 0 0 0 2.6 0 1 0 0 0.2 0 0 0 0 0 0 0.8 0 0 0 0 0 0 0 0 0 0 0 0 0 0.2 0 2 0 0 0 0 0.8 0.2 0 0 2.2 0 17.6 0.6000000000000001 15 0 1.4000000000000001 0 8.4 0 2.4000000000000004 2.2 2.2 0 13 12.4 4 12 0 2.6 0 0 0 0 0 0.4 0 0 0 0 0 0.4 0 0 0 0 0.2 0 0 0.2 0 2.8000000000000003 1.4000000000000001 0 0 0 0.2 0 0 0 0 0 0 0 0 0 0 0 0 0 0 0 2.2 0 0 0 0 0 0 0 0 0 0 0 2.6 0.2 0 0.2 0 0 0.6000000000000001 0.6000000000000001 0 0 0 0 0 0 0 0 0 0 0 0 0 0 0 0 0 0 0 2.6 0 0 0 0 0 0 0 0 
 0 0 0 15.4 29.200000000000003 15 0 0 0 0 0.2 0.2 0.4 0.4 0 0.6000000000000001 0 0 0 0 39.2 0 22.8 17.400000000000002 8 9.200000000000001 21.400000000000002 33.6 10.4 23 22.8 10.8 40.2 20.6 12.600000000000001 10.600000000000001 70.2 8.200000000000001 33.2 14.200000000000001 0.8 0 0 0 0.4 0 0.2 0.6000000000000001 0.4 0 0 0 0 0 0 0.6000000000000001 0.8 0.6000000000000001 0.6000000000000001 0.6000000000000001 0 0.4 0 0.6000000000000001 0 0 0.6000000000000001 0 0 0 0 0.2 0 0 0 0.4 1.4000000000000001 0 0 0 0 0 0 0.2 0 0 0 0 0 0 0 0 0 0 0 0 0 0 0 0 4 0.2 0.2 0 7.4 0 0 2.6 0 2.2 5.6000000000000005 1.6 3.6 7.800000000000001 6 8.200000000000001 9.200000000000001 1.8 1.6 4.4 0 0.4 0 0 0 0 0 0 0 0.4 0 0 0 0 0 0 0 0 0 2.2 0 0 0 0 0 1.2000000000000002 0 0 0 0 0 0 0 0 0 0 0 0 0 0 0 0 0 0 2 7.4 0 0 0.2 0 0 0 0 0 0 0 0 0 0 0.4 3.4000000000000004 4.2 5.2 0.8 1.2000000000000002 0 0 10 1.8 4.2 0.4 2 2.2 5 0.2 6.800000000000001 13.4 0.2 0 8.4 0 0 0 0 0 0 0 0 0 0 0 0 0 0 0 0.2 0 0 1.4000000000000001 0 0 1.8 0 0 0.4 0 0 0 0 0 0 0 0 0 0 0 0 0 0 0 0 0 0 0 0 0 0 0 0 0 0 0 0 0 1.6 0 0 15.4 7.800000000000001 0 0 0 0.2 0 0 0 8 0 0 0 0 0 0 0 0 0 0 0 0 0 0 0 0 0 0 0 0 0 0 0 
 0.6000000000000001 0.6000000000000001 0.6000000000000001 0 0.6000000000000001 19.400000000000002 0.6000000000000001 0.6000000000000001 0.6000000000000001 5.6000000000000005 0.6000000000000001 0.6000000000000001 0.6000000000000001 0.6000000000000001 0.6000000000000001 1 0.6000000000000001 1 0.6000000000000001 0.6000000000000001 54.800000000000004 22.8 0 63.6 30 94 51.6 85 39.800000000000004 42.800000000000004 11.200000000000001 77.80000000000001 30.6 43.400000000000006 99 9.200000000000001 19.400000000000002 27.400000000000002 17.2 73 0.8 0 0 0 0.4 0 0.2 0.6000000000000001 0.4 0 0 0 0.2 0 0 0.6000000000000001 1.6 0.6000000000000001 0.6000000000000001 13.4 0 0.2 0 0.6000000000000001 0 0 0.6000000000000001 0 1 0 0 0.2 0 0 0 0.4 0 0.2 0 0 0.4 0 0 0 3.2 0 0 0 0.2 0 0 0 0 0 0.2 0 0 0 0 0 5.6000000000000005 4.800000000000001 2 2.6 2 0.6000000000000001 1.8 6.4 0 6.6000000000000005 3.6 0 3.8000000000000003 4.2 5 0 3.4000000000000004 0 0 4.2 0 0 0 0 0.4 0 4.4 0 0.4 0 0 0 0 0 0 0 0 0 3 0.2 0 0 0 0 0 0 0 0 0 0 0 0 0 0 0.4 0 0 0.4 0 0 0 0 0 0 0 4.800000000000001 0 0 0 2.4000000000000004 0 3.8000000000000003 0 0 0 0 0 0 0 0 7.800000000000001 3.6 0 5 2.2 1.6 0 0 5.800000000000001 4.800000000000001 2.4000000000000004 5 4.2 5.800000000000001 0 3.4000000000000004 5.4 0 0 9.200000000000001 0 0 0 0 0 0 0 2.2 0 0 0 0 0 0 0 0 0 0 2.4000000000000004 0 0 0 0 0 0 0 0 0 0 0 0 0 0 0 0 0 0 0 0 0 0 0 0 0 0 0 0.2 0 0 0 0 0 0 0 1.8 0 0.8 0.2 15.8 0 0.2 0.2 3.6 0 0 0 0 0 0 0 0 0 0 0 0 0 0 0 0 0.2 0 0 0 0 0 0 2.8000000000000003 0 0 0 
 0 0 0 0 0.4 8.4 0.2 0 0.2 0 0 0 0.4 0.2 0 0 1.2000000000000002 0.2 0 0.4 57.2 17.400000000000002 63.6 0 52.6 53 73.8 50.6 61.800000000000004 30.8 89 51.6 15.8 11.600000000000001 50.6 22.400000000000002 99 52.2 25 18.6 0.4 0 0.4 0 0.4 0 0 0.6000000000000001 0.8 0.6000000000000001 0 0.8 0 13 0.4 1 0 1.2000000000000002 24 0.6000000000000001 0.4 0.2 10.4 0.6000000000000001 0 0 2.8000000000000003 0 0 1 0 0.6000000000000001 0.2 0.2 0 0.4 0 0.2 0.2 0.6000000000000001 0 0 0.2 0 0 0 0 0 0 0 0 0 0 0 0 0 2.6 0 0 0 0 0.2 6.6000000000000005 5.800000000000001 0 0.4 3.2 0.4 1.6 5 3.2 3.4000000000000004 0 0 0 0 3.4000000000000004 0.2 0 3.4000000000000004 2 0.2 0 0 0 0 2.4000000000000004 5.2 0 0 0 0.4 0 1 2.2 0 0.6000000000000001 0 0 0 0.2 0 0 0 0 0 0 0 0 2.6 0 0 0 1.4000000000000001 0 0 0 0 0 2.6 6.6000000000000005 0 0 4.2 0 0 0 0.2 0 0 0 0 0 0 0 0 0 2 0 0 4.800000000000001 0 0 3 1.6 4 0 0 2.4000000000000004 0 0.2 6.2 0 0 4.2 6.800000000000001 0 3.6 0 0 0 4 2 0 0 0 3.6 9.4 0 0 0 0 1.8 3.8000000000000003 2.8000000000000003 2.2 4 0.8 5.6000000000000005 3 0 0 0 0 0 0 0 0 0 0 0 0 0 0.2 0 0 0 0 0 0 0 0 0 0 0 0.2 0 0 0 0 0 0 0 0.4 1.2000000000000002 0 0 0 1 0 3 0 0 0 0 0 0 0.2 0 0 0.2 0 0 0 0 0 0.4 0.4 0 0 0 0 0 0 0 0 0 0 0 0 
 0 0 0 0 0 0 0.4 0.2 0.4 0 0 0 0.6000000000000001 0 0 0.4 0.4 0 0.4 0 46.800000000000004 8 30 52.6 0 37.6 11.200000000000001 31.6 42.800000000000004 14.200000000000001 50.6 95 18 13.200000000000001 27.6 41.400000000000006 40 22.6 14.600000000000001 14.200000000000001 6.800000000000001 0 0 0 0.4 0 0.6000000000000001 1.2000000000000002 1 0 0.6000000000000001 0 0 0.2 12.600000000000001 0.6000000000000001 0.6000000000000001 1.2000000000000002 13 13 0 0.6000000000000001 0 0.8 0.2 0 0.6000000000000001 0 0 0 0 0.4 0 0 0 1 0 0 0 0 0 0 0 0 0 0 0 0 0 0 0 0 0 0 0 0 0 0 0 0 0 2.8000000000000003 1.8 0 0.2 2.6 0 0 1.6 3 7.2 3.8000000000000003 0 0.2 0 0 3.6 6.6000000000000005 0 0.2 0.4 0.2 0 2 0 0 0.2 0 0 0 0 0 2.8000000000000003 6 8.4 0.4 0 0 2.4000000000000004 2 0 0.4 0 0 0 0 0 0 0 0.2 0 0 0 0.2 0 0 0 0 0.4 0 0 0 1 0 0 0.2 0 0 0 0 0 0.4 0 0.2 0 0 0.6000000000000001 1.6 0 0 0 0 3 1.4000000000000001 4.4 0 0 0 3 0 0.2 0 0 0 0 0.8 0 2.6 0 0.2 0 0 0 0 0 0 0.2 0 0 2 0 0 3.8000000000000003 1.6 0.2 2 0.4 0 2 1.4000000000000001 0 0 2.2 0 0 0 0 0 0 0 0 0 0 0 0 0 0.4 0 3.4000000000000004 0 0 0 0 0 0 0.4 0 0 0 0 0 0 0 0 2.6 0 0.2 0.4 0.6000000000000001 0 1.8 0 0 0 0 12.8 0 0 0 0 2.8000000000000003 0 0 0 0 0 0 0 0 0 0 3.8000000000000003 0 0 0 0 0 0 0 0 
 0 0 0 0 0 0 0 0 0 0.2 0 0 0 0 0 0 0.2 0 0 1.4000000000000001 22 9.200000000000001 94 53 37.6 0 49.6 8.8 22.400000000000002 23 63.2 13.600000000000001 4.6000000000000005 72.4 54.400000000000006 38 32.6 10.8 12 9.600000000000001 13.600000000000001 0 0 0 0.4 13 0.2 1.6 0.4 0.2 13.600000000000001 2 19.8 16 0 0.6000000000000001 0 0.4 27.400000000000002 13 0 0.6000000000000001 0 0.6000000000000001 10.4 0 0.6000000000000001 0 0 0 0 0.4 0 0 0 0.4 1.2000000000000002 0.8 0 0 0 0 0 0 0 0 0 0 0 0 0 0 0 1.6 0 0.2 0 0 0 0 0 0 0 0 0 2.4000000000000004 0 0 0 5.6000000000000005 0.2 0.4 0 0 0 0 0.2 4.4 0 0 7.6000000000000005 3 0 0 0 0 3 5.2 0 1.2000000000000002 0 0.2 2.2 1.4000000000000001 1.4000000000000001 2.2 1.8 0.4 3 5.4 0 0 0 2.6 0 0 0 0 0 0.6000000000000001 0 0 0 0.6000000000000001 0 0 0 0 0 0 0 0 0 0 0.4 0 0 0 0 0 0 0 0 0 0.2 0 0 0 0 0 0 0 4.2 3 2.8000000000000003 8.6 0 0 1.4000000000000001 0 0.2 2.2 0.2 0 0 0 0 10.600000000000001 0 0 2 2.6 2.6 2.4000000000000004 0.4 0 1.2000000000000002 0 0 2 0 2.6 5.2 10 1 0 2 0 4.2 2.4000000000000004 0 0 0 0 0 0 0 0 0 0 0 0 0 0 0 0 0 0 0 0 0 0 0 0 0 0 0 0 0 0 0 0 0 0 1.4000000000000001 0.4 0 15.200000000000001 1 0 1.2000000000000002 0.4 0 0 0 0 0 0 0 0 1.4000000000000001 0 0 0 0 0 0 0 0 0 0 0 0 0 3.6 0.8 0 0 0 0 
 0.2 0 0.2 14.200000000000001 15 20 0 0 1.8 4.800000000000001 27.6 12.4 0.6000000000000001 0 0 0 14.8 3.4000000000000004 0 0.6000000000000001 28.8 21.400000000000002 51.6 73.8 11.200000000000001 49.6 0 54.2 10.4 9.4 5.800000000000001 58.400000000000006 35.2 32 20.6 69.4 57.400000000000006 51.2 60.6 52.800000000000004 0 0 0 0 0.4 0 0.4 13.600000000000001 0.8 0 0.6000000000000001 0 0 0 0 0.6000000000000001 1.4000000000000001 0.6000000000000001 1 0.6000000000000001 0 0.4 0 1 0 0 0.6000000000000001 0.4 0.4 0 0 0.2 0.4 0 0 0.4 0 0 0 0 0 0 0 1.2000000000000002 8.6 2 0 0 1.8 2.6 3.8000000000000003 7.4 0 0 0 3.2 0.2 0.2 0 0 7.6000000000000005 3 5.6000000000000005 4.6000000000000005 0 1.2000000000000002 6.800000000000001 4.2 4.2 3.4000000000000004 0 0 6.2 0 0.4 0 3.2 0 5.6000000000000005 5.2 0 0 0 0 0 0 0 0 0 0 0 0 0 0 0 0 0 0 0 0 0 0 0 0 0 0 0 0 0 0 0 0 0 0 0.6000000000000001 0 0 0 0.4 0 0 0 0 0.2 0.6000000000000001 0.4 0 0 5.2 0.4 0 2.6 0 0 0 1.8 0 0 0 0 5.4 4.4 0 0 0 0 3.6 2.6 0 0.4 0.6000000000000001 0.2 6.6000000000000005 4.6000000000000005 8.4 4 1.4000000000000001 3.8000000000000003 6 0 0 0 0 0 0 0 0 0 0 0 0 0 0 0 0 0 0 0 0 0 0 0 0 0 0 0 0 0 0 0 0 0 0 0 0 0 0 0 0 0 0 0 0 0 0 0 31.8 0 0 0 0 0 0 0 5.6000000000000005 0 0.4 0 0 0.4 0.6000000000000001 0 1.2000000000000002 0 0 0 0 0 0 0 0 0 0 0 0 1.6 2.6 0 0 0 0 0 0 0 3.6 0 2.2 0 0 0 
 0.6000000000000001 0.6000000000000001 0.4 0.2 15.8 0 0.4 0.4 0.4 0.6000000000000001 0.4 0.6000000000000001 0.6000000000000001 0.4 15 0.6000000000000001 0.4 0.4 0.4 0.8 35.800000000000004 33.6 85 50.6 31.6 8.8 54.2 0 20.6 10.4 58 20 24 11.4 21.200000000000003 44.800000000000004 6.800000000000001 8.6 46.2 60 0 0 0 0.4 0.4 0 0.4 5.4 0.4 0 0 0.2 3.6 0 0.2 0.6000000000000001 0.8 1.2000000000000002 0.6000000000000001 0.8 0 0.6000000000000001 9 0.6000000000000001 0 0.2 0.6000000000000001 0 0 0 0.2 0.6000000000000001 0 0 0 0.4 1.4000000000000001 0 0 0 0 0 0 0 1.6 0 0 0 0 0 0 2.4000000000000004 0 0 0 0 0 0.2 0 0 2.4000000000000004 2.8000000000000003 18.8 2 3 0 3 3.6 0 3.8000000000000003 8.6 0 4.800000000000001 4.6000000000000005 8.200000000000001 4 3 2 1.2000000000000002 4 0 0 0 0 0 0 0 0 2.8000000000000003 0 0 0 3 0 0 0 0 0 0 1.6 0 0 0 1.2000000000000002 0 1.8 1 0 0.2 0 0 0 0 0 0 0.8 0.4 0 0 0 0 0 0 0 3.6 2.2 0 0 0 0.2 0.2 0.4 0 0 0 0 0.6000000000000001 1.6 0 0 5.2 3.2 3.8000000000000003 4.6000000000000005 0.2 0 3.2 1.6 5.6000000000000005 0.4 4.2 0 0.4 0 6.2 9.200000000000001 4.2 4.2 0.2 0 0.2 0 0 0 0 0 3 0 0 0 0 0 0.2 0 0 0 0 0 2.4000000000000004 1 0 0 0 0 0 0 0 0 0 0 0 0 0 0 0 0 0 0 0 0 0 0 0 0 0 0 14.8 0 0 0 0 0 0 0 3 0 0.4 8.6 0 0 1.6 5.6000000000000005 1.6 0 0 0 1.4000000000000001 0 0 0 0 0.2 0 0 0 0 0 0 0 0 0 5.2 0 0 0 0 0 0 0 0 
 0 0 0 15.600000000000001 0 0 7.6000000000000005 0.4 0 0.2 0 0 0.4 0 0 0.2 0.6000000000000001 0 15.200000000000001 0.4 52.6 10.4 39.800000000000004 61.800000000000004 42.800000000000004 22.400000000000002 10.4 20.6 0 32 21.8 12 18.400000000000002 75.4 23.400000000000002 26.6 65.8 54.400000000000006 17.400000000000002 53.6 0.6000000000000001 0 0 0 0.4 0 0.8 0.6000000000000001 0.4 0 1.2000000000000002 0 13.200000000000001 0 0 0.6000000000000001 0 0.6000000000000001 0.6000000000000001 14 0 0.6000000000000001 0 0.6000000000000001 0 0 0.6000000000000001 0 0 10.4 0 0.8 0 0 0 0.4 0 0 0 0 0 0 0 0 0 0 0 0 1.8 0 0 0.2 0 0 0 0.2 0 0 0 0 0 7 4.2 6 9.8 0.4 3 2.4000000000000004 5.6000000000000005 2 0.6000000000000001 2.4000000000000004 0.2 2.8000000000000003 0 0.2 17.8 2 0 0 0 0.2 0 0 0 0 2.6 0 0 0 0 0.2 2 2.8000000000000003 3 0 0 0.4 3.6 0 0 0 0 0 0 0 0 0 0 0 3 0 0 0 1.6 0 0 0 0 0.2 0 0 0 0 2.2 0 0 0 0 0 0 0 0 0 0 0 0 1.2000000000000002 0 0 0 0 13.8 2.8000000000000003 4 1.4000000000000001 0 0 4.6000000000000005 4.2 2 4 0.2 2.6 2 4.800000000000001 0 3.6 0 0 0 0 0 0 0 0 0.2 2 0 0 0 0 0.2 3.2 2.2 0 2 0 3.6 0 0 0 1.2000000000000002 0 0 0 0 0 0 0 0 0 0 0 0 0 0 0 0 0 0 0 0.8 0 0 0 0 0 0 0 0 0 0 0 0.6000000000000001 0.2 0.4 0.8 15.600000000000001 0 2.4000000000000004 0.4 0 0 0 0 0 0 0 0 0 0 0 0 0 0 0 0 0 2.6 0 3 0 0 0 0 0 0 0 0 
 0 0 0 0 0 0 0 0 0 14.4 0 0 0 0 0.2 0 0 0 0 3.8000000000000003 7.2 23 42.800000000000004 30.8 14.200000000000001 23 9.4 10.4 32 0 39.400000000000006 6.4 10.4 11 25.8 33.4 44.6 32.4 41.800000000000004 14.8 0.4 0 0 0 0.4 0 12.4 0.6000000000000001 0.4 0 0 1.2000000000000002 0 19 0 0.6000000000000001 0 0.4 1 6.800000000000001 0 0.6000000000000001 0 0.6000000000000001 0 13.600000000000001 0.6000000000000001 0 0 0 0 0.4 0 0 0 0.4 2.8000000000000003 0 0 0 0 1.6 0 0 0 0 0 0 0 0 0.6000000000000001 0 0 0 0 0 0 0 0 0 0 1.6 2 1.8 12.200000000000001 3 2.4000000000000004 2.4000000000000004 8.4 0 0 3.6 0 2.6 2 2.2 4.800000000000001 0 0 0 0 2.4000000000000004 0 0 0 0 5.800000000000001 8.6 5.6000000000000005 0 0 0 3.4000000000000004 6.2 3 0 0 0 7.4 1.8 0 0 0 5.800000000000001 0 0 0 0 0 0 1.2000000000000002 0 0 0 0 0 0 0 0 0 0 0 0 0 0 0 0 0 0 0 0 0 0 0 0 0 0 0 0 0 0 0 0 2.8000000000000003 2.4000000000000004 8.8 0 1.6 6.4 2.6 5.2 7.800000000000001 0 2.6 0 7.800000000000001 0 0 0 0 1 0 0 0 0 0 2.4000000000000004 0 0 0 0 0 2.4000000000000004 2.4000000000000004 1.8 0 0 0 4.800000000000001 0 0 0 0 0 0 0 1.8 0 0 0 0 0 0 0 0 0 0 0 0 0 0 0 0 0 0 0 0 0 0 0 0 0 0 0 3.4000000000000004 0 0 9.200000000000001 1.2000000000000002 0 0.6000000000000001 0 0 0 0 0 1.4000000000000001 0 0 0 0 0 0 0 0 0 0 0 0 2.4000000000000004 0 0 0 0 0 0 0 0 0 0 
 0.6000000000000001 0.6000000000000001 0.6000000000000001 0 0.6000000000000001 0 0.6000000000000001 0.6000000000000001 1 0.6000000000000001 1.2000000000000002 0.6000000000000001 1 0.6000000000000001 5.2 0.6000000000000001 0.6000000000000001 0.6000000000000001 0.6000000000000001 0.6000000000000001 13.8 22.8 11.200000000000001 89 50.6 63.2 5.800000000000001 58 21.8 39.400000000000006 0 32.800000000000004 12.8 6 27.200000000000003 62.2 18.400000000000002 30 25.200000000000003 9.200000000000001 10.4 0 0 0 0.4 0 0 0.6000000000000001 0.4 0 0.2 0.6000000000000001 13 0 0 0.6000000000000001 0 0.4 0.8 0.6000000000000001 0 0.6000000000000001 0 0.6000000000000001 0 0 0.6000000000000001 0 0 0 0 0.4 0 0 0 0.4 1 0 0 0 0 0 0 0 0 0.2 0 0 0 0 0 0 0 0 0 0 0 0 0 0.2 0 0 4 4.800000000000001 3 0 0 0 0 1.2000000000000002 5 0.4 0 2.6 2.6 3.4000000000000004 4.2 3.4000000000000004 0 3.6 2.8000000000000003 2.2 0 0 0 0.4 0 1.8 0 0 0 0 3.8000000000000003 0 0.2 0 2 0 0.2 3.8000000000000003 0 0 2 0 0.4 2.8000000000000003 0 0 0 0 0 0 0 0 0 0 0 0 0 0 0 0 0.4 0 0 0 0 0 0 0.4 0 0 0 0 0 0 0 0.6000000000000001 0 0 0.2 0 0 2.8000000000000003 3 1.6 0 2.2 1.4000000000000001 0 5 1.6 0 0 0 1.8 0.2 0.4 0.2 3 2.2 0 0 0 0 0.2 0 2 0 0 0 0.2 2.4000000000000004 9.4 4 0 0.4 0 1.8 2.6 0 0.4 0.2 0 0 0 0 0 0 0 0 0 0 0 0 0 0 0 0 0 0 0 0 0 0 0 0 0 0 0 0 0 0 0 1.2000000000000002 0.4 0 7.800000000000001 0.8 0 2 0 0 0 0 0 6.6000000000000005 0 0 0 0 0 0 0 0 0 0 0 0 0 0 0 0 0 2.2 0 0 0 0 0 
