 0 15.600000000000001 19.400000000000002 11 3.2 5.2 11 29.400000000000002 23 25.400000000000002 10.8 5.4 55.800000000000004 42.400000000000006 36.800000000000004 7.2 33.800000000000004 21.6 5.4 23.8 0 0.6000000000000001 1.2000000000000002 0 7.800000000000001 0.6000000000000001 0 0.4 1 0 0 0 0 0.6000000000000001 1 0.2 0 0 0 0.6000000000000001 0 0 0 0.4 0.2 0.4 1.4000000000000001 0.8 0 1.2000000000000002 0.8 0 0 0.6000000000000001 0 1.2000000000000002 1 0 0 0 1.4000000000000001 0.4 0.4 0.6000000000000001 0.6000000000000001 1 11.4 0 0 7 0.4 0.8 0 1.2000000000000002 0.4 0 0 0.8 0 0.8 0.2 1.8 3 0 0 0 0.4 0 0.2 4.6000000000000005 3.8000000000000003 2 2.4000000000000004 2.2 0.2 3 3.2 0 0 2 0 0 0 0 0 0 0 0 0 0 0 0 0 0 0 0.2 0 0 0 0 0 0 0 0.2 0 0 0 0 0 0 0 0 0 0 0 2.8000000000000003 2.8000000000000003 0 0 0 0 0 0 0 3.8000000000000003 0 0 0 0 0 0 2.4000000000000004 0 0 0 0 0 0 0 0 1.2000000000000002 0.4 1.8 0 0 0 2.4000000000000004 2.6 7 2.2 0 0 2.4000000000000004 1.8 9 2 0 0 0 2.4000000000000004 0 0 0 0 0 0 4.6000000000000005 0 0.2 0.2 0 0 0.2 0 5.6000000000000005 0 0 0 1.4000000000000001 4.6000000000000005 4.2 0 0 0 0 0 0 0 0 0 0 0 0 0 0 0 0 3.2 0 0 0 0 0 0 0 0 0 0 0 0 0 0 0 0 0.2 0 0 0 0 0 0 4 0 0 0 0 0 0 0 17.8 0 3.2 0 0 0 0 0 0 0 0 0 0 0 0 0 0 0 0 0.2 0.2 0 0 0 0 0 6.800000000000001 3.4000000000000004 0 0 0 0 0 0 0 0 0 0 0 0 0 
 15.600000000000001 0 81.60000000000001 52.2 49.800000000000004 26.200000000000003 13.600000000000001 53.6 59.6 84.80000000000001 92.60000000000001 51 10 92.80000000000001 13.8 25.400000000000002 78 37.800000000000004 7.4 50.400000000000006 0 0.2 0 0 0 0 0 0.4 0 0 0 0 0 0 0.2 0 0 0.4 0.4 3.4000000000000004 0 0 0 0 0 0 0.6000000000000001 0.8 0 0 0 0 0 0 0 0 0 0 0.8 0 0 0 0 10 0 0 0 0 0 0 1.2000000000000002 0.2 0 0 0 0 0 0 0 0 12.600000000000001 5.6000000000000005 7.6000000000000005 6.4 3 0 3.4000000000000004 8.4 2.8000000000000003 6.4 6.6000000000000005 4.2 0 0 8.200000000000001 10.8 13 5.800000000000001 2.2 0 2.8000000000000003 0 0 0 0 0 0 0 0 0 0 0 1.8 0 0 2.8000000000000003 0 0 4.6000000000000005 2.6 0 0 0 0 0 0 0 0 0 0 0 0 0 0 0 0 0 0 0 3.2 0 0.4 0 0 0 0 0 0 0 0 0 0 0 0 0 0 0 0 0 0 0 2.8000000000000003 1.8 6 4.6000000000000005 4 0 2.4000000000000004 0 1.4000000000000001 2.6 4.6000000000000005 0 8.8 0 11 0 4.800000000000001 0 1.6 0 0 0 0 0 0 0 0 0 0 0 0 0 0 0 4 0 0 0 4.6000000000000005 3.4000000000000004 0 0 0 0 0 0 0 0 0 0 0 0 0 0 0 0 0 0 0 0 0 0 0 0 0 0 0 0 0 0 0 0 0 0 0 0 0 0 0 0 0 0 0 0 0.2 18 0 0.8 35.6 3.4000000000000004 3.6 0 0.2 0 0 0 0 0 0 0 0 0.2 0 0 0 0 0 0 0 0 0 0 0 0 4.2 3 3.2 0 0 0 0 0 0 0 0 0 0 0 0 
 19.400000000000002 81.60000000000001 0 36.800000000000004 29.200000000000003 76.2 33 25.400000000000002 53.2 29.200000000000003 8.4 71.4 36.800000000000004 26.6 12.200000000000001 35.4 51.6 28.6 10.4 32 1 0 0 15 0 42.400000000000006 0 0 0.4 0 41.400000000000006 0 0 1 0 0 0 0 0.2 15.200000000000001 0 0 0 0 0 0.6000000000000001 1 0.6000000000000001 0 0 0 0 0 1 0.4 12.8 0.4 0.2 0 0 1 0.2 0.4 1.2000000000000002 0 0.8 0 0.4 0 0.4 0 0 0.6000000000000001 1.2000000000000002 0.6000000000000001 0 0 0 0 0 2.2 12.8 5.6000000000000005 8.4 0 0 0 5.6000000000000005 2 5.2 0.4 2.6 0.2 0.6000000000000001 5.4 3 4.4 3 6 2.6 0 0 0 0 0 0 0 0 0.2 0 0 0 0 2.2 0 0 0 0 0 0 0 0 0 0 0.2 0 0 0.4 0 0 0 0 0.4 0 0 0.2 0.2 1.8 0 0 0 0.4 0.2 0 0 0 0 0 0 0 0 0 0 2.8000000000000003 0 0 0 0 0 0 8.8 5.800000000000001 3.4000000000000004 6.4 2.8000000000000003 4 0.2 1.8 2 1.8 2.6 10.200000000000001 1.8 5.6000000000000005 2.2 1 5.2 0 4.6000000000000005 2.2 0 0 0 0 0 0 0 2.2 0 0 0 0 0 0 2 0 0 0 0 1.8 0 0 0.4 0 0 0 0 0 0 0 0 0 0 0 0 0 0.2 0 0.2 0 0 0.2 0 0 0 0.4 0 0 0 0 0 0.2 0 0.2 0 0 0 0 0 0 0 0 0 0 0 0.2 0 0 20.200000000000003 18.400000000000002 0.6000000000000001 1.6 0.2 0 0 0 0 0 0 0 0 0 0 0 0 0 0 0 0 0 0 0 7.4 0 0 0 3 0 0 0 0 0 0 0 0 0 0 0 0 0 
 11 52.2 36.800000000000004 0 76.2 26.400000000000002 17.2 21 70.4 33.2 20.400000000000002 9.8 60.800000000000004 41.400000000000006 83 13.200000000000001 54 73.2 10.600000000000001 50.400000000000006 0 0 0 0 0 0.6000000000000001 13.200000000000001 0.6000000000000001 0.4 0 0 0 0.4 0.6000000000000001 0 0 0 0.2 15.600000000000001 0.8 0 0 10.8 0 0 0.4 0.6000000000000001 1.2000000000000002 0 0 2 0 0 1 0 0 0.4 13.200000000000001 0.6000000000000001 5.6000000000000005 0 7.2 0.4 0.6000000000000001 0 0.4 0 0 0 0.4 0 0.8 0 0.6000000000000001 0.4 0 0 0.6000000000000001 10.200000000000001 0 6 4.4 10.8 0 0 7.6000000000000005 0 5.800000000000001 0 3.2 5.6000000000000005 6 0 0 3.4000000000000004 14.200000000000001 2.6 2 0 0 0 2.8000000000000003 0 0 0 0 0 0 0 0 0 0 1 3.6 0 0 0 4.2 1 2.2 0 0 0 0 0 0 0 0 0 0 0 0 0 0.4 0 0 0 0 0 0 0 0 4 0 0 0 0 0 0 0 0 0 0 0 0 0 0 0 0 0.6000000000000001 0 0 4 0 2 0 0 0 2.8000000000000003 4.4 6 5.2 2.2 4.2 0.2 5 0 1.8 0.2 4.6000000000000005 0 0.8 0 0 0 0 0 4 0 0 0 0 5.4 0 0 0 0 0 0 3.8000000000000003 0 0 0 0 0 0 0 0.4 0 0 0 0 0 0 0 0 0.6000000000000001 0 0 0 0 0 0 0 0 0 0 0 0 0 0 1.4000000000000001 0 0 0 0 0 0 0 0 0 0 0 0 0 0.4 0.2 0 0 11.4 0.2 2 2.6 0 0 0 0 0 0 0 0 0 2.8000000000000003 0 0 0 0 0 0 0 0 0 0 0 0 7.6000000000000005 0 0 0 0 0 0 0 0 0 0 0 0 0 0 
 3.2 49.800000000000004 29.200000000000003 76.2 0 11.8 9.200000000000001 30.8 75.60000000000001 66 33 34 18 56.400000000000006 36 35.800000000000004 68 31.8 52 57.6 0.2 0 0 0 0 0.6000000000000001 29.6 0 0.4 0 0 0 30.8 0.8 0 0 0 0 7.6000000000000005 7.6000000000000005 0 0 12.600000000000001 0 0 0.6000000000000001 0.6000000000000001 0.8 0 0 1.8 0 0 0.6000000000000001 0 0 0.4 0 0 0 0 0.6000000000000001 0.4 0.6000000000000001 0 0.4 0 0 0 0.4 0 0 0 0.6000000000000001 0.4 0 0 0.2 0 1 0 0.6000000000000001 0 4.4 6.800000000000001 10.600000000000001 0 2.4000000000000004 2.6 0 2.6 2 0 0 0 0 4 0 0 0 2 0.2 2.8000000000000003 0 0 0 6.2 0 0 0 0 0 4.800000000000001 6.6000000000000005 4.800000000000001 0 0 1.8 2.6 2.8000000000000003 0 0 0 0 0 0 0 0 0 0 0 0 0 0 0 0 0 2.8000000000000003 0 6.4 0 0 0 0 0 0 0 0 0 0 0 0 0 0 0 0 0 0 0 0 1.2000000000000002 2.2 4.800000000000001 3.2 6.6000000000000005 7.800000000000001 0 0 0 0.2 2 0 0 0.2 0 1.8 0 1.6 0 0 5.4 0 4.800000000000001 0 0 0 2 4.2 0 0 1.4000000000000001 0 9.4 5.800000000000001 2.6 1.6 0 1.6 1.6 1.6 0 0 0 0 0 0 0 0 0 0 0 0 0 0 0 0 0 0 0 0 0 0 0 0 0 0 0 0 0 0 0 0 0 0 0 0 0 0 0 0 0 0 0 0 0 0 1.4000000000000001 0.4 0.4 0.2 0 0.6000000000000001 1.8 0 0 0 0 0 0 0 0 0 0 0 0 0 0 0 0 0 0 0 0 0 0 0 0 2.6 0 0 0 0 0 0 0 0 0 0 0 0 
 5.2 26.200000000000003 76.2 26.400000000000002 11.8 0 11.4 6.6000000000000005 26.6 25 49.800000000000004 14 35 13.8 27 56 57.6 12 8 11.200000000000001 0.2 15 0 0 0 0.6000000000000001 15.200000000000001 0 4.4 0 0 0 0 15.4 14.8 0 0 0 7.2 17.8 0 14 0 0 0.2 0.2 1.8 0.8 0 0 0 0 0 0.6000000000000001 0 0 0.4 0 0.2 0 0 0 1.8 10.200000000000001 0 0.4 0 7.6000000000000005 0 0.4 8.6 0.2 0 0.6000000000000001 0.6000000000000001 0 0 0.6000000000000001 0 0 0 2.8000000000000003 1.4000000000000001 0 1.2000000000000002 10.8 0 0 0 0 3.2 2 0 0 0 0 3.8000000000000003 0.2 0 0 3.2 0 3.8000000000000003 0 0 0 5 0.2 6 0 2.4000000000000004 0 6.6000000000000005 0.2 0 2.2 0 0 7.6000000000000005 8.4 0 0 0 0 0 0 0 0.2 0 0 0 0 0 0 0 0.4 0.4 1.8 0 0 0.8 0 0.4 0 0 0 0 0 0 0 0 0 0 0 0 0 0 0 0 0 0 0 0 0 3.4000000000000004 0 0 0 0 0 1.8 0.4 0 0.4 0 2.6 0 6 0 0 0 0 2.4000000000000004 2.2 0 0 9 4.6000000000000005 3 0 2.6 0 5.800000000000001 1.6 0.2 4.6000000000000005 4.800000000000001 2 5 6 0 0 0 0 0 0 0 0 0 6.800000000000001 1.2000000000000002 0 0 0 0 0 0 0 0.4 0 0 0.4 0 0 0 0.2 0 0 0 0 0 0 0 0 0 0 0 0 0 0 0 3.8000000000000003 0 0 0 0.2 0.8 0.4 0 0 0 1 0 0 0 0 0 0 0 0 0 2.8000000000000003 0 0 0 0 2.6 0 0 0 0 0 0 0 0 0 0 0 0 0 0 0 0 0 0 0 2.6 0 0 0 
 11 13.600000000000001 33 17.2 9.200000000000001 11.4 0 60 6.800000000000001 6 8.8 10.600000000000001 56.800000000000004 10.8 32.2 13 19.6 7.800000000000001 43.6 5.800000000000001 0.6000000000000001 0 0 0 0 0.8 0 0 0.4 0 0 0 0 0.6000000000000001 0.2 0 14.8 0 0 1 0 0 0 0 6 0.2 0.6000000000000001 0.6000000000000001 0 0 0 0 0 0.6000000000000001 0 0 0.4 0.2 0 0 0 0 0.4 0.6000000000000001 0 0.4 0 0 0 0.4 0 0 8.8 0.6000000000000001 0.4 0 0 0.6000000000000001 0 0 0.2 3.4000000000000004 0 6.2 0 0 2.4000000000000004 3.4000000000000004 5.6000000000000005 2.2 0 0 2.6 2.6 4.800000000000001 2 3.8000000000000003 0 4.800000000000001 2.2 0 0 0 0 0 0 0 0 0 0 0 0 0 0.4 0 0 0 0 0 0 0 0 0 0 0 0 0 0 0 0 0 0 0 0 0 0 0 0 0.2 0 0 0.4 0 0 0 0 0 0 0 0 0 0 0 0 0 0 0 0 0 0 8 6.2 3.4000000000000004 3.4000000000000004 0 0 2.4000000000000004 2.4000000000000004 0.6000000000000001 0 0.2 3.4000000000000004 0.2 2 4.6000000000000005 0 9 0 6.6000000000000005 10.600000000000001 2.2 0 0 0 0 0 0 0 0 0 0 0 0.2 0 0 0 0 0 0 0 0 0 0 0 0 0 0 0 0 0 0 0 0 0.2 0 0 0 0 0 0 0 0 0 6.4 0 0 0 0 0 0 0 0 0 0 0 0 0.4 0 0 0 0 0 0 0 0 0 0 0 0.4 0 0 1 0 0 0.2 0 0 0 0 0 0.2 0 0 0 0 0 0 0 0 0 0 0 0 0 0 0.2 0 0 0 0 0 0 0 0 0 0.4 0 0 0 0 
 29.400000000000002 53.6 25.400000000000002 21 30.8 6.6000000000000005 60 0 39.2 58.2 41.2 24.8 22.200000000000003 51.2 67.4 58.6 70.2 28.6 8.4 29.200000000000003 0 0 0 0 0 1.2000000000000002 0.2 0 0.4 0 0 0.6000000000000001 0 0.6000000000000001 0.6000000000000001 0 0 0.6000000000000001 0 0.6000000000000001 0 0 0 0 5.800000000000001 0.4 0.6000000000000001 0.6000000000000001 0 0 2.4000000000000004 7.6000000000000005 0.4 0.6000000000000001 0 0 0.4 0.6000000000000001 0.4 0 0 0 0.4 0.6000000000000001 0 0.4 0 0 0 0.6000000000000001 0 0.4 0 0.6000000000000001 0.8 1.2000000000000002 0 0.4 0 0 3.8000000000000003 2.6 0 3.8000000000000003 1.8 0.2 1.8 7.800000000000001 3.8000000000000003 3.6 2 0.2 0 0.4 5.4 2.4000000000000004 2 4.4 4.6000000000000005 0 0 0 0 0 0.2 0.2 2.6 0 0 0.4 0 0 1.8 0 0 0 0 0 6.6000000000000005 3 0 0.2 0 0 0 0 0 0 0 0.2 0 0 0 0 0 0 0 0 0 3 0 0 0 0 0 0.2 0 0 0 0 0 0 0 0 0 0 0 2.6 0 0 2.2 3.2 2.8000000000000003 5.800000000000001 4.4 4.6000000000000005 0 2.2 4 0.2 2.2 5.4 0 3 2.8000000000000003 4 8.4 3.2 0 2.2 0 0 0 0 0.2 0 0.4 0 2 0 0 0 0 0 0 0 0 0 0 0.4 0 0 0 0 0.2 0 0 0 0 0 0 0 0 8 0.2 0 7 0 0 0 0 0 0 0 0 0 0 0 0 0 0 0 0 0 0 0 0 0.4 0 0 0 0 0 0 0 0.2 17.2 0.2 17.8 0.2 2.4000000000000004 0.8 0 0 0 0 0.2 0 0 0 0 0 0 0 0 0 0 0 0 0 0 0 0 0 0 0 0 0 0 0 0 0 0 0 0 0 0 0 0 0 
 23 59.6 53.2 70.4 75.60000000000001 26.6 6.800000000000001 39.2 0 56.800000000000004 64 57 33 32 18.6 64.2 67 38.2 12.600000000000001 55.2 0.4 0 0 0 0 0.6000000000000001 0.2 0 0.4 0 0 0 0 0.6000000000000001 0.2 0 0 0 41.400000000000006 13 0 0 0 0 0 0.4 1 2 0 0 0 0 0 0.6000000000000001 0 0 0.4 0 0 0 0 0 0.4 0.6000000000000001 6.6000000000000005 0.4 0 0 0 0.4 0 0 0 0.6000000000000001 7.2 0 0 0.4 0 0 8 2.2 6.4 3.4000000000000004 5.4 0 4.4 8 3.2 5.6000000000000005 6.6000000000000005 1.8 0 0 8.200000000000001 6.2 3.2 6.6000000000000005 2.4000000000000004 0 0.4 0 0 0.4 0 0 0 0 0.6000000000000001 0 0 0 1.6 0.2 0 6 3.8000000000000003 0 1.8 2.8000000000000003 0 0.2 0 0 0 0 1.8 0 0 0 0 0 0 0 0 0 0 0 0.6000000000000001 1.8 3.6 0 0 0 0 0 0 0 0 0 0 0 0.2 0 0 0 0 0 0 0.2 0 9.600000000000001 0 2 2.2 2.4000000000000004 0 3.4000000000000004 0 2.6 2.6 7.2 0 5.4 0 13.4 0 3.2 0 2.2 0 0 0 0 0 0 0 0.2 0 0 0 0 0 0.4 0 0 0 0 0.2 1 0 0 0 0 0 0 0 0 0 0 0 0 0 0 0 0 0 0 0 0 0 0 0 0 0 0 0 0 0 0 0 0 0 0 0 0 0.2 0 0 0 0 0 0 0 0 0.2 35.4 0.2 1 18.2 3.4000000000000004 2.2 0 0 0 0 0 0 0 0 0 0 0 0 0 0 0 0 0 0 0 0 0 0 0 7 0 0.2 0 0 0 0 0 0 0 0.2 0 0 0 0 
 25.400000000000002 84.80000000000001 29.200000000000003 33.2 66 25 6 58.2 56.800000000000004 0 19.400000000000002 12.8 12.600000000000001 33.800000000000004 54.6 61 21.6 113.2 70.2 20.200000000000003 15.200000000000001 0 0 0 0.6000000000000001 0.6000000000000001 0 0 0.4 0 0 0 0.4 7.4 0 0 0 0 14.4 15.200000000000001 0 0 0 0 0 0.6000000000000001 0.6000000000000001 1.8 0 0 6.800000000000001 0 0 0.6000000000000001 0 0 0.4 0 0 0 9.4 0 0.4 2.2 0 0.4 0 0 0 0.4 0 0 0 0.4 0.6000000000000001 0 0 0 0 0 2.8000000000000003 3.2 2.6 2.6 0 14.600000000000001 1.8 1 1 8 2.2 2.4000000000000004 0 1.8 3.2 1.2000000000000002 5.800000000000001 1.8 0 0.2 2.4000000000000004 0 0 0 0 0 0 0 0 0 0 0.4 0 0 0 3.4000000000000004 0 0 0 0 0 0 0 0 0 0 0 0 0 0 0 0 0 0 0 0 0 1.2000000000000002 0 0 0 1.6 0 0 0 0 0 0 0 0 0 0 0 0 0 0 0 0 0 0 2.8000000000000003 0 0 0 0 0 2 0 8.8 7.2 2.4000000000000004 2.6 1.4000000000000001 0.4 0 1.8 6.800000000000001 3.8000000000000003 0.2 5.4 0 0 0 0 0 0 0 0 0 0 0 0 0 0.2 0 0.2 0 0 1.8 2.4000000000000004 0 0 0 0 0 0 0 0.4 0 0 0 0 0 0 0 0 0 0 0 0 0 0 0 0 0 0 0 0 0 0 0 0 0 0 0 0 0 0 0 0 0 0 0 0 0 0 1.4000000000000001 0.4 18 0.4 2.2 1.6 0 0 0 0 0 0 0 0 0 0 2 0 0 0 0 0 0 0 0 0 0 0 0 0 0 0 0 0 0 0 0 0 0 0 0 0 0 0.4 
 10.8 92.60000000000001 8.4 20.400000000000002 33 49.800000000000004 8.8 41.2 64 19.400000000000002 0 23.8 32.4 25.8 13.600000000000001 35 37.2 54.6 6.6000000000000005 27.400000000000002 0.4 0 0.6000000000000001 0 0.6000000000000001 0.6000000000000001 0 0 0.6000000000000001 0 0.4 0.6000000000000001 0.6000000000000001 0.4 15.600000000000001 0.2 0 0 14.600000000000001 15.200000000000001 0 0 0 0.4 0 0.4 0.8 1.8 0 0 0 0 0.2 1.2000000000000002 0 0 0.8 0 0 0 0.4 0 9.600000000000001 0.6000000000000001 0 0.4 0 0 0.4 0.4 0 0.4 0.2 1.4000000000000001 0.4 0 0 0.4 0 0 2.6 0 0 0 2 4.800000000000001 3.4000000000000004 2 7.6000000000000005 0 12.8 6 0 0 3.6 4.800000000000001 5.4 4.6000000000000005 0 0 5.2 0 1.6 0 0 0 0 3.2 0 0 0 0 2 0 0 3.4000000000000004 0 0 3.6 3.6 0 0 0 0 0 0 0 0 0 0 0 0 0 0 0 0 0 1.4000000000000001 0 2.6 0 0 0 0 0 0 0 0 0 0 0 0 0 0 0 0 0 0 0 0 0 3 1.4000000000000001 2.6 2.4000000000000004 2.2 4 0.4 0.2 6.4 1.8 2.4000000000000004 0 2.2 0 5.4 0 7.6000000000000005 0 4.6000000000000005 0 0.4 0 0 0 0 0 0 0.6000000000000001 0.2 0.2 0.4 2.8000000000000003 4 0 0 0 0 4.6000000000000005 9 0 0 0 0 2.2 0 0 0 0 0.2 0 0 0 0 0.2 0 0 0 0 0 0 4.2 0 0 0 0 0 0 0 0 0 0 0 0 0 0 0 0 0 0.2 0 0 0 0 0 0 1.8 0.2 0.4 0.4 0 1.4000000000000001 0.8 0 0 0 0 0 0 0 0 0 2.8000000000000003 0 0 0 0 0 0 0 0 0 0 0 0 7.6000000000000005 0 0 0 0 0 0 0 0 0 0 0 0 0 0 
 5.4 51 71.4 9.8 34 14 10.600000000000001 24.8 57 12.8 23.8 0 51.2 88.2 43.400000000000006 6.2 33 35 5.2 31.400000000000002 15.600000000000001 0 0 0 0 0.6000000000000001 0 0.4 0.4 0 0 0.4 1 0.6000000000000001 0 0 0 0.2 14.600000000000001 22.400000000000002 0 0 0 0 0 0.6000000000000001 0.8 2.4000000000000004 0 0 0 0 0 0.6000000000000001 13.600000000000001 0 0.4 0 0 0 0 0 0.4 0.6000000000000001 0 0.4 0 0 0.4 0.4 0 0 0.2 0.4 0.6000000000000001 0 0 0 0 0 1.2000000000000002 0.2 1.2000000000000002 7.800000000000001 1.4000000000000001 4.2 5.4 8.4 3.8000000000000003 5.4 2.2 2.6 0 0 3.2 7 8.6 4.4 0.4 0 5.800000000000001 0 0 2.2 0 0 1.8 0 0 0 0 0 8.8 0 0 4 0 0 2.6 0 0 0 0 0 0 0 0 0 0 0 0 0 0 0.6000000000000001 0 0 0 3.2 0 2.8000000000000003 0 0 0 0 0 0 0 0 0 0 0 0 0 0 0 0 0 0 0 0 3.2 0 4.800000000000001 3.4000000000000004 4.4 9.200000000000001 2 0 4 1.6 2.6 5.2 0 5.2 0 4.2 3 3.6 0 0 0 0.2 0.2 0 0 0 5.2 1.8 0 0 0 0 1.4000000000000001 0 2 3.8000000000000003 0 0 0 2 0 0 0 0 0 0 0 0 0 0 0 2.8000000000000003 0 0 0 0 0 0 0 0 0 0 0 0 0 0 0 0 0 0 0 0.2 0 0 0 0 0 0 0 0 0 0 0 0 0 0 1.4000000000000001 0.2 18.400000000000002 0.2 2.8000000000000003 1.2000000000000002 2.2 0 0 0 0 0 0 0 0 0 1.8 0 0 0 0 0 0 0 0 0 0 0 0 2.6 0 0 0 0 0 0 0 0 0 0 0 0 0 0 
 55.800000000000004 10 36.800000000000004 60.800000000000004 18 35 56.800000000000004 22.200000000000003 33 12.600000000000001 32.4 51.2 0 17.8 56.2 25.6 51.2 26.400000000000002 36.800000000000004 26.8 0 0 0 0 0.4 0.6000000000000001 0.6000000000000001 0 0.4 0 0 0.2 0 1.2000000000000002 0.2 0 0 0 9.4 0.6000000000000001 0.6000000000000001 0 0 0 4.2 0.4 1 0.6000000000000001 0.6000000000000001 0 0 0.2 0.6000000000000001 0.6000000000000001 0 0 0.4 0 0 0 0.8 2 0.8 0.6000000000000001 0 0.4 0.2 0.4 2 0.6000000000000001 0.4 0 0.2 2 1.4000000000000001 1 0 0.4 2 0 2.6 0 0 0 0.2 0 3.4000000000000004 0 3.4000000000000004 3 2.4000000000000004 1.8 3.2 6 1.4000000000000001 0.4 0 2 0 3.2 0 0 0 0 0 0 0 0 0 0 0 0 0 0 0 0 0 0 0 0 0 0 0 0 0 0 0 0 0 0 0 0 0 0 0 0 0 0 0 0 0 0 0 0 0 0 0 0 0 0 0 0 0 0 0 0 0 0 0 0 0 7.2 0 0 2.8000000000000003 0 6 2.8000000000000003 0.4 5.6000000000000005 0.8 0 3.8000000000000003 0.4 4 4 0.2 0 0 0.2 0 0 0 0 0 0.4 0 0 0 0 0 0 0 0 0 0 0 0 1.8 0 0 0 0 0 0 0 0 0 0 0 0 0 0 0.2 0 0 0 0 0 0 0 0 0 0 0 0 0 0 0 0 0 0 0 0 0 0 0 0 0 0 0 0 0 0 0 0.4 0.2 0 0 0.4 0 1.2000000000000002 0 0 0 0 0.2 0 0 0 0 0 0 0 0 0 0 0 0 0 0 0 0 0 0 0 0 0 0 0 0 0 0 0 0 0 0 0 0 2.4000000000000004 
 42.400000000000006 92.80000000000001 26.6 41.400000000000006 56.400000000000006 13.8 10.8 51.2 32 33.800000000000004 25.8 88.2 17.8 0 39 65 6 11.4 25 60.800000000000004 0 0 0 0 0 0.6000000000000001 0 0 0.4 0 0 0 0 0.6000000000000001 0.4 0 0 0 0 0.6000000000000001 0 4 0 0 12.4 0.6000000000000001 0.6000000000000001 0.6000000000000001 0 0 0 0 0 0.6000000000000001 0 0 0.4 0 0 0 0.4 0 0.4 0.6000000000000001 0 0.4 0 0 6.2 0.4 0 0 0 0.6000000000000001 0.4 0 0 0.2 0 0 6.800000000000001 12.4 7.2 0 4 0 6 4 3.4000000000000004 7.4 0 0.2 2.2 0 7 5.4 3.4000000000000004 5.800000000000001 3.4000000000000004 3 0 0 0 0 0 0 0 0 0 0 0 0 1.4000000000000001 0 0 0 0 0 0 0 0 0 0 0 0 0 0 0 0 0 0 0 0 0 0 0 0 0 1.4000000000000001 0 0 0 0 0 0 0 0 0 0 0 0 0 0 0 0 5.2 0 0 0 0 7.2 0 2.6 0 0 0 1.6 2.2 1.8 0 3.6 0.4 0 2.8000000000000003 2.2 10.8 2.2 3.4000000000000004 5.2 2 0 0 0 0 0 0 3.2 0 0 0 0 0 0 0 0 0 0 0 0 0 0 0 0 0 0 0 0 0 0 0 0 0 0 0 0 0 0 0 0 0 0 0 0 0 0 0 0 0 0 0 0 0 0 0 0 0 0 0 0 0 0 0 0 0 0 0.4 0 0.2 0.6000000000000001 0.2 8.200000000000001 1.4000000000000001 0 0 0 0 0 0 0 0 0 0 0 0 0 0 0 0 0 0 0 0 0 0 0 2.4000000000000004 2 0 0 0 0 0 0 0 0 0 0 0 0 0 
 36.800000000000004 13.8 12.200000000000001 83 36 27 32.2 67.4 18.6 54.6 13.600000000000001 43.400000000000006 56.2 39 0 15.8 26.400000000000002 10 11.4 38 0 0 0 0 0 0.6000000000000001 0 0 0.4 0 0 0 0 0.4 0.2 0 0 0 0 15.600000000000001 0 0 0 0 0 0.2 1.6 0.6000000000000001 0 0 0 12.600000000000001 0 0.6000000000000001 0 0 0.4 0 0 0 0 6.4 0.4 0.6000000000000001 0 0.4 0 0 0 0.4 0 0 0.6000000000000001 0.6000000000000001 0.4 0 9.8 0.6000000000000001 0 0 4.2 2.2 12 0 5.4 0 6 3.6 4.2 2.8000000000000003 0.2 0 0 0.2 4 5 10 2.6 0 0 0 0 0 0 0 0.4 4 0 0 0.2 0 0 0.2 0 0 0 0 0 0 2.8000000000000003 0 0.4 0 0 0 0 0 0 0 0.4 0 0 0 0 0 0 0 0 0 0 0 0 0 0 0 0.4 0 0 0.4 0 0 0 0 0 0 0 0 0 1.8 0 0 0 1.6 0 0 0 0 0 4.4 4 0.8 0 1.6 6.2 3.2 3.8000000000000003 3 0 0 3.2 0 0 0 0 0.4 0 6 0 0 0 0 0 0 0 3.4000000000000004 0 0 0 2.4000000000000004 0 0 0 0 0 0.4 0 0 0 0 0 0 0 0 0 0.2 0 0 0 0 0 0 0 0 0 0 1.6 0 0 0 0 0 0 0 0 0 0 0 0.2 0 0 0 1.8 0 0 0 0.6000000000000001 0.2 0 0.8 17.6 2.6 3.2 0.2 0 0 0 0 0 0 0 0 0 0 0 0 0 0 0 0 0 0 0 0 0 0 3.8000000000000003 3.6 0 0 0 0 0 0 0 0 0 0 0 0 0 
 7.2 25.400000000000002 35.4 13.200000000000001 35.800000000000004 56 13 58.6 64.2 61 35 6.2 25.6 65 15.8 0 107.80000000000001 50.2 19.8 33.6 0 0 0 0.6000000000000001 0 1 0 0 0.4 0 0.6000000000000001 0.6000000000000001 0 0.6000000000000001 0 0 0 0 0 0.6000000000000001 0 0 0.6000000000000001 0.4 0 0.2 0.6000000000000001 0.6000000000000001 0 0 0 0 0.4 0.6000000000000001 0 0 1 0 0 0 0.6000000000000001 0 0.4 1 0.6000000000000001 0.4 0.2 10.200000000000001 0 1.8 0 0 0 1.6 1 1 0.4 0.6000000000000001 0 0.4 3 5.800000000000001 2.4000000000000004 3.6 0 0 5.4 5.800000000000001 4 2.4000000000000004 0.6000000000000001 2 0 1 7.6000000000000005 4 0.8 8.200000000000001 4.800000000000001 15 0 0 0 0 0 0 0 0 0 0 0 0 0 0 0 0 0 0 0 0 0 0 0 0 0 0 0 0 0 0 0 0 0 0 0 0 0 0 0 0 0 0 0 0 0 0 0 0 0 0 0 0 3.2 0 0 0 0 0 0 0 6.2 10 2.8000000000000003 6.800000000000001 0 0 2 0.6000000000000001 0 7 0 3.4000000000000004 2.8000000000000003 2.4000000000000004 0 5 1.8 0 4 2.4000000000000004 0 0 0 0 0 0 0 0 0 0 0 0 0 0.2 0 0 0 0 0 0 0 0 0 0 0 0 0 0 0 0 0 0 0 0 0 0 0 0 0 0 0 0 0 0 3.2 0.4 0 0 0 0 0.2 0 0 0 0 0 0 0 0 0 0 0 0 0 0 0.2 0.8 0 0 0.6000000000000001 0 1 0 0 0 0 0 0 0 0 0 0 0 0.2 0 0 0 0 0 0 0 0 0 0 0 0 0 0 0 0 0 0 0 0 0 0 0 0 0 0 
 33.800000000000004 78 51.6 54 68 57.6 19.6 70.2 67 21.6 37.2 33 51.2 6 26.400000000000002 107.80000000000001 0 101.80000000000001 22.6 49 0 0 0 0 0 0.8 0 0.4 0.6000000000000001 0 0.8 0 0 0.6000000000000001 0 0 0 0 0 24 0 0 0 0 0 0.6000000000000001 0.6000000000000001 1.8 0.4 0 0 0 0 0.6000000000000001 0 0 0.4 0 12.600000000000001 0 0 0 0.4 0.6000000000000001 0 0.4 0 0 0 0.4 0 0 1 0.8 0.6000000000000001 0 0 0 0 0 2 5.2 10 13.200000000000001 0.6000000000000001 2.6 0 3.6 3.2 2.2 7.6000000000000005 4.2 0 3.6 4 2 6.800000000000001 0 2 0.8 2 0 0 0 0 0 0 0 0 0 0 0 3.4000000000000004 0 0 2.2 0 0 2.6 0.8 0 0 0 0 0 0 0 0 0 0 0 0 0 0 0 0 0 0 2.8000000000000003 2.6 0 0 0 0 0 0 0 0 0 0 2.6 0 0 0 0 0 0 0 0 0 3.4000000000000004 0 0 5 2.2 2.4000000000000004 0 2.2 0 2 3.8000000000000003 2.2 0 4.2 0 3.2 12.200000000000001 3 1 3.6 0 0 0 0 0 0 0 0 0 0 0 0 0 2 0 0 0 0 0 3.8000000000000003 0 0 0 0 0 0 0 0 0 0 0 0 0 0 0 0 0 0 0 0 0 0 0 0 0 0 0 0 0 0 0 0 0 0 0 0 0 0 0 0 0 0 0 0 0 0.8 20.400000000000002 0.2 0.4 18.2 0 0.6000000000000001 2.2 0 0 0 0 0 0 0 0 0 1.4000000000000001 0 0 0 0 0 0 0 0 0 0 0 0 3.8000000000000003 2.4000000000000004 7.4 0 0 0 0 0 0 0 0 0 0 0 0 
 21.6 37.800000000000004 28.6 73.2 31.8 12 7.800000000000001 28.6 38.2 113.2 54.6 35 26.400000000000002 11.4 10 50.2 101.80000000000001 0 22.6 28 0 0 0 0 0 0.6000000000000001 18 1.2000000000000002 0.4 0 0 0 0 0.6000000000000001 0 0 0 0 0.2 15.200000000000001 0 0 0 0 0 0.6000000000000001 0.8 7 12.600000000000001 0 0 0 0 1.4000000000000001 0 0 0.4 0 1.2000000000000002 0 0 0 0.6000000000000001 0.6000000000000001 6.4 0.4 0 0 6 0.4 0 0 0 0.6000000000000001 0.4 0 0 0.2 0 0 4.4 0.8 2.8000000000000003 2.6 0 4 2.6 1.8 0 2.8000000000000003 21.200000000000003 4.4 0 1.6 2.8000000000000003 3.8000000000000003 3.6 1.2000000000000002 1.2000000000000002 0 2 0 0 0 0 0 0 0 0 0 0 0 0 0 0.4 7.2 0 0 2.4000000000000004 8.200000000000001 0 0 0 0 0 0 0 0 0 0 0 0 0 0 0 0 0 0 0 0 0 0 0 0 0 0 0 0.4 0 0 0 0 0 0 0 1.4000000000000001 0 0 0 0 0.4 2.8000000000000003 0 0 0 0.2 0 1.2000000000000002 0 1 4.6000000000000005 4.4 0 4.6000000000000005 0 3.6 0.4 3.6 0 1.8 0 0 0 0 0 0 0 0 0 0 0.2 0 2.8000000000000003 0 0 0 0 0.2 4.4 2 0 0 0 0 0 0 0.2 0 0 3.2 0 0 0 0 0.2 0 0 0 0 2.8000000000000003 0 0 0 0 0 0 0 0 0 0 0.4 0 0 0 0 0 0 0 0 0 0 0 0 0 0 0 18.6 0 9.200000000000001 17.400000000000002 2.8000000000000003 3.8000000000000003 0 0 0 0 0 0 0 0 0 0 1.8 0 0 0 0 0 0 0 0 0 0 0.4 0 1.6 0 5.2 0 0 0 0 0 0 0 0 0 0 0 0 
 5.4 7.4 10.4 10.600000000000001 52 8 43.6 8.4 12.600000000000001 70.2 6.6000000000000005 5.2 36.800000000000004 25 11.4 19.8 22.6 22.6 0 29.400000000000002 0.6000000000000001 0 0.4 0 0 0.4 0 0 15.600000000000001 0.4 0 0.6000000000000001 0 0.4 0.2 0 0 0.4 0 0 0 0 0 0.4 0 0.6000000000000001 0.6000000000000001 0.6000000000000001 0 0 0 0 0 0 0 0 0 0 0 0 0 0 0 0 0.4 0 0 0 0.6000000000000001 0 0 0 0 0 0 0 0 0 0 0 2.4000000000000004 5 3.2 0 0.2 0 0 0 6.4 5 0 0 1.8 0.6000000000000001 0 0 0.2 0 2.4000000000000004 10.4 0 0 0 0 0 0 0 0 0 0.2 0 0 0 0 0 0 0 0 0 0.2 0 0 0 0 0 0 0 0 0 0 0 0 0.8 0 0 0 0 0 0 0 0 0 0 0 0 0 0 0 0 0 0 0 0 0 0 4.800000000000001 0 1.6 0 0 4.800000000000001 5.2 0 6.6000000000000005 2.4000000000000004 0.4 0 1.2000000000000002 7.800000000000001 1.8 0 1 6.4 0.4 2 0 5.6000000000000005 0 6.2 0 0 0 0 0 0 0 0 0 0 0 0 0 0 0 0 0 0 0 0 0 0 0 0 0 0 0 0 0 0 0 0 0 0 0.4 0.4 0 0.2 1.4000000000000001 0 0 0 0 0 0 0 0 0 0 0 0 0 0 0 0 0 0 0 0 1.2000000000000002 0 0 0 0 0 0 0 0 0 0.4 0 0 1 0 0 0 0 0 0 0 0 0 0 0 0 0 0 0 0 0 0 0 0 0 0 0 0 0 0.8 0 0 0 0 0 0 0 0 0 0 0 0.4 
 23.8 50.400000000000006 32 50.400000000000006 57.6 11.200000000000001 5.800000000000001 29.200000000000003 55.2 20.200000000000003 27.400000000000002 31.400000000000002 26.8 60.800000000000004 38 33.6 49 28 29.400000000000002 0 0.6000000000000001 0.6000000000000001 0.6000000000000001 0.6000000000000001 0 1.2000000000000002 0.4 0.2 1 0.4 0 1 0.2 15.600000000000001 0.6000000000000001 0 0 0 0.6000000000000001 0.6000000000000001 0 0 0 0.4 12.600000000000001 0.4 0.6000000000000001 0.6000000000000001 0 0.4 0.2 0 0 0.6000000000000001 7 1 17.6 0 0 0 0 0 1.4000000000000001 0.6000000000000001 0.6000000000000001 1 0 0 0 0.4 1 0.6000000000000001 1.8 0.6000000000000001 0.4 0 0 0.8 0 0 14.200000000000001 8 2.8000000000000003 2.6 8.6 0 2.4000000000000004 11.4 0.4 2.4000000000000004 0 2.6 0.4 0 3.6 5.800000000000001 6 6.2 4.800000000000001 6.2 0 0 0 0 0 0 0 0 0 0 0 0 3.4000000000000004 0 0 0 0 0 0 0 0 0 0 0 0 0 0 0 0 0 0 0 0 0 0 0 0 0 0 0.2 0 0 0 0 0 0 0 0 0 0 0 0 0 0.2 0 0 0 0 0 0 4.800000000000001 0 1.4000000000000001 2.8000000000000003 0.4 0 3.4000000000000004 2.6 0 1 2 2.8000000000000003 2.6 2.6 0.2 2.2 2.4000000000000004 3.2 7.2 3 0 0.4 0 0 0 0 0 0 0 0 0.2 0 4.2 0 0 0 0 0 0.2 2 0.4 0 0 0 0 0 0 0 0 0 0.2 0 0 0 0 0 0 0 0 0 1.2000000000000002 0 0 0 0 0 0 0 0 0 0 0 0 0 0 0.2 0 0 0 0 0 0 0 0 0 0.4 0.2 0.4 17.400000000000002 17.8 0.2 2.4000000000000004 0 0 0 0 0 0 0 0 0 0 0 0 0 0.2 0 0 0 0 0 0 0 0 0 1.8 3 0 0 0 0 0 0 0 0 0 0 0 0 0 
 0 0 1 0 0.2 0.2 0.6000000000000001 0 0.4 15.200000000000001 0.4 15.600000000000001 0 0 0 0 0 0 0.6000000000000001 0.6000000000000001 0 20.400000000000002 52.6 64.60000000000001 74 16.400000000000002 72.60000000000001 40.6 6 7 44.2 7.6000000000000005 9.200000000000001 26.200000000000003 22 21.6 24 8.6 22.6 84 0 0.2 0 0.6000000000000001 0 0 0 0 0 0 0.6000000000000001 0 1.4000000000000001 0.4 0.4 0.6000000000000001 1 0 0 0.2 0 0.4 0 0 0 0.4 0 0 0 0.2 0 0 1.6 0 0 0.4 0 0.4 0.6000000000000001 0 0 0 0 1.2000000000000002 1.2000000000000002 4.2 0 0 0 0.2 0 0 0 0 0 0 0 0 0 0 2.8000000000000003 4 0.2 0 1.8 0 5.4 7 2.2 4.6000000000000005 0 0 0.2 4.4 4.6000000000000005 1.6 5.6000000000000005 0 0.2 2.2 0 0 0 0 2.8000000000000003 0 0 0.4 0 0 0 0 0 0 0 0 0 0 2.2 4.2 0 0 0 0 0 0 0 0 0.4 0 0 0 0 0.4 0 0 0 0.4 0.4 0 0.4 0 0.2 2.8000000000000003 3.2 2 0 0 0 0 0 0 0 0.4 0 0 0 0 0 0 2.6 2.2 3.4000000000000004 3.8000000000000003 10.4 2.4000000000000004 0.4 0 10.200000000000001 4.4 3 0 4.6000000000000005 2.4000000000000004 8 0 2.4000000000000004 0 2.6 0 0 0 0 0 0 0 0 0 0 0 0 0 0.4 2.4000000000000004 0 0 0 0 1.4000000000000001 0 0 0 0 0 0 0 0 0 0 0 0 0 0 0 0 0 0 0 0 0 0 0 0 0 0 0 0 0 0 0 0 0 0 0 2.6 0 0.4 0 0 0 0.8 0 0 0 0 0 0 0 0 0 0 0 0 0 0 0 0.2 0 0 0 0 3.8000000000000003 0 0 0 0 0 0 0 0 
 0.6000000000000001 0.2 0 0 0 15 0 0 0 0 0 0 0 0 0 0 0 0 0 0.6000000000000001 20.400000000000002 0 36.6 41.800000000000004 65.2 20.6 23.400000000000002 56.400000000000006 63.400000000000006 33.4 12 9.8 4.800000000000001 45.2 33.6 25.8 9 9.600000000000001 23.8 11.600000000000001 0.8 0 0 0.6000000000000001 0.4 0 19.8 0 0 0 0 0 13.600000000000001 0.4 0 0 0.6000000000000001 0 14.4 0.4 0 0.4 0 0 0 0.4 0 2.2 0 0 1.8 0 0 0 0 0.4 0 1 0.6000000000000001 0 0 0 0 0 0 0.4 0 0 10 0 0 0 0 0 0 0 0 0 0 0 0 0 2.6 2 1.4000000000000001 6 0.8 0 4 7.2 19.200000000000003 3 0 4 3.2 0 4 8.4 0 0 2 2.8000000000000003 0 0 0 0 6.800000000000001 0 0 0 0 0 1.6 1.8 0 0 0 0 2.2 1.6 0.2 0 0 0 0 3.2 0 0 0 0 0 0 0 0 0 0 0 0 0 0 0 0 1.8 0 0 0 0 0 0 0 0 0 0 2.2 0 0 3.6 0 0 0 0 4 4.800000000000001 6.6000000000000005 4.4 0.2 0.2 0 2 6.4 6.2 2 0 0 0 9.600000000000001 6.6000000000000005 3.8000000000000003 0 3.8000000000000003 0 0 0 0 0 0 7.4 2.2 0 0 0 0 1.6 0 0 0 0 0 0 0 0 0 0 0 0 0 1.8 0 0 0 0 0 0 0 0.2 0 0.4 0 0 0 0 0 0 0 0 0 0 0 0 0 0 0 0 0 2.6 0.2 0 15.8 16.2 0 3.2 2.2 0 0 0 0 0 0 0 0 0 0 0 0 0 0 0 0 0 0 0 2.4000000000000004 0 0 0 0 0 0 0 0 
 1.2000000000000002 0 0 0 0 0 0 0 0 0 0.6000000000000001 0 0 0 0 0 0 0 0.4 0.6000000000000001 52.6 36.6 0 45 13.8 14.200000000000001 89.4 34.6 19 19.200000000000003 47.6 23 33.4 13.600000000000001 27.6 40 28.200000000000003 49.800000000000004 6.4 35 0 0 0 0.4 0.2 0 12.8 0 0 0 0 0 1.8 0.4 0 0 0.6000000000000001 0 4.2 5.800000000000001 0 0.4 0.2 0 0 0.4 0 0.2 0 0 0.8 0 0 0 0 0.4 0 0 0.6000000000000001 0 0 0 0 0 0 0 0 0 0.4 0 0 0 0 0 0 0 0 0 0 0.2 1.2000000000000002 2.2 0.4 2.4000000000000004 8.8 1.8 3 5.6000000000000005 2 3.6 2.4000000000000004 2 0 2 9 2 11 0 0 0 0 0 0 0 0 0.4 1.8 0 0 0 0 0 2.2 0 0 0 0 0 2.2 10 0 0 1.4000000000000001 0 0 0 0 0 0 0 0 0 0 0 0 0 0 0 2.6 0 0 0 0 0 0 1.4000000000000001 0 0 0 0 0.2 0 0 0 0 0 0 0.4 0 0 3.8000000000000003 3.8000000000000003 6.2 6.800000000000001 11 3 0 0 10.200000000000001 3.2 6.2 2 1.8 2.4000000000000004 5 2.4000000000000004 1.6 0.8 0 0.2 0 0 0 0 0 0 0 0 0 0 0 0 4.800000000000001 0 0 0 0 0 2.4000000000000004 0 0 0 0 0 0 0 0 0 0 0 0 0 0 0 0 0 0 0 0 0 0 0 0 0 0 0 0 0 0 0 0 0 0 0 2.2 0 0 0 16 0.8 0 0 0 0 0 0 0 0 0 0 0 0 0 0 0 0 0 0.4 0 0.2 0 3.2 0 0 0 0 0 0 0 0 
 0 0 15 0 0 0 0 0 0 0 0 0 0 0 0 0.6000000000000001 0 0 0 0.6000000000000001 64.60000000000001 41.800000000000004 45 0 68.4 34.2 34.2 68 76.2 58.800000000000004 36.6 23.6 14.200000000000001 31.6 26 14.600000000000001 103.2 10.600000000000001 90 45.400000000000006 12.600000000000001 0 0 0.6000000000000001 0.4 0.2 0 0 0 0 0 12.8 15.600000000000001 5 0 0 0.6000000000000001 0.4 0 0.2 0 0.4 0 0 0 0.4 0 0.2 0 0 0 0 0 0 0 0.4 0 0.2 0.6000000000000001 0 0 0 0 0 0 0 0 0 0.2 0 0 0 6.6000000000000005 0 0 0 0 0 0 0.4 2.4000000000000004 0 2 1.4000000000000001 8.4 3.4000000000000004 0.2 5 5.2 7.4 4.6000000000000005 2.4000000000000004 0 3 0 0 6 2.6 0 0 2.6 0 0 0 0 0.2 1.8 2.8000000000000003 0 0 0 0 0 1.2000000000000002 0 0 0 0 0 3.2 0.2 0 0 0 0 0 0 0 0 0 0 0 0 0 0 0 0 0 0.6000000000000001 0 0 0 6.6000000000000005 0 0.4 0 0 0 0 0 0.4 0 0 0.2 0 0 0.2 0 2.4000000000000004 0 0 2.8000000000000003 7.6000000000000005 0 1.8 0.2 0 0.2 2.2 8.200000000000001 0 2.2 2.4000000000000004 2 2.4000000000000004 2.2 0 0 0 2.8000000000000003 0 0 0 0 0 0 3.8000000000000003 2 0 0 0 0 1.4000000000000001 2.2 0 0 0 1.6 0 2.8000000000000003 0 0 0 0 0 0 0 0 0 0 0 0 2.2 0 0 0 0 0 0 0 0 0 0 0 0 0 0 0 0 0 0 0 0 0 3.6 0.4 0.6000000000000001 16.400000000000002 0 0.4 2.8000000000000003 0 0 0 0 0 0 0 0 0 0 0 0 0 0 0 0 0 0 0.6000000000000001 0 5.800000000000001 0 0 0 0.2 0 0 0 0 
 7.800000000000001 0 0 0 0 0 0 0 0 0.6000000000000001 0.6000000000000001 0 0.4 0 0 0 0 0 0 0 74 65.2 13.8 68.4 0 30 11.200000000000001 16.2 30.200000000000003 68.2 33.800000000000004 8 39 13 13.600000000000001 31.200000000000003 29 24.400000000000002 15 58.800000000000004 0 0 13.600000000000001 11 0.2 0 0.6000000000000001 0 4.2 0 0 0 17.400000000000002 6 0 0 14.4 0 0 0.4 0 0.4 0.4 0 0 0.4 0 0.8 0 0 0.6000000000000001 0 0 0 0 0.4 0 1.8 0.6000000000000001 0 0 0 0 0 0 0 0 0 0.2 0 0 0 0 0 0 0 0 0 0 0.4 3.2 8 0 2.4000000000000004 4.6000000000000005 2.4000000000000004 0 0 7 1.6 7.2 4 0 0 2.4000000000000004 0 4.6000000000000005 5.6000000000000005 0 0 4.4 0.8 0 0 0 0.2 2.2 0 0 0 0 0.2 1.8 1.8 0.2 0 1.6 0 11.200000000000001 2.2 0 0 0 0 0 0 0 0 0 0.2 0 0.2 0 0 0 0 0 0 0.6000000000000001 0 0 0 0 0 0.4 0 0 0 0 0.6000000000000001 0.4 0 1 0.2 0 0 0.4 0 0 0 0 2.2 7.6000000000000005 3 3.6 1 0 0 2 4.4 0 0 1.8 2.4000000000000004 2.4000000000000004 6.4 0 1.8 0 0 0 0 0 0 0 0 7.4 2.2 0 0 2.4000000000000004 0 1.2000000000000002 1.6 6.2 0 0 0 0 3.4000000000000004 0 0 0 0 0 0 0 0 0 0 0 0 0 0 0 0 0 0 0 0 0 0 0.2 0 0 0 0 0 0 0 0 0 0 0 1.2000000000000002 0 0 18.6 17.2 0 0 0 0 0 0 0 0 0 0 0 0 0 0 0 0 0 0 0 0 0 0 3.8000000000000003 0 0 0 0 0 0 0 0 
 0.6000000000000001 0 42.400000000000006 0.6000000000000001 0.6000000000000001 0.6000000000000001 0.8 1.2000000000000002 0.6000000000000001 0.6000000000000001 0.6000000000000001 0.6000000000000001 0.6000000000000001 0.6000000000000001 0.6000000000000001 1 0.8 0.6000000000000001 0.4 1.2000000000000002 16.400000000000002 20.6 14.200000000000001 34.2 30 0 75.60000000000001 6.800000000000001 69 17.400000000000002 59.400000000000006 135.8 6.6000000000000005 9.200000000000001 53 31.8 38.400000000000006 12.8 13 10.600000000000001 0 0.6000000000000001 12.4 7.2 0.2 0 10.8 12.8 12.4 0 0.4 0 21.6 30.6 0 6 0.6000000000000001 0 18.2 22 0 0.4 0 0 0 0.6000000000000001 0 0 0 1.2000000000000002 0 0 0 0 0 0.4 0 0 0.6000000000000001 0 0 0 0 0 0 0 0 0 0 0 0 0 0 0 0 3.6 0 0 0 0 0 0 3.2 0 6 6.6000000000000005 0 3.8000000000000003 9.4 3.8000000000000003 0 3.2 0 0 0 0 6 5.800000000000001 3 0 0 0 0 0 0 0 2.2 2.8000000000000003 2.8000000000000003 0 2 4.800000000000001 2 0 3.2 0.6000000000000001 0 0 2.2 1 0 0 0 0 0 0 0.2 4.4 0 0 0 2.6 2.4000000000000004 0 0 2.6 0 0 0 0 0 3.6 3.8000000000000003 0 0 0 0 0 0 0 0 2.4000000000000004 0 0.4 0 0 0 0 0 0 0 0 6.2 0.2 2 0 0 0 2.4000000000000004 5 8.200000000000001 1.8 0 0 0 0 3 0 0 0 0 0 0 2 0 0 3.4000000000000004 2.4000000000000004 5 0 0 0 0 0 0 4 3 0 4.800000000000001 3.8000000000000003 0 0 0 0 0 0 0 0 0 0 7.6000000000000005 0 0 0 0 0 0 0.4 0 0 0 0 0 0 0 0 0 0 0 0 0 0 0 0 2.8000000000000003 0 0.8 14.8 0.2 0 1 0 0 0 0 0 0 0 0 0 0 0 0 0 0 0 0 0 0 0 0 4.2 0 0 0 0 0 0 0 0 
 0 0 0 13.200000000000001 29.6 15.200000000000001 0 0.2 0.2 0 0 0 0.6000000000000001 0 0 0 0 18 0 0.4 72.60000000000001 23.400000000000002 89.4 34.2 11.200000000000001 75.60000000000001 0 38.800000000000004 12.200000000000001 50.6 43.400000000000006 22.400000000000002 40 62.2 20.400000000000002 26.400000000000002 7.4 66.8 28.200000000000003 52.2 0 0 0.2 0.6000000000000001 0.4 0 0 0 0 0.2 0 0 2.4000000000000004 0.4 0 0 0.6000000000000001 0 0 40.800000000000004 0 0.4 0 0 0 0.4 0 0 0 0 0 0 0 0 0.2 0.4 0.2 0.2 0.6000000000000001 0 0 0 0 2 3.8000000000000003 1.2000000000000002 0 0 0 0 6.4 5 0 0 0 0 0 0.4 0 0 4.2 10 0 0 2.4000000000000004 0 2.2 2 4 3.2 0 0.6000000000000001 6 3.2 2.6 1.8 0 0 4 6 0 0 0 0 0 0 0 0 0 0 0 0 0 0 0 0 0 0 0 1.6 0 0 0 0 0 0 0 0 0 0 0 0 0 0 0 0 0.4 0 0 0 1.4000000000000001 0 1.6 0 2 0 0 0 0 1.2000000000000002 0.2 0 0 0.4 0 0 0 3.6 0 0 0.6000000000000001 0 3.4000000000000004 1.6 4.2 0 4.4 2 0 4.6000000000000005 1.8 0.8 2.4000000000000004 0.6000000000000001 0 8.200000000000001 1.6 3.8000000000000003 3.8000000000000003 6.6000000000000005 0 0 0 0 0 0 0 0 0 0 0 0 4.2 0 0 0 0.4 0 0 0 0 0 0 0.4 0 0 0 0 0 0 0 0 0 0 0 0 0 0 0 0 0 0 0 0 0 0 0 0 0 0 0 0 0 0 3.4000000000000004 0 0.4 0.2 0 0.4 0 0 0 0 0 0 0 0 0 0 0 0 0 0 0 0 0 5.800000000000001 0 0 0 0.2 0 0 0 0 0 0 0 0 
 0.4 0.4 0 0.6000000000000001 0 0 0 0 0 0 0 0.4 0 0 0 0 0.4 1.2000000000000002 0 0.2 40.6 56.400000000000006 34.6 68 16.2 6.800000000000001 38.800000000000004 0 25.200000000000003 16.6 62.6 64.2 59.800000000000004 15.8 57.800000000000004 42.400000000000006 21.400000000000002 23 42.6 14.200000000000001 0 0 13.4 0.4 0.2 0 0 0 0 0 0 0 0.6000000000000001 0.4 0 0 0.6000000000000001 0 0 0.2 0 0.4 0 0 0 0.4 0 0 0 0 0 6.800000000000001 0 0 0 0.4 0 0 0.6000000000000001 0 0 0 0 0 2.6 0 0 0 0 0 0 0 0.4 0 0 0 2.6 0 0 0 6.4 7 13 0 0 0 4.4 5.6000000000000005 2.8000000000000003 0.6000000000000001 1.6 2 2.2 2.2 7.2 2.2 4.4 0 2.2 0 0 0 0 0 0 0 0 0 0 0 0 0 0 0 0 0 0 0 4 0 0 0 2.4000000000000004 0 0 2.2 0 0 0 0 0 0 0 0 0 0 0 0 0 0 0 0 2 0 0 3.2 0.6000000000000001 0 0 0 0.2 0 0 0 0 0 0 0 0 0 3.6 3.2 0.2 14.600000000000001 6.4 0.6000000000000001 0 1.6 2.4000000000000004 3 2.6 3.2 0.2 3 11.4 2.4000000000000004 10.8 1.8 0 0 0 0 0 0 0 0 0 0 0 0 0 0 6 4 0 0 0 0 0 0 0 0 0 0 0 0 0 0 0 0 0.2 0 0 0 0.4 0 0.2 0 1.8 0 0 0 0 0 0 0 0 0 0 0 0 0 0 0 0.8 0 0 0 0 0 0 0 0 0 0 0 2.2 0 0 0 0 0 0 0 0 0 0 0 0 0 0 4 0 0 0 3.6 0 0 0 0 
 1 0 0.4 0.4 0.4 4.4 0.4 0.4 0.4 0.4 0.6000000000000001 0.4 0.4 0.4 0.4 0.4 0.6000000000000001 0.4 15.600000000000001 1 6 63.400000000000006 19 76.2 30.200000000000003 69 12.200000000000001 25.200000000000003 0 62.800000000000004 41 51.2 16.400000000000002 56.6 14.8 56.800000000000004 30.6 44.400000000000006 26.400000000000002 68.2 0 0 0 1 0.2 0 0 0 0 0 0.4 0 17.2 0.4 0 0 0.6000000000000001 0 0 0.2 0 0.8 0 0 0 0.4 0 1.2000000000000002 0 0 0.6000000000000001 0 0 0 0 0.4 0 0.8 0.6000000000000001 0 0 0 0 0 0 0.2 0 0 0.4 0 0 0 0 0 0 0 0 0 0 0.2 0 2.8000000000000003 4 2.2 3.8000000000000003 3 2.4000000000000004 1.2000000000000002 5.800000000000001 2 12.600000000000001 4.2 0 0 0.6000000000000001 2.4000000000000004 3 3 0 0 2 0.4 0 0 0 0.4 2.6 0 0 1.6 0 0 2 2.2 0 0 0.2 1.2000000000000002 4.4 2.8000000000000003 2.8000000000000003 0 0 0 0 0 0 0 0 0 0 0 0 0 0 0 0 0 0.4 0 0 0 0 0 0 0 0.2 0 0 0.4 0.2 0 0 0.4 0 0 0 0 0 0 0 1.2000000000000002 12.4 8.4 2.2 0.2 3.2 3.4000000000000004 2 6.2 3 0.4 0 0 0 5.4 1.8 0 0.2 0 0 0 0 0 0 0 4 0 0 0 0 0 2.2 0 0 0 0 1.2000000000000002 0 2.2 0 0 0 0 0 0 0 0 0 0 0 0 0 0 0 0 0 0 3.2 0 0 0 0.2 0 0 0 0 0 0.2 0 0 0 0 0 2 0 0 15.4 15.8 0.4 0.4 2 0 0 0 0 0 0 0 0 0 0 0 0 0 0 0 0.4 0 0 0 3.8000000000000003 0 0 0 0 0 0 0 0 
 0 0 0 0 0 0 0 0 0 0 0 0 0 0 0 0 0 0 0.4 0.4 7 33.4 19.200000000000003 58.800000000000004 68.2 17.400000000000002 50.6 16.6 62.800000000000004 0 12.600000000000001 9.8 8.6 30 27.200000000000003 35.800000000000004 85 12.4 18.6 17.400000000000002 12.4 0 0 0.8 1.2000000000000002 0 0 0 0 0 0 0 27.200000000000003 12.8 0 0 0 0 13 0 0 0 0 0 0 0 0 0.8 0 0 1.4000000000000001 0 0 0 0 0 0 12 0 0 0 0 0 0 2.6 0 0 0 0 0 0 0 0 0 0 0 0 0 0 0 0 0 5.4 5.2 2.2 6.2 0 0 3 12.600000000000001 6.4 12.4 0 0 0 0 0 11.600000000000001 0 0 2.6 3.4000000000000004 0 0 0 0 5 0 1.6 2.8000000000000003 0 0.2 1 1.8 0 0 0.2 0 3 2.8000000000000003 0 0 5.2 0 0 0.2 0.2 0 0 0 0 0 0 0 0 0 0 0 0 0 0 0 0.8 0 0 0 0 0 0 0 0 0 0 0.4 0 0 0.2 0 0 0 0 2.2 2.6 2.6 0 8.4 0 0 0.2 6.6000000000000005 2.4000000000000004 4.2 0 0 0 4 2.2 4.2 0 0 0 0 0.4 0 0 0 6.2 4.4 0 0 0 4.6000000000000005 5.6000000000000005 2.8000000000000003 0.4 0 0 0.2 1.6 6.2 0 0 0 0 0 0 0 0 0 0 0 0 0 0 0 0 0 0 0 0 0 0 0 0 0 0 0 0 0 0 0 0 0 0 1.8 0.4 0 36.800000000000004 2.2 0 2.2 0 0 0 0 0 0 0 0 0 0 0 0 0 0 0 0 0 0 6.6000000000000005 0 2.4000000000000004 0 0.2 0.4 0 0 0 0 0 
 0 0 41.400000000000006 0 0 0 0 0 0 0 0.4 0 0 0 0 0.6000000000000001 0.8 0 0 0 44.2 12 47.6 36.6 33.800000000000004 59.400000000000006 43.400000000000006 62.6 41 12.600000000000001 0 12.200000000000001 74.8 29.8 31.6 32 38 26.400000000000002 5.800000000000001 52.6 0.2 0 0 0.6000000000000001 0.4 0 0 0 0.2 0 0 0 17.2 0.6000000000000001 0 0 0.6000000000000001 0 0 0.4 0 0.4 0 0 0 0.4 0 7.2 0 0 1.4000000000000001 0 0 0 0 0.4 0 0.8 0.6000000000000001 0 0 0 0 0 2.6 0 0 0 0 0 0 0 0 0 0 0 0 0 0.4 0 5.4 5.2 0 0.2 5 0 0 6 4.4 3.8000000000000003 4.800000000000001 2.4000000000000004 0 5.800000000000001 11.4 2.4000000000000004 7.2 0 0 0 0 0 0 0 0 0 3 0 0 0 0 0 0 2 2 0 0 0 3 1.2000000000000002 0 0 0 0 0 0 0 0 0 0 0 0 0 0 0 0 0 0 0.6000000000000001 0 0 0 0 0 0 1.2000000000000002 0 0 0 0 0 0 0 0 0 0 0 0 0 0 3.6 1 8.200000000000001 5.2 9 0 0 2.2 1.8 14 12.200000000000001 1.6 2.2 3.6 4.4 0.2 2 5.2 0 0.4 0 0 0 0 7.4 0 1.8 0 0 0 0 0 0 0 0 0 0 0.4 0 0 0 0 0 0 0.4 0 0 0 0.2 0 0 0 0 0 0 0 0 0 0 0 0 0 0 0 0 0 0 0 0 0 0 0 0 0 2 0.4 0 0.4 0 0 0.4 0 0 0 0 0 0 0 0 0 0 0.2 0 0 0 0 0 0 0 0 0 4.2 0 0 0 2.6 0 0 0 0 
 0 0 0 0 0 0 0 0.6000000000000001 0 0 0.6000000000000001 0.4 0.2 0 0 0.6000000000000001 0 0 0.6000000000000001 1 7.6000000000000005 9.8 23 23.6 8 135.8 22.400000000000002 64.2 51.2 9.8 12.200000000000001 0 23.6 22.6 44.800000000000004 25 30.200000000000003 67.8 29 55.6 0 0 0.2 12.8 0.4 0 12.600000000000001 7.4 0 0 0 0 6.4 0.6000000000000001 12.600000000000001 0 0.6000000000000001 0 0.2 25.8 0 0.4 0 0 0 0.4 0 0 0 0 0 0 0 0 0 0.4 4.2 0.2 0.6000000000000001 0 0 0 0 0 0 0 0 0 0 0 0 0 0 0 0 0 0 0 0 0 0 4 4.2 0 2.2 4 0 5.800000000000001 4.800000000000001 0 0.8 0.4 0 0 2 0.2 4.2 1.8 0 0 2 4.2 0 0 0 0 2.2 0 6.2 4.2 0 0.2 0.2 2.8000000000000003 0 0.2 0 0.2 0 0 0 0 0 0 0 0 0 0 0 0 0 0 0 0 0.2 0.8 0 0 0 0 0 0 0.8 0 0 0 0 0 0 0 0 0 0 0 0 0 0 0 0 0 0 2.8000000000000003 4.6000000000000005 0 3.4000000000000004 0 0 0 0 0.6000000000000001 4.4 3.4000000000000004 0 0 0 3.6 3.8000000000000003 0 0 0 1 0 0.6000000000000001 0 0 0 0 0 1.6 0 0 0 3.4000000000000004 0 0 2.2 0 0 6.2 0 0 0 0 0 0 0 0 0 0 0 0 0 0 0 0 0 0 0 0 0 0 0 0 0 0 0 0 0 0 0 0 0 0 0 0.8 0 0.4 0.8 0.4 0.4 3 0 0 0 0 0 0 0 0 0 0 0 0 0 0 0 0 0 0 0 0 0 0 0 0 0 0 0 0 0 
