 0 32.6 52.6 12.600000000000001 6.800000000000001 17.400000000000002 14.600000000000001 25.8 10.8 23.400000000000002 26 82.80000000000001 76.4 8.4 9 25.8 27.200000000000003 49.400000000000006 45.2 31.8 0 0 0 0.6000000000000001 0.6000000000000001 0 0 0 0 0 0.8 0 0 0 0 0 0.6000000000000001 0.2 0.4 0 0 0.4 0.6000000000000001 0.6000000000000001 0 0 0 0 0 0.4 0 0 0 0 0 0 22 0 0 0.2 0 0 0 0 0.6000000000000001 0 0 0.6000000000000001 0 0 0 0.6000000000000001 0 0 0 0 0 0 0.4 0 6.6000000000000005 0 0 0 0 0 5 5.2 11.8 2 0 0 4 5.4 0.2 4.4 0.2 2.2 5.2 2.6 0 0 0 0 0 0 0 0 0.4 0 0 0 0 0 0 0 0 0 0 0 0 0 0 0 0 0 0 2.8000000000000003 0 0 0 0 0 0 0 0 0 0 0 0 0 0 0 1.4000000000000001 0 0 0 0 1.2000000000000002 0 0 0.4 0 0 0 0 0 0 0 0.2 0.2 5.4 5.800000000000001 1.2000000000000002 0 0 1.2000000000000002 3.6 4.4 0.2 1.8 0 7.800000000000001 3.6 0 0 5.2 0 4.2 2 0 0 0 0 0 0 0 0 0 0 0 0 0 2 0.4 0 0 0 0 0 0.2 0 0 0 0 0 0 0.4 0 0 0 0 0 0 0 0 0 0 3 0 0 0 0 0 0 0 0 0 0 0 0 0 0 0 0 0 0 0 0 0 0 0 0 0 0 0 0 0 0.4 0 0 0.4 0 0 0.4 0 0 0 0 0 0 0 0 0 0 0 0.4 0 0 0 0 0 0 0 0 3.6 0 0 0 0 0 0 0 0 0 0 0 0 0 0 
 32.6 0 54.800000000000004 10.200000000000001 69.8 9.200000000000001 32.800000000000004 50.2 26 49.6 27.6 5.4 26 23 33.2 25.200000000000003 6 30.400000000000002 42.800000000000004 24.400000000000002 4.6000000000000005 0 0 0.4 0.6000000000000001 0 0 0 0.4 0 0.6000000000000001 0 0 0 41 0.2 0.6000000000000001 0 0.4 14.8 0 0.4 0.6000000000000001 0.6000000000000001 0 0 0 0 0 0.4 0 0.2 0 0 0 0 0 0 0 0 0 0 0 0 0.6000000000000001 0 0 0.6000000000000001 0.2 0 0 0.6000000000000001 0 1.4000000000000001 0 0 0 0.8 0 0 2.6 1.8 4 3.8000000000000003 3.2 0 0.2 0.2 2.6 6.800000000000001 7.6000000000000005 10.8 2 0 4 10.4 10.8 4.4 2.8000000000000003 0.2 0 0 0 0 0 0 0 0 0 0 0 0 10.200000000000001 0 0 0 0 0 0.8 0 0 0 0 2.8000000000000003 0 0 0 0 0 0 0 1.2000000000000002 0 0 0 0 0 0 0 0 0 0 0 0 0 0 0 0 0 0 0 0 1.6 0 0 0 0 0.8 0 0 2.6 0 1.8 9.200000000000001 4 0.2 6 2.8000000000000003 0 8.8 1.8 6.6000000000000005 1.4000000000000001 0.6000000000000001 1 9.4 0 3.6 0 2 0.4 0 0.4 0 0 0 0 0 0 0 0 0 2.2 0 2.2 0 0 0 2.6 2.6 0 0 0 0 0 0 0.2 0 0 0 0 0 0 0 0 0 0 0 2 0 0.4 0 0 0 0 0 0 0 0.4 0 0 0 0 0 0 0 0 0 0 0 0 0 0 0 0 0 0.4 0 0.4 18.2 0 2 0 0 0 0 0 0 0 0 0 0 2.6 0 0 0 0 0 0 0 0 0 0 0 0 0.2 0 0 0 0 0 0 0 0 0 0 0 0 0 0 
 52.6 54.800000000000004 0 30.200000000000003 12.4 16.6 18.6 44.2 50.6 11.4 12.4 9.4 74.8 29.6 17 10.600000000000001 27.8 33.4 32.6 16.8 0 0.2 0 0.4 0.8 0 0.2 0 15.8 0.2 1.2000000000000002 0 0 0 0.6000000000000001 0 1 0.4 0.4 0 0 0.4 0.6000000000000001 0.6000000000000001 0 0 0 0.4 1 0.4 0 0 19.200000000000003 0.4 0 0.4 0 0.6000000000000001 0 1 0 0.4 0 0 0.4 8 0 0.6000000000000001 0 9 0 0.2 6.6000000000000005 2.6 0.2 0.6000000000000001 0.2 0 0 0.6000000000000001 9.600000000000001 0.8 0 2.2 0 0 0.2 0.6000000000000001 3.4000000000000004 4.4 0 4.6000000000000005 2.2 4.4 3.4000000000000004 1.8 0 0 1.2000000000000002 0 0 0 0 0 0 0 0.2 0 0 0 0 0 0 0 0 0 0 0 9.4 0 0 0 0 0 0 0 0 0 0 0 0 0 0 0 0 0 0 0 0 0 0 0 1.2000000000000002 0 0 0 0 0 4.800000000000001 0 0 0 0 0 0 0 0 0 0 0 0 3.8000000000000003 5.800000000000001 5 2 0 3.2 2 2.6 0.6000000000000001 1.6 0 4 1 2.4000000000000004 2 8.200000000000001 0 2.4000000000000004 4.800000000000001 0 0 0 0 0 0 0 0 0 0 0 0 0 0 0 0 0 0 0 1.4000000000000001 0 0 0 0 0 0 0 0 0 0 0 0 0 0 0 0 0 0 0 0 0 2.6 0 0 0 0 0 0 0 0 0 0 0 0 0 0 0 0 0 0 0 0 0 0 0 0 0 0 0.2 0.2 3 2.6 0 0 0 0 0 0 0 0 0 0 0 0 0 0 3.2 0 0 0 0 0 0 0 0 3.2 0 0 0 0 0 0 0 0 0 0 0 0 0 0 
 12.600000000000001 10.200000000000001 30.200000000000003 0 21 25.6 87.80000000000001 36.800000000000004 19.8 37.6 33.800000000000004 31.6 34.2 35.4 23.200000000000003 9.600000000000001 29.200000000000003 53.400000000000006 16.400000000000002 75.2 12.200000000000001 0 0.2 0.4 0.6000000000000001 0.2 15.4 15 0.4 0.2 12.8 0 29.400000000000002 18 12 0.4 0.6000000000000001 0 16 0 0 1 1 0.8 0.4 0.6000000000000001 0.2 0 0.6000000000000001 0.4 0.6000000000000001 0 0.4 0.4 0 0.2 0.8 0 0 0.6000000000000001 0 0 0 0 0.6000000000000001 0.4 0 0.6000000000000001 0 0 0 0.6000000000000001 0 0 1.2000000000000002 0 0 0 0 0 2 0 5.6000000000000005 6.2 0 3.8000000000000003 0 2.8000000000000003 7.4 0 3.2 2.2 0.4 0 2.4000000000000004 3.2 3.4000000000000004 6 0.2 0 1 3.8000000000000003 0 0.2 0 0 0.2 0 2.8000000000000003 0 0 0 2 7.4 2.8000000000000003 0 0 0 0 9.600000000000001 3.8000000000000003 0 0 0 0.2 0 0.4 0 0 0 0 0 0 0 0 0 0 0 0 0 8 0 0.8 0 0 0 0 0 0 0 0 0.8 0.4 0 0 0 0 0 0.8 0 2.6 0 3.6 4.4 1.8 2.6 3 3.2 0 2.2 2.2 2.8000000000000003 2.6 0.2 0 5.800000000000001 6.6000000000000005 2 0 0 0 0 0 0 0 0 8.200000000000001 0 1.8 0 0 0 1.8 0.2 0 0 0 0.4 2.2 4 0 0 0 0.4 0 0 0 0 0 0 0 0 0.4 0 0 0 0 0 0 0 0 0 0 0 0 0 0.2 0 0 0 0 0 0 0 0 0 0.4 0 0 0 0 0 0 0 0 0.6000000000000001 18.400000000000002 0 0.6000000000000001 18 2.8000000000000003 2.6 0 0 0 0 0 0 0 0 0 0 0 0 0 0 0 0 0 0 0 0 0 0 0 0 1.4000000000000001 0.6000000000000001 0 0 0 0 0 0 0 0 0 0 0 0 
 6.800000000000001 69.8 12.4 21 0 29.8 14.8 98.60000000000001 13.8 34.800000000000004 40.6 44 73.8 26.400000000000002 17.8 19.200000000000003 55.2 35.2 12.8 81.60000000000001 14.600000000000001 15.4 14.8 0.4 0.4 0.2 17 14.600000000000001 0 15 0.6000000000000001 0 36.800000000000004 42.400000000000006 15.4 15.200000000000001 0.6000000000000001 24.8 15.600000000000001 4.4 0 0.4 12.600000000000001 0.6000000000000001 0 0 0 0 0 0.4 0 0 2 0 0 0 0 0 0 0.4 0 0 0 0 0.4 0.4 0 0.6000000000000001 0 0 0 0.2 0 0 2.2 0 0 0.4 0 0 0 8.6 0 2.2 7 10.8 0.6000000000000001 2 2.6 4.4 8.6 2.6 0 0 1.6 0 8.4 0 0 0 0 8.200000000000001 0 0 0 0 0 3.4000000000000004 2.8000000000000003 2.2 0 0 5.800000000000001 4.2 0 1.6 2.6 0 2.2 3.8000000000000003 0 0 0 0 0 0 0 0 0 0 0 0 0 0 0 0 0 0 0 0 1 0 0 0 0 0 0 0 0 0 0 0 3 1.4000000000000001 0 0 0 0 0 0 0 0 0 0 5.800000000000001 11 0 0 0 2.6 0.2 0 0 0.4 2.6 3.6 0 2.2 0 0 0 3.6 0 2 0 0 4 13 0 2.8000000000000003 0 0 4.2 4.2 2 0.6000000000000001 0 4.800000000000001 8.8 1.6 0 0.4 0 0 0 0 0 0 0 0 0 0 0 0 0 3.4000000000000004 0 0 0 0 0 0 0 0 2.8000000000000003 0 0 0 0 0 0 0 0 0 0 0 0 0 0 0 0 0 0.2 0 0 0.4 0.6000000000000001 0.6000000000000001 19.8 0 0.2 1.6 0 0 0 0 0 0 0 0 0 0 0 0 0 0 0 0 0 0 0 0 0 0 0 0 9 0 0 0 0 0 0 0 0 0.2 0 0 0 0.4 
 17.400000000000002 9.200000000000001 16.6 25.6 29.8 0 8 11.4 27.400000000000002 19.8 18.8 28 5.4 51 29.6 8.200000000000001 14 12.200000000000001 11.600000000000001 9 19.400000000000002 0.6000000000000001 0 0.4 0.4 0.2 0.6000000000000001 14.8 0 0 0.6000000000000001 0.4 0.2 15.200000000000001 15.200000000000001 15.200000000000001 0.8 0 1 0 0 0.4 13.600000000000001 0.6000000000000001 0 0 0 0.2 0 0.4 0 0 0 0 0 0 0 0 0 0.4 0 0 0 0 0.4 7.4 0 2 0 0 0 0.4 0 0 1.6 0 0 1.6 0 10.200000000000001 0 0 2.6 2.8000000000000003 0 0.2 0 0 0 0 0 0.2 0 0 0 0 0 2.2 0 0 6.4 6.6000000000000005 3.6 0 0 0 0 1.8 2 0 0 0 7 2.6 6.4 2.2 0 8.6 4.4 2 0 0 0 0 0 0 0 0 0 0 0 0 0 0 0 0 0 0 0 0 0.2 0 0 0 0 0 0 0 0 0 0 0.2 0 1.2000000000000002 0 0 0 0 0.6000000000000001 0 0 0 2 0.8 3.2 7.4 0 0 2.8000000000000003 0 1.6 0 0 0 0 1.8 0 0.2 0 0 2.8000000000000003 0 0 1.8 0 0 0.6000000000000001 6 2 2 0 0 3.8000000000000003 6.4 0 3 0 4.800000000000001 0 11.4 0 0 0 0 0 0.4 0 0 0 0 0 0 0 0 0 0 1 0 0 0 0 0 0 0 0 0 0 2.8000000000000003 0 0 0 0 0 0 0 0 0 0 0 0 0 0 0 0 0 0 0.6000000000000001 0 1.8 1 0 4.4 0 0 0 0 0 0 0 0 0 2.2 0 0 0 0 0 0 0 0.2 0 0 0 0 0 0 2 0 0 0 0 0 0 0 0 0 0 0 0 0 
 14.600000000000001 32.800000000000004 18.6 87.80000000000001 14.8 8 0 16.6 34.800000000000004 10.200000000000001 5.2 6.2 53.2 66.4 27.200000000000003 18.6 42 48.400000000000006 12 29.200000000000003 0 0 0 0.4 0.4 14.8 0 0 0 0 0.6000000000000001 0.4 0 0 0 0.8 0.6000000000000001 0 0.4 0 0 0.6000000000000001 0.6000000000000001 0.6000000000000001 0 0 0 0 0 0.4 0 0 0 0 0 0 0 1 0 12.8 0 6.800000000000001 0 0 0.4 0.2 0 0.6000000000000001 0 0 0 9.4 0 0.6000000000000001 8.4 0 0 0 0 0 17.8 4.6000000000000005 0 4.4 3.2 2.4000000000000004 2 3.6 4.2 4 7 0 0 0 4 2.4000000000000004 3 2.8000000000000003 0 3 0 0 0 0 0 0 0 0 0 0 0 0 0 0 0 0 0 0 4 0 0.2 0 0 0 0 0 0 0 0 0 0 0.4 0 0 0 0 0 0 0 0 0 0 0 0 0 0 0 0 0 0 0 0 0.2 0 0.2 0 0 0 0 0 9.4 3.4000000000000004 0.6000000000000001 3.4000000000000004 7 0 5 4.800000000000001 2.8000000000000003 0.6000000000000001 0.4 4.6000000000000005 4.2 0.4 7.2 4.2 1.2000000000000002 0 1.4000000000000001 0 0 0 0 0 0.4 0 0 0 0.4 0 0 0 0 0 0 0 0 0 0 0 0 0 0 0 0 0 0 0 0 0 0 0 0 0 0.4 0 0 0 0 0 0 0 0 0 0 0 0 0 0 0 0 0 0 0 0 0 0 0 0 0 0 2.2 0 0 0 0 0 0.2 0 9.200000000000001 3.6 0.4 0.6000000000000001 0 0 0 0 0 0 0 0 0 0 0 0 0 0 0 0 0.4 0 0 0 0.4 0 0 0 0 0 0 0 0 0 0 0 0 0 0 0 0 
 25.8 50.2 44.2 36.800000000000004 98.60000000000001 11.4 16.6 0 20 45.400000000000006 13.4 64.60000000000001 14 74 32 42 52.2 8 35.800000000000004 14.200000000000001 0 0 0 0.8 0.6000000000000001 0 0 0 0 0 0.6000000000000001 0 0 0 0 0 0.8 0 0.4 0 0 1.2000000000000002 0.6000000000000001 0.6000000000000001 0 0 0 0.4 0.2 1.2000000000000002 0.2 0.4 0.2 0 0 0 0 0.4 0 0.4 0 0 0.4 0 0.4 9 0 0.6000000000000001 0 0 0 2.2 0 0 0 0 0 0 0 0 4.800000000000001 3 4.4 3.8000000000000003 0 0.2 0 0 2.2 0.2 3.2 0.4 0 0 3.4000000000000004 0 2.8000000000000003 3.6 0 0 0 0 0 0 3.4000000000000004 0 0 0 2.6 0 0.4 0 3.8000000000000003 0 0 0 0 0 6.800000000000001 0 0 0 0.4 0 0 0 0 0 0 3.6 0 0 0 0 0 0 0 0 0 0 0 1 0 0 0 0 0 0 0 0 0 0 0 0 0 0 0 0 0 0 0 0 1.8 1.2000000000000002 5.6000000000000005 0.8 3.2 0 2.8000000000000003 0 1 4.2 0.2 0.2 0 4.800000000000001 0 5.6000000000000005 0 0 0 0 0 0 0 0 2.4000000000000004 0 0 0 0 0 2.8000000000000003 0 0 0 0 0 2 2 0 0 0 0 0 0 0 0 0 0 0 0 0 0 0 0 0 0 0 0 0 0 0.2 0 0 0 0 0 0 0 0 0 0 0 5 0 0 0.4 0 0 0 0 0 0 0 0 1 0 0.6000000000000001 0.6000000000000001 0.2 1.8 1.4000000000000001 0 0 0 0 0 0 0 0 0 0 0 0 0.2 0 0 0 0 0 0 0 0.4 0 0 0 0 0 0 0 0 0 0 7.2 0 0 0 0 0 
 10.8 26 50.6 19.8 13.8 27.400000000000002 34.800000000000004 20 0 15.4 30.8 9.4 43.6 19.200000000000003 17.6 54.400000000000006 55.400000000000006 40 43.400000000000006 29.8 0 0.2 0 0.4 1 0 14.600000000000001 0.2 0 0 0.6000000000000001 0 0 0 0 0.2 0.6000000000000001 0 0.4 15 0.6000000000000001 0.4 0.6000000000000001 0.6000000000000001 0 0 0 0 0 0.4 0 0.2 0 0 0 0 0 0 0 0 0.2 0 0 0.2 0.6000000000000001 0 0 0.6000000000000001 1 0 0 0.6000000000000001 0 0.8 0 0 0 0.4 0 12 2.6 0.2 6.800000000000001 2.6 0 0 0 7.6000000000000005 6 4.4 0 3.2 10.8 5.6000000000000005 1.8 8.200000000000001 4.2 5.6000000000000005 3.2 3.2 1.8 0 0 0 0 0 0.4 0 0 0 0 0 1.8 0 0 0 0 0 0 2.4000000000000004 0 0 0 0 0 0.2 0 0 0 0 0 0 0 3 0 0 0 0 0 0 0 0 0 4 0 0 0 0 1.2000000000000002 0 0 0 0 0 0 0 0 0.2 0 0 0 1.4000000000000001 2.2 8.4 0 0 11.200000000000001 2.2 0.2 2 1.8 0 6.6000000000000005 12.4 0 3.8000000000000003 5.2 3.8000000000000003 1.8 1 0 0 0 0 0 0 0 0 0 0 0 0 1.2000000000000002 1.6 0 0 0 0 0 3.2 0 0 0 0 0.4 0 0 0 0 0 0 0 0 0 0 0 0.4 0.4 2 0 0 0.4 0 0 0 0 0 0.4 0 0 0 0 0.2 0 0 0 0 0 0 0 0 0.2 0 0 0 0 0 0 0 17.2 3.2 4 0 0 0 0 0 0.2 0 0.2 0 0 2.8000000000000003 0 0 0 0 0 0 0 0 0 0 0 0 5.4 0 0 0 0 0 0 0 0 0 0 0 0 0 0 
 23.400000000000002 49.6 11.4 37.6 34.800000000000004 19.8 10.200000000000001 45.400000000000006 15.4 0 18.400000000000002 10.600000000000001 34.4 11.8 51.6 54 82.2 53.2 24.200000000000003 37 0 0 0 0.4 0.6000000000000001 0 15 0.2 0 0 0.6000000000000001 0 15.200000000000001 16.6 0 0 0.6000000000000001 0 16 5.4 0 0.4 0.6000000000000001 0.6000000000000001 0 0 0 0 0 0.4 0 0 0 0.6000000000000001 0 0 0 0 0 0.2 0 0 0 0 0.6000000000000001 0 0 0.6000000000000001 0 0 0 0.6000000000000001 6.2 0 0 0 0 0 0 0 0.4 6 8 5.4 2 4 0.4 0 3.2 6.6000000000000005 7.2 2.4000000000000004 0 5.6000000000000005 0.2 3.6 11.8 2.2 0 0 0 0 0 0 0.2 0 0 0 0 0.4 0 0 3.8000000000000003 0 0 0 0 0 0 0 0 0 0 0 0 0 0 0 0 0 0 0 0 0 0 0 0 0 0 0 1 0 0 0 0 0 0 0.4 0 0 0 0 1.4000000000000001 0 0 0 0 0 0 0 0 0 1 0.2 9 4 0 0.2 0.2 4 0 2.6 1.8 4.6000000000000005 2.4000000000000004 4.6000000000000005 0 11 2.6 0.6000000000000001 0 0.4 0 0 0 0 5.2 0 0 0 0 0 0 0 0.2 0 0 0 4.2 0.2 0 0 0 0 0 0 0 0 0 0 0 0 0 0 0 0 0 0 2.2 0 0 0 0 0 0 0 0 0 0 3 0 0 0 0 0 2 0 0 0 0 0 0 0 0 0 0 0.4 0.6000000000000001 1.6 0.2 0.2 1.8 1.4000000000000001 0 0 0 0 0 0 0 0 0 2 0 0 0 0 0 0 0 0 0 0 0 0 0 0.6000000000000001 0 0 0 0 0 0 0 0 0 0 0 0 0 
 26 27.6 12.4 33.800000000000004 40.6 18.8 5.2 13.4 30.8 18.400000000000002 0 73.2 11 44.800000000000004 47.2 55.400000000000006 32.6 37.2 29.200000000000003 11.8 15 0 0.2 0.4 0.6000000000000001 0 14.600000000000001 20 0 0 0.6000000000000001 0 33.800000000000004 18.6 0 0.6000000000000001 0.6000000000000001 0.2 0.4 17.2 0.6000000000000001 0.8 0.6000000000000001 0.6000000000000001 0 0 0 0 0 0.8 0 0.4 0.2 0 0 0 0 0.4 0.6000000000000001 0.4 0 0 0 0 0.6000000000000001 0 0.4 0.6000000000000001 0 0 0 6.2 10.600000000000001 0.6000000000000001 0 0 0 0 0 0 0 1.4000000000000001 0 2.2 0 0 0 1.8 2.2 4.2 6.4 2.2 0.2 3.8000000000000003 0 3 0.4 2 0 0 0.4 2.6 0 0 0 0 0 0 0 0 0 0 0.2 4.4 2.8000000000000003 0.2 0 0 3.8000000000000003 6.6000000000000005 0 0 0 0 0 0 0 0 0 0.2 0 0 0 0.4 0 0 0 0 6.2 0 0 0 0 4.6000000000000005 0 0 0 0 4.800000000000001 1.8 0 0 0 0 0 0 0 0 0 0.4 1.4000000000000001 2.2 3.8000000000000003 0 5.2 0.4 4.4 2.2 0 2.6 2.2 2.2 0 3 2.8000000000000003 1.4000000000000001 0 0 0 0 0 7.6000000000000005 0 0 0 0 1.8 0 0 2 0 0 0.2 2.2 0 1.4000000000000001 4 0 2 0 0 0 0 0 0 0 0 0 0.4 0 0 0 0 0 0 0 0 0 0 0 0 0 0 0 0 0 0 0 0 0 0 0 0 0 0 0 0 0 0 0 0 0.2 0 0 0.4 0.4 9.600000000000001 0 0.6000000000000001 28.400000000000002 0 5.800000000000001 0.2 0 0 0 0 0 0 0 6 0 0 0 0 0 0 0 0 0 0 0 0 0 0 0 0.2 0 0 0 0 0 0 0 0 0 0 0 0 0 
 82.80000000000001 5.4 9.4 31.6 44 28 6.2 64.60000000000001 9.4 10.600000000000001 73.2 0 7.4 26.200000000000003 24.400000000000002 61.2 72.8 30 6.2 8.8 13.200000000000001 0.2 0 0.4 0.8 0 19.200000000000003 21.8 0.2 0 0.6000000000000001 0 4.6000000000000005 20.6 30.6 0.2 0.6000000000000001 0 0.8 14.8 0 0.4 13.4 0.6000000000000001 0 0.2 0 0 0 0.4 0 0 0 0 0 0 0 0 0 0.2 0 0 0 0 0.6000000000000001 0 0 4.6000000000000005 0 0 0 0.6000000000000001 0 0 1.4000000000000001 0 0 4.800000000000001 0 0 3 4.6000000000000005 2.2 8.200000000000001 2.2 0.2 0 0 0 3.4000000000000004 0 0.4 0 0.6000000000000001 2.4000000000000004 0.4 1 0 0 0 0 7 0 0 0 0 0 0 3 0 0.2 0 7 2.2 3.8000000000000003 0 0 0 6.6000000000000005 0 0 0 0 0 0 0 0 3.6 0 0 0 0 0 0 0 0 0 0 0 0 0 0.2 0 0 0 0 0 0 0 0 0 0 0 0 0 0 3.2 0 8.200000000000001 0 3.2 2.2 0 0.6000000000000001 2 10.200000000000001 2.2 0.6000000000000001 3 0 0 2.2 0.2 0.6000000000000001 3.8000000000000003 0 0 3.8000000000000003 0 0 0 2.4000000000000004 0 0 0 0 0 3.8000000000000003 1.8 4.800000000000001 0 0 0.2 5.6000000000000005 0 0.2 2.6 3 2.2 0 0.2 0 0 0 0 0 0 0 0 0 0 0 0 0 0 0 0 0 0 0 1.8 0 0.4 0 0 0 0 0 0 0 0 0 0 0 0.2 0 0 0 0 0 0 2 0 0 0 1.6 17.400000000000002 0 0.8 17.400000000000002 0.4 1 0 0 0 0 0 0 0 0 2 0 0 0 0 0 0 0 0 0 0 0 0 0 0 0 0.6000000000000001 5.800000000000001 0 0 0 0 0 0 0 0 0 0 0 0 
 76.4 26 74.8 34.2 73.8 5.4 53.2 14 43.6 34.4 11 7.4 0 32.2 7 8.6 54.400000000000006 8.6 34.800000000000004 52.400000000000006 0 0 0 0.8 0.6000000000000001 0 0 0 0 0 0.6000000000000001 0 0 0 0 0.4 0.6000000000000001 0.4 0.4 0 0 0.4 0.6000000000000001 0.6000000000000001 0 0 0 0 0.4 0.4 0 0 0 0.6000000000000001 0 0 0 0 0 0.2 0 0 0 0 0.4 0.4 0 0.6000000000000001 0 0 0 0.4 0 0.2 0 0 0 0 0 0 9.200000000000001 2.8000000000000003 5.6000000000000005 0 0 0 2.4000000000000004 6.4 6.2 3.2 0 0 3 2.4000000000000004 2.4000000000000004 5.800000000000001 11.4 3.8000000000000003 10 10 0 0 0 0 0 0 0 0 0 0 0 0 0 0.2 0 0 0 0 1.4000000000000001 0 0 0 0 0 0 0 0 0 0 0 0 0 0 0 0 0 0 0 0 0 0 0 0 0 0 0 0 0 0 0 0 0 0 0 0 0 0 0 0 0.8 2.4000000000000004 5.800000000000001 0 5.6000000000000005 0 0 0.8 0.4 0 1.8 0 0.2 9 5.6000000000000005 0 0 1.2000000000000002 3 5.800000000000001 2.6 0 0 0 0 0 0 0 0 0 0 0 0 0 0 0 0 0 0 0 0 0 0 0 0 0 0 0 0.2 0 0 0 0 0 0 0 0 0 0 2.2 0 0 0 0 0 0 0 0 0 0 0 0 0 0 0 0 0 0 0 0 0 0 0 0 0 0 0 0 0.2 0.4 0 2.2 0 0 0 0 0 0 0 0 2.6 0 0 2.8000000000000003 0 0 0 0 0 0 0 0 0 0 0 0 1.4000000000000001 0 0 0 0 0 0 0 0 0 0 0 0 0 0.4 
 8.4 23 29.6 35.4 26.400000000000002 51 66.4 74 19.200000000000003 11.8 44.800000000000004 26.200000000000003 32.2 0 50.400000000000006 24.8 11.200000000000001 7.2 82 65.8 0 0 0 0.4 0.6000000000000001 0 0 0 0.6000000000000001 0 0.6000000000000001 0 0 0 0.4 0 0.6000000000000001 0 0.4 0 0 0.4 0.6000000000000001 0.6000000000000001 0 0 0 0 0 0.4 0 0 0 0 0 0 0 0 0 0.4 0 0 0 0 0.4 0.4 0 0.6000000000000001 0 0 0 0.2 0 0.6000000000000001 0 0 0 0 0 0.4 2 2 0.4 5.4 2.6 1.8 0.6000000000000001 3.2 4.800000000000001 2 0.2 2.8000000000000003 2 3.6 6.4 7.800000000000001 3.4000000000000004 4.2 0 4.4 0 0 0 0 0 0 0 0 0 0 0 0 0 0 0 0 0 0 3.8000000000000003 0.2 0 0 0 0 0 0 0 0 0 0 0 0 0 0 0 0 0 0 0 0 0 0 0.2 3.8000000000000003 0 0 0 0 0.6000000000000001 0 0 0 0 0 0 0 0 0.6000000000000001 0 0 5.800000000000001 2.2 2.6 0 0 0 4.800000000000001 0 0.6000000000000001 2.2 4 2.8000000000000003 1.6 8.6 4.6000000000000005 3 0 3 1.8 0 0 0 0 0 0 0 0.4 1.8 0 0 0 0 0 0 0 0 0 0.2 0 0 0 0 0 0 0 0 0 0 0 0.4 0 0 0 0 0 0 0 0 0 0 0 0 0 0 0 0 0 0 0 0 0 0 0 0 0 0 0 0 0 0 0 2.4000000000000004 0 0 0 0 0 0 0.2 17.2 0 1.4000000000000001 0 0 0 0 0 0 0 0 0 0 0.2 0 0 0 0 0 0 0 0 0 0 0 0 0 1.4000000000000001 0 0 0 0 0 0 0 0 0 0 0 0 0 
 9 33.2 17 23.200000000000003 17.8 29.6 27.200000000000003 32 17.6 51.6 47.2 24.400000000000002 7 50.400000000000006 0 35.2 25 10.4 18.400000000000002 46.800000000000004 0 0 0 0.4 0.6000000000000001 0 0 0 0 0 0.6000000000000001 0 0 0 0 0.4 0.6000000000000001 0.2 1.4000000000000001 0.4 0 0.4 0.6000000000000001 0.6000000000000001 0 0 0 0 0 0.4 0 0 0 0 0 0 0 0 0 13.4 0 0 0 0 0.6000000000000001 7 0 0.6000000000000001 0 0 0 0.6000000000000001 0 0 0 0 0 0 0 0 0 2.8000000000000003 5.2 3 0 0.4 0 0 3 0 12.600000000000001 5 0.2 4 1.8 7.4 2.8000000000000003 2.4000000000000004 0 2 0.6000000000000001 0 0 0 0 0 0.2 0 0 0 0 0 2.8000000000000003 0 0 0 0 0 5.6000000000000005 2.8000000000000003 0 0 0 0 0 0 0 0 0 0.2 0 0 0 0 0 0 0 0 0 0 0 0 0 0 0 0 0 0 2.4000000000000004 0 1.4000000000000001 0 0 0 0 0 0 2 0 0 6 0 5.800000000000001 4.4 4.4 0 0.2 0 7 5.6000000000000005 4.6000000000000005 2.8000000000000003 0 0.4 0 7.4 0 0 0 0.2 0 0 0 2 0 0 1.8 0 0 0 2 0 2.4000000000000004 0 0 0 0 0 2 5.800000000000001 0 0 0 0 0 0 0 0 0.4 0 0 0 0 0 3 0 0 0 0 0 0 0 0 0 0 0.4 0 0 0 0 0 0 0 0 0 0 0 0 0 0 0 0 0 0 0 0.2 0.2 0 0 17.6 0.4 2.2 0 0 0.4 0 0 0 0 0 0 0 0 0 0 0 0 0 0 0 0 0 0 0 0 0 1.6 0 0 0 0 0 0 0 0 0 0 0 0 0 
 25.8 25.200000000000003 10.600000000000001 9.600000000000001 19.200000000000003 8.200000000000001 18.6 42 54.400000000000006 54 55.400000000000006 61.2 8.6 24.8 35.2 0 64.2 7 31 38.800000000000004 0 0 0 0.4 0.6000000000000001 0 0 0.2 0 0 0.6000000000000001 0.2 0 0.2 0 0.4 0.6000000000000001 0 0.4 17 0 0.4 0.6000000000000001 0.6000000000000001 0 0 0 0 0 0.4 0 0.2 0 0 0 0 0 0 0 0 0 0 0 0 0.6000000000000001 0 0 0.6000000000000001 0 0 0 0.6000000000000001 0 0 0 0 0 0 0 0 0.2 3.6 8.6 3.2 0 0 2.4000000000000004 0.6000000000000001 2.6 2.8000000000000003 5.800000000000001 5.800000000000001 0 6 3 2.2 3.8000000000000003 3.2 0 4.2 0 0 0 0 0.2 0 2 0 0 0 0 0 4 0 0 0 0 0 0.4 0 0 0 0 0 0 0 0 0 0 0 1.8 0 0 0 0 0 0 0 0 0 0 3.6 0 1.4000000000000001 0 0 0 0 0.6000000000000001 0 0.4 0 0 0 0 0 0 0 0 0 0 3.8000000000000003 0 0 0 6.4 2.2 0 0 0.4 0.8 2.8000000000000003 0.2 2.6 1.6 0 0 5.2 0 0 0 0 0.4 0 0 0 2.6 0 0 0 0 0 2.8000000000000003 0 0 0 0 0 1.8 6 0 0 0 0 0 0 0.2 0 0 0 0 0 0 0 2 0 0 0 0 0 0 0 0 0 0 0 0 0 0 0 0 0 0 0 0 0 0 0 0 0 0 0 0 0 0 0 0 0 17.8 0.4 0 0.8 1.6 0 0 0 0 0 0 0 0 0 0 0 0 0 0 0 0 0 0 0 0 0 0 0 2.2 0 0 0 0 0 0 0 0 0 0 0 0 0 
 27.200000000000003 6 27.8 29.200000000000003 55.2 14 42 52.2 55.400000000000006 82.2 32.6 72.8 54.400000000000006 11.200000000000001 25 64.2 0 10.4 13 33.800000000000004 0.2 0 0 0.8 0.6000000000000001 0 0 0.6000000000000001 0 0 0.6000000000000001 0 0 0 0 0 1 0 0.4 0 0 0.4 0.8 0.6000000000000001 0 0 0 0.4 0 0.4 0.2 0 0 0.6000000000000001 0 0 0 0.2 0.6000000000000001 0.4 0 1.4000000000000001 6.4 1.2000000000000002 0.4 0.2 0 1.2000000000000002 0 0 0 0.4 0 0 1.4000000000000001 0 0 0 0 0.8 1.8 5.2 2.6 4.4 2.4000000000000004 1.4000000000000001 1.8 3.8000000000000003 4 2 4.800000000000001 0 3.4000000000000004 2 4.2 0 4.800000000000001 5.4 1.2000000000000002 0 0 0 3.8000000000000003 0 0.4 0 0 0 0 0.2 0 0 0.4 0 0 0 0 0 0 0 0 0 0 0 0 0 0 0 0 0 0.4 0 0 0 0.2 0 4.2 0 0.4 0 0.4 0 0 1.6 0 0 0 0.2 3.6 0.4 0 0 0 0 0.2 0 0 0 0 0 2.2 4.6000000000000005 2.8000000000000003 4.2 2.8000000000000003 0 4.800000000000001 2 0.8 0 2.8000000000000003 7 2.8000000000000003 6.4 4.800000000000001 0.4 4.2 4.2 4.6000000000000005 2.8000000000000003 0 0 0 0 0 0 3.2 0 0 0 0 0 0 0 0 0 0 0 0 0 0 0 0 0 0 0 0 0 0 0 0 0 0 0 0.4 0 0 0 0 0 0 0 0 0 0.6000000000000001 0 0 0 0 0 0 0 0 0 0 0 0 0 0 0 0 2.4000000000000004 0 0 0 0.6000000000000001 0 0 0.4 0.2 2.8000000000000003 3.2 1.4000000000000001 0.4 0 0 0 0 0 0.2 0 0 0 0 0 0.4 0 0 0 0 0 0 0 0 0 4.6000000000000005 0 0 0 0 0 0 0 0 0 0 0 0 0 0 
 49.400000000000006 30.400000000000002 33.4 53.400000000000006 35.2 12.200000000000001 48.400000000000006 8 40 53.2 37.2 30 8.6 7.2 10.4 7 10.4 0 30.6 8 0 0 0 0.4 0.6000000000000001 16.2 18.400000000000002 15.8 0 0 0.6000000000000001 0 29.8 52.6 0.4 0 0.6000000000000001 0 17.2 9 0.2 0.4 0.6000000000000001 0.6000000000000001 0 0 0 0 0 0.4 0 0.2 0 0 0 0 0 0 0 0 0 0 0 0 0.6000000000000001 8.200000000000001 0 0.6000000000000001 0 0 0 0.6000000000000001 8.200000000000001 1 0.6000000000000001 0 0 0 0 0 0 4.2 0 3.4000000000000004 2.2 4 0 2.6 0 0.2 4 4 2 0 2 0.2 4.800000000000001 2 2.6 3.6 2.6 0 0 0 0 0 0 4.4 0 0 0 0 0 0.4 0 0 0 0 3.6 2 0 0 0 0 0 0 0 0 0 0 0 0 0 0 0 0 0 0 0 0 0.8 0 0 0 0 0 0 0 0 0 6 0 1.4000000000000001 0 0 0 0 0 0 0 0.2 0 1.8 0 11.200000000000001 0.2 2.2 0 2.8000000000000003 1 11 0 0 3.2 0 7 0 4.2 0 0 0 11.600000000000001 0 0 0 0 1.8 0.2 0 0 0 0 0 1.6 3.6 0.2 0.4 0 2.2 2.6 0 0.4 0 0 0 0 0 0 0 0 0 0 0 0 0 0 0 0 0 0 0 0 0 0 0 0 0 0 0 2.8000000000000003 0 0 0 0 0 0 0 0 0 0 0 0 5.4 0 0 0.6000000000000001 0.6000000000000001 0 0.2 0.2 0.2 2.4000000000000004 0.4 0 0 0 0 0 0 0 1.6 0 0 0 0 0 0 0 0 0 10.200000000000001 0 0 0 0 2.4000000000000004 0 0 0 0 0 0 0 0 0 0.2 0 0 0 0.4 
 45.2 42.800000000000004 32.6 16.400000000000002 12.8 11.600000000000001 12 35.800000000000004 43.400000000000006 24.200000000000003 29.200000000000003 6.2 34.800000000000004 82 18.400000000000002 31 13 30.6 0 39.800000000000004 0 0.4 0.6000000000000001 1.2000000000000002 0.6000000000000001 0 0 0 0 0 0.8 0 0.6000000000000001 0 1.2000000000000002 0 1.2000000000000002 0.2 0.8 0 0 1 0.6000000000000001 0.8 0.6000000000000001 0 0 0.4 0 0.4 0 0.6000000000000001 0 1.6 0 0 0 0 0.8 0.6000000000000001 0 0.4 0 1.4000000000000001 0.6000000000000001 0.2 0 1 0 0 0 0.6000000000000001 0 0.6000000000000001 1.2000000000000002 0 0.8 0.4 0.2 0.4 0.8 0 0 1.4000000000000001 0 0 8 10 1 8.6 0 2.4000000000000004 6.800000000000001 0.2 1.8 3.8000000000000003 3.6 0 5.6000000000000005 4.800000000000001 0 0 0 0 0 0 0 0 0 0 0 0 0 0 0 0 0 0 0 0 0 0 0 0 0 0 0 0 0 0 0 0 0 0 0 4.2 0 0 0 0 0 0 0 2.8000000000000003 0 0 0 0 1 0 0 0 0 0 0 0 0 0 0 0 1.6 1.6 2 0.8 0 0 7.800000000000001 2.4000000000000004 0 1.4000000000000001 2 0 0 6.4 1.4000000000000001 0 2.8000000000000003 0 0 0 0 0 0 0 0 0 0 0 0 0 0 0 0.2 0 0 0 0 0 0 0 0 0 0 0 0 0 0 0 0 0 0 0 0 3.8000000000000003 0 0 0 0 5 0 0 2.6 0 0 0 0 0 0 0 0 0 0 0 0.4 0 0 0 4.6000000000000005 0 0 0 0 0 0 0 0 0.4 0.4 0.4 0.2 0.4 1.6 0 0.4 0 0 0.2 0 0 0 0 0 0 0 0 0 0 0 0 0.4 0 0 0 0 0 7.4 0 0 0 0 0 0 0 0 0 0 0 0 0 0 
 31.8 24.400000000000002 16.8 75.2 81.60000000000001 9 29.200000000000003 14.200000000000001 29.8 37 11.8 8.8 52.400000000000006 65.8 46.800000000000004 38.800000000000004 33.800000000000004 8 39.800000000000004 0 0 0 0 0.4 0.6000000000000001 0 0 0 0.4 0 0.6000000000000001 0 0 0 0.4 0 0.6000000000000001 0.4 0.6000000000000001 0 0 0.8 0.6000000000000001 1 0.4 0 0 0 0 0.4 0 0.6000000000000001 0 0 0 0 0 0 0 0 0 0 0 0 0.6000000000000001 0 0 0.6000000000000001 0.4 0 0 0.6000000000000001 0 0.6000000000000001 10 0 0 0 0 0 0 0 0 2.2 0 3 2.6 2.2 1.8 4.2 15 0 2.6 2.8000000000000003 0 11.600000000000001 1 0 0 1.8 0 0 0 0 0 0 0 0 0 0 0 0 0 0 0 0 0 0 0 0 0 0 0 0 0 0 0 0 0 0 0 0 2.6 0 0 0 0 0 0 0 0 0 0 0.2 0 0 0 0 0.8 0 0 0 0 0 0 0 0 0 0 0 3.2 8 4.2 0 3 0 2 0 2.8000000000000003 0.2 0.2 2 0 0.2 2.2 6.4 2 0 0 2.8000000000000003 0 0 0 0 0 0 0 0 0 0 0 0 0 0 0 0 0 0 0 0 0 1.4000000000000001 0 0 0 0 0 0 0 0 0 0 0 0 0 0 0 0 0 0 0 0 0 0 0 0 3.8000000000000003 0 0 0 0 0 0 0 0 0 0 0 0 0 0 0 0 0 0 0.4 0 0 0 9.4 0 1.6 0.2 0 0 0 0 0 0 0 0 0 0 0 0 0 0 0 0 0 0 0 0 0 0 4.4 0.2 0 0 0 0 0 0 0 0 0 0 0 0 0 
 0 4.6000000000000005 0 12.200000000000001 14.600000000000001 19.400000000000002 0 0 0 0 15 13.200000000000001 0 0 0 0 0.2 0 0 0 0 19.200000000000003 30.6 27.8 101 5.800000000000001 60.400000000000006 58 26.8 10 25.200000000000003 14.200000000000001 73.2 29 26 17.8 52.800000000000004 68 31.400000000000002 8.8 0 0 3 0 0.6000000000000001 0 0 0 0 0 0 0 0 0.4 0.6000000000000001 0 0 0 0 0 0 0 0.6000000000000001 0 0 0.2 0.6000000000000001 1.6 0 0 7.800000000000001 0 0 0 1.4000000000000001 0 0 2.2 0.2 0 0 0 0 0 0 0.2 0 0 0 0 0 1.8 0 0 0 0.4 0 0 0 0 0 6.2 21.200000000000003 2.2 4.6000000000000005 5.800000000000001 0 0 0 2.8000000000000003 0 0 0 4.4 7.800000000000001 3.8000000000000003 0.2 6.4 1.8 2.4000000000000004 1 0.2 0 0 0 0 0.4 0 0 0 0 0 0 0 0 0 0 0 0 0 0 0 0 0 0 0 0 0 0 0 0 0 0 0 0 0 1.8 0 0 0 0 0 0 0 0 3.8000000000000003 0 0 0 0 0 0 0 0.4 0 0 0 0 0 0 10 0.4 0.4 6 0 0 2.2 1.8 0.6000000000000001 1.6 0 0 0 2.4000000000000004 1.8 6.4 0.2 7.2 4.800000000000001 1.6 0 0 0 0 0 0 0 0 0 0 0 0 2.2 0 0.4 0 0 0 0 0 0 0 0 0 0 0 0 0 0 0 0 0 0 0 0 0 0 0 0 0 0 0 0 0 0 0 4 0 0 0 0 0 0 0 4 0 0.4 21.200000000000003 0 0 0 0.6000000000000001 0 0 0 0 0 0 0 0 0 0 0 0 0 0 0 0 0 0 0 0.6000000000000001 0 0 0 0 0 0 0 0 
 0 0 0.2 0 15.4 0.6000000000000001 0 0 0.2 0 0 0.2 0 0 0 0 0 0 0.4 0 19.200000000000003 0 67 15.200000000000001 8.8 66.8 18.8 30 30.200000000000003 58.2 22 19.400000000000002 13 36.800000000000004 39.800000000000004 100 41.400000000000006 21 8.8 63.400000000000006 0 0 0 0 0.6000000000000001 0 0 0 0 0 0.2 0 6.6000000000000005 0.4 0.6000000000000001 0 0 0 0 3.8000000000000003 10 0.2 0.6000000000000001 0 0 0.2 0.4 0 0 0 0 0 6 0 0.6000000000000001 0 0 0 0.8 0 0 0 0 0 0 0 0 0 0 0 0 0 0 0 0 0 0 0 0 0 4.2 7 5.4 4.4 3.6 3.6 0 5 6.2 1.2000000000000002 6 8.200000000000001 4.6000000000000005 2 7.2 4.2 2 0 0 2.4000000000000004 0.4 0 0 0.2 0 0 0 0 1.8 0 0 0 4.6000000000000005 0 0 0 0 0 4.800000000000001 2.6 0 0 1.6 0 0 0 1 0 0 0 0 0 0.4 1 0 0 0.2 0 0 0 0 0 0 0 0 4 0 0 0 0 0 0 0 0.2 0 0 0 0 0 0 6.2 0 3.6 0.6000000000000001 3.6 0.2 0.2 2.4000000000000004 2 0 7.2 7.800000000000001 1.8 2.4000000000000004 0 0 0 2.8000000000000003 0.4 0.4 0 0 1.8 0 0 0 3 2.2 0 0 0 0 3.8000000000000003 0 0 0 0 0 1.6 1.2000000000000002 0 0 0 0 0 0 0 0 0 0 0 0 0 0 0 0 0 0 0 0 0 0 0 0 0 0 0.4 0 0 0 0 0 0 0 4.800000000000001 0.4 0 15.600000000000001 21.6 0 0.4 6.2 0 0 0 0 0 0 0 0 0 0 0 0 0 0 0 0 0 3.6 0 0.2 0 0 0 0 1.8 0 0 0 
 0 0 0 0.2 14.8 0 0 0 0 0 0.2 0 0 0 0 0 0 0 0.6000000000000001 0 30.6 67 0 46.6 28 33.800000000000004 16.6 27.400000000000002 34.4 16.6 7.2 9.200000000000001 12.200000000000001 41 32.2 50.6 28.200000000000003 24.8 4.800000000000001 23.400000000000002 12.200000000000001 0 13.4 0 0.6000000000000001 0 4.4 0 0.4 0 0.2 8 11.8 25.200000000000003 0.6000000000000001 0 0 0 0 0.6000000000000001 0 1.2000000000000002 0.6000000000000001 0 0 0 0.6000000000000001 0 0 1 0.2 0 0.2 0 0.6000000000000001 0.6000000000000001 0 0 0.4 0 0 0 0 0 0 0.2 0 0 0 0 0 0 0 0 0.2 0 0 0 0 0 0 4 4.6000000000000005 4 4 3.6 1.8 11 1.8 4.2 4 0 2.4000000000000004 0.2 2.4000000000000004 2.8000000000000003 12.8 5.4 0 0 2 12.600000000000001 0.2 0 0 0 2 0 0 0 0 0 4.800000000000001 0 1.4000000000000001 0.2 0 0 2.8000000000000003 1.6 0 0 0 0 0 0 0 0 0 2 0 0 0 0 0 0 0 0 0 0 0 0 0 0 0 3.6 0.4 0 0 0 0 0 0 0.2 0 0 0 0 1.6 0 9.200000000000001 0 4 3.8000000000000003 2.6 0 0 4 3.6 4.2 9.200000000000001 0.2 0 2 0.6000000000000001 0 9.8 4.800000000000001 0 0 1.8 1.8 0 0 0.4 0 0 1.8 1.4000000000000001 0 0 0 6.6000000000000005 0.8 1.4000000000000001 0 0 0 2 0 0 0 0 0 0 0 0 0 0 0 0 0 0 0 0 0 0 0 0 0 0 0 0 0 0 0 0 0 0 0 0 0 0 0 0.8 0 0 15.600000000000001 0 0 0.2 0 0 0 0 0 1.6 0 0 0 0 0 0 0 0 0 0 0 0 0 0 0.2 0 0 0 0 0 0 0 0 
 0.6000000000000001 0.4 0.4 0.4 0.4 0.4 0.4 0.8 0.4 0.4 0.4 0.4 0.8 0.4 0.4 0.4 0.8 0.4 1.2000000000000002 0.4 27.8 15.200000000000001 46.6 0 48.6 41 13.8 17.400000000000002 18.2 71.4 60.6 52.2 54.2 28.8 14.4 36.4 69 9.600000000000001 101 10.200000000000001 14.600000000000001 0 0.2 0 2 1.2000000000000002 0.2 0 0 0 0.2 0 0 16 0.6000000000000001 0 0 13.4 0 0 0 0 0.6000000000000001 0 0 0.4 0.8 0 0 0 7.6000000000000005 0 0 0 0.6000000000000001 0 0 0 0.4 0 0 0 0 0 0 0 0 0 0 0 0 0 0 0 0 0 0 0 0 0 0 0 0.2 0 3.2 0 2.2 7.4 0.4 3 3 3.8000000000000003 0 1.8 0 0 0.2 0 0 0 9.600000000000001 2.2 1.8 0 0 0 1.4000000000000001 3.8000000000000003 0 0 0 0 1.8 0.8 5.800000000000001 5.4 0 0 1.2000000000000002 5.4 0 0 0 0 0 0 0.8 0 0 0 0 0 0 0 0 0 1.6 0 0 0 0 0 0 0 0 0 0 0 0 0 0 0 0 0.4 0 0 0 0 1 0 5.800000000000001 2 1.4000000000000001 6.4 8.6 5.4 0 3.2 3.2 0.2 0 6 0 0 1.2000000000000002 4.2 0 0 0 0 3.6 1.8 1 0 0 3.2 2.8000000000000003 7.2 0 0 0 0 3.8000000000000003 0 4.800000000000001 8.200000000000001 0 3.6 0 1.8 0 0 0 0 0 0 0 0 0 0 0 0 0 0 0 0 0 0 0 0 0 0 0 0 0 0 0 0 0 0 0 0.4 0 0 2.8000000000000003 0.4 0.4 22.200000000000003 0.8 1.2000000000000002 1.4000000000000001 0 0 0 0 0 0 0 0 0 0 0 0 0 0 0 0 0 0 0 0 2 4 0 0 0 0 0 0 0 
 0.6000000000000001 0.6000000000000001 0.8 0.6000000000000001 0.4 0.4 0.4 0.6000000000000001 1 0.6000000000000001 0.6000000000000001 0.8 0.6000000000000001 0.6000000000000001 0.6000000000000001 0.6000000000000001 0.6000000000000001 0.6000000000000001 0.6000000000000001 0.6000000000000001 101 8.8 28 48.6 0 40.2 26.400000000000002 28.6 56.2 59 45.400000000000006 44 35.6 32.800000000000004 16.6 24.8 26.8 28.400000000000002 49.400000000000006 18.400000000000002 12 0.6000000000000001 0.4 0 0.6000000000000001 0 0 11 0.8 0 0 0 0.6000000000000001 17.400000000000002 0.6000000000000001 0.2 0 0 16.2 1.4000000000000001 0 1.6 0.6000000000000001 0 0 0.4 0.6000000000000001 0 0 1 10.4 0 0.2 0.4 0.8 1.2000000000000002 9.8 0 0.4 0 0 0 0 0 0 0 0 0 0 0 0.2 0 0 0 0 0 0 0 0 0 1.6 0 9.600000000000001 6.4 3.8000000000000003 6.2 3 0 0 2.6 5.2 1.6 0 0 0 0 0 2.8000000000000003 0 0 7 0 0 0 0 0 4.2 3.6 0 0 0 0.2 1.8 0.8 4.4 3 0 2.2 2.2 4.6000000000000005 0 0 0 0 0 0 4 0 0 0 0 0 0 0 0 0 0.6000000000000001 0 0 0 0 0 0 0 0 0 0.4 0 0 0 0 0 0.2 0.4 0 0 0 0 0.4 0 2 3.2 0 4 1 7.6000000000000005 0 0 0 0 4.6000000000000005 4 0 0 2.6 1.2000000000000002 2.6 2.6 0 0 0 2.8000000000000003 3.6 0 0.2 0 4.2 0.2 0 0 0 0 1.6 0.4 3.4000000000000004 4 0.2 0 0 0 0 0 0 0 0 0 0 0 0 0 0 0 0 0 0 0 0 0 0 0 0 0 1.2000000000000002 0 0 0 0 0 0 0 0 0 0 0 0.8 0.8 0 30.8 0.2 0.4 0 0.6000000000000001 0 0 0 0 3.4000000000000004 0 0 0 0 0.2 0 0 0 0 0 0 0 0 0 4 0 0 0 0 0 0 0 0 
 0 0 0 0.2 0.2 0.2 14.8 0 0 0 0 0 0 0 0 0 0 16.2 0 0 5.800000000000001 66.8 33.800000000000004 41 40.2 0 4.4 7 27.6 75 15.8 10.600000000000001 6.2 10 13 18.2 18.8 13.200000000000001 6.4 10.4 4 0 0 0 42.800000000000004 0 0 15 0 0 0.4 0 14 32.800000000000004 0.6000000000000001 0 12.8 0 12.8 0 0 0.2 0.6000000000000001 0 0 0.4 0.6000000000000001 0 0 0 0 0 0 0 0.6000000000000001 0 0 0 0 0 0 0 0 0 0 0 0 0 0 0 0 0 0 0 0 0 0 0 0 0 0.2 0 1.8 4.800000000000001 8.4 0 0 0 0 0.6000000000000001 15.200000000000001 3.4000000000000004 0 0 0 1.8 0 5.6000000000000005 0 0 2.4000000000000004 11.200000000000001 0 0 0 0 0.8 1.4000000000000001 0 0 0 0 2.8000000000000003 0 6.4 0 13.8 0 0.2 6.4 0 0 0 0 0 0 0 0.4 0 1.4000000000000001 3 0.2 0 0 0 0 0 0 0 0 0 0.4 2 0 0 0.4 0 0 0 0 0 0 0 0.4 0 0.2 4 0 0 0 0 0.2 2.2 0 4.2 8.200000000000001 0 1.6 2 4 7.2 2.2 0 0 0.4 0 3.8000000000000003 0 0 0 0.6000000000000001 1.4000000000000001 0 0 0 0 6.4 0 0 0 0.2 0 0.6000000000000001 4.4 4.6000000000000005 2.2 2.4000000000000004 0 2 2.4000000000000004 0 0 0 0 0 0 0 0 0 0 0 0 0 0 0 0 0 0 0 0 0 0 0.2 0 0 0.4 0 0 0 0 0 0 0 0 0.4 0.8 0.6000000000000001 18.400000000000002 0.6000000000000001 0 0 0.2 0 0 0 0 2.8000000000000003 0 0 0 0 0 0 0 0 0 0 0 0 6.4 0 0 0 0 0 0 0 0 0 0 
 0 0 0.2 15.4 17 0.6000000000000001 0 0 14.600000000000001 15 14.600000000000001 19.200000000000003 0 0 0 0 0 18.400000000000002 0 0 60.400000000000006 18.8 16.6 13.8 26.400000000000002 4.4 0 35.2 32 10.200000000000001 21 21.400000000000002 40.400000000000006 28.8 20.6 8.200000000000001 26.400000000000002 6.2 12.200000000000001 46.400000000000006 0 0 0 0 1.8 0 0 0 0 0 0 0 0 0.4 0.6000000000000001 12.600000000000001 0.2 0 0 1.2000000000000002 0.2 0.2 1.2000000000000002 0 0 0.2 0.6000000000000001 2 0 0 0 6.800000000000001 0.8 0 0.6000000000000001 0 0 2.2 1 2 0 0 0.2 0.6000000000000001 3 3.6 0 0 0 0 0 0 0 0 0 0 2.6 0.2 0 0 7.6000000000000005 0 0.4 0 0.4 1.4000000000000001 2 2.2 5.800000000000001 4 1.6 1.8 0.2 4 0 2.2 0 2.4000000000000004 0 3 0 0 0 0 0 0 0 0 0 0 0 0 1.6 0 0 0 0 0 1.2000000000000002 0 1.2000000000000002 0 0 0 0 0 0 0 0 0 0 0 2.8000000000000003 0 0 0 0 0 0 0 0 0 0 0 3.8000000000000003 0 0 0 0 0 0 0 0 0 0 0 0 1 0 0 2.2 0 1.6 0 0 2.2 1 0 2.2 0 7.800000000000001 4.800000000000001 0.2 3.2 6 0 3.8000000000000003 0 0.2 2.6 0 0 0 0 0 0 2 0 0 0 0 1.8 0 0 0 0 0 0 1.4000000000000001 0 0 0 0 0 0 0 0 0 0 0 0 0 0 0 0 0 0 0 0 0 0 0 3.4000000000000004 0 0 0 14.8 0 0 4.2 0 0 0 0 1.4000000000000001 0 0.2 0 0 0 1.8 0 0 0 0 0 0 0 0 0 0 0 0 0 0 0 0 2 0 0 0 2 0 0 0 0 2 0 0 0 
 0 0 0 15 14.600000000000001 14.8 0 0 0.2 0.2 20 21.8 0 0 0 0.2 0.6000000000000001 15.8 0 0 58 30 27.400000000000002 17.400000000000002 28.6 7 35.2 0 17.6 77.4 9 22 38.800000000000004 86.60000000000001 22.6 5.4 62 7.4 12 25.6 0 0 13.4 0.8 0.6000000000000001 0 0 0.8 0 0.2 0.4 0 0.8 1.6 0.6000000000000001 0 0 0 0 0 0 0.8 0.6000000000000001 1.2000000000000002 0 0 0.6000000000000001 1.6 0 0 9.600000000000001 0 0 0 0.8 0 0 0.6000000000000001 0.2 0.8 0 0 0 0 0.2 0 0 0 0 0 0 0 0 0 0 0 0 0 0 0 0 4.2 0.4 0 2.6 0.2 0 0.2 2 0 2.4000000000000004 0 0 1 1.2000000000000002 1.6 2.4000000000000004 0 13.200000000000001 3.8000000000000003 1.4000000000000001 0 0 0 0 0 2.6 0 0 0 0 0 0 0 0 0 0 0 2.4000000000000004 0 0 0 0 0 0 0 2 0 0 0 0 0 0 0 0 0 0.8 0 0 0 0 0 0 2.6 0 6.2 0 1 0 0 0 0 0 0.4 0 0 0.2 0 0 0 0.6000000000000001 9.8 0 4.6000000000000005 1.8 0 0.8 2.4000000000000004 0 4.800000000000001 2.8000000000000003 3 0 3.8000000000000003 4.4 4.2 6.4 0.4 0.6000000000000001 0.2 0 0 0 0 0 0 0 2 0 0 0 0 0 0 0 4.6000000000000005 0 0 0.2 1.6 0 0 0 0 0 0 2.2 0 0 0 0 0 0 0 0 0 0 0 0 0 0 0 0 0 0 0 14.8 0 0 15.200000000000001 0 0 0 0 1.4000000000000001 0 0 15.4 15.200000000000001 0.4 1.4000000000000001 0 0 0 0 0 0 0 0 0 0 0 0 0 0 0 0 0 0 2.4000000000000004 0 1.8 0 0 0 0 0 0 0 0 
 0 0.4 15.8 0.4 0 0 0 0 0 0 0 0.2 0 0.6000000000000001 0 0 0 0 0 0.4 26.8 30.200000000000003 34.4 18.2 56.2 27.6 32 17.6 0 20.6 54.6 28.8 19.400000000000002 20.8 18.400000000000002 26 45.400000000000006 28 30.400000000000002 46.6 0 0 0 0.4 0.6000000000000001 0 0 0 0 1.4000000000000001 13.200000000000001 0 25.400000000000002 0.4 0.6000000000000001 0.6000000000000001 0.6000000000000001 0 0 13 0 0.2 0.6000000000000001 0 0.6000000000000001 0.8 0.6000000000000001 0 0 0 7.4 0.6000000000000001 0 0 0.6000000000000001 0 0.2 1.6 0.2 0 0 0 0 0 1.4000000000000001 0 0 0 0 0 0 0 0 0 0 0 0 0 0 0 11.600000000000001 0.2 8.8 3.8000000000000003 6.6000000000000005 4.800000000000001 5 5 6.800000000000001 6.800000000000001 7.4 9.4 0 1.2000000000000002 0 1.8 0 9.8 0 0 1.8 0.6000000000000001 0 0 0 0 1.2000000000000002 0 2.4000000000000004 0 0 0 3.4000000000000004 0 0 0 0 0 0.2 2 0 0 0 0 0 0 0 0 0 0 0 0 0 0 0 0 0.2 0 0 0 0 0 0 0 0 3 0 0 0 0 0 0 0 0.4 0 0 0 0 0 0 0.4 2 2 4.4 8.200000000000001 7.4 2 19.400000000000002 5.6000000000000005 6 2.2 4 0 0 6 3.8000000000000003 4.4 2.2 0 0 0.2 0 0 0 0 0 2.8000000000000003 0 0 0 2.8000000000000003 0 3.8000000000000003 0 0 0 0 0 1.8 0 0 0 0 0 0 0 0 0 0 0 0 0 0 0 0 0.4 0 0 0 0 0 0 2.4000000000000004 0 0 0.2 0.2 0 0 0 0 0 0 0 0.6000000000000001 0 0.8 0.6000000000000001 0.2 0.4 0.4 0 0 0 0 0 0 0 0 0 0 0 0 0 0 0 0 0 0 0 0 2.2 0 0 0 3.8000000000000003 0 0 0 0 
 0 0 0.2 0.2 15 0 0 0 0 0 0 0 0 0 0 0 0 0 0 0 10 58.2 16.6 71.4 59 75 10.200000000000001 77.4 20.6 0 102.2 11.8 11 168.4 60.800000000000004 54.400000000000006 55.2 8.6 17 29.6 0 0 0.4 0 0.6000000000000001 0 0 0 0 0 0.2 0 15.4 0.4 0.6000000000000001 0 0 0 0 12.4 0 0.2 0.6000000000000001 0 0 0.2 10.600000000000001 0 0 0 0 0 1.6 0 0.6000000000000001 0 0 0 0.6000000000000001 0 0 0 0 0 0 1.8 0 0 0 0.2 0 0.4 0 0 0 0 0 0 0 0 9.8 2.8000000000000003 3.2 3.8000000000000003 2.4000000000000004 3 0 3.8000000000000003 5.6000000000000005 2.2 4.2 15.4 1.6 1.6 2.6 4.800000000000001 3.8000000000000003 0 0 2.4000000000000004 0 0 0 0 0 0 0 0 13.600000000000001 0 3.2 0 5 0 0 0 0 0.4 9 2.2 4.800000000000001 0 0 0 0 0 0.8 0 0 0 0.4 0 0 0.2 0 0 0.8 0.2 0 0 0 0 0.4 0 0 3.6 0 0 0 2.2 0 0 0 0.4 0 0 0 0 0 0 9.4 3.8000000000000003 4.6000000000000005 5.6000000000000005 1.6 8.4 0.4 0 4.2 0 3.6 6.4 0.2 2.6 0 0.4 0.2 2 0 0 0 7 0.4 0 0 0 9.200000000000001 1.4000000000000001 0 0 0 0 4.4 0 0 0 0 0 2 2 0 0 0 0 2 0 0 0 0 0 0 0 0 0.2 0 0 0 0 0 0 0 0 0 0 0 0 0 0 0 0 0 0 0 0 3 0.6000000000000001 0.4 30.400000000000002 8.200000000000001 0.4 0.4 1.6 0 0 0 0 0 0 0 0 0 0 0 0 0 0 0 0 0 2.2 0 0.2 0 0 0 0 3.8000000000000003 0 0 0 
 0.8 0.6000000000000001 1.2000000000000002 12.8 0.6000000000000001 0.6000000000000001 0.6000000000000001 0.6000000000000001 0.6000000000000001 0.6000000000000001 0.6000000000000001 0.6000000000000001 0.6000000000000001 0.6000000000000001 0.6000000000000001 0.6000000000000001 0.6000000000000001 0.6000000000000001 0.8 0.6000000000000001 25.200000000000003 22 7.2 60.6 45.400000000000006 15.8 21 9 54.6 102.2 0 21.400000000000002 65.8 7.6000000000000005 55.2 17.2 74 36.6 16.400000000000002 29.6 0 0.4 0.2 0.4 1 0.6000000000000001 0 12.4 0 12.8 15.8 0 0.6000000000000001 0.4 0.6000000000000001 0 0.2 0 12.8 11 0 0.4 0.6000000000000001 0 0.4 0.8 0.6000000000000001 0 0 0 8.6 0.4 1.4000000000000001 0 0.6000000000000001 0 0.6000000000000001 0.4 7.800000000000001 0 0 0 0 0 0 0 0 2.8000000000000003 0 0 0 0 0 0 0 0 0 0 0 0 9 0 2.8000000000000003 17.400000000000002 3.2 2.8000000000000003 4.4 4.6000000000000005 2 3.6 2.8000000000000003 1.2000000000000002 0 2.6 3.8000000000000003 1.8 0 2.8000000000000003 0 0 1.6 0 0 0 0 0 0 0 0 0 0 0 1.2000000000000002 0 1.8 0 0 0 3.4000000000000004 0 0 0 0 0 0 0 0.8 0 0 0 0 5.4 0 1.8 0 0 0.6000000000000001 0 0 0 0 0 0 0 0 0 0 0 0 0 0 0 0 0.2 0 0 0 5 0 0 5.4 2 8.8 5.2 4 0.2 0.8 7.2 8.6 2.8000000000000003 9.600000000000001 4.6000000000000005 0 4.2 5.4 6.800000000000001 0 0 0 0 0 3.6 0 0 0 0 2 0 0 0 0 0 0 0 0.4 0 0 0 4 0.2 0 0 0 0 0 0 0 2.4000000000000004 0 0 0 0 0 0 0 0 0 0 0 0 0 0 0 0 0 0 0 0 0 0 0 0 0 0 1.8 0.2 0 7.6000000000000005 15.4 0 1 0 0 0 0 0 0 0 0 0 0 0 0 0 0 0 0 0 0 0 0 1.8 0 0 0 3.6 3 0 0 0 
 0 0 0 0 0 0.4 0.4 0 0 0 0 0 0 0 0 0.2 0 0 0 0 14.200000000000001 19.400000000000002 9.200000000000001 52.2 44 10.600000000000001 21.400000000000002 22 28.8 11.8 21.400000000000002 0 5.800000000000001 8 8.8 22.8 28.200000000000003 40.400000000000006 6.2 17.400000000000002 0 0 0 0 0.6000000000000001 0 0 25.6 0 0 0.2 0 13 0.4 0.6000000000000001 13 0 0 13.4 26.8 0 0.2 0.6000000000000001 0 0 0.2 0.6000000000000001 6.2 0.2 0 9.4 0 0 0 0.6000000000000001 0.2 8.4 0 0.4 0 0 0 0 0 0 0 0 0 0 0 0 0 0 0 0 0 0 0 0 0 1.8 0 2.6 3 0 0.2 2.4000000000000004 0 2.2 3.6 3.4000000000000004 5 0 0 0 0 0 0.4 0 0 5 4 0 0 0 0 5.2 5.6000000000000005 4 0 0 1.6 6 4.800000000000001 4.2 2 0 3.4000000000000004 0 7.6000000000000005 0 0 0 0 2 0 0.4 0 0 0 0 0 0 0 0 0 0.8 0 0 0 0 0 0 0 0 0 0 0 0 0 0 0 0 0.4 0 0 0.2 0 3.2 0 5.800000000000001 3 0 4 2.4000000000000004 4.2 0 2 0 0 0 3.2 0 0 3.4000000000000004 2.6 3.6 4.800000000000001 0 0 0.2 0 0.2 0 0 0 0 2 0 0 0 0 3.8000000000000003 0 0 4 0 0 0 0.4 0 0 0 0 0 0 0 0 0 0 0 0 0 0 0 0 0 0 0 0 0 0 4 0 0 0 0 0 0 0 0 0 0 0 1.4000000000000001 0 0.4 26.400000000000002 0.4 0 0.2 0 0 0 0 0 0 0 0 0 0 0 0 0 0 0 0 0 0 0 0 2.2 0 0 0 0 0 0 0 0 
