 0 35.800000000000004 68.4 80.80000000000001 16.400000000000002 8.4 85.60000000000001 79.2 51.2 97 26.400000000000002 32.4 9.8 44.6 38.2 52.2 42.2 30.400000000000002 26.200000000000003 89.80000000000001 0 0.6000000000000001 0.4 0.4 0.4 0 0.4 10 0.4 0 0 0 0.2 0 40.6 0 0 0 0 0.2 0.6000000000000001 0.6000000000000001 0.4 2 0 0 0 0 0.4 0.4 0 0 1 0.6000000000000001 0 0 0 15.4 0 0 0 0 0 0 0 0 0 0 0 0 0 0 0 0.6000000000000001 0 0.4 0 0 0 0 4.800000000000001 3.2 5.2 6.800000000000001 4 5.6000000000000005 0 4 0.8 0 3.8000000000000003 7 0 3.2 6.2 4 3.8000000000000003 3.4000000000000004 1.8 2.4000000000000004 2.2 0 0.4 0 0 0 0 0 0 0 0 0 3 0 0 0 0 0 2.6 0.2 3 0 0 0 0 0 0 0 0 0.4 0 0 0 0 0 0.2 0 0 0 0.4 0 0 0 0 0 0 0 0 0 0 6.6000000000000005 1 0 0 2 0 1.6 0 0 0 1.8 4.4 0 2.2 0.4 0.8 0 0 2.8000000000000003 19.6 0.2 4 0 1 12 4.6000000000000005 0 6.2 0.2 0 0 0 0 0 0 0 0 0 0 0 0 0 0 0 0.2 0 0 0 1 0 0 0 0 0 0 0 0 0 0 0 0 0 0 0 0 0 0.2 0 0 0 0 0 0 0 0 0 0 0 0 0 0 0 0 0 0 0 0 0 0 0 0 0 0 0 0 0 1 0 0 0.4 2.6 0.8 0 0 0 0 0.2 0 0 0 0 0 0 0 0 0 0 0 0 0 0 0 0 0 0 0.2 0 0 0 0 0 0 0 0 0 0 0 0 0 0 
 35.800000000000004 0 33 78 7.2 23.6 19 30.8 7.6000000000000005 11.8 10.200000000000001 23 7 26.6 19 50.800000000000004 49.6 26 23.200000000000003 12.8 0 0.4 0.8 0.8 0.6000000000000001 1.4000000000000001 0.4 0 0.4 0 0 0 1 0.4 0.2 0 0 0.6000000000000001 11.600000000000001 0 0.4 0 0.6000000000000001 0 0 0.4 0.6000000000000001 0 0.6000000000000001 0 0 0.2 0.2 0.6000000000000001 0 0 0 0 0 0.8 0.6000000000000001 0 0 0 0 0.6000000000000001 0 0 1 0.2 0 0 0 0.6000000000000001 0 0.6000000000000001 0 0 0 0 2.2 7 9 3.2 0 4.6000000000000005 4 1.6 0.2 5.800000000000001 0 8 1.2000000000000002 4.2 3 3 1.4000000000000001 7 4.4 0 0 0 0.6000000000000001 3.4000000000000004 0 0 0 0 0 0 0 2 0 0.2 0 0 0 0 1.2000000000000002 0.2 0 0 0 0 0 0 0 0 0 0 0 0 0 0 0 0 0 0 0 0 2.8000000000000003 0 0 0 0.4 0 0 0 0 0 0 0 0 0 0 0 0.6000000000000001 0 0 0 3 11.600000000000001 0 0.4 2.4000000000000004 2.2 0.2 0 0 4.4 0 7.2 2.2 2.4000000000000004 2.2 7 0 5 11.200000000000001 0 0 0 0 0 0 0 0 0 0 0 0 0 0 0 3.8000000000000003 0 0 0 0 3.6 0 0 0 0 0 0 0 0 0 0 0 0 0 0 0 0.2 0 0 0.2 0 0 0 0 0 0 0 0 0 0 0 0 0 0 0 0 0 0 0 0 0 0 0 0 0 0.4 0.4 0 0 0.4 10.4 0.2 10 0 0 0 0 0 0 0 0 0 0 0 0 0 0 0 0 0 0 0 0 0 0 0 2 0 0 0 0 0 0 0 0 0 0 0 0 0 0 
 68.4 33 0 81.80000000000001 10.4 5.800000000000001 40.2 46.400000000000006 51 57.6 41.6 13.200000000000001 13.600000000000001 46 45.6 43.6 41.2 53.2 67.8 40.400000000000006 0 0.6000000000000001 1 0.8 0 0.4 1 0 0.4 0 0 0 0.4 0 0 0 0 0 0.4 0 0.4 1 0.4 0.6000000000000001 0 0 0 0 0.6000000000000001 0.4 0 0.6000000000000001 0.2 0.6000000000000001 0 0 0 0 0 0 0.4 0 0 0 0 0.8 0.8 0 0 0 0.8 0 0 0.6000000000000001 0 0.6000000000000001 0 0 0 0 2 0 1.6 5.6000000000000005 3.6 0 9 7.2 9 0.8 2.8000000000000003 9.8 2.4000000000000004 6 6.2 5.2 8.8 0.2 0 0 0.2 0 0 0 0 0 0 0 0 0 0 0 1.8 0 0.4 0 0 0 0 0 0 0 0 0 0 0 0 0 0 0 0.2 0 0 0.2 0.2 0 0 0 0 0 0 0 0 0 0 0 0.4 0 0 0 0 0 0 0 0.4 0 2 0 0 0 4 0.2 1.8 5 4.4 0 2.4000000000000004 0.2 0.6000000000000001 2.6 1.8 1.6 0 2 0 2.2 4.2 2 2.2 0 0 0 0 0 0 0 0 0 0 0 0 0.2 0 0 0.2 0 0 0 0 0 0 0 0 0 0 0 0 0 0 0 0 0 0 0 0 0 0 0 0 0 0 0 0 0 0 0 0.2 0 0 0 0 0 0 0 0 0 0 0.2 0 0 0 0 0 0 0 0 0.2 0 0.2 0.4 0 1.8 3 0 0 0 0 0 0 0 0 0 0 0 0 0 0 0 0 0 0 0 6.2 0 0 0 0 0 0 0 0 0 0 0 0 0 0 0 0 0 
 80.80000000000001 78 81.80000000000001 0 19.8 51 19.400000000000002 40 56 66.8 40.6 32 8.6 26 50.6 126.4 13.600000000000001 14.4 63.800000000000004 12.8 0 0.6000000000000001 0 0.4 0 0 0.4 0 0.4 0.2 0 0 0.2 0 15 1.8 0 0 0 0 0.6000000000000001 0.4 0.4 0 0 0 0 0 1.4000000000000001 0.2 0 0 0.4 0.6000000000000001 0 0.6000000000000001 0 0 1.4000000000000001 0 0 0 0 0 0 0.2 0 0 0 0 0 0 0 0.6000000000000001 0 0.4 0 0 0.4 0 0 0.8 0.4 3.4000000000000004 2.8000000000000003 2.2 0 1.8 0.2 4.2 6.6000000000000005 4.2 0 3.4000000000000004 3 0 0 2.8000000000000003 0 0 2.8000000000000003 0 3 0 0.4 0 3.6 2.2 3.6 0 0 0 4.4 4 2.4000000000000004 1.2000000000000002 2.4000000000000004 0 5.6000000000000005 3 0 0 0 0 0 0 0 0 0 0 0 0 0 0 0 0 0 0 0 0 0 0 0 0 0 0 0 0 0 0 0 0.8 0 0 0 0 1.4000000000000001 0 0 0 2.2 6.6000000000000005 0 0 3.4000000000000004 0.2 0 4.800000000000001 2 0 0 4.6000000000000005 0 4.2 9.600000000000001 5.4 2.8000000000000003 0.8 8.8 0 6.800000000000001 0 0 0 0 0 0 5 0 0 0 0 2.2 11.8 0 2 0 7.2 2 3.6 0 0 0 0 0 0 0.2 0 0 0 0 0 0.2 0 0 0 0 0 0 0 0 0 0 0 0 0 0 0 0 0 0 0 0 0 0 0 0 0 0 0 0 0 0 0 0 0.4 0.2 0 0.8 0 0.2 1.4000000000000001 0 0 0 0 0 0 0 0 0 0.2 0 0 0 0 2.8000000000000003 0 0 0 0 0 0 0 0 2 1.4000000000000001 0 0 0 0 0.2 0 0 0 0 0 0 0 0 
 16.400000000000002 7.2 10.4 19.8 0 57 23.8 23.6 92.2 61 36.2 12.600000000000001 15.200000000000001 43.2 10.200000000000001 15.8 44.2 51 18 50.6 0 5.6000000000000005 4.800000000000001 6.4 0 0 1 0.8 3 14.8 0 0 0.2 14.8 0 14 30 0 33.4 5.2 0.6000000000000001 0.4 0.4 0.8 0 0 0 0 0.6000000000000001 0.2 0 0 0.4 0.6000000000000001 0 0 0 0 0 0 0 0 0 0 0 0.4 0 0 0 0 0 0 0 0.6000000000000001 1.2000000000000002 0.4 0 0 0 0 0 3 4 1.8 1.8 2.2 0 0 2.4000000000000004 2.8000000000000003 8.4 4.6000000000000005 0 0 2 1 0 0 0 0 4.4 0 3 0 0 0 0 0.2 1 0 0 0 2.4000000000000004 1.4000000000000001 0 3 0 0 2.4000000000000004 9.8 0 0 3.4000000000000004 0 0 0 0 0 0 0 0 0 0 0 0 0 1.2000000000000002 0 0 0 0 0 0 0 0 0 0 0 0 0 0 0.6000000000000001 0 0 0 0 0 0 0 0 0 0 1.2000000000000002 1.2000000000000002 0.2 3.4000000000000004 0 0 4 5.4 0 5.2 0 0 0 7.4 1.8 0 0 0 2.8000000000000003 6.2 5.800000000000001 0 0 0 6.2 4.4 3.6 0 3.6 0 0.6000000000000001 2.8000000000000003 2.4000000000000004 3 0 0.2 6.6000000000000005 4.2 0 0 0 0 0 0 0 0 0 0 0 0 0 0 1.2000000000000002 0 0 0 0 0 0 0 0 0 0 0 0 0 0 0 0 0 0 6.6000000000000005 0 0 0 0 0 0 0 0 0 0 0 9.600000000000001 0.4 0.2 0.2 0.4 0 1.4000000000000001 0 0 0 0 0 0 0 0 0 0 0 0 0 0 0 0 0 0 0 0 0 0 0 0.4 0 0 0 0 0 0 0 0 0 0 0.2 0 0 0 
 8.4 23.6 5.800000000000001 51 57 0 31.6 22.400000000000002 17.6 10 125.2 31.200000000000003 7 6.800000000000001 8.6 59.2 31.200000000000003 21.200000000000003 12.4 27.8 0.2 0.6000000000000001 15.200000000000001 0.4 0 0 0.4 0 15.200000000000001 0 0 0 29.8 2.6 0 0 3 0 21.200000000000003 0.2 0.6000000000000001 0.4 0.4 0 0 0 0 0 0.6000000000000001 0.2 0 0 0 0.6000000000000001 0 0 13 0 0 0 0 0 0 0 0 0.4 0 0 0 0 0 0 0 0.6000000000000001 0.8 0.4 0 0 0 0 0 6.800000000000001 4.6000000000000005 2.8000000000000003 1.4000000000000001 0.2 0 0 0 1.8 0.2 1.8 0 0 0 2 0.2 2 0 0 7 0 8.8 0 0 0 7.800000000000001 0.8 9 0 0 0.2 4 0 0 4.800000000000001 0 0 0 5 0 0 0 0 0 0 0 3 0 0 0 0 0 0 0 0 0 0 0 0 0 0.2 0 0 0 0 0 0 0 0 0.4 0.6000000000000001 0 0 0 0 0 0 0.4 0 0 0 6 0 0.2 0.2 0 0 2.8000000000000003 2.4000000000000004 0 3.8000000000000003 0 0 3 3.2 1.4000000000000001 0 0.2 0.4 11 2.6 4 0 0 0 2 6.800000000000001 0 0 0 0 0 2.4000000000000004 2.8000000000000003 10.4 0 0.8 4.6000000000000005 9.8 0 0 0 0 0 0 0 0 0 0 0 0 0 0 0 0 0.2 0 0 0 0 0 0 0 0 0 0 0 0 0 0 0 0 0 0 0 0 0 0 0 0 0 0 0 0 0.2 0.2 0 0 0.4 0.2 2.2 0 0 0 0 0 0 0 0 0.4 0 0 0 0 0 0 0 0 0 0 0 0 0 0 2.8000000000000003 0 0 0 0 0 0 0 0 0 0 0 0 0 0 
 85.60000000000001 19 40.2 19.400000000000002 23.8 31.6 0 60.800000000000004 43.400000000000006 13 45.400000000000006 46.800000000000004 9.200000000000001 23.400000000000002 9.200000000000001 41.6 11 27.200000000000003 47 44.2 0 0.6000000000000001 0 0.4 0 0 0.4 0 0.4 0 14.8 0 0.4 0 0 0 0 0 0 0 0.4 0.2 0.4 2 0 0 0 0 0.6000000000000001 0 0 0 0.2 0.6000000000000001 0 0 0.2 0 0 0 0 0 0 0 0 0.4 0 0 0 0 0 0 0 0.6000000000000001 0 0.4 0 0 0 0 0 8 6 0.8 6.2 12.200000000000001 6 4.6000000000000005 3.6 8.6 4 5.6000000000000005 0 4.6000000000000005 10.4 10.8 2.8000000000000003 6.800000000000001 0 0 0 0 0 0 0 0 0 0 0 0 0 0 1.4000000000000001 0 0 0 0 0 0 0 0 0 0 0 0.2 0 1.6 0 0 0 0 0 0 0 0 0 0 0 0 0 0 0 0 0 0 0 0 0.2 0 0 0 2 0 0 0 0 0.2 0 0 0 10 1.8 3 10.200000000000001 7.4 0 10.8 4.2 2 3 0.6000000000000001 3.4000000000000004 0 0 8.8 5 3.2 0.8 0 0 0 0 0 0 0 0 0 0 0 0 0.2 0 0 0 0 0 0 0 4.800000000000001 0 0 0 0 0 5.2 0 0 0 0 0 0.2 0 0 0 0 0 0 0 0 0 0 0 0 0 0 0 0 0.4 0 0 0 0 1.4000000000000001 0 0 0 0 0 0 0.2 0 4 0 0 0 0 1.4000000000000001 0 0.4 15 0 1.2000000000000002 0 0.4 0 0 0 0 0 0 0 0 0 0 0 13 0 0 0 0 0 0 0 0 0 2.2 0 0 0 0 0 0 0 0 0 0 0 0 0 0 
 79.2 30.8 46.400000000000006 40 23.6 22.400000000000002 60.800000000000004 0 63.6 11.8 28 53.400000000000006 22.200000000000003 50 30.400000000000002 90 41.6 45.2 17 41.2 0 0.4 0 0.4 0 0 1 0 0.4 0.4 0 0 0.8 0 0 0 0 0 14.8 0 0.4 0 0.8 3.8000000000000003 0 0 0 0 0.6000000000000001 0 0 0 0.4 0.6000000000000001 0 0 0 0.2 0 0 0 0 0 0 0 0.6000000000000001 0 0 0 0 0 0 0 0.6000000000000001 0 1.2000000000000002 0.2 0 1.2000000000000002 0 2 6.6000000000000005 6.800000000000001 13.200000000000001 0.4 2.8000000000000003 3 0 13.8 0.2 4.800000000000001 1.8 6 2.6 3.8000000000000003 2.6 7.800000000000001 2.6 0 3.4000000000000004 0 0 0 0 0.2 0 1.8 0 0 0 0 0 0.2 0 0 0 0 0 0 0 0 0 0 4.2 0 0 0 0 0 0 0 0 0 0 0 0.4 0 0.4 0 0 0.2 0 0 0 0 0 0 0 0 0 0 0 0 0 0.6000000000000001 0 0.4 0 0 0 5 0 0 7.6000000000000005 2.8000000000000003 0.4 2 6.4 2.8000000000000003 2.8000000000000003 1.8 3.6 0 1.6 4.800000000000001 2.4000000000000004 0 0 1.4000000000000001 0 2.2 0 0 0 0 0 0 0 0 0 0 0 0 0 0 0 0 0 0 0 0 1.8 0 0 0 0 0.4 0 0 0 0 0 0.4 0 0 0 0 0 0 0 0 0 0 0 0 0 0 0 0.4 0 0 0 0 0 0 2 0 0 0 3.8000000000000003 0 0.2 0 0 0 0.2 0.6000000000000001 0 0.2 0.6000000000000001 0 1.8 0 0 0.2 0 0 0 0 0 0 0 0 0 0 0 0 0 0 0 0 0 0 0 0 0.2 0 0 0 0 0 0 0 0 0 0 0 0 0 0 
 51.2 7.6000000000000005 51 56 92.2 17.6 43.400000000000006 63.6 0 39.6 46.6 22.8 19.6 86.4 39 16.6 6.2 34 33 53.800000000000004 0 0.6000000000000001 0 15 0.8 0 0.6000000000000001 0.2 0.4 0 0.2 0 0.4 14.8 0 0.2 0 0 15.8 14.8 0.4 0.2 0.4 0 0 0 1.2000000000000002 0 0.6000000000000001 0 0 0 0.4 0.6000000000000001 0 0 5.6000000000000005 0 0 0.2 0 0 0 0 0 0.4 0 0 0 0 0 0 0 0.6000000000000001 0 0.4 0 0 0 0 0 1.8 2.6 2.8000000000000003 7.800000000000001 2.2 0 3.8000000000000003 3.8000000000000003 4.4 0 3.6 0 0 0.2 4 0 5 0 0 2.6 0 0 0 0 0 0 0 0 0 0 0 5.6000000000000005 0 0 0 0 0 0 0 0 0 0 0 0 0 2 0 0 0 0 0 0 0 0 0 0 0 0 0 0 0 0 0 0.2 0 0 0.2 0 0 0 0 0 0 0 0 0 0 0 0 7.4 0 7.2 2.8000000000000003 6.2 2.2 3.2 5.4 7.800000000000001 0 4.2 0 0.2 0 2.8000000000000003 0 4.6000000000000005 0.2 0 0 4.800000000000001 3.2 0 0 0 0 0 0 0 0 0 2.6 3.2 2 2.6 2.6 0 0 0 2.4000000000000004 0 0 0 0 0 0 0 3.4000000000000004 0 0 0 0 0 0 0 0 0 0 0 0 0 0 0 0 0 0 0 0.4 0 0 0 0 0 0 0 0 0 2.2 0 0 0 2.8000000000000003 0 0 0 0 17.6 0.4 0.2 17.6 0 1.4000000000000001 2.4000000000000004 0 0 0 0 0 0 0 0 0 0 0 0 0 0 0 0 0 0 0 0 0 0 0 0 2 0 0 0 0 0 0 0 0 0 0 0 0 
 97 11.8 57.6 66.8 61 10 13 11.8 39.6 0 40 23.6 10.600000000000001 41.2 64 37.2 29 103.2 43.6 38.800000000000004 0 0.6000000000000001 0 0.4 0.6000000000000001 0.4 0.8 0 0.6000000000000001 0 0 0 15 15.4 0 0.2 0 0 0.2 14.8 0.4 0 0.4 1.4000000000000001 0 0 12.8 0 0.6000000000000001 0 0 0 0 0.6000000000000001 0 0 0.2 0.4 0 0 0 0 0 0 0 0.6000000000000001 0 0 0 0 0 0 0 0.6000000000000001 0 0.6000000000000001 0 0 0 0 0 3.2 3 3 12 3.6 0 0.2 0 6.6000000000000005 4.800000000000001 0 0 0 5.2 8.6 0.4 7.4 0 0 4 0.2 0.2 0 0 0 3.8000000000000003 4.4 5.800000000000001 0 0 0 1.4000000000000001 4 0 0.4 0 0 0.2 0 0 0 0 0.4 0 0 0 0 0 0 0 0 0 0 0 0.4 0 0 2.2 0 0 0 0 0 0.2 0 0 0 0.2 0 0 0 0 0 0 0 0 0 0 0 2.8000000000000003 0.4 9.4 7.800000000000001 4 2.6 3.8000000000000003 4.2 7 1.2000000000000002 2.4000000000000004 3.8000000000000003 0 0 3.2 0 0 1.8 0 0 10.8 3 0 0 0 0 0.2 0 0.4 0 0 1.8 3.6 0.2 0.2 0 0 0 0.2 4.6000000000000005 0 0 0 0 0 0 0 0 0 0 0 0 0 0 0 0 0 0 0 4 0 0 0 0 0 0 0 0 0 0 0 0 0 0 0 0 0 0 0 0 0 3.6 0 0 0 0.6000000000000001 1.2000000000000002 0 9.8 10.4 0 1.2000000000000002 0 0 0 0 0 0 0.4 0 0 0 0 0 0 0 0 0 0 0.4 0 0 0.4 0 0 0 3.8000000000000003 2 0 0 0 0 0 0 0 0 0 0 0 0 
 26.400000000000002 10.200000000000001 41.6 40.6 36.2 125.2 45.400000000000006 28 46.6 40 0 82.80000000000001 53.800000000000004 34.4 27.8 17.8 40.400000000000006 29.6 7.800000000000001 13 0 0.4 0 0.4 0 0 12.8 0 0.8 14.4 0 0 0.6000000000000001 14.600000000000001 0 0 0 0 12.600000000000001 14.600000000000001 0.4 0 1 0.8 0 0.4 0 0 0.6000000000000001 0 0 0 0.4 0.6000000000000001 0 1.6 0 12.200000000000001 0 1 0 0 0 0 0 0.6000000000000001 0 0.6000000000000001 0 0 0 0 0 0.6000000000000001 0 0.6000000000000001 0 0 0 0 0 0 0.4 2.8000000000000003 10 2.4000000000000004 0 6 8 2.6 7.4 1.8 0 0 2.2 3.8000000000000003 0 2.4000000000000004 0 0 3.8000000000000003 0.2 0 0 0.6000000000000001 0 6.4 0 0 0 0 0 3.4000000000000004 2.6 1.8 0.2 0 0 0 0 0 0 0 0 0 0 0 0 0 0 0 0 0 0 0 0 0 0 0 0 0 0 0 0 0 0 0 1.8 0 0 1.4000000000000001 0 0 0 0 0 0 0 0 2.2 3.6 0 7 7.2 3.6 0 4 3.2 10.4 0 3.8000000000000003 7.4 0 0 2.8000000000000003 2.8000000000000003 8.200000000000001 0 1 0 2.2 2.6 0 0 0 0 0 2.8000000000000003 0 0 1.4000000000000001 0 1.8 0.2 0 3.4000000000000004 0 0 0 3 0 0 0 0 0 0 0 0 0 0 0.4 0 0 0 0 0 0 0 0 0 0 0 0 0 0 0 0 0 0 0 0 0 0 0.2 0 0 0 0 0 0 0 2.8000000000000003 0 0 0 0.8 23 0 0 9.4 0.2 1 1.4000000000000001 0.2 0 0 0 0 0 0 0 0 0 0 0 0 0 0 0 0 0 0 0 0 0 0 1.8 1.4000000000000001 0 0 0 0 0 0 0 0 0 0 0 0 
 32.4 23 13.200000000000001 32 12.600000000000001 31.200000000000003 46.800000000000004 53.400000000000006 22.8 23.6 82.80000000000001 0 90.4 45.800000000000004 65.2 8 82 55.400000000000006 8.8 28 0.2 0.6000000000000001 0 0.4 0 0 5 0 0.8 0 7.800000000000001 0 0.2 14.8 0 0 0 0 29.6 15 0.6000000000000001 0.6000000000000001 0.4 1 0 0 0 0.4 0.4 0.4 0 0 0.6000000000000001 0.6000000000000001 0 0 0 0 0 0 0 0 0 0 0 0 0 0 0 0 0 0 0 0.6000000000000001 0 0.4 0.2 0 0 0 0 4.2 6.6000000000000005 3.8000000000000003 4.800000000000001 0.4 0 0 2.4000000000000004 3.2 11.4 7.6000000000000005 0 0 4 0 0 3 0 0 1.6 0 0 0 0 0.2 5 0 0 0 0 0 2 0 0 0.4 0 0 0 0 0 0 0 0 0 0 0 0 0 0 0 0 0 0 0 0 0 0 0 0 0 0 0 0 0 4.2 0 0 0 0 0.8 0 0 0 0 0.4 0 0 0 0 7 2.4000000000000004 2 12 0.2 0 0 2.8000000000000003 2.8000000000000003 2.8000000000000003 4.2 4 0 0 1 3.2 3.4000000000000004 0.2 0 0 0.6000000000000001 2.2 0 0 0 0 0 6.2 0 0 0 0 0.4 0 0 0 0 0 0.2 6.800000000000001 0 0 0 0 0 0 0 0 0 0 0 0 0 0 0 0 0 0 0 0 0 0 0 0 0 0.2 0 0 0 0 0 0 0 0.8 0 0 0 0 0 0 0 0 0 0 0 0 9.8 0 0.6000000000000001 19.6 0.4 3.6 1.8 0 0.4 0 0 0 0 0 0 0 0 0 0 0 0 0 0 0 0 0 0 0 0 0 0 0 0 0 0 0 0 0 0 0 0 0 0 0 
 9.8 7 13.600000000000001 8.6 15.200000000000001 7 9.200000000000001 22.200000000000003 19.6 10.600000000000001 53.800000000000004 90.4 0 18.400000000000002 10.8 16.6 5.4 7.4 31.200000000000003 19.8 0 0.6000000000000001 0 0.4 0 0 0.4 0 0.8 0 0 0 0.4 0 0 0.4 0 0.6000000000000001 0 0 0.4 0 0.4 0 0 0 0 0 0.6000000000000001 0 0 0.4 0 0.6000000000000001 0 0 0 0 0 0 0.4 0 0 0 0 1.2000000000000002 0 0 0 0 0.6000000000000001 0 0 0.6000000000000001 0 6.6000000000000005 0 0 0 0 12 1.8 2.2 0 0 0 5.2 14.4 2.6 0 2.8000000000000003 0 6 8 2.2 3.6 12.8 0 3 6 0 0 0 0 0 0 0 0 0 0 0 0 0 0 0 0 0 0 0 0 0 0 0 0 0 0 0 0 0 0 0 0 0 0 0 0.4 0 0 2.8000000000000003 0 0 0 0 0 0 0 0 0 0 0 1.8 0 0 0 1.2000000000000002 0 0 0 0 0 0.4 2 0 0 0 0 1.6 5.2 0 1 0 0 0.4 6.4 4 2.2 1.8 3.4000000000000004 3.4000000000000004 7.6000000000000005 0 3.8000000000000003 0 0 0 0 0 0 0 0 0 0 0 1.2000000000000002 0 0 0 0 0 0 0 0 0 1.2000000000000002 0 0 0 4 0 0 0 0 0 0 0 0 0 0 0 0 0 0 0 0 0 0 0 0 0 0 0 0 0 0 0 0 0 0 0 0 0 0 0 0 0 0.2 0 0 0 0 0 1.4000000000000001 0 0 0 0 0 0 0 0 0 0 2.4000000000000004 0 0 0 0 0 0 0 0 0 0 0 0 1.8 0 0 0 0 0 0 0 0 0 0 0 0 0 0 
 44.6 26.6 46 26 43.2 6.800000000000001 23.400000000000002 50 86.4 41.2 34.4 45.800000000000004 18.400000000000002 0 17.6 50.800000000000004 26.8 63.2 42.400000000000006 28.6 0.6000000000000001 1.2000000000000002 0 1 7.6000000000000005 0.2 1 0.4 1 0.4 0 0.2 0.4 0.8 0 1 0.6000000000000001 0.2 0.6000000000000001 0 1 0.2 0.4 1.6 0 0.2 0.6000000000000001 0 0.6000000000000001 0 0 0 0 0.6000000000000001 0 0.2 1.4000000000000001 0 0.6000000000000001 0 0 0 0 0.2 0 0.6000000000000001 0 0.2 1.2000000000000002 0.2 0 12 2.8000000000000003 0.6000000000000001 1 10.8 0 0.4 0 0.8 6 1 0.2 4.2 0.2 2 0.8 5.4 4 2.6 7.2 4.2 2.4000000000000004 0.2 3.6 6.6000000000000005 7 2.4000000000000004 0 3 0 0 2.8000000000000003 0 0 0 0.4 0 0 0 6.4 0 2 0 0 0 0 0 0 0 0 0 0 0 0 0 0 0 0 0 0 0 0 0 0 0 0 0.4 0 1.2000000000000002 0.2 0 0 0 0 0 0 0 0 0 0 0.4 0 0 0 0 0.6000000000000001 0 0 0 3.8000000000000003 3.6 3.4000000000000004 1.4000000000000001 5.4 0.4 3.8000000000000003 7.2 5.4 0.8 2.8000000000000003 3.2 0 0.4 16.8 12.600000000000001 2.8000000000000003 1.4000000000000001 1.8 0 0 0 0 0 0 0 0 0 0 0 0 0 0 0 0 0 0 0 0 0 0 0 0 0 0 0 0 0 0 0 0 0 0 0 0 0 0 0 0 0 0 0 0 0 0 0 0 0 0.4 0 0 0 0 0 0 0 0 0 0 0 0 3.8000000000000003 0 0 0 0 18 0.2 0.4 0 0 2 0 0 0 0 0 0 0 0 0 0 0 0 0 0.2 0 0 0.2 0 0 0 0 0.2 0.6000000000000001 1.8 0 0 0 0 0 0 0 0 0 0 0 0 0 0 
 38.2 19 45.6 50.6 10.200000000000001 8.6 9.200000000000001 30.400000000000002 39 64 27.8 65.2 10.8 17.6 0 35.2 47.400000000000006 45.400000000000006 36.4 28.200000000000003 0 0.6000000000000001 0 0.6000000000000001 0 0 0.4 0 0.4 0 0 0 0.4 0 0 0 0 0 14.8 0 0.4 0.2 0.4 0 0 0 0 0 0.6000000000000001 0 0 0 0.2 0.6000000000000001 0 0 3.8000000000000003 0 0.4 0 0 0 0 0 0 10 0 0 0 0 0 0 0 0.6000000000000001 0 0.6000000000000001 0 0 0 0 4.6000000000000005 0 4 2.8000000000000003 10.600000000000001 5.800000000000001 9.200000000000001 0 4.800000000000001 3.2 0 0.4 2 2.8000000000000003 0.2 6.800000000000001 5 3.6 3.8000000000000003 0 0 0 0 0 0 0 0 0 0 0 0 0 1.8 0 0 0 0 0 1.4000000000000001 0 0 0 0 0 0 0 0 0 0 0 0 0 0 0 0 0 0 0 0 0 0 0 0 0 0 0 0 0 0 0 0 0 0 0 1.6 0 0 0 0 0 8.6 2.8000000000000003 2.2 0.2 0 0 2.6 3 1.2000000000000002 0.4 4.800000000000001 0 1.8 1.2000000000000002 0.2 5 2.6 0.4 2.4000000000000004 0 0 0 0 0 0 0 0 0 0 0 0 0 0 0 0 0 0 1.2000000000000002 0 0 0 0 0 0 0 0 0 0 0 0 0 0 0 0 0 0 0 0 0 0 0 0 0 0 0 0 0 0 0 0 0 0 0 0 0 0 0 0 0 0 0 0.2 0 0 0 1 0.4 0 0 17.6 0.6000000000000001 0.4 4.4 0 0 0 0 0 0 0 0 0 0 0 0 0 0 0 0 0 0 0 0 0 0 0 0 0 0 0 0 0 0 0 0 0 0 0 0 0 
 52.2 50.800000000000004 43.6 126.4 15.8 59.2 41.6 90 16.6 37.2 17.8 8 16.6 50.800000000000004 35.2 0 80 57.2 31.400000000000002 17.400000000000002 0 0.6000000000000001 0 0.4 0.2 0.2 0.4 0 0.6000000000000001 0 0 0 0.4 0.2 0 0.4 0 0 3.2 0 0.4 0 0.4 0 0 0 0 0 0.6000000000000001 0 0 0 0.4 0.6000000000000001 0 0 0 0 0 9.8 0 0 0 0 0 0.6000000000000001 0 0 0 0 0 0 0 7.4 0 0.6000000000000001 0 0 0 0 1.8 0 5 0.2 0 6.4 1.6 8.8 8.4 6.4 1.8 2.2 2.2 2.2 6.800000000000001 4.800000000000001 8.4 2.6 0 2.6 0 0 0.4 0 0 0 0 0 0.4 0 0 0 0.4 0 0 5.4 0 0 0 0 0 0 0 0 0 0 0 0 1 0 0 0.4 0 2.4000000000000004 0 0 0 0 0 0 0 0 0 0 0 0 0 0 0 0 0 0.4 0 0 0 0 2.2 0 0.2 0 2.8000000000000003 6.4 0 4.2 7.6000000000000005 2 0 5 4.4 11.8 0.2 0 0 0 6.800000000000001 2 2.4000000000000004 9 1.4000000000000001 0 3 0 2.8000000000000003 0.4 0 0 0 0 0 0 0 0 0.4 0 3.2 0.4 0 0 0 1.4000000000000001 0 0.4 0 0 0 0 0 0 0 0 0 0 0 0 0 0 0.4 0 0 0 0 0 3.8000000000000003 0 0 0 0 0 0 0 0 0 0 0 0 0 0 0 3.4000000000000004 0 0 0 0 0 0 0 0.4 0.4 0.8 17.400000000000002 0 2.2 0 0 0 0 0 0 0 0 0.2 0 0 0 0 0 0 0 0 0 0 0 0 0 0 2 0 0 0 0 0 0 0 0 0 0 0 0 0 0 
 42.2 49.6 41.2 13.600000000000001 44.2 31.200000000000003 11 41.6 6.2 29 40.400000000000006 82 5.4 26.8 47.400000000000006 80 0 97 40.800000000000004 34.2 0.4 1.8 0 0.8 0 0 0.6000000000000001 0.6000000000000001 1.2000000000000002 0.6000000000000001 0 0.8 0.4 0.2 0 0.4 0 0.4 30 0.4 1 1 0.8 0.2 0 0 0 0 0.6000000000000001 0.2 0.6000000000000001 0.4 2.2 0.6000000000000001 0 0.4 0.2 0.4 0.6000000000000001 0 0 0 0 0 0.6000000000000001 0.4 0 0.6000000000000001 0.8 0 0 0 0.6000000000000001 0.6000000000000001 0 0.4 0 0 0.6000000000000001 0 1.4000000000000001 2.8000000000000003 3.8000000000000003 8.200000000000001 0 9.200000000000001 2.6 0.2 2 0 0 4.2 0 2 5.2 5.2 5 0 0.2 0 0 2.2 0 0 0 0 1.8 0 0 0 0 0 0.4 0.8 0 0 0 0 1.6 0 0 0 0 0 0 0 0.4 0 0 0 0 0 0 0 0 0 0 0 0 0 0 0 0 0 0 0 0 0 0 0 0 1.4000000000000001 0 0 0 0 0 0 0 0 0 0.2 1.6 4.800000000000001 8.8 10.600000000000001 1.6 0 3.8000000000000003 5.800000000000001 0 2.4000000000000004 1.8 1.2000000000000002 3.2 9.200000000000001 2.8000000000000003 2 0 0 2.8000000000000003 0 0 0 0 0 0 0 0 0 0 0 0 0 0.4 2.4000000000000004 0.2 0 3.4000000000000004 0.2 0 3.2 0 0 0 0 0 0 0 2.8000000000000003 0 0 0 0 0 0 0 0 0 0.2 0 0 0 0 0 0 0 0 7 0.2 0 0 0 9.4 0 2.6 0.2 0 0 0 0 0 0 0 0 0.2 0 0 0.4 17.6 2 3 0 0 0 0 0 0 0 0 0 0 0 0 0 0 0.4 0 0 0 0 0 0 0 0 2.8000000000000003 0 0 0 0 0 0 0 0 0 0 0 0 0 0 
 30.400000000000002 26 53.2 14.4 51 21.200000000000003 27.200000000000003 45.2 34 103.2 29.6 55.400000000000006 7.4 63.2 45.400000000000006 57.2 97 0 14.200000000000001 7.4 0 0.6000000000000001 0.4 0.4 0 0 15.4 0 0.8 0.4 0 0 15.4 5.2 0 0.4 0 0 5.800000000000001 7.800000000000001 0.4 0.2 0.4 0 0 0 0 0 0.6000000000000001 0 0 0 0 0.6000000000000001 0 0 1.4000000000000001 0 0 0 0 0 0 0 0 0.6000000000000001 0 0 0 0 0.4 0 0 0.6000000000000001 0 0.6000000000000001 0 0 0 0 2.2 2.2 2 8.6 7.4 0 0 0 2 2.2 1.8 0 0.2 2 0 12 4.6000000000000005 5.2 0 0 1 2.4000000000000004 0 0 0 0 8.6 9.4 0 0 0.2 0.4 2 4.4 0 0 0 0.2 0 0 0.4 0 0 1.6 0 0 0 0 0 0 0 0 2.6 0 0 0 0 0 0 0 2.8000000000000003 0 0 0 0 0 0 0 0 0 0 0 0 0.4 0 0 0 0.4 0 0 2.8000000000000003 0 6 3.2 4.6000000000000005 4.800000000000001 5 2.2 11.600000000000001 3.8000000000000003 2 2.2 0 1.6 11.8 0 0.2 0.2 0 0 7 0.4 2.2 0 0 0 0 0 0 0 0 0.8 2.8000000000000003 0 0 0 0 0 0 4.4 0 0 0 0 0.4 0 0 0 0 0 0 0 0 0 0 0 0 0 0 2 0 0 0 0 0 0 0 0 0 0 0 0 0 0 0 0 0 0 0 0 0 3.2 0 0 0 1 36.2 0.6000000000000001 0.4 0.6000000000000001 0 2.2 0.2 0 0 0 0 0 0 0 0 0 0 0 0 0 0 0 0 0 0 0 0 1.8 0 0 0 2.6 0 0 0 0 0 0 0 0 0 0 0 0 
 26.200000000000003 23.200000000000003 67.8 63.800000000000004 18 12.4 47 17 33 43.6 7.800000000000001 8.8 31.200000000000003 42.400000000000006 36.4 31.400000000000002 40.800000000000004 14.200000000000001 0 22 0 0.6000000000000001 0 1.2000000000000002 0 0.4 0.8 0.4 0.6000000000000001 0 0.4 0.6000000000000001 0.4 0.6000000000000001 0 0 0.6000000000000001 0 0.6000000000000001 0.2 0.4 8.4 0.4 11.600000000000001 0 0 0 0 1 13 0 1 0.4 13 0 0.2 13 0 0 0 0 0.4 0 0 0 0.6000000000000001 0 0 0 0 0 0 0 1.2000000000000002 0 0.6000000000000001 0 0 0 0 0 0 0 0 9.600000000000001 0 2 5.4 3.6 6.2 0 3.2 0 3.4000000000000004 5.800000000000001 5.6000000000000005 8 0.4 2 1.8 0 0 0 0 5.800000000000001 0 0 0 0 0 0 0 0 0 0 2.4000000000000004 0 0 0 0 0 0 0 0 0 0 0 0 0 0 0 0 0 0 0 0 0 0 0 0 0 0 2.8000000000000003 0 0 0 0 0 0 0 0 0 0 0 0.2 0 0 0 0 0 2 0 5.6000000000000005 3 0.4 0 5.800000000000001 8.8 3.4000000000000004 0 2.4000000000000004 0 3.8000000000000003 0 4 0 0 0.4 0 1.8 0 0 0 0 0 0 0 0 0 0 3.6 0 0 0 0 0 0 0 0 6 0 0 0 0 0 0 0 0 0 0 0 0 0 0 0 0.4 0 0 0.4 0 0 0 0 0 0 0 0 0 2.4000000000000004 0 0 0 0 0 2.2 0 0 0 0 0 0 4.2 0 0 0.2 0.4 18 0.4 0.8 0 1.2000000000000002 1 0 0 0 0 0 0 0 0 0.4 0 0 0 0 0 0 0 0 0 0 0 0 0 0 0 0 0 0 0 0 0 0 0 0 0 0 0 0 0 
 89.80000000000001 12.8 40.400000000000006 12.8 50.6 27.8 44.2 41.2 53.800000000000004 38.800000000000004 13 28 19.8 28.6 28.200000000000003 17.400000000000002 34.2 7.4 22 0 0 0.6000000000000001 15 0.4 0.4 0 0.4 0 0.8 0 0 1.2000000000000002 0.2 0 0 0 0 0 0.2 0.2 0.6000000000000001 0.4 0.4 0.8 0 0 0 0 0.6000000000000001 0.2 0 0 0.4 0.6000000000000001 0 0 0.4 0 0 0 0 0 0 0 0 0.2 0 0 0 0 0 0 0.4 0.6000000000000001 0 0.4 0 0 0 0 0 5.800000000000001 2.8000000000000003 2.8000000000000003 0 2.8000000000000003 4.4 2.6 4.800000000000001 2 5.2 3.8000000000000003 2 2.4000000000000004 8.8 6.4 5.4 0 6 5.4 0 0 0.4 0 0 0 0 0 0 0 0 0 2.2 0 0 0 0 0 0.2 0 0 0 0 0 0 0 0 0 0 0.4 0 0 0 0 0 0.2 0 0 0 0.4 0 0 0 0 0 0 0 0 0 0 0 1 0 0 0 0 0 0 0 0 0 0 5.4 3.6 0 0 5.6000000000000005 2.6 4.4 1.8 2 2.8000000000000003 1.4000000000000001 0 5.6000000000000005 10.200000000000001 0 0 0 0 0 0 0 0 0 0 0 0 0 0 0 0 0 0 0 0 0 0 2.8000000000000003 0 0 0 0 0 0 0 0 0 0 0 0 0 0 0 0 0 0 0 0 0 0 0 0 0 0 0 0 0 0 0 0 0 0 0.6000000000000001 0 0 0 0 0 0 0 2.8000000000000003 0 0 0 0 17.400000000000002 0 0 0 0 3.4000000000000004 0 0 0.4 0 0 0 0 0 0 0 0 0 0 0 0 0 0 0 0 0 0 0 0 2.6 0 0 0 0 0 0 0 0 0 0 0 0 0 0 
 0 0 0 0 0 0.2 0 0 0 0 0 0.2 0 0.6000000000000001 0 0 0.4 0 0 0 0 54.800000000000004 26 27.6 11.8 7.2 92.4 103.4 23 22.8 84 15.600000000000001 29.8 40.6 103.4 9.600000000000001 43 16.2 8.8 83 0 0.4 0 0 0 0 0 0 0 0 1.4000000000000001 0 0.2 0 0 0 0 0 0 0.4 0 0 0 0.6000000000000001 0 0 0.6000000000000001 0 0.4 0 0 8.8 0 0 0 6.2 0 0 0 0.6000000000000001 0.4 0 0 0 0.6000000000000001 0 0 0 0 0 0 0 0 0.2 0 0 0 0 0 0 2.2 4.6000000000000005 6 3.6 10.4 0 1.2000000000000002 0 0 0.6000000000000001 0.2 0.8 4 1.4000000000000001 8.200000000000001 4 2 4.4 1.6 0 0 0 0 0 0 0 0 0 0 0 0.2 0 0 0 2 0 0 0 0.2 0 0 0 0 0 0 0 0 0 0 0 0 0 0 3.2 0 0.8 0 0 0 0 0 0 0 3.8000000000000003 0 0 1.2000000000000002 0 1 0 0 0 0.2 0 0 0 0 0 0.4 0.2 0 0 2.2 1.8 3.6 0 9.8 0 2.2 0.2 2 0.8 5.6000000000000005 0 7.6000000000000005 4.800000000000001 3.4000000000000004 3.6 0 0 0 0 0 3.6 0 0 1.6 0.2 0 0 0 0 0 0 0 0 0 0 0 2.2 0 0.2 0 0 2.2 0 0 0 0 0 0 0 0 0 0 0 0 0 0 0 0 0 0 0 0 0 0 0 0 0 0 0 0 0 1.4000000000000001 0.2 0.4 30.200000000000003 0 0 0 0.6000000000000001 0 0 0 0 0 0 0 0 0 0 0 0 0 0 0 0 0 0 0 0.2 0 0.2 0 0 0.6000000000000001 0 0 0 
 0.6000000000000001 0.4 0.6000000000000001 0.6000000000000001 5.6000000000000005 0.6000000000000001 0.6000000000000001 0.4 0.6000000000000001 0.6000000000000001 0.4 0.6000000000000001 0.6000000000000001 1.2000000000000002 0.6000000000000001 0.6000000000000001 1.8 0.6000000000000001 0.6000000000000001 0.6000000000000001 54.800000000000004 0 33.4 73 35.800000000000004 23 65.4 83 26.6 24 8.8 92.60000000000001 13.8 10.8 21.6 78.60000000000001 24.200000000000003 40.2 94.80000000000001 9.600000000000001 0 0.4 0 0 0 0.2 0 0 1.2000000000000002 0 0.4 0 0.4 0 0 0 0 0.8 0 0 0.4 0 0 0.6000000000000001 0 0 0.6000000000000001 0 0 0 0 0 0 0 0 0 0 0 0 0.4 0 0 0 0 0 2.6 0 0 0 0 4.800000000000001 0 0 0 0 0 0 0 0 0 3.6 0 4.4 1.4000000000000001 11 2.2 0 0.2 2.2 0 3.8000000000000003 0 0 5.6000000000000005 0 2.6 1 0 0 2.4000000000000004 0 0 0 0 0 0 0 0 0 0 0 0 2.4000000000000004 5.6000000000000005 2.6 0 0 0 6.4 1.8 0 0 0 0 0 0 0 0 0 0 0 0 0 0.8 0 5.800000000000001 0 0 0 0 0 0 0 0 0 4.6000000000000005 0 0 0 0 0 0 0 0 0.2 0 0 0 0 0 0 9 10.600000000000001 3.4000000000000004 6 0 1 2.6 8 6.4 0.2 0 0 3.6 9.8 8.200000000000001 8.8 0.2 2.4000000000000004 0 3 0 0.2 0 0 0 1.8 0 0 0 0 0 7.6000000000000005 2.8000000000000003 0 0 0 0 4.800000000000001 2.4000000000000004 0 0 0 0.4 0 0 0 0 0 0 0 0 0 0 0 0 0.2 0 0 0 0 0 2.6 0 0 0 0 0 0.4 0 0 0 0 0 2 0 0.4 9 15.600000000000001 0.4 0 0 0 0 0 0 0.4 0 0 0 0 0 0 0 0 0 0 0 0 0 0 0 0 0 0 0 0 0 0 0 
 0.4 0.8 1 0 4.800000000000001 15.200000000000001 0 0 0 0 0 0 0 0 0 0 0 0.4 0 15 26 33.4 0 21.200000000000003 8 16.2 32.4 66.4 68.2 8.4 29 10.200000000000001 33.4 31.8 71.4 25.400000000000002 25.8 79.4 7.2 24.200000000000003 0.2 0.4 0 0.2 0 0 1.2000000000000002 0 0 0.2 0.4 0 0.4 0 0 0 0 13.200000000000001 0 13.4 0 10.200000000000001 0 0.6000000000000001 0 0 0.6000000000000001 0 0 1.6 0 0 0 0 1 0 0 0 0 0.4 0 0.2 0 0 0 0.2 0 0.4 0 0 0 0.2 0 0.4 0 0 0 0 0 0 0 2 2.6 11 0 0 1.6 0 3.8000000000000003 2.6 0 0 0 0.4 0 4.4 2.2 2.2 1.8 2 0.2 0.2 0 0 0 0 4.6000000000000005 0.2 0 0 0 0 2.6 0.2 0 0 0 0 1.2000000000000002 0 0 0 0 0 0 2 0 0.2 0 9.200000000000001 4.2 0 0.2 0 0 0 0.2 0 0 0 0 0.2 5 0 0 0 0.2 0 0 0 0 0 0.2 0 0 0 0 0 0 0 0 3.2 0.2 7.4 0 3.2 8.6 2.2 8 4.2 0 0 0 2.4000000000000004 4.800000000000001 0 4.4 0 2.4000000000000004 4 3.8000000000000003 0 0 0 0 0 0 0 0 1.2000000000000002 0 0 0 0 1.2000000000000002 1.8 0 0 0 2.4000000000000004 0 0 0 0 0 2.4000000000000004 0 0 0 0 0 0 0 0 0.2 0 0 0 0 0 0 0 3 0 0 0 0 0 0 0 0 0 0 0 1.6 0 0.4 0.2 0.2 0 2.4000000000000004 0 0 0 0 0 0 0 0 0 0 0 0 0 0 0 0 0 0 0 0 2.6 0.2 0 0 3.6 0.2 0 0 0 
 0.4 0.8 0.8 0.4 6.4 0.4 0.4 0.4 15 0.4 0.4 0.4 0.4 1 0.6000000000000001 0.4 0.8 0.4 1.2000000000000002 0.4 27.6 73 21.200000000000003 0 47 16.2 26 20.6 52 22.200000000000003 38.2 60.6 78.2 38.400000000000006 13.200000000000001 10.4 8.4 23.8 18.8 10.600000000000001 24.6 12.8 0 0 1.2000000000000002 1.4000000000000001 13 7.2 0 0 0.4 0 0.4 0 0 0 0 0 4.800000000000001 12.4 0 0 0 0.6000000000000001 0.2 0.4 0.6000000000000001 0 0 0 0 0 0 0 0 0 0 0 0 0.4 0 0 0 0 0 0 0 0 0 0 0 0 0 0 0 0 0 0 0 0 0 1.6 0.6000000000000001 0.4 5.2 1.8 0 0 0 2 3.2 5.800000000000001 0 0 2 0 0.2 0 0 0 2.8000000000000003 2.8000000000000003 1.8 0.4 0.2 0 0.2 4.6000000000000005 4 0 0.2 0 6.6000000000000005 0.4 0 1.2000000000000002 0.2 2.2 2.8000000000000003 3.6 0 0 0.6000000000000001 0 0 0 0 0 0 0 0 0 0 0 0 0 0 0 0 0 0 0 0 0 0 0 0 0 0 0 0 0 0 0 0 0 0 0 0 0.2 0 0.2 3.4000000000000004 4.800000000000001 9 5.4 0.4 0 2.6 2.2 7 2.4000000000000004 0 0 0 0.2 4.2 0 0 0 4.6000000000000005 2.2 2.2 0 0 0 0.2 0 0 0 0 0 2.2 13.4 0 0 2.2 0 5 5.2 0 0 0 0 0 0 0 0 0 0 0 0 4 0 0 0.6000000000000001 0 0 0 0 0 0 7.2 0 0 0 0.4 0 0 0 0 0 0 0 4.800000000000001 0.4 0.6000000000000001 0 9.8 0.2 0.8 0 0 0 0 0 3.6 0 0 0 0 0 0 0 0 0 0 0 0 0 0 0 0 0 0 0 0 0 0 0.2 
 0.4 0.6000000000000001 0 0 0 0 0 0 0.8 0.6000000000000001 0 0 0 7.6000000000000005 0 0.2 0 0 0 0.4 11.8 35.800000000000004 8 47 0 84.2 7.6000000000000005 16.2 56 18.2 31.8 48 13.8 20.400000000000002 15.600000000000001 12.8 11 8.4 13.200000000000001 18.8 4.800000000000001 12.600000000000001 5.800000000000001 0 0.6000000000000001 0.4 25.400000000000002 1.2000000000000002 0 0 0.4 0.4 24.400000000000002 6 6.2 0.4 0 0 0.8 13 0 0 0.4 0.6000000000000001 2 1.8 0.6000000000000001 0 0 0 0.6000000000000001 9.8 0 0 0.2 10 7.2 0 0 0.4 0 0 0 0 0 0 3 0 0 0 0 0 0 0 0 0 0 0 0 0.2 0 2.4000000000000004 1.2000000000000002 0 4.4 7.4 0 0 0 4.4 4.2 4.800000000000001 0 0 0 0 0 0 0 0 12.200000000000001 4 3.8000000000000003 3 0 0 5.6000000000000005 12.600000000000001 0.2 0 4.2 2.2 3.4000000000000004 8.200000000000001 6.4 5.800000000000001 0.2 10.600000000000001 0 7.800000000000001 2 0 0 0 0 0 0.2 0 0 0 0 0 5.6000000000000005 0 0 0 0 0 2.8000000000000003 0 0 0 0 0 0 0 0 0 0 0 0 0 0 0 0 0 0 0 0 0 0 3 7.800000000000001 0 1.4000000000000001 3.6 0 0 4.6000000000000005 5 2.2 1.4000000000000001 0 0 0 1.2000000000000002 0 6.6000000000000005 0 0 2.8000000000000003 3.8000000000000003 0 2 0 0 0 0 3.8000000000000003 0 0 0 6.800000000000001 13.4 5 0.8 0 0 4.2 4.6000000000000005 0 0 0 0 0 0 0 0 0 0 0 0.4 0 0 0 0 0 0 0 0 0 0 0 0 0 0 0 0 0.4 0 0 0 0 0 3.6 0 0 15.600000000000001 30.8 0 0.4 0 0 0 0 0.4 1 0 0 0 0 0 0 0 0 0 0 0 0 0 0 0 0 0 0 0 0 0 0 0 
 0 1.4000000000000001 0.4 0 0 0 0 0 0 0.4 0 0 0 0.2 0 0.2 0 0 0.4 0 7.2 23 16.2 16.2 84.2 0 9.4 11.600000000000001 26 52 74.2 29.8 6.4 24 10 28.6 39.2 10.8 51.2 8.8 13 0.6000000000000001 25.6 0 0.2 0.6000000000000001 28 1 0 0 0.8 0.4 12.8 12.4 25 0 0.6000000000000001 13.4 0 17.2 0 0 0 0.6000000000000001 1.4000000000000001 0.4 0.6000000000000001 0 1 0 0 0.4 0.6000000000000001 0 0 0 9.600000000000001 0.6000000000000001 0 0.4 0 0 0 0 0 0 0 0 0 0 0 0 0 0 0 0 0 0 0 0 0 0 0.2 8.6 4.2 5.4 1.6 0 0 0.2 4.800000000000001 2.2 1.6 0 0 0 0 0 0 0 2.4000000000000004 6.800000000000001 1.2000000000000002 5.800000000000001 0 0 9 0.6000000000000001 0 0 3 3.2 11 5.2 0 3.8000000000000003 2.4000000000000004 7 0 5.800000000000001 0.4 0 0 0 0 0 0 0 0 0 3.8000000000000003 0 1.2000000000000002 0 0 0 0 0 0 0 0 0 0 0 0 0 0 0 1.8 0 0 0 0 0 0 0 0 0 0 0 0.2 2.8000000000000003 6.6000000000000005 7.6000000000000005 0.2 6 0 0 2 8 3.8000000000000003 0 0 0.2 0 0 0 0 0 0 13.600000000000001 3.4000000000000004 2.4000000000000004 0 2.6 0 0 0 2 0.2 0 0 1.8 7.4 4.2 4 2.4000000000000004 2.2 1.2000000000000002 2.4000000000000004 1.4000000000000001 0 2.6 0 0 0 0 0 0 0 0 0 0 0 0 0 0 0 0 0 0 0 2.6 0 0 0 0 0 0 0 0 0 0 0 1 1.2000000000000002 1.4000000000000001 0.2 16.8 0 1 0 0 0 0 0 2.6 0 0 0 0 0 0 0 0 0 0 0 0 0 0 0 0 0 0 3.6 0 0 0 0 
 0.4 0.4 1 0.4 1 0.4 0.4 1 0.6000000000000001 0.8 12.8 5 0.4 1 0.4 0.4 0.6000000000000001 15.4 0.8 0.4 92.4 65.4 32.4 26 7.6000000000000005 9.4 0 39.800000000000004 10.600000000000001 60 7.800000000000001 36.2 62.400000000000006 52.2 10.600000000000001 15.600000000000001 49.800000000000004 23.8 13 98.60000000000001 0 0.4 0.6000000000000001 0 0 0 0 0 0.2 0 0.4 0 0.8 0 0 1.4000000000000001 1.6 0 0 0 0 0 0 0.6000000000000001 0 0 0.6000000000000001 0 0 0 0 0 0 0 0.4 0.6000000000000001 1.2000000000000002 0 0 0.4 0 0 0 0.4 2.6 0 0 0 0 0 2.6 0 0 0 0 0 0 2 0 0 5.4 7 4.2 0.2 13.200000000000001 0 5.6000000000000005 2.8000000000000003 0.2 0 0 2.2 1.4000000000000001 2.6 6.4 0.6000000000000001 1.6 9.4 1.2000000000000002 3.6 0 0 0 0 0 0 0 0 0 0 0 0 0 0 0 0 0 0 1.2000000000000002 0 0 0 0 0 2.2 0 0 0 0 0 0.8 0 0 0 0 0 0 0 0 0 0 0 1.2000000000000002 5.2 0 0 0 0 0.6000000000000001 0 0 0 1.2000000000000002 0 0.2 0 0 0 0 0 0.4 5.2 5 0.2 2.4000000000000004 3.6 5.2 11.4 0 0.2 1.6 4.4 4 0.6000000000000001 0 9.8 1.4000000000000001 5 0.6000000000000001 0.2 0 0 0.2 4.2 0 0 0 0 0 0 0 0 0 0 0 0 0 0 0 0 0 0 0 0.4 0 0 0 0 0 0 0 0 0 0 0 0 0.2 0 0 0 0 0 0 0 0 0 12.8 0 0 0 0 0 0 0 3.4000000000000004 0 0 15.200000000000001 0 0.6000000000000001 2.8000000000000003 0 0 0 0 0 0 0 0 0 0 0 0 0 0 0 0 0 0 0 0 0.2 0 0 0 0 1.8 0 0 0 
 10 0 0 0 0.8 0 0 0 0.2 0 0 0 0 0.4 0 0 0.6000000000000001 0 0.4 0 103.4 83 66.4 20.6 16.2 11.600000000000001 39.800000000000004 0 31.8 49.6 6.800000000000001 5 37.4 44 41.2 51.6 66.60000000000001 38.2 52.400000000000006 6.4 0 0.4 0 0 0 0 0 0 0.4 0 0.4 12.4 0.4 0 0 0 0 0 9.8 0 0 0 0 0.6000000000000001 0 0 0.6000000000000001 0 0 0 0 0 0 0.2 0 0 0 0 0 0.4 0 0 0 0 0 0 0 0 0 0 0 0 0 0 0 0 0 0 0 0 2.2 3 1.4000000000000001 5.4 6 0 1.6 3.4000000000000004 0 1 2.2 1 7 2.8000000000000003 5.6000000000000005 5.6000000000000005 0 6.2 1 4 0 0 0 0 0 0 0 0 2.4000000000000004 0 0 0 0.2 0 0 0 0 0 6 0.4 0 0 0 0 0 0 0 0 0 0 4.4 0 0 0.2 1.6 0 0.2 0 0 0 0 0.2 11.4 1.2000000000000002 0 0 1.6 0 2.8000000000000003 0 0 0 0 0 0 0 0 0 0 0 0 0 0 3.2 0 0.6000000000000001 1 4.4 3.8000000000000003 0 4.2 0.2 2.2 2 10.8 0 5.2 7 1.8 0 1.4000000000000001 0 0 0 0 0 1.2000000000000002 0.2 0 0 0 0 6 0 0 0 2 0 0.2 2.8000000000000003 0 0 0 0 0 0 0 0 0 0 0 0 0 0 0 0.2 0 0 0 0 0 0 0 0 0 0 0 0 0 0 0 0 0 0 3 0 0.4 1 0 0 0 4.6000000000000005 0 0 0 0 0 0 0 0 0 0 0 0 0 0 0 0 0 0.4 0 1.8 0 0 0 0 0 0 0 0 
 0.4 0.4 0.4 0.4 3 15.200000000000001 0.4 0.4 0.4 0.6000000000000001 0.8 0.8 0.8 1 0.4 0.6000000000000001 1.2000000000000002 0.8 0.6000000000000001 0.8 23 26.6 68.2 52 56 26 10.600000000000001 31.8 0 16.6 36 7.800000000000001 63.2 45.400000000000006 32.2 7.6000000000000005 24.200000000000003 9.200000000000001 17.6 12.4 0.4 42 0 0.6000000000000001 1 1.2000000000000002 1.4000000000000001 1 0.2 1 1 0 1.6 0.2 0.2 0.4 0.4 0 19 0.4 0 0 0 0.6000000000000001 0.6000000000000001 0 0.6000000000000001 0 0.4 0 0 0 0 0 1 0 0 0.2 0 0.4 0 0 0 0 3.8000000000000003 0.4 0 0 0 0 0 0 0 0 0 0 1.6 0 0 0 0 4.800000000000001 6.4 0 2.4000000000000004 1.8 0 2.2 3.4000000000000004 5.800000000000001 7.6000000000000005 4.2 0 0 1.2000000000000002 0.2 7.800000000000001 0 1.8 1.8 0 0 0 0 0 0 0 0 0.2 0 0 0 2 4.4 0.4 0 0 0 10.8 1.6 0 0 2.2 0 0 0 0 0 0 0 1.2000000000000002 0 0 4 0 0 0 0 0.4 0 0 0 0 0.2 0.2 0.2 0 0 0 0 0 0 0 0 0 0 0 0 0.2 0 0 7.800000000000001 4.2 0 3.4000000000000004 5.2 4 1.8 8.200000000000001 7.6000000000000005 2 5.6000000000000005 0 0 0 2.2 4.800000000000001 0 2 4 0 0 0 0 0 0 5.800000000000001 2 0 0 0 0 5.2 2.4000000000000004 0 0 0 0 8.8 7.6000000000000005 0 0 0.2 0 0 0 0 0 0 0 0 0 0 0 0 0 0 0 0 0 0 0 0 0 0 0 0 0 0 0.2 0 0 2.2 0 1.6 0.4 0 0.2 15.4 0.2 0.2 0.4 0 0 0 0 0 0 0 0 0 0.4 0 0 0.4 0 0 0 0 2.2 0 0 0 0 0 0 0.2 0 0 0 
 0 0 0 0.2 14.8 0 0 0.4 0 0 14.4 0 0 0.4 0 0 0.6000000000000001 0.4 0 0 22.8 24 8.4 22.200000000000003 18.2 52 60 49.6 16.6 0 32.4 14.4 36.800000000000004 13.4 34.800000000000004 69 19.6 27.200000000000003 60 47.6 12.4 0.4 0 0.4 0 0 0.6000000000000001 0 1 0.6000000000000001 0.8 0.2 0 0 0 0 0 0 5.800000000000001 12.4 0 0 0 0.6000000000000001 0 0 0.6000000000000001 0 0.4 0 0 0 0 0 0 0 0 0 0 0.4 0 0 0 0 0.6000000000000001 3.2 0 0 0 0 0 0 0 0 0 0 0 0 0 0 3 4.4 7.4 2.4000000000000004 1.8 0 1.6 0 0.2 1.2000000000000002 1.6 0 3.8000000000000003 3.6 6.2 3.6 1.6 5.4 0 3 0 2.4000000000000004 0 0.4 0 0 0 0 0 0 0 0 2.2 0 0 0 2.6 0 1.2000000000000002 0 0 0 0 0 0 0 0 0 0 0 0 0 0 0.2 0 0 0 0 0 0 0 0 0 0 0 0 0 0 0.2 0.2 0 0 0.2 0 0 0 0 0 0 0 0 3.6 1 3 2.4000000000000004 1.6 7.2 2.2 0 1.8 3.6 0.2 6.2 5.2 0.2 4 0.2 4.4 0.6000000000000001 0 2.8000000000000003 1.8 0 0 0 0 0 0 0 0 0 0 0.4 0 0 0 0 0 1.6 0 2.2 0 0 0 0 0 0.2 0 0 0 0 0 0 0 0 2.2 0 0 0 0 0 0 0.4 0 0 0 0 0 0 0 0 0 0 0 2.4000000000000004 0.4 0.6000000000000001 0.2 0 0 2.8000000000000003 3.8000000000000003 0 0 0 0 2.2 0 0 0 0 0 0 0 0 0 0.2 0 0 0 0 2.4000000000000004 0 0 0 0 0 0 0 0 
 0 0 0 0 0 0 14.8 0 0.2 0 0 7.800000000000001 0 0 0 0 0 0 0.4 0 84 8.8 29 38.2 31.8 74.2 7.800000000000001 6.800000000000001 36 32.4 0 48.6 14.8 27.200000000000003 63 19.8 22.200000000000003 34.4 49.2 67.4 4.800000000000001 0.4 0 0 0 0 12.600000000000001 0 0 0 0.4 0.2 0.4 0.2 0 0 0 0 12.4 0 0 0 0 0.6000000000000001 1 0 0.6000000000000001 0 0 0 0 0 0 0 0 0.2 1 0 0 0.4 0 0 0 0 0 0 0 0 0 0 0 0 0 0 0 0 0 0 0 0 0.4 2.6 0 1.6 6.800000000000001 7 0 0 0 0 5.800000000000001 2.4000000000000004 0 3.2 1.8 0.4 2.4000000000000004 0 0 0 0 0 0 5.800000000000001 0 0 12.8 1.8 0.2 0 0 0 4.2 10.200000000000001 3.4000000000000004 4.4 1.8 2.8000000000000003 11.8 6 0 0 0 0 0 0 0 0 0 0 0 0 0 0.8 0 1.4000000000000001 0 0 0 0 0 0 0 0 0 0 0 0 0 0.4 0 0 0 0 0.4 0 0 0 0.4 0 0 0 3.6 0.2 2.8000000000000003 0 0 0 1 4.6000000000000005 3.4000000000000004 1.8 1.4000000000000001 0 0 3.8000000000000003 2.4000000000000004 0 0 0 4 0.2 2.8000000000000003 0 4.4 0 0 0 2.8000000000000003 0 0 0 1.2000000000000002 4.2 0 2.4000000000000004 2.4000000000000004 0.4 5 4.2 0 0 0 0.2 0 0 0.4 0 0 1.6 0 0 0 0 0 3.6 0.4 0 0 0 0 0 0.4 0 0 0 0 0 0 0 0 0 0 0 1.4000000000000001 0.8 0 8.200000000000001 8.8 0 0.2 0 0 0 0 0 2 0 0 0 0 0.4 0 0 0 0 0 0 0 0 0 0 2.2 0 0 0 0 0 0 0 
 0 0 0 0 0 0 0 0 0 0 0 0 0 0.2 0 0 0.8 0 0.6000000000000001 1.2000000000000002 15.600000000000001 92.60000000000001 10.200000000000001 60.6 48 29.8 36.2 5 7.800000000000001 14.4 48.6 0 39.6 6 22 28.200000000000003 19.8 16.2 7 21 25.8 18 13 0.8 1.8 0.4 13.4 16.8 0 0.6000000000000001 0.4 0 13.8 15.600000000000001 13.8 0 0.2 0 0 0 0 0 0 0.6000000000000001 1.2000000000000002 0.2 1 0.4 0 0 0 0 0.8 0.2 0 0.2 9.4 0 0.4 0.4 0 1.2000000000000002 0 5.4 0 0 0 0 0 0 0 0 0.2 0 0 0 0 0 0 0 0 8.8 2.6 0 4.6000000000000005 4.2 0 0 0 2.8000000000000003 2 4.6000000000000005 0 0 2.2 0 4 1.4000000000000001 0 0 4 2.8000000000000003 0 4.2 0 0 3 3 5.4 0 0 4.4 5 4.800000000000001 0 3.8000000000000003 2 4 1.4000000000000001 2.8000000000000003 0 0 1 0 0 0.2 0 0 0 0 0 0 0.2 0 0 0 0 0 0 0 0 0 0 0 0.2 0 0 0 0 0 0 0 0.2 0 0 0 0 0 0 0.4 0 2.6 2.6 0 1.8 13.200000000000001 2.8000000000000003 0 3 2.4000000000000004 1.4000000000000001 4.6000000000000005 5.800000000000001 2.2 0 4.2 1 0 0 0 7.800000000000001 2.2 0.2 0 0 0 0 2 2.6 0 0 0 1.6 10.4 3.4000000000000004 4 0 0 8.200000000000001 0.2 0.2 0 0 0 0 0 0 0 0 0 0 0 0 0 0 0 0 0 0 1.2000000000000002 0 0 0.8 0 0 0 0 0 0 0 0 0 0 0 1.6 0.8 0.4 0 19.8 0 3.6 0.4 0 0 0 0 3 0 0 0 0 0 0 0 0 0 0 0 0 0 0 0 0 0 3.8000000000000003 0 0 0 0 0 
