 0 32.6 34.800000000000004 29 43.800000000000004 7.800000000000001 38.6 49.6 5.800000000000001 16.400000000000002 23.8 23.6 9.200000000000001 10.8 30.400000000000002 8.4 20.200000000000003 57.6 9.4 71.4 0.4 0.6000000000000001 0 0 0 24 0 0 0 0 0.2 0.4 0 0.4 0 0.6000000000000001 0.4 0 0 0 0 0 0 0 0 0 0 0 0.4 0 0 0 13.600000000000001 0 0 0 0 0 0 0 0 6 0 0 0 0 0 0 0 0 0 0 0 0 0 0 0 0 0 0 2.2 7.4 0 0.8 3.6 0 3 4.800000000000001 5.800000000000001 4.800000000000001 8.6 2.8000000000000003 2.2 3.2 1.6 0 8.8 0.4 0.4 0.4 0 0 0 0 0 0 0 0 0 0 0 0 0 0 0 0 0 0 0 0 0 0 0 0 0 0 0 0 0 0 0.4 0 0 0 0 0 0 0 0 0 0 0 0 0 0 0 1.6 0 0.8 0 0 0 0.4 0.4 0 0 0 0 0.4 0.8 0.2 6 2.8000000000000003 6 0 0.4 5.800000000000001 4 9.8 6 3.6 2.8000000000000003 0.2 0 6.800000000000001 3.2 4.800000000000001 0.2 0.4 2.4000000000000004 0 0 0 0 0 0 0 0 1.8 0 0.2 0 0 0 0 0.2 0 0 2 3.6 0 0 0 0 0 0 0 0 0 0 0 0 0 0 0 0.2 0 0 0 0 0 0 0 0 0 0 0 0 0 0 0 0 0 0 0 0 0.2 0 0 0 0 0 0 0 0 0.8 18.6 0 0.2 17.8 0 3.8000000000000003 0 0 0 0 0 0 0 0 0 0 0 0 0 0 0 0 0 0 0 0 0 0 0 0 0 0 0 0 0 0 0 0 0 0 0 0 0 0 
 32.6 0 24.200000000000003 57 61.2 54.6 57.6 119.60000000000001 60.2 25.400000000000002 11.8 28 12.8 47.800000000000004 15 31.400000000000002 27.200000000000003 8 11.200000000000001 13.200000000000001 0 0 0 15.200000000000001 0 0.4 0 0 1 0 0.6000000000000001 0.2 21 0.4 0 0 0.4 0 30.6 17 0 0.4 0 12.8 0.6000000000000001 0.8 0.8 1 0 0.6000000000000001 1 1 0 0.2 0 0 0.6000000000000001 1.4000000000000001 0 6.800000000000001 0 5.800000000000001 0 0.6000000000000001 0 0 0 0 0 0 1 0.8 0 0 0.8 0.6000000000000001 0.4 0 0 0 2 11.600000000000001 4 4.2 2 3 0 10 0 0.4 5.6000000000000005 7.6000000000000005 0.2 3 4.6000000000000005 6.4 2.8000000000000003 0 0 0.2 0 0 0 0 0 0 0 0 0 0 0 0 0 0 0.2 0 0 0 6.4 0 0 0 0 0 0 0 0 0 0 0 0 0 0 0 0 0 0 0 0 0 0 0 0 0 0 0 0 0 0 0 0 0.2 0 0 1 0 0 0 0 0.4 3 7.4 0 9.4 0 0.4 2 0.2 2.8000000000000003 1.6 1.6 6.4 0 5 2.2 0 6.2 6.4 0 1.4000000000000001 0 0 0 0 0 0 0 0 0 0 0 0 6 0.2 3.8000000000000003 0 0 0 0.4 4.6000000000000005 0 0 2.4000000000000004 0 0 0 0 0 0 0 0 0 0 0 0 0 0 0 0 0 0 0 0 0 0 0 0 0 0 2.2 0 0 0 0 0 0 0 0 0 0 0 0 0 0 0 0.2 0.2 0 0 0.2 2.2 2.2 0 0 0 0 0 0 0 0 0 0 0 0 0 0 0 0 0 0 0 0 0 0 0 1.6 6.800000000000001 0 0 0 0 0 0 0 0 0 0 0 0 0 
 34.800000000000004 24.200000000000003 0 60 10.4 7.6000000000000005 23.8 30.8 21.6 27.8 11.200000000000001 6.800000000000001 28 51.6 24.400000000000002 84.60000000000001 30.8 28.400000000000002 10 51.800000000000004 0 0.2 0 0.2 0.2 0 0 0.4 0.4 0 0 0 0 0 0 0 0 0 0.6000000000000001 15.8 0.6000000000000001 0 0 0.4 0.6000000000000001 0 1.2000000000000002 0.8 0.6000000000000001 0.6000000000000001 0 0 12 0 0 0 0.2 0.4 8.6 13.200000000000001 0 0 0 0 0.6000000000000001 0 0 0 0 0.4 0.4 0 0 0 0.4 0 1 0.2 0 0 7.800000000000001 7 6.6000000000000005 2.2 0.4 1.8 1 3.8000000000000003 2.4000000000000004 0 0 2.8000000000000003 1.8 0.2 4.4 5 0 7.800000000000001 2.8000000000000003 5.2 0 0 0 0 0 0 0 0 0 0 0 0 10.600000000000001 2.8000000000000003 3.2 0 0 0 1.8 0 0 1.8 0 0 0 0.2 0 0 0 0 0 0 0 0 0 0 0 0 0.2 0 0 0 0 0 0 0 0 0 0 0 0 0 0 0 1.4000000000000001 0 0 0 0 0 2.8000000000000003 2.8000000000000003 0.4 4.800000000000001 0 2 1.4000000000000001 2.4000000000000004 0.4 0 2.2 2.8000000000000003 0.2 0 0 0.2 12.8 2.4000000000000004 0.4 0.2 0 0 0 0 0 0 0 0 0.4 0 0 0 0 2.8000000000000003 1.6 0 0 0 0 0.2 0 0 0 2.6 3 0 0 0 0 0 0 0 0 0 0 0 0 0 0 0 0 0 0 0.2 2.8000000000000003 0 0 0 0 0 0 0 0 0 0 0 0 0 0 0 0 0 6.4 0 0 0.2 23 0 0.4 0.2 2 3.4000000000000004 0 0 0.4 0 0 0 0 0 0 0 0 0 0 0 0 0 6.800000000000001 0 0 0 0 0 0 0 2.6 0 0 0 0 0 0 0 0 0 0 0 0 0 
 29 57 60 0 45.2 23.8 39 18.400000000000002 56.6 22 43.2 45.800000000000004 28.400000000000002 50 65.2 24 54.400000000000006 30 18.2 85 0 0.2 0 0 0 0 0.2 0 0.4 0 0 0.2 0 0 0.4 0 0 0 0 0.6000000000000001 0 0 0 0.2 0.6000000000000001 0 0.2 0.4 0.2 1.8 0 0 1.2000000000000002 0 0 0 0 0.4 6.2 0 0 0 8.200000000000001 0 0 0 0 0 0 0 0.4 0 0 0 0.4 8 0.4 0 0 0 0.2 0 0 5.2 0 0 0 0.2 3.2 4.800000000000001 7.2 0.2 0 5.6000000000000005 2.8000000000000003 2.4000000000000004 0.2 3.4000000000000004 0 7.800000000000001 0 0 0 0 0 0 0.2 0 0 0 0 0 0 1.4000000000000001 1.6 0 0 0.4 0 0.4 0 0 0 0 0 0 0 0 0 0 0 0 0 0 2.4000000000000004 0 0 0 0 0 0 0 0 0 0 0 0 0 0 0 0 0 0 0.4 0.4 0 0 0 0 1.2000000000000002 0 0 0 0.2 3 4.6000000000000005 6.4 0.6000000000000001 5.4 10 0 2 0 0 4.2 4.800000000000001 2.4000000000000004 2.4000000000000004 0 3.6 0 0 0 0 0 0 0 0 0 0 0.4 0 3.4000000000000004 0 0 0.4 0 0 0 0 0 0 0 0 0 0 0 0 0 0 0 0 0.2 0 0 0.4 0 0 0 0 0 0 0 0 0 2 0 0 0 0 0 0 0 0 0 0 0.4 0 0 0 0 0 0 0 0 0 0.2 0 2 21.200000000000003 0 0.6000000000000001 0 0 0 0 0 0 0 0 0 0 1.8 0 0 0 0 0 0 0 0 0 0 0 0 3.8000000000000003 0 0 0 0 0 0 0 0 0 0 0 0 0 0 
 43.800000000000004 61.2 10.4 45.2 0 38.6 15.4 25 35.4 38.6 36.2 66.2 52.400000000000006 55.6 95.2 20.6 79.2 46 19 19.8 0.2 15.200000000000001 0 0.8 0 0 20 19.6 0.8 0 0 0 0.8 15 15 0.4 0 1.2000000000000002 1 20.6 0 0.4 0 0 1.8 0 0.6000000000000001 0.6000000000000001 1 5 0.6000000000000001 0 1.6 0 0 0 1 1.4000000000000001 0 0 0 0 0 0 0 1 0 0 1.2000000000000002 0 1 0.4 0 0 1.6 0 0.4 0 0.4 0 3.4000000000000004 3.8000000000000003 0 7.4 13.4 1.6 0 2.8000000000000003 2.6 5.800000000000001 2.8000000000000003 2.8000000000000003 0 4.800000000000001 0 0 2.4000000000000004 2.2 0 0 0 0 0 0 0 0 4.2 0.2 1.4000000000000001 2 0 0 3.8000000000000003 1 4 0 0 0.4 6 2.2 0 0 0 0 0 0 0 0 0 0 0 0 0 0 0 0 0 0 0 0 0 0 0 0 0 0 0.4 0 0 0.6000000000000001 0 0 0 0 0.2 0 0 0 0 0.6000000000000001 0.2 2.8000000000000003 0 3.6 4 2.2 4 0 9.600000000000001 3 0.8 6 0 0 2.2 1.6 0 1.6 0 1.4000000000000001 0.6000000000000001 0 0 0.4 0 0.4 3 3 0 0 0 0.4 7 0 0 0 1.8 6 10 6.4 0 0 0 0 0 0 0 0 0 0 0 0 0 0 0 0 0 0 0 0 0 0 0 0 0 0 0 0 0 0 0 0 0 0 0 0 0 0 0 0 0 0 0 0 0 0.4 0.8 0.8 0.2 18 0 3 3.6 0 0 0 0 0 0 0 0 0 13.600000000000001 0 0 0 0 0 0 0 0 0 0 0 0 3 0 0 0 0 0 0 0 0 0 0 0 0 0 0 
 7.800000000000001 54.6 7.6000000000000005 23.8 38.6 0 7.800000000000001 7.2 46.800000000000004 73 33.800000000000004 31 6.2 23.6 81 17.400000000000002 34.800000000000004 13.200000000000001 9.200000000000001 14 0.2 0.2 0 0.8 0 0.2 21.6 13.200000000000001 0.4 0 0 0.2 0.4 7.4 0 0 0 2.2 22.6 8 12.8 0 0 0.4 0.6000000000000001 0 0.6000000000000001 0.4 0 1.8 0.8 0 3.2 0 0 0 0 0.4 0 0.8 0 1.2000000000000002 0 0 0 0 0 0 0 9 0.4 0 0 0 0.4 0 0.4 0 0 0 0 0 5.800000000000001 0 6.2 3.2 0 2.2 2 8.4 2.8000000000000003 2.8000000000000003 0 1.2000000000000002 2.2 3.2 0 6.6000000000000005 0 2.6 1 2 0.2 0 0 0 2.4000000000000004 2 3 0 0 0 5.2 4.2 3 0 0 0 2.8000000000000003 0 0 0 0 0 0 0.2 0 0 0 0 0 0 0 0 0 0 0 0 0.2 0 0 0 0 0 0 0 0 0 0.4 0 0 0.4 0 0 0 2 0 0 0 0 0 2 0 0 0 0 5.800000000000001 0 0 4.6000000000000005 0.2 0 0 0 0 0 2.6 9.4 0 0 5.6000000000000005 1.8 0 0 0 0 0 0 0.4 0 0.2 0 2 2.8000000000000003 5.4 0 0 0 1.4000000000000001 0 0 0 0 0 0.2 0 0 0 0 0 0 0 0 0 0 0 0 0 5.4 0 0 0 0 0 0 0 0 0 0 0 0 0 0 0 0 0 0 0 0 0 0 0 0 0 0 0 0.8 0.4 0 2.8000000000000003 0 2.6 0.8 0 0 0 0 0 0 0 0 0 1.8 0 0 0 0 0 0 0 0 0 0 0 0 0 0 3.2 0 0 0 0 0 0 0 0 0 0 0 0 
 38.6 57.6 23.8 39 15.4 7.800000000000001 0 45 28.6 31.200000000000003 7.6000000000000005 6.6000000000000005 34.800000000000004 12 30.8 32 24.200000000000003 26.400000000000002 11.4 21.8 0 0 0 0 0 0 0.4 0 0.4 0 0.2 0.2 0 0.4 0 0 0 0 0 0.6000000000000001 0 0.4 0 0 0.6000000000000001 0 0.6000000000000001 0.4 0 0.6000000000000001 0 0 0 0 0 0 0 2 0 0 0 1.2000000000000002 0 0 0 0 0 0.8 0 0 0.4 0 0.2 0 0.4 0 0.4 0 0 0 4.2 3.2 12.200000000000001 0.2 0 0 3.8000000000000003 0.4 3.4000000000000004 2 3.8000000000000003 0 4.6000000000000005 7.800000000000001 2.8000000000000003 0 0 0.2 1.2000000000000002 4 0 0 0 0 0 0 0 0 0 0.2 0 0 0 0 0 0 0 0 0 0 0 0 0 0 0 0 0 0 0 0 0 0 0 0 0 0 0 0 0 0 0 0 0 0 0 0 0 0 0 0 0 0 0 0 0 0 0 0 0 0 5.800000000000001 2.2 0 3 0 0.6000000000000001 0.4 6.6000000000000005 0 0 0 0.2 3 2.2 0 0 6 0.4 3.8000000000000003 4.6000000000000005 0 0 0 0 0.4 0 0 0 0 0 0.2 0 0 0 0 0 0 0.2 0 0 0 0.2 0 0 0 0 0 0 0 0 0 0 0 0 0.2 0 0 0 0 0 0 0 0 0 0 0 0 0 0 0.4 0 0 0 0 0 0 0 0 0 0 0 0.2 0 0 0 0.4 18 0.4 0 2.2 0.4 3 0 0 0 0 0 0 0 0 0 0 0 0 0 0 0 0 0 0 0 0 0 0 0 0 0 0 0 0 0 0 0 0 0 0.4 0 0 0 0 
 49.6 119.60000000000001 30.8 18.400000000000002 25 7.2 45 0 55.6 27.6 11.200000000000001 65.60000000000001 62.400000000000006 63.400000000000006 52.6 83.2 24.6 20 75.4 16 0 0.4 0 0 0 0 0 0 0.4 0 0 0 0 0 0 0.4 0 0 0.4 0.6000000000000001 0.4 0 0 0 0.6000000000000001 0.6000000000000001 0.4 0.4 13 0.6000000000000001 0 0 0 0 0 0 0 0.4 0 0.6000000000000001 0 0 0 0 0.6000000000000001 0 0 0 10 0 0.4 0 0 0 0.4 0 0.4 0 0 0 1.8 3.6 2 5 0.6000000000000001 0 0 1.2000000000000002 0.6000000000000001 0 9.600000000000001 3.6 2.2 0 2.4000000000000004 13.4 2 9.8 4.6000000000000005 0.8 0 0 0 0 0 0 0 0 0 0 0 0 0 0 0 0 0 0 1.8 0 0 0 0.4 0 0 3.8000000000000003 0 0 0 0 0 0 0 0 0 0 0 0 0 2.6 0 0 0 0 0 0 0 0 0 0 0 0 0 0 0.4 0 0 0 0 0.8 2.4000000000000004 0.2 0 0 2 1 0 0 0 4.4 2.6 5 0 4.4 2.4000000000000004 2.6 6.6000000000000005 0.4 0 0.2 0 0 0 0 0 0 0 0.2 3.2 0 0 0 0 0 0 0 0 0.2 0 0 0 0 0 0 0 0 0 0 0 0 0 0 0 0 0 0 0 0 0 0 0 0 0 0 0 0 0 0 0 0 0 0 0 0 0 1.4000000000000001 0 0 0 0 0 3.6 0 0 0 0.2 0.4 0 0 0.4 0 4 0 0 0 0 0 0 0 0.4 0 0 0 0 0 0 0 0 0 0 0 0 0 0 0 3.8000000000000003 0 0 0 0 0 0 0 0 0 0.4 0 0 0 0 
 5.800000000000001 60.2 21.6 56.6 35.4 46.800000000000004 28.6 55.6 0 60.400000000000006 88.4 6.800000000000001 78.4 79.4 25 16.8 14.200000000000001 53.400000000000006 25 54.800000000000004 0 0 0 0 0 0 0.2 0 0.4 0 0 0.6000000000000001 0 14.600000000000001 0 0.2 0 0 0 0.6000000000000001 0 0.4 0 0.4 0.6000000000000001 0 0.6000000000000001 0.8 0 0.6000000000000001 0 0 0.6000000000000001 0 0 0 0 0.4 0 0 0 0 0 0 5.2 0 0 0 0 0 0.6000000000000001 0 0.2 0 0.4 0 0.4 0.2 0 0 0 0.2 4.2 2 0 0 0 0 4 6.800000000000001 12.200000000000001 4 0 2.4000000000000004 2.4000000000000004 9 4.6000000000000005 2.6 0 6.6000000000000005 0 0 0 0 0 0 0 0 0 0 0 0 0 0 0.2 0 0 0 0.2 0 0 0 0 0 0 0 0 0 0 0 0 1.8 0 0 0 0.4 0 0 0 0 0 0 0 0 0 0 0 0 0 0 0 0 0 0 0 0 0.2 0 0 0 3.2 0 3.8000000000000003 2.2 4.4 3.6 2.4000000000000004 0 0.4 5.6000000000000005 0 0 0.4 2.8000000000000003 6.6000000000000005 3.4000000000000004 2 5.6000000000000005 0 2.8000000000000003 0.2 0 0 0 0 0 0 0 5 0.2 0 0 0 0 0.4 0 0 0 1 0 0.2 0 0.2 0 0 0 1.8 0 0 0 0 0 2.2 2.2 0 0 0 0 0 0 0 0 0 0 0 0 0 0 0 4.2 0 0 0.2 0 0 0 0 0.2 0 0 0 0 0 0 0 0 0.4 0 17.6 21.400000000000002 0 2 0 0 0 0 0 0 0 0 0 0 0 0 0 0 0 0 0 0 6 0 0 0 0 0 0 0 0 0 0 0 0 0 0 0 0 0 0 0 
 16.400000000000002 25.400000000000002 27.8 22 38.6 73 31.200000000000003 27.6 60.400000000000006 0 48.400000000000006 26.8 10.4 34.4 60.6 29.8 15.4 26.400000000000002 15 50.6 0 0.2 0 0 0 0 0 0 0.4 0 0 0 0.2 5.800000000000001 0.2 0 0 0.4 5.2 0.6000000000000001 14.200000000000001 0 0 7 0.6000000000000001 0 0.4 0.4 0 0.8 0 0 1.6 0 0 0 0 0.4 0 0 0 7.4 0 0 0 0 0 0 0.2 0 0.4 0 0 0 0.4 0 7.4 0 0.2 0 0 2.4000000000000004 4.4 2.4000000000000004 0.4 4 0 3.2 6.800000000000001 8.200000000000001 4 1.8 0 2.8000000000000003 1.8 5.800000000000001 0.4 3.8000000000000003 0 3.6 3.6 0 0 0 0 0 0.2 0 0 0 0 0 2 1.6 1.8 0.8 0 0 1.6 0 0 0.2 0 0 2.2 0.4 0 0 0 0 0 0 0 0 0 0 0 2.4000000000000004 0.4 0 0 0 0 0 0 0 0 0 0.2 0 0 0.8 0 0 0 1.4000000000000001 0 1.2000000000000002 0 0 0 1 0.2 0 4.2 6.2 4.6000000000000005 0 3.4000000000000004 2.6 3.8000000000000003 0 2.2 0 2.2 0 5.6000000000000005 3.2 0 9.8 4 0 0 0 0 0 0 0 0.2 0 0 0 6.4 1.8 4.2 0 0 0 2.4000000000000004 0 0 0 0 0 0.2 0 0 0 0 0 0 0 0 0 0 0 0 0 0 0 0 0 0 0 0 0 0 0 0 0 0 0 0 0 0 0 0 0 0 0 0 0 0 0 0 0.4 0 0.4 1 18 0 2.2 0 0 0 0 0 0 0 0 0 0 1.8 0 0 0 0 0 0 0 0 0 0 0 0 0.2 0 4 0 0 0 0 0 0 0 0 0 0 0 0 
 23.8 11.8 11.200000000000001 43.2 36.2 33.800000000000004 7.6000000000000005 11.200000000000001 88.4 48.400000000000006 0 47.400000000000006 45.800000000000004 43 52.800000000000004 20.8 57.2 142 8.4 18.6 0 0.2 0 0 0 0.2 5 4.4 0.8 0 0 0 0 0 0 0 0 0 15 5 12.4 0 0 0.2 0.6000000000000001 0 0.4 0.4 0.2 2.2 0 0 0.6000000000000001 0 0 0 0 0.4 0 0 0 0.2 9 0 0 0 0 0 0 0 0.4 0 0 0 0.4 0 0.4 0 1 0 0 0 0.2 2 8.4 4.4 0 1.6 0 2.8000000000000003 0.6000000000000001 2.2 0 8.200000000000001 0 2.2 2.6 2.6 0 9 3.6 0 0 0 0 0 3.4000000000000004 1.8 4 0 0 0 0 2 0 3 0 0 2 0 0 0 0 0 0 0 0 0 0 0 0 0 0 0 0 0 0 0 0 0 0 3.8000000000000003 0 0 0 0 0 0 1 0 0 0 0 0 0 0 0 0 0 0 0 1.4000000000000001 3.6 0 6.4 2.2 6.2 0 12.600000000000001 10.200000000000001 5.2 0 0 0 3.6 1.6 1.2000000000000002 7.2 0 3.4000000000000004 2.8000000000000003 0 0 0 0 0 0.2 0 0 0 0 0 0.2 1.6 2.8000000000000003 0 0 0 0.2 0 0 0 0 0 0 0 0 0 0 0 0 0 0 0 0 0 0 0 0 0 0 0 0 0 0 0 0 0 0 0 0 0 0 0 0 0 0 0 0 0 0 0 0 0 0 0 0.8 0 9 0.6000000000000001 0 3 0 0 0.2 0 0 0 0 0 0 0 2 0 0 0 0 0 0 0 0 0 0 0 0 2.2 0 0 0 0 0 0 0 0 0 0 0 0 0 0 
 23.6 28 6.800000000000001 45.800000000000004 66.2 31 6.6000000000000005 65.60000000000001 6.800000000000001 26.8 47.400000000000006 0 6 27 7.4 22.8 43.400000000000006 16.2 22.400000000000002 6.800000000000001 0 0 0 0 0 0 14.8 16.2 1 0.6000000000000001 0 0 0 0 15 0 0 0 15 32 0 0 12.600000000000001 0.4 0.6000000000000001 0 0.8 0.4 0 2.6 0 0 2 0 0 0 0 0.4 0 0 0.6000000000000001 1.2000000000000002 0 0 0 0 0 0 0 6 0.6000000000000001 0 0 0 0.4 0 1.2000000000000002 0 3.4000000000000004 0 1.4000000000000001 11.600000000000001 2.6 8.8 15.200000000000001 5.2 0 2.2 5.800000000000001 7.2 4.2 3.2 0 3.2 5.4 0.2 2.8000000000000003 2.6 0 0.2 2.8000000000000003 0 0 0 0 0.2 2.8000000000000003 0 0.2 0 0 0 3.2 1.8 3 4.4 0.4 0 7.6000000000000005 0 0 0 0 0.6000000000000001 0 0 0 0 0 0 0 0 0 0 0 0 0 0 0 0 0 0.4 0 0 0.4 0 0 0 0 0.2 0 0 0 0 3 0 0 0 0 0.6000000000000001 3 5.800000000000001 0 9.600000000000001 4.4 2.2 0 0 4.4 1.6 6 7.4 0 2.4000000000000004 2.6 0 0.4 3.2 0 2.2 0 0 0 0 0 0 3.6 5.6000000000000005 0 0 0 0 15.200000000000001 2 0 0 0 4.2 3.6 4.2 0 0 0 0 0 0 0 0 0 0 0.4 0 0 0 0 0 0 0 0 0 0 0 0 0 0 0.2 0 0 0 0 0 0 0 0 0.2 0 0 0 0 0 0 0 0 0 0 0 1.2000000000000002 0.4 0 19 2.2 4.4 3.8000000000000003 0 0 0 0 0 0 0 0 0 1.8 0 0 0 0 0 0 0 0 0 0 0 0 4.4 1.8 0 0 0 0 0 0 0 0 0 0 0 0 0 
 9.200000000000001 12.8 28 28.400000000000002 52.400000000000006 6.2 34.800000000000004 62.400000000000006 78.4 10.4 45.800000000000004 6 0 15.4 6.4 41.2 23.200000000000003 7.2 114.80000000000001 13.4 0 0 0 0 0 0 0 0 0.4 0 0 0.6000000000000001 0 0 0 0 0 0 14.8 0.6000000000000001 0 0 0 0 0.6000000000000001 0 0.6000000000000001 0.4 0 0.6000000000000001 0.2 0 0 0 0 0 0 0.6000000000000001 0 0 0 0 0 0 1 0 0 0 9.600000000000001 0 0.6000000000000001 0 0 0 0.4 0 0.4 0 0 0 2 0 1.6 2.8000000000000003 0 0 0 0 0 0 2.8000000000000003 0.8 3.6 3.8000000000000003 0 0 0 5.800000000000001 0 2.4000000000000004 0 0 0 0 0 0 0 0 0 0 0 0 0 0 0 0 0 0 0 0 0 0 0 0 0 0 0 0 0 0 0 0 0 0 0 0 0 0 0 0 0 0 0 0 0 0 0 0 0 0 0 0 0 0 0.6000000000000001 0 0 0 0 0.6000000000000001 10.4 3.6 6 0 0 0 7.6000000000000005 2 2.6 2.8000000000000003 0 3.6 0.4 5 9 0.4 0.2 0 0 2 0 0 0 0 0 0 0 0 0 0 0 0 0 0 0 0 0 0 0 0 0 0 0 0 0 0 0 0 0 0 0 0 0 0 0 0 0 0 0 0 0 0 0 0 0 0 0 0 0 0 0 0.2 0 3.6 0 0 0 0 0 0 0 0 0 0 0 0.4 0.4 0 0 0 0 2.2 0 0 0 0 0 0 0 0 0 0 5.800000000000001 0 0 0 0 0 0 0 0 0 0 0 0 2.4000000000000004 0 0 0 0 0 0 0 0 0 0 0 0 0 0 
 10.8 47.800000000000004 51.6 50 55.6 23.6 12 63.400000000000006 79.4 34.4 43 27 15.4 0 43 25.8 5.2 4.6000000000000005 18.6 46.6 0 0 0 0 0 0 0 0 0.4 0 0 0 0 0.4 0 0 15 0 14.8 0.6000000000000001 0 0 0 0.4 0.4 0.2 0.6000000000000001 0.4 0 0.6000000000000001 0 0 0 0 0 0 0 0.4 0 0 0 0 0 0 0 9.200000000000001 0 0 0 0 0.6000000000000001 0 0 0 0.4 0 0.6000000000000001 0 0 0 3.4000000000000004 2.2 0 4.6000000000000005 7.4 1.8 2.8000000000000003 0 2.8000000000000003 0 13.200000000000001 4.6000000000000005 0 2.8000000000000003 3 6.4 4 0 0 2.8000000000000003 0 0 0 0 0 0 0 0 0 0 0 0 0 0 0 0 0 0 0 0.4 0 0 0 0 0 0 0 0 0 0 0 0 0 0 0 0 0 0 0 0 0 0 0 0 0 0 0 0 0 0 0 0 0 0 0.6000000000000001 0 0 0 0 0.6000000000000001 7 4.6000000000000005 2.8000000000000003 1.6 4.4 3 3.2 2 4.6000000000000005 2.4000000000000004 1.2000000000000002 11.600000000000001 0 4.2 11 4 1.8 0 0 4.2 0.2 0 0 0 0 0 0 0 0 0 0.4 0 0 0 0 0 0 0 0 0 0 0 0 0 0 0 0 0 0 0 0 0 1.8 0 0 0.2 0 0 0 0 0 0 0 0 0 0 0 0 0 0 0 0 0 0 0 0 0.4 0 0 0 0 5.2 0 0 0 0.6000000000000001 0.4 0.4 17.8 0 0 0.8 0 0 0 0 0 0 0 0 0 0 0 0 0 0 0.2 0 0 0 0 0 0 0.2 0 3.2 0 0 0 0 0 0 0 0 0 0 0 0 0 0 
 30.400000000000002 15 24.400000000000002 65.2 95.2 81 30.8 52.6 25 60.6 52.800000000000004 7.4 6.4 43 0 34.4 55.400000000000006 19 14.200000000000001 63.800000000000004 0 0 0 0 0 0 0 0 0.8 0 0 0.4 0 0 0 0.4 0 1 30.8 16.400000000000002 0 0 0 0.4 1 1.4000000000000001 0.6000000000000001 0.4 0 0.6000000000000001 0 6.6000000000000005 0.6000000000000001 0.6000000000000001 0 0 0.6000000000000001 0.8 0 0 0 0.8 0 0 0 0.6000000000000001 0 0 0 0 0.6000000000000001 0 0 0 1 0 0.6000000000000001 0 0 0 0.2 6.2 6.2 2.2 0 0.2 0 3.8000000000000003 0 2.8000000000000003 8.8 3.8000000000000003 0 12.8 2 4.800000000000001 4.2 0.2 0 8.200000000000001 0 0 0 3 2 0 0 0 0 0 0 0 0 0 0.2 0 0 0 2.4000000000000004 0 0 0 0 0 0 0 0 2 0 0 0 0 0 0.4 0 0 0 0 0 0 0 0 0 0 0 0 0.4 0 0 0 0 0 0 0 0.6000000000000001 0 0 0 0 2.2 6 9.8 0 0.2 2.6 2.8000000000000003 5.800000000000001 0 9 2.2 3.8000000000000003 11.8 0 5.2 11.4 0.2 5.2 2.4000000000000004 0 2.8000000000000003 0 0 0 0 0 0 0 0 0 0 0 0 2.4000000000000004 0 0 0 0 0 0 1 0 0 0 0 0 0 0 0 0 0 0 0 0 0 0 0 0 0 0 0 0 0 0 0 0 0 0 0 0 0 0 0 0 0 0 0 0 0 0 0 0 0.4 0 0 0 0.4 17.8 0.4 17.400000000000002 17.400000000000002 0 2 0 0 0 0 0 0 3.4000000000000004 0 0 0 0 0 0 0 0 0 0 0.4 0 0 0 0 0 4.6000000000000005 0.2 0 0 0 0 0 0 0 0 0 0 0 0 0 
 8.4 31.400000000000002 84.60000000000001 24 20.6 17.400000000000002 32 83.2 16.8 29.8 20.8 22.8 41.2 25.8 34.4 0 33.6 10 9 127.4 0.6000000000000001 0 0.4 0 0 0 1.4000000000000001 0.4 1 0 0 0 0 13.200000000000001 0 1.2000000000000002 0.2 0.4 4.800000000000001 15.600000000000001 0 0.2 0.4 0.4 0.6000000000000001 0.2 0.8 0.4 0 1.6 0 0 0 1.6 1.2000000000000002 0.6000000000000001 0 13.200000000000001 0 1.2000000000000002 0 1.2000000000000002 0 0 3 0.8 0 0 1.6 0 0.4 0 1 0 0.4 0.4 0.4 0 0 0.8 0 2.4000000000000004 5.6000000000000005 8.8 0 1.6 0 1.6 2.2 2.8000000000000003 12 1.6 0 4 10.8 0 0 4.800000000000001 0.2 8.4 0 0 0 0 0 0 0 0 0 0 0 0 2.6 3.8000000000000003 2.8000000000000003 0 0 0 2 0 0 0 0 0 0 0 0.2 0.2 0 0 0 0 0 0 0 0 0 0 0 0 1.8 0 0.4 0 0 0 0 0.2 0 0 0.4 0 0 0 1.6 0 0 0 0 0.8 8.4 2.4000000000000004 0.4 3.6 0 0.6000000000000001 2 0 3 5.800000000000001 1.8 4.2 0 1.8 2.4000000000000004 0 3.6 5.2 0 0 0 0.6000000000000001 12 0 0 0 0 0 0 0 0 0 0 3 1.8 0 0 0 0 0 0 0 0 0 0 0 0 0 0 0 0 0 0 0 0 0 0 0 0.2 0 0.2 0 0 0 0 0 0 0 0 0 0 0 0 0 0 0 0.2 0 0 0 0 0 0 0 0 0.8 0.2 0.2 0 17.400000000000002 7.2 2 0 0 0 0 0 0 0 0 0 0 0 0 0 0 0 0 0 0 0 0 0 0 0 4.2 1.8 0 0 0 0 0 0 0 0 0 0 0 0 0.6000000000000001 
 20.200000000000003 27.200000000000003 30.8 54.400000000000006 79.2 34.800000000000004 24.200000000000003 24.6 14.200000000000001 15.4 57.2 43.400000000000006 23.200000000000003 5.2 55.400000000000006 33.6 0 94.2 17.6 25.400000000000002 0 0.2 0 0 0 0 0 0 0.4 0 0 1 0 0 0 0 0 0 0.2 8.200000000000001 0 0 0 0 0.6000000000000001 0 0.4 0.4 0 0.6000000000000001 0 0 0.4 12 0 0 0 0.4 0 0 0 0 0 0 0.8 0 0 0 0.6000000000000001 0 0.4 0 0 0 0.4 0 0.4 0 0 0 1.8 1.2000000000000002 4.800000000000001 2.4000000000000004 8.4 3 0 1.6 3.6 8.8 10.8 2 2 1.6 3.2 0 5.6000000000000005 0 0 1.6 0 0 0.4 0 0 0 0 0.4 0 0 0 0 3.2 0.4 0.2 0 0 0 0 0 0 0 0 0 0 0 0 0 0 0 0 0 0 1 0 0 0.4 0 0 0 0 0 0 0 0 0 0 0 0.8 0 0 0 0 0 0.4 0 0.2 0 0 0.6000000000000001 6.800000000000001 4.6000000000000005 12.8 7 0.4 0 10.8 2.6 7 14 9.8 8.6 0 0 4 2 1.8 2.2 2.4000000000000004 5.800000000000001 0 0 0 0 0 0 0 0 0 0 0 0 0 0 0 0 0 0 2.2 3.8000000000000003 0 0 0 0 0 0 0 0 0 0 0 0 0 0 0 0 0 0 0 0 0 0 0 0 0.4 0 0 0 0 0 0 0 0 0 0 0 0 0 0 0 0 0 0 0 0 0.2 17 0 0.2 17.8 2.4000000000000004 4.800000000000001 0 0 0 0 0 0 0 0 0 0 0 0 0 0 0 0 0 0 0 0 0 0 0 0 2.4000000000000004 0 0 0 0 0 0 0 0 0 0 0 0 0.4 
 57.6 8 28.400000000000002 30 46 13.200000000000001 26.400000000000002 20 53.400000000000006 26.400000000000002 142 16.2 7.2 4.6000000000000005 19 10 94.2 0 5.6000000000000005 40.6 0 0 0 0 0 0 0 0 0.4 0 0 0 14.8 0 14.8 0 0 0.4 0.4 0.6000000000000001 0 0 1.4000000000000001 0.4 0.4 0 0.6000000000000001 0.4 0 0.6000000000000001 0 0 0 0 0 0 0 0.4 0 0 0 0 0 0 0 0 0 0 0 0 0.6000000000000001 0 0 0 0.6000000000000001 0 0.6000000000000001 0 1.4000000000000001 0 1.6 5.800000000000001 2.8000000000000003 0 6 0.4 2 4 0 3.8000000000000003 0 3 2.4000000000000004 2.8000000000000003 0 3.4000000000000004 7.2 0 0 3.8000000000000003 2 0 0 0 0 0 2 2.2 0 0 0 0 6.6000000000000005 1.8 0 5.2 0 0 0 0 0 0 0 0 0 0 0 0 0 0 0 0 0 0 0 0 0 0 0 0 0 0 0 0 0 0 0 0 1.4000000000000001 0 0 0 0 0 0 0 0 0 0 0 0 2.6 3.4000000000000004 1.6 7.6000000000000005 2.6 5.800000000000001 0 7.6000000000000005 3.2 7.6000000000000005 0.2 0 0 5.2 4.4 3.6 4.2 1.8 2.8000000000000003 0 0 0.2 0 0.4 0 5.2 0.2 0 0 0 0 0 2.2 2.8000000000000003 0 0 5.4 3.6 0.4 0 0.2 0 0 0 0 0 0 0 0 0 0 0 0 0 0 0 0 0 0 0.4 0 0 0 0 0 0 0 0 0.4 0 0 0 0 0 0 0 0 0 0 0 0 0 0 0 0 9.200000000000001 0 17 17.2 0 3.2 3.8000000000000003 0 0 0 0 0 0 0 0 0 0 0 0 0 0 0 0 0 0 0 0 0 0 0.4 1.2000000000000002 0 0 0 0 0 0 0 0 0 0 0 0 0 
 9.4 11.200000000000001 10 18.2 19 9.200000000000001 11.4 75.4 25 15 8.4 22.400000000000002 114.80000000000001 18.6 14.200000000000001 9 17.6 5.6000000000000005 0 33.4 0 0 0 1.8 0.4 0 1.2000000000000002 0 0.8 0 0 0 0.8 0 0 0 0 0 0.2 0.6000000000000001 0 1.6 1.2000000000000002 0.2 0.4 0 0.8 2.6 0.8 0.6000000000000001 0.4 0.2 0 0.4 0.2 0 0.2 0.4 0.6000000000000001 1 1.2000000000000002 0 0 0 1 0 0 0.4 0 0 1.2000000000000002 0 0.8 0.6000000000000001 1.2000000000000002 0 0.6000000000000001 0.4 1.2000000000000002 0.4 0 0 0 0 0 0 4.6000000000000005 0 2.8000000000000003 3.2 6.800000000000001 2.8000000000000003 0 0 0 0 2.8000000000000003 1.6 3 0 0 0 0 0 0 0 0 0 0 0 0 0 0 0 2 0 0 0 0 0 0 0.4 0 0 0 0 0 0 0 0.2 0 0 0 0 0 0 0 0 0 0 0 0 0 0 0 0 0 0 0.2 0 0 0 0 0 0 0 0 0 0 0 6.4 0 4.800000000000001 6.800000000000001 0 0 2.4000000000000004 0 0 1.6 0 0 0.6000000000000001 0 0 2.8000000000000003 0 0 0.2 0 0 0 0 0 0 0 0 0 0 0 0 0 0 0 0 0 0 0 0 0 0 0 0 0.2 0 0 0 0 0 0 0 0.4 0 0 0 0 0 0 0 0 0 0 0 0 0 0 0 0 0 0 0 0 0 2.2 0 0 0 0 0 0 0 0 0 0 0 0.6000000000000001 0 0.2 0 0 0 2.4000000000000004 0 0 0 0 0 0 0 0 0 0 0 0 0 0 0 0 0 0 0 0 0 0 0 0 0 0 0 0 0 0 0 0 0 0 0 0 0 0 
 71.4 13.200000000000001 51.800000000000004 85 19.8 14 21.8 16 54.800000000000004 50.6 18.6 6.800000000000001 13.4 46.6 63.800000000000004 127.4 25.400000000000002 40.6 33.4 0 1.4000000000000001 0 0 0 0 0 0.4 0 1 0 0 0 0 0 0 0 0 0 0.4 0.8 0 0 0 0.2 0.4 0 0.6000000000000001 0.4 0 0.6000000000000001 0 0 0 0 0 2.2 0 0.4 0 0 0 0 0 0 0 0 0 0 0 0 0.6000000000000001 0 0 0.2 0.4 0 0.6000000000000001 0 0 0 4.800000000000001 9.200000000000001 0 0.2 0 0 9.600000000000001 3.8000000000000003 0.4 2.6 6 0 6 8.200000000000001 5.2 4.4 0 2.2 4 6.4 0 0 0 0 0 0 0 0 0.4 0 0 0.4 0 0 0 0 0 0 0 0 5.2 0 0 0 0 0 0 0 0 0 0 0 0 0 0 0 0 1 0 0 0 0 0 0 0 0 0 0 0 0 0 0 1.6 0 0 3 0 0 0 0 0.2 0 0 1.4000000000000001 3.8000000000000003 2.4000000000000004 5.4 2.6 4.4 2.4000000000000004 0 0 6 0 6.4 0.6000000000000001 3 0 0 2.2 0 0 0 0 0 0 0 0 0 0.4 0 0 0 0 0 0 0.2 0 0.2 0.4 0 0 0 0 0 0 0 0 0 0 0 0 0 0 0 0 0 0 0 0 0 0 0 0 0 0 0 0 0 2.4000000000000004 0 0 0 0 0 0 0 0 0 0 0 0 0 0 0 0.6000000000000001 0.6000000000000001 0.2 9.4 10.4 0 2.4000000000000004 0 0.4 0 0 0.4 0 0 0 0 0 0 0 0 0 0 0 0 0 0 0 0 0 0 0 0 0 0 0 0 0 0 0 0 0 0 0 0 3.6 
 0.4 0 0 0 0.2 0.2 0 0 0 0 0 0 0 0 0 0.6000000000000001 0 0 0 1.4000000000000001 0 91.80000000000001 24 12.8 22.400000000000002 9.4 28.200000000000003 13.8 21.6 24.200000000000003 14 50.6 65.8 31.8 26.8 63.400000000000006 69.2 39.6 28.400000000000002 26.200000000000003 0.2 0.8 0 0.4 0 0 1 0.4 0 0.4 0 0 0.2 0 0 0.8 0 0 36.800000000000004 0 0 0 0 0 0 0 0 0 0.6000000000000001 0 0 0 0 0 0.4 0 0 0 0.6000000000000001 0.6000000000000001 0 0 0 0 3.2 0 0 0 0 0 0 0 0 0 0 4 3.8000000000000003 0 0 0 0.4 4.6000000000000005 5.6000000000000005 5.6000000000000005 4.6000000000000005 2 4.2 3.2 3.2 6.800000000000001 4.2 0 2.2 2.8000000000000003 2.2 2.6 7.800000000000001 1.8 5 2.8000000000000003 0 0.2 0 0 0 0 1.8 0 0 0 0 0 0 0 0.8 0.4 0 0 1.4000000000000001 0 0 0 0 0 0 0 1.8 0 0 0 0 0 0 0 0 0 0 0 0.8 0 0 0 0 0 0.4 0 0 0 0 0.4 0.4 0 0 0 0 0 0 0.6000000000000001 0 0 2.6 4.6000000000000005 10.4 5.6000000000000005 4.6000000000000005 2.4000000000000004 2.2 0.2 0.4 9.200000000000001 7.4 2.2 0 0.2 6.800000000000001 2 7 0 3 6.4 0 0 0 0 0 0.4 0 0 0 0 1.6 0 0 0 0 0 0 0 1.2000000000000002 0 0 0 0 0 0 0 0 0 0 0 0 0 1.6 0 0 0 0 0 0 0 0 0 0 0 0 0 0 0 0 0 0 0 0 0 0.8 0.4 0 0.4 0 0 0.4 0 0.2 0 0 0 0 0 0 0 0 0.4 0 0 0 0 0 0.2 0 0 0 2.8000000000000003 0 0 0 0 6.4 0 0 0 
 0.6000000000000001 0 0.2 0.2 15.200000000000001 0.2 0 0.4 0 0.2 0.2 0 0 0 0 0 0.2 0 0 0 91.80000000000001 0 65 46.400000000000006 5.2 38 73.4 54.400000000000006 22 41.400000000000006 35.6 5.800000000000001 11.200000000000001 11.200000000000001 24.8 23.8 29.400000000000002 27.400000000000002 22.200000000000003 9.200000000000001 0.6000000000000001 0.6000000000000001 1.2000000000000002 0.2 0 0 1 0 0 0.4 12.8 0 12.4 0 0 0 0 0 13.200000000000001 0 0 0 0 0 0 0 0 0 1 0 0 0.2 0 0 0.2 0 0 0.4 0.6000000000000001 0.6000000000000001 0 0 0 0 0 0 0 0 0 0 0 0 0 0 0 0 0 0 0 0 3.6 7.2 0 7 4.6000000000000005 5.6000000000000005 0.4 0 1.2000000000000002 7 2 0 0 0 2.4000000000000004 2.8000000000000003 1.8 1.6 0 2.6 0.4 0 0 0 0 2.4000000000000004 0 0 0 0 0 0 0 2.2 0 0.2 0 0 2.2 0 0 0 0 0 0 0 0 0 0 0 0 0 0 0 0 0 0 0 0.6000000000000001 0 0 0.2 0 0 0 0 0 0 0 0.2 1 3.8000000000000003 0 0 0 0 0 0.2 0 0 0 0 1.6 1.6 2.4000000000000004 0 3.8000000000000003 6.800000000000001 1.4000000000000001 6 2.4000000000000004 7.2 0 1.6 4.800000000000001 3.4000000000000004 4.6000000000000005 5.6000000000000005 0 6 0 0.6000000000000001 0 0 0 0 0 0 0 0 0 0.2 0.2 2 0 0 0 0 2.2 5.800000000000001 0 0 0 0 0 0 0 0 0 3.8000000000000003 0 0 0 0 0 0 0 0 0 0 0 0 0 0 0 0 0 0 0 1 0 0 0 0 1.6 0.4 0 0 0 0.4 0.4 0.4 0 0 0 0 0 0 0 0 0 0 0 0 0 0 0 0 0 0 0 2 0 0 0 0 0 0 0 0 
 0 0 0 0 0 0 0 0 0 0 0 0 0 0 0 0.4 0 0 0 0 24 65 0 38 66.4 3.2 30.200000000000003 38.400000000000006 48.6 43.400000000000006 11.200000000000001 21.6 10.600000000000001 28.200000000000003 49.6 56.2 26.6 11.8 37 81.2 0.2 0.6000000000000001 0 0.4 0 0 13.8 1.8 0 0.4 0 0 0 0 0 0.2 0 0 0.6000000000000001 0 0 0 0 0 0 0 0 0 0.4 0 0 0 0 0 0 0 0 0 0.6000000000000001 0.6000000000000001 0 0 0 0 0.4 0 0 0 0 0 0 0 0 0 0 0 0 0 0 3.4000000000000004 4.4 2 8.8 5.2 0 1 0.4 1.8 5.2 1.8 9.8 3.8000000000000003 0 0 1.6 9.8 2.6 5.800000000000001 4.800000000000001 2.4000000000000004 0 5 0 0 0 0 4.800000000000001 3.6 0 0 0 0 7.6000000000000005 0 4.2 0 0 0 0 0 0 0 0 0 0 0 0 0 0 0 0 0 0 0 0 0 0 0 2.8000000000000003 0 0 0 0 0 0 0 0 0 0 0 0 0 0 0 0 0 0 0 0 0 4.4 5.4 5 2.6 1.6 6 7 5 6.4 8 0 3.8000000000000003 1.8 6 0 1 0 4.6000000000000005 3 4.4 4.2 0 0 0 0 0 0 0 0 0 0 0 2.2 0 1.6 0 0 0 4.4 2.4000000000000004 0 0 0 0 0 0 0 0 0 0 0 0 0 0 0 0 0 0 0 0 0 0 0 0 0 0 0 0 0 0 0 0 0 0 0 0 0 15 0 0.2 3.6 0.2 0 0 0 0 0 0 0 0 0 0 0 0 0 0 0 0 0 3.6 0 0 0 0 0 0 0 0 0 0 
 0 15.200000000000001 0.2 0 0.8 0.8 0 0 0 0 0 0 0 0 0 0 0 0 1.8 0 12.8 46.400000000000006 38 0 100.60000000000001 36 104 20.6 36.6 30.8 43.400000000000006 38.400000000000006 11.200000000000001 27 10 35 48.400000000000006 48.2 59.400000000000006 13.8 0.6000000000000001 0.6000000000000001 0 0.4 0 0 14.4 0.4 0.6000000000000001 0.4 0 0 0 0 0 0.2 0 0 13.8 2 0 0 0 0 0 0 0 0 0.6000000000000001 0.6000000000000001 0.2 0 0 0 0.4 0 0.6000000000000001 0 0.6000000000000001 13.200000000000001 0 0 0 0 0 0 0 0 0 0 0 0 0 0 0 0 0 0 0 0 0 0.2 0.6000000000000001 3.2 6.800000000000001 6.6000000000000005 0 0 6.800000000000001 0 3 0 0 0 0 0.4 5.2 2.2 0 0 6.800000000000001 5.6000000000000005 0 0 0 0 0.4 2.2 0 0 0 0 3.2 2 0.4 4.2 0 5.4 4.4 11 0 0 0 0 0 0 0 1.2000000000000002 0 0 0 0 0 1.2000000000000002 0 0 0 0 0 0 0 0.2 0 0 7.800000000000001 0 0 0 0 0.2 0.2 0 0 0 0 0 0 0 0 0 0 0 6.4 11 2 0.2 0 0 6.2 3.8000000000000003 2.2 3 0 0 0 8.200000000000001 6.2 0.8 0 0.6000000000000001 8.200000000000001 4.2 0 0 0 0.4 7.800000000000001 0 0 4.2 0 0 5 11 0 0 0 0 6.800000000000001 4.6000000000000005 0 1.4000000000000001 0 0 0 0 0 0.4 0 0 0 0 0 0 0 0 0 0 0 0 0 0 0 0 0 0 0 0 0 0 0 0 0 0 0.2 0.4 0.4 0.4 4 0 0.8 0.4 0 0 0 0 1.8 0 0 0 0 0.4 0 0 0 0 0 0 0 0 0 1.8 0 0 0 0 0 0 0 0 
 0 0 0.2 0 0 0 0 0 0 0 0 0 0 0 0 0 0 0 0.4 0 22.400000000000002 5.2 66.4 100.60000000000001 0 28.8 9 56.6 33.800000000000004 30.200000000000003 32.800000000000004 32.6 12.4 14.4 7.800000000000001 31.200000000000003 35.2 14.8 15.4 12.8 0 0.6000000000000001 0.4 0.2 11.200000000000001 0 1 0 13.200000000000001 0.4 0 0 6 0.6000000000000001 1.8 0.2 0.8 13.200000000000001 1 1 0 0 0 1 0.6000000000000001 0.2 0 0 0.6000000000000001 0 0 0 0 0 0.2 0.6000000000000001 0.6000000000000001 0 0.6000000000000001 0.6000000000000001 0 0 0 0 0 0 0 0 0 0 0 0 0 0 0 0 0 0 0 0 0 0 0 0 3.8000000000000003 3.8000000000000003 0 0 4 0.4 0 2.4000000000000004 0 0 2.4000000000000004 0 4 2.2 0 0 7.4 0.2 0 0 0 0 1.4000000000000001 1.8 0 0 0 0.4 8.200000000000001 0 1.8 2.6 2.2 0 4.800000000000001 0.2 0 4 0 0 0 0 0 0 0 0 0 0 0 0.6000000000000001 0 0 0 0 0 0 0 3 0 0 0 0 0 0 0 0 6.4 0 0 0 0 0 0 0 0 0 0 0 3 4 1.4000000000000001 0 0 0 3.6 0.2 2.4000000000000004 8 0 0 0 2.8000000000000003 1.4000000000000001 0 0 1.8 2.6 2.4000000000000004 2 0 0 0 3.6 2.2 8.6 2.6 4.800000000000001 0.2 2.6 4.6000000000000005 2.2 0 2 0 4.4 2.8000000000000003 0 0 0 0 0 0 0 0 0 0 0 3 0 0 0 0 0 0 0 0 0 0 0 0 0 0 0 0 0 0 0 0 0.4 0 0.8 0.6000000000000001 0 1.2000000000000002 15.200000000000001 0.6000000000000001 0.8 0 0 0 0 0 8.200000000000001 0 0 0 0 0 0 0 0 0 0 0 0 0 0 1.6 0 0 0 0 0 0 0 0 
 24 0.4 0 0 0 0.2 0 0 0 0 0.2 0 0 0 0 0 0 0 0 0 9.4 38 3.2 36 28.8 0 7.2 10.600000000000001 39.800000000000004 10.8 71.4 26.6 9.4 9.200000000000001 8.200000000000001 18.6 27.6 13.200000000000001 15.200000000000001 11.8 12.8 14.600000000000001 1.8 0.4 0 11.8 19.6 12.600000000000001 26 0.4 0 0 12.4 0 6.6000000000000005 0 0 13.200000000000001 0.8 12.4 0.2 0 0 0 0 0 2.4000000000000004 0 0.6000000000000001 0.8 0.2 0.2 0 0 0.4 0 0 0 0.6000000000000001 0.6000000000000001 0 0 0 0 0 0 0 0 0 0 0 0 0 0 0 0 0 0 0 0 0.2 0 0 0 1.8 2.2 0.2 0 0 2.6 2.2 0.4 0 0 0 0.4 0 0 0 0 17.2 6.6000000000000005 3 0.8 0 0 6.6000000000000005 2.6 0.2 0.4 0 0 11.200000000000001 8.8 0.8 3.4000000000000004 2.2 3.8000000000000003 2 5.2 0 0 0 0 0 0 0 0 0 0 0 5.6000000000000005 0 1.2000000000000002 0 0 0 0 0 0 0 0 0 0 0 0 0 0 0.2 0.4 0 0 0.8 0 0 0 0 1.4000000000000001 0 0 0 0 3.8000000000000003 0 5 0 0 3.6 4.4 0 2 3.4000000000000004 0 0 4.4 2 6.6000000000000005 4.800000000000001 0 0 0.4 3.6 6.4 0 0.2 0.4 9.8 0 0.2 7.2 9.8 0 8.6 2.6 0 0 2.4000000000000004 4.4 3 2.6 0 0 0 0 0 0 0 0 0 0 0 0 0 0 0 0 0 0 0 0 0 0 0.2 0 0 17.2 0.2 0 0 0 0 0 0 0 0.4 1.2000000000000002 1 0.2 18.8 3 0.4 0 0 0 0 0 0 0 0 0 0 0.4 0 0 0 0 0 0 0 0 0 0 0 0 0 0 0 0 0 6 
 0 0 0 0.2 20 21.6 0.4 0 0.2 0 5 14.8 0 0 0 1.4000000000000001 0 0 1.2000000000000002 0.4 28.200000000000003 73.4 30.200000000000003 104 9 7.2 0 80 6.4 6 14.600000000000001 4.800000000000001 57.6 46.2 23.6 27 5.800000000000001 10 25.6 26.6 12.600000000000001 0.6000000000000001 0 0 0 0 0.8 0.2 0 1.4000000000000001 0 0 0.6000000000000001 0 0 0.2 0 0 0.6000000000000001 0 0 0 0 0 0 0 0 0 2 0 0 1 0 0 0 0 0 0.2 1 8.6 0 0 0 0 4.4 3.4000000000000004 0 0 0.2 0 0 0 0 0 0 0 0 2.6 0 0 0 5 2 0 0 0 13.8 2.4000000000000004 6.6000000000000005 4.6000000000000005 1.6 0 4.6000000000000005 4.2 3.2 2 9 0 1.6 12.600000000000001 0 0 0 0 0 0 0 0 0 1 0 0 0 0 0 0 0 0 0 0 0 0 0 0 0 0 0.2 0 0 0 0 1 0 0 0 0.6000000000000001 0 0 0 0.4 0 0 0 0 3.6 3.4000000000000004 0 0 0 0 0 6.800000000000001 0 0 0 0 0 1.8 0 0 10.8 8.4 0 0 0 0 4.2 5 0 0.2 2.6 0.2 0 2.6 5.4 0 2.8000000000000003 4 4.6000000000000005 2.2 0 0 0 0 0 0 0 0 0.4 0 0 0 0 0 0 0.2 0 0 0 2.8000000000000003 0.2 0 0 0 0 0 0 0 0 0 0 0 0 4 0 3 0 0 0 2.2 0 0 0 0 0 0.4 0 0 0 15 0 0 3.6 0 1.8 0.4 0 0 0 0.6000000000000001 2.4000000000000004 0.4 1.8 0 0 0 0 0 0 0 0 0 0 0 0 2.4000000000000004 0 2.6 0 0 0 0 0 0 0 0 0 0 0 0 
 0 0 0.4 0 19.6 13.200000000000001 0 0 0 0 4.4 16.2 0 0 0 0.4 0 0 0 0 13.8 54.400000000000006 38.400000000000006 20.6 56.6 10.600000000000001 80 0 15.4 21.8 16.2 4.800000000000001 62.2 54.400000000000006 30.200000000000003 13 21.6 7.6000000000000005 22.400000000000002 6 13.8 0.6000000000000001 0 0.8 0 0.6000000000000001 1 0.4 0.6000000000000001 2 0 0 7.6000000000000005 0 0 0.4 0 0.2 1.4000000000000001 0.6000000000000001 0 0 0 0 0 0 0 0.6000000000000001 10.200000000000001 0.4 0 0.4 0.6000000000000001 0 0 0 0.6000000000000001 0.2 0.8 0.6000000000000001 0 0 0.2 0 4.2 0.2 0 0 0 2 0 0 0 0 0 0 0 6.800000000000001 0 0 3.8000000000000003 4.800000000000001 0 0 3.4000000000000004 0.2 3.8000000000000003 1.8 4.2 5.800000000000001 2 0 6.800000000000001 4.4 9.8 0.4 2 0.2 0 4.6000000000000005 0 0 0 0 0 0 1.6 0 0 0 0 0 0 0 0.2 0.4 0 0 0 0 0 0 0 0 0 0 0 0 0 0 0 0 0 0 0 0 0 0 0.8 0 0 0.8 0 0 3.6 0 0 0 1 0.4 1 3.6 0 0 0 0 0 4.6000000000000005 0 0 3 1.4000000000000001 5.4 2 3.6 0 2.8000000000000003 4.4 0 6.800000000000001 2.2 0 0 7.800000000000001 1.8 3.4000000000000004 6.800000000000001 7.6000000000000005 2.6 10.200000000000001 0 0 0 0 0 0.4 0 0 0 0 0 0.4 0 0 0 0 0 0 0.2 0 0 0 0 0 1.8 0 0 0 0 0 0 0 0 0 0 0 0 0 0 0 0 0 0 0 0 0 0 0 0 14.8 0 0 3.6 0 1.4000000000000001 0 0 0.4 0 0.4 4 0 2.4000000000000004 0 0 0 0 0 0 0 0 0.2 0 0 0 0 0 0 0 0 0 2.2 0 0 0 0 0 0 0 0 
 0 1 0.4 0.4 0.8 0.4 0.4 0.4 0.4 0.4 0.8 1 0.4 0.4 0.8 1 0.4 0.4 0.8 1 21.6 22 48.6 36.6 33.800000000000004 39.800000000000004 6.4 15.4 0 52.6 41 51.2 24.400000000000002 16 9.200000000000001 37.4 11.600000000000001 54.6 59.400000000000006 20.6 0 0 0.6000000000000001 0.6000000000000001 0 0 13.200000000000001 0 0.4 0 0 0 25.200000000000003 0.8 0 0.4 0 0 12.600000000000001 0 0.8 0 0 0 0 0 0 0 1.4000000000000001 10.8 0 0 0 0 0 0 0 0 0.4 0 0 0 0 0 0 2.6 0 0 0 0 0 0 0 0 0 0 0 0 0 0 0 1.2000000000000002 2 3 0.8 2.2 0 4 4 5.6000000000000005 0.2 8.200000000000001 0 0 0 2.4000000000000004 12 3 0 0 1.6 0 0 0 0 0 7 2.2 0 0 0 0 0.2 0.8 4.6000000000000005 0 0 0 0 2.4000000000000004 0 0 0 3.4000000000000004 0 0 0 0 0 0 0 0 0 0 0 0 0 0 0.2 0 0 0 0 0 0.2 0 0 0 1.4000000000000001 0 0 0 0 0.6000000000000001 0 0 0 0 0 0 4.6000000000000005 2.2 1.8 0.2 1.4000000000000001 8.4 0 0 5.4 0.2 3 2 0 0 0 3.6 10.200000000000001 5.4 0 0 6.6000000000000005 0 0 0 0 0 4.800000000000001 0.2 0 0 0 0 7.6000000000000005 3.2 2.2 0 0.2 0 2.4000000000000004 10.200000000000001 0 2 0 0 0 0 0 0 0 0 0 0 0 0 0 0 0 0 0 0 0 0 0.2 0 0 0 0 0 0 0 0 0 0 0 1.6 0 0.4 15.200000000000001 2.6 0 0.2 0 0 0 0 0 0 0 0 0 0 0 0 0 0 0 0 0.2 0 0 0 0.2 0 0 0.4 0.6000000000000001 0 0 0 0 
 0 0 0 0 0 0 0 0 0 0 0 0.6000000000000001 0 0 0 0 0 0 0 0 24.200000000000003 41.400000000000006 43.400000000000006 30.8 30.200000000000003 10.8 6 21.8 52.6 0 18.2 16.2 25.400000000000002 16.8 10.4 51.6 23 26.400000000000002 87.2 14.600000000000001 11.600000000000001 0.8 0.4 0.2 0 0 4 0 0.2 0.4 0 0 12.4 0 0 0.2 0 0 13.200000000000001 12.600000000000001 0 0 0 0 0.6000000000000001 0.4 0.2 0.6000000000000001 0.6000000000000001 0 0.2 0 0 0 0.2 0 0 0 0.6000000000000001 0.6000000000000001 0 0 0 0 9.4 0 0 0 0 0 0.2 0 0 0 0 0 0 0 0 0 8 3.4000000000000004 0 2.2 3.4000000000000004 0 0 0 4.4 0 11.600000000000001 10.600000000000001 0 0 3.6 2.2 0 4.6000000000000005 0 4.6000000000000005 0 2.2 0.2 0.4 0 0 0 2 0 5.2 0 0.2 0 0 0.2 0 5.6000000000000005 1.4000000000000001 5 4.6000000000000005 0 0 0 0 0 1.8 0 0 0 0 0 0 0 0.4 0 0 0 0 0 0 0 1 0 0 0.2 0 0 0 0 0 1.4000000000000001 0 0 0 1.8 0 0 0 0 0 0 4.4 6.2 5.2 0 0 2.4000000000000004 2.8000000000000003 0 2 0 5.4 0 2.4000000000000004 0 2.4000000000000004 4 9.200000000000001 0 2.8000000000000003 1.2000000000000002 6.4 0 0 0 0 0 3.4000000000000004 0 0.8 0 0 2.4000000000000004 11.4 1.6 0 0 0 5.2 3.6 0 0 0.4 0 0 0 0 0 0 0 0 2.4000000000000004 0 0 0 0 0 0 0 0 0 0 0 0 0 0 0 0 0 0 0 0 0 0 1 0 0 16.2 0 0 2 0 0 0 0 0 0 0 0 0 0 0 0 0 0 0 0 0 0 0 0 0 0 0 0 2 0 0 0 0 
 0.2 0.6000000000000001 0 0 0 0 0.2 0 0 0 0 0 0 0 0 0 0 0 0 0 14 35.6 11.200000000000001 43.400000000000006 32.800000000000004 71.4 14.600000000000001 16.2 41 18.2 0 24.200000000000003 7.6000000000000005 10.600000000000001 17 37.800000000000004 78.60000000000001 72.60000000000001 56.6 33.6 0 13 1.6 0.4 0 0 14.600000000000001 12.4 0.2 0.4 0 0 0 0 12.600000000000001 0.2 0 0 0.6000000000000001 2 0 0 0.4 0.8 0 0 0 1.6 0.6000000000000001 0 0 0.4 10.200000000000001 0.8 0.2 0 0 0.4 0.4 0.6000000000000001 0 0 0 0 0 0 0 0 0 0 0.6000000000000001 0 0 0 0 0 0 0 0 0 0 4.4 4.2 0 12.200000000000001 2.4000000000000004 0 0.2 3.6 2.8000000000000003 4.4 0 0 0 0 0 3.2 2.4000000000000004 0 0 0.4 0.2 3.6 0 0 0.2 3.8000000000000003 3.8000000000000003 0 0 0 0.4 0 2 2.6 0 0 3 2.4000000000000004 1.2000000000000002 0 0 3 0 0 0 0 0 0 0 0 0 0 0 0 0 0 0.2 1.8 0 0 0 0 0 0 0 0 0 1.6 0 0 0 0 0.2 0 0 0 0.8 0 0 0 2.6 7 6.6000000000000005 2 12 0 0 15.8 2.2 3.6 0 0 0 0 2.6 5.2 0.2 0 3.2 0 0 5 0 0 0.4 5.800000000000001 2 0 0 1.8 0 3 11.600000000000001 0 0 6.2 0 14.8 0 0 0 0 0 0 0 0 0.4 0 0 0 0 0 0 0 0 0 0 0 0 0 0 2.4000000000000004 0 0 0 0 0 0 0 0 0 0 0 5 0 1 0.6000000000000001 2 0 0.4 0 0 0 0 0 0 0 0 0 0 0.4 0 0 0 0 0.4 0 0 0 0 1.4000000000000001 0 0 0 0 0 0 0 0 
 0.4 0.2 0 0.2 0 0.2 0.2 0 0.6000000000000001 0 0 0 0.6000000000000001 0 0.4 0 1 0 0 0 50.6 5.800000000000001 21.6 38.400000000000006 32.6 26.6 4.800000000000001 4.800000000000001 51.2 16.2 24.200000000000003 0 49 7.2 7.4 37 17.2 20.200000000000003 26.200000000000003 5 1 12.8 0 0.2 0 0 18 2.8000000000000003 0.8 0.4 0 0 0.8 0 0 0.2 13.4 0 1.2000000000000002 13 0 0 0 0 0 0 0.4 0 0.6000000000000001 2 0 0 0 0 0.4 0 0.6000000000000001 0 0.6000000000000001 0.6000000000000001 0 0 0 0 0 0 0 0 0 0 0 0 0 0 0 0 0 0 0 0 0 0 4.6000000000000005 0 1.6 0 0 0 0 0 0.6000000000000001 8 0 0 0 0.2 7.4 0 0.4 0 8.6 5.800000000000001 0 0 0 0 4 5.2 0 0 0 0 0.2 2.8000000000000003 4 1 3.4000000000000004 2.2 6 14.600000000000001 0 0 0 0 0 0 0 0 0 0 0 0 0 1.4000000000000001 0 0 0 0 0 0 0 0 0 0 2 0 0 0 8.6 0 0 0 0 0 0 0 0 0 0 0 0 0 0 0 6.4 5 0 0.2 4.800000000000001 0.4 0 7.800000000000001 0 2.2 0 0.2 0 2.6 0 0 8.200000000000001 0 1.4000000000000001 0 0 0 6.4 5.4 0.2 6.6000000000000005 3.4000000000000004 0 5.4 4.2 4.4 0 4 0 0 4.800000000000001 0 0 0 0 0 0 0 0 0 0 0 0 0 0 0 0 0 0.4 0 0 0 0 0 0 0 0.2 0 0 0 0 0 0 0 0 1.2000000000000002 0 0.6000000000000001 15.4 30.6 0.4 0.4 0 0 0 0 0 0 0 0 0 0 0 0 0 0 0 0 0 0 0 0 1.6 0 0 0 0 0 0 0 0 
 0 21 0 0 0.8 0.4 0 0 0 0.2 0 0 0 0 0 0 0 14.8 0.8 0 65.8 11.200000000000001 10.600000000000001 11.200000000000001 12.4 9.4 57.6 62.2 24.400000000000002 25.400000000000002 7.6000000000000005 49 0 17.6 8.8 20.200000000000003 84.60000000000001 21.6 16.8 28.6 0.2 0.6000000000000001 0.8 0.4 0 0 1 7.800000000000001 0 0.6000000000000001 0 0 0 0 0 0 0 0 0.6000000000000001 0.4 0 0 0 0 0 0 0 0 0.6000000000000001 0 0 0.6000000000000001 0 0 0 0 0 0 0.4 0.6000000000000001 0 0 0 0.2 0 0.2 0 0 0 0 0 2.8000000000000003 0 0 0 0 2 0 0 0 4 5.2 3 3.4000000000000004 0 0 6.2 4.4 2.4000000000000004 3 0.2 0 3.8000000000000003 7.6000000000000005 4.800000000000001 6 0.8 2.2 9 7.2 0 0 0 0 0 0 0.2 0 0 0 0 0 0 0 0 0.4 0 0 0 0 0 0 0 2 0 0 0 0 0 0 0 0 0 0 0 0 0 0 0 0 0 0 0 0 0 5.6000000000000005 0 0 0 0.4 0 0 0 0 0 0.2 0 0.4 0 0.6000000000000001 2.2 2.2 1.8 0 4 2.4000000000000004 6.4 2 0 3.8000000000000003 7 0 3.6 3.4000000000000004 13.4 0 0 2.2 0 0.2 0 0 0 0 0 1.8 0 0 0 0 0 0.4 0 0 2.2 0 0 0 0 0 0 0 0 2.2 0 0 0 0 0 0 0 0 0 0 0 0 0 0 0 0 0 0 0 0 0 0 0 0 0 0 0 0 0 0 3.4000000000000004 0.4 0.4 0 0 0 0 0.4 0 0 0 0 0 0 0 0 0 0 0 0 0 0 3.6 0 0 0 0 0 0 0 0 0 5.800000000000001 0 0 0 
