 0 62.800000000000004 22.400000000000002 10 10 6.800000000000001 84.80000000000001 8.4 7 11.8 18 11.200000000000001 90.60000000000001 20.6 47.400000000000006 29.200000000000003 24.200000000000003 8 15 13.4 0 0.4 0.2 0.6000000000000001 0.6000000000000001 0 0.2 0 0 0 0 0.4 0 0 0.2 0.4 0 0.6000000000000001 0 0 0 0.2 0 0 0.6000000000000001 0.4 0 0 0 0 0 0.6000000000000001 0 0 0 0 0.4 0 0 0 0.6000000000000001 0 0 0 0 0 0.4 0 0 0 0.6000000000000001 0 0 0 0.8 0 0 0.4 0.6000000000000001 0 4 5.800000000000001 0 0 0 0 2.8000000000000003 2.6 0.2 0 0 4 7.6000000000000005 5.2 4 4.6000000000000005 4.800000000000001 1.6 0 7.6000000000000005 0 0 0 0 0.4 0 0.4 0 0 0 3.6 0.2 0 0 0 0.2 0.4 0 0 0 0 0.4 2.2 0.2 0 0 0 0 0 0 0 0 0 0 0 0 0 0 0 0 0 0 0.6000000000000001 0 0 0 0 0 0 0 0 0 0 0 0.4 0.2 0 0 0 0 0 3 6.6000000000000005 2 0 0 0 2.6 4.2 2 0 12.600000000000001 2.2 4.2 0 0.2 1.6 1.8 0.4 1.4000000000000001 0 0.4 0 0 0 0.4 0 0 0 0 0.4 0 0 0 0 0.4 0 0 0 0 0.2 0 0 0.4 0 0 2.4000000000000004 0.4 0 0 0 0 0 0 0 0 0 0 0 0 0 0 0 0 0 0 0 0 0 0 0 0.2 0.4 0 0 0 3 0 0 0 0 3 0 0 0 0.4 0 0.2 0 0 0 2.8000000000000003 0 0 0 0 0 0 0 0 0 0 0 0 0 0 0 0 0 0 0 0 0 0 0 0 0 0 0 0 0 0 0 0 0 0 0 0 0 0 
 62.800000000000004 0 51.400000000000006 30.400000000000002 6.2 8.4 20 60.2 10.600000000000001 34.4 10.200000000000001 25.6 47.800000000000004 18.8 47.2 8.8 24.6 30.400000000000002 11.8 6.800000000000001 0.4 0 0.2 13.4 0.6000000000000001 0 0.4 0.2 0 0 0 0 0 0 0 0.4 0 0.6000000000000001 5 0 0 10 0 0 13.4 0.6000000000000001 0 0 0.2 0 0 0.6000000000000001 0 0 0 0 0.4 0 0 0 0.6000000000000001 0 0 0 0 0 0.2 0 0 0 0.6000000000000001 0 0 0 0 0 0 0.4 0 0 0 7.4 3 0.4 6.2 2.2 10.8 0 5.800000000000001 2.2 1.6 1.8 12.4 5.2 0 3.6 3.8000000000000003 0 0 2.2 4 0.8 0.2 0 0 0 0 4.6000000000000005 0 0 0 0 0 0 3 0 0 0 2.2 0 0 0 0 0 0 0 0 0 0 2.2 0 0 0 0 0 0 0.2 0 0 0 0 0.6000000000000001 0 0 0 0.2 0 0 0 0 0.2 0 0 0 0 1.8 3.6 0 0 0.4 0.2 6 4.4 8.4 0.4 0 2 2.8000000000000003 0.8 0.2 0 0 3.2 0 0 5.2 2 0 5.6000000000000005 0 0 0 0.4 0 0 0 3.2 0 2.8000000000000003 3.4000000000000004 0 0 7 0 0.4 0 0 0 0 0 0 0 0.2 0 0 0 3 0 0 0 0 0 0 0 0 0 0 0 0 0 0 0 0 0 0 0 0 0 0 0 0 0 0 0 0 0.4 0 0 0 0 0 0 0 0 0 0.2 0 0.2 0.2 0.4 0 0.8 0 0 0 0 0 0 0 0 0 0 2.2 0 0 0 0 0 0 0 0 0 0 0 0 0 4.2 0.8 0 0 0 0 0 0 0 0 0 0 0 0 
 22.400000000000002 51.400000000000006 0 17.8 46 35.6 78.2 14.200000000000001 26.400000000000002 23.400000000000002 33.2 118.2 80.4 35.6 50 57.400000000000006 7.800000000000001 13.8 4.6000000000000005 47.6 0 0 0.2 0.6000000000000001 0.6000000000000001 0 17 0 0 0.2 0 0.2 0 0 0 0.8 0 0.6000000000000001 15.600000000000001 3 0 0.2 0 0 1.2000000000000002 1.2000000000000002 0 0 2.6 0 0 0.6000000000000001 0 0 0 0 0.4 0 0 0 0.6000000000000001 0 0 0 0.2 0 0.2 0 0 0 0.6000000000000001 0 0 0 0 0 0 0.6000000000000001 0 0 0 2 0 10.4 6.800000000000001 6.6000000000000005 3.6 0 0.2 0.2 2.8000000000000003 6.6000000000000005 0 0.4 2 4 10.200000000000001 7.800000000000001 0 0 0 0 2.8000000000000003 0 0 0 1.6 3.4000000000000004 1.4000000000000001 0 0 0 3.4000000000000004 0 2 0 0 0 2.4000000000000004 0 0 0 0 0 0 0 0 0 0 0.2 0 0 0 0 0 0 0 0 0 0 0 0 0.2 0 0.4 0 0 0.4 0 0 3.2 0 0 0 0 0 0 0 0 0 3.6 0 0.4 3.6 7.800000000000001 0 0.2 0 0.4 2.8000000000000003 5.800000000000001 0 1.2000000000000002 0 2.6 2.4000000000000004 0 0 0.2 2 3.2 0 0 0 0 0 0.2 0 0 0 0 0 5 0 3.2 0 0 0 2 0 0 0 0 0 0 0 0 0 0 0 0 0 0 0 0 0 0 0 0 0 0 0 0 0 0 0 0 0.4 0 0 0 0 0 0 0 0 0 0 0 0 0 0 0 0 0 0 1.4000000000000001 0 0 0 0 1.6 1.8 0 0 0 0 0 0 0 0 0 0 0 0 0 0 0 0 0 0 0 0 0 0 0 0 1.4000000000000001 0 0 0 0 0 0 0 0 0 0 0 0 
 10 30.400000000000002 17.8 0 16.8 22.8 63.400000000000006 11.600000000000001 36.800000000000004 51 17.8 28 14.4 11.8 39 25.200000000000003 20.8 31.6 12.600000000000001 99.2 15 0 0.2 0.6000000000000001 0.6000000000000001 0 17.8 20.400000000000002 0.4 0 0 16 11.8 0 12 0.6000000000000001 0 0.6000000000000001 30.400000000000002 0 0 0 0 0 0.6000000000000001 0.8 0 0 0 0 0 2 0 0 0 0 0.4 0 0 0 0.6000000000000001 0 0 0 0.4 0 0.4 0 0 0 0.6000000000000001 0 0.2 0 6.4 0 2.8000000000000003 0.4 0 0 0 0 0 3 0 9 0 0.4 3.2 4 3 0.2 0 0 3 3.2 0.4 0 0 0 0 0 0 0 0 0 4 10.8 0 0 0 0 4.4 2.6 0 0 3.8000000000000003 0 1.4000000000000001 1.8 0 0 0 0 0 0.2 0 0 0 0 0 0 0.2 0 0 0 0 0 0 0 0 1.6 0 0 0 0 0 0 0 0 1 0 0 0 0 0.6000000000000001 0.2 0 0 0 1.2000000000000002 0 4.800000000000001 1 0.2 0 3 3.2 8 7 0 0 0 2.6 0.2 2 2.8000000000000003 0 0 0 0.4 2.8000000000000003 5.2 0 0 0 2.6 2 0 0 0 0.2 0 0.8 2.8000000000000003 0 0 2.2 2.4000000000000004 8.200000000000001 8.200000000000001 0 0 0 0 0 0 0 0 0 0 0 0 0 0 0 0 0 0 0 0.2 0 0 0 0 0 0 0 0 0 0 0 0 0 2.2 0 0 0 0 0.2 0 0.2 0 0 0 0.2 0 0.2 0.2 0 2.6 1.2000000000000002 0.4 0 0 0 0 0 0 0 0 0 0 0 0 0 0 0 0 0 0 0 0 0 0 0 0 2 0 0 0 0 0 0 0 0 2 0 0 0 
 10 6.2 46 16.8 0 69.4 49.6 28 13.200000000000001 11.8 90 15.600000000000001 19 17 11 12 25.8 13 17 103 14.8 0.4 15.200000000000001 6 1.2000000000000002 0.6000000000000001 28.200000000000003 14.8 14.8 0 0.6000000000000001 0.6000000000000001 2.4000000000000004 5.2 0 4.800000000000001 21.6 1.2000000000000002 15 14.8 0 12.200000000000001 1.2000000000000002 0 0.8 0.8 0 0 0 0 0 1 0 0 0.6000000000000001 0 0.4 0.4 0 0 0.6000000000000001 0 0 0 0 0.4 0.2 0 0 0 0.6000000000000001 6.2 0 0 0 0 0.4 0.4 0.6000000000000001 0 4 1.2000000000000002 1 11.600000000000001 6.800000000000001 12.600000000000001 0 2.2 0 1.6 0.2 2.6 0 0 16.6 10 2.2 8.8 0 0 0 4.2 0.8 0 0 0 1.2000000000000002 0 1.8 2 0 0 6 0.2 2 3 3.4000000000000004 3.6 0.2 6.2 0 0 0 0 0 0 0 0 0 0 0 0 0 0 0 0 0 0 0 0 0 0 0 0 0 0 0 0 1 1.8 0 0 1.4000000000000001 0 0 0 0 0 1 0 1.2000000000000002 0 0 0 0 5.800000000000001 0 0 0 0 0.4 0.2 0 0 3.6 0 0 0 0 0 4.2 0 1.8 1.8 0 1.6 2.2 0 0 0 0.2 0 0 2.2 0.2 2.2 3.6 1.8 5.4 2.8000000000000003 0 0 0 0 0 0 0.4 0.2 0 0 0 0 0 0 0 0 0 0 0 0 0 0 0 0 0 0 0 0 0 0 0 0 0 0 0 0 0 0 0 0 0 0 0 0 0 0.4 37.6 0 0.6000000000000001 18.400000000000002 0.4 4.800000000000001 2.8000000000000003 0 0 0 0 0 0 0 0 0 0 0 0 0 0 0 0 0 0 0 0 0 0 0 0 0 0 0 0 0 0 0 0 0 0 0 0 0 
 6.800000000000001 8.4 35.6 22.8 69.4 0 23.8 5.6000000000000005 6.800000000000001 18.400000000000002 61.2 78.2 26.6 12.8 11.4 10.8 26.400000000000002 15.600000000000001 9.600000000000001 9.600000000000001 15.8 0.4 30.400000000000002 0.6000000000000001 0.6000000000000001 0 4.6000000000000005 41.6 14.8 0 16.6 0 0.2 22.6 15.4 24.400000000000002 15.200000000000001 0.4 38.800000000000004 6.800000000000001 0 0.2 1.6 0 0.6000000000000001 0.8 0 0 0 5.800000000000001 0 0.6000000000000001 0 0 1.4000000000000001 0 0.4 0 0 0 0.6000000000000001 0 0 0 0.6000000000000001 0 0 0 0.6000000000000001 0 0.6000000000000001 0 0.8 0 0 0.4 0.2 9.200000000000001 0 0 0 0 0 0 12.4 2.2 0 3.4000000000000004 2.4000000000000004 0 0.4 0 0 0 0 3.6 0 0 2.2 0 0.6000000000000001 7 3.8000000000000003 0 0 0 1.2000000000000002 7.800000000000001 3.4000000000000004 2 0 2.8000000000000003 0 5 6.800000000000001 3.6 1.8 0 0 1.4000000000000001 0 0 0 0 0 0.2 0 0 0 0 0 0 0 0 0 0 0 0 0 0 0 0.6000000000000001 0 0 0 0 0 0 0 0 0.6000000000000001 0 0 0 0 0.4 0.2 0 0 0 0 0 0 2.2 0.2 2.6 0 0 0 0 0 0.6000000000000001 0 0 0 0.2 0 0 0 0 3.8000000000000003 5 4.6000000000000005 5 0 0 5.2 0 5.6000000000000005 0.2 11.8 5 10.200000000000001 6 4.4 6.4 4 3.4000000000000004 0.6000000000000001 2.4000000000000004 0 0 0 0 0.2 0 0 0 0 0 0.4 0 0.2 0 0 0 0 0 0 0 0 0 0 0 0 0 0 0 0 0 0 0 0 0 0 0 0 0 0 0 0 0 0 0 0 0 18.400000000000002 0.2 1.2000000000000002 0 0.2 0.8 0 0 0 0 0 0 0 0 7.6000000000000005 0 0 0 0 0 0 0 0 0 0 0 0 0 0 0 0 8.4 0 0 0 0 0 0 0 0 1.8 0 0 2 
 84.80000000000001 20 78.2 63.400000000000006 49.6 23.8 0 63.2 39.800000000000004 26.200000000000003 25 38.6 66.2 76.60000000000001 67.60000000000001 42.400000000000006 8.200000000000001 15.600000000000001 11.600000000000001 92.80000000000001 0.2 0.6000000000000001 17.6 0.8 1 0 0.2 0.6000000000000001 0.6000000000000001 0 0 0.6000000000000001 0 0.4 0.6000000000000001 0.8 0 0.8 0.2 0 0 0.4 6.6000000000000005 1 0.6000000000000001 0.4 0 0 0 0.4 0 0.6000000000000001 0 0 0 0.6000000000000001 0.8 0 0 0 0.6000000000000001 0 0 0 0.6000000000000001 0.4 0.2 0 0 0 1.2000000000000002 0.6000000000000001 0 0 0 0 0.2 0.8 0 0 7 0.2 4 7.6000000000000005 0 2.4000000000000004 4.2 6 0.2 2 5.2 5 1 2.2 8.6 0.4 4 25 4 3 0 0 0 0 0 0 0 0 0 0 0 4 0 0 0 0 0 0 0 0 0 0 0 0 0 0 0 0 0 0 0 0 0 0 0 0 0 0 0 0 0 0 0 0 1 0 0 0 0 0 0 0 0 0 0 0 0 0 0 0 0 7.6000000000000005 13.8 2.6 0 1.8 0 2.4000000000000004 2.6 5.6000000000000005 3 3.4000000000000004 2.8000000000000003 6 2 2.8000000000000003 0.8 0.2 2.4000000000000004 4.6000000000000005 0 0 0 0 0 0 0 0 0 0 0 0 0 0 0 0 0 0 0 0 0 0 0 0 0 0 0 2.4000000000000004 0 0 0 0 0 0 0 0 0 0 0 0 0 0 0 0 0 0 0 0 2.8000000000000003 0 0 0 0 0 0 0 1.6 0 0 0 0 0 0 0 0 0 0 0.4 0.4 35.6 0 2.4000000000000004 0 0 0 0 0 0 0 0.2 0 0 0 0 0 0 0 0 0 0 0 0 0 0 0 12.600000000000001 0 0 0 0 0 0 0 0 0 0 0 0 0 5.800000000000001 
 8.4 60.2 14.200000000000001 11.600000000000001 28 5.6000000000000005 63.2 0 14 34.4 7.2 6.6000000000000005 46.2 36.4 46.400000000000006 44.2 23.6 43 29.200000000000003 30.200000000000003 0 0 0.8 0.8 0.8 0 0.4 0 0 0 0 0 0 0.6000000000000001 0.2 0.6000000000000001 0 0.4 0 0 0 0.4 0 0 0.6000000000000001 1 0 0 0 0 0 0.6000000000000001 0 0 0 0 0.4 0 0 0 0.6000000000000001 0 0 0 0.4 0 0.4 0 0 0 0.6000000000000001 0 0 0 0 0.2 0 0.6000000000000001 0 0 5.6000000000000005 2.4000000000000004 0 2.4000000000000004 4 0 6 0 2.6 0.6000000000000001 2.2 2.6 6 5.6000000000000005 0.2 0 2.6 3.2 2.4000000000000004 4.4 0 0 0 0 0 0 0 0 0 0 0 0 0 0 0 0 0 0 0 0 0 0 0 0 0 0 0 0 0 0 0.8 0 0 0 0 0 0 0 0 0 0 0 0 0 1.2000000000000002 0 0 0 0 0 0 1.8 0 0 0 0 0 0 0 0 2.6 2.8000000000000003 5 10.8 2.4000000000000004 0.2 2.2 4.4 1.6 4 0.6000000000000001 2.6 5 2.8000000000000003 0 3.4000000000000004 0 4.4 5.2 0 0 0 0 0 3 0 0 0 0 0 0 0 0 0 0 0 0 0 0 0 0 0 0 0 0 0 0 0 0 0 0 0 0 0 0 0 0 0 0 0 0 0 0 0 0 0 0 0 0 0 0 0 0 0 0 0 0 0 0 0 0 0 0 0 0 0.2 0 0 0.2 0.2 0 2 0 0 0 0 0 0 0 0 0.2 0 2.6 0 0 0 0 0 0 0 0 0 0 0 0.6000000000000001 2 4.800000000000001 0 0 0 0 0 0 0 0 0 0 0 0 0 
 7 10.600000000000001 26.400000000000002 36.800000000000004 13.200000000000001 6.800000000000001 39.800000000000004 14 0 37.4 10.600000000000001 42.400000000000006 25.200000000000003 37.800000000000004 37 53 22.8 15.4 41.400000000000006 14.4 0.4 0 0.4 1.2000000000000002 1.4000000000000001 0.6000000000000001 15.200000000000001 0 0 0.4 0.6000000000000001 15.4 0 0.6000000000000001 0 0.4 0.6000000000000001 1 0.8 15.8 0 0 0 0.4 14.4 1.2000000000000002 1 0 0.8 0 0 0.6000000000000001 0.2 0.2 0.4 0 1.6 0 0 0 0.6000000000000001 0 0 10.8 0.6000000000000001 0.4 1.2000000000000002 0 0 0.6000000000000001 0.6000000000000001 0 0.2 0 1 0.4 1 0.6000000000000001 0 0 2.6 0.2 3 11.4 0 16.8 0 7.6000000000000005 8.8 5.800000000000001 5.800000000000001 4 0 0.2 4.6000000000000005 3.8000000000000003 0 0 2.8000000000000003 5 0.6000000000000001 0 0 0 0 0 1.4000000000000001 4.2 0 0 0 3.8000000000000003 2 0 0 0 0 0 8.4 0 0 0 0 0 0 0 0 0 0 0 0 0 0 0 0 0.6000000000000001 0 0 0 0 0 1.4000000000000001 0 0 0 0 0 0 0 0.4 0.6000000000000001 0 0 0 0 1.6 0 0 0 0 1.8 2 10.200000000000001 10.600000000000001 0 1.8 2.6 3 3.6 6.800000000000001 6.6000000000000005 5.6000000000000005 3.2 6 0 8.200000000000001 5.800000000000001 2.8000000000000003 0 0 2.6 0 0 0 0 0.2 5.4 0 0 0 0 0 1.4000000000000001 0 0 0 0 0 0 0 0 0 0 0 0 0 0 0 0 0 0 0 0 0 0 0 0 0 0 0 0 0 0 0 0 0 0 0 0 0 0 0 0 0 0 0 0 0 0 0 0 0 0 0 0 0 0 0 0.4 19 9.8 2.2 0 0.4 0 0 0 0 0 0 0.4 0 0 0 0 0 0 0 0 0 0 0 0 0 0 2 0 3.6 0 0 0 0 0 0 0 0 0 0 0 0 
 11.8 34.4 23.400000000000002 51 11.8 18.400000000000002 26.200000000000003 34.4 37.4 0 34 58.400000000000006 10.600000000000001 18.8 43.400000000000006 32.4 25.400000000000002 36.4 19 19.6 0.2 0 0.2 0.6000000000000001 0.6000000000000001 0 5.2 0 0 0 0 0 14.8 0 0 0.4 0 0.6000000000000001 10.8 0 0 0.4 0 0 0.6000000000000001 0.8 0 0 0 0 0 0.6000000000000001 12.600000000000001 0 0 0 13 0 0 0 0.6000000000000001 0 0 0 0 0 0.2 0 0 0 0.6000000000000001 0 0 0 0 0 2.6 0.4 0 0 0 1.8 2.2 8.8 6.2 4.4 0 3.4000000000000004 7.800000000000001 9 6.800000000000001 2.8000000000000003 2.8000000000000003 2.8000000000000003 2.8000000000000003 3.4000000000000004 3.2 0.6000000000000001 0 0 0 0 0 0 0 0 0 2 0 0 0 1.8 1.6 0.2 2.8000000000000003 0 0 0 2 0 0 0 0 0 0 0 0 0 0 0 0 0 0 0.4 0 0 0 0 0 0 0 0.4 0 0 0 0 0 0 0 0 0 0 0 0 0 0 0 0 0 0 3.2 0 5.2 2 2.4000000000000004 3.6 0 3.8000000000000003 0 4.6000000000000005 0.2 0.4 0 3.8000000000000003 0.2 3.6 0.4 0 0.2 0 3 2.6 1 0 0 0 5.800000000000001 5.800000000000001 0 0 0 0 13.8 0 2.2 0 0 1.8 0.4 3.6 0 0 0 0 0 0 0 0 0 0 0 0 0 0 0 0 0 0 0.4 0 1 0 0 0 0 0 0 0 0 0 0 0 0 0 0 0 0 0 0 0 0 0 0 0 0 0 0.2 0 0 2 1.2000000000000002 1.6 0 0 0 0 0 0 0 0 0 0 0.6000000000000001 0 0 0 0 0 0 0 0 0 0 0 0 0 2.4000000000000004 2.6 0 0 0 0 0 0 0 0 0 0 0 0 
 18 10.200000000000001 33.2 17.8 90 61.2 25 7.2 10.600000000000001 34 0 9.8 70.4 21.200000000000003 33.6 41.6 101.4 75.2 14 13.200000000000001 0 0 0 0.6000000000000001 0.4 0 15.8 0 0 0 0.4 0 0.2 0 0 0.4 0.2 0.6000000000000001 0.2 7.2 0 13 0 0 0.6000000000000001 0.8 0 0 0 0 0 0.6000000000000001 0.2 0 0 0 0.4 0 0 0 0.6000000000000001 0 0 0 0 0 0.2 0 0 0 0.4 7.6000000000000005 0 0 0 0 0 0.4 0 0 9.4 12 1.6 5 6.2 15.4 0 8.200000000000001 2.2 0.8 5.800000000000001 12.4 0 2 5.4 8.4 4.800000000000001 12.4 0 0 0 0 0 0 2.4000000000000004 0 1 0 0 0 0 0 4.4 0 2.8000000000000003 0 0 0 2.4000000000000004 0 0 0 0 2.4000000000000004 0 0 0 0 0 0 0 0 0 0 0 0 0 0 0 0 0 1.8 0 0 0 0 0 0 0 0.2 0 0 1.6 0 0 0 0 0 1 0 4.800000000000001 0 2.8000000000000003 2.2 5.800000000000001 3.6 0 1.2000000000000002 0 1.6 0.4 2.6 2.4000000000000004 3 2.6 0 0.2 1.6 0 2 2.4000000000000004 0 0 0 0 0 2.2 0 0 0 0 0 0 0.2 0 0 0 0 8.4 0.4 0 0 0 0 0 0 0 0 0 0 0 0 0 0 0 0 0 0 0 0 0 0 0 0 1.8 0 0 0 0 0 0 0 0 0 0 0 0 0 0 0 0 0 0 0 0 0 10 0 0.8 17.400000000000002 0 4.6000000000000005 2.8000000000000003 0 0 0 0 0 0 0 0 0 2 0 0 0 0 0 0 0 0 0 0 0 0 0 0 0 0 0 0 0 0 0 0 0 0 0 0 0 
 11.200000000000001 25.6 118.2 28 15.600000000000001 78.2 38.6 6.6000000000000005 42.400000000000006 58.400000000000006 9.8 0 7.4 8 10.8 35 29.6 16.6 55.800000000000004 8.200000000000001 0 0 0.4 0.6000000000000001 0.6000000000000001 14.8 16.2 41.800000000000004 0 0 0 0 0.4 0 0 0.4 0 0.4 18.8 15.200000000000001 0 0.4 0 14.200000000000001 14.4 1.8 0 0 2.6 0 0 0.6000000000000001 0 0 0 0 0.6000000000000001 0 0 0 0.6000000000000001 0 0 0 0.2 0 0.2 4.4 0 0 0.6000000000000001 0 0 0 0 0 0 0.6000000000000001 0 0 6.4 0 2.8000000000000003 5.4 2 7.800000000000001 0 2 6 0.4 7.800000000000001 8.8 0 0 10 5 0.2 0.2 0 0 0 0 0 0 0 0 1.8 4.4 0 0 0 4 3 0 2.2 0 0 2.2 5.2 0 0 0 0 0 0 0 0 0 0 0 0 0 0 0 0 0 0 0 0 0 0 0 0 0 0 0 0 0 0 0.4 0 0 0 0 0 0.2 0 0 0 0 7.2 0 4.800000000000001 6.800000000000001 5 0 0 3 0 2.8000000000000003 3.4000000000000004 0 0 7.800000000000001 1.4000000000000001 5.4 4.2 0 0 1.6 3.6 0 0 0 0 0 0 0 0 0 0 0 5.2 0 1.8 0 0 0 2.8000000000000003 0.2 0 0 0 0 0 0 0 0 0 0 0 0 0 0 0 0 0 0 0 0 0 0 0 0 0 0 0 2.8000000000000003 0 0 0 0 0 0 0 0 0 0 0 0 0 0 0 0 0 0.4 0 0.2 0.2 18 1.8 1.8 3 0.4 0 0 0 0 0 0 0 0 0 0 0 0 0 0 0 0 0 0 0 0 0 0 0 1.6 0 0 0 0 0 0 0 0 0 0 0 0 
 90.60000000000001 47.800000000000004 80.4 14.4 19 26.6 66.2 46.2 25.200000000000003 10.600000000000001 70.4 7.4 0 60.800000000000004 31.200000000000003 83.4 67.60000000000001 8 18.2 13.8 0.4 0.4 0.4 0.8 0.6000000000000001 0 0.6000000000000001 0.6000000000000001 0.4 0 0 0 0 12.200000000000001 0.6000000000000001 0.4 0 0.4 0 0.2 0 0.2 0.4 0.6000000000000001 0.6000000000000001 0.6000000000000001 0 0 0 0.4 0 0.6000000000000001 0 0 0.4 0.4 0.6000000000000001 0 6.800000000000001 0 0.6000000000000001 0 0 0 0.8 0.4 10.4 0.8 0 0 1.2000000000000002 0.6000000000000001 0 0 0 0 0.2 1 0 7 4 2.4000000000000004 0 2 0 0 5.800000000000001 0 5.2 0 0 4 8.200000000000001 3.6 0 2 4.800000000000001 5.2 0 4 0 0 0 0 0.4 0 0 0 0 0 0 0 0 0 3.2 0 0 0 0.4 0 0 0 0 0 0.2 0 0 0 0 0 0 0 0 0 2.6 0.4 0 0 0 0 0 0 0 0 0 0 0 0 0 0 0 1.8 0 0 0 0 0 0 0.2 0 2.2 3.2 5 0.6000000000000001 0 0 3.2 2.6 4.2 2 3.2 3.8000000000000003 1.6 5.6000000000000005 0.2 2.4000000000000004 2 2.2 4.6000000000000005 0.2 0 0 0 0.4 0.4 0 0 0 0 3.4000000000000004 0 0 0 0 0 0 0 0 0 0 0 0 0.2 0 0 0 3.2 0 0 0.2 0.2 0 0 0 4 0 0 0 0 0 0 0 0 0.2 0 0 0 0 0 0 0 0 0 0 1.8 0 0 0 0 0 0 7.800000000000001 0 0 0 0.4 0 0 0.2 0 0 3 0 0 0 0 0 0 0 0 0 0 2.8000000000000003 0 0 0 0 0 0 0.6000000000000001 0 0 0 0 0 0 2.4000000000000004 0 0 0 0 0 0 0 0 0 0 0 0 0 
 20.6 18.8 35.6 11.8 17 12.8 76.60000000000001 36.4 37.800000000000004 18.8 21.200000000000003 8 60.800000000000004 0 50.6 29.8 7.4 49.400000000000006 89.2 39.6 0 0 0 0.6000000000000001 0.4 0 0 0 0 0.4 0 0 0 0 0 0.4 0 0.6000000000000001 40.6 0 0 0.2 0 0 0.6000000000000001 0.8 0 0 0 0 0 0.6000000000000001 0.2 0 0 0 0.4 0 0 0 0.6000000000000001 0 0 0 0 0 0 0 0 0 0.4 0 0 0 0 0 0 0.4 0.2 0 3 4.2 4.800000000000001 3 4.2 0 7.2 7 0 0 0 0 4 4.4 1.2000000000000002 7.2 4.4 2.2 2.6 0 2.4000000000000004 0 0 0 0 0 0 0 0 0 0 0 2 0 0 0 0 0 0 0 0 0 0 0 0 0 0 0 0 0 0 0 0 0 0 0 0 0 0 0 0 0.8 0 0 0.2 0 0 0 0 0 0.6000000000000001 0 0 0 0 1.2000000000000002 0 0 0 0 0 14.200000000000001 5.2 2 0 2.2 0.2 0.2 2 3.6 7.4 2.6 4.6000000000000005 0 1 0.6000000000000001 9 0 2.6 5.2 0 0 0 0 0 0 0.2 0 0 0 0 0 0 0 0 0 0 0 0 0 0 0 0 0 0 0 0.2 0 0 0 0 0 0 0 0 0 0 0 0 0 0 0 0 0 0 0 0 0 0 0 0 0 0 0 0 0 0 0 0 0 0 0 0 0 0 0 0.2 0 1.2000000000000002 0.4 0 0.6000000000000001 0 0 0 0 0 0 0 0 0 0 0 0 0 0 0 0 0 0 0 0 0 0 0 0.2 2.8000000000000003 0 0 0 0 0 0 0 0 0 0 0 0 0 
 47.400000000000006 47.2 50 39 11 11.4 67.60000000000001 46.400000000000006 37 43.400000000000006 33.6 10.8 31.200000000000003 50.6 0 20.400000000000002 56.2 9.200000000000001 34 21.8 0.2 0.2 0.6000000000000001 0.8 0.6000000000000001 0 0.8 0 0 0 0 0 0 0 0 0.6000000000000001 0 0.8 0 0.2 0 0.8 0 0 0.6000000000000001 0.4 0 0 0 0 0 0.6000000000000001 0 0 0 0 0.4 0 0 0 0.6000000000000001 0 0 0 0 0 0.2 0 0 0 1.4000000000000001 6.2 0 0 0 0 0 0.4 0 0 7.4 3.6 5 9.4 0 0.4 2.4000000000000004 8 6.800000000000001 5.2 4 5.800000000000001 4.6000000000000005 2.4000000000000004 2.8000000000000003 7 0 4.800000000000001 0 0.4 0 0 0 0 0 0 0 0 0 0 0 0 1.6 0 2.4000000000000004 0 0 0 2 0 0 0 0 0 0 0 0 0 0 0 0 2.8000000000000003 4 0 0 0 0 0 0 0 0 0.2 0 0 0.8 0 0 0 0 0 0 0 0 0 0 0 0 0 0 0 5.4 5.2 8 0 1.6 2 0 5 0 7 1.4000000000000001 4.800000000000001 0 2.4000000000000004 0 0 4.2 3 7.2 0 0.2 0 0 0 0 0 0 0 0 0 0 0 0 0.2 0 0 0 0 0 5.4 0 0 0 0 0 0 0.4 0 0 0 0 0 4.4 0 0 0 0 0 0 0 0 0 0 0 0 0 0 0 0 0 0 0 0 0 2 0 0 0 0 0 0 0 0 0 0 0 0.4 0.2 0 17.400000000000002 2 16.400000000000002 0 0 0 0 0 0 0 0 0 0 0 0 0 0 0 0 0 0 0 0 0 0 0 2.6 0 0 0 0 0 0 0 0 0 0 0 0 0 0 
 29.200000000000003 8.8 57.400000000000006 25.200000000000003 12 10.8 42.400000000000006 44.2 53 32.4 41.6 35 83.4 29.8 20.400000000000002 0 40.6 14.8 54.800000000000004 33.800000000000004 0 0 1 1 0.6000000000000001 12.4 0.4 0 0 0 0 0 0 0 0 1 0 1.2000000000000002 0 0 0 4 0 0 0.4 1.2000000000000002 0.6000000000000001 0.4 0 0 0 1 0 0 0 0 0.4 0 0 0.6000000000000001 0.6000000000000001 0 0.8 0 0.6000000000000001 0 0.2 0 0 0 0.6000000000000001 0.2 0.2 0 0 0.4 0.2 0.6000000000000001 0.6000000000000001 0 4.2 3.6 3.2 7.800000000000001 0 3.6 0 7.4 10 0.2 2.8000000000000003 5.800000000000001 0 6.2 2.2 6 5.6000000000000005 1.6 3.4000000000000004 5.2 0.2 0 0 0 0 0 0 0 0.2 0 0.4 2.2 0.2 0 0 0 0 0 0 0 0 0 0 0.2 0 0 0 0 1.6 0 0 0 0.2 0 0 0 0 0 0 0 0 1.4000000000000001 0 0 0 0 0 0 0 1.2000000000000002 0.6000000000000001 0 0 0 2.8000000000000003 1.4000000000000001 0 0.4 0 0 3 2.4000000000000004 9 6.2 2 2.4000000000000004 0 13 3 7.800000000000001 3.2 5 5.2 3.8000000000000003 0 5.800000000000001 2.2 1.8 0 1.6 0 0 0 0 0 0 8 0 0 0 0 0 0 0 0 0 0.4 0 0 0 0 0 0 0 0 0 0 0 0 0 0 0 0 0 0 0 0 0 0 1.8 0 0 0 0 0 1.8 0.4 0 1.8 0 0 0 0 0 0.4 0 0 0 0 0.4 0 0 0 0 0 0 0 0 0 34.800000000000004 0.2 2.4000000000000004 0 1 0 0 0 0 0 0 0 0 0 0 0 0 0 0 0 0 0 0 0 0.6000000000000001 0 4.4 0 0 0 0 0 0 0 2.8000000000000003 0 0 0 0 0 0 
 24.200000000000003 24.6 7.800000000000001 20.8 25.8 26.400000000000002 8.200000000000001 23.6 22.8 25.400000000000002 101.4 29.6 67.60000000000001 7.4 56.2 40.6 0 16.400000000000002 23 9.8 0 0.2 0.2 0.6000000000000001 0.6000000000000001 0 0.2 0.4 0 0 0 0.2 0 0 0 0.4 0 0.6000000000000001 14.8 14.8 0 0 0 0 0.6000000000000001 0.8 0 0 0 0 0 13.200000000000001 0 0 0 0 0.8 0 0 0 0.6000000000000001 0 0 0 0 0.6000000000000001 0.4 0.8 0 0 0.6000000000000001 10.4 0 0 0 0 0 0.4 0 0 5.6000000000000005 1.8 5 3.2 0 2.2 0 0.2 11.200000000000001 7.2 6.4 5.4 0 0.6000000000000001 0 5.6000000000000005 0 1.4000000000000001 0 0 0 0 0 0 0 0 2 2.6 0 0 0.2 0.2 0 0 2.6 0 0 0 0.2 0 0 0 0 0 0 0 0 0 0 0 0 0 0 0 0 0 0 0 0 0 0 0.4 0 0 0 0 0 0 0 0 0.2 0 0 0 0 0.2 0 0 0 0 6.4 0 5.800000000000001 2.2 2.2 0 2.2 2.6 1.8 10.4 1.8 5.800000000000001 0 3.6 3.6 2 1.2000000000000002 4.800000000000001 0 0 3.2 0 0 0 0 0 1.8 0 0 0 0 0 0 0 3.4000000000000004 0 0 0 0 0 0 0 0 0 0 0 0 0 0 0 0 0 0 0 0 0 0 0 2.4000000000000004 0 0 0 0 0 0 0 0 0 0 0 0 0 0 0 0 0 0 0 0 0 0 0 0 0 0 0.2 0.2 0 0.4 1 0.2 1.2000000000000002 0 0 0 0 0 0 0 0 0 0 0 0 0 0 0 0 0 0 0 0 0 0 0 0 0 1.4000000000000001 0 0 0 0 0 0 0 0 0 0 0 0 
 8 30.400000000000002 13.8 31.6 13 15.600000000000001 15.600000000000001 43 15.4 36.4 75.2 16.6 8 49.400000000000006 9.200000000000001 14.8 16.400000000000002 0 52 12.200000000000001 0 14.8 0.2 0.6000000000000001 0.6000000000000001 0 30.200000000000003 0 0.4 0 0.6000000000000001 0 14.8 0 15.200000000000001 0.4 0 0.6000000000000001 13.200000000000001 14.4 0 0.4 0 0 0.6000000000000001 0.6000000000000001 0 0 0 0 0.2 0.6000000000000001 0 0 0 0 0.4 0 0 0 0.6000000000000001 0 0 0.6000000000000001 0 0 0.4 0 0 0 0.6000000000000001 0 0.2 0.6000000000000001 0 0 6.4 0.8 0 0 2 4.6000000000000005 1.8 3 3.4000000000000004 0 0 2.2 3.6 4.4 4 3 0.2 2.4000000000000004 2 0 6.4 3.8000000000000003 0 0 0 0 0 0 0.2 0 2.8000000000000003 0 0 0.4 0 1.4000000000000001 0 2.8000000000000003 0 0.4 0.2 0 2.2 1.4000000000000001 0 0 2 0 0 0 0 0 0 0 0 0 0 0 0 0 0 0 0 0 0 0 0 0 0.8 0 0.4 0 0 0 0 0 0 0 0.2 0.4 0 0 0 0 2 0 0 0 4.4 5.6000000000000005 0 0.2 0 0 1.2000000000000002 2.4000000000000004 1.8 0 1.8 0 0 4.6000000000000005 1.2000000000000002 0 2.8000000000000003 12 4 0 0 0 10.8 3.2 0 0 0 0 0 0 0 0.4 0 1 2.4000000000000004 15.600000000000001 0 0 0 0 0 1 0 0 0 0 0 0 0 0 0 0 2.8000000000000003 0 0 0 0 0 0 0 0 0 0 0 0 0 0 0.4 0.2 2.8000000000000003 0 0 0 0 0 0 0 0 0 0 0 0 0.6000000000000001 0.4 17.400000000000002 16.6 0.4 0.8 0 0 0 0 0 0 0 0 0 0 0.4 0 0 0 0 0 0 0 0 0 0 0 0 2.8000000000000003 0 0 0 0 0 0 0 0 0 0 0 0 0 0 
 15 11.8 4.6000000000000005 12.600000000000001 17 9.600000000000001 11.600000000000001 29.200000000000003 41.400000000000006 19 14 55.800000000000004 18.2 89.2 34 54.800000000000004 23 52 0 85.2 0 2.4000000000000004 0.2 0.6000000000000001 1.6 0 1.2000000000000002 0 0 0.6000000000000001 0.4 0.6000000000000001 0 0 0 1 1.6 3.4000000000000004 0 0 0.6000000000000001 0.8 0 1.6 1.2000000000000002 1 0 0.2 0.4 1.4000000000000001 0.6000000000000001 1.6 1 0.4 0 0 0.8 2.2 0.6000000000000001 0.4 0.6000000000000001 0.2 0 0.4 0 0 0.2 0.4 0 1 0.6000000000000001 0 0.2 0.4 0.4 1 0 0.4 0.4 0.2 4 0 0 0 0 0 0.4 0 0.2 0 0 4 5 5.800000000000001 0 4.800000000000001 0 0 4.800000000000001 20 0 0 0 0 0 0 0 0 0 0 0 0 0 0 0 0 0 0 0 0 0 0 0 0 0 0 0.2 0 0 0 0.4 0 0 0 0.2 0 0 0 0 0 0 0 0 0 0 0 0 0 0 0 0 0 0 0 0 0 0 1.6 0 0 0.2 0 13 2.8000000000000003 0 0.6000000000000001 0.2 4 15.200000000000001 2 0 11.4 8 8.6 4.2 6.6000000000000005 0.4 2 0 1.2000000000000002 0 0 0 0 0 0 0 0 0 0.2 0 0 0 0 0 0 0 0 0 0 0 0 0 0 0 0 0 0 0 0 0 0 0 0.8 0 2.6 0 0 0 0 0 4.4 0 0 0.4 0 0 0 0 0 0 0 0 0 0 0 0 0 0.2 0 0 3 0 0 0 0.6000000000000001 0.8 0.2 0 17.8 0.2 3 0 0 0 0 0 0 0 0.4 0 5.2 0 0 0 0 1.2000000000000002 0.2 0 0 0 0 0 0 0 3 0 0 0 0 0 0 0 0 0 0 0 0 0 0 
 13.4 6.800000000000001 47.6 99.2 103 9.600000000000001 92.80000000000001 30.200000000000003 14.4 19.6 13.200000000000001 8.200000000000001 13.8 39.6 21.8 33.800000000000004 9.8 12.200000000000001 85.2 0 0.6000000000000001 7.6000000000000005 0.4 0.6000000000000001 1 0.2 0.2 0 0 0 0 0 0 0 0.4 0.4 0 0.6000000000000001 0 0 0.6000000000000001 0 0 0.2 0.6000000000000001 0.6000000000000001 0 0 0 0 0 1.2000000000000002 0.4 0 0 0 0.8 0 0 0 0.6000000000000001 0 0 0 0.4 0 0.4 0 0 0 0.6000000000000001 0 0 0 0.4 0.2 0 0.6000000000000001 0 0 0 2.6 0 0 0 0 3.6 5 0 7.6000000000000005 2 0 2.8000000000000003 2.2 3.2 0 0.2 3.8000000000000003 9.4 3 0 0 0 0 0 0 4.800000000000001 0 0 0 0 0 0 0 0 0 0 0 0 0 0 0 0 0 0 0 0 0 0 0 0 0 0 0 0 0 0 3 0 0 0 0 0 0 0.8 0 0 0 0 0 0 0 0 0 0 0 0 0 0 0 0 4.2 0 1.8 0 1 4 2.8000000000000003 2.8000000000000003 0 0 2.6 5.4 2.2 2.2 1.8 0 3.8000000000000003 4.800000000000001 3.2 0 0 0 0 0 0 0 0 0 0 0 0 0 0 0 0 0 0 0 0 0 0 0 2.8000000000000003 0 0 0 0 0 0 0 0 0 3.2 0 0 0 0 0 0 0 0 0 0 0 0 0 1.4000000000000001 0 0 0 0 0 0 0 0 0 0 0 0 0 0 0 0 0 0.4 0 0 0.4 1.2000000000000002 0.6000000000000001 0.4 0 0 0 0 0 0 0 0 0 0 2 0 0 0 0 0 0 0 0 0 0 0 0 4.4 0 0 0 0 0 0 0 0 0 0 0 0 0 0 
 0 0.4 0 15 14.8 15.8 0.2 0 0.4 0.2 0 0 0.4 0 0.2 0 0 0 0 0.6000000000000001 0 32.4 48.400000000000006 26.6 8 6.4 28.6 59 3.8000000000000003 7 9.4 18.8 10.200000000000001 41.6 51.6 19.6 4.6000000000000005 20.8 24 18.2 41 0.2 0.4 0 0 0 0 0 2.8000000000000003 0 0.2 1.2000000000000002 0 0 0.4 0 0 0 0.4 0 0.2 0 0 0 0 0 0.4 0 1 0 0.4 0.4 0.2 0.6000000000000001 0 0 0 0.6000000000000001 0 0.6000000000000001 0 0 2.8000000000000003 0 3.8000000000000003 1.6 0 0 0 0 0 0 0 0 0 0 0 0 0 0 5.6000000000000005 5.800000000000001 5 0 2.6 1.6 3.6 2.8000000000000003 2.4000000000000004 8.4 8.200000000000001 2.6 2.4000000000000004 1.8 0 6 10.8 0 2.4000000000000004 7 0 0 0 0 0 0 0 0 0 0 0 0 0 0 0 0 0 0 0 0 0 0 0 0 0 0 0 0 0 0 2 1.6 0 0 5.6000000000000005 0 0 0 0 0 0 0 0 0 0 0.4 0 0 0 0 0 2.2 0 0 0.8 0 0 0 0 0 3.2 0.2 0.2 0 6.800000000000001 4.800000000000001 1.8 2.2 4 0.2 5 9.600000000000001 0.2 9.8 5.800000000000001 10.8 4.2 3.8000000000000003 14.200000000000001 5.2 0 0 0 0 0 0 0 0 0 0 0 0 0 0 0 1.6 0.4 0 0 0 0 0 0 0 0 0 0 0 0 0 0 0 0 0 0 0 0 0 0 0 0 0 2 0 0 0 0 0 15 0 0 0 0 0 1.8 0 0 0.2 0.2 0 0.4 0.2 0 0 0 0 0 0 0 0 0 0 0 0 0 0 0 0 0 0 0 6 0 0 0 0 0 0 0 0 
 0.4 0 0 0 0.4 0.4 0.6000000000000001 0 0 0 0 0 0.4 0 0.2 0 0.2 14.8 2.4000000000000004 7.6000000000000005 32.4 0 23.8 28.6 39.800000000000004 6.6000000000000005 28.6 141.20000000000002 22 41.2 20.400000000000002 50.6 21.200000000000003 14.200000000000001 19 31.400000000000002 25.200000000000003 34.6 6.6000000000000005 27.400000000000002 0 0.4 0.4 0 0 0.2 0 0 5.2 0 0 0.4 0.2 0 0.4 0 0 0 12.600000000000001 0 0 0 0 0 0 0 0.2 0 0.4 0 0.6000000000000001 0.4 0.8 0 0.8 0 0 0.6000000000000001 0 0.6000000000000001 0 0 0.2 0 0 0 0 0 0 0 0 0 0 0 0 0 0 0 0 0 2.8000000000000003 6.4 2.4000000000000004 5.6000000000000005 0.4 0 5.800000000000001 0 1.4000000000000001 5.2 4.4 0 0 2.2 2.2 7.4 1.4000000000000001 5.4 0.2 1.8 0.2 0 0 0 0 0 6.800000000000001 1.8 0.2 0 0 0 9.200000000000001 4.2 5.4 0 0 0 6.4 3 0 0 0 0 0 0 0 0 0 0 2.2 0 0 0 0 0 0 0 0 0 0 0.6000000000000001 0 0 2.8000000000000003 1.8 0 0 0 0 0 0.2 0 0 0.2 0 0 2.6 0 0 0 1.8 4.6000000000000005 0 0.6000000000000001 2.4000000000000004 1.8 11.600000000000001 2.8000000000000003 0 5.2 3.6 0 1.6 0 7.2 9.600000000000001 0.2 1.2000000000000002 3.2 0 0 0 5 0 0 0.2 0 0 0 0 0 0 0 0 0 0 0 0 1.6 0 0 0 0 0.6000000000000001 0 0 0 0.4 0 0 0 0 0 0 0 0 0 0 0 0 0 0 0 0 0 0 0 9.8 0 0 0.2 0 0 3.2 0.4 0 0.2 3.4000000000000004 0 0.6000000000000001 0 0 0 0 0 2.2 0 0 0 0 0 0 0 0 0 0 0 0 0 0 1.8 0 0 0 0 0 0 0 0 
 0.2 0.2 0.2 0.2 15.200000000000001 30.400000000000002 17.6 0.8 0.4 0.2 0 0.4 0.4 0 0.6000000000000001 1 0.2 0.2 0.2 0.4 48.400000000000006 23.8 0 53.2 68.4 27.200000000000003 14.8 68.2 112.60000000000001 69.8 51.2 37.6 56.2 30 53 36.2 53.2 52.6 15.200000000000001 107.4 0 0.4 0.4 1.4000000000000001 0 0.2 0 0 0.6000000000000001 0 0 1.2000000000000002 1.2000000000000002 0 0.4 1.6 0 0.4 12.4 0 0.4 0 0 0 1 0 0.4 0 2.2 0 1.8 0 2 0 1.2000000000000002 0 1 1.4000000000000001 0 0.6000000000000001 0 0 0 0 2.4000000000000004 0 0.2 0 0 0 0 0 0 0 0.2 0 0 0 0 0 2 4.4 4 2.2 8 14.200000000000001 0 5.800000000000001 2.8000000000000003 4.6000000000000005 2.8000000000000003 7.4 0 0 0 3.4000000000000004 4.6000000000000005 2 0 0 1 0 0 0 0 0.4 1.2000000000000002 0 0.4 0.2 0 0 4.4 0.6000000000000001 0 0 0 0 1.8 3 0 0 0 0 0 0 0 0 0 0 0 0.6000000000000001 0 0 0 0 0 0 0 0 0 4 0 0 0 0 0 0 0 0 0 0 0.2 0 0 0 0 0 0 0 0 2.6 2 2.8000000000000003 4.6000000000000005 0.2 0 0 4.2 4.800000000000001 3.6 3.6 6 6 7.6000000000000005 1.8 3.2 4 0 0 0 0 0 0 0 0 1.2000000000000002 0 0 0 0 0 0 0 0 4.800000000000001 0 0 0.6000000000000001 2.4000000000000004 1.6 0 0 0 0 0 0 0 0 0 0 6.800000000000001 0 0 0 0 0 0 0 0 0 1.4000000000000001 0 0 0 0 0 0 0 0 0 0 0 0.2 0 0 0.2 0 16 0 0.4 2 0 0 0 0 0 0 0 0 0 0 0 0 0 0 0 0 0 0 0 0 0 0 0 0 0 0 0 0 
 0.6000000000000001 13.4 0.6000000000000001 0.6000000000000001 6 0.6000000000000001 0.8 0.8 1.2000000000000002 0.6000000000000001 0.6000000000000001 0.6000000000000001 0.8 0.6000000000000001 0.8 1 0.6000000000000001 0.6000000000000001 0.6000000000000001 0.6000000000000001 26.6 28.6 53.2 0 33 30.6 26.8 34.2 47.2 23 29.400000000000002 29.6 31.6 38 41.400000000000006 72.60000000000001 7.2 19.6 20.400000000000002 12.600000000000001 0.6000000000000001 12.600000000000001 0.4 0 0.2 0 0 12.600000000000001 0.2 0 0 1.6 0.2 0 0.4 0.2 0 0 40.2 0 1.2000000000000002 0 0 0 0 0 0.2 0 0 0 0.6000000000000001 0.4 0 1.2000000000000002 0 0 0 0.6000000000000001 0 0.6000000000000001 0 0 0 0 0 0 0 0 0 0 0 0 0 0 0 0 3.8000000000000003 0 0 0 2 7.4 0.8 0 0.2 1.2000000000000002 0 0.2 3.8000000000000003 4.6000000000000005 3.2 1.2000000000000002 0 0 4 2.8000000000000003 4.800000000000001 4.2 0 2.6 2.6 0 0 0 0 0 3.4000000000000004 0 0 2.2 0 2.6 8.200000000000001 0 0 0 0 0 5.2 2.4000000000000004 0 0 0 0 0 0 0 0 0 0 0.8 1 0 0 0 0 3 0 0 0 0 0.4 0 0 0 0 0 0 0 0 0 0 0 0 0 0 0 0 0 0 2.8000000000000003 2.6 1.4000000000000001 0 0.8 1 0 4.2 5 1.4000000000000001 5.4 7.2 0 0 0 0.4 7.800000000000001 2.4000000000000004 0 0 0 0 0 0 0 0 4.800000000000001 0 0 0 0 0 0.2 0 0 0 0 0 0 2.4000000000000004 0 0 0 0 0 0 0 0 0 0 0 0 0 0 0 0 0 0 0 0 0 0 3.2 0 0 0 0 0 0 0 0 0 0 0 3.4000000000000004 0 0.2 16.8 30.6 0 1 0.6000000000000001 0 0 0 0 0 0 0 0 0 0 0 0 0 0 0 0 0 0 0 0.2 0 0 0 2.8000000000000003 0 0 0 0 
 0.6000000000000001 0.6000000000000001 0.6000000000000001 0.6000000000000001 1.2000000000000002 0.6000000000000001 1 0.8 1.4000000000000001 0.6000000000000001 0.4 0.6000000000000001 0.6000000000000001 0.4 0.6000000000000001 0.6000000000000001 0.6000000000000001 0.6000000000000001 1.6 1 8 39.800000000000004 68.4 33 0 13.200000000000001 11 15 26.6 95.2 64.60000000000001 83.2 17.8 58.400000000000006 15.4 58.6 23.200000000000003 58.2 11.200000000000001 17.8 0 0.4 0.6000000000000001 0.8 0 0 0 0.2 0.2 0 0 0.8 12.4 0 0.6000000000000001 0.6000000000000001 0 0 6 0 0 0 0 0 0.4 0 0.6000000000000001 0 0.4 0 0.6000000000000001 0.4 0 0 0.8 0 0 0.6000000000000001 0 0.6000000000000001 0 0 0 0 0 0 0.2 0 0 0 0 0 0 0 0.4 0 0 0 0 0 0 0 0.2 2.2 0.2 0 0 0 2 0 2.2 2.4000000000000004 0 0.2 0.2 2 0 4.4 0 0 6.2 0 2 0 0 0.2 7.2 2 16.8 2 0.4 0 2.2 0 3.4000000000000004 0 0 0 1.8 8.4 0 0 0 0 0 0 0 1.6 0 0 0 0 0 0 0 0 0 0 0 0 0 0.4 0.4 0 0 0 0 0 0 0 0 0 2.4000000000000004 0 0 0 0 0 0 0 0 0 1.6 2 0 6 0 0.4 0 2 0 1.6 0 0 0 0 0.2 0.2 0 0 1.4000000000000001 0 2.8000000000000003 0 0 0 6 0 1.8 3 0 0 2.6 3.4000000000000004 0 0.2 0 1.8 7.4 5.6000000000000005 0 0 0 0 0 0 0 0 0 0 3.6 0 0 0 0 0 0 0 0 0 0 0 0 0 0 0 0 0 0 0 0 0 0 0 1 0 0.4 32.4 0.2 0 0.8 0 0 0 0 0 1.8 0 0 0 0 0 0 0 0 0 0 0 0 1.6 0 1.8 3.2 0 0 0 0 0 0 0 
 0 0 0 0 0.6000000000000001 0 0 0 0.6000000000000001 0 0 14.8 0 0 0 12.4 0 0 0 0.2 6.4 6.6000000000000005 27.200000000000003 30.6 13.200000000000001 0 11.200000000000001 50.800000000000004 13.600000000000001 43.6 16.6 13.8 15 25.8 52 59.2 30 29.400000000000002 14.4 8.8 22.400000000000002 19.200000000000003 13.4 12.200000000000001 0 0 0 11.600000000000001 14.8 16.8 0 0 15.200000000000001 25.6 12.600000000000001 15.200000000000001 0 0 4.800000000000001 6 0.2 0 0 0 0 0 0 0 0.4 0 0.6000000000000001 0.4 0 0 0 0 0 0.6000000000000001 0.2 0.6000000000000001 0 0 0 0 0 0 0 0 0 0 0 0 0 0 0 0 0.4 0 0 0 0 0 0 0 2.4000000000000004 0 0 0 0.2 0 0 2.6 0 0 1.8 0.4 0 5.2 0 0 6.2 4.6000000000000005 5.6000000000000005 2.8000000000000003 0 0 3.6 0 0 0 2.6 0 6.800000000000001 4.4 2.6 2.6 3.2 9 5.4 0.6000000000000001 0 0 1 0 0.4 0 0 0 0 1.4000000000000001 0 0 0 0 0 0 0 0 0 0 0 0 3.6 0 0 0 0 0 0 0 0 0 0 5.4 0 0 0 0 0 0 0 0 0 0 0 2.6 0 0 2.4000000000000004 2.8000000000000003 0 0 0 0 0 0 0 0 0 0 7.800000000000001 3.2 2.8000000000000003 0 0 0 6.4 3 2.2 0 0 0 5.2 0 2.2 12.200000000000001 2.4000000000000004 6.6000000000000005 2.4000000000000004 2.8000000000000003 0 0 0 0 0 0.2 0 0 0 0.2 0 0 0 0 0 0 0 0 0.2 0 0 0 0 0 0 0 0 0 0 0 0 0 0 1.2000000000000002 2.4000000000000004 0.2 0.2 1.4000000000000001 0 1.8 0.2 0 0 0 0 2 0 0 0 0 0.6000000000000001 0 0 0 0 0 0 0 0 0 0 0 0 0 0.2 0.2 0 0 0 0 
 0.2 0.4 17 17.8 28.200000000000003 4.6000000000000005 0.2 0.4 15.200000000000001 5.2 15.8 16.2 0.6000000000000001 0 0.8 0.4 0.2 30.200000000000003 1.2000000000000002 0.2 28.6 28.6 14.8 26.8 11 11.200000000000001 0 40.2 9.8 7.800000000000001 23.400000000000002 4.800000000000001 73.8 15.600000000000001 12 26.200000000000003 35.2 49.2 57 18.8 0 11.600000000000001 0.4 0 0.2 1 0 0 2.6 3 0 0 0.2 0 0.4 0 0 0.2 0.2 0 0 0 0 0 0 0 0.2 0 0.4 0 0.6000000000000001 0 0 0 0 0 1.4000000000000001 0.6000000000000001 0 0.6000000000000001 0 0 0 2.4000000000000004 7 2.4000000000000004 0 0 0 0 0 1.4000000000000001 0 1.2000000000000002 0 0 1.2000000000000002 2.6 0 0 0 2.2 0 0 0 0 3.4000000000000004 12.200000000000001 4.6000000000000005 0.2 0.2 0 7.4 6 0 0 0 0.4 2 5.2 0 0 0 0 0 0 0 0 0 0 0 0 0 0 0 0 0 0 0 0 0 0 0 0 0 0 0 0 1.2000000000000002 1.4000000000000001 0 0 8.200000000000001 0 0 0 0 0 3.2 0 0 0 0 0 2.6 6.4 0 0 0 0 3 2.2 0 0 4.2 0 0 2.8000000000000003 0 0 8.6 6.2 0.4 3 0 0 6 3.8000000000000003 2.4000000000000004 0 2.6 2.2 6 0 0.2 10 1.4000000000000001 1.8 5 10.200000000000001 0 0 0 0 0 0 0 0 0 0 0 0 2.6 0 0 0 0 0 0.2 0 0 0 2 0 0 0 0 10 0 0 0 0 0 0 0 0 0 0 0 0 0 0 0 0 0 0 15.200000000000001 0 4.800000000000001 0 0 0 0 0 4.2 0.4 0 0 0 0.2 3.2 0 0 0 0 0 0 0 0 0 0 0 0 0 0 0 0 0 0 0 0 0 0 0 0 0 0 0 0 0 
 0 0.2 0 20.400000000000002 14.8 41.6 0.6000000000000001 0 0 0 0 41.800000000000004 0.6000000000000001 0 0 0 0.4 0 0 0 59 141.20000000000002 68.2 34.2 15 50.800000000000004 40.2 0 29.400000000000002 9.8 28.8 81.60000000000001 17.6 81 74.8 37.6 5.6000000000000005 10.4 12.4 33.2 1.2000000000000002 0.4 0.4 0 0 0 0 0 0.4 1.4000000000000001 0 0 0 0 0.4 0 1 0 0 0 0 0 8.8 0 0 0 0.6000000000000001 0 1.6 0.8 0.6000000000000001 0 1.2000000000000002 0 0 0 0.6000000000000001 0.6000000000000001 0 0.6000000000000001 0.2 0 0 0 3.8000000000000003 0 0 0 0 0 0 0 0 0 0 0 0 0 0 0 2.2 5.4 4 0 2.8000000000000003 5.6000000000000005 3.6 11.600000000000001 7.2 0.4 3.4000000000000004 7.4 2.2 4.800000000000001 0 1.2000000000000002 6 0 0 2 0 0 0.6000000000000001 0 0 0 0 0 0 0 0 1.2000000000000002 0 0 0 0 0 0 0.6000000000000001 0 0 0 0 0 0 0 0 0 0 0 0.6000000000000001 1.2000000000000002 0 0 0 1 0 0 0 0 0 0 0 0 0 0.6000000000000001 0 0 0 0 0 2.4000000000000004 0 0 0.4 0 0 0 0 0 4 7.6000000000000005 0 3.4000000000000004 3 0 0 3.8000000000000003 6.800000000000001 4 6 3.4000000000000004 9.8 8 5.800000000000001 7.2 10.4 8.8 4.6000000000000005 2.2 0 0 0 0 0 0 0.2 0 0 0 0 0 0 0 0 3 0 0 0.6000000000000001 0 0 0 0 0 0 0 0 0 0 0 0 0 0 0 0 0 0 0 0.2 0 0 0 0 0 0 14.8 0 0 14.8 0 0 0 0 0 1.4000000000000001 0 0.2 0 15.8 0.4 3.4000000000000004 2.4000000000000004 0 0 0 0 0 0 0 0 0 0 0 0 0 0 0 0 0 0 0 0 0 0 0 0 0 0 0 0 
 0 0 0 0.4 14.8 14.8 0.6000000000000001 0 0 0 0 0 0.4 0 0 0 0 0.4 0 0 3.8000000000000003 22 112.60000000000001 47.2 26.6 13.600000000000001 9.8 29.400000000000002 0 90.80000000000001 10.8 17.6 18 37.2 36.4 47.400000000000006 7.6000000000000005 24.6 25 51 0 0.2 0.4 3 0 0 0 0 0.6000000000000001 0 0 0.4 0 0 0.4 4.2 0 0 16.2 0 2.2 0 0 9.600000000000001 0.6000000000000001 0 0.2 0 0 0 0.6000000000000001 0.4 0.2 0.6000000000000001 0 0 0 0.6000000000000001 0 0.6000000000000001 0 0 0 0 3.6 0 0 0 0 0 0 0 0 0 0 0 0 0 0 0 0 2.2 2 3.8000000000000003 3.4000000000000004 1.4000000000000001 0 1.8 0 4.2 5.800000000000001 5.4 0 0.2 3.6 6.6000000000000005 7.800000000000001 5.2 0.4 4.4 4.2 0 0 0 0 0 8 0 0 0 0 0.2 6.6000000000000005 0.2 0 0 0 0 0.8 2.2 0 0 0 0 0 0 0 0 0 0 0 0.2 0 0 3 0 0 0 0 0 0 1.6 0 0 0 0 0 0 0 1.8 0 0.2 0 0 0 0 0 0 0 0 3.6 1.6 0.8 0.2 1.8 2 0 0 0 14.4 0 5.6000000000000005 0 2.8000000000000003 2.4000000000000004 0.8 6 1.8 0.2 0.2 0 0 0 0 0 0 4 0 0 0 0.2 0 0.4 0 0 0.2 0 0 0 3 0 0 0 0 0 0 0 0 0 0 0 0 0 0 0 0 0 0 0 0 0 0 0 0 0 0 0 0 0 0 0 0 0 0 0.6000000000000001 0 0.2 0.4 0.4 0.4 0 0 0 0 0 0 0 0 0 0 0 0 0 0 0 0 0 0 0 0 0 0 0 0 0 0 0 0 0 0 
 0 0 0.2 0 0 0 0 0 0.4 0 0 0 0 0.4 0 0 0 0 0.6000000000000001 0 7 41.2 69.8 23 95.2 43.6 7.800000000000001 9.8 90.80000000000001 0 18.2 40.800000000000004 12 32 32.800000000000004 52.6 32.4 24.200000000000003 58.2 49 0 0.4 0.4 1.4000000000000001 0.6000000000000001 0.2 0 0 0.6000000000000001 0 0 0 13 0 0.4 0.6000000000000001 12.4 0.6000000000000001 25.6 0 0.2 0 0 0 0 0.6000000000000001 0.4 0 1 0 0.6000000000000001 0.4 0 0 2.6 0 0 0.6000000000000001 0.6000000000000001 0.6000000000000001 0 0 0 0 0 0 0 0 0 0.2 0 0 0 0 0 0 0 0.4 0 0 6.4 3.4000000000000004 0.2 2 4.800000000000001 0.6000000000000001 0 0.2 1.6 3 0 3.2 0 2.6 0 5 0 6.800000000000001 0 2.8000000000000003 1.4000000000000001 0 0 0 0 0 3.4000000000000004 0 2.4000000000000004 3.4000000000000004 0 0 6.2 0 0 0 0 0 5.800000000000001 4.4 0 0 0 0 0 0 0 0 1 0.4 0 0 0 0 0 0 0 0 0 0 0 2.4000000000000004 0 0 0 0.2 0 0.2 0 0 0 0 0 0 0 0 0.2 0 0 0 0 0.2 8 0 0 4.2 0 0 1.8 1 2 0.2 0 2.4000000000000004 2.2 0 0 0.2 0 1.6 3.4000000000000004 0 0 0 0 0 6.4 0 0 0 0 1.8 3.8000000000000003 0 0 0 0 0 1.2000000000000002 3.6 0 0 0 2.2 0 0 0 0 0 0 0 0 0 0 0.4 0 0 0 0 0 0 0 0 0 0 0 0 0 0 0 0 0 0 0.2 1.4000000000000001 0 0 29.8 15.8 0 0.2 0 0 0 0 0 2 0 0 0 0 0 0 0 0 0 0 0 0 0 0 0 0.2 0 0 0 0 0 0 0 
 0 0 0 0 0.6000000000000001 16.6 0 0 0.6000000000000001 0 0.4 0 0 0 0 0 0 0.6000000000000001 0.4 0 9.4 20.400000000000002 51.2 29.400000000000002 64.60000000000001 16.6 23.400000000000002 28.8 10.8 18.2 0 14.600000000000001 38.400000000000006 25.6 13.4 25.8 37.2 48.2 6.4 31 0 0 0.6000000000000001 8.200000000000001 0 0 0 5.800000000000001 0.4 0 0 0 0 12.600000000000001 0.4 0.2 0 0 11.200000000000001 0 0 0 0 0 0 0 0 0 0.4 0 0.6000000000000001 0 0 0.4 0.2 0 0 0.6000000000000001 10.8 0.6000000000000001 0 0 0 0 0 0 0 0 0 0 0 0 0 0 0 0 0.4 0 0 0 1.6 0.2 2.4000000000000004 0 3 0 0 0 1.8 0 0 2.4000000000000004 0 0 4 3 0 4.800000000000001 2.6 0 0 0.2 0 0 0 0 0 7.2 4.2 0 0.2 0 3 0 4.4 0.4 0 0 1.8 0 0 0 0.2 0.2 0.4 0 0 8 0 0 0 0 0 0 0 0 0 0 0 0 0 0 0 0 0.2 0 0 0 0 0 0 0 0 0 0 0 0 0 0 0 0 1.8 4.6000000000000005 10 1.2000000000000002 1.8 0 6 1.8 10.600000000000001 2 7 4.4 0 0 0 4.2 3 0 0 2 3.8000000000000003 0.8 0 0.4 0 0.2 0 7 2.2 2.6 0 1.8 4 0 0 0 0 7.2 0.2 0 0 0 0 0 0.2 0 0 0 0.4 0 0 0 0 0 0 0 0 0 0 0 0 0 0 0 0 0 0 0 0.2 0 0 0 0 1.2000000000000002 0.4 0.6000000000000001 15.600000000000001 30.200000000000003 0 0.6000000000000001 0 0 0 0 0 0.2 0 0 0 0 0 0.4 0 0 0 0 0 0 0 0 1.8 0 0 0 2.2 0 0 0 0 
