 0 35.6 57.400000000000006 17.6 49.400000000000006 23.400000000000002 37.4 62 52 8.4 24.8 9.200000000000001 42.800000000000004 88.80000000000001 33.6 25 48.6 8.200000000000001 68.4 92.4 0.4 0 0.2 0 0 0 0.2 0.2 0.4 0.4 0.4 0.8 0.6000000000000001 0 0 0.4 0 0 0 0 0.4 0 1.6 0.6000000000000001 0 0.6000000000000001 0.6000000000000001 1.2000000000000002 0 0 0 0 0 0.6000000000000001 0 0.6000000000000001 0 0 0 0 0.8 0.8 1 0 0 0 0 0.8 0.4 7.4 0 0.4 0.4 1 2 9.8 0 1 0.2 0.6000000000000001 2.2 0 6.4 0.2 2.2 0 2.8000000000000003 4.6000000000000005 1.8 6.6000000000000005 2.8000000000000003 2.2 7 4.800000000000001 4.2 0.4 4 3.8000000000000003 3.2 0 0 0 0 0 0 0 0 0 0 0 0 0 0 0 0 0 0 0 0 0 0 0 0 0 0 0 0 0.2 0.2 0 0 0 0 1.4000000000000001 0 0 0 0 0 0 0 3.2 0.6000000000000001 0 0 1.8 0 0 0 0 0 0 1.2000000000000002 0 0 0 1.8 0 0 1.4000000000000001 15.600000000000001 3.8000000000000003 0.2 0 3 0 7 4.6000000000000005 2.8000000000000003 8.8 1 2 4.4 1.8 1.8 1 4 0 1.8 7.6000000000000005 0 0.2 0 0 0 0 0 0 0 0 0 0 0 0 0 0 0 0 0 0 0 0 0 0 0 0 0 0 0 0 0.4 0 0 0.4 0 0 0 0 0 0 0 0 0 0 0 0.4 0 0 0 0.2 0 0 0 0 0 0 0 0 0 0 0 0 0 0 0 0 9.8 0.2 0 0 0 0.6000000000000001 0 0 0 0 0 0 0 0 0 0 0 0 0 0 0 0 0 0 0 0 0 0 0 0 0 0.4 0 0 0 0 0 0 0 0 0 0 0 0 
 35.6 0 48.6 42.2 11.600000000000001 8.6 37.2 45.800000000000004 28 39.6 49.2 12 19.200000000000003 11 9.4 8.200000000000001 9 13 12 12.8 0 0 0.4 0.4 0 0.4 0.4 0 0 1 0.4 16.6 0 0 0 0.4 0.2 0.4 0 0 0.4 0.6000000000000001 0.6000000000000001 0.6000000000000001 0 0.6000000000000001 0.6000000000000001 0.6000000000000001 0 0 0 0.6000000000000001 0 0 0 0.6000000000000001 0 0 1.2000000000000002 1.2000000000000002 0 0.6000000000000001 0 1.2000000000000002 0 0.4 0.6000000000000001 0 1.4000000000000001 1.2000000000000002 0 0 0.6000000000000001 0 1 0 0 0 0.2 0.2 1.8 9.600000000000001 0 2.2 0.2 2 2.2 0.2 6.2 2.4000000000000004 5.4 11.8 2.8000000000000003 3 0 9.8 7.2 2 0 2.6 0 0 0 0 0 0 1.6 0 0 0 0 0 0 0 0 0 0 0 2.2 3.8000000000000003 0 0 0 0 0 0 0 0 0 0 0 0 0 0 0 0 0 0 0 0 0 0 0 0 0 0 0 0 0 0 0 0.4 1.4000000000000001 0 3.2 0 0 0 0 4.6000000000000005 0 0 2 5.6000000000000005 2 3.6 4.800000000000001 0 3.6 10.600000000000001 2 17.400000000000002 0.2 7.4 8 0.6000000000000001 9.4 2.8000000000000003 2.8000000000000003 0 3.2 0 0 0 0 0 2.2 0 0 0 0 0 0 1.4000000000000001 6.6000000000000005 0.8 0 0 1 0 0 0 0 0 0 0 0 0 0 0.2 0 0 0.2 0 0 0 0.2 0 0 0 0.4 0 0 0 0 0 0 0 0 0 0 0 0.4 0 0 0 0 0 0 0.2 0 0 0 0 0 0 17.6 0 0 9.600000000000001 0 4 0 0 0 0.2 0 0 0 0 0.4 0 0 0 0 0 0 0 0 0 0 0 0 0 0 0 0 0 0 0 0 0 0 0 0 0 0 0 0 0 
 57.400000000000006 48.6 0 47.6 31.400000000000002 22.200000000000003 34.800000000000004 69.8 59.800000000000004 42 31.400000000000002 7.4 56 10.200000000000001 28 46 56.6 16.8 83 21 0 0.4 0.4 0 0.2 0 0.2 0 0 0 0 0.6000000000000001 0 0 0.2 0.4 0 0.2 0 15.4 0.4 0 0.6000000000000001 0.6000000000000001 0 0.6000000000000001 0.6000000000000001 0.6000000000000001 0 0 0 0 0 0.6000000000000001 0 0.6000000000000001 0 0 0.2 0 0 0 0.2 0 0 0 0 0 2.2 0 0 0 0 0 0.6000000000000001 0 0 0 0.2 0 0 0.2 0 2 2.6 3.2 3.2 0 2.8000000000000003 4 8.200000000000001 7 3.2 15.600000000000001 5.6000000000000005 2 7.6000000000000005 5.2 0 1.2000000000000002 3.8000000000000003 0 0 0 0 0 2 0 0 0 0 0 2.6 0 4.2 0.2 0 0 3.2 3.8000000000000003 0 0 0 0 0 0 0 0 0 0 0 0 0 0 0 0 0 0 0 0 0 0 0 0 0 2.6 0 0.2 0 0 0 0 0.4 0 1.6 0 0 0 2.6 0 3.6 0 1.4000000000000001 5.6000000000000005 0 3.8000000000000003 0 0 4.6000000000000005 2 0 6.2 0 2.4000000000000004 5.2 3.4000000000000004 12.600000000000001 12.8 0.4 0 2.8000000000000003 0 0 0 0 0 5.2 4 0 0 0 0 0 0 1.6 0 0 0 0 0 0 0 0 0 0.4 0 0 0 0 0 0 0 0 0 0.2 0 0 0 0 0 0 0 0 0 0 0 0 0 0 0 0 0 0 0 5.2 0 4.4 0 0 0 0 4 0 0 0 0 0 0.4 0.6000000000000001 1.4000000000000001 0 1.6 0 0 0 0 0 0 0 0 0 0 0 0 0 0 0 0 0 0 0 0 0 0 0 2.2 5.4 2 0 0 0 0 0 0 0 0 0 0 0 0 
 17.6 42.2 47.6 0 35.4 25.200000000000003 23.200000000000003 19 28.6 19 27 29 37.4 12.600000000000001 43.800000000000004 29 11.200000000000001 61.2 31.400000000000002 32.4 0.4 0 0.4 0.4 0 0.4 4.800000000000001 0.2 0 0.6000000000000001 0 0.8 0 15.200000000000001 0.6000000000000001 7.800000000000001 0.4 0 0.4 14.600000000000001 0.8 0.4 1 0.8 0 1 1 1 0 0 0 0.4 0.4 1.2000000000000002 0 0.6000000000000001 0.4 0 0 0 10.200000000000001 0 0 0 0 0.2 0 0 2 0 0 0 0 0 0.6000000000000001 0 0 0 0 0 0 0.2 1.8 2 2.2 6 0 0.2 3.6 2.8000000000000003 0 7.2 1.4000000000000001 1.4000000000000001 5.2 7.6000000000000005 6.6000000000000005 7 0 0 0 0 0 0 0 0 2.6 0 0 0 0.4 0 0 4.4 0 0 0 0 2.2 4.4 0 0 0.2 0 0 0 0 0 0 0 0 0 0 0 1 0.2 0 0 0 0 0 0.4 0 0 0 0 0 0 0 0 0.2 0 1.2000000000000002 0 0 0 0 0 0.2 1.4000000000000001 0 0 0 1.2000000000000002 2.8000000000000003 0 0.4 0 3.2 2.4000000000000004 0.2 4.2 0 2.6 5.2 0 4.800000000000001 4 3.6 0 6.800000000000001 2.8000000000000003 0 0 0 0 2.4000000000000004 4.6000000000000005 0.2 0 0 0 0 2 1.8 0 0 0 5.4 1 0 0 0 0 0 0 0 0 0 0 0 0 0 0 0 0 0 0 0 0 0 0 0 0 0 0 0 0 0 0 0 0 0 0 0 0 0 0 0 0 0 3.6 0 0 0 0.2 0.8 0 0.8 20.6 0 1.4000000000000001 0 0 0.4 0 0 0 0 0 0 0 0 0 0 0 0 0 0 0 0 0 0 0 0 0 0 0 0 0 0 0 0 0 0 0 0 0 0 0 
 49.400000000000006 11.600000000000001 31.400000000000002 35.4 0 40.400000000000006 29 56.6 51.2 41.2 74.8 36.4 15.4 13.8 17.2 15.600000000000001 11.600000000000001 30.8 14.600000000000001 12.200000000000001 73 0 0 0.6000000000000001 0 0 21.400000000000002 14.4 0.4 1.4000000000000001 43 0.6000000000000001 44.800000000000004 6.6000000000000005 0.6000000000000001 23.6 0.2 0.6000000000000001 15.200000000000001 4.800000000000001 1 0 1.8 0.6000000000000001 0 0.6000000000000001 0.6000000000000001 1 0 0.4 0 0 0 0.8 0 1 1 1.2000000000000002 0.6000000000000001 0 0 0 0 0 0 0 0 0 0.2 0.2 0.4 1 0.4 0.4 0.6000000000000001 0 0 0 0.4 0 0 0 0 0.6000000000000001 4.800000000000001 7.4 0 0 0.4 0.2 3.6 0 0 0 0 0 0 0.6000000000000001 0 0 3.4000000000000004 2.6 0 0.2 0 0 11 2.2 5.800000000000001 10.4 0 0 10.8 4.4 0 0 0 0 2.4000000000000004 9.200000000000001 0 0 0 0 0 0 0 0 0 0 0 0 0 0 0 0.4 0 0 0 0 0 0 0 0 0 0 0 0 3 1.6 0.4 1.4000000000000001 0 0 0 0 0 0 0 0 0 0 0 2.4000000000000004 0 0 0.6000000000000001 1.4000000000000001 0 0 6.4 3 0 0 0 2.6 3.6 2.6 0 0 0.6000000000000001 0.2 0 0 0 2 6.6000000000000005 8 3 0.4 2.2 2 0 3.2 0 3.2 0 0.2 9.4 5 0 0 0 0 0 0 0 0 0 0 0 0 0 0 0 0 0 0 0 0 0 0 0 0 0 0 0 0 0 0 0 0 0 0 0 0 0 0 0 0 0 3.2 0 0 0 0.8 0.8 0.4 2.8000000000000003 0.8 2.8000000000000003 2 0 0 0 0 0 0.2 0 0 0.4 0 0 0 0 0 0 0 0 0 0 0 0 0 0 0 7.4 0 0 0 0 0 0 0 0 0 0 0 0 0 
 23.400000000000002 8.6 22.200000000000003 25.200000000000003 40.400000000000006 0 88 7.800000000000001 84.2 12 60.6 51.400000000000006 9.200000000000001 9.600000000000001 56.6 34 13.600000000000001 31 8.8 7.800000000000001 17 0 0.4 0 0 0 14.8 0 0 0 0 0.2 43.800000000000004 0 0 0.4 0 0 16.400000000000002 17 0.4 0 0.6000000000000001 0.4 0 0.6000000000000001 0.6000000000000001 0.6000000000000001 0 0 0 0 0 0.2 0 0.6000000000000001 0 0 0 1 0 0 0 0 0 0 0 0 0.6000000000000001 0.2 0.8 0 0 0.8 0.6000000000000001 0 0 0 0 0 0 2.2 2 0.6000000000000001 11.200000000000001 10 0 2.2 0.2 0.2 1.8 2.8000000000000003 0 0 0 6.2 0 0.8 0 0 3 0 0 2.4000000000000004 0.4 0 10.600000000000001 0 2.8000000000000003 0 0 0 0 0 0 0 0.4 2.6 4.800000000000001 10.4 0 0 0 0 0 0 0 0 0 0 0 0 0 0 0 0 0 0 0 0 0 0 0 0 0 0 0 0 0 1.4000000000000001 0 0 0 0 0 0 0 0 0 0.2 0 0 0.2 6 6.4 0.4 1.2000000000000002 0.6000000000000001 0 0.4 2.2 2.8000000000000003 0 0 0.8 3.8000000000000003 3 2.8000000000000003 0 0.2 3 1.8 4.4 0 0 0 0.2 3.4000000000000004 0 0 0 0 0.4 0 4.6000000000000005 0 0 0.4 8.8 4.800000000000001 0 0 0.4 0 0 0 0 0 0 0 0 0 0 0 0 0 0 0.2 0 0 0 0 0 0 0 0 0 0 0 0 0 0 0 5.800000000000001 0 0 0 0 0 1.8 0 4 0 0 0.2 0 1.8 0 0.2 0.6000000000000001 0 2.8000000000000003 3.6 0 0 0 0 0.4 0 0 1.2000000000000002 0 0 0 0 0 0.2 0 0 0 0 0 0 0 0 0 0 0 0 0 0 0 0 0 0 0 0 0 0 0 
 37.4 37.2 34.800000000000004 23.200000000000003 29 88 0 62.800000000000004 12.8 22.8 48.2 112 69.60000000000001 65.2 38.2 9.8 47 50.800000000000004 64.8 34.2 0.4 0 1.6 0.4 0 0.4 0 0 0 0.4 0.6000000000000001 0.6000000000000001 0.8 0 0 3 0 0 0.8 0 0.6000000000000001 0 0.6000000000000001 0.6000000000000001 0 0.6000000000000001 0.6000000000000001 0.4 0 0 0 0 1.2000000000000002 0 11.200000000000001 10.600000000000001 1.2000000000000002 0 1.4000000000000001 0.4 0 0 0.4 0.4 0 0 0 0.2 0 0.2 0 0 0.6000000000000001 0 16.400000000000002 0.4 0 0 0.6000000000000001 1.2000000000000002 2.8000000000000003 1.4000000000000001 5.4 2.8000000000000003 0 2.4000000000000004 3.8000000000000003 0 5.2 2.6 3.6 0 2.6 6.2 6.800000000000001 0 3.8000000000000003 3.2 3 6.6000000000000005 0 0 0 0 0 0 0 0 0 0 0 0 0 0 0 0 0 0 0 0 0 0 0 0 0 1.4000000000000001 0 0 0 0 0 0 0 0 0 0 0 0 0 0 4.2 0 0 0 0 2.4000000000000004 1.8 0 0 0 0 0 0 0 0 0 0 0 3.6 0 0 0 3.4000000000000004 1.4000000000000001 0 4.2 4.6000000000000005 1.4000000000000001 2.6 10.8 2 1 6.800000000000001 4.800000000000001 0.4 3.8000000000000003 8 0.2 0 0 0 0 0 0 0 0 0 0 0 0 0 0 0 0 0 0 0 0 0 0 0 0 0 0 0 0 0 0 0 0 0 0 0 0 0 0 0 0 0 0 0 0 0 0 0 0 0 0 0 0 0 0 0 0 0 0 0 0 0 0 0 0 0 0 0 0 9.4 0 0 0 0.4 0.4 0 0 0 0 0 0 0 0 0 0 0 0 0 0 0 0 0 0 0 0 0 0 8.4 3.2 3.2 0 0 0 0 0 0 0 0 0 0 0 0 0 
 62 45.800000000000004 69.8 19 56.6 7.800000000000001 62.800000000000004 0 17 30.6 8.200000000000001 18.2 61.2 106.80000000000001 68 28 8.4 4.800000000000001 53.400000000000006 48.800000000000004 12.8 0 0.2 0 0 0 0.4 0 0.2 0 0 0.4 0 0 0 0.4 0 0 0 0.4 0.4 0 0.6000000000000001 0.6000000000000001 0.4 0.6000000000000001 0.6000000000000001 0.6000000000000001 0 0 0 0 0 0 0 0.6000000000000001 0 0.2 0 0 0 0 0 0 0 0 0 0 0.2 0 0 0.8 0 0 0.6000000000000001 0 0 0 0.8 0 2.8000000000000003 4.800000000000001 4 0 0 0 5.6000000000000005 9 5.6000000000000005 0 3.4000000000000004 2.8000000000000003 2.2 6.2 2.6 10 0 3 5.800000000000001 0 0 0 1.6 4.2 0 0 0 0 0.2 0 0 0 0 0 0 0 0 0 0 4.2 0 0 0 3 0 0 0 0 0 0 0 0 0 0 0 0 0 0 2.2 0 1.4000000000000001 0 0 0 0 0.8 0.4 0 0 0 0 0 0 0 0 0.4 0 0 0.8 0 1.8 0 6.800000000000001 1.8 0.2 1.6 0 0.2 6.4 0 2 2.8000000000000003 0 2.2 1.8 2.2 5 2.4000000000000004 1.6 0 0 0 0 0 0 0 0 0 0 0 0 0 0 0 0.2 0 0 0 0 0 0 0 0 0 0 0 0.4 3 0 0 0 0 0 0 0 0 0 0 0 0 0 0 0 0 0 0 0 0 0 0 0 0 0 0 0 0.2 0 0.4 0 0 0 0.4 0 0 0 0 0 0 0.4 17.6 0 1.4000000000000001 0 0 0 0 0 0 0 0 0 0 0 0 0 0 0 0 0 0 0 0 0 0 0 5.2 0 2 0 0 0 0 0 0 0 0 0 0 0 0 
 52 28 59.800000000000004 28.6 51.2 84.2 12.8 17 0 69 29.6 16.8 35.2 18.6 18.6 32.2 28 47 53.6 29 21.6 0 1.2000000000000002 0 0.6000000000000001 0 0 0.8 0 41.400000000000006 0.6000000000000001 0.2 14.200000000000001 0 0.4 0.4 0 14.600000000000001 0.4 15.4 0.4 0.4 0.6000000000000001 0.8 0.6000000000000001 0.6000000000000001 1 1 0 0 0 0 0 0 0 0.6000000000000001 0 0.2 0.6000000000000001 0.2 0 5.4 0 0 0 0.6000000000000001 0.4 0 3.2 0.6000000000000001 0 0 0 0 9 0 0 0.6000000000000001 0 0 0 0 2.2 2.4000000000000004 0.6000000000000001 2 0 0 0 2.8000000000000003 3.6 8.4 0 1.6 2.4000000000000004 9.4 12 6.4 0.4 0 4.6000000000000005 1.2000000000000002 0 0 0 0 8.8 0 0 0 0 0 8 0 0 0 0 0 5.6000000000000005 11 0 0 0 0 0 0 0 0 0 0 0 0 0 0 0 0 0 0 0 0 0.2 0 0 0 0 0 0 0 0 1.8 0 1.6 0 0 0 0 0 0 0 0 0 0 0 3.6 6.6000000000000005 2.8000000000000003 0 0 0 0 3.2 5.800000000000001 0 0 3.8000000000000003 4.2 5 5.6000000000000005 0 0 2.8000000000000003 0 0 0 0 0 4 3.8000000000000003 0 0 0 0.2 0.2 0 10.4 0 0 0 9.600000000000001 0 0 0 0 0 0 0.4 0 0 0 0.4 0 0 0.4 0 0 0 0 0 0 0 0.2 0 0 0 0 0 0 0 0 0 0 0 0 0.4 0 0 0.4 0 0 0.2 0 2.8000000000000003 0 0 0 0.4 0.2 0 18.400000000000002 27.6 0 2.2 0.2 0 0.2 0.4 0 0 0 0 0 0 0 0 0 0 0 0 0 0 0 0 0 0 0 0 0.2 0 0 0 0 0 0 0 0 0 0 0 0 1.4000000000000001 
 8.4 39.6 42 19 41.2 12 22.8 30.6 69 0 40.400000000000006 28 17.6 14.4 79 20 9.600000000000001 55 10.8 14.200000000000001 0.4 0.2 1 0 15.4 0.4 0.6000000000000001 0 0 0 0.6000000000000001 0.6000000000000001 16.8 0 0 0.4 0 0.8 0.2 1.2000000000000002 1.2000000000000002 0 0.6000000000000001 0.6000000000000001 0 0.4 0.6000000000000001 0.2 0 0 0 0 0 0 0.4 0.6000000000000001 0 0.4 0.2 1.2000000000000002 9.4 0 0 0 0 0 0 0.4 11 6.4 0 0 1.2000000000000002 0 0.4 0 0 0 0.6000000000000001 7 0 5.800000000000001 0 2.2 0 2 0 0 6 1.2000000000000002 6.800000000000001 7.6000000000000005 0 2.6 0 2 3.6 0.2 0 0 3.6 0 0 0 0 0 4 0 0.2 0.2 0 0 4.800000000000001 0 0 0 0 0 4.800000000000001 12.200000000000001 0 0 0 0 0 0 0 0 0 0 0 0 0 0 0 0 0 0 0 0 0 0 0 0 0 0 0 0 0 0 0 1 0 0 2.4000000000000004 0 0 0 0 0 0 0 11 5.4 1.6 5 0 0 2.4000000000000004 0 12.600000000000001 7 0 0 5 10.8 11.200000000000001 4 0 0 2.8000000000000003 0 0 0 0 0 4.6000000000000005 0 0 0 0 0 0 0 1.8 0 0 0 0 0 0 0 0 0 0 0 0 0 0 0 0 0 0 0 0 0 0 0 0 0 4.800000000000001 0 0 0 0 0 0 0 0 0 0 0 0 0 0 0 0 0 0 0 0 0.2 0 0 0 0.4 0 0.2 0.4 1 0 1.6 0 0 0 0 0 0 0 0 0 0 0 0 0 0 0 0 0 0 0 0 0 0 0 0 2 0 0 0 0 0 0 0 0 0 0 0 0 0 
 24.8 49.2 31.400000000000002 27 74.8 60.6 48.2 8.200000000000001 29.6 40.400000000000006 0 52.6 9.8 5.2 13.4 46 22.400000000000002 47 7 55.2 0.2 0 0.2 0.2 0 0 9.600000000000001 0 0 0 0 0.4 0.6000000000000001 15.200000000000001 0 0.4 0.2 0 0 15.8 0.4 0 0.6000000000000001 0.6000000000000001 0 0.6000000000000001 0.6000000000000001 0.6000000000000001 0 0 0 0 0 2 0 0.6000000000000001 0 0 0 0.2 0 0 0.6000000000000001 0 0 0 0 6.6000000000000005 0.2 0 1.2000000000000002 0 0 0 0.6000000000000001 0.4 0 0.2 0.2 0 0.2 6.2 2.8000000000000003 9.4 5.800000000000001 2.8000000000000003 0.2 4 0.2 4.800000000000001 6.4 5.4 0.2 0.2 3.2 3.4000000000000004 0 5.2 0 0.2 0 0 0 0 0 0 7.2 0 0 0 0 0 0 2.8000000000000003 0 0 0 0 10 0 0 0 0 0.2 0 0 0 0 0 0 0 0 0 1.2000000000000002 0 0 0 0 0 0 0 0 0 0 0 0.8 0 0 0 1.2000000000000002 0 0 0 0 4.4 0 0 0 0 0 2 0 2.6 3 6.4 2.6 0.2 0 0 3.2 3.6 1.8 0 0.6000000000000001 1.2000000000000002 2.4000000000000004 0.2 2.8000000000000003 0.2 0 3.4000000000000004 3.8000000000000003 0 0 0 0 0.2 3 0 0 0 0 0 0 3.8000000000000003 0 0 0 11.4 10.4 0 0 0 0 0 3.4000000000000004 0 0 0 0 0 0 0 0 0 0.2 0.4 0 0 0 0 0 0 0 0 0 0 0 0 0 0.2 0 0.2 0 0 0 0 0 0 0 0 2.8000000000000003 0 0 0 0 17.400000000000002 0 0.2 1.8 0 5.800000000000001 0 0 0 0 0 0 0 0 0 0 0 0 0 0 0 0 0 0 0 0 0 0 0 0 1.4000000000000001 0 0 0 0 0 0 0 0 0 0 0 0 0 
 9.200000000000001 12 7.4 29 36.4 51.400000000000006 112 18.2 16.8 28 52.6 0 51.400000000000006 29.400000000000002 29.8 5 47.400000000000006 125 28.400000000000002 29.8 15.4 0 0.2 0 0 0 14.600000000000001 15.8 0 0.4 14.8 0.4 27.8 12 30 15.200000000000001 0 0 15 0 0.4 0 0.6000000000000001 0.6000000000000001 0 0.6000000000000001 0.6000000000000001 0.6000000000000001 0 0 0 0 0 1 0.6000000000000001 0.6000000000000001 0 0 0 0 0 0 0 0 0 0 0 0 0.2 0 0 0 0 0 0.6000000000000001 0 0 0 0.2 0 0 2.4000000000000004 2 0 7.2 4 3.8000000000000003 0 0 0.2 3.6 0 0 0 8.8 3 0 5 3.6 0 2.2 0 0 0 0 0 8.6 0 0 0 0 0 3 6.2 0 0 0 0.2 7.2 8.8 0 0 0 0 0 0 0 0 0 0 0.4 0 0 0 0 0 0 0 0 0 0 0 0 0 0 0 0 0 0 1.4000000000000001 0.4 0.8 0 0 0 0 0 0 0 0.2 0 0 0 0.2 3.2 0 0.2 0 2.2 0.2 3.2 0.8 1 2 0 2 0.2 1.8 0 0.4 3.4000000000000004 1.8 0 0 0 0 0 3.4000000000000004 4 0 0 0 1.6 4 3.4000000000000004 0 0 4.6000000000000005 9.4 4.6000000000000005 0 0 0 0 0 0 0 0 0 0 0 0 0 0 0 0 0 0 0 0 0 0 0 0 0 0 0 3.4000000000000004 0 0 0 0 0 0 0 0 0 0 1 0 0 0 0 0 0.4 0.4 0.4 0 17.400000000000002 0.4 0.4 1 0 0.4 0.2 0 0 0 0 0 0 0 0 0 0 0 0 0 0 0 0 0 0 0 0 3 0.2 0 0 0 0 2 0 0 0 0 0 0 0 0 
 42.800000000000004 19.200000000000003 56 37.4 15.4 9.200000000000001 69.60000000000001 61.2 35.2 17.6 9.8 51.400000000000006 0 18.400000000000002 21.400000000000002 6.2 7.4 25 33.4 50 0.2 0 0.4 0 0.2 0 0 0.4 0 0.2 0 0.4 0 0 0 0.4 0 0 0 0 0.4 0 0.6000000000000001 0.4 0 0.6000000000000001 0.6000000000000001 0.6000000000000001 6 0 0 0 16 0 0 0.6000000000000001 0 0 0 0 0 0 0 0 0 0 0 0 0.6000000000000001 0 0 0 0 0 0.6000000000000001 0 0 0 0 0 2.2 2.6 2.4000000000000004 0.4 0 0 1.8 7.2 0 6.800000000000001 0.2 3 2.6 6 3.2 14 6.800000000000001 6.4 3.6 5.6000000000000005 0 0.4 0 0 0 0 0 13 0 0 2.4000000000000004 0 0 0 0 0 0 0 0.4 0 0 0 0 0 0 0 0 0 0 0 0 0 0 0 0 0 0 0 0 0 0.2 0 0 0 0 2 0 0 0 0 0 2 1.8 0 0 0 0 0 1.8 0.2 5.6000000000000005 6.4 1.4000000000000001 0 0.2 0 0 4.800000000000001 4.2 5.800000000000001 0 6 3.6 2.8000000000000003 0 0 3.4000000000000004 2.8000000000000003 6.2 2.8000000000000003 0 0 0 0 0 0 0 0 0 0 0 0 0 0 0 0 0 0 0 0 1.6 0 0 0 3.2 0.4 0 0 0 0.4 0 0 0.4 0 0 0 0.4 0 0 0 0.2 0 0 0 0 0 0 0 0 0 0 0 0 0 0 0 0.4 0 0 0 0 0 0 0 0 0 0 0 0.4 21.400000000000002 0.2 3 0 0 0 0 0 0 0 0 0 0 0 0 0 0 0 0 0 0 0 0 0 0 0 2.6 0 3.6 0 0 0 0 0 0 0 0 0 0 0 0.4 
 88.80000000000001 11 10.200000000000001 12.600000000000001 13.8 9.600000000000001 65.2 106.80000000000001 18.6 14.4 5.2 29.400000000000002 18.400000000000002 0 68.4 50.6 25.6 24.6 107.2 46 0 0 0.4 0 0 0.4 0 0 0 0 0 0.6000000000000001 0 0 0 0.8 0 0 0 0 0.6000000000000001 0 0.6000000000000001 0.6000000000000001 0 0.4 0.6000000000000001 0.2 0.6000000000000001 0 0 0.4 0 0 0 1 0 0 0 0 0 0 0.2 0 0 0 0 0 5.4 0 0 0 0 0 0.6000000000000001 0 0 0 2.2 0 3 4.6000000000000005 0 2 0 0 6.4 2.8000000000000003 1.8 4 1 0 0 0 7 0 3.6 7.6000000000000005 6.4 5 0.2 0 0 0 0 0 0.4 0 0 0 0 0 0 0 0 0 0 0 0 0 0 0 0 0 0 2 0 0 0 0 0.4 0 0 0 0 2.6 0 0 0 0 0 0 0.2 0 0 0.2 4.4 0 0 0 0 0 0 0 0 0 0 0 0 0.2 1.4000000000000001 9.4 2.2 4.800000000000001 2 1.8 2.2 8.8 0.8 0 3 0 4.6000000000000005 3 2 0.2 0 0.4 0 12.200000000000001 0 0 0 0 0 0 0 0 0 0 0 0 0 0 0 0 0 0 0 0 0 0 0 0 0 0 0 0 0 0 0 0 0 0 0 0 0 0 0 0 0 0 0 0 0 0 0 0 2.8000000000000003 0 0 0 0 0 0 0 0 0 0 0 0 0.2 0 0 0.4 0.2 0 0 0 0 0 2 0 0 0 0 0 0 0 0 0 0 2.6 0 0 0 0 0 0 0 0 0 0 0 0 4.6000000000000005 0 0 0 0 0 0 0 0 0 0 0 0 0 0 
 33.6 9.4 28 43.800000000000004 17.2 56.6 38.2 68 18.6 79 13.4 29.8 21.400000000000002 68.4 0 51 50 28.400000000000002 36 101.2 0.4 0.4 1 41 0 0 0 0.4 0.4 0 0 0.2 0.4 0.4 0.8 0.8 0.2 0.4 0 0.4 0.4 0 0.6000000000000001 0.4 0.4 0.6000000000000001 0.6000000000000001 0.6000000000000001 20.6 0.4 0.4 0 0 0 0.4 13.200000000000001 0.4 0.4 0 0.4 0 0 0 0 0 0 0 0 1.2000000000000002 0.2 0 0.2 0 0 0.6000000000000001 0 0 0 0 0 0 1.8 0.4 0 0 0 7.4 2 4.6000000000000005 6 2.2 2.4000000000000004 4.2 3.8000000000000003 5 2.4000000000000004 6.6000000000000005 3.4000000000000004 16.2 3 6.800000000000001 0 0 0 0 0 0 0 0 0 0 0 2 0 0 0.2 0 0 0.2 0 0 0 0 0 0 0 0 0 0 0 0 0 0 0 0 0 0 0 0 0 0 0 0 0 0 1.2000000000000002 0 0 0 0 0 0 1 0 0 0 0 0.2 0.6000000000000001 0.2 3.8000000000000003 7.4 4.800000000000001 0.6000000000000001 3.2 4.4 0 5.6000000000000005 3.8000000000000003 2.8000000000000003 2 3.2 6.6000000000000005 2.2 3 2 3.4000000000000004 5.800000000000001 4.6000000000000005 3.6 0 0 0 0 0 3.8000000000000003 9.8 0 0 0 0 0 0 0 0 0 2 0 0 0 0 0 0 0 0 0 0 0 0 0 0 0 0 0 0 0 0 0 0 0 0 0 0 0 0 0 0 0 0 0 0 0 0 0 0 0 0 0 0 0 0 0 0 0 0 0.4 0.2 0.4 0.6000000000000001 0.4 0 2.4000000000000004 0 0 0.4 0 0 0.4 0 0 0 0 0 0 0.4 0 0 0 0 0 0 0.4 0 0 10.200000000000001 6.2 0 2.6 0 0 0 0 0 0 0 0 0 0 0 0 
 25 8.200000000000001 46 29 15.600000000000001 34 9.8 28 32.2 20 46 5 6.2 50.6 51 0 14.8 42.400000000000006 12.200000000000001 13.600000000000001 0 0 0.4 0 0 0 0 0.4 0 0.8 12.8 0.6000000000000001 0 0.4 0.2 1 0 0.2 0.2 0.2 0.4 2.2 1 0.6000000000000001 1.2000000000000002 0.6000000000000001 0.6000000000000001 0.6000000000000001 1.4000000000000001 2 6.6000000000000005 0.2 0 12.600000000000001 0 2.2 0 2 0 0 0 0 0.2 0 0 0 0 0 0 0 0 0 0 0 0.6000000000000001 1.6 0 0 0.4 0 4 2.8000000000000003 0.8 3.8000000000000003 5 0 6.6000000000000005 4.800000000000001 4.6000000000000005 14.200000000000001 9.8 1.6 6.2 3.2 2.6 0.6000000000000001 4.4 0 2.2 3 12.200000000000001 0 0 0 0 0 0 0 0 0 0 0 1.4000000000000001 0 0.4 0 0 0 2.4000000000000004 0 0 0 0 0 0 0 0 0 0 0 0 0 0 0.2 0 0 0 0 0 0 0 0 0 0 0 1.2000000000000002 0 0.4 0 1.2000000000000002 0 0 0 0 0.2 0 0 0 2.8000000000000003 0 0 0 2.6 6.6000000000000005 0 3.6 3.6 0 0 4.800000000000001 6.6000000000000005 3.8000000000000003 0 9.4 0 3.8000000000000003 3.2 0 8.200000000000001 0 0 0 0 0 0 0 1.2000000000000002 0 0 0 0 0 0 0 0 0 0 0 4.4 0 0 0 0 0 0 0 0 0 0 0 0 0 0 0 0.4 0 0 0 0 0.2 0 0 0 0.2 0 0 0 0 0 0 0 0 0 0 0 0 0 0 0 0 0 0.4 0 0 0 0.2 17.400000000000002 0 0 0.2 0 3.4000000000000004 0 0.4 0.2 0 0 0 14.8 0 0 0 0 0 0 0 0 0 0 0 0 0 0 3.4000000000000004 0 0 0 0 0 0 0 0 0 0 0 0 0 0 0 0 
 48.6 9 56.6 11.200000000000001 11.600000000000001 13.600000000000001 47 8.4 28 9.600000000000001 22.400000000000002 47.400000000000006 7.4 25.6 50 14.8 0 15 26 50.2 0.2 0 0.2 0 0 0.4 0.6000000000000001 0 0 7.800000000000001 0 0.6000000000000001 0 0 0.6000000000000001 1.2000000000000002 0 0.4 0.4 0 0.6000000000000001 0 1 0.6000000000000001 12.200000000000001 0.6000000000000001 0.6000000000000001 0.6000000000000001 0 0.6000000000000001 0 0 0.6000000000000001 0 0 0.6000000000000001 1 0.6000000000000001 1 0 1.8 8.4 0 0.2 0 0 0.4 6.6000000000000005 0 0 0 0 0.4 0.2 0.6000000000000001 0.2 0 0 1.2000000000000002 1.2000000000000002 0 4.2 4.6000000000000005 0 0 0 1.6 0 0 0.2 0 4.2 0 0 2.8000000000000003 6.800000000000001 0 2.2 3 0.8 0 0 0 0 0 0 5.6000000000000005 0 0 0 0 0 0.2 0 0.2 0.2 0.2 0 2 0 0 0 0 0.4 0 0 0 0 0 0 0 0 0 0 0 0 0 0 0 0 0 0 0 0 0 0 0 0.2 2 0 0 0 0.2 0 0 0 0 0 0 0 0 0.8 0 0.2 3.2 0.2 1.4000000000000001 0 1.4000000000000001 3.2 2 0.2 4 2.6 0.2 0 0 2.8000000000000003 0 0.4 0 0 0 0 0 0 0.2 0 0 0 0 0 0 0 4.6000000000000005 0 0 0 4.800000000000001 0 0 0 0 0 0 0 0 0 0 0 0 0 0 0 0 0 0 0 0 0.4 0 0 0 0 0 0 0 0 0 0 0 0 0 0 0 0 0 0 0 0 0 0 0 0 0 0.4 17.6 0 0 0 0 2.8000000000000003 0 0 0 0 0 0 0 0.4 0 0 2.2 0 0 0 0.2 0 0 0 0 0 0 0 0 1.6 0 0 0 0 0 0 0 0 0 0 0 0 0 0 
 8.200000000000001 13 16.8 61.2 30.8 31 50.800000000000004 4.800000000000001 47 55 47 125 25 24.6 28.400000000000002 42.400000000000006 15 0 71 52.2 10 0 0.2 0 0 0.4 0 0 0 26 0 0.4 19.200000000000003 0 0 0.4 0 0 14.8 3.6 0.4 0 0.6000000000000001 0.4 0 0.6000000000000001 0.6000000000000001 0.6000000000000001 0 0 0 0 0 0 0 0.6000000000000001 0.2 0 0 0 0 0 0 0 0 0 0 0 0.6000000000000001 0 0 0 0 0.2 0.6000000000000001 0 0 0 0 0 0 0 4.6000000000000005 2.2 6 8 0 6.2 1.6 3.8000000000000003 5.4 7.2 0 0 4.2 3.6 2.6 3.8000000000000003 2.8000000000000003 2.4000000000000004 0.4 0 0 0 0 0 2.6 0 0.2 0 0 0 0 0 0 0 0 0 0.2 7.2 0 0 0 0 0 0 0 0 0 2.6 0.4 0 0 0 0 0 0 0 0 0 0 0 0 0 0 0 0 0 0.8 5.6000000000000005 0 0 0 0 0 0 0 0 0.4 0.2 6.2 4.6000000000000005 2.2 3.8000000000000003 4.6000000000000005 0.4 4 1.6 0 2.8000000000000003 2.6 0 0.2 0 2.4000000000000004 1 0 2.4000000000000004 2 3.8000000000000003 9.4 0 0 0 0 0 2.4000000000000004 0 0 0 0 0 0 0 0 0 0 0 0.6000000000000001 1.8 0 0 0 0 0 0 0 0 0 0 0 0 0 0 0 0 0 0 0 0 0 0 0 0 0 0 0 0 0 0 0 0 0 0 0 0 0 0 2.4000000000000004 2 0 0 0 0 0.4 0.4 0.8 0 0.4 1.2000000000000002 0 4 3.8000000000000003 0 0 0 0 0 0 0 0 0 2.4000000000000004 0 0 0 0 0 0 0 0 0 0 0 0 0 1.8 0 0 0 0 0 0 0 0 0 0 0 0 0 
 68.4 12 83 31.400000000000002 14.600000000000001 8.8 64.8 53.400000000000006 53.6 10.8 7 28.400000000000002 33.4 107.2 36 12.200000000000001 26 71 0 29.400000000000002 0 16 0.4 0 0 0 0 0 0 0 0 0.4 0.4 0 0 1 0 0 0 0 0.4 0 0.6000000000000001 0.6000000000000001 0 0.6000000000000001 0.6000000000000001 0.4 0 0 0 0 0 0 0 2 12.8 0 0 0 0 0 2.4000000000000004 0 0 10.4 0 0 0 0 0 0 0 9.4 0.6000000000000001 0 0 0 0.4 0 6.800000000000001 1.2000000000000002 4.4 8.8 4 0 3 4.6000000000000005 3 4.4 0.4 0.2 4.2 8.4 9.600000000000001 1.8 2.2 3.8000000000000003 2.2 4.2 0 0 0 0 0 0 0 0 0 0 0 0 0 0 0 0 0 0 0 0.4 0 0 0 0 0 0 0 0 0 0 0 0 0 0 0.4 0 0 0 0 0 0 0 0 0 0 4.800000000000001 3.6 0 0 0 0.2 0 0 0 0 0 0 0 3.4000000000000004 0 3.2 2.4000000000000004 0 0 0 0 5.6000000000000005 2.8000000000000003 0 4.4 1.8 0 2.4000000000000004 4.6000000000000005 0 3.2 0 0.2 2.6 3 0 0 0 0 0 0 0 0.4 0 0 3 0 0 0 0 0 0 0 0 0 0 2 0 0 0 0 0 0 0 0 0 0 0 0 0 0 0 0 0 0 0 0 3 0 0 0 0 0 0 0 0 0 0 0 0 0 0 0 0 0 0 0 0 0 0 0.2 0 0 0 0.6000000000000001 0 3.6 0 0 0 0 0 0 0 0 0 0 0 0 0 0 0 0 0 0 0 0 0 0 0 3.6 0 0 0 0 0 0 0 0 0 0 0 0 0 0 
 92.4 12.8 21 32.4 12.200000000000001 7.800000000000001 34.2 48.800000000000004 29 14.200000000000001 55.2 29.8 50 46 101.2 13.600000000000001 50.2 52.2 29.400000000000002 0 0 0 0.6000000000000001 0 0 0 0 0 0 0 0 0.2 0 0 0 0.4 0 0 0 0 0.4 0 0.6000000000000001 0.4 0 0.6000000000000001 0.6000000000000001 0.6000000000000001 0 0 0 0 0 0 0 0.6000000000000001 0 0.2 0 0 0 0 0 0 0 0 0 0 0.6000000000000001 0 0 0 0 0.4 0.6000000000000001 0 0 0 0 0 1.8 1.6 9.4 0 0 0 5.6000000000000005 2.4000000000000004 3.2 3 0 0 1 7.4 0.6000000000000001 3.6 2.2 3 2.4000000000000004 2.8000000000000003 0 0 0 0 0 0 0 0 0 0 0 0 0 0 0 0 0 0 0 0 0 0 0 0 0.4 0 0 0.4 0.4 0 0 0 0 0 0 0 0 0 0 0 0 0 0 0 0 1.4000000000000001 0 0 0 0 0 0 0 0 0 1.8 0 0 1 0 2 10.600000000000001 2 0 0 0.2 2.8000000000000003 2.4000000000000004 8 5 0 0 6.800000000000001 2 0 0 3 1.8 0.4 0 0 0.4 0 0 0 0 0 0 0 0 0 0 0 0 0 0 0 0 0 0 0 0 0 0 0 4 0.6000000000000001 0 0 0 0.2 0.4 0 0.2 0 0 0 0 0 0 0 0 0 0 0 0.2 0 0 0 0.4 0 0 4.6000000000000005 0 0 0 0 0 0 0 0 0 0 0 0 0 17.6 0.2 0 11.8 0 1.2000000000000002 0 0 0 0 0 0 0 0 0 0 1.8 0 0 0 0 0 0 0 0 0 0 0 0 5.800000000000001 0 2.2 0 0 0 0 0 0 0 0 0 0 0 0 
 0.4 0 0 0.4 73 17 0.4 12.8 21.6 0.4 0.2 15.4 0.2 0 0.4 0 0.2 10 0 0 0 16.6 59.400000000000006 22.6 8.200000000000001 48.800000000000004 31.400000000000002 44.400000000000006 7 25.200000000000003 66.8 15 36.4 9.200000000000001 22 4.6000000000000005 14.8 3.4000000000000004 27.400000000000002 6 0.2 1 0 0 1 0.8 0.6000000000000001 9.600000000000001 0.4 13 1.6 0 0 0.8 0 1 0.8 17.400000000000002 0 0.2 0.4 0.2 0 1 0 1 0 0 1 0.4 0 0.4 0.4 0 1 0.6000000000000001 0 1 0.4 1 0 0 0 0 0 3.4000000000000004 0 0 0.2 0 0 0 0 0 0 0.2 0 0 0 0 0.2 5 6.2 3.6 9.8 0 6 11 5.6000000000000005 0 0 0 1.4000000000000001 0.2 9.4 10.4 5.800000000000001 2.8000000000000003 3.2 5 0 0 0 2.8000000000000003 0 0 0 0 0 0 0 0 2.2 0 0 0.2 0 0 0 0 0 0 0 0 0 0 0 0 0 0 0 0 0 0 0 0 0 0 0 0 0 0 0 0 0 2.4000000000000004 0.8 1.2000000000000002 0 0 0 0 0 0 0 0.2 0 2.4000000000000004 0 0 0 2 4 11 0 0 9.600000000000001 0 0 1.6 0 0.4 1.6 4.6000000000000005 4 3 0 4.6000000000000005 7.4 7.4 0 0 0 0 0 0 0 2.6 0 0 0 3 4.4 0 0 0 0 0 0 0 0 0 3.4000000000000004 0 0.2 1.8 0 0 0 0 0 3.2 0.4 0 2 0 0 0 0 0 0 0 0 0 0 0 0 0 13.200000000000001 0 1.6 0 0 0 2.2 0 0 0 0 0.2 2.4000000000000004 0.4 0 0 0 0 3.6 0 0 0 0.2 0 0 0 0.2 0 2.8000000000000003 0 0 0 0 0 0.2 0 0 0 0 0 0 0 
 0 0 0.4 0 0 0 0 0 0 0.2 0 0 0 0 0.4 0 0 0 16 0 16.6 0 33.6 46.6 38.800000000000004 7.4 67.60000000000001 40.400000000000006 29.8 71.4 21 41 7.4 18.6 26.200000000000003 18.8 29.200000000000003 7.6000000000000005 29.8 26.200000000000003 0 4.4 0 0 0 0.6000000000000001 0.6000000000000001 0 0 0 1.2000000000000002 0 0.4 0 0 0 0 0 0.2 0 0.6000000000000001 0.4 0 2 10.4 0.6000000000000001 0 0.6000000000000001 0.6000000000000001 0.4 0 0.4 0.4 0.4 1.4000000000000001 0 0.2 1 0.4 0.6000000000000001 0 0 0 0 0 0 0 0 0 0 0 0 0.2 0 0 0 0 0 0 0 0 3.4000000000000004 2.2 0.6000000000000001 5 3.4000000000000004 2.2 14.600000000000001 1 3 5.4 2 1.2000000000000002 4 3 4 7.800000000000001 0.2 0 0 10 0 0 0 0 0 0 0 0 0 0 0.4 5.4 0 0 0 0 0 0 1 0 0 0 0.2 0 0 0 0 0 0 0 0 0 0 0 0 0 0 0 0 0 0 0 0 0 0 0 0 0 0 0 0 0 0 0.2 0 0 0 0 0 11.600000000000001 5 0.2 8 3 0 4.4 5.2 0.2 5.800000000000001 9 10.600000000000001 4 1.8 0 4.4 11 0.6000000000000001 0 4 0 3.6 0 0 0 0 0 0 0 0.2 0 0 0 0 0 0 0 0 1.8 3.4000000000000004 0 0 0 0 0 0 0 0 0 0 0 3.4000000000000004 0 0 0 0 0 0 0 0 0 0 0 0 0 0 0.2 0 0 0 0 0 0 0 3.2 0 0.2 8.6 0.2 0 0.2 0 0 0 0 0 0.2 0 0 0 0 0 0 0 0 0 0 0 0 0 0 1.6 0 0 0 0 0 0 0 0 
 0.2 0.4 0.4 0.4 0 0.4 1.6 0.2 1.2000000000000002 1 0.2 0.2 0.4 0.4 1 0.4 0.2 0.2 0.4 0.6000000000000001 59.400000000000006 33.6 0 55.800000000000004 19.400000000000002 36.2 29.6 17.400000000000002 36.2 47.2 6 21.8 14.200000000000001 17.2 8.200000000000001 47.2 26.6 24.400000000000002 13.4 19.6 0 0.2 0 0 0 0 14 0 0 0 0 0 13.200000000000001 0 0 0 0 0 1.4000000000000001 0 10.600000000000001 0 11 0.6000000000000001 0 0.6000000000000001 0 0 0.4 8.8 0 0 0 0 0 0 0 1.6 0.4 0.6000000000000001 0 0 0 0 0 0 0 0 0 0 0 1.6 0 0 0 0 0 0 0 0 0 6.6000000000000005 4.6000000000000005 1.4000000000000001 0 2.6 0 0.2 2 9.4 6.6000000000000005 2.8000000000000003 0 2.6 1.8 4.6000000000000005 5.4 2.2 0 0 4.800000000000001 0 0 0 0 0 0 2.2 0 0 0 0 0.8 2.4000000000000004 0 0 0 0 0.6000000000000001 3.4000000000000004 0 0 0.2 1.4000000000000001 0.4 0 0 0 0 0 0 0 0 0 0 0 0 0 0 0 0 0 0 0.4 0 0 0 2.8000000000000003 0 0 0 0 1 0 0 0 0 0.4 0 2.4000000000000004 2.2 2.2 3.2 2.4000000000000004 3 10.200000000000001 0 3.8000000000000003 14.600000000000001 7.2 0 12 4.4 0 0 2.6 6.800000000000001 4.4 0 0 2.2 0 0 0 0 0 0.2 0 0 0 0.4 0 0 2.6 3.6 0 0 0 2.6 5 0 0.2 0 0 0 0 0 0 0 0 0 0 0 0 0 0 0 0 0 0 0 0 2.6 0 0 0 0 0 0 0.4 0 0 0 0 2.2 0 0 1.4000000000000001 16.2 0.4 0.4 0.4 0 0 0 0 0 0 0 0 0 0 0 0 0 0 0 0 0 0 0 1 0 0 0 0 0 0 0 0 
 0 0.4 0 0.4 0.6000000000000001 0 0.4 0 0 0 0.2 0 0 0 41 0 0 0 0 0 22.6 46.6 55.800000000000004 0 63 37.800000000000004 23.200000000000003 48.400000000000006 29.400000000000002 80.4 8.4 15.8 99.2 33.6 14.600000000000001 48.400000000000006 14.600000000000001 42.400000000000006 16.400000000000002 36.4 0.4 5.800000000000001 0 0 0.4 0 13.8 13.600000000000001 0 0.6000000000000001 42.2 0 16.2 12.8 0 0 42.400000000000006 0 0 12.4 0.4 0 0 0.6000000000000001 0.2 1 0 0 0.4 0 0.2 0.4 0 0 0 0 0 1 0.4 0.6000000000000001 0 0 0 0 0 0 0 0 0 0 0 0 0 0 0 0 0 0 0 0 0 2.2 3 2.4000000000000004 0 3.2 0 3.4000000000000004 2.8000000000000003 0 2.2 1.6 0.2 4.4 3.4000000000000004 1.4000000000000001 3.6 0 0 0 2.4000000000000004 0 0 0 0 0 2 5.800000000000001 1.2000000000000002 3 0 0 0 1.6 0 1.4000000000000001 0 0 6.6000000000000005 0 0 0 0 0.4 0 0 0 0 0 0 0 0 0 0 0 0 0 0 0 0 0 0 0 1.4000000000000001 0 0 0 0 0 0 0 0 0.6000000000000001 3.6 0 0 0 3.8000000000000003 0 0 3.8000000000000003 1.6 0 0.4 0 5 0.6000000000000001 2.6 4.800000000000001 7.2 1.8 0 1.4000000000000001 0 0 0.2 4.6000000000000005 6.4 0 0.2 2 0 0 0.4 0 0 6.800000000000001 1.2000000000000002 0 0 0 0 0 3 2 0 0 0 0.2 0 0 0 0 0 0 0 0 0 0.4 0 0 0.4 0 0 0 0 0 0 0 0 0 0 0 0 0 0 0 0 0 0 0 0 0 0 2.6 0.2 0.8 15.200000000000001 0.2 0 0.4 0 0 0 0 0 0 0 0 0 0 0 0 0 0 0 0 0 0 0 0 1.6 0 0 0.4 3.8000000000000003 3.6 0 0 0 
 0 0 0.2 0 0 0 0 0 0.6000000000000001 15.4 0 0 0.2 0 0 0 0 0 0 0 8.200000000000001 38.800000000000004 19.400000000000002 63 0 28 26 55.800000000000004 71.2 119 82.80000000000001 33.800000000000004 14 54 30.400000000000002 13.600000000000001 59 11 15.8 16.400000000000002 0 0.4 0 0 0 0 0.6000000000000001 12.200000000000001 0 0 0.8 0 12.4 18.2 13.200000000000001 4.2 0 0 13.4 25 0.2 0 0 0.6000000000000001 0 0.6000000000000001 0 0 0.4 0 0 0 0 0 0 0 0 0.6000000000000001 0.4 0.6000000000000001 0 0 0 0 0 0 0 0 0 0 0 0 0 0 0 0 0 0 0 0.4 0 6 5.6000000000000005 0 4 8.4 0 0 0 5.2 2.4000000000000004 3.6 0 0 2 0 1.4000000000000001 4.4 0 0 5.2 0 1.6 0 1.8 0.2 1.8 4.800000000000001 0 2.6 0 0 5.800000000000001 4.4 2.4000000000000004 0 4.6000000000000005 2.6 2.2 0.2 0 0 0 0 0 0 0 0 0 0 0 0 0 0 0 0 0 0 2.4000000000000004 0 0 0 0 0.2 0 0 0 0 0 0 0.4 0 0 0.2 0 0 0 0 1.6 0 2.4000000000000004 0 4.4 2.4000000000000004 1.4000000000000001 6.4 0 0.4 0 0 2 2 0 0.4 0.8 7.2 2.4000000000000004 0.2 0 0 2.2 3 4.2 0 0 0 2.6 4.6000000000000005 2.4000000000000004 2.2 1.6 0 0.2 8.8 3.8000000000000003 1.6 2 0 13.4 8.200000000000001 0 0 0 0 0 0 0 0 0 0 0 0 0 0.2 0 0 0 0 0.2 0 0 0 2.8000000000000003 0 0 0 0 0 0 0 0 0 0 0 0 0.4 0.6000000000000001 0 0.6000000000000001 0 0.4 0.4 0 0 0 0 0 0 0 0 0 0 0 0 0 0 0 0 0 0 0 0 0 0 0 2.6 0 0 0 0 
 0 0.4 0 0.4 0 0 0.4 0 0 0.4 0 0 0 0.4 0 0 0.4 0.4 0 0 48.800000000000004 7.4 36.2 37.800000000000004 28 0 10.4 5.6000000000000005 25 27.200000000000003 19.6 29.400000000000002 9.600000000000001 42.400000000000006 44 58.6 16.6 28 9.600000000000001 9.600000000000001 0 0 12.200000000000001 0 0 0 13 0.2 0 12.4 0 0 6.4 0 25 18 0 0 4.4 0.2 0.4 0 0 0.6000000000000001 0 0.6000000000000001 0 0 0.4 0 0 0.2 0 0 0 0 0 0.6000000000000001 0.4 0.6000000000000001 0 0 0 0 0 0 0 0 0 0 0 0 0.2 0 0 0 0 0 0 0 0 0 5 0 0 0 0 0 0 14.600000000000001 0 5.6000000000000005 0 2.4000000000000004 0 0 0 2.2 0 0 1.4000000000000001 0 9.600000000000001 0 1.6 0 2.4000000000000004 0.6000000000000001 0 0 0 0.4 1.8 10.4 3.4000000000000004 0 0 2.6 2 0.2 0 0 0.8 0 0 0 0 0 0 0 0 0 0 0 0 0 0 0 2.2 0 0 0 0 0.2 0 0 0 0 0 0 0 0 1.2000000000000002 0 0 0 0 0 0 0.2 0 0 0 3.6 7.800000000000001 0.6000000000000001 0 0 2.2 4 2 3 0 0 0.2 0 3.8000000000000003 0.2 0 0 3.8000000000000003 4.4 0 5.800000000000001 0 0 0.2 0.2 2.2 1.8 2.4000000000000004 0 3.4000000000000004 0 1.4000000000000001 0 3.6 0 4 2.2 0 0 0 0 0 0 0 0 0 0 0 0 0 0 0 0 0 0 0 0 0 0 0 0 0 0 0 0 0 0 0 0 0 0 2.4000000000000004 0 0.8 14.8 0 0 0.2 0 0 0 0 0 0 0 0 0 0 0 0 0 0 0 0 0 0 0 0 0 0 0 0 0 0 0 0 0 
 0.2 0.4 0.2 4.800000000000001 21.400000000000002 14.8 0 0.4 0 0.6000000000000001 9.600000000000001 14.600000000000001 0 0 0 0 0.6000000000000001 0 0 0 31.400000000000002 67.60000000000001 29.6 23.200000000000003 26 10.4 0 37.2 45.6 30 21.6 26.400000000000002 19.400000000000002 63.800000000000004 52.800000000000004 67.60000000000001 20.8 4.6000000000000005 48.2 60.800000000000004 0 0 0 0 0 0.4 0.6000000000000001 0 0 0 0 0 0 11.200000000000001 0 0 0 0 12.600000000000001 0.6000000000000001 0.2 0 0 0.6000000000000001 0 0.6000000000000001 0 0 0.4 0 0 0 0 0 0.4 0 0 0.6000000000000001 0.2 0.6000000000000001 0 0 0.2 2.6 4.800000000000001 7.4 0 0 0 0 0 0 0 0.4 0 0 0 3.2 0 0 3.8000000000000003 2.6 3.6 0.2 0 0 2.6 4.6000000000000005 8.8 3.6 2.4000000000000004 0 4.6000000000000005 7.4 5.800000000000001 15.4 5.4 2.6 0.2 0.2 2 0 0 0 0 0 0 0 0 0 0 0 7.800000000000001 0.4 0 4.6000000000000005 0 0 0 0 0 0 0 0 0 0 0 0 0 0 0 0 0 0 0 0 0 0 0 0 0 0 0 1.2000000000000002 0 3 0 0.4 0 1.6 0 0 0.2 1.2000000000000002 0 0.2 0 0 0 0 7.4 3.6 0 2.6 0 0 1.4000000000000001 6.6000000000000005 0 5.2 3.4000000000000004 2 2.2 2.8000000000000003 2.6 4.4 0.8 0 3 8.8 0 0 0 0 0 0 0 0 0 0 0 0 0 0.4 0 0.4 0 0 0 16.400000000000002 0 0 0 0.2 0 0 0 0.4 0 0 0.2 2 0 0 0 0 0 0 0 0 0 3.6 0 0 0 0 0 0 0 0 0 0 0 0 1.4000000000000001 0 0.8 16 15.200000000000001 0 0 0 0 0 0 0 0 0 0 0 0 0 0 0 0 0 0 0 0 0 0 0.2 0 0 0 0 0 0 0 0 
 0.2 0 0 0.2 14.4 0 0 0 0.8 0 0 15.8 0.4 0 0.4 0.4 0 0 0 0 44.400000000000006 40.400000000000006 17.400000000000002 48.400000000000006 55.800000000000004 5.6000000000000005 37.2 0 48.2 45.800000000000004 7 25.8 40.400000000000006 30.400000000000002 30.6 73.60000000000001 56.6 13.8 80.2 9 0 0 0 0 0 1 0.6000000000000001 0 0 0 0 0 0 0 0.4 0 0 0 0 0 0 0 0.4 0.6000000000000001 0 0.6000000000000001 0 0 0.4 0 0 0 0 0 0 0.2 0 0.6000000000000001 0.4 0.6000000000000001 0 0 0 0 3 1.4000000000000001 0 0 0 4.800000000000001 0 0 0 0 0 0 0 0 0 0 0.2 1.6 0.4 0.6000000000000001 6.6000000000000005 0 2.2 9.200000000000001 3.6 0 1.8 0 3.4000000000000004 2.2 8.6 6.4 2.6 0 2.8000000000000003 3.2 2 0 0 0 0 0 0 3.8000000000000003 0 0 0 0 0 0 0 0 0 0.2 0 0 0 0 0 0 0 0 0 0 0 0 0 0.2 0.2 0 0 0 0 0.6000000000000001 0 0 0.4 0 0 0 0 3 0 0.6000000000000001 0 0 0 0.2 0 0 0 0 0 0 0 0 3.4000000000000004 2.2 0.2 12.600000000000001 0.2 0 4 7 9.4 12.4 4.2 1.8 6.6000000000000005 5 1.6 4 7.4 1.6 3.6 4.4 0 0 0 0 0 0 0 0.2 0 0 0 0 0 0 0 0 0 0 0 0 0 0 0.2 0 0 0 0 0 0 0.4 0 2.2 0 0 0 0 0 0 0 0 0 0 0 0 0 0 0 0 0 0 0 0 0 0 5.2 0.4 0 2.4000000000000004 0 0.4 0 2.4000000000000004 0 0 0 0 2.4000000000000004 0 0 0 0 0 0 0 0 0 0 0 0 0 0 1.8 0 0.4 0 0 0 0 0 0 
 0.4 0 0 0 0.4 0 0 0.2 0 0 0 0 0 0 0.4 0 0 0 0 0 7 29.8 36.2 29.400000000000002 71.2 25 45.6 48.2 0 107.4 36.2 115.60000000000001 61.800000000000004 22.6 29 9.4 86 38 33.2 61.2 0 0 0 0 0 0 0.6000000000000001 0 0 0 0 0 12.600000000000001 0 0 0 0.6000000000000001 0 15.8 0 0 0 0 0.6000000000000001 0 0.6000000000000001 0 0 0.4 0 0 0 10.8 0 0 0 0 0.6000000000000001 0.4 0.6000000000000001 0 0 0 0 0 0 0 0 0 0 0 0 0 0 0.2 0 0 0 0 0 0 11.8 7 7.4 5.2 2.2 2 4.4 2.6 7.4 12.4 2.8000000000000003 0.2 2.2 8.8 4.4 12 4.800000000000001 0 0 0 0 0 0 0 0 3 3.8000000000000003 0 0 0 0 6.2 0 2 0 0 0 0.2 3 0 0 1.6 0 0 0 0 0 0.2 0 0 0 0 0 0 1.2000000000000002 0 0 0 0 0 0 0 0 0 0 0 0 0 0 0 0.4 0 0 0 0 0 0 0 0 3.8000000000000003 3 0.2 10.8 8 1.8 0 2.2 0.4 1.6 11.600000000000001 0.2 0.2 0 0 4.800000000000001 2.6 0 0 2 2.6 0 0.2 0 0 0 0 1.8 0 0 0 0 0 0.2 0 0 0 0 3.2 7.800000000000001 0 0 0 0 0 0 0 0 0 0 0 0 0 0 0 0 0 0.2 0 0 0 0 0.2 0 0 0 0 0 0 0 0 0 0 0 1 0 0.2 30.8 2.6 0.2 0.6000000000000001 0 0 0 0 0 4 0 0 0 0 0 0 0 0 0 0 0 0 0 0 0 0 0 0 0 0 0 0 0 
 0.4 1 0 0.6000000000000001 1.4000000000000001 0 0.4 0 41.400000000000006 0 0 0.4 0.2 0 0 0.8 7.800000000000001 26 0 0 25.200000000000003 71.4 47.2 80.4 119 27.200000000000003 30 45.800000000000004 107.4 0 30.400000000000002 29.8 10.8 45.6 26.6 57.800000000000004 41.2 15.4 40.400000000000006 50 0 0 0.6000000000000001 0 0 0 0.6000000000000001 0 0 0 0.8 0 0 0 0 0 0.6000000000000001 0.4 0 0 10.600000000000001 0 0 0.6000000000000001 0 0.6000000000000001 0 0 0.4 0 0 0 0 0.2 0 0 0 0.6000000000000001 0 0.6000000000000001 0 0 0 0 0 2 0 0 0 0 0 0 0 0 0 0 0 0 0 0 0.2 2 4.2 0.4 5.6000000000000005 0 0.4 4.2 3 2 1.8 0.2 2.4000000000000004 5.800000000000001 7.4 7.4 10.600000000000001 0 0 0 2.4000000000000004 0 0 0.2 0 0 0 2.6 0 0 0 0 0.2 0 0 0 0 0 0 0 0 0 0 0.2 0 0.2 0 0 0 0 0 0 0 0 0 0 0 2 0 0 0.2 0 0 0.4 0 0.4 0.2 0 0 0 0 0 0.2 0 0 1.4000000000000001 0 0 0 0 7.4 5.4 0.2 4.800000000000001 0.8 0 2.4000000000000004 6.4 2.6 7.4 4.2 1.8 7.4 2.8000000000000003 1.2000000000000002 0.2 12.600000000000001 0.2 0 2.8000000000000003 0 0 0 0 0 0.4 0 0.4 0 0 0 0 0 0 0 0 0 0 2.6 5.800000000000001 0 0 0 0 0 0 0.2 0 0 0 0 2.4000000000000004 0 0 0 0 0 0 0 0 0 0 0 0 0 0 0 0.2 0 0 0 0 0 0 2 0.4 1 16.8 15 0 0.6000000000000001 0.6000000000000001 0 0 0 0 0.6000000000000001 0 0 0 0 0 0 0 0 0 0 0 0 0 0 1.4000000000000001 0 0 0 0 0 0 0 0 
 0.4 0.4 0 0 43 0 0.6000000000000001 0 0.6000000000000001 0.6000000000000001 0 14.8 0 0 0 12.8 0 0 0 0 66.8 21 6 8.4 82.80000000000001 19.6 21.6 7 36.2 30.400000000000002 0 45.400000000000006 10.8 6.2 24.200000000000003 17 34.800000000000004 24.400000000000002 89.2 20.8 0 0 0 0 0 0 0.6000000000000001 0 0 0 15 0 11 11.4 0 0 0 0 12.4 0 0 0 0 0.6000000000000001 0 0.6000000000000001 0 0 0.4 0 0 0 0 0 0 0 0 0.6000000000000001 0.4 0.6000000000000001 0 0 0 0 0 0 0 0 0 0 0.2 0 0 0 0 0 0 0 0 0 7.4 5.800000000000001 5 7 5.2 1.8 0 2.4000000000000004 0 4.2 5.2 4.4 0 0.4 1.6 8.200000000000001 1.4000000000000001 10.8 0 2.4000000000000004 3.6 0 6.2 0 0 0 5 2.8000000000000003 0 0 0 0 7.800000000000001 2 0 0 1.6 0 2.4000000000000004 0 0 0 1.4000000000000001 0 0.2 0 0 0 0 0 0 0 0 0 0 0.8 0 0.4 0 0 0 0 0 0 0 0 0 0 0 0 0 0 0.2 0.6000000000000001 1.8 2.6 0 0 0 0 2 0 8.4 2 6.6000000000000005 1.2000000000000002 0 0 0 0 5.2 4 0 0 3 4.4 2.2 0 0 2 1.6 0 1.6 0 0 0 2 3.4000000000000004 0 0 0 0 0.2 0 3 0 2 0 0 1.6 0 0 0 0 0 0 0 0 0 0 0 0 0 0 0 0 0 0 0 0 0 0 0 0 0 0 0 0 0 0 0 0 0 0 3 0 0.8 8.4 0.4 0 0.4 0 0 0 0 14.4 1.4000000000000001 0 0 0 0 0 0 0 0 0 0 0 0 0 0 0 0 0 0 0.4 0 0 0 0 
 0.8 16.6 0.6000000000000001 0.8 0.6000000000000001 0.2 0.6000000000000001 0.4 0.2 0.6000000000000001 0.4 0.4 0.4 0.6000000000000001 0.2 0.6000000000000001 0.6000000000000001 0.4 0.4 0.2 15 41 21.8 15.8 33.800000000000004 29.400000000000002 26.400000000000002 25.8 115.60000000000001 29.8 45.400000000000006 0 6.2 38 37 27.8 30.6 13.4 8.8 28.400000000000002 0 0 0 0 0 0 0.6000000000000001 0.6000000000000001 0 0 0.8 0 0 13.200000000000001 11.200000000000001 0 0 0 12.600000000000001 0 0 1.2000000000000002 0 0.6000000000000001 0 0.6000000000000001 0 0 0.6000000000000001 0.8 0 0.6000000000000001 0.4 0 0.6000000000000001 0 11 0.6000000000000001 0.4 0.6000000000000001 0 0 0 0 0 0 0 0 0 0 0 0 0 0 0 0 0 0 0 0 0 10.8 10.600000000000001 2.4000000000000004 3 12.8 0.2 5 3.6 7.800000000000001 5 0.2 0 2.8000000000000003 5.4 2.6 8.4 4.6000000000000005 0 0 2 0 0 0 0 0 0 0.8 0 0 0 0 9.600000000000001 2 2 0 0 0 0 0.2 0 0 0 0 0 0 0 0 0 0 0 0 0.2 0 0 2.8000000000000003 0 0 0 0 0 0 0 0 0 0 0 0.2 0 0 0 0 0 0 0 0 0 0 0 0 6.4 0 6.6000000000000005 9.4 0 0 0 0 0.2 9 1.8 6 0 0 0.2 6 2.8000000000000003 0 3.4000000000000004 0 1 0 0.2 0.2 0 0 0 0 0 0 0 0 4 6 0 4 0 0 2 7.2 0 0 0 0 0 0 0 0 0.2 0 0 0 0 0 0 0 0 0 0.2 0 0 0 2.8000000000000003 0 0 0 0 0 0 0 0 0 0 0 1.8 0 0.6000000000000001 14.600000000000001 1 0.4 1.6 0 0 0 0 0 3 0 0 0 0 0 0 0 0 0 0 0 0 0 0 0 0 0 0 0 0 0 0 0 
