 0 28.8 67 27.6 5 19.8 39.800000000000004 10.600000000000001 28 22.8 6.2 10.600000000000001 73.4 46.400000000000006 27.8 62.800000000000004 23.200000000000003 9.600000000000001 23.6 43.800000000000004 0 0 0.4 0 0 0 0.4 0 0 0.2 0 15.4 0.4 0 0 0 0 0 0 0.2 0.6000000000000001 0 0.6000000000000001 0.6000000000000001 0 0.8 0.8 0 0 0 0.4 0 0 0 0.4 0 1 0 0.6000000000000001 0 0 0 0 0 0 0 0 0 0 0 0.4 0 0 1.4000000000000001 0 0 0 0 0 0.6000000000000001 0 0 5.800000000000001 5.800000000000001 5.6000000000000005 6.6000000000000005 1.4000000000000001 0 2 0 0.8 0 0 1.2000000000000002 5.2 3.4000000000000004 2 0 4.2 0.2 0 0 0 0 0.2 0 0 0 0 0 0 0 0 0 0 0 0 0 0.6000000000000001 3.2 0 0 0 0 0 0 0.2 0.4 0 0 0 0 0 0 0 0 0 0 0 4.4 0 0 0 0 0 0 0.4 0 0 0.2 0 0 0 0 0 0 0 0 0 0.6000000000000001 1.4000000000000001 2.6 0 7.4 0 1.4000000000000001 13.4 0 2 3.8000000000000003 6.4 0 0 1.8 0 3.2 0.2 4 3.8000000000000003 3.8000000000000003 0 2 0 0 0 0 2.2 0 0 0 0 0 0.2 0 0 0 0 0 0.4 0.2 0 0 0 0 0 0 0 0 0 0 0 0 0 0 0 0 0 0 0.4 0 0 0 0 0 0 0 0 0 0.6000000000000001 0 0 0 0 0 0 0 0 0 0 0 0 4.4 0 0 0 0.4 0.2 0.2 0 17.6 0 0.8 0 0 0 0 0 0 0 0 0 0 0 0 0 23.400000000000002 0 0 0 0 0 0 0 0 0 0 1.4000000000000001 0 0 0 0 0 0 0 0 0 0 0 0 0 
 28.8 0 74.2 54 27.200000000000003 27.6 23.200000000000003 17.400000000000002 64.60000000000001 44.400000000000006 42.400000000000006 23.8 7.4 8.4 44.400000000000006 30.8 63.400000000000006 6.4 13.200000000000001 11.4 0.6000000000000001 0.6000000000000001 0.4 0.6000000000000001 0 0.2 1.2000000000000002 0.4 0.4 0 0.6000000000000001 0.6000000000000001 0.4 0.2 0 0.4 41.6 0.6000000000000001 0.6000000000000001 0 0.4 0.4 0.6000000000000001 0.6000000000000001 0.4 1.4000000000000001 0 0.2 0 0 0.4 0.4 0.6000000000000001 0 1 0 0.4 0.4 1 0 0.6000000000000001 0.4 0.4 0 0.2 0.6000000000000001 0.6000000000000001 0 0 0.2 6.6000000000000005 0.2 0 0.4 14 0 0 0 0.2 0.4 2.2 2.4000000000000004 7.6000000000000005 6.800000000000001 5.6000000000000005 3.2 0 2.4000000000000004 4.6000000000000005 2.8000000000000003 5.800000000000001 5.800000000000001 0 1.8 3.2 4.4 0.4 7.6000000000000005 0 2.2 3.2 0.2 0 0 0 0 0 0 0 0 0 0 0.4 2 4.4 0 0 0 5 2.6 0 0 0 0.2 0 0 0 0 0 0 0 0 0 0 0 0 0 0 0 0 0 0 0 0 0 1.2000000000000002 0 0 0 0 0 0 0 2.2 0 0 1.2000000000000002 0 0 0 0.4 13.200000000000001 7.6000000000000005 1.8 6.6000000000000005 0 2.4000000000000004 0 10.4 6.800000000000001 4.2 2 0 0.4 5.800000000000001 0 3.4000000000000004 3.2 0 5.800000000000001 1.8 0.2 0 0 0 0 2 0 0 0 0 0 8 0.4 0 0 0 3.2 0 0 0.2 0 0.2 0 0 0 0 1 2.4000000000000004 0 0 0 0 0 0 0.4 0 0 0 0 0 0 0 0 0 0 0 0 0 0 0 0 0 0 0 0 0 0 0 0 0 3.2 0 0 0 0 0.2 0.2 0.4 18 1.8 1.6 3.2 0 0 0 0 0 0 0 0 0 4 0 0 0 0 0 0 0 0 0 0 0 0 3.8000000000000003 0 3.6 0 0 0 0 0 0 0 0 0 0 0 0 
 67 74.2 0 22.400000000000002 11.4 42.800000000000004 74 59.6 44 29.8 12.200000000000001 24.400000000000002 59.2 54.6 23.400000000000002 64.60000000000001 10 12 25.200000000000003 7.4 0.6000000000000001 0 0.2 0 0 0 0.4 0 0 0 0 0.6000000000000001 18.6 16 0 0 0 0 15.4 0 0.4 0 0.6000000000000001 0.6000000000000001 0 1.4000000000000001 0 0 0 5.4 0.4 0 0 0 0.6000000000000001 0 1.4000000000000001 0 0.6000000000000001 0 0 0 0 0 0.2 0 0 0 0 0 0.4 0 0 0 0 0 0 0 0 0.4 0 3.8000000000000003 2.6 3 3.8000000000000003 4.2 0 0.4 3.6 9 5.2 3.8000000000000003 0 1.2000000000000002 3.6 3 0 1 0 4.4 0.8 0 0 0 1.2000000000000002 0 0 0 0 0 0 0 0 0 6.2 0.2 0 0 2.4000000000000004 4.800000000000001 0 0 0 0 0 0 0 0 0 0 0 0 0 0 0 0 0 0 0 0 0 0.4 0 0 1.6 0 0 0 1.4000000000000001 0 0 0 0 0 0 0 0 0 0 0 3.8000000000000003 11.8 0 4.2 0.2 3.6 0 1 2.4000000000000004 2.2 6.4 1 0 0.4 0 1 16.8 0 0 0 0 0 0 0 0 0 2.2 4.800000000000001 0.2 0 0 0 2.8000000000000003 4.800000000000001 0 1 0 0 6 0.2 0 0 0 0 0 0 0 0 2.8000000000000003 0 0 0 0 0 0 0.4 0 0 0 0 0 0 0 0 0 0 0 0 0 0 0 0 0 0 0 3 0 0 0 0 0 3.6 0 0 0 0 0 0 0.4 9.600000000000001 2.4000000000000004 0.4 0 0 0 0 0 0 0 0 0 0 0 0.4 0 0 0 0 0 0 0 0 0 0 0 0 0 0 0 0 0 0 0 0 0 0 0 0 0 0 
 27.6 54 22.400000000000002 0 46.400000000000006 4.800000000000001 17.2 48.6 30.8 47.800000000000004 90.60000000000001 12.200000000000001 32.2 41.400000000000006 52.6 27.400000000000002 28 38.800000000000004 30.6 79.60000000000001 0 0 0.2 0 0 0 16.400000000000002 0 0 0 0 0.6000000000000001 0.4 0 0 0 0 0 0.2 0.2 0.4 0 0.6000000000000001 0.6000000000000001 0 1 0 0.8 0 0 0.4 0 3.6 0 0.6000000000000001 0 1 0 0.6000000000000001 0 0 0 0 0 10.4 0.6000000000000001 0 0 0 0 0.4 0 0 0 0 0 0 0 0 0.4 0 0 4.2 6 0.4 3.6 2 0 2 0 11.4 0 2.2 1 1.8 13.200000000000001 8 0 0 3 2 0 0 0 0.2 0 0 0 6.6000000000000005 0 0 0 15.8 3.8000000000000003 0 0 0 0 0.8 3 0 0 2.2 0 0 0 0.4 0.2 0 0 0 0 0 0 0 0 0.4 0 0 0 0 0 0 0 0 1.2000000000000002 0.2 1.4000000000000001 0 0.4 0 0 0 1.6 0 1.4000000000000001 1.4000000000000001 0 0 0 2 0 4.4 3 2.8000000000000003 4 3.6 1.6 0 0 6.800000000000001 2.4000000000000004 4.4 4.4 0 6.4 4.2 1 0 3.2 5.6000000000000005 0.2 0 0 0 0 5.4 1.8 6.800000000000001 2.8000000000000003 0 0 0.4 0 0 0 0 0 4.800000000000001 15.200000000000001 0 0 0 0 0 0 0 0 0 0 0 0 0 2 0 0 0 0.4 0 0 0 0 0 0 0 0 0 0 0 0 0 0 0 0 0 0 0 0 0 0 0 0 0 0 0 0.4 10.4 0.4 0 2.2 0.2 0.8 0 0 0 0 0 0 0 0 0.6000000000000001 0 0 0 0 0 0 0 0 0 0 0 0 0 0 4.4 0 0 0 0 0 0 0 0 0 0 0 0 0 0 
 5 27.200000000000003 11.4 46.400000000000006 0 13 13 16.400000000000002 19.200000000000003 17 32.2 33.2 68.2 16.400000000000002 17.8 18 27.6 28.400000000000002 16.6 43.6 0.2 5.2 0.4 0.4 0 0 8.6 0 15.600000000000001 2.4000000000000004 0.4 0.6000000000000001 16 0 0.2 0.4 0.6000000000000001 12 0 1.8 6.6000000000000005 0 13.600000000000001 0.6000000000000001 0 0.4 0 0.2 0 0 0.4 0 0 0 0.6000000000000001 0 0 0 0.6000000000000001 1 0 0 0 0 0.6000000000000001 0 0.6000000000000001 0 0 0 0.6000000000000001 0 0 0 0.4 0 0 0 0 0.4 0 0 4.800000000000001 4 0 0 0.4 0 2.2 0 2.8000000000000003 2 0 0 2.2 0 2.4000000000000004 0 0 0 3.4000000000000004 3.2 4 7.4 8.4 0 3.4000000000000004 0.2 6.4 0 0.2 2.8000000000000003 5.6000000000000005 3 1.4000000000000001 0 0 0 9.8 0 0 0 0 0 0.2 0 0 0 0 0 0 0 0 0 0 0 0 0.4 0 0 0 0 0 0 0 4 0 0 0 0 0 0 0 1.2000000000000002 0 0 0.6000000000000001 0.4 0 0 0 0 3 3 6.6000000000000005 2.4000000000000004 2.2 0 0.2 2 6.2 2.4000000000000004 0 2 0 0 0 0 0 0 4.2 2.2 0 3.6 0 0 1.8 2 2.6 0.2 0 0 0 1.2000000000000002 5.4 0.2 3.4000000000000004 0 0 3 0 0 0 0 0 0 0 0 0 0 0 0 0 0 0 0 5.4 0 0 0 0.2 0 0 0 0 0 0 0 0 0 0 0 0 0 0 0 0 0 0 0 0 0 0 0 0 0.8 0.4 0 0 17.400000000000002 0 1.2000000000000002 0 0 0 0 0 0 0 0 0 0 0 0 0 0 0 0 0 0 0 0 0 0 0 2.6 1.4000000000000001 0 0 0 0 0 0 0 0 0 0 0 0 0 
 19.8 27.6 42.800000000000004 4.800000000000001 13 0 7.2 8.4 26 56.400000000000006 36.6 31.6 7.800000000000001 7.6000000000000005 16.2 16.8 28.200000000000003 26.8 11.600000000000001 30 22.8 0 0 0 0 0 1.4000000000000001 15.600000000000001 0 0 0 0.6000000000000001 0.4 21.8 7.4 0 0 0 15.600000000000001 0 0.4 0 0.6000000000000001 0.6000000000000001 0 0.6000000000000001 1 0 0 0 0.4 0 0 0 0.6000000000000001 0 0.8 12.200000000000001 0.6000000000000001 0 0 0 0 0.6000000000000001 0.2 0 0.2 0 0 0 0.6000000000000001 0 0 0 0 0 0 0 0 0.4 0 2.8000000000000003 4.4 0 10.200000000000001 5.800000000000001 0 0 0 7 5.6000000000000005 3.4000000000000004 0 0 3.8000000000000003 0 4 0 0 0 5 6.4 0 0.2 0 2.2 2.6 2.8000000000000003 0 0 5.4 0 2 8.6 4.6000000000000005 0 0.4 3 2.6 5.800000000000001 0 0 0 0 0 0 0 0 0 0 0 0 0 0 0 0 0 0 0 0 0 0 0 0 0 0.2 0 0 0 0 0 0 0 0.4 0 0 0 0 0 0 3.2 8.200000000000001 2 2.6 4.6000000000000005 5.2 0 2.8000000000000003 2 2 4.6000000000000005 4.6000000000000005 0 2.8000000000000003 0 0.2 2.6 0 0 0 3.2 0 0 3.2 0 0 5.800000000000001 0.2 0 2.2 0 0 1.6 2.8000000000000003 10 3.4000000000000004 1.2000000000000002 0 2.8000000000000003 2 0 0 0 0 0 0 0 0 0 0 0 0.4 0.2 0 0 0 0 0 0 0 0 0 0 0 0 0 0 0 0 0 0 0 0.2 0 0 0 0 0 0 0.2 0 3.8000000000000003 0 0 0 0.8 0.2 0.8 17.400000000000002 1.2000000000000002 0 1 0 0.4 0 0 0 0 0 0 0 0 0 0 0 0 0 0 0 0 0 0 0 0 0 0 2.2 3.4000000000000004 0 0 0 0 0 0 0 0.4 0.2 0 0 0 
 39.800000000000004 23.200000000000003 74 17.2 13 7.2 0 91.80000000000001 70.60000000000001 5 6.6000000000000005 8.4 70.2 107.4 43.800000000000004 7.2 26.6 6.6000000000000005 18.8 22 0 0.4 0.4 0.6000000000000001 0.2 0.2 0.6000000000000001 0.6000000000000001 0 0 0 0.6000000000000001 0.4 0 0.2 0 0 14.4 0 0.8 0.4 0 0.6000000000000001 1.2000000000000002 0.4 1.2000000000000002 0 0 0 0.2 1 0 0.6000000000000001 0 0.6000000000000001 0.6000000000000001 0 0 7 0 0 0 0.6000000000000001 0 0 1.6 0.2 0 0.2 0 0.6000000000000001 0 0 0.6000000000000001 0 0 0 0 0 0.4 2.4000000000000004 0 4.2 19 8.4 0 2 2.6 4.2 0 0 6.2 3.8000000000000003 4.2 3.6 2.2 0 0 0.2 0 0 0 0 0 0 0 1.6 0 0 0 0 0 0 0 0 0 0 0 0 0 0.4 0 0 0 0 0 0 0 0 0 0 0 0.4 0 0 0 0 0 0 3.4000000000000004 0.4 0 3.6 0 0 0 0 0.6000000000000001 0 0 0 0 0 0 0 0 0.2 0.4 0.4 0.6000000000000001 0 0 0 4.4 0 4.6000000000000005 5 0 0 3.8000000000000003 2.8000000000000003 0 5.4 1.8 3.8000000000000003 0 0 0 6 4 0 0 0.2 0 0 0 0 0 0 0 0 0 0 0 0 0 0.4 0.4 0 0 0 0 0 0 5.6000000000000005 0 0 0 0 0 0 0 0 0 0 0 0 0 0 0 0 0.4 0 0 0 0 0 0.2 0 0 0 0 0 0 0 0 0 0 0 0 0 0 0 0 0 0.8 0 0.4 1 17.6 0 1.4000000000000001 0 0 0.4 0 0 0 0 0 0 0 0 0 0 0 0 0 0 0 0 0 0 0 0 0 1.4000000000000001 0 0 0 0 0 0 0 0 0 0 0 0 0 
 10.600000000000001 17.400000000000002 59.6 48.6 16.400000000000002 8.4 91.80000000000001 0 12 47.800000000000004 23.200000000000003 5.4 34 19.8 32.2 93 11.200000000000001 23.6 19.6 47.800000000000004 0 0 0.2 0.4 0 0 0.6000000000000001 4.4 0.4 0.4 0 1 0.4 0 0 0 0 0 0 0.8 0.4 0 0.6000000000000001 0.6000000000000001 0.4 1.2000000000000002 0 1.2000000000000002 0 0.6000000000000001 1 0 4.2 0 0.6000000000000001 0 1 0 1.8 0 0 0 0.6000000000000001 0 0.6000000000000001 0.6000000000000001 0.6000000000000001 0 0 0 0.6000000000000001 0 0 6.2 0 0 0 0.2 0 0.4 2 3.8000000000000003 2 6.2 0.2 3 4.4 2.8000000000000003 5 0.2 1.8 0 5.6000000000000005 4.2 5 6 7.2 5.800000000000001 7.4 3 0 0 0 0.2 0 0 0 0 0 0 0 0 1.8 0 0 0 0 0 3.4000000000000004 0.2 0 0 0 0 0.2 0 0 0 0 0.2 0 0 0 3.8000000000000003 0 0 0 0.4 0 0 0 0 0 0 0 0 0 0.8 0 0 0 0.2 0 0 0 0 0 1.2000000000000002 0 0 6.800000000000001 0 2.2 10.4 0 0 4.800000000000001 2.4000000000000004 1.8 0 0.6000000000000001 0 6.4 6.6000000000000005 2.8000000000000003 10 4.2 2.6 0 3.2 0 0 0 1.4000000000000001 0 0 0 0 0 0 0 0 0 0 0 0 0 0 2.2 2.2 0 0 0 0 2.6 0 0 0 0 0 0 0 0 0 0 0 0 0 0 0 0 0 0 0 0 0 0 0 0 0 0 0 0 0 0 0 0 0 0 0 0 0 0 0 0 0 9.4 0 0 0 0.4 2 0 0 0 0 0 0 0 0 0 0 0 0 0 0 0 0 0 0 0 0 0 0 1.2000000000000002 0 0 0 0 0 0 0 0 1 0 0 0 0 0 0 
 28 64.60000000000001 44 30.8 19.200000000000003 26 70.60000000000001 12 0 25.200000000000003 30.8 9.200000000000001 12.8 39.800000000000004 51.2 34.2 90 7.2 16.400000000000002 59 0 0.4 0.2 0 0 0 0.6000000000000001 0 0 0 0 0.6000000000000001 0.4 0 0 9 0 0 0 0 15.4 13.200000000000001 0.6000000000000001 0.6000000000000001 0 0.4 0.6000000000000001 0 0 0 0.4 0 0 0 0.6000000000000001 0 1 0 0.6000000000000001 10 0.2 0 0 0 0.6000000000000001 0 0.6000000000000001 0 0 0 0.6000000000000001 0 0 0 0.4 0 0 0.2 0 0.4 1.6 5 2.4000000000000004 3.4000000000000004 1.8 3.4000000000000004 0 1.6 4.4 4 7 9.8 0 1.4000000000000001 11 4 2.8000000000000003 2.6 0 0.2 3.6 0.2 0 0 0 0 0 0 0 0 0 0 2.8000000000000003 3.2 4 0 0 0 6 2.2 0 0 0 0 0 0 0 0 0 0 0 0 0 0 0 0 0 0 0 0 0 0 0 0 0 0.6000000000000001 0 0 0 0 0 0 0 0.4 0 0 0 0 0 0 5.6000000000000005 12 6.2 3 3.4000000000000004 5.6000000000000005 0 7.800000000000001 5.2 2 7.4 1.4000000000000001 0 2.8000000000000003 1.6 0 0 0 0 0 0 0 0 0 0 0 0.4 0.2 0 0 0 0 5.2 0 0 0 0 0 6.2 0 0 0 0 0 0 0 0 2.2 2 0 0 0 0 0 0 0 0 0 3.8000000000000003 0 0 0 0 0 0 0 0 0 0 0 0 3.8000000000000003 0 0 0 0 0 0 0 0 0 3.8000000000000003 1.8 0 0 0 0 0 0.2 0.2 0.8 1.2000000000000002 3.4000000000000004 0 0 0 0 0 0 0 14.8 0 0.2 0 0 0 0 0 0 0 0 0 0 0 0 3.8000000000000003 0 4 0 0 0 0 0 0 0 0 0 0 0 0 
 22.8 44.400000000000006 29.8 47.800000000000004 17 56.400000000000006 5 47.800000000000004 25.200000000000003 0 108.80000000000001 8.6 9.4 16.2 71.8 76.80000000000001 30.6 45.2 15.600000000000001 85.60000000000001 14.600000000000001 0 0.2 0 0 0 0.4 0 0 0 0 1 15.600000000000001 7 0 0 0 0 7 0 0.6000000000000001 22.400000000000002 0.6000000000000001 0.8 0 1 2.2 0 0 0 0.4 0 0 0 0.4 0 0.4 0 0.6000000000000001 0 0 0 0 0 0.2 0 0 0 0 0 0.4 0 0 0 0 0 0.2 0 0 0.6000000000000001 0 0 3.8000000000000003 7 14 7.2 0 0 0 0 6.4 3 0 0 0 5.2 6.2 0 0 1.8 2.8000000000000003 1.4000000000000001 0 0 0 0 0 0 0 0 1.4000000000000001 0 4.800000000000001 3.8000000000000003 2 0 0 0 5.6000000000000005 2.8000000000000003 0 0 0 0 0 0 0 0 0 0 0 0 0 0 0 0 0 0 0 0 0 0 0 0 0 0.6000000000000001 0 0 0 0 0 0 0 0.6000000000000001 0 0 3 0 0 0 0 0 1.2000000000000002 0.2 2.6 0 3 0 0 0 4.2 4.2 0.2 2.6 0 2.4000000000000004 6.800000000000001 1 0 2.8000000000000003 5.800000000000001 0 0 0 0 0 0 4 0.2 0 0 0 1.2000000000000002 2 1.4000000000000001 2.8000000000000003 0 0 9.8 6.4 0 0 0 0 0 0 0 0 0 0 1.2000000000000002 0 0 0 0 0 0 0 0 0 0 0 0 0 0 0 0 0 0 0 0 0 0 0 0 0 0 0 0 0 0 0 0 0 0 0 18.400000000000002 0 18 0.6000000000000001 0 0.4 0 0 0 0 0 0 0 0 0 0 0 0 0 0 0 0 0 0 0 0 0 0 0 2.2 0 0 0 0 0 0 0 0 0 0 0 0 0 0 
 6.2 42.400000000000006 12.200000000000001 90.60000000000001 32.2 36.6 6.6000000000000005 23.200000000000003 30.8 108.80000000000001 0 75.60000000000001 54.800000000000004 7.4 14.600000000000001 34.2 18.400000000000002 42.800000000000004 7.6000000000000005 16.6 0 0 0 0.4 0 0 0.6000000000000001 15.200000000000001 0 0 0 0.6000000000000001 0.4 31.200000000000003 0 0 0.4 0.2 15 14.600000000000001 0.4 0 0.6000000000000001 0.6000000000000001 0 0.6000000000000001 0 1.6 0 0 0.4 0 1.2000000000000002 0 0.6000000000000001 0 2.2 0.4 0.6000000000000001 0 1 0 0 0 6.4 0 0.4 0 0 0 0.6000000000000001 0 0 0 0.8 0 0 0 0 0.4 0 7.800000000000001 1.6 7.800000000000001 0.2 2.2 0 0 2.6 3 3.6 0.8 0 0 0 3.8000000000000003 3.4000000000000004 8.8 0 4.800000000000001 0.2 0 0 0 0 0 0 0.2 0 0 0 0 2 0 1.4000000000000001 0 0 0 8.8 0.2 0 0 0 0 0.8 0 0 0 0 0 0 0 0 0 0 0 0 0 0 0 0 0 0 0 0 0.4 0 0 2.6 0 0.4 0 0 0.4 0 0 0.6000000000000001 0 0 0 0 3.8000000000000003 0 0 2 0 3.2 0.2 1.4000000000000001 1.8 0 1.2000000000000002 4 2.4000000000000004 0 1.8 10.600000000000001 0 0 7.6000000000000005 1.2000000000000002 1.4000000000000001 0 0 0.4 0 0 2.2 0 0 0 0 1.6 3.6 0 0.2 0 0 3.6 2.8000000000000003 0 0 0 0 0 0 0 1.4000000000000001 0 0 0.4 0 0 0 0 0 0 0 0 0 0 0.6000000000000001 0 0 0 0 0 0 0 0 0 0 0 0 0 0 0 0 0 0 0 0 0 0 0 0 26 0.4 0.4 0.4 2.2 0.6000000000000001 2.6 0 0 0 0 0 0 0 0 0 0 0 0 0 0 0 0 0.2 0 0 0 0 0 2.2 0 0.2 0 0 0 0 0 0 0 0 0 0 0 0 
 10.600000000000001 23.8 24.400000000000002 12.200000000000001 33.2 31.6 8.4 5.4 9.200000000000001 8.6 75.60000000000001 0 5 10.8 24.8 49.6 33.6 56.6 8.6 12.200000000000001 14.600000000000001 0 0 0 0 0.2 27.6 0 0 0 0.2 0.8 15.200000000000001 20.200000000000003 0 0.2 0 0.8 0.4 0 0.4 0 0.6000000000000001 0.6000000000000001 0.6000000000000001 0.8 0 0 0 3 0.4 0.6000000000000001 0 0 1.2000000000000002 0 0.6000000000000001 0 0.6000000000000001 0 0 0.4 0 0 0.8 0 0.6000000000000001 0 0 0 0.6000000000000001 0.4 0 0.2 0 0 0 0 0 0.4 1.4000000000000001 13.200000000000001 2 0 0 3.2 0 0 0 3.8000000000000003 13.4 11.4 0 0 0 0 6.4 6.4 0 0 1.8 0.2 0 0 0 0 2.6 0 4.800000000000001 0 0 0 7.6000000000000005 6.800000000000001 2.6 0 0 0 3.8000000000000003 6.4 0 0 0 0 0 0.4 0 0 0 0.2 0 0 0 0 0 0.4 0 0 0 0 0 0 0 0 0 0.2 0 0 0 0 0 0 0 0.2 0 0 0 0 0 0 0 16.2 2.2 6.6000000000000005 8.200000000000001 13.200000000000001 0 3.8000000000000003 3.2 0.2 4.2 1.8 0 3 0 0 0 0 0 0 11 3 1.2000000000000002 0 0 0 4 0.2 2.6 0 0 0 3.6 0.4 0.4 0 0 0 9.8 6.4 0 0 0 0 0.4 0 0 0 0.2 0 0 0 0 0 0 0 0 0 0 0 0.2 0 0 0 0 0.4 0 0 0 0 0 0 0 0 0.2 0 0 0 0 0 0 0 0 0 0 0.4 0.4 0.4 0 2.4000000000000004 1 0.6000000000000001 0 0 0 0 0 0 0 0 0 0 0 0 0 0 0 0 0 0 0 0 0 0 0 5.4 1.6 3.6 0 0 0 0 0 0 0 0 0 0 0 0 
 73.4 7.4 59.2 32.2 68.2 7.800000000000001 70.2 34 12.8 9.4 54.800000000000004 5 0 91.60000000000001 57.2 16.8 7.6000000000000005 23.200000000000003 56.800000000000004 107.80000000000001 0 0.2 0.4 0.2 0 0 0.6000000000000001 0 0 0 0 0.6000000000000001 0.4 0 0 0 0.2 15 0 0.4 0.4 0 6.2 0.6000000000000001 0 0.4 0 0 0 0 0.4 0 0 0 1 1.6 0 11 0.6000000000000001 0 0 0 0 0 0.2 1.2000000000000002 0.4 0 0 0 3.8000000000000003 0 0 0 0 0 0 0 0 0.4 2 0 0.4 0.4 0.2 0 2.2 4.4 3.2 0 0 0 6.2 2.4000000000000004 1.6 0 0 0 3.8000000000000003 3.8000000000000003 0 0 0 0 0 0 0 1.8 0 0 0 0 0 0 0 0 0 0 8.6 0 0 0 0 0 0 0 0 0 0 0 0.4 0 0.2 0 0 0 0 0 0 4.6000000000000005 0.2 0 0 0 0 0 0 0 0 0 0 0 0 0 0 0 0.4 0 0.2 0.6000000000000001 2.8000000000000003 0 2.4000000000000004 6.800000000000001 0 0 5.800000000000001 7 0 0.6000000000000001 0 0 2 0.6000000000000001 0 4.6000000000000005 0 0 2.8000000000000003 3.4000000000000004 0 0 0 1.6 0 0 0 0 0 0 0 0 0 0 5 0 0.2 0.2 0 0 0 0 0 0 0 0 2 0 0 0 0 0 0 0 0 0 0 0 0 0 0 0.2 0 0 0 0 0 0 0 0 0.2 0 0 0 0 0 0 0.4 0 0 0 0 0 0 0 0.2 0 0 0 0.4 0.2 0.4 0 0 0 0 0.2 0 0 0 0 0 0 0 0 0 0 0 0 0 0 0 0 0 0 0 0 0 0 0 0 0 0 0 0 0 0 0 0 0 
 46.400000000000006 8.4 54.6 41.400000000000006 16.400000000000002 7.6000000000000005 107.4 19.8 39.800000000000004 16.2 7.4 10.8 91.60000000000001 0 49.6 8.8 4 21.200000000000003 39 53 0.2 0.2 0.2 0.4 0 0 0.6000000000000001 0 0 0.6000000000000001 0 0.8 0.4 0 0 0 0.6000000000000001 7.800000000000001 0.6000000000000001 0.4 0.4 0 0.6000000000000001 0.6000000000000001 1.2000000000000002 0.6000000000000001 7.4 0 0.6000000000000001 0 0.4 0 0.8 0 0.6000000000000001 1.2000000000000002 0 0 0.6000000000000001 0 0 0 1 0 1.6 0 0.6000000000000001 0 0 0 0.6000000000000001 0 0 0 0.4 0 0 1.2000000000000002 0 0.4 5.2 0.6000000000000001 2 2 0 0 7.2 5.4 0.2 0 0.2 0.4 8 9.4 6 13.4 2.4000000000000004 0 7.2 0 0 0 0 0 0.4 0 0 0 0 0 0 0 0 0 0 0 0 0 0 0 0 0 0 0 0 0 0 0.4 0.2 0 0 0 0 0 0 0 0 0 0 2.4000000000000004 0 0 0 0 0 0 0.4 0.6000000000000001 0 0.2 0 0 0 0 0 0 0 0.2 0 0.8 2 0 2.8000000000000003 2.8000000000000003 0 0 4 0.2 0 2.2 0 0 4 2.2 3.4000000000000004 6.2 0 0 3.8000000000000003 4.2 0 0.4 0 0 0 0 0 0 0 0 0 0 0.2 0 0 0 0 0 0 0.2 0 0 0 0 0 0 0 0 0 0 0 0 0 0 0 0 0 0.2 0.4 0 0 0 0 0 0 0 0 0 0 0 0 0.4 0 0 0 0 0 0 0 0 0 0 0 0 0 0.2 0.4 0.4 0.4 0.4 0 1 0 0 0 0 0.4 0 0 0 0 0 0 0 0 0 0 0 0 0 0.2 0 0 0 0 0 0 0 0 0 0 0 0 0 0 0 0 0 0 0 
 27.8 44.400000000000006 23.400000000000002 52.6 17.8 16.2 43.800000000000004 32.2 51.2 71.8 14.600000000000001 24.8 57.2 49.6 0 94.2 21.8 29 33 58.400000000000006 0 0.2 0.2 14.8 0.4 0 0.6000000000000001 20.400000000000002 0 0 0 0.6000000000000001 0.4 0 0 0 0 0.2 0 0.4 0.4 0 0.6000000000000001 0.6000000000000001 0 0.6000000000000001 0 0 0 0 0.4 0 0 0 0.6000000000000001 0 0 0 0.6000000000000001 0 0 0 0 0 0.4 0 10.8 0 0 0 0.6000000000000001 0 0 0 0 0 0 0 0 0.4 0 8 0.2 1.6 0.6000000000000001 2.4000000000000004 3.2 0.2 3 2.8000000000000003 1.6 8.8 0 3.8000000000000003 12 3.4000000000000004 2 6.2 0 0 0 0 0 0 0 0 0 0 0 0 0 0 0 0 0 0 0 1.4000000000000001 0.2 0 0 0 0 0 0 0 0 0 0 0 0 0 0 0 0 0 0 0 0 3.4000000000000004 0 0 0 0 0 0 0 0.2 0 0 0 0 0 0 0 0 0 0 0 0.2 2.4000000000000004 5.4 0 3 0 0 0 3 4.800000000000001 6 2.8000000000000003 0 0.4 1.6 0.2 0 0 0 0 6.4 0 0 0 0 0 0 0 0 0 0 0 0 0 0 0 0 0 0 0 0 0 0 0 0 0 0 0 0 0 0 0 0 0 0 0 0 0.4 0 0 0 0 0 0 0 0 0 0 0 0 0 0 0 0 0 0 0 0 0 0 0 0 0 0 0 0 0 0 0.4 0.8 0.8 2.6 2.8000000000000003 0 0 0.2 0 0 0 0 0 0 0 0 0 0 0 0 0 0 0 0 0 0 0 0 0 5.2 0 0 0 0 0 0 0 0 0 0 0 0 0 
 62.800000000000004 30.8 64.60000000000001 27.400000000000002 18 16.8 7.2 93 34.2 76.80000000000001 34.2 49.6 16.8 8.8 94.2 0 57.400000000000006 8 26.400000000000002 67.60000000000001 0 0.2 0.4 0 0 0.8 0.4 0 0 0 0 0.6000000000000001 0.4 0 0 0 0 1 0 0.2 0.4 0 0.6000000000000001 13.200000000000001 0 1 0 0 0 0 0.4 0 0 0 0.6000000000000001 0 0 0 0.6000000000000001 0 0 0 0 0 0 0 0 0 0.4 0 11.4 0 0 0 1.2000000000000002 0 0 0 0 0.4 0 11.4 6.4 6.2 3.4000000000000004 4.6000000000000005 1.8 2 0 6.4 0 0 0 0 14.4 4 6.6000000000000005 5.800000000000001 0 4.2 0 0 0 0 0 0 0 0 0 0 0 0 0 0 2.2 0.4 4.6000000000000005 0 0 2.6 0 0 0 0.4 0 0 0 0 0 0 0 0 0 0 0 0 0 0 0 0 0 0 0 0 0 0 0 0 0 0 0 0 0 0 0 0 0 0 0.2 0 3.6 3 0.2 4.4 2.6 0 0 2.6 2 6.800000000000001 0.4 0 0 0.4 0.4 1.8 5.2 9.600000000000001 0 2.6 0 0 0 0 0 0 1.8 0 0 0 0 0 1.4000000000000001 0 0 0 0 0 0 0 0 0 0.4 0 3.4000000000000004 0 0 0 2.6 0 0 0 0 0 0 0 0 0 0 0 0 0 0 0 0 0 0 0 0 0 0 0 0 0 0 0 0 0 0 1.6 0 4 0 0 0 0.2 0.6000000000000001 0 1 17.8 0 2.2 0 0 0 0 0 0 0 0 0 0 3.4000000000000004 0 0 0 0 0 0 0 0 1.4000000000000001 0 0 0 0 0 0 0 0 0 0 0 0 0 0 0 0 0 0 
 23.200000000000003 63.400000000000006 10 28 27.6 28.200000000000003 26.6 11.200000000000001 90 30.6 18.400000000000002 33.6 7.6000000000000005 4 21.8 57.400000000000006 0 19.8 10 25 14.600000000000001 0 0.2 0 0 0 0.6000000000000001 16 0 0 0 0.6000000000000001 15.200000000000001 30.400000000000002 0.2 0 0 0 0 15.200000000000001 0.4 0 0.6000000000000001 0.6000000000000001 0 0.8 0 0 0 0.8 0.4 0 0 0 0.6000000000000001 0 0 0.2 0.6000000000000001 0 0 0 0 0 0.4 0 0.6000000000000001 0 0 0 0.6000000000000001 0 8.6 0 0 8.200000000000001 0 0 0 0.4 1.2000000000000002 8.8 5 7.2 9.200000000000001 2.2 0 1.2000000000000002 5.6000000000000005 3 3.4000000000000004 3.8000000000000003 0 1.6 0 14.4 0.2 3.4000000000000004 0 0 2.2 0 0 0 0 0 3.2 0 0 0 0 0 0.2 2 1.8 0 0 0 4.6000000000000005 0 0 0 0 0 0 0 0 0 0 0 0 0 0 0 0 0 0 0 0 0 0.2 0 0 0 0 1.8 0 0 0 0 0.2 0 0 2 0 0 0.6000000000000001 0 0 0 0 7.4 3.6 4.800000000000001 0 0 0 0 2.8000000000000003 2.2 4.4 3.4000000000000004 0 0 1.2000000000000002 0 0 5 0 0 1.2000000000000002 1.4000000000000001 0.8 0 0.6000000000000001 0 0 4.4 0 0 0 0 5 0 0 2 0 0 3 0 0 0 0 0 0 0 0 0 2.2 0 0 0 0 0 0 0 0 0 0 0 0 0 0 0 0 0 0 0 0 0 0.4 0 0 0 0 0 0 0 0 0 0 0 0 0 0 0 17.2 0 0.4 9 2.8000000000000003 0.6000000000000001 0 0 0 0 0 0 0 0 0 0 2.8000000000000003 0 0 0 0 0 0 0 0 0 0 0 0 10.200000000000001 2.4000000000000004 0 0 0 0 0 0 0 0 0 0 0 0 0 
 9.600000000000001 6.4 12 38.800000000000004 28.400000000000002 26.8 6.6000000000000005 23.6 7.2 45.2 42.800000000000004 56.6 23.200000000000003 21.200000000000003 29 8 19.8 0 23 53.400000000000006 0 0 0 0 0 0 0.8 16 0 0 0 0.6000000000000001 0.4 22 0 0 0 0.4 0 17.6 0.4 0 0.6000000000000001 0.6000000000000001 0.6000000000000001 0.8 0 3 0 0 0.4 0 0.6000000000000001 0 0.6000000000000001 0 0.8 0 0.6000000000000001 0 0 0 0 0 0.2 0 0.4 0 0 0 0.6000000000000001 0 0 0 7.4 0 0 0 0 0.4 0 2.6 5.2 4.800000000000001 0.4 0.2 3 0 2.2 6.800000000000001 1.8 0 1.8 2.6 6.6000000000000005 2.6 2.2 6.6000000000000005 0 11.8 2.6 0 0 0 0 0 0 0 0.2 0 0 0 0 0 3.6 0 0 0 7 1.2000000000000002 0 0 0 0 0 0.4 0 0 0 0.2 0 0 0 0 0 0.4 0 0 0 0 0 5.800000000000001 0 0 0 4 0 0 0 0 0 0 0 1.4000000000000001 0 0 1.2000000000000002 0 0 0 4 0 1.4000000000000001 3.8000000000000003 3.4000000000000004 0 3.2 0 0 2.8000000000000003 0.2 2.4000000000000004 3.4000000000000004 4.6000000000000005 0 4.4 6.4 0 0 4.2 5.2 1.8 1.4000000000000001 0 1.8 0 0 0.4 0.6000000000000001 0 0 0 0 0.2 0.4 0.8 4.2 0 0 0 0 0 0 0 0.4 0 0 0 0.2 0 0 0 0 0 0 4.6000000000000005 0 0 0 0 0.2 0 0 0 0 0.4 0 0 0 0 0 0 0 0 0 0 0 0 0 0 0 0 0 0 0 0.6000000000000001 19 0 0.8 1 0 2.4000000000000004 0 0 0 0 0 0 0 0 0 0 0 0 0 0 0 0 0 0 0 0 0 0 0 0.6000000000000001 0.8 0 0 0 0 0 0 0 0 0 0 0 0 0 
 23.6 13.200000000000001 25.200000000000003 30.6 16.6 11.600000000000001 18.8 19.6 16.400000000000002 15.600000000000001 7.6000000000000005 8.6 56.800000000000004 39 33 26.400000000000002 10 23 0 36 0 0.8 0.2 0.6000000000000001 0.6000000000000001 0 0.6000000000000001 0 0 0.2 0 1.2000000000000002 0.4 0 0.8 0 0 1.2000000000000002 11.4 0 0.8 0 0.6000000000000001 0.6000000000000001 0 1 0 0 0 0 0.8 0 0.4 0 0.8 3.8000000000000003 0.6000000000000001 0 0.6000000000000001 1.2000000000000002 0 0.4 0 0 0.4 0 0.6000000000000001 0 0 0.6000000000000001 0.6000000000000001 0 0 0 0 0 0 0 0.2 0.4 3 0 2 3.6 6.6000000000000005 0.2 4.2 0 0.2 1.6 0 0 2.8000000000000003 2.4000000000000004 7.4 0 2 0 0 0 0 0 0 0 0 0 0 0 0 0 0 0 0 0 0 0 0 0 0 0 0 0 0 0 0 0 0.2 0.4 0 0 0 0 0 0 0 0 0 0 0 0 0 0 0 0 0 0 0.2 0 0 0 0 0 0 0 0 0 0 0 0 0 2.2 0 2.2 14.4 0 0 0 0 0 4 0 0 0.2 2 0.6000000000000001 8.8 0 0 4.2 3 0 0 0 0.8 0 0 0 0 0 0 0 0 0 0 0 0 0 0 0 0 0 0 0 0 0 0 0 0 0 0 0 0 0 0 0 0 0 0 0.4 0 0 0 0 0 0 0 0 0 0 0 0 0 0 0 0 0 0 0 0 0 0 0 0 0 0 0 0 0 0 0 0 0.4 0 0 0 0 0 0.2 0 0 0.2 0 0 0 0 0 0 0 0 0 0.2 0 0 0 0 0 0 0 0 0 0 0 0 0 0 0 0 0 0 0 
 43.800000000000004 11.4 7.4 79.60000000000001 43.6 30 22 47.800000000000004 59 85.60000000000001 16.6 12.200000000000001 107.80000000000001 53 58.400000000000006 67.60000000000001 25 53.400000000000006 36 0 0 0 0.4 0 0 0 0.4 0 0 0 0 0.6000000000000001 0.4 0 0 0 0 0 0 0.4 0.6000000000000001 0 0.6000000000000001 0.6000000000000001 0 2 1 0 0 0 8 0 0 0 0.4 0 2 0.4 0.6000000000000001 0 0 0 0 0 0 0 0 0 0 0 0.2 0 0 0 0 0 0 0 0 0.6000000000000001 7.4 3.4000000000000004 0.4 0 2 1.4000000000000001 3.6 5.800000000000001 0.2 4 5.4 0 9.600000000000001 10.4 8 9.600000000000001 4.6000000000000005 2 1 8.200000000000001 0 0 0 0 0 0 0 0 0 0 0 0 0 0 0 0 0 0 0 0.6000000000000001 0.4 0 0 0 7.6000000000000005 0 0 0 0 0 0.2 0 0.4 1.8 0 0 0 0 0 2.8000000000000003 0.4 0 0 0 0 0 0 3.8000000000000003 0 0 0 0 0 0 0 0 0.2 0 0.4 0.6000000000000001 7.800000000000001 0.2 2.2 0.2 0 3.8000000000000003 3 9.600000000000001 0 4.2 5.4 0 2.2 6.4 3.8000000000000003 5 3.6 0 0 5.2 0 0 0.2 0 0 0 0.2 0 0 0 0 0 0 0 0 0 0 0.4 0 0 0 0 0 0 0 0 0 0 0 0 0 0 0 0 0 0 0 0 0 0 0.2 0.4 4.4 0 0 0 0 0.4 0 0 0 0 0 0 0 0 0 0 0 0 0 0 0 0 0 0.6000000000000001 0.6000000000000001 0.4 0.8 0 0 0.4 0 0 0 0 0 0 0 0 0 0 0 0 0 0 0 0 0 0 0 0 0 0 0 0 0 0 0 0 0 0 0 0 0 0 0 0 0 0 
 0 0.6000000000000001 0.6000000000000001 0 0.2 22.8 0 0 0 14.600000000000001 0 14.600000000000001 0 0.2 0 0 14.600000000000001 0 0 0 0 10.8 24.6 40.800000000000004 12.8 50.2 89.2 34.6 16 15 49.400000000000006 19.6 31.200000000000003 32.2 16.400000000000002 17.2 24 16 85.60000000000001 15.200000000000001 0 0 0 1.6 0.6000000000000001 0.4 0.2 0 0 0.6000000000000001 0 0.6000000000000001 0.4 0 0.6000000000000001 0 0.6000000000000001 0 0 0 0 0.2 0.6000000000000001 1.8 0.2 0 0.4 0 0 0.4 0.4 0.8 0 0.6000000000000001 0 0 0 0 1 0 0 0 0 0 4.800000000000001 0 0 0 0 2.4000000000000004 0 2.6 0 0 0 0 0 2.6 0 0 2.4000000000000004 13.600000000000001 1.8 1.8 0 2.2 5.6000000000000005 5.4 0 4 13.8 4 0 5 8.8 8 0 0.4 0 0 0 0 1.8 0 0 0 0 0 0 0 0 0 4.4 0 0 0 0.6000000000000001 0 0.2 0 0 0 0 0 0.4 0 0 0 0 0 0 0 0 0 0 0 0 0 4.2 0 0 0 0 1.2000000000000002 0 3.4000000000000004 0 0 0 0 0.2 6.4 0 0 0 0 8.200000000000001 1.8 0 0 0 3.6 0.6000000000000001 0 0 0 4.4 4.2 6.2 7.2 0 0.4 3.6 5 8.4 4.2 0.2 0 2.2 4 0 0 0 0 0 0 0.4 0 0 0.2 0 0 0 0.2 0 0 0 0 0 3.2 0 0 0 0 0 4.800000000000001 0 0 0 0 0 0 1.6 2.2 2.8000000000000003 0 0 0 0 0 0 0 0 0 0 0 0 0 12 0.4 0 0 0 0 0.4 0 0 0 0.2 0 0 0.4 2.6 0 0 0 0 0 0 0 0 0 0 0 0 0 0 0 0 0 0 3.4000000000000004 0 0 0 0 0 0 0 0 
 0 0.6000000000000001 0 0 5.2 0 0.4 0 0.4 0 0 0 0.2 0.2 0.2 0.2 0 0 0.8 0 10.8 0 45.400000000000006 116.4 65.4 52.800000000000004 15.600000000000001 78 52.2 64.2 22.8 8.8 42.6 13.4 47.2 47.400000000000006 38.800000000000004 5 11 15 0 0 0.4 0 0.6000000000000001 0.6000000000000001 0 0.6000000000000001 0 0 0 1.2000000000000002 0.4 0 0.6000000000000001 0 0.6000000000000001 0 10.8 0.4 0.6000000000000001 0.6000000000000001 0.6000000000000001 0 0 0.4 0.6000000000000001 0.2 0 1.2000000000000002 0.2 1 0.8 0 0 0 0.2 0.6000000000000001 0.6000000000000001 1 0 0 0 0 0.2 0 0 0 0 0 0 2.4000000000000004 0.4 0 0 0 0 0 0 0 0.2 3 1.8 2.6 0 8.8 3.8000000000000003 6.800000000000001 13.8 0.2 3.8000000000000003 4.2 2.6 5.800000000000001 0 0 3.8000000000000003 5.6000000000000005 3 0.2 0 0 0 0 0 0 0 4.2 0 0 0 0 8.200000000000001 0 0 0 0 0 1.8 0 0 0 0 0 0 0 0 0 0 0 0 0.6000000000000001 0 0 0 0.4 0 0 0 2 0 0.2 0 0 4.2 0 0 0 0 0 0 1.4000000000000001 0 1.8 0 0 0.8 0 0.4 0 0 7.6000000000000005 5.4 0.2 1.2000000000000002 2.4000000000000004 1.6 4 1.8 0 11 5.6000000000000005 0 0 2 0 0 4 0 0.2 0 0 1 0 0 0 4.2 3.2 0 0 0 0 4.2 4.2 0 0 0 0 2.4000000000000004 0 0 0 0 0 0 0 0 0 0 0 0 0 0 0 0 0 4.2 0 0 0 0 0 0 0 0 0 0 0 0.2 0 0 0 0 0 1.2000000000000002 0 0.4 0.2 0.6000000000000001 0.2 3.6 0 0 0 0 0 0 0 0 0 0 0 0 0 0 0 0 0 0 0 0 0 0 0 0 0 0 0 0 0 
 0.4 0.4 0.2 0.2 0.4 0 0.4 0.2 0.2 0.2 0 0 0.4 0.2 0.2 0.4 0.2 0 0.2 0.4 24.6 45.400000000000006 0 97.80000000000001 90.60000000000001 21 9.200000000000001 18.400000000000002 87.2 42.2 26.400000000000002 100.80000000000001 10.8 13.4 12 74 21.8 34.800000000000004 51.800000000000004 10.200000000000001 0 0 0 0 0.6000000000000001 0.8 4.6000000000000005 41.6 0 0 0 0.8 0.6000000000000001 0 0.6000000000000001 0 0.8 0 0 0 0 0.4 0.6000000000000001 14.4 0.4 0 0.4 0.4 0 0.4 0 0.6000000000000001 0.4 0 0 0 0 0 9.4 0.6000000000000001 0 0 0 0 0 0.4 0 0 0 0 0 0 0 0 0 0 0 0.4 0 0 0.2 0 3.2 4.4 0 3.8000000000000003 0 0 1.6 0 2.4000000000000004 1.2000000000000002 0 0 0 0 1.8 2 0 0 1.6 0 0.4 0 0 0 5.6000000000000005 3 0 0 0 0 14.200000000000001 4.6000000000000005 0 0.2 0 0 4 3.4000000000000004 0 0 0 0 0.2 0 0 0 0 0 0 0.6000000000000001 0 0 0 0 0 0 0 0 0 0 0 0 0 0 0 0 0 0.2 0 0 1.2000000000000002 0.6000000000000001 1.4000000000000001 0 0 0 0 0 0 0 0 4.4 13.600000000000001 8.8 0 0 1.8 0.2 11.200000000000001 11.4 0.4 0 1.8 2.4000000000000004 2.8000000000000003 3.2 0 0 0 0 0 0 0 0 7.2 0 0 0 0 0 6.6000000000000005 5.2 8.200000000000001 3.6 0 0 2.6 0 0 0.2 0 0 0 0 0 0 0 0 0 0 0.4 0 0 0 2 0 0 0 0 0 1 0 0 0 0 0 0 0.2 0 0 0 0 1.4000000000000001 0.2 0.6000000000000001 17.400000000000002 0.4 0.4 0.2 0 0 0 0 0 0 0 0 0 0 0 0 0 0 0 0 0 0 3 0 0 0 0 0 0 0 0 0 0 
 0 0.6000000000000001 0 0 0.4 0 0.6000000000000001 0.4 0 0 0.4 0 0.2 0.4 14.8 0 0 0 0.6000000000000001 0 40.800000000000004 116.4 97.80000000000001 0 41.800000000000004 12 17.2 72.8 12.200000000000001 110.60000000000001 45.400000000000006 18.8 60 12.4 59.800000000000004 6.4 30.6 37.2 18 73.60000000000001 0.4 0 0 0.4 0.6000000000000001 1.2000000000000002 6 0 0.4 0.4 0 9 0.4 4.6000000000000005 0.6000000000000001 1.4000000000000001 0.6000000000000001 0 0 0 0 0.2 0.6000000000000001 0 0.4 0.4 0.4 0 0.4 0.6000000000000001 0 0.6000000000000001 0.8 0.2 0 0.4 0 0 1 2 0 0 0 0 0 0 0 0 0 0 0 0 0 0 0 0 0 0 0 0 0 0 7.6000000000000005 5.6000000000000005 3.8000000000000003 1 4.6000000000000005 0 0 6.2 1.8 6.800000000000001 0 0 2.4000000000000004 17.2 3.4000000000000004 3.6 0.4 0 1.2000000000000002 0 0 0 0 0 3.2 0 0 0 0 0 2.8000000000000003 2.6 0 0 0.4 0 2 3.6 0 0 0 0 0 0 0 0 0 0 0 0 0 0 0 0 0 0 0 0 0 0 0 0 0 0 0.2 0 0 0 0 0 0 0 0 0 0 0 0 0 0 4.4 0 6.800000000000001 2.6 11.8 0.6000000000000001 5.4 1.8 0 8.8 4.2 3.6 0 0.4 1.2000000000000002 4.2 7 0 2 0.6000000000000001 0 0 0 0 0 7.4 0 0 0 0 0 3.8000000000000003 4.6000000000000005 1.8 4.4 0 3.2 3.6 3.8000000000000003 0 0 0 0 0 0 0 0 0 0 0 0 0 0 0 0 0 0 0 0 0 0 0 0 0 0 0 0 0 0 0 0 0 0 0.4 0.2 0.4 16.400000000000002 0.2 0.2 1 0 0 0 0 0 0 0 0 0 0 0 0 0 0 0 0 0 0 2.4000000000000004 0 2 0 0 0 0 0 0 0 0 
 0 0 0 0 0 0 0.2 0 0 0 0 0 0 0 0.4 0 0 0 0.6000000000000001 0 12.8 65.4 90.60000000000001 41.800000000000004 0 53.400000000000006 52.800000000000004 16.400000000000002 15 14.200000000000001 58.400000000000006 28.6 13.600000000000001 54.6 58 70.60000000000001 13.8 77.4 14.200000000000001 25 0 13 0 0 1.2000000000000002 1.2000000000000002 0 0 0 0 0.6000000000000001 1.2000000000000002 0.4 12.8 6.800000000000001 12.600000000000001 1 13 6.4 22.6 0 0.2 0.6000000000000001 0.4 0 0.4 0.4 0 0 0.4 0 1 0 0 0 0 0.8 0.2 0.6000000000000001 0.6000000000000001 0 0 0 0 0 0 0 0 0 0 0 0 0.2 0 3.4000000000000004 0 0 0 1.6 0 2 0 10.600000000000001 8 5.6000000000000005 2 3.8000000000000003 0 4.4 4.4 0 2.8000000000000003 0 1.4000000000000001 0 9.4 2.6 0.2 0 2.6 2.4000000000000004 0 0 5.4 0 0 4.4 1.6 2.6 2.6 0 0 2.2 0 1.6 0 3.8000000000000003 0 4.6000000000000005 7.800000000000001 0 0 0 0 0 0 0 0 0.4 0 0 0.2 0 0 0 0.2 0 0 0 0 0.6000000000000001 0.4 0 0 1.8 0 0 1 0 0 0 0 0 0 1.8 0 0 0 0 1.2000000000000002 1.8 0 0.2 11.4 0.4 4.2 0 0.2 4.4 0 6.4 2.2 0 0 0 0 7.2 8.4 0 0 4 0 0.6000000000000001 0 0 0 6.6000000000000005 0 0 0.4 0 3 2.4000000000000004 2.6 5.800000000000001 0 0 0.2 4.6000000000000005 7.4 0 0 0 0 0 0 0 0 0 0 0 0 0 0 0 0.2 5.2 0 0 0 0 0 0 0 0 0 0 0 0 0 0 0 0 0 14 0.4 0.8 32.4 0 2.8000000000000003 0.6000000000000001 0 0 0 0 0 0 0 0 0 0 0 0 0 0 0 0 0 0 0 0 0 0 0 0 2.4000000000000004 0 0 0 0 
 0 0.2 0 0 0 0 0.2 0 0 0 0 0.2 0 0 0 0.8 0 0 0 0 50.2 52.800000000000004 21 12 53.400000000000006 0 6.6000000000000005 6.2 42.2 27 72.4 12 51 11.200000000000001 10 30.200000000000003 15 25.6 16.6 26.400000000000002 0 0 0 0 0.6000000000000001 7.4 0 0.6000000000000001 0.6000000000000001 1 0.6000000000000001 0.6000000000000001 0.4 2.4000000000000004 0.6000000000000001 0 0.6000000000000001 0 12.200000000000001 1.2000000000000002 0 0.2 0.6000000000000001 0 0.4 0 0.4 0 1 0.8 0 1.2000000000000002 0.8 0 0 0 0 0 1 1.4000000000000001 0 0 0 0 0 0 0 0 0 0 0 0 0 0 0 0 0 0 0 0 2.4000000000000004 0 3.8000000000000003 5.6000000000000005 1.8 7.6000000000000005 0 0 3.4000000000000004 0 3.6 1.8 0 0 0 2 5 2.4000000000000004 0 0 0 0.2 0.4 0 0 0 2.4000000000000004 4.4 0 0 0 0 3.4000000000000004 3.6 0 0 0.2 0 3.8000000000000003 10.4 0.2 0 0 0 0 0 0 0 0 0 0 0.6000000000000001 0 0.4 0 0 0 0 0 0 0 0 4 0 0 0 0 0 0.4 0 0 0.4 0 0.6000000000000001 0 0 0 0 0.8 0 0 0 0 0 1.2000000000000002 5.800000000000001 0 1 0 0 8.8 10.200000000000001 0 0 1.8 0 2.4000000000000004 4.2 0 0 2.8000000000000003 0 0 0 0 0 10.4 2.4000000000000004 0 0 0 0 5.6000000000000005 19.8 2 0 0 0.2 7 0 0.2 0 0 0 0 0 0 0 0.4 0 0 0 0 0 0 0 3.8000000000000003 5.800000000000001 0 0 0 0 0 0 0 0 0 0 0.2 0 0 0 0 0 0.2 0 0.8 16.8 15.8 0.2 3.4000000000000004 0 0.2 0 0 0 0 0 0 0 0 0 0 0 0 0 0 0 0 0 0 0 0 0 0 0 0 0 0 0 
 0.4 1.2000000000000002 0.4 16.400000000000002 8.6 1.4000000000000001 0.6000000000000001 0.6000000000000001 0.6000000000000001 0.4 0.6000000000000001 27.6 0.6000000000000001 0.6000000000000001 0.6000000000000001 0.4 0.6000000000000001 0.8 0.6000000000000001 0.4 89.2 15.600000000000001 9.200000000000001 17.2 52.800000000000004 6.6000000000000005 0 31.6 12 39.6 52.800000000000004 68.4 125 23 28.200000000000003 5 11 22.8 18 88.2 0 0 0 0 0.6000000000000001 0.4 0 0 0 1 0 0.6000000000000001 0.4 0 0.6000000000000001 0 0.6000000000000001 0 0 0 0 0.2 0.6000000000000001 0 0.2 0 0.4 0 0 0.4 0 0.6000000000000001 0 0 0 0 0 0 12.4 0 0 0 0 0 0 0 0 0 0 0 0 2 0 0 0 0 0 0 0 0 0 0.4 8.200000000000001 4.4 3.6 2 5.2 1.8 5.800000000000001 4.2 1.8 7.4 3.8000000000000003 1.8 4.2 5.6000000000000005 4.2 0.2 0 6.6000000000000005 0 0 0 0 0 0 0 0 0 0 0 0 3 0 0 0.2 0 0 0 3.4000000000000004 0.2 0.6000000000000001 0 2.8000000000000003 0 0 0 0 0 0.2 0 0 0 0.4 0 0 0 0 0 0 0 0 0 2.6 2.6 3.4000000000000004 0 0 0 0 0 2 0 0 0 0 0 0 0 0 5.2 7.2 3.8000000000000003 0 0 0 11.4 7 7.6000000000000005 3.8000000000000003 0.4 0 2.6 1.8 0 4.6000000000000005 4.4 2.6 1.6 6.800000000000001 0 0 0 0 0 0 0 0 0 0 0 0 0 0.4 0 0 0 0.2 0 0 0.2 0 0 0 0 0 0 0 0 0 0 0 0 0 0 0 0 0 0 0 0 0 0 0 0 0.4 0 0 0 15 0 0 0 0 0.8 0 0.4 0 0 0 0 0 0 0 0 0 0 0 0 0 0 0 0 0 0 0.2 0 0 0 0 0 0 0 0 0 1.8 0 0 0 0 
 0 0.4 0 0 0 15.600000000000001 0.6000000000000001 4.4 0 0 15.200000000000001 0 0 0 20.400000000000002 0 16 16 0 0 34.6 78 18.400000000000002 72.8 16.400000000000002 6.2 31.6 0 50.800000000000004 55.400000000000006 5.2 8 57.6 32.2 141.6 38.6 23.200000000000003 20.8 126.60000000000001 73.2 0 0 0 0 0.6000000000000001 0.8 0 0 0 0 0 0.6000000000000001 0.4 0 0.6000000000000001 0 0.6000000000000001 0 0.2 0 0 0.4 0.6000000000000001 0.8 0.4 0 0.4 0 0 0.4 5 0.6000000000000001 0 0 10 0 0.4 0 0.6000000000000001 0 0 0 0 0 0 0 0 0 0 0 0 0 0.2 0 0 1.2000000000000002 0 0 0 0 0 5.2 2.6 1.4000000000000001 0 0 1.8 1.6 2.6 2.2 4.2 9 2.6 2 9 4 3.8000000000000003 2 2.8000000000000003 0.6000000000000001 0 0 0 0 0 0 0 0 0 0 0 0 2.2 0 0 0 0 0 0 0 0 1.6 0 0 0 0 0 0 0 0 0 0 0 0.2 0 0.2 0.2 0 0 0 0 0.4 0 0 0 0 0 0 0 0 0 0 0 0 0 0 0.4 0 0 0 0.2 6.2 13.200000000000001 1.4000000000000001 3.8000000000000003 0 7.2 11.4 8.8 5 2.6 0 1.8 4.800000000000001 2 9.200000000000001 6.2 2.8000000000000003 0 0 1.4000000000000001 0 0 0 0 0 0 0 0 0 0 0 0 0 0 0 0 0 0.2 0 0 0 0 0 0 0 0 0 0 0 0 0 0 0 0 0.2 0 0 0 0 0 0 0 0 0 0 5.2 0 0 0 0 0 0 0 14.4 0.4 0.4 0 0 0 0.2 0.4 0 0 0 0 2.2 0 0 0 0 0 0 0 0 2 0 0 0 0 0 1.6 0 0 0 2 6.6000000000000005 0 0 0 
 0 0.4 0 0 15.600000000000001 0 0 0.4 0 0 0 0 0 0 0 0 0 0 0 0 16 52.2 87.2 12.200000000000001 15 42.2 12 50.800000000000004 0 14.8 62.6 44.800000000000004 29 41.6 31 91.60000000000001 72.2 74 110.80000000000001 31 0 0 0.2 0 0.8 0.8 0 0 0.6000000000000001 0 0 0.6000000000000001 0.4 0 0.6000000000000001 0.6000000000000001 0.6000000000000001 0 3.6 0 0 0.6000000000000001 0.6000000000000001 2.4000000000000004 0.2 0.6000000000000001 0.6000000000000001 7.800000000000001 5.2 0.6000000000000001 0.4 0.6000000000000001 0.2 0.4 0 0 0 0 0.6000000000000001 0 0 0 0 0 0 0 0 0 0 0.2 0 0 0 0 0 0 0 0 0 0 8.200000000000001 2.6 4.4 5.2 0 4 2.8000000000000003 7 5.4 2.4000000000000004 3.2 10 0 5.4 0.2 10.4 8.200000000000001 3.8000000000000003 2.8000000000000003 7.2 0 0 0 0 0 0.4 2.2 1.6 0 0 0 0 2.8000000000000003 0 0 0 0 0 2.2 3 0 0 0 0 0 0 0 0 0.4 0 0 0.2 0 0 0 0 0 0 0 0 0 0 0 0 0 0 0 0 0 0 0 2 0 4.6000000000000005 0 0 0.8 0 0 0 1.8 0 7.4 0 2.4000000000000004 2.2 0 0 3.6 0.4 5.4 5.2 0 2 0 0.2 6.4 4.800000000000001 0 0 0 0 0 0 0 0 3 10.8 0 0.2 0 0 2.6 4.6000000000000005 2.4000000000000004 0 0 0 0.4 0 0 0 0 0 0 0 0 0 0 0 2.8000000000000003 0 0 0 0 0 4 0 0 0 0 0 0 0 0 0 0 0 0 0 0 0 0 0 0 0 0.4 15.600000000000001 8.200000000000001 1.2000000000000002 2 0 0 0 0 0 4.2 0 0 0 0 0.4 0 0 0 0 0 0 0 0 0 3 0 0.4 0 1.8 2.2 0 0 0 
 0.2 0 0 0 2.4000000000000004 0 0 0.4 0 0 0 0 0 0.6000000000000001 0 0 0 0 0.2 0 15 64.2 42.2 110.60000000000001 14.200000000000001 27 39.6 55.400000000000006 14.8 0 29.400000000000002 24.6 46.6 57.400000000000006 33.800000000000004 80.2 42.400000000000006 16.400000000000002 59.6 24 0 0 0 0 0.6000000000000001 0.6000000000000001 0 0 0 0 0 0.6000000000000001 0.4 13 0.6000000000000001 0 1 0 0.2 12.4 0.2 0.4 0.6000000000000001 0 0 0 0.4 0 0 0.4 0 0.4 0 0 0 0 1.8 0.4 0.6000000000000001 2 0 0 0 2 0 0 0 0 1.4000000000000001 0 0 0 0 0 0 0 0 0 0 0 0 2.2 0.2 7.2 2.4000000000000004 1.2000000000000002 4.2 3.6 0 8.8 3.2 10 2.8000000000000003 1.2000000000000002 2.2 1.2000000000000002 7.800000000000001 2.6 0 1.2000000000000002 1.2000000000000002 0 0 5.6000000000000005 0 0.2 0 0 0 0 0 0 3.8000000000000003 0 2.2 0 0 0 7.4 0 0 1.6 0 0 0 0.2 0 0 0 0 0 0 0 0 0 0 0 0 0 0 0 0 0 0 0 0 0 0 0 0 0 0 0 0 0 0 0.4 0.2 0 0 0.2 6.6000000000000005 2.6 1.8 0 1.6 5.4 13.4 8 4.6000000000000005 7.6000000000000005 1.4000000000000001 5 0.6000000000000001 0 2.8000000000000003 1 8.8 0 3.4000000000000004 4.2 0 0 0 0 0 5.800000000000001 0 0 0.2 0 0 1.2000000000000002 3.6 0.8 0 0 0 1.8 2 0 0 0 0 0 0 0 3.4000000000000004 0 0 0 0 0 0 0 0 0 0 0.2 0 0 0 0 0 0 0 0 0 0 0 0 0 0 0 1.2000000000000002 0 0.4 15.200000000000001 14.8 0 0 0.4 0 0 0 0 0 0 0 0 0 0.4 0 0 0 0 0 0 0 0 0 0 0 0 0 3 0 0 0 0 
