 0 12.600000000000001 13 10 27.200000000000003 8.200000000000001 59.6 28.200000000000003 7.6000000000000005 37 24.200000000000003 51.400000000000006 20 5.800000000000001 27.6 9.600000000000001 52.400000000000006 8.6 24.6 51.6 0 0 0 0.8 0.8 0 0 0 0 0.4 0 0 0 0.6000000000000001 0 0.4 0 0.6000000000000001 0 0 0 0 12.200000000000001 0 0 0 0 0 0 0 0 0 0 0 0 0 0 0 0 0 0 0 0 0 0 0.2 0 0 0 0 0 1 0 0.2 0 0 0 0 0 0 1.8 4.800000000000001 2.8000000000000003 2.2 0 0 0 1.6 2.8000000000000003 2 0 2.6 3.4000000000000004 2 0.2 3 0.2 6 0.2 0 0 0 0.2 0 0 0 0 0 0 0 0 0 0 0 0 0.2 0 0 0 0 0 0 0 0 0 0 0 0 0 0 0 0 0 0 0 0 0 0 0 0 0 0.4 0 0 1.4000000000000001 0 0 0.6000000000000001 0 0 0 1.4000000000000001 0 0 0.6000000000000001 0 0 0 0 0.2 5.6000000000000005 3.6 0.2 5.6000000000000005 3.2 5.2 0 6 0 6.2 5.800000000000001 3 0 2.6 3.8000000000000003 3.4000000000000004 3.4000000000000004 0 1.6 6.6000000000000005 0 0 0 0 0 0 0 0 0 0 0 0 0 0.2 0 0 0 0 3.4000000000000004 0 0 0 0 0 0 0 0 0 0 0 0 0 0 0 0 0 0 0 0 0 0 0 0 0 0 0 0 0 0 0 0 0 0 0 0 0 0 0 0 0 0 0 0 0 0 0 9.200000000000001 0 0 0.2 0.4 0 3 0 0 0 0 0 0 0 0 0 0 0 0 0 0 0 0 0 0 0 0 0 0 0 3 1.4000000000000001 0 0 0 0 0 0 0 0 0 0 0 0 
 12.600000000000001 0 65.2 136 29 27.400000000000002 15.4 23.6 36 5.4 43.6 68 29 11.600000000000001 12.600000000000001 114.80000000000001 66.4 8.200000000000001 6.6000000000000005 9.4 0 40.800000000000004 0.2 0 0 0 0.6000000000000001 0.6000000000000001 0 0 24 0 14.4 4.6000000000000005 0 0.2 0.6000000000000001 0 15.4 29.200000000000003 0.6000000000000001 11.200000000000001 0.8 0.4 0.2 0.4 0 0 1.6 0.6000000000000001 0 0.6000000000000001 0 0 0.4 0 0 0 0 0 0.4 0 0.4 0.6000000000000001 0.4 0 0 0 0 0.6000000000000001 0.4 0.4 0 0.6000000000000001 0 0.6000000000000001 0 0.4 0 0 0 2.8000000000000003 5.6000000000000005 1.2000000000000002 0 5.800000000000001 0 3.6 2.8000000000000003 0 4.2 3 0 0 0 0 8.200000000000001 0.2 0 0 4.2 0 0.2 0 0 0 4.2 1.6 0 0 0 0.2 3.4000000000000004 0 2 0.2 0 0 3.2 2.8000000000000003 0 0 0 0 0 0 0 1.4000000000000001 0 0 0 0 0 0 0 0 0 0 0 0 0 0 0 0 0 0 0 0 0 0 0.8 0 0 0 0 0.2 0 0 0 0 0.2 0 3 2 0 0 0 0 4.4 2 0 5.6000000000000005 0 0 0 0.4 3.6 0 0 0 0 0.2 10 0 0 0 1.8 3.6 0 0 0 0 2.2 2.8000000000000003 0 0 0 0 14 0 0 0 0 0 0 0 0 6.6000000000000005 0 0 0 0 0 0 0 0 3.8000000000000003 0 0 0 0 0 0 0 0 0 0 0 0 0 0 0 0 1.6 0 0 0 0 0 0 0 1.6 0 0 0 0.2 26.8 0 17.8 10.4 1.6 3 0.2 0 0 0 0 0 0 0 0 0 0 0 0 0 0 0 0 0 0 0 0 0 2.2 0 0 0 0 0 0 0 0 0 0 0 0 0 0 0 
 13 65.2 0 85.60000000000001 29.400000000000002 25.400000000000002 57.2 46.2 30.8 83.4 28.6 96 56.400000000000006 11.4 32.2 33.4 26.400000000000002 64.60000000000001 26.200000000000003 12 0 0 0.4 0 0 0 0.8 0.6000000000000001 0.4 0 0 0 0 0.8 1.2000000000000002 0 0.8 24 9.200000000000001 6.6000000000000005 13.600000000000001 0 5.2 0.8 7 1.2000000000000002 0 0 0.4 1.4000000000000001 0 0.6000000000000001 0.2 0 0 0 8 0 0 0 0.4 0 0 0.4 0 0 0 0 0 0 0.4 1.4000000000000001 0 0 0 0 0 0.6000000000000001 0 0 2.4000000000000004 3.2 7.4 4.800000000000001 0 3 6.2 2.8000000000000003 2.6 3.2 10.8 4.6000000000000005 0 0 1.6 0 6.2 13.4 1.2000000000000002 3.8000000000000003 0 0 0 0 0 0 0.2 2.8000000000000003 0 0 0 0 3 0 0 0 0 0 3.2 2.2 0 0 0 0 0 0 2.2 1 0 0 0 0 0 0 0 0 0 0 0 0 0 0 0 0 0 0 0 0 0 0 1.8 0 0 0 0 0 0 0 0 0 5.4 2.4000000000000004 5.2 9.200000000000001 1.4000000000000001 0 0 0 0 0 7.4 4.6000000000000005 0 0 3.6 1.2000000000000002 3.8000000000000003 0 0 0 0 0 0 0 0 0 0 0 0 0 0 0 0 1.4000000000000001 0 0 0 0 2.6 0 0 0 0 0 0 0 0 0 0 0 0 0 0 0 0 0 0 0 0 0 0 0 0 2 0 0 0 0 0 0 0 0 0 0 0 0 0 0 0 0 0 1.8 0 0 0 0.4 0.4 0 1.2000000000000002 21 0.2 1.6 4.2 0 0 0 0 0 0 0 0 0 0 0 0 0 0 0 0 0 0 0 0 0 0 0 0 0 0 0 0 0 0 0 0 0 0 0 0 0 
 10 136 85.60000000000001 0 102.60000000000001 10.8 22 30.400000000000002 17.2 32.2 12.4 124.60000000000001 14 13.4 13.4 28 24.200000000000003 56.800000000000004 13.600000000000001 9.8 15.8 0.2 0.6000000000000001 0 8.200000000000001 0.4 15.600000000000001 17.2 0 0 22.6 0 0 15.4 0 0 0.6000000000000001 0 6 15.8 0.6000000000000001 0.4 0.6000000000000001 12.600000000000001 0 0.4 0 0 0.6000000000000001 0 0 0.6000000000000001 0 7 0 0 0 0 0 0 0.4 0 0 0.6000000000000001 0 0 0 0 0 0 9 0.2 0 0 4 0.4 0 0.4 0 0.2 0 2.6 10.600000000000001 7.2 0.4 10.4 3.6 0 2.4000000000000004 0 5.2 2.2 0 0 0 0 3.4000000000000004 11.600000000000001 0 0.4 2.8000000000000003 2.2 0 0 0 0 0 0 0.6000000000000001 0 0 0 5.800000000000001 3.6 6.800000000000001 0 0.2 0 1.2000000000000002 0 0 0 0 0 0 0 0 0.8 0 0.6000000000000001 2.8000000000000003 0 0 0 0 0 0 0 0 0 0 0 0 0 0.2 0.4 4 0 0 0 5.6000000000000005 0 0 2.8000000000000003 0 0 0 0 0 0 0 2.8000000000000003 4.2 6.2 8 0 0 0.4 2.2 0 5.2 2 0 0 0 3.4000000000000004 4.4 3.6 0 0 0 0 0 0 0 0 1.8 0 0.2 0 0 0 0 1.6 0 0 0 0 5.2 0 0 0 0 0 0 0 0 0 0 0 0 0 0 0 0 0 0 0 0 0 0.4 0 0 0 0.2 0 0 0 0 0 0 0 0 0.4 0.4 0 0 0 0 0 0 2.4000000000000004 0 0 0 0.6000000000000001 1.6 0 18 0 0 3.2 0 0 0 0 0 0 0 0 0 0 0 0 0 0 0 0 0 0 0 0 0 0 0 0 0 0 0 0 0 0 0 0 0 0 0 0 0 0 
 27.200000000000003 29 29.400000000000002 102.60000000000001 0 44.2 9.4 13.600000000000001 28.400000000000002 21.400000000000002 62.2 8.4 18.8 16.2 61.800000000000004 17.8 13.600000000000001 7.2 16.2 16.400000000000002 14.8 0 0.4 0 0 0 15.8 0.6000000000000001 0 0 1.2000000000000002 0 14.600000000000001 0.2 4.4 44.800000000000004 0.6000000000000001 0 45.6 0.6000000000000001 0.8 0 0 0 0 0.6000000000000001 0 0 0.8 0.4 0 0.4 0.4 0 0 0 0.2 0 0 0 0.4 0 0 0.4 0 0 0 0 0 0 0.4 0.6000000000000001 0 0 0 0 0 0.6000000000000001 0 0.2 0 0 2 0 5.2 0.4 0 0 0 0 0 6.6000000000000005 0 0 0 0 7.6000000000000005 2.8000000000000003 0 0 6.6000000000000005 2.8000000000000003 2 0 0 0.8 0.2 0.8 0 0 0 3.8000000000000003 0 9.200000000000001 1.8 6.800000000000001 0.2 7 4.6000000000000005 2.2 0 0 0 0 0 0 0 3.2 0 0 0 0 0 0 0 0 0 0 0 0 2.6 0.4 0 0 0 0 0 0 0 0 0.2 0 0 2.2 0 0 0 0 0 0 0 0 3.2 2 6.2 4.2 0 0.4 0.2 14.4 8 4 0 0 0 2.6 1.8 3.6 0 0 0 12 0.2 0 0 0 4.800000000000001 4.800000000000001 2.6 0 3 4 1.8 4 1.8 1.6 0 2.2 8.200000000000001 3.8000000000000003 0 0 0 0 0 0 0 0 0 0 0 0 0 0 0.6000000000000001 0 0 0 0 0 0 0 0 0 0 0 0 0 0 0 0 0 0 0 0 0 0 0 0 0 0 0 0 0 0 0.8 17.6 0 0.2 0.6000000000000001 0 2.8000000000000003 0 0 0 0 0 0 0.2 0 0 0 0 0 0 0 0 0 0 0 0 0 0 0 0 3.8000000000000003 0 1.2000000000000002 0 0 0 0 0 0 0 0 2.2 0 0 0 
 8.200000000000001 27.400000000000002 25.400000000000002 10.8 44.2 0 6.4 51.400000000000006 29 12 78.2 17 48.6 8.8 12.4 18.6 28.400000000000002 10.8 12 29.200000000000003 30.200000000000003 4 0.4 14.600000000000001 0.4 0 48.6 30.200000000000003 0 6 14.8 0.6000000000000001 16 17 0.2 22 0.6000000000000001 0 54.6 42.400000000000006 2.4000000000000004 0 0.4 0 0 0 0 0 0.8 0.4 0 0.4 1 0.4 0 0.4 0 0 0 0 0.6000000000000001 0 0 0.4 0 0 0 0 0 0 0.4 0.6000000000000001 0 0 0.4 0.4 0 0.6000000000000001 0 0 0 0 0 0 2.8000000000000003 3.2 0 0 0 0 0 3.6 0 0.2 0 0 2 0.2 0 0 5.2 2.4000000000000004 0 0 0 0 8.200000000000001 3.6 2.6 2.8000000000000003 0 0 0.2 7.6000000000000005 9 8.200000000000001 3.2 7.6000000000000005 5.800000000000001 2.6 0 0 0 0 0 0 0 0 0 0 0 0 0 0 0 0 0 0 0 0 0 0.2 0 0 0 1.8 0 0 0 0 0 0 0 0 0 0 0 0 0 0 0 0 0.2 1.2000000000000002 8.8 3.2 0 0 0.6000000000000001 0 0 5.2 0 0 0 0 0 3.8000000000000003 0.4 0 7.2 1 1.8 0 0 0 6.2 2 5.4 0 3 3.4000000000000004 0 5.2 2 0 3 0 2.8000000000000003 0 0 0 0 0 0 0 0 2.8000000000000003 0 0 0 0 0 0 2.6 0 0 2.6 0 0 0 0 0 0 0 0 0 0 0 0 0 0 0 0 0 0 0 1 0 0 0 0 0 0 0 0 0 0.2 0.2 0.2 2.8000000000000003 0.6000000000000001 0 0 0 0 0 0 0 0 0 0 12.8 0 0 12.200000000000001 0 0 0 0 0 0 0 0 0 3.4000000000000004 0 0 0 0 0 0 0 0 0 0 1.6 0 0 0 
 59.6 15.4 57.2 22 9.4 6.4 0 34.2 51.6 12.8 5.6000000000000005 6.4 20.400000000000002 26.6 48.400000000000006 33.2 30.200000000000003 5 44.800000000000004 71.8 0.6000000000000001 0 0.4 0 0 0 0 0.8 0 0 0.2 0 0 0 0 0 0.6000000000000001 0 0.6000000000000001 0 0.6000000000000001 0 0 0 0 0 0 0 0.8 0.2 0 0.6000000000000001 0.2 0 0 0 0 0 0 0 0.4 0 0 0.6000000000000001 0 0 0 0 0 0 0.4 0.4 0 0 0 0 0 0.6000000000000001 0 0.4 5.800000000000001 0.2 4 0 4.6000000000000005 3.2 14.200000000000001 2.8000000000000003 2.8000000000000003 4.4 0 0.4 7 0 12.200000000000001 6.800000000000001 0 5.2 1.8 4.2 0 0.2 0 0 0 0.2 0 0 0 0 0 0 0 0 1 0 0 0 0 0 0 0 0 0 0 0 0 0 0 0.4 0 0 0 0 0 0 0.4 0 0 0 0 0 0 0 0 0 0 1 0 0 0 0 0 0 0 1 0 0 0 0.2 0 4.800000000000001 1.8 0 5.2 3.2 7.2 1.8 3.6 5 0 0.4 8.4 0.4 2.2 2.2 1.2000000000000002 3.2 0.6000000000000001 9 0 0 0 0 0 0 0 0.2 0.2 0 0 0 0 0 0 0 0 0 0.2 0 0 0.4 0 0 0 0 0 0 0 0 0 0 0 0 0 0 0 0.4 0 0 0 0 0 0 0 0 0 0 0 0 0 0 0 0 0 0.4 0 0 0 0 0 0 0 0 0 0.4 0.2 0 0.4 0 0.4 2 0 0 0 0 0 0 0 0 0 0 2.6 0 0 0 0 0 0 0 0 0 0 0.4 0 0 3.4000000000000004 0 0 0 0 0 0 0 0 0 0 0 0 0 
 28.200000000000003 23.6 46.2 30.400000000000002 13.600000000000001 51.400000000000006 34.2 0 38 37 52.2 19 102 38.800000000000004 40.400000000000006 33.4 26 32.2 29.6 13.600000000000001 0.6000000000000001 0.4 0.6000000000000001 0 0.4 0 0 1.2000000000000002 0.8 0 0.6000000000000001 0.4 0.4 0 0 0 1.2000000000000002 0 0.6000000000000001 0 1 0 0.2 0 0.6000000000000001 0 0.6000000000000001 0 0.6000000000000001 13.4 0 0.2 0.6000000000000001 0.4 0.2 0 0.4 0 0.4 0.6000000000000001 0.4 0 0 0.4 0 0 0 0.6000000000000001 0 0.2 1.4000000000000001 1.8 0 0.6000000000000001 0 0 10.600000000000001 0.6000000000000001 0 0 3.8000000000000003 5.6000000000000005 0 4.6000000000000005 3.4000000000000004 0 4.6000000000000005 0 10.200000000000001 6.2 9.8 5.4 0 7.800000000000001 6 2.8000000000000003 0 10.200000000000001 1.6 6.800000000000001 0.2 0 0 0 0 0 0 0 0 0 0 0 0 0 0 0 0 0 0 0 0 0 0 0 0 0 0 0 0 0 0 0 0 0 0 0 0 0 1.4000000000000001 0 0 0 0 0 0.2 0 0 0 0 0 0 0.4 0 0 0 0 0 0 0 0 13.8 5 3.4000000000000004 1.2000000000000002 7.2 2 4.2 1.6 7.4 0 5.2 0 0 4.6000000000000005 12.600000000000001 3.4000000000000004 1.2000000000000002 1.4000000000000001 1.4000000000000001 0 0 0 0 0 0 0 0 0 0 0 0 0 0 0 0 0 0 0 1.8 0 0 0 0 0 0 0 0 0 0 0 0 0 0 0 0 0.2 0 0 0 0 0 0 0 0 0 0 0 0 0 0 0 0 0 0 0 0 0 0 0 0 0 0 0 0 0 0.4 0.4 0 0.2 17.8 0 1 5.4 0 0 0 0 0 0 0 0 0 6 0 0 0 0 0 0 0 0 0 0 3.8000000000000003 0 3.8000000000000003 0 0 0 0 0 0 0 0 0 0 0 0 0 0 
 7.6000000000000005 36 30.8 17.2 28.400000000000002 29 51.6 38 0 49.2 27.8 38.6 64.2 19 22 53.800000000000004 6.6000000000000005 20.400000000000002 20.6 74.60000000000001 0 0 0.4 15.8 0 0 0 0.4 0 0 0.2 0 0 0 0.4 0 0.8 0 0.6000000000000001 14.8 0.6000000000000001 0 0.6000000000000001 0 0 0 0 0 0.6000000000000001 0.8 0 0.4 0.4 0 0 0 0 0 0 0.4 0.4 0 0 0.4 0 0 0 0 0 0 0.4 0.6000000000000001 0 0 0 0 0 0.6000000000000001 0 0 0 1.8 2.2 0 1.6 1.6 0 4.800000000000001 3.2 5.2 0 0 0 6.4 4.800000000000001 0 1.8 0 1.8 1.4000000000000001 3.2 0 0 0 0 0 4.800000000000001 0 0 0 0 0 0 0.2 3 4.4 0 0 0 0 0 0 0 0 1.8 0 0 0 0 0 0 0.8 0 0 0 0 0 0 0 0 0 0 0 0 0.2 0 0 0.6000000000000001 0 0 0 0.2 0 0 0 0 0 0 0 0 0 7 5.2 4.4 0 0 3.2 0 8.8 0 3.8000000000000003 0 3.4000000000000004 0 4.6000000000000005 2.8000000000000003 5 0 0 2.2 0 0 2.4000000000000004 0 0 0 2.2 0 0 0 0 0 0 0 0 0 0 0 2.6 0 0 0 0 0 0 0 0 1.8 0 0 0 0 0 0 0 0 0 0 0 0 0 0 0 0 0 0 0 0 0 0 0 0 0 0 0 0 2.8000000000000003 0 0.2 0 0 0 0 0 0 0 0 0 18 0 2.6 1.2000000000000002 0 0 0 0 0 0 0 0 0.6000000000000001 0 3 0 0 0 0 0 0 0 0 0 0 0 0 0 0 0 0 0 0 0 0 0 0 0 0 0 0 0 
 37 5.4 83.4 32.2 21.400000000000002 12 12.8 37 49.2 0 60 63.2 82.2 33 56.400000000000006 97.4 14 8.200000000000001 54.2 37.6 0 0 0.4 0 0 0 0 0.4 0 0 0 0.4 0 0 0 0 0.6000000000000001 0 0.8 0 0.6000000000000001 0 0 0 0 0 0 0 0.8 0.2 0 0.6000000000000001 0.2 0 0 0 0 0 0 0 0.4 0 0 0.6000000000000001 0 0 0 0 10.200000000000001 0 0.4 1.2000000000000002 0 0 0 8 0 0.6000000000000001 0 0.2 0 0 4.2 0 3.6 0.4 0 2.8000000000000003 0.2 4.6000000000000005 1.6 2.8000000000000003 4.800000000000001 1.8 2.6 0.2 3.4000000000000004 12.600000000000001 0 8 0 0 0 0 0 0 0 0 0 0.2 0 0 0 0 0 0 0 0.2 1.4000000000000001 0 0 0 0 0 0 0 0 2.2 0 0 0 0 0 0 0 0 0 0 0 0 0 0 0 0 0 0 0 0 0 0 0.6000000000000001 0 0 0 0 0 0 0 0 0 3 4.2 4.800000000000001 4.800000000000001 1.4000000000000001 3.2 0.6000000000000001 1.8 0.2 9 12.600000000000001 3.2 0 0.2 0.2 2.8000000000000003 4.800000000000001 0 5.2 4.2 0 0 0.4 0 0 0 0 0 0 0 0 0 0 0 0 0 0 0 6.4 0 0 0 0.2 0 0 0 0 0 0 0 0 0 0.2 0 0.4 0 0 0 0 0 0 0 0 0 0 0 0 0 0 0 0.2 0.4 0 0 0 0 0 0.2 0 0 0 0 0 0 0 0.4 17.2 0 0.4 17.400000000000002 0.2 1.4000000000000001 3.6 0 0 0 0 0 0 0 0 0 0 0 0 0 0 0 0 0 0 0 0 0 5.800000000000001 0 4 1.6 0 0 0 0 0 0 0 0 0 0 0 0 
 24.200000000000003 43.6 28.6 12.4 62.2 78.2 5.6000000000000005 52.2 27.8 60 0 66 4 11.200000000000001 18.6 31 58.2 43.6 6.2 79.4 23.400000000000002 0.2 0.4 0 0 0.2 14.8 0.4 0 0 0.2 0 14.8 0 0 0 0.6000000000000001 0 7.6000000000000005 7 1 0 0.2 0 0 0 0 0 0.4 0.2 0 0.6000000000000001 0.2 0 0 0 0 0 0 0 0.4 0 0 0.6000000000000001 0 0.2 0 0 0 0 0.4 1.2000000000000002 0 0 0 0 0 0.6000000000000001 0 0 2.4000000000000004 5.2 1.2000000000000002 4.6000000000000005 0 0 0 5.800000000000001 2.6 9.4 8.200000000000001 3 0 2 2.4000000000000004 3.2 4.4 6.4 2.8000000000000003 0 0 0 0.4 0 0 0 2.2 2.8000000000000003 0 0 0 0 2.8000000000000003 2.8000000000000003 2.4000000000000004 2.8000000000000003 0.4 0 2.2 2.4000000000000004 0 0 0 0 0 0 0 0 0 0 0 0 0 0 0 0 0 0 0 0 0 0.2 0 0 0.6000000000000001 0 0 0 0 0 0 1.8 0 0 0 0 3.2 0 0 0 5 7 3.6 3.6 4 3.4000000000000004 0 2 2.6 0 2 2.4000000000000004 0 2.8000000000000003 4.4 0 1.2000000000000002 5.2 3.4000000000000004 0 0 0 2.4000000000000004 0 0 0 0.2 2 0 0 0 0 0 1.4000000000000001 0 0 0 0 1.8 0 0 0 0 0 0 0 0 3.6 0 0 0 0 0 0 0 0 0 0 0 0 0.2 0 0 0 0 0 0 0 0 0 0 0 0 0 0.2 0 0 0 0 0 0 1.8 0 0 0 1.2000000000000002 1.4000000000000001 0 0.2 0.4 6.800000000000001 2.6 2.8000000000000003 0 0 0 0 0 0 0 0 0 0 0 0 0 0 0 0 0 0 0 0 0 0 13.600000000000001 0 1.2000000000000002 0 0 0 0 0 0 0 0 0 0 0 0 
 51.400000000000006 68 96 124.60000000000001 8.4 17 6.4 19 38.6 63.2 66 0 26.400000000000002 37.2 27 24.400000000000002 51.400000000000006 40.800000000000004 8.6 17.8 0 0 0.4 0 0 0.6000000000000001 0 0.8 0 0 23.200000000000003 0 0 0 0 0.4 0.6000000000000001 0 15.600000000000001 0 1.4000000000000001 0 0.8 0.6000000000000001 0 0 0 0 0.8 2 0 1 0.2 0 0.6000000000000001 0 0 0 0.4 0 0.4 0 7 0.4 0 0 0 0 0 0 0.4 2.6 0 0 0.4 0 0 0.6000000000000001 0 0 0 2.8000000000000003 4.6000000000000005 1.2000000000000002 0 5.800000000000001 0 3.6 0.2 3.8000000000000003 9.8 3 0 0 0.6000000000000001 0 5.6000000000000005 6.2 2.4000000000000004 3 0 0 0 0 0 0 0 0 0 0 0 0 4.6000000000000005 0 0 0 0 0 4.6000000000000005 2.8000000000000003 0 0 0 0 0 0 0 1.4000000000000001 0 0 0 0 0 0 0 0 0 0 0 0 0 0 0 0 0.4 0 0.2 0 0.4 0 0.8 0 0 0 0 0 0 0 0 0 5 4 7.4 4.4 0 0 0 0 5.4 4 1.6 7 0.4 0.6000000000000001 0 0.4 3.4000000000000004 0 0 0 0 0 0 0 0 0 0.2 0 0 0 0 0 0 5.4 0 0 1.8 0 4.800000000000001 0 0 0 0 0 0 0 0 3 0 0.2 0 0 0 0 0 0 0 0 0 0 0 0 0.4 2.4000000000000004 0 0 0 0 0.4 0 0 0 0 0 0 0 0 0 0 0 0 0.6000000000000001 0 0 0 0.6000000000000001 17.400000000000002 0.4 9 17.6 3.4000000000000004 1 4.2 0 0 0 0 0 0 0 0 0 0 0 0 0 0 0 0 0.4 0 0 0 0 0 0 0.2 0 0 0 0 0 0 0 0 0 0 0 0 0 
 20 29 56.400000000000006 14 18.8 48.6 20.400000000000002 102 64.2 82.2 4 26.400000000000002 0 20.6 6.6000000000000005 20.6 14.4 4.4 46 27.400000000000002 0.2 0.4 0.4 0.4 0.4 0 0 0.8 0 0 0 0.4 0 0.2 0 0 0.6000000000000001 0 0.6000000000000001 0 0.6000000000000001 0 0 12.600000000000001 0 0.4 0 0 0.4 0.2 0 0.6000000000000001 0.2 0 0 0 0 0 0 0 0.4 0 0 0.6000000000000001 0 0 0 0 0 0 0.4 0.4 0 0 0 0 0 0.6000000000000001 0 0.4 7.6000000000000005 2.2 0 3.4000000000000004 0 0 8.4 3.8000000000000003 2.4000000000000004 3.8000000000000003 10.8 2.4000000000000004 2.8000000000000003 3.6 7.800000000000001 0 2.8000000000000003 2.8000000000000003 0 6 0 0 0 0 0 0 0 0 0 0 0 0 0 0 0 0 0 0 0 0 0 0 0 0 0.4 0 0 0 0 2.8000000000000003 0 0 0 0 0 0 0 0 0 0.4 0 0 0 0 0 0.2 0 0 0 0 0 0 0 0 0 0 0 0 0 0 2.6 1.8 2.2 0 2.4000000000000004 12.600000000000001 1.8 3.4000000000000004 0 0 1.2000000000000002 0.6000000000000001 0 2.8000000000000003 2 3 0 0 0.2 2 0 0 0 0.2 0.4 0 0 0 0 0 0 0 0 0 0 0 0 0 0 0 0 0 0 0 0 0 0 0 0 0 0 0 0 0 0 0.2 0 0 0 0 0 0 0 0 0 0 0 0 1.8 0 0 0 0 0 0 0 0 0 0 0 0 0 0 0 0 0 0.2 0 0.2 10 0.4 0.4 0 0 0 0 0 0 0 0 0 0 0 0 0 0 0 0 0 0 0 0 0 0 0 0 3 0 0 0 0 0 0 0 0 0 0 0 0 0 
 5.800000000000001 11.600000000000001 11.4 13.4 16.2 8.8 26.6 38.800000000000004 19 33 11.200000000000001 37.2 20.6 0 18.400000000000002 11.8 5.6000000000000005 7.800000000000001 17.400000000000002 32.800000000000004 0.2 0.8 0.8 0.2 0.6000000000000001 0.2 0.8 1.2000000000000002 0.4 0.4 0.4 0.4 0 0.4 15.200000000000001 0 1.4000000000000001 0 1.6 0.4 0.6000000000000001 0 0.4 0 0 0 0 0 0.6000000000000001 0.2 0 0.6000000000000001 0.2 0.6000000000000001 0 0 0 0 0 0 0.4 0 0.2 0.8 12.4 0 0 0 0.2 0.4 0.4 0.6000000000000001 0.4 0 0.2 0 0 1.4000000000000001 0 0 4 2.2 3.4000000000000004 0 0 0 11.8 6.2 3.6 0.2 3.8000000000000003 0 1.6 2.4000000000000004 4.6000000000000005 5.6000000000000005 0 2.4000000000000004 5.4 1.2000000000000002 0 0 0 0 0 0.2 0 0 0 0 0 0 0 0 0 0 0 0.2 0 0 0 0 0 0 0 0 0 0 0 0 0 0 0 0 0.2 0 0 0 0 0 0 0 0 2 0.2 0 0 0.8 0 0 0 0.2 0 0 0 0 0 0 0.2 0.4 0 1.8 0 0 0 0 3.8000000000000003 0 3.6 0 0 0 13.200000000000001 0 2 0 0 0 1 5 0 0 0 0 0 0 0 0 0 0 0 0 0 1.8 0 0 1.8 0 1.8 0 0 0 0.2 0 0 0 0 0 0 0 0 0 0.4 0 0 0 0 0 0 0.4 0 0 0 1.4000000000000001 0 0 0 0 0 0 0 0 0 0 0 0.2 0 0 0 0 0 0 0 0 0 0 0.6000000000000001 0.2 0.4 0.4 0 2.4000000000000004 0 0 0 0 0 0 0.4 0 0 0 0.2 0 0 0 0 0 0 0 0 0 0 0 0 1.6 0 0 0 0 0 0 0 0 0 0 0 0 0 0 
 27.6 12.600000000000001 32.2 13.4 61.800000000000004 12.4 48.400000000000006 40.400000000000006 22 56.400000000000006 18.6 27 6.6000000000000005 18.400000000000002 0 21.6 6.2 16.6 104.2 67.60000000000001 0 0 0.6000000000000001 0 0.4 0 0.2 0.4 0 0 0 0 0 0 0 0.4 1 0 0.6000000000000001 0 1.6 0 0 0 0 0 0 0 0.6000000000000001 0.4 0 0.4 0.4 0 0.2 0 0 0 0 0 0.4 0 3.8000000000000003 0.4 0 0.4 0 0 0 0 0.4 1.8 0.4 0 0 0 0 0.6000000000000001 0 0 4 11 0.2 13 1.8 0 0.4 2.4000000000000004 6 4.6000000000000005 0 6.800000000000001 0 8 6.2 3.6 0 2.2 6.6000000000000005 2 0 0 0 0 0 0 0 0 0 0 0 0 2.8000000000000003 0 0 0 0 0 0 0 0.4 0 0 0 0 0 0 0 0 0 0 0 0.4 0 0 0 0 0 0 0 0 0 0 0 0.4 0 0 5.2 0 0 0 0.2 0 0 0 0 0 0 0 0 3 8 6 10 0 0 3.2 0 6 0 2.2 0 8 13.8 7.6000000000000005 3 3.2 0.2 1.6 2.2 0 0 0 0 0 0.2 0.2 0 0 1.8 0 0 0.2 0 0 0 0 0 0 0 0 0 0 0 0 0 0 0 0 0 0 0 0 0 2.8000000000000003 0 0 0 0 0 0 0 0 0 0 0 0 0 0 0 0 0 0 0 0 0 0 0 0 0 0 0 0 0 0 0 0.2 0 0.4 0.2 0.4 1.6 2 0 0 0 0 0 0 0 0 0 3.2 0 0 0 0 0 0 0 0 0 0 0 0 0.2 2 0 0 0 0 0 0 0 0 0 0 0 0 0 
 9.600000000000001 114.80000000000001 33.4 28 17.8 18.6 33.2 33.4 53.800000000000004 97.4 31 24.400000000000002 20.6 11.8 21.6 0 23 9.200000000000001 24.8 14.200000000000001 0 0 0.4 0 0 0 0 1.6 0.4 0 0 0 12 0 0 0.6000000000000001 15.4 0.2 0.6000000000000001 12.600000000000001 0.8 0 0 0 0 0 0 0 0.4 0.2 0 0.6000000000000001 0.2 0 0 0 0 0 0 0 0.4 0 0 0.6000000000000001 0 0 0 0 0 0 0.4 0.4 0 0 0 1.2000000000000002 0 0.6000000000000001 0 0 1.8 8.200000000000001 0 0 0 4.4 0 0.2 7.6000000000000005 12.8 5.2 1.8 2.8000000000000003 1.8 7 3.6 5.4 2.4000000000000004 1.4000000000000001 3.6 0 0 4.6000000000000005 0.2 0.4 0 4.4 0 0 0 0 0 2 0 0 0 0 0 0 0 0.4 0 0 0 0 0 0 0 0.2 0 0 0 0.4 0 0 0 0 0 0 0 0 1.4000000000000001 0 0 0.4 0 0 0 0 0 0.2 0.4 0 0 0 0 0 0 0 0 2 6 0 0 6 4.6000000000000005 3 3 13 5.6000000000000005 2.6 2.8000000000000003 0.4 0 5.2 3.2 2.8000000000000003 3.4000000000000004 2 2 0 4 0 0 0 0.2 0.2 0 0.2 0 0 0 2.8000000000000003 0 0 0 0 0 4 0 0 0 0 0 0 0 0 0 0 0 0 0 0 1.4000000000000001 0 0 0 0 0 0 0 0 0 0 0 0 0 0 0 0 0 0 0 0 0 0 0 0 0 0 0 0 0 0 0.2 0 17.400000000000002 0 0.2 19.6 0 2 0 0 0 0 0 0 0 0 0 0 5 0 0 0 0 0 0 0 0 0 0 0 0 2.2 2.4000000000000004 0 0 0 0 0 0 0 0 0 0 0 0 0 
 52.400000000000006 66.4 26.400000000000002 24.200000000000003 13.600000000000001 28.400000000000002 30.200000000000003 26 6.6000000000000005 14 58.2 51.400000000000006 14.4 5.6000000000000005 6.2 23 0 24 47.400000000000006 7.4 0.4 0.4 0.6000000000000001 0.4 0.4 0.4 0.6000000000000001 0.8 0 0.4 0.4 0.2 14.600000000000001 0.6000000000000001 0.2 0.4 1 0.4 0.4 0.6000000000000001 1 0.4 0.4 0.4 0 0.4 0.4 0 0.8 0 0.4 0.6000000000000001 0.4 0.4 0.4 0 0.6000000000000001 0.4 0 0 0.4 0 0.4 1 0.4 0 0 0 0 0.4 0.6000000000000001 0 0 0.2 0 0 0.2 0.2 0 0.2 0 3.2 3.8000000000000003 4.800000000000001 0 7.4 5.800000000000001 0 2 2.6 4.800000000000001 2.4000000000000004 0 0 0 0 0 9.8 0 0 0 0 0.2 0 0 0 0 0.2 0 0 0 0 0.2 0.2 0 0.2 0 0 0 2.2 0 0 3.8000000000000003 0 0 0 0 0 0 0 0 0 0.8 0 0 0 0 0 0 0 2.6 0.4 0 0 0.4 0.4 0 0 0.2 0 0.8 0 0 0 0 0 0 0 0 0 0 3.8000000000000003 4.4 2.2 7 0 4.800000000000001 4.2 6.800000000000001 0 1.4000000000000001 0 0 0 8 5.6000000000000005 1.8 4.2 0 0 0 0 0 0 0 0 0 0 0 0 0 0 0 1.6 0 0 0 0 5 2.6 0 0 0 1.4000000000000001 0 0 0 0.2 0 0 0 0 0 0 0 0 0 0 0 0 0 0 0 0 0.4 0.2 0 0 0 0 0.2 0 0 0 0.2 0 0 0 0 0 0.4 0 0 0 0 0 17.2 0 17 0.2 0 0.8 0 0 0 0 0 0 0.4 0 0 0 4 0 0 0 0 0 0 0 0 0 0 0 0 0 0 0 0 0 0 0 0 0 0 0 0 0 0 0 
 8.6 8.200000000000001 64.60000000000001 56.800000000000004 7.2 10.8 5 32.2 20.400000000000002 8.200000000000001 43.6 40.800000000000004 4.4 7.800000000000001 16.6 9.200000000000001 24 0 8 5.800000000000001 0 0 0.4 0 0 0 0 0.4 0 0 0.4 0 0.6000000000000001 0 0.2 0.2 0.6000000000000001 0.6000000000000001 15.8 0 0.6000000000000001 0 1.4000000000000001 0 0 0 0 0 0.4 1.4000000000000001 0 0.6000000000000001 0.2 0.6000000000000001 0 0.2 0 0 0.6000000000000001 0 0.4 0 0.2 2.4000000000000004 0 0.2 0 0 0 0.2 0.4 1 0 10.600000000000001 0 0 0 0.6000000000000001 0 0 6.6000000000000005 8.6 5.6000000000000005 5.800000000000001 0 2.8000000000000003 6.2 1.8 13 9 7.800000000000001 0 0 2.2 2.8000000000000003 2.8000000000000003 3.6 3.8000000000000003 6.2 0 0 0.2 0 0 0 0 0 0.6000000000000001 0 0 0 0 3.4000000000000004 0 0 0.4 0 0 2 2.8000000000000003 0 0 0 0 0 0 0 0 0 0 0 0 0 0 0 0 0 0 0 0 0 0.4 0 0 0.2 0 0 0 0 0 0 0.6000000000000001 0 0 0 0 0 0 0 0 2.4000000000000004 1.6 10.600000000000001 2 6 6.6000000000000005 0 1.6 5 0 3 3 0 0 2.4000000000000004 2.6 2 1.8 1.8 0 0 0 0 0 0 0 0 0 0 0 0 0 0 0 0 0 0 0 6.2 0 0 0 0 0 0 0 0 0 0 0 0 0 0 0 0 0 0 0 0 0 0 0 0 0 0 0 0 0 0 0 0 0 0 1.8 0 0 0 0 0 0 0 1.6 0 0 0 0 19 0 17 1.4000000000000001 0 2.6 0 0 0 0 0 0 0 0 0 0 0 0.2 0 0 0 0 0 0 0 0 0 0 0 3.6 1.6 0 0 0 0 0 0 0 0 0 0 0 0 0 
 24.6 6.6000000000000005 26.200000000000003 13.600000000000001 16.2 12 44.800000000000004 29.6 20.6 54.2 6.2 8.6 46 17.400000000000002 104.2 24.8 47.400000000000006 8 0 28.8 0 0 0.4 0 0 0 0 0.4 0 0 0 0.6000000000000001 0 0 0 0 1 0 0.6000000000000001 0 0.6000000000000001 8.4 0 0 1.2000000000000002 0 0 0 0.6000000000000001 1.6 0 0.6000000000000001 0.8 0.4 0 0 0.2 0 0 0 1 0 0 0.6000000000000001 0 0 0 0 0 0 0.4 0.6000000000000001 0 0 0.4 0.4 0 0.6000000000000001 0 0 4.6000000000000005 1.4000000000000001 2.2 3.6 0.2 0 4.6000000000000005 2 5 5.6000000000000005 0 2.2 2.6 3.2 3.6 4 5 0 2 2.8000000000000003 0 0 0 0 0 0 0 0 10.8 0.2 0 0 0 1.8 0 0 0 0 0 0 7 0 0 0 0 0 0 0 0 0 0 0 0 0 0 0 0 0 3 0 0 0 0 0 3.4000000000000004 0 0 1.6 0 0 0 0 0 0 0 0 0 0 0 0 2.2 2.2 0 0 0 4.6000000000000005 0.2 5 0 1.8 4.4 4 0 6.2 2.8000000000000003 0 0 0 2.6 14 0 0 0 0 0 0 0 0 0 0 0 0 0 0 0 0 0 0 0 0 0 0 0 0 0 0 0 0 0 0 0 0 0 0 0 0 0 0 1 0 0 0 0 0 0 0 0 0 0 0 0 0 0 0 0 0 0 0 0 0 0 0 0 0 0 0 0 0.2 0 0.4 0 4.6000000000000005 0.2 0 0 0 0 0 0 0 0 0 0 0 0 0 0 0 0 0 0 0 0 0 0 0 4.6000000000000005 0 0 0 0 0 0 0 0 0 0 0 0 0 
 51.6 9.4 12 9.8 16.400000000000002 29.200000000000003 71.8 13.600000000000001 74.60000000000001 37.6 79.4 17.8 27.400000000000002 32.800000000000004 67.60000000000001 14.200000000000001 7.4 5.800000000000001 28.8 0 0 0 0.6000000000000001 0.6000000000000001 0 0 0 0.6000000000000001 0 0 0 0.2 0 0 0 0 0.6000000000000001 0 0.6000000000000001 0 0.6000000000000001 0 0 0.8 0 0 0 0 0.4 6.6000000000000005 0 0.4 0.4 0 0 0 0 0 0 0 0.4 0 0 0.4 0 0 0 0 0 0 0.4 1.4000000000000001 0 0 0 7 0 1 0 0 0 0 0 0.2 0.2 0 0 4.800000000000001 0 1.4000000000000001 0 0 12.600000000000001 2.8000000000000003 2.4000000000000004 4.4 3.2 5.6000000000000005 2 7.800000000000001 0.4 0 0 0 0 0 0 0 0 0 0 0 0 0 0 0 0 0 0.8 0 0 0 0 0 0.2 0 1.6 0 0 0 0 0 0 0 0 0 0 0 0.4 0 0 0 0 0 0 0 0 0.2 0 0 0 0.2 0 0 0 0 0 0 0 0 3 1.8 2.8000000000000003 1.4000000000000001 0 0 1.2000000000000002 0 0 1.6 2.8000000000000003 0.4 1.4000000000000001 8.8 1.8 0 1.6 3 4.4 0 0 0 0 2.6 0 0 0 0 0 0.8 0 0 0 0 0 0 0 0 0 0 0 0 0 0 0 0 0 0 0.4 0 0 0 0 0 0 0 0 0 0 0 0 1.2000000000000002 0 0 0 0 0 0 0 0 0 0 0 0 0 0 0.2 0 0 0 0 0 0 0 0 0 0 0 0 0 0 2 3.6 0 0 0 0 0 0 0 0 0 0 0 0 0 0 0 0 0 0 0 0 0 0 0 0 0 0 0 0 0 0 0 0 0 0 0 0 0 
 0 0 0 15.8 14.8 30.200000000000003 0.6000000000000001 0.6000000000000001 0 0 23.400000000000002 0 0.2 0.2 0 0 0.4 0 0 0 0 68 26.200000000000003 15.200000000000001 5.6000000000000005 18.8 40 38.800000000000004 19.6 39 26.400000000000002 64.4 100.80000000000001 30 9 23.8 18.8 7.6000000000000005 35.2 25.200000000000003 0 0.6000000000000001 0 0 0 0.4 1.2000000000000002 0 0.2 0 0 0 0 0 0.6000000000000001 0.2 0 0.2 0 0.4 0 0 0 0 0 0 0.6000000000000001 0.4 0.6000000000000001 0 1.4000000000000001 0.6000000000000001 0 0 0 0 0 0 0 0 0 0 0 0.2 7.6000000000000005 2.4000000000000004 0 0 0 0 0 4.2 0 0 0 0 0 0 0 0 0 8.200000000000001 5.800000000000001 2.4000000000000004 3.8000000000000003 2 1.8 6.2 6.6000000000000005 1.4000000000000001 0.8 5.2 0 3.2 8.6 9 2.4000000000000004 0 0 5.2 0 0 0 0 0 0 0 0 0 0 0 0 0 0 0 0 0 0 0.4 0 0 0 0 0.2 0 0.2 0 0 0 0 0 0 0 0 0 0 0 0.4 0 0 0 0 0 0 0 0 0 0 0 0 0 0 0 0 0 1.8 0 0 0 0 5.4 2 3.8000000000000003 0 2.2 0 6.2 3.8000000000000003 3.4000000000000004 2.4000000000000004 5.4 2.6 8.8 0.8 5.4 0 7 0 0 8.8 0 0 0 0 0 0 0.2 0 0 0 0 0 0 0 0 0 0 0.2 0 0.2 0 0 5.6000000000000005 0 0 0 0 0 0 0 0 0 0 0 0 0 0 0 0.2 0 0 0 0.4 0 0 0 0 0 0 0 0 0 0 0 1.6 0 0.8 31.400000000000002 0 0 0.4 0 0 0 0 0 5.4 0 0 0 0 0 0 0 0 0 0 0 0 2 0 2.8000000000000003 0 0 0 0 0 0 0 0 
 0 40.800000000000004 0 0.2 0 4 0 0.4 0 0 0.2 0 0.4 0.8 0 0 0.4 0 0 0 68 0 42.2 40.2 5.800000000000001 21.200000000000003 37.2 64 39.800000000000004 62.6 28.400000000000002 53.2 26.200000000000003 54.800000000000004 12 17 32.800000000000004 41.2 26.6 27 0 0.6000000000000001 0 0 0 0.4 2.6 0 0.4 0 0 0 0 0.2 0.6000000000000001 0.4 0 0 0 0.4 0 0 0 0 0 0 0.6000000000000001 0.4 0.6000000000000001 0 4.800000000000001 0.4 0 0 0 10 0 0 0 0 0 0 0 0 0 0 0 0 0 0 0 0 0 0 0 0 0 0 0 0 0 6 0 0.6000000000000001 2.4000000000000004 2.8000000000000003 6 4 6.2 2.4000000000000004 6.800000000000001 2.4000000000000004 2.2 1.8 9.4 4.800000000000001 7.2 4.800000000000001 4.800000000000001 3.8000000000000003 0.2 0 0 0 0 0 0 0 0 0 0 0 0 0 0 0 0 0 2 0 0 0 0 0 0 0.8 0 0 0 0 0 0 0 0 0 0 0 0 0 0 0 0 0 0 0 0 0 0 0 0 0 0 0 0 0.2 0.4 0 0 0 0.4 8.8 0 2.2 3.8000000000000003 1.8 0.4 4.6000000000000005 2 11.600000000000001 3 9.200000000000001 1.6 6.4 1.6 8.4 0 5 2.6 0 5.4 0 0 0 0 0 0 0 0 0 0 0 0.2 0 0 0 0 0 0 0 0.2 0 0 0 0 1.8 0 0 0 0.4 0 0 0 0 2.8000000000000003 0 0 0 0 0.2 0.2 0 0 0 0 0 0 0 0 0 0 0 0 0 0 1.2000000000000002 0.2 0.6000000000000001 2.6 0.2 0 0.4 0 0 0 0 0 2 0 0 0 0 0.4 0 0 0 0 0 0 0 1.8 0 5.4 0 0 0 0 0 0 0 0 
 0 0.2 0.4 0.6000000000000001 0.4 0.4 0.4 0.6000000000000001 0.4 0.4 0.4 0.4 0.4 0.8 0.6000000000000001 0.4 0.6000000000000001 0.4 0.4 0.6000000000000001 26.200000000000003 42.2 0 24 70.8 22.400000000000002 56.800000000000004 26 49.800000000000004 40.2 22.200000000000003 6.4 29.6 28.200000000000003 77.80000000000001 55.800000000000004 41.6 77.60000000000001 108.2 6.800000000000001 0 0.6000000000000001 0.6000000000000001 42.400000000000006 0 0.4 1.8 0.4 0.2 0.2 0.4 0.4 0 0 0.6000000000000001 0.6000000000000001 0 0 13.4 0 0.4 0.4 9.200000000000001 0 0 0.8 1 6.4 0.6000000000000001 0 0 0 0 0 0.4 0 0.4 1.2000000000000002 0 0 0 0 0 0 2.6 0.2 0 0 0 0 0 3.2 0 0 0 0 0 0 0 0 0 9.200000000000001 2.2 10.200000000000001 0.2 2.4000000000000004 0 7.2 2 1.8 5.6000000000000005 0.2 3 0.8 4 0 0 2 1.2000000000000002 1.4000000000000001 0.8 0 0 0 0 0 4.800000000000001 0 0 0 0 0 0 0 0.2 0 0 0 8.6 3.8000000000000003 0 0 0 1.2000000000000002 0 0 2.2 0 2.6 0 0 0 0 0 0 0 0 0 0 2.2 0 0 0 0 0 0 0 0 0 0 0 0 0 0 0 0 0 0 0 0 2.2 2.4000000000000004 2.8000000000000003 6.800000000000001 4.2 0 2.8000000000000003 0.8 1.8 8.200000000000001 1.8 3.8000000000000003 3.2 2.2 2.2 0.4 1.6 0.2 0 4.6000000000000005 0 0 0 0 0 0 2.4000000000000004 0 0 0 0 0 0 0 0 0 0 0 1.4000000000000001 2.4000000000000004 0 0 0 0 0 0 0 0 0 1.2000000000000002 0 0 0 2.8000000000000003 0 0 0 0 0 0 0 0 0 0 0 0 0 0 0 0 0.2 0 0 0 0.4 0 0 20.200000000000003 0.2 0.8 0.8 0.6000000000000001 0 0 0 0 0.4 0 0 0 0 0 0 0 0.2 0 0 0 0 2.2 0 5.2 0 0 0 0 0 0 0 0 
 0.8 0 0 0 0 14.600000000000001 0 0 15.8 0 0 0 0.4 0.2 0 0 0.4 0 0 0.6000000000000001 15.200000000000001 40.2 24 0 22 20.400000000000002 31 72.4 30.8 98.80000000000001 22 24.6 13.8 26.400000000000002 16.8 29.8 7.2 30.6 19 19.400000000000002 0 0.6000000000000001 0 1.6 0 0.4 0.2 1.4000000000000001 1.4000000000000001 0 0 0 12.4 0.4 0.6000000000000001 0.4 0 0 0 13 0 0 0 0 0 0 0.6000000000000001 10.4 0.6000000000000001 0 1.4000000000000001 0.4 0.2 0 0 0 0 0 0 0 0 0 0 0 0 0 0 0 0 0 0 0 0 0 0 0.4 0 0.2 0 0 0 0 0 1.2000000000000002 6.6000000000000005 9.200000000000001 5 8.6 2.6 6 1.8 0 0 2.6 8 3.4000000000000004 8.4 1.6 0 2.8000000000000003 0.2 0 0 0 0 0 0 3.4000000000000004 0 0.2 0 0 0 2.6 0.2 0 0.2 0 0.4 0 0 0 0 0 0 0.2 0 0 0 0 0 0 0 0 0 0 0.4 0 0 0 2.6 0 0 0.2 0 0 0 0 0 0.2 0 0 0 0.4 0 0 0.2 0 0 0 3.8000000000000003 2.6 4 5.800000000000001 0.2 7.800000000000001 2.6 3.4000000000000004 4.800000000000001 0 2.4000000000000004 4.800000000000001 0 0 5.2 2.6 4.2 0 0 2.8000000000000003 10.4 0 2.4000000000000004 11.200000000000001 0.2 0 1.8 0 0 0 0 0 0 4.4 3.6 0 0 0 3.6 0.4 0 0 0 0 0 0 0 0 0 2.6 0 0 0 0 0 0 0 0 7 0 0 0 4.2 0 0 0 0 0 0 0 0 0 0 0 1.6 0 0 31 2 0.2 1 0 0 0 0 0 3 0 0 0 0 0 0 0 0 0 0 0 0 0 0 0 0 0 0 0 0 0 0 0 
 0.8 0 0 8.200000000000001 0 0.4 0 0.4 0 0 0 0 0.4 0.6000000000000001 0.4 0 0.4 0 0 0 5.6000000000000005 5.800000000000001 70.8 22 0 25.8 9.8 15.8 59.6 34.4 33.800000000000004 22.6 10.200000000000001 44 42.800000000000004 19.400000000000002 35.6 63 14.4 14.4 0 1.4000000000000001 0.2 13 0 0.4 0 0.4 0.4 0 0 0 0 3 0.6000000000000001 0.4 0 0 25.200000000000003 0.4 0 0 0 0 0 1.2000000000000002 2 0.4 0.6000000000000001 0 0.6000000000000001 0.6000000000000001 0 0 0 0 0 2 0 0 0 0 0 0 0.2 0 0 0 0 0 0 0 0.4 0 0 0 0 0 0.2 0 0 2 0.2 8.8 0 0.4 0 3 1 5.800000000000001 1.6 0 0 0 3.2 2.4000000000000004 0.6000000000000001 0 0 0.2 2 0 5.4 0 0 0 9 1.2000000000000002 0 2 3.6 0 6.800000000000001 0.6000000000000001 0 2.6 1 4.2 6.800000000000001 11.200000000000001 0.4 0 0 1 0 0 0 0 0 0 0 0 0 4.2 0 0 0 0 0 1.2000000000000002 0.2 0 0 0 0 0 0 0 0 0 0 0 0.2 0 0 0 0 0 0 0 2.2 4.6000000000000005 2 9.600000000000001 5.800000000000001 4 0 3.6 6 4 4.4 6 2 0 0.8 1.8 2.2 14.200000000000001 0 0 0 2 1.2000000000000002 2.4000000000000004 0 0 2.8000000000000003 4 0 0 0.2 0 0 1.2000000000000002 0 0 0 0 3 8.200000000000001 0 0 0 6.800000000000001 0 0 0 0 0 2 0 0 0 0 0 0 0 0 1.2000000000000002 0 0 0 0 0 0 0 0 0 0 0 0 0 0 0.4 0 0.4 0.2 0.8 0.6000000000000001 0 1 0.6000000000000001 0 0 0.4 0 0 0 0 0 0 0 0 0 0 0 0 0 0 0 0 2 1.4000000000000001 0 0 2.4000000000000004 0 0 0 0 
 0 0 0 0.4 0 0 0 0 0 0 0.2 0.6000000000000001 0 0.2 0 0 0.4 0 0 0 18.8 21.200000000000003 22.400000000000002 20.400000000000002 25.8 0 6.6000000000000005 35.6 31.6 22.8 23.6 38 7.800000000000001 8 39.800000000000004 18 36.4 16.6 52 11.4 4 0.6000000000000001 0 0 0 0.4 1.8 0 0.2 0 0 0 0.4 12.600000000000001 1 0.2 0 0 12.4 0.6000000000000001 0 0 0 0 0 0 0.6000000000000001 0.4 0.6000000000000001 0 0.6000000000000001 0.6000000000000001 10 0 0 0 0 0 0 0 0 0 0 0 0 0 0 0 0 0 0 0 0 0 0 0 0 0 0 0 0 0 2 6.2 0 13 0 0 0 2.2 0 5.4 0 0 2.4000000000000004 0.2 0 0.2 0 0 0 0 2.8000000000000003 0 0 0 0 4.2 0 0 0 0 3.6 2.2 5.800000000000001 0 0 0 1.8 1 2.2 0 0 0 0 0 0 0 0 0 0 0 0 0 0 0 0 2.2 0 0.2 0 0 0 0 0 1 0 0 0 0 0 0 0 0 0 0 0 0 0 0 0 1.8 2.8000000000000003 0.4 6 5.4 0 0 2.8000000000000003 6.2 0 0 0 0 0 0.2 0 3.8000000000000003 0 0 3.4000000000000004 0 3 0.6000000000000001 0 0 0 0 2.4000000000000004 0 0 0 4.6000000000000005 2 0 5.2 0 0 7.800000000000001 0 0 0 0 0 0 0 0 0 0 0 0 0 0 0 0 0 0 0 0 0 0 0 0 0 0 0 0 0 0 0 0 0 0 0 1.8 0.2 0 15.4 0 2.6 0 1.6 0 0 0 0 0 0 0 0 0 0 0 0 0 0 0 0 0 0 0 3.6 0 0 0 0.4 0 0 0 0 
 0 0.6000000000000001 0.8 15.600000000000001 15.8 48.6 0 0 0 0 14.8 0 0 0.8 0.2 0 0.6000000000000001 0 0 0 40 37.2 56.800000000000004 31 9.8 6.6000000000000005 0 30.200000000000003 12.200000000000001 20.8 53.6 19.6 47.400000000000006 45.6 54.6 23.400000000000002 49.6 19.200000000000003 32.6 47 0 0.6000000000000001 0 40.6 0 0.8 4 0 0.2 0 0 0 0 0.2 0.6000000000000001 0.2 0 12.200000000000001 0.2 0.4 0 0 0 0 0 0 0.6000000000000001 0.4 0.6000000000000001 0 0.6000000000000001 0.6000000000000001 9.8 0 0 0 0 0 0 0.6000000000000001 0 0 0.2 0 7.2 2.2 0 0 0 2.6 0 2.6 0 0 0 0 0 0 0 0 0.6000000000000001 6.2 21.400000000000002 2.4000000000000004 3.6 0 3.8000000000000003 0 6.6000000000000005 0.2 8.4 1 0.2 15.4 8.8 3 6 0.8 0 4 0.2 0 0.4 0 0 0 0 0 0 0 0 0 0 0 0 0 0 0 2.2 0.2 0.4 0 0 0 0 1 0 0 0 0 0 0 0 0 0 0 0 0 0 0 0 0 0 0.2 0 9.4 0 1.2000000000000002 0.2 0.4 0 0.2 0 0 0 0.4 0.2 0.6000000000000001 2.6 0 0 8 3.8000000000000003 0 1.8 0 9.200000000000001 0.2 2 1 3.6 6.2 5.800000000000001 2 7.800000000000001 0.8 6.6000000000000005 0 0 8.6 0 0 0 0 0 0 0 0 0 0 0 0 0 0 0 0 0 0 0.2 1.6 0 0 0 0 0 0 0 0 0 0 0 0 0 0 0 0 0 0 0 0.2 0 0 0 0 0 0 0 0 0.2 0 0 0 0 0 1.2000000000000002 0 0.2 0.2 8.200000000000001 0 0.4 0 0 0 0 0 2 0 0 0 0 0 0 0 0 0 0 0 0 0.2 0 0.4 0 0 0 0 0 0 0 0 
 0 0.6000000000000001 0.6000000000000001 17.2 0.6000000000000001 30.200000000000003 0.8 1.2000000000000002 0.4 0.4 0.4 0.8 0.8 1.2000000000000002 0.4 1.6 0.8 0.4 0.4 0.6000000000000001 38.800000000000004 64 26 72.4 15.8 35.6 30.200000000000003 0 52.6 40.800000000000004 9.200000000000001 23.400000000000002 63.800000000000004 34.4 26.6 47.6 10.200000000000001 23.8 42.2 16.6 0.4 0.6000000000000001 0 0 0.4 0.4 0.2 0 0.2 13 0 0 14.200000000000001 1.4000000000000001 0.6000000000000001 0.2 0 0 0.2 9.4 0 0.4 0 0 0 0 0.6000000000000001 0.4 1.2000000000000002 0 3.4000000000000004 0.6000000000000001 0 0 0 0 0 0 0 0 0.4 0 0 0 2.2 1.6 0 0 0 0 0 3.6 0 0 0 0 0 0 0 0.2 0.2 2.8000000000000003 1.6 0.8 7.6000000000000005 4.6000000000000005 0 3.4000000000000004 1.8 0 0 2 0 5.800000000000001 9.600000000000001 0 4.6000000000000005 1.4000000000000001 0 0.2 0 0 0 0 0 0.4 0 0 0 0 0 0 0 0.2 0 0 0 0 0.2 0 0.8 0 0 0 0 0.6000000000000001 0 0 0 0 0 0 0 0 0 0 0 0 0 4.2 0 0 0.2 0 0 4.2 0 0 0 0 0.8 0 0 0 0 0 0 0 0 0 2 0 7 0 1.8 3.4000000000000004 3.4000000000000004 3.4000000000000004 3.4000000000000004 3 0 2.8000000000000003 2 3.6 6.4 0 4.6000000000000005 0.4 3.4000000000000004 2.6 3 0 0 0 0 0 0.2 0 0 0 0 0 0 0 0 0 0 0 3.2 0 0 0 0 0 0.2 0 0 0 0 0 0 0 0 1.2000000000000002 0 0 0 0 0 0 0 0 0 0 0 0 0 0 0 0.2 0 0 0 0 1 0 0.4 16 0 0 2.4000000000000004 0 0 0 0 0 0 0 0 0 0 0 0 0 0 0 0 0 0 0 0 0.2 0 0 0 0 0 0 0 0 
 0 0 0.4 0 0 0 0 0.8 0 0 0 0 0 0.4 0 0.4 0 0 0 0 19.6 39.800000000000004 49.800000000000004 30.8 59.6 31.6 12.200000000000001 52.6 0 47.800000000000004 6.800000000000001 22.200000000000003 17.2 40.2 30 12.200000000000001 71.4 13 106.60000000000001 45.6 0 0.6000000000000001 0.2 0 0 0.8 1 0 12.8 0 0 0 0 0.2 1 0.2 0.8 0 0 1 0 0 0 0.4 0.4 0 0.6000000000000001 0.6000000000000001 0.8 0 2.6 0.4 0.2 0.6000000000000001 0 0 0.2 0 0.6000000000000001 0.2 0 0 0 0 0.2 0 0 0 0 0 0 0.6000000000000001 0 0 0 0 0 0 0 0 2.4000000000000004 0 3 4 3.4000000000000004 7.800000000000001 2.2 2.2 0 1.8 2.4000000000000004 6.2 6 0 3.4000000000000004 0 4.2 6.4 2 2.6 0 5.800000000000001 0 0 0 0 0.8 0 0 0 0 0 0 0.8 7.4 0 0 0 1.8 0.2 3.8000000000000003 5.6000000000000005 0 0 0 0 0 0 0 0.2 0 0 0 0 0 0 0 0 0.2 0 0 0 0 0 0 0.2 0 0 0 0 0 0 0 0 0 0 0 0 0 0 2.4000000000000004 0 5.2 0.4 4.2 7.2 0 2 5.2 13 2.2 0 0 2 2.6 5.800000000000001 0 2 0 8.200000000000001 0 0 0 0 0 0 0 0 0 4.800000000000001 0 0 2 0.2 0 0.2 0 0 2 0 0 0 0 0 0 0 0 0 0 0 0 0 0 2.2 0 0 0 0 0 0 0 0 0 0 0 0 0 0 0 0 0 0 0 0 4 0.2 0 14.600000000000001 0 0.8 0 2.2 0 0 0 0.4 2.2 0 0 0 0 0 0 0 0 0 0 0 0 0 0 2.8000000000000003 0 0 0 0 0 0 0 0 
 0.4 0 0 0 0 6 0 0 0 0 0 0 0 0.4 0 0 0.4 0 0 0 39 62.6 40.2 98.80000000000001 34.4 22.8 20.8 40.800000000000004 47.800000000000004 0 37.6 7.800000000000001 31.400000000000002 18.400000000000002 97.2 27.400000000000002 33.6 49 38 35.6 0.2 0.6000000000000001 0 0 0 0.4 3 0 0.4 0 0 0 0 0 0.6000000000000001 0.4 0 0 10.4 13 0 11 0 0 0 0 1.4000000000000001 0.4 0.6000000000000001 0 0.6000000000000001 0.6000000000000001 0 0 17 0 0 0 0 0 0 0 0 0 0 0 0 0 0 0 0 0 0 0 0 0 0 0 0 0 0 1.8 0 6 0 9 2.2 3.2 3.2 5.6000000000000005 4.6000000000000005 0 0 2 9.600000000000001 2.6 6.800000000000001 0 0 0 0 0 0 0.2 0 0 5.800000000000001 1.8 0 0 0 0 0 6.6000000000000005 4.6000000000000005 0 0 0 2.8000000000000003 0 0 0 0 0 0 11 0 0 0 0 0 0 0 0 0 0 0 0 0 0 1.4000000000000001 0 0 0 0 0 0 0 0 0 0 0 0 0 0 0 0 0 0 0 2.8000000000000003 4 0 6.2 0 2.6 5.6000000000000005 0 11.200000000000001 3.6 2.6 5 0 0 1.6 9.600000000000001 3.4000000000000004 0 0 0 5 0 0.2 0 0 0.6000000000000001 0 0 0 0 0 0 0 3.8000000000000003 0.4 0.4 0 0 5.2 2.6 0.2 0 0 0 0 0 0 0 0 0 0 0 0 0 0 0 0 0 0 0 0 0 0 0 0 0 0 0 0 0 0 0 0 0 0.8 0.4 0 16 8.200000000000001 0.6000000000000001 0.8 0 0 0 0 0 0 0 0 0 0 0 0 0 0 0 0 0 0 0 0 4.6000000000000005 0 0 0 0.2 0 0 0 0 
 0 24 0 22.6 1.2000000000000002 14.8 0.2 0.6000000000000001 0.2 0 0.2 23.200000000000003 0 0.4 0 0 0.4 0.4 0 0 26.400000000000002 28.400000000000002 22.200000000000003 22 33.800000000000004 23.6 53.6 9.200000000000001 6.800000000000001 37.6 0 30.6 2.8000000000000003 15.4 33.6 33.2 34.4 91.4 6.6000000000000005 14.600000000000001 0.4 13 0.2 0 0 0.8 4.2 2.6 1.4000000000000001 0.4 0 0.6000000000000001 12.8 0.6000000000000001 0.6000000000000001 0.2 0 0.2 16.2 1.8 0 1.2000000000000002 0 0 0 0 1.4000000000000001 0.6000000000000001 0.6000000000000001 0 0.6000000000000001 0.4 0 0 0.2 0 0 0 0 0.2 0 0 0 0 0 0 0 0 0 0 0 0 0 0 0 0 0 0.4 0 0 0 0 0 0 2.8000000000000003 0 5 3 2.6 7.6000000000000005 0 0 0 2.8000000000000003 4.4 2 0.4 1.6 0 0 0.2 0 10 0 0 0 5.4 8.8 0 0.2 0 0.2 0.2 9 6 0 0 1.2000000000000002 2.2 0 0 0 0 0 0 0.8 0 0 0 0 0 0 0 0 0 0 0 0 0.2 0 0 0 0 0 0.2 1 0 0 0 0.4 0 0 0 0.4 0 2 0 0 0 0 3.6 0.2 0 5.4 0 3.6 2.8000000000000003 0 1.8 2.6 4.800000000000001 5.2 0 0 7.4 2.4000000000000004 0 2.8000000000000003 0 0 7.4 0 2 3 0 2.2 3 0 3 0 0 0 0 4.4 3.4000000000000004 6.6000000000000005 0 0 7.800000000000001 3.6 0 0 3.4000000000000004 0 0 0 0 0 0 0 0 0 0 0 0 0 0 0 1.6 0 0 0 3.6 0 0 0 0 0 0.2 0 0 0 0 0 1.6 0 0.4 15.200000000000001 0 2.6 0 0 0 0 0 0 0 0 0 0 0 0 0 0 0 0 0 0 0 0 0 0 0 0 0 2.6 0 0 0 0 
 0 0 0 0 0 0.6000000000000001 0 0.4 0 0.4 0 0 0.4 0.4 0 0 0.2 0 0.6000000000000001 0.2 64.4 53.2 6.4 24.6 22.6 38 19.6 23.400000000000002 22.200000000000003 7.800000000000001 30.6 0 53.2 70.4 18.2 32.6 25.200000000000003 19.200000000000003 20.6 4.800000000000001 0 0.6000000000000001 0 0 0 0.4 15.200000000000001 0 42 0 0 0 1 1.2000000000000002 0.6000000000000001 2.4000000000000004 0 0 0 0.4 0 0 0 0 0 0 0.6000000000000001 0.4 0.6000000000000001 0 0.8 0.6000000000000001 0 0 0 0 0 0 0 0.2 0 0 0 0 0 0 0.2 0.4 0 0 0 0 0 0 0 0 0 0 0 0 4 0 1.6 3.4000000000000004 5.2 2.4000000000000004 0 0 7.2 1.8 2.8000000000000003 2.8000000000000003 2.4000000000000004 2.2 0 0 6.2 0 1 1.6 0 0 4.4 0 0 0 0 1.4000000000000001 0 0 0.2 0 1.6 3 7 0 0 0 3 4 0 0 0 0 0 0 0 0 0 0 0 0 0 0 0.4 0 0 0 0 0.2 0 0 0 0 0 1.4000000000000001 0 0 0 0 0 0 0 0 0 0 0 0 0 0 2.4000000000000004 3.8000000000000003 7.2 6.2 4.800000000000001 0 0 0.2 1.8 9.600000000000001 0 0 0 2 4 0 6.800000000000001 2.2 0 6 0.6000000000000001 0 0 0 0 0 2 0 0 0 0 0 1.8 0 0 5 0 0 1.6 0.2 0 0 0 0 0 0 0 0 0 0 0 0 0 0 0 0 1.4000000000000001 0 0 0 0 0 0 0 0 0 0 0 0 0 0 0 0 0 2 0 0.4 15.200000000000001 0.4 2.4000000000000004 0.8 2 0 0 0 0 2.8000000000000003 0 0 0 0 0 0 0 0 0 0.2 0 0 0 0 0 0 0 0 0 0 0 0 0 
