 0 76.4 79.4 39.800000000000004 8 22.200000000000003 18.8 90 38 45.2 42.800000000000004 5 73.60000000000001 12 62.400000000000006 30 7.4 115.60000000000001 27.400000000000002 21.400000000000002 0 0 0 0 0 0 0.4 0.2 0.6000000000000001 0 0 0.4 0.6000000000000001 0 0 0 0 0.4 0 0.6000000000000001 13.8 0.6000000000000001 0.4 0 0 0.4 0 0 0 0 0 0 0 0 0 0 0 0.4 0 0 0 0 0.6000000000000001 0 0.6000000000000001 0 0 0 0 0 0 0.6000000000000001 0 0.6000000000000001 0 0.4 0 11.8 0 8.200000000000001 1.8 0 1.8 1.8 1.4000000000000001 4.6000000000000005 0 0 0 0 2.6 0 0 4.800000000000001 1.6 4 3.2 0.2 2.2 0 0 0 0 0 0 0 4.2 0 0 0 0 0 0 0 0 0 0 0 1.2000000000000002 0 0 0 0 0 0 0 0 0 0 0 0.4 0 0 0 0 0 0 0.4 0 0 0 0 0 0 0 0 0 0 0 0 0 0 0 0 0 0 0.2 0 0 0 0.2 1.4000000000000001 0 0.2 0 0 5.4 2.8000000000000003 8.6 0 0 0 0.2 0 0.6000000000000001 9.200000000000001 2.6 1.4000000000000001 0 2 0 0 0 0 0.2 0 0 0 0 0 0 3.6 0 1.6 0 0 0 0 0.4 1.8 0 0 0 0 0 0 0 0 0 0 0 0 0 0 0 0 0 0 0 0.4 0 0 0 0 0 0 0 0 0 0 0 0 0 0 0 0 0 0 0 0 0 0 0 0 0 0.2 0.4 0 0.4 1.8 0 3 0 0 0 0 0 0 0 0 0 0 0 0 0 6 0 0 0 0 0 0 0 0 0 2.6 1.2000000000000002 8.200000000000001 0 0 0 0 0 0 0 0 0 0 0 0 
 76.4 0 63.2 32.4 10.200000000000001 7.800000000000001 40 57.800000000000004 12 41.6 42.6 6 10.4 8.6 35 108.2 5.6000000000000005 34 67.4 7.2 0 0 0.6000000000000001 0 0 0 0.4 0.2 0.6000000000000001 0 0 0.4 0.6000000000000001 0 0 0 0 0 0 0.6000000000000001 13.200000000000001 0.6000000000000001 0.4 0 0 0.4 0 0 0 0.6000000000000001 0 0 0 0 0 0 0 0.4 0 0 0 9 0.6000000000000001 0 0.6000000000000001 0 0 0 0 0 0 0.6000000000000001 0 0.6000000000000001 0 0.4 0 1.4000000000000001 0 0 5.2 4 4.2 0.2 2 6 4.2 4.800000000000001 1.8 5 2 0.2 0 0 0.4 0 5 2.6 0 0 0 0 0 0 0 0 0.2 0 0 0 0 0 0 1.2000000000000002 2 0.4 0 0.2 0.2 0 0 0 0 1.6 2 0 0 0 0 0.6000000000000001 1.8 2.2 0 0 0 0.8 0 0 0 0 0 0 0 0 0 0 0 0 0 0 0 0 1.6 0 0 0 0 0 1.8 0 0 0 5.4 0 0 0 0.2 12.8 2 2 0.4 5.6000000000000005 2 8.8 3.4000000000000004 7.800000000000001 0 6 2 0 0 0 0.2 0 0.2 0 1.8 0 0 0 0 0 0 1.8 0 0 0 0 2 1.2000000000000002 0.2 0 0.4 0 0 0 0 0.2 0.2 0 0 0 0 0 0 0 0 0 0 0 0 0 0 0 0 0 0 0 0 0 0 0 0 0 0 1.6 0 0 2 0 0 2.6 0 0 0 0.8 1.6 0 0 0.6000000000000001 0 1.4000000000000001 0 0.2 0 0 0 0 0 0 0 0 0 0 0 0 0 0 0 0 0 0 0 0 0 3.4000000000000004 0.2 2.6 0 0 0 0 0 0 0 0.4 0 1.2000000000000002 0 0 
 79.4 63.2 0 36.2 27.400000000000002 72.60000000000001 21.400000000000002 17.400000000000002 35.4 17.6 9.4 79.80000000000001 12.200000000000001 14 19.6 62.2 25.200000000000003 28.200000000000003 51.800000000000004 6.2 0 0.2 0 0 0 0 0.4 0 0.6000000000000001 0 0 0.4 0.6000000000000001 0.2 0 0 0 0 5 31.8 0.6000000000000001 0.6000000000000001 0 0 0 4.800000000000001 0 0 0 0 0 0.8 0 0 0 0 0 0.6000000000000001 0 0 0 0 0.6000000000000001 0.6000000000000001 0.2 0 0 0 0 0 0 0.6000000000000001 0 0.4 0 0.6000000000000001 0 0.2 0 0 0 0 8.8 3.6 3.8000000000000003 0 2.4000000000000004 0 2.4000000000000004 0 0 7.6000000000000005 1.6 2.6 0 4.800000000000001 6.4 0 0 0 0.6000000000000001 0 0 3 0 0 0 0 0 0 0 0 4 0 1.4000000000000001 2.6 0 0 0 0.6000000000000001 0 0 0 0 0 0 0 0 0 0 0 0 0 0 0 0 0 0 0 0 0 0 0 0 0 0 0 0 0 0.4 0 0 0 1.6 0 0 0 0 0 0 0 0 0 3.4000000000000004 2.2 2.2 4 0 2 2.2 4.4 4.2 2.4000000000000004 0 0 3.2 0 2.2 0 0 2.2 0 0 0 0 0.2 5.4 0 0 0 0 0 0 0 0 0.2 0.6000000000000001 0 6.6000000000000005 6.4 0 0 0 0 0 0 0 0 0 0 0 0 0 0 0 0.2 0 0 0 0 0 0 0 0 0 0 0 0 0 0 0 0.2 0 0 0 0 0 2 0 0 0 0 0 0 0 0 9.200000000000001 0.4 0 0.4 0 1 0 0.4 0 0 0 0 0 0 0 0 1.8 0 0 0 0 0 0 0 0 0 0 0 0 0 0 0 0 0 0 0 0 0 0 0 0 0 0 0 
 39.800000000000004 32.4 36.2 0 59 11.8 17.2 15.8 40.400000000000006 45 26.8 6.800000000000001 29.200000000000003 18.6 12.200000000000001 12.200000000000001 6 16.400000000000002 13.600000000000001 17 0.8 0.4 0.8 0.4 19.8 0.2 20.400000000000002 0.2 0.6000000000000001 0.2 0.4 0.6000000000000001 1.2000000000000002 0.8 1 0.6000000000000001 0.4 0.4 0.8 0.6000000000000001 13.200000000000001 0.4 0.2 0.8 0 1 0.4 0.4 0 0.4 15.600000000000001 0.4 0 0.6000000000000001 0.4 0 0.8 1.2000000000000002 0 0 0 0 1 1.4000000000000001 0.4 0 0.2 0.6000000000000001 0.6000000000000001 0 0 1 0 0.6000000000000001 0 0.6000000000000001 0 1.4000000000000001 0 0.4 0 0 0 0 5.6000000000000005 3.2 0 2.2 0 2 0 0 0 1.4000000000000001 0 1.6 3.6 0 0 0 0 0 0 0 0 0 2.2 0 0 0 0 0 10 4.4 0 0 0 0 0 0.4 0 0 0 0 0 0 0 0 0 0 0 2.6 0 0 0 0 0 0 0 0 0 0 0 0 0 0 0 0 0 0 0 0 0 0 0 0 0 0 0 0 0 0 0 0 1.2000000000000002 5.800000000000001 4.2 0.2 3.2 0 0 0 0.2 0 0 7.2 0 0 0 1.4000000000000001 0 7.4 0 0 0 0 0 0 0 0 0 0 4.2 1.4000000000000001 0.2 2 0 0 0 5.2 0 0 0 0 1.2000000000000002 5 0 0 0 0 0 0 0 0 0 2.4000000000000004 0 0 0 0 0 0 0 0 0 0 0 0 0 0 0 0 0 0 0 0 0 0 0 0 0 0 0 0 0 0.4 0.4 0 0 17.400000000000002 0.2 0.6000000000000001 0 0 0.2 0 0 0.4 0.4 0.2 0 0 0.4 0 0 0 0 0 0 0 0 0 0 0 0 0 0 0 0 0 0 0 0 0 0 0 0 0 0 0 
 8 10.200000000000001 27.400000000000002 59 0 35.2 8.4 14.8 17.2 13.600000000000001 20 61.6 50.6 140 8.6 11.600000000000001 52.2 10.600000000000001 91.80000000000001 13.8 0 0 7 0.2 0 0 22.400000000000002 1 0.6000000000000001 14.4 0 0.4 12.4 0 56.800000000000004 14.8 15 0.4 20 21.6 0.8 0.6000000000000001 1 0 0 0.4 0 0 0 0 0 0 0 0 0 0 0 0.4 0 0 0 0 0.6000000000000001 0 0.6000000000000001 0 0 0 0 0 0.4 0.4 0 0.6000000000000001 0.6000000000000001 0.4 0 0.6000000000000001 0 0 0 0 0 0 2.4000000000000004 4.2 0 0 0 0 0 4.2 0 0.2 0 2 0.2 5.800000000000001 0 0 3 4 1.4000000000000001 1.4000000000000001 0 0 2 1.6 0 1.8 0 0 6 2.4000000000000004 10.600000000000001 4.4 4 2.2 4.4 0.2 0 0 0 0 0 0 0 0 0 0 0 0 0 0 0 0 0 0 0 0 0 0 3.4000000000000004 0.2 0.6000000000000001 0 0 0 0 0 0 0 0 0 0 0 0.8 0 0 0 0 0 0 1.8 2.8000000000000003 3 0 0 1 0.6000000000000001 0 0 0 0 0 0 0 0 0 0 10.200000000000001 4.4 2.4000000000000004 3 0 0 7.4 1.4000000000000001 2 4.4 0.2 1.4000000000000001 6.800000000000001 2.2 0 7.6000000000000005 2.2 1.4000000000000001 8.6 2 0 0 0 0.2 0 0 0 0 0 0 0 0 0 0 0 0 0 0 0 0 0 0 0 0 3 0 0 0 0 0 0 0 0 0 0 0 0 3 0 0 0 0 1.6 0 0 0 0 0 0.4 0.8 0.4 1.6 0 0 0 0 0.4 0 0 0 0 0 0 0 0 0 2.8000000000000003 0 0 0 0 0 0 0 0 0 0 0 0 0 0 0.2 0 0 0 0 0 0 0 0 
 22.200000000000003 7.800000000000001 72.60000000000001 11.8 35.2 0 9.8 68 13.600000000000001 41.2 16.8 69.4 5.800000000000001 51.2 31 19.6 54.800000000000004 29 54.800000000000004 7 0 0 15.8 0 0 0 16.6 0 0.6000000000000001 17.8 15.200000000000001 0.4 2.8000000000000003 0.8 57.800000000000004 7.4 0 0.2 43.800000000000004 20 0.8 0.4 0 0 0 0.6000000000000001 0 0 0 0 0.2 0 0 0 0 0 0 1 0 0 0 0 0.6000000000000001 0.2 0.6000000000000001 0 0 0 0.2 0 0 0.6000000000000001 0 0.6000000000000001 0 0.6000000000000001 0 0.2 0 0.8 0 0 0 0 5.6000000000000005 1.2000000000000002 0 0 0 0 6.800000000000001 7.2 0 0 0 3 0 2.8000000000000003 0 0 0 7.4 0 0 0 0 5.800000000000001 7.800000000000001 3 0.4 0 0 5.4 3.2 4.2 3.8000000000000003 3 0 10.600000000000001 2.4000000000000004 0 0 0 0 0 0 0 0 0 0 0 0 0 0 0 0 0 0 0 0 0 0 0.2 0 0 0 0 0 0 0 0 0 0 0 0 0 0 2.2 0 0 0 3.8000000000000003 0.4 4 3 4.2 0 0 0 0.6000000000000001 4.800000000000001 4.800000000000001 0 0 0 2.4000000000000004 0 0 0 0 6.4 1.8 0.4 0 0 0 4.4 6.4 0 7.6000000000000005 0.2 2.2 0 6 4.2 0.2 0.2 0 5.2 0.2 0 0 0 0 0 0 0 0 0 0 0 0 0 0 0 0 0 0 0 0 0 0 0 0 2.2 0 0.2 0 0 0 0 0 0 0 0 0 0 0 0 0 0 0 2.2 0 0 2.2 0 0 1 1.2000000000000002 0 1.4000000000000001 0 0 0 0 0 0 0 0 0.4 0 0 0 0 0 3.4000000000000004 0 0 0 0 0 0 0 0 2.8000000000000003 3.8000000000000003 1.6 0 0 0 0 0 0 0 0 0 0 0 0 
 18.8 40 21.400000000000002 17.2 8.4 9.8 0 15.200000000000001 70.2 50.800000000000004 26.200000000000003 7.2 15.8 27.400000000000002 45.400000000000006 24.400000000000002 32.6 53 22.200000000000003 12.200000000000001 0 0 0 0 0 0 0.4 0.2 0.6000000000000001 0 0 0.4 0.6000000000000001 0 0 0 0 0 0 0.6000000000000001 0.8 0.6000000000000001 0.4 0 0 0.4 0 0 0 0 0 0 0 0 0 0 0 0.4 0 0 0 0 0.6000000000000001 0 0.6000000000000001 0 0 0 0 0.4 0 0.4 0 6.4 0 0.4 0 9.4 0 0 20.200000000000003 5.6000000000000005 0.2 2.4000000000000004 0 0 5 8.4 4.800000000000001 6.4 2.8000000000000003 0.2 3.4000000000000004 0 0.4 0 3 6.2 2 0 0 0 0 0 0 0 0 0 0 0 0 0 0 0 0 0 0 0 3 0 0 0 2.4000000000000004 0 0 0 0 4.2 0 0 0.2 0 0 0 0 0 0 0 0 0 0 0 0 0 0 0.4 0 0 0 0 0 0 0 0 0 0 0 0.2 0 0 1.4000000000000001 0 10.600000000000001 0 1.2000000000000002 0 7.6000000000000005 10 0 3.4000000000000004 0 15 10.4 7.800000000000001 4.6000000000000005 4 1.6 2.6 4.4 3.2 0 0 0 0 0 0 0 0 0 0 0 0 0.4 0 0 0 0 0 0 0 0 0 0 0 0 0 0 0 0 0 0 0 0 0 0 0 0 0 0 0 0 0 0 0 0 0 0 0 3 0 0.2 0 1.4000000000000001 0 0 0 0 0 0 0 0 2.6 0 0 0 0 1.6 0 0.4 0.4 0 1.4000000000000001 0 0 0 0 0 0 0 0 0 0 0 0 0 0 0 0 0 0 0 0 0 2.6 0 0.2 1.8 0 0 0 0 0 0 0 0 0 0 0 0 0 
 90 57.800000000000004 17.400000000000002 15.8 14.8 68 15.200000000000001 0 35.4 24.200000000000003 70.2 9.200000000000001 92.4 35.800000000000004 29.6 54.800000000000004 19.400000000000002 16.6 43.2 10.600000000000001 0 0 0 1 0 0 0.4 1 0.6000000000000001 0 0 0.4 0.6000000000000001 0.2 0 0.6000000000000001 0 0.4 0 0.6000000000000001 0.6000000000000001 0.2 0.2 0 0 0.6000000000000001 0 0 0 0.6000000000000001 0.6000000000000001 0 0 0 0 0.2 0 0.4 0 1.2000000000000002 0 0 0.6000000000000001 0.6000000000000001 0.2 0 0 0 0 0 0 0.6000000000000001 0 0.6000000000000001 0 0.6000000000000001 7.2 9 0.4 0 9.200000000000001 0.2 3.2 0.8 0 4.800000000000001 1 2.6 0 5 3 0 3 0.2 2 6 2.8000000000000003 1.4000000000000001 0.4 4.4 0 0 0 0 4.4 2.2 0 0 0 0 0 0 0 0 0 0 0 0 1.8 0 0 0 0 0 0 0 0 0 0 0 0 0 0 0 0 0 0 0 0 0 0 0 0 0 0 0 0 0 0 0 3.8000000000000003 0 0 0 3 0 0 0 0 0.6000000000000001 2.8000000000000003 9.200000000000001 0 2.2 0 2 3 0 3.8000000000000003 2 0 0 0 0 3 4.2 5.4 0 0 2 0 0 0 0 0 0 0 0 0 0 0 0 0 0 0 0 0 0 2 0 0 0 0 0 0 0 0 0 0 0 0 0 0 0 0 0 0 6.4 0 0 0 0 0 0 0 0 0 0 0 0 0 0 0 0 0 0 6.2 0 0 0 0 0 0 0 0 0 0.6000000000000001 0 17.8 2.6 0.4 1.2000000000000002 2.6 0 0 0 0 0 0 0 0 0 0 0 0 0 0 0 0 0 0 0 0 0 0 0 2 0 0 0 0 0 0 0 0 0 0 0 0 0 
 38 12 35.4 40.400000000000006 17.2 13.600000000000001 70.2 35.4 0 38.2 62.2 18.2 67.60000000000001 36.6 76 139.4 31.400000000000002 9.4 75.60000000000001 32.6 0 0 0 0 0 0 0.4 0.4 0.6000000000000001 0 0 0.4 17.400000000000002 0.2 0.4 0 0 0 29.8 28.200000000000003 13.600000000000001 0.2 0.4 0 0 0.6000000000000001 0 0 0 0 0 0.8 0 0 0 0 0 0.4 0 0 0 0 0.6000000000000001 0.6000000000000001 0.2 0 0 0 0 0 0 0.6000000000000001 0 0.4 0 0.6000000000000001 0 10.8 0 0 3.2 0.2 4.800000000000001 6.4 6.4 0.8 2.8000000000000003 2.8000000000000003 0 5.4 0 6.2 0 1.8 6.2 0 8.4 0 0 0 0 0 0 0 0 1.2000000000000002 5 0 0 0 0 0 0 0 0 0 0 0 1 2 0 0 0 0 0 0 0 0 0 0.2 0 0 0 0 0 0 0 0 0 0 0 0 0 0 0 0 0 0 0 0 0.8 0 0 6.2 0 0 0 0 0 0 0.8 0 2.6 0 0 0.2 1 8.4 6.2 0 4.6000000000000005 7.2 0 4 0 8.4 0 6 1.8 0 0 0 0 0 0 0 0.6000000000000001 2.8000000000000003 0 0 0 0 2.2 2.2 0 4 0 0 0 4.6000000000000005 0 0 0 0 0 0 0 0 0 0 0 0 0 0 0 0 1.4000000000000001 0 0 0 0 0 0 0 0 0 0 0 0 0 0 0 0 0 0.2 0 0 0 0 0 0 0 0 0 0 0.4 0 0 0.4 18.400000000000002 2.4000000000000004 0.6000000000000001 0 0 0 0 0 0 0 0 0 0 0 0 0 0 0 0 0 0 0 0 0 0 0 0 8.6 0 0 0 0 0 0 0 0 0 0 0 0 0 
 45.2 41.6 17.6 45 13.600000000000001 41.2 50.800000000000004 24.200000000000003 38.2 0 46 13.200000000000001 10.4 15 43.400000000000006 40.2 11.4 27.200000000000003 15.600000000000001 60 0.4 0.4 0 0 0.4 0 0.6000000000000001 0.4 0.6000000000000001 0 0 0.4 15.200000000000001 0.2 0 0 0 0 16.400000000000002 0.6000000000000001 6.800000000000001 0.6000000000000001 0 0 0 0.4 0 0 0 0 13 0 0 0 0 0 0 0.4 0 0 0 0 0.6000000000000001 0.2 0.6000000000000001 0 0 0 0 0 0 0.6000000000000001 0 0.6000000000000001 0 0.6000000000000001 0 2.6 0 0 0 2.4000000000000004 4.4 7.2 5.800000000000001 5.800000000000001 0 0 0 5.4 7.4 3 0 4.4 1.2000000000000002 0.2 3.2 0 0 0 0 0 0 0 0 0 2.6 0 0 0 0 0 3.4000000000000004 9.4 0 0 1.4000000000000001 0 0 4.2 0 0 0 0 0 0 0 0 0 0 0 0 0 0 0 0 0 0 0 0 0 0 0.4 0 0 0 0 0 0 0 0 0 0 0 0 0 0 0 0 0 0 7.2 0 1.8 1.8 6.6000000000000005 0 0 6.6000000000000005 0 2.2 0 0 0 5.6000000000000005 7.800000000000001 0 0.6000000000000001 0 0 0 3.2 0 0 0 0 0 0.4 0 0 0 0 3 5.6000000000000005 0.2 0.4 0 0 3.6 7.2 0 0 0 0 0 0 0 0.2 0 0 0 0 0 0 0 0 0 0 0 0 0 0 0 0 0.2 0 0.4 0 0 0 0 0 0 0 0 0 0 0 0 0 0 0 0 0 0 0 0.2 0 18.2 34.800000000000004 1.6 0.4 0 0 0.4 0 0 0 0 0 0 0 0 0 0 0 0 0 0 0 0 0 0 0 0 2.6 0 2.6 0 0 0 0 0 0 0 0 0 0 0 0 
 42.800000000000004 42.6 9.4 26.8 20 16.8 26.200000000000003 70.2 62.2 46 0 13.200000000000001 28 8 39.800000000000004 54.400000000000006 50.400000000000006 28 24.200000000000003 12 0 0 0 0 0 0 15.8 0.4 0.6000000000000001 0 0 0.4 0.8 0.2 0 0 0 0 0.2 1 0.6000000000000001 0.4 0 0 0 0.6000000000000001 9.4 0 0 0 0 0 0 0 0 0 0.2 0.4 0 0 0 0 0.6000000000000001 0.6000000000000001 0.2 0 0 0.6000000000000001 0 0 0 0.6000000000000001 0 0.4 0 0.6000000000000001 0 7.4 0 0 2.4000000000000004 5.800000000000001 10 4.4 6.800000000000001 6.2 2.8000000000000003 1.8 0 7.4 0.4 5.2 0 2 3 0 4 2 0 0 0 0 0 0 0 0 2 0 0 0 0 0 4.2 3 0 0 0 0 1 4.2 0 0 0.2 0 0 0 0 0 0 0 0 0 0 0 0 0 0 0 0 0 0 0 0 0 0 0 0 0.4 0 0 5.800000000000001 0 0.2 4.2 0 0 0 0 0 0 8.4 2 2.4000000000000004 2.2 2 2.6 1 4 7.4 3.4000000000000004 0 2.8000000000000003 2.2 1.6 7.800000000000001 4.800000000000001 0 2 1.6 0.2 0 4.2 0 0 0 0 0 0 0 0 0 0 6.4 0 0 2.4000000000000004 0 0 0 1.8 0 0 0 0 0 0 0 0 0 0 0 0 0 0 0 0 0 1.4000000000000001 0 0 0 0 0 0 0 0 0 0 0 0 0 0 0 0 0.4 0 0 0 0 0 0 0 0.2 0 0 2 0 0 18.400000000000002 21.400000000000002 4.800000000000001 0.4 0 0 0 0 0 0 0 0 0 0 0 0 0 0 0 0 0 0 0 0 0 0 0 0.2 1.8 0 0 0 0 0 0 0 0 0 0 0 0 0 
 5 6 79.80000000000001 6.800000000000001 61.6 69.4 7.2 9.200000000000001 18.2 13.200000000000001 13.200000000000001 0 6.4 8.8 29 24.400000000000002 37.2 15 4.2 11.200000000000001 0.2 0 0 0 0 0 15.4 0 42.2 0 0 0.4 44.400000000000006 0 0 0 0.2 0 27.200000000000003 19.8 0.6000000000000001 0.6000000000000001 0.4 0 0 0.4 0 0 0 0 0.2 1.6 0 0 0 0 0 0.4 0 0 0 0 0.6000000000000001 0.2 0.6000000000000001 0 0 0.8 0.2 0 2.2 0.6000000000000001 0.4 0.6000000000000001 0 0.6000000000000001 0 0.2 0 0 0 0 3 1.4000000000000001 3.8000000000000003 1.8 0 0 0 0 2.6 5.800000000000001 0 0 0 1.6 0 0 0 0 0 0.2 0 0 0 0 0.4 3.8000000000000003 2.2 2.8000000000000003 0 0 5 2 15 0 4 0 1.8 3.8000000000000003 0 0 0 0 0.2 0 2.4000000000000004 0 0 0 0 0 0 0 0 1.8 0 0 0 0 0 0 0 0 1.2000000000000002 0 0 0 0 0 0 0 0 0 0 0.2 1.8 0.2 0.4 0 0 0 0 0.8 2.2 1.8 0 0 0 5.4 1.6 4 0 0 0.2 0 0 0 0 0 2.8000000000000003 2 2 0 0 0 7 0 0.2 2 0 0 3.2 2.8000000000000003 0 0 0 0 5.800000000000001 6 0 0 0 0 0 0 0 0 0 0 0 0 0 0 0 0.2 0 0 0 0 0 1.2000000000000002 0 0 0 0 0 0 0 0 0 0 0 0 0 0 0 0 0 0.2 0 0 0 0 0 0.4 0 0.2 0 0.8 0 0.4 0 0 0.2 0 0 0 0 0 0 0 0.2 0 0 0 2 0 0 0 0 0 0 0 0 0 0 0 0 0 0 0 0 0 0 0 0 0 0 0 
 73.60000000000001 10.4 12.200000000000001 29.200000000000003 50.6 5.800000000000001 15.8 92.4 67.60000000000001 10.4 28 6.4 0 74.60000000000001 10.4 17.8 9.4 26.200000000000003 47.400000000000006 24.8 0 0 0 0 0 0 0.4 0.2 0.6000000000000001 0 0 0.4 0.6000000000000001 0 0.6000000000000001 0 0 0 0 0.6000000000000001 2.2 0.6000000000000001 0.2 0 0 0.4 0 10.200000000000001 0 0 0 0 0 0 0 0 0.2 13.200000000000001 0 0 0 0 0.6000000000000001 0 0.6000000000000001 0 0 0 0 0 0 0.6000000000000001 0 0.6000000000000001 0 0.4 0 0.4 0 0 0 5 0.2 0.8 0 0 0 7.6000000000000005 3.2 3.2 0 0.4 8.8 4.2 9.600000000000001 4 1.4000000000000001 2.8000000000000003 3.6 10.200000000000001 0 0 0 0 0 4.6000000000000005 0 0 0 0 0 0 0 0 0 0 0 0 0 0 0 0 0.4 0.2 0 0 0 0 0 0 0 0 0 0 0 0 0 0 0 0 0 0 0 0 0 0 0 0.2 0 0 0.2 0 0.4 0 0.2 0 1.2000000000000002 0 1 0 3 4.6000000000000005 3 0.2 0 0 4.2 0 0 0 0 0 3.2 0 0 0 3.2 0 3.8000000000000003 8 0 0 0 0 0 0 0 0 0 0 0 0 0 0 0 0.2 0 0 0 0 0 0 0 0 0.4 0 0 0 0 0 0 0 0 0 0 0 0 0 1.2000000000000002 0 0 0 0 0 0 0 0 0 0 0 0 0 0 0 0 0 0 0 0 0 0 2.6 0 0 0 0 0.4 0 0.6000000000000001 1 0.4 3.6 3.8000000000000003 0 0 0 0 0 0 0 0 0 0 0 0 0 0.4 0 0 0 0 0 0 0 0.4 0 0 0 0 0 0 0 0 0 0 0 0 0 0 0 
 12 8.6 14 18.6 140 51.2 27.400000000000002 35.800000000000004 36.6 15 8 8.8 74.60000000000001 0 17 24.8 27.400000000000002 9 18.8 47.6 0 0 0 0 0 0.2 41.2 0.4 0.6000000000000001 0 0 0.4 0.6000000000000001 0 40.800000000000004 0 0 0.2 0 0.6000000000000001 0.4 0.6000000000000001 0.2 0 0 0.4 0 13.4 0 0 0 0 0 0 0 0 0 0.4 0 0 0 0 0.6000000000000001 0 0.6000000000000001 0 0 0 0 0 0 0.4 0 0.6000000000000001 0 0.4 5.800000000000001 0.6000000000000001 0 0 0.4 1 0 3.4000000000000004 0.2 2 0 0.2 3.2 2 0 0 4.6000000000000005 0 6.800000000000001 2.8000000000000003 0 4.800000000000001 1.6 0 0 0.2 0 0 0 4.2 0 0 0 0 0 0 0 0 0 0 0 0 0 0 0 0 0 0 0 0 0.2 0 0 0 0 0 0 0 0 0 0 0 0 0 0 0 0 0 0 0 0 0 0 0 1 0 0 0 0 0 0 0 0 0 4.2 5.4 3.2 2.2 0 0 5.4 1.4000000000000001 0 0 0 0 0 0 2 0 6.4 0 4.4 2 0 0 3.4000000000000004 0 0 0 0 0 0 0 0 0 0 0 0 0 0 0 0 0 0 0 0 0 0 0 0 0 0 0 0 0 0 0 0 0.4 0 0 0 0 0 0 0 0 0 0 0 0 0 0 0 0 0 0 0 0 0 0 0 0 0 0 0 0 0 0.2 0 0 19.200000000000003 0.4 0.4 1.2000000000000002 0 0.4 0 0 0 0 0 0 0 0 0 0 0 0 0 0 0 0.4 0 0 0 0 0 0.2 0 0 0 0 0 0 0 0 0 0 0 0 0 0 
 62.400000000000006 35 19.6 12.200000000000001 8.6 31 45.400000000000006 29.6 76 43.400000000000006 39.800000000000004 29 10.4 17 0 18.8 53.400000000000006 9.600000000000001 52 84.60000000000001 0 0 0 0 0 0 0.4 0.4 0.6000000000000001 0 0 1.2000000000000002 0.6000000000000001 1.2000000000000002 0 0 0.4 0.2 1 15.4 14.8 0.6000000000000001 0 0 1.2000000000000002 1.6 0 0 0 0 12.600000000000001 2.2 0 0 0 0 0 0.4 0 0 0 0.6000000000000001 1.8 7.800000000000001 1 0 0 0 1.4000000000000001 0 0.4 0.4 0 0.6000000000000001 0 0.4 0 8 0 0 3 0.6000000000000001 6.2 3 0.2 0.2 0 2 1.4000000000000001 4.6000000000000005 0 3.4000000000000004 0 3 3.6 0 6.4 0.2 1.4000000000000001 0 0 0 0 0 0 0 3.2 0 0 0 0 0 0 0 0 0 0 0 2.8000000000000003 0 0 0 0.2 0.4 0 0 0 0 0 0 0 0 0 0 0 0 0 2.6 0 0 0 0 0 0 0 0 0 0.4 0 0 0 0 0 0 0.4 0 0 4.6000000000000005 0 0 0 3.2 0 0.4 2 5 0.8 3 6.4 2.2 0 2.8000000000000003 0 1.6 0.4 8.6 0.2 0 0.2 0 0 0 0 0 0 0 1.8 0 0 0 0 0 0 1.2000000000000002 1 0.2 0 0 5.6000000000000005 2.4000000000000004 0 0 0 0 0.2 0 0 0.2 0 0 0 0 0 0 0 0 0 0 0 0 0 0 0 0 0 0 0 0 0 0 3.8000000000000003 0 0 0 0 0 0 0 0 0 0 0 0 0 0 0 0.6000000000000001 0 0 36.2 0.4 0 0 0 0 0 0 0 0 0 0 0 2.4000000000000004 0 0 0 0 0 0 0 0 0 0 0 0 0 1.6 0 0 0 0 0 0 0 0 0 0 0 0 0 
 30 108.2 62.2 12.200000000000001 11.600000000000001 19.6 24.400000000000002 54.800000000000004 139.4 40.2 54.400000000000006 24.400000000000002 17.8 24.8 18.8 0 13.200000000000001 9.200000000000001 8 12.8 0 0 0 0 0 0.4 0.4 0.2 0.6000000000000001 0 0 0.4 0.6000000000000001 0 0 0 0 0 14.600000000000001 1 14.200000000000001 0.6000000000000001 0 0 0 0.4 0 0 0 0 14 0 0 0 0 0 0 0.4 0 0 0 0 0.6000000000000001 0 0.6000000000000001 10.200000000000001 0 0 0.2 0 0 0.6000000000000001 0 0.6000000000000001 0 0.4 0 2.6 0 0 1.2000000000000002 10.600000000000001 7.2 2 2.2 1.8 1.2000000000000002 4.6000000000000005 1.8 8.200000000000001 4.2 2.6 0 2 3.4000000000000004 1.4000000000000001 9 2.4000000000000004 0 8.200000000000001 0 0 0 0 0 0 2.2 0 0 0 0 0 0 3 1.8 0 0 0 0.2 2 0 0 0 0 0 0 0 3 0 0 0 0 0 0 0 0 0 0 0 0 0 0 0 0 0 0 0 0 0.2 0.2 0 0 0 0 3.4000000000000004 0 0 0 0 0 0 2.6 4.800000000000001 0.6000000000000001 0 3 0 2.8000000000000003 5.2 0 0 1.8 1.8 3.4000000000000004 3.2 4.4 0 2.8000000000000003 4.4 3 2 0 0 0 0 0.4 1.6 2.2 0 0 0 0 2.6 2.2 0.2 3.2 0 1.4000000000000001 2.8000000000000003 5.4 0 2.8000000000000003 0 0 0 0 0 0 0 0 0 0 0 0 0 0 0 0 0 0 0 0 0 0 0 0 0 0 0 0 0 0.4 0 0 0 0 0 0 0 0 0 3 0 0 0 0.4 0.2 0 1.4000000000000001 17.6 2.6 0.6000000000000001 0 0.2 0 0 0 0 0 0 0 0 0 0 0 0 0 0 0 0 0 0 0 0 0 2.8000000000000003 0.2 1.4000000000000001 0 0 0 0 0 0 0 0 0 0 0 0 
 7.4 5.6000000000000005 25.200000000000003 6 52.2 54.800000000000004 32.6 19.400000000000002 31.400000000000002 11.4 50.400000000000006 37.2 9.4 27.400000000000002 53.400000000000006 13.200000000000001 0 43.2 13 23.200000000000003 0.2 0.2 0 0 0.2 0 15.200000000000001 0.2 0.6000000000000001 0 0 0.8 0.6000000000000001 0.8 0.2 0 15.200000000000001 0 23.400000000000002 0.6000000000000001 1 0.4 0 1.8 0.6000000000000001 1.2000000000000002 0 0 0 0 12.200000000000001 3.4000000000000004 0 0 0 0 0 0.4 0 0 0.2 0.8 1.2000000000000002 0.8 0.6000000000000001 0 0.2 0 2 0 0.6000000000000001 8.8 0 0.4 0 0.6000000000000001 0.4 10.4 0 0.2 3.2 0 3.8000000000000003 0.2 0 0.2 2.2 2.8000000000000003 0 5.6000000000000005 2.8000000000000003 3.8000000000000003 0 0.2 2.8000000000000003 0 0 8.6 0.2 0 0 0 0 0 0 1.8 0.4 2.2 0 0 0 0 0.2 0.2 0.2 0 0 0 6.2 0 0 0 0 0 0 0 0 0 0.2 0 0 0 0 0 0 2.8000000000000003 0 0 0 0 0 0 0 0 0 0 0 0 0 0 1.2000000000000002 0 0 0 0 0.4 0 0 0.2 0 0.8 0 1.8 4.800000000000001 0 2.8000000000000003 1.2000000000000002 7.800000000000001 0 5.4 1.8 0 0 6.800000000000001 2.6 9.8 0 2.2 1.8 0 0 0 0 0.2 0 0 0 0 0 1.2000000000000002 0 0 0 0 2.2 0 0 0 3.2 0.8 0 0 0 0 0 0 0 0 0 0 0 0 0 0 0 0 0 0 0.2 0 3 0 0 0 0 0.6000000000000001 0 0 0 0 0 0 0 0.4 0 0 0 0 0 0 0 0 0 0 0 0.4 0.4 0 0 17.6 0 1.4000000000000001 0 0 0 0 0 0 0 0 0 0 0.8 0 0 0 0 0 0 0 0 0 0 0 0 3.6 1.4000000000000001 0 0 0 0 0 0 0 0 0 0 0 0 0 
 115.60000000000001 34 28.200000000000003 16.400000000000002 10.600000000000001 29 53 16.6 9.4 27.200000000000003 28 15 26.200000000000003 9 9.600000000000001 9.200000000000001 43.2 0 23.8 9.200000000000001 0 15.200000000000001 0.6000000000000001 0 0 0 17.2 0.4 0.6000000000000001 0 0 0.4 0.6000000000000001 0.2 0 0 0 0 15.4 0.6000000000000001 0.8 0.4 0 0 0 0.6000000000000001 0 0 0 1.4000000000000001 12.600000000000001 0 0 0 0 0 0 0.4 0 0 0 0 0.6000000000000001 0.4 0.4 0 0 0 1 0 0 0.6000000000000001 0 0.6000000000000001 0 0.6000000000000001 0 0 0 0 3.2 2.2 0 0 0 2.6 3.6 4 0.2 4.6000000000000005 5.4 0.4 0 2 0 1 2 4 0.2 5.2 0 0 0 0 0 0 0 2.4000000000000004 0 0 0 0 0 0 0 0 0 0 4.800000000000001 1 0.2 0 0 0 0.6000000000000001 0 0 0 0 0 0.8 0 0 0 0 0 0 0 0 0 0 0 0 0 0 0.4 0 0 0 0 0 0 0 0 0 0 0 0.2 0 0 0 0.2 2.2 4.6000000000000005 4.2 2.8000000000000003 3.2 4.6000000000000005 0 2.2 10.8 2.2 0 5 3.8000000000000003 6 0 1.8 1.2000000000000002 5.4 0 0 0 0 0 0 0 0 0 0 0 0 0.4 0 7 0 0 0 2.8000000000000003 0 0 0 0 0 0 0 0 0 0 0 0 0 0 0 0 0 0 0 0 0 0 0.2 0 0 0 0 0 0 0 0 0.2 0 0 0 0 0 0 0 0 0 0 0 0 0 0 0.8 22.6 0 0 18.2 0 0.2 0 0 0 0 0 0 0 0 0 0 2 0 0 0 0 0 0 0 0 0 0 0 0 11.200000000000001 0 1.6 0 0 0 0 0 0 0 0 0 0 0 0 
 27.400000000000002 67.4 51.800000000000004 13.600000000000001 91.80000000000001 54.800000000000004 22.200000000000003 43.2 75.60000000000001 15.600000000000001 24.200000000000003 4.2 47.400000000000006 18.8 52 8 13 23.8 0 61.2 0 0 0.2 0 0 0.2 0.4 0.2 0.6000000000000001 0 0 0.4 0.6000000000000001 0.2 0 0 0 0 0 1 0.6000000000000001 0.2 0.6000000000000001 0.6000000000000001 0 0.6000000000000001 0 0 0.2 0.4 0 0 0 0 0 0.4 0.2 0.4 0 0 0 0 0.6000000000000001 0.6000000000000001 0.6000000000000001 0.2 0 0 0 0 0.6000000000000001 1.2000000000000002 0 0.4 0 0.6000000000000001 0.2 10.600000000000001 0 0 1.4000000000000001 2.8000000000000003 0 0.2 0 0 0 4 0.2 1.6 2.6 0 3.2 1.8 3 0 0 0 2.2 4.6000000000000005 0 0 0 0 0 0 0 0 0 0 0 0 0 0 0 0 0 0 2.6 0 0 0 0 0 0 0 0.4 0 0 0 0 0 0 0 0 0 0 0 0 0 0 0 0 0 0 0 0 0 0 0 0 0 0 0 0 0 2.8000000000000003 0 2.8000000000000003 0 0 2.6 0 0 0 0 3 7.2 0 0.4 0 0 2.2 1.2000000000000002 0 1.4000000000000001 2.2 0 4.800000000000001 7 0 0 0 0 0 0 2 0 0 0 0 0 0 0 0.4 0 0 0 0 0 2 0 0 0 0 0 0 2.8000000000000003 0 0 0 0 0 0 0 0 0 0 0 0 0 0 0 0.4 0 0 0 0 0.2 0 0 0 0 0 0 0 0 0 0 0 0 0 0 0 3.6 0 0.4 0 0.4 0.2 0 1 0 0 0 0 0 0 0 0 0 0 0.4 0 0 0 0 0 0 0 0 0 0 0 0 0 1.4000000000000001 0 0 0 0 0 0 0 0 0 0 0 0 0 
 21.400000000000002 7.2 6.2 17 13.8 7 12.200000000000001 10.600000000000001 32.6 60 12 11.200000000000001 24.8 47.6 84.60000000000001 12.8 23.200000000000003 9.200000000000001 61.2 0 0 0 0 0 0 0 0.4 0.2 0.6000000000000001 0 40.2 40.800000000000004 0.6000000000000001 0 0.2 0 0 0 0 0.6000000000000001 0.4 0.6000000000000001 0 0.6000000000000001 0 0.4 0 0 0 0 0 0 0 0 0 0 0 0.4 0 0 0 0 0.6000000000000001 0.2 10.4 0 0 0 0 0 0 0.6000000000000001 0.4 0.6000000000000001 0 0.4 3.6 0.2 0 0 2.4000000000000004 0.4 0 0.4 0 0 0.4 13.200000000000001 2 0.2 0 0 0 1.2000000000000002 2.8000000000000003 2 0 0 5.6000000000000005 9 0 0 0 0 0 0.2 1 0 0 0 0 0 0 2.6 0 0 0 0 0 0 0 0 0 0 0 0 0 0 0 0.4 0 0 0 0 0 0 0 0 0.2 0 0 0 0 0 0 0 0 0 0 0 1.4000000000000001 0 0 0 0 0 0 0 2.6 0 1.4000000000000001 0 0 0.2 0 0 2 2.2 4 0 0 0.4 0 5.4 0 0 3.6 0 2.2 0 0 0 0 0 0 0 0 0 0 0 0 1.4000000000000001 0 0 0 0 0.6000000000000001 0 1.6 0 0 0 0 0 0 0 0 0 0 0 0 0 0 0 0 0 0 0 0 0 0 0 0 0 0.4 0 0 0 0 0 0 0 0 0 2.4000000000000004 0 0.2 0 2.2 0 0 0 0 0 0 0.2 0 0.4 0.2 0.4 0.2 1.6 4.2 0 0 0 0 0 0 0 3.2 0 0 0 0 0 0 0 0 0 0 0 0 0 0 0 0 0 0 0 0 0 0 0 0 0 0 0 0 0 
 0 0 0 0.8 0 0 0 0 0 0.4 0 0.2 0 0 0 0 0.2 0 0 0 0 19.8 38.2 25.200000000000003 7.4 5.800000000000001 24.400000000000002 27.6 36.6 15 5.4 9.4 23.6 29 39.400000000000006 12.4 31.400000000000002 30.400000000000002 8.6 37.6 0.4 0 0.8 0.4 0 0 0.6000000000000001 0 0 0 0 0 0 0 0.4 0.6000000000000001 0.2 0.2 0 0 0 0 0.6000000000000001 0 0.4 0 0 0 0 1 10.4 0.6000000000000001 0 0 0 0 0.4 0.4 0 9 0 0 0 0 0 3 0 0 0 0 0 0 0 0 0 0 0 0 0 0 2 0.4 3.6 2.2 3.8000000000000003 2.6 3 3 1.4000000000000001 5.4 2.4000000000000004 0 0 0 4.6000000000000005 3 4.6000000000000005 5.4 0 0 0 0 0.8 0 0 0 0 0 0 0 0.2 0 0 0 0 0 0 0 0 0 0 0 0 0 0 0 0 0.2 0 1.4000000000000001 0 1.6 0 0 0 0 0 0.2 0 0 0 0 0 0 0 0 0 4.2 0 0 0 0 0 0 0 0 0 0 0 0 7.4 3.8000000000000003 0.6000000000000001 3.4000000000000004 6.6000000000000005 2.4000000000000004 2.6 2.4000000000000004 0 2.4000000000000004 0 2.8000000000000003 5.800000000000001 10 5.6000000000000005 3.2 3.2 2.8000000000000003 0 0 0 0 0 1.8 0 0 0.2 0 0 0 0 0 0 0 0 0 0 0 0 0.2 0 2.6 0 0 0.4 0 0 0 0 0 0 0 0 0 0 0 0 0 0 0 0 0 0 0 0 0 0 0 0 0 0 0 0 0 3.4000000000000004 0.4 0.4 15.4 0 0.2 0.2 0 0 0 0 0 0 0 0 0 0 0 0 0 0 0 0 0 0 0 0 0 0 0 0 3 0 0 0 0 
 0 0 0.2 0.4 0 0 0 0 0 0.4 0 0 0 0 0 0 0.2 15.200000000000001 0 0 19.8 0 31.200000000000003 24 5.4 8.200000000000001 14.600000000000001 15.8 53.6 12.600000000000001 4.4 6.2 32.800000000000004 74 47.400000000000006 31.400000000000002 15.600000000000001 27.200000000000003 23.8 25.8 0.4 0 0.8 0 0 0 0.6000000000000001 0 0 0 0 0 0 0 0.4 0.6000000000000001 0 0 0.4 0 0 0 0.6000000000000001 0 0.4 0 0 0 0 0 1.2000000000000002 0.8 0 0 0 0 0.4 0.6000000000000001 0.2 0 0 0 0 0 0 0 0 0 3.8000000000000003 0 0 0 0 0 0 0 0 0 0 0 7.4 4.4 3.2 5.2 2.2 3.8000000000000003 4.6000000000000005 2 4.6000000000000005 0.2 5.4 10.4 0.2 1.8 1.4000000000000001 0 0.4 3.8000000000000003 0 0.6000000000000001 0 0 0 0 0 0 0 0 0 0 0.4 0 0 0 0 0 0 0 0 1.6 0 0 0 0 0 0 0 0 0 0.6000000000000001 0 0 1.2000000000000002 0 0 0 0 0.2 0 0 0 0 0 0 0 0 0 0 0 0 0 0 0 0 0 0 0 0.2 0 0 4.2 1.6 2.8000000000000003 7.2 5.4 3.8000000000000003 0.6000000000000001 2.4000000000000004 4.800000000000001 0.2 2.2 0 1.6 0.2 2.6 2.6 5 4.4 0 0 0 0 0 2.2 0 0 0 0 0 0 0 0 0 0.2 0 0 0 0 0 0.4 0 0 0 0 0.4 0 0 0 0 0 0 0 0 0 0 0 0 0 0 0 0 0 0 0 0 0 0 0 0 0 0 0 0 0 1.4000000000000001 0 0 0 0 0 4.2 0 0 0 0 0 0 0 0 0 0 0 0 0 0 0 0 0 0 0 0 2.6 0 0 0 0 0 0 0 0 
 0 0.6000000000000001 0 0.8 7 15.8 0 0 0 0 0 0 0 0 0 0 0 0.6000000000000001 0.2 0 38.2 31.200000000000003 0 75.8 37.4 25 27.200000000000003 59.400000000000006 29.400000000000002 61.6 37.800000000000004 89.2 11.4 42.400000000000006 64 65.2 54.2 13 7.4 3.6 0.2 0 1 0 0 0 1.2000000000000002 0 0.2 0.6000000000000001 0 0 0 0 0.4 0.6000000000000001 0 0 0 0 0 0 0.6000000000000001 0 0.6000000000000001 0 0 0 0 0 0.6000000000000001 0.4 0 0 0 0 0.4 0.8 0 0 0 0 0 0 0 3 0 0 0 0 0 0 0 0 0.4 0 0 0 0 0 4 0.4 6.4 2.4000000000000004 2.8000000000000003 0.4 0 0 0 0 2.2 0.6000000000000001 0 0 2.2 0 5 3.6 0.4 0.2 4.2 0 0 0 0 0 2.4000000000000004 0.4 0.4 0 0 0 0 0 0 1.8 0 0 0 0 0 0 0.6000000000000001 0 0 0 0 0 0 0 0 0 0 0 0 0 0 0 0 0 0 0 0.2 0 2.2 1.2000000000000002 0 0.8 0 0 0 0 0.4 0 0.2 0 0 0 0 1.2000000000000002 0.2 5.800000000000001 0 4.800000000000001 4.4 0.4 0 3.2 0 0 6.2 8 3.6 0 5.6000000000000005 7.6000000000000005 2.8000000000000003 12.4 0 0 0 0 0 2.8000000000000003 0 0 0 0 0 0 0 0 4.2 0 0 0 0.4 0 0 1.8 0 0 0 0 0.2 0 0 0 0 0 0 0 0 0.2 0 0 0.4 0 0 0 0 0 0.6000000000000001 0 0 0 0 0 0 0 0 0 0 0 2.8000000000000003 0 0.4 20.400000000000002 0 0 0 2.8000000000000003 0 0 0 0 0 0 0 0 0 0 0 0 0 0 0 0 0 0 0 4.2 0 0 0 2.4000000000000004 0 0 0 0.4 
 0 0 0 0.4 0.2 0 0 1 0 0 0 0 0 0 0 0 0 0 0 0 25.200000000000003 24 75.8 0 35.800000000000004 11 52.400000000000006 40 160.20000000000002 89.4 15.600000000000001 23.200000000000003 52.800000000000004 49 74.8 24.400000000000002 45.400000000000006 65.2 14.4 15.4 6.4 0 1 0 0 0 4.2 13.200000000000001 0 0 0 12.200000000000001 0 4 0.4 0.6000000000000001 0 0 13 16.2 0 0 0.6000000000000001 0 0.4 0 0 0 0 0 2 0.6000000000000001 0 0 0 0 0.4 0.6000000000000001 0 0 0 0 0 0 0 0 0 0 0 0 0 0 0 0 0 0 0 0 0 0 2.2 0.2 3.2 2.4000000000000004 4 3 0 0 1.4000000000000001 0 7.800000000000001 4 0 0 4.4 0.2 3.6 0 0 0 7.2 2.2 0 0 0 0 5 6.6000000000000005 0 0 0 0 3.8000000000000003 3 0 1.8 0 0.2 3.6 2.4000000000000004 0 0 0 0 0 0 1 0 0 0 0 0 0 0 0 0 0 0 0 0 0 0 0 0 0 0 0 0 0 0 0 0 0 0 0 0 0 0 0 0 2 2.8000000000000003 3 5 2.2 4.800000000000001 0 2.2 4.2 0.2 0.4 1.6 0 0 0 0 2 5.2 0 0 2.6 2 0 2.8000000000000003 0.2 0 4.2 0 0 0 0 0 1.8 2.2 0 0 1.4000000000000001 0 0 0.2 0 0 0 0 0 0 0 0 0 0 0 0 0 0 0 0 0 0 0 0 0 0 0 0 0 0.4 0 0 0 0 0 0 0 0 2.2 0.4 0.8 0.4 32.800000000000004 0 0.6000000000000001 0 0 0 0 0 0 0 0 0 0 0 0 0 0 0 0 0 0 2.2 0 0 0 0 0 0 0 0 0 0 
 0 0 0 19.8 0 0 0 0 0 0.4 0 0 0 0 0 0 0.2 0 0 0 7.4 5.4 37.4 35.800000000000004 0 29.6 9.8 36.2 18.2 26.200000000000003 61.6 34.2 13.4 44.6 20.8 24 25.6 17.2 14 19.200000000000003 0.2 0 1 0 0 0.2 11.200000000000001 12.600000000000001 0 0 0 0 0 10.8 0.4 0.6000000000000001 0 0 13.200000000000001 23.6 0 0 0.6000000000000001 1.2000000000000002 0.4 0 0 0 0 0 0.6000000000000001 0.6000000000000001 0 0 0 0 0.4 0.6000000000000001 0 0 0 0 0 0 0 0 0 0 0 0 0 0 0 0 0 0 0 0 0 0 5.800000000000001 0 7 2.4000000000000004 0.6000000000000001 0 1.8 2.2 1.6 0 0.2 9 0 0 0 0 0.4 5.6000000000000005 0 0 8.8 4.800000000000001 0 0 0 0 3.6 4.4 0 0 0.4 0 3 11 0 2.2 0 0 3.8000000000000003 3.8000000000000003 0 0 0 0 0 0 2 0 0 0 0 0 0 0 2.6 0 0 0.2 0 0 0 0 0 0 0 0 0 0 0 0 0 1.6 0 0 0 0 0.4 0.2 0 0 2.8000000000000003 0 1.6 6.800000000000001 4.6000000000000005 0.4 0 0.4 3.4000000000000004 0.2 1.6 5.800000000000001 0 0 2 0 2 0 0 0 5.800000000000001 1.8 0 0 0 0 3.8000000000000003 1.8 3.4000000000000004 0 0 0 1.6 0.2 2.6 0.4 1.8 0 0 0 0 0 0 0 0.4 0 0 0 0 0 0 2.2 0 0 0 0 0 0 0 0 0 0 0 0 0 0 0 0 0 0 0 0 0 0 3 0 0.2 31.8 15.200000000000001 0 0 0.4 0 0 0 0 0 0 0 0 0 0 0 0 0 0 0 0 0 0 0 2.4000000000000004 0 0 0 2.6 0 0 0 0 
 0 0 0 0.2 0 0 0 0 0 0 0 0 0 0.2 0 0.4 0 0 0.2 0 5.800000000000001 8.200000000000001 25 11 29.6 0 7.4 23.400000000000002 66.8 71.60000000000001 65.8 28.400000000000002 3.2 11.4 26.200000000000003 19.400000000000002 12.200000000000001 56.6 12.8 10.4 0 0.6000000000000001 0.6000000000000001 12.4 0.4 0 0.6000000000000001 13 0 0 0 0 10 16.8 13.600000000000001 7.4 12.8 0 0 22 0 0 0.6000000000000001 0 0.4 0 0 0 0 0 0.6000000000000001 0.6000000000000001 0 0 0 0 0.4 0.6000000000000001 0 1.2000000000000002 0 0 0 0.2 0 0 0 0 0 0 0 0 0 0 0 0 0 0 0 0 0 1.8 0 0 1.6 0 0 0 3.2 0.4 2.2 0 0 0 0 1.8 2.4000000000000004 6.4 0 0 2.6 4.800000000000001 2.4000000000000004 0 1.4000000000000001 0 5.2 2.4000000000000004 0 1.4000000000000001 0 0 1.6 6 2.2 0 13.200000000000001 2.6 6.6000000000000005 7 0 0 1 0 0 0 0.4 0 0 0 0 0 0 0 0 0 0 0 0 0 0 0 0 0 0 0 0 0 0 0 0 0 0 0 0 0 0 0 0 0 0 0 3 2.2 0.4 2.4000000000000004 0 0 0 0.2 7.800000000000001 2.2 0 0 0 0.2 1.8 2.2 0 0 5 5.6000000000000005 0.2 0 0 0 5.2 0 2.4000000000000004 1.4000000000000001 2.8000000000000003 0 2.2 0 0 5 2.2 4.800000000000001 4.2 1.6 0 0 0 0 0 0 0 0 0 0 0 0 5.4 0 0 0 0 0 2.4000000000000004 0 0 0 0 0 0 0 0 0 0 0 0 0 0 0.4 1.2000000000000002 0 1 15.200000000000001 16.2 0 1.2000000000000002 2.4000000000000004 0 0 0 0 0 0 0 0 0 0 0 0 0 0 0 0 0 0 0 0.4 0 0 0 0 0 0 0 0 
 0.4 0.4 0.4 20.400000000000002 22.400000000000002 16.6 0.4 0.4 0.4 0.6000000000000001 15.8 15.4 0.4 41.2 0.4 0.4 15.200000000000001 17.2 0.4 0.4 24.400000000000002 14.600000000000001 27.200000000000003 52.400000000000006 9.8 7.4 0 14.200000000000001 119.2 6.6000000000000005 7 10 89.60000000000001 49 109.2 8.4 6.2 10.200000000000001 19.400000000000002 69.60000000000001 0.2 0 1 0 0 0 0.6000000000000001 0 0 0 1.4000000000000001 0 0 0 0.4 0.6000000000000001 0 0 0 0 0 0 0.6000000000000001 0 0.4 0 0 0 1 0 0.6000000000000001 0.6000000000000001 0 0 10 0 0.6000000000000001 0.6000000000000001 0 7.2 0 0.4 0 0 0 2.4000000000000004 0 0 0 0 3.4000000000000004 11.600000000000001 0 2.2 0.2 0 0 0 0 2.2 0 4.4 0 0 0 2.8000000000000003 3.4000000000000004 1.2000000000000002 5.800000000000001 9.8 0 0 3.8000000000000003 5.6000000000000005 4.6000000000000005 0 5.6000000000000005 0 7.6000000000000005 7.4 0 0 0 0 0 2.8000000000000003 0 0 0.2 0 0 0 0 0 0 0 0 0 0.2 0 0 0 0 0 0 0 0 0 1.6 0.8 0 1.2000000000000002 0 0 0 0 0 0 0 0 0 0 0.4 3.6 2 3.8000000000000003 0.4 1 0 3.6 2 2.8000000000000003 0.2 0 0 0 0 0 0 0 1.8 3.8000000000000003 0.6000000000000001 2 2.4000000000000004 0 2.8000000000000003 0.2 0.2 5.800000000000001 0 0 7.2 5.2 6.2 0.4 0 0 4.800000000000001 7.4 0 0 0 0 0.4 0 0 0 0 0 0 0 0 0 0 1.4000000000000001 0 0 0 0.2 0 0 0 0 1.8 7 0 0 2.4000000000000004 0 3 0 0 0.4 0 0 0 0 0 0 0 0 2.4000000000000004 0 0 0.2 0 0 0 0 0 0 0 0 0.2 0 0 0 0 0 0 0.4 0 0 0 0 2.2 0 0 0 0 0 0 0 0 4 0 0 0 0 0 0 0 0 0 0 0 0 0 0 
 0.2 0.2 0 0.2 1 0 0.2 1 0.4 0.4 0.4 0 0.2 0.4 0.4 0.2 0.2 0.4 0.2 0.2 27.6 15.8 59.400000000000006 40 36.2 23.400000000000002 14.200000000000001 0 56.800000000000004 30.400000000000002 52.2 8.4 15.200000000000001 38.800000000000004 18.6 11 110.60000000000001 87 17 8.4 0.4 0 0.8 0 0 0 0.8 0 0 0 0 0 0 0 0.6000000000000001 0.6000000000000001 0.2 0 1 0 0 0 0.6000000000000001 0 0.4 0 12 0 0 0 0.6000000000000001 0.6000000000000001 0 10 0 0 0.4 0.6000000000000001 0.4 0 0 0 0 0 0 0 0 0 0 0 0 0 0 0 0 0 0 0 0 0 1.8 1.2000000000000002 5.2 7.6000000000000005 7.6000000000000005 3.6 0 0 4.6000000000000005 0.6000000000000001 2.6 4.2 0 1.6 0 2.6 0 3.4000000000000004 0 0 0 0 0 0 0 0 1.6 0 0 0 0 0 0 0 0 0 0 0 0.8 0 0 0 1 0 0 1.4000000000000001 0 0 0 0 0 0 0.2 0 0 0.4 0 0 0 0 0 0 0 0 0 0 0 0 0 0 0 0 0 0 0 0 0 0 0 0 0 0.2 6 6.2 5 3.6 0 2.6 6.6000000000000005 0 3.4000000000000004 0.2 0 0 2.4000000000000004 0 3.2 8.4 2.8000000000000003 0 0.2 0 0 0 0.2 0 2.6 0 0 0 0 0 0.4 2 0 0 0 0 0 0.2 0 0 0 1.8 0 0 0 0 0 0 0 0.4 0 0 0 0 0 0 0 0 0 0 0 0 0 0.6000000000000001 0 0 0 0.2 0 0 0.2 0 3.2 0.4 0 0.4 15.4 0 0.4 3.2 0 0 0 0 0 0 0 0 0 0 0 0 0 0 0 0 0 0 0 2 0 0 0 4 0 0 0 0.4 
 0.6000000000000001 0.6000000000000001 0.6000000000000001 0.6000000000000001 0.6000000000000001 0.6000000000000001 0.6000000000000001 0.6000000000000001 0.6000000000000001 0.6000000000000001 0.6000000000000001 42.2 0.6000000000000001 0.6000000000000001 0.6000000000000001 0.6000000000000001 0.6000000000000001 0.6000000000000001 0.6000000000000001 0.6000000000000001 36.6 53.6 29.400000000000002 160.20000000000002 18.2 66.8 119.2 56.800000000000004 0 95.60000000000001 28.8 26.400000000000002 55 55 72.60000000000001 51 24 65.2 13 11.200000000000001 12.8 0 1 0 0 0 0.6000000000000001 0 0 0 0 0 12.600000000000001 0 1.4000000000000001 0.6000000000000001 0 0 0 0 0 0 0.6000000000000001 0 0.4 0 0 0 0 7.4 0.6000000000000001 0.4 0 0 0 0 0.4 0.6000000000000001 0 10.200000000000001 0 0 0 0 0 0.2 0 0 0 0 0.4 0 0 1.4000000000000001 0 0 0 0 0 0 5.800000000000001 9 2 11.8 4.4 2.6 2.4000000000000004 6 5.800000000000001 2.8000000000000003 4.6000000000000005 3.2 1.8 2.4000000000000004 0 0 1.6 0 0 1.2000000000000002 3.8000000000000003 0 0 0 0 0 2.6 0 0 0 0 0 0 0.2 0 0 0 0 0 4 0 0 0 0 0 0 0 0 0 0.2 0 0 0.8 0 0 0 0 0 0 0 0 0 0 0 0 0 0 0 0 0 0 0 0 0 0 0 0 0 0 0 4.6000000000000005 6.6000000000000005 4.4 2 1.8 2.8000000000000003 2 2.2 0 0 2.4000000000000004 0 1.8 2 2.8000000000000003 0 3.8000000000000003 3.6 0 0 0 0 0 2.6 0 0.2 4.800000000000001 0 0 0 0 0 3.2 2.8000000000000003 0 0 0.4 0 0 6.800000000000001 0 0 0 0 0 0 0 0 0 0 0 0.2 0 0 0 0 0 0 0 0 0 0 0 0 0 0 0 0 0 0 0 0 0 0 1.6 0 0 0 7 0 2.6 0.4 0 0 0 0 0 0 0 0 0 0 0 0 0 0 0 0 0 2.2 0 0 0 0.2 0 0 0 0 0 0 
 0 0 0 0.2 14.4 17.8 0 0 0 0 0 0 0 0 0 0 0 0 0 0 15 12.600000000000001 61.6 89.4 26.200000000000003 71.60000000000001 6.6000000000000005 30.400000000000002 95.60000000000001 0 34.6 8.200000000000001 17 17.6 38.400000000000006 42.2 23.400000000000002 28 17 36.800000000000004 6.4 0 0.8 0 0 0 0.8 12.600000000000001 0.2 0 0 0 0 0 0.4 0.6000000000000001 0 0 0 16.8 0 5 0.6000000000000001 0 0.4 0 0 0 0 0 5.2 0.6000000000000001 0 0 0 0 0.4 0.6000000000000001 0 0 0 0 0 0 0 0 0 0 0 0 2.6 0 0 0 0.4 0 0 0 0 0 2 2.4000000000000004 0 0 5.4 2.2 0 0 0.4 0 6 5.800000000000001 0 0 10 0 6.800000000000001 5.4 4 0 5.2 1.8 0 0 0 0 1.8 2.8000000000000003 0.4 0 0 0 0.8 1.8 0 0 0 0.2 5.6000000000000005 0 0 0 1 0 0 0 0 0 0 0 0 0 0 0 0 0 0 0 0 0 0 0 0.2 0 0 0.2 0 0 0 0 0 0 0.4 0 0 0 0 0 0 0 6.6000000000000005 2 2.8000000000000003 6.6000000000000005 2.4000000000000004 0 0 5 0 0 0 4.6000000000000005 0 2.2 1.8 3.2 4.800000000000001 3.8000000000000003 0 0 0 1.8 0 1.6 0 0 3.8000000000000003 1.2000000000000002 0 0 0 0 1.6 0 0 0 0.4 0 0 0.6000000000000001 0 0 0 0 1.8 0 0 0 0 0 0 0.2 0 0.2 0 0 0.4 0 0 0 0 0 1.4000000000000001 0 0 0 0 0 0 0 0 0 0 0 3.8000000000000003 0 0.4 15.200000000000001 15 0 0.8 2 0 0 0 0 0 0 0 0 0 0 0 0 0 0 0 0 0 2.2 0 2.4000000000000004 0 0 0 0 0 0 0 0.4 
 0 0 0 0.4 0 15.200000000000001 0 0 0 0 0 0 0 0 0 0 0 0 0 40.2 5.4 4.4 37.800000000000004 15.600000000000001 61.6 65.8 7 52.2 28.8 34.6 0 71.2 7 5 45 63.2 21.400000000000002 9.200000000000001 11.4 12.600000000000001 0.2 0 0.8 0 0.4 0 4.4 0 0 0 0 0 4 3.8000000000000003 0.4 0.6000000000000001 3.2 0 12.600000000000001 14.200000000000001 0 0 0.6000000000000001 1.6 0.4 0 0 0 0 0 0.6000000000000001 0.6000000000000001 0 0 0 10 0.4 1 0 0 0 0 0 0 0 0 0 0 0 0 0 0 0 0 0 0 0 0 0 0.4 2.8000000000000003 2.4000000000000004 2.8000000000000003 0 0.2 0.2 2 0 3.6 0 0.2 6.800000000000001 0 0 0.4 2.2 4 0.2 5.800000000000001 0 5.4 3.2 0 0 0 0 2.2 5 0 0 0 0 1.8 7.6000000000000005 0 2 0 0 4.2 13.600000000000001 0 0 0 0 0 0 0.6000000000000001 0 0 0 0 0 0 0 1.8 0 0 0 0 0 0 0 0 0 0 0 0 0 0 0 0 0 0 0 0 0 0 0.2 0 0 4.6000000000000005 0 1.8 1.6 1.4000000000000001 9.8 0 1.8 0 5.6000000000000005 2.6 3.2 0.4 1.2000000000000002 1.8 0 0 0.8 0 0 2.2 0 0 0 0 0 8.4 3.6 2.6 0 0 0 0.2 0 7.6000000000000005 0 2 0 0 0.2 0 0 0.4 0 0 0 0 0 0 0 0 0 0 0 0 0 0 0 0 0 0 0 0 0 0 0 0 0 0 0 0 0 0 0 1.8 0 0 4 0 0.2 0.8 0 0 0 0 0 0 0 0 0 0 0 0 0 0 0 0 0 0 0 0 2.2 0 0 0 0 0 0 0 0 
 0.4 0.4 0.4 0.6000000000000001 0.4 0.4 0.4 0.4 0.4 0.4 0.4 0.4 0.4 0.4 1.2000000000000002 0.4 0.8 0.4 0.4 40.800000000000004 9.4 6.2 89.2 23.200000000000003 34.2 28.400000000000002 10 8.4 26.400000000000002 8.200000000000001 71.2 0 5.4 70.60000000000001 11.4 37.2 16.400000000000002 16.400000000000002 10.200000000000001 65.4 0.2 0 0.8 0.8 0 0 12.8 0 0 0 0 0 12.4 19.8 0.6000000000000001 2.2 0 0 5.800000000000001 3.8000000000000003 0 0 0.4 0.8 0.8 0 0 0 0 13.4 0.4 0.6000000000000001 0 0 0 0 0.4 0.6000000000000001 0 0 0 0 0 0 0 0.4 0 0 0 0 0 0 0 0 0 0 0 0 0 0 0 1.8 2.6 0 0.2 0 0 0 3.4000000000000004 0 2.6 2.2 0 0 0 2.2 0.2 0 0 0 0.2 6.4 6.4 0 0 0 1.6 4.6000000000000005 0 0 0 0 4.800000000000001 12.200000000000001 0 0 1.6 0 8 5.2 0 0 0 0 0 0 0.6000000000000001 0 0 0 0 0 0 0 4.2 0 0 0 0 0 0 0 0 0 0 0 0 0 0 0 0 0 0 0 0 0 0 0 0 0 0 0.4 1.2000000000000002 1.4000000000000001 3.8000000000000003 7.6000000000000005 0 2.4000000000000004 0 2.2 0.4 5.4 0 0 0.2 0 0.4 2 0 0 1.8 4 2 0 0 0.2 4.4 5 5.6000000000000005 0 1.8 0 2.4000000000000004 0 4 2.2 2.8000000000000003 3.8000000000000003 2.6 1 0 0 0 0 0 0 0 0 0 0 0 0.4 0 0 0 0 0.4 0 0 0 0 0 0 0 0 0 0 0 0 0 0 0 0 0 1.8 0.4 0 31.400000000000002 0.4 0 0 0 0 0 0 0 0 0 0 0 0 0 0 0 0 0 0 0 0 0 0 0 0 0.4 0 0 0.2 0 0 0 
