 0 30.6 18 12.200000000000001 44.400000000000006 23.6 31.200000000000003 49.6 62.400000000000006 5 5.6000000000000005 7 46.400000000000006 7.800000000000001 26.6 9.600000000000001 67.8 25 30 11.600000000000001 0.6000000000000001 0 0 0.2 0 0.2 14.600000000000001 0 0.4 0.4 1 0 0 0 0 0.6000000000000001 0 0 0.6000000000000001 0 0 0.6000000000000001 0 0 0 0 0 0 0.4 0 0 0 0.4 0 0 0 0 0.4 0.6000000000000001 0 0.6000000000000001 0 6.6000000000000005 0 0.6000000000000001 0 1.6 0 0.6000000000000001 0 0 0.6000000000000001 0.4 0 0 0.6000000000000001 0 0 6.2 0.4 5.800000000000001 2.4000000000000004 0 0 0 4.6000000000000005 5 8 0 0 0.4 0 0 0 1.4000000000000001 3 0 5.6000000000000005 3.4000000000000004 8.8 0 0 0 0 0 0 0 0 0 0 0 0 0 0 0 0 0 0 0 1 0 0 0 0 0 0 0 0 0 0 0 0 0.4 0 0 0 0 0 0 0 0 0 0 0 0 0 0 0 0 0 0 0 0 0 0 0 0 0 0 2.8000000000000003 0 0 0 0 0.8 0 0 6 5.2 0 6.6000000000000005 0.2 0 2.6 0.2 3.2 2.6 0 4.800000000000001 3.2 0 0.2 0 0 0 0 0 0 0 0 0 0 0.2 0.4 0 0 0 0 0.2 0.2 0.4 0 0 0 0 0 0 0 0 0 0 0 0 0.4 0 0 0.2 0 0 0 0 0 0 0 0 0 0 0 0 0 0 0 0 0 0 0 0 0 0 0 0 0 0 0 0 0.4 0 0.4 18.6 0.8 0 1.6 4.6000000000000005 0 0 0 0 0 0 0 0 0 0 0 0 0 0 0 0 0 0 0 0 0 0 2.8000000000000003 0 0 0 0 0 0 0 0 0 0 0 0 0 0 
 30.6 0 34.800000000000004 23.400000000000002 37 22.200000000000003 18 53.2 44.800000000000004 7.800000000000001 79 24 10.200000000000001 14 78.4 29 27 40 29.400000000000002 52.800000000000004 0.6000000000000001 0 0 0 0 0 0 0 0.4 0 0.8 0 27 0 0 0.6000000000000001 0 0 16.8 0 0 0.6000000000000001 0 0 0 0 0 0 0.4 0 0 0 0.4 0 0 0 0 1.2000000000000002 0.6000000000000001 0 1.2000000000000002 0 0.2 0 0.2 0 1.6 0 0.4 0 0 0.4 0.4 0 0 0.6000000000000001 0 0 0 0 3.6 3.8000000000000003 5.4 2.8000000000000003 2 0 4.6000000000000005 2.6 0.4 2 2.4000000000000004 13.4 0 2.6 4.2 5.6000000000000005 4.6000000000000005 2 0 0 6.2 0 0 0 0 0 0 0 0 0 0 0 0 0 0 0 0 0 2.8000000000000003 0 0 0 0 0 0 0 0 0 0 3.4000000000000004 0 0 0 0 0 0 0 1.4000000000000001 0 0 0 0 0 0 0 0 0 1.6 0 0.2 0 0 0 0 0 0 0 0 0 0 4 6.2 2.6 0.8 1.4000000000000001 8.4 3.6 7.2 7.4 10.4 0 4 0 7.2 2.8000000000000003 0.4 1.2000000000000002 0 0 0 0 0 0 0 0 0 0.2 0 0 0 0 0.4 0 0 3.2 0 0 0 4.4 5.800000000000001 0 0 0 0 0 0 0 0 0 0 0 0 0 0 0 0 0 0 0 0 0 0 0 0 0 0 0 0 0 0 0 0 0 0 0 0 0 0 0 0 0 3.8000000000000003 0 0 0 0.2 8 0 0 10.8 0.2 0.4 3.2 0 0 0 0 0 0 0 0 0 0 0 0 0 0 0 0 0 0 0 0 0 0 2 2 0 0 0 0 0 0 1.2000000000000002 0 0 0 0 0 0 
 18 34.800000000000004 0 25.200000000000003 67 24 11.600000000000001 141.20000000000002 31.400000000000002 7.4 28.200000000000003 42 13.200000000000001 23.6 13.8 31 49.2 30.8 22.400000000000002 26.200000000000003 0.6000000000000001 0 0 0 0 0 0 0 0.6000000000000001 0 1 1.8 0.8 0 0 0.6000000000000001 0 0 15.4 0 0 0.6000000000000001 0.6000000000000001 0.2 0.6000000000000001 0.4 0 0.4 0.8 0 0 0.6000000000000001 0.4 0.4 0.2 0 0 1.2000000000000002 0.6000000000000001 0.6000000000000001 1 0 0 0 0 0 1 0 0.4 0 0 0 0.4 0 7 0.6000000000000001 0 0 0 0 3.2 9 0 6.2 0 4 4.2 1.6 0 0 5.800000000000001 2 2.8000000000000003 0.2 0.2 5 6.800000000000001 3.4000000000000004 0 0 0.2 1.4000000000000001 0 0 0 0 4.800000000000001 0 0 0 0 0 1.4000000000000001 2 0 0 0 0 0 2 0 0 0 0 0 0 0 0 0 0 0 0 0 0 0 0 0 0 0 0 0.2 0 0 0 0 0 0 0 0 0 0 0 0 0 1 0 0 0 0 0 3.2 0 15.4 0.6000000000000001 0 0.4 0 4.6000000000000005 8 0 6 2 4.2 5.4 0.2 3.2 0 2.4000000000000004 1.8 5.2 0 0 0 0 0 0 0.6000000000000001 0 0 0 0 0 5.4 0 0 1.6 0 0 0.2 0 0 0 0 0 0 0 0 2.6 0 0 0 0 0 0 0 0 0 0 0 0 0 0 0 0 0 0.4 0 0 0 0 0 0 0.4 0 0 0 0 0 0 0 0 3.8000000000000003 0 0 0 0 0.2 0 17.6 0.4 0.6000000000000001 0.6000000000000001 3.2 0 0 0 0 0 0 0 0 0 0 0 0 0 0 0 0 0 0 0 0 0 0 3.4000000000000004 0.2 0 0 0 0 0 0 0 0 0 0 0 0 0 
 12.200000000000001 23.400000000000002 25.200000000000003 0 49.2 6.800000000000001 36.800000000000004 37.800000000000004 51 38 28.6 14.4 17.400000000000002 19 13.4 5.2 42.6 76.80000000000001 33.6 31.400000000000002 20 1 0 0 0 0 0 0 0.4 0 0.8 0 15.4 13.4 0 0.6000000000000001 0 0 1 12.200000000000001 0 0.6000000000000001 0 0 0 0 0 0 1.4000000000000001 0 0 0 0.4 0 0 0 0 0.6000000000000001 0.6000000000000001 0 0.6000000000000001 0 0 0 0.6000000000000001 0 1.2000000000000002 0 0.4 0 0 0.4 0.4 0 0 0.6000000000000001 0 0 0 1.2000000000000002 3.8000000000000003 4.4 5 3.8000000000000003 2 3.8000000000000003 4.2 4 2.4000000000000004 7.4 0 0 2 1.8 2 0 4 3.4000000000000004 0 0 3.8000000000000003 0 0 0 0 0 0.2 0 0 0.8 0 0 0.2 0 0 0 0 0 13.4 3 0 0 0 0 0 0 0 0 0 0 0 0 0 0 0 0 0 0 0 0.2 0 0 1.6 0 0 0 0 0 0 0 0 0 0 0 0 0 0 0 0 0 0 0 0 0 3.8000000000000003 3 0 0 3.2 5 3.6 3.8000000000000003 0 2.2 0 2.8000000000000003 3 0 0 0 0 0 3.2 0 0 0 0 4.6000000000000005 0 0 0 0 5.6000000000000005 4 3.2 0 0 0 2.4000000000000004 3.8000000000000003 0 0 0 0 0 0 0 0 0 0 0 0 0 0 0 0 0 0 0 0 0 0 0 0 0 0 0 1.2000000000000002 0 2.2 0 0 0 0 0 0 0 0 0 0 0 0 0 0 0 0 0.2 0 18 0.6000000000000001 0 1 3.6 0 0 0 0 0 0 0 0 0 0 0 0 0 0 0 0 0 0 0 0 3 0 6 3.6 0.4 0 0 0 0 0 0 0 0 0 0 0 0 
 44.400000000000006 37 67 49.2 0 15 10.8 35 35.6 12.4 21.400000000000002 51.6 64.2 14.4 38.400000000000006 24.400000000000002 11.600000000000001 34.6 15.200000000000001 34.2 2.2 19.400000000000002 0 0 0 0 15.200000000000001 0 0.4 0 0.8 0 0 0.2 13.8 0.6000000000000001 0.4 15 32.4 0.4 0 0.6000000000000001 0 0 0 0 0 0 12.8 0 0 0.2 0.4 0.6000000000000001 0 0 0 0.6000000000000001 13.200000000000001 0.2 0.6000000000000001 0 0 0 0.4 0 0 0 0.6000000000000001 0 0 0.6000000000000001 0.4 0 0 0.6000000000000001 0 0.8 0 0 1.6 0 0 0.8 0 6.4 2.6 2 12.4 0.6000000000000001 0 4 0 2.4000000000000004 2.2 2.2 3.2 7 0.2 0 0 3.4000000000000004 0 0 0 0 2.4000000000000004 0 2.4000000000000004 1.4000000000000001 0 2 2 0 0.4 0 0 0 5 2 0 0 0 0 0 0 0 0 0 0 0 0 0 0.2 0 0 0 0 0 0.2 0 0.4 0 0 0 0 0 0 0 0 0.6000000000000001 0 0 1 0 0.4 0 0 0 0 2 2.4000000000000004 3.2 4 0.6000000000000001 7 0 3 0 3.8000000000000003 4.4 2.8000000000000003 0 2.4000000000000004 0 5.6000000000000005 0 10 0 0 0.2 0 0 0 0 0 0 0.8 0.2 0 2.2 0 4.800000000000001 0 0 0.2 1.8 2.8000000000000003 0 0.2 0 0.4 0 0 0 0 0 0 0 0 0 0 0 0 0.4 0 0 0 0 0.4 0 0 0 0 0 0 0 0 0 0 0 0 0 0 0 0 0 0 0 0.4 0 0 0 0 0 0.4 17.2 0 9.4 0.8 0 0 0.4 0 0 0 0 0 0 0 0 0 0 0 0 0 0 0 0 0 0 0 0 0 0 1.4000000000000001 2.2 0 0 0 0 2.8000000000000003 0 0 0 0 0 0 0 0 
 23.6 22.200000000000003 24 6.800000000000001 15 0 9.8 14.4 9 28 28.6 22.8 10.200000000000001 10.4 11 20.200000000000003 11.600000000000001 26.400000000000002 8.6 8.4 1 4.6000000000000005 15.4 0 0 0 14.600000000000001 15.600000000000001 17 0 0.8 0 12.200000000000001 0 15.200000000000001 0.8 0 0 16 13 0 0.6000000000000001 0 0 0 0 0 0 0.4 0 0 0 0.4 0 0 0 0 0.6000000000000001 0.6000000000000001 0 0.6000000000000001 0 0 0 0.2 0 0 0 0.4 0 0 0.4 0.4 0 0 0.6000000000000001 3.2 0 0 0 3 0 0 6.2 2.2 3.2 0 0 0 0.2 8 6.4 0 0 0 0.2 0.6000000000000001 2.8000000000000003 0 0 5.6000000000000005 2.4000000000000004 9 7 0 0 0 4.2 2.2 0 1 0 0.2 3.8000000000000003 4.4 1.4000000000000001 0 2.2 3 3.6 0 0 0 0 0 0 0 0 1.8 0 0 0 0.2 0 0 0 0 0 0 0 0 0 0 0 0 0 0 0 0 0 0 0 0 0 0 0 0 0 0 0 0 0 4.2 10.600000000000001 0 1.8 0 0 5.4 3.6 0 0 0 0 0 0 0 3.8000000000000003 0 0.4 0.2 0 6.2 2 0.4 0 0 2.6 1 3 0 0 1.2000000000000002 5.2 3 0 2.2 0 6 6.800000000000001 0 0 0 0 0 0 0 0 0 0 0 0 0.2 0.2 0 0 0 0 0.2 0 0 0 0 0 0 0 0 0 0 0 0 0 0 0 0 0 0 0 0 0 0 1.8 0 0 0 0.8 0 0.2 0.8 0.6000000000000001 0.2 0.6000000000000001 0 0 0 0 0 0 0 0 5.4 0 0 0 0 0 0 0 0 0 0 0 0 0 0 0 0 0 0 0 0 0 0 0 0 0.2 0 0 0 0 
 31.200000000000003 18 11.600000000000001 36.800000000000004 10.8 9.8 0 13.8 27 84.2 10.600000000000001 5.2 60 91.2 10.200000000000001 6.800000000000001 23.8 6.4 72.4 41.400000000000006 0.6000000000000001 0 0 0.4 0 0.2 14.8 0.2 0.4 0 1 0 0 0 0.4 0.6000000000000001 0 0 0.6000000000000001 0 0 0.6000000000000001 0 0 0 0 0 0 0.4 0 0 0 0.4 0 0 0 0 0.6000000000000001 0.6000000000000001 0 0.6000000000000001 0 0 0 0.6000000000000001 0 0 0 0.6000000000000001 0 10.200000000000001 0.6000000000000001 0.4 0 0 0.6000000000000001 0 0 0 0 18 11.200000000000001 3 0 0.2 0 1.6 4.4 7 0.2 0 0 13 8.8 7 0 3 2.2 1.6 4.2 0 0 0 0 0 0 0 0 0 0 2.2 0 0 0 0 0 0 0 0 0 0 0 0 0 0 0 0 0 0 0 0 0 0 0 0 0 0 0 0 3.6 0 0 0 0 0 2.2 0 0 0 0 0 0 0 0 0 0 0 0 0 0 12 0 0 6 0 0 2.2 5 0.2 0 5.2 3.2 5.800000000000001 3 5.6000000000000005 3 2 3.2 4.2 1.2000000000000002 0 0 0 0 0 0 0 0 0 0 0 0 0 0 0 0 0 0 0 0 0 0 0 0 0 0 0 0 0 0 0 0 0 0 0 0 0 0 0 0 0 0 0 0 0 0 0 0 0 0 0 4.2 0 0 2.2 0 0 0 0 0 0 0 0 0 0 0 18.8 1 0.4 0.4 0.4 0.2 0 0 0 0 0 0 0 0 0 0 0 0 0 0 0 0 0 0 0 0 0 0 0 0 0 0 0 0 0 0 0 0 0 0 0 0 0 0 
 49.6 53.2 141.20000000000002 37.800000000000004 35 14.4 13.8 0 12.4 7 4.4 19.200000000000003 21.400000000000002 18.2 7.6000000000000005 66.8 45 5.6000000000000005 18.400000000000002 29.200000000000003 0.6000000000000001 0 0 14.600000000000001 0 0 0 0 0.4 0 0.8 0 0.6000000000000001 0 0 0.6000000000000001 0 0 1 0.2 0 0.6000000000000001 0 0 0 0 0 0 0.4 0 0 0 0.4 0 0 0 0 0.6000000000000001 0.6000000000000001 0 0.6000000000000001 0 0 0 0.4 0 1 0 0.4 0 0 0.4 0.4 0 6.2 0.6000000000000001 0 0 0 5.2 3.4000000000000004 7.6000000000000005 0.4 3.2 0 3.4000000000000004 7.800000000000001 1.4000000000000001 3.8000000000000003 0 2.2 2 2.6 0 0 2.4000000000000004 3.8000000000000003 3.8000000000000003 2.4000000000000004 2.8000000000000003 2 0 0 0 0 0 0 0 0 0 0 0 0 0 0 0 0 0.2 4.4 2.6 0 0 0 0 0 0 0 0 0 0 0 0 0 0 0 0 0 0 0 0 0 0 0 0 0 0 3.4000000000000004 0 0 0 0.4 0 0 0 1 0 0 0 0 0 2.8000000000000003 0 0 0 0.2 3.8000000000000003 0 0 7.4 3 6 3.2 3 3.6 0 2.2 0 0 0 4 0 0 0.2 0 0 0 0 0 0 0 0 0 3.2 0 0 0 0 0 0.2 0 0 0 0 0 0 0 0 0 0 0 0 0 0 0 0 0 0 0 0 0 0 0 0 0 0 0 0 0 0 0 0 1.6 0 0 0 0 0 0 0 0 0 4 0 0 0 0.4 0 0 9.4 0.4 0 1.8 3.2 0 0.2 0 0 0 0 0 0 0 0 0 0 0 0 0 0 0 0 0 0 0 0 3.4000000000000004 2.4000000000000004 0 0 0 0 0 0 0 0 0 0 0 0 0 
 62.400000000000006 44.800000000000004 31.400000000000002 51 35.6 9 27 12.4 0 34.2 25.8 32.4 99.80000000000001 40.800000000000004 38.6 58.2 27.200000000000003 6 15.200000000000001 33.2 0.6000000000000001 0 0 0.4 0.6000000000000001 0.4 0 0.2 0.8 0 1 0.4 4.4 0 0 0.6000000000000001 0.4 0.4 9.600000000000001 14.8 0.2 0.6000000000000001 0.6000000000000001 0.2 0.6000000000000001 0 0 0 0.4 0 0 1 0.4 0 0 0 0 0.6000000000000001 1.2000000000000002 0 0.6000000000000001 0 10.8 0 0.2 0 0 0 0.4 0.2 0 0.4 0.4 0 0 0.6000000000000001 0 0 0 0.2 0 0 6.6000000000000005 6.6000000000000005 0 0 2.2 0 10.200000000000001 0 0 1.8 3.6 4 0 0 7 0 0 2.4000000000000004 2 7 0 0 0.2 0 8.4 0.4 0 0 0 0 0.6000000000000001 4 0.4 0 0 0 4.4 0 0 0 0 0 0 0 0 0 0 0 0 0 0 0.2 0 0 0 0 0 0 0 0.4 0 0 0 0 0.2 0 0 0 0 3.6 0.2 0 0.2 0.4 0 0 0 0.4 2.8000000000000003 1.8 0.2 5 2.2 2.6 0 3.2 2.8000000000000003 2 5.4 6.800000000000001 0 0 0.2 2.2 0 0 2.8000000000000003 2 3.6 0 0.2 0 0 0 0 0.2 0 0 0 0 2.6 0 0 0 0 0 2.4000000000000004 3.6 5.6000000000000005 0 0 0 0.2 0 0 2.6 0 0 0 0 0 0 0.4 0 0 0 0 0.4 0 0 0 0 0 0 0 0 0 0 2.4000000000000004 0 0 0 0 0 3.8000000000000003 0 0 0.4 0 0 0 0 0 0.4 0 0 0.6000000000000001 17.400000000000002 0 0.6000000000000001 0 0 0 0 0 0 0 0 0 0 0 0 0 0 0 0 0 0 0 0 0 0 0 0 4.6000000000000005 0 0 0 0 0 0 0 0 0 0 0 0 0 
 5 7.800000000000001 7.4 38 12.4 28 84.2 7 34.2 0 37 69 21.400000000000002 34.2 22 36.800000000000004 27.200000000000003 40 50.2 42.800000000000004 16.6 1.4000000000000001 0 16.8 0 0 0 14.4 0.4 0 0.8 0.6000000000000001 15 6.4 0 0.6000000000000001 0 0 30.6 10.4 0.4 0.6000000000000001 0 0 0 0.4 0 0.4 0.4 0 0.4 0 0.4 0.4 0 0 0 1.2000000000000002 14.4 0.6000000000000001 0.6000000000000001 0 0 0 0.4 0 0 0 0.6000000000000001 0 0 0.6000000000000001 0.4 0 0 0.6000000000000001 0 0 0 0 1.8 2 0 6.2 3 0.6000000000000001 0 3 2 6.2 2.2 1.6 5.6000000000000005 1.8 2.8000000000000003 2.4000000000000004 0 7 0.2 0 3 0 1.2000000000000002 0.2 0 0 1.8 0 0 0 0 0 0 0 0.8 0 0 0 3.2 8.200000000000001 0 0 0 0 0 0 0 0 0 0 0 0 0 0 0 0 0 0 0 0 0 0 1.4000000000000001 0 0 0 0 0 0 4.2 0 0 0.2 0 0 0 2 0 0 0 0 2.6 3 1 5.4 1.2000000000000002 2 0 0 7 2.2 0 2.8000000000000003 3.6 3.6 3.4000000000000004 5.4 0 0 0 2 2.2 0.2 0 0 0 0 3.2 0 0 0 0 4.2 5.800000000000001 4 0 0 0 4.4 2.8000000000000003 0 0 0 0 0 0 0 0 0 0 0 0 0 0 0 0 0 0 0 0 0 0 0 0 0 0 0 0 0 0 0 0 0 0 0 0 0 0 0 0 0 0 0 0 0 0 0.6000000000000001 0 0 17.6 0.4 0.2 0 0 0 0 0 0 0 0 0 0 2.8000000000000003 0 0 0 0 0 0 0 0 0 0 0 0 0 2.4000000000000004 2.2 0 0 0 0 0 0 0 0 0 0 0 0 
 5.6000000000000005 79 28.200000000000003 28.6 21.400000000000002 28.6 10.600000000000001 4.4 25.8 37 0 51.400000000000006 23.400000000000002 24 132.8 32 18.6 78.4 6.6000000000000005 37.4 0.6000000000000001 0 0 0 0 4.6000000000000005 0 0 0.4 0 0.8 0 0 0 0 0.6000000000000001 0 0 0.6000000000000001 0 0 0.6000000000000001 0 0 0 0 0 0 0.4 0 0 0 0.4 0 0 0 0.4 0.6000000000000001 0.6000000000000001 0 0.6000000000000001 0 10.200000000000001 0 0.6000000000000001 0 0 0 0.6000000000000001 0 0 0.6000000000000001 0.4 0 0 0.6000000000000001 0 0 0 0 0 1.6 4.800000000000001 3.6 3 0 0 4.2 7 8 1.6 8 0 16 5.6000000000000005 5.2 2 1 2.2 0 2 0 0.4 0 0 0 0 0 0.4 2.2 0.2 0 0 0 0 0 0 0 0 0 0 0 0 0 0 0 0 0 0 0 0 0 0 0 0 0 0 0 0 0 0 0 0 0 0 0 0 0 0 0 0 1 0 0 0 0 2.6 0 0 0 3 5.2 3.8000000000000003 0 2.2 3.8000000000000003 3 2.6 4 0 0.4 3.8000000000000003 0 2.8000000000000003 3.8000000000000003 0 0 2 0 0 0 0 0.2 0 0 0 0 0 0 0 0.2 0 0 0 0 0 0 0.2 2 5.800000000000001 0 0 0 0 0 0 0.2 0 0 0.8 0 0 0 0 0 0 0 0 0 0 0 0 0.2 0 0 0 0 0 0 0 0 0 0 0 0 0 0 0 0 0 0 3.4000000000000004 0 0 0 0.8 0.4 0 0.4 0.8 0.2 1.8 0 0 0.4 0 0 0 0 0 0 0 0 0 0 0 0 0 0 0 0 0 0 0 0 1.8 0 0 0 0 0 0 0 0 0 0 0 0 0 0 
 7 24 42 14.4 51.6 22.8 5.2 19.200000000000003 32.4 69 51.400000000000006 0 51.2 9.8 5.6000000000000005 69.8 13.4 22 48.400000000000006 11.4 0.6000000000000001 0 0 0 0 7.6000000000000005 0 0 0.8 0 0.8 0 3.8000000000000003 0 0 0.6000000000000001 0 0 16.8 0 0 1 0 6.2 0 0 0 0 0.4 0 0 0 0.4 0 0.6000000000000001 0 0 0.6000000000000001 0.6000000000000001 0 1.2000000000000002 0 0.4 2 0.2 1 0 0 0.4 2 0 0.8 0.4 0 0 0.6000000000000001 0 0 0 0 0 0 0 6.6000000000000005 0.2 5.800000000000001 0 0 5.800000000000001 1 0 4.6000000000000005 0 2.6 0.4 3.6 1 2.8000000000000003 0 0 0 0 2.2 0 0 0 3.8000000000000003 0 1.4000000000000001 0.2 0 0.2 0.2 8.200000000000001 0 0 0 0 2.6 2.8000000000000003 0 0.4 0 0 0 0 0 0 0 0 0 0 0 0 0 0 0 0 0 0 0 0 0 0 0 0 0 0 0 0 0 0 0 0 0 0 0 0 0 0 2 0 13 1 0 4 0.2 6.4 0.4 4 4.4 2 0 0 0 6.2 0 1.6 0 0 0 0 2 0 0 0 0 0.2 0 0 0.4 0 4 2.2 0 0 0 0 3 0.2 0.2 0 0 0 0 0 0 1.8 0 0 0 0 0 0 0 0 0.2 0 0 0 0 0 0 0 0 0 0 0 0 0 0 0 0 0 0 0.2 0 0 0 0 0 0 0 0 0 0.6000000000000001 17.6 0 17.400000000000002 17.400000000000002 0.4 1.2000000000000002 0 0 0 0 0 0 0 0 0 0 12.4 2 0 0 0 0 0 0 0 0 0 0 0 0 5.6000000000000005 0 0 0 0 0 0 0 0 0 0 0 0 0 
 46.400000000000006 10.200000000000001 13.200000000000001 17.400000000000002 64.2 10.200000000000001 60 21.400000000000002 99.80000000000001 21.400000000000002 23.400000000000002 51.2 0 38.6 53 68.60000000000001 36.800000000000004 24 88.80000000000001 44.800000000000004 1 0 0 0 0 0 0.4 0.2 0.6000000000000001 0 1 0 0.4 0 0 0.6000000000000001 0 0 0.6000000000000001 0 0 0.6000000000000001 0 0 0 0 0 0 0.4 0 0 0 0.4 0 0 0 0 0.6000000000000001 0.6000000000000001 0 0.6000000000000001 0 0 0 0 0 0 0 0.4 0 0 0 0.4 0 0 0.6000000000000001 0 0 0 0 2.4000000000000004 0.2 0.4 3.4000000000000004 2.6 0 0 13.600000000000001 0.2 2.8000000000000003 0.6000000000000001 1.8 10.600000000000001 4.2 7.6000000000000005 0 3.2 1.6 4.4 2.2 0 0.2 0 0 0 0 0 0 0 0 0 0 0 1.6 0 0 2 0 0 0 0 0 0 0 0 0 0 0 0 0 0 0 0 0 0 0 0 0 0 0 0 0 0 0 0 0 0 0 0 0.2 0 0 0 0 8.8 0 0 0 0 0 0 3 0 0.2 0 0 3.8000000000000003 2 0 0 4 0 6.800000000000001 6.6000000000000005 4.6000000000000005 0 2 2.8000000000000003 9.200000000000001 3.2 0 0 0 2.6 0.4 0 0 0 0 0 0 0 0.2 0 0 0 0 0 0 0 0 0 0 0 0 0 0 0 2.2 3.2 0 0 0 0 0 0 0 0.4 0 0 0 0 0 0 0 0 0 0 0 0 0 0 0 0 0 0 0 0 2 0 0 0 0 0 0 0 0 0 0 0 3.2 0 0 0 0 0 0 0 0 0 0 0 0 0 0 0 0 0 0 0 0 0 0 0.4 0 0 0 0 0 0 0 0 0 0 0 0 0 0 0 0 
 7.800000000000001 14 23.6 19 14.4 10.4 91.2 18.2 40.800000000000004 34.2 24 9.8 38.6 0 33.6 28.400000000000002 106.80000000000001 5.4 84 51 0.6000000000000001 0 0 0 0 0 0 0 0.6000000000000001 0 0.8 0.2 0 0 0 0.6000000000000001 0 0.2 0.6000000000000001 0 1 0.6000000000000001 0 0 0 0 0 0.6000000000000001 0.4 0 0 0.4 0.4 0 0 0 0 0.6000000000000001 0.6000000000000001 0 10.8 0 0 0 0 0 0 0 0.4 0 0 0.2 0.4 0 6 0.6000000000000001 0 0 0 0 3 19.400000000000002 6.800000000000001 2 0.2 0 5.2 3.2 8.4 0 2.8000000000000003 0 6.2 4 3.4000000000000004 5.6000000000000005 6.2 0.6000000000000001 5.4 0.2 0 0 0 0 0 0 0 0 0 0 0 0 0 0.4 0 0 0 0 0 0 0 0 0 0 0 0 0.2 0 0 0 0 0 0 0 2.2 0 0 0 0 1.8 0 0 0 0 0 0 0 0 0 0 0 0 0 0 1.4000000000000001 0 0 0 0 0 18.2 0.2 0 4.6000000000000005 0.4 0 0.6000000000000001 2.4000000000000004 0 0 8.4 3.2 14.200000000000001 5.6000000000000005 3.6 4.6000000000000005 2 3.4000000000000004 1.8 3.2 0 0 0 0 0 0 0 0 0 0 0 1.2000000000000002 0 0 0.8 0 0 0 0 0 0 0 0 0 0 0 0 0 0 0 0 0 7.4 0 0 0 0 0 0 0 0 0 0 0 3 0 0 0 0 0 0 0 0 0 0 0 0 0 0 0 0 0 0 0 0 0 18 0 0.8 0 1.8 0.4 0 0 0 0 0 0 0 0 0 0 0 0 0 0 0 0 0 0 0 0 0 0 0 0 0 0 0 0 0 0 0 0 0 0 0 2.8000000000000003 0 0 
 26.6 78.4 13.8 13.4 38.400000000000006 11 10.200000000000001 7.6000000000000005 38.6 22 132.8 5.6000000000000005 53 33.6 0 40.2 26 80.4 32.800000000000004 39.800000000000004 0.6000000000000001 0 0 0 0 0 0 0 0.4 0 0.6000000000000001 0 15.200000000000001 0 0 0.6000000000000001 0 0 0.6000000000000001 0 0 0.6000000000000001 0 0 0 0 0 0 0.4 0 0 0 0.4 0 0 0 0 0.6000000000000001 0.6000000000000001 0 0.6000000000000001 0 0 0 0.6000000000000001 0 0 0 0.6000000000000001 0 0 0.6000000000000001 0.4 0 0 0.6000000000000001 0 0 0 0 0 1.4000000000000001 6.800000000000001 1.8 6.2 0 0.4 8.4 0 6.2 5.6000000000000005 5.6000000000000005 0.2 10 5.800000000000001 6 2.8000000000000003 5.6000000000000005 7.2 0 0 0 0 0 0 0 0 0 0 0 0 0 0 0 0 0 0 0 0 0 0 0 0 0 0 0 0 0 0 0 0 0 0 0 0 3.4000000000000004 0.2 0 0 0 0 0 0 0 0 0 0 0 0 0 0 0.4 0 0 0 0 0 0 0 0 5.4 11.600000000000001 6.6000000000000005 0 2 0 2 0 0 0.2 8.200000000000001 3.6 8.8 3.4000000000000004 5.4 0 1.8 2 4.800000000000001 5.4 0 0 0 0 0 0 0 0 0 0 0 0 0 0 0.2 0 0 0.2 2.2 1.6 0 0 0 0 0 0 0.2 0 0 0 0.4 0 0 0 0 0 0 0 0 0 0 0 0.2 0 0 0 0 0 0 0 0 0 0 0 0 0 0 0 0 0 0 0 0 0 0 0 17.8 0.4 0 17.6 1.8 0.4 0 0 0 0 0 0.4 0 0 0 0 0 0 0 0 0 0 0 0 0 0 0 0 0 3 3 0 0 0 0 0 0 0 0 0 0 0 0 0 
 9.600000000000001 29 31 5.2 24.400000000000002 20.200000000000003 6.800000000000001 66.8 58.2 36.800000000000004 32 69.8 68.60000000000001 28.400000000000002 40.2 0 43.800000000000004 38.400000000000006 7.800000000000001 45 0.6000000000000001 0 0.2 0 0 0 0 0 0.4 0 1.2000000000000002 0 0 0 0 0.6000000000000001 0 0 15.8 0 0 0.6000000000000001 0 0 0 0 0 0 0.4 0 0 0 0.4 0 0 0 0 0.6000000000000001 0.6000000000000001 0 0.6000000000000001 0 0 0 0.4 0 0 0 0.6000000000000001 0 0 0.6000000000000001 0.4 0 10 0.6000000000000001 0 0 0 0 0 6.4 3.6 2.2 0 0 1.6 3.6 3.4000000000000004 0 7.6000000000000005 5 1.8 0.6000000000000001 5.6000000000000005 0.6000000000000001 2 0 0 0 0 0 0 0 0.4 0 0 0 0 0 0 0 0 0 0.2 0 0 0 0 0 0 0 0 0 0 0 0 0 0 0 0 0 0 0.4 0 0 0 0 0 0.4 0 0.2 0 0 0 0 0.4 0 5.6000000000000005 0 0 0 0.2 0 0.2 0.2 0 0 0 0.2 6.6000000000000005 2 3 5.6000000000000005 2.2 0 3.2 2.4000000000000004 2 0 4.2 0 3.6 6.2 4.2 2.4000000000000004 2.6 2 2.4000000000000004 0 0 0 0 0 0 0 4.2 0 0.4 0 0 0 0 0 0 0 0 0 0 0 0 0 0 0 0.4 0 0 0 0 0 0 0 0 0 0.2 0 1.6 0 0 0 0 0 0 0 0 0 0 0 0 0 0.2 0 0 0 0 0 0 0 0 0.2 0 0 0 0 0 0 0 0 0 10.200000000000001 2 1.2000000000000002 0 0 0.2 0 0 0 0 0 0 0 4.800000000000001 0 0 0 0 0 0 0 0 0 0 0 0 0 2 0 0 0 0 0 0 0 0 0 0 0 0 0.4 
 67.8 27 49.2 42.6 11.600000000000001 11.600000000000001 23.8 45 27.200000000000003 27.200000000000003 18.6 13.4 36.800000000000004 106.80000000000001 26 43.800000000000004 0 24.8 9 13.8 0.6000000000000001 0 0 0 0 0 15.4 0 0.4 9 1 1.6 0.4 0 0 0.6000000000000001 41.6 0.4 16.400000000000002 0 0 0.6000000000000001 0 0 0 0 0 0 0.4 0 0 0 0.4 0 0 0 0 0.6000000000000001 0.6000000000000001 0 0.6000000000000001 0 0 0 0.2 0 1.4000000000000001 0 0.4 0 0 0.4 0.4 0 6.4 0.6000000000000001 0 0 0 0 4.4 3.4000000000000004 8 2.6 0 0.4 5.2 3 5 7.2 5 2 3.2 4.6000000000000005 2.6 7.2 3.8000000000000003 0 0.4 0 0 0 0 0 0 0 0 0 0 0 0 0 0 0 0 0 0 0 0 0 0 0 0.2 0 0 0 0 0 0.4 0 0 0 0 0 0 0 0 0 0 3.2 0 0 0 0 0 0 0 0 0 0 0 0.2 0 0 1 0 0 0 0 0 2 2.6 1 2 6.2 0 2.6 0 3 0 1.4000000000000001 0 1.6 2.6 2 7.800000000000001 1.2000000000000002 2.2 3 0.4 0 2 0 0 0 0 0 0 0 0 0 2.4000000000000004 0 0 0 0 0 0 4.6000000000000005 0 0 0 0 0 0 0 0 0 0 0 0 0 0 0 0 0 0 0 0 0 0 0 1.6 0 0 0 0 0 0 0 0 0 0 0 2.2 0 0 0.4 0 0 0 0 0 0 0 0.6000000000000001 0.2 0 0 20 2.6 0.2 2.2 0 0 0 0 0 0 0 0 0 0 0 0 0 0 0 0 0 0 0 0 0.4 0 7.6000000000000005 0 0 0 0 0 0 0 0 0 0 0 0 0 0 
 25 40 30.8 76.80000000000001 34.6 26.400000000000002 6.4 5.6000000000000005 6 40 78.4 22 24 5.4 80.4 38.400000000000006 24.8 0 6 21 0.6000000000000001 0 0 0 0 0.4 0 0 0.4 0 1.4000000000000001 0.4 17.6 14.8 0.4 0.6000000000000001 0.2 0 6 14.8 0 0.6000000000000001 0 0 0 0 0 0 0.4 0 0 0 0.4 0 0 0 0 0.6000000000000001 0.6000000000000001 0 2 0 0 0 0.2 0 0.4 0 0.4 0 0 0.4 0.4 0 0 0.6000000000000001 0 0 0 0 0 3 1.2000000000000002 0.4 3.4000000000000004 2 0.2 3.2 0 8.8 3 5.800000000000001 0 10.8 11.200000000000001 8 0 5.800000000000001 0 0 1.8 0 0 0 0 0 0 0 0 0 0 0 0 0 0 0 0 0 0 2.8000000000000003 2.4000000000000004 0 0 0 0 0 0 0 0 0 0 0 0 0 0 0 0 0 0 0 0 0 0.4 1.2000000000000002 1 0 0 0 0 0 0 0 0 0 0 0 0 0 0 0 5.6000000000000005 6.4 13.200000000000001 0.6000000000000001 2.4000000000000004 3.8000000000000003 3.6 5.800000000000001 2 1.8 0 1.2000000000000002 0 7.4 2.2 8 2.6 1.6 0 0 0 2.4000000000000004 0 0 0 0 0 0 0 0 0 0 2.4000000000000004 4 2.8000000000000003 0 0 0 4.2 0 0 0 0 0 0 0 0 0 0 0 0 0 0 0 0 0 0 0 0 0 0 0 0 0 0 0 0 0 0 0 0 0 0 0 0 0 0 0 0 0 0 0 0 0 0 0 40.2 0.6000000000000001 1 18.400000000000002 0 1.6 3 0 0 0 0 0 0 0 0 0 0 0 0 0 0 0 0 0 0 0 0 0 0 0.2 2.8000000000000003 2.6 0 0 0 0 0 0 0 0 0 0 0 0 
 30 29.400000000000002 22.400000000000002 33.6 15.200000000000001 8.6 72.4 18.400000000000002 15.200000000000001 50.2 6.6000000000000005 48.400000000000006 88.80000000000001 84 32.800000000000004 7.800000000000001 9 6 0 38.2 0.6000000000000001 0 0 0 0 0 0 0 0.6000000000000001 0 1 0 0 0.4 0 0.6000000000000001 0 11.4 0.6000000000000001 0 0 0.6000000000000001 0 0 0 0 0 0 0.4 0 0 0 1 0 0 0 0 0.6000000000000001 0.6000000000000001 0 0.6000000000000001 0 0 0 0 0 0 0 0.4 0 0 0.2 0.4 0 0 0.6000000000000001 0 0 0 0 7.6000000000000005 13.8 5.800000000000001 0.2 0 0 0 5 6.4 2.8000000000000003 0 0 6.4 16.6 5 1.4000000000000001 4.2 0.6000000000000001 2.6 2.2 0 0 0 0 0 0 0 0 0 0 0 0 0 0 0 0 0 0 0 0 0 0 0 0 0 0 0 0 0 1.2000000000000002 0 0 0 0 0 0 0 0.4 0 3.2 0 0 0 0 0 0 0 0 0 0.2 1.6 0 0 0 0 7 0 0 0 0 10 2.6 0 5 0 0 0.6000000000000001 10 2.8000000000000003 0 6.800000000000001 4 4.4 3.8000000000000003 3.6 4.6000000000000005 1.2000000000000002 4.800000000000001 10 2.6 0 0 0 0 0 0 0 0 0 0 0 0 0 0 1.8 0 0 0 0 0 0 0 0 0 0 0 0 0 0 0 0 0 0 0 0 0 0 0 0 0 0 0 0 0 0 0 0 0 3.4000000000000004 0 0 0 0 0 0 0 0 0 0 0 0 0.2 0 0 0 0 17.400000000000002 0.4 0.6000000000000001 0 0.4 0 0 0 0.2 0 0 0 0 0 0 0 0 0 0 0 0 0 0 0.4 0 0 0 0 0 0 0 0 0 0 0 0 0 0 0 0 0 0 0 0 
 11.600000000000001 52.800000000000004 26.200000000000003 31.400000000000002 34.2 8.4 41.400000000000006 29.200000000000003 33.2 42.800000000000004 37.4 11.4 44.800000000000004 51 39.800000000000004 45 13.8 21 38.2 0 0.6000000000000001 15.600000000000001 0 0 0.4 0 0 0 0.4 0 0.8 0 0 0.2 0 1 0.4 0 0.6000000000000001 0 0 0.6000000000000001 0 0.4 0 0 0 0 0.4 0 0 0 0.4 0 0.6000000000000001 0 0 0.6000000000000001 1 0 0.6000000000000001 0.6000000000000001 0.6000000000000001 0 0.6000000000000001 0 0 7.4 1.2000000000000002 0 7 0.6000000000000001 0.4 0.6000000000000001 6.6000000000000005 0.6000000000000001 0 0 12.200000000000001 0.2 6.6000000000000005 2.4000000000000004 0 0 1.6 0 3.4000000000000004 3.6 6.800000000000001 6.2 3.8000000000000003 0.2 4.800000000000001 2.6 14.4 0 1.4000000000000001 6.800000000000001 5 1.8 0 0 0 0 0 0 0 2.6 0 0 0 0 0 2.2 0 0 0 0 0 0 0.4 0 0 0 0 0 0 0 0 0 0 0 0 0 0 0 0 0 0 0 0 0 0 0 0 0 0 0 0 0 0 0 0 0 0.6000000000000001 0 0 0 0 0 5 0.4 0 4 0 10.200000000000001 10.600000000000001 0 4.6000000000000005 0 2.4000000000000004 0 3 5.6000000000000005 2 4 6.6000000000000005 4.800000000000001 0 0.4 0 0 0 0 0 1.8 0 0 0 0 0 0 0 0 0 0 0 0 0 0 0 0 0 0 0 0 0 0 0 0 0 0 0 0 0 0 0 0 0 0 0 0 0 0 0 0 0 0 7 0 0 0 0 2.4000000000000004 0 0 0 2 0 0 0 0 0 0 0 17.400000000000002 0.4 0 0.2 1.2000000000000002 0.2 0.8 0.4 0 0 0 0 0 0 0 0 0 3 0 0 0.4 0 0 0 0 0 0 0 0 0 0 0 0 0 0 0 0 0 0 0 0 0 0 0 0 
 0.6000000000000001 0.6000000000000001 0.6000000000000001 20 2.2 1 0.6000000000000001 0.6000000000000001 0.6000000000000001 16.6 0.6000000000000001 0.6000000000000001 1 0.6000000000000001 0.6000000000000001 0.6000000000000001 0.6000000000000001 0.6000000000000001 0.6000000000000001 0.6000000000000001 0 44.400000000000006 36.800000000000004 24.8 9.200000000000001 10.600000000000001 28.8 19.6 74.60000000000001 24 27.200000000000003 8.4 16.2 41.2 29 4.800000000000001 31 42.2 24.8 68.4 0.6000000000000001 0 0.2 0.4 0 0.2 0.6000000000000001 0 0 0 1 0.4 0 0 0.6000000000000001 0 0 0 0 0.2 0 0 0 1.2000000000000002 0.6000000000000001 0 0 0 0 0 0 0 0 0 0.6000000000000001 0 0 11 0 0 0 0 0 3.2 0 0 0 0 0 0 0 0 0 0 0 0 0 0 0 0 2 4.2 0 0 4.800000000000001 3.2 1.8 0 4.2 0 2.6 5.6000000000000005 0.2 0 0.2 3.6 8.200000000000001 8.8 10.8 2.4000000000000004 0 0 0 0 0 0 0 0 0 0 0 0.4 0 0 0 3 0 0 2.4000000000000004 0 0 0 1.2000000000000002 0 0 0 0 0 0 0 0.6000000000000001 0 0 0 0 0 0 0.4 0 0 0 0 0 0 1.6 0 0 0 0 0 0 0 0 0.4 0 2.4000000000000004 0 0 0 0 1.2000000000000002 2.2 3.8000000000000003 0 2.2 0 2.4000000000000004 2.2 0 6 2.2 5.2 3.2 10.200000000000001 0 2.6 0.2 10.8 0 3.6 0 0 0 0.2 0 0 0 0 0 0 0 0 0 0 0.4 0.2 0 0.4 3.6 0.2 0 0 0 0 0 1.8 0 0 2.6 0 0 0 0 0 0 0.4 0.4 0 0 0 0 0 0 0 0 0 0 0 0 0 0 0 0 0 2.4000000000000004 0 0.4 0 0.2 0.4 0.4 0 0 0 0 0 0 0 0 0 0 0 0 0 0 0 0 2 0 0 0 0 0 0 0 1.4000000000000001 4 0 0 0 
 0 0 0 1 19.400000000000002 4.6000000000000005 0 0 0 1.4000000000000001 0 0 0 0 0 0 0 0 0 15.600000000000001 44.400000000000006 0 47 14.8 10 14 33.4 38.800000000000004 28.200000000000003 6.800000000000001 10 7.2 6.2 26.200000000000003 59.6 40 28 41.800000000000004 16.2 19.6 0.8 0.4 0 1.2000000000000002 0 0 0.6000000000000001 0 0 0 0.6000000000000001 0.4 12.8 13.200000000000001 0.2 0.6000000000000001 0 0 0.4 0.2 0 0 0.2 8.4 0.6000000000000001 0 0 0 0.4 0.2 0.6000000000000001 0.4 0.4 0.6000000000000001 0.6000000000000001 1 0.8 0.6000000000000001 0.2 0 0 0 0.2 5.4 2.2 3.8000000000000003 0 0 0 2.6 0 0 0 0 0 0 0 0 0 0 2.8000000000000003 7.800000000000001 2.2 6.4 0 3.8000000000000003 5.800000000000001 1.8 0 2.2 0.6000000000000001 0 4 0 3.6 3.8000000000000003 1 2 5.2 2.8000000000000003 2.4000000000000004 7.800000000000001 0 0 0 0 0 0 0 0 0.4 0 0 0 0 0 0 0 0 0 0 0 0.6000000000000001 0 0 0 0 0 0 0 0.8 0 0 0 0 0 0 0 0 0 0 0 0 0.2 1.8 0 1.4000000000000001 0 0 0.2 0 1.6 0 0 0.2 0 0 0 0 0 2 0 9.600000000000001 1.2000000000000002 2.2 1.4000000000000001 0.2 2 0 4 0 0 4.4 4 2 3 2.4000000000000004 2 2.6 5.6000000000000005 0 0 0 0.2 0 0 1.2000000000000002 0 0 0 0 0 0 0 0 0 0 0 4.2 0.2 0 0 0 0.2 0 0 0 0 0 0 0 0 0.2 0 0 0 0 0 0 0 0 0 2.4000000000000004 0 0 0 0 0 0 0 0 0 0 0 0 0 0 0.2 0 0.4 0.8 0 0 0 0 0 0 0 0 0 0 0 0 0 0 0 0 0.2 0 0 0 0 0 0 0 3 3.8000000000000003 0 0 0 
 0 0 0 0 0 15.4 0 0 0 0 0 0 0 0 0 0.2 0 0 0 0 36.800000000000004 47 0 19.400000000000002 32.2 8.200000000000001 30.400000000000002 17.6 47 15.200000000000001 29 47 31 8.8 10.4 39.2 25.6 53.800000000000004 10 56.800000000000004 0.4 0.6000000000000001 0.6000000000000001 0.4 2.2 0.8 13.200000000000001 0 0 0 1.4000000000000001 1 12.8 12.8 6.800000000000001 0 0 0 0 0.8 0.2 0 0 2.6 0.6000000000000001 1 0.6000000000000001 0 0.2 0.2 0 0.2 0 0 1 0.2 0.8 0.4 3.6 0.8 0 0 0 0 0 1.2000000000000002 0 0 0 0 0 0 0 0 0 0 0 0 0 0 2 6.6000000000000005 7.800000000000001 5 9.4 4.800000000000001 0 0 0 0.8 4.800000000000001 3.2 0 0 0 3.6 12.600000000000001 8 2.2 0 15.200000000000001 4.800000000000001 0.2 0 0 0 1.8 0 0 1.6 0.2 0 4.6000000000000005 0 0 0 0 0 6 0 0 1.2000000000000002 0 0 0 0 0 0 0 0 0 2.2 0 0 0 0 0 0 0 0.2 0 0 0 0 0 0 0 0 0 0 0 0 0 0 0 4.800000000000001 0 0 0 0 3.6 0 1.2000000000000002 1.2000000000000002 11.600000000000001 0 2.4000000000000004 0 3.6 0 0 0.2 1.8 2.4000000000000004 2.6 4.2 4.800000000000001 0 0 2.8000000000000003 0 0 0.2 0.2 0 0 12.4 0 0 0 0 0 4.800000000000001 0 0 6.2 0 0 0 7.2 0 0 0 0 0 0 0 0 0 0 0 0 0 0 0 0 2.4000000000000004 0 0 0 0 0 0 0 0 0 0 0 0 0 0 0 0 0 3.4000000000000004 0 0 0.4 0 0 1.6 0 0 0 0 0 0 0 0 0 0 0 0 0 0 0 0 0 0 0 0 0 0 0 0 3.4000000000000004 5.6000000000000005 0 0 0 
 0.2 0 0 0 0 0 0.4 14.600000000000001 0.4 16.8 0 0 0 0 0 0 0 0 0 0 24.8 14.8 19.400000000000002 0 22.8 34 15.200000000000001 13 30.400000000000002 73 14 9.8 18.2 15 28.400000000000002 14 16.400000000000002 15.8 31.6 10.8 0.4 0 0 0.6000000000000001 1.6 3 0.6000000000000001 0 0.4 13.200000000000001 3.4000000000000004 0.4 12 0.2 13.600000000000001 1.2000000000000002 0 0.6000000000000001 0 1 0 0 0.6000000000000001 1.4000000000000001 0.6000000000000001 0 0.4 0 1 2 0 0 0 1.2000000000000002 1.6 0.4 0 0.8 0 0 0 0 0 0 0 0 0 0 0 0 0 0 0 0 0 0 0 0 0 0 2 0 0 2.6 4.2 1.8 2.8000000000000003 1.4000000000000001 3.6 2.6 3.2 6 1.8 2.2 1.4000000000000001 7.4 4.4 1 0.4 2 0 2.2 0 0 0 0 4 2 0 2 0 0 3.8000000000000003 0.2 3 0 0 5.6000000000000005 5.800000000000001 0 0 0 0 1.2000000000000002 0 0 0.4 0.2 0 0 2 0.2 0 0 0 0 0 0 0 0 0 0 0.2 0 0 0 0 0 0 0 0 0 0 0 0 0 0 0 0 0 0 6 1.6 2 1 2.4000000000000004 3 3.4000000000000004 2.4000000000000004 3.8000000000000003 4.800000000000001 12.8 0 8 0 0 0 5 0 0 0 0.2 0 0 0 0 4.4 0.4 3.8000000000000003 0 0 0 5 1.8 0 4.800000000000001 1.8 0 0 0 0 0 0 0 0 0 0 0 0 0 0 0 0 0 0.2 0 0 0 0 0.2 0 0 0 0 0 0 0 0 0 0 0 0 0 0 0.8 0.4 0 30.200000000000003 15.4 0.2 0.4 4.2 0 0 0 0 0 0 0 0 0 0 0 0.4 0 0 0 0 0 2.2 0 0 0 0 0 0 0 0 0 0 
 0 0 0 0 0 0 0 0 0.6000000000000001 0 0 0 0 0 0 0 0 0 0 0.4 9.200000000000001 10 32.2 22.8 0 44.400000000000006 6.2 53.800000000000004 37 15.600000000000001 17.6 22.6 14 55.6 11.4 59.2 24 25 10.200000000000001 6.800000000000001 13.200000000000001 12.600000000000001 0 0.4 0 0 0.8 10.8 0 0 0 0.4 0 11 8.4 0.2 0 0.4 0 0.2 0.4 0 0.2 0.6000000000000001 0.4 0 0.6000000000000001 0 0 0 0 0 0 0 0.4 6.6000000000000005 0 0.4 0 0 0 0 0 0 0 0.2 0 0 0 0 0 0 0.2 0 0 0 0 0.2 0 0 0 4.800000000000001 1.4000000000000001 0 3.8000000000000003 2.2 0 0 0 0.8 3 0 0 0.2 0.2 3.6 5.2 6 0 0.2 0 0.2 0.2 2.4000000000000004 0 0 3.6 0.2 0 3 0 0.4 0 4 0 3.8000000000000003 0 0 8 0 0 0 0 0 0 0 0 0 0 0 0 0 0 0 0.4 0 0 0 0 0 0 0 0 0 0 0 0 0 8 0 0 0 0 0 3.6 0 1.2000000000000002 0 0 0.6000000000000001 3.4000000000000004 0.2 0.2 0.2 3.8000000000000003 3.4000000000000004 0.2 0 2.6 0 0.2 3 0 0 0.2 2.2 2.8000000000000003 0 0 0 2.4000000000000004 3 0 0.4 0 0 4 0 5.4 1.6 0 0 1.6 3.2 2.6 6.800000000000001 0 0 1.8 7 0 0 0 0 0 0 3 0 0 0 0 0 0.2 3.8000000000000003 0 0 0 0 0 0 0 0 0 0 0 0 0 0 0 0 0 0 0 0 0.8 0.2 0 0.8 0.2 2.2 0 0 0 0 0 2.8000000000000003 0 0 0 0 2.8000000000000003 0 0 0 0 0 0 0 0 0 0 0 0 0 0 0 4.6000000000000005 0 0 0 
 0.2 0 0 0 0 0 0.2 0 0.4 0 4.6000000000000005 7.6000000000000005 0 0 0 0 0 0.4 0 0 10.600000000000001 14 8.200000000000001 34 44.400000000000006 0 10 8.4 22 55.2 38.800000000000004 15 25.6 6.800000000000001 26.6 29.400000000000002 10.600000000000001 9 13.8 20 13 4.6000000000000005 0 0.6000000000000001 0 0 13.200000000000001 13 5.800000000000001 0 0 0.4 12.600000000000001 39 0 0.4 0 0 12.600000000000001 13.8 0.8 0 0 0 0.4 0 0 0 0 0.8 0 0 0 3 0.4 0 0 0.4 0.4 0 0 0 0 0 0 0 0 0 0 0 0 0 0 0 0 0 0 0 0 0 0 0 2.8000000000000003 0.4 2.8000000000000003 8.4 0 0.2 0 0 0.2 2.2 0 0 0 1.2000000000000002 0.2 4.2 0 0 2.4000000000000004 13 7.800000000000001 2.8000000000000003 0 0 2.6 3.4000000000000004 0 0 0 0.6000000000000001 2.2 5 4.4 5.6000000000000005 0 2.4000000000000004 5.6000000000000005 4.2 0 0.4 0 0 0 0 0 0 0 0 0 0 0 0 0 0 0 0 0 0 0 0 0.4 0 0 0 0 0 0 1.4000000000000001 0 0 0 0 0 0 0 0 0 1.2000000000000002 0 0 0 0 4.2 3.6 0 0 0.2 0 2.6 0.2 0 0 0 2 0 1.8 4.2 0 2.8000000000000003 3.6 2.4000000000000004 2.2 0 0 2.2 3.4000000000000004 6 0.8 0 2.2 1.4000000000000001 0 4.2 2.6 1.8 0 12.600000000000001 6 0 0 0 0 0 0 0 0 0 0 0 0 0 0 0 0 0 0 0 0.4 0 0 0 0 0 0 0 0 0 0 0 0 0 0 1.4000000000000001 0.2 0 16.6 0 0.8 1 0.2 0 0 0 0 0 0 0 0 0 0 0 0 0 0 0 0 0 0 0 0 0 0 0 0 0 0 0 0 
 14.600000000000001 0 0 0 15.200000000000001 14.600000000000001 14.8 0 0 0 0 0 0.4 0 0 0 15.4 0 0 0 28.8 33.4 30.400000000000002 15.200000000000001 6.2 10 0 43.2 20.8 24.200000000000003 11.600000000000001 10.600000000000001 19.8 25.6 49.400000000000006 26.200000000000003 19 23.400000000000002 32.800000000000004 26.6 0.4 0 0 0.4 0 0.2 0.6000000000000001 0 0 0 0 41 0 0.2 0.2 0 0 0 0 0.2 0 0 10.200000000000001 1 0.4 0 0 0 0 0 0 0 0 0 0.4 0 0 0.4 0 0 0 0 4 2.4000000000000004 3.6 1.4000000000000001 0 0 0 0 0 0 0 0 0 0 0 0 0 0 3.6 5.800000000000001 7.4 2.4000000000000004 0 0 2 2.6 0 4 2 3.2 6.4 2.2 1.6 4.800000000000001 1 4.800000000000001 1.8 4.4 0 0 0 0 0 0 0 0 0 0 0 0 0 0 0 0 0 0 0.2 0 0 0 0 0 0 0 0 0 0 0 0.6000000000000001 0 0 0 0 0 0 0 0 0 0 0 0 0 7.4 0 0 0 0 0 0 0 0 0 0 0 0 0 0 0 3.2 5.2 0.2 3.6 0 0.6000000000000001 0.4 16.6 6.6000000000000005 11 1.8 4.2 4.4 1.8 7.800000000000001 4 17.6 2 4.6000000000000005 5.800000000000001 0 0 0 0 0 0 0 0 0 0 0 0 0 0 0 0 0 0 4.4 0 0 0.2 0 0 0 0 0 0 0 0 0 0 0 0 2.4000000000000004 0 0 0 0 0 0 0 0 0 0 0 0 0 0 0 0 0 0 0 1.8 0.4 0.4 0 15.600000000000001 0.2 1.8 0 0 0 0 0 0.4 0 0 0 0 0 0 0 0 0 0 0 0 2 0 0.4 0 0 0 0 4.4 0 0 0 
 0 0 0 0 0 15.600000000000001 0.2 0 0.2 14.4 0 0 0.2 0 0 0 0 0 0 0 19.6 38.800000000000004 17.6 13 53.800000000000004 8.4 43.2 0 72.60000000000001 8 16 49 23 52.800000000000004 17.2 26 8.200000000000001 22.6 67 52 4.6000000000000005 0 0 0.4 0 0 0.6000000000000001 0 0 0 0 0.6000000000000001 0 0.2 0 0 0 0 4.6000000000000005 0 0 0 0 0.6000000000000001 0.4 0 0 0 0 0 0 0 13.600000000000001 0 0.4 0 0 0.6000000000000001 0.8 1 0 0 0 0 3.8000000000000003 3 0 0 0 0.4 0 0 0 0 0 0 0 0 0 0 2.4000000000000004 7.4 3.2 0 0.2 0 2.4000000000000004 2 0 3.8000000000000003 0 0 2.4000000000000004 0 2.4000000000000004 8.6 0 2.4000000000000004 0 2.6 0 0 0 0 0 0 0 1.8 0 0 0.2 0 2 0 0 0 0 0.2 0 0 0 0 0 0 0 0 0 0 0 0.4 0 0 0 0 0 0 0 0 0 0 0 0 0 0 0 0 0 0 0 0 0 0 0 0.4 0 0 0 0 0 0 9.600000000000001 0.4 0 0 2.8000000000000003 0.2 3.2 2.4000000000000004 0 1.8 0 0.2 0 3 0 3.8000000000000003 0 0.2 1.4000000000000001 3.8000000000000003 0 0 0 0 0 0 0 0 0 0 0 0 3 2.6 0.4 0 0 0 2.6 0 0 0 0 0 0 0 0 0 0 0 0 0 0 0 0 0 0.4 0 0 0 0 0 3.6 0 0 0 0 0 0 0 0 0 0 0 1.2000000000000002 0 0.4 0 9.600000000000001 0 0 0 0 0 0 0 0 0 0 0 0 0 0 0 0 0 0.4 0 0 0 0 2.6 0 0 0 0 2.6 0 0 0 
 0.4 0.4 0.6000000000000001 0.4 0.4 17 0.4 0.4 0.8 0.4 0.4 0.8 0.6000000000000001 0.6000000000000001 0.4 0.4 0.4 0.4 0.6000000000000001 0.4 74.60000000000001 28.200000000000003 47 30.400000000000002 37 22 20.8 72.60000000000001 0 30.6 11 15 26.400000000000002 91 40.6 68.60000000000001 30.8 14.200000000000001 30.6 42.6 0.4 0 0 0.4 0 0.2 0.4 0 0 0 0 0.6000000000000001 13 0.4 12.600000000000001 0 6.6000000000000005 0 0 12.8 0 0 0 1.8 0.4 0 0 0 0 0.4 0 0 0 0 0.4 0 0 0.4 0 0 0 0 0 0 3 3.8000000000000003 0 0 0 0 2 0 0 0.2 0 0.2 0 0.4 0 0.4 10.200000000000001 0 14 5.6000000000000005 6.6000000000000005 1.6 0 3 2 1.6 5.800000000000001 0 1.8 3.2 1.6 4 0.2 3.6 0 2.8000000000000003 0 0 0 0 0 0 0 0 0 0 0 0.2 0 0 0 0 0 0 3.8000000000000003 0 0 0 0 0 0 0 0 0 0 0 0 0 0.4 0 3.2 0 0 0 0 0 0 0 0 0 0 0 0 0 0 0 0 0 0 0 0 0 0.2 0 0 0 6.6000000000000005 4.800000000000001 0.2 1.4000000000000001 3.4000000000000004 3.8000000000000003 4.800000000000001 2.6 9.4 0 0 14 2 0 2.8000000000000003 4.6000000000000005 5.4 1.8 1.8 3 0 0 0 0 0.4 0 5 0 0 0 0 0 5.6000000000000005 0 0 1.6 0 0 0 2.6 0 0 0 0 0 0 0.4 0 0 0.6000000000000001 0 0 0 0 0 0 0 0 0 0 0 0 2.4000000000000004 0 0 0 0 0 0 0 0 0 0 0 2.8000000000000003 0.2 0 0.2 16 0.4 2.6 0 0 0 0 12 0.8 0 0 0 0 0 0 0 0 2.2 0 0 0 0 0 2.6 0 0 0 0 0 0 0 0 
 0.4 0 0 0 0 0 0 0 0 0 0 0 0 0 0 0 9 0 0 0 24 6.800000000000001 15.200000000000001 73 15.600000000000001 55.2 24.200000000000003 8 30.6 0 13.8 37.6 44.6 34.4 42.400000000000006 104.60000000000001 23.8 24.6 24 33.4 0.6000000000000001 0 0 0.4 0 13 0.6000000000000001 0.2 0 0 1 0.4 41.6 12.4 0 0 0 0 12.200000000000001 24.8 0 0 0 0 0.6000000000000001 0 0 0 0 3.6 0 0 0 0 0.6000000000000001 0 0 0.6000000000000001 0 0 0 0 0 0 0 0 0 0 0 0 0 0 0 0 0 0 0.4 0 0 0 0 0 3 3.8000000000000003 2.2 7.4 0 2 1.4000000000000001 0 2 0.8 0 1.8 3.6 0.2 6.6000000000000005 9.4 0 4.4 6.2 3.4000000000000004 2.8000000000000003 0.4 2.4000000000000004 0.2 8.6 0 0 0 0 0 1.4000000000000001 0.2 0 2.6 0 1.8 0 0 0 0 0 1.2000000000000002 0 0 0 0 0 0 0 0 0 0 0 0 0 0 0 0 0 0 0 0 0 0 0 0 0 0 0.4 0 0 0 0 4.800000000000001 0 0 0 0 0 3.4000000000000004 2.2 0.2 15.8 6.6000000000000005 3.8000000000000003 1.4000000000000001 2.8000000000000003 2.8000000000000003 4.4 8.8 0 0 0 2.4000000000000004 0 6.2 0 0 0 0 0 0 0.2 0 3.6 2 3.6 0 0.2 0 0 0.2 3.6 0 0 0 2.4000000000000004 6.4 0.4 0 3.4000000000000004 0 0 0 0 0 0 0 0 0.4 0 0 0 0 0 0.4 0 0 0 0 0 0 0 0 0 0 0 0 0 0 0 0 2.2 0 0 23.6 3 0 0.4 4.2 0 0 0 0 0 0 0 0 0 0 0 0 0 0 0 0 0 0 0 1.8 0 0 0 0 0 0 0 0 
 1 0.8 1 0.8 0.8 0.8 1 0.8 1 0.8 0.8 0.8 1 0.8 0.6000000000000001 1.2000000000000002 1 1.4000000000000001 1 0.8 27.200000000000003 10 29 14 17.6 38.800000000000004 11.600000000000001 16 11 13.8 0 27.200000000000003 27.6 21 44.400000000000006 30.400000000000002 37.800000000000004 60 5.800000000000001 10.4 0.6000000000000001 0.2 0.8 0.6000000000000001 0 0.2 0.4 0.4 0.2 0.2 0.2 0.8 13 0.8 0 0 0.4 0 0.4 0.6000000000000001 0 0 0 1 0.4 0 0 0 0 0 0 0 0 0 0.6000000000000001 0 0 0.4 0 0.2 0 0 0 0 0 0 0 2.8000000000000003 0 0 0 0 0 0 0 0 0 0 0 0 11.200000000000001 5.2 0 7 0.4 3.8000000000000003 0 2 6.2 0 6.6000000000000005 0.2 0.4 0 0.4 1.8 3 6.6000000000000005 0 0 4.4 4 0 0 0 0 11.8 0 2.2 0 0 0 2.4000000000000004 0 0 0 0.4 0 0.2 0 0 0 0 1 0 0 0 0 0 0 0.2 0 0 0.8 0 0 0 0 0 0 0 0 0 0 0 0 0 0 0 0 0 0 0 0 0 0 0 0 0 0 4.2 0 0 0.4 1.8 2.6 0 0 3 7.2 1.4000000000000001 0 0 0 5 7 2.6 0 0 3.4000000000000004 0 0 0 0 0 0 0.8 0 0 0 0 0 2.6 0 0.2 0 0 0.2 12.8 2.2 0 0 0 0.2 0 0 0 0 0 0 0 0 0 0 0 0.2 0.2 0 0 0 0 0 0 0 0 0.4 0 0 0 0.2 0 0 0 0 0.6000000000000001 0.4 0 16.2 0.4 0 0.8 3.2 0 0.4 0 0 0 0 0 0 0 0 0 0 0 0 0 0 0 0 0 0.6000000000000001 0 0 0 1.8 4.800000000000001 0 0 0 
 0 0 1.8 0 0 0 0 0 0.4 0.6000000000000001 0 0 0 0.2 0 0 1.6 0.4 0 0 8.4 7.2 47 9.8 22.6 15 10.600000000000001 49 15 37.6 27.200000000000003 0 7.2 13.4 9.8 22.400000000000002 25.200000000000003 41.2 6.800000000000001 7.800000000000001 0.4 0 0.6000000000000001 0.4 1 0 1.2000000000000002 0 0 0 0 1 26.200000000000003 12.4 25 14.600000000000001 0 0 1.2000000000000002 13.8 0 0 0 4.4 0.4 0 0 0 0 0.2 0 0.4 0 0 0.4 0 0 0.4 0 0 0 0 0 0 0 0 0 0 0 0 0 0 0 0 0 0 0 0 0 0 0 0 0.2 6 6 5.6000000000000005 0 0 3.8000000000000003 1.8 4.800000000000001 4.2 0 0 0 0.8 4.800000000000001 3.2 1.8 0 5.800000000000001 4 0 0.4 0 0 1.4000000000000001 2.4000000000000004 0 0 0 0 2.2 0.2 0 1.8 0 0 4.800000000000001 3.8000000000000003 0 0.6000000000000001 0 0 0 0.4 4.2 0 0 0 0 0 0 0.4 0 0 0 0 0 0.8 3.2 0 0 0 0.4 0 0 0 0 0 0 0 0 0 0 1.4000000000000001 0 0 0 0 4.6000000000000005 0 3.8000000000000003 0 1.8 3 0 0.4 2.4000000000000004 2.4000000000000004 3.6 2.8000000000000003 0 3 1.4000000000000001 4.800000000000001 12.600000000000001 3.2 0 0 0 0 2.8000000000000003 0 4 0 4.6000000000000005 0.4 0 0 0 0 2.4000000000000004 0 4.4 3.8000000000000003 2 0 0 5.2 0 0 0 0 0 0 0 0 0 0 0 0 0 0 0 0 0 0 0 0 0 0 0 0 0 0 0 0 0 0 0 0 0 0 0.8 0 0.2 1.4000000000000001 0 0.4 0.2 0 0 0 0 0 0 0 0 0 0.6000000000000001 0.2 0 0 9.200000000000001 0 0 0 0 0 0 0 0 0 0 1.8 0 3.8000000000000003 0 0 
