 0 22.200000000000003 15.200000000000001 12.8 28 64.2 35.6 29.400000000000002 33 36 52.6 20 29.8 51.2 30.400000000000002 10.8 24.400000000000002 7.800000000000001 52.400000000000006 13 0.6000000000000001 0.4 0 0.4 0.2 0 0 0 0 0 0 0.4 0 0.4 0 0.2 0 0 0.6000000000000001 0 0 0.6000000000000001 0 0 0.4 0 0.4 0 1 0 0 0 1 0 0.2 0 0 0 0 0 0 0 0 0.4 0 0 0 0 0 0 0 0 0 0 0 0 0 1.4000000000000001 0 0 7.800000000000001 3.2 2.8000000000000003 1.6 0 6.6000000000000005 0 2 0 0 6 0 0.2 7.6000000000000005 1.2000000000000002 7.800000000000001 2 3.2 0 4.2 0 0 0 0 0 0 4.2 0 0 0 0 0 0 0.4 0 0 0 0 0 0 0 0 0.6000000000000001 0 0.2 0 0 0 0 0 0 0 0 0 0 0 0 0 0 8.8 0 0 1.8 0 0 0 0 0 0 0 0 0 0 0 0 0 0 0 0.2 0 0 0.2 9.600000000000001 2.4000000000000004 0 2.6 3.6 4.800000000000001 0 0 0 3 2.2 1.2000000000000002 0 2.2 2.8000000000000003 1.8 3.6 0.2 0 0 0 0 0 0 2.8000000000000003 0 0 0 0 0 0 0 0 0 0.4 0 0 0 0 0 0.2 0 0 0 0 0 4.6000000000000005 0 0 0 0 0 0 0 0 0 0 0 0 0 0 0 0 0 0 0.2 0 0 0 0 3.4000000000000004 0.4 0 0 0 0 0 0 0 0 0 0 0 0.4 0.2 0 0.8 0.2 0 1 3 0 0 0 0 0 0 0 0 0 0 0 0 0 0 0 0 0 0 0 0 0 0 0 0 0 0 0 0 0 0 0 0 0 0 0 0 0 
 22.200000000000003 0 18 24.400000000000002 18.8 29.6 16.400000000000002 43.800000000000004 29 89.60000000000001 6.800000000000001 66 27 28 31.6 12.4 53.2 31.8 31.8 27.8 1.2000000000000002 0.4 0.4 0.6000000000000001 0.4 0 0.6000000000000001 0.2 0 0.2 0 0.6000000000000001 0 0.4 0.6000000000000001 0 0 0 1 0 0 0.6000000000000001 0 0 0.4 0 0.8 0.4 1 0.6000000000000001 0 0 1 0 0 0 12.8 0 0 0 0.4 0 0 0.8 0 0.4 0.6000000000000001 0 0 0.8 0.4 0 0 0 0 0 0 0.6000000000000001 0 0 4.2 2.8000000000000003 0 0 0 0.4 0.6000000000000001 6 4.4 1.4000000000000001 2.4000000000000004 5.4 0 4.2 2.6 2.2 4.2 3.4000000000000004 6.6000000000000005 3.8000000000000003 0 0 0 0 0 0 0 0 0 0 0 0 0 0 0 0 0 0 1.8 0 0 0 0 0 0 0 0.2 0 0 0 0 0 0 0 0 0 0 0 0 0 1.2000000000000002 0 0 0 0 0 0 0 0 0 0.4 0 0 0 7 0 0 0 0 0 4 2.6 0 11.600000000000001 0 0 1.8 3 1.8 0 0.4 0 6.800000000000001 1.4000000000000001 0.4 5 7 2 2 2 2 0 0 0.2 0 0 5.4 0 0 0 0 0 0 0 0 0 0 0 2.2 0.4 0 0 0 1.4000000000000001 0 0 0 0 0 0 0 0 0 0 0 0.2 0 0 0 0 0.2 0 0 0 0 0 0.4 1.6 0 0 0 0 10.200000000000001 0 0 0 0 0 0 0.2 0 0 0 0 0 0 0.2 0 0.2 3.6 0.6000000000000001 2 0 0 0 0 0 0 0 0 0 0 0 0 0 0 0 0 0 0 0 0.4 0 0 0 1.6 0.4 0 0 0 0 0.2 0 0 0 0 0 0 0 0 
 15.200000000000001 18 0 68.60000000000001 47.400000000000006 44.400000000000006 76.4 24.6 30.400000000000002 8.6 30 6.800000000000001 54 8.6 36.6 28.6 76 13.4 9.600000000000001 11.4 1.2000000000000002 0.4 0 0.4 0 0 0.6000000000000001 0.8 6.4 0 0 0.4 14.600000000000001 15.600000000000001 0 11 0 0 15.8 0 0.4 0.8 0 0 0.8 0 1 0 1.8 0 0 0 1.4000000000000001 0 0.6000000000000001 0 0 0 0 0.4 0.2 0 0 0.4 0 0.4 0 0 0.4 0.2 0.6000000000000001 0 0 0 0 0 0 0.6000000000000001 0 0 1.6 0 10.600000000000001 0.8 0 5.4 0 0 3.4000000000000004 2.2 0.2 2 0 2.4000000000000004 0.4 7 0 0 0 1.6 0 2.8000000000000003 0 0 0 0 2.8000000000000003 0 0 0 0 0 1.8 2.6 0 0 0 0 0 3.2 0 0 0 0 0 0 0 0 0 0 0 0 0 0 0 0 0 2.6 0 0 0 0 0 0 0 0 0 0 0 0 0 0 0 0 0 0 0 0 0 0 0.2 4.800000000000001 2.2 0 0 0 3.6 0.2 2.4000000000000004 1.6 10 7.4 0 1.6 2.6 0 4.2 1.6 2.4000000000000004 0 1.6 0 0 0 0 0 0 0.6000000000000001 0 0 0 0 0 3.2 0 0 0 0 0 1.8 0 0.8 0 0 0 0 0 0 0 0 0 0 0 0 0 0 0 0 0 0 0 0 0 0 0 0 0 0 0 0 0 0 0 0 0 0 0 0 0 0 0 4.6000000000000005 0 0 0 0 9.200000000000001 0 0 9.600000000000001 0 0 0 0 0.4 0 0 0 0 0 0 0 0 0 0 0 0 0 0 0 0 0 0 0 0 3 0.6000000000000001 0 0 0 0 0 0 0 0 0 0 0 0 0 
 12.8 24.400000000000002 68.60000000000001 0 67.4 8.8 21.200000000000003 37.4 75.4 54.6 46.800000000000004 19.400000000000002 13.200000000000001 20.8 13 29.200000000000003 24.200000000000003 87.80000000000001 15.8 12.200000000000001 0.6000000000000001 0.4 0 0.4 0 0 0 0 0 0 0.4 0.4 19.6 7.4 16.400000000000002 0 0 0 0.6000000000000001 18.8 0 0.6000000000000001 0 0 0.4 0 0.4 0 0.6000000000000001 0 0 0 0.8 0 0 0 0 0 0 0 10 0 0 0.4 0 0 0 0 0 0 0 0 0 0 0 0 0.4 0.6000000000000001 0 0 3.2 3 2.4000000000000004 8.200000000000001 2 4 0 4.4 3.6 2 0 5.800000000000001 0 0 0 0 0 0 0 0 0 6 0 0 0 0 5 0.4 0 0 0 0 4.800000000000001 0 2.8000000000000003 0 0 0 6.2 0 0 0 0 0 0 0 0 0 0 0 0 0 0 0 0 0.6000000000000001 0 0 0 0 0.8 0 0 0 0.4 0 0 0 0.4 0 0 0 0 0 0.4 0 0 0 0 0 3.2 8 0 3.4000000000000004 4.6000000000000005 0.4 1.2000000000000002 2.6 2 6.800000000000001 2 3.6 0.2 0 1.2000000000000002 0.2 2.4000000000000004 3.8000000000000003 1.4000000000000001 0 7.6000000000000005 0 0 0 0 0 10.200000000000001 2.6 0 0 0 0 0 3.6 0 0 2 1.8 7 1.8 0 0 0 0.2 0 0 0 0 0 0 0 0 0 0 0.4 0 0 0 0 0 0 0 0 0.4 0 0 0 0 0 0 0 0 0 0 0 0 0 0 0 0 0 0.4 0 0 0 0.4 27.8 0 17.8 17.6 0.4 2.8000000000000003 0 0 0 0 0 0 0 0 0 0 0 0 0 0 0 0 0 0 0 0 0 0 0 0 2.6 0 0 0 0 0 0 0 0 0 0 0 0 0 
 28 18.8 47.400000000000006 67.4 0 120 28.200000000000003 38.2 14 76.80000000000001 99 72.8 13.600000000000001 19.400000000000002 56.800000000000004 16.400000000000002 14.200000000000001 7 16.2 12.200000000000001 0.6000000000000001 0.4 0 0.4 0 0 0 0 0 0 0 0.4 0 15 0.2 0 0 0 0.6000000000000001 0.4 0 0.6000000000000001 0 0 0.4 0 0.4 0 1 0 0 0.2 1 0 0 0 0 0 0 0 1.6 0 0 0.6000000000000001 0 0 3.2 0 0 0 0 0 0 0 0 0 0 0.6000000000000001 0 0 0 2.8000000000000003 2.2 1.8 8.4 4.800000000000001 0 3.2 0 9 0 8.200000000000001 0 0 0 2.6 0 0.6000000000000001 0 0 0 5.800000000000001 0 0 0 0 3.6 0.2 0 0 0 0 2.2 2.8000000000000003 0 0 3.8000000000000003 0.2 2.8000000000000003 2.6 0 0 0 0 0 0 0 0 0 0 0 0 0 0 0 0 0 0 0 0 0 0 0 0 0 0 0 0 0 0 0 0 0 0 0 0 0 0 0 0 0 0.6000000000000001 0 1.8 2 0 0 0 11 4 2.6 0 0.4 0 3.6 2.2 0.2 2.2 0 0 0.8 0 0 0 0 0 1.8 4.4 0 0 0 0 2 4 0 0 3.2 3.4000000000000004 4.6000000000000005 7.800000000000001 0 0 0 0.4 1.2000000000000002 0 0 0 0 0 0 0 0 0 0 0 0 0 0 0 0 0 0 0 0 0 0 0 0 0 0 0 0 0 0 0 0 0 0 0 0 8.8 0 0 0 0.2 0.4 0 0.4 11 0 1.2000000000000002 0 0 0 0 0 0 0 0 0 0 4.2 0 0 0 0 0 0 0.2 0 0 0 0 0 3 0.2 0 0 0 0 0 0 0 0 0 0 0 0 0 
 64.2 29.6 44.400000000000006 8.8 120 0 11.600000000000001 44.800000000000004 9.4 26.6 13 99.80000000000001 10.4 10 8.4 33.4 28.400000000000002 54.800000000000004 57.2 27.8 0.6000000000000001 1.2000000000000002 14.600000000000001 15.600000000000001 0 0 14.8 14.8 0.2 0 0 0.6000000000000001 19.400000000000002 7.4 15.4 0 0 15.200000000000001 38.400000000000006 0.2 0 0.6000000000000001 0 0 0.4 0 0.4 0 1 0 0 0 0.6000000000000001 0 0 0 0 0 0 0 0 0 0 0.6000000000000001 0 0 0 0 0 0 0 0 0 0 0 0 0 0.8 0 6.6000000000000005 0 0 3.8000000000000003 2 0 0 0 3.2 0.4 1.2000000000000002 0 5.800000000000001 0 3 0 2.8000000000000003 0 0 0 0 2.2 0 0 0 0 0 0 2.4000000000000004 2 2.4000000000000004 0 0 11.200000000000001 5 0 0 2 0.2 3.8000000000000003 0 0.2 0 0 0 0 0 0 0 0 0 0 0 0 0 0 0 0 2 0 0 0 0 0 0 0 0 0.4 0 0 0 0 0 0 0 1.6 0 0 0 0 0 4 0 0 2.4000000000000004 1.8 0 0.4 3.2 2.4000000000000004 8.4 4.2 0 0 0 1.8 2 0.4 2.4000000000000004 0.4 0 2 1.4000000000000001 0.6000000000000001 0 0 2.8000000000000003 5.800000000000001 4.6000000000000005 2.2 3.4000000000000004 0 1.6 2 5.6000000000000005 0 2 0 0 2.2 0 0 0.4 0 0 0 0 0 0 0 0 0 0 0 0.4 0 0 0 0 0 0.4 0 0 0 0 0 0 6.4 0 0 0 0 0 0 0 0 0 0 0 0 0 0 0.4 1.4000000000000001 0 0 0.6000000000000001 0.8 0.4 0.2 33.6 0 5.2 0 0 0 0 6.2 0 0 0 0 0 0 0 0 0.2 0 0 0 0 0 0 2.2 0 0 1.8 2 0 0 0 0 0 0 0 0 0 0 0 0 0 
 35.6 16.400000000000002 76.4 21.200000000000003 28.200000000000003 11.600000000000001 0 24.8 27.400000000000002 8.6 6.4 45.400000000000006 98.80000000000001 63.400000000000006 35.4 42.6 60 47.800000000000004 73.8 47 0.6000000000000001 0.4 0.2 0.4 0 0 0 0 0 0 0.4 0.4 0 0.4 0 2 0 0 0.6000000000000001 0 0 0.6000000000000001 0 0 0.4 0 0.4 0 0.8 0 0 0.2 0.6000000000000001 0 0 0 0.4 0 0 0 0 0 0 0.6000000000000001 0 0 0 0.4 0 0 0 0 0 0 0 0 0 0.4 0 0 1.4000000000000001 0 2.8000000000000003 3.4000000000000004 0 2.8000000000000003 5.6000000000000005 2.2 2.2 3.6 8.4 2.8000000000000003 0 2 2.8000000000000003 1.8 3 9 0 0.2 0 0 0 0 0 0 0 0 0 0 0 0 0.4 0 0 0 0 0 0 0 0 0 0 0 0 0 0 0.4 0 0.4 0 0 0 0 0 0 0 0.2 0 0 0 0 0 0 0 0.4 0 0 0 0 0 0 0 0 0 0 0 0.2 0 0 3.8000000000000003 0 2.8000000000000003 0 0.2 2.8000000000000003 9 0.2 2.2 0 6.800000000000001 0 5 1.4000000000000001 8.8 2.4000000000000004 3.2 0 5.2 2.2 0.2 0 0 0 0.2 0 0 0 0 0 0 0 0 0 0 2.2 0 0 2 0 0 0 0 0 0 0 0 0 0 0 0 0 0 0 0 0 0 0.2 0 0 0 0 0 0 0.4 0.4 0 0 0.4 1.8 0 0 0 0 0 0.2 0.2 0 0 0 0 0 0 0 0 0 17.2 0.4 0 0 0 0 0.2 0.2 0 0 0 0 0 0 0 0 1.6 0 0 0 0 0 0 0 0 0 0 0 0 0 0 1.4000000000000001 0 0 0 0 0 0 0 0 0 0 0 0 
 29.400000000000002 43.800000000000004 24.6 37.4 38.2 44.800000000000004 24.8 0 18.6 43.2 4.6000000000000005 18.6 37 38.2 60.6 52.2 24.400000000000002 21.6 73.4 14.4 1.8 41.400000000000006 0 0.4 0 0 41 0 0.2 0 15.8 0.4 0.2 0.4 0 1.6 0 0.2 0.6000000000000001 1 0 0.6000000000000001 0 0.6000000000000001 0.4 0 0.4 0 0.8 0 0 0.2 1 0.4 8.6 0 0.8 1 0 0 1.8 0 0 0.4 0 0 0.4 0 0 0.2 0 0 1 0 0 0 0.8 0.6000000000000001 0 0 4.6000000000000005 0 0 0 0 3.8000000000000003 1.6 2.8000000000000003 2 6.4 0 8.200000000000001 0 3.8000000000000003 0 0 0.2 3.6 0.2 0 0 0 0 0 0 0 0.2 0.4 0 0 0 0 0 0 0 0 0 0 1.6 0 0 0 0 0 0 0 0 0 0 0 2.4000000000000004 0 0 0 2 0 0 0 0 0 0.2 0 3.8000000000000003 0 0 0 0 0 0.2 0 0 0 0 0 0.6000000000000001 0 0 0 0 0 1.4000000000000001 0.6000000000000001 2.8000000000000003 1.6 0 0 0.2 0.2 5.4 0.2 2.4000000000000004 0 2 0 3 3.8000000000000003 5.6000000000000005 1.6 5.4 1.2000000000000002 2.8000000000000003 0 0 0 0 1 2.6 0 0 0 0 0 0 0 0.4 0 0 0 0.6000000000000001 0 0 0 0 0.4 0 0 0 0 0.2 0 0 0 0 0 0 0 0 0 0 0 0 0 0 0.2 0 0 0.2 2.8000000000000003 0 2.8000000000000003 0 0 0 0 0 0 0 0 0 0 0 0 0 0 0.2 0 0.4 0 0 8.6 0.2 1.8 0 0 0.4 0 0 0 0 0 0 0 1.6 0 0 0 0 0 0 0 2 0 0 0 0 1.8 0 0 0 0 0 0 0 0 0 0 0 0 0 0 
 33 29 30.400000000000002 75.4 14 9.4 27.400000000000002 18.6 0 45.6 6.2 8 20.8 81.4 72 45.800000000000004 36.800000000000004 30.8 17.8 32.800000000000004 0.6000000000000001 0.4 0 0.4 0 0 0 0 0 0 0.4 0.4 14.200000000000001 0.6000000000000001 1.2000000000000002 0 0 0 8.200000000000001 8.8 0 0.6000000000000001 0 0 0.4 0 0.4 0 0.8 0 0 0 1 0 0 0 0 0 0 0 0.6000000000000001 0 0 0.6000000000000001 0 0 0 0 0 0 0 0 0 0 0 0 0 0.4 0 0 2 2.2 5.2 10.600000000000001 0 0 1.2000000000000002 0 0 1.6 4.800000000000001 0 0 2.8000000000000003 2 6.6000000000000005 13 14 2.8000000000000003 4.4 0 1.6 0 0.2 3.2 0 0 0 0 0 0 0 6.4 0 0 0 0 0 1.4000000000000001 0 0 0 0 0 0 0 0 0 0 0 0 0 0.2 0 0 0 0 2 0 0 0 0 0 0.4 0 3.8000000000000003 0 0 0 0 0 0 0 4 0 0 0 0 0 0 2.6 1.8 0.2 6.2 0 0 5.4 3.4000000000000004 0.2 2 1 0 4 1.6 1.4000000000000001 13.4 4.2 0 10 0 0 0 0 0 0 0 0.2 2.2 0 0 0 0 0 2.8000000000000003 0 0 3.4000000000000004 0 3 0 0.8 0 0 0 0.4 0 0 0 0 0 0 0 0 0 0 0 0 0 0.4 0 0 0 0 0 0 0 0 0 0 0 0.4 0 0 0 0 0 0 0 0.2 0 0 0 0 0 0 0 0.2 0.4 0 17.400000000000002 0.8 2.2 0 0 0 0 0 0 0 0.4 0 0 0 0 0 0 0 0 0 0 0 0 0 0 0 1 2 0 0 0 0 0 0 0 0 0 0 0 0 0 
 36 89.60000000000001 8.6 54.6 76.80000000000001 26.6 8.6 43.2 45.6 0 49 10.600000000000001 11.4 44.2 27.200000000000003 35.6 12.4 11.8 13.4 41.6 0.6000000000000001 0.4 0 0.4 0 0 0 1.2000000000000002 0 0 0.4 0.4 14.600000000000001 15.200000000000001 0 0.2 0 0 16 0.2 0 0.6000000000000001 0 0 0.4 0 0.4 0 13.8 0 0 0.6000000000000001 0.6000000000000001 0 0 0 0 0 0 0 0 0 0 10.4 0 0 0.6000000000000001 0 0 0 0.4 0 0 0 0.2 0 0 0.6000000000000001 0 0 1.6 5.4 0.2 4.2 3.2 2.4000000000000004 0 8 1.2000000000000002 6.800000000000001 5.6000000000000005 6.6000000000000005 0 4.6000000000000005 0 1.6 0 0 0 0 0 1.2000000000000002 0 0 0 0 0 0 0 0 0 0 0 0 0 0 0 0 4.4 0.6000000000000001 0 0 0 0 0 0 0 0 0 0 0 0 0 0 0 0 0 2.6 0 0 0.4 0 0 0 0 0 4.4 0 0 0 0 0.4 0 0.4 0.4 0 0 0 0 0 2.4000000000000004 0 0 3.8000000000000003 2.2 0.2 5.2 5.800000000000001 5.4 0.2 1 0 0.8 2.2 1.2000000000000002 0 3.4000000000000004 1.8 5.2 0 6.4 0 0 0 0 0 3.4000000000000004 0.8 0 0 0 0 3.8000000000000003 7.6000000000000005 0.6000000000000001 0 0 0 2 9 0 0.2 0 0 0 0 0 0 0 0 0 0 0 0 0 0 0 0 0 0 0 0 0 0 0 0 0 0 0 0 0 0 0 0 0 2 0 0 0 0 0 0 0 0 0 0.4 0.2 0 9 25.8 0 1.2000000000000002 0.6000000000000001 0 0 0 0 0 0 0 0 0 0 0 0 0 0 0 0 0 0 0 0 0 0 1.4000000000000001 5 0 0 0 0 0 0 0 0 0 0 0 0 0 
 52.6 6.800000000000001 30 46.800000000000004 99 13 6.4 4.6000000000000005 6.2 49 0 26.6 7 11 14.4 35.4 23 8.4 5.800000000000001 7.4 0.8 5.2 0 0.4 5.2 0 0 0.4 0 0.2 6.2 0.4 0 10.200000000000001 0.2 0 27.200000000000003 0 15.4 0 0 0.6000000000000001 0 0 0.4 0 0.4 0 1 0 0 0 0.6000000000000001 0 0 0 0 0 4.2 0 0 0 0 0.4 0 0 0 0 0 0.2 0 0 0 0 0 0 0 0.6000000000000001 0 0 0 1.8 0 5.2 5.4 0.6000000000000001 0 0 0 2.4000000000000004 0 2.2 0 0 0 0 0 0 0 0 0 8.8 0 0 0 0 0.2 0.2 0 0 0 1.8 0 0 0 0 0.2 2.8000000000000003 5.2 5 0 0 0 0 0 0 0 0 0 0 0 0 0 0 0 0 0 0 0 0 0 0 0 0 0 0 0 0 0 0 0 0 0.4 0 0 0 0 0 0 0 0 3.6 0 0 12 0.2 6.4 0 4.4 2.2 2 2 0 0 1.2000000000000002 0 0 1.6 0.8 0 3.6 0 1.4000000000000001 0 0 0 1.8 3.6 0 0 0 0 11.600000000000001 9.200000000000001 0 0 2.8000000000000003 0.4 2.2 4.800000000000001 0 0 0 0 0 0 0 0 0 0 0 0 0 0 0 0 0 0 0 0 0 0 0 0 0 0 0 0 1.4000000000000001 0 0 0 0 0 0 0 0 0 0 0 0 3.6 0 0 0 0.6000000000000001 11.8 0 1.4000000000000001 17.400000000000002 0 2.6 0 0 0 0 0 0 0 0 0 0 0 0 0 0 0 0 0 0 0 0 0 0 0 1.8 10.600000000000001 0 0 0 0 0 0 0 0 0 0 0 0 0 
 20 66 6.800000000000001 19.400000000000002 72.8 99.80000000000001 45.400000000000006 18.6 8 10.600000000000001 26.6 0 26.6 29.6 94 15.4 77.2 36.800000000000004 8.200000000000001 6.4 14.200000000000001 14.200000000000001 0 0.8 0 0 5.6000000000000005 15 0 0.8 0 0.4 18.6 0.4 14.8 0.2 4.2 0 4.6000000000000005 14.8 0 0.6000000000000001 0 0.2 0.6000000000000001 0 0.4 0 0.8 0 12.200000000000001 0.4 0.8 0 0 0 0.2 0 0 0 0 0 0 0.6000000000000001 0 0 0 0 0 0 0 0 0 0 0 0 0.4 0.6000000000000001 0 0 0.2 0 0 0 2.6 1.2000000000000002 2.6 1.4000000000000001 0.2 3.8000000000000003 6.6000000000000005 11 0 0 0 0.2 0 2.2 0 0 2 0.2 0 2.2 0 2.4000000000000004 3 6 0.2 0 2 0 3.8000000000000003 0 2 4.4 2.8000000000000003 2 8.6 4.800000000000001 0 0 0 0 0 0 0 0 0 0 0 0 0 0 0 0 0 0 0 0 0 0 0 0 0 0 0 0 0 0 0 0 0.8 0 0 0 0 0 0 0 0 0 4 0.2 3 2.8000000000000003 0.2 0 2 0.2 5.800000000000001 2.4000000000000004 0.2 0 0.4 2.6 0 0 0 0 3.2 0 1.6 0.4 0 0 2.2 5.800000000000001 2 0 0.6000000000000001 3.6 1.8 3 2.6 0 3.6 0 9.8 5.6000000000000005 0 0 0 0 0 0 0 0 0 0 0 0 0 0 0 0.4 0 0 0 0 0.4 0 0.4 0 0 0 0 0 0 0 0 0 0 0 0 0 0 0.2 0 0 0 0 0 0 0 0 0.4 0.4 0 1 0 1.8 0 0 0 0 0 0 0 0 0 0 3.2 0 0 0 0 0 0 0 0 0 0 0 0 0 0 0 0 0 0 0 0 0 0 0 0 0 0 0 
 29.8 27 54 13.200000000000001 13.600000000000001 10.4 98.80000000000001 37 20.8 11.4 7 26.6 0 37 67.8 8 26.400000000000002 14 30.200000000000003 43 0.6000000000000001 0.4 0 0.4 0 0 0 0 0 0.2 0 0.4 0 0.4 0 0 0.4 0 0.6000000000000001 0 0 0.6000000000000001 0 0 0.4 0 0.4 0 1 0 0 0 0.6000000000000001 0 0 0 6.2 0 0 0 0.2 0 0 0.4 8.6 0 0 0 0 0.6000000000000001 0 0 0 0 0 0 0 2 0.4 0 4 0.4 2.4000000000000004 2 0 8.4 0.2 0 0 0.8 2 0.2 2 4 10.4 0 2.8000000000000003 3.6 3 4.800000000000001 0 0 0 0 0 0 0 3 0 0 0 0 0 0.2 0 0 0 0 0 0.4 0 0 0 0 0.4 0 0 0 0 0 0 0 0 0 0 0 0 0 0 0 0 0 0 0.8 0 0 0 0 0 0 0 0 0 0 0 0 1.2000000000000002 0 0.2 1.2000000000000002 2.2 2 7.4 0 0 2 3.8000000000000003 3.2 3.6 0 0 0.2 8 3.4000000000000004 4.800000000000001 1.4000000000000001 2.6 0 0 0.2 0 0 0 0 0 0 0 0 0 0 0 0 0 0 0 0 0 0 0 0.2 0 0 0 0 0 0 0 0.2 0 2.8000000000000003 0 0 0 0 0 0 0 0 0 0 0 0 0 0 0 0 0 0 0 0.4 0 0 0 0 0 0 0.4 0 0 0 0 0 0 0 0 0.2 0 0.2 0.4 0.4 0 1.6 2 0 0 0 0 0 0 0 0 0 5.2 0 0 0 0 0 0 0 0 0 0 0 0 0 0 0 0 0 0 0 0 0 0 0 0 0 0 0 
 51.2 28 8.6 20.8 19.400000000000002 10 63.400000000000006 38.2 81.4 44.2 11 29.6 37 0 42.2 27 27.400000000000002 7 35 52.400000000000006 0.6000000000000001 0.4 0 0.4 0 0 0.2 0 0 0 0 0.4 0.2 0.4 0 0 0.8 0.4 0.6000000000000001 15.200000000000001 0 0.6000000000000001 0.2 0 0.4 0 0.8 0 0.8 0 0 0.4 0.6000000000000001 0.4 0 0 0 0 0 0 0 0 0 0.4 0 0 0 0 0 0.6000000000000001 0 0 0 0 0 0 0 1.6 0.4 0 1.8 2 5 2.2 0 5.800000000000001 5.2 0.2 0.4 1.8 12.8 0 0.6000000000000001 6.2 5 5.2 2 2.4000000000000004 0 0 0 0 0 0 0 0 0 0 0 0 0 0 0 0 0 0 0 0 1.6 0 0 0 0 0 0 0 0 0 0 0 0 0 0 0 0 0 0 0.6000000000000001 0 0 0 0 0 0 0 0 0.4 0 0 0.2 0 0.2 0 0 0 0 0 0 0 0 2.8000000000000003 0 1.4000000000000001 2.2 0 2 6.4 8.8 0 0 0.8 0 5 1.2000000000000002 7.4 1.4000000000000001 0.2 1.8 0 2 0 0 0 0 0 0 0 0 0 0 0 0 0 0 0 0 0 0 13.4 0 0 0 0 0 0 0 0 0 0 0 0 0 0 0.4 0 0 0 0 0 0.4 0 0 0 1.2000000000000002 0 0 0 0 0 0 0 0 0 0 0 0 0 0.2 0 0 0 0.4 0 0 0 0.4 0.4 0 0.2 0 0 2.8000000000000003 2.4000000000000004 0 0 0 0 0 0 0 0 0 0 0 0 0 0 0 0 0 0 0 0 0 0 0 0 0 0 0 0 0 0 0 0 0 0 0 0 0 
 30.400000000000002 31.6 36.6 13 56.800000000000004 8.4 35.4 60.6 72 27.200000000000003 14.4 94 67.8 42.2 0 40.400000000000006 70.60000000000001 10 19.200000000000003 85.2 0.6000000000000001 0.4 0 0.4 0 0.4 0.2 0 0 0 0 0.8 0 0.4 0 0 0 0 0.8 0 0 0.6000000000000001 0 0 0.4 0 0.4 0 1 0 0 0 1 0 0 0 0 0 0 7.2 0 0 0 7 0 0 0 0 0 0 0 0 0 0 0 0 0 0.6000000000000001 0 0 5.4 10 2 10.200000000000001 0 0 5 0 7.2 0 6 0.8 2.2 6.6000000000000005 0.2 11.4 11 1.2000000000000002 3 6.4 1.2000000000000002 0 0 0 0 0 0 0 0 0 0 0 0 0 0 0 0 0 0 0 0 0 0 0.2 0 0 0 0 0 0 0 0 0 0 0 0 0 0 0 0 0.2 0 0 0 0 1 0 0 0 0 0 0 0 0 0 0 0 0 0 0 0 2.8000000000000003 0 7.6000000000000005 0 3.2 6 0.2 0 7.4 1.8 0 4.6000000000000005 3.6 3.2 1.2000000000000002 6.6000000000000005 0 12.200000000000001 4.6000000000000005 0 0 0 0 0 0 0 0 0 0 0 0 0 0 0 0 0 0 0 0 0 0 2.8000000000000003 0 0.4 0 0 0 0 0 0 0 0 0 0 0 0 0 0 0 0 0 0 0 0 0 0 0 0 0 0.4 0 0 0 0 0 0 0 0.2 0 0 0 0 0 0 0.4 17.400000000000002 0 0.2 0 2.2 1.6 0 0 0 0 0 0 0 0 0 0 0 0 0 0 0 0 0 0 0 0 0 0 0 0 0 1.8 0 0 0 0 0 0 0 0 0 0 0 0 
 10.8 12.4 28.6 29.200000000000003 16.400000000000002 33.4 42.6 52.2 45.800000000000004 35.6 35.4 15.4 8 27 40.400000000000006 0 34 29.200000000000003 9.200000000000001 19.200000000000003 0.6000000000000001 0.4 0 0.4 0 0.4 0.2 0 0 0 0.4 0.4 14.8 15.600000000000001 0 0.2 0 0 15.8 0 0 0.6000000000000001 0 0 0.4 0 0.4 0 1 0 0 0 1 0 0 0 0 0 0 0 0 0 0 0.4 0 0 0 0 0 0 0 0 0 5.4 0 0 0 10.8 0 0 5.6000000000000005 2.8000000000000003 1.8 2.8000000000000003 0 3 5.6000000000000005 8 9 0 5.4 3.4000000000000004 0 4.800000000000001 2.2 8.6 3.6 0 0 10.8 0 2.6 0.4 0 0 0 0 0 0 0 0 0 0 0 0 0 0 0 0.2 0 0 0 0 0.2 0 0 0 0 0 0 0.4 0 0 0 0 0 0 2.8000000000000003 0 0 1.2000000000000002 0 0.2 0 0 0.8 0 0 0 0 0 0 0 0 0 0 2.6 0 0 0 1.2000000000000002 6.2 2.6 8.6 0 7.800000000000001 9.600000000000001 5.4 0 0 2.6 2.8000000000000003 10.4 4.2 3.2 5.2 8.6 0 3.8000000000000003 0 0.2 0 0 0 0 0 0 0.8 0 0 0 0 0 3.2 0 0 0 0.2 0 0 0 0 0 0 0 0 0 0 0 0 0 0 0 0 0 0 0 0 0 0 0 0 0 0 0 0 0 0 0 0 0 0 0 0 3 0 0 0 0.2 0 0 1.8 0 0 0 0.4 9 0 0.6000000000000001 9.200000000000001 0.2 1 0 0 0 0 0 0 0 0 0 0 0 0 0 0 0 0 0 0 0 0 0 0 0 0 6.4 0.8 0 0 0 0 0 0 0 0 0 0 0 0 
 24.400000000000002 53.2 76 24.200000000000003 14.200000000000001 28.400000000000002 60 24.400000000000002 36.800000000000004 12.4 23 77.2 26.400000000000002 27.400000000000002 70.60000000000001 34 0 49 6.2 6 0.8 0.4 0 0.4 0 0 0.4 14.8 0 0.4 0.4 0.4 37.6 0.8 0 0 0.2 0 15.4 7.4 0.2 0.6000000000000001 0 0 0.4 0 0.4 0 1 0 0 0 1 0 0 0 0 0.6000000000000001 0 0 0.6000000000000001 0 0 0.4 0 0 0 0 0 0.4 0 0 1.4000000000000001 0 0 0 0 0.6000000000000001 1 0 0.2 0 2.4000000000000004 1.4000000000000001 0 4.800000000000001 0.6000000000000001 3 0 7 10.4 0.4 0 3 3.8000000000000003 8.6 2 6.6000000000000005 0 0 0 1.4000000000000001 0 0 0 0 0 0 0 0 0 0 1.4000000000000001 0 0 0 0 0 5.2 0 0 0 0 0 0 0 0 0 0 0 0 0 0 0 0 0 0 3.8000000000000003 0 0 0 0 0 0 0 0 0 0 0 0 0 0 0 0 0 0 0 0 0 0 0 1.4000000000000001 12.600000000000001 0.2 0 1.8 2 7.6000000000000005 7.4 2.2 0.6000000000000001 5.800000000000001 0 0 0 8.4 2.4000000000000004 0 4.2 3.8000000000000003 0 0 0 3.2 0 0 0 0 0 0 0 0 0 0.2 0 0 4.4 0 1.4000000000000001 0 0 0 0 0 0 0 0 0 0 0 0 0 0 0 0 0 0 0 0 0 0 0 0 3 0 0 0 0 0 0 0 0 0 0 0 0 0 0 0 0 0 0 2 0 0 0 0.6000000000000001 0 0.4 0.6000000000000001 0 1.2000000000000002 0 0 0 0 0 0 0 0 0 0 3.8000000000000003 0 0 0 0 0 0 0 0 0 0 0 0 0 0 0 0 0 0 0 0 0 0.2 0 0 0 0 0 
 7.800000000000001 31.8 13.4 87.80000000000001 7 54.800000000000004 47.800000000000004 21.6 30.8 11.8 8.4 36.800000000000004 14 7 10 29.200000000000003 49 0 8.6 5.800000000000001 1.2000000000000002 0.8 0.4 1.6 0 0.8 0.2 0 0.4 1 0 1 5.6000000000000005 1.2000000000000002 0.8 0 0.6000000000000001 0.4 1.2000000000000002 18 0.4 1.2000000000000002 0 0 0.8 0.4 1 0 1.4000000000000001 0 1.4000000000000001 0.4 1 0.6000000000000001 0 0 0 0 0.4 0.8 0.6000000000000001 0.4 0.4 1 0 0.4 0.2 0.4 0 0 0 0.4 0.6000000000000001 0 0 0 0 0.4 0.4 0 1.2000000000000002 0 1.8 2 0.6000000000000001 4 1.4000000000000001 5.800000000000001 1.2000000000000002 4 4.6000000000000005 3.4000000000000004 0 2.2 3.4000000000000004 3.8000000000000003 2 0 2.8000000000000003 3.2 0 2 6 0 0 0 0 0 0 0 0 0 2 0 2 0 0 3 5.2 0 0 0 0 0 0.4 0 0 0 0 0 0 0 0 0 0 0 0 0.2 0 0 1.6 0 0 0 1.8 0 0 0 0 0.6000000000000001 0 3 0 0 0.4 0 0 0.8 0 0 5.4 2.4000000000000004 0.6000000000000001 3 0 0.6000000000000001 0 6.800000000000001 0 4.6000000000000005 4 0.4 0 0 0 6.2 0 5 0 0 2.4000000000000004 0 0 0 0 0 4.2 0 0 0 0 0 0 0 0 0 3.2 0 10.4 0 0 0 0 0 0 0 0 0 0 0 0 0 0 0 0 0 0 0 0 0 0 0 0 0 0 0 1.2000000000000002 0 0 0 0 0 0 0 0 0.2 0 0 0 0 0 0 0 0 0 0.2 1.2000000000000002 0 1 1 2.8000000000000003 1 0 0 0 0 0 0 0 0 1.4000000000000001 0 0 0 0 0 0 0 0 0 0 0 0 0 0 0 0 0 0 0 0 0 0 0 0 0 0 2.6 0 0 
 52.400000000000006 31.8 9.600000000000001 15.8 16.2 57.2 73.8 73.4 17.8 13.4 5.800000000000001 8.200000000000001 30.200000000000003 35 19.200000000000003 9.200000000000001 6.2 8.6 0 36 0.6000000000000001 0.4 0 0.4 0 0.2 0 0 0 0 0 0.4 0 0.4 0 0 0 14.8 0.6000000000000001 0 0 0.6000000000000001 0 0 0.4 0 0.4 0 0.8 0 0 1.4000000000000001 0.6000000000000001 0 0 0 7.4 0 0 0 0 0 0 0.4 0 0 0.2 0 0 0.4 0 0 0 0 0 0 0 0.6000000000000001 0.2 0 2.6 0 0 0 3.4000000000000004 0 2.6 2.8000000000000003 6.800000000000001 0 0 0 2.4000000000000004 0 5.6000000000000005 0 4.2 2.8000000000000003 3.8000000000000003 10 0 0.2 0 0 0 0 0 0 0 0 0 0 0 0.4 0 0 0 0 0 0.2 0 0 0 0 0 0 0 0 0 0 0 0 4 0 0.8 0 0 0 0 0 0 0 0 0 0 0 0 0 0 0 0 0 0 0 0 0 0 0 0 0 0.4 0 0 0 0 0 0 0.4 0 0 0 0 2.2 0 5 0 0 0 2.8000000000000003 4.800000000000001 0 0 0 0 0 0 0 0 0 0 0 0 0 0 0 0 0 0 0 0 0 0 0 0 0 0 0 0 0 0 0 0 0 0 0 0 0 0 0 0 0 0 0 0 0 0 0 0 0 0 0 0 0 0 0 0 0 0 0 0 0 0 0 0 0 0 0 0 0.4 0 0 2.6 0 0 0 0 0 0 0 0 0 0 0 0 0 0 0 0 0 0 0 0 0 0 0 0 0 0 0 0 0 0 0 0 0 0 0 0 0 0 
 13 27.8 11.4 12.200000000000001 12.200000000000001 27.8 47 14.4 32.800000000000004 41.6 7.4 6.4 43 52.400000000000006 85.2 19.200000000000003 6 5.800000000000001 36 0 0.6000000000000001 0.4 0 0.8 0.2 0 0 0.4 0.4 0 0 0.4 0 15.8 0 0 0 0 0.8 0 0 0.6000000000000001 0 0 0.4 0 0.4 0 1 0 0 1.6 1 0 0 0 0.2 0 0 0 0 0 0 0.6000000000000001 0 0 0 0 0 0 0 0 0 0 0 0 0 0.8 0 0 2.4000000000000004 8 0.8 1.4000000000000001 0 2.8000000000000003 6 15.600000000000001 13 4.6000000000000005 0.4 0 2.6 6.800000000000001 0.2 2.4000000000000004 5 2.2 0 2 0 0 0 0 0 0 0 0 0 0 0 0 0 0 0 0 0 0 0 0 0 0 0 0.2 0 0 0 0 0 0 0 0 0 0 0 0 0 0 0 0 2.4000000000000004 0 0 0 0 0.6000000000000001 0 0 0 0 0 0 0 0 0 0 0 0 0 0 2.2 0 0 1.4000000000000001 0 5.4 5.800000000000001 7.4 0 0 6.800000000000001 0 7.4 3.2 8.4 0 0.2 0 8.4 5 0 0 0 0 0 0 0 0 0 0 0 0 0 0 0 0 0 0 0 0 0 0 0 0 0.4 0 0 0 0.2 3.8000000000000003 0 0 0 0 0 0 0 0 0 0 0 0 0 0 0 0 0 0 0 0 0.4 0 0 0 0 0 0 0 0.2 0 0 0 0 0 0 0 3.2 0 0 0.2 0.2 1.4000000000000001 5 0 0 0 0 0 0 0 0 0 0 0 0 0 0 0 0 0 0 0 0 0 0 0 0 2.4000000000000004 0 0 0 0 0 0 0 0 0 0 0 0 
 0.6000000000000001 1.2000000000000002 1.2000000000000002 0.6000000000000001 0.6000000000000001 0.6000000000000001 0.6000000000000001 1.8 0.6000000000000001 0.6000000000000001 0.8 14.200000000000001 0.6000000000000001 0.6000000000000001 0.6000000000000001 0.6000000000000001 0.8 1.2000000000000002 0.6000000000000001 0.6000000000000001 0 24.8 31.400000000000002 10.600000000000001 123 4.4 43.2 93 174.20000000000002 23 36.2 34.800000000000004 29.6 67 51 51.2 31.8 6.800000000000001 26.8 51.800000000000004 0 0 0.4 0.2 0 0 0.4 0 1.6 0.6000000000000001 0.6000000000000001 0 0.2 0 0.2 0.6000000000000001 0.4 0 0 0 0 0.8 0.4 0.6000000000000001 0.6000000000000001 0.2 0.6000000000000001 0 0 1.8 0.6000000000000001 7.800000000000001 0 0.2 0.6000000000000001 0 5 0.6000000000000001 0.2 0 0.2 0.2 0 0.2 1.6 2.4000000000000004 0 0 0 0.2 0 0 0 0 0 0 0 0 0 0 10.600000000000001 2.4000000000000004 0 5.2 3.2 0 1.8 3.6 2.8000000000000003 0 2 1.6 1.4000000000000001 3.6 3.8000000000000003 7.800000000000001 3.2 2 0.2 1.6 0 0 0 0 0.4 0 0 0 0 0 0 0 0 0 0 0 0 0 5.6000000000000005 4 0 0 0 0 0 0 0 0 0 0 0 0 0 0 0 0 0 1 0 0 0 0 0 0 0 3.2 0 0 0.8 0 2 0 0 0 0 0 0 0 0 0 2.2 5.2 0 0 0 3 1.4000000000000001 13.4 7 19.200000000000003 4 0.2 4.2 1.6 4 0 0 5.800000000000001 2.4000000000000004 0.2 0 0.2 0 0 0 0 0 4 0 0 0 0 1.4000000000000001 0 0 0 0 0 12.4 0.2 0 0 0 0 0 0 0 0 0 4 0 0 0 0 0 0 0 0 0 0 0 0 0.4 0 0 0 0 0 0 0 0 0 0 0 1.4000000000000001 0.4 0.6000000000000001 0 0 0 0 1.8 0 0 0 0 0.2 0 0 0 0 0 0 0 0 0 1 0 0 0 0 0 0 0 0 0 4.800000000000001 0 0 0 
 0.4 0.4 0.4 0.4 0.4 1.2000000000000002 0.4 41.400000000000006 0.4 0.4 5.2 14.200000000000001 0.4 0.4 0.4 0.4 0.4 0.8 0.4 0.4 24.8 0 54.2 57 75 52.2 21.8 69.60000000000001 15 38.800000000000004 23 69.4 46.400000000000006 19 24 36.800000000000004 61.2 61.2 13 37.2 1.2000000000000002 0 0.2 0 0 0 0.2 0.6000000000000001 0.6000000000000001 0 0.6000000000000001 0 0.2 12.4 0 1 0.6000000000000001 0.2 12.200000000000001 0 0 1.2000000000000002 0.4 0.4 0.4 0.2 0.4 0 0 0 0 0.4 0 0.8 0.6000000000000001 0 0.4 0 5.6000000000000005 0 0 0 0 0 0 0.2 0 0 0 0 0 0 0 0 0 0 0 0 0 0 8.200000000000001 0 9.8 2.8000000000000003 0 6.6000000000000005 0 8 0 3 4.2 2.6 7.6000000000000005 1.8 0 7 4.6000000000000005 0 0 10.600000000000001 0.2 0 0 0 0 0 0 0 0 0 0 0 2.6 0 0 0 0 0 4.2 2 0 0 0 0 0 0 0 0 0 0 0 0 0 0 0 0 0 0.2 0 0 0 0 0 0.2 0 3 0.4 0 0 0 2.8000000000000003 0 0 0 0.2 0.4 0 0 0 3.4000000000000004 0 9.600000000000001 4.6000000000000005 5 10 5.800000000000001 3 2.4000000000000004 4.6000000000000005 4.4 0.6000000000000001 2.6 0 2.4000000000000004 4.800000000000001 1.2000000000000002 9.200000000000001 5.800000000000001 1.8 0 0 0 0 0 0 0 0 0 0 0.2 0 0 1.8 1.8 3 0 0 0 3 2.8000000000000003 0.2 0 0 0.4 0 0 0 0 0 0 0 0 0 0 0 0 0 0 0 0 0 0 0 0 0 0 0 0 0 0 0 0 0 0 3.6 0 0.4 0 28.8 0.2 3 2.2 0 0 0 0 0.2 0 0 0 0 0 0 0 0 0 0 0 0 0 0 2.2 0 0 0 0 2.4000000000000004 0 0 0.8 
 0 0.4 0 0 0 14.600000000000001 0.2 0 0 0 0 0 0 0 0 0 0 0.4 0 0 31.400000000000002 54.2 0 46.6 14.600000000000001 65.8 13.200000000000001 28.400000000000002 83 13.600000000000001 13.8 32.800000000000004 46.400000000000006 14 11 35.6 10.4 34.2 19.8 13.4 0 0 0 0 0 0 11.4 0 0.6000000000000001 0 1.6 0 0.2 12.600000000000001 0 0 0.8 0 22.8 0 0 0 0.4 0.6000000000000001 14.200000000000001 9 0.6000000000000001 0 0 0 0 0.4 9 0.8 0.6000000000000001 0 0 0 0.2 0 0 0 0 0 0 0 0 0 0 0 0 0 0 0 0 0.2 0 0 0 0 3.2 2 2.8000000000000003 2 4.800000000000001 1.6 0 4.4 2 6.800000000000001 4.4 3.8000000000000003 2.6 1.2000000000000002 0 0 2 3.2 3 0 2.2 0 0 0 0 0 1.8 0 0.4 0 4.2 0 0 2.8000000000000003 0 6.2 0.4 0 5.6000000000000005 0.2 0 0 0 0 0 0 0 0.2 0 0 0.2 0.2 0 0 0 0 0 1.2000000000000002 0 0 0 0 0 0 3 0 0 0 0.4 0 0 0 0 0 0 0 0 0 0 0 0 5.6000000000000005 2.8000000000000003 3.8000000000000003 3.8000000000000003 10.600000000000001 5.2 0 6.2 4.2 3.8000000000000003 2.8000000000000003 2.4000000000000004 0 1.6 5.6000000000000005 0 0 0 0 3.6 2 0 0 0 0 3.4000000000000004 0 0 0 0 0 1.8 0 3.6 0 2.2 0.4 0 0 0 0 0 0 0 0 0 0 0 0 0 0 0 0 0 0 0.2 0 0 0 0 0 0 0 0 0 0 0 0 0 0 0 0 0 3 0 0 4.6000000000000005 0 0 0.4 3.4000000000000004 0 0 0 0 3.4000000000000004 0 0 0 0 0 0 0 0 0 0 0 0 2.6 0 0 0 0 0 0 0 0 0 0 
 0.4 0.6000000000000001 0.4 0.4 0.4 15.600000000000001 0.4 0.4 0.4 0.4 0.4 0.8 0.4 0.4 0.4 0.4 0.4 1.6 0.4 0.8 10.600000000000001 57 46.6 0 21.8 39.400000000000006 22.6 18.6 30.200000000000003 43.6 8.200000000000001 53.6 53.6 35.2 21.400000000000002 11.200000000000001 10.600000000000001 30.200000000000003 67.8 13.8 0 1.2000000000000002 2.6 0 0 0 0 0 1 0 0.6000000000000001 0 14 12.4 0.4 0 1 3 1.2000000000000002 0.2 0 10 0.4 0.4 0 0 0.2 0 0 0 0 0.4 0 0.6000000000000001 0.6000000000000001 0 0.6000000000000001 0 4.4 0 0 0 0 0 0 0 0 0 0 0 0 0 0 0 0 0 0 0 0 0 0 0 0 3 6.6000000000000005 0 0.4 0.2 6.2 0.2 0 2.4000000000000004 0 1.8 0 0 5.800000000000001 2.8000000000000003 0 0 2.6 1 5.2 0 0 0 2 11.600000000000001 0 0 0 0.4 0 7.4 0 0 5.2 0 4.800000000000001 5.6000000000000005 0 0 0 0 0 0 0 0 0 0 0 0.8 0 1.8 0 0 0 0 0 0 0 0 0 0 0 0 0 0 0 0.6000000000000001 0 0 0 0 0 0 1.2000000000000002 0 0 0 0 0 2.8000000000000003 8 0.2 3 0 0 0 0 2 9.4 0 0 0 8 2 2 0 0 3.2 6.800000000000001 0 0 0 0 0.2 0 0 3.8000000000000003 0 0 4.800000000000001 2.4000000000000004 0 1.2000000000000002 2.6 1.2000000000000002 0 2 0 0 0 0 0 0 0 0 0 0 0 0.4 0 0 0 1.8 0 0 0 0 0 0 0 0 0 0 0 0 0 0 0 0 0 0 2.2 0 0 17 0.4 0 0.8 0 0 0 0 0 0 0 0 0 0 0 0 0 0 0 0 0.4 0 0 0 3 0 0 0 0 0 0 0 0 
 0.2 0.4 0 0 0 0 0 0 0 0 5.2 0 0 0 0 0 0 0 0 0.2 123 75 14.600000000000001 21.8 0 30.6 7.2 43.6 46.2 21.6 101.2 64.2 29.200000000000003 45.800000000000004 31.8 35.2 27.8 22.200000000000003 32.6 20 1.6 0.2 0 0 0 0 12.600000000000001 14.4 14.200000000000001 0 0.6000000000000001 0 0.4 0.2 11 0.8 0.6000000000000001 0 0 0 0 4.800000000000001 0.4 0.6000000000000001 0 0 0.6000000000000001 0 0 0 0 0.4 0 0 0.6000000000000001 0 0 0 0.2 0 0 0 0 0 0 0 0 0 0 0 0 0 0 0 0 0 0 0 0 0 3.4000000000000004 0 1.6 3.8000000000000003 6.6000000000000005 3.4000000000000004 0 1.6 0 0 4.2 3 0 0 3.8000000000000003 1.4000000000000001 3.8000000000000003 0.2 0 1.2000000000000002 6.2 0 0 0 0 0 2.8000000000000003 0.4 0 0 0 0 3.4000000000000004 0.2 0 5 3.8000000000000003 0 8 0.2 0 0 0 0 0 0 0 0 0 0 0 0.2 0 0 0 0 0 0.4 0 0 0 0 0 1.4000000000000001 0 0.6000000000000001 0 0 0.2 0 0 0 0.6000000000000001 0 0 0 0 0 0 0 0 5 6 4 5.800000000000001 1.6 0 1.8 2.4000000000000004 4.6000000000000005 0 6.4 2.8000000000000003 2.6 3.2 0 4.800000000000001 5.2 0 0 4.4 0.2 0.2 0 0 0 0.4 0 4 0 0 0 4.6000000000000005 4.800000000000001 2.8000000000000003 0 0 0 3 5.2 0 0 0 0 0 0 0 0 0 0 0.2 0 0 0 0 0 0 2 0.4 0 0 0 0 0 0 0 0 0 0 0 0 0 0 0.2 0.4 0.2 0.2 0.2 24.200000000000003 0.6000000000000001 0.6000000000000001 1.6 0 0 0 0 0 0 0 0 0 0 0 0 0 0 0 0 0 0 0 1.8 0 0 0 2.6 3.8000000000000003 0 0 0 
 0 0 0 0 0 0 0 0 0 0 0 0 0 0 0.4 0.4 0 0.8 0.2 0 4.4 52.2 65.8 39.400000000000006 30.6 0 7.4 9.200000000000001 9.200000000000001 8.6 61.2 23.200000000000003 7.4 13.4 10 15.200000000000001 10.200000000000001 12.600000000000001 9.8 14.200000000000001 25 0 0 0 0.6000000000000001 0.6000000000000001 12.8 0.6000000000000001 4.800000000000001 0 0.6000000000000001 0.6000000000000001 13.8 4.2 29.6 25.200000000000003 0.2 0.4 24.8 12.8 0 0 0 0 0.4 0.6000000000000001 0 0 0 0.6000000000000001 1 0 0 0 0 0.6000000000000001 0 0 0 0 0 0 0.2 0 0.4 0 0 0 0 0 0 0 0 0 0 0 0 2.6 0.2 0 0 0 0 1.8 3 0.2 0 0 0 0 0 2 0 0 0 0 0 2.2 0 0 3.4000000000000004 4 6.2 3.6 0 0 9.600000000000001 0 1.8 1.2000000000000002 0 0 0.6000000000000001 0 1.2000000000000002 3.8000000000000003 9.200000000000001 2.2 0 0 0 0 0 0 0 0 0 0 0 0.4 0 0.2 0 0 0 0 0 0 0.4 0 0 0 0 0 0 0 0 0 0 0 0 0 0 0 0 0 0 0 0 0 0 0 0 0 0.2 2.2 0 0 2.6 0 0 0 0 0 0 0 0 0 0 0 8 0 2.4000000000000004 4.6000000000000005 0 0.2 12.8 0 3.2 0.2 3.8000000000000003 0 2.2 0 4.4 4.800000000000001 0 2.4000000000000004 0 3.6 0 0 0 0 0.2 0 0 0 0 0 0 0 0 0 0 0 0 0 0 0 0 0 0 0 0 0.2 0 0 0 0 0 0 0 0 3.2 0 0.4 0.6000000000000001 0.4 0 0.2 0 0 0 0 0 0 0 0 0 0 0 0 0 0 0 0 0 0 0 0 0 0 0 2 4.800000000000001 0 0 0 0 
 0 0.6000000000000001 0.6000000000000001 0 0 14.8 0 41 0 0 0 5.6000000000000005 0 0.2 0.2 0.2 0.4 0.2 0 0 43.2 21.8 13.200000000000001 22.6 7.2 7.4 0 36.800000000000004 14.8 31.400000000000002 23.6 43.800000000000004 13.8 45.6 60 36.4 80.80000000000001 14.4 11.8 26.200000000000003 1.2000000000000002 0 0.6000000000000001 0 0.6000000000000001 0 0 0 0.8 0 0.6000000000000001 0.4 0.2 13.4 0 4.800000000000001 0.6000000000000001 0 0 0 0 0 0.4 0.6000000000000001 0 0 0 0 0 0 0 0.4 0 0.6000000000000001 0.6000000000000001 0 1.8 0 0.6000000000000001 0 0 0 0.4 0 0.2 0.2 0 0 0 0 0 0 0 0 0 0 0 0 0 0 0 0.6000000000000001 4.800000000000001 1.8 4.6000000000000005 0.8 7.2 4.4 7.2 4.800000000000001 7.800000000000001 5.800000000000001 2.2 3.2 5 4.6000000000000005 5.6000000000000005 3.2 2.6 0 0 0 0 0 0 0 0 0 0 0 0 0 0.2 0 0 0 0 0 4.2 0 0 0 0.4 0 0 0 0 0 0 0 0 0 1 0 0 0 0 0 0 0 0 0 4.800000000000001 0 0.8 0 0 0 0.8 0 0 7.4 0 0 0 0 0 0.4 0 0 4.800000000000001 0 1.8 11.200000000000001 0.2 0 0 2.2 0 6.2 6.800000000000001 5 2.2 0 4.2 2.4000000000000004 3.2 0.4 0 8.8 0 0 0 0 0 0 0 0 0 0 0 0 0.2 0 0 0 0 0 2.2 0 0 0 0 0 0.2 0 0 0 0 0 0 0 0 0 0 0 0 0 0 0 0 0 0 0 0 0 0 0.2 0 0 0 0 0 0 2.4000000000000004 0.4 0.8 0 0 0 0.2 0 0 0 0.4 0 0 0 0 0 0 0 0 0 0 0 0 0 0 0 0 0 0 0 0 0 0 0 0 0 
 0 0.2 0.8 0 0 14.8 0 0 0 1.2000000000000002 0.4 15 0 0 0 0 14.8 0 0 0.4 93 69.60000000000001 28.400000000000002 18.6 43.6 9.200000000000001 36.800000000000004 0 138.8 37 21.6 22.200000000000003 37.800000000000004 23.400000000000002 20.8 8 13 24.6 33.800000000000004 16.2 0 0 0 0 0.2 0.4 0.2 0 0.6000000000000001 0 1.6 0 0.2 0.2 0 0 0.6000000000000001 0 0 0 0 0 0.4 0.6000000000000001 0 0 0.6000000000000001 0 0 1 0 0.4 0 0 0.6000000000000001 0 0 0 0.2 0 0 0 0 0 2.6 0 0 0 0 0 0 0 0 0 0 0 0 0 0 0 10.4 0 1.8 5 2.6 0 3.6 11.8 1.8 3.6 1.8 0.2 2.2 3.8000000000000003 0.2 5.6000000000000005 0 0 2.6 10.600000000000001 0 0 0 0 0.4 0 0 0 0 0 0 0 0 0.2 1.8 0 0 0 3.6 1.4000000000000001 0 0.2 0 0 0 0 0 0 0 0 0 0 0 0 0 0 0 2.2 0 0 0 0 0 0 6 2.8000000000000003 0 0 0 0 2.6 2 0 0 0 0 0 0 0 0 3.2 0 2.6 2.4000000000000004 2 0 7 1.6 4.6000000000000005 0.2 7.6000000000000005 2.4000000000000004 9.200000000000001 6.800000000000001 12.600000000000001 2 2.4000000000000004 0 3 3.2 0 1.8 0 0 3 0 0 2 0 0 0 0 4.2 0 0 0 0.4 0 2.2 0 0 0 0 0 0 0 0 0 0 0 0 0 0 0 0 0 0 0 0 0 0 0 3.2 0 0 0 0 0 0 0 0 0.4 0 0.2 2 0 0.6000000000000001 0 10.8 0.8 0.4 1.6 0 0 0 0 0 0 0 0 0 0 0 0 0 0 1.4000000000000001 0 0 0 0 1.6 0 0 0 0 0 0 0 0 
 0 0 6.4 0 0 0.2 0 0.2 0 0 0 0 0 0 0 0 0 0.4 0 0.4 174.20000000000002 15 83 30.200000000000003 46.2 9.200000000000001 14.8 138.8 0 40.400000000000006 23.8 20 16.2 19.8 29.200000000000003 20.400000000000002 66.8 6 20.6 31 2.2 0 0.4 0.2 0 0.4 13.8 0.6000000000000001 1.6 1 0.6000000000000001 0 0.4 0.2 0 1.6 0.6000000000000001 1.2000000000000002 16.8 0 0 0 0.4 0.6000000000000001 0 0 0.6000000000000001 1.2000000000000002 0 0.6000000000000001 0 0.4 0 0 0.6000000000000001 0.2 0 0 1.2000000000000002 0 0 0 0 0 0 0 0 0 0 0 0 0 0 0 0 0 0 0 0 0 4.2 2 0.2 4.4 0.2 6.4 2.6 0 2 0.2 2 4.800000000000001 0 7.6000000000000005 4.800000000000001 2.6 1.4000000000000001 0.2 0 1.8 0.2 0 0 0 0 0 0.2 0 0 0 0 0 3 4.800000000000001 0 5 0 0 0.4 5.2 0 0 0 0 0 0 0 0 0 0 0 0 0 2 0 0 0 0.6000000000000001 0 0 0 0 0 0 0 0 0 0 0 0 0 0 0 0 0 0 0 0 0 0 0 4.2 3.8000000000000003 6.2 5.2 5 0 2 4 1.2000000000000002 5.4 0.2 2.2 1.6 6.2 0 3 7.4 0 0 4 1.2000000000000002 0 0 0 0 4.2 2.2 0 0 0 0 2.6 1.8 9.600000000000001 0 0.4 0 4.2 2.8000000000000003 0 0 0 0 0 0 0 0 0 0 0.4 0 0 0 0 0 0 0 0.2 0 0 0 0 0 0 0 0 0 0 0 0 0 0 0.4 0.4 0.2 0.2 14.600000000000001 9.600000000000001 0 0 1.2000000000000002 0 0 0 0 0 0 0 0 0 0 0 0 0 0 0 0 0 1 0 1.4000000000000001 0 0 0 0 0.2 0 0 0 
 0 0.2 0 0 0 0 0 0 0 0 0.2 0.8 0.2 0 0 0 0.4 1 0 0 23 38.800000000000004 13.600000000000001 43.6 21.6 8.6 31.400000000000002 37 40.400000000000006 0 14.4 18.8 6.6000000000000005 20.8 51.800000000000004 27.6 31.400000000000002 37.6 54.2 18.6 0 0.2 0.4 0 0 0 0 0 1 0 1 0 0.4 0 0 0 1.6 0 0.4 0.8 0 0 0.4 0.2 0 0 0 0 0 0.8 0 0.4 0 0.6000000000000001 0.6000000000000001 0 1.8 0 1 0 0 0 0 0 0 0 0 0 0 0 0 0 0.2 0 0 0 0 0 0 0 3.4000000000000004 0.2 0 1.6 1.2000000000000002 0.2 6.2 0.2 3.6 1.4000000000000001 2 0 4 7.4 12.8 4.800000000000001 8.200000000000001 0 0 4 0 0 0 0 0 0 0 0 0 0 0 0 2.6 0 0 0 0 0 4.2 4.6000000000000005 0 0 0 0 1.6 0 3 0 0 0 0 0.6000000000000001 0 0 0 0 0 0 0 0 0 0 0 0.6000000000000001 0.2 2 0 0 0 0 0.4 0.2 0 0 0 0 0 0.4 0 0 0 2.4000000000000004 9.600000000000001 4.2 7.800000000000001 0 0 0.8 0 0 10 1.6 6.4 1.6 1.8 4.800000000000001 2.6 5.6000000000000005 0 5.4 2.6 0 0 0 0 0 0 3 0 0 0 0 3.6 0 2.2 0 0 0 5.800000000000001 0 0 0 0 0 0 0 0 0 0 0 0 0 0 0 0 0 0 0 0 0 0 0 0 0 0 0 0 0 0 0 0 0 0 0 2 0.4 0 0.2 15.600000000000001 0 3.8000000000000003 0 0 0 0 0 0 0 0 0 0 0 0 0 0 0 0 0 0 0 0 10.600000000000001 0 0 0 0 0.2 0 0 0 
 0 0 0 0.4 0 0 0.4 15.8 0.4 0.4 6.2 0 0 0 0 0.4 0.4 0 0 0 36.2 23 13.8 8.200000000000001 101.2 61.2 23.6 21.6 23.8 14.4 0 15 5.6000000000000005 23.200000000000003 15.200000000000001 35 40.2 13 7.2 11.4 22.400000000000002 12.200000000000001 0 0 0 0 27.400000000000002 18 1 0 0.6000000000000001 0.4 4.4 0.2 0.8 2.2 0.8 0 4.800000000000001 7.2 0 0.8 0.4 0.2 1 0 0.2 0 0 0 0 10.8 0 0.6000000000000001 0.6000000000000001 0 0.6000000000000001 0 0.6000000000000001 0 0 0 0 0 0 0 0 0 0 0 0 0 0 0 0 0 0 0 0 0 3 5.4 6.4 3.6 4.4 4.800000000000001 2.8000000000000003 3.2 4.2 6.4 9.200000000000001 11.4 0 0 2.2 1.6 5.6000000000000005 16.8 0 6.800000000000001 0 0 4.2 0 0 0 4.800000000000001 2.2 2.6 1.8 0 0 8.6 10 2.6 1.8 2.6 1.2000000000000002 3.2 1.6 0 0 1.8 0 0 0 0 0 0 0 0 0 0 0 0 0 0 0 0 0 0 0 0 0 0 1 0 0 0 0 0 0 0 0 0 0 0 0 0 2.4000000000000004 0.4 0 6.4 2.8000000000000003 3.8000000000000003 0 0 3.8000000000000003 0 7.800000000000001 0.2 0 3.6 1.8 6 3.2 14.600000000000001 3.2 0 0.4 4.4 5 0 0 0 0 4 0 4.2 0 0 0 0 5.800000000000001 4.2 2.4000000000000004 0 0 6 8.200000000000001 0 0 3.4000000000000004 0 0 0 4.6000000000000005 0 0 1.6 0 0 0 0 0 0 0 0 0 0.2 0 0 0 0 0 0 0.4 0 0 0 0 0 0 0 0.4 0 0.2 0.6000000000000001 24.400000000000002 0 0 0 0 0 0 0 0 0 0 0 3.6 0.4 0 0 0 0 0 0 0 0 0 0 0 0 0 2.4000000000000004 1.4000000000000001 0 0 0 
 0.4 0.6000000000000001 0.4 0.4 0.4 0.6000000000000001 0.4 0.4 0.4 0.4 0.4 0.4 0.4 0.4 0.8 0.4 0.4 1 0.4 0.4 34.800000000000004 69.4 32.800000000000004 53.6 64.2 23.200000000000003 43.800000000000004 22.200000000000003 20 18.8 15 0 62.800000000000004 49 6.800000000000001 7.2 24 31.200000000000003 6 27.6 2.2 0 0 0 0 0 0.2 0.4 1 0 0.6000000000000001 0.2 0 0 0 7 0.6000000000000001 0 0 0 0 0 0.4 0.6000000000000001 0 0 0.4 0 0 0 0 0.6000000000000001 0 0.4 9.8 0 0.6000000000000001 0 0.8 0 0 0 0 0 0 0 0 0 0 0 0 0 0 0 0 0 0 0 0 0 6.4 13.8 1.6 4.6000000000000005 2.2 5.6000000000000005 5.800000000000001 3 0 0 7 13.8 0 2 2.6 3 0 3.2 0 3.8000000000000003 0 0.2 0 0 3.4000000000000004 0 0 4.6000000000000005 0 3.6 0 0 0.4 0 0 0 0 0 2.8000000000000003 0.4 0 0.2 0 0 0 0 0 0 0 0 0 0 0 0 0 0 0 1.2000000000000002 0 0 0 0 0 2 0 1.2000000000000002 0 0 0.2 0 0 0 0 0 0 0 0 0 0 0 0 6.4 0.2 0.4 2.8000000000000003 4.4 0 2.2 7.4 3.2 4.4 7 0 0 2.6 0 6 0.2 0 0 5.2 0.6000000000000001 0 0 0 0 0 0 0 2 0 0 7 2 0 0 3.6 0 0.8 2.4000000000000004 0 0 0 0 0 0 0 0 0 0 0.4 0 0 0 0 0 0 0 0 1.8 0 0 0 0 0 0 0.2 0 0 0 0 0 0 0.4 1 0 0.4 29 15 0.4 2.6 1.4000000000000001 0 0 0 0 0 0 0 0 0 0 0 0 0 0 0 0 0 1.2000000000000002 0 0 0 0 0 0 0 0 0 0 
