 0 42.800000000000004 103.4 10 10.4 9 40.2 49.800000000000004 8.200000000000001 18.2 9.8 5.2 55.400000000000006 18.2 29.400000000000002 49.800000000000004 9.200000000000001 7.800000000000001 27.8 24.8 0.4 0.6000000000000001 0.6000000000000001 0 0 0 0.4 0 16.400000000000002 0.4 0 0.2 0 0 0 0.2 0.2 0.6000000000000001 0 0 1 0.4 0.4 0 0 0 0.6000000000000001 0 0.6000000000000001 0 0 0 0.2 0.2 0 0 0.2 0 0 0 0 0 0.6000000000000001 0 0 0 0 0 0.6000000000000001 0 0 0 0 0 0.2 0 0 0.4 0 9 2.6 3.2 1.6 1.6 3 1.4000000000000001 2 7 0 2.4000000000000004 0.4 1 0.2 2.4000000000000004 6.6000000000000005 2 6.6000000000000005 3.4000000000000004 1.6 5.2 0 0 0 0 0 0 0 0 0 0 0 1.6 0 0 0 0 0 0 0 2.4000000000000004 0 0 0 0 0 0 0 0 0 0 0 0 0 0 0 0 0 0 0 0 0 0 0 0 0 0 0 0 0 0 0 0 0 0 0 0 0 0 0 0 0 0 0 2.6 1.6 0 0 0 4.2 0.6000000000000001 0 0 1.6 4.4 0 0.2 3.6 3.6 0 3.6 0 0 0 0 0 0 0 0 0 0 0 0 0 0 0 0 0 0 2.8000000000000003 0 0 0 0 0 0 0 0 0 0 0 0 0 0 0 0 0 0 0 0 0 0 0 0 0 0 0 0 0 0 0 0 0 0 0 0 0 0 0 0 0 0 3.8000000000000003 0 0 0 0 18.2 0 0.4 0 0 2.4000000000000004 0 0.2 0 0 0 0 0 0 0 0 0.6000000000000001 0 0 0 0 0 0 0 0 0 0 0 0 1.2000000000000002 0 1.4000000000000001 0 0 0 0 0 0 0 0 0 0 0 0 
 42.800000000000004 0 45.800000000000004 57.6 3.4000000000000004 23.6 112.2 24.8 47 37.6 28.6 10.600000000000001 4.6000000000000005 111 56.800000000000004 24.8 22.400000000000002 4.4 28.400000000000002 55.800000000000004 0 0 0 0 0 0 0 0 0 6.2 0 1.2000000000000002 0 0 0 0.6000000000000001 0 0 0 0 0.6000000000000001 15.8 0 0 0 0 0 0 0 0.4 0 0 0 0.6000000000000001 0 0.4 0.4 0 0 0.4 0 0 0 0 0 0 0 0 0 0 0 0 0 0 0.2 0 0 0.2 8 0 0 1.4000000000000001 0.2 2.6 0 3.4000000000000004 0.4 7.6000000000000005 0.8 6.4 0 1.8 1.2000000000000002 2 17 5.6000000000000005 3.6 5.6000000000000005 7.2 6 0 0 0 0 0 0 2 0 0 0 0 0 0.2 0 0 0 0 0.2 2.2 0 0 0 0.6000000000000001 0 0 0 0 0 0 0 0 0 0 0 0 0 0 0 0 0 0 3.4000000000000004 0 0 0.2 0 0 1.4000000000000001 0 0 0 0 0.2 0 0 0 0 0 0.2 0 5.6000000000000005 1.6 1.2000000000000002 2 2.4000000000000004 3.2 3 2.2 4.2 6.2 1.6 2.4000000000000004 0 3.8000000000000003 2.6 0.4 1.6 3.2 0 4.4 0 0 0 0 0 0 0.2 0.4 0 0 0 0 4.6000000000000005 0 0 0 2.8000000000000003 0 2.8000000000000003 0 0 0 0 0 0 0 0 0 0 0 0 0 0 0 0 2 0 0 0 0.4 0 0 0 0 0 0 0.4 0 0 0 2.6 0 0 0 3.2 0 0 0 0 0 0 2.8000000000000003 0 0 0 0 0 0 0.2 0.2 3.8000000000000003 1 0 0 0 0 0 0 0 0 0 0 2.6 0 0 0 0 0 0 0 0 0 0 0.4 0 0 0 0 0 0 0 0 0 0 0 0 0 0 0 0.4 
 103.4 45.800000000000004 0 21 54.2 5 54.6 37 53.800000000000004 48.800000000000004 31.8 3.4000000000000004 73 87.80000000000001 72.4 29.6 31.200000000000003 25.8 26.8 6.6000000000000005 0.8 0.4 0.4 0 0 0 0 0 0 0.4 0 0 0 0 0 0.4 0.2 0.6000000000000001 0.4 0 2.2 0 0.4 0 12.8 0 0.6000000000000001 0 0.6000000000000001 0.4 0 0 0 0 7 0 0.4 0 0 0 0 0 0.6000000000000001 0 6 0 0 0 0.4 0 0 0 0 0.2 0 0 0 0.4 0 0 2.4000000000000004 15.600000000000001 0 0 6.2 0 5.4 2 5.6000000000000005 0.6000000000000001 0 1.8 10.600000000000001 9.200000000000001 6.2 3.8000000000000003 4.6000000000000005 5.800000000000001 0 0 0 0 2.6 0 0 0 0 0 0 0.2 0 0 3.6 0.2 0 0 0 0 0.2 2.2 0 0 0 0 0 0 0 0 0 0 0 0 0 0 0.2 0 0 0 0 0 0 0.4 0 0 0 0.2 0.4 0.2 0 0 0 0 0.6000000000000001 0.6000000000000001 0 0 0 0 0.4 0.4 0 0.2 2.2 0 0.4 0 0 5.4 3.6 11.200000000000001 0 2.2 0 5.4 0 3.2 1 8.6 2.2 4.800000000000001 0 0 0 0 0 0 0 0.4 0 0 0 0 0 0 0 0 0 0 3.4000000000000004 0 0 0 0 0 0 0 0 0 0 0 0 0.4 0 0 0 0 0 0 9.4 0.4 0 0 0 0 0 0.4 0.4 0 0 0 0 0 0 0 0 0 0 0 0 0 0 3.4000000000000004 0 0 0 0 0 0 0.8 0 7.800000000000001 0.6000000000000001 0 0 0 0 0 0 0 0 0 0 4 0 0 0 0 0 0 0 0 0 0 0 0 0 0 0 0 0 0 0 0 0 0 0 0 0 0 0.4 
 10 57.6 21 0 37.6 24.400000000000002 26.400000000000002 18.2 40 35.4 32.800000000000004 25.8 17.2 14.4 15 32.2 32 62 43.6 13.8 0.6000000000000001 16 0.2 0 0 0 3.6 0 0 0.4 0 0 0.2 15 0 0.4 0 1 0 0.2 0 0 5.2 0 0 0 0.6000000000000001 1 0.6000000000000001 0 0 0 0 0 0 0 2.4000000000000004 7.2 0 0 0 0 0.6000000000000001 8 0.4 0 0 0 0.4 0 0 0 0 0 0 0 0 0.4 0 7.2 0.4 3.2 4.2 1.4000000000000001 2.2 8 0 5 4.6000000000000005 0 0 3.2 0 0 3.8000000000000003 2.8000000000000003 2.6 0.2 0 0 3.2 0 2 0 0 0 0 0.8 0.2 0 2.2 0 0 1 2.2 0 0 0 0 0 0 0 0 0.2 0 0 0 0 0 0 0 0 0 0 0 0 0 0 0 0.2 0 0 0 0 0 0 0 0 0.6000000000000001 0 0 0 0 0 0 0 0 0 0 0 0 2.4000000000000004 1.4000000000000001 3.6 5.4 2.6 0.6000000000000001 4.2 2.4000000000000004 0 8.8 3 0 0 1.6 0 5 1.8 0 0 4 0 3 0 0 0 5 3 0 2.2 0 0 14 0 0 0 0 0 6 9 0 0 0 0 0 0 0 0 0 0 0 0.4 0 0 0 0 0 0 0 0.4 0 0 0 0 0 0.4 0.2 0 0 0 0 0 0 0 0 0 0 0 0 0 0 0 0 0 0 0.2 19 0 0.4 9.200000000000001 0 0.8 3 0 0 0 0 0 0 0 0 0 0 0 0 2.6 0 0 0 0 0 0 0 0 0 0 4.4 1.6 0 0 0 0 0 0 0 0 0 0 0 0 
 10.4 3.4000000000000004 54.2 37.6 0 8.8 8.8 31 30.200000000000003 14.600000000000001 64.2 26.400000000000002 18.2 18.6 17.8 11.8 69.4 26.8 10.600000000000001 34.800000000000004 0.6000000000000001 30.200000000000003 10.4 0 4.6000000000000005 0.8 4.4 15 0 0.4 0.4 0 0.2 0.2 9.600000000000001 4.2 0 0.6000000000000001 15 23 0 0 0.6000000000000001 0 1 0 0.6000000000000001 1.2000000000000002 0.6000000000000001 0.6000000000000001 0 0.4 0 0 0 1 0.8 0.2 0 0 0 0 0.6000000000000001 0 5.800000000000001 0 0 0 0.4 0 0 0 0 0 1.2000000000000002 1.2000000000000002 0 0.4 0 7.800000000000001 0 0 0 2.4000000000000004 0 0.2 1.8 2.2 2.8000000000000003 1.2000000000000002 0.4 9.8 0 2.4000000000000004 0 0 0 0 0 0 4.4 0 0 0 0 0 2.8000000000000003 3.2 2.8000000000000003 0 0.2 0 0 3 2.8000000000000003 7.6000000000000005 0 3 4.800000000000001 0 0 0 0 0 0 0 1.6 0 0 0 0 0 0 0 0 0 0 0 0 0 0 0.8 0 0 0 0 0 0 0 0.6000000000000001 0 0 0 0 0 0 0 0 0 0 2.4000000000000004 3.4000000000000004 0 4.800000000000001 4.800000000000001 1.4000000000000001 0 0.6000000000000001 3 0 2 2 0 0.8 2.4000000000000004 4.800000000000001 4.4 0 0 0 2.2 7.6000000000000005 2.4000000000000004 2.2 0 0 2.6 2.8000000000000003 1.4000000000000001 0 1.8 0 2.8000000000000003 2 3 1.6 0 2.6 2 0 0 0 0 0 0 0 2.8000000000000003 0 0 0 0 0 0 0 0 0 0 0 0 0 0 0 0 0 0 0 0 0 0 0 0 0 0 0 0 0 0 0 0 1.2000000000000002 0 0 0 0 0 0 0.4 0 1.4000000000000001 0.8 0 1 1.4000000000000001 0 0 0 0 0 0 0 0 6.800000000000001 0 0 0 0 0 0 0 0 0 0 0 0 0 2.8000000000000003 0 0 0 0 0 2.6 0 0 0 0 0 0 0 0 
 9 23.6 5 24.400000000000002 8.8 0 9.4 50.2 28 27.200000000000003 19 10.200000000000001 6.800000000000001 6.4 13.600000000000001 49.400000000000006 33.800000000000004 56.2 12 9 13 16 0.6000000000000001 0.2 0.8 0.2 0 0 0 0.8 0 0.4 32.6 0.4 0.4 0.6000000000000001 0.4 0.8 30.400000000000002 0.4 0 0 0.8 0 0 0 0.6000000000000001 0 0.6000000000000001 0.4 0 0 0 0 0 0 0.4 0 0 0 1.6 0 0.6000000000000001 0 0 0 0 0 0.6000000000000001 0 0 0 0 0 0 0 0 0.4 0 8.4 0.4 0.4 7.2 5 3.4000000000000004 6.6000000000000005 0 0 1.4000000000000001 0.6000000000000001 2.6 0 0 0.4 4 2.2 0.4 0.4 0 0 4.6000000000000005 4.2 0.4 0.4 0 0 0 0 3.2 0 2 0 3.6 2.2 0 3.2 0.8 0 7.4 0.2 0 0 0 0 0 0 0 0 0 0 0 0 0 0 0 0 0 0 0 0 0.4 0.8 0 0 0 0 0 0 0 0.2 0 0 0 0 0 0 0 0 0 0 0 0 0 4 4.4 1.8 0 0 0.2 0 3.6 0 0 0 0 3.4000000000000004 0.4 0 0 0 1.8 4.800000000000001 0 0 0 0 0 0 0 2.6 4.800000000000001 0 5.800000000000001 0 6.2 0 0.4 0 2.2 5.6000000000000005 0 0 0 0 0 2 0 2.8000000000000003 0 0 0 0 0 0 0 0 0 0 0 0 0 0 0 0 0 0 0 0 0 0 0 0 0 0 0 0 0 0 0 0 0 0 0 0 0 1 0.2 0 17 22 0.2 1.4000000000000001 0 0 0 0 0 0 0.2 0 0 0 0 0 0 0 0 0 0 0 0 0 0 0 0 0 0 0 0 0 0 0 0 0 0 0 0 0 0 0 
 40.2 112.2 54.6 26.400000000000002 8.8 9.4 0 40.6 30 17.8 8 6.2 61.400000000000006 16 36.800000000000004 53.6 16.6 23.200000000000003 70.2 17.6 0.4 0.6000000000000001 0 0.6000000000000001 0.8 0.6000000000000001 0 0 0 0.6000000000000001 1.2000000000000002 0 0 0.6000000000000001 0 0.8 0 1 0.2 0 0.8 0 1.2000000000000002 1 0.6000000000000001 0 1 0 1.4000000000000001 1.2000000000000002 0 0 12.8 0 0.6000000000000001 1.2000000000000002 0.8 1.2000000000000002 0 0 0 0.8 1 0.2 0.6000000000000001 0.4 0 1 1.4000000000000001 0 0.6000000000000001 1.4000000000000001 0 1.2000000000000002 14.600000000000001 6.4 0.2 1.2000000000000002 0 0 0.2 3.2 0.6000000000000001 0.6000000000000001 0 3.4000000000000004 0 8.4 3.8000000000000003 11.200000000000001 0 1 1.6 0 8.4 0 16 2.2 1.4000000000000001 12.600000000000001 0 0 0 0 0 0 0 0 0 0 0 0 0 0 0 0 0 0 0.4 0 0 0 0 0.2 0 0 0 0 0 0 0 3 0.4 0 0 0 0 0 0 0 0 0 0 0 0 0 0 0 0 0 0 0 0 0 0 0 0 0 0 0 0 0 1.6 4 0.2 0 3.2 2.2 3.8000000000000003 0 0 2.2 2 2 0 0.6000000000000001 6.4 5.4 0 0 0 0 0 0 0 0 0 0 0 0 0 0 0 0 0 0 0.2 0 0 0 0 0 0 0 0 0 0 0 0 0 0 0 0 0 0 0 0 0 0 0 0.2 0 0 0 0 0 0 0 0 0 0 0 0 0 0 0 0 0 0 0 0 4 0 0 0 0.4 18 0 0.4 0 0.8 3 0 0 0 0 0 0 0 0 0 0 2 0 0 0.4 0 0 0 0 0.4 0 0 0 0 0 0 1.6 0 0 0 0 0 0 0 0 0 0 0 0 
 49.800000000000004 24.8 37 18.2 31 50.2 40.6 0 59.400000000000006 26.400000000000002 24.200000000000003 27 40.2 50.400000000000006 14.200000000000001 28 42.6 73.60000000000001 13.8 12.8 0.4 0.4 0.6000000000000001 0 0 0.4 0.2 0 0 0.4 0 0 0 0 0 0.4 1 0.6000000000000001 0 1 0 0.2 5.2 0 0 0 0.6000000000000001 1 0.6000000000000001 0.8 1.2000000000000002 1.2000000000000002 0 0 13 0 2.4000000000000004 0 0.2 0 0 0.6000000000000001 0.6000000000000001 0 0.6000000000000001 0 0 0 0.6000000000000001 0.6000000000000001 0 0 0 0.2 0 1 0.6000000000000001 0.4 0 7.2 1.6 6 0.4 3 9.600000000000001 4.4 0 8.8 2.6 0.2 5 0 2.8000000000000003 8.6 3 2.4000000000000004 7.4 0.4 0 3.2 0 0 0 0 0 0 0 0 0 0 2.6 0 0.2 0 0 0 0 0 0 0 0 0 0 0.2 0 0 0 0 0 0 0 0 0 0 0 0 0 0 0 0 0 0 0 0.4 0 0 0 0 0 0 0 0 0 0 0 0 0 0 0.2 0 0.2 0 2 2.6 0 0 0.4 20.200000000000003 2.8000000000000003 0 1.8 3.4000000000000004 0 7.4 9.600000000000001 0 7.4 13 2 0.4 0.2 0 0 0 0.4 0 0 0 0 0 0 1.6 0 0 0 0 0 0 0 0 0 0 0 0 0 0 0 0 0 0 0 0 0 0 0 0 0 0 0 0 0.2 0 0 0 1.6 0 0 0 0 0.4 0 0 0 0 0 0 0 0 0 0 0 0.4 0 0 0 0.2 19 0 0.6000000000000001 0 0 2.2 0 0 0 0 0 0 0 0 0 0 0 0 0.2 0 0 0 0 0 0 0 0 0 0 0 0 2.2 0 0 0 0 0 0 0 0 0 0 0 0 
 8.200000000000001 47 53.800000000000004 40 30.200000000000003 28 30 59.400000000000006 0 83.4 25.8 33.6 22.200000000000003 22 17 36.2 32 41.400000000000006 12.200000000000001 60.400000000000006 0.4 0.6000000000000001 0 0 0 0.2 0.4 0 0 0.6000000000000001 0.2 0 0 0 0.2 0.2 0 0.6000000000000001 0.4 0 0 0 5 0 0 0 0.6000000000000001 1.2000000000000002 0.6000000000000001 0 0 0 0.2 11.200000000000001 0 2.6 0.6000000000000001 0.4 0 0 0 0 0.6000000000000001 0 0 0 0 0 7.800000000000001 0 0 0 0 1.4000000000000001 0 0 0 0.4 0 10 2.2 12.4 1 12 1.2000000000000002 11.600000000000001 3 1.8 6.2 2.8000000000000003 0 0 6.800000000000001 5.4 6.6000000000000005 4.800000000000001 1 2.2 0 0 0 0 0 0 0 0.2 0 0 0.4 0 0 0 3.8000000000000003 0.2 0 0 0 0 1.8 3.6 0 0 0 2.4000000000000004 0 0 0 0 0 0 0 0 0 0 0 0 0 0 0 0 0 0 0 0 0 0 0.4 0 0 0 1.6 0 0 0 0 0 0 0 0 0 3 0 2.6 12.200000000000001 0 0 0 4.800000000000001 2.8000000000000003 4.2 5 4 0 0 2.2 13.600000000000001 4.6000000000000005 6.4 0 1.2000000000000002 0 0 0 0 0 0.2 0 0 0 0 0 0 0 0 0 3.4000000000000004 0 0 2.6 0 0 0 0.4 0.4 0 0 0 0 0 0 0 0 0 0 0 0 0.2 0 0 0 0 0 0 0 0 0 0 0 0 0 0 0 0.4 0 0 0 0 0 0 0 0 0 0 0 0 0.4 0.2 0 0 0.2 2.8000000000000003 1.6 0 0 0 0 0 0 0 0 0 0 0 0 0 0 0 0 0 0 0 0 0 0 0 0 0 0 0 0 0 0 0 0 0 0.4 0 0 0 0 
 18.2 37.6 48.800000000000004 35.4 14.600000000000001 27.200000000000003 17.8 26.400000000000002 83.4 0 38 56.2 9.4 16 31.6 45.800000000000004 37.6 7.6000000000000005 18 14.4 0.4 0.6000000000000001 0 0.4 0 0 14.8 0.2 0 0.4 0.4 0.2 29.8 0 0 0.2 12.200000000000001 0.6000000000000001 35 0 0.8 0 0.4 0 0 0 0.6000000000000001 0 0.6000000000000001 0 0 0 0.2 0 0 0 0 0 0 0 0 0 0.6000000000000001 0 0 0 0 0 0.6000000000000001 0 0 0.4 0 0 0 0 0 0.6000000000000001 0 0 0 0.2 8.4 9.600000000000001 3 12.600000000000001 0.2 1.6 1.4000000000000001 7.2 2 1 0 0 5.4 0.2 1.8 0 0 5.6000000000000005 0.2 8.8 3.6 0 0 0 0 0 0 2 0 0 1.6 4.2 0 0.4 0 0 3 0.2 0 0 0 0.4 0 0 0 2 0 0 0 0 0 0 0 0 0.2 0 0 0 0 0 0 0 0.2 0 0.4 0 0 0 0 0 0 0 0 0.2 0 0 0 0 0 0 0 0 3.8000000000000003 0 0 0 3.8000000000000003 0.6000000000000001 6.2 2.6 0 1.8 0 2.4000000000000004 4 3.8000000000000003 0 0 2 0 0 0 0 0 0 0 0 0.2 0 0 1.8 0 0 0 0 0 0 3 0 0 0.4 0 0 2 0 0 0 0 0 0 0 0 0 0 0 0 0 0 0 0 0.2 0 0 0 0 0 0 0 0 0 0.4 0 0 0 0 0.2 0 0 0 3.8000000000000003 0 0 0 1 0 0.4 17.6 17.400000000000002 0 2.2 0 0 0 0 0 0 0 0 0 0 4 0 0 0 0 0 0 0 0 0 0 0 0 0 1.8 0 0 0 0 0 0 0 0 0 0 0 0 0 
 9.8 28.6 31.8 32.800000000000004 64.2 19 8 24.200000000000003 25.8 38 0 51 12.4 7.800000000000001 24.200000000000003 58.2 33.4 14.600000000000001 6.2 16.2 0.4 17.2 0.4 0 0 8.4 0 0 0 0.8 0 0.2 0 4 0 0.6000000000000001 0 0.6000000000000001 33.6 0.2 0 0 7.2 1.6 0 0 1 0 0.6000000000000001 0 0 0 0 0.4 0 0 2.6 13.600000000000001 0.4 0.8 0 0 0.6000000000000001 0.8 0 0 0 0 0.4 0 0 0 0 0.8 0 0 0 1.2000000000000002 0 2 4.6000000000000005 1.8 3 0 9.200000000000001 0 0 3.4000000000000004 5 9.600000000000001 11 3.8000000000000003 0 0.6000000000000001 0 2.2 1.8 0.2 2.8000000000000003 3.2 0.2 0 0 0 0 0.2 4.4 5.800000000000001 0.4 0 0 0 7.6000000000000005 2.8000000000000003 0.2 0 0 0 3.8000000000000003 4 0 0 0 2.6 0 0 0 0 0 0 0 0 0 0 0 0 0 0 0 0 0 0 0.4 0 0.8 0 0.4 0 0 0.4 0 0 0 0 0 0 0 0 0 0 0 2 6.2 1.6 2.8000000000000003 0.2 1.6 8.8 2.2 0 1.6 2 0 3 5.6000000000000005 7.6000000000000005 0.2 4.2 2.2 0 0 2 0 0 0 0 3 2.6 0 0 0 0 3 0 0 1.8 0 0 0 2.6 0 0 0 0.4 0 0 0 0.2 0 0 0 0 0 0 0 0 0.2 0 0 0 0 0 0 0 0 0 0 0 0 0 0.4 0 0 0 0 0 0 0 0 0 0 0 0 0 0 1 1.2000000000000002 0 0.8 0 0.4 1.4000000000000001 0.6000000000000001 0 0 0 0.2 0 0 0 17.8 0 0 0 0 0 0 0 0 0 0 0 0 0 0 5.6000000000000005 1.8 0 0 0 0 0 0 0 0 0.4 0 0 0 0 
 5.2 10.600000000000001 3.4000000000000004 25.8 26.400000000000002 10.200000000000001 6.2 27 33.6 56.2 51 0 4 4.6000000000000005 7 7.6000000000000005 35.2 24 53.2 23.8 15.8 0.8 1.2000000000000002 0 0 0 15.200000000000001 24.200000000000003 0 0.4 0 0 30.200000000000003 14.8 15.200000000000001 17 0 0.6000000000000001 32.6 22.400000000000002 0 0 10.600000000000001 0 0 0 0.6000000000000001 0 0.6000000000000001 0.4 0 0 0 0 0 0 1.2000000000000002 7.2 0 0 0 0 0.6000000000000001 0 0 0 0 0 0.6000000000000001 0 0 0.6000000000000001 0 8.8 0 10.200000000000001 0 1.4000000000000001 0 1.2000000000000002 1.6 0 1.4000000000000001 1.4000000000000001 1.6 0.2 0 1.4000000000000001 2.6 0 0.2 4.2 1.4000000000000001 0 0 2.6 2.2 0 0 0.2 2.8000000000000003 0 3 0 0 1.2000000000000002 2.2 0 0 2.8000000000000003 0 0 0.2 2.6 7.4 2.6 2.8000000000000003 2.6 0.2 3.8000000000000003 0 0 0 0 0 0 0 0 0 0 0 0 0 0 0 0 0 0 0 0 0 1 0.2 0 0 0 0 0 0 0.4 0 0 0 0 0 0 0 0 0 0 0 5.6000000000000005 5.6000000000000005 1.6 2.8000000000000003 0.8 1.6 4.4 0 0 1.6 2 0 0.2 4.6000000000000005 5 1.4000000000000001 0 0 0 0 2.6 0 3 0 0 2 3.4000000000000004 0 0 3 0 0.2 0 0 3.6 0 0 0 7.800000000000001 3 0 0 0 0 0 0 1.8 0 0 0 0 0 0 0 0 0 0 0 0 0 0 0 0 0 0 0 0 0 0 0 0 0 0 0 0 0 0.2 0 0 0 0 0 0 0 0 0.6000000000000001 0 0 1 0 1.4000000000000001 0 0.4 0 0 0 0 0 0 0 0 0.2 0 0 0 0 0 0 0 0 0 0 0 0 3.4000000000000004 2.2 0 0 0 0 2.6 0 0 0 0 0 0 0 0 
 55.400000000000006 4.6000000000000005 73 17.2 18.2 6.800000000000001 61.400000000000006 40.2 22.200000000000003 9.4 12.4 4 0 16 13.600000000000001 54.6 13 6.2 64.2 31 0.6000000000000001 15.8 0 13.600000000000001 0 0 15 0 40 0.4 0 0.2 15.200000000000001 0 0.2 0.2 14.600000000000001 0.6000000000000001 0 0 0 0 0.6000000000000001 0 0 0 0.6000000000000001 0 0.6000000000000001 0 0 0 0 0 0 0 0.2 0 0 0 0 0 0.6000000000000001 0 0 0 0 0 0.4 0 0 0 0 0 0 0 0 0.4 0 0 10.200000000000001 1.6 1.8 1.6 2.4000000000000004 1.4000000000000001 2 4 2.2 2.2 3.2 0 0 0.6000000000000001 0 0 2 2.8000000000000003 4.800000000000001 5.2 0 0 0 0 0 0 0 0 0 0 0 0 3 0 0 0 0 0 0.2 0 0 0 0 0 0 0 0 0 0 0 0 0 0 0 0 0 0 0 0 0 0 0 0 0 0 0 0 1.6 0 0 0 0 0 0 0 0 0 0 0 3 0.2 4.2 0 4.4 1.6 0 6.2 4.2 0 0 0 0 5.6000000000000005 5.4 3.2 2.8000000000000003 0.4 4 2.2 1.6 0 0 0 0 0 0 0 0 0 0 0 0 0 0 0 0 0 0 0 0 0 0 1 0 0 0 0 0 0 0 0 0 0 0 0 0 0 0 0 0 0 0 0 0 0 0 0 1.8 0 0 0 0 0 0 0 0 0 0 0 0 0 0 0 0 0 0.4 17.400000000000002 0 0.2 0 0.4 0.2 0.4 0 0 0 0 0 0 0 0 0 0 0 0 0 0 0.4 0 0 0 0 0 0 0 1.8 0 1.4000000000000001 0 0 0 0 0 0 0 0 0 0 0 0 
 18.2 111 87.80000000000001 14.4 18.6 6.4 16 50.400000000000006 22 16 7.800000000000001 4.6000000000000005 16 0 33.2 7.4 24.200000000000003 22.6 14.4 37.2 0.4 0.4 1 0 0 0 0 0 0 0.4 0 0.2 0 0 0 0.4 0 0.6000000000000001 0.8 0 0 0.8 0.4 0 0 0 0.6000000000000001 0 0.6000000000000001 0 0 0 0 0 0.8 0.4 0.4 0.8 0 0 0 0.4 0.6000000000000001 0 0 0 0 0 1.6 0 0 0 0 0 0 0 0 0.6000000000000001 0 0 2 8.6 0 4.800000000000001 0 2 0 0.6000000000000001 2.6 19.8 4.2 0 2.8000000000000003 5 10.200000000000001 5.800000000000001 3.4000000000000004 3 0.2 4.6000000000000005 0 0 0 0 0 0 0 0 0 0 0 2.8000000000000003 3.8000000000000003 0.2 0 0 0 0 1.8 0 0 0 0 0 0 3 0 0 0 0 0 0 0 0 0 0 0 0 0 0 0 0 0 0 0 0 0 1.2000000000000002 0 0 0 0 0 0 0 0 0 0 0 0 2.4000000000000004 2.8000000000000003 1 5.6000000000000005 3.6 0 0 0 0 3.6 0 1.4000000000000001 3.2 2.2 3 5.6000000000000005 4 0 0 1.2000000000000002 0 0 0 0 0 0 0 0 0 0 0 0 0 0 0 0 0 0 0 0 0 0 0 0 0 0 0 0 0 0 0 0 0 0 0 0 0 0 0 0 0 0 0 0 0 0 0 0 0 0 0 0 0 0 2 0 0 0 0 0 0 0 0 0 0 0.2 0 0.4 0.2 0.4 2.6 1.2000000000000002 0 0 0 0 0 0 0 0 0 0.4 0 0 0 0 0 0 0 0 0 0 0 0 0 0 0 0 0 0 0 0 0 0 0 0 0 0 0 0 
 29.400000000000002 56.800000000000004 72.4 15 17.8 13.600000000000001 36.800000000000004 14.200000000000001 17 31.6 24.200000000000003 7 13.600000000000001 33.2 0 66.8 30.8 113.4 33.800000000000004 36.800000000000004 0.4 0.6000000000000001 0 0 0 0 0 0 0 0.6000000000000001 0 0 0.4 0 0 0 0.6000000000000001 1.2000000000000002 14.600000000000001 0 0.4 0 0.4 0.4 0.4 0 0.6000000000000001 0 0.6000000000000001 0 0 0.4 0.4 0 0 0 0.4 0 0 0 0 0 0.6000000000000001 0 0 0 0 0 0.6000000000000001 0 0 0 0 0 0 0 0 1.6 0 0.4 0 3.6 0 0.8 0 0.2 11.600000000000001 0.2 2.6 7.4 5.800000000000001 1.6 3 3.6 10.600000000000001 3.4000000000000004 0 5.800000000000001 7 2.8000000000000003 0.4 0 0 0 0 0.4 2 0 0.2 0 0 0 0 0 0 0 0 0 0 1.6 0.4 0 0 0 0 0 0 0 0.4 0 0 0.2 0 0 0 0 0 0 0 0 0 0 0 0 0 0 0 1.8 0 0 0 0 0 0 0 0 0 0 0 0 1.4000000000000001 3.6 2 1.4000000000000001 2.6 0 2 2.2 3 2.6 1.6 0 2 3.6 2.8000000000000003 2.6 0.4 2.8000000000000003 0 0 0 0 0 0 0 0.2 0 0 0 0 0 0 2.6 0 0 0 0 0 0 0 0 0 0 0.2 0 0 0 0 0 0 0 0 0 0 0 1.6 0.4 0 0 0 0 0 0 0 0 0 0 0 0 0 0 0 0 0 0 0 0 0 0 0 0 2.8000000000000003 0 0 0 0 0.6000000000000001 0 1.2000000000000002 0 0 0.2 0 0 0 0 0 0 0 0 0 0 2.8000000000000003 0 0 0 0 0 0 0.4 0 0 0 0 0 4.800000000000001 0 0 0 0 0 0 0 0 0 0.2 0 0 0 0 
 49.800000000000004 24.8 29.6 32.2 11.8 49.400000000000006 53.6 28 36.2 45.800000000000004 58.2 7.6000000000000005 54.6 7.4 66.8 0 27.6 7 27 56.800000000000004 0.6000000000000001 0.6000000000000001 0 0 0 0 0 0 0 0.4 0 0 15 0 0 0.2 0 0.6000000000000001 16.6 15.4 0 0 0.4 0 0 0 0.6000000000000001 0 0.6000000000000001 0.2 0 0 0.2 0 0 0 0 0 0 0 0 0.2 0.6000000000000001 2.2 0 2.2 0 0 0.6000000000000001 0.4 2.2 0 0 1.2000000000000002 0 2 2.2 2.4000000000000004 0 0 0 3.6 7.800000000000001 4 0 2.2 3.8000000000000003 0 2 0 0 0 4.4 7.4 18 14 3.4000000000000004 3.6 4.6000000000000005 0 0 0 0.2 0 0 0 0 0 0 0.4 0 0 0.2 0.6000000000000001 0 0 3 0 0.2 0 2.4000000000000004 0 0 0 0 0 0 0 0 0 0 0 0 0 0 0 0 0 0 0 0 0.4 0 0 0.2 0 0 1 0 3 0 0 0 0 0 0 0 0 0 0 5 3.6 0 0 4 2.6 1.8 0 0.6000000000000001 4 2.2 0 2 0 0 0 0.6000000000000001 2.4000000000000004 0 0 1.2000000000000002 0 0 0 0 0 0 0.4 0 0 2.2 0 2.4000000000000004 0 0 0 0 0 2.8000000000000003 3.6 0 0 0 0 0 1.8 0 0 0 0 0 0 0 0 0 0 0 0 0 0.4 0 0 0 0 0 0 0.4 0 0 0 0 0 0 0 0 0 0 2.8000000000000003 0 0 0 0 0 0 0 0.4 0 0.4 1.2000000000000002 18.8 0.4 4.2 0 0 0 0 0 0 0 0 0 0 0 0 0 0 0 0 0 0 0 0 0 0.4 0 2.8000000000000003 3 0 0 0 0 0 0 0 0 0 0 0 0 0 
 9.200000000000001 22.400000000000002 31.200000000000003 32 69.4 33.800000000000004 16.6 42.6 32 37.6 33.4 35.2 13 24.200000000000003 30.8 27.6 0 58.400000000000006 10 7.800000000000001 0.6000000000000001 0.6000000000000001 0 19.200000000000003 18.6 0 0 0 0.4 0.4 0 0 0.4 0 0.4 1.2000000000000002 0.4 0.6000000000000001 0 0 0 0 5.800000000000001 0 0 0 0.6000000000000001 2.2 0.6000000000000001 0 0 0 0 0 0 0 1.2000000000000002 0 0 0 0 0 0.6000000000000001 0 0 0 0 0 1 0 0 0 0 7.6000000000000005 0 1.2000000000000002 0 0.4 0 7.2 0.2 7.6000000000000005 3.4000000000000004 1.2000000000000002 3.6 8.8 0 3.8000000000000003 0 5.800000000000001 1.6 0 0.2 0 7.6000000000000005 5 3.4000000000000004 0.2 0.2 2.8000000000000003 0.2 0.4 0 0 0 0 0 0 0 0 0 0 0 0.6000000000000001 0 0.4 0 0 0.2 1 2.2 0 0 2.2 0 0 0 0 0 0 0 0 0 0 0 0 0 0 0 0 0 0.6000000000000001 0 0 0.8 0 0.2 0 0 0 0 0 0 0 0 0.2 0 0 0 0 0 0 6 0 10.8 2.6 0.2 3.6 3.4000000000000004 0 5.6000000000000005 4 0 2.2 0.8 0.2 4.2 0 0 0 1.4000000000000001 0 0.4 0 0 0 0 0 0 0.2 0 0 2.8000000000000003 0 0 0 0 0 2.8000000000000003 1.8 0 0.2 0.4 0 0 0 0 0 0 0 0 0 0 0 0 0 0 0 0 0 0 0 0 0 0 0 0 0 3 0 0 0 0.4 0 0 0 0 0 0 0 0 0 0 0 0 0.2 0.2 0.4 0.8 0 0 2 0 0 0 0 0 0 0 0 0 0 0 0 0 0 0 0 0 0 0 0 0 1.6 0 0 3 0 0 0 0 0 0 0 0 0 0 0 0 0.2 
 7.800000000000001 4.4 25.8 62 26.8 56.2 23.200000000000003 73.60000000000001 41.400000000000006 7.6000000000000005 14.600000000000001 24 6.2 22.6 113.4 7 58.400000000000006 0 7 47.6 0.4 0.6000000000000001 0 0 0 0 14.600000000000001 0 0 0.4 0 0 0 0 0.4 0.6000000000000001 0.4 0.6000000000000001 0 14.600000000000001 0 0 0.6000000000000001 0 0 0 0.6000000000000001 1 0.6000000000000001 0 0 0 0 0 0 0 0.6000000000000001 0 0 0 0.4 0 0.6000000000000001 0 0 0 0 0 0.6000000000000001 0.2 0 0 0 0 0 0 0 0.4 0 7 2 14.4 0 3.2 2.4000000000000004 2 0 3.6 4.2 8.8 7.6000000000000005 3.2 0 0 0 1.8 0 0.2 0 3.6 3.6 0.2 3.4000000000000004 0 0 0 0 0 0 0 0 0 2.8000000000000003 0 0 0 0 0 0 1.8 0 0 0 3 0 0 0 0 0 0 0 0 0 0 0 0 0 0 0 2.2 0 0 0 0 0 0 0 0 0 0.8 0 0 0 0 0 0 0 0 0 0 0 0 3.2 0 0 2.6 0 5.6000000000000005 4.2 0 0.8 4.6000000000000005 0 3.4000000000000004 6.4 4.4 6.2 10.200000000000001 7 0 8.8 0 3.6 0 0 0 4 0 0 0 0 0 0.4 0 0 0 0 0 2 0 0 0 0 0 0 0 0 0 0 0 0 0 0 0 0 4.4 0 0 0 0 0 0 0 0 0 0 0 0 0 0 0 0 0 0 0 0 0 0 0 0 0 0 0 0 0 0.2 0.6000000000000001 0 1.8 22.200000000000003 0 1.2000000000000002 3.4000000000000004 0 0 0 0 0 0 0 0 0 0 0 0 0 0 0 0 0 0 0 0 0 0 0 0 0 0 0 0 0 0 0 0 0 0 0 0 0 
 27.8 28.400000000000002 26.8 43.6 10.600000000000001 12 70.2 13.8 12.200000000000001 18 6.2 53.2 64.2 14.4 33.800000000000004 27 10 7 0 43.800000000000004 19.400000000000002 0.6000000000000001 0 0 0 0 0 0 0 0.6000000000000001 0 0 0 0 0.4 1 0 0.6000000000000001 0.4 14.8 0.4 0 0.4 0.2 0 0 0.6000000000000001 0 0.6000000000000001 0 0 0 0 0 0 0 0.2 0 0 0.2 0 0 0.6000000000000001 0 0 0 0.6000000000000001 0 0.6000000000000001 0 0 0 0 0.4 0 0 0 1 0 0 8.200000000000001 2.4000000000000004 1.6 6 1.4000000000000001 0 1.6 2.2 1.4000000000000001 0 0 0 5.800000000000001 0 5 0 0 6.4 7.4 0 0 0 0 0 0 0 0 0 0 0 0 0 0.2 0 1.4000000000000001 0 0 3 0 0 0 0 0 0 0 0 0 0 0 2.6 0 0 0 0 0 0 0 0 2.4000000000000004 0 0 0.4 0 0 0.2 0 0 0.6000000000000001 0 0 0 0 0 0 0 0 0 0 0 0 2.6 2.8000000000000003 0 0.2 3 0 5.800000000000001 0 2.4000000000000004 2 0 0 2.2 3.2 0 0 0 3 0 3.8000000000000003 0 0.2 0 1.4000000000000001 0 0 0 0.4 0 0 0 0 0 0 0 0 0 0 0 0 0 0 1.6 0 0 0 0 0 0 0 0 0 0 0 0 0 0 0 0 0.4 0 0 0 0 0 0 0.4 0 0 0 0 0 0 0 0 0 0 0 0 0 0 8.6 0 0 0 0.2 0.2 0.2 0 0 0 4.4 0 0 0 0 0.2 0 0 0 0 0 0 0 0 0 0 0 0 0 0 0 0 0.4 0 3 0 0 0 0 0 0 0 0 0 0 0 0 0 0 
 24.8 55.800000000000004 6.6000000000000005 13.8 34.800000000000004 9 17.6 12.8 60.400000000000006 14.4 16.2 23.8 31 37.2 36.800000000000004 56.800000000000004 7.800000000000001 47.6 43.800000000000004 0 0.6000000000000001 0.8 0 0 0 0 0 0 0 0.4 0 0 0 0 0 0.6000000000000001 0 0.6000000000000001 0 0 0 0 6.6000000000000005 0 0 0 0.6000000000000001 0 0.6000000000000001 0 0 0 0 0 0 0 1.8 0.4 0 0 0 0 5.4 0 0 0 0 0 0.4 0 0 0 0 0 0 0 0 0.4 0 0 2.4000000000000004 0.2 1 0 2 0 7.4 0 0 0.2 0 2.8000000000000003 0 0 0 1.8 0.4 0.4 2.8000000000000003 4.2 0 0 0.2 0.4 0 0 0 0 0 0 0 0 2.2 0 0 0 0 5.6000000000000005 0 0 0 0 0 0 0 0 0 0 0 0 0 0 0 0 0.4 0.2 0 0 0 0 0 1.4000000000000001 0 0 0 0 0 0.2 0 0 0 0 0 0 0 0 2.8000000000000003 0 0 0 2.8000000000000003 6.4 2 0.2 0 0 5.4 2 0.2 0 3 0.4 0.8 0 2.4000000000000004 0.6000000000000001 0.6000000000000001 1 0 0.2 0 0.2 0 0 0 0 0 0 0 0 0 0 0 0 0 0 0.4 0.2 0 2 0 0 2 0 0 0 0 0 0 2 0.4 0 0 0 0 0 0 0 0 0 0 0 0 0 0 0 0 0 0 0 0 0 0 0 0 0 0 0 0.4 0 0 0 0 0 0 0.8 0.4 0 0.4 0 0 1.8 0 0 0 0 0 0 0 0 0 0 0 0 0 0 0 0 0 0 0 0 0 0 0 0 0 0 0 0 0 0 0 0 0 0 0 0 0 0 
 0.4 0 0.8 0.6000000000000001 0.6000000000000001 13 0.4 0.4 0.4 0.4 0.4 15.8 0.6000000000000001 0.4 0.4 0.6000000000000001 0.6000000000000001 0.4 19.400000000000002 0.6000000000000001 0 38.400000000000006 15.600000000000001 9.8 8.8 7.4 23.6 20.200000000000003 53.400000000000006 22.200000000000003 28.200000000000003 6 20.6 25 10.8 19 14.200000000000001 6.4 10 36.800000000000004 0 0 0 0 0 41.400000000000006 0 0.6000000000000001 13.600000000000001 0 1.6 0 0 0 0 0.4 0.4 0.2 0 0 1.4000000000000001 0.6000000000000001 0 0 0 0 0 0 0 0.4 0 0.6000000000000001 0 0.6000000000000001 0 0 0.6000000000000001 0 0 0 0 0 0 0 0 1.6 0 0 0 0 0 0 0 0 0 0 0 0 0 0 4.2 4 4.4 2.6 0 0 3.6 4.6000000000000005 3 0.2 5.6000000000000005 2.6 0.2 0.2 1.6 7 9.8 1.6 0.2 2.2 0 0 0 0 0 0 0 0 0 0 0 0 0 0 0 0 0 0 0 0 0 0 0.4 0 0 0.2 0 0 0 0 0 0 0 0 1.4000000000000001 0 0 0 0 0 0 0 0 0 0 0 0 0 2.4000000000000004 2.2 0.6000000000000001 0 0 0 0 0.2 0 0 0 0 2.6 2.8000000000000003 0.6000000000000001 5.4 3.8000000000000003 1.2000000000000002 0 0 4 5.2 5 0.2 4.2 0 9.200000000000001 7.2 0.8 2.8000000000000003 0 3.2 0 0 0 0 0 0 0 2.6 0 0 0.4 0 0 0 0 0 0 0 0 0 0 0 0 0 0 0 0 0 0 2.4000000000000004 0 0 0 0 0 0 0 4.6000000000000005 0 0 0 0 3.2 0 0 0 0.4 0 0.2 0 0 0 0 0 2.2 0 0.4 0.4 0 0 0.8 5.800000000000001 0 0.2 0 0 0 0 0 0 0 0 0 0 0 0 0 0 0 0 0 3.4000000000000004 0 0 0 0 0 0 0 0 
 0.6000000000000001 0 0.4 16 30.200000000000003 16 0.6000000000000001 0.4 0.6000000000000001 0.6000000000000001 17.2 0.8 15.8 0.4 0.6000000000000001 0.6000000000000001 0.6000000000000001 0.6000000000000001 0.6000000000000001 0.8 38.400000000000006 0 46.2 52.800000000000004 8.6 6.4 38.800000000000004 31.400000000000002 104.80000000000001 66.2 20.400000000000002 8 10.4 39.6 26 69 5.4 8.200000000000001 15.600000000000001 24.6 0.6000000000000001 0.6000000000000001 0.2 0.4 5.2 0.6000000000000001 0 1.2000000000000002 0.6000000000000001 0 0.6000000000000001 0 0 0.4 0 0.4 0.2 0 0.6000000000000001 2.6 0.6000000000000001 0.6000000000000001 0 0.4 0 1 0.6000000000000001 0.4 0 1 0.6000000000000001 0.6000000000000001 0 0.6000000000000001 0 0 0.4 0.2 0 0 0 0 0 0 0 8.4 0 0 0 0 0 3.6 0 0 0 0 0 0 0 0 2.4000000000000004 0 2.8000000000000003 4 0 0 2.6 9 7.6000000000000005 0 2.6 0 2.2 4.6000000000000005 5.6000000000000005 4 7.800000000000001 2 4.4 0 0 0 0 0 0 0 0 0 0 0 0 0 0 0 0 0 0 0 0 0 0 2.4000000000000004 0 0 0 0 0 5 0 1.2000000000000002 0 0 0 0 0 0 0.2 0 0 0 0 0 0 11 3 1 0 1.4000000000000001 0 0 0 3.6 0 0 0 4.2 0 0 2.4000000000000004 0 2.6 7.6000000000000005 5 2.8000000000000003 1.6 1.6 4.2 13.600000000000001 0.6000000000000001 2.2 2.2 0 6 4.4 2.4000000000000004 4.4 1.6 0 3.8000000000000003 0.2 0 0 0 0 0 0 0 0.2 0 0 0 0 0 0 0 0 0 0 0 0 0 0 0 0 0 0 0 0 0 0 0 0 0 0 0 0 0 2.4000000000000004 0 0 0 0 0 0 0 0 15.600000000000001 0 0 14.600000000000001 0 0 4 0 2.8000000000000003 0.4 0.2 0 0 0 0 3.4000000000000004 12.4 0 0 0 0 0 0 0 0 0 0 0 0 0 0 0 0 0 0 3.8000000000000003 0 0 0 1.6 0 0 0 0 
 0.6000000000000001 0 0.4 0.2 10.4 0.6000000000000001 0 0.6000000000000001 0 0 0.4 1.2000000000000002 0 1 0 0 0 0 0 0 15.600000000000001 46.2 0 22 11.600000000000001 6.2 30.8 34.2 32 53.6 67.60000000000001 33.2 37.4 10 30.6 33 51 89.2 9.600000000000001 9.8 0 1.6 0.4 0 1 1.4000000000000001 0 0.6000000000000001 0 0.6000000000000001 0 0 0 0 0 0.4 0.2 0.6000000000000001 0.2 0 0 0 0 0 0 0.2 0 0.2 0.4 0.4 0.6000000000000001 0.6000000000000001 0 0.2 0 0 0.4 0 0 0 0 0 0 0 0 0 0 0 0 0 0 0 0 0 0 0 0 0 0 0 0 10 0 1.8 1 6.800000000000001 4 2.8000000000000003 0 6.4 0 2.4000000000000004 0 0 8.200000000000001 4.6000000000000005 0 4.4 6.6000000000000005 0 1.6 0 2.8000000000000003 0 0 0 3.2 0 0 0 0 0 0.2 2.4000000000000004 0 1.4000000000000001 2.4000000000000004 0 7.4 0 0 0 0 1 0 0 0 0 0 0 0 0 0 0 0 0 0 0 0.2 0 0 0 0 0 0 1.2000000000000002 0 0.8 0.4 0 0 1 0 0 0 1.4000000000000001 0 0 0 1.8 0 11 1.4000000000000001 4 0 0.8 0 10.200000000000001 4.6000000000000005 0 0 0 3 2 3.6 2 7.6000000000000005 5.4 0 0 2 0 0 0 0 0 5 0 0 1.4000000000000001 0.4 0 5.2 7.2 2.8000000000000003 0 0 0 2.6 0.6000000000000001 0 0 0 0 0 0.2 0 0 0 0 0 0 0 0 0 0 0 0 0 0 0 0 0 0 0 0 0 0 0 0 0 0.4 0 0 5.2 0 0.6000000000000001 33 16.2 0 0 0 0 0 0 0 2.2 0 0 0 0 0 0 0 0 0 0 0 0 3.2 0 0 0 0 0 0 2.2 0 0 0 
 0 0 0 0 0 0.2 0.6000000000000001 0 0 0.4 0 0 13.600000000000001 0 0 0 19.200000000000003 0 0 0 9.8 52.800000000000004 22 0 39.2 6.4 31.200000000000003 10.200000000000001 71.4 14.4 13.600000000000001 43.2 16.400000000000002 18 16.400000000000002 67.2 49.2 24 57.400000000000006 11.8 0 0.8 0 0 0 0.6000000000000001 26.6 0.6000000000000001 0 0 0 0 19.8 14 0.4 0.4 0.4 0 4 0 0.8 0.6000000000000001 0.4 0 0 0 9.8 0 0 0.4 0 0.6000000000000001 0 0.6000000000000001 0 0 2 0 0 0 0 0 0 0 0 0 0 0 0 0 0 0 0 0 0 0.2 0 0 0 0 0 2.8000000000000003 12.4 3.2 4.2 14.600000000000001 0.2 5 0 1.6 2.8000000000000003 0 3.6 5.6000000000000005 0 3 0 4.4 0 0 5.4 4.2 2 0 1.6 0 18.8 0 0 1.6 0 0 0.4 3.4000000000000004 0.6000000000000001 0.2 0.2 0 0 6 2.8000000000000003 0 0 0 0 1.6 0 0 0 0 0 0 0 6.800000000000001 0.8 0 0.4 0 1.6 1.6 0 0 0 0 0.8 0 0 0 0 0 0 1.4000000000000001 0.4 0 0 0 0 0 0 0 1.8 5.2 1.4000000000000001 0.4 3.6 4 0 0 0 0 7.6000000000000005 21.400000000000002 0 3.6 3.8000000000000003 0 0 2.8000000000000003 0 0 2 7 0 0 0 0 2 3 3 0 0 14.600000000000001 7.800000000000001 0 1.8 0 0 0 1 3 0 0 0 0 0 0 0 1.6 0 0 0 0 0 0 0.2 0 0 0 0 0 0 0 0 0 0 0 0 0 0 0 0 0 0 0 2.4000000000000004 0 0 17.2 15.600000000000001 0.4 0.4 0.4 0 0 0 0 0 0 0 0 0 0 0 0 0 0 0 0 0 0 0 0 0 0 1.6 0 0.2 0 0 0 
 0 0 0 0 4.6000000000000005 0.8 0.8 0 0 0 0 0 0 0 0 0 18.6 0 0 0 8.8 8.6 11.600000000000001 39.2 0 11 19 16 45.6 29.200000000000003 34.4 56 22 17 36 51.800000000000004 42.400000000000006 20 16.8 28.400000000000002 0.4 0 0 0 0 0.6000000000000001 12.4 13.600000000000001 0 0 0 0.2 13 0.8 5.6000000000000005 0.4 0.2 0.2 11 4.4 0 0.6000000000000001 0.6000000000000001 0 0 0 0 1.8 0 0.4 0 0.6000000000000001 0 0.6000000000000001 0 0 0.6000000000000001 0 0 0 0 0 0.4 0 0 0 0 0 0.4 0 0 0 0 0 0 0 0 0 0 0 3.8000000000000003 10.4 10 7 3.8000000000000003 3.8000000000000003 2.6 0 2.4000000000000004 11.600000000000001 2.6 2.8000000000000003 0 0 0 1.6 2 1.8 0 0 0 0 0 0 0 0 3.8000000000000003 0.2 0 0 0 0 2.4000000000000004 2.6 2.2 2.6 0 0 0 2.8000000000000003 2.2 0 0 5.2 0 1.2000000000000002 0 0 0 0.2 0 0.2 0 0 1 0 1 0 1.4000000000000001 0 0 0 0 0 0 0 0 0 0.8 0 0.4 0 0 0 0 0 0 0 0 0 5 0 6.6000000000000005 2.6 0 2.6 0 0 1.4000000000000001 0 0 1.6 0 0 2.6 0 0.2 3.8000000000000003 0 0 1.4000000000000001 2.2 0 0 0 0 2.2 1.4000000000000001 0 1.6 0 0 8.4 0 10.600000000000001 0 1.8 0 0.2 0.2 0 0 0 0 0 0 0 0 0 0 0 0.2 0 0 0 0 0 0 0 1.8 0 0 3 0 0 0.2 0 0 0 0 0 0 0 0 0.8 0.4 0 15.8 14.8 0.2 3.6 0 0 0 0 0 0 0 0 0 0 0 0 10 0 0 0 0 0 0 0 2.6 0 0 0 4.800000000000001 0 0 0 0 
 0 0 0 0 0.8 0.2 0.6000000000000001 0.4 0.2 0 8.4 0 0 0 0 0 0 0 0 0 7.4 6.4 6.2 6.4 11 0 5.800000000000001 6.4 6.800000000000001 26.200000000000003 19.400000000000002 24.200000000000003 8.8 10.600000000000001 26.400000000000002 33.6 16.400000000000002 35 53.800000000000004 6.6000000000000005 0.2 24.200000000000003 0 0 42.400000000000006 43 0 6.6000000000000005 13.200000000000001 0 0 0 12.8 13.200000000000001 0 29 56.400000000000006 1 0 13.4 0 0.6000000000000001 0 0 0 0 0 0 0 0.4 0 0.6000000000000001 0.4 0.6000000000000001 0 0 0.8 0 0 0 0.6000000000000001 0 0.2 0 0 0 0 0 0 0 3.4000000000000004 0 0 0 0 0.2 0 0 0 0 0 0 2.8000000000000003 0 0 7.800000000000001 0 0 0 2.8000000000000003 0 3.6 0 0 0 0 0 2.6 0 0 7.2 6.800000000000001 8.6 9.600000000000001 0 0 12.4 3.8000000000000003 8.4 3.2 4.800000000000001 0.6000000000000001 4.2 0.4 7.800000000000001 5.4 0 0 3.8000000000000003 4 0 0 0 0 0 0 0 0 0 0.4 0 0.2 1.4000000000000001 0 0 2.6 0.2 0 0 0 0 0 0 0 0 0 0 0 0.2 0 0 0 0 0 0 0 0 0 0 0 2 0 3.8000000000000003 0.4 4 6.6000000000000005 0 0 1.8 0 0 0 0 0 0 0 2 0 0 2.2 4.4 11.200000000000001 0 0.4 0 0 2 3 0.2 0 0.2 0 2.4000000000000004 2 0.4 3.4000000000000004 3.8000000000000003 0.2 5.4 4.800000000000001 0 0 0 0 0 0 0 0 0 0 0 0.4 0 0 0 0 0 0 0 0 0 2.6 0 0 0 0.4 0 0 0 0 0 0 0 0 1.6 0 0 0 36.4 0.6000000000000001 3.2 0 0.2 0 0 0 0 0 0 0 0 0 0 0 0 0 0 0 0 0 0 0 0.6000000000000001 0 3.4000000000000004 0 0 0 0 0 
 0.4 0 0 3.6 4.4 0 0 0.2 0.4 14.8 0 15.200000000000001 15 0 0 0 0 14.600000000000001 0 0 23.6 38.800000000000004 30.8 31.200000000000003 19 5.800000000000001 0 30.400000000000002 57.400000000000006 46.800000000000004 12.200000000000001 11 41.6 33 48 23.200000000000003 9.200000000000001 12.8 43.6 62 0 0 0 0 0 0.6000000000000001 0 0.6000000000000001 0 0 0 0 0 0 0 0.4 0.4 0 0.2 0 0 0.4 0 0 0 0 0 0 0 0.4 0 0.6000000000000001 0 0.6000000000000001 0 0 0.4 0 0 0.6000000000000001 0 0 0 0.2 0 0 0 0 2.8000000000000003 4.2 0.2 0.8 0 0 0 0 0 0 0 0 6.800000000000001 4 6 2.8000000000000003 0.8 0 2.4000000000000004 4.800000000000001 0.8 4 2 2.6 3 3 0.4 0 5.2 0 2.8000000000000003 3.2 0 0 0 0 0 0 0 0 0 0 0 0 0 0 0 0 0 0 0 0.2 0 0 0 0 0 0 0 0 0 0 0 0 0 0.4 0.6000000000000001 0 0.2 0 1.4000000000000001 2.4000000000000004 0 0 0 7 7.2 2.8000000000000003 1.8 0 0 0 0.8 0 0 0.4 0 2.8000000000000003 0 0 0 0 0.2 0 5.800000000000001 0.6000000000000001 1.8 3.4000000000000004 3.6 3.8000000000000003 4.6000000000000005 4.2 6 2 3.4000000000000004 3.8000000000000003 3.6 6 1.6 0 1.2000000000000002 1.8 0 0 1.8 0 0 0 0 0 0 0 0 0 0 0 0 0.2 3 0 0 0 0.4 0 0 0 0 0 0.4 1.8 0 0 0 0 0 0 0 0 0 0 0.4 0 0 0 0 0 0 0 0.6000000000000001 0 0 0.2 0 0 1.2000000000000002 0 2.8000000000000003 0 0.4 0.2 15.200000000000001 0.2 4.2 2.8000000000000003 0 0 0 0 0 0 0 0 0 0 0 0 0 2.8000000000000003 2.8000000000000003 0 0 0 0 0 0 0 0 0 0 0 0 0 
 0 0 0 0 15 0 0 0 0 0.2 0 24.200000000000003 0 0 0 0 0 0 0 0 20.200000000000003 31.400000000000002 34.2 10.200000000000001 16 6.4 30.400000000000002 0 36.4 59.400000000000006 13 48 52.6 49.400000000000006 57.400000000000006 10.200000000000001 8.200000000000001 6.800000000000001 28.6 76.4 0 0 0 0 0 0.6000000000000001 0 1.4000000000000001 0 0 0 0 0 0 0 0.4 0.2 0 0 12.4 0 0.6000000000000001 0 0 0 0 0 0 0 0.4 0 0.6000000000000001 0 0.6000000000000001 0 0 0.4 0 0 0 0 0 0 0 0 0 0 0 0 1.8 0 0.4 0 0 0 0 0 0 0 0 9.8 1.2000000000000002 2.4000000000000004 9 3.8000000000000003 0 0.8 5.4 0 2.6 0 2 2.4000000000000004 7.800000000000001 10.4 3.2 4.6000000000000005 3.4000000000000004 4 3 0 0 0 0 0 0 0 0 0 0 0 0.2 0 0 0 0 0.4 0 0.6000000000000001 0 0 1.8 0 0 0 0 0 1.6 0 1.2000000000000002 0.2 0 0 0 0 0 0.2 0 0 0 0 0 0 0 0 0 0 0 0 0 0.4 0 0 0 0 0 0 0.4 0 0 0 6.6000000000000005 4.6000000000000005 5.4 0 0 2 4.6000000000000005 3 2.6 14 1.6 3.2 0 0 5 3.8000000000000003 5 1.2000000000000002 3 0 0 0 0 0 0.4 0 2 0 0 0 0 0 2 0 0 0 0 0 0 0 0 0 0 0 0 0 0 0 0 0 0 0 0 1 0 0 4.2 0 2.2 0 0 0 0 0 0 0 0 0 0 0 0 0 0 1.2000000000000002 0 0.2 8.6 16.8 0 2.6 0 0 0 0 0 0 0 0 0 0 0 0 0 0 0 0 0 0 0 0 4 0 0 0 0 0.2 0 0 0 
 16.400000000000002 0 0 0 0 0 0 0 0 0 0 0 40 0 0 0 0.4 0 0 0 53.400000000000006 104.80000000000001 32 71.4 45.6 6.800000000000001 57.400000000000006 36.4 0 28 71.60000000000001 5 35 67.2 72 8.8 90.80000000000001 11.600000000000001 56.2 31 0 0 0 0 0 0.6000000000000001 0.2 0.6000000000000001 0 0 1 0 13 0 0 0.4 0.2 0.2 0 0 0 0.2 6.4 0 0 0 0 0 0 1 0.2 0.6000000000000001 0 4.4 0 0 0.4 0 0 4.4 0 0 0 3.6 0 0 0 0 0 0 0 0.4 0 0 0 0 0 0 0 0 2.6 5.4 5.6000000000000005 5.2 10.4 3.8000000000000003 1.8 7.4 3.2 0.4 4.2 5.4 3.6 3.6 1.8 0 7.2 0 0 4 0 2.6 0 0 0 0 4 0 0 0 0.2 0 0 0 0 0 0 0 0.6000000000000001 2.6 0 0 0 0 0 1.4000000000000001 0.2 0 0 0 0 0 0.2 0 1.8 0 1.4000000000000001 0 0.2 4.800000000000001 0 0.4 0 0 0 0 0 0 0.8 0 5.2 0 0 0 0.4 0 0 0 0 0 1.8 0 0.2 0.2 6.4 1.8 5.800000000000001 2 4.2 3.6 2 7.6000000000000005 0 4.4 2.8000000000000003 1.8 4.800000000000001 6 0 0.4 0 0 0 0 0 0 0.8 0.4 0 0 0 0 9.600000000000001 0 0 0 0 0 0 0.2 0 0 0 0 0.2 0 0 1.8 0 0.2 0 0 0 0 0 0 0 0 0 0 0 0 0 0 0 0 0 0 0 0 0 0 0 0 1.4000000000000001 0.2 0 16 0.2 0 0.4 0 0.4 0 0 0 0 0 0 0 0 0 0 0 0 0 0 0 0 2.4000000000000004 0 0.2 0 0 0 0 0 0 0 0 
 0.4 6.2 0.4 0.4 0.4 0.8 0.6000000000000001 0.4 0.6000000000000001 0.4 0.8 0.4 0.4 0.4 0.6000000000000001 0.4 0.4 0.4 0.6000000000000001 0.4 22.200000000000003 66.2 53.6 14.4 29.200000000000003 26.200000000000003 46.800000000000004 59.400000000000006 28 0 79.4 28.400000000000002 53.800000000000004 23.8 53.2 19.200000000000003 27.200000000000003 68.60000000000001 20.200000000000003 19.400000000000002 0 0 0 0 0 0.6000000000000001 0 0.6000000000000001 0 0 1.8 0 0 0 0 0.4 0 0 0.2 0 0 0.6000000000000001 0 0 0 0 0 0 0 0.4 0 0.6000000000000001 0 0.6000000000000001 0 0 0.6000000000000001 0 0 0 0 0 0 0 0 0 0 0 0 0 0 0 0 0 0 0 0 0 0 0 2 0 1.4000000000000001 1.4000000000000001 1.2000000000000002 1.2000000000000002 4 7.2 4.4 2.8000000000000003 0.2 4.6000000000000005 0 0.4 2.6 0 1.2000000000000002 3.6 0 2.4000000000000004 0 0 0 0 0 0 2.2 0 0 0.2 0 0 0 0 0 0 1.8 2.2 4.800000000000001 0 0 0 0 0.8 0 0 0 0 0 0 0 0 0 0 0 0 0 0 0 0 0 0 0 0 0 0 0 0 0 0 0 0 0 0 0 0 0 0 0 0 0 0.4 12.200000000000001 5.800000000000001 4.4 2.2 1.6 2.8000000000000003 1.6 0 1 1.2000000000000002 0 0.2 0 0.6000000000000001 3 2.4000000000000004 0 0 0 0 0 0 0 0 0 0 0 1.8 2.8000000000000003 0 0 0 1.4000000000000001 0 0 0 0 0 0 0 0 0 0 0 0 0 0 0 0 0 0 0 0 0 0 4.6000000000000005 0 0 0 0 0.2 0 0 0.2 0 0 0 0 0 0 0 0 4 0 0.6000000000000001 0 2.4000000000000004 0 2 0 0 0 0 0 0 0 0 0 0 0 0 0 0 0 0 0 0 0 0 0 0 0 0 1.6 0 0 0 0 
 0 0 0 0 0.4 0 1.2000000000000002 0 0.2 0.4 0 0 0 0 0 0 0 0 0 0 28.200000000000003 20.400000000000002 67.60000000000001 13.600000000000001 34.4 19.400000000000002 12.200000000000001 13 71.60000000000001 79.4 0 12.8 21.8 30.6 16 41.400000000000006 86.4 10.200000000000001 8 27.6 0 0 0 0.2 0 0.6000000000000001 0 0.8 0 0 0.4 0 16.8 0.6000000000000001 0 0.4 0 0.2 0 0 0 0.6000000000000001 0 0 1.8 0 0 0 0 0.4 0 1 22.6 0.6000000000000001 0 0 0.6000000000000001 0 0 0 0 0 0 0.4 0 0 0 0 0 0 0 0 0 0 2.6 0 0 0 0 0 6.800000000000001 3.6 2.2 7.4 4.6000000000000005 8.6 8.4 0 6 0.8 0.6000000000000001 4.6000000000000005 0 0 0 7.2 2.6 2 0.4 0.4 0 0 0 0 3.8000000000000003 0 1.8 2.4000000000000004 0 0 0 0 5.2 0 0 0 0 0 5 5.2 0 0 0 1.2000000000000002 0 0 0 0 0 0 0 0 0 0 0 0 0 0 0 0.2 0 0 0 0 0 0 0 0 2.6 0 0.8 0 0 0.2 0 1 0 0 0 0 0.2 0 8 3.6 3.6 4.800000000000001 1.6 0.2 2.8000000000000003 2 0 0 2.8000000000000003 0.2 12.4 0.6000000000000001 0 5 0 0 2.8000000000000003 0.2 0 0 0 0 0 0 0 1.8 0 0 0 0 2.2 0 0 0 5.4 6.6000000000000005 0.2 0 0 0 0 0 0.2 0 0 0 0 0 0 0 0 0 0 0 0.2 0 0 0 2.6 0 0 0 0 0 0 0 0 0 0 0 0.6000000000000001 0 0.6000000000000001 0 0.8 0 0.2 0 0 0 0 0 0 0 0 0 1.4000000000000001 0 0 0 0 0 0 0 0 0 0 3.2 0 0 0 3.4000000000000004 0 0 0 0 
 0.2 1.2000000000000002 0 0 0 0.4 0 0 0 0.2 0.2 0 0.2 0.2 0 0 0 0 0 0 6 8 33.2 43.2 56 24.200000000000003 11 48 5 28.400000000000002 12.8 0 55.6 8.8 9.8 13.8 34.2 75.60000000000001 7.800000000000001 7.6000000000000005 0 0 1.2000000000000002 0.4 0 2.4000000000000004 18.400000000000002 7.6000000000000005 0.4 0 0 0 16.6 0.8 27.200000000000003 0.4 0 0 24.8 12.4 1.2000000000000002 0.2 1.4000000000000001 0 0.2 0 0.8 7.800000000000001 0 0.4 0 1 0.2 0.4 1 0 0.4 0.4 1.4000000000000001 0 0 0 0 0 0 0 0 0 0 0 0 0 0 0 0 0 0 0 0 3.4000000000000004 0 0 0.2 1.8 3 13.8 0 0 0 1.8 3.2 0 0 0 0 0.6000000000000001 0.2 11.200000000000001 0 0 0 0 3.2 0 0 0 4.800000000000001 0 0.2 0 0 0 6.2 0.2 1.2000000000000002 2.8000000000000003 2.2 0 1.8 6.4 1.6 0 0 0.8 0 1 0 0 0 0 0 0 0 2 0 0 0 0 8 0 0 0 0 0 0 0 1.6 3.8000000000000003 0 0 0 3.2 0 0 0 0 0 0 0 0 2.6 2.4000000000000004 1.6 0 0 6.800000000000001 0 0 0 0 1 5.4 0 0 0 0 3.4000000000000004 2.4000000000000004 0 0 3 2.2 0 0 0 0 2 2.2 0 2.2 0 0 2.8000000000000003 2 4.2 0 3.4000000000000004 0 4.800000000000001 10 0 0 0 0 0 0 0 0 0 0 0 0 0 0 0 0 0 0 0 0 0 0 0 0 0 0 0 0 0 0 0.2 0 15.4 0 3 0.8 1.2000000000000002 0.8 15 0.2 0 0 0 0 0 0 0 0 0 0 0 0 0 0 0.2 0 0 0 0 0 0 0 0 0 0 2.4000000000000004 0 0 0 0 
