 0 67.60000000000001 14.4 69.8 51.400000000000006 25 16.8 89 71.2 14 23.8 23.400000000000002 8 81 32.2 60.6 7.6000000000000005 24.400000000000002 23 48.800000000000004 0.2 0.2 0.6000000000000001 0 0.6000000000000001 0 0.6000000000000001 0 0.6000000000000001 0.4 0 1.2000000000000002 0 0.8 0 0 0.4 0 0 41 11.600000000000001 0.8 0.8 0 1 0 0 0 0.2 1.4000000000000001 0.6000000000000001 0.4 0 0 0 0 0 0.6000000000000001 0 0 0 0 0 0.2 0 0.6000000000000001 0 0.8 0 0.4 1 0 0.4 0 0.8 0.6000000000000001 0 0.6000000000000001 7 0.6000000000000001 1.4000000000000001 4.6000000000000005 7.6000000000000005 4.4 0.2 3.2 3 5.6000000000000005 3.4000000000000004 7.2 4.800000000000001 0 1.8 5.6000000000000005 0 0.4 3.4000000000000004 5 2.6 2.4000000000000004 0 0 0 0.2 0 0 0 0 0 0 0 0 0 0 0 0 0 0 1.8 2.2 0 0 0 0 0 0 0 0 0 0 0 0 0 0 0 0 0 0 0 0 0 3 0 0.2 0 0 0 0 0 0 0 0 0 0 0 0 0 0 0 0 5 0 0 9.8 0 0 1.4000000000000001 2.6 4.4 1.4000000000000001 3.6 1.8 2.2 11.200000000000001 0 0 13 7 2.2 2.6 0 0 0 0.4 0 0 2.8000000000000003 0 0 0 0 0 0.4 0 3 0 0 0 0.2 1.6 0 0 0 0 0 0 0 0 0 0 0 0 0 0 0 0 0 0 0 0 0 0 0 0 0 0 2 0.2 0 0 0 0 0 0 0 0 0 0 0 0 0 0 0 0 0 0.4 0 0.4 9.600000000000001 0.4 2 3.6 0 0 0 0 0 0 0 0 0 0 3.4000000000000004 0 0 0 0 0 0 0 0 0 0 0 0 2.6 5.800000000000001 0 0 0 0 0 0 0 0 0.4 0 0 0 0 
 67.60000000000001 0 22.400000000000002 26.200000000000003 5.6000000000000005 8.8 33 102.60000000000001 22 37 21.400000000000002 34.800000000000004 69.60000000000001 53.6 7.2 27.200000000000003 36.6 10.200000000000001 27.400000000000002 8.4 0 0.2 1 0 0 0 0 0 0.6000000000000001 1.2000000000000002 0 1 0 0.4 0.4 0 0.4 0.4 0 0.2 0 0.8 0.4 0 0.8 0 0 0 0 0.4 0 0.4 0 0 0 0 0.4 0.6000000000000001 0 0 0 0 0 0.6000000000000001 0.4 0.6000000000000001 0 0 0 0.6000000000000001 0.8 0 0 0 0 0.6000000000000001 0 0.8 0 0 0.2 1.6 6.2 6.2 1.6 1.8 3 8.8 6.4 2.6 7.800000000000001 0 3.4000000000000004 4.6000000000000005 0.2 1.6 2.4000000000000004 2.8000000000000003 7 4.2 0 0 0 0 0 0 0 0 0 0 0 0 0 0 0 0 0 0 3 4.6000000000000005 0 0 0 0 0 0 0 0 0 0 0 0 0 0 0 0 0 0 0 0 0 0 0 0 0 0 0 0 0 0 0 0 0 0 0 0 0 0 0 0 3 0 0 4.4 0 0 2.8000000000000003 0 6 0 0.8 2.8000000000000003 2.2 6.800000000000001 4.2 0 0 5.800000000000001 1.8 1.2000000000000002 2.4000000000000004 0 0 0 0 0 0.2 0 0 0 0 0 0 0 0 0 0 0 0 2.2 0 0 0 0 0 0 0 0 0 0 0 0 0 0 0 0 0 0 0 0 0 0 0 0 0 0 3.4000000000000004 0 0 0 0 0 0.6000000000000001 0 0 0 0 0 0 0 0 0 0 0 0 0 0 0 20.200000000000003 17.8 0.4 0.6000000000000001 0 0 0 0 0 0 0 0 0 0 5.6000000000000005 0 0 0 0 0 0 0 0 0 0 0 0 0 0 0 0 0 0 0 0 0 0 0 0 0 0 0 
 14.4 22.400000000000002 0 29.8 8.8 87.80000000000001 75.2 42.6 25.400000000000002 19.6 27.8 7.800000000000001 15.8 17.8 8.8 69.8 48.400000000000006 28.6 9.4 53.800000000000004 0 0.2 0 0 0 0 0 0 0.6000000000000001 0.4 0 0.6000000000000001 0 0.4 0 0 0.4 1.2000000000000002 7.2 0 0 15.8 0.4 0 0 0 0 0 0 0.4 0 0.8 0 0 0.6000000000000001 0 14.8 0.6000000000000001 0 0 0 0 0 0.6000000000000001 0.2 0.6000000000000001 0 0 0 0.6000000000000001 0 0 0 0 0 0.6000000000000001 0 0 0 0 2.4000000000000004 3 3.8000000000000003 1.6 0.2 5.6000000000000005 2 6.6000000000000005 0 0.2 5.6000000000000005 3 0.4 5.800000000000001 1.2000000000000002 0 0 8.4 0 2.6 0 3.2 0 0 0 0 0 0 0 0 0 0 0.2 1.4000000000000001 0 0 0 0 5.2 0 0 0 0 0 0 0 0 0 0 0 0 0 0 0 0 0 0 0 0 0 0 0 0 0 0 1.4000000000000001 4.2 0 0 0 0 0 0.4 0 0.4 2 0 0 0 0.4 2.8000000000000003 2.2 0 5.6000000000000005 4.800000000000001 6.2 5.2 0 6.6000000000000005 6.800000000000001 2.6 1 6.2 0.2 3 1.8 4.4 0 0 0 0 0 0 0 0 0 3.2 2.6 0 0 0 0 0 0.2 0 0 0 0 3 0 0 0 0 0 0 0 0 0 0 0 0 0.4 0 0 0.8 3 0 0 0 0 0.4 0 0 0 0 0 0 0 0 0 0 0 0 0 0 0 0 0 0 0 0 0 0 0 0 0 18 0 1 0.4 2 2.8000000000000003 2.8000000000000003 0 0 0 0 0 0 0 0 0 0 0 0 0 0 0 0 0 0 0 0 0 0 5.4 3.4000000000000004 0 0 0 0 0 0 0 0 0 0 0 0 0.2 
 69.8 26.200000000000003 29.8 0 34.6 16.8 15.8 40.6 95.80000000000001 53.400000000000006 37.800000000000004 41.2 33.6 96.60000000000001 63.2 52.2 16.6 46.2 15 73.60000000000001 0 0.2 0.8 0 0 0 0 0 0.6000000000000001 0.4 0 0.6000000000000001 0 0.4 0 0 0.4 0 15 14.8 0 0 0.4 0 0 0 0 1.2000000000000002 0.2 0.4 0 0.4 1.2000000000000002 0 0 0 0.6000000000000001 0.6000000000000001 0 0 0 9.600000000000001 0 0.2 0 0.6000000000000001 8.8 0 0 0.4 0.2 0 0 0 0 0.6000000000000001 0 0 0 0 0.2 0.2 4.2 3.2 2.4000000000000004 1 3.8000000000000003 0 1 7.800000000000001 0.4 2 0 7 0 5.4 1.6 2.2 0 17.8 2.2 0 5.6000000000000005 0 0 0 0 0 0 0 0 0 1.8 0 0 0 0 0 8.6 4.2 0 0 0 0 0 0.2 0 0 0.4 0 0 0 0 0 0 0 0 0 0 0 0 0 0 0 0 0 0 0 0 0 0 0 0 0 0.2 0 0 0 0 0 5 3.6 0 3 3.8000000000000003 0 0 2.8000000000000003 2.8000000000000003 0.2 4.800000000000001 5.800000000000001 0 4.2 0 6.4 6.4 2 0 0 0 4 0 0 0 0 0.2 3.8000000000000003 0 0 0 2.4000000000000004 2.2 0 0 0 0 0 0 5.800000000000001 0 0.4 0 0 0 0 0 0 0 0 0 0 0 0 0 0 0 0 0 0 0 0 0 0 0 0 4.4 0 0.4 0 0 0 0 0 0 0 0 0 0 0 0 0 0 0 0 0 18 0.4 20.400000000000002 0.2 0.4 2.2 0 0 0 0 0 0 0 0 0 0 0 0 0 0 0 0 0 0 0 0 0 0 0 5.6000000000000005 0 1.8 0 0 0 0 0 0 0 0 0 0 0 0 
 51.400000000000006 5.6000000000000005 8.8 34.6 0 13.4 13.200000000000001 33.800000000000004 15.8 34.4 36.6 47.6 15.4 15.600000000000001 15.4 32.800000000000004 37.6 11.4 15.4 58.2 0.2 15 15.200000000000001 0.2 0 0 14.8 0 2 0.6000000000000001 0 0.6000000000000001 16.2 0.4 15 0.4 5.2 0 30 3.4000000000000004 0 0 0.6000000000000001 12.4 0 0 0 1.2000000000000002 0.6000000000000001 0.4 0 0.4 0.8 0 0.2 0 0.2 0.6000000000000001 0 0 1 0 0 0 0 0.4 1 0 0 0.4 0.6000000000000001 0 0 0 2.2 0.6000000000000001 0 0 1.2000000000000002 0 0 0 0 2 3.2 2.4000000000000004 0 0 9.4 2.2 2.8000000000000003 0.2 0 0 0 0 0 0 0 0 2.8000000000000003 0 0 0 0 0 2.6 7 9.4 0 0 4 1 2.4000000000000004 0 1.2000000000000002 0 0 0 6 0 0 4 0 0 0 2.6 0 0 0 0 0 0 0 0 0 0 0 0 0 0 0 0 0 0 0 1.2000000000000002 1.2000000000000002 0 0 1.4000000000000001 0 0 0.2 0 5 0 0 0 1.6 0 0 10 2.4000000000000004 2 2 0 0 0.2 4 3 5.4 0 0 0 0 3.8000000000000003 5.2 0 0 2 0.2 0 2.2 0 0 7.4 0 0 0 0 2 8.8 1.2000000000000002 0 2 0 0 0 1.8 0 0 0 0 0 0 1.4000000000000001 0 0 0 0 0 0 0 0 0 0 0 0 0 0 0 0 0 0 0 0 0 0 2.6 0 0 0 0 3 0 0 0 0 0 0 0 0 0 0 1.2000000000000002 0.8 0 0 18.400000000000002 0 1.8 0 0 0 0 0 0 0 0 0 0 0 0 0 0 0 0 0 0 0 0 0 0 0 0.2 0 0 0 0 0 0 0 0 0 0 0 0 0 0 
 25 8.8 87.80000000000001 16.8 13.4 0 8.6 29 8.4 49.800000000000004 17.2 14.600000000000001 12.8 27.400000000000002 61.800000000000004 55.6 99.2 51.400000000000006 6.800000000000001 11.4 0 16.400000000000002 0 0 0 0.4 0.2 6.800000000000001 0.6000000000000001 0.4 0 0.6000000000000001 0.2 0.4 0 0 0.8 0 0 31.6 0 0 0.4 0 0 0 0 0 0.2 0.4 0 0.6000000000000001 0 0 1.6 0 0 0.6000000000000001 0 0 0 0 0 0.2 0 0.8 0 0 0 0.4 0.2 0 0 0 0 0.6000000000000001 0 0 0 0 0 0 8 8.6 2.8000000000000003 6.6000000000000005 0 0 0 6.2 3.8000000000000003 8 0 8.200000000000001 3.2 4.4 0 8.200000000000001 0 0 1.8 0 0 0 0 0 5 0 0.4 0 5.4 0.2 0.2 4 2.8000000000000003 0 3.8000000000000003 0 0.6000000000000001 0 0 0 0 0 0 0 0 0 0 0 0 0 0 0 0 0 3.6 0 0 0 0.2 0 0 0 0 0.2 0 0 0 0 0 0 0 0 0 0 0 0 0 0 2.4000000000000004 0 2 3.4000000000000004 2.8000000000000003 0 0 0.2 5.6000000000000005 3 8.200000000000001 9 0 6.2 2.4000000000000004 3.2 0.6000000000000001 0 0 3.8000000000000003 2.8000000000000003 0 0 0 0.4 0 0 0 2.8000000000000003 2 0 0 3.2 0 0 0 0 2.8000000000000003 2 0 0 2.6 0 0 0 0 0 0 0 0 0 0 0 0 0 0 0 0 4.6000000000000005 0 0 0 0 0 0 0 0 0 0 0 0 0 0 0 0 0 0 0 0 0 0 2.4000000000000004 0 0 0 2 0 0 0 19 0.4 2 0 0 0 0 0 0 0 0 0 0 0 0 0 0 0 0 0 0 0 0 0 0 0 4.2 0 0 0 0 0 0 0 0 0 0 0 0 0 0 
 16.8 33 75.2 15.8 13.200000000000001 8.6 0 34.800000000000004 47.800000000000004 9.8 6 22.400000000000002 18.8 28.6 61.2 8.8 5.800000000000001 14.8 40.400000000000006 5.6000000000000005 0 0.4 0 0 1 0 0 0 2.2 0.4 0 0.8 0 0.4 0 0 0.4 0 0 0 0 12.8 0.6000000000000001 0 0 0 0 0 0.6000000000000001 0.4 0 0.4 0 0 7.800000000000001 0 0 0.6000000000000001 0 0 0 0 0 0 0 0.6000000000000001 0 0 0 0.4 1.8 0 0 0 0 0.6000000000000001 0 0.4 0 0 10.4 10 3.8000000000000003 0 0 0 3 0.2 0.2 1.4000000000000001 2.6 0 0.2 3 3.4000000000000004 1.4000000000000001 0.2 0 0 0 0 0 0 0 0 0 0 0 0 0 0 0 0 0 0 0 1.6 0 0.2 0 0 0 0 0 0 0 0 0 0 0 0.6000000000000001 0 0 0 0 0 0 0 0 0 0 0 0 0 0 0 0 0 0 0 0 0 0 0 0 0 0 0 0 0 0 6.2 0.4 0 0 0 2.8000000000000003 4 0 3.6 0.2 0 0 0 2.4000000000000004 0 12.200000000000001 0 2 0 0 0 0 0 0 0 0 0 0 0 0 0 0 0 0 0 0 0 0 0 0 0 0 0 0 0 0 0 0 0 0 0 0 0 2 0 0 0 0 0 0 0 0 0 0 0 0 0 0 0 0 0 0 0 0 0 0 0 0 0 0 0 0 0 0 0.6000000000000001 0 0 0.4 0.4 0 1.2000000000000002 0 0 0 0 0 0 0 0 0 0 0 0 0 0 0 0 0 0 0 0 0 0 0 0 0 0 0 0 0 0 0 0 0 0 0 0 0 0 
 89 102.60000000000001 42.6 40.6 33.800000000000004 29 34.800000000000004 0 26.8 28 50.400000000000006 26.400000000000002 23 72 14.200000000000001 46.2 53.400000000000006 15.600000000000001 47.400000000000006 57 0 0 0 0.4 0 0.4 0 0 0.6000000000000001 41.400000000000006 0 0.6000000000000001 0 0.4 0 0.2 0.4 0.8 14.8 41 0 0.4 0.4 0 0.6000000000000001 0 0.2 0 0 0.4 0 0.4 0 0 0.4 0 0 0.6000000000000001 0 0 0 0 0 0.6000000000000001 0.2 0.6000000000000001 0 0 0 0.6000000000000001 0.2 0 0 0 0 0.6000000000000001 0 0 0 0 0 0 7.2 4.4 0.4 0 2.2 5 6 0 1.6 0 1.8 0 0 0.6000000000000001 2 3.2 6 0.2 0 0 0 0 0 0 0 0 0 0 0 0 0 0 0 0 3 0 2 3.4000000000000004 0 0 0 0 0 0 0 0 0 0 0 0 0 0 0 0 0.4 0 0 0 0 0 0 0 0 0 0 0.4 0 0 0 0 0 0 0 0 0 0 1.4000000000000001 0 2.6 0 0 11.8 0 0 1.4000000000000001 0 6.6000000000000005 1 5.2 3.2 5.800000000000001 4 3.4000000000000004 0 7.6000000000000005 4.800000000000001 2 2.6 0 0 0 0 0 0 3.4000000000000004 0 0.2 0.2 0 0 0 0 0 0 0 0 0 2.4000000000000004 0 0 0 0 0.4 0 0 0 0 0 0 0 0 0 0 0 0.4 0 0 0.4 0 0 0 0 0 0 2.8000000000000003 0 0 0 0 0 0 0 1.8 0 4 0 0 0 0 0 0 0 0 0.2 0.4 0.4 18.2 0.4 1.8 1.4000000000000001 0 0 0 0 0 0 0 0 0 0 3.4000000000000004 0 0 0 0 0 0 0 0 0 0 0 0 0 3.6 0 0 0 0 0 0 0 0 0 0 0 0 0.2 
 71.2 22 25.400000000000002 95.80000000000001 15.8 8.4 47.800000000000004 26.8 0 36.800000000000004 44.400000000000006 24.200000000000003 99 55.800000000000004 35.2 30.200000000000003 9.600000000000001 9.200000000000001 73.2 36.6 0 0.2 0 0 0 0.2 0 0 0.8 5.4 0 0.6000000000000001 0 0.4 0 0 0.8 9.200000000000001 0 0 6.800000000000001 13.200000000000001 13.200000000000001 0 0.2 0 0 0 0.2 0.4 0 0.4 0 0 0 0 0.2 0.6000000000000001 0 0 0 1.2000000000000002 0 0.2 0 0.6000000000000001 0 0 0 0.4 0.4 0 0 0 0 0.6000000000000001 0 0 0 0 5.6000000000000005 13 3.2 0.2 0.8 1.8 1.8 6.800000000000001 1.8 9.8 2.6 0 0 12.4 0 8.200000000000001 3.4000000000000004 0.4 3 10.600000000000001 0 0 0 0 0 0 0 0 0 0 0 0 0 0 0 0 0 0 3 4.2 0 0 0 0 0 0 0 0 0.2 0 0 0 0 0 0 0 0 0 0 1.8 0 2.8000000000000003 0 0 0 0 0 0 0 0 0 0 0 0 0 0 0 0 0 0 3.2 8 0 0.2 0 0 4.6000000000000005 7.6000000000000005 0 3.4000000000000004 0 2.6 3.6 3.4000000000000004 3.6 0 3.4000000000000004 1.8 0 0.2 0.2 0 0 0 0 0 0.2 0 0 0 0 0 0 0 0 0 0 0 0 7.800000000000001 0 2.6 0 0 0 0 0 0.2 0 0 0 0 0 0 0 0 0 0.4 0 0 0 0 0 0 0 0 3.4000000000000004 0 0.4 0 0 0 0 0 0 0 0 0 0 0 0 0 0 0 0 0.6000000000000001 0 0.4 19.200000000000003 0.2 0.4 3.2 3.8000000000000003 0 0 0 0 0 0 0 0 0 7.2 0 0 0 0 0 0 0 0 0 0 0 0 0 0 0.2 0 0 0 0 0 0 0 0 0 0 0 0 
 14 37 19.6 53.400000000000006 34.4 49.800000000000004 9.8 28 36.800000000000004 0 39.400000000000006 33.800000000000004 13.8 19.8 27.200000000000003 64.60000000000001 84.2 26.400000000000002 13.600000000000001 20.200000000000003 0 0.4 0 0 0.4 0 0 0 0.6000000000000001 0.4 0 0.6000000000000001 0 1.6 0 0.2 1.2000000000000002 0 15.8 0 0 0 0.4 0.6000000000000001 0 0 0 0 0.4 0.4 0 0.4 0.4 0 1.2000000000000002 0 12.600000000000001 0.6000000000000001 0 0 0 0 0 0 0 0.6000000000000001 0 0 0 0.4 0.6000000000000001 0 0 0 0 0.6000000000000001 0 9.8 0 7.4 0 2.2 3.2 1 6.800000000000001 2 0 3.2 1.2000000000000002 4.800000000000001 4.2 2.8000000000000003 0 3.4000000000000004 2 7 2 10.4 0 0 0 0 0 0 0 0 0 1 0.4 0 0 0.2 1.8 2.8000000000000003 0 2.4000000000000004 0.4 0 4.800000000000001 4.6000000000000005 0 0 0 0 0 0 0 0 0 0 0 0 0 0 0 0 0 0 0 0 0.2 0 0 0.2 0 1.4000000000000001 0 3.4000000000000004 0 0 6.2 0 0 0 0 1 0 0 0 0 0 0 17 0.6000000000000001 0 0 0 0 1.8 4 3 12.8 0 0 4.6000000000000005 2.2 3.6 2.4000000000000004 0 0 4.800000000000001 0 0 0 0.4 0 2.8000000000000003 0 0 4.2 0 0 0.2 0 0 0 0 0 0.2 1.8 0 0 0 0 0 0 1.2000000000000002 0 0 0 0 0 0 0 0 0 0 0 0 0 0 0 0 0 0 0 2.4000000000000004 0 0 0 0 0 0 0 0 0 0 0 0 0 0 4 0 0 0 0 18.2 0 10 36.4 3.2 1.8 0 0 0 0 0 0 0 0 0 0 0 0 0 0 0 0 0 0 0 0 0 0 0 4.2 3 0 0 0 0 0 0 0 0 0 0 0 0 0 
 23.8 21.400000000000002 27.8 37.800000000000004 36.6 17.2 6 50.400000000000006 44.400000000000006 39.400000000000006 0 31.6 4.6000000000000005 73 31.200000000000003 18.2 39.2 67 10.600000000000001 15.4 1.4000000000000001 0.6000000000000001 0 0 0.6000000000000001 0 0 0 0.6000000000000001 1 0 14.8 0.4 0.6000000000000001 0 0 1 0 15.200000000000001 0 0 0 0.4 0 0.6000000000000001 0 0 0 0.4 0.4 0 0.4 0 0 0 0 0.6000000000000001 1.2000000000000002 1.2000000000000002 0.8 0.2 0.6000000000000001 6.4 0.4 0 1 0.8 0.4 0.2 0.4 1.6 0.6000000000000001 0.6000000000000001 0 1.2000000000000002 0.6000000000000001 0.6000000000000001 0.4 0.2 0 3.6 0 0 0 5.800000000000001 2 1.8 0 0.2 4.4 4.6000000000000005 3.2 0 4 0 5 2 0 0 5.2 0 2 0 0 0 0 0.4 0 0 0 0 0 0 5.6000000000000005 0 0 0 0 0 0 0.2 0 0 0 0 0 0 0 0 0 0 0 0 0 0 0 0 0 0 0 0 0 0 0 0 0 0 0 0 0 0 0 0 0 0 0 0 0 0 4.4 1.2000000000000002 2.8000000000000003 7.2 8 2.2 1.6 2.6 2.8000000000000003 1.6 0 0 6 0 7.4 0 0 2 0 0 0 0.4 0 0 0 0 0.2 0 0 0 0.4 0 0 3.2 0 0 0 0 0 3.6 0 0.4 0 0 0 0 0 0 0 0 0 0 0 0 0 0 0 0 0 0 0 0 0 0 0 0 0 0 0 0 0.2 0 0 0.2 0 0 0 0 0 0 0 0 0 0 0 0 0 0 0 0.2 1 0.6000000000000001 3.6 0 0 0 0 0 0 0 0 0 0 0 0 0 0 0 0 0 0 0 0 0 0 0 6.800000000000001 0 3.8000000000000003 0 0 0 0 0 0 0 0 0 0 0 0 
 23.400000000000002 34.800000000000004 7.800000000000001 41.2 47.6 14.600000000000001 22.400000000000002 26.400000000000002 24.200000000000003 33.800000000000004 31.6 0 47.2 27 6.6000000000000005 12.600000000000001 72.2 18.400000000000002 6.4 5.6000000000000005 15.200000000000001 4.2 14.8 0 0 0 4.6000000000000005 0 0.6000000000000001 0.4 0.4 0.6000000000000001 0 0.4 4.800000000000001 0 0.4 0 31.400000000000002 15 0 0 0.4 0 0 0 0 1.2000000000000002 0.2 0.4 0 0.4 0.6000000000000001 0 0 0 0.4 0.8 0 0 0 0 0 0.2 0 0.6000000000000001 10.600000000000001 0 0 0.4 1 7.800000000000001 0 0 0 0.6000000000000001 0 0 0 0 0 4.2 2 2.6 2.4000000000000004 2 0 2.6 1.8 6.6000000000000005 3.6 0 1.4000000000000001 3 0 2.4000000000000004 1.4000000000000001 3.4000000000000004 0 9.8 2 0 0 0 0 0 0 0.8 0 0 0 0 5.4 0 0 2 0 0 4.800000000000001 10 0 0 0 0 0 0 0 0 0 0.4 0 0 0 0 0.2 0 0 0 0 0 0 0 0 1.8 0 3 1 1.2000000000000002 0 0 1 1.4000000000000001 0 0 0 2.2 0 0 0 0 0.4 0.2 2.6 0 3.2 0 0.2 0 3.6 0.4 3 8.200000000000001 0 2.6 0 0 0 2.6 0 0 3 6.6000000000000005 0 0.2 0 0 0.2 3.8000000000000003 0 0 0 0 1.6 0 0 0.2 0 0 2.4000000000000004 1 0 0 0 0 0 0 1 0 0 0 0 0 0 0 0 0 0 0 0 0 0 0 0 0 0 0 0.4 0 0 0 0 0 0 0 0 0 0 0 0.4 0.4 0 0 0 0 0 0.8 17.2 0 1.2000000000000002 17.400000000000002 0 2 0 0 0 0 0 0 0 2 0 0 0 0 0 0 0 0 0 0 0 0 0 0 0 0 0 0 0 0 0 0 0 0 0 0 0 0 0 0 
 8 69.60000000000001 15.8 33.6 15.4 12.8 18.8 23 99 13.8 4.6000000000000005 47.2 0 43.6 12.600000000000001 8.4 8.6 4.800000000000001 42.400000000000006 31.6 0 0.2 0 0 0 0 0 0 0.8 0.4 0 0.6000000000000001 0 0.4 0 0 1.2000000000000002 0 0 0 0 0 0.4 0 0 0 0 0 0 0.4 0 0.4 0 0 0 0 0 0.6000000000000001 0 0 0 0 0 0.4 0 0.6000000000000001 1 0 0 0.6000000000000001 0 0 0 0 0 0.6000000000000001 0 0 7.2 0 3 4.2 0 3.6 0 1.8 0 0 7.2 5.6000000000000005 5.2 0 0 3.2 2.2 0 0 0 6.2 3.4000000000000004 0 0 0 0 0 0 0 0 0 0 0 0 0 0 0 0 0 0 3.8000000000000003 0 0 0 0 0 0 0 0 0 0 0 0 0 0 1.8 0 0 0 0 0 0 0 0 0 0 0 0 0 0 0 0 0 0 0 0 0 0 0 0 0 0 0.2 0 0 0 0 0 0 3 0 0.2 0 0 0 0 0 2.4000000000000004 2 0.2 3.4000000000000004 0 0 0 0 0 0 0 0 0 0 0 0 0 0 0 0 0 0 0 0 0.2 0 0 0 0 0 0 0 0 0 0 0 0 0 0 0 0 0 0 0 0 0 0 0 0 0 0 2 0 0 0 0 0 6 0 0 0 0 0 0 0 0 0 0 0 0 0 0 0 0.6000000000000001 0 0 2.6 0 0 0 0 0 0 0 0 0 0 0 0 0 0 0 0 0 0 0 0 0 0 0 0 0 0 0 0 0 0 0 0 0 0 0 0 0 0 
 81 53.6 17.8 96.60000000000001 15.600000000000001 27.400000000000002 28.6 72 55.800000000000004 19.8 73 27 43.6 0 13 24.200000000000003 6.6000000000000005 11.200000000000001 14.4 81.80000000000001 0.2 0.4 0 0 0.2 0 0 14 0.8 0.4 0.2 1 0 0.6000000000000001 0.4 0 0.6000000000000001 0.4 0 0 0.4 14.4 0.4 0 0.2 0 0 0 0.4 0.4 6.4 0.6000000000000001 0 12.600000000000001 0 0 0.4 0.6000000000000001 0.4 0.4 0 0 0 0.4 0 0.6000000000000001 0 0 0.2 0.4 0.6000000000000001 0 0 0 0 0.6000000000000001 0 0.4 0 0 5 10.600000000000001 8.4 7.6000000000000005 0 5.4 0.2 0 4 9.600000000000001 3 0 0 2.6 0 2.8000000000000003 1.8 3.8000000000000003 3 5.800000000000001 0 0 0 0.2 0 0 0 0 0 0.2 0 0 0 0 0 0 0 0 4.4 0.6000000000000001 0 0 0 0 0 0 0 0 0 0 0 0 0 0 0 0 0 0 0 0 0 0 0.2 0 0 0 0 0 0.2 0 0 0 0 0 0 0 0 0 0 0 0 2.6 0 0.2 0 0 2 7 2.4000000000000004 0.2 3.2 0 0.2 11.200000000000001 0 0 4.2 0 0.2 0 0 0 0 0 0 0 0 0 0 0 0 0 0 0 0 0 3 0 0 0.4 0 0 0.4 0 0 0 0 0 0 0.2 0 0 0 0 3.6 0.4 0 0 0 0 0 0 0 0 0 0 0.2 0 0 0 0 0 0 0 0 0 0 0 0 0 0 0 0 0 0 0.2 0 0 0.2 0 0.4 3 0 0 0 0 0.2 0 0 0.4 0 0 4.6000000000000005 0 0 0 0 0 0 0 0 0 0 0 0 0 0 1.2000000000000002 0 0 0 0 0 0 0 0 0 0 0 0 
 32.2 7.2 8.8 63.2 15.4 61.800000000000004 61.2 14.200000000000001 35.2 27.200000000000003 31.200000000000003 6.6000000000000005 12.600000000000001 13 0 40.6 5.800000000000001 25.6 9.8 24.6 0 0.2 0.2 0.4 0 0 0 0 0.6000000000000001 0.4 0 0.6000000000000001 0 0.4 1.4000000000000001 0 0.4 0.6000000000000001 0 0 0 0 0.4 0 0 0 0 0 0.2 0.4 0 0.8 0 0 0 0 0 0.6000000000000001 0 0 0 0 0 0.2 6.800000000000001 0.6000000000000001 0 0 0 0.4 0.2 0 0 0.4 1.2000000000000002 0.6000000000000001 0 0 0 0 2.4000000000000004 0.6000000000000001 4.6000000000000005 0.4 3 3.4000000000000004 2.2 3.4000000000000004 0 0.6000000000000001 2.8000000000000003 5.800000000000001 0 10.200000000000001 2.6 2.6 1.2000000000000002 18.8 0 3.8000000000000003 0 0 0 0 0 0.4 0 0 0 0 0 0 0 2.2 0 0 0 0 2 0 0 0 0 0 0 0 0 0 0 0 0 0 0 0.2 0 0 0 0 0 2.6 0 0 0 0 0 0 0 0 0 0 0 0 0 0 0 0 0 0 0 0 9.4 3 4.800000000000001 10.200000000000001 0 0 0 0.2 3.8000000000000003 0 6 5.2 0 0.4 2 4 2 0 0 0.6000000000000001 0 0 0 0 0 0 0 0 0 0 0 0 0 0 0 0 0 0 0.6000000000000001 0 0 4.4 0 0 0 0 0 0.4 0 0 0 0 0 0 0 0 2 0 0 0 0 0 0 0 0 0 0 0 0 0 0 0 0 0 0 0 0 0 0 0 0 0.8 0 0 0 0.2 0.2 0.4 0.4 17.8 0 1.6 0 0 0 0 0 0 0 0 0 0 0 0 0 0 0 0 0 0.2 0 0 0 0 0 10.4 0 2.4000000000000004 0 0 0 0 0 0 0 0 0 0 0 0 
 60.6 27.200000000000003 69.8 52.2 32.800000000000004 55.6 8.8 46.2 30.200000000000003 64.60000000000001 18.2 12.600000000000001 8.4 24.200000000000003 40.6 0 24.6 26.400000000000002 5.2 14.4 0 0.4 0.4 0 0 0 0 0 0.6000000000000001 0.4 0 0.6000000000000001 15 0.6000000000000001 0 0.4 0.4 0 31.200000000000003 29.400000000000002 0 0 0.4 0 0 0 0 0 0.4 0.4 0 0.4 4.2 0 2.4000000000000004 0 0 0.6000000000000001 0.6000000000000001 0 0 0 0 0 0 0.6000000000000001 0 0 0 0.4 0.4 0 0 0.4 0 0.6000000000000001 0.4 1 0 0 0 0 10.8 3.8000000000000003 4.4 6.800000000000001 0 0 2 13.200000000000001 0.4 6.6000000000000005 0 0 2.6 4 0 0.8 0 0 0 0 0 0 0 0 0 0 0.4 0 0 0 0 3.2 0 0 0 0 3.6 4 0 0 0 0 0 0 0 0 0 0 0 0 0 0.4 0 0 3 0 0 0 0.2 0 0 0 1.8 0 0 0 0 0 0 0 0 0 0 0 0 0 0 0 1.8 3.6 4 3 0.2 0 0 0 5 2.2 6.6000000000000005 5.800000000000001 0 5.800000000000001 3.2 3.2 3 0.8 0 0 0 0 0 0 0 0 4.2 0 0 0 0 0.4 2.2 0 0 0 0.2 0 0 3.4000000000000004 0 0 0 0 0 0 0.4 0 0 0 0 0 0 0 0 0 0 0 0 0 0 0 0 0 0 0 2.4000000000000004 0 0 0 0 0 0 0 0 0 0 0 0 0 0 2.4000000000000004 0 0 0 0 0 0.4 2.2 1 3.8000000000000003 1.4000000000000001 0 0 0 0 0 0 0 0 0 0 0 0 0 0 0.2 0 0 0 0 0 0 0 0 6.2 8.4 2.6 0 0 0 0 0 0 0 0 0 0 0 2.2 
 7.6000000000000005 36.6 48.400000000000006 16.6 37.6 99.2 5.800000000000001 53.400000000000006 9.600000000000001 84.2 39.2 72.2 8.6 6.6000000000000005 5.800000000000001 24.6 0 42 10.8 7 0 0.4 0.4 0 0 0 0 0 0.6000000000000001 0.4 0 1.2000000000000002 12.4 0.4 15.4 0 0.4 0 30 0 0.6000000000000001 0 1 0 0 0 0.6000000000000001 0.6000000000000001 0.4 0.4 0 0.4 0 0 0 0 11.200000000000001 1.2000000000000002 0 0 0 0.4 0 0 0 1 1.2000000000000002 0.2 0 0.4 2 0.2 8.4 0 1.2000000000000002 0.6000000000000001 0 0.6000000000000001 0.8 0 0 3.2 0.2 4.2 13.200000000000001 6.2 0.6000000000000001 5 5.2 0.2 8 5.800000000000001 0 0.2 0 4.2 2 8 0 0.2 0 2.2 0 0.4 0 0 0 0 0 0 0 0 1.2000000000000002 1.8 0.4 0 0 0 6.4 0 0 0 0 0 0 0 0 0 0 0 0 0 0 0 0 0 0 0 0 0 0 0 0.4 0 0 1.4000000000000001 0 0 0.2 0 0 0 0.2 0 0 0 0 0 0 0 0 0 0.2 7.4 6.6000000000000005 2.8000000000000003 0 0 10 4.6000000000000005 0 0 0 0 0 0 0 1.8 0 5.2 7 0 0 0 0 0 4.800000000000001 4 0 0.2 0 0 6.2 0 0 0 0 0 1.8 0 0 0 0 0 0 0 0 0 0 0 0 0 1 0 0 0.2 0 0 0 0 0 0 0 0 0 0 0 0 0 0 0 0 0 0 0 0 0 0 0 0 0 0 0 0 0 0.4 1.4000000000000001 0.2 0 18.8 0 0.4 0 0 0 0 0 0 0 0 0.2 0 0 0 0 0 0 0 0 0 0 0 0 0 0 0 0.2 0 0 0 0 0 0 0 0 0 0 0 0 0 
 24.400000000000002 10.200000000000001 28.6 46.2 11.4 51.400000000000006 14.8 15.600000000000001 9.200000000000001 26.400000000000002 67 18.400000000000002 4.800000000000001 11.200000000000001 25.6 26.400000000000002 42 0 4.800000000000001 7.800000000000001 0 0.6000000000000001 0.4 0 0 0 0 14.8 0.6000000000000001 42 0 0.6000000000000001 0 0.4 0 0 0.6000000000000001 0 0 0 0 1.6 0.4 0 0.8 0 0 0 0.2 0.4 0 0.4 0 0 0 0 6 0.6000000000000001 0 0 0 0 0 0.2 0 0.6000000000000001 0 0 0 0.4 0.2 0 0 0 0 0.6000000000000001 0 0 0 0 0 1.8 0 2 3.2 2.8000000000000003 0.6000000000000001 3.6 4.4 0.6000000000000001 6 3.4000000000000004 5 3.2 0.2 2.2 4 3.8000000000000003 2.8000000000000003 2.4000000000000004 1.8 3.8000000000000003 0 0 0 0 2.4000000000000004 0 0 0 0 0 0 5.4 0.6000000000000001 0 0 0 4 0 0 0 0 0 0 0 0 0 0 0 0 0 0 0 0 0 0 0 0 0 0 0 0 0 0 0.8 0 0 0 0 0 0 0 0 0 0 0 0 0 0 5 0 7.800000000000001 4.2 4.800000000000001 5.4 2 0 2.2 3 3.2 5.800000000000001 1.6 2 0 0 2 0 0 1.8 1.4000000000000001 0 0 0 0 0 0 0 1.2000000000000002 3.6 0 0 9.200000000000001 0 0 0 0 0 2.6 0.2 0 0 0 0 0 0 0.8 0 0 0 0 0 0 0 0 0 0 0 0 0 0 0 0 0 0 0 0 0 0 0 0 0 0 0 0 0 0 0 0 0 0 0 0 0 0 0 9.8 0 0.4 17.400000000000002 0 4.2 0.4 0 0 0 0 0 0 0 0 0 3.8000000000000003 0 0 0 0 0 0 0 0 0 0 0 0 4.4 0 0 0 0 0 0 0 0 0 0 0 0 0 0 
 23 27.400000000000002 9.4 15 15.4 6.800000000000001 40.400000000000006 47.400000000000006 73.2 13.600000000000001 10.600000000000001 6.4 42.400000000000006 14.4 9.8 5.2 10.8 4.800000000000001 0 80.80000000000001 0 0.2 0 0.2 0 16.2 0 0 0.6000000000000001 0.4 0 0.6000000000000001 0 0.4 0 0 0.4 0 0 0 0 0 0.4 0 0 0 0 0 0.8 0.4 0 0.4 0 0 0 0 0 0.6000000000000001 0 0 0 0 0 0 10.200000000000001 0.6000000000000001 0 0 0 0.4 0.4 0 0 0 0 0.6000000000000001 0 0.2 0 0 1.2000000000000002 3.8000000000000003 0 0 0 0 7 0 5.4 0 0 0 0 2.6 0.6000000000000001 0 0 0 10.200000000000001 2.6 0 0 0 0 0 0 0 0 0 0 0 0 0 0 0 0 0 0 0 0 0 0 0.4 0.4 0 0 0 0 0 0 0 0 0 0 0.4 0 0 0 0 0 0 0 0 0.2 0 0 0 0 0.2 0 0 0.2 0 0 0 0 0 0 0 0 0.4 0.4 0 0 0 0 0 4.800000000000001 0 0 0 0 2.8000000000000003 1.6 1.8 0.4 0 4.2 0.4 0 0 0 0 0.4 0 0 0 0 0 0 0 0 0.4 0 0 0 0 0 0.2 0 0 1.2000000000000002 0 0 0 0 0 0 0 0 0 0 0 0 0 0 0 0 0 0 3 0 0 0 0 0 0 0 0 0 0 0 0 0 0 0 0 0 0 0.4 0 0 0 0 0 0 0 0 0.2 0.2 0 1.4000000000000001 0 0 0 0 0 0 0 0 0 0 0 0 0 0 0 0 0 0 0 0 0 0 0 0 0 0.2 0 0 0 0 0 0 0 0.4 0 0 0 0 
 48.800000000000004 8.4 53.800000000000004 73.60000000000001 58.2 11.4 5.6000000000000005 57 36.6 20.200000000000003 15.4 5.6000000000000005 31.6 81.80000000000001 24.6 14.4 7 7.800000000000001 80.80000000000001 0 0 0.4 0 0 0 0 0 0 0.6000000000000001 0.4 0 0.6000000000000001 0 0.4 0 0 0.4 0 0 0 0 1 0.4 0 0.2 0 0 0 0.4 0.4 0 0.4 0 0 0 4.4 0 0.6000000000000001 0 0 0 0 0 0 0 0.6000000000000001 0 0 0 0.4 0.4 0 0 0 0 1 0 0 0 0 1.2000000000000002 5.2 4.6000000000000005 0.2 3.6 0 1.2000000000000002 3.4000000000000004 0 1.2000000000000002 2.6 6.4 0.4 0 2.2 2.2 4.6000000000000005 0 13 3.6 0 0 0 0 0 0 0 0 0 0 0 0 0 0 0 0 0 0 0 0 0 0 0 0 0 0 0 3.2 0 0 0 0 0 0 0 0 0 0 0 0 0 0 0 0 0 0 0.2 0 0 0 0 0 3.8000000000000003 0 0.2 0 0 0 0 0.2 0.2 10 0 0.2 0 0.2 3.4000000000000004 12.8 0 0 0 0 0.2 4.800000000000001 2.6 1.8 6 0 0 0 0 0 0 4.6000000000000005 0 0 0 0 0 0 0 0 0 0.2 0 0 0 0 0 0 0 0 0 0 0 0 0 0 0 0 0 0.4 0 0 0.4 0 0 0 0 0 0.4 0 0 0 0 0 0 0 0 0 0 0 0 0 0 0 0 0 0 0 0 0 0 0 0 0 0 0.6000000000000001 0 0 0 2.2 0 0 0.2 0 0 0 0 0 0 0 4.800000000000001 0 0 0 0 0 0 0 0 0 0 0 0 5.800000000000001 0 2.8000000000000003 0 0 0 0 0 0 0 0 0 0 0 0 
 0.2 0 0 0 0.2 0 0 0 0 0 1.4000000000000001 15.200000000000001 0 0.2 0 0 0 0 0 0 0 59.6 30.200000000000003 24.400000000000002 58.2 13.8 47.2 33 6.800000000000001 27.200000000000003 38.6 7 35 50.400000000000006 69.4 89.2 18.2 25.8 9 8.6 0 0 0 0 1 0.6000000000000001 0 1.6 6.4 1.6 0 0 0.2 0 0 0 0.2 0 0.6000000000000001 0 0 0.6000000000000001 0 0.4 0 0 0 0 0 0 0 0 0 9.8 0.6000000000000001 0 0.4 0 0 0 0 0 0 0 0 0 0 0 0 0 0 0 0 0 0 0 0 0 0 0 10.8 9.4 10.200000000000001 2.6 7.2 0.2 0.6000000000000001 11 0 2.2 2.4000000000000004 2.6 0 8.6 3.2 2 5 7.2 0 3.2 0 0 0 0 0 0 0 0 0 0 0 0 0 0 0 0 0 2 1.6 1.4000000000000001 0 0 0 1.2000000000000002 0 0.2 1 3.6 0 2.4000000000000004 0.6000000000000001 6.4 0 0.8 0 1 0 0 0 0 0 0 0 0 0 0.6000000000000001 0 0 0 0 0.4 0 0 0 0.2 0 1.2000000000000002 0 0 0 0 3.4000000000000004 4.4 12.8 1.4000000000000001 0 0 6.6000000000000005 3.4000000000000004 7 4.2 0 12.200000000000001 2.6 5.2 3.8000000000000003 10.8 0 0.6000000000000001 1.6 0 0 0.2 0 0 0 0.4 0 0 0 0 0 5.6000000000000005 0 0 0 0 0 0 0 0 0 0 0.2 0 0 0.4 0 0 0 0 0.2 0.2 0 0 0 0 0 0 0 0 0 0 0 0 0 0 0 0 0 0 0 0 0 1.8 0.4 0.4 0 0.8 0 0.4 0 0 0 0 0 0 0 0 0 0 0 0 0 0 0 0 0 0 9.600000000000001 0 0.6000000000000001 0 0 0 0 0 0 0 0 
 0.2 0.2 0.2 0.2 15 16.400000000000002 0.4 0 0.2 0.4 0.6000000000000001 4.2 0.2 0.4 0.2 0.4 0.4 0.6000000000000001 0.2 0.4 59.6 0 75.4 56 26.400000000000002 9.8 30.6 44.6 60.400000000000006 21.200000000000003 16.6 8.8 53.2 56.2 47.800000000000004 48.6 7.6000000000000005 28 24.6 16.2 0 0 0 0.4 0 0.6000000000000001 0 0.4 0 0.2 0 0 0.4 0 0 0 0.2 0 0 0 0.8 0.6000000000000001 1.4000000000000001 0 0 0 10.200000000000001 0 2.8000000000000003 0 0 0 0 0.2 0.6000000000000001 0 0.4 0 0 0 0 0 0 0 0 0 0 0 0 0 0 2.4000000000000004 0 2.2 0 0 0 0 0 0 8.200000000000001 7.4 7.4 0 0 0 5.4 5.6000000000000005 0 0.2 1.6 0 6.2 0 3.8000000000000003 2 3.2 3.2 1.6 3 0 0 0 0 0 0 0 0 0 0 0 0 0 0 0 0 0 0 0 0 0 0 0 1 0 0.2 1.2000000000000002 0.6000000000000001 0 0 1.2000000000000002 1.2000000000000002 0 0 0 0.8 0 0 0 0 0 0 2.6 0 4 2 0 0 0 0 0.4 3.6 0 0 0 0 0 0 0 0 0.2 8.200000000000001 0 1.4000000000000001 0 0 0.2 9.600000000000001 4 6.6000000000000005 1.4000000000000001 4.4 0.4 5.800000000000001 3.6 3.2 0 7.4 1.8 2.6 0 0 0.2 0 0 0 0.8 0 0 0 0 0 0 0.4 0 0 0 0 0 0 0 0 0 0.2 0 0 0.4 0 0 0 0 0 0.2 0 0 0 0 0 0 4.2 0 0 0 0 0 0.4 14.600000000000001 0 0 0 0 0 0 0 0.8 0 0 0 2.8000000000000003 0 0.4 0 0 0 0 0.4 0 0 0 0 0 0 0 0 0 0 0 0 0 0 0 0 0 0 0 0 0.2 0 0 0 
 0.6000000000000001 1 0 0.8 15.200000000000001 0 0 0 0 0 0 14.8 0 0 0.2 0.4 0.4 0.4 0 0 30.200000000000003 75.4 0 46 23 7.2 30.6 17.2 78 41.2 54.400000000000006 25.8 16.2 30 70.4 68.60000000000001 45.6 10.4 13.8 6 0 0 0 0 41.400000000000006 0.8 1.2000000000000002 0.2 0 0.8 0 0 0.2 0 0 0 0.8 0 0 13 0 0.6000000000000001 0 0 0 0 0 0.4 0 0 0 0 0 0 0.6000000000000001 0 0.4 0 0 0 0 0 0 0 0 0 0 0 1 0 0 0 0 0 0 0 0 0 0 0 2.2 0 0 1.8 0 2 0 1.8 18.6 5.800000000000001 4.4 5.4 0 0 0 9.600000000000001 0 0 0 5 3.8000000000000003 0 0 0 0 0.4 0 2 0 0 0 0 0 0 0.4 0 0 0 4.2 3 0 0 0 0.6000000000000001 0 0 0.2 0.2 0 0 0.2 0.8 0 0.4 0 0 0 0 0 0 0 0 0 0 0.8 0 0 0 0 0 0 1 0 0.4 1.8 0 1.2000000000000002 5 0 0 3 1.8 0 3.2 3.6 0 4.2 0 2.6 0 4.2 0 6.800000000000001 3 0 3.2 2.2 0 2.2 1.2000000000000002 0 0.2 0 0 0 0 9.600000000000001 0 0 0 0 0 1.6 0 9.8 0 2 0 0 4.2 0 0 0 0 0 0 0 0 0 0 0 0 0 0 0 0 0 0 0 0 0 0 1.8 0 0 0 0 0 0 0 0 0 0 0 3.2 0.4 0 31.8 16.400000000000002 0.4 0 0.2 0 0 0 0 1.6 0 0 0 0 0 0 0 0 0 0 0 0 0 0 0 0 0 0 0.2 0 0 0 0 
 0 0 0 0 0.2 0 0 0.4 0 0 0 0 0 0 0.4 0 0 0 0.2 0 24.400000000000002 56 46 0 83 20.8 76.4 27 45.400000000000006 47 27 39.2 13.600000000000001 32.6 11.8 39.400000000000006 73 107.4 10.4 10.8 0 0 0.4 0 0 13.8 13.4 0.4 0.2 0 0.4 0 1.4000000000000001 0.6000000000000001 0.4 0.2 0 0 0 0.2 0 1 0.8 0 0 0 0.4 0 1.8 0 0 0 0 0 0.6000000000000001 0.4 0.4 0 0 0 0 0 0.2 0 0 0 3.8000000000000003 0 0 0 0 0 0 0 0 0 0 0.4 0 0 4 2.4000000000000004 2.2 0 6.4 0 3.2 0.6000000000000001 20 8.6 3.6 0 3 0 7.4 2.4000000000000004 0 0.2 0 0 0 0 0 0 0 0 0 0 0 0 0 0.2 0 0.4 2.8000000000000003 0 3 0 7.4 2.8000000000000003 0 0 1.6 0 0 0 0 0 1.4000000000000001 0 0 0 0 0 0 0 0 0 0 0 0 0 0 0 0.6000000000000001 0 0 0 0 0 0 0.2 0 0 0 0 0 0 0 0 9.4 2 0 0 2.2 5.4 2 3.6 0.2 4.4 3.2 8.200000000000001 0 3.6 0 2.6 3 4 0 1.4000000000000001 0 2.6 0 0 0 0 0.2 3.6 4.4 0 0 0 1.8 0 1.4000000000000001 0 0 0 4.4 4.2 0 0.2 0 0 0 0 0 0 0.4 0 0 0 0 0 0 0 0 0.4 0 0 0 0 0 0 0 0 6.2 0 0 0 0 0 0 0 2.4000000000000004 0 0.2 16.8 23 0 0.4 3.4000000000000004 0 0 0 0 0 0 0 0 0 0 0 0 0 0 0 0 0 0 0 1.4000000000000001 0 0 0 0 2.8000000000000003 0 0 0 
 0.6000000000000001 0 0 0 0 0 1 0 0 0.4 0.6000000000000001 0 0 0.2 0 0 0 0 0 0 58.2 26.400000000000002 23 83 0 58.400000000000006 20.6 17.6 22 30.200000000000003 101 15.200000000000001 16.6 10.8 71 24.8 44.2 59 15.200000000000001 10.600000000000001 0 0 0 0 0 0.6000000000000001 15 0.4 12.4 0 0 0.4 13 15 0.2 0 0.8 0.2 0.6000000000000001 0.2 0 0.4 0 0 0.6000000000000001 0 0 0.6000000000000001 0 0 0 0 0 4.800000000000001 0.6000000000000001 0 0.4 0 0.6000000000000001 0 0 0 0 0 0 0 0 0 0 0 0 0 0 0 0 0 0 0 0 0 7 4 4.4 0 1.4000000000000001 1.6 0 0 0 0 0.4 9.200000000000001 0 0 5.6000000000000005 0 1.2000000000000002 2.6 0 0 4.6000000000000005 0 2 0 0 0 1.8 2.4000000000000004 3.4000000000000004 0 0.2 0.2 0 2.6 2.4000000000000004 1.4000000000000001 5 0 3 3.4000000000000004 0 0 0 0 0 0 0 0 0 0 0 0 0 0 0 0 0 0 0.6000000000000001 0.4 0 0 0 0 0 0 2.4000000000000004 0 0 0 0 0 0 0 0 0 0.2 0 0 0 0 6.6000000000000005 0 0 0 7.800000000000001 0 4 0 2 2.2 2.2 0 0 4.4 0 0 0 0 0 8 7.800000000000001 0 0 0 0 0 4.2 2.2 0 2.8000000000000003 0 14.200000000000001 0.2 4.6000000000000005 2 0.4 1.4000000000000001 9.600000000000001 6.2 0 0 0 0 0 0 0 0 0 0 0 0 0 0 0 0 0 0 0 0 0 0 0 0 0 0 0 0 0 3.6 0 0 0 0 0.2 0.2 0.4 7.6000000000000005 7.800000000000001 0.4 1.4000000000000001 0 0 0 0 0 0 0 0 0 0 0 0 0 2.2 0 0 0 0 0 0 0 0 0 0 0 0 0 0 0 
 0 0 0 0 0 0.4 0 0.4 0.2 0 0 0 0 0 0 0 0 0 16.2 0 13.8 9.8 7.2 20.8 58.400000000000006 0 21 50.2 30 28.6 57.6 25.6 8.8 6.800000000000001 9.600000000000001 37.4 57.400000000000006 12.600000000000001 50.800000000000004 9.4 0 12.600000000000001 0.2 0 0 0.6000000000000001 0.8 0 27 1.2000000000000002 0 0 15 0.2 12.4 12.600000000000001 12.4 10.8 18.6 12.8 0 0.6000000000000001 0 0 0 0 0 0 0 0 0 0 0.6000000000000001 0 0.6000000000000001 0 0.6000000000000001 0 0 0 0 0 0 0 0.2 0 3.4000000000000004 0.2 0.2 0 0 0 0 0 0.2 0 4 0 0 0 6.800000000000001 0 2.4000000000000004 0 7.800000000000001 0 0 0 1.6 0 2 0 0 0 3.2 4.2 3.6 1.6 0 0 2.6 0 4 2.6 0 0 1.4000000000000001 4.2 0 0 0 2 0 3 11.4 5 3.2 0 7 7.800000000000001 1.8 0 0 0 0 0 0 0 0 0.4 0.2 0 0 0 0 0 0 0.6000000000000001 0 1.2000000000000002 0 0 0 0 0 0 0 0 0 0 0 0 0 0 0 0 0 0 0 0 2.2 0 10.8 2.4000000000000004 3.8000000000000003 4.6000000000000005 0 0 3.6 2.8000000000000003 2.2 2.6 0 0 4.6000000000000005 3.6 2.4000000000000004 1.8 0 0.2 3.2 1.6 3.6 0 0 0 0.2 2.8000000000000003 0.2 0 1.8 5.800000000000001 2.4000000000000004 3.8000000000000003 6.4 1.6 2 0 0 7 0 0 0 0 0 0 0 0 0 0 0 0 2.6 0 0 0 0 0 0 0 0 0 0 0 0 0 0 0 0 0 0 0 0 0 1 1 0 0.2 14.600000000000001 1.2000000000000002 2 0.2 0 0 0 0 0 0 0 0 0 0 0 0 0 0 0 0 0 0 0 0 0 0 0 0 0 0 0 0 
 0.6000000000000001 0 0 0 14.8 0.2 0 0 0 0 0 4.6000000000000005 0 0 0 0 0 0 0 0 47.2 30.6 30.6 76.4 20.6 21 0 26 10.8 20.6 17 13.4 43.800000000000004 41 28 79.60000000000001 30.400000000000002 74.60000000000001 27 52.2 0 0 0 40.2 0 0.8 0 0.2 0 0 2.8000000000000003 0.4 0.2 0.2 0 0 0.2 0 0 0 0 0.6000000000000001 1 0 0 0 0 0 0.2 0 0 0 0 0 0.6000000000000001 1 0.4 0.2 0 0 0 0 0 0 0 0 0 0 0 0.2 0 0 0 0 0 0 0 0 0 0 8.4 3 4.4 0 0 0 2 0.4 0 1.6 0.6000000000000001 0 3 0.2 5.4 14.600000000000001 0.2 4.4 0 3.2 0 0 0.4 0 0 0 0 0 0 0 0 0 0.2 0 0 0 0 0 0 3 0 0 0 1 0 0 3.6 1.2000000000000002 0 0 2 1.6 0 0 0 1.2000000000000002 0 0.4 0 0 0 0 2.6 0 0.6000000000000001 0 0 0 0 0 0 3.6 0 0 0 0 0 0 0 0.4 3.2 2.8000000000000003 0 2.8000000000000003 1 5.2 0.2 3 0.2 4.2 3.4000000000000004 1.8 0 6.6000000000000005 10.600000000000001 0 5.2 2.6 1.8 5.800000000000001 0 0 0 0 2.4000000000000004 0 3.2 13.200000000000001 0 0 0 0 0 0 0 0 0 0 0 0 0 0 0 0 0 0 0 0 0 0 0 0 0 0 0 0 0 0 0 0 0 0 0 0 0 0 0 0 0 0 0 0.2 0 0 1 0 0 0 0.8 0 0.2 0 0 0 0 0 0 0 0 0 0 0.2 0 0 0 0 0 0 0 3.8000000000000003 0 0 0 0.2 0 0 1.6 0 0 0 
 0 0 0 0 0 6.800000000000001 0 0 0 0 0 0 0 14 0 0 0 14.8 0 0 33 44.6 17.2 27 17.6 50.2 26 0 78 13.4 11.200000000000001 64.2 44.2 30.200000000000003 41.400000000000006 31.6 23.400000000000002 50 13.200000000000001 28.8 0 0 0 0 40.6 0.6000000000000001 0 0.4 0.4 0 0 0 0.4 0 0 0 0 0 0 0.6000000000000001 1.4000000000000001 0.6000000000000001 0 0 0 0 0 0 10.4 0 0 0 0 0 0.6000000000000001 0 0.4 0 0 0 0 0 0 0 3.6 0 0 0 0 0.2 0 6.800000000000001 0 0 0 0 0 0 0 0 3.8000000000000003 11.600000000000001 6.4 2.2 0 0 2 0.4 0 4.4 7.4 0 0 3.8000000000000003 10.4 0 5.4 2.8000000000000003 0 3.6 0 0 0 0 0 2.4000000000000004 0 0 0 0.4 0 0 0 0.4 0 0.4 0 0 2 0 0 0.4 0 0 0 0 0 0 0.8 0 0 0 0 0 0.4 0 0 0 0.4 0 0 0 0 0 0 1.8 0 0 0.2 0 0 0 0 0 0 0 0 0 0 0 0.4 5.800000000000001 5 0 0.2 0.2 7 8 8.4 10.8 0 5.800000000000001 4.800000000000001 0 6.800000000000001 3.4000000000000004 2.2 11 5.2 0 0 0.4 0 0 0 0 0 0 0 0 0 0 0 0 0 0 0 0 0 0 0 0 0 0 0 0 0 0 0 0 0 0 0 0 0 0 0 0 0 0 0 0 0 0 0 0 0 0 0 0 0 0 0 0 4.2 0 0.4 0 7.4 0.2 0.8 0.2 0 0 0 0 0 0.4 0 0 0 0 0 0 0 0 0 0 0 0 0 2.8000000000000003 0 0 0 0 0 0 0 0 
 0.6000000000000001 0.6000000000000001 0.6000000000000001 0.6000000000000001 2 0.6000000000000001 2.2 0.6000000000000001 0.8 0.6000000000000001 0.6000000000000001 0.6000000000000001 0.8 0.8 0.6000000000000001 0.6000000000000001 0.6000000000000001 0.6000000000000001 0.6000000000000001 0.6000000000000001 6.800000000000001 60.400000000000006 78 45.400000000000006 22 30 10.8 78 0 35.6 12.200000000000001 18.400000000000002 65 18.400000000000002 19.200000000000003 10.600000000000001 24.8 26.200000000000003 13.600000000000001 17.8 0 0 0 0.6000000000000001 0 0.8 13.8 0.4 0 0 0 0 0.4 0.4 0 0 0 0 0 11.200000000000001 0 0.6000000000000001 0 0 0 10 0 0 0 0 0 0 0 0 0.6000000000000001 0 0.4 0 0 0 0 0 0 0 0 0 0 0 0 0 0 0 0 0 0 0.2 1.2000000000000002 0 0 0 0 3.8000000000000003 13.8 1 3.8000000000000003 0 0 0 4 3.8000000000000003 6.2 6 0 4.6000000000000005 5.6000000000000005 5.800000000000001 0 5 0 2.4000000000000004 2.8000000000000003 0 0 0 0 0 0.2 0 0 0 0 0 1.8 0 0 0 0 0 7.2 7 0 0 0 0.2 0 0 0 0 1.2000000000000002 0 0 0 0 0 0 0 0 0 0 1 0.4 0 0 0 0.8 0 0 0 0 0 0 0 0 0 0 0 0 2 0 0 2.6 4.2 6.800000000000001 6.2 4.6000000000000005 6.4 2.4000000000000004 3.2 12.600000000000001 9.600000000000001 4 6 4.4 0.2 4.2 5.2 0 1 0 0 2 0.2 0 0 0 0 2.4000000000000004 0 0 0 0 0 0 0 2 0 0 0 0 2 0 0 0 0 0 0 0.2 0 0 0 0 0 0 0 0 0 0 0 0 0 0 0 0 0 0 0 0 0 0 0 0 0 0 0 1.2000000000000002 0 0 1.6 3.6 0.2 0.4 0.2 0 0 0 0 1 0 0 0 0 0 0 0 0 0 0 0 0 0 0 0.2 0 0 0 3.2 0 0 0 0 
 0.4 1.2000000000000002 0.4 0.4 0.6000000000000001 0.4 0.4 41.400000000000006 5.4 0.4 1 0.4 0.4 0.4 0.4 0.4 0.4 42 0.4 0.4 27.200000000000003 21.200000000000003 41.2 47 30.200000000000003 28.6 20.6 13.4 35.6 0 30 14.4 24.400000000000002 28.8 16.2 80.60000000000001 87.2 59 15.4 55.400000000000006 0 12.200000000000001 13 0.2 0 4.800000000000001 13.8 0.2 0 0 0 0 0.2 0.6000000000000001 0 0 0 0 0 53 0 0.4 0 0 0 0 0 0.8 0 0 0 0 0 0 0.6000000000000001 0 0.4 0 0 0 0 0 0 0 0 0 0 0 0 0 0 0 0 0 0 0 0 0 0 0 3.2 4.4 6 0 6.2 0 2 0 0.4 5.4 5.4 5 0 2.4000000000000004 4.4 0.2 3.2 2.2 0 2.4000000000000004 1.8 0 3 0 0 0 0 0 0 0 0 0 2 0 0 0 0 0 3.8000000000000003 4 0 0 0 0 0 0 0 0 1 0 0 0 0.2 0.2 0 0.4 0 0 0 0 0 0.4 0 0 4.800000000000001 0 0 0 0 0 0 0.4 0 0 0 0 0 0 0 0 1.2000000000000002 1.4000000000000001 3 3 0 0.2 1.2000000000000002 2.4000000000000004 6.4 7.6000000000000005 0 6.2 4.800000000000001 0.6000000000000001 4.6000000000000005 13.8 1.6 4.4 0 0 1.8 0 0 0 0 0 2.4000000000000004 3.2 0 0 0 0 4 0 3 0 0 0 2.2 0.2 0 0 0 0 0 0 0 0.4 0 0 0 0 0 0 0 0 0 0 0 0 0 0 1.6 0 0 0.4 0 0 0 0 0 0 0 0 0.6000000000000001 0.6000000000000001 0.4 0.6000000000000001 0.4 0.2 0.2 0.4 0 0 0 0 0 0 0 0 0 0 0 0 0 0 0 0 0 0 0 0.2 0 0 0 2 1.2000000000000002 0 0 0 
 0 0 0 0 0 0 0 0 0 0 0 0.4 0 0.2 0 0 0 0 0 0 38.6 16.6 54.400000000000006 27 101 57.6 17 11.200000000000001 12.200000000000001 30 0 103.60000000000001 21.400000000000002 9 29.6 71.2 30.8 24.6 54 6.6000000000000005 13.200000000000001 0 0.6000000000000001 0 0 0.6000000000000001 5.800000000000001 0.8 0 0 0 0 14.8 11.4 0 0 0.8 0 1.2000000000000002 0 0 0.6000000000000001 0 0 0 0.8 0.4 0.6000000000000001 0 2.2 0.6000000000000001 0 0 0 0.6000000000000001 0 0.4 0 0 1 0.4 0 0 0 0 0 0 0 2 0 0 0 0 0 0 0 0 0 0 0 0.6000000000000001 4 3.2 4 1.4000000000000001 8 0 4.6000000000000005 0 3 0 6.2 0 0 4.4 2.6 0.2 2.2 0 0 2 0 4 2 0 0 2.2 2.2 2.8000000000000003 0 0 0 2.4000000000000004 0.2 0 1.4000000000000001 0 0 0 0 0.2 0 0 0 0 0 0 0 0 0 0 0 0 0 8.8 0 0 1 1 0.2 0 5.6000000000000005 0 0 0 0 0 0 0 0.4 0 0 0.4 0 0 0 0 0 0 0 0.2 4 2.6 3 5.800000000000001 1.8 0 4.2 0 2.4000000000000004 4.6000000000000005 0.2 0 2.6 5.800000000000001 0 1.4000000000000001 0 0 0 3.2 1.6 0 0 0 0 0 2.8000000000000003 0 0 0 0 3.2 3.2 0 1.2000000000000002 2 2 5.800000000000001 4.6000000000000005 0 0 0 0 0.2 0 0 0 0 0 0 0 0 0 0 0 3.6 0 0 3 0 0 0 0 0 0 0 0 0 0.2 0 0 0 0 0 0.4 0.2 16.8 8.6 0.6000000000000001 0.4 0.4 0 0 0 0 0 0 0 0 0 0 0 0 0 0 0 0 0 0.4 0 0 0 0 0 0 0 0 0 0 
 1.2000000000000002 1 0.6000000000000001 0.6000000000000001 0.6000000000000001 0.6000000000000001 0.8 0.6000000000000001 0.6000000000000001 0.6000000000000001 14.8 0.6000000000000001 0.6000000000000001 1 0.6000000000000001 0.6000000000000001 1.2000000000000002 0.6000000000000001 0.6000000000000001 0.6000000000000001 7 8.8 25.8 39.2 15.200000000000001 25.6 13.4 64.2 18.400000000000002 14.4 103.60000000000001 0 7 49.2 91 49.800000000000004 36.4 16 5.800000000000001 15.600000000000001 0 0 1.8 0 0 0.6000000000000001 0 0.2 12.600000000000001 0.2 0.4 0 13.200000000000001 0.2 0 0 0 0 0 0 0 0.6000000000000001 4.800000000000001 0 0 0 0 0 0 0 0 0 0 0 0.6000000000000001 0 0.4 0 0 0 0 0 0 0 0 0 3 0 0 0 0 0 0 0 0 0 0 0 0 0 0 1.6 6.6000000000000005 8.4 0.2 0.2 0 0 0 2 2.8000000000000003 2.6 0 2.2 5 3.2 0 1.6 0.4 0 4.2 0.2 0 0.2 1.6 0 0.2 0.2 0 0 0 5.2 3.2 12.4 3.4000000000000004 0 3 0 6 3.8000000000000003 0 0 0 0.2 0 0.4 0 0 1.2000000000000002 0 0 0 0 0.4 0 0 0 0 0 0 0 0 0 2.6 0 0 1.8 0 0 0.8 0.2 0 0 0 0.2 0 0 0 0 0 4.4 4 5.4 2.6 3.8000000000000003 5.2 3.2 0 3.6 1.4000000000000001 1 8 0 2.6 9.200000000000001 0.2 0 3.6 0.2 2.4000000000000004 0 4.4 0.8 0 0 0 2.6 0.4 2.2 0 1.8 0 3.8000000000000003 0 2.2 0 0 0 2 3.2 0 0 0 0 0 0 0 0 0 0 0 0 0.2 0 0 0 0 0 0 0 0 0 0 0 0 0 0 0 0 0 0 0 0 0 1.8 0 0.4 0 0 0.6000000000000001 1 0.6000000000000001 0 0 0 0 2 0 0 0 0 0 0 0 0 0 0 0 0 0 0 0 0 0 3 0 0 0 0 0 
