 0 45.2 28.6 72.60000000000001 49 36 13.8 118.80000000000001 70.8 38.6 19.200000000000003 48.800000000000004 46.6 24 61.800000000000004 45.2 69.8 5.6000000000000005 12 6.6000000000000005 0 0.2 0 0 0 0.8 0 0 0 0 0 0.4 0.2 0 0 0 0.4 0 14.8 0.4 0 0.6000000000000001 0 0 0.6000000000000001 0 0.6000000000000001 10.8 0 0.4 0 0 0 0 0 0 0 0.4 0 0 0.4 0 0 0 0 0 0 0.4 0 0 0 0.8 0 2 0 0 0 0.2 0 0.6000000000000001 0.2 0.8 1 1.4000000000000001 4.4 3.2 0.4 1.6 1.8 0 2 1.6 0 6.800000000000001 3 10 7.6000000000000005 8.4 0 4 0 0 0 0 0 0 0 0 0 0 0 0 0 0 0 0 0.2 0 0 0 0 0 0 0 0 0 0 0 0 0 0 0 0 0 0 0.2 0 0 0 0 0 0 0 0 0 0 0 0 0 0 0.4 0 0.4 0 0 0 0 0 0 0 0.4 4.2 6 6.6000000000000005 4.2 3.2 0 0 6.6000000000000005 0.2 2.8000000000000003 4.4 0 0 3.6 1 5.800000000000001 2.8000000000000003 0 0 3.2 0 0 0 0 0 0 0 0 0.2 0 0 4.4 0 0 0 0 0 3 2 0 0 0 0.2 0 0 0 0 0 0 0 0 0 0 0 0 0 0 3.2 0 0 0 0 0 0 0 0 0 0 0 0.4 0 0 0 0 0 0 0.2 0.4 0 0 0 0 0 0 0.2 0 0.4 0.2 0 2.6 3.6 0 0 0 0 0 0 0 0 0 0 0 0 0 0 0 0 0 0 0 0 0 0 0 1.2000000000000002 3.4000000000000004 0 0 0 0 0 0 0 0 0 0 0 0 0 
 45.2 0 17.400000000000002 33.800000000000004 23.6 20.200000000000003 81.60000000000001 23.6 30.400000000000002 17.400000000000002 8.6 7.4 33 72.60000000000001 24.400000000000002 45 28.400000000000002 41.800000000000004 67 61.6 0 0 0.6000000000000001 0 0.2 0.6000000000000001 0.6000000000000001 0 0.2 0 0.2 0.2 0.4 0 0.4 0 0.4 0.4 15 0.4 0.4 0.6000000000000001 0.4 0.4 1.2000000000000002 0 0.6000000000000001 0.6000000000000001 0 0.4 0 0 0.4 0 0 0 0 0.4 0.2 0 0.4 9.4 0.4 0 0.4 0.6000000000000001 0.6000000000000001 0.4 1 0 0.6000000000000001 1 0.4 0 0 0 0 0.6000000000000001 0 0.8 1.2000000000000002 5.6000000000000005 2.6 0.4 1.8 0 1.8 0 6.6000000000000005 0 2.4000000000000004 0.2 0.2 2.2 2.2 11.4 0 3.6 0 5.6000000000000005 0 0 0 0 0 0 0 0 0 0 0 0 0.4 0 2 0 0 0 3.4000000000000004 0 0.2 0 0 0 0.2 0 0 0 0 0 0 0 0 0 0 0 0 0 0 0 0 0 0 0 0 0 0 0 0 0.2 0 0 0 0.8 0 0 0 0 1.6 0 0 2 2 4 1.6 10 0 1.8 3.2 0.6000000000000001 4.2 5.800000000000001 2.6 6 4.4 4.6000000000000005 1.8 0.2 1.4000000000000001 2.6 0 0 0 0 0 0 2 0 0 0.2 0 0 4.2 0 0 0 0 0 2.8000000000000003 2 0 0 0 0 0 0 0 0 0 0 0 0 0 2.2 0.2 0 0 0 0 0 0 0.2 0 0 0 0 0 0 0 0 0 0 0 0 0 2.6 0 0 0 0 0 2.6 0 0 0 0.4 26.200000000000003 0 0.6000000000000001 0.6000000000000001 1.8 3.6 1.6 0 0 0 0 0 0 0 0 0 0 0 0 0.2 0 0 0 0 0 0 0 0 0 0 3.8000000000000003 0 0 0 0 0 0 0 0 0 0 0 0 0.4 
 28.6 17.400000000000002 0 26.200000000000003 26.6 22.400000000000002 53.6 25.200000000000003 24.8 34 111.80000000000001 7.4 11.8 9.4 6.2 29.400000000000002 10.200000000000001 26.200000000000003 26.6 7 0.2 0 0 0 0 0.6000000000000001 15 0.4 0 6.800000000000001 0 0 15.4 0 0 0 0 0 12.600000000000001 0 0 0.6000000000000001 0 0 0.6000000000000001 0 0 0.4 0 0.4 0 0 0 0 0 0 0 0.6000000000000001 0 0 0.4 0 0 0 0 0 0.6000000000000001 0.4 0 0 0 1.4000000000000001 0 0 0 0 0.2 0 0 0.4 0.8 3.6 3 5 4 6.2 4.6000000000000005 0 0 0.4 8.200000000000001 2.2 2.2 2 0 2.4000000000000004 6.2 0 2 0 0.2 0.4 0 0 0 0 3.2 4.4 0.8 0 0 0 6 0 0 0.2 4.800000000000001 0 2.8000000000000003 0 0 0 0 0 0 0 0 0 0 0 0 0 0 0 0 0 0 0 0 0 0 0 0 0 0 0 0 0 0 0 0 0 2.4000000000000004 0 0 0 0 0 1 0 2.6 1.4000000000000001 1.2000000000000002 0 2.2 4.2 0 1.8 0 4 10.8 0 0 4.6000000000000005 0 4 2.4000000000000004 11.4 3.6 0 0 0 0 0 0 0 0 3.4000000000000004 0 4.2 0 0 3.8000000000000003 4.800000000000001 0 0 0 0 4 0 0 3.6 0 0 0 0 0 0 0 0 0 0 0 0 0.2 0 0 0 0 0 0.4 0 0 0 0 0 0 0 0 0.2 0 0 0 0.4 0 0 0 0 0 0 0 0.2 0 0 0 0.2 18.8 0 18 0 0.4 0.6000000000000001 0 0 0 0 0 0 0 0 0 0 2.2 0 0 0 0 0 0 0 0 0 0 0.6000000000000001 0 0.2 0 0 0 0 0 0 0 0 0 0 0 0 0 0 
 72.60000000000001 33.800000000000004 26.200000000000003 0 44.2 44.6 25.400000000000002 65.60000000000001 16.8 42.400000000000006 26.6 61 15 67.4 16 8.8 41.2 41.800000000000004 11.4 16.400000000000002 13 15.200000000000001 0.2 0 0 0.6000000000000001 15 0 0 0.2 0 0 0.2 15.4 15.600000000000001 0 0 0 15.4 14.8 0 0.6000000000000001 0 0 0.6000000000000001 0 0 0.6000000000000001 8.200000000000001 0.4 0 0 0 0 0 0 0 0.8 0 0 0.4 0 0 0 0 0 0 0.4 0 0 0 0.6000000000000001 1 0 0 0 0 0 0 0.6000000000000001 0 0 2.4000000000000004 0 7.4 4.2 0 0 5.4 2.4000000000000004 5.800000000000001 4 0 0 0 0.6000000000000001 3 2.4000000000000004 0 0 5.2 0.4 0 0 0 0 4.800000000000001 5.6000000000000005 0 0 0 0 9.600000000000001 0 3 1.8 2.8000000000000003 2.6 0 0 0 0 0 0 0 0 0 0 0 0 0 0 0 0.6000000000000001 0 0 0 0.4 0 0 0 0 2.6 0 0 0 0 0 0 0 0 6.6000000000000005 1.2000000000000002 0 0 0 0 0 0 0.2 0.2 2 0.8 0 3.2 4.800000000000001 0 1.8 0 3.8000000000000003 0 0 0 2.8000000000000003 4.4 3.8000000000000003 0 0 0.4 4.6000000000000005 1.2000000000000002 0 0 0 0 0.4 2.4000000000000004 1.6 0 0 0 0 7.2 2.4000000000000004 4.800000000000001 0.4 0 0 7.4 5.800000000000001 0 0 0 0 0.2 0 0 0 0 0 0.4 0 0 0 0 0 0 0 0 0 0 0 0 0 0 0 0.2 0 0 0 0 0 0 0 0 0 0 0 0 2.8000000000000003 0 2.6 0 0 0 0 11 0 1.2000000000000002 0 0 2.6 0 0 0 0 0 0 0 0 0 0 0 0 0 0 0 0 0 0 0 0 0 0 0 0 11 4.800000000000001 0 0 0 0 0 0 0 0 0 0 0 0 
 49 23.6 26.6 44.2 0 100.80000000000001 19.400000000000002 83.80000000000001 94.2 64.4 38.400000000000006 29 14.4 65.8 55.2 11.4 14.4 8 10.200000000000001 17.8 45.800000000000004 0.6000000000000001 14.8 0 0.6000000000000001 0.6000000000000001 15 0 17.2 0.6000000000000001 0 0 5.2 14.600000000000001 15.600000000000001 0.2 0.4 2 15 0.8 0 1.2000000000000002 0 0 0.6000000000000001 0 0 0.6000000000000001 0 14 1.8 0.4 0.6000000000000001 0.8 0 0.6000000000000001 0 0.4 1.4000000000000001 0.2 0.4 0.4 1 0 0 0 1.2000000000000002 1 0.2 0 0 0.4 0 0 1.4000000000000001 0 0 10.4 0 2.4000000000000004 0.2 0 0 0.2 3.6 2 0 0 0 1 0.2 7.6000000000000005 0 0.4 1.6 9.8 2.8000000000000003 2.4000000000000004 0 0 2 2 0 0 0 0 6.4 5.2 0.4 0 0 0 10.600000000000001 5 2.4000000000000004 2.4000000000000004 0 3 0.4 1.2000000000000002 0 0 0 0 0 0 0 0 0 0 0 0 0 0 0 0 0 0 0.2 0 0 0 0 0 0 0 0 0 0 0 0 0.6000000000000001 0.6000000000000001 0 0 0 0 0 1.6 0.2 0 1.8 0 0 0.2 3.8000000000000003 0 1.8 0.2 3.8000000000000003 0 0 0 2.4000000000000004 3 0 0 0 0 0 4 0 0 0 0 0 6.4 1.8 0 3.4000000000000004 0 0 2.8000000000000003 1.4000000000000001 3.6 5.6000000000000005 0 0 6.4 5 0 0 0 0 0 0 0 0 0 0 0 0 0 0 0 0 0 0 0 0 0 0 0 0 0 2.6 0 0 0 0 0 0 0 0 0 0 0 0 0 0 0 0 0 0 0 0.6000000000000001 0.2 0 0 0 0 3 0 0 0 0 0 0 0 0 0 0 0 0 0 0 0 0 0 0 0 0 0 0 0 0 0.6000000000000001 0 0 0 0 0 0 0 0 0 0 0 0 0 
 36 20.200000000000003 22.400000000000002 44.6 100.80000000000001 0 11.200000000000001 34.4 11.200000000000001 77.4 66.4 31.6 20.200000000000003 10.4 29 27.6 27.200000000000003 9.8 11.8 11.600000000000001 0 0 0.2 0 0.2 7.6000000000000005 14.8 0 0 0 0 42.400000000000006 0.2 6.2 15 0.2 0 0 40.6 6.6000000000000005 0 0.6000000000000001 0 0 2.2 0 0 0.4 0 0.4 0 0 0 0 3 0 0 0.4 0 0 0.4 0 0 0 0 0 0 0.4 0 0 0.4 0.6000000000000001 0 0 0 0 0 0 0 0.4 0 0 2 9 2.8000000000000003 0 0 0 0 5 0.8 6.4 0 0 0 4 0 2.6 0 0 2.2 0 0 0 0 0 1 0.8 0 0.4 0.2 0 5 0.2 0 0.2 5.6000000000000005 5.800000000000001 0 0 0 0 0 0 0 0 0 1.4000000000000001 0.4 0 0 0 0 0 0 0 0 0 0 0 0 0 0 0 0 0 0.8 0 0 0 0 3.4000000000000004 0 0 0 0 0 0 0 0.4 0 0 0.2 4.4 0 0 0 0 4.6000000000000005 7 0 5.800000000000001 0 0 4.6000000000000005 0 0 0 0 0 5.4 0 2.4000000000000004 0 0 0 0.8 6.800000000000001 0 0 0.4 0 0 0 0 0.2 0 0 5.4 1.8 0 0 0 0 0 0 0 0 0 0 0 0 0 0 0 0 0 0 0 0.4 0 0 0 0 0 0 0 0 0 0 0 0 0.4 0 0 0 0.4 0 0 0 0 0 2.4000000000000004 0 0 0.4 0.2 0 0.4 1.6 2 0.8 0 0 0 0 0 0 0 0 0 0 0 0 0 0 0 0 0 0 0 0 0 2.6 0 0 0 0 0 0 0 0 0 0 0 0 0 3 0 0 
 13.8 81.60000000000001 53.6 25.400000000000002 19.400000000000002 11.200000000000001 0 40.800000000000004 43 9 13 9.8 34.4 31 23.200000000000003 88 42.800000000000004 31.6 5.6000000000000005 12.600000000000001 0 0 0 0 0 0.6000000000000001 0 0 0.2 0 0.2 0 0 0 0.4 0 0 0 0 0 0 0.6000000000000001 0.4 0 0.6000000000000001 0 0 0.4 0 0.4 0 0 0 0 0 0 0 0.4 0 0 0.4 0 0 0 0 0 0 0.4 0 0 0 0.6000000000000001 0 0 0 1.2000000000000002 0 0 0 0.4 6.800000000000001 4.6000000000000005 7.4 2.8000000000000003 3.6 3.4000000000000004 1.2000000000000002 7 2 2 2 0 1.8 6.2 3.6 3.6 4 0.4 0 0 0 0 0 0 0 0.4 0 0 0 0 0 0 0 0 0 0 0 0 0 0 0 0 0 0 0 0 0 0 0 0 0.4 0 0 0 0 0 0 0 0 0 0 0 0 0 0 0 0 0 0 0 0 0 0 0.8 0 0 0 0 0.6000000000000001 0 3.2 1.2000000000000002 0 0.8 0 0 0 2 1.8 0.2 2.4000000000000004 2.8000000000000003 0 1.8 0 4.2 2.8000000000000003 3.6 4 0 0 0 0 0 0 0 0 0 0 0 0 0 0 0 0 0 0 0 0 0 0 1.2000000000000002 0 0 0 0 0 0 0 0 0 0 0 0 0 0 0 0 0 0 0 0 0 0 0 0 0 0 0 0 0 0 0 0 0 0 0 0 0 0 0 0 0 0 0 0 0.2 0 18 28.200000000000003 0 2.6 0 0 0 0 0 0 0 0 0 0 0 0 0 0 0 0 0 0 0 0 0 0 0 3.6 0 0 0 0 0 0 0 0 0 0 0 0 0 0 
 118.80000000000001 23.6 25.200000000000003 65.60000000000001 83.80000000000001 34.4 40.800000000000004 0 167.60000000000002 49.800000000000004 25 49 29.200000000000003 63.800000000000004 81.80000000000001 72.60000000000001 75 24.8 38.2 12 0 0 0.6000000000000001 0.2 0.2 0.6000000000000001 0 0.6000000000000001 0.4 0 0 0 0 0 0 0.2 0 0 5.2 0 0 0.6000000000000001 0.8 0 1.2000000000000002 0 0 0.6000000000000001 0 0.4 0 0 0 0 0 0 0.4 0.4 0 0 0.4 0 0 0 0 0 0 0.4 0 0 0 2 0 1.8 0 0 0 0 0 0.6000000000000001 0 3.4000000000000004 2.6 2 0 7.6000000000000005 5 2.4000000000000004 3 2 0 2.8000000000000003 0 2.4000000000000004 0 6 6.800000000000001 0.2 0.4 0.2 1.6 0 0 2.6 0 0 0 0.2 0 0 0 0 0.2 0 0 0 0.4 0 0.2 0 0.4 0 0 0 0.2 0 0 2.2 0 0 0 0 0 0 0 0 0 0 0 0 0 0 0 0 0 0 0 0 0 1 0 0 0 0 0 0 0 0 0 0 2.8000000000000003 0.2 3.6 2 0 2 0.2 3 6.6000000000000005 5.4 0 5.6000000000000005 0.6000000000000001 0 1.2000000000000002 2 4 10.200000000000001 0.2 0 0 0 0 0 0 0 0 4.2 0 2.6 0 0 0.2 0 0 0 0 0 0 0 0 0 0 0 0 0 0 0.4 0 0 0 0 0 0 0.4 0 0 0 0 0 2.2 0.4 0 0 0 0.2 0 0 0 0 0 0 0 0 0 0 0 0 0 0 0 0 0 0 0 0.4 0 0 0 0.8 2 2.2 0 0 0 0 0 0 0 0 0 0 0.2 0 0 0 0 0 0 0 0 0 0 0 0 4.800000000000001 0 0.4 0 0 0 0 0 0 0 0.4 0 0 0 0 
 70.8 30.400000000000002 24.8 16.8 94.2 11.200000000000001 43 167.60000000000002 0 33.4 7.4 21.8 54.2 31.6 71.8 26 10.4 4.2 14.8 56.2 0 1 0 0 0 0.6000000000000001 15 0 0.2 0 0 0 0 0 0 0 0 14.8 0.2 0.2 0 0.6000000000000001 0 0 1.2000000000000002 0 0 0.6000000000000001 0 0.4 0 1 0 0 0 0 0 0.4 0 0 0.4 0 0 0 0 0 0 0.4 0 0 0 10.8 0 0 0 0.4 0.2 0 0 0.6000000000000001 5.4 3.4000000000000004 6.800000000000001 3.4000000000000004 9.4 3.4000000000000004 3.8000000000000003 8.6 11.8 3 5.6000000000000005 2 0.2 2.4000000000000004 7 2.6 0 5.6000000000000005 0 4.800000000000001 0 0.4 0 0 0 0 0 0 0 0 2.8000000000000003 0 1.4000000000000001 0 0 0 0 0 2 0 0 0 0 0 0 0 0 0 0 0 0 0 0 0 0 0 0 0 0 0 0 0 0 0 0 0 0.6000000000000001 0 0 1.2000000000000002 0 0 0 0.2 0 0 0 0 1.2000000000000002 0 10 2.4000000000000004 0.4 0 0 0 7.2 8.200000000000001 1.8 3.8000000000000003 1.6 4.800000000000001 0 1.4000000000000001 0 1.8 0 4 8 0 2.6 0 0 0 0 0 0 0 0 0 0 0 2 0 0 0 0 0 0.8 0 0 0 0 0 0 0 0 0 0 0 0 0 0 0 0 0 0 0 0 0 0 2 0 0 0 0 0 0 0 0 0 0 0 0 0 0 0 0 0 0 0 0 0 0 0 5.800000000000001 0 0 18 11.8 0 0.4 0 0 0 0 0 0 0 0 0 0 0 0 0 12.8 0 0 0 0 0 0 0 0 0 0 2.2 0 0 0 0 0 0 0 0 0 0 0 0 0 
 38.6 17.400000000000002 34 42.400000000000006 64.4 77.4 9 49.800000000000004 33.4 0 61.6 25.200000000000003 28.6 60.800000000000004 21.400000000000002 19.6 30.8 26.8 12.600000000000001 14 0.4 0 0 0.2 0 0.6000000000000001 15.600000000000001 0 0 0 0 0 0 15 0.4 0 0.2 0.2 21.200000000000003 0 0 0.6000000000000001 0 0 0.6000000000000001 0 0 0.6000000000000001 0 0.4 0 0 0 0.4 0 0 0 0.4 0 0 0.6000000000000001 0 0 0.4 0.4 0 0.4 0.4 0 0 0 0.6000000000000001 0.2 0 0.2 0 0.2 0.6000000000000001 0 1 0 2.8000000000000003 0.4 1.2000000000000002 8.4 4.800000000000001 0 0.2 2.4000000000000004 2 3.6 6.6000000000000005 2.6 0 0 2.2 2.8000000000000003 4.4 2 0 0.2 0 0 0 0 0 2 2 0 0 0 0 5.800000000000001 4 0 0 0 0 2.4000000000000004 0 0 0 0 0 0 0 0 1.2000000000000002 0.4 0 0 0 0 0 0 0 0 0 0 0 0 0 0 0 0 0 0 0 0 0 0 1.2000000000000002 7.6000000000000005 0 0 0 0 0 3.6 0.2 2.8000000000000003 4.6000000000000005 1 2.2 4 0 0 0.2 0.2 2.8000000000000003 6.800000000000001 0 0 0 0 1.4000000000000001 5 2.4000000000000004 5.800000000000001 1.8 0 0 0 0 0 0 2 1.2000000000000002 0 0.2 0 0 2.6 3.2 0 0.2 0 0 5.6000000000000005 7.2 0 0 0 0 0 0 0 0 4.800000000000001 0 0 0 0 0 0 0 0 0 0 0.4 0 0 0 0 0 0 0 0 0 0 0 0 0 0 0 0 0 0 0 0 0 4 0 0 0 0.8 0.6000000000000001 0.4 0 0.6000000000000001 0 1.6 0 0 0 0 0 0 0 0.4 0 0 2.2 0 0 0 0 0 0 0 0 0 0.4 0 0 2 11.4 0 0 0 0 0 0 0 0 0 0 0 0 0 
 19.200000000000003 8.6 111.80000000000001 26.6 38.400000000000006 66.4 13 25 7.4 61.6 0 77.4 10.4 6.800000000000001 11.600000000000001 17 40.2 30 7.6000000000000005 9.8 0 0 0.2 0 0 0.6000000000000001 30.200000000000003 0 0 0.2 0 0 21.400000000000002 15.600000000000001 15.200000000000001 0.2 0 0 43.400000000000006 5.4 0 0.6000000000000001 0 0 2.4000000000000004 0 0 12.8 0 0.4 0 0 0 0 0 0 0 0.4 0 0 0.4 0 0 0 0 0 0 0.4 0.4 0 0 0.4 0 0 0 0 0 0 0 0.6000000000000001 0 0 8 8.200000000000001 1.8 1.8 0 0 0 2.8000000000000003 4.800000000000001 9 0 0 0 0 2.8000000000000003 2.2 0 0 10.8 0 0 0 0 0 6.800000000000001 2 0 0 0 0.2 9.4 0.2 2.6 1.8 6.2 0.4 0 1.6 0 0 0 0 0 0 0 1 0 0.4 0 0 0 0 0 0 0.4 0 0 0 0 0 0 0 9.8 0 0 0 0 0 0 0.6000000000000001 0.4 0 0 0 0 0 0 0.2 0.4 0 0.4 5.800000000000001 0 0 0 0 2.2 6 0 3.6 0 0 2 0 0 0 0 0 4.4 0 3 0 0 0 3.6 1.8 0 4.2 4.6000000000000005 0 2.2 1.2000000000000002 8.4 0 0.6000000000000001 0 3.8000000000000003 1.8 3.2 0 0 0 0.2 0 0 3.2 0 0.4 0.2 0 0 1.4000000000000001 0 0 0 0 0 0 0 0 0 0 0 0 0.2 0 0 0 0 0 0 0 3.2 0 0 0 0 0 0 0 0 0 0 0 0 0 0 0 0.4 2.2 0 0 0.4 0 0 0 0 0 0 0 0 0 0 0 0 0 0 0 0 0 0 0 0 0 0 0 0 0 0 0 0 0 0 0 0 0 0 0 
 48.800000000000004 7.4 7.4 61 29 31.6 9.8 49 21.8 25.200000000000003 77.4 0 3.8000000000000003 4.4 7.2 5.2 22.6 28.200000000000003 5.6000000000000005 5 15 5.800000000000001 0.2 0 0 0.6000000000000001 5.4 0 0 0 0 0 0.2 5.800000000000001 31.8 16 0 0.4 8.8 46.400000000000006 0 0.6000000000000001 0 0 1 0 0 0.6000000000000001 0 0.4 0 0 0 0 0 0 0 0.4 0 0 0.4 0 0 0 0 0 0 0.4 0 0 0 0.8 0 0 1.8 0 0 0 0 0.6000000000000001 0 0 3.8000000000000003 0 6 0.2 0 0 1.8 0 3.8000000000000003 2.8000000000000003 0 0 0 3.2 0 2.6 0 0 5 3.6 0 0 0 0 2.6 8 0 0.2 0 0 2.2 0.2 1.8 5.6000000000000005 2.8000000000000003 4.800000000000001 2 0 0 0 0 0 0 0 0 0 0 0 3.8000000000000003 0 0 0 0 0 0 0 0 0 0 0 0 0 0 0 0 0 0 0 0 1.4000000000000001 0 0 0 0 0 0 0 0.4 0 0 1.4000000000000001 0 0.2 0.2 0 0 0 3.6 0 0 0 0 0 0 0 0 0 0 1.8 4 0.2 0 0 0 0.2 2.2 0 0.2 0.2 0 0 0.2 3.8000000000000003 4.2 0 0 8.4 2 0 0 0 0 0 0 0 0 0 0 0 0 0 0 0 0 0 0 0 0 0 0 0 0 0 0 0 0 0 0 0 0 0 0 0 0 0 0 0 0 0 0 0 0 0 0.2 0 0.2 0.4 0 0.2 1.4000000000000001 0.4 0.4 0 0 0 0 0 0 0 0 0 0 0 0 0 0 0 0 0 0 0 0 0 0 3.2 0 0 0 0 0 0 0 0 0 0 0 0 0 
 46.6 33 11.8 15 14.4 20.200000000000003 34.4 29.200000000000003 54.2 28.6 10.4 3.8000000000000003 0 23.200000000000003 8.8 38.800000000000004 42.400000000000006 31.8 62.2 16.2 15.600000000000001 0.4 40.400000000000006 0 0 1 0.4 0.6000000000000001 0.2 0.4 0.6000000000000001 0 0 0 0 0 0.6000000000000001 0 0 0.8 0.6000000000000001 0.6000000000000001 13.200000000000001 0 0.6000000000000001 0 0 0.6000000000000001 0 1 0 0 0 0 0 0.4 0 0.4 0 0 0.4 0 0 0 0 0 0 0.4 0 0.6000000000000001 0 0.4 0 0 0 1.6 0 0 0 0.6000000000000001 8.4 7.2 2.6 0.8 1 3 5 5.6000000000000005 2.4000000000000004 7 0 1 0 1.6 6.6000000000000005 0 0 2.4000000000000004 3.6 4.6000000000000005 0 0 0 0.4 0.4 0 0 0.4 0 0 0 0 0 0 0 0 0 0 0.6000000000000001 0 0 0.4 0 0 0 0 0 0 0 0 0 0.2 0 0 0 0 0 2 0 0 0 0 0 0 0 0.4 0 0 0 0.6000000000000001 0 0 0 0 0 0 0 0 0 0 5.2 2.4000000000000004 2 4.4 2.4000000000000004 0 0 7.2 0 1.8 7.4 3 0.8 2.2 0 0 4.2 2.2 0 0 0 0 0 0 0 0 0 0 0 0 0 0 5.2 0 0 0 2.4000000000000004 0 0 0.4 0 0 0 0 0 0 0 0 0 5 0 0 0 0 0 0 0 0.2 0 0 0 0 0 0 0 0 0 0 0 2.8000000000000003 0 0 0 0 0 0 0 0 0 0 0 0 0 0 0 0.4 0 0 19.200000000000003 17.6 0 1.8 0 0 0 0 0 0 0 0 0 0 0 0 0 0 0 0 0 0 0 0 0 0 0 3 0 0 0 0 0 0 0 0 0 0 0 0 0 0 
 24 72.60000000000001 9.4 67.4 65.8 10.4 31 63.800000000000004 31.6 60.800000000000004 6.800000000000001 4.4 23.200000000000003 0 90.2 40.400000000000006 24.8 36.4 74.2 18.400000000000002 0 0 0 6.800000000000001 0 1 0.4 0 0.2 0.4 0 0.4 0 0 0 0.4 15 0.6000000000000001 0 0.4 0 0.6000000000000001 14.4 0 8 0 0 0.6000000000000001 0 0.4 0 0 0 0 0 0 0.6000000000000001 1 0 0 12.600000000000001 0 0 0 0 0 9 0.4 0 0 0 0.4 0 1.2000000000000002 0 0.2 0 0 0 0.6000000000000001 6.6000000000000005 6.800000000000001 2.8000000000000003 0 0 6 2 0.2 7.2 0 0 0 0 0 3.2 1.8 0 1.8 3.6 5.2 0 0.4 0 0.4 0 0 0 0.4 0 0 0 0 0 0.4 0 0 0 0 0 0 0 0.4 0 0 0 0 0 0 0 0 0 0.4 0 0 0 0 0 0 0 0 0 0 0 0 0 0.6000000000000001 0 0 0 0 0 0 0.8 0 0 0 0 0 0 0 0 2.8000000000000003 2.6 0.2 0 7 0 5.800000000000001 0 0 2.8000000000000003 0.2 0 4.800000000000001 6.6000000000000005 4.4 0 0.2 7 2.8000000000000003 0 0 0 0 0 0 0 0 0 0 0 0 4.2 0 0 0 0 0 0 0 0 0 0 0 3 0 0 0 0 0 0 0 0 0 0 0 0 0 0 0 0 0 0 0 0 0 3.2 0 0 0 0 0 0 0 0 0 0 0 0 0 0 2.6 0 0 0 1 10.600000000000001 0.2 18.6 0.4 0.2 1.4000000000000001 2.8000000000000003 0 0 0 0 0 0 0 0 0 0 0 0 0 0 0 0 0 0 0.4 0 0 0 0 0 0 0 0 0 0 0 0 0 0 0 0 0 0 
 61.800000000000004 24.400000000000002 6.2 16 55.2 29 23.200000000000003 81.80000000000001 71.8 21.400000000000002 11.600000000000001 7.2 8.8 90.2 0 41.6 50.2 4.800000000000001 35.800000000000004 14.200000000000001 0 0 0.2 0.6000000000000001 0 1.2000000000000002 0.4 0.2 0 9.200000000000001 0.6000000000000001 0.6000000000000001 0 0 0 0 0 0.2 15.4 0 0 0.6000000000000001 12.4 0.6000000000000001 0.6000000000000001 0 0.4 1.4000000000000001 0 0.4 0 0 0.6000000000000001 0 0 0 0.4 1.6 0.2 0 0.4 0.4 9 0 0 0 0.4 1.4000000000000001 0 0.6000000000000001 0 0.6000000000000001 0 0.8 6.6000000000000005 0.6000000000000001 0 0 0 0.6000000000000001 2 2.2 2.2 2 5 0 5 4 9.200000000000001 2.2 0 0 0 4.800000000000001 5.4 17.400000000000002 2.8000000000000003 4.800000000000001 1.8 5.800000000000001 0 0 0 0 0 0 0 0 0 0 0.6000000000000001 0 0 0 0 0 0 0 0 0 0 0 0 0 0 0 0 0 0 0 0.4 0 0 0 0 0 0 0 0 0 0 0 0 0 2.2 0 1.2000000000000002 0 0 0.2 0 0 0 0 0 0 0 0 0 0 3.8000000000000003 7.4 3.8000000000000003 0.2 0 3.8000000000000003 3.2 8.6 1.8 5.2 0 1.2000000000000002 0 2.4000000000000004 10.600000000000001 5.800000000000001 0 0.2 4.800000000000001 0 0 0 0 0 0 0 0 0 0 0 0 0 3 0 0 0 0 0 2.6 0 0 0 0 0 0 0 0 0 0 0 1.4000000000000001 0 0 0 0 0 0 0 0 0 0 0 0 0 0 0 0 0 0 0 0 0 0 0 0 0 0 0 0 0 0 0 0 0 0 0.6000000000000001 0.4 0 0.8 17.6 0.4 2 0.8 0 0 0 0 0 0 0 0 0 0 0 0 0 0 0 0 0 0 0 0 0 0 0 0 5.6000000000000005 0 0 0 0 0 0 0 0 0 0 0 0 
 45.2 45 29.400000000000002 8.8 11.4 27.6 88 72.60000000000001 26 19.6 17 5.2 38.800000000000004 40.400000000000006 41.6 0 112.4 60.400000000000006 27.6 29.400000000000002 0 0 0 0 0 0.6000000000000001 0 0.4 0 0.6000000000000001 0 0.4 0.2 0.2 0 0.4 0.8 0 5.2 0 0.4 0.6000000000000001 0.4 0 0.6000000000000001 0.4 0 0.6000000000000001 0.2 0.8 0 0.4 0 0 0.4 0.4 0.2 1 0.4 0 0.4 0 0.8 0 0 0.2 0 0.8 0.6000000000000001 0 0 0.4 0 0 0 1 0 0.4 0 1.6 6.800000000000001 7 3.6 0.2 0 0 2.2 3.8000000000000003 10.200000000000001 2.6 2.8000000000000003 0 4.2 3.2 7.4 13.200000000000001 2.8000000000000003 4.2 1.8 4.4 0 0 0 0 0 0 0 0 0 0 0 0 0 0 0 0 0 0 0 0 2.8000000000000003 0 0 0 0 0 0 0 0 0 0 0 0 0 0 0 0 0 0 0 0 0 0 0 0 0 0 0 0 6.2 0 0 0 2.8000000000000003 0 0 0 4.800000000000001 0.8 0 0.2 0 3.6 4 0 1 0 4 5.2 0 5.6000000000000005 5 0 0.4 0.8 0 5.4 0.4 2.6 0 0 0 0 0 0 0 0 0 0 0 0 0 0 0 0 0 0 0 2.8000000000000003 1.4000000000000001 0 0 0 0 0 0 0 0 0 0 0 0 0 0 0 0 0 0 0 0 0 0 0.8 0 0 0 0 0 0 0 0 0 0 0 0 2 0 0 0 0 0 0 0 0 0 0.4 0.2 0.2 0.4 38.6 2.2 1.2000000000000002 0.2 0 0 0 0 0 0 0.2 0 0 2 0 0 0 0 0 0 0 0 0 0 0 0 3 0 0 0 0 0 0 0 0 0 0 0 0 0 0 
 69.8 28.400000000000002 10.200000000000001 41.2 14.4 27.200000000000003 42.800000000000004 75 10.4 30.8 40.2 22.6 42.400000000000006 24.8 50.2 112.4 0 34.4 5.800000000000001 26.6 0 0 1.6 0 0 0.6000000000000001 0 15.200000000000001 0.2 0.8 0 0.2 0 0 0 0.6000000000000001 0 0 5.6000000000000005 0 0 0.6000000000000001 0.4 0 0.6000000000000001 0 0 0.6000000000000001 0 0.4 0 0.2 0 0 0 0 0 0.4 0 0 0.4 0 0 0 0 0 0 0.4 0.4 0 0 0.4 0 0 0 3.8000000000000003 0 0 0 6.800000000000001 3.2 2.6 2.2 5.6000000000000005 2 0.2 0 3.2 10.4 2.4000000000000004 2.6 0 1.8 2.2 3.2 9 0 2.4000000000000004 0.4 0 0 0 0 0 0 0 0 0 0 0 0 0 0 0 0 0 0 0 3 0 0 0 0 0 0 0 0 2.2 0 0 0 0 0 0 0 0 0 0 0 3 0 0 0 0 0 0 0 0 0 0.6000000000000001 0 0 0 0.6000000000000001 0 0 0 0 0 0 3.2 0 0 3.4000000000000004 0 0 0 2.8000000000000003 2.6 4.2 0 4.6000000000000005 0 0.4 3.4000000000000004 4.800000000000001 0 5.2 3.6 7.6000000000000005 0 0 0 0 0 0 0 0 0 0 0 0 0.2 0 0 0 0 0 0.4 0 0 0 0 0 0 0 0 0 0 0 0 0 0 0 0 0 0 0 0 0 0.2 0 0 0 0 0 0 0 0 0.4 0 0 0 0.2 0 0 0 0 0 0 0 2.2 0 0 0 0.6000000000000001 18.400000000000002 0 0.8 17.6 2.2 4.2 0 0 0 0 0 0 0 0.2 0 0 0 0 0 0 0 0 0 0 0 0 0 0 0.2 1.6 0 0 0 0 0 0 0 0 0 0 0 0 0 0 
 5.6000000000000005 41.800000000000004 26.200000000000003 41.800000000000004 8 9.8 31.6 24.8 4.2 26.8 30 28.200000000000003 31.8 36.4 4.800000000000001 60.400000000000006 34.4 0 6 34.6 0 0.4 3.8000000000000003 0.2 0 0.6000000000000001 0.2 0 0 0 0 0.6000000000000001 0.2 0 0 1.2000000000000002 0.2 0 14.8 0.4 0 0.6000000000000001 17 0 0.6000000000000001 0 0 0.6000000000000001 0 0.4 0 1.2000000000000002 0 0 0 0 0 0.4 0 0 0.4 0 0 0 0 0 0 0.4 0 0 0 0.6000000000000001 0 0 0 0 0 0 0 0.6000000000000001 0.4 3 2.2 2.8000000000000003 0 2.8000000000000003 0 2 7.2 4.800000000000001 2.8000000000000003 0 1 2.2 7.2 0 0.2 2.2 1.4000000000000001 3.4000000000000004 0 0.4 0.4 0.4 0 0 0 1.2000000000000002 0 0 0 0 0.6000000000000001 0.4 0 0 2.2 2.2 0 0.6000000000000001 0 0.4 0 0 0 0 0 0 0 0 0 0.4 0 0 0 0 0 0 0 0 0 0 0 0 0 0.4 0.6000000000000001 0 0 0.6000000000000001 0 0 0 0.6000000000000001 0 0 0 0 0 0 0 2.6 2.6 1.4000000000000001 0 0 0 1.4000000000000001 0 6.800000000000001 2.8000000000000003 2 0 1.2000000000000002 0.2 4.2 1.4000000000000001 5.2 3 2.6 0 0 0 0 0 0 0 3.6 0 0 0 0 0.4 0 0 0 0 0 3.2 0.2 0 0 0 0 0 0 0 0 0 0 0 0 0 0 0 0 0 0 0 0 0 0 0 0 0 0 0 0 0 0 0 0 0 0 0 0 0 0 0 0 0 2.8000000000000003 0 0 0 0 17 0 17.400000000000002 0.8 0.6000000000000001 3.4000000000000004 0 0 0.2 0 0 0 0 0 0 0 1.2000000000000002 0 0 0 0 0 0 0 0 0 0 0 0 1.6 0 0 0 0 0 0 0 0 0 0 0 0 0 0 
 12 67 26.6 11.4 10.200000000000001 11.8 5.6000000000000005 38.2 14.8 12.600000000000001 7.6000000000000005 5.6000000000000005 62.2 74.2 35.800000000000004 27.6 5.800000000000001 6 0 46.400000000000006 0 0 0 0 0.2 0.6000000000000001 0.2 0 0 0 0 0.2 0.4 0.4 0 0 0.4 0.2 0.4 0 0 0.6000000000000001 0 0 0.6000000000000001 0 0 0.6000000000000001 0 0.4 0 0 0 0 0 0 0 0.4 0 0 0.4 0 0 0 0 0 0 0.4 0.2 0 10 0.4 0 0 0 0 0 0 0 0.6000000000000001 0 2.2 0 0 0 0.4 2.2 11.200000000000001 2.2 0 0 0 5 0 1.2000000000000002 0 3.2 0 1.6 4.6000000000000005 0 0 0 0 0 0 0 0 0 0 0 0 0 0 0 0 0.2 0 0 0 0.2 0 0 0 0.4 0 0 0 0 0 0 0 0 0 0 0 0 0 0 1.8 0.8 0 2.6 0 0 0 0.4 0 0 0 0 0 0 0 0 0 0 0 0 0 3.4000000000000004 2 1.6 0 1.4000000000000001 0 17.2 0 0 0.4 3.2 0 12.8 0 2 1.8 2.2 0.2 4.6000000000000005 6.6000000000000005 0 0 0 0 0 0 0 0 0 0 0 0 0.2 0 0 0 0 0 0 0 0 0 0 0 0 0 0 0.2 0.4 0 0 0 0 0 0.2 0 0 0 0 0 0 0.2 0 0 0 0.4 0 0 0 0 0 0 0 0 0 0 0 0 0 0 0 0 0 0 0 0.2 0 0 0.4 0 0.4 2.4000000000000004 4.2 0 0.4 0 0 0 0 0 0 0 1.4000000000000001 0 0 0 0 0 0 0 0 0 0 0 0 0 0 1.6 0 0 0 0 0 0 0 0 0 0 0 0 
 6.6000000000000005 61.6 7 16.400000000000002 17.8 11.600000000000001 12.600000000000001 12 56.2 14 9.8 5 16.2 18.400000000000002 14.200000000000001 29.400000000000002 26.6 34.6 46.400000000000006 0 0.4 0 0 0 14.600000000000001 0.6000000000000001 0.8 0 0 0.2 0.4 0.6000000000000001 0 0.6000000000000001 0 0 0 0 0.6000000000000001 0 0.4 0.6000000000000001 0.4 0.6000000000000001 0.6000000000000001 0 0.6000000000000001 0.6000000000000001 0 0.4 0 0 0 0 0 0.6000000000000001 0 0.4 0.6000000000000001 0 0.4 0 0 0 0 0 0.2 0.4 0.6000000000000001 0.4 0 1.2000000000000002 0.4 0 0 0 0 0 0 0.6000000000000001 0 0.6000000000000001 0 2.6 0 0 2 1.4000000000000001 7.800000000000001 0 0 0 7.800000000000001 0 12 0 0 0 0 0.2 0 0 0 0 0 0 0 0 0 0 0 0.4 0 0 0 0 0 0 0 0 0 0 0 0 0 0 0 0 0 0 0 0 0 0.4 0 0 5.4 0.4 0 0 0 2.6 0 0 0 1.2000000000000002 0.2 0 0 0 0 0 2.2 0 0 0.2 0 0 0 3.4000000000000004 0.2 2.4000000000000004 0.4 0 0 11.200000000000001 1.8 1.8 0 0 0 0 5.2 3.4000000000000004 7.4 6 0 0 0.4 11 0 0 0 0 0 0 0 0 0 0 0 0 4.2 0 0 0 0 0 0 0.4 0 0 0 0 0.4 0 0 0 0 0.2 0.4 0 0 0 0 0 0 0 0 0 2.6 0 0 0 0 0 0.4 0 0 0 0 0 0 0 0 0 0 0 0 0 0 2.6 0 0 0 0.4 10.8 0 0 9.4 0 5 0.2 0 0 0 0 0 0 0 0 0 0 0 0 0 0 0 0 0 0 0 0 0 0 0 0 0 0 0 0 0 0 0 0 0 0 0 0 0 
 0 0 0.2 13 45.800000000000004 0 0 0 0 0.4 0 15 15.600000000000001 0 0 0 0 0 0 0.4 0 39.800000000000004 23 27.6 5.800000000000001 23.400000000000002 10.8 18.8 40.400000000000006 21.200000000000003 20.6 8.8 22.200000000000003 28.200000000000003 9 8.6 10.4 42.6 50.6 39.2 0 0.6000000000000001 0.4 0.2 0 0.4 0 0.2 5.6000000000000005 1 1.2000000000000002 0 0 0.6000000000000001 1.2000000000000002 0.4 0 0.8 0 0.6000000000000001 0 0.4 0 0 0.4 0 0.6000000000000001 0 0 0.4 1.2000000000000002 1.2000000000000002 0 0 0.8 1 0.4 0.6000000000000001 0.4 0 0 0 0 1.2000000000000002 0 4.2 0 0 0 2 0 0.4 0 0 0 0 0 0 0 0 4.800000000000001 15.8 2.6 5.800000000000001 0 1.2000000000000002 4.6000000000000005 3.8000000000000003 1.6 3.6 3.8000000000000003 4.4 2.6 3.6 2 4.6000000000000005 1.8 4.6000000000000005 6 7.800000000000001 0 0 0 0 0 0 0 0 0 0 0 0 0 0 0 0 0 0 0 0.2 0 0 0 0 0 0 0 1.2000000000000002 0 0 1.2000000000000002 0 0 0 0 0 3.2 0 0 0.2 0 0 0 0 2.4000000000000004 0 0 0 0 0 0 0 0 0 0 0 0 0 0 0 3.4000000000000004 9.4 5.800000000000001 3 4.6000000000000005 0 3 1.6 0 3.8000000000000003 4.2 3.2 2.2 0.4 0 15.4 4.4 4 2.8000000000000003 6.4 0.2 0 0 0 2.4000000000000004 0 0 0 0 5.2 3.4000000000000004 0 0 0 0 0 0 0 0 0 0 0 0 0 0 0 0 0 0 0 0 0 0 0 0 0 0 2.4000000000000004 0 0 0 0 0 0 0 0 0 0 0 0 0 0 0 0 1.2000000000000002 0 0 0 0.2 0 0.4 0 0 0 0 0 0 0 0 0 0 0 0 0 0 0 2.2 0 0 0 0 2.4000000000000004 0 0 0 0 0 0 0 0 
 0.2 0 0 15.200000000000001 0.6000000000000001 0 0 0 1 0 0 5.800000000000001 0.4 0 0 0 0 0.4 0 0 39.800000000000004 0 24.6 13.200000000000001 31 79.60000000000001 17.6 19.6 56.400000000000006 6.6000000000000005 8.200000000000001 5.800000000000001 22.8 13 18.8 58.800000000000004 19.400000000000002 24.400000000000002 8.8 86 0 0 12 0.4 5.4 0 0 0 0.6000000000000001 1 6.6000000000000005 0 0 0.6000000000000001 41.6 0.6000000000000001 2.8000000000000003 0.2 0.2 0 0 0 0 0 0.6000000000000001 0.4 0 0.4 0 0 1.2000000000000002 0.6000000000000001 0 0 0.4 0.6000000000000001 0.2 0.4 10.200000000000001 0 0 0 0 0 0 3.6 0 0 0 2 0 0 0 0 0 0 0 0 0 0 5.2 10.200000000000001 5.4 0 0 4.2 0 10.4 1.4000000000000001 0.6000000000000001 3.6 6.6000000000000005 0 5.2 0 2.8000000000000003 3.8000000000000003 2.8000000000000003 4.6000000000000005 1 12.200000000000001 0 0 0 0 0 3.6 0.2 1.6 0 0 0 4.4 0 0 0 0 0 2.8000000000000003 3.4000000000000004 0 0 0 0 3 0 0 0 2.6 0 0 0 0 0 0 0 0 0.6000000000000001 0 0.4 0 0 0 0 0 0.2 0 0 0 0 0 0 0 0 0 0 0 0 0 0 0 0 0 0 4 0 0 0 1.4000000000000001 2.4000000000000004 6.6000000000000005 0 0 0 1.4000000000000001 10.600000000000001 2.2 15.600000000000001 0 0 0 0 0 0 0 0 0 0 0 0 0 0 6 0.2 0 0 0 0 3 0.8 0 0 0 0 0 0 0 0 0 0 0 0 0 0 0 0 0 0 0 0 0 0 0 0 0 0 0 0 0 0 0 0 0 0 2 0.4 0.4 8.4 8.6 0.4 0.2 0 0 0 0 0 2.8000000000000003 0 0 0 0 0 0.2 0 0 0 0 0 0 0 0 4.2 0 0 0 0 3.8000000000000003 0 0 0 
 0 0.6000000000000001 0 0.2 14.8 0.2 0 0.6000000000000001 0 0 0.2 0.2 40.400000000000006 0 0.2 0 1.6 3.8000000000000003 0 0 23 24.6 0 76.4 26 92 63.6 38.2 10 32.4 27.400000000000002 39.2 19.6 42 7.800000000000001 32.4 8.4 24.6 18.6 6.4 12.4 0 0 0 0 0 0 0 0.6000000000000001 0.6000000000000001 0.6000000000000001 0 0 0.6000000000000001 0.4 0 0.8 0.2 6 6.4 0 0 0 0 0 0 0 0.2 0 0 0.6000000000000001 0 0 0 0.4 0.6000000000000001 0 0 0.4 0 0 0.2 0 0 0 0 0 0 0 0 0 0 0 0 0 0 0 0 0 0 0 0 4.800000000000001 0.2 4.4 0 0.2 4.2 2.6 5.4 1.8 0 0 6.800000000000001 3.4000000000000004 2.8000000000000003 1.8 0.2 0.2 3.4000000000000004 1.6 0.6000000000000001 1.6 0.4 0 0 0 0 0 0 0 2.2 0 0 0 2.2 0 0 3.8000000000000003 1.8 0 0 0 0 0 0 0 0 0 0 0 0 0 0 0 0 0 0 0 0.4 0 0 0 0 0.4 0 0 0.2 0 2.2 0 0 0 0 0 0 0.4 0 0 0 9.600000000000001 3 5.6000000000000005 6 9 7.4 4.6000000000000005 0 1.6 0 5.800000000000001 0 1.8 2.8000000000000003 1.8 7 1.8 1.4000000000000001 0 1.8 0 0 0 0 0 0 2.6 0 0 0 0 0 2.2 1.8 0 4 2 0 2 15.200000000000001 0 0 0 0 0 0 0 0 0 0 0 0 0 0 0 0 0 0 0 0 0 0 0.2 0 0 0 0 0 0 0 0 0 0 0 1.2000000000000002 0 0 9.4 2.2 0 0.4 5.2 0 0 0 1.2000000000000002 0 0 0 0 0 0 0 0 0 0 0 0 0 1.8 0 5.4 0 0 0.4 1.8 0 0 0 0 
 0 0 0 0 0 0 0 0.2 0 0.2 0 0 0 6.800000000000001 0.6000000000000001 0 0 0.2 0 0 27.6 13.200000000000001 76.4 0 31.6 53.6 78.2 17.2 40.6 94.4 29.6 15 9.8 44.400000000000006 11.200000000000001 5.4 8.4 10.200000000000001 19.200000000000003 28.6 4.2 0 0 0 0 0 7.800000000000001 0 0.6000000000000001 0.6000000000000001 0 0 0 0.6000000000000001 0.4 0 12.8 0.2 0.2 25 0 0 10.200000000000001 0 0 0 0 0.4 9 0 0.6000000000000001 0 0 0 0.4 0.6000000000000001 0 0 0.4 0 0 0 0 0 0 2.2 0 0 0 0 0 0 0 0 0 0 0 0 0 0 0 1.4000000000000001 0 2 3.2 0.8 0 0 1.6 3.8000000000000003 0.2 4.800000000000001 0 0 6.2 0 0 2 0 0 1.2000000000000002 6 0 0 0 5.800000000000001 0 0 0 1.6 0 0 0 6 0 2 0 0 1 2 0 0 0 0 0 0.2 0 0 0 0 0 0 0 0 0 0 0 0 0 0 0 0 0 0 0 0.8 0 0 0 0 0 0 0 0 0 0 0 0 0 0 0.2 4.800000000000001 0 3.8000000000000003 4.2 1.8 3.6 3 2 2.4000000000000004 2.4000000000000004 0.2 0 0 0 2.6 3.2 2.4000000000000004 0 0 3 3.6 4.4 0 0 0 0 3.2 0 0 0 0 0 3.6 0 1.6 1.8 4.2 0.2 8.6 0 0 0 0 0 0 0 0 0 0 0 0 0 0 0 0 0 0 0.4 0 0 0 0 0 0 0 0 0 0 0 0 0 0 0 0.4 0 0 31.200000000000003 0 0 2 0.2 0 0 0 0 0.2 0 0 0 0 0 0 0 0 0 0 0 0 0 0 2.4000000000000004 0 0 0 0 0.2 0 0 0 
 0 0.2 0 0 0.6000000000000001 0.2 0 0.2 0 0 0 0 0 0 0 0 0 0 0.2 14.600000000000001 5.800000000000001 31 26 31.6 0 35.6 26 58.800000000000004 40.6 25 63.2 23.6 11.200000000000001 56.2 13 40.6 53.6 29 29 16.400000000000002 0 4 0 0 0 0 30.8 13 0.6000000000000001 0.6000000000000001 0.4 0 0 13.4 0.4 10.4 0.6000000000000001 0.2 25 0.2 0 0 0 10.4 0 0 0 0 0 0 0.6000000000000001 0 0 0 0.6000000000000001 0.6000000000000001 0 0 0.4 0 6 0 0 0 0 0 0 0 0 0 0.4 0 0 0 0 0 0 0 0 0 0 0.4 5.6000000000000005 0 4 2.6 0 2 1 0.2 2.8000000000000003 3.8000000000000003 0 0 0.2 0 0 1.8 0 0.2 3.4000000000000004 2 0 0 0 2 3.8000000000000003 0 1.8 0 0 0 5.2 4.6000000000000005 0 0 6.6000000000000005 0 9 6 0 0 0 0 0 0 0 0 0 0 0 0 0 0 0 0 0 0 0 0.4 2.6 0 0 0 6.800000000000001 0.2 0 1.2000000000000002 0 0 0 0 0 0 0 0 0.2 0 0 1.6 0 0.2 2 2.6 9.4 7.800000000000001 0.2 0.2 5.4 0 1.2000000000000002 2.2 0 0 0.2 0.2 0 10.600000000000001 0 0 0 0.2 0.2 5.6000000000000005 0 0 3.4000000000000004 0.2 0 0 0 0.6000000000000001 1.2000000000000002 2.4000000000000004 0.2 0 0 0 2 4.4 3.2 0 0 0 0 0 0 0 0 0 0 0 0 0 0 0 0 0 0 0 0 0.4 0.2 0 0 0 0 0 0 0 0 0 0 0 1.4000000000000001 0.6000000000000001 0 18.8 1.4000000000000001 0.4 0.8 0 0 0 0 0 2.6 0 0 0 0 0 0 0 0 0 0 0 0 0 0 2.6 0 0 0 0 1.2000000000000002 0 0 0 
 0.8 0.6000000000000001 0.6000000000000001 0.6000000000000001 0.6000000000000001 7.6000000000000005 0.6000000000000001 0.6000000000000001 0.6000000000000001 0.6000000000000001 0.6000000000000001 0.6000000000000001 1 1 1.2000000000000002 0.6000000000000001 0.6000000000000001 0.6000000000000001 0.6000000000000001 0.6000000000000001 23.400000000000002 79.60000000000001 92 53.6 35.6 0 23.6 34.4 22.200000000000003 23.6 53.6 26.6 10 7.2 17.400000000000002 42.2 43.800000000000004 24.400000000000002 7.4 23.200000000000003 0 0 0 0 0 0 0 0.4 0.6000000000000001 0.6000000000000001 1.6 0 0 0.6000000000000001 0.4 0 1.2000000000000002 42.400000000000006 12.8 0 0 0 0 0 0 0 0 0.4 0 0 0.6000000000000001 0 0 0 0.4 0.6000000000000001 0 0 0.4 0 0 0 0 6.2 0 0 0 0 0 0 0 0 0 0 0 0 0 0 0 0 0 1.4000000000000001 2.4000000000000004 5.6000000000000005 0 1.8 0 4 1.8 0.6000000000000001 0.2 7.4 0 0 1.6 1.2000000000000002 6.4 1.8 0 0 0.2 0 0 0 0 0 0 0 0 0 0 0 4.6000000000000005 0 0 0 0 0 4.4 4.6000000000000005 0 0 0 0 0.8 0 0 2.6 0 0 0 0 0 0 0 0 0 3.6 0 0.2 0 0 0 0 1 0 0 0 0 0 0 0 0 0 0 0 0 0 0 0 0 0 1.8 0 1.6 2.8000000000000003 0.2 0 5.6000000000000005 3.6 6.2 2.8000000000000003 0 0 4.2 3.6 2 0.4 0 0 0 0 0 0 0 0 2.6 0 0 0 0 0 3.6 4 0 0 0 2.8000000000000003 0 2 0 0 0 0 0 0 0 0 0 0 0 0 0 0 0 0 0 0 0 0 0 0 2.8000000000000003 0 0 0.2 0 0 0 0 0 0 0 0 0.4 0.2 0.2 0 15.600000000000001 0 0.4 0.8 0 0 0 0 0.2 0 0 0 0 0 0 0 0 0 0 0 0 0 0 0.2 0 0 0 0 0.2 0 0 0 
 0 0.6000000000000001 15 15 15 14.8 0 0 15 15.600000000000001 30.200000000000003 5.4 0.4 0.4 0.4 0 0 0.2 0.2 0.8 10.8 17.6 63.6 78.2 26 23.6 0 83.2 28.200000000000003 88.4 50.800000000000004 6.6000000000000005 66.60000000000001 16.6 43 23.400000000000002 37.6 9.8 26.8 42.800000000000004 0 0.2 12.4 0.6000000000000001 8.4 0 0 0 6 0.6000000000000001 0 0 0 0.6000000000000001 0.4 0 0 0.6000000000000001 0.2 0.4 0 0 1.4000000000000001 0.6000000000000001 0 0 0 0.4 0 0 10.200000000000001 0 0 0 0.4 0.6000000000000001 0 0 0.8 0 0 0 0 5 5.800000000000001 0.2 0 0 0 4.6000000000000005 2 3.2 0 0 0 0 2.6 0 0 0 4 0 7.6000000000000005 0.2 2.2 0 4.2 0 4.2 6.6000000000000005 0 8.6 3.4000000000000004 2.4000000000000004 2.6 0.2 2.4000000000000004 2 0 2 0 0 0 0 0.4 0 0 0 0 0 0 0 2.2 0 0 0 0 0 2.4000000000000004 0 0 0 0 0 0 0.4 0.4 0 0 0 0 1.8 1.2000000000000002 0 0 0 0 0 0 0.2 0.2 0 0 0 3.4000000000000004 0 0 0 1.4000000000000001 4.2 1.4000000000000001 2.8000000000000003 0 0 0.2 0 0 0 1 0 8 2.4000000000000004 0 0 0 0 5.2 8.200000000000001 7.800000000000001 1.8 2 4.6000000000000005 0 10 2.2 0 1.8 2.6 3.8000000000000003 2.8000000000000003 0 0 0 0 0 0 1.2000000000000002 0 0 0 0 0 0 0 0 0 0 3.4000000000000004 4.6000000000000005 0 0 0 0 0 3 0 0 0 0 0 0 0 0 0 0 0 0 0 0 0 0 0 0 0 0 0 0 0 0 0 0 0 0 0 0.2 0 0 0 9.200000000000001 0 0.6000000000000001 0 0 0 0 0 0 0 0 0 0 0 0 0 0 0 0 0 0 0 0 0 0 0 0 2.6 0 0 0 0 
 0 0 0.4 0 0 0 0 0.6000000000000001 0 0 0 0 0.6000000000000001 0 0.2 0.4 15.200000000000001 0 0 0 18.8 19.6 38.2 17.2 58.800000000000004 34.4 83.2 0 47.6 34 8.4 18.400000000000002 19.200000000000003 44.2 37.6 35 19.6 39.2 13 28.400000000000002 0 0 0 0 0 0 0 0.6000000000000001 0.4 0.4 0 0 0 0.6000000000000001 0.4 0 0 1.2000000000000002 12.8 0.2 0 0 0 0 0 0 0 0 0 0 0.6000000000000001 0 0 0 0.6000000000000001 0.6000000000000001 0 0 0.4 0 0 0 0.4 0 0 0 0 0 0 0 0 0 0 0 0 0 0 0 0 0 1.6 5 3.8000000000000003 14.200000000000001 1.2000000000000002 0 1.2000000000000002 0 2.8000000000000003 5.4 2.4000000000000004 10.200000000000001 0 2.6 1 2.6 1.4000000000000001 2 1.2000000000000002 9.200000000000001 0 0 0 0 0 0 0 0 0 0 0 0.8 1 0 0 0 0.4 0 1.8 0.2 0 0 0 0 0 0 0 0 0 0 0.8 0 0 0 0 0 3.4000000000000004 0 0 0.2 0 0 0 0 5.2 0.2 0 0 0.2 0 0 0 0 0 0 0 0 0 0 0 3 5 6 4.4 4.2 2 2.4000000000000004 0.4 10.8 0.8 9.4 6 1.6 2.6 2.8000000000000003 2 3.8000000000000003 9.200000000000001 0 0 0 0 0 0 3.4000000000000004 0 3 0.4 0 0 0.4 0 0 0.2 0 0 0 8 2 0 0 0 0 0 0 0 0 0 0 0 0 0 0 0 0 0 0 2.4000000000000004 0 0 0 0 0 0 0 0 0 0 0 0 0 0 0 0 0 0.4 0 0 0.2 0.4 0.6000000000000001 0 0 0 0 0 0 0 0 0 0 0 0 0 0 0 0 0 0 0 0 0 0 0 0 3.2 0 0 0 0 
 0 0.2 0 0 17.2 0 0.2 0.4 0.2 0 0 0 0.2 0.2 0 0 0.2 0 0 0 40.400000000000006 56.400000000000006 10 40.6 40.6 22.200000000000003 28.200000000000003 47.6 0 21.400000000000002 23.200000000000003 69.8 22.200000000000003 50.400000000000006 36.2 9.200000000000001 27.6 40.400000000000006 19.200000000000003 14 0 0.2 0 0 0.4 0 12.600000000000001 0 0.6000000000000001 0.6000000000000001 0 0.2 0 0.6000000000000001 0.4 0 0 0 0.4 3.4000000000000004 0 0 0 0 0 0 0 0.6000000000000001 0 0 0.4 0 0 0 0.4 0.4 0 0 9.8 0 0 0 0 0 0 0 0 0 0 0 0 0 0.4 0 0 0 0 0 0 0 3.4000000000000004 3.4000000000000004 1.8 2.8000000000000003 0 1.6 0 0 4.2 4.6000000000000005 4.6000000000000005 6.800000000000001 0 5.800000000000001 3.4000000000000004 0 0 4.4 0 5.2 0 2 0 0 0 0 0 0 0 0 0 0 0 1.4000000000000001 0 0 0 0.4 1.6 2.2 0 0 0 0.2 0 0 0 0 0 0 1.6 0 0 0 0 0 0 0 0 0.4 0 0 0 0 4.800000000000001 0 0 0 0 0 0 0 0 0 0 0 0 0 0 0 2.4000000000000004 7.4 2 3 2.6 3 15.200000000000001 2.4000000000000004 3.6 1.2000000000000002 7.4 1.8 1 1.8 2.2 17 1.6 6 2 2 2.4000000000000004 0 0 0 1.6 0 0.2 0 0 0 0 0 0 0.4 0 0 0.2 0 0 2 1.2000000000000002 0 0 0 0 0.2 0 0 0 0 2.8000000000000003 0 0 0 0 0.2 0 0.4 0 0.2 0 0 0 0 0 0.2 0 0 0 0 0 0 0 0 1.6 0 0 8.200000000000001 16 0 0 0 0 0 0 0 0 0 0 0 0 0 0 0 0 0 0 0 0 0 0 0.4 0 0.4 0 0 0 0 0 0 
 0 0 6.800000000000001 0.2 0.6000000000000001 0 0 0 0 0 0.2 0 0.4 0.4 9.200000000000001 0.6000000000000001 0.8 0 0 0.2 21.200000000000003 6.6000000000000005 32.4 94.4 25 23.6 88.4 34 21.400000000000002 0 60.2 53.400000000000006 60.2 57.2 17.400000000000002 94.2 87.60000000000001 38.6 13.200000000000001 32.800000000000004 0.2 0 0 0.2 0.4 0 0 2 0.6000000000000001 0.6000000000000001 0.4 0 0 0.6000000000000001 0.4 0 0.4 0.2 5.4 12.600000000000001 0 0 9.8 10.200000000000001 0.2 0.4 0 0.4 0 0 0.6000000000000001 0.4 0 0 0.4 0.6000000000000001 0 0.4 0.4 0 0 0 0 0 0 0 2.4000000000000004 0 0 0 0 0 0 0 0 0 0 0 0 0 0 0 3 8 0 10.8 0 3.8000000000000003 17.400000000000002 13.8 0 4.800000000000001 0 1.4000000000000001 6.2 5.800000000000001 2.6 2 0.2 0 1.6 0 0 0 0 0 0 0 0 0 0 0 3.8000000000000003 0 0 0 0 0 3.8000000000000003 0.2 0 0 0 0 0.4 0 0 0 0 0 0 0 0 0 0 0 0 1.2000000000000002 0 0 0 0 0 0 0 0 0 0 0 0 0 0 0 0 0 0 0 0 0 0 3.6 6.2 2 0.2 5.800000000000001 1.8 11 5.4 1.4000000000000001 2.2 4.4 4.6000000000000005 0 9.8 2.2 6.2 4.6000000000000005 3.4000000000000004 0 0 0 0 2 0 0 0 0.2 0 0 0 2.4000000000000004 0 0 0 0 2.4000000000000004 0 5.6000000000000005 0 3.6 0 0 0 0 0 0 0 0 0 0 0 0 4 0 0 0 0 0 0 0 0 0 0 0 0 0.4 0 0 0 0 0 0 0.4 0 1.4000000000000001 0 0 17.2 18.400000000000002 0.4 0 6.2 0 0 0 0 0 0.4 0 0 0 0 0 0 0 0 0 0 0 0 0 0 0 0 0 0 0 0 0 0 
 0 0.2 0 0 0 0 0.2 0 0 0 0 0 0.6000000000000001 0 0.6000000000000001 0 0 0 0 0.4 20.6 8.200000000000001 27.400000000000002 29.6 63.2 53.6 50.800000000000004 8.4 23.200000000000003 60.2 0 102.2 5.4 2.8000000000000003 71 56 20 23.8 8.4 13 13.4 0 0.6000000000000001 0.6000000000000001 0 0.2 12.8 0 0.6000000000000001 1.2000000000000002 0 0 0.2 0.6000000000000001 0.4 0 0 0.2 13.600000000000001 20.6 0 0 0.6000000000000001 0 0.6000000000000001 0.6000000000000001 1 0.4 0.6000000000000001 0 0.6000000000000001 0 0 0 0.4 0.6000000000000001 0.8 0 0.4 0 0 0 0 0 0 0 0 0 0 0 0 0 0 0 0 0 0 0 0 0 0 0 0 7.800000000000001 4.6000000000000005 1.6 0 0 4.2 2.6 0.2 0 0 0 0 6.2 0 0 0 0 20 10.8 0 0 0 5.800000000000001 2 4 0 0 0 0.2 2 1.2000000000000002 0 1.6 2.4000000000000004 0 0.4 0 0 0 0.2 0 0 0 0 0 0 0 0 0 2.2 0 0 0 0 0 0 0.4 0 0 0 0 0 0.6000000000000001 0 0 0 0 0 0 0 0 0 0 0 2.2 0 0 0 0 0.6000000000000001 5.2 2.4000000000000004 5.4 0 0 0 1 0 6.2 0 0 0 1.2000000000000002 0 0.2 0 0 15 2 1.6 0 0 0 0 2.4000000000000004 0 0 0 0 1.4000000000000001 5.4 0 3 6.800000000000001 3.4000000000000004 0 14.200000000000001 0 0 0 0 0 0 0 0 3.6 0 0 0 0 0 0 0 0 0 0 0 0 0 2.6 0 0 0 0 0 0 0 0 0 0 0 0.4 0.4 0.4 28.8 0 0 1.6 5.4 0 0 0 0 0.2 0 0 0 0 0 0 0 0 0 0 0 0 0 0 2 0 0 0 0 0 0 0 0 
