 0 65.4 59 11.4 10 24.400000000000002 31 14.4 68.60000000000001 25.200000000000003 29.6 23 37 28.400000000000002 28 68.60000000000001 84.4 24 46.800000000000004 26.8 0 0.4 0 0.4 0.4 0.2 0 0 0 0 1 0.4 0.4 0.4 0 0.4 0 0 0 0 0 0 0 0 0.2 0 0.4 0 0 0.2 0 0.2 17.8 0 0 0.6000000000000001 0 0 0 0.4 0.4 0 0 0.6000000000000001 0 0.6000000000000001 0 0 0 0 0 0.8 0 0.2 0 0 0.4 0 0 0 4.6000000000000005 8.6 6.2 7.4 0 0 0 9.4 1 3.6 1.2000000000000002 2.4000000000000004 5.800000000000001 3.8000000000000003 5 7.800000000000001 0 0 0 2 0 0 0 0 0.2 0 0 0.4 0 0 0 0 3 0 0 0 0 0 0 0 0 0 0 0 0 0 0 3.8000000000000003 0.2 0 0 0 0 0 0 0 0 0 0 0 0 0 0 0 0 3 0.2 0 0 0 0 3.2 0 0 0 0 0 2.4000000000000004 0 0 0 0.2 5.2 0 2.8000000000000003 0 0 3.2 5.4 0 2.8000000000000003 3.2 2.6 0 0 0 1.8 3.8000000000000003 0 0.2 0 0 0 0 0 0 0 0 0 0 0 0 0 0 0 0 0 0 0.2 0 0 0 2.8000000000000003 0 0 0 0 0 0 0 0 0 0 0 0 0 0 0 0 2 0 0 0 3.6 0 0 0 0 0 0 0 0 0 0 0 0 0 0 0 0.2 0 0 0 0 0 0.4 0 0 0 17.400000000000002 0.4 0 0 0 0 0 0 0 0 0 0 0 0 0 0 0 0 0 0 0 0 0 0 0 0 0 0 0.4 0 0 0 0 0 0 0 0 0 0 0 0 
 65.4 0 42.800000000000004 34.2 9.600000000000001 51.400000000000006 34 63.6 30.6 25.8 6.4 81.4 73.4 78 72.60000000000001 13 8 44.800000000000004 68.4 29.400000000000002 0.4 0 0 0.6000000000000001 0.6000000000000001 0 0 0 0 0 0.4 0 0 0 0 0 0.2 0 0 0 0 0 0 0 0 0.4 0.6000000000000001 0 0 0 0 0 0 12.8 0.6000000000000001 0.6000000000000001 0 0 0 0.6000000000000001 0.4 0 0 0.4 0 0.6000000000000001 0 0 0 0 10 0.4 0 0.6000000000000001 0 0 0 0 0 0 3.8000000000000003 2.6 9.4 0 2.8000000000000003 0.4 1.8 10 4.800000000000001 2.8000000000000003 2 0.6000000000000001 2.2 0 5.2 2.2 9.4 1 0 0 0.2 0.2 0 0 0 0 4.2 0 0 0 0 0 0 0 0 2.2 0 0 2.2 0 0.4 0.4 0 0 0 0 0 0 0 0 0 0 0 0 0 0 0 0 0 0 0 0 0 0 0.2 0 0 0 0 0 0 0.8 0 1 0 0 0 0 0 0 5.2 6.4 0 3.2 0 3.8000000000000003 0.4 2.8000000000000003 5.6000000000000005 3.2 0 0.6000000000000001 1.2000000000000002 4.4 8.200000000000001 4 4.6000000000000005 7.6000000000000005 2.4000000000000004 3 0 0 0 0 0 1.8 0 0.2 0 0 0 0 0 0 0 0 0 0 3.2 0 0 0 0 0 0 0 0 0 2.6 0 0 0 0 0.8 0 0 0 0 0 0.4 0 0 0 0 0 0 0 0 0 0 0 0.2 0 0 0 0 0 0 0 0 0 0 0 0 0 0.2 10.200000000000001 0 0.4 36.800000000000004 0.2 3 0 0.4 0 0 0 0 0 0 0 0 1.4000000000000001 0 0 0 0 0 0 0 0 0 0 0 0 0 0.2 2.8000000000000003 0 0 5 0 0 0 0 0 0 0 0 0 
 59 42.800000000000004 0 32.4 67.8 36.800000000000004 11 19.6 41.400000000000006 63.400000000000006 75.2 66.4 89.60000000000001 74.8 35.6 28.400000000000002 32.800000000000004 23.8 27.200000000000003 13.600000000000001 0 0 0.6000000000000001 0.6000000000000001 0.4 0 5 0 0.4 0 0.4 0 0 0 0 0.4 0 0 0 0 0 0 0 0 0 1 0.6000000000000001 0 0 0 0 0 4.800000000000001 0 0 0.6000000000000001 0 0 0 0.6000000000000001 0.4 0 0 0.6000000000000001 0 0.6000000000000001 0 0 0 0 0 1.8 0 0.6000000000000001 0 0 0 0 0 0 0 5 4.6000000000000005 3.2 2.4000000000000004 0 0 6.6000000000000005 5.6000000000000005 0 2 2 16.2 2.4000000000000004 4.6000000000000005 10.600000000000001 11.600000000000001 9.200000000000001 0 0 0 3.2 0 0 0 0 4.4 0 0 0 0 0 2 0 0 0 2.6 0 2.6 0 0 0 0 0 0 0 0 0 0 0 0 0 0 0 0 2.2 0 0 0 0 0 0 0 2.2 0 0 0 0 0 0 0 0.2 0 0.2 0 0 0 0 0 0 2 2.6 0 2.4000000000000004 4.4 0.2 0 4.4 6.2 0.4 0 0 1 3 0 4.800000000000001 2 6.4 1.2000000000000002 4.800000000000001 0 0 0 0 0 0 0 0 0 0 0 0 0 0 0 0 0 0 0 0 0 4.2 3.2 0 0 0 0 0 0 0 0 0 0 0 0 0 0 0 0 0 0 0 0 0 0 0 4.6000000000000005 0 0 0 0 0 0 0 0 0 0 0 0 0 0 1.6 0 0 0 0.2 0.6000000000000001 0 0.2 17.6 1.8 0 0 0 0 0 0 0 0 0 0 0 2 0 0 0 0 0 0 0 0 0 0 0 0 0 2.4000000000000004 3.2 0 0 0 0 0 0 0 0 0 0 0 0 
 11.4 34.2 32.4 0 54 56.800000000000004 33.2 25.400000000000002 62.800000000000004 52.400000000000006 51 73.8 29.200000000000003 19.400000000000002 11.8 7.2 7.2 69.8 21.200000000000003 18.8 0 0 0 0.6000000000000001 0.4 0 5.4 0 0.4 0 17.6 0 16.2 0.4 29.8 0.4 0.2 0.2 4.6000000000000005 0 0 0 0 0 0 1.2000000000000002 0.6000000000000001 0 0 0 0 0 0 0 0.4 0.6000000000000001 0 0 0 0.6000000000000001 0.4 0 0 0.6000000000000001 0 0.6000000000000001 0 0 0 0 0 0 0 0.6000000000000001 0 0 0 0 0 0 3 0 0 12.8 5.800000000000001 3.8000000000000003 0 3 0 0 3.2 1 0 0 0 3.6 3 0 0 0 7 7.4 0.2 0 8.8 0 6 0 0 0 0 0 2.2 3 0 0.2 4.4 0 7.2 5.4 0 0 0 0 0 0 0 0 0 4.2 0 0 0 0 0 0 0 0 0 0 0 0 0.4 0 2.4000000000000004 0 0 0 0 0 0 0.2 0 0 0 0 0.4 0 0 0 0 3.4000000000000004 0 2.6 0 6.6000000000000005 0 1.8 2.6 2.2 2.6 2.4000000000000004 0 0 9.200000000000001 0 0 2.2 0 0 1.8 1.8 0.2 0 2.6 0 0 5.2 3.8000000000000003 0 0 0 6.2 0.6000000000000001 0 0.2 0 0 2.6 4.2 0 3 0 0 0 0 0 0 2.8000000000000003 3.2 0 0 0 0 0 0 0 0 0 0 0 0.4 0 0 0 0 0.2 0 0 0 0 0 0 0 0 0 0 0 0 0 0 3 0 0 0 0 0.6000000000000001 0 0.4 17.8 0.4 1.2000000000000002 0 0 0 0 0 0 0 0 0 0 1.4000000000000001 0 0 0 0 0 0 0.2 0 0 0 0 0 0 0 0 0 0 0 0 0 0 0 0 0 0 0 0 
 10 9.600000000000001 67.8 54 0 14.8 10.200000000000001 13.600000000000001 19.6 13.8 41.400000000000006 42.2 9.8 11.8 76.2 10.8 11 32.4 18.400000000000002 24.8 3.8000000000000003 0.2 0.4 0.8 0 0 14.8 0 17.2 0 0.6000000000000001 0 0 14.600000000000001 6.4 42.400000000000006 0 0 0 15.4 0 0 0 0 0.2 1 0.4 0 0 0 0.8 0 0.4 0 0.8 0.6000000000000001 0 0 0 0.4 0.4 0 0 0.6000000000000001 0 0.6000000000000001 0 0 0 0 0 0 0 0.4 0 0 0 0 0 0.8 0 0 0 0 2.2 6.2 0.4 0 0 0 0.2 7.800000000000001 0 0 0 0.2 4.2 1.4000000000000001 0 0 9.4 3.8000000000000003 2 0 0 0 0 3.2 0.4 2.2 0 0 1.8 1.4000000000000001 1.6 0 0 1.8 12.600000000000001 2.4000000000000004 0 0 0 0 3.4000000000000004 0 0 0 0 0 0 0.2 0 0 0 0 0.2 0 0 0 0 0 3 0 1 0 0 0 0 0 0 0 0 0.2 0 0 0 0 0 0 0 6.4 0 0 0.2 5 0.4 0.8 0.2 0.2 0.2 2.6 0 0 3.6 0.4 0 2.8000000000000003 0 0 2.8000000000000003 3 2.6 0 0 0 1.8 3.2 7.6000000000000005 0 2.2 0 0.4 2.8000000000000003 8.6 2.2 0 3.8000000000000003 2.8000000000000003 2.8000000000000003 0 0 0 0 0 0 0 0 0 0 0 0 0 0 0 0 0 0 0 0 0 0 0.2 0 0 0 0 0 0 0 0 0 0 0 0 0 0 0.4 0 0 0 0 0 0 0 0 0.2 0.4 9.600000000000001 0 0 1.2000000000000002 0 0 0 0 0 0 0 0 0 0 1.4000000000000001 0 0 0 1.6 0 0 0 0 0 0 0 0 4.2 0 0 0 0 0 0 0 0 0 0 0 0 0 0.4 
 24.400000000000002 51.400000000000006 36.800000000000004 56.800000000000004 14.8 0 53.400000000000006 9.200000000000001 28.8 73.8 24.400000000000002 46.6 3.6 28.200000000000003 11.200000000000001 24.6 13 24.8 11.600000000000001 18.8 1.6 0 0 0.4 0.4 0 0 0 14.8 0.4 0.6000000000000001 0.4 37.2 15 6.4 0.8 0 0 29.8 0 0.4 0.4 1.4000000000000001 0.8 0.2 0 0.4 0.4 0.2 0 0 0.8 0.6000000000000001 0.8 0 1 0 0 0 0.4 0.4 0 0.8 0.6000000000000001 1.2000000000000002 0.6000000000000001 0 0 0 0 0 0.8 0.8 0.4 0 0 1.2000000000000002 0.8 0 0.2 0 2.2 0 4.800000000000001 8.8 3.4000000000000004 0 0 6.6000000000000005 2 2.6 4 2.4000000000000004 0 8.200000000000001 5.800000000000001 0 2 0 0 0 4.800000000000001 0 0 0.2 0 9.8 0 0 2 0 0 8 3.8000000000000003 0 4.800000000000001 4.2 0 0 3.8000000000000003 0 0 0 3.8000000000000003 0 0 0 0 0 0 0 0.2 0 0 0 0 0 0 0 0 0 0 0 0 0 0 0 0.4 0 0 0 0 0 0.2 0 0 0 0 0 0 0 0.4 0.4 0.2 3.8000000000000003 3.2 0 0 4.6000000000000005 1 0.2 0 0 0 0 0 1.4000000000000001 2.2 0 0 9 0.4 0.4 0 0 0 3.2 0 0 0.4 0 0 19.400000000000002 6.2 4.2 0 0 0 8.4 3.6 0 2.8000000000000003 1.8 0 0 0 0 0 0 2 0.4 0 0 0 0 0 0 0 0 0 0 0 0 0 0 0 0 0 0 0 0 0 0 0 0 0 0.4 0 0 0 0 2.4000000000000004 0 0 0 0 18 1.2000000000000002 0.4 0.2 0 0.4 1.2000000000000002 0 0 0 0 0 0 0.4 0 0 1.2000000000000002 0 0 0 0 0 0 0 0 0 0.4 0 0 0 0 3 0 0 0 0 0 0 0 0 0 0 0 0 
 31 34 11 33.2 10.200000000000001 53.400000000000006 0 50.6 22.200000000000003 5.800000000000001 27.400000000000002 5.800000000000001 41.800000000000004 75.2 26.400000000000002 18 41.400000000000006 7.800000000000001 24.6 64.60000000000001 0 0 0 0.6000000000000001 0.2 0.6000000000000001 0 0 0 0 0.4 0 0 0.6000000000000001 0.4 0.6000000000000001 0 0.6000000000000001 0 0.6000000000000001 0 0 0 0.6000000000000001 0 0.6000000000000001 1.2000000000000002 0 0 0 0 0 0.4 0 0 0.6000000000000001 12.8 0 0 0.6000000000000001 0.4 0 0 0.4 0.6000000000000001 0.6000000000000001 0 0 0 0 0 0 0.8 0.6000000000000001 0 0.4 0 0.4 0.6000000000000001 0 5.800000000000001 0 4.4 1.2000000000000002 0 0 8.4 4.6000000000000005 3.4000000000000004 4 3.6 2.8000000000000003 0 3 3 0 0 4.6000000000000005 0 1.8 1.4000000000000001 0 0 0 2 0 0 1.2000000000000002 0 0 0 0 0 0 0.4 0 0 0 0 5 0 0 0 1.8 0 0 0 0 0 0 0 0 0 0 0 0 0 0 0 0 0 0 0 0 0 2.6 0 0 0 0 0 1.4000000000000001 0 0 0.4 0 0 0 0 0 3.8000000000000003 4 3 12.600000000000001 1.6 0 0 3.8000000000000003 1.8 4.2 3.6 6.2 0 2.6 3.6 8.4 8.200000000000001 2 0.2 1.8 0 0 0 0.2 0 0 0.2 0 0 0 0 0 0 0.4 0 0 0 0 0 0 0 0 0.4 0 0 0 0 0 0.4 0.4 0 0 0 0 0 0 0.4 0 0 0 0 0 0 0 0 0 0 0 0 0 0 0 0.2 0 0 0 0 0 0 0 0 0 0 0 0 0 0 0 0 10 0 1 0 0 0 0 0 0 0 0 0 0 0 0 0 0 0 0 0 0 0 0 0 0 0 0.2 0 0 0 0 0 0 0 0 0 0 0 0 0 0 
 14.4 63.6 19.6 25.400000000000002 13.600000000000001 9.200000000000001 50.6 0 59.800000000000004 26 31.400000000000002 8 35.6 20.400000000000002 45.400000000000006 26.400000000000002 21 8.200000000000001 22 21.400000000000002 0 0 0.2 0.4 0.4 0.2 0 0 0.4 0 0.6000000000000001 0 15 0 0 0.4 0 0 0 0 0 0 0 0 0.2 0 0.4 0 0 0 0 0 0 0 0 0.6000000000000001 0 0 0 0.4 0.4 0 0 0.6000000000000001 0 0.6000000000000001 0 0 0 0 0 0 0 0.2 0 0 0 0 0 0 3.2 2.6 1.8 0 0 0 0.4 3.8000000000000003 5.6000000000000005 0 8.8 2.8000000000000003 6 2.2 2.2 2.8000000000000003 6.6000000000000005 2.8000000000000003 2 1.4000000000000001 0 0 0 0 0 0 0 1.2000000000000002 0.4 0 0 0 2.2 0 0 0 0 0 0 0 0 0 0 0 0 0 0 0 0 0 0 0 5 0 0 0.2 0 0 0 0 0 0 0 0 0 0 0 4.2 0 0 0 0 0 0 0 0 0 2.8000000000000003 0 0 4.6000000000000005 5.4 3 2 0 0 6.6000000000000005 0 4.4 3.8000000000000003 1.4000000000000001 2 0 0 0 3 1.6 0 3 1.4000000000000001 0 0 0 0 0 0 0 0 0 0 0 0 3.2 0 0 0 0 0 0 0 0 0 0 0 0 0 0 0 0 1.6 0 0 0 0 0 0 0 0 0 0 0 0 0.2 0 0 0 2.4000000000000004 0 0 0 0 0.2 0 0 0 0 0 0.2 0 0 0 0 0 0 0 0.4 0 0 0.4 0 0.4 0.6000000000000001 0 0 0 0 0 0 0 0 0.2 0 0 0 0 0 0 0 0 0 0 0 0 0 0 2.8000000000000003 0.2 0 0 0 0 0 0 0 0 0 0 0 0 0 
 68.60000000000001 30.6 41.400000000000006 62.800000000000004 19.6 28.8 22.200000000000003 59.800000000000004 0 48.6 29.400000000000002 24.200000000000003 42.2 35 58 41.6 11.600000000000001 18.8 61.6 33.2 0 0 0 0.6000000000000001 0.2 0.4 0 0 0 0 0.6000000000000001 0 14.4 0 0 0.2 0 0 17 0 0 0 0 0 0.2 0 0.4 0 0 0 0 0 0.4 0 0 0.6000000000000001 0 0 0 0.4 0.4 0 0 0.6000000000000001 0 0.6000000000000001 0 0 0.4 0 0 0 0 0.2 0 0 0 0 0 0 0 2 0 3 0 0 1.2000000000000002 1.8 0.2 8.4 0.8 5.6000000000000005 3.2 6.2 0 0 0.2 3.4000000000000004 0 0 1.6 0 0 0 3.4000000000000004 0 4.2 1.6 0.4 0 0 0 3.2 0 0 0 0 0 0 4.800000000000001 0 0 0 0 0 0 0.2 0 0 0 0 0 0 0 0 0.2 0 0 0 0 0 0 0 0 0.2 2.8000000000000003 0 0 0 0 0 2 0 0 0 0 0 0 0 0 4.4 5.2 3.8000000000000003 5 4.800000000000001 0 0.4 11.4 0 10.200000000000001 2 0 0.2 3.2 0.6000000000000001 2.4000000000000004 2.6 0 2.4000000000000004 3.4000000000000004 0 0.2 0 0 0 0 0 0 0 0 0 0 2.4000000000000004 0 0 0 0 0 0 1.4000000000000001 0 0 0.4 3.6 0 0 0 0 0 0 0 0 0 0 0 0 0 0 0 0 0 0 0 0 0 0 0 0 0 0 0 0.2 0 0 1.8 0 0 0 0.2 0 0 0 0 0 0 0.4 0 0 0.2 0.6000000000000001 1.8 0.8 0 0 0 0 0 0 0 0 0 0 0 0 0 0 0 0 0 0 0 0 0 0 0 0 5.4 0 0 0 0 0 0 0 0 0.2 0 0 0 0 
 25.200000000000003 25.8 63.400000000000006 52.400000000000006 13.8 73.8 5.800000000000001 26 48.6 0 56.2 26.400000000000002 73.2 17 37 52.2 7.800000000000001 23 19.8 68.2 0 0 0 0.6000000000000001 0.2 0 0 0 0.2 0 0.6000000000000001 4.6000000000000005 30 0 0 0.4 0 0 0 0 0 0 0 0 0 0.2 0.6000000000000001 0 0 0 0 7.2 0.2 0 0 0.6000000000000001 0 0 0 0.6000000000000001 0.4 0 1.2000000000000002 0.6000000000000001 0 0.6000000000000001 0 0 0 0 0 0 0 0.6000000000000001 0 0 0 0 0 0 0 3.4000000000000004 0.6000000000000001 3.6 3.4000000000000004 7.2 0 0 3.6 0 2.2 2.6 2.6 1.8 2.8000000000000003 5 2.6 8.200000000000001 0 0 0.4 8.200000000000001 0 0 0 0 3.8000000000000003 2.8000000000000003 0 0 2.2 0 6 0.6000000000000001 0.2 0 0.8 0 3.4000000000000004 0 0 0 0 0 0 0 0 0 0 0 0 0 0 0 0 0 0 0 0 1 0 0 0 0 0 0 0 0 0 0 0 0 0 0.6000000000000001 0.2 0 0 0 0 0 1.2000000000000002 2.6 2.6 2.6 5 3.4000000000000004 0 2.6 2.8000000000000003 0 2.6 0.4 0 2.8000000000000003 0 2.6 1.8 2 0 2.4000000000000004 1.8 0 0 0 0 0 2.8000000000000003 0 0 0 0 0 2 2.2 0 0 0 0.2 7.6000000000000005 1.8 0 2 4 0 0 0 0 0 2 4 0 0 0 0 0 0 0 0 0 0 0 0 0 0 0 0 0 0 0.4 0 0 0 0.4 0 0 0 0 0 0 0 0 1.2000000000000002 0 0 0 0.4 37 0 0 0.6000000000000001 1.6 1 2.2 0 0 0 0 0 0 0 0 0 6.2 0 0 0 0 0 0 0 0 0 0 0 0 0 1.8 4 0 0 0 0 0 0 0 0 0 0 0 2.2 
 29.6 6.4 75.2 51 41.400000000000006 24.400000000000002 27.400000000000002 31.400000000000002 29.400000000000002 56.2 0 28.6 7.2 14.200000000000001 27.400000000000002 35 20.200000000000003 64.60000000000001 28.6 32.6 6.2 0 0 1.4000000000000001 0.4 1 0 0 0 0.4 1 0 0.2 17.2 0 0.8 0.6000000000000001 0 15.200000000000001 1.4000000000000001 0.8 1.2000000000000002 1.2000000000000002 0.6000000000000001 0 1.4000000000000001 0.6000000000000001 0 0 0.4 0 1 1 1.4000000000000001 1.6 1 0.2 0.4 0 0.6000000000000001 0.4 0.4 0 1.4000000000000001 0.2 0.8 0 0.4 0 0.4 0.2 0.4 1 1.6 0.2 0.4 0.6000000000000001 0.8 0 1 0.4 0 0 2.6 2.2 4.2 0 6.6000000000000005 0 3.2 0 3.4000000000000004 0.4 2.6 0 0 3.2 1.4000000000000001 0 0.4 2 3.8000000000000003 0 0 0 0 0.2 6.6000000000000005 0 2 0 0.4 6 2.2 0 0 0 1.8 10.600000000000001 4.6000000000000005 0 0 0 0 0 2.6 0 0 0 0.4 0 0 0 0 0 0 0 0.4 0 0 0 0 0 0 0 0 0 0 0 0 0 0 0 0 0 0 0 0 0 0.4 0 5.2 0 1 6.6000000000000005 2.8000000000000003 4 3.4000000000000004 0 0.6000000000000001 8.4 0 0 0 3.4000000000000004 1.4000000000000001 0 2.6 0 0 4 2.2 3.2 0 0 0 0 0 2.4000000000000004 0 0 0 1.4000000000000001 2.6 2.2 1.8 0 0 7.6000000000000005 2.4000000000000004 0 0 0 0 0 0 0.4 0 0 0 0 0 0 0 0 0 0 0 0 0 0 0 0 0 0 0 0 0 0 0 0 0 0 0 0 0 0 0 0 0 0 0.2 0 0 0.2 0.6000000000000001 0 0.2 18.2 0 0.2 0.8 0 0 0 0 0 0 0 0 0 0 1.4000000000000001 0 0 0 0.4 0 0 0 0 2 0 0 0 2 0.4 0 0 0 0 0 0 0 0 0 0 0 0 0 
 23 81.4 66.4 73.8 42.2 46.6 5.800000000000001 8 24.200000000000003 26.400000000000002 28.6 0 7.4 25 8.200000000000001 6.2 39.400000000000006 29.400000000000002 7.800000000000001 6.800000000000001 29.6 15.600000000000001 0.4 0.8 0 0 0.6000000000000001 0 15 0 0.4 0 7.4 0 0 0.4 0 0.2 0 0 0 0 0 0 0 0 0.6000000000000001 0 0 0 0 0 0.6000000000000001 0 0 0.6000000000000001 0 0 0 0.6000000000000001 0.4 0 9.8 0.4 0 0.6000000000000001 0 0 0 0 0 0 0 0.6000000000000001 0 0 0 0 0 0 4 0 0.4 0 2 5.2 0 3.2 1 0.8 0 2.2 0 0 4 3.2 0 3.4000000000000004 0 0 3.4000000000000004 2.6 0 0 2 0 3 4 0 0 0 0 3 0 0 2 1.8 4.2 4.6000000000000005 8.4 0 0 0 0 0 0 0 0 0 0 0 0 0 0 0 0 1.6 0 0 0 0 0 0 0 0 0 0 0 0 0 0 0 0 0 0 0 0 0 0 0 0 1.2000000000000002 0 6.2 0 5.4 0.8 5 0.4 2.2 0 3.4000000000000004 0 0 5.4 4.2 4 4.2 1 0 2.6 3.4000000000000004 0 0 0 0 0.2 2.2 0 0 1.8 3 5.2 0 2 0 0 0 2 5.6000000000000005 0 3.4000000000000004 3.6 0 0 0 0 0 0.4 0 0 0 0 0 0 0 0 0 0 0 0 0 0 0 0 0 0 0 0 0 0 0 0 0 0 0 0 0 0 0 0 1.4000000000000001 0 0 0 0.6000000000000001 18.400000000000002 0 18 9.8 0 0.6000000000000001 0 0 0 0 0 0 0 0 0 0 0 0 0 0 0 0 0 0 0 0 6 0 0 0 2.2 2.4000000000000004 0 0 0 0 0 0 0 0 0 0 0 0 
 37 73.4 89.60000000000001 29.200000000000003 9.8 3.6 41.800000000000004 35.6 42.2 73.2 7.2 7.4 0 78.60000000000001 25.8 27.6 87.4 11 35.4 107.60000000000001 0 0 0 1 0.4 0 0 0 0 0 7.2 0 0 0 0 40.6 0 0 0 0 0 0 0 0 0 0 0.6000000000000001 0 0 0 0 0 0 0 0 0.6000000000000001 0 0 0 0.6000000000000001 0.4 0 0 0.6000000000000001 0 0.6000000000000001 0 0.8 0 0 0 0 0 0.6000000000000001 0 0 0 0 0 0 2.8000000000000003 1.4000000000000001 0.4 3.8000000000000003 0 0 10 2 2.8000000000000003 3.4000000000000004 6.4 3.2 1.4000000000000001 8.8 0 0 6.800000000000001 6.6000000000000005 1 0.8 0 0 0 0 0 0 0 0 0 0 0.2 0 0 0 0 0 0 0 0 0 0 0 0 0 0 0 0 0 0 9.600000000000001 0.4 0 0 0 0.2 2.6 0 0 0 0 0 0.4 0 0 0 2 0 0 0 0 0 2 0 0 0 0 0 0 0 0 10.200000000000001 8.6 3 0 0 0 4.4 2.6 0 5 1 4.800000000000001 0 9.4 0 6.6000000000000005 3.4000000000000004 0 4 6 0 0 0 0 0 0 0 0 0 0 0 0 0 0 0.4 0 0 0 0 0 0 0 0 0 0 0 0 0 0 0 0 0 0 0 0 0 0 0 0 0 0 0 0 0 0 0 0 0 0 0 0 0 0 0 0 0 0 0 0 0 0 0 0 0 0 0.2 0.4 0.4 0.4 0 2 0.8 0 0 0 0 0 0 0 0 0 0 0 0 0 0 0 0 0 0 0 0 0 0 0 2 4.4 0 0 0 0 0 0 0 0 0 0 0 0 0 
 28.400000000000002 78 74.8 19.400000000000002 11.8 28.200000000000003 75.2 20.400000000000002 35 17 14.200000000000001 25 78.60000000000001 0 35 25.6 82.4 22.6 91 63.800000000000004 0 0.6000000000000001 0 0.6000000000000001 0.2 0.4 0 0 0 0.4 0.4 0 0.4 0 0 0 0 18.400000000000002 0 0 0 0 0 0 0 0 0.6000000000000001 0 0 0 0 0 0 0 0 0.6000000000000001 0 0.2 0 1 1.2000000000000002 0 0 10.8 0 0.6000000000000001 0 0 0 0 0 0.4 0 0.8 0 0 0.2 0 0 0 5.2 0 2.4000000000000004 4 0 1.8 4.800000000000001 6 5 5.6000000000000005 4 4.2 0.4 1.6 5.800000000000001 1 2.2 3.8000000000000003 0 3 4.4 0 0 0 0 0 0 0 0 0 0.2 0 0 0.4 0 0 0 0 0 0 0 0 0.2 0 0 0 0 0 1.2000000000000002 0 0 0 0 0 0 0 0 0 0 0 2.8000000000000003 0 0 0 0 2.2 0 0 2 0.2 0 1 0 0 0 0 0 0 0 0 12.200000000000001 11 3.4000000000000004 0.4 0 1.6 2 0 4 0 0 4.800000000000001 1.6 0 7.2 3.6 4 5.800000000000001 0 0 0 0 0 0 0 0 0.2 0 0 0 0 0 0 0 0 0 0 0 0 0 0.4 0 3.6 0 0 0 0 0.4 9.8 0 0 0 0 0 0 0 0 0 0 0 0 0 0 0.4 0 0 0 0 0 0 0 0 0 0 0 0 0.6000000000000001 0 0 0 0 0 2 0 0 0.4 18.6 0.2 0.8 17.8 0.4 0 0 0 0 0 0 0 0 0 0 0 0 0 0 0.4 0 0 0 0 0 0 0 0.4 0 0 0 2 0 0 0 0 0 0 0 0 0 0 0 0 
 28 72.60000000000001 35.6 11.8 76.2 11.200000000000001 26.400000000000002 45.400000000000006 58 37 27.400000000000002 8.200000000000001 25.8 35 0 16 17 23.400000000000002 55.6 91.60000000000001 0 0 0 0.6000000000000001 0.4 0 0 0.4 0 0 0.4 0 0 0 0 0 0 0 0 0 0.4 0 0 0 0 2.2 0.6000000000000001 0 0 0 0 0 0.2 0 0.6000000000000001 0.6000000000000001 0 0 0 0.6000000000000001 0.4 0 0 0.4 0 0.6000000000000001 0 0 0 0.4 0 1 0 0.6000000000000001 0 0 0 0 0 0 2.4000000000000004 4.4 3.4000000000000004 0 0 0 2.2 1.6 4.2 0.2 7.6000000000000005 0.8 5 8.4 3.6 7.6000000000000005 12.8 2.6 1 0.4 0 0 0 0 0 0 0 0 0 0 0 0.4 0 0 0 0 0 0 2.6 0 0 0 0 0 0 0.2 0 0.2 0 2.6 0 0 0 0 0 0 0 0.4 0 0 0 0 0 0 0 0 0 0 0 0.4 0 0 0 0 0 0 0 0.2 0 0.4 3.6 10.600000000000001 1 3.6 1.6 0 4.2 0 4.800000000000001 4.800000000000001 2.2 3.4000000000000004 2.4000000000000004 3 1.8 10.8 3.2 4.800000000000001 0 0 0 0 0.2 0 0 0 0 0 0 0 0 0 0 0 0 0 0 0 0 0 0 0 0 0 0 0 0.4 0 0 0 0 0 0 0 0 0 0 0 0 0 0 0 0 0 0 0 0 0 0 0 0 0 0 0 0 0 0 0 0 0 0 0 0 0 0.2 0.2 0 0 0.6000000000000001 1 2.6 0.6000000000000001 0 0 0.4 0 0 0 0 0 0 0 4 0 0 0 0 0 0 0 0 0 0 0 0 2 3.2 0 0 0 0 0 0 0 0 0 0 0 0 0 
 68.60000000000001 13 28.400000000000002 7.2 10.8 24.6 18 26.400000000000002 41.6 52.2 35 6.2 27.6 25.6 16 0 13 42.800000000000004 49.400000000000006 35.4 5.800000000000001 0 0 0.6000000000000001 0.4 0 0 0 0.8 0 8 0 6.800000000000001 0 0 0 0 0 14.600000000000001 0 0 0 0 0 0 0 0.6000000000000001 0 0 0 0 0 0.4 2.2 0 0.6000000000000001 0 0 0 0.6000000000000001 0.4 0 0.8 0.6000000000000001 0 0.6000000000000001 0 0 0 0 0 0 0 0.6000000000000001 0 0 0 0 0 0 0 7.6000000000000005 3.6 1.8 2.4000000000000004 2.4000000000000004 0 9 3.6 15.200000000000001 2.8000000000000003 5 10.4 7 1.6 1.6 4.6000000000000005 6.800000000000001 0 0 0 2.6 0 0.2 0 0 2.6 0.2 0 0 0 0 4 3.2 0 0.2 0 0.2 0 0.4 0 0 0 0 0 0 0 0 0 0 0 0 0 0 0 0 0 0 0 0 0 0 0 0 0 2.8000000000000003 0 0 0.4 0 0 2 0 0 0 0 0 0 0 0 4.4 3.2 10.4 4.800000000000001 6.6000000000000005 0 0 1.8 2 2.4000000000000004 1.8 2.8000000000000003 0 0 0 4.4 5.2 0 0 0.4 0 0 0 0 0.2 0 1.8 0 0 0 0 0 0 3.8000000000000003 0 0 0 0 0 0 0 0 0.2 0 0 0 0 0 0 0 2.2 0 0 0.2 0 0 0 0 0 0 0.4 0 0 0 0 2.2 0 0.2 0 0 0 0 0 0 0 0.4 0 0 0 0 0 0 0 0 0 0 0.2 0.4 0 17 1.4000000000000001 0.2 1.6 0 0 0 0 0 0 0 0 0 0 0 0 0 0 0 0 0 0 0 0 0 0 0 3 0 0 0 0 0 0 0 0 0 0 0 0 1.8 
 84.4 8 32.800000000000004 7.2 11 13 41.400000000000006 21 11.600000000000001 7.800000000000001 20.200000000000003 39.400000000000006 87.4 82.4 17 13 0 35.2 23.200000000000003 25.400000000000002 0 0 0.4 0.6000000000000001 0.4 1.2000000000000002 0.2 0 0 0.8 1 0.2 0 0 0 0.2 0 0.8 0.2 1.2000000000000002 0.2 0 0.6000000000000001 0 0 0.4 0.6000000000000001 0 0 10.4 0 0.6000000000000001 0.8 0.6000000000000001 0 0.6000000000000001 0 0 0 0.6000000000000001 0.4 0 0 0.4 0 0.6000000000000001 0 0 0 10 0 1.2000000000000002 0 0.6000000000000001 0.6000000000000001 0 0 0 0.6000000000000001 0.4 2.4000000000000004 5.4 4.6000000000000005 0 0 0 0 1.8 1.4000000000000001 5.6000000000000005 2.4000000000000004 13.4 3 4.4 15.600000000000001 9.4 8.8 1.2000000000000002 0 2.2 0 0 0 0 0 0.2 0 3.2 0 0 0 0 0 0 0 0 0 0 0.2 0 0 0 0 0 0 0 0 0 0 0 0 0 0 0 0 0 0 0 0 0 0 1.4000000000000001 0 0 0 2.8000000000000003 0 0 0 0 0 2.2 0 0 4.800000000000001 0 0 0 0 0 3.2 4 3.8000000000000003 1.8 2 5 0 0 2.8000000000000003 2 2 0 2.4000000000000004 0 0 3 2.8000000000000003 3.4000000000000004 0 0 0 0 0 0 0 0 0 0 0 0 0 0 0 0 0 0 3 0 0 0 0 0 0.2 0 0 0 0 0 0 0 0 0 0 0 0 0 0 0 0 0 0 0 0 0 0 0 0 0 0 0 0 0 0 0 0 0 0 0 0 0 0 0 0 0 0 0 0 0.2 0.2 0 0.2 0 0 0 0 0 0 0 0 0 0 0 0 0 0 0 0 0 0 0 0 0 0 0 0 0 0 0 0 0 0 0 0 0 0 0 0 0 0 0 
 24 44.800000000000004 23.8 69.8 32.4 24.8 7.800000000000001 8.200000000000001 18.8 23 64.60000000000001 29.400000000000002 11 22.6 23.400000000000002 42.800000000000004 35.2 0 14.4 10.8 0 0 0 0.8 0.4 0 0 0 0 0 0.4 0 0 0 0.2 0.2 0 0 0 0 0 0 0 0 0 0.8 0.6000000000000001 0 0 0 0 0 0.4 0 1.4000000000000001 11.8 0 0 0 0.6000000000000001 0.4 0 0 0.6000000000000001 0 0.6000000000000001 0 0 0 0 0 1.4000000000000001 0 0.6000000000000001 0 0 0 0 0 0 0.4 5.6000000000000005 3.4000000000000004 0 2.8000000000000003 4.2 0 11.200000000000001 0.8 5.800000000000001 0.8 8 5.4 2.2 2.2 0 7.6000000000000005 0 0 0.2 4.4 0 0 0 0 0 0.4 2.8000000000000003 3 0 0 0.2 10.600000000000001 0 0 0 0 0 8 0.2 0 0 0 0 0 0 0 0.4 0 0.2 0 0 0 0 0 0 0 0 0 0 0 0 0 0 0 0 0 0 0 0 0 0 0 0 0 0 0 4.2 0 0.2 0 2.2 0 1.4000000000000001 16.400000000000002 3.8000000000000003 0 3.6 3.4000000000000004 7.4 4.6000000000000005 1.8 3 0 2 6.4 3.2 7 0 0 0 0 0 0 0 0 0 0 2 2 0 0 0 0 0 0 0 0 3 1.2000000000000002 0 0 0 0 0 0 0.2 4.2 0 0 0 0 0 0 0 0 0 0 0 0 0 0 0 0 0 0 0 3 0 0 0 0 0 0 0 0 0 0 0 0 0 0.4 0 0 0.4 0.4 0.8 0 0.4 17.2 0 0.4 0 0 0 0 0 0 0 0 0 0 0 0 0 0 0 0 0 0 0 0 0 0 0 0 0 0 0 0 0 0 0 0 0 0 0 0 0 0 
 46.800000000000004 68.4 27.200000000000003 21.200000000000003 18.400000000000002 11.600000000000001 24.6 22 61.6 19.8 28.6 7.800000000000001 35.4 91 55.6 49.400000000000006 23.200000000000003 14.4 0 47.800000000000004 0.4 0 0 1.4000000000000001 1 0.2 0.4 0 0 0 0.8 0 0 0 0 0 0 0 0 0.4 0 0 0 0 0 0 0.6000000000000001 0 0 0 0 0 0.4 0.4 3 1.2000000000000002 0 0 0 0.6000000000000001 0.4 0 0.2 0.6000000000000001 0 0.6000000000000001 0 0 0 0 0 0.6000000000000001 0 0.6000000000000001 0 0 0 0 0.6000000000000001 0 6.800000000000001 3.2 11.200000000000001 0.2 0 0 3.8000000000000003 0.4 1.6 0.2 5.6000000000000005 0 0 7.6000000000000005 2.4000000000000004 1.6 5.2 0.2 4.2 4.2 0 0 0 0 0 0 0 0 0 0 0 0 0 0 0.2 2.4000000000000004 0 0 0 0 0 0 0 0 0 0 0 0 0 0 0 0 0 0 0 0 0 0 0 0 0 0 0 0 0 0 0 0 0 0 0 0 0 0 0.2 0 0 0 0 0 7.2 0.8 2 0.4 0 0 9 0 4.6000000000000005 3 0 3.4000000000000004 2 2.6 0.2 2.8000000000000003 2.8000000000000003 2 0 4.6000000000000005 0 0 0 0.4 0 0 0 0 0 0 0 0 0 0 0 0 0 0.2 0 0 0 0 0.2 0 0 0 0 0 2.8000000000000003 0.2 0.6000000000000001 0 0 0 0 0 0 0 0 0 0 0 2.8000000000000003 0 0 0 0 0 0.4 0 0 0 0.4 0 0 0 0 0 0 0 0 0 0 0 0 0.4 0 0 0.2 0.6000000000000001 0 1 0 0 0 0 0 0 0 0 0 0 0 0 0 0 0 0 0 0 0 0 0 0 0 2.6 0 0 0 0 0 0 0 0 0 0 0 0 0 0 
 26.8 29.400000000000002 13.600000000000001 18.8 24.8 18.8 64.60000000000001 21.400000000000002 33.2 68.2 32.6 6.800000000000001 107.60000000000001 63.800000000000004 91.60000000000001 35.4 25.400000000000002 10.8 47.800000000000004 0 0.4 0 0.4 1 0.4 0 0.6000000000000001 0 0.4 0 0.8 0 1 0.4 0.4 0 0 0.4 0.2 0 0 0 0 0 1.4000000000000001 0 0.6000000000000001 0 0 6 1 0 0.2 0 0.4 0.6000000000000001 0 0 1 0.6000000000000001 1.2000000000000002 0 0 0.8 0 0.6000000000000001 0 1 0 0 0 0 0 0.6000000000000001 0 0 1 0 0 0 5.4 4 0 4 0 0 15.200000000000001 2.2 2.2 4.2 5 4 0 6.800000000000001 0 0 3.6 1.8 1.2000000000000002 13.8 0 0 0 0 0 0 0 0 0 0 0 0 0 0 0 0 0 0 0 0 0 0 0 0 0 0 0 0 0 0 0 0 0 0 0.6000000000000001 0 0 0 0 0 0 0 0 0 0 5.4 0 0 0 0 0 0.8 0 0 0 0 0 0 0 0 8.8 0 5.2 1.6 0 0 3.8000000000000003 2.8000000000000003 0 5 0.4 4 2.8000000000000003 2.6 3 0 1.4000000000000001 0 4.6000000000000005 2.8000000000000003 0 0 0 0.4 0 0 0 0 0 0.2 0 0 0 0 0 0 0 0 0 0 0 0 0 0 0 0 0 0 0 0 0 0 0 0 0 0 0 0 0.2 0 0 0 0 0 0 0 3.6 1.6 0 0 0 0 0 0 0.4 0 0 0 0 0 0 0 0 0 0 0 0.4 0 0 0.4 0 0.4 0 0 0 0 0 0 0 0 0 0 0 0 0 0 0 0 0 0 0 0 0 0 0 2.6 0 0 0 0 0 0 0 0 0 0 0 0 0 0 
 0 0.4 0 0 3.8000000000000003 1.6 0 0 0 0 6.2 29.6 0 0 0 5.800000000000001 0 0 0.4 0.4 0 23 19.400000000000002 19.6 21.8 14 75 54 6 8.8 5.800000000000001 7.2 40.2 58.6 109.2 40.400000000000006 8 18.2 6.800000000000001 8.200000000000001 0.6000000000000001 0 0 0 0.6000000000000001 0 0 0 0.6000000000000001 0 0.6000000000000001 0 0.8 0.6000000000000001 0.6000000000000001 0 0 0 0.6000000000000001 0 0 0.8 0 1 0 0 0 0 0.4 0 0 0 0.6000000000000001 0 1.2000000000000002 0 0.4 0.2 0 0.6000000000000001 0 0 0 0 1.4000000000000001 3.6 0 0 0 9.8 0 0 0 0 0 0 0 1.2000000000000002 0 0 2.4000000000000004 0 2.2 1 0 3.8000000000000003 1 0 5 2 2 0.4 5.800000000000001 2.6 2 7.6000000000000005 3.6 9.600000000000001 1.8 4.2 3.2 0 0 0 0 0 0 0 0 0 0 0 0.2 0 0 0 0 0 0 0 0.2 0 0 0 0 0 0.6000000000000001 0 0 0 0 0 0.8 0 0 0 0 0 0 0 0 0 0 0 0 2.8000000000000003 1.2000000000000002 0.8 0 0 0 0 0 0 1 0 0 0 0 0 13 3.4000000000000004 1.6 5.2 2.8000000000000003 2.2 4.800000000000001 3.2 0.2 6 0 9 2.6 0 5.2 14.8 3.2 4.4 4.2 5.800000000000001 0 0 0 0 0 0 0 0 0 0 0 0 0.2 0 0 0 0 0 1.6 0 0 0 0 0 0 0 0 0 0 0 0 0 0 0 0 0 0 0 0 0 0 0 0 0 0 0 14.4 0 0 0 0 0 0 0 2 0.4 0 0.4 0 0 0.8 0 0 0 0 0 0 0 0 0 0 0 0 0 0 0 0 0 0 0 0 1.8 0 0 0 0 0 0 0 0 
 0.4 0 0 0 0.2 0 0 0 0 0 0 15.600000000000001 0 0.6000000000000001 0 0 0 0 0 0 23 0 45.400000000000006 59 22.200000000000003 15.4 33.2 78.2 31.8 9.200000000000001 36.800000000000004 37.800000000000004 69.2 21 12 50.800000000000004 53 41.2 21.400000000000002 23 0 0.2 0.6000000000000001 0 0.6000000000000001 0.4 0.4 41 41.6 0 0.6000000000000001 0.2 1 0.8 0.6000000000000001 0 0 0 0.6000000000000001 0 0 1.4000000000000001 10 0.6000000000000001 0.4 0 0.2 0 0.6000000000000001 0 0 0 1 0 2.2 0.4 0 0.6000000000000001 0.4 0.6000000000000001 0 0 0 0 0.4 1.2000000000000002 0 0 0 0 0 0 0 0 0 0 0 0 0 0 2.2 2.4000000000000004 2.2 2.6 0 2.8000000000000003 0 11 3.8000000000000003 16.8 7.800000000000001 3.2 1.8 1.8 3.2 3 4.6000000000000005 0 0 3.4000000000000004 0 0 0 0 0 0 0 1.4000000000000001 0 0 0 0 1.4000000000000001 0 0 2.4000000000000004 0 0 1.6 4.800000000000001 0 0 0.8 1.6 0 0 0 0 0 0 0 0 0.8 0 0 0 0 0 0 0 0 0 0 0 0 0 0 0 0 0 0 0 0 0 0 0 0 0 0.6000000000000001 0 0.4 0 0 0.2 2 6.6000000000000005 1.4000000000000001 1.4000000000000001 0 2.8000000000000003 5 1.8 1.8 2.4000000000000004 2.2 1.8 11.200000000000001 0.6000000000000001 0 0 0 3 0 0 0 0 5.2 0 0 0 0 0 1.4000000000000001 3 0 0 0 0 0 0 0.2 0 0 0 0 0 0 0 0 0 0 0.8 0 0 0 0 0 0 0 0 0 0 0 0 0 0 0 0 0 0 0 0 0 0 3.6 0.4 0.2 16.2 15.600000000000001 0 0.8 0 0 0 0 0 0 0 0 0 0 0 0 0 0 0 0 0 0 0 0 1.4000000000000001 0 0 0 0 0 0 0 0 
 0 0 0.6000000000000001 0 0.4 0 0 0.2 0 0 0 0.4 0 0 0 0 0.4 0 0 0.4 19.400000000000002 45.400000000000006 0 51.6 42.400000000000006 9 28.200000000000003 58.800000000000004 39 26.400000000000002 25.400000000000002 14 17.2 14 11.8 21 30.400000000000002 8.6 22 38.400000000000006 0 0 0 0 0.6000000000000001 0 13 0 10 0 0.6000000000000001 0.6000000000000001 9.200000000000001 0.6000000000000001 0.6000000000000001 0.4 0 0.4 6.6000000000000005 0.2 0.2 1.2000000000000002 0 0.6000000000000001 0.4 0 0 0 0.4 1.4000000000000001 0.4 0.2 5.6000000000000005 10.600000000000001 1.8 0 0 0.2 0 0.6000000000000001 0 0 0 0 0 0 0.2 0 0 0 0 0 0 0 0 0 0 0 0 0 0 9 0.2 3.2 5.2 8.8 0 4 7.6000000000000005 3 3.8000000000000003 0.2 0 1.2000000000000002 7.800000000000001 1.2000000000000002 2.6 0 0 3.8000000000000003 2.8000000000000003 0 0 0 2.2 0.4 2.8000000000000003 3.6 0 0 0 0 3.2 1.6 0 0 0 0 2.4000000000000004 14.600000000000001 0 0 2.4000000000000004 0.4 0 0 0 0 0 0 0 0 0 0 0 0 0 0 0 0 0 0 0 0 0 0 0.2 0 0 0 0 0 0 0 0 0 0 0 0 0 2 0 3.2 0 0.4 1.6 1.8 0 5.2 0.2 2.8000000000000003 1 0.8 3 0 0 0.2 3.8000000000000003 2.8000000000000003 0 2.4000000000000004 4.4 0 0 0 0 4 0 0 0 0 0 7.4 2.8000000000000003 0 4.6000000000000005 0 0 0 0 0.4 0 0 0 0.2 0 0 0 0 0 0 0 0 0 0 0 0 0 0 0 0 0 0 0 0 0 0 0 0 0 0 0 0 0 5.2 0 0 0 0.2 0 0.4 0 0 0 0 0 0 0 0 0 0 0 0 0 0 0 0 0 0 1.4000000000000001 0 0 0 0 0 6.4 0 0 0 0 
 0.4 0.6000000000000001 0.6000000000000001 0.6000000000000001 0.8 0.4 0.6000000000000001 0.4 0.6000000000000001 0.6000000000000001 1.4000000000000001 0.8 1 0.6000000000000001 0.6000000000000001 0.6000000000000001 0.6000000000000001 0.8 1.4000000000000001 1 19.6 59 51.6 0 23.400000000000002 48.400000000000006 43.800000000000004 43.800000000000004 53.800000000000004 30.8 59.6 21.6 73.2 13.600000000000001 11.4 56 9.8 40.6 13 27.6 25.400000000000002 0 0 0 0.6000000000000001 0 0 0 0.6000000000000001 0 0.6000000000000001 0 1.2000000000000002 0.6000000000000001 0.6000000000000001 0 0 0 17.2 12.8 0 0 0 0.4 0 0 0 0 0.2 0 0 0 16.6 0 0.6000000000000001 7.6000000000000005 0 0.4 0 0.6000000000000001 0 0 0 0 0 0.4 0 0 0.2 0 0 0 0 0 0 0 0 0 0 0 3.8000000000000003 0 0.2 11.200000000000001 0.4 4.2 0 0 4.6000000000000005 0 0 2.8000000000000003 0 0 10.600000000000001 3.8000000000000003 0 2.4000000000000004 0 0 0 4.6000000000000005 0 0 0 0 2.2 0 0 0 0 0 4.800000000000001 3.4000000000000004 1.6 0 0 0 9.600000000000001 1.8 0 0 0 0 0 0 0 0 0 0 0 0 0 0 0 0 1.4000000000000001 0 0 0 0 0 0 0 0 0 0 0 0 0 0 0 0.4 0 0 0 0 0 0 0 12 0 2.2 0.4 3.8000000000000003 1.6 4 2.6 0 17 8.4 14.200000000000001 0.6000000000000001 0 0 6.2 5.4 7.6000000000000005 0 0 6.2 2.2 0 0 0 0 2 3.6 0 0 0.4 0 0 1.4000000000000001 1.2000000000000002 0.4 0 0 2.8000000000000003 3.4000000000000004 0 0 0 0 0 0.2 0 0 0 0 0 2.6 0 0 0 0 0 0 0 0 0 0 0 0 0 0.4 0 0 0 0 0 0 0 0 3.6 0 0 10.200000000000001 0 0 0.4 0.6000000000000001 0 0 0 0 0.2 0 0 0 0 0 0 0 0 0 0 0 0 0 0 0 0 0 0 0 0 0 0 0 
 0.4 0.6000000000000001 0.4 0.4 0 0.4 0.2 0.4 0.2 0.2 0.4 0 0.4 0.2 0.4 0.4 0.4 0.4 1 0.4 21.8 22.200000000000003 42.400000000000006 23.400000000000002 0 10.200000000000001 12 48.800000000000004 68.4 21.8 19 29 26 15.600000000000001 17.400000000000002 21.200000000000003 10.200000000000001 20.400000000000002 12.200000000000001 15.8 29.6 0 0 0 1 0 4.800000000000001 0 0.6000000000000001 0.2 0.6000000000000001 0.2 1.2000000000000002 13 13 13.200000000000001 0 13 0.8 0 0.4 0.8 0 0.2 0 0 0.2 0 0.4 0 0 0 1.2000000000000002 0 1.8 0.8 0 0.2 1.2000000000000002 0.8 0 0 0 0 0 0 0 0 0 0 0 0 0 0 0 0 0 0 0 0 0 0 0 10 0.4 3.8000000000000003 0 0 7.4 2.2 0.8 0 0 0 3.6 0 13.8 2 0 0 0 0 0 2.8000000000000003 0 4 3 0.6000000000000001 0 3.4000000000000004 0 0 5.2 5.4 2 1.6 0.2 0 4.800000000000001 7.2 0.4 0 0 0 0 0 0 0 0 2.2 0 0 0 0 0 0 0 0.4 0.8 0 0 0 0 0 0 0 0 0 0 0 0 0 0 0 0.2 0 0 0 0 0 0 0 0 0.4 0 0 0 0 0 2.6 3.4000000000000004 0.2 0 0 0 0 3.8000000000000003 5.6000000000000005 0 0 0 0.4 0 0 0 0 4 7.800000000000001 0 2.2 2 1.4000000000000001 4.2 0.2 2.8000000000000003 3.2 2 0 0 0 0 0.4 0 0 0 0 0 0 0 0 0 0 0 0 0 0 0.2 0 0 0 0 0 0 0 0 0 0 0 0 0.2 0 0 0 0 1.4000000000000001 0 0 0.6000000000000001 0 0 0 0 0 0 0 0 0 0 0 0 2.6 0 0 0 0 0 0 4 0 0 0 0 0 0 0 0 0 2 0 0 
 0.2 0 0 0 0 0 0.6000000000000001 0.2 0.4 0 1 0 0 0.4 0 0 1.2000000000000002 0 0.2 0 14 15.4 9 48.400000000000006 10.200000000000001 0 7.800000000000001 22 12.8 12.8 19.8 28 12.600000000000001 60.6 9.8 18.2 29 14.600000000000001 11.4 70 12.8 0 10.8 0.4 0.6000000000000001 0.4 4.2 1 0.8 0 0.6000000000000001 2 0.8 1.2000000000000002 0.6000000000000001 0.6000000000000001 10.8 0 13 24.8 0 0 0 0 0 0.2 0 0 0.6000000000000001 12 0 0 0.8 0 0.6000000000000001 0 0 19.6 0 0.6000000000000001 0 0 0 0 0 0 0 0 0 0 0 0 0 0 0 0 0 0 0 0 0 2.6 8.200000000000001 4.6000000000000005 0 3.8000000000000003 0 0 18 0 2.8000000000000003 3.6 0 0 0 0 3.2 0 0 0 4.4 0 8.6 0 0 0 9 8.8 0 0.4 0 2.4000000000000004 5.6000000000000005 3.2 5 0 0 1 0 0.2 0 0 0 0.2 0 0 0 0 0 0 0 0 0.4 0 0.2 0 0 0 0 0 0 0 0 0 3.6 0 0 0 0 0 0 0 0 0 0 0 2 0 0 0 0 2.4000000000000004 0 3 4 8.8 0 9.4 0 2.6 1.8 0.2 0 0 0 0 0 0 0 0 2.8000000000000003 4 0 0 0 0 13.200000000000001 3.4000000000000004 0 0.2 4.2 0 0 4.2 0 2.6 0 3.6 2.6 0 0 0 0 0 0 0 0 0 0 0 0 0 0 0 0 0 0 0 0 0 0 0 0.2 0 0 0 0 0 0 0 0 0 5.6000000000000005 0 2.2 1 0.2 19 1.2000000000000002 0 0 0 0 0 0 0 0 0 0 0 0 0 0 0 0 0 0 0 0 0 0 1.8 0 0 0 0.4 2 0 0 0 
 0 0 5 5.4 14.8 0 0 0 0 0 0 0.6000000000000001 0 0 0 0 0.2 0 0.4 0.6000000000000001 75 33.2 28.200000000000003 43.800000000000004 12 7.800000000000001 0 18.400000000000002 14 5.4 8 21.400000000000002 32.800000000000004 11.8 66.4 18.400000000000002 6.4 44.6 24.200000000000003 42.800000000000004 0 0.2 0 0 0.6000000000000001 11.200000000000001 0 0 0.6000000000000001 0 0.6000000000000001 0 1 1 0.6000000000000001 0 0 0 0.6000000000000001 0 0 0 0 0.2 0 0 0 0 0.4 0 0 0 0.6000000000000001 0 0.8 0 0 0.6000000000000001 0 0.6000000000000001 0 3.6 0 3.4000000000000004 0.6000000000000001 1 0 0 0 0 0 0 0 0 0 0 0 0 0 0 5.4 12.600000000000001 0 8.200000000000001 0 0 3.6 0 4.800000000000001 0 2.2 1.8 1.4000000000000001 3 0.4 6.2 0 4.800000000000001 0.4 2.2 0 0 0 0 0 0 0 0 0 0 0 0 0 0 0 0 0 0 0.2 0 0 0 0.2 0 0.8 0 0 0 0 0 0 0 0 0 0 0 0 0 0 0 0 0 0 0 0 0 0 0 0 0 0 3.2 0 0 3 0 0 0 3.4000000000000004 0 10.8 0 5.2 2.4000000000000004 2.2 4.800000000000001 3.6 10.4 2.2 4.4 0 12 0 4.2 4.4 1.6 1.4000000000000001 7.4 3.4000000000000004 2.2 0 0 0 0 0 0 0 0 0 0 0 0 0 4.2 0 0 0 0 1.4000000000000001 0 0 0 0 0 0 0 0 0 0 0 0 0 0 0 0 0 0 0 0 0 0 0 0 0 0 0 0 0 0 0 0 0 0 0 1.6 0 0.2 15.8 15.4 0.4 0.6000000000000001 0.4 0 0 0 0 0 0 0 0 0 0 0 0 0 0 0 0 0 0 0 3.2 0 0 0 0 0 0 0 0 
 0 0 0 0 0 0 0 0 0 0 0 0 0 0 0.4 0 0 0 0 0 54 78.2 58.800000000000004 43.800000000000004 48.800000000000004 22 18.400000000000002 0 33.800000000000004 9.4 8.8 35.6 72.60000000000001 43.800000000000004 10 30.8 20.200000000000003 33.800000000000004 6.6000000000000005 21.200000000000003 0 0 0 0 0.6000000000000001 0 0 0 12.8 0 0.6000000000000001 0 0.8 0.6000000000000001 0.6000000000000001 14.600000000000001 0 0 0.6000000000000001 0 0 1.2000000000000002 0 0 0 0 0 0 0.6000000000000001 0 0 0 0.6000000000000001 0 2 0 0 0.8 0.8 0.6000000000000001 0 0 0 0 0 0 0 0 0 0 0 0.4 0 0 0 0 0 0 0 0 0 2.8000000000000003 3.4000000000000004 8 2 1 0 0.2 5 6.2 5.6000000000000005 4.800000000000001 0 0 4 0 3.4000000000000004 7.2 0 0 0.4 0 0 4 0 0 0 0 0 0 0 0 0 0 0 0 0 0 1.6 6.6000000000000005 0 0 0 0 0 0 0 0 0 0 0 0 0 0 0 0 0 0 0 0 0 0 0 0 0 0 0 0 0 0 0 0 0 0 0 0.4 0 0 0 0 4 0 4.800000000000001 3.2 0 4.2 2 0 0.4 4.4 5.6000000000000005 0.6000000000000001 0 0 0 4.2 3.4000000000000004 11.4 0 0 0 0.6000000000000001 0 0 0 0 11.600000000000001 0 0 0 0 0 8.4 0 4 0 0 0 3.2 0.2 0 0 0 0 0 0 0 0 0 0 0 0 0 0 0 0 0 0 0 0 0 0 0 0 0 0 0 0 0 0 0 0 0 0 1.2000000000000002 0 0 15.600000000000001 0 0 0 2 0 0 0 0 0 0 0 0 0 0 0 0 0 0 0 0 0 0 0 0.8 0 0 0 0 0 0 0 0 
 0 0 0.4 0.4 17.2 14.8 0 0.4 0 0.2 0 15 0 0 0 0.8 0 0 0 0.4 6 31.8 39 53.800000000000004 68.4 12.8 14 33.800000000000004 0 15.200000000000001 49.800000000000004 17.2 58 61.400000000000006 67.2 39 52.2 54.6 15.200000000000001 14.8 0 0.6000000000000001 1 0 10.600000000000001 1.8 1.2000000000000002 0.4 0.6000000000000001 0 0.6000000000000001 0 0.2 0.6000000000000001 0.6000000000000001 0 0 16.8 0.6000000000000001 0.6000000000000001 0 5.2 0 0.4 0.4 5 0.2 0 0.2 0 0 0 1 0 13 0.4 0 1 0.4 0.6000000000000001 0 0 2.4000000000000004 0.2 2.4000000000000004 0 0 0.2 0 0.8 0 0 0 0 0 0 0 0 0 0 2.4000000000000004 2.8000000000000003 0.2 3 4 2.4000000000000004 4.2 2.6 6.6000000000000005 9.8 4.800000000000001 0 0 4.6000000000000005 5.2 3.8000000000000003 4.4 0.2 0.8 0 0 0 0 0.2 1.8 0 3.6 1.4000000000000001 0 0 0 0 1.4000000000000001 0.4 0 0 0 0 5.2 4.6000000000000005 0 0 1.4000000000000001 0 0 0 0 0 1 0 0 0 0 0 0 7.6000000000000005 0 0 0 0 0 0 0.4 0 0 0 0 0 0 0 0 0.2 0 0 0 0 0 0 0 0 2 3.2 0.2 2.6 2.4000000000000004 1.4000000000000001 2.6 2.6 3.8000000000000003 16.8 2.6 1.8 2.4000000000000004 2.2 1.6 2.8000000000000003 1.6 3.4000000000000004 0 1.6 0 10.200000000000001 0.4 0 0 0 3 0 0 0 0 0 6.4 2.4000000000000004 0 0 0 0 0 0 0 0 0.2 0 0 0 0 0 0 0 0.2 1 0 0 0 0 0 0 0 0 0 0 0 0 0 0 0 0 0 0 0 0 0 0 1.4000000000000001 0 0 0 0 0.4 0 0 0 0 0 0 0 0 0 0 0 0 0 0 0 0 0 0 0 0 0 0 0 0 0 0 0 0 0 0 
 0 0 0 0 0 0.4 0 0 0 0 0.4 0 0 0.4 0 0 0.8 0 0 0 8.8 9.200000000000001 26.400000000000002 30.8 21.8 12.8 5.4 9.4 15.200000000000001 0 59.6 45.2 45.6 46.400000000000006 29.8 75.4 143 22.400000000000002 15 36.2 32.6 0 0 0 0.6000000000000001 0 10.8 0 0.6000000000000001 0 0.6000000000000001 0 25.6 0.6000000000000001 0.6000000000000001 0 0 0 14 14.4 0 0 0 0 0 0.2 0 0 0.6000000000000001 0 0 0 0.6000000000000001 0 0.6000000000000001 0 0 0 0 0.6000000000000001 0 0 0 0 0 0 0 0 0 0 0 0 0 0 4 0 0.2 0 0 0 0 0 3.6 9.200000000000001 3.4000000000000004 3.4000000000000004 0 1.8 0 3.4000000000000004 0.2 8.4 0 0 0.2 3.2 0 5.2 0 0 2.6 0 0 0.4 0 0 5.6000000000000005 7 0 0 0 0 1.8 2 5.800000000000001 0 0 0 7.2 3.6 1 0 0 0 0.2 0 0 0 0 0 0 0 0 0 0 0 0 2 0 0 0 0 0 0 0 0 0 0 0 0 0 0 0 0 0 0 0 0.2 0 0 0 3.6 4.6000000000000005 5.800000000000001 4.2 1.8 0 2 0.2 2 2.4000000000000004 2.2 0 0.2 0.4 6.6000000000000005 0 0 0.4 0 8.4 7.6000000000000005 0 0 0 0 1.8 7 0 2.2 0.2 0.4 5.800000000000001 2 2 2 0 0.2 3.8000000000000003 10.200000000000001 0 0 0 0 0 0 0 0 0 0 0 0 0 0 0 0 0 0 0.2 0 0 0 2.6 0 0 0 0 0 0 0 0 0 0 0 2 0.4 0.6000000000000001 0.6000000000000001 0.2 0 2.8000000000000003 2.2 0 0 0 0 0 0 0 0 0 0 0 0 0 0 0 0 0 0.8 0 0 0 0 0 2.6 2 0 0 0 
 1 0.4 0.4 17.6 0.6000000000000001 0.6000000000000001 0.4 0.6000000000000001 0.6000000000000001 0.6000000000000001 1 0.4 7.2 0.4 0.4 8 1 0.4 0.8 0.8 5.800000000000001 36.800000000000004 25.400000000000002 59.6 19 19.8 8 8.8 49.800000000000004 59.6 0 6.6000000000000005 25.400000000000002 6.2 13.8 19.200000000000003 54.800000000000004 39.2 12.200000000000001 28.8 25 0 0 0 0.6000000000000001 0 13.600000000000001 0 0.6000000000000001 0 0.6000000000000001 0 4.2 0.6000000000000001 0.6000000000000001 0 12.4 0.2 19.8 25.400000000000002 0 0 0 0 0 0.2 0 0 0.6000000000000001 0 0 0 0.6000000000000001 0 3.4000000000000004 0 0 0 0 0.6000000000000001 0 0 0 0 0 0 0 0 0 0 0 0 0 0 0 0.8 0 0 0 0 0 0 0.2 0 2 2.2 0 5.2 0.2 3.8000000000000003 2 5.2 0 2 2.2 2.2 0 0.2 0 3.6 4.6000000000000005 0 0 0 0 0 7.6000000000000005 4.6000000000000005 0 5.2 0 0 6.6000000000000005 7.4 2 0 0 0 0 1.6 0 0 0.8 1 0 0 0.4 0 0 0 0 0 0.8 0 0 0 0 0 1.6 0 0 0 0 0 0.8 0 0 0 0 0 0.6000000000000001 0.2 0 0 0 0 0 0 0 0 0 4 0 0 0 6.4 0.2 0.6000000000000001 0.2 0 0 6.2 2 1.8 0 0 4 0 2.2 0 6.2 2.6 0 0 0 0 0 11.200000000000001 0 0.2 0 0 2 4.2 0 3.2 0 0 0 0 0 0 0 0 0 0 0 0 0 0 0 0 0 0 0 0 0 0 0 0 0 0 0 0 0 0 0.2 0 0 0 0 0 0 0 2.4000000000000004 0.6000000000000001 0.2 0 0.8 0 0 0 0 0.2 0 0 0 0 0 0 0 0 0 0 0 0 0 0 0 1.4000000000000001 0 2.8000000000000003 0 0 0 2.4000000000000004 1.6 0 0 0 
