 0 45 19.400000000000002 47.6 4.2 4.800000000000001 17 69.2 24.8 11.600000000000001 41.6 7.2 36.6 28.200000000000003 49.400000000000006 56 5.800000000000001 49.6 27 7.6000000000000005 0.4 0 0 0.4 0 14.8 0 0 0 0 0 0.6000000000000001 0 0.6000000000000001 0 0.2 0 0 0.4 0 0 0 0.4 0 0.6000000000000001 0 0 0 0 0 0.6000000000000001 0 0 0 0 0 0 0.4 0 0 0 0 0 0 0 0 0.6000000000000001 0 1.2000000000000002 0 0 0 0 0 0 0 0 0 0.4 0 9.200000000000001 0 3.4000000000000004 1.2000000000000002 2.8000000000000003 0 4.800000000000001 5.6000000000000005 1.8 2.6 7.2 2.2 3.4000000000000004 0 1.8 1.8 0 0.4 0.2 3.8000000000000003 0 0 0 0 0 0 0.2 0 0 0 0 0 3.2 0 0 3.4000000000000004 0 0 0 0 0 0 0 0 0 0 0 0 0 0 0 0 0 0 0 0 0 0 0 0 0.8 0 0 0 0 0 0 0 0 0 0 0 0 0 0 0 0 0 0 0 6.2 2.6 7 1.8 1.4000000000000001 0 4.6000000000000005 0 2.6 2.6 0 0 0 0 0.6000000000000001 4.6000000000000005 0.2 0 3 0 0 0 0 0 0 0 0 0 0 0 0 0 0 0 0 0 0 0 0 0 0 0 3.2 0 0 0 0 0 0 0 0 0 0 0 0 0 0 0 0 0 0 0 0 0 0 0 0 0 0 0 0 0 0 0 0 0 2 0 0 0 0 0 0 0 0 0 0 0 0.2 17.8 0.4 0.8 0 0 0 0 0 0 0 0 0 0 0 0 0 0 0 0 0 0 0 0 0 0 0 0 4 0 0 0 0 0 0 0 0 0 0 0 0 0 
 45 0 38.800000000000004 16.8 27.200000000000003 5.4 17.2 22.8 17 47.6 7.6000000000000005 42.800000000000004 10.600000000000001 33.800000000000004 28 57.400000000000006 50.800000000000004 24.8 28.200000000000003 9.4 0 0 0 0.4 0 0 0 0 0.6000000000000001 0 0 1 0 0.6000000000000001 0 0 0 0 15 0 0 0 0.6000000000000001 0 0.6000000000000001 0 0 0 0 0 0.6000000000000001 0 12.8 0 0 0 0 0.6000000000000001 0 0 0 0 0 0 0 0 0.6000000000000001 0 0 0 0 0 0.2 0 0 0 0 0 0.4 0 4.4 2 9.4 5 0 0 1.2000000000000002 17.8 7 6.4 5.6000000000000005 3 0.6000000000000001 0 7.4 2.8000000000000003 1.2000000000000002 3.8000000000000003 0 3 0 0 0 0 0 2.6 11.8 0 0 0 0 0 2.6 0 0 0 0 0 0 5.800000000000001 0 1.8 0 0 0 0.4 0 0 0 0 0 0 0 0 0 0 0 0 0 0 0 0 0 0 0 0 0 1.2000000000000002 0 0 0 0 0 0.4 0 0 0 0 0 0 0 0 3.2 8.6 4.6000000000000005 5 3.2 2.8000000000000003 2.8000000000000003 3.8000000000000003 3.6 2.6 4.4 12.8 3 0 7.800000000000001 8.4 3.4000000000000004 1.8 0 0 0 0 0.4 0 2 0 0 0 0 0 3.4000000000000004 2 0 0 0 0 0 0 0 0 0 0 0 0 0 0 0 0 0 0 0 0.4 0 7.6000000000000005 0 0 0 0 0 1.8 0 0 0.4 0 0 0 0 0 0 0 0 0 0 0 0 0 0 0 0 0 0 0 0 0.4 0.2 0 0.4 7.800000000000001 0 1.8 0 0 0 0 0 0 0 0 0 0 0 0 0 0 0 0 0 0 0 0 0 0 0 0 3.4000000000000004 0 0 0 0 0 0 0 0 0 0 0 0 0 
 19.400000000000002 38.800000000000004 0 24.6 38.400000000000006 26 23.400000000000002 34.4 28.400000000000002 49.400000000000006 25.8 36.6 12.4 29.6 89.80000000000001 6.800000000000001 44.6 50.6 31.6 5.800000000000001 0.2 0 0 0.4 0 0.8 0 0.2 0.4 0 0.2 0.6000000000000001 15.200000000000001 0.6000000000000001 0 0 0 14.8 0 0 12.8 0 0.6000000000000001 0 0.8 0 0 0 0 0 0.6000000000000001 0 0 0 0 0 0 1 0 0 0 7.800000000000001 0 0 0 0 0.4 0 0 0 0 0 0 0 0 7.4 0 0.4 0.4 0 5.4 0 0.4 5.800000000000001 4.6000000000000005 0 0 6.4 5.4 3.2 6 4 2 0 3.2 2.6 4.800000000000001 4.6000000000000005 0 0 0 0 0 0 5.2 0 5.4 0 4.4 0 0 0.4 0 0 0 0 0.8 0.4 2.2 0 0.4 0 0 0 0.4 0 0 0 0 0 0.4 0 1.2000000000000002 0 0 0.2 0 0.2 0.4 0 0 0 0 0 0 0 0 0 0 0 0 0 0 0 0 0 0 0 0 0 3.6 3 8.8 4.4 2.8000000000000003 1.2000000000000002 3.2 0 1.6 3.4000000000000004 2.6 4.800000000000001 0.2 0 0 13.200000000000001 2.2 4.2 4 3 0.2 0 2 0 0 0 2 0 0 0 0 0 3.4000000000000004 6.6000000000000005 0 0 0 0.4 5.2 0 0 0 0 0 0 0 0 0 0 0 0 0 0 0 0 0.2 5.6000000000000005 0 0 0 0 0.4 0 0 0 0 0 0 2 0 0 0 0 0 0.4 0 0 0 0 0 0 0 0 0 0 0 18 0.2 0 0.6000000000000001 0 1 0 0 0 0 0 0 0 0 0 0 0 0 0 0 0 0 0 0 0 0 0 0 0 2 0 0 0 0 0 0 0 0 0 0 0 0 0 0 
 47.6 16.8 24.6 0 62.6 9 23.6 21.200000000000003 35.2 35.4 42.6 26.8 23.200000000000003 26.6 13 156.8 26.6 26.400000000000002 59 11 0.2 0 0 0.4 0 0 0 0 0 0 0 0.6000000000000001 0 0.6000000000000001 0 0 0 0 0 0 0 0 0.6000000000000001 0 0.6000000000000001 0 0 0 0 0 1.8 0 0 0 0 0 0 0.4 0 0 0 0 0 0 0 0 0.4 0 0 0 0 0 0 0.4 10.200000000000001 0 0 0 0.4 0 3.8000000000000003 8 3.4000000000000004 3 0 4.2 2.4000000000000004 2.4000000000000004 3.4000000000000004 0 3.4000000000000004 1.2000000000000002 0 0 7.800000000000001 0.2 2 0 0 3 3.8000000000000003 0.2 0 0 2.6 0 1.8 4.2 0 0 0 0 10.8 0 0 0 0 0 3.6 0 0 0 0 0 0 0 0 0 0 3.6 0 0 0 0 0 0 0 0 0 0 2.2 4 0 0 0 0 0 0 0 6.2 0 0 0 0 0 0 0 0 0 0 0.2 2 4.2 4.4 1.8 0 3.8000000000000003 0 2.2 6.2 0 1.6 0 0 0.2 1.4000000000000001 2 1.8 0.2 4.4 3.2 0 0 0 0 0 0 0 0 0 0 0 0 0 0 0 0 0 1.8 0 0 0 0 0 0 0 0 0 0 0 0 0 0 0 0 0 0 0 0 0 0 0 0 0 0 0 0 0 0 0 0 0 0 0 0 0 0 0 0 0 0 0 0 0 0 0 2.6 0.4 0.4 2 0.2 1.4000000000000001 0 0 0 0 0 0 0 0 0 0 1.4000000000000001 0 0 0 0 0 0 0 0 0 0 0 0 0.2 3.4000000000000004 1.8 0 0 0 0 0 0 0 0 0 0 0 0 
 4.2 27.200000000000003 38.400000000000006 62.6 0 72 25.200000000000003 13.4 31.6 68.60000000000001 57.400000000000006 36.800000000000004 19 10 19.8 16.2 74 43.800000000000004 16.2 17.6 0 0.4 0 0.4 0.6000000000000001 0.6000000000000001 0 14.8 0 0 0 0.6000000000000001 0 0.6000000000000001 0 0 7 0 30.8 0.2 0.2 0 0.6000000000000001 0 0.6000000000000001 1.2000000000000002 0 0 0.2 0 0.6000000000000001 0 0 9.8 0 0 0 0.4 1.4000000000000001 0 0 0 0.8 0 4.800000000000001 0 0.4 0 0 0 0 0 0 0 0 0 0 0 0.4 0 1.2000000000000002 0.2 0 2.2 5.2 0.4 0 0 11.600000000000001 3 3.2 6.4 5.6000000000000005 0 0 0 2 3.2 0 0 3.8000000000000003 0 0.2 0 3 0.4 7.6000000000000005 0 5.800000000000001 3 0 0 12.4 0.4 0 3 3.8000000000000003 1.4000000000000001 3.4000000000000004 2.6 0 0 0 0 0 0 0 0 0 0 0 0 0 0 0 0 0.2 0 0 0 0 0 0 0 0 0 0 0 0 0 0 3.4000000000000004 0.4 0 0 0 0 5.6000000000000005 0 0 0 4.2 0 0 4.2 0.2 2.2 0 6.6000000000000005 1.8 4.2 5 0 3.2 0 7 0 0 0 4 4.2 0 2.8000000000000003 0 3 0 0 0 0 0.4 2.8000000000000003 0 2.4000000000000004 2 0 3.2 0 0 0 0 0 0 0 0 0 0 0 0 0 0 0 0 0 0 0 0 0 0 0 0 0 0.2 0 0 0 0 0 0 0 0 0 0 0 0 0 0 0 0 0 0 0 0 0 0 0 0.2 17.6 0 5.2 0.8 1.8 2.6 0.6000000000000001 0.2 0 0 0 0 0 0 0 0 0 0 0 0 0 0 0 0 0 0 0 0 0 2 2.8000000000000003 0 0 0 0 0 0 0 0 0 0 0 0 0 
 4.800000000000001 5.4 26 9 72 0 4 49.400000000000006 51.800000000000004 13 23.400000000000002 17.400000000000002 6.4 8.6 20.6 12.4 10.200000000000001 40.400000000000006 56.2 56.6 0 15.4 15.4 16 0 0 0.4 19.6 0 0.6000000000000001 0.4 0.6000000000000001 5.2 15.8 0.2 0 14.600000000000001 0 40.400000000000006 16.2 0.2 0.2 0.4 0 0.6000000000000001 0 0 0 14.4 0 0.6000000000000001 0 0 0 0 0 0 0.4 0.4 0 7.6000000000000005 0 0 0 0 0 0.6000000000000001 0 0 6.2 0.6000000000000001 0.2 0 0 0.8 0 0 0 0.4 0 0 0 0 0 4.2 0 0 0 5.6000000000000005 5.6000000000000005 0 3.8000000000000003 0 0 0 0 0.4 0 0 0 6.800000000000001 0.6000000000000001 0 0 5.6000000000000005 0 1.4000000000000001 2 7 2.4000000000000004 0 0 7 5.6000000000000005 0 7.2 5.6000000000000005 1 6.6000000000000005 10.4 0 0 0 0 0 0 0 0 0 0 0 0 0 0 0 0 0 0 0 0 0 0 1.6 0 0 0.6000000000000001 0 0 0 0 0 0 0 0 0 0 0 0 0 0 0 0 0 0 3.6 2.8000000000000003 0 0 4.800000000000001 0 1.2000000000000002 2.8000000000000003 0 0 0 1.4000000000000001 0 0 0 0 3.2 3.6 2 0 0 0 7.6000000000000005 0 10.200000000000001 10.200000000000001 0 0 4 0 3.6 2.6 4.6000000000000005 3.8000000000000003 0 3.6 0 0 0 0 0 0 0 0 0 0 0 0 0 0 0 0 0 0 0 0 0 1.4000000000000001 0 0 0 0 0 0 0 0 0 0 0 0 0 0 0 0 0 0 0 3.2 0 0 2 0 0.2 0 0.6000000000000001 2 2.2 2.2 0 0 0 0 0 0 0 0 0 0 0 0 0 0 0 0 0 0 0 0 0 0 0 0 3.2 0 0 0 0 0 0 0 0 0 0 0 0 0 
 17 17.2 23.400000000000002 23.6 25.200000000000003 4 0 42.2 30.200000000000003 6.4 57 21.8 40.6 26 36.6 6.4 65.60000000000001 61.2 10.4 61.400000000000006 0.4 0.4 0 0.4 0.6000000000000001 0 0 0 0 0 0.4 1 0 0.6000000000000001 0 0 0 0 0 0.2 0 0 0.4 0 0.6000000000000001 0.4 0 0.4 0.4 0 13.200000000000001 0 0 0 12.600000000000001 0.4 0 0.4 0 0 0 0.4 0 0.2 0 0 0.6000000000000001 0 0 0 0 0 0 0 0 0 0 0 0.4 0 2 4 4.4 0 1 0 0 0.2 2 0 0.2 2.4000000000000004 0.6000000000000001 0 0 6.6000000000000005 4.4 3.4000000000000004 7.2 7.2 5 0 0 0 0 0 0 0 0 0 0 0 0 0 0 0 0 0 0 0.2 0 0 0 0 0 0 0 0 0 0 2.2 0 0 0 0 0 0 0 0 0.2 0.2 0 0 0 0 0 0 0 0 0 0 0 0 0 0 2.6 0 0 0 0 7.2 2.8000000000000003 0 0 3 3 3.2 7 1 0 0 1.4000000000000001 2.8000000000000003 2.8000000000000003 9.8 4 0.4 2 0 4 0 0 0 0 0.2 0 0 0 0 0 0 0 0 0 0.4 0 0 0 0 0 0 0 0 0 0 0 0 0 0 0 0 0 0 0 0 0 0 0 0 0 0 0 0 0 0.2 0 0 0 0 0 0 0 0 0 0 0 0 0 0 0 0 0 0 0 0 0.2 4.2 0.2 0.4 0.2 0 0 20.200000000000003 0 0 0 0 0.4 0.4 0 0 0 0 0 0 0 0 0 0 0 0.6000000000000001 0 0 0 0 0 0 2.4000000000000004 0 0 0 0 0 0 0 0 0 0 0 0 
 69.2 22.8 34.4 21.200000000000003 13.4 49.400000000000006 42.2 0 22 30.200000000000003 80.2 23.6 35.4 23 39.800000000000004 90.80000000000001 43 51 57.2 8 0.2 0 0 0.4 0.2 0.4 0.8 0 0.2 0 0 0.6000000000000001 0 0.6000000000000001 0 0.2 0 0 0 0 0.4 12.4 0.2 0 0.6000000000000001 0 0 0 0 0 0.6000000000000001 0.4 0 0 0 0 0 0.4 0 0 0 1 0 0 0 1.2000000000000002 0.6000000000000001 0 0.6000000000000001 0 0 0 0 0 8.200000000000001 0 0 0 0.4 0 6.4 7.800000000000001 1.2000000000000002 6.4 0 0 4.4 2.6 0.2 0 7.2 1 2.6 3.4000000000000004 8.200000000000001 4 0 10 3.4000000000000004 0 0 0 0 0 0 0 0 0 0 0 0 0 0.4 0 0 0 0 0 0 0 0 0 0 0 0 0 0 0 0 0 0 0 0 0 0 0 0 0 0 0 0 0 0 0 0 0 0 0.4 0 4 0.2 0 0 0 0 0 0 0 0 0 4 2 1.6 0.6000000000000001 1.8 0 0 2.6 2.2 5.6000000000000005 0 0 2.2 0 0.2 3.2 0 0.2 2 0 0 0 0 0 0 0 0 0 0 0 0 0 0 0 0 0 0 0 0 0 0 0 0.4 0 0 0 0 0 0 0 0 0 0 0 0.4 0 0 0 1.2000000000000002 0 0 0 0 0 0 0 0 0.2 0 0 0 0 0 0 0 0 0 0.2 0 0 0 0 0 0 0 0.4 0.2 0 0.4 1.2000000000000002 0.2 1 0 0 0 0 0 0 0 0 0 0 0 0 0 0 0 0 0 0 0 0 0 0 0 0 3.2 5.800000000000001 0 0 0 0 0 0 0 0 0 0 0 0 
 24.8 17 28.400000000000002 35.2 31.6 51.800000000000004 30.200000000000003 22 0 21.8 78 6.800000000000001 51.400000000000006 60 83.60000000000001 65.4 106.2 45.6 43.2 52 2.2 0 0 0.8 0.6000000000000001 0.2 0 0 0 0 0.4 0.4 14.600000000000001 0.6000000000000001 0 0 0 0 0 0 12.600000000000001 0 0 0 0.6000000000000001 1.2000000000000002 0 0 0 0 0.6000000000000001 0 0 0 0 0 0.4 0.4 0 0.4 0 0 0 0 0 10.200000000000001 0.6000000000000001 0 0 0 0 0 0 0 0 0.4 0.6000000000000001 0 0.4 0 3.4000000000000004 3.4000000000000004 0 1.4000000000000001 0.2 1.8 0.2 5.800000000000001 0.2 2.8000000000000003 7 2 2 0 6.4 5.2 7 5.4 0 2.4000000000000004 0 0 0 0 0 0 0 0 0 0 0 0 0.6000000000000001 0 0 0 0 0 4.6000000000000005 0 0 0 0 0 0 0.2 0 0 0 0 0 0 0 0 0 0 0 0 0 0 0.4 0 0 0 0 0 0 0.2 0 0 0 0 0 0 0 0 0 0 0 0 0.8 9.8 0.6000000000000001 2.6 1.2000000000000002 1.8 0 2.6 2.6 8 5 3.2 5.2 7.6000000000000005 1 5 6.6000000000000005 2.4000000000000004 3.2 2.2 0 0 0 0 0 0 2 0 0 0 0 0 1.6 1.6 0 2.8000000000000003 2.4000000000000004 0 6.800000000000001 0 0 0 0 0 0 0 0 0 0 0 0 0 0 0 0.2 0 0 0 0 0 0 0 0 0 0 0 0 0.4 0 2.4000000000000004 0 0 0 0 0 0.4 0 0 0 0 0 0.6000000000000001 0 0 0 0 18.6 0 0.4 1.6 0 0.8 0 0 0 0 0 0.4 0 0 0 0 1.8 0 0 0 0.4 0 0 0 0 0 0 0 0 3 0 1 0 0 0 0 0 0 0 0 0 0 0 0 
 11.600000000000001 47.6 49.400000000000006 35.4 68.60000000000001 13 6.4 30.200000000000003 21.8 0 30.400000000000002 32.4 7.4 29 25.6 58.2 34.800000000000004 32.800000000000004 17.2 20 0 21 0 0.4 0.4 0 0 14.600000000000001 0 0 0 0.4 0.2 0.6000000000000001 0 0 0 0 23.6 15.200000000000001 0 0 0.2 0 0.6000000000000001 0 0 0 0 0 0.6000000000000001 0 0 0 0 0 0 0.4 0 0 0 0 0 0 0 0 0.6000000000000001 0 0 0 0 0 0 0 0 0 0 0 0.4 0 3.6 0 0 4.6000000000000005 1.4000000000000001 0 2.8000000000000003 2 5.4 22.200000000000003 7.2 11.4 0 0 5.2 3.6 1.6 6.4 0 1.8 3 0 0 0 3.6 0 2.8000000000000003 0 5.4 0 0 3.8000000000000003 2.8000000000000003 0 0 0 0 7 4.800000000000001 2 0 0 0 0 0 0 0 0 0 0 4.4 0 0 0 0 0 0 0 0 0.4 0 0 0 0 0 1.6 0 0 0 0 0 3.2 0 0 0 0 0 0 0 0 0 0 0 1.4000000000000001 7 3.2 0 0 2.4000000000000004 2 4.6000000000000005 0.2 2.8000000000000003 2.8000000000000003 5.2 1.6 6.4 4.4 3.6 0 0 0 0 0 0 0 0 0 0 0 0 0 0 2.4000000000000004 0 0 0 0 0 0 0 0 0 0 0 0 0 0 0 0 0 0 0 0 0 0 0 0 0 0 0 3.4000000000000004 0 0 0 0 0 0 0 0 0 0 0 0 0 0 0 0 0 0 0 3.2 0 0 0 0.2 0.2 0 0.6000000000000001 18.2 0.2 0.4 0 0 0 0 0 0 0 0 0 0 0 0 0 0 0 0 0 0 0 0 0 0 0 0 4 0 0 0 0 0 0 0 0 0 0 0 0 0 
 41.6 7.6000000000000005 25.8 42.6 57.400000000000006 23.400000000000002 57 80.2 78 30.400000000000002 0 30.400000000000002 51.6 25.400000000000002 15.600000000000001 78.2 35.6 11.8 28.200000000000003 113.80000000000001 0.2 41.800000000000004 0 0.4 0 0 0 0 0 0 0 0.6000000000000001 12.8 0.6000000000000001 0 0 0.2 0 5.800000000000001 15 12.600000000000001 0 0.6000000000000001 0 0.6000000000000001 0 0 0 0 0 0.6000000000000001 0 0 0 0 13 0 0.4 0 0 0 0 0 0 0 0 10.4 0 0 0 0 0 0 0 0 0 0 0 0.4 0 5 4 0 3.8000000000000003 8 3 0 2.6 7.800000000000001 3.8000000000000003 1.8 0 0.2 0 2 2.2 0 5 0 4 4 0 0 0 0.2 0 2.4000000000000004 0 3.8000000000000003 0 0 0 3.4000000000000004 0 0 0 0 0 0.2 2.2 0 0 0 0 0 0 0 0 0 0 0 0 0 0 0 0 0 0 1.6 0 0.8 0 0 0.2 0 0 0 0 0 0 0 0.2 0 0 0 0 0 0 0 0 1.2000000000000002 4.6000000000000005 1.8 0 6.6000000000000005 3.4000000000000004 2.2 0.2 6.4 4.2 0 1.8 0.2 0 4 5 0 3 0.4 2.8000000000000003 0 0 0.2 0 0 0 3 0 0 0 0.2 0 1.2000000000000002 4.2 0 0 0 0 0 0.4 0 0 0 0 0 0 0 0 0 0 0 0 0 0 0 0 0.4 0.2 0 0 0 0 0 0 0 0 0.4 0 0 0 0 0 0 0 0 0 0 0 0 0 0 4 0 0 0 0.4 0.8 0 0.6000000000000001 0.2 0.4 1.6 0 0 0 0 0 0 0 0 9.600000000000001 0 0 0.2 0 0 0 0 0 0 0 0 0 0 0 0 0 2.2 0 0 0 0 0 0 0 0 0 0 0 0 
 7.2 42.800000000000004 36.6 26.8 36.800000000000004 17.400000000000002 21.8 23.6 6.800000000000001 32.4 30.400000000000002 0 7 21.8 28 8.6 42.400000000000006 13.8 8.6 52.6 0.2 9.4 0 0.4 0 0 22 15.200000000000001 0 0 0.2 0.6000000000000001 7.6000000000000005 0.6000000000000001 0 0.6000000000000001 0 0 15.600000000000001 15 0 0 0.6000000000000001 0 0.6000000000000001 0 0 0 0 0 0.6000000000000001 0 0 0 0 0 7 0.4 0 0 0 0 0 0 0 0 0.4 8.8 0 0 0 0 0 0 0 0 0 0 0.4 0.6000000000000001 3.4000000000000004 1.2000000000000002 3.6 3 14.600000000000001 0 0 3.8000000000000003 15 6.4 0 4 0 4.2 2.6 2 0 0 0 0 6.4 0 0 0 0.2 0 6 3.2 2.2 2.2 0 0 7 1.8 0 0.2 3 1.6 9.4 0 0 0 0 0 0 0 0 0 0 0 0 0 0.4 0 0 0 0 0 0 0 0 0 0 0 0 1 0 0 0.2 0 0.8 0 0 0 0 0 0 0 0 0 0 8.200000000000001 4.2 1.2000000000000002 5.4 0 2.2 0.4 2.2 0 0.8 3.8000000000000003 0 0 0 8.6 3.6 3.8000000000000003 0 3.8000000000000003 4 0.2 0.2 0 0 0.2 0 0 0 0 0.4 0 1.2000000000000002 3.6 0 0.4 0 2.4000000000000004 0 7 0 0 0 0 0 0 0 0 0 0.2 0 0.2 0 0 0 0 0 0 0 0 0 0 0 0 0 0 0 0 0 0 0 0 0 0 0 0 0 0 0 0 0 0 0 0 0 0.4 0.4 0 1.2000000000000002 19.8 0 2.8000000000000003 0 0 0 0 0 0 0 0 0 0 0 0 0 0 0 0 0 0 0 0 0 0 0 0 3.6 0 0 0 0 0 0 0 0 0 0 0 0 0 
 36.6 10.600000000000001 12.4 23.200000000000003 19 6.4 40.6 35.4 51.400000000000006 7.4 51.6 7 0 22.6 68.8 29.400000000000002 24 26.8 70.2 14.4 0.2 0 0 0.4 0 0 0 0 0 0.2 0 0.6000000000000001 0 0.6000000000000001 0 0 0 0 0 0 0 0 0.4 0 0.6000000000000001 0 0 0 0 0 0.6000000000000001 1.4000000000000001 0 0 0 0 0 0.4 0 0 0 0 0 0 0 0 0.8 0 1.4000000000000001 0 0 0 0 0 0 0.8 0 0 0.4 0 3 3 0 2.6 0.2 2.8000000000000003 0 2.6 0 0 1.8 0 8.8 0 9.8 0 6.4 3.8000000000000003 0.4 0 0 2 0 0 0 0 0 0 0 0 0 0 0 0 0 0 0 0 0 0 0 0 3.4000000000000004 0 0 0 0 0 0 1.8 0 0 0 0 0 0 0 0 0 0 0 0 0 0 0 0 0 0 0 0 0 0 0 0 0 0 0 0 0 0 3.4000000000000004 4 0 2.8000000000000003 0 0 0 2.8000000000000003 2.8000000000000003 7 0 4.4 3.2 0 0.8 0.2 4.2 1.8 3.8000000000000003 3.2 0 2.4000000000000004 0 0 0 0 0 0 0 0 0 0 0 0 0 0 0 0 6.4 0 0 0 0 0 0 0 3.2 0 0 0 0 0 0 0 0 0 0 0 0 0 0 0 0 0 0.2 0 0 0 0 0 0 0 0 0 0.6000000000000001 0 0 0 0 0 0 0 0 0 0 0 2.2 0 0 0 0 1.6 0 0 0 0 0 0 0 0 0 0 2.8000000000000003 0 0 0 0 0 0 0 0 0 0 0 0 0 0 0 0 0 0 0 0 0 0 0 0 0 0 0 
 28.200000000000003 33.800000000000004 29.6 26.6 10 8.6 26 23 60 29 25.400000000000002 21.8 22.6 0 21.8 28.8 22 65.4 35 59 0.2 0.2 0 0.4 0 0 0 0 0.4 0.4 40.6 0.6000000000000001 0 0.6000000000000001 0 0 0 0 0 0 0.2 0 0.6000000000000001 0 6.800000000000001 0 0 0 0 0 0.6000000000000001 0 0 0 0 0 0 0.6000000000000001 0 0 0 0 0 0 0 0 0.4 0 0 0 0 0 0.2 0 0 0 0 0 0.4 0 6.6000000000000005 2 5.6000000000000005 1.2000000000000002 16 3.8000000000000003 2 8.4 4 6.6000000000000005 2 0 0 5.2 7.800000000000001 0.4 4 2.6 0 2.6 0 0.2 0 0 0.2 0 0 0 0 0 0 0 2.8000000000000003 0 0 0 0 0 0 3.8000000000000003 0 3.8000000000000003 0 0 0.4 0 0 0 0 0 0 0 0 0 0 0 0 0 0 0 0 0 0 0 0 0 0 0 0 0 0 0 0 0 0 0 0.2 1.6 0 0 0.8 3.4000000000000004 0 2 5 6.4 11 0 7.6000000000000005 9.600000000000001 5 1.4000000000000001 0 0 5.2 0.2 0 4 2.8000000000000003 4.4 0 0.2 0 0 0 0 4 0 0.4 0 0 0.4 3.6 0 0 0 0 0 0.4 3.4000000000000004 0 0 0 0 0 0 0 0 0 0 0 0 0 0 0 0 0 0 0 2.8000000000000003 0 9.8 0 0 0 0 2.2 0 0 0 0 0 0 0 0 0 0 0 0 0 0 4.4 0 0 0 0.2 0.6000000000000001 0 0 17.8 0.4 2.4000000000000004 0 0 0 0 0 0 0 0 0 0 2.8000000000000003 0 0 0 0 0 0 0 0 0 0 0 10.4 0 0 0 0 0 0 0 0 0 0 0 0 0 0 0 
 49.400000000000006 28 89.80000000000001 13 19.8 20.6 36.6 39.800000000000004 83.60000000000001 25.6 15.600000000000001 28 68.8 21.8 0 55 14 7.800000000000001 18.8 47.400000000000006 2 0 0.2 1.4000000000000001 0.4 0.2 0.4 1.2000000000000002 0.2 0 0.4 0.8 0.4 0.6000000000000001 0.8 0.4 0 0.2 0.4 0 0 0 0.6000000000000001 0.4 0.6000000000000001 0 0 0 0.2 5.800000000000001 0.6000000000000001 0 0 0 0.6000000000000001 1.2000000000000002 0.8 0.4 0 0 0 1 0.4 0 0.4 0.6000000000000001 0.4 0.6000000000000001 2 0 0.6000000000000001 1.2000000000000002 0 1 0.8 0 0.6000000000000001 0.4 0.4 0 7.2 2.8000000000000003 2.4000000000000004 3.4000000000000004 1.6 0 2.6 3 0 15 0 0 17.6 2.2 5.800000000000001 2.8000000000000003 0 11.8 5.800000000000001 2.8000000000000003 0 0 0 0 0 0 1.6 0 1.8 0 0 0 0 0 0 0 0 0 0 0 0 0 0 0 0 0 0 0 0 0 0 0 0 0 0 0 0 2.2 0 0 0 0 2.4000000000000004 0 0 1.8 0 0 0 0 0 0 0 0 0 0 0 0 0 0 6 1.2000000000000002 4.6000000000000005 1.4000000000000001 0.2 0 0 2 0 2.4000000000000004 0 0.4 4 0 0.4 4.800000000000001 3.2 11.4 1.2000000000000002 0 0 0 0 0 0 0 0 0 0 0 0 0 0 0 0 0 0 0 0 0 0 0 0 0 0 0 0 0 0 0 0 0 0 0 0 0 0 0 0 0 0 0 0 0 0 0 0 0 0 0 0 0 0 0 0 0 0 0 0 0 0 2.8000000000000003 0 0 0 0 0.4 0.4 1 0.6000000000000001 0.4 1.8 0 0 0 0 0.2 0 0 0 0 0 0 0 0 0.2 0 0 0 0 0 0 0.4 0 0.4 0 0 2 0 0 0 0 0 0 0 0 0 0 0 0 
 56 57.400000000000006 6.800000000000001 156.8 16.2 12.4 6.4 90.80000000000001 65.4 58.2 78.2 8.6 29.400000000000002 28.8 55 0 14.600000000000001 27.200000000000003 25.6 13.4 0.4 0 0 0.4 0 0 16.6 0 0 0 0 0.6000000000000001 1 0.6000000000000001 0 13.200000000000001 0 0 0 0 0 0.2 0.6000000000000001 0 0.6000000000000001 0 0 0 0 0 0.6000000000000001 0 0 0 0 0 0 0.4 0 0 0 0 0 0 0 0 0.4 0 0 0 0.2 0 0 0 0.2 0 0.2 0 0.4 0 5.2 7.2 0.4 2.6 2.8000000000000003 2.8000000000000003 2 2 0 2.2 3.4000000000000004 0 0.2 0.2 4.6000000000000005 2.2 2.4000000000000004 0 0 3.8000000000000003 0.8 4.2 0 0 0 0 0.2 2.2 0 0 0 0 0.6000000000000001 0 0 0 0 0 0 0 0 0 0 0 0 0 0 0 0 0 0 0 0 0 0 0 0 0 0 0 1.2000000000000002 0 0 0 0 0 0 0 0 0 0 0 0 0 0 0 0 0 0 0 0 2.6 11.200000000000001 10.200000000000001 0.2 0 0 0 2.8000000000000003 6.4 0 2.2 0 0 1.8 2.8000000000000003 3.8000000000000003 1.4000000000000001 0 4.4 0 0 0 0 0 0 0 0 0 0 0 0 0 0 0 0 0 0 1.6 0 0 0 0 0 0 0 0 0 0 0 0 0 0 0 0 0 0 0 0 0 0 0 0 0 0.2 0 0 0 0 0 0 0 0 0 0 2.6 0 0 0 0 0 2.8000000000000003 0 0 0 0.8 1.4000000000000001 0 0.6000000000000001 0.8 0.4 1.4000000000000001 0.2 0 0 0 0 0 0 0 0 0 2.4000000000000004 0 0 0 0 0 0 0 0 0 0 0 0 3.4000000000000004 0 3.2 0 0 0 0 0 0 0 0 0 0 0 0 
 5.800000000000001 50.800000000000004 44.6 26.6 74 10.200000000000001 65.60000000000001 43 106.2 34.800000000000004 35.6 42.400000000000006 24 22 14 14.600000000000001 0 32.800000000000004 8.8 4.4 0 0 0 0.4 0 0 0 0.4 0 0 0 0.6000000000000001 0.2 0.6000000000000001 0 0.4 0.4 0.2 14.8 0 0 0.4 0.8 0 1 0 0 0 0 0.2 0.6000000000000001 0 0 0 0 0 0 0.4 0 0 0 0 0 0 0 0 0.6000000000000001 0 0 0 0 0 0 0 0 0 0 0 0.4 0 0 7.800000000000001 2.8000000000000003 6.800000000000001 1.4000000000000001 2.8000000000000003 0 2.8000000000000003 5.4 7 0.2 9.200000000000001 3.8000000000000003 2.8000000000000003 16 4.800000000000001 4.2 5.800000000000001 0 2.6 0 0 0 0 0 0 1.8 0 0.4 0 0 0 0 0 0 0 3 0 0 0 0 0 0 0 0 0 0.4 0 0 0 0 0 0 0 0 0 0 0 0 0 0 0 0 0.2 0 0 0 0 0 0 0 0.4 0 0 0 0 0 0.2 0.4 0 2 0.6000000000000001 0 3.6 4 2 2 1.8 1.4000000000000001 5.800000000000001 3.4000000000000004 3.4000000000000004 1.8 0.2 3.2 0 6 9.600000000000001 3.4000000000000004 3 0 0 0 0 0 0 0 0 0 0 0 0 0 2.4000000000000004 0 0 0 0 1.8 6.6000000000000005 0.2 0 0 0 0 0 0 0 0 0 0 0 0 0 0 0 0 0.2 0 0 1.4000000000000001 0 0 0 0 0 0.4 0 0 0 0 0 0 0 0 0 0 0 0 0 0 0 0 0 0 0.6000000000000001 0.2 0.2 0.6000000000000001 34.6 0.2 1 0 0 0 0 0 0 0 0 0 0 1.4000000000000001 0 0 0 0 0 0 0 0 0 0 0 0 0 6.800000000000001 6.2 0 0 0 0 0 0 0 0 0 0 0 0 
 49.6 24.8 50.6 26.400000000000002 43.800000000000004 40.400000000000006 61.2 51 45.6 32.800000000000004 11.8 13.8 26.8 65.4 7.800000000000001 27.200000000000003 32.800000000000004 0 8.8 7 0 14.200000000000001 0 0.4 0.4 0 0 41.6 0 0 0 0.6000000000000001 19.8 0.6000000000000001 0 0.4 0 0 15.4 15.600000000000001 0 0 0.6000000000000001 0 0.6000000000000001 0 0 0 0 0 0.6000000000000001 0 0 0 0 0 0 0.4 0 0 0 0.2 0 0 0 0 0.4 0 0 0 0 0 0 0 0 0 0 0 0.4 0 0 0 0 3.2 4.2 1.8 10 2 0 9 3.2 3.6 0 0.2 3.2 2.6 12.8 11 0 4.2 0 0 0 0 3 0 3.6 0 2 0.6000000000000001 0 0.4 4.6000000000000005 2 0 0 0 0.4 11.8 8.200000000000001 0.4 0 0 0 0 0 0 0 0 0 0.4 3.4000000000000004 2.8000000000000003 0 0 0 3.8000000000000003 0.2 0.4 0 0 0 0 0 0 0 0 0 0 0.2 0 0 0 0 0 0 0 0 0 0 0 1.4000000000000001 0 3.2 2.8000000000000003 0 0 0 0 7.4 8.8 8.4 2 2.4000000000000004 2 1.8 5.2 3.6 3 3.6 0.2 0.2 0 0 0 0 5.6000000000000005 0 2.8000000000000003 0 0.4 0 0.2 4.2 0 0 0 0.4 6.2 1 0 0 0 0 0.4 2.8000000000000003 0 0 0 0 0 0 0 0 0 0 0 0 0 0 3.4000000000000004 0.4 0 2.8000000000000003 0 0 0 0 0 0 0.2 0 0 0 0 0 0 0 0 0 0 0 0 0 0 1.2000000000000002 19 0.4 17.2 17.6 1 0 0 0 0 0 0 0 0 0 0 0 3 0 0.4 0 0 0 0 0 0 0 0 0 0 0 2.6 0 0 0 0 0 0 0 0 0 0 0 0 0 
 27 28.200000000000003 31.6 59 16.2 56.2 10.4 57.2 43.2 17.2 28.200000000000003 8.6 70.2 35 18.8 25.6 8.8 8.8 0 17.2 0.8 0 8.200000000000001 0.4 0 0 0.2 0 14.600000000000001 0 7 0.6000000000000001 0 1 0.2 0 0.2 0 0.2 0 0 0 0.8 0.6000000000000001 0.6000000000000001 0 0.8 0 0.2 0.4 0.6000000000000001 0 0 0 0 0.4 0.4 0.4 0 0 0 0.8 0.2 0 0.8 0.2 0.6000000000000001 0 0.4 0 0.6000000000000001 0.6000000000000001 0 0 0.4 0 0.2 0.4 0.4 0 8.8 3.2 0.4 3 0 0 2 6.6000000000000005 0 2.6 8.4 3.4000000000000004 2.8000000000000003 0.6000000000000001 5.6000000000000005 3.4000000000000004 0 2.4000000000000004 1.2000000000000002 0 0 0 0 0 0 0 0 0 0 0 0 0 0 0 0 0 0 0 0 0 0 0 0 0 0 0 0.2 0 0 0 0 0 0 0.2 0 0 0 0 0 0.2 0 0 0 0 0 0 0 0 0 0 0 0 0 0 0 0 0 0 2.2 0 9.8 5 0 0 1.8 0 0 0.2 3 0 0 0 2.8000000000000003 0.4 3.6 2.6 1.8 2 4.4 0.2 0 0 0 0 0 0 0 0 0.6000000000000001 1.4000000000000001 0 0 0 0 0 0 0 0 0 0 0 0 0 0 0 0 0 0 0.2 0.4 0 0 0 0 0 0 0 0 0 0 0 0 0 0 0 0 0.2 0 0 0 0.2 0 0 0 0 0 0 0 0 0 0 0.2 0 0 0 0 1.8 0 0.4 17.8 0.2 3.2 0 0 0 0.2 0 0 0 0 0 0 0.4 0 0 0 0.4 0 0 0 0 0 0 0 0 0 3.8000000000000003 0 0 0 0 0 0 3.4000000000000004 0 0 0 0 0 0 
 7.6000000000000005 9.4 5.800000000000001 11 17.6 56.6 61.400000000000006 8 52 20 113.80000000000001 52.6 14.4 59 47.400000000000006 13.4 4.4 7 17.2 0 0.2 0 0 0.4 0 0.2 0 8.4 0 20.8 0.4 0.6000000000000001 0 0.6000000000000001 0 0 0 0 0 0.2 0 0 0.6000000000000001 0.8 0.6000000000000001 0 0 0 0 0 0.6000000000000001 1 0 0 0 0 0 0.4 0 0 0 1.2000000000000002 0 0 0.2 0 0.4 0 1.6 0 0 0 0 0.4 0 0 0 1 1.4000000000000001 0 0 0 3.2 0 0 0 4.800000000000001 0 0 0.8 0 1.8 0 4.800000000000001 0.2 4.4 4 4.4 14 2 0 0.2 0 0 0.2 0 0 0 0 0 0 0 0 0 0 0 0 2.8000000000000003 0 0 0 0 0 0 0.4 0 0 0 0.2 0 0 0 0 0 0 0 0 0 0 0 0 0 0 0 0 0 0 0 0 0 0 1.4000000000000001 0 4 0 0 3.2 0 0 0 5.2 0 0 0 0 0 2 9.8 0 0 1 0 0.2 7 8.8 0 0 0.2 3.8000000000000003 0 0 0.2 0 0 0 0 0 0 0.4 0 0 0.4 0 0 0 0 0 0 0.4 0 0 0 0 0 0 0 0 0 0 0 0 0 0 0 0 0 0 0 0 0.4 0 0 0 0 0 0 0 0 0 0 0 0 0 0 0 0 0 0 9.4 0 0 0 0 0 0 0.6000000000000001 0.4 0 0 0.2 0 1.8 0 0 0.2 0 0 0 0 0 0 0 0 0 0 0 0 0 0 0 0 0 0 0.2 0 0 0 0 0 0 0 0 0 0 0 0 0 0 0 0 
 0.4 0 0.2 0.2 0 0 0.4 0.2 2.2 0 0.2 0.2 0.2 0.2 2 0.4 0 0 0.8 0.2 0 40.800000000000004 29.8 14.4 40.800000000000004 7.800000000000001 20.200000000000003 15.200000000000001 7.2 22.8 13.200000000000001 50.6 12.4 86.4 144.8 19.400000000000002 27.6 9.8 14.200000000000001 55.2 0.6000000000000001 0 0 0 12.600000000000001 0 0 0 0 1 0 0 0.4 0 0 0.6000000000000001 0 0 0.6000000000000001 0 0 0.4 0 0.6000000000000001 0 0 0 0 0 0.6000000000000001 0 0 0 0 0.8 0 0 0 0 0 0 0 0 0 0 0 0 0 0 0 0 0 0 0 0 0 0 0 0 0 0 6.6000000000000005 4.2 2 3 2 0 3 4.800000000000001 0.2 1.6 5 0 3 4.6000000000000005 1.4000000000000001 2.4000000000000004 7.4 0 0 0 0 0 0 0 0 0 0 0 0 0 0 0 0 0.2 0 0 0 4 6.4 0 0 0 0 0 0 0 0 0 0 0 0 0 0 1.6 0 0 0 0 0 0 0 0 0 0 0 0 0 0 0 0 0 0 0 0 1 0 0 2.8000000000000003 0 1.4000000000000001 2.6 5.2 3.8000000000000003 2.2 2.6 0 2.4000000000000004 11.200000000000001 6.6000000000000005 4 6.800000000000001 0 1.4000000000000001 7.2 6 0.2 0 0 0 0 0 0 0 0 0 0 0 0 0 0 0 5.2 0 0 0 0 0 0.8 0 0 0 0 0 2.6 0 0 0 0 0 0 0 0 0 0 0 3.8000000000000003 0 0 0 0 0 0 0 0 0 0 0 0 0 0 0 0 0 0.2 0.4 0.6000000000000001 0 17.6 0.4 0.4 7.6000000000000005 0 0 0 13.4 0 0 0 0 0 0 0 0 0 3.8000000000000003 0 0 0 0 0 0 0 0 0 0 0 0 0 2.4000000000000004 
 0 0 0 0 0.4 15.4 0.4 0 0 21 41.800000000000004 9.4 0 0.2 0 0 0 14.200000000000001 0 0 40.800000000000004 0 37.2 30 50.400000000000006 21.8 26.8 58.400000000000006 71.4 50 8 8.4 21.200000000000003 21.6 24.200000000000003 29.400000000000002 26.6 9.4 80.2 27 0.6000000000000001 0.4 0 0 0 0 0 0 0 0 0 0 18.400000000000002 0 0 0 0 0 0.6000000000000001 0.4 0 0.4 0 0.6000000000000001 0 0 0 0 0 0.6000000000000001 0 0 0 0 0 0 0 0.4 0 0 0 0 0 0 1.8 0.8 0 0 0 0 0 0.2 0 0 0 0 0 0 0 0 8.200000000000001 8 0 0 3.6 2.2 2.6 8.8 5.800000000000001 5 0 2.4000000000000004 0 3.8000000000000003 3.6 0 1.2000000000000002 7 4.800000000000001 2 0 0.2 0 0 0 0 0 0 0 0 0 0 0 0 0.4 0 1.2000000000000002 0 0 2.2 0 0 0.2 0 0 1.6 0 0 2.8000000000000003 0 0.8 0 0 0.4 0 0 0 0 0 0 0 0 0 0 1.4000000000000001 2.8000000000000003 0 0 0.2 0 0.4 0 0 0 0 5.800000000000001 0 0 0 0.2 5.4 7.4 4.2 1.4000000000000001 2.2 0.6000000000000001 1.6 4.4 2.2 0 6.2 0.2 3.4000000000000004 1.6 1.6 4.6000000000000005 0.2 4.6000000000000005 1.8 5.6000000000000005 0.4 0 0 0 0 0.4 0 0 0 0 0 0 0 0 0.2 0 0 0 4.4 0 0 0 0 0 0 0 0 0 0 0 0.2 0 0 2.6 0 0 0 0 0 0 0 0 0 0 0 0 0 0 0 0 0 0 0 0 0.8 2.8000000000000003 0.4 0 0.6000000000000001 0 0.4 0 0 0 0 0 0 0 0 0 0 0 0 0 0 0 0 0 0 0 0 0 0 0 0 0 0.8 0 0 0 
 0 0 0 0 0 15.4 0 0 0 0 0 0 0 0 0.2 0 0 0 8.200000000000001 0 29.8 37.2 0 35.6 27.8 22.200000000000003 14 25.200000000000003 76.60000000000001 43.400000000000006 49 64.4 15 28.8 35.800000000000004 10 67.60000000000001 149.20000000000002 27.200000000000003 28.400000000000002 0.6000000000000001 0.4 0 0 0 0 0 0 0 0 0 0 0.4 0 0 1 0 0 0.6000000000000001 0 0 0.4 0 0.6000000000000001 0 0 0 10.200000000000001 0 0.6000000000000001 0 0 0 0 0 0 0 0 0 0 0 0 0 0 0 2.6 0 0 0 0 0.2 0 0 0 0 0 0 0 0 0 2.8000000000000003 5.4 5.4 0.6000000000000001 2.8000000000000003 0.2 0 2 1.4000000000000001 0.2 0.6000000000000001 3.6 0 5.4 5 5.4 5.4 0 0 0.4 0 0 0 0 0 0 0.2 0.8 0 0 0 0 0 0 0 0 0 4.6000000000000005 0 0.4 0 1.2000000000000002 0 1.8 0 0 0 0 0 0 0 0 0 0 0.2 0 0 0 4.6000000000000005 0 0 0 0 0 2 0 0 0 0 0 0 0 0 0 0 1 0 0 0 0 8 4.800000000000001 2 3.6 0.2 0 2.4000000000000004 6 8 7 2.2 5.800000000000001 1.8 4.6000000000000005 7.800000000000001 0.2 7.2 6.800000000000001 0.2 0 0 0 0.4 0 0.4 0 1.6 0 0 0 0 0 3.4000000000000004 0 0 0.4 0 0 1.4000000000000001 0.4 0 0 0 0 3.8000000000000003 0 0 0 0 0 0 0 0 3.4000000000000004 0.4 0 0 0 0 0 0 0 0 0 0 0 0 0 0 0 0 0 0 0 1.6 0 0 38.2 0.6000000000000001 0 0.8 0 0 0 0 0 3.4000000000000004 0 0 3.4000000000000004 0 0 0 0 0 0 0 0 0 0 0 0 0 0 0 0 0 0 0 0 
 0.4 0.4 0.4 0.4 0.4 16 0.4 0.4 0.8 0.4 0.4 0.4 0.4 0.4 1.4000000000000001 0.4 0.4 0.4 0.4 0.4 14.4 30 35.6 0 12.8 25.400000000000002 77.80000000000001 33.4 73.2 24.400000000000002 12.4 38.400000000000006 12.4 119.2 26.200000000000003 36.2 16.6 24 14.200000000000001 16.400000000000002 0.6000000000000001 0.2 0 0 0 0 0 0 1.4000000000000001 0 0 0 4 0 1 0 0 0 0.6000000000000001 0 0 0.4 0 0.6000000000000001 5.2 0 0 0 0 0.6000000000000001 0 0.2 0 0 0 0.4 0 0 0 0 0 0 0 0 0 0.2 0 0 0 0 0 0 0 0 0 0 0 0 0 0 10 2.4000000000000004 10.200000000000001 5.6000000000000005 3.4000000000000004 3.6 0 5 0 4.6000000000000005 3 0 0 3.2 7.2 0 2 4.2 0 0 3.2 1.8 0 0 0 0 0 1.4000000000000001 0 0 2.4000000000000004 0 0 0 4.800000000000001 0 2 0 0 0 0 0 0 0 1.4000000000000001 0 0 0 0 0 0 0 0 0 0.4 0 0 0 0 0 0 0 0 0 0 2.4000000000000004 0 0 0.2 0 0 0 2.4000000000000004 0 0 1.2000000000000002 0 0 0 0 2.4000000000000004 6 7 6.4 2.2 3.6 0 9 0 2.4000000000000004 0 0 0 1.8 6.2 6.6000000000000005 6.2 2.4000000000000004 2.8000000000000003 0 0.2 0 0 0 0 0 0 0 0 0 0 0 0 2.4000000000000004 2.6 0 0 2.6 1.4000000000000001 3.6 0 0 0 0 0.2 0 0 0 0 0 0 0 0 0 0 0 0 0 0 0 0 0 2.6 0 0.4 0 0 0 0 0 0 0 0 0 0 0 0 0.6000000000000001 0 0 0.2 3 0 0 0 0 0 0 0 0 0 0 0 0 0 0 0 0 0 2.2 0 0 3.4000000000000004 0 0 0 2.4000000000000004 0 0 0 
 0 0 0 0 0.6000000000000001 0 0.6000000000000001 0.2 0.6000000000000001 0.4 0 0 0 0 0.4 0 0 0.4 0 0 40.800000000000004 50.400000000000006 27.8 12.8 0 22 9.8 15.600000000000001 16.8 58.2 83 48.800000000000004 14.8 90.60000000000001 24.8 20.6 13 50.6 16 34.4 13 0.2 0 0 0 0.6000000000000001 0 5.800000000000001 0 0 0 0 0.4 19.200000000000003 0.6000000000000001 0.8 0 0 6.4 12.4 0 0.4 0 0.6000000000000001 0 0 0 0 0 0.6000000000000001 0 0 0 0 0 0 0 1.2000000000000002 5.800000000000001 0.2 0 0 0 0 0.4 0 0 0 0 0 0 0 0 0 0 0.4 0 0 0 0 0 5.6000000000000005 2.8000000000000003 2 0 0 0 0.2 4.4 0 6.2 4 0 3.2 2.8000000000000003 2.6 0.2 1.2000000000000002 0 0 1.4000000000000001 1.4000000000000001 0.8 0 0 0 5 0.4 0 4.6000000000000005 0 0 5 0 0 0 2 0 5.4 1.4000000000000001 0 0 0 0 0.4 0 0 0 0 0 0 0 0 0 0 0 0 0 0 0.4 0 0 0 0 0 0 0 0 0 0 2 0 0 0 0 1.4000000000000001 0 0 0 0 2.6 0 0 2.2 6.4 2 0 3 4.6000000000000005 4.4 0 3.4000000000000004 0 0 0 6.2 1.6 2.6 0 0 3.2 0 3.4000000000000004 0 0 0 1.6 2 2.2 0 0 0.2 1.4000000000000001 3.6 0 2.2 0 0 4.2 0 0 0 0 0 5.800000000000001 0 0 0 0 0 0 0 0 0 0 0 1.8 0 0 0.2 0 0 0 0 0 0.2 0 0 0 0 0 0 0 0 0.6000000000000001 0 0.4 15.4 18.400000000000002 0.6000000000000001 0.4 0.2 0 0 0 0 0 0 0 0 0 0 0 0 0 0 0 0 0 0 0 2.2 0 0 0 0 0 0 0 0 
 14.8 0 0.8 0 0.6000000000000001 0 0 0.4 0.2 0 0 0 0 0 0.2 0 0 0 0 0.2 7.800000000000001 21.8 22.200000000000003 25.400000000000002 22 0 8 22.200000000000003 33.2 25.6 20.8 8.8 6.800000000000001 6.800000000000001 13.4 19 13.600000000000001 30 10.8 25.400000000000002 0.8 14 0.2 0.6000000000000001 0 0.4 0.2 0.2 7.4 1 0 0 1 0 12.200000000000001 0 0 0.2 15 11.8 0.2 0.4 0 10.8 0 0 0 0 0.4 10 0 0 0 0 0 1.2000000000000002 0 0 0 0 0 0 0 0 0 0 0 0 0 0 1.2000000000000002 0 0 0 0 0 0 0 0 0 0 0 0.4 6.2 2.8000000000000003 6.800000000000001 0.4 0 1.6 3.6 2.8000000000000003 12 0 0 0 2.6 6.6000000000000005 2.4000000000000004 0 0.4 3.2 7.2 2.6 2.8000000000000003 0 0 2.4000000000000004 0 0 0 4 0 0.4 0 3.4000000000000004 0 0 0 0.4 4.800000000000001 0 0.8 0 0 0 2.4000000000000004 0 1.4000000000000001 0 0.4 0 0 0 0 0 0 0 0 2 0 0 0 0 3.6 0 0 2 0 0 0 0 0 0 1.4000000000000001 0 0 0 0 0 0 0 0 2.4000000000000004 0 2.4000000000000004 4 0 0 0 2.6 1.8 5.6000000000000005 0 3.2 1.2000000000000002 1.4000000000000001 0 0 0 0 3.2 0 0.2 3.2 0 0 0 2.4000000000000004 0 0 1.8 0.2 4.800000000000001 2 3.8000000000000003 0 0 0 0.2 2.8000000000000003 0 0 0 0 0 0.2 0 0 0 0.2 0 0 0 0 0 0 0 0 2.2 0 0 0 0.6000000000000001 0 0 0 0 0 0 0 0 0 0 0 0.6000000000000001 0 1.2000000000000002 8.200000000000001 0 0.2 0 0.2 0 0 0 0 0 0 0 0 0 0 0 0 0 0 0 0 0 0 0 0 5.4 0 0 0.2 0 0 0 0 
 0 0 0 0 0 0.4 0 0.8 0 0 0 22 0 0 0.4 16.6 0 0 0.2 0 20.200000000000003 26.8 14 77.80000000000001 9.8 8 0 31.200000000000003 51.800000000000004 21 21.8 7.800000000000001 37.6 60.6 26.200000000000003 6.6000000000000005 21.8 5.4 35.4 27.6 4 12.600000000000001 0 0 0.2 0 0 0 0 0 0 0 0.4 0 40.6 0 0 0 0.6000000000000001 2.6 0 0.4 0 0.6000000000000001 0 0 0.6000000000000001 0 0 0.6000000000000001 0 0 0 0.8 0 9.600000000000001 0 0 0.6000000000000001 0 0.2 1.8 0 0 1.4000000000000001 0 0 0 0 0 0 1.6 0 0 0 0 0 0 0 0 3 4 2.4000000000000004 1.6 3.4000000000000004 0 0.2 11.600000000000001 2.2 5.800000000000001 2.4000000000000004 0 0 4 5 0.2 2.8000000000000003 0.6000000000000001 6.6000000000000005 0 0 0 0.4 0 0 0 0 0 0 0.2 0 0 0 0 0 0 0 0 0 0 0 0 0 0 0 2 0 0 0 0 1.4000000000000001 0 0 0 0 0 0 0 0 0 0.8 0 2.4000000000000004 0.4 1.6 1.4000000000000001 0 0 0 0 0.2 0 0 0 0 0 0 0.8 0 0 2 0 4 2.2 0 0 0 0 0 0 0 0 5.6000000000000005 0 2.4000000000000004 0.2 1.6 10.4 4 8 0 0 0 0.2 0 0 0 0 0 0 0 0 0 0 0 3 0 0 2.6 1.6 0 0 0 0 0 0 0 0 0.2 0 0 0 0 0 0 0 0 0 0 0 0 0 0.4 0 0 0 0 0 0 0 0 0 2 0 1.2000000000000002 0.4 0 15.200000000000001 0 0.4 0.8 0 0 0 0 0 0 0 0 0 0 0.4 0 0 0 3 0 0 0 3.4000000000000004 0 0 0 0 0 0 0 0 0 0 
 0 0 0.2 0 14.8 19.6 0 0 0 14.600000000000001 0 15.200000000000001 0 0 1.2000000000000002 0 0.4 41.6 0 8.4 15.200000000000001 58.400000000000006 25.200000000000003 33.4 15.600000000000001 22.200000000000003 31.200000000000003 0 28.6 5.6000000000000005 92.80000000000001 6.6000000000000005 56.6 27 14.200000000000001 26.8 69 50.400000000000006 42.400000000000006 26.200000000000003 0.8 12.200000000000001 0 12.200000000000001 0 0 0 0 0 0 0.2 0 0.4 0 0 1.2000000000000002 0 0 0.6000000000000001 0 0 0.8 0 0.6000000000000001 0 0 0 0 0 0.6000000000000001 0.8 0 0 0 1 0 0 0 0 0 0 0 0 0 1.2000000000000002 1.6 0 0 0.2 0 0 0 0 0 0 0 0 3.8000000000000003 0 0 9.200000000000001 4.800000000000001 0 0 2.2 0 0.2 10.4 0 4.800000000000001 0.2 1.2000000000000002 0 4.2 12.600000000000001 3.6 1.8 2.8000000000000003 0.2 3.6 0 0 0 0 0 0 0 0 0 0 0 0 0 0 0 0 0 0 0 0 0 0 0 0 0 0.8 0.4 0 0.4 0 0.8 0 0.2 6 0 0 0 0 0 0 0 0 0 0 1.8 0 0 0 2.2 0 0.4 0 0 0 0 0 0 0 0 0 13.8 4.4 2.6 0 0 0 0 2.4000000000000004 3.8000000000000003 4.800000000000001 0 0 5.2 4.2 5.2 9.4 4.800000000000001 6.6000000000000005 5.6000000000000005 4.6000000000000005 0.2 0 0 0 0 0 0 0 0 0 0 0 0 0 0 0 0 0 0 0 0 0 0.2 0 0 0 0 0 0 0 0 0 2.2 7.2 0 0 0.2 0 0.2 0 0 0 0 0 0 0 0 0 0 0 0 0 2.2 2.6 1 0.4 0 0 0.4 0 0.6000000000000001 0.4 0 0 0 0 0 0 0 0 0 0 0 0 0 0 0 0 0 0 0 0 0 0 0 0 0 0 0 0 
 0 0.6000000000000001 0.4 0 0 0 0 0.2 0 0 0 0 0 0.4 0.2 0 0 0 14.600000000000001 0 7.2 71.4 76.60000000000001 73.2 16.8 33.2 51.800000000000004 28.6 0 43.800000000000004 86.80000000000001 49.400000000000006 63.400000000000006 37.800000000000004 59.400000000000006 19.6 22.400000000000002 82 14.8 58.6 0.6000000000000001 0.4 0 0 0 0 0 12.600000000000001 1 0.4 0 0 12.8 0 0.2 0 0 0 16.400000000000002 25.6 0 0.4 0 0.6000000000000001 0 0 7 0 0 0.6000000000000001 0 0 0 0 0 0 0 0 0 0 0 0 0 0 0 1.4000000000000001 0.2 0 0 0 0 0 0 0 0 0 0 0 0 0 0.2 4.6000000000000005 4.2 11.600000000000001 0 5.6000000000000005 0.2 5.6000000000000005 0 2.8000000000000003 5.800000000000001 4.4 0 0 0 7.4 1.8 0 0 0.2 1.6 0.8 0 0 0 0 3.4000000000000004 1.8 0 0 0 0 1.4000000000000001 0 0.2 0 0 0 8.4 4.800000000000001 0 1.2000000000000002 0 0 0 0.2 0 1 0 3.2 0 0 0 0 0 0 0 0 1.2000000000000002 0 0 2.4000000000000004 0 0 0 2.4000000000000004 4.800000000000001 0 0 0 0 6.6000000000000005 0 0 0 0 0.2 0 0 0 0 1.6 0.2 3.6 3 5.800000000000001 0 0 0 3.8000000000000003 0 3.8000000000000003 2.4000000000000004 0 0.2 1.8 0 0 1.6 3.8000000000000003 0 0 0 0 0 0 0.2 0 0.2 0 0 0 2 0 0 0 0 0 6 1.8 0 0 0 0 0 0 0 0 0 0.4 0 0.4 0 0 0 0 0 0 0 0 0 0 0 0 0 0 0 0 0 0 0 0 0 0 2 0 0.4 17 0 0 0.2 0 0 0 0 0 0 0 0 0 0 0 0 0 0 0 0 0 0 0 0 1.2000000000000002 0 0 0 0 1.6 0 0 0 
 0 0 0 0 0 0.6000000000000001 0 0 0 0 0 0 0.2 0.4 0 0 0 0 0 20.8 22.8 50 43.400000000000006 24.400000000000002 58.2 25.6 21 5.6000000000000005 43.800000000000004 0 70.4 7 10.8 63.400000000000006 41.800000000000004 91.4 26.6 9.4 33.2 43.2 13.8 0.4 0 0 0 0 0 0 0 1 0 0 0.4 12.4 0 0 0.4 0 0.6000000000000001 0 0 0.4 0 0.6000000000000001 0.4 0 10.200000000000001 0 0 0.6000000000000001 0 0 0 0 0.4 0 0 0 0 0 0 0 0 0 0 1.6 0 0 0 0 0 0 0 0 0 0 0 0 0 0 2.4000000000000004 0 9.200000000000001 3.4000000000000004 4.2 1.8 0 3.8000000000000003 3.6 4.800000000000001 6.4 4.6000000000000005 0 4 2.4000000000000004 1.6 0 0 0 0.2 0 0.4 0 0 0 0 2.2 0 0 0 0 0 4 0 0 0 0 0 4.2 3.8000000000000003 0 0 0 0 0 0 0 1.4000000000000001 0 0.6000000000000001 0 8.8 0 0 0 0 0 0 0 0 1.8 0 0 0 0 0 0 0 0 0 0 0 0 0 0 0.2 0 0 0 0 2.2 2.6 1.6 4.2 7.4 2.8000000000000003 1.4000000000000001 2.6 0.2 0.2 0 4 0 0 0 0.2 7.800000000000001 4.800000000000001 0 0 0 0 0.2 0 0 0 0 0 0.2 0 0 0 2 0 0 0 0 0 4.4 8.6 0 0 0 0 0 0 0 0 0 0.4 0 0.4 0 0 1.4000000000000001 0 1.8 0 0 0 0 0 0 0 0 0 0 0 0 0 0 0 0 0 2 0 0 16 15 0 0.4 0 0 0 0 0 2.8000000000000003 0 0 0 0 0 0 0 0 0 0 0 0 2 0 4.6000000000000005 0 0 0 0 0 0 0 0.2 
 0 0 0.2 0 0 0.4 0.4 0 0.4 0 0 0.2 0 40.6 0.4 0 0 0 7 0.4 13.200000000000001 8 49 12.4 83 20.8 21.8 92.80000000000001 86.80000000000001 70.4 0 12 49.2 23.6 85.2 74.60000000000001 103.4 11.200000000000001 22.8 43.2 0.6000000000000001 0.4 0 0.2 0 0 0.2 0 0 0.2 0 0 0.4 0.6000000000000001 0.4 1 0 0 14.4 11.8 0 0.4 0 0.8 0.8 0 0 0 0.6000000000000001 0.6000000000000001 0 0 0 0 0 0 0 0 0.2 0 0 0 0 0 0 2 0 0 0 0 0 0 0 0 0 0 0 0 0 0 7.800000000000001 2 5 7 3 2 0 4.2 0 3.2 2.2 0.4 0 5.4 0.2 3.8000000000000003 0.2 4 0 0 3 0 0.6000000000000001 0 0 0 2.2 0 0 0 0 0 0 0 0 0 0 0 0.2 1 0 0 0 0 0 0 0 0 0.2 0 0.2 0 0 0 0 0 0 0 0 0 0 0 0 0 0 0 2.6 0 0 0 0 0 0 1.4000000000000001 0 0 0 0 0.2 0 3.4000000000000004 4.6000000000000005 4 0.2 0 2.2 1.6 15.8 0 2.2 0 0.2 0 3.6 2 4.800000000000001 9.600000000000001 4 1.8 0.2 0.4 0 0.2 0 0 0 0 0 0 0 0 0 0.4 0 0 1.8 0 0 0 1.8 0 0 0.4 0 0 0 0 0 0 0 0 0 1.8 0 0 0 0 0 0 0 0 0 0 0 0 0 0 0 0 0 0 0 0 0 1.6 0.8 1 0.2 14.600000000000001 0.6000000000000001 0.2 2.4000000000000004 0 0 0 0 5 0 0 0 0 0 0 0 0 0 0 0 0 3.8000000000000003 0 0 0 3.8000000000000003 0 0 0 0 0 0 
 0.6000000000000001 1 0.6000000000000001 0.6000000000000001 0.6000000000000001 0.6000000000000001 1 0.6000000000000001 0.4 0.4 0.6000000000000001 0.6000000000000001 0.6000000000000001 0.6000000000000001 0.8 0.6000000000000001 0.6000000000000001 0.6000000000000001 0.6000000000000001 0.6000000000000001 50.6 8.4 64.4 38.400000000000006 48.800000000000004 8.8 7.800000000000001 6.6000000000000005 49.400000000000006 7 12 0 9.8 22.6 9.4 8 13.200000000000001 39.2 48.6 4.800000000000001 20.200000000000003 12.600000000000001 0 0 0.8 0 0 5.800000000000001 0 0 0 0 0.8 25.400000000000002 1 0 0 0 6.6000000000000005 0 0 0.4 0 0.6000000000000001 0 0 0 0 0 0.6000000000000001 0 0 0 0 0 0 0 0 0 0 0 0 0 0 0 0 0 0 0 0 0 0 0 0 0 0 0 0 0 0 0 3 0 0 2.4000000000000004 2 0 0.8 3.2 0 5 0 0 2.4000000000000004 1.6 0 0 0 0 0 1.4000000000000001 8.6 6.4 3.8000000000000003 0 0 7.800000000000001 0 0 7.800000000000001 1.8 0 3 0 0 0 2.2 0 6.800000000000001 1.4000000000000001 0 0 0 0 0 0 0 0 0 0 0 0 0 0 0 0 0 0 0 0 0 0 0 0 0 0 0 0 0 0 0 0 0 0 0 3.4000000000000004 0 0 0 0 0 0 0 1.6 8 0 0 3.4000000000000004 2.6 2.6 0 2 0 0 0 0 0 0.4 0 0 9.4 2.4000000000000004 2.4000000000000004 1.8 0 0 5.4 5.4 3.2 0 1.4000000000000001 0 3.2 6 0 2.6 2.6 2.6 2.4000000000000004 0.2 0 0 0 0 1.8 0 0 0 0 0 0 0 0 1.2000000000000002 0 0 1.6 0 0 0 0 0 0.2 0 0 0 0 0 0 0 0 0 0 0 0 0.4 0 0.2 15.200000000000001 0 0.2 0 0 0 0 0 0 0 0 0 0 0 0 0 0 0 0 0 0 0 0 2.4000000000000004 2.2 0 2.2 0 0 0 0 0 
