 0 64.60000000000001 13.200000000000001 10.8 4.800000000000001 4.4 13.4 96.4 18 7.4 6.6000000000000005 5.6000000000000005 33 12.200000000000001 24.200000000000003 9 30.200000000000003 25 122.60000000000001 7.6000000000000005 0.2 0 0.6000000000000001 0 0 0 0 0.6000000000000001 0.6000000000000001 0.6000000000000001 0.4 0.4 0.4 0 0 0.6000000000000001 0.6000000000000001 0 0 0.4 0 0 0.6000000000000001 0 0 2 0 0 0 0 0.4 0 0 0 0.4 0 0 0.6000000000000001 0.4 0 0 0 0 0.4 0 0 5.800000000000001 0 0 7 0 0.6000000000000001 0 0 0.4 0 0 0.2 0 0 2 1.4000000000000001 5 2.6 0 0 0 0 0 3 2 0 4.2 13.8 4 7.2 2.4000000000000004 7.2 2.8000000000000003 11.4 0 0 0 0 0 0 0 0 0 0 3.2 0 0 0 0 0 0 0 0 0 0 0 0 0 0 0 0 0 0 0.2 0 0 2.4000000000000004 0 0 0 0 0 0 0 0 0 0 0 0 0 1.2000000000000002 0 0 0 0 0 0 0 0 2 0 0 0 0 0.2 4.800000000000001 2 0 0 0 9.8 5.6000000000000005 1.6 0 0 2.6 10.600000000000001 3 3.8000000000000003 4.6000000000000005 4.2 3 2.6 3.4000000000000004 0 0 0 0 0 0 0 0 0 0 0 0 0 0 0 0 0 0 0 0 0 0 0 0 0 0 0 0 0 0 0 0 0 0 0 0 0 0 0 0 0 0 0 0 0 0 0 0 0 0 0 0 0 0 0 0 0 0 1.4000000000000001 0 0 3.2 0 0 0 0 0 0 0 0 0 0.8 0 0 0 0 0 0 0 0 0 0 0 0 0 0 0 0 0 0 0 0 0 0 0 0 0 0 0 0 0 0 0 0 0 0 0 0 0 0 
 64.60000000000001 0 114.80000000000001 52.6 5.800000000000001 11.600000000000001 37.4 18.2 24.8 23 8.200000000000001 36.2 33.6 69.4 46 52 56.800000000000004 61.6 42.2 26 0 13.600000000000001 0.6000000000000001 0 0 0 0 0.6000000000000001 16.400000000000002 0.6000000000000001 0.2 1.4000000000000001 1 0.4 0.2 0.6000000000000001 0.8 0 0 0 0 0.4 0.6000000000000001 0 13.200000000000001 17 0 0 0 0 0.4 0 0 0.6000000000000001 0.4 1.2000000000000002 0 1 0.4 12.4 0 0 0.6000000000000001 0.4 0 0 0 0 0 0.6000000000000001 0 0.6000000000000001 0 0 1.8 0 0 0 0 1.2000000000000002 0.2 1.4000000000000001 2.8000000000000003 0 3.2 0.2 2.2 3.6 2 3 4 7.4 0 6.6000000000000005 3.6 2.8000000000000003 13.200000000000001 8.8 0 8.200000000000001 0 0 0 0 0 0 0 0 0.4 0 0 0 2 0 0.2 0 0 0 4.4 0 0 0.2 0 2.2 0 0 0 0 0 0 0 0 0 0 0 0 0 0 0 0 4 0 0 0 0 0 0.2 0 0 0 0.4 0 0 0 0 0 0 0 0 0 0 3.2 2.6 2.2 3.4000000000000004 6.4 4.800000000000001 0 8 7.2 2.8000000000000003 5.2 7.2 0.2 7.2 3.8000000000000003 12.200000000000001 2 0.4 0 0.2 0 0 0 0 0 0 0 0 0 0 0 0 0 0 2 0 0 0 2.8000000000000003 0 0 0 0 0 0 0 0.4 0 1.2000000000000002 0 0 0 0 0 0 0 0 0 0 0 0 0.2 0 0 3.2 0 0 0 0 0 0 0 0 0 0 0 0 0 0 0 0 0 0 0 0 2.2 0 0.2 0 0 3.2 0 0 0 0 0 0 0 0.2 0.2 0 1.8 0 0 0 0 0 0 0 0 0 0 0 0 3 0 0.2 0 0 0 0 0 0 0 0 0 0 0 0 
 13.200000000000001 114.80000000000001 0 42.400000000000006 24.8 25.6 8.6 24.6 19.8 19 32.4 46.6 6.6000000000000005 26.200000000000003 45.6 73 32.2 26.200000000000003 25.6 12.4 0.2 0 0.6000000000000001 0.8 0 0 0.4 0.6000000000000001 1 0.8 1.8 0.4 3.8000000000000003 0 0 0.6000000000000001 0.8 1.4000000000000001 26.6 0.4 1.6 1.2000000000000002 0.6000000000000001 1.2000000000000002 0 0.6000000000000001 0 0 1.2000000000000002 0.2 0.4 0 0.8 7 0.4 0.2 0 1.4000000000000001 0.4 0.2 0 0 0 1.6 0 0.8 0 0 0 0 0 0.6000000000000001 0 0.4 0.4 0.4 0 0 1 0 2 2.2 6.6000000000000005 5 0 0.2 0 2 1.2000000000000002 6.4 4.4 3 0 3.6 0 2.6 8.6 0 0 2.6 0 0 0 0 0 0 3.2 0 0 0 0 0 4.6000000000000005 0 0 0 0.4 0 5.4 0 0 0 0 0 0 0 0 0 0 0 0 0 0 0 0 0 0 0 0 0 2.2 0 0 0.4 0 0 0 0 0 0 0 0 0 0 0 0 0 0 0 0 2.8000000000000003 4 2.6 0 4.6000000000000005 0 3.4000000000000004 0 2.8000000000000003 2.6 10.600000000000001 2 0 0 6.800000000000001 4.800000000000001 2.4000000000000004 4.800000000000001 0 0 1.8 4 0 0 0 0 6 6.800000000000001 0 0 0 0 2.8000000000000003 0.8 2 0.2 0 0 2.2 3.4000000000000004 0 0 0 0 0 0 0 0 0 0 0 0 0 0 0 0 0 2 0 0 0 0 0 0 0 0 0 0 0 0 0 0 0 0 0 0 3.6 0 0 0 0 0 0 0 0 0.4 25.400000000000002 0 0.4 0.4 0 1 0.6000000000000001 0 0 0 0 0 0 0 0 0 4.2 0 0 0 0 0 0 0 0 0 0 0 0 1.8 0 0 0 0 0 0 0 0 0 0 0 0 0 0 
 10.8 52.6 42.400000000000006 0 15.8 45.400000000000006 16.400000000000002 100.2 71.60000000000001 35.2 40 37.2 25.8 96 57.400000000000006 67.8 87 32.6 25.6 29.200000000000003 0 0 0.6000000000000001 0.4 0 0 0 10.600000000000001 0.6000000000000001 0.6000000000000001 0.4 0.6000000000000001 15.4 0 14.8 0.6000000000000001 0.6000000000000001 0.2 29.8 0.4 0 0 0.6000000000000001 0 0 0.6000000000000001 0 0 0 0.2 0.4 0 0 0.4 0.4 0.2 0 0.6000000000000001 0.4 0 0 0 0.2 1 0 0 0.4 0 0 0 0 0.6000000000000001 0 0 0.6000000000000001 0 0 0.8 0 0 2.6 6.800000000000001 0.2 5.4 6.4 10.4 0 4.2 8.8 2 2.2 2.8000000000000003 0 0 0 6.2 1.6 2 0 0 0 0 0 0 0 0 0 0 0 0 0 0 4.800000000000001 0 0.2 0 0 0 5.2 0 0 0 0 0 0 0 0 0 0 0 0 0 0 0 0 0 0 0 0 0 5.2 0 0 0.2 0 0 0 0 0 0 0 0 0 0 0 0 0 0 3 0 3 5.6000000000000005 0 5.6000000000000005 8.6 6.800000000000001 0 2.2 2 3 4.2 2 0 2.2 5.4 9 2.2 0.4 0 0 3.6 0.2 0 0 0 0 2.2 0 0 0 0 0 2.2 0 1.8 0 0 0 3.6 0.2 0 0 0 0 0 0 0 0 0 0 0 0 0 0 0 0 0 0 0 0 0 0 0 0 0 0 0 0 0 0 0 0 0 0.2 0 0 0 0 0 0 0 0 0 0 0 0 18 0 0.2 37.4 0.4 2.6 0 0 0 0 0 0 0 0 0 0 3.2 0 0 0 0 0 0 0 0 0 0 0 0 2.2 0 2.6 0 0 0 0 0 0 0 0 0 0 0 0.4 
 4.800000000000001 5.800000000000001 24.8 15.8 0 30 12.600000000000001 14.8 80.2 18.8 12.4 27.200000000000003 9.8 18.400000000000002 46.2 75.8 10.200000000000001 10.4 15.8 12.200000000000001 4.4 0 15.4 0 0 0 0 15.600000000000001 14.200000000000001 0.6000000000000001 0.8 0.6000000000000001 15.600000000000001 19.400000000000002 0.6000000000000001 1 15.4 0 7 17.6 0 0 0.6000000000000001 0 0 0.6000000000000001 0 0 0 0 0.4 0 0 0.2 0.4 0.4 0 0.6000000000000001 0.4 0 0 0 0.4 0.4 0 1.4000000000000001 0 0 0 0.4 0 0.6000000000000001 0 0 0.6000000000000001 0 0 0 1 0 0 0 0 0 5.2 0 0 0 0.4 0 0 2.2 0 0 0 0 3.6 0 0 0 2.6 3 5 0 0.4 0 5.4 5.4 3.6 1.4000000000000001 1.8 3.2 7.6000000000000005 8 3.6 0.2 9.8 2.2 5.800000000000001 1.2000000000000002 0 0 0 3.6 0 0 0 0 0 0 0.2 0 0 0 0.4 0 0.2 0 0 0 0 0 0 1 0 0 0 0 0 0 0 0 3 0 0 0 0 0 0 0 0 0.8 2.2 3.4000000000000004 0 1.2000000000000002 0 0 0 0.2 0 2.8000000000000003 0 0.2 0 0 1.8 2.6 0 0 4.4 2.6 3.6 0 0 0 12.200000000000001 7.6000000000000005 5.6000000000000005 1.6 3.8000000000000003 0.4 2.6 8.8 0 0.2 0.8 0 4.4 8.4 0 0 0 0 0 0 6.6000000000000005 0 0 0 0.4 0 0.4 0 0 0 0 0 0 0 0 0 0 0 0 0 0 0 0 0 0 0 0 0 0 0 0 4.2 0 0 0 0 0 0 0 0 21.200000000000003 0 0.4 0.6000000000000001 0.2 2.8000000000000003 3.6 0 0 0 0 0.4 0 0 0 0 0 0 0 0 0 0 0 0 0 0 0 0 0 0.2 0 0 0 0.2 0 0 0 0 0 1.8 0 0 0 0 
 4.4 11.600000000000001 25.6 45.400000000000006 30 0 24.400000000000002 7.4 25.6 40.400000000000006 36.2 14.600000000000001 9.600000000000001 27.400000000000002 13.600000000000001 55.2 11.4 15.200000000000001 28.6 17.400000000000002 0.4 15 0.6000000000000001 0 0 0 0 17.6 15.600000000000001 0.6000000000000001 0.4 0.6000000000000001 0.8 16.8 3 0.6000000000000001 15.8 0 23.6 14.4 0 0 0.6000000000000001 0 0 0.6000000000000001 0 0 0 23.200000000000003 0.4 0.8 0 12 0.4 0.4 0 0.6000000000000001 0.4 0 0 0 0.6000000000000001 0.4 0 0.2 0 0 0 0.4 0 0.6000000000000001 0 0 7.800000000000001 0 0 0 1.2000000000000002 0 2.4000000000000004 0.6000000000000001 2.2 5 6.6000000000000005 7.2 0 2.4000000000000004 4.2 2.2 1.4000000000000001 2 0 0 0 3.2 0 4 0 0 6.6000000000000005 0 3.2 8.200000000000001 0 0 3.6 0 0 2 0 0 7.6000000000000005 6 4.2 0 0 0 2 4.4 0 0 0 0 0 0 0 0 0 0 0 0 0 0 0 0 0 0 0 0 1.2000000000000002 0 0 0 0 0 0 0 0 0 0 0 0 0 0 0 0 0 0 0 2.4000000000000004 1.6 1.8 4.800000000000001 4.800000000000001 5 0 0.4 0 1.8 4.2 3 0 1.6 0 4.800000000000001 6 0 0 0 2.2 9.600000000000001 3.2 0 0 0 0 7 4.6000000000000005 4.2 4.4 2.6 1.2000000000000002 0.2 3 0 0 2 1.8 8 0 0 0 0 0 0 0.6000000000000001 0 0 0 0 0 0 0 0 0 3.8000000000000003 0 0 0 0 0 0 0 0 0 0 0 0 0 0 0 0 0 0 0 0 0 0 0 0 0 0 0 0 0.8 0.6000000000000001 0 0.2 1.8 0 1.8 4.4 0 0 0 0 0 0 0 0 0 0 0 0 0 0 0 0 0 0 0 0 0 0 3.8000000000000003 0 1 0 0 0 0 0 0 0 0.4 0 0 0 0 
 13.4 37.4 8.6 16.400000000000002 12.600000000000001 24.400000000000002 0 23 20 25.8 5.4 6.2 34.2 10.4 14.8 22.400000000000002 6 17.2 43.2 25.8 0.2 0.4 0.6000000000000001 0 0 0 0 0.6000000000000001 1 15.8 0.6000000000000001 0.8 0.4 0 0 0.6000000000000001 1.2000000000000002 0 0.4 0.6000000000000001 0 0.4 0.6000000000000001 0 0 1.2000000000000002 1.2000000000000002 0 0 0 0.4 0 0 9.8 0.8 0 0 1.6 0.4 0.4 0.6000000000000001 0 0 0.4 0 0 13.4 0 0 0 0 0.6000000000000001 0 0 1.4000000000000001 11.4 0 0 0 0.4 7.4 2 2.4000000000000004 0 3 2.2 7.800000000000001 0.2 0 2.8000000000000003 3.4000000000000004 2 3.8000000000000003 0 0 4.6000000000000005 4.2 7 7.4 14.600000000000001 0 0 0 0 0 0 0 0 0 0 0.4 0 0 0 0 0 0 0 0 0 0 0 0 0 0 0 0.4 0 0 0 0 0 2.6 0 0 0 0 0.4 0 0 0 0 0 0 0 0 0 0 0 0 0 0 0 0 0 0 0 0 0 0 0 5.800000000000001 4.4 3.8000000000000003 0 0.2 0.2 7 4.4 0 1.6 2.4000000000000004 9 9.8 0 8.200000000000001 0.6000000000000001 3.2 0 6.800000000000001 0 0 0 0 0 0 0 0 0 0 0 0 2.8000000000000003 0 0 0 0 2.2 0 0 0 0 0.2 0 0 0 0 0 0 0 0 0 0 0 0 0 0 0 0 0 0 0 0 0 0 2.6 0 0 0 0 0 0 0 0 2.2 0 0 0 0 0 0 0.2 0 0 0 0.2 0 0 0 0.4 0 3.2 0 0 0 0 0 0 0 0 0 0 0 0 0 0 0 0 0 0 0 0 0 0 0 0 0 2.2 0 0 0 0 0 0 0 0 0 0 0 0 
 96.4 18.2 24.6 100.2 14.8 7.4 23 0 19 8.6 25.200000000000003 5 71.2 69.60000000000001 33.4 7 17.2 51.800000000000004 36.4 13 0.8 0.8 1.4000000000000001 0.4 0 0 0 0.6000000000000001 0.6000000000000001 0.6000000000000001 0 0.6000000000000001 0.6000000000000001 0 3 0.6000000000000001 0.6000000000000001 1 0 0 0 0 0.6000000000000001 0 0 2 0 12.200000000000001 0 0 0.4 0 0 0 0.4 0.4 0.6000000000000001 0.8 0.4 0 0 0 0.4 0.4 0 0 0.6000000000000001 0 0 0 0 0.6000000000000001 0 0 0.6000000000000001 0 0 0.8 0 0 6 6.2 7.6000000000000005 7.4 0 0 14 2.6 0 0 0 0 1.8 8.8 4.4 1.4000000000000001 1.8 13.200000000000001 2.6 0.4 0 0 0 0 0 0 0 0 0.2 0 0 0 0 0 0 5.4 0 0 0 0.2 0 0 0 0 0.2 0 0 0 2 0 0 0 0 0 0 0 0 0 0 0 0 0 0 0 0 0 0 0 0 0 0 0 0 0 0 0 0 0 0 0 6 0 0.2 0 0 0 5.800000000000001 2.2 0 2.6 0 0 2.4000000000000004 2.6 0 0 0 5.4 2.2 5.6000000000000005 0 0 0 0 0 0 0 0 0 0 0 0 7.4 0 0 0 0.2 0 7 0 0 0 0 0 0 0 0.4 0 0 0 0 0 0 0 0 0 0 0 0 0 0 0 0 0 0 0 0 0 0 0.2 0 0 0 0 0.8 0 0 0 0 0 0 4.4 0 0 0 0 0.4 0 0.4 0 0 4.800000000000001 0 0 0 0 0 0 0 0 0 0 0 0 0 0 0 0 0 0 0 0 0 0 0 0 0 0 0 0 0 0 0 0 0 0 0 0 0 0 
 18 24.8 19.8 71.60000000000001 80.2 25.6 20 19 0 72.2 55.2 8 37.2 39.2 39.6 47.6 23.6 106.80000000000001 62.400000000000006 9.600000000000001 0.2 0 1 0.6000000000000001 0.6000000000000001 0 0 0.6000000000000001 0.8 1 0.4 0.6000000000000001 15.4 0.4 0 2 1 0 14.8 0 0 0 0.6000000000000001 0.4 0.6000000000000001 0.6000000000000001 0 0 0 7 0.8 0 0 0.4 0.4 0.4 0.4 0.6000000000000001 0.4 16.400000000000002 0 0 0.2 1.6 0.4 0.8 0 0 0 0 0 1 7.6000000000000005 0 0.6000000000000001 0 0 0.4 0 0 0 0 1.8 11.200000000000001 4.4 8.4 0 8.4 6 3.8000000000000003 5.800000000000001 0.4 0 0 0.2 2.2 6.2 14.4 11 7.800000000000001 1.8 0 0 0 0 3.4000000000000004 5.4 0 0 0 0 0 0 0 4 0.8 0 0 0.2 0 0 0 0 0 0 0 0 0 0 0 0 0 0 0 0 0 0 0 0 0 0 0 0 0 0 0 2.8000000000000003 2.8000000000000003 0 0 0 0 0 0 0 0 0 0 0 0 6.4 0 5.800000000000001 0 3.6 6.4 0 3.4000000000000004 5.800000000000001 3 0 6.6000000000000005 3 0 0 2.8000000000000003 0.2 2.6 2.6 0 3.8000000000000003 0 0 0 0 0 2.8000000000000003 0 0 8.8 0 0 0.2 0 0 4.2 0 0 0 0 0 0 0 0 0 0 0 0 0 0 0 1.8 0 0.2 0 0.2 0 0 0 0 0 0 0 0 0 0 0 0 0 0 0 0 0 0 0 0 0 0 0 2.8000000000000003 0 0 0 0 0 0.2 1 0.4 0.8 0.2 2.4000000000000004 3.2 0 0 0 0 0.2 0 0 0 0 0 0 0 0 0 0 0 0 0 0 0 0 0 0 0 5.2 0 0 0 0 0 0 0 0 0 0 0 0 0 
 7.4 23 19 35.2 18.8 40.400000000000006 25.8 8.6 72.2 0 14.200000000000001 55.800000000000004 18.2 20.8 40.2 60 9.8 20.400000000000002 34 17.400000000000002 0.4 0 1.2000000000000002 0.2 0 0 0 12.4 0.6000000000000001 0.6000000000000001 0.2 0.6000000000000001 16.8 0 0.2 0.6000000000000001 0.6000000000000001 0 2.2 0 0 0.2 0.6000000000000001 0 0 1.4000000000000001 0 0 1.2000000000000002 0 0.4 0.2 0 13.200000000000001 0.4 0.6000000000000001 0 1.2000000000000002 0.4 0 0 1.2000000000000002 1.8 7.2 0 0.4 0.8 0 0.8 0.6000000000000001 0 8.4 0.4 0 0.6000000000000001 0 0 0 1.2000000000000002 1 0 0.8 2.2 2.4000000000000004 2.8000000000000003 4.800000000000001 6.6000000000000005 4.4 3.2 0 2.2 7.4 0 7.2 2.6 0 0 0 0 1.4000000000000001 2.2 0 0 0 0 0 2.8000000000000003 0 0 0 0 0 0.2 0 2.4000000000000004 0 0 0 2 0 0 0 0 0 0 0 0 0 0 0 0 0 0 0 0 0 0 0 0 0 0 0 0 1.6 0 0 0.8 0 0 0 0 0 0 0 0 0 0 0 0.2 0 2.6 0 1.6 0.2 0 2.4000000000000004 0 0 4.800000000000001 0.2 3.8000000000000003 5 0 0 0.4 2.4000000000000004 3.8000000000000003 0 0 0 1.6 3.8000000000000003 0 0 0 0 0 2.4000000000000004 0 0 0 0 1.4000000000000001 0 0 0 0 0 0 0.2 0 0 0 0 0 0 0.4 0 0 0 0 0 0 0 0 0 0 0 0 0 0 0 0 0 0 0 3 0 0 0 0 0 0 0 0 0 0 0 0 0 0 0 0 0 0 0.8 17.8 0 24 0.6000000000000001 1.6 2.2 0.4 0 0 0 0 0 0 0 0 0 0 0 0 0 0 0 0 0 0 0 0 0 0 2 8.8 0.2 0 0 0 0 0 0 0 0.4 0 0 0 0 
 6.6000000000000005 8.200000000000001 32.4 40 12.4 36.2 5.4 25.200000000000003 55.2 14.200000000000001 0 9.8 7.800000000000001 44.800000000000004 32.4 17.8 47.6 8.200000000000001 5.6000000000000005 8.6 0 0.4 0.6000000000000001 0 0 0 0 0.6000000000000001 0.6000000000000001 0.6000000000000001 1 0.6000000000000001 8.6 0 0.6000000000000001 1.2000000000000002 0.6000000000000001 0 17.2 0 0 0 7.4 0 0 2.8000000000000003 0 0 0 0.2 0.6000000000000001 0.4 0 0 0.4 0.4 0 0.6000000000000001 0.6000000000000001 0.4 0 0.2 0.4 0.8 0 0.2 0 0 0 0 0.2 0.8 0 0.2 0.8 0 0 0.2 0.8 0 0 8.4 4.800000000000001 2.8000000000000003 1.4000000000000001 6.2 0 2.4000000000000004 5.6000000000000005 6.800000000000001 8.4 0 0 2.4000000000000004 0 3 2.4000000000000004 3.6 0 0 0 0 0 0 0 0 0 0 0 0 0 0 1.8 0 0 0 0 0 2.6 0 0 0 0 0.4 0 0 0 0 0 5.4 0 0 0 0 0 0 0 0 0 0 0 0 0 0 0 0 0 0 0 0 0 0 0 0 0 0 0 0 0 0 7.2 3 0 3 6 1.8 0 0 0 0 7.800000000000001 0 0 0 4.6000000000000005 5 2.4000000000000004 1.8 0 2.8000000000000003 2.2 0 0 0 0 0 3.4000000000000004 0 0 0 0 0 0 0 1.8 0 0 0 1.6 0 0 0 0 0 0 0 0 0 0 0 0 0 1.2000000000000002 0 0 0 0 0 0 0 0 0 0.4 0.4 0 0 0 0 0 0 0 0 0 0 0 0 0 0 0 0 0.2 0 0 0 0 0 0 0.2 0.4 17.2 0 5 0 0 0 0 0.2 0 0 0 0 0 0.4 0 0 0 0 0 0 0 0 0 0 0 0 0 0 0 0 0 0 0 0 0 0 0 0 0 0 0 
 5.6000000000000005 36.2 46.6 37.2 27.200000000000003 14.600000000000001 6.2 5 8 55.800000000000004 9.8 0 40 33.800000000000004 62.400000000000006 23 66.4 73.2 66.8 5 0 0.4 1.4000000000000001 0.6000000000000001 0 0.4 0 0.6000000000000001 0.6000000000000001 1 1.2000000000000002 2.2 15.600000000000001 0 0 0.6000000000000001 1.6 0.8 15 0.4 0 0 0.6000000000000001 0 0 0.8 1.8 0.4 0 0.6000000000000001 1 0 0 0.6000000000000001 0.4 0 0 0.6000000000000001 0.4 16.6 0.6000000000000001 0.4 0.4 0.4 0 14 0.4 0 0 0 0 0.6000000000000001 0 0 0.8 0 0.2 1 0 0 0 8.200000000000001 4.2 4.2 3 0.4 2 3.8000000000000003 4.6000000000000005 3.4000000000000004 5.6000000000000005 5 0 3 0 2.8000000000000003 4.4 0.2 0.8 1.6 0 0 0 0 0 0 3.8000000000000003 1.4000000000000001 0 0 0 0 1.4000000000000001 0 2.8000000000000003 0 0.2 0 2.2 0.2 0 0 0 0 0 0 0 0 0 0 0 0 0 0 0 0 0 0 0 0 0.2 0.6000000000000001 0 0.4 0 0 0 0 0 0 0 0 0 0 0 0 0 0 0 0 0 5 2 5 3.8000000000000003 3 0 0 1 1.4000000000000001 6.2 1.4000000000000001 0 0 3.4000000000000004 3.6 6.2 3.8000000000000003 0 0 0 0 0.6000000000000001 0 0 0 2.6 3.8000000000000003 0 0 0.2 0 0 0 0 0 0 0 0 2.2 0 0 0 0 0 0 0.4 0 0 0 0 0 0 0 0 0 0 0 0 0 0 0 0 0 0 0 0 0 0 0 0 0 0 0 0 0 0 0 3.6 0 0 0 0 0 0 0.8 17 0 10.200000000000001 17.2 2.4000000000000004 2.4000000000000004 0 0 0 0 0 5 0 0 0 0 3.4000000000000004 0 0 0 0 0 0 0 0.2 0 0 0 0 0.2 2.4000000000000004 0 0 0 0 0 0 0 0 0 0 0 0 0 
 33 33.6 6.6000000000000005 25.8 9.8 9.600000000000001 34.2 71.2 37.2 18.2 7.800000000000001 40 0 11.600000000000001 28.400000000000002 21.8 4.6000000000000005 12.600000000000001 64 10 0.4 0 0.6000000000000001 0 0.4 0 0.6000000000000001 0.6000000000000001 1 1.4000000000000001 0.4 1 4.800000000000001 0.2 0 1.4000000000000001 0.6000000000000001 0.4 0.6000000000000001 0 0 0.4 0.6000000000000001 0 0 0.6000000000000001 0 0.6000000000000001 0 0.4 0.4 12.600000000000001 0 0.4 0.4 0.6000000000000001 0 2 13.8 0 0 0 0.6000000000000001 0.4 0 0 0 0 0 0.8 0 0.6000000000000001 0.4 0 1 0 0 0 0 0.4 1.6 0.2 0.2 2.2 0 1.8 4.4 0 0 0 1.8 1.8 2.8000000000000003 10 2 3.4000000000000004 0 7.2 2.2 2.6 2.8000000000000003 0 0 0 0 0 0 0 0 0 0 0 0 0.2 3 0 0 0 1.8 0 0 0 0 0.2 0 0.2 0 0.2 0 0 0 0 0 0 0 0 0 0 0 0 0 0 0 0 0.4 0 0.2 0.4 0 0 0 0 0 0 0 0 4.2 0 0 0 0.8 2.8000000000000003 7.6000000000000005 0 2 4.2 3.6 0 0.2 0.2 1.8 9 5.800000000000001 3 0 3.6 2.2 4.6000000000000005 0 0.2 0 0 0 0 0.4 0 0 0 0 0 0 0 1.8 0 0 0 0 0 0 0 0 0 0 0 0 0 0 0 0 0 0 0 0 0.2 0 0 0 0 0.4 0 0 0 0 0 0 0 0 0 0 0 0 0 0 0 0 0 0 0 0 0 0 0.2 0 0 0 0.4 0 0 18.8 0 1.6 41.400000000000006 0 0 0 0 0 0 0 0 0 0 0 0 0 0 0.2 0 0 0 0 0 0 0 0 0 0.6000000000000001 0 0 0 0 0 0 0.8 0 0 0 0 0 0 
 12.200000000000001 69.4 26.200000000000003 96 18.400000000000002 27.400000000000002 10.4 69.60000000000001 39.2 20.8 44.800000000000004 33.800000000000004 11.600000000000001 0 128.8 8.8 69 69 43.800000000000004 37.6 0.4 0.4 0.6000000000000001 0 0 0 0 0.6000000000000001 1 0.6000000000000001 0.4 1 1 0.4 0.2 0.6000000000000001 0.8 0 0 0 0 0 11.4 0 0 0.6000000000000001 0 0 0 12.600000000000001 0.4 0 0 0.6000000000000001 0.4 1 0 0.8 0.4 3.8000000000000003 0 0 0.6000000000000001 0.4 0 0 0.6000000000000001 0 0 0.4 0 0.6000000000000001 0 0 1.2000000000000002 0 0 0 0 0.6000000000000001 5 6 12.200000000000001 0 5.6000000000000005 3.4000000000000004 0 3.8000000000000003 3 3 2.6 2.6 0 4 0 6.800000000000001 5.800000000000001 2.2 0 4 0 0 0 0.2 0 0 2 0 0 0 0 0 2 0.6000000000000001 0 0 0 0.4 1 0 0 0 0 0 0 0 0 0 0 0 0 0 0 0.4 0 0 0 0 0 1 2.4000000000000004 0.2 0 0 0 0 0 0 0 0 0 0 0 0 0 0 0 0 0 0 0 7 0.2 2.4000000000000004 5.2 3.6 7.800000000000001 1.8 3.4000000000000004 5.800000000000001 4.6000000000000005 2 0 1.6 6.800000000000001 2.4000000000000004 3 0 0.8 0 0.6000000000000001 0 0 0 0 0 0 0 0 0 0 0 1.2000000000000002 0 0 0 0 0 0 0.2 0 0 0.4 0 0 0 0 0 0 0 0 0 0 0 0 0 0 0 0 0 0 0 0 0 0.2 0 0 0 0 0 4.2 0 0 0 0 0 0 0 0 0 0 0 0 0 0 0.4 17.6 0 0 17 0.4 1.4000000000000001 0 0 0 0 0 0 0 0 0 0 1.8 0 0 0 0 0 0 0 0 0 0 0 0 2.8000000000000003 0.2 1.6 0 0 0 0 0 0 0 0 0 0 0 0 
 24.200000000000003 46 45.6 57.400000000000006 46.2 13.600000000000001 14.8 33.4 39.6 40.2 32.4 62.400000000000006 28.400000000000002 128.8 0 17 82.80000000000001 40.6 17.400000000000002 18.6 0 0 0.8 0 0 0 0 15.200000000000001 0.6000000000000001 0.8 0.2 0.6000000000000001 0.6000000000000001 0.4 1 0.6000000000000001 1.2000000000000002 0 1 0 0 0 0.6000000000000001 0 0 0.6000000000000001 0 0 0 13.200000000000001 0.4 5.2 0 0.2 0.4 0.4 0 0.6000000000000001 0.4 12.600000000000001 4.6000000000000005 0 0.4 0.4 0 0 0.6000000000000001 0 0 0.2 0.2 0.8 0 0 0.6000000000000001 0 0 0.8 0 0 4.6000000000000005 2.4000000000000004 7.2 0.2 2.2 4.800000000000001 2.8000000000000003 3.8000000000000003 5 5.4 0.6000000000000001 5.2 0 2 0.2 4.2 14 2.8000000000000003 0 5 0 0 0 0 0 0.4 2.2 0 0 0 0 0 3.2 0 0 0 0 0 3 0 0 0 0 7 0 0 0 0 0 0 0 0 0 0 0 0 0 0 0 0 1.2000000000000002 0 0 0 0 0 0 0.4 0 0 0 0 0 0 0 0 0 0.2 0 0 0.2 2.8000000000000003 0.2 1.8 11.8 5 4.2 0 3.6 2.6 2 4 0.2 0 8.200000000000001 3.2 7.800000000000001 0 2.8000000000000003 0 3.2 0 0 0 0 0 0.2 0 0 0.4 0 0 0 0 0.2 0 0 0 0 2 0 0 0 0 0 0 0 0 0 0 0 0 0 0 0 0 0 0 0 0 0 0 0 2.2 0 0 0 0 0 0 0 2.4000000000000004 0 0.4 0.6000000000000001 0 0 0 0 0.4 0 0 0 0 0 0 2 6.6000000000000005 0.2 0.4 0 4.4 0 0 0 0 0 0 0 0 0 0 3 0 0 0 0 0 0 0 0 0 0 0 0 4.2 1.4000000000000001 0 0 0 0 0 0 0 0 0 0 0 0 0 
 9 52 73 67.8 75.8 55.2 22.400000000000002 7 47.6 60 17.8 23 21.8 8.8 17 0 15.600000000000001 41.800000000000004 6.6000000000000005 15.4 0.4 0 0.6000000000000001 0 0 1 0 0.6000000000000001 0.6000000000000001 0.6000000000000001 15.200000000000001 0.6000000000000001 22.6 0 0 1.2000000000000002 0.6000000000000001 0 17.400000000000002 0 0 0 0.6000000000000001 0 0.6000000000000001 1.2000000000000002 0 0 0.8 0.2 1 0.6000000000000001 0 14.4 0.4 0.2 0.6000000000000001 1.2000000000000002 0.4 0.2 0 7.800000000000001 0 0.4 0 0.4 0 0 0 0 0 1 0 0 0.4 0 0 0 1.2000000000000002 0 0 0 2 6.2 2.4000000000000004 8.6 0 5.6000000000000005 7 3 7 2.4000000000000004 0 0 0 0 0 0 0 0 1 2 0 0 0 0 6.2 0.2 0 0 0 0 3.6 0 3 0 0 0 3 0 0 0 0 0 0 0 0 0 0 0 0 0 0 0 0 0 0 0 0 0 0 0 0 0 0 0 0.8 0 0 3.4000000000000004 1.8 0 0 0 0 0 0 0 0 0 4.800000000000001 0 1 0.2 2.8000000000000003 4.6000000000000005 0 0 8.8 0 3.8000000000000003 5.6000000000000005 0 0 0 7.4 0 0 0 0 5.4 6.6000000000000005 0.2 0 0 0 5.2 2.2 0 0 0 0.4 0 0 2.6 0 0 0 2.2 0.2 0 0 0 0 0 0 0 0 0 0 0 0 0 0 0 0 0 0 0 0 0 0 0 0 0 0 0 0 0 0 0 0 0 0 0 0 0 0 0 0 0 0 0 0 0 0 9.200000000000001 0 0.2 0.4 2.2 0.2 0.4 0 0 0 0 0 0 0 0 0 0 0 0 0 0 0 0 0 0 0 0 0 0 2 2.2 1.8 0 0 0 0 0 0 0 0 0 0 0 0 
 30.200000000000003 56.800000000000004 32.2 87 10.200000000000001 11.4 6 17.2 23.6 9.8 47.6 66.4 4.6000000000000005 69 82.80000000000001 15.600000000000001 0 19.200000000000003 26 7.6000000000000005 0 0 0.6000000000000001 41.800000000000004 0 0.2 0 42 0.6000000000000001 0.6000000000000001 0.2 0.4 0.4 0.4 0 0.6000000000000001 0.6000000000000001 0 0.2 0 0 0 0.6000000000000001 0 0 1.8 0 0 0.6000000000000001 12.8 0.4 0 0 0.2 0.4 0 0 0.6000000000000001 0.4 12.8 0 0.6000000000000001 0.6000000000000001 0.4 0 0.2 0.4 0 0.4 0 0 0.6000000000000001 0 0 0.4 0 0 0 0 0 2.6 2.2 6.2 2 2.8000000000000003 0 3.4000000000000004 1 3 0.8 0.8 0 0 10.8 0.2 7.2 9.4 4.800000000000001 0 5 0 0 0.2 0 0 0 2.8000000000000003 0 0 0 0.4 0 1.8 0 0 0 0 0.2 4.6000000000000005 0 0 0.2 0 0 4 0 0.4 0 0 0 0 0 0 0 0 0 0 0 0 0 2 0 0 0.4 0 0 0.2 0 0 0 0 0 0 0 0 0 0 0 0 0 2.8000000000000003 5.2 0 2 2 4 7.4 5 3 2.4000000000000004 0 1 0 0 2.8000000000000003 0 2 3.4000000000000004 0.4 2.4000000000000004 0 0 0 0 0 0 0 0.2 0 0 0 0 0.6000000000000001 0 0.2 0 0 0 0 2.8000000000000003 0 0 0.2 0 0 0 0 0.4 0 0 0 0 0 0 0 0 0 0 0 0 0 0 0 0 0 0 0 0 0 0 0 0 0 0 0 0 0 0 0 0 0 2.8000000000000003 0 0 0 0.2 17.6 0 0 1.2000000000000002 0 0.4 0 0 0 0 0 0 0 0 0 0 0 0 0 0 0 0 0 0 0 0 0 0 0 10.600000000000001 0.4 0 0 0 0 0 0 0 0 0 0 0 0 0 
 25 61.6 26.200000000000003 32.6 10.4 15.200000000000001 17.2 51.800000000000004 106.80000000000001 20.400000000000002 8.200000000000001 73.2 12.600000000000001 69 40.6 41.800000000000004 19.200000000000003 0 28.6 7.2 0 0 0.6000000000000001 0 0 0 0 0.6000000000000001 0.6000000000000001 0.6000000000000001 0.8 0.8 22 0 0.4 0.6000000000000001 0.6000000000000001 0 0.4 1 0 0.4 9.4 0 0 0.6000000000000001 0 0 0 12.600000000000001 0.4 0 0 1.4000000000000001 0.4 0 0 0.6000000000000001 0.4 5 0 0 0 0.4 0 0 0.4 0 0 0 0 0.6000000000000001 0 0 0.4 0 0 0 0 0 0 0 2.8000000000000003 0.2 10.200000000000001 0 0 2 1 4.4 4.2 0 0 0 0 2.8000000000000003 8.8 6.4 3 4.4 4 3 0 0 0 0 5.6000000000000005 2.6 0 0 0 0 2.2 1 2.8000000000000003 0 0 0 6.2 0 0.4 0 0 0 0 0.4 0 0.4 0 0 0 0 0 0 0 0 0 0 0 0.4 1.8 0 0 0 0.2 0 0 0 0 0 0 0 0 0 0 0 0.4 0 0 0 0 3.2 4.6000000000000005 2 2.4000000000000004 7 0 2.8000000000000003 2.6 2.4000000000000004 2.2 12.8 8.200000000000001 0 0 5.4 3.2 2.6 0 0 0 0 0 0 0 0 1.8 0 0.4 0 0 0 0 1.8 0 0 0 0 0.2 2.2 0 0 0 0 0 0 0 0 0 0 0 0 0 0 0 0 0 0 0.2 0 0 0 0 7.6000000000000005 0 0 0 0 0 0 0 0 0 0 0 0 0 0 0 0 0 0 0 0 0 0 29 0 18.2 1.2000000000000002 1 1.6 0 0 0 0 0 0 0 0 0 0 0 0 0 0 0 0 0 0 0 0 0 0 0 3.8000000000000003 1.6 0 0 0 0 0 0 0 0 0 0 0 0 0 
 122.60000000000001 42.2 25.6 25.6 15.8 28.6 43.2 36.4 62.400000000000006 34 5.6000000000000005 66.8 64 43.800000000000004 17.400000000000002 6.6000000000000005 26 28.6 0 35.2 0.6000000000000001 0.4 1 0 1 0 0 0.6000000000000001 1.4000000000000001 0.8 0.4 0.6000000000000001 0.6000000000000001 0.6000000000000001 0 0.6000000000000001 0.6000000000000001 0 0.4 0.6000000000000001 0 0 0.6000000000000001 0 0 1 0.6000000000000001 0 0 0.6000000000000001 0.4 0 0 1 0.4 0.6000000000000001 0 1.4000000000000001 0.4 0.4 0.2 0 0.6000000000000001 0.4 0 6.800000000000001 0 0 0.4 0.4 0 0.6000000000000001 0 0.6000000000000001 1.2000000000000002 0 0 0 0 0.2 2.8000000000000003 0 0 4.800000000000001 0.2 0 0.6000000000000001 4 0 0 10.600000000000001 3.4000000000000004 1.6 4.2 8 4.2 0 8 0 12.8 2.6 2.6 0 0 0 0.4 0 0 0 0 0 0 0 0 0 0 0 0 0 0 0 0 0 2.8000000000000003 0 0 0 0 0 0 0 0 0 0 0 0 0 0 0 0 0 0 0 0 0 0 3.8000000000000003 0.4 0 0 0 0 0 0 0 0 0 0 0 0 3.4000000000000004 5 6 0 0 0 12.4 2.6 7.800000000000001 4 0 1.8 12.200000000000001 4 2 3.4000000000000004 3.2 2 2.6 0.4 0 0 0 0 0 0 0 0 0 0.4 0 0 0 0 0 0 0 0 0 0 0 0 0 0 0 0 0 0 0 0 0 0 0 0 0 2.6 0 0 0 0 0 0 0 0 0 0 0 0 0 0 0 0 0 0 0 0 0 0 0 0.4 0 2.8000000000000003 0 0 0 0.4 0 0 0 0 0.2 1.4000000000000001 0 0 0 0 0 0 0 0 0 0 0 0 0 0 0 0 0 0 0 0 0 0 0 0 0.2 0 0 0 0 0 0 0 0 0.2 0 0 0 0 
 7.6000000000000005 26 12.4 29.200000000000003 12.200000000000001 17.400000000000002 25.8 13 9.600000000000001 17.400000000000002 8.6 5 10 37.6 18.6 15.4 7.6000000000000005 7.2 35.2 0 0.2 0.2 0.6000000000000001 0 0 0 0.4 0.6000000000000001 0.6000000000000001 0.6000000000000001 0.8 0.4 0.4 0 0 0.6000000000000001 0.6000000000000001 0 0 0 0 0 0.6000000000000001 0 11.8 0.6000000000000001 0 0 0 11.600000000000001 1 0 0 13.200000000000001 0.4 0.2 0.4 0.6000000000000001 0.4 0.2 0 0.4 0 0.4 0 0 0 0 0 0 0 0.8 0 0 0.4 9.4 0 9 0 0 2.6 2.6 2.4000000000000004 0 2.4000000000000004 2.8000000000000003 0.2 0 0 0 1.6 1.8 0 0 4.6000000000000005 3.8000000000000003 0 7 3 0 0 0 0.2 0 0 0 0 0 0 0 0 0 0 0 0 0 0 0 0 0 0 0 0 0 0 0 0 0 0 0 0 0 0 0 0 0 0 0 0 0 1.2000000000000002 0 0 0 0 0 0 0 0 2 0 0 0 0 0 0 0 0 0 0 0.8 1.2000000000000002 0 4.800000000000001 1.4000000000000001 4 2.8000000000000003 2.6 0.4 4.2 5 0 0 1.8 0 2 0 0 4.6000000000000005 0 0 0 0 2 0 0 0 0 0 0 0 0 3 0 0 0 0 0 0 0 0 0 0 2.6 0 0 0 0 0 0 0 0 0 0 0 0 0 0 0 0 0 0 0 0 3 0 0 0 0 1 0 0 0 0 0.8 0 0 0 0 0 0 0 0 0 0 9 0.4 0 0 0 0.2 4.800000000000001 0 0 0 0 0 0 0 0 0 0 0 0 0 4.4 0 0 0 0 0 0 0 0 0 2.8000000000000003 0 2.8000000000000003 0 0 0 0 0 0 0 0 0 0 0 0 
 0.2 0 0.2 0 4.4 0.4 0.2 0.8 0.2 0.4 0 0 0.4 0.4 0 0.4 0 0 0.6000000000000001 0.2 0 35 40.400000000000006 19.200000000000003 24.200000000000003 17 48.6 22.8 65 7.4 7.800000000000001 43.800000000000004 12.4 32.4 22.6 22.200000000000003 26 34.800000000000004 11.4 24.6 0 0 0.4 0 0 0.4 1.2000000000000002 0 0.8 0 0.6000000000000001 0 0 0 0 0 0.4 0.2 0 0.4 0.8 1 0 0 0 2 0.6000000000000001 0.6000000000000001 0 0.6000000000000001 0.4 0 1.2000000000000002 0 0.6000000000000001 1.2000000000000002 1.2000000000000002 0 1.2000000000000002 0.4 0 0 0 0 0 0 0 0 0 0 4 0 0 0 0.4 0 0 0.4 0 0 5.800000000000001 2.6 5.4 3.4000000000000004 2.2 0 0 2 2.6 2.6 3.8000000000000003 0 4 0.6000000000000001 4.4 2.2 3 2 2 0 0 0 0 0 0 0 1.4000000000000001 0 0 0 0 0 0 0.2 0 0 0 0 0.6000000000000001 0 0 0 0 0 0 0 0.2 0 0 0 0 0 0 0 0 0 2.6 0 0 0 0 0 0 2 0 0 0 0 0 0 0 0 0 0 0 0 0 0 0 0 2 3.2 2.4000000000000004 0.2 0.2 0 3.8000000000000003 1.4000000000000001 5.4 7.4 0 0.6000000000000001 0 0.8 0 7.4 0.4 4 0 3.6 1.6 0 0 0 0 0.2 2.2 0 0 0 0.2 0 1.6 0 0 0 0 0 0 2 0 0 0 0 0 0 0 0 0 0.4 0 0 0 0 0 0 0 0 0 0 0 0 0 0 0 0 0 0 0 0 0 0 3.6 0 0 0.4 0 15.4 0 0.2 1.4000000000000001 0 0 0 0 0 0 0 0 0 0.2 0 0 0 0 0.2 0 0 0 0 0 0 0 0 0 0 0 0 0 0 
 0 13.600000000000001 0 0 0 15 0.4 0.8 0 0 0.4 0.4 0 0.4 0 0 0 0 0.4 0.2 35 0 48.400000000000006 28.8 21.200000000000003 4.800000000000001 63 32 33.800000000000004 40.400000000000006 6 37.6 6.6000000000000005 51.800000000000004 24.200000000000003 26.200000000000003 21.200000000000003 8.200000000000001 52.6 59.6 0 0 0 0 0 0 0.6000000000000001 0 0.6000000000000001 0 0.6000000000000001 3.6 0 0 0 0 0.4 0 0 0 0 0.4 0 0 0 0 10.200000000000001 0 0 1 0 0 0.4 0 0 0 0 0 0.6000000000000001 0 0 0 0 0.2 0 0 0 0 0 0.4 0 3 0 0 0 0 0 0 0 0 3.4000000000000004 6.2 6 10.4 0 0 1.6 2.8000000000000003 14.8 3.2 3.2 4 0 6.800000000000001 0 3.4000000000000004 1.4000000000000001 0.2 0.4 6.6000000000000005 0 0 0 0 0 0 2 0 0 0 0 0 6.6000000000000005 0 0 0 0 0 4 0 0 0.4 0 0 0 0 0 0 0 0 0 0 0 0 0 0 0 0.4 0 0.4 0 1.2000000000000002 0 1.2000000000000002 0.4 3 0 0 0 0 0 0 0 0.4 2.2 0 0 0.4 0 0 2.6 6.6000000000000005 6.4 14.8 0 1.4000000000000001 0 2 0.6000000000000001 15.600000000000001 5 10.4 0 1.6 13.8 0 0 2.8000000000000003 2.6 6 0 0 0 0 0 0 0 0 0 2.6 0 0 0 1.8 0 0 0 0 1 1.8 0 0 0.2 0 0 0 0 0 0 0 0 0 0 0 0 0 0 0 0 0 0 0 0 0 0 0 0 0 0 0 0 0 0 0.2 0.4 0 0.4 0.4 0 0.4 0.4 0 0 0 0 0 0 0 0 0 0 0 0 0 0 0 0 0 0 0 0 1.4000000000000001 0 0 0 0 0 0 0 0 
 0.6000000000000001 0.6000000000000001 0.6000000000000001 0.6000000000000001 15.4 0.6000000000000001 0.6000000000000001 1.4000000000000001 1 1.2000000000000002 0.6000000000000001 1.4000000000000001 0.6000000000000001 0.6000000000000001 0.8 0.6000000000000001 0.6000000000000001 0.6000000000000001 1 0.6000000000000001 40.400000000000006 48.400000000000006 0 28.400000000000002 53.800000000000004 30.400000000000002 46.400000000000006 17.2 41.400000000000006 62.2 25 14.600000000000001 11.8 30.6 25.6 27.6 64.60000000000001 58.800000000000004 7.2 81.2 0 0 0 0 0 0 0.6000000000000001 0 0.6000000000000001 0 0.6000000000000001 0.4 0 0 0 0.6000000000000001 0.4 0 0 0.4 0 0.4 1 0 0 0 0 0 0 0.6000000000000001 0 0 1 0 1.2000000000000002 0 0 0 0.6000000000000001 10.4 0 0 0 0 0 0 0 0 0 0 0 0 0.4 0 0 0 0 0 0 0 6.800000000000001 9 4.800000000000001 8.4 1.8 2.2 5.6000000000000005 0.4 4 2.4000000000000004 0.2 1.2000000000000002 0.6000000000000001 6.800000000000001 0 3.2 1.6 8.6 0 2.2 0 0 0 0 0 0 0.8 0 0 0 0 0 2.6 0 0 1.8 0 0 2 0 0 0 0 0 0 0 0 0 0 0 0 0 0 0 0 0 0 0 0.4 0 0 0 0 0 0 0 0 1.8 0 0 0 0 0 0 0 0 0 0 0 0 0 0 5.6000000000000005 7.800000000000001 0 2.6 0 9.4 0 4.4 4.2 16.6 2.2 4.2 0 2.4000000000000004 3 0.2 2.4000000000000004 2.8000000000000003 0 0 0.4 0 0 1.6 0 0 0 0 0 0 5.800000000000001 4.2 0 0 0 0 1.4000000000000001 2 1.6 0 0 0 0 0 0 0 0 0 0 0 0 0 0 0 0 0 0 0 0 0 0 0 0 0.4 0 0 0 0 0 0 0 0 1.6 0.6000000000000001 0.4 17.2 0 0 0.2 0.4 0 0 0 0 0 0 0 0 0 0.4 0 0 0 0 0 0 0 2.4000000000000004 0 3.6 0 0 0 2.2 2.4000000000000004 0 0 0 
 0 0 0.8 0.4 0 0 0 0.4 0.6000000000000001 0.2 0 0.6000000000000001 0 0 0 0 41.800000000000004 0 0 0 19.200000000000003 28.8 28.400000000000002 0 42.2 41 29.8 85 35.6 33.800000000000004 27.8 19.6 12 16.2 93.2 52.800000000000004 63 19 58.6 56.6 0 0 3.4000000000000004 8.8 0 0 0.6000000000000001 5.6000000000000005 1.6 0 0.6000000000000001 0 12.600000000000001 0 0 0 0.4 0 0 0 0 0.4 0.6000000000000001 0 0 0 0 0 0 0.8 0.2 0 0.4 0 0 0 0 0 0.6000000000000001 0.4 0 0 3 0 0 0 0 0 0 0 0 0 0 0 0 0 0.2 0 0 0 0 1.8 5.2 2.8000000000000003 8.6 2 0 2.4000000000000004 0 5.800000000000001 3 7.4 0 0.2 0 8.4 0 0.2 0 6.4 6 1.8 0 0 0 0 0.2 1 0 0.8 1.2000000000000002 0 3.4000000000000004 0.2 2.2 5.2 1.4000000000000001 0 0.2 9.4 0 0 0.2 0 0 0 0 0 0 0 0 0 0 2 0 0 0 0 0 0 0 0 0 0 0 0 4 0 0 0 0 0 0 0 0 0 0 1.2000000000000002 0.2 0.2 4.800000000000001 2 2.4000000000000004 0.2 4 3.4000000000000004 0 0 1.2000000000000002 5.6000000000000005 3.6 4.800000000000001 0 0 9.8 0 3.6 2 0 0 0 0.2 1 0 0 0 0 0 3 0 0 0 2.2 5.800000000000001 1.8 0 6.2 0 3.8000000000000003 6.4 0 0 0 0 0 0 0 0 0 0 0 0 0 0 0 0 0 0 0 0 0 0 0 0 0 0 0 0 0 0 0 0 0 0 2 0 0.4 19.8 25 0 15.600000000000001 0 0 0 0 0 0 0 0 0 0 0 0 0 0 0 0 0 0 0 0 0 0 0 0 0 0 0 0 0 
 0 0 0 0 0 0 0 0 0.6000000000000001 0 0 0 0.4 0 0 0 0 0 1 0 24.200000000000003 21.200000000000003 53.800000000000004 42.2 0 22.6 18.6 27.8 24.200000000000003 52.400000000000006 34.800000000000004 25.6 15 19.400000000000002 22.200000000000003 92.4 21.6 8.8 16.6 21.200000000000003 0 0 0 0 0 0 0.8 4 1 0 0.6000000000000001 0 12.4 12.600000000000001 12.4 0 0.4 0 18.2 12.8 0 0.4 0 0 0 0 0 0 0 1 0 0 0.4 0 0 10.8 0 0 0.6000000000000001 0 0 0 0 0 0 0 0 0 0 0 0 0.4 0 0.4 0 0 0 0 0 0 0 2.6 0 0 5.4 4.2 0 2.2 0 0 1.4000000000000001 6.4 0 0 2.4000000000000004 1.8 2.4000000000000004 2.6 0 1.2000000000000002 0 2.6 0 0 2 0 10.200000000000001 0 0 0 0 0 5.4 1.8 4.6000000000000005 0 0 0 8.6 2 0 0 0 0 0 0 0 0 0 0 0 0 0 0 0 0 0 0 0 0 0 0 0 0 0 0 0 0 0 0.4 0 0 0 0 0 0 0 0 0 0.2 0 0 0 5.2 12.600000000000001 3.8000000000000003 0 4.800000000000001 2.8000000000000003 0.4 0 0 0 0 0 1.6 4.2 0 0 0 3.8000000000000003 0 0 1.4000000000000001 0 0 4.2 2 0 0 0 2.6 0 2.4000000000000004 7.2 7.800000000000001 0 0 4 4.800000000000001 0.4 0 0 0 0 0 0 0 0 0 0 0 0 0 0 0.4 0 0 0 0 0 0 2.4000000000000004 0 0 0 0 0 0 0 0 0 0 3.4000000000000004 0.8 0 0.8 0 0.4 0 0.4 0 0 0 0 0 0 0 0 0 0 0 0 0 0 0 0 0 0 0 0 2.4000000000000004 0 0 0 0 0 0 0 0 
 0 0 0 0 0 0 0 0 0 0 0 0.4 0 0 0 1 0.2 0 0 0 17 4.800000000000001 30.400000000000002 41 22.6 0 9 9 12.4 42.400000000000006 33.6 9.8 8 10 12.200000000000001 15.200000000000001 103 17.400000000000002 8 12.200000000000001 0 0 1.4000000000000001 1.4000000000000001 0 0 0.6000000000000001 12.8 14 0 0.6000000000000001 0 0.2 0 0.2 12.4 0.4 0 26.200000000000003 0 0 0.4 0.8 0 0 0 0 0 0 0.4 0 0 0.4 0 0 0 0 0.4 0.6000000000000001 0.4 0 0.4 0 0 0 0 0 0 0 0 0 0 0 0 0 0 0.4 0 0 0 0 2.4000000000000004 0 5 6 8.4 0 0 0 2.4000000000000004 0 3.8000000000000003 0 0 0 1.2000000000000002 0 2.4000000000000004 0 0 18.6 0 0 0 0 0 1.6 5 0 5.4 3.4000000000000004 0 0.4 2.2 5.800000000000001 9.4 4.2 0 1.8 4.6000000000000005 0 0 0 0 0 6.800000000000001 0 0 0 0 0 0 0 0 0 0 0 0 0 0 0 0 0 0 0 0 0 0 0 0 0 0 0 0 0 0 0 0.4 0.4 0.4 0 0 1.6 2.8000000000000003 4.800000000000001 6.800000000000001 0 2.8000000000000003 0 4.4 2.2 5.6000000000000005 0 0 0 0 0.4 0 0 0 0 2 4.4 0 0 0 4.800000000000001 0 0.8 5.4 0 0 3.4000000000000004 3 3.8000000000000003 0 3.8000000000000003 0 0 9 0 0 0 0 0 0 0 0 0 0 0 0 0 0 0 0 0 0 0 0 0 0 0.4 0 0 0 0 0 0 0 0 0.2 0 0 0.8 0 0 1 22.400000000000002 0 0 0 0 0 0 0 0 0 0 0 0 0 0 0 0 0 0 0 0 0 0 0 0 0 3.4000000000000004 0 1.6 0 0 0 
 0 0 0.4 0 0 0 0 0 0 0 0 0 0.6000000000000001 0 0 0 0 0 0 0.4 48.6 63 46.400000000000006 29.8 18.6 9 0 21.6 60.800000000000004 41.2 22.400000000000002 24 17.400000000000002 65.4 18.2 37.800000000000004 17.8 31.200000000000003 15.4 33.800000000000004 0 0 0 0 0 0 0.6000000000000001 0 0.6000000000000001 0 0.6000000000000001 0 0 0 0 0 0.4 0 0 0 0 0.4 0.8 0 0 0 0 0 0 1.8 0 0 0.4 0 0 0 0 0 0.6000000000000001 0 0 0 0 0 0 0 0 0 0 0 0 0 0 0 0 0 0 0 0 0 8 10.600000000000001 2.4000000000000004 9.8 0.4 0 2.8000000000000003 5.4 16.6 2 2.8000000000000003 5.6000000000000005 0 3 0.2 4.800000000000001 0 0 0 18.6 0 1.2000000000000002 0 0 0 0 2 0 0 0 0 0 2.4000000000000004 0.2 0.2 0 0 0 2.2 0 0 0 0 0 0 0 0.4 2.6 0 0 0 0 0 0.4 0 0 0 0 0 0 0 0 0 0 0 0 0 0 0 0 0 0 0 0 0 0 0 0 0 0 4 0.2 1.2000000000000002 22.8 4.800000000000001 3.4000000000000004 0 12.600000000000001 1.4000000000000001 5.800000000000001 0.2 8.6 0 4.800000000000001 5 2.2 4.800000000000001 2.8000000000000003 0 0 2.8000000000000003 0 0 0 0 0.4 0.2 0 0 0 0 0 1.2000000000000002 0.2 0 0 0 1.4000000000000001 2.2 0 0 0 0 0 0 0 0 0 0.4 0.2 0 0 0 0 0 0 0 0 0 2.6 0 0 0 0 0 0 0 0 0 0 0 0 0 0 0 0.4 0 1.6 0 0 4 0.4 0 0 0 0 0 0 0 0 0 0 0 0 0 0 0 0 0 2.4000000000000004 0 4.2 0 0 0 2.8000000000000003 0 0 0 0 
 0.6000000000000001 0.6000000000000001 0.6000000000000001 10.600000000000001 15.600000000000001 17.6 0.6000000000000001 0.6000000000000001 0.6000000000000001 12.4 0.6000000000000001 0.6000000000000001 0.6000000000000001 0.6000000000000001 15.200000000000001 0.6000000000000001 42 0.6000000000000001 0.6000000000000001 0.6000000000000001 22.8 32 17.2 85 27.8 9 21.6 0 36.4 20.6 8.6 21 69.60000000000001 59.6 30.200000000000003 22.8 46.800000000000004 7.4 79.60000000000001 41.800000000000004 0 12.4 0 0 0 0 0.6000000000000001 0 0.6000000000000001 0 0.6000000000000001 0.2 0 0 0 0 0.4 0 0 0.2 0 0.4 0 0.2 0 0 0 0 0 1.8 0 0 0.4 0 0 0 0 0 0.6000000000000001 7.800000000000001 0 0 0 0 2.6 0 0 0 0 0 0 0 0 0 0 0 0 0 0 0 1.4000000000000001 2.8000000000000003 0.2 0 0 0 0 2.2 4.4 7 0.4 0 1.8 0 2.4000000000000004 0 1.8 0 0.2 5.6000000000000005 0 0 0 0 0 0 0 0 0 0 0 0 0 0 0 0 0 0 0 0 0 0 0 0 0 0 0 0 0 0 0 0 3.6 0 0 0 0 0 0 0 0 0.4 0 0.4 0 0.2 0 0 0 0 0 0 0 0 0 0 0 0 0 0 0 3.6 0 7.4 4 0 0 0 7.6000000000000005 3 4.4 0.2 1.4000000000000001 6.4 2 1.6 2.2 3 1.8 2.6 0 0 0 0 0 0 0 0 0 0 0 0 0.8 0 0 0 0 0 1.8 0 0.4 0 0 0 0 0 0 0 0 0 0 3.2 0 0 0 0 0 0 0 0 0 0 0 0 0 0 0 0 0 0 0 0 0 0 0.8 0 0.2 8 0 0 0.4 1.8 0.4 0 0 0 2.2 0 0 0 0 0 0 0 0 0 0 0 0 0 0 0 0 0 0 0 0 0 0 0 
 0.6000000000000001 16.400000000000002 1 0.6000000000000001 14.200000000000001 15.600000000000001 1 0.6000000000000001 0.8 0.6000000000000001 0.6000000000000001 0.6000000000000001 1 1 0.6000000000000001 0.6000000000000001 0.6000000000000001 0.6000000000000001 1.4000000000000001 0.6000000000000001 65 33.800000000000004 41.400000000000006 35.6 24.200000000000003 12.4 60.800000000000004 36.4 0 67.2 82.2 19.8 16.6 36.2 34.2 31.6 20.6 8.8 18.400000000000002 12.200000000000001 5.2 0.2 0 0.6000000000000001 0 0 0.6000000000000001 0 0.6000000000000001 0 0.6000000000000001 1 0.4 0 0 0.2 0.4 0.4 0.2 0.4 3 0.4 0 0.2 0 0.4 0 0 0 1.6 0 0 0.4 1.2000000000000002 0 0 0 0 0.6000000000000001 0.2 0 0 0 0 0 0 0 0 0 0.2 0 2.4000000000000004 0 0 0 0 0 0 0 0 7.2 3.4000000000000004 3.6 3.6 5.2 0 2.4000000000000004 5.800000000000001 7 0 1.4000000000000001 8.4 2.8000000000000003 4 0 0 1.6 3.2 3.2 9.200000000000001 0 2.2 0 2.4000000000000004 0 0 2 0 0 0 0 0 2 5 4.4 0 0 0 5.4 2 0 0 0 0 0 0.6000000000000001 0 0 0 0 0 0 0 0 0 0 0 0 0 0 0 0 0 0 0 0 0 0 0.4 0.2 0 0 0 0 0 0.2 0 0.4 0 1.2000000000000002 1.8 4.4 4.4 3.4000000000000004 7.6000000000000005 0 3.6 3.6 0 3.2 2 4.4 2.2 0.2 1.8 0.6000000000000001 7 6 6.4 4.4 2 0 0 0 0 0 1 0 0 0 0 0 0.2 3.6 0.2 0 0 0 7.4 2 0 0 0 0.2 0 0 0 0 0 0 0 0 0 0 0 0.2 0 0 0 0 0 0 0 0 0 0 0 0 0 0 0 0 0 0.2 0.8 2.2 0.4 0.4 0 0.4 4 0 0 0 0 0 0 0 0 0 0 0 0 0 0 0 0 0 0 0.2 0 0 0 0 0 0.8 0 0 0 0 
 0.6000000000000001 0.6000000000000001 0.8 0.6000000000000001 0.6000000000000001 0.6000000000000001 15.8 0.6000000000000001 1 0.6000000000000001 0.6000000000000001 1 1.4000000000000001 0.6000000000000001 0.8 0.6000000000000001 0.6000000000000001 0.6000000000000001 0.8 0.6000000000000001 7.4 40.400000000000006 62.2 33.800000000000004 52.400000000000006 42.400000000000006 41.2 20.6 67.2 0 123.80000000000001 69.8 12.4 21.200000000000003 33.4 84.60000000000001 85.4 66.4 23 55.400000000000006 0 0 1 0 0 0 0.6000000000000001 13.200000000000001 0.6000000000000001 0 42.2 0 0 0 0 0 0.4 0 24.8 12.200000000000001 0 0.4 1.6 0 0 0 0 0 0 0.6000000000000001 0 0 0.4 0 10.600000000000001 0 0 0 0.6000000000000001 0 0.4 0 0 0 0 0 0 0 0 0 0 0 0 0 0 0 0 0 0 0 3.4000000000000004 3.2 0 7 1.6 3.2 1.8 0 0 4.6000000000000005 4.800000000000001 2.8000000000000003 0 2.8000000000000003 2.2 6.800000000000001 0 7.4 0 3.4000000000000004 1.6 0 0 0 0 0 6.4 0 0 0 0 0 1.4000000000000001 3.2 1.6 0 2 0 0 0 0.2 0 0 0 0 0 0 0 0 0 0 0 0 0 0 0 0 0 0 0 0 0 0 0 0 0 0.4 0 0 0 0 0 0 0 0 0 0 0.4 0 0 0.2 0 2.6 3.6 0 3.8000000000000003 0 3.4000000000000004 1.6 4.800000000000001 2.2 3 0 2.8000000000000003 2.2 2.4000000000000004 2.4000000000000004 0 0 0 0 0.4 1.4000000000000001 0 0 0 2.6 0 0 0 0 0.4 2.2 3.2 2.2 0.4 0.4 0 0 4 0 0 0 0 0 0 0 0 0 0 0 0 0 0 0 0 0 0 0 0 0 0 0 0 0 0 0 0 0 0 0 0 0 0 1 0.6000000000000001 0.8 30 14.8 0.8 0.8 0 0 0 0 0 0 0 0 0 0 0 0 0 0 0 0 0 0 2.4000000000000004 0 2.6 0 0 0 2.6 2.6 0 0 0 
 0.4 0.2 1.8 0.4 0.8 0.4 0.6000000000000001 0 0.4 0.2 1 1.2000000000000002 0.4 0.4 0.2 15.200000000000001 0.2 0.8 0.4 0.8 7.800000000000001 6 25 27.8 34.800000000000004 33.6 22.400000000000002 8.6 82.2 123.80000000000001 0 13 9.200000000000001 12.200000000000001 26.6 24.8 36.800000000000004 54.400000000000006 91.80000000000001 17.2 0 0 0 0 0 0 0.6000000000000001 12.8 0.6000000000000001 0 0.6000000000000001 0 0 0 0 0 0.4 0 12.4 0 0 10.8 0 0 0 0 0 0.2 0 0.4 0.4 0 0.4 0 0 0 0.8 0 0.6000000000000001 0.2 0 0 0 0 1.8 0 0 0 0 0 0 0 0 0 0 0 0 0 0 0 0 7 3.4000000000000004 6.2 0 1.8 2 0 0 0 2.4000000000000004 8.6 0 0 0 0 0 3.6 0 5 0 0.4 0 0 0 0 0 0 0 0 0 0 0 3.4000000000000004 5.6000000000000005 0 2 0 0 0 0 0 0 0 0 4.6000000000000005 0 0 0 0 0 0 0 0 0 0 0 0 0 0 0 0 0 0 0 0 3 0 0 0 0 0 0 0 0 0 0 1.4000000000000001 0 0 0 0 0 3.2 0 2.2 0 0 0 0.4 3.6 4.4 2 3.8000000000000003 3 0 2.6 1.6 0 0 0 0 1.4000000000000001 0 0 0 2.6 0 0 0 0 0 4.6000000000000005 0 2.4000000000000004 0 0 0 0.4 6.4 0 0 0 0 0 0 0 0 0 0 0 0 0 0 0 0 0 0 0 0 0 0 0 0 0 0 0 0 0 0.2 0 0 0 0 1.6 0 0.6000000000000001 15.4 14.600000000000001 0.2 0.6000000000000001 0 0 0 0 0 0 0 0 0 0 0 0 0 0 0 0 0 0 2.2 0 0 0 0 0 2.6 0 0 0 0 
