 0 63 16.6 32.800000000000004 11 29.6 26.400000000000002 23.8 51.2 7.6000000000000005 68.8 33.6 30 57.6 9.200000000000001 6.800000000000001 7.4 4.800000000000001 13 15.8 0.6000000000000001 0.6000000000000001 7 0 0.2 0 3.4000000000000004 0.2 5.4 0 40.800000000000004 0 6.6000000000000005 0 1 0.8 6.2 0 0 0 0.2 12.200000000000001 0 0.4 0 0 0 1 0.2 1.2000000000000002 0.4 0 0.4 0 0 0.6000000000000001 0.6000000000000001 0 0.6000000000000001 0 0 0 0 0 0.6000000000000001 0.8 0 0 0 0 0.4 0.6000000000000001 0 0.6000000000000001 0 0 0 0.4 9 0 2.8000000000000003 4.800000000000001 0 0 2.2 0 0.2 7.6000000000000005 2 0 0 0 2 7.4 0.2 0 0.2 6.4 2.8000000000000003 2 0 0 0 0 4.800000000000001 0 0 0 0 0 0 0 0 0 0 0 3 0 0 0 0 0 2.2 0 0 0 0 0 0 0.2 0 0.4 0 0 0 0 0 0 0 0 0 0 0 2.4000000000000004 0 3.2 0 0 0 0 0.4 2.6 0 0 0 0.2 0 0 0.2 0 6.2 0 5.800000000000001 0 0 0 11.4 0 0 1 1.8 0 7 0.2 1.2000000000000002 0.4 2.6 0 0 0.4 0 0 0 0 0 0 0 0 0 0 0 0 0 0 0 0 1.8 0 0.2 0 0 0.2 0 0 0.4 0 0 0 0 0 0 0 0 0 0 0 0 0 0 0 0 0 0 0 0 0 0 0 0 0 0 0 0 0 0 0 0 0 0 0 0 0 0 0 0 0.4 0.4 0 0 0.4 0 1.2000000000000002 0.4 0 0.4 0 0 6.4 0 0 15.8 0 0 0 0 0 0 0 0 0 0 0 0 0 0 0 0.2 0 0 0 0 0 0 0 0 0 0 0 0 0 
 63 0 40.6 77.80000000000001 23 26 73.8 46 41.6 27.400000000000002 54.2 49.2 30.8 36.6 82.2 24.6 41 28.8 67.4 82.4 0.6000000000000001 0 0 0.4 0 0 0 0.6000000000000001 0 0 0.4 0 16.2 0 0.4 0.4 0 0.2 0 0 0.4 0 0 0 0 0 0 0.4 0.8 0.6000000000000001 0 0 1.6 0 0 0 0 0 6.2 0 0 0 0 0 0.4 0.6000000000000001 0 0 0 0 0 0 0 0.4 0.2 0 0 0 0 0 1.8 9.8 4.4 5.6000000000000005 0 0 6 2.8000000000000003 0 1.6 2.8000000000000003 5 1.4000000000000001 0.4 6 2.8000000000000003 2.6 3.8000000000000003 2.2 0 0 0 0.4 0 0 0.4 0 0.2 0 0 5 0 0.2 0 0 0 0 0 0.2 1.6 0 0 0 0 0 0 0 0 0 0 0 0 0 0 0 0 0 0 0 0 0 0 1.2000000000000002 0 0 0 0 0 0 0 0 0 0 0 0 0 2 0 0 0 2.6 0.2 1 0 0.2 4 0 8.4 1 0 0 0 1.2000000000000002 5.800000000000001 2 2.4000000000000004 2.6 2.8000000000000003 3.2 9 0 0 0 0 0 0 0 0 1 0 0 0.4 0.4 0.2 0 0 0 0 0 0 0 0 0 0 0 0 0 0 0 0 0 0.2 0 0 0 0 0.4 0 0.4 0 0 0 0 0 0 0 0 0 0 0 0 0 0 0 0 0 0 0 0 0 0 0 0 0 0 0.2 17.400000000000002 0.4 0.8 17.8 7.6000000000000005 2.2 0 0 0.2 0 0 0 0 0 0 0 1 0 0 0 0 0 0 0 0 0 0 0 0 2 0 0 0 0 0 0 0 0 0 0 0 0 0 0 
 16.6 40.6 0 60 27.6 29 17.6 39.400000000000006 62 35.800000000000004 46 23.6 15.600000000000001 12.4 23.8 17.8 55.800000000000004 19.6 66.8 51.800000000000004 0.6000000000000001 0 0.4 0 0.4 0 0 0 0 0 0 0 7.2 16 0.4 0.4 2.8000000000000003 0.2 31.200000000000003 0 0 0 0 0 0.6000000000000001 12.600000000000001 0 0.4 0 0.6000000000000001 0 0 0.4 0 0 0.4 0 0 0.6000000000000001 0 0 0 0 0 0 0.6000000000000001 0 0 0 0 0 0 0 0.6000000000000001 0.4 0 0 0 0 10.4 14.600000000000001 0 0 6.4 5.2 2.8000000000000003 3.2 0.2 0.4 4.4 0 0 1.6 0 0 2.2 1.4000000000000001 2.4000000000000004 2 0 2.2 0 0 0 0 0 0.2 0 0 0 0 0 5.800000000000001 1.4000000000000001 0.2 0 1.4000000000000001 0 1.8 6 0 0 0 0 0 0 0 0 0 0 0 0 0 0 0 0 0 0 0 0 0 0 0 0 0 0 0 0 0 0 0 0 0 0 0 0 0 0 0 0 2.4000000000000004 2.6 0 2.8000000000000003 11.600000000000001 7 0 0 0 3.2 1.4000000000000001 3 1.8 0 0 2 3.6 0 1.8 3.4000000000000004 0 5.6000000000000005 0 0 0 0 5 0 0 0 0 0 1.8 4.800000000000001 0 0 0 0 5.2 2.6 0 0 0 0.2 0 0 0 0.2 0 0 0 0 0 0 0 0 0 11.4 0 0 0 0 0 0.4 0 0 0 0 0 0 0 0 0 0.2 0 0 0 0 0 0 0 0 0 0 0 0 0 0 18 0.4 0 2.6 0 0 0 0 0 0 0 0 0 0 0 0 0 0 0 0 0 0 0 0 0 0 0 0 6.6000000000000005 0 0 0 0 0 0 0 0 0 0 0 0 0 
 32.800000000000004 77.80000000000001 60 0 15.600000000000001 9.8 25.8 47.800000000000004 57.800000000000004 12.200000000000001 13.8 10.8 10.4 30.200000000000003 32.2 9.200000000000001 61.6 33 19 13 0.8 0.2 0.4 0.6000000000000001 1 0 15.4 0.4 0 0 1.2000000000000002 0 4.4 0.4 0.6000000000000001 1.6 1 0.8 0.4 0 0.4 0 0.8 0 1 0 0 0.4 0 0.6000000000000001 0 0.6000000000000001 0.4 0.2 0 0.6000000000000001 1.2000000000000002 0 0.6000000000000001 0 0 0.4 0 0 0 0 0 0 0 0 0 0.4 0.6000000000000001 0.6000000000000001 0 0 0 0 0.6000000000000001 1 4.6000000000000005 0 6.2 4.4 1.8 2 0 3.2 2 0 0.2 2.8000000000000003 0.6000000000000001 2.2 1.8 2.4000000000000004 3.8000000000000003 0.2 0 2.8000000000000003 1.4000000000000001 0 2.6 0 0 0 0 2.8000000000000003 0 0 0 0 0 4.6000000000000005 2.4000000000000004 0 0 0 3.2 0 0 0 0 0 0 0 0 0 0 0 0 0 0 0 0 0 0 0 0 0 0 0 0 0 0 0 0 0 4.4 0 0 0 0 4 0 0 0 0 0 0 4.2 0 2.2 0 0 0 0 3.8000000000000003 2 0 0 0 0 0 3 0.8 4.6000000000000005 3.2 0 0 0 2.6 0.2 0 0 0 0 2.4000000000000004 0 0 0 0 1 0 1.2000000000000002 0 0 0 0 11.600000000000001 0 0 0 0 0 0 0 0 0 0 0 0 0 0 0 0 0 0 0 0 0 0 0 0 0 0 0 0 0 0 0 0 0 0 0 0 2.2 0 0 0 0 0 0 0 0 0 13.8 0 0 18.6 0 1 4.2 0 0 0 0 0 0 0 0 0 0 0 0 0 0.4 0 0 0 0 0 0 0 0.4 3.2 0 0 0 0 0 0 0 0 0 0 0 0 0 0 
 11 23 27.6 15.600000000000001 0 49.6 22.8 37.4 32.4 20.200000000000003 41.2 6.800000000000001 15.200000000000001 23.6 34.6 34.800000000000004 25.8 29.200000000000003 60.6 76.4 0.6000000000000001 14.600000000000001 0.4 0 1 1 0 29.6 2 0 0.6000000000000001 0.6000000000000001 0 15.8 1.8 0.4 1 1 32.2 30.400000000000002 0.8 0 0 0 0 0.6000000000000001 0 0.4 0 0.6000000000000001 0 0.4 0.4 0 0.6000000000000001 0 0 1 0.6000000000000001 0 0 0 0 0.4 0.4 1 0 0 0 11.4 0 0.2 0 0.4 0 0 0 0 0 0 0 2.2 4.800000000000001 4.2 2.8000000000000003 6.6000000000000005 0 3.6 11.8 2.4000000000000004 8 6.4 0.4 1.6 0 0.2 0 5 0 0 5.6000000000000005 2.6 0 0 0.4 0 1.6 3 0 0 0 0 0.2 2 0 0 0 0 3 3.8000000000000003 0 0 0 0 0 0 1.2000000000000002 0 0 0 0 0 0 0 0 0 0 0 0 0 0 0 0 0 0 0 0 1.6 0 0 0 0 0 0 0 0 0 0 0 1.2000000000000002 0 5 1.2000000000000002 7.4 5.2 3.4000000000000004 1.2000000000000002 5.2 2.8000000000000003 0.2 5.800000000000001 6 2.6 4.6000000000000005 0 2.8000000000000003 3.2 5.2 0 0 0 2 0 0 0 0 3 0.2 0 0 0 0 3.6 0 2.4000000000000004 0.2 0 0 3.2 0 0 0 0 0 0 0 0 0 0 0 0 0 0 0 4.800000000000001 0 0 0 0 0 0 0 0 0 0 0 0 0 0 0 0 4.4 0 0 0 0 0 0 0 0 0 4 0 0 0 0.2 0.4 0.4 0.4 0 0.4 1.4000000000000001 0 0 0 0 0 0 0 0 0 0 10.8 0 0 0 0 0 0 0 0 0 0 0 0 0 2.4000000000000004 0 0 0 0 0 0 0 0 0 0 0 0 0 
 29.6 26 29 9.8 49.6 0 10.600000000000001 8.4 53 11.4 36.2 33.6 24 15.8 13.200000000000001 110.4 13 16 52.400000000000006 11.600000000000001 15.600000000000001 4 0 0 0 0 14.8 4.6000000000000005 0 7 14 0 30.8 17.6 15.8 15.8 0 0.4 27.400000000000002 22.200000000000003 0 0 0 0 0.6000000000000001 0 0 0.4 0 0.6000000000000001 0 0 0.4 0 0 0.8 0 0 0.6000000000000001 0 0 0 0 0 0 0.2 0 0 0.2 0 0 0 0 0.6000000000000001 0 0 0 0 0 0 0 0 0 0 3.4000000000000004 14 0 0 4.2 5 0.6000000000000001 4 0 0 0 0.8 0 0.2 0 0 0.2 2 3 0 0 0 2.2 4 0 2.6 0 3 4.2 1.6 1.2000000000000002 1.8 0 0 8 0.2 0 0 0 0 0 0 0 0 0 0.2 0 0.4 0 0 0 0 0 0 2.4000000000000004 0 0 0 0 0 0 0.4 0 0.8 0 0 0 0 0 0 0 0 0 0 0.2 1.8 0 4.2 0 3.6 2.6 5.800000000000001 0 0.6000000000000001 1.4000000000000001 0.2 3.6 9 0 3.8000000000000003 0 0 0 0 0 0 2.8000000000000003 0 0 0 0 0 19 0.8 0 0 0 0 6.2 0 0.2 3 0 0 0.2 0 0 0 0 0 0.4 0 0 1.8 0 0 0 0 0 0 0.2 0.6000000000000001 0 0 0 0 0 0 0 0 0 0.4 0 0 0 0 0 0 0 0 0 0 0.2 0 0.2 0 0 0 0 0 0 0.2 0.2 0.4 1 0.2 0 1 0 0 0 0 0 0 0 0 2.6 0 0 0 0 0 0 0 0 0 0 0 0 0 0 0 0 0 0 0 0 0 0 0 0 0 0 0 0 0 
 26.400000000000002 73.8 17.6 25.8 22.8 10.600000000000001 0 30.8 28.8 7.800000000000001 7.800000000000001 5.4 28.200000000000003 34.800000000000004 15.600000000000001 5.6000000000000005 83.60000000000001 41.2 53 30 0.6000000000000001 0 0 0 0 0.2 0 0 0.2 0 0.2 0.4 0.4 0.2 0.6000000000000001 0.8 0.2 0.2 0 0 0.2 0 0 0 0 0 0 12.4 1.4000000000000001 0.6000000000000001 0 0 0.4 0 0 0 0 0 0.6000000000000001 0 0 0 0 0 0 0.4 0 0 0 0 0 0 0 0.6000000000000001 0 0 0 0 0 0 1.4000000000000001 5.6000000000000005 0 4.2 0 0 9.4 4.2 0.2 0 3 0 4.2 0.2 5 6.800000000000001 3.6 11.600000000000001 2.2 1.6 0 0 0 0 0 0 0 0 0 0 0 0 0 0 0 0 0 0 0 0 0 0 0 0 0 0 0 0 0 0 0 0 0 2.4000000000000004 0 0 0 0 0 0 0 0 0 0 0 0 0 0 0 0 0 0 0 0 0 0 0 0 0 0 2.4000000000000004 0 3.6 0 0 1.8 0.2 8 1.2000000000000002 0 1.2000000000000002 0.6000000000000001 2.4000000000000004 3.2 4.4 0 0 3 5.6000000000000005 7.800000000000001 0.4 0 0 0 0 0 2.2 0 0 0 0 0 0 0.2 0 0 0 0 0 0 0 0.2 0 0 0 0 0 0 0 0.2 0 0 0 0 0 0 0 0 0 0 0 0 0 0 0 0 0 0 0 0 0 0 0 0 0 0 0 0 0 0 0 0 0 0 0 0 9.200000000000001 0 0.4 18.2 6.4 3.4000000000000004 0 0 0 0 0 0 0 0 0 0 2.4000000000000004 0 0 0 0 0 0 0 0 0 0 0 0 2.4000000000000004 0 0 0 0 0 0 0 0 0 0 0 0 0 0 
 23.8 46 39.400000000000006 47.800000000000004 37.4 8.4 30.8 0 92.80000000000001 10.4 41.6 18 38.800000000000004 23.200000000000003 30.6 5.6000000000000005 44 39.800000000000004 55.400000000000006 43.2 0.6000000000000001 0 17.400000000000002 0 0 0 0 0 0 0 0 0.4 0.6000000000000001 0 0.6000000000000001 0.6000000000000001 0 0.6000000000000001 0 0 0.2 0 0 0 0 0 2.6 0.4 0 1 0 0 0.4 0 0 0 0 0.4 0.6000000000000001 0.2 0 0 0 0 0 0 0 0 0 7 0 0 0 0.6000000000000001 0 0 0 0 0 0 4.4 2 8.8 13.200000000000001 2.2 2.6 6 11.4 0.8 5.6000000000000005 6.6000000000000005 5.2 18.2 6.800000000000001 4.800000000000001 0 4.2 11 0.6000000000000001 2.2 0 0 0 0 0 0 0 0 0 0 0 0 0 0 0 0 0.2 0 3 0 0 2.4000000000000004 0 0 0 0 0 0 0 0 0.2 0 0 0 0 0 0 0 0 0 0 0 1.2000000000000002 0 0 0 0 0 0 0 0 0 0 0 0 0 0 0 0 0 10.4 4.800000000000001 0 4.6000000000000005 3.6 0.2 1.6 6 2.4000000000000004 1.2000000000000002 6.800000000000001 0 7.2 3.8000000000000003 1.8 10.200000000000001 11 17.2 4.6000000000000005 0 0 0 0 0 0 0 0 0 0 0 0 0 0.6000000000000001 0 0 0 0 0 0 0 0 0 0 0 0 0 0 0 0 0.4 0 0 0 0 0 0 0 0 0 0 0 0 0 0 0 0 0 0 0 0 0 0 0 0 0.2 0 0 1.8 0 0 0 3 0 0 0 0 0.2 0 0 17.8 0 0.8 5.4 0 0 0 0 0 0 0 0 0 2 0 0 0 0 0 0 0 0 0 0 0 0 2 3.8000000000000003 0 0 0 0 0 0 0 0 0 0 0 0 0 
 51.2 41.6 62 57.800000000000004 32.4 53 28.8 92.80000000000001 0 68.8 9.8 114.60000000000001 28 104.4 61.6 11 90.60000000000001 36.2 89.4 68.60000000000001 0.6000000000000001 0 0 0 0 0.2 14.600000000000001 0 0 0 0 0.2 0 0.4 0.4 0.4 0.4 0.6000000000000001 0 0 0.4 0 0 0 0.2 0 0 0.6000000000000001 0.4 0.8 0 0.2 0.4 0 0 0 0 0 0.6000000000000001 0 0 0 0 0 0 0.6000000000000001 0.4 0 0 0 0 0 0 0.6000000000000001 0 0 0 0 0 0 2.6 2.4000000000000004 7.2 5.2 0 4.800000000000001 6.4 11.8 2.2 3.4000000000000004 4.800000000000001 6 1.8 2.8000000000000003 8.4 0.2 0.2 2 7.800000000000001 2.4000000000000004 0 0 0 0 0 0 0 0 0 0 0 0 6.6000000000000005 0 0 0 0 0 0 0 0 0 2.4000000000000004 0 0 0 0 0 0 0 0 0 0 0 0 0.2 0 0.4 1.8 0 0 0 1.2000000000000002 0 0 0 0 0 0 0 0 0 0 0.4 0 0 3.4000000000000004 0 0 0 0 0 1 11 0.2 1.8 1.8 9.600000000000001 8.8 2.2 7.2 0 3.2 4.6000000000000005 2 0.8 5 3.8000000000000003 2 2.6 0 0 0 0 0 0 0 0 0 0 2.8000000000000003 0 0 0.2 0 0 0 0 0 0 0 0 0 0 0 0 0 0 0 0 0 0 0 0 0 0 0 0 0 0 0.4 0 0 0 0 0 0 0 0 0 0 0.2 0 0 11.200000000000001 0 0 0 0 0 0 0 0 0 0 0.2 18 0 0.2 19.200000000000003 0 1.6 0 0 0 0 0 0 0.2 0 0 0 1.6 0 0 0 0 0 0 0 0 0 0 0 0 5.2 0 0.2 0 0 0 0 0 0 0 0 0 0 0 0 
 7.6000000000000005 27.400000000000002 35.800000000000004 12.200000000000001 20.200000000000003 11.4 7.800000000000001 10.4 68.8 0 35.800000000000004 58 26.6 33.4 44.400000000000006 18.8 54.400000000000006 55.6 54.2 34.4 0.6000000000000001 0 0 0 0 0 0 0 0.2 0 0 0 14.8 0 0.6000000000000001 0.4 0 0.2 0.4 0 0.2 0 0 0 0 0 0.2 0.4 0 0.6000000000000001 0 0 13.4 0 0 0 0 0 0.6000000000000001 0 0 0 0 0 0 0.6000000000000001 0 0 0 0 0 0 0 0.6000000000000001 0 0 0 0 0 0.4 4.800000000000001 2.2 1.2000000000000002 2.2 1.6 5.4 2.4000000000000004 7.800000000000001 2.4000000000000004 3.8000000000000003 0.6000000000000001 8.4 0.2 0 1.8 6.2 2 3.2 0 4.4 0 0 0 0 0 0 0 0 0 0 0 0 9.600000000000001 1.6 0 0 1.6 0 0 0.6000000000000001 0 0.4 0 0 0 0 0 0 0 0 0 0 0 0 0 0.4 0 0 0 0 3.6 0 1.2000000000000002 0 0 0 0 0 0 0 0 0 0 0 0 0 0 0 0 0 0 0.4 0 5 8.200000000000001 2.2 0.2 6.2 3.4000000000000004 2.4000000000000004 3.6 3.2 0.6000000000000001 3.6 0 5.2 5 0 0.2 2 0 2 0 0 0 0 0 0 0 0 0 0 1.2000000000000002 2 0 0 0 0 0 0 0 0 0 0 0 0 0 0 0 0 0 0 0 0.4 0 0 0 5.6000000000000005 0 0 0.2 0 0 0 0 0 0 0 0 0 0 0.4 0 0 0 0 0 0 0 0 0 0 0 0 0 0.4 0 0.6000000000000001 0.4 38.800000000000004 3.6 1.2000000000000002 0 0 0 0 0 0 0 0 0 0 0 0 0 0 0 0 0 0 0 0 0 0 0 0 0 4.4 0 0 0 0 0 0 0 0 0 0 0 0 
 68.8 54.2 46 13.8 41.2 36.2 7.800000000000001 41.6 9.8 35.800000000000004 0 13.200000000000001 5 10 63.800000000000004 34.4 23 27.400000000000002 7.2 57.6 1 16.8 0.4 0 0 0 0 15 0.2 0.2 0 0.2 0.6000000000000001 16 0.4 0.4 0.2 0.2 15 15.200000000000001 0.2 0 0 0 0.2 0 0 0.4 0 0.6000000000000001 0 0 1.8 0 0 0 0 0 8 0 0 0 0 0 0 0.6000000000000001 0 8.200000000000001 0 0 0 0 7.6000000000000005 0.6000000000000001 0 0 0 0 0 0 0 0 2.4000000000000004 1.8 4.4 6.2 0 3.2 2.8000000000000003 2.2 4.2 0 0 0 3.6 0 0 0 0 0 3.2 0.4 0.2 0 0 0 3.4000000000000004 3 0 0 0 0 0 4.6000000000000005 0 0 1.4000000000000001 0 0 0 0 0 0 0 0 0 0 0 0 0 0.4 0 0 0 0 0 0 0 0 0 0 0 0 0 0.8 0 0 0 0 0 0 0 0 0 0 0 0 0 0 0 0 1 0 3.4000000000000004 11 0.8 4.6000000000000005 0 2.8000000000000003 2.8000000000000003 2.4000000000000004 3.6 2.6 0 0 0 6.2 8.4 0 0 0.4 2.8000000000000003 0 0 0 0 10 0 0 0 0 0 4.2 4.4 0 1.2000000000000002 0 0 2.6 6.2 0 0 0 0 0 0 0 0 0 0.2 0 0 0 0 0 0 0 2.8000000000000003 0 0 0 0 0 0 0 0 0 1.6 0 0 0 0 0 0 0.2 0 0 0 0 0 0 0 0.2 0 0 0 0 0.8 2 0.2 0 1.8 0 0 0 6.4 0 0 0 0 0 0 0 0 0 0 0 0 0 0 0 0 0 0 0 0 7.6000000000000005 0 0 0 0 0 0 0 0 0 0 0 0 0 
 33.6 49.2 23.6 10.8 6.800000000000001 33.6 5.4 18 114.60000000000001 58 13.200000000000001 0 24.8 102.80000000000001 7 114.80000000000001 42.2 10.8 5.800000000000001 53.6 0.6000000000000001 0 0.2 0 0 14.8 0 0 0 0 0.2 0 22.200000000000003 0 15.600000000000001 0.8 0 0.6000000000000001 15 15.200000000000001 0 0 0 0 2.2 0 0 0.4 0 0.6000000000000001 0 0.2 0.4 0 0 0.6000000000000001 0 0.2 0.6000000000000001 0 0 0 0 0 0 0 11.4 0 0 0 0 0 6.4 0.6000000000000001 0 0 0 0 0 0 4 0 1.8 0 3.2 6.6000000000000005 0 6.6000000000000005 0 1.6 0 8.6 0.4 2.8000000000000003 0 2 0 0.6000000000000001 0.4 0 2.8000000000000003 4.2 0 0 0 0 0 0 2.6 0 0 0 4.4 2 1.6 0 1.4000000000000001 0 2 3 0 0.2 0 0 0 0 0 0 0 0 0 0 0 0 0 0 0 0 0 0 0 0 0 0 0 0 3.8000000000000003 0.8 0 0 0 0 0 0.4 0 0 0 0 0 0 0 0.2 0 2.6 8.8 3.8000000000000003 0 1.6 4.800000000000001 2.8000000000000003 0 10.8 0 5.6000000000000005 0.4 6.4 4 0 0 0 0 2.6 3 0 0 0 2.8000000000000003 2.2 0 0 0 0 2.2 6.6000000000000005 0 0 0 0 1.4000000000000001 0.2 0 0 2.8000000000000003 0 0 0 0 0.2 0 0 0 0 2.4000000000000004 0.2 0 0 0 6 0 0 0.2 0 0 0 0 0 0 0 0 0 0 0 0 0 0 0 0 0 0 0 0 0 0 0 0 0.8 1 0 0.6000000000000001 19 0 3 0 0 0.4 0 0 0 0 0 0 0 0 0 0 0 0 0 0 0 0 0 0 0 0 0.2 0 2 0 0 0 0 0 0 0 0 0 0 0 0 
 30 30.8 15.600000000000001 10.4 15.200000000000001 24 28.200000000000003 38.800000000000004 28 26.6 5 24.8 0 35.6 43.400000000000006 7.2 24.200000000000003 5.6000000000000005 17.8 17.2 0.6000000000000001 0 0 0 0 0 0 0 0.2 0 0 0 0 0 0.4 0.4 0 0.6000000000000001 0 0 12.200000000000001 0 0 0 0 0 0 0.6000000000000001 0 0.6000000000000001 0 12.4 0.4 0 0 6.4 0 0 0.6000000000000001 0 0 0 0 0 0 0.4 0.2 0 0 1.4000000000000001 0 0 8.4 0.6000000000000001 0 0 0 0 0 0 5 3.8000000000000003 2 0.4 0 2.4000000000000004 6.800000000000001 3.4000000000000004 0 1.4000000000000001 0 0 0.6000000000000001 0 0 4.800000000000001 2.2 0 5.6000000000000005 2 0 0 0 0 0 0 0 0 0 0 0 0 4.2 0 0 0 0 0 0 0 0 0.4 0 0 0 0 0 0 0 0 0 0 0 0 0 0.4 3.2 0 0 0 0 0 4.2 0 0 0 0 0 0 0 0 0 0 0 0 0 0 0 0 0 0.4 2.6 0 5 0 0 3.8000000000000003 4.2 4.6000000000000005 2 0 0.2 0 0 2.2 0.2 3.4000000000000004 0 0.8 5 0 0.4 0 0 0 0 0 0 0 0 0 0 0 0 0 0 0 0 0 0 0 0 3.4000000000000004 0 0 0 0 0 0 0 0 0 0 0.4 0 0 0 1.8 0.6000000000000001 0 0 0 0 0 0 0 0 0 0 0 0 0.2 0 0 0 0 0 0 0 0 0 0 0 0 0 0.8 0 0 0.4 0 0 2 0 0 0 0 0 0 0 0 0 0 0 0 0 0 0 0 0 0 0 0 0 0 0 0 0 0.2 0 0 0 0 0 0 0 0 0 0 0 0 
 57.6 36.6 12.4 30.200000000000003 23.6 15.8 34.800000000000004 23.200000000000003 104.4 33.4 10 102.80000000000001 35.6 0 16 52.800000000000004 80.4 25.200000000000003 24.400000000000002 51.800000000000004 0.6000000000000001 0 0 0.4 0 0 0 15 0 0 0 0 0 0 2 0.4 0 0.6000000000000001 0 0.2 0.4 0 0 0 0 0 0 0.4 0 0.6000000000000001 0 0 0.4 0 0 0 0 0 0.4 0 0 0 0 0 0.2 0.6000000000000001 0.2 0 0.2 0.8 1.2000000000000002 1.2000000000000002 0 0.6000000000000001 0 9.200000000000001 0 0 0 0 2.4000000000000004 9.600000000000001 4.2 4.6000000000000005 2 0 4.2 2.4000000000000004 0 0 4.2 6.2 4.2 9 0.4 2.6 5.4 1.8 0 0 0 0 0 0 0 0 0 6.800000000000001 0 0.4 0 0 0.4 0 0 0 0 0 3.6 0.2 0 0 0 0 0 0 0 0 0 0 0 0 0 0 0 0 0 4 0 0 0 0 0 0 0 4.6000000000000005 0 0 0 0 0 0 0 0 0 0 0 0 0 0 0 3 4.4 0.8 0 0 5.6000000000000005 4.6000000000000005 0 0.2 3 0 0 12 1.8 4.4 0.4 6.800000000000001 0 2.4000000000000004 0 0 0 0 0 0 0 0 0 0.2 0 0 0 0 0 0 0 0 0 0 0 0 0 0 0.4 0 0 0 0 0 0 0 0 0 0 0 0 0 0 0 0 0 0 0 0 0 0 0 0 0 0 0.2 0 0 0 0 0.2 0 0.2 0 0 4.6000000000000005 0 0 0 0 0.2 0 0 18.400000000000002 5.800000000000001 1.2000000000000002 0 0 14.8 0 0 0 0 0 4.6000000000000005 0 3.2 0 0 0 0 0 0 0 0 0 0 0 0 0 0 0 0 0 0 0 0 0 0 0 0 0 0 0 
 9.200000000000001 82.2 23.8 32.2 34.6 13.200000000000001 15.600000000000001 30.6 61.6 44.400000000000006 63.800000000000004 7 43.400000000000006 16 0 25.200000000000003 45.6 33.4 105.2 81.80000000000001 0.6000000000000001 0.6000000000000001 0.2 0 0.6000000000000001 0.2 0.4 0 0.4 0 0.4 0 0.4 0 0.6000000000000001 1.2000000000000002 0.2 0.6000000000000001 0 0.2 0.2 0.8 0.4 0.6000000000000001 0.4 0 0 4 0 1 0 0.2 0.4 0.8 0.6000000000000001 0 1.2000000000000002 0.8 0.6000000000000001 0.4 0 0.4 0.6000000000000001 0.4 0.6000000000000001 0.2 0.6000000000000001 0 0.8 0.4 0.8 10.200000000000001 0.2 12.8 1 1 0.6000000000000001 0.4 0 0.8 4.800000000000001 0 4.2 8.200000000000001 0.6000000000000001 4.2 2.8000000000000003 4 2.6 6.4 1.6 0 0 0.4 5 2.2 0.8 2 5.4 0 0 0 0 0 0 0 0 0 0 0 0 0 2.8000000000000003 0 0.4 0 0 0 0.2 0 0 0 0.2 0 0 7.4 2.8000000000000003 0 0 0 0 0 0 0 0 0 0 0 0 0 0.2 0.4 2 0 0 0 0.4 0 0 0 4.2 0 0 0 0 0 0 0 0 0 4.4 2.2 1.8 12 3.2 1.4000000000000001 3.4000000000000004 9.4 7.800000000000001 2.2 4.4 0 7.2 0 0 0 3.2 1.8 0 0 0 0 0 0 0 0 0 0 0 0 0 0 0 0 1.2000000000000002 0 0 0 0 2.4000000000000004 0.4 0 0 0 0 0 0 0 0 0 0 0 0 0 0 0 0 0 0 0 0 0 0 0 0 0 0 0 0 0.6000000000000001 0 0 0 0 0 0.2 0 0 0 0 0 0 0 0 0 0.2 0.6000000000000001 0 0.6000000000000001 17.8 0 3.2 0 0.4 0 0 0 0 0 0 0 0 0 0 0 0 0 0 0 0 0 0 0 0.2 0 2.6 5.2 0 0 0 0 0 0 0 0 0 0 0 0 0 
 6.800000000000001 24.6 17.8 9.200000000000001 34.800000000000004 110.4 5.6000000000000005 5.6000000000000005 11 18.8 34.4 114.80000000000001 7.2 52.800000000000004 25.200000000000003 0 22.6 39.6 9.200000000000001 13.200000000000001 0.6000000000000001 0.4 0 0 0.2 0.4 0 0.4 0 0 0 0.4 15.600000000000001 16 1.2000000000000002 0.8 0.2 0.6000000000000001 26.6 30.200000000000003 0 0 0 0 0 0 0 0.4 0 0.6000000000000001 0 0 0.4 0 0 0 0 0 0.8 0 0 0 0 0.6000000000000001 0.2 0.6000000000000001 0 0 0 0 0 0 0 0.6000000000000001 0 0 0 0 0 0 0.2 0 0 0.2 0 0 0 0 3.4000000000000004 0 4 0 0 0 4.6000000000000005 6.800000000000001 0 3 0 0 1.4000000000000001 0.2 0 0 0 0.2 1.4000000000000001 5.6000000000000005 0 0 0 0 5.6000000000000005 0 3.8000000000000003 0 0 0 8.4 3.8000000000000003 0 0 0 0 0 0 0 0 0 0 0 0 0 0 0 0 0 0 0 0 0 0 0 0 0 0 0 1 0 0 0 0 0 0 0 0 0 0 0 2.6 0 2.6 0 3 1 4 0 0 0 0 5.4 0 0 0 0 2.2 0 3.6 0 0 0 3.6 0 0 0 0 1.8 5.6000000000000005 0 0 0 0 2.8000000000000003 4.800000000000001 12.200000000000001 0 0 0 1.6 6.2 0 0 0 0 0 0 0 0 0 0 0 0.2 0 0 2.4000000000000004 0 0 0 0 0 0 0 0 0 0 0 0 0 0 0 0 0 0 0 0 0 0 0 0 0 0 0 0 0 0 0 0.4 0 1 0.4 0 1.4000000000000001 0 0 0 0 0 0 0.4 0 0 0 0 0 0 0 0 0 0 0 0 0 0 0 0 0 0 0 0 0 0 0 0 0 0 0 0 0 0 0 
 7.4 41 55.800000000000004 61.6 25.8 13 83.60000000000001 44 90.60000000000001 54.400000000000006 23 42.2 24.200000000000003 80.4 45.6 22.6 0 19 34.2 54.6 1 0 0 0 0.4 0 0 0 0 0 0 0 0 11 0.4 0.4 0 0.4 0.4 0 0.4 0 0 0.6000000000000001 0.2 0 0 0.6000000000000001 0.8 12.8 0 0 0.4 0 0 0 0 0 0.4 0 0 0 0 0 0.4 0.6000000000000001 0 0 0 0 0.6000000000000001 0.8 0 0.4 0 0 0 0 0 0 6.4 7.6000000000000005 9.200000000000001 4.2 0 0.4 3.4000000000000004 3.8000000000000003 4.2 4 2.4000000000000004 5.6000000000000005 0.2 0.2 5 3.8000000000000003 3.8000000000000003 0.2 0 5.4 0 0 0 0 0 0 0 0 0 0 0 0 4.4 0 0 0 0.4 0 0.2 2.2 0 0 0 0 0 0 0 0 0 0 0.2 0 0 0 0 0 0 0 0 0 0 0 1.2000000000000002 0 0 0 0 0 0 0 0 0 0 0 0 0 0 0 0 2.6 5.800000000000001 0 1.4000000000000001 3 3 0 0 11.600000000000001 12 1.4000000000000001 0.2 0.8 1.4000000000000001 6.2 3.2 5.6000000000000005 8.200000000000001 3.6 5.6000000000000005 5.800000000000001 0 0 0 0 0 0 0 0 0 0 0 0 0 0 0 3.2 0 0 0 0 0 0 0 0 0 0 0 0 0 0 0 0 0 0 0 5.6000000000000005 0 0.2 0 0 0 0 0 0 0 0 0 0 0 0 0.4 0 0 0 0 0 0 0 0 0 0 0 0 0 0.2 0.4 17.400000000000002 0 0 0 3.4000000000000004 1.8 3 0 0 0 0 0 0 0 0 0 1 0 0 0 0 0 0 0 0 0 0 0 0 2.2 0 4.4 0 0 0 0 0 3.6 0 0 0 0 0 0 
 4.800000000000001 28.8 19.6 33 29.200000000000003 16 41.2 39.800000000000004 36.2 55.6 27.400000000000002 10.8 5.6000000000000005 25.200000000000003 33.4 39.6 19 0 24 7.4 0.6000000000000001 0 0 0 0 15.200000000000001 3 0 0 0.2 0 0.4 30.200000000000003 0 0.8 0.6000000000000001 0 0.4 14.600000000000001 15.4 0 0 0 0 0 0 0 0.4 1 0.6000000000000001 0 0 0.4 0 0 0 0 0 0.6000000000000001 0 0 0 10.4 0 0 0 0 0 0 8.200000000000001 12.600000000000001 0 0 0.6000000000000001 0 0 0 0 0 0 3.2 3 8 2.8000000000000003 0 0 2.8000000000000003 0 9.8 0 3.2 2 0 0.2 5 4.4 3 0 0 2.6 0 0 0 0 0 0 0.4 3.8000000000000003 0 0 0 0 0.2 0 2 0 0 0 6 0 0 2.2 0 0 0 0 0 0 0 0 0 0 0 0 0 0 0 0 0 0 0 0 0 2 0 0 0 0.2 0 0 0 0 0 0 0 0 0 0 0 1.2000000000000002 10.4 2.8000000000000003 1.4000000000000001 0 0.6000000000000001 1 0 7 4.2 0 4.6000000000000005 0 0 2.2 3.4000000000000004 0.8 3.4000000000000004 9 2.2 2.8000000000000003 0 2.2 0 0 0 0 5.800000000000001 4.2 0 0 0 0 1.4000000000000001 0 2 0 0 0 0 3.8000000000000003 0 0 0 0 0 0 0 0 0 0 0 1.4000000000000001 0 2.6 0 0 0 0 0 0 0 0 0 0 0 0 0 0 0 0 0 0 0 0 0 0 0 0 0 0 0 0 0 0 0 0 34.800000000000004 0 0.2 0 0 3 3.4000000000000004 2.2 0 0 0 0 0 0 0 0 1.2000000000000002 0 0 0 0 0 0 0 0 0 0 0 0 5.6000000000000005 2.2 0 0 0 0 0 0 0 0 0 0 0 0 0 
 13 67.4 66.8 19 60.6 52.400000000000006 53 55.400000000000006 89.4 54.2 7.2 5.800000000000001 17.8 24.400000000000002 105.2 9.200000000000001 34.2 24 0 61 0.6000000000000001 0 0.2 0 0.2 0 0 0 0 0 0 0 0.4 0 0.4 0.4 0 0 1.2000000000000002 0 0.4 0 0 0 0 0 0 0.4 0.8 0.6000000000000001 0 0 0.4 0 0 0 0 0 0.6000000000000001 0 0 0 0 0 0 0 0 0 0 0 0 0 0 0.6000000000000001 0 0 0 0 0 7.4 0 5.2 0.8 0 0 0 4.2 3.2 2 2 3.2 3.2 0 0 5.4 1.6 2.2 0.2 0 6.2 0 0 0 0 0 0 0 0 0 0 0 0 0 0 0 0 0 0 0 0 0 0 0 0 0 0 0 0 0 0 0 0 0 0 0 0 0 0 0 0 0 0 0 0 0 0 0 0 0 0 0 0 0 0 0 0 6.800000000000001 0 0 0 0 0 0 0 0 0 0.2 3.8000000000000003 0 0 2 0.8 2.8000000000000003 3.6 2.4000000000000004 4 0.6000000000000001 3.4000000000000004 0.8 6.2 0 0 0 0 0 0 0 0 0 2.4000000000000004 0 0 0 0 0 0 0 0 0 0 0.4 0 0 0 0 0 0 0 0 0 0 0 0 0 0 0 0 0 0 0 0 0 0 0 0 0 0 0 0 0 0 0 0 0 0 0 0 0 0 0 0 0 0 0 0 0 1.4000000000000001 0 0 0.2 1.6 2.8000000000000003 0 0 0 0 0 0 0.2 0 0 0 2.2 0 0 0 0 0 0 0 0 0 0 0 0 0 0 0 0 0 0 0 0 0 0 0 0 0 0 0 
 15.8 82.4 51.800000000000004 13 76.4 11.600000000000001 30 43.2 68.60000000000001 34.4 57.6 53.6 17.2 51.800000000000004 81.80000000000001 13.200000000000001 54.6 7.4 61 0 1 0 0.4 0 0.4 0 0.4 0.6000000000000001 0.8 0.2 0.6000000000000001 0 0.6000000000000001 0 1 1 0 0 0 0.4 0.4 0 13 0.4 0 0 0 0.4 2.2 0.6000000000000001 0 0 0.4 0.4 0 0.4 0.4 0 0.6000000000000001 0 0 0.2 0 0 0 1.2000000000000002 0 0 0 0.6000000000000001 0.8 0.8 1.8 0.8 0 0.2 0 0.6000000000000001 0 0.4 0 7 6.4 0 0 2.8000000000000003 3.6 2.8000000000000003 0 0 5.2 4.4 0.2 2.8000000000000003 5.6000000000000005 0 1 2.6 5.6000000000000005 0 0 0 0 0 0 0 0 0 0 0 0 0 0 2.2 0 0 0.4 0 0.6000000000000001 0 0 0 0 0 0 0 0 0 0 0 0 0 0.2 0 0 0 0 0 0 0 0 0 0 0 0 0 0 0 0 0 0 0 0 0 0 0 0 2.8000000000000003 0 0.2 0 0 3.8000000000000003 1.6 0 0 9.4 1.6 3.4000000000000004 0 7 0 7.2 6.6000000000000005 3.8000000000000003 0 0 3.8000000000000003 5.800000000000001 3.8000000000000003 0 0 0 0 0 0 0 0 0 0 0 0 2.2 0 0 0 0 0 0 0 0 0 1.6 0 0 0 0 0 0 0 0 0 0 0 0 0 0 0.2 0 0 0 0 0 0 0.2 0 0 0 0 0 0.4 0 0 0 0 0 0 0 0 0 0 0 0 0 0 0.2 19 0.4 0 0.6000000000000001 0 22 0 0 0 0 0 0 0 0 0 0 2.4000000000000004 0 0 0 0 0 0.8 0 0 0 0 0 0 0 0 0 0 0 0 0 0 0 0 0 0 0 0 2.4000000000000004 
 0.6000000000000001 0.6000000000000001 0.6000000000000001 0.8 0.6000000000000001 15.600000000000001 0.6000000000000001 0.6000000000000001 0.6000000000000001 0.6000000000000001 1 0.6000000000000001 0.6000000000000001 0.6000000000000001 0.6000000000000001 0.6000000000000001 1 0.6000000000000001 0.6000000000000001 1 0 71.60000000000001 43.2 51.2 65.8 33.2 23.8 45.6 7 29.6 21.6 38.400000000000006 27.8 86.80000000000001 81.2 26.400000000000002 12 19 9.4 66.60000000000001 0.2 0 0 12.600000000000001 0 0.2 0 0.6000000000000001 0 0 0.2 0 0 0 0.6000000000000001 0 13 0 12.8 0 0 0 0 0 0 0 0 0 0 0 0 0 0 0 0.6000000000000001 0.4 0 0.2 0 0.6000000000000001 0 0 0 0 3.6 2 0 0 0 0 0 0.4 0 0 0 0 0 0 0 0 1.2000000000000002 5.2 9 5.800000000000001 0 0 2 7.4 7.2 8 0 0 2.4000000000000004 0 2.2 7.2 1 0.6000000000000001 0 1.8 0.4 0 0 0 0 0 4 0 0 0 0 0 0 0 0 0 0.2 0 0 0 0.2 0 0 0 0 0 0 0 0 0 0 2.2 0 0 0 0 0 0 0 0 0 1 0 0 3.4000000000000004 0 0 0 0 0 0 1.8 0 0 0 2.8000000000000003 0 0.8 0 0 7.4 0 5.2 2.4000000000000004 8 0.2 3.8000000000000003 2 0 2.8000000000000003 2 0 0 0 3.2 5.800000000000001 6 4.2 0 1.8 0 0 0 0 0.2 0 9.200000000000001 0 0 0 0 0 0 0 0 0 0 0 2.8000000000000003 1.8 0 0 0 0 0 0 0 0 0 0 0 0 0 0 0 0 0 0 0 0 0 0 2.4000000000000004 0 0 0 0 0 0 0 0 0 0 0 2.6 0 0.8 0.4 15.600000000000001 0.4 0.6000000000000001 0 0 0 0 0 0 0 0 0 0 0 0 0 0 0 0 0 0 3.8000000000000003 0 0 0 0 0 0 0 0 0 0 
 0.6000000000000001 0 0 0.2 14.600000000000001 4 0 0 0 0 16.8 0 0 0 0.6000000000000001 0.4 0 0 0 0 71.60000000000001 0 35.6 59.2 7.6000000000000005 16.8 47.2 40.6 27 74.2 22.400000000000002 43.400000000000006 13.8 15 9.8 26.6 90.2 23.8 24 15.200000000000001 0 3 0 0.4 0.2 0.8 0.4 1 0 0.2 2 0 0 0 0.6000000000000001 1.4000000000000001 1.4000000000000001 0.4 14.600000000000001 0.2 0 0 0.8 0.6000000000000001 0 0 0.2 0 0 1.2000000000000002 0 0 0 0 1.2000000000000002 0.4 0.6000000000000001 0.2 0.6000000000000001 1.2000000000000002 0 0 0 0 4 1.8 0 0 0 0 0 0.4 0 0 0 0 0 0 0 0 3 1.8 6.800000000000001 2.4000000000000004 0 0 1.8 10.600000000000001 2.2 7.6000000000000005 0.2 2.6 0.4 4.800000000000001 0 0.2 8 6.800000000000001 0 0 2.4000000000000004 1.4000000000000001 0 0 0 0 1.4000000000000001 0.2 0 0 0 0 0.2 0 0 0 0 0 0 0 0.2 0 0 0 0 0 0 0 0 0 0 0 0 2.8000000000000003 0 0 0 0 0 0 0 0.2 0 0.8 6.2 0 0 0 0 0 0 2 0 0 0 0 0 0 0 0 2.2 0 5.800000000000001 0 2.6 3.8000000000000003 5 6.2 1.6 0.2 3.4000000000000004 0 6.800000000000001 2.4000000000000004 2.2 18.2 2.6 0 6 0 0 3.6 0 0 0 0 1 0.4 4 0 9 0 0 3.6 0 0 0 0 9.200000000000001 2 0 0 0 0 0 0 0 0 0 0 0 0 0 0 0 0 0 0 0 0 0 0 0 0 0 0 0 0 0 0.2 0 0 0 0 1.4000000000000001 0.2 0 0 3.2 0 2.6 0.4 0 0 0 0 2.8000000000000003 0 0 0 0 0 0 0 0 0 0 0 0 0 0 3.6 0 0 0 2.2 0 0 0 0 
 7 0 0.4 0.4 0.4 0 0 17.400000000000002 0 0 0.4 0.2 0 0 0.2 0 0 0 0.2 0.4 43.2 35.6 0 72.4 26.400000000000002 6.800000000000001 31 65.2 52.6 45 12.8 15.4 97.2 12.4 27.200000000000003 37.800000000000004 15.4 41.800000000000004 50.400000000000006 32 0.8 7 0 0.4 0 0.2 0 0.6000000000000001 0 0 0 0.6000000000000001 0 0 0.6000000000000001 0 0 0 13 12.8 0 0 0 3 0.4 0 0 0 0.6000000000000001 0 0 0 0.6000000000000001 0 0.6000000000000001 0.4 0 0 0.2 0.6000000000000001 0 6 0 0 1.4000000000000001 0 0 0 0 0 0 0 0 0 0 0 0 0 0 0 0 1.8 8.6 3.2 7.800000000000001 1.4000000000000001 2 0 2.4000000000000004 2.4000000000000004 11.4 0 0 1.8 5.2 5.6000000000000005 8.8 8.200000000000001 0 0 3.8000000000000003 4 0 0.4 0 0 0 0 0 1.8 0 0 7 0 0 0 4.2 0 0 2.2 0 0 0 0 0 0 0.2 0 0.4 0 0 0 0 0 0 0 0 0 0 0 0 0 0 0.8 0 0 0 0 0 0 0 0 0 0 0 0.2 0 0 0 0 0 3 3 8.4 5 7.2 0 7.4 8.200000000000001 5.800000000000001 9.200000000000001 6.6000000000000005 0 0 3.8000000000000003 0 4.4 4.2 1.4000000000000001 0 0 0 0 0 0 0 0 14.200000000000001 0 0 0 0 0.2 1.4000000000000001 0 0.2 0 0 2.4000000000000004 0 0 0 0 0 0 0 0 0 0 0.6000000000000001 0 0 0 0 0 1.4000000000000001 0 0 0 0.2 0 0 5.4 0 0 0 0 0 0 0 0 0 0 0 1.2000000000000002 0 0 31.400000000000002 15.200000000000001 0.4 3 0 0 0 0 0 3.2 0 0 0 0 0 0 0 0 0 0 0 0 2.8000000000000003 0 0 0 0 0 0 2 0 0 0 
 0 0.4 0 0.6000000000000001 0 0 0 0 0 0 0 0 0 0.4 0 0 0 0 0 0 51.2 59.2 72.4 0 73.4 29.400000000000002 19.6 19.6 34.2 30.8 23.6 17.8 18 29.8 30 129.4 34.2 22.200000000000003 14.8 13.200000000000001 0.8 18.8 0 0.4 1 0.2 12.600000000000001 0.6000000000000001 0 0 0 0 0 12.8 0.6000000000000001 0 0 0 25.8 0.2 0 0 0 0 0 0 0.2 0 0 0 0 0 0 0 0.4 0.6000000000000001 0 0 1.6 0.6000000000000001 0.4 0 0 0 0 0 0 0 0 0 0 0 0 0 0 0 0 0 0 0 3.4000000000000004 1.8 0.4 2.6 4.4 3.2 0.4 0 7.6000000000000005 4.6000000000000005 0.8 0.2 1 0 3.6 3.4000000000000004 0 0 0 3 5.4 2.6 0 0 0 0 4 2 0 4.2 4.4 0.2 9.4 0 2.2 4 0 2.2 5.2 2.8000000000000003 0 0 0 0 0 2.2 0 0 0 0 0 0 0 0 0 0 0 0 0 0 0 0.8 0 0.8 0 0 0 0 0 0 0 0 0 0 0 0 0 0 0.4 0 0 0 1 2 0 5.6000000000000005 0 0.4 0.2 2.6 0 0.2 0 0 3.8000000000000003 4.800000000000001 3.6 6.4 0.2 0 0.8 0.2 0.6000000000000001 0 0 0 5 0 4.6000000000000005 2.8000000000000003 0 0 0.2 2.8000000000000003 3.4000000000000004 4.6000000000000005 0 8.200000000000001 0 5.2 0 0 0 0 2.2 0 0 0 0 0 0 0 0.4 0 0 0 0 0 0 0 0 0 4 0 0 0 0 0 0 0 0 0.4 0 0 0.8 0 0.4 0.4 10.600000000000001 0.8 3.2 0 0 0.2 0 0 0 0 0 0 0 0 0 0 0 0 0 0 0 0 0 0 0 0 0 0 0 0 0 0 
 0.2 0 0.4 1 1 0 0 0 0 0 0 0 0 0 0.6000000000000001 0.2 0.4 0 0.2 0.4 65.8 7.6000000000000005 26.400000000000002 73.4 0 61.2 55.2 12.4 75.4 35.800000000000004 33.800000000000004 23.400000000000002 78 62.6 32.4 23.200000000000003 84.2 6.6000000000000005 17 15.600000000000001 0 12.4 2.2 0.4 0 0.2 16 13.4 0 0 0 0.2 19.8 17.2 0.6000000000000001 13 0 0 13.600000000000001 27.400000000000002 0 0 0 0.4 0 0 0 0 0 0 0 0 0 0 0.6000000000000001 0.4 0 0 8.6 0.6000000000000001 0 0.2 0 0 0 0.2 0.2 0 0 0 0 2 0 0 0 0 0 0 0 0 0 1.8 0 1.6 2.6 2.2 0.2 3.8000000000000003 2.2 3 4.4 0 0 1.2000000000000002 0 1.4000000000000001 1.8 2.4000000000000004 0 0 2.2 3.6 0 0.4 0 0 1 4 1 2 0 0 4.800000000000001 4.4 0 2.2 0 4 2.4000000000000004 2 0 0 0 0 0 0 0.4 0 0.4 0 0 0 0 0 0 0 0 0 0 0 0 0.4 0 0 0 0 0 0 0 0.4 0 0 0 0 0 0 0 0.4 0 0 0 1.8 2.2 0 0 14 0 0 3 2.8000000000000003 2.4000000000000004 2.2 0 0 0 0 0 2.4000000000000004 0 0 9.600000000000001 1 0 0 0 0 18 2.4000000000000004 0 8.8 3.8000000000000003 1.8 2.6 2 5 0.4 0 0.4 5 0 0 0 0 0 0 0 0 0 0 0 0 0 0 0 0 0 0 0 0 0.2 0 0 0 0 0 0 0 0 0 0 0 0 0 0 0 0 0.4 0 0.4 0 0.4 0 0 0 0 0 1.8 0 0 0 0 0 0 0 0 0 0 0 0 0 0 0 0.2 0 0 0 0.2 0 0 0 
 0 0 0 0 1 0 0.2 0 0.2 0 0 14.8 0 0 0.2 0.4 0 15.200000000000001 0 0 33.2 16.8 6.800000000000001 29.400000000000002 61.2 0 4.6000000000000005 32.6 67 80.60000000000001 78 78.80000000000001 11.200000000000001 5.800000000000001 15.200000000000001 91.60000000000001 44.6 12.8 11.600000000000001 68.60000000000001 0 1.2000000000000002 0 0.4 0 0.2 12.4 6.4 0 0 1.2000000000000002 0 12.4 0 0.6000000000000001 0 1.6 0 14 0 0 0 0 0 0 0 0.8 0 0 10.200000000000001 0 0 0 0 0.6000000000000001 0.4 0 17.2 0 0.6000000000000001 1 0 0 0 0 0 0 0 0 0 0 0 0 0 0 0 0 0 0 0 0 1.2000000000000002 2.2 2.6 2.4000000000000004 2.8000000000000003 0 4 4 7.2 2.6 7.2 0 0 0 2.4000000000000004 0 4 0 0 7.6000000000000005 7.6000000000000005 0.2 0 0 0 21.200000000000003 2.2 0 0 2.4000000000000004 0 3.8000000000000003 2.2 8.8 3.6 0 1.8 2 2.4000000000000004 0 0 0 0 0 0 0.2 0 0 0 0 0 0 0 0 0 0 0 0 0 0 0.8 0 1.2000000000000002 0 0 0 2 0 0 0 0 0.4 3.8000000000000003 0 0 0.2 0 0 0 0 0 0.6000000000000001 2.2 0 5.6000000000000005 0 5.800000000000001 0 0 5.800000000000001 3.2 0 0 0 2.6 1.8 0 0 0 0.2 3.2 1.4000000000000001 0.4 0 0 6.800000000000001 2.4000000000000004 4 1.8 0 5 2 7.2 1.2000000000000002 11.600000000000001 2.8000000000000003 2.6 0.4 5.2 0 0 0 0 0.2 0.2 0 0 0 0 0 0 0 0 0 0 0 0 0 0 0 0 0 0 0 0 0 0 0 0 0 0 0 0 0.8 0.2 0 14.8 9.4 1 4.2 0.4 0 0 0 0 0 0 0 0 0 0 0 0 0 0 0 0 0 0 0 2.6 0 0 0 0 0 0 0 0 
 3.4000000000000004 0 0 15.4 0 14.8 0 0 14.600000000000001 0 0 0 0 0 0.4 0 0 3 0 0.4 23.8 47.2 31 19.6 55.2 4.6000000000000005 0 20.200000000000003 25.200000000000003 63 19.8 9 115 45.2 12.4 8 80.2 5.2 75.60000000000001 11.4 1.2000000000000002 0 0 0.4 0 0.2 0 0.6000000000000001 0 0 0 0 0 0 0.6000000000000001 0 0 0 14.8 0 0 0.4 0.4 1.8 0 0 0 0 0 0 0 0 1 0 0.4 0.6000000000000001 0 0 0 0.6000000000000001 0 0 0 0 1.8 0 0 0 0 0 0 0 0 0 0 2 0 0 0 0 4.4 0 8.8 8.8 0 1.4000000000000001 0 0.4 0 0 0 0 3.8000000000000003 3.8000000000000003 2.8000000000000003 2 8.4 0 0 3.2 0 0 2.2 0 0 0 0 0 0 0 0 0 0 0 0.6000000000000001 0 0 0 2.2 0 2.8000000000000003 0 0 0 0 0 0 0 0 0 0 0 0 0.2 0 0 0 0 0 0 0 0 0 0 0 0 0 0.4 0 0 0 0 0 0 0 0 0 12 0 0 8.4 0 2.8000000000000003 3 5.4 0 2.6 6.4 0 0 0 0 2.2 2.4000000000000004 7.800000000000001 1.2000000000000002 9.8 6 2.8000000000000003 3.6 0 0 0 0 0 0 0 0 0 0 0 0 0 0 0 0 0 0 1.6 0 0 0 0 0 0 0 0 0 0 0 0 0 0 0 0 0 0 0 0 0 0 0 0 0 0 0 15.200000000000001 0 0 0 0 0 0 0 0.6000000000000001 0.2 0 15.600000000000001 0 0 0.2 0 0 0 0 0 0 0 0 0 0 0 0 0 0 2.4000000000000004 0 0 0 3 0 1.4000000000000001 0 0 0 0 1.6 0 0 0 
 0.2 0.6000000000000001 0 0.4 29.6 4.6000000000000005 0 0 0 0 15 0 0 15 0 0.4 0 0 0 0.6000000000000001 45.6 40.6 65.2 19.6 12.4 32.6 20.200000000000003 0 30.200000000000003 47 5.800000000000001 14.200000000000001 24.200000000000003 43.2 30.200000000000003 60.400000000000006 6.800000000000001 6.6000000000000005 37.800000000000004 76.80000000000001 0 0 0 0.4 0 0.4 1 1.4000000000000001 0 0 1.6 0 0 12.600000000000001 0.6000000000000001 0 2.4000000000000004 0 0.6000000000000001 0 0 0 0 0 0 0 0.6000000000000001 0 0 0 0 0 0 0 5.6000000000000005 0.4 0 0 0 0.6000000000000001 0 0 0 0 2.4000000000000004 1.6 0 0 0 0 0 0 0 0 0 0 0 0 0.2 1.2000000000000002 3.4000000000000004 1.8 4 3 2 1.8 4.2 9.200000000000001 4.2 9.4 6.4 7.2 0 3 0 3.2 0 0.4 4 0.4 0 0 0 0 0 0 0 0 0 0.2 0 0 0 0 0 0 0 1.6 0.2 2.4000000000000004 0 0 0 0 0 0 0 0 0 0 0 0 0 0 0 0 0 0 0 0 0 0 0 0 1.6 0 0 1 0 0 0 1.8 0 0 0 0.2 0 0 0 0 0.2 4 2.2 9 2 0 6.6000000000000005 4.800000000000001 0.6000000000000001 3.2 7.800000000000001 2.8000000000000003 5.2 0.2 0 2.4000000000000004 2 0.2 1.6 3.4000000000000004 0 0 0 0 0 0 0 8.200000000000001 0 1.2000000000000002 0 0 0 1.4000000000000001 0 0 0 0 0 0 0 0 0 1.6 0 0 0 0 0 0 0.4 0 0 0 0 0 0 0 0 0 0 0 0 0 0 0 0 0 0 0 0 0 0 0 2.6 0.6000000000000001 0.4 31 16.2 0.4 0.2 0 0 0 0 0 0 0 0 0 0 0.4 0 0 0 0 0 0 0 0 0 2.2 0 0 0 0 0 0 0 0 
 5.4 0 0 0 2 0 0.2 0 0 0.2 0.2 0 0.2 0 0.4 0 0 0 0 0.8 7 27 52.6 34.2 75.4 67 25.200000000000003 30.200000000000003 0 51.6 27.200000000000003 22 68.2 23.8 114.60000000000001 48.800000000000004 76.4 21.8 61 28.400000000000002 0 0 12.600000000000001 0.4 0 0.2 0 0.6000000000000001 0 0 0 0 0 0 0.6000000000000001 0 0 0 0.6000000000000001 0 0 0 0 1 0 0 0 0 0 0 0 0 0.8 0 0.4 0.6000000000000001 0 0 0 11 0 0 0 0 0 0 0 0 0 0 0 0 0 0 0 0 0 0 0 0 0 6.2 1.8 14.4 4 3.8000000000000003 3.8000000000000003 3 8 2.2 2.8000000000000003 1.4000000000000001 0 0 13.4 6.6000000000000005 7 7.2 0 0 1.8 0 0 0 0 0 8.200000000000001 2.2 0.2 0 0 0 1.6 0 1.6 0 0.2 0 0 2 0 0 0 0 0 0 2.4000000000000004 0 0 0 0 0 0 0 0 0 0 0 0 0 0 0.8 0 0 0 0 0 0 0 0 0 0 0 0 0 0 0 0 0 0 0 2 5.6000000000000005 4.2 2.4000000000000004 6.800000000000001 0 7 3 2 7.4 4.6000000000000005 0 0 3.6 5.6000000000000005 2.6 9.4 0 0 0 0 0 0 0 0 4.4 2.2 0 0 0 0 5.2 3 0 0 0 0 11.200000000000001 1.8 0 0 0 0 0 0 0 0 0 0 0 0 0 0 0 0 0 0 0 0 0 0 2.4000000000000004 0 0 0 0 0 0 0 0 0 0 0 1 0 0.4 8.6 34.6 0.4 0.4 0 0 0 0 0 0 0 0 0 0 0 0 0 0 0 0 0 0 0 0 0 0 0 0 0 1.2000000000000002 0 0 0 
 0 0 0 0 0 7 0 0 0 0 0.2 0 0 0 0 0 0 0.2 0 0.2 29.6 74.2 45 30.8 35.800000000000004 80.60000000000001 63 47 51.6 0 34.6 35.6 13.8 29.200000000000003 54.800000000000004 61.400000000000006 29.200000000000003 4.800000000000001 32.6 35.4 0 0.2 0.4 0.4 0 0 0.4 1.2000000000000002 0 0 1 0 0 0.2 1.2000000000000002 0 2.4000000000000004 0.4 0.8 0 0 0 0 10.600000000000001 0 0 0 0 0 0 0 0 0.2 0 0.8 0.6000000000000001 0 0 0 0.6000000000000001 0 0 0 0 0 0 0 0 0 0 0 0 0 0 0 0 0 0 0 0 0.4 0 6 0.2 4.2 1.2000000000000002 3.6 10.8 4 6.6000000000000005 5.800000000000001 9.600000000000001 4 0.6000000000000001 5.6000000000000005 6.6000000000000005 3 1.4000000000000001 3.6 0 0 0 0 0 0 0 0 0 0 0 0 0 0 0 0 0 0 1.6 1.8 2 0 0 0 0 0 0 0 0 0 0.4 0 0 0.4 0 0 0 0 0.4 0 0 0 0 2.6 0 0 0 0 2.8000000000000003 0 0 0 0 0 0 0 0.2 0 0 0 0 4.4 3.8000000000000003 2.8000000000000003 6.6000000000000005 4.6000000000000005 1.6 3.6 7.800000000000001 5 4.6000000000000005 2.6 3.6 0 0.2 2.4000000000000004 0 2.2 2.4000000000000004 0 0 0 0 0 0 0 0 0 6.4 0 0 0 0 0 2.4000000000000004 0 0.2 0 0 0.6000000000000001 0 0 0 0 0 0 0 0 2.6 0 0 0 0.4 0 0 0 0 0 3.6 0 0 0 0 0 0 0 0 0 0 0.4 0 0 0 0 0.4 1.6 0.2 0 16.400000000000002 15.8 0.4 0 0 0 0 0 0.4 2.8000000000000003 0 0 0 0 0 0 0 0 0 0 0 0 14 0 1.8 0 0 0 0 3.8000000000000003 0 0 0 
 40.800000000000004 0.4 0 1.2000000000000002 0.6000000000000001 14 0.2 0 0 0 0 0.2 0 0 0.4 0 0 0 0 0.6000000000000001 21.6 22.400000000000002 12.8 23.6 33.800000000000004 78 19.8 5.800000000000001 27.200000000000003 34.6 0 84.80000000000001 6.6000000000000005 7.6000000000000005 13.8 21.400000000000002 33 37.2 10.4 28.400000000000002 0 0 0 0.4 0 0 54 0.6000000000000001 0 0 0.2 0 0 0 0.6000000000000001 0 0.4 0.4 13.600000000000001 12.600000000000001 0 0 0 0 0 0 0 0 0.4 0 0 0 0 0 0.4 0.6000000000000001 0 0 0.8 0.6000000000000001 0 0 0 0 0 0 0 0 0 0 0 0 0 0 0 0 2 0 0 0 0 0 5.6000000000000005 0.2 2.6 0 0 0 0 2.8000000000000003 4.800000000000001 2.8000000000000003 0 0 0 0 1.4000000000000001 12.600000000000001 0 0 3.8000000000000003 5.2 0 0 0 0 0 2.4000000000000004 0 0 4.2 0 6.2 1.6 4.4 6.800000000000001 4.2 1.8 3.2 6.4 0 0 0 0 0 0 1.4000000000000001 0 0 0.4 2.2 0 0 0 0 0 0 0 0 0 0 0 0 1.6 0 0 0 0 0 0 0 0 0 0 0 0 0 0 0.4 0 2.2 3.8000000000000003 0 0 2.6 5.4 0 2.8000000000000003 3.2 1 6.6000000000000005 6.2 0 2.2 2.2 0 6.2 0 0.2 0 0 2.8000000000000003 0 0 0 0 0 3 2 0 0 0.4 11.4 10.600000000000001 1.6 8 0 0.4 7.4 2.2 0 0 0 0 0 0 0 0 0 0 0 0.4 0.4 0.2 0 0 0 0 0 0 0 0 0 0 0 0.2 0 0 0 0 0 0 0 0 0.4 0 0.8 15.200000000000001 0.2 0.8 5.6000000000000005 0.4 0 0 0 0 0 0 0 0 0 0 0 0 0 0 0 0 0 0 0 0 0 0 0 2.2 0 2 0 0 
 0 0 0 0 0.6000000000000001 0 0.4 0.4 0.2 0 0.2 0 0 0 0 0.4 0 0.4 0 0 38.400000000000006 43.400000000000006 15.4 17.8 23.400000000000002 78.80000000000001 9 14.200000000000001 22 35.6 84.80000000000001 0 7.800000000000001 10.8 13.4 25.8 57.800000000000004 31 10.200000000000001 19.8 0 0 0.4 0.4 0 1.4000000000000001 13.600000000000001 0.6000000000000001 0 0 0.2 0 1.2000000000000002 0 0.6000000000000001 0 0.2 0 1 20.8 0 0 0 0 0 0 0 0 0 0 0 0 0 0 0.4 0.6000000000000001 0 0 0.2 0.6000000000000001 0 0 0 0 0.4 0 0 0 0 0 0 0 0 0 0 0 0 0 0 0 0.2 1.6 0 0.8 2.8000000000000003 2.4000000000000004 0 0 0 0 5.6000000000000005 3.2 0 0 0 1.8 0 7.2 0 0 3 0 0 0 0 0 2.4000000000000004 0.2 0.4 2.2 2.4000000000000004 0 2.8000000000000003 9 5.4 7 3.8000000000000003 10.200000000000001 2.8000000000000003 6.800000000000001 0 0 0 0 0 0 0.2 0 0 0.2 0 0 0.2 0 0 0 0 0.2 0 0 0 0 0 0 0 0 0 0 0 0 0 0 0 0 0 0.4 0 0 0 0 0 0 0 2 6.6000000000000005 1.8 0 0.2 5.800000000000001 0.4 2.8000000000000003 5.800000000000001 0 0.2 0 2.4000000000000004 3 2.4000000000000004 0 4 1.2000000000000002 6.6000000000000005 0.2 0 0 0 1.2000000000000002 6.2 2.2 0.2 0 0.2 4.800000000000001 6.800000000000001 2.8000000000000003 6.800000000000001 0 0 1.8 4 0 0 0 0 2.4000000000000004 0 0 0 0 0 0 0 0 0 0 0 0 0 0 0 0 0 0 0 0 0 0 0 0 0 0 0.4 0 0.4 0 0.4 0.4 15.600000000000001 0 0.4 0 0 0 0 0 0 0 0 0 0 0 0 0 0 0 0 0 0 0 0 0 0 0 0 0 0.2 0 0 0 0 
