 0 37.6 46.2 5.800000000000001 5.4 25.200000000000003 7.6000000000000005 28 24 54.6 64.8 8.6 30.200000000000003 28.8 54 8.6 5.6000000000000005 17.6 42.800000000000004 68.8 0.4 0.4 0 0 0.2 0 0 0.4 0 0 0 0 0 0.4 0 0 0 0 0.6000000000000001 0 0.4 0 0 0 0 0 0 0 0 0 0 0.6000000000000001 0.8 0 0 0 0.6000000000000001 6.800000000000001 0 0 0.6000000000000001 0 8.200000000000001 0 0.6000000000000001 0 10 0.6000000000000001 0 0 0 0 0 0 0 0.6000000000000001 0 0.6000000000000001 0.4 0.6000000000000001 2.8000000000000003 13.600000000000001 7.6000000000000005 0 0 1.6 1 2.6 5.6000000000000005 3 0.8 2.8000000000000003 0 7.4 8.6 7.2 0 2.4000000000000004 9.8 0.8 0 0 0 0 0 0 0 0 0 0 0 0 0.8 0 0 0 0 0 5.6000000000000005 0.2 0 0 0 0 0 0 0 0 0 0 0 0 0 0 0 0 0 0 0 0 0.2 0 0 0 1 0 0 0 0 0 0 0.2 0 1 2.4000000000000004 1 0 0 0 1.2000000000000002 1.2000000000000002 2.2 2.6 2 7.800000000000001 0 0 4.800000000000001 0 1.4000000000000001 1.2000000000000002 0 4.6000000000000005 0 3 6.2 3.8000000000000003 0 1 5.800000000000001 0 0.2 0 0 0 0 0 0 0 0 0 0 0 0 0 0 0 0 4.2 0 0 0 0 0.2 0 0 0.4 0 0 0 1.6 0 0 0 0 0 0 0 0 3.2 0 0 0 0 0 0 0 0 0 0 0 0 0 0 0 0 0 0.2 0 0.2 0 0 0 0 0 0 0 0 0.4 0 0 2.6 0 0 0 0 0 0 0 0 0 0 0 0 0 0 0 0 0 0 0 0 0 0 0 0.2 0 0 0 0 0 0 0 0 0 0 0 0 0 0 
 37.6 0 15 26 49.2 52.2 43.6 25.6 23.200000000000003 60.800000000000004 33.2 8.8 10.200000000000001 82.4 19.400000000000002 23.200000000000003 59.6 11.200000000000001 6.6000000000000005 56.2 0 0 0.4 0 0 0 0 0.2 0.4 0 0 0 0 0.4 0 0.2 0 0 23.400000000000002 0 0.4 0 0 0 0 0 0 0 0 0 0 0.4 0.8 0 0 0.2 0.8 0.2 0 0 0.6000000000000001 0 0 0 0.4 0 0 0.6000000000000001 0 0.2 0 0 0 0 0 0.4 0 0.6000000000000001 0.4 0.6000000000000001 7 6 2.4000000000000004 4.6000000000000005 0 2.4000000000000004 1.6 2 6.800000000000001 5.6000000000000005 1.8 5.4 2 3 1.8 8.6 0 4.4 12 0.2 0 0 0 0 0 0 0 0 0 0 0 0 0 2 0 0 0 0 0 0 0 0 0 0 0 0 0 0 0 0 0 0 3.8000000000000003 0 0 0 0 0 0 0 0 0 0 2.2 0 0 0 0 0 0 0 0 0 0 0 0.8 0 2.8000000000000003 0 1 0 2.2 3.8000000000000003 2.4000000000000004 9.200000000000001 0 0 0.2 2.8000000000000003 0 0 2.6 0 0 4.800000000000001 3.8000000000000003 1.2000000000000002 2.8000000000000003 0 2.8000000000000003 0 0 0 0 0 0 0 0 0 0 0 0 0 0.2 0 0 0 0 0 0 0 0 0 0 0 0 0 0 0 0 0 0 0 0 0 0 0 0 0 0 0 0 0 0 0 0 0 0 0 0 0 0 0 0 0 0 0 0 0 0 0 0 0 0 0 0 0.2 0 9.8 0 0 3.2 4.2 0 0 0 0 0 0 0 0 0 0 0 0 0 0 0 0 0 0 0 0 0 0 0 0 0 0 0 0 0 0 0 0 0 0 0 0 0 
 46.2 15 0 22.200000000000003 10.200000000000001 28.6 70.60000000000001 45.400000000000006 43.400000000000006 22.8 11.200000000000001 42.2 55.6 23 44.800000000000004 22 27.200000000000003 26.400000000000002 37.800000000000004 37.2 15.200000000000001 0.2 0.4 0 0 0.4 0.2 0 0.2 0.4 0.8 0 0.6000000000000001 0.8 0.4 0.2 0 0 1 0 1 0 0 0.2 0 0 0.2 0 0 0.6000000000000001 0 9.4 1.6 0 0 0.2 1.2000000000000002 1.2000000000000002 0 0.6000000000000001 0.6000000000000001 0 0 0.4 1 0.4 0 0.6000000000000001 0 0.4 0 0 1.2000000000000002 0 0.4 0.4 0.2 2 0.4 0.6000000000000001 6 2 0 2.2 0 3.8000000000000003 0.6000000000000001 3.8000000000000003 0 2.2 8.6 8.200000000000001 1 2 2.8000000000000003 2.4000000000000004 3.2 0 7 8 0 0 0 0 0 0 0 0 0 2.4000000000000004 0 0 7 0 0 0 0 0 0 0 0 0 0 0 0 0 0 0 0 0 0 0 0 0 0 0 0 0 0 0 0 0 0 0 0 0 0 0 0 0 0 0 0 0.6000000000000001 1.6 0 0 0 0.2 0.4 2 1.6 0 0 0 0 0.4 0 3.2 0.8 3.2 0 7.2 5 1.6 0 3.2 2.2 3.6 0 0 0 0 0 0 0.4 2 0 0 0 0 0 0 0 0.4 0 0 0 4.4 0 0 0 0 0 0 0 0 0 3.4000000000000004 0 0 1 0 0 0 0 0 0 0 0 0 0 0 0 0 0 0 0.4 0 0 0 0 0.2 0 0 0 0.6000000000000001 0 0 0 0 0 0 0 0 0 9.4 0 0.4 18.400000000000002 0 1.8 0 0 0 0 0 0 0 0 0 0 0 0 0 0 0 0 0 0 0.2 0 0 0 0 4.4 1.8 0 0 0 0 0 0 0 0 0 0 0 0 0 
 5.800000000000001 26 22.200000000000003 0 70.8 4.2 16.2 19.6 17 43 29.400000000000002 32 15.600000000000001 70.8 23.400000000000002 58.6 17.2 63.2 78.60000000000001 12.600000000000001 33.6 0.4 0 0 0 0 31.8 0.6000000000000001 1.2000000000000002 0 0 0 64.8 1.2000000000000002 0 0.2 0 0 8.6 7.6000000000000005 0.4 0 0 0 0 2.2 0 0 0.2 0 0.2 0.8 0.4 0 0 0.4 1 0.6000000000000001 0 0 0.6000000000000001 0 0 0 0.4 0 0 0.6000000000000001 0 0 0 0 0 0 0 0.4 0 0.6000000000000001 0.4 0.8 5.6000000000000005 1.8 0 8 3.8000000000000003 1.2000000000000002 0 0 8.200000000000001 2.8000000000000003 2 2.8000000000000003 0 0 0 7.6000000000000005 5.2 1.8 0 0 0 0 0 0 0 0 6.6000000000000005 3.2 0 0 0 0 0 3.2 0 0 0 0 0 0 0 0 0 0 0 0 0 0 0 0 0 0 0 0 0 0 0 0 0 0.4 0 0 0 0 0 0 0 0 0 0 0 0 0 0.4 0 0 0 1.2000000000000002 0.4 0 1.6 3.8000000000000003 2 3.2 0 0 0 2.2 1.2000000000000002 9.200000000000001 3 1.8 0 0 1.8 0.2 0 2.8000000000000003 0.8 2.6 4.6000000000000005 5 0 0 0.2 0 0 0 3.4000000000000004 1 0 0 3.8000000000000003 0 0 0 0 0 0 3 0 0 0 0 0 0 0 0 0 0 0 0 0 0 0 0 0 0 0 0 0 0 0 0 0 0 0 0 0 0 0 0 0 0 0 0 0 0 0 0 0 3.2 0 0 0 0.2 0.6000000000000001 0.2 1 0 0 1.6 3 0 0 0 0 0 0 0 0 0 1.4000000000000001 0 0 0 0 0 0 0 0 0 0 0 0 3.4000000000000004 0 3 0 0 0 0 0 0 0 0.2 0 0 0 0 
 5.4 49.2 10.200000000000001 70.8 0 60 6 12.600000000000001 9.200000000000001 47.800000000000004 17.6 74.60000000000001 11 12.4 9.200000000000001 24.6 54 19 11 18.400000000000002 12.4 16.8 0 0.6000000000000001 0 0 14.8 15.4 4.800000000000001 0.4 0 0 40.800000000000004 14.200000000000001 24.8 14.600000000000001 0 0 26 3.2 12.4 0 0 0.2 13 0 0 0 0 0 0 0.8 0.2 0 0 0 1.8 0 0 0 0.6000000000000001 0 0 0 0.6000000000000001 0 2.2 0.6000000000000001 0 0 0 0 0.4 0 0 0.6000000000000001 12.600000000000001 0.6000000000000001 0.4 1.6 0 0 4 3.6 15.4 5.2 0 0 0 2.2 3.6 4.6000000000000005 0 0 0 0 0 0 0 0 3 0 0.2 1 0 0 5 0 0 3.8000000000000003 2.6 0 2 3.8000000000000003 4.4 2.8000000000000003 0.2 0.8 7.800000000000001 3 0 0 0 0 0 0 0 0 0 0 0 0 0 0 0 0 0 0 0 0 0 0 0 0 0 0 1.2000000000000002 0 0 0 0 0 0 0 0 0 0 0 0 0 0 0 0 3 3.2 6.800000000000001 0 0 0 0 8.4 3.6 0 0 0.4 15.200000000000001 0 0 0 0.2 0 3.6 0 0 0 0 4.6000000000000005 0 5.800000000000001 2.4000000000000004 0 5.800000000000001 2.4000000000000004 0.2 3.4000000000000004 6.6000000000000005 4.4 0 3.6 9.8 0 0 0 0 0 0 0 0 0 0 0 0 0 1 0 0 0 0 0 0 0 0 0 0 0 0 0 0 0 0 0 0 0 0 0 0 0 0 0 0 0 2.8000000000000003 0 0 0 0.6000000000000001 0.2 0.4 1 0.4 3 1.2000000000000002 0 0 0 0 0 1.2000000000000002 0 0.4 3.4000000000000004 0 2 0 4 0 0 0 0 0 0 0 0.4 0 0 0 2.4000000000000004 0 0 0 0 0 0 0 0 0 0 0 0 0 
 25.200000000000003 52.2 28.6 4.2 60 0 5.2 13.4 20 39.6 42.400000000000006 46.400000000000006 9.600000000000001 9 32.2 10.600000000000001 27 30.200000000000003 8.8 58.2 15.200000000000001 0 0 0 0 8 6.800000000000001 31.6 0.6000000000000001 11.8 17.8 0 0 0.8 14.600000000000001 0 0.4 0 0.6000000000000001 0 0.6000000000000001 0 0 0 0 0 0 0 0 0 0 12.200000000000001 0 0 0 0 0.6000000000000001 1.2000000000000002 0 0 0.6000000000000001 0 0 0 0.6000000000000001 0 0 1.2000000000000002 10.200000000000001 0 4 0 0 0 2.2 0.6000000000000001 0 9 0.6000000000000001 0.8 0 0 3.2 10.4 0 3 0 0.6000000000000001 0 1.4000000000000001 3.4000000000000004 4.4 0 0 0 0 1.8 2.6 0 0 0 6 2 0 0 0.4 1.6 0 2.2 0 0 0 5 0 2.2 2 0.2 1.8 0 7.6000000000000005 0 0 0 0 0 0 0 0 0 3 0 0 0 0 0 0 0 0 0 0 0 0 0 0 0 0 0 0 0 0 0 0 0 0.6000000000000001 1.6 0 0 0 0.2 0.4 0 0 0 0 3.8000000000000003 3.4000000000000004 0 0 0 0 0.2 0 0 0 0 4.800000000000001 0.6000000000000001 0 0 0 3.6 0 1.8 0 0 0 6.800000000000001 3.6 0 0 0 0 1 1.8 5 0 0.4 1.2000000000000002 11.8 3.2 0 0 0 0 0 0 0 0 0 0 0.4 0 0.2 0 0.4 0 0 0 0 0 0.2 0 0 0.4 0 0 0 0 0 0 0 0 0.4 0 0 0 0 0 0 0 0 0 0 0 0 0.8 0.2 0 1.2000000000000002 0.4 3 2.4000000000000004 0.2 0 0 0 0 0 0 0 0 0 0 0 0 0 0 0 0 0 0 0 0 0 0 4.4 1.4000000000000001 0 0 0 0 0 0 0 0 0 0 0 0 0 
 7.6000000000000005 43.6 70.60000000000001 16.2 6 5.2 0 38.6 29.400000000000002 8.4 9.8 63.800000000000004 13.600000000000001 55.400000000000006 8.8 72.60000000000001 45.2 14.8 9.8 47 0.2 0 15.8 0 0 0 0 0.6000000000000001 0 0 0 0.4 0.2 1 0.6000000000000001 0.8 14.8 14.200000000000001 0.6000000000000001 0 0.4 0 0.6000000000000001 0 0 0 0 1 0 0 0.4 0.4 0.4 0 0 0.2 1.4000000000000001 0.8 0 0 1 0 0 0 1 0 0.2 2 0 0.2 0.4 0 0.8 0 0 0.4 0 1 0.4 0.6000000000000001 6.6000000000000005 6.2 6 4.6000000000000005 2.2 0 9.8 4.6000000000000005 0 2.8000000000000003 2 0 1.8 2.8000000000000003 0 0.4 2.2 4.800000000000001 8.8 1.8 0 2.6 0 0 0 0 0.6000000000000001 0 0 0 0 0 0 0 0 0 0 0 0 0 0 0 0 0 0 0 0 2.8000000000000003 0 0 0 0 2.6 0 0 0 0 0 0 0 0 0 0 0 0 0 0 0 0.2 0 0 0 0 0 0 0 0 0 0 0 2.8000000000000003 3.6 2.2 1 0.2 0 0 9.4 4.4 0.6000000000000001 3 1 8 3 0 0 0 3.2 3.2 4 0 0 0 0 0 0 0 0 0 0 0 0 0 0 0 0 0 0 0 0 0 0 0 0 0 0 0 0 0 0 0 0 0 0 0 0 0 0 0 0 0 0 0 0 0 0 0 0 0 0 0 0 0 0 0 0 0 0 0 0 0 0 0 0 0 0 0.4 0 1 0 0 1 0 0 0 0 0 0 0 0 0 0 0 0 0 0 0 0 0 0 0 0 0 0 0 0 2 0 0 0 0 0 0 0 0 0 0 0 0 0 
 28 25.6 45.400000000000006 19.6 12.600000000000001 13.4 38.6 0 19.8 23.6 66.2 6 54 34.800000000000004 10.200000000000001 11.200000000000001 8.8 6.800000000000001 57 11.600000000000001 0 0 0 0 0 0.2 0.2 0.6000000000000001 0 0 0.4 0 0 0.4 0 0.4 0 0 48.6 0 0.6000000000000001 0 0 0 0 0 0 0 0 0.4 0 13.200000000000001 0.4 0 0 1.6 0.8 0.2 0.4 0 0.6000000000000001 0.4 0 0.8 0.6000000000000001 0 0 0.6000000000000001 0 0 10 0 1 0 0 1.6 0.4 1.2000000000000002 0.4 3.6 2.8000000000000003 0 1.6 1 2.6 2.8000000000000003 1.4000000000000001 3 7 10.4 0 4.4 0.6000000000000001 2.8000000000000003 7.6000000000000005 7.2 0 2 4.2 0 0 1.6 0 0 2.4000000000000004 0 0 0 0 0 0 0 2.6 1.4000000000000001 0 0 0 0 0 0 0 0 0 0 0 0 0 0 0 0 0 0 0 0 0 0 0 0 0 0 0 0 0 0 0 0 0 0.2 0 0.2 0 0 0 0.2 0.2 0 0 0 0.2 0 1.8 2.2 2.6 0 0 0 0 4.4 0 1.4000000000000001 1.6 0 4.6000000000000005 2.6 4.4 0 0 1.4000000000000001 0.2 8.8 0 0 0 0.2 0 0 0 0 0.4 0 0 0 0 0 0 0 0 0.4 0 0.2 0 0 0 0 0 0 0 0 0 0 0 0 0 0 0 0 0 0 0 0.4 0 0 0 0 0 0.2 0 0 0 0 0 0 0 0 0 0 0 0 0 0 0 0 0 0 0.4 0 0.4 0 0 0.2 0.2 1.8 5 0 0 0 0.4 0 0 0 0 0 0 0 0 0 0 0 0 0 0 0 0 0 0 0 3 0 0 0 0 0 0 0 0 0 0 0 0 0 
 24 23.200000000000003 43.400000000000006 17 9.200000000000001 20 29.400000000000002 19.8 0 49.2 25.8 24 32.4 27.400000000000002 33.6 9.600000000000001 7.4 65.8 59.400000000000006 23 16.6 0 0 0 0.8 0.2 0 0.8 0 0 0 0.2 0.4 0.4 0 0.4 1.2000000000000002 0.4 11.4 0.2 1.8 0 0 0 1.4000000000000001 0 0 0 0 0.6000000000000001 0 13.4 0.2 0 1.6 0.6000000000000001 0.6000000000000001 0.4 0 0 0.6000000000000001 0 0.4 0 0.6000000000000001 0 0 1.2000000000000002 0.6000000000000001 0 0 0 10.200000000000001 0 0 0.6000000000000001 0 0.6000000000000001 0.4 0.6000000000000001 10.600000000000001 0 11.200000000000001 2 3.8000000000000003 2.2 0 1 4 12.8 16.400000000000002 9 0 0 0 6.2 0 3.2 0 3.2 2.4000000000000004 0 0 0 0 0 1.4000000000000001 0 0 0 0 0 4.800000000000001 1.4000000000000001 0 0 0 0 0 0 0 0 0 0 0 0 0 0 0 0 0 0 0 0 0 0 0 0 0 0.2 0 0 0 0 0 8.4 0 0 0 0 0 0 0 1.8 1 0 0 0 0.2 0.4 0 0 0.2 0 0.4 4.6000000000000005 0 0 0 2.6 0.2 0.2 0 1.8 5 2.2 2 2.2 0 2.6 0 0 1.8 0 0 0 6 0 0 0 0 0.2 0.6000000000000001 0 0 0 0 0 5.4 0 0 0 0 0 0 0 0 0 0 0 0 0 0 0 0 0 0 0 0 0 0 0 0 0 0 0 0 0 0 0 0 0 0 0.2 0 0 0 0 0 0 0 0 0 0 0 0.2 3.6 0 0.2 1 5.4 2.4000000000000004 3 0 0 0 0 0 0 0 0 0 0 0 0.4 0 0 0 0 0 0 0 0.4 0 0 4.4 2.2 0 0 0 0 0 0 2.2 0 0 0 0 0 0 
 54.6 60.800000000000004 22.8 43 47.800000000000004 39.6 8.4 23.6 49.2 0 92.80000000000001 68.8 7.2 59.6 37.2 14.200000000000001 31.200000000000003 60.400000000000006 11 19.200000000000003 0.2 0.6000000000000001 0 0.4 0.4 15.8 0 0.2 0.6000000000000001 0.6000000000000001 0.4 0 1 0.4 0.4 0 0 0 28.400000000000002 0 1.2000000000000002 0 0 0.2 0 0 0.6000000000000001 0 0 0 0 0.6000000000000001 0.6000000000000001 0 0 0 1.6 11.600000000000001 0 0 0.4 0 0 0 0.6000000000000001 0 0 0.6000000000000001 0 0 0 0.6000000000000001 0 0 0.4 0.6000000000000001 0.4 0.6000000000000001 0.6000000000000001 0.4 2.8000000000000003 2 5.800000000000001 7.2 0 5.6000000000000005 1.6 4.800000000000001 1.6 4 6.800000000000001 8.6 2.6 4.4 3.8000000000000003 7.4 3.6 4.2 2.6 0 0.2 0 0 0 0 3 3 0 0 0 0 0 4 0 0 0 0 0 10.8 0 0 0 0 0 0 0 0 0 0 0 0 0 0 0 0 0 0 0 0 0 0 0 0 0 0 0 0 0 0 0 0 0 0 5.2 2.8000000000000003 2.6 0 0 0 0.6000000000000001 0 0 2.8000000000000003 6.4 7.2 2.2 0 0 2.8000000000000003 0 0 0 0 0 3.2 4.800000000000001 6.2 0 0 4.6000000000000005 0 0 0 0 0 0 3.4000000000000004 0 0 0 0 0 0.2 0 0 0 0 0 5 0 0 0 0 0 0 0 0 4 0 0 0 0 0 0 0 0 0 0 0 0 0 0 0 0 0 0 0 0 0 0 0 0 0 0 0 0 0 0 0 0 0 0 0 0 0 1.2000000000000002 0.2 0.4 0.6000000000000001 0.2 3.4000000000000004 1.4000000000000001 0 0 0.2 0 0 0 0 0 0 0 0 0 0 0 0 0 0 0 0 0 0 0 0 0.2 0 0 0 0 0 0 0 0 0 0 0 0 0 0 
 64.8 33.2 11.200000000000001 29.400000000000002 17.6 42.400000000000006 9.8 66.2 25.8 92.80000000000001 0 20.200000000000003 4.800000000000001 11 35.2 30.400000000000002 40.800000000000004 14.8 18.2 16 7.4 15.200000000000001 0 0 0.6000000000000001 0.4 4.2 30 0 0 0.4 0.8 0.8 25.6 0 15.4 0.2 0.6000000000000001 31 0 0.8 0 0 0 0.4 0 0.6000000000000001 0.6000000000000001 0 0 0 0.6000000000000001 0.6000000000000001 0.2 1.2000000000000002 0.8 0.4 12.200000000000001 0 0 0.6000000000000001 0.4 0 0 0.4 0 1.2000000000000002 0.4 0 0.4 0 0 0 0 1.2000000000000002 0.4 0.4 2 0.4 0.6000000000000001 2 0 0 0 0 3.6 0 0 0 0 0 10.8 0 0 0 5.800000000000001 3.2 0.2 0 0 1.8 0 0 2.2 0 0 0 3 0 1.8 0 0 3 0 0 0 0 2 2.8000000000000003 5.2 0 0 0 0 0 0 0 0 0 0 0 0 0 0 0 2.4000000000000004 0 0.2 0 0 0 0 0 0 0 0 0.4 0 0 0 0 0 0 0 0 0 0 0.8 1 0 0 0 1.8 5.4 2.8000000000000003 2.6 0 0 0.2 0 1.6 3.2 0 0 2.2 0 1.6 0 0.4 1.8 0 2.6 0 0 0 0 0 3.8000000000000003 0.2 0 0 0 2 3 0 0 0 0 0 4 0 0 0 0 0 0 0 0 0 4.6000000000000005 0 0 0.2 0 0 0.2 0 0 0 0 0 0 0 0 0 0 0 0 0 0 0 0 0 0 0 0 0 0 0 0 0 0.4 0 0 0 0 10.600000000000001 0 0.2 18.8 0 1.2000000000000002 0.8 0 0 0 0 0 0 0 0 0 0 0 0 0 0 0 0 0.2 0 0 0 2.2 0.4 0 4 0.2 0 0 0 0 0 0 0 0 0 0 0 0 
 8.6 8.8 42.2 32 74.60000000000001 46.400000000000006 63.800000000000004 6 24 68.8 20.200000000000003 0 7 6 15.600000000000001 7.800000000000001 14.600000000000001 68.8 5 6 15.200000000000001 0.4 0 0.4 0 0 14.8 0.2 0 0.6000000000000001 0 0 4.800000000000001 16.2 0 0 0.4 0 2.2 0.2 0.4 0 0 0 0 14.600000000000001 0 13 0 0 0 13.600000000000001 0.4 0 0 0.2 4.2 0.4 0 0.4 0.8 0 0 0 0.4 0 0.2 1.8 0.2 0.2 0 0 0 0 0 0.8 0 0.8 0.4 0.6000000000000001 5.6000000000000005 0 0 6.800000000000001 4 3.8000000000000003 0 3 3.2 3.6 2.6 7 0 0 0 0 4.4 0 0 0 1.8 2.2 0 0 0 0 2 0 0 0 0 0 10.200000000000001 4.6000000000000005 0 0 1.2000000000000002 1.8 5.2 2.8000000000000003 0 0 0 0 0 0 0 0 0 0 0 0 0 0 0 0 0 0 0 0 0 0 0 0 0 0 0 0 0 0 0 0 0 4.800000000000001 3.8000000000000003 0.8 0 0 0 1.2000000000000002 0 0 0 3 22.6 0 0 0 2.4000000000000004 2.6 3.2 3.4000000000000004 0 0 0 3.6 16.2 0 0 0 0 0 0 0 0 0 2.8000000000000003 4 0 0 0 0 2 3.4000000000000004 0 0 0 0 7 0 0 0 0 0 0 0 0 0 0 0 0 0 0 0 0 0 0 0 0 0 0 0 0 0 0 0 0 3 0 0 0 0 0 0 0 0 0 0 0 0 0 2.2 0 0 0 0.4 0.2 0 0 16.8 0 2 7.4 0 0 0 0 0 0 0 0 0 0 0 0 0 0 0 0 0 0 0 0 0 0 0.8 5.4 0 0 0 0 0 0 0 0 0 0 0 0 0 
 30.200000000000003 10.200000000000001 55.6 15.600000000000001 11 9.600000000000001 13.600000000000001 54 32.4 7.2 4.800000000000001 7 0 35.800000000000004 19 11.600000000000001 17.8 7 22.400000000000002 73.2 0 0 0 0 0.4 0 0 0.4 0 0.4 0 0.4 0 0.8 0 0 0.2 0 0.6000000000000001 0.4 0.4 0 0 0 0 0.2 0 0 0 0 0 0.6000000000000001 0.2 0 0 0 0.6000000000000001 12.600000000000001 0 0 0.6000000000000001 0 0 0 0.6000000000000001 0 0 0.6000000000000001 0 0 0 0 0 0 0 0.6000000000000001 0 0.6000000000000001 0.6000000000000001 0.6000000000000001 0 2.4000000000000004 2 0.2 1.4000000000000001 0.2 0.4 0 3.8000000000000003 4.800000000000001 3.4000000000000004 0 0 2.4000000000000004 8.4 3.4000000000000004 0 3.4000000000000004 3 7.2 0 0 0 0 0 0 0 0.2 0 0 0 0 0 0 0 0 0 0 2.8000000000000003 0 0 0 0 0 0 0 0.2 0 0 0 0 1.6 0 0 0.2 0 0 0 0 0 0 0 0 3.2 0 0.2 0 0 0 0 0 0 0 0 0 0 0 0 0 0 2 0.2 3.2 6.4 0 0 0.4 5 0 10.200000000000001 0 1.8 4 6 3.4000000000000004 5 12 1.4000000000000001 0 5.4 0 0 0 0 0 0 0.2 0 0 0 0 0.4 2 0 0 0 0 0 0 0 0 0 0 0 0 0 0 0 0 0 0 0 0 0 0 0 0 0 0 0 0 0 0 0 0.4 0 0 0 0 0 0 0 0 0 0 0 0 0 0 0 0 0 0 0 0 0.8 17.8 0 0 0 0 2.2 0 0 0 0 0 0 0 0 0 0 0 0 0 0 0 0 0 0 0 0 0 0 0 2.6 0 0 0 0 0 0 0 0 0 0 0 0 0 0 
 28.8 82.4 23 70.8 12.4 9 55.400000000000006 34.800000000000004 27.400000000000002 59.6 11 6 35.800000000000004 0 63.2 10.8 44.400000000000006 65 39.800000000000004 47.2 0 0.2 0 0 0 0 0 0.2 0 0.4 0 0.2 0 0.4 0 0.6000000000000001 0.4 0 0.6000000000000001 0.4 0.4 0 0 0 0 0 0 0 0 0 0 0.4 0.4 0 0 0.2 0.6000000000000001 0 0 0 0.6000000000000001 0 0 0 0.4 0 0 0.6000000000000001 0 0.2 0 5.800000000000001 0.8 0 0 0.4 0 0.6000000000000001 0.4 0.6000000000000001 3.6 4 7.4 4.2 0 0 8.6 7.800000000000001 13 1.4000000000000001 0.2 0 2.2 6.2 7.4 5.2 0 11.200000000000001 9.8 0 0 0 0 0 0 0 0.2 0 0 0 0 0 0 0 0 0 0 0 0 0 0 0 0 0 0 0 0 0 0 0 0 0 0 0 0 0 0 0 0 0 0 0 0 0 0 2.4000000000000004 0 0.2 0 0 0 0 0 0 0 0 2.4000000000000004 0 0 0 3 8.8 3.6 5 3.4000000000000004 0 0.2 0 1.6 4.4 4.800000000000001 4 2.8000000000000003 5.800000000000001 2.2 3.4000000000000004 0 6.800000000000001 0 2 0 0 0 0 0 0 0 0 0 0 0 0 0 0 0 0 0 0 0 0 0 0 0 0 0 0 0 0 0 0 0 0 0 0 0 0 0 0 0 0 0 0 0 0 0 0 0 0 0 0 0 0 0 0 0 0 0 0 0 0 0 0 0 0 0 0 0.4 0.4 17.6 0 0.4 3.8000000000000003 0 0 0 0 0 0 0 0 0 0 0 0 0 0 0 0 0 0 0 0 0 0 0 0 0 0 0 0 0 0 0 0 0 0 0 0 0 0 
 54 19.400000000000002 44.800000000000004 23.400000000000002 9.200000000000001 32.2 8.8 10.200000000000001 33.6 37.2 35.2 15.600000000000001 19 63.2 0 32 25.200000000000003 34.6 16.6 36.4 0.2 41 0.4 0.6000000000000001 0 1.4000000000000001 0.4 0.2 2 0 0.4 0 0 0.4 0 0.4 0 16.8 16.8 0 1.4000000000000001 0 0 0 0.8 0 0 0 0 0.6000000000000001 0.8 1.6 0 0 1.2000000000000002 0 1.2000000000000002 14 0 0 0.6000000000000001 0 0 0 0.6000000000000001 0.2 0 0.6000000000000001 0 0 0 0 0 0 0 0.6000000000000001 0 0.6000000000000001 0.6000000000000001 0.6000000000000001 8 4.4 0 5 0 7.6000000000000005 2 2.6 0 0 4.4 5 0 5.800000000000001 5.4 18 0 5.800000000000001 3 2.6 0 0 0 0 0 0.4 0 0 0 0 0 0 1.8 0.2 0 0 0 0 7 0 0 0 0 0 0 0 0 0 0 0 0 0 0 0 0 0 0 0 0 0 0 0 0 0 0 0 0 2 0 0 0 0 0 0.8 1.8 0.6000000000000001 0 0 0 0.6000000000000001 0 0 7.4 4.2 2 0.4 0 11 0 2.8000000000000003 0 3.2 0 0 1 2.8000000000000003 5.6000000000000005 2.8000000000000003 0 0.4 0 0 0.4 2.8000000000000003 0 0 0 0 0 0 0 0 0 0 0 0 0 0 11.200000000000001 0 0.4 0 3.2 0 0 0 0 0 0 0 0 0 0 0 0 0 0 0 0 0 0 0 0 0 0 0 0 0 0 0 0 0 0.4 0 0 0 0 0 0 0 0 0 0 0 0 0.6000000000000001 0.2 0 1.8 0.4 0 2.2 0 0.2 0 0 0 0 0 0 0 0 0 0 0 0 0 0 0 0 0 0 0 0 0 3 0 0 0 0 0 0 0 0 0 0 0 0 0 0 
 8.6 23.200000000000003 22 58.6 24.6 10.600000000000001 72.60000000000001 11.200000000000001 9.600000000000001 14.200000000000001 30.400000000000002 7.800000000000001 11.600000000000001 10.8 32 0 47.6 60.6 9.8 33.2 14.8 0 0 0 0 0 0.2 0 0.4 0 0 0 4.2 0.4 0.2 0.6000000000000001 0 0 1.2000000000000002 0 0.4 0 0 0 0 0 0 0 0 0 0 13.4 0.6000000000000001 0 0 0.4 4 0.2 0 0 0.6000000000000001 6.2 0 0 0.4 0 0 0.6000000000000001 0 0.2 0 0 0.8 0 5.800000000000001 0.4 0 0.6000000000000001 0.4 0.6000000000000001 3.6 1.8 0 6.800000000000001 0 1.4000000000000001 4 2.8000000000000003 3.8000000000000003 0 3 0 0 6 0 0 4.2 0.6000000000000001 6.800000000000001 0 0 0 0 0.4 0 0 2.2 0.2 0 2 0 0 1.8 3.4000000000000004 0 0 0 0 3.2 3 0 0 0 0 0 0 0 0 0 2.6 0 0 0 0 0 0 0 0 0 0 0 0 0 0 0 0.2 0 0 0 0 0 0 0.4 0 0 0 0 0 0 0 0 12.200000000000001 1.6 5.2 0 0.2 0 0 6.800000000000001 2.2 3.2 7 1.4000000000000001 3 0 0 0 2.4000000000000004 0.6000000000000001 0 0 2.6 0 0 0 0 0 0.2 0 0 0 0 3.2 0 0 0 0 0 0 0 0 1.4000000000000001 0 0 0 0 0 0 0 0 2.8000000000000003 0 0 0 0 0 0 0 0 0 0 0 0 0 0 0 0 0 0 0 0 0 0 0 0 0 0 0 0 0 0 2.2 0 0 0 0 0 0 17.400000000000002 0.2 0 2.4000000000000004 0 0 0 0 0 0 0 0 0 0 0 0 0 0 0 0 0 0 0 0 0 0 0 0 0 0 0 0 0 0 0 0 0 0 0 0 0 0 
 5.6000000000000005 59.6 27.200000000000003 17.2 54 27 45.2 8.8 7.4 31.200000000000003 40.800000000000004 14.600000000000001 17.8 44.400000000000006 25.200000000000003 47.6 0 27.6 64.4 5.2 14.8 0 0 0 0 0 0 1 0.6000000000000001 0.6000000000000001 0.4 0.8 4.6000000000000005 0.4 0 0 0.6000000000000001 0 18.400000000000002 1 0.4 0.6000000000000001 1 0 1.2000000000000002 0 0 0.4 0 3.4000000000000004 0 0.6000000000000001 0.2 0 0 0.4 0.6000000000000001 0.2 0 0.4 0.6000000000000001 0.2 0 0 0.6000000000000001 0 0 1 0 0.4 0.2 0.2 0.4 0 1.6 0.6000000000000001 0 0.6000000000000001 1 0.6000000000000001 12 4.6000000000000005 9.8 3 2 5.4 3.8000000000000003 2.6 3.6 6.2 0.2 4.4 0.6000000000000001 0.6000000000000001 0 3.6 2.2 9 0 1.8 0 0 0 0 0 0 0.4 3.2 0 0 0 0 5 0 0 0 0 0.2 4.2 0 0 0 0 0 0 0 0 0 0 0 0 0 0 0 0 0 0 0 0 0.2 0 0 0 0 0 0 0 0 0 0 0 0 0 0.2 0 0 0 2 1.4000000000000001 0 0 3.2 2.6 3.8000000000000003 5.800000000000001 0.2 0 2 2.8000000000000003 6.2 5.6000000000000005 2.6 1 0 1 3.2 6 0 0 0 0 0 0 0 0 0 4.4 0 0.2 0.6000000000000001 0 0 5.2 0.2 0 0 0 0 0.2 0.4 0 0 0 0 0 0 0 0 0 0 0 0 0 0 0 0 0 0 0 0 0 0 0 0 0 0 0 0 0 0 0 0 0 0 0 0 0 1.4000000000000001 0 0 0 0 3 0 0 0.4 0 0 6.2 0.2 3.6 3.2 0 0 0 0 0 0 0 0 0 0 0 0 0 0 0 0 0 0 0 2 0 0 0.8 7 2 3.4000000000000004 0 0 0 0 0 0 0 0 0 0 0 0 
 17.6 11.200000000000001 26.400000000000002 63.2 19 30.200000000000003 14.8 6.800000000000001 65.8 60.400000000000006 14.8 68.8 7 65 34.6 60.6 27.6 0 6.2 8.4 20 0.2 0 0 0 0 37.6 15.600000000000001 0 0 0 0.6000000000000001 14.600000000000001 0.4 0.8 0.8 0 0 1.2000000000000002 0 0.6000000000000001 0 0.6000000000000001 0.4 0 0 0 0.2 0 0 5 1 13.200000000000001 0 0 0 0.8 0.2 0.6000000000000001 0.2 0.6000000000000001 0 0 1.2000000000000002 0.6000000000000001 0 0 1.2000000000000002 10.200000000000001 0 0.8 0.4 0 0 0 0.6000000000000001 0 0.6000000000000001 0.6000000000000001 1.8 13.200000000000001 0 0 10 3.2 7.2 0 4.2 0 0 8.4 2.4000000000000004 0 0 0 0 4 2.8000000000000003 0 0 0 6 2 0 0 0 4.800000000000001 0 2 0 0 0 2 2.2 0 0.2 0 0 0 1.6 0 0 0.4 0 0 0 0 0 0 0 0 0 0 0 0 0 0 0 0 0 0 0 0.4 0 0 0 0 0 0 0 0 0 0 7.2 5.6000000000000005 0.6000000000000001 0 0 0 3.4000000000000004 0 1.6 1.8 3.4000000000000004 12.8 0 0 0 1.2000000000000002 0 3.8000000000000003 4.2 0 0 0 3.2 10.200000000000001 2.6 1.8 0 4 3.2 0 0 0 0 4.4 4.4 3.8000000000000003 0 0 0 2.4000000000000004 1.6 0 0 0 0.4 6.4 0.2 0 0.4 0 0 0 0 0 0 0 0 0 0 0 0 0 0 0 0 0 0 0 0 0 0 0 0 0 0 0 0 0 0 0 0 0 0 0 0 0 0 0 3.2 0 0 0 0.4 0 0.4 9.4 0.4 0.6000000000000001 3.4000000000000004 0 0 0 0.4 0 0 0 0 0 0 1.4000000000000001 0 0 0 0 0 0 0 0 0 0 0 0 1.8 0 0 0 0 0 0 0 0 0 0 0 0 0 0 
 42.800000000000004 6.6000000000000005 37.800000000000004 78.60000000000001 11 8.8 9.8 57 59.400000000000006 11 18.2 5 22.400000000000002 39.800000000000004 16.6 9.8 64.4 6.2 0 56 0.4 0 0 0 0 0.4 0 0.6000000000000001 0 0.2 0 0 0 0.4 0 0 0 0 40.6 0 0.4 0 12.8 0 0 0 0 0 0 0 0 0.6000000000000001 0.2 0 0 0 13.4 0 0 0 1.2000000000000002 0 0 0 0.6000000000000001 0 0 0.6000000000000001 0 0 0 0.2 1.4000000000000001 0 0 0.6000000000000001 0 0.6000000000000001 0.4 0.6000000000000001 2 2.2 1.6 0.2 0 0 5.800000000000001 9.200000000000001 7.6000000000000005 0.4 0 0 1.2000000000000002 8.200000000000001 4.800000000000001 1.8 2 2 6 5 2.6 0 0 0 0 0 0 0 1.8 0 0 0 0 0 0.2 0 0 0 0 0 0 0 0 0 0 0 0 0 0 0 0 0 0 0 0 0 2 0 0 0.4 0 0 0 0 0 0 0 1.6 0 0 0 0 0 2.8000000000000003 0 0 0 0 1.2000000000000002 0 5.6000000000000005 7.6000000000000005 0.6000000000000001 0 0 0 6.2 0 3 1.4000000000000001 4.800000000000001 0 1.4000000000000001 4.6000000000000005 0 0 3 1.6 5.2 0 0.4 0 0 0 0 0 0 0 0 0 0 0 0 0 0 0 0 0 0 0 0 0 0 0 0 0 0 0 0 0 0 0 0 0 0 0 0 0 0 0 0 0 0 0 0 0 0 0 0 0 0 0 0 0 0 0 0 0 0 0 0 0 0 0 0 0.4 0 0 0 0 0.2 2.4000000000000004 0 0 0 0 0 0 0 0 14.600000000000001 0 0 0 0 0 0 0 0 0 0 0 0 0 0 0 0 0 0 0 0 0 0 0 0 0 0 0 0 0 
 68.8 56.2 37.2 12.600000000000001 18.400000000000002 58.2 47 11.600000000000001 23 19.200000000000003 16 6 73.2 47.2 36.4 33.2 5.2 8.4 56 0 0 0 0 15 0 0 0 0.2 0 0 0.4 0 0 0.4 0 0 0 0 0.6000000000000001 0 0.6000000000000001 0 1.2000000000000002 0 0 0 0 0 0.8 0 0 0.6000000000000001 0 0.2 0 0 0.6000000000000001 0 0 0 0.6000000000000001 0 0 0 0.6000000000000001 0.4 0 0.6000000000000001 0 0 0 0.8 1.4000000000000001 0.8 0 0.6000000000000001 0 0.6000000000000001 0.6000000000000001 0.4 12.4 3.6 0.2 0 0 0 3.2 2.8000000000000003 0 2.2 3 3.2 2.6 4.4 2.2 1.4000000000000001 0.2 0 6 2.4000000000000004 0 0 0 0 0 0 0 0 0 0 0 0 0 0 0 0 0.4 0 0 0 0 0 0.2 2.8000000000000003 1.2000000000000002 0 0 0.2 0 0 0 0 0.2 0 0 0 0 0 0 4.6000000000000005 3.6 0 0 0 0 0 2 0 0 0 0 0 0 0 1.2000000000000002 1 0 0 0 1.2000000000000002 6.2 4.800000000000001 0 0 2.4000000000000004 0 2 3 4 0.2 0 0 2.4000000000000004 4.6000000000000005 0.8 7.6000000000000005 0 4.4 0 3.6 0 0 0 0 0 0 0 0 0 0 0 0 0 0 0.4 0 0 0 0 0 0 0 0 0 0 0.4 0 0 0 0 0 0 0 0 0 0 0 0 0 0 0 0 0 0 0 0 0 0 0 0 0 0 0 0 0 0 0 0 0 0 0 0 0 0 0 0.4 9.8 0.6000000000000001 0.2 0 0 1.4000000000000001 0 0 0 0 0 0 0 0 0.2 0 0 0 0 0 0 0 0 0 0 0 0 0 0 0 0 0 0 0 0 0 0 0 0 0 0 0 0 0 
 0.4 0 15.200000000000001 33.6 12.4 15.200000000000001 0.2 0 16.6 0.2 7.4 15.200000000000001 0 0 0.2 14.8 14.8 20 0.4 0 0 37.2 61.400000000000006 43.800000000000004 7.2 5.6000000000000005 76.80000000000001 13.600000000000001 10.4 94.4 36 7.800000000000001 45.6 20.6 7.4 25 15 4.4 25.200000000000003 36.2 0 0.2 0 0 0 0 0 0 0 0 0 0 1.6 0.8 0 0 0.2 1.2000000000000002 0 0 0 0 0 0 0.8 0 0 0 0 0 0 0 0.2 0 1.4000000000000001 0 0.2 0 0 0 0 0 0 4.2 14.200000000000001 2.2 0 2.2 0 0 2.8000000000000003 0.6000000000000001 0 0 0 0 0 2.2 0.4 0 3 0.4 3.4000000000000004 0 0 0 6.2 0 0 2 0.2 4 2.8000000000000003 4.6000000000000005 0.2 0 8.6 2.2 3.8000000000000003 0.6000000000000001 0 0 0 0.2 0 0 0 0 0 0 0 0 0 0 0 0 0 0 0.2 2.8000000000000003 0 0 0 0 0.4 0 0 0 0 0 0 0 0 0.2 0.4 0 0 0 0 0 0 0.8 0 0 0 0 0 0 0.6000000000000001 1.6 3.4000000000000004 1.6 0 0 0 0 2.4000000000000004 0.2 2.4000000000000004 0 2.4000000000000004 4 3 0 0 0 0 0.8 10.4 0 0 0 9.200000000000001 2.6 0 0 5.2 1.4000000000000001 4.6000000000000005 5.2 0 0 0 0 0 0 0 0 0 0 0 0 0 0 0 0 0 0 0 0 0 0 0 0 0 0 0 0 0 0 0 0 0 0 0 0 0 0 0 0 0 6.4 0 0 0 0 0 0 0 0 0 0 2 0 2 0 0.4 0.4 0 0 0 0 1.4000000000000001 0 0 0 2 0 0 0 0 0 0 0 0 1.6 0 2.2 0 0 0 0 0 0 0 0 0.2 0 0 0 
 0.4 0 0.2 0.4 16.8 0 0 0 0 0.6000000000000001 15.200000000000001 0.4 0 0.2 41 0 0 0.2 0 0 37.2 0 63.2 27.8 26.6 8.6 95.2 56.6 40.400000000000006 41.6 7.800000000000001 54 57 34.6 76 62.400000000000006 87.80000000000001 22.8 8.6 135.4 0.2 0 0 0 0 0 0.6000000000000001 0.4 13 0 0 0.8 0.6000000000000001 0 0 0 0.4 0 0 0.4 0 0 0 0 0 0 0 0 0 0 0.4 2.2 0 0 0.2 0 0.6000000000000001 0.6000000000000001 0 0 0 0 0 0 7.4 0 0 0 0 0 0 0 0 0 0 0 0 0 0 0 5.800000000000001 5.2 5.2 3 0 0.2 0 3.4000000000000004 5.2 5.4 3.8000000000000003 1.8 0 0 2.2 3.6 2.6 0 0.4 4.4 0.4 0 0 0 0 0.4 0 0 0 0 0.2 0 3.2 0 0 0 0 0 0 0 0.4 0 0 0 0 0 2.8000000000000003 0 0 0 0 0 0 0 0 0 0 0.2 0 0 3.2 0 0 4.800000000000001 0 3 0 0 0 0 0 1.8 0 0 0 0.2 0 2.8000000000000003 0 0.8 5 5.6000000000000005 8 0 0 1.8 0.2 4.800000000000001 6.800000000000001 0.2 0 2.8000000000000003 0 6.4 2.6 1.8 4.6000000000000005 0.2 2.6 0 2.8000000000000003 0.4 0 0 0 0 0 0 0 0 0 0 0.2 0 0 0 0 0 0 1.8 0 0 0 0 0 0 0 0 0 0.4 0 0 0 0 0 2.2 0.4 0 0 0 0 0 0 0 0 0 14.8 0 0 0.4 0 0 0 0 2.4000000000000004 0 0.4 0.4 0 0.4 0 0 2 0 0 0 1.6 0 0 0 0 0 0.4 0 0 0 0 0 0 0 0 0 0 0 0 0 0 0 0 0 
 0 0.4 0.4 0 0 0 15.8 0 0 0 0 0 0 0 0.4 0 0 0 0 0 61.400000000000006 63.2 0 33 19.400000000000002 29.200000000000003 15.8 18.6 29.8 21.8 8.200000000000001 14.8 9.600000000000001 14.4 25.6 26 25.8 24.8 9.8 9 0.6000000000000001 13 0 1 0 0 1.6 0 0 0.8 0 1.6 5.2 0.2 0 2 1.4000000000000001 0 13.200000000000001 0.2 0 1 0 0.8 0 0 0 0 0 0 0.4 0.6000000000000001 0 0 0 0 0.6000000000000001 0 0 0 0 0 0 0 0 0 0 0 0 0 0 0 0 0 0 0 0 0 0 0 3.6 1.8 3.6 8.6 4.4 9 0 1.6 5.4 7.4 2 4.4 0 1.4000000000000001 2.2 12.8 0 1.2000000000000002 5.4 0 3.2 0 0 0 0 0 0 3 0 0 0 0 1.4000000000000001 1.8 0 2.2 0 0 5 0 0 0 0 1.8 0 0 0 0 1 0 0 1 0 0 0 0 0 0 0 0 0.4 0 0 0.8 0 0 0 0 0.2 0 0 0 0 1.4000000000000001 0 2.8000000000000003 0.4 0 0 0 3.2 4.2 0 5 2.6 9.200000000000001 0.4 0 6.2 3.6 6.4 16 0 1.8 4 2.6 5.800000000000001 7.800000000000001 0 2.4000000000000004 0 0 0.2 0 0 0 0 0 0 0.4 0.2 0 7.6000000000000005 0 0 0 0 0 4 2.2 0.4 0 0 0 0 0 0 0 0 0 0 0 0 0 0 0 0 0 0 0 0 0 2.4000000000000004 0 0 0 0 0 0 0 0 0 0 0 1.8 0.4 0 0 0.2 0.4 0.4 0 0 0 0 0 0 0 0 0 0 0.2 0 0 0 0 0 0.2 0 0 0 0 0 0 0 2 2.4000000000000004 0 0 0 
 0 0 0 0 0.6000000000000001 0 0 0 0 0.4 0 0.4 0 0 0.6000000000000001 0 0 0 0 15 43.800000000000004 27.8 33 0 26 6 22 17.8 33.2 91.60000000000001 45 24 14.8 13.4 24.200000000000003 10.4 22.400000000000002 21.200000000000003 31.200000000000003 27.6 11.4 0.4 0 0 0.6000000000000001 0 0.6000000000000001 0.2 0.6000000000000001 0 0 0.2 0.6000000000000001 0.2 0 1.2000000000000002 0.8 0 13 0.4 0 0.6000000000000001 1.4000000000000001 0 0.4 0.4 0 0.4 0 0 0.4 1 0 0 0.4 0 0.8 0 0.2 1 0 0 0 0 0 0.4 0 0 0 0 0 0 0 1.6 0 0 0 0 0 0 4.6000000000000005 0 6.800000000000001 4.4 3.6 5 0 7.6000000000000005 0 0.2 1.8 9.200000000000001 0 0 3.4000000000000004 1.4000000000000001 2 0 0.4 0 0.6000000000000001 0 2.4000000000000004 0 0 0 0 0 0 0.2 0 0 3.6 6 0 5 0 0 0.2 2.2 0 0 0.4 0 0 0 1.8 0 0 0 0 0 0 0 0 0.2 0.4 0 0 0 0 0 0 0.2 0 0 0.8 0 0 0 0 0 0 0 0 0 2 0 0 0 2.4000000000000004 1.8 4 4.800000000000001 5.6000000000000005 7.4 0 0 1.8 2 9.600000000000001 4 0 0 2.2 0.8 5.2 3 0 0 0 0 0 0 0 0 0 2.6 0 0 0 0 0 7.800000000000001 0.2 0 0 0 3.4000000000000004 0 0 0 0 0 0 0 0 0 0 0 0 0 0 0 0 0 0 0 0 0 0 0 4.4 0 0 0 0 0 0 0 0 0 0 0 2.4000000000000004 0.8 0.4 18.2 0 0.4 0.4 4 0.2 0 0 0 3.2 0 0 0 0 0 0 0 0 0 0 0 0 0 0 0 0 0 0 2.4000000000000004 0.2 0 0 0 
 0.2 0 0 0 0 0 0 0 0.8 0.4 0.6000000000000001 0 0.4 0 0 0 0 0 0 0 7.2 26.6 19.400000000000002 26 0 54 11.8 12.200000000000001 51 13.600000000000001 67 33.2 12.600000000000001 20.400000000000002 57.800000000000004 54.6 18.6 17.400000000000002 12.8 16.6 6.2 12.600000000000001 12.4 0 0 0 25.6 25.200000000000003 25 13.600000000000001 0 0.4 13.600000000000001 12 4.6000000000000005 18 3.8000000000000003 0.6000000000000001 16.400000000000002 19.8 0 0 0 0 0 0 0 7.4 0 0 0.4 0.6000000000000001 0 0 0.8 0 0.6000000000000001 0 0 0 0 0 0 0 0 0 0 0 0 0 1.2000000000000002 0 0 0 0 0 0 0 0 0 2.4000000000000004 0 0 4 11.600000000000001 4.2 0.4 0 6.2 5.800000000000001 9.200000000000001 2.2 0 0 0 0.2 0 0 0 0 2.4000000000000004 3.4000000000000004 9 0 0 0 1.8 3.4000000000000004 2.4000000000000004 5.800000000000001 1.8 0 0.2 0.2 2.4000000000000004 0 1.2000000000000002 0 3 2.2 0 0 0 0 0 3.2 0 0 0 0 0 0 0 0 0 0 0 0.4 0 0 0 0 0 0 0 0 0 0 0 0 0 0 1 0.2 0 0 0 0 0 0 0 4.6000000000000005 0 4 2.4000000000000004 4.6000000000000005 0 0 0 0 4 2.6 0 0.2 0 3 1.6 0.8 0 0 2.4000000000000004 2.8000000000000003 6.2 9 0 0 2.8000000000000003 6 1.4000000000000001 0 3.2 0 0 6.6000000000000005 5 1.6 2.2 2 3.8000000000000003 5 0 0 0 0 0.2 0 0 0 0 0 0 0 0 0 0 0 0 0 0 0 0 0 3 0 0 0 0 0 0 0.4 0 0 0 0 1 0.6000000000000001 0 0.8 0 0.6000000000000001 0.4 0 0 0 0 0 0 0 0 0 0 0 0 0 0 0 0 0 0 0 0 0 0 0 0 1.8 0 0 0 0 
 0 0 0.4 0 0 8 0 0.2 0.2 15.8 0.4 0 0 0 1.4000000000000001 0 0 0 0.4 0 5.6000000000000005 8.6 29.200000000000003 6 54 0 93.60000000000001 9.600000000000001 9.600000000000001 7.4 33.6 10.8 8.8 10 9.4 25.6 10.8 45.6 56.6 53.800000000000004 13.200000000000001 59.2 0 1.4000000000000001 0 0 27.200000000000003 13 0.4 1 0 43.800000000000004 0.6000000000000001 17.400000000000002 14.200000000000001 0 31.200000000000003 0 54.6 0.2 0 1.2000000000000002 0 0.8 0 0 0 0 0 0 0.4 0.6000000000000001 0 0 0 0 0.6000000000000001 0 0.2 0 0 0 0 0 0 0 0 0 0 0 0 0 0 0 0 0 0 0 0 0 3.4000000000000004 0 0 0 10 0.2 0 2 0 4.2 0.2 10.4 0 0 0 0 4 0 0 0 3 4.800000000000001 5.4 2.2 0 0 6 1.6 8.8 0 10 0 5.6000000000000005 11.8 4.800000000000001 3.2 1.8 0 9.8 0.8 0 0 0 0 0 0 0 0 0 0 0 0 0 0 0 0.8 0 0 0 0 0 0 0 0 0 0 0 0 0 0 0 0 0 0 0 0 0 0 0 0 0 3.6 0 0 0 0.4 0 0 0 6 0.2 0.2 0 4 0 2 1.6 0 0 0 4.6000000000000005 4 10.4 6.4 0.6000000000000001 0 5 9 0.2 0.2 0 0 5.6000000000000005 2.8000000000000003 2.8000000000000003 0 2 2.2 6.4 1.6 0 0 0 0 0 0 0 0 0 0 0 0 0 0 0 0 0 0 0 0 0 0 0 0 0 0 0 0 0 0 0 0 0 0 1.6 0.4 0.2 0 14.600000000000001 0.2 1.2000000000000002 0.2 0 0 0 0 0 0 0 0 0 0 0 0 0 0 0 0 0 0 0 3.6 0 0 0 0 2.8000000000000003 0 0 0 
 0 0 0.2 31.8 14.8 6.800000000000001 0 0.2 0 0 4.2 14.8 0 0 0.4 0.2 0 37.6 0 0 76.80000000000001 95.2 15.8 22 11.8 93.60000000000001 0 137.20000000000002 8.200000000000001 10.8 50 8.8 25.8 27.8 7.6000000000000005 21.200000000000003 5.800000000000001 53 29 40.2 0 0 0 0 0 0 0.4 0 0 0 0 1 0.6000000000000001 0 0 0 0.6000000000000001 0.2 0.4 0.6000000000000001 0 0 0 0 0 0 0 4.800000000000001 10 0 0.4 0.6000000000000001 0 0 0 0 0.6000000000000001 0 0 0 0 0 0 3.6 4.6000000000000005 5.6000000000000005 0 0 0 0.4 5.4 0 0.2 0 0 0 2.8000000000000003 0 0 0 0 6.2 3 0 0 0.6000000000000001 6.2 9.4 2 7.4 0 1.8 0 5.800000000000001 0 0.2 0 0 0 4.2 0 0 0 0 0 0 0 0 0 0 0 0 0 0 0 0 0 0 0 0 0 0 0 0 0 0 3.2 0 0 0 0 0 0 0 0 0 0 1 0.4 0 0 1.2000000000000002 0 3.2 3.8000000000000003 2.4000000000000004 0 0 1 0.2 1.2000000000000002 4.4 0 0 0 0.8 0 0 0 0 3.4000000000000004 5 2.2 0.4 0 0 3.6 3.8000000000000003 3.2 2.8000000000000003 1.8 0 5.800000000000001 3.2 0.2 0.8 0 0.2 4 6.6000000000000005 0 0 0 0 0 0 0.4 0 0 0 0 0 0 0 0 0 0 0 3.2 0.2 0 0 0 0 0 0 0 0 0 0 0 0 0 0 0 0 0 0 0 0 0 0.4 0 0 0 0 12.200000000000001 0 0 7 0 0 0 0 2 0.4 0.2 0 0 0.4 0 0 0.8 0 0 0 0 0 0 0 0 0.4 0 0 0 0 0 0 0 0 0 0 0 0.4 0.2 0 0 0 0 0 
 0.4 0.2 0 0.6000000000000001 15.4 31.6 0.6000000000000001 0.6000000000000001 0.8 0.2 30 0.2 0.4 0.2 0.2 0 1 15.600000000000001 0.6000000000000001 0.2 13.600000000000001 56.6 18.6 17.8 12.200000000000001 9.600000000000001 137.20000000000002 0 65.4 8 23.8 6.2 60.2 60 13.600000000000001 11 13.4 21.6 15.8 88.4 0.2 0 13.8 0 0 0 0.6000000000000001 0 0 0.6000000000000001 0 0 0.6000000000000001 0 0 0 0.4 41.2 1.2000000000000002 0 0 15.600000000000001 0 0 0 0 0 1.2000000000000002 6.2 0 0.4 0.6000000000000001 0 0 0 0 0.4 0 0 0 0 0 0 0 3.2 0.2 0 0 0 1.6 2.8000000000000003 0 0 0 0 0 0 0 0 0 0 0.2 3.6 0 0 0 0 4 6.6000000000000005 4 0.8 0 4.4 3 0.4 5 5.800000000000001 3.4000000000000004 3.8000000000000003 16.400000000000002 0 0 0 0.4 0 0 0 0 0 1.6 0 0 0 0 0 0 0 0 0 0 0 0 0 0 0 0 3.4000000000000004 0 0 0 0 0 0 0 0 0 0 0 0 0 0 0 0 12.600000000000001 3 2.4000000000000004 0 0 0 0 0.2 1.8 0 0 0 0 0 0.4 0 0 0 3.4000000000000004 0 0.2 0.4 0 7.2 5.6000000000000005 2 4.6000000000000005 0 0 0.2 10.8 0 0.2 0 0 2 3 0 0 4 0 0 0 0 0 0 0 0 0 1.4000000000000001 0 0.2 0 0 0 0 0 0 0 0 0 0 0 0 0 0 0 0 0 0 0 0 0 0 0 0 0 0 0 0 0 0 0 14.8 0 0 14.8 0 0 0 0.4 2.6 0 0 0 2.2 0.2 0 0.4 0 0 0 0 0 0 0 0 0 0 0 0 0 0 0.2 0 0 0 0 2.8000000000000003 0 0 0 0 0 0 0 0.4 
 0 0.4 0.2 1.2000000000000002 4.800000000000001 0.6000000000000001 0 0 0 0.6000000000000001 0 0 0 0 2 0.4 0.6000000000000001 0 0 0 10.4 40.400000000000006 29.8 33.2 51 9.600000000000001 8.200000000000001 65.4 0 25 8 26 73.60000000000001 77 40.2 68.4 24.200000000000003 7.4 22 23.200000000000003 0 0 0 0 0 0 0.4 0 0 0 0 0 1.2000000000000002 0 0 0.6000000000000001 0.6000000000000001 0.4 0 0 0 0 0 0 0 0 0 0 0 0 0.4 0.6000000000000001 0 0 0.4 0 0.6000000000000001 0.4 0 1 0 0 0 0 3.4000000000000004 3.4000000000000004 0 0.4 0 0 2.8000000000000003 0 0 0 0 0 0 0 0 0 4.2 0.8 6 0.2 4.2 0 4 7 8 0.2 6 1.8 1.8 0 4.800000000000001 5 0.8 0 0 0 0 0 0 0 0 0 0 0 0 0 0 0 3.8000000000000003 0.2 0 0.4 0 0 0 0 0 0 1 0 0 0 0 0 0.2 0 0 1 0 0 0 0 0 0 0.2 0 1 0 0 0 0 3.6 0 0 0 0 0 0 0 0 0 0 0 0 0 5.800000000000001 3.4000000000000004 2 1.8 2.2 2.2 3.6 0.6000000000000001 0 0 0 2.2 9.8 2.6 0.2 6.6000000000000005 6.4 3 0.2 0 4.4 2.6 0 0 0 0 0 0 2.6 0 0 0 0 1.6 0 0 0.6000000000000001 0 2.4000000000000004 7 2 0.4 0 0 0 0 0 0 0 0 0 0 0 0 0 0 0 0 0 0 0 0 0 2.2 0 0 0.4 0 0 0 0 0 0 0 1.8 1.6 0.4 0 15.4 0 0 3 0 0.4 0 0 0 0 0 0 0 0 0 0 0 0 0 0 0 0 0.2 0 4 0 0 0 0 0 0 0 0 
 0 0 0.4 0 0.4 11.8 0 0 0 0.6000000000000001 0 0.6000000000000001 0.4 0.4 0 0 0.6000000000000001 0 0.2 0 94.4 41.6 21.8 91.60000000000001 13.600000000000001 7.4 10.8 8 25 0 83.80000000000001 15.600000000000001 10.200000000000001 33 67.4 27.6 29.200000000000003 9 58.800000000000004 25.6 0.6000000000000001 9.8 0 0 0 0 0.6000000000000001 0 0 0 0 3.2 0.6000000000000001 0 0 0 0.8 1.2000000000000002 0 0 0 0 0 0 0.6000000000000001 10.200000000000001 0 0 0 0 0.4 0.4 0 0 0 0 0.2 0 0 0 0 0 0 0 0 0 0 0 0 0 0 0.2 0 0.2 0 0 0 0 0 0 5.800000000000001 2.6 2.6 2.2 1.8 5.2 0.2 5.2 0.2 4.6000000000000005 0.2 1.6 0 0.4 9 6.6000000000000005 0 1.4000000000000001 0 2 0 0 0 0 0.4 0 0.2 0 0 0 0 0 3 2.2 0 0 0 0 2.4000000000000004 2.4000000000000004 0 0 1.4000000000000001 0 4 0 0 0 0 0 2.8000000000000003 0.2 0 0 0 0 4 0 0.2 0 1 0 0.4 0 1.8 1.6 0 0 0 0 0.4 2.6 0 0 0 0.2 0 0 0 0.6000000000000001 7.4 1.8 3.4000000000000004 0 0 1.6 0.4 1.8 2.6 3 0.2 4.800000000000001 1.6 0 5.4 0.8 6 4.800000000000001 2 3.8000000000000003 0 0 2 0 0 0 0 0 0 0 0 0 0.2 0 0 0.4 0.4 0 2.6 0 0 0 0 0 0 0 0 0 0 0 0 0 0 0 0 0 0 0 0 0 0 0 0 0 0 0 0 0 0 0 0 0 0 0 0.6000000000000001 0.6000000000000001 0 0 0.4 0 3.6 0 0 0 0 0 0 0 0 0 0 0 0 0 0 0 0 0 0 0 0 3 0 0 0 2.4000000000000004 2.4000000000000004 0 0 0 
 0 0 0.8 0 0 17.8 0 0.4 0 0.4 0.4 0 0 0 0.4 0 0.4 0 0 0.4 36 7.800000000000001 8.200000000000001 45 67 33.6 50 23.8 8 83.80000000000001 0 40 49.400000000000006 25 49.2 20.200000000000003 53.800000000000004 24.200000000000003 6 11.600000000000001 12.600000000000001 54.800000000000004 0.4 0 0 0 1 28.200000000000003 0 0 0 1.8 18.400000000000002 25.8 43 0.4 1.2000000000000002 0.8 23.6 1.4000000000000001 0 0.8 0 0 2 0 0.4 0 0 0 0.4 0.6000000000000001 0 0 0 0 0.6000000000000001 0.8 0 0 0 0 5.4 0 0 0 0 0 0 0 0.2 0 0 0 0 0 0 0 0 0 2 0 0 0.2 0 2.6 0 6.2 3.6 2.2 0 8.6 0 0 0.2 3.2 0.4 1.8 0 4 2.6 6.6000000000000005 3.2 0 0 0 2.6 0 2.4000000000000004 1.2000000000000002 0 0.4 2.6 4.2 3.8000000000000003 6 0.2 0 7.4 7.6000000000000005 0 0 0 0 0 0 0 0 0 0 0 0.2 0 0 0 0 0 0 0 0 0 0 0 0 2 1.4000000000000001 0 0 0 0 0 0 0 0 0.2 0 0 0 0 0 0 0.6000000000000001 2 1.6 3.2 2.6 4.4 0 4.6000000000000005 3.2 0.2 0 1.4000000000000001 6 4.4 5 0 2 0.2 1.6 3.4000000000000004 2 4.800000000000001 0 0 0 4.800000000000001 8.8 0 0.2 0.4 0 8.8 2.2 6.6000000000000005 4.6000000000000005 0 2.8000000000000003 3.6 6.2 0 0 0 0 0 0 0 0 2.6 0 0 0 0 0 0 0 0 0 0 0 0 0 0 0 0 0 0 0 0 0 0 0 0 0 1.8 0.2 0.4 23.6 29.8 0.4 1.4000000000000001 3.4000000000000004 0 0 0 0 0 0.4 0 0 0 0 0 0.2 0 0 0 0 0 4.800000000000001 0 0 0 0 0 0 3.2 0 0 0 
 0 0 0 0 0 0 0.4 0 0.2 0 0.8 0 0.4 0.2 0 0 0.8 0.6000000000000001 0 0 7.800000000000001 54 14.8 24 33.2 10.8 8.8 6.2 26 15.600000000000001 40 0 6.2 10.600000000000001 62.800000000000004 6.6000000000000005 11.600000000000001 30.200000000000003 5.800000000000001 5.2 6.6000000000000005 12.4 0.4 0 0 0.2 25.8 4.4 12.8 4.4 0 0.2 0.6000000000000001 25 0.6000000000000001 13.200000000000001 13 0 16.400000000000002 12.8 0.2 0 0 0 0 0 0 0 0 0 0.4 0.8 0 0 0 0 0.4 0 0 0 0 0.4 0 0 0 0 0 0 0 0 0 0 0 0.4 0 0 0 0 0 0 0 0 2 2.2 10.200000000000001 4.6000000000000005 0 0.2 0.2 3.6 5.800000000000001 14 0 0 2 4.4 0 0 2.4000000000000004 0 2.6 5 3.8000000000000003 0 0.2 0 5.4 0 6 0.6000000000000001 7.2 0 0 4.6000000000000005 14.200000000000001 0 1.2000000000000002 0 2.8000000000000003 0.2 0 0 0 0 0 0 0 0 0 0 0 0 0 0 0 0 0 0.4 0.4 0 0 0 0.2 0 0 0 0 0 0 0 0 0 0 0 0 0 0 0 0 0 2.4000000000000004 0 0 5.4 5.800000000000001 8.6 0 0.8 0 1.2000000000000002 3.4000000000000004 6.2 0 0 2 0 2.8000000000000003 8.200000000000001 0 0 2.4000000000000004 3 6 2.6 0 0 2.8000000000000003 3.2 0 0 3.2 0 2.2 5.800000000000001 6.4 0 2.2 0 6.800000000000001 3.2 0 0 0 0 0.2 0 0 0 0 0 2 0 0 0 0 0 0 0 0 0 0 0 1.8 0 0 0 0 0 0.2 0 0 0 0 0 2.2 0.2 0.2 16.6 14.4 0 0 0.4 0 0 0 0 0 0 0 0 0 0 0 0 0 0 0 0 0 0 0 0 0 0 0 3.4000000000000004 0 0 0 0 
