 0 42.6 39.400000000000006 13.200000000000001 62.800000000000004 12 99.2 36 11.600000000000001 27.200000000000003 67.2 75.2 30 115.4 44.800000000000004 4 62.400000000000006 51 54.6 54.800000000000004 0 0.8 0 0 0 0 0 9.8 0 0 0 0 1 0 0.6000000000000001 0.8 0 0.4 0 0.4 0 0 0 0.4 0 0.6000000000000001 0 0 0 0 0.4 0 0 0 0 0 0 0.2 0 0 0.4 1.2000000000000002 0 0 0 0 0.6000000000000001 0.6000000000000001 0 0 0 0.4 6.800000000000001 0 0 0 0 7 0 0 0 3 11.600000000000001 0 2.4000000000000004 2.4000000000000004 2.8000000000000003 3.2 0.2 9.4 18.6 1.4000000000000001 2.6 0 0 2.8000000000000003 4.4 4.2 0.2 0.8 0 0 0 0 0 0 4.2 0 0 0 0 0 0.2 0 0 0 0 0 0 0.2 0.4 0 0 0 0 0 0 0 0 0 0 3.2 0 0.4 0.4 0 0 0 2 3.2 0 0 0 0 0 0.6000000000000001 0 0 0 0 0 0 0 0 0 0 0 0 0 0 0.2 5.6000000000000005 0 0 1.4000000000000001 0 2.6 4.2 9.4 3.8000000000000003 0 0 0 11 7.800000000000001 2.8000000000000003 0 2.2 0 0 0 0 0.4 0 0 0 3.2 0.2 0 0 0 0 0 0 0 0 0 0 0 0.6000000000000001 0 0 0 0 0 0 0 0 0 0 0 0 0 0 0 0 0 0 0 0 0 0 0 0 0.2 0 0 0 0 0 0 0 0 0 0 0 0.4 0 0 0 0 0 0 0 0 0.2 0.4 0 0.2 0 0 2.2 0 0 0 0 0 0 0 0 0 0 0 0 0 0 0 0 0 0 0 0 0 0 0 0 0.2 2.2 0 0 0 0 0 0 0 0 0 0 0 0 
 42.6 0 43.2 72.8 26.400000000000002 22.6 20 61 15.600000000000001 24.6 50.800000000000004 73 12.200000000000001 46.6 12 25.6 36.4 59.6 27.6 49.400000000000006 0 0 0.2 0.4 0.4 0 0 0.4 0 0 0 0 0.6000000000000001 0 0 0.6000000000000001 0 0 15 0 0 0 0.6000000000000001 0.6000000000000001 0 0.6000000000000001 0 0 0 0 0 0 0 0.4 1.2000000000000002 0 0 0.6000000000000001 0 0 0.4 0 0 0 0 0.8 1.6 1 1 2.2 0.8 0 0.6000000000000001 0 0 0 0 0 0 0 2.8000000000000003 4.6000000000000005 3 3.2 6.4 0 3.2 1 0.2 0.8 4.800000000000001 0.2 3.4000000000000004 8.8 0.8 6.800000000000001 3.8000000000000003 2 0 0.2 0.2 0 0 0 0 0 0 0 0 1.8 0 0 2.8000000000000003 2 4.2 0 0 0 3.6 4.4 0 0 0 0 0 0 0 0 0 0 0 0 0 0 0 1.2000000000000002 0.4 0 0 0 0 0 1 0 0.8 0 0 0 0 0 3 0 0 0.2 0 0 0 0 0 4.800000000000001 3.4000000000000004 2 0.2 2.2 2.8000000000000003 1.8 2.2 4.2 0.4 1.4000000000000001 3 4.6000000000000005 0.4 1.2000000000000002 0 0 0 0.6000000000000001 0 0.2 0 0 0 0 0 0 0 0 0 0 0 0 0 0.2 0 0 3.2 0.2 0 0.2 0 0 0 0 0 0 0 0 0 0 0 0 0 0 0 0 0 0 0 0 0 0 0 0 0 0 0.2 0 0 0 0 1.4000000000000001 0 0 0.4 0 0 0 0 0 0 0 0 0 0 0.4 17.400000000000002 0 17.6 0.6000000000000001 0 2 0.2 0 0.2 0 0 0 0 0 0 0 0.2 0 0 0 0 0 0 0 0 0 0 0 0 0 2.4000000000000004 0 0 0 0 0 0 0 0 0 0 0 0 0 
 39.400000000000006 43.2 0 26.400000000000002 11.4 23.400000000000002 40.400000000000006 52 21.8 74.4 28.8 86.60000000000001 15.200000000000001 68.4 30.400000000000002 67.2 28.200000000000003 70 6.4 31 0 0 0.4 14.4 0 0 0 0.2 0.4 0 0 0 0.4 0 0 0.6000000000000001 0 0 0 0.2 0 0 0 0.4 0 0.6000000000000001 0 0 0 0 0 0 0 0 1 0 0 0 0 0 0.4 0 0 0 0 0 0.2 0 0 0 0.2 0.6000000000000001 0.6000000000000001 0 0 0.4 0 0 0 0 0 3.8000000000000003 6.4 5 2 2.4000000000000004 13.600000000000001 0 2.2 2 0.4 1 0 6.6000000000000005 2.2 5 3.8000000000000003 5.2 0 0.2 0 0 0 0 0 0 0 0 0 0 0 0 0 0 0 0 0.2 0 2.2 1.8 0 0 0 0 0 0 0 0 0 0 0 0 0 0 0 0 0 0 0 0 0 0 0 0 0 0 0 0 0 0 0 0 0.2 0 0 0 0 0 0 0 1.8 2.6 2.8000000000000003 3.2 3.4000000000000004 1.2000000000000002 0 6.800000000000001 0 1.4000000000000001 2.4000000000000004 3 2.4000000000000004 0 2 0 5 2.4000000000000004 0 0 0 0 0 0 0 0 0 0 0 0 0 0 0 6.800000000000001 0 0 0 0 0 4.4 0 0 0 0 0 0 0 0 0 0 0 0.4 2.6 0 0 0 0 0.4 0 0 0 0 0 0.2 0 0 2 0 0 0 0 0 0 0 2 0 0 0 0 0 0 0 0 0 0 0.4 0 0.4 17.8 0 4.6000000000000005 1 0 0 0 0 0 0 0 0 0 0 0 0 0 0 0 0 0 0 0 0 0 0 0 0 2 0 0 0 0 0 0 0 0 0.2 0 0 0 0 
 13.200000000000001 72.8 26.400000000000002 0 15 42.400000000000006 23 32.800000000000004 30.400000000000002 32 38.800000000000004 5.4 11.200000000000001 18.8 9.200000000000001 29.200000000000003 18.400000000000002 23.8 12.4 13.4 0 0 15.200000000000001 0 0 0.4 0 0.2 0 0.4 0 0.6000000000000001 0.8 0.2 0 0.6000000000000001 0 0 18.8 14.600000000000001 12 0 0 0.4 1 0.6000000000000001 0.2 0 0 0 0 0 0 0 0 0 0 0.2 0 0 0.4 0.2 0 0 0 0 1 1 0 0 0.6000000000000001 0 1.4000000000000001 0 0 0 0 0 0 0 0 2.8000000000000003 6.2 2.4000000000000004 5.6000000000000005 4 0.4 0 0 0 3.4000000000000004 1 0 2.2 0 3.4000000000000004 12.200000000000001 4.800000000000001 0 0 0 0 0.4 0 0 0 10.200000000000001 0 0 0 0 0 5.800000000000001 4.2 4.2 0.2 0 0 0 16.6 0 0 0 0 0 0 0 0 0 0 0 0 0 0 0 0 0 0.4 0 0 0 0 0 0 0 0 0 0 0 0 0 0 0 0 0 0 0 0 0 0 0 0.8 0 0 6.2 0 2.6 3.8000000000000003 6 5.4 0.6000000000000001 0 0 3.8000000000000003 0 0.2 0 2 0 0 2.8000000000000003 0 0 2.6 0 0.4 0.4 0 0 0 0 0 0 5 1.8 1.8 2 0 0.2 0 0 0 0 0 0 0 0.4 0.2 1.8 0 0 0 0 0 0 0 0 0 0 0 1.6 0 0 0 0 0 0 0 0 0 0 0 0 0 0 0 6.4 0 0 0 0 0 0 0 0 0 0.4 0 0.6000000000000001 0.4 0.4 1 0 0 0 0 0 0 0 0 0 0 0 0 0 0 0 0 0 0 0 0 0 0 0 2 3 0 0 0 0 0 0 0 0 0 0 0 0 0 
 62.800000000000004 26.400000000000002 11.4 15 0 32.800000000000004 27 80.4 20 34.4 36 43.2 15.600000000000001 43.800000000000004 33 31.400000000000002 12.200000000000001 6.6000000000000005 11.4 18.400000000000002 0.2 14.600000000000001 0.4 0 0 0 15 15 0.4 0 0 0 15 0 0 0.6000000000000001 0 0 0 14.8 0 0 0 0.4 0 0.6000000000000001 12.4 0 0 0 0 0 0 0.4 0 0 0 0 0 0 0.4 1.4000000000000001 0 0 0 0 0.6000000000000001 1.2000000000000002 0 0 0 0.4 0.6000000000000001 0 0 0 0 6.4 0 0 1.6 0.2 0.4 0.2 3.8000000000000003 5.800000000000001 3.4000000000000004 0 0 5.2 0 6 0 4.6000000000000005 4.800000000000001 0.2 0 5.2 0 0 2 2.2 2.2 0 0 0 0 9 7.2 0.2 0 0 2.8000000000000003 1.8 0 0 7.6000000000000005 1.8 4.4 2 0 0 0 0 0 0 0 0 0 0 0 0 0 0 0 0 0 0 0 0 0 0 1.2000000000000002 0 1.2000000000000002 0.2 0 0 0.4 0 0 0 0 0 0 2.2 0 0.2 0 0 0 3.4000000000000004 0 2.2 7.2 0 0 0 6.800000000000001 2.2 2.6 8.8 0 0 2 0 5.800000000000001 3.6 0 0 4.6000000000000005 0 0 0 0 0.4 4.800000000000001 0 0 0 0 0 2.2 2.2 2.4000000000000004 0.8 0 2 3.8000000000000003 9.200000000000001 0 0.4 0.6000000000000001 0 0 0 4 0 0 0 0 0 0 0 0 0 0 0 0 0 3.8000000000000003 0 0 0 0 0 0 0 0 0 0 0 6.2 0 0 0 0 0 0.2 0 0 0 0 0 0 0.2 17.8 0 0 0 0 1 0 0 0 0 0 0 0 0 0 0 0 0 0 6.4 0 0 0 0 0 0 0 0 0 0 0 0 0 0 0 0 0 0 0 0 0 0 0 0 
 12 22.6 23.400000000000002 42.400000000000006 32.800000000000004 0 10 24.6 71.4 28.6 12.8 73.2 6.2 9.600000000000001 11.200000000000001 35.6 15.4 54.400000000000006 15 13.4 0 24.400000000000002 0.2 0 0 0 15.200000000000001 0.2 0 0 0 0 4 0 0.2 0.6000000000000001 0 0 15.600000000000001 29.8 0 0 0 0.4 0 0.6000000000000001 0 0 0 0.4 0 0 0 0 0 0 0.4 0 0.2 0 0.4 0 0 0 0.4 0 0.2 0 0 0 0.2 0 0.6000000000000001 0 0 0 0 0 0 0 0 0 5.800000000000001 6.6000000000000005 6.2 1.8 0 0 1.8 0.2 0 7 0 2.4000000000000004 2.2 0.2 12 0 0 0 0 0 0 1.8 0.4 1.8 7 0 3 0 0 0 5 2 0 1.8 0 0 6.2 4.6000000000000005 0 0 0 0 0.4 0 0 0 0 0 0 0 0 0 0 0 0 0 0 0 0 0 0 0 0 0 0 0 0 0.4 0 0 0 0.2 0 0 0 0 0 0 3 2 0 0 7.2 5.6000000000000005 0 1.6 1 1 3.4000000000000004 2 3.4000000000000004 0 0 0 0 0 0 0 0 2.4000000000000004 0 0 0 0 2.6 5 3.8000000000000003 0 0 0 0 4 2 1.8 0 0.2 3.2 4.4 0.4 0 0 0 0 0 0 0 0 0 0 0 0 0 0 0.2 0 0 0 0 0 0 0.4 0 0 0 0 0.4 0 0 0 0 0 3.4000000000000004 0 0 0 0 0 0 0 0 0 0 0 1.4000000000000001 0 0 1.8 1.2000000000000002 0.2 1.2000000000000002 0 0 0 0 0 0 0 0 0 0 0 0 0 0 0 0 0 0.2 0 0 0 0 0 0 5 0 0 0 0 0 0 0 0 0 0 6.6000000000000005 0 0 
 99.2 20 40.400000000000006 23 27 10 0 16.2 45.400000000000006 8 2.6 49.400000000000006 113.80000000000001 67 87.4 44.6 55.2 7.2 29 54.400000000000006 0 0 0.4 14.8 0 0.2 0.4 0 0.2 0.2 0 0.8 0.4 0 0 0.6000000000000001 0 0.2 0 0.4 0 0 0 0.4 0 0.6000000000000001 0 0 0 0.2 0 0 0 0 0 0 1.2000000000000002 0 0 0 0.4 0 0 0 1 0 0.4 0 0 0 0 0 1.2000000000000002 0 0 2.2 0 0 0 0 6.800000000000001 2 3.6 2.2 0 0 7.800000000000001 3.8000000000000003 9.8 0 6.2 1.4000000000000001 0 0 6.6000000000000005 6 2 0.4 5.2 4.2 0 0 0 0 0 0 0 0 0 0 0 0 0 1.4000000000000001 0 0 9.200000000000001 0 0.6000000000000001 0 0 0 0 0 0.4 0.2 0 0 0 0 0 0 0 0 0 0 0 0 0 0 0 0 0 0 0 1 0 0 0 0.4 0 0 0 0.2 3.8000000000000003 3.8000000000000003 0 0 0 0 2.2 0 4.6000000000000005 4 0.2 1.6 0.2 6.6000000000000005 4 0 1.6 4 1.8 2.4000000000000004 0 1.8 5.2 1.6 3.8000000000000003 0 0 0.4 0 0 0 0 0 0 0 0 0 0 0 0 0 0 0 0 0.2 0 0 0 0 0 0 0 0 0 0 0 0 0 0 0 0 0 0.2 0 0 0 0 0 0 0 0 0 0 0 0 0 0 0 0 0 0 0 0 0 0 0 0 0 0 0 0 0 0 0 0.2 0.4 5.6000000000000005 0.8 0 0 3.6 0 0 0 0 0 0 0 0 0.2 0 0 0 0 0 0 0 0 0 0 0 5.2 0 3.2 0 0 0 0 0 0 0 0 0 0 0 0 
 36 61 52 32.800000000000004 80.4 24.6 16.2 0 33.800000000000004 34.2 51.2 34.6 39.2 19 30.6 66.60000000000001 24.400000000000002 4.2 49 13.4 0.2 0.6000000000000001 0.2 0.8 0 0.2 0 0.4 0 0 0 0.6000000000000001 0.4 0 0.4 0.6000000000000001 0 0.4 29.8 0 0.4 0 0 0.4 0 0.6000000000000001 0 0.4 0 0 0 0.2 0 0 0 0 0 0 0 0 0.4 0.4 0.4 0 0.8 0.6000000000000001 0 1.6 0 0.4 0.6000000000000001 0.6000000000000001 0.8 0 0 0 0 0 0 0 4.4 2.6 4 4.6000000000000005 7.4 0.6000000000000001 4.4 0 4.800000000000001 2.6 2.6 3 3 1.6 5.6000000000000005 5.6000000000000005 3 0 4 3.8000000000000003 0 0 0 0 0 0 0 0 0 0 0 0 6.2 0.2 0 0 0 0 3.6 2.6 0 0 0 0 0 0 0 0 0 0 0 0 0 0 0 0 0 0 0 0 0 0 0.6000000000000001 0 0 0 0 0 0 0 0 0 0 0 0 0 0 0 2 0 4.800000000000001 3 2.2 0 8.4 1 0 2.2 4.800000000000001 0.6000000000000001 0 5.2 1.8 0 2 2 0 0 0 2 0 0 0 0 0 0 2.2 0 0 0 0 0 0 4.2 0 0 0 0 0 0 1.8 0 0 0 0 0 0 3 0 0 0 0 0 0 0 0 0 0 0 0 0 0 0 0 0 0 0 0 0 0 0 0 0 0 0 0 0 0 0 0 0 0 0 0 0 0.4 0.2 0.4 0.4 0 0 3.4000000000000004 0 0 0 0 0 0 0 0 0 0 0 0 0 0 0 0 0 0 0 0.2 0 0 0 0.2 0 0 0 0 0 0 0 0 0 0 0 0 0 0 
 11.600000000000001 15.600000000000001 21.8 30.400000000000002 20 71.4 45.400000000000006 33.800000000000004 0 47.2 10.200000000000001 9.200000000000001 72.2 128.6 37 16.8 71.2 9.200000000000001 58 58.400000000000006 0 0 0.2 14.600000000000001 0 0.2 0.4 0.4 0 0 0 0 0.4 0 0.4 1 0 0 2.2 0 0 0 0 0.4 0 0.6000000000000001 0 0.4 0 0 0 0 0 0 0 0 0 0 0 0 0.4 0 0 0 0 0 0 0 0 0 0.6000000000000001 0 0.6000000000000001 0 0 0.6000000000000001 0 0 0 0 6 8 11.4 4.4 8.6 4.800000000000001 7.6000000000000005 0 7 2.4000000000000004 0 2.6 1 6 5.4 6.800000000000001 5.4 3 8.200000000000001 8.200000000000001 0 0 0 0 0 0 1.6 0 0 0 0 0 0 0.2 0 1.4000000000000001 0 0 4.2 7 0 0 0 0 0 0 0 0 0 0 0 0 0 0 0 0 0 0 0 0 0 0 0 0 0 0 0 0 0 0 0 0 0 0 0 0 0 0 0 0 0 1.6 3.2 3.8000000000000003 2.6 0.2 0.2 2.2 8.8 4 2.4000000000000004 0.2 0 2.4000000000000004 2 0 2.6 3.4000000000000004 0 0 2.2 0 0 0 0 0 0 0 0 0 0 0 0 2.8000000000000003 0 0 0 0 0 0 0 0.2 0 0 0 0 0 0 0 0 0 0 0 0 0 0 0 0 0 0 0 0 0 0 0 0 0 0 0 0 0 0 0 0 0 0 0 0 0 0 0 0 0 0 0 0 0 0 0.4 0.2 0 2 0 0 0 0 0.4 0 0 0 14.8 0 0 0 0 0 0 0 0 0 0 0 0 0 0 2 0 0 0 0 0 0 0 0 0 0 0 0 0 0 
 27.200000000000003 24.6 74.4 32 34.4 28.6 8 34.2 47.2 0 52.400000000000006 39 25.200000000000003 48.800000000000004 20.400000000000002 40 38.2 17.8 32 34.4 0 0 0.2 1 0 0 0 0.4 0 0 0.4 0 0.4 0 0 0.6000000000000001 0 0 0 0 0 0 0 0.4 0 0.6000000000000001 1.2000000000000002 0 0 0 0 0 0 0 1.2000000000000002 0 0 0 0 0 0.6000000000000001 0.4 0 0 0 0 0 0.2 0 0 0.6000000000000001 0 0.6000000000000001 0 0 0.2 0 0 0 0 0 0 1.8 3 5 4.6000000000000005 2.8000000000000003 0 0.2 0 8.6 11.200000000000001 2.6 7 0.6000000000000001 8 6.2 5.800000000000001 0 0 0 0 0 0 0 0 2.8000000000000003 0 0 0.2 0 0 0.2 2.8000000000000003 0 2.8000000000000003 0 0 3.4000000000000004 3 0 0 2 0 0 0 0 0 0 0 2.6 0 0 0 0 0 0 0 0 0 0 0 0 0 0 0 0 0 1.2000000000000002 0 0 0 0 0.2 0 0 0 0 0 0 3.6 6.4 0 0.2 5.4 1.2000000000000002 2.8000000000000003 4 6.4 7.2 4.6000000000000005 2.8000000000000003 2.2 2 2.4000000000000004 0 2.2 5.2 0 0.4 2.4000000000000004 0.2 3.2 0 0 0 0 0 0 0 0 0 0 0 0.2 0 0 0 5.6000000000000005 0.2 0.4 0 0 0 0 0 0 0 0 0 0 0 0 0 0 0 0 0 0 0 0 0 0.4 0 0 0 0 0 0 0 0 0 0 0 0 0 0 0 0 0 0 0 0 0 0 0 0.4 0.2 1.2000000000000002 0 4.4 1.8 0 0 0 0 0 0 0 0 0 0 0.2 0 0 0 0 0 0 0 0 0 0 0 0 2.2 1.8 0 0 0 0 0 0 0 0 0 0 0 0 0 
 67.2 50.800000000000004 28.8 38.800000000000004 36 12.8 2.6 51.2 10.200000000000001 52.400000000000006 0 77.80000000000001 20.8 24.400000000000002 16 33.6 38.2 45.6 23.400000000000002 30.400000000000002 14.8 0 0 0 0.2 0 14.8 0.2 0 0 0 0.4 0.4 14.8 0 0.8 0 0 14.600000000000001 0 0 0 0 0.4 0 0.6000000000000001 1.8 0 0 0 0 0 0 0 0.6000000000000001 0 0 0 0 0 0.4 0.2 0 0 0 0 1 1 0 0 0.4 0 1.2000000000000002 0 0 0 0 10 0 0 0.2 4.800000000000001 4 0 3.6 3.8000000000000003 6.2 2.2 0 3 5.4 0.2 1.4000000000000001 2.2 0 7.4 0.2 5.2 0 0 0 0 0 0 0 0 4.2 0 0 3.8000000000000003 0 0 4.6000000000000005 4.2 5.2 2 0.2 0 8.4 10 0 0 1.8 0 0 0 0 0 0 0 0 0 0 0 0 0 0 0 0 0 0 0 0 0 0 0 0 0 1.4000000000000001 0 0.8 0 0 0 0 0 0 0 0 0 0 2.4000000000000004 10.8 2.8000000000000003 3.2 0 1.8 0 3.2 6.800000000000001 4.800000000000001 0 0 2.6 0 0 2.6 3.4000000000000004 0 0 3 2.2 2.2 0 0 0 0 0 0 0 0 0 1.8 0 0.2 4 2 0 2.2 3.4000000000000004 0 0 0 0 0 0 0 1.4000000000000001 0 0 0 0 0 0 0 0 0 0 0 0 0 0 0 0 0 0 0 0 0 0 0 0 0 0 0 0 0 0 0 0 0 0 0 0 0 0.6000000000000001 0.4 0 17.400000000000002 0.2 0 1 0.2 0 0.4 0 0 0 0 0 0 0 0 0 0 0 0 0 0 0 0 0 0 0 0 2.2 5.4 0 0 0 0 0 0 0 0 0 0 0 0 0.4 
 75.2 73 86.60000000000001 5.4 43.2 73.2 49.400000000000006 34.6 9.200000000000001 39 77.80000000000001 0 6.800000000000001 21.6 51.800000000000004 40.6 59.800000000000004 29.400000000000002 6.6000000000000005 21 18.400000000000002 0 0 0 0 14.4 15.600000000000001 0.2 0 0.2 1 0 0.4 14.4 0 0.8 0 0 23.200000000000003 0 0 0 0 0.4 0 0.6000000000000001 0 0 0 0 0 0 0 0 0.4 0 0 0 0.4 0 0.4 2 0 0 0 0 0.4 2 0 0 0 0 0.6000000000000001 0 0 0 0 10.8 0 0 0 2.8000000000000003 0 0 6.2 3.2 3.6 0 2.2 3.6 4.4 2.8000000000000003 0 3.2 4.800000000000001 9.200000000000001 1.6 4.800000000000001 0 0 0 0 0 0 0 0 0 0 0 4.800000000000001 0 0 10.8 2 0 5.4 0 0 4.800000000000001 6.4 0 0 0 0 1.6 0 0 0 0 0 0 0 0 0 0 0 0 0 0 0 0 0 0 0 0 0 0 0 0.6000000000000001 0 1.2000000000000002 0 0 0 0 0 0 0 0 0 2.4000000000000004 6.2 0 0 6.2 1.2000000000000002 2.8000000000000003 2.6 13.8 10.200000000000001 3 3 2.6 2 0 0 2 2 0 0 2.6 2.2 2 0 0 0 6 0 0 0 0 0 3.6 0 0.2 2.8000000000000003 1.8 0 2.4000000000000004 3.4000000000000004 0 0 0 0 0 0 0 0 0 0 0 0 0 0 0 7 0 0 0 0 0 0 0 0 0 0 0 0 0 0 0 0 0 0 0 0 0 0 0 0 0 0 0 0 0 0.4 0.2 0 0.6000000000000001 0.8 4.2 2.4000000000000004 0 0.4 0 0 0 0 0 0 0 0 0 0 0 0 0 0 0 2.6 0 3 0 0 0 1.8 1.8 0 0 0 0 0 0 0 0 0 0 0 0 0 
 30 12.200000000000001 15.200000000000001 11.200000000000001 15.600000000000001 6.2 113.80000000000001 39.2 72.2 25.200000000000003 20.8 6.800000000000001 0 36.4 15.8 57.800000000000004 67.8 18.8 22 38 0 0.2 0 0.2 0 0.6000000000000001 0 0 0 0 0 0.4 0.4 0 0 0.6000000000000001 0 0 0.4 0 0 0 0 0.4 0 0.6000000000000001 0 0 0 0 0 0 0 0 0 0 0 0 11.600000000000001 0 0.4 0 0 0 0 0 0.6000000000000001 0 0 0 0 0.4 7.6000000000000005 0 0 0 0 0 0 0 11.600000000000001 5 0 3 0 0.4 7.4 4.4 10.200000000000001 2.6 3.2 0.2 0 0.2 6.6000000000000005 4.2 0 0 5.800000000000001 7 0 0 0 0 0 0 0 0 0 0 1.6 0 0 0.2 0 0 0.2 0 0.2 0 0 0 0 0 0 0 0 0 0 0 0.2 0 0 0 0 0 0 0 0 0 0 0 0 0 0 0 0 0 0 0 0 0 2.8000000000000003 0 0 0 0 8.200000000000001 0 0 0 4.4 7.800000000000001 5.2 0.2 0.6000000000000001 3.4000000000000004 4.6000000000000005 0.2 0 1.4000000000000001 2.2 0 0 5.2 3.4000000000000004 4 4 3 5.800000000000001 0 0 0 0 0 0 0 0 0 0 0 0 0 0 0 0 0 0 0 0 0 0 0 0 0 0 0 0 0 0 0 0.4 0 0 0 3.2 0 0 0 0 0 0 0 0.2 0 0 0 0 0 0 0 0 0 0.2 0 0 0 0 0 0 0 0 0 0 0 0 0.8 0 0.2 0.4 0 0.8 0 0 0 0 0 0 0 0 0 0 0 0 0 0 0 0 0 0 0 0 0 0 0 2.2 0 0 0 0 0 0 0 0 0 0 0 0 0 0 
 115.4 46.6 68.4 18.8 43.800000000000004 9.600000000000001 67 19 128.6 48.800000000000004 24.400000000000002 21.6 36.4 0 22.200000000000003 45.400000000000006 114.60000000000001 8.8 81.80000000000001 44.2 5.2 0 0.2 0 0 0.2 0.4 0.2 0 0 0 0.2 0.4 0 0 0.6000000000000001 0 0.8 0 0 0 0 0 0.4 0 0.6000000000000001 0.4 11.4 0 0 0 0 0 0 1.2000000000000002 0 0 0.2 5.800000000000001 0 0.4 1 0 0 0 0 0 0 5.800000000000001 0 0.6000000000000001 0 0.6000000000000001 0 0 0 0 0 0 0 7.800000000000001 2 0 6.4 1.4000000000000001 0.4 9.600000000000001 1.8 16.400000000000002 0.2 4 1.4000000000000001 4 10.4 11.600000000000001 6.2 2.8000000000000003 4.2 5.2 0.2 0 0 0 0.4 0 0 0 0 0 0 0 0.4 1.8 0 0 0 0 0 4.800000000000001 0 0 0 0 0 0 0 0 0 0 0 0 0 0 0 0 0 0 0 0 0.2 0 0.4 1.2000000000000002 2 1 0 0 0 0 0 0 0.4 0 0 0 0 0 0 0 0 2.6 3.8000000000000003 2 4 0.2 1.6 0 1.8 0 1 2 7.800000000000001 2 0 1.4000000000000001 0 7.800000000000001 6.6000000000000005 0 0 0 0 0 0 0 0 0 0.2 0 3.4000000000000004 0 0 0 0 0 0 0 0 0 0 0 0 0 0 0 0 0 0 0 0 0 0 0 0 6.4 0 0 0 0 0 0 4 0 0 0 0 0 0 0 0 0 0 0 0 0 0 0 0.4 0 0 0 0 0 0 0 0 9 0 0.2 0 5.4 2.4000000000000004 0 0 0 0 0 0 0 0 0 0 0 0 0 0 0 0 0 0 0 0 0 6.4 0 0 0 0 0 0 0 0 0 0 0 0 0 0 0 0 
 44.800000000000004 12 30.400000000000002 9.200000000000001 33 11.200000000000001 87.4 30.6 37 20.400000000000002 16 51.800000000000004 15.8 22.200000000000003 0 34.6 35.4 8.8 80.2 38 0 0 0 0.8 0.4 0 0 0 0 0 0.2 0 0.4 0 0 0.6000000000000001 0 0.4 0 0 0 0 0 0.4 0 0.6000000000000001 0 0 0 0 0 0 0 0 0 0 0 0 0 0 0.4 0 0 0 0.8 0 0.4 0 0 0 0.2 0.2 0.6000000000000001 0 0 0 0 10.4 0 0 4.4 2 1.6 0 2.4000000000000004 0 3.8000000000000003 6.800000000000001 4 2 2 0 0 0 2 5.6000000000000005 0 4.2 2.6 10.4 0 0 0 0 0 0 0 0 0 0 0 0 0 0 0 0 0 0 6 3.4000000000000004 2.8000000000000003 0 0 0 0 0 0 0 0 8.6 0 0 0 0 0 0 0 0 0 0 0 0 0 0 0 0.6000000000000001 0 0 0 0 0 0 0 0.2 0 0 0 0 0 0 0.4 3.8000000000000003 3 1.8 0 0 2 0.2 5 0 1.8 2.2 3.8000000000000003 2.6 3 7 0 0 0 1.4000000000000001 0 0 0 0 0 0 0 0 0 0 0 0 0 0 0.2 0 0 0 0 3.4000000000000004 0 0 0 0 0 0 0 0 0 0 0 0.4 0 0 0 0 0 0 0 0 0 0 0 0 0 0 0 0 0 0 0 0 0 0 0 0 0 0 0 0 0 0 0 0 0 0 0.4 0 0 0 0 0.8 0 0 0.2 0 0 0 0 0 0 0 0 0 0 0 0 0 0 0 0 0 0 0 0 3.6 0 2.4000000000000004 0 0 0 0 0 0 0 0 0 0 0 0 
 4 25.6 67.2 29.200000000000003 31.400000000000002 35.6 44.6 66.60000000000001 16.8 40 33.6 40.6 57.800000000000004 45.400000000000006 34.6 0 50.400000000000006 43 56.400000000000006 16.2 0 0 13.200000000000001 0 0 0 0 0.2 0 0 0 0 16 0 0 0.6000000000000001 0 15.600000000000001 30.8 21.6 0 0 0 0.4 1.2000000000000002 0.6000000000000001 0 0 0 0.2 0 0 0 0 1.4000000000000001 0 0 0 0 0 0.6000000000000001 0 0.2 0 0 0 6.2 1 0 0 0.6000000000000001 0 0.6000000000000001 0 0 0 0 6.4 0 0 0.2 8.4 0 8.8 1 2 3.2 0 0 0.6000000000000001 0.2 2 0 1.4000000000000001 0 0.4 0.8 7.6000000000000005 0 0 0 0 0 0 0 0.2 0 0 0 0 0.4 0 5.6000000000000005 3 4.4 0 0 0 9.200000000000001 6.6000000000000005 0 0 0 2.2 0.2 0 0 0 0 0 0 0 0 0 0 0 0 0 0 0 0 0 0.2 0 0.2 0 0 0.4 0 0 0 0 0.8 0.4 0 0 0 0 0 0 0 1.6 2.8000000000000003 7.6000000000000005 6.800000000000001 8 0.2 2.4000000000000004 0 0 0 9.600000000000001 0 0.2 0 0 3.2 0 0 0 0 0 0 0 0 0 0.2 5.4 0 0 0 0 0 6.6000000000000005 0 0 2.4000000000000004 0 0.4 3.6 0 0 0 0 0 0 0 0 0 0 0 0 0 0 0 0 0.4 3.6 0 0 0 0 0 0 0 0 0 0 0 0 0 0 0 0 0 0 3.2 0 0 0 0 2 0 0 0 0.4 0.6000000000000001 0 17.2 0.6000000000000001 2.2 0.8 0.4 0 0 0 0 0 0 0 0 0 4.2 0 0 0 0 0 0 0 0 0 0 0 0 0 3 0 0 0 0 0 0 0 0 0.6000000000000001 0 0 0 0 
 62.400000000000006 36.4 28.200000000000003 18.400000000000002 12.200000000000001 15.4 55.2 24.400000000000002 71.2 38.2 38.2 59.800000000000004 67.8 114.60000000000001 35.4 50.400000000000006 0 147.6 68.4 47.6 0.6000000000000001 0 0 0 0.4 0.6000000000000001 0.6000000000000001 0.2 0 0 0 0 13 0 0 0.6000000000000001 0 1.2000000000000002 0.4 0 0 0.4 0 0.6000000000000001 1.2000000000000002 0.8 0 0 0 0 0 0 0 0 0 0.6000000000000001 0 0.4 0 0 0.4 2 0 0 0.4 0 1 11 0 0.6000000000000001 0.6000000000000001 0.4 0.6000000000000001 0 0 0 0 0.6000000000000001 0 0.4 3.6 5.4 10.8 0.2 0 3.6 0 2.4000000000000004 3.2 6.2 7.4 5.800000000000001 3.4000000000000004 6.4 4.4 0.2 0 9 2.4000000000000004 0.4 0 0 0 0 0 0 0 0 0 0 0 0 0.2 0.2 0 0 0 0 3.2 0 0 0 0.2 0 0.2 0 0 0 0 0 0 0 0 0 0 0 0 0 0 0 0 0 0 0 0 0 0 0 0 0 0 0 0 0 0 0 0 0 0 0 0 4.2 0 0 5.4 4.2 3.2 0 6 4.800000000000001 0 2.4000000000000004 3.8000000000000003 2.2 5.4 2.6 2.6 2.4000000000000004 3.8000000000000003 1.4000000000000001 0 0 0 0 0 0.2 7.4 3.2 0 0 0 0 0.2 0 0 0 0 0 0 0.2 0.2 0 0 0 0 0 0 0 0 0 0 0 0 0 0 0.4 0 0 0 0 0 0 0.2 0 5 0 0 0 0 0 0 0 0 0 0 0 3.6 0 0 0 0 1 0 0 0 0.4 0 0 9 0 4 1 0 0 0 0 0 0 0 0 0 0 3.4000000000000004 0 0 0 0 0 0 0.4 0 0 0 0 0 0 1.4000000000000001 0 0 0 0 0 0 0 0 0 0 0 0 0 
 51 59.6 70 23.8 6.6000000000000005 54.400000000000006 7.2 4.2 9.200000000000001 17.8 45.6 29.400000000000002 18.8 8.8 8.8 43 147.6 0 48 5.6000000000000005 14.600000000000001 0.4 0.2 0.2 0 0 0.6000000000000001 0.4 0 15.200000000000001 0.4 0.4 30 0.4 14.600000000000001 0.6000000000000001 0.4 0 0.4 0.2 0 0 0 0.6000000000000001 0 0.6000000000000001 0 0 0 0 0 0 0 0 1 0 0 0 12.4 0 0.4 0 1.6 0 0 0 1.4000000000000001 0 0 0.8 0.6000000000000001 1.4000000000000001 0.6000000000000001 0.6000000000000001 0 0 0 2.4000000000000004 0 0 0 0.2 0.4 0 1.6 2.2 2.8000000000000003 0 12.200000000000001 0 5 2.2 0 1 3 0 0 0.8 2.4000000000000004 0 0 0 2.6 0 0.4 0 3.2 0 0 0 0 0 0.6000000000000001 4.2 3.8000000000000003 0 0 0 3.6 0.2 0 0 0 0 0 0 0 0 0 0 0 0 0 0 0 0 0 0 0 0 0 0 0 0 0 0 0 0 0 0 0 0 0 0 0 0 0 0 0 0.4 0.2 1.6 0 0 2.4000000000000004 3.8000000000000003 3 0 12.4 2.6 0 2 0 2 0 0 5.800000000000001 4.800000000000001 0 4.2 0 0.4 3.2 0 0 0 2.6 1.2000000000000002 0 0 0 0 0 0.4 0 0 2.8000000000000003 2 0 0 0 0 0 0 0.2 0 0 0 0 0 0 0 0.4 0 0 0 0 0 0 0 0 0 0 0 0 0 0 0 0.2 0 0.2 0 0 0 0 0 0 0 0 0 0 2.8000000000000003 0 0 0.2 0 19.8 0 9 21 6.6000000000000005 4 5.6000000000000005 0 0 0 0 0 0 0 0 0 2.8000000000000003 0 0 0 0 0 0 0 0 0 0 0.2 0 0 1.2000000000000002 0 0 0 0 0 0 0 0 0 0 0 0 0 
 54.6 27.6 6.4 12.4 11.4 15 29 49 58 32 23.400000000000002 6.6000000000000005 22 81.80000000000001 80.2 56.400000000000006 68.4 48 0 17.6 0 0 0 0 0 0 0 0 0 0.2 7.6000000000000005 0 0.4 0 0 0.6000000000000001 0 0 0 0 0 0 0 0.4 0 0.6000000000000001 16.2 0 0 0 0 0 0 0 0.2 0 0 0 0 0 0.4 0 0 0 0 0 0.4 0 0 0 0 0.2 0.6000000000000001 0 0 0 0 0 0 0 4 5.2 6.800000000000001 0 0 0 0.8 10.600000000000001 0.4 6.800000000000001 9.600000000000001 0.2 5.6000000000000005 0 0 0.2 0 1.8 3 8.200000000000001 0 0 0 0 0 0 0.2 0 0 0 0.2 0 0 0 0 0 0 0 0 0 0 0 0 0 0.2 0 0 0 0 0 0 0 0 0 0 0 0 0 0 0 0 0 0 0 0 1.2000000000000002 0 0 0 0.2 0 0 0 0.2 0 0 0 0 0 0 0.2 0 2.8000000000000003 3.8000000000000003 0 0 0 2.6 0 1.2000000000000002 7.2 0 3.8000000000000003 0 6 4.2 4.2 3.6 0.2 2.2 0 3.4000000000000004 0 0 0 0 0 0 0 0 0 0 0 0 0 4 0 0 0.4 0 0.2 0 0 0 0 0 0 0 0 0 0 0 0 0 0 0.4 0.4 0 0 0 0 0 0.2 2.4000000000000004 0 0 0 0.2 0 0 0 1.4000000000000001 0 0 0 0 0 2.4000000000000004 0 0 0 0 0 0 0 0 0.4 0 0.4 0.4 0.2 1.6 0 0 0 0 0 0 0 0 0 0 0 0 0 0 0 0 12.200000000000001 0.4 0 0 0 0 0 0 0 0.4 0 0 0 0 0 0 0 0 0 0 0 0 
 54.800000000000004 49.400000000000006 31 13.4 18.400000000000002 13.4 54.400000000000006 13.4 58.400000000000006 34.4 30.400000000000002 21 38 44.2 38 16.2 47.6 5.6000000000000005 17.6 0 0.4 0 0.6000000000000001 0 0 0.4 0 0.2 0 0 0 0 0.4 0 0 0.6000000000000001 0 0 0.6000000000000001 0 0.4 0 0.2 0.4 0 0.6000000000000001 1 0 0 0 0 0 0.2 0.4 1 0 0 0.2 0 0 0.4 0 0 0 0 0 0.2 0.8 0 0 0.4 0 0.6000000000000001 0 0.2 0.2 0 0.6000000000000001 0 0 3.6 0.2 0 0.6000000000000001 2.2 0 2 10.600000000000001 5 0 5.2 0 0.2 3.4000000000000004 2.8000000000000003 3.4000000000000004 3.8000000000000003 0 0 0.4 0 0 0 0 0 0 0 0 0 0 0 0 0 0 0.4 0 0 0 4 0 0 0 0 0 0 0 0 0 0 0 0 0 0 0 0 0 0 0 0 0 0 0 1.2000000000000002 0 1 0 0 0 0 4.800000000000001 0 2 0 0 0 0 0 0 0 0.4 4.2 0 0.4 1.4000000000000001 0 0 6.6000000000000005 7.800000000000001 0 0 6 6 6 2.8000000000000003 0 2.6 6.4 3.6 0 0 0 0.4 0 0 0 0 0 0 0 0 0.6000000000000001 0 0 0 0 0 0 0 0 0 0 0 0 0.2 0.2 0 0 0 0 0 0 0 0.4 0 0.2 0 0 0 0 0 0 0 0 0 0 2.4000000000000004 0 0 0.2 2.8000000000000003 0.2 0 0 0 0 0 0 0 0 0 0 0 0 0 0.2 0 9 0 0 0 0 1.4000000000000001 0 0 0 0 0 0 0 0 0 0 0 0 0 0 0 0 0 0 0 0 0 0.2 0 3.4000000000000004 0 0 0 0 0 0 0 0 0 0 0 0 0 0 
 0 0 0 0 0.2 0 0 0.2 0 0 14.8 18.400000000000002 0 5.2 0 0 0.6000000000000001 14.600000000000001 0 0.4 0 48.6 32.4 15.200000000000001 38.400000000000006 6.2 89.2 51 40.2 15 26.400000000000002 22.200000000000003 14.4 34.2 38.2 23.8 7 23 53.2 19.8 0.6000000000000001 0.4 0.4 0 0 0.4 0.6000000000000001 12.4 0.2 0 0 12.600000000000001 0 0 0 0 0.4 0.4 0.2 0.6000000000000001 0 0 0 0 0 0 0.2 0 0 0 0 0 0 0.6000000000000001 0 0 0 0 0 0 0 0 0 0 0 0.4 0 0 0 0 0 2.8000000000000003 0 0 0 0.2 0 0 7.4 0 8.8 4.4 3.4000000000000004 4.4 2.4000000000000004 2.2 2 3.4000000000000004 0 6.800000000000001 0 0 2 6.2 0 7.4 4.2 4.800000000000001 0 0 0 0 0 0 0 0 2.2 0 0.2 0 0 0 0 3.4000000000000004 0 0 0 0 0.2 2.8000000000000003 0 0.4 0 0 3.6 0 0 0 1 0 1.6 0 0 0 1 0 0 0 0.2 0 0 0 0 0 0 2.8000000000000003 0.4 0 0.4 0 0 0 0 0.4 0 0 0 0 0 0 10.8 5.2 7.6000000000000005 2.4000000000000004 0 2.8000000000000003 2.4000000000000004 0.4 7.6000000000000005 7.4 12.600000000000001 4.6000000000000005 6.800000000000001 5.4 0 5.2 2 0.2 7.6000000000000005 0.2 0 0 0 0 0 0.4 0 0 0 0 0 0 0 0 0 0 0 0 0.6000000000000001 0 0.4 4.4 0 0 0 0 0 0 0 0 0 0 0 0 0 0 0 0 0 0 0 0.2 0 0 0 0 4.800000000000001 0 0 0 0 0 0 0 3.2 0.4 0 15.4 0.8 0 0 0 0 0 0 0 0 0 0 0 0 0 0 8.6 0 0 0 0 0 0 0 0 0 0 0 0 0 0 0 0 
 0.8 0 0 0 14.600000000000001 24.400000000000002 0 0.6000000000000001 0 0 0 0 0.2 0 0 0 0 0.4 0 0 48.6 0 33.4 62.6 17.8 5.4 42 49.400000000000006 34.6 80 37 29.400000000000002 54.2 27.6 76.60000000000001 52.400000000000006 24.8 27 12.8 19.400000000000002 0.8 0.4 0.4 0 0 0.4 0.6000000000000001 0 0 0 0 0 0 0 0 0 0.4 0.4 0 0.6000000000000001 0 0 0 0 0 0.4 0.2 0 0 0 0 0 0 0.6000000000000001 0 0 0 0 0 0 0 0 0 0 0 0 0 0 0 0 0 0 0 0 0 0 0 0 0 0 4.800000000000001 4.4 0 4.800000000000001 4.800000000000001 6.800000000000001 0 9 0 0 1.2000000000000002 0 0.4 0 0 0 2.4000000000000004 10.4 0 0 0.4 0 0 0 0 0 1.8 2 0 0.4 0 0 0 2 0.2 0 0 0 2.8000000000000003 2.4000000000000004 0 0 0 0 0.2 0 0 0 0 0 0 0 0 0.2 0 0 0 0 0 0 0 0 0 0 3.6 0 0 0 4.4 0 0 0 0 0 0 0 0 0 0 0 3.8000000000000003 0 3.8000000000000003 3.8000000000000003 2.4000000000000004 6 4 1.8 4.4 4 0.2 6 0.2 3.4000000000000004 5.6000000000000005 1.6 1.8 6.4 0 2.8000000000000003 0 0 3 0.2 0 0 1.8 0 0 0 2 0 0 0 0 0 0 0.2 0 0 0 0 0 0 0 0 0 0 0 0 0 0 0 0 0 0 0 0 0 0 0 0 0.2 0 0 0 0 0 0 0 0 0 0 0 3.6 0 0.2 0.6000000000000001 17 0 0.4 0 0 0 0 0 0 0 0 0 0 0 0 0 0 0 0 0 0 0 0 0 0 0 0 2.4000000000000004 0 0 0 0 
 0 0.2 0.4 15.200000000000001 0.4 0.2 0.4 0.2 0.2 0.2 0 0 0 0.2 0 13.200000000000001 0 0.2 0 0.6000000000000001 32.4 33.4 0 32.800000000000004 24.8 8.6 16 65.4 108.60000000000001 11.8 46.2 25.8 14 13.600000000000001 16.400000000000002 29 20.400000000000002 8.4 80.60000000000001 49.2 5.800000000000001 0.4 0.4 1.4000000000000001 0 0.4 0.6000000000000001 0 0 0 0 0 0 0 14.200000000000001 0 0.4 0.4 12.4 0.6000000000000001 0 0 0 0 0 0.8 0 0 0 0 0 0 0 0.6000000000000001 0 0 0 0.2 0 0 0 0 0 0 0 0 0 0 0 0 0 0 0 0 0 0 0 0 0 0 4.4 0 3 0 0 3.8000000000000003 3.6 7.2 2.6 8 4.800000000000001 2.2 0 0 5.2 3 6.800000000000001 4 0 0 2.8000000000000003 0 0 0 0 0 0 2 0 0 0 0 0 11 0 0 0 0 0 0 0 0 0.4 0 0 0 0.2 0 0 0 0 0 0.4 0 0 0 0.6000000000000001 0 0 0 0 0 0 0 0 0.4 0 0 0.2 0 0 0 0.2 0 0 0 0 0 0 1.4000000000000001 6 2.8000000000000003 5.2 3.8000000000000003 0 8.6 0 1.6 0 2.6 9.200000000000001 7.800000000000001 3.6 6 6.800000000000001 2 0.4 7 3.6 0 0 0 0 0 0 0 1.2000000000000002 0 0 0 0 0 2 2.4000000000000004 0 0 0 0 0 2 2.2 0 0 0 0 0 0 0 0 0 0 0 0.4 0 0 0 1.6 0 0 0 0 0 0 0 0 0 0.2 0 0 0 0 0 0 0 2.4000000000000004 0 0.4 0 0.2 0 0 2.4000000000000004 0 0.4 0 0 0 0 0 0 0 0 0 0 0 0 0 0 0 0 0 2.6 0 0 0 0 0 0 0 0 
 0 0.4 14.4 0 0 0 14.8 0.8 14.600000000000001 1 0 0 0.2 0 0.8 0 0 0.2 0 0 15.200000000000001 62.6 32.800000000000004 0 29.200000000000003 11.600000000000001 59.400000000000006 57 27.8 80.60000000000001 102.4 6 12.4 15 16 12.600000000000001 112.80000000000001 6.800000000000001 17.400000000000002 54.2 15.4 0.4 0.2 0 0 0.6000000000000001 0.6000000000000001 0.8 0.4 0 0 0 0 0 1.2000000000000002 0 1.4000000000000001 0.4 13.4 14 0 0 0 0 1.4000000000000001 1.2000000000000002 0 0 0 0 0 0 0 0.6000000000000001 0 0.8 0 0 0.2 0 0 0 2.2 2.2 0 0 2.4000000000000004 0 0 0 1 0 0.2 2.2 0 2.8000000000000003 1.8 1 0 2.8000000000000003 0 0 0 0 0.2 1.6 0 3.4000000000000004 6 0 5.4 6.2 0 0 0 0 0 0 2.4000000000000004 0 0 14.200000000000001 0.4 0.4 1 0 0 0 0 0 0 0 4 2 2.8000000000000003 0 0 0 1.4000000000000001 5 0 0 0 0 0 0 0 0 0 0 0 0 0.4 0 0.2 0.4 0.2 0 0 0 0 0 3.2 3.4000000000000004 0 0 0 0.2 0 0 5.4 1.4000000000000001 0 2 0 0 1.6 2.4000000000000004 0 0 0 0 0 0 0 2.2 0 0 0 0 2.2 3.8000000000000003 0 0 0 0 0 0 0.4 0 0.2 0 0 0 0 0 0 0 1.8 0 0 0 4.6000000000000005 6.6000000000000005 3.6 0.2 0 0.4 2.8000000000000003 7.4 0.2 0 0 0 0 0 0 0 0 0 0 0 0 0 0 0 0 3 0 0.2 0 0 1.4000000000000001 0 0 0 0 0 0 0 0 0 0 0 0.6000000000000001 0.4 0 0.4 15.4 0.4 0.6000000000000001 0.2 0 0 0 0 0 0 0 0 0 0 0 0 0 0.2 0 0 0 1.8 0 1 0 0 0 0 0 0 0 0 
 0 0.4 0 0 0 0 0 0 0 0 0.2 0 0 0 0.4 0 0.4 0 0 0 38.400000000000006 17.8 24.8 29.200000000000003 0 28 15.8 32.2 13.8 37.6 98.80000000000001 12 28.200000000000003 24.6 13 31 14.600000000000001 23.8 17.6 20.200000000000003 0.8 0.4 0.6000000000000001 5.2 0 0.2 0.8 0 0 15.4 0 0 12.4 0 6.4 0 0.4 13.8 5.2 1 0 0 0 0.6000000000000001 0 0 0.4 0 0 0 1 1 0 0.6000000000000001 0 0 0 0.4 0 0 0 0 0.2 0 0 0 0.2 0 0 0 0 0 0 0 0 0 0 0 0 0 2.6 1.6 0 0 0.2 1 0 4 0 0 3.8000000000000003 3.8000000000000003 0 2.8000000000000003 0 0 0 4 0 0 3.6 2.8000000000000003 2.4000000000000004 0.4 0 0 2.2 0.2 0 2.8000000000000003 0 0 4.2 2.2 0.6000000000000001 1.6 2.8000000000000003 1.4000000000000001 0 11.200000000000001 0 0 0 0.4 0 0 0 0.2 0 0 0 0 0 0 0 0.8 1.8 0 0 0 0 0 0 0 0 0 0 0 0.8 0 0 0 0 0 0 0 0 0 0 0 0 0 0 8.8 2.4000000000000004 1.8 0 0 0 1.4000000000000001 0 6.6000000000000005 0 0 0 0 0 0 0.4 0.6000000000000001 4.4 3.6 0 0 2 0 1.4000000000000001 3.6 2.2 0 0 0 4.6000000000000005 5.6000000000000005 4.4 0 0 0.4 3 3.6 0.6000000000000001 0 0 0 0 0 0 0 0 0 0 0 0 0 0 0 0 0 0 0 0 0 0 0 0 0 0 0 0 0 0 0 0 0 1.2000000000000002 0 0 1.4000000000000001 15 0.4 16.6 2.2 0 0 0 0 1.4000000000000001 0 0 0 0 0 0 0 0 0 0 0 0 0 0 2.2 0 0 0 0 0 0 0 0 
 0 0 0 0.4 0 0 0.2 0.2 0.2 0 0 14.4 0.6000000000000001 0.2 0 0 0.6000000000000001 0 0 0.4 6.2 5.4 8.6 11.600000000000001 28 0 5.2 6.6000000000000005 7.6000000000000005 10.600000000000001 24.6 11.4 6.4 13.600000000000001 9.4 13.8 13.8 54 51.2 14.600000000000001 4.4 3.8000000000000003 21.8 4 12.8 0.8 13.200000000000001 0 12.200000000000001 1.2000000000000002 0 0 6.2 10.8 25.400000000000002 0.6000000000000001 0.4 12.8 13.8 0.6000000000000001 0 0 1.2000000000000002 2 1.2000000000000002 0 1.4000000000000001 0 1 0 0.4 0.4 0.8 0.6000000000000001 0 0 0.2 0 0 0 0 1.6 0 0 0 0 0 0 0 2.4000000000000004 0.4 0.4 0 0 0.4 0.2 0 0 0 0 0 0 0 0 0 0 0 0 0 0 0 5.2 0 0 0 0 0 0 0.2 0 5.4 0 1.8 3.2 1.4000000000000001 0 2.8000000000000003 7 2.2 0.4 0 4 4 2.2 2.6 0.2 2.8000000000000003 2 1.6 0 0 0 0 0 0 0 0 0.2 0 1.2000000000000002 0 2 0 0 0 0 0 0 0 0 0 0 0 0 0 0 1.8 0.2 0 0 0 0 0 0 0 0 0 0.2 0 0 0 0 0 0.2 0 2 0 0 0 0.2 0 0 0 0 0 0 0 0 0 0 6.2 5.2 0 2.2 2 0 6.2 4.2 3.8000000000000003 6 0 0.8 4.4 3 0.8 0 1.8 2.4000000000000004 0.2 0 0 0 0 0 0 0 0 0 0 0 0 0.4 0 0 0 0 0 0 0.2 0 0 0 0 0 0 0 0 0 0 0 0 0 0 0 2.8000000000000003 1 0 0.8 1.2000000000000002 0 0.4 0 0 0 0 0 0 0 0 0.2 0 0 0 0 0 0 0 0.2 0 0 0 0 0 0 0 0 2.6 0 0 0.6000000000000001 
 0 0 0 0 15 15.200000000000001 0.4 0 0.4 0 14.8 15.600000000000001 0 0.4 0 0 0.6000000000000001 0.6000000000000001 0 0 89.2 42 16 59.400000000000006 15.8 5.2 0 33.2 23.200000000000003 61.400000000000006 22 29.8 46.6 29.8 8.8 16.2 7.2 49.400000000000006 9.600000000000001 17.6 0.4 12.600000000000001 0.4 0 0 0.4 0.6000000000000001 0 0.6000000000000001 0.6000000000000001 0 0 0 0 0 0 0.4 0.4 0.2 0.6000000000000001 0 0.2 0 0 0 0 9.8 0 0 0 0 0 0 0.6000000000000001 0.2 0 0 0 0 0 0 0 0 0 0 0 0 0 0 0 0 2.8000000000000003 0 0 0 0 0 0 0 0 7.4 3.4000000000000004 2 2.4000000000000004 2.2 4 2.6 3.8000000000000003 0.4 7.800000000000001 0 0 3.4000000000000004 5 0.4 4.800000000000001 2.2 7 0 0 0 0 0 0 0 0 0 0 0 0 0 0 0 0.2 0 0 0 0 0 3.2 0 0 0 0.2 0 0 0 0 1.2000000000000002 0 1.8 0 0 0 1 0 0 0 0 0 0 0 0 0 0 3 0 0 1 0 0 0 0 0 1 0 0 0 0 0 2.4000000000000004 3.6 5.6000000000000005 3.8000000000000003 2.4000000000000004 1.8 0 3 2.2 2.8000000000000003 2.2 5.2 6.2 2.2 1.4000000000000001 6 0.2 4 9 10.4 0 0 0 0 0 0 0 0 0 0 0 0 0 0 0 0 0 0 0 0 0.4 0 0 0 0 0 0 0 0 0 0 0 0 0 0 0 0 0 0 0 0 0 0 0 0 0 14.600000000000001 0 0 0 0 0 0 0 2.8000000000000003 0 0.2 0.6000000000000001 15.600000000000001 0.2 0.4 0.2 0 0 0 0 0 0 0 0 0 0 0 0 0 0 0 0 0 0 0 0 0.4 0 0 0 0 0 0 0 
 9.8 0.4 0.2 0.2 15 0.2 0 0.4 0.4 0.4 0.2 0.2 0 0.2 0 0.2 0.2 0.4 0 0.2 51 49.400000000000006 65.4 57 32.2 6.6000000000000005 33.2 0 19 19.6 8.200000000000001 7 33.6 34.2 20.8 41.800000000000004 31.8 39 28.200000000000003 38.6 0.4 0.4 1.8 0 0 0.2 0.6000000000000001 0 0 0 0 0 12.600000000000001 0.8 0 0 0.8 1.6 0 0.6000000000000001 0 0.4 0 0 0 4.800000000000001 0.4 0 1.2000000000000002 0 0.4 0 0 0.6000000000000001 0 0 0 0 0 0 0 0 0 0 0 0 0 0 0 0 0 0 0 2.6 0 0 0 0 0 0 1.2000000000000002 12.200000000000001 1.8 0 3 0 0 11.600000000000001 4.800000000000001 4.2 7.800000000000001 0.2 0 0.4 0 4.6000000000000005 6.4 12.200000000000001 0 0 0 0 0 0 0 0 0 0 0 0 0 0 0 0 0 0 0.2 0 3.4000000000000004 3 0 0 0 6.800000000000001 0.2 0 0 0 0 0 0 0 0.2 0 0 0 0 0 0 0.4 2.6 0 0 0 0 0 0 0 0.4 0 0 0 0 0 0 0 0 0 0 0 0 0 0 3 1.8 0.4 5 1.2000000000000002 4.4 0 0 0.2 3.4000000000000004 11.200000000000001 3.6 15.4 1.8 13.4 0.6000000000000001 7 0 0.4 0 0.2 0 1.6 0 0 0 0 0 0 0 0 0 0 0 0 1.4000000000000001 0 0 0 0 0 0 0 0 0 0.2 0 0 0 0 0 0 0 0 0 0 0 0 0 0 0 0 0.4 0 0 0 0 0 0 0 0 0.2 0.4 0 17.2 0.4 0 0.4 0.4 0 0 0 0.4 0 0 0 0 0 0 0 0 0 0 0 0 0 0 0 7.800000000000001 0 0 0 0 0 0 0 3.2 
 0 0 0.4 0 0.4 0 0.2 0 0 0 0 0 0 0 0 0 0 0 0 0 40.2 34.6 108.60000000000001 27.8 13.8 7.6000000000000005 23.200000000000003 19 0 29.8 61.2 39 34.800000000000004 68.2 43.6 61.800000000000004 84.60000000000001 37.800000000000004 66.8 54.800000000000004 0.4 0.4 0.4 0 0 0.4 1.6 0 0 0 0 0 12.4 0 0 0 0.4 0.4 0 0.6000000000000001 0 0 0 0 0 4.800000000000001 0 0 0 0 0 0 0 0.6000000000000001 0 0 0 0 0 0 0 0 0 0 0 0 0 0 0 0 0 0 4 0 0 0 0 0 0 0 4.2 0 3.2 7 0 1.8 0 1.4000000000000001 2.8000000000000003 2.4000000000000004 0 1.6 0 0.4 0 1.8 1.6 0.2 0 0.6000000000000001 0 0.2 0 0 0 0 2.2 0 0 0 0 0 0 4.4 1.4000000000000001 3.4000000000000004 0 0 3.8000000000000003 0 0 0 0 0 0 0 0 0 0 0 0 0 0.8 0 0 0 0 0 0 0 0 0 0 0 0 1 0 0 0 0 0 0 0 0 0 0 0 0 0 0 2.6 3 6.6000000000000005 0 3.8000000000000003 5.2 0 0 8.8 0 6 4 3 1.2000000000000002 4.6000000000000005 1.6 1.4000000000000001 0 0 0 0 0 0 0 0 0 2.4000000000000004 0 0 0 0 0 2.8000000000000003 0 0 0 0 0 5 2.6 0 0 0 0 0 0 0 0 0 0 0 0.2 0 0 0 0 0 0 0 0 0 0 1.8 0 0 0 0 0 0 0 0 0 0 0 2.2 0 0 2 0.2 0 0 2.4000000000000004 3 0 0 0 0 0 0 0 0 0 0 0 0 0 0 0 0 0 0 2 0 0 0 0.2 0 0 0 0 
 0 0 0 0.4 0 0 0.2 0 0 0 0 0.2 0 0 0 0 0 15.200000000000001 0.2 0 15 80 11.8 80.60000000000001 37.6 10.600000000000001 61.400000000000006 19.6 29.8 0 65 39.800000000000004 24.400000000000002 37.4 49.6 52.400000000000006 32.6 53.6 13.4 33.800000000000004 1.2000000000000002 0.8 0.6000000000000001 0 0 0.2 0.6000000000000001 0 0 0 0 0 12.600000000000001 0 0 0 1.4000000000000001 0.4 0.6000000000000001 0.6000000000000001 0 0 0 0 0 0 0.8 0 0 0 0 0 0 0.6000000000000001 0 0 0 0 0 0 0 0 0 0 4 0.4 0 0 0 0 0.4 0 0 0 0 0 0 0 0 0 5.800000000000001 9.200000000000001 0.4 2.2 5.2 5.2 0.2 3 0 6 0 0 1.4000000000000001 3 0 0 4 8.4 0 2 0 0 0 0 0 0 2.2 1.8 0 0 0 0 0.2 13.8 0 0 0 0 1.2000000000000002 7.800000000000001 0 0 0 1 0 0 0 0 0 0.4 0 0 0 0 0 0 0 0 0 0 0 2.8000000000000003 0 0 0 3.6 0 0 0.2 0 0 0 0 1.2000000000000002 0 0.4 2.2 0 5.4 0 1.8 0.2 10.600000000000001 5.2 1.8 2.4000000000000004 3.4000000000000004 0 2 4.6000000000000005 4.800000000000001 1.8 0 0 1.6 0 0.2 4 0 1.4000000000000001 0.2 0 0 0 0 0 0 0 0 0 0 0 4.2 0 2.6 0 0 0 1.8 1.8 0 0 0 0 0 0 0 0 0 0 0 0 0 0 0 0 0 0 0 0 0 0 0 0 0 0.2 0 0 0 0 0 0 0 0 9.600000000000001 0 1 32.6 3.2 0 0.4 0.4 0 0 0 0 0 0 0 0 0 0 0 2.2 0 0 0 0 0 0 0 0 0 0 0 0 0 0 0 0 
 0 0 0 0 0 0 0 0 0 0.4 0 1 0 0 0.2 0 0 0.4 7.6000000000000005 0 26.400000000000002 37 46.2 102.4 98.80000000000001 24.6 22 8.200000000000001 61.2 65 0 24.200000000000003 26.6 49.2 16.2 33.6 21.6 59.400000000000006 33.6 15.4 12.8 0.4 0.4 12.8 0 0.4 11.600000000000001 0 0 0 0.4 0 13 0 12.4 0 0.4 0.4 0.2 13 0 0 0 0 0 0 0 0.2 0 0 0 0 0 1.4000000000000001 0 0 0 0 0 0 0 0 0 0 0 0 0 0 0 0 0 0 0 0 0 0 0 0 0 0.2 1.6 2 3.2 1.4000000000000001 0 2 0 6.6000000000000005 3.8000000000000003 1.4000000000000001 4.6000000000000005 0 0 0 6 0.2 10.600000000000001 2.6 0 0 4 0.2 3.6 0 0 0 10.200000000000001 0 0 1.8 0 0 0 3.8000000000000003 0 0 0 0 0.4 1.2000000000000002 0 0 0 0 0 0 0 0 0 0 0 0 1.2000000000000002 0 0 0.4 0 0 0 0 0 0 0 0 0 0.2 0 0 0.4 0 0 0 0 0 0 0 0 0 0 0 2.4000000000000004 2.4000000000000004 2.4000000000000004 4.4 2.2 0.8 0 5.6000000000000005 1.4000000000000001 0 2.4000000000000004 4.800000000000001 2.6 2.8000000000000003 2.4000000000000004 2 4.6000000000000005 6.800000000000001 0.2 0 0.2 5.4 0.2 0 0 0 0 0 0 0 0 0 3.8000000000000003 0 0 0 0 0 5.800000000000001 5.6000000000000005 0 0 0 0 0 0 0 0 0 0 0 0 0 0 0 0 0 0 0 0 0 0 0 0 0 0 0 0 0 0.2 0 0.2 0 0 5.2 0.2 0.4 0 1.6 0.2 0.2 2.4000000000000004 0 0 0 0 0 0 0 0 0 0 0 0 0 0 0 0 0 1.8 0 4.6000000000000005 0 0 0 0 0 0 0 0 
 0 0 0 0.6000000000000001 0 0 0.8 0.6000000000000001 0 0 0.4 0 0.4 0.2 0 0 0 0.4 0 0 22.200000000000003 29.400000000000002 25.8 6 12 11.4 29.8 7 39 39.800000000000004 24.200000000000003 0 10 12 22 23.200000000000003 23.400000000000002 31.200000000000003 8.4 4.4 0.8 0.6000000000000001 2.8000000000000003 0 0 0.2 13 0 0 0 0 0 0.2 0 0 0 13 0.4 1.2000000000000002 0.6000000000000001 0 0 0 0 0 5.4 0.8 0 0 0 0 0 0.2 0.6000000000000001 0 0 0 0 0 0 0 0 0 0 0 0 0 0 0 0 0 0 0 0 0 0 0 0 0 0 8.200000000000001 2.6 0 2 7.6000000000000005 0.2 0 2.6 0 2.4000000000000004 0 0.2 0 0 0 0 2.4000000000000004 4.2 0 0 1.8 2.4000000000000004 2 0 0 0 0 0 2.2 1.4000000000000001 0 0 8.6 10.4 0 4.4 2.8000000000000003 0 4.2 13.600000000000001 0 0 0 0 0 0 0 1.2000000000000002 0 0 0 0 0 0 0 0.6000000000000001 1.6 0 0 0 0 0 0 0 0 5.2 0 0 0 0 0 0 0 0 0 0 0.2 0 0 0 1.4000000000000001 0 1.2000000000000002 6.4 0.4 4 0 0 3.2 4 7.2 7.2 2.4000000000000004 2.8000000000000003 3.4000000000000004 1.2000000000000002 1.8 3.4000000000000004 0 0 2 0 3.4000000000000004 0 0 0 1.2000000000000002 0 2.2 0 0 0 2 0 6.800000000000001 0.8 0 3.8000000000000003 3.6 2.6 0 0 0 0 0 0 0 0 0 4.2 0 0 0 0 0 0 0 0 0 0 0 0 0 0 0 0 0 0 0 0 0 0 0 0 0.8 0 0 1.2000000000000002 30.200000000000003 0 0.4 0 0 0 0 0 0 0 0 0 0 0 0 0 0 0 0 0 0 0 0 0 0 0 0 4 0 0 0 0 
 1 0.6000000000000001 0.4 0.8 15 4 0.4 0.4 0.4 0.4 0.4 0.4 0.4 0.4 0.4 16 13 30 0.4 0.4 14.4 54.2 14 12.4 28.200000000000003 6.4 46.6 33.6 34.800000000000004 24.400000000000002 26.6 10 0 36.2 10.200000000000001 29 8.6 7.6000000000000005 27.6 34 1.6 0.4 0.6000000000000001 0 0.6000000000000001 0.6000000000000001 1.2000000000000002 0.8 0 0 0 0 0 0 0.6000000000000001 0 0 1 0.2 0.8 0 1.2000000000000002 0 0 0 0 0.2 0.4 0.6000000000000001 0 0 0 0.6000000000000001 1 0 0 0 0 0 0 0 0 3.2 5.800000000000001 3 4.4 0 0 0 0 0 0 0 0 0 0 3 2.6 0 0 3.6 4.2 0 15.600000000000001 3 2.2 2.8000000000000003 10.600000000000001 0 0 2.6 2.6 1.8 0 1 1.6 5.2 4.800000000000001 3.8000000000000003 0 0 0 0 0 0 0 0 0 0 0 0 0 0 0 0 0 0 0 2 1.6 0 0 0.2 0 0 0 0 0 0 0 0 0 0 0 0 0 0 0 0 0 0 0 0 0 0 5.4 0 0 0.4 0 3.2 0 0 0 0 0 0 0 0 0 0 0 0 2.4000000000000004 0 0 4.4 7 7.2 0 7.800000000000001 2.8000000000000003 8.8 4.6000000000000005 1.4000000000000001 1.4000000000000001 0 6.2 2.4000000000000004 2.4000000000000004 6.4 0 0 0 0 0 0 0 0 0 0 0 0 0 0 0 0 0 0 0 0 0 0 0 0 0 0 0 0 0 0 0 1.8 0 0 0 2.6 0 0 0 0 1.8 0 0 0 0 0.6000000000000001 0 0 0 0 0 0 0 1.2000000000000002 0.2 0 8.4 0.2 0 0.2 0.2 2 0 0 0 0 0 0 0 0 0 0 0 0 0 0 0 0 0 0 0 0 0 0 0 0 0 0 0 
