 0 14 30.8 13.600000000000001 11.4 8.200000000000001 61.6 14 68.2 16.6 8.6 15.600000000000001 30 37.4 29.6 25.6 15.4 53.400000000000006 25.8 38.400000000000006 1 0 15 0.4 0 0 0 0 0 0 0 0 0 0 0 0 0.4 0 0.6000000000000001 0.6000000000000001 0 5.6000000000000005 0 0 0 0.6000000000000001 0 0.6000000000000001 0 0 0.6000000000000001 0 0 0 0 0.4 0 0 0 0.6000000000000001 0 10.200000000000001 0.6000000000000001 0 0.6000000000000001 0 0 0.6000000000000001 0 0.4 0.4 0.6000000000000001 0 0.8 0.4 0.6000000000000001 0 0 0 0 0.2 2.2 5.4 0 0 0.2 2.6 3.6 3.2 0 0 0 0.2 6.6000000000000005 0.2 3.2 0 3.2 3.6 7.2 2.6 0 0 0 0 0 0 0 0 0 0 0 1.6 0 0 0 0 0 0 0 0 0 0 0 0.2 0 0 0 2 0 0.4 0 0 0 0 0 0 0 0 0 0 0 3.2 0 0 0 0 0 0 0 0 0 0 0 0 0 0 0.4 3 0 1.2000000000000002 3.6 2 1.8 0 0 0.2 0.2 5.2 2.6 1.4000000000000001 2.2 6.2 0 8.200000000000001 4 0.2 0 0 2.6 0 0 0 0 0.4 0 0 0 0 0 0 0 0 0 0 0 0 0 5.4 2 0 0 0 0 0 0 0 0 0 0 0 0 0 0.2 0 0.2 0 0 0 0 0 0 0 0 0 0 0 0 0 0.4 0 0 0 0 0 0.4 0 0 0 0.2 0 0 0 0 0 0 0.2 0 0 20.6 0 0.8 0 0 0 0 0 0 0 0 0 0 0 0 0 0 0 0 0 0 0 0 0 0 0 1.4000000000000001 0 2.8000000000000003 0 0 0 0 0 0 0 0 0 0 0 0 
 14 0 55 16.8 23.6 25.200000000000003 12.600000000000001 55.800000000000004 20.400000000000002 26.8 25.8 24 8.4 28 48.2 44.400000000000006 62.2 12 11.200000000000001 54.2 1.6 1.2000000000000002 0.4 1 1.8 14.600000000000001 0.2 14.8 0 0 1.4000000000000001 0 0.2 0.6000000000000001 0.6000000000000001 0 0.4 0.2 0.6000000000000001 0.6000000000000001 12.600000000000001 0.6000000000000001 0.4 0 0 1 0.6000000000000001 0.6000000000000001 0 0 1.2000000000000002 0 0 0.8 0.4 1.6 0 0 0 0.6000000000000001 0 0 1 0 0.2 0 0 1 0 0.4 1.2000000000000002 1.4000000000000001 0 0 0.6000000000000001 1 0 0 0.4 0 0 0 4 1 2.6 10.4 0.4 0 2 3.4000000000000004 4 4.2 0.4 0 3.8000000000000003 5.6000000000000005 1.8 0.4 0 0 0 0 0 0.2 0 0 1.8 0 0 0 0 0 13.600000000000001 3.2 0.2 0 2.8000000000000003 0 2.8000000000000003 3.4000000000000004 0 0 0 0 0 0 0 0 0 0 0 0 0 0 0 0 0 0 0 0.6000000000000001 1.4000000000000001 0 0.2 0 0 0 0 0 0 0.4 0 1.4000000000000001 0 0 0 0 0 0 0 0 7.2 2 0 3.8000000000000003 4.2 1.6 0.2 3.6 0.2 0 9.600000000000001 0.2 0 0 0 4.6000000000000005 2.8000000000000003 2.2 0 0 2 0 0 0 0 0 2.2 0 0 0 0 0 5.4 0 0 0 0.4 0.2 0 0 0 0 1.2000000000000002 0 0.2 0 0 0 0 0 0 0 5 0 0 0 0 0 0 0 0 0 0 0 0 0 0 0 0 2.4000000000000004 0 0 0 0.2 0 0 0 0 0 0 0 0 0 0 0 0 18 0 0 0 0 0.6000000000000001 2.2 0 0 0 0 0 0 0 0 0 0 0 0 0 0 0 0 0 0 0 0 0 0 0.2 0 0 0 0 0 0 0 0 0 0 0 0 0 0 
 30.8 55 0 24 71.60000000000001 68.2 14 74.4 21.8 38.400000000000006 18.8 39.400000000000006 34.6 18.2 51.400000000000006 51 6.2 9.8 10.600000000000001 10 0 0 0 0.4 0 0 0 0.2 0 12.8 0 0 0 0 0 0.2 0.4 0 22.200000000000003 0.6000000000000001 19.8 0 0 0 0 0.6000000000000001 0 0.6000000000000001 0 0 0.6000000000000001 0.2 0 0 0 0.6000000000000001 0 0 0 0.6000000000000001 0 0 0.6000000000000001 0 0 0 0 0.6000000000000001 0 0.4 0.6000000000000001 0.6000000000000001 0 0 0.6000000000000001 0.6000000000000001 0 0 0 0 0 0 3 4.800000000000001 8.8 6.6000000000000005 0 2 2 2.2 13.200000000000001 3 0 6.2 2 3.2 11.8 1.8 0 7.800000000000001 0 0 0 0 0 0 2.2 0 0 0 0 0 0 2.8000000000000003 0 0 0 0 2 9 0.4 0 0 0.2 0 0 0 0 0 0 0 0 0 0 0 0 0 0 0 0 2 0 0 0 0 0 0 0 0 0 0 1.2000000000000002 0 0 0 0 0 0 0 0 2.2 1.8 3 3.8000000000000003 6.800000000000001 0.4 0 0 0 0 3.4000000000000004 0.6000000000000001 0 0 0 0 3.2 2.6 0 0.4 1.6 0 0 0 0.2 0 5.2 0 0 0 0 0 2.6 0 0 0 0 0 1.4000000000000001 0.2 0 0 0 0.4 0 0 0 0 0 0 0 0 0 0 0 0 0 0 0 4.2 0 0 0 0 0 0 0 0 0 0 0 0 0 0 0 0.2 0 0 0 0.4 0 0 0 0 0 0.8 17.6 0 0 0 0.4 0.6000000000000001 5 0 0.4 0 0 0 0 0 0 0 0 0 0 0 0 0 0 0 0 0 0 0 0 0.6000000000000001 0.2 0 0 0 0 0 0 0 0 0 0 0 0 0 
 13.600000000000001 16.8 24 0 16 86.4 57.400000000000006 35.6 21.6 68.60000000000001 40.400000000000006 39.800000000000004 57.6 34 39.6 44 5.800000000000001 12 34 9.600000000000001 0 0.2 0 0.4 0 0.2 0 0 0 0 0 0 14.8 0.2 0 0 0.4 0 0.6000000000000001 0.6000000000000001 0 0 0 0 0 0.6000000000000001 0 0.4 0 0 0.6000000000000001 2.6 7.2 0 0 0 0 0 0 0.6000000000000001 0 0 0.6000000000000001 0 0.6000000000000001 0 0 0.6000000000000001 0 0.6000000000000001 0.4 0.4 0 0 0.4 0.4 0.2 0 0 0 4.6000000000000005 0 0.2 0 4.6000000000000005 4.2 7 0.6000000000000001 0 0 0 1.8 0 3.6 4.2 0.2 0.2 5.4 0 0 4.6000000000000005 0 3.8000000000000003 0 0 0 0 0 2.2 1.8 0 0 0 3.6 0 0 1 0 2.8000000000000003 0 0 0 0 0 0 0 0 0 0 0 0.4 0 0 0 0 0 0 0 0 0 0 2.2 0 0 0 0 0 0 0 0 0 0 0 0 0 0 0 0.4 0 0 2.6 2.6 2 0 1.2000000000000002 2 2.6 2.2 2.2 3.2 2 2.4000000000000004 0 0 3.8000000000000003 6.800000000000001 0.8 2 0 0 0.6000000000000001 3.8000000000000003 0 0.4 0.4 0 0 1.8 0.2 4.2 0 0 0.2 0 0 0 0 0 2 4.2 0 0 0 0.4 4 0 0 0 0 0 0.4 0 0 0 0 0 0 0 0 0 0 0 0 0 0 0.2 0 0 0.2 0.4 0 0 0 0 0 0 0.4 0 0 0 0 0 0 0 0 0.8 0.6000000000000001 0 18 17.8 2.6 0.4 0 0 0 0 0 0 0 0 0 0 0 0 0 0 0 0 0 0 0 0 0 0 0 2.4000000000000004 0 3 0 0 0 0 0 0 0 0 0 0 0 0 
 11.4 23.6 71.60000000000001 16 0 29.6 9 14.600000000000001 60.400000000000006 18.400000000000002 17.6 38 18.400000000000002 12 26.200000000000003 18.2 12.600000000000001 10.4 14.4 17 29.200000000000003 0 14.8 0.4 0 0 0.2 0 0 0 0 0.4 32.800000000000004 15 0.2 2.2 0.4 15.8 30 31 0.2 0 0 0 0 0.6000000000000001 0 0.4 0 0 0.6000000000000001 0 0 0 0 0.2 0 0 0 0.6000000000000001 0 0 0.6000000000000001 0 0.6000000000000001 0 0 0.6000000000000001 0 0.6000000000000001 0.4 0.4 0 0 0.4 0.4 0 0 0 1.2000000000000002 0 0 1.6 2.6 5.6000000000000005 5.4 0 0 0.2 0 0.2 2 0 0 0 0 2.6 2.6 0 2.6 1.6 2.8000000000000003 1.4000000000000001 0 0 0 5.800000000000001 4.4 2.6 2.2 0.2 0 0 8.8 0 3.2 0 0 2.4000000000000004 6.4 0 0 0 0 0 0 0 0 0 0 0 0 0 0 0 0 0 0 0 0 0.8 0 0 0 0 0 0 0 0 0 0 0.6000000000000001 0 0 0 0 0 0 0 0 2.6 0 0.2 2 0.2 0.2 0.4 0 0.2 1.6 0 1.8 0 0 0 0 3.2 0.2 0 0 4.800000000000001 10 2.2 0 0 0 4.6000000000000005 0.2 0 5 1.8 0 1.4000000000000001 1.2000000000000002 1.6 0 3.2 0 6 6.2 0 0 0 0 0 0 0 0 0 0 0 0 0 0 0 0 0 0 0 0 0 0 0 0 0 0 0 0 0 0 0 0 0 0 0 0 0 0 0 0 0 0.6000000000000001 0 0 0 0.4 2.2 0.2 0 17.400000000000002 0 0.4 0 0 0 0 0 0 0 0 0 0 0 0 0 0 0 0 0 0 0 0 0 0 0 1.4000000000000001 2.4000000000000004 0 0 0 0 0 0 0 0 0 2 0 0 0 
 8.200000000000001 25.200000000000003 68.2 86.4 29.6 0 7.6000000000000005 23.400000000000002 29.6 28.8 32.6 40.400000000000006 50.6 9.4 11.200000000000001 17.2 25.400000000000002 32.2 50.6 6.800000000000001 1.8 30.6 5.4 1 0 0 15.200000000000001 0.2 0.6000000000000001 0.4 0.6000000000000001 0.4 1 0 0.8 0 0.4 4.4 22.400000000000002 27.400000000000002 0 0 1.4000000000000001 0.6000000000000001 0.4 1.6 0 0.6000000000000001 0 0 1.8 0.6000000000000001 0 0.2 1 1.4000000000000001 0.6000000000000001 0.6000000000000001 0 0.6000000000000001 0 0 0.6000000000000001 0 0.6000000000000001 0 0 0.6000000000000001 0 0.4 0.6000000000000001 1 0.2 0 0.4 1 0 0.2 0 1 0 0 0.6000000000000001 1.8 1.4000000000000001 0.2 0 0 3 6.2 3 0 0 0 0 0 1.4000000000000001 0 0 0 3.6 0.4 2.8000000000000003 0 0 0 2.8000000000000003 1 3.8000000000000003 2 0 0 2 3 0 2.2 1.8 0 0.4 2 0.2 0 0 0 0 0 0 0 0 0 0 0 0 0 0 0.4 0 0.4 0 0 0.6000000000000001 0 0 0 0 0 0 0 0 0 0 0.4 0 0 0 0.4 0 0 0 0.4 0 2 0 2 0 5.6000000000000005 0.8 0 0 3.6 0 0 0 0 0 1.6 6.4 3.2 0 0 6.6000000000000005 0 0 0 0 0 3.4000000000000004 2.4000000000000004 0 2 2.6 0 4 0 3.8000000000000003 0 0.4 1.8 2.8000000000000003 0 0 0 0.4 0 3.4000000000000004 0 0 0 0 0 0 0.2 0 0 0 0 0 0 0 0 0 0 0 0 0 0 0.4 0 0 0 0 0 0 0 0 0 0 0 0 0 0 0 0 0 0 1.4000000000000001 10.200000000000001 0.8 1.4000000000000001 0.2 0.2 0.6000000000000001 0.8 0 0 0 0 0 0 0 0 0 0 0 0 0 0 0 0 0.4 0 0 0 0 0 0 0 0 0 0 0 0 0 0 0 0.4 0.8 0 0 0 
 61.6 12.600000000000001 14 57.400000000000006 9 7.6000000000000005 0 39.2 28.8 7 11 6.800000000000001 94.60000000000001 46.400000000000006 24.8 10.4 58.6 3.8000000000000003 19.6 37.4 0.2 4.800000000000001 0.4 0.4 0 0.4 0 0 0 0 0 0 4.2 0 0 0 0.4 0.6000000000000001 0.6000000000000001 0.6000000000000001 0 0 1 0 0 0.6000000000000001 0 0.6000000000000001 0 0.6000000000000001 0.6000000000000001 0 0 0 0 0.6000000000000001 0 0 0 0.6000000000000001 0 0 0.6000000000000001 0 0.2 0 0 0.6000000000000001 0 0.4 0.6000000000000001 0.6000000000000001 0 1 0.6000000000000001 0.6000000000000001 0 0 0 0 2.6 7 6.800000000000001 1.8 0 0 0 15.8 0.2 4.6000000000000005 1.2000000000000002 2.8000000000000003 0 5.6000000000000005 4.4 4 5.6000000000000005 3.8000000000000003 3.2 3.6 0 0.2 0 0 0 0 0 0 0 0 0 0 0 0 0.2 0.4 0 0 3.6 0 2.6 0 0 0 0 0 0 0 0.2 0 0 0 0 0 0 0 0 0 0 0 0 0 0 0.4 0 0 0 0 0 0 0 0 0 0 0 0 0 0 0 0.2 7.4 4.800000000000001 5.800000000000001 2.6 0 0 5 2 5.4 0.2 3.8000000000000003 3.6 0 2.6 4.2 0 0.4 2.2 2.4000000000000004 6.6000000000000005 0 0 0.2 0 0 3 0 0 0 0 0 0 0 0 0 0 0 0 3.8000000000000003 0 0 0 0 0 0 0.4 0 0 0 0 0 0 0 0 0 0 0 0 0 0 0 0 0 0 0 0 0.2 0 0 0 0 0 0 0 0 0 0 0 0 0 0 0 0 0 0 10 0 0 20.200000000000003 0.2 3 1.2000000000000002 0 0 0 0 0 0 0 0 0 0 3.2 0 0 0 0 0 0 0 0 0 0 0 0 0 3.2 0 0 0 0 0 0 0 0 0 0 0 0 0 
 14 55.800000000000004 74.4 35.6 14.600000000000001 23.400000000000002 39.2 0 103.60000000000001 59.800000000000004 65.2 14.4 33.2 108.4 85.80000000000001 84.60000000000001 23.200000000000003 71.2 13.8 30 0 0 0 0.4 0 0 0 0 0 0 0 0 0 0 0.4 0 0.4 0 0.6000000000000001 0.6000000000000001 12.600000000000001 0 0 0 0 0.6000000000000001 0 0.6000000000000001 0 0 0.6000000000000001 0 0 0 0 0.4 0 0 0 0.6000000000000001 0 0 0.6000000000000001 0 0.6000000000000001 0 0.4 0.6000000000000001 0 1.4000000000000001 11 0.6000000000000001 0 0 10.600000000000001 0.6000000000000001 0 0 0 0 0.2 2 0 6 0 4.6000000000000005 5.2 2 2 0.4 6.2 3.4000000000000004 2.6 0 11.200000000000001 6.800000000000001 0 2.6 0 8.8 0 0 0 0 0 0 0 0 0 9.600000000000001 0 0.2 11.200000000000001 0 0 0 0 0 1 5.6000000000000005 0 0 0 0 0 0 0 0 0 0 0.2 0 0 0 0 0 7.800000000000001 0 0 0 0 0 0 1.2000000000000002 0 0 0 0 0 0 0 0 0 0 0 0 0 0.2 0 0 7.4 2 0 6.800000000000001 5.4 2.2 2.6 7 0 0.2 9.200000000000001 0 2.4000000000000004 2 8.200000000000001 4.2 0.6000000000000001 2.2 0 0 0.2 0 0 0 0 0 0 0 0 0 0 0 4.6000000000000005 0 0 0 0 0 0 0 0.4 0 0 0 0 0 0 0 0 0 0 0 0 0 0 0.4 0 0 0 0 0 0 0 0 0 0 0 0 0 0.2 0 0 0 0 0 0 0.2 0 0 0 0 0 0 0 0 0.4 0 0.4 0 0.4 0 0.4 0 0 0 0 0 0 0 0 0.2 0 0 0 0 0 0 0 0 0 0 0 0 0 0 2.4000000000000004 0.2 0 0 0 0 0 0 0 0 0 0 0 0 0 
 68.2 20.400000000000002 21.8 21.6 60.400000000000006 29.6 28.8 103.60000000000001 0 15.200000000000001 12.200000000000001 29.400000000000002 59.6 43.400000000000006 53 74.8 83.60000000000001 48.2 65.60000000000001 31.200000000000003 1 0.2 0.2 1 0.8 0 0 0 0.2 0 0 0.2 0.2 0 0 0 0.4 0 1.8 0.6000000000000001 0 0 0 0 0 0.6000000000000001 0 0.6000000000000001 0 0.8 3.4000000000000004 0 0 0 0 0.4 0 0 0 0.6000000000000001 0 0 0.6000000000000001 0 0.4 1.4000000000000001 0 1 0 0.4 0.4 0.6000000000000001 0 0 0.6000000000000001 0.6000000000000001 0 0 0 0 3.2 10 6 2.4000000000000004 1.8 3.8000000000000003 2.6 2.4000000000000004 4.4 10.600000000000001 2.6 4.800000000000001 0 1.8 4 3 8.4 0 6.6000000000000005 0 0 0 0 0 0 0 1.8 0 0 0 0 0 2.8000000000000003 5.800000000000001 0 0 3.4000000000000004 0 2 2.6 0 0 0 0 0 0 0 0 0 0 0 1.8 0 0 0 0 0 0.2 0 0.6000000000000001 0.8 0 0 0 0 0 0 0 0 0 0 0.6000000000000001 0 2.6 0 0 0 0 0 0 0.2 1.2000000000000002 2 0 0.2 3.8000000000000003 3.4000000000000004 2.8000000000000003 3 1 1.2000000000000002 0 1.4000000000000001 2.2 1 0.2 6.2 2.2 2.2 7.6000000000000005 5.6000000000000005 0 0 0 0 0 2.2 0 0 0 0 0 3 0 0 0 0 0 0 0 0 0 0 0 0 0 0 0 0 0 0 0 0 0 0 0 2.8000000000000003 0 0 0 0 0 0 0 0 0 0 0.6000000000000001 0 0 0 0 0 0 0 0 0 0 0 0 0 0 0 0 0 0 17.400000000000002 0 0 0 0 1 0 0 0 0 0 0 0 0 0 0 3.8000000000000003 0 0 0 0 0 0 0 0 0 0 0 0 0 0 0 0 0 0 0 0 0 0 0 0 0 0 0 
 16.6 26.8 38.400000000000006 68.60000000000001 18.400000000000002 28.8 7 59.800000000000004 15.200000000000001 0 21 98 77.2 40.2 80.60000000000001 35.6 23 35.2 28.200000000000003 57.6 0 0 0 0.4 0.4 1.2000000000000002 0 0 0.8 0 0.4 0 0.2 0.2 0 0 0.4 0 16 0.6000000000000001 10.8 0.8 0 0 0 0.6000000000000001 0 14.200000000000001 0 0 0.6000000000000001 0 1.2000000000000002 0.8 0 0.4 0 1.2000000000000002 0 0.6000000000000001 0 0 1 1.2000000000000002 0.4 0 0 1.8 0 0.4 0.4 1 0 0 0.6000000000000001 0.6000000000000001 0 0.4 0 0 13 6.800000000000001 0 1.2000000000000002 0.4 2.6 4.800000000000001 0 3 3.2 2.6 2.4000000000000004 0 0.2 3 0 7.6000000000000005 0.2 0 0 0.2 0 0 0 0 0 0 0 0 0 0 0 0.2 0 0 0 0 0.4 0 3.8000000000000003 0 0 0 0 0 0 0 0 2.8000000000000003 0 0 0.2 0 0.2 4.4 0 0 0 0 0 0 0.2 0 0 0 0 0 0 0 0 0.2 0.4 0.2 0 0 0 0 0 0.2 0.2 4.6000000000000005 2 0 3.2 3.2 1.4000000000000001 0 2.8000000000000003 3.2 0 4.6000000000000005 0.2 1.2000000000000002 0 0.2 0.6000000000000001 0.2 2.4000000000000004 0 0.2 0 0 0 0 0 0 0 0 0 0 0 0 2 0 0 0 0 0 2.2 0.4 0 0 0 0 0 0 0 0 0 0 0 0 0 0 0 0 0 0 0 0.4 0 0 0.2 0 0.4 0.2 0 0 0 0 0 0 0 2 0 0 0 0 0 0 0 0 0 0 0 0.6000000000000001 0.6000000000000001 0 0 0.8 0 0.4 0 0 0 0 0 0 0 0 0 0 0 0 0 0 0 0 0 0 0 0 0 0 0 3.6 0 4 0 0 0 0 0 0 0 0 0 0 0 0.2 
 8.6 25.8 18.8 40.400000000000006 17.6 32.6 11 65.2 12.200000000000001 21 0 70.8 10 16.2 28.200000000000003 60.2 9.600000000000001 80.60000000000001 39.800000000000004 8 0 0 0.6000000000000001 15 0 0 33.4 0 0.4 0 0 0 12.600000000000001 0 12 0 0.4 0 31.200000000000003 30.6 12 0 0 0 0 1 0 11.600000000000001 0 0 5.800000000000001 0 0 0 0 0.8 0 0 0 0.6000000000000001 0 0 0.6000000000000001 0 0.4 0 0 0.6000000000000001 10 1.2000000000000002 0.4 0.6000000000000001 0.4 0 0.6000000000000001 0.6000000000000001 0 0 0 0 0 0 0 7.2 9.600000000000001 0.4 0 0 2.2 0.6000000000000001 10 0 0 0 0 5.2 4.4 0 0 0 3.4000000000000004 4.2 0.4 0 0 0 0.6000000000000001 0 0 0 0 0 2.8000000000000003 0 3.4000000000000004 0 5.2 0 7 23 0 0 0 0 0 0 0 0 0 0.4 0 0 0 0 0 0 0 0 0 0 0 0 1.8 0 0 0 0 0 0 0 0 0 0 0 0 0.6000000000000001 0 0 0 0 4.800000000000001 2.2 0.2 0.4 2.6 4.6000000000000005 4.6000000000000005 0 0 1.8 7.2 5 0 0 0 1.4000000000000001 2.4000000000000004 3.6 0 0.4 0 3 3.4000000000000004 0 0 0 0.2 0 0 0 0.6000000000000001 0 4.2 1.2000000000000002 2 1.6 4.4 0 0.4 1.8 0 0 0 0 2.6 0.2 0 0 0 0 0 0 0 0 0 0 0 0 0 0 0 0 0 0 0 0 0 0 0 0 0 0 0 0 0 0 0 0 0 0.4 0 0 0 0 0 0.4 1 0 17.2 0 3.2 0.4 0 0 0 0 0 0 0 0 0 0 0 0 0 0 0 0 0 0 0 0 0 0 0 0 0.2 0 0 0 0 0 0 0 0 0 0 0 0 1.6 
 15.600000000000001 24 39.400000000000006 39.800000000000004 38 40.400000000000006 6.800000000000001 14.4 29.400000000000002 98 70.8 0 8.200000000000001 6.4 36.2 36.6 11.4 31 63.2 10.4 0.6000000000000001 0.6000000000000001 0.2 0.4 0 0 19 0 0.4 0 0.4 0 15 0.4 14.8 0 0.4 0.4 3.4000000000000004 0.8 0.4 0 0 12.8 0 3 0.6000000000000001 0.6000000000000001 0 0 0.8 0.6000000000000001 0 0.6000000000000001 6.2 0.6000000000000001 0 0 1.2000000000000002 1 0 8.6 0.6000000000000001 0 0 0 0 0.8 0.2 0.4 0.6000000000000001 1.6 0 0 0.6000000000000001 0.6000000000000001 0 0 0 0 2.6 0 4.6000000000000005 1.4000000000000001 6.800000000000001 3.2 4.800000000000001 0 0 0.2 0 0 0 0 1.4000000000000001 0 1.8 0 0 0 3.4000000000000004 0 0 0 0 0 5 3 0 1.2000000000000002 0 0 1.6 0 1.6 0 2.8000000000000003 0 3.8000000000000003 2 0.8 0 0 0 0 0 0 0 0 0 0 0 0 0 0 0 0 0 0 0 2.4000000000000004 0 0 0 0 0 0 0 0 0 0 1.6 2.2 0 0 0 0 0 0 0 3.6 3.8000000000000003 0 2.8000000000000003 2.6 0 2.4000000000000004 0 0 5.2 6.2 6 0 0 3.4000000000000004 3 10.8 0 0 0 0 0 0 0 0 0 5 0 0 0 0 0 0 1.6 0.2 0 0 0 2.4000000000000004 2.8000000000000003 0 0 0 0 7.4 0 0 0 0 0 0 0 0 0 0 0 0 0 0 0 0 0 0 0 0 0 0 0 0 0 0 0 0 0 0 0 0 0 0 0 0 2.2 0 0 0 1.2000000000000002 18.8 0.4 19 0 3.2 0.6000000000000001 1.2000000000000002 0 0 0 0 0 0 0 0 0 0 0 0 0 0 0 0 0 0 0 0 0 0 5.2 0 0 0 0 0 0 0 0 0 0 0 0 0 0 
 30 8.4 34.6 57.6 18.400000000000002 50.6 94.60000000000001 33.2 59.6 77.2 10 8.200000000000001 0 105.2 43.400000000000006 73 23.8 12.4 81.60000000000001 9.4 0 0 0 0.4 0 0.6000000000000001 0 0 0 0.4 0.2 0.8 0 0 0 0 1.4000000000000001 1.2000000000000002 0.6000000000000001 0.8 0 0 0 0 13.200000000000001 1.2000000000000002 0 0.6000000000000001 0 4.800000000000001 1.6 0.4 0 0 0.4 1.2000000000000002 0.6000000000000001 0 0 0.6000000000000001 0.6000000000000001 0 1 0.8 0 5.6000000000000005 0.4 0.6000000000000001 0.6000000000000001 0.4 0.6000000000000001 0.6000000000000001 0 2.4000000000000004 1.2000000000000002 0.6000000000000001 0 0 0 0 0 6.800000000000001 6.4 2 0 0 0 5.4 2.4000000000000004 15.4 1.2000000000000002 2.4000000000000004 1.8 6.800000000000001 3.8000000000000003 3.6 5.800000000000001 4.2 0 6.800000000000001 0 0 0 0 0 0 0 0 0 0 0 0 0 0 0 0 0 0 0 0.2 0 0 0 0 0.2 0 0 0 0 0 0.4 0 0 0 0 0 0 0 0 0 0 0 0 0.8 0 0 0 0 0 0 0 0 0 0 0 0 0 0.4 0 0 1.4000000000000001 2.4000000000000004 8.200000000000001 3.8000000000000003 0 0 6.2 0.2 5.6000000000000005 3 4.4 6.800000000000001 0 6.2 8.6 0 1 4.4 1.8 9.200000000000001 0 0 0 0.4 0 0 0 0 0 0 0 0 0 0 0 0 0 0 6.800000000000001 0 0.2 0 0 0.2 0 0 0 0 0 0 0.4 0 0 0 0 0.2 0 0 0 0 0 0 0 0 0 0 0 0 0 0.4 0 0 0 0 0 0 0.4 0 0 0 0 0 0 0 0 0.4 0.4 0 0.6000000000000001 0.2 1.6 0.4 0 0 0 0 0 0 0 0 0 0 2.2 0 0 0 0 0 0 0 0 0 0.4 0 0 0 3.2 0 0 0 0 0 0 0 0 0 0 0 0 0 
 37.4 28 18.2 34 12 9.4 46.400000000000006 108.4 43.400000000000006 40.2 16.2 6.4 105.2 0 20.400000000000002 46.800000000000004 8.6 8.200000000000001 60.2 20.6 0 0.4 0.6000000000000001 0.6000000000000001 0 0.4 0 0 0 0 0 0.2 0 0 0 0 0.4 0 0.6000000000000001 0.6000000000000001 0 0 0 0 0.4 0.6000000000000001 0 0.4 0 0.2 0.6000000000000001 0 0.2 0 0 0 0 0 0 0.6000000000000001 0 0 0.6000000000000001 0 0.6000000000000001 0.2 0 0.6000000000000001 0 0.6000000000000001 0.4 0.4 0 0.8 0.4 10.600000000000001 0 0 0 0 2.2 0.4 2.8000000000000003 1.2000000000000002 0 0 1.8 2.2 0 3 1.2000000000000002 0 0 11 3.4000000000000004 4.800000000000001 10.4 4.800000000000001 0 4.6000000000000005 0 0.4 0 0 0 0 0 0 0 2 0 0 3.4000000000000004 0 0.4 0.2 0 0 1.6 0 0 0 0 0 0 0 0 0 0 1.6 0 0 0 0 0 0 0 0 0 0 1 0 0 0 0 0 0 0 0 0 0 0.4 0 0 0 0 0 0 0 0.2 1.2000000000000002 2.8000000000000003 2.6 1.4000000000000001 1 0 0 3.2 9.200000000000001 0.2 0 5 0.2 0.2 5.6000000000000005 6.4 2.2 0.2 0 3.6 0 0 0.4 0 0 4.2 0 0 0 0 0 0 2.8000000000000003 0 0 0 0 0 6.6000000000000005 2.6 0 0 0 0 0 0.2 0 0 0 0 0 0 0 0 0 0 0 0 0 0 0 0 0 0 0 0 4 0 0 0 0 0 0 0 0 0 0 0 0 0 0 0 0 0 0 0 0 0 0.6000000000000001 18.2 0 16.6 0 0 0 0 0.2 0 0 0 0 0 0.4 0 0 0 0 0 0 0 2.2 0 0 0 0 5 0 5 0 0 0 0 0 0 0 0 0 0 0 0 
 29.6 48.2 51.400000000000006 39.6 26.200000000000003 11.200000000000001 24.8 85.80000000000001 53 80.60000000000001 28.200000000000003 36.2 43.400000000000006 20.400000000000002 0 50.6 15.4 28.8 35.800000000000004 14.4 0.8 0 0.4 0.4 0.4 0 0.4 0 0 0.4 8.4 0.4 0 0.4 0.6000000000000001 0 1 1.6 15.200000000000001 0.8 12.4 0.2 0 0 0.6000000000000001 1.6 0 1.8 13.200000000000001 0.4 1.2000000000000002 0.6000000000000001 0 0 0.4 0.6000000000000001 1.6 0.2 2 0.6000000000000001 0 0 1.4000000000000001 1.4000000000000001 0 0 0 1.2000000000000002 0.4 0.6000000000000001 0.6000000000000001 11.4 0 1 1.2000000000000002 0.6000000000000001 0 0 0.4 0 0 2 3.6 2.2 1.8 5.800000000000001 0 2.4000000000000004 0.4 1.6 2.4000000000000004 0.4 0.2 5 2.8000000000000003 0.4 8 2 0.2 3.6 0 0 0 0 0 0 3.2 0 0 0 0 0 0.2 0 0 0 0 0 0.4 2.8000000000000003 0 0 0 0 0 0 0 0 0 0 0 0 0 0 0 0 0 0 0 0 4.2 0 0 0 0 0 0 0 0 0 0 2.2 0 0 0 0 0 0 0.2 0 3.6 2 2.2 4.4 6.2 2 0 3 0 0 3.6 4.6000000000000005 0 0.2 0 0 12.200000000000001 0.2 0 0.8 0 0 0 0 0.2 0 4.6000000000000005 0 0.4 0 0.2 0 2 0 0 0 0 0 5.4 0.2 0 0 0 0 0 9 0 0 0 0 0 0 0 0 0 0 0 0 0 0 0.4 0 0 0 0 0 0 0 0 0 0 0 0.2 0 0 0 0 0 0 0 0 0 0 0 0 0 1.2000000000000002 0 0.2 0.2 0.4 4.6000000000000005 0 0 0 0 0 0 0 0.4 0.2 0 0 0 0 0.4 0 0 0 0 0 0 0 0.2 0 5.4 0 0 0 0 0 0 0 0 0 0 0 0 0 0 
 25.6 44.400000000000006 51 44 18.2 17.2 10.4 84.60000000000001 74.8 35.6 60.2 36.6 73 46.800000000000004 50.6 0 49.800000000000004 91.80000000000001 64.4 54.800000000000004 0.6000000000000001 0.6000000000000001 0.8 1.2000000000000002 0 0.6000000000000001 0.6000000000000001 0.6000000000000001 0 0.4 0 0.2 0.2 0 1.2000000000000002 15.4 0.4 0.4 15.4 15.4 0.2 0 0.6000000000000001 0 0.4 1 0.4 0.6000000000000001 0.6000000000000001 1 1.2000000000000002 0 0 0.2 0.4 2 0 0.4 0 0.6000000000000001 0 0.6000000000000001 0.6000000000000001 1 0.6000000000000001 10 0 0.6000000000000001 0 0.4 0.4 1.2000000000000002 0 0 0.4 1 0 0.4 0 0 2.8000000000000003 4.800000000000001 1.4000000000000001 1.8 0.2 4 2.8000000000000003 2 0.6000000000000001 5 1.8 3.2 0 6 5.6000000000000005 1.6 6.6000000000000005 2 0 4.2 0 0 0 0 2 0 2.6 0 0 0 0 0 1.8 2 0 0 0 0 0.6000000000000001 3.6 0 0 0 0 0 0 0 0 0.2 0 0 0 0 0 0 0 0 0 0 0 0.6000000000000001 0 0 0 0 0 0 0 0 0 0 0.4 0 0 0 0 0 0 0 0 0 0 2 4.4 4.6000000000000005 6.4 0.2 4.800000000000001 2.4000000000000004 0.2 0 2.2 0 0 1.6 0 3.4000000000000004 5 0 2 0.8 1.8 0 1.2000000000000002 0 0 3 0 0.2 0 0 0 2 0 0 0 0 0 0 0 0 0 0 0 0 0 0 0 0 0 0 0 0 0 4 0 0 0 0 0 0 0 0 0 0 0 0 0 0 0 0 0 0.2 0 0 0 0 0 0 0 0 0 0 0 0 0.2 8 0.2 1.2000000000000002 0.2 0.4 1.2000000000000002 0 0 0 0 0 0 0 0 0 0 3.2 0 0 0 0 0 0 0 0 0 0 0 0 10.600000000000001 0 0 0 0 0 0 0 0 0 0 0 0 0 0 
 15.4 62.2 6.2 5.800000000000001 12.600000000000001 25.400000000000002 58.6 23.200000000000003 83.60000000000001 23 9.600000000000001 11.4 23.8 8.6 15.4 49.800000000000004 0 56.2 58 8 0 0.2 0 0.4 0 0 0 0.2 0.4 0 0 0 0 0 0.8 0.4 0.4 0.8 0.6000000000000001 0.6000000000000001 0 0 0 0 0 0.6000000000000001 0 1.8 0 0 0.6000000000000001 0 0 0 0 0.6000000000000001 0.8 13.200000000000001 0.6000000000000001 0.6000000000000001 0 0 1.4000000000000001 0 8.6 1 0 0.6000000000000001 0 0.4 0.4 0.6000000000000001 0 3.4000000000000004 0.6000000000000001 0.6000000000000001 0 0 0 0 2.8000000000000003 8 2.2 3 2.6 0 0.6000000000000001 0 5.6000000000000005 9.200000000000001 2.2 0.4 2.2 6.2 5.6000000000000005 10.4 6.2 3.6 4.4 0.2 0 0 0 0 0 0.4 0 0 0 0 0 0.4 2.6 0 0 0 0.2 0 1.8 0.4 0 0 0 0 0 0 0 0 0 0 0 0 0 0 0 0 0 0 0 0 0 0 0 0.2 0 0 0 0 0 0 0.8 0 0 0 0 0 0 0 0 0 0 4.4 0 0 2.6 4.4 5.6000000000000005 4 2.8000000000000003 5.2 0.6000000000000001 0 1.8 2 1.4000000000000001 5.2 3.4000000000000004 0 3.2 7.6000000000000005 0.4 0 0 0 0 0 0 0 0 0 0 0 6 0 0 0 0 0 0 0 0.2 0 0 0 4.800000000000001 1.2000000000000002 0 0 0 0 0 0 0.2 0 0 0 0 0 0 0 0 0 0 0.4 0 0 0 0 0 0 0 0 0 0 0 0 0.4 0 0 0 0 0 0 0 0 19.6 0 0 0.4 0.2 0.2 0.8 0 0 0 0 0 0 0 0 0 0 0 0 0 0 0 0 0 0 0 0 0 0 0 0 0 0 0 0 0 0 0 0 0 0 0 0 0 0 
 53.400000000000006 12 9.8 12 10.4 32.2 3.8000000000000003 71.2 48.2 35.2 80.60000000000001 31 12.4 8.200000000000001 28.8 91.80000000000001 56.2 0 67.2 8.200000000000001 0 0 0 0.4 0 0 0 0 0 0 0 0.4 0 0 0 0 0.4 0.4 24.200000000000003 7.800000000000001 12.200000000000001 0 0 0 0 0.6000000000000001 0 0.6000000000000001 0 0 0.6000000000000001 0 0 0 0 0.4 0 0 0 0.6000000000000001 0.8 0 0.6000000000000001 0 0.6000000000000001 0 0 11.8 0.6000000000000001 0.4 1.4000000000000001 0.6000000000000001 0 0.6000000000000001 0.4 0.6000000000000001 0 0 0 0.2 0 0.4 0 4.2 0.2 6.6000000000000005 0 0 0 1.8 6 4.2 0 3.8000000000000003 2.4000000000000004 0 4.2 3 0 0 0 0 0.2 0 0 0 0.2 0 0 0 0 0 3.6 4 0 0 2.8000000000000003 0 1.8 7.4 0 0 0 0 0 0.2 0 0 0 0 0 0 0 0 0 0 0 0 0 0 0 0 0.4 0 0 0 0 0 0 0 0 0 0 0 0 0.8 0 0 0 0 3 4.800000000000001 2.4000000000000004 0.2 4.4 3.4000000000000004 0 2.8000000000000003 2 0 3 1.2000000000000002 0 1.4000000000000001 4 6 0 6.2 0 0 9.200000000000001 0 0 0 0 0.2 2.4000000000000004 0 0 0 0 0 0.2 0 0.4 0 4.4 0 2.4000000000000004 2.2 0 0 0 0 0 0 0 0 0 0.2 0 0 0 0.4 0 0 0 0 0.2 0 0 0 2.8000000000000003 0 0 0 0 0 0 1.4000000000000001 0 0 0 0 0 0 0 0 0 0 0 0 0 0 0 0 17.400000000000002 0 0 18.2 0 0.8 0 0 0 0 0 0.2 0 0 0 0 0 0 0 0 0 0 0 0 0 0 0 0 0 1 0 0 0 0 0 0 0 0 0 0 0 0 0 0 
 25.8 11.200000000000001 10.600000000000001 34 14.4 50.6 19.6 13.8 65.60000000000001 28.200000000000003 39.800000000000004 63.2 81.60000000000001 60.2 35.800000000000004 64.4 58 67.2 0 18.6 0.4 0 0 0.4 0 0 0 0 0 0 0 0 0.8 0 0 0 0.4 0.4 0.6000000000000001 1.8 0 0 0 11 0 0.6000000000000001 0 1 0 0.6000000000000001 0.6000000000000001 0 0 0 0 0.6000000000000001 0 0 0 0.6000000000000001 0 0 0.6000000000000001 0 0.4 0 0 0.6000000000000001 0.4 0.4 0.4 0.6000000000000001 0 0 0.6000000000000001 0.6000000000000001 0 0 0 0 4 7 4 0 0 0 3.8000000000000003 1.2000000000000002 3.6 5.6000000000000005 0 4.2 0.2 4.6000000000000005 3 5.2 5.800000000000001 1.8 0 2.6 0 0 0.4 0 2 0 0 0 0 0 0 0 0 0 0 0 0 0 5.2 0 0 0 0 0 0 0.4 0 0 0.2 0 0 0 0 0 0 0 0 0 0 0 0 0 0 0 0 0 0 0 0 0 0.6000000000000001 0 0 0 0 0 0 0 0 1.8 5.2 0 9 0 1.2000000000000002 0 1.4000000000000001 4 2.4000000000000004 3.2 3.4000000000000004 3.4000000000000004 0 0 1.6 2.8000000000000003 0.8 2 0 6 0 0 0 0 0 0.4 0 0 0 0 0 0 0 0 0 0 0 0 0 0 0.2 0 0 0 0 0 0 0 0 0.4 0 0 0 0 0 0 0 0 0.4 0 0 0 0 0 0 0 0 0 0 0 0 0 0 0 0 0 0 0 0 0 0 0 0 0 0 0 0 0 17.6 0.4 3.2 0.6000000000000001 0 0.2 0 0 0 0 0 0 0 0 3.2 0 0 0 0 0 0 0 0 0 0 0.4 0 0 2.4000000000000004 3.8000000000000003 0 0 0 0 0 0 0 0 0 0 0 0 
 38.400000000000006 54.2 10 9.600000000000001 17 6.800000000000001 37.4 30 31.200000000000003 57.6 8 10.4 9.4 20.6 14.4 54.800000000000004 8 8.200000000000001 18.6 0 0 14.600000000000001 0 1 0 0 0 0 0 0 0.2 0 0 0 0 0 0.4 0 0.6000000000000001 0.6000000000000001 0 7.6000000000000005 0 0 0 0.6000000000000001 0 0.6000000000000001 0 0 0.6000000000000001 0 0.2 0 0 0.6000000000000001 0 0 0 0.6000000000000001 0 0 0.6000000000000001 0 0.2 0 0 0.6000000000000001 0 0.4 0.6000000000000001 0.6000000000000001 0 0 0.6000000000000001 0.6000000000000001 0 0 0 0 0 5.6000000000000005 3.8000000000000003 0 0 0 2.6 7.4 0 0 0 0 10 3.6 3.6 2.2 0 3.8000000000000003 2.2 5.4 0 0 0 0 0 0 0 0 0 0 0 0 0 0 0 0 0 0 0 0 0 0 0 0 0 0 0 0 0 0 0 0 0 0 0 0 0 0 0 0 0 0 0 11.200000000000001 0 0 0 0 0 0 1.4000000000000001 0 0 0 0 0 0 0 0 0 0 0 0 0 0 0 2.8000000000000003 3.2 0 3 1.6 0 1 0.6000000000000001 5 0 0 1.8 0 2.4000000000000004 0 0 0 0 0 0 0 0 0 0 0 0 0 0 0 0 3 0 0 0 0 0 0 0 0 0 0 0 0 0 0 0 0 0 0 0 0 0 0 0 0 0 0 0 0 0 0 0 0 0 0 0 0 0 0 0 0 0 0 0.8 0 0 0 0 0 0 0 0 0.2 0 0.4 0 0 0 0 0 0 0 0 0 0 0 0 0 0 0 0 0 0 0 0 0 0 0 0 0 0 0 0 0 0 0 0 0 0 0 0 0 0 0 
 1 1.6 0 0 29.200000000000003 1.8 0.2 0 1 0 0 0.6000000000000001 0 0 0.8 0.6000000000000001 0 0 0.4 0 0 72.2 37.800000000000004 59.2 21.6 50 16.400000000000002 39.6 67 23.400000000000002 25 7.4 52.6 25.6 26.8 52.800000000000004 17.400000000000002 15.4 25.6 24.6 0 0 0.4 0 0 1 0.2 0 0.8 0.6000000000000001 0 0 0 0.2 1 0.6000000000000001 0.6000000000000001 0 0 0 0.6000000000000001 1.4000000000000001 0.6000000000000001 0 0 0 0.4 0.2 0.4 1.4000000000000001 0 0 1.4000000000000001 0.4 0.4 0.6000000000000001 0.2 0 0.4 0.4 0 0 0 1.8 0 0 0 0 0 0 0 0 0 0 0 0 0 0.2 0 0 8.4 1.6 2.4000000000000004 0 0 0.8 2.6 3.6 5.6000000000000005 14.4 1.8 2.2 0 1.8 2 1.6 2.4000000000000004 0 0.2 0 0 0 0 0 0 0 0 0 0 0 0 0 0 0 0 0 0 2.4000000000000004 3.4000000000000004 0.6000000000000001 0 0 0 0 0 0 1 0 0.4 0 0 0 0 0 0 0 0 0 0 0 0 0 1.8 0 0 0 0.6000000000000001 0 0 1.4000000000000001 0 0 0.2 0.2 0 0 0 0 0 0 6.6000000000000005 2.4000000000000004 9.8 1.4000000000000001 0 2.2 0.8 13 2.2 3.4000000000000004 3.2 0 2.4000000000000004 5 0 0 12.8 2.2 4.4 1.4000000000000001 0 0 0 0 0 0 0 0 0 0 0 0 0 0 0 0 0 0 0 0 0 0 0 0 0.4 0 0 0 0 0 0 0 0 0 0 0 0 0 0 0 0 0 0.4 0 0 0.2 0 0 0 7.2 0 0 0 0 0.6000000000000001 0 0 0.4 15.4 0.2 0 0 0 0 0 0 0.8 0 0 0 0 0 0 0 0 0 2.6 0 0 0 0 1.4000000000000001 0 0 0 0 0 0 0 0 
 0 1.2000000000000002 0 0.2 0 30.6 4.800000000000001 0 0.2 0 0 0.6000000000000001 0 0.4 0 0.6000000000000001 0.2 0 0 14.600000000000001 72.2 0 33.800000000000004 56.2 18 48.6 42 32.2 9.200000000000001 38.400000000000006 6.800000000000001 22.200000000000003 70.60000000000001 45.400000000000006 14.600000000000001 52.2 22.6 34.2 32.2 26.6 0 0 0 0 0 0 0 0.6000000000000001 0 0.6000000000000001 0 0.4 12.4 0 0 0 0 0 0 0 0 0 0.6000000000000001 0 0 0 0 0 0 0 0 0 0.8 0 0.4 0.6000000000000001 0 0 0.4 1.2000000000000002 0 0 0 0 0 0 0 0.2 0 0 0 1.8 0 0 0 0 0 0 0 0 5 3.6 15 0 3.2 0 0.2 6.4 4.2 9 0.2 8.6 0 0 2.2 6.6000000000000005 0 0 0.2 0 0 0 0 0 0 0 0 0 0 0 4.6000000000000005 0 0 0 0 0 0 0 0 0 0 0 0 0 0 0 0 0 0 0 0 0 0 0 1 0 0 0 0 0.2 0 2.2 2 0.4 0 0 0.6000000000000001 0 0 1.4000000000000001 0 0 0 0 0 0 0 3.4000000000000004 0 0 7.4 7 4 0 0 5.2 6 5.4 2 0 2 2.4000000000000004 0.4 8.200000000000001 3 0 3.2 2.2 2.2 7.6000000000000005 0 0 0 0 0 0 0 0 0 0 0 0 0.2 0 0 0 0 0 0 0 0 0 0 0 0 0 0 0 0 0 0 0 0 0 0 0 0 0 0 3 0 0 0 0 0 15 0 0 0 14.8 0 0 0 1.4000000000000001 2 0 0.2 0 0 0.4 0.4 2.6 0 0 0 0 0 0 0 0 0 0 0 9.4 0 0 0 0 0 0 0 1.8 0 0 0 0 1.2000000000000002 0 0 0 
 15 0.4 0 0 14.8 5.4 0.4 0 0.2 0 0.6000000000000001 0.2 0 0.6000000000000001 0.4 0.8 0 0 0 0 37.800000000000004 33.800000000000004 0 52.800000000000004 27.6 21.200000000000003 31.6 31.6 19.8 26.6 23 9.600000000000001 30.200000000000003 25.200000000000003 30.400000000000002 28 29.200000000000003 27.8 26.6 31.200000000000003 0.4 12.200000000000001 0 0 0 0.4 0.4 0 2.2 0.6000000000000001 0.8 0.4 0.2 0 0 0 0 0.6000000000000001 0 0 0 0.4 0.6000000000000001 0.2 0.4 0 0 0 0.2 0.8 0 0.4 0.2 0 0.6000000000000001 0.6000000000000001 0.6000000000000001 0.8 0.4 3.4000000000000004 0 0 0 0 0 0 0.2 0 0 0 0 0 0 0 0 0 0 0 0 0 0.4 6 5.800000000000001 5.2 3 0 1.2000000000000002 4.2 6.2 0 3.4000000000000004 0 1.4000000000000001 3.6 0.2 5.2 2.8000000000000003 4.4 0 0 0 0 0 0 0 2.6 0 0 0 0 0 0 2.8000000000000003 0 0 0 2.2 0 5 0 3.8000000000000003 0 1.6 0 0 0 1 0 0.6000000000000001 0 0 0 0 0 0 0.4 0 0 0 0 0 0 0 0 2.8000000000000003 0 0 0 0 0 3.6 0 0 0.4 0 0 0 0 0 0 4.4 0.4 5.2 6.2 0 0.4 2.8000000000000003 0 2.8000000000000003 7.2 2.6 0 9.8 0.2 6.4 12.8 0 11.8 0 4 0 0 0 0 0 0 0 0 0 0 0 0 0 6.6000000000000005 0 0 0 0 2.2 1.6 0 0 0 0 0 0 0 0 0 0 0 0 0 0 0 3.6 0 0 0 0 0 0 0 0 0 0.2 0 0 0 0 0 0 0 0 1.6 0 0 8.4 0.2 0.4 0 0.4 0 0 0 0 0 0 0 0 0 0 0 0 0 0 0 0 0 0 0 0 0 0.4 0 0 0.6000000000000001 0 0 0 
 0.4 1 0.4 0.4 0.4 1 0.4 0.4 1 0.4 15 0.4 0.4 0.6000000000000001 0.4 1.2000000000000002 0.4 0.4 0.4 1 59.2 56.2 52.800000000000004 0 26.6 65.60000000000001 43 28 64.2 86.2 37.6 33.800000000000004 17.2 16.8 14 10 8.200000000000001 9.200000000000001 58.2 56.400000000000006 15.4 12.4 0 0 0 1.2000000000000002 3.4000000000000004 12.600000000000001 0.8 0.6000000000000001 1 0 0 12.8 0 0 0 0 0 16.2 0 0 0.8 0 0 0 0.8 0 0.2 0 0 0 0 0 0.4 0.6000000000000001 0 0 0.4 0 0 0 0 0 0 0 0 0 0 0 0 0 0.4 0 0.4 0 0 0 0 0 1.8 1.6 3.6 5.800000000000001 6.6000000000000005 0 2.4000000000000004 0.4 0 0 0 4.2 0 3.8000000000000003 0 0 0 4 0 0 4.6000000000000005 2 2.2 0.2 0 0 3.2 2.8000000000000003 2.4000000000000004 0 0 0 9.600000000000001 2 1.8 1.6 6.2 0 0 4.6000000000000005 0 0 0 0 0 0 0 0 0 0 0 0 0 0 0 0 0 0 0 0 0 0 0 0 0 0 0 0 0 0 0 0 0 0 0 0 0 0 0 0 0 0 2.2 2.4000000000000004 0.2 5.2 0.2 4.4 0.2 0 0 4 0 3.8000000000000003 0.6000000000000001 11 0 9.4 0 0.2 2.4000000000000004 0 0 0 0 0 0 0 0 0 0.4 0 0 0 0 0 0 0 4.6000000000000005 6.4 0 0 0 0 0 0 0 0 0 0 0 0 0 0 0 0.4 0.4 0 0 0 0 0 0 0 0 0 0 0 0 0 0 0.4 0 0 2.4000000000000004 0.2 0 34.800000000000004 23.400000000000002 0 0.8 0.4 0 0 0 0 0 0 0 0 0 0 0 0 0 0 0 0 0 0 0 1.4000000000000001 0 0 0 0 0 0 0 1.2000000000000002 
 0 1.8 0 0 0 0 0 0 0.8 0.4 0 0 0 0 0.4 0 0 0 0 0 21.6 18 27.6 26.6 0 101.60000000000001 29.200000000000003 47 86.2 23.400000000000002 28.6 29.200000000000003 18.8 83.60000000000001 16.400000000000002 61.6 29.6 22.200000000000003 16 18.6 0 0 0.8 1.4000000000000001 1.4000000000000001 0 0 12.8 0 0.8 0 0 0 12.4 0 0 0 0 13.4 12.4 0 1.2000000000000002 0.6000000000000001 0 0 0 0 0 0 0 0 0 1 0 0.4 0.6000000000000001 0 0 0.4 0 0 0 0 0 0 0 0 0 0 0 0 0 0 0 0 0 0 0 0 0 3 0 1.6 0.2 8.200000000000001 2.6 0 2.6 0 3.8000000000000003 4.2 8.8 0 5.4 0 2.2 0 0 0 0 1.2000000000000002 0 2.4000000000000004 0 0 0 0 2.2 0 0 0.2 0 10.200000000000001 5.6000000000000005 2.8000000000000003 4.2 1.8 0.6000000000000001 4 0.8 0 0 0 0 0 0 0 0 0 0 0 0 0.4 0 1 0 0 0 0 0 0 0 0 0 0.4 0 0 0 0 0 0 0 0 0 0 0 0 0 0 0 0.2 2.2 0 0.8 0 4.800000000000001 0 1.2000000000000002 0 0.2 0 4.2 0 7 0.6000000000000001 6 1.6 3.6 0 0 2.8000000000000003 0.2 4.6000000000000005 4.4 0 0 0 2 0 2 0 0 5 3.6 2.8000000000000003 0 0.4 0 0 3.8000000000000003 0 0 0 0 0 0 0.2 0 0 0 0 0 0 0 0 0 0 0 2.4000000000000004 0 0 0 0 0 0 0 0 0 0 0 0 0 0 0 3 0.4 0 15.4 2.4000000000000004 0.2 2.8000000000000003 1.8 0 0 0 0 2.2 0 0 0 0 0 0 0 0 0 0 0 0 0 0 1.4000000000000001 0 0 0 0 0 0 0 0 
 0 14.600000000000001 0 0.2 0 0 0.4 0 0 1.2000000000000002 0 0 0.6000000000000001 0.4 0 0.6000000000000001 0 0 0 0 50 48.6 21.200000000000003 65.60000000000001 101.60000000000001 0 6 13.200000000000001 19.6 56 72 43.6 8 10.600000000000001 9 73 69.4 77.4 8.200000000000001 10 7.2 12.200000000000001 0.6000000000000001 5.800000000000001 0.8 0 14.4 0 0 0.6000000000000001 0 0 12.4 0 13.600000000000001 0 0 0 17 0.2 0 0 0.6000000000000001 0 0 0 0 0 0 0 0 0 0 0 0.4 0.6000000000000001 0 0 0.4 0 0 0 0 0 0 0 0 0 0 0 0 0 0 0 0 0 0 0 0 0 0 0 0 3.8000000000000003 4.800000000000001 3.2 0 0 4 0.2 3.8000000000000003 0 0 0 0 0.4 4 0 0 0 5.800000000000001 2 7 0 0 0 4.4 2.8000000000000003 0 0 1.4000000000000001 1.6 6.800000000000001 3.8000000000000003 1.4000000000000001 1 0 0 3.4000000000000004 4.2 0 0 0 0 0 0 0 0 0 0 0 0 0 0.4 0.2 0 0 0 0 0 0 0 0 0.4 0 0 2 0 0.6000000000000001 0 0 0 0 0 0 0 0 0 0 0 0 0.2 0 0 2.6 7 0 2.6 2.4000000000000004 0 3.8000000000000003 4.2 0.4 0 0 0 0 2 0 0 6.2 0 3.8000000000000003 2 0 0 2 20.400000000000002 0 2 0 0 0.4 10.4 16.400000000000002 0 0.6000000000000001 4 1.6 1.4000000000000001 0 0 0 0 0.2 0 0 0 0 0 0 0 0 0 0 0 0 0 2.4000000000000004 0 0 0 0 0 0 0 0 0 0 0 0 0 0 0 0.6000000000000001 0 0.2 8 0 0 0.6000000000000001 0 0 0 0 0 0 0 0 0 0 0 0 0 0 0 0 0 0 0 0 0 0 0 0 2.8000000000000003 0 0 0 0 
 0 0.2 0 0 0.2 15.200000000000001 0 0 0 0 33.4 19 0 0 0.4 0.6000000000000001 0 0 0 0 16.400000000000002 42 31.6 43 29.200000000000003 6 0 43.6 13.600000000000001 13.4 21.400000000000002 19.6 29.6 37.4 23.8 12.4 23 9.8 23.200000000000003 15.8 0 0 0 0.2 0 0 0 0 0 0.6000000000000001 0 0.4 0 0.2 0 0 0 0 0 0 0 0 0.4 0 0 0 0 0 0 0 0 0 0 0 0.4 0.6000000000000001 0 0 0.6000000000000001 0 0 0 0 0 11.4 0 2.4000000000000004 0 0 0 0 0 0.8 0 0 0 0 0 0 0 0.4 8.4 2.4000000000000004 6.2 3.2 0 8.200000000000001 1.4000000000000001 0.2 2.8000000000000003 3.6 4.6000000000000005 3.2 3.6 6 5.6000000000000005 4 2 5.2 2.6 0 0 0 0 0 0 0 0 0 0 0 0 3.8000000000000003 0 0 0 0 0 5.6000000000000005 2.2 0 0 0 0 0 0 0 0 0.2 0 0 0 1.8 0 0.8 0 0 0 0 0 0 0 0 0 0 0 0 0 2 0.2 0 2.4000000000000004 0 0 0 0 0 0 0 0 1.8 5.6000000000000005 0 1.8 0 2.2 0.6000000000000001 2 0.2 4 2.4000000000000004 2.2 0 8.200000000000001 6.6000000000000005 8.4 0 4 3 3.6 0 0 0 0 0 0 0 0 0 0 0 0 3.4000000000000004 0 0 0 0 0 0 0 0 0 0 0 0 0 0 0 0 0 0 0 0 0 0 0 0 0 0 0 0 0 0 0 0 0 0 0 0 0 0 0 0.2 0 1.8 0.4 0.2 0.2 0 0.4 0 2.2 0 0 0 0 0 0 0 0 0 0 0 0 0 0 0 0 0 0 0 1.8 0 0 0 0 0 0 0 0 
 0 14.8 0.2 0 0 0.2 0 0 0 0 0 0 0 0 0 0.6000000000000001 0.2 0 0 0 39.6 32.2 31.6 28 47 13.200000000000001 43.6 0 11.200000000000001 7 28.200000000000003 40.2 44.6 51.800000000000004 70.8 5.800000000000001 39.6 36.800000000000004 21.8 14 0 0 0 0 0 0.6000000000000001 13.4 0 0.2 0.6000000000000001 0 0.4 0 0.2 0 0 0.6000000000000001 0 0 0 0 0.4 0.6000000000000001 0 0 0 0 0 0 0 6.6000000000000005 0 6.800000000000001 0 0.4 0.6000000000000001 0 0 0.4 0.4 0 0 0 0 0 0 0 0 0 0 0 0.2 0 0 0 0 0 0 0 0 6.6000000000000005 18.8 0 1.6 0.2 0.2 1.8 4 0.4 2.8000000000000003 8 16.8 1.4000000000000001 5.4 4.6000000000000005 5 0 1.6 2.4000000000000004 0 0 0 0 0 0.2 0.4 0 1.4000000000000001 0 0 0 0 7.6000000000000005 0 0 0 0 0 4.2 4.2 0 0 0.4 0 0 0 1.4000000000000001 0 2.2 0 0 0 0 0 0.6000000000000001 0 0 0 0 0 1.6 0 0 0 0 0 0.2 0 0 0 0 0.2 0 0 0 0 0 0 0.4 0 0.4 2.2 0 6.2 0 3.8000000000000003 0.4 4.4 2 6.800000000000001 5.6000000000000005 0.4 0 4.2 4 2.6 4.6000000000000005 6.6000000000000005 0 17.400000000000002 0 2.8000000000000003 0 0 0 0 1.8 0.2 0 0 0 0 0 0 0 0 0 0 0 0 0 0.2 0 0 0 0 0 0.4 0 0 0 0.2 0 0 4.6000000000000005 0 0 0 0 0 0 0 1.8 0 0 0.2 0 0 0 0 0 0 14.600000000000001 0 0.8 0 0 0.2 0.2 0 0 0 0 0 0 0 0.2 0 0 0 0 0 0 0 0 0 0 0 0 0 0 1.4000000000000001 0 0 0 0 0 0 0 0 
 0 0 0 0 0 0.6000000000000001 0 0 0.2 0.8 0.4 0.4 0 0 0 0 0.4 0 0 0 67 9.200000000000001 19.8 64.2 86.2 19.6 13.600000000000001 11.200000000000001 0 36.2 38 31.6 25.200000000000003 43.6 43.800000000000004 79.60000000000001 95 9 15 32.2 0 0 0 1.4000000000000001 0.2 1 0 0.8 2 0.6000000000000001 1.8 0.2 0 6.6000000000000005 0 0 0 0 0 0 0 0 0.6000000000000001 0 0 0 0 0 0 0 0.4 0 0 0 0.4 0.6000000000000001 0 0 0.4 0 0 0 0 0 0 0 0 0 0 0 0.4 0 0 0 0 4 0 0 0 0 0 2.6 0 8.6 0 2.6 0 3.4000000000000004 4.2 0 3.8000000000000003 3.4000000000000004 0 0 0.2 1.8 0 7.800000000000001 0 0.4 3.2 0 0 0 0 0 3.2 2 0 0 0 0 10.200000000000001 0.6000000000000001 2.6 0.2 0 0 0 8 0 0 0 0 0 0 0 0 0 0 0 0 0 1.2000000000000002 0 0 0 0 0 0 0 0 0 0 0 0 0 0 0 0.4 0 0 0 0 0 0 0 0 0 0 0 0 5.2 3.6 3 1.8 0 2.4000000000000004 2 0 0.2 2.8000000000000003 0 0 0 2 0 1.2000000000000002 0 0 0 0 0 0 0 0 0.2 0 0 0 0 0 3.6 0 0.2 0.4 0 0 4.2 0 0 0 0 0 0 0 0 0 0 0 0.4 0 0 0 0 0 0 0 0 0 0 0 0 0 0 0 0 0 0 0 0 0 0 0 3.4000000000000004 0 0 11 24.6 0.8 2.2 0 0 0 0 0 2.6 0 0 0 0 0 0 0 0 0 0 0 0 7.2 0 1.8 0 0 0 1.8 0 0 0 0 
 0 0 12.8 0 0 0.4 0 0 0 0 0 0 0.4 0 0.4 0.4 0 0 0 0 23.400000000000002 38.400000000000006 26.6 86.2 23.400000000000002 56 13.4 7 36.2 0 21.6 23.6 19.6 29.200000000000003 60.400000000000006 23.200000000000003 27.200000000000003 13.4 16.8 27.8 0 0 5.2 12.4 0 0 13 13.4 0 13.200000000000001 5.800000000000001 0.6000000000000001 0 15 0 0 0 0 0 25.400000000000002 0 0.6000000000000001 0.6000000000000001 0 0 0 3 10.200000000000001 2.2 0 0 0.2 0 0 0.4 0.6000000000000001 0 0 0.4 0 0 0 0 0.2 0 0 0 0 0 0 0 0 0 2 0 0 0 0 0 0 1.6 4.800000000000001 0 4 2.6 0 4 1.8 0 3.2 2.4000000000000004 10 0 0.2 1.6 4.800000000000001 0 0 0 0 7.4 0 0.4 0 0 0 0 2.2 2.6 0 0.2 0 2.8000000000000003 11 0 2.6 0 0 0 2.2 0 0 0 0 0 0 0 0 0 0 0 0 0 0 2.6 0 0 0 0 0 0 0 0 0 0 0 0 0 0.4 0 0 0 0 0 0 0 0 0 0 0 0.8 6.4 5.2 0 0.8 0 0.8 10 1.6 0.6000000000000001 2.2 6 0 2.2 2.8000000000000003 4 0 0 3 3.8000000000000003 2.6 0.4 0 0.2 0 0 2.8000000000000003 0.2 0 0 0 0 2.4000000000000004 0.2 0 0 0 0.2 5.800000000000001 2.2 0 0 0 0.2 0 0 0 0 0 0 0 0 0 0 0 0 0 0 0 0 0 0 0 0 0 0 0 0 0 0 0 0 0 0.2 3 0 0.4 15.8 1.6 0 3.4000000000000004 3 0 0 0 0 0 0 0 0 0 0 0 0 0 0 0 0 0 0 0 2.2 0 0 0 0 0 0 0 0 
 0 1.4000000000000001 0 0 0 0.6000000000000001 0 0 0 0.4 0 0.4 0.2 0 8.4 0 0 0 0 0.2 25 6.800000000000001 23 37.6 28.6 72 21.400000000000002 28.200000000000003 38 21.6 0 28.200000000000003 10 40.400000000000006 28.400000000000002 39.800000000000004 35.6 44.800000000000004 8.8 12.600000000000001 14.8 0.8 0 0 0 0 0.4 0 0 0.6000000000000001 0 0 1.2000000000000002 5.6000000000000005 0 0 0 13.4 0 0 0 0 1 1.2000000000000002 0 0 0 1.2000000000000002 0 0 0 0.4 0 0 0.4 0.6000000000000001 0 0 0.4 0 0 0 2.8000000000000003 0 0 0 0.4 0 0 0 0 0 0 0 0 0 0 0 0 0 0 0 5.800000000000001 1.4000000000000001 4 6.2 0 1.4000000000000001 0 0 2.4000000000000004 3.2 0.2 3.2 3 1.2000000000000002 1.6 5.800000000000001 0 0 0.6000000000000001 0 0 0 0 0 2.2 1.4000000000000001 0.4 0.2 0 0 5.800000000000001 0 0.8 0 7 0 0.4 4.800000000000001 0 0 0 0 0.2 0 0 0 0 0 0 0 0 0.6000000000000001 0 0 0 0 0 0 0 0 0 0 0 0 0 0 4.6000000000000005 0 0 0 0 0 0 0 0 0 0 0 0 0 4.800000000000001 3.2 3.6 13.4 0 3.4000000000000004 4.4 1.4000000000000001 3.6 4 0 5.2 2.4000000000000004 3 1.4000000000000001 9.600000000000001 0 0 0.4 0 0.4 0 0 3.6 2.6 0 0 0 0 0 2.8000000000000003 0.2 0 0 0 0.2 2.8000000000000003 3.8000000000000003 0 0 0 0 0 0 0 0 0 0 0 1.6 2.4000000000000004 0 0 0 0 0 0 0.2 0 0 2 0 0 0 0 0 0 0 0 0 0 0 0.4 0 0 39.400000000000006 0.4 0.4 1.4000000000000001 0 0 0 0 0 3.6 0 0 0 0 0 0 0 0 0 0 0 0 0 0 0.8 0 0 0 0 0 0 0 0 
