 0 46.2 90 61.6 23.6 8 11.200000000000001 48.2 77.80000000000001 29 29.200000000000003 77.80000000000001 7.6000000000000005 37.4 25.8 6.2 15.8 30.6 73.4 25 0 1 0 0.4 0.6000000000000001 0.4 0 0 0 0 1 0.4 0.6000000000000001 0.4 0.4 0 0.4 0 0.6000000000000001 0.6000000000000001 0 0.2 0.4 0 0.4 0.6000000000000001 0 0 2.2 0.6000000000000001 0 0 0 0.6000000000000001 1.2000000000000002 0 0 0 0.4 1 0.4 0.6000000000000001 0.6000000000000001 0.6000000000000001 0 0 0 0 0.6000000000000001 9.8 0 0 0.6000000000000001 0 0 0 0 0 0.6000000000000001 0.2 6 4.6000000000000005 2.2 0 0 0 0.2 14.8 11.8 0 2.6 3.6 3.6 6.2 2.2 1.4000000000000001 0 0 0 0 0 0 0 0 0 0 2.4000000000000004 0 0 0 0 0 0 0 0 0 0 0 1.8 1.2000000000000002 0 0.4 0 0 0 16.6 0.2 0 0 0 0.4 0 0 0 0 0 0 1.6 0 0 0 0 0 0 0 0 0.6000000000000001 0 0 0 0 0 0 0 0 0 0.4 0 0 0 2.6 8.6 0 0 0.4 3 3 2.2 0 3.4000000000000004 6.6000000000000005 2.2 3 0 5.4 0 1.8 0 6.2 0.2 0 0 0.4 0 0 0 0 2.8000000000000003 0 0 0 0 0 0 0 0 0 0 1 0 0 0 0 0 0 0 4.800000000000001 0 0 0 0 0 0 0 0 0 0 0 0.4 0 0 3.2 0 0 0 0 0 0 0 0 0 0 0 0 0 0 0.2 0 0 0 0 0 0 0 0 0 0.4 0 0 0.2 1.2000000000000002 3.2 0 0 0 0 0 0 0 0.4 0 0 0 0 0 0 0 0 0 0 0 0 0 0 0 0 0 0 0 0 0 0 0 0 0 0 0 0 0 0 
 46.2 0 41.6 12.4 17.8 44.400000000000006 103.60000000000001 13.600000000000001 25.6 53.800000000000004 4.6000000000000005 42.2 48 81.4 30.400000000000002 9.8 64 43.2 12 31 0 0.6000000000000001 0 0 0 0.4 0 0 0 0 0.6000000000000001 0.6000000000000001 0 0.2 3 0 0.4 0 0 0.8 0 0 0.4 0 0 0 0 0 0.6000000000000001 0.6000000000000001 0 0 0 0 0.6000000000000001 0 0 0 0 2 0.6000000000000001 0 0 0 0 0 0 0 0.4 12 0 0 0.6000000000000001 0.2 0 0 0 0 0 0 0.2 0.2 3.6 14.8 0 2 5.800000000000001 0 1.2000000000000002 4.800000000000001 9 1.8 4.800000000000001 1.4000000000000001 2.4000000000000004 10.8 2.6 4 4.2 0 2 0 0 0 0 0 0.6000000000000001 0 0 0 0 0 1.6 2.6 0.2 0 0 0 1.4000000000000001 0.4 0 0 0 0 0 0 0 0 0 0 0 0 0 0 0 0 0 0 0 0 0 0 0 2.4000000000000004 0 0 0 0 0 0 0 0 0 0 0 0 0 0 0 0 1.4000000000000001 0 3.6 1.4000000000000001 0.6000000000000001 3.6 0 0 0 7.800000000000001 0 3.8000000000000003 0 2 2.2 0.2 4.4 2.8000000000000003 0.2 0 12.4 0 0 0 0 0 1.4000000000000001 0 0 0 0 0 8.4 2.8000000000000003 1 0 0 0 0.6000000000000001 6.2 0 0 0 0 0 0 0.4 0 0 0 0 0 0 0 0 0 0 0 0 0 0 0 0 0 1.2000000000000002 0.2 0 0 0 0 0 0 0 0 0 0 0 0 0 0 0 1.8 0 0 0 0 0.2 0 0.4 9.200000000000001 0.6000000000000001 0.4 0 0 0 0 0 0 0 0 0 0 0 0 0 0 0 0 0 0 0 0 0 0 0 1 0.2 0.2 0 0 0 0 0 0 0 0 0 0 0 0 
 90 41.6 0 47.2 33.2 7.6000000000000005 29.200000000000003 25.8 49.6 30.200000000000003 43.400000000000006 18.8 14.8 37.6 33.800000000000004 46 29.6 35.800000000000004 42 28.400000000000002 0 0.6000000000000001 0.4 0 0 0.4 0.2 0 1 0 1 0.4 1 0.8 0.8 0 0 2 0 0.6000000000000001 1 0 12.200000000000001 0 0 0 0 0 0.6000000000000001 0.6000000000000001 1 0 0.8 0 4.800000000000001 0.6000000000000001 1.6 0 1 2 1.8 0 1.2000000000000002 0 9.600000000000001 1.2000000000000002 0 0.2 0.6000000000000001 8.200000000000001 0.2 0 0.6000000000000001 0 0 0.8 0.6000000000000001 0 0 0.4 8.4 2.6 5.6000000000000005 6.6000000000000005 0 0 0 13.600000000000001 2.6 1.4000000000000001 4.6000000000000005 2 3.4000000000000004 4.2 2 0 0 6.800000000000001 0 1.8 0 0 0.2 0 0 0 0 0 0 0 0 0.4 0 0 0 0 0 0.4 2 10.600000000000001 0.4 0 0.2 0 0 0 0 0 0 0 0 0 0 0 0 0 0 0 0 0 0.4 0 0 0 0 0.2 0.4 0 0 0 0.4 0 0 0 0 0 1.2000000000000002 0 0 0 2 5.6000000000000005 0 0 0.2 3.2 3.2 2 0 1.6 6.800000000000001 4.4 5.6000000000000005 3 0 0 0 3 7.6000000000000005 0 0 0 0 0 0 0 0.2 0.6000000000000001 0 0 0 0 0 0 0 0 0.2 0 4.6000000000000005 0 0 0 0 0 0 0 0 0 0 0 0 0 0 0 0 0 0 0 0 0 0 0.4 0 0 0 0 0 0 0 0 0 0 0 0 0 0 0 0 0 0 0 0 0 0 0 0 19.200000000000003 0 0 0 2.2 1.6 0 0 0 0 0 0 11.4 0 0 0 0 0 0 0 0 0 0 0.2 0 0 0 0.2 0 0 0 1.8 0 0 0 0 0 0 0 0 0 0 0 0 
 61.6 12.4 47.2 0 36 8.4 34.2 32.6 56.800000000000004 34.2 57 36.6 16 33.4 47.800000000000004 9.8 34.800000000000004 131.4 23.400000000000002 39.2 34.2 0.6000000000000001 7.2 0.4 0 0.4 0 0 0 0 0.6000000000000001 0.4 0 15.4 0.2 0 0 0.4 0 0.6000000000000001 0 0 0.4 0 0 0.2 0 0 0.6000000000000001 0.6000000000000001 0 0 0 0 0.6000000000000001 0 0 0 0 0 0.6000000000000001 0.4 0 0 0 0 0 0 0.4 8.8 0.2 0 0.4 0.6000000000000001 0 0 0 0 0 0 3.8000000000000003 2 6.800000000000001 0.8 8.6 2.6 2.4000000000000004 11.4 9.200000000000001 2 0 7.4 0.6000000000000001 2.8000000000000003 1.6 2 2.6 3 0.4 0.6000000000000001 0 0.6000000000000001 0 0 0 0 4.2 0 0 0 0 0 0 0 2.4000000000000004 0 2.2 0 0 3.8000000000000003 0 0 0 0.2 0 0 0 0 0 0 0 0 0 0 0 0 0 0 0 0 0 0 0 0 0 0 0.8 0 0 0 0 0 0 0 0 0 0.8 0 0 0 0 3.6 5.2 0 0 2.2 0 5.2 3.6 1.6 8.4 8 1.2000000000000002 2.4000000000000004 0 2.2 0.2 4.2 0 0 0 0 0 0.2 0 0 2.6 4.2 0 0 0 0 0.2 3.8000000000000003 0 0 0 0 2.4000000000000004 0 4.800000000000001 0 0 0 0 0 0.2 0 0 0 0 0 0 0 0 0 0 0.2 0 0 0 0 0 0 0.2 0.4 0 0 0 4 0 0 0 0 0 3.8000000000000003 0 0 0 0 0 0 0 0 0 0.4 0.8 0 0.4 0 2.4000000000000004 1 0 0.4 0 0 0 0 0 0 0 0 0 0 0.4 0 0 0 0 0 0 0 0 0 0 1.8 0 0 0 0 0 0 0 0 0 0 0 0 0 0 
 23.6 17.8 33.2 36 0 32.2 60.400000000000006 15 13 77.4 34.4 50.400000000000006 32.2 12 12.4 56.6 9.600000000000001 43.6 18.8 13 16 8.6 0.4 0 0 0.4 0 0 0 0.8 0.6000000000000001 0.8 0.4 31.200000000000003 31.400000000000002 0 0.2 0 5.800000000000001 20.400000000000002 0 0 0.4 0 0 0.2 0 0 1.8 0.6000000000000001 0 0 0 0 0.6000000000000001 0 0 0 0 0 0.6000000000000001 11 0 0 0 0 0 0 0.6000000000000001 10.600000000000001 0 0 0.6000000000000001 0 0 0 0 0 0 0 0 0 1.6 0 11.200000000000001 5.2 0 0 0 0 5.6000000000000005 0 2.8000000000000003 0 9 2.2 2.8000000000000003 0.2 0 0 0 0.2 0 2.6 0 0 2.2 8.6 4.2 0 0.2 0 6.6000000000000005 7.6000000000000005 3.4000000000000004 0 0 0 4.800000000000001 0.2 0 0 0 0 0 0 0 0 0 0 0 0 0.2 0 0 0 0 0 0 0 0 0 0.8 0 0 0 0 0 0 0 0 0.6000000000000001 0.2 0 0.2 0 0 1.8 0 0 0 2 2.2 2 0.2 0 0 0.4 0 2 2.6 0 0.8 0.8 0.2 0.4 2.8000000000000003 3.6 0 0 2.4000000000000004 5 0 1.8 0 0 6 0 4.6000000000000005 0.4 0 0 2 3.2 3.2 3.4000000000000004 0.2 0 2.4000000000000004 5.800000000000001 0 0 2.8000000000000003 0 0 0 0 0 0 0.2 0 0 0 0 0 0 0 0 0 0 0 0 0 0 0 0 0 0 0 0 0 0 0 0 0 0.4 0 0 0 2 0 0 0 0 0 1 8.8 0 0.6000000000000001 0 0 2 0 0 0 0 0 0 0 0 1.6 0 0.4 0 0 0 0 0 0 0 0 0 0 0 0 2 0.2 0 0 0 0 0 0 0 0 0 0 1.2000000000000002 0 0 
 8 44.400000000000006 7.6000000000000005 8.4 32.2 0 11 8.4 25.400000000000002 58.2 12.600000000000001 54.800000000000004 9.200000000000001 9.8 9.600000000000001 32.6 10.600000000000001 13 8.200000000000001 9.600000000000001 19.6 0.6000000000000001 0 0 0 0.4 7.4 0.6000000000000001 0 0 0.6000000000000001 0.4 0.8 0 0 0.2 0 0 14.8 15.4 0 0 0.4 0 0 0 12.600000000000001 0 0.6000000000000001 0.6000000000000001 0 0 0 0 0.6000000000000001 0 0 0 0 0 1 0 0 0 0 0 0.2 0 0.4 0.6000000000000001 0.2 1.4000000000000001 1.4000000000000001 1.4000000000000001 0.6000000000000001 0 0 0 0.6000000000000001 0 0 0.2 0.2 5.6000000000000005 2.6 3.6 0 0 0 5.800000000000001 5.6000000000000005 7.4 0 0 0 1.8 1.8 2 0 0 0 0 0 0 0 0 0.4 2.2 0 0 0 0 2.4000000000000004 7.6000000000000005 2.2 0 0 0 2.8000000000000003 0 0 0 0 0.2 0 0 0 0 0 0 3 0 0 0 0 6 0 0 0 0 0 0 0.8 0 0 0 0 0 0 0 0 0 0 0 0 0 0 0 0 0.2 0 0 0 4.800000000000001 4.800000000000001 2 0 0 0 4.6000000000000005 3 1.8 0 0 0 0 2.8000000000000003 7.2 0 0 6.800000000000001 2.6 1.6 0 0 0 1.4000000000000001 2 0 0 0 0 7 3.2 5 0 3 0 4.2 2.8000000000000003 0 0 2.2 0 0 0 0 0 0 0.4 0 0 0 0 0 0 0 0 0 0 0 0 0 0 0 0 0 0 0 0 0 0 0 0 0 0 0 0 0 0 0 0 0 0 0 1.2000000000000002 0.2 0 0 17.2 0 5.6000000000000005 0.8 0 0 0 0 0 0 0 0 0 0 0 0 0 0 0 0 0 0 0 0 0 0 0.6000000000000001 1.8 0 0 0 0 0 0 0 0 0 0 0 0 0 
 11.200000000000001 103.60000000000001 29.200000000000003 34.2 60.400000000000006 11 0 14.200000000000001 7.800000000000001 29.6 25.200000000000003 109 100.60000000000001 33 10.600000000000001 43.800000000000004 20.200000000000003 8.6 54.6 26.8 0 0.6000000000000001 0 0 0 0.4 0 0 0 0 0.6000000000000001 0.4 0 0 0.4 0 0 0.4 0.8 0.6000000000000001 1 0 0.4 0 0 0 0 0 0.6000000000000001 0.6000000000000001 0 0 0 0 0.6000000000000001 0 12.4 0 0 0 0.6000000000000001 0 0 0 0 0 0 0 0.6000000000000001 0.6000000000000001 0 0 0.6000000000000001 0 0 0 0 0 0 0 8.200000000000001 0.4 0 2.2 2.8000000000000003 0 8.8 2.4000000000000004 2 2.4000000000000004 2.8000000000000003 0 14.4 0.2 2.4000000000000004 6.800000000000001 0 6 0.2 8 0 0 0 0 0 0 0 0 0 0 0 0 0 0 0 0 0 0 0 0.4 0 0 0 0 0 0 0 0 0 0 0 0 0 0 0 0 0 0 0 0 0 0 0 0 0 0 0 0 0 2.8000000000000003 0 0 1 0 0 0 0 0 0 0 3.4000000000000004 3.2 3.8000000000000003 0 0.4 0.4 2.4000000000000004 0.2 2 1.4000000000000001 0 2.2 8.200000000000001 3 2 5 1.6 2.2 2.8000000000000003 3.4000000000000004 1.4000000000000001 0.4 0.2 0 0 0 0 0 0 0 0 0 0.4 0 0 0 0 0 2 0 0 0 0 0 0 0 0.2 0 0 0 0 0 0 0 0 0 0 0 0 2.4000000000000004 0 0 0 0 0 0 0 0 0 0 0 0 0 0 0 0 0.4 0 0 0 0 0 0 0 0 0 0.4 0.4 0.2 0 0 3 0 0 0 0 0 0.2 0 0 0 0 0 0 0 0 0 0 0 0 0 0 0 0 0 4 1.6 0 0 0 0 0 0 0 0 0 0 0 0 0 
 48.2 13.600000000000001 25.8 32.6 15 8.4 14.200000000000001 0 64 24 23.400000000000002 69.8 21.6 17 50.400000000000006 25.200000000000003 28.6 4.800000000000001 38.800000000000004 31.6 0 0.6000000000000001 1 0 6 0.4 0 0.4 0 14.600000000000001 0.6000000000000001 0.6000000000000001 0 0 0 0 0 0 0 0.6000000000000001 0 0 0.4 0 0 0 0 0 0.6000000000000001 0.6000000000000001 12.200000000000001 0 0 0 1.4000000000000001 0 0 0 0 0 0.6000000000000001 0.6000000000000001 0 0 0 0 0 0 0.4 0.6000000000000001 0 0 0.6000000000000001 0.4 0 0 0 0 0 0 0 2.8000000000000003 11.4 3.6 8.4 4.2 2.2 8.6 0.2 0 0 0 0.2 8.8 5.4 3.2 4.800000000000001 0.2 0 1.2000000000000002 0 0 0 0 0 0 0 0 0 0 0 0 0 0 0 0 0 0 0 0 0 0 0 0.2 0 0 0 0 0 0 0 0 0 0 0 0 0 0 0 0 0 0 0 0 0 0 0.4 0 0 0 0 0 0 0 0 0 0 0 0 0 0 2.4000000000000004 0.2 3.4000000000000004 3.6 2.8000000000000003 5.800000000000001 8.8 6.4 0 2.6 0.6000000000000001 2.6 2.2 0 2.4000000000000004 3.6 0 2.6 0 0 0 0 0 0 0 0.2 1.4000000000000001 0 0.2 0 0 0.2 0 0 0 0.2 0 2.2 0 0 0 0 0 0 0 0 0 0 0 0.4 0 0 0 0 0 0 0 0 0 0 0 0 0 0 0 0 0 0 0 0 0 0.2 0 0 0 0 0 0 0 0 2.6 0 0 0 0.4 0 0 3.4000000000000004 0.2 0 1.4000000000000001 0 0 0 0 0 0 0 0 0 0 0 9 0 0 0 0 0 0 0 0 0 0 0 0 0 0 0 0 0 0 0 0 0 0 0 0 0 0 
 77.80000000000001 25.6 49.6 56.800000000000004 13 25.400000000000002 7.800000000000001 64 0 68.4 50 92.2 69.4 72 31.200000000000003 39.800000000000004 21 40.2 17.400000000000002 16 0.2 1 1.2000000000000002 0 14.8 0.4 0 0 0 0 0.6000000000000001 0.6000000000000001 0.4 0 0 0 0 0 0 0.6000000000000001 0 0 0.4 0 0 0 0 0 0.6000000000000001 0.6000000000000001 0 0.2 0 0 0.6000000000000001 0 0 0 0 0 0.6000000000000001 0 0 0 10 0 7.6000000000000005 0 0.4 10.8 0 0 0.6000000000000001 0.2 0 0 0 0 0 0 1.2000000000000002 2 0 2.8000000000000003 0 2.2 0 1.8 2.2 6 2.4000000000000004 6.2 0 1.4000000000000001 4.2 3.2 0 2 0 0 5 0 3.2 0 0 0 2.6 0 0 0 0 0 0 0.2 0 0 0 0 2.2 1.8 0 0 0 0 0 0.4 0 0 0 0 0 0 0 0 0 0.2 0 0 0 0 0 0 0 0 0 0 0.4 0 0 0 0 0.2 0 0 0 0.2 1.4000000000000001 0 0.2 0 0 2.6 2 0 0 3 0 0 0 2.2 14 2.4000000000000004 0 0 0 0 0 1.8 0 0 1.2000000000000002 0 0 0.2 0 0 0 0.2 0 0 0 0 5.4 0 1.6 0 0 0 2.4000000000000004 0 0 0 0 0 0 0 0 0.2 0 0 0 0 0 0 0 0 0 0 0 0.2 0 0 0.2 0 0 0 0 0 0 0 0 0.2 0 0 0 0 0 0 0 0 0 0 0 0 0 0.2 18.400000000000002 0 0.4 5.6000000000000005 1.6 2 0 0 0.2 0 0 0 0 0 0 0 0 0 0 0 0 0 0 0 0 0 0 0 0 0 0 1.8 0 0 0 0 0 0 0 0 0 0 0 0 
 29 53.800000000000004 30.200000000000003 34.2 77.4 58.2 29.6 24 68.4 0 44.6 12.600000000000001 8.6 16.6 34.2 50.6 49.2 30.6 22.8 53.6 0 0.6000000000000001 0 0 0 0.4 0.4 0 0.6000000000000001 0 0.8 0.4 0 0 0 0 0 0 0 0.6000000000000001 0 0 0.4 0 0 0 0 0 0.6000000000000001 0.6000000000000001 1 0 0.4 0 4.2 0 0 0 0 0 0.6000000000000001 0 0 0 0 0 0 0 0.6000000000000001 6.6000000000000005 0 0 1 0.2 0 0 0 0 0 0 2.4000000000000004 0 6.4 8.4 3 0.6000000000000001 3.2 0.6000000000000001 2.6 16.2 5.2 3.2 1.8 0 0 5 2.2 8.200000000000001 2.6 3.4000000000000004 0 0 0 0 0 0 1.4000000000000001 0 0 0 0 0 0 0.2 0 0 0 0 3.8000000000000003 1.6 0 0 0 0 0 0 0 0 0 0 0 0 0 0 0 0 0 0 0 0 0 0 0 0 0.4 0 0 0 0 0 0 0 0 0 0.2 0 0 0 0 0 0 0 5.800000000000001 0 3.2 0 0 0.4 4 3 10.8 4.800000000000001 0.2 1.6 0.2 4.2 6 5.4 0.2 0 4 0 0 0 0 0 0 0 1.4000000000000001 0 0 0 0 0 1.8 0 0.2 0 6.2 0.2 0 0 0 0 0 0 0 0 0 0 0 0 0 0 0 0 0 0 0 0 0 0 0 0 0 0 0 0 0 0.2 4 0 0 0 0 0 0 0 0 0 0 0 0 0 0 0.6000000000000001 0.6000000000000001 0 0 19.200000000000003 1.2000000000000002 2.8000000000000003 0 0 0 0 0 0 0 0 0 0 0 0 0 0 0 0 0 0 0 0 0 0 0 2.8000000000000003 0 0 0 0 0 0 0 0 0 0 0 0 0 0 
 29.200000000000003 4.6000000000000005 43.400000000000006 57 34.4 12.600000000000001 25.200000000000003 23.400000000000002 50 44.6 0 49 44.2 37.2 26.6 56.400000000000006 116.2 56.6 22.400000000000002 10.8 0.6000000000000001 0.6000000000000001 0.4 0 0 0.4 14.8 0 0 0 0.6000000000000001 36 14.600000000000001 5 0.6000000000000001 15 0 0 0.6000000000000001 21.200000000000003 0 0 0.4 0.6000000000000001 0 0 0.6000000000000001 1.2000000000000002 0.6000000000000001 0.6000000000000001 0.4 0 0 0 0.6000000000000001 0.4 0 0 0 0 0.6000000000000001 0 0 0 0 0 0 0 1 10.8 0 10.8 0.6000000000000001 0.4 0 0 0 10.4 0 0.4 8.200000000000001 5.2 1.4000000000000001 0 0 0 1.4000000000000001 5 1.8 3.8000000000000003 0 6.800000000000001 0 5 6.4 3.8000000000000003 0 3.8000000000000003 0 0 3 0 0 0 0 0 4.800000000000001 0 0 0 0 0 0.2 0.4 0 0 0 0.2 4.800000000000001 2 0 0 0 0 0 0 0 0 0 0 0 0 0 0 0 0 0 0 0 0 0 0 0 0 0 0 1.4000000000000001 0 0 0 0 0 0 0 0 0 0.4 0 0 0 2.4000000000000004 0.4 3 1.6 2.8000000000000003 2.2 0.8 0 0 2.2 7 5.2 0 0 0 0 0 2.4000000000000004 0 0 0.2 0 0 0 0 0 0 3 0 0 0 0 2.6 0 2.8000000000000003 0 1.8 1.4000000000000001 8.200000000000001 2 0 0 0 0 0 0 0 0 0 0 2.8000000000000003 0 0 0 0 0 0 0 0 0 0 0 0 2.8000000000000003 0 0 0 0 0 0 0 0 0 0 0 0 0 0 0 0 0 0 0 0 0 0.4 19.200000000000003 0.2 1.2000000000000002 1.2000000000000002 1.6 3 1.4000000000000001 0 0 0 4.4 0 0 0 0 0 0 0 0 0 0 0 0 0 0 0 0 0 0 0 1.4000000000000001 0 0 0 0 0 0 0 0 0 0 0 0 0 
 77.80000000000001 42.2 18.8 36.6 50.400000000000006 54.800000000000004 109 69.8 92.2 12.600000000000001 49 0 91 9 26.400000000000002 43.800000000000004 45.6 37.4 9 8.6 0 0.6000000000000001 0 0 0 0.4 0.2 0 0 0 0.6000000000000001 0.4 16.400000000000002 0 0 0 0 0 0 42.400000000000006 0 0 0.4 0 0 12.600000000000001 0 0 0.6000000000000001 0.6000000000000001 0 0 0 0 0.6000000000000001 0 0 0 0 0 0.6000000000000001 0 0 0 0 0 0 0 0.4 6.800000000000001 0 0 0.6000000000000001 0.2 0 0 0 0 0 0 0 0 4.6000000000000005 3.2 12.8 1 3.2 4.6000000000000005 6.6000000000000005 3 3.4000000000000004 0.6000000000000001 3.8000000000000003 0 3.6 0.2 2 4.4 0 2.2 3.2 0 0 0 0 0 0.2 0.2 0 0 0 0 0 0 0 0 0 0 4.6000000000000005 4.2 0 0 0 0 0 0 0 2.8000000000000003 0 0 0 0 0 0 0 0 0 0 0 0 3.2 0 0 0 0 0 0.2 0 0 0 0 0 0 7.4 0 0 0 0 0 0 0 3.6 1.8 1 11.8 5.6000000000000005 0 1.4000000000000001 11.8 0 4.800000000000001 8.200000000000001 0 0.4 0 5.2 4 3.6 0 0.2 3.8000000000000003 0 0 0 0.4 0 0.2 1.6 0 0 0.2 0 5.800000000000001 0.8 2 0 0 0 8 0.2 0 0 0 0 0 0 0 0.2 0 0 0 0 0 0 0 0 0 0 0 0 0 0 0 0 0 0 0 0 0 0 0 0 0 0 0 0 0 0 0.4 0 0 2 0 0 0 0.6000000000000001 0.6000000000000001 0 0 18.6 2.2 1.4000000000000001 0 0 0 0 0 0 0 0 0 0 2.2 0 0 0 0 0 0 0 0 0 0 0 0 0.6000000000000001 0 0 0 0 0 0 0 0 0 0 0 0 0 0 
 7.6000000000000005 48 14.8 16 32.2 9.200000000000001 100.60000000000001 21.6 69.4 8.6 44.2 91 0 45.6 23.400000000000002 22.8 9.600000000000001 8.4 61.800000000000004 18.400000000000002 0 0.6000000000000001 0 0 0 0.4 0 0 0 0.2 0.6000000000000001 0.4 0 0 0.4 0 40 0.8 0 0.8 0.6000000000000001 0 0.4 0 0 0 0 0 0.6000000000000001 0.6000000000000001 0 0 0 0 0.6000000000000001 0 0 0 0 0 0.6000000000000001 0 0 0 0 0 0 0 0.4 0.6000000000000001 0 0 0.4 0.4 0 0 0 0 0 0 0 3.8000000000000003 2.2 0 3.4000000000000004 2.6 5.2 0 4.800000000000001 2 0 0 6.2 0.2 2.6 2.2 1.6 0 0 2.6 0 0 0 0 0 0.2 0 0 0 0 0 0 0 0 0 0 0 0 0 0 0 0 0 0 0 0 0 0 0 0 0 0 0 0 0 0 0 0 0.4 0 0 0 0 0 0 0 0 0.2 0 0.2 0 0 0 0 0 0 0 0 0 0 0.2 7 10.600000000000001 0.2 0.2 0 5 0.2 3.6 0.2 0 3.8000000000000003 0 0 5 4.2 4.4 2.8000000000000003 2.6 9 0 0 0 0 0 0 0.4 3.4000000000000004 0 0 0 0 0 0 0 0 0 0 0 0 0 0 0 0 0 0 0.8 0 0 0 0 0 0 0.4 0 0 0 0 0 0 0 0 0 0 0.8 0 0 0 0 0 0 0 0 0 0.4 0 0 0 0 0 0 0 0 0 0 0 0.2 0.2 1.6 0 0 1.8 0 0.2 0 0 0 0 0 0 0 0 0 0 0 0 0.4 0 0 0 0 0 0 0 0 0.8 0 0 0 0 0 0 0 0 0 0 0 0 0 0 
 37.4 81.4 37.6 33.4 12 9.8 33 17 72 16.6 37.2 9 45.6 0 45 26 63.6 57 131.8 47.400000000000006 13.8 1 0 0.4 0.2 0.8 0 0 0 0.8 1 0.4 14.600000000000001 0.2 0 0 0.4 0 0 0.6000000000000001 0 9.8 0.4 0 0 0.2 0 0 0.6000000000000001 0.6000000000000001 0 0 0 0 0.6000000000000001 0 0 0 0 1.2000000000000002 0.6000000000000001 0 0 0 0 0 0 0 0.6000000000000001 0.6000000000000001 0 0 0.6000000000000001 0 0 0 0 0 0 0 6.2 0.4 0 0.4 0 0 0 1.8 9 1.8 3.2 2.2 11 1.8 4.800000000000001 1.2000000000000002 5.4 0 2.4000000000000004 2.8000000000000003 0 0 0 0 2.2 0 0 0 0 0 0 0 0 0 0 0 3.8000000000000003 0 0 0 0 0 0 0 0 0 0 0 0 0 0 0 0 0 0 0 0 0 0 0 0 0 0 0 0 0 0.4 0 0 0 0 0 0 0 0 0 2.2 0 0 0 1.4000000000000001 2.6 2.4000000000000004 2.8000000000000003 0.4 2.4000000000000004 5 0 0.2 2.6 0 2.6 0 0.6000000000000001 6 3.4000000000000004 4.6000000000000005 0 5.4 4.2 0 0 0 0 0 0 0 0.2 0 0 0 0 0 0 0 0 0 0 0 0 0 0 0 3.2 0 0 0 0 0 0 0 0 0 3.8000000000000003 0 1.8 0 0 0 0 0 0 0 0 2.2 0.4 0 0 0 0 0 0 0 0 0 0 0 0 0 0 0 0 0 0 0 0 18.2 0.4 0 0 0 1.4000000000000001 0 0 0 0 0 0.4 0 0 0 0 0 0 0 0 0 0 0 0 0 0 0 0 0 0 0 1.8 0 0 0 0 0 0 0 0 0 0 0 0 
 25.8 30.400000000000002 33.800000000000004 47.800000000000004 12.4 9.600000000000001 10.600000000000001 50.400000000000006 31.200000000000003 34.2 26.6 26.400000000000002 23.400000000000002 45 0 38.6 12 51.2 33.800000000000004 48.400000000000006 0 15.600000000000001 0 0.4 0 0.8 0 0.4 0 0 0.6000000000000001 0.6000000000000001 0 0 0 0.4 0 0.2 0 0.8 0 0 0.4 0 0 0 0 0.2 0.6000000000000001 0.6000000000000001 0 0 0 0 1 0 0.4 0 0 0 0.6000000000000001 0 0 0 0 0 0 0 0.6000000000000001 0.6000000000000001 0 0 0.6000000000000001 0 0 0 0 0 0 0 3.4000000000000004 2.4000000000000004 6.4 3.6 7 9 1.4000000000000001 2.4000000000000004 1.2000000000000002 6.2 3.8000000000000003 2.6 0 6 1.8 2 10.4 0 0.2 1 0 0 0 0 0 0 0 0 0 0 0 0 0 0 0 0 0 0 0 0 0 0 0 0 0 0 0 0 0 0 0 0 0 0 0 0 0 0 0 0 0 0 0 0 0 0 0.8 0 0 0 3.8000000000000003 0 0 0 0 0 1.6 0 0 0 0.2 7.6000000000000005 0 2.4000000000000004 2.6 6.2 0 4.4 4.6000000000000005 4.6000000000000005 0 0.2 0 2.6 0 2 7.2 1 0 0 0 0 0 0 0 0 0 0 0 0 0 0 7.6000000000000005 0 0 0 0.2 0 4 0 0 0 0 0 0 0 0 0 0 0 0 0 0 0 0 0 0 0 0 0 0 0 0 0 0 0 3.8000000000000003 0 0 0 0 0 0 0 0 0 0 0 0 0 0 2.6 0 0 0 0.8 18 0 17.400000000000002 0 0 2 0 0 0 0 0.4 0 0 0 0 0 0 0 0 0 0 0 0 0 0 0 0 0 0 0 0 2.2 0 0 0 0 0 0 0 0 0 0 0 0 
 6.2 9.8 46 9.8 56.6 32.6 43.800000000000004 25.200000000000003 39.800000000000004 50.6 56.400000000000006 43.800000000000004 22.8 26 38.6 0 9.200000000000001 90 28.200000000000003 49.6 0 0.6000000000000001 0 0 0 0.4 0 41.400000000000006 0 0 0.6000000000000001 0.4 0 0 0 0 0 0 0.4 0.6000000000000001 0 0 0.4 0 0 0 0 0 0.6000000000000001 0.6000000000000001 0 0 0 0 0.6000000000000001 0 0 0 0 0 0.6000000000000001 0 0 0 0 0 0 0 0.4 0.6000000000000001 0 0 0.6000000000000001 0.2 0 0 0 0 0 0 8 0 1.8 16.2 3.6 9 4.2 1.8 5.4 3 3.2 5.4 0.4 2.2 2.4000000000000004 0.2 7.4 7.4 3.6 5 2.2 0 0 0 0 0 0 0 0 0 0 0 0 0 0 0 0 0 0 0 1.8 0 0 0 0 0 0 0 0 0 0 0 0 0 0 0 0 0 0 0 1.2000000000000002 0 0 0 0 0 0 0 0 0 0 0 0 0 0 0 1.4000000000000001 0 6.800000000000001 0 0 4.4 0 4 2.4000000000000004 0 0.4 2.2 7.6000000000000005 0 0 5 0 2.2 0 9.200000000000001 18.400000000000002 3 0 0 3.2 0 0 2.2 0 2.8000000000000003 0 0 0 0 0 0 4.2 0 1.6 0.2 0.2 0 2.4000000000000004 0 0 0 0 0 0 0 0 0 0 0 0 0 0 0 0 0 0 0 0 0 0 0 0 0 0 0 0 0 0 0 0 0 0 0 0 0 0 0 0 0 0 2.6 0 0 0 0 1.4000000000000001 0.4 17 8.4 0 0.6000000000000001 0 0 0 0 0 0 0 0 0 0 0 0 0 0 0 0 0 0 0 0 0 0 0 0.2 0 0.2 0 0 0 0 0 0 0 0 0 0 0 0 
 15.8 64 29.6 34.800000000000004 9.600000000000001 10.600000000000001 20.200000000000003 28.6 21 49.2 116.2 45.6 9.600000000000001 63.6 12 9.200000000000001 0 22.400000000000002 6.6000000000000005 29.200000000000003 0 0.6000000000000001 41.6 0 0 0.4 14.8 0 0 0 0.8 0.4 0 15.4 0 0 0 0 0 0.6000000000000001 0 0 0.4 0 0 0 0 0 0.6000000000000001 0.6000000000000001 0 0 0 0 0.6000000000000001 0 0 0 0 0 0.6000000000000001 0 0 0 0 0 0 0 0.8 10.8 0 0 0.6000000000000001 0 0 0 0 0 0 0 8.200000000000001 4.4 0 0 0 0.2 0.8 0.4 0 1.8 0.2 4.2 0 0 0.8 4 0 2.4000000000000004 0 0 0 0 0 0 0 0 6.4 0 0 0.4 0 0 0 0.4 0 0 0 0 5.6000000000000005 2 0 0 0 0 0 0 0 0 0 0 0 0 0 0 0 0 0 0 0 0 0 2.2 0 0 0.4 0 1.6 0 0 0 0 0 0 0 0 0 0 0 0.4 0 1.6 1 2.8000000000000003 1.2000000000000002 3.8000000000000003 0 0.8 0 2.4000000000000004 3.8000000000000003 3.6 3 0 0 0 0 8.4 1.6 0 0 2 0 2.8000000000000003 0 0 0 3 2.8000000000000003 0 0 0 0 6.2 5.4 0.2 0 0.4 0 4.2 2.8000000000000003 0 0 0 0 0 0 0 0 0 0 0 0 0.4 0 0 0 0 0 0 0 0 0 0 0 0 0 0 0 2.6 0.2 0 0 0 0 0 0 0 0 0 0 0 0 0 0 0 0 0.6000000000000001 0 0.4 16.8 1.6 0.4 0.8 0 0 0 0 0 0 0 0 0 0 0 0 0 0 0 0 0 0 0 0 0 0 0 1.4000000000000001 0 0 0 0 0 0 0 0 0 0 0 0 0 
 30.6 43.2 35.800000000000004 131.4 43.6 13 8.6 4.800000000000001 40.2 30.6 56.6 37.4 8.4 57 51.2 90 22.400000000000002 0 8 8.4 0 0.6000000000000001 0 0 0 0.4 0 0 0 0 0.6000000000000001 0.4 14.8 14.8 0.4 0 0 0.6000000000000001 12.600000000000001 0.6000000000000001 0 0 0.4 0 0 0 0 0 0.6000000000000001 0.6000000000000001 0 0 1.2000000000000002 0 0.6000000000000001 0 0 0 0 0.2 0.6000000000000001 0 0.2 0 0 0 0 0 0.4 9.600000000000001 0 0 0.4 0.4 0 0 0 0 0 0 3.6 2.2 0 0.4 3.8000000000000003 0.2 0.2 1.8 4.4 5.6000000000000005 2.2 3.2 0.2 4.2 3.8000000000000003 0 0 4 0 0 0.8 0 0 0 0 0 3.2 0 0 0 0 0 0 0 0 0 0 0 5.4 1 0 0.4 0 0 3 3.6 0.2 0 0 3.4000000000000004 0.4 0 0 0 0 0 0 0.2 1.4000000000000001 0 0 0 0 0 0 0 1.4000000000000001 0 0 0 0 0 0 0 0 0 0.8 0 0 0 0.2 3 0 0.8 0.4 6 0 0.2 0 2 3.2 3.6 0 3.2 2.8000000000000003 0.4 0 0 0 0 6.800000000000001 0.2 0 0 0 0 0 4.4 0 0 0 0 3.4000000000000004 0 2.2 0 0 0 1 3.2 0.2 0 0 0 0 0 0 0 0 0 0 0 0 0 0 0 0 0 0.4 0 0 0 0 0 0 0 0 0 0.2 0 0.2 0 0 3.4000000000000004 0 0 0 0 0 0 0 0 0 0 0 0.8 17.2 0 0.6000000000000001 35.2 1.2000000000000002 1.2000000000000002 2.2 0 0 0 0 0 0 0 0 0 2.2 0 0 0 1.8 0 0 0 0 0 0 0 0 0.2 0 2 0 0 0 0 0 0 0 0 0 0 0 0 
 73.4 12 42 23.400000000000002 18.8 8.200000000000001 54.6 38.800000000000004 17.400000000000002 22.8 22.400000000000002 9 61.800000000000004 131.8 33.800000000000004 28.200000000000003 6.6000000000000005 8 0 59.400000000000006 0 0.8 0.8 0 0.2 0.4 0 0 0 0.2 0.6000000000000001 0.4 0.2 0 0.2 0 0 0 0 1.4000000000000001 0.8 0 4.2 0 0 0 0 2.8000000000000003 0.6000000000000001 5 0 0 4.2 0 4.800000000000001 0 0.2 0 0 2.2 0.6000000000000001 0.4 0 0 0 0 0 0 0.4 0.6000000000000001 0 0.4 0.6000000000000001 0.2 0 0 0 0 0 0 3.2 2.4000000000000004 6.4 0 3 1.8 4.800000000000001 3.6 0 0 3 0 3 5.4 2 1.4000000000000001 1.8 0 3.2 0 0 0 0 0 2.8000000000000003 0 0 0 0 0 0 0 0 0 0 0 0 0 0 0 3.8000000000000003 0 0 0 0 0 0 0 0 0 0 0 0 0 0 0 0 0 0 0 0 0.2 0 0 0.2 0 0 0 0 0 0 0 0 0 0.4 0 0 0 0.8 0 3.4000000000000004 9.8 0 0 0.4 0 0.6000000000000001 3.2 3.8000000000000003 1.4000000000000001 0 0 2 2.2 3.8000000000000003 0.2 0.2 0 3.4000000000000004 3.2 0 0 0 0 0 0 0 0 0 0 0 0 0 0 0 3 0 0 0 0.4 0 0 0 0 0 0 0 0 0 0 0 0 0.2 0 0 0 0 0 0 0 0 0 0 0 0 0 0 0 0 0.4 0 0 0 0 0 0 0 0 0 0 0 0 0 0 0 0 0 0.2 9.4 0.4 0 1.2000000000000002 0 0 0 0 0 0 0 0 0 0 2.2 0 0 0 0 0 0 0 0 0 0 0 0 0 0 0 0 0 0 0 0 0 0 0 0 0 0 0 
 25 31 28.400000000000002 39.2 13 9.600000000000001 26.8 31.6 16 53.6 10.8 8.6 18.400000000000002 47.400000000000006 48.400000000000006 49.6 29.200000000000003 8.4 59.400000000000006 0 0 0.6000000000000001 0 0 0 0.4 0 0 0.4 0 0.6000000000000001 0.4 0 0 0 0 0 0 0.4 0.6000000000000001 0.2 0 0.8 0 0 0 0 0 0.6000000000000001 0.6000000000000001 0 0.2 0.4 0 0.6000000000000001 0.6000000000000001 0.6000000000000001 0 0.2 0.8 0.6000000000000001 0 0 0 0 0 0.2 0 0.6000000000000001 0.6000000000000001 0 0 0.6000000000000001 0 0 0 0 0 0 0.2 5.6000000000000005 2.4000000000000004 5.4 4.4 2.6 0.8 7.6000000000000005 7.4 1.2000000000000002 2 3 0.4 13.200000000000001 4.2 0 0 3.8000000000000003 2 3.8000000000000003 5.800000000000001 0 0 0 0 0 0 0 0 0 0 0 0 0 0 0 0.2 0 0 0 0 0 0 0 0.2 0 0 0 0 0 0 0 0 0 0 0 0 0 0 0 0 0 0 0 0 0 0 0.2 0 0 0 0 0 0 0 0 0 0.6000000000000001 0 0 0 5.800000000000001 9.600000000000001 0 0 0.2 0 3.2 5.6000000000000005 4 3.8000000000000003 6.800000000000001 0.4 6.4 8.6 0 2.2 3.8000000000000003 0.6000000000000001 4.4 0 0 0 0 0 0 0 0 0.2 0 0 3.2 0 0.2 0 0 0 0 0 0 0 0 0 0 0 0 0 0.2 0 0 0 0 0 0 0 0 0 0 0.2 0 0 0 0 0 0 0 0.4 0 0 0 0 0 0 0 0 0 0 0 0 0 0 0 0 0 0 0 0 19.400000000000002 0.2 18.400000000000002 0 0 2.6 0 0 0 0 0.4 0 0 0 0 0 0 0 0 0 0 0 0 0 0 0 0.2 0 0 2.4000000000000004 0 2 0 0 0 0 0 0 0 0 0 0 0 0 
 0 0 0 34.2 16 19.6 0 0 0.2 0 0.6000000000000001 0 0 13.8 0 0 0 0 0 0 0 40.6 20.6 31.200000000000003 9.4 45.800000000000004 47.6 10.8 10.200000000000001 10.4 36 7.6000000000000005 50 6.800000000000001 13.600000000000001 24.400000000000002 6.2 31.6 9.4 21.8 0 12.4 0.6000000000000001 0 0 0 0.4 0.6000000000000001 0 0.4 0 0.4 1.2000000000000002 0 0 1.4000000000000001 0.6000000000000001 0.2 4.6000000000000005 0 0.8 0.6000000000000001 0.8 1 0 1.8 0.6000000000000001 0.4 1 0 0 0 0.6000000000000001 0.4 0.4 0.8 0.6000000000000001 0 0 1.4000000000000001 0 0 0 0.8 7.6000000000000005 0 0 0 0 0.2 0 3.4000000000000004 0 0 0 0 0.4 4.6000000000000005 0 0 0 4.4 0 0.2 3.4000000000000004 0 5.800000000000001 5.6000000000000005 2.6 2.2 3.4000000000000004 0 0 2.6 22.6 2.2 2.8000000000000003 5.6000000000000005 4.4 4 0 0 0 0 0 0 2.2 0 0 0 0 0 0 0 0 0 0 0 0 0 0 0 1 0 0 0 0 0 0 0 3.6 0 0 0 0 0 0.4 0 0 0 0 0 0 4.6000000000000005 4 2.2 0 0.2 0 0 1.2000000000000002 0 0 0 0 0 0 0 0 0 2.8000000000000003 8.8 3.6 3.2 1.4000000000000001 0 6 2.6 2.2 2.6 0 0 2.4000000000000004 6.4 3.2 2.4000000000000004 4.4 0 0 0 0 0 1.6 0 0 0 0 0 0 0 0 0 2.6 0 0 0 0 0.6000000000000001 0 0 0 0 1.8 0 0 0 0 0 0 0 0 0 0.4 0 0 0 0 0 0 0 0 0 0 0 0 0 0.2 0 0 0 0 0 0 0 2.8000000000000003 0 0 15.600000000000001 0 0 0.4 0 0 0 0 0 1.8 0 0 0 0 0 0 0 0 0 3.6 0 0 0 0 0 0 0 0 0 0 0 0 0 
 1 0.6000000000000001 0.6000000000000001 0.6000000000000001 8.6 0.6000000000000001 0.6000000000000001 0.6000000000000001 1 0.6000000000000001 0.6000000000000001 0.6000000000000001 0.6000000000000001 1 15.600000000000001 0.6000000000000001 0.6000000000000001 0.6000000000000001 0.8 0.6000000000000001 40.6 0 47.2 18.400000000000002 9.8 38.800000000000004 60.800000000000004 22.8 36.2 25.200000000000003 21.200000000000003 11.200000000000001 31 33.6 45.2 74.60000000000001 25.200000000000003 13.200000000000001 10 23 1 4.4 0.4 0 0 0 0.6000000000000001 0 0.4 0 0 0 0.4 0 0 0.6000000000000001 1 0 0.4 0 0 0.6000000000000001 0 0 0 0.4 0.6000000000000001 0 0.2 0 0 0 0.6000000000000001 0.6000000000000001 0.4 0.8 0 0 0 11 0 0 0 0 0 0 0 0 0.2 0 0 0 0 0 0 0 0 0 0 0 3.6 0 1.6 0 2 0 9.200000000000001 0.4 5.2 5 3 1 0 2 3 0 0 0 2.6 1.6 0 0 0 2 0 0 7.2 4 0 0 0 0 0 0 0 0 0 0.2 0 0 0 0 0 0 0 0 0 0 0 0 4.2 0 0 0 0 0.4 0 0 0 0 0 0 0 0 0.2 1.8 0 0.4 0 0 0 0 0.8 0.8 0 0 0 0 0 0 2.6 0 8 3 0 4.2 4.4 2.2 7.6000000000000005 1.8 0.2 0 0 0.2 3.4000000000000004 6.2 0 1.6 0 0 0 0 0 0 0 0 0 1.4000000000000001 0 0 0 0 1.4000000000000001 0 0 0 0 0.2 0 0 0.2 0 0 0 0 0 0 0 0 0 0 0 0 0 0 0 0 0 0 0 0 0 0 0 0 0 0 0 0 0 0 0 0 0 2.6 0.4 0 15.4 0 0 2.4000000000000004 0 0 0 0 0 0 0 0 0 0 0 0 0 0 0 0 0 0 0 0 0 0 0 0 0 1.6 0 0 0 
 0 0 0.4 7.2 0.4 0 0 1 1.2000000000000002 0 0.4 0 0 0 0 0 41.6 0 0.8 0 20.6 47.2 0 19 12.600000000000001 7.2 32.6 37.6 16.6 37.6 5.6000000000000005 20.8 33.800000000000004 13.8 90.60000000000001 37.4 8.4 13.200000000000001 50.6 18.400000000000002 0 0 0.4 0 0 0 0 0 0 0 0 0 0.4 0 0 0.6000000000000001 0.6000000000000001 0 13.200000000000001 0 0 1.6 0.6000000000000001 0 0 0 0.6000000000000001 0 0.6000000000000001 0 0 4.6000000000000005 0.4 0.4 0.6000000000000001 0.6000000000000001 14.200000000000001 0 0 0.2 0 0 0 0 0 1.4000000000000001 0 0 0 0 0 0 0.2 0 0.2 0 0 0 0 0 9 13 0 4 0 0 2.6 2.4000000000000004 1.4000000000000001 5.800000000000001 4.2 2.2 2.2 4 2 1.8 0 6.6000000000000005 2.4000000000000004 3.6 1.6 0 1.4000000000000001 0.4 0.4 0 0 0 0 0 0 0 0 0 0 0 0 0 2.2 0 0 0.4 0 0 0 0 0.4 0 0 0 0 0 0 0 1 0 0 0 0 0 0 0 0 0 4.2 0 0 0 0 0 0 0 0 0 0 0 0 0.4 0 0 3.8000000000000003 0 2.6 0 0 2.2 10.200000000000001 0 7.2 2.8000000000000003 7.2 9.4 0 0.6000000000000001 5.6000000000000005 3 4.2 1.8 1.6 0 0 0 0 0 0 0 5.800000000000001 0 0 0 0 0 0.2 0 1.2000000000000002 0.4 0 3.6 0 0.8 0 0.2 0 0.4 0 0 0 0 0 0 0 0 0 0 0 2.2 0 0 0 0 0 0 0.4 0 0 0 0 0 0 0 0 0 0 0 1.6 0.4 0.2 0 1.4000000000000001 0 0.4 2.2 0 0 0 0 0 0 0 0 0 0 0 0 0 0 0 0 0 0 0 1.6 0 0 0 0 0 0 0 0 
 0.4 0 0 0.4 0 0 0 0 0 0 0 0 0 0.4 0.4 0 0 0 0 0 31.200000000000003 18.400000000000002 19 0 50.6 7.6000000000000005 26.6 17.400000000000002 18.8 36.6 15 26.8 56.400000000000006 11.4 31.400000000000002 22.200000000000003 24 18.8 21.400000000000002 34.800000000000004 0 0 0.4 0 0 0 0.4 0 0 1.4000000000000001 0 3.8000000000000003 1 0.2 0 0.6000000000000001 0.6000000000000001 0 13 0 0 0.6000000000000001 0.6000000000000001 0 0 2.4000000000000004 0.6000000000000001 0 0.6000000000000001 0 0 5.4 0.4 0.4 0.6000000000000001 0.6000000000000001 0 0 0 13 0 0 0 0 0 0 0 0 0 0 0 0 0 0 0 0 0 0 0 0 0 0 3 4.2 11.8 2 0 2.4000000000000004 6 2 0.4 4.6000000000000005 5 2.4000000000000004 0 2.8000000000000003 3.4000000000000004 0 0 2.8000000000000003 3 0 2 2.8000000000000003 0 0 3.6 0 0 0 0.6000000000000001 0.2 6.6000000000000005 4.6000000000000005 0.4 3.6 1.8 0 2 0 0 0 0 0 0.4 0 2.4000000000000004 0 0 0 0 0 0 0 0 0 0 0 0 0 0.6000000000000001 0 0 0 0.2 0 0 0 0 0 0 0 0 1.4000000000000001 0 0 0 0 0 0 0 4.2 2 6.2 0 0 0 0 2.2 9.8 0 18.400000000000002 0 0 3.6 3.6 3.4000000000000004 3.6 0 2.6 0 1.6 0.2 0 0.4 0 3 0 9 0 0 0 0 1.6 3 0 0.6000000000000001 1.8 2.4000000000000004 0 0 0 0 0 0 0 0 0 0 0 0 0 0 2.4000000000000004 0 0 0 0 0 0 0 0 4.2 0 0 0 0 0 0 0 0 0 0 0 0.6000000000000001 0.2 0.4 32 0 0.4 1.4000000000000001 0 0 0 0 0 3 0 0 0 3 0 0 0 0 0 0 0 0 3.4000000000000004 0 3.6 0 0 0 0 0 0 0 0 
 0.6000000000000001 0 0 0 0 0 0 6 14.8 0 0 0 0 0.2 0 0 0 0 0.2 0 9.4 9.8 12.600000000000001 50.6 0 92.2 9.8 25.400000000000002 12.200000000000001 14.8 21 12.200000000000001 17.8 13.200000000000001 15.600000000000001 18.8 27.200000000000003 6.2 13.4 17.2 0.2 0 0.4 0.8 0 0 0.2 0.2 13.600000000000001 0.8 10.4 0.6000000000000001 1 38.400000000000006 13.8 7.6000000000000005 16.6 0.8 13.600000000000001 3.4000000000000004 0 0.6000000000000001 0.6000000000000001 1.2000000000000002 0.6000000000000001 0 0.6000000000000001 0 1.4000000000000001 1.2000000000000002 0.6000000000000001 0 0.6000000000000001 0.4 1 1.8 0.6000000000000001 0 0 0.4 0 0 6 0 0 0 0 0.4 0 0 0 0 0 3.4000000000000004 0 0 0 0 0 0 0 0 0 2.4000000000000004 0 1.8 0 0 0 0 0.2 2.6 0 0 0 0 0 0 0 0 9 2.8000000000000003 3.6 2 1.2000000000000002 2 2.4000000000000004 8.8 4.6000000000000005 0.4 2.8000000000000003 2 3.8000000000000003 3 7.2 0.4 5 0.2 9 4.2 0 0 0 0 0.6000000000000001 0 0 0 0 0 0 0 0 0.4 0 0.4 0 0 1 0 0 0 0 0 0 0 0 0 0 0 0 0 0 0 0 0 0 0 0 0 0 0 0 0 5.4 5.4 0.4 0 0 0.2 0 0 0 0 0.4 0 0 3.2 0 0 1.4000000000000001 2.2 2 0 1.6 0 5.6000000000000005 2.2 3 2 0 0 3.6 2 3.8000000000000003 6.800000000000001 4.6000000000000005 6.4 3.6 1.4000000000000001 0.2 0 0 0 0 0 0 0 2.8000000000000003 0 0 0 0 0 0 0 0 0 0 0 0 0 0 0 0 0 0 0 0 0 0 0 0 0 2.2 0 0.8 0.8 14.8 0.4 1 0 2.8000000000000003 0 0 0 0 0 0 0 2 0 0 0.4 0 0 0 0 0 0 0 0 0 0 3.6 1.2000000000000002 0 0 0 0 
 0.4 0.4 0.4 0.4 0.4 0.4 0.4 0.4 0.4 0.4 0.4 0.4 0.4 0.8 0.8 0.4 0.4 0.4 0.4 0.4 45.800000000000004 38.800000000000004 7.2 7.6000000000000005 92.2 0 8.200000000000001 34 26.6 25 13.200000000000001 31.200000000000003 11 9 10.600000000000001 13 92.4 24.8 9.200000000000001 54.800000000000004 0 0 0.4 0.4 0 0.2 0 0 0.2 0 0 0 0.4 12.200000000000001 12.200000000000001 0.6000000000000001 0.8 0 12.8 15.8 0 0.6000000000000001 0.4 0 0 0 0.6000000000000001 0 0.8 0 0 0 0.6000000000000001 0.4 0.4 0.6000000000000001 0 0 0 0.4 0 0 0 0 0 0 0 0 0 0.4 0 0.4 0 0 0 0 0 0 0 0 1.8 0 2.6 2.2 2.6 2.2 0 0 3.6 2 0.6000000000000001 0 0 0 0 0 0 0 0 0 9.600000000000001 4.6000000000000005 0.2 0 0 0 3.4000000000000004 0.4 6.6000000000000005 1.4000000000000001 0 2.2 4.4 0.2 4 0 1.6 0.8 1.8 1.8 0 0 0 0 0 0.4 0 0 0 0 0 0 1.6 0 0 0 0 0 0 0 0 0 0 0 0.2 0 0 0 0 0 0 0 0 0 0 0 0 0 0 0 0 0 5.6000000000000005 3 4.800000000000001 4 0 0 0 4 0.2 0.2 0 0 2.4000000000000004 1.4000000000000001 0 3.2 0 0 1.6 7.6000000000000005 2 0 0 0 0.2 0 2.4000000000000004 0 0 0 6 5 2.2 1.8 0.6000000000000001 8 1.6 2.6 0 0 0 0 0 0 0 0 0 0.4 0 0 0 0 0 0 0 0 0 0 0 0 0 0 3.6 0 0 0 0 0 0 0 0 0 2.8000000000000003 0 0 0.4 0.2 0.2 1.2000000000000002 0 0 0 0 0 0 0 0 0 0 0 0 0 0 0 0.4 0 0 0 0 0 0 0 4.800000000000001 3.4000000000000004 2 0 0 0 
 0 0 0.2 0 0 7.4 0 0 0 0.4 14.8 0.2 0 0 0 0 14.8 0 0 0 47.6 60.800000000000004 32.6 26.6 9.8 8.200000000000001 0 32.2 28.400000000000002 5.4 12.200000000000001 21.400000000000002 89.2 27.8 21 63.400000000000006 6.4 19.200000000000003 24.8 37 0 0 0.4 0 0 0 0 0 0 0.4 0 0 1 0 0 0.6000000000000001 0.6000000000000001 0.2 1.2000000000000002 0 0 0.6000000000000001 0.4 0 0 0 0.6000000000000001 0 0.8 0.2 0 1 0.6000000000000001 0.4 1 0.6000000000000001 0 0 0.6000000000000001 0.4 0 1.6 0 1.6 0 0 0 0 0 0 0 2.8000000000000003 0 0.4 0 0 0 2.2 0 0 2 5.4 1.2000000000000002 3 6 3.4000000000000004 1 1.8 0 3.4000000000000004 2 5 4.4 10 2.4000000000000004 6.800000000000001 0 7.2 2.4000000000000004 0 0 0 0 0 0 0 6.6000000000000005 0 0 0 0 0 2.2 0 0 0 0 0 0 0 0 0 1.4000000000000001 0 0 0 0 0 0 0 0 0 0 0 0 0.6000000000000001 0 0 0.4 0 0 0 0 3 12.8 1.2000000000000002 0 0 2.8000000000000003 0 1.4000000000000001 0 0 0 0 0 0 2.8000000000000003 0 0 0.2 2 4 2.4000000000000004 2.6 0 7 2.4000000000000004 0 3.2 0 0 5 9.200000000000001 14.4 0 3.6 3 0 7.4 0 0 0.2 0 0 0 0 0 0 0 0 0 3.4000000000000004 0 0.2 0 0 0 0 0.2 0 0 0 0 0 0 0 0 0 0 0 0 0 1.4000000000000001 0 0 0 0 0 0 0 0 1.4000000000000001 0 2 0 0 0 0 14.8 0 0 0 0 1.4000000000000001 0 0 0 0 0 0 0 0 0 0 0 0 0 0 0 0.2 0 0 0 0 0 4 0 0 0 0 0.2 0 0 0 0 0 0 0 0 
 0 0 0 0 0 0.6000000000000001 0 0.4 0 0 0 0 0 0 0.4 41.400000000000006 0 0 0 0 10.8 22.8 37.6 17.400000000000002 25.400000000000002 34 32.2 0 65.60000000000001 8.8 43.800000000000004 40.6 22 12.200000000000001 23.8 13.8 22.6 24.200000000000003 55.6 29 0 0 0.8 0 0 0 0 0 0 1 0 0.2 1 0 0 0.6000000000000001 0.6000000000000001 0 0.4 0 0 0.6000000000000001 0.4 0 0 0 0.6000000000000001 0.2 0.6000000000000001 0 0.4 1.4000000000000001 0.6000000000000001 0.4 0.4 0.6000000000000001 0 0 0 0.2 0 0 0 0 0 0 0 0 0 0 0 0 0 0 0 0 0 0 0 0 9.600000000000001 1 13 1.4000000000000001 13.600000000000001 6.4 0 2.4000000000000004 6.4 5.800000000000001 2.6 4.2 1.8 0 9.200000000000001 2.4000000000000004 1.2000000000000002 5.6000000000000005 0 0 0 0 0 0 0 0 7 0 0 0 0 0 0.2 0 0.2 0 0 0 0 0.2 0 0 0 0 0 1.2000000000000002 0 0 0 0 0 0 0 0 0 0.2 0 0 0 0 0 0 0 0 0.4 1.8 0 0 0 0 0 0 0 0 0 0 0 0 0 0 2.2 5.4 3.6 5.4 3.8000000000000003 1.2000000000000002 0 3.2 5.6000000000000005 5.4 0.6000000000000001 7.6000000000000005 0 0 3.6 0 2.2 7.2 0 0 0 0 0 0 0 0 0.2 0 0 0 0 0 2.4000000000000004 0 0 0 1.4000000000000001 0 0 4.4 0 0 0 0 0 0 0 0 0 0 0 0 0 0 0 0 0 0 0 0 0 0 2.4000000000000004 0 0 0 0 0.2 0 0 0 0 0 0 1 0 0.4 15.4 0 0 0.4 0 0 0 0 0 0 0 0 0 0 0 0 0 0 0 0 0 0 0 0 3.8000000000000003 0 0 0 0 1.4000000000000001 0 0 0 
 0 0 1 0 0 0 0 0 0 0.6000000000000001 0 0 0 0 0 0 0 0 0 0.4 10.200000000000001 36.2 16.6 18.8 12.200000000000001 26.6 28.400000000000002 65.60000000000001 0 81.2 31 44.400000000000006 22.400000000000002 33.6 22.8 39.800000000000004 51.800000000000004 11.200000000000001 17 16 0 0 0.4 0 0 0 13.200000000000001 0 0 0 1 0.6000000000000001 0.4 0 0 0.6000000000000001 0.6000000000000001 0 0.4 3.8000000000000003 0 0.6000000000000001 0.4 0 0 0 0.6000000000000001 0 0.6000000000000001 0 0 0 0.6000000000000001 0.4 0.4 0.6000000000000001 0 0.6000000000000001 0 0.4 0 0 0 0 0 0 0 0 0 0 0 0 0 0 0 0 0 0 0 0 0 1.2000000000000002 8 4.4 3.6 2 0 1.8 1.6 4.6000000000000005 2 0 0 0 3.8000000000000003 0 5.800000000000001 4.2 0 0 0 0 0 0 0 0 3.6 2.2 0 0 0 0.4 0 4 1.4000000000000001 0 0 0 0 7.4 0 0 0 2.2 0 0 0 0 0 0 0 0.2 0 0 0 0 0 0 4.800000000000001 0 0 0 0 0 0.2 0.6000000000000001 0 0 0 0 0 0 0 0 0 0 0 0 0 0 0 2.4000000000000004 2.8000000000000003 3.6 1.6 3.6 0 2.2 1.8 14.200000000000001 4.800000000000001 2.8000000000000003 0 0 0 0.4 13 5.6000000000000005 0 0 3.2 0 0.4 0 0 0 3.2 0.2 0.2 0 0 0 1.8 0 1.4000000000000001 0 1.6 0 0.8 2.4000000000000004 0 0 0 0 0 0 0 0 0 0 0 0 0 0 0 0 0 0 0 0 0 0 0 0 0 0.4 0 0 0 0 0 0 0 0 3 0 0.4 15.4 0.4 0 0.2 0 0 0 0 0 0 0 0 0 0 0 0 0 0 0 0 0 0 0 0 0 0 0 0 0 1.4000000000000001 0 0 0.2 
 0 0 0 0 0.8 0 0 14.600000000000001 0 0 0 0 0.2 0.8 0 0 0 0 0.2 0 10.4 25.200000000000003 37.6 36.6 14.8 25 5.4 8.8 81.2 0 36.800000000000004 26.400000000000002 30.400000000000002 15 41 32 25.400000000000002 38.2 70.60000000000001 16.400000000000002 0 0 0.4 0 0 0 7.2 12.4 0 0 0 0 0.4 0 0 0.6000000000000001 0.6000000000000001 0 5.6000000000000005 12.4 0 0.6000000000000001 0.6000000000000001 0 0 0 0.6000000000000001 0 0.6000000000000001 0 0 0 0.4 0.4 0.6000000000000001 0.6000000000000001 0 0 0 8.4 0 0 0 0 0 0 0 0 0.4 0 2.8000000000000003 0 0 0 0 0 0 0 0 0 3.6 0.2 3.6 0.2 3.2 2.2 0 0.2 2.2 3.2 6.2 4.2 0 0 0 0.2 2.2 0 3.4000000000000004 2 3.8000000000000003 0.4 2 0 0 0 2.8000000000000003 0 3.6 0 0 0 2.2 5.2 0 2.2 0 0.2 1.8 2.2 0 0 0 0 0 0 0 0 0 0 0 0 0 0 0 0 0 0 0 0 0 0 0 4 0 0 0 0 0 0 0 0 0 0 0 0 0 0 0 0 3 0 2.2 2 0.2 6.800000000000001 3.2 0 3 4.2 1.8 3 0 0 0 4.800000000000001 0.2 1.4000000000000001 0 0 1.6 0 1.8 0 0 0 0.6000000000000001 4 3 0 0 0 0.4 2.6 2.6 0 0 0.2 3.2 0 0 0 0 0 0 0 0 0 0 0 0 0 0 0 0 2.4000000000000004 0 0 0 0 0 0 0 0 0 0 0 0 0 0 0 0 0 0 1.4000000000000001 1 0 12.600000000000001 15 0 0.4 0 0 10 0 0 0 0 0 0 0 0 0 0 0 0 0 0 0 5 0 0 0 0 0 0 0 0 0 0 
 1 0.6000000000000001 1 0.6000000000000001 0.6000000000000001 0.6000000000000001 0.6000000000000001 0.6000000000000001 0.6000000000000001 0.8 0.6000000000000001 0.6000000000000001 0.6000000000000001 1 0.6000000000000001 0.6000000000000001 0.8 0.6000000000000001 0.6000000000000001 0.6000000000000001 36 21.200000000000003 5.6000000000000005 15 21 13.200000000000001 12.200000000000001 43.800000000000004 31 36.800000000000004 0 72.60000000000001 30.8 22.6 16.8 21.400000000000002 94 21.200000000000003 21 27 0 0 13.4 0.2 0 0 0 11.200000000000001 0 0.4 0 0.2 1.6 53.800000000000004 12.4 0.6000000000000001 0.6000000000000001 41.400000000000006 12.8 0.6000000000000001 0 1.2000000000000002 1.2000000000000002 0 0.6000000000000001 1.2000000000000002 0.6000000000000001 0 1.4000000000000001 0 0.4 0 0.6000000000000001 0.4 0.6000000000000001 0.6000000000000001 0 0 0 1 0 0 0 0 0 0 0 0 0 0 0 0 0 0 0 0 0 0 0 0 7.2 3.8000000000000003 3.2 2.2 2 1.8 0 0 1.4000000000000001 4.2 0 0 4.800000000000001 0 3.8000000000000003 6.6000000000000005 2.8000000000000003 5.2 0 0.2 3.6 3.4000000000000004 2.2 0 0 0 3 0 2.4000000000000004 0 0 0.2 0 0 0 0 0 0 0 1.8 0 0 0 0 0 0 0 0 0 0.4 0 0 0 0 0.2 0 0 0 0 0 0 0 0 0 0.2 0 0 0 0 0 0 0 0 0 0 0 0 0 0 0 0 8 0.2 7.4 10.200000000000001 0.2 0 0.8 2 5.800000000000001 5.4 4.4 0 2 10.4 1.8 5.4 4 0 0 0 0 0 1.6 0 0 0.2 0 0 0 0 0 4 2 0.2 0 0 0 0.8 0 0 0 0 0 0 0 0 0 0 0 0 0 0 0.4 0 0 0 0 0 0 0 0 1.4000000000000001 0 0 0 0 0 0 0 0 0 0 0 2 0 1.4000000000000001 8.200000000000001 0.2 0 0.8 0 0 0 0 0 2.6 0 0 0 0 0 0 0 0 0 0 0 0 0 0 0.2 0 0 0 0 0 0 0 0 
