 0 12.4 9.200000000000001 10.600000000000001 7.6000000000000005 10 123.60000000000001 36.800000000000004 9.200000000000001 25.6 7.4 52.6 51.2 23.400000000000002 85.4 23.6 98 9.600000000000001 17.8 99.60000000000001 0 0 0 0 0 0 0.6000000000000001 0 0.8 0.4 0 0 0.6000000000000001 0.4 0.4 0 0.6000000000000001 0 0 0.8 0.2 0 0 0 0.4 0.6000000000000001 0 0 0 0 0.6000000000000001 0 0.6000000000000001 0.6000000000000001 0 0 0 13.200000000000001 0 0 0 0.6000000000000001 0 0 0 0 0 0.6000000000000001 0 0 0 0 0 0 0 0 0.6000000000000001 0 0 0 9.4 9.8 6.2 0 0 0 0 9.4 8.8 0.8 7.6000000000000005 0 0 1.6 10 12.200000000000001 1.4000000000000001 0.4 4 7.2 0 0 0 0 0 0 0 0 0 0 0 0 0.2 0 0 0 0 0 0 0 0 0 0 0 0 0 0 0 2.8000000000000003 0 0 0 0 0 0 0 0 0 0 0 0 0 0 0 0 2 0 0 0 0 0 0 0 0 0 0 0 0 0 0 3.2 6 0.4 2.6 0 0 5 0 5 0 0.2 0 5.800000000000001 2.2 1.6 4 0 8.4 5.6000000000000005 0 0 0 0 0 0 0 0 0 0 0 0 0 0 0 0 0.8 0 0 0 0 0 0 0 0 0 0 0 0 0 0 0.2 2.8000000000000003 0 0 0 0 0 0 0 0 0 0 0 0 0 0 0 0 0 0 0 0 0 0 0 0 0 0 0 0 0 0.4 0 0 0 0 0.2 0 0 0.4 0 1.4000000000000001 2 0 0 0 0 0 0 0 0.4 0 0 0 0 0 0 0 0 0 0 0 0 0 0 2 0 0 0 0 0 0 0 0 0 0 0 0 0 0 
 12.4 0 109.2 31.200000000000003 21.6 12.200000000000001 23 44.2 12.200000000000001 25.200000000000003 25 39.400000000000006 55.2 105.60000000000001 55.400000000000006 11.8 27 41.2 51.400000000000006 39.2 1.2000000000000002 0 0.6000000000000001 0.4 0.2 4.4 0.6000000000000001 0 0.4 0.4 0 0 0.6000000000000001 0.4 0.6000000000000001 0 0.4 0 42.2 0 0.2 0 0 0 0.4 0.6000000000000001 0 0 0 0 0.6000000000000001 0 0.6000000000000001 0.6000000000000001 0 0 0.4 0 0 0 0.4 0.6000000000000001 0 0 0.4 0.6000000000000001 0 0.4 0 0 0 0 0 0 0 0 0.6000000000000001 0.4 0.4 0 0.2 0.2 2.4000000000000004 2.2 4.800000000000001 5.800000000000001 0 12.200000000000001 5.6000000000000005 2.8000000000000003 3 8.8 1.6 0.2 5.4 4 3.2 3.8000000000000003 0 0 0 0 0 0 0 0 1.4000000000000001 5 0 0 0 0 0 0.2 0 0 0 0 0 4.2 0 0 0 0 0 2.8000000000000003 0 0 0 0 0 0 0 0.4 4 0 0 0 0 0 0 0 0 0 2.8000000000000003 0 0 0 0 0 0 0 0.8 0.2 0 0 0 0 0 0 2.4000000000000004 3.8000000000000003 4.6000000000000005 4.800000000000001 0 6.2 0 0 4.2 0.6000000000000001 2.8000000000000003 2 2 0 5.6000000000000005 0 4.6000000000000005 2.8000000000000003 0 3.4000000000000004 0 0 0 0 0 0 0 0 0 0 0 0 9 0 0 0 0 0 9.600000000000001 0 0 0 0 0 0 0 0 0 0 0 0 0 0 0 0 0.4 0 0 0 0 0 0 0 0 0 0 0.2 0.2 0 0 0 0 0 0 0 0 0 0 0 0 0 0 0 0 0 0.2 0.4 0 17.8 0.2 2.6 1.4000000000000001 0 0 0 0 0 0 0 0 0.4 0 2 0 0 0 0 0 0.8 0 0 0 0 0 0 0.2 2 0 0 0 0 0 0 0 0 0 0 0 0 0.2 
 9.200000000000001 109.2 0 99.2 38.6 10.4 34.4 36.800000000000004 28.400000000000002 38.800000000000004 60.2 51.2 11.200000000000001 50.800000000000004 30.8 28.6 11.8 23.8 8.6 6.6000000000000005 14.8 0.2 0 0 0 15.600000000000001 0.8 0 1 1 0.2 0.2 15 0.4 0.2 0.2 0.4 0.6000000000000001 0.2 15.200000000000001 0 0 0 0 0.8 1.4000000000000001 0 0 0 0 1.2000000000000002 0 1 1 0 0 0 0 7.800000000000001 0 0 0.8 0 0 0 0 0 0.8 0 0 0.2 5.800000000000001 0 0 0 0 0.8 0 0.2 0.8 0 2.2 2.8000000000000003 0 2.2 6 0 0 1.8 4.6000000000000005 0 1.2000000000000002 0.2 0 2.2 0.4 6.4 3.4000000000000004 0 0 2 3 0.2 0 0 0 3 1.2000000000000002 0 3.2 0 0 0.2 2 3.6 0 0 0 4.4 0 0 0 0 0 0 0 0 0 0 0 0 0 0 0 0.2 0 2.8000000000000003 0 0 0 0 0 0 0 0 0 0 0 0 0 0 0 0 0 0 0 0 0 0 0 0 0 10.8 3 2.8000000000000003 0.2 0 0 1.2000000000000002 0.2 2.4000000000000004 2 0 0 0 3.8000000000000003 5.6000000000000005 0 0 3 0 1.8 0.2 0 0 0 0 0 0 0 0 0 6 2.4000000000000004 3 0.2 5.800000000000001 0 7.2 3 0 0 0 0 0 0 0 0 0 0 0 0 0 0 0 0 0 0 0 0 0 0 0 0 0 0 0 0 0 0 0 0 0 0 0 0 0 0 0 0 0 0 0 0 0 0 18.6 0 2.2 18.6 2.4000000000000004 2.2 0 0 0 0 0 0 0 0 0 0 4.2 0 0 0 0 0 0 0 0 0 0 0 0 0 5.2 0 0 0 0 0 0 0 0 0 0 0 0 0 
 10.600000000000001 31.200000000000003 99.2 0 76.80000000000001 45.400000000000006 30.200000000000003 36.800000000000004 14.8 40.6 29.200000000000003 60.400000000000006 20.6 14.8 52.400000000000006 26.6 15 21.200000000000003 11.4 11.4 15 0 0.2 0 0 0 0.6000000000000001 0.2 0.4 0.4 0 0 0.6000000000000001 0.2 7.800000000000001 0 0.4 0 15 0 0 0 0 0 0.4 0.6000000000000001 0 0 0 0 0.6000000000000001 0 0.6000000000000001 0.6000000000000001 0 0 0 0 0 0 0 0.6000000000000001 0 0 0 0 0 0.6000000000000001 0 0 0 0 0 0 0 0 0.6000000000000001 0 0 0 0 0 3.2 5 13.200000000000001 0.2 0 2.2 2.4000000000000004 4.2 4 5.800000000000001 0 0 0.2 0 2.8000000000000003 0 0 0 2.4000000000000004 2.6 0 0 0.4 0 2 2.2 0 0 0 0 2 5.4 0 0 3 2.2 1.2000000000000002 5.2 0 0 0 0 0 0.4 0 0 0 0 0 0 0 0 0 0 2.2 0.4 0 0 0 0 0 0 0 0 0 0 0 0 0 0 0.8 0 0 0 0 0 0 0 0 0.2 4.2 0 0 0.2 0 0 0.8 6.800000000000001 4.6000000000000005 2.4000000000000004 0.4 0 0 3.2 3 2.4000000000000004 0 0.2 4 0 4.800000000000001 0 0 0 5.2 10.600000000000001 0 0 0 0 5.4 3.4000000000000004 3.6 2 3 0 8.200000000000001 0 0 1.8 0 0 0 0 0.2 0 0 0.2 0 0 0 0 0 0 0 0 0 0 0 0 0.4 0 0 0 0 0 0 0 0 0 0 0 0 0 0 0 0 0 0 3.6 0 0 0 0.4 0.4 0 0.6000000000000001 3.6 0 2.8000000000000003 0 0 0 0 0 0 0 0 0 0 2.6 0 0 0 0 0 0 0 0 0 0 0 0 3.2 0 4 0 0 0 0 0 0 0 0 0 0 0 0 
 7.6000000000000005 21.6 38.6 76.80000000000001 0 17.6 12.600000000000001 16 38.2 33.2 34.4 30.6 59 74.2 37.4 13.4 6.4 60.6 12.4 10.200000000000001 0 0.4 0.4 0.4 0.4 0 0.6000000000000001 0.4 0.8 0.4 14.8 0 0.6000000000000001 0.6000000000000001 0 1.6 0.4 0.4 35.2 14.4 0 0.2 0 0 0.8 0.6000000000000001 0 0 0 0 0.6000000000000001 0.4 0.6000000000000001 0.6000000000000001 12.600000000000001 0 0 0.4 0 3.4000000000000004 0 0.6000000000000001 0 0 0 0 0 0.6000000000000001 0 0 0 0 0 0 0 0 0.6000000000000001 0.2 0 0 0 0 0 5.800000000000001 0.6000000000000001 11.200000000000001 0 0 2 5.2 0 4.4 2.2 0 0 6 2.2 0 0 0.4 0 0.2 0 0 0 0 0 0 0.6000000000000001 0 0 0 0.2 3.2 0 0 0.2 0 0 0.2 0 0.4 0 0 0 0 0 0 0 0 0 2.2 0 0 0 0 2.6 0 0 0 0 0 0 0 0 0 0 0 0 2.4000000000000004 0 0 0 0 0 0 0 0 0.4 0 0 0 0 1.8 0.4 1.6 0 0 1.8 0.2 10.200000000000001 1.8 0 0 0 12.600000000000001 2.2 0.2 0.2 0 0 0 0 0 0 0 3.2 0 0 0.2 0 0 3 3.4000000000000004 0 0 0 0 6 0 0 0 0 0 0 0 0 0 0.2 0 0 0 0 0 0 0 0 0 0 0 0 0 0 0 0 0 0 0 0 0 0 0 0 0.2 0 0 0 0 0 0 0 1.8 0 0 0 0.6000000000000001 0.6000000000000001 0 17.6 18 1.8 3.2 0 0 0 0 0 0 0 0 0 0 0 0 0 0 0 0 0 0 0 0 0 0 0 0 1.2000000000000002 0 0 0 0 0 0 0 0 0 0 0 0 0 
 10 12.200000000000001 10.4 45.400000000000006 17.6 0 7.4 17.8 62.2 68.4 38.6 47.2 8.200000000000001 29.6 56.6 16.6 9 36.6 10.8 10 14.8 5.2 0 0 0 0 0.8 0 15 0.4 0 0 4.4 14.8 0.2 14.600000000000001 15.600000000000001 0 14.8 0.2 0 0 0 0 0.4 0.6000000000000001 0 0 0 0 0.6000000000000001 0 0.6000000000000001 0.6000000000000001 0 0 0 0 0 0 0 0.6000000000000001 0 0 9.600000000000001 0 0 0.6000000000000001 0 0 0 0 0 0 0 0 0.6000000000000001 0 0 0 0 0.2 0 0 1.4000000000000001 2.4000000000000004 0 0 2 0 3 1.8 0 0 0 3.4000000000000004 2.6 0.2 2 0 0 0.2 0 1.8 0 0 1.8 5.6000000000000005 2.6 3.2 2.6 0 6.2 5.4 0 3.2 4.2 0 2 2 0 0 0 0 0 0 0 0 0 0 0 0 0 0 0 0 3 0 0 0 0 0 6.6000000000000005 0 0 0 0 0 0 0.6000000000000001 0 0 0 0 0 0 0 0 0 0 2.6 0.2 0 0 5.4 2.8000000000000003 0 0 0 0.2 1.8 2 0 0 0 3.8000000000000003 0.2 0.4 0 0 0 2.6 2.2 2.2 0 0.4 0 4 7.6000000000000005 6.4 1.4000000000000001 0 0 15 3 12.4 0.2 0.4 4.800000000000001 2.8000000000000003 0 0 2.6 0 0 0 0 0 0 0 0 0 0 0.4 0 0 0 0 0 0 0 0 0 0 0 0 0 0 0 0 0 0 0 0 0 0 0 3.2 0 0 0 0 0 0 0 1 17 0 0 17.400000000000002 0 2.2 0 0 0 0 0 0 0 0 0 2.8000000000000003 0 0 0 0 0 0 0 0 0 0 0 0 0 0 0 0 0 0 0 3.8000000000000003 0 0 0 0 0 0 0 0 
 123.60000000000001 23 34.4 30.200000000000003 12.600000000000001 7.4 0 57.800000000000004 10.8 64.8 31.6 50.2 85.80000000000001 12.8 27.8 170.8 9.8 51.6 32 64 0 0.4 0 0 0 0.2 41.2 0 0.4 0.4 0 0 0.6000000000000001 0.4 0.4 0 1.8 0 0 0.6000000000000001 0.2 0 0 0 0.4 0.6000000000000001 11.4 0 0.4 0 0.6000000000000001 0 0.6000000000000001 0.6000000000000001 0 0 0.6000000000000001 0 0 0 0 0.6000000000000001 0 0 0 0.4 1.2000000000000002 10.200000000000001 0 0 0 0 0 0 0 0 0.6000000000000001 1.2000000000000002 0 0 0 6.4 0 0 0.4 0 9.200000000000001 7 2.4000000000000004 3.6 4.4 0 5.6000000000000005 3.4000000000000004 2.8000000000000003 0 2.4000000000000004 3.6 0 5 3.6 0 0 0 0 0 0 0 0 0 0 0 0 0 0 0 0 0 4.2 0 3.6 0.4 0 0 0 0 0 0 0 0 0 0 0 1.6 0 0 0 0 0 0 0 0 0 0 0 0 0 0 0 0 0 0 0 0 0 0 0 0 0 0 2.4000000000000004 3 0 5.4 0 0 2.6 4.2 2 0.8 1.4000000000000001 0 2.6 0 4.4 1.8 0 4 5.4 3.6 0 0 0 0 0 0.4 0 0 0 0 0 0.2 0 0 0 0 0 0 0 0 0 0 0 0 0 0.8 0 0 0.2 0 0 0 0 0.4 0 0 0 0 0 0 0 0 0 0 0 0 0 3.8000000000000003 0 0 0 0 0 0 0 0.4 0 0 0 0.2 0 0 0 0 0 0 0.4 0 0 20.400000000000002 0 1.2000000000000002 0 0 0 0 0 0 0 0 0 0 0 0 0 0 0 0 0 0 0 0 0 0 0 2.2 2.8000000000000003 0 0 0 0 0 0 0 0 0 0 0 0 0 
 36.800000000000004 44.2 36.800000000000004 36.800000000000004 16 17.8 57.800000000000004 0 15.8 106.2 38.2 27 46.2 30.6 51.6 67 41 65.60000000000001 24.400000000000002 5.2 0 0 0 11 0 0 0.8 0 14 0.8 0 0 0.6000000000000001 0.2 0.2 0 0.4 0.2 15.4 0.4 0 0 0 12.600000000000001 0.4 1.6 0 0 0 0 0.6000000000000001 0 1 0.6000000000000001 0 0.6000000000000001 0 0.4 0.2 0.6000000000000001 0 0.6000000000000001 0 0 0 0 0 0.6000000000000001 0 0 0.6000000000000001 0 0.6000000000000001 0 0 0 0.6000000000000001 0 0.6000000000000001 0 1.2000000000000002 1.4000000000000001 6 2.6 5.6000000000000005 3.6 0 10 4.6000000000000005 3.2 5.800000000000001 3.2 2.2 4.2 3.6 2.8000000000000003 6.2 2.2 0 1.4000000000000001 0 0 0 0 0 0.4 0 0 0 0 0 0 2.6 6.6000000000000005 0 0 0 0 3.8000000000000003 2.6 0 0 0 0 0 0 0 0 0 0 0 0 0 0 0 0 3.2 0 0 0 0 0 0 0 0 0 0 0 0 0 0 0 0.8 0 0 0 0 0 0 1.2000000000000002 4.6000000000000005 2.8000000000000003 9.8 0 0 0.2 3.4000000000000004 0 0 10.8 5.6000000000000005 3.6 2.4000000000000004 0 0 6 2.4000000000000004 3.2 0 3.6 0 0 0 0 0 0 2.6 0 0 0 0 0 3.4000000000000004 1.4000000000000001 0 0 0 0 0 0 0 0 3.4000000000000004 0 0 0 0 0 0.4 0 0 0 0.4 0 0 0 0 0 2.4000000000000004 0 0 0 0 0 0 0 0 0 0 0 2 0 0 0 0 0 3.4000000000000004 0 0 0 0 0 0 0 0 0 0 0.4 0 17.8 0 4.4 0 0 0 0 0 0 0 0 0 0 0 0 0 0 0 0 0 0 0 0 0 0 0 3.2 2.6 4 0 0 0 0 0 0 0 0 0 0 0 0 
 9.200000000000001 12.200000000000001 28.400000000000002 14.8 38.2 62.2 10.8 15.8 0 73.60000000000001 9.200000000000001 6.4 21 37.6 103.4 15.8 35.800000000000004 24.400000000000002 15.4 65.2 0.6000000000000001 0.2 0 0 0 0.2 0.6000000000000001 0 0.4 1 0.6000000000000001 0 2.8000000000000003 0.2 0 0 0.4 0 27.200000000000003 0.4 0 0 0 0 0.8 0.2 0 0 0 0 0.6000000000000001 0 0.6000000000000001 1 0 0 0 0 0 2.8000000000000003 0 0.6000000000000001 0 0 0 9.200000000000001 0 0.6000000000000001 0 0 0 0 0 0 0 0 3.8000000000000003 0.6000000000000001 0 0 1.6 0 0 4.2 0.2 0 0 3.2 3.8000000000000003 5.800000000000001 2.8000000000000003 3.4000000000000004 0 0 0 13 0 0 0 13.4 2.6 0 0 0 0 0 0 0 2 0 0 0 0 0 2.8000000000000003 0 0 0 0 0 0 0 0 0 0 0 0 0 0 0 0 0 0 0 0 0 0 0 0 0 0 0 0 0 0 0.4 0 0 0 0 0 0 0 0 0 0 0 0 0 0 0 2.6 0 2.8000000000000003 3.8000000000000003 1.2000000000000002 0 0 0 3 0 3.4000000000000004 0 0.2 0 0 2.8000000000000003 0.2 1.4000000000000001 0 0 2.2 0 0 0 0 0 0 0.6000000000000001 0.2 0 0 0 0 3.4000000000000004 0 0.4 0 2.2 2.4000000000000004 0 0 0 0 0 0 0 0 0 0 0 0 0 0 0 0 0 0 0 0 0 0 0 0 2.8000000000000003 0 0 0 0 0 0 0 0 0 0 0 0 0 0 0 0 2.4000000000000004 0 0 0 0.2 12.600000000000001 0 0.4 0.2 0 1.8 0 0 2 0 0 0 0 0 0 0 0 0 0 0 0 0 0 0 0 0 0 0 0 0 0 0 0 0 0 0.2 0 0 0 0 0 0 0 0 
 25.6 25.200000000000003 38.800000000000004 40.6 33.2 68.4 64.8 106.2 73.60000000000001 0 34.6 7.800000000000001 50.2 79 62.800000000000004 37.4 55 29.200000000000003 35.2 53.800000000000004 0 0 0 0 0 0 0.6000000000000001 0 0.4 0.6000000000000001 0 0.4 0.6000000000000001 0.4 0.2 0 0.4 0 0 0.2 0 0 0 0 0.4 0.6000000000000001 0 0 0 0 0.6000000000000001 0 0.6000000000000001 0.6000000000000001 0 0 0 0 0 0 0 0.6000000000000001 0 0 0 0 0 0.6000000000000001 0 0 0 0 0 0 0 0 0.6000000000000001 0 0 0 4.6000000000000005 1.6 5 1.8 1.8 8.8 0 1.8 5.2 2.6 7.2 2.2 6.6000000000000005 0 1.8 0.2 7.800000000000001 5.6000000000000005 0 2.6 0 0 0 0 0 0 2.4000000000000004 0 0 0 0 0 1.8 1.4000000000000001 0 0 0 0 6.800000000000001 3.2 0 0 0 0 0 0 0 0 0 0 0 0 0 0 0 0 4.800000000000001 0 0 0 0 0 0 0 0 0 0 0 0 0 0 0 1.4000000000000001 0 0 0 0 0 0 0 1.6 4 8.200000000000001 0 0 0 0 0 0 2.2 5.2 2.8000000000000003 5.6000000000000005 0 3.4000000000000004 2.2 2.2 0 1.4000000000000001 2.8000000000000003 0 0 0 0 0 0 0 0 0 0 0 0 6 2 0 0 0 0 2 0 0 0 0 3 0 0 0 0 0 0 0 0 0 0 0 0 0 0 0 0 0 0 0 0 0 0 0 0 0 0 0 0 0 0 0 0 0 0 0 0 0 0 0 0 0 0.4 0 0.4 0 11.200000000000001 0.4 0.6000000000000001 0 0 0.4 0 0 0 0 0 0 0 7 0 0 0 0 0 0 0 0 0 0 0 0 0.4 4.4 0 0 0 0 0 0 0 0 0 0 0 0 0 
 7.4 25 60.2 29.200000000000003 34.4 38.6 31.6 38.2 9.200000000000001 34.6 0 30 10.200000000000001 25.400000000000002 54 50 13.8 36.800000000000004 34.6 53 14.600000000000001 0 0.4 0 0 0.2 42.400000000000006 0 0.4 0.4 0.4 0 2.4000000000000004 0.2 0.2 0 1 0 12.8 7.4 0 0 0 0 0.8 0.6000000000000001 1.2000000000000002 0 13 0 0.6000000000000001 0 0.6000000000000001 0.6000000000000001 0 0 0 0 0 0 0 0.6000000000000001 0 0 0 0 0 0.6000000000000001 0 0 0 0.2 0 0 0.2 0 0.6000000000000001 0 0 0 0 1.2000000000000002 2.8000000000000003 0 7.4 5.2 0 0 2.6 14 2.8000000000000003 11.8 1.6 3 2.8000000000000003 1.2000000000000002 5.4 5.6000000000000005 0 0 2.6 4.6000000000000005 0.4 0 0 0 0 2.4000000000000004 0 0 0 0 0 0 0 0.2 2.8000000000000003 0 13 3.2 0 0 0 0.4 0 0 0 0 0 0 0 0 0 0 0 0 0.8 0 0 0.4 0 0 0 0 0 0 0 0.2 0 0 0 0.2 0 0 0.2 0 0 0 0 0 0.2 0 1.6 0.2 0 0 0 0 0.2 6.6000000000000005 0.6000000000000001 3.2 0.2 0 5.800000000000001 0.4 2 2.8000000000000003 0 2.4000000000000004 0 0 2 0 0 0 1 2.6 0 0 0 0 9 2.2 1.6 6.4 3 0 4 0.6000000000000001 0 0 0 0 0 0 0 0 0 4.6000000000000005 0 0 0 0 0 0 0 0 0 0 0 0 0 0 0 0 0 0 0 0 0 0 0 0 0 0 0 0 0 0 0 0 0 0 0 0 1.4000000000000001 0.2 1 10 0.2 2.6 0 0.4 0 0 0 0 0 0 0 4 0 0 0 0 0 0 0 0 0 0 0 0 0 3.6 7.6000000000000005 3.4000000000000004 0 0 0 0 0 0 0 0 0 0 0 0 
 52.6 39.400000000000006 51.2 60.400000000000006 30.6 47.2 50.2 27 6.4 7.800000000000001 30 0 9.600000000000001 5.800000000000001 26.6 24.400000000000002 29.8 39 7.2 6.2 0 18.8 0 0 0 0 0.6000000000000001 0 0.4 0.4 0 0 15.600000000000001 0 7.2 0 0.4 0.2 23 0 0.2 0 0 0 0.4 0.6000000000000001 0 0 0 0 0.6000000000000001 0 0.6000000000000001 0.6000000000000001 0 0 0 0 0 0 0 0.6000000000000001 0 0 0 0 0 0.4 0 0 0 0 0 0 0 0 0.6000000000000001 0 0 0 0 0 1.8 11.4 8.6 3.8000000000000003 0.2 2.6 0 2.6 5.800000000000001 2.8000000000000003 0 0 0 0 5 2.4000000000000004 0.4 0 1.8 0 4.2 3.2 0 0 0 3.2 2.2 0 0.2 0 2.8000000000000003 9.200000000000001 0 0 2.6 2 1.2000000000000002 4.800000000000001 0 0 0 0 0 0 0 0 0 0 0 0 0 0 0 0 0.2 0 0 0 0 0 0 0.2 0 0 0 0 0 0 0 0 0.8 0 0 0 0 0 0 0 0 1.2000000000000002 5 3.2 2.4000000000000004 2.2 0 3 3 8.4 4.800000000000001 3.6 0 0 0 7 1.8 5.2 0 0 1.6 0 0 0 0 0.2 3.4000000000000004 1.6 2 3.2 0 0.8 2.6 0.6000000000000001 0 0.4 0 0 7.2 0.2 4.2 0 0.4 0 0 0 0 0 0 0 0 0 0 0.2 0 0 0 0 0 0 0 0 0 0 0 0 0 0 0 0.4 0 0 0 0 0 0 0 0 0 0.4 0 0 0 0 0 0.8 1.8 0 9.8 0 2.4000000000000004 1.8 0 0 0 0 0 0 0 0 0 0 0 0 0 0 0 0 0 0 0 0 0 0 0 3.2 1.6 4 0 0 0 0.2 0 0 0 0 0 0 0 0 
 51.2 55.2 11.200000000000001 20.6 59 8.200000000000001 85.80000000000001 46.2 21 50.2 10.200000000000001 9.600000000000001 0 55.2 7 38 11 25 34.800000000000004 15.4 0 0 0 0 14.8 0.6000000000000001 0.6000000000000001 0 0.4 0.4 0 0 1 0.2 16 0 1.4000000000000001 0 0 0.2 0.4 0 0 0 0.4 1 0 0 0 0 0.6000000000000001 0 0.6000000000000001 0.6000000000000001 0 0 1.2000000000000002 0 0 1.4000000000000001 1 0.6000000000000001 0 0 0 0 3.4000000000000004 0.6000000000000001 0 0 0 0 0 0 0 0 0.6000000000000001 0 0 0 2.4000000000000004 4 10.4 2.8000000000000003 0 0 0 2.6 11.600000000000001 3.6 0 0 2.6 8.8 4.2 8 0.2 1.8 3 13.4 0.2 0 0 0 0 0 0 0 0 0 4 0 0 0 0 0.4 0 0 1.4000000000000001 0 0 0 0 0.4 0 0 0 0 0 0 0.4 0 0 0 0 0 0 0 0 0 0 0 0 0 0 0 0 0 0 0.4 0 0.4 0.2 0 0.2 0 0 0 0 0 6 0 8.6 2.4000000000000004 0 0 8.4 2.2 1.6 3 1.4000000000000001 0 5.800000000000001 2.2 10.8 2 2.4000000000000004 0.4 2.2 0 0 0 0 0 0 1.2000000000000002 0 0 0 0 0 0 0.4 0 0 0 0 0 0.2 0 0 0 0 0 0 0.4 0 0 0 0 0 0 0 0 0 0 0 0 0 0 0 0 0 0 0 0 0 0 0 0 0 0 0 0.4 0 0 0 0 0 0 0 0 0 0 0 0 0 0 0 0.4 0 6.2 1.6 0 0 0.2 0 0 0 0 0 0 0 0 0 0 0 0 0 0.4 0 0 0 0 0 0 0 0 0 0 0 0 0 0 0 0 0 0 0 3.2 
 23.400000000000002 105.60000000000001 50.800000000000004 14.8 74.2 29.6 12.8 30.6 37.6 79 25.400000000000002 5.800000000000001 55.2 0 98.4 26.8 35.4 8 50.800000000000004 62.6 0 0 0 0 0 0.2 2.2 1.4000000000000001 0.4 0.4 0.6000000000000001 0 1 0.2 0.2 0 0.4 0 0 0.6000000000000001 0.2 0 0 0 0.4 0.6000000000000001 0 0 12.600000000000001 0 0.6000000000000001 0 0.6000000000000001 0.6000000000000001 0 0 5.6000000000000005 0 0 0 0 0.6000000000000001 0 0 0 0 0 0.6000000000000001 0 0 0 0.4 0 0 0 0 1 0 0.4 0 6.2 2.6 9 3 6.2 2 0 3 7.6000000000000005 0 3.8000000000000003 2.8000000000000003 4.6000000000000005 7.4 6 9.8 1 8.6 0 5.2 0 0 0 0 0 0 0 0 0 1.8 0 0 0 0 0 0 0 0 0.4 0 0 0.2 0 0 0 0 0 0 0 0 0 0.4 0 0 0 0 0 0 0 0 0 0 0 0 0 0 0 0 0 0 0 0 1.6 0.2 0 0 0 0 0 0 8.200000000000001 3.6 2.4000000000000004 0 0 0 2.8000000000000003 4 3.6 2.8000000000000003 1.4000000000000001 0 11 1.8 3.2 2 5.800000000000001 0 5 7.800000000000001 0 0 0 0 0.2 0 0 0 0 0 0 0.4 2.8000000000000003 0 0 0 0 0 1.6 0 0.4 0 0 0 0 0 0 0 0 0 0 3.6 0 0 0 0.2 0 0 0 0 0 0 0 0 0 0 0 0 0 0 0 0 0 0 0 0 0 0 0 0 0 0 0 0 0 0 0 0 0 17.6 0 2.2 0 0 0 0 0 0 0 0 0 0 0 0 0 0 0 0 0 0 0 0 0 0 0 0 0 0.2 0 0 0 0 0 0 0 0 0 0 0 0 
 85.4 55.400000000000006 30.8 52.400000000000006 37.4 56.6 27.8 51.6 103.4 62.800000000000004 54 26.6 7 98.4 0 27.400000000000002 27 30.6 54 37 0 0 0 1 0 0 0.6000000000000001 0.6000000000000001 0.8 0.4 0 0 1.2000000000000002 0.8 0.2 0 0.4 0 12.4 18.2 0.4 0 0.4 0 0.4 1.2000000000000002 0 0 0 0 0.6000000000000001 0 0.6000000000000001 0.6000000000000001 1.8 0 0 0.2 0 0 0 0.6000000000000001 1.4000000000000001 0 0 0 0 0.6000000000000001 0.4 0 0 0 0 0 0.4 0 0.6000000000000001 0.4 0 0 2.6 0 2.2 0.4 12.4 3.8000000000000003 0.2 2.6 13 3.2 4.2 4 1.4000000000000001 0 4.4 2.8000000000000003 0 2.8000000000000003 0 0 0 0 0 0 0 0 2 0 0 1.2000000000000002 0 0 0 0 2.6 0 0 0 2.2 0 2 0 0 0 0 0 0 0 0 0 0 0 0.4 0 0 0 0.4 0 0 0 0 0 0 0 0 0 0 0 0 0 0 0 0 0 0 0 0 3 0 0 0 1.4000000000000001 3.6 2.6 0 2.2 0 0 2.6 8.8 0 6.4 0 2.6 1.6 0 4 5.2 1.8 4.2 0 0 0 0 0 0 1.6 0 0 0 0 0 5.6000000000000005 0 0.4 0 0 0 1.8 0.2 0 0 0 0 0.2 0 0 0 0 0 0 0 0 0 0 0 0 0 0.2 0.4 0 0 0 0 0 2 0 0 0 2.4000000000000004 0 0 0 0 0 0 0 0 0 0 0 0.4 0 0 0 0.4 0.4 0.6000000000000001 0.2 25.200000000000003 0 2.6 0 0 0 0 0 0 0 0 0 0 2 0 0 0 0 0 0 0 0 0 0 0 0 6.4 0 3.2 0 0 0 0 0 0 0 0 0 0 0 0 
 23.6 11.8 28.6 26.6 13.4 16.6 170.8 67 15.8 37.4 50 24.400000000000002 38 26.8 27.400000000000002 0 14 49.400000000000006 31.6 10 0 0 0 0 0.4 0 0.8 0.6000000000000001 0.4 0.8 0.4 15.200000000000001 0.8 0.2 0.2 0.2 0.4 0 4.800000000000001 0.6000000000000001 0.8 0 0 0 0.8 1.8 0 0 0 0.4 0.6000000000000001 0 0.6000000000000001 0.6000000000000001 0.6000000000000001 0.6000000000000001 1.2000000000000002 0.2 0 0 1.2000000000000002 0.6000000000000001 6.800000000000001 0 0 0 0 0.6000000000000001 0 7.800000000000001 0 0 0 0 0 0 0.6000000000000001 0.4 0 0 0 4.6000000000000005 3.2 3.4000000000000004 1.8 0 0 2.6 2.8000000000000003 13.4 0 2.8000000000000003 4.6000000000000005 4 7.2 4.2 3 4.2 0 2.4000000000000004 0 0 0 0 0 0 0 0.4 0 0 0 0 0 0 0 0 0 0 7.4 0.2 0 0 0 0 0 0 0 2.2 0 0 0 0.2 0 0 0 0 0 0 0 0 0 0 0 0 0 0 0 0 0 0 0 0 0 0.4 0 0 0 0 0 0 8.6 0 5.800000000000001 2.2 0 0 5.800000000000001 2.2 0.2 5.800000000000001 2.4000000000000004 2.8000000000000003 10.200000000000001 0.2 15.8 1.4000000000000001 3.2 3 4.6000000000000005 0 0 0 0 0 0 0 1.6 0 0 0 0 0 5 0 0.2 0 0 0 0 0.4 0 0 0 0 0 0 0 0 0 0 0 0.2 0 0 0 0.4 0 0 0 0 0 0 0 0 0 0 0 0 0 0 0 0 0 0 0 0 0 0 0 0 0 0 0 0 0 0.4 0.2 0.2 0.4 22 0.2 1.2000000000000002 5.4 0 0 0 0 0 0 0 0 0 0 0 0 0 0 0 0 0 0 0 0 0 0 2.8000000000000003 3 1.8 0 0 0 0 0 0 0 0 0 0 0 0 
 98 27 11.8 15 6.4 9 9.8 41 35.800000000000004 55 13.8 29.8 11 35.4 27 14 0 9.600000000000001 22.200000000000003 53 0 0 0 0 0 0 0.8 0 0.4 0.4 3.6 0 0.6000000000000001 0.2 0 0 0.4 0 3.2 0.4 0.2 8.6 0 0 0.4 0.6000000000000001 0 0 0 0 1 0 0.6000000000000001 0.6000000000000001 0 0 0 0 0 0.8 0 0.6000000000000001 0 0 0 0 0 0.6000000000000001 0 0 0 0 0 0 0 0 0.6000000000000001 0 0 0 8.4 1.2000000000000002 8.200000000000001 1.4000000000000001 2 0 0 3.2 3.8000000000000003 2.8000000000000003 4 0 4.800000000000001 1.2000000000000002 2.4000000000000004 0.8 2.6 8.200000000000001 0 7.6000000000000005 0 0 0 0 0 0 0 0.4 0 0 0 0 0 0 0 0 0.2 0 0.2 0.2 0 0 0 0 0 0 0 0 0 0 0 0 0 4.4 0 0 0 0 0 4.4 0 0 2.6 0 0 0 0 0 0 0 0 0 4 0 0 0 0 0 0 0 1.4000000000000001 6.2 0 2.6 0 7 0 0 3.2 0.4 0 0 5.6000000000000005 0 4 0 0.4 2.8000000000000003 8.8 0 0 0 0.2 0 0 0 0 0 0 0.2 0 0 0 0 0 0 0 0 0 0 0 0 0 0 0 0 0 0 0 0 0 0 0 0 0 0 0 0 0 0 0 0 0 0 0 0 0.2 0.2 0 0 0 0 0 0 0 0 0 0 0 0 0 2.2 0 0 0 0.6000000000000001 0 0.2 0.4 0.2 0 1 0 0 0 0 0 0 0 0 0 0 0 0 0 0 0 0 0 0 0 0 0 0 0 0 0 0 0 0 1.6 0 0 0 0 0 0 0 0 0 
 9.600000000000001 41.2 23.8 21.200000000000003 60.6 36.6 51.6 65.60000000000001 24.400000000000002 29.200000000000003 36.800000000000004 39 25 8 30.6 49.400000000000006 9.600000000000001 0 6 26 0 0 0 0.2 0 0 0.6000000000000001 0 0.4 0.4 0 0 0.6000000000000001 0.4 0.4 0 0.8 0 24.6 13.600000000000001 0 0 0 0 0.4 0.6000000000000001 0 0 0 0 0.6000000000000001 0 0.6000000000000001 0.6000000000000001 0 0 1.8 0 0 0 0.2 0.6000000000000001 0 0 0 0 0 0.6000000000000001 0 0 0 0 0 0 0 0 0.6000000000000001 2.2 0.8 0 0 4.4 0 4.800000000000001 4.2 6.6000000000000005 0 7.2 2.8000000000000003 2.6 4.2 7 3 0.2 0 3.2 3.8000000000000003 3.4000000000000004 0 1.6 4.2 0 0 0 0 0 0 0 0.2 0 0 0.4 0 2.4000000000000004 0 0 0 0.2 15 8.200000000000001 0 0.6000000000000001 0 0 0 0 0 0 0 0 0.2 0 0 0 0 0 0 0 0 0 0 0 0 0 0 0 0 0 0 0 0 0 0.2 0 0 0 0.4 0.4 0 0 4.4 4.800000000000001 3.2 6.2 1.4000000000000001 0 2 3.6 2.2 2.4000000000000004 5.800000000000001 0 0.2 0 2.6 2.2 3 5.800000000000001 0 0 0.2 0 0 0 2.6 0 3 0 0 0 0.2 0 7.6000000000000005 0.2 0 7.4 0 0 4.800000000000001 0 0 0 0 0 0 0 0 0 0 0 0 0 0 0 0 0 0 0 0 0 0 0 0.4 0.2 0 0 0 0 0 0 0.4 0 0 0 0 0 0 0 0 0 0 0 0 0 0 1.2000000000000002 1 0.6000000000000001 9.200000000000001 0.2 2.2 1.4000000000000001 0 0 0 0 0 0 0 0.4 0 0 0 0 0 0 0 0 0 0 0 0 0 0 0 1.8 1.6 3 0 0 0 0 0 0 0 0 0 0 0 0 
 17.8 51.400000000000006 8.6 11.4 12.4 10.8 32 24.400000000000002 15.4 35.2 34.6 7.2 34.800000000000004 50.800000000000004 54 31.6 22.200000000000003 6 0 13.4 0 0 0 0 0.4 0.4 15.8 0 0.4 0.4 0.4 0.8 1 0.6000000000000001 0.2 0 1.4000000000000001 0 0 0.6000000000000001 0.4 0 13.200000000000001 0.4 0.4 1.8 0 0.6000000000000001 0 0 1.2000000000000002 0 1.8 0.6000000000000001 0.4 0.6000000000000001 0 0 0.6000000000000001 0 0.6000000000000001 0.6000000000000001 0 6.4 0 0.2 0 1.8 0 0 1 0.6000000000000001 0 0 0 8.6 0.6000000000000001 0 0.2 0 1.8 0 0.8 0.6000000000000001 0 0 4.2 3 2.2 0 2.6 0 1.8 6.4 8.6 7.800000000000001 0 0 0 11.600000000000001 0 0.2 0 0 0 0 0 0 0.4 0.2 0 3.4000000000000004 0 0 0 0 0 0 0 0 0 0 0 0 0 0 0 0 0 0 0 0 0.2 1.8 0 0 0 0 0 5 0.4 0 0 0 0 0 0 0 0.4 0 0 0 0 0 0 0 0 0 0 0 3.2 2.6 0 0 0 0 3 4 0 0 0.2 0 12.600000000000001 7.2 0 2.2 1 0 2.2 3.8000000000000003 0 0 0 0 0 0 0 0 0 0 0 0 0 0 0 0.4 0 0 0 0 0 0 0 0 0 0 0 0 0 0 0 0 0 0 0.2 0 0 0 0.4 0.2 0 0 0.6000000000000001 0 0 0 0 0 0 0 0 0 0 0 0 0 0 0 0 0 0 0 0 0 0 0.4 0 0 0 0 0.4 0.4 0 0 0 0 0 0 0 0.2 0 0 0 0 0 0 0.4 0 0 0 0 0 0 0 0 0 0 0 0 0 0 0 0 0 0 0 0 0 0 0 
 99.60000000000001 39.2 6.6000000000000005 11.4 10.200000000000001 10 64 5.2 65.2 53.800000000000004 53 6.2 15.4 62.6 37 10 53 26 13.4 0 0 0 0 0 0 0.6000000000000001 0.6000000000000001 0 0.4 0.4 0 0 0.6000000000000001 0.2 0.6000000000000001 0 0.4 0.8 0 0.4 0.4 0 0 0 1 1.6 0 0 0 0 1.2000000000000002 0.6000000000000001 0.6000000000000001 0.6000000000000001 0 0 2 0.6000000000000001 0 0 0 0.6000000000000001 0 0 0.6000000000000001 0.6000000000000001 0 0.6000000000000001 0 0 0.4 0.2 0 0 0 0 1 0 0 0 5.4 4 7 0 2.8000000000000003 0 0 6.6000000000000005 2.8000000000000003 0 8.200000000000001 0 6.4 2.2 7.4 0 2 8.4 0.2 8.200000000000001 0 0 0 0 0 0 0 0 0 0 0 0 2.2 0 0 0 0 0 0 0 0 0.8 0 0 0 0 0 0 0 0 0 0 0 0 0 0 0 0 0 0 0 0 0 0 0 0 0 0 0 0 0 0 3.8000000000000003 0 0 3.6 0 0 0 0 4.6000000000000005 9.600000000000001 0.2 4.4 0 2.4000000000000004 3.8000000000000003 2.8000000000000003 7 7 0.2 0 2.2 0 4.800000000000001 2.2 0 4 5.4 2.6 0 0 0 0 2.4000000000000004 0 0 0 0 0 0 0 0 0 0 0 0 0 0 0 0 1.8 0 0 0 0 0 0 0 0 0 0 0 0 0 0 1.4000000000000001 0 0 0 0 0 0 0 0 0 0 0 0 0 0 0 0 0 0 0 0 0 0 0 0 0 0 0 0 0 0.2 0.2 0.2 0 0 1.4000000000000001 0 0 0 0 0 0 0 0 0 0 0 0 0 0 0 0 0 0 0 0 0 0 0 2.8000000000000003 0 0.2 0 0 0 0 0 0 0 0 0 0 0 0 
 0 1.2000000000000002 14.8 15 0 14.8 0 0 0.6000000000000001 0 14.600000000000001 0 0 0 0 0 0 0 0 0 0 54 59.6 33.2 7.4 6.800000000000001 62 26.6 71 52.2 23.400000000000002 13.600000000000001 27.8 31.400000000000002 7.2 38.2 16.400000000000002 41.6 12.4 14.200000000000001 0.4 0 0 0.4 0 0.6000000000000001 0 0 0 0.2 0 0.4 0.6000000000000001 0 0 0 0 0 0.4 0.6000000000000001 0.6000000000000001 0 0.8 0 0 0 0 0 0 0.8 0.6000000000000001 0.6000000000000001 0 0.4 0 0 0 0.2 0.4 0 0 0 0 0 2 2.4000000000000004 0 0 0 0 2 2.4000000000000004 0 0 0 0 1.2000000000000002 0 0 0 2.8000000000000003 1.6 0 1.6 2.2 3.8000000000000003 4.6000000000000005 6.4 11.4 0.2 4.2 0 5 3.2 1.2000000000000002 4 8.200000000000001 2 14.200000000000001 5 0 0 0 12 0 0 0 0 0 0 0 0 0 0 0 0 0 0 1 0 0 0 0.4 0 0 0 0 0 0 0 0 0 0 0 0 0 0 0 0 0 0 0 0 0.2 4.4 0 0 0 0 0 0 4.4 0 2.2 0 0 0 0 0 0.2 5.2 2.8000000000000003 0 5.4 0 2.6 4.4 0 5 4.4 4.2 2 3.2 6.4 2.8000000000000003 10.4 1.4000000000000001 4.4 0 7 0 0 0 0 0 0.4 0 0 0 0 0 0 0 0 0 0 0 0 0.2 0 0 0 0 0 0 0 0 0 0 0 0 0 0 0 0 0 0 0 0 0 0 0 0 0 0 0 2.8000000000000003 0 0 0 0 0 0 0 2.4000000000000004 0 0.4 0 0.4 0 0.4 0 0 0 0 0 0 0 0 0 0 0 0 0 0 0 0 0 0 0 0 3.4000000000000004 0 0 0 0 0 0 0 0 
 0 0 0.2 0 0.4 5.2 0.4 0 0.2 0 0 18.8 0 0 0 0 0 0 0 0 54 0 49.6 28.6 5.2 13 40.2 37.6 23.400000000000002 6.4 35.4 68.2 36.6 12.200000000000001 23.8 22 36.2 22.200000000000003 11 22 1.2000000000000002 0 0 0.8 0.8 1.2000000000000002 12.4 0 0 1.4000000000000001 0 0.4 0.6000000000000001 0.6000000000000001 0 0.6000000000000001 1 0.6000000000000001 12.600000000000001 0.6000000000000001 1 0 0.4 0 0 0.2 0 0 1 0.6000000000000001 0.6000000000000001 0.6000000000000001 0 0.4 0.2 0 0.6000000000000001 0 0.6000000000000001 0 0 0 0 0 0 0 0 0 0 0 2.6 0 0 0 0 0 0 0 0 0 0 0 4.800000000000001 9.8 2.6 1.6 0.2 5.6000000000000005 3.6 1.6 4 10 2.6 0 15 1.6 1.6 2.6 2.2 0 2.8000000000000003 0 0 0 0 0.4 0 0 0 0 0 0 0 0 1.6 0 0 0.2 3 2.8000000000000003 0 0.6000000000000001 0 0 0.4 0 0 0 0 0 0 0 0 0 1 0 0.2 0 0 0 1 0 0 0 2.6 0 0 0 0 0 0 1.8 0 1.2000000000000002 0 3.4000000000000004 0 0 0 4 0 0 3.2 2.4000000000000004 6.6000000000000005 4 0 4.800000000000001 3 10 4.800000000000001 3.8000000000000003 2.4000000000000004 3.2 3.2 10 0 11.200000000000001 6.6000000000000005 6 1.6 0 0.2 3.4000000000000004 0 0 2.6 4 0 0 0 0 1.2000000000000002 0 0 0 0 0 2.4000000000000004 2.6 0 0 0 0 0 0 0 0 0 0 0 0 0.2 0 0.2 0 0 0 0 0 0 0 0 0 0 0 14.600000000000001 0 0 0 0 0 0 0 1 0.4 0 28 0 0 0 0 0 0 0 0 0 0 0 0 0.4 0 0 0 0 0 0 0 0 0 0 2.8000000000000003 0 0 0 0 0 0 0 0 
 0 0.6000000000000001 0 0.2 0.4 0 0 0 0 0 0.4 0 0 0 0 0 0 0 0 0 59.6 49.6 0 37.4 55 18.6 15.600000000000001 28 11.200000000000001 40.800000000000004 20 36.2 18 16.400000000000002 57.400000000000006 8.6 24.6 9.200000000000001 21.400000000000002 22.6 0.4 0 0 0.4 0.4 0.6000000000000001 12.8 0 0 0 0 0.6000000000000001 0.6000000000000001 14.8 0 0 0 0 0.6000000000000001 2.4000000000000004 0.6000000000000001 0 0.4 0 0 0 0.4 9.200000000000001 0 0.6000000000000001 0.6000000000000001 10.4 0 0.4 0 0 0 0 0.6000000000000001 0 0 0 0 0 0 0 0 0 0 0 0 0 0 0 0 0 0 0 0 0 0.4 0 2.6 4.6000000000000005 7 0.8 0 0.2 0 3.2 3.4000000000000004 11 0 0 2.6 0 0 6.4 0 0 3 0 4 0 0 0 0 2.8000000000000003 0.4 0 0 0 6.6000000000000005 0.2 11.8 3.6 3.6 0 5.6000000000000005 4.4 0 0.6000000000000001 0 0 0 0 0 0 0 0 0 0 0 0 0 0 0 0 0 0 2.4000000000000004 0 0 0 0 0 0 0 0 0 0 0 0 0.6000000000000001 0 0 0 0 0 0.8 0.2 0.4 0 6.6000000000000005 5.2 0 0 3.6 0.4 0 0 0 0.4 0 5.6000000000000005 2.4000000000000004 6.800000000000001 2.6 0 0.2 8 2.8000000000000003 0 0 0 0 0.6000000000000001 0 0 0 0 0 1.8 4 0 0 0 0.2 0.8 1.8 0 0 0 0 0 0 0 3.8000000000000003 0 0 0 0 1 0 0 0 0 0 2.2 0 0 0 0 0 0 0 0 0 0 0 0 0 0 0 1.6 0.4 0 31 0 0 0 0 0 0 0 0 0 0 0 0 0 0 0 0 0 0 0 0 0 3 0 0 0 0 0 0 0 0 0 0 
 0 0.4 0 0 0.4 0 0 11 0 0 0 0 0 0 1 0 0 0.2 0 0 33.2 28.6 37.4 0 14.8 24 52.6 36.4 48.2 47.2 15 41.2 45.6 74.2 26 27.8 29.200000000000003 37.6 10 18 0.4 0 0 0.4 0 0.6000000000000001 12.600000000000001 0.2 0 0 0 0.6000000000000001 0.6000000000000001 12.600000000000001 0 0 0 0 0.4 5 0.6000000000000001 0 0.4 0.8 0 0 0 0 0 0.6000000000000001 0.6000000000000001 0.6000000000000001 0 0.4 0 0 0 0.2 0.4 0.4 0 0 0 0 0 0 0 0 0 0 4 0 0 0 0 0 0 0 0 0 0.2 6.4 5.2 3.2 2.6 4 1.6 0.2 0.6000000000000001 0 3.2 7 0.2 0 0 3.2 2.6 0 2.2 0 2.8000000000000003 0 0 0 0 0 1.8 0.2 0 0 0 0 0 0 0.4 0 0 0 5.800000000000001 2 0 0.2 0 0 0 0 0 0 0 0 0 0 0 0 0 0 0 0 0 0 0.4 6.6000000000000005 0 0 1.2000000000000002 0 0 0 0 0 0 0.2 0 0.2 0.2 0 2.6 0 0 0 0 1.6 0 3.8000000000000003 1.2000000000000002 4.6000000000000005 3 0.2 2 4 2.6 3.8000000000000003 0.2 6 3.2 0 7.2 2.8000000000000003 0 1.8 1.6 1.8 6.4 0 0 0.2 0 4.6000000000000005 0 0 0 0 1.8 2.4000000000000004 0 0 0 0 5.6000000000000005 0 0 0 0 0.4 0 3.8000000000000003 0 0 0 0 0 0 0 0 0 0 0 0 0 0 0 0 0 0 0 0 0 0 0 0 0 0.2 0 0 1.2000000000000002 0 0 16.400000000000002 0 0 4 0.4 0 0 0 0 4.6000000000000005 0 0 0 0 0 0 0 0 0 0 0 0 0 0 0 0 0 0.4 0 8.4 0 0 0 
 0 0.2 0 0 0.4 0 0 0 0 0 0 0 14.8 0 0 0.4 0 0 0.4 0 7.4 5.2 55 14.8 0 17.6 10 28.200000000000003 17.400000000000002 37.2 23.200000000000003 57.800000000000004 59.400000000000006 12.4 56.6 17.2 15.200000000000001 8 9.4 17 0.4 0.8 13 0.4 0 0.6000000000000001 12.600000000000001 0 0 0 0 0.4 4.800000000000001 17.400000000000002 12.4 0 0 12.4 2 15.8 0.6000000000000001 0 0.4 0 0 0 0 0 0 0.4 0.6000000000000001 0.6000000000000001 0 0.4 0 0 0 0.4 0.2 0.2 0 0 0 0 0 0 0 0 0 0 0.4 0 0 0 0 0 0 0 0 0 2.6 3.4000000000000004 1.6 0.4 6.2 0.2 0.4 0 0 0.2 0.2 1.8 0 3.8000000000000003 1.8 2.4000000000000004 3.6 0 0 0 0.4 0.2 0.4 0.2 0 0 2 3.8000000000000003 4.4 0 0 1.4000000000000001 0 0.6000000000000001 0 3.6 0 0 5.800000000000001 3.4000000000000004 0 0 0 0 0 0 0 0 0 0 0 0 0 0 0 0 0 0 0.2 0 0 0 0 0 0 1.4000000000000001 0 0 0 0 0 0 0 0 1 1 0 5.2 1 0 0 3.6 7.4 2.2 2 0 0 2.6 1.8 0 0.4 2.2 0 0 0 0 2.6 0 0 0 3 8 2 0 0 0 2.4000000000000004 0 1.8 1.6 0 0 1 0 0 3.6 1.8 0.4 0.8 0 0 0 0 0 0.2 0 0 0 0 0.2 0 0 0 0 0 0 0 0.2 0 0 0 0 0.6000000000000001 0 0 0 0 0 0 0 0 0 0 0 2 0.6000000000000001 0.2 0.6000000000000001 17 0.8 0.2 0 0 0 0 0 0 0 0 0 0 0.2 0 0 0 0 0 0 0 2.6 0 0 0 0 0 0 0 0 0 0 
 0 4.4 15.600000000000001 0 0 0 0.2 0 0.2 0 0.2 0 0.6000000000000001 0.2 0 0 0 0 0.4 0.6000000000000001 6.800000000000001 13 18.6 24 17.6 0 13 57.400000000000006 21.400000000000002 10.8 88.2 44.6 7.2 16 19 19.8 16.6 41.800000000000004 12.200000000000001 8.6 0.6000000000000001 2.6 0.6000000000000001 0.6000000000000001 0.4 1.2000000000000002 13 0 0.4 0.4 0.6000000000000001 0.4 1.2000000000000002 0 16.400000000000002 0 1.6 0.8 13.600000000000001 0.6000000000000001 1.2000000000000002 0 1.4000000000000001 0 0.6000000000000001 1 0.4 0 0.4 0.8 0.6000000000000001 0.6000000000000001 0 0.4 0 0.8 0.6000000000000001 0 0.6000000000000001 0.6000000000000001 0 0 0 0 0 0 0.4 0 0 0 0 0 0 0 0 0 0 0 0 0 3.8000000000000003 2.2 2.2 4.2 7 2 0.2 10.4 0 1.6 0.2 3.6 0.4 1.2000000000000002 1.8 7 3.6 3.8000000000000003 0 0 3 4.2 0 0 0 0 0.8 1 0 0.2 0 0 0 2.2 5.6000000000000005 0.8 0.2 0 0 5 0 0 0 0 0 0 0 0 0 0 0.2 0 0 0 0 0 1.2000000000000002 0 0 0 0 0 0 0 0 2.4000000000000004 0 0 0.4 0 0 0 0.6000000000000001 0 0 0 0.6000000000000001 0.2 0 0 0 0 3 2.6 4 7.2 0 7 0 4 7 6.800000000000001 0 0 0.2 1.8 0 1.8 0 0 10 0 0 0 0 0 4 10.8 0 0 0 0 11.200000000000001 0 0 0 0 0 3.2 2 0 0 0 0 0 0 0 0 0 0 0 0 0 0 0 0 0 0 0 0 0 0 0 0 0 0 0 0 0 0 0 0 0 0 1.6 0 0 15 0 0 0 0 0 0 0 0 0 0 0 0 0.4 0 0 0 0 0 0 0 0 0 0 0 0 0 0 0 0 0 0 0 
 0.6000000000000001 0.6000000000000001 0.8 0.6000000000000001 0.6000000000000001 0.8 41.2 0.8 0.6000000000000001 0.6000000000000001 42.400000000000006 0.6000000000000001 0.6000000000000001 2.2 0.6000000000000001 0.8 0.8 0.6000000000000001 15.8 0.6000000000000001 62 40.2 15.600000000000001 52.6 10 13 0 65.4 43.6 20.8 9 8.8 30.6 37.6 32.2 49.6 17.2 124.4 8.4 11.8 0.4 0.4 0 0.4 0 0.6000000000000001 0 0.6000000000000001 0.4 0 0 0.4 0.4 0.6000000000000001 0.6000000000000001 0.4 0 0 0.4 0.6000000000000001 0.6000000000000001 0 0.4 0.6000000000000001 0 0 0.6000000000000001 0 0 0.6000000000000001 0.6000000000000001 0.6000000000000001 0 0.4 0 0.4 0 0.2 0.4 0 0 0 0 0 0 2.2 0 0 0 0 0 0.2 0 0 0 0 0 0 0 0 2 0 1.8 3.6 0 2.6 2.8000000000000003 3.4000000000000004 14.200000000000001 0 3.6 0 4.6000000000000005 0.8 2.6 4.2 2.2 3.2 0.2 0.2 0 0 0 0 0 0 0 0 0 0 0 0 0 0 0 0 0 0 2 0.2 0 0 0 0 0 0 0 0 0 0.4 0 0 0 0 0.6000000000000001 0 0 0 0 0 0 0 0 0.8 3.8000000000000003 2.2 0 0 2.2 0 0 0 3.6 5.800000000000001 0 0 0.2 0 3.6 0.2 0 5 1.2000000000000002 0 2.2 0.2 3.8000000000000003 4.2 4.4 20.6 0 0 2.6 1.6 0 0 5.4 2.6 2.6 2.4000000000000004 0 0 0 0 0 0 0 0.2 0 0 0 0 2.8000000000000003 0 0 0 0 0 0 0 0 0 0 0 0 0 0 0 0 0 0 0 0 0 0 0 0 0 0 0 0 0 0 0 0 0.2 0 0 0 0 0 0 0 0 3.2 0 0.8 0 0.2 0 0.8 2.6 0 0 0 0 0 0 0 0 0.4 0 0 0 0 0 0 0 0 0 0 0 0 0 0 0 0 0 0 0 
 0 0 0 0.2 0.4 0 0 0 0 0 0 0 0 1.4000000000000001 0.6000000000000001 0.6000000000000001 0 0 0 0 26.6 37.6 28 36.4 28.200000000000003 57.400000000000006 65.4 0 34 9.200000000000001 80.2 12.200000000000001 22.6 71.4 23.400000000000002 35.800000000000004 65.8 35.6 8 40.6 0.8 4.2 0 0.4 0.6000000000000001 1 0 0 0 0.4 0 0.6000000000000001 0.6000000000000001 0.6000000000000001 0 0 0 0 0.6000000000000001 0.6000000000000001 1.4000000000000001 9.200000000000001 0.4 0 0 0 0 0 10.200000000000001 0.8 0.6000000000000001 0.6000000000000001 0 0.4 0.2 0 0.6000000000000001 2.2 0.4 0.8 0 0 0 0 0 0 3.6 0 2.2 0 0 0 0 0 0 0 0 0 0 0 5 2.8000000000000003 3 9.4 4.2 2.8000000000000003 0.2 1.4000000000000001 4.4 2.6 1.4000000000000001 7.800000000000001 0 2.2 4 1.4000000000000001 1.2000000000000002 1.8 0 0 0 0 0 0 0 0 0 0 0 0 0 0 0.2 0 0.2 0 0 0 0 0.2 0 0 0 0 0 0 0 0 0 0 0 0 0 0 0 0 1.2000000000000002 0 0 0 0 0 0 0 0 0 0 0 0 0 2 0 0 0 0 0 0.4 0 0 0.6000000000000001 12.600000000000001 0 6.4 0 3.8000000000000003 6 0 4.800000000000001 0 6.2 5.2 8.4 0 2.4000000000000004 6.800000000000001 2.4000000000000004 6.2 8 0 0.2 2.6 0 0 0 0 0 0 4.2 0 0 0 0 1.2000000000000002 0 0 0 0 0 2.2 0.2 0 0 0 0 0 0 0 0 0 0 0 0 0 0 0 0 0 0 0 0 0 0 8.8 0 0 0.8 0 0 0 0 0 0 0 0 0.8 0 0.4 34.4 0.2 0 0.4 0 19.200000000000003 0 0 0.4 0 0 0 0 0 0 0 0 0 0 0 0 0 0 0 4 0 0 0 0 0 0 0 0 
 0.8 0.4 1 0.4 0.8 15 0.4 14 0.4 0.4 0.4 0.4 0.4 0.4 0.8 0.4 0.4 0.4 0.4 0.4 71 23.400000000000002 11.200000000000001 48.2 17.400000000000002 21.400000000000002 43.6 34 0 73 9.4 36 38 18 63 36 24.200000000000003 24 27.200000000000003 31.400000000000002 0.4 0 13.600000000000001 0.4 0 1.2000000000000002 0 0 0 0 0.6000000000000001 0.4 14 0 0 0 0 0 0.6000000000000001 0.6000000000000001 0.6000000000000001 0 0.4 0.4 0 0 0 0 0.6000000000000001 0.6000000000000001 0.6000000000000001 0.6000000000000001 0 0.6000000000000001 5 0 0 0.6000000000000001 0.4 0 6.4 0 0 0 0 2.8000000000000003 0 0.2 0 0 0 0 0 0.2 0 0 0 0 0 0 0 2.8000000000000003 1.4000000000000001 0.2 0 3.6 5.800000000000001 2.8000000000000003 1.6 4.4 5.2 0.6000000000000001 4.6000000000000005 0.4 0 7.800000000000001 6 4.800000000000001 2 2.2 0 0 0 0 0 0 0 4 0 0 0 0 0 0 1.8 0 0 0 0.2 0.2 0 0 0.2 0 0 0 0 0 0 1 0 0 0 0 0.4 0 0 0 0 0 0 0 0 0 1.6 2.2 0 0 0 0 0.4 0 3 0 0 0.8 0 0.8 0 0 2 10.8 6.4 1.6 7.6000000000000005 8 3.4000000000000004 2.8000000000000003 3.2 8.8 5.4 4.4 0 1.2000000000000002 1.6 2.4000000000000004 2.8000000000000003 3 1.4000000000000001 6.2 2.6 0 3.4000000000000004 0 0 0 0 3.8000000000000003 0 0 0 0 0.2 0 0 0 0 0 0.2 0 0.2 0 0 0 0 0 0 0 0 0 0.4 0 0 0 0 0 0 0 0 0 0 0 0 0 0 0 0 0 0 0 0 0 0 0 0.6000000000000001 0.4 0 8.200000000000001 15 0 0.8 4.6000000000000005 0 0 0 0 0 0 0 0 0 0 0 0 0 0 0 0 0 0 0 2.4000000000000004 0 0 0 0 0 0 0 0 
 0.4 0.4 1 0.4 0.4 0.4 0.4 0.8 1 0.6000000000000001 0.4 0.4 0.4 0.4 0.4 0.8 0.4 0.4 0.4 0.4 52.2 6.4 40.800000000000004 47.2 37.2 10.8 20.8 9.200000000000001 73 0 15.8 36 12.600000000000001 33.4 41.400000000000006 36.4 12.600000000000001 27.6 19.8 20 0.4 0 0 0.4 0 0.6000000000000001 6.2 0 0 0 0 0.4 0.6000000000000001 5.800000000000001 0 0 0 0 0.6000000000000001 14 0.6000000000000001 0 0.4 0 0 0 0 0 0 0.6000000000000001 0.6000000000000001 0.6000000000000001 0 0.4 0 0 0 0.2 0.4 0 0 0 0 0 0 0 0 0 0 0 0 0.4 0 0 0 0 0 0 0 0 0 2.6 0.4 0.2 4.6000000000000005 0 0 0 3.6 2.8000000000000003 0 2 0 0 0 0.4 2.6 0 0 0 5.6000000000000005 0 0 0 0 0 0 5.6000000000000005 0 0 0 0 7 0.2 6.4 2.2 1.2000000000000002 0 5 9.4 0 0 0 0 0 0 0 0 0 0 0 0 0 0 0 0 0 0 0 0 0 0 0 0 0 0 0 0 0 0 0 0 0 0 2.2 0.6000000000000001 0.4 1 1 0 1 2.6 2.4000000000000004 7 9.4 0.2 0 0 1.6 0.2 5.2 1.8 0 0 0 0 6.4 0.2 0 0.2 3.8000000000000003 5.800000000000001 0 0 0 0 2.2 0.4 0 0 0 0 3.4000000000000004 4 0 0 0 0 7.2 2 0 0 0 0 0 0 0 0 0 0 0 0 0 0 0 0 0 0 0 0 0 0 0 0 0 0.4 0 0 0 0 0 0 0 0 1.8 0 0.4 0.8 15 0 0.4 0 0 0 0 0 2 0 0 0 0 0 0 0 0 0 0 0 0 1.4000000000000001 0 0 0 0 0 0 4.2 0 0 0 
 0 0 0.2 0 14.8 0 0 0 0.6000000000000001 0 0.4 0 0 0.6000000000000001 0 0.4 3.6 0 0.4 0 23.400000000000002 35.4 20 15 23.200000000000003 88.2 9 80.2 9.4 15.8 0 60.6 8.200000000000001 10.8 28.8 53.800000000000004 26 32.800000000000004 4.800000000000001 41.6 13.200000000000001 4.6000000000000005 0 0.4 0 0.6000000000000001 25.6 0 13 42 0 0.4 0.6000000000000001 0 1 0 0 0 12.8 0.6000000000000001 0.6000000000000001 0 0.4 0 0 0 0.2 0 0 0.6000000000000001 0.6000000000000001 0.6000000000000001 0 0.6000000000000001 0 0 0 0 0.6000000000000001 0.2 0 0 0 0 0 0 0 0 0 0 0 0 0 0 0 0 0 0 0 0.2 4.2 2.2 7.800000000000001 5.6000000000000005 7.2 4.2 0.2 0 3.2 2 1 5.2 0 4 2.2 4.6000000000000005 1.4000000000000001 0 0 0 2.4000000000000004 0 0 0 0 0 3.4000000000000004 4 0 0 0 2.2 2.8000000000000003 2.2 2.2 0 0 0 0.2 1 0 0 0.4 0 0 0 0 0 0 0 3.2 1.4000000000000001 0 0 0 0 0.6000000000000001 0.4 0 0 0 0 0 0 0 0 0 0 0 0 0 0 0.4 0 0 0.4 0 0.2 0 0 2.6 0 3.6 9 0 5.800000000000001 0 7.6000000000000005 0.4 3.6 6 13.4 0 2.8000000000000003 0 0 0.2 1.8 0 0 13.200000000000001 0 0 0 0 0 0 7 0 0 1.6 0 2.6 0 0 0 0 0 2 0.2 0 0 0 0 0 0.4 0 0 0 0 0 0 0 0 0 0 0 0 0 0.4 0 0 0.2 0 0 0 0 0 0 0 0 0 0 0 3.4000000000000004 0.4 0.4 9.200000000000001 0.2 0.8 0 0 0 0 0 0 0 0 0 0 0 0 0 0 0 0 0 0 0 0 0 3 0 0 0 0 0 0 0 0 
 0 0 0.2 0 0 0 0 0 0 0.4 0 0 0 0 0 15.200000000000001 0 0 0.8 0 13.600000000000001 68.2 36.2 41.2 57.800000000000004 44.6 8.8 12.200000000000001 36 36 60.6 0 10.200000000000001 8.200000000000001 6.800000000000001 11.600000000000001 25.200000000000003 14.4 49.800000000000004 49.800000000000004 0.4 0 0 0.4 0 0.6000000000000001 6 0 0 0 0 0.4 1.6 5.800000000000001 0 0 0 0 0.4 13.4 0.6000000000000001 0 0.4 0 0 0 0 0 0 0.8 0.6000000000000001 0.6000000000000001 0 0.4 0 0 0 0.4 0.2 0.2 0 0 0 0 0 0 0 0 0 0 0 0 0 0 0 0 0 0 0 0 3 3.2 2 3.6 2.2 6.6000000000000005 1.2000000000000002 0 0 6.2 2.2 9.200000000000001 0 2.2 0.8 3.8000000000000003 7 0 0 0 1.6 0 0 0 0 0 0 3.8000000000000003 0 0 0 0 2.4000000000000004 0 9.4 0.4 2.2 0 2.6 4.6000000000000005 0 0 0 0 0 0 0 0 0 0 0 0 0 0 0 0 0 0 0 0 0 0 0 0 0 0 0 0 0 0 3.2 0 0 0 0.2 1 0 0 0 0 0 1.4000000000000001 4 4.6000000000000005 5.2 4.800000000000001 0 3.6 2 3.8000000000000003 4.800000000000001 4.4 0 0 5.4 0 4.6000000000000005 0.2 7.2 0 7 2.4000000000000004 0 0 0 0 2.8000000000000003 0 0 0 0 0 3.8000000000000003 2 0 0 0 0 4 1.4000000000000001 0 0 0 0 0 0 0 0 0 0 0 0 0 0 0 0 0.4 0 0 0 0 0 0 0 0 0 0 0 0 0 0 0 0 0 1.6 0 0 31.6 0.8 0 5.800000000000001 0 0 0 0 0 0 0 0 0 0 0 0 0 0 0 0 0 0 0.2 0 0 0 2.2 0 0 0 0 0 0 
