 0 68.4 37.4 12.8 9.8 9.4 43 52.2 57.400000000000006 57.2 9.4 28.6 28.6 51 69.4 9 35 6 10.8 4.2 0 0.4 0.6000000000000001 0 0.2 0 0.6000000000000001 0 0.6000000000000001 0 0 0.2 0 0 0.4 0 0 0.4 0 0.4 0 0 0 0 0 0 0.6000000000000001 0 0 0 0 0.4 0 0 1 0 0 0 0.6000000000000001 0 0 0 0 0 0 0 0 0.2 0 0 6.800000000000001 0.4 0 0.6000000000000001 0 0.6000000000000001 0.2 0 3.4000000000000004 0 5.6000000000000005 3.4000000000000004 7.6000000000000005 8.6 2 2.4000000000000004 5.4 0 1.6 0 4.4 1.8 9 2.2 5.2 2.8000000000000003 1.8 8.200000000000001 0 11.600000000000001 0 0 0 0 0 0 0 0 0 0 0 0 0 0 0 0 0 0 0 0 0 0 0 0 0 0 0 0 0 12.8 0 0 0 0 0 0 0 0 0 0 0 0 0 0 0 0 0 0 0 0 0 0 0 0 0 5 1 0 5 0 4.6000000000000005 5.800000000000001 2 2.2 1.4000000000000001 12.4 5.4 2.8000000000000003 4.2 0 0 0 7.4 5.4 4.6000000000000005 1.4000000000000001 1.6 0 0 3.2 0 0 0 0 0 0 0 0 0 0 1.8 0 0 0 0 0 0 0 0 0 0 0 0 0 0 0 0 0 0 0 0 0 0 0 0 0 0 0 0 0 0 0 0 0 0 0 0 0 0 0 0 0 0 0 0 0 0 0 0 0 0 0 0 0 0 0.4 0.2 0.4 0 40.2 0 3.4000000000000004 0 0.2 0 0 0 0 0 0 0 0 2.8000000000000003 0 0 0 0 0 0 0 0 0 0 0 0 2.2 2.4000000000000004 0 0 0 0 0 0 0 0 0 0 0 0 0 
 68.4 0 33.800000000000004 78.2 10.8 71 32.2 44.800000000000004 36 17.6 67.2 7.6000000000000005 7.2 32.2 32.4 8.4 43.400000000000006 25.200000000000003 18.8 29 0.2 0.2 0.6000000000000001 0 0.6000000000000001 0 15.8 0 0.6000000000000001 0 0 0.2 0 9.4 0 0 0 0 12.200000000000001 15.4 0 0 0 12.4 0 1 0.6000000000000001 0 0 0 0 0 0 0 0.6000000000000001 0 0 0 0.6000000000000001 0 0 0 0 0 0 0 0 0 0 0 0.4 0.4 0 0.6000000000000001 0 0.6000000000000001 0 0 0 0 4 0 0 5.2 0 2.8000000000000003 0.2 2.6 4.4 5.4 2 1.6 4 3.8000000000000003 3 5 0 6.4 0 3 0 0 0 0 0 0 3 0 0 0 0 0 2.2 0 0 0 0 0 3.6 0 0 0 0 0 0 0 0 0.4 0 0 0 0 0 0 0 0 0 0 0 0.8 0 0 0 0 0 0 1 0 0 0 0 0 0 0 0 0 0 0 0 0.8 2.8000000000000003 0.4 5.4 0 6.6000000000000005 2.8000000000000003 2.6 1.4000000000000001 3 6 0 2.4000000000000004 3.2 4.800000000000001 2.2 2 5.6000000000000005 9.600000000000001 0 0 0 0 0 0 0 0 5.2 0 3 0 0.4 0.2 0 0 3 1.8 0 0 17.8 0 0 0 1.8 0 2.2 0 0 0 0 0 0 0 0 0 0 0 0 0 0 0 0 0 0.4 0.4 0 0 0 0 0 0 0 0 0 0 0 0 0 0 0 0 0 1.4000000000000001 0 0 0 0 0 0 0.4 0 0 3.6 0 0 0 0 0 0 0 0 0 0 0 0 0 0 0.4 0 0 0 0 0 10 0 0 3 2.8000000000000003 3.6 0 0 0 0 0 0 0 0 0 0 0 0 
 37.4 33.800000000000004 0 26.400000000000002 5.800000000000001 57.6 31.8 32.4 62.400000000000006 60.2 7 21.6 27.400000000000002 45.2 35.800000000000004 72.4 81 72.2 6.4 7.4 0.2 0 0.6000000000000001 0.8 0 0 12.200000000000001 0.2 1 0.4 0 8.200000000000001 0 0 0 0.4 0.4 0 0 15.200000000000001 0 0 0 0.2 0.4 1.8 0.6000000000000001 0 0 0 0.4 0.4 0 0 0.4 0 0.4 0.4 0.8 0 0 0 0 0 0.4 0.6000000000000001 0 0 7.4 0 0.4 0.8 0 0.4 0 0 0 0.4 0 0 0 7 0 0 3.6 4.2 4.800000000000001 0 2 3.2 2 0 2 3.8000000000000003 4.6000000000000005 0 4.800000000000001 2.6 0 6.2 3.2 0 0 0 0 0 3.4000000000000004 0 0 0 0 0 0 0 3.6 0 0 0 4.2 0 0 0 0 0 0 0 0 0 2.4000000000000004 0 0 0 0 0 0 0 0 0 0 0 0 0 0 0 0 0 0 0 0 0 0 0 0 0.2 0 0 0 0 0 0 0 7.4 8 0.6000000000000001 1.8 0.8 2.4000000000000004 0 8 6.4 0 7.6000000000000005 2.8000000000000003 0 3.8000000000000003 2.4000000000000004 0 3 0 0 0 0 0.2 0 0 4.6000000000000005 1.4000000000000001 0 7.6000000000000005 0 0 0 0 4.4 1.8 0 0 0 2 4 0 0 0 0.2 0 0 0 0 0 0 0 0 0 0 0 0 0 0 0 0 0 0 0 0 0 0 0 0 0 0 3.4000000000000004 0 0.4 0 0 0 0 0 0 2.8000000000000003 0 4.4 0 0 0 0.4 0.2 0 0.2 0.2 1.6 2.2 0.2 0 0 0 0 0 0 0.2 0 0 4.6000000000000005 2.2 0 0 0 0 0 0 0 0 0.2 0 0 4 8 3.8000000000000003 0 0 0 0 0 0 0 0 0 0 0 0 
 12.8 78.2 26.400000000000002 0 20.8 10.200000000000001 35 9.8 23.200000000000003 62.6 79 48 28.8 14.4 32.4 102.4 88.2 74.2 14.600000000000001 7 0 0 0.8 2.2 0.6000000000000001 0.2 5.6000000000000005 0.8 1 0.6000000000000001 0.6000000000000001 0.6000000000000001 0 14.600000000000001 0.6000000000000001 0 2.4000000000000004 1.2000000000000002 20 38 0 0 0.2 0 0.6000000000000001 0.4 0.6000000000000001 0.6000000000000001 0 0 0.6000000000000001 1.6 0.2 0 0.6000000000000001 0 2 0.6000000000000001 0.8 0 0 0 0 1 0 0.4 0 0 0 0 0.8 0.8 1.8 0.6000000000000001 0 0.4 0.4 0.2 0.4 3.4000000000000004 1.4000000000000001 3 11.600000000000001 7.800000000000001 3.6 0 0 0.4 2.6 2.6 2.8000000000000003 4.800000000000001 0 0 0 3.6 0 0.4 0 0.8 0.2 0 0 0.6000000000000001 0 0 8 0 0 0 0.4 0 5 3 1.4000000000000001 0 0 2 3.8000000000000003 0.4 0 0 0 0 0 0 0 0 0 2.8000000000000003 0 0.2 0 0 0 0 0 0 0 6.2 0 0 0 0 0 0 0 0 0 0 0 0 0 0.2 0 0 0 0 0 0 3.6 7 2.4000000000000004 0 1.8 6.6000000000000005 0 0 12.4 2.2 0.6000000000000001 2.8000000000000003 0 0 0.8 2.2 3.6 0.6000000000000001 0 0 0 0 1.8 0 0 0 5.4 0.2 2.8000000000000003 1.6 0 0 0 2.8000000000000003 3.8000000000000003 2 0 0 11.8 2.6 0.2 0 0 0 0 0 0 0 0 0 0 0 0 0.2 0 0 0 0 0 0 0 0 0 4.4 0 0 0 0 0 0 0 0 0.6000000000000001 0 0 0 0 0 0 0 0 0 0 0 0 0 0.2 0 0.4 0 0 1.8 0 0 0 0 0 0 0 0 0.4 0 3.2 0 0 0 0 0 0 0 0 0 0 0 0 3.2 6.4 4 0 0 0 0 0 0 0 2.8000000000000003 0 0 0 0 
 9.8 10.8 5.800000000000001 20.8 0 59.2 9.4 24.200000000000003 9.600000000000001 76.60000000000001 32.4 45.800000000000004 9.8 15 17.2 19.8 13.200000000000001 9 93.60000000000001 20 14.600000000000001 14.8 18 0 0 0 15.4 33.6 0.6000000000000001 0 0 0 50.2 0 13.8 20.8 16.2 15.200000000000001 0 16.400000000000002 0 1 0 0 0 0.4 0.6000000000000001 2.8000000000000003 0 0 0 0 0 0 0.6000000000000001 0 0 0 11.600000000000001 0 0 0 0 0 0 0 0 0 0 0 0.4 0.4 0 0.4 0 0.4 0 0 0 0 0 0 0 0.6000000000000001 1.2000000000000002 3.2 0 1.8 3 0 0 2.2 0 0 2.2 4 0 0 0.2 0 5.800000000000001 2 3.8000000000000003 4.4 0 0 2.4000000000000004 5.6000000000000005 4.6000000000000005 0.4 4 0 1 8.6 10.200000000000001 4 2.8000000000000003 0 0 5 0 0 0 0 0 0 0 0 0 0 0 0 0 0.4 0 0 0 0 0 0 0 0 0 0 0 0 0 0 0 0 0 0 0 0.4 0 0 0 0 0 0 0 0 0 0 2.2 4.6000000000000005 0 0 0 0 0 5.2 0 0 0 3.8000000000000003 0.2 0 0 0 4.4 5.6000000000000005 3.2 0.2 0 1 4 2 2.6 7 0.2 0.2 3 5.2 7.6000000000000005 4 0 0 0 5.6000000000000005 0 0 1 0 0 0 0 0 0 0 0 0 0 0.4 0 0 0 0.4 0 0 0 0 0 0 0 0 0 0 0 0 0 0 0 0.2 0 0 0 0 0 0 0 0 3 0 0 0.2 10.200000000000001 0.4 17.6 0.6000000000000001 0.2 0.8 0 0.2 0 0 0 0 0 0 0.2 0 0 0 0 0 0.4 0 0 0 0 0 0 0.4 0 0 0 0 0 0 0 0 0 0 0 0 0.4 0 0 0 
 9.4 71 57.6 10.200000000000001 59.2 0 6.6000000000000005 6.6000000000000005 9.4 40.2 29.8 11.8 9.600000000000001 51.400000000000006 30.6 32.6 34.6 16.8 54.6 11 0 14.8 15.600000000000001 0 0.2 0 4 6.4 0.6000000000000001 1.2000000000000002 0 0.2 16.6 0.4 0 14.600000000000001 4.800000000000001 14.200000000000001 0 15.8 0.8 3.4000000000000004 0 0 0 0 0.6000000000000001 1.2000000000000002 0 0 0 0 0 0 0.6000000000000001 0 0 0 16 0 0 0 0 0 7.4 0 0 0 0 0 0.6000000000000001 0.4 0 0.6000000000000001 0 0.6000000000000001 0 0 0 0 0 0 2.4000000000000004 3.2 0 0 0 2.8000000000000003 0 0.4 0 2.6 0 10 2.8000000000000003 7.2 0 2.8000000000000003 0 0 0.2 0 3.2 0 0 0 2.8000000000000003 0 2.8000000000000003 3.2 3.2 0 0 2.8000000000000003 6.6000000000000005 6.2 2.2 0 1.6 2 0 0 0 0.4 0 0 0 0 0 0 0 0 0 0 0.4 0 0 0 0 0 0 0 0 0 0 0 0 0 0 0 0 3.2 0 0.2 0 0 0 0 0 0 0 0 0.4 0 0 0 0 0 4.6000000000000005 5 0 4.4 0 0 0 7.2 0 2 0 0.4 7.4 2.2 5.4 1.8 0 3.2 4.2 0 0 19.400000000000002 3.8000000000000003 3.2 2 3 3.8000000000000003 0 0 0 3.2 1.8 0 0 2.6 0 0 0 0 0 0 0 0 0 0 0 0 0.2 0 0 0 0 0 0 0 0 0 0 0 0 0 0 0 0 0.2 0 0 0 0 0 0 0 0 0 3 0 0 1 0 0 9.8 17 0 2 0 0 0 0 0 0 0 0 0 0 0 0 0 0 0 0 0 0 0 0 0 0 0 2.6 5.800000000000001 8.4 0 0 0 0 0 0 0 0 6.2 0 0 0 
 43 32.2 31.8 35 9.4 6.6000000000000005 0 13.8 9.8 11.8 22.8 12.200000000000001 29.400000000000002 27 25.400000000000002 38.400000000000006 11.200000000000001 7.4 22 15.4 0.2 0 0.4 0 0 0.2 0.4 0 0.6000000000000001 0 0 0.4 0.2 0 0 0 0 0 0 0.8 0 0 0 0 0 0 0.6000000000000001 12.600000000000001 0 0 0 0 0 0.2 1.6 0 0 0 0.6000000000000001 0 0 0 0 0 0 0 0 0 0 0 0.4 0.4 0 0.4 0 0.2 0 0 1.2000000000000002 0 6.4 0 6 4.800000000000001 3.6 6.6000000000000005 1.6 0 4.4 5.4 4.6000000000000005 0.2 0 9.8 0 0 4.4 4.2 1.8 5.6000000000000005 0 0 0 0 0 0 0 0 0 0 0 0 0 0 0 0 0 0 4.2 0 0 0 0 0 0 0 0 0.4 0 0 0 0 0 0 0 0 0 0 0 0 0 0 0 0 0 4.800000000000001 0 0 0 0 0 0 0 0 0 0.6000000000000001 0.4 0 0 0 0 1.6 0 1.8 4.6000000000000005 0 9 1.8 0 0 0 0 4.2 0.2 6.800000000000001 1.6 0 0 4.4 3.4000000000000004 0 0 0 0 4.2 0 0 0 0 0 0.4 0.2 0 0 0 0 0 0 0 0 0 0 0 0 0 0 0 0 0 0 0 0 0 0 0 0 0 0 0 0 0 0 0.4 0.4 0 0 0 0 0 0 0 0 0 0 0 0 0 0 0 0 0 0 0 0 0 0 0 0 0.2 17.6 0 5 0 0 0 0 0 0 0 0 0 0 0 0 0 0 0.4 0 0 0 0 0 0 0 0 3.6 0.4 0 0 0 0 0 0 0 0 0 0 0 0 0 
 52.2 44.800000000000004 32.4 9.8 24.200000000000003 6.6000000000000005 13.8 0 16.8 8 38.2 15 17.2 46.800000000000004 16.8 71 27.200000000000003 7.4 37.800000000000004 13 0.2 0 0.6000000000000001 0 0.2 0 0.6000000000000001 12.600000000000001 0.6000000000000001 0 0 0.4 0 0 0.2 0 0 0 0 0.4 0 0 0 0 0 8.200000000000001 0.6000000000000001 0 0 0.2 0 0 0 0 0.6000000000000001 0 0 0 0.8 0 0 0 0.2 0 0 0 0 0 0 0 0.4 12.200000000000001 8.6 0.6000000000000001 0.8 0.6000000000000001 0 0 6.800000000000001 0 2.2 0 0 2.2 0.2 0 0.2 5 0 0 9.8 4.6000000000000005 2 3.8000000000000003 10.4 3.6 2 6 0 9 0 0 0 0 0 0 0 0 0 0 0 0 2.4000000000000004 0 0 0 0 1.4000000000000001 3.2 0 0 0 0 0 0 0 0 0 0 0 0 0 0 0 0 0 0 0 0.4 0 0 0 0 0 0 0 0 0 0 0 0 0 0 0 3.2 0 0 0 0 0 0 6 0 0 0.2 1 2 0.2 0 4 0 0 2.2 2.2 4 4.2 8.200000000000001 3 3.4000000000000004 0 2.2 0 0 0 0 0 0 0 0 0 0 0 0 0 2.2 0 0 0 3 0 0 0 2.2 0 0 0 0 0 0 0 0.2 0 0 0 0 0 0 0 0 0 0 0 0 0 0 0 0 0 0 0 0 0 0 0 0 0 0 0 0 0 0 2.8000000000000003 0 0 0 0 0 0 11.200000000000001 0.2 0 0.4 0 0.4 0 0 0 0 0 0 0 0 0.2 0 0 0 0 0 0 0 0 0 0 0 0 3.4000000000000004 2 0 0 0 0 0 0 0 0 0 0 0 0 0 
 57.400000000000006 36 62.400000000000006 23.200000000000003 9.600000000000001 9.4 9.8 16.8 0 55.400000000000006 13.200000000000001 45.6 41.6 15.200000000000001 27.400000000000002 28.200000000000003 93.2 34 10.4 17 0 0 0.4 0 0 0 0.4 0 0.6000000000000001 0.2 0 0.4 0 0 0 0 0 0 0 15 0 0 0 0 0 0 0.6000000000000001 0 0 0 0 1.8 0 0 0.6000000000000001 0 0 0 0.6000000000000001 0 0 0.4 0 0 0 0.2 0 0 0 0 0.8 0.4 0 0.6000000000000001 0 0.8 0.2 0.2 1 0 0 5.4 4.2 3.4000000000000004 0 9.4 0.2 2 2.4000000000000004 3.4000000000000004 2.8000000000000003 0 3.4000000000000004 0.4 2.6 0 2.2 3.6 2.2 0.2 0 0 0 0 0 0 3.4000000000000004 0 0.2 0 0 0 3.8000000000000003 0 0.4 0 0 0 2 1.8 1 0 0 0 0.2 0 0 0 0 4 0 0.6000000000000001 0 0 0 0 0 0 0 0 0 0 0 0 0 0 0 0 0 0 0 0 0 0.4 0 0 0 0 0 0.8 7.800000000000001 3 8.6 1.8 10 1.8 3.4000000000000004 4 4.2 3 4 3.8000000000000003 1.6 3.8000000000000003 1.4000000000000001 0.4 1.6 3.6 0 3.6 0 0.2 0 0 0 0 0.4 0 0.4 0 0 0 0 0 0 0 0 0 2.8000000000000003 0 0 0 0 0 0 0 0 0 0 0 0 0 0 0 0 0 0 0 0 0.4 0 0 0 0 0 0 0 0 0 0 0 0 0 0 0 0 0 0 0 0 0 0.2 0 0 0 0.4 0.4 0 0.2 17.6 0.2 2 0 0 0 0 0.4 0 0 0 0 0 3.8000000000000003 0 0 0 0.4 0 0 0 0 0 0 0 0.8 0 0 4 0 0 0 0 0 0 0 0 0 0 0 0 
 57.2 17.6 60.2 62.6 76.60000000000001 40.2 11.8 8 55.400000000000006 0 53.6 61 56 19.6 37.6 34.6 57.400000000000006 33.2 14.600000000000001 19.200000000000003 0.2 0 0.4 0 20.6 0 30 14.8 0.8 0 0 0.2 14.8 0 16.2 0 0 0 0 17.6 0 0 0 0 0 3 0.6000000000000001 0 0 0 0 0 0 0 0.4 0 0 0 0.6000000000000001 0 0 0 0 0 0 0 0 13.8 0 0 0.4 0.4 0 0.4 0 0 7.6000000000000005 0 5.4 0 0 2.8000000000000003 3 3 8 13.8 4 0 8 3.4000000000000004 2.8000000000000003 0 3.4000000000000004 0 1.6 0 2 0 0 0.6000000000000001 3.2 2.4000000000000004 0 0 0 0 1.8 0 0.2 0 0 0 6.800000000000001 0 1.6 0 0 0 2.4000000000000004 0 0 0.2 0 0 0 0 0 0 0 0 0 0 0 0 0 0 0 0 0 0 0 0 0 0 0 0 0 0 0 0 0 0 5.2 0.2 0 0 0 0 0 0 3 0 6.4 0 5.6000000000000005 0 3.4000000000000004 2.6 2.6 3.6 0 4.800000000000001 1.6 3.8000000000000003 2.8000000000000003 3.6 1.8 0 0 0 0 4 0.2 0 0.2 0 2 2 1.8 0 0 0 0 0 0 0 0 0 5 0 0 0 0 0 0 0 0 0 0 0.2 0 0 0 0 0 0 0 0 0 0 0 0 0 0 0 0 0 0 0 0 0 0 0 0 0 0 0 0 2.8000000000000003 0 0 0.8 0 0 0 0.6000000000000001 17.6 0 0.2 17.6 0 1.4000000000000001 0 0.4 0 0 0 0 0 0 0 0 2.4000000000000004 0 0 0 0 0 0 0 0 0 0 0 0 4.6000000000000005 0 0 0 0 0 0 0 0 0 0 0 0 0 0 
 9.4 67.2 7 79 32.4 29.8 22.8 38.2 13.200000000000001 53.6 0 51.400000000000006 22.400000000000002 26.400000000000002 73.4 33.2 55.800000000000004 12.4 7.2 10.4 0 0 0.6000000000000001 0 5 0 0.6000000000000001 21.6 0.6000000000000001 0 15.600000000000001 0.2 0.2 0 12.4 0 0 0 15.4 15.600000000000001 0 0 0 0 0 0 0.6000000000000001 0 0 0 0 0 0 0 0.6000000000000001 0 0.2 0 0.8 0 0 0 2.2 0 0 0 0 0 0 0 0.4 0.4 0 0.6000000000000001 0 0.6000000000000001 0 0 0 0 1.2000000000000002 2.8000000000000003 2.8000000000000003 12.4 2.8000000000000003 0 0 2 2.6 3.2 0 11.8 0 0 2.8000000000000003 6.4 0 2.4000000000000004 0 1.6 3.2 0 0 0 0 0 3 0 0.2 0.2 0 0 6.2 2 5 0 0 0 1.4000000000000001 0 0 0 0 0 0 0 0 0 0 4.2 0 0 0 0 0 0 0 0 0 0 0 0 0 0 0 0 0 0 0 0 0 0 0 0.4 0 0 0 0 0 0 1.4000000000000001 11.600000000000001 2 0 1.2000000000000002 4.2 0 0 2.2 2.6 0 6.6000000000000005 0 0 0.2 4 5.6000000000000005 0 0 0 13.4 0.2 3.8000000000000003 0.4 0 0 0 2.2 0.6000000000000001 0 0 0.2 0 3 8.6 0 0 0 3.2 0 0 0 2.4000000000000004 0 0 0 0 0 0 0 0 0 0 0 0 0 0 0 0 0 0 0 0 0 0 0 0 0 0 0 0 0 0 0 0 0 0 0 0 0 0 0 0 0 0 0 9.8 0 1 0.2 0 1.6 0 0 0 0 0 0 0 0 0 0 2.8000000000000003 0 0 0 0 0 0 0 0 0 0 0 0 0 7 0 0 0 0 0 0 2.6 0 0 0 0 0 0 
 28.6 7.6000000000000005 21.6 48 45.800000000000004 11.8 12.200000000000001 15 45.6 61 51.400000000000006 0 6 9.8 25.8 37.6 18.6 78.80000000000001 6.2 3.4000000000000004 4.800000000000001 0 0.6000000000000001 0 15 0 0.6000000000000001 15 16.400000000000002 0 0 0.2 15 0 14.8 14.8 5.2 1 15.4 16.400000000000002 0 0 0 0 0 0 0.6000000000000001 0 0 0 0 0 0 0 0.6000000000000001 0 0 0 0.4 12.4 0 0 0 0 0 0 0 0.8 0 0 0.6000000000000001 0.4 0 0.6000000000000001 0 0.6000000000000001 0 0 0 0 0 0 1.8 3.2 0.6000000000000001 4.800000000000001 0 0 0 3.6 9.200000000000001 14.4 0 0 0 0 3.4000000000000004 2.8000000000000003 0 0 6.6000000000000005 5.6000000000000005 0 2 0 0 0.2 0 0 4.2 0 0 2.8000000000000003 6.2 2 0 1.6 0 2.4000000000000004 6.800000000000001 0 0 0.4 0 0 0 0 0 0 2 0 0 0 0 0 0 0 0 0 0 0 0 0 0 0 0 0 0 0 0 0 0 0 0.2 0 0 0 0 0 0 1.6 2.4000000000000004 0 0 2.4000000000000004 4.4 0 0 5.6000000000000005 0 0.2 2.8000000000000003 0 0 0 0 2 2.8000000000000003 0 1.2000000000000002 3.8000000000000003 2.2 5.6000000000000005 3.2 4.2 0 0 7.4 3.8000000000000003 0 0 0 1.4000000000000001 5.800000000000001 2.4000000000000004 0 0 1.8 0 3.8000000000000003 0 0 0 0 0.4 0.2 0 0 0 0 0 0 0 0 0 0 0 0 0 0 0 0 0.2 3.8000000000000003 0 0 0 0 0 0 0 0 0 0 0 0 0 0 0 0 0 0 0 0 0 0.4 17.400000000000002 0 0.2 17.2 3.6 1 2.6 0.4 0 0 0 0.4 0 0 0 3.8000000000000003 0 0 0 0 0 0 0 0 0 0 0 0 0 0 0 0 0 0 0 0 0 0 0 0.4 0 0 0 0 
 28.6 7.2 27.400000000000002 28.8 9.8 9.600000000000001 29.400000000000002 17.2 41.6 56 22.400000000000002 6 0 13 26.400000000000002 25.6 69.60000000000001 7.800000000000001 34.800000000000004 23 14.600000000000001 0 0.6000000000000001 0 0.4 0 0.6000000000000001 0 1.2000000000000002 0 0 0.2 0 0 0 0 0 0.2 0.2 0.4 0 0 0 0 0 0 0.6000000000000001 0 0 0 0 12.600000000000001 0 0 0.6000000000000001 0 0.4 0 0.4 0 0 0 0 0 0 0 0 0 0 0 0.6000000000000001 0.4 0 0.6000000000000001 0 0.6000000000000001 0 0 0 0 3.2 4.2 0 5.800000000000001 3.6 0 2.6 0 2.8000000000000003 2.4000000000000004 0 0.6000000000000001 1.6 0 2.8000000000000003 5 0 0 3.2 3.4000000000000004 0 2 0 0 0 0 0.2 0 0 0 0 0 0 0 0 0 0.2 0 1.8 0 0 0 0 0 0 0 0 0 0 0.4 0 0 0 0 0 0 0 0 0 0 0 0 0 0 0 0 0 0 0 0 0.6000000000000001 0 0.4 1.8 0 0 0 0 0 0 2.8000000000000003 2.2 3.8000000000000003 0 1.6 0 0 0 2 0 0 0 2.8000000000000003 4.4 0.4 0 0 0 9 0 0 0 0 0 0 0 0 0 0 0 0 0 0.4 0 0 0 0 0 0 0 0 0 0 0 0 0 0 0 0 0 0 0 0 0 0 0 0 0.2 0 0 0 0 0 0 0 0 8 0 0 0 0 0 0 0.4 1.6 0 0 0 0 0 0 0 0 0 0 0.4 0 0 0 0 0 3.8000000000000003 0 0 0 0 0 0.4 0 0 0 0 1.8 0 0 0 0 0 0 0 0 0 0 0 0 0 5 0 0 0 0 0 0 0 0 0 0 0 0 0 
 51 32.2 45.2 14.4 15 51.400000000000006 27 46.800000000000004 15.200000000000001 19.6 26.400000000000002 9.8 13 0 114.4 24.6 16.2 7.6000000000000005 62 56 0.4 0 0.4 0 0 0 0.4 0 0.6000000000000001 0 0 0.6000000000000001 0 0.2 0 0 0 15 0.4 0.4 0 0 0 0 0 2.6 0.6000000000000001 0 0 0 0 0 0 0 0.6000000000000001 0 0 0 0.4 0 0 0 0 0 0 0 0 0 0 0 0.4 0.4 8.6 0.4 0 0.4 0 0 0 0 0.4 15 3.4000000000000004 3 5.6000000000000005 4 8.200000000000001 0.6000000000000001 3 0 9.8 3 5.800000000000001 6.800000000000001 5.4 1.8 3.4000000000000004 3.4000000000000004 0 3.8000000000000003 0 0 0 0 0 0 0 0 0 0 0 0 6.4 0 0 0 0 0 3.4000000000000004 0 0 0 0 2.8000000000000003 0 0 0 0 0 0 0 0 0 0 0 0 0 0 0 0 0 0 0 0 0 0 0 0 0 0 0 0 0 0 0 0.8 0 0 0.4 0 0 6.4 0 1.2000000000000002 0.2 0 2 0 0 2.6 0 0 2.8000000000000003 0 0 0 4 2.8000000000000003 3.4000000000000004 0 0 0 0 0 0.2 0 0 0 0 0 0 0 0 0.4 0 0 0.4 0 3 0 0 0 0 0 0 0 0 0 0 0.2 0.4 0 0 0 0 0 0 0 0 0 0 0 0 0 0 0 0 0 0 0 0.2 0 0 0 0.4 0 0 0 0 0 0 4.2 0 0 0 0 0.4 0 0.4 0.4 0.2 1.6 0 0 0 0 0 0 0 0 0 0 0.2 0 0 0 0 0 0 0 0 0 0 0 0 1.8 0 0 0 0 0 0 0 0 0 0 0 0 0 0 
 69.4 32.4 35.800000000000004 32.4 17.2 30.6 25.400000000000002 16.8 27.400000000000002 37.6 73.4 25.8 26.400000000000002 114.4 0 37.4 25.6 7.6000000000000005 11 41.400000000000006 0.2 0 0.6000000000000001 0 0.2 0 2.4000000000000004 0 0.8 0 0.4 1 0.4 0.4 0 0 0.4 0.6000000000000001 0.8 0.4 0 0 0.4 1.2000000000000002 0 1.8 0.6000000000000001 0 0 0 0.4 0 0 0 1 0.2 0.4 0.2 1 0.4 0 0 0 0 0 0 0 0 0.8 0 0.6000000000000001 2 0 0.6000000000000001 0 2.4000000000000004 0 0 0 0 0 7.800000000000001 5.2 0 2.6 2.4000000000000004 4.6000000000000005 0 0 1 8 3.6 2 9.4 3 0 4.6000000000000005 8.6 0.4 6 0 0 0 0 0 0 5.2 0 0 0 0 0 2.2 0 0 0 0 0 4.2 2.4000000000000004 0 0 0 0 0 0 0 0 0 0 0 0.4 0 0.2 0 1.8 0 0 0 0 0 0 0 0 0 0 0 0 0 0 0 0 0 0 0 0 0 0 0 0.8 0 9.8 4 1.6 5.2 0 2.4000000000000004 0 4 2.4000000000000004 2.6 0 5.4 0 0 0.2 5 3.4000000000000004 0.2 5 0 0 0 0 0 0 0 0 0 0 0 0 0.2 0 0 0 0 2 3 0 0 0 0 0 0 0 0 0 0 0 0 0 0 0 0 0 0 0.2 0 0 0 0 0 3.6 0 0 0 0.2 0 0 0 0 0 0.4 0 0 0 0 0 0 0 3 0 0 0 0.4 0 0 0.8 9.200000000000001 0 1.4000000000000001 0 0 0 0 0 0 0 0 15 0 4.4 0 0 0 0 0 0 0 0 0 0 0.2 0 8 0 4 0 0 0 0 0 0 0 0 0 0 0 0 
 9 8.4 72.4 102.4 19.8 32.6 38.400000000000006 71 28.200000000000003 34.6 33.2 37.6 25.6 24.6 37.4 0 41.6 41.2 6.4 34.6 0 0.2 0.8 0.4 0.2 0 1 0 0.6000000000000001 0 0 0 0 0 0 0 0 0.2 0 0.4 0 0 0 0 0 0 0.6000000000000001 0 0 0 0 13.200000000000001 0 0 0.6000000000000001 0 0 0 0.4 0 0 0 0 0.8 0 0 0 0 0 0 0.4 0.4 0 0.6000000000000001 0 0.4 0.6000000000000001 0 1.6 0 0 0 4.2 1 1 14.4 5.4 7.2 2.4000000000000004 0.2 6.800000000000001 0.2 1.8 0.6000000000000001 2.2 11.4 6.4 3 0 0 0 0 0 0 0 0 0 0 0 0 0.8 0 7.6000000000000005 1.4000000000000001 0 0 0.2 0 6.6000000000000005 0 0 0 0 0 0 0 0.2 0 0 3.4000000000000004 0 0 0 0 0 0 0 0 0 0 0 0 0 0 0 0 0 0 0 0 0 0 0 0 0 0.6000000000000001 0.4 0 0.2 0 3 4 0 2.6 0 1.4000000000000001 3.8000000000000003 0 3.2 0 3 5.6000000000000005 2 0 1.8 5.6000000000000005 3 0 0 6.800000000000001 6.800000000000001 5.6000000000000005 0 0 0 0 0 0 0 0 0 0 0 0 0 0 0 0 1.6 0 0 0 2.8000000000000003 0 0 0 0 0 0 0 0 0 0 0 0 0 0 0 0 0 0 0 0 0 0 0 0 0 0 0 0 0 0 2.6 0.2 0 0 0 0 0 0 0 0 0 0 0.6000000000000001 17.2 0 20.200000000000003 34.4 0 5.2 0 0 0 0 0 0 0 0 0 0 0 0 0 0 0 0 0 0 0 0 0 10.200000000000001 0 2.6 0 0 0 0 0 0 0 0 0 0 0 0 0 0 
 35 43.400000000000006 81 88.2 13.200000000000001 34.6 11.200000000000001 27.200000000000003 93.2 57.400000000000006 55.800000000000004 18.6 69.60000000000001 16.2 25.6 41.6 0 91 7.2 7 0 0 0.6000000000000001 0 0.4 0.2 15.4 0 0.6000000000000001 0 0 0.8 0 0 0 15.200000000000001 0 15.200000000000001 15 16 0 0 0.4 0 0 0 0.6000000000000001 0 0 0 0 0 0.2 0.4 0.6000000000000001 0 0.4 0.4 0.4 0 0 0 7.6000000000000005 0 0 0 0 0 0 0 0.6000000000000001 0.4 0 9 0.4 0.6000000000000001 0 0 5.4 0 1.2000000000000002 0.4 3.4000000000000004 3.6 1.8 3 2.2 0 9 11 6.2 4.2 0 0 0.6000000000000001 0.2 5.800000000000001 11.8 0 15.600000000000001 2.2 0 0.2 0 0 0.2 2.4000000000000004 0 0 0 0 0 0 0 0 0 0 0.4 3.6 0 0 0.4 0 0.2 0 0 0 0 0.2 2 0 0 0 0 0 0 0 0 0 0 0 0 0 0 0 0 0.4 0 0 0 0 0 0 0 1.4000000000000001 0 0 0 0 2 3.8000000000000003 5 4.4 0 10.4 2.6 3.4000000000000004 0 11.4 3.8000000000000003 0.2 0.4 1.2000000000000002 0 3.4000000000000004 3.4000000000000004 2 17.8 0 0 0 0.4 3.4000000000000004 0 0 4.800000000000001 1.8 0.4 3 0 0 0 0 3.2 0.4 0.2 0 0 8 2.8000000000000003 0 0 0 0 0 0 0 0 0 0 0 0 0 0 0 0 0 0 0 0 0.2 0 3.2 0 0 0 0 0 0 0.4 0 0 0 0 0 0 0 0 0 0 0 0 0 0 0 0 0.2 0 0.2 17.8 4.4 2.2 0 0 0 4.6000000000000005 0 0 0 0 0 0 0 0 0 0 0 0 7.2 0 0 0 0 0 0 4.4 0.6000000000000001 4 0 0 0 0 0 0 0 0 0 0 0 0 
 6 25.200000000000003 72.2 74.2 9 16.8 7.4 7.4 34 33.2 12.4 78.80000000000001 7.800000000000001 7.6000000000000005 7.6000000000000005 41.2 91 0 6.4 5.4 0 0.4 0.6000000000000001 0.6000000000000001 0.8 0.4 1.2000000000000002 0 0.6000000000000001 0 0 1.2000000000000002 0 0 42 0 0 0 15.4 30 0.8 0 0 0.2 0 0 0.6000000000000001 0.8 0 0 0.8 0 0 0.2 0.6000000000000001 0 0 0 0.4 0 0 0 0 0 0 0 0 0 0 0 1.6 0.4 0 0.6000000000000001 0.6000000000000001 0.6000000000000001 0 0 1.2000000000000002 1.2000000000000002 0 2.6 5.800000000000001 0 1.6 7.2 0.8 2.4000000000000004 0 9 7.2 4.2 0 0 0 0 7.4 7 7 0 2 3.4000000000000004 0 0 2.8000000000000003 0 3.8000000000000003 0 0 0 0.2 0 6.800000000000001 1.2000000000000002 0 0 0 0 3.2 2 0 0 0 0 0 0 0 0 0 7 0 0 0 0 0 0 0 2.2 0 0 0 0 0 0 0 0 0 0 0 0 0 0 0 0 0 0 0 0 0 0.8 6 13 3.8000000000000003 6.2 3.4000000000000004 4.4 3 2.4000000000000004 5.800000000000001 3.8000000000000003 9 2 2 0 0.2 0.6000000000000001 2.2 6 0 3.6 2.4000000000000004 3.2 1.8 0 0 0 0 0 2 0 0 0 0 2 1.8 0 0 0 2.8000000000000003 1.8 2.4000000000000004 0 0 0 0 0 0 0 0 0 0 0 0 0 0 0 0 0 0 0 0 0 0 0 0.8 0 0 0 0 0 0 0 0 0 0 0 0 0 0 0 0 0 0 0 0 0.8 28.200000000000003 0.2 0.4 18.8 3.6 3 0 0 0 0 0 0 0 0 0 0 0 0 0.2 0 0 0 0 0 0 0 0 0 0 0 0 4 0 0 0 0 0 0 0 0 0 0 0 0 
 10.8 18.8 6.4 14.600000000000001 93.60000000000001 54.6 22 37.800000000000004 10.4 14.600000000000001 7.2 6.2 34.800000000000004 62 11 6.4 7.2 6.4 0 16.400000000000002 0.4 0.4 0.8 0 0.8 0 0.6000000000000001 0.4 0.6000000000000001 0 0 0 0.4 1 0.8 0 0 0 0 0.4 17 0 13 0.6000000000000001 0 1.2000000000000002 1.2000000000000002 0 0.2 0.4 0 0 0 0.8 0.6000000000000001 0.4 0 12.8 0.4 0 0 0 0 0 0.4 0.2 0 0 0 0 0.6000000000000001 0.4 0 0.6000000000000001 0 0.6000000000000001 0.2 0.4 0 0 4.4 5.6000000000000005 0 0 0 0.2 4.6000000000000005 2.8000000000000003 0 0 3.4000000000000004 3.4000000000000004 6 10.8 6.6000000000000005 0.4 0 0 2.2 3 0 0 0.2 0 1.4000000000000001 0 0 0 0 0 0 0 0 0 0 0 0 0 0 0 0 0.4 0 0 0 0 0 0 0 0 0 0 0 0 0 0 0 0.4 0 2.6 0 0 0 0 0 0 0.4 0 0 0 2.4000000000000004 0 0 0 0 2 0.8 0 1.8 0 0 11.200000000000001 0 0.2 0.2 0 3.2 0 0 3.2 0 0 2.6 2 3 0.2 2.6 2 11.4 0 0 0 0 0 0 0 0 0.4 0 0 0 0 0 0 0.4 0 0 0 0 0 0 0 0 0.4 0 0 0 3.8000000000000003 0 0 0 0.2 0 0 0 0 0 0 0 0 0 0 0 0 0 0 0 0 0 0 0 0 0 0 0 0 0 0 0 0 0 2 0 0 0 0.6000000000000001 0.4 0 0.2 0 0.4 2 0 0 0 0 0 0 0 0 0 0 0 0 0 0 0 0 0.6000000000000001 0 0 0 0 0 0 0 0 0 0 0 0 0 0 0 0 0 0 0 0 0 
 4.2 29 7.4 7 20 11 15.4 13 17 19.200000000000003 10.4 3.4000000000000004 23 56 41.400000000000006 34.6 7 5.4 16.400000000000002 0 0.2 0 0.6000000000000001 0 0.2 0.4 1.2000000000000002 0 0.8 0 0.4 0.2 0 0 0 0.4 1.4000000000000001 0 0.6000000000000001 0.6000000000000001 0 0 0 13 0 1.2000000000000002 0.6000000000000001 0 0 0.4 0 0 0 0 0.6000000000000001 0 0.4 0 0.6000000000000001 0 0 0 0 0 0 0 0 0 0.4 0 0.4 0.8 0 0.6000000000000001 0 1.2000000000000002 0.8 0 0 0 6 6 7 4 7.2 7.800000000000001 2.2 5 2.2 0.2 5.2 3.4000000000000004 11.8 7.800000000000001 6 3 10.200000000000001 0 0 5.800000000000001 0 0 0 0 0 0 0 0 1.4000000000000001 0 0 0 0 0.4 0 0.4 0 0 0 1.2000000000000002 0 0 0 0 0 0 0 0 0 1.6 0 0 0 0 0 0 0 0 0 0 0.2 0 0.2 0 0 0 0.4 0 0 0 0 0 0.6000000000000001 0.4 0 0.6000000000000001 0.4 0 0.4 0.4 3.4000000000000004 0 3.8000000000000003 0.6000000000000001 3.6 0 6 3.4000000000000004 0 4.2 0.2 3.4000000000000004 2.8000000000000003 13.8 0.4 2.8000000000000003 1.4000000000000001 2 1.8 2.6 0 0 0 0 0 0 0 0 0 0 0 0 0 0 0 0 0 0.2 0 0 0 0 0 0 0 0 0 0 0 0 0 0 0 0 0 0 0 0 5.4 0 2.2 0 0 0 0 0 0 0 0 0.2 0 0 0 0 0 0 0 0 0 0 0 2 0 0 0 0.2 0.4 0 0.2 0.4 0 1.2000000000000002 0 0 0 0 0 0 0 0 0 0 0 0 0 0 0 0 0 0 0.2 0 0 0 0 0 0 0 0 0 0 0 0 0 0 0 0 0 0 0 
 0 0.2 0.2 0 14.600000000000001 0 0.2 0.2 0 0.2 0 4.800000000000001 14.600000000000001 0.4 0.2 0 0 0 0.4 0.2 0 50.400000000000006 36.2 14.600000000000001 5.6000000000000005 9.600000000000001 29.400000000000002 62.800000000000004 28.400000000000002 12.600000000000001 5.2 8.200000000000001 27 21.400000000000002 27.6 24.8 36.4 7.6000000000000005 9.600000000000001 51.400000000000006 0.4 0 0 0 0 0 0 13 0 0.4 0 0.6000000000000001 0.2 0 0 0 0.4 0 0.8 0.6000000000000001 0 0 9.8 0 0 0.2 0 0 0.2 0 0 0 0 0 0 0 0.6000000000000001 0 0 0 0 0 0 0 0 0 0 0 0 0 0 0 0 0 0 0 0 0 0.4 0 1.4000000000000001 4.2 0.2 2.4000000000000004 0.2 0 0 0 0 0 0.2 0 0 2.4000000000000004 3.8000000000000003 4.6000000000000005 1.6 2.4000000000000004 0 5.4 0 0 0 0 0 0 0 0 0 0 0 0 2 2 0.2 0 0 0.2 1.8 3 0 0 0 0 0 0 0 0 0 0 0 0 0.2 0 0 0 0 0 0 0 0 0 0 0 2.2 0 0 0 0 0 0.6000000000000001 0.6000000000000001 0 0 0 0 0 0 0 0 3.6 6.4 4.2 2.8000000000000003 1.4000000000000001 2 0 7.4 0 4.800000000000001 0.2 4.6000000000000005 3.4000000000000004 0.2 0 5.6000000000000005 0 1.4000000000000001 0 0 2.6 0 0 0 0 0.4 2 0 0 0 0 0 1.8 2.2 0 0 0 0 0.2 2.6 0 0.2 0 0 0 0.4 0 0 0 0 0 1.8 0 0 0 0.2 0 0 0 0 0 0 0 0 0 0 0 0 0 0 0 0 2.4000000000000004 0 3.8000000000000003 0 0.2 0 0.4 0 3 2.8000000000000003 12.4 0 0 0 0 0 0 0 0 0 0 0 0 0 0 0 0 0 0 0.6000000000000001 0 0 0 0 0 0 0 0 
 0.4 0.2 0 0 14.8 14.8 0 0 0 0 0 0 0 0 0 0.2 0 0.4 0.4 0 50.400000000000006 0 35 32.6 5.4 7.4 62.400000000000006 63 25.6 43.400000000000006 42.400000000000006 22.8 59 52.800000000000004 46.800000000000004 10.600000000000001 57.800000000000004 27.8 47.800000000000004 12 0.4 0 0.2 0 0 0 12.600000000000001 3 0 0.4 0 0.6000000000000001 0.4 1 0 0 0 0 36.6 1.4000000000000001 0 0 1.4000000000000001 0 0 0 0 0.2 0 0 1.2000000000000002 0 0 0 0 0 0.6000000000000001 0 0 1.6 0 0 0 0 0 0 0 0 0 0 0 0 0 0 0 0 0 0 0 0 0 0.4 1.4000000000000001 3.8000000000000003 0 5.2 2.8000000000000003 0 5.800000000000001 2.4000000000000004 0.2 0.2 0 0 0.4 4.6000000000000005 2.6 6.6000000000000005 0 1.6 0 2.2 0 0 0 1.6 0.2 0 0 0 0 0 3.8000000000000003 3.2 4.4 0 0 0 5 3 0 0 0 0 0 0 0 0 0 0 0 0 0 0 0 0 0 0 0 0 0 0 0 0 0 0 0.4 0.8 0 0 0.6000000000000001 2.2 0 0 0 0 0.2 0 0 0 0 0 4 0 1.8 2.4000000000000004 2.6 0.2 0 3.8000000000000003 0 5.2 0.4 0.2 1 0 5.800000000000001 4 3 7.6000000000000005 0 0 0 0 0 0 4 0 0 0 0 0 3.2 1.6 0 0.2 0 0 2.2 2.8000000000000003 0 0 0 7.6000000000000005 0 0 0 0 0 0 0 0 0 0 0 0 0 0 0 0.4 0 0 0 0 0 0 0 0 0 0 0 0 0 0 0.8 0.4 0.4 0.2 16 0 3.8000000000000003 3 0 0 0 0 0 0 0 0 0 0 0 0 0 0 0 0 0 1.6 0 0.2 0 0 0 0 0 0 0 0 
 0.6000000000000001 0.6000000000000001 0.6000000000000001 0.8 18 15.600000000000001 0.4 0.6000000000000001 0.4 0.4 0.6000000000000001 0.6000000000000001 0.6000000000000001 0.4 0.6000000000000001 0.8 0.6000000000000001 0.6000000000000001 0.8 0.6000000000000001 36.2 35 0 32.2 11.600000000000001 6.2 12.8 41.6 48.2 56 6 64.8 18.6 74 61.2 9.200000000000001 55.2 22.200000000000003 21.8 7.4 0.4 1.8 1 0 0 0 13 2.2 0 0.4 0 0.6000000000000001 12.8 13.8 0 0 0 0 12 12.8 0 0 0 0 0 0 0 0 0 0 0.4 0 0 0 0 0 0.6000000000000001 0 0 0 0 0 0 0 2.4000000000000004 0 0 0 0 0 0 0 0 0 0 0 0 0 0 0 0 2 0 3 3 1.4000000000000001 4.4 0 0.2 0 4.800000000000001 0.4 0 2.4000000000000004 11.8 3.4000000000000004 3 1.8 0 4.4 0 0 0 0 0 0 0 0 0 0 0 0 0 0.4 2.2 0 0 0 3.8000000000000003 0 0 0 0 0 0 0 0 0 0.4 0 0 0 0 0.4 0 0 0 0 0 0 0 0 0 0 0 1.8 0 0.8 0 0 0 0 2.4000000000000004 0 0 0 0 0 0 0.2 1.8 0 0 5.4 0 4 5.6000000000000005 6 1.4000000000000001 8 0 0 2 0 0 2 0 2.2 1.8 0 2 0 0.4 0 0 0 6 0 0 0 0 0 4 0.8 0 0 0 0 3.8000000000000003 5.4 0 0 0 0 0 0 0 0 0 0.2 0 0 0 0 0 0 0 0 0 0 0 0 2.2 0 0 0 0 0 0 0 0 0.2 0 0 3 0 0 0.2 0 0.4 0.6000000000000001 0 0 0 0 12.200000000000001 0 0 0 0 0 0 0 0 0 0 0 0 0 0 0 2.8000000000000003 0 0 1.4000000000000001 2.6 0 0 0 0 
 0 0 0.8 2.2 0 0 0 0 0 0 0 0 0 0 0 0.4 0 0.6000000000000001 0 0 14.600000000000001 32.6 32.2 0 60.6 8.8 68.8 57.400000000000006 41.6 45.800000000000004 39.400000000000006 26.200000000000003 32 22.200000000000003 12.200000000000001 20.400000000000002 8.200000000000001 60.800000000000004 17.2 56 1.4000000000000001 1.8 0.8 0 0 0 0 1 0 0.4 0 0.6000000000000001 0 5.800000000000001 4.800000000000001 0 0 0 17 0 0 0 0.8 0 0 0 0 0 0 0 0 0 0 0 0 0 0.6000000000000001 0 0 0 0 0 0 0 0 0 0 0 0 0 0 0 0 0 0 0 0 0.4 0 0 0 0.2 2.2 0 0 6.2 0 4.6000000000000005 4.4 1.6 5.800000000000001 0.6000000000000001 0 0.2 3 4.2 7.4 7.4 0 0.4 5 0 0 0 0 0 0.2 0.6000000000000001 0 0 0 0 3.8000000000000003 3.4000000000000004 1.6 0 0 0 0.4 0.2 0 0 0 0 0 0 0 0 0 6.2 0 0 0 0.4 0 0 0 0 0 0 0 0 0 0 0 0 0.8 0 0 0 0 0 0 0 0 0 0 0 0 0 3.6 1.8 0.4 0 0.2 6.800000000000001 11.200000000000001 0 0 0 0 2.2 2 0 0 4 8.6 5.2 0.2 0 2.4000000000000004 5.2 0 0 0 0 3.2 2.6 0 0 0 0 2.8000000000000003 2.6 0 0 0 0 3.8000000000000003 0 0 0.4 0 0 0 0 0 0 0 0 0 0 0 0 0 0.2 0 0 0 0 0 0 3.4000000000000004 0 0 0 0 0 0 0 0 0 0 0 2.6 0 0.4 15 0.2 0.4 2.4000000000000004 0.2 0 0.2 0 0 0 0 0 0 0 0 0 0 0 0 0 0 0 2.4000000000000004 0 0 0 0 0 0 0 0 0 0 
 0.2 0.6000000000000001 0 0.6000000000000001 0 0.2 0 0.2 0 20.6 5 15 0.4 0 0.2 0.2 0.4 0.8 0.8 0.2 5.6000000000000005 5.4 11.600000000000001 60.6 0 24.6 12.600000000000001 33.4 16.400000000000002 30.200000000000003 16 83 36.800000000000004 55.800000000000004 78 11 27.6 31.8 14.200000000000001 14.8 13 0 2.6 0.2 0.2 0 25.6 29.200000000000003 24.8 0.4 0 0.6000000000000001 30.6 12.600000000000001 24 0 0 0 11.600000000000001 13.4 0.6000000000000001 0 4 0 0 0 1 0 0 0 0 0 0 0 0 0 2.4000000000000004 11 0 0 0 0 0 0 0 0 0 0 0 0 0.2 0 0 0 0 0 0 0 0 0 0 0 1.8 0 4.800000000000001 5.800000000000001 0 3.6 0 0 7.2 3.4000000000000004 3.8000000000000003 0 0 2.2 7.6000000000000005 0.2 0 0 5 1.2000000000000002 3.8000000000000003 0 0 0 1.6 0 3.8000000000000003 0 0 0 2.6 4.4 0 0.2 7 5.2 2.8000000000000003 2.4000000000000004 0 0 0 0 2 0 0.6000000000000001 0 1.8 0 0 0 0 0.4 0 3.8000000000000003 0 0 0 0 0 0 0 0 0 0 0 0 0 0 0 0 0 1.4000000000000001 0.4 0 0 0 0 0 0 0 0 1.8 6.6000000000000005 7.4 2.8000000000000003 0 0 0 0.2 2.4000000000000004 0 0 0 0 1.2000000000000002 8.4 0 0 1.8 0 0 2 2 0 6.800000000000001 2.4000000000000004 8.200000000000001 0 0 0 3.8000000000000003 1.4000000000000001 0.2 0 0 7.2 3.8000000000000003 0 0 0 0 0 0 1.6 0 0 0 0 0 0 0 0 0 0 0 3 0.2 0 0 0 0 0 0 0 0 0 0 0 0 0 0 0 2.6 0.4 0.6000000000000001 0.6000000000000001 0.4 0 1.6 0 0 0 0 0 0 0 0 0 0 0 0 0 0 0 0 0 0 0.6000000000000001 0 3 0 2.4000000000000004 0 0.8 0 0 0 0 
 0 0 0 0.2 0 0 0.2 0 0 0 0 0 0 0 0 0 0.2 0.4 0 0.4 9.600000000000001 7.4 6.2 8.8 24.6 0 22.6 17.400000000000002 7 30.200000000000003 55.400000000000006 12.600000000000001 11.4 10.4 12.200000000000001 90 11 10.4 12.200000000000001 11.600000000000001 14.4 1 0 16.2 0 0 12.600000000000001 13.8 30.8 0.4 1 0.6000000000000001 18.8 1 18.2 5 4.800000000000001 0 0.8 2.8000000000000003 1.2000000000000002 0 0.2 0 0 0 1 0.6000000000000001 0 0 0.6000000000000001 0.4 0 0 0 0 2.4000000000000004 0.4 0.2 0.2 0 0 0 0 0 0 3.4000000000000004 0 0 0 0 0 0 0 0 0 0 0 0 0 0 0 0 0 1.6 2.6 0 0 0 0 5.4 1.2000000000000002 0 0 0 0 0 0 0 0 0.4 2 5.2 3.6 0 0 5 0 3.8000000000000003 0.4 0 0.2 2.8000000000000003 4.800000000000001 9.200000000000001 0 4.6000000000000005 6 0 8.6 0 0 0 0 0 1.4000000000000001 0 0 0 0 0 0 0 2.2 0 0 0 0.2 0 0 0 0 0 0 0 0 0 0 0 0 0 0.2 0 2.8000000000000003 0 0 0 0 0 0 0 0 0 0 8.6 1.6 0 0 0 0 2.8000000000000003 4.2 0 0 0 0 0 0 0 0 1 0.4 0 2.2 2 0 0 12 6.6000000000000005 1.8 2.2 0.4 15.8 1.8 0.6000000000000001 3.2 5.4 6.6000000000000005 6.6000000000000005 2 0 0 0 0 0 0 0 0 0 3.2 0 0 0 0 0 0 0 0 0 0 0 0 2.8000000000000003 0 0 0 0 0 0 0 0 0 0 0 3.4000000000000004 0.2 1 8 0 0.2 0 0 0 0 0 0 0 0 0 0 0 0 0 0 0 0 0 0 0 0 0 0 0 0 2.6 1 0 0 0 0 
 0.6000000000000001 15.8 12.200000000000001 5.6000000000000005 15.4 4 0.4 0.6000000000000001 0.4 30 0.6000000000000001 0.6000000000000001 0.6000000000000001 0.4 2.4000000000000004 1 15.4 1.2000000000000002 0.6000000000000001 1.2000000000000002 29.400000000000002 62.400000000000006 12.8 68.8 12.600000000000001 22.6 0 57.800000000000004 12.600000000000001 37.800000000000004 32.6 25.400000000000002 42.6 40.800000000000004 26 23.400000000000002 7 67 14.200000000000001 44 0.4 0 0 0 0 0 0 3 0 0.4 0 0.6000000000000001 0 0 0 0 0 0.4 0.4 0 0 0 0 0 0 0 0 1 0 0 0 0 0 0 0 0 0.6000000000000001 0 0 0 0 0.2 0 0 1.6 0 0 0 0 0 0.2 0 0 0 0 0 0 0 0 0 0.4 2.2 4.4 0 2.8000000000000003 6.4 4.6000000000000005 8.200000000000001 1 3.2 0 2.2 6.800000000000001 0 3.6 5.4 5.6000000000000005 0 1.6 0 0 0 0 0 0.2 0 0 0 0 0 2 0 1.6 0 0 0 0 0 2.4000000000000004 0 0.4 0 0 0 0 0.4 2 0 0 0 0 0 0 0.2 0 0 0 0 0.2 0.4 0 0.2 0.2 0 0 0 0 0 3.6 1.6 0 2.4000000000000004 0 0.4 0 2.2 0 0 0 0 0 1.4000000000000001 6 3 0 5.4 4.4 0 2.2 0 6.2 3 2.2 4.2 0 0 3.6 2.2 4.800000000000001 2 0 0 0 0 0 0 0 0 0 0 0.2 0 3.8000000000000003 0 0 0 0.4 0 0 4 0.2 0 0 0 0 0 0 0 0 0 0 0 0 0 0 0 0 0.4 0 0 0 0 0 0 0 0 0.2 0 0 0 0 0 0 0 1.6 0.4 0.6000000000000001 0 0 0.8 0.4 0 0 0 0 0 2.4000000000000004 0 0 0 0 0 0 0 0 5.4 0.2 2.8000000000000003 0 0.2 0 2.8000000000000003 0 0 0 0 3.6 0 0 0 
 0 0 0.2 0.8 33.6 6.4 0 12.600000000000001 0 14.8 21.6 15 0 0 0 0 0 0 0.4 0 62.800000000000004 63 41.6 57.400000000000006 33.4 17.400000000000002 57.800000000000004 0 19.400000000000002 21.200000000000003 22.400000000000002 35.2 68.2 36 39.400000000000006 20.8 12.600000000000001 21.400000000000002 10 27 0.4 3 0 0 0 0 0 8.200000000000001 12.4 0.4 0 1 0.4 0 0.6000000000000001 0.6000000000000001 0.4 0 13.8 0 0 0 1.8 0.4 0.6000000000000001 0.6000000000000001 0 1.6 0 0 0 0 0.4 0 0 0 0.8 0 0.6000000000000001 0 0 0 0 0 0.2 0.2 0 0 0 0 0 1.8 0 0 0 0 0 0 0 0 5.6000000000000005 0.2 3.8000000000000003 2.2 0 4.2 0 10.4 6.2 8 2.2 2.2 3.4000000000000004 4.2 7.6000000000000005 8 5.2 1.6 0.2 4 0 0 0 0 0 0 0 0 0 0 0 0 0 0.4 0 0 0 0 0 0 0 0 0 0 0 0 0 0 0.4 0 0 0 0 0.4 0 0 0 0 0 0 0 0 0 0 0 1.8 0 0.8 0 0 0 6.2 0 0 0 0.2 0 0 0 0.4 3.2 0.4 5.800000000000001 2.8000000000000003 0 8.4 4.6000000000000005 1.8 3 2.4000000000000004 5.2 3 3.8000000000000003 6 8.6 1 3 2 0 1.8 0 0 0.4 0 0 0 0.4 0 0 0 0 0 2.2 0 0 0 0 0 0 0 0 0 0 0 0 0 0 0 0 0.2 0 0 0 0.8 0 0 0 0 0 0 0 0 3 0 0 0 6.4 0 0 0 0.2 0 0 0 1.2000000000000002 0 0.4 0 0 0.2 0 0 0 0 0 0 2 0 0 0 0 0 0 0 0.4 0.2 0 0 0 0.4 0 0 0 0 0 0 2.4000000000000004 0 0 0 
 0.6000000000000001 0.6000000000000001 1 1 0.6000000000000001 0.6000000000000001 0.6000000000000001 0.6000000000000001 0.6000000000000001 0.8 0.6000000000000001 16.400000000000002 1.2000000000000002 0.6000000000000001 0.8 0.6000000000000001 0.6000000000000001 0.6000000000000001 0.6000000000000001 0.8 28.400000000000002 25.6 48.2 41.6 16.400000000000002 7 12.600000000000001 19.400000000000002 0 47.800000000000004 6.6000000000000005 6.6000000000000005 32.800000000000004 24.400000000000002 91 14.4 7.6000000000000005 73.8 16.6 10.4 0.4 1.8 0.6000000000000001 0 0 0 0 4.800000000000001 0 0.4 0 3.4000000000000004 41.2 12.4 0 0 0 0.6000000000000001 6.800000000000001 0 0.2 0 0.6000000000000001 0 0 0 0 0.6000000000000001 0 0 0.2 0 0 0 0 0 0.6000000000000001 0 0 0 0 0 0 0 0 0 0.4 0 0 0 0 2.4000000000000004 1.8 0 0 0 0 0 0 0 3 2.4000000000000004 5.800000000000001 1.8 2.2 2.6 0 8 3.2 2 8.4 0.2 4.2 15.600000000000001 3.6 8.200000000000001 8 1.2000000000000002 0.4 7.2 0 0 0 0.2 0 0 0 0 0 0 0 0 0 0 2 0 0.2 0 0.2 0 0 0 0 0 0 0 0 0 0 0 0 0 0 0.4 0 0 0 0 0 0 0 0 0 0 0 2 0 1 0 0 0 0 0.4 0 0 0 0 0 0 0 0 7.2 3.2 9.200000000000001 0 3.6 3.8000000000000003 8.8 0.6000000000000001 4.6000000000000005 2.2 0 2.4000000000000004 2.6 6.2 2.8000000000000003 1.2000000000000002 2.6 0 2.2 0 2 0 0 0 0 0.2 2 0 0 0 0 2 0 0.4 0 0 0 2.2 0 0 0 0 0.2 0 0 0 0 0 0 0 0 0 0 0 0 0 0 0 0 0 0 5 0 0 0.4 0.2 0 0 0 0 0 0 0.4 2.6 0 0 0.6000000000000001 0 0.4 0.6000000000000001 0.4 0 0 0 0 0 0 0 0 0 0 0 0 0 0 0 0 0 0 0 0 0 0 0 0 0 0 0 0 
 0 0 0.4 0.6000000000000001 0 1.2000000000000002 0 0 0.2 0 0 0 0 0 0 0 0 0 0 0 12.600000000000001 43.400000000000006 56 45.800000000000004 30.200000000000003 30.200000000000003 37.800000000000004 21.200000000000003 47.800000000000004 0 11.4 21.400000000000002 63.800000000000004 43.400000000000006 38.400000000000006 20.6 30.200000000000003 25.200000000000003 16.6 16.2 13 14 0.6000000000000001 0 0 0 11.4 12.8 0 0.4 0.6000000000000001 0.6000000000000001 12.8 25.400000000000002 0 0.4 0 0 18 14.200000000000001 0.6000000000000001 0.8 1.6 0 0 11.4 0 0 0 0 0.6000000000000001 0.4 0.2 0 0 1 0.8 0.2 0 0 0 0 0 0 0 0 0 0 1.2000000000000002 0 0 0 0 0 0 0 0 0 0 0 0 0 3.4000000000000004 0.2 8.8 5.6000000000000005 0 3.6 0 3.6 0 2 1.4000000000000001 0 1.2000000000000002 2.4000000000000004 4.4 4.800000000000001 0 0 0 2.8000000000000003 0 0 0 0 2.2 1.6 0 0 0.2 0 0 0.2 2 0.2 0 0 4.800000000000001 0 0 0 0 0 0 0 0 0 0.2 0 0 0 0 0.4 0 0 0 0 0 0 0 0 0 0 0 0 4.2 0 0 0 0 0 0 0 0 0 0 0 0 0 0 5 4 0 0 9.4 0 0 0 0 0.2 0.8 0 0 0 0.4 5.2 2.8000000000000003 0 0 3 4.4 0 0 0 0 4 2 0 0 0 0 4.2 0.8 0 0 0 0 6.800000000000001 0 0 0 0 0 0 0 2.2 0 0 0.4 0 0 0 0 0 0 0 0 0 0 0 0 0 0 0 0 0.2 0 0 0 0 0 0 0 5 0 0.2 0.8 0.2 0 0 0 0 0 0 0 0 0 0 0 0 0 0 0 0 0 0 0 0 0 0 3.2 0 0 0 0 0 0 0 0 
 0 0 0 0.6000000000000001 0 0 0 0 0 0 15.600000000000001 0 0 0 0.4 0 0 0 0 0.4 5.2 42.400000000000006 6 39.400000000000006 16 55.400000000000006 32.6 22.400000000000002 6.6000000000000005 11.4 0 29.6 13.8 86.2 27.400000000000002 105.60000000000001 20 12.600000000000001 20.200000000000003 11.600000000000001 0.4 0 0 0.6000000000000001 0 0 0 0.6000000000000001 0 1.6 0 0.6000000000000001 0 0 0 0 0 0 13.4 0 0 0 0 0 0 0 0 3.4000000000000004 0.4 0 0 0.4 0 0 0 0.6000000000000001 0.6000000000000001 0 0 0 0 0 0 0 0 0 0 0 0 0 0 0 0 0 0 0 0 0 0 2.8000000000000003 1 0 2.8000000000000003 0 3.8000000000000003 6.800000000000001 0 2.4000000000000004 5 5 2.4000000000000004 1.8 0 0 0 0 0.2 5.2 0 0 3.4000000000000004 0 0 0 0 0 3.8000000000000003 0 0 0 0 0 5.800000000000001 1.6 12 0 0 0 2 0 0 0 0 0 0 0 0 0 0 0 0 0 0 0.2 0 0 0 0 0 0 0 0 0 0 0 0 1.8 0 0 0 3 0.4 0 0 0 0 0 0 0 0 2.6 0 0 0 0 3.2 0.2 0 12.600000000000001 0 2.4000000000000004 9.200000000000001 0 0 0 4 10.600000000000001 14.4 0 0 5.2 0 0 0 0 0 5 0 0 0 0 0 0.2 3.6 0 0 0 0 3.4000000000000004 1.4000000000000001 0 0 0 0 0 0 0 0 0 0 0 0 0 0 2.6 0 0 0 0 0 0 0 0 0 0 0 0 0 0 0 0 0 0 0 1.6 0.4 0 0.2 16.400000000000002 0.2 2.4000000000000004 2.6 0 0 0 0 3.2 0 0 0 0 0 0 0 0 0 0 0 0 2.8000000000000003 0 2.2 0 0 0 0 0 0 0 0 
 0.2 0.2 8.200000000000001 0.6000000000000001 0 0.2 0.4 0.4 0.4 0.2 0.2 0.2 0.2 0.6000000000000001 1 0 0.8 1.2000000000000002 0 0.2 8.200000000000001 22.8 64.8 26.200000000000003 83 12.600000000000001 25.400000000000002 35.2 6.6000000000000005 21.400000000000002 29.6 0 24.6 22.200000000000003 7.6000000000000005 8 21 39.6 6.4 8.4 0.4 0 0 0 0 0 13.200000000000001 0.6000000000000001 0 1.2000000000000002 0 0.8 0.2 0 0 0.4 0 0 14.200000000000001 0 0.8 0 0.8 0 0 0 0 1.6 3.4000000000000004 0 0 0 0 0.4 0 0.2 1.6 0.2 0 0.6000000000000001 0 0 0 0 0.4 0 0 0 0 0 4.6000000000000005 0 0 0 0 0 0 0 0 0 0 0 2.2 0 2 5.6000000000000005 0 2.2 1.8 6 0 5 0.2 0 1.8 9 8.8 5 0 0 1.8 0 0 0 0 0 0 0 0 0 0 0 4.6000000000000005 1.2000000000000002 0 0 0 0 2.2 0 0 0 0 0 0.4 3.8000000000000003 0 0.4 0 0 0 0 0 0 0 0 0 0 0 0 0 0 0 0 0.4 0 0 0 0 0 1.2000000000000002 0 0 0 0 0 0 3.2 0 0 0 0 4 5.4 2.2 2.8000000000000003 1.8 0 0 3 4 5.4 0 2.8000000000000003 0 2.6 2.2 5.4 0 0.4 0 0 0 0 0 0 1.8 0 0.4 0 0 0 1.4000000000000001 1.6 0 0 0.2 0 2.6 0 0 0 0.4 0 0 0 0 0 0 0 0 0 0 0 0 0 0 0 0 0 0 0 0 0 0 15 0 0 0 0.4 0 0 0 0 1.6 0 0.6000000000000001 0 16.2 1.2000000000000002 0.4 0 0 0.2 0 0 4.6000000000000005 0 0 0 0 0 0.6000000000000001 0 0 0 0 0 0 5.4 0 1.6 0 0 0 0 3.6 0 0 0 
