 0 36.6 31.400000000000002 56.2 23.8 55.6 28.6 26.200000000000003 34.2 26.8 24.200000000000003 27.6 8.200000000000001 58 25.200000000000003 44 11.200000000000001 48.2 8 28.400000000000002 0 1.2000000000000002 0 0.6000000000000001 0 0.6000000000000001 1.2000000000000002 0.8 0 0 0.2 0 0 0 0 0 0 0 0 0.6000000000000001 0 0 0 0 0 0 0 0.8 0 0 0 0 0 0 0 0 0 0 0 0 0.6000000000000001 0.6000000000000001 1.2000000000000002 0 0 0 0.8 0 0 1.4000000000000001 0.6000000000000001 0 0 0.4 0.4 0 1 0.2 0 0 2.2 0.6000000000000001 4.4 1.4000000000000001 3.6 3 2.2 6.4 0 1.8 0 0 3.4000000000000004 3.2 3 12.4 0 13 4 0 0 0 0 0 0 0 0 0 0 0 2 0 7 0 0 0 1.8 0.4 0 0 0 0 0 0 0 0 0 0 0 0 0 0 0 0 0 0 0 0 0 0 0 0 0 0 0 0 0 0 1.6 0 0 0 0 0 0.2 0 0 0 0 0 5 5.800000000000001 13.600000000000001 0 2.2 3.2 2.8000000000000003 10.600000000000001 1 5 2 1.8 4.6000000000000005 0 3.4000000000000004 4.2 3.8000000000000003 1 3.6 0 0 0 0 0 0 0 0 0 0 0 0 0 2 0 0 0 0 0 0.2 4.4 0.4 0 0 0 0 0 0 0 0 0 0 0 0.4 0 0 0 0 0 0 0 0 0 0 0 0 0 0 0 0 0 0.4 0 0 0 0 0 0 0 0.2 0 0 0 0 0 0 0 0 0.4 0.8 17.6 3.4000000000000004 2.4000000000000004 0 0 0 0 0 0 0 0 0 0 0 0 0 0 0 0 0 0 0 0 0 0 0 7.2 4.6000000000000005 2.2 0 0 0 0 0 0 0 0 0 0 0 0 
 36.6 0 72.2 37 28 11.200000000000001 15.8 76.80000000000001 31 10.200000000000001 24.200000000000003 21.200000000000003 9.200000000000001 45.400000000000006 96 52.400000000000006 27 18.6 12 9 0 0.4 0 0.6000000000000001 0.4 0.6000000000000001 0.4 0 0.4 0.4 0.4 0.4 1 0 0 0.4 0 0.4 42.800000000000004 1.2000000000000002 0 0.2 0 0.4 0.4 0.4 0 0.2 0.2 0.8 0 0.4 0.2 0.2 0.6000000000000001 0.6000000000000001 0.2 0.4 0.8 0 0.6000000000000001 0.2 0.4 0 0 0 0 0.2 0 0.6000000000000001 1 0 0 1.2000000000000002 0.6000000000000001 0 0.6000000000000001 0 0 0.4 1.6 1.4000000000000001 6 0.2 0 0 2 2 4.6000000000000005 5.6000000000000005 4.2 2.8000000000000003 5.800000000000001 0 5 5.4 3.4000000000000004 11.200000000000001 0 1.2000000000000002 4.4 0 0 0 0 0 0.2 0 0.4 0 0 0 3.6 1.2000000000000002 0.2 0 0 0 0 0 0 0 0 0 0 0.2 0 0 0 0 0 0.4 0 0 0 0 0 1.4000000000000001 0 0 0.6000000000000001 0 0 0 0 0 0 0 0.6000000000000001 0 0 0 0 0 0 0 0 2.4000000000000004 0 0 5 2.4000000000000004 4.4 0 2.6 0.6000000000000001 1.6 0.2 5.6000000000000005 10.4 0.2 4.800000000000001 2 3 2.4000000000000004 4.4 4.4 6.4 0.2 6.2 1 1.8 0 0 0 0.4 0 0 0 0 0 0 5.2 0 0 0 0 0 0 4.2 0 0 0 0 0 0 0 0 0 0 0 0 5.2 0 0 0 0 0.8 0 0 0 0 0 0 0 0 0 0 0 0 0 0 0 0 0 0 0 0 0 0 0 0 0 0 0 0 18.400000000000002 0 3.8000000000000003 0.4 0.4 2 0 0 0.4 0 0 0 0 0.4 0 0 0 0 0 0 0.6000000000000001 0 0 0 0 0 0 0 0.4 0.2 4.6000000000000005 0.2 0 0 0 0 0 0 0 0 0 0 0 0 
 31.400000000000002 72.2 0 52.800000000000004 24.200000000000003 41 55.800000000000004 26.400000000000002 96 67.2 9.200000000000001 60 59.800000000000004 44.6 26.8 9 26.400000000000002 44 5.6000000000000005 8 15.600000000000001 0 0 0.6000000000000001 0 0.8 0.4 0 0 0 0 0 12.8 0.2 0 0 0 0 14.8 0.6000000000000001 0 0 0 0 0.4 0 0 2.2 0 0 0 0 0 1.6 0 0 0 0 0 0 0.6000000000000001 0 0 1 0 0 0 0 0 0.6000000000000001 6.4 0 0 0.4 0 0 0.6000000000000001 0 0 0 0 3.2 0 3.6 0 6 2.6 0 0 13.4 2.8000000000000003 0 0 0 1.8 5.800000000000001 0 5.800000000000001 0 0 14.200000000000001 0 0 0 0 0 4.800000000000001 2 0 0 0 0 4.800000000000001 5.800000000000001 0.4 0 0 0 0 7.2 0 0 0 0 0 0 0 0 0 0 0 0 0 2 0 0 0 0 0 0 0 0 0 0 0 0 0 0 0 1.2000000000000002 0 0 0.2 0 0.2 0 0 0 1.2000000000000002 0 0.4 0 5.6000000000000005 3 5.6000000000000005 0.2 0 3.8000000000000003 14.8 0 0.2 0 0 0.2 0 0 3.2 2 0 0 2.4000000000000004 9.4 0 0 0 0 0.8 0 0 0 0 0 6.800000000000001 0.2 0 0 0 0 2.2 4.800000000000001 0 0 0 0 0 0 0.4 0 0.2 0 0 0 0 0 0 0 0 0 0 0.4 0 0 0 0 0 0 0 0.2 0 0 0 4.4 0 0 0 0 0 0 0 0 0 3.2 0 0 0 0.2 18.2 0 18 0.2 0 2.4000000000000004 0 0 0 0 0 0 13.600000000000001 0 0 0 0 0 0 0 0 0 0 0 0 0 0 0 0 0.2 0 0 0 0 0 0 0 0 0 0 0 0 0 0 
 56.2 37 52.800000000000004 0 82 28.6 23.6 58 71.8 89.2 32.4 7.2 32.6 34.6 45.400000000000006 32.800000000000004 26.200000000000003 33 11.8 13.200000000000001 0 0.4 0.2 0.6000000000000001 0 0.6000000000000001 0.4 0 1 0 0 0 28.200000000000003 6 0 0 0 0.4 0.4 13 0 0 0 0 0 0 0 0.6000000000000001 0 0.4 0 0 0 1.2000000000000002 0 0 0.4 0 0.4 0 0.6000000000000001 0 0 11.600000000000001 0 0 0 1 0 0.6000000000000001 0.6000000000000001 0 0 0.4 0 0 0.6000000000000001 0 0 4 0 0 0 1.2000000000000002 15.600000000000001 1.8 3 2.2 0.2 6 2 0.4 0 1.8 1.4000000000000001 10.4 0 0 0 1.2000000000000002 7.6000000000000005 3.2 0 0 0 0 0.4 0 4.4 0 0.2 0 11 0 0.2 0 2 0 3 3.6 0 0 0 0 0 0 2 0 0 0 0 0 0 0 0 0 0.4 0 0 0 0 0 0 0 0.2 0 3.4000000000000004 0 0 0 0 0 0.4 0 0 0 0.2 0.2 0 0 0.2 0 7.4 2.8000000000000003 6.4 2 0 4.800000000000001 3.2 7 1 5.4 0 0.2 0 0 2.8000000000000003 4 0 0 0 3.8000000000000003 0 0 0 0 0 3 0.4 0.6000000000000001 0 0 2.6 3.8000000000000003 0 0 0 0 0 4.6000000000000005 0 0 0 0 0 0 0 0 0 0 0 0 0 0 0 0.4 0 0 0 0 0 0 0 0 0 0 1.2000000000000002 0 0 0 0 0.4 0 0 0 0 0 0 0 0 0 3 0 0 0.4 0 0 0 0 18.8 4.4 2.6 0 0 0.4 0 0 0 0 0 0 0 0 0 0 0 0 0 0 0 0 0 0 0 0 2.4000000000000004 0 0 0 0 0 0 0 0 0 0 0 0 0 0 
 23.8 28 24.200000000000003 82 0 58 14 27.8 32.2 15 101.4 45.6 68.2 47.6 14.200000000000001 35 33 5.800000000000001 12.200000000000001 16.6 0 15.4 0 0.6000000000000001 42.2 42.6 42.2 0 0.2 0 0 14.8 18.8 22.6 0 0 0 0 0 20.200000000000003 0 0 0 0 0 0 0 0 0 0 0 0 0 1.2000000000000002 0 0 0 0 0 0 0.6000000000000001 0 0 0 0.4 0 0 0.4 0 0.8 0.4 0 0 0.6000000000000001 0 0 0 0 0 0 0 0 2.2 0 4.2 3 2.8000000000000003 4 0 0.2 1.2000000000000002 0 0.2 3 0 4.2 0 0 0 0 4.800000000000001 2.8000000000000003 0 0 0 0 3 7.2 2.8000000000000003 0 0 0 7.4 1.4000000000000001 0 0 0 0 2.8000000000000003 3.4000000000000004 0 0 0 0 0 0 0 0 0 0 0 0 0 0 0 0 0 0 0 0 0 0 0 0 0 0 0 0 0 0 0 0 0 0 0 3.6 0 0 0 0 0 2.2 5.800000000000001 2.8000000000000003 4.2 2 2.6 1.8 2 0 2.4000000000000004 3 0.8 0 0 0 2.2 1.4000000000000001 0 0 2 5.6000000000000005 0 0 0 0 0 3.8000000000000003 11 0 0 0 0 12.4 0 0 0 0 0 11.200000000000001 0 0 0 0 0 0 0 0 0 0 0 0.2 0 0 0 0 0 0 0 0 0.2 0 0 0 0 0 0 0 0 0 0 0 0 0 0 0 0 0.6000000000000001 0 0 0 2.6 0 0 0 1.2000000000000002 0.4 0 0.8 0.4 2.4000000000000004 1.2000000000000002 0.6000000000000001 0 0 0 0 0 0 0 0 0 0 0 0 0 0 0 0 0 0 0 0 0 0 0.2 2.2 0 0 0 0 0 0 0 0 0 0 0 0 0 
 55.6 11.200000000000001 41 28.6 58 0 5.4 51.2 10.600000000000001 12.200000000000001 34.2 26.6 10.600000000000001 20.400000000000002 24.6 13.4 29.6 22.200000000000003 8.6 10 1.2000000000000002 0 0.2 0.6000000000000001 0 0.6000000000000001 15.600000000000001 0 0 0 0 0 13.600000000000001 0 0 0 0 0 31 12.600000000000001 0 0 0 0 0 0 0 0.6000000000000001 0 0 0 0 0 1.2000000000000002 0 0 0 0 0 0 1.8 0 0 0.4 0 0 0.6000000000000001 0 0 0.6000000000000001 0.6000000000000001 0 0.4 0.6000000000000001 0.6000000000000001 0 0 0 0.2 0.6000000000000001 0 0 0.2 0 3.4000000000000004 1.8 0 0 2 10.4 1.6 0 0 4.800000000000001 1.6 8.4 0 1.4000000000000001 0 3.2 6.4 2.4000000000000004 0 0 0 0 0.4 0 0 0 0 0 19 1 0 0 0 0 0 3.6 0 0 0 0 0 0 0 0 0 0 0 0 0 0 0 0 0 1.4000000000000001 0 0 0 0 0 0 0 0 0 0 1.6 0 0 0 0 0 0 0 0 0 0 0 0 0.2 7.2 0 1.8 2 0 0.2 3.4000000000000004 7.6000000000000005 1.4000000000000001 2.4000000000000004 1 2.2 0 0 11 1.8 0 0 0 3.8000000000000003 0 0 0 0 0 1.8 0 0 0 0 2.4000000000000004 0 0 0 0 0 0 4 0 0 1.6 0 0 0 0 0 0 0 0 0 0 0 0 0 0 1.4000000000000001 0 0 0 0 0 0 0 0 0 0 0 0 0 0 0 0 0 0 0 0 0 0 0 3 0 0 0 0 0.4 1 1.8 1.2000000000000002 3 2.2 0 0 0 0 0 0 0 0 0 0 0 0 0 0 0 0 0 0 0 0 0 0 0 0 2.8000000000000003 0 0 0 0 0 0 0 0 0 0 0 0 0 
 28.6 15.8 55.800000000000004 23.6 14 5.4 0 36 10.4 10.600000000000001 47 44.6 55 24.400000000000002 24.400000000000002 44 18 19.8 52.400000000000006 39.800000000000004 0 0 0.4 0.6000000000000001 0 0.6000000000000001 0.4 0 0 0 0 0 0 0 0 0 0.4 0 0.4 0.6000000000000001 0 0 0 0 0 0 0 0 0 0 0 0 0 0 0 0 0 0 0 0 0.6000000000000001 0 0.4 0.8 0 0 0 0 0 0.6000000000000001 0.6000000000000001 0 0 0.4 0 0 0.6000000000000001 0 0 0 3.8000000000000003 3.8000000000000003 8.4 7.6000000000000005 0 0 1.8 3.8000000000000003 5.2 0 0 2.8000000000000003 0.2 2.8000000000000003 3.4000000000000004 0 5.2 8.200000000000001 3.4000000000000004 6 0 0 0 0 0 0 0 0 0 0 0 0 0 0 0 0 0 0 0 0 0 0 0 0 0 0 0 0 0 0 0 0 0 0 0 0 0 0 0 0 0 0 0 0 0 0 0 0 1.6 0 0 0.6000000000000001 0 0 0 0.4 0 0 0 0.2 10.200000000000001 2.8000000000000003 0 0.2 0 3.8000000000000003 0 0.2 0 2.8000000000000003 3 0 3.8000000000000003 1.6 2.8000000000000003 4.4 2.4000000000000004 0 11.200000000000001 0 0 0 0 0 0 0 0 3 0 0 0 0 0 0 0.4 0 0 0 0 0 0 0 0 0 0 0.2 1.2000000000000002 0 0 0 0 0 0 0 0 0 0 0 0 0 0 0 0 0.4 0 0.2 0 0 0 0 0 0 0.4 0 0 0 0 0 0 0 0 0 0 0 0 0.4 0 0 0 0.4 0 1 0.2 0 0 0 0 0 0 0.4 0 0 0 0 0 0 0 0 0 0 0 0 0 0 0 1.8 0 2.8000000000000003 0 0 0 0 0 0 0 0 0 0 0 0 
 26.200000000000003 76.80000000000001 26.400000000000002 58 27.8 51.2 36 0 36.800000000000004 24 7.2 25 20.8 22.8 31.6 54.800000000000004 10.600000000000001 26 30.6 28 0.4 0.6000000000000001 0 0.6000000000000001 0 1.4000000000000001 1 0.4 0.4 0.4 0.4 0 0 0 0 0 0.6000000000000001 0 0 0.6000000000000001 12.8 0 0 0 0 0 0 0 0.4 0 0 0 0 0 0 0 0 0.6000000000000001 0 0 0.6000000000000001 0 2.6 0 0 6 0.6000000000000001 0.2 0 0.6000000000000001 0.6000000000000001 0 0 0.4 0.6000000000000001 0 0.6000000000000001 0 0 0.4 4 1.6 2.8000000000000003 0 0 3.2 0.2 4.4 4.4 4.6000000000000005 0 0 6.6000000000000005 5.2 0 6 3.4000000000000004 2.2 0 0 0 0 0 0 0 0 0 0 0 0 0 0 0 0 0 0 0 0 0 0 0 0 0 0 0 0 0 0 0 0 0 0 0 0 0 0 0 0 0 0 0 0 0 0 0 0 0 0 0 0.6000000000000001 0 0 0 0 0 0 0 0 1.2000000000000002 0 0 2 14.600000000000001 0 3.6 0 2 3.6 5.2 10.4 0.8 2 0.6000000000000001 0 2.8000000000000003 0 2.8000000000000003 5 1.8 2.8000000000000003 0 0 0 0 4.2 0 0 0 0 0 0 0 0 0 0 0 0 0 1.8 0 0 0 0 4.4 0 0 0 0 0 0 0 0 0 0.8 0 0 0 0 0 0 0 0 0 0 0 0 0 0 0 0 0 0 0 0 0 0 0.2 0 0 0 0 0 0 0 0 0 18 0 0.4 0 3.2 1.4000000000000001 0 0 0 0 0 0 0 0 0 0 0 0 0 0 0 0 0 0 0 0 0 0 0 0 0 0 0 0 0 0 0 0 0 0 0 0 0 0 
 34.2 31 96 71.8 32.2 10.600000000000001 10.4 36.800000000000004 0 54.2 48 52.6 127.80000000000001 44.2 58.2 37.800000000000004 8.4 10.4 69 59 15.600000000000001 0.4 0 0.6000000000000001 0 0.6000000000000001 0.4 0 0 0.4 0 0.8 0 0.2 0 0 0 0 30.6 2 0 0 0 0 0 0 0 0 0 0 0 0 0 0.2 0 0 0 0 0 0.2 0.6000000000000001 0 0 0 0 0 0 0 1.2000000000000002 0.6000000000000001 0.4 0 0 0.6000000000000001 0 0 0 0 0.6000000000000001 0 0 2.8000000000000003 5.4 3.6 3 0 2 5.4 1.8 0.4 3.4000000000000004 0.4 8.200000000000001 2.6 0.4 3.8000000000000003 0.2 7 0 0.6000000000000001 3.8000000000000003 3.2 0 0 0 0 4.6000000000000005 0 5.6000000000000005 0 0 0 2 0 4.800000000000001 0 0 0 1.4000000000000001 4.6000000000000005 0 0 0 0 0.2 0 0 0 0 0 0 0 0 0 0 0 0 1.2000000000000002 0 0 0 0 0 0 0 0 0 0 0 0.8 0 2.8000000000000003 0 0 0 0 0 0 0.6000000000000001 0 0.2 0 5 3.8000000000000003 2 3.4000000000000004 1.4000000000000001 4.6000000000000005 8.6 0 0 0.2 0 0 0 3 4.6000000000000005 2.4000000000000004 0 1.4000000000000001 11.4 4 0 0 0 0 0 0 0 0 0 0 1 0 0 0 0 0 2 4.4 0 0 0 0 0 0 0 0 0 0 0 0 0 0.2 0 0 0 0 0 0 0 0 0 0 0 0 0 0 3.6 0 0 2 0.4 0.2 0 0 0 0 0 0 0 0 0 0 0 0 17.6 0.2 18.2 35.4 0.2 2 0 0 0 0 0 0 0 0 0 0 0 0 0 0 0.4 0 0 0 0 0 0 0 0 2.6 2.2 0 0 0 0 0 0 0 0 0 0 0 0 0 
 26.8 10.200000000000001 67.2 89.2 15 12.200000000000001 10.600000000000001 24 54.2 0 48 42.400000000000006 62.400000000000006 28 21 31 39.2 81.60000000000001 11.8 19.6 7 0 0 1.2000000000000002 0.6000000000000001 0.6000000000000001 0.4 0 0 0.4 0.6000000000000001 0 0.6000000000000001 14.8 0 0.4 0.4 0 30.8 0.6000000000000001 0 0 0 0 0.6000000000000001 0.4 0 1.2000000000000002 0 0 0.6000000000000001 0.6000000000000001 0 1 0 0 0.6000000000000001 0.6000000000000001 0 0 0.6000000000000001 0 0 0 0 0.4 0 0 0 0.6000000000000001 0.6000000000000001 0.4 7.2 0.8 0 0 0.6000000000000001 0.2 0 0 0 4.4 0 2 3 4.800000000000001 0.4 0 3.8000000000000003 10.200000000000001 6.6000000000000005 2.6 2.4000000000000004 0 1.6 4.4 0 7.2 0 0 10 0 0 0 0 0 6.6000000000000005 14.4 0 0 0 0 2.2 5 4.2 0 0 0 0 5.6000000000000005 0 0 0 0 0 0.2 0 0 0 0 0 0 0 0 0 0 0 1.4000000000000001 0 0.2 0 0 0 0 0 0 0 0 0 0.4 0 0 0.4 0 0 0 0 0 0 0 2.4000000000000004 0 2.4000000000000004 2 0.4 0.2 0 4.2 3.4000000000000004 0 0 0 0 3 0 0 0 0 4.4 0 0 6.4 0 0 0 0 0.6000000000000001 0 0 0 0 0 6.4 0 0 0 0 0 0.4 0.2 0 0 0 0 0 0 0 0 0 0 0 4.800000000000001 0 0 0 0 0 0 0 0 0 0 0 0 0 0.2 0 0 0 0 0 0 0 0 0 0.2 0 0 0 0 0 3.8000000000000003 0 0 0 0.6000000000000001 10.600000000000001 0 10 19.200000000000003 0 2.6 2.4000000000000004 0 14.8 0 0 0 0 0 0 0 0 0 0 0 0 0 0 0 0 0 0 0 0 2 2.6 0 0 0 0 0 0 0 0 0 0 0 0 0 
 24.200000000000003 24.200000000000003 9.200000000000001 32.4 101.4 34.2 47 7.2 48 48 0 32 6.2 25.6 6.6000000000000005 36.800000000000004 16.2 9.8 8.4 59.2 15.600000000000001 21.200000000000003 0 2 15.600000000000001 0.6000000000000001 1 0.6000000000000001 0.2 0 31 0 0.6000000000000001 21.8 0.6000000000000001 0 0 0.6000000000000001 14.8 16 1 0 0 0 0.6000000000000001 0.6000000000000001 0 0 1.2000000000000002 0 0 0 0.6000000000000001 0 0.6000000000000001 0.8 0.6000000000000001 0.4 0.4 0.4 1.2000000000000002 0 0.8 0 0 0.4 0.2 0 0 0.6000000000000001 0.6000000000000001 0.6000000000000001 0 1.2000000000000002 0 0 0.2 0 0 0 0 0.2 0 5.2 4.800000000000001 0 8.6 0 2.2 4 4.2 4.6000000000000005 0 0 0 5.6000000000000005 0 2.2 0 0 10.600000000000001 0 0 0 0 0 10 7.4 0 0 2.8000000000000003 0 7 2.4000000000000004 4.2 0 0 0 7.800000000000001 2.2 0 0 0 0 0 0 0 0 0 0 0 0 0 0 0 0 0 0 0 0 0 0 0 0 0 0 0 0 0 0 0 0 1.2000000000000002 0 0 0 3.2 0 0 0 0 0.2 7.6000000000000005 8.8 12.4 3 0 0.6000000000000001 2.2 0 3.6 2 0.8 2 0 0 0.4 2.2 0 0 2.2 7.2 0 0 0 0 0 0.2 2 0 0 0 0 13.4 5.4 0 0 0 0.4 5 0 0 0 0 0 0 0 0 0 1 0 0 0 0 0 0 0 0 0 0 0 0 0 0 0 0 0 0 0 0 0 0 3.8000000000000003 0 0 0 0 0 0 0 0 0 0 0 0 4 1.2000000000000002 1.2000000000000002 18.2 0.6000000000000001 0 1 0 0 0 0 0.4 0 0 0 0 0 0.4 0 0.4 0 0 0 0 0 0 0 0 0 0 0.2 0 0 0 0 0 0 0 0 0 0 0 0 0 0 
 27.6 21.200000000000003 60 7.2 45.6 26.6 44.6 25 52.6 42.400000000000006 32 0 22.8 25 34.4 61.800000000000004 15.200000000000001 36.800000000000004 6.4 10.200000000000001 0 0 0 0.6000000000000001 0.2 0.8 0.4 0 0 0 0 0 0 0 0 0 0 0 4.800000000000001 0.8 0 5.800000000000001 0 0 0 0 0 1.8 0 0.2 0 0 0 0 0 0 0 0 0 0 0.6000000000000001 0 0 0 0 0 0 0 0 0.6000000000000001 0.6000000000000001 0.2 0 0.4 0 0 0.6000000000000001 0 0 0 0 0 0 0 3.8000000000000003 7.2 1.8 0 1.8 8.6 1 0 0.2 2.4000000000000004 2.2 9 2.2 1.8 0 2.2 0.2 0 0 0 0 0 1.8 1 0 0 0 0 6.2 3.6 0.2 0 0 0 0 3 0 0 0 0 0 0 0 0 0 0 0 0 0 0 0.2 0 0 3 0 0 0.2 0 0 0 0 0 0 0 0 0.4 0 0 0 0 0 0 0 0 1.2000000000000002 0 0 0 11.600000000000001 0 4.800000000000001 0 0 6.2 6 5.6000000000000005 3.6 2.2 0 0 0 0 2 3.2 0 0 0.2 0 0 0 0 0 6.2 0 0 0 0 0 2.2 0 0 0 0 0 0.2 4.800000000000001 0 0 0 0 0 0 0 0 0 0 0 0.2 0 0 0 0 0 0 0 0 0 0 0 0 0 0 0 0 0 0.2 0 0 0 0 0 0 0 0 0 0 0 0 0.2 0 0 0 0 0 0.4 17.2 3.2 2.4000000000000004 0 0 0 0 0 0 0 0 0 0 0 0 0 0 0 0 0 0 0 0 0 0 0 2.4000000000000004 0.4 0 0 0 0 0 0 0 0 0 0 0 0 0 
 8.200000000000001 9.200000000000001 59.800000000000004 32.6 68.2 10.600000000000001 55 20.8 127.80000000000001 62.400000000000006 6.2 22.8 0 60.400000000000006 11.8 34.4 23.200000000000003 28.400000000000002 37 52 15 0 0.2 0.6000000000000001 0 22.200000000000003 1 0.2 0 0 0 0 0 0 0 0 0.6000000000000001 0 0 0.6000000000000001 0 0 0 0.4 0 0 0 0.6000000000000001 0.4 0.2 0 0 0 0 0 0 0 0.6000000000000001 0 0 0.6000000000000001 0 8.8 0 0 0 0 0.4 0 0.6000000000000001 0.6000000000000001 0 0 0.4 0.6000000000000001 0.8 0.6000000000000001 0.6000000000000001 0 0 1.4000000000000001 2.4000000000000004 2.8000000000000003 0 3.8000000000000003 2.6 2.2 4.2 0 2.8000000000000003 3.6 0.4 2 5.2 0 5 2.4000000000000004 0 0 2.6 0 0 0 0 0 0 0 0 0 0 0 0 0 0 0 0 3.6 0 0 0 0 0 0 0 0 0 0 0 2.2 0 0 0 0 0 0 0 0 0 0 0 0 0 0 0 0 0 0 0 0 0 0 0 0 0 0 0 0 0 6.2 0 7.2 0 0 0 0 3 2 9.600000000000001 2.2 0 2 0 0 1 0 2.4000000000000004 2.2 0 0.2 0 0 0 0 0 0 0 0 0 0 0 0 0 4.4 0 0 0 0 0 1.8 1 0 0 0 0 0 0 0 0 0 0 0 2 0 0 0 0 0 0 0 0 0 0 0 0 0 0 1.8 0 0 0 0 0 0 0 0 0 0 0 0 0 0 0 0 0 0 0 0.2 0.4 0 17.400000000000002 0.4 1.2000000000000002 2.8000000000000003 0 0 0 0 0 0 0 0 0 0 0 0 0 0 0 0 2.8000000000000003 0 0 0 0 0 4.2 0 0 0 0 0 0 0 0 0 0 0 0 0 0 
 58 45.400000000000006 44.6 34.6 47.6 20.400000000000002 24.400000000000002 22.8 44.2 28 25.6 25 60.400000000000006 0 39.400000000000006 28 6.4 24.200000000000003 69.8 70.4 0.4 0 0 0.6000000000000001 0 0.8 0.8 0.2 0 0 0 0.4 0 0 0 0.4 0 0 16 0.6000000000000001 0 0 0 0 0 0 0 0 0 0 0.2 0 0 0 0.6000000000000001 0 0 0 0 0 0.6000000000000001 0 0 0 0 0 0 6.6000000000000005 0 0.6000000000000001 0.6000000000000001 0 0 0.6000000000000001 0 0 0.2 0 0 0 0 0 6.6000000000000005 1.6 3.6 5.4 4.2 6.2 1.8 15 2.4000000000000004 0 3.8000000000000003 2.2 1 12.8 0 8 3.2 0 0 0 0 0 4.4 0 0 0 0 0 0 0 5.6000000000000005 0 0 0 0 0 0 0 0 0 0 0 0 0 0 0 0 0 0 0 0 0 0 0 0 1.8 0 0.2 0 0 0 3.4000000000000004 0 0 0 0 1.2000000000000002 0 0 0 0 0 0 0 0 0 0 0 3 3.4000000000000004 12.8 0 7.800000000000001 2.8000000000000003 3.8000000000000003 3.4000000000000004 4.2 15.4 1 1.2000000000000002 8.200000000000001 0 3 2.2 8.8 8.4 2.4000000000000004 8.200000000000001 0 0 0 0 0 0 0 0 0 0 0 0 0.6000000000000001 0 0 0 0 0 0 4.800000000000001 0 0 0 0 0 0 0 0 0 0 0 0 0 0 0 0 0 0 0 0 0 0 0 0 0 0 0 0 0 0 0 0 0 0 0 0 0 0 0 0 0 0 0 0 0 0.2 0.2 0 0 18 2.8000000000000003 0.6000000000000001 0 0 0 0 0 0 0 0 0 0 0 0 0 0 0 0 0 0 0 0 0 0 0 4.6000000000000005 9.200000000000001 2 0 0 0 0 0 0 0 0 0 0 0 0 
 25.200000000000003 96 26.8 45.400000000000006 14.200000000000001 24.6 24.400000000000002 31.6 58.2 21 6.6000000000000005 34.4 11.8 39.400000000000006 0 17.2 26.400000000000002 12 12.200000000000001 22.6 0 0 0 0.6000000000000001 0 0.6000000000000001 0.4 0 0.4 0 0 0.2 0 0 0 0 0 0 17 0.6000000000000001 0 0 0 0 0 0 0 0 0 0 0 12.600000000000001 0 0 0 0 0 0 0 0 0.6000000000000001 0 0 0 0 0 0 0 0 0.6000000000000001 0.6000000000000001 0 0 0.4 0 0 0.6000000000000001 0 0 0 3 1.4000000000000001 3.8000000000000003 5.6000000000000005 0 6.6000000000000005 3.2 2.6 2.2 8.200000000000001 0 6.2 1.4000000000000001 2.8000000000000003 2.8000000000000003 0 4.6000000000000005 8.4 0 2.8000000000000003 0.8 0 0 0.2 0 0 0 0 0 0 0 0 2 0 0 0 0 0 0 0 0 0 0 0.2 1.6 0 0 0 0 0 0 0 0 0.2 0 0 0.2 0.6000000000000001 0 0 0 0 0 0 0 0.2 0 0 0.8 0 0 9.600000000000001 0 0 0 0 0 1.6 0.4 0 5.6000000000000005 2 4.4 0 6 0 0 2 5.2 6.6000000000000005 2.8000000000000003 2.6 4 5.6000000000000005 1.8 0.2 8 5.6000000000000005 2.6 5.4 2.4000000000000004 0 0 0 0 0 3.2 0 0 0 6.800000000000001 0 3.6 0 0 0 0.4 0 0 0 0 0 0 0 0 0 0 0 0 0 0 1.4000000000000001 0 0 0 0 0 0 0 0 0 0 0 0.2 0 0 0 0 0 0 0 0 0 0 0 0 0 0 0 0 0 0 0 0 0 0.2 0.8 0 0.4 0.4 0 2.2 2.6 0 0 0 0 0 0 0 0 0 0.6000000000000001 0 0 0 0 0 0 0 0 0 0 0 0 0.2 0 0 0 0 0 0 0 0 0 0 0 0 0 0 
 44 52.400000000000006 9 32.800000000000004 35 13.4 44 54.800000000000004 37.800000000000004 31 36.800000000000004 61.800000000000004 34.4 28 17.2 0 95 62.6 26.200000000000003 34.4 0.4 0.8 0 1 0.2 1 0.8 0 0.2 0.4 0.2 0.8 0.4 0.2 0 0 0 0 0 0.8 5.6000000000000005 1.2000000000000002 0 0 0 0 0 0.4 0 0 0 0 0.6000000000000001 0 0 0 0.4 1 0 0 0.6000000000000001 0.2 0 0.8 0 0 0 0 1.2000000000000002 1.6 0.6000000000000001 8.200000000000001 0 0.6000000000000001 1.2000000000000002 0.8 0.4 0 0 0 2 4.2 7 3.2 3.4000000000000004 5.2 5.2 3.8000000000000003 0.2 2.6 3.8000000000000003 0.4 0 2.4000000000000004 0 3.8000000000000003 1.2000000000000002 0 0 2.2 0 0 0 0 0 0 3.4000000000000004 1.4000000000000001 0 0 0 0 0 2.6 0 0 0 0 0 0 0 0 0 0 0 0 0 0 0 0 0 0 0 0 0 0 0 0 0 0 0 0 0 0 0 0 0 0 0 0 0 0 0 0 0 0 0 0 1 0 7.6000000000000005 2.4000000000000004 3.4000000000000004 2.4000000000000004 3.4000000000000004 3 3.2 6.4 0.6000000000000001 0 6.2 0 0 2.4000000000000004 0 0 2.2 2 0 1.8 2.6 0 0 0 0 0 0.2 0 0 0 0 0 4.2 0 0 0 0 0 3.8000000000000003 0.4 0 0 0 0 0.4 0 0 0.4 0 0 0 0 0 0 0 0 0 0 0 0 0.4 0 0 0 0 0 0 0 0 0.2 0 0 0 0 0 0 0 0 0 0 0 0 0 0 0.2 0 0 0 0 1.4000000000000001 2.8000000000000003 1.6 0 0 0 0 0 0 0 0 0.4 0 1.8 0 0 0 0 0 0 0 0 0 0 0 0 3 1.8 0 0 0 0 0 0 0 0 0 0 0 0 0 
 11.200000000000001 27 26.400000000000002 26.200000000000003 33 29.6 18 10.600000000000001 8.4 39.2 16.2 15.200000000000001 23.200000000000003 6.4 26.400000000000002 95 0 30.200000000000003 9.8 12.200000000000001 41.6 0 0 8 0 1 1 0.6000000000000001 0.2 0 0.4 0.4 15.600000000000001 0.2 0 0 0 0.4 14.600000000000001 20 0 0 0 0 0 0 0.6000000000000001 10.600000000000001 0 0 0 0 0 2.6 0 0 0.4 0 0 0.6000000000000001 0.6000000000000001 0 0 0 0 0.2 0 0 0 0.6000000000000001 0.6000000000000001 0 0.4 0.4 0 0 0.6000000000000001 0 0 0 2.8000000000000003 2.2 3.8000000000000003 2 3.8000000000000003 2.2 4 1 2.2 6 8.200000000000001 5.2 4.2 0.2 2.8000000000000003 2.2 3.8000000000000003 0 0 3.6 6.2 3 0 0 0 0.2 5.6000000000000005 0 0.2 0 0 0 6 0 2.2 0 0 0 4.2 7.2 0 0 0.4 0 1.8 1.2000000000000002 0 0.4 0 0 0.4 0 0 0 0 0 0 0 0 0 0 0 0 0 0 0 0 0 0 0 0 0 1 0 0 0 3 0 0 0 8.200000000000001 0 0 4.2 2 0 0.4 4 0 0 0 2 2.8000000000000003 3.4000000000000004 1.4000000000000001 5.6000000000000005 0 0 1.4000000000000001 3.2 0 5.2 0 0 0 0 9 0 0 0 0 0 4 9.4 2.6 0 0 0 0 0 0 0 0 0 0 0 0 0 0 1 0 2.8000000000000003 0 0 0 0 0 0 0 0 0 0 0 0 0 0 0 0 0 0 0 0 0 0.4 0 0 0 0 0 0 0 2.2 0 0 0 0 0.4 0 0 18 0.2 1.4000000000000001 2.6 0 0.2 0 0 0 0 0 0 0 0 0 0 0 0 0 0 0 0 0 0 0 0 2.4000000000000004 0 0 0 0 0 0 0 0 0 0 0 0 0 0 
 48.2 18.6 44 33 5.800000000000001 22.200000000000003 19.8 26 10.4 81.60000000000001 9.8 36.800000000000004 28.400000000000002 24.200000000000003 12 62.6 30.200000000000003 0 23 116 0 0 0 0.6000000000000001 0.4 0.6000000000000001 0.4 0 0 0 0 0 0.2 0.4 0 0 0 0 15.200000000000001 0.6000000000000001 0 0 0 0 0 0 0 1 0 0 0 0 0 0 0 0.4 0 0 0 0 0.6000000000000001 0 0.6000000000000001 0 1.4000000000000001 0 0 1.4000000000000001 0 0.6000000000000001 0.6000000000000001 0 0 0.6000000000000001 0 0 0.2 0 0 0 0.2 0 2.4000000000000004 2.2 0 3.2 1.2000000000000002 5.800000000000001 4 6.4 2.2 0 0 2.6 3.2 2 5.800000000000001 6.4 3.8000000000000003 10.200000000000001 2.8000000000000003 0 0 0 0 0 2.4000000000000004 2.4000000000000004 0 0 0 0 4 6.2 0 0 0 0 0 0 0 0 1 0 0 0 0 0 0 0 0 0 0 0 0 0 0 2.2 0 0 0 0 0 0 0 0 0 0 4.2 0 0 0 0 0 0 0 0 0 0 0 6 6.800000000000001 4.6000000000000005 0 0 2.8000000000000003 7 0.2 0 2.8000000000000003 3.2 0.2 3.6 0 8.6 6.4 0.4 0 7 4 0 0 0 0 0 0 2.2 0 0 1.2000000000000002 0 0 1 0 0 0 0 0 0.2 0 0 0 0 0 0 0 0 0 0.4 0 0 0 0 0 0 0 0 0 0 0.2 0 0 0 0 0 0 0 0.4 0 0 0 0 0 0 0 0 0 0 0 0 0 0.4 0 0 0 0 0.8 0.4 0 0.6000000000000001 0 3.6 0 0 0 0 0 0 0 0 0 0 0.4 0 0 0 0 0 0 0 0 0 0 0 0 1 4 2.8000000000000003 0 0 0 0 0 0 0 0 0 0 0 0 
 8 12 5.6000000000000005 11.8 12.200000000000001 8.6 52.400000000000006 30.6 69 11.8 8.4 6.4 37 69.8 12.200000000000001 26.200000000000003 9.8 23 0 44 0.2 0 0 0.8 0.4 0.8 0.8 0 0 0 0.6000000000000001 1.4000000000000001 0 0 0 0.2 0 0.4 0 0.6000000000000001 0 0 0.6000000000000001 0 0.6000000000000001 0 12.200000000000001 0 0 0 12.8 0.2 0.2 0 0.4 0 0 0 0 0 0.6000000000000001 0 0.4 0.6000000000000001 0.6000000000000001 0 0 0 0 0.6000000000000001 1 0 0.6000000000000001 0.6000000000000001 0 0 0.2 0 1.2000000000000002 0 0 0 6.2 0 0 3 1.2000000000000002 5.6000000000000005 0.2 0 0 0 6.2 4 2.6 3.6 3.8000000000000003 0 1.2000000000000002 2.8000000000000003 0 0 0 0 0 0 0 0 0 0 0 0 0 0 0 0 0 0 0 0 0 0 0 0 0 0 0 0 0 0 0 0 0 0 0 0 0 0 0 0.2 0 0 0 0 0 0 0 0 0 0 0 0 0 0 0 0 0 0 0 0 0 6.800000000000001 0 0 0 1.8 7.6000000000000005 0.2 2.8000000000000003 0 0 0.2 3.6 0 5.4 7.2 0.2 0 2 5 0 0 0 0 0 0 0 0 0 0 0 4 0 0 0 0 0 0 0 0.2 0 0 0 0 0 0 0 1.8 0 0 0 0 0 0 0 0 0 0 0 0 0 0 0 0 0 0 0 0 0 0 0 0 0 0 0 0 0 0 0 0 0 0 0 0 0 0.2 0 0 0.2 0 0 0.8 0.2 0 0 0 0 0 0 0 0 0 0 0 0 0 0.4 0 0 0 0 0 0 0 0 0 2 0 0 0 0 0 0 3 0 0 0 0 0 0 
 28.400000000000002 9 8 13.200000000000001 16.6 10 39.800000000000004 28 59 19.6 59.2 10.200000000000001 52 70.4 22.6 34.4 12.200000000000001 116 44 0 0.4 0.2 0 0.6000000000000001 0 0.6000000000000001 0.4 0 0 0 0 0 0 0.2 0 0.4 0 0 0 0.6000000000000001 0 0 0 0 0 0 0 0 0 0 0 0 0 0 0 0 0 0.2 0 0 0.6000000000000001 0 0.8 0 0 0 0 0 0 0.6000000000000001 0.6000000000000001 0 0 0.4 0 0 0.6000000000000001 0 0 0 3.8000000000000003 1.6 5.6000000000000005 2.6 0 0 2.2 7.6000000000000005 6.2 0 0 3 0.2 6.800000000000001 4.6000000000000005 0 0 9.8 3.4000000000000004 7 0 0 0.2 0.2 0 0 0 0 0 0 0 0 0 0 0 0 0 0 0 0.4 0 0 0 0.2 0 0 0.2 0 0 0 0 0 0 0 0 0 0.2 0 0 0 0 0 0 0 0 0.2 0 0 1 0 0 0 0 0 0 0 0 0 0 0 5 4.800000000000001 0 0 0 3.2 1 4 5 2.4000000000000004 0 0 2.2 0 7 9.600000000000001 3.6 0 3.6 0 0 0 0 0 0 0 0 0 0 0 0 0 0 0 0 0 0 0 0.2 0 0 0 0 0 0 0 0 0 0 0 0 0.4 0 0 0 0 0 0 0.4 0 0.2 0 0 0 0 0 0 0 0 0 0 0.8 0 0 0 0 0 0 0 0 0 0 0 0 0 0.4 0.4 0 1 0.4 0 1.6 0 0 0 0 0 0 0 0 0.2 0 3.2 0 0 0 0 0 0 0 0 0 0 0 0 1.8 0 2 0 0 0 0 0 0 0 0 0 0 0 0 
 0 0 15.600000000000001 0 0 1.2000000000000002 0 0.4 15.600000000000001 7 15.600000000000001 0 15 0.4 0 0.4 41.6 0 0.2 0.4 0 31.400000000000002 15.4 11.600000000000001 23 41.2 29.8 44.400000000000006 52 7.800000000000001 30.8 21 27 62.800000000000004 75.4 40.2 57.2 20.200000000000003 8.200000000000001 9.600000000000001 0.2 0.6000000000000001 0 0 0 0 0 0 0 0 0 0 0.4 0 0 0 0 0.6000000000000001 0 1 0 0.6000000000000001 10.4 0 0 0 0 0 0 0 0 0.6000000000000001 0 0.4 0 0 0 0 0 0 0 0 0 4.4 0.2 0.2 0 0 0.4 0 2.4000000000000004 7.2 0 0 0 0 0 4 0 0 8.200000000000001 4.2 4.4 4.6000000000000005 0 0.2 7.2 0 3.6 3 5.2 2 0 0.2 13 4.4 3.4000000000000004 2.8000000000000003 0.4 3.2 0 0 0 0.6000000000000001 0 0 0 0 0 0 0 0 6.2 0 0 0 0 0 0 0 0 0 0 0 0.6000000000000001 0 0 0 0 0 0 1.4000000000000001 0 0 0 0.8 0 0 0 0 0 0 0 2.4000000000000004 0 0 0 0 0 0 0 0 0 0 0 0 2 0 0.2 0 2 4.4 1.6 2.2 8.200000000000001 0 13.4 0 1.4000000000000001 1.6 0.2 1.8 0.2 4.4 0 7.2 0.2 0 3 0 0 0 0 0 0 0 0 0 0 0 0 0 0 0 0 0 0 0.2 1.8 0 0 0 0 0 0 0 0 0.4 0 0 0 0 0 0 0 0 0 0 0 0 0 0 0.2 0 0 0 0 0 5.4 0 0 0 0 0.2 3.6 0.2 0 0.2 8 0 0 2.2 0 0 0 0 0 0 0 0 0 0 0 0 0 0 0 0 0 0 0 0 0 0 0 0 1.6 0 0 0 
 1.2000000000000002 0.4 0 0.4 15.4 0 0 0.6000000000000001 0.4 0 21.200000000000003 0 0 0 0 0.8 0 0 0 0.2 31.400000000000002 0 54.2 12.200000000000001 21.200000000000003 28 62.2 81.80000000000001 54.400000000000006 31.8 8.4 51.6 8 13.200000000000001 23.400000000000002 14 17 27.6 10 25.200000000000003 0.8 1 0 1.2000000000000002 0.6000000000000001 0.4 0 1.2000000000000002 0 0.4 0.2 0.8 1 0 0.6000000000000001 0.4 0.2 0.6000000000000001 0 0.6000000000000001 0.6000000000000001 2.6 0.6000000000000001 0.4 0.2 0 0.4 1.2000000000000002 0.6000000000000001 0 0 0.6000000000000001 0 0.4 0 1.2000000000000002 0 0.2 0 0 0 0 0 0 8.6 9.200000000000001 0 0 0 0 0 0 0 0 0 0 0 0 0 0 2.6 0.4 5.6000000000000005 6 2.6 2.2 0 8.8 1.6 3.4000000000000004 2.8000000000000003 3.8000000000000003 2.6 7.4 3.4000000000000004 2 3.4000000000000004 2.8000000000000003 3.6 2.4000000000000004 0 0 0 0 0 0 0.4 2.2 0 0 0 0 0 0 1.2000000000000002 0 3.8000000000000003 3.4000000000000004 5.2 0 0 0 0 0 0 4.6000000000000005 0 0 0 0 0 1.4000000000000001 0 1.6 0 0 0 0 0 0 0.4 0 0 0 0 3.6 0 0 0 0 0 0 0.4 0 0.2 0 0 0 0 0 2.4000000000000004 4.800000000000001 3.6 0.2 0 9.8 8.200000000000001 9.4 3.8000000000000003 0.6000000000000001 2.4000000000000004 0 3.6 6.800000000000001 0 2 5.800000000000001 0 4 21 0 0 0 0 0 1 0 0 0 0 0 0 4.2 0 0.4 0 0 0 0 0.2 0 0 0 0 0 0 0 0 0 0.2 0 0 0 0.8 0 0 0 0 0 0 0 0 3.8000000000000003 0 0 0 0 0 0 0 0 0 0 0 3 0 0.4 0 0 0 1.8 0.2 0 0 0 0 1.4000000000000001 0 0 0 0 0.4 0 0 0 0 0 0 0 0 0 3.8000000000000003 0 0 0.4 0 0 0 0 0 
 0 0 0 0.2 0 0.2 0.4 0 0 0 0 0 0.2 0 0 0 0 0 0 0 15.4 54.2 0 11.8 28.200000000000003 6.4 33.4 35.4 17 48 8.6 70.60000000000001 15.8 12.8 7.800000000000001 47.400000000000006 82.80000000000001 49 4 28.400000000000002 0 0.6000000000000001 0 0 0 0 18.2 0.4 0 0 0 0 0.2 0 0 0 0 0.6000000000000001 4.2 14 0 1.8 0 0 0 0 0 0 1 0 0 0.6000000000000001 0 0.4 0 0 0 0 0 0 0 0 0 0 2.4000000000000004 2.8000000000000003 0 0 0 0 0 0 0 0 0 2.8000000000000003 0 0 0 0 0 2.4000000000000004 6.6000000000000005 0 1 6.6000000000000005 0 5 3.4000000000000004 7.6000000000000005 1.8 0 0.2 0.4 0 0.4 6 2 0 2.6 1.6 0.2 0 0 0 0 0 0 0.6000000000000001 0 0 0 1.2000000000000002 2.2 4.4 0 0 0 0 3.6 0 0 0 0 0 0 0 0 0 0 0 1 0 0.8 0 0.4 0 0 0 0 0 0 0 0 0.8 3.4000000000000004 0 0 1.6 0 1.2000000000000002 0 0 0 1 0 0 0 0 0 2.2 1.8 2.2 7 0.2 8.8 3 2 2.8000000000000003 4 4.800000000000001 3.2 2.2 0 0 7.6000000000000005 5.6000000000000005 2 0 3 0 0.8 0 0 0 0 0 0 0 0 0 0 2.4000000000000004 0.8 7 0 0.4 0 4.6000000000000005 0.6000000000000001 0 0 0 0 0 0 0.4 0 0 0 0 0 0 0 0 0 0 2.6 13.4 0 0 0 0 0 0 0 0 0 0 0 0 0 0 0 0 0 0 16 0.2 0 0 0 0 0 0 0 1 0 0 0 0 0 0 0 0 0 0 0 0 4.2 0 0 0 0 0 0 0 0 0 0 
 0.6000000000000001 0.6000000000000001 0.6000000000000001 0.6000000000000001 0.6000000000000001 0.6000000000000001 0.6000000000000001 0.6000000000000001 0.6000000000000001 1.2000000000000002 2 0.6000000000000001 0.6000000000000001 0.6000000000000001 0.6000000000000001 1 8 0.6000000000000001 0.8 0.6000000000000001 11.600000000000001 12.200000000000001 11.8 0 32.4 46.800000000000004 30.200000000000003 72 30.400000000000002 30.6 35.6 31.6 19.200000000000003 52.800000000000004 24.8 67.2 50.800000000000004 70.4 9.8 53.800000000000004 22.200000000000003 0.6000000000000001 0 0 0.2 0 12.600000000000001 0 0 0 0 1.4000000000000001 0.2 0 0 0 0 6.4 0.8 0 0.2 1 0 0 0.4 0 1.2000000000000002 0 0 0 11 0.6000000000000001 0 0.4 6.2 0 0 0 0 0 0 0 0 0 0.6000000000000001 0.2 0 0 0 0 0.2 0 0 0 0 0 0.4 0 0 0 2.6 1.4000000000000001 3.4000000000000004 0 3 1.8 0 0.8 0 0 0 3.2 0 0 4 0 0.2 0 0 0 0.4 4.2 0.6000000000000001 0 0 1.4000000000000001 5.2 2.4000000000000004 0 1 0 0 0 0 0 2.2 4.6000000000000005 4.4 1.4000000000000001 2.4000000000000004 0 0 0 0 0 0 0 3.4000000000000004 0 0 0 1.4000000000000001 0 0 0 0.6000000000000001 0 0 0 0 0 0 0 0 0.6000000000000001 0.8 0 0 0.4 0 0.8 1.6 0 3.4000000000000004 1.4000000000000001 0.4 0 0 0 0 5 2 0 5.800000000000001 2.2 6 2.6 0 0 1.4000000000000001 3.4000000000000004 0 0 0.4 1 2.8000000000000003 0.2 1 0.2 0 0.2 4 2.8000000000000003 2.8000000000000003 0 0.2 5 0 7.4 5.2 0 0 2.4000000000000004 2.6 4.2 0 0.6000000000000001 3.6 5.4 6.6000000000000005 0 0.4 0 0 0 0 0 0 0 0 0 0 0 0 0 0 0 0 0 0 0 0 0 0 0 0 0 0 0 0 0 0 0 0 3 0.2 0 0.2 11.8 0.2 0.4 2.6 0 0 0 0 0 0 0 0 0 0 0 0 0 0 0 0 0 0 0 0 0 0 0 0 0 0 0 0 
 0 0.4 0 0 42.2 0 0 0 0 0.6000000000000001 15.600000000000001 0.2 0 0 0 0.2 0 0.4 0.4 0 23 21.200000000000003 28.200000000000003 32.4 0 36 58.2 26.8 55.2 15.200000000000001 33.4 44.2 53.400000000000006 17.6 26.400000000000002 62.800000000000004 56.2 39.6 10.200000000000001 20 0 1 0 0.8 11.8 1 0.2 5.4 1 0.2 11.8 0 4.800000000000001 0.2 0.8 2.4000000000000004 0 6 19.8 25.6 2.8000000000000003 0.6000000000000001 0 0.4 0.6000000000000001 0.6000000000000001 0 2.2 0.2 0.8 0.6000000000000001 0.8 0 0.4 1.6 0 0.2 0.4 0.8 0 0 0 0 0 0 0 0 0 0 0 3.4000000000000004 0 0.4 0 0 0 0 0 0 0 0 2 0 2.8000000000000003 4 2.8000000000000003 0 0 2 4 1.6 8.4 0 0 0 0 5 0 0 0 4 0 0 0 0 0 6.2 4.2 3.8000000000000003 0 0 0 1.6 2.6 0 0 0 4.4 8 10 0 0 0 0.4 0 0.2 0 0 0 0 0 0.4 0 0 0 2.6 0 0 0 3.8000000000000003 0 0 0 0 0 1.6 0 0 5 0 0 0 1.4000000000000001 0 0 0 0 0 0 0 2.8000000000000003 0 6.2 7.6000000000000005 3.8000000000000003 2.2 0.4 0.2 1.6 1.4000000000000001 6.6000000000000005 8 0 0 0 9.4 0.2 3.8000000000000003 0 0 3.6 1.4000000000000001 0 0 0 0 3.8000000000000003 0 0 0.2 0 0 10.200000000000001 3.6 2.2 0 1.4000000000000001 0 4 2.2 0 0 0 0 0 0 0 0 2.8000000000000003 0 0 0 0 0 0 0 0 0.4 0 0 0 0 0 0 0 0 0 0 0 0 0 0 0 0 83.60000000000001 0.6000000000000001 0 30.400000000000002 0.6000000000000001 1 0.6000000000000001 1.8 0 0 0 0 0 0 0 0 0 0 0 0 0 0 0 0 0 0 0 3.8000000000000003 0 0 0 2.2 0 0 0 0 
 0.6000000000000001 0.6000000000000001 0.8 0.6000000000000001 42.6 0.6000000000000001 0.6000000000000001 1.4000000000000001 0.6000000000000001 0.6000000000000001 0.6000000000000001 0.8 22.200000000000003 0.8 0.6000000000000001 1 1 0.6000000000000001 0.8 0.6000000000000001 41.2 28 6.4 46.800000000000004 36 0 90.4 51 7.2 19.6 12 18.2 48 25.200000000000003 9 39.6 28.200000000000003 18 14.8 14 0.6000000000000001 0.6000000000000001 14.200000000000001 12.600000000000001 0.8 0.2 0.4 1.2000000000000002 0.8 0 1.2000000000000002 0.8 0.4 0 0 14.200000000000001 3.6 0.8 13.8 15.600000000000001 0 2.8000000000000003 6.800000000000001 0 0 0 0 2.2 1.2000000000000002 0 0 1.8 0 0.4 5.2 1.2000000000000002 0 0.4 0 0 0 0 0 0 0 0 0 0 0.2 0 0 0 0 0 0 0 0 0 0 0 0 0 4 0 0.2 5.4 0 0 2 4 0 1 0 0 0.4 0 2.6 0 0 0 3.2 3.4000000000000004 1.6 0.8 0 2.6 6.2 4.2 2 3 0 3.6 0.2 3.6 4.800000000000001 3.8000000000000003 1.4000000000000001 2.6 5.800000000000001 4 0 0 0 0 0 0 0 0.6000000000000001 0 0 0 0 0 0 0 0 0 0 0 0 0 0 0 0 1.8 0 0 0 0 0 0.8 0 0 1 0.8 0 0.4 0 0.4 0 0 0 0 0 0.6000000000000001 8 0.2 0 2.6 3.6 4 1.8 0 0 0 3 5.6000000000000005 6 0 0 6.4 2.4000000000000004 5.6000000000000005 2.6 0 0 11.200000000000001 0 4.2 2 0 0 0.2 2.4000000000000004 9.600000000000001 0 1.8 6 0.4 12.600000000000001 0 0 0 0 0 0 0 0.2 0 0 0 0 0 0 0 0 0 0 0 0 0 0 0.2 0 0 0 0 0 0 0 0 0 0 0 1.8 0.2 0.6000000000000001 1.4000000000000001 14.600000000000001 0.2 0.2 0 0 0 0 0 1.2000000000000002 0 0 2.8000000000000003 4.800000000000001 0 0 0 0 0 0 0 0 0 0 0 0 0 0 2.8000000000000003 0 0 0 0 
 1.2000000000000002 0.4 0.4 0.4 42.2 15.600000000000001 0.4 1 0.4 0.4 1 0.4 1 0.8 0.4 0.8 1 0.4 0.8 0.4 29.8 62.2 33.4 30.200000000000003 58.2 90.4 0 22 45 18 73 5.4 34.6 27.6 40.400000000000006 16.6 80.4 7 26.8 113.4 0 1 0 0 0 0 0 0 0 0 0 0 0.8 0.2 0 0 0 0.6000000000000001 0 0 0 0.6000000000000001 0 0.2 0 0 0.4 0 0 0 0 0.6000000000000001 0 0.4 0 0 0 0 0 0 0 0 0 0 2.4000000000000004 5.4 0 0 0 0 0 0 0 0 1.8 0 0 0 0 0 4.4 1.6 11 2 2.2 2 0 10.200000000000001 2.4000000000000004 3.4000000000000004 2.2 2.4000000000000004 0.2 12.200000000000001 4.6000000000000005 5.2 3 2 0.2 10 0 0 0 0 0 0 0 0 0 0 0 0 0.2 0 0 0 0 0 0 0 0 0 0 0 0 0 0 0 3 0 0 1.2000000000000002 0 2.6 0 0 2 0 0 0 0 0 0 0 0 0.2 0 0 0 1.6 0 0.4 0 0 0 0 0 0 0 0 2.6 4.6000000000000005 0 1.2000000000000002 2.4000000000000004 2.2 0.6000000000000001 0 7 2.8000000000000003 1.8 2.2 4.800000000000001 13.600000000000001 5.6000000000000005 2.8000000000000003 4.6000000000000005 2.8000000000000003 4.800000000000001 3.8000000000000003 0 0 0 0 0 0 0 0 0 0 0 0 3.8000000000000003 0 0 0 0 3.8000000000000003 0.2 0 0 0 0 0 0 0 0 0 0 0 0 0 0 0 0 0 0 2 0 0 0 0 0 0 0 0 0 0 0 0 0 0 0 0.6000000000000001 2 0 0 0 15.200000000000001 0.4 4.2 0 0 0 0 12.4 0 0 0 0.2 0 0 0 0 0 0 0 0 0 0 0 0 0 0.4 0 0 0.2 0 0 0 
 0.8 0 0 0 0 0 0 0.4 0 0 0.6000000000000001 0 0.2 0.2 0 0 0.6000000000000001 0 0 0 44.400000000000006 81.80000000000001 35.4 72 26.8 51 22 0 52.400000000000006 22.6 26.8 70.4 77 67 61.800000000000004 26.200000000000003 80.4 119.60000000000001 11.600000000000001 66.8 21.6 13 11.200000000000001 0 0 0 0 0 0 0 0 0.4 0.4 0.2 0.8 0 0 0.6000000000000001 0 0.8 0 0.6000000000000001 0 0 0 0 0 0 0 0 0 0.6000000000000001 0 2.2 0 0 0 0.2 0 0 0 0 0 0 0 2 0 0 0 0 0 2.2 0 0 0 0 0 0 0 0 3 7.800000000000001 3 13.4 0 0.2 1.6 0 0 0 0 7.2 0 3.8000000000000003 11 6.4 0.2 2.4000000000000004 1.4000000000000001 1.6 0 0 0 0 0 0 0 9.8 0 0 0 0 4 0 0 0 0 0 0.2 1.8 0 0 0 0 0 0 0 0 0 0 0 0.2 0 0 0 1.4000000000000001 0 0 0 0 0 0 0 1.8 0 2.4000000000000004 0 0 0 0.2 1.2000000000000002 0.8 0 0 0 0 0 0 0 0 0 0 9.8 3.4000000000000004 0 0 5.6000000000000005 2.4000000000000004 0 2.2 2.4000000000000004 5.4 0 0 0 5.6000000000000005 0 0 4.2 0 0 0 0 0 0 0 0 0 0 0 0.4 0 0 0 0 0 0 2.8000000000000003 4.800000000000001 0 0 1 0 0 0 0 0 1.8 0 0 0 0 0 0 0 0 0 2.8000000000000003 0 0 0 0 2.8000000000000003 0 0 0 0.2 0 0 0 0 0 0 0 0.8 0 0.8 18.6 0.2 0.2 0.4 1.8 0 0 0 0 0 0 0 0 0 0 0 0 0 0 0 0 0 3.6 0 2.6 0 0 0 0 0 0 0 0 
 0 0.4 0 1 0.2 0 0 0.4 0 0 0.2 0 0 0 0.4 0.2 0.2 0 0 0 52 54.400000000000006 17 30.400000000000002 55.2 7.2 45 52.400000000000006 0 45 37.4 8.8 54.800000000000004 17.8 12.200000000000001 16.2 71.4 22.6 9.200000000000001 76 0 0.6000000000000001 0 0 0 0 12.600000000000001 0 0 0 0 0 0.2 0 0.6000000000000001 0 0 0.6000000000000001 4.6000000000000005 11 0 1.6 0 0 0 0 0.8 0 0 0 0 0.6000000000000001 0 0.4 0 0 0 0 0 0 0 0 0 0 2.2 0 0 0 0 0 0 0.2 0.6000000000000001 0 0 0 0 0 0 0 0.2 1.2000000000000002 5.2 0.2 6 8.200000000000001 0 1.8 4.4 2.6 1.8 1.4000000000000001 0 1.2000000000000002 0 3.6 6.6000000000000005 3.8000000000000003 3.4000000000000004 2.2 0.2 1 0 0 0 0 0 2 0 0 0 0 4.4 0 0 0 0 0 2.4000000000000004 8.200000000000001 0 0 0 0 0 0 0 0 0 0 0 0.4 0 0.6000000000000001 0 0 0.2 0 0 0 0.4 0 0 0 2.2 2.2 0 0 3.6 0 1.8 0 0 0 1.2000000000000002 0 0 0 0 0 0 0.4 6.4 5.4 0 8.6 0 0 0.2 0.2 10.200000000000001 2.4000000000000004 0.2 2.6 4 2 1.8 3.8000000000000003 0 1.2000000000000002 0 1 0 0 0 0 0 0 0 0.2 0 0 18.8 3.2 3 0 1.8 0.2 7.6000000000000005 3.6 0 0 0 0 0 0 0 0 0 0.2 0 0 0 0 0 0 2 0 0 0 0 0 3.4000000000000004 0 0 0 0 0 0 0 0 0 0 0 1.4000000000000001 0.4 0.2 15.200000000000001 0.2 0.2 0.2 0 0 0 0 0 0 0 0 0 0 0 0 0 0 0 0 0 0 4.4 0 1.2000000000000002 0 0 0.4 0 0 0 0 0 
 0 0.4 0 0 0 0 0 0.4 0.4 0.4 0 0 0 0 0 0.4 0 0 0 0 7.800000000000001 31.8 48 30.6 15.200000000000001 19.6 18 22.6 45 0 16.8 31.8 16.400000000000002 64.2 17.400000000000002 79 38.800000000000004 36 58 74.8 0 0.8 0 0 0 0 6 0 0 0 0.2 0 12.8 0 0 0 0 0.6000000000000001 12.600000000000001 13 0 1.8 0 0 0 0 0.8 0 1 0.6000000000000001 0 0.6000000000000001 0.4 1 0 0 0.2 0 0.6000000000000001 0.2 0 0 0 0 2.4000000000000004 3.2 0 0 0 0 0 0 0 0 0.2 0 0 0 0 0 0 0 4.2 0.2 1.6 2.4000000000000004 0 5 6.6000000000000005 2.8000000000000003 0 0 0 6.4 0.4 2.8000000000000003 11.200000000000001 2.6 0 5 3.8000000000000003 2.2 1.4000000000000001 0 0 0 0 0 0.6000000000000001 0 0 0 1.8 5.2 4.4 0 0 0 1.4000000000000001 3.2 0 0 0 0 0 0 0 0 0 0 0 0.6000000000000001 0 5 0 0 0 0 0 0 0 0 0 0 1 1 0 0 0.2 0 2.6 0 0 0 1.6 0 0.4 0 0 0 0 2.2 2.8000000000000003 3.6 0 7.6000000000000005 0.2 0.2 2.4000000000000004 0.2 3.4000000000000004 5.4 2.6 0 0 9 4 4 0 2.8000000000000003 0 5.4 0 0 0 0 0 0 0 0 0 0 2.8000000000000003 1.4000000000000001 4.6000000000000005 0 0.4 3.2 3.8000000000000003 2.6 0 0 0 0 0 0 0 0.2 0 0 0 0 0 0 0 0 0 0 0 0 0 0 0.2 0 0 0 0 0 0 0 0 0 0 0 2.8000000000000003 0 0 16.8 14.600000000000001 0.4 0.4 0.2 0 0 0 0 1 0 0 0 0 0 0 0 0 0 0 0 0 2.4000000000000004 0 0 0 0 0 0 0 0 0 0 
 0.2 0.4 0 0 0 0 0 0.4 0 0.6000000000000001 31 0 0 0 0 0.2 0.4 0 0.6000000000000001 0 30.8 8.4 8.6 35.6 33.4 12 73 26.8 37.4 16.8 0 26.200000000000003 9.4 24 41.6 53.6 49.6 41.800000000000004 20.6 12.4 0 0.6000000000000001 0 0 0 0 0 0 12.200000000000001 0 0 0 0.4 0 0 0 0 0.6000000000000001 0 0.2 0 1.6 0 0 0 0 1 0.6000000000000001 0 0 0 0.8 0 0.4 0 0 0 0.2 0 0 0 0 0 0 0 0 0 0 0 0 0 0.4 0 0 0 0 0 0 0 0 0 3.6 4.800000000000001 4.6000000000000005 2.2 2.6 0 4.800000000000001 6 0 3.4000000000000004 6.2 0 0 3.6 1 5 2.6 0 0 0.4 0 0 0 0 0 0 0 0 0 0 0 2.4000000000000004 0 0 0 0 0 0 0 0 0 0 0 0.2 0 0 0 0 0.4 0 1.4000000000000001 0 0 0.2 2 0 0 0 0 0 0 0 0 0 0 0 0 0 1.2000000000000002 0 0 0 0 0 0 0 0 0 0 4.6000000000000005 1.4000000000000001 0 4.4 4.4 0 3.6 2.2 2 2 0 5.2 0 4.4 10 5.2 3.2 3.6 0 2.4000000000000004 0 0 0 0 0 0 0 0 0 0 0 0 3.6 0 0 0 0 0 2.6 0 0 0 0 0 0 0 0 0 0 0 0 0 3.8000000000000003 0.2 0 0 0 2 0.4 0 0 0 0 0 0 0 0 0 0 0 0 1.2000000000000002 0 0 1 0 0 0 16.2 0 0.6000000000000001 0 0 0 0 0 0 0 0 0 0 0 0 0 0 0 0.4 0 0 0.2 0 0.2 0 0.2 0 0 0 0 0 0 
