 0 39.400000000000006 20.6 37.4 16.8 8.4 57.2 11.8 53.2 9.4 4.4 16.6 74.2 31.200000000000003 70.2 32 32.800000000000004 64.2 59.400000000000006 40.800000000000004 0.6000000000000001 0 0 0 0.4 0 0.4 0.2 0 0.6000000000000001 0 0.4 0 0.4 0.4 0 0.6000000000000001 0.2 0.4 0 1.2000000000000002 0 0 0 0.6000000000000001 0.6000000000000001 1 0 0 0 0 0 0 0 0.4 0.6000000000000001 0.4 0.6000000000000001 0 1.2000000000000002 0.6000000000000001 0 0 0.4 0 0 0 0 0.2 10 0 0 0.4 0 0 0.6000000000000001 0 7.2 0 0 3.4000000000000004 4 2.2 5.2 4.800000000000001 2.4000000000000004 4 0.2 3.6 10.4 3.4000000000000004 0 7 0 5.2 3.8000000000000003 6.6000000000000005 0.2 3.4000000000000004 0 0 0 0 0 0 0 0 0 0 0 0 0 1.8 0 0 0 0 0 2.8000000000000003 2.8000000000000003 1.6 0 0 0 0 0 0 0 0 0 0 0 0 0 0 0 0 0 0 0 0 1 0 0 0 0 0 0 0 0 0 0.6000000000000001 0 0 0 0 0 0 0 0 5.4 3.8000000000000003 9 0 1.6 1.8 4.800000000000001 0 1 4.800000000000001 0 8 3.4000000000000004 2 0 0.2 0 1 0 3 0 0 0 0 0 0 0 0.2 0 0 0 0 0.2 0 0 0 0 0 4.800000000000001 0 0 0 0 0 0 0 0 0 0 2 0 0 0 0 0 2.8000000000000003 0 0 0 0 0 0 0 0 0 0 3 0 0 0 0 0 0 0 0 0 0 0 0 0 0 0.4 0 0 0 0 10.8 0 0.6000000000000001 9.8 1.8 1.8 0 0 0 0 0 0 0 0 0 0 0 0 0 0 0 0 0 0 0 0 0 0 0 2 2 0 0 0 0 0 0 0 0 0 0 0 0 0 
 39.400000000000006 0 24.8 19 54.6 27 16 40.400000000000006 71.2 54.6 70 35 50 17 71.8 30 44.6 47 48.800000000000004 17.8 0 0 0 0.4 7.4 0.4 0.2 0 0 1.2000000000000002 0 1 0.4 0.4 0.4 0 0.6000000000000001 0.2 0.4 15.600000000000001 0.4 0 0 0 1.2000000000000002 0 0.6000000000000001 0.4 0.6000000000000001 0.6000000000000001 0 0 0 0 1 0.6000000000000001 0 0.6000000000000001 0.6000000000000001 1 0.6000000000000001 0 0 0 0 0.2 0 0 0 0 0.2 0 1.8 0 0 7.800000000000001 0.6000000000000001 0.6000000000000001 0.4 0 2 0.2 5.800000000000001 4.6000000000000005 0 4.800000000000001 6.6000000000000005 4.800000000000001 9.200000000000001 11.8 6.2 0 0 0 2.4000000000000004 3 0 4.2 3.4000000000000004 0 2.8000000000000003 0 0 0 0 0 2.2 0 0 0 0 0 0 6.2 0.2 0 0 0 0 2.6 0 0 0 0 0 0 0 0 0 0 0 0.4 0 0 0 0 0 0 0.4 0 0 2.8000000000000003 0 0 0 0 1.2000000000000002 0 0 0 0 0.2 0 0 0 0 0 0 0.8 0.2 0.2 2.8000000000000003 7.2 0 0.8 0.6000000000000001 4.2 3.4000000000000004 3.2 5.6000000000000005 6.6000000000000005 7.800000000000001 1 0 2.8000000000000003 7.2 9.200000000000001 2.8000000000000003 4.6000000000000005 6.2 0.2 0 0 0 0 0 2.2 0 0 0 0 0 2.2 0 0 0 0 0 1.6 4 0 0 0 0 0 0 0 0 0 0 0 0 0.2 0 0 0 0 0 0 0 0 0 0 0 0 0 2 0 0 0 0 0 0 0 0 0 0 0 0 0 0 0 0 0 0 0.4 19.8 0 17.6 27.6 0.8 2.4000000000000004 0.4 0 0 0 0 0 0 0 0 0 1.2000000000000002 0 0 0 0 0 0 0 0 0 0 0 0 0.4 0 0 0 0 0 0 0 0 0 0.4 0 0 0 0 
 20.6 24.8 0 130.4 65.60000000000001 66.8 11.8 25.8 105.60000000000001 10.600000000000001 33 8 14.4 16.6 11.8 30.200000000000003 19.6 51.2 55.2 28 0.8 0 0 43 0.6000000000000001 0 0 1 0 1.2000000000000002 0 0.2 0.6000000000000001 0.6000000000000001 1.2000000000000002 1.2000000000000002 1 0.4 1.6 0 0.4 0.4 0.8 0.4 1.8 0 1.6 1.8 0 12.600000000000001 0 0.6000000000000001 0 1 1.4000000000000001 1 1.4000000000000001 0.8 2 0.6000000000000001 0 0 0 0 0.6000000000000001 0 0.8 0.4 0 0 0.2 1.2000000000000002 0.4 0 0 0.6000000000000001 1.8 0.6000000000000001 0.8 0 0 3.2 12.600000000000001 5.2 3.8000000000000003 0.2 7.2 2.8000000000000003 0.4 4 0 11.600000000000001 0 0 3.2 4 2 0.4 0.4 0.4 0 0 0.2 0 0 0 2.4000000000000004 0 0 0 0 0.4 0 0 0 0 0.4 0 2 0.2 0 0 0 0 0 0 0 0 0 0 0 0 0 0 0 0 0 0 0.2 0 0.2 0 0 0 0 0 0 0 0 0 0 0 0 0 0 0 0 0 0 2.2 0 0 2 5.6000000000000005 0.2 0.2 0 5 4.6000000000000005 2.6 4.800000000000001 0.4 3.8000000000000003 5.2 0 2.4000000000000004 6.2 1.8 3.6 0 5.6000000000000005 0 0 0 0 0 0 0 0 0 0 0 1.4000000000000001 2 0 0 0 0.2 0.2 0 0 0 0 0 0 1.2000000000000002 0 0 0 0 0 0 0 0 0 0.2 0 0 0.2 0 0.2 0 0 0 0 0 0 0 0 0 0 0 0 0.4 0 0 0.2 0 0 0 0 0 0 0 0 0.4 19.200000000000003 0 0.4 0.4 0 2 2 0 0 0 0 0 0 0 0 0 0 0 0 0 0 0 0 0.2 0 0 0 0 0 0 0 1.2000000000000002 0 0 0 0 0 0 2.2 0 0 0 0 0.2 
 37.4 19 130.4 0 94.4 5.800000000000001 19.200000000000003 61.800000000000004 58.6 29.6 28 39.400000000000006 32.4 42.400000000000006 36.4 57 8.200000000000001 28.200000000000003 58 15.8 1.4000000000000001 0 0 0 0 0 15.200000000000001 0 0 0.4 1 1.4000000000000001 0.8 1 0.4 0.6000000000000001 11.8 0.4 7.4 0 0.6000000000000001 0 12.4 0.8 1.6 0 1.6 0 0.4 0 0 0 0 0 0.6000000000000001 1.4000000000000001 0 0 0 0.6000000000000001 0 0 1.2000000000000002 0 0 7.4 0 0 0 0 0 0 0.4 0 0 0.6000000000000001 6.6000000000000005 0.6000000000000001 0 0 1.2000000000000002 0.2 2 10.600000000000001 2.2 0 0 2.6 3.6 5.800000000000001 7.4 2.8000000000000003 2 0 10.200000000000001 2 2.8000000000000003 1.4000000000000001 0 0 0 4 0 0 0 0 0.2 5 0 0 0 0 1.8 2.6 3 0 0 0 8.8 2.6 0 0 0 0 2.8000000000000003 0 0 0 0 0 0 0 0 0 0 0 0 0 0 0.4 0 1.6 0 0.2 0 0 0 0 0 0 0 7.2 0 0 0.4 0 0 0 0 0 2.6 2.6 0 0.8 0.2 5.800000000000001 0.4 4 0 2.8000000000000003 4.6000000000000005 13.4 0 0.2 0 0 4 6 0 0.4 2.6 0 0.2 0 0 0 2.8000000000000003 0 0 0 0 0 1.8 0 3.6 0 0 0 4 2.8000000000000003 0 0 0 0 0 0 0 0 2.8000000000000003 0 0 0 0.6000000000000001 0 0 3.4000000000000004 0 0 0 0 0 0 0 0 0 0 0 0 0 0 0 0 0 0 0 0 0 0 0 0 0 0 0 0 0 0 41 0.2 0.2 0.4 2.2 3.6 0.2 0 0.4 0 0 0 0 0 0 0 0 0 0 0 0 0 0 0 0 0 0 0 0 2.2 0 0 0 0 0 0 0 0 0 0 0 0 0 0 
 16.8 54.6 65.60000000000001 94.4 0 49.2 45.2 17.8 31 37 18.2 9 21.6 116.4 35 65 30.400000000000002 21.400000000000002 53 37 11.200000000000001 14.600000000000001 0.2 0 0 1.4000000000000001 15 16.8 22 0.8 0.4 0 0.4 0.4 0.8 0 15.600000000000001 0.4 1.2000000000000002 0 0.6000000000000001 0.6000000000000001 0.6000000000000001 0 0.4 0 0.6000000000000001 0.6000000000000001 0.4 0.6000000000000001 0 0.6000000000000001 0.4 0 0 0.2 0 2.6 0.4 0.6000000000000001 0 0 0.2 0 0 0 0 0.6000000000000001 0.6000000000000001 0 0 0 0.4 0.4 0 1.2000000000000002 1 0.6000000000000001 0 0 0 2 0.2 0.4 2.2 7.4 0 1.6 4.4 5.4 5.800000000000001 3.2 0 0.2 7.6000000000000005 0.2 1.8 0 0 0 0 0.2 0.2 0 0 0 1.2000000000000002 4.6000000000000005 3 0 0 0 0 0.4 0 0 2.8000000000000003 0 5.6000000000000005 6.6000000000000005 0 0 0 0 0 0 0 0 0 0 0 0.8 1.6 0 0 0 0 0 0 0 0 11 0 0 0 0 0 0 2.4000000000000004 2.6 0 1 0 0 0 0 0 0 0.2 0 3.6 3 0 3.4000000000000004 6 11.200000000000001 0 3.2 0 2.8000000000000003 0.2 7.800000000000001 0 3.4000000000000004 0 0.2 0 3 0 0 3.8000000000000003 1 3.4000000000000004 0 0 0 11.8 9.600000000000001 0.6000000000000001 0 0 0 2.6 2 0 1.4000000000000001 0.4 0 12.4 3.2 1.2000000000000002 0 0 0 0 0 0 13.8 0 0 0 0.2 0 0 0 0 0 0 0 0 0.4 0 0 0 0 0 0 0 0 0 0 0 0 0 0 0 0 0 0 0 0 0.2 0 0 0 0.4 9.200000000000001 0.2 1.6 1 0.4 4.2 0.4 0 0 0 0 0 0 0 0 0 0 0 0 0 0 0 0 0.4 0 0 0 0 0 2.4000000000000004 15.4 0 0 0 0 1.6 0 0 0 0.2 0 0 0 0 
 8.4 27 66.8 5.800000000000001 49.2 0 7.6000000000000005 11 9.8 16 22.8 23.200000000000003 5.800000000000001 53 14.200000000000001 67.4 16 9.8 11.200000000000001 10.600000000000001 18 7 20.200000000000003 0.2 0 0 34.2 0 28.8 0.6000000000000001 0 0 0.2 6.2 46.400000000000006 36 0.6000000000000001 3.4000000000000004 16.8 15.200000000000001 0 0 0 0 0.6000000000000001 0 0.6000000000000001 0 0 16.6 0 0 0 0 0.4 0.6000000000000001 0 4.800000000000001 0 0.6000000000000001 0 0 0 0 0 0 0 0 0 0 0 0 0.4 0 2.4000000000000004 0.6000000000000001 0 0.6000000000000001 0 0 0 0 1 2.2 2 2.8000000000000003 0 0 2.4000000000000004 2.2 0 0 0 0 0 0 0 0 0 0.4 3 5.2 2 2.8000000000000003 0 0 5.800000000000001 8.6 2.4000000000000004 2.8000000000000003 5 0 6.6000000000000005 8.4 3.4000000000000004 2.8000000000000003 1 1 6.800000000000001 0 0 0.2 0 0 0 0 0 0 0 0 0 5.800000000000001 0 0 0 0 0 0 0 0 0.2 0 0 0 0 0 0 0 0 0 0 0 0 0 0 0 0 0 0 0 0 0 0 0 0 6.6000000000000005 0 0.8 0 0 4.4 2 0 0 0 0.2 4 0 0 0 0.4 2.4000000000000004 6.800000000000001 2.8000000000000003 0 0 5.800000000000001 2.6 0 5.800000000000001 5.800000000000001 0.2 2.4000000000000004 5.800000000000001 5.800000000000001 0 6.6000000000000005 0 7.4 5.6000000000000005 0 0 0 0 0 0 0 0 0 0 0 0 0 0 0 0 0 0 0 0 0 2.8000000000000003 0 0 0 0 0 0 0 0 0.4 0 0 0 0.4 0 0 0 0 0 0 0 0 0 0 2 0 0 0.4 0 0.4 0.4 0 0 0 0 0 0 0 0 0 0.2 0 0 0 0 0 0 0 0 0 0 0 0 0 0 0 0 0 0 0 2.8000000000000003 0 0 0 0 0 0 0 0 
 57.2 16 11.8 19.200000000000003 45.2 7.6000000000000005 0 34.6 11.200000000000001 34.800000000000004 23.200000000000003 24 50.400000000000006 78.4 28.8 35 71.8 39.800000000000004 28 11.600000000000001 0 0 0 0 0.2 0.8 0 0.4 0 0.6000000000000001 0 0.6000000000000001 0 0.2 14.8 0 0.4 17.400000000000002 0.6000000000000001 0 0 0 0 0 0 0.2 0 0 0 0 0 0.6000000000000001 0 0 0.2 0 0.2 0 0.6000000000000001 15.4 0.4 0 0 0 0 0 0 0 0 0.4 0 0 0 0.4 0 0 0 0 0 1.4000000000000001 6.4 4.2 4.4 1.8 3.6 0 1.6 9.600000000000001 4.2 2 3.8000000000000003 0 2.6 4.6000000000000005 8.4 0.2 6.800000000000001 2.4000000000000004 0 3.6 0 0 0 0.2 0 0 0 0 0 0.2 0 0 0 0 0 0 0 0 0 0 0 0 0 0 2.6 0 0 0 0 0 0 0 0 0 0 0 0 2 0 0 0 3 0 0 0 0 0 0 2.4000000000000004 0 0 1.2000000000000002 0 0 0 0 0 0 0 0 9.8 7.800000000000001 0.4 0.2 0 2.4000000000000004 0.8 0 0.4 2.4000000000000004 0 0 3.2 1.4000000000000001 1.6 0 0 2.6 2.2 1.6 0 0 0 0 0 0 0 0.4 0 0 0 0 0 0 0 0 0 0 2.2 0 0 0 0.2 0 0 0 0 0 0 0 0 0 0 0 0 0 0 0 0 0 0 0 0 0 0 0 0 0 0 0 0 0 0.4 0 0 0.2 0 0.2 0 0 0 0 0 0 0 0 18 0.8 0 0 0 2 0 0 0 0 0.2 0 0 0 0 0 0 0 0 0 3.4000000000000004 0 0 0 0 0 0 0 0 0.8 0 0 0 0 0 0 0 0 0 0 0 0 0 0 
 11.8 40.400000000000006 25.8 61.800000000000004 17.8 11 34.6 0 21.200000000000003 11.200000000000001 11.600000000000001 28.8 17.400000000000002 104.60000000000001 28.400000000000002 23.8 53.800000000000004 7.4 44.400000000000006 37.6 1.6 0 0 0.4 0.6000000000000001 0.8 0.2 0 0 0.6000000000000001 0 0.2 2.4000000000000004 0.2 0.4 0 1.6 0.2 0.6000000000000001 0 1 2.2 0 0.8 1.8 0 0.6000000000000001 1.8 0 0 0.4 1.2000000000000002 0 0.8 0.4 0.6000000000000001 1.6 0 1 1 0 0 0 0 0 0.2 0 0 0 0.6000000000000001 0.4 0.2 0.4 0 0.8 0.8 0 0.6000000000000001 0 0.2 3.2 7.6000000000000005 6.4 1.6 0.2 4.800000000000001 2.4000000000000004 1.6 2 3.2 0 0 4 18.6 4 0 5.4 0 0 5.800000000000001 0 0 0 0 0 0 0 0 0 0 0 0 0 0 0 0 0 0 0 0 0 0 0 0 2.4000000000000004 0 0 0 0 1.8 0 0 0 0 0 0 0 0 0 0 0 0 0 0 0 0 0 0 0 0 0 0 0 0 0 0 0 0 0 0 6 1.4000000000000001 0.6000000000000001 2.8000000000000003 2.2 0.2 2 2.6 0 3.8000000000000003 0 0 4.2 15 0 10.200000000000001 3.4000000000000004 0.2 6.2 7.6000000000000005 0 0 0 0 0 0 11.8 0 0 0 0 0 2 0 0 0 0 0 0 7.4 0 0 0 0 0 0 0 0 0 0 0 0 0 0 0 0 0 0 0 0 0 0 0 0 0 0 0 0 0 1.4000000000000001 0 0 0 0 0 0 0 0 0 2.6 0 0 0 0 0 0.2 0 0 0.2 18.400000000000002 0 1.8 0.6000000000000001 0 0 0 0 0 0 0 0 0 0 0 0 0 0 0 0 0 0 0 0 0 0 0 2 0 0 0 0 0 0 0 0 0 0 0 0 0 
 53.2 71.2 105.60000000000001 58.6 31 9.8 11.200000000000001 21.200000000000003 0 71.2 7.800000000000001 94.60000000000001 49.6 49 37.6 13.200000000000001 12.600000000000001 73.4 78.4 35.800000000000004 0 0 0 0 0 0 0 0.2 0 0.6000000000000001 0 0 0 0.8 0.4 0 0.6000000000000001 0.2 0.2 0 0.6000000000000001 0 0 0 0.4 0 0.6000000000000001 0 0 0 0 0 0 0 0.2 0.4 5.800000000000001 0 0 0.6000000000000001 0 5 0 0 0 0 6.6000000000000005 9.8 0 0 0 0 10.600000000000001 0 0 0.6000000000000001 0 0.6000000000000001 0 0 1.4000000000000001 0 7 2.8000000000000003 1.4000000000000001 4.4 10.200000000000001 6 3.4000000000000004 3.2 2.8000000000000003 3 4.800000000000001 0 5.4 8.200000000000001 2 1.2000000000000002 3.6 0 0 0 0 0 0 0 1.4000000000000001 0 0 0 0 0 0 0.8 0 0 0 0 0.2 2.4000000000000004 0 0 0 1.4000000000000001 0 0 0 0 0 0 0 0 0 0 0 0 0 0 0 0 0 0 0 0 0 0 0 0 0 0 0 1.4000000000000001 0 0 5.6000000000000005 0 0 0 1.2000000000000002 0 5.6000000000000005 5 8.4 3.4000000000000004 0 0 7 0 4 2.8000000000000003 0 4.4 1.8 0 0.4 9.8 2.8000000000000003 2.2 0 3.8000000000000003 0.2 0 0 0 0 0 0 0 0 0 0 0 0 0 0 0 0 0 2.8000000000000003 0 0 0 0 0.4 0 0 0 0 0 0 0 0.2 0 0 0 0.2 0 0 0 0 0 0 0 0.4 0 0 0 0 0 0 0 0 0 0 0 0 0 0 0 0 0 0.2 0 0 0 0.4 20.8 0 0 4.4 0 1.4000000000000001 0 0 0 0 0 0 0 0 0.2 0 1.2000000000000002 0 0 0 0 0 0 0 0 0.8 0 0 0 0 0 0 0 0 0 0 0 0 0 0 0 0 0 0 
 9.4 54.6 10.600000000000001 29.6 37 16 34.800000000000004 11.200000000000001 71.2 0 110.2 28.400000000000002 52.6 37.4 38 35.4 13.200000000000001 122.2 45.2 68.8 1.2000000000000002 0 0.4 0 0.8 0.6000000000000001 0 0.6000000000000001 0.2 0.6000000000000001 1 0 1.4000000000000001 0.2 0.4 0.4 1 0.6000000000000001 0.4 0.4 0.2 0.4 0.4 6.2 1 0.4 2.6 0 0 0 0 1.4000000000000001 0 0.2 0.8 0.8 0.2 0.4 0 0.6000000000000001 0 0 0 0.6000000000000001 0.8 0.8 0 0 0.6000000000000001 0 0.4 0.8 0.4 10.8 0 1.2000000000000002 0 0.6000000000000001 0 0 1.8 2.2 6.4 1.8 2 1.6 3.4000000000000004 2.4000000000000004 0.6000000000000001 6 0.2 12.600000000000001 3.2 0 0.2 5.4 2.8000000000000003 4.6000000000000005 3 0 4.4 0 0 0 0 0 2.4000000000000004 0 0 0 0.4 0 2 12.200000000000001 0 0 0 0 10.200000000000001 2.4000000000000004 0 0 0 0 0 0 0 0 0 0 0 0 0 0 0 0 0 0 0 0 0 0 0 0 0 0 0 0 0 0 0 0.4 0 0 0 0.4 0 0 2.2 0 10.4 4.2 4.800000000000001 5.6000000000000005 0 0 4.4 0.4 0 0 5.6000000000000005 7.2 1.4000000000000001 0 0 0 0.2 2.6 0.2 2.4000000000000004 0 0 4.6000000000000005 0 0 0 2.6 0 0 0 0 0 7.2 0.6000000000000001 0 0 0 0 3.2 2.6 0 0 0 0 0 0 0 0 0 0 0 0 0 0 0.2 2.8000000000000003 0 0 0 0 0 0 0 0 0 0 0 0.2 0 0 0.4 0 0 0 3.8000000000000003 0 0 0 0 0 0 0 0 0 0 0 0.2 0.4 0.4 27.200000000000003 1.6 0.8 0 0 0 0 0 0 0 0 0 0 0 0 0 0 0 0 0 0 0 0 0 0 0.4 0.2 1.4000000000000001 0 0 0 0 0 0 0 0 0 0 0 0 0 
 4.4 70 33 28 18.2 22.8 23.200000000000003 11.600000000000001 7.800000000000001 110.2 0 8 7 53.6 13.600000000000001 32.6 42.400000000000006 12 5.6000000000000005 36.6 0 0.4 0 0 0 0 0 15 0 0.6000000000000001 0 0 0 0.4 0.4 0 11.200000000000001 0.2 0 0 0 0 0 0 3.2 0 1.6 0 0 0 0 0 0 0 0.4 0.6000000000000001 0 0 0 0.6000000000000001 0 0 0 0 1.4000000000000001 0 0 0 0 0 0 0 0.4 0 0 0.6000000000000001 1.2000000000000002 0.6000000000000001 0.8 0 0.2 0 4.800000000000001 3.2 0.8 2.4000000000000004 1.4000000000000001 0 2.4000000000000004 3.6 5.4 2.8000000000000003 0 0 0.4 0 0 0 0 0 0 3 0 0.4 0 3 2 0 0 1.4000000000000001 0 0 2.6 4 4 0 0 0 3.6 3 0 0 0 0 0 0 0 0 0 0 0 0 0 0 0 0 0 0 0 2.2 0 0 0 0.4 0 0 0 0 0 0 0 0 0 0 0 0 0 0 0 0 0 2.2 2.6 0.4 0 0 0.2 2.4000000000000004 0 0.2 7.6000000000000005 0.8 0 0 0 3.4000000000000004 2.8000000000000003 0 0 0 0 0 0 0.4 0 0 0 0 0 0 0 0 3.4000000000000004 0 0 0 0 0 0 0 0 0 0 0 0 0 0 0 0 0 0 0 0 0 0 2.8000000000000003 0 0 0 0 0 0 0 0 0 0.2 0 0 0 0 0.4 0 0 0 0 0.4 0 0 0 0 0 0 0 0 0 0 17.8 0.2 9.4 0 2.2 2 0.2 1.8 0 0 0 0 0 0 0 0 0 0 0 0 0 0 0 0 0 0 0 0 0 0 0 0 0 0 0 0 0 0 0 0 0 0.2 0 0 
 16.6 35 8 39.400000000000006 9 23.200000000000003 24 28.8 94.60000000000001 28.400000000000002 8 0 28.6 8.8 25.200000000000003 26.400000000000002 18.400000000000002 89.60000000000001 4.800000000000001 50.6 15.600000000000001 6.2 15.600000000000001 0.8 0 0 0 15.4 0 0.4 0 0 0 0.4 0.4 42 0.6000000000000001 0 0.4 30 0 0 0 0 0.6000000000000001 0 0.6000000000000001 0 0 0 0 0 0 0.4 0.6000000000000001 0.6000000000000001 0 0 0 0.6000000000000001 0 7.800000000000001 0 0 0 0 0 4.2 0 0 0 0 0.4 0 0 0.6000000000000001 0 0.4 0 0 4.2 0 0 1.6 6 5.800000000000001 0 7.2 7.4 2.4000000000000004 7.2 0.2 3 0 3.4000000000000004 2.6 3 2 0 0 0 6.6000000000000005 2 0 0 0 0 3 0 0.2 3.8000000000000003 0 3.6 4.2 3.6 0 0 0 5 5.2 0.2 0 0 0 0.2 0 0 0 0 0 0 0 0 0.4 0 0 0 0 0 0 0 0.4 0 0 0 0 0 0 0 0 0 0.8 0 0 0 0 0 0 0 0 2.4000000000000004 4 2.8000000000000003 0 1.6 6 5.6000000000000005 0 3.4000000000000004 2.6 2.8000000000000003 4.800000000000001 0 0 5.4 4.800000000000001 0 2.8000000000000003 0 0 0.4 0 0 0 0 0 9 0 3.4000000000000004 0 0 0 6.2 0 0 0 0 0 8.8 4 0 0 0 0 0 0 0.2 0 0 0 0 0 0 0 0 3 0 0 0 0 0 0 0 0 0 0 0 0 0 0 0 0 0.2 0 0 0 0 0 0.2 0 0 0 0 0 0 0.4 9.200000000000001 0.2 0.4 3.4000000000000004 2.4000000000000004 2.2 0 0 0 0 0 0 0 0 0 0 1.6 0 0 0 0.2 0 0 0 0 0 0 0 0 1.8 0 0 0 0 0 0 0 0 0 0 0 0 0 0 
 74.2 50 14.4 32.4 21.6 5.800000000000001 50.400000000000006 17.400000000000002 49.6 52.6 7 28.6 0 15 8.4 26 24.6 59 20 11 1 1 0 1 0 0.8 0 1.2000000000000002 0 0.6000000000000001 0 1 0.6000000000000001 0.8 0.4 0 0.6000000000000001 0.2 0.4 1 1 0 0 0.4 0.6000000000000001 0 0.6000000000000001 0 0 0 0 0.2 0 0 0.4 0.6000000000000001 0 0.4 0 0.6000000000000001 0.2 0 0 0 0 0 0.2 1.2000000000000002 0.8 0 0 0.4 0.4 0.2 0 0.6000000000000001 0.4 0.6000000000000001 0.2 3 1.6 6 0 1.6 2.6 0 0.4 9.8 0 5 5.800000000000001 0 2.4000000000000004 0 2 0 1.4000000000000001 2 3 1.6 0 0 0 0 0 0 0 0 0 0 0 0 0 0.2 0 0 0 0 0 0 0 0 0.4 0 0 0 0 0 0 0 0 2.4000000000000004 0 0 0 0 0 0 0 0 0 0.8 0 0 0 0 0 0 0 0 0 0 0 0 0 0 0 0 0 0 5.6000000000000005 0 0 1.4000000000000001 1.8 1.6 3.6 9.4 4.800000000000001 2 1.2000000000000002 3 1.8 0.4 15.4 0 0 5.2 2.8000000000000003 0 0 0 0 0 0 0 0 0 0 0 0 0 0.8 0 0 0 0 0 1.6 0.6000000000000001 0 0 0 0 0 0 0.2 0 0 0 0 0 0 0 0 0 0 0 0 0 0 0 0 0 0.4 0 0 0 0 0 0 0 0 0 0 0 0 0 0.2 0.4 0 4 0 0 0 0 0.2 0.2 0.4 0 0.4 2.4000000000000004 0 0.4 0 0 0 0 0 0 0 0 1.4000000000000001 0 0 0 0 0 0 0 0 0 0 0 0 2 0 0 0 0 0 0 0 0 0 0 0 0 0 0 
 31.200000000000003 17 16.6 42.400000000000006 116.4 53 78.4 104.60000000000001 49 37.4 53.6 8.8 15 0 106.4 41.2 51.800000000000004 33.2 97.2 45.800000000000004 0.2 0 0 0.4 1 0.8 0 13.200000000000001 0 0.6000000000000001 0 0 0 0.2 0.4 0 0.6000000000000001 0.6000000000000001 1.4000000000000001 0.4 0 0.6000000000000001 0 0 0.6000000000000001 0 0.6000000000000001 0 0 0 0.6000000000000001 0 0 0 0.4 0.6000000000000001 8.200000000000001 0 0.4 1 2.2 0 0 0.6000000000000001 0.4 0 0 0 0 0 0.6000000000000001 0 0.4 0.6000000000000001 0 0.6000000000000001 0.4 0.6000000000000001 8.200000000000001 0.8 0 15.200000000000001 3.4000000000000004 0 2.6 1.8 0 1.6 2.8000000000000003 4.6000000000000005 6.800000000000001 0 2.8000000000000003 2.8000000000000003 3 4.800000000000001 4.4 1 0 4 0 0 0 0 0 0 0 0 0 0 0 0 0 0 0 0 0 0 0 2 0 0 0 0 0 0 0 0 0 0.4 0 0 0 0 0 0 0 0 0 0 0 0.8 0 0 0 0 0 0 0 0 0 1.4000000000000001 0 0 0 0 0 0 0 0.2 6.4 12.600000000000001 6 0 0.2 1.4000000000000001 0 0 3 3.6 0 2.6 4.2 1.8 2.6 0 0 0 3.2 1.6 0 0 0 0 0 0 0 0 0 0 0.2 0 0 0 0 0 0 0 1.2000000000000002 0 0 0 0 0 0 0 0 0 0 0 0 0 0 0 0 0 0 0 0 0 0 0 0.4 0 0 0 0 0 0 0 0 0 0 0 0 0 0 0 0 0 0 0 0 0 0.2 0.4 11.600000000000001 0.4 0.8 0.2 0.4 3 0 0 0 0 0 0 0 0 0 0 0 0 0 0 0 0 0 0 0 0 0 0 0 5 1.8 0 0 0 0 0 0 0 0 0 0 3.8000000000000003 0 0 
 70.2 71.8 11.8 36.4 35 14.200000000000001 28.8 28.400000000000002 37.6 38 13.600000000000001 25.200000000000003 8.4 106.4 0 16.8 9 41.400000000000006 85 63.6 0.2 0 0 0.2 0 0.6000000000000001 0.2 15.600000000000001 0 1 0 1.2000000000000002 0 0.4 0.8 0 2 0.2 0.2 0 0 0 0 0 0.6000000000000001 0 0.6000000000000001 0 0 0 0.2 0 1.2000000000000002 0.6000000000000001 0.4 0.6000000000000001 0.6000000000000001 0 0 1.4000000000000001 1.2000000000000002 0 0 0.4 0 0 0 0 0.4 1 0 0 0.4 1.2000000000000002 0 11.200000000000001 0 0.6000000000000001 0 0 2.2 2.4000000000000004 0.2 0 0.4 0 2.6 3.2 0.2 1.4000000000000001 3.2 0 11.4 3.8000000000000003 0 12 1.8 0.6000000000000001 3 2.8000000000000003 0.2 0 0 0 0 0 2 0 0 0 0 0 2.4000000000000004 5.6000000000000005 0 0 0 0 3.6 0.6000000000000001 0 0 0 0 0 0 0 0 0 0 0.4 0 0 0 0 0 0 0 0 0 0 0.4 0 0 0 2.6 0 0 0 0 0 1.6 0 0 0 0.2 0 0 1.6 0 3 10.8 10.4 0 0.2 0 2.6 2.6 2.8000000000000003 0.4 4.2 3.2 1.4000000000000001 2.2 0 4.2 4.800000000000001 0 4.4 2.4000000000000004 0 0 0 0 0 0 0 0 0 0 0 0.4 0 0 0 0 3.4000000000000004 0 0 0.4 0.4 0 0 0 0 0 0 0 0 0 0 0 0 0 0 2.8000000000000003 0 0 0 0 0 0 0 0 0 0 0 0.4 0 0 0.2 0 0 0 0.2 0 0 0 0 0 0 0 0 0 0 0.4 19.200000000000003 0 9.4 2.4000000000000004 4.4 0.8 0 0 0 0 0 0 0 0 0 0 0 0 0 0 0 0 0 0 0 0 0 0 0 1.2000000000000002 0 0 0 0 0 0 0 0 0 0 0 0 0 0 
 32 30 30.200000000000003 57 65 67.4 35 23.8 13.200000000000001 35.4 32.6 26.400000000000002 26 41.2 16.8 0 26.6 23.400000000000002 12.4 32.4 0.4 0 0 41 0 0 0 0.2 0 0.6000000000000001 0 0 0 0.4 0.6000000000000001 0 0.8 0.6000000000000001 0.4 0 0.4 12.4 0 0 0.8 0 1.2000000000000002 0 0 0 0 0.4 0 9.8 0.2 0.4 0.8 0.4 0 0.6000000000000001 0 0.2 0 0 0 0 0 0 0 0 0 0 0.4 0 0 0.6000000000000001 0 0.6000000000000001 0 0 0 1.8 0 4.2 2.2 1.8 0 3.2 8.8 6 2.2 2.8000000000000003 0.4 2 8.200000000000001 0 6.4 0 0 0 0 0 0 0.4 0 0 7 0 0.2 0 0 0 0 4 0 0 0.2 0 0 0 0 0 0 0 0 0 0 0 0 0 0 3.2 0 3.6 0 0 0 0 0 0 0 4.800000000000001 0 0 0 0 0 0 0 0 0 1 0 0 0 0 0 0 0 0 3.2 0 0 5.2 2 8.8 0 5 0.6000000000000001 0 6.800000000000001 4.4 0.4 2 0 2 5 12.8 0 0 0.4 0.2 0.2 0 0 0 2 0.2 0.2 0 0 0 1.8 5.800000000000001 0 0 0 0 6 2 0 0 0 0 0 0 0 0 0 0 0 0 0 0 0 0 0 0 0 0 0 0 0 0 0 0 0 0 0 0 0 0 4 0 0 0 0 0.2 0 0 0 0 0 0 0 0.2 17.8 0 0.2 0.2 0 2.8000000000000003 0 0 0.4 0 0 0 0 0 0 0 0 0 0 0 0 0 0 0 0 0 0 1 0 2.6 3.4000000000000004 0 0 0 0 0 0 0 0 0 0 0 0 0 
 32.800000000000004 44.6 19.6 8.200000000000001 30.400000000000002 16 71.8 53.800000000000004 12.600000000000001 13.200000000000001 42.400000000000006 18.400000000000002 24.6 51.800000000000004 9 26.6 0 83.4 8.200000000000001 51.2 0.4 0 0 0 0 0.2 3.6 0.4 0 0.6000000000000001 0 0 0 0.2 0.4 0 0.6000000000000001 0.4 0.4 0 6.2 0.4 0 0 0.4 0 0.6000000000000001 0 0 0 0 0 0 0 0 0.2 0.6000000000000001 0 0 0.6000000000000001 0 0 0 0 0 0 0 0 0 0 0 0.2 0.4 0 0 0.6000000000000001 11.200000000000001 0.6000000000000001 0 0 1.6 0 0.2 1.8 5.800000000000001 0 5 0 4.2 1.4000000000000001 3.6 0 0 0 3.4000000000000004 2.2 10.4 0 12.4 0 0 0 0 0 0 0 0 0 0 0 0 0 2 4 0 0 0 0 4.2 0 0 0 0 0 0 0 0 0 0 0 0 0.4 0 0 0 0 0 0 0 0 0 0 0 0 0 0 0 0 0 0 0.4 0 0 0 0 0 0 0 0 0 0 2.2 2.2 2.4000000000000004 2.4000000000000004 0.4 4.4 2.4000000000000004 5.2 3 6 0 5.6000000000000005 4.2 0.2 5.4 5.800000000000001 0 5 0.4 0 0 0 0 0 0 0.2 0 0 0 0 3.8000000000000003 0 0 0 0 0.2 0 0 0.2 0 0 0 0 0 0 0 0 0 0.2 0 0 0 0 0 2.8000000000000003 0 0 0 0 0.2 0.2 0 0 0 0 0 0 3.6 0 0 0 0 0 0 0 0 0 0 0 0 2.8000000000000003 0 0 0 0.2 0.4 0.2 9.200000000000001 0.4 2 1.4000000000000001 0 0 0 0 0 0 0 0 0 0 0 0 0 0 0 0 0 0.2 0 0 0 0 0 1.2000000000000002 0 2 0 0 0 0 0 0 0 0 0 0 0 0 
 64.2 47 51.2 28.200000000000003 21.400000000000002 9.8 39.800000000000004 7.4 73.4 122.2 12 89.60000000000001 59 33.2 41.400000000000006 23.400000000000002 83.4 0 25.6 32.800000000000004 0.8 0 0 0.8 0 0 0 0.2 0.6000000000000001 0.8 0.4 0.8 0.8 1.2000000000000002 0.4 0 0.6000000000000001 0 0.4 0 1.2000000000000002 0.4 0.6000000000000001 0.6000000000000001 0.6000000000000001 0 0.6000000000000001 0 0 0.2 0 0 0 0 0.6000000000000001 1 0.2 0 0 0.6000000000000001 0 0 1 0 0 0 0.4 0 0 0 0 0 0.4 0 0 0.6000000000000001 7.2 0.6000000000000001 0 0 3.6 1.8 3.4000000000000004 4 6.2 1.8 3.4000000000000004 2.8000000000000003 9.8 9.8 8.8 0 2.2 0 2.2 2.2 10 2 4.2 0 0 0 0 0 0 0 0 0 0 0 0 0 2 0 0 0 0 0 5 2 0 0 0 0 0 0 0 0 0 0 0 0 0 0 0 0 0 0 0 0 0 1.6 0 0 0 0 0 0 0 0 2.4000000000000004 2.2 0 0 0 0 0 0 0.2 0 3 6.4 0.6000000000000001 0 3.8000000000000003 2.2 4.4 0 1.8 4.2 0 6 5.6000000000000005 0 1.8 0.4 5.800000000000001 3 4 4.2 0 0 0 0 0 0 0 0 0 0 0 0 0.2 0 0 0 0 0 5 0 0 0 0 0 0 0 0 0 0 0 0 0 0 0 0 3.4000000000000004 0 0 0 0 0 0 0 0 0 0 0 0 0 0 0 0 3 0 0 0 0 0 0 0 0 2 0 0 0 0.2 1 0.4 0 17.2 2 0.4 0 0 0 0 0 0 0 0 0 0 2 0 0 0 0 0 0 0 0 0 0 0 0 3.8000000000000003 1.8 0 0 0 0 0 0 0 0 0 0 0 0 0 
 59.400000000000006 48.800000000000004 55.2 58 53 11.200000000000001 28 44.400000000000006 78.4 45.2 5.6000000000000005 4.800000000000001 20 97.2 85 12.4 8.200000000000001 25.6 0 59.400000000000006 0.4 0.4 0 0.4 0 0.6000000000000001 0 0.8 0 0.4 0 0.6000000000000001 14.8 0.4 0.4 0 0.6000000000000001 0 0.2 0 0 0 0 0.4 0.6000000000000001 0 0.6000000000000001 0 0 0 0 0 0 0 0.6000000000000001 0.6000000000000001 0.2 0 0 0.6000000000000001 0 0 0 0 0 0 0 0.6000000000000001 0.4 0 0.8 0 0.4 0 0 0.6000000000000001 0.6000000000000001 0.4 0 0 7.2 4.800000000000001 8.8 0 0 0 7 6.2 0.2 2 0 9.4 4.4 4 0 7.4 1.8 2.8000000000000003 3.8000000000000003 3.2 3.6 0 0 0 0 0 2.4000000000000004 0 0 0 0 0 0 2.8000000000000003 0 0 0 0 6 0 0 0 0 0 0 0 0 0 0 0 0 0 0 0 0 0 0 0 0 0 0.2 0 0 0 0 0 1.2000000000000002 0 0 0 0 0 0 0 0 0 0 0 1.6 0 5 3.6 6.800000000000001 0 2 0 6.6000000000000005 0 0 4.4 0 0 2.2 0 3.8000000000000003 0 0 0.2 2.2 12.200000000000001 0 0 0 0 0 0 0 5.2 0 0 0 0 0 0 0 0 0 0 0 0 0 0 0 0 0 2.2 0 0 0 0 0 0 0 0 0 0 0 0 0 0 0 0 0 0 0 0 0 0 0 0 0 0 0 0 0 0 0 0 0 0 0 0 0 0 0 0 0.8 0.4 0 2 0 0 0 0 0 0 0 0 0 0 0 0 0 0 0 0 0 0 0 0 0 0 0 0 0 0 0 0 0 0 0 0 0 0 3.4000000000000004 0 0 0 0 0 
 40.800000000000004 17.8 28 15.8 37 10.600000000000001 11.600000000000001 37.6 35.800000000000004 68.8 36.6 50.6 11 45.800000000000004 63.6 32.4 51.2 32.800000000000004 59.400000000000006 0 0.4 1.2000000000000002 0 0 0.4 0.4 0 0.4 0.2 2.8000000000000003 0 0 0 1.2000000000000002 0.8 0.4 0.6000000000000001 0 0.8 0 0 0 0.8 0 0.6000000000000001 0 0.6000000000000001 1.2000000000000002 0.6000000000000001 12.600000000000001 12 0.2 0 0 1.4000000000000001 0.6000000000000001 0.6000000000000001 1 0 0.6000000000000001 0 0 8.4 0 0 0 0.8 0.4 0 0 0 0 0.4 0 0 0.6000000000000001 1.8 0.6000000000000001 0 0.2 2 0.4 9 0 4.2 0 4.6000000000000005 1.6 4.4 2.6 0 0 0.2 5.6000000000000005 3.4000000000000004 2.4000000000000004 10 0 3.8000000000000003 4.800000000000001 0 1.6 0 0 0 0 0 0 0 0 0 0 0 0 0 0.4 0 3 0 0 0 0 0 0 0 0 0 0 0 0 0.4 0 0 0 0 0 0 0 0 0 0 0 0 0 0 0 0 0 0 0.2 0 0 0 0 0 0 0 0 0 0 0.6000000000000001 0 4 0 0 0 4.6000000000000005 1.6 0.2 2.2 0 0 4.4 6 0.2 3.6 6 0 8 7 0 0 0 0 0 0 0 0 0 0 0 0.2 0 0 0 0 0 0 0 0 0.4 0 0 0 0 0 0 0 0 0 0 0 0 0 0 0 0 0 0 0 0 0 0 0 0 0 0 0.4 0 0 0.2 0 0 0 0 0 0 0 0 0 0 0 0 0 0 0 0.6000000000000001 0 0 18 0.2 1.4000000000000001 0 0 0 0 0 0 0 0 0 0 0 0 0 0 0 0 0 0 0 0 0 0 0 0.2 0 2 0 0 0 0 0 0 0 0 0 0 0 0 
 0.6000000000000001 0 0.8 1.4000000000000001 11.200000000000001 18 0 1.6 0 1.2000000000000002 0 15.600000000000001 1 0.2 0.2 0.4 0.4 0.8 0.4 0.4 0 77.60000000000001 89.60000000000001 11.200000000000001 5.2 3.6 92 29.400000000000002 37.800000000000004 9.600000000000001 13.600000000000001 21.8 71.4 26.200000000000003 72.2 37.2 25 19.200000000000003 26.200000000000003 103 0 1.4000000000000001 0.2 0 0.6000000000000001 0 0 0.8 0 1.2000000000000002 0 0.4 0.6000000000000001 0 0.4 0 0 0.2 0.2 0.6000000000000001 0 0.4 0 0 0 0.4 0 0.4 0 0 0 0.4 0.6000000000000001 0 0.8 0 0 0 0 0 0 0 0.4 0 2.6 4 0 0 1.6 0 0 2.8000000000000003 0 0 0 0 0 0 0 0 0.2 4.800000000000001 8.6 2.4000000000000004 0 0.4 0 5.6000000000000005 6 6.2 1.2000000000000002 3.8000000000000003 4.4 7 9 14 0 0 0 2.6 0 0 0 0 0 0 0.4 0 0 0 0.4 0 0 0 0 0 0 0 0 0 0 0 0 0.2 0 0 0 0 0.4 0 0 0 0 0 0 0 0.8 0 0 0 0 0 1 0 2.4000000000000004 0 0 0 0 0 1.8 0 0 0 1.2000000000000002 0 0 0 0.6000000000000001 2.6 5 7.6000000000000005 0 6.4 0.2 0 4 2.6 2.2 4 0.4 0.2 4.2 2 3.4000000000000004 2.2 2.2 0 2.6 4.2 0 0 0 0 0 0 0 0 0 0 3.4000000000000004 2.8000000000000003 0 0.2 0.2 0 0 0 2.2 2.4000000000000004 0 0 0 0 0 0.4 0 0 0 0 0.2 0 0 0 0 0 0 0 0 0 0 0 0 0 0 0.2 0 0 0 0 0 0 0 0 9.600000000000001 0 0.4 0.2 0.6000000000000001 0.4 0.6000000000000001 0.2 0 0 0 0 0 0 0 0 0 0 0 0 0 0 1.2000000000000002 0 0 0 0 0 0 0 0 0 0 0 0 0 
 0 0 0 0 14.600000000000001 7 0 0 0 0 0.4 6.2 1 0 0 0 0 0 0.4 1.2000000000000002 77.60000000000001 0 103.2 30.400000000000002 5 3.4000000000000004 46.800000000000004 84.2 56.6 7.6000000000000005 39.6 71.60000000000001 12.200000000000001 10.200000000000001 29.400000000000002 26.8 26.8 102.4 8.8 45.2 0 0 0 0 0.6000000000000001 0 0 0.8 0 1.8 0 0.4 0.6000000000000001 1.6 0.4 0 0 0 0 0.4 0 0.6000000000000001 0 0 0 0.2 0 0.4 0 0 0 1 0.6000000000000001 0 0.4 0 0 0 0 0 0 0 0 0 3.6 5.4 0 0 0 0 2.2 0 0 0 0 0 0 0 0 0 0 5 7.800000000000001 4 0.4 6 0 7.6000000000000005 9 6.6000000000000005 3.8000000000000003 2.2 7.6000000000000005 3.8000000000000003 6.800000000000001 4.2 0 3 0 9.200000000000001 0 0 0 0 0 0 0 0 0 0 0 0 0.4 0 0 0.4 0 0 0 9.4 0 0 0 0 0 0 0 0 2.8000000000000003 2.4000000000000004 0 0 0 0 0 0 0 0.2 0 0 0 0 1.6 0 2.6 1.4000000000000001 0 0 0 0 2.4000000000000004 0 0 0 2.2 0 0.4 0 0 0 0 3.8000000000000003 0 3.2 0 1.8 0 2 0 4 1.6 0 3.6 3 1.4000000000000001 5.800000000000001 0 1.4000000000000001 3.2 4.6000000000000005 0 0 0 0 0 0 0 0 0 0.2 0 0 0 0 0 0.2 0 0 0.4 2.2 0 0 0 0 0 0 0 0 0 0 0 0 0 0 0 0 0 0 0 0 0 0 2 0 0 0 0 0 0 0 0 0 0 0 2.8000000000000003 0 0.4 0.2 21 0 6.6000000000000005 0 0 0 0 0 0 0 0 0 0 0 0 0 0 0 0 0 0 0 0 0 0 0 0 1.8 0 0 0 0 
 0 0 0 0 0.2 20.200000000000003 0 0 0 0.4 0 15.600000000000001 0 0 0 0 0 0 0 0 89.60000000000001 103.2 0 14 22 4.800000000000001 15.200000000000001 96.4 39.6 34.4 23.8 9.4 33.2 29.400000000000002 45.6 14.600000000000001 25 24.400000000000002 27.400000000000002 46.800000000000004 0 0 0 0 0.6000000000000001 0 0 0.4 0 0 0 0.4 0.6000000000000001 1.6 0.4 0 6.800000000000001 0 0 1.2000000000000002 0 0.4 0 0 0 0.6000000000000001 0 0.6000000000000001 0 0 0 0.6000000000000001 0.6000000000000001 0 0.8 0 0 0 0 0 0 0 0 3.6 2.8000000000000003 2 0 0 0 0.4 0 0.4 1.6 0 0 0 0 0 0 0 5.800000000000001 6.4 8.8 1.6 5.800000000000001 4.2 1 8.200000000000001 3.2 0 1.4000000000000001 2 1.8 2.8000000000000003 0.2 0 3.6 6 0.2 1.6 0 0.6000000000000001 0 0 0 0 0 2.6 0 0 0.2 0.2 3.4000000000000004 1.6 0 0 0 0 0 2.6 1.6 0 0 0 0 0 0 0 0 0 0.4 0 0 0 0 0 0 0 0 0 0 0 0 0 0.2 2.4000000000000004 0 0 0 0 0.4 0 0 0 0 0 1 0 0 0 4.6000000000000005 1.4000000000000001 3.6 0 0 1.4000000000000001 0 0 1.6 0 1.4000000000000001 7.800000000000001 0 0 3.8000000000000003 6.4 4.6000000000000005 5.2 2.4000000000000004 2.2 3.4000000000000004 0 0 0 0 0 0 0 0 0 0 3.2 1.8 1.6 2.6 0 0 0 2.2 0 0 0 0 0 0 0 0 0 0 0 0 0 0 0 0 0 0 0 0 0 0 0 2 0 0 0 0 0 0 0 0 0 0 0 2 0 0 0.2 0.2 0.4 0 0 0 0 0 0 0 0 0 0 0 0 0 0 0 0 0 0 0 0 0 0 0 0 0 1.2000000000000002 0 1.4000000000000001 0 0 
 0 0.4 43 0 0 0.2 0 0.4 0 0 0 0.8 1 0.4 0.2 41 0 0.8 0.4 0 11.200000000000001 30.400000000000002 14 0 52.2 36 12.8 30.200000000000003 9.600000000000001 67.2 14 91.60000000000001 26.6 14 17 13.600000000000001 60.2 35 14.600000000000001 13.200000000000001 0 0 0 0 0.6000000000000001 0 14.200000000000001 0.4 0 1.4000000000000001 0 0.4 27.8 0.4 0.4 0 0 0 0 0.6000000000000001 0 0.4 0 0 0 1.8 0 0.6000000000000001 0 0 0 0.6000000000000001 0.6000000000000001 0 0.4 0.4 0 0 0 0 0 0 0 0 0 0 0 0 0 0 0.2 0.4 0 0 0 0.2 0 0 0 0 0.8 2.8000000000000003 4.6000000000000005 2 0 2.4000000000000004 0 1.8 11.4 4 7.4 2.6 0.2 0 0 9.200000000000001 4.2 2.4000000000000004 0 0 0 4 0 0 0 0 6 0 2.8000000000000003 0 0 0 3 0 4.6000000000000005 0 0 0 5 0 0 0 0 0 0 0 2.6 0 0 0 0 0 2 0 0 0 0 0 0 0 0 0.4 0 0 0 0 0 0 0 0 0 0.2 0 0 0 0 0 0 0.6000000000000001 0 0.2 3 4.2 5.6000000000000005 6.6000000000000005 7.800000000000001 0 0.8 5.4 8.200000000000001 1.8 5.800000000000001 0 0 5.800000000000001 6.800000000000001 0 0 0.4 2.8000000000000003 2.8000000000000003 3.6 0.2 2.4000000000000004 0 0.2 0 2.8000000000000003 0 0 0.2 0 3 3.8000000000000003 7.6000000000000005 0 0.2 0 3.4000000000000004 3.4000000000000004 0 0 0 0 0 0 0 0 0 0 2.8000000000000003 0 0 0 0 0 0 0 1.6 0 0 0 0 0 0 0 0 0 0 0 0 0 0 0 3.2 0 0.8 1 0.2 0 0.8 0.4 0 0 0 0 0 0 0 0 0 0 0 0 0 0 0 0 0 0 0 0 0 0 0.4 0 0 0 0 0 
 0.4 7.4 0.6000000000000001 0 0 0 0.2 0.6000000000000001 0 0.8 0 0 0 1 0 0 0 0 0 0.4 5.2 5 22 52.2 0 17.6 10.200000000000001 14.4 58.800000000000004 49 21.6 43.2 71.60000000000001 12.600000000000001 30 62 28.6 27.400000000000002 13 13 0 12 13.4 0 0.6000000000000001 0 0.2 25.6 0 0.2 0 0.4 1 12.200000000000001 16.400000000000002 0 25.400000000000002 0 0.8 18.6 0 0.6000000000000001 0.4 0 0 0.4 0 0.4 0 0 0.6000000000000001 0.4 0.6000000000000001 0 0.4 0.4 0 0 0 0 0.2 0 0 0 0 0 0 0 0 0 0 0 1.2000000000000002 0 0 0 0 0 0 0 3 0 0 0.2 0.2 0.4 0.4 0 1.2000000000000002 0 0 0 0 0 0 3.8000000000000003 0.8 11.4 0 0.2 0.2 6.4 1.8 0 0 0 0 3 5.800000000000001 4.6000000000000005 5.800000000000001 0 7 5.2 1.8 0 4.4 0 6.2 0 0 0 0 0 0 0 0 0 0 0 0 0 0 8 0 0 0 0 0 0 0 0 0 0 0 0 3.4000000000000004 0 0 0 0 0 0.8 0 0 0 0 0 0.2 0 0 0 7.800000000000001 0 2.8000000000000003 2 0 2 8 3.8000000000000003 0 0 0 0 1 0.2 0 3.4000000000000004 0 0 3.4000000000000004 6.2 13.8 3.6 0 0 0.6000000000000001 5.6000000000000005 0 5 10 0 7 4 5.800000000000001 5.2 0 1.8 0 3.8000000000000003 0 0 0 0 0 0 0 0 0 0 0 0 0 0 0 0 0 0 3.4000000000000004 0 0 0 0 0 0 0 0 0 0 0 0 0 0 0 0.6000000000000001 0.4 0.2 18 0 0.4 0.4 0.4 0 0 0 0 0 0 0 0 0 0 0 0 0 0 0 0.2 0 0 0 0 0 0.2 0 0 2.8000000000000003 0 0 0 
 0 0.4 0 0 1.4000000000000001 0 0.8 0.8 0 0.6000000000000001 0 0 0.8 0.8 0.6000000000000001 0 0.2 0 0.6000000000000001 0.4 3.6 3.4000000000000004 4.800000000000001 36 17.6 0 7.6000000000000005 6.2 9.200000000000001 37.2 32.2 11 6.800000000000001 7.4 8.4 49 26.400000000000002 27 49.400000000000006 7.4 6 0 12.200000000000001 24.6 0.6000000000000001 0 17.2 12.600000000000001 12.600000000000001 0 0 0.8 19.200000000000003 0.2 12.600000000000001 0 18.400000000000002 6 17.400000000000002 0.4 0 0.4 1.2000000000000002 0 1 0.6000000000000001 0 1.2000000000000002 0 2 0 0.6000000000000001 1 0.2 1.2000000000000002 0.6000000000000001 0 0 0 0.6000000000000001 0 0 0 0 0 0 0 0 0 0 0 0 0 0 0 0.2 0 0 0.2 0 0 0 0 5 0 1.8 0 0 0 0 10.600000000000001 0 0 0 0 0 4 3.4000000000000004 0 0 0 1.6 2 1.8 3.4000000000000004 0 4.6000000000000005 2.6 2.8000000000000003 0 0 0 0 4.800000000000001 4.800000000000001 2.4000000000000004 6.6000000000000005 1.2000000000000002 1.8 6 0 0 0.8 0 0 0.6000000000000001 0.4 0 0 0 0 0 0 0 0 0 0 0 0 0 0 0 0.2 0.2 0 0 0 0 0 0 0.2 0 0 0.2 0.2 0.2 0.4 0.4 0.4 0.6000000000000001 0 0 0 1.2000000000000002 7 1.2000000000000002 0 0 2.4000000000000004 0 2.4000000000000004 1.6 0 0 2.2 0 3.6 1.4000000000000001 0 0 1.4000000000000001 3.2 0 2.2 0.4 0 3 4 0 0 0.2 3.2 5.800000000000001 5 6.800000000000001 0 1.4000000000000001 0 2 0 0 0 0 0 0 0 0 0.2 0 0 0 0 0 0 0 0 0 0 0.2 0 0 0 0 0 0 0 0 0 0 0 0 0.2 0 0 0.6000000000000001 0.2 0.2 0.2 0 1 0.2 0 0 0 0 0 0 0 0 0 0 0 0 0 0 0 0 0 0 0 0 0 0 0 0 0 0 0 0 0 
 0.4 0.2 0 15.200000000000001 15 34.2 0 0.2 0 0 0 0 0 0 0.2 0 3.6 0 0 0 92 46.800000000000004 15.200000000000001 12.8 10.200000000000001 7.6000000000000005 0 25.400000000000002 14.600000000000001 6.800000000000001 28 6.6000000000000005 51 40 55 112.60000000000001 14 65 58.400000000000006 24.200000000000003 0 0 0 0 0.8 0 0 0.4 0 0 0 0.4 0.6000000000000001 0 0.4 0 0 0 0 0.4 0 0.6000000000000001 0 0 0 2 0 0.4 0 0 0 0.4 0.6000000000000001 0 2.2 0 0 0 0 0 0 0 0.4 0 2.2 2.6 0 0 0 0 3.2 1.8 0 0 0 0 0 0.8 0 0 2.2 4.4 1 2.2 0.4 0 0.2 5.2 3 2.2 1 2.2 2.4000000000000004 2 5 2 0 0.6000000000000001 0 9.4 0 0 0 0.4 0 0 0 0 0 0 0 0.2 0 0 0 0 0 0 0 0 0 0 0 0.2 0 0 0 0 0.2 0 0 0 0 0 0 0 0 0 0 0 0 0 0 0 5.2 5 0 0 0 0 0 0 0 0 0 0 0 0 0 0 8 8.200000000000001 2.6 0.2 7.2 0 2.2 0 2.2 6.2 2.8000000000000003 0 0.6000000000000001 3.4000000000000004 2.6 2.2 5.6000000000000005 0 9.4 2.2 0.4 0 0 0 0 0 0 0 0.4 0 0 0 0 0 0 0 0 0 0 0 0 0 0 0 0 0.4 0 0 0 0 0 0.4 0 0 0 0 0 0.4 0 0 0 0 0.2 0 0 0 0 0 0.6000000000000001 0 0 0 0 0 4.6000000000000005 0 0 15 0.2 0.4 0 2.8000000000000003 0 0 0 0 0 0 0 0 0 0 0 0 0 0 0 0 0 0 0 3 0 0 0 1.8 0 0 0 0 
 0.2 0 1 0 16.8 0 0.4 0 0.2 0.6000000000000001 15 15.4 1.2000000000000002 13.200000000000001 15.600000000000001 0.2 0.4 0.2 0.8 0.4 29.400000000000002 84.2 96.4 30.200000000000003 14.4 6.2 25.400000000000002 0 20 4.6000000000000005 11.200000000000001 7.4 53.800000000000004 47 50.400000000000006 15 19.6 6.4 41 14.8 0 0 0 0 0.6000000000000001 0 0.6000000000000001 0.4 0 0 0 0.4 0.6000000000000001 0 0.4 0 0 0.2 0 0.4 0 0.4 0 0 0.4 0.4 0.4 0.6000000000000001 0 0 0 0.4 0.6000000000000001 0 0.4 0 9.8 0 0 0 0 0 0 0 4.800000000000001 3.4000000000000004 0 0 0 1.8 2.6 2.6 0 0 0 4.800000000000001 0 0 0 0 2.2 4.4 0.4 0 0 0 0.4 4 2 0.2 1.6 2.2 2.4000000000000004 0.2 1.2000000000000002 0.2 0 0.2 3 9.4 0 0 0 0 0 0 0 0 0 0 0 0 0 0 0 0 0 0 0.4 0 1.8 0 0 0 0 0 1.4000000000000001 0 0 0 0 0 0 0 0 0 0 0 0 0.4 0 0 0 0 7.2 3.8000000000000003 0 0 0 0 7.6000000000000005 0 0 0 0 0 0 0 0 0 0 3.8000000000000003 4.6000000000000005 0 2.6 0 0 3.8000000000000003 2.2 2 0 0 2 0.4 0 3.2 0.8 0.6000000000000001 8.6 0.8 0 0 0 0 0 0.4 0 0 0 0 0 0 0 0 0 0 0 0 0 0 0 0 0 0 2 0 0 0 0 0 0 0 0 0.2 0 0 0 0 0 0 0 0 0 0 0 0 0 0 0 0 0 0 3 0 2.8000000000000003 0.2 0 0 0.4 0 0 0 0 0 0 0 0 0 0 0 0 0 0 0 0 0 0 0 0 0 0 4.2 0 0 0.2 1.8 0 0 0 0 
 0 0 0 0 22 28.8 0 0 0 0.2 0 0 0 0 0 0 0 0.6000000000000001 0 0.2 37.800000000000004 56.6 39.6 9.600000000000001 58.800000000000004 9.200000000000001 14.600000000000001 20 0 27 21 24.200000000000003 30.200000000000003 16.6 58.400000000000006 17.6 18.6 20.400000000000002 33 10.600000000000001 0.6000000000000001 0.6000000000000001 0.4 0.6000000000000001 0.6000000000000001 0.4 12.600000000000001 0.4 0 1.6 0.2 0.4 0.6000000000000001 1 0.4 0.6000000000000001 0 0.2 0 13.8 0 0.4 0.4 0.4 0.4 0.4 0 0.4 0.2 1.2000000000000002 0 0.4 0.6000000000000001 0.2 0.4 0 0.6000000000000001 0 0 0 0 0 0 1.2000000000000002 0 4.800000000000001 0 0 0 0 0 0 0 2.6 0 0 0 0 0 0 2.4000000000000004 8 6.800000000000001 6.800000000000001 6.2 11.8 4.6000000000000005 7 8.200000000000001 2.8000000000000003 0 2.8000000000000003 1.4000000000000001 0 0 0 0 0 3.8000000000000003 3.4000000000000004 0 0 13 0 0 0 0 3.4000000000000004 0 0 0 0 3 0 0 0 0 0 0 0.8 0.2 0 0 0 0 0 0 0 0 0 0 0 0 6.2 0 0 0 0 0 0 0 0 0 0 5.6000000000000005 3.8000000000000003 0 0 0 0 0 0 0 0 0.6000000000000001 0 8.200000000000001 0 0 0 0.2 1.8 3.8000000000000003 3.4000000000000004 0 4.4 0 0 1.8 2.8000000000000003 0.8 1.8 2.4000000000000004 0 3.4000000000000004 13.200000000000001 2 0.4 0 1.4000000000000001 2.2 0 0 0 0 0 0 0 0 0 0 0 2.4000000000000004 1.6 0 0 0 0 10.200000000000001 0 0 0 0 0 0 0 0 0 0 0 0 0 0 0 0 0 0 0 0 0 0 0 0.2 0 0 0 0 0 0 0 0 0 0 0 0.2 0 0.2 0 0.2 0 0 0 0 0 0 0 3.4000000000000004 0 0 0 0 0 0 0 0 0 0.8 0 0 0 0 0 0 0 0 1.8 0.2 0 0 0 
 0.6000000000000001 1.2000000000000002 1.2000000000000002 0.4 0.8 0.6000000000000001 0.6000000000000001 0.6000000000000001 0.6000000000000001 0.6000000000000001 0.6000000000000001 0.4 0.6000000000000001 0.6000000000000001 1 0.6000000000000001 0.6000000000000001 0.8 0.4 2.8000000000000003 9.600000000000001 7.6000000000000005 34.4 67.2 49 37.2 6.800000000000001 4.6000000000000005 27 0 23.8 66.4 26.6 75.4 24.400000000000002 31.8 17.6 10.4 16.400000000000002 55 0.6000000000000001 0 0 0 0.6000000000000001 0 24 0.4 0 0 0.4 0.4 13.200000000000001 0.4 0.6000000000000001 0 0 0 0 1.8 0 0.4 0 0 0 1.2000000000000002 0 0.6000000000000001 0 0 0 0.6000000000000001 0.6000000000000001 0 0.4 0 0 0 0 0 0 0 0 0 0 0 8 0 0 0 0 0 0 0 0 0 0 0 0 0 2.6 0 4.2 4.4 2 4.2 0 2.6 4.2 0.2 6.2 0 0 0 0 0.2 6.4 4.4 0 0 0 1.6 0 0 0 0 7.800000000000001 2.4000000000000004 6.6000000000000005 0 0.2 2.8000000000000003 3.8000000000000003 1.4000000000000001 3.6 0 0 0 2 2.8000000000000003 0 2.2 0 0 0 0 0 0 0 0 0 0 1.4000000000000001 0 0 0 0 0 0 0 0 0.2 0 0 0 0 0 0 0 0 0 0 0 1 0 0 0 0.4 0 2.8000000000000003 0 0 3.2 0 5.2 7.4 0 1.8 5.6000000000000005 5.6000000000000005 4 13.600000000000001 0 0.8 1.4000000000000001 6 0 1 0 0 5 4.800000000000001 0 0 0 0 0 4.6000000000000005 0 0 0.6000000000000001 0 4.2 8.4 7.4 0 0 0 4.4 2 0 0 0 0 0 0 0 0 0 0 0 0 0 0 0 0 0 0 0 0 0 0 1.8 0 0 0 0 0 0 0 0 0 0 0 2.2 0 0.4 10 0 0 1 0 23.8 0 0 0 0 0 0 0 0 0 0 0 0 0 0 0 0 0 0 0 0 0 0 0 0 0 0 0 
