 0 17.400000000000002 51.400000000000006 11.8 24.6 50.2 15.8 29.8 43 9.600000000000001 10.200000000000001 9.600000000000001 36.6 10 27.8 75.2 25.6 5.800000000000001 9.200000000000001 70.8 0 0 0 0.6000000000000001 0 0.6000000000000001 0 0 0 0 1 0 0 0.6000000000000001 0 0.4 0 0.4 0.4 0.2 2.8000000000000003 0 0 0.6000000000000001 0 0.6000000000000001 0 0 0 0 0 0 0.2 0 0 0 0 0.2 7.4 0 0 0 6.4 0.2 0 0 0 0 0 0 0 0 0 0 8 0 0 0 0 0.6000000000000001 5.6000000000000005 8.4 2.8000000000000003 1 0 0 2.6 16.400000000000002 0 10 0 4.800000000000001 5.2 11 4.6000000000000005 5.800000000000001 6.4 3.2 2.8000000000000003 1.8 0 0 0 2.4000000000000004 0 0 0 0 0 0 0 0 0 0 0 0 0 0 0 0 0 0 0 0 0 0 0.2 0 0 0 0 0 0 0 0 0 0.2 0 0 0 0 0 0 0.6000000000000001 0 0.8 0 0 2.2 0 0 0 0 0 0 0 0 0 0 0 3.2 5 3.6 1.2000000000000002 3.6 0 9.600000000000001 0.2 0 8 0 0 2 6.6000000000000005 0.2 2.2 2.6 2.4000000000000004 7 7 0 0 0.4 0 0 0 0 0 0 0 0 0 0 0 0 0 0 0 0 0.4 0 0 0 0 0 0 0 0 0 0.4 0 0 0 0 0 0 0 0 0 0 0 0 0 0 0 0 0 0 0 0 0 0 0 0.2 0 0.2 0 0 0 0 0 0.2 0 0 0 0.4 0 0 0.4 0.2 0 1.6 0 0 0 0 0 0 0 0 0 0 0 0 0 0 0 0 0 0 0 0 0 0 0 0 0 0 0 0 0 0 0 0 0 0 0 0 0 0 
 17.400000000000002 0 89.80000000000001 154.4 64.2 8 14 56.800000000000004 13.600000000000001 94.80000000000001 22.200000000000003 93.80000000000001 26.200000000000003 25.200000000000003 72.4 10.4 43 46.2 52.400000000000006 9.200000000000001 0 0 0 1 0 0.6000000000000001 15.600000000000001 0 0 0 0.6000000000000001 0 0 0.6000000000000001 0.4 0.4 0 0.4 0.4 0 0 12.4 1.2000000000000002 0.6000000000000001 12.8 0.6000000000000001 0 0 0 0 0 0 0.4 0 0.4 0 0 0 0 0 0 0 0 0 0.4 0 0 0 0 0 0 0 0 0 0 0 0 0 0 0.4 2.8000000000000003 2.8000000000000003 1.8 0 1 0 1.8 0.8 1.4000000000000001 8.200000000000001 0 0 2.2 0 0.4 6.800000000000001 7.4 1.4000000000000001 0.4 2 0 0 1.8 0 0 0 1.8 0 0 0 0 0 5.2 0 0 0 0.6000000000000001 0 1.8 0 0 0 0 0.4 0 0 0 0 0 0 0 0 0 0 0 0 0 0 0 0 0 0 0 0 0 0 0 0 0 0 0 0 0 0 0 0 0 0 0 0 3 4.2 1.6 7 5 0 5.6000000000000005 5.2 5.6000000000000005 0 0 0.4 0 3.6 0 2.4000000000000004 5.4 6.2 0 0 0 0 0 0 0 0 3 0 0 0 0 0 3.6 0.4 0 0 0 0 0 0 0 0 0 0 0 0 0 0 0 0.2 0 0 0 0 0 0 0 0 0 0 0 0 0 0 0 0 0 0 0 0 0 0 0 0 0 0 0 0 0 0 0 1.2000000000000002 0 0 0 0.4 17.400000000000002 0.4 17.8 0.4 0.4 1.2000000000000002 0 0 0 0 0 0 0 0 0 0 0.2 0 0 0 0 0 0 0 0 0 0 0 0 2.4000000000000004 0 0 0 0 0 0 0 0 0 0 0 0 0 0 
 51.400000000000006 89.80000000000001 0 113.60000000000001 66.4 54.400000000000006 29.8 39 69.60000000000001 47.6 18.2 57 18 21 38.6 33.4 29.200000000000003 40.6 51.800000000000004 25.400000000000002 0 0.2 0 0.6000000000000001 0 1 0 0 0 0.2 0.6000000000000001 0 0 0.6000000000000001 0 0.4 0 0.4 0.6000000000000001 0 0.2 0 0 1 0 0.8 0 0.4 0 0 0 0 0.4 0 0 0 0 0 1 0 0 0 0 0 0 0 0 0 0 0 0 0 0 0 0 0 0 0 0 0.6000000000000001 5.2 2.8000000000000003 0 5.4 0 0.2 0.2 0 7.4 2 3 0.4 2.2 0 2.8000000000000003 7.6000000000000005 6.4 8.8 0 14.200000000000001 0 0 0 0 0 0 4 0 0 0 0 0 0 1.6 0 0 0 0 0.2 3 0 0 0 0 0 0 0 0 3 0 0 0 0 0 0 0 0 0 0 0 0 0 0 0 0 0 0 0 0 0 0 0 0 0 0 0 0 0 0 0 1.8 0 0.2 3.8000000000000003 0.2 1.6 0 10.600000000000001 6.2 4.2 2.8000000000000003 1.4000000000000001 0 0.4 0 3.8000000000000003 3.6 5.2 0 0 4.4 0 0 0 0 0 0.2 0.2 0 0 0 0 0 3.2 0 0 0 0 0.2 0 0 0 0 0 0 0 0 0 0 0 0 0 0 0 0 0 0 0 0 0 0 0.4 0 0 0 0 0 0 0 0 0 0 0 0 0 0 0 0 0 0 0 2 0 0 0 0 0.6000000000000001 0 29.400000000000002 0.4 0.4 2.6 2.2 0 0 0 0 0 0 0 0 0 0 0 0 0 0 0 0 0 0 0 0 0 0 2.4000000000000004 0 0 0 0 0 0 0 0 0 0 0 0 0 0 
 11.8 154.4 113.60000000000001 0 41.800000000000004 24 13.600000000000001 30.6 10.8 51.800000000000004 10.200000000000001 56.2 16.400000000000002 53.800000000000004 74.60000000000001 18.8 55.800000000000004 11.4 18.400000000000002 19.200000000000003 15 0.2 0 42 0.2 0.6000000000000001 0.2 15 0 0 1 0.4 0 15.4 16 0.4 0 1.2000000000000002 5.800000000000001 0.4 0 1.2000000000000002 0.6000000000000001 0.6000000000000001 0 0.6000000000000001 0 27.200000000000003 0 0.8 0 0 0 1.4000000000000001 0 0 0 0 1.2000000000000002 0 0 0 1.2000000000000002 0 0 0.8 0 0 0 0 0 0 0 6 0 0 0 0 0 0.6000000000000001 2.8000000000000003 0 0 3.4000000000000004 4.800000000000001 4.2 2 0 2.6 5.800000000000001 9.600000000000001 2.4000000000000004 0 0 1.4000000000000001 1.6 2 3.2 0 0 3 2.2 0 0 0 0 0.2 0 0 2 0 0 3 4.800000000000001 2.8000000000000003 0 0 0 1.4000000000000001 0.6000000000000001 0 0 0 0 0 0 0.4 0 0 0 0.4 0 0 0 0 0 0 0 0 0 0 0 0 0 0 0 0 0 0 0 0 0 0 0 0 0 0 0 0.2 0 1.4000000000000001 3 4.6000000000000005 8 0 12.200000000000001 0 2.4000000000000004 3.8000000000000003 3 0.2 1.6 0 0 0 6 0 3.2 0 0 2.4000000000000004 0 0 0 0 0 2.8000000000000003 0 0 0 0 0 1.8 0.2 1.4000000000000001 0 2.4000000000000004 0 0 5.800000000000001 0 0 0 4 0 0 0 0 0 0 0 0 0 0 0 0 0 0 0 0 0 0 0 0 0 0 0 3 0 0 0 0 0 0 0 0 0 0 0 0 0 0 0 0 0 0.8 0.8 0 0.2 1 0 1.4000000000000001 1.4000000000000001 0 0 0 0 0 0 0 0 0 0.2 0 0 0 0 0 0 0 0 0 0 0 0 2.4000000000000004 3.6 0 0 0 0 2.8000000000000003 0 0 0 0 0 0 0 0 
 24.6 64.2 66.4 41.800000000000004 0 38.6 7.800000000000001 25.200000000000003 16.400000000000002 45.800000000000004 50.400000000000006 22.400000000000002 18.2 37.6 80.60000000000001 27.200000000000003 16.2 25.8 17.2 61.2 0.8 0 0 0.6000000000000001 0 0.6000000000000001 0.2 0.4 0 0.2 0.6000000000000001 0.4 0.2 15.200000000000001 0 0.4 0 0.8 0.6000000000000001 5 0 0 0 0.6000000000000001 0 0.6000000000000001 0 0 0.2 0 0 3 0 0 0 0 0.8 0 0 0 0 0 0 0 0 0 0 0 0 0 0 0 0 0 0 0 0 0 0 0.6000000000000001 0.2 1.8 2.8000000000000003 4.800000000000001 5 3.4000000000000004 0 0 2.4000000000000004 10.200000000000001 1.6 0 0.4 0 0.2 4 4 2 0 0.2 3 2 0 0 0 0 2.4000000000000004 3.6 0 0 0.2 0 7.2 7 0 0.6000000000000001 7 0 7 3.6 0 0 0 0 0 0 0 0.2 0 0 0 0 0 0.4 0 0 0 0 0.2 0 0 0 1 0 0 0 0 0 0 0 0 0 0 0 0 0 3.2 0 0 0.4 1.4000000000000001 4.6000000000000005 0.2 7.2 2.4000000000000004 0 0 5.6000000000000005 3.4000000000000004 2.8000000000000003 0 4.6000000000000005 0 0.2 0 1.4000000000000001 2 2.2 0.4 0 0.4 0 0 0 0 0 0 4 0 4.2 0 0 0 5 0 4.6000000000000005 3.6 0 8.4 0 0 0 0 0 0 0.2 0.4 0.4 0.4 0 2.8000000000000003 0 0 0 0 0 0 0 0 0 0 0 0 0 0 0 0 0 0 0.2 0 0 0 0 0 0 0 0 0 0.2 0 0 0 0 0 1.4000000000000001 0.2 0 0.4 0.4 0 0.6000000000000001 0 0.4 0.4 0 0 0 0 0 0 0 0 0 0 0 0 0 0 0 0 0 0 0 0 0 0.4 0 0 0 0 0 0 0 0 0 0 0 0 0 
 50.2 8 54.400000000000006 24 38.6 0 2.6 25 69 48.400000000000006 41.800000000000004 8.4 29.6 13.200000000000001 13.4 41.6 12.4 13.4 10.4 55.400000000000006 15 85.60000000000001 30 15.8 0 0.6000000000000001 16 15.4 12 15 0.6000000000000001 0 12.4 15.4 0.6000000000000001 0.6000000000000001 15.200000000000001 15.200000000000001 29.400000000000002 14.8 0 0 0 0.6000000000000001 0 0.6000000000000001 0 0 0 0 0 0 0.4 0.6000000000000001 0 0 0 0 0 0 0 0 0 0 0 0 0.2 0 0 0 0 0 0 0 0 0 0 0 0 0.6000000000000001 0 2.8000000000000003 0.8 4.800000000000001 2.8000000000000003 2 0 0 2.4000000000000004 0 0 5.6000000000000005 0 0 0 2.8000000000000003 2.4000000000000004 0 0 0 1.2000000000000002 2.2 0.2 4.6000000000000005 0 0.2 6.6000000000000005 0.6000000000000001 5.800000000000001 3.8000000000000003 0 0 2.2 8 2.4000000000000004 5.6000000000000005 0 2.2 5.800000000000001 6.6000000000000005 0 0 0 0 0.4 0 0 0 0 0 0 0 0 0 0 0 0 0 0 0 2.6 3.6 0 0 0 0 0 0 0 0 0 0 0 0 0 0 0 0 0.2 0 0 0 2.8000000000000003 0 0 3.6 0 0 0 0 0.2 0 0 0.2 0.2 2.2 0 0 0 0 8.200000000000001 10.8 9.8 1.8 3 0 1.8 0 0.6000000000000001 4 5.800000000000001 2.2 15.600000000000001 4.6000000000000005 8.6 0.2 5.6000000000000005 7.2 5 0 0 0 0 0 0.4 0 0 0 0 0 0 2 0 0 0 4.2 0 0 0.2 0 0 0 0 0 0 0 0 0 0 0 0 0 0 0 0 0.2 0 0 0 0 0 0 0 0 0 1.8 0 0.4 0.2 0.4 0 0.6000000000000001 0 0 0 0 0 14.8 0 0 0 2.2 0 0 0 0 0 0 0 0 0 0 0 0 0 0 0 0 0 0 0 0 0 0 0 3.8000000000000003 0 0 0 0 
 15.8 14 29.8 13.600000000000001 7.800000000000001 2.6 0 31.200000000000003 48.2 7.800000000000001 13 25.400000000000002 12.8 42.400000000000006 24 6.4 5.4 59.2 44.6 114.60000000000001 0.2 0 0 0.6000000000000001 0 0.6000000000000001 0 0 0 0.2 0.6000000000000001 0 0 0.6000000000000001 0.4 15.4 0 0.4 0.4 0 0 0 0 0.6000000000000001 0 0.6000000000000001 0 0 0 0 0 0 5.4 0 0 0 0 0 0 0 0 0 0 0 0 0 0 0 0 0 0.4 0 0 0 0 0 0 0.2 0 0.6000000000000001 3.2 6.2 5.800000000000001 0 0 0.2 3 1.4000000000000001 2.2 3 1.8 9.4 2.8000000000000003 3 4 3.4000000000000004 2.6 3 4.6000000000000005 2.8000000000000003 0 0 0 0 0 0 0 0 0 0 0 0 0 0.4 0 0 0 0 0 0 0 0 0 0 0 0 0 0.2 0 0 0 0 0 0.2 0 0.4 0 0 0 0 0 0 0 0.8 0 1.2000000000000002 0 2.4000000000000004 0 0 0 0 0 0 0 0 0 0 0 0 3 2.2 0.2 2.2 2.8000000000000003 2.8000000000000003 2.6 2.4000000000000004 0 0 2.2 0 3 1.8 1.6 4.800000000000001 1.8 1.4000000000000001 3.2 3.4000000000000004 0 1 0 0 0 0 0 0.2 0 0 0 0 4.6000000000000005 0 0 0 0 0 0 0 0.4 0 0 0 0 0 0 0 0 0 0 0 0 0 0 0 0 0 0 0 0 0 0 0 0 0 0 0 0 0 0 0 0 0 0 0 0 0 0 0 0 0 0 0 0 0 0.4 0 0 0 0 3 3.6 0 0 0 0 0 0 0 0 0 0 0 0 0 0 0 0 0 0 0 0 0 0 2 0 0 0 0 0 0 0 0 0 0 0 0 0 0 
 29.8 56.800000000000004 39 30.6 25.200000000000003 25 31.200000000000003 0 35.6 84.4 30.6 47.6 14.600000000000001 21 27.6 4.2 67 21.6 11 46 0 0.4 0.6000000000000001 0 0 0 0 0 0 0 0.2 0 0.8 0 0 0.8 0.6000000000000001 0 0 0.2 7.2 0 0 0 0 0 0 0 0 0 0 0 0.4 0 0 0 0 0.6000000000000001 7 0 0 0 0 0 0 0 0.4 0 0 0 0.6000000000000001 0 0 0 9.200000000000001 0 0 0.4 0 0.8 5 11.8 4 5 0 2.4000000000000004 5 3.6 3 9.4 0 2.8000000000000003 5 1.6 6 2 5 0 0.2 5.6000000000000005 0 0 0 0 0 0 0.6000000000000001 0 0 0 0 0 0 0 0 0 0 0 2.8000000000000003 0 0 0 0 0 0 0 0 0 0 0 0 0 0 0 0 0 0 0 0 0 0 0 0 0.2 0 0 0 0 0 0 0 0 0 0 0 0 0 0 0 0 1.6 5 2.8000000000000003 0.8 3 1.8 5.2 2 2 5 4.6000000000000005 0 0.2 6.2 4.800000000000001 3.6 6.2 4.800000000000001 0 0.2 0 0 0 0 0 0 0 0 0 0 0 0 0 0 0 0 0 0 0 0 0 0 2.8000000000000003 0 0 0 0 0 0 0 0 0 0 0 0 0 0 0 0 0 0 0 0 0 0 0 0 0 0 0 0 0 0 0 0 0 0 0 0 0 0 0 0 0 0 0 0 0.2 18.6 0 0 1.6 1.6 0.4 0 0 0 0 0 0 0.2 0 0 0 0 12.200000000000001 0 0 0 0 0 0 0 0 0 4 0 0 0 0 0 0 0 0 0 0 0 0 0 0 
 43 13.600000000000001 69.60000000000001 10.8 16.400000000000002 69 48.2 35.6 0 17.2 24 24.200000000000003 19.8 25 40.6 6 31.8 25.6 33.800000000000004 30.8 0.4 0 0 0.6000000000000001 0 0.6000000000000001 0 0 3.6 0 0.6000000000000001 0 0 0.6000000000000001 0 15.200000000000001 0 0.4 0.6000000000000001 0 0.4 0 0 0.6000000000000001 0 0.6000000000000001 0.4 0 0 0 0 0 0.4 0 0 0 0 0 0 0 0 0 0 0 0 0 0 0 0 0 0 0 0 0 0.8 0 0 0 0 0.6000000000000001 0 12.8 8.4 2 0 0.2 3.4000000000000004 6.800000000000001 1.4000000000000001 9.600000000000001 0 5 11.600000000000001 5.4 3.6 5.4 8 1.8 6.4 0 0 0 0 0 0 0 0 0 0 0 0 0 0 0 0 0 0 0 0 0 0 0 0 0 0 0 0 0 0 0 0 0 0 0 0 0 0.2 0 0 0.2 0 0 0.4 0.8 0.4 0.2 0 0 0.2 0 0 0 0 0 0 0 0 0 0 0 4 5.6000000000000005 2.4000000000000004 0 4.800000000000001 0 7.4 2 2.8000000000000003 2.2 0 0 0 8 1.6 0 2.4000000000000004 5.800000000000001 2.8000000000000003 2 0 0 0.2 0 0 0 0 0 0 0 0 0 0 0 0.4 0.2 0 0.2 0 0 0 0 0 0.4 0 0 0 0 0 0 0.4 9 0 0 0 0 0 0 0 0 0 0 0 0 0 0 0 0 0 0 0 0 0 0 0 0 0.4 0 0 2.6 0 1.2000000000000002 0 0 0 0 17.6 0 0.4 0 0.2 2.6 0 0 0 0 0 0 0 0 0 0 0 0 0 0 0 0 0 0 0 0 0 0 0 3.2 0 0 0 0 0.6000000000000001 0 0 0 0 0 0 0 0 0 
 9.600000000000001 94.80000000000001 47.6 51.800000000000004 45.800000000000004 48.400000000000006 7.800000000000001 84.4 17.2 0 53.800000000000004 47 12.600000000000001 57.6 68.2 23.200000000000003 16.400000000000002 15.600000000000001 16.6 24.400000000000002 15 0 0 0.8 0 0.6000000000000001 0.6000000000000001 16 0 0 0.6000000000000001 0 5.2 0.6000000000000001 15.600000000000001 0.4 0.4 1 6 0 0 0 0 1 0 0.6000000000000001 0 0.4 0.6000000000000001 0 0 0.2 0 0.4 0 0 0 0 0 0 0 0 0 0 0 0 0 0 0 0 0 0 0 0.2 0 0 0 0.2 10.4 1 2.8000000000000003 3.6 4.2 3.2 2.2 2 1.8 0.6000000000000001 6 6.6000000000000005 2.8000000000000003 6 0.2 0 2.6 1.8 10.4 0.6000000000000001 0 0 0.6000000000000001 2.8000000000000003 0 0 13 0 4.6000000000000005 0.2 0 0 0 0 9 2.8000000000000003 2.8000000000000003 0 0 0 4.800000000000001 0 0 0 2.8000000000000003 0 0 0 0 0.4 0 0.4 0 0 0 0.2 0 0.4 0 0 0 0 0 0 0 0 0 0 0 0 0 0 0 0 2.8000000000000003 0 0 0 0 0 0 0 1.8 11.4 4.2 4 1.4000000000000001 7 4.6000000000000005 0.2 0.4 0 1.8 2.6 0 0 0 6.2 0 0 0.2 0 3.8000000000000003 0 0 0 0 0 0 4.6000000000000005 0.2 0 0 0 2.2 0.2 1.6 0 0 0 0 2.8000000000000003 0.4 0 0 0 0 0 0 0 0 0 0 0 0.2 0 0 0 0 0 0 0 0 0 0 0 2.8000000000000003 0 0 0 0 0.4 0 0 0 0.2 0 0 0 0 0 0 0 0 0 0 0 0 0 0 0.6000000000000001 0 5.2 1.4000000000000001 2.2 0 0 0 0 0 0 0 0 0 2 0 0 0 0 0 0 0 0 0 0 0 0 5.4 3 0 0 0 0 2.8000000000000003 0 0 0 0 0 0 0 0 
 10.200000000000001 22.200000000000003 18.2 10.200000000000001 50.400000000000006 41.800000000000004 13 30.6 24 53.800000000000004 0 19.400000000000002 6.800000000000001 6.6000000000000005 13.8 46.400000000000006 60 9.4 5.2 33.6 0 14.8 1.2000000000000002 0.6000000000000001 0 0.6000000000000001 0 15.4 0 0 0.6000000000000001 0 14.8 31.200000000000003 0 0.4 0 0.4 20.8 0.6000000000000001 0 0 0 0.6000000000000001 0 0.6000000000000001 0 0 0 0 0 0.4 0.4 0.2 12.600000000000001 0.4 0 0 0 0 0 0.8 0.2 1 0.2 0.2 0 0 0 0 0.2 0.2 0.2 0 0.4 7 0.2 0.4 0 0.6000000000000001 0.2 4.6000000000000005 3 6 5 4.2 2 2.6 3.4000000000000004 1.4000000000000001 1.2000000000000002 0.6000000000000001 4.2 0 8.6 3.6 4.2 2.4000000000000004 0 0 2.6 0 0 0 0 0 9.600000000000001 4.6000000000000005 0 0 0 0 2.6 0.2 0 0.2 2 0 7.2 1.6 0 0.2 0.4 0 0 0 0 0 0 0 0 0 0 0 0 0 0 0 0 0 0 0 0 0.4 0 1.8 0 0 0 0 0 0 0 0 0 0 0 0 0 0 1.8 0 3.2 3 7.4 0.4 2.4000000000000004 0 0 0 1.6 5 0 0 2 0 0.2 0 0 0 0.6000000000000001 0 0 0 0.4 0 0 3 1.8 7.2 0 0 4.4 12.4 2.4000000000000004 0 0 0 0 3.4000000000000004 0 0.4 0 0 0 3.2 0 0 0 0 0 0 0 0 0 0 0 0 0 0 0 0 0.2 0 0 0 0 0 0 0 0 0 0.4 0 0.4 0 0 0 0 0 0 0 0 0 0 0.4 0.4 0 0 1 0 2.6 0 0 0 0 0.4 0 0 0 0 0 0.4 0 0 0 0 0 0 0 0 0 0 0.4 0 2.2 0 0 0 0 0 0 0 0 0 0 0 0 0 0 
 9.600000000000001 93.80000000000001 57 56.2 22.400000000000002 8.4 25.400000000000002 47.6 24.200000000000003 47 19.400000000000002 0 7.800000000000001 22.400000000000002 63.800000000000004 7.800000000000001 15.8 63 6.800000000000001 84.4 0 15.4 0 0.6000000000000001 0 0.6000000000000001 0 0 0 0 0.6000000000000001 0 2 1.2000000000000002 15.600000000000001 0.4 0 0.4 15.600000000000001 0 0 0 0 0.6000000000000001 0 0.6000000000000001 0 0 13 0 0 0 0 0 0 0 0 0 0 0 0 0 0 0 0 0.6000000000000001 0 0 9.8 0 0 0 0 0 0 0 0 0 0 0.6000000000000001 2.4000000000000004 0.2 0 0 4.2 2.8000000000000003 2 1.8 4.4 4.800000000000001 0 0.6000000000000001 5 0.2 4.6000000000000005 4.800000000000001 9.200000000000001 1.6 0 1 2.6 4.2 0 0 0 0 0 0.4 0 0 0 2.6 2.2 0 0 4.4 0 0 0 0.2 0 0 0 0 0 0 0 0 0 0 0 0 0 0 0 0 0 0.2 0 0 0 0 0 0 0 0 0 2.8000000000000003 0 0 0 0 0 0 0 0 0 0 0 0 5.4 0.6000000000000001 2.6 3.4000000000000004 16.2 1.6 6.2 4.800000000000001 7.2 0 2.8000000000000003 0 0 3.2 0 1.6 0 1.6 0 0 0 0 0 0 0 0 0 0.8 0 0 0 0 0 0 0 0 0.8 0 4.4 2.6 0 0 0 0 0 0 0 0 0 0 0 0 0 0 0 0 0.2 0.2 0 0 0 0 1.2000000000000002 0.4 0 0 0.4 0 0 0 0 0 0 0 0 0 0 0.2 0 0 0 1.2000000000000002 0 0 0 0.4 17.400000000000002 0 1.6 17.6 0.2 3.4000000000000004 1.8 0 0 0 0 0 0 0 2.2 0 0 0 0 12.600000000000001 0 0 0 0 0 0 0 0 10.600000000000001 4.6000000000000005 0.4 0 0 0 0 0 0 0 0 0 0 0 0 0 
 36.6 26.200000000000003 18 16.400000000000002 18.2 29.6 12.8 14.600000000000001 19.8 12.600000000000001 6.800000000000001 7.800000000000001 0 89.2 16.2 5.6000000000000005 7.2 7.800000000000001 18.8 18.8 0 0 0.4 0.6000000000000001 0.2 0.6000000000000001 14.600000000000001 0.2 0 0 17.8 0 0 0.6000000000000001 0 17.6 0 17.6 0.2 0.2 0 0 0 0.6000000000000001 0 0.6000000000000001 0 0 0 0 0 0 0.2 0 0 0 0 0 0 0 6.2 0 0 0 0 0 0 0 0 0 0 0 0 0 10 0 0 0 0 0.4 0.2 9.200000000000001 0 0 0 0 6.4 5.6000000000000005 0 2.8000000000000003 0.4 0 3 1.4000000000000001 0 0 0 0.2 6.4 5.2 0 0 0 0 0 0 0 0 0 0 0 0 0 0 0 0 0 0 0 0 0 0 0 0 0 0 0 0 0 0 1.6 0 0 0 0 0 0 0 0 0 0 0 0 0 0 0 0 0 0 0 0 0 2.8000000000000003 0 0 0 0 0 0 0 0 6.4 2.4000000000000004 0 0 0 4.800000000000001 0 0 0 0 0 2.8000000000000003 0 1.6 0 0 0.2 6.800000000000001 6.800000000000001 0 0 0 0 0 0 0.4 0 0 0 0 0 0 0 0 0 0 0 0 0 0 0 0 0 0 0 0 0 0 0 0 0 0 0 0 0 0 0 0 0 0 0 0 0 0.2 0 0 0 0 0 0 0 0 0 0 0 0 0.2 0 0 0 0 0 0 0 0.4 0.4 0.2 0 0.2 0.4 4 0 0 0 0 0 0 0 0 0.2 0 0 0 0 0 0 0 0 0 0 0 0 0 0 3 0 0 0 0 0 0 0 0 0 0 0 0 0 0 
 10 25.200000000000003 21 53.800000000000004 37.6 13.200000000000001 42.400000000000006 21 25 57.6 6.6000000000000005 22.400000000000002 89.2 0 74.8 10.600000000000001 6.4 65.2 14.600000000000001 66 0 0.4 1 0.6000000000000001 0.6000000000000001 1.4000000000000001 0 0 0 0 1.8 0 0 0.6000000000000001 0 0.4 0 1.2000000000000002 0.2 0.4 0 0 0 1 0.4 2 0 0.8 0 0.8 0.8 0.6000000000000001 0.2 0 0 0.6000000000000001 0.6000000000000001 0 0.4 0 0 0 0 0 0 0.4 0 0 0 0.4 0 0 0 0 0.6000000000000001 0.6000000000000001 0 0.2 0.6000000000000001 2 2 0.2 0.2 3.6 0 0 8 7 8.6 4.6000000000000005 2.8000000000000003 0 3.2 0 1 0 0 2 5.4 2.4000000000000004 0 0 0 0 0 0 0 0 0 0 0 0 0 1.4000000000000001 0 0 0 0 0 0.2 0 0 0 0 0 0 0 0 0 0 0 0 0 0 0 0 0 0 0 0 0 0 0 6.4 0 0 0 0 0 0 0 0 0 0 0 0 0 0 0 0 1.2000000000000002 10.4 3.8000000000000003 2.2 0 3.6 0.8 13.200000000000001 1.8 2 3 0 2 0 0 3.6 0 3.2 3.6 5.6000000000000005 0 0 0 0 0 0 0 0 0 0 0 0 0 0 0 0 0 0 0 0 0 0 0 0 0 0 0 0 0 0 0 0 0 0 0 0 0 0 0 0 0 0 0 0 0 0 0 0 0 0 0 0 0 0 0 0 0 0 0 0 0 0 0 0 0 0 0 0 0 0 0.4 2 0.8 0 0 0 0 0 0 0 0 0 0 0 0 0 0 0 0 0 0 0 0 0 0 5 0 0 0 0 0 0 0 0 0 0 0 0 0 0 
 27.8 72.4 38.6 74.60000000000001 80.60000000000001 13.4 24 27.6 40.6 68.2 13.8 63.800000000000004 16.2 74.8 0 31.400000000000002 76.2 24.8 57.2 42 0.2 0.2 0.2 0.8 0.4 1.4000000000000001 0 1.2000000000000002 0.6000000000000001 0 1 1.2000000000000002 0.6000000000000001 0.8 0 0.4 0.6000000000000001 0.6000000000000001 0.4 0 1.4000000000000001 0 0 0.6000000000000001 4.6000000000000005 1.6 0 0 0 0 1 0 0.4 0 0 0 0.4 1 0.8 0.6000000000000001 6.6000000000000005 0 0 0.6000000000000001 1 0.6000000000000001 0 0.6000000000000001 0 0.4 0 0.4 0.2 0.4 2 0 0.4 0 0 0.6000000000000001 7.800000000000001 0 0 2.2 1 0 5 19.8 0.2 5.4 0 1.8 4.2 2 2.6 5.6000000000000005 4.6000000000000005 3.2 0.2 5 0 0 0 0 0 0 0 0 0 0 0 0 0 4 0 0 0 0 0 0 0 0 0 0 0 0 0 0 0 0 0 0 0 0 0 0 0 0 0 0 0 0 0 0 0 0.6000000000000001 0 0 0 0 0 0 0 0 0 0 0 0 0 0 6.2 0.2 9.600000000000001 5 0 0 0.8 2.2 4.800000000000001 8.4 0 0 0.8 4.4 1.2000000000000002 1.6 5.4 4.2 0 3.2 0 0 0 0 0 0 0 0 0 0 0 0 0.2 0 0 0 0 0 0 0 0 0 0 0 0 0 0 0 0 0 0 0 0 0 0 0 0 0 0 0 0 0 0 0 0 0 0 0 0 0 0 0 0 0 0 0 0 0 0 0 0 1.8 0 0 0 0.4 0.2 0.4 17.6 0 0.6000000000000001 2.2 0 0 0 0 0 0 0 0 0 0 0 0 0 0 0 0 0 0 0 0 0 0 0 0 0 0 0 0 0 0 0 0 0 0 0 0 0 0 
 75.2 10.4 33.4 18.8 27.200000000000003 41.6 6.4 4.2 6 23.200000000000003 46.400000000000006 7.800000000000001 5.6000000000000005 10.600000000000001 31.400000000000002 0 34.800000000000004 21.400000000000002 10.600000000000001 55.800000000000004 0 11.600000000000001 0 0.8 0 1 0 0 0 0 0.6000000000000001 0.2 6.800000000000001 0.6000000000000001 0 0.4 0 0.4 0.6000000000000001 0 0 0 0 0.6000000000000001 0 0.6000000000000001 0 0 10.8 0 0 0 0 0 0 0 0 0 0 0 0 9.200000000000001 0 0 0 0 0 0 0 0 0 0 0 0 0.6000000000000001 0 0 0.6000000000000001 0 0.6000000000000001 2.8000000000000003 1.8 2.8000000000000003 17 0 0 0 2.6 8.4 0.2 5.800000000000001 2.8000000000000003 0 0 0 13.4 7 5.4 2.4000000000000004 0.2 0 8 0 0 0 0 6.4 0 0 0 0 0 5 2 0 0 0 0 0 4 0 0 0 0 0 0 0.4 0 0 0 0 0 0 0 0 0 0 0 0 0 0 0 0 0 0 0 0 0 0 0 0 0 0 0 0 0 0 0 0.2 0 2.6 2.4000000000000004 0.2 6 0.2 0 0 3.2 2.8000000000000003 3 1.8 1.4000000000000001 3.4000000000000004 2.6 1.2000000000000002 0 3.8000000000000003 4.4 0 2.2 3.4000000000000004 0 0 0 0 0 0.2 2.8000000000000003 0 0.2 0 0 0 5.2 0 0 0 0 0 0 0 0 0 0 0 0 0 0 0 0 0 0 0 0 0 0 0 0 0 0 0 0 0 0 0 0 0 0 0 0 0 0 0 0 0 0 0 0 0 0 0 0 0 0 0 0.2 0.8 0 0.4 0 3 1.8 0 0 0 0 0 0 0 0 0 0 3.6 0 0 0 0 0 0 0 0 0 0 0 0 0 2.4000000000000004 0 0 0 0 0 0 0 0 0 0 0 0 0 
 25.6 43 29.200000000000003 55.800000000000004 16.2 12.4 5.4 67 31.8 16.400000000000002 60 15.8 7.2 6.4 76.2 34.800000000000004 0 15.4 11 22.400000000000002 0.2 15.600000000000001 0 0.6000000000000001 0 0.6000000000000001 5 0 0 0.2 1 0 0 0.6000000000000001 0 0.4 0 0.4 0.6000000000000001 0 0 0 0 0.6000000000000001 0 0.6000000000000001 0 0 0 0 0 0 0 0 0 0 0 0 0 0 0 0 0 0 0 0 0 0 0 0 0 0 0 0 1 0 0 0 0 0.8 7 0.2 4.6000000000000005 3.8000000000000003 0.4 2.6 1.2000000000000002 3.4000000000000004 0 0.8 3.6 5.4 1.2000000000000002 0 3 18.6 8.200000000000001 3.6 0 2.2 0 0 0 0 0 0 3 0 0.4 0 0 0 5.2 0 0 0 0 0 2.8000000000000003 1.2000000000000002 0 0 0.2 0 0 0 0 0 0 0 0 0 0 0 0 0 0 0 0 0 0 0 0 0 0 0 0 0 0.2 0 0 0 0 0 0 0 0 0 0 0 4.6000000000000005 0 2.2 4.800000000000001 0.6000000000000001 0.2 0.4 0 1.6 6.6000000000000005 5.2 0 0.6000000000000001 5.6000000000000005 2 1.6 7 3.4000000000000004 0 2.4000000000000004 0 0 0 0 0.2 0 2.8000000000000003 0 0 0 0 0 2.4000000000000004 3.6 0 0 0 0 0 0 0 0.2 0 0 0 0 0 0 0 0 0 0 0 0 0 0 0 0 0 0 0 0 0 0 2.2 0 0 0 0 0 0 0 0.2 0 0.2 0 0 0 0 0 0 0 0.2 0 0 0.8 2 0 8.200000000000001 0 0.2 0.4 0.4 0 0 0 0 0 0 0 0 0 2 0 0 0 0 0 0 0 0 0 0 0 0 0 4.4 0 0 0 0 0 0 0 0 0 0 0 0 0 
 5.800000000000001 46.2 40.6 11.4 25.8 13.4 59.2 21.6 25.6 15.600000000000001 9.4 63 7.800000000000001 65.2 24.8 21.400000000000002 15.4 0 5.6000000000000005 101.80000000000001 0 0 0 0.6000000000000001 0 0.8 4 0 0 0.2 1 0 7 0.6000000000000001 0 0.4 0 0.4 0.6000000000000001 0 0 0 0 1 0 0.6000000000000001 0 0 0 0.6000000000000001 0 0 0 0 0 0 0 0 0 0 9.4 0 0 0 1 0 0 0 0 0 0 0 0 0 0 0 0 0 0 0.6000000000000001 3 0 3.4000000000000004 4.4 3 0 0 0 7.6000000000000005 0 9 0 1.4000000000000001 0 2.8000000000000003 0 0 5.2 3.8000000000000003 0 0 3.4000000000000004 0 1 0 0.2 0.4 0 0 0 0 0 2.8000000000000003 2 0 0 0 0.2 6.800000000000001 2.2 0 0 0 0 0.4 0 0 0 0 0 0 0 0 0 0 0 0 0 0 0 0 0 0 0 0 0 0 0 0 0 0 0 0 0 0 0 0 0 0 0 0 2.2 0 2 0.2 4 0 6.2 0.8 2.2 2.4000000000000004 1.8 4 0.2 0 4.2 3.2 5.2 0 0 3.4000000000000004 0 0 0 0 2.2 3.4000000000000004 4.6000000000000005 0.4 0 0 0 2.4000000000000004 4.2 0 0 0 0 0 0 0 0 0 0 0.4 0 0 4.6000000000000005 0 0 0 0 0 0 0 0 0 0 0 0 0.2 0 0 0 0 0 0 0 0 0 0 0 0 0 0 0.2 0 0 0 0 0 1.6 0 0 0 0.6000000000000001 0 0.2 0.8 1.2000000000000002 2.8000000000000003 3.4000000000000004 2.8000000000000003 0 0 0 0 0 0 0 0 0 0 0 0 0 0 0 0 0 0 0 0 0 0 2.4000000000000004 5.4 0 0 0 0 0 0 0 0 0.2 0 0 0 0 
 9.200000000000001 52.400000000000006 51.800000000000004 18.400000000000002 17.2 10.4 44.6 11 33.800000000000004 16.6 5.2 6.800000000000001 18.8 14.600000000000001 57.2 10.600000000000001 11 5.6000000000000005 0 60.6 0 0 0.4 0.6000000000000001 14.8 0.6000000000000001 0 0 0 0 0.6000000000000001 0 0.4 0.6000000000000001 0.4 0.8 0 0.4 0.8 0.4 0 0 0 0.8 0 0.6000000000000001 0 0 0 0 0 0.4 0.2 0 0 0 0 0 0 0 1.2000000000000002 0.4 0.2 0 10.600000000000001 0.2 0.4 0 0 0.4 0 0 0 7.6000000000000005 0.8 0 0.2 0 0 1 2.6 7.6000000000000005 2 0 0 0 2.8000000000000003 2.6 0 0.2 0 0 3 0 2.8000000000000003 0 0 0 11.4 2 0 0 0 0 0 0 0 0 2.2 0 0 0 0 3.2 0 0 0 0 0 0 0 0 0 0 0 0 0 0 0 0 0 0 0 0 0 0 0.2 0 0 0 0 0 0 0.2 0 0 0.6000000000000001 0 0.2 0 0 0 0 0 0 0 0 0 0 0 7.4 0 0.4 0 0 0 5.4 0.2 0 0.4 0.2 0 0 0 1.6 0 0 0 2.8000000000000003 0.6000000000000001 0 0 0.4 0 0 0 0 0 0 0 0 0 0 0 0.2 0 0 0.2 0 0.4 0 0 0 0 0 0 0 0 0 0.4 0 0 0 0 0 0 0 0 0 0 0 0 0 0 0 0 0 0 0 0 0 0 0 0 0 0 0 0 0 0 0 0 0 0 0 0 0.2 0.4 0 0 0.4 1.4000000000000001 0.4 0 0 0 0 0 0 0 0 0 0 0 0 0 0 0 0 0 0 0 0 0 0 0 0 0 0 0 0 0 0 0 0 0 0 0 0 0 
 70.8 9.200000000000001 25.400000000000002 19.200000000000003 61.2 55.400000000000006 114.60000000000001 46 30.8 24.400000000000002 33.6 84.4 18.8 66 42 55.800000000000004 22.400000000000002 101.80000000000001 60.6 0 0.6000000000000001 0.2 0.4 1 0 0.6000000000000001 0 0 0 0.2 0.6000000000000001 0 0 0.6000000000000001 0 0.4 0.4 0.4 0.6000000000000001 0.4 1.2000000000000002 0 0.8 1 0 1 0 0 0 0 0 0.4 0.2 0 0.6000000000000001 0 0 1.4000000000000001 0 0 0 0 0 0 0 0 0.4 6.2 0 0 0.4 0 1 0.6000000000000001 10.8 0 0.8 0 0.2 0.6000000000000001 4.2 2.8000000000000003 0 0 0 0 2.8000000000000003 6.2 4.6000000000000005 2 2.6 2.6 4 6.800000000000001 5.800000000000001 3.2 2 0 5.4 4.800000000000001 0 0 0 0 0 0 2.6 0 2.8000000000000003 0 0 0 0 0 0 0 0 0 0 0 0 0 0 0 0 0 0 0 0 0 0 0 0 0 0 0 0 0 0 0 0 0 0 1.6 0 0.6000000000000001 1.4000000000000001 0 0 0 0 0 0 0 0 0 0 0 0 0 2.4000000000000004 4.4 2 3.4000000000000004 2.4000000000000004 4.800000000000001 8 3.2 0 0.2 4.800000000000001 0 5.2 2.6 0 3.4000000000000004 2.6 0 3 5 0 0 2.4000000000000004 0 0 0 0 0 0 0 0 0 0 0 0 0 0 0 0 0.4 0 0 0 0 0 0 0 0 0 0.2 0 4 0 0 0 0 0 0 0 0.2 0 0 0 0 0 0 0 0 0 0 0 0 0 0.4 0 0 0 0 0 0 0 0 0 0 0 0.2 0 0 0 0 0.6000000000000001 2.8000000000000003 1.6 0 0.4 0 0 0 0 0 0 0 0 0 0 0 0 0 0 0 0 0 0 0 0 5.800000000000001 0 0 0 0 0 0 0 0 0 0 0 0 0 0 
 0 0 0 15 0.8 15 0.2 0 0.4 15 0 0 0 0 0.2 0 0.2 0 0 0.6000000000000001 0 40.2 49 28 66.2 7.2 49.6 90.4 32 9.200000000000001 21 52.2 36.800000000000004 28 33.800000000000004 41.2 20 9 45.6 58.400000000000006 0 0 0.6000000000000001 0 0 0.6000000000000001 0 0 0 0 0.2 2.2 0.2 0.8 0 0.4 0.2 0 0.4 0 0 9.4 0 0 0.6000000000000001 0 0 0 0.6000000000000001 0 0 0 0 0 0.6000000000000001 0 0 0.4 0 0 0 0 0 0 3.8000000000000003 0 0 0 0 0 3.8000000000000003 3.6 0 0 0 0 0.2 0 0 0 13.4 0 3 5.4 6.4 0 0 7.4 4 5 7 0 0 5.2 6.6000000000000005 0 6 8.4 0.8 0 0 0 0 0 0 0 0 0 0 0 0 0 0 0 0 0 0 0 5.6000000000000005 0 0 0 0 0 0 0 0 0 0 0 0 0 4 0 0 0 0 0 0 0 0 0 3.6 0.4 0 4 0 0 0 0 0 1.4000000000000001 0 0 0 1.6 0 0.4 0 0 12.8 0 5.2 3.6 9 0 0 1.6 0 9.200000000000001 7 0 5 2.2 0.6000000000000001 7.800000000000001 2.8000000000000003 1.6 1.2000000000000002 5 0 0 0 0 0 0 0 0 0.2 0 0 0 2.2 0 0 0 0 0 2.4000000000000004 0.4 0 0 0 0 0 0 0 0 0 0 0 0 0 0 0 0.2 0 0 0 0 0 0 0 0 0 0 0 0 0 0 0 0 0 0 2.4000000000000004 0 0.2 33.4 0.2 2.6 0.8 0 0 0 0 0 0 0 0 0 0 0 0 0 0 0 0 0 0 0 0 2.6 0 0 0 0 2.2 0 0 0 
 0 0 0.2 0.2 0 85.60000000000001 0 0.4 0 0 14.8 15.4 0 0.4 0.2 11.600000000000001 15.600000000000001 0 0 0.2 40.2 0 88.80000000000001 18.2 5.2 8.8 19.8 33 56.400000000000006 24 18.8 10.4 68 9.8 22 28.400000000000002 23.8 9.600000000000001 28.8 37 0 0.4 0.6000000000000001 0.6000000000000001 0 0.6000000000000001 0.2 0 0.2 0 0 0 0.4 0.4 0 0 0 0 0.4 0 0.4 0 1 0 0 0 1.4000000000000001 0 0.6000000000000001 0 0 7.4 0 0 0.6000000000000001 0 0 0.6000000000000001 0 0 12.600000000000001 0 1.6 2.2 0.4 0 0.4 0 0 0 0 0 0 0 0 2.8000000000000003 0 0 0 0 6.2 4.6000000000000005 0.2 3.2 0 0 2.4000000000000004 7.2 5 5.4 0 2.2 4.6000000000000005 8.8 3 7.2 0 2 6.800000000000001 11.200000000000001 0 0 0 0 0 0 0 0 0.4 0 0 0 0 0 0 0 0 0 0 0 0 1.8 3.2 0.4 0 0 0 0 0 0 0 0 0 0 0 0 0 0 0 0 0 0 0 1.2000000000000002 0 1.4000000000000001 0 0 0 0.8 4 0 0 0 3.2 0 7.4 0 0 0 0 10.200000000000001 4.2 1.4000000000000001 2.8000000000000003 0 4.2 0 0 7.6000000000000005 4.4 2 8.200000000000001 7 10.200000000000001 0.2 6 8.4 10.8 4.800000000000001 0 0 0 0 0 0 0 0 0 0 2 0 0 0 0 0 0 5 0 0 0 0 0 0 0 0 0 0 0 0 0 0 0.4 0 0 0 0 0 0 0 0 0 0 0 0 0 0 0 0 0.2 0 0 0 0 2 0 0 0.8 0.2 0 2.6 0.2 1.4000000000000001 0 0 0 0 0 0 0 0 0 0 0 0 0 0 0 0 0 0 0 0 0 0 4 0 0 0 0 
 0 0 0 0 0 30 0 0.6000000000000001 0 0 1.2000000000000002 0 0.4 1 0.2 0 0 0 0.4 0.4 49 88.80000000000001 0 25.6 27.8 40.6 59.2 23.6 51.6 14.200000000000001 5.800000000000001 30.400000000000002 35.6 19 8.8 23.400000000000002 36.4 9.600000000000001 22.400000000000002 58.2 0.2 0.8 1 1.8 0 1.2000000000000002 4.800000000000001 0 1.4000000000000001 0.4 1 0.2 0.2 0.8 1.2000000000000002 0 0.4 0 0.6000000000000001 10.4 0.6000000000000001 0 0.8 0.2 0.4 0 6.6000000000000005 0.4 0.8 0 0 0.8 0.2 0.2 2.6 0 0 0.4 0 0.8 0 0 0 0 0 0 0 0 0 0 0 0 0 0 0 0 0 0 0 0 6 1.8 3.2 3 6.800000000000001 0 0 5 4.4 5.4 3.4000000000000004 0.6000000000000001 0.4 2.4000000000000004 3.8000000000000003 7.2 0 0 2.8000000000000003 5 1.6 0 0.2 0.4 0 0 2.2 3.8000000000000003 0 0.2 0 0 1.8 0.2 4.4 0 0 0 3 0 0 0 0 0 0 0 0 0 1.4000000000000001 0.8 7.4 0 0 1.6 0 0 0 0 0 0 0 0 0 0 0 2.2 0 1.8 0 0 0 0 1.8 0 0.2 0 0 0 0 0 2.2 11.600000000000001 0 1.8 0 0 7.4 2.8000000000000003 0 5.2 1.8 3.8000000000000003 2 3.8000000000000003 7.2 4.6000000000000005 3.4000000000000004 1.8 2.8000000000000003 0.4 0.2 1.4000000000000001 0 0 2 0 0 0 0 0 0 0 4.4 0 0 0 0 0 0 0 0 2.2 0 0 0 0 0 0 0 0 0 0 0 0 0 0 0 0 0 0 0 0 0 0 0 0 0 0 0 0 0 0 0.4 0 0.4 0 0.4 0.8 0.4 0.2 0.4 2.6 0 0 0 0 0 0 0 0 0.4 0 0 0 0 0 0 0 0 0 0 0 0 0 0 2.2 0 0 0 0 
 0.6000000000000001 1 0.6000000000000001 42 0.6000000000000001 15.8 0.6000000000000001 0 0.6000000000000001 0.8 0.6000000000000001 0.6000000000000001 0.6000000000000001 0.6000000000000001 0.8 0.8 0.6000000000000001 0.6000000000000001 0.6000000000000001 1 28 18.2 25.6 0 38.400000000000006 28.200000000000003 64 30.6 22.6 97.60000000000001 26 29.6 10.200000000000001 13.8 17.2 40.2 10.8 19.6 16.2 54.2 0.2 0 0.6000000000000001 0 0 1 9.4 0 0 0.4 0.4 0 0 4.800000000000001 0.6000000000000001 0 0 0.4 12.8 0 0 0 0.4 0 1.2000000000000002 0 0 0 0.6000000000000001 0 0 0 0 0 10.600000000000001 0 0 0.6000000000000001 0.8 0 0 0 0.4 0 0 0 0 0.4 0.2 0 0 0 0 0 0 0 0 0 0.4 0 1.4000000000000001 5.6000000000000005 0 1 2 1.8 0 3.8000000000000003 0 8.200000000000001 6.2 0 0 0 0 0.4 0.8 6.2 0.2 2.6 0.2 0 1.8 0 0 0.4 0 0 0 2.8000000000000003 5 0 3 0 3.2 9.600000000000001 0 0 0 8.6 0 0 0 0 0 0 0 0 0 0 0 0 0 0 0 0 0 0 0 0 0.8 0.8 0 0 0 0 0 0 0 0 0 0 0 0 0 0 0 0 0 1.8 4.4 6.2 6.4 2 4 2.2 3.6 0 1.8 4.800000000000001 1.8 0 0 0 0 6.6000000000000005 6.6000000000000005 0 3.8000000000000003 0 2.2 0 2 0 0 0 0 0 4.4 0 0 0 0 2.2 3.4000000000000004 0 0 6 7.4 3 0 0 0 0.2 0 0 0 0.4 0 0 0 0 0 0 0 0 0 4.6000000000000005 0 0 0 0 0 0 0 0 0 0 0 0 0 0 0 0 2 0.8 0.4 10.200000000000001 0.2 0.4 0.4 0 0 0 0 0 0 0 0 0 0 0 0.2 0 0 0 0 0 0 0 0 0 0 0 0.2 0 2.4000000000000004 0 0 0 
 0 0 0 0.2 0 0 0 0 0 0 0 0 0.2 0.6000000000000001 0.4 0 0 0 14.8 0 66.2 5.2 27.8 38.400000000000006 0 28 8.6 77.60000000000001 30.8 11.600000000000001 17.8 22.8 13.600000000000001 10.4 33.6 28.6 9.600000000000001 21.6 10.600000000000001 15.200000000000001 0 16.2 0.6000000000000001 0 0 0.8 3 12.4 0 0 0 0 12.200000000000001 39.800000000000004 0.2 0 0 0 0.6000000000000001 0 0.2 0 0.4 0 0 0 0 0 0.6000000000000001 0 0 0 0 0 0.8 0 0 0.6000000000000001 0 0 0 0 0 0 0 0 0 0 0 0 0 0 0 0 0 0 0 0 0 0 0 0 0.2 3.4000000000000004 3.8000000000000003 7 0 5.800000000000001 5.4 4.4 0.2 0 0 0 6.6000000000000005 0 0 0.6000000000000001 0 0 3.4000000000000004 0.2 2.8000000000000003 2.4000000000000004 0 0 2.4000000000000004 0 5.2 4.6000000000000005 4.4 0 5.2 2.6 0 1.6 0 0 2.2 4.6000000000000005 0 0 0 0 0.6000000000000001 0 0 0 0 0 0 0.8 0 0 0 0 0 0 0 0 0 0 0 0 0 0 0 0 0 0 0 0 0 0 0 0 0 0 0 0 2.8000000000000003 4.4 0 0 1.8 3.4000000000000004 0 0 3.4000000000000004 0 3.6 0 0 0 0 1.8 0 0.6000000000000001 0 0 0 1.6 10.600000000000001 0 0 0 6.2 2.4000000000000004 3.8000000000000003 0 0 0 4.2 2.6 3.8000000000000003 2.4000000000000004 0 4.6000000000000005 2.6 1.8 0 0 0 0 0.2 0 0 0 0.2 0 0 0 0 0 0 0 0 0 0 0 0 0 0 0 0 0 0 0 0 0 0 0 0 0 2 0 0 0 0.6000000000000001 0.4 0 0 0 0 0 0 0 0 0 0 0 0.4 0 0 0 0 0 0 0 0 0 0 0 0 3.2 0 0.2 0 0 0 
 0.6000000000000001 0.6000000000000001 1 0.6000000000000001 0.6000000000000001 0.6000000000000001 0.6000000000000001 0 0.6000000000000001 0.6000000000000001 0.6000000000000001 0.6000000000000001 0.6000000000000001 1.4000000000000001 1.4000000000000001 1 0.6000000000000001 0.8 0.6000000000000001 0.6000000000000001 7.2 8.8 40.6 28.200000000000003 28 0 5.6000000000000005 69.60000000000001 27.200000000000003 6.6000000000000005 19 12.200000000000001 9.200000000000001 5.6000000000000005 55.2 13 44.6 33.6 5.800000000000001 9.600000000000001 12.200000000000001 0 13.200000000000001 0 0 1.2000000000000002 16.2 12.8 0 0.6000000000000001 0.4 0.8 0.6000000000000001 3.2 0 0.6000000000000001 0 0.6000000000000001 25.8 16.8 0 0 0.6000000000000001 0.6000000000000001 0 0 0 0 4.2 0.2 0.2 1 0 0.2 1 0 2.4000000000000004 0.6000000000000001 0.8 0 0 0 0 0 0.4 0 0 0 0 0 0 0 0 0 0 0 0 0 0 0 0 0 0 3.4000000000000004 2.2 0.2 0 3.4000000000000004 0 5.800000000000001 0.2 0 0 0 5.2 0 0 6.2 0 0 3.4000000000000004 10 3.2 3.4000000000000004 0 0 0 2.2 0 2 0.8 2 6.800000000000001 0 6 6.6000000000000005 0 3.6 0 4.4 0 0 0 0 1 0 0 0 2 1.2000000000000002 1.2000000000000002 0 0 2 0 0 0 0 0.2 0 0 0 0.2 0 0 0 0 0 0.2 0 0 0 0 0 0 0 0 0 0 0 2.8000000000000003 4.2 0.2 3.8000000000000003 0 1.4000000000000001 0 0 2.2 0 0 0 0 2 0 4.2 0 0 0 0 3.6 1.8 0 3.8000000000000003 0.4 0 5.2 4.4 0 0 0 2.8000000000000003 5.2 0.4 0.2 0 0 3.2 2.6 2.8000000000000003 0 0 0 0 0 0.2 0 0 0 0 0 0 0 0 0.4 1.4000000000000001 0 0 0 0 0 0 3.6 0 0 0 0 0 0 0 0 0.4 0 0 0.4 0.2 0 0 1.2000000000000002 0.2 0 0 0 0 14 0 0 0 0 0 0 0 0 0 0 0 0 0 0 0 0 0 0 0 0 0 0 0 0 0 
 0 15.600000000000001 0 0.2 0.2 16 0 0 0 0.6000000000000001 0 0 14.600000000000001 0 0 0 5 4 0 0 49.6 19.8 59.2 64 8.6 5.6000000000000005 0 17.400000000000002 27.6 48.800000000000004 8.4 21.8 42.400000000000006 12 11.600000000000001 23 23.8 42 41.2 24.6 1 0 11 0 0 1.2000000000000002 0 0 0 4.800000000000001 0 0 0.4 0 0.8 0 0 0 0.4 0 0 0 0.2 0 0 0 1.8 0 0.6000000000000001 0 0 0 0 0 0.6000000000000001 0 0 0.4 0 0 0 0 2.6 0 0.2 0 0 0 0 0 7.4 0 0 0 0 0 3.8000000000000003 0.2 0 0 3 5.800000000000001 4.4 0 3.2 0 0 5.800000000000001 0 6 2.6 2.2 0 7.800000000000001 0.4 5.2 2.6 2.2 6.6000000000000005 5.800000000000001 0 0 0 0 0 0 0 0 0 0 0 0 0 0 0 0 0 0 1.8 0 0 0 0 0 0 0 0 0 0 0 0 0 2 0 0 0 0 0 0 0 0 0 0 0 0 0 0.2 0 0 0 0 0 0 0 0 0 0 0 0 0 0 12.600000000000001 2.2 2 3 0 8.6 0 1.6 9.600000000000001 9.8 5.800000000000001 7 0 3.4000000000000004 2.6 3.4000000000000004 3.6 1.8 0 0 0 0 0 0 0 0 0 0 0 0 0 0 0 0.4 0 0 0 0.2 0 0 0 0 0 0 0 0 0 0 1.8 0 0 0 0 6 0 0.4 0 0 0 0 0 0 0 0 0 0 0 0 0.2 0 0 0.4 0.2 0.8 0 0.4 5.800000000000001 0.4 0.6000000000000001 0.4 0 0 0 0 0 0 0 0 0 0 0 0 0 0 0 3.4000000000000004 0 0 0 0 0 0 0 0.4 2.8000000000000003 0 0 0 0 
 0 0 0 15 0.4 15.4 0 0 0 16 15.4 0 0.2 0 1.2000000000000002 0 0 0 0 0 90.4 33 23.6 30.6 77.60000000000001 69.60000000000001 17.400000000000002 0 78.4 7 17.2 6.2 22.8 12.200000000000001 35.6 33.6 9 23 44.800000000000004 12 0 0 0.8 0 0 0.6000000000000001 0 0 0 0 0 3.8000000000000003 0.2 0.8 0.4 0 0.8 0 0.4 0 0 0 0.2 0 11.8 0 0 0 0.6000000000000001 0 0 0 0 0 0.6000000000000001 0 0 0.4 10 0 0 0 0 0 7.6000000000000005 0 0 0 0 0 3.6 4 0 0 0 0 0 0 0 0 4.800000000000001 13.600000000000001 0 4.4 3.6 0 1.8 8.200000000000001 3.6 4.4 2.2 0 0 4 9 1.6 4.2 0.2 4 0 0 0 0.4 0 0 0 0.2 0 0 0 0 0 0 0 0 0 0 0 0.6000000000000001 0 0 0 0 0 0 0 0 0 0 0 0 0 0 0 0 0 2 0 0 0 0 0 3.6 0 0 7.800000000000001 0 0 0 2.4000000000000004 0 5.4 0 0 0 1.6 0 0 0 0 14.200000000000001 2.2 13 0.6000000000000001 0 0 0 2.6 1.2000000000000002 15.4 0.6000000000000001 2.2 6.2 3.8000000000000003 3.2 3.6 5.2 0.2 10 6.2 0 0 0 0 0 0 0 0 0 0 0 0 9.4 0 0 0 0 0 4.4 0 0 0 0 0 0.4 0 0 0 0 0 0 0 0 0 0 0 1.2000000000000002 0 0 0 0 0 0 0 0 0 0 0 0 0 0 0 0 0 1 0 0.4 17.6 0 0 0.4 0.2 0 0 0 0 0 0 0 0 0 0.2 0 0 0 0 0 0 0 0 0 13.8 0 0 0 0 4 0 0 0 
 0 0 0 0 0 12 0 0 3.6 0 0 0 0 0 0.6000000000000001 0 0 0 0 0 32 56.400000000000006 51.6 22.6 30.8 27.200000000000003 27.6 78.4 0 30.400000000000002 7 41 34.4 27 47 60.2 64.60000000000001 16.2 19.400000000000002 44.800000000000004 0.2 0.6000000000000001 1.8 0 0.6000000000000001 1.4000000000000001 0 0 0 0 1.2000000000000002 0 0.2 0 0.4 0 0 0 0.4 0 0 0 0.4 7.2 0.6000000000000001 0.6000000000000001 0 0 0.6000000000000001 0 0.2 0.4 0 0 1 0 0 1 0 0 0 0 0 0 0 0 0 0 0 2.6 0 0 0 0 0 0 0 0 0 0 0 2.8000000000000003 9.8 3.6 3.8000000000000003 0 0.4 0 1.6 5.2 2.6 0 0 4.6000000000000005 3.6 0.6000000000000001 3.8000000000000003 9.8 2.4000000000000004 3.6 0 0 0 0 0 0 0 0 0 4 0 0 0 0 3.2 0 0 10.200000000000001 2.4000000000000004 0 0 0.2 0.2 0 0.4 0 0 0 0 0 0 0 0 0 0 0 0.2 0 0 0 0 0 0 6 0 0.4 0 0 0 0 2.6 0 0 0 1 0.4 0 0.4 0 0 6 0 2.8000000000000003 6 4.800000000000001 0 1.8 0 2.4000000000000004 2 6.2 1 0 0 4.800000000000001 2.6 0 5.2 1 0 3.6 0 0 0 0 0 3.6 0 0 0 0 2.2 0 0.4 0 0 0 0 7 0 0 0 0 0 0 0 0 0 0.2 0 0 0 0 0 0 0 0 0 0 0 0 0 3.4000000000000004 0 0 0 0 0 0 0 0 0 0 0 2.8000000000000003 0 0 0.8 27.200000000000003 0.4 3.4000000000000004 0 0 0 0 0 0 0 0 0 0 0.4 0 0 0 0 0 0 0 0 0 0 0 0 0.2 0 4 0 0 0 
 0 0 0.2 0 0.2 15 0.2 0 0 0 0 0 0 0 0 0 0.2 0.2 0 0.2 9.200000000000001 24 14.200000000000001 97.60000000000001 11.600000000000001 6.6000000000000005 48.800000000000004 7 30.400000000000002 0 37.2 16.8 34 8.8 38.400000000000006 12.4 37.4 7 32.6 14.600000000000001 0 9.8 1.4000000000000001 0.2 0 0.6000000000000001 4.2 0 0 0 0.2 0 0 12.4 12.4 0 0 0 16.2 24.8 0 0 0 0 0 0 0 0 10.600000000000001 0 0.2 0 0 0 0.6000000000000001 0 8.4 0.4 0 0 0 0 0 0 0 2.8000000000000003 0 0 0 0 0 0 0 0 0 0 0 0 0 0 2.4000000000000004 1.4000000000000001 0.2 3 3.6 5.2 0 0 10 0 3.6 5.800000000000001 0 0 3.6 0 1.4000000000000001 14.4 0 0 0 0 0 0 0 4.800000000000001 0 1.6 0 0 0 0 0 7.2 0 3 0 0 7 9.200000000000001 0 5.4 0 0 0 0 0 0 0 0 0 0 0 0 1.4000000000000001 0 0 0 0 0 0 0 0 0 0 0 0 0 0 0 0 0 1 0 0 0 0 0 0 0 0 3.6 0 4 6.2 4.4 1.6 3.2 2.4000000000000004 2.6 10 3.8000000000000003 0 0 0 3.2 2.4000000000000004 4.2 0 0 2.2 0 0 0 0 0 3.6 0.2 0 2 0 0 3.8000000000000003 4.800000000000001 0 0.2 0 0 1.6 0 0 0 0 5 0 0 0 0 0 0 0 0 0 0 0 0 0 0 0 0 0 0 0 0 0 0 0 0 0 0 0 0 0 0 0.2 0 0 15.4 0.2 0.4 0.6000000000000001 0 0 0 0 0 0.2 0 0 0 0 0 0 0 0 0 0 0 0 2.2 0 0 0 0 0 0 0 0 0 0 
 1 0.6000000000000001 0.6000000000000001 1 0.6000000000000001 0.6000000000000001 0.6000000000000001 0.2 0.6000000000000001 0.6000000000000001 0.6000000000000001 0.6000000000000001 17.8 1.8 1 0.6000000000000001 1 1 0.6000000000000001 0.6000000000000001 21 18.8 5.800000000000001 26 17.8 19 8.4 17.2 7 37.2 0 28.6 1.6 5.2 29.400000000000002 77.60000000000001 36 77.2 11.600000000000001 9.8 1 0 1.2000000000000002 13 0 0.6000000000000001 0 1 0 0 0 0 1.2000000000000002 12.600000000000001 0 0 0 0 23.6 12.8 0 0 0.6000000000000001 0 0 0 9.200000000000001 0 0.6000000000000001 6 0.8 9.600000000000001 0 0 0.6000000000000001 0 0 0.6000000000000001 0 0 0.2 0 0 0.4 0 0 0 0 0 0 0 0 0 0 0 0 0 0 0 0 0 3.6 0 5.2 10 2.2 0 1.8 2.4000000000000004 2.2 5.6000000000000005 7.800000000000001 0 0 1.8 1.8 0 7.6000000000000005 0 0.2 0 0 0 0 0 3.2 0 3.8000000000000003 1.4000000000000001 0 0.4 0 0 2.8000000000000003 8 3.2 0 3.2 7.800000000000001 6.4 0 0 0 0 0 0 0 0 0 0 0 0 0 0.2 0 0.4 0 0 0 0.4 0 1 0 0 14.4 0 0 0 0 0.2 0 0.4 0 0 0 0 0 0 0 0 0 0.2 8.200000000000001 7.2 3.2 2 3.6 2 5.2 0 5.800000000000001 4.2 0 0 0 3.2 0.2 6.2 0.4 0 3 0.2 6.4 0 1.8 0 0 2 0.4 2 0.4 0 0 0.8 0 0 0 1.2000000000000002 6.800000000000001 0 0 0 0 0 0 0 1 0 3.8000000000000003 0 0 0 0 0 0 0 0 0 0 0 0 0 0.2 0 0 7.4 0 0 0 0 0 0 0 0 3 0.2 0 7.800000000000001 14.600000000000001 0 0 0 0 0 0 0 0 0 0 0 0 0 0 0 0 0 0 0 0 0 0 2 0 0.8 0 0 0 0 0 0 
 0 0 0 0.4 0.4 0 0 0 0 0 0 0 0 0 1.2000000000000002 0.2 0 0 0 0 52.2 10.4 30.400000000000002 29.6 22.8 12.200000000000001 21.8 6.2 41 16.8 28.6 0 48.2 8 26.8 7 22.200000000000003 16 9.8 50.2 12.8 11.200000000000001 2.4000000000000004 0 0 0.6000000000000001 12.600000000000001 0 0 0 0 0 12.200000000000001 12.600000000000001 12.8 0 0 0 10.8 27.200000000000003 0 0 0.6000000000000001 2.4000000000000004 0.4 0.2 0 0 0.6000000000000001 1.8 0.6000000000000001 3 0 0 0.6000000000000001 0 0 0.6000000000000001 1.8 0 0 0 0 0 0 0 0 0 0 0 0 0 0 0 0 0 0 0 0 0 0 2.8000000000000003 0 0 2.6 0 0 0.2 2 2 3.2 6.2 0 0 0 1.8 0 0 0 0 0.2 0.2 1.6 1 0 0 0.2 12 0 1 0 0 2.4000000000000004 6.6000000000000005 5.4 6 0 3.4000000000000004 3 4.2 0 0 0.2 0 0.2 0 0 0 1.6 0.2 2 0 0 0.6000000000000001 0 0 0.4 0 0 0 0 2 0 0 0 0 0 0 0 0 0 0 0 0 0 0 0 0 0 0 0 1.8 0.2 0 2.2 6.800000000000001 1.4000000000000001 1.4000000000000001 0.2 0 1.6 2.2 0 0 0 0.6000000000000001 0 10.200000000000001 0 0 6.4 8.8 5.800000000000001 0 0 0 0.2 4.800000000000001 0.4 2 0 3.4000000000000004 0.8 1 0 2.2 1.6 3.6 12.600000000000001 0 0 0 0 0 0 0 0 0 0.4 0 3.2 0 0 0 0 0 0 0 0 0 0 0 0.2 0 0 0 0 0 0 0 0 0 0 0 0 0.8 0.6000000000000001 0 0 0.4 0.4 2.4000000000000004 0 0 0 0 0.4 0 0 0 0 0.2 0 0 0 0 0 0 0 0 0 1.8 0 4.2 0 0 0 0 0 0.2 
