 0 14.200000000000001 29 11.8 25.200000000000003 6 25.400000000000002 20.8 7.6000000000000005 6.2 52.400000000000006 3.8000000000000003 14.200000000000001 12.200000000000001 70 6.800000000000001 8.4 7.4 42 28.200000000000003 0.6000000000000001 0 0 0.6000000000000001 0 0.2 0.4 0 40.400000000000006 0 0.6000000000000001 0 0.4 0 0.8 0 0.4 0.2 0.4 0 0 0 0 0.4 0 0 0 0 0 0.2 0 0 0 0.2 0 0.4 0.4 0 0 0 0 0.6000000000000001 0 10.200000000000001 0 0 0 0.6000000000000001 0 0 0 0.4 0.6000000000000001 0 0 0 0 0 0 0 2.4000000000000004 3 4.4 0 0 0 9.8 8 0 4.2 0 0 2.8000000000000003 5.800000000000001 0 0 3.6 5 0.6000000000000001 3.6 0 0 0 0 0 0 0 0 0 0 0 0 0 0 0.4 0 0.2 0 0 0 0 0 0 0 0 0 0 0 0 0 0 4 0 0 0.2 0 0 0 0 0 0.2 0.6000000000000001 0 0.2 0.2 0 0 3 2.4000000000000004 0 0 0 0 0 0 0 0 0 0 0 2.8000000000000003 4.6000000000000005 3.8000000000000003 0 0 0 6.800000000000001 4.4 0 2 0 2.6 0 4.6000000000000005 4 2.2 0.6000000000000001 0.2 2.8000000000000003 2.4000000000000004 0 0 0 0 0 0 0.4 0 0 0 3 0 0 0 0 0 0 0 0 0 0 3.8000000000000003 0 0 0 0 0 0 0.4 0.4 0 0 0 0 0 0 0.2 0 0 0 0 0 0 0 0 0 0.4 0 0 0 0 0 0 0 0 0 0 0 0 0 0 0 0 0 0 0 0 0 0.2 0 0 1.4000000000000001 0 0 0 0 0 0 0 0 0 0 0 0 0 0 0 0 0 0 0 0 0 0 0 0 0 0 0 0 0 0 0 0 0 0.4 0 0 0 0 
 14.200000000000001 0 24.6 13.600000000000001 5 23.8 37 40.6 52 29.400000000000002 18.2 3.8000000000000003 29.200000000000003 7.6000000000000005 44.800000000000004 27 69.60000000000001 32.6 7 92.4 0.6000000000000001 0.4 0 0.6000000000000001 0 0.2 0.6000000000000001 0 0.6000000000000001 0 1.2000000000000002 0 0.8 0 0.8 0.2 0.4 0 17 0.2 0 0.8 0 0.4 0 0.4 0 0 0 0.2 0 0 0 0.2 0 0.4 0.4 0 0 0 0 0.6000000000000001 0 0.8 0 0 0 0.6000000000000001 0 0 0 0.4 0.6000000000000001 0 0 0 0.8 0.8 0 0 1.2000000000000002 6 3.8000000000000003 6.2 0.2 3.4000000000000004 2 5.800000000000001 3.6 3.8000000000000003 2.8000000000000003 0.4 0 3.8000000000000003 2 0 5.2 4.4 0 0.2 0 0 0 0 0 0 3.8000000000000003 0 0 0 0 0 3.2 0 0 0 6.800000000000001 0 0 2 0 0 0 0 0 0 0 0 0 0 0 0 0 0 0 0 0.2 0 0 0 0 0 0 0.4 0 0 0 1.2000000000000002 0 0.2 0 0 0 0 0 0 0 0 0 0 0.2 2.2 6.2 2.8000000000000003 4.6000000000000005 3.8000000000000003 2.4000000000000004 1.6 1.4000000000000001 2 4 3.2 0 3.2 3.4000000000000004 8.200000000000001 0 5.4 3.6 0.2 6 0 0 0 0 0 0 0 0.4 0 0 0 0 0 0 0 0 0 0 0 0 0 0 0 0 0 0 0 0 0 0 0 0 0 0 0 0 0 0 0 0 0 0 0.4 0 0 0 0 0 0 0 0 0 0 0 0 0 0 0 0 0 2 0 0 0 0.4 0.4 0 4.6000000000000005 0.2 1 2 0 0 0 0 0 0 0 0 0 0 0 0 0 0 0 0 0 0 0 0 0 0 0 0 0 0 0 0 0 0 0 0 0 0 0 0 0 0 
 29 24.6 0 18.400000000000002 35.6 47.2 17.400000000000002 46 55.2 24.400000000000002 44.400000000000006 8.200000000000001 59 14.4 58.6 160.8 24.8 18.8 33.2 29.8 0.8 0 0 0.6000000000000001 0 0 0.4 0 0.4 0 0.6000000000000001 0 7 0 0.4 0 0.4 0 15.4 7.6000000000000005 0 0 0 0.6000000000000001 0 0.4 1 0 0 0.6000000000000001 0 0 0 0 0 0.4 0.4 0 0 0 0 0.6000000000000001 0 0 0 0 0 0.2 0 0.6000000000000001 0 0.4 0.4 0 0.8 0 0 0 0 0 0 3.6 0.2 4.800000000000001 3 0 7.2 0.2 2.6 0 5.4 8 0.4 4 6.800000000000001 2.2 2.8000000000000003 0.4 2.6 0 0 0 0 0 0 0 7.800000000000001 6.6000000000000005 0 0 0 0 3.6 0 0 0 0.4 0 2 5.4 0 0 0 0 0 0 0 0 0 0 0 0 0 0 0 0 0 0 0 0 0.4 0.4 0 0 0.4 3.8000000000000003 0 0 0 0 3 3.2 0 0.2 0 0 0 0.6000000000000001 0 0 0 3.2 0 3 1.8 3.8000000000000003 0 2.8000000000000003 1.4000000000000001 3.6 7 0.4 0 3.4000000000000004 13.4 0 0 1.2000000000000002 1.8 0 0 0 0 0 0 0 0.2 0 4.800000000000001 0 0 0 0.2 0 2.2 0 0 0 0 6 0 0 0 0 0 0 0 0 0.2 0 0 0 0 0 0 0 0.2 0 0 0 0 0 0 0 0 0 0.2 0 0 2.2 0 0 0 0 0 0 0 0 0 0 0 0 0 0 0 9 0.2 0.4 9.600000000000001 0.8 3.2 2.2 0 0 0 0 0 0 0 0 0 0 3.6 0 0 0 0 0 0 0 0 0 0 0 0 1.6 0 1.8 0 0 0 0 0 0 0 0.2 0 0 0 0 
 11.8 13.600000000000001 18.400000000000002 0 37.2 6.800000000000001 72.2 35.2 15.200000000000001 19.6 14.600000000000001 26.6 42.400000000000006 35.800000000000004 96.2 11.600000000000001 11.200000000000001 51.800000000000004 19 50.400000000000006 0.6000000000000001 14.600000000000001 0.4 1 0 0 0.4 0 0 0 0.6000000000000001 0 5 0 12.4 0.4 0.4 0 15.200000000000001 14.600000000000001 0 0 0 0.6000000000000001 0 0 1.6 0 0 0.6000000000000001 0 0 0 0 0 0.4 0.4 0 0 0 0 1.2000000000000002 0 0.6000000000000001 0 0 0.2 0.2 0 0 0.4 0.4 0.4 0 0 0 0 0 0 0 0.2 3.8000000000000003 2.2 2.4000000000000004 3.6 0 0 9.8 5.6000000000000005 8 0 8.4 4 6 6.4 2.2 3.8000000000000003 3.6 0 0 2 0 3 0 0 0 0 4.6000000000000005 0 0 0 0 0 6.2 0.2 0 0.2 0 0 8 0 0 0 0 0 0 0 0 0 0 0 0 0 0 0 0 0.2 0 0 0 0 0 0 0.6000000000000001 0 3 0 0 0 0 0 0 2.8000000000000003 1 0 0 0 0 0 0 2 1.6 0 3 2 0 0 0 6 1 5.2 7.2 0 0 2.6 4.800000000000001 0 3 3.6 0 0 0 0 0 0 0 0 3.8000000000000003 0 0 0 0.4 0 0 0 1 0 0 2.2 2.2 0 0 0 0 0 0 0 0 0 0 0 0 0 0 0 0 0 0 0 0 0 0 0 0.2 0 0 0 0 0 0 0 0 0 0 0 0 0 0 0 0 0 0.2 0 0 0 0.2 17.6 0 0.6000000000000001 18 0 3.4000000000000004 0 0 0 0 0 0 0 0 0 0 0 0 0 0 0 0 0 0 0 0 0 0 0 0.2 0 0 0 0 0 0 0 0 0 0 0 0 0 0 
 25.200000000000003 5 35.6 37.2 0 18.6 12.200000000000001 8 13.4 16.400000000000002 40.6 9.8 13 33.4 35.4 37.2 33.6 30.8 12.600000000000001 16 18 0 0 0.4 0 0.6000000000000001 15.4 0.4 0 0 0.8 0.6000000000000001 15.4 29.6 3.8000000000000003 0 0.6000000000000001 0 15.200000000000001 16.6 0 0 0 0.6000000000000001 0 0.4 0.6000000000000001 0 0 0.6000000000000001 0 0 0 0 0 0.4 1.8 0 0 0 0 0.6000000000000001 14.600000000000001 6.4 0 0 0 0 0 0 0 0.4 0.4 0 0 0 0 0 0 0 0 0.8 1.8 1.8 4.2 3.4000000000000004 0.4 0 0 5.4 1.4000000000000001 5 0 1.2000000000000002 6.4 3.8000000000000003 2.8000000000000003 7 0 0 0 4.2 0 0 0 0 5.800000000000001 6.800000000000001 0 0 0 0 4.6000000000000005 4.2 1.6 0.2 0.4 0 2.4000000000000004 3.4000000000000004 0 0 0 0 0 0 0 0 0 0 0 0 0 0 0 0 0 0 0 0 0.4 0.2 0 0 0.4 0 0 0 0 0 0.8 0.8 0 0 0 0 0 0 0 0 1 0 0 5.800000000000001 2 8.200000000000001 0 0.4 2.8000000000000003 4.800000000000001 9 0.2 0 0 0 0.4 4.6000000000000005 0.2 0 0 4 2.8000000000000003 0 0 0 0 3.8000000000000003 0 9.200000000000001 0 0 0 1.4000000000000001 0 2.2 0 1.4000000000000001 0 3 3.6 0 0 0 0 0 0 0 0 0 0.2 0 0 0 0 0 0 0 0 0 0 0 0 0 0 4.2 0 0.2 0 1.8 0 0 0 0 0 0 0 0 0 0 0 0 0 0 0 0 0 17.400000000000002 0.2 0.8 0.4 0 1.8 0 0.4 0 0 0 0 0 0 0 0 0 0 0 0 0 0 0 0 0 0 0 0 0 2 2 0 0 0 0 0 0 0 0 0 0 0 0 0 
 6 23.8 47.2 6.800000000000001 18.6 0 6 7.2 69.2 10.200000000000001 48.2 33.2 48.2 8.4 10.4 37.4 30.400000000000002 32 53 6.800000000000001 1.2000000000000002 0 0 0.6000000000000001 0.4 16.6 0.4 0.2 0.2 0 0.6000000000000001 1 4.2 14.8 4.800000000000001 4.800000000000001 0.4 0.4 15.200000000000001 19 0 0 0 0.6000000000000001 0 0 0 0 0 0.8 0 0 1 0 0 0.4 1.2000000000000002 0 0 0 0 0.6000000000000001 0 0 0 0 0 0.2 0 0 0.4 0.4 0.4 0 0.4 0 0 0 0 0 0 0 0 4.4 5.4 5.6000000000000005 0 0 0 0 3.8000000000000003 5.2 0 0 0 3 0 3.6 0 0 1.6 5.2 6.6000000000000005 8.200000000000001 0 0 8.200000000000001 2.2 0.4 0 0 0.2 10 3 2.2 3 1.8 4.4 7.6000000000000005 3.6 0 0.8 0 0 0 0 0 0 0 0 0 0 0 0 0.2 0 0 0 0 0 0 0 0 0 0 0 0 0 0 0 0 0 0 0 0 0 0 0 0 0.2 0 0.4 0 0 0 1.8 0 0 0 7.4 2.2 2.4000000000000004 0 0 0 0 0 0.2 0.8 0 10.200000000000001 2 0 0 6.2 0 0.4 0.2 4.4 1.6 3.4000000000000004 2.8000000000000003 2.6 1 6.800000000000001 2.6 1.4000000000000001 5.2 2.4000000000000004 4.6000000000000005 0 0 0 0 0 0 0 0 0 0 0 0 0 0.2 0 0 0 0 0 0 0 0 0 0 0 0 0 0 0 0 1.8 0 0 0 0 0 2 0 0 0 0 0 0 0 0 1 0.4 0 0.8 1 0 1.2000000000000002 19.400000000000002 0 0 0 0 0 0.4 0 0 0 0 0 0 0 0 0 0 0 0 0 0 0 0 2 0 0 0 0 0 4.2 0 0 0 0 0 0 0 0 
 25.400000000000002 37 17.400000000000002 72.2 12.200000000000001 6 0 63.6 12.200000000000001 28 52.400000000000006 26.6 40.800000000000004 31.8 62.400000000000006 6.800000000000001 48.2 41.6 10.200000000000001 29.6 0.6000000000000001 1 1 15 0 0.6000000000000001 1.2000000000000002 0.6000000000000001 0.8 0 0.6000000000000001 0.2 5 0.2 1 0.4 0.4 0 1.2000000000000002 0 0 0 0 0.6000000000000001 0 0.4 0.6000000000000001 0 0 0.6000000000000001 0.2 0 0 0 0 0.4 0.4 0 0.4 0 0 1.2000000000000002 0 0 0.6000000000000001 0.4 0 0.6000000000000001 0 0 0.6000000000000001 1 0.4 0 0 0 0.6000000000000001 0.4 0 0 2 3 2.8000000000000003 1.4000000000000001 2.8000000000000003 0 11.8 4.2 0 12.4 0 0 0 0 4.800000000000001 0.6000000000000001 4.6000000000000005 7.2 2.8000000000000003 0 0 0 0 0 0 0 0.4 0 0 0 0 0 0 0 0 0 0 0 10.8 3.6 0.8 0 0 0 0 1 0 0 0 0 0 0 0 0 0 0 0 0 0 0 0 0 0 0 0 0 0 1.4000000000000001 0 0 0.2 0 0 0 0 0 0 0 0 0 1 2.4000000000000004 4 7.2 0 6 8.8 1 12 4.800000000000001 3.8000000000000003 3.4000000000000004 3.2 4.6000000000000005 6.2 7 6.2 0 0.8 0.2 1.6 0 0 0 0 0 0 0 0 0 0 0 0 1.6 0 0 0 0 6.4 1.2000000000000002 0 0 0 0 0 0 0 0 0 0 0 0 0 0 0 0 0 0 0 0 0 0 0 0 0 0 0.6000000000000001 0 0 0 0 0 0 0 0 0 0 0 0 0 0 0 0 0 0 0.4 0.2 0.4 0.4 9.4 0 2.4000000000000004 0 0 0 0 0 0.4 0 0 0 0 0 0 0 0 0 0 0 0 0 0 0 0 0 0 0 0 0 0 0 0 0 0 0 0 0 0 0 0 
 20.8 40.6 46 35.2 8 7.2 63.6 0 27 11.8 14 8.4 40.400000000000006 27.6 57.2 62.2 14.4 30.8 24.8 12.8 0.6000000000000001 0 0 0.4 0 0 0.6000000000000001 0 0 0 0.6000000000000001 0.2 0.4 0 0.4 0 0.4 0 16 0 0 0 0 0.6000000000000001 0 8.6 1.2000000000000002 0 0 0.6000000000000001 0 0 0 0 0 0.4 0.4 0 0 0 0 0.6000000000000001 0 0 0 0 0 0 0 0 0 0.4 0.4 0 0 0 0.6000000000000001 0 0 0 0.2 5.2 5.2 0.4 3.2 0 0 2.8000000000000003 3.2 8.8 2.8000000000000003 6 3.8000000000000003 8 2.2 0.2 3.8000000000000003 6.4 3.4000000000000004 0 2.4000000000000004 0 0 0 0.2 0 0.4 0 0 0 0 0.2 0 0 0 0 0 0 0.2 0.2 0.2 0 0.2 0 0 0 0 0 0.4 0 0 0 0 1.6 0 0 0 0 0 0.2 0 0 0 4.4 0 1 0 0 0 0 0 0 0 1.2000000000000002 0 0.6000000000000001 0 0 0.4 1.8 0 8.6 0 5.6000000000000005 2.4000000000000004 3.6 2 1.2000000000000002 7 0 6.2 9 5.6000000000000005 1 9.200000000000001 4.6000000000000005 4 2.8000000000000003 0 0.4 0 0 0 0 0 0 0 0 0 0 0 0 0 0 0 0 0 0 3.2 0.2 0 0 0 0 0 0 0 0 0 0 0 0 0 0 0 0 0 0 0 0 0 0 0 0 0 0 0.2 0 0 0 0 0 0 0 0 0.2 0 0 0 0.2 0 0 0 0 0 0 21.200000000000003 0.2 1.2000000000000002 18.400000000000002 1.4000000000000001 1.2000000000000002 0 0.2 0 0 0 0 0 0 0 0 3 0 0 0 0 0 0 0 0 0 0 0 0 0.2 0 0 0 0 0 0 0 0 0 0 0 0 0 0 
 7.6000000000000005 52 55.2 15.200000000000001 13.4 69.2 12.200000000000001 27 0 29.400000000000002 97.4 6.2 37.6 19.8 16 27 24.6 25 38.2 31.400000000000002 41.800000000000004 4.4 0 0.6000000000000001 0 0.6000000000000001 5.6000000000000005 0.2 0 0 0.6000000000000001 0 6.800000000000001 0 0.4 0 0.4 41.2 1.2000000000000002 0.4 0 0 0 0.4 0 0.2 0 1.2000000000000002 0 0.4 0 0 0 0 0 0.4 0.4 11.600000000000001 0 1 0 0.6000000000000001 0 0 0 0.2 0 0.4 0 0 0 0.4 0.6000000000000001 0 0 0 6.6000000000000005 0 0 0 0 5.6000000000000005 0 7 0 1.8 2.2 0 6.6000000000000005 0.2 3 0 0 2.4000000000000004 0 2.6 3.4000000000000004 3 0 2 0 0 0 0 0 0 0 0 0 0 0 0 1.6 0 0 0 0 0 0 0 0 0 0 0 0 0 0 0 0 0 0 0 0 0 0 0 0 0 0 0 0 0 0 0 0 0 0 1.2000000000000002 0 0 0 0 0 0 0 0 0 0 0 0 0 0 5.2 0 2.6 1.2000000000000002 2.2 1.8 1.8 0 0 0 0 1.6 2.4000000000000004 8.6 7.4 1.4000000000000001 1.8 4.2 0.6000000000000001 0 0 0 0 0 0 0 0 0 0 0 0 0 0 0 0 0 0 0 0 0 0 0 0 0 0 0 0 0 0 0 0 0 0 0 0 0 0 0 0 0 0 0 0 0 0 0 0 0 0 0 0 0 0 0 0 0 0 0 0 2 0 0 0 0 0.2 0.4 17.6 0 2.6 0.8 0 0 0 0 0 0 0 0 0 0 0 0 0 0 0 0 0 0 0 0 0 0 0 0 0 0 0 0 0 0 0 0 0 0 0 0 0 0 
 6.2 29.400000000000002 24.400000000000002 19.6 16.400000000000002 10.200000000000001 28 11.8 29.400000000000002 0 18.6 54 29.6 28.8 87 37 34.800000000000004 15 50.800000000000004 38.800000000000004 0.6000000000000001 0 0.4 0.6000000000000001 0 0 0.4 0 0 0 0.6000000000000001 0 0.6000000000000001 0.4 0.4 0 0.4 0 0.4 0.2 0 0 0 0.4 0 0.2 0 0 0 0 0 0 0 0.4 0 0.4 0.4 0 0 0 0 0.4 0 0 0.4 0 0 0.6000000000000001 0 0 0 0.4 0.6000000000000001 0 0.8 0 0 0 0 0 0.8 16.400000000000002 2.2 8.6 5 2 0 3.8000000000000003 7.4 5.4 6.2 2 0 0 1 8.6 4 4.2 2 3.2 0 0 0 0 0 0 4.6000000000000005 0 0 0 0 0 0 0 0 0 0 0 10 4.2 0 0 0 0 0.2 0 0 0 0 0 0 0 0.4 0 0 0.4 0.2 0 0 0 0 0 0 0.6000000000000001 0 1.2000000000000002 0 0 0 0 0 0 0 2 0 0 0 0 0 0 0 2.6 3.8000000000000003 0 8.4 6.4 0.2 3.4000000000000004 4 0.8 11 4.4 0 2.2 5.4 7.2 5 7.800000000000001 0 6.6000000000000005 0 0 0 0 0 0 0 0 0 0 0 0 0 0 0 0 0 0 8.200000000000001 2 0 0 0.4 0 0 0 0 0 0 0 0 0 2.2 0 0 0 0 0 0 0 0 0 0 0 0 0 0 0 0 0 0 0 0 0 0 0 0 0 0 0 0 2.8000000000000003 0 0 0.2 0 0 0 0.2 27.400000000000002 0.2 2.4000000000000004 2.2 6.4 0 0.6000000000000001 0 0 0 0 0 0 0 0.2 0 0 0 0 0 0 0 0 0 0 0 0.2 0 0 0 0 0 0 0 0 0 0 0 0 0 0 
 52.400000000000006 18.2 44.400000000000006 14.600000000000001 40.6 48.2 52.400000000000006 14 97.4 18.6 0 20.6 5.4 8.8 76.2 70.4 56.800000000000004 72 9.8 29.400000000000002 0.8 0 0 0.6000000000000001 0 0 0.4 0 0.2 0.2 0.8 1.2000000000000002 0.4 14.8 1.4000000000000001 0 0.4 0 15.200000000000001 16.6 0.4 0 0 0.4 0 0.4 0 0.4 0.4 0.4 0 0 0 0.4 0 0.4 4.6000000000000005 0 0 0.6000000000000001 0 0.4 0 0 0 0.4 0 0.6000000000000001 0.4 0 0.4 0.4 0.6000000000000001 0 0 0 0 0 0 0 1.2000000000000002 2.4000000000000004 0.2 2 6 2.2 2 4 0 3 7.6000000000000005 9.600000000000001 0 2.8000000000000003 2.8000000000000003 0 0 9.600000000000001 0 0 0.4 0 4.6000000000000005 0 0 0 6.4 2 0 0.8 0 0 7.6000000000000005 0 0 0.2 0 0 0.8 2.6 0 0 0 0 0 0 0 0 0 0 0 0 0 0 0 0 0 0 0 0 0 0 0 0.2 0 0 0 4.800000000000001 0 0 0.2 0 0 0 0 0 0 0 0 0 0.2 2.4000000000000004 5.800000000000001 4 0 5.6000000000000005 2 3 0 5 5.4 2.2 0 3 7 5.800000000000001 0 1.2000000000000002 1.6 0 0.4 0 0 0 0 0 1 0 10.200000000000001 0 0 0 0 0.4 2.8000000000000003 0 2 0 0 1.8 0 0 0 0 0 0 0 0 0 0 0 0 0 0 0 0 0 0 0 0 0 0 0 0 0 0 0 0 0 0 0 0 0 0 0 0 0 0 0 0 0 0 0 0 0 0.6000000000000001 0.4 0 0.6000000000000001 0.8 3.2 1.2000000000000002 0 3.6 0 0 0 0 0 0 0 0 0 0 0 0 0 0 0 0 0 0 0 0 0 2 0 0 0 0 0 0 0 0 0 0 0 0 0 0 
 3.8000000000000003 3.8000000000000003 8.200000000000001 26.6 9.8 33.2 26.6 8.4 6.2 54 20.6 0 10.8 7.2 21.8 12.4 38.2 16.6 9.200000000000001 10 16.8 0.6000000000000001 1.8 0.6000000000000001 0 0 39.6 7.2 0 0 1 0 15.4 30 29 0 0.4 0 7.4 0.4 0 0 0 0.4 0 0.4 0 0 0 0.6000000000000001 0 0 0 0 0 0.4 10.4 0 0 0 0 0.6000000000000001 0 0 0 0 0 0.4 0 0 0 0.4 0.6000000000000001 0 0 0.6000000000000001 0 0 0 7 0 3.6 0 1.6 9.600000000000001 2 0 0 0 0 3.4000000000000004 2 0 0 0.4 0 3.6 0 0 0 10.600000000000001 0 9.200000000000001 1.4000000000000001 0 0 6.6000000000000005 0 2.2 2.2 0 0.2 5.800000000000001 4.6000000000000005 0 0 0 3.6 5 5 0 0 0 0 0 0 0 0 0 0 0 0 0 0 0 0 0 0 0 0 0 0 0 0 0 0 0.2 0 0.4 0 0 1.6 0 0 0 0 0 0.6000000000000001 0 0 0 0 2 0 0 3.8000000000000003 0 0 0 0 0 0.6000000000000001 3.6 0 0 0 3 8.4 0 0 0 2.2 0 0 0 0 5.800000000000001 3.2 3.6 2.4000000000000004 2 0 5 0 0 6 1.2000000000000002 0.2 3.6 5.2 0 0.4 0 0 0 0 0 0 0 0 0 0 0 0 0 0 0 0 0 0 0 0 0 0 0 0.2 0 0 0 0 0 0 0.2 0 0 0 0 0 0 0 0 0 0 0 0 0.2 18 0 0.4 17.400000000000002 0 2.6 0 0 0 0 0 0 0 0 0 0 0 0 0 0 0 0 0 0 0 0 0 0 0 1.8 0 0 0 0 0 4.2 0 0 0 0 0 0 0 0 
 14.200000000000001 29.200000000000003 59 42.400000000000006 13 48.2 40.800000000000004 40.400000000000006 37.6 29.6 5.4 10.8 0 37.800000000000004 56.800000000000004 11.8 26.200000000000003 11.600000000000001 18.2 21.6 0.6000000000000001 0 0 1.2000000000000002 0.4 0 0.4 0 0 0 0.6000000000000001 0.4 1 0 0.4 0 0.4 0 0.4 0 0 0.2 0 0.4 0 1 0 0.6000000000000001 0 0.2 0 0 0 0.2 0 0.4 0.4 0 0 9.8 0 0.6000000000000001 0 0 0 0 0 0.6000000000000001 0 0 0.2 0.6000000000000001 1.2000000000000002 0 0 0.6000000000000001 0 0.6000000000000001 0 0 0 4.6000000000000005 0 6 4.4 0 0 2.4000000000000004 6.800000000000001 8.6 2.6 3.2 0 14.8 0 2.2 3.6 0.2 2.8000000000000003 0 0.2 0 0 0 0 1.4000000000000001 0 0 0 0 0 0 0 0 0 0 0 0 0.8 0 0 0 0 0 0 0 0 0 0 0 0 0 0 0 0 0 0 0 0 0 0 0 0 0 0 0 0 0.4 0 0 0 0 0 0 0.4 0 0 0 0 0 0 0 3.2 0 2.4000000000000004 3.6 0 2.4000000000000004 7.6000000000000005 0 1.8 1.8 4.800000000000001 2.4000000000000004 5.2 0.2 2 6.800000000000001 6.2 6.2 0.4 0 0 0 0 0 0 0 0 0 0 0 0 0.4 0 0 0 0 0.4 0 0 0 0 0 0 0 0 0 0 0 0 0 0 0.2 0 0 0 0 0 0 0 0 0 0 0 0 3.4000000000000004 0 0 0 0 0 0 0 0 0 0 0 0 0 0 0 0 0 0 0.2 0 0.2 0.6000000000000001 17.6 0.2 1.6 0.4 0 0 0 0 0 0 0 0.4 0 0 0 0 0 0 0 0 0 0 0 0 0 0 0 1.2000000000000002 0 0 0 0 0 0 0 0 0 0 0 0 0 
 12.200000000000001 7.6000000000000005 14.4 35.800000000000004 33.4 8.4 31.8 27.6 19.8 28.8 8.8 7.2 37.800000000000004 0 64 6 16.6 16.8 63.6 54.2 0.8 0 0 0.4 0.2 0 0.6000000000000001 0 0.2 0 41 0.2 0.4 0.4 0.4 0 0.4 0 0.4 0.2 13.4 0 0.6000000000000001 0.6000000000000001 1.2000000000000002 0.2 3.6 0 0 0.6000000000000001 0 0 0 0 0 0.4 0.4 0 0 0 0 0.6000000000000001 0 0 0.2 0 0.6000000000000001 0 0 0 0 0.8 0.4 0 0 0 0 0 0 0 0 3.2 1.8 0.4 4.2 0 2.2 10.600000000000001 7 4.6000000000000005 1 1.8 7.4 0 3.8000000000000003 4.4 0 2.2 7.6000000000000005 1.8 0 0 0 0 0 0 0 0 0 0 0 0 0 0 0.4 0 0 0 0 4.2 0 0 0 0 0 0 0 0 0 0 0 0 0 0 0 0 0 0 0 0 0 0.2 0 4.6000000000000005 0 2.8000000000000003 0 0 0 0 0 0 0 1.6 0 0 0 0 0 0 3.6 2.2 0 3 2 0.4 0 2 6.4 0.4 8.8 2 0 0 5.4 5.800000000000001 1 2.4000000000000004 0 4.2 0 0 0 0 0 0 0 0 0 0 0 0 0 0 0.2 4.2 0 0 0 1.8 0 0 0 0 0 0 0 0 0 0.4 0 0 0 0 0 0 0.4 0 0 0 0 0 0 0 0 0 2.2 0 0 0 0 0 0 0 0 0 0 0 0 0 0 0.2 0 0 0 0.2 17.6 0 0 0.2 0 3.8000000000000003 0 0 0 0 0 0 0 0 0 0 0 0 0 0 0 0 0 0 0 0 0 0 0 0 1.8 0 0 0 0 0 0 0 0 0.4 0 0 0 0 
 70 44.800000000000004 58.6 96.2 35.4 10.4 62.400000000000006 57.2 16 87 76.2 21.8 56.800000000000004 64 0 67.2 72.2 33.800000000000004 25.6 39 0.6000000000000001 0 0 1.2000000000000002 0 0 0.4 0 0 0 0.6000000000000001 3.6 0.8 0 0.4 0 0.4 0 0.4 0 0 0 0 0.6000000000000001 2.2 0.6000000000000001 0 0 0.2 0.2 0 0.2 0 0.2 0 0.4 0.6000000000000001 9 0 0 0 0.4 0 0 0 0 0 0.6000000000000001 0 0 0 0.4 0.6000000000000001 0 0 0 0 0 0 0 2.4000000000000004 5 6 4.6000000000000005 8.6 3.6 0 10.200000000000001 3.6 11.200000000000001 0 0 3.2 0 5.4 6 8 7.800000000000001 7.800000000000001 7.800000000000001 0 0 0 0.2 0 0.4 2.8000000000000003 0 0 0 0 0 0 0 0 0 0 0 2.6 5.6000000000000005 0 0 0 0 0 0 0 0 0 0 0 0 0 0 0 0 0 0 0 0 0 0 0 1 0 3.6 0 0.6000000000000001 0 0 0 0 0 1.2000000000000002 0 0 0 0.2 0 0 4.4 1 0 9.200000000000001 4.4 3.4000000000000004 2.2 2 1.8 7.4 0 0.6000000000000001 2.6 5.2 3.4000000000000004 8 4.800000000000001 8.4 0 2 0 0 0 0 0.2 0 0 0 0 0 0.4 0 0.4 0 0 0 0 0 4.6000000000000005 2 0 0 3.2 0 0 0 0 0 0 0 0 0 0 0 0 0 0 0 0 0 0 0 0.2 0 0.2 0 0 0 0 0 0.4 0 0 0 0 0 0.4 0.6000000000000001 0 0 0 0 0 0 0 0.4 0 0 0.8 17.400000000000002 0 2.8000000000000003 0 0 0 0 0 0 0 0 0 0 0 0 0 0 0 0 0 0 0 0 0 0 0 0 0 0 0 0 0 0 0 0 0 0 0 0 0 0 
 6.800000000000001 27 160.8 11.600000000000001 37.2 37.4 6.800000000000001 62.2 27 37 70.4 12.4 11.8 6 67.2 0 36.2 40 8.4 16 0.6000000000000001 0.6000000000000001 0 0.6000000000000001 0 0 0.6000000000000001 0 0 0 1.2000000000000002 0.4 5 15 0.6000000000000001 0 0.8 0 1 30.8 0 0 0 0.4 0 0 2.2 0 0 0.4 0 0 0 0 0 0.4 0.4 1 0 0 12 1.4000000000000001 0.2 1 0 0 0 0.6000000000000001 0 0 0 6.4 0.6000000000000001 0 0 0 0 0 0 0 2.2 0 2.6 6.4 2.6 3.6 0 0 2.8000000000000003 0 4 7 3 0 0.4 1.8 4.6000000000000005 0.2 3 0.2 2 0 0 0 0 0 6.4 12 0 0 0 0 5.4 7.2 4 0 0 0 2.8000000000000003 4.800000000000001 0 0 0 0 0 0 0 0 0 3.4000000000000004 0 0 0 0 0 0 0 0 0 0 0 0 0 0 0 0 0 0 0 0 0.8 0 0 0.6000000000000001 0 0 0 0.8 0 0 0 2.6 0.4 1 2.6 2 0 0 2.6 3.4000000000000004 5.800000000000001 4.2 0 0 4.2 0 2.6 1.2000000000000002 1 0 0 1.4000000000000001 0 0 0 0 0 0 3 0 0 0 0.2 0 3.4000000000000004 0 1.4000000000000001 0 2 0.6000000000000001 0 0 0 0 0 8.4 0 0 0 0 0 2 0 0 0.4 0.2 0 0.2 0 0.2 0 0 0 0 0 0 0 0 0 0 0 0 0 0 0 0 0 0 0 0 0 0.4 0 0 0.4 0 17.400000000000002 0 0.4 0.2 0 0 0 0 0 0 0 0 0 0 0 0 2.8000000000000003 0 0 0 0 0 0 0 0 0 0 0 0 5.4 0.2 1.2000000000000002 0 0 0 0 0 0 0 0 0 0 0 0 
 8.4 69.60000000000001 24.8 11.200000000000001 33.6 30.400000000000002 48.2 14.4 24.6 34.800000000000004 56.800000000000004 38.2 26.200000000000003 16.6 72.2 36.2 0 14.8 44.6 64.60000000000001 0.6000000000000001 0 0.2 0.8 0 0 0.6000000000000001 0 0 0 0.6000000000000001 0 7 0 0.8 0.2 0.4 0 0.8 4.800000000000001 0 0 0.6000000000000001 0.4 0 1 0 0 0 0.6000000000000001 0 0 0 0 0 0.4 0.4 0.2 0 0 0 0.6000000000000001 0 0 0 0 0.2 0.4 0 0 0.4 0.4 0.6000000000000001 0 0.8 0 0 0 0 0 0 10.600000000000001 0.4 0.2 3.8000000000000003 0 0 2 10.8 0.2 10 13.8 5 0.2 0.6000000000000001 4.800000000000001 3.8000000000000003 0.2 3.6 2 0 0 0 0 0 0 4 6.6000000000000005 0 0 0 0 0 0.4 0 0 0 0.2 1.8 2.2 0 0 0 0 0 0 0 0 0 0 0 0 0 0 0 0 0 0 0 0 0 0 0 0.4 0 0.4 0 0 0 0 0.8 0 0 1.8 0 0 0 0.8 0 0 0 0 0.6000000000000001 0 4 1.2000000000000002 0 2 7.4 2.4000000000000004 11.200000000000001 0 0 0 2.8000000000000003 2.6 1.6 4.2 0 2.6 0 0 0 0 0 0 2.4000000000000004 0 0.4 0 0 0 0.4 0 1 0.2 0 0 0 2.4000000000000004 0 0 0 0 0 0 0 0 0 0 0 0 0 0 0 3.2 0 0 0 0 0 0 0 1.8 0 0 2 0 0 0 0 0 0 0 2.6 0 0 0 0 0 0 2.8000000000000003 0 0 0 0.4 0.6000000000000001 0.2 0.4 0.4 0 0.4 0 0 0 0 0 0 0 0 0 0 0 0 0 0 0 0 0 0 0 0 0 0 0 3.6 4 4 0 0 0 0 0 0 0 0 0 0 0 0 
 7.4 32.6 18.8 51.800000000000004 30.8 32 41.6 30.8 25 15 72 16.6 11.600000000000001 16.8 33.800000000000004 40 14.8 0 10 23.8 1.2000000000000002 0 0 0.6000000000000001 0 0 14.8 0 0.2 0.6000000000000001 1 15.4 15.4 0 15.8 0 0.4 0 0.4 4.6000000000000005 0.8 0 0 0.4 13 0.8 1.4000000000000001 0.8 0.8 1.2000000000000002 0 0 0 0 0 0.4 0.4 0.4 0 1.6 0 2.8000000000000003 0 0 0 0 0 0.4 0 0 14.200000000000001 0.4 0.8 0 0 0 0 0 0 0 1 0 4.800000000000001 1.6 0 0 0 3.2 2.8000000000000003 4.2 4.2 5 3.6 0 3.8000000000000003 1.8 2 7.6000000000000005 2.8000000000000003 0 0.6000000000000001 0 0 0.2 0 0 4.6000000000000005 5.4 0 0 0.4 0 3.6 3.8000000000000003 2.6 0 0 0 0.2 11.200000000000001 0 0 0 0 0 3.2 0 0 0 0 0 0 0 0 0 0 0 0 0 0 0 0 3.6 0.6000000000000001 0 1.2000000000000002 0 0 0 0 0 0.2 0 2.2 0 0 0 0 0 0 1.8 2.6 0 4.6000000000000005 4.4 0 2.8000000000000003 0 6.2 1.6 13.200000000000001 5.4 2.6 0 3 11.4 2.8000000000000003 4 1.4000000000000001 0 0 0 0 0 0 0 0 5.4 0 0.2 0 0 0 0 0 2 0 0 2.4000000000000004 5.4 0 0 0 0 0 0 0 0 0 0 0 3.2 0 0 0 2.4000000000000004 0 0 0 0 0 0 0 0 4 0 0 0 0 0 0 0 0 0 0 0 0 0 0 0 0 0.2 0 0 0 0 17.2 0 0 1.4000000000000001 0 1.4000000000000001 0 0 0 0 0 0 0 0 0 0 0 0 0 0 0 0 0 0 0 0 0 0 0 0.2 3 0.4 0 0 0 0 0 0 0 0 0 0 0 0 
 42 7 33.2 19 12.600000000000001 53 10.200000000000001 24.8 38.2 50.800000000000004 9.8 9.200000000000001 18.2 63.6 25.6 8.4 44.6 10 0 29.8 0.6000000000000001 0 0 0.6000000000000001 0 0 0.4 0 0 0 0.6000000000000001 0.2 1.4000000000000001 0 0.4 0 1.2000000000000002 3.6 0.4 0 0 0 0 0.4 0 0.2 3 0.6000000000000001 0 0.4 0 0 0 0 0 0.4 0.4 0 0 0 0 7 0 0 0 0 0 0.4 0 0 0 0.4 0.6000000000000001 0 0 0 0 0 0 0 0 0.2 2.8000000000000003 0 1.8 0 1.8 4 5 0.6000000000000001 3.4000000000000004 0 8.6 1.8 0 4 0 3 9.8 4 0 0 0 0 0 0 0 0 0 0 0 0 0 0 0 2.4000000000000004 0 0 0 0 0 0 0 0 0 0 0 0 0 0 0 0 0.2 0 0 0 0.2 0 0 0 0 0 0 0 0 0 0 0 4 0.2 0 0 0 0 0 0 0 0 0 0 3.2 2.8000000000000003 0.4 0.2 0 0.2 0.4 0.2 0.2 2.8000000000000003 0 0 0 0 7 1.8 7 4.800000000000001 1 8.200000000000001 0 0 0 0 0 0 0 0 0.4 0 0 0 0 0 0 0 0 0 0 0 2 0 0 0 0 0 0 0 0 0 0 0 0 0 0 0 0 0 0 0 0 0 0 0.2 0 0 0 0 0 0 0 0 0 0 0 0 0 0 0 0 0 0 0 0 0 0 18 0 0.2 0 0 3.6 0 0 0 0 0 0 0 0 0 0 3.2 0 0 0 0 0 0 0 0 0 0 0 0 0 0 0 0 0 0 0 0 0 0 0 0 0 0 0 
 28.200000000000003 92.4 29.8 50.400000000000006 16 6.800000000000001 29.6 12.8 31.400000000000002 38.800000000000004 29.400000000000002 10 21.6 54.2 39 16 64.60000000000001 23.8 29.8 0 0.8 0.6000000000000001 0 0.6000000000000001 0 0 1 0 0.2 0 0.6000000000000001 0 0.8 0 0.4 0 0.4 0 0.4 0.2 0.4 0 0 0.4 0 0.2 0.6000000000000001 0 0 0.4 0 0 0.4 0 0 0.4 0.4 0 0 0 0 0.6000000000000001 0 0 0 0 0 0.6000000000000001 0 0 0 0.8 0.6000000000000001 0 0 0 0 0 0 0 1.6 2.8000000000000003 0 6.800000000000001 1.8 0 4.4 2.8000000000000003 5.4 5.6000000000000005 0 0 11.200000000000001 2.6 4.6000000000000005 3.2 4.2 13.600000000000001 2.6 8.200000000000001 0 0 0 0 0 0 0 0 0 0 0 0 0 0 0.4 0 0 0 0 3.4000000000000004 0 0 0 0 0 0 0 0 0 0 0 0 0 0 0 0 0 0 0 0 0 0.2 0 0 0 0 0 1.2000000000000002 0 0 0 0 0 0 0 0 0 0 0 0 3 0.2 6.4 1.8 0.4 4 2.2 2.4000000000000004 5 8.200000000000001 3.8000000000000003 0 0 5.6000000000000005 5.2 2.2 3.4000000000000004 3.2 0.4 5.800000000000001 0 0 0 0 0 0 0 0 0 0 3 0 2.8000000000000003 0 0.2 0 0 0 3 1.4000000000000001 0 0 0 0 0 0 0 0 0 0.4 0 0 0 0 0 2.4000000000000004 0.4 0 2.2 0 0 0 0 0 0 0 0.4 0 0.2 0 0 0 0 0 0 0 0 0 0 0 0 0 0 0 0 0.4 0.2 0 0.4 0.4 0 4 0.2 0 0 0 0 0 0 0 0 0 0 0 0 0.2 0 0 0 0 0 0 0 0 0 0 0 0 0 0 0 0 0 0 0 0.4 0 0 0 0 
 0.6000000000000001 0.6000000000000001 0.8 0.6000000000000001 18 1.2000000000000002 0.6000000000000001 0.6000000000000001 41.800000000000004 0.6000000000000001 0.8 16.8 0.6000000000000001 0.8 0.6000000000000001 0.6000000000000001 0.6000000000000001 1.2000000000000002 0.6000000000000001 0.8 0 26.200000000000003 48 54 52.400000000000006 8 85.2 23.6 71.8 26.200000000000003 22.200000000000003 18.2 96.60000000000001 33.4 86.60000000000001 43.800000000000004 23.200000000000003 64.4 6 31 0 0 0 1.6 0 0.2 0 1 0 0 0 0 0 0 0 0 0 0 0 0 0 0 0.4 0 0 9.8 0.6000000000000001 0 0.6000000000000001 0 0.8 0 0 0.6000000000000001 0 0.6000000000000001 0 0 0 0 0 0 0 0.6000000000000001 2.8000000000000003 4.2 0 0 0 0 0 0 0 0 0 0 0.2 0 0 0.8 1.2000000000000002 8.4 0 0 10.200000000000001 8.8 2 0.2 3 7.6000000000000005 4 2 3.2 3 0.2 1 8.4 3.6 0 0 0 0 0 0.4 0.4 0 0 0 0 0 0 0 0 0 0 0 0 0 5.800000000000001 0 0 0 0 0 0 0.4 1.8 0 0 0 0 0.8 0 0 0 0 0 0 0 0 0 0 0.4 3.2 0 1.6 0 0 0 0 0 0 0 0 0 0 0 0 0 0 0 9.4 4.4 1.2000000000000002 6 5 5 5.800000000000001 0 1 5.2 3 1.6 4.800000000000001 2.2 4 4.800000000000001 6 0 4 0 0 0 0 0 0 0 0 0 0 0 0 0.4 5.2 0.2 0 0 0 1.2000000000000002 3.8000000000000003 0 0 0 0 0 0 0 0 0 0 0 0.2 0 0 0.2 0 0 0 0 0 0 0 0 0 0 0 13 0 0 0 0 0 0 0 2.8000000000000003 0 0.4 0 0 0.4 0.8 0 0 0 0 0 0 0 0 0 0 0 0 0 0 0 0 0.2 0 0 0 0.2 0 0.2 0 1.6 2 0 0 0 
 0 0.4 0 14.600000000000001 0 0 1 0 4.4 0 0 0.6000000000000001 0 0 0 0.6000000000000001 0 0 0 0.6000000000000001 26.200000000000003 0 80 27.6 36.800000000000004 23.200000000000003 48.2 24 86 8 21.6 4.800000000000001 26.200000000000003 28.400000000000002 17.400000000000002 36.4 94.80000000000001 40 28.400000000000002 97 0 0 0 2.2 0 0.2 0 0 0 0 0.2 0 0 0 0 0 0 0 4.4 0 0.6000000000000001 0.2 0.6000000000000001 0 0 0 0.4 0 0.6000000000000001 0 10.4 9 0 0.6000000000000001 0 1 0 0 0 0 0 0 0 0 0 0.2 0 0 0 3.6 0 0 0 0 0 0 0 0 0 0 0 12.4 10.600000000000001 4.2 5 5.4 0 2.6 9.600000000000001 6 5 3 0 2.6 7.6000000000000005 3.8000000000000003 4 5.2 0 1.2000000000000002 0 0 0 0 0 0 0.2 0 0 0 0 0 0 0 0 0.4 0 0 5 2.2 0 3 0 0 0 0 2.8000000000000003 0 0 0 0 0 0 0 0 0 0 0 0 0 0.8 0 0 0 0.4 0 0 0 0 0 0 0 0 2.2 0 0 0 0 0 0 3.8000000000000003 2.8000000000000003 0 3.4000000000000004 3.6 0 0 4 3.6 7.4 3 4.2 2.4000000000000004 3.6 16 1.8 2.4000000000000004 2 2.8000000000000003 0 0 0 0 0.2 0 0 0 0 0 0 0 0 1.8 2 0 0 0 0 3.2 6.6000000000000005 0 0 0 0 0 0 0 0 0 0 0 0 0 0 0 0.4 0 0 0 0 0 0 0 0 0 0 0 0 0 0 0 0 0 0 4.2 0 0.2 0 16 0 0.6000000000000001 0 0 0 0.4 0 0 0 0 0 0 0 0 0 0 0 0 0 0 0 0 0 0 0 0 1.4000000000000001 0 0 0 0 
 0 0 0 0.4 0 0 1 0 0 0.4 0 1.8 0 0 0 0 0.2 0 0 0 48 80 0 49 46.6 5.4 28.400000000000002 26 14 81.60000000000001 29 9.600000000000001 14.8 42.2 9 38.800000000000004 31.8 7 25.400000000000002 75.4 12.600000000000001 0 0.2 1.4000000000000001 0.6000000000000001 0.2 0 0 0.4 0 0 0 12.4 0 0.4 0 0 0 26 1 6.4 0.4 0.6000000000000001 0 0 0 0.4 0.4 1 0 0 0.6000000000000001 0 0.6000000000000001 0 1 0.4 0 0 0 0 0 0 0 0 0 0 0 0 0 0 0 0 0 0 0 0 0 0 0 6.6000000000000005 3.8000000000000003 3.2 0 6.800000000000001 5.800000000000001 0 3.6 2.2 3.4000000000000004 4.800000000000001 5 0 0 3.8000000000000003 3.8000000000000003 5.800000000000001 2.6 0 0 2.2 2.6 1.6 0 0 0 5.800000000000001 3.2 0 0 0 0 6 3.2 0 0 0 0 2.4000000000000004 13.200000000000001 0 11.8 0 0 0 0 0 0 0 0.2 0 0 0 0 0 0 0 0 0 1.4000000000000001 0 0 0 4 0 0 0 0 0 0 0 0 0 0 0 0 0 0 0 0 0 1.8 1.6 2.4000000000000004 1 3.6 0 5.4 4.4 3.4000000000000004 0 2.4000000000000004 3.4000000000000004 14.200000000000001 0.4 0 12 0 0 1.4000000000000001 2.4000000000000004 0 0 0 0 0 0 3.8000000000000003 0.2 0 0 0 0 3.4000000000000004 0 0 0 0 2.6 4.2 0 0 0 1.4000000000000001 0 0 0 0 0 0 0 0 0 0 0 0 0 0 0 0 0 0 1 0 0 0 0 0 0 0 0 0 0 0 3.4000000000000004 0.6000000000000001 0.4 30.8 0 0 0 3.4000000000000004 0 0 0 0 5.6000000000000005 0 0 0 0 0 0 0 0 0 0 0 0 2.6 0 0 0 0 0 0 0 0 0 0 
 0.6000000000000001 0.6000000000000001 0.6000000000000001 1 0.4 0.6000000000000001 15 0.4 0.6000000000000001 0.6000000000000001 0.6000000000000001 0.6000000000000001 1.2000000000000002 0.4 1.2000000000000002 0.6000000000000001 0.8 0.6000000000000001 0.6000000000000001 0.6000000000000001 54 27.6 49 0 76.60000000000001 11.4 100.60000000000001 7.800000000000001 79.60000000000001 31.8 44 90.80000000000001 16.400000000000002 55.6 43.400000000000006 38.400000000000006 59.800000000000004 24.8 59 58.400000000000006 12.600000000000001 0.2 0 0 0 0.4 0 0 0 0 0 0 12.600000000000001 0 0 6.2 0 0 24 13.4 0 0 0.4 0 0 0 0.6000000000000001 0 0.6000000000000001 0 2.4000000000000004 0 0 0.6000000000000001 0 0.6000000000000001 0 0 0 0 0 0 0 0 0 0 0 0 4.4 0 0 0 0 0 0 0 0 0 0 0 0 0 1.4000000000000001 2 0 5.2 0 0 0 4.2 4.2 5.6000000000000005 0 0 3 3.6 6.4 3.6 0 0 0.2 3.6 2.4000000000000004 2.8000000000000003 0 0 0 3.8000000000000003 0 0 0 0 0.2 0.2 0.2 0 0 2.4000000000000004 0 0 1 0 0 0 0 0 0 0 0 0.6000000000000001 0 0 0 0 0 0 0 0 0.4 1 0 0 0 0.2 0 0 0 0 0 0 0 0 0 0.6000000000000001 0 0 0 0 0 0 0 0.4 4.2 2.6 2 6.800000000000001 0 0 0 0.2 2.8000000000000003 6.2 0 3 2.4000000000000004 4.2 0.2 5 0 0 0.2 0 0 0 0 0 4.6000000000000005 2.8000000000000003 4.4 0 0 0 0.4 3.4000000000000004 0.4 0 2.4000000000000004 0.2 5 5.2 0 0 0 0 0 0 0 0 0 0 0 0 0 0 0 0 0 0 0 0 0 0 0 0 0 0 0 0 0 0 0 0 0 0 1.2000000000000002 0 0 4 13.4 0.2 2.8000000000000003 0.2 0 0 0 0 0 0 0 0 0 0 0 0 0 0 0 0 0 0 0 0 0 0 0 0 2.4000000000000004 0 0 0 
 0 0 0 0 0 0.4 0 0 0 0 0 0 0.4 0.2 0 0 0 0 0 0 52.400000000000006 36.800000000000004 46.6 76.60000000000001 0 12.8 7.6000000000000005 30 63.2 10.4 33.4 97.2 13.600000000000001 13.8 44.2 13.8 34 44.400000000000006 14 71.8 0 0 0.4 0 0 0.2 12.600000000000001 3.2 0 12.4 0 0 12.4 0 16.6 8 12.4 0 0 3.8000000000000003 0 0.4 0.6000000000000001 0 0 0 0.4 0 0.6000000000000001 1.8 0 0 0.2 0.6000000000000001 0 0.4 0 0 12.200000000000001 0 0 0 0.6000000000000001 0 0 0 0 0 0 0 0 0 0 0 0 0 0 2 0 0 0 0 5 3.2 7.4 9.600000000000001 0 0 1.6 6.800000000000001 3.8000000000000003 6 0 0 4.4 2.4000000000000004 0 3.4000000000000004 0 0 1.4000000000000001 0 0 2.2 0 0 10.4 0 0 0 1.4000000000000001 0 0 1 0 0.2 0 1.8 0 6.6000000000000005 0 4.6000000000000005 0 0 0 0 0 0 0 0 0 0 0 0 0 0 0 0 0 0 0 0 0 0 0 0 0 0 0 0 0 0 2.4000000000000004 2 0 0 0 0 0 0 0 0 2.4000000000000004 6.4 0.2 5.6000000000000005 0 0.6000000000000001 2.6 5 1.2000000000000002 3.2 0 6.6000000000000005 3 2 2.8000000000000003 1.8 0 0 0 0.8 0 0 0 0 1.6 0 0 0 0 0 4 0 1.8 0.4 0 2.4000000000000004 3 1.2000000000000002 0 0.2 0 0 0 0 0 0 0 0.2 0 0 0 0 0 0 0 0 0 0 0 0 0 0 0 0.4 0 0 0 0 0 0 0 0 2 0 1 0.8 7.6000000000000005 0.2 2.8000000000000003 0 0 0 0 0 0.4 0 0 0 0 0 0 0 0 0 0 0 0 0 0 3.4000000000000004 0 0 0.2 0 0 2.6 0 0 
 0.2 0.2 0 0 0.6000000000000001 16.6 0.6000000000000001 0 0.6000000000000001 0 0 0 0 0 0 0 0 0 0 0 8 23.200000000000003 5.4 11.4 12.8 0 61.800000000000004 12 26.6 51.6 33.800000000000004 29.400000000000002 7.800000000000001 6.2 40.6 82.60000000000001 30.400000000000002 68.8 18 11.600000000000001 0.8 0 0 0 0 0.2 0 16.400000000000002 12.4 25.200000000000003 14.600000000000001 0.4 12.8 14.200000000000001 12.4 18.8 12.4 0 0 3.6 0 3.8000000000000003 0.6000000000000001 0.2 0 0 0.6000000000000001 0 0.6000000000000001 0 2.8000000000000003 0 0.2 0.6000000000000001 0 0.4 0 0 0 0 3.8000000000000003 0 0.2 0 0 0 0 0 0 0 0 0 0 0 0 0 0 0 0 0 0 0 0 0.2 0 8.6 0 0 0 0 4.2 7 0 0 4.2 0 1.2000000000000002 0 0.2 0.4 1.8 3.8000000000000003 8.4 1.6 2.4000000000000004 0 5.6000000000000005 0.4 5.800000000000001 0 4.6000000000000005 0 2.6 4.800000000000001 0 4.800000000000001 0 2.4000000000000004 0.2 3.4000000000000004 0 0 0 0 0 0 0 0 0 0 0.2 0 4.2 0 0 0 0 0 0 0 2.2 0 0 0 0 0 0 0 0 0 0 0 0 0.8 0 0 0.4 0 0 0.4 0 0.4 2 2.8000000000000003 2 5.6000000000000005 0 0 0 4.6000000000000005 3.6 2 0 4.4 0 4.6000000000000005 0 3.8000000000000003 0 0 0.2 0 4.4 0.6000000000000001 0 0 1.4000000000000001 3.2 0 0 3.4000000000000004 0 4.6000000000000005 3.4000000000000004 18.400000000000002 2.2 0.8 3.6 0.2 2.8000000000000003 0 0 0 0 0.2 0 0 0 0 0 0.4 0 0 0 0 0 0 0 0 0 0 0 0 0 0 0 0 0 0 0 0 0 0 0 4.800000000000001 1 0.8 0.2 0.2 0.2 1.2000000000000002 0 0 0 0 0 0 0 0 0 0 0 0 0 0 0 0 0 0 0 0 0 0 0 0 0 2.6 1.4000000000000001 0 0 
 0.4 0.6000000000000001 0.4 0.4 15.4 0.4 1.2000000000000002 0.6000000000000001 5.6000000000000005 0.4 0.4 39.6 0.4 0.6000000000000001 0.4 0.6000000000000001 0.6000000000000001 14.8 0.4 1 85.2 48.2 28.400000000000002 100.60000000000001 7.6000000000000005 61.800000000000004 0 36.800000000000004 33.2 78.2 52.2 7.6000000000000005 22 51.6 39.6 78.60000000000001 27.8 20.400000000000002 40.800000000000004 30.200000000000003 0 0.4 0 0 0 0.2 0 0 0 0.4 0.6000000000000001 0 0 0.4 0 0 0 0 0.8 0.4 0.4 0.2 0.6000000000000001 0 0.2 0 0.4 0 0.6000000000000001 0 0.2 0 0 0.8 0 10.8 0 0 0 0 0 0 0.2 0.2 3.6 0 0 0 0 0 0 0 0 0 0.2 0.2 0 0 0 0 8.8 4 2.4000000000000004 0.2 1.8 0 3 1.8 11.200000000000001 5.2 0 4.4 3.6 3.6 4.4 2.6 3.6 2 0 0.4 0 0 0 0 0 0 0 0 0 0 0 0 0 0 0 0 0 0 0 0 0 0 0 0 0 0 0 0 0 0 0.4 1.4000000000000001 0 0 0 0 0 0.2 0 0 0 0 0 8 0 3.6 0 0 0 0.6000000000000001 0.4 0 0 0 0 0 0.4 0 0 0.4 0 0 0.8 0.4 0.2 12.600000000000001 3.6 1.8 2.4000000000000004 5 2.2 8.4 12.4 6 3.8000000000000003 0.6000000000000001 0 2 3.6 6.800000000000001 0 0 0 0 0 0 0 0 3 0 0 2 0 0 3.4000000000000004 0 0 0 1.4000000000000001 3.8000000000000003 0 0 0 0 0 0 0 0 0 0 0.4 0 0 0 0 0 0 0 0 0 0 0 1.6 0 0 0 5.6000000000000005 0 0 0 0.2 0 0 0 1.6 0.4 0.4 0 0 0 0.4 0 0 0 0 0 0.2 0 0 0 0 0 0 0 0.2 0 0 0.2 0 0 0 0 0 0 0 0.8 0 0 0 0 
 0 0 0 0 0.4 0.2 0.6000000000000001 0 0.2 0 0 7.2 0 0 0 0 0 0 0 0 23.6 24 26 7.800000000000001 30 12 36.800000000000004 0 22 5.800000000000001 78 50.2 21 55 9.200000000000001 21.400000000000002 28.200000000000003 5.4 65.60000000000001 10.600000000000001 0 0 0 0.8 0 0 0 13.600000000000001 0 0 0 0 0 40.6 1.4000000000000001 0 0 0 0 0 0 0 0.4 0 0 0 0.6000000000000001 0 0.6000000000000001 0 0 0 0.2 0.6000000000000001 0.8 0.6000000000000001 0 0.2 0 0 0 0 0 1.2000000000000002 1 1.8 0 0 0 0 1.2000000000000002 0 0 0 0 0 0 0 0 0 1.8 0 3.4000000000000004 0.4 4.4 4.6000000000000005 0.2 0 4 9.200000000000001 1.2000000000000002 0 10 0 0 1.6 6 0 0 0.4 0 0 0 0 0 0 4.6000000000000005 0 0 0.4 0 0 0 0 0 0 0 0 2.4000000000000004 6.800000000000001 0 4 0 0 3.6 0 2.2 0 0 0.2 0.2 0 0 0 0 0 0 0 0 0 0 0 0 0 0 0 0 0 0 0.4 0 0 0 0 0 0 0.4 0 0 0.4 3.2 1.6 7.4 1.2000000000000002 0 1.8 4.4 8 3.6 8 0.2 0 4.6000000000000005 2.6 7.2 0 5.4 0.2 0.6000000000000001 2.2 0 2.2 0 0 0 0.4 0.2 0 4.6000000000000005 0 0 0 5.800000000000001 2.4000000000000004 0 0 0 0 0 1.6 0 0 0 0 0 0 0 0 0 0 0.2 0 0 0 0 0 0 0.4 0 0 0 0 0 0 0 0 0 0 0 0 0 0 0 0 2.4000000000000004 0 0.2 0.2 0 0.4 0.4 4.4 0 0 0 0 0 0 0 0 0 0 0 0 0 1.8 0 0 0 0 0 0 0 0 0 0 0 0 0 0 
 40.400000000000006 0.6000000000000001 0.4 0 0 0.2 0.8 0 0 0 0.2 0 0 0.2 0 0 0 0.2 0 0.2 71.8 86 14 79.60000000000001 63.2 26.6 33.2 22 0 47 22.200000000000003 41.6 23.400000000000002 50.2 21 22.400000000000002 12 24.400000000000002 75 74.60000000000001 12.600000000000001 0 0 2 0 10.8 0 13.4 0 0 2.2 0 12.8 0 1 0 0 0 12.4 12.600000000000001 0 0.2 0.6000000000000001 0 0 0 0.4 0 0.8 0 0.4 0 0 0.6000000000000001 0 0.4 0 0 0 0 0 0 0 0 0 0 0 0 0 0.2 0 1 0 0 0 0 0 0 0 0 1.4000000000000001 5.2 0 2.6 4.6000000000000005 3.6 0 0.2 4.4 5.4 10.600000000000001 0 0.2 0 2 1.4000000000000001 9.8 3 1.6 0 0 0 0 0 0 0 0 0.2 0 0 0 0 0.8 0 0.2 1.4000000000000001 0 0 3.2 0 0.8 0 0 0 0 0 3.4000000000000004 0 0 1.4000000000000001 0 0 0 0 3.8000000000000003 0 0 0 0.4 0 0 0 0 0.6000000000000001 0 0 0 0 0 0 0 0 0 0 0 0 0 0 0 0 2.8000000000000003 4.4 6.2 3.8000000000000003 4.6000000000000005 9.4 0 1.6 0.2 1.6 5.2 4.4 3 5 1.4000000000000001 2 1.8 3.6 0 1.2000000000000002 0 0 0.2 0 0 0 1.8 0 13.600000000000001 0 0 0 6.2 0.8 0 0 0 0 4 12.600000000000001 0 0 0 0.2 0 0 0 0 0 0 0 0 0 0 0 0 0 0 0 0 0 0 0 0 0 0 0 0 0 0 0 0 0 0 1.2000000000000002 0 0.2 1.6 0 0 0.2 0 0 0 0 0 0 0 0 0 0 0 0 0 0 0 0.4 0 0 0 0 0 0 0 0 2 2.4000000000000004 0 0 0 
 0 0 0 0 0 0 0 0 0 0 0.2 0 0 0 0 0 0 0.6000000000000001 0 0 26.200000000000003 8 81.60000000000001 31.8 10.4 51.6 78.2 5.800000000000001 47 0 16.2 22.400000000000002 29 43.800000000000004 23.6 17.6 41.6 25.6 40.6 41.6 5.6000000000000005 0 0 0 0 0 0 0 0 0 0 0 45.2 0 0 0 0.2 0.2 6 6.6000000000000005 0 0.6000000000000001 0.6000000000000001 0 0 0 0.8 0 0.4 0 0.2 0 0 0.4 0 0.4 0 0.2 0 0.4 1.4000000000000001 0 0 0 1.8 1.8 0 0 0 0 0 0 0 0 0 0 0.2 0 0 0 2 5.800000000000001 0 3 0 0 0.2 1.8 2.8000000000000003 0 7.6000000000000005 1.4000000000000001 0 0 2 4.2 6 0.2 0 0 0 0 0 0.4 0.4 0 0 0.2 0 0 0 0 2.4000000000000004 0.2 0 0 0 0 1.6 0 1 0 0 0 0 0.4 0 0 0 0.4 0 0 0 0 0 0 0 0 2.4000000000000004 0 0 0 0.4 0.2 0 0 0 0 0 0 0 0.2 0 0 0 0 0 0 0 0 4.800000000000001 0 3.8000000000000003 1.6 1.8 2.8000000000000003 3.6 9.600000000000001 2.2 0.2 0 2.2 2 4.800000000000001 2.4000000000000004 1.4000000000000001 4.2 1.6 0 2.4000000000000004 0 1.4000000000000001 0 0 0 0 0 0 3 0 0 0 0 0 0.2 0 0 0 2.6 1.8 0 0 0 0 0 0 0 0 0 0 0 1.2000000000000002 0 0 0.2 0 0 0 2.4000000000000004 0 0 0 1.6 0 0 0 0 0 0 0 0 0 0 0 0.8 0 0 19 0 0 0 0.2 0 0 0 0 0 0 0 0 0 0 0 0 0 0 0 0.2 0 0 0 0 0 0.2 0 0 0 0 0 0 
 0.6000000000000001 1.2000000000000002 0.6000000000000001 0.6000000000000001 0.8 0.6000000000000001 0.6000000000000001 0.6000000000000001 0.6000000000000001 0.6000000000000001 0.8 1 0.6000000000000001 41 0.6000000000000001 1.2000000000000002 0.6000000000000001 1 0.6000000000000001 0.6000000000000001 22.200000000000003 21.6 29 44 33.4 33.800000000000004 52.2 78 22.200000000000003 16.2 0 90.80000000000001 49.400000000000006 6.6000000000000005 30.200000000000003 15.200000000000001 26 39.6 9.600000000000001 14.8 0.2 0 0 0 0 0.4 0 0 0 0 0 0 0 0 0 0 0 0 0.2 0 0 0.6000000000000001 0.6000000000000001 0 0 0 0.4 0 0.4 0 2.6 0 0 0.4 0 0.4 0 0.2 0 0 0 0 0 0 0 0.2 0 0 0 0 0 0 0 0 0 0 0 0 0 0 0 2.8000000000000003 4.800000000000001 6.800000000000001 5.2 4 0 0 0.2 7.800000000000001 2.8000000000000003 0.8 0 0 6.2 0.2 1.8 1.2000000000000002 0 0.2 0.4 0 0 0 0 0 2.6 0 0 0 0 0 8.200000000000001 0 0 0 0.4 2.4000000000000004 2.8000000000000003 2 0 0.6000000000000001 0 0 0 0.2 0 0 0 0 0 1.4000000000000001 0 1.8 2.4000000000000004 0 3.6 0 0 0 0 0 0 0 0 0 0 0 0 0 0 0 0 1.2000000000000002 0 0 0 0 0.4 0 4.6000000000000005 4.2 0.6000000000000001 11.4 5.2 0 0 2.2 3.2 1.6 1.6 7 0 1.6 3 3.8000000000000003 13.600000000000001 5.800000000000001 0.2 0 3.2 0 0 0 0 0 2.8000000000000003 2.6 3.2 0 0 0 2.6 0 0 0 2.6 0 2.6 0 0 0 0 0 0 0 0 0 0 0 0 0 0.4 0 0 0 0 0 0 0 0 0 0 0 0 0 0 0 0 0 0 0 0 0 1.8 0.2 0 1.2000000000000002 1.8 0.2 4 2.2 0 0 0 0 0 0 0 0 0 0 0 0 0 0 0 0 0 1.4000000000000001 0 0 0 0 0 0 0.8 0 0 0 
 0 0 0 0 0.6000000000000001 1 0.2 0.2 0 0 1.2000000000000002 0 0.4 0.2 3.6 0.4 0 15.4 0.2 0 18.2 4.800000000000001 9.600000000000001 90.80000000000001 97.2 29.400000000000002 7.6000000000000005 50.2 41.6 22.400000000000002 90.80000000000001 0 51.800000000000004 5.4 9.4 38 68.4 34.2 49.2 6 0 0 0 19 0 0.6000000000000001 0 0 0 33.4 0 0.4 0 0 1.2000000000000002 0 0 0.4 12.600000000000001 8 0 0.8 0.6000000000000001 0 0 0 0.4 0 0.4 0 1.2000000000000002 0 0 0.4 0 0.4 0 0.4 0 0 0 0 0 0 0 0 0 0 0 0 0 0 0 0 0 0 0 0 0 0 0 2.6 0 3.8000000000000003 4.6000000000000005 3 0.6000000000000001 0 0 0.2 6.2 0 0 0 0.2 3.2 0 1.8 0 0 0 2.8000000000000003 1.6 0 0 0 3.2 0.2 0 0 0 0 6.2 0 0 0 0 0 0.4 0 0 0 0.2 0 0 0 0.8 0 0 1.4000000000000001 0 0 0.2 0 0 0 0 0 0 1.6 0.6000000000000001 0.4 0.2 0 0 0.4 0 0 0 0 0 0 0 0.4 0 0.2 0 0 0 0 3.8000000000000003 2 7 5 2.2 2.4000000000000004 0 2.8000000000000003 2.8000000000000003 3.2 5.4 2 0 2.6 0 4.4 4 4.2 0 0 4.800000000000001 0 2.8000000000000003 0 0 0 4.800000000000001 0 3 0 0 0 4.2 4.2 0.4 0 0 0 11.600000000000001 4.2 0 0 0 0 0 0 0 0 0 0 0 0.4 0 0 0 0 0 0 0 0 0 0 0 0 0 0 0 0 0 0 0 0 0 0 3.2 0.4 0.6000000000000001 29.6 0 0.4 0.8 3.4000000000000004 0 0 0 0 0 0 0 0 0 0 0 0 0 0 0 0.4 0 2.6 0 1.6 0 0.4 0 0 3.4000000000000004 0 0 0 
